0.0313547740077	0	0	0	0	0	0.000540769071942	0.0201756024659	0.0133717443244	0	0.000393286597776	0.00160264288594	0	0	0.0188285958685	9.8321649444e-06	0	4.9160824722e-05	0.000481776082276	0.00152398556638	0	3.93286597776e-05	0	9.8321649444e-06	0	0	0	0	0.00410001278181	0.00660721484264	0.00874079463557	0	0.000167146804055	0.000127818144277	0.00193693649405	0	0	0	0	0	0	0	0	0	0.00015731463911	0	0	0	0	0	0	0	0	0	0	0	0	0	0	0	0	0	0	8.84894844996e-05	0	0	0	0	0	1.96643298888e-05	5.89929896664e-05	0	0.0050045719567	0.00123885278299	3.93286597776e-05	0.00015731463911	0	2.94964948332e-05	9.8321649444e-06	5.89929896664e-05	4.9160824722e-05	1.96643298888e-05	0	0
0	0.00739378803819	0	0	0	0	0	0	0	0.000108153814388	0	0	0	0	0	0	0.00127818144277	0	0	0	0	0	0.00393286597776	9.8321649444e-06	0.00377555133865	0.00089472700994	0	0.00361823669954	0	0	0	0	0	0	0	0	0.00110120247377	0	0	0	0	0	0	0	0.000176978968999	0	0	0	0	0	0	0.000275300618443	0	0	0	0	0	0.00073741237083	0	0.000550601236886	0.000235971958666	0	0.000363790102943	0	0	0	0	0	0	0	0	0	0	0	0	0	0	0	0	0	0	0	0	0
0	0	0.0275595583392	0	0	0	0	0	0	0	0	9.8321649444e-06	0	0	0	0	0	0.0104614235008	0	9.8321649444e-06	0	0	0	0.00708899092491	0	0	0.00410001278181	0.0110611855624	0	0	0	0	0	0	0	0	0	9.8321649444e-05	0	0	0	0	0	0	0	0	0	0	0	0	0	0	3.93286597776e-05	0	9.8321649444e-06	0	0	0.00089472700994	0.000167146804055	0	0	4.9160824722e-05	0.00269401319477	0	0	0	0	0	0	0	0.000924223504774	0	0.00105204164905	0.000442447422498	0	0	0	0	0	0.000265468453499	0.000481776082276	0	0	0
0	0	0	0	0	0	0	0	0	0	0	0	0	0	0	0	0	0	0	0	0	0	0	0	0	0	0	0	0	0	0	0	0	0	0	0	0	0	0	0	0	0	0	0	0	0	0	0	0	0	0	0	0	0	0	0	0	0	0	0	0	0	0	0	0	0	0	0	0	0	0	0	0	0	0	0	0	0	0	0	0	0	0	0
0	0	0	0	0.0155053241173	0.000108153814388	0.000314629278221	0	0.000206475463832	0.00390336948293	0.000707915875997	0	0.00610577443047	0	1.96643298888e-05	0.00107170597894	0	0	0	0	0.00749210968763	0	0	0	0.00238921608149	0	0	0	0.00706932659502	0	0	0	9.8321649444e-06	0	0	0	0	0	0	0.00565349484303	0	9.8321649444e-06	0	0	0.00292015298849	0.000442447422498	0	0.000294964948332	0	0	0	0	0	0	0	0.00451296370948	0	0	0	0.00414917360654	0	0	0	0.000137650309222	0	0	0	0	0	0	3.93286597776e-05	0	0	0	0.00292998515343	9.8321649444e-06	0	0	0	0	0	0	0	0
0	0	0	0	0.000108153814388	0.00333310391615	0.000816069690385	0	0.00108153814388	0.000422783092609	0	0	4.9160824722e-05	0	0	0.00165180371066	0	0	0	0	0	0	0	0	0.000452279587442	0	0	0	0.000147482474166	0	0	0	3.93286597776e-05	0	9.8321649444e-05	0	0	0	0	0	0	0	0	0	0	0	0	0	0	0	0	0	0	0	0	0	0	0	0	0	0	0	0	0	0	0	0	0	0	0	0.000167146804055	0	0	9.8321649444e-06	0.00112086680366	0.000727580205886	0	0	0	0	0	0	0	0
0.000540769071942	0	0	0	0.000314629278221	0.000816069690385	0.0328001022545	0.00545685154414	0.0223485109186	0.00073741237083	0.011670779789	0.0046506140187	0.00558466968842	2.94964948332e-05	0.000914391339829	0.00353957937998	0	0	0.00495541113198	0.00121918845311	0.000914391339829	0	0	0	0.000599762061608	0	0	0	0.00415900577148	0.000206475463832	0	0	0.00576164865742	0	0.0069316762858	0	0	0	0	9.8321649444e-06	0	0	0.000294964948332	0	0.000235971958666	9.8321649444e-06	4.9160824722e-05	9.8321649444e-06	0	0	0	0	0	0	0	9.8321649444e-06	0	0	0	0.000147482474166	0	0	0	0.000619426391497	2.94964948332e-05	0	0	0	0	6.88251546108e-05	0.00278250267926	9.8321649444e-06	0.00282183133904	0.00089472700994	0.00507339711131	0.00187794350438	4.9160824722e-05	9.8321649444e-06	0	6.88251546108e-05	0	0	0	0
0.0201756024659	0	0	0	0	0	0.00545685154414	0.0709882308986	0.0214636160736	0.000550601236886	0.00880961979018	0.00218274061766	0	0	0.0138535204067	0.000481776082276	0	0.000314629278221	0.000668587216219	0.0020155938136	0	0.00598778845114	0	0.00667603999725	0.00015731463911	0	0.000127818144277	0.000147482474166	0.0243444404023	0.00495541113198	0.0101271298927	0	0.000363790102943	0.000186811133944	0.00347075422537	0	0	0	0	0.00215324412282	0	0	0.000727580205886	0	0.00278250267926	0.000344125773054	0	8.84894844996e-05	0	0	0	0	0	0	0	0.000747244535774	0	0	0	0.00340192907076	0	0	0	0.00297914597815	0	0	0	0	0	1.96643298888e-05	0.000560433401831	0	0.0122213810259	0.00453262803937	0.00024580412361	0.000658755051275	0	2.94964948332e-05	9.8321649444e-06	5.89929896664e-05	4.9160824722e-05	1.96643298888e-05	0	0
0.0133717443244	0	0	0	0.000206475463832	0.00108153814388	0.0223485109186	0.0214636160736	0.0606939542018	0.00073741237083	0.0166065265911	0.0104712556658	0.00271367752465	5.89929896664e-05	0.0175897430855	0.00235971958666	0	1.96643298888e-05	0.00760026350202	0.00195660082394	0.000127818144277	0	0	9.8321649444e-06	0.000786573195552	0	0.00015731463911	0	0.00707915875997	0.00339209690582	0.00114053113355	0	0.00850482267691	3.93286597776e-05	0.0127719822628	0	0	0	0	0	0	0	0.000206475463832	0	0.000275300618443	0	1.96643298888e-05	0	0	0	0	0	0	0	0	0	0	0	0	8.84894844996e-05	0	0	0	0.000471943917331	9.8321649444e-06	0	0	0	0	3.93286597776e-05	0.00218274061766	1.96643298888e-05	0.00635157855408	0.00207458680327	0.00400169113237	0.00190743999921	6.88251546108e-05	3.93286597776e-05	9.8321649444e-06	7.86573195552e-05	4.9160824722e-05	1.96643298888e-05	0	0
0	0.000108153814388	0	0	0.00390336948293	0.000422783092609	0.00073741237083	0.000550601236886	0.00073741237083	0.0260552371027	3.93286597776e-05	0	0.00234988742171	0	9.8321649444e-06	0.00336260041098	0	0	0	0	0.000658755051275	0	0.00662687917252	0	0.0149842193753	0	0	0	0.0125950032938	0	0	0	7.86573195552e-05	0	0	0	0	0	0	0.00831801154296	0	0	0	0	0.0132340940152	9.8321649444e-06	0	0	0	0	0	0	0	0	0	0.00439497773015	0	9.8321649444e-06	0	0.0148072404063	0	0	0	0.00661704700758	0	0	0	0	0	0	0	0	0	0	0.00288082432871	9.8321649444e-06	0	0	0	0	0	2.94964948332e-05	0	0
0.000393286597776	0	0	0	0.000707915875997	0	0.011670779789	0.00880961979018	0.0166065265911	3.93286597776e-05	0.043851455652	0.0112971575211	0.00171079670033	0	0.00258585938038	0.000265468453499	0	0	0.00907508824368	0.00371655834898	0.00569282350281	0	0	0	1.96643298888e-05	0	0	0	0.00816069690385	0	0	0	0.00154364989627	0	0.0107170597894	0	0	0	0	0.00191727216416	0	0	0.000108153814388	0	8.84894844996e-05	0.00267434886488	2.94964948332e-05	4.9160824722e-05	0	0	0	0	0	0	0	0.00486692164748	0	0	0	0.0022810622671	0	9.8321649444e-06	0	0.000255636288554	1.96643298888e-05	0	0	0	0	2.94964948332e-05	0.000540769071942	0	0.00521104742053	0.00114053113355	0.00137650309222	0	0	9.8321649444e-06	0	2.94964948332e-05	0	0	0	0
0.00160264288594	0	9.8321649444e-06	0	0	0	0.0046506140187	0.00218274061766	0.0104712556658	0	0.0112971575211	0.0548044874001	0.00221223711249	0.00995998308868	0.00492591463714	6.88251546108e-05	0	1.96643298888e-05	0.0186909455593	0.0124180243248	0.00246787340104	1.96643298888e-05	0	6.88251546108e-05	0	0.00539785855448	0.00250720206082	1.96643298888e-05	0.00238921608149	0.00121918845311	0.000127818144277	0.00239904824643	0.00177962185494	0	0.0256619505049	0	0	0	0	0.000117985979333	0	0	9.8321649444e-06	0	1.96643298888e-05	0.000235971958666	0.00110120247377	0.000117985979333	0.00795422144002	0	0	0	0	0	0	0.000373622267887	0	0	0	0.00024580412361	0.00171079670033	0.00333310391615	2.94964948332e-05	0.000127818144277	9.8321649444e-06	0	0.000609594226553	0	0	1.96643298888e-05	0.00449329937959	0.0049160824722	0.0152496878288	0.000973384329496	0.00145516041177	2.94964948332e-05	0.000786573195552	0	0.00323478226671	1.96643298888e-05	0	0	0	0.000314629278221
0	0	0	0	0.00610577443047	4.9160824722e-05	0.00558466968842	0	0.00271367752465	0.00234988742171	0.00171079670033	0.00221223711249	0.0222206927743	0	9.8321649444e-05	0.00294964948332	0	0	0.00308729979254	0.00198609731877	0.0103237731916	0	0	0	0.00162230721583	0	0	0	0.00356907587482	0	0	0	0.000619426391497	0	0.00331343958626	0	0	0	0	0.00278250267926	0	0.00107170597894	0	1.96643298888e-05	0.00209425113316	0	0.00058009773172	0.00235971958666	0	0.000432615257554	0	0	0	0.000137650309222	0.00100288082433	0.0044736350497	0	0	0	0.00278250267926	0	0	0	0	0.00110120247377	0	0	0	0	0.00109137030883	0.00015731463911	0	0.00124868494794	3.93286597776e-05	0.00661704700758	0	0	1.96643298888e-05	0	0.000688251546108	0	2.94964948332e-05	0	0
0	0	0	0	0	0	2.94964948332e-05	0	5.89929896664e-05	0	0	0.00995998308868	0	0.0197036585486	0	0	0	0	0	0	0	0	0	0	0	0.00931106020235	0.00314629278221	0.00102254515422	0	3.93286597776e-05	0	0.00457195669915	4.9160824722e-05	0	0.00167146804055	0	0.000167146804055	0	0	0	0	0	0	0	9.8321649444e-06	0	0.000963552164551	0	0.00773791381124	0	0	0	0	0	1.96643298888e-05	0	0	9.8321649444e-06	0	9.8321649444e-06	0.00492591463714	0.00557483752347	0.00389353731798	0	0	0	0.00121918845311	0	0	0	9.8321649444e-05	0.00218274061766	0.000747244535774	8.84894844996e-05	0	9.8321649444e-06	0.00089472700994	0	0.00251703422577	0	0	0	0	0.00033429360811
0.0188285958685	0	0	0	1.96643298888e-05	0	0.000914391339829	0.0138535204067	0.0175897430855	9.8321649444e-06	0.00258585938038	0.00492591463714	9.8321649444e-05	0	0.034845192563	0.000108153814388	0	4.9160824722e-05	0.00185827917449	0.000963552164551	3.93286597776e-05	1.96643298888e-05	0	9.8321649444e-06	9.8321649444e-06	0	5.89929896664e-05	0	0.0027235096896	0.00550601236886	0.00539785855448	0	0.00113069896861	4.9160824722e-05	0.00536836205964	0	0	0	0	0	0	0	0	0	0.000137650309222	0	0	0	0	0	0	0	0	0	0	0	0	0	0	0	0	0	0	7.86573195552e-05	0	0	0	0	0	1.96643298888e-05	7.86573195552e-05	0	0.00405085195709	0.000993048659384	8.84894844996e-05	0.000147482474166	0	2.94964948332e-05	9.8321649444e-06	5.89929896664e-05	4.9160824722e-05	9.8321649444e-06	0	0
9.8321649444e-06	0	0	0	0.00107170597894	0.00165180371066	0.00353957937998	0.000481776082276	0.00235971958666	0.00336260041098	0.000265468453499	6.88251546108e-05	0.00294964948332	0	0.000108153814388	0.0125458424691	0.000196643298888	0	0.000127818144277	0	0.000757076700719	0.000373622267887	7.86573195552e-05	0.000314629278221	0.00280216700915	0	0	0	0.0016616358756	9.8321649444e-06	0	0	0.000383454432832	0	0.000176978968999	0	0	0	0	0	0	0	0.00033429360811	0	0.000285132783388	0	0.000147482474166	0	0	0	0	0	0	0	0	0	0	0	1.96643298888e-05	0.000147482474166	0	3.93286597776e-05	0	0.000707915875997	1.96643298888e-05	0	0	0	0	0.000167146804055	0.00126834927783	0	0.000255636288554	1.96643298888e-05	0.00476859999803	8.84894844996e-05	0	0.000108153814388	0	0.000167146804055	0	0	0	0
0	0.00127818144277	0	0	0	0	0	0	0	0	0	0	0	0	0	0.000196643298888	0.0199003018475	0	0	0	0	0.00282183133904	0.0114643043252	0.00458178886409	0.00770841731641	8.84894844996e-05	2.94964948332e-05	0.00361823669954	0.00242854474127	0	0	0	0	0	0	0	0.00089472700994	0	0	0	0	0	0.000255636288554	0	0	0	0	0	0	0	0	0.00656788618286	0	0	0	0	0.00375588700876	0.0103434375215	0.00152398556638	0.000196643298888	0	0	0.0019271043291	0.00204509030844	0	0	0	0	0	0	0.0013961674221	0.000186811133944	0	0	0	0	0	0.000540769071942	0	0	0	0	0	0
4.9160824722e-05	0	0.0104614235008	0	0	0	0	0.000314629278221	1.96643298888e-05	0	0	1.96643298888e-05	0	0	4.9160824722e-05	0	0	0.0223878395784	0	0.00402135546226	0	9.8321649444e-05	0	0.00329377525637	0	0	0.00362806886448	0.00466044618365	0	0	0.000806237525441	0	0	0	0.00439497773015	0	0	0	0	0	0	0	0	0	0	0	0	0	0	0	0	0	9.8321649444e-06	0	0	0	0	0	0	0	0	3.93286597776e-05	2.94964948332e-05	0	0	0	0	0	0	0	4.9160824722e-05	0	0.00271367752465	6.88251546108e-05	1.96643298888e-05	0	0	9.8321649444e-06	0	3.93286597776e-05	0	0	0	0
0.000481776082276	0	0	0	0	0	0.00495541113198	0.000668587216219	0.00760026350202	0	0.00907508824368	0.0186909455593	0.00308729979254	0	0.00185827917449	0.000127818144277	0	0	0.0306173616369	0.00606644577069	0.00204509030844	0	0	1.96643298888e-05	0	0	0.00667603999725	0.000462111752387	0.00125851711288	0	0	0.000619426391497	0.000393286597776	0	0.0170096453538	0	0	0	0	9.8321649444e-06	0	0	0	0	5.89929896664e-05	0	9.8321649444e-06	1.96643298888e-05	0	0	0	0	0	0.000137650309222	0.000265468453499	1.96643298888e-05	0	0	0	9.8321649444e-06	0	0.000235971958666	0	7.86573195552e-05	0	0	0	0	0	9.8321649444e-06	0.00514222226592	0.00262518804015	0.00686285113119	0.000304797113276	0.00150432123649	0	0	0.000127818144277	0.000108153814388	9.8321649444e-06	0	0	0	0
0.00152398556638	0	9.8321649444e-06	0	0	0	0.00121918845311	0.0020155938136	0.00195660082394	0	0.00371655834898	0.0124180243248	0.00198609731877	0	0.000963552164551	0	0	0.00402135546226	0.00606644577069	0.0278053624628	0.00300864247299	0.000216307628777	0	0.000786573195552	0	0	0.00549618020392	0.00226139793721	0.00146499257672	2.94964948332e-05	0.00110120247377	0	0.000108153814388	0	0.0134798981388	0	0	0	0	0.000108153814388	0	0	8.84894844996e-05	0	2.94964948332e-05	0.00024580412361	1.96643298888e-05	0.000108153814388	0	0	0	0	0	0	8.84894844996e-05	0.000373622267887	0	0	0	0.000275300618443	0	0.000127818144277	0	0.000196643298888	9.8321649444e-06	0	0	0	0	1.96643298888e-05	0.00208441896821	8.84894844996e-05	0.0160067645295	0.000865230515107	0.00137650309222	0	0	0	0	1.96643298888e-05	0	0	0	0
0	0	0	0	0.00749210968763	0	0.000914391339829	0	0.000127818144277	0.000658755051275	0.00569282350281	0.00246787340104	0.0103237731916	0	3.93286597776e-05	0.000757076700719	0	0	0.00204509030844	0.00300864247299	0.018219001642	0	0	0	0.00109137030883	0	0	0	0.00424749525598	0	0	0	2.94964948332e-05	0	0.00218274061766	0	0	0	0	0.00154364989627	0	0.000117985979333	0	0	0.00116019546344	0.000226139793721	0	0.000167146804055	0	0	0	0	0	0	0	0.00184844700955	0	0	0	0.00149448907155	0	0	0	0	0	0	0	0	0	0	3.93286597776e-05	0	0.00244820907116	0	0.00425732742092	0	0	0	0	0	0	0	0	0
3.93286597776e-05	0	0	0	0	0	0	0.00598778845114	0	0	0	1.96643298888e-05	0	0	1.96643298888e-05	0.000373622267887	0.00282183133904	9.8321649444e-05	0	0.000216307628777	0	0.0428780713225	0.0038542086582	0.0284542853491	0.00131751010255	0	9.8321649444e-05	0.000353957937998	0.0106777311296	0.000235971958666	0.0104122626761	0	0	1.96643298888e-05	0.00266451669993	0	0	0	0	0	0	0	0.000147482474166	0	0	0	0	0	0	0	0	0.00384437649326	0	0	9.8321649444e-06	0	0.000776741030608	0.00552567669875	0.00292015298849	9.8321649444e-06	0	1.96643298888e-05	0	0.000117985979333	0	0	0	0	0	0	0.00430648824565	0.000816069690385	0.00300864247299	0	0.00064892288633	0	0	0.000432615257554	3.93286597776e-05	0	0	0	0	0
0	0.00393286597776	0	0	0	0	0	0	0	0.00662687917252	0	0	0	0	0	7.86573195552e-05	0.0114643043252	0	0	0	0	0.0038542086582	0.0391713451385	0.00614510309025	0.0241183006086	0.000471943917331	0	0.00512255793603	0.0080820395843	0	0	0	0	0	0	0	0.000432615257554	0	0	0	0	0	9.8321649444e-06	0	0.00714798391458	0	0	0	0	0	0	0.00749210968763	0	0	0	0	0.00521104742053	0.0191432251467	0.00237938391654	0.00638107504892	1.96643298888e-05	0	0.00204509030844	0.00946837484146	0	0	0	0	0	4.9160824722e-05	9.8321649444e-06	0	0	0	3.93286597776e-05	0	0	9.8321649444e-05	0	0.000117985979333	7.86573195552e-05	0	0	0
9.8321649444e-06	9.8321649444e-06	0.00708899092491	0	0	0	0	0.00667603999725	9.8321649444e-06	0	0	6.88251546108e-05	0	0	9.8321649444e-06	0.000314629278221	0.00458178886409	0.00329377525637	1.96643298888e-05	0.000786573195552	0	0.0284542853491	0.00614510309025	0.0706932659502	0.000776741030608	0	9.8321649444e-05	0.00890794143963	0.00712831958469	0	0.00264485237004	0	0	0	0.0029889781431	0	9.8321649444e-06	0	0	0	0	0	5.89929896664e-05	0	9.8321649444e-06	0	0	0	0	0	0	0.0131652688606	1.96643298888e-05	0	3.93286597776e-05	0	0.00064892288633	0.0167540090653	0.00419833443126	9.8321649444e-06	0	8.84894844996e-05	0.0063122498943	7.86573195552e-05	0	0	0	0	0	0	0.0102156193772	0.000816069690385	0.00419833443126	6.88251546108e-05	0.000363790102943	0	0	0.000265468453499	6.88251546108e-05	0.000108153814388	0.000206475463832	0	0	0
0	0.00377555133865	0	0	0.00238921608149	0.000452279587442	0.000599762061608	0.00015731463911	0.000786573195552	0.0149842193753	1.96643298888e-05	0	0.00162230721583	0	9.8321649444e-06	0.00280216700915	0.00770841731641	0	0	0	0.00109137030883	0.00131751010255	0.0241183006086	0.000776741030608	0.0503406845153	0.000796405360496	0	0.00144532824683	0.0170588061785	0	0	0	3.93286597776e-05	0	0	0	2.94964948332e-05	0	0	0.00151415340144	0	0	0.000452279587442	0	0.0186024560748	0	0	2.94964948332e-05	0	0	0	0.000904559174885	0	0	0	0.000639090721386	0.00511272577109	0.0109333674182	0.000816069690385	0.0143942894786	2.94964948332e-05	0	9.8321649444e-06	0.0209523434965	0	0	0	0	0	0	0.000176978968999	9.8321649444e-05	0	0	0.00287099216376	9.8321649444e-06	0	0.000501440412164	0	0	0	2.94964948332e-05	0	0
0	0.00089472700994	0	0	0	0	0	0	0	0	0	0.00539785855448	0	0.00931106020235	0	0	8.84894844996e-05	0	0	0	0	0	0.000471943917331	0	0.000796405360496	0.0115724581396	8.84894844996e-05	0.00100288082433	0	2.94964948332e-05	0	0.000609594226553	0	0	0.000943887834662	0	0.000137650309222	0	0	0	0	0	0	0	9.8321649444e-06	0	0.000658755051275	0	0.00647939669836	0	0	0	0	0	0	0	0	9.8321649444e-06	0	9.8321649444e-06	0.00398202680248	0.00289065649365	0.00129784577266	0	0	0	0.000973384329496	0	0	0	0	0.000540769071942	3.93286597776e-05	0	0	0	0.000235971958666	0	0.00158297855605	0	0	0	0	0.000255636288554
0	0	0.00410001278181	0	0	0	0	0.000127818144277	0.00015731463911	0	0	0.00250720206082	0	0.00314629278221	5.89929896664e-05	0	2.94964948332e-05	0.00362806886448	0.00667603999725	0.00549618020392	0	9.8321649444e-05	0	9.8321649444e-05	0	8.84894844996e-05	0.0564956197705	0.0205492247338	4.9160824722e-05	0	0	0.00795422144002	0.000147482474166	0	0.00100288082433	0	0.00457195669915	0	0	0	0	0	0	0	9.8321649444e-06	0	0	0	0.000108153814388	0	0	0	0.000275300618443	0.000216307628777	0.00220240494755	0	0	0	0	0	0.00468011051353	0.0079935500998	0.0076395921618	9.8321649444e-06	0	0	7.86573195552e-05	0	0	0	0.00408034845193	0.00255636288554	0.00132734226749	0.000147482474166	0	0	0	5.89929896664e-05	5.89929896664e-05	0	0	0	0	0
0	0.00361823669954	0.0110611855624	0	0	0	0	0.000147482474166	0	0	0	1.96643298888e-05	0	0.00102254515422	0	0	0.00361823669954	0.00466044618365	0.000462111752387	0.00226139793721	0	0.000353957937998	0.00512255793603	0.00890794143963	0.00144532824683	0.00100288082433	0.0205492247338	0.107475395007	9.8321649444e-05	0	0	7.86573195552e-05	0	0	0.00098321649444	0	0.0376473595721	0.000167146804055	0	0	0	0	0	0	0	0	0	0	9.8321649444e-06	0	0	0.00424749525598	0.000757076700719	3.93286597776e-05	0.00301847463793	0	0	0.016616358756	0.000304797113276	2.94964948332e-05	0.00521104742053	0.00508322927625	0.0633781352316	1.96643298888e-05	0	0	0	0	0	0	0.00621392824486	0.000511272577109	0.00351008288515	0.00109137030883	5.89929896664e-05	0	0	0.000432615257554	9.8321649444e-05	0.00064892288633	0.001061873814	0	0	0
0.00410001278181	0	0	0	0.00706932659502	0.000147482474166	0.00415900577148	0.0243444404023	0.00707915875997	0.0125950032938	0.00816069690385	0.00238921608149	0.00356907587482	0	0.0027235096896	0.0016616358756	0.00242854474127	0	0.00125851711288	0.00146499257672	0.00424749525598	0.0106777311296	0.0080820395843	0.00712831958469	0.0170588061785	0	4.9160824722e-05	9.8321649444e-05	0.0975842370732	0.00117002762838	0.0104515913359	0	0.00040311876272	0.00082590185533	0.00287099216376	0	0	0	0	0.0147777439114	0	9.8321649444e-06	0.00145516041177	0	0.0238036713304	0.00237938391654	0	0.000127818144277	0	0	0	0.00033429360811	0	0	0	0.00970434680012	0.00261535587521	0.00695134061569	0.000412950927665	0.0249736989588	0	0	0	0.0227024688566	0	0	0	0	0	0.000127818144277	0.00202542597855	0.000265468453499	0.00678419381164	0.0026350202051	0.00288082432871	0.000285132783388	0	0.000875062680052	0	0.00024580412361	0.000108153814388	9.8321649444e-06	0	0
0.00660721484264	0	0	0	0	0	0.000206475463832	0.00495541113198	0.00339209690582	0	0	0.00121918845311	0	3.93286597776e-05	0.00550601236886	9.8321649444e-06	0	0	0	2.94964948332e-05	0	0.000235971958666	0	0	0	2.94964948332e-05	0	0	0.00117002762838	0.0187302742191	0.00516188659581	0	0.000304797113276	0.000845566185218	0.00466044618365	0	0	0	0	0	0	0	0	0	9.8321649444e-06	0	9.8321649444e-06	0	2.94964948332e-05	0	0	0	0	0	0	0	0	0	0	0	2.94964948332e-05	0	0	9.8321649444e-06	0	0	0	0	0	0	9.8321649444e-06	0	0.00208441896821	0.000393286597776	0	1.96643298888e-05	0	0	2.94964948332e-05	0	0	0	0	1.96643298888e-05
0.00874079463557	0	0	0	0	0	0	0.0101271298927	0.00114053113355	0	0	0.000127818144277	0	0	0.00539785855448	0	0	0.000806237525441	0	0.00110120247377	0	0.0104122626761	0	0.00264485237004	0	0	0	0	0.0104515913359	0.00516188659581	0.0386699047263	0	0	2.94964948332e-05	0.00512255793603	0	0	0	0	0	0	0	0	0	0	0	0	0	0	0	0	0	0	0	0	0	0	0	0	0	0	0	0	0	0	0	0	0	0	0	0	0	0.00425732742092	0	0	9.8321649444e-06	0	0	0	0	0	0	0	0
0	0	0	0	0	0	0	0	0	0	0	0.00239904824643	0	0.00457195669915	0	0	0	0	0.000619426391497	0	0	0	0	0	0	0.000609594226553	0.00795422144002	7.86573195552e-05	0	0	0	0.0120935628816	0	0	0	0	0	0	0	0	0	0	0	0	0	0	0	0	0.00137650309222	0	0	0	0	0	3.93286597776e-05	0	0	0	0	0	0.00119952412322	0.00610577443047	0.00304797113276	0	0	0	0.000147482474166	0	0	0	0.000117985979333	0.000757076700719	0	0	0	0	0	0	0.000363790102943	0	0	0	0	0
0.000167146804055	0	0	0	9.8321649444e-06	3.93286597776e-05	0.00576164865742	0.000363790102943	0.00850482267691	7.86573195552e-05	0.00154364989627	0.00177962185494	0.000619426391497	4.9160824722e-05	0.00113069896861	0.000383454432832	0	0	0.000393286597776	0.000108153814388	2.94964948332e-05	0	0	0	3.93286597776e-05	0	0.000147482474166	0	0.00040311876272	0.000304797113276	0	0	0.00953719999607	0	0.00246787340104	0	0	0	0	0	0	0	0	0	0	0	0	0	0	0	0	0	0	0	0	0	0	0	0	0	0	0	0	9.8321649444e-06	0	0	0	0	0	0	0.00163213938077	1.96643298888e-05	0.000973384329496	0.000658755051275	0.00195660082394	0.00181895051471	6.88251546108e-05	0	0	0	0	0	0	0
0.000127818144277	0	0	0	0	0	0	0.000186811133944	3.93286597776e-05	0	0	0	0	0	4.9160824722e-05	0	0	0	0	0	0	1.96643298888e-05	0	0	0	0	0	0	0.00082590185533	0.000845566185218	2.94964948332e-05	0	0	0.00143549608188	0.000884894844996	0	0	0	0	0	0	0	0	0	0	0	0	0	0	0	0	0	0	0	0	0	0	0	0	0	0	0	0	0	0	0	0	0	0	0	0	0	0.000589929896664	0	0	0	0	0	0	0	0	0	0	0
0.00193693649405	0	0	0	0	9.8321649444e-05	0.0069316762858	0.00347075422537	0.0127719822628	0	0.0107170597894	0.0256619505049	0.00331343958626	0.00167146804055	0.00536836205964	0.000176978968999	0	0.00439497773015	0.0170096453538	0.0134798981388	0.00218274061766	0.00266451669993	0	0.0029889781431	0	0.000943887834662	0.00100288082433	0.00098321649444	0.00287099216376	0.00466044618365	0.00512255793603	0	0.00246787340104	0.000884894844996	0.0514910478138	0	1.96643298888e-05	0	0	5.89929896664e-05	0	0	0.000137650309222	0	5.89929896664e-05	2.94964948332e-05	0.000442447422498	3.93286597776e-05	0.00049160824722	0	0	0	1.96643298888e-05	0	0	5.89929896664e-05	0	0	0	0.000137650309222	0.000589929896664	0.000176978968999	0	0.00024580412361	0	0	0	0	0	3.93286597776e-05	0.000599762061608	0.000117985979333	0.0198314766929	0.00193693649405	0.0021040832981	0.000314629278221	0.000806237525441	9.8321649444e-05	0.000530936906998	3.93286597776e-05	0	9.8321649444e-06	0	0.000196643298888
0	0	0	0	0	0	0	0	0	0	0	0	0	0	0	0	0	0	0	0	0	0	0	0	0	0	0	0	0	0	0	0	0	0	0	0.0351106610164	0	0	0	0.000422783092609	0	0.0016616358756	0.0140599958705	0.000776741030608	0	0.00310696412243	0.000127818144277	0.000511272577109	0	0.0170489740136	9.8321649444e-06	0	0.00314629278221	9.8321649444e-06	0.00161247505088	0.000147482474166	0.00321511793682	0	0.00341176123571	0.000383454432832	0	0.000530936906998	0.000108153814388	0.00269401319477	0.0143942894786	0.0112676610263	0	0	0.000540769071942	0.00320528577187	0	0	0	0	0	0	0	9.8321649444e-06	0	0.00204509030844	0.000117985979333	0.000108153814388	0	0
0	0.00110120247377	0	0	0	0	0	0	0	0	0	0	0	0.000167146804055	0	0	0.00089472700994	0	0	0	0	0	0.000432615257554	9.8321649444e-06	2.94964948332e-05	0.000137650309222	0.00457195669915	0.0376473595721	0	0	0	0	0	0	1.96643298888e-05	0	0.0483349228667	0	0	0	0	0	0	0	0.00289065649365	0	0	0	0.000294964948332	0	0	0.00288082432871	4.9160824722e-05	0	0.000235971958666	0	0.000285132783388	0.0117985979333	0.00015731463911	0.00574198432753	0.00686285113119	0.000993048659384	0.0415114003953	0.000206475463832	0	0	2.94964948332e-05	0	0	0	1.96643298888e-05	0	1.96643298888e-05	0	0	0	0	0	0	0	0	0	0	0
0	0	9.8321649444e-05	0	0	0	0	0	0	0	0	0	0	0	0	0	0	0	0	0	0	0	0	0	0	0	0	0.000167146804055	0	0	0	0	0	0	0	0	0	0.0316890676158	0	0	0	0	0	0	0	0	0	0	0	0	0	0	0.0073741237083	0	1.96643298888e-05	0	3.93286597776e-05	0.00015731463911	0.0113954791706	0	0	0.010077969068	0.0143549608188	0	0	0	0	0	0	9.8321649444e-06	0	0	0	0	0	0	0	0	0	5.89929896664e-05	9.8321649444e-06	0	0	0
0	0	0	0	0	0	0	0	0	0	0	0	0	0	0	0	0	0	0	0	0	0	0	0	0	0	0	0	0	0	0	0	0	0	0	0	0	0	0	0	0	0	0	0	0	0	0	0	0	0	0	0	0	0	0	0	0	0	0	0	0	0	0	0	0	0	0	0	0	0	0	0	0	0	0	0	0	0	0	0	0	0	0	0
0	0	0	0	0.00565349484303	0	9.8321649444e-06	0.00215324412282	0	0.00831801154296	0.00191727216416	0.000117985979333	0.00278250267926	0	0	0	0	0	9.8321649444e-06	0.000108153814388	0.00154364989627	0	0	0	0.00151415340144	0	0	0	0.0147777439114	0	0	0	0	0	5.89929896664e-05	0.000422783092609	0	0	0	0.0303125645236	9.8321649444e-06	0.000865230515107	9.8321649444e-06	0.000786573195552	0.00865230515107	0.00521104742053	0.00024580412361	0.00340192907076	9.8321649444e-06	0.000914391339829	0.000412950927665	0	0	0.000314629278221	0.00040311876272	0.0195463439095	0	0	0	0.0181895051471	0	0.000127818144277	0	0.00606644577069	0.000471943917331	0	0	1.96643298888e-05	0	0.00104220948411	0	0	0.000117985979333	0	0.00191727216416	0	0	0.000481776082276	0.000147482474166	0.0017501253601	0.000629258556442	0.000530936906998	0	0
0	0	0	0	0	0	0	0	0	0	0	0	0	0	0	0	0	0	0	0	0	0	0	0	0	0	0	0	0	0	0	0	0	0	0	0	0	0	0	9.8321649444e-06	0.00296931381321	0.000363790102943	0	0.000127818144277	0.000560433401831	0	0	0	0	0	0.00176978968999	0	0	0	0	0	0	0	0	0.000530936906998	0	0	0	0.000235971958666	0	0	0	0.000717748040941	0	0.000353957937998	0	0	0	0	0	0	0	0.000108153814388	0	0.000117985979333	9.8321649444e-06	0.00138633525716	0.000294964948332	0
0	0	0	0	9.8321649444e-06	0	0	0	0	0	0	0	0.00107170597894	0	0	0	0	0	0	0	0.000117985979333	0	0	0	0	0	0	0	9.8321649444e-06	0	0	0	0	0	0	0.0016616358756	0	0	0	0.000865230515107	0.000363790102943	0.0263698663809	0.00112086680366	0.010608905975	2.94964948332e-05	0.00978300411968	0.0015731463911	0.0085933121614	6.88251546108e-05	0.00705949443008	0.00612543876036	0	0	0.000363790102943	0.00237938391654	0.00267434886488	0	0	0	9.8321649444e-06	0	0.000176978968999	0	0.00116019546344	0.00498490762681	0	0	0.00082590185533	0	0.00306763546265	0	0	0	0	0.000108153814388	0	0	9.8321649444e-05	0	0.00191727216416	0	0.000471943917331	9.8321649444e-06	0
0	0	0	0	0	0	0.000294964948332	0.000727580205886	0.000206475463832	0	0.000108153814388	9.8321649444e-06	0	0	0	0.00033429360811	0.000255636288554	0	0	8.84894844996e-05	0	0.000147482474166	9.8321649444e-06	5.89929896664e-05	0.000452279587442	0	0	0	0.00145516041177	0	0	0	0	0	0.000137650309222	0.0140599958705	0	0	0	9.8321649444e-06	0	0.00112086680366	0.0762484391438	0.00697100494558	0.00033429360811	0.00714798391458	0.000186811133944	0	9.8321649444e-05	0.0110316890676	0.000108153814388	0	0.000727580205886	0.000226139793721	0.00120935628816	0	0.00706932659502	0.000216307628777	0.00792472494519	0.00109137030883	0	0.000639090721386	5.89929896664e-05	0.0431140432812	0.0103729340163	0.0237151818459	0	0	0.00340192907076	0.010087801233	2.94964948332e-05	9.8321649444e-06	0.000147482474166	5.89929896664e-05	0.00015731463911	0	0	0.00215324412282	0.000127818144277	0.00656788618286	0.00169113237044	6.88251546108e-05	0	0
0	0	0	0	0	0	0	0	0	0	0	0	1.96643298888e-05	0	0	0	0	0	0	0	0	0	0	0	0	0	0	0	0	0	0	0	0	0	0	0.000776741030608	0	0	0	0.000786573195552	0.000127818144277	0.010608905975	0.00697100494558	0.0284837818439	0	0.00987149360418	0	0.00265468453499	0	0.0112283323665	0.00497507546187	0	0.000167146804055	0	0.000196643298888	0.000471943917331	0.000766908865663	0	0.00167146804055	0.000973384329496	0	0.000196643298888	0	0.00578131298731	0.000904559174885	0.000806237525441	0	0.000688251546108	0	0.000442447422498	0	0	0	0	0	0	0	0.000373622267887	0	0.000344125773054	9.8321649444e-06	6.88251546108e-05	1.96643298888e-05	0
0.00015731463911	0.000176978968999	0	0	0.00292015298849	0	0.000235971958666	0.00278250267926	0.000275300618443	0.0132340940152	8.84894844996e-05	1.96643298888e-05	0.00209425113316	9.8321649444e-06	0.000137650309222	0.000285132783388	0	0	5.89929896664e-05	2.94964948332e-05	0.00116019546344	0	0.00714798391458	9.8321649444e-06	0.0186024560748	9.8321649444e-06	9.8321649444e-06	0	0.0238036713304	9.8321649444e-06	0	0	0	0	5.89929896664e-05	0	0.00289065649365	0	0	0.00865230515107	0.000560433401831	2.94964948332e-05	0.00033429360811	0	0.0496622651342	1.96643298888e-05	0	0.000963552164551	9.8321649444e-05	0	0.00277267051432	0	0	0	0	0.00317578927704	0	0.00984199710934	0	0.0380406461699	0.00168130020549	9.8321649444e-06	0.000501440412164	0.0257209434945	0	0	9.8321649444e-06	0	0	0.000147482474166	0.000235971958666	4.9160824722e-05	0.000275300618443	0.000235971958666	0.00199592948371	4.9160824722e-05	0	0.000314629278221	9.8321649444e-06	0.000304797113276	0.00015731463911	0.00174029319516	0	0
0	0	0	0	0.000442447422498	0	9.8321649444e-06	0.000344125773054	0	9.8321649444e-06	0.00267434886488	0.000235971958666	0	0	0	0	0	0	0	0.00024580412361	0.000226139793721	0	0	0	0	0	0	0	0.00237938391654	0	0	0	0	0	2.94964948332e-05	0.00310696412243	0	0	0	0.00521104742053	0	0.00978300411968	0.00714798391458	0.00987149360418	1.96643298888e-05	0.0362413599851	0.00182878267966	0.00176978968999	0.000550601236886	0.00692184412086	0.00138633525716	0	0.000127818144277	0.00143549608188	0.00439497773015	0.00715781607952	0	0	0	0.00460145319398	0	0.00132734226749	0	0.00832784370791	0.0046506140187	0	0	0.000117985979333	0	0.00803287875957	0	0	0.00024580412361	0	4.9160824722e-05	0	0	0.00089472700994	0.00033429360811	0.00906525607874	0.000973384329496	0	0	0
0	0	0	0	0	0	4.9160824722e-05	0	1.96643298888e-05	0	2.94964948332e-05	0.00110120247377	0.00058009773172	0.000963552164551	0	0.000147482474166	0	0	9.8321649444e-06	1.96643298888e-05	0	0	0	0	0	0.000658755051275	0	0	0	9.8321649444e-06	0	0	0	0	0.000442447422498	0.000127818144277	0	0	0	0.00024580412361	0	0.0015731463911	0.000186811133944	0	0	0.00182878267966	0.0210310008161	0.00274317401949	0.00459162102903	0.0017501253601	9.8321649444e-06	0	0	0.00247770556599	0.00507339711131	0.00155348206122	8.84894844996e-05	0	9.8321649444e-06	0.000186811133944	0.000629258556442	0.000993048659384	0	0.000540769071942	0.0081705290688	0	0	0.00215324412282	0	0.0129882898916	0	0.000344125773054	4.9160824722e-05	1.96643298888e-05	4.9160824722e-05	0	1.96643298888e-05	0.000206475463832	0.00172062886527	0.00711848741974	1.96643298888e-05	0	0	0.000550601236886
0	0	0	0	0.000294964948332	0	9.8321649444e-06	8.84894844996e-05	0	0	4.9160824722e-05	0.000117985979333	0.00235971958666	0	0	0	0	0	1.96643298888e-05	0.000108153814388	0.000167146804055	0	0	0	2.94964948332e-05	0	0	0	0.000127818144277	0	0	0	0	0	3.93286597776e-05	0.000511272577109	0	0	0	0.00340192907076	0	0.0085933121614	0	0.00265468453499	0.000963552164551	0.00176978968999	0.00274317401949	0.0211981476201	0.000353957937998	0.00402135546226	0.00434581690542	0	0	0.000934055669718	0.00288082432871	0.00863264082118	0	0	0	0.000747244535774	0	0.000353957937998	0	0	0.00529953690503	0	0	0.000117985979333	0	0.00508322927625	0	0	0.000127818144277	0	0.000216307628777	0	0	9.8321649444e-05	0	0.0041196771117	0	0.0017501253601	0	0
0	0	0	0	0	0	0	0	0	0	0	0.00795422144002	0	0.00773791381124	0	0	0	0	0	0	0	0	0	0	0	0.00647939669836	0.000108153814388	9.8321649444e-06	0	2.94964948332e-05	0	0.00137650309222	0	0	0.00049160824722	0	0.000294964948332	0	0	9.8321649444e-06	0	6.88251546108e-05	9.8321649444e-05	0	9.8321649444e-05	0.000550601236886	0.00459162102903	0.000353957937998	0.0179633653534	1.96643298888e-05	9.8321649444e-06	0	0	0	0	0.000176978968999	6.88251546108e-05	9.8321649444e-05	9.8321649444e-06	0.000117985979333	0.00423766309104	0.00337243257593	0.00134700659738	0.000127818144277	0.000766908865663	0	0.00134700659738	0.000629258556442	0	0.00172062886527	0	0.00082590185533	0	0	0	0	8.84894844996e-05	0.000108153814388	0.0043851455652	0.00256619505049	9.8321649444e-06	0	0	0.000924223504774
0	0	0	0	0	0	0	0	0	0	0	0	0.000432615257554	0	0	0	0	0	0	0	0	0	0	0	0	0	0	0	0	0	0	0	0	0	0	0.0170489740136	0	0	0	0.000914391339829	0	0.00705949443008	0.0110316890676	0.0112283323665	0	0.00692184412086	0.0017501253601	0.00402135546226	1.96643298888e-05	0.0437826304974	0.000845566185218	0	0.00282183133904	0.000530936906998	0.00243837690621	0.00128801360772	0.00292998515343	0	0.00493574680209	0.00121918845311	0	0.000147482474166	8.84894844996e-05	0.00443430638992	0.0111005142222	0.00606644577069	0	0.000275300618443	4.9160824722e-05	0.00391320164787	0	0	0	0	0	0	0	1.96643298888e-05	0	0.0018386148446	0.000117985979333	0.000147482474166	0	0
0	0	0	0	0	0	0	0	0	0	0	0	0	0	0	0	0	0	0	0	0	0	0	0	0	0	0	0	0	0	0	0	0	0	0	9.8321649444e-06	0	0	0	0.000412950927665	0.00176978968999	0.00612543876036	0.000108153814388	0.00497507546187	0.00277267051432	0.00138633525716	9.8321649444e-06	0.00434581690542	9.8321649444e-06	0.000845566185218	0.0131751010255	0	0	0	0	0.000570265566775	0	0	0	0.00251703422577	0	0	0	0.000973384329496	1.96643298888e-05	0	0	0.000167146804055	0	2.94964948332e-05	0	0	0	0	0	0	0	0	0	9.8321649444e-06	0	0.00410984494676	9.8321649444e-06	0
0	0.000275300618443	0	0	0	0	0	0	0	0	0	0	0	0	0	0	0.00656788618286	0	0	0	0	0.00384437649326	0.00749210968763	0.0131652688606	0.000904559174885	0	0	0.00424749525598	0.00033429360811	0	0	0	0	0	0	0	0.00288082432871	0	0	0	0	0	0	0	0	0	0	0	0	0	0	0.0268909711229	0	0	0	0	0.00227123010216	0.0222305249393	0.00522087958548	0.00107170597894	0	0	0.00744294886291	0.000599762061608	0	0	0	0	0	0	0	0	0	0	0	0	0	3.93286597776e-05	0	0	0	0	0	0
0	0	3.93286597776e-05	0	0	0	0	0	0	0	0	0	0	0	0	0	0	9.8321649444e-06	0	0	0	0	0	1.96643298888e-05	0	0	0.000275300618443	0.000757076700719	0	0	0	0	0	0	1.96643298888e-05	0.00314629278221	4.9160824722e-05	0.0073741237083	0	0	0	0	0.000727580205886	0.000167146804055	0	0.000127818144277	0	0	0	0.00282183133904	0	0	0.0262813768964	0	0.00217290845271	0	6.88251546108e-05	0	0.00567315917292	0	0	0.0118575909229	0.00568299133786	0.000707915875997	0.000609594226553	0	0	0	0	0.00331343958626	0	0	8.84894844996e-05	9.8321649444e-06	0	0	0	0.000275300618443	2.94964948332e-05	0.0029889781431	0.000196643298888	0	0	0
0	0	0	0	0	0	0	0	0	0	0	0	0.000137650309222	0	0	0	0	0	0.000137650309222	0	0	0	0	0	0	0	0.000216307628777	3.93286597776e-05	0	0	0	0	0	0	0	9.8321649444e-06	0	0	0	0.000314629278221	0	0.000363790102943	0.000226139793721	0	0	0.00143549608188	0.00247770556599	0.000934055669718	0	0.000530936906998	0	0	0	0.0102942766968	0.00311679628737	0.000678419381164	0.000216307628777	0	0.000117985979333	0.000639090721386	0	0.00215324412282	0.000560433401831	0.00102254515422	0.00199592948371	0	0	2.94964948332e-05	0	0.00367722968921	0	0	0	0	0	0	0	0.00304797113276	0.00136667092727	0.00421799876115	0.000117985979333	0	0	0
0	0	9.8321649444e-06	0	0	0	0	0	0	0	0	0	0.00100288082433	1.96643298888e-05	0	0	0	0	0.000265468453499	8.84894844996e-05	0	9.8321649444e-06	0	3.93286597776e-05	0	0	0.00220240494755	0.00301847463793	0	0	0	3.93286597776e-05	0	0	0	0.00161247505088	0.000235971958666	1.96643298888e-05	0	0.00040311876272	0	0.00237938391654	0.00120935628816	0.000196643298888	0	0.00439497773015	0.00507339711131	0.00288082432871	0	0.00243837690621	0	0	0.00217290845271	0.00311679628737	0.0361430383356	0.00174029319516	0.000304797113276	9.8321649444e-06	0.000904559174885	0.000796405360496	1.96643298888e-05	0.0173734354568	0.00187794350438	0.0022810622671	0.00720697690424	0	0	0	0	0.0162230721583	0.000275300618443	0.000127818144277	6.88251546108e-05	9.8321649444e-06	0	0	0	0.0058894668017	0.00513239010098	0.012378695665	0.00122902061805	0	0	0
0	0	0	0	0.00451296370948	0	9.8321649444e-06	0.000747244535774	0	0.00439497773015	0.00486692164748	0.000373622267887	0.0044736350497	0	0	0	0	0	1.96643298888e-05	0.000373622267887	0.00184844700955	0	0	0	0.000639090721386	0	0	0	0.00970434680012	0	0	0	0	0	5.89929896664e-05	0.000147482474166	0	0	0	0.0195463439095	0	0.00267434886488	0	0.000471943917331	0.00317578927704	0.00715781607952	0.00155348206122	0.00863264082118	0.000176978968999	0.00128801360772	0.000570265566775	0	0	0.000678419381164	0.00174029319516	0.0298996135959	0	0	0	0.0112086680366	0	0.000186811133944	0	0.000668587216219	0.00212374762799	0	0	2.94964948332e-05	0	0.00320528577187	0	0	0.000393286597776	0	0.00204509030844	0	0	0.000501440412164	0.000137650309222	0.00301847463793	0.000383454432832	0.000530936906998	0	0
0	0	0	0	0	0	0	0	0	0	0	0	0	0	0	0	0.00375588700876	0	0	0	0	0.000776741030608	0.00521104742053	0.00064892288633	0.00511272577109	0	0	0	0.00261535587521	0	0	0	0	0	0	0.00321511793682	0.000285132783388	3.93286597776e-05	0	0	0	0	0.00706932659502	0.000766908865663	0	0	8.84894844996e-05	0	6.88251546108e-05	0.00292998515343	0	0.00227123010216	6.88251546108e-05	0.000216307628777	0.000304797113276	0	0.0440874276107	0.00642040370869	0.0190645678272	0.00024580412361	0	0.000265468453499	0.000275300618443	0.0170883026734	0.000865230515107	0.00757076700719	0	0	0.000176978968999	0.00329377525637	0	0	0	0	0	0	0	0.00239904824643	0.000117985979333	0.00349041855526	0.000501440412164	0.000235971958666	0	0
0	0.00073741237083	0.00089472700994	0	0	0	0	0	0	9.8321649444e-06	0	0	0	9.8321649444e-06	0	0	0.0103434375215	0	0	0	0	0.00552567669875	0.0191432251467	0.0167540090653	0.0109333674182	9.8321649444e-06	0	0.016616358756	0.00695134061569	0	0	0	0	0	0	0	0.0117985979333	0.00015731463911	0	0	0	0	0.000216307628777	0	0.00984199710934	0	0	0	9.8321649444e-05	0	0	0.0222305249393	0	0	9.8321649444e-06	0	0.00642040370869	0.0626210585309	0.00532903339986	0.0149350585505	0.00181895051471	2.94964948332e-05	0.0230564267946	0.00905542391379	0	0	9.8321649444e-06	0	0	0	2.94964948332e-05	0	0	0	0	0	0	0.000481776082276	3.93286597776e-05	2.94964948332e-05	5.89929896664e-05	0	0	0
0	0	0.000167146804055	0	0	0	0	0	0	0	0	0	0	0	0	1.96643298888e-05	0.00152398556638	0	0	0	0	0.00292015298849	0.00237938391654	0.00419833443126	0.000816069690385	0	0	0.000304797113276	0.000412950927665	0	0	0	0	0	0	0.00341176123571	0.00015731463911	0.0113954791706	0	0	0	0	0.00792472494519	0.00167146804055	0	0	9.8321649444e-06	0	9.8321649444e-06	0.00493574680209	0	0.00522087958548	0.00567315917292	0.000117985979333	0.000904559174885	0	0.0190645678272	0.00532903339986	0.0672815047145	0	0	0.00178945401988	0.00586980247181	0.00971417896507	0.000776741030608	0.00179928618483	0	0	0	0.0021040832981	9.8321649444e-06	0	9.8321649444e-06	9.8321649444e-06	0	0	0	0.00390336948293	9.8321649444e-06	0.0033429360811	0.00240888041138	0.00116019546344	0	0
0	0.000550601236886	0	0	0.00414917360654	0	0.000147482474166	0.00340192907076	8.84894844996e-05	0.0148072404063	0.0022810622671	0.00024580412361	0.00278250267926	9.8321649444e-06	0	0.000147482474166	0.000196643298888	0	9.8321649444e-06	0.000275300618443	0.00149448907155	9.8321649444e-06	0.00638107504892	9.8321649444e-06	0.0143942894786	9.8321649444e-06	0	2.94964948332e-05	0.0249736989588	0	0	0	0	0	0.000137650309222	0.000383454432832	0.00574198432753	0	0	0.0181895051471	0.000530936906998	9.8321649444e-06	0.00109137030883	0.000973384329496	0.0380406461699	0.00460145319398	0.000186811133944	0.000747244535774	0.000117985979333	0.00121918845311	0.00251703422577	0.00107170597894	0	0.000639090721386	0.000796405360496	0.0112086680366	0.00024580412361	0.0149350585505	0	0.0636042750253	0.00181895051471	0.00024580412361	0.00149448907155	0.0245115872064	0.000501440412164	0	9.8321649444e-06	7.86573195552e-05	0	0.00175995752505	0	0	0.000363790102943	7.86573195552e-05	0.00208441896821	0	0	0.000481776082276	9.8321649444e-05	0.00277267051432	0.00124868494794	0.00186811133944	9.8321649444e-06	0
0	0.000235971958666	0	0	0	0	0	0	0	0	0	0.00171079670033	0	0.00492591463714	0	0	0	0	0	0	0	0	1.96643298888e-05	0	2.94964948332e-05	0.00398202680248	0.00468011051353	0.00521104742053	0	2.94964948332e-05	0	0.00119952412322	0	0	0.000589929896664	0	0.00686285113119	0	0	0	0	0	0	0	0.00168130020549	0	0.000629258556442	0	0.00423766309104	0	0	0	0	0	1.96643298888e-05	0	0	0.00181895051471	0	0.00181895051471	0.0152988486535	0.00168130020549	0.0089472700994	0	0	0	0.000462111752387	0	0	4.9160824722e-05	0	0.000314629278221	0	0	0	0	0.000196643298888	0	0.000914391339829	4.9160824722e-05	0	0	0	0.000619426391497
