0.011625776426	0	0.000293163786943	0	0	9.16136834198e-06	1.8322736684e-05	0.0032843505506	0.00174065998498	0.000215292156036	0.000284002418601	8.70329992488e-05	4.58068417099e-06	4.58068417099e-06	0.00465397511772	0	0	0.000403100207047	4.58068417099e-06	3.20647891969e-05	9.16136834198e-06	2.74841050259e-05	0	5.95488942228e-05	0.000668779888964	0	0.000210711471865	0	0.00069626399399	0.007768840354	0.00259266724078	0	0	0.000375616102021	0.000288583102772	0	0	0	0	0	0	0	0	0	0.000210711471865	0	0	0	0	0	0	0.000119097788446	1.8322736684e-05	0	0	0	0	0.000119097788446	0	0.000210711471865	0	1.8322736684e-05	0	0.000114517104275	0	0	0	0	0	0	9.16136834198e-06	2.29034208549e-05	0.00023361489272	2.74841050259e-05	0	0	0	9.16136834198e-06	0	0	0	0	0	0
0	0.0199397181963	0.00248273082068	0	4.58068417099e-06	4.58068417099e-06	4.58068417099e-06	5.49682100519e-05	3.66454733679e-05	0.00337138354985	5.03875258809e-05	6.87102625648e-05	5.03875258809e-05	0.000549682100519	5.95488942228e-05	6.87102625648e-05	0.000306905839456	0.000526778679664	9.16136834198e-06	0.000545101416348	3.66454733679e-05	9.61943675907e-05	0.006188504315	0.000123678472617	0.00267970024003	0.0012001392528	0.00397145317625	0.0149192883449	9.61943675907e-05	1.8322736684e-05	0	0	4.58068417099e-06	0	0.000338970628653	0	0.00723748099016	0.000467229785441	0	0	0	4.58068417099e-06	4.58068417099e-06	3.20647891969e-05	0.00032522857614	0	9.16136834198e-06	0	9.61943675907e-05	1.8322736684e-05	0	0.000109936420104	0.000215292156036	0	4.12261575389e-05	0	1.3742052513e-05	0.000778716309068	0.000256518313575	3.66454733679e-05	0.000142001209301	0.000710006046503	0.00584495300218	1.3742052513e-05	1.3742052513e-05	4.58068417099e-06	9.16136834198e-06	0	0	5.49682100519e-05	0.00118639720029	0.000700844678161	0.000224453524378	5.03875258809e-05	0.000142001209301	4.58068417099e-06	4.58068417099e-05	0.000146581893472	0.000247356945233	2.29034208549e-05	9.16136834198e-06	2.74841050259e-05	0	0
0.000293163786943	0.00248273082068	0.0435302416769	0	0	5.03875258809e-05	0.000109936420104	0.00491965479964	0.00305531634205	9.16136834198e-06	0.000196969419352	8.24523150778e-05	9.16136834198e-06	3.20647891969e-05	0.00229034208549	0.000329809260311	0.000897814097514	0.00482804111622	9.16136834198e-06	0.000270260366088	9.16136834198e-06	0.00190098393096	0.000109936420104	0.010393572384	0.000229034208549	5.95488942228e-05	0.00651831357532	0.0147452223464	0.00280337871264	0.000348131996995	0.000989427780933	0	3.66454733679e-05	1.3742052513e-05	0.000618392363083	0.000100775051762	0.0130228850981	0.0087949136083	0	0	0	3.66454733679e-05	4.12261575389e-05	0.000128259156788	1.8322736684e-05	4.58068417099e-06	9.16136834198e-06	0	8.24523150778e-05	4.58068417099e-05	0	0.00018780805101	0.000819942466607	4.58068417099e-06	0.000160323945985	4.58068417099e-06	6.87102625648e-05	0.000994008465104	0.0042783590157	0.000142001209301	8.24523150778e-05	0.001232204042	0.00790168019495	0.000178646682669	2.74841050259e-05	4.12261575389e-05	1.3742052513e-05	9.16136834198e-06	0	0.000311486523627	0.00406764754384	0.00129175293622	0.0014520768822	0.000407680891218	0.000132839840959	3.20647891969e-05	1.3742052513e-05	0.000581746889715	0.000215292156036	0.000329809260311	0.00018322736684	4.58068417099e-06	0	0
0	0	0	0	0	0	0	0	0	0	0	0	0	0	0	0	0	0	0	0	0	0	0	0	0	0	0	0	0	0	0	0	0	0	0	0	0	0	0	0	0	0	0	0	0	0	0	0	0	0	0	0	0	0	0	0	0	0	0	0	0	0	0	0	0	0	0	0	0	0	0	0	0	0	0	0	0	0	0	0	0	0	0	0
0	4.58068417099e-06	0	0	0.0141817981934	4.58068417099e-06	0.000256518313575	0.000934459570882	0.000109936420104	0.00246898876816	0.00258808655661	4.12261575389e-05	0.00138336661964	0	0.000201550103523	4.58068417099e-05	0	0	4.58068417099e-06	9.16136834198e-06	0.00343551312824	0	0	0	0.00845594297964	0	2.74841050259e-05	1.3742052513e-05	0.00622514978837	0.000293163786943	0	0	0	0	0.000297744471114	0	0	0	0	0.0033942869707	0	5.49682100519e-05	0	4.58068417099e-06	0.00191472598347	8.24523150778e-05	9.16136834198e-06	0.000600069626399	0	4.58068417099e-06	4.58068417099e-06	0	0	0	0	0.00267511955586	0	0	0	0.00354544954834	0	0	0	0.0011360096744	2.29034208549e-05	0	0	0	0	2.29034208549e-05	3.66454733679e-05	2.29034208549e-05	0.000558843468861	9.16136834198e-05	0.000219872840207	0	0	4.58068417099e-06	4.58068417099e-06	1.3742052513e-05	0	1.3742052513e-05	0	0
9.16136834198e-06	4.58068417099e-06	5.03875258809e-05	0	4.58068417099e-06	0.00903310918519	0.00617934294666	0.00065045715228	0.00468145922275	0.000142001209301	0.000714586730674	9.61943675907e-05	9.61943675907e-05	3.20647891969e-05	0.00196969419352	0.00245066603148	4.58068417099e-06	4.58068417099e-06	0	0	3.66454733679e-05	1.8322736684e-05	2.74841050259e-05	1.8322736684e-05	0.000114517104275	0	1.3742052513e-05	8.70329992488e-05	0.000426003627902	9.16136834198e-05	0	0	0.00164904630156	0	0.000142001209301	0	0	0	0	0	0	9.16136834198e-06	0	0	0	0	4.58068417099e-06	1.3742052513e-05	9.16136834198e-06	0	9.16136834198e-06	0	0	0	0	0	0	4.58068417099e-06	0	9.16136834198e-06	4.58068417099e-06	0	0	0	0	0	0	0	0	2.29034208549e-05	0.00126426883119	4.58068417099e-05	0.000952782307565	0.000764974256555	0.00174524066915	0.000948201623394	4.58068417099e-06	4.58068417099e-06	9.16136834198e-06	4.58068417099e-05	5.03875258809e-05	4.58068417099e-06	0	0
1.8322736684e-05	4.58068417099e-06	0.000109936420104	0	0.000256518313575	0.00617934294666	0.0353812045367	0.00863000897814	0.0155743261814	0.00103981530681	0.0141588947725	0.000261098997746	0.00530901295417	1.3742052513e-05	0.00809406893014	0.00527236748081	1.3742052513e-05	0	1.8322736684e-05	0	0.00141085072466	3.20647891969e-05	0.000128259156788	2.74841050259e-05	0.00125510746285	0	0.000155743261814	0.000114517104275	0.00688934899317	0.00121846198948	1.3742052513e-05	0	0.00092529820254	9.16136834198e-06	0.00126884951536	0	4.58068417099e-06	0	0	4.58068417099e-06	0	4.58068417099e-06	0	0	3.20647891969e-05	0	0	4.58068417099e-06	0	0	4.58068417099e-06	2.29034208549e-05	0	0	0	0	0	3.66454733679e-05	4.58068417099e-06	0.000178646682669	0	0	0	6.41295783938e-05	0	0	0	0	0	0	0.000961943675907	3.20647891969e-05	0.00246898876816	0.000595488942228	0.00235447166389	0.000480971837954	0	0	0	1.3742052513e-05	1.3742052513e-05	4.58068417099e-06	0	0
0.0032843505506	5.49682100519e-05	0.00491965479964	0	0.000934459570882	0.00065045715228	0.00863000897814	0.0750087032999	0.0237554281107	0.00149788372391	0.0237783315316	0.00513036627151	0.00103523462264	5.03875258809e-05	0.0198755886179	0.00129175293622	9.16136834198e-05	0.000719167414845	0.000691683309819	0.00218498634956	0.0018322736684	0.00256060245158	4.58068417099e-05	0.00220330908625	0.00379280649358	4.58068417099e-06	0.00319731755135	0.00103523462264	0.0345200359126	0.0156384557598	0.0106638327501	4.58068417099e-06	3.20647891969e-05	0.00223537387544	0.0105676383825	0	0.000123678472617	4.12261575389e-05	0	0.000989427780933	0	4.58068417099e-06	4.12261575389e-05	0	0.000426003627902	4.58068417099e-06	9.16136834198e-06	1.8322736684e-05	0	0	4.58068417099e-06	0.000119097788446	4.58068417099e-06	0	0	9.16136834198e-05	9.16136834198e-06	0.000284002418601	0.000270260366088	0.00234072961137	4.58068417099e-06	9.16136834198e-06	2.29034208549e-05	0.00139252798798	1.3742052513e-05	4.12261575389e-05	0	0	2.29034208549e-05	8.24523150778e-05	0.00189640324679	0.000668779888964	0.0122808142624	0.00277589460762	0.00142001209301	4.12261575389e-05	1.3742052513e-05	9.16136834198e-05	5.95488942228e-05	5.49682100519e-05	9.16136834198e-06	1.8322736684e-05	0	0
0.00174065998498	3.66454733679e-05	0.00305531634205	0	0.000109936420104	0.00468145922275	0.0155743261814	0.0237554281107	0.0531954852777	0.000178646682669	0.016449236858	0.00506165600894	0.00168569177492	0.000164904630156	0.0278368177071	0.00269344229254	4.12261575389e-05	0.000865749308317	0.000911556150027	0.000348131996995	0.00130549498873	0.000348131996995	3.20647891969e-05	0.000403100207047	0.00152994851311	0	0.00291789581692	0.00103065393847	0.0093629184455	0.00849258845301	0.00216666361288	2.29034208549e-05	0.00027942173443	4.58068417099e-05	0.00823607013944	0	0.000160323945985	3.66454733679e-05	0	0	4.58068417099e-06	5.95488942228e-05	1.8322736684e-05	7.78716309068e-05	5.03875258809e-05	4.58068417099e-06	0	8.24523150778e-05	0	6.87102625648e-05	4.12261575389e-05	9.16136834198e-06	2.74841050259e-05	0	0	1.3742052513e-05	9.16136834198e-06	0.000270260366088	0.000196969419352	0.000265679681917	1.3742052513e-05	4.58068417099e-05	5.03875258809e-05	3.66454733679e-05	4.58068417099e-06	4.58068417099e-06	0	4.58068417099e-06	0	9.16136834198e-05	0.00206130787694	0.000719167414845	0.0105951224875	0.0020842112978	0.00171317587995	0.000384777470363	4.58068417099e-06	5.95488942228e-05	3.66454733679e-05	0.000123678472617	0.000215292156036	2.74841050259e-05	9.16136834198e-06	0
0.000215292156036	0.00337138354985	9.16136834198e-06	0	0.00246898876816	0.000142001209301	0.00103981530681	0.00149788372391	0.000178646682669	0.0348681679096	9.16136834198e-05	9.61943675907e-05	0.000691683309819	0.00050845594298	0.000357293365337	0.00152078714477	0.00344009381241	0	4.58068417099e-06	0.000114517104275	3.20647891969e-05	0.00147498030306	0.00735657877861	0.000109936420104	0.0240989794236	0.000746651519871	0.000526778679664	0.00223079319127	0.00870788060905	0.000838265203291	0.000142001209301	0	2.29034208549e-05	0.00018780805101	0.000256518313575	0.000105355735933	0.000128259156788	5.03875258809e-05	0	0.00425545559485	9.16136834198e-06	2.29034208549e-05	0.000302325155285	3.20647891969e-05	0.0129541748356	1.3742052513e-05	0	0.000316067207798	4.58068417099e-06	6.41295783938e-05	9.16136834198e-05	0.0056204994778	0.000100775051762	4.58068417099e-06	1.3742052513e-05	0.0022262125071	0.00133297909376	0.00733367535775	0.00205672719277	0.016609560804	1.8322736684e-05	0.00027942173443	9.61943675907e-05	0.00654121699617	0.000151162577643	0.000352712681166	0	0	1.3742052513e-05	0.000128259156788	0.000751232204042	0.000155743261814	0.000503875258809	8.24523150778e-05	0.002652216135	0	5.49682100519e-05	0.000998589149275	3.20647891969e-05	0.000128259156788	8.70329992488e-05	0.000229034208549	4.58068417099e-06	0
0.000284002418601	5.03875258809e-05	0.000196969419352	0	0.00258808655661	0.000714586730674	0.0141588947725	0.0237783315316	0.016449236858	9.16136834198e-05	0.0518212800264	0.00785129266907	0.00501584916723	0.000119097788446	0.0108928669586	0.00168111109075	5.03875258809e-05	4.58068417099e-05	0.00124594609451	0.00229034208549	0.00620682705169	3.66454733679e-05	2.74841050259e-05	9.16136834198e-05	0.00256060245158	0	0.00425087491068	0.00123678472617	0.0167194972241	0.00841013613793	6.41295783938e-05	7.32909467358e-05	2.29034208549e-05	4.58068417099e-05	0.0112639023765	0	1.3742052513e-05	0	0	1.8322736684e-05	0	0	0	0	1.8322736684e-05	0	0	4.58068417099e-06	0	0	0	0	0	0	0	2.29034208549e-05	0	4.58068417099e-06	4.58068417099e-06	0.000100775051762	1.8322736684e-05	4.58068417099e-06	3.20647891969e-05	1.8322736684e-05	0	0	0	0	0	4.58068417099e-06	0.000916136834198	0.000265679681917	0.012349524525	0.000513036627151	0.000458068417099	2.29034208549e-05	9.16136834198e-06	9.16136834198e-06	0	4.58068417099e-06	4.58068417099e-06	0	0	0
8.70329992488e-05	6.87102625648e-05	8.24523150778e-05	0	4.12261575389e-05	9.61943675907e-05	0.000261098997746	0.00513036627151	0.00506165600894	9.61943675907e-05	0.00785129266907	0.0318128515675	0.00145665756637	0.00493797753632	0.00455778075013	4.12261575389e-05	0.000151162577643	0.000407680891218	0.00355919160086	0.00541894937428	0.00206130787694	0.000201550103523	5.49682100519e-05	0.000142001209301	0.000458068417099	0.00218498634956	0.00857504076809	0.00242318192645	0.00262473202998	0.00725122304267	0.000146581893472	0.000522197995493	0.000105355735933	9.16136834198e-06	0.0160507173351	0	3.20647891969e-05	1.8322736684e-05	0	0	0	1.8322736684e-05	9.16136834198e-06	1.8322736684e-05	4.58068417099e-06	4.58068417099e-06	0.000916136834198	0	0.00191930666764	3.20647891969e-05	4.58068417099e-06	4.58068417099e-06	9.16136834198e-06	9.16136834198e-05	1.8322736684e-05	0	0	9.16136834198e-06	1.8322736684e-05	5.49682100519e-05	0.0012001392528	0.000595488942228	0.000632134415596	2.29034208549e-05	0	0	8.24523150778e-05	3.20647891969e-05	0	5.49682100519e-05	0.00295454129029	0.00451655459259	0.0161698151236	0.000911556150027	6.41295783938e-05	2.74841050259e-05	0.00126426883119	6.87102625648e-05	0.000151162577643	3.66454733679e-05	1.3742052513e-05	9.16136834198e-06	5.49682100519e-05	5.95488942228e-05
4.58068417099e-06	5.03875258809e-05	9.16136834198e-06	0	0.00138336661964	9.61943675907e-05	0.00530901295417	0.00103523462264	0.00168569177492	0.000691683309819	0.00501584916723	0.00145665756637	0.0216849588655	1.8322736684e-05	0.00167653040658	0.00142917346135	0	4.12261575389e-05	3.66454733679e-05	0.000352712681166	0.00861168624146	2.74841050259e-05	5.03875258809e-05	4.12261575389e-05	0.00129633362039	0	0.00112684830606	0.000728328783187	0.000810781098265	0.00111768693772	9.16136834198e-06	2.74841050259e-05	9.16136834198e-06	0	0.00365080528428	9.16136834198e-06	0	0	0	8.70329992488e-05	0	0.000577166205544	0	0.000229034208549	5.49682100519e-05	0.000169485314327	0.000128259156788	0.00174065998498	1.3742052513e-05	0.000284002418601	2.74841050259e-05	9.16136834198e-06	0	1.8322736684e-05	9.16136834198e-06	0.000109936420104	9.16136834198e-06	9.16136834198e-06	1.8322736684e-05	0.000210711471865	0	9.61943675907e-05	2.29034208549e-05	0.000105355735933	0.000224453524378	0	0	4.58068417099e-06	0	0.000274841050259	0.000196969419352	0.00013742052513	0.00476391153783	0.000421422943731	0.00132839840959	4.58068417099e-06	0	2.29034208549e-05	2.29034208549e-05	0.000261098997746	4.58068417099e-06	0	0	0
4.58068417099e-06	0.000549682100519	3.20647891969e-05	0	0	3.20647891969e-05	1.3742052513e-05	5.03875258809e-05	0.000164904630156	0.00050845594298	0.000119097788446	0.00493797753632	1.8322736684e-05	0.0213688916577	0.000393938838705	4.58068417099e-06	2.29034208549e-05	3.20647891969e-05	0.000196969419352	0.000284002418601	2.74841050259e-05	5.49682100519e-05	0.000522197995493	5.95488942228e-05	8.24523150778e-05	0.00718251278011	0.0035683529692	0.00587701779138	9.16136834198e-05	0.000302325155285	3.66454733679e-05	0.00250563424153	3.20647891969e-05	4.58068417099e-06	0.000929878886711	2.29034208549e-05	8.70329992488e-05	1.3742052513e-05	0	0	3.20647891969e-05	0.00013742052513	1.3742052513e-05	0.000215292156036	4.58068417099e-06	0	0.00221247045459	4.12261575389e-05	0.00659160452205	0.000384777470363	4.58068417099e-05	2.29034208549e-05	3.20647891969e-05	0.000320647891969	0.000293163786943	0	1.3742052513e-05	1.8322736684e-05	2.29034208549e-05	9.16136834198e-06	0.00609230994741	0.00270260366088	0.00488759001044	4.58068417099e-05	6.41295783938e-05	1.8322736684e-05	0.000710006046503	0.000348131996995	0	0.000627553731425	0.000545101416348	0.00289041171189	0.00189182256262	0.000920717518369	4.12261575389e-05	0.000109936420104	0.00101691188596	2.29034208549e-05	0.000192388735181	0.000206130787694	9.61943675907e-05	3.20647891969e-05	0.00037103541785	0.000293163786943
0.00465397511772	5.95488942228e-05	0.00229034208549	0	0.000201550103523	0.00196969419352	0.00809406893014	0.0198755886179	0.0278368177071	0.000357293365337	0.0108928669586	0.00455778075013	0.00167653040658	0.000393938838705	0.0526320611246	0.00274382981842	7.78716309068e-05	0.0013421404621	0.00060465031057	0.000398519522876	0.0012001392528	0.000352712681166	2.29034208549e-05	0.00046264910127	0.00186891914176	6.41295783938e-05	0.0022582772963	0.000929878886711	0.00803452003591	0.016957692801	0.0054784982685	2.74841050259e-05	0.00126426883119	0.000155743261814	0.00786045403742	0	0.000105355735933	3.20647891969e-05	0	0	0	3.20647891969e-05	1.8322736684e-05	2.74841050259e-05	0.000119097788446	4.58068417099e-06	1.3742052513e-05	5.95488942228e-05	8.24523150778e-05	5.49682100519e-05	2.74841050259e-05	5.49682100519e-05	0.000105355735933	0	0	1.3742052513e-05	4.58068417099e-06	0.000270260366088	4.12261575389e-05	0.000412261575389	9.16136834198e-05	0.000132839840959	7.78716309068e-05	0.000192388735181	9.16136834198e-06	4.58068417099e-06	0	0	4.58068417099e-06	0.000128259156788	0.00237279440057	0.00097568572842	0.00869871924071	0.00136046319878	0.00150704509225	0.000581746889715	0.000174065998498	7.78716309068e-05	4.12261575389e-05	0.000206130787694	0.00018322736684	3.20647891969e-05	0	0
0	6.87102625648e-05	0.000329809260311	0	4.58068417099e-05	0.00245066603148	0.00527236748081	0.00129175293622	0.00269344229254	0.00152078714477	0.00168111109075	4.12261575389e-05	0.00142917346135	4.58068417099e-06	0.00274382981842	0.0136229547245	0.000297744471114	4.12261575389e-05	0	6.41295783938e-05	0.000201550103523	0.000338970628653	0.000151162577643	0.000151162577643	0.00180937024754	4.58068417099e-06	0.000100775051762	0.00115433241109	0.00198801693021	0.000238195576891	7.32909467358e-05	0	0.000352712681166	4.58068417099e-06	0.000485552522125	0	6.41295783938e-05	0.000114517104275	0	1.3742052513e-05	0	4.58068417099e-06	9.16136834198e-05	4.58068417099e-06	5.03875258809e-05	9.16136834198e-06	9.16136834198e-06	4.58068417099e-06	0	0	0	7.78716309068e-05	0.000215292156036	4.58068417099e-06	0.000210711471865	0	0.000164904630156	6.87102625648e-05	0.000348131996995	0.000219872840207	4.58068417099e-06	9.16136834198e-05	0.000302325155285	0.000329809260311	1.3742052513e-05	5.03875258809e-05	0	0	9.16136834198e-06	0.000201550103523	0.0034263517599	0.000100775051762	0.000664199204793	0.000206130787694	0.00347673928578	6.87102625648e-05	0	0.000329809260311	9.16136834198e-05	0.000755812888213	0.000393938838705	4.58068417099e-06	4.58068417099e-06	0
0	0.000306905839456	0.000897814097514	0	0	4.58068417099e-06	1.3742052513e-05	9.16136834198e-05	4.12261575389e-05	0.00344009381241	5.03875258809e-05	0.000151162577643	0	2.29034208549e-05	7.78716309068e-05	0.000297744471114	0.0278276563388	0.00027942173443	4.58068417099e-06	0.00027942173443	4.58068417099e-06	0.00520365721824	0.0119418436338	0.0074527731462	0.00464481374938	8.24523150778e-05	0.00065045715228	0.00494713890467	0.00443410227752	5.49682100519e-05	9.61943675907e-05	4.58068417099e-06	4.58068417099e-06	0	0.000545101416348	9.16136834198e-06	0.000274841050259	0.000435164996244	0	0	0	4.58068417099e-06	1.8322736684e-05	0	4.12261575389e-05	4.58068417099e-06	4.58068417099e-06	4.58068417099e-06	7.32909467358e-05	9.16136834198e-06	9.16136834198e-06	0.00490133206296	0.000526778679664	0	1.3742052513e-05	0	0.00205672719277	0.0103157007531	0.00616560089415	4.58068417099e-05	7.32909467358e-05	0.000494713890467	0.000764974256555	5.49682100519e-05	0	0.000448907048757	0	0	0	0.000210711471865	0.00499294574638	0.00130091430456	0.000815361782436	0.00041684225956	0.000169485314327	2.29034208549e-05	0	0.000192388735181	0.000132839840959	0.000105355735933	9.61943675907e-05	9.16136834198e-06	0	0
0.000403100207047	0.000526778679664	0.00482804111622	0	0	4.58068417099e-06	0	0.000719167414845	0.000865749308317	0	4.58068417099e-05	0.000407680891218	4.12261575389e-05	3.20647891969e-05	0.0013421404621	4.12261575389e-05	0.00027942173443	0.0281757883357	0.000192388735181	0.00662366931125	1.3742052513e-05	0.000952782307565	1.3742052513e-05	0.00423713285816	8.70329992488e-05	3.20647891969e-05	0.00575333931876	0.00393938838705	0.00105355735933	0.00136046319878	0.00312402660461	1.3742052513e-05	4.58068417099e-06	2.74841050259e-05	0.00614727815747	9.61943675907e-05	0.00112226762189	0.00305073565788	0	0	0	1.8322736684e-05	4.58068417099e-06	6.41295783938e-05	6.87102625648e-05	0	0	0	4.58068417099e-05	4.12261575389e-05	0	0.00013742052513	0.00200633966689	9.16136834198e-06	0.000256518313575	0	2.74841050259e-05	0.000169485314327	0.000238195576891	0.000100775051762	4.58068417099e-05	0.00306905839456	0.00160782014402	8.24523150778e-05	4.58068417099e-06	2.29034208549e-05	4.58068417099e-06	0	0	9.16136834198e-05	0.00158033603899	0.00488300932627	0.00305989702622	0.000494713890467	3.66454733679e-05	0	5.49682100519e-05	3.66454733679e-05	0.000151162577643	9.16136834198e-05	6.41295783938e-05	0	0	0
4.58068417099e-06	9.16136834198e-06	9.16136834198e-06	0	4.58068417099e-06	0	1.8322736684e-05	0.000691683309819	0.000911556150027	4.58068417099e-06	0.00124594609451	0.00355919160086	3.66454733679e-05	0.000196969419352	0.00060465031057	0	4.58068417099e-06	0.000192388735181	0.00704509225498	0.00222163182293	0.000196969419352	2.74841050259e-05	4.58068417099e-06	9.16136834198e-06	8.70329992488e-05	2.29034208549e-05	0.00283544350184	0.000403100207047	0.000398519522876	0.00112684830606	1.3742052513e-05	5.49682100519e-05	0	0	0.00185059640508	0	9.16136834198e-06	4.58068417099e-06	0	0	0	0	0	0	0	0	0	0	4.58068417099e-06	0	0	0	4.58068417099e-06	0	9.16136834198e-06	0	0	0	0	4.58068417099e-06	2.29034208549e-05	7.78716309068e-05	5.95488942228e-05	0	0	0	0	0	0	0	0.000306905839456	0.00121846198948	0.00182769298422	3.20647891969e-05	0	0	0	0	0	0	0	0	0	0
3.20647891969e-05	0.000545101416348	0.000270260366088	0	9.16136834198e-06	0	0	0.00218498634956	0.000348131996995	0.000114517104275	0.00229034208549	0.00541894937428	0.000352712681166	0.000284002418601	0.000398519522876	6.41295783938e-05	0.00027942173443	0.00662366931125	0.00222163182293	0.0243280136321	0.000732909467358	0.00032522857614	0.000320647891969	0.000334389944482	0.000366454733679	3.66454733679e-05	0.0105951224875	0.00311944592044	0.00131923704124	0.00150246440808	0.00023361489272	7.78716309068e-05	1.3742052513e-05	2.29034208549e-05	0.00772761419646	0	0.000242776261062	0.000288583102772	0	0	0	0	0	4.58068417099e-06	0	0	1.3742052513e-05	0	0	9.16136834198e-06	0	1.8322736684e-05	0.00129175293622	1.3742052513e-05	0.000668779888964	0	9.16136834198e-06	2.74841050259e-05	2.74841050259e-05	0	4.58068417099e-06	0.00198801693021	0.000531359363835	0	4.58068417099e-06	0	0	0	0	3.20647891969e-05	0.00485094453708	0.00615643952581	0.0061106326841	0.000219872840207	4.58068417099e-05	1.3742052513e-05	3.66454733679e-05	6.87102625648e-05	3.66454733679e-05	5.95488942228e-05	1.3742052513e-05	4.58068417099e-06	0	0
9.16136834198e-06	3.66454733679e-05	9.16136834198e-06	0	0.00343551312824	3.66454733679e-05	0.00141085072466	0.0018322736684	0.00130549498873	3.20647891969e-05	0.00620682705169	0.00206130787694	0.00861168624146	2.74841050259e-05	0.0012001392528	0.000201550103523	4.58068417099e-06	1.3742052513e-05	0.000196969419352	0.000732909467358	0.0157987797057	1.3742052513e-05	1.8322736684e-05	3.66454733679e-05	0.00207504992946	0	0.00157117467065	0.000545101416348	0.000480971837954	0.00114517104275	9.16136834198e-06	2.29034208549e-05	9.16136834198e-06	0	0.00468603990692	0	0	0	0	2.74841050259e-05	0	0	0	0	3.20647891969e-05	0	0	0	0	0	0	0	0	0	0	2.74841050259e-05	0	0	0	4.58068417099e-05	0	4.58068417099e-06	4.58068417099e-06	0	0	0	0	0	0	0	0.000238195576891	0.000132839840959	0.00552430511021	0.000403100207047	0.000334389944482	4.58068417099e-06	0	4.58068417099e-06	0	0	0	0	0	0
2.74841050259e-05	9.61943675907e-05	0.00190098393096	0	0	1.8322736684e-05	3.20647891969e-05	0.00256060245158	0.000348131996995	0.00147498030306	3.66454733679e-05	0.000201550103523	2.74841050259e-05	5.49682100519e-05	0.000352712681166	0.000338970628653	0.00520365721824	0.000952782307565	2.74841050259e-05	0.00032522857614	1.3742052513e-05	0.0465534932297	0.00146123825055	0.0195366179893	0.00414093849057	1.3742052513e-05	0.000412261575389	0.00065045715228	0.0174707294281	0.000338970628653	0.0151391611851	0	4.58068417099e-06	0.00018322736684	0.00811697235099	5.49682100519e-05	0.00013742052513	0.000238195576891	0	0	0	0	0.00023361489272	9.16136834198e-06	0.000142001209301	4.58068417099e-06	4.58068417099e-06	4.58068417099e-06	0	4.12261575389e-05	9.16136834198e-06	0.00221705113876	0.000151162577643	0	9.16136834198e-06	0	0.000934459570882	0.00515785037653	0.00140627004049	0.000668779888964	0	0.000164904630156	7.32909467358e-05	0.0014520768822	6.41295783938e-05	0.00083368451912	0	9.16136834198e-06	9.16136834198e-06	0.000164904630156	0.00290873444858	0.00118639720029	0.00641753852355	0.00226285798047	0.000632134415596	2.29034208549e-05	9.16136834198e-06	0.000352712681166	9.16136834198e-05	0.000155743261814	8.24523150778e-05	1.3742052513e-05	9.16136834198e-06	0
0	0.006188504315	0.000109936420104	0	0	2.74841050259e-05	0.000128259156788	4.58068417099e-05	3.20647891969e-05	0.00735657877861	2.74841050259e-05	5.49682100519e-05	5.03875258809e-05	0.000522197995493	2.29034208549e-05	0.000151162577643	0.0119418436338	1.3742052513e-05	4.58068417099e-06	0.000320647891969	1.8322736684e-05	0.00146123825055	0.0252166663613	0.00330267328728	0.00525862542829	0.000989427780933	0.000934459570882	0.00898730234348	0.00171775656412	6.41295783938e-05	2.74841050259e-05	0	0	4.58068417099e-05	5.49682100519e-05	0	0.00192846803599	0.00041684225956	0	0	0	0	3.20647891969e-05	0	3.66454733679e-05	0	0	0	3.66454733679e-05	0	9.16136834198e-06	0.00564798358283	0.000343551312824	0	2.29034208549e-05	0	0.000824523150778	0.0107462850651	0.00591366326475	0.00041684225956	0.000100775051762	0.000600069626399	0.00243234329479	7.32909467358e-05	0	0.000178646682669	0	0	0	4.58068417099e-05	0.00032522857614	0.00050845594298	3.20647891969e-05	4.58068417099e-06	0.000306905839456	0	5.49682100519e-05	0.000105355735933	0.000178646682669	2.29034208549e-05	1.8322736684e-05	9.16136834198e-06	0	0
5.95488942228e-05	0.000123678472617	0.010393572384	0	0	1.8322736684e-05	2.74841050259e-05	0.00220330908625	0.000403100207047	0.000109936420104	9.16136834198e-05	0.000142001209301	4.12261575389e-05	5.95488942228e-05	0.00046264910127	0.000151162577643	0.0074527731462	0.00423713285816	9.16136834198e-06	0.000334389944482	3.66454733679e-05	0.0195366179893	0.00330267328728	0.0632729904539	0.000847426571633	0	0.00174524066915	0.00642211920772	0.00541436869011	0.000513036627151	0.00575333931876	4.58068417099e-06	4.58068417099e-06	2.29034208549e-05	0.00580372684464	1.8322736684e-05	0.00218956703373	0.00112684830606	0	0	0	9.16136834198e-06	3.66454733679e-05	2.74841050259e-05	1.3742052513e-05	4.58068417099e-06	4.58068417099e-06	4.58068417099e-06	0	2.29034208549e-05	0	0.00160323945985	0.000581746889715	0	2.74841050259e-05	4.58068417099e-06	0.00106271872767	0.00955072649651	0.0144612199278	0.000100775051762	0	0.000577166205544	0.00246440808399	0.000384777470363	4.58068417099e-06	0.000169485314327	0	0	0	0.000123678472617	0.00559301537278	0.00222163182293	0.00566172563534	0.00299576744783	0.00214834087619	5.03875258809e-05	9.16136834198e-06	0.000192388735181	0.000146581893472	0.000128259156788	0.000114517104275	0	0	0
0.000668779888964	0.00267970024003	0.000229034208549	0	0.00845594297964	0.000114517104275	0.00125510746285	0.00379280649358	0.00152994851311	0.0240989794236	0.00256060245158	0.000458068417099	0.00129633362039	8.24523150778e-05	0.00186891914176	0.00180937024754	0.00464481374938	8.70329992488e-05	8.70329992488e-05	0.000366454733679	0.00207504992946	0.00414093849057	0.00525862542829	0.000847426571633	0.0657282371695	0.000160323945985	0.000824523150778	0.00274841050259	0.0264351283508	0.00400351796544	0.00147039961889	4.58068417099e-06	5.95488942228e-05	0.00124136541034	0.00269344229254	0.000270260366088	7.32909467358e-05	0.000151162577643	0	0.00351338475915	1.8322736684e-05	2.74841050259e-05	0.000865749308317	8.70329992488e-05	0.0160003298093	3.66454733679e-05	3.20647891969e-05	0.000251937629404	4.58068417099e-06	0.000261098997746	0.000119097788446	0.00409971233303	0.000421422943731	9.16136834198e-06	6.41295783938e-05	0.00193762940433	0.00119555856863	0.0059365666856	0.00154369056562	0.0225186433846	0	0.000338970628653	7.78716309068e-05	0.00817194056104	0.000320647891969	0.000600069626399	0	1.3742052513e-05	1.3742052513e-05	0.000467229785441	0.00352712681166	0.000513036627151	0.00311486523627	0.00143833482969	0.00218956703373	6.87102625648e-05	0	0.00163530424904	0.000192388735181	0.000980266412591	0.000302325155285	0.000338970628653	9.16136834198e-06	0
0	0.0012001392528	5.95488942228e-05	0	0	0	0	4.58068417099e-06	0	0.000746651519871	0	0.00218498634956	0	0.00718251278011	6.41295783938e-05	4.58068417099e-06	8.24523150778e-05	3.20647891969e-05	2.29034208549e-05	3.66454733679e-05	0	1.3742052513e-05	0.000989427780933	0	0.000160323945985	0.0132106931491	0.00143375414552	0.00513494695568	1.8322736684e-05	0.000128259156788	0	0.000412261575389	4.58068417099e-06	0	0.000311486523627	4.58068417099e-06	0.000911556150027	2.29034208549e-05	0	0	0	0	9.16136834198e-06	0	9.16136834198e-06	1.3742052513e-05	0.00139252798798	9.16136834198e-06	0.00571211316122	0	0	9.16136834198e-06	4.58068417099e-06	0.000119097788446	3.20647891969e-05	0	0	1.8322736684e-05	4.58068417099e-06	9.16136834198e-06	0.00709547978086	0.0013421404621	0.00290873444858	0	1.3742052513e-05	0	0.000316067207798	0	0	2.29034208549e-05	1.8322736684e-05	0.00139710867215	0.00018322736684	9.16136834198e-06	1.3742052513e-05	0	0.00111768693772	1.3742052513e-05	2.29034208549e-05	3.20647891969e-05	4.58068417099e-06	0	0	2.29034208549e-05
0.000210711471865	0.00397145317625	0.00651831357532	0	2.74841050259e-05	1.3742052513e-05	0.000155743261814	0.00319731755135	0.00291789581692	0.000526778679664	0.00425087491068	0.00857504076809	0.00112684830606	0.0035683529692	0.0022582772963	0.000100775051762	0.00065045715228	0.00575333931876	0.00283544350184	0.0105951224875	0.00157117467065	0.000412261575389	0.000934459570882	0.00174524066915	0.000824523150778	0.00143375414552	0.0724939076901	0.025234989098	0.00156201330231	0.00286292760687	0.00078787767741	0.0020521465086	1.8322736684e-05	1.8322736684e-05	0.00931253091962	7.32909467358e-05	0.0115433241109	0.00218498634956	0	0	0	5.95488942228e-05	1.8322736684e-05	4.58068417099e-05	6.41295783938e-05	9.16136834198e-05	0.000219872840207	7.32909467358e-05	0.00196969419352	9.16136834198e-05	0	0.000178646682669	0.00201550103523	0.000123678472617	0.00136962456713	9.16136834198e-06	2.29034208549e-05	0.000215292156036	0.00027942173443	0.000155743261814	0.00403558275464	0.0145986404529	0.0172050497462	0.000105355735933	0.000123678472617	4.58068417099e-05	0.000215292156036	4.58068417099e-06	0	0.000192388735181	0.00571669384539	0.00849716913718	0.00945911281309	0.000568004837202	0.000160323945985	1.8322736684e-05	3.66454733679e-05	0.000352712681166	0.000297744471114	0.000242776261062	5.03875258809e-05	3.66454733679e-05	4.58068417099e-06	9.16136834198e-06
0	0.0149192883449	0.0147452223464	0	1.3742052513e-05	8.70329992488e-05	0.000114517104275	0.00103523462264	0.00103065393847	0.00223079319127	0.00123678472617	0.00242318192645	0.000728328783187	0.00587701779138	0.000929878886711	0.00115433241109	0.00494713890467	0.00393938838705	0.000403100207047	0.00311944592044	0.000545101416348	0.00065045715228	0.00898730234348	0.00642211920772	0.00274841050259	0.00513494695568	0.025234989098	0.0829012221265	0.00119555856863	0.000664199204793	2.74841050259e-05	0.00147956098723	0.000100775051762	4.58068417099e-06	0.00347215860161	0.00018780805101	0.0181990582113	0.00229034208549	0	9.16136834198e-06	0	4.58068417099e-05	2.74841050259e-05	0.000146581893472	1.3742052513e-05	3.66454733679e-05	0.000265679681917	1.8322736684e-05	0.00309654249959	0.000146581893472	0	0.00087949136083	0.000595488942228	0.00018780805101	0.00111768693772	1.3742052513e-05	0.000256518313575	0.00355003023252	0.00475933085366	6.87102625648e-05	0.00655037836451	0.00765890393389	0.0205810139802	8.70329992488e-05	7.32909467358e-05	9.16136834198e-05	0.000320647891969	9.16136834198e-06	4.58068417099e-06	0.000242776261062	0.0120746834747	0.00410429301721	0.00395771112373	0.00055426278469	0.000471810469612	0.000114517104275	3.20647891969e-05	0.00103065393847	0.000522197995493	0.000357293365337	0.000206130787694	1.3742052513e-05	0	2.29034208549e-05
0.00069626399399	9.61943675907e-05	0.00280337871264	0	0.00622514978837	0.000426003627902	0.00688934899317	0.0345200359126	0.0093629184455	0.00870788060905	0.0167194972241	0.00262473202998	0.000810781098265	9.16136834198e-05	0.00803452003591	0.00198801693021	0.00443410227752	0.00105355735933	0.000398519522876	0.00131923704124	0.000480971837954	0.0174707294281	0.00171775656412	0.00541436869011	0.0264351283508	1.8322736684e-05	0.00156201330231	0.00119555856863	0.0918656210492	0.00877201018744	0.00719167414845	4.58068417099e-06	4.12261575389e-05	0.00130091430456	0.01414515272	9.16136834198e-05	4.12261575389e-05	5.49682100519e-05	0	0.00338054491819	1.3742052513e-05	2.74841050259e-05	0.000458068417099	3.66454733679e-05	0.00596405079063	2.74841050259e-05	3.20647891969e-05	0.000192388735181	4.58068417099e-06	0.00018780805101	4.12261575389e-05	0.00492423548381	0.000132839840959	4.58068417099e-06	7.78716309068e-05	0.0013100756729	0.000668779888964	0.00755812888213	0.00101233120179	0.0142230243509	0	0.000109936420104	9.16136834198e-05	0.00749399930374	0.00018780805101	0.000737490151529	0	9.16136834198e-06	0	0.000485552522125	0.00511204353482	0.00078787767741	0.0140581197208	0.00378822580941	0.0020842112978	5.95488942228e-05	1.3742052513e-05	0.000764974256555	0.00018780805101	0.000751232204042	0.000242776261062	0.000114517104275	4.58068417099e-06	0
0.007768840354	1.8322736684e-05	0.000348131996995	0	0.000293163786943	9.16136834198e-05	0.00121846198948	0.0156384557598	0.00849258845301	0.000838265203291	0.00841013613793	0.00725122304267	0.00111768693772	0.000302325155285	0.016957692801	0.000238195576891	5.49682100519e-05	0.00136046319878	0.00112684830606	0.00150246440808	0.00114517104275	0.000338970628653	6.41295783938e-05	0.000513036627151	0.00400351796544	0.000128259156788	0.00286292760687	0.000664199204793	0.00877201018744	0.046319878337	0.00901020576433	2.29034208549e-05	0.000251937629404	0.00486926727376	0.0147772871356	0	3.20647891969e-05	1.8322736684e-05	0	0	0	0	1.8322736684e-05	0	0.000467229785441	0	2.74841050259e-05	0	0.000142001209301	4.58068417099e-06	0	0.000238195576891	0.000114517104275	0	0	0	4.58068417099e-06	0.000265679681917	1.8322736684e-05	0.000655037836451	0.000142001209301	0.000132839840959	4.58068417099e-05	0.000306905839456	0	1.3742052513e-05	0	0	4.58068417099e-06	9.16136834198e-06	0.00097568572842	0.000618392363083	0.0143146380343	0.00169943382744	0.000952782307565	3.20647891969e-05	0.000251937629404	7.78716309068e-05	3.66454733679e-05	1.3742052513e-05	4.58068417099e-06	4.58068417099e-06	0	0
0.00259266724078	0	0.000989427780933	0	0	0	1.3742052513e-05	0.0106638327501	0.00216666361288	0.000142001209301	6.41295783938e-05	0.000146581893472	9.16136834198e-06	3.66454733679e-05	0.0054784982685	7.32909467358e-05	9.61943675907e-05	0.00312402660461	1.3742052513e-05	0.00023361489272	9.16136834198e-06	0.0151391611851	2.74841050259e-05	0.00575333931876	0.00147039961889	0	0.00078787767741	2.74841050259e-05	0.00719167414845	0.00901020576433	0.0429393334188	0	0	0.000842845887462	0.00626179526174	0.000109936420104	9.16136834198e-06	4.58068417099e-05	0	0	0	4.58068417099e-06	0.000201550103523	1.3742052513e-05	0.000100775051762	0	0	9.16136834198e-06	0	6.41295783938e-05	0	0.000430584312073	0.000142001209301	0	0	0	0.000178646682669	0.00140627004049	7.78716309068e-05	0.000261098997746	0	0.000146581893472	1.8322736684e-05	0.00164446561738	0.000210711471865	0.00060465031057	0	0	0.00013742052513	0.000293163786943	0.000535940048006	0.000251937629404	0.00347215860161	0.00174065998498	0.00069626399399	4.58068417099e-06	0	0.000526778679664	9.61943675907e-05	0.000174065998498	8.24523150778e-05	4.58068417099e-06	9.16136834198e-06	0
0	0	0	0	0	0	0	4.58068417099e-06	2.29034208549e-05	0	7.32909467358e-05	0.000522197995493	2.74841050259e-05	0.00250563424153	2.74841050259e-05	0	4.58068417099e-06	1.3742052513e-05	5.49682100519e-05	7.78716309068e-05	2.29034208549e-05	0	0	4.58068417099e-06	4.58068417099e-06	0.000412261575389	0.0020521465086	0.00147956098723	4.58068417099e-06	2.29034208549e-05	0	0.00401267933379	0	0	8.24523150778e-05	0	4.58068417099e-06	4.58068417099e-06	0	0	0	0	0	0	0	0	1.8322736684e-05	0	0.000948201623394	0	0	0	4.58068417099e-06	8.24523150778e-05	0.00018780805101	0	0	0	0	0	0.000723748099016	0.000540520732177	0.00132381772542	0	0	0	0.000105355735933	0	0	0	0.000132839840959	0.000389358154534	0.000215292156036	9.16136834198e-05	0	0	1.3742052513e-05	4.58068417099e-06	0	0	0	0	0	0
0	4.58068417099e-06	3.66454733679e-05	0	0	0.00164904630156	0.00092529820254	3.20647891969e-05	0.00027942173443	2.29034208549e-05	2.29034208549e-05	0.000105355735933	9.16136834198e-06	3.20647891969e-05	0.00126426883119	0.000352712681166	4.58068417099e-06	4.58068417099e-06	0	1.3742052513e-05	9.16136834198e-06	4.58068417099e-06	0	4.58068417099e-06	5.95488942228e-05	4.58068417099e-06	1.8322736684e-05	0.000100775051762	4.12261575389e-05	0.000251937629404	0	0	0.00306905839456	0	0.000586327573886	0	4.58068417099e-06	4.58068417099e-06	0	0	0	2.74841050259e-05	0	9.16136834198e-06	0	0	4.58068417099e-06	3.66454733679e-05	1.3742052513e-05	1.3742052513e-05	2.74841050259e-05	0	1.3742052513e-05	0	0	4.58068417099e-06	0	0	1.3742052513e-05	1.3742052513e-05	9.16136834198e-06	0	4.58068417099e-06	0	0	0	0	0	0	4.58068417099e-05	0.000531359363835	5.03875258809e-05	0.000911556150027	0.00069626399399	0.000256518313575	0.00124136541034	9.16136834198e-06	2.29034208549e-05	1.3742052513e-05	8.24523150778e-05	0.000109936420104	4.58068417099e-06	0	0
0.000375616102021	0	1.3742052513e-05	0	0	0	9.16136834198e-06	0.00223537387544	4.58068417099e-05	0.00018780805101	4.58068417099e-05	9.16136834198e-06	0	4.58068417099e-06	0.000155743261814	4.58068417099e-06	0	2.74841050259e-05	0	2.29034208549e-05	0	0.00018322736684	4.58068417099e-05	2.29034208549e-05	0.00124136541034	0	1.8322736684e-05	4.58068417099e-06	0.00130091430456	0.00486926727376	0.000842845887462	0	0	0.00549682100519	0.00105355735933	0	0	0	0	0	0	0	4.58068417099e-06	0	3.20647891969e-05	0	0	0	0	0	0	1.8322736684e-05	4.58068417099e-06	0	0	0	0	1.8322736684e-05	0	3.66454733679e-05	0	4.58068417099e-06	0	1.8322736684e-05	0	0	0	0	0	0	0.000132839840959	9.16136834198e-06	0.00087949136083	0.000265679681917	0.000201550103523	0	0	0	0	0	0	0	0	0
0.000288583102772	0.000338970628653	0.000618392363083	0	0.000297744471114	0.000142001209301	0.00126884951536	0.0105676383825	0.00823607013944	0.000256518313575	0.0112639023765	0.0160507173351	0.00365080528428	0.000929878886711	0.00786045403742	0.000485552522125	0.000545101416348	0.00614727815747	0.00185059640508	0.00772761419646	0.00468603990692	0.00811697235099	5.49682100519e-05	0.00580372684464	0.00269344229254	0.000311486523627	0.00931253091962	0.00347215860161	0.01414515272	0.0147772871356	0.00626179526174	8.24523150778e-05	0.000586327573886	0.00105355735933	0.0576341682394	2.29034208549e-05	0.000146581893472	0.000210711471865	0	0	9.16136834198e-06	3.20647891969e-05	2.74841050259e-05	7.32909467358e-05	2.74841050259e-05	0	5.49682100519e-05	4.58068417099e-06	0.000284002418601	9.16136834198e-05	0	3.20647891969e-05	4.58068417099e-05	0	0	0	2.74841050259e-05	0.000114517104275	0.000132839840959	0.000297744471114	0.000284002418601	6.41295783938e-05	0.000229034208549	0.000123678472617	4.12261575389e-05	1.8322736684e-05	0	5.03875258809e-05	0	0.000105355735933	0.00519907653407	0.00298202539531	0.0406902174909	0.00569379042454	0.0027942173443	0.000132839840959	0.000618392363083	0.000105355735933	5.03875258809e-05	9.61943675907e-05	9.16136834198e-05	5.03875258809e-05	4.58068417099e-05	0
