3180	0	11	0	5	8	628	720	645	3	464	40	2	6	2029	1	5	22	3	7	19	2	0	2	73	0	4	0	302	1241	1068	0	0	39	122	0	0	0	0	0	0	1	0	1	2	0	1	0	0	1	0	0	0	0	1	1	0	0	0	0	0	2	0	0	0	0	0	0	0	1	26	6	83	5	0	0	0	0	1	3	1	0	0	0
0	5502	14	0	5	69	5	16	8	1396	4	6	5	76	3	75	37	192	2	14	1	15	857	23	507	1033	1890	3257	67	0	2	0	0	0	7	2	3274	2	0	1	0	3	0	9	132	0	0	1	51	7	0	63	309	1	399	2	9	204	19	40	224	894	2378	3	5	10	1	2	0	19	388	72	16	6	51	0	4	54	23	49	75	4	9	1
11	14	8872	0	1	1	7	1257	116	6	182	1	0	0	197	5	71	2866	1	34	2	650	38	3162	64	0	1599	3636	1333	7	506	0	0	0	139	0	336	8	0	0	0	4	0	5	0	0	3	0	0	5	0	15	8	0	7	0	0	296	37	0	1	24	561	0	1	0	0	0	0	8	663	170	239	98	4	1	0	20	5	29	131	2	1	0
0	0	0	0	0	0	0	0	0	0	0	0	0	0	0	0	0	0	0	0	0	0	0	0	0	0	0	0	0	0	0	0	0	0	0	0	0	0	0	0	0	0	0	0	0	0	0	0	0	0	0	0	0	0	0	0	0	0	0	0	0	0	0	0	0	0	0	0	0	0	0	0	0	0	0	0	0	0	0	0	0	0	0	0
5	5	1	0	4947	106	257	784	221	812	406	87	487	4	24	136	1	5	34	71	1836	37	0	146	1816	0	7	67	2345	193	5	0	1	11	62	7	11	0	0	473	0	1	0	37	307	81	13	233	0	21	9	1	4	4	5	265	0	1	1	400	0	13	4	311	41	0	0	24	0	78	333	18	236	18	143	26	0	101	6	78	20	231	28	9
8	69	1	0	106	3398	1799	242	841	550	713	47	279	10	84	1319	2	0	27	15	105	6	117	2	372	36	13	100	377	126	5	0	114	3	60	0	4	0	0	3	0	1	0	10	13	0	2	1	0	7	0	0	0	2	1	1	0	0	2	3	0	4	4	2	13	0	0	0	0	15	77	22	459	215	911	460	11	12	2	15	4	8	0	3
628	5	7	0	257	1799	13930	2584	8370	394	7033	562	2948	89	3171	999	3	76	180	160	976	19	0	16	171	0	45	11	2385	1327	363	0	48	191	479	5	31	0	0	16	0	24	0	67	38	6	37	417	0	57	0	0	8	24	9	41	0	0	0	27	0	48	20	12	70	0	0	12	0	143	859	102	1717	94	1233	157	31	42	11	118	18	22	15	5
720	16	1257	0	784	242	2584	15831	2666	587	6131	178	34	12	2982	152	34	1076	66	206	57	808	0	909	1087	0	249	351	9131	1265	2892	0	6	179	473	6	40	0	0	269	0	31	0	165	117	100	73	11	1	95	0	1	8	35	15	155	6	6	17	349	2	68	53	285	111	0	0	75	0	303	686	114	1162	374	106	4	0	82	71	340	105	13	84	19
645	8	116	0	221	841	8370	2666	14037	280	7612	1639	2276	186	5091	157	14	270	803	332	1731	86	0	47	103	0	179	32	2407	1707	431	0	62	197	1216	5	39	0	0	8	0	25	0	57	27	3	42	485	0	50	0	0	9	24	11	28	0	0	5	18	0	55	31	4	56	0	0	9	0	132	687	108	3204	143	825	23	31	36	27	129	44	14	12	16
3	1396	6	0	812	550	394	587	280	11686	191	10	739	17	82	1001	459	40	5	54	137	76	1516	83	6844	889	413	1643	3766	58	86	0	2	15	1	95	266	35	0	1417	2	398	17	853	3464	296	155	306	11	723	17	6	42	168	99	574	90	741	122	1892	34	382	228	1297	652	216	2	141	65	1591	491	105	72	17	994	74	0	1571	378	1561	533	516	211	27
464	4	182	0	406	713	7033	6131	7612	191	18638	1957	3220	146	3991	127	16	367	1249	752	3803	107	0	54	177	0	181	47	5845	2248	529	0	13	203	1699	5	14	0	0	46	0	29	0	116	58	12	52	460	0	86	0	0	1	24	6	69	0	0	6	67	0	62	20	42	96	0	0	20	0	202	426	70	3945	336	348	9	7	33	44	224	67	35	28	31
40	6	1	0	87	47	562	178	1639	10	1957	7903	889	1372	277	5	0	32	2371	1713	1306	28	0	13	6	462	1086	332	917	656	0	26	45	2	2682	1	59	0	0	0	0	3	1	8	5	0	343	211	720	9	0	0	3	19	4	0	0	4	0	1	408	82	81	1	8	1	233	0	0	10	705	1626	3978	416	14	1	174	15	93	7	1	6	1	3
2	5	0	0	487	279	2948	34	2276	739	3220	889	7941	93	216	549	0	6	565	223	2288	0	14	1	517	3	70	13	274	76	1	0	2	0	427	0	2	0	0	12	0	5	0	24	50	1	17	749	0	24	1	0	0	12	0	14	1	0	1	12	0	18	1	2	40	1	0	0	0	46	295	21	1718	17	437	82	15	40	5	27	2	36	0	3
6	76	0	0	4	10	89	12	186	17	146	1372	93	4788	18	0	0	5	33	31	58	0	14	3	1	2054	1623	1316	45	18	0	40	0	0	152	4	245	0	0	0	0	1	1	1	85	1	313	15	2012	4	0	11	3	174	7	0	0	103	1	10	1096	504	938	2	10	13	742	0	2	10	144	760	355	67	2	0	207	8	99	7	1	2	0	1
2029	3	197	0	24	84	3171	2982	5091	82	3991	277	216	18	9518	10	3	444	22	93	220	60	0	54	18	0	66	38	973	1758	1264	0	188	141	799	5	10	0	0	0	0	17	0	34	8	2	27	40	0	28	0	0	0	7	7	18	0	0	9	9	0	38	23	1	25	0	0	6	0	54	81	63	1125	224	95	31	25	15	37	94	49	4	6	16
1	75	5	0	136	1319	999	152	157	1001	127	5	549	0	10	2993	18	6	2	2	19	19	157	6	724	38	5	162	530	13	11	0	8	0	4	3	8	0	0	27	0	55	0	139	53	3	8	6	0	129	0	0	1	9	2	23	0	0	3	34	0	8	26	8	75	0	0	9	0	72	104	5	38	7	865	208	0	60	10	63	41	82	9	1
5	37	71	0	1	2	3	34	14	459	16	0	0	0	3	18	5734	20	2	12	1	1361	2988	1743	2327	1	7	866	1236	14	24	0	0	4	58	2	97	0	0	4	0	0	8	3	126	0	5	0	0	5	0	258	11	0	7	0	728	1824	911	79	0	14	139	702	3	23	0	0	0	3	998	953	97	43	3	0	0	43	41	13	25	1	2	1
22	192	2866	0	5	0	76	1076	270	40	367	32	6	5	444	6	20	9531	10	1064	22	671	3	1550	25	4	2841	1189	813	45	889	0	0	4	1732	6	2348	18	0	2	0	3	0	14	105	3	11	2	2	12	0	108	581	17	667	5	59	224	213	55	3	613	821	11	17	22	0	0	2	90	949	690	1108	173	40	0	0	379	189	350	456	8	63	1
3	2	1	0	34	27	180	66	803	5	1249	2371	565	33	22	2	2	10	3385	1408	912	6	0	28	11	1	451	87	536	277	8	1	0	4	1129	0	11	0	0	0	0	1	0	5	1	0	0	138	0	5	0	0	0	0	0	0	0	1	1	0	5	1	11	0	3	1	0	0	0	4	603	469	1896	190	13	1	5	13	2	3	1	3	1	0
7	14	34	0	71	15	160	206	332	54	752	1713	223	31	93	2	12	1064	1408	5603	499	186	0	131	60	5	429	146	766	424	82	1	0	4	1911	0	39	0	0	0	0	6	0	13	0	3	1	99	1	13	0	4	8	6	57	3	0	4	5	0	8	137	18	2	5	0	1	0	0	8	1717	656	3100	539	58	0	0	34	23	6	4	7	1	1
19	1	2	0	1836	105	976	57	1731	137	3803	1306	2288	58	220	19	1	22	912	499	6712	2	0	6	362	0	85	10	2220	376	19	0	1	1	968	0	4	0	0	133	0	5	0	39	130	2	9	499	0	34	1	0	1	5	1	134	0	0	0	85	0	12	2	51	40	0	0	6	0	52	144	20	2200	50	120	4	4	61	3	42	7	117	7	4
2	15	650	0	37	6	19	808	86	76	107	28	0	0	60	19	1361	671	6	186	2	10373	581	4718	504	0	106	272	3733	128	2622	0	0	23	1558	0	64	0	0	3	0	0	3	1	6	0	20	0	1	1	0	74	7	0	14	0	452	816	554	14	2	49	339	162	1	8	0	0	0	3	1762	655	1411	479	2	6	0	23	44	55	233	1	1	22
0	857	38	0	0	117	0	0	0	1516	0	0	14	14	0	157	2988	3	0	0	0	581	8581	2933	2315	389	85	2744	126	0	0	0	0	0	0	0	391	0	0	2	0	0	0	0	82	0	0	0	2	0	0	1550	18	1	24	0	733	4373	2392	88	9	52	1163	570	0	4	0	0	0	0	33	22	0	0	111	0	0	19	12	3	4	0	0	0
2	23	3162	0	146	2	16	909	47	83	54	13	1	3	54	6	1743	1550	28	131	6	4718	2933	16475	298	1	218	2159	1554	126	784	0	0	1	1049	0	213	1	0	3	0	12	0	16	11	0	1	0	1	15	0	1762	19	2	24	0	545	3719	2828	21	2	56	1376	171	3	1	0	0	0	14	4290	1928	765	249	1	1	0	52	34	57	423	1	0	0
73	507	64	0	1816	372	171	1087	103	6844	177	6	517	1	18	724	2327	25	11	60	362	504	2315	298	13799	221	64	1022	6035	443	401	0	1	180	54	64	207	30	0	1408	3	59	17	209	2459	327	60	186	1	155	13	5	36	92	66	475	211	1082	184	1870	1	204	227	1624	250	173	0	100	54	741	1308	1010	210	103	648	51	0	840	266	714	274	188	126	20
0	1033	0	0	0	36	0	0	0	889	0	462	3	2054	0	38	1	4	1	5	0	0	389	1	221	4744	1067	2279	0	0	0	1	0	0	52	1	592	0	0	0	0	0	1	1	118	0	186	0	1851	3	0	17	7	28	21	0	0	140	0	19	1932	306	1483	1	4	24	609	0	3	5	13	130	14	7	20	0	174	7	11	4	3	3	1	1
4	1890	1599	0	7	13	45	249	179	413	181	1086	70	1623	66	5	7	2841	451	429	85	106	85	218	64	1067	15830	4902	188	12	80	68	1	0	151	16	5494	21	0	7	0	5	2	28	344	4	80	29	1015	27	0	168	565	245	970	13	65	517	225	118	1669	3185	4036	24	36	62	240	2	4	89	760	1377	695	263	23	0	7	533	311	408	403	11	96	4
0	3257	3636	0	67	100	11	351	32	1643	47	332	13	1316	38	162	866	1189	87	146	10	272	2744	2159	1022	2279	4902	21476	649	6	197	7	0	0	109	8	3501	5	0	2	0	12	1	17	94	6	88	1	934	19	0	343	226	137	320	4	5	1766	132	30	1799	1819	5241	5	8	20	317	0	0	24	2466	792	364	199	146	1	57	91	50	46	84	1	2	0
302	67	1333	0	2345	377	2385	9131	2407	3766	5845	917	274	45	973	530	1236	813	536	766	2220	3733	126	1554	6035	0	188	649	27023	2301	2685	0	6	458	1580	64	247	28	0	1258	4	201	7	514	2198	260	160	249	1	382	9	38	55	109	99	582	155	590	249	1396	3	301	422	1106	372	131	0	119	53	1206	3543	1420	3129	869	282	25	2	1165	387	1318	595	286	187	70
1241	0	7	0	193	126	1327	1265	1707	58	2248	656	76	18	1758	13	14	45	277	424	376	128	0	126	443	0	12	6	2301	7185	2429	0	56	1355	1011	2	2	0	0	11	0	13	0	40	10	1	3	12	0	27	0	0	0	5	2	14	0	0	0	24	0	7	2	6	26	0	0	7	0	55	89	28	1022	76	24	1	0	7	9	68	14	3	10	11
1068	2	506	0	5	5	363	2892	431	86	529	0	1	0	1264	11	24	889	8	82	19	2622	0	784	401	0	80	197	2685	2429	9980	0	0	871	1910	1	13	0	0	6	0	9	0	34	3	0	33	2	0	35	0	0	3	7	3	7	0	1	6	12	0	37	12	1	42	0	0	0	0	47	208	46	1013	191	5	0	0	38	40	79	18	20	0	9
0	0	0	0	0	0	0	0	0	0	0	26	0	40	0	0	0	0	1	1	0	0	0	0	0	1	68	7	0	0	0	71	0	0	0	0	0	0	0	0	0	0	0	0	0	0	1	0	8	0	0	0	0	11	0	0	0	0	0	0	1	18	6	0	0	0	4	0	0	0	19	40	14	4	0	0	0	0	0	0	0	0	0	0
0	0	0	0	1	114	48	6	62	2	13	45	2	0	188	8	0	0	0	0	1	0	0	0	1	0	1	0	6	56	0	0	347	0	145	0	0	0	0	0	0	0	0	0	0	0	1	0	0	0	0	0	0	1	0	0	0	0	0	0	0	0	0	0	0	0	0	0	0	1	3	15	119	1	2	65	12	0	0	0	0	0	0	0
39	0	0	0	11	3	191	179	197	15	203	2	0	0	141	0	4	4	4	4	1	23	0	1	180	0	0	0	458	1355	871	0	0	1433	79	1	0	0	0	7	0	1	0	2	2	0	1	3	0	1	0	0	0	0	0	8	0	0	0	14	0	2	0	2	4	0	0	0	0	6	13	4	9	1	0	0	0	0	0	5	0	0	0	0
122	7	139	0	62	60	479	473	1216	1	1699	2682	427	152	799	4	58	1732	1129	1911	968	1558	0	1049	54	52	151	109	1580	1011	1910	0	145	79	9161	0	12	0	0	0	0	1	0	1	1	0	5	71	0	1	0	0	4	0	17	0	0	0	4	1	2	71	4	0	2	1	0	0	0	4	412	131	5678	278	7	15	144	6	10	8	7	1	1	2
0	2	0	0	7	0	5	6	5	95	5	1	0	4	5	3	2	6	0	0	0	0	0	0	64	1	16	8	64	2	1	0	0	1	0	8827	103	760	0	187	0	699	2770	3240	507	616	218	322	87	6784	3	4	433	723	162	1006	248	96	1188	229	87	991	465	565	3894	3761	0	89	28	1697	3	2	2	1	1	0	0	283	114	1193	171	161	152	6
0	3274	336	0	11	4	31	40	39	266	14	59	2	245	10	8	97	2348	11	39	4	64	391	213	207	592	5494	3501	247	2	13	0	0	0	12	103	14673	38	0	7	0	11	8	50	2167	3	21	6	1321	116	0	833	1398	28	1674	12	89	3519	343	744	2565	2655	9542	38	155	334	38	2	11	161	1486	1124	94	54	43	0	6	862	402	577	756	42	113	22
0	2	8	0	0	0	0	0	0	35	0	0	0	0	0	0	0	18	0	0	0	0	0	1	30	0	21	5	28	0	0	0	0	0	0	760	38	7395	0	17	0	86	191	762	119	2	0	3	7	705	0	72	1132	5	42	1	1030	11	5318	245	7	1212	3043	181	51	1527	0	0	1	202	0	5	0	0	0	0	0	97	50	390	265	11	2	0
0	0	0	0	0	0	0	0	0	0	0	0	0	0	0	0	0	0	0	0	0	0	0	0	0	0	0	0	0	0	0	0	0	0	0	0	0	0	0	0	0	0	0	0	0	0	0	0	0	0	0	0	0	0	0	0	0	0	0	0	0	0	0	0	0	0	0	0	0	0	0	0	0	0	0	0	0	0	0	0	0	0	0	0
0	1	0	0	473	3	16	269	8	1417	46	0	12	0	0	27	4	2	0	0	133	3	2	3	1408	0	7	2	1258	11	6	0	0	7	0	187	7	17	0	6252	25	97	55	410	1194	395	146	561	0	585	92	0	3	112	25	1816	3	2	21	4037	1	178	10	2666	1596	265	0	142	35	1776	31	8	11	1	10	0	0	341	77	1335	157	251	213	33
0	0	0	0	0	0	0	0	0	2	0	0	0	0	0	0	0	0	0	0	0	0	0	0	3	0	0	0	4	0	0	0	0	0	0	0	0	0	0	25	745	13	0	101	106	1	0	72	0	2	233	0	0	1	0	0	3	0	3	84	0	2	2	3	3	5	0	262	1	58	1	0	2	2	0	0	0	80	0	25	10	347	62	0
1	3	4	0	1	1	24	31	25	398	29	3	5	1	17	55	0	3	1	6	5	0	0	12	59	0	5	12	201	13	9	0	0	1	1	699	11	86	0	97	13	9389	796	4058	203	1935	52	2033	9	2727	800	0	27	50	33	851	14	4	118	90	1	104	39	478	1004	256	0	54	24	958	110	33	18	7	29	0	0	578	79	1260	29	875	134	4
0	0	0	0	0	0	0	0	0	17	0	1	0	1	0	0	8	0	0	0	0	3	0	0	17	1	2	1	7	0	0	0	0	0	0	2770	8	191	0	55	0	796	9219	1412	170	720	99	85	2	2688	16	9	21	115	47	47	59	18	269	994	3	133	26	2977	1715	1884	0	1	220	731	2	3	1	1	0	0	0	175	17	214	23	140	13	1
1	9	5	0	37	10	67	165	57	853	116	8	24	1	34	139	3	14	5	13	39	1	0	16	209	1	28	17	514	40	34	0	0	2	1	3240	50	762	0	410	101	4058	1412	13365	414	793	598	1019	71	7864	195	3	322	176	170	1246	166	20	1214	467	11	527	357	690	3478	1876	2	1468	85	3965	210	58	146	114	59	3	0	1445	373	3939	381	1039	1339	27
2	132	0	0	307	13	38	117	27	3464	58	5	50	85	8	53	126	105	1	0	130	6	82	11	2459	118	344	94	2198	10	3	0	0	2	1	507	2167	119	0	1194	106	203	170	414	10667	65	86	1225	802	709	442	466	34	79	59	248	50	3208	186	4088	1181	250	2084	618	955	1476	16	8	302	1106	135	38	28	1	70	3	0	2717	371	966	405	1742	62	19
0	0	0	0	81	0	6	100	3	296	12	0	1	1	2	3	0	3	0	3	2	0	0	0	327	0	4	6	260	1	0	0	0	0	0	616	3	2	0	395	1	1935	720	793	65	6567	103	847	0	689	14	0	1	324	77	1224	0	0	5	225	0	403	3	1409	1118	26	0	174	17	1095	23	7	5	0	1	0	0	94	61	890	60	26	252	10
1	0	3	0	13	2	37	73	42	155	52	343	17	313	27	8	5	11	0	1	9	20	0	1	60	186	80	88	160	3	33	1	1	1	5	218	21	0	0	146	0	52	99	598	86	103	6882	116	1265	589	2	1	14	893	555	417	16	5	49	138	383	1729	17	138	1583	45	394	296	0	2745	31	366	113	101	34	0	132	814	1004	1756	221	24	69	299
0	1	0	0	233	1	417	11	485	306	460	211	749	15	40	6	0	2	138	99	499	0	0	0	186	0	29	1	249	12	2	0	0	3	71	322	6	3	0	561	72	2033	85	1019	1225	847	116	8053	1	1321	718	0	2	151	7	2495	11	3	7	896	0	181	9	304	1689	86	0	32	44	1072	35	9	358	2	42	0	5	507	55	813	67	1482	56	12
0	51	0	0	0	0	0	1	0	11	0	720	0	2012	0	0	0	2	0	1	0	1	2	1	1	1851	1015	934	1	0	0	8	0	0	0	87	1321	7	0	0	0	9	2	71	802	0	1265	1	6934	105	0	69	7	173	18	2	0	897	7	208	3513	781	3088	3	202	231	1351	22	6	113	5	574	3	1	0	0	118	34	239	120	12	8	4	161
1	7	5	0	21	7	57	95	50	723	86	9	24	4	28	129	5	12	5	13	34	1	0	15	155	3	27	19	382	27	35	0	0	1	1	6784	116	705	0	585	2	2727	2688	7864	709	689	589	1321	105	14952	169	4	405	212	152	1589	228	92	1132	517	78	654	445	896	7321	3099	5	189	29	3188	184	55	81	54	45	2	0	1068	378	2577	216	1051	194	27
0	0	0	0	9	0	0	0	0	17	0	0	1	0	0	0	0	0	0	0	1	0	0	0	13	0	0	0	9	0	0	0	0	0	0	3	0	0	0	92	233	800	16	195	442	14	2	718	0	169	1619	0	0	6	0	59	1	0	1	325	0	6	3	8	31	21	0	2	6	54	0	0	0	0	1	0	0	303	3	45	7	1237	7	0
0	63	15	0	1	0	0	1	0	6	0	0	0	11	0	0	258	108	0	4	0	74	1550	1762	5	17	168	343	38	0	0	0	0	0	0	4	833	72	0	0	0	0	9	3	466	0	1	0	69	4	0	5827	12	6	12	0	469	4106	2253	863	97	28	1454	168	0	106	4	0	7	20	83	57	2	0	0	0	0	113	35	29	52	5	2	0
0	309	8	0	4	0	8	8	9	42	1	3	0	3	0	1	11	581	0	8	1	7	18	19	36	7	565	226	55	0	3	0	0	0	4	433	1398	1132	0	3	0	27	21	322	34	1	14	2	7	405	0	12	6825	66	1549	0	331	9	1626	32	21	1883	1706	14	125	711	1	0	0	615	313	512	14	5	13	0	0	127	252	205	59	2	2	0
0	1	0	0	4	2	24	35	24	168	24	19	12	174	7	9	0	17	0	6	5	0	1	2	92	28	245	137	109	5	7	11	1	0	0	723	28	5	0	112	1	50	115	176	79	324	893	151	173	212	6	6	66	4034	770	740	32	2	117	128	75	2843	169	157	1016	51	80	106	1	1761	35	38	10	4	15	0	0	916	750	1424	444	16	145	32
1	399	7	0	5	1	9	15	11	99	6	4	0	7	7	2	7	667	0	57	1	14	24	24	66	21	970	320	99	2	3	0	0	0	17	162	1674	42	0	25	0	33	47	170	59	77	555	7	18	152	0	12	1549	770	7412	98	243	30	551	39	41	4965	399	54	252	92	1	31	2	2202	222	674	32	10	14	0	0	1379	1151	1052	411	10	141	1
1	2	0	0	265	1	41	155	28	574	69	0	14	0	18	23	0	5	0	3	134	0	0	0	475	0	13	4	582	14	7	0	0	8	0	1006	12	1	0	1816	0	851	47	1246	248	1224	417	2495	2	1589	59	0	0	740	98	6558	0	1	6	736	0	920	8	1049	2750	27	0	583	8	2626	31	6	9	0	11	0	0	378	228	2127	320	239	661	58
0	9	0	0	0	0	0	6	0	90	0	0	1	0	0	0	728	59	0	0	0	452	733	545	211	0	65	5	155	0	0	0	0	0	0	248	89	1030	0	3	3	14	59	166	50	0	16	11	0	228	1	469	331	32	243	0	9309	952	6692	175	0	331	251	462	269	2513	0	0	230	1460	23	15	25	25	2	0	0	950	262	1511	533	148	154	1
0	204	296	0	1	0	0	6	0	741	0	4	0	103	0	0	1824	224	1	4	0	816	4373	3719	1082	140	517	1766	590	0	1	0	0	0	0	96	3519	11	0	2	0	4	18	20	3208	0	5	3	897	92	0	4106	9	2	30	1	952	13157	3714	1283	1425	97	6078	1044	128	347	25	0	10	17	199	102	1	0	1	0	0	459	202	27	20	32	4	9
0	19	37	0	1	2	0	17	5	122	6	0	1	1	9	3	911	213	1	5	0	554	2392	2828	184	0	225	132	249	0	6	0	0	0	4	1188	343	5318	0	21	3	118	269	1214	186	5	49	7	7	1132	1	2253	1626	117	551	6	6692	3714	21412	385	8	1361	4227	398	180	3043	0	12	2	2357	134	90	65	49	3	0	0	2137	564	4524	3216	621	528	2
0	40	0	0	400	3	27	349	18	1892	67	1	12	10	9	34	79	55	0	0	85	14	88	21	1870	19	118	30	1396	24	12	0	0	14	1	229	744	245	0	4037	84	90	994	467	4088	225	138	896	208	517	325	863	32	128	39	736	175	1283	385	11609	306	240	821	3904	2087	1788	3	181	560	2641	46	13	11	1	25	0	0	826	136	1695	329	733	278	24
0	224	1	0	0	0	0	2	0	34	0	408	0	1096	0	0	0	3	5	8	0	2	9	2	1	1932	1669	1799	3	0	0	1	0	0	2	87	2565	7	0	1	0	1	3	11	1181	0	383	0	3513	78	0	97	21	75	41	0	0	1425	8	306	6319	756	4240	5	112	240	216	0	7	11	28	356	25	18	0	0	150	40	77	14	12	11	4	62
2	894	24	0	13	4	48	68	55	382	62	82	18	504	38	8	14	613	1	137	12	49	52	56	204	306	3185	1819	301	7	37	18	0	2	71	991	2655	1212	0	178	2	104	133	527	250	403	1729	181	781	654	6	28	1883	2843	4965	920	331	97	1361	240	756	19786	4745	259	1493	398	379	164	5	3416	333	808	185	130	47	0	5	2611	2765	2707	698	39	294	11
0	2378	561	0	4	4	20	53	31	228	20	81	1	938	23	26	139	821	11	18	2	339	1163	1376	227	1483	4036	5241	422	2	12	6	0	0	4	465	9542	3043	0	10	2	39	26	357	2084	3	17	9	3088	445	3	1454	1706	169	399	8	251	6078	4227	821	4240	4745	28855	107	178	799	146	0	11	530	1191	410	87	54	27	0	6	1360	277	1599	2464	90	184	20
0	3	0	0	311	2	12	285	4	1297	42	1	2	2	1	8	702	11	0	2	51	162	570	171	1624	1	24	5	1106	6	1	0	0	2	0	565	38	181	0	2666	3	478	2977	690	618	1409	138	304	3	896	8	168	14	157	54	1049	462	1044	398	3904	5	259	107	11264	1751	1959	0	287	258	1940	43	12	6	0	7	0	0	470	144	1401	208	121	390	40
0	5	1	0	41	13	70	111	56	652	96	8	40	10	25	75	3	17	3	5	40	1	0	3	250	4	36	8	372	26	42	0	0	4	2	3894	155	51	0	1596	3	1004	1715	3478	955	1118	1583	1689	202	7321	31	0	125	1016	252	2750	269	128	180	2087	112	1493	178	1751	13920	3155	10	700	1094	7153	104	23	95	62	61	3	0	1042	519	3648	256	760	328	79
0	10	0	0	0	0	0	0	0	216	0	1	1	13	0	0	23	22	1	0	0	8	4	1	173	24	62	20	131	0	0	0	0	0	1	3761	334	1527	0	265	5	256	1884	1876	1476	26	45	86	231	3099	21	106	711	51	92	27	2513	347	3043	1788	240	398	799	1959	3155	13101	0	6	1219	2965	21	13	2	1	4	0	0	580	138	1514	479	326	133	11
0	1	0	0	0	0	0	0	0	2	0	233	0	742	0	0	0	0	0	1	0	0	0	0	0	609	240	317	0	0	0	4	0	0	0	0	38	0	0	0	0	0	0	2	16	0	394	0	1351	5	0	4	1	80	1	0	0	25	0	3	216	379	146	0	10	0	1667	1	0	11	1	153	1	0	0	0	0	6	154	11	0	0	0	0
0	2	0	0	24	0	12	75	9	141	20	0	0	0	6	9	0	0	0	0	6	0	0	0	100	0	2	0	119	7	0	0	0	0	0	89	2	0	0	142	262	54	1	1468	8	174	296	32	22	189	2	0	0	106	31	583	0	0	12	181	0	164	0	287	700	6	1	2289	0	1563	4	1	12	5	1	0	0	200	52	1114	195	68	1137	12
0	0	0	0	0	0	0	0	0	65	0	0	0	2	0	0	0	2	0	0	0	0	0	0	54	3	4	0	53	0	0	0	0	0	0	28	11	1	0	35	1	24	220	85	302	17	0	44	6	29	6	7	0	1	2	8	230	10	2	560	7	5	11	258	1094	1219	0	0	1471	1173	2	1	0	0	0	0	0	103	6	14	5	71	0	0
1	19	8	0	78	15	143	303	132	1591	202	10	46	10	54	72	3	90	4	8	52	3	0	14	741	5	89	24	1206	55	47	0	1	6	4	1697	161	202	0	1776	58	958	731	3965	1106	1095	2745	1072	113	3188	54	20	615	1761	2202	2626	1460	17	2357	2641	11	3416	530	1940	7153	2965	11	1563	1173	17810	231	99	237	183	77	1	0	2223	1137	10277	1456	446	1467	185
26	388	663	0	333	77	859	686	687	491	426	705	295	144	81	104	998	949	603	1717	144	1762	33	4290	1308	13	760	2466	3543	89	208	19	3	13	412	3	1486	0	0	31	1	110	2	210	135	23	31	35	5	184	0	83	313	35	222	31	23	199	134	46	28	333	1191	43	104	21	1	4	2	231	16629	4907	2333	1180	1140	56	23	439	152	250	463	49	14	3
6	72	170	0	18	22	102	114	108	105	70	1626	21	760	63	5	953	690	469	656	20	655	22	1928	1010	130	1377	792	1420	28	46	40	15	4	131	2	1124	5	0	8	0	33	3	58	38	7	366	9	574	55	0	57	512	38	674	6	15	102	90	13	356	808	410	12	23	13	153	1	1	99	4907	8647	914	360	47	1	191	261	416	115	143	14	7	5
83	16	239	0	236	459	1717	1162	3204	72	3945	3978	1718	355	1125	38	97	1108	1896	3100	2200	1411	0	765	210	14	695	364	3129	1022	1013	14	119	9	5678	2	94	0	0	11	2	18	1	146	28	5	113	358	3	81	0	2	14	10	32	9	25	1	65	11	25	185	87	6	95	2	1	12	0	237	2333	914	13544	2684	417	167	157	57	163	404	120	16	17	95
5	6	98	0	18	215	94	374	143	17	336	416	17	67	224	7	43	173	190	539	50	479	0	249	103	7	263	199	869	76	191	4	1	1	278	1	54	0	0	1	2	7	1	114	1	0	101	2	1	54	0	0	5	4	10	0	25	0	49	1	18	130	54	0	62	1	0	5	0	183	1180	360	2684	2886	25	64	23	21	168	391	76	0	9	101
0	51	4	0	143	911	1233	106	825	994	348	14	437	2	95	865	3	40	13	58	120	2	111	1	648	20	23	146	282	24	5	0	2	0	7	1	43	0	0	10	0	29	0	59	70	1	34	42	0	45	1	0	13	15	14	11	2	1	3	25	0	47	27	7	61	4	0	1	0	77	1140	47	417	25	3305	186	4	69	8	47	5	41	3	0
0	0	1	0	26	460	157	4	23	74	9	1	82	0	31	208	0	0	1	0	4	6	0	1	51	0	0	1	25	1	0	0	65	0	15	0	0	0	0	0	0	0	0	3	3	0	0	0	0	2	0	0	0	0	0	0	0	0	0	0	0	0	0	0	3	0	0	0	0	1	56	1	167	64	186	567	1	4	0	1	1	3	0	0
0	4	0	0	0	11	31	0	31	0	7	174	15	207	25	0	0	0	5	0	4	0	0	0	0	174	7	57	2	0	0	0	12	0	144	0	6	0	0	0	0	0	0	0	0	0	132	5	118	0	0	0	0	0	0	0	0	0	0	0	150	5	6	0	0	0	0	0	0	0	23	191	157	23	4	1	671	0	41	2	0	0	0	4
0	54	20	0	101	12	42	82	36	1571	33	15	40	8	15	60	43	379	13	34	61	23	19	52	840	7	533	91	1165	7	38	0	0	0	6	283	862	97	0	341	80	578	175	1445	2717	94	814	507	34	1068	303	113	127	916	1379	378	950	459	2137	826	40	2611	1360	470	1042	580	6	200	103	2223	439	261	57	21	69	4	0	13767	3670	4236	2190	1306	988	26
1	23	5	0	6	2	11	71	27	378	44	93	5	99	37	10	41	189	2	23	3	44	12	34	266	11	311	50	387	9	40	0	0	0	10	114	402	50	0	77	0	79	17	373	371	61	1004	55	239	378	3	35	252	750	1151	228	262	202	564	136	77	2765	277	144	519	138	154	52	6	1137	152	416	163	168	8	0	41	3670	6434	1632	388	13	106	118
3	49	29	0	78	15	118	340	129	1561	224	7	27	7	94	63	13	350	3	6	42	55	3	57	714	4	408	46	1318	68	79	0	0	5	8	1193	577	390	0	1335	25	1260	214	3939	966	890	1756	813	120	2577	45	29	205	1424	1052	2127	1511	27	4524	1695	14	2707	1599	1401	3648	1514	11	1114	14	10277	250	115	404	391	47	1	2	4236	1632	16298	5025	1040	2242	353
1	75	131	0	20	4	18	105	44	533	67	1	2	1	49	41	25	456	1	4	7	233	4	423	274	3	403	84	595	14	18	0	0	0	7	171	756	265	0	157	10	29	23	381	405	60	221	67	12	216	7	52	59	444	411	320	533	20	3216	329	12	698	2464	208	256	479	0	195	5	1456	463	143	120	76	5	1	0	2190	388	5025	7427	899	1040	3
0	4	2	0	231	8	22	13	14	516	35	6	36	2	4	82	1	8	3	7	117	1	0	1	188	3	11	1	286	3	20	0	0	0	1	161	42	11	0	251	347	875	140	1039	1742	26	24	1482	8	1051	1237	5	2	16	10	239	148	32	621	733	11	39	90	121	760	326	0	68	71	446	49	14	16	0	41	3	0	1306	13	1040	899	4686	237	0
0	9	1	0	28	0	15	84	12	211	28	1	0	0	6	9	2	63	1	1	7	1	0	0	126	1	96	2	187	10	0	0	0	0	1	152	113	2	0	213	62	134	13	1339	62	252	69	56	4	194	7	2	2	145	141	661	154	4	528	278	4	294	184	390	328	133	0	1137	0	1467	14	7	17	9	3	0	0	988	106	2242	1040	237	2599	9
0	1	0	0	9	3	5	19	16	27	31	3	3	1	16	1	1	1	0	1	4	22	0	0	20	1	4	0	70	11	9	0	0	0	2	6	22	0	0	33	0	4	1	27	19	10	299	12	161	27	0	0	0	32	1	58	1	9	2	24	62	11	20	40	79	11	0	12	0	185	3	5	95	101	0	0	4	26	118	353	3	0	9	610
