0.0184804767744	3.90542619916e-05	0.000203082162356	0	0.000343677505526	5.85813929874e-05	0.000378826341319	0.00702976715849	0.00442484788365	0.000824044928023	0.00166761698704	0.000210893014755	0.000101541081178	3.51488357925e-05	0.00819358416584	1.95271309958e-05	7.81085239832e-05	0.000331961226929	1.95271309958e-05	0.000144500769369	0.000265568981543	0.000527232536887	0.000148406195568	0.000460840291501	0.00144110226749	1.17162785975e-05	0.000320244948331	0.000164027900365	0.00355003241504	0.0101892569536	0.00760386480977	0	1.95271309958e-05	0.000554570520281	0.00271427120842	0.000105446507377	1.56217047966e-05	1.56217047966e-05	0	4.29596881908e-05	0	5.07705405891e-05	0.000191365883759	5.85813929874e-05	0.000476461996298	0.000128879064572	2.3432557195e-05	1.17162785975e-05	7.81085239832e-06	0.000109351933577	0	5.46759667883e-05	7.81085239832e-06	1.17162785975e-05	3.90542619916e-06	5.46759667883e-05	3.12434095933e-05	0.000199176736157	7.81085239832e-05	0.000472556570098	7.81085239832e-06	2.73379833941e-05	3.90542619916e-05	0.00041788060331	7.02976715849e-05	5.85813929874e-05	7.81085239832e-06	0	7.81085239832e-06	6.24868191866e-05	0.000722503846845	0.000124973638373	0.00167542783944	0.000675638732455	0.000117162785975	0	0	7.81085239832e-05	3.90542619916e-06	7.02976715849e-05	2.73379833941e-05	2.3432557195e-05	3.90542619916e-06	0
3.90542619916e-05	0.0162075187265	0.00296421848516	0	0	3.90542619916e-06	1.56217047966e-05	3.12434095933e-05	3.51488357925e-05	0.00125364180993	1.17162785975e-05	2.3432557195e-05	3.90542619916e-06	0.000121068212174	1.56217047966e-05	1.95271309958e-05	0.000316339522132	0.00100759995938	3.90542619916e-06	0.000136689916971	3.90542619916e-06	0.000101541081178	0.00287829910878	0.000359299210323	0.000632679044264	0.00088262632101	0.00243698594828	0.0101619189702	0.000171838752763	8.20139501824e-05	0.000105446507377	0	3.90542619916e-06	1.95271309958e-05	0.000445218586704	1.56217047966e-05	0.00612761370648	0.00119506041694	0	7.81085239832e-06	0	3.90542619916e-06	1.95271309958e-05	3.90542619916e-06	3.90542619916e-05	2.73379833941e-05	4.68651143899e-05	1.95271309958e-05	2.3432557195e-05	1.17162785975e-05	7.81085239832e-06	6.63922453857e-05	0.000472556570098	1.95271309958e-05	0.00027728526014	1.17162785975e-05	3.90542619916e-05	0.000335866653128	0.000238230998149	5.07705405891e-05	0.000113257359776	0.00101931623798	0.00522155482828	3.12434095933e-05	7.81085239832e-06	3.51488357925e-05	1.56217047966e-05	0	0	0.000421786029509	0.000453029439103	0.000374920915119	0.000378826341319	8.98248025807e-05	5.46759667883e-05	0	3.90542619916e-06	0.000285096112539	0.000413975177111	0.000351488357925	8.98248025807e-05	7.81085239832e-06	1.17162785975e-05	3.90542619916e-06
0.000203082162356	0.00296421848516	0.0439477610192	0	7.81085239832e-06	1.95271309958e-05	2.3432557195e-05	0.000601435634671	0.000167933326564	0.000183555031361	9.37302287799e-05	6.63922453857e-05	7.81085239832e-06	1.17162785975e-05	0.000191365883759	0	0.000300717817335	0.0121614971842	0	0.000343677505526	7.81085239832e-06	0.00152311621767	0.00173010380623	0.0134502878299	0.00027728526014	2.3432557195e-05	0.0105837049997	0.0177892163372	0.000995883680786	0.00041788060331	0.00157388675826	0	1.56217047966e-05	7.81085239832e-05	0.00235887742429	2.73379833941e-05	0.00566286798878	0.00309309754974	0	3.90542619916e-06	0	1.17162785975e-05	6.24868191866e-05	1.95271309958e-05	3.51488357925e-05	3.90542619916e-05	6.63922453857e-05	1.56217047966e-05	7.81085239832e-06	4.68651143899e-05	3.90542619916e-06	0.000351488357925	0.00119896584314	3.12434095933e-05	0.000726409273044	1.17162785975e-05	0.000160122474166	0.00198005108297	0.00204253790216	6.63922453857e-05	4.29596881908e-05	0.00208159216415	0.00728752528763	5.85813929874e-05	2.73379833941e-05	7.42030977841e-05	3.90542619916e-06	3.90542619916e-06	3.90542619916e-06	0.000781085239832	0.00509658118991	0.00225343091692	0.00259320299624	0.00113257359776	2.73379833941e-05	7.81085239832e-06	3.90542619916e-06	0.00083576120662	0.00120287126934	0.000663922453857	0.00018746045756	2.3432557195e-05	2.73379833941e-05	0
0	0	0	0	0	0	0	0	0	0	0	0	0	0	0	0	0	0	0	0	0	0	0	0	0	0	0	0	0	0	0	0	0	0	0	0	0	0	0	0	0	0	0	0	0	0	0	0	0	0	0	0	0	0	0	0	0	0	0	0	0	0	0	0	0	0	0	0	0	0	0	0	0	0	0	0	0	0	0	0	0	0	0	0
0.000343677505526	0	7.81085239832e-06	0	0.0217141696673	8.20139501824e-05	0.00117553328595	0.00114038445016	0.00104274879518	0.00249947276746	0.00411631921392	8.20139501824e-05	0.00273770376561	3.51488357925e-05	0.000691260437252	0.000167933326564	1.56217047966e-05	1.95271309958e-05	1.17162785975e-05	5.46759667883e-05	0.01027517633	7.02976715849e-05	3.90542619916e-06	3.51488357925e-05	0.011216384044	7.81085239832e-06	7.02976715849e-05	1.56217047966e-05	0.0100642833152	0.00170667124903	0.00027728526014	0	2.73379833941e-05	0.000105446507377	0.000952923992595	9.7635654979e-05	1.17162785975e-05	0	0	0.000796706944629	0	9.37302287799e-05	0.000210893014755	9.7635654979e-05	0.00157388675826	0.000566286798878	1.17162785975e-05	0.000203082162356	3.90542619916e-06	0.000132784490771	1.56217047966e-05	1.17162785975e-05	3.90542619916e-06	0	0	0.000945113140197	3.90542619916e-06	3.12434095933e-05	7.81085239832e-06	0.00198395650917	3.90542619916e-06	1.17162785975e-05	1.95271309958e-05	0.00114428987635	6.24868191866e-05	7.81085239832e-06	3.90542619916e-06	0	0	5.07705405891e-05	0.000261663555344	4.29596881908e-05	0.000738125551641	0.000242136424348	0.000648300749061	7.81085239832e-06	1.17162785975e-05	3.12434095933e-05	7.81085239832e-06	4.29596881908e-05	1.95271309958e-05	3.90542619916e-05	1.17162785975e-05	0
5.85813929874e-05	3.90542619916e-06	1.95271309958e-05	0	8.20139501824e-05	0.00924023838722	0.00343286962906	0.000206987588556	0.00202301077117	0.000132784490771	0.000343677505526	0.000203082162356	0.000351488357925	4.68651143899e-05	0.0014059534317	0.00169495497044	0	2.3432557195e-05	3.90542619916e-06	3.90542619916e-05	0.000148406195568	1.56217047966e-05	1.56217047966e-05	2.3432557195e-05	0.000128879064572	0	0.000113257359776	2.73379833941e-05	0.000242136424348	0.00193709139478	8.98248025807e-05	0	0.00195271309958	3.51488357925e-05	0.00300327274715	3.90542619916e-06	0	3.90542619916e-06	0	0	0	0	1.56217047966e-05	0	3.12434095933e-05	1.56217047966e-05	7.81085239832e-06	0	3.90542619916e-06	3.90542619916e-06	0	0	0	0	0	1.56217047966e-05	0	7.81085239832e-06	0	3.90542619916e-05	0	7.81085239832e-06	0	1.56217047966e-05	7.81085239832e-06	3.90542619916e-06	0	0	0	7.81085239832e-06	0.000390542619916	7.02976715849e-05	0.00123411467893	0.000359299210323	0.00199567278777	0.00151139993908	1.95271309958e-05	7.81085239832e-06	3.90542619916e-06	7.81085239832e-06	3.90542619916e-06	3.90542619916e-06	0	0
0.000378826341319	1.56217047966e-05	2.3432557195e-05	0	0.00117553328595	0.00343286962906	0.039120654237	0.00383903395378	0.0152741218649	0.000480367422497	0.0153600412413	0.0004647457177	0.0092910089278	6.63922453857e-05	0.00362423551282	0.00336647738368	0	4.29596881908e-05	5.07705405891e-05	0.00018746045756	0.00301498902575	0.000105446507377	2.73379833941e-05	0.000109351933577	0.00115210072875	1.56217047966e-05	0.00032805580073	9.7635654979e-05	0.00358518125083	0.00401087270654	0.000503799979692	0	0.000269474407742	6.63922453857e-05	0.00342505877666	4.68651143899e-05	0	0	0	0.000136689916971	0	5.46759667883e-05	0.000117162785975	7.02976715849e-05	0.000386637193717	0.000249947276746	1.95271309958e-05	2.3432557195e-05	7.81085239832e-06	8.20139501824e-05	0	7.81085239832e-06	3.90542619916e-06	0	0	0.000257758129145	1.17162785975e-05	2.73379833941e-05	1.56217047966e-05	0.000628773618065	1.17162785975e-05	1.56217047966e-05	7.81085239832e-06	0.000355393784124	3.90542619916e-05	1.56217047966e-05	0	0	0	4.29596881908e-05	0.000636584470463	0.000121068212174	0.00222609293352	0.000585813929874	0.00292516422317	0.000257758129145	1.56217047966e-05	3.51488357925e-05	0	3.90542619916e-05	1.56217047966e-05	1.95271309958e-05	1.17162785975e-05	0
0.00702976715849	3.12434095933e-05	0.000601435634671	0	0.00114038445016	0.000206987588556	0.00383903395378	0.0506807157865	0.0106188538355	0.00244089137448	0.0143875901177	0.000410069750912	0.000488178274895	6.24868191866e-05	0.0100330399056	0.000117162785975	5.07705405891e-05	0.000867004616214	2.73379833941e-05	0.000312434095933	0.00107008677857	0.00199176736157	0.000117162785975	0.00152702164387	0.00462793004601	0	0.000691260437252	0.000425691455709	0.0231865153444	0.0105290290329	0.0113569793872	0	6.63922453857e-05	0.000906058878205	0.00565505713639	0.000320244948331	3.12434095933e-05	1.56217047966e-05	0	0.00023432557195	0	0.000167933326564	0.000480367422497	0.000246041850547	0.00199176736157	0.000554570520281	5.07705405891e-05	5.46759667883e-05	0	0.000425691455709	0	0.000113257359776	1.17162785975e-05	1.17162785975e-05	7.81085239832e-06	0.000398353472314	5.46759667883e-05	0.000320244948331	0.000128879064572	0.0023081068837	1.17162785975e-05	4.29596881908e-05	7.42030977841e-05	0.00132393948152	0.000249947276746	9.7635654979e-05	3.90542619916e-06	3.90542619916e-06	1.17162785975e-05	0.000257758129145	0.00218313324533	0.000230420145751	0.00431159052387	0.00172619838003	0.0004647457177	1.56217047966e-05	1.56217047966e-05	0.000167933326564	3.90542619916e-06	0.000257758129145	8.59193763815e-05	9.37302287799e-05	3.90542619916e-05	1.17162785975e-05
0.00442484788365	3.51488357925e-05	0.000167933326564	0	0.00104274879518	0.00202301077117	0.0152741218649	0.0106188538355	0.0476657267608	0.00088262632101	0.0132979762081	0.00189413170659	0.00295640763276	0.000300717817335	0.0250494036414	0.000824044928023	3.90542619916e-05	0.000226514719551	0.000206987588556	0.00069907128965	0.00199567278777	0.000394448046115	8.98248025807e-05	0.000351488357925	0.00196052395198	5.46759667883e-05	0.00133565576011	0.000386637193717	0.00582299046295	0.0129660149812	0.00368281690581	0	0.000714692994446	0.000265568981543	0.00809985393706	0.000132784490771	2.73379833941e-05	7.81085239832e-06	0	0.000124973638373	0	0.000117162785975	0.000230420145751	0.000121068212174	0.000687355011052	0.000316339522132	5.46759667883e-05	3.90542619916e-05	3.90542619916e-05	0.000167933326564	0	2.73379833941e-05	7.81085239832e-06	3.90542619916e-06	3.90542619916e-06	0.000238230998149	2.73379833941e-05	0.000124973638373	4.68651143899e-05	0.00105055964757	5.46759667883e-05	7.42030977841e-05	5.46759667883e-05	0.000656111601459	8.98248025807e-05	5.07705405891e-05	1.17162785975e-05	0	7.81085239832e-06	0.000113257359776	0.00142938598889	0.000402258898514	0.00530356877846	0.00118334413835	0.00136689916971	0.000128879064572	5.07705405891e-05	7.81085239832e-05	1.17162785975e-05	0.000109351933577	3.90542619916e-05	3.51488357925e-05	1.95271309958e-05	1.17162785975e-05
0.000824044928023	0.00125364180993	0.000183555031361	0	0.00249947276746	0.000132784490771	0.000480367422497	0.00244089137448	0.00088262632101	0.0326024979106	0.00134346661251	8.98248025807e-05	0.00125364180993	1.56217047966e-05	0.000941207713998	0.000925586009201	0.00126145266233	0.00014059534317	1.56217047966e-05	5.07705405891e-05	0.000820139501824	0.00121849297414	0.0060299780515	0.000718598420646	0.0158130706804	4.29596881908e-05	0.000285096112539	0.00146844025088	0.00985729572668	0.00284315027299	0.00271817663462	0	1.56217047966e-05	0.000613151913268	0.00181602318261	0.000663922453857	0.000179649605161	7.42030977841e-05	0	0.000988072828388	0	0.00023432557195	0.00124192553133	0.00032805580073	0.00868176244074	0.000804517797027	3.90542619916e-05	0.000257758129145	3.90542619916e-06	0.000644395322862	3.12434095933e-05	0.00106618135237	4.68651143899e-05	3.90542619916e-06	1.56217047966e-05	0.00106227592617	0.000367110062721	0.00336647738368	0.000667827880057	0.00590500441313	7.81085239832e-06	7.02976715849e-05	0.000242136424348	0.00447561842424	0.000429596881908	0.000437407734306	7.81085239832e-06	3.90542619916e-06	3.12434095933e-05	0.000374920915119	0.00107008677857	0.000249947276746	0.00103103251658	0.000410069750912	0.00272598748701	2.3432557195e-05	0	0.000433502308107	4.68651143899e-05	0.00041788060331	0.000183555031361	0.000199176736157	7.42030977841e-05	0
0.00166761698704	1.17162785975e-05	9.37302287799e-05	0	0.00411631921392	0.000343677505526	0.0153600412413	0.0143875901177	0.0132979762081	0.00134346661251	0.0578120240262	0.000738125551641	0.00800612370828	0.000113257359776	0.00681106329134	0.000331961226929	2.3432557195e-05	0.000117162785975	7.81085239832e-05	0.000386637193717	0.00897076397947	0.000214798440954	3.12434095933e-05	0.000257758129145	0.00339381536707	2.3432557195e-05	0.000624868191866	0.000160122474166	0.0153405141103	0.00903715622486	0.00129660149812	0	0.000160122474166	0.000179649605161	0.00628773618065	0.000222609293352	1.95271309958e-05	1.56217047966e-05	0	0.00060534106087	0	0.000230420145751	0.000304623243535	0.000253852702945	0.00132784490771	0.000816234075625	4.29596881908e-05	0.000214798440954	1.95271309958e-05	0.000312434095933	7.81085239832e-06	1.56217047966e-05	3.90542619916e-06	0	3.90542619916e-06	0.00101541081178	2.73379833941e-05	6.63922453857e-05	4.29596881908e-05	0.00238621540769	2.3432557195e-05	4.68651143899e-05	4.68651143899e-05	0.00119506041694	0.000167933326564	1.95271309958e-05	0	3.90542619916e-06	7.81085239832e-06	0.000144500769369	0.00119506041694	0.000183555031361	0.00468260601279	0.00120287126934	0.000726409273044	4.68651143899e-05	3.90542619916e-05	7.02976715849e-05	7.81085239832e-06	0.000113257359776	3.12434095933e-05	8.20139501824e-05	2.3432557195e-05	0
0.000210893014755	2.3432557195e-05	6.63922453857e-05	0	8.20139501824e-05	0.000203082162356	0.0004647457177	0.000410069750912	0.00189413170659	8.98248025807e-05	0.000738125551641	0.0223976192522	0.000617057339467	0.00565115171019	0.00189803713279	1.95271309958e-05	7.81085239832e-06	0.000257758129145	0.00166371156084	0.0037335874464	0.000406164324713	6.24868191866e-05	1.56217047966e-05	0.000105446507377	0.000144500769369	0.0009333968616	0.00668608965296	0.00119115499074	0.000359299210323	0.00433502308107	0.000218703867153	1.56217047966e-05	0.000199176736157	1.95271309958e-05	0.00840838260679	2.3432557195e-05	7.81085239832e-05	0	0	7.81085239832e-06	0	1.17162785975e-05	2.73379833941e-05	7.81085239832e-06	7.42030977841e-05	3.51488357925e-05	0.000859193763815	7.81085239832e-06	0.000949018566396	2.3432557195e-05	0	3.90542619916e-06	3.90542619916e-06	0.000113257359776	3.12434095933e-05	2.3432557195e-05	0	1.17162785975e-05	3.90542619916e-06	8.20139501824e-05	0.000968545697392	0.00079280151843	0.000367110062721	4.29596881908e-05	7.81085239832e-06	0	0.000242136424348	0	0	8.59193763815e-05	0.000308528669734	0.00314386809032	0.00673686019355	0.000203082162356	6.63922453857e-05	1.17162785975e-05	0.000702976715849	1.17162785975e-05	0.000132784490771	4.68651143899e-05	7.81085239832e-06	0	0	1.17162785975e-05
0.000101541081178	3.90542619916e-06	7.81085239832e-06	0	0.00273770376561	0.000351488357925	0.0092910089278	0.000488178274895	0.00295640763276	0.00125364180993	0.00800612370828	0.000617057339467	0.0332429878073	6.63922453857e-05	0.00180430690401	0.00210502472135	0	2.73379833941e-05	7.42030977841e-05	0.000249947276746	0.0120130909886	3.51488357925e-05	1.95271309958e-05	2.73379833941e-05	0.0013786154483	1.95271309958e-05	0.000437407734306	0.000117162785975	0.00260882470104	0.00315948979512	0.000160122474166	0	7.02976715849e-05	1.56217047966e-05	0.00304232700915	5.46759667883e-05	7.81085239832e-06	3.90542619916e-06	0	0.000136689916971	0	0.000156217047966	2.73379833941e-05	0.000148406195568	0.000199176736157	0.000164027900365	4.68651143899e-05	0.00163246815125	7.81085239832e-06	0.000160122474166	1.17162785975e-05	1.95271309958e-05	3.90542619916e-06	3.90542619916e-06	1.17162785975e-05	0.000941207713998	0	3.12434095933e-05	0	0.000238230998149	3.12434095933e-05	3.12434095933e-05	1.95271309958e-05	0.000124973638373	7.42030977841e-05	1.17162785975e-05	0	0	3.90542619916e-06	6.63922453857e-05	0.000429596881908	8.98248025807e-05	0.00192537511619	0.000351488357925	0.00216751154053	2.73379833941e-05	2.73379833941e-05	1.95271309958e-05	1.56217047966e-05	5.46759667883e-05	1.56217047966e-05	1.95271309958e-05	7.81085239832e-06	0
3.51488357925e-05	0.000121068212174	1.17162785975e-05	0	3.51488357925e-05	4.68651143899e-05	6.63922453857e-05	6.24868191866e-05	0.000300717817335	1.56217047966e-05	0.000113257359776	0.00565115171019	6.63922453857e-05	0.0181133667117	0.000351488357925	1.17162785975e-05	0	3.12434095933e-05	0.000199176736157	0.000246041850547	6.24868191866e-05	1.95271309958e-05	1.17162785975e-05	1.17162785975e-05	3.12434095933e-05	0.00388199364197	0.00323369289291	0.00486225561796	6.63922453857e-05	0.000730314699243	2.73379833941e-05	0.000128879064572	4.29596881908e-05	1.17162785975e-05	0.0013786154483	1.56217047966e-05	0.000222609293352	3.90542619916e-06	0	3.90542619916e-06	0	7.81085239832e-06	2.73379833941e-05	3.12434095933e-05	7.81085239832e-06	1.95271309958e-05	0.00230420145751	2.3432557195e-05	0.00230029603131	5.46759667883e-05	0	3.90542619916e-06	1.56217047966e-05	0.000363204636522	0.00014059534317	1.95271309958e-05	0	3.90542619916e-06	1.95271309958e-05	0	0.00260101384864	0.00239012083389	0.00133565576011	3.90542619916e-06	2.3432557195e-05	3.90542619916e-06	0.000706882142048	1.95271309958e-05	0	0.000171838752763	0.000160122474166	0.00271427120842	0.00209330844275	0.000421786029509	1.95271309958e-05	3.90542619916e-06	0.000991978254587	8.20139501824e-05	0.000378826341319	0.000312434095933	9.7635654979e-05	1.95271309958e-05	7.02976715849e-05	0.000144500769369
0.00819358416584	1.56217047966e-05	0.000191365883759	0	0.000691260437252	0.0014059534317	0.00362423551282	0.0100330399056	0.0250494036414	0.000941207713998	0.00681106329134	0.00189803713279	0.00180430690401	0.000351488357925	0.0416630866927	0.000363204636522	6.63922453857e-05	0.000269474407742	0.000167933326564	0.000640489896662	0.00134346661251	0.00051161083209	0.000109351933577	0.000445218586704	0.00167152241324	6.24868191866e-05	0.00124973638373	0.000367110062721	0.00473728197958	0.01843361166	0.00551055636702	3.90542619916e-06	0.00127707436713	0.000472556570098	0.00856459965476	0.000148406195568	2.73379833941e-05	7.81085239832e-06	0	6.63922453857e-05	0	7.02976715849e-05	0.000242136424348	0.000105446507377	0.000632679044264	0.000171838752763	6.24868191866e-05	2.73379833941e-05	3.51488357925e-05	0.000144500769369	0	5.07705405891e-05	3.90542619916e-06	2.3432557195e-05	1.17162785975e-05	0.000128879064572	4.29596881908e-05	0.00018746045756	7.42030977841e-05	0.000824044928023	4.68651143899e-05	6.63922453857e-05	6.63922453857e-05	0.000531137963086	7.81085239832e-05	4.68651143899e-05	1.95271309958e-05	3.90542619916e-06	1.17162785975e-05	0.000109351933577	0.00142938598889	0.000445218586704	0.0051004866161	0.00117553328595	0.000784990666031	8.59193763815e-05	6.63922453857e-05	7.81085239832e-05	7.81085239832e-06	8.98248025807e-05	2.73379833941e-05	2.3432557195e-05	2.3432557195e-05	1.56217047966e-05
1.95271309958e-05	1.95271309958e-05	0	0	0.000167933326564	0.00169495497044	0.00336647738368	0.000117162785975	0.000824044928023	0.000925586009201	0.000331961226929	1.95271309958e-05	0.00210502472135	1.17162785975e-05	0.000363204636522	0.00813890819905	0	3.90542619916e-06	3.90542619916e-06	0	0.000210893014755	1.56217047966e-05	3.12434095933e-05	1.56217047966e-05	0.000335866653128	3.90542619916e-06	1.95271309958e-05	1.56217047966e-05	0.000304623243535	0.000351488357925	7.42030977841e-05	0	8.20139501824e-05	1.56217047966e-05	0.000312434095933	0	7.81085239832e-06	7.81085239832e-06	0	7.81085239832e-06	0	0	7.81085239832e-06	0	2.73379833941e-05	0	3.90542619916e-06	3.90542619916e-06	3.90542619916e-06	0	0	7.81085239832e-06	0	0	3.90542619916e-06	7.81085239832e-06	0	1.56217047966e-05	1.95271309958e-05	1.17162785975e-05	3.90542619916e-06	7.81085239832e-06	1.17162785975e-05	2.3432557195e-05	0	0	0	0	0	0	0.000156217047966	1.17162785975e-05	0.000199176736157	0.000101541081178	0.00455372694822	0.000117162785975	3.90542619916e-06	1.95271309958e-05	3.90542619916e-06	1.56217047966e-05	1.17162785975e-05	0	0	0
7.81085239832e-05	0.000316339522132	0.000300717817335	0	1.56217047966e-05	0	0	5.07705405891e-05	3.90542619916e-05	0.00126145266233	2.3432557195e-05	7.81085239832e-06	0	0	6.63922453857e-05	0	0.0169300225734	0.000128879064572	3.90542619916e-06	1.56217047966e-05	3.90542619916e-06	0.00256586501285	0.00736172838542	0.00621353308287	0.00258539214384	1.56217047966e-05	0.000117162785975	0.00317120607372	0.00226514719551	0.000218703867153	0.00041788060331	0	0	8.59193763815e-05	0.000425691455709	1.95271309958e-05	8.98248025807e-05	3.12434095933e-05	0	3.90542619916e-06	0	0	8.59193763815e-05	7.81085239832e-06	0.000121068212174	1.17162785975e-05	0	0	0	2.3432557195e-05	0	0.00210111929515	3.12434095933e-05	0	3.90542619916e-06	0	0.000406164324713	0.003745303725	0.00238230998149	0.000289001538738	0	1.95271309958e-05	0.000218703867153	0.000495989127293	1.56217047966e-05	0.000183555031361	0	0	1.17162785975e-05	5.46759667883e-05	0.00159731931546	0.000527232536887	0.000351488357925	0.000304623243535	5.07705405891e-05	0	3.90542619916e-06	0.000109351933577	5.85813929874e-05	5.46759667883e-05	2.73379833941e-05	3.90542619916e-06	7.81085239832e-06	0
0.000331961226929	0.00100759995938	0.0121614971842	0	1.95271309958e-05	2.3432557195e-05	4.29596881908e-05	0.000867004616214	0.000226514719551	0.00014059534317	0.000117162785975	0.000257758129145	2.73379833941e-05	3.12434095933e-05	0.000269474407742	3.90542619916e-06	0.000128879064572	0.0305599600084	2.73379833941e-05	0.00337038280988	1.95271309958e-05	0.00251509447226	0.000374920915119	0.00833027408281	0.000195271309958	2.73379833941e-05	0.0113569793872	0.00685011755333	0.00109351933577	0.000718598420646	0.00305794871394	0	1.17162785975e-05	9.37302287799e-05	0.0046435517508	0	0.00110914104056	0.000394448046115	0	0	0	3.90542619916e-06	7.81085239832e-06	7.81085239832e-06	1.17162785975e-05	1.17162785975e-05	4.29596881908e-05	3.90542619916e-06	7.81085239832e-06	1.56217047966e-05	0	5.46759667883e-05	0.000222609293352	1.56217047966e-05	0.000335866653128	0	3.90542619916e-05	0.000156217047966	0.000175744178962	3.12434095933e-05	5.46759667883e-05	0.00130050692432	0.0018746045756	5.07705405891e-05	7.81085239832e-06	7.81085239832e-06	0	0	0	0.000206987588556	0.00276113632281	0.00142157513649	0.00331961226929	0.00108961390957	3.51488357925e-05	7.81085239832e-06	3.90542619916e-06	0.000156217047966	0.000261663555344	0.000183555031361	4.68651143899e-05	0	3.90542619916e-06	0
1.95271309958e-05	3.90542619916e-06	0	0	1.17162785975e-05	3.90542619916e-06	5.07705405891e-05	2.73379833941e-05	0.000206987588556	1.56217047966e-05	7.81085239832e-05	0.00166371156084	7.42030977841e-05	0.000199176736157	0.000167933326564	3.90542619916e-06	3.90542619916e-06	2.73379833941e-05	0.00289392081358	0.00110133018816	2.73379833941e-05	3.90542619916e-06	7.81085239832e-06	0	1.56217047966e-05	3.90542619916e-05	0.00152311621767	0.000164027900365	2.73379833941e-05	0.000449124012904	3.51488357925e-05	0	1.56217047966e-05	3.90542619916e-06	0.000808423223226	0	7.81085239832e-06	0	0	0	0	0	0	0	3.90542619916e-06	3.90542619916e-06	5.46759667883e-05	0	5.85813929874e-05	0	0	0	0	3.12434095933e-05	2.3432557195e-05	3.90542619916e-06	0	3.90542619916e-06	0	7.81085239832e-06	5.85813929874e-05	0.000113257359776	6.24868191866e-05	7.81085239832e-06	0	0	2.73379833941e-05	0	0	3.90542619916e-06	5.07705405891e-05	0.000164027900365	0.000640489896662	1.17162785975e-05	1.17162785975e-05	0	3.90542619916e-06	0	3.90542619916e-06	0	0	0	0	0
0.000144500769369	0.000136689916971	0.000343677505526	0	5.46759667883e-05	3.90542619916e-05	0.00018746045756	0.000312434095933	0.00069907128965	5.07705405891e-05	0.000386637193717	0.0037335874464	0.000249947276746	0.000246041850547	0.000640489896662	0	1.56217047966e-05	0.00337038280988	0.00110133018816	0.0160669233833	0.000156217047966	0.000179649605161	3.12434095933e-05	0.000367110062721	0.000105446507377	0.00014059534317	0.0097987143337	0.00167152241324	0.000304623243535	0.00159731931546	0.000437407734306	3.90542619916e-06	3.51488357925e-05	2.73379833941e-05	0.00593624782272	1.95271309958e-05	0.000363204636522	2.3432557195e-05	0	3.90542619916e-06	0	1.17162785975e-05	7.81085239832e-06	1.56217047966e-05	3.51488357925e-05	1.56217047966e-05	0.000109351933577	3.90542619916e-06	6.63922453857e-05	1.95271309958e-05	0	7.81085239832e-06	3.12434095933e-05	0.000101541081178	0.000183555031361	7.81085239832e-06	3.90542619916e-06	7.81085239832e-06	2.73379833941e-05	4.29596881908e-05	0.000285096112539	0.00105055964757	0.000624868191866	1.95271309958e-05	1.17162785975e-05	3.90542619916e-06	2.73379833941e-05	0	0	5.07705405891e-05	0.000753747256438	0.000753747256438	0.00416318432831	0.000480367422497	3.51488357925e-05	1.17162785975e-05	2.3432557195e-05	3.90542619916e-05	6.63922453857e-05	7.02976715849e-05	2.3432557195e-05	0	0	3.90542619916e-06
0.000265568981543	3.90542619916e-06	7.81085239832e-06	0	0.01027517633	0.000148406195568	0.00301498902575	0.00107008677857	0.00199567278777	0.000820139501824	0.00897076397947	0.000406164324713	0.0120130909886	6.24868191866e-05	0.00134346661251	0.000210893014755	3.90542619916e-06	1.95271309958e-05	2.73379833941e-05	0.000156217047966	0.0269708733314	3.12434095933e-05	3.90542619916e-06	4.29596881908e-05	0.00363204636522	1.56217047966e-05	0.000261663555344	6.24868191866e-05	0.00626039819726	0.00269083865122	0.000179649605161	0	7.02976715849e-05	3.90542619916e-05	0.00237840455529	4.68651143899e-05	3.90542619916e-06	3.90542619916e-06	0	0.000339772079327	0	6.63922453857e-05	0.000124973638373	6.63922453857e-05	0.000644395322862	0.000351488357925	1.95271309958e-05	0.000121068212174	3.90542619916e-06	7.81085239832e-05	7.81085239832e-06	3.90542619916e-06	0	3.90542619916e-06	0	0.000523327110688	0	1.56217047966e-05	7.81085239832e-06	0.00101541081178	1.17162785975e-05	7.81085239832e-06	3.90542619916e-06	0.000546759667883	5.07705405891e-05	3.90542619916e-06	0	0	0	2.3432557195e-05	0.000390542619916	8.59193763815e-05	0.00165980613464	0.000363204636522	0.000429596881908	3.12434095933e-05	1.95271309958e-05	1.56217047966e-05	3.90542619916e-06	1.17162785975e-05	1.56217047966e-05	1.56217047966e-05	0	0
0.000527232536887	0.000101541081178	0.00152311621767	0	7.02976715849e-05	1.56217047966e-05	0.000105446507377	0.00199176736157	0.000394448046115	0.00121849297414	0.000214798440954	6.24868191866e-05	3.51488357925e-05	1.95271309958e-05	0.00051161083209	1.56217047966e-05	0.00256586501285	0.00251509447226	3.90542619916e-06	0.000179649605161	3.12434095933e-05	0.0440180586907	0.00266350066783	0.0153444195365	0.00162856272505	3.90542619916e-06	0.000863099190015	0.00114819530255	0.0145945777063	0.00110914104056	0.0142040350863	0	7.81085239832e-06	0.000343677505526	0.00663922453857	9.37302287799e-05	9.7635654979e-05	3.90542619916e-05	0	1.17162785975e-05	0	1.95271309958e-05	0.00018746045756	3.51488357925e-05	0.000226514719551	7.02976715849e-05	7.81085239832e-06	7.81085239832e-06	3.90542619916e-06	5.46759667883e-05	3.90542619916e-06	0.00136689916971	8.20139501824e-05	3.90542619916e-06	5.07705405891e-05	3.90542619916e-06	0.000663922453857	0.0032454091715	0.00136299374351	0.00055847594648	7.81085239832e-06	8.98248025807e-05	0.000210893014755	0.00109351933577	7.42030977841e-05	0.000331961226929	0	0	2.3432557195e-05	0.000156217047966	0.00627211447585	0.00113257359776	0.00539339358104	0.00339772079327	0.000445218586704	1.17162785975e-05	1.56217047966e-05	0.000273379833941	5.46759667883e-05	0.000171838752763	8.98248025807e-05	3.12434095933e-05	2.3432557195e-05	3.90542619916e-06
0.000148406195568	0.00287829910878	0.00173010380623	0	3.90542619916e-06	1.56217047966e-05	2.73379833941e-05	0.000117162785975	8.98248025807e-05	0.0060299780515	3.12434095933e-05	1.56217047966e-05	1.95271309958e-05	1.17162785975e-05	0.000109351933577	3.12434095933e-05	0.00736172838542	0.000374920915119	7.81085239832e-06	3.12434095933e-05	3.90542619916e-06	0.00266350066783	0.024295656385	0.0055769486124	0.00403430526373	8.20139501824e-05	0.000410069750912	0.00735782295922	0.00239402626009	0.000433502308107	0.000827950354222	0	7.81085239832e-06	0.000183555031361	0.000620962765667	5.07705405891e-05	0.00250728361986	0.000515516258289	0	7.81085239832e-06	0	1.95271309958e-05	0.000136689916971	3.12434095933e-05	0.00041788060331	5.07705405891e-05	1.95271309958e-05	7.81085239832e-06	3.90542619916e-06	4.29596881908e-05	1.17162785975e-05	0.00388980449436	0.000257758129145	3.90542619916e-06	3.12434095933e-05	0	0.000632679044264	0.00902543994626	0.00394448046115	0.000617057339467	1.56217047966e-05	0.000109351933577	0.00243698594828	0.00088653174721	4.68651143899e-05	0.000269474407742	3.90542619916e-06	0	1.95271309958e-05	0.000191365883759	0.00088262632101	0.000363204636522	0.000292906964937	0.000167933326564	0.000175744178962	0	0	0.000378826341319	0.00023432557195	0.000210893014755	9.37302287799e-05	1.56217047966e-05	3.51488357925e-05	3.90542619916e-06
0.000460840291501	0.000359299210323	0.0134502878299	0	3.51488357925e-05	2.3432557195e-05	0.000109351933577	0.00152702164387	0.000351488357925	0.000718598420646	0.000257758129145	0.000105446507377	2.73379833941e-05	1.17162785975e-05	0.000445218586704	1.56217047966e-05	0.00621353308287	0.00833027408281	0	0.000367110062721	4.29596881908e-05	0.0153444195365	0.0055769486124	0.0619595866497	0.00103884336898	1.95271309958e-05	0.00216360611434	0.0116459809259	0.0046435517508	0.00164808985605	0.0060495051825	0	7.81085239832e-06	0.000421786029509	0.00561600287439	3.90542619916e-05	0.00142157513649	0.000952923992595	0	3.90542619916e-06	0	7.81085239832e-06	0.000136689916971	3.12434095933e-05	0.000144500769369	4.29596881908e-05	1.17162785975e-05	7.81085239832e-06	7.81085239832e-06	5.07705405891e-05	3.90542619916e-06	0.00375311457739	0.000300717817335	3.90542619916e-06	0.000105446507377	7.81085239832e-06	0.000550665094082	0.00787333921751	0.00617057339467	0.000296812391136	7.81085239832e-06	0.000214798440954	0.00310481382833	0.00055847594648	1.56217047966e-05	0.000269474407742	3.90542619916e-06	0	1.95271309958e-05	0.000214798440954	0.0120326181196	0.00301108359955	0.00600264006811	0.0032727471549	0.00027728526014	1.17162785975e-05	3.12434095933e-05	0.000702976715849	0.000394448046115	0.000312434095933	0.000167933326564	3.90542619916e-05	3.90542619916e-05	7.81085239832e-06
0.00144110226749	0.000632679044264	0.00027728526014	0	0.011216384044	0.000128879064572	0.00115210072875	0.00462793004601	0.00196052395198	0.0158130706804	0.00339381536707	0.000144500769369	0.0013786154483	3.12434095933e-05	0.00167152241324	0.000335866653128	0.00258539214384	0.000195271309958	1.56217047966e-05	0.000105446507377	0.00363204636522	0.00162856272505	0.00403430526373	0.00103884336898	0.0492161809618	3.51488357925e-05	0.000367110062721	0.00145672397229	0.0262327477798	0.00531919048326	0.00357346497223	0	4.68651143899e-05	0.000988072828388	0.00333132854788	0.00041788060331	0.000124973638373	4.68651143899e-05	0	0.00103493794278	3.90542619916e-06	0.000238230998149	0.00104665422138	0.00027728526014	0.00476071453678	0.000898248025807	2.73379833941e-05	0.000257758129145	7.81085239832e-06	0.000495989127293	1.95271309958e-05	0.000644395322862	4.68651143899e-05	3.90542619916e-06	7.81085239832e-06	0.00118334413835	0.000285096112539	0.00210502472135	0.0004647457177	0.00448733470284	7.81085239832e-06	5.85813929874e-05	0.000156217047966	0.00363204636522	0.000304623243535	0.000406164324713	3.90542619916e-06	7.81085239832e-06	1.17162785975e-05	0.00032805580073	0.00204644332836	0.000413975177111	0.00206597045936	0.000867004616214	0.00132003405532	7.81085239832e-06	1.17162785975e-05	0.000355393784124	5.46759667883e-05	0.000300717817335	0.000113257359776	0.000160122474166	4.68651143899e-05	3.90542619916e-06
1.17162785975e-05	0.00088262632101	2.3432557195e-05	0	7.81085239832e-06	0	1.56217047966e-05	0	5.46759667883e-05	4.29596881908e-05	2.3432557195e-05	0.0009333968616	1.95271309958e-05	0.00388199364197	6.24868191866e-05	3.90542619916e-06	1.56217047966e-05	2.73379833941e-05	3.90542619916e-05	0.00014059534317	1.56217047966e-05	3.90542619916e-06	8.20139501824e-05	1.95271309958e-05	3.51488357925e-05	0.00876768181712	0.000999789106985	0.00338209908847	2.3432557195e-05	0.000152311621767	7.81085239832e-06	7.81085239832e-06	3.90542619916e-06	0	0.000386637193717	7.81085239832e-06	0.000734220125442	3.90542619916e-06	0	0	0	0	7.81085239832e-06	7.81085239832e-06	0	3.90542619916e-06	0.000913869730604	7.81085239832e-06	0.00124192553133	1.56217047966e-05	0	3.90542619916e-06	1.56217047966e-05	0.000269474407742	0.000128879064572	0	0	0	3.90542619916e-06	0	0.00250337819366	0.00173791465863	0.00129269607192	0	3.90542619916e-06	0	0.00037101548892	0	0	0.000105446507377	6.63922453857e-05	0.00069907128965	0.000456934865302	2.73379833941e-05	7.81085239832e-06	0	0.000519421684488	2.3432557195e-05	0.000113257359776	0.000105446507377	1.95271309958e-05	0	0	3.12434095933e-05
0.000320244948331	0.00243698594828	0.0105837049997	0	7.02976715849e-05	0.000113257359776	0.00032805580073	0.000691260437252	0.00133565576011	0.000285096112539	0.000624868191866	0.00668608965296	0.000437407734306	0.00323369289291	0.00124973638373	1.95271309958e-05	0.000117162785975	0.0113569793872	0.00152311621767	0.0097987143337	0.000261663555344	0.000863099190015	0.000410069750912	0.00216360611434	0.000367110062721	0.000999789106985	0.065279198919	0.0195661852578	0.000816234075625	0.00330399056449	0.00128488521952	0.000132784490771	9.7635654979e-05	0.000109351933577	0.0105095019019	5.85813929874e-05	0.00615104626368	0.000632679044264	0	7.81085239832e-06	0	2.3432557195e-05	5.07705405891e-05	2.73379833941e-05	7.42030977841e-05	7.42030977841e-05	0.00107008677857	1.56217047966e-05	0.000968545697392	8.20139501824e-05	0	7.02976715849e-05	0.000593624782272	0.00055847594648	0.00206987588556	3.12434095933e-05	5.85813929874e-05	0.000109351933577	0.00027728526014	9.7635654979e-05	0.00196052395198	0.00908011591305	0.00807642137987	8.98248025807e-05	3.12434095933e-05	3.51488357925e-05	0.00032805580073	0	0	0.000906058878205	0.0051082974685	0.00548321838362	0.00926367094441	0.00155435962727	6.63922453857e-05	1.95271309958e-05	7.02976715849e-05	0.000495989127293	0.000913869730604	0.000874815468612	0.000210893014755	2.3432557195e-05	2.73379833941e-05	2.73379833941e-05
0.000164027900365	0.0101619189702	0.0177892163372	0	1.56217047966e-05	2.73379833941e-05	9.7635654979e-05	0.000425691455709	0.000386637193717	0.00146844025088	0.000160122474166	0.00119115499074	0.000117162785975	0.00486225561796	0.000367110062721	1.56217047966e-05	0.00317120607372	0.00685011755333	0.000164027900365	0.00167152241324	6.24868191866e-05	0.00114819530255	0.00735782295922	0.0116459809259	0.00145672397229	0.00338209908847	0.0195661852578	0.0817171377912	0.000999789106985	0.000949018566396	0.00103493794278	4.29596881908e-05	2.73379833941e-05	0.000101541081178	0.00440532075265	6.63922453857e-05	0.0107828817359	0.00244870222687	0	7.81085239832e-06	0	1.17162785975e-05	0.000109351933577	4.68651143899e-05	0.000109351933577	6.63922453857e-05	0.00112085731916	1.95271309958e-05	0.00103493794278	0.000101541081178	3.90542619916e-06	0.000968545697392	0.00117553328595	0.000679544158654	0.00153092707007	2.3432557195e-05	0.000156217047966	0.00319854405711	0.00247994563647	8.59193763815e-05	0.00267131152023	0.00778741984113	0.0121614971842	0.000117162785975	3.51488357925e-05	5.85813929874e-05	0.000390542619916	3.90542619916e-06	0	0.00103493794278	0.00585032844634	0.00375702000359	0.00422957657369	0.00120287126934	8.98248025807e-05	3.90542619916e-06	9.7635654979e-05	0.000906058878205	0.00143719684129	0.00101150538558	0.000257758129145	1.56217047966e-05	4.68651143899e-05	1.95271309958e-05
0.00355003241504	0.000171838752763	0.000995883680786	0	0.0100642833152	0.000242136424348	0.00358518125083	0.0231865153444	0.00582299046295	0.00985729572668	0.0153405141103	0.000359299210323	0.00260882470104	6.63922453857e-05	0.00473728197958	0.000304623243535	0.00226514719551	0.00109351933577	2.73379833941e-05	0.000304623243535	0.00626039819726	0.0145945777063	0.00239402626009	0.0046435517508	0.0262327477798	2.3432557195e-05	0.000816234075625	0.000999789106985	0.0843181516399	0.0116850351879	0.014766416459	0	0.000105446507377	0.00190975341139	0.00888484460309	0.000757652682637	8.59193763815e-05	4.68651143899e-05	0	0.00106227592617	3.90542619916e-06	0.000355393784124	0.0013981425793	0.000437407734306	0.00549884008842	0.00129269607192	7.81085239832e-05	0.000308528669734	1.17162785975e-05	0.00083966663282	1.17162785975e-05	0.00122239840034	8.20139501824e-05	1.56217047966e-05	3.12434095933e-05	0.0014176697103	0.000581908503675	0.00385465565857	0.000855288337616	0.00592453154413	1.95271309958e-05	0.000121068212174	0.000214798440954	0.00501847266592	0.000581908503675	0.000620962765667	7.81085239832e-06	1.17162785975e-05	2.73379833941e-05	0.000550665094082	0.00562381372679	0.000995883680786	0.00633850672124	0.00314386809032	0.00121458754794	2.73379833941e-05	3.12434095933e-05	0.000562381372679	4.29596881908e-05	0.000550665094082	0.000218703867153	0.000238230998149	8.98248025807e-05	7.81085239832e-06
0.0101892569536	8.20139501824e-05	0.00041788060331	0	0.00170667124903	0.00193709139478	0.00401087270654	0.0105290290329	0.0129660149812	0.00284315027299	0.00903715622486	0.00433502308107	0.00315948979512	0.000730314699243	0.01843361166	0.000351488357925	0.000218703867153	0.000718598420646	0.000449124012904	0.00159731931546	0.00269083865122	0.00110914104056	0.000433502308107	0.00164808985605	0.00531919048326	0.000152311621767	0.00330399056449	0.000949018566396	0.0116850351879	0.0629710920353	0.0135635451897	7.81085239832e-06	0.00175744178962	0.00599873464191	0.0266584392355	0.00032415037453	6.24868191866e-05	3.12434095933e-05	0	0.000148406195568	0	0.000164027900365	0.000683449584853	0.000210893014755	0.00156998133206	0.000390542619916	0.000156217047966	2.73379833941e-05	7.81085239832e-05	0.000355393784124	0	0.000117162785975	2.73379833941e-05	2.3432557195e-05	3.90542619916e-05	0.000249947276746	8.20139501824e-05	0.000449124012904	0.000179649605161	0.00196442937818	0.000132784490771	0.000195271309958	0.000144500769369	0.00149968366048	0.000246041850547	0.000152311621767	1.95271309958e-05	3.90542619916e-06	1.17162785975e-05	0.000214798440954	0.00481539050357	0.00118334413835	0.0157935435494	0.0041670897545	0.00100369453318	0.000160122474166	0.000156217047966	0.000218703867153	5.07705405891e-05	0.00027728526014	0.000109351933577	0.000132784490771	4.68651143899e-05	1.95271309958e-05
0.00760386480977	0.000105446507377	0.00157388675826	0	0.00027728526014	8.98248025807e-05	0.000503799979692	0.0113569793872	0.00368281690581	0.00271817663462	0.00129660149812	0.000218703867153	0.000160122474166	2.73379833941e-05	0.00551055636702	7.42030977841e-05	0.00041788060331	0.00305794871394	3.51488357925e-05	0.000437407734306	0.000179649605161	0.0142040350863	0.000827950354222	0.0060495051825	0.00357346497223	7.81085239832e-06	0.00128488521952	0.00103493794278	0.014766416459	0.0135635451897	0.0504034305264	0	4.29596881908e-05	0.00202691619736	0.0109508150624	0.000249947276746	8.98248025807e-05	3.12434095933e-05	0	3.90542619916e-05	0	6.63922453857e-05	0.000538948815484	0.000148406195568	0.00116772243355	0.000171838752763	2.3432557195e-05	1.95271309958e-05	7.81085239832e-06	0.000222609293352	3.90542619916e-06	0.000445218586704	4.68651143899e-05	3.90542619916e-06	4.68651143899e-05	5.85813929874e-05	0.000242136424348	0.00145672397229	0.000437407734306	0.00105446507377	1.17162785975e-05	7.81085239832e-05	0.000191365883759	0.00155435962727	0.000179649605161	0.000265568981543	3.90542619916e-06	0	1.56217047966e-05	0.000179649605161	0.00446390214564	0.000800612370828	0.00646348035961	0.00340553164567	0.000476461996298	1.17162785975e-05	7.81085239832e-06	0.000230420145751	5.07705405891e-05	0.000261663555344	0.000124973638373	5.85813929874e-05	3.51488357925e-05	0
