0.0166523995506	3.34385533144e-06	7.02209619603e-05	0	0.000160505055909	3.34385533144e-06	0.00157495586111	0.002360761864	0.00204978331817	0.000227382162538	0.000775774436895	3.34385533144e-06	0.000819244556204	0	0.00714581884329	0.000160505055909	8.69402386175e-05	3.0094697983e-05	0	0	0.000501578299716	0.000551736129688	0.000110347225938	0.000351104809802	0.00060189395966	0	1.67192766572e-05	3.0094697983e-05	0.00149804718849	0.00988778021508	0.004721523728	0	4.68139746402e-05	0.0022336953614	0.00214006741212	3.34385533144e-06	0	0	0	4.68139746402e-05	0	3.34385533144e-06	2.34069873201e-05	3.34385533144e-06	0.000120378791932	3.34385533144e-06	0	6.68771066289e-06	0	1.00315659943e-05	0	3.34385533144e-06	0	0	0	1.33754213258e-05	3.34385533144e-06	1.33754213258e-05	3.34385533144e-06	0.000153817345246	0	0	0	3.0094697983e-05	3.34385533144e-06	0	0	0	0	0	0.000478171312396	8.35963832861e-05	0.000608581670323	0.000207319030549	0.000270852281847	2.00631319887e-05	0	6.68771066289e-06	3.34385533144e-06	3.34385533144e-06	0	3.34385533144e-06	0	0
3.34385533144e-06	0.0175184580814	0.00281218233374	0	0	0	0	2.00631319887e-05	0	3.67824086459e-05	3.34385533144e-06	0.000264164571184	0	0.000157161200578	3.34385533144e-06	0	0.000193943609224	0.00122050719598	5.35016853031e-05	0.000799181424215	0	0.000140441923921	0.00269849125247	0.00119041249799	5.01578299716e-05	0.00129072815794	0.00502915841849	0.00904512867155	5.68455406345e-05	1.67192766572e-05	7.69086726232e-05	0	0	2.00631319887e-05	0.000759055160238	0	0.00215678668878	0.000361136375796	0	3.34385533144e-06	0	3.34385533144e-06	1.33754213258e-05	0	2.34069873201e-05	3.34385533144e-06	0.000100315659943	0	6.0189395966e-05	3.34385533144e-06	0	0.000107003370606	0.000153817345246	3.34385533144e-06	9.36279492804e-05	0	9.69718046118e-05	0.000414638061099	0.000270852281847	2.67508426515e-05	0.000237413728532	0.000407950350436	0.000989781178107	2.67508426515e-05	0	3.34385533144e-05	0	0	0	0.000183912043229	0.000474827457065	0.00119041249799	0.000611925525654	0.000334385533144	0	1.67192766572e-05	6.68771066289e-06	0.000120378791932	0.000832619977529	0.000170536621904	8.69402386175e-05	3.34385533144e-06	0	1.00315659943e-05
7.02209619603e-05	0.00281218233374	0.0400192606067	0	6.68771066289e-06	0	1.00315659943e-05	0.000127066502595	1.33754213258e-05	0.000180568187898	1.00315659943e-05	0.000120378791932	0	6.68771066289e-06	6.0189395966e-05	0	0.00130075972393	0.00884115349634	1.00315659943e-05	0.000866058530844	1.00315659943e-05	0.00228385319138	0.00279546305709	0.0205045208924	0.000354448665133	3.67824086459e-05	0.00688499812744	0.0142013535926	0.000852683109518	0.000321010111819	0.0012439141833	0	3.34385533144e-06	0.000183912043229	0.00444398373549	0	0.000471483601733	8.69402386175e-05	0	6.68771066289e-06	0	3.34385533144e-06	2.67508426515e-05	6.68771066289e-06	7.02209619603e-05	3.34385533144e-06	3.34385533144e-06	6.68771066289e-06	0	0	3.34385533144e-06	0.000103659515275	2.67508426515e-05	0	1.00315659943e-05	0	7.69086726232e-05	0.000588518538334	0.000157161200578	6.68771066289e-05	2.00631319887e-05	7.35648172917e-05	0.000264164571184	4.68139746402e-05	3.34385533144e-06	3.34385533144e-05	0	0	3.34385533144e-06	6.0189395966e-05	0.00296265582366	0.00393571772511	0.00369161628591	0.00203640789685	3.67824086459e-05	0.000137098068589	2.67508426515e-05	9.0284093949e-05	0.000207319030549	6.35332512974e-05	4.01262639773e-05	1.33754213258e-05	3.34385533144e-06	0
0	0	0	0	0	0	0	0	0	0	0	0	0	0	0	0	0	0	0	0	0	0	0	0	0	0	0	0	0	0	0	0	0	0	0	0	0	0	0	0	0	0	0	0	0	0	0	0	0	0	0	0	0	0	0	0	0	0	0	0	0	0	0	0	0	0	0	0	0	0	0	0	0	0	0	0	0	0	0	0	0	0	0	0
0.000160505055909	0	6.68771066289e-06	0	0.0174047670002	0	0.000458108180408	0.00160839441442	0.000110347225938	0.000183912043229	0.00148467176716	0	0.00226713391472	0	8.69402386175e-05	1.67192766572e-05	6.68771066289e-06	3.34385533144e-06	0	0	0.00533010539832	2.67508426515e-05	1.00315659943e-05	2.67508426515e-05	0.0076039270237	0	0	6.68771066289e-06	0.00287237172971	0.000284227703173	0.000173880477235	0	0	8.35963832861e-05	0.000100315659943	3.34385533144e-06	0	0	0	0.00396581242309	0	5.35016853031e-05	0.000133754213258	1.00315659943e-05	0.000100315659943	0.00240423198331	0	0.000401262639773	0	3.34385533144e-06	0	0	0	0	0	0.00342745171473	3.34385533144e-06	6.68771066289e-06	3.34385533144e-06	0.000227382162538	0	0	0	0.000658739500294	0	3.34385533144e-06	0	0	0	3.34385533144e-06	4.34701193088e-05	6.68771066289e-06	3.67824086459e-05	1.67192766572e-05	7.02209619603e-05	0	0	0	0	0	0	6.68771066289e-06	0	0
3.34385533144e-06	0	0	0	0	0.00374846182655	0.00192606067091	0	0.000802525279546	0	0	0	0	0	0.000524985287037	0.000715585040929	0	0	0	0	0	0	3.34385533144e-06	0	0	0	0	0	0	0.000414638061099	0	0	0.00169867850837	0	0.000207319030549	0	0	0	0	3.34385533144e-06	0	0	0	0	3.34385533144e-06	0	0	0	0	0	0	0	0	0	0	3.34385533144e-06	0	3.34385533144e-06	0	3.34385533144e-06	0	0	0	0	0	0	0	0	0	0	3.34385533144e-06	0	3.67824086459e-05	1.67192766572e-05	0.000712241185597	0.00041798191643	0	0	0	0	0	0	0	0
0.00157495586111	0	1.00315659943e-05	0	0.000458108180408	0.00192606067091	0.0343112995559	0.0023072601787	0.00692512439142	0.000170536621904	0.00824594724734	1.00315659943e-05	0.00785471617356	0	0.00467470975336	0.00327697822481	2.00631319887e-05	1.00315659943e-05	0	0	0.00222366379541	6.0189395966e-05	3.34385533144e-05	7.69086726232e-05	0.00114694237868	0	1.00315659943e-05	3.34385533144e-06	0.000976405756781	0.00387552832914	0.000645364078968	0	0.00216347439944	0.000588518538334	0.00141779466053	0	0	0	0	6.68771066289e-06	0	0	1.33754213258e-05	0	3.34385533144e-05	3.34385533144e-06	0	3.34385533144e-06	0	3.34385533144e-06	0	0	0	0	0	3.34385533144e-06	0	3.34385533144e-06	0	3.67824086459e-05	0	0	0	3.34385533144e-06	0	0	0	0	0	0	0.000170536621904	2.00631319887e-05	0.000491546733722	0.000143785779252	0.0017020223637	0.000317666256487	0	0	0	0	0	0	0	0
0.002360761864	2.00631319887e-05	0.000127066502595	0	0.00160839441442	0	0.0023072601787	0.0337461880049	0.0010098443101	0.000782462147558	0.0058383714087	0	0.000993125033439	0	0.0011168476807	9.0284093949e-05	0.00023072601787	8.02525279546e-05	0	6.68771066289e-06	0.00154486116313	0.000859370820181	0.000234069873201	0.000628644802311	0.00328700979081	0	2.67508426515e-05	6.35332512974e-05	0.0157763094537	0.0035946444813	0.00519635118506	0	3.34385533144e-06	0.00149804718849	0.00175886790434	3.34385533144e-06	3.34385533144e-06	0	0	0.000177224332566	0	1.33754213258e-05	5.68455406345e-05	1.67192766572e-05	0.000444732759082	5.35016853031e-05	0	4.34701193088e-05	0	6.68771066289e-06	0	6.68771066289e-06	0	0	0	6.35332512974e-05	3.34385533144e-06	3.67824086459e-05	3.34385533144e-06	0.000444732759082	0	3.34385533144e-06	3.34385533144e-06	9.36279492804e-05	3.34385533144e-06	0	0	0	0	3.34385533144e-06	0.00044138890375	0.000113691081269	0.000478171312396	0.000153817345246	0.000220694451875	1.00315659943e-05	3.34385533144e-06	2.34069873201e-05	0	3.34385533144e-06	3.34385533144e-06	6.68771066289e-06	0	0
0.00204978331817	0	1.33754213258e-05	0	0.000110347225938	0.000802525279546	0.00692512439142	0.0010098443101	0.0220192873576	5.01578299716e-05	0.00264164571184	1.00315659943e-05	0.000782462147558	0	0.00995131346637	0.000521641431705	2.34069873201e-05	1.67192766572e-05	0	0	0.000451420469745	8.35963832861e-05	1.67192766572e-05	9.69718046118e-05	0.000287571558504	0	6.68771066289e-06	1.00315659943e-05	0.000407950350436	0.00473489914932	0.000642020223637	0	0.00213003584613	0.000511609865711	0.0014679524905	0	0	0	0	6.68771066289e-06	0	0	3.34385533144e-06	0	2.34069873201e-05	3.34385533144e-06	0	3.34385533144e-06	0	0	0	0	0	0	0	3.34385533144e-06	0	0	3.34385533144e-06	2.00631319887e-05	0	0	0	6.68771066289e-06	0	0	0	0	0	0	0.000210662885881	1.00315659943e-05	0.000514953721042	9.69718046118e-05	0.000361136375796	0.000304290835161	0	6.68771066289e-06	0	0	0	0	0	0
0.000227382162538	3.67824086459e-05	0.000180568187898	0	0.000183912043229	0	0.000170536621904	0.000782462147558	5.01578299716e-05	0.014094350222	7.69086726232e-05	6.68771066289e-06	0.00172208549569	0	0.000153817345246	0.000150473489915	0.000545048419025	3.67824086459e-05	0	1.33754213258e-05	0.000137098068589	0.000494890589054	0.00198959392221	0.000611925525654	0.00343079557006	0	2.34069873201e-05	0.000150473489915	0.00203975175218	0.00062530094698	0.00120713177465	0	0	0.000451420469745	0.000785806002889	1.67192766572e-05	1.00315659943e-05	6.68771066289e-06	0	0.000377855652453	0	4.34701193088e-05	0.000297603124498	2.34069873201e-05	0.00162511369108	0.000137098068589	0	0.000120378791932	0	6.68771066289e-06	0	7.02209619603e-05	0	0	0	0.000147129634583	6.0189395966e-05	0.000407950350436	6.68771066289e-05	0.00139773152854	0	3.34385533144e-06	2.00631319887e-05	0.000361136375796	2.00631319887e-05	8.02525279546e-05	0	0	0	2.00631319887e-05	0.000478171312396	9.69718046118e-05	0.000224038307207	0.000130410357926	0.000785806002889	3.34385533144e-06	0	5.35016853031e-05	3.34385533144e-05	3.0094697983e-05	6.68771066289e-06	2.00631319887e-05	0	0
0.000775774436895	3.34385533144e-06	1.00315659943e-05	0	0.00148467176716	0	0.00824594724734	0.0058383714087	0.00264164571184	7.69086726232e-05	0.0285832753732	0	0.00323685196084	0	0.000879433952169	3.67824086459e-05	6.68771066289e-06	3.34385533144e-06	0	0	0.00432360494356	4.01262639773e-05	1.00315659943e-05	4.01262639773e-05	0.00119041249799	0	0	3.34385533144e-06	0.00441054518217	0.000775774436895	0.000341073243807	0	6.68771066289e-06	0.000183912043229	0.000234069873201	0	0	0	0	0.000193943609224	0	3.34385533144e-06	1.00315659943e-05	0	3.67824086459e-05	0.000963030335456	0	0.000160505055909	0	0	0	0	0	0	0	0.000498234444385	0	0	0	4.01262639773e-05	0	0	0	6.0189395966e-05	0	0	0	0	0	0	6.68771066289e-05	1.00315659943e-05	9.36279492804e-05	4.68139746402e-05	7.69086726232e-05	6.68771066289e-06	0	3.34385533144e-06	0	0	0	3.34385533144e-06	0	0
3.34385533144e-06	0.000264164571184	0.000120378791932	0	0	0	1.00315659943e-05	0	1.00315659943e-05	6.68771066289e-06	0	0.0331275747686	0	0.0104729548981	2.34069873201e-05	0	6.68771066289e-06	0.00034776095447	0.00458442565941	0.00456770638275	0	3.34385533144e-06	1.00315659943e-05	9.0284093949e-05	0	0.0027653683591	0.0119609705206	0.00183912043229	0	6.35332512974e-05	1.00315659943e-05	0.000377855652453	1.00315659943e-05	6.68771066289e-06	0.00417313145364	0	0.000143785779252	1.33754213258e-05	0	0	0	0	0	0	0	0	0.000244101439195	0	0.000163848911241	0	0	0	3.34385533144e-05	3.34385533144e-06	7.02209619603e-05	0	6.68771066289e-06	3.34385533144e-06	1.67192766572e-05	0	0.000414638061099	0.000160505055909	0.000297603124498	0	0	0	3.34385533144e-06	0	0	5.68455406345e-05	0.000244101439195	0.00196284307956	0.00172877320636	0.000183912043229	3.34385533144e-06	3.67824086459e-05	0.000180568187898	6.68771066289e-06	0.000374511797122	7.69086726232e-05	1.00315659943e-05	0	0	2.34069873201e-05
0.000819244556204	0	0	0	0.00226713391472	0	0.00785471617356	0.000993125033439	0.000782462147558	0.00172208549569	0.00323685196084	0	0.0291416992135	0	0.0007657428709	0.000906184794821	6.68771066289e-06	3.34385533144e-06	0	0	0.00713913113263	4.34701193088e-05	3.34385533144e-06	2.00631319887e-05	0.00483187095394	0	3.34385533144e-06	0	0.000782462147558	0.00103659515275	0.000307634690493	0	1.00315659943e-05	0.00025413300519	0.000321010111819	0	0	0	0	0.000163848911241	0	0.000137098068589	4.34701193088e-05	1.67192766572e-05	3.67824086459e-05	0.00161842598042	0	0.00398587555508	0	1.00315659943e-05	0	0	0	0	0	0.00189930982826	0	0	3.34385533144e-06	0.000100315659943	0	0	0	0.000110347225938	0	3.34385533144e-06	0	0	0	0	0.000123722647263	6.68771066289e-06	0.000100315659943	2.34069873201e-05	0.00109009683805	3.34385533144e-06	0	6.68771066289e-06	0	0	0	6.68771066289e-06	0	0
0	0.000157161200578	6.68771066289e-06	0	0	0	0	0	0	0	0	0.0104729548981	0	0.0196418062169	6.68771066289e-06	0	0	5.35016853031e-05	0.000611925525654	0.000608581670323	0	3.34385533144e-06	6.68771066289e-06	1.33754213258e-05	0	0.00464795891071	0.00600222031994	0.00248782836659	0	6.68771066289e-06	0	0.000571799261677	0	0	0.000772430581563	0	0.000123722647263	0	0	0	0	0	0	0	0	0	0.000170536621904	0	0.000160505055909	0	0	0	1.67192766572e-05	1.33754213258e-05	5.35016853031e-05	0	0	3.34385533144e-06	0	0	0.000391231073779	0.000110347225938	0.000260820715853	0	0	0	3.34385533144e-06	0	0	4.68139746402e-05	2.67508426515e-05	0.000464795891071	0.000280883847841	3.0094697983e-05	0	3.34385533144e-06	0.000200631319887	6.68771066289e-06	0.000344417099139	6.0189395966e-05	6.68771066289e-06	0	0	1.33754213258e-05
0.00714581884329	3.34385533144e-06	6.0189395966e-05	0	8.69402386175e-05	0.000524985287037	0.00467470975336	0.0011168476807	0.00995131346637	0.000153817345246	0.000879433952169	2.34069873201e-05	0.0007657428709	6.68771066289e-06	0.0333449253651	0.00101318816543	7.69086726232e-05	3.67824086459e-05	0	0	0.000381199507784	0.000260820715853	6.35332512974e-05	0.000247445294527	0.00037116794179	3.34385533144e-06	1.00315659943e-05	2.67508426515e-05	0.000725616606923	0.0200898828313	0.002350730298	0	0.00309641003692	0.00243432668129	0.00486530950725	0	0	0	0	2.34069873201e-05	0	0	1.67192766572e-05	0	8.35963832861e-05	0	3.34385533144e-06	6.68771066289e-06	0	3.34385533144e-06	0	3.34385533144e-06	0	0	0	6.68771066289e-06	0	3.34385533144e-06	6.68771066289e-06	8.69402386175e-05	0	0	0	1.67192766572e-05	0	0	0	0	0	6.68771066289e-06	0.00062530094698	0.000113691081269	0.00180233802365	0.000484859023059	0.000755711304906	0.000488202878391	3.34385533144e-06	6.68771066289e-06	0	3.34385533144e-06	6.68771066289e-06	0	0	0
0.000160505055909	0	0	0	1.67192766572e-05	0.000715585040929	0.00327697822481	9.0284093949e-05	0.000521641431705	0.000150473489915	3.67824086459e-05	0	0.000906184794821	0	0.00101318816543	0.0070087207747	0	3.34385533144e-06	0	0	2.67508426515e-05	1.33754213258e-05	6.68771066289e-06	1.00315659943e-05	5.68455406345e-05	0	0	6.68771066289e-06	2.00631319887e-05	0.000869402386175	9.0284093949e-05	0	9.36279492804e-05	0.000140441923921	0.000351104809802	0	0	0	0	3.34385533144e-06	0	0	6.68771066289e-06	0	2.00631319887e-05	0	0	0	0	0	0	0	0	0	0	0	0	0	0	1.67192766572e-05	0	0	0	3.34385533144e-06	0	0	0	0	0	0	0.000331041677813	0	0.000137098068589	3.67824086459e-05	0.00355117436199	5.01578299716e-05	0	0	0	0	0	0	0	0
8.69402386175e-05	0.000193943609224	0.00130075972393	0	6.68771066289e-06	0	2.00631319887e-05	0.00023072601787	2.34069873201e-05	0.000545048419025	6.68771066289e-06	6.68771066289e-06	6.68771066289e-06	0	7.69086726232e-05	0	0.0153984538013	0.000180568187898	0	2.34069873201e-05	0	0.00187255898561	0.00421994542828	0.00567452249746	0.00414972446632	0	6.0189395966e-05	0.00320675726285	0.00271855438446	0.000357792520464	0.000939623348135	0	0	0.000270852281847	0.00115697394468	3.34385533144e-06	1.33754213258e-05	3.34385533144e-06	0	2.00631319887e-05	0	6.68771066289e-06	5.01578299716e-05	3.34385533144e-06	0.000250789149858	6.68771066289e-06	0	1.00315659943e-05	0	3.34385533144e-06	0	4.68139746402e-05	0	0	0	3.34385533144e-06	3.34385533144e-05	0.000247445294527	3.0094697983e-05	0.000207319030549	0	3.34385533144e-06	1.67192766572e-05	8.35963832861e-05	1.00315659943e-05	5.01578299716e-05	0	0	0	2.00631319887e-05	0.000588518538334	0.000401262639773	0.000571799261677	0.000327697822481	1.67192766572e-05	2.34069873201e-05	3.34385533144e-06	4.01262639773e-05	3.0094697983e-05	2.34069873201e-05	1.00315659943e-05	6.68771066289e-06	0	0
3.0094697983e-05	0.00122050719598	0.00884115349634	0	3.34385533144e-06	0	1.00315659943e-05	8.02525279546e-05	1.67192766572e-05	3.67824086459e-05	3.34385533144e-06	0.00034776095447	3.34385533144e-06	5.35016853031e-05	3.67824086459e-05	3.34385533144e-06	0.000180568187898	0.024192793323	4.34701193088e-05	0.00419653844096	6.68771066289e-06	0.00149135947782	0.00055507998502	0.0115530201701	6.0189395966e-05	7.35648172917e-05	0.00715250655396	0.00298606281098	0.000274196137178	0.000143785779252	0.000588518538334	3.34385533144e-06	0	7.69086726232e-05	0.00474827457065	0	0.000307634690493	5.35016853031e-05	0	0	0	3.34385533144e-06	0	3.34385533144e-06	1.00315659943e-05	0	1.33754213258e-05	3.34385533144e-06	3.34385533144e-06	0	0	2.00631319887e-05	1.33754213258e-05	3.34385533144e-06	6.68771066289e-06	0	1.67192766572e-05	0.000103659515275	4.68139746402e-05	3.34385533144e-06	2.67508426515e-05	4.01262639773e-05	0.000133754213258	3.34385533144e-06	0	3.34385533144e-06	0	0	0	2.00631319887e-05	0.00166523995506	0.00279546305709	0.00268845968648	0.00129072815794	2.00631319887e-05	7.02209619603e-05	4.01262639773e-05	5.35016853031e-05	0.000113691081269	2.34069873201e-05	1.00315659943e-05	3.34385533144e-06	0	3.34385533144e-06
0	5.35016853031e-05	1.00315659943e-05	0	0	0	0	0	0	0	0	0.00458442565941	0	0.000611925525654	0	0	0	4.34701193088e-05	0.00696190680006	0.00331376063346	0	0	0	0	0	0.000264164571184	0.00271521052913	0.000297603124498	0	0	0	1.33754213258e-05	0	0	0.00023072601787	0	3.0094697983e-05	0	0	0	0	0	0	0	0	0	1.33754213258e-05	0	0	0	0	0	0	0	3.34385533144e-06	0	0	0	0	0	5.01578299716e-05	1.67192766572e-05	3.34385533144e-05	0	0	0	0	0	0	1.00315659943e-05	2.00631319887e-05	0.000234069873201	9.36279492804e-05	1.33754213258e-05	0	0	6.68771066289e-06	3.34385533144e-06	3.67824086459e-05	1.33754213258e-05	6.68771066289e-06	0	0	0
0	0.000799181424215	0.000866058530844	0	0	0	0	6.68771066289e-06	0	1.33754213258e-05	0	0.00456770638275	0	0.000608581670323	0	0	2.34069873201e-05	0.00419653844096	0.00331376063346	0.0214943020705	0	9.0284093949e-05	6.68771066289e-05	0.000585174683003	6.68771066289e-06	0.000464795891071	0.0144989567171	0.00194946765823	1.33754213258e-05	1.33754213258e-05	6.68771066289e-05	1.33754213258e-05	0	0	0.00277205606977	0	0.000317666256487	3.0094697983e-05	0	0	0	3.34385533144e-06	0	3.34385533144e-06	3.34385533144e-06	0	6.35332512974e-05	3.34385533144e-06	5.01578299716e-05	0	0	0	3.0094697983e-05	1.67192766572e-05	5.35016853031e-05	0	0	1.33754213258e-05	2.34069873201e-05	3.34385533144e-06	0.000137098068589	0.000110347225938	0.000270852281847	0	0	0	0	0	0	2.34069873201e-05	0.000535016853031	0.00192271681558	0.00133754213258	0.000448076614413	0	1.00315659943e-05	2.67508426515e-05	6.68771066289e-06	0.000157161200578	4.68139746402e-05	6.68771066289e-06	0	3.34385533144e-06	6.68771066289e-06
0.000501578299716	0	1.00315659943e-05	0	0.00533010539832	0	0.00222366379541	0.00154486116313	0.000451420469745	0.000137098068589	0.00432360494356	0	0.00713913113263	0	0.000381199507784	2.67508426515e-05	0	6.68771066289e-06	0	0	0.0185115831149	2.67508426515e-05	3.34385533144e-06	2.00631319887e-05	0.00368827243058	0	0	3.34385533144e-06	0.0020631587395	0.000585174683003	0.00027753999251	0	0	0.000187255898561	0.000187255898561	0	0	0	0	0.00126397731529	0	7.69086726232e-05	6.68771066289e-05	3.34385533144e-06	8.35963832861e-05	0.0022336953614	0	0.00133754213258	0	0	3.34385533144e-06	0	0	0	0	0.00273527366112	0	0	0	9.36279492804e-05	0	0	0	0.000234069873201	0	0	0	0	0	0	6.35332512974e-05	3.34385533144e-06	6.68771066289e-05	2.00631319887e-05	0.000113691081269	3.34385533144e-06	0	0	0	0	0	3.34385533144e-06	0	0
0.000551736129688	0.000140441923921	0.00228385319138	0	2.67508426515e-05	0	6.0189395966e-05	0.000859370820181	8.35963832861e-05	0.000494890589054	4.01262639773e-05	3.34385533144e-06	4.34701193088e-05	3.34385533144e-06	0.000260820715853	1.33754213258e-05	0.00187255898561	0.00149135947782	0	9.0284093949e-05	2.67508426515e-05	0.0363243004655	0.00108006527206	0.0214107056872	0.00106000214007	6.68771066289e-06	0.000237413728532	0.000899497084158	0.00554745599486	0.00304959606228	0.0123120753304	0	0	0.0012974158686	0.00580827671072	3.34385533144e-06	2.34069873201e-05	3.34385533144e-06	0	4.68139746402e-05	0	0	3.67824086459e-05	3.34385533144e-06	0.000187255898561	1.00315659943e-05	0	1.33754213258e-05	0	0	0	4.34701193088e-05	0	0	0	2.00631319887e-05	3.67824086459e-05	0.000160505055909	2.00631319887e-05	0.000180568187898	0	0	0	5.01578299716e-05	0	1.33754213258e-05	0	0	0	1.33754213258e-05	0.0014679524905	0.000922904071478	0.00193609223691	0.000839307688192	7.69086726232e-05	3.67824086459e-05	1.00315659943e-05	2.67508426515e-05	2.67508426515e-05	1.33754213258e-05	1.00315659943e-05	3.34385533144e-06	0	0
0.000110347225938	0.00269849125247	0.00279546305709	0	1.00315659943e-05	3.34385533144e-06	3.34385533144e-05	0.000234069873201	1.67192766572e-05	0.00198959392221	1.00315659943e-05	1.00315659943e-05	3.34385533144e-06	6.68771066289e-06	6.35332512974e-05	6.68771066289e-06	0.00421994542828	0.00055507998502	0	6.68771066289e-05	3.34385533144e-06	0.00108006527206	0.0199327216307	0.00366152158793	0.00216013054411	3.34385533144e-06	0.000431357337756	0.00551736129688	0.00161842598042	0.000391231073779	0.00112019153603	0	0	0.000317666256487	0.00159167513777	0	0.000364480231127	0.000150473489915	0	5.68455406345e-05	0	6.68771066289e-06	0.000193943609224	1.00315659943e-05	0.000936279492804	3.0094697983e-05	0	2.00631319887e-05	0	1.00315659943e-05	0	0.000474827457065	2.67508426515e-05	0	0	1.67192766572e-05	0.00032435396715	0.00226713391472	0.000458108180408	0.000688834198277	3.34385533144e-06	5.01578299716e-05	0.000361136375796	0.00037116794179	1.00315659943e-05	0.000190599753892	0	0	3.34385533144e-06	0.000110347225938	0.00102990744208	0.00094965491413	0.000966374190787	0.000595206248997	4.68139746402e-05	4.01262639773e-05	1.00315659943e-05	0.00023072601787	0.00034776095447	0.000117034936601	5.68455406345e-05	1.67192766572e-05	3.34385533144e-06	0
0.000351104809802	0.00119041249799	0.0205045208924	0	2.67508426515e-05	0	7.69086726232e-05	0.000628644802311	9.69718046118e-05	0.000611925525654	4.01262639773e-05	9.0284093949e-05	2.00631319887e-05	1.33754213258e-05	0.000247445294527	1.00315659943e-05	0.00567452249746	0.0115530201701	0	0.000585174683003	2.00631319887e-05	0.0214107056872	0.00366152158793	0.068331683698	0.00160170670376	3.34385533144e-05	0.0018825905516	0.00963364720989	0.00414638061099	0.0014679524905	0.0066576159649	0	3.34385533144e-06	0.000899497084158	0.00964367877588	0	0.000210662885881	5.68455406345e-05	0	2.34069873201e-05	0	3.34385533144e-06	3.0094697983e-05	1.00315659943e-05	0.000250789149858	3.34385533144e-06	1.00315659943e-05	1.33754213258e-05	0	0	3.34385533144e-06	0.000117034936601	1.33754213258e-05	0	3.34385533144e-06	1.00315659943e-05	0.000103659515275	0.000605237814991	0.000107003370606	0.000214006741212	6.68771066289e-06	3.34385533144e-05	0.000140441923921	0.000107003370606	0	5.68455406345e-05	0	0	0	4.68139746402e-05	0.0044774222888	0.00387552832914	0.00582499598737	0.00301950136429	9.69718046118e-05	0.000200631319887	4.34701193088e-05	0.000123722647263	0.000113691081269	5.68455406345e-05	4.34701193088e-05	1.67192766572e-05	3.34385533144e-06	0
0.00060189395966	5.01578299716e-05	0.000354448665133	0	0.0076039270237	0	0.00114694237868	0.00328700979081	0.000287571558504	0.00343079557006	0.00119041249799	0	0.00483187095394	0	0.00037116794179	5.68455406345e-05	0.00414972446632	6.0189395966e-05	0	6.68771066289e-06	0.00368827243058	0.00106000214007	0.00216013054411	0.00160170670376	0.0354248033813	0	2.34069873201e-05	0.000321010111819	0.0114226098122	0.00126397731529	0.00197621850088	0	0	0.00071892889626	0.00131079128993	6.68771066289e-06	3.34385533144e-06	3.34385533144e-06	0	0.000214006741212	0	3.0094697983e-05	0.000147129634583	1.33754213258e-05	0.000628644802311	6.35332512974e-05	0	4.01262639773e-05	0	6.68771066289e-06	0	1.33754213258e-05	3.34385533144e-06	0	0	6.0189395966e-05	4.34701193088e-05	0.000120378791932	1.67192766572e-05	0.00109344069338	0	0	1.00315659943e-05	0.000227382162538	6.68771066289e-06	7.02209619603e-05	0	0	0	2.00631319887e-05	0.000444732759082	0.000160505055909	0.000367824086459	0.000167192766572	0.000210662885881	1.00315659943e-05	0	2.34069873201e-05	1.67192766572e-05	6.68771066289e-06	6.68771066289e-06	1.00315659943e-05	0	0
0	0.00129072815794	3.67824086459e-05	0	0	0	0	0	0	0	0	0.0027653683591	0	0.00464795891071	3.34385533144e-06	0	0	7.35648172917e-05	0.000264164571184	0.000464795891071	0	6.68771066289e-06	3.34385533144e-06	3.34385533144e-05	0	0.0113724519822	0.00329035364614	0.00226713391472	0	6.68771066289e-06	0	3.34385533144e-05	0	0	0.000488202878391	0	0.000357792520464	3.0094697983e-05	0	0	0	3.34385533144e-06	3.34385533144e-06	0	0	3.34385533144e-06	0.000481515167728	0	0.000327697822481	0	0	0	4.68139746402e-05	5.68455406345e-05	9.69718046118e-05	0	3.34385533144e-06	0	1.67192766572e-05	3.34385533144e-06	0.00106000214007	0.000321010111819	0.000518297576374	0	0	0	0	0	0	0.000113691081269	2.34069873201e-05	0.000411294205767	0.000147129634583	3.67824086459e-05	0	3.34385533144e-06	0.000294259269167	2.34069873201e-05	0.000752367449575	0.000167192766572	3.0094697983e-05	0	0	5.35016853031e-05
1.67192766572e-05	0.00502915841849	0.00688499812744	0	0	0	1.00315659943e-05	2.67508426515e-05	6.68771066289e-06	2.34069873201e-05	0	0.0119609705206	3.34385533144e-06	0.00600222031994	1.00315659943e-05	0	6.0189395966e-05	0.00715250655396	0.00271521052913	0.0144989567171	0	0.000237413728532	0.000431357337756	0.0018825905516	2.34069873201e-05	0.00329035364614	0.0702410250923	0.0223001712054	5.01578299716e-05	4.01262639773e-05	0.000143785779252	0.000835963832861	0	1.33754213258e-05	0.00397918784442	0	0.0017020223637	0.000173880477235	0	0	0	3.34385533144e-06	0	6.68771066289e-06	3.34385533144e-06	0	0.00039457492911	3.34385533144e-06	0.000220694451875	3.34385533144e-06	0	2.34069873201e-05	0.000157161200578	5.01578299716e-05	0.000217350596544	0	2.67508426515e-05	8.35963832861e-05	0.000103659515275	3.34385533144e-06	0.000845995398855	0.00069552190894	0.0012974158686	0	3.34385533144e-06	6.68771066289e-06	0	0	0	0.000200631319887	0.00131079128993	0.00467136589803	0.0024677652346	0.00101653202076	1.00315659943e-05	5.01578299716e-05	5.01578299716e-05	4.01262639773e-05	0.000782462147558	0.000247445294527	5.35016853031e-05	3.34385533144e-06	6.68771066289e-06	2.67508426515e-05
3.0094697983e-05	0.00904512867155	0.0142013535926	0	6.68771066289e-06	0	3.34385533144e-06	6.35332512974e-05	1.00315659943e-05	0.000150473489915	3.34385533144e-06	0.00183912043229	0	0.00248782836659	2.67508426515e-05	6.68771066289e-06	0.00320675726285	0.00298606281098	0.000297603124498	0.00194946765823	3.34385533144e-06	0.000899497084158	0.00551736129688	0.00963364720989	0.000321010111819	0.00226713391472	0.0223001712054	0.0638876999625	0.000548392274357	0.000187255898561	0.000478171312396	0.000170536621904	3.34385533144e-06	0.000117034936601	0.00260151944786	0	0.00110347225938	0.000200631319887	0	0	0	0	2.34069873201e-05	0	7.35648172917e-05	0	0.000120378791932	0	4.34701193088e-05	0	0	0.000157161200578	9.0284093949e-05	2.34069873201e-05	7.02209619603e-05	0	0.000107003370606	0.000785806002889	0.000193943609224	7.02209619603e-05	0.000274196137178	0.00034776095447	0.000698865764272	6.0189395966e-05	0	4.68139746402e-05	0	0	0	0.000120378791932	0.00170536621904	0.0032435396715	0.00207319030549	0.00115363008935	2.67508426515e-05	8.69402386175e-05	2.67508426515e-05	0.000107003370606	0.000468139746402	0.000120378791932	4.01262639773e-05	3.34385533144e-06	3.34385533144e-06	1.00315659943e-05
0.00149804718849	5.68455406345e-05	0.000852683109518	0	0.00287237172971	0	0.000976405756781	0.0157763094537	0.000407950350436	0.00203975175218	0.00441054518217	0	0.000782462147558	0	0.000725616606923	2.00631319887e-05	0.00271855438446	0.000274196137178	0	1.33754213258e-05	0.0020631587395	0.00554745599486	0.00161842598042	0.00414638061099	0.0114226098122	0	5.01578299716e-05	0.000548392274357	0.0494288695094	0.00356789363865	0.0110414103044	0	1.33754213258e-05	0.00214006741212	0.00364480231127	1.33754213258e-05	1.00315659943e-05	3.34385533144e-06	0	0.000267508426515	0	2.00631319887e-05	0.000180568187898	2.00631319887e-05	0.000912872505484	6.35332512974e-05	0	4.68139746402e-05	0	3.34385533144e-06	0	2.34069873201e-05	0	0	0	9.36279492804e-05	5.35016853031e-05	0.000153817345246	2.34069873201e-05	0.000912872505484	0	3.34385533144e-06	2.00631319887e-05	0.00027753999251	1.33754213258e-05	4.34701193088e-05	0	0	0	1.67192766572e-05	0.00109009683805	0.000424669627093	0.000912872505484	0.000364480231127	0.000227382162538	1.33754213258e-05	6.68771066289e-06	6.68771066289e-05	3.0094697983e-05	1.33754213258e-05	6.68771066289e-06	2.00631319887e-05	3.34385533144e-06	0
0.00988778021508	1.67192766572e-05	0.000321010111819	0	0.000284227703173	0.000414638061099	0.00387552832914	0.0035946444813	0.00473489914932	0.00062530094698	0.000775774436895	6.35332512974e-05	0.00103659515275	6.68771066289e-06	0.0200898828313	0.000869402386175	0.000357792520464	0.000143785779252	0	1.33754213258e-05	0.000585174683003	0.00304959606228	0.000391231073779	0.0014679524905	0.00126397731529	6.68771066289e-06	4.01262639773e-05	0.000187255898561	0.00356789363865	0.049475683484	0.0146427424964	0	0.00267508426515	0.0114861430635	0.0142615429886	6.68771066289e-06	3.34385533144e-06	3.34385533144e-06	0	0.000143785779252	0	6.68771066289e-06	8.69402386175e-05	1.00315659943e-05	0.000411294205767	4.01262639773e-05	3.34385533144e-06	3.0094697983e-05	0	1.00315659943e-05	0	3.34385533144e-06	0	0	0	4.68139746402e-05	1.33754213258e-05	3.67824086459e-05	1.33754213258e-05	0.00044138890375	3.34385533144e-06	0	3.34385533144e-06	0.000110347225938	6.68771066289e-06	1.00315659943e-05	0	0	0	1.00315659943e-05	0.00265167727783	0.000478171312396	0.00509603552512	0.00144788935851	0.000832619977529	0.000755711304906	1.33754213258e-05	2.34069873201e-05	3.34385533144e-06	1.33754213258e-05	1.33754213258e-05	3.34385533144e-06	0	0
0.004721523728	7.69086726232e-05	0.0012439141833	0	0.000173880477235	0	0.000645364078968	0.00519635118506	0.000642020223637	0.00120713177465	0.000341073243807	1.00315659943e-05	0.000307634690493	0	0.002350730298	9.0284093949e-05	0.000939623348135	0.000588518538334	0	6.68771066289e-05	0.00027753999251	0.0123120753304	0.00112019153603	0.0066576159649	0.00197621850088	0	0.000143785779252	0.000478171312396	0.0110414103044	0.0146427424964	0.0410056979295	0	2.34069873201e-05	0.00817238243005	0.00886456048366	1.33754213258e-05	6.68771066289e-06	6.68771066289e-06	0	0.000210662885881	0	2.67508426515e-05	0.000153817345246	1.33754213258e-05	0.00067211492162	6.68771066289e-05	0	4.68139746402e-05	0	1.00315659943e-05	0	2.00631319887e-05	0	0	0	7.35648172917e-05	4.01262639773e-05	0.000130410357926	3.34385533144e-05	0.000715585040929	3.34385533144e-06	3.34385533144e-06	1.00315659943e-05	0.000180568187898	6.68771066289e-06	3.67824086459e-05	0	0	0	1.67192766572e-05	0.00227716548071	0.000745679738912	0.00227716548071	0.000876090096838	0.000210662885881	5.68455406345e-05	6.68771066289e-06	5.35016853031e-05	2.34069873201e-05	3.67824086459e-05	2.34069873201e-05	6.68771066289e-06	3.34385533144e-06	0
0	0	0	0	0	0	0	0	0	0	0	0.000377855652453	0	0.000571799261677	0	0	0	3.34385533144e-06	1.33754213258e-05	1.33754213258e-05	0	0	0	0	0	3.34385533144e-05	0.000835963832861	0.000170536621904	0	0	0	0.000919560216147	0	0	1.00315659943e-05	0	3.34385533144e-06	0	0	0	0	0	0	0	0	0	0	0	0	0	0	0	0	0	0	0	0	0	0	0	6.68771066289e-06	0	0	0	0	0	0	0	0	3.34385533144e-06	3.34385533144e-06	1.33754213258e-05	1.67192766572e-05	1.00315659943e-05	0	3.34385533144e-06	0	0	1.33754213258e-05	3.34385533144e-06	0	0	0	0
4.68139746402e-05	0	3.34385533144e-06	0	0	0.00169867850837	0.00216347439944	3.34385533144e-06	0.00213003584613	0	6.68771066289e-06	1.00315659943e-05	1.00315659943e-05	0	0.00309641003692	9.36279492804e-05	0	0	0	0	0	0	0	3.34385533144e-06	0	0	0	3.34385533144e-06	1.33754213258e-05	0.00267508426515	2.34069873201e-05	0	0.00638676368306	3.0094697983e-05	0.00110012840404	0	0	0	0	0	0	0	0	0	0	0	0	0	0	0	0	0	0	0	0	0	0	0	0	0	0	0	0	0	0	0	0	0	0	0	4.01262639773e-05	1.67192766572e-05	0.000247445294527	5.68455406345e-05	4.68139746402e-05	0.000421325771762	0	0	0	0	0	0	0	0
0.0022336953614	2.00631319887e-05	0.000183912043229	0	8.35963832861e-05	0	0.000588518538334	0.00149804718849	0.000511609865711	0.000451420469745	0.000183912043229	6.68771066289e-06	0.00025413300519	0	0.00243432668129	0.000140441923921	0.000270852281847	7.69086726232e-05	0	0	0.000187255898561	0.0012974158686	0.000317666256487	0.000899497084158	0.00071892889626	0	1.33754213258e-05	0.000117034936601	0.00214006741212	0.0114861430635	0.00817238243005	0	3.0094697983e-05	0.0145123321385	0.00901503397357	0	3.34385533144e-06	6.68771066289e-06	0	8.35963832861e-05	0	1.33754213258e-05	6.35332512974e-05	1.67192766572e-05	0.000294259269167	4.34701193088e-05	0	2.00631319887e-05	0	3.34385533144e-06	0	0	0	0	0	2.34069873201e-05	2.34069873201e-05	5.01578299716e-05	6.68771066289e-06	0.000294259269167	0	0	0	8.35963832861e-05	3.34385533144e-06	6.68771066289e-06	0	0	0	0	0.00213003584613	0.000341073243807	0.00250120378792	0.000919560216147	0.000200631319887	0.000100315659943	6.68771066289e-06	1.67192766572e-05	1.00315659943e-05	6.68771066289e-06	1.00315659943e-05	0	0	0
0.00214006741212	0.000759055160238	0.00444398373549	0	0.000100315659943	0.000207319030549	0.00141779466053	0.00175886790434	0.0014679524905	0.000785806002889	0.000234069873201	0.00417313145364	0.000321010111819	0.000772430581563	0.00486530950725	0.000351104809802	0.00115697394468	0.00474827457065	0.00023072601787	0.00277205606977	0.000187255898561	0.00580827671072	0.00159167513777	0.00964367877588	0.00131079128993	0.000488202878391	0.00397918784442	0.00260151944786	0.00364480231127	0.0142615429886	0.00886456048366	1.00315659943e-05	0.00110012840404	0.00901503397357	0.0511409234391	0	0.000187255898561	3.0094697983e-05	0	0.000117034936601	0	3.34385533144e-06	8.02525279546e-05	6.68771066289e-06	0.000458108180408	5.35016853031e-05	5.35016853031e-05	3.0094697983e-05	2.34069873201e-05	0	0	4.01262639773e-05	6.68771066289e-06	0	2.34069873201e-05	3.34385533144e-05	5.68455406345e-05	0.000274196137178	7.02209619603e-05	0.000461452035739	5.68455406345e-05	5.01578299716e-05	0.000107003370606	0.000147129634583	3.34385533144e-06	4.68139746402e-05	0	0	0	5.68455406345e-05	0.00939623348135	0.00520972660639	0.0191235086405	0.0061359745332	0.000618613236317	0.00121716334065	0.000414638061099	0.000193943609224	0.000130410357926	5.01578299716e-05	5.35016853031e-05	1.00315659943e-05	0	0
3.34385533144e-06	0	0	0	3.34385533144e-06	0	0	3.34385533144e-06	0	1.67192766572e-05	0	0	0	0	0	0	3.34385533144e-06	0	0	0	0	3.34385533144e-06	0	0	6.68771066289e-06	0	0	0	1.33754213258e-05	6.68771066289e-06	1.33754213258e-05	0	0	0	0	0.0096670857632	3.34385533144e-06	1.00315659943e-05	0	0.000140441923921	0	0.000541704563694	0.00260820715853	0.00069552190894	0.000123722647263	0.000391231073779	6.68771066289e-06	0.000214006741212	0	0.00314656786689	1.33754213258e-05	4.68139746402e-05	3.34385533144e-06	0	0	5.35016853031e-05	0.000190599753892	3.0094697983e-05	0.000100315659943	0.000581830827671	0	0	6.68771066289e-06	0.000344417099139	0.00374846182655	0.00153482959713	0	0	5.01578299716e-05	0.000197287464555	3.34385533144e-06	0	0	0	0	0	0	0.000304290835161	6.35332512974e-05	0.000163848911241	6.68771066289e-05	0.000357792520464	3.0094697983e-05	3.34385533144e-06
0	0.00215678668878	0.000471483601733	0	0	0	0	3.34385533144e-06	0	1.00315659943e-05	0	0.000143785779252	0	0.000123722647263	0	0	1.33754213258e-05	0.000307634690493	3.0094697983e-05	0.000317666256487	0	2.34069873201e-05	0.000364480231127	0.000210662885881	3.34385533144e-06	0.000357792520464	0.0017020223637	0.00110347225938	1.00315659943e-05	3.34385533144e-06	6.68771066289e-06	3.34385533144e-06	0	3.34385533144e-06	0.000187255898561	3.34385533144e-06	0.0160471617356	0.00156492429512	0	0	0	1.33754213258e-05	1.67192766572e-05	1.67192766572e-05	6.68771066289e-05	3.34385533144e-06	0.000424669627093	0	0.000210662885881	6.68771066289e-06	0	0.000244101439195	0.00110012840404	7.02209619603e-05	0.000642020223637	0	0.000234069873201	0.0015415173078	0.000832619977529	7.69086726232e-05	0.0019996254882	0.00248114065593	0.00866392916377	5.01578299716e-05	1.00315659943e-05	0.000110347225938	0	0	0	0.000775774436895	9.36279492804e-05	0.000244101439195	0.000117034936601	4.34701193088e-05	0	3.34385533144e-06	0	0.000310978545824	0.00185249585362	0.000795837568883	0.000280883847841	2.34069873201e-05	1.67192766572e-05	6.68771066289e-06
0	0.000361136375796	8.69402386175e-05	0	0	0	0	0	0	6.68771066289e-06	0	1.33754213258e-05	0	0	0	0	3.34385533144e-06	5.35016853031e-05	0	3.0094697983e-05	0	3.34385533144e-06	0.000150473489915	5.68455406345e-05	3.34385533144e-06	3.0094697983e-05	0.000173880477235	0.000200631319887	3.34385533144e-06	3.34385533144e-06	6.68771066289e-06	0	0	6.68771066289e-06	3.0094697983e-05	1.00315659943e-05	0.00156492429512	0.0268043443368	0	2.00631319887e-05	0	3.34385533144e-05	0.000170536621904	3.34385533144e-05	7.35648172917e-05	1.67192766572e-05	0.000137098068589	1.00315659943e-05	2.34069873201e-05	2.34069873201e-05	0	0.000882777807501	0.00469811674068	2.67508426515e-05	0.000561767695682	3.34385533144e-06	0.00228385319138	0.00110012840404	0.0100315659943	0.000234069873201	7.35648172917e-05	0.00658405114761	0.00939288962602	0.000284227703173	0.000100315659943	0.00097306190145	0	0	1.00315659943e-05	0.00213672355679	3.67824086459e-05	5.68455406345e-05	1.33754213258e-05	1.67192766572e-05	0	0	0	0.00179899416832	0.00247110908994	0.00202303247552	0.0010633459954	8.35963832861e-05	7.35648172917e-05	0
0	0	0	0	0	0	0	0	0	0	0	0	0	0	0	0	0	0	0	0	0	0	0	0	0	0	0	0	0	0	0	0	0	0	0	0	0	0	0	0	0	0	0	0	0	0	0	0	0	0	0	0	0	0	0	0	0	0	0	0	0	0	0	0	0	0	0	0	0	0	0	0	0	0	0	0	0	0	0	0	0	0	0	0
4.68139746402e-05	3.34385533144e-06	6.68771066289e-06	0	0.00396581242309	3.34385533144e-06	6.68771066289e-06	0.000177224332566	6.68771066289e-06	0.000377855652453	0.000193943609224	0	0.000163848911241	0	2.34069873201e-05	3.34385533144e-06	2.00631319887e-05	0	0	0	0.00126397731529	4.68139746402e-05	5.68455406345e-05	2.34069873201e-05	0.000214006741212	0	0	0	0.000267508426515	0.000143785779252	0.000210662885881	0	0	8.35963832861e-05	0.000117034936601	0.000140441923921	0	2.00631319887e-05	0	0.0239486918838	0	0.00062530094698	0.00332044834412	0.00037116794179	0.00305628377294	0.00746348509978	3.34385533144e-06	0.0024242951153	0	0.000220694451875	1.00315659943e-05	8.02525279546e-05	1.00315659943e-05	0	0	0.00947314215398	0.000197287464555	0.000147129634583	0.000113691081269	0.0138234979402	0	6.68771066289e-06	1.67192766572e-05	0.00851345567385	0.000117034936601	0.000381199507784	0	0	3.34385533144e-06	0.000107003370606	0.000100315659943	6.68771066289e-06	1.67192766572e-05	1.00315659943e-05	7.35648172917e-05	3.34385533144e-06	0	0.000187255898561	4.34701193088e-05	8.35963832861e-05	4.68139746402e-05	0.000143785779252	3.34385533144e-06	0
0	0	0	0	0	0	0	0	0	0	0	0	0	0	0	0	0	0	0	0	0	0	0	0	0	0	0	0	0	0	0	0	0	0	0	0	0	0	0	0	0.00135760526457	0.000411294205767	0	0.000270852281847	3.34385533144e-06	0	0	0	0	2.00631319887e-05	0.000374511797122	0	0	0	0	0	0	0	0	0	0	0	0	0	1.00315659943e-05	0	0	0.000274196137178	0	2.34069873201e-05	0	0	0	0	0	0	0	0	0	0	0	0.000127066502595	0.000260820715853	0
3.34385533144e-06	3.34385533144e-06	3.34385533144e-06	0	5.35016853031e-05	0	0	1.33754213258e-05	0	4.34701193088e-05	3.34385533144e-06	0	0.000137098068589	0	0	0	6.68771066289e-06	3.34385533144e-06	0	3.34385533144e-06	7.69086726232e-05	0	6.68771066289e-06	3.34385533144e-06	3.0094697983e-05	3.34385533144e-06	3.34385533144e-06	0	2.00631319887e-05	6.68771066289e-06	2.67508426515e-05	0	0	1.33754213258e-05	3.34385533144e-06	0.000541704563694	1.33754213258e-05	3.34385533144e-05	0	0.00062530094698	0.000411294205767	0.0393504895404	0.00393571772511	0.0183343587823	0.00039457492911	0.0113691081269	6.68771066289e-06	0.00733976245252	0	0.00420991386229	0.000524985287037	3.67824086459e-05	1.33754213258e-05	0	0	0.00143451393719	0.000153817345246	5.01578299716e-05	0.000123722647263	0.00179899416832	6.68771066289e-06	1.00315659943e-05	2.67508426515e-05	0.00150807875448	0.00122719490664	0.00037116794179	0	0.000478171312396	1.00315659943e-05	0.000822588411535	6.68771066289e-06	0	0	0	3.34385533144e-06	0	0	0.00057848697234	6.35332512974e-05	0.000738992028249	0.000177224332566	0.00279546305709	0.000899497084158	3.34385533144e-06
