0.00504005732306	0	0.0002955214334	0	4.0482388137e-06	0	1.61929552548e-05	0.000931094927152	0.000368389732047	4.0482388137e-06	0	5.26271045782e-05	4.0482388137e-06	4.0482388137e-06	0.00174479092871	4.0482388137e-06	4.0482388137e-06	0.0011820857336	6.07235822056e-05	0.000303617911028	4.0482388137e-06	8.09647762741e-06	0	0.000805599523927	2.42894328822e-05	0	0.0011820857336	0.000336003821537	7.28682986467e-05	0.00455426866542	0.00304427558791	0	0	4.0482388137e-05	0.000210508418313	0	0	0	0	4.0482388137e-06	0	4.0482388137e-06	0	2.02411940685e-05	0.000145736597293	0.000101205970343	1.21447164411e-05	0	0	0	0	0	0	0	0.00014168835848	1.61929552548e-05	0	0	0	0.000145736597293	0	0.000178122507803	4.0482388137e-06	0.000133591880852	0	0	0	0	0	1.21447164411e-05	4.0482388137e-06	8.09647762741e-06	8.09647762741e-05	1.21447164411e-05	4.0482388137e-05	8.09647762741e-06	0	0	4.0482388137e-06	1.21447164411e-05	0	0	0	0
0	0.0398427664045	0.00197149230227	0	2.02411940685e-05	4.45306269507e-05	1.61929552548e-05	8.09647762741e-06	4.0482388137e-06	0.0035138712903	1.21447164411e-05	0.00025099080645	5.26271045782e-05	0.000809647762741	1.61929552548e-05	0.000170026030176	0.0016557296748	0.000461499224762	9.31094927152e-05	0.000170026030176	5.66753433919e-05	0.000234797851195	0.00542059177155	0.00040482388137	0.00208484298906	0.00217390424296	0.0120758963813	0.0308921103874	0.000182170746617	6.07235822056e-05	2.83376716959e-05	5.66753433919e-05	0	8.09647762741e-06	0.0002955214334	4.0482388137e-06	0.0177636719145	0.000821792479182	0	8.09647762741e-06	0	0	1.21447164411e-05	2.83376716959e-05	5.26271045782e-05	2.42894328822e-05	6.07235822056e-05	0	0.000174074268989	2.42894328822e-05	0	0.000113350686784	0.000542464001036	0	0.000550560478664	8.09647762741e-06	2.83376716959e-05	0.00266778937823	0.000230749612381	8.90612539015e-05	0.00025099080645	0.00444091797863	0.0231032989098	5.26271045782e-05	2.02411940685e-05	2.83376716959e-05	3.23859105096e-05	0	0	0.000230749612381	0.00259492107958	0.00114969982309	0.000222653134754	4.0482388137e-05	0.000481740418831	4.0482388137e-06	1.61929552548e-05	0.000161929552548	0.00014168835848	0.000178122507803	3.64341493233e-05	0	4.0482388137e-06	2.42894328822e-05
0.0002955214334	0.00197149230227	0.0435792908295	0	4.0482388137e-06	0	0.000133591880852	0.00621809481785	0.00238441266127	4.0482388137e-06	0.000230749612381	0.000396727403743	2.02411940685e-05	0.000161929552548	0.00316977099113	4.0482388137e-06	0.000303617911028	0.0128126758454	8.09647762741e-06	0.000931094927152	8.09647762741e-06	0.00125090579343	0.0011213621514	0.0157233595524	0.000222653134754	1.61929552548e-05	0.0137599637278	0.0124766720238	0.00412920358998	0.000805599523927	0.00502791260662	2.02411940685e-05	3.23859105096e-05	6.07235822056e-05	0.00116184453953	8.50130150878e-05	0.00062342877731	0.00413325182879	0	2.02411940685e-05	0	1.21447164411e-05	0.000137640119666	0.000364341493233	6.07235822056e-05	0.000287424955773	8.90612539015e-05	0	4.0482388137e-06	0.000315762627469	0	0.000813696001555	0.00275685063213	1.61929552548e-05	0.000416968597812	4.0482388137e-06	0.000344100299165	0.00068820059833	0.00650551977362	0.000153833074921	2.02411940685e-05	0.00209293946669	0.00520603511442	0.00032790734391	6.07235822056e-05	4.0482388137e-05	0	0	0	0.00116994101716	0.00153023427158	0.000789406568672	0.00311714388655	0.00236821970602	0.000368389732047	3.23859105096e-05	1.21447164411e-05	0.000825840717996	0.000238846090009	0.000336003821537	6.07235822056e-05	0	2.42894328822e-05	8.09647762741e-06
0	0	0	0	0	0	0	0	0	0	0	0	0	0	0	0	0	0	0	0	0	0	0	0	0	0	0	0	0	0	0	0	0	0	0	0	0	0	0	0	0	0	0	0	0	0	0	0	0	0	0	0	0	0	0	0	0	0	0	0	0	0	0	0	0	0	0	0	0	0	0	0	0	0	0	0	0	0	0	0	0	0	0	0
4.0482388137e-06	2.02411940685e-05	4.0482388137e-06	0	0.0256658340789	4.0482388137e-06	0.00135616000259	0.00227106197449	0.000542464001036	0.00366770436522	0.00240870209415	0.00157881313734	0.00592257338445	0.00036029325442	0.000931094927152	0.000392679164929	4.0482388137e-06	0	2.83376716959e-05	0.000161929552548	0.0092745151222	1.61929552548e-05	1.21447164411e-05	4.0482388137e-06	0.0126790839645	3.64341493233e-05	0.00114160334546	4.0482388137e-05	0.0093352387044	0.0023925091389	8.09647762741e-05	0.000214556657126	0.000129543642039	8.90612539015e-05	0.00224677254161	4.0482388137e-06	0	0	0	0.00498338197967	0	0.000400775642557	0	2.42894328822e-05	0.00539630233867	0.0020686500338	8.50130150878e-05	0.00708036968517	4.0482388137e-06	7.69165374604e-05	3.64341493233e-05	1.21447164411e-05	0	4.0482388137e-06	0	0.00889802891252	0	1.61929552548e-05	4.0482388137e-06	0.00514531153222	3.23859105096e-05	1.61929552548e-05	3.64341493233e-05	0.000789406568672	0.000214556657126	0	0	0	0	0.000182170746617	0.000222653134754	3.23859105096e-05	0.00107683152445	0.000174074268989	0.000538415762223	4.0482388137e-06	3.64341493233e-05	0.000101205970343	7.28682986467e-05	0.000161929552548	2.02411940685e-05	0.000145736597293	0	1.61929552548e-05
0	4.45306269507e-05	0	0	4.0482388137e-06	0.00346934066334	0.00173264621227	4.0482388137e-05	0.000538415762223	9.71577315289e-05	1.21447164411e-05	4.85788657644e-05	2.83376716959e-05	1.61929552548e-05	0.00036029325442	0.00119423045004	0	0	0	0	3.23859105096e-05	0	0	0	7.28682986467e-05	0	0	4.45306269507e-05	4.0482388137e-06	0.000202411940685	2.42894328822e-05	0	0.00119423045004	2.02411940685e-05	0.00032790734391	0	4.0482388137e-06	0	0	0	0	0	0	0	0	0	0	0	0	0	0	0	0	0	0	0	0	0	0	0	4.0482388137e-06	0	4.0482388137e-06	0	0	0	0	0	0	0	0.000259087284077	4.0482388137e-06	0.000149784836107	4.0482388137e-06	0.00117398925597	0.000380534448488	0	0	0	4.0482388137e-06	4.0482388137e-06	0	0	0
1.61929552548e-05	1.61929552548e-05	0.000133591880852	0	0.00135616000259	0.00173264621227	0.0330660146303	0.00494694783035	0.0149380012226	0.000125495403225	0.0104363596617	0.00165977791362	0.00693463308788	0.00121851988292	0.00581731917529	0.00384987511183	2.42894328822e-05	9.71577315289e-05	1.21447164411e-05	2.83376716959e-05	0.00356245015606	1.21447164411e-05	1.61929552548e-05	0.000133591880852	0.000890612539015	2.83376716959e-05	0.000481740418831	6.47718210193e-05	0.00288234603536	0.00351791952911	0.000639621732565	0.000534367523409	0.00338837588707	0.000161929552548	0.00281352597552	0	4.0482388137e-06	0	0	0.000194315463058	0	8.09647762741e-05	4.0482388137e-06	8.50130150878e-05	0.000279328478146	0.000145736597293	4.0482388137e-06	8.50130150878e-05	4.0482388137e-06	1.61929552548e-05	0	1.61929552548e-05	0	0	8.09647762741e-06	0.000125495403225	4.0482388137e-06	2.42894328822e-05	4.85788657644e-05	0.000481740418831	4.0482388137e-06	3.23859105096e-05	3.23859105096e-05	0.000170026030176	2.42894328822e-05	4.0482388137e-06	0	0	0	0.000101205970343	0.00202816764567	0.000501981612899	0.00187433457074	0.000137640119666	0.00176503212277	0.001064686808	4.0482388137e-05	9.31094927152e-05	4.45306269507e-05	4.45306269507e-05	2.42894328822e-05	1.21447164411e-05	0	4.0482388137e-06
0.000931094927152	8.09647762741e-06	0.00621809481785	0	0.00227106197449	4.0482388137e-05	0.00494694783035	0.0535824889382	0.012298549516	0.00108492800207	0.0112945862902	0.00495909254679	0.000311714388655	9.31094927152e-05	0.011930159784	0.000728682986467	1.21447164411e-05	0.00785358329859	0.000178122507803	0.0019188651977	0.000226701373567	0.00142498006242	8.09647762741e-06	0.00521413159205	0.00237226794483	4.85788657644e-05	0.0112095732751	0.00032790734391	0.021795717773	0.0142821865347	0.0146141421175	2.02411940685e-05	0.000457450985949	0.00310904740892	0.00985746151137	8.09647762741e-06	4.0482388137e-06	0	0	0.00143712477886	0	0.00084203367325	0.000194315463058	0.000898709016642	0.00337623117063	0.00262730699009	8.09647762741e-05	0.00144926949531	8.09647762741e-06	9.31094927152e-05	0	4.0482388137e-06	0.00010930244797	0	0.000149784836107	0.00291068370705	4.0482388137e-06	4.0482388137e-06	0.000157881313734	0.00491456191984	0.000153833074921	0.000453402747135	0.000105254209156	0.000769165374604	7.28682986467e-05	0	0	0	0	0.000473643941203	0.000591042866801	6.07235822056e-05	0.00704393553585	0.00129138818157	0.000206460179499	0.000182170746617	6.8820059833e-05	4.0482388137e-05	4.0482388137e-05	0.000182170746617	3.23859105096e-05	8.09647762741e-06	0	4.45306269507e-05
0.000368389732047	4.0482388137e-06	0.00238441266127	0	0.000542464001036	0.000538415762223	0.0149380012226	0.012298549516	0.0427939324997	0.000210508418313	0.00988579918307	0.00309690269248	0.00201197469041	0.00116994101716	0.0207634168755	0.00110112095733	8.09647762741e-06	0.00311309564774	0.00025099080645	0.00137640119666	0.00222653134754	2.02411940685e-05	4.0482388137e-06	0.000829888956809	0.000433161553066	2.02411940685e-05	0.00389440573878	0.000348148537979	0.00367984908166	0.0100355840192	0.0048740795317	0.000283376716959	0.002955214334	0.000611284060869	0.00597924872784	2.83376716959e-05	4.0482388137e-06	4.0482388137e-06	0	0.00095133612122	0	0.000582946389173	6.8820059833e-05	0.000457450985949	0.00225891725805	0.000862274867319	8.50130150878e-05	0.000153833074921	0	0.000125495403225	0	4.0482388137e-06	4.45306269507e-05	8.09647762741e-06	3.23859105096e-05	0.000121447164411	0	8.09647762741e-06	7.28682986467e-05	0.00419802364981	4.45306269507e-05	9.71577315289e-05	8.09647762741e-06	0.00221843486991	0.000121447164411	0	0	0	4.0482388137e-06	0.000425065075439	0.00098372203173	5.66753433919e-05	0.0034855336186	0.000344100299165	0.000939191404779	0.00043720979188	2.42894328822e-05	0.000206460179499	0.00010930244797	0.000149784836107	1.21447164411e-05	1.61929552548e-05	0	4.45306269507e-05
4.0482388137e-06	0.0035138712903	4.0482388137e-06	0	0.00366770436522	9.71577315289e-05	0.000125495403225	0.00108492800207	0.000210508418313	0.0279814266803	0.000927046688338	0.000348148537979	0.00167192263006	0.000165977791362	0.000214556657126	0.00065581468782	0.00262730699009	1.61929552548e-05	8.09647762741e-06	4.85788657644e-05	0.00153833074921	0.000149784836107	0.00485383833763	5.66753433919e-05	0.0152497156112	0.00084203367325	0.000716538270026	0.00297950376689	0.00533153051765	0.00255848693026	0.00197554054109	4.0482388137e-06	5.26271045782e-05	0.00310499917011	0.00443282150101	0.000789406568672	3.64341493233e-05	4.0482388137e-06	0	0.00298760024451	4.0482388137e-06	0.000299569672214	0.000113350686784	0.000400775642557	0.0141607393703	0.000858226628505	8.09647762741e-05	0.00263135522891	4.0482388137e-06	0.000348148537979	3.64341493233e-05	6.47718210193e-05	4.0482388137e-06	2.02411940685e-05	4.85788657644e-05	0.0041049141571	8.09647762741e-06	7.28682986467e-05	4.45306269507e-05	0.0131203419952	4.0482388137e-05	0.000202411940685	0.000190267224244	0.00193910639176	0.000615332299683	0.000129543642039	0	0	0	0.000234797851195	0.00143307654005	0.000190267224244	0.00299974496095	0.00180956274973	0.00179741803328	4.45306269507e-05	8.90612539015e-05	0.00199982997397	0.000453402747135	0.000133591880852	8.09647762741e-05	0.000336003821537	8.09647762741e-06	2.83376716959e-05
0	1.21447164411e-05	0.000230749612381	0	0.00240870209415	1.21447164411e-05	0.0104363596617	0.0112945862902	0.00988579918307	0.000927046688338	0.0372964241907	0.00518984215917	0.00291473194587	0.000477692180017	0.00497123726323	0.00148570364463	8.09647762741e-06	0.000242894328822	0.000145736597293	0.000291473194587	0.00274065767688	3.64341493233e-05	4.0482388137e-06	0.000242894328822	0.000813696001555	2.83376716959e-05	0.0043720979188	7.28682986467e-05	0.00940810700305	0.00834342019504	0.000271232000518	0.000117398925597	0.000465547463576	0.000518174568154	0.00676055881889	0	4.0482388137e-06	0	0	0.000416968597812	0	0.000182170746617	4.0482388137e-06	2.42894328822e-05	0.00111326567377	0.00076511713579	2.42894328822e-05	0.00168001910769	0	1.21447164411e-05	1.61929552548e-05	4.0482388137e-06	0	4.0482388137e-06	0	0.00153833074921	0	8.09647762741e-06	2.02411940685e-05	0.00104849385275	0.000137640119666	0.00010930244797	9.71577315289e-05	5.66753433919e-05	0.000117398925597	0	4.0482388137e-06	0	0	4.85788657644e-05	0.000392679164929	0.00010930244797	0.00438424263524	0.000137640119666	7.69165374604e-05	4.0482388137e-06	6.8820059833e-05	6.47718210193e-05	2.02411940685e-05	0.000125495403225	3.64341493233e-05	2.83376716959e-05	0	4.0482388137e-06
5.26271045782e-05	0.00025099080645	0.000396727403743	0	0.00157881313734	4.85788657644e-05	0.00165977791362	0.00495909254679	0.00309690269248	0.000348148537979	0.00518984215917	0.0455912655199	0.0029835520057	0.0137963978771	0.00657838807227	2.02411940685e-05	0.000157881313734	0.00338027940944	0.0023925091389	0.00875634055404	0.00462713696406	0.00117398925597	0.000210508418313	0.00193910639176	0.000959432598848	0.00128329170394	0.022447484222	0.000995866748171	0.00492670663628	0.0205933908453	0.00210913242194	0.00391869517167	0.00109707271851	0.000918950210711	0.0271474894847	5.26271045782e-05	0.000157881313734	1.21447164411e-05	0	8.09647762741e-05	0	0.000348148537979	3.64341493233e-05	0.000246942567636	0.000380534448488	0.000453402747135	0.00196339582465	0.000178122507803	0.000744875941722	3.64341493233e-05	0	0.000129543642039	0	4.45306269507e-05	4.0482388137e-05	2.02411940685e-05	4.0482388137e-06	0.000117398925597	0.000117398925597	0.00160715080904	0.000542464001036	0.000870371344946	0.000558656956291	0.0011213621514	0.000267183761704	1.21447164411e-05	2.83376716959e-05	0	0	0.00109707271851	0.00408872120184	0.00485383833763	0.00998700515341	0.000582946389173	7.69165374604e-05	2.83376716959e-05	0.000194315463058	0.000222653134754	0.00201197469041	0.000530319284595	4.0482388137e-06	4.0482388137e-05	8.09647762741e-06	0.000206460179499
4.0482388137e-06	5.26271045782e-05	2.02411940685e-05	0	0.00592257338445	2.83376716959e-05	0.00693463308788	0.000311714388655	0.00201197469041	0.00167192263006	0.00291473194587	0.0029835520057	0.0333858254966	0.00180956274973	0.00309285445367	0.0021860489594	8.09647762741e-06	4.0482388137e-05	2.83376716959e-05	2.42894328822e-05	0.0157516972241	2.02411940685e-05	1.61929552548e-05	3.23859105096e-05	0.00324263928978	9.31094927152e-05	0.00106873504682	0.000275280239332	0.00110516919614	0.00343290651402	6.47718210193e-05	0.000586994627987	0.000392679164929	3.64341493233e-05	0.00323049457334	5.66753433919e-05	3.23859105096e-05	8.09647762741e-06	0	0.00036029325442	8.09647762741e-06	0.00537201290579	1.61929552548e-05	0.0012711469875	0.0002955214334	0.00498743021848	0.000595091105615	0.00854178389692	8.09647762741e-05	0.0012711469875	6.47718210193e-05	2.02411940685e-05	4.0482388137e-06	0.000153833074921	8.09647762741e-05	0.000825840717996	8.09647762741e-06	8.09647762741e-06	2.83376716959e-05	0.000368389732047	0.000174074268989	0.00025099080645	0.000137640119666	0.000117398925597	0.00155047546565	8.09647762741e-06	0	4.0482388137e-05	0	0.00191076872007	0.000538415762223	0.000145736597293	0.00021860489594	4.85788657644e-05	0.00146141421175	1.61929552548e-05	1.61929552548e-05	0.00134401528615	0.000777261852231	0.00125900227106	2.02411940685e-05	7.69165374604e-05	4.85788657644e-05	0.000311714388655
4.0482388137e-06	0.000809647762741	0.000161929552548	0	0.00036029325442	1.61929552548e-05	0.00121851988292	9.31094927152e-05	0.00116994101716	0.000165977791362	0.000477692180017	0.0137963978771	0.00180956274973	0.0296412045939	0.00288639427417	1.21447164411e-05	5.26271045782e-05	0.000161929552548	0.000145736597293	0.00018621898543	0.00188243104837	4.0482388137e-05	0.000299569672214	0.000392679164929	0.0002955214334	0.0103675396019	0.00527485517426	0.00373247618624	0.00021860489594	0.00440448382931	5.66753433919e-05	0.00637192789277	0.000736779464094	4.45306269507e-05	0.00582136741411	4.45306269507e-05	0.000157881313734	0	0	4.45306269507e-05	0	0.000352196776792	4.0482388137e-05	4.45306269507e-05	8.50130150878e-05	0.000497933374086	0.005671582578	0.000259087284077	0.00350982305148	0.000117398925597	0	3.64341493233e-05	0	1.61929552548e-05	8.09647762741e-06	3.64341493233e-05	0	3.23859105096e-05	3.64341493233e-05	0.000194315463058	0.00324668752859	0.00148165540582	0.000534367523409	0.000170026030176	0.000263135522891	4.0482388137e-06	6.8820059833e-05	0	0	0.00103634913631	0.00159905433141	0.00359888430538	0.00195529934702	0.000133591880852	1.21447164411e-05	2.02411940685e-05	0.000392679164929	6.8820059833e-05	0.00365555964877	0.000720586508839	4.0482388137e-06	4.85788657644e-05	1.21447164411e-05	0.0019188651977
0.00174479092871	1.61929552548e-05	0.00316977099113	0	0.000931094927152	0.00036029325442	0.00581731917529	0.011930159784	0.0207634168755	0.000214556657126	0.00497123726323	0.00657838807227	0.00309285445367	0.00288639427417	0.0436319179341	0.000299569672214	6.07235822056e-05	0.00672412466956	0.000489836896458	0.0024815703928	0.00357054663369	0.000255039045263	1.21447164411e-05	0.00264754818416	0.000781310091045	2.42894328822e-05	0.00781714914926	0.000809647762741	0.00255848693026	0.024163937479	0.00982507560086	0.000736779464094	0.00512507033815	0.00193910639176	0.0115698665296	2.42894328822e-05	4.0482388137e-06	4.0482388137e-06	0	0.000805599523927	0	0.00021860489594	1.61929552548e-05	0.000307666149842	0.0019795887799	0.000651766449006	0.000113350686784	6.8820059833e-05	2.02411940685e-05	5.26271045782e-05	0	4.0482388137e-06	1.61929552548e-05	8.09647762741e-06	0.000255039045263	7.28682986467e-05	0	1.21447164411e-05	4.0482388137e-05	0.00323454281215	4.85788657644e-05	0.000445306269507	5.66753433919e-05	0.00188647928719	7.28682986467e-05	1.21447164411e-05	0	0	4.0482388137e-06	0.000344100299165	0.00210508418313	0.000477692180017	0.00390655045522	0.000315762627469	0.000449354508321	0.000449354508321	2.42894328822e-05	0.000178122507803	8.09647762741e-05	9.71577315289e-05	0	8.09647762741e-06	0	2.83376716959e-05
4.0482388137e-06	0.000170026030176	4.0482388137e-06	0	0.000392679164929	0.00119423045004	0.00384987511183	0.000728682986467	0.00110112095733	0.00065581468782	0.00148570364463	2.02411940685e-05	0.0021860489594	1.21447164411e-05	0.000299569672214	0.00838795082199	0	0	0	0	0.000700345314771	8.09647762741e-06	5.26271045782e-05	9.31094927152e-05	0.000801551285113	0	2.83376716959e-05	0.000165977791362	0.000757020658163	0.00021860489594	0.000145736597293	4.0482388137e-06	0.000368389732047	0.000117398925597	0.00018621898543	0	4.0482388137e-06	0	0	4.0482388137e-06	0	8.09647762741e-06	0	8.09647762741e-06	2.02411940685e-05	4.0482388137e-06	0	8.09647762741e-06	0	0	0	0	0	0	0	0	0	0	0	8.09647762741e-06	4.0482388137e-06	0	4.0482388137e-06	4.0482388137e-06	0	0	0	0	0	0	0.000429113314253	8.09647762741e-06	0.000259087284077	0.000125495403225	0.00402799761964	4.45306269507e-05	4.0482388137e-06	0	0	4.0482388137e-06	4.0482388137e-06	4.0482388137e-06	0	0
4.0482388137e-06	0.0016557296748	0.000303617911028	0	4.0482388137e-06	0	2.42894328822e-05	1.21447164411e-05	8.09647762741e-06	0.00262730699009	8.09647762741e-06	0.000157881313734	8.09647762741e-06	5.26271045782e-05	6.07235822056e-05	0	0.0325275988681	0.000121447164411	4.0482388137e-06	0.000214556657126	4.0482388137e-06	0.00382153744014	0.020014492695	0.00503196084543	0.0154156934026	8.09647762741e-06	0.000963480837662	0.0063800243704	0.00483359714356	0.000259087284077	0.000927046688338	2.02411940685e-05	4.0482388137e-05	0.000178122507803	0.00177717683922	3.23859105096e-05	0.000121447164411	4.45306269507e-05	0	3.64341493233e-05	4.0482388137e-06	8.09647762741e-06	0	8.09647762741e-06	0.0068536683116	8.09647762741e-06	4.0482388137e-06	1.21447164411e-05	0	2.02411940685e-05	1.61929552548e-05	0.00440853206812	8.09647762741e-06	4.0482388137e-06	8.09647762741e-06	0	0.00134401528615	0.0054934600702	0.00263135522891	0.00413730006761	1.61929552548e-05	0.000129543642039	0.000352196776792	0.00219009719821	5.66753433919e-05	8.09647762741e-05	0	0	0	1.61929552548e-05	0.00416158950049	0.00139259415191	0.00187433457074	0.00142093182361	0.000400775642557	0.000161929552548	5.66753433919e-05	0.00213342185482	0.000174074268989	5.66753433919e-05	1.61929552548e-05	8.09647762741e-06	0	4.0482388137e-06
0.0011820857336	0.000461499224762	0.0128126758454	0	0	0	9.71577315289e-05	0.00785358329859	0.00311309564774	1.61929552548e-05	0.000242894328822	0.00338027940944	4.0482388137e-05	0.000161929552548	0.00672412466956	0	0.000121447164411	0.0406281247343	0.00115779630072	0.0120920893365	2.42894328822e-05	0.0051979386368	0.000214556657126	0.0148367952522	0.000234797851195	3.23859105096e-05	0.021492099862	0.00443686973982	0.00284591188603	0.00485383833763	0.0138328320264	6.47718210193e-05	8.09647762741e-06	0.000279328478146	0.0088332570915	4.0482388137e-06	0.000170026030176	0.000198363701872	0	0	0	4.0482388137e-06	4.0482388137e-05	8.09647762741e-06	7.28682986467e-05	0	0.000113350686784	0	0	8.09647762741e-06	0	0.000149784836107	0.000854178389692	1.61929552548e-05	0.00135211176378	0	0.000157881313734	0.000356245015606	0.000340052060351	6.47718210193e-05	6.8820059833e-05	0.00284996012485	0.000526271045782	0.000263135522891	1.61929552548e-05	0.000234797851195	0	0	0	0.000279328478146	0.000449354508321	0.00170026030176	0.00298760024451	0.00157071665972	0.000307666149842	8.09647762741e-06	4.0482388137e-06	0.000121447164411	9.71577315289e-05	0.000125495403225	8.09647762741e-06	0	0	0
6.07235822056e-05	9.31094927152e-05	8.09647762741e-06	0	2.83376716959e-05	0	1.21447164411e-05	0.000178122507803	0.00025099080645	8.09647762741e-06	0.000145736597293	0.0023925091389	2.83376716959e-05	0.000145736597293	0.000489836896458	0	4.0482388137e-06	0.00115779630072	0.00565538962274	0.00276089887095	5.66753433919e-05	0.000145736597293	2.42894328822e-05	0.00036029325442	1.21447164411e-05	3.23859105096e-05	0.00301593791621	0.000113350686784	0.000129543642039	0.00108492800207	0.000910853733083	1.21447164411e-05	4.0482388137e-06	4.85788657644e-05	0.000943239643593	1.21447164411e-05	5.26271045782e-05	4.0482388137e-06	0	4.0482388137e-06	0	2.02411940685e-05	0	4.0482388137e-06	2.42894328822e-05	4.45306269507e-05	8.09647762741e-05	4.0482388137e-06	8.09647762741e-06	0	0	8.09647762741e-06	0	4.85788657644e-05	2.83376716959e-05	4.0482388137e-06	0	8.09647762741e-06	4.0482388137e-06	4.0482388137e-05	3.64341493233e-05	0.000421016836625	0.000121447164411	2.83376716959e-05	0	4.0482388137e-06	1.61929552548e-05	0	0	5.26271045782e-05	0.000987770270544	0.00139259415191	0.000485788657644	5.66753433919e-05	8.09647762741e-06	0	0	0	0.000202411940685	4.85788657644e-05	0	0	0	0
0.000303617911028	0.000170026030176	0.000931094927152	0	0.000161929552548	0	2.83376716959e-05	0.0019188651977	0.00137640119666	4.85788657644e-05	0.000291473194587	0.00875634055404	2.42894328822e-05	0.00018621898543	0.0024815703928	0	0.000214556657126	0.0120920893365	0.00276089887095	0.0340983155278	1.61929552548e-05	0.00238846090009	0.000210508418313	0.00391464693285	0.000380534448488	0.000153833074921	0.0222126863708	0.00653385744532	0.00123876107699	0.00464737815813	0.00546917063731	4.45306269507e-05	2.42894328822e-05	0.000809647762741	0.0135008764437	0	8.90612539015e-05	6.8820059833e-05	0	3.64341493233e-05	0	1.21447164411e-05	3.64341493233e-05	4.0482388137e-06	0.000230749612381	5.26271045782e-05	0.000222653134754	0	8.09647762741e-06	4.0482388137e-06	0	0.000161929552548	3.23859105096e-05	0.000105254209156	0.00098372203173	0	4.45306269507e-05	0.00018621898543	0.000170026030176	0.000214556657126	0.000416968597812	0.00257467988552	0.000850130150878	0.000194315463058	1.21447164411e-05	0.000105254209156	4.0482388137e-06	0	0	0.000174074268989	0.00454617218779	0.00246942567636	0.00547321887613	0.00102015618105	8.50130150878e-05	4.0482388137e-06	3.64341493233e-05	0.000781310091045	0.00018621898543	9.31094927152e-05	2.02411940685e-05	0	4.0482388137e-06	0
4.0482388137e-06	5.66753433919e-05	8.09647762741e-06	0	0.0092745151222	3.23859105096e-05	0.00356245015606	0.000226701373567	0.00222653134754	0.00153833074921	0.00274065767688	0.00462713696406	0.0157516972241	0.00188243104837	0.00357054663369	0.000700345314771	4.0482388137e-06	2.42894328822e-05	5.66753433919e-05	1.61929552548e-05	0.0236012322839	8.09647762741e-06	8.09647762741e-06	3.23859105096e-05	0.00492670663628	4.85788657644e-05	0.00234797851195	8.50130150878e-05	0.00261921051247	0.00552989421952	2.42894328822e-05	0.000611284060869	0.000412920358998	1.61929552548e-05	0.00505625027832	8.09647762741e-06	1.61929552548e-05	0	0	0.000392679164929	0	0.000914901971897	0	5.26271045782e-05	0.000542464001036	0.00115779630072	9.71577315289e-05	0.00187838280956	4.45306269507e-05	9.71577315289e-05	4.0482388137e-06	8.09647762741e-06	0	3.23859105096e-05	8.09647762741e-06	0.000704393553585	0	8.09647762741e-06	8.09647762741e-06	0.000534367523409	8.50130150878e-05	8.90612539015e-05	6.47718210193e-05	0.00014168835848	0.000137640119666	0	0	0	0	0.000461499224762	0.000234797851195	8.50130150878e-05	0.000813696001555	4.85788657644e-05	0.000882516061387	1.61929552548e-05	2.42894328822e-05	0.000408872120184	0.000311714388655	0.000222653134754	1.21447164411e-05	2.83376716959e-05	8.09647762741e-06	9.71577315289e-05
8.09647762741e-06	0.000234797851195	0.00125090579343	0	1.61929552548e-05	0	1.21447164411e-05	0.00142498006242	2.02411940685e-05	0.000149784836107	3.64341493233e-05	0.00117398925597	2.02411940685e-05	4.0482388137e-05	0.000255039045263	8.09647762741e-06	0.00382153744014	0.0051979386368	0.000145736597293	0.00238846090009	8.09647762741e-06	0.0445346751896	0.0049914784573	0.0213261220706	0.00164763319718	4.0482388137e-06	0.00302808263265	0.000886564300201	0.00902757255456	0.0024815703928	0.0159014820602	4.0482388137e-06	2.02411940685e-05	0.00244108800466	0.0070601284911	0.000340052060351	6.47718210193e-05	0.000676055881889	0	4.85788657644e-05	0	1.21447164411e-05	0.000813696001555	0.000210508418313	0.0031900121852	4.45306269507e-05	3.64341493233e-05	0	8.09647762741e-06	0.000372437970861	0	0.0036029325442	3.23859105096e-05	0	3.64341493233e-05	0	0.00465952287457	0.00489836896458	0.000999914986985	0.00281352597552	4.0482388137e-06	0.000230749612381	0.00010930244797	0.00631120431056	0.000117398925597	0.00256658340789	0	0	8.09647762741e-06	0.00010930244797	0.00144522125649	0.000639621732565	0.00460689577	0.00161524728667	0.0002955214334	0.00010930244797	2.02411940685e-05	0.000376486209674	0.000174074268989	7.69165374604e-05	1.21447164411e-05	0	4.0482388137e-06	4.0482388137e-06
0	0.00542059177155	0.0011213621514	0	1.21447164411e-05	0	1.61929552548e-05	8.09647762741e-06	4.0482388137e-06	0.00485383833763	4.0482388137e-06	0.000210508418313	1.61929552548e-05	0.000299569672214	1.21447164411e-05	5.26271045782e-05	0.020014492695	0.000214556657126	2.42894328822e-05	0.000210508418313	8.09647762741e-06	0.0049914784573	0.0482671513758	0.0100679699297	0.0115091429474	0.00103634913631	0.00127924346513	0.0157800348958	0.0038984539776	8.09647762741e-05	5.26271045782e-05	4.0482388137e-05	8.09647762741e-06	2.42894328822e-05	0.0007975030463	0.00010930244797	0.000198363701872	0.000174074268989	0	2.42894328822e-05	0	8.09647762741e-06	1.21447164411e-05	0	0.00895875249473	8.09647762741e-06	8.09647762741e-06	1.21447164411e-05	1.61929552548e-05	6.07235822056e-05	8.09647762741e-06	0.0150877860587	8.09647762741e-06	4.0482388137e-06	2.42894328822e-05	4.0482388137e-06	0.00324263928978	0.0193424850519	0.00988984742188	0.00597924872784	2.42894328822e-05	0.000234797851195	0.0027770918262	0.00413730006761	0.000101205970343	0.000663911165447	8.09647762741e-06	0	4.0482388137e-06	4.0482388137e-05	0.0025706316467	0.000846081912064	0.000574849911546	0.000344100299165	0.000137640119666	1.61929552548e-05	2.42894328822e-05	0.00223057958635	0.000174074268989	7.28682986467e-05	1.61929552548e-05	8.09647762741e-06	0	4.0482388137e-06
0.000805599523927	0.00040482388137	0.0157233595524	0	4.0482388137e-06	0	0.000133591880852	0.00521413159205	0.000829888956809	5.66753433919e-05	0.000242894328822	0.00193910639176	3.23859105096e-05	0.000392679164929	0.00264754818416	9.31094927152e-05	0.00503196084543	0.0148367952522	0.00036029325442	0.00391464693285	3.23859105096e-05	0.0213261220706	0.0100679699297	0.0732609778116	0.00154642722683	1.21447164411e-05	0.0103958772736	0.00728682986467	0.00621809481785	0.00297950376689	0.0111205120212	0.000178122507803	2.83376716959e-05	0.00116994101716	0.00832722723979	4.0482388137e-06	0.000121447164411	0.000558656956291	0	0	0	2.83376716959e-05	0.000194315463058	5.26271045782e-05	0.00113755510665	2.02411940685e-05	8.50130150878e-05	0	4.0482388137e-06	8.09647762741e-06	0	0.00752972419349	0.000238846090009	4.0482388137e-06	0.000348148537979	0	0.00453402747135	0.0118937256347	0.0143752960275	0.00187433457074	8.09647762741e-06	0.000963480837662	0.00204436060092	0.00246132919873	1.61929552548e-05	0.00178932155566	0	0	0	0.000307666149842	0.00340052060351	0.00131567761445	0.0111407532153	0.00613308180276	0.0025706316467	0.000979673792916	4.85788657644e-05	0.0002955214334	6.47718210193e-05	0.000190267224244	4.0482388137e-05	4.0482388137e-06	4.0482388137e-06	8.09647762741e-06
2.42894328822e-05	0.00208484298906	0.000222653134754	0	0.0126790839645	7.28682986467e-05	0.000890612539015	0.00237226794483	0.000433161553066	0.0152497156112	0.000813696001555	0.000959432598848	0.00324263928978	0.0002955214334	0.000781310091045	0.000801551285113	0.0154156934026	0.000234797851195	1.21447164411e-05	0.000380534448488	0.00492670663628	0.00164763319718	0.0115091429474	0.00154642722683	0.0560357216593	0.0002955214334	0.00138044943547	0.00294711785638	0.0177839131086	0.00267183761704	0.00235202675076	0.000153833074921	0.000157881313734	0.00152618603277	0.0049631407856	0.000542464001036	0.000344100299165	2.42894328822e-05	0	0.00519389039798	1.21447164411e-05	0.000340052060351	0.000165977791362	0.000506029851713	0.0205691014124	0.00266374113942	4.0482388137e-05	0.00314548155825	4.0482388137e-06	0.00054651223985	6.07235822056e-05	0.00025099080645	8.09647762741e-06	5.66753433919e-05	7.69165374604e-05	0.00657433983346	0.000279328478146	0.000485788657644	9.71577315289e-05	0.0184073418859	7.69165374604e-05	0.000340052060351	0.000518174568154	0.00449759332203	0.000429113314253	0.000137640119666	4.0482388137e-06	4.0482388137e-06	0	0.000230749612381	0.00359888430538	0.000999914986985	0.00373247618624	0.00200387821278	0.00217795248177	0.000178122507803	0.00018621898543	0.00306856502079	0.00040482388137	0.00025099080645	6.8820059833e-05	0.000259087284077	8.09647762741e-06	1.21447164411e-05
0	0.00217390424296	1.61929552548e-05	0	3.64341493233e-05	0	2.83376716959e-05	4.85788657644e-05	2.02411940685e-05	0.00084203367325	2.83376716959e-05	0.00128329170394	9.31094927152e-05	0.0103675396019	2.42894328822e-05	0	8.09647762741e-06	3.23859105096e-05	3.23859105096e-05	0.000153833074921	4.85788657644e-05	4.0482388137e-06	0.00103634913631	1.21447164411e-05	0.0002955214334	0.0189821917975	0.00754996538756	0.00690629541618	8.50130150878e-05	0.000149784836107	1.61929552548e-05	0.00284186364722	8.09647762741e-06	8.09647762741e-06	0.000234797851195	1.21447164411e-05	0.00163144024192	0	0	8.09647762741e-06	0	0.000210508418313	1.21447164411e-05	3.64341493233e-05	2.42894328822e-05	0.000255039045263	0.00411301063472	0.00018621898543	0.00333574878249	7.28682986467e-05	0	4.0482388137e-06	2.83376716959e-05	5.26271045782e-05	6.47718210193e-05	2.02411940685e-05	2.02411940685e-05	0	2.02411940685e-05	5.66753433919e-05	0.006736269386	0.00316977099113	0.00306856502079	4.45306269507e-05	0.00018621898543	8.09647762741e-06	0.000194315463058	0	0	0.000773213613417	0.00018621898543	0.000271232000518	0.000283376716959	4.0482388137e-06	0	0	4.85788657644e-05	0.000153833074921	0.00216580776533	0.000740827702908	8.09647762741e-06	4.85788657644e-05	0	0.00156262018209
0.0011820857336	0.0120758963813	0.0137599637278	0	0.00114160334546	0	0.000481740418831	0.0112095732751	0.00389440573878	0.000716538270026	0.0043720979188	0.022447484222	0.00106873504682	0.00527485517426	0.00781714914926	2.83376716959e-05	0.000963480837662	0.021492099862	0.00301593791621	0.0222126863708	0.00234797851195	0.00302808263265	0.00127924346513	0.0103958772736	0.00138044943547	0.00754996538756	0.118487901838	0.0364301010845	0.00621809481785	0.0175653082127	0.0119180150675	0.0025706316467	0.000170026030176	0.00104849385275	0.0229535140737	4.0482388137e-05	0.00896280073354	0.00144926949531	0	0.000121447164411	0	0.000222653134754	8.50130150878e-05	0.000283376716959	0.000493885135272	0.000380534448488	0.00176098388396	0.000117398925597	0.00105254209156	3.64341493233e-05	0	0.000542464001036	0.00212532537719	0.000647718210193	0.00474858412847	5.26271045782e-05	9.71577315289e-05	0.00046959570239	0.000570801672732	0.00163144024192	0.00538820586104	0.0243177705539	0.0162010517324	0.00108897624089	0.000275280239332	0.000101205970343	0.000724634747653	0	0	0.00172050149582	0.0111367049765	0.00864298986726	0.0115658182908	0.00129543642039	0.000206460179499	4.85788657644e-05	9.31094927152e-05	0.00146951068937	0.0016557296748	0.00112541039021	0.00010930244797	5.26271045782e-05	2.42894328822e-05	0.000178122507803
0.000336003821537	0.0308921103874	0.0124766720238	0	4.0482388137e-05	4.45306269507e-05	6.47718210193e-05	0.00032790734391	0.000348148537979	0.00297950376689	7.28682986467e-05	0.000995866748171	0.000275280239332	0.00373247618624	0.000809647762741	0.000165977791362	0.0063800243704	0.00443686973982	0.000113350686784	0.00653385744532	8.50130150878e-05	0.000886564300201	0.0157800348958	0.00728682986467	0.00294711785638	0.00690629541618	0.0364301010845	0.0980645370232	0.000886564300201	0.00114969982309	0.000761068896976	0.00146951068937	5.66753433919e-05	0.000178122507803	0.00416158950049	4.0482388137e-06	0.0160229292246	0.00276494710976	0	3.64341493233e-05	0	8.09647762741e-06	3.23859105096e-05	3.64341493233e-05	0.000234797851195	9.71577315289e-05	0.000659862926634	1.21447164411e-05	0.00076511713579	3.23859105096e-05	0	0.00477287356136	0.00125090579343	1.21447164411e-05	0.000481740418831	8.09647762741e-06	0.000117398925597	0.0081814906425	0.00683747535635	0.000287424955773	0.00294711785638	0.00843248144895	0.0260666097214	0.000202411940685	3.64341493233e-05	5.66753433919e-05	0.000129543642039	0	0	0.000611284060869	0.0100153428251	0.00412110711235	0.00489027248695	0.00204031236211	0.000833937195623	3.23859105096e-05	6.8820059833e-05	0.00110921743495	0.000356245015606	0.000510078090527	6.47718210193e-05	8.09647762741e-06	1.21447164411e-05	6.8820059833e-05
7.28682986467e-05	0.000182170746617	0.00412920358998	0	0.0093352387044	4.0482388137e-06	0.00288234603536	0.021795717773	0.00367984908166	0.00533153051765	0.00940810700305	0.00492670663628	0.00110516919614	0.00021860489594	0.00255848693026	0.000757020658163	0.00483359714356	0.00284591188603	0.000129543642039	0.00123876107699	0.00261921051247	0.00902757255456	0.0038984539776	0.00621809481785	0.0177839131086	8.50130150878e-05	0.00621809481785	0.000886564300201	0.0730545176321	0.0100112945863	0.00939191404779	4.0482388137e-05	0.000210508418313	0.0031900121852	0.0124119002028	0.00139259415191	6.8820059833e-05	8.90612539015e-05	0	0.00653790568413	0	0.00110516919614	0.00100801146461	0.00095133612122	0.0195853793807	0.00471214997915	0.000234797851195	0.00448140036677	6.8820059833e-05	0.00105254209156	2.42894328822e-05	0.000303617911028	0.000101205970343	7.28682986467e-05	6.47718210193e-05	0.00953360240627	0.000975625554103	0.000271232000518	0.000255039045263	0.0177677201533	0.000194315463058	0.000340052060351	0.000376486209674	0.00767141255197	0.000708441792398	0.00142498006242	0	0	2.42894328822e-05	0.00116184453953	0.00241275033297	0.00051412632934	0.00918140562948	0.00272851296044	0.000955384360034	0.000246942567636	0.000206460179499	0.00216175952652	0.000586994627987	0.00051412632934	7.69165374604e-05	0.000234797851195	4.0482388137e-06	0.00014168835848
0.00455426866542	6.07235822056e-05	0.000805599523927	0	0.0023925091389	0.000202411940685	0.00351791952911	0.0142821865347	0.0100355840192	0.00255848693026	0.00834342019504	0.0205933908453	0.00343290651402	0.00440448382931	0.024163937479	0.00021860489594	0.000259087284077	0.00485383833763	0.00108492800207	0.00464737815813	0.00552989421952	0.0024815703928	8.09647762741e-05	0.00297950376689	0.00267183761704	0.000149784836107	0.0175653082127	0.00114969982309	0.0100112945863	0.072427040616	0.022512256043	0.00116589277835	0.00291473194587	0.016124135195	0.0401261431214	0.000489836896458	2.83376716959e-05	8.09647762741e-06	0	0.00181361098854	0	0.000425065075439	0.000129543642039	0.00139259415191	0.00930690103271	0.00130353289801	0.000259087284077	6.8820059833e-05	5.26271045782e-05	0.000372437970861	4.0482388137e-06	4.85788657644e-05	8.09647762741e-06	2.02411940685e-05	0.000246942567636	0.000125495403225	4.0482388137e-06	6.47718210193e-05	8.90612539015e-05	0.0107156881399	0.000283376716959	0.000501981612899	0.000271232000518	0.00611688884751	0.000639621732565	3.23859105096e-05	4.0482388137e-06	0	1.21447164411e-05	0.00126305050988	0.0068536683116	0.00133187056971	0.0189336129317	0.00524246926375	0.000931094927152	0.000704393553585	0.000663911165447	0.000813696001555	0.000194315463058	0.000562705195105	0.000238846090009	4.45306269507e-05	7.69165374604e-05	7.69165374604e-05
0.00304427558791	2.83376716959e-05	0.00502791260662	0	8.09647762741e-05	2.42894328822e-05	0.000639621732565	0.0146141421175	0.0048740795317	0.00197554054109	0.000271232000518	0.00210913242194	6.47718210193e-05	5.66753433919e-05	0.00982507560086	0.000145736597293	0.000927046688338	0.0138328320264	0.000910853733083	0.00546917063731	2.42894328822e-05	0.0159014820602	5.26271045782e-05	0.0111205120212	0.00235202675076	1.61929552548e-05	0.0119180150675	0.000761068896976	0.00939191404779	0.022512256043	0.0587520899033	1.21447164411e-05	0.000255039045263	0.00929880455508	0.014189077042	0.000570801672732	2.42894328822e-05	0.000372437970861	0	0.00175693564515	0	0.000222653134754	0.000728682986467	0.00119018221123	0.0086834722554	0.00126709874869	0.000153833074921	2.42894328822e-05	4.0482388137e-05	0.000518174568154	4.0482388137e-06	3.64341493233e-05	4.85788657644e-05	2.42894328822e-05	0.000388630926116	0.000113350686784	9.71577315289e-05	4.85788657644e-05	0.00043720979188	0.00866323106133	0.000121447164411	0.000817744240368	0.000129543642039	0.00623023953429	0.00054651223985	0.00144926949531	0	0	1.21447164411e-05	0.00102015618105	0.00198768525753	0.000457450985949	0.00647718210193	0.00376891033556	0.000922998449525	0.000275280239332	2.02411940685e-05	0.000846081912064	0.000149784836107	0.000457450985949	7.69165374604e-05	4.0482388137e-06	6.47718210193e-05	8.90612539015e-05
0	5.66753433919e-05	2.02411940685e-05	0	0.000214556657126	0	0.000534367523409	2.02411940685e-05	0.000283376716959	4.0482388137e-06	0.000117398925597	0.00391869517167	0.000586994627987	0.00637192789277	0.000736779464094	4.0482388137e-06	2.02411940685e-05	6.47718210193e-05	1.21447164411e-05	4.45306269507e-05	0.000611284060869	4.0482388137e-06	4.0482388137e-05	0.000178122507803	0.000153833074921	0.00284186364722	0.0025706316467	0.00146951068937	4.0482388137e-05	0.00116589277835	1.21447164411e-05	0.00731516753636	2.83376716959e-05	4.0482388137e-06	0.00160715080904	1.21447164411e-05	2.42894328822e-05	0	0	4.0482388137e-06	0	6.47718210193e-05	1.21447164411e-05	4.0482388137e-06	1.61929552548e-05	8.09647762741e-05	0.00221843486991	5.66753433919e-05	0.00125495403225	8.09647762741e-06	0	0	0	4.0482388137e-06	0	8.09647762741e-06	4.0482388137e-06	0	8.09647762741e-06	2.83376716959e-05	0.00123066459937	0.00090680549427	0.000457450985949	3.23859105096e-05	3.64341493233e-05	4.0482388137e-06	6.8820059833e-05	0	0	0.000190267224244	0.000372437970861	0.000692248837143	0.000542464001036	2.02411940685e-05	0	0	1.21447164411e-05	1.61929552548e-05	0.000599139344428	0.000174074268989	0	1.21447164411e-05	0	0.000121447164411
