1245	0	73	0	1	0	4	230	91	1	0	13	1	1	431	1	1	292	15	75	1	2	0	199	6	0	292	83	18	1125	752	0	0	10	52	0	0	0	0	1	0	1	0	5	36	25	3	0	0	0	0	0	0	0	35	4	0	0	0	36	0	44	1	33	0	0	0	0	0	3	1	2	20	3	10	2	0	0	1	3	0	0	0	0
0	9842	487	0	5	11	4	2	1	868	3	62	13	200	4	42	409	114	23	42	14	58	1339	100	515	537	2983	7631	45	15	7	14	0	2	73	1	4388	203	0	2	0	0	3	7	13	6	15	0	43	6	0	28	134	0	136	2	7	659	57	22	62	1097	5707	13	5	7	8	0	0	57	641	284	55	10	119	1	4	40	35	44	9	0	1	6
73	487	10765	0	1	0	33	1536	589	1	57	98	5	40	783	1	75	3165	2	230	2	309	277	3884	55	4	3399	3082	1020	199	1242	5	8	15	287	21	154	1021	0	5	0	3	34	90	15	71	22	0	1	78	0	201	681	4	103	1	85	170	1607	38	5	517	1286	81	15	10	0	0	0	289	378	195	770	585	91	8	3	204	59	83	15	0	6	2
0	0	0	0	0	0	0	0	0	0	0	0	0	0	0	0	0	0	0	0	0	0	0	0	0	0	0	0	0	0	0	0	0	0	0	0	0	0	0	0	0	0	0	0	0	0	0	0	0	0	0	0	0	0	0	0	0	0	0	0	0	0	0	0	0	0	0	0	0	0	0	0	0	0	0	0	0	0	0	0	0	0	0	0
1	5	1	0	6340	1	335	561	134	906	595	390	1463	89	230	97	1	0	7	40	2291	4	3	1	3132	9	282	10	2306	591	20	53	32	22	555	1	0	0	0	1231	0	99	0	6	1333	511	21	1749	1	19	9	3	0	1	0	2198	0	4	1	1271	8	4	9	195	53	0	0	0	0	45	55	8	266	43	133	1	9	25	18	40	5	36	0	4
0	11	0	0	1	857	428	10	133	24	3	12	7	4	89	295	0	0	0	0	8	0	0	0	18	0	0	11	1	50	6	0	295	5	81	0	1	0	0	0	0	0	0	0	0	0	0	0	0	0	0	0	0	0	0	0	0	0	0	0	1	0	1	0	0	0	0	0	0	0	64	1	37	1	290	94	0	0	0	1	1	0	0	0
4	4	33	0	335	428	8168	1222	3690	31	2578	410	1713	301	1437	951	6	24	3	7	880	3	4	33	220	7	119	16	712	869	158	132	837	40	695	0	1	0	0	48	0	20	1	21	69	36	1	21	1	4	0	4	0	0	2	31	1	6	12	119	1	8	8	42	6	1	0	0	0	25	501	124	463	34	436	263	10	23	11	11	6	3	0	1
230	2	1536	0	561	10	1222	13236	3038	268	2790	1225	77	23	2947	180	3	1940	44	474	56	352	2	1288	586	12	2769	81	5384	3528	3610	5	113	768	2435	2	1	0	0	355	0	208	48	222	834	649	20	358	2	23	0	1	27	0	37	719	1	1	39	1214	38	112	26	190	18	0	0	0	0	117	146	15	1740	319	51	45	17	10	10	45	8	2	0	11
91	1	589	0	134	133	3690	3038	10571	52	2442	765	497	289	5129	272	2	769	62	340	550	5	1	205	107	5	962	86	909	2479	1204	70	730	151	1477	7	1	1	0	235	0	144	17	113	558	213	21	38	0	31	0	1	11	2	8	30	0	2	18	1037	11	24	2	548	30	0	0	0	1	105	243	14	861	85	232	108	6	51	27	37	3	4	0	11
1	868	1	0	906	24	31	268	52	6912	229	86	413	41	53	162	649	4	2	12	380	37	1199	14	3767	208	177	736	1317	632	488	1	13	767	1095	195	9	1	0	738	1	74	28	99	3498	212	20	650	1	86	9	16	1	5	12	1014	2	18	11	3241	10	50	47	479	152	32	0	0	0	58	354	47	741	447	444	11	22	494	112	33	20	83	2	7
0	3	57	0	595	3	2578	2790	2442	229	9213	1282	720	118	1228	367	2	60	36	72	677	9	1	60	201	7	1080	18	2324	2061	67	29	115	128	1670	0	1	0	0	103	0	45	1	6	275	189	6	415	0	3	4	1	0	1	0	380	0	2	5	259	34	27	24	14	29	0	1	0	0	12	97	27	1083	34	19	1	17	16	5	31	9	7	0	1
13	62	98	0	390	12	410	1225	765	86	1282	11262	737	3408	1625	5	39	835	591	2163	1143	290	52	479	237	317	5545	246	1217	5087	521	968	271	227	6706	13	39	3	0	20	0	86	9	61	94	112	485	44	184	9	0	32	0	11	10	5	1	29	29	397	134	215	138	277	66	3	7	0	0	271	1010	1199	2467	144	19	7	48	55	497	131	1	10	2	51
1	13	5	0	1463	7	1713	77	497	413	720	737	8247	447	764	540	2	10	7	6	3891	5	4	8	801	23	264	68	273	848	16	145	97	9	798	14	8	2	0	89	2	1327	4	314	73	1232	147	2110	20	314	16	5	1	38	20	204	2	2	7	91	43	62	34	29	383	2	0	10	0	472	133	36	54	12	361	4	4	332	192	311	5	19	12	77
1	200	40	0	89	4	301	23	289	41	118	3408	447	7322	713	3	13	40	36	46	465	10	74	97	73	2561	1303	922	54	1088	14	1574	182	11	1438	11	39	0	0	11	0	87	10	11	21	123	1401	64	867	29	0	9	0	4	2	9	0	8	9	48	802	366	132	42	65	1	17	0	0	256	395	889	483	33	3	5	97	17	903	178	1	12	3	474
431	4	783	0	230	89	1437	2947	5129	53	1228	1625	764	713	10778	74	15	1661	121	613	882	63	3	654	193	6	1931	200	632	5969	2427	182	1266	479	2858	6	1	1	0	199	0	54	4	76	489	161	28	17	5	13	0	1	4	2	63	18	0	3	10	799	12	110	14	466	18	3	0	0	1	85	520	118	965	78	111	111	6	44	20	24	0	2	0	7
1	42	1	0	97	295	951	180	272	162	367	5	540	3	74	2072	0	0	0	0	173	2	13	23	198	0	7	41	187	54	36	1	91	29	46	0	1	0	0	1	0	2	0	2	5	1	0	2	0	0	0	0	0	0	0	0	0	0	0	2	1	0	1	1	0	0	0	0	0	0	106	2	64	31	995	11	1	0	0	1	1	1	0	0
1	409	75	0	1	0	6	3	2	649	2	39	2	13	15	0	8035	30	1	53	1	944	4944	1243	3808	2	238	1576	1194	64	229	5	10	44	439	8	30	11	0	9	1	2	0	2	1693	2	1	3	0	5	4	1089	2	1	2	0	332	1357	650	1022	4	32	87	541	14	20	0	0	0	4	1028	344	463	351	99	40	14	527	43	14	4	2	0	1
292	114	3165	0	0	0	24	1940	769	4	60	835	10	40	1661	0	30	10036	286	2987	6	1284	53	3665	58	8	5309	1096	703	1199	3417	16	2	69	2182	1	42	49	0	0	0	1	10	2	18	0	28	0	0	2	0	37	211	4	334	0	39	88	84	16	17	704	130	65	4	58	0	0	0	69	111	420	738	388	76	2	1	30	24	31	2	0	0	0
15	23	2	0	7	0	3	44	62	2	36	591	7	36	121	0	1	286	1397	682	14	36	6	89	3	8	745	28	32	268	225	3	1	12	233	3	13	1	0	1	0	5	0	1	6	11	20	1	2	0	0	2	0	12	7	1	0	2	1	10	9	104	30	7	0	1	4	0	0	13	244	344	120	14	2	0	0	0	50	12	0	0	0	0
75	42	230	0	40	0	7	474	340	12	72	2163	6	46	613	0	53	2987	682	8423	4	590	52	967	94	38	5487	1614	306	1148	1351	11	6	200	3335	0	22	17	0	9	0	3	9	1	57	13	55	0	2	1	0	40	8	26	243	0	11	46	42	53	103	636	210	48	3	26	1	0	0	43	1123	610	1352	252	21	1	9	193	46	23	5	0	1	0
1	14	2	0	2291	8	880	56	550	380	677	1143	3891	465	882	173	1	6	14	4	5830	2	2	8	1217	12	580	21	647	1366	6	151	102	4	1249	2	4	0	0	97	0	226	0	13	134	286	24	464	11	24	1	2	0	8	2	174	0	2	2	132	21	22	16	35	34	0	0	0	0	114	58	21	201	12	218	4	6	101	77	55	3	7	2	24
2	58	309	0	4	0	3	352	5	37	9	290	5	10	63	2	944	1284	36	590	2	11001	1233	5268	407	1	748	219	2230	613	3928	1	5	603	1744	84	16	167	0	12	0	3	201	52	788	11	9	0	2	92	0	890	8	0	9	0	1151	1210	247	695	1	57	27	1559	29	634	0	0	2	27	357	158	1138	399	73	27	5	93	43	19	3	0	1	1
0	1339	277	0	3	0	4	2	1	1199	1	52	4	74	3	13	4944	53	6	52	2	1233	11923	2487	2843	256	316	3898	963	20	13	10	2	6	197	27	49	43	0	6	0	2	3	0	2213	2	2	3	4	15	2	3727	2	1	6	1	801	4778	2443	1477	6	58	686	1022	25	164	2	0	1	10	635	209	142	85	34	4	6	551	43	18	4	2	0	1
199	100	3884	0	1	0	33	1288	205	14	60	479	8	97	654	23	1243	3665	89	967	8	5268	2487	18097	382	3	2568	1800	1536	736	2747	44	7	289	2057	1	30	138	0	0	0	7	48	13	281	5	21	0	1	2	0	1860	59	1	86	0	1120	2938	3551	463	2	238	505	608	4	442	0	0	0	76	840	325	2752	1515	635	242	12	73	16	47	10	1	1	2
6	515	55	0	3132	18	220	586	107	3767	201	237	801	73	193	198	3808	58	3	94	1217	407	2843	382	13842	73	341	728	4393	660	581	38	39	377	1226	134	85	6	0	1283	3	84	41	125	5081	658	10	777	1	135	15	62	2	14	19	1624	69	120	24	4547	19	84	128	1111	106	34	1	1	0	57	889	247	922	495	538	44	46	758	100	62	17	64	2	3
0	537	4	0	9	0	7	12	5	208	7	317	23	2561	6	0	2	8	8	38	12	1	256	3	73	4689	1865	1706	21	37	4	702	2	2	58	3	403	0	0	2	0	52	3	9	6	63	1016	46	824	18	0	1	7	13	16	5	5	0	5	14	1664	783	758	11	46	2	48	0	0	191	46	67	70	1	0	0	12	38	535	183	2	12	0	386
292	2983	3399	0	282	0	119	2769	962	177	1080	5545	264	1303	1931	7	238	5309	745	5487	580	748	316	2568	341	1865	29269	8999	1536	4339	2944	635	42	259	5670	10	2214	358	0	30	0	55	21	70	122	94	435	29	260	9	0	134	525	160	1173	13	24	116	141	403	1331	6007	4002	269	68	25	179	0	0	425	2751	2135	2857	320	51	12	23	363	409	278	27	13	6	44
83	7631	3082	0	10	11	16	81	86	736	18	246	68	922	200	41	1576	1096	28	1614	21	219	3898	1800	728	1706	8999	24224	219	284	188	363	14	44	1028	1	3958	683	0	9	0	2	8	9	58	24	163	3	189	8	0	1179	309	3	119	2	29	2021	1689	71	728	2083	6439	50	9	14	32	0	0	151	2474	1018	1208	504	206	8	17	274	88	126	16	2	3	17
18	45	1020	0	2306	1	712	5384	909	1317	2324	1217	273	54	632	187	1194	703	32	306	647	2230	963	1536	4393	21	1536	219	18046	2473	2320	10	52	788	3066	344	17	22	0	1615	0	273	249	235	4838	1164	58	1107	17	260	6	75	25	18	16	2355	241	67	63	4389	48	84	93	1895	175	352	0	0	6	287	596	127	2268	674	236	61	51	534	145	127	19	58	1	35
1125	15	199	0	591	50	869	3528	2479	632	2061	5087	848	1088	5969	54	64	1199	268	1148	1366	613	20	736	660	37	4339	284	2473	17891	5561	288	720	3983	9912	121	7	2	0	448	0	105	32	344	2299	322	64	17	13	92	1	12	2	5	61	31	1	16	22	2647	70	124	67	1511	158	8	1	0	3	312	1693	329	4677	1295	230	174	164	201	48	139	59	11	19	19
752	7	1242	0	20	6	158	3610	1204	488	67	521	16	14	2427	36	229	3417	225	1351	6	3928	13	2747	581	4	2944	188	2320	5561	14513	3	63	2297	3505	141	6	92	0	434	0	55	180	294	2145	313	38	6	10	128	1	9	12	6	96	28	24	12	108	2140	30	202	32	1539	135	358	0	0	3	252	491	113	1600	931	228	68	5	209	37	113	19	1	16	22
0	14	5	0	53	0	132	5	70	1	29	968	145	1574	182	1	5	16	3	11	151	1	10	44	38	702	635	363	10	288	3	1807	7	1	397	3	6	0	0	1	0	16	3	1	4	20	548	14	310	2	0	0	0	1	0	2	1	0	2	7	304	224	113	8	9	1	17	0	0	47	92	171	134	5	0	0	3	4	148	43	0	3	0	30
0	0	8	0	32	295	837	113	730	13	115	271	97	182	1266	91	10	2	1	6	102	5	2	7	39	2	42	14	52	720	63	7	2145	68	635	0	0	0	0	32	0	8	0	4	62	17	0	5	12	0	0	1	0	0	0	3	0	1	0	90	0	1	0	36	4	2	0	0	0	16	254	28	506	36	142	340	7	13	3	10	8	1	0	0
10	2	15	0	22	5	40	768	151	767	128	227	9	11	479	29	44	69	12	200	4	603	6	289	377	2	259	44	788	3983	2297	1	68	4902	3410	102	2	0	0	344	0	25	26	64	1868	151	2	6	2	69	1	2	1	6	8	12	1	1	11	1749	2	7	5	736	113	7	0	0	3	35	453	95	1989	1165	156	75	8	110	10	48	20	1	16	3
52	73	287	0	555	81	695	2435	1477	1095	1670	6706	798	1438	2858	46	439	2182	233	3335	1249	1744	197	2057	1226	58	5670	1028	3066	9912	3505	397	635	3410	19675	226	31	6	0	302	0	86	64	212	2348	126	67	15	42	138	1	55	1	12	27	13	14	54	65	2492	69	132	128	1037	211	60	1	0	3	260	2902	780	8876	2408	261	257	84	353	109	121	43	11	20	13
0	1	21	0	1	0	0	2	7	195	0	13	14	11	6	0	8	1	3	0	2	84	27	1	134	3	10	1	344	121	141	3	0	102	226	5790	4	81	0	72	0	248	1712	964	527	1026	234	92	11	3504	1	4	1055	107	486	31	169	1	362	300	21	344	87	366	1646	1095	15	1	12	822	117	31	131	122	3	0	0	62	111	414	8	0	2	21
0	4388	154	0	0	1	1	1	1	9	1	39	8	39	1	1	30	42	13	22	4	16	49	30	85	403	2214	3958	17	7	6	6	0	2	31	4	8832	14	0	82	2	8	8	11	1925	43	18	25	21	11	9	245	213	17	120	1	33	2557	76	1816	1201	903	7110	69	27	3	4	2	0	302	337	180	22	10	2	1	3	474	274	360	43	17	5	11
0	203	1021	0	0	0	0	0	1	1	0	3	2	0	1	0	11	49	1	17	0	167	43	138	6	0	358	683	22	2	92	0	0	0	6	81	14	6833	0	7	0	243	1074	715	9	475	22	3	3	473	0	22	793	22	48	1	298	132	2548	150	10	2299	1426	1444	34	40	0	0	0	86	23	5	9	7	0	0	0	148	151	165	38	0	2	4
0	0	0	0	0	0	0	0	0	0	0	0	0	0	0	0	0	0	0	0	0	0	0	0	0	0	0	0	0	0	0	0	0	0	0	0	0	0	0	0	0	0	0	0	0	0	0	0	0	0	0	0	0	0	0	0	0	0	0	0	0	0	0	0	0	0	0	0	0	0	0	0	0	0	0	0	0	0	0	0	0	0	0	0
1	2	5	0	1231	0	48	355	235	738	103	20	89	11	199	1	9	0	1	9	97	12	6	0	1283	2	30	9	1615	448	434	1	32	344	302	72	82	7	0	6578	26	231	118	152	2822	1547	60	1443	3	140	135	4	10	13	11	3375	0	87	5	4697	7	46	63	1870	122	9	0	5	0	232	7	4	237	136	12	13	4	328	68	207	11	37	5	12
0	0	0	0	0	0	0	0	0	1	0	0	2	0	0	0	1	0	0	0	0	0	0	0	3	0	0	0	0	0	0	0	0	0	0	0	2	0	0	26	304	57	1	17	93	4	0	16	0	1	190	0	0	0	0	2	0	2	0	67	0	0	2	11	2	1	0	59	0	10	0	0	0	0	0	0	0	6	0	4	0	149	96	0
1	0	3	0	99	0	20	208	144	74	45	86	1327	87	54	2	2	1	5	3	226	3	2	7	84	52	55	2	273	105	55	16	8	25	86	248	8	243	0	231	57	10296	1071	3827	340	5294	459	4301	51	1595	333	3	29	112	43	379	10	4	59	992	92	322	58	491	1150	16	0	187	0	1495	34	29	65	16	2	0	12	724	435	1163	13	496	203	181
0	3	34	0	0	0	1	48	17	28	1	9	4	10	4	0	0	10	0	9	0	201	3	48	41	3	21	8	249	32	180	3	0	26	64	1712	8	1074	0	118	1	1071	10307	1730	151	2428	72	15	6	2588	2	5	396	50	107	20	286	11	898	778	73	520	158	3649	785	1543	1	0	6	595	55	12	30	22	3	0	1	47	45	481	38	9	5	9
5	7	90	0	6	0	21	222	113	99	6	61	314	11	76	2	2	2	1	1	13	52	0	13	125	9	70	9	235	344	294	1	4	64	212	964	11	715	0	152	17	3827	1730	10118	221	3600	84	1160	8	5128	23	7	617	8	70	138	78	9	590	666	12	555	206	862	639	308	0	241	0	471	135	14	187	37	18	0	48	410	45	571	114	481	310	20
36	13	15	0	1333	0	69	834	558	3498	275	94	73	21	489	5	1693	18	6	57	134	788	2213	281	5081	6	122	58	4838	2299	2145	4	62	1868	2348	527	1925	9	0	2822	93	340	151	221	17170	1540	46	1723	12	407	529	667	17	56	52	2745	652	2759	66	13528	518	284	1238	4056	384	217	1	9	4	307	822	115	1630	1118	71	32	10	1878	348	342	74	154	36	39
25	6	71	0	511	0	36	649	213	212	189	112	1232	123	161	1	2	0	11	13	286	11	2	5	658	63	94	24	1164	322	313	20	17	151	126	1026	43	475	0	1547	4	5294	2428	3600	1540	17328	837	5238	80	2508	9	15	117	337	174	3280	69	12	478	3542	234	802	391	2871	1767	111	20	20	0	2746	17	40	100	50	2	7	7	1387	776	2160	50	75	27	218
3	15	22	0	21	0	1	20	21	20	6	485	147	1401	28	0	1	28	20	55	24	9	2	21	10	1016	435	163	58	64	38	548	0	2	67	234	18	22	0	60	0	459	72	84	46	837	8118	321	1768	222	1	18	62	1373	750	56	16	5	75	182	916	642	364	96	812	5	58	1	0	2412	14	28	16	1	0	0	2	576	1696	2455	242	83	2	911
0	0	0	0	1749	0	21	358	38	650	415	44	2110	64	17	2	3	0	1	0	464	0	3	0	777	46	29	3	1107	17	6	14	5	6	15	92	25	3	0	1443	16	4301	15	1160	1723	5238	321	11159	46	889	361	1	6	70	30	3558	2	17	2	1787	90	102	54	141	829	2	0	20	0	1093	0	14	10	4	2	2	0	724	408	838	3	142	24	168
0	43	1	0	1	0	1	2	0	1	0	184	20	867	5	0	0	0	2	2	11	2	4	1	1	824	260	189	17	13	10	310	12	2	42	11	21	3	0	3	0	51	6	8	12	80	1768	46	3250	30	0	2	1	33	9	3	0	3	1	15	1177	651	603	7	58	1	194	0	0	229	6	19	13	2	0	1	0	13	572	312	0	7	0	510
0	6	78	0	19	0	4	23	31	86	3	9	314	29	13	0	5	2	0	1	24	92	15	2	135	18	9	8	260	92	128	2	0	69	138	3504	11	473	0	140	1	1595	2588	5128	407	2508	222	889	30	10320	21	12	1228	27	403	114	165	9	728	429	47	499	201	658	2633	796	1	2	7	1141	61	26	105	81	3	0	19	427	123	691	108	367	111	98
0	0	0	0	9	0	0	0	0	9	4	0	16	0	0	0	4	0	0	0	1	0	2	0	15	0	0	0	6	1	1	0	0	1	1	1	9	0	0	135	190	333	2	23	529	9	1	361	0	21	1122	0	0	1	0	39	0	9	0	378	1	1	10	38	2	1	0	10	0	0	0	0	1	1	1	0	0	19	1	5	0	166	24	0
0	28	201	0	3	0	4	1	1	16	1	32	5	9	1	0	1089	37	2	40	2	890	3727	1860	62	1	134	1179	75	12	9	0	1	2	55	4	245	22	0	4	0	3	5	7	667	15	18	1	2	12	0	9030	7	10	17	4	712	5488	2738	2279	74	225	1356	1162	10	44	2	0	0	57	284	52	65	59	9	3	2	769	320	121	71	7	3	3
0	134	681	0	0	0	0	27	11	1	0	0	1	0	4	0	2	211	0	8	0	8	2	59	2	7	525	309	25	2	12	0	0	1	1	1055	213	793	0	10	0	29	396	617	17	117	62	6	1	1228	0	7	6937	58	1365	15	561	48	1598	42	9	1697	1543	80	232	414	0	0	15	1174	24	5	12	10	0	0	0	157	244	253	38	2	5	11
0	0	4	0	1	0	0	0	2	5	1	11	38	4	2	0	1	4	12	26	8	0	1	1	14	13	160	3	18	5	6	1	0	6	12	107	17	22	0	13	0	112	50	8	56	337	1373	70	33	27	1	10	58	2344	710	23	10	18	38	55	71	282	179	19	202	7	29	1	0	645	10	5	10	6	1	0	2	411	462	944	97	22	1	39
35	136	103	0	0	0	2	37	8	12	0	10	20	2	63	0	2	334	7	243	2	9	6	86	19	16	1173	119	16	61	96	0	0	8	27	486	120	48	0	11	0	43	107	70	52	174	750	30	9	403	0	17	1365	710	5084	32	201	37	459	69	39	1444	209	49	267	149	14	0	1	1337	18	12	20	9	4	0	0	331	472	925	44	6	5	26
4	2	1	0	2198	0	31	719	30	1014	380	5	204	9	18	0	0	0	1	0	174	0	1	0	1624	5	13	2	2355	31	28	2	3	12	13	31	1	1	0	3375	2	379	20	138	2745	3280	56	3558	3	114	39	4	15	23	32	7357	1	1	5	3830	11	63	14	1199	162	7	0	0	0	197	1	3	9	6	0	2	0	510	150	242	4	80	6	11
0	7	85	0	0	0	1	1	0	2	0	1	2	0	0	0	332	39	0	11	0	1151	801	1120	69	5	24	29	241	1	24	1	0	1	14	169	33	298	0	0	0	10	286	78	652	69	16	2	0	165	0	712	561	10	201	1	8871	929	3348	210	22	227	200	2603	432	2689	0	1	156	1739	11	5	17	8	1	1	2	613	229	779	384	38	29	12
0	659	170	0	4	0	6	1	2	18	2	29	2	8	3	0	1357	88	2	46	2	1210	4778	2938	120	0	116	2021	67	16	12	0	1	1	54	1	2557	132	0	87	2	4	11	9	2759	12	5	17	3	9	9	5488	48	18	37	1	929	11611	2585	3268	587	388	3237	547	21	445	2	2	0	127	409	71	59	46	8	3	2	335	159	183	30	10	4	8
0	57	1607	0	1	0	12	39	18	11	5	29	7	9	10	0	650	84	1	42	2	247	2443	3551	24	5	141	1689	63	22	108	2	0	11	65	362	76	2548	0	5	0	59	898	590	66	478	75	2	1	728	0	2738	1598	38	459	5	3348	2585	17627	293	48	713	2067	1890	175	589	0	0	33	1655	312	64	99	71	1	4	0	1285	493	1052	673	289	52	16
36	22	38	0	1271	0	119	1214	1037	3241	259	397	91	48	799	2	1022	16	10	53	132	695	1477	463	4547	14	403	71	4389	2647	2140	7	90	1749	2492	300	1816	150	0	4697	67	992	778	666	13528	3542	182	1787	15	429	378	2279	42	55	69	3830	210	3268	293	23836	515	448	1564	7709	667	145	1	9	107	907	848	136	1535	971	65	32	23	1831	464	853	316	93	58	52
0	62	5	0	8	1	1	38	11	10	34	134	43	802	12	1	4	17	9	103	21	1	6	2	19	1664	1331	728	48	70	30	304	0	2	69	21	1201	10	0	7	0	92	73	12	518	234	916	90	1177	47	1	74	9	71	39	11	22	587	48	515	4922	982	2669	41	179	5	121	0	0	733	21	14	61	1	1	0	1	422	706	794	20	41	1	723
44	1097	517	0	4	0	8	112	24	50	27	215	62	366	110	0	32	704	104	636	22	57	58	238	84	783	6007	2083	84	124	202	224	1	7	132	344	903	2299	0	46	0	322	520	555	284	802	642	102	651	499	1	225	1697	282	1444	63	227	388	713	448	982	18588	5229	370	371	64	426	1	1	1809	145	155	99	21	5	1	2	1797	1630	2409	383	41	25	61
1	5707	1286	0	9	1	8	26	2	47	24	138	34	132	14	1	87	130	30	210	16	27	686	505	128	758	4002	6439	93	67	32	113	0	5	128	87	7110	1426	0	63	2	58	158	206	1238	391	364	54	603	201	10	1356	1543	179	209	14	200	3237	2067	1564	2669	5229	24932	366	235	72	195	3	0	1433	671	300	107	31	12	2	9	2160	1079	1859	365	49	41	60
33	13	81	0	195	0	42	190	548	479	14	277	29	42	466	1	541	65	7	48	35	1559	1022	608	1111	11	269	50	1895	1511	1539	8	36	736	1037	366	69	1444	0	1870	11	491	3649	862	4056	2871	96	141	7	658	38	1162	80	19	49	1199	2603	547	1890	7709	41	370	366	16840	520	586	0	1	23	990	491	70	552	337	9	19	16	640	173	897	312	24	32	31
0	5	15	0	53	0	6	18	30	152	29	66	383	65	18	0	14	4	0	3	34	29	25	4	106	46	68	9	175	158	135	9	4	113	211	1646	27	34	0	122	2	1150	785	639	384	1767	812	829	58	2633	2	10	232	202	267	162	432	21	175	667	179	371	235	520	7481	624	12	22	226	2580	33	21	150	126	5	1	4	852	422	1638	40	501	77	269
0	7	10	0	0	0	1	0	0	32	0	3	2	1	3	0	20	58	1	26	0	634	164	442	34	2	25	14	352	8	358	1	2	7	60	1095	3	40	0	9	1	16	1543	308	217	111	5	2	1	796	1	44	414	7	149	7	2689	445	589	145	5	64	72	586	624	6947	0	1	101	1168	61	20	32	12	0	2	16	160	66	526	257	0	49	14
0	8	0	0	0	0	0	0	0	0	1	7	0	17	0	0	0	0	4	1	0	0	2	0	1	48	179	32	0	1	0	17	0	0	1	15	4	0	0	0	0	0	1	0	1	20	58	0	194	1	0	2	0	29	14	0	0	2	0	1	121	426	195	0	12	0	504	0	0	27	2	4	1	0	0	0	0	6	10	27	0	1	0	1
0	0	0	0	0	0	0	0	0	0	0	0	10	0	0	0	0	0	0	0	0	0	0	0	1	0	0	0	0	0	0	0	0	0	0	1	2	0	0	5	59	187	0	241	9	20	1	20	0	2	10	0	0	1	0	0	1	2	0	9	0	1	3	1	22	1	0	358	0	41	0	0	0	0	0	0	0	11	0	16	3	79	188	0
0	0	0	0	0	0	0	0	1	0	0	0	0	0	1	0	0	0	0	0	0	2	1	0	0	0	0	0	6	3	3	0	0	3	3	12	0	0	0	0	0	0	6	0	4	0	0	0	0	7	0	0	15	0	1	0	156	0	33	107	0	1	0	23	226	101	0	0	384	42	1	0	3	2	0	0	0	0	0	5	1	0	0	0
3	57	289	0	45	0	25	117	105	58	12	271	472	256	85	0	4	69	13	43	114	27	10	76	57	191	425	151	287	312	252	47	16	35	260	822	302	86	0	232	10	1495	595	471	307	2746	2412	1093	229	1141	0	57	1174	645	1337	197	1739	127	1655	907	733	1809	1433	990	2580	1168	27	41	42	13988	99	92	190	38	4	6	91	1199	1422	7513	797	367	270	841
1	641	378	0	55	64	501	146	243	354	97	1010	133	395	520	106	1028	111	244	1123	58	357	635	840	889	46	2751	2474	596	1693	491	92	254	453	2902	117	337	23	0	7	0	34	55	135	822	17	14	0	6	61	0	284	24	10	18	1	11	409	312	848	21	145	671	491	33	61	2	0	1	99	11781	3727	2770	689	415	169	235	488	87	62	18	3	0	11
2	284	195	0	8	1	124	15	14	47	27	1199	36	889	118	2	344	420	344	610	21	158	209	325	247	67	2135	1018	127	329	113	171	28	95	780	31	180	5	0	4	0	29	12	14	115	40	28	14	19	26	0	52	5	5	12	3	5	71	64	136	14	155	300	70	21	20	4	0	0	92	3727	6024	923	259	13	69	195	169	88	62	26	2	5	17
20	55	770	0	266	37	463	1740	861	741	1083	2467	54	483	965	64	463	738	120	1352	201	1138	142	2752	922	70	2857	1208	2268	4677	1600	134	506	1989	8876	131	22	9	0	237	0	65	30	187	1630	100	16	10	13	105	1	65	12	10	20	9	17	59	99	1535	61	99	107	552	150	32	1	0	3	190	2770	923	13806	4777	1090	637	442	340	63	204	174	17	30	5
3	10	585	0	43	1	34	319	85	447	34	144	12	33	78	31	351	388	14	252	12	399	85	1515	495	1	320	504	674	1295	931	5	36	1165	2408	122	10	7	0	136	0	16	22	37	1118	50	1	4	2	81	1	59	10	6	9	6	8	46	71	971	1	21	31	337	126	12	0	0	2	38	689	259	4777	4956	935	385	23	201	29	56	30	0	13	2
10	119	91	0	133	290	436	51	232	444	19	19	361	3	111	995	99	76	2	21	218	73	34	635	538	0	51	206	236	230	228	0	142	156	261	3	2	0	0	12	0	2	3	18	71	2	0	2	0	3	1	9	0	1	4	0	1	8	1	65	1	5	12	9	5	0	0	0	0	4	415	13	1090	935	3177	109	2	11	1	13	11	2	0	0
2	1	8	0	1	94	263	45	108	11	1	7	4	5	111	11	40	2	0	1	4	27	4	242	44	0	12	8	61	174	68	0	340	75	257	0	1	0	0	13	0	0	0	0	32	7	0	2	1	0	0	3	0	0	0	2	1	3	4	32	0	1	2	19	1	2	0	0	0	6	169	69	637	385	109	992	18	8	3	8	8	0	0	0
0	4	3	0	9	0	10	17	6	22	17	48	4	97	6	1	14	1	0	9	6	5	6	12	46	12	23	17	51	164	5	3	7	8	84	0	3	0	0	4	0	12	1	48	10	7	2	0	0	19	0	2	0	2	0	0	2	2	0	23	1	2	9	16	4	16	0	0	0	91	235	195	442	23	2	18	652	79	3	133	137	15	10	2
0	40	204	0	25	0	23	10	51	494	16	55	332	17	44	0	527	30	0	193	101	93	551	73	758	38	363	274	534	201	209	4	13	110	353	62	474	148	0	328	6	724	47	410	1878	1387	576	724	13	427	19	769	157	411	331	510	613	335	1285	1831	422	1797	2160	640	852	160	6	11	0	1199	488	169	340	201	11	8	79	12825	3436	2181	821	1075	200	183
1	35	59	0	18	0	11	10	27	112	5	497	192	903	20	0	43	24	50	46	77	43	43	16	100	535	409	88	145	48	37	148	3	10	109	111	274	151	0	68	0	435	45	45	348	776	1696	408	572	123	1	320	244	462	472	150	229	159	493	464	706	1630	1079	173	422	66	10	0	0	1422	87	88	63	29	1	3	3	3436	7594	1781	286	259	35	862
3	44	83	0	40	1	11	45	37	33	31	131	311	178	24	1	14	31	12	23	55	19	18	47	62	183	278	126	127	139	113	43	10	48	121	414	360	165	0	207	4	1163	481	571	342	2160	2455	838	312	691	5	121	253	944	925	242	779	183	1052	853	794	2409	1859	897	1638	526	27	16	5	7513	62	62	204	56	13	8	133	2181	1781	11813	1947	245	261	820
0	9	15	0	5	1	6	8	3	20	9	1	5	1	0	1	4	2	0	5	3	3	4	10	17	2	27	16	19	59	19	0	8	20	43	8	43	38	0	11	0	13	38	114	74	50	242	3	0	108	0	71	38	97	44	4	384	30	673	316	20	383	365	312	40	257	0	3	1	797	18	26	174	30	11	8	137	821	286	1947	2555	103	160	29
0	0	0	0	36	0	3	2	4	83	7	10	19	12	2	1	2	0	0	0	7	0	2	1	64	12	13	2	58	11	1	3	1	1	11	0	17	0	0	37	149	496	9	481	154	75	83	142	7	367	166	7	2	22	6	80	38	10	289	93	41	41	49	24	501	0	1	79	0	367	3	2	17	0	2	0	15	1075	259	245	103	2433	205	173
0	1	6	0	0	0	0	0	0	2	0	2	12	3	0	0	0	0	0	1	2	1	0	1	2	0	6	3	1	19	16	0	0	16	20	2	5	2	0	5	96	203	5	310	36	27	2	24	0	111	24	3	5	1	5	6	29	4	52	58	1	25	41	32	77	49	0	188	0	270	0	5	30	13	0	0	10	200	35	261	160	205	883	33
0	6	2	0	4	0	1	11	11	7	1	51	77	474	7	0	1	0	0	0	24	1	1	2	3	386	44	17	35	19	22	30	0	3	13	21	11	4	0	12	0	181	9	20	39	218	911	168	510	98	0	3	11	39	26	11	12	8	16	52	723	61	60	31	269	14	1	0	0	841	11	17	5	2	0	0	2	183	862	820	29	173	33	1744
