0.0094015115183	0	6.20152474822e-05	0	2.48060989929e-05	4.13434983215e-06	0.000975706560386	0.0018397856753	0.00205890621641	0.000157105293622	0.000376225834725	4.13434983215e-06	0.000165373993286	4.13434983215e-06	0.00479171145546	4.13434983215e-05	6.20152474822e-05	1.24030494964e-05	0	0	5.788089765e-05	0.000214986191272	7.02839471465e-05	0.000161239643454	0.000202583141775	0	4.13434983215e-06	2.06717491607e-05	0.000450644131704	0.00248474424912	0.00310076237411	0	0	0.00055813722734	0.00102531875837	0	4.13434983215e-06	0	0	4.13434983215e-06	0	0	1.24030494964e-05	4.13434983215e-06	5.788089765e-05	0	0	0	0	4.13434983215e-06	0	0	0	0	0	4.13434983215e-06	0	4.13434983215e-06	0	4.54778481536e-05	0	0	0	1.65373993286e-05	0	0	0	0	0	0	0.000252195339761	1.65373993286e-05	0.000343151036068	7.85526468108e-05	0.000124030494964	5.37465478179e-05	0	4.13434983215e-06	0	0	0	0	0	0
0	0.0134325026046	0.00174056127933	0	0	0	4.13434983215e-06	8.26869966429e-06	0	7.44182969786e-05	0	0.000322479286907	0	6.61495973143e-05	4.13434983215e-06	0	5.788089765e-05	0.000768989068779	9.50900461393e-05	0.000471315880865	0	0.000169508343118	0.00144702244125	0.000822735616597	4.13434983215e-05	0.000764854718947	0.00420049942946	0.00521754948817	2.06717491607e-05	2.06717491607e-05	9.09556963072e-05	4.13434983215e-06	0	2.06717491607e-05	0.000831004316261	4.13434983215e-06	0.00241446030197	0.00044237543204	0	0	0	4.13434983215e-06	1.24030494964e-05	0	4.13434983215e-06	0	8.68213464751e-05	0	2.48060989929e-05	4.13434983215e-06	0	8.68213464751e-05	0.000256329689593	2.06717491607e-05	0.000107493095636	0	2.48060989929e-05	0.000310076237411	0.000239792290264	8.26869966429e-06	0.000248060989929	0.000429972382543	0.00134366369545	2.06717491607e-05	0	1.24030494964e-05	0	0	0	0.000107493095636	0.000351419735732	0.000450644131704	0.000587077676165	0.000169508343118	2.06717491607e-05	2.8940448825e-05	8.26869966429e-06	4.54778481536e-05	0.000281135788586	0.000177777042782	4.96121979857e-05	8.26869966429e-06	4.13434983215e-06	0
6.20152474822e-05	0.00174056127933	0.033546114538	0	0	4.13434983215e-06	2.48060989929e-05	0.000210851841439	5.37465478179e-05	0.000169508343118	4.13434983215e-06	0.000111627445468	4.13434983215e-06	2.8940448825e-05	8.68213464751e-05	2.06717491607e-05	0.0010418561577	0.00436587342275	2.48060989929e-05	0.000421703682879	4.13434983215e-06	0.00288991053267	0.00238965420298	0.0172195670509	0.000227389240768	2.8940448825e-05	0.00583770196299	0.0115182986324	0.000417569333047	0.000529196778515	0.00184805437497	0	0	0.000376225834725	0.00550695397642	0	0.000735914270122	0.000202583141775	0	0	0	0	4.13434983215e-06	0	6.20152474822e-05	0	1.24030494964e-05	0	4.13434983215e-06	4.13434983215e-06	0	0.000161239643454	0.000107493095636	0	4.13434983215e-05	0	8.26869966429e-05	0.000880616514247	0.000355554085565	5.788089765e-05	1.65373993286e-05	5.788089765e-05	0.000603615075493	4.13434983215e-05	0	1.65373993286e-05	0	0	0	4.13434983215e-05	0.00284029833468	0.00157105293622	0.00431212687493	0.00123617059981	0.000198448791943	0.000206717491607	2.06717491607e-05	8.68213464751e-05	0.000128164844797	7.44182969786e-05	3.72091484893e-05	0	0	0
0	0	0	0	0	0	0	0	0	0	0	0	0	0	0	0	0	0	0	0	0	0	0	0	0	0	0	0	0	0	0	0	0	0	0	0	0	0	0	0	0	0	0	0	0	0	0	0	0	0	0	0	0	0	0	0	0	0	0	0	0	0	0	0	0	0	0	0	0	0	0	0	0	0	0	0	0	0	0	0	0	0	0	0
2.48060989929e-05	0	0	0	0.0108774744084	0	0.000252195339761	0.000611883775158	0.000111627445468	3.30747986572e-05	0.00146355984058	0	0.000715242520961	0	2.8940448825e-05	8.26869966429e-06	0	0	0	0	0.00591212025997	8.26869966429e-06	4.13434983215e-06	4.13434983215e-06	0.00241032595214	0	0	0	0.00186872612413	4.13434983215e-05	7.85526468108e-05	0	0	0	1.65373993286e-05	0	0	0	0	0.00167441168202	0	0	2.8940448825e-05	4.13434983215e-06	1.24030494964e-05	7.85526468108e-05	0	4.96121979857e-05	0	8.26869966429e-06	0	0	0	0	0	0.000591212025997	0	0	0	0.000161239643454	0	0	0	0.000107493095636	0	4.13434983215e-06	0	0	0	0	1.65373993286e-05	0	4.13434983215e-06	0	1.65373993286e-05	4.13434983215e-06	0	4.13434983215e-06	0	0	0	0	0	0
4.13434983215e-06	0	4.13434983215e-06	0	0	0.00725578395542	0.00427491772644	0	0.00136020109478	0	4.13434983215e-06	2.8940448825e-05	4.13434983215e-06	8.26869966429e-06	0.000855810415254	0.00108319965602	8.26869966429e-06	0	4.13434983215e-06	4.13434983215e-06	0	8.26869966429e-06	4.13434983215e-06	8.26869966429e-06	0	0	8.26869966429e-06	4.13434983215e-06	0	0.00119482710149	8.26869966429e-06	0	0.00257156559559	8.26869966429e-06	0.00101291570888	0	0	0	0	0	0	0	0	0	0	0	0	0	0	0	0	0	0	0	0	0	0	0	0	0	0	0	0	0	0	0	0	0	0	0	6.61495973143e-05	1.24030494964e-05	0.000132299194629	2.06717491607e-05	0.000921960012568	0.000603615075493	0	4.13434983215e-06	0	0	0	0	0	0
0.000975706560386	4.13434983215e-06	2.48060989929e-05	0	0.000252195339761	0.00427491772644	0.0495088392399	0.00263358084308	0.020886735352	0.000214986191272	0.0096454381584	4.96121979857e-05	0.00923200317518	3.72091484893e-05	0.0061601812499	0.00372504919876	5.37465478179e-05	0	0	2.06717491607e-05	0.00221601151003	6.20152474822e-05	5.788089765e-05	5.788089765e-05	0.000607749425325	4.13434983215e-06	2.8940448825e-05	2.8940448825e-05	0.000744182969786	0.00453124741603	0.00109973705535	0	0.00264184954274	0.0004630471812	0.00275347698821	8.26869966429e-06	4.13434983215e-06	0	0	8.26869966429e-06	0	0	1.65373993286e-05	0	6.20152474822e-05	4.13434983215e-06	0	0	0	8.26869966429e-06	0	0	0	0	0	0	8.26869966429e-06	4.13434983215e-06	0	4.96121979857e-05	0	0	0	2.48060989929e-05	4.13434983215e-06	0	0	0	0	0	0.000334882336404	2.06717491607e-05	0.000768989068779	0.000157105293622	0.00293538838082	0.000554002877507	0	4.13434983215e-06	0	0	0	0	0	0
0.0018397856753	8.26869966429e-06	0.000210851841439	0	0.000611883775158	0	0.00263358084308	0.0329838429609	0.00291885098149	0.00133952934562	0.00511419074236	0	0.000723511220625	4.13434983215e-06	0.00182738262581	5.37465478179e-05	0.000711108171129	5.788089765e-05	0	0	0.00108733400585	0.000893019563743	0.000686302072136	0.000723511220625	0.00346458515934	0	2.8940448825e-05	9.09556963072e-05	0.0131472324662	0.00268732739089	0.00920306272636	0	0	0.00101291570888	0.0019555474706	4.13434983215e-06	0	0	0	2.48060989929e-05	0	4.13434983215e-06	4.96121979857e-05	8.26869966429e-06	0.000467181531032	1.24030494964e-05	0	1.65373993286e-05	0	1.24030494964e-05	4.13434983215e-06	1.24030494964e-05	0	0	0	4.13434983215e-06	8.26869966429e-06	5.788089765e-05	1.24030494964e-05	0.000334882336404	0	0	4.13434983215e-06	9.92243959715e-05	4.13434983215e-06	4.13434983215e-06	0	0	0	4.13434983215e-06	0.000566405927004	4.54778481536e-05	0.000574674626668	0.000181911392614	0.000339016686236	5.37465478179e-05	0	1.65373993286e-05	0	8.26869966429e-06	4.13434983215e-06	0	0	0
0.00205890621641	0	5.37465478179e-05	0	0.000111627445468	0.00136020109478	0.020886735352	0.00291885098149	0.0459284922853	0.000239792290264	0.00347698820883	8.26869966429e-05	0.00179430782715	5.37465478179e-05	0.0171658205031	0.000678033372472	8.68213464751e-05	0	4.13434983215e-06	2.8940448825e-05	0.000401031933718	0.000157105293622	0.0001157617953	0.000128164844797	0.000438241082207	4.13434983215e-06	2.48060989929e-05	3.72091484893e-05	0.000727645570458	0.00781805553259	0.00202583141775	0	0.00261290909392	0.000822735616597	0.00408473763416	4.13434983215e-06	4.13434983215e-06	0	0	8.26869966429e-06	0	0	1.24030494964e-05	0	7.02839471465e-05	0	0	0	0	4.13434983215e-06	0	0	0	0	0	0	8.26869966429e-06	0	0	4.96121979857e-05	0	0	0	2.48060989929e-05	4.13434983215e-06	0	0	0	0	0	0.000454778481536	3.30747986572e-05	0.00107493095636	0.000177777042782	0.00107079660653	0.000653227273479	0	4.13434983215e-06	0	0	0	0	0	0
0.000157105293622	7.44182969786e-05	0.000169508343118	0	3.30747986572e-05	0	0.000214986191272	0.00133952934562	0.000239792290264	0.0136929666441	0.000165373993286	8.26869966429e-06	0.000277001438754	0	0.000243926640097	0.000165373993286	0.000872347814583	3.30747986572e-05	0	0	9.09556963072e-05	0.000425838032711	0.0030222097273	0.000529196778515	0.00351833170716	0	2.8940448825e-05	0.000206717491607	0.00212505581372	0.000777257768443	0.00135193239511	0	4.13434983215e-06	0.000475450230697	0.000868213464751	3.72091484893e-05	2.06717491607e-05	4.13434983215e-06	0	0.000169508343118	0	0	0.000330747986572	1.24030494964e-05	0.00229869850667	4.54778481536e-05	0	4.54778481536e-05	0	3.72091484893e-05	0	4.54778481536e-05	4.13434983215e-06	0	0	6.61495973143e-05	8.68213464751e-05	0.000314210587243	8.26869966429e-05	0.00148836593957	0	8.26869966429e-06	4.13434983215e-06	0.000740048619954	2.06717491607e-05	0.000103358745804	0	0	0	4.13434983215e-06	0.000768989068779	6.61495973143e-05	0.0003472853859	0.0001157617953	0.00157932163588	3.72091484893e-05	0	4.54778481536e-05	2.06717491607e-05	1.65373993286e-05	1.24030494964e-05	8.26869966429e-06	0	0
0.000376225834725	0	4.13434983215e-06	0	0.00146355984058	4.13434983215e-06	0.0096454381584	0.00511419074236	0.00347698820883	0.000165373993286	0.0298210653393	0	0.00584597066265	0	0.00102118440854	2.8940448825e-05	3.72091484893e-05	4.13434983215e-06	0	0	0.0061601812499	6.20152474822e-05	4.13434983215e-05	2.8940448825e-05	0.000897153913576	0	4.13434983215e-06	4.13434983215e-06	0.00200102531876	0.0004630471812	0.000483718930361	0	0	0.000169508343118	0.000277001438754	0	0	0	0	4.13434983215e-06	0	0	1.24030494964e-05	0	5.788089765e-05	4.13434983215e-06	0	8.26869966429e-06	0	0	0	0	0	0	0	4.13434983215e-06	0	8.26869966429e-06	0	4.96121979857e-05	0	0	0	8.26869966429e-06	0	0	0	0	0	0	7.44182969786e-05	4.13434983215e-06	8.26869966429e-05	2.48060989929e-05	0.000107493095636	2.8940448825e-05	0	0	0	0	0	0	0	0
4.13434983215e-06	0.000322479286907	0.000111627445468	0	0	2.8940448825e-05	4.96121979857e-05	0	8.26869966429e-05	8.26869966429e-06	0	0.0296350195968	0	0.00716069390928	0.0001157617953	0	8.26869966429e-06	0.0004630471812	0.00374158659809	0.00462220311234	0	4.13434983215e-05	1.65373993286e-05	8.68213464751e-05	0	0.00322065851924	0.010294531082	0.00163720253353	4.13434983215e-06	0.000285270138418	2.48060989929e-05	0.00038449453439	3.30747986572e-05	2.06717491607e-05	0.00548214787742	0	0.000297673187914	1.24030494964e-05	0	0	0	0	0	0	4.13434983215e-06	0	0.000223254890936	0	0.000144702244125	0	0	0	1.65373993286e-05	2.06717491607e-05	6.61495973143e-05	0	0	4.13434983215e-06	0	4.13434983215e-06	0.000603615075493	0.000248060989929	0.000330747986572	0	0	0	0	0	0	2.06717491607e-05	0.000239792290264	0.00180257652682	0.00149663463924	0.000186045742447	2.48060989929e-05	5.37465478179e-05	9.92243959715e-05	0	0.000272867088922	7.02839471465e-05	8.26869966429e-06	0	0	1.24030494964e-05
0.000165373993286	0	4.13434983215e-06	0	0.000715242520961	4.13434983215e-06	0.00923200317518	0.000723511220625	0.00179430782715	0.000277001438754	0.00584597066265	0	0.027290843242	0	0.0004630471812	0.00157932163588	4.13434983215e-06	0	0	4.13434983215e-06	0.00887644908962	1.24030494964e-05	8.26869966429e-06	4.13434983215e-06	0.00075245166945	0	4.13434983215e-06	4.13434983215e-06	0.000450644131704	0.000268732739089	0.000157105293622	0	0	6.20152474822e-05	0.000128164844797	0	0	0	0	0	0	0	0	0	4.13434983215e-05	4.13434983215e-06	0	0.000103358745804	0	0	0	0	0	0	0	4.96121979857e-05	0	0	0	3.72091484893e-05	0	0	0	1.24030494964e-05	0	0	0	0	0	0	6.20152474822e-05	0	5.788089765e-05	2.48060989929e-05	0.000814466916933	1.24030494964e-05	0	0	0	0	0	0	0	0
4.13434983215e-06	6.61495973143e-05	2.8940448825e-05	0	0	8.26869966429e-06	3.72091484893e-05	4.13434983215e-06	5.37465478179e-05	0	0	0.00716069390928	0	0.0141477451256	4.96121979857e-05	0	0	2.48060989929e-05	0.000392763234054	0.000268732739089	0	1.65373993286e-05	4.13434983215e-06	3.30747986572e-05	0	0.00285683573401	0.0044237543204	0.00214159321305	0	8.68213464751e-05	1.24030494964e-05	0.000545734177843	4.13434983215e-06	8.26869966429e-06	0.000611883775158	0	0.000103358745804	0	0	0	0	0	0	0	0	0	0.000107493095636	0	0.000111627445468	0	0	0	4.13434983215e-06	1.24030494964e-05	2.06717491607e-05	0	0	4.13434983215e-06	4.13434983215e-06	0	0.000272867088922	7.85526468108e-05	0.000136433544461	4.13434983215e-06	0	4.13434983215e-06	0	0	0	3.72091484893e-05	0.000339016686236	0.000595346375829	0.000343151036068	0.000219120541104	1.24030494964e-05	8.68213464751e-05	0.000367957135061	3.30747986572e-05	0.000136433544461	4.96121979857e-05	2.8940448825e-05	0	0	8.26869966429e-06
0.00479171145546	4.13434983215e-06	8.68213464751e-05	0	2.8940448825e-05	0.000855810415254	0.0061601812499	0.00182738262581	0.0171658205031	0.000243926640097	0.00102118440854	0.0001157617953	0.0004630471812	4.96121979857e-05	0.03546858721	0.000198448791943	0.000107493095636	1.65373993286e-05	8.26869966429e-06	3.30747986572e-05	9.50900461393e-05	0.000223254890936	0.000107493095636	0.000198448791943	0.000272867088922	8.26869966429e-06	5.788089765e-05	4.54778481536e-05	0.000504390679522	0.0136846979444	0.00274107393871	0	0.00225322065852	0.00162893383387	0.00478757710562	0	4.13434983215e-06	0	0	4.13434983215e-06	0	0	8.26869966429e-06	8.26869966429e-06	7.44182969786e-05	0	0	0	0	1.24030494964e-05	0	4.13434983215e-06	0	0	0	4.13434983215e-06	4.13434983215e-06	1.65373993286e-05	4.13434983215e-06	5.788089765e-05	0	4.13434983215e-06	0	2.8940448825e-05	4.13434983215e-06	8.26869966429e-06	0	0	0	4.13434983215e-06	0.000653227273479	5.37465478179e-05	0.00139327589343	0.000305941887579	0.000632555524318	0.00061601812499	8.26869966429e-06	2.06717491607e-05	1.24030494964e-05	4.13434983215e-06	0	0	0	0
4.13434983215e-05	0	2.06717491607e-05	0	8.26869966429e-06	0.00108319965602	0.00372504919876	5.37465478179e-05	0.000678033372472	0.000165373993286	2.8940448825e-05	0	0.00157932163588	0	0.000198448791943	0.00871934379599	0	8.26869966429e-06	0	4.13434983215e-06	4.96121979857e-05	2.06717491607e-05	1.24030494964e-05	6.20152474822e-05	6.61495973143e-05	0	8.26869966429e-06	8.26869966429e-06	2.8940448825e-05	0.000148836593957	5.788089765e-05	0	2.8940448825e-05	3.72091484893e-05	0.00017364269295	0	4.13434983215e-06	0	0	0	0	0	0	0	0	0	0	0	0	0	0	0	0	0	0	0	0	0	0	4.13434983215e-06	0	0	0	0	0	0	0	0	0	4.13434983215e-06	0.000227389240768	8.26869966429e-06	0.000124030494964	4.13434983215e-05	0.00434933602342	5.37465478179e-05	0	1.24030494964e-05	0	4.13434983215e-06	4.13434983215e-06	0	0	0
6.20152474822e-05	5.788089765e-05	0.0010418561577	0	0	8.26869966429e-06	5.37465478179e-05	0.000711108171129	8.68213464751e-05	0.000872347814583	3.72091484893e-05	8.26869966429e-06	4.13434983215e-06	0	0.000107493095636	0	0.016082620847	9.92243959715e-05	0	1.65373993286e-05	8.26869966429e-06	0.00325786766773	0.00459326266351	0.00534571433296	0.00539946088078	0	5.788089765e-05	0.00203823446725	0.00303461277679	0.000574674626668	0.0012857827978	0	4.13434983215e-06	0.000367957135061	0.00156691858638	4.13434983215e-06	2.06717491607e-05	8.26869966429e-06	0	4.13434983215e-06	0	0	3.72091484893e-05	4.13434983215e-06	0.000260464039425	0	0	0	0	0	0	0.000740048619954	0	0	0	4.13434983215e-06	8.26869966429e-05	0.000334882336404	0.000161239643454	0.000434106732375	0	0	3.30747986572e-05	0.000198448791943	4.13434983215e-06	4.13434983215e-05	0	0	0	1.24030494964e-05	0.000611883775158	0.000119896145132	0.000595346375829	0.000181911392614	8.26869966429e-05	6.61495973143e-05	0	5.37465478179e-05	2.8940448825e-05	2.06717491607e-05	1.24030494964e-05	4.13434983215e-06	0	0
1.24030494964e-05	0.000768989068779	0.00436587342275	0	0	0	0	5.788089765e-05	0	3.30747986572e-05	4.13434983215e-06	0.0004630471812	0	2.48060989929e-05	1.65373993286e-05	8.26869966429e-06	9.92243959715e-05	0.0205766591146	0.0001157617953	0.00296432882965	0	0.00168268038168	0.000206717491607	0.00704906646381	2.06717491607e-05	4.54778481536e-05	0.00735087400155	0.00245993815013	6.20152474822e-05	0.000161239643454	0.000727645570458	0	0	0.000128164844797	0.00646612313748	0	0.0003472853859	7.44182969786e-05	0	0	0	0	4.13434983215e-06	0	2.8940448825e-05	0	8.26869966429e-06	0	4.13434983215e-06	0	0	1.24030494964e-05	7.44182969786e-05	4.13434983215e-06	4.13434983215e-05	0	4.13434983215e-06	7.02839471465e-05	3.30747986572e-05	1.24030494964e-05	1.24030494964e-05	5.788089765e-05	0.000219120541104	4.13434983215e-06	0	8.26869966429e-06	0	0	0	1.65373993286e-05	0.00136846979444	0.00120309580115	0.00307182192528	0.0006945707718	5.37465478179e-05	7.85526468108e-05	2.06717491607e-05	2.48060989929e-05	4.13434983215e-05	2.8940448825e-05	1.65373993286e-05	4.13434983215e-06	0	0
0	9.50900461393e-05	2.48060989929e-05	0	0	4.13434983215e-06	0	0	4.13434983215e-06	0	0	0.00374158659809	0	0.000392763234054	8.26869966429e-06	0	0	0.0001157617953	0.00784699598141	0.00241032595214	0	4.13434983215e-06	4.13434983215e-06	4.13434983215e-06	0	0.000256329689593	0.00476277100663	0.000429972382543	0	8.26869966429e-06	8.26869966429e-06	2.48060989929e-05	4.13434983215e-06	0	0.000512659379186	0	6.61495973143e-05	4.13434983215e-06	0	0	0	0	0	0	0	0	3.30747986572e-05	0	1.24030494964e-05	0	0	0	4.13434983215e-06	4.13434983215e-06	1.65373993286e-05	0	0	0	0	0	0.000111627445468	2.48060989929e-05	7.02839471465e-05	0	0	0	0	0	0	4.13434983215e-06	4.54778481536e-05	0.000128164844797	0.000140567894293	2.48060989929e-05	0	0	4.13434983215e-06	0	2.8940448825e-05	1.24030494964e-05	0	0	0	0
0	0.000471315880865	0.000421703682879	0	0	4.13434983215e-06	2.06717491607e-05	0	2.8940448825e-05	0	0	0.00462220311234	4.13434983215e-06	0.000268732739089	3.30747986572e-05	4.13434983215e-06	1.65373993286e-05	0.00296432882965	0.00241032595214	0.0154459309729	0	9.92243959715e-05	2.48060989929e-05	0.000272867088922	0	0.000285270138418	0.00929401842266	0.00147596289008	0	6.61495973143e-05	2.8940448825e-05	4.13434983215e-06	0	4.13434983215e-06	0.00415088723147	0	0.000272867088922	2.06717491607e-05	0	0	0	0	0	0	0	0	4.96121979857e-05	0	2.48060989929e-05	0	0	0	1.24030494964e-05	0	2.8940448825e-05	0	0	4.13434983215e-06	0	0	0.0001157617953	0.0001157617953	0.000214986191272	0	0	0	0	0	0	1.65373993286e-05	0.000409300633382	0.000926094362401	0.00128991714763	0.000194314442111	2.06717491607e-05	2.48060989929e-05	1.24030494964e-05	1.24030494964e-05	5.788089765e-05	2.8940448825e-05	0	0	0	4.13434983215e-06
5.788089765e-05	0	4.13434983215e-06	0	0.00591212025997	0	0.00221601151003	0.00108733400585	0.000401031933718	9.09556963072e-05	0.0061601812499	0	0.00887644908962	0	9.50900461393e-05	4.96121979857e-05	8.26869966429e-06	0	0	0	0.0203658072731	1.24030494964e-05	4.13434983215e-06	4.13434983215e-06	0.00245993815013	0	4.13434983215e-06	4.13434983215e-06	0.00166614298235	9.50900461393e-05	0.000103358745804	0	0	2.48060989929e-05	2.8940448825e-05	0	0	0	0	4.13434983215e-06	0	0	0	0	2.06717491607e-05	0	0	8.26869966429e-06	0	0	0	0	0	0	0	0	0	0	0	2.48060989929e-05	0	0	0	4.13434983215e-06	0	0	0	0	0	0	4.13434983215e-05	0	2.06717491607e-05	4.13434983215e-06	8.26869966429e-05	4.13434983215e-06	0	4.13434983215e-06	0	0	0	0	0	0
0.000214986191272	0.000169508343118	0.00288991053267	0	8.26869966429e-06	8.26869966429e-06	6.20152474822e-05	0.000893019563743	0.000157105293622	0.000425838032711	6.20152474822e-05	4.13434983215e-05	1.24030494964e-05	1.65373993286e-05	0.000223254890936	2.06717491607e-05	0.00325786766773	0.00168268038168	4.13434983215e-06	9.92243959715e-05	1.24030494964e-05	0.0392639203559	0.00136433544461	0.017513105889	0.00145942549075	0	0.000479584580529	0.00131058889679	0.00527543038582	0.00133539499578	0.0115472390812	0	4.13434983215e-06	0.0008103325671	0.00796689212654	0	3.72091484893e-05	8.26869966429e-06	0	4.13434983215e-06	0	8.26869966429e-06	2.48060989929e-05	0	0.00017364269295	4.13434983215e-06	4.13434983215e-06	0	0	8.26869966429e-06	0	2.06717491607e-05	4.13434983215e-06	0	8.26869966429e-06	0	4.13434983215e-05	0.000227389240768	4.96121979857e-05	8.26869966429e-05	0	8.26869966429e-06	4.13434983215e-05	8.26869966429e-05	0	2.06717491607e-05	0	0	0	1.65373993286e-05	0.00188939787329	0.00044237543204	0.00253849079694	0.000715242520961	0.00017364269295	0.000132299194629	8.26869966429e-06	3.30747986572e-05	1.65373993286e-05	1.65373993286e-05	1.24030494964e-05	4.13434983215e-06	0	0
7.02839471465e-05	0.00144702244125	0.00238965420298	0	4.13434983215e-06	4.13434983215e-06	5.788089765e-05	0.000686302072136	0.0001157617953	0.0030222097273	4.13434983215e-05	1.65373993286e-05	8.26869966429e-06	4.13434983215e-06	0.000107493095636	1.24030494964e-05	0.00459326266351	0.000206717491607	4.13434983215e-06	2.48060989929e-05	4.13434983215e-06	0.00136433544461	0.0183193041062	0.00327440506706	0.00284029833468	8.26869966429e-06	0.000268732739089	0.00353486910648	0.00183565132547	0.0005788089765	0.00132299194629	0	4.13434983215e-06	0.000446509781872	0.00188526352346	2.48060989929e-05	0.000330747986572	0.00017364269295	0	0	0	4.13434983215e-06	0.000111627445468	0	0.000711108171129	8.26869966429e-06	0	0	0	8.26869966429e-06	0	0.000496121979857	6.20152474822e-05	0	1.24030494964e-05	4.13434983215e-06	0.000293538838082	0.00282376093536	0.000649092923647	0.00052092807885	0	2.48060989929e-05	0.000409300633382	0.0004630471812	8.26869966429e-06	0.000152970943789	0	0	0	9.50900461393e-05	0.000901288263408	0.000264598389257	0.000950900461393	0.000326613636739	0.000136433544461	0.000103358745804	0	0.000210851841439	0.000148836593957	0.000132299194629	7.44182969786e-05	8.26869966429e-06	0	4.13434983215e-06
0.000161239643454	0.000822735616597	0.0172195670509	0	4.13434983215e-06	8.26869966429e-06	5.788089765e-05	0.000723511220625	0.000128164844797	0.000529196778515	2.8940448825e-05	8.68213464751e-05	4.13434983215e-06	3.30747986572e-05	0.000198448791943	6.20152474822e-05	0.00534571433296	0.00704906646381	4.13434983215e-06	0.000272867088922	4.13434983215e-06	0.017513105889	0.00327440506706	0.0542840132961	0.001157617953	4.13434983215e-06	0.00199689096893	0.00796275777671	0.00241032595214	0.00124030494964	0.00508111594371	0	0	0.000876482164415	0.0101415601383	0	0.000297673187914	7.02839471465e-05	0	0	0	0	2.48060989929e-05	0	0.000186045742447	4.13434983215e-06	4.13434983215e-06	0	0	1.24030494964e-05	0	0.000128164844797	4.96121979857e-05	0	1.65373993286e-05	0	9.92243959715e-05	0.000793795167772	0.000194314442111	8.68213464751e-05	8.26869966429e-06	2.8940448825e-05	0.000235657940432	9.92243959715e-05	0	1.65373993286e-05	0	0	0	5.37465478179e-05	0.00396484148903	0.00152144073823	0.00532917693364	0.00158345598571	0.000305941887579	0.000322479286907	2.48060989929e-05	6.20152474822e-05	6.61495973143e-05	5.37465478179e-05	3.72091484893e-05	0	0	0
0.000202583141775	4.13434983215e-05	0.000227389240768	0	0.00241032595214	0	0.000607749425325	0.00346458515934	0.000438241082207	0.00351833170716	0.000897153913576	0	0.00075245166945	0	0.000272867088922	6.61495973143e-05	0.00539946088078	2.06717491607e-05	0	0	0.00245993815013	0.00145942549075	0.00284029833468	0.001157617953	0.029457242554	0	1.65373993286e-05	0.000235657940432	0.0100051265938	0.000979840910218	0.0018397856753	0	0	0.000479584580529	0.00109146835569	2.8940448825e-05	4.13434983215e-06	4.13434983215e-06	0	5.788089765e-05	0	2.06717491607e-05	0.000310076237411	2.48060989929e-05	0.00067389902264	3.30747986572e-05	0	1.65373993286e-05	0	4.13434983215e-05	0	1.65373993286e-05	0	0	0	8.26869966429e-06	7.85526468108e-05	0.000169508343118	6.20152474822e-05	0.00290231358217	0	0	1.24030494964e-05	0.00160412773487	1.24030494964e-05	6.61495973143e-05	0	0	4.13434983215e-06	4.13434983215e-06	0.000413434983215	5.788089765e-05	0.0003472853859	0.000111627445468	0.000392763234054	2.8940448825e-05	0	3.30747986572e-05	1.24030494964e-05	1.65373993286e-05	8.26869966429e-06	8.26869966429e-06	0	0
0	0.000764854718947	2.8940448825e-05	0	0	0	4.13434983215e-06	0	4.13434983215e-06	0	0	0.00322065851924	0	0.00285683573401	8.26869966429e-06	0	0	4.54778481536e-05	0.000256329689593	0.000285270138418	0	0	8.26869966429e-06	4.13434983215e-06	0	0.00964957250823	0.00206304056624	0.000711108171129	0	1.65373993286e-05	0	2.8940448825e-05	0	0	0.000330747986572	0	0.000339016686236	1.65373993286e-05	0	0	0	0	0	0	0	0	0.000413434983215	0	0.000351419735732	0	0	0	1.65373993286e-05	2.8940448825e-05	6.20152474822e-05	0	4.13434983215e-06	0	0	0	0.00110387140518	0.000376225834725	0.000471315880865	0	0	8.26869966429e-06	0	0	0	3.30747986572e-05	8.26869966429e-06	0.000409300633382	0.0001157617953	4.13434983215e-06	0	0	0.000206717491607	2.48060989929e-05	0.000483718930361	0.000128164844797	2.48060989929e-05	0	4.13434983215e-06	2.8940448825e-05
4.13434983215e-06	0.00420049942946	0.00583770196299	0	0	8.26869966429e-06	2.8940448825e-05	2.8940448825e-05	2.48060989929e-05	2.8940448825e-05	4.13434983215e-06	0.010294531082	4.13434983215e-06	0.0044237543204	5.788089765e-05	8.26869966429e-06	5.788089765e-05	0.00735087400155	0.00476277100663	0.00929401842266	4.13434983215e-06	0.000479584580529	0.000268732739089	0.00199689096893	1.65373993286e-05	0.00206304056624	0.0634912103723	0.0212092146389	3.30747986572e-05	0.000190180092279	0.000248060989929	0.00084754171559	8.26869966429e-06	8.26869966429e-05	0.00639997354016	0	0.00225735500835	0.000281135788586	0	0	0	0	4.13434983215e-06	0	8.26869966429e-06	0	0.000318344937075	0	0.000136433544461	0	0	1.24030494964e-05	0.000227389240768	2.8940448825e-05	0.0002315235906	0	8.26869966429e-06	7.02839471465e-05	7.02839471465e-05	4.13434983215e-06	0.000868213464751	0.00084754171559	0.00153797813756	0	0	1.24030494964e-05	0	0	0	9.50900461393e-05	0.00139741024327	0.00269973044039	0.00337362946303	0.000682167722304	4.96121979857e-05	8.68213464751e-05	4.13434983215e-05	2.48060989929e-05	0.000355554085565	0.0002315235906	5.37465478179e-05	0	0	8.26869966429e-06
2.06717491607e-05	0.00521754948817	0.0115182986324	0	0	4.13434983215e-06	2.8940448825e-05	9.09556963072e-05	3.72091484893e-05	0.000206717491607	4.13434983215e-06	0.00163720253353	4.13434983215e-06	0.00214159321305	4.54778481536e-05	8.26869966429e-06	0.00203823446725	0.00245993815013	0.000429972382543	0.00147596289008	4.13434983215e-06	0.00131058889679	0.00353486910648	0.00796275777671	0.000235657940432	0.000711108171129	0.0212092146389	0.0541269080024	0.000310076237411	0.0002315235906	0.00061601812499	0.000165373993286	0	0.000140567894293	0.0035886156543	4.13434983215e-06	0.00159999338504	0.000322479286907	0	0	0	0	8.26869966429e-06	0	3.72091484893e-05	0	7.02839471465e-05	0	1.24030494964e-05	4.13434983215e-06	0	0.000206717491607	0.0002315235906	1.24030494964e-05	0.000111627445468	0	2.8940448825e-05	0.000756586019283	0.000264598389257	3.72091484893e-05	0.000243926640097	0.00038449453439	0.00111214010485	2.8940448825e-05	4.13434983215e-06	2.48060989929e-05	0	0	0	9.92243959715e-05	0.00150903768873	0.00134366369545	0.00259223734476	0.000603615075493	0.000132299194629	0.000107493095636	1.24030494964e-05	8.68213464751e-05	0.0002315235906	0.000152970943789	5.37465478179e-05	4.13434983215e-06	0	0
0.000450644131704	2.06717491607e-05	0.000417569333047	0	0.00186872612413	0	0.000744182969786	0.0131472324662	0.000727645570458	0.00212505581372	0.00200102531876	4.13434983215e-06	0.000450644131704	0	0.000504390679522	2.8940448825e-05	0.00303461277679	6.20152474822e-05	0	0	0.00166614298235	0.00527543038582	0.00183565132547	0.00241032595214	0.0100051265938	0	3.30747986572e-05	0.000310076237411	0.0377796887661	0.00184805437497	0.00595759810812	0	4.13434983215e-06	0.000934363062065	0.00208784666523	8.26869966429e-06	0	0	0	2.8940448825e-05	0	4.13434983215e-06	0.000119896145132	8.26869966429e-06	0.000686302072136	1.65373993286e-05	0	4.13434983215e-06	0	2.48060989929e-05	0	2.48060989929e-05	0	0	0	8.26869966429e-06	4.54778481536e-05	0.000132299194629	3.30747986572e-05	0.000434106732375	0	0	4.13434983215e-06	0.000252195339761	1.24030494964e-05	2.48060989929e-05	0	0	0	1.24030494964e-05	0.000744182969786	8.68213464751e-05	0.000711108171129	0.000210851841439	0.000351419735732	5.37465478179e-05	4.13434983215e-06	2.06717491607e-05	1.24030494964e-05	1.24030494964e-05	4.13434983215e-06	4.13434983215e-06	0	0
0.00248474424912	2.06717491607e-05	0.000529196778515	0	4.13434983215e-05	0.00119482710149	0.00453124741603	0.00268732739089	0.00781805553259	0.000777257768443	0.0004630471812	0.000285270138418	0.000268732739089	8.68213464751e-05	0.0136846979444	0.000148836593957	0.000574674626668	0.000161239643454	8.26869966429e-06	6.61495973143e-05	9.50900461393e-05	0.00133539499578	0.0005788089765	0.00124030494964	0.000979840910218	1.65373993286e-05	0.000190180092279	0.0002315235906	0.00184805437497	0.0442912897518	0.0130645454696	0	0.002315235906	0.00907076353173	0.01379219104	4.13434983215e-06	2.06717491607e-05	4.13434983215e-06	0	1.65373993286e-05	0	4.13434983215e-06	4.96121979857e-05	1.24030494964e-05	0.000318344937075	4.13434983215e-06	0	0	0	1.65373993286e-05	0	8.26869966429e-06	4.13434983215e-06	0	0	1.24030494964e-05	1.65373993286e-05	4.13434983215e-05	1.24030494964e-05	0.000148836593957	0	4.13434983215e-06	4.13434983215e-06	0.000111627445468	8.26869966429e-06	2.06717491607e-05	0	0	0	8.26869966429e-06	0.00298086622898	0.000214986191272	0.00426664902677	0.00102118440854	0.00107079660653	0.00101291570888	1.65373993286e-05	4.13434983215e-05	1.24030494964e-05	1.24030494964e-05	8.26869966429e-06	4.13434983215e-06	0	0
0.00310076237411	9.09556963072e-05	0.00184805437497	0	7.85526468108e-05	8.26869966429e-06	0.00109973705535	0.00920306272636	0.00202583141775	0.00135193239511	0.000483718930361	2.48060989929e-05	0.000157105293622	1.24030494964e-05	0.00274107393871	5.788089765e-05	0.0012857827978	0.000727645570458	8.26869966429e-06	2.8940448825e-05	0.000103358745804	0.0115472390812	0.00132299194629	0.00508111594371	0.0018397856753	0	0.000248060989929	0.00061601812499	0.00595759810812	0.0130645454696	0.0445682911905	0	8.26869966429e-06	0.00524235558716	0.0115637764805	4.13434983215e-06	3.30747986572e-05	1.65373993286e-05	0	3.72091484893e-05	0	8.26869966429e-06	7.85526468108e-05	1.24030494964e-05	0.0005788089765	4.13434983215e-06	0	0	0	1.65373993286e-05	0	1.24030494964e-05	4.13434983215e-06	0	0	4.13434983215e-06	3.30747986572e-05	0.000165373993286	4.13434983215e-05	0.000367957135061	0	1.24030494964e-05	2.48060989929e-05	0.000181911392614	0	2.06717491607e-05	0	0	0	4.13434983215e-06	0.00251368469794	0.000388628884222	0.00314210587243	0.000959169161058	0.000529196778515	0.000214986191272	1.24030494964e-05	3.30747986572e-05	4.13434983215e-06	4.13434983215e-06	4.13434983215e-06	0	0	0
0	4.13434983215e-06	0	0	0	0	0	0	0	0	0	0.00038449453439	0	0.000545734177843	0	0	0	0	2.48060989929e-05	4.13434983215e-06	0	0	0	0	0	2.8940448825e-05	0.00084754171559	0.000165373993286	0	0	0	0.000938497411897	0	0	4.13434983215e-06	0	4.13434983215e-06	0	0	0	0	0	0	0	0	0	0	0	0	0	0	0	0	0	0	0	0	0	0	0	8.26869966429e-06	4.13434983215e-06	0	0	0	0	0	0	0	0	0	0	4.13434983215e-06	0	0	0	0	0	0	0	0	0	0	0
0	0	0	0	0	0.00257156559559	0.00264184954274	0	0.00261290909392	4.13434983215e-06	0	3.30747986572e-05	0	4.13434983215e-06	0.00225322065852	2.8940448825e-05	4.13434983215e-06	0	4.13434983215e-06	0	0	4.13434983215e-06	4.13434983215e-06	0	0	0	8.26869966429e-06	0	4.13434983215e-06	0.002315235906	8.26869966429e-06	0	0.00707800691263	2.06717491607e-05	0.00107906530619	0	0	0	0	0	0	0	0	0	0	0	0	0	0	0	0	0	0	0	0	0	0	0	0	0	0	0	0	0	0	0	0	0	0	0	1.24030494964e-05	8.26869966429e-06	0.0001157617953	8.26869966429e-06	4.96121979857e-05	0.000401031933718	0	0	0	0	0	0	0	0
0.00055813722734	2.06717491607e-05	0.000376225834725	0	0	8.26869966429e-06	0.0004630471812	0.00101291570888	0.000822735616597	0.000475450230697	0.000169508343118	2.06717491607e-05	6.20152474822e-05	8.26869966429e-06	0.00162893383387	3.72091484893e-05	0.000367957135061	0.000128164844797	0	4.13434983215e-06	2.48060989929e-05	0.0008103325671	0.000446509781872	0.000876482164415	0.000479584580529	0	8.26869966429e-05	0.000140567894293	0.000934363062065	0.00907076353173	0.00524235558716	0	2.06717491607e-05	0.0117084787246	0.00728885875407	0	4.13434983215e-06	8.26869966429e-06	0	4.13434983215e-06	0	4.13434983215e-06	3.30747986572e-05	8.26869966429e-06	0.000186045742447	4.13434983215e-06	0	0	0	1.24030494964e-05	0	4.13434983215e-06	4.13434983215e-06	0	0	4.13434983215e-06	8.26869966429e-06	3.30747986572e-05	8.26869966429e-06	8.26869966429e-05	0	4.13434983215e-06	0	5.37465478179e-05	4.13434983215e-06	1.65373993286e-05	0	0	0	4.13434983215e-06	0.00234004200499	0.000136433544461	0.00268732739089	0.000760720369115	0.000471315880865	0.000219120541104	0	8.26869966429e-06	8.26869966429e-06	8.26869966429e-06	4.13434983215e-06	0	0	0
0.00102531875837	0.000831004316261	0.00550695397642	0	1.65373993286e-05	0.00101291570888	0.00275347698821	0.0019555474706	0.00408473763416	0.000868213464751	0.000277001438754	0.00548214787742	0.000128164844797	0.000611883775158	0.00478757710562	0.00017364269295	0.00156691858638	0.00646612313748	0.000512659379186	0.00415088723147	2.8940448825e-05	0.00796689212654	0.00188526352346	0.0101415601383	0.00109146835569	0.000330747986572	0.00639997354016	0.0035886156543	0.00208784666523	0.01379219104	0.0115637764805	4.13434983215e-06	0.00107906530619	0.00728885875407	0.05615687377	0	0.00038449453439	8.68213464751e-05	0	8.26869966429e-06	0	4.13434983215e-06	2.8940448825e-05	8.26869966429e-06	0.00028940448825	4.13434983215e-06	4.13434983215e-05	0	3.30747986572e-05	1.24030494964e-05	0	4.96121979857e-05	3.30747986572e-05	0	2.06717491607e-05	4.13434983215e-06	2.48060989929e-05	0.000305941887579	9.50900461393e-05	0.000157105293622	8.68213464751e-05	0.000119896145132	0.000239792290264	7.44182969786e-05	4.13434983215e-06	3.72091484893e-05	0	0	0	4.13434983215e-05	0.00974052820453	0.00315450892193	0.0204071507715	0.00521754948817	0.001748829979	0.00195141312077	7.02839471465e-05	0.000124030494964	0.000107493095636	4.54778481536e-05	2.48060989929e-05	4.13434983215e-06	0	0
0	4.13434983215e-06	0	0	0	0	8.26869966429e-06	4.13434983215e-06	4.13434983215e-06	3.72091484893e-05	0	0	0	0	0	0	4.13434983215e-06	0	0	0	0	0	2.48060989929e-05	0	2.8940448825e-05	0	0	4.13434983215e-06	8.26869966429e-06	4.13434983215e-06	4.13434983215e-06	0	0	0	0	0.0164381749326	8.26869966429e-06	4.13434983215e-05	0	4.96121979857e-05	0	0.000996378309547	0.0052340868875	0.00196381617027	0.000136433544461	0.000471315880865	8.26869966429e-06	0.00017364269295	0	0.00547387917776	7.02839471465e-05	7.85526468108e-05	4.13434983215e-05	0	0	7.44182969786e-05	0.000339016686236	7.44182969786e-05	0.000339016686236	0.000669764672808	0	2.06717491607e-05	3.30747986572e-05	0.00124857364931	0.00651986968529	0.00189353222312	0	4.13434983215e-06	0.00108733400585	0.00155451553689	1.65373993286e-05	0	0	0	4.13434983215e-06	0	0	0.00103772180787	0.000119896145132	0.000777257768443	0.0002315235906	0.000926094362401	8.68213464751e-05	0
4.13434983215e-06	0.00241446030197	0.000735914270122	0	0	0	4.13434983215e-06	0	4.13434983215e-06	2.06717491607e-05	0	0.000297673187914	0	0.000103358745804	4.13434983215e-06	4.13434983215e-06	2.06717491607e-05	0.0003472853859	6.61495973143e-05	0.000272867088922	0	3.72091484893e-05	0.000330747986572	0.000297673187914	4.13434983215e-06	0.000339016686236	0.00225735500835	0.00159999338504	0	2.06717491607e-05	3.30747986572e-05	4.13434983215e-06	0	4.13434983215e-06	0.00038449453439	8.26869966429e-06	0.0165001901801	0.0014925002894	0	0	0	4.13434983215e-06	2.06717491607e-05	0	2.8940448825e-05	8.26869966429e-06	0.000429972382543	0	0.000206717491607	8.26869966429e-06	0	0.0002315235906	0.000975706560386	9.09556963072e-05	0.000744182969786	0	0.000124030494964	0.00185632307463	0.000727645570458	4.54778481536e-05	0.00229869850667	0.00258396864509	0.0097611999537	4.54778481536e-05	4.13434983215e-06	5.788089765e-05	0	0	0	0.000512659379186	0.000132299194629	0.000248060989929	0.000285270138418	6.20152474822e-05	1.65373993286e-05	4.13434983215e-06	8.26869966429e-06	0.000272867088922	0.00119896145132	0.00100464700921	0.000277001438754	2.06717491607e-05	8.26869966429e-06	1.65373993286e-05
0	0.00044237543204	0.000202583141775	0	0	0	0	0	0	4.13434983215e-06	0	1.24030494964e-05	0	0	0	0	8.26869966429e-06	7.44182969786e-05	4.13434983215e-06	2.06717491607e-05	0	8.26869966429e-06	0.00017364269295	7.02839471465e-05	4.13434983215e-06	1.65373993286e-05	0.000281135788586	0.000322479286907	0	4.13434983215e-06	1.65373993286e-05	0	0	8.26869966429e-06	8.68213464751e-05	4.13434983215e-05	0.0014925002894	0.0233342704526	0	4.13434983215e-06	0	1.24030494964e-05	0.000152970943789	8.26869966429e-06	3.72091484893e-05	0	7.85526468108e-05	4.13434983215e-06	1.24030494964e-05	2.48060989929e-05	4.13434983215e-06	0.000669764672808	0.00390282624155	1.65373993286e-05	0.00055813722734	0	0.00117828970216	0.000893019563743	0.00743769534803	0.000111627445468	4.13434983215e-05	0.0053498486828	0.0101870379864	0.000388628884222	2.06717491607e-05	0.000843407365758	0	0	4.13434983215e-06	0.00122376755032	2.8940448825e-05	3.72091484893e-05	5.37465478179e-05	1.24030494964e-05	4.13434983215e-06	0	0	0.00119482710149	0.00191420397228	0.00178603912749	0.00073177992029	4.96121979857e-05	3.72091484893e-05	8.26869966429e-06
0	0	0	0	0	0	0	0	0	0	0	0	0	0	0	0	0	0	0	0	0	0	0	0	0	0	0	0	0	0	0	0	0	0	0	0	0	0	0	0	0	0	0	0	0	0	0	0	0	0	0	0	0	0	0	0	0	0	0	0	0	0	0	0	0	0	0	0	0	0	0	0	0	0	0	0	0	0	0	0	0	0	0	0
4.13434983215e-06	0	0	0	0.00167441168202	0	8.26869966429e-06	2.48060989929e-05	8.26869966429e-06	0.000169508343118	4.13434983215e-06	0	0	0	4.13434983215e-06	0	4.13434983215e-06	0	0	0	4.13434983215e-06	4.13434983215e-06	0	0	5.788089765e-05	0	0	0	2.8940448825e-05	1.65373993286e-05	3.72091484893e-05	0	0	4.13434983215e-06	8.26869966429e-06	4.96121979857e-05	0	4.13434983215e-06	0	0.014089864228	0	0.000194314442111	0.00137260414427	0.000103358745804	0.000582943326333	0.00319171807042	0	0.000744182969786	0	0.000144702244125	2.06717491607e-05	8.26869966429e-06	0	0	0	0.00640410788999	3.72091484893e-05	4.13434983215e-05	3.30747986572e-05	0.00450230696721	0	0	4.13434983215e-06	0.00494468239925	1.65373993286e-05	9.09556963072e-05	0	0	0	8.26869966429e-06	4.13434983215e-06	0	0	0	2.8940448825e-05	0	0	2.8940448825e-05	0	8.26869966429e-06	4.13434983215e-06	2.06717491607e-05	0	0
0	0	0	0	0	0	0	0	0	0	0	0	0	0	0	0	0	0	0	0	0	0	0	0	0	0	0	0	0	0	0	0	0	0	0	0	0	0	0	0	0.00167027733219	0.000446509781872	0	0.000322479286907	4.13434983215e-06	0	0	4.13434983215e-06	0	0.000124030494964	0.000537465478179	0	0	0	0	0	0	0	0	0	0	0	4.13434983215e-06	0	9.50900461393e-05	0	0	0.000367957135061	0	0.000169508343118	0	0	0	0	0	0	0	0	0	2.06717491607e-05	0	0.000587077676165	0.00038449453439	0
0	4.13434983215e-06	0	0	0	0	0	4.13434983215e-06	0	0	0	0	0	0	0	0	0	0	0	0	0	8.26869966429e-06	4.13434983215e-06	0	2.06717491607e-05	0	0	0	4.13434983215e-06	4.13434983215e-06	8.26869966429e-06	0	0	4.13434983215e-06	4.13434983215e-06	0.000996378309547	4.13434983215e-06	1.24030494964e-05	0	0.000194314442111	0.000446509781872	0.0321073607964	0.00250955034811	0.00849195455523	0.000206717491607	0.00771883113662	2.48060989929e-05	0.00491987630025	4.13434983215e-06	0.00486612975244	0.0036134217533	2.48060989929e-05	1.65373993286e-05	0	0	0.00101291570888	6.20152474822e-05	1.65373993286e-05	5.37465478179e-05	0.000562271577172	0	2.06717491607e-05	4.13434983215e-06	0.00108733400585	0.00164133688336	0.000252195339761	0	0.000355554085565	7.44182969786e-05	0.000864079114918	4.13434983215e-06	0	0	0	0	0	0	0.000326613636739	4.54778481536e-05	0.000533331128347	9.09556963072e-05	0.00351833170716	0.000777257768443	4.13434983215e-06
