0.0287095574563	0	0.000616267332519	0	0	9.56276895288e-05	0.00335759443234	0.0124953514318	0.0118153323062	0	0.00542952770547	0.0018913031929	0.00293258247888	0	0.0211337193859	0	0	0.00109440578016	0.00116878287202	0	0.00502576634968	0.00350634861605	0	0.00542952770547	0	0	0.00176379960686	0	0.00156191892897	0.00450512670669	0.00640705519843	1.06252988365e-05	0.00195505498592	0.000297508367423	0.0024438187324	0	0	0	0	1.06252988365e-05	0	0	0	0	1.06252988365e-05	0	0	1.06252988365e-05	0	0	0	0	0	0	0	1.06252988365e-05	0	0	0	1.06252988365e-05	0	0	0	0	0	0	0	0	0	0	0	0	0.000839398608086	2.12505976731e-05	0	2.12505976731e-05	0	0	0	0	0	0	0	0
0	0.0340434574722	0	0	0	0	0	0	0	0.00335759443234	0	0	0	4.25011953461e-05	0	0	0.000446262551134	0.000499389045317	0	0	0	0	0.00658768527865	0	0.00484513626946	0.00208255857196	0.00723582850768	0.0280932901238	0	0	0	0	0	0	0	0	0.0193274185836	0	0	0	0	0	0	0	0	0	0	0	0	0	0	0	0	0	0	0	0	0.00211443446847	0	0	0.000881899803432	0.000265632470913	0.0216756096265	0	0	0	0	0	0	0	0	0	0	0	1.06252988365e-05	0	0	0	0	0	0	0	0	0
0.000616267332519	0	0.0230675237741	0	0	0	0	0.000106252988365	0.000297508367423	0	0	0	0	0	0.00126441056155	0	0	0.00835148488551	0	0.00027625776975	0	0.00170004781384	0	0.0124741008341	0	0	0.00728895500186	0.00939276417149	9.56276895288e-05	0.00132816235457	0.00323009084631	0	0	1.06252988365e-05	0.00107315518249	0	0	0	0	0	0	0	0	0	0	0	0	0	0	0	0	0	8.50023906922e-05	0	0	0	0	2.12505976731e-05	0	0.000116878287202	0	0	0.000478138447644	0.000127503586038	0	0	0	0	0	0	0.000669393826701	6.37517930192e-05	0.000690644424374	1.06252988365e-05	0	0	0	0.000127503586038	0	6.37517930192e-05	2.12505976731e-05	0	0	0
0	0	0	0	0	0	0	0	0	0	0	0	0	0	0	0	0	0	0	0	0	0	0	0	0	0	0	0	0	0	0	0	0	0	0	0	0	0	0	0	0	0	0	0	0	0	0	0	0	0	0	0	0	0	0	0	0	0	0	0	0	0	0	0	0	0	0	0	0	0	0	0	0	0	0	0	0	0	0	0	0	0	0	0
0	0	0	0	0.0185305211709	2.12505976731e-05	0.00225256335334	0.0015406683313	0.000106252988365	0.000340009562769	0.00212505976731	0.000212505976731	0.00583328906125	6.37517930192e-05	1.06252988365e-05	0.000775646815067	0	0	1.06252988365e-05	0	0.00872337034479	0	0	0	0.00109440578016	0	0.000223131275567	0	0.00779896934601	0.000648143229028	0	0	5.31264941826e-05	0	0.00103065398714	0	0	0	0	0.00787334643787	1.06252988365e-05	0.000616267332519	0.000106252988365	0.000170004781384	0.0025606970196	0.000223131275567	0.000297508367423	0.00210380916963	0.000350634861605	5.31264941826e-05	0	0	0	7.43770918557e-05	0.000233756574404	0.00705519842746	0	0	0	0.00326196674281	0	1.06252988365e-05	0	0.000340009562769	6.37517930192e-05	0	0	1.06252988365e-05	0	0.00112628167667	0.000106252988365	0	0.000722520320884	0.000138128884875	0.000467513148807	0	0	0.000308133666259	3.18758965096e-05	0.00105190458482	6.37517930192e-05	0.000116878287202	2.12505976731e-05	0
9.56276895288e-05	0	0	0	2.12505976731e-05	0.00673643946236	0.00242256813473	0.000233756574404	0.00261382351379	0.000361260160442	0.000371885459279	5.31264941826e-05	0.00027625776975	0	0.000170004781384	0.00148754183711	0	0	0	0	8.50023906922e-05	0	0	0	0.000255007172077	0	0	0	0.000191255379058	2.12505976731e-05	0	0	0.00272007650215	1.06252988365e-05	0.000308133666259	0	0	0	0	0	0	0	0	0	0.000191255379058	0	0	0.000191255379058	0	0	0	0	0	0	0	9.56276895288e-05	0	0	8.50023906922e-05	1.06252988365e-05	0	0	0	0	0	0	0	0	0	0	0.00137066354991	0	0.000425011953461	4.25011953461e-05	0.00231631514636	0.000786272113903	1.06252988365e-05	0	0	1.06252988365e-05	2.12505976731e-05	8.50023906922e-05	0	0
0.00335759443234	0	0	0	0.00225256335334	0.00242256813473	0.0321202783828	0.00622642511821	0.011698454019	0.000308133666259	0.0113690697551	0.00361260160442	0.0091908834936	0	0.00517452053339	0.00267757530681	0	0	0.00148754183711	0	0.0074164585879	0	0	0	0	0	0.00351697391489	0	0.00468575678691	0.00342134622536	0	5.31264941826e-05	0.00166817191734	0.000265632470913	0.00531264941826	0	0	0	0	0.000170004781384	0	0	0	0	0.000456887849971	0	0	0.000382510758115	0	0	0	0	0	0	0	0.000223131275567	0	0	0	0.000191255379058	0	0	0	0	0	0	0	0	0	0	0.000446262551134	0	0.00312383785794	0.000297508367423	0.000977527492961	0.000308133666259	1.06252988365e-05	0	0	0	0	0.000191255379058	0	0
0.0124953514318	0	0.000106252988365	0	0.0015406683313	0.000233756574404	0.00622642511821	0.086383679541	0.0136216331084	5.31264941826e-05	0.0244700632205	0.0016575466185	0.000371885459279	5.31264941826e-05	0.0169473516443	0	0	0.00027625776975	0.000510014344153	0	0.00238006693938	0.00704457312862	0	0.00590766615311	0.00079689741274	0	0.00173192371035	1.06252988365e-05	0.0278064070552	0.018913031929	0.0213356000638	4.25011953461e-05	0.0005525155395	0.0165542155873	0.0136110078096	0	0	0	0	0.00436699782181	0	0.000499389045317	0	0	0.00517452053339	0	0.000191255379058	0.000828773309249	0.000350634861605	0	0	0	0	0	0	0.00208255857196	0	0	0	0.00519577113106	0	0	0	0.00268820060564	0	0	0	0	0	0.000467513148807	0.000584391436009	0	0.00722520320884	0.000881899803432	0	0.00027625776975	0	0.000191255379058	0	0.000467513148807	0	0	0	0
0.0118153323062	0	0.000297508367423	0	0.000106252988365	0.00261382351379	0.011698454019	0.0136216331084	0.0386335865696	7.43770918557e-05	0.0104765446528	0.00114753227435	0.00116878287202	0.000201880677894	0.0199011847208	0.000595016734846	0	9.56276895288e-05	0	0	0.00167879721617	0.000382510758115	0	0.00180630080221	0	5.31264941826e-05	0.000340009562769	0	0.00448387610902	0.00213568506614	0.00113690697551	0.000329384263932	0.00486638686713	0.00194442968708	0.00326196674281	0	0	0	0	3.18758965096e-05	0	0	0	0	7.43770918557e-05	0	0	4.25011953461e-05	0	0	0	0	0	0	0	0	0	0	0	5.31264941826e-05	0	0	0	0	0	0	0	0	0	0	0.00104127928598	1.06252988365e-05	0.00210380916963	0.000467513148807	0.000403761355788	0.000850023906922	9.56276895288e-05	0	0	0	0	3.18758965096e-05	0	0
0	0.00335759443234	0	0	0.000340009562769	0.000361260160442	0.000308133666259	5.31264941826e-05	7.43770918557e-05	0.0238006693938	0	0	0.00193380438825	1.06252988365e-05	0	0.00286883068586	0	0	0	0	0.000223131275567	0	0.00519577113106	0	0.0152154279339	0.000435637252298	0.000669393826701	0.00291133188121	0.00206130797429	0	0	0	3.18758965096e-05	0	0	0	0.000159379482548	0	0	0.000775646815067	0	0	0	0	0.00961589544706	0	0	0.000977527492961	0	0	0	0	0	0	0	0.000170004781384	0	1.06252988365e-05	0	0.00830898369017	0	1.06252988365e-05	0.000170004781384	0.0047707591776	0	0	0	0	0	0	0.000329384263932	2.12505976731e-05	3.18758965096e-05	2.12505976731e-05	0.00507889284386	0	0	0.000212505976731	8.50023906922e-05	0	4.25011953461e-05	0.000595016734846	0	0
0.00542952770547	0	0	0	0.00212505976731	0.000371885459279	0.0113690697551	0.0244700632205	0.0104765446528	0	0.0420124315996	0.00388885937417	0.00224193805451	0	0.00906337990756	0	0	0	0.00128566115922	0	0.00567390957871	0	0	0	4.25011953461e-05	0	0.00335759443234	0	0.0111034372842	0.00784147054136	0	6.37517930192e-05	0.00172129841152	0.00197630558359	0.00924400998778	0	0	0	0	0.00141316474526	2.12505976731e-05	4.25011953461e-05	0	5.31264941826e-05	0.000297508367423	1.06252988365e-05	1.06252988365e-05	0.000159379482548	0	2.12505976731e-05	0	0	0	0	6.37517930192e-05	0.000913775699942	0	0	0	0.000446262551134	0	0	0	0	3.18758965096e-05	0	0	2.12505976731e-05	0	0.000223131275567	0.000223131275567	0	0.00503639164852	0.000350634861605	0	0.000212505976731	0	0.000138128884875	0	0.000223131275567	2.12505976731e-05	1.06252988365e-05	1.06252988365e-05	0
0.0018913031929	0	0	0	0.000212505976731	5.31264941826e-05	0.00361260160442	0.0016575466185	0.00114753227435	0	0.00388885937417	0.0296764596504	0.00409074005206	0.00449450140785	0.004420124316	0	0	0	0.00493013866015	0.00295383307656	0.00489826276364	0.000414386654625	0	5.31264941826e-05	9.56276895288e-05	0.00079689741274	0.0148966689688	1.06252988365e-05	0.00100940338947	0.00534452531477	0	0.00269882590448	0.00246506933007	9.56276895288e-05	0.0178505020454	0	4.25011953461e-05	0	0	0.000116878287202	0	0	0	0	0.000138128884875	0	6.37517930192e-05	8.50023906922e-05	0.000743770918557	0	0	0	0	0	0	0.000116878287202	0	3.18758965096e-05	0	0.000148754183711	0.000605642033682	0	2.12505976731e-05	0	0	0	2.12505976731e-05	0	0	0	0.00024438187324	0.00140253944642	0.0084364872762	0.000138128884875	0	0.000711895022047	0.000297508367423	0	0.000191255379058	0	0	0	0	0.000159379482548
0.00293258247888	0	0	0	0.00583328906125	0.00027625776975	0.0091908834936	0.000371885459279	0.00116878287202	0.00193380438825	0.00224193805451	0.00409074005206	0.0266163735855	0	0.00289008128354	0.00304946076608	0	0	0.00218881156033	0	0.0139616426712	0	0	0	0.00108378048133	0	0.00413324124741	1.06252988365e-05	0.00076502151623	0.00380385698348	0	0	0.000648143229028	4.25011953461e-05	0.00636455400308	0	0	0	0	0.000818148010413	1.06252988365e-05	0.00382510758115	0.000318758965096	0.000669393826701	0.00235881634171	0.00226318865218	0.00158316952664	0.00608829623333	0.00119003346969	0.000669393826701	8.50023906922e-05	0	0	0.000318758965096	2.12505976731e-05	0.00208255857196	0	0	0	0.0012219093662	0	2.12505976731e-05	0	0.000106252988365	0.00109440578016	0	0	1.06252988365e-05	0	0.0028794559847	0.000467513148807	1.06252988365e-05	0.00374010519046	0.000371885459279	0.00260319821495	0	1.06252988365e-05	0.000148754183711	0.000159379482548	0.00274132709982	0.000106252988365	0.00048876374648	0	0
0	4.25011953461e-05	0	0	6.37517930192e-05	0	0	5.31264941826e-05	0.000201880677894	1.06252988365e-05	0	0.00449450140785	0	0.015991074749	0.000180630080221	0	0	0	0	0	0.000106252988365	0	2.12505976731e-05	0	1.06252988365e-05	0.00473888328109	0.0039844870637	0.000722520320884	7.43770918557e-05	2.12505976731e-05	0	0.00374010519046	0.000318758965096	0	0.000382510758115	0	0.000116878287202	0	0	7.43770918557e-05	0	0.000116878287202	0	0	0.000127503586038	0	0.000563140838336	0.000127503586038	0.00675769006003	0	0	0	0	0.000382510758115	0	0.000127503586038	0	7.43770918557e-05	0	0.000148754183711	0.00328321734049	0.00218881156033	0.00388885937417	0	9.56276895288e-05	0	0.000584391436009	2.12505976731e-05	0	0.000361260160442	7.43770918557e-05	0.00193380438825	0.000446262551134	0	0	0	0.00048876374648	0	0.00102002868831	0.000191255379058	0	0	0	0.000478138447644
0.0211337193859	0	0.00126441056155	0	1.06252988365e-05	0.000170004781384	0.00517452053339	0.0169473516443	0.0199011847208	0	0.00906337990756	0.004420124316	0.00289008128354	0.000180630080221	0.0425543218403	1.06252988365e-05	0	0.00105190458482	0.00103065398714	0	0.00482388567178	0.00178505020454	0	0.00468575678691	0	1.06252988365e-05	0.00208255857196	0	0.00163629602083	0.0110928119853	0.00369760399511	0.00048876374648	0.00478138447644	0.00127503586038	0.00622642511821	0	0	0	0	1.06252988365e-05	0	0	0	0	1.06252988365e-05	0	0	1.06252988365e-05	0	0	0	0	0	0	0	1.06252988365e-05	0	0	0	1.06252988365e-05	0	0	0	0	0	0	0	0	0	0	1.06252988365e-05	0	0.00234819104287	3.18758965096e-05	0	0.000637517930192	3.18758965096e-05	0	0	0	0	0	0	0
0	0	0	0	0.000775646815067	0.00148754183711	0.00267757530681	0	0.000595016734846	0.00286883068586	0	0	0.00304946076608	0	1.06252988365e-05	0.0080858524146	0	0	0	0	0.000786272113903	0	0	0	0.00184880199756	0	0	0	0.000382510758115	8.50023906922e-05	0	0	0.000340009562769	0	0.000127503586038	0	0	0	0	8.50023906922e-05	0	0	0	0	0.000626892631355	0	0	0.000297508367423	0	0	0	0	0	0	0	0.000106252988365	0	0	0	0.000350634861605	0	0	0	2.12505976731e-05	0	0	0	0	0	0	0.000297508367423	0	0.000573766137173	0.000201880677894	0.00498326515433	0	0	0	0	0	0	0.000191255379058	0	0
0	0.000446262551134	0	0	0	0	0	0	0	0	0	0	0	0	0	0	0.0284545502842	0	0	0	0	0.00136003825108	0.0219624926951	0.00745895978324	0.0054401530043	0	2.12505976731e-05	0.0102002868831	0.00196568028476	0	0	0	0	0	0	0	0	0	0	0	0	0	0	0	0.00223131275567	0	0	0	0	0	0	0.00928651118313	0	0	0	0	0.00420761833927	0.0170217287361	0.00559953248685	0.00443074961483	0	0	0.000467513148807	0.00659831057748	0	0	0	0	0	0	0.0016575466185	0.00131753705573	1.06252988365e-05	0	0.000106252988365	0	0	7.43770918557e-05	0.000212505976731	4.25011953461e-05	0	0	0	0
0.00109440578016	0.000499389045317	0.00835148488551	0	0	0	0	0.00027625776975	9.56276895288e-05	0	0	0	0	0	0.00105190458482	0	0	0.0341815863571	0	0.00316633905329	0	0.00302821016841	0	0.01150719864	0	0	0.00388885937417	0.00710832492164	0.000892525102269	0.00226318865218	0.00612017212984	0	0	1.06252988365e-05	0.00857461616108	0	0.000403761355788	0	0	0	0	0	0	0	1.06252988365e-05	0	0	0	0	0	0	0	0.00272007650215	0	0.000393136056952	0	0	0	0	4.25011953461e-05	0	0.00298570897306	0.0017744249057	3.18758965096e-05	0	0	0	0	0	0	0.000669393826701	0.000371885459279	0.0020931838708	3.18758965096e-05	0	0	0	4.25011953461e-05	4.25011953461e-05	0	0	0	0	0
0.00116878287202	0	0	0	1.06252988365e-05	0	0.00148754183711	0.000510014344153	0	0	0.00128566115922	0.00493013866015	0.00218881156033	0	0.00103065398714	0	0	0	0.00604579503799	0.00076502151623	0.00275195239866	0	0	0	0	0	0.00498326515433	0	0.000191255379058	0.00114753227435	0	0	0	1.06252988365e-05	0.00416511714392	0	0	0	0	4.25011953461e-05	0	0	0	0	4.25011953461e-05	0	0	4.25011953461e-05	0	0	0	0	0	0	0	4.25011953461e-05	0	0	0	4.25011953461e-05	0	0	0	1.06252988365e-05	0	0	0	0	0	0	7.43770918557e-05	1.06252988365e-05	0.0031982149498	1.06252988365e-05	0	0	0	1.06252988365e-05	0	0	0	0	0	0
0	0	0.00027625776975	0	0	0	0	0	0	0	0	0.00295383307656	0	0	0	0	0	0.00316633905329	0.00076502151623	0.0122403442597	0	0.000626892631355	0	0.00120065876853	0	0	0.00638580460075	0.000935026297615	0.000595016734846	0	0	0	0	0	0.00814960420762	0	0	0	0	0	0	0	0	0	0	0	0	0	0	0	0	0	0.000265632470913	0	0.000233756574404	0	0	0	0	3.18758965096e-05	0	0.000456887849971	8.50023906922e-05	5.31264941826e-05	0	0	0	0	0	0	0.00104127928598	0.000839398608086	0.00558890718801	0.000116878287202	0	0	0	0.000127503586038	0.000201880677894	0	0	0	0	0
0.00502576634968	0	0	0	0.00872337034479	8.50023906922e-05	0.0074164585879	0.00238006693938	0.00167879721617	0.000223131275567	0.00567390957871	0.00489826276364	0.0139616426712	0.000106252988365	0.00482388567178	0.000786272113903	0	0	0.00275195239866	0	0.0237581681985	0	0	0	0.00048876374648	0	0.0048876374648	1.06252988365e-05	0.00333634383467	0.00489826276364	0	0	0.00146629123944	6.37517930192e-05	0.00802210062158	0	0	0	0	0.00365510279977	0	0.0020081814801	1.06252988365e-05	4.25011953461e-05	0.00170004781384	0.000106252988365	0.000956276895288	0.00270945120332	0.00127503586038	5.31264941826e-05	0	0	0	6.37517930192e-05	0	0.00419699304043	0	0	0	0.00206130797429	0	1.06252988365e-05	0	0	6.37517930192e-05	0	0	1.06252988365e-05	0	0.00212505976731	0.000329384263932	1.06252988365e-05	0.00464325559156	0.000308133666259	0.000340009562769	0	1.06252988365e-05	0.000265632470913	0.000148754183711	0.00217818626149	3.18758965096e-05	5.31264941826e-05	1.06252988365e-05	0
0.00350634861605	0	0.00170004781384	0	0	0	0	0.00704457312862	0.000382510758115	0	0	0.000414386654625	0	0	0.00178505020454	0	0.00136003825108	0.00302821016841	0	0.000626892631355	0	0.0467513148807	0.00102002868831	0.0220262444881	0.000456887849971	0	0.000881899803432	5.31264941826e-05	0.00797959942623	0.00103065398714	0.0152685544281	0	0	0.000584391436009	0.00558890718801	0	0	0	0	0	0	0	0	0	0.000212505976731	0	0	0	0	0	0	0	7.43770918557e-05	0	0	0	0.000191255379058	0.0012219093662	0.000318758965096	0.000669393826701	0	2.12505976731e-05	0.000414386654625	0.00126441056155	0	0	0	0	0	0	0.00207193327312	0.000350634861605	0.0098602773203	0.0012219093662	0.000871274504595	0	0	8.50023906922e-05	0.000308133666259	7.43770918557e-05	0.000116878287202	0	0	0
0	0.00658768527865	0	0	0	0	0	0	0	0.00519577113106	0	0	0	2.12505976731e-05	0	0	0.0219624926951	0	0	0	0	0.00102002868831	0.0493120119003	0.00787334643787	0.015597938692	0.00103065398714	0.00102002868831	0.0217181108219	0.00317696435212	0	0	0	0	0	0	0	0.000233756574404	0	0	0	0	0	0	0	0.00491951336131	0	0	0	0	0	0	0.0122403442597	0	0	1.06252988365e-05	0	0.00503639164852	0.0263401158158	0.00813897890878	0.00647080699145	0	1.06252988365e-05	0.00685331774956	0.0060776709345	0	0	0	0	0	0	4.25011953461e-05	0.000233756574404	0	0	0.000138128884875	0	0	0.00052063964299	0.000425011953461	0	4.25011953461e-05	3.18758965096e-05	0	0
0.00542952770547	0	0.0124741008341	0	0	0	0	0.00590766615311	0.00180630080221	0	0	5.31264941826e-05	0	0	0.00468575678691	0	0.00745895978324	0.01150719864	0	0.00120065876853	0	0.0220262444881	0.00787334643787	0.0768102852893	0	0	0.00530202411943	0.00712957551931	0.000106252988365	0.00324071614514	0.0100196568028	0	0	0.00127503586038	0.00595016734846	0	0	0	0	0	0	0	0	0	4.25011953461e-05	0	0	0	0	0	0	0.00473888328109	9.56276895288e-05	0	1.06252988365e-05	0	0.00336821973118	0.0111565637784	0.00579078786591	0.0013387876534	0	3.18758965096e-05	0.00703394782978	0.00459012909738	0	0	0	0	0	0	0.0144504064177	0.00153004303246	0.00816022950645	0.00156191892897	0.00109440578016	0	0	4.25011953461e-05	0	0.00024438187324	0.000106252988365	1.06252988365e-05	0	0
0	0.00484513626946	0	0	0.00109440578016	0.000255007172077	0	0.00079689741274	0	0.0152154279339	4.25011953461e-05	9.56276895288e-05	0.00108378048133	1.06252988365e-05	0	0.00184880199756	0.0054401530043	0	0	0	0.00048876374648	0.000456887849971	0.015597938692	0	0.0493757636934	0.000701269723211	0.00105190458482	0.00355947511024	0.0151516761409	0.000945651596451	0.000350634861605	0	0	0.000966902194124	0.00389948467301	0	9.56276895288e-05	0	0	0.000669393826701	8.50023906922e-05	1.06252988365e-05	0	0	0.0187005259523	0	0	0.00104127928598	7.43770918557e-05	0	0.000658768527865	0	1.06252988365e-05	2.12505976731e-05	4.25011953461e-05	5.31264941826e-05	5.31264941826e-05	0.0017744249057	0.00052063964299	0.0195505498592	0	4.25011953461e-05	0.000180630080221	0.00862774265526	0	0	0	0	0	5.31264941826e-05	0.0027625776975	0.000138128884875	0.00329384263932	0.00136003825108	0.00404823885672	4.25011953461e-05	0	0.00182755139988	0.00104127928598	0.000201880677894	0.000201880677894	0.000148754183711	0	0
0	0.00208255857196	0	0	0	0	0	0	5.31264941826e-05	0.000435637252298	0	0.00079689741274	0	0.00473888328109	1.06252988365e-05	0	0	0	0	0	0	0	0.00103065398714	0	0.000701269723211	0.0101684109866	0.00289008128354	0.00454762790203	0	0	0	1.06252988365e-05	4.25011953461e-05	0	0	0	0.00136003825108	0	0	0	0	0	0	0	6.37517930192e-05	0	2.12505976731e-05	0	0.0028794559847	0	0	0	0	0	0	0	0	8.50023906922e-05	0	8.50023906922e-05	0.00301758486957	0.00027625776975	0.00283695478935	0	0	0	0.000531264941826	0	0	0	0	0.000106252988365	0.000180630080221	0.000106252988365	0	0	0.000223131275567	0	0.000467513148807	0	0	0	0	3.18758965096e-05
0.00176379960686	0.00723582850768	0.00728895500186	0	0.000223131275567	0	0.00351697391489	0.00173192371035	0.000340009562769	0.000669393826701	0.00335759443234	0.0148966689688	0.00413324124741	0.0039844870637	0.00208255857196	0	2.12505976731e-05	0.00388885937417	0.00498326515433	0.00638580460075	0.0048876374648	0.000881899803432	0.00102002868831	0.00530202411943	0.00105190458482	0.00289008128354	0.10155660628	0.02885831164	0.00173192371035	0.00468575678691	0	0.00624767571588	0.000148754183711	0.000361260160442	0.0143122775328	0	0.0102109121819	0	0	0.000138128884875	0	0	0	0	0.000180630080221	0	0	9.56276895288e-05	0.00363385220209	0	0	0	0.000499389045317	0.00245444403124	0.00217818626149	0.000127503586038	0	0	0	0.000286883068586	0.00956276895288	0.0165329649896	0.0185836476651	0.000212505976731	0	0	3.18758965096e-05	0	0	1.06252988365e-05	0.0121659671678	0.00895712691919	0.0134303777294	0.00151941773362	0	0.000403761355788	0	0.000616267332519	0.000807522711576	1.06252988365e-05	0	0	0	0
0	0.0280932901238	0.00939276417149	0	0	0	0	1.06252988365e-05	0	0.00291133188121	0	1.06252988365e-05	1.06252988365e-05	0.000722520320884	0	0	0.0102002868831	0.00710832492164	0	0.000935026297615	1.06252988365e-05	5.31264941826e-05	0.0217181108219	0.00712957551931	0.00355947511024	0.00454762790203	0.02885831164	0.124549752962	0.000159379482548	3.18758965096e-05	0	0.000913775699942	0	0	0.00369760399511	0	0.0236944164055	1.06252988365e-05	0	1.06252988365e-05	0	0	0	0	5.31264941826e-05	0	0	0	0.001105031079	0	0	0.00969027253892	0.00142379004409	0.00140253944642	1.06252988365e-05	0	0.000733145619721	0.0266057482867	0.0141210221537	0.000456887849971	0.00691706954258	0.00503639164852	0.0535302555384	0.000616267332519	0	0	0	0	0	0.000159379482548	0.00535515061361	0.00138128884875	0.00216756096265	4.25011953461e-05	1.06252988365e-05	0	0	0.000626892631355	4.25011953461e-05	0.00103065398714	0.000371885459279	0	0	0
0.00156191892897	0	9.56276895288e-05	0	0.00779896934601	0.000191255379058	0.00468575678691	0.0278064070552	0.00448387610902	0.00206130797429	0.0111034372842	0.00100940338947	0.00076502151623	7.43770918557e-05	0.00163629602083	0.000382510758115	0.00196568028476	0.000892525102269	0.000191255379058	0.000595016734846	0.00333634383467	0.00797959942623	0.00317696435212	0.000106252988365	0.0151516761409	0	0.00173192371035	0.000159379482548	0.0745683472348	0.00187005259523	0.0072995803007	0	8.50023906922e-05	0.00259257291611	0.01059342294	0	0	0	0	0.0133347500398	0	0.000786272113903	0	1.06252988365e-05	0.0176698719651	1.06252988365e-05	0.000297508367423	0.00252882112309	0.000499389045317	1.06252988365e-05	0	0	7.43770918557e-05	1.06252988365e-05	4.25011953461e-05	0.00701269723211	4.25011953461e-05	0.000382510758115	0.000680019125538	0.0201243159964	0	6.37517930192e-05	0.000148754183711	0.0091908834936	1.06252988365e-05	0	0	0	0	0.000701269723211	0.00383573287999	0.000584391436009	0.0102321627796	0.00212505976731	0.00182755139988	7.43770918557e-05	0	0.00219943685916	0.00105190458482	0.000850023906922	0.000265632470913	2.12505976731e-05	0	0
0.00450512670669	0	0.00132816235457	0	0.000648143229028	2.12505976731e-05	0.00342134622536	0.018913031929	0.00213568506614	0	0.00784147054136	0.00534452531477	0.00380385698348	2.12505976731e-05	0.0110928119853	8.50023906922e-05	0	0.00226318865218	0.00114753227435	0	0.00489826276364	0.00103065398714	0	0.00324071614514	0.000945651596451	0	0.00468575678691	3.18758965096e-05	0.00187005259523	0.0416830473357	0.0139935185677	9.56276895288e-05	0.000658768527865	0.0170854805291	0.016054826542	0	0	0	0	2.12505976731e-05	0	0	0	0	2.12505976731e-05	0	0	0	1.06252988365e-05	0	0	0	0	0	0	1.06252988365e-05	0	0	0	4.25011953461e-05	0	0	0	2.12505976731e-05	0	0	0	0	0	1.06252988365e-05	0.00102002868831	1.06252988365e-05	0.00720395261117	0.00116878287202	1.06252988365e-05	0.000223131275567	0	6.37517930192e-05	1.06252988365e-05	1.06252988365e-05	0	0	0	0
0.00640705519843	0	0.00323009084631	0	0	0	0	0.0213356000638	0.00113690697551	0	0	0	0	0	0.00369760399511	0	0	0.00612017212984	0	0	0	0.0152685544281	0	0.0100196568028	0.000350634861605	0	0	0	0.0072995803007	0.0139935185677	0.0487169951655	0	0	0.0080858524146	0.004420124316	0	0	0	0	0	0	0	0	0	0	0	0	0	0	0	0	0	0	0	0	0	0	0	0	0	0	0	0	0	0	0	0	0	0	0	0	0	0.00164692131966	4.25011953461e-05	0	0	0	0	0	0	0	0	0	0
1.06252988365e-05	0	0	0	0	0	5.31264941826e-05	4.25011953461e-05	0.000329384263932	0	6.37517930192e-05	0.00269882590448	0	0.00374010519046	0.00048876374648	0	0	0	0	0	0	0	0	0	0	1.06252988365e-05	0.00624767571588	0.000913775699942	0	9.56276895288e-05	0	0.0077670934495	0.000456887849971	0	0.000531264941826	0	2.12505976731e-05	0	0	0	0	0	0	0	0	0	0	0	0.00229506454869	0	0	0	0	0.000711895022047	0	0	0	0	0	0	0.00213568506614	0.00197630558359	0.00327259204165	0	0	0	2.12505976731e-05	0	0	0	0	0.000881899803432	0.000743770918557	0	0	0.000350634861605	0	0	0.000318758965096	0	0	0	0	0
0.00195505498592	0	0	0	5.31264941826e-05	0.00272007650215	0.00166817191734	0.0005525155395	0.00486638686713	3.18758965096e-05	0.00172129841152	0.00246506933007	0.000648143229028	0.000318758965096	0.00478138447644	0.000340009562769	0	0	0	0	0.00146629123944	0	0	0	0	4.25011953461e-05	0.000148754183711	0	8.50023906922e-05	0.000658768527865	0	0.000456887849971	0.0104234181586	0	0.0034319715242	0	0	0	0	2.12505976731e-05	0	0	0	0	3.18758965096e-05	0	0	1.06252988365e-05	0	0	0	0	0	0	0	0	0	0	0	3.18758965096e-05	0	0	0	0	0	0	0	0	0	0	0.00215693566382	1.06252988365e-05	0.00233756574404	0.00109440578016	0.000924400998778	0.0025606970196	8.50023906922e-05	0	0	0	0	1.06252988365e-05	0	0
0.000297508367423	0	1.06252988365e-05	0	0	1.06252988365e-05	0.000265632470913	0.0165542155873	0.00194442968708	0	0.00197630558359	9.56276895288e-05	4.25011953461e-05	0	0.00127503586038	0	0	1.06252988365e-05	1.06252988365e-05	0	6.37517930192e-05	0.000584391436009	0	0.00127503586038	0.000966902194124	0	0.000361260160442	0	0.00259257291611	0.0170854805291	0.0080858524146	0	0	0.0198055570313	0.00902087871221	0	0	0	0	0	0	0	0	0	0	0	0	0	0	0	0	0	0	0	0	0	0	0	0	0	0	0	0	0	0	0	0	0	0	0	0.000669393826701	0	0.00400573766137	0.000903150401105	1.06252988365e-05	3.18758965096e-05	0	0	0	0	0	0	0	0
0.0024438187324	0	0.00107315518249	0	0.00103065398714	0.000308133666259	0.00531264941826	0.0136110078096	0.00326196674281	0	0.00924400998778	0.0178505020454	0.00636455400308	0.000382510758115	0.00622642511821	0.000127503586038	0	0.00857461616108	0.00416511714392	0.00814960420762	0.00802210062158	0.00558890718801	0	0.00595016734846	0.00389948467301	0	0.0143122775328	0.00369760399511	0.01059342294	0.016054826542	0.004420124316	0.000531264941826	0.0034319715242	0.00902087871221	0.060904212931	0	0	0	0	0.000138128884875	0	0	0	0	0.000127503586038	0	0	9.56276895288e-05	7.43770918557e-05	0	0	0	0.000467513148807	0	1.06252988365e-05	0.000127503586038	3.18758965096e-05	0	0.00027625776975	0.000170004781384	0	8.50023906922e-05	8.50023906922e-05	5.31264941826e-05	0	0	0	0	0	5.31264941826e-05	0.00228443924985	0.000255007172077	0.0275407745843	0.00251819582426	0.000265632470913	0.00147691653828	0	0.000116878287202	7.43770918557e-05	0.000138128884875	9.56276895288e-05	0	0	0
0	0	0	0	0	0	0	0	0	0	0	0	0	0	0	0	0	0	0	0	0	0	0	0	0	0	0	0	0	0	0	0	0	0	0	0.0278382829517	0	0	0	0.000658768527865	0	0.000499389045317	0.02118684588	0.00393136056952	0	0.0018913031929	0.00027625776975	0	0.000159379482548	0.0133347500398	0.000297508367423	0	0	0.000573766137173	0.00139191414759	4.25011953461e-05	0.00432449662647	0	0.00342134622536	0.000669393826701	0	9.56276895288e-05	0	0.0101896615842	0.0164798384955	0.00561015778569	0	0	0	0.00273070180099	0	0	0	0	0	0	0	0	7.43770918557e-05	0.00163629602083	0	0.000148754183711	0	0
0	0.0193274185836	0	0	0	0	0	0	0	0.000159379482548	0	4.25011953461e-05	0	0.000116878287202	0	0	0	0.000403761355788	0	0	0	0	0.000233756574404	0	9.56276895288e-05	0.00136003825108	0.0102109121819	0.0236944164055	0	0	0	2.12505976731e-05	0	0	0	0	0.0381979493173	0	0	0	0	0	0	0	0.00248631992775	0	3.18758965096e-05	0	0.000435637252298	0	0	0	0	0	0	0	0	0.0085214896669	0	0.00606704563566	0.00786272113903	0.00204005737661	0.0322052807735	0.000201880677894	0	0	0	0	0	0	0	0	0	0	0	0	0	0	0	1.06252988365e-05	0	0	0	4.25011953461e-05
0	0	0	0	0	0	0	0	0	0	0	0	0	0	0	0	0	0	0	0	0	0	0	0	0	0	0	1.06252988365e-05	0	0	0	0	0	0	0	0	0	0.021771237316	0	0	0	0	9.56276895288e-05	0.000233756574404	0	0	0	0	0	4.25011953461e-05	0	0	0.00379323168464	0	0	0	0.000733145619721	0	0.0085214896669	0	0	0.0113796950539	0.0135897572119	3.18758965096e-05	0	2.12505976731e-05	0	0	0	0	0	0	0	0	0	0	0	0	0	0	0	0	0	0
0	0	0	0	0	0	0	0	0	0	0	0	0	0	0	0	0	0	0	0	0	0	0	0	0	0	0	0	0	0	0	0	0	0	0	0	0	0	0	0	0	0	0	0	0	0	0	0	0	0	0	0	0	0	0	0	0	0	0	0	0	0	0	0	0	0	0	0	0	0	0	0	0	0	0	0	0	0	0	0	0	0	0	0
1.06252988365e-05	0	0	0	0.00787334643787	0	0.000170004781384	0.00436699782181	3.18758965096e-05	0.000775646815067	0.00141316474526	0.000116878287202	0.000818148010413	7.43770918557e-05	1.06252988365e-05	8.50023906922e-05	0	0	4.25011953461e-05	0	0.00365510279977	0	0	0	0.000669393826701	0	0.000138128884875	1.06252988365e-05	0.0133347500398	2.12505976731e-05	0	0	2.12505976731e-05	0	0.000138128884875	0.000658768527865	0	0	0	0.0332359347607	9.56276895288e-05	0.00102002868831	0.000711895022047	0.000733145619721	0.00990277851565	0.00705519842746	0.000414386654625	0.00296445837539	0.00052063964299	0.000223131275567	0.000308133666259	0	0	0.000265632470913	0.00115815757318	0.0194017956755	0	0	0	0.0159379482548	0	0.000265632470913	0	0.0127291080062	0.00142379004409	0	0	3.18758965096e-05	0	0.0045370026032	6.37517930192e-05	0	8.50023906922e-05	1.06252988365e-05	0.000233756574404	0	0	0.00127503586038	2.12505976731e-05	0.00320884024863	0.000456887849971	0.000159379482548	9.56276895288e-05	0
0	0	0	0	1.06252988365e-05	0	0	0	0	0	2.12505976731e-05	0	1.06252988365e-05	0	0	0	0	0	0	0	0	0	0	0	8.50023906922e-05	0	0	0	0	0	0	0	0	0	0	0	0	0	0	9.56276895288e-05	0.00451575200553	0.00117940817085	0	0.000371885459279	0.000510014344153	0	0	0.000340009562769	0	1.06252988365e-05	0.00179567550337	0	0	0	0	5.31264941826e-05	0	0	0	0.000212505976731	0	0	0	0	0.000201880677894	0	0	0.00212505976731	0	0.000116878287202	0	0	0	0	0	0	0	0.00027625776975	0	0.000393136056952	0.000180630080221	0.00150879243479	0.00102002868831	0
0	0	0	0	0.000616267332519	0	0	0.000499389045317	0	0	4.25011953461e-05	0	0.00382510758115	0.000116878287202	0	0	0	0	0	0	0.0020081814801	0	0	0	1.06252988365e-05	0	0	0	0.000786272113903	0	0	0	0	0	0	0.000499389045317	0	0	0	0.00102002868831	0.00117940817085	0.0263719917123	0.00249694522658	0.00913775699942	0.00079689741274	0.0130691175689	0.00281570419168	0.0109334325028	0.00297508367423	0.0039844870637	0.0053232747171	0	0	0.000616267332519	0.000669393826701	0.00420761833927	0	0	0	0.000839398608086	0	4.25011953461e-05	0	0.000754396217394	0.00312383785794	0	0	0.000871274504595	0	0.00702332253095	1.06252988365e-05	0	0	0	0	0	0	0.0020081814801	0.000297508367423	0.00657705997981	0.000414386654625	0.00335759443234	9.56276895288e-05	0
0	0	0	0	0.000106252988365	0	0	0	0	0	0	0	0.000318758965096	0	0	0	0	0	0	0	1.06252988365e-05	0	0	0	0	0	0	0	0	0	0	0	0	0	0	0.02118684588	0	9.56276895288e-05	0	0.000711895022047	0	0.00249694522658	0.07260266695	0.0175954948733	0	0.00678956595654	0.00048876374648	0.00140253944642	0.000212505976731	0.0200499389045	0.000265632470913	0	0.000127503586038	0.000913775699942	0.00196568028476	0.00219943685916	0.0113371938586	0	0.00748021038092	0.00334696913351	0	0.000212505976731	0.000116878287202	0.0379641927429	0.0141316474526	0.0120172129841	0	0	0.000626892631355	0.00583328906125	0	0	0	0	0	0	0	0.000148754183711	9.56276895288e-05	0.006109546831	0.000584391436009	0.000265632470913	0	0
0	0	0	0	0.000170004781384	0	0	0	0	0	5.31264941826e-05	0	0.000669393826701	0	0	0	0	0	0	0	4.25011953461e-05	0	0	0	0	0	0	0	1.06252988365e-05	0	0	0	0	0	0	0.00393136056952	0	0.000233756574404	0	0.000733145619721	0.000371885459279	0.00913775699942	0.0175954948733	0.0396323646603	0	0.00989215321681	0.00024438187324	0.00362322690326	0.00027625776975	0.0173298624024	0.00233756574404	0	0	0.000212505976731	0.000446262551134	0.00240131753706	0.00226318865218	0	0.00216756096265	2.12505976731e-05	0	1.06252988365e-05	7.43770918557e-05	0.00416511714392	0.00247569462891	0.00284758008819	0	0.000584391436009	0	0.00178505020454	0	0	0	0	0	0	0	0.00210380916963	0.000138128884875	0.00217818626149	0.000680019125538	0.00159379482548	0	8.50023906922e-05
1.06252988365e-05	0	0	0	0.0025606970196	0.000191255379058	0.000456887849971	0.00517452053339	7.43770918557e-05	0.00961589544706	0.000297508367423	0.000138128884875	0.00235881634171	0.000127503586038	1.06252988365e-05	0.000626892631355	0.00223131275567	1.06252988365e-05	4.25011953461e-05	0	0.00170004781384	0.000212505976731	0.00491951336131	4.25011953461e-05	0.0187005259523	6.37517930192e-05	0.000180630080221	5.31264941826e-05	0.0176698719651	2.12505976731e-05	0	0	3.18758965096e-05	0	0.000127503586038	0	0.00248631992775	0	0	0.00990277851565	0.000510014344153	0.00079689741274	0	0	0.0439037347925	1.06252988365e-05	0.000223131275567	0.00600329384264	0.000499389045317	0	0.00268820060564	0	1.06252988365e-05	2.12505976731e-05	5.31264941826e-05	0.00430324602879	0	0.00539765180896	0	0.037050417043	0.00139191414759	0.000148754183711	0.0017744249057	0.01397226797	0	0	0	0.000148754183711	0	0.0005525155395	0.000754396217394	5.31264941826e-05	0.000106252988365	2.12505976731e-05	0.00166817191734	0	0	0.00226318865218	0.00111565637784	0.000563140838336	4.25011953461e-05	0.00117940817085	0	0
0	0	0	0	0.000223131275567	0	0	0	0	0	1.06252988365e-05	0	0.00226318865218	0	0	0	0	0	0	0	0.000106252988365	0	0	0	0	0	0	0	1.06252988365e-05	0	0	0	0	0	0	0.0018913031929	0	0	0	0.00705519842746	0	0.0130691175689	0.00678956595654	0.00989215321681	1.06252988365e-05	0.0375498060883	0.00192317908941	0.00763958986346	0.00136003825108	0.00502576634968	0.00328321734049	0	0	0.000807522711576	0.00170004781384	0.0131009934654	0	0	0	0.000318758965096	0	0.000286883068586	0	0.00803272592042	0.00395261116719	0	0	1.06252988365e-05	0	0.00514264463688	0	0	0	0	0	0	0	5.31264941826e-05	0.000159379482548	0.00469638208575	0.000127503586038	0.000743770918557	0	0
0	0	0	0	0.000297508367423	0	0	0.000191255379058	0	0	1.06252988365e-05	6.37517930192e-05	0.00158316952664	0.000563140838336	0	0	0	0	0	0	0.000956276895288	0	0	0	0	2.12505976731e-05	0	0	0.000297508367423	0	0	0	0	0	0	0.00027625776975	3.18758965096e-05	0	0	0.000414386654625	0	0.00281570419168	0.00048876374648	0.00024438187324	0.000223131275567	0.00192317908941	0.0220262444881	0.00345322212187	0.00643893109494	0.000722520320884	2.12505976731e-05	0	0	0.0042182436381	0.00286883068586	0.00253944642193	6.37517930192e-05	0	5.31264941826e-05	0.000297508367423	0.00076502151623	0.0017744249057	0	0.000159379482548	0.00303883546725	3.18758965096e-05	0	0.00123253466504	0	0.0113265685597	0	0.000669393826701	0	0	0	0	0.000116878287202	0.000499389045317	0.00217818626149	0.00733145619721	0	1.06252988365e-05	0	0.00227381395102
1.06252988365e-05	0	0	0	0.00210380916963	0.000191255379058	0.000382510758115	0.000828773309249	4.25011953461e-05	0.000977527492961	0.000159379482548	8.50023906922e-05	0.00608829623333	0.000127503586038	1.06252988365e-05	0.000297508367423	0	0	4.25011953461e-05	0	0.00270945120332	0	0	0	0.00104127928598	0	9.56276895288e-05	0	0.00252882112309	0	0	0	1.06252988365e-05	0	9.56276895288e-05	0	0	0	0	0.00296445837539	0.000340009562769	0.0109334325028	0.00140253944642	0.00362322690326	0.00600329384264	0.00763958986346	0.00345322212187	0.0279657865377	0.00338947032885	0.00205068267545	0.00296445837539	0	0	0.00113690697551	0.000435637252298	0.0105827976412	0	0	0	0.00402698825904	0	3.18758965096e-05	0	0.000265632470913	0.0025606970196	0	0	0.00024438187324	0	0.00763958986346	0.000180630080221	0	0.000106252988365	1.06252988365e-05	0.00108378048133	0	0	0.00149816713595	0.000350634861605	0.00750146097859	0.000414386654625	0.0012219093662	0	0
0	0	0	0	0.000350634861605	0	0	0.000350634861605	0	0	0	0.000743770918557	0.00119003346969	0.00675769006003	0	0	0	0	0	0	0.00127503586038	0	0	0	7.43770918557e-05	0.0028794559847	0.00363385220209	0.001105031079	0.000499389045317	1.06252988365e-05	0	0.00229506454869	0	0	7.43770918557e-05	0.000159379482548	0.000435637252298	0	0	0.00052063964299	0	0.00297508367423	0.000212505976731	0.00027625776975	0.000499389045317	0.00136003825108	0.00643893109494	0.00338947032885	0.0235669128194	0.00120065876853	0	0	0	4.25011953461e-05	0	0.00211443446847	8.50023906922e-05	0.000106252988365	9.56276895288e-05	0.000605642033682	0.00601391914148	0.00245444403124	0.00558890718801	3.18758965096e-05	0.0037826063858	3.18758965096e-05	0.00128566115922	0.00128566115922	0	0.00695957073793	1.06252988365e-05	0.00149816713595	3.18758965096e-05	0	0	0	0.000382510758115	1.06252988365e-05	0.00571641077405	0.00665143707167	0	0	0	0.00266695000797
0	0	0	0	5.31264941826e-05	0	0	0	0	0	2.12505976731e-05	0	0.000669393826701	0	0	0	0	0	0	0	5.31264941826e-05	0	0	0	0	0	0	0	1.06252988365e-05	0	0	0	0	0	0	0.0133347500398	0	4.25011953461e-05	0	0.000223131275567	1.06252988365e-05	0.0039844870637	0.0200499389045	0.0173298624024	0	0.00502576634968	0.000722520320884	0.00205068267545	0.00120065876853	0.0362110184349	0.000754396217394	0	0	0.000116878287202	0.000127503586038	0.00076502151623	0.00396323646603	0	0.00284758008819	2.12505976731e-05	0	0	6.37517930192e-05	0.00762896456463	0.012282845455	0.00313446315678	0	2.12505976731e-05	0	0.00253944642193	0	0	0	0	0	0	0	0.000658768527865	0.000308133666259	0.00201880677894	0.000499389045317	0.000106252988365	0	2.12505976731e-05
0	0	0	0	0	0	0	0	0	0	0	0	8.50023906922e-05	0	0	0	0	0	0	0	0	0	0	0	0.000658768527865	0	0	0	0	0	0	0	0	0	0	0.000297508367423	0	0	0	0.000308133666259	0.00179567550337	0.0053232747171	0.000265632470913	0.00233756574404	0.00268820060564	0.00328321734049	2.12505976731e-05	0.00296445837539	0	0.000754396217394	0.00960527014822	0	0	5.31264941826e-05	0.000212505976731	7.43770918557e-05	0	0	0	0.00167879721617	0	1.06252988365e-05	0	9.56276895288e-05	0.000414386654625	0	0	0.000616267332519	0	0.000297508367423	2.12505976731e-05	0	0	0	0	0	0	7.43770918557e-05	0	0.000308133666259	0	0.00269882590448	4.25011953461e-05	0
0	0	0	0	0	0	0	0	0	0	0	0	0	0	0	0	0.00928651118313	0	0	0	0	0	0.0122403442597	0.00473888328109	0	0	0	0.00969027253892	0	0	0	0	0	0	0	0	0	0	0	0	0	0	0	0	0	0	0	0	0	0	0	0.0212080964777	0	0	0	0	0.00314508845561	0.0181586357116	0.00837273548319	0.00323009084631	0	0	0.00222068745683	0.00216756096265	0	0	0	0	0	0	3.18758965096e-05	0.000201880677894	0	0	0	0	0	0.000340009562769	0	0	0	0	0	0
0	0	8.50023906922e-05	0	0	0	0	0	0	0	0	0	0	0	0	0	0	0.00272007650215	0	0.000265632470913	0	7.43770918557e-05	0	9.56276895288e-05	1.06252988365e-05	0	0.000499389045317	0.00142379004409	7.43770918557e-05	0	0	0	0	0	0.000467513148807	0	0	0.00379323168464	0	0	0	0	0.000127503586038	0	1.06252988365e-05	0	0	0	0	0	0	0	0.0255750942995	1.06252988365e-05	0.00155129363013	0	0.00328321734049	0	0.0068639430484	0	0	0.00812835360995	0.00833023428784	0.000201880677894	0	1.06252988365e-05	0	0	0	0.00269882590448	0.000361260160442	0.000159379482548	0.000106252988365	0	9.56276895288e-05	0	0	0.000297508367423	0.000425011953461	0.00334696913351	0.000818148010413	0	0	0
0	0	0	0	7.43770918557e-05	0	0	0	0	0	0	0	0.000318758965096	0.000382510758115	0	0	0	0	0	0	6.37517930192e-05	0	0	0	2.12505976731e-05	0	0.00245444403124	0.00140253944642	1.06252988365e-05	0	0	0.000711895022047	0	0	0	0.000573766137173	0	0	0	0.000265632470913	0	0.000616267332519	0.000913775699942	0.000212505976731	2.12505976731e-05	0.000807522711576	0.0042182436381	0.00113690697551	4.25011953461e-05	0.000116878287202	5.31264941826e-05	0	1.06252988365e-05	0.0131753705573	0.00340009562769	0.00137066354991	1.06252988365e-05	0	3.18758965096e-05	8.50023906922e-05	0.000446262551134	0.00250757052542	0.000669393826701	0.000605642033682	0.000478138447644	0	0	0	0	0.00352759921373	3.18758965096e-05	3.18758965096e-05	0	0	0	0	0	0.00259257291611	0.00365510279977	0.00348509801838	0.000201880677894	3.18758965096e-05	0	0
0	0	0	0	0.000233756574404	0	0	0	0	0	6.37517930192e-05	0	2.12505976731e-05	0	0	0	0	0.000393136056952	0	0.000233756574404	0	0	1.06252988365e-05	1.06252988365e-05	4.25011953461e-05	0	0.00217818626149	1.06252988365e-05	4.25011953461e-05	0	0	0	0	0	1.06252988365e-05	0.00139191414759	0	0	0	0.00115815757318	0	0.000669393826701	0.00196568028476	0.000446262551134	5.31264941826e-05	0.00170004781384	0.00286883068586	0.000435637252298	0	0.000127503586038	0.000212505976731	0	0.00155129363013	0.00340009562769	0.0257557243797	0.00171067311268	6.37517930192e-05	0	0.000860649205759	0.000318758965096	2.12505976731e-05	0.00895712691919	0.000138128884875	0.00258194761728	0.0020931838708	0	0	0	0	0.0101684109866	0.000233756574404	8.50023906922e-05	1.06252988365e-05	0	0	0	0	0.00464325559156	0.00348509801838	0.0105509217447	0.000966902194124	0.000106252988365	0	0
1.06252988365e-05	0	0	0	0.00705519842746	9.56276895288e-05	0.000223131275567	0.00208255857196	0	0.000170004781384	0.000913775699942	0.000116878287202	0.00208255857196	0.000127503586038	1.06252988365e-05	0.000106252988365	0	0	4.25011953461e-05	0	0.00419699304043	0	0	0	5.31264941826e-05	0	0.000127503586038	0	0.00701269723211	1.06252988365e-05	0	0	0	0	0.000127503586038	4.25011953461e-05	0	0	0	0.0194017956755	5.31264941826e-05	0.00420761833927	0.00219943685916	0.00240131753706	0.00430324602879	0.0131009934654	0.00253944642193	0.0105827976412	0.00211443446847	0.00076502151623	7.43770918557e-05	0	0	0.00137066354991	0.00171067311268	0.0318015194177	0	0	0	0.00615204802635	0	0.00027625776975	0	0.00346384742071	0.00128566115922	0	0	7.43770918557e-05	0	0.00752271157626	0	0	7.43770918557e-05	0	0.00027625776975	0	0	0.00128566115922	0.000148754183711	0.00672581416352	0.000201880677894	4.25011953461e-05	3.18758965096e-05	0
