0.0152847175502	3.02368299707e-05	0.00173861772332	0	1.51184149854e-05	0.00019653939481	0.000173861772332	0.00556735631836	0.00278178835731	0.00160255198845	0.000536703731981	0.000181420979824	0.0001549637536	4.91348487025e-05	0.010325877435	0.000215437413542	2.26776224781e-05	0.00195783474061	0.000241894639766	0.00222996621034	2.26776224781e-05	2.26776224781e-05	0.000691667485581	0.000173861772332	0.000442213638322	0	0.00252099569881	8.31512824196e-05	0.00106962786022	0.00557113592211	0.00294053171466	3.77960374634e-06	0.000200318998556	6.42532636878e-05	0.000706785900566	3.40164337171e-05	6.04736599415e-05	3.77960374634e-06	0	0	0	3.40164337171e-05	3.02368299707e-05	3.77960374634e-05	0.000109608508644	0	1.51184149854e-05	3.77960374634e-06	0	3.02368299707e-05	0	0.000328825525932	0	3.77960374634e-06	0	0	0.000249453847259	0.000986476577796	0.000389299185873	2.64572262244e-05	1.1338811239e-05	8.69308861659e-05	0.000102049301151	0.000200318998556	4.91348487025e-05	0.0001549637536	0	3.77960374634e-06	3.77960374634e-06	0.000177641376078	7.18124711805e-05	3.40164337171e-05	0.000275911073483	0.000162522961093	1.51184149854e-05	0.000105828904898	0	0.000461111657054	1.88980187317e-05	8.31512824196e-05	1.1338811239e-05	0	7.55920749269e-06	0
3.02368299707e-05	0.0220728858786	0.00382873859505	0	0.000109608508644	0	7.55920749269e-06	0.00019653939481	9.07104899122e-05	0.00564294839329	0.000166302564839	0.000139845338615	3.02368299707e-05	0.000162522961093	7.93716786732e-05	7.55920749269e-06	0.000362841959649	0.00143624942361	4.91348487025e-05	0.00081639440921	0.000105828904898	0.000143624942361	0.00701494455321	0.00100537459653	0.00484545200281	0.000944900936586	0.00243406481265	0.0125482844379	0.000381739978381	0.000136065734868	6.80328674342e-05	0	0	3.77960374634e-06	0.00106206865272	1.1338811239e-05	0.00979295330678	0.00118679557635	0	0	0	3.77960374634e-06	0	4.15756412098e-05	3.02368299707e-05	0	2.26776224781e-05	0	0.000117167716137	4.91348487025e-05	0	0	0.000861749654166	1.1338811239e-05	0.000328825525932	0	2.64572262244e-05	0.000102049301151	0.0001549637536	3.77960374634e-05	0.00023811503602	0.00149294347981	0.00775196728375	1.1338811239e-05	6.04736599415e-05	1.51184149854e-05	7.55920749269e-06	0	0	0.000411976808351	0.00312951190197	0.00070300629682	0.00141735140488	0.000109608508644	0	2.26776224781e-05	7.55920749269e-05	0.000631193825639	6.04736599415e-05	0.00050646690201	0.000468670864547	0	5.29144524488e-05	2.64572262244e-05
0.00173861772332	0.00382873859505	0.0532848536159	0	7.18124711805e-05	3.77960374634e-06	0.000105828904898	0.00478119873912	0.0035641663328	0.000570720165698	0.0009297825216	0.00023811503602	5.66940561951e-05	2.26776224781e-05	0.0036699952377	1.1338811239e-05	0.000634973429386	0.0110742389768	3.77960374634e-05	0.00123593042505	0.000226776224781	0.000801275994225	0.000956239747825	0.0182781637173	0.00106962786022	0	0.0132890867721	0.0124046594955	0.00413110689475	0.000718124711805	0.0015005026873	0	3.77960374634e-06	7.55920749269e-06	0.00137955536742	1.51184149854e-05	0.00511002426506	0.00891608523762	0	1.1338811239e-05	0	3.77960374634e-06	0	1.51184149854e-05	5.66940561951e-05	3.77960374634e-06	2.64572262244e-05	1.51184149854e-05	2.64572262244e-05	3.77960374634e-05	0	0.000188980187317	0.00316730793944	1.51184149854e-05	0.00201830840055	1.51184149854e-05	0.000317486714693	0.000525364920742	0.00188980187317	7.93716786732e-05	8.31512824196e-05	0.00749873383274	0.00439189955325	0.000128506527376	5.29144524488e-05	5.29144524488e-05	0	0	0	0.000359062355903	0.0040290575936	0.00191247949565	0.00200696958931	0.00026835186599	3.77960374634e-06	4.15756412098e-05	2.64572262244e-05	0.000684108278088	8.69308861659e-05	0.000291029488468	0.000188980187317	1.1338811239e-05	4.53552449561e-05	7.55920749269e-06
0	0	0	0	0	0	0	0	0	0	0	0	0	0	0	0	0	0	0	0	0	0	0	0	0	0	0	0	0	0	0	0	0	0	0	0	0	0	0	0	0	0	0	0	0	0	0	0	0	0	0	0	0	0	0	0	0	0	0	0	0	0	0	0	0	0	0	0	0	0	0	0	0	0	0	0	0	0	0	0	0	0	0	0
1.51184149854e-05	0.000109608508644	7.18124711805e-05	0	0.015794964056	1.88980187317e-05	0.000120947319883	0.000918443710361	0.00026835186599	0.00370779127516	0.00342054139044	6.42532636878e-05	0.00139089417865	3.77960374634e-06	0.000102049301151	0.000835292427942	3.77960374634e-06	1.51184149854e-05	1.51184149854e-05	3.77960374634e-05	0.0028951764697	0	0.00011338811239	2.26776224781e-05	0.00605870480539	0	6.04736599415e-05	0.000143624942361	0.00510624466131	0.000143624942361	0	0	2.26776224781e-05	4.53552449561e-05	0.000200318998556	4.91348487025e-05	1.51184149854e-05	2.64572262244e-05	0	0.00292919290342	0	0.000374180770888	7.55920749269e-06	0.000430874827083	0.000846631239181	7.18124711805e-05	2.64572262244e-05	0.00187846306193	0	0.000321266318439	3.77960374634e-06	0	2.26776224781e-05	1.1338811239e-05	3.77960374634e-06	0.00318242635442	1.1338811239e-05	4.15756412098e-05	2.26776224781e-05	0.00152318030978	3.77960374634e-06	4.15756412098e-05	1.51184149854e-05	4.91348487025e-05	0.000377960374634	3.77960374634e-05	0	9.44900936586e-05	3.77960374634e-06	0.000487568883278	0.000385519582127	0.000173861772332	0.000498907694517	0.000306147903454	0.000480009675786	7.55920749269e-05	3.77960374634e-06	0.000608516203161	3.77960374634e-06	0.000453552449561	6.04736599415e-05	3.77960374634e-06	0.000132286131122	0
0.00019653939481	0	3.77960374634e-06	0	1.88980187317e-05	0.00740046413534	0.00272887390486	0.000434654430829	0.00261170618872	0.000151184149854	0.00189358147692	1.88980187317e-05	0.00145892704609	2.26776224781e-05	0.000642532636878	0.00184066702447	0	0	7.55920749269e-06	1.51184149854e-05	0.00102427261526	1.1338811239e-05	7.55920749269e-06	1.1338811239e-05	1.51184149854e-05	0	1.1338811239e-05	3.77960374634e-06	0.000279690677229	4.53552449561e-05	1.1338811239e-05	0	0.00518939594373	0	0.000321266318439	7.55920749269e-06	0	7.55920749269e-06	0	4.15756412098e-05	3.77960374634e-06	0.000132286131122	1.51184149854e-05	3.77960374634e-05	2.26776224781e-05	1.51184149854e-05	8.31512824196e-05	4.91348487025e-05	0	4.91348487025e-05	0	0	3.77960374634e-06	4.91348487025e-05	0	3.02368299707e-05	7.55920749269e-06	7.55920749269e-06	7.55920749269e-06	0.000120947319883	0	4.53552449561e-05	3.77960374634e-06	2.26776224781e-05	0.000173861772332	1.51184149854e-05	0	2.26776224781e-05	0	0.000230555828527	0.00019653939481	4.15756412098e-05	0.000294809092215	0.000109608508644	0.000895766087883	0.00270241667864	0	0.000117167716137	0	0.000177641376078	6.80328674342e-05	0	1.51184149854e-05	0
0.000173861772332	7.55920749269e-06	0.000105828904898	0	0.000120947319883	0.00272887390486	0.0407327895743	0.00931294363099	0.0161162303744	0.00140601259364	0.0207613633787	0.000582058976937	0.0120002418946	0.000105828904898	0.0019653939481	0.00158365396972	3.40164337171e-05	3.40164337171e-05	9.07104899122e-05	7.18124711805e-05	0.00571098126072	0	0.00011338811239	2.64572262244e-05	0.000627414221893	0	0.000185200583571	2.26776224781e-05	0.00430874827083	0.000676549070595	7.55920749269e-06	0	0.00199941038182	3.77960374634e-06	0.000737022730537	0.000128506527376	1.51184149854e-05	4.91348487025e-05	0	0.000336384733425	0	0.000782377975493	0.000109608508644	0.000381739978381	0.000389299185873	9.07104899122e-05	0.000120947319883	0.000173861772332	1.1338811239e-05	0.000359062355903	7.18124711805e-05	7.18124711805e-05	5.66940561951e-05	7.93716786732e-05	0	0.00011338811239	3.77960374634e-05	7.93716786732e-05	0.000102049301151	0.0011338811239	0	4.91348487025e-05	1.1338811239e-05	0.000136065734868	0.000517805713249	5.66940561951e-05	0	5.66940561951e-05	0	0.000642532636878	0.00104317063399	0.000279690677229	0.00243784441639	0.000721904315552	0.000476230072039	0.00160255198845	0	0.000767259560508	0	0.000532924128234	0.000120947319883	0.00011338811239	6.04736599415e-05	0
0.00556735631836	0.00019653939481	0.00478119873912	0	0.000918443710361	0.000434654430829	0.00931294363099	0.0775801464974	0.0173634996107	0.00534813930108	0.0294242151653	0.00166680525214	0.00231311749276	0.000102049301151	0.0151108557779	0.00117167716137	2.64572262244e-05	0.00356038672906	0.00026835186599	0.00233579511524	0.000668989863103	0.000850410842927	0.000869308861659	0.0050646690201	0.00301612378958	1.1338811239e-05	0.00449772845815	0.000483789279532	0.0322664771825	0.00809213162092	0.00963798955318	0	0.000498907694517	0.000151184149854	0.00605492520164	0.000139845338615	0.000260792658498	2.26776224781e-05	0	0.00294053171466	0	0.00165924604464	0.000136065734868	0.000922223314108	0.00323912041062	0.000287249884722	0.000181420979824	0.000264572262244	1.51184149854e-05	0.000687887881834	2.64572262244e-05	0.000245674243512	2.64572262244e-05	9.44900936586e-05	1.88980187317e-05	0.000884427276644	0.000445993242069	0.000839072031688	0.000604736599415	0.00524608999992	6.42532636878e-05	0.000151184149854	0.000328825525932	0.000445993242069	0.000884427276644	0.000374180770888	0	0.000226776224781	0	0.00123593042505	0.00198051236308	0.000328825525932	0.00895388127509	0.00425961342213	0.000204098602303	0.00120191399134	1.51184149854e-05	0.00165168683715	4.53552449561e-05	0.00127372646252	0.000264572262244	7.18124711805e-05	0.000404417600859	0
0.00278178835731	9.07104899122e-05	0.0035641663328	0	0.00026835186599	0.00261170618872	0.0161162303744	0.0173634996107	0.0513950517428	0.00298588695961	0.0198353604608	0.002071222853	0.00403283719735	0.000279690677229	0.0195254329536	0.00178019336453	3.40164337171e-05	0.00133420012246	0.000634973429386	0.00121325280258	0.00567318522326	7.55920749269e-05	0.000975137766557	0.0018595650432	0.00127750606626	3.77960374634e-06	0.00315974873194	0.000170082168585	0.00741558255033	0.00434276470455	0.000442213638322	3.77960374634e-06	0.0027402127161	8.69308861659e-05	0.00297454814837	0.000207878206049	0.000109608508644	6.42532636878e-05	0	0.000185200583571	0	0.000926002917854	0.000128506527376	0.000691667485581	0.00058961818443	0.000374180770888	0.000241894639766	0.000245674243512	1.88980187317e-05	0.000793716786732	7.93716786732e-05	0.000570720165698	9.07104899122e-05	0.000143624942361	7.55920749269e-06	0.000117167716137	0.000366621563395	0.00110742389768	0.00074458193803	0.00127372646252	1.51184149854e-05	0.0001549637536	0.000151184149854	0.000389299185873	0.00102049301151	0.000381739978381	0	0.000192759791064	3.77960374634e-06	0.00120191399134	0.0020636636455	0.000359062355903	0.00951704223329	0.00343943940917	0.00111120350142	0.00285738043224	3.40164337171e-05	0.00154585793225	3.02368299707e-05	0.00106584825647	0.000283470280976	9.44900936586e-05	0.000253233451005	0
0.00160255198845	0.00564294839329	0.000570720165698	0	0.00370779127516	0.000151184149854	0.00140601259364	0.00534813930108	0.00298588695961	0.0508621276145	0.00344321901292	0.000226776224781	0.00468670864547	0.000291029488468	0.0023735911527	0.00471316587169	0.00198807157058	0.000653871448117	0.000143624942361	0.00066143065561	0.000994035785288	0.000680328674342	0.018342416981	0.000627414221893	0.0227758921755	0.000631193825639	0.00165924604464	0.00351125188035	0.0164790723341	0.00372290969015	0.0034583374279	0	0.00011338811239	0.000823953616703	0.00128506527376	0.000797496390478	0.00105072984148	0.000136065734868	0	0.00210901889046	3.77960374634e-06	0.0013946737824	0.000385519582127	0.0012888448775	0.00763479956761	0.00023811503602	9.82696974049e-05	0.000495128090771	4.91348487025e-05	0.00141735140488	0.000139845338615	0.00364353801147	7.55920749269e-05	3.77960374634e-05	0.000105828904898	0.00058961818443	0.00327691644808	0.012680570569	0.00488324804028	0.00565050760078	6.04736599415e-05	0.000960019351571	0.00162145000718	0.00363597880398	0.0013946737824	0.00178397296827	7.55920749269e-06	0.000207878206049	4.53552449561e-05	0.00279690677229	0.0045997777593	0.000827733220449	0.00296320933713	0.00195027553311	0.00185578543945	0.000419536015844	9.82696974049e-05	0.00541995177226	0.000177641376078	0.00218839056913	0.000461111657054	0.000321266318439	0.000385519582127	7.55920749269e-06
0.000536703731981	0.000166302564839	0.0009297825216	0	0.00342054139044	0.00189358147692	0.0207613633787	0.0294242151653	0.0198353604608	0.00344321901292	0.0766087883346	0.00429740945959	0.00873844386155	0.0001549637536	0.00591130025928	0.000831512824196	7.55920749269e-06	0.00102049301151	0.000994035785288	0.00305769943079	0.0128808895675	7.93716786732e-05	0.000124726923629	0.000937341729093	0.0011905751801	1.88980187317e-05	0.0021694925504	0.000850410842927	0.01424532652	0.00692801366705	6.42532636878e-05	7.55920749269e-06	0.00201074919305	0.00011338811239	0.00861749654166	4.53552449561e-05	0.000257013054751	5.66940561951e-05	0	0.00448638964691	3.77960374634e-06	0.00180665059075	0.000215437413542	0.000370401167142	0.00403661680109	0.000317486714693	3.77960374634e-05	0.00100159499278	1.1338811239e-05	0.000192759791064	1.1338811239e-05	3.77960374634e-05	5.66940561951e-05	1.1338811239e-05	4.15756412098e-05	0.00150428229104	0	6.04736599415e-05	5.29144524488e-05	0.00693179327079	8.69308861659e-05	0.000151184149854	0.000253233451005	0.000291029488468	0.0003099275072	4.53552449561e-05	0	6.80328674342e-05	0	0.000400637997112	0.0024302852089	0.00122837121756	0.0128657711526	0.00535191890482	0.000332605129678	0.00137955536742	2.64572262244e-05	0.000340164337171	3.40164337171e-05	0.000374180770888	9.07104899122e-05	1.1338811239e-05	9.07104899122e-05	0
0.000181420979824	0.000139845338615	0.00023811503602	0	6.42532636878e-05	1.88980187317e-05	0.000582058976937	0.00166680525214	0.002071222853	0.000226776224781	0.00429740945959	0.0313820499059	0.00110364429393	0.00253989371754	0.00123215082131	4.91348487025e-05	1.51184149854e-05	0.00185578543945	0.00705274059068	0.00878001950276	0.0024794200576	0.000374180770888	8.31512824196e-05	0.000241894639766	0.000185200583571	0.000287249884722	0.00877246029526	0.00167058485588	0.000850410842927	0.00315974873194	0.000204098602303	0.000514026109503	2.64572262244e-05	1.1338811239e-05	0.0114975545964	1.51184149854e-05	0.000219217017288	1.88980187317e-05	0	7.55920749269e-06	0	8.31512824196e-05	1.88980187317e-05	0.000105828904898	1.51184149854e-05	1.51184149854e-05	2.64572262244e-05	3.77960374634e-05	0.000944900936586	0.000105828904898	1.51184149854e-05	3.77960374634e-06	8.31512824196e-05	1.1338811239e-05	5.29144524488e-05	1.51184149854e-05	1.51184149854e-05	1.51184149854e-05	4.91348487025e-05	8.69308861659e-05	0.000260792658498	0.000188980187317	0.000313707110946	4.53552449561e-05	0.000173861772332	1.1338811239e-05	9.44900936586e-05	4.53552449561e-05	0	0.000192759791064	0.00426339302588	0.00642532636878	0.0148689611381	0.00089954569163	9.07104899122e-05	0.000306147903454	0.00113766072765	0.000317486714693	0.000257013054751	0.000275911073483	0.000128506527376	4.15756412098e-05	5.29144524488e-05	2.26776224781e-05
0.0001549637536	3.02368299707e-05	5.66940561951e-05	0	0.00139089417865	0.00145892704609	0.0120002418946	0.00231311749276	0.00403283719735	0.00468670864547	0.00873844386155	0.00110364429393	0.0284793142287	8.69308861659e-05	0.00144758823485	0.00384007740628	1.1338811239e-05	1.51184149854e-05	0.000283470280976	0.000264572262244	0.0123441858356	0	8.31512824196e-05	2.26776224781e-05	0.00338652495672	0	0.000434654430829	0.000162522961093	0.00234713392648	0.0010356114265	0.000366621563395	0	0.00143624942361	0.000200318998556	0.00160255198845	1.1338811239e-05	5.29144524488e-05	1.51184149854e-05	0	0.000257013054751	0	9.82696974049e-05	3.77960374634e-06	6.80328674342e-05	0.000676549070595	4.53552449561e-05	1.1338811239e-05	0.00023811503602	3.77960374634e-06	3.40164337171e-05	6.04736599415e-05	0	7.55920749269e-06	0	3.77960374634e-06	7.55920749269e-05	0	3.02368299707e-05	2.26776224781e-05	0.000427095223337	3.77960374634e-06	2.26776224781e-05	5.29144524488e-05	3.02368299707e-05	5.66940561951e-05	1.1338811239e-05	0	3.40164337171e-05	0	0.000162522961093	0.00109986469019	0.000396858393366	0.00323534080687	0.00115655874638	0.000627414221893	0.000782377975493	3.77960374634e-06	0.000257013054751	0	0.000173861772332	2.26776224781e-05	0.000166302564839	4.91348487025e-05	0
4.91348487025e-05	0.000162522961093	2.26776224781e-05	0	3.77960374634e-06	2.26776224781e-05	0.000105828904898	0.000102049301151	0.000279690677229	0.000291029488468	0.0001549637536	0.00253989371754	8.69308861659e-05	0.0123857614768	0.000370401167142	7.55920749269e-06	3.77960374634e-06	5.66940561951e-05	6.04736599415e-05	0.000143624942361	6.04736599415e-05	1.51184149854e-05	0.000128506527376	1.1338811239e-05	9.07104899122e-05	0.0035641663328	0.00139845338615	0.00144002902736	5.29144524488e-05	0.000215437413542	3.77960374634e-06	0.000377960374634	3.02368299707e-05	0	0.000861749654166	3.77960374634e-06	0.000185200583571	2.26776224781e-05	0	0	0	1.88980187317e-05	0	9.82696974049e-05	3.77960374634e-06	3.77960374634e-06	0.000483789279532	1.51184149854e-05	0.00399504115988	8.69308861659e-05	1.1338811239e-05	0	7.55920749269e-06	7.55920749269e-06	1.1338811239e-05	1.1338811239e-05	0	2.64572262244e-05	3.02368299707e-05	1.51184149854e-05	0.00282336399852	0.000264572262244	0.000593397788176	7.55920749269e-06	0.000264572262244	1.1338811239e-05	0.000385519582127	1.88980187317e-05	0	0.000415756412098	0.000226776224781	0.00170838089335	0.00108852587895	0.00039307878962	7.55920749269e-06	0.000340164337171	0.0013455389337	0.000120947319883	0.000944900936586	0.000529144524488	0.000366621563395	1.88980187317e-05	1.88980187317e-05	0.000461111657054
0.010325877435	7.93716786732e-05	0.0036699952377	0	0.000102049301151	0.000642532636878	0.0019653939481	0.0151108557779	0.0195254329536	0.0023735911527	0.00591130025928	0.00123215082131	0.00144758823485	0.000370401167142	0.040097816145	0.000408197204605	4.53552449561e-05	0.00254745292504	0.000257013054751	0.00210901889046	0.00203720641928	8.31512824196e-05	0.000956239747825	0.000956239747825	0.00054804254322	0	0.00410464966853	7.18124711805e-05	0.0032542388256	0.0083680426944	0.00256635094377	3.77960374634e-06	0.00107340746396	2.64572262244e-05	0.00258902856625	6.42532636878e-05	0.000117167716137	2.26776224781e-05	0	2.26776224781e-05	0	0.000287249884722	4.91348487025e-05	0.000370401167142	0.000411976808351	0.000185200583571	6.04736599415e-05	0.000136065734868	7.55920749269e-06	0.000340164337171	3.77960374634e-05	0.000389299185873	1.88980187317e-05	1.88980187317e-05	3.77960374634e-06	1.1338811239e-05	0.000495128090771	0.00121325280258	0.00070300629682	0.000283470280976	7.55920749269e-06	0.000117167716137	0.000147404546107	0.000427095223337	0.000404417600859	0.000385519582127	0	0.000128506527376	7.55920749269e-06	0.000521585316995	0.00146270664983	0.000181420979824	0.00469426785296	0.00174239732706	0.000884427276644	0.000672769466849	1.51184149854e-05	0.000763479956761	3.02368299707e-05	0.000529144524488	0.000128506527376	3.40164337171e-05	0.000188980187317	0
0.000215437413542	7.55920749269e-06	1.1338811239e-05	0	0.000835292427942	0.00184066702447	0.00158365396972	0.00117167716137	0.00178019336453	0.00471316587169	0.000831512824196	4.91348487025e-05	0.00384007740628	7.55920749269e-06	0.000408197204605	0.00898033850131	7.55920749269e-06	1.1338811239e-05	2.26776224781e-05	3.02368299707e-05	0.000551822146966	1.1338811239e-05	7.18124711805e-05	1.88980187317e-05	0.00295565012964	0	1.51184149854e-05	3.77960374634e-06	0.0013455389337	0.000612295806908	0.000468670864547	0	0.00122081201007	0.000419536015844	0.000396858393366	3.77960374634e-06	3.02368299707e-05	3.77960374634e-06	0	7.93716786732e-05	0	1.88980187317e-05	3.77960374634e-06	3.40164337171e-05	0.000200318998556	0	5.29144524488e-05	7.55920749269e-06	0	1.51184149854e-05	0	0	0	3.02368299707e-05	0	0	3.77960374634e-06	3.02368299707e-05	1.1338811239e-05	0.000162522961093	0	3.02368299707e-05	3.77960374634e-05	2.26776224781e-05	0.000102049301151	7.55920749269e-06	0	2.26776224781e-05	0	0.000166302564839	0.00019653939481	3.40164337171e-05	0.000752141145522	0.000600956995669	0.00273643311235	0.00157231515848	0	9.07104899122e-05	0	0.000132286131122	1.88980187317e-05	3.77960374634e-06	3.77960374634e-05	0
2.26776224781e-05	0.000362841959649	0.000634973429386	0	3.77960374634e-06	0	3.40164337171e-05	2.64572262244e-05	3.40164337171e-05	0.00198807157058	7.55920749269e-06	1.51184149854e-05	1.1338811239e-05	3.77960374634e-06	4.53552449561e-05	7.55920749269e-06	0.0251494833282	9.44900936586e-05	1.88980187317e-05	2.26776224781e-05	7.55920749269e-06	0.0034092025792	0.0114408605402	0.00571098126072	0.00926380878229	0	0.000166302564839	0.00738534572035	0.0083756019019	0.0001549637536	0.000483789279532	3.77960374634e-06	3.77960374634e-06	2.26776224781e-05	0.000207878206049	0	0.000158743357346	0.000272131469737	0	0	0	0	0	0	3.77960374634e-06	0	3.77960374634e-06	0	7.55920749269e-06	0	0	0.00219217017288	3.77960374634e-06	0	3.77960374634e-06	0	0.000918443710361	0.00450906726939	0.0028951764697	2.64572262244e-05	1.1338811239e-05	5.66940561951e-05	0.00136443695243	7.55920749269e-05	0	0	0	0	0	3.77960374634e-06	0.00298966656336	0.00156475595099	0.00019653939481	9.07104899122e-05	0	4.15756412098e-05	1.51184149854e-05	5.66940561951e-05	2.64572262244e-05	1.88980187317e-05	2.26776224781e-05	1.51184149854e-05	7.55920749269e-06	0
0.00195783474061	0.00143624942361	0.0110742389768	0	1.51184149854e-05	0	3.40164337171e-05	0.00356038672906	0.00133420012246	0.000653871448117	0.00102049301151	0.00185578543945	1.51184149854e-05	5.66940561951e-05	0.00254745292504	1.1338811239e-05	9.44900936586e-05	0.0332416149491	0.000718124711805	0.012366863458	0.0004648912608	0.00190492028816	0.000642532636878	0.00955105866701	0.000627414221893	0	0.00754786868145	0.00314463031696	0.00337140654174	0.00154585793225	0.0045506429106	1.1338811239e-05	0	3.02368299707e-05	0.00798630271602	1.88980187317e-05	0.00223374581409	0.000102049301151	0	0	0	7.55920749269e-06	0	1.51184149854e-05	1.51184149854e-05	0	3.02368299707e-05	3.77960374634e-06	1.1338811239e-05	3.77960374634e-05	3.77960374634e-06	6.04736599415e-05	0.00161767040343	2.26776224781e-05	0.00158365396972	3.77960374634e-06	0.000105828904898	0.000170082168585	0.000158743357346	1.51184149854e-05	0.000260792658498	0.00220728858786	0.00159499278096	1.1338811239e-05	4.91348487025e-05	3.02368299707e-05	3.77960374634e-06	7.55920749269e-06	0	0.000219217017288	0.00130774289623	0.000895766087883	0.00417268253596	0.000253233451005	0	7.55920749269e-06	3.77960374634e-06	0.000347723544664	7.18124711805e-05	0.000181420979824	0.000132286131122	0	7.55920749269e-06	7.55920749269e-06
0.000241894639766	4.91348487025e-05	3.77960374634e-05	0	1.51184149854e-05	7.55920749269e-06	9.07104899122e-05	0.00026835186599	0.000634973429386	0.000143624942361	0.000994035785288	0.00705274059068	0.000283470280976	6.04736599415e-05	0.000257013054751	2.26776224781e-05	1.88980187317e-05	0.000718124711805	0.0118679557635	0.0042331561959	0.00066143065561	9.07104899122e-05	4.91348487025e-05	7.55920749269e-05	8.69308861659e-05	3.77960374634e-06	0.00306525863828	6.04736599415e-05	0.000332605129678	0.000536703731981	0.000120947319883	1.88980187317e-05	1.51184149854e-05	7.55920749269e-06	0.00223752541784	3.77960374634e-06	3.02368299707e-05	7.55920749269e-06	0	0	0	2.26776224781e-05	3.77960374634e-06	2.26776224781e-05	0	1.1338811239e-05	1.51184149854e-05	7.55920749269e-06	0.000109608508644	1.88980187317e-05	0	0	1.51184149854e-05	2.26776224781e-05	1.1338811239e-05	3.77960374634e-06	0	2.26776224781e-05	2.26776224781e-05	1.51184149854e-05	0.000128506527376	0.00019653939481	0.000120947319883	7.55920749269e-06	2.64572262244e-05	0	2.26776224781e-05	7.55920749269e-06	0	1.88980187317e-05	0.00253989371754	0.00213547611668	0.00369645246392	0.000188980187317	7.55920749269e-06	1.1338811239e-05	1.1338811239e-05	3.02368299707e-05	0	4.53552449561e-05	3.02368299707e-05	3.77960374634e-06	7.55920749269e-06	0
0.00222996621034	0.00081639440921	0.00123593042505	0	3.77960374634e-05	1.51184149854e-05	7.18124711805e-05	0.00233579511524	0.00121325280258	0.00066143065561	0.00305769943079	0.00878001950276	0.000264572262244	0.000143624942361	0.00210901889046	3.02368299707e-05	2.26776224781e-05	0.012366863458	0.0042331561959	0.0305391982705	0.00127750606626	0.000842851635435	0.000540483335727	0.000891986484137	0.000487568883278	2.26776224781e-05	0.0109684100719	0.00259658777374	0.00120191399134	0.00241138719017	0.00220350898412	1.51184149854e-05	1.88980187317e-05	4.15756412098e-05	0.0141357180113	5.66940561951e-05	0.00192003870314	9.44900936586e-05	0	7.55920749269e-06	0	6.42532636878e-05	3.77960374634e-06	6.42532636878e-05	0	1.51184149854e-05	3.77960374634e-05	3.40164337171e-05	0.000105828904898	0.000102049301151	3.77960374634e-06	4.53552449561e-05	0.000185200583571	1.51184149854e-05	0.000419536015844	1.51184149854e-05	7.93716786732e-05	0.000132286131122	0.000204098602303	4.53552449561e-05	0.000786157579239	0.0014438086311	0.00201830840055	3.77960374634e-06	0.000158743357346	7.55920749269e-05	2.64572262244e-05	1.51184149854e-05	3.77960374634e-06	0.000128506527376	0.00481899477659	0.00319376516566	0.0103145386238	0.000472450468293	3.02368299707e-05	2.64572262244e-05	3.77960374634e-06	0.000226776224781	9.07104899122e-05	0.000177641376078	9.44900936586e-05	0	1.51184149854e-05	1.1338811239e-05
2.26776224781e-05	0.000105828904898	0.000226776224781	0	0.0028951764697	0.00102427261526	0.00571098126072	0.000668989863103	0.00567318522326	0.000994035785288	0.0128808895675	0.0024794200576	0.0123441858356	6.04736599415e-05	0.00203720641928	0.000551822146966	7.55920749269e-06	0.0004648912608	0.00066143065561	0.00127750606626	0.0248282170097	1.51184149854e-05	6.04736599415e-05	4.53552449561e-05	0.000842851635435	3.77960374634e-06	0.00113010152016	0.000495128090771	0.00155341713975	0.00210523928671	3.77960374634e-06	3.77960374634e-06	0.00104695023774	4.91348487025e-05	0.00411598847977	7.55920749269e-06	0.0001549637536	6.42532636878e-05	0	0.000177641376078	0	0.000298588695961	4.53552449561e-05	3.40164337171e-05	0.000517805713249	9.82696974049e-05	7.55920749269e-06	0.00035150314841	3.77960374634e-06	3.02368299707e-05	5.66940561951e-05	7.55920749269e-06	3.40164337171e-05	3.77960374634e-06	1.88980187317e-05	0.000177641376078	0	1.1338811239e-05	3.40164337171e-05	0.000684108278088	2.26776224781e-05	0.00011338811239	0.000139845338615	5.66940561951e-05	4.91348487025e-05	1.1338811239e-05	0	7.55920749269e-06	0	0.000139845338615	0.00207500245674	0.00113010152016	0.0062552442002	0.00195027553311	0.000226776224781	0.000778598371747	7.55920749269e-06	0.000400637997112	1.88980187317e-05	0.000105828904898	2.26776224781e-05	0.000109608508644	1.51184149854e-05	0
2.26776224781e-05	0.000143624942361	0.000801275994225	0	0	1.1338811239e-05	0	0.000850410842927	7.55920749269e-05	0.000680328674342	7.93716786732e-05	0.000374180770888	0	1.51184149854e-05	8.31512824196e-05	1.1338811239e-05	0.0034092025792	0.00190492028816	9.07104899122e-05	0.000842851635435	1.51184149854e-05	0.0343339204318	0.00203720641928	0.014230208105	0.00126994685877	0	0.000680328674342	0.000343943940917	0.0110251041281	0.000279690677229	0.0122761529681	0	1.1338811239e-05	3.02368299707e-05	0.00436922193077	0	0.000128506527376	0.000185200583571	0	0	0	0	0	0	0	0	3.77960374634e-06	0	7.55920749269e-06	3.77960374634e-06	0	0.0012888448775	4.91348487025e-05	0	3.02368299707e-05	0	0.000404417600859	0.00180665059075	0.0012888448775	4.91348487025e-05	1.51184149854e-05	6.42532636878e-05	0.000166302564839	0.000158743357346	3.77960374634e-06	3.77960374634e-05	3.77960374634e-06	0	0	1.88980187317e-05	0.00345077822041	0.00100537459653	0.00559003394084	0.000907104899122	3.77960374634e-06	1.88980187317e-05	1.1338811239e-05	6.80328674342e-05	7.55920749269e-06	0.000105828904898	0.000105828904898	2.64572262244e-05	2.26776224781e-05	0
0.000691667485581	0.00701494455321	0.000956239747825	0	0.00011338811239	7.55920749269e-06	0.00011338811239	0.000869308861659	0.000975137766557	0.018342416981	0.000124726923629	8.31512824196e-05	8.31512824196e-05	0.000128506527376	0.000956239747825	7.18124711805e-05	0.0114408605402	0.000642532636878	4.91348487025e-05	0.000540483335727	6.04736599415e-05	0.00203720641928	0.0506580290122	0.00676549070595	0.0172916871395	0.000763479956761	0.0019162590994	0.0145779316496	0.009297825216	0.00133042051871	0.00289895607345	3.77960374634e-06	1.51184149854e-05	0.000170082168585	0.000759700353015	0.000151184149854	0.00286493963973	0.00169704208211	0	7.55920749269e-06	0	3.77960374634e-06	0	1.88980187317e-05	2.64572262244e-05	0	1.1338811239e-05	0	0.000120947319883	0.000124726923629	0	0.00682218476215	0.000105828904898	7.55920749269e-06	4.15756412098e-05	0	0.00428607064835	0.0229270763253	0.011845278141	0.000638753033132	0.000226776224781	0.000918443710361	0.00890096682264	0.00366243603021	0.000185200583571	0.000910884502869	0	7.55920749269e-06	4.91348487025e-05	0.000536703731981	0.00189736108066	0.000963798955318	0.00104317063399	0.000170082168585	7.55920749269e-06	6.04736599415e-05	0.000102049301151	0.000884427276644	0.000173861772332	0.000170082168585	7.18124711805e-05	3.77960374634e-06	1.51184149854e-05	3.77960374634e-06
0.000173861772332	0.00100537459653	0.0182781637173	0	2.26776224781e-05	1.1338811239e-05	2.64572262244e-05	0.0050646690201	0.0018595650432	0.000627414221893	0.000937341729093	0.000241894639766	2.26776224781e-05	1.1338811239e-05	0.000956239747825	1.88980187317e-05	0.00571098126072	0.00955105866701	7.55920749269e-05	0.000891986484137	4.53552449561e-05	0.014230208105	0.00676549070595	0.0657159703377	0.00188980187317	0	0.00360952157776	0.00647824082123	0.00991390062666	0.000415756412098	0.00547664582845	7.55920749269e-06	1.51184149854e-05	6.42532636878e-05	0.00417268253596	2.26776224781e-05	0.00126238765128	0.00842095714685	0	3.77960374634e-06	0	0	0	3.40164337171e-05	1.51184149854e-05	0	7.55920749269e-06	3.77960374634e-06	1.51184149854e-05	4.91348487025e-05	0	0.00192381830689	0.00131152249998	0	0.000880647672898	3.77960374634e-06	0.000555601750712	0.00479631715411	0.0100046111166	4.53552449561e-05	7.55920749269e-06	0.00228666026654	0.00205988404176	0.000222996621034	6.04736599415e-05	0.000102049301151	0	0	7.55920749269e-06	0.000234335432273	0.0094603481771	0.00354526831407	0.00508356703883	0.000604736599415	7.55920749269e-06	3.77960374634e-05	3.02368299707e-05	0.000408197204605	6.04736599415e-05	0.000347723544664	0.000241894639766	6.80328674342e-05	3.02368299707e-05	7.55920749269e-06
0.000442213638322	0.00484545200281	0.00106962786022	0	0.00605870480539	1.51184149854e-05	0.000627414221893	0.00301612378958	0.00127750606626	0.0227758921755	0.0011905751801	0.000185200583571	0.00338652495672	9.07104899122e-05	0.00054804254322	0.00295565012964	0.00926380878229	0.000627414221893	8.69308861659e-05	0.000487568883278	0.000842851635435	0.00126994685877	0.0172916871395	0.00188980187317	0.0525138144517	0.000245674243512	0.00150428229104	0.00768015481257	0.0245636447475	0.0030501402233	0.00173483811957	0	2.64572262244e-05	0.00122081201007	0.00140223298989	0.000400637997112	0.000903325295376	0.000298588695961	0	1.51184149854e-05	0	0.000600956995669	0.000109608508644	0.000668989863103	0.00106206865272	1.88980187317e-05	0.000215437413542	3.02368299707e-05	9.07104899122e-05	0.000737022730537	3.77960374634e-06	0.000967578559064	5.29144524488e-05	0.000170082168585	7.93716786732e-05	2.64572262244e-05	0.00150806189479	0.00585838580683	0.00179909138326	0.00119813438759	0.000207878206049	0.000684108278088	0.00128128567001	0.00198429196683	0.000665210259356	0.000574499769444	0	7.55920749269e-05	1.1338811239e-05	0.00151562110228	0.00409331085729	0.00152695991352	0.00251721609506	0.00162522961093	0.000854190446674	0.000453552449561	9.07104899122e-05	0.00277800875356	8.31512824196e-05	0.00102427261526	0.000219217017288	1.51184149854e-05	0.000162522961093	7.55920749269e-06
0	0.000944900936586	0	0	0	0	0	1.1338811239e-05	3.77960374634e-06	0.000631193825639	1.88980187317e-05	0.000287249884722	0	0.0035641663328	0	0	0	0	3.77960374634e-06	2.26776224781e-05	3.77960374634e-06	0	0.000763479956761	0	0.000245674243512	0.00693935247829	0.000362841959649	0.00126238765128	0	1.51184149854e-05	0	1.51184149854e-05	0	0	1.88980187317e-05	0	0.000204098602303	0	0	0	0	0	0	0	1.1338811239e-05	0	0.000385519582127	0	0.00186334464695	0	0	0	0	1.88980187317e-05	7.55920749269e-06	0	0	4.15756412098e-05	0	1.1338811239e-05	0.0022186273991	0.000234335432273	0.000627414221893	0	0	0	0.000200318998556	0	0	3.77960374634e-06	3.02368299707e-05	0.000786157579239	9.82696974049e-05	0	0	0	0.00109986469019	7.55920749269e-06	0.000566940561951	1.51184149854e-05	3.77960374634e-06	0	0	0.000366621563395
0.00252099569881	0.00243406481265	0.0132890867721	0	6.04736599415e-05	1.1338811239e-05	0.000185200583571	0.00449772845815	0.00315974873194	0.00165924604464	0.0021694925504	0.00877246029526	0.000434654430829	0.00139845338615	0.00410464966853	1.51184149854e-05	0.000166302564839	0.00754786868145	0.00306525863828	0.0109684100719	0.00113010152016	0.000680328674342	0.0019162590994	0.00360952157776	0.00150428229104	0.000362841959649	0.0748285949701	0.0256635094377	0.00314085071321	0.00166680525214	0.00199941038182	0.00122837121756	1.88980187317e-05	2.26776224781e-05	0.00634973429386	8.69308861659e-05	0.0110213245243	0.000207878206049	0	7.18124711805e-05	0	4.91348487025e-05	3.77960374634e-06	1.51184149854e-05	0.000343943940917	8.31512824196e-05	0.000789937182986	0.000272131469737	0.00471316587169	0.000328825525932	0	0.000117167716137	0.00126994685877	0.000253233451005	0.00230933788902	0.000279690677229	0.000306147903454	0.000551822146966	0.000362841959649	0.000249453847259	0.0120682747621	0.0126238765128	0.0166491545026	3.77960374634e-05	0.000400637997112	0.000185200583571	0.000510246505756	0	3.77960374634e-06	0.000835292427942	0.00632705667138	0.00809213162092	0.00672391506474	0.000185200583571	2.26776224781e-05	7.55920749269e-06	6.42532636878e-05	0.000789937182986	0.000933562125347	0.00107340746396	0.0004648912608	3.77960374634e-06	6.42532636878e-05	0.000359062355903
8.31512824196e-05	0.0125482844379	0.0124046594955	0	0.000143624942361	3.77960374634e-06	2.26776224781e-05	0.000483789279532	0.000170082168585	0.00351125188035	0.000850410842927	0.00167058485588	0.000162522961093	0.00144002902736	7.18124711805e-05	3.77960374634e-06	0.00738534572035	0.00314463031696	6.04736599415e-05	0.00259658777374	0.000495128090771	0.000343943940917	0.0145779316496	0.00647824082123	0.00768015481257	0.00126238765128	0.0256635094377	0.0773306926502	0.0025852489625	0.000427095223337	0.000109608508644	0.000245674243512	3.77960374634e-06	1.1338811239e-05	0.00422937659216	1.88980187317e-05	0.0138031128816	0.00313707110946	0	4.91348487025e-05	0	1.51184149854e-05	3.77960374634e-06	4.91348487025e-05	4.53552449561e-05	3.02368299707e-05	0.000510246505756	0.000132286131122	0.00319754476941	0.000185200583571	0	0.000340164337171	0.00117923636886	0.000204098602303	0.00058961818443	0.0001549637536	0.000234335432273	0.00375314652012	0.00281202518728	0.000200318998556	0.0105035188111	0.00637619152008	0.0212300342432	7.18124711805e-05	0.000272131469737	8.69308861659e-05	0.000151184149854	0	0	0.000884427276644	0.00574877729819	0.00265706143368	0.00455820211809	0.000287249884722	0	3.40164337171e-05	8.69308861659e-05	0.00101293380402	0.000680328674342	0.00120191399134	0.000638753033132	7.55920749269e-06	0.000102049301151	0.000377960374634
0.00106962786022	0.000381739978381	0.00413110689475	0	0.00510624466131	0.000279690677229	0.00430874827083	0.0322664771825	0.00741558255033	0.0164790723341	0.01424532652	0.000850410842927	0.00234713392648	5.29144524488e-05	0.0032542388256	0.0013455389337	0.0083756019019	0.00337140654174	0.000332605129678	0.00120191399134	0.00155341713975	0.0110251041281	0.009297825216	0.00991390062666	0.0245636447475	0	0.00314085071321	0.0025852489625	0.0954954682551	0.00491726447399	0.0145703724422	3.77960374634e-06	0.000340164337171	0.00122459161382	0.00408953125354	0.000634973429386	0.000377960374634	0.000234335432273	0	0.00356038672906	0	0.00126616725502	0.000306147903454	0.00101293380402	0.00497395853019	0.000211657809795	0.000578279373191	0.0001549637536	5.29144524488e-05	0.00130396329249	3.02368299707e-05	0.00173861772332	7.55920749269e-05	0.000419536015844	3.40164337171e-05	0.00070300629682	0.0032051039769	0.00817150329959	0.00289895607345	0.0069242340633	1.51184149854e-05	0.000680328674342	0.000559381354459	0.00422559698841	0.00171971970459	0.000880647672898	0	0.000162522961093	5.66940561951e-05	0.00227154185155	0.00848899001429	0.00269485747114	0.00912774304742	0.00565806680828	0.000449772845815	0.00151562110228	3.40164337171e-05	0.00288005805471	0.000109608508644	0.0017046012896	0.000472450468293	0.000151184149854	0.000291029488468	0
0.00557113592211	0.000136065734868	0.000718124711805	0	0.000143624942361	4.53552449561e-05	0.000676549070595	0.00809213162092	0.00434276470455	0.00372290969015	0.00692801366705	0.00315974873194	0.0010356114265	0.000215437413542	0.0083680426944	0.000612295806908	0.0001549637536	0.00154585793225	0.000536703731981	0.00241138719017	0.00210523928671	0.000279690677229	0.00133042051871	0.000415756412098	0.0030501402233	1.51184149854e-05	0.00166680525214	0.000427095223337	0.00491726447399	0.0332453945528	0.0057336588832	0	7.55920749269e-05	0.00452040608063	0.00942633174338	8.31512824196e-05	0.000257013054751	4.53552449561e-05	0	4.53552449561e-05	0	0.000321266318439	5.29144524488e-05	0.0003099275072	0.000222996621034	0.000109608508644	6.80328674342e-05	6.80328674342e-05	2.26776224781e-05	0.000370401167142	4.15756412098e-05	7.93716786732e-05	2.64572262244e-05	7.55920749269e-05	4.15756412098e-05	4.91348487025e-05	0.000566940561951	0.0013455389337	0.000396858393366	0.000204098602303	0.00011338811239	0.000408197204605	0.000529144524488	0.000718124711805	0.00039307878962	0.000340164337171	0	7.18124711805e-05	3.77960374634e-06	0.000668989863103	0.00272509430111	0.000740802334283	0.00886317078517	0.00256257134002	0.000226776224781	0.000136065734868	2.26776224781e-05	0.00166302564839	0.000215437413542	0.00039307878962	9.82696974049e-05	8.31512824196e-05	0.00011338811239	3.77960374634e-06
0.00294053171466	6.80328674342e-05	0.0015005026873	0	0	1.1338811239e-05	7.55920749269e-06	0.00963798955318	0.000442213638322	0.0034583374279	6.42532636878e-05	0.000204098602303	0.000366621563395	3.77960374634e-06	0.00256635094377	0.000468670864547	0.000483789279532	0.0045506429106	0.000120947319883	0.00220350898412	3.77960374634e-06	0.0122761529681	0.00289895607345	0.00547664582845	0.00173483811957	0	0.00199941038182	0.000109608508644	0.0145703724422	0.0057336588832	0.042660387485	0	1.1338811239e-05	0.000472450468293	0.00357550514404	9.44900936586e-05	0.000241894639766	1.51184149854e-05	0	0	3.77960374634e-06	7.55920749269e-06	3.77960374634e-06	0.00023811503602	4.15756412098e-05	0	3.40164337171e-05	0	0	0.000143624942361	0	0.00124726923629	1.88980187317e-05	7.55920749269e-06	1.1338811239e-05	0	0.00114521993514	0.00286493963973	0.0012397100288	9.44900936586e-05	4.15756412098e-05	0.000207878206049	0.000336384733425	0.00102049301151	0.000294809092215	0.000370401167142	0	0.000211657809795	3.77960374634e-06	0.000820174012956	0.000279690677229	9.07104899122e-05	0.00260414698123	0.00039307878962	7.55920749269e-06	7.55920749269e-06	0	0.00117545676511	3.02368299707e-05	0.000994035785288	0.000317486714693	3.77960374634e-06	0.000374180770888	0
3.77960374634e-06	0	0	0	0	0	0	0	3.77960374634e-06	0	7.55920749269e-06	0.000514026109503	0	0.000377960374634	3.77960374634e-06	0	3.77960374634e-06	1.1338811239e-05	1.88980187317e-05	1.51184149854e-05	3.77960374634e-06	0	3.77960374634e-06	7.55920749269e-06	0	1.51184149854e-05	0.00122837121756	0.000245674243512	3.77960374634e-06	0	0	0.00122837121756	0	0	1.51184149854e-05	0	1.1338811239e-05	0	0	0	0	0	0	3.77960374634e-06	0	3.77960374634e-06	3.77960374634e-06	3.77960374634e-06	0.000207878206049	3.77960374634e-06	0	0	0	0	7.55920749269e-06	3.77960374634e-06	3.77960374634e-06	0	7.55920749269e-06	0	0.000139845338615	3.02368299707e-05	4.91348487025e-05	0	3.77960374634e-06	0	0	0	0	3.77960374634e-06	5.29144524488e-05	0.00050646690201	0.000132286131122	3.77960374634e-06	0	0	2.64572262244e-05	0	1.51184149854e-05	1.1338811239e-05	7.55920749269e-06	0	0	0
