0.0288032163113	7.17926627899e-05	0.00674851030225	0	0.00188096776509	1.79481656975e-05	0.00071074736162	0.0106432622586	0.00793667887142	0.000448704142437	0.00233326154067	0.00332041065403	0.000290760284299	0.00014358532558	0.0216993323282	2.87170651159e-05	4.66652308134e-05	0.000811257089525	0.0005635724029	0.000674851030225	0.000380501112786	0.000610237633714	4.30755976739e-05	0.00764950822026	0.000384090745926	3.58963313949e-06	0.00484600473832	0.00107330030871	0.00451216885634	0.0143118673272	0.0130124201307	2.51274319765e-05	0.000193840189533	0.00092253571685	0.00595520137842	0	0.000276401751741	7.17926627899e-06	0	5.38444970924e-05	3.58963313949e-06	0.000290760284299	0.00013999569244	3.23066982554e-05	0.000118457893603	0.00028358101802	5.02548639529e-05	3.94859645344e-05	7.17926627899e-06	5.38444970924e-05	3.58963313949e-05	8.61511953478e-05	0.000114868260464	0	0.000129226793022	5.38444970924e-05	1.07688994185e-05	5.02548639529e-05	6.10237633714e-05	0.000312298083136	7.17926627899e-06	0.000154354224998	0.000229736520928	0.000147174958719	4.30755976739e-05	0.000125637159882	3.58963313949e-06	0	0	7.17926627899e-05	0.000287170651159	0.000455883408716	0.00286811687846	0.000976380213942	0.000305118816857	2.87170651159e-05	7.17926627899e-06	0.000448704142437	0.000157943858138	9.69200947663e-05	4.30755976739e-05	5.74341302319e-05	1.4358532558e-05	1.07688994185e-05
7.17926627899e-05	0.0190106971068	0.00207839758777	0	5.02548639529e-05	7.17926627899e-06	0	2.87170651159e-05	7.17926627899e-06	0.00219685548137	4.30755976739e-05	0.000208198722091	0	0.000430755976739	3.23066982554e-05	0.000147174958719	0.000190250556393	0.00355014717496	1.4358532558e-05	0.00122406490057	0	6.82030296504e-05	0.00327374542322	0.00179840620289	0.00226146887788	0.000836384521502	0.00211070428602	0.00886280422141	0.000290760284299	0.000107688994185	0.000201019455812	6.10237633714e-05	7.17926627899e-06	0.000129226793022	0.0011271448058	1.07688994185e-05	0.00986072223419	0.000376911479647	0	1.79481656975e-05	3.58963313949e-06	3.23066982554e-05	1.4358532558e-05	6.82030296504e-05	0.000290760284299	5.02548639529e-05	3.94859645344e-05	1.79481656975e-05	0.000122047526743	2.87170651159e-05	7.17926627899e-06	0.000358963313949	0.00119534783545	2.51274319765e-05	0.00028358101802	5.02548639529e-05	0.00014358532558	0.00245889870055	0.000506138272669	0.000441524876158	0.000437935243018	0.000229736520928	0.00710029434992	0.000165123124417	3.58963313949e-06	0.000132816426161	4.30755976739e-05	0	0	7.17926627899e-05	0.00310144303252	0.000570751669179	0.000814846722665	0.000660492497667	0.000190250556393	0	3.58963313949e-06	0.00259889439299	0.00110560700696	0.000538444970924	0.000118457893603	5.74341302319e-05	5.02548639529e-05	0
0.00674851030225	0.00207839758777	0.0520532701558	0	3.58963313949e-06	7.17926627899e-06	0.000218967621509	0.00538444970924	0.00216454878311	0.00014358532558	1.4358532558e-05	0.000222557254649	3.58963313949e-06	3.23066982554e-05	0.00436140426448	1.4358532558e-05	0.000107688994185	0.00962380644698	7.89719290688e-05	0.000308708449996	0	0.00184148180056	0.000516907172087	0.0234295355015	0.000114868260464	3.58963313949e-06	0.0136190681312	0.0183968698399	0.000466652308134	0.000900997918013	0.00575059228947	1.79481656975e-05	7.17926627899e-06	0.000165123124417	0.0013999569244	5.74341302319e-05	0.00310503266566	0.0014179050901	0	1.07688994185e-05	0	2.87170651159e-05	0.000419987077321	2.1537798837e-05	0.000147174958719	5.38444970924e-05	5.38444970924e-05	1.07688994185e-05	6.82030296504e-05	7.17926627899e-05	0	0.00180558546917	0.00393064828774	8.97408284873e-05	0.000376911479647	3.58963313949e-06	0.00077895039127	0.00239787493718	0.00328810395578	0.000323066982554	0.000125637159882	0.00021537798837	0.0078074520784	0.000308708449996	6.46133965109e-05	0.000269222485462	2.1537798837e-05	0	3.58963313949e-06	0.00101586617848	0.00206403905521	0.0005635724029	0.00270658338718	0.00278914494939	6.10237633714e-05	7.17926627899e-06	3.58963313949e-06	0.00296144734008	0.00186660923254	0.00165482087731	0.00021178835523	2.51274319765e-05	7.17926627899e-06	0
0	0	0	0	0	0	0	0	0	0	0	0	0	0	0	0	0	0	0	0	0	0	0	0	0	0	0	0	0	0	0	0	0	0	0	0	0	0	0	0	0	0	0	0	0	0	0	0	0	0	0	0	0	0	0	0	0	0	0	0	0	0	0	0	0	0	0	0	0	0	0	0	0	0	0	0	0	0	0	0	0	0	0	0
0.00188096776509	5.02548639529e-05	3.58963313949e-06	0	0.024728982698	1.4358532558e-05	0.000358963313949	0.000376911479647	0.000771771124991	0.00175892023835	0.00516907172087	0.00235838897265	0.00325220762438	0.00021537798837	0.00223275181276	0.000186660923254	3.58963313949e-06	2.1537798837e-05	0.000233326154067	0.00021537798837	0.00778232464642	1.79481656975e-05	5.74341302319e-05	3.23066982554e-05	0.00727977600689	0	0.00111278627324	0.000818436355804	0.0147821092684	0.00502907602843	0.00133175389475	9.69200947663e-05	0.000193840189533	0.00374757699763	0.00484600473832	0	0.000269222485462	1.07688994185e-05	0	0.00304400890229	3.58963313949e-06	0.00021537798837	3.58963313949e-05	4.66652308134e-05	0.00495010409936	0.00284657907962	3.23066982554e-05	0.00157943858138	7.17926627899e-06	0.000129226793022	1.07688994185e-05	0	1.4358532558e-05	7.17926627899e-06	3.23066982554e-05	0.0046629334482	0	1.79481656975e-05	0	0.00600545624237	1.07688994185e-05	8.61511953478e-05	0.000129226793022	0.00146815995405	3.58963313949e-06	0	7.17926627899e-06	3.58963313949e-06	0	4.30755976739e-05	0.000272812118601	9.33304616268e-05	0.00315528752961	0.000147174958719	0.000664082130806	0	1.07688994185e-05	0.000161533491277	0.000129226793022	9.69200947663e-05	2.51274319765e-05	2.87170651159e-05	1.07688994185e-05	1.79481656975e-05
1.79481656975e-05	7.17926627899e-06	7.17926627899e-06	0	1.4358532558e-05	0.00514394428889	0.00113073443894	7.17926627899e-06	0.000524086438366	0.000136406059301	1.79481656975e-05	0.000678440663364	0.000100509727906	0.000208198722091	0.000175892023835	0.00077895039127	0	7.17926627899e-06	3.58963313949e-06	3.58963313949e-06	5.74341302319e-05	7.17926627899e-06	0	1.4358532558e-05	2.1537798837e-05	3.58963313949e-06	0.000222557254649	2.51274319765e-05	1.79481656975e-05	8.25615622083e-05	6.10237633714e-05	2.1537798837e-05	0.00248761576567	4.30755976739e-05	0.0013999569244	0	0	0	0	0	0	1.4358532558e-05	1.07688994185e-05	3.58963313949e-06	6.10237633714e-05	0	0	3.58963313949e-06	0	3.58963313949e-06	0	0	0	0	7.17926627899e-06	0	0	3.58963313949e-06	0	2.51274319765e-05	0	1.4358532558e-05	0	0	0	0	0	0	0	3.58963313949e-06	6.82030296504e-05	7.17926627899e-06	0.000330246248833	2.87170651159e-05	0.00110560700696	0.000254863952904	0	2.51274319765e-05	3.58963313949e-06	1.07688994185e-05	0	0	0	0
0.00071074736162	0	0.000218967621509	0	0.000358963313949	0.00113073443894	0.0270730131381	0.00430755976739	0.0145775001795	0.0010266350779	0.00514394428889	0.000319477349415	0.00485677363773	3.94859645344e-05	0.0019635293273	0.00131380572905	3.58963313949e-06	3.58963313949e-06	0	7.17926627899e-06	0.001827123268	0.000628185799411	3.23066982554e-05	0.000976380213942	0.00112355517266	1.07688994185e-05	0.000330246248833	0.000398449278484	0.00521573695168	0.0015722593151	0.000445114509297	7.17926627899e-06	0.000452293775576	0.000323066982554	0.00100150764592	0	7.17926627899e-06	0	0	0.000104099361045	3.58963313949e-06	0.000987149113361	0.000538444970924	0.000168712757556	0.00077895039127	0.000538444970924	1.79481656975e-05	0.000136406059301	0	2.87170651159e-05	7.17926627899e-06	7.17926627899e-06	0	0	0	0.000190250556393	0	1.4358532558e-05	3.58963313949e-06	0.000452293775576	0	7.17926627899e-06	7.17926627899e-06	0.000122047526743	3.58963313949e-06	3.58963313949e-06	0	0	0	3.23066982554e-05	0.00014358532558	2.87170651159e-05	0.000545624237203	0.000111278627324	0.00100150764592	8.25615622083e-05	0	2.87170651159e-05	2.1537798837e-05	2.87170651159e-05	3.58963313949e-06	3.58963313949e-05	0	1.4358532558e-05
0.0106432622586	2.87170651159e-05	0.00538444970924	0	0.000376911479647	7.17926627899e-06	0.00430755976739	0.041431545696	0.01191399239	0.00056716203604	0.00503266566157	0.000276401751741	7.17926627899e-05	2.51274319765e-05	0.0092253571685	0.000118457893603	1.79481656975e-05	0.000305118816857	5.74341302319e-05	8.25615622083e-05	0.000100509727906	0.00371527029938	5.02548639529e-05	0.00867973293129	0.000402038911623	1.07688994185e-05	0.0022542896116	0.000746643693015	0.0184219972719	0.00494651446622	0.0118852753249	1.07688994185e-05	7.53822959294e-05	0.00264555962381	0.00284657907962	3.58963313949e-06	3.94859645344e-05	0	0	0.000244095053486	0	0.000868691219757	0.000290760284299	8.61511953478e-05	0.00070715772848	0.000624596166272	0.000186660923254	0.000129226793022	0	0.000208198722091	2.1537798837e-05	2.1537798837e-05	3.94859645344e-05	0	3.58963313949e-05	0.000218967621509	1.07688994185e-05	3.58963313949e-05	4.30755976739e-05	0.000452293775576	7.17926627899e-06	1.07688994185e-05	5.74341302319e-05	0.000161533491277	1.79481656975e-05	5.02548639529e-05	0	0	0	0.00021178835523	0.000150764591859	1.4358532558e-05	0.00235838897265	0.000506138272669	0.000247684686625	1.4358532558e-05	7.17926627899e-06	0.000226146887788	5.74341302319e-05	0.000323066982554	4.66652308134e-05	0.000240505420346	1.07688994185e-05	3.94859645344e-05
0.00793667887142	7.17926627899e-06	0.00216454878311	0	0.000771771124991	0.000524086438366	0.0145775001795	0.01191399239	0.0398054418838	0.0011450929715	0.00427884270228	0.000201019455812	0.00246248833369	3.94859645344e-05	0.0158231028789	0.000595879101156	1.79481656975e-05	0.000104099361045	2.51274319765e-05	5.74341302319e-05	0.00131380572905	0.00148251848661	3.23066982554e-05	0.00355014717496	0.00132098499533	2.51274319765e-05	0.00129226793022	0.000890229018594	0.008234618422	0.00832435925048	0.0032629765238	7.17926627899e-06	0.0004271663436	0.00070715772848	0.00253428099648	0	2.51274319765e-05	0	0	0.00013999569244	3.58963313949e-06	0.00133893316103	0.000832794888362	0.000226146887788	0.000933304616268	0.000664082130806	0.000114868260464	0.000100509727906	7.17926627899e-06	0.000114868260464	6.82030296504e-05	2.87170651159e-05	5.38444970924e-05	0	1.79481656975e-05	0.000161533491277	7.17926627899e-06	3.23066982554e-05	2.87170651159e-05	0.000520496805227	3.58963313949e-06	1.79481656975e-05	4.66652308134e-05	0.000193840189533	4.66652308134e-05	0.000118457893603	3.58963313949e-06	0	0	0.000179481656975	0.000559982769761	3.23066982554e-05	0.00170507574126	0.000434345609879	0.000653313231388	4.30755976739e-05	1.07688994185e-05	0.000165123124417	6.10237633714e-05	0.000208198722091	3.23066982554e-05	0.000208198722091	1.79481656975e-05	6.10237633714e-05
0.000448704142437	0.00219685548137	0.00014358532558	0	0.00175892023835	0.000136406059301	0.0010266350779	0.00056716203604	0.0011450929715	0.0271663435997	0.0016907172087	0.000373321846507	0.00179481656975	0.000150764591859	0.000628185799411	0.00202455309067	5.38444970924e-05	0.000452293775576	5.02548639529e-05	0.00186660923254	0.00223993107904	0.000753822959294	0.00261325292555	0.000294349917438	0.00533060521215	0.000455883408716	0.00131021609591	0.00214660061742	0.00514753392203	0.00131021609591	0.00413166774356	5.74341302319e-05	0.000165123124417	0.00163687271161	0.00708234618422	0.000197429822672	0.000603058367435	3.58963313949e-06	0	0.000753822959294	3.58963313949e-06	0.000807667456386	0.00118457893603	0.000251274319765	0.0102017373824	0.00170148610812	0.000172302390696	0.00190250556393	9.33304616268e-05	0.000254863952904	0.000222557254649	0.000190250556393	8.97408284873e-05	0	5.02548639529e-05	0.00276760715055	2.1537798837e-05	0.00028358101802	8.61511953478e-05	0.00443319692727	6.82030296504e-05	0.00027999138488	0.000836384521502	0.000764591858712	0.000204609088951	9.69200947663e-05	3.23066982554e-05	0	0.000114868260464	0.000218967621509	0.00548136980401	0.0015722593151	0.00314092899706	0.00173020317324	0.00381936966042	3.58963313949e-06	7.89719290688e-05	0.00476344317611	0.00197070859358	0.0010266350779	0.00056716203604	2.51274319765e-05	1.07688994185e-05	5.02548639529e-05
0.00233326154067	4.30755976739e-05	1.4358532558e-05	0	0.00516907172087	1.79481656975e-05	0.00514394428889	0.00503266566157	0.00427884270228	0.0016907172087	0.0342486897839	0.00426448416972	0.00299734367148	0.00021178835523	0.00475626390983	0.00021537798837	7.17926627899e-06	7.53822959294e-05	0.000416397444181	0.000398449278484	0.00661928350923	3.23066982554e-05	1.79481656975e-05	6.10237633714e-05	0.000839974154641	0	0.001827123268	0.00146815995405	0.0139493143801	0.00914997487257	0.000391270012205	0.000294349917438	0.000269222485462	0.00730849307201	0.00960585828128	0	0.000272812118601	1.07688994185e-05	0	0.0005635724029	0	0.000305118816857	0.000114868260464	2.1537798837e-05	0.000757412592433	0.001672769043	1.4358532558e-05	0.00122047526743	3.58963313949e-06	6.82030296504e-05	7.17926627899e-06	3.58963313949e-06	3.58963313949e-06	3.58963313949e-06	3.23066982554e-05	0.00295785770694	3.58963313949e-06	1.79481656975e-05	0	0.00306913633427	7.17926627899e-06	7.89719290688e-05	0.000125637159882	0.000373321846507	3.58963313949e-06	0	7.17926627899e-06	0	0	2.51274319765e-05	0.000315887716275	0.000265632852322	0.00741618206619	0.000452293775576	0.000114868260464	0	1.07688994185e-05	0.000154354224998	0.000147174958719	5.74341302319e-05	1.4358532558e-05	7.17926627899e-06	1.07688994185e-05	7.17926627899e-06
0.00332041065403	0.000208198722091	0.000222557254649	0	0.00235838897265	0.000678440663364	0.000319477349415	0.000276401751741	0.000201019455812	0.000373321846507	0.00426448416972	0.0371634718932	0.00419628114007	0.00747002656329	0.00547060090459	7.17926627899e-06	6.82030296504e-05	0.00189173666451	0.00437576279704	0.00615981046737	0.00413166774356	0.000516907172087	0.000175892023835	0.00153995261684	0.0015543111494	0.00148610811975	0.0140103381434	0.00736951683538	0.00310503266566	0.0125098714911	0.00121329600115	0.00156866968196	0.00197070859358	0.00408500251274	0.0195168353794	0	0.000125637159882	7.17926627899e-06	0	8.61511953478e-05	3.58963313949e-06	0.000391270012205	0.000287170651159	3.23066982554e-05	0.000330246248833	0.000506138272669	0.00107330030871	0.00013999569244	0.000822025988944	3.58963313949e-05	1.07688994185e-05	0.000132816426161	6.82030296504e-05	1.07688994185e-05	0.000193840189533	0.000147174958719	3.94859645344e-05	0.000190250556393	6.82030296504e-05	0.000603058367435	0.000186660923254	0.000725105894178	0.000419987077321	0.000226146887788	1.07688994185e-05	1.07688994185e-05	0.00014358532558	0	0	0.00021178835523	0.00311939119822	0.00453370665518	0.0079618063034	0.00181994400172	6.10237633714e-05	3.58963313949e-06	0.000122047526743	0.000157943858138	0.00134252279417	0.000236915787207	7.17926627899e-06	0.000157943858138	0	0.000240505420346
0.000290760284299	0	3.58963313949e-06	0	0.00325220762438	0.000100509727906	0.00485677363773	7.17926627899e-05	0.00246248833369	0.00179481656975	0.00299734367148	0.00419628114007	0.027636585541	0.000455883408716	0.00358245387321	0.000484600473832	0	3.23066982554e-05	0.00014358532558	6.82030296504e-05	0.0132888218824	7.17926627899e-06	0	1.4358532558e-05	0.00494651446622	0	0.00253428099648	0.000348194414531	0.00146457032091	0.00684902003015	6.46133965109e-05	0.000258453586044	0.000502548639529	0.000538444970924	0.00547419053773	0	0	3.58963313949e-06	0	0.00063536506569	2.87170651159e-05	0.00193840189533	2.51274319765e-05	0.00085074305406	0.000168712757556	0.00206044942207	0.000258453586044	0.00467011271448	3.58963313949e-06	0.000369732213368	1.4358532558e-05	0	3.58963313949e-06	0	1.07688994185e-05	0.00150764591859	0	0	0	0.000319477349415	0	4.30755976739e-05	0	0.000129226793022	1.4358532558e-05	0	3.58963313949e-06	1.79481656975e-05	7.17926627899e-06	0.00021178835523	3.58963313949e-05	6.10237633714e-05	0.000836384521502	2.1537798837e-05	0.00130303682964	0	0	1.79481656975e-05	7.17926627899e-06	0.000247684686625	7.17926627899e-06	0.000125637159882	3.58963313949e-06	0
0.00014358532558	0.000430755976739	3.23066982554e-05	0	0.00021537798837	0.000208198722091	3.94859645344e-05	2.51274319765e-05	3.94859645344e-05	0.000150764591859	0.00021178835523	0.00747002656329	0.000455883408716	0.0218895828846	0.000276401751741	0	8.61511953478e-05	0.000161533491277	0.000473831574413	0.000294349917438	0.000437935243018	6.82030296504e-05	0.000104099361045	0.000100509727906	0.000441524876158	0.00744489913131	0.00329169358892	0.00732285160457	0.000463062674995	0.00114868260464	6.82030296504e-05	0.000897408284873	0.000394859645344	0.000312298083136	0.00201378419126	0	0.000247684686625	3.58963313949e-06	0	1.4358532558e-05	0	7.53822959294e-05	2.1537798837e-05	1.4358532558e-05	7.17926627899e-05	2.1537798837e-05	0.00315169789647	5.74341302319e-05	0.00529111924761	2.1537798837e-05	1.07688994185e-05	1.79481656975e-05	5.38444970924e-05	0.000308708449996	0.000402038911623	1.07688994185e-05	7.17926627899e-06	6.10237633714e-05	1.07688994185e-05	6.46133965109e-05	0.00203891162323	0.00297580587264	0.000402038911623	2.51274319765e-05	1.07688994185e-05	0	0.00148610811975	0	0	0.000222557254649	0.000703568095341	0.00250556393137	0.000574341302319	0.000208198722091	3.58963313949e-06	0	0.000150764591859	0.000165123124417	0.00206403905521	0.00028358101802	1.4358532558e-05	0.000161533491277	0	0.000326656615694
0.0216993323282	3.23066982554e-05	0.00436140426448	0	0.00223275181276	0.000175892023835	0.0019635293273	0.0092253571685	0.0158231028789	0.000628185799411	0.00475626390983	0.00547060090459	0.00358245387321	0.000276401751741	0.0446083710245	8.25615622083e-05	3.94859645344e-05	0.00063536506569	0.000452293775576	0.000621006533132	0.00301888147031	0.000455883408716	2.51274319765e-05	0.00476703280925	0.001827123268	1.4358532558e-05	0.0048172876732	0.000732285160457	0.00654031158016	0.0270837820375	0.0105319836313	7.53822959294e-05	0.00178763730347	0.00247684686625	0.0111817072295	0	0.000233326154067	3.58963313949e-06	0	0.000197429822672	3.58963313949e-06	0.000954842415105	0.000621006533132	9.69200947663e-05	0.000466652308134	0.00085074305406	0.00021537798837	0.000122047526743	1.4358532558e-05	0.000168712757556	0.00013999569244	0.000226146887788	8.61511953478e-05	3.58963313949e-06	0.000129226793022	0.00014358532558	2.51274319765e-05	7.53822959294e-05	5.74341302319e-05	0.000875870486036	1.4358532558e-05	0.00013999569244	0.000330246248833	0.00042357671046	2.1537798837e-05	4.30755976739e-05	1.07688994185e-05	0	0	0.000269222485462	0.000804077823246	0.000481010840692	0.00399526168426	0.000807667456386	0.000416397444181	3.94859645344e-05	1.79481656975e-05	0.000477421207553	0.000157943858138	0.000348194414531	6.10237633714e-05	0.000323066982554	2.87170651159e-05	3.23066982554e-05
2.87170651159e-05	0.000147174958719	1.4358532558e-05	0	0.000186660923254	0.00077895039127	0.00131380572905	0.000118457893603	0.000595879101156	0.00202455309067	0.00021537798837	7.17926627899e-06	0.000484600473832	0	8.25615622083e-05	0.00577930935458	3.58963313949e-06	4.66652308134e-05	1.4358532558e-05	0.000290760284299	0.000165123124417	1.79481656975e-05	6.46133965109e-05	2.51274319765e-05	0.000570751669179	3.58963313949e-06	0.000186660923254	0.000262043219183	0.000301529183717	0.000262043219183	0.000746643693015	0	8.61511953478e-05	0.000226146887788	0.000753822959294	0	7.17926627899e-06	0	0	0	0	1.07688994185e-05	7.17926627899e-06	3.58963313949e-06	1.79481656975e-05	3.58963313949e-06	0	7.17926627899e-06	0	7.17926627899e-06	7.17926627899e-06	0	1.07688994185e-05	0	7.17926627899e-06	0	0	3.58963313949e-06	0	7.17926627899e-06	0	1.4358532558e-05	1.4358532558e-05	7.17926627899e-06	0	0	0	0	0	1.79481656975e-05	0.000703568095341	2.51274319765e-05	0.000488190106971	0.000387680379065	0.003962954986	3.58963313949e-06	7.17926627899e-06	1.4358532558e-05	1.4358532558e-05	3.58963313949e-05	2.1537798837e-05	7.17926627899e-06	0	7.17926627899e-06
4.66652308134e-05	0.000190250556393	0.000107688994185	0	3.58963313949e-06	0	3.58963313949e-06	1.79481656975e-05	1.79481656975e-05	5.38444970924e-05	7.17926627899e-06	6.82030296504e-05	0	8.61511953478e-05	3.94859645344e-05	3.58963313949e-06	0.0165410295068	0.000491779740111	1.07688994185e-05	0.000606648000574	0	0.00194558116161	0.00770335271735	0.00699978462201	0.00247684686625	7.17926627899e-05	0.00106612104243	0.00297939550578	0.000947663148826	3.94859645344e-05	0.000100509727906	0	3.58963313949e-06	2.51274319765e-05	0.000402038911623	3.58963313949e-06	0.000186660923254	3.58963313949e-06	0	0	0	3.58963313949e-06	0	0	0.000287170651159	0	0	0	5.02548639529e-05	0	0	0.00183071290114	5.38444970924e-05	3.58963313949e-06	5.74341302319e-05	0	0.000624596166272	0.0042178189389	0.00140354655754	0.000204609088951	5.02548639529e-05	0.000104099361045	0.000294349917438	5.74341302319e-05	3.23066982554e-05	0.000244095053486	5.02548639529e-05	0	0	7.17926627899e-06	0.00174815133893	0.00084715342092	0.000653313231388	0.000746643693015	0.000218967621509	5.38444970924e-05	7.17926627899e-06	0.000380501112786	0.000175892023835	1.4358532558e-05	1.4358532558e-05	0	7.17926627899e-06	0
0.000811257089525	0.00355014717496	0.00962380644698	0	2.1537798837e-05	7.17926627899e-06	3.58963313949e-06	0.000305118816857	0.000104099361045	0.000452293775576	7.53822959294e-05	0.00189173666451	3.23066982554e-05	0.000161533491277	0.00063536506569	4.66652308134e-05	0.000491779740111	0.0390264914926	0.000391270012205	0.00511881685692	2.51274319765e-05	0.00172302390696	0.00035178404767	0.0135472754684	0.000122047526743	3.58963313949e-06	0.0105463421638	0.00711824251561	0.000348194414531	0.00214301098428	0.00537727044296	4.66652308134e-05	1.4358532558e-05	0.000229736520928	0.0058080264197	2.1537798837e-05	0.00375116663077	0.000649723598248	0	1.07688994185e-05	0	4.66652308134e-05	4.66652308134e-05	9.69200947663e-05	0.000226146887788	3.58963313949e-05	3.23066982554e-05	2.87170651159e-05	3.58963313949e-05	3.23066982554e-05	3.58963313949e-06	0.000236915787207	0.00436858353076	2.87170651159e-05	0.000933304616268	1.79481656975e-05	0.000312298083136	0.00161533491277	0.00104458324359	0.000154354224998	7.89719290688e-05	0.000861511953478	0.00393782755402	0.000107688994185	1.07688994185e-05	7.53822959294e-05	1.79481656975e-05	0	7.17926627899e-06	0.000247684686625	0.000786129657549	0.000839974154641	0.000987149113361	0.000721516261038	7.53822959294e-05	3.58963313949e-06	7.17926627899e-06	0.00212147318544	0.00115227223778	0.00084715342092	0.000129226793022	2.51274319765e-05	1.4358532558e-05	3.58963313949e-06
0.0005635724029	1.4358532558e-05	7.89719290688e-05	0	0.000233326154067	3.58963313949e-06	0	5.74341302319e-05	2.51274319765e-05	5.02548639529e-05	0.000416397444181	0.00437576279704	0.00014358532558	0.000473831574413	0.000452293775576	1.4358532558e-05	1.07688994185e-05	0.000391270012205	0.00943355589059	0.00251274319765	0.000168712757556	0.000104099361045	3.58963313949e-05	0.000506138272669	4.30755976739e-05	2.1537798837e-05	0.00453370665518	0.00171943427382	0.00035537368081	0.00109483810755	0.000437935243018	2.51274319765e-05	7.17926627899e-05	0.000416397444181	0.00139636729126	0	7.17926627899e-06	0	0	1.4358532558e-05	0	2.1537798837e-05	3.94859645344e-05	3.58963313949e-06	9.69200947663e-05	8.97408284873e-05	1.07688994185e-05	1.07688994185e-05	4.66652308134e-05	0	0	1.07688994185e-05	2.51274319765e-05	5.02548639529e-05	0.000290760284299	3.23066982554e-05	7.17926627899e-06	6.82030296504e-05	7.17926627899e-06	7.53822959294e-05	0.000434345609879	0.000574341302319	0.000229736520928	3.23066982554e-05	0	0	2.1537798837e-05	0	0	0	0.000481010840692	0.000642544331969	0.000735874793596	0.000208198722091	1.4358532558e-05	0	3.58963313949e-06	0.000114868260464	0.000118457893603	6.46133965109e-05	1.07688994185e-05	0	0	1.4358532558e-05
0.000674851030225	0.00122406490057	0.000308708449996	0	0.00021537798837	3.58963313949e-06	7.17926627899e-06	8.25615622083e-05	5.74341302319e-05	0.00186660923254	0.000398449278484	0.00615981046737	6.82030296504e-05	0.000294349917438	0.000621006533132	0.000290760284299	0.000606648000574	0.00511881685692	0.00251274319765	0.0242695096561	8.97408284873e-05	0.000624596166272	0.000201019455812	0.0012456026994	0.000262043219183	1.4358532558e-05	0.0101730203173	0.00371885993251	0.000628185799411	0.00173379280638	0.00134611242731	1.4358532558e-05	3.58963313949e-05	0.000603058367435	0.00913202670687	3.58963313949e-06	0.00217172804939	7.17926627899e-06	0	1.79481656975e-05	0	2.51274319765e-05	2.87170651159e-05	1.4358532558e-05	0.000341015148252	5.02548639529e-05	7.17926627899e-06	0	3.58963313949e-05	3.58963313949e-06	3.58963313949e-06	0.000147174958719	0.000466652308134	1.07688994185e-05	0.00106971067557	2.1537798837e-05	2.87170651159e-05	0.000323066982554	7.53822959294e-05	0.000218967621509	0.00013999569244	0.000761002225573	0.00203173235695	8.25615622083e-05	2.51274319765e-05	6.46133965109e-05	2.1537798837e-05	0	0	8.97408284873e-05	0.00260966329241	0.00166558977672	0.00283939981334	0.000987149113361	0.000326656615694	3.58963313949e-06	3.58963313949e-06	0.00147533922033	0.00104817287673	0.000118457893603	1.07688994185e-05	1.07688994185e-05	3.58963313949e-06	0
0.000380501112786	0	0	0	0.00778232464642	5.74341302319e-05	0.001827123268	0.000100509727906	0.00131380572905	0.00223993107904	0.00661928350923	0.00413166774356	0.0132888218824	0.000437935243018	0.00301888147031	0.000165123124417	0	2.51274319765e-05	0.000168712757556	8.97408284873e-05	0.0258238208055	1.4358532558e-05	7.17926627899e-06	1.4358532558e-05	0.00503625529471	0	0.00232967190753	0.000509727905808	0.00574341302319	0.00678440663364	0.000258453586044	0.000276401751741	0.000434345609879	0.00249479503195	0.00697465719004	0	1.07688994185e-05	0	0	0.00165841051045	0	0.00021537798837	3.23066982554e-05	3.58963313949e-05	0.00193840189533	0.00131021609591	2.87170651159e-05	0.00164046234475	3.58963313949e-06	7.17926627899e-05	2.51274319765e-05	0	0	3.58963313949e-06	1.4358532558e-05	0.00366142580228	0	7.17926627899e-06	0	0.003654246536	0	4.66652308134e-05	1.07688994185e-05	0.000735874793596	1.07688994185e-05	0	0	0	0	1.79481656975e-05	5.74341302319e-05	3.23066982554e-05	0.00292555100869	0.000161533491277	0.000585110201737	0	2.1537798837e-05	1.79481656975e-05	7.17926627899e-06	6.10237633714e-05	3.58963313949e-06	7.17926627899e-06	0	3.58963313949e-06
0.000610237633714	6.82030296504e-05	0.00184148180056	0	1.79481656975e-05	7.17926627899e-06	0.000628185799411	0.00371527029938	0.00148251848661	0.000753822959294	3.23066982554e-05	0.000516907172087	7.17926627899e-06	6.82030296504e-05	0.000455883408716	1.79481656975e-05	0.00194558116161	0.00172302390696	0.000104099361045	0.000624596166272	1.4358532558e-05	0.0498743628401	0.00508651015866	0.0328451432264	0.000775360758131	3.58963313949e-05	0.00120970636801	0.00191327446335	0.00906741331036	0.000804077823246	0.0141503338359	7.17926627899e-06	1.4358532558e-05	0.000470241941274	0.00674133103597	6.10237633714e-05	0.000229736520928	5.02548639529e-05	0	1.07688994185e-05	0	5.02548639529e-05	0.000114868260464	4.66652308134e-05	0.00385526599182	5.38444970924e-05	6.10237633714e-05	3.58963313949e-06	4.30755976739e-05	8.97408284873e-05	3.58963313949e-06	0.000900997918013	0.000111278627324	1.79481656975e-05	4.66652308134e-05	4.30755976739e-05	0.000621006533132	0.00330246248833	0.00013999569244	0.00218967621509	0.000201019455812	0.000262043219183	0.00035537368081	0.000804077823246	0.000653313231388	0.00186660923254	3.58963313949e-05	0	6.82030296504e-05	4.66652308134e-05	0.00272453155288	0.000897408284873	0.00759566372317	0.0031265704645	0.000265632852322	0.000107688994185	1.07688994185e-05	0.00218608658195	0.00266709742264	0.000236915787207	0.000129226793022	1.4358532558e-05	7.17926627899e-06	1.07688994185e-05
4.30755976739e-05	0.00327374542322	0.000516907172087	0	5.74341302319e-05	0	3.23066982554e-05	5.02548639529e-05	3.23066982554e-05	0.00261325292555	1.79481656975e-05	0.000175892023835	0	0.000104099361045	2.51274319765e-05	6.46133965109e-05	0.00770335271735	0.00035178404767	3.58963313949e-05	0.000201019455812	7.17926627899e-06	0.00508651015866	0.0335235838897	0.0116375906382	0.00549213870342	0.0004271663436	0.000857922320339	0.0073982339005	0.00217890731567	2.1537798837e-05	0.00119534783545	3.23066982554e-05	3.58963313949e-06	5.02548639529e-05	0.000405628544763	1.79481656975e-05	0.000276401751741	5.02548639529e-05	0	3.94859645344e-05	0	9.69200947663e-05	0.000114868260464	9.69200947663e-05	0.00612391413598	6.46133965109e-05	7.17926627899e-05	3.94859645344e-05	1.79481656975e-05	7.89719290688e-05	3.58963313949e-06	0.00577930935458	5.74341302319e-05	1.4358532558e-05	4.66652308134e-05	5.02548639529e-05	0.00281427238136	0.0162718070213	0.00418551224065	0.00279273458253	0.000165123124417	0.000258453586044	0.00208557685405	0.00106971067557	0.000441524876158	0.00151841481801	0	0	1.07688994185e-05	2.87170651159e-05	0.00370450139996	0.00162969344533	0.00103022471103	0.00142508435638	0.000315887716275	3.58963313949e-06	0	0.00326656615694	0.00260248402613	0.000190250556393	0.000208198722091	3.58963313949e-06	5.02548639529e-05	0
0.00764950822026	0.00179840620289	0.0234295355015	0	3.23066982554e-05	1.4358532558e-05	0.000976380213942	0.00867973293129	0.00355014717496	0.000294349917438	6.10237633714e-05	0.00153995261684	1.4358532558e-05	0.000100509727906	0.00476703280925	2.51274319765e-05	0.00699978462201	0.0135472754684	0.000506138272669	0.0012456026994	1.4358532558e-05	0.0328451432264	0.0116375906382	0.107875655108	0.00109483810755	2.1537798837e-05	0.00884126642257	0.0172122909039	0.0039809031517	0.00204968052265	0.0133606145452	1.4358532558e-05	5.38444970924e-05	0.000362552947089	0.0111565797975	0.000132816426161	0.00145380142149	0.000452293775576	0	7.17926627899e-05	0	0.000107688994185	0.00109842774068	5.02548639529e-05	0.00171943427382	0.000122047526743	0.000111278627324	2.1537798837e-05	7.53822959294e-05	0.000179481656975	7.17926627899e-06	0.00583315385168	0.00204968052265	4.66652308134e-05	0.000269222485462	4.66652308134e-05	0.00454088592146	0.0180594443248	0.013820087587	0.00203532199009	0.00013999569244	0.0004271663436	0.00843922751095	0.0010266350779	0.00049895900639	0.00265632852322	3.58963313949e-05	0	6.46133965109e-05	0.000825615622083	0.00598391844354	0.00226146887788	0.014900567162	0.010474549501	0.00220403474765	0.000728695527317	2.87170651159e-05	0.00328810395578	0.00316964606217	0.00144303252208	0.000326656615694	8.25615622083e-05	4.66652308134e-05	1.07688994185e-05
0.000384090745926	0.00226146887788	0.000114868260464	0	0.00727977600689	2.1537798837e-05	0.00112355517266	0.000402038911623	0.00132098499533	0.00533060521215	0.000839974154641	0.0015543111494	0.00494651446622	0.000441524876158	0.001827123268	0.000570751669179	0.00247684686625	0.000122047526743	4.30755976739e-05	0.000262043219183	0.00503625529471	0.000775360758131	0.00549213870342	0.00109483810755	0.0406813123699	0.000276401751741	0.00179481656975	0.0048352358389	0.0136585540958	0.00462344748367	0.00350707157728	5.38444970924e-05	0.00013999569244	0.00383013855984	0.0063715988226	7.17926627899e-06	0.000398449278484	0	0	0.00185225069998	1.07688994185e-05	0.00127073013138	0.000402038911623	0.000157943858138	0.00648287744992	0.00125637159882	3.58963313949e-05	0.000481010840692	9.69200947663e-05	0.000111278627324	2.51274319765e-05	8.25615622083e-05	5.02548639529e-05	7.17926627899e-06	6.46133965109e-05	0.00164764161103	3.58963313949e-05	0.000412807811042	5.74341302319e-05	0.00457678225285	0.000122047526743	0.000183071290114	0.000455883408716	0.00142867398952	7.17926627899e-05	0.000175892023835	7.89719290688e-05	3.58963313949e-06	1.79481656975e-05	0.000254863952904	0.00325220762438	0.00085074305406	0.00284298944648	0.00159738674707	0.0018630195994	1.07688994185e-05	5.74341302319e-05	0.00183071290114	0.00049895900639	0.000344604781391	0.00014358532558	0.000107688994185	1.4358532558e-05	9.69200947663e-05
3.58963313949e-06	0.000836384521502	3.58963313949e-06	0	0	3.58963313949e-06	1.07688994185e-05	1.07688994185e-05	2.51274319765e-05	0.000455883408716	0	0.00148610811975	0	0.00744489913131	1.4358532558e-05	3.58963313949e-06	7.17926627899e-05	3.58963313949e-06	2.1537798837e-05	1.4358532558e-05	0	3.58963313949e-05	0.0004271663436	2.1537798837e-05	0.000276401751741	0.0116770766028	0.000506138272669	0.00533060521215	0.000437935243018	2.51274319765e-05	3.23066982554e-05	0.000118457893603	3.58963313949e-06	1.07688994185e-05	0.000218967621509	0	0.000269222485462	3.58963313949e-06	0	1.07688994185e-05	0	0.000132816426161	1.4358532558e-05	7.89719290688e-05	1.79481656975e-05	3.94859645344e-05	0.00290760284299	0.000147174958719	0.00404910618135	0.000150764591859	3.94859645344e-05	7.17926627899e-06	1.79481656975e-05	1.4358532558e-05	0.000118457893603	2.87170651159e-05	0	2.1537798837e-05	3.58963313949e-06	1.07688994185e-05	0.0025271017302	0.00125278196568	0.000412807811042	1.4358532558e-05	3.23066982554e-05	0	0.000875870486036	3.58963313949e-06	0	0.000857922320339	0.000104099361045	0.000531265704645	1.4358532558e-05	3.58963313949e-06	7.17926627899e-06	0	0.000168712757556	0.000186660923254	0.00167994830928	0.000807667456386	1.07688994185e-05	0.000552803503482	0	0.000915356450571
0.00484600473832	0.00211070428602	0.0136190681312	0	0.00111278627324	0.000222557254649	0.000330246248833	0.0022542896116	0.00129226793022	0.00131021609591	0.001827123268	0.0140103381434	0.00253428099648	0.00329169358892	0.0048172876732	0.000186660923254	0.00106612104243	0.0105463421638	0.00453370665518	0.0101730203173	0.00232967190753	0.00120970636801	0.000857922320339	0.00884126642257	0.00179481656975	0.000506138272669	0.0891234115873	0.0309964821595	0.00162969344533	0.00643621221911	0.00470241941274	0.00148969775289	0.000545624237203	0.00207121832149	0.010036614258	3.23066982554e-05	0.00527676071505	0.000484600473832	0	8.61511953478e-05	3.58963313949e-06	0.00028358101802	0.000226146887788	0.000244095053486	0.000786129657549	0.000369732213368	0.000398449278484	4.66652308134e-05	0.00197788785986	5.74341302319e-05	0	0.000333835881973	0.00478498097494	0.000585110201737	0.00817359465863	0.000157943858138	0.000122047526743	0.00085074305406	0.000362552947089	0.000542034604063	0.00538444970924	0.0106001866609	0.00891305908536	0.000233326154067	4.30755976739e-05	0.000172302390696	0.00056716203604	0	0	0.000380501112786	0.00557470026563	0.00498600043076	0.00580443678656	0.00210711465288	0.000236915787207	3.58963313949e-06	3.58963313949e-06	0.00253787062962	0.00323066982554	0.00129585756336	0.000161533491277	5.74341302319e-05	4.66652308134e-05	0.000132816426161
0.00107330030871	0.00886280422141	0.0183968698399	0	0.000818436355804	2.51274319765e-05	0.000398449278484	0.000746643693015	0.000890229018594	0.00214660061742	0.00146815995405	0.00736951683538	0.000348194414531	0.00732285160457	0.000732285160457	0.000262043219183	0.00297939550578	0.00711824251561	0.00171943427382	0.00371885993251	0.000509727905808	0.00191327446335	0.0073982339005	0.0172122909039	0.0048352358389	0.00533060521215	0.0309964821595	0.107017732788	0.00324861799124	0.00236197860579	0.00115227223778	0.000527676071505	0.00014358532558	0.00221839328021	0.00691004379352	3.94859645344e-05	0.0105176250987	0.00170148610812	0	7.53822959294e-05	3.58963313949e-06	0.000208198722091	0.000251274319765	5.02548639529e-05	0.000796898556967	0.000326656615694	0.00106253140929	6.46133965109e-05	0.00243377126858	4.66652308134e-05	7.17926627899e-06	0.00425730490344	0.00285734797904	0.000236915787207	0.00307631560055	0.000147174958719	0.00115586187092	0.00988226003302	0.00567520999354	0.000552803503482	0.00578289898772	0.00526599181564	0.0157548998492	0.000272812118601	5.38444970924e-05	0.000179481656975	0.000926125349989	0	1.4358532558e-05	0.00091894608371	0.00844640677723	0.00350707157728	0.00872639816211	0.00553162466796	0.000599468734295	2.1537798837e-05	0	0.00492138703425	0.00367578433484	0.00194199152847	0.000233326154067	0.000125637159882	2.51274319765e-05	0.000254863952904
0.00451216885634	0.000290760284299	0.000466652308134	0	0.0147821092684	1.79481656975e-05	0.00521573695168	0.0184219972719	0.008234618422	0.00514753392203	0.0139493143801	0.00310503266566	0.00146457032091	0.000463062674995	0.00654031158016	0.000301529183717	0.000947663148826	0.000348194414531	0.00035537368081	0.000628185799411	0.00574341302319	0.00906741331036	0.00217890731567	0.0039809031517	0.0136585540958	0.000437935243018	0.00162969344533	0.00324861799124	0.0826871993682	0.0149687701917	0.0146995477062	8.25615622083e-05	0.000394859645344	0.0128867829708	0.0159092540742	0.000186660923254	0.000972790580803	1.79481656975e-05	0	0.00275324861799	2.1537798837e-05	0.00202814272381	0.0020999353866	0.000531265704645	0.011117093833	0.0051259961232	0.000875870486036	0.00226505851102	0.00013999569244	0.000796898556967	9.69200947663e-05	0.000104099361045	8.61511953478e-05	1.79481656975e-05	0.00014358532558	0.00566085146098	2.87170651159e-05	0.000531265704645	7.89719290688e-05	0.010216095915	0.000294349917438	0.000402038911623	0.000962021681384	0.00311580156508	0.000193840189533	0.00042357671046	0.000111278627324	7.17926627899e-06	2.1537798837e-05	0.00118457893603	0.00404192691507	0.000897408284873	0.010499676933	0.00220044511451	0.00049895900639	2.87170651159e-05	8.25615622083e-05	0.00416038480867	0.00265632852322	0.00152918371742	0.000269222485462	0.00143944288894	2.51274319765e-05	0.000628185799411
0.0143118673272	0.000107688994185	0.000900997918013	0	0.00502907602843	8.25615622083e-05	0.0015722593151	0.00494651446622	0.00832435925048	0.00131021609591	0.00914997487257	0.0125098714911	0.00684902003015	0.00114868260464	0.0270837820375	0.000262043219183	3.94859645344e-05	0.00214301098428	0.00109483810755	0.00173379280638	0.00678440663364	0.000804077823246	2.1537798837e-05	0.00204968052265	0.00462344748367	2.51274319765e-05	0.00643621221911	0.00236197860579	0.0149687701917	0.0646995477062	0.0206152631201	0.000527676071505	0.00357886424007	0.0203532199009	0.0333548711322	3.58963313949e-06	0.000628185799411	1.79481656975e-05	0	0.000233326154067	3.58963313949e-06	0.00166200014359	0.00179481656975	0.000233326154067	0.00103381434417	0.00185584033312	0.000380501112786	0.000175892023835	2.1537798837e-05	0.000434345609879	0.000218967621509	0.000552803503482	8.97408284873e-05	7.17926627899e-06	0.000226146887788	0.000179481656975	2.1537798837e-05	0.000305118816857	3.23066982554e-05	0.00176250987149	2.87170651159e-05	0.000265632852322	0.000814846722665	0.00122047526743	8.61511953478e-05	4.66652308134e-05	1.07688994185e-05	3.58963313949e-06	4.66652308134e-05	0.000524086438366	0.00177686840405	0.000775360758131	0.0144769904516	0.000843563787781	0.000703568095341	1.79481656975e-05	3.58963313949e-05	0.000976380213942	0.000366142580228	0.000653313231388	8.61511953478e-05	0.000721516261038	6.46133965109e-05	0.000107688994185
0.0130124201307	0.000201019455812	0.00575059228947	0	0.00133175389475	6.10237633714e-05	0.000445114509297	0.0118852753249	0.0032629765238	0.00413166774356	0.000391270012205	0.00121329600115	6.46133965109e-05	6.82030296504e-05	0.0105319836313	0.000746643693015	0.000100509727906	0.00537727044296	0.000437935243018	0.00134611242731	0.000258453586044	0.0141503338359	0.00119534783545	0.0133606145452	0.00350707157728	3.23066982554e-05	0.00470241941274	0.00115227223778	0.0146995477062	0.0206152631201	0.0574269509656	0	9.69200947663e-05	0.00843204824467	0.012685763515	0.000129226793022	0.000222557254649	7.17926627899e-06	0	5.02548639529e-05	0	0.00049536937325	0.00077895039127	0.000114868260464	0.00293273027497	0.000441524876158	0.000233326154067	2.1537798837e-05	3.58963313949e-06	0.000193840189533	8.97408284873e-05	5.02548639529e-05	0.000183071290114	0	0.000172302390696	1.4358532558e-05	3.58963313949e-05	0.000125637159882	6.10237633714e-05	0.000771771124991	2.1537798837e-05	0.000150764591859	0.000240505420346	0.00104099361045	0.000445114509297	0.000613827266853	0	0	9.69200947663e-05	0.000348194414531	0.0013820087587	0.000481010840692	0.00619570679877	0.00191686409649	0.00145021178836	2.51274319765e-05	6.10237633714e-05	0.00139636729126	0.000739464426736	0.000631775432551	0.000172302390696	0.000218967621509	7.17926627899e-06	8.25615622083e-05
