0.00867029269512	0	6.16128182045e-05	0	0.000140340308133	0	0.00039363744964	0.00325521056181	0.000989228025617	0.000147186176822	0.000171146717235	3.4229343447e-06	0.000215644863716	0	0.00308748677892	5.81898838598e-05	1.71146717235e-05	4.79210808257e-05	0	0	0.000198530191992	0.000325178762746	5.47669495151e-05	0.000332024631436	0.000414175055708	0	1.71146717235e-05	4.10752121364e-05	0.000410752121364	0.00362488747103	0.00265619705148	0	3.4229343447e-06	0.000732507949765	0.000616128182045	0	0	0	0	3.4229343447e-06	0	0	6.84586868939e-06	0	4.44981464811e-05	3.4229343447e-06	0	0	0	3.4229343447e-06	0	0	0	0	0	0	0	1.02688030341e-05	0	4.79210808257e-05	0	0	0	1.71146717235e-05	0	0	0	0	0	0	0.000201953126337	6.84586868939e-06	0.000270411813231	6.84586868939e-05	0	1.36917373788e-05	0	0	0	0	0	0	0	0
0	0.0117406648023	0.00122883342975	0	0	0	0	0	3.4229343447e-06	3.4229343447e-05	0	6.16128182045e-05	0	6.84586868939e-05	3.4229343447e-06	0	3.76522777917e-05	0.00104399497513	2.39605404129e-05	0.000338870500125	0	0.000126648570754	0.00109876192465	0.000581898838598	1.36917373788e-05	0.000913923470034	0.00391241395599	0.00647961471451	1.02688030341e-05	1.36917373788e-05	6.16128182045e-05	3.4229343447e-06	0	6.84586868939e-06	0.000688009803284	0	0.00266304292017	0.000325178762746	0	0	0	0	6.84586868939e-06	3.4229343447e-06	1.02688030341e-05	0	6.50357525492e-05	0	6.84586868939e-06	0	0	0.000123225636409	0.000205376060682	6.84586868939e-06	0.000140340308133	0	6.84586868939e-05	0.000674318065905	0.00034229343447	1.36917373788e-05	6.16128182045e-05	0.000414175055708	0.00174911945014	2.05376060682e-05	0	1.71146717235e-05	0	0	0	0.000112956833375	0.00022591366675	0.00017456965158	0.00033544756578	0.000157454979856	3.4229343447e-06	1.36917373788e-05	0	0.000119802702064	0.000835195980106	0.000191684323303	4.10752121364e-05	0	0	3.4229343447e-06
6.16128182045e-05	0.00122883342975	0.033644021674	0	1.02688030341e-05	0	2.39605404129e-05	0.00039363744964	4.44981464811e-05	0.000140340308133	3.4229343447e-06	2.39605404129e-05	3.4229343447e-06	1.36917373788e-05	7.18816212386e-05	2.39605404129e-05	0.000479210808257	0.00853679825567	1.02688030341e-05	0.000362831040538	6.84586868939e-06	0.00366253974883	0.00134863613181	0.0180902080117	0.000215644863716	3.76522777917e-05	0.00986831971576	0.0134726695807	0.000318332894057	0.000376522777917	0.00239263110694	0	3.4229343447e-06	0.000294372353644	0.00621604876997	0	0.000431289727432	6.84586868939e-05	0	3.4229343447e-06	0	0	2.39605404129e-05	3.4229343447e-06	5.81898838598e-05	0	3.4229343447e-06	0	0	0	0	0.00016772378289	3.76522777917e-05	0	1.36917373788e-05	0	4.44981464811e-05	0.000595590575977	0.000123225636409	4.44981464811e-05	0	3.08064091023e-05	0.000424443858742	4.10752121364e-05	0	2.05376060682e-05	0	0	0	1.36917373788e-05	0.00294030060209	0.00073593088411	0.00426155325915	0.00184838454614	0.000239605404129	0.000164300848545	2.39605404129e-05	8.55733586174e-05	0.000147186176822	5.81898838598e-05	3.4229343447e-05	0	0	0
0	0	0	0	0	0	0	0	0	0	0	0	0	0	0	0	0	0	0	0	0	0	0	0	0	0	0	0	0	0	0	0	0	0	0	0	0	0	0	0	0	0	0	0	0	0	0	0	0	0	0	0	0	0	0	0	0	0	0	0	0	0	0	0	0	0	0	0	0	0	0	0	0	0	0	0	0	0	0	0	0	0	0	0
0.000140340308133	0	1.02688030341e-05	0	0.019692141285	0	0.000920769338723	0.00131440678836	0.000455250267845	0.000273834747576	0.00193395790475	0	0.0032620564305	0	0.000359408106193	3.76522777917e-05	6.84586868939e-06	1.02688030341e-05	0	0	0.00942333825095	7.18816212386e-05	3.4229343447e-06	4.79210808257e-05	0.0110047339182	0	3.4229343447e-06	3.4229343447e-06	0.00505909696146	0.000400483318329	0.000273834747576	0	0	0.000143763242477	0.000112956833375	3.4229343447e-06	0	0	0	0.00022591366675	0	3.4229343447e-06	1.02688030341e-05	3.4229343447e-06	7.8727489928e-05	2.05376060682e-05	0	2.73834747576e-05	0	0	0	3.4229343447e-06	0	0	0	5.81898838598e-05	3.4229343447e-06	3.4229343447e-06	3.4229343447e-06	7.8727489928e-05	0	0	0	3.4229343447e-05	0	0	0	0	0	0	3.76522777917e-05	0	7.8727489928e-05	1.36917373788e-05	7.8727489928e-05	0	0	3.4229343447e-06	0	0	0	0	0	0
0	0	0	0	0	0.00194080377344	0.000222490732405	1.36917373788e-05	0.00016772378289	0	0	1.02688030341e-05	0	0	0.00022591366675	8.55733586174e-05	0	0	0	0	0	0	0	0	3.4229343447e-06	0	3.4229343447e-06	3.4229343447e-06	0	0.000691432737629	3.4229343447e-06	0	0.00130756091967	3.4229343447e-06	0.00056820710122	0	0	0	0	0	0	0	0	0	0	0	0	0	0	0	0	0	0	0	0	0	0	0	0	0	0	0	0	0	0	0	0	0	0	0	1.02688030341e-05	0	4.44981464811e-05	1.02688030341e-05	0.00039363744964	0.000188261388958	0	0	0	0	0	0	0	0
0.00039363744964	0	2.39605404129e-05	0	0.000920769338723	0.000222490732405	0.0299985965969	0.0015163599147	0.00828350111417	0.000143763242477	0.00588060120419	2.39605404129e-05	0.00559992058792	6.84586868939e-06	0.00426497619349	0.00295741527382	2.73834747576e-05	2.73834747576e-05	0	6.84586868939e-06	0.00359750399628	8.89962929621e-05	2.39605404129e-05	0.000112956833375	0.00127333157623	1.02688030341e-05	1.36917373788e-05	2.39605404129e-05	0.000643511656803	0.00391583689033	0.000537400692117	0	0.000866002389208	0.000564784166875	0.00145132416215	0	0	0	0	0	0	0	6.84586868939e-06	3.4229343447e-06	3.4229343447e-05	0	0	1.36917373788e-05	0	3.4229343447e-06	3.4229343447e-06	0	0	0	0	0	0	6.84586868939e-06	0	3.76522777917e-05	0	0	0	1.02688030341e-05	0	0	0	0	0	0	0.000219067798061	2.05376060682e-05	0.000575052969909	0.000157454979856	0.000557938298186	6.50357525492e-05	0	3.4229343447e-06	0	0	0	0	0	0
0.00325521056181	0	0.00039363744964	0	0.00131440678836	1.36917373788e-05	0.0015163599147	0.0317511389814	0.0024816273999	0.000859156520519	0.00250558794032	0	0.00113641420244	0	0.0029711070112	0.000140340308133	0.000266988878886	0.000314909959712	0	1.36917373788e-05	0.0020298000664	0.00190657443	0.000236182469784	0.00177307999055	0.00364200214276	0	0.000112956833375	0.000164300848545	0.00910842829124	0.00353246824373	0.00992308666527	0	1.02688030341e-05	0.00167381489456	0.00188945975827	6.84586868939e-06	0	3.4229343447e-06	0	2.39605404129e-05	0	0	7.8727489928e-05	3.4229343447e-06	0.000349139303159	2.05376060682e-05	0	2.73834747576e-05	0	6.84586868939e-06	3.4229343447e-06	2.05376060682e-05	0	0	0	3.4229343447e-06	6.84586868939e-06	6.50357525492e-05	6.84586868939e-06	0.000355985171848	0	0	0	0.000119802702064	6.84586868939e-06	6.84586868939e-06	0	0	0	3.4229343447e-06	0.000616128182045	3.08064091023e-05	0.000811235439693	0.000246451272818	9.58421616515e-05	2.05376060682e-05	0	1.71146717235e-05	1.02688030341e-05	3.4229343447e-06	0	3.4229343447e-06	0	0
0.000989228025617	3.4229343447e-06	4.44981464811e-05	0	0.000455250267845	0.00016772378289	0.00828350111417	0.0024816273999	0.0280269864144	0.00010953389903	0.00226598253619	2.39605404129e-05	0.00156085806118	3.4229343447e-06	0.0151259468692	0.000869425323553	0	3.4229343447e-05	0	3.4229343447e-06	0.00122883342975	0.000164300848545	1.02688030341e-05	0.00016772378289	0.000838618914451	3.4229343447e-06	2.05376060682e-05	2.39605404129e-05	0.000530554823428	0.00593194521936	0.000999496828651	0	0.00117406648023	0.000749622621488	0.00172173597538	0	0	0	0	0	0	0	1.71146717235e-05	0	3.76522777917e-05	0	0	0	0	0	3.4229343447e-06	0	0	0	0	0	0	6.84586868939e-06	0	4.79210808257e-05	0	0	0	2.05376060682e-05	0	0	0	0	0	0	0.000249874207163	1.02688030341e-05	0.000554515363841	0.000136917373788	0.000143763242477	1.36917373788e-05	0	3.4229343447e-06	0	0	0	0	0	0
0.000147186176822	3.4229343447e-05	0.000140340308133	0	0.000273834747576	0	0.000143763242477	0.000859156520519	0.00010953389903	0.0151054092631	9.24192273068e-05	3.4229343447e-06	0.00117406648023	0	0.000171146717235	0.000397060383985	0.000540823626462	7.8727489928e-05	0	3.4229343447e-06	0.000222490732405	0.000664049262871	0.00269727226362	0.000722239146731	0.00502829055236	0	3.08064091023e-05	0.000130071505098	0.0016464314198	0.000674318065905	0.00154032045511	0	0	0.000527131889083	0.000770160227557	3.08064091023e-05	6.84586868939e-06	6.84586868939e-06	0	6.16128182045e-05	0	5.47669495151e-05	0.000468942005223	4.79210808257e-05	0.00229678894529	9.92650959962e-05	0	0.000164300848545	0	4.79210808257e-05	1.36917373788e-05	8.89962929621e-05	0	0	0	1.36917373788e-05	3.4229343447e-05	0.00039363744964	2.73834747576e-05	0.00176281118752	0	0	1.36917373788e-05	0.000629819919424	6.84586868939e-06	4.44981464811e-05	0	0	6.84586868939e-06	1.36917373788e-05	0.000527131889083	2.39605404129e-05	0.000314909959712	0.000140340308133	0.00108507018727	1.02688030341e-05	0	0.00010953389903	2.39605404129e-05	2.39605404129e-05	1.71146717235e-05	3.08064091023e-05	6.84586868939e-06	0
0.000171146717235	0	3.4229343447e-06	0	0.00193395790475	0	0.00588060120419	0.00250558794032	0.00226598253619	9.24192273068e-05	0.0201850438307	0	0.0047784163452	0	0.00067089513156	0.000112956833375	3.4229343447e-06	3.4229343447e-06	0	0	0.00834511393237	3.76522777917e-05	1.36917373788e-05	3.4229343447e-05	0.00163958555111	0	3.4229343447e-06	0	0.00153347458642	0.000482633742602	0.000243028338473	0	6.84586868939e-06	0.000198530191992	0.000171146717235	0	0	0	0	3.4229343447e-06	0	0	3.4229343447e-06	0	1.02688030341e-05	0	0	1.02688030341e-05	0	0	0	0	0	0	0	0	0	3.4229343447e-06	0	1.36917373788e-05	0	0	0	1.02688030341e-05	0	0	0	0	0	0	4.10752121364e-05	3.4229343447e-06	8.89962929621e-05	3.08064091023e-05	4.10752121364e-05	0	0	0	0	0	0	0	0	0
3.4229343447e-06	6.16128182045e-05	2.39605404129e-05	0	0	1.02688030341e-05	2.39605404129e-05	0	2.39605404129e-05	3.4229343447e-06	0	0.0169264103345	0	0.00501802174932	5.13440151704e-05	0	0	0.000160877914201	0.00217698624323	0.00224202199578	0	1.36917373788e-05	0	2.73834747576e-05	3.4229343447e-06	0.00184496161179	0.00460384669362	0.00132809852574	3.4229343447e-06	0.000154032045511	1.36917373788e-05	0.000171146717235	1.71146717235e-05	3.4229343447e-06	0.00268700346059	0	0.000102688030341	0	0	0	0	0	0	0	0	0	0.000160877914201	0	6.50357525492e-05	0	0	0	6.84586868939e-06	1.36917373788e-05	6.50357525492e-05	0	0	0	0	0	0.00016772378289	0.000126648570754	0.000102688030341	0	0	0	0	0	0	1.71146717235e-05	8.55733586174e-05	0.000780429030591	0.000266988878886	6.84586868939e-05	6.84586868939e-06	0	3.76522777917e-05	3.4229343447e-06	0.000332024631436	4.10752121364e-05	0	0	0	1.71146717235e-05
0.000215644863716	0	3.4229343447e-06	0	0.0032620564305	0	0.00559992058792	0.00113641420244	0.00156085806118	0.00117406648023	0.0047784163452	0	0.0306626458598	0	0.000903654667	0.00155058925815	2.39605404129e-05	6.84586868939e-06	0	0	0.0110663467364	3.4229343447e-05	1.36917373788e-05	5.47669495151e-05	0.00388503048123	0	3.4229343447e-06	6.84586868939e-06	0.000886539995276	0.000886539995276	0.000397060383985	0	3.4229343447e-06	0.000294372353644	0.000311487025367	0	0	0	0	2.73834747576e-05	0	0	3.4229343447e-06	0	3.4229343447e-05	0	0	0.000297795287989	0	0	0	0	0	0	0	3.4229343447e-06	3.4229343447e-06	3.4229343447e-06	3.4229343447e-06	4.10752121364e-05	0	0	0	1.02688030341e-05	0	0	0	0	0	0	0.000198530191992	0	0.000164300848545	4.44981464811e-05	0.000824927177072	0	0	3.4229343447e-06	0	3.4229343447e-06	0	3.4229343447e-06	0	0
0	6.84586868939e-05	1.36917373788e-05	0	0	0	6.84586868939e-06	0	3.4229343447e-06	0	0	0.00501802174932	0	0.0191205112495	6.84586868939e-06	0	3.4229343447e-06	6.16128182045e-05	0.00034229343447	0.000410752121364	0	0	0	1.71146717235e-05	0	0.00649330645189	0.00469284298658	0.0046791512492	0	3.08064091023e-05	3.4229343447e-06	0.00122198756106	3.4229343447e-06	0	0.000551092429496	0	8.21504242727e-05	0	0	0	0	3.4229343447e-06	3.4229343447e-06	0	0	0	0.000400483318329	0	0.000304641156678	0	0	0	2.73834747576e-05	3.08064091023e-05	0.000143763242477	0	0	0	3.4229343447e-06	0	0.00034229343447	0.000205376060682	0.000140340308133	0	0	0	0	0	0	6.16128182045e-05	0.00017456965158	0.000753045555833	0.000294372353644	0.000205376060682	6.84586868939e-06	6.84586868939e-06	0.000201953126337	6.50357525492e-05	0.00073593088411	7.18816212386e-05	5.47669495151e-05	3.4229343447e-06	3.4229343447e-06	2.39605404129e-05
0.00308748677892	3.4229343447e-06	7.18816212386e-05	0	0.000359408106193	0.00022591366675	0.00426497619349	0.0029711070112	0.0151259468692	0.000171146717235	0.00067089513156	5.13440151704e-05	0.000903654667	6.84586868939e-06	0.0326342560423	0.00108849312161	4.10752121364e-05	6.50357525492e-05	0	6.84586868939e-06	0.000636665788114	0.000355985171848	5.47669495151e-05	0.000308064091023	0.000818081308382	3.4229343447e-06	3.4229343447e-05	4.10752121364e-05	0.000571630035564	0.0141435647123	0.00235497882915	0	0.0020298000664	0.00182784694007	0.003713883764	0	0	0	0	3.4229343447e-06	0	0	1.71146717235e-05	3.4229343447e-06	6.84586868939e-05	0	0	3.4229343447e-06	0	3.4229343447e-06	0	3.4229343447e-06	0	0	0	0	0	6.84586868939e-06	0	6.84586868939e-05	0	0	3.4229343447e-06	2.39605404129e-05	0	0	0	0	0	0	0.000612705247701	3.76522777917e-05	0.00129044624795	0.000338870500125	0.000150609111167	3.4229343447e-05	0	6.84586868939e-06	3.4229343447e-06	3.4229343447e-06	0	3.4229343447e-06	0	0
5.81898838598e-05	0	2.39605404129e-05	0	3.76522777917e-05	8.55733586174e-05	0.00295741527382	0.000140340308133	0.000869425323553	0.000397060383985	0.000112956833375	0	0.00155058925815	0	0.00108849312161	0.00712654930566	1.36917373788e-05	1.02688030341e-05	0	0	0.000119802702064	2.73834747576e-05	1.36917373788e-05	3.76522777917e-05	0.000147186176822	0	3.4229343447e-06	1.71146717235e-05	6.16128182045e-05	0.00121856462671	0.000140340308133	0	6.16128182045e-05	0.000253297141508	0.000527131889083	0	0	0	0	0	0	0	3.4229343447e-06	3.4229343447e-06	2.05376060682e-05	3.4229343447e-06	0	3.4229343447e-06	0	3.4229343447e-06	0	0	0	0	0	0	0	3.4229343447e-06	0	2.73834747576e-05	0	0	0	6.84586868939e-06	0	0	0	0	0	0	0.000373099843572	3.4229343447e-06	0.000215644863716	5.81898838598e-05	0.0030327198294	3.76522777917e-05	0	6.84586868939e-06	0	0	0	0	0	0
1.71146717235e-05	3.76522777917e-05	0.000479210808257	0	6.84586868939e-06	0	2.73834747576e-05	0.000266988878886	0	0.000540823626462	3.4229343447e-06	0	2.39605404129e-05	3.4229343447e-06	4.10752121364e-05	1.36917373788e-05	0.0156291182179	0.000157454979856	0	3.4229343447e-06	1.02688030341e-05	0.00354615998111	0.0020298000664	0.00452854213803	0.00521997487566	0	7.18816212386e-05	0.00101661150037	0.00166354609152	0.000294372353644	0.0010645325812	0	0	0.000280680616265	0.000903654667	1.02688030341e-05	1.36917373788e-05	2.05376060682e-05	0	0	0	0	6.84586868939e-05	1.02688030341e-05	0.000181415520269	6.84586868939e-06	0	0	0	3.4229343447e-06	0	0.00293687766775	0	0	0	0	0.000198530191992	0.000383368646606	0.000722239146731	0.00134863613181	0	0	0.000201953126337	0.000304641156678	0	2.05376060682e-05	0	0	0	1.71146717235e-05	0.000438135596121	8.55733586174e-05	0.000397060383985	0.000177992585924	2.05376060682e-05	6.84586868939e-06	0	9.24192273068e-05	9.24192273068e-05	2.05376060682e-05	1.02688030341e-05	3.4229343447e-06	0	0
4.79210808257e-05	0.00104399497513	0.00853679825567	0	1.02688030341e-05	0	2.73834747576e-05	0.000314909959712	3.4229343447e-05	7.8727489928e-05	3.4229343447e-06	0.000160877914201	6.84586868939e-06	6.16128182045e-05	6.50357525492e-05	1.02688030341e-05	0.000157454979856	0.0355026750232	7.18816212386e-05	0.0049392942594	6.84586868939e-06	0.00386449287516	0.000328601697091	0.0142154463335	0.000133494439443	0.000140340308133	0.0159611428493	0.0045490797441	0.00022591366675	0.000386791580951	0.00262881357673	3.4229343447e-06	3.4229343447e-06	0.000273834747576	0.0105665983221	0	0.000390214515295	5.81898838598e-05	0	0	0	0	6.84586868939e-06	0	1.71146717235e-05	0	2.73834747576e-05	0	6.84586868939e-06	0	0	4.10752121364e-05	3.76522777917e-05	0	2.05376060682e-05	0	1.36917373788e-05	0.000188261388958	4.79210808257e-05	2.05376060682e-05	2.39605404129e-05	8.21504242727e-05	0.000297795287989	1.02688030341e-05	0	6.84586868939e-06	3.4229343447e-06	0	0	1.71146717235e-05	0.00274519334445	0.00120487288933	0.00479553101692	0.00189288269262	0.000212221929371	0.000112956833375	3.08064091023e-05	6.16128182045e-05	0.000177992585924	4.79210808257e-05	3.08064091023e-05	0	0	0
0	2.39605404129e-05	1.02688030341e-05	0	0	0	0	0	0	0	0	0.00217698624323	0	0.00034229343447	0	0	0	7.18816212386e-05	0.00522339781001	0.00162589381373	0	3.4229343447e-06	3.4229343447e-06	1.36917373788e-05	0	0.000246451272818	0.00304298863244	0.000410752121364	0	0	3.4229343447e-06	2.73834747576e-05	0	0	0.000154032045511	0	2.05376060682e-05	0	0	0	0	0	0	0	0	0	2.73834747576e-05	0	1.02688030341e-05	0	0	0	3.4229343447e-06	6.84586868939e-06	2.39605404129e-05	0	0	0	0	0	2.39605404129e-05	2.73834747576e-05	2.39605404129e-05	0	0	0	0	0	0	3.4229343447e-06	1.02688030341e-05	5.81898838598e-05	2.05376060682e-05	1.02688030341e-05	3.4229343447e-06	0	0	0	6.84586868939e-05	3.4229343447e-06	0	0	0	0
0	0.000338870500125	0.000362831040538	0	0	0	6.84586868939e-06	1.36917373788e-05	3.4229343447e-06	3.4229343447e-06	0	0.00224202199578	0	0.000410752121364	6.84586868939e-06	0	3.4229343447e-06	0.0049392942594	0.00162589381373	0.0164163931172	0	7.8727489928e-05	6.84586868939e-06	0.000297795287989	3.4229343447e-06	0.000527131889083	0.0106658634181	0.00193053497041	1.36917373788e-05	4.44981464811e-05	6.50357525492e-05	1.36917373788e-05	3.4229343447e-06	2.05376060682e-05	0.00347085542552	0	0.000205376060682	1.02688030341e-05	0	0	0	0	0	0	0	0	5.81898838598e-05	0	2.73834747576e-05	0	0	3.4229343447e-06	2.39605404129e-05	0	5.81898838598e-05	0	0	1.02688030341e-05	6.84586868939e-06	0	7.8727489928e-05	8.89962929621e-05	0.000164300848545	0	0	0	0	0	0	2.73834747576e-05	0.000431289727432	0.000705124475007	0.00079412076797	0.000270411813231	2.73834747576e-05	3.4229343447e-06	0	0	0.000212221929371	4.79210808257e-05	6.84586868939e-06	0	0	0
0.000198530191992	0	6.84586868939e-06	0	0.00942333825095	0	0.00359750399628	0.0020298000664	0.00122883342975	0.000222490732405	0.00834511393237	0	0.0110663467364	0	0.000636665788114	0.000119802702064	1.02688030341e-05	6.84586868939e-06	0	0	0.025500860868	5.47669495151e-05	1.02688030341e-05	4.44981464811e-05	0.00557253711317	0	0	6.84586868939e-06	0.00359408106193	0.000657203394182	0.000352562237504	0	3.4229343447e-06	0.000273834747576	0.000215644863716	0	0	0	0	3.76522777917e-05	0	0	1.02688030341e-05	0	4.79210808257e-05	0	0	5.81898838598e-05	0	0	0	3.4229343447e-06	0	0	0	2.39605404129e-05	3.4229343447e-06	6.84586868939e-06	3.4229343447e-06	5.81898838598e-05	0	0	0	1.71146717235e-05	0	0	0	0	0	0	7.53045555833e-05	6.84586868939e-06	0.00011637976772	2.39605404129e-05	9.58421616515e-05	0	0	0	0	0	0	0	0	0
0.000325178762746	0.000126648570754	0.00366253974883	0	7.18816212386e-05	0	8.89962929621e-05	0.00190657443	0.000164300848545	0.000664049262871	3.76522777917e-05	1.36917373788e-05	3.4229343447e-05	0	0.000355985171848	2.73834747576e-05	0.00354615998111	0.00386449287516	3.4229343447e-06	7.8727489928e-05	5.47669495151e-05	0.0439983980667	0.00119118115195	0.0265345870401	0.00262539064238	3.4229343447e-06	0.00121856462671	0.00196476431386	0.00424443858742	0.00175254238448	0.0149924524298	0	6.84586868939e-06	0.00120144995499	0.00689378977022	0	4.10752121364e-05	6.84586868939e-06	0	3.4229343447e-06	0	0	4.79210808257e-05	0	0.000263565944542	1.02688030341e-05	0	6.84586868939e-06	0	0	0	7.18816212386e-05	1.02688030341e-05	0	0	0	2.39605404129e-05	0.000287526484954	3.76522777917e-05	0.000212221929371	0	3.4229343447e-06	2.39605404129e-05	9.92650959962e-05	0	1.02688030341e-05	0	0	0	3.4229343447e-06	0.00234813296046	0.000301218222333	0.00301218222333	0.0011946040863	0.000188261388958	9.92650959962e-05	3.4229343447e-06	5.13440151704e-05	3.4229343447e-05	2.05376060682e-05	3.4229343447e-06	6.84586868939e-06	3.4229343447e-06	0
5.47669495151e-05	0.00109876192465	0.00134863613181	0	3.4229343447e-06	0	2.39605404129e-05	0.000236182469784	1.02688030341e-05	0.00269727226362	1.36917373788e-05	0	1.36917373788e-05	0	5.47669495151e-05	1.36917373788e-05	0.0020298000664	0.000328601697091	3.4229343447e-06	6.84586868939e-06	1.02688030341e-05	0.00119118115195	0.013565088808	0.00262196770804	0.00163273968242	3.4229343447e-06	0.000294372353644	0.00217014037454	0.000585321772943	0.000294372353644	0.00104399497513	0	3.4229343447e-06	0.000280680616265	0.00122883342975	2.05376060682e-05	0.000246451272818	6.16128182045e-05	0	1.71146717235e-05	0	1.02688030341e-05	0.00017456965158	1.36917373788e-05	0.000694855671973	3.4229343447e-06	0	1.02688030341e-05	0	2.73834747576e-05	6.84586868939e-06	0.000595590575977	1.36917373788e-05	0	3.4229343447e-06	6.84586868939e-06	9.24192273068e-05	0.00214960276847	0.000294372353644	0.000616128182045	0	1.02688030341e-05	0.000458673202189	0.000362831040538	3.4229343447e-06	7.8727489928e-05	0	0	0	4.79210808257e-05	0.000585321772943	0.000133494439443	0.000657203394182	0.000301218222333	3.4229343447e-05	2.73834747576e-05	0	0.000195107257648	0.000171146717235	7.53045555833e-05	3.08064091023e-05	2.39605404129e-05	3.4229343447e-06	0
0.000332024631436	0.000581898838598	0.0180902080117	0	4.79210808257e-05	0	0.000112956833375	0.00177307999055	0.00016772378289	0.000722239146731	3.4229343447e-05	2.73834747576e-05	5.47669495151e-05	1.71146717235e-05	0.000308064091023	3.76522777917e-05	0.00452854213803	0.0142154463335	1.36917373788e-05	0.000297795287989	4.44981464811e-05	0.0265345870401	0.00262196770804	0.0688694390153	0.00192368910172	2.05376060682e-05	0.00521312900697	0.0124457892773	0.00270754106665	0.00166354609152	0.0110663467364	0	3.4229343447e-06	0.00120829582368	0.0123910223278	6.84586868939e-06	0.00016772378289	3.4229343447e-05	0	1.02688030341e-05	0	0	6.16128182045e-05	0	0.000256720075852	1.36917373788e-05	0	1.02688030341e-05	0	3.4229343447e-06	3.4229343447e-06	0.000246451272818	2.05376060682e-05	0	3.4229343447e-06	0	5.47669495151e-05	0.000612705247701	0.000126648570754	0.000229336601095	0	1.36917373788e-05	0.00022591366675	0.000123225636409	0	2.73834747576e-05	0	0	0	6.84586868939e-06	0.00517205379484	0.000900231732655	0.00676714119946	0.00285472724348	0.00039363744964	0.000239605404129	1.02688030341e-05	0.000136917373788	8.55733586174e-05	4.10752121364e-05	1.71146717235e-05	6.84586868939e-06	6.84586868939e-06	0
0.000414175055708	1.36917373788e-05	0.000215644863716	0	0.0110047339182	3.4229343447e-06	0.00127333157623	0.00364200214276	0.000838618914451	0.00502829055236	0.00163958555111	3.4229343447e-06	0.00388503048123	0	0.000818081308382	0.000147186176822	0.00521997487566	0.000133494439443	0	3.4229343447e-06	0.00557253711317	0.00262539064238	0.00163273968242	0.00192368910172	0.0396581173177	0	5.81898838598e-05	0.00017456965158	0.0106282111403	0.00173200477842	0.00311144731933	0	3.4229343447e-06	0.00104741790948	0.00145132416215	1.02688030341e-05	6.84586868939e-06	3.4229343447e-06	0	0.000160877914201	0	1.71146717235e-05	0.000212221929371	2.39605404129e-05	0.000920769338723	4.10752121364e-05	0	7.53045555833e-05	0	1.71146717235e-05	6.84586868939e-06	4.79210808257e-05	0	0	0	1.02688030341e-05	1.71146717235e-05	0.000143763242477	2.05376060682e-05	0.00103714910644	3.4229343447e-06	0	6.84586868939e-06	0.000311487025367	0	1.02688030341e-05	0	0	3.4229343447e-06	3.4229343447e-06	0.000527131889083	4.79210808257e-05	0.000581898838598	0.000219067798061	0.000263565944542	3.4229343447e-06	3.4229343447e-06	4.44981464811e-05	1.36917373788e-05	6.84586868939e-06	3.4229343447e-06	1.71146717235e-05	0	0
0	0.000913923470034	3.76522777917e-05	0	0	0	1.02688030341e-05	0	3.4229343447e-06	0	0	0.00184496161179	0	0.00649330645189	3.4229343447e-06	0	0	0.000140340308133	0.000246451272818	0.000527131889083	0	3.4229343447e-06	3.4229343447e-06	2.05376060682e-05	0	0.0136472392323	0.00334420685477	0.00472364939568	0	1.71146717235e-05	0	0.000136917373788	0	0	0.000400483318329	0	0.000646934591148	1.02688030341e-05	0	0	0	0	0	0	0	0	0.000777006096246	0	0.000314909959712	0	0	0	7.53045555833e-05	6.50357525492e-05	0.000455250267845	0	3.4229343447e-06	0	6.84586868939e-06	0	0.000968690419549	0.000708547409352	0.000599013510322	0	0	0	0	0	0	7.8727489928e-05	4.79210808257e-05	0.000479210808257	9.92650959962e-05	4.10752121364e-05	0	0	0.00010953389903	2.05376060682e-05	0.00137944254091	0.000188261388958	1.71146717235e-05	0	0	3.76522777917e-05
1.71146717235e-05	0.00391241395599	0.00986831971576	0	3.4229343447e-06	3.4229343447e-06	1.36917373788e-05	0.000112956833375	2.05376060682e-05	3.08064091023e-05	3.4229343447e-06	0.00460384669362	3.4229343447e-06	0.00469284298658	3.4229343447e-05	3.4229343447e-06	7.18816212386e-05	0.0159611428493	0.00304298863244	0.0106658634181	0	0.00121856462671	0.000294372353644	0.00521312900697	5.81898838598e-05	0.00334420685477	0.070793128117	0.0212632681493	8.21504242727e-05	0.000181415520269	0.000852310651829	0.000725662081076	6.84586868939e-06	0.000123225636409	0.00770844814426	0	0.00167039196021	0.000157454979856	0	0	0	0	6.84586868939e-06	0	1.36917373788e-05	0	0.000362831040538	0	0.00017456965158	0	0	3.76522777917e-05	0.000239605404129	3.08064091023e-05	0.00034229343447	0	2.73834747576e-05	0.000232759535439	9.58421616515e-05	1.02688030341e-05	0.000373099843572	0.000691432737629	0.00130071505098	1.02688030341e-05	0	6.84586868939e-06	3.4229343447e-06	0	0	0.000160877914201	0.00189972856131	0.00182442400572	0.00320386654664	0.0012938691823	0.000130071505098	6.16128182045e-05	4.44981464811e-05	7.8727489928e-05	0.00136575080353	0.000177992585924	2.05376060682e-05	0	3.4229343447e-06	1.36917373788e-05
4.10752121364e-05	0.00647961471451	0.0134726695807	0	3.4229343447e-06	3.4229343447e-06	2.39605404129e-05	0.000164300848545	2.39605404129e-05	0.000130071505098	0	0.00132809852574	6.84586868939e-06	0.0046791512492	4.10752121364e-05	1.71146717235e-05	0.00101661150037	0.0045490797441	0.000410752121364	0.00193053497041	6.84586868939e-06	0.00196476431386	0.00217014037454	0.0124457892773	0.00017456965158	0.00472364939568	0.0212632681493	0.0736991993757	0.000222490732405	0.000222490732405	0.00107480138423	0.000578475904254	6.84586868939e-06	0.000150609111167	0.0043265890117	3.4229343447e-06	0.00192026616737	0.000181415520269	0	6.84586868939e-06	0	0	1.71146717235e-05	3.4229343447e-06	4.79210808257e-05	0	0.000311487025367	0	9.58421616515e-05	3.4229343447e-06	0	0.00050317134867	0.000243028338473	3.4229343447e-05	0.000301218222333	0	0.000102688030341	0.00105084084382	0.000332024631436	6.50357525492e-05	0.000287526484954	0.000629819919424	0.00181415520269	4.79210808257e-05	0	2.05376060682e-05	3.4229343447e-06	0	0	0.000191684323303	0.00178677172793	0.000876271192242	0.00246108979384	0.001002919763	0.000133494439443	7.53045555833e-05	2.05376060682e-05	0.000140340308133	0.00126990864188	0.000208798995026	4.44981464811e-05	1.02688030341e-05	3.4229343447e-06	1.02688030341e-05
0.000410752121364	1.02688030341e-05	0.000318332894057	0	0.00505909696146	0	0.000643511656803	0.00910842829124	0.000530554823428	0.0016464314198	0.00153347458642	3.4229343447e-06	0.000886539995276	0	0.000571630035564	6.16128182045e-05	0.00166354609152	0.00022591366675	0	1.36917373788e-05	0.00359408106193	0.00424443858742	0.000585321772943	0.00270754106665	0.0106282111403	0	8.21504242727e-05	0.000222490732405	0.0342156517096	0.00188261388958	0.00635296614376	0	0	0.00122883342975	0.00164300848545	3.4229343447e-06	0	0	0	4.10752121364e-05	0	6.84586868939e-06	0.000177992585924	1.71146717235e-05	0.000595590575977	6.16128182045e-05	0	3.4229343447e-05	0	1.02688030341e-05	3.4229343447e-06	2.39605404129e-05	0	0	0	1.02688030341e-05	1.36917373788e-05	8.89962929621e-05	1.71146717235e-05	0.000602436444667	0	0	6.84586868939e-06	0.000263565944542	0	3.4229343447e-06	0	0	0	0	0.000581898838598	2.39605404129e-05	0.000674318065905	0.000253297141508	0.000102688030341	1.71146717235e-05	3.4229343447e-06	1.71146717235e-05	6.84586868939e-06	3.4229343447e-06	3.4229343447e-06	6.84586868939e-06	0	0
0.00362488747103	1.36917373788e-05	0.000376522777917	0	0.000400483318329	0.000691432737629	0.00391583689033	0.00353246824373	0.00593194521936	0.000674318065905	0.000482633742602	0.000154032045511	0.000886539995276	3.08064091023e-05	0.0141435647123	0.00121856462671	0.000294372353644	0.000386791580951	0	4.44981464811e-05	0.000657203394182	0.00175254238448	0.000294372353644	0.00166354609152	0.00173200477842	1.71146717235e-05	0.000181415520269	0.000222490732405	0.00188261388958	0.0452751525773	0.012243836151	0	0.00340239673863	0.0120829582368	0.0121924921358	0	6.84586868939e-06	3.4229343447e-06	0	2.05376060682e-05	0	3.4229343447e-06	5.81898838598e-05	6.84586868939e-06	0.000280680616265	1.02688030341e-05	0	2.05376060682e-05	0	1.02688030341e-05	0	1.02688030341e-05	0	0	0	3.4229343447e-06	3.4229343447e-06	8.21504242727e-05	6.84586868939e-06	0.000273834747576	3.4229343447e-06	0	6.84586868939e-06	9.58421616515e-05	0	1.02688030341e-05	0	0	0	3.4229343447e-06	0.00278284562224	0.000147186176822	0.00506251989581	0.00136917373788	0.000304641156678	0.000119802702064	1.02688030341e-05	2.05376060682e-05	6.84586868939e-06	3.4229343447e-06	6.84586868939e-06	6.84586868939e-06	0	0
0.00265619705148	6.16128182045e-05	0.00239263110694	0	0.000273834747576	3.4229343447e-06	0.000537400692117	0.00992308666527	0.000999496828651	0.00154032045511	0.000243028338473	1.36917373788e-05	0.000397060383985	3.4229343447e-06	0.00235497882915	0.000140340308133	0.0010645325812	0.00262881357673	3.4229343447e-06	6.50357525492e-05	0.000352562237504	0.0149924524298	0.00104399497513	0.0110663467364	0.00311144731933	0	0.000852310651829	0.00107480138423	0.00635296614376	0.012243836151	0.0481161880834	0	1.02688030341e-05	0.00719158505821	0.0109465440343	3.4229343447e-06	2.39605404129e-05	1.02688030341e-05	0	4.44981464811e-05	0	1.02688030341e-05	0.000126648570754	6.84586868939e-06	0.000585321772943	3.08064091023e-05	0	3.76522777917e-05	0	1.36917373788e-05	0	4.10752121364e-05	6.84586868939e-06	0	0	3.4229343447e-06	1.36917373788e-05	0.000205376060682	1.71146717235e-05	0.000554515363841	3.4229343447e-06	0	2.73834747576e-05	0.000219067798061	0	1.71146717235e-05	0	0	0	6.84586868939e-06	0.00367965442055	0.000311487025367	0.00433685781473	0.00162931674808	0.000287526484954	0.000126648570754	1.02688030341e-05	6.16128182045e-05	2.05376060682e-05	1.36917373788e-05	0	6.84586868939e-06	3.4229343447e-06	0
0	3.4229343447e-06	0	0	0	0	0	0	0	0	0	0.000171146717235	0	0.00122198756106	0	0	0	3.4229343447e-06	2.73834747576e-05	1.36917373788e-05	0	0	0	0	0	0.000136917373788	0.000725662081076	0.000578475904254	0	0	0	0.00151293698036	0	0	1.71146717235e-05	0	3.4229343447e-06	0	0	0	0	0	0	0	0	0	3.4229343447e-06	0	6.84586868939e-06	0	0	0	0	3.4229343447e-06	3.4229343447e-06	0	0	0	0	0	1.36917373788e-05	0	6.84586868939e-06	0	0	0	0	0	0	0	0	6.84586868939e-06	0	0	0	0	0	0	6.84586868939e-06	3.4229343447e-06	0	0	0	0
3.4229343447e-06	0	3.4229343447e-06	0	0	0.00130756091967	0.000866002389208	1.02688030341e-05	0.00117406648023	0	6.84586868939e-06	1.71146717235e-05	3.4229343447e-06	3.4229343447e-06	0.0020298000664	6.16128182045e-05	0	3.4229343447e-06	0	3.4229343447e-06	3.4229343447e-06	6.84586868939e-06	3.4229343447e-06	3.4229343447e-06	3.4229343447e-06	0	6.84586868939e-06	6.84586868939e-06	0	0.00340239673863	1.02688030341e-05	0	0.0060962460679	3.4229343447e-05	0.00111929953072	0	0	0	0	0	0	0	0	0	0	0	0	0	0	0	0	0	0	0	0	0	0	0	0	0	0	0	0	0	0	0	0	0	0	0	2.73834747576e-05	0	0.000126648570754	6.84586868939e-06	3.08064091023e-05	3.4229343447e-05	0	0	0	0	0	0	0	0
0.000732507949765	6.84586868939e-06	0.000294372353644	0	0.000143763242477	3.4229343447e-06	0.000564784166875	0.00167381489456	0.000749622621488	0.000527131889083	0.000198530191992	3.4229343447e-06	0.000294372353644	0	0.00182784694007	0.000253297141508	0.000280680616265	0.000273834747576	0	2.05376060682e-05	0.000273834747576	0.00120144995499	0.000280680616265	0.00120829582368	0.00104741790948	0	0.000123225636409	0.000150609111167	0.00122883342975	0.0120829582368	0.00719158505821	0	3.4229343447e-05	0.0154168962885	0.00775636922508	0	1.02688030341e-05	0	0	2.05376060682e-05	0	0	4.10752121364e-05	0	0.000201953126337	3.4229343447e-06	0	2.05376060682e-05	0	0	0	1.02688030341e-05	0	0	0	3.4229343447e-06	0	7.53045555833e-05	6.84586868939e-06	0.000201953126337	3.4229343447e-06	0	6.84586868939e-06	7.18816212386e-05	0	6.84586868939e-06	0	0	0	0	0.00288553365258	0.000112956833375	0.00395348916812	0.00131440678836	0.000219067798061	7.53045555833e-05	1.36917373788e-05	1.36917373788e-05	6.84586868939e-06	3.4229343447e-06	3.4229343447e-06	6.84586868939e-06	0	0
0.000616128182045	0.000688009803284	0.00621604876997	0	0.000112956833375	0.00056820710122	0.00145132416215	0.00188945975827	0.00172173597538	0.000770160227557	0.000171146717235	0.00268700346059	0.000311487025367	0.000551092429496	0.003713883764	0.000527131889083	0.000903654667	0.0105665983221	0.000154032045511	0.00347085542552	0.000215644863716	0.00689378977022	0.00122883342975	0.0123910223278	0.00145132416215	0.000400483318329	0.00770844814426	0.0043265890117	0.00164300848545	0.0121924921358	0.0109465440343	1.71146717235e-05	0.00111929953072	0.00775636922508	0.0539180617977	3.4229343447e-06	0.000301218222333	6.16128182045e-05	0	1.36917373788e-05	0	3.4229343447e-06	6.50357525492e-05	0	0.000270411813231	1.36917373788e-05	3.08064091023e-05	1.71146717235e-05	0	3.4229343447e-06	6.84586868939e-06	7.8727489928e-05	2.39605404129e-05	6.84586868939e-06	3.4229343447e-05	3.4229343447e-06	2.39605404129e-05	0.000280680616265	6.84586868939e-05	0.000232759535439	5.13440151704e-05	7.8727489928e-05	0.000243028338473	0.000112956833375	0	1.71146717235e-05	0	0	0	3.4229343447e-05	0.0134076338282	0.00275203921314	0.0226119042811	0.00853679825567	0.0010953389903	0.000612705247701	6.50357525492e-05	0.000270411813231	0.000208798995026	3.76522777917e-05	4.44981464811e-05	3.4229343447e-05	0	0
0	0	0	0	3.4229343447e-06	0	0	6.84586868939e-06	0	3.08064091023e-05	0	0	0	0	0	0	1.02688030341e-05	0	0	0	0	0	2.05376060682e-05	6.84586868939e-06	1.02688030341e-05	0	0	3.4229343447e-06	3.4229343447e-06	0	3.4229343447e-06	0	0	0	3.4229343447e-06	0.0134179026312	1.02688030341e-05	6.84586868939e-06	0	4.10752121364e-05	0	0.00109876192465	0.00685613749243	0.0021290651624	0.000184838454614	0.000633242853769	1.02688030341e-05	0.000195107257648	0	0.00435397248645	0.00010953389903	0.000147186176822	1.02688030341e-05	0	6.84586868939e-06	5.47669495151e-05	0.000123225636409	8.55733586174e-05	0.000136917373788	0.00073593088411	0	0	3.76522777917e-05	0.000917346404379	0.00393979743075	0.00136575080353	0	0	0.000102688030341	0.000236182469784	6.84586868939e-06	0	6.84586868939e-06	0	3.4229343447e-06	0	0	0.000650357525492	0.000150609111167	0.00027725768192	9.92650959962e-05	0.000492902545636	4.79210808257e-05	6.84586868939e-06
0	0.00266304292017	0.000431289727432	0	0	0	0	0	0	6.84586868939e-06	0	0.000102688030341	0	8.21504242727e-05	0	0	1.36917373788e-05	0.000390214515295	2.05376060682e-05	0.000205376060682	0	4.10752121364e-05	0.000246451272818	0.00016772378289	6.84586868939e-06	0.000646934591148	0.00167039196021	0.00192026616737	0	6.84586868939e-06	2.39605404129e-05	3.4229343447e-06	0	1.02688030341e-05	0.000301218222333	1.02688030341e-05	0.0154168962885	0.00104741790948	0	0	0	0	1.71146717235e-05	3.4229343447e-06	5.81898838598e-05	0	0.000400483318329	0	0.000147186176822	3.4229343447e-06	0	0.000482633742602	0.000924192273068	6.16128182045e-05	0.000739353818454	0	0.000198530191992	0.00282392083437	0.000824927177072	7.8727489928e-05	0.0013554820005	0.00191684323303	0.00802335810397	6.16128182045e-05	0	3.4229343447e-05	3.4229343447e-06	0	0	0.000376522777917	8.89962929621e-05	0.000130071505098	0.000140340308133	5.47669495151e-05	3.4229343447e-06	3.4229343447e-06	0	0.000414175055708	0.00218040917757	0.000571630035564	0.000177992585924	1.71146717235e-05	1.71146717235e-05	1.02688030341e-05
0	0.000325178762746	6.84586868939e-05	0	0	0	0	3.4229343447e-06	0	6.84586868939e-06	0	0	0	0	0	0	2.05376060682e-05	5.81898838598e-05	0	1.02688030341e-05	0	6.84586868939e-06	6.16128182045e-05	3.4229343447e-05	3.4229343447e-06	1.02688030341e-05	0.000157454979856	0.000181415520269	0	3.4229343447e-06	1.02688030341e-05	0	0	0	6.16128182045e-05	6.84586868939e-06	0.00104741790948	0.0181963189764	0	0	0	6.84586868939e-06	9.58421616515e-05	1.02688030341e-05	3.08064091023e-05	3.4229343447e-06	3.76522777917e-05	0	3.4229343447e-06	6.84586868939e-06	6.84586868939e-06	0.000674318065905	0.00238578523825	1.71146717235e-05	0.000314909959712	0	0.000831773045761	0.000800966636659	0.00618524236087	6.84586868939e-05	1.36917373788e-05	0.00296768407685	0.00753045555833	0.000201953126337	3.4229343447e-06	0.000273834747576	0	0	0	0.000749622621488	4.44981464811e-05	2.05376060682e-05	4.10752121364e-05	1.36917373788e-05	3.4229343447e-06	0	0	0.000859156520519	0.00199214778861	0.000893385863966	0.000407329187019	2.39605404129e-05	1.36917373788e-05	3.4229343447e-06
0	0	0	0	0	0	0	0	0	0	0	0	0	0	0	0	0	0	0	0	0	0	0	0	0	0	0	0	0	0	0	0	0	0	0	0	0	0	0	0	0	0	0	0	0	0	0	0	0	0	0	0	0	0	0	0	0	0	0	0	0	0	0	0	0	0	0	0	0	0	0	0	0	0	0	0	0	0	0	0	0	0	0	0
3.4229343447e-06	0	3.4229343447e-06	0	0.00022591366675	0	0	2.39605404129e-05	0	6.16128182045e-05	3.4229343447e-06	0	2.73834747576e-05	0	3.4229343447e-06	0	0	0	0	0	3.76522777917e-05	3.4229343447e-06	1.71146717235e-05	1.02688030341e-05	0.000160877914201	0	0	6.84586868939e-06	4.10752121364e-05	2.05376060682e-05	4.44981464811e-05	0	0	2.05376060682e-05	1.36917373788e-05	4.10752121364e-05	0	0	0	0.00995047014003	0	0.000130071505098	0.000523708954739	6.16128182045e-05	0.000421020924398	0.00363173333972	0	0.000564784166875	0	3.08064091023e-05	6.84586868939e-06	2.39605404129e-05	0	0	0	0.00376865071351	2.73834747576e-05	4.10752121364e-05	1.36917373788e-05	0.00330655457698	0	0	0	0.00243028338473	6.84586868939e-06	2.39605404129e-05	0	0	3.4229343447e-06	0	1.02688030341e-05	0	6.84586868939e-06	6.84586868939e-06	3.4229343447e-06	0	0	3.76522777917e-05	6.84586868939e-06	3.4229343447e-06	0	1.36917373788e-05	0	0
0	0	0	0	0	0	0	0	0	0	0	0	0	0	0	0	0	0	0	0	0	0	0	0	0	0	0	0	0	0	0	0	0	0	0	0	0	0	0	0	0.00185523041483	0.00119118115195	0	0.00016772378289	6.84586868939e-06	0	6.84586868939e-06	3.4229343447e-06	0	4.44981464811e-05	0.000622974050735	0	3.4229343447e-06	0	3.4229343447e-06	0	0	0	0	0	0	0	0	0	3.08064091023e-05	3.4229343447e-06	0	2.39605404129e-05	0	6.84586868939e-06	0	0	0	0	0	0	0	6.84586868939e-06	0	2.73834747576e-05	0	0.000263565944542	0.00034229343447	0
0	0	0	0	3.4229343447e-06	0	0	0	0	5.47669495151e-05	0	0	0	3.4229343447e-06	0	0	0	0	0	0	0	0	1.02688030341e-05	0	1.71146717235e-05	0	0	0	6.84586868939e-06	3.4229343447e-06	1.02688030341e-05	0	0	0	3.4229343447e-06	0.00109876192465	0	6.84586868939e-06	0	0.000130071505098	0.00119118115195	0.0417461072679	0.00373099843572	0.0171283634609	0.000256720075852	0.00893385863966	5.47669495151e-05	0.00725319787641	1.02688030341e-05	0.00487425850685	0.00238236230391	6.16128182045e-05	6.84586868939e-06	0	1.02688030341e-05	0.0012254104954	7.53045555833e-05	5.81898838598e-05	8.55733586174e-05	0.000821504242727	0	1.36917373788e-05	1.02688030341e-05	0.000876271192242	0.00228652014226	9.24192273068e-05	0	0.00011637976772	3.4229343447e-05	0.000592167641632	1.71146717235e-05	0	1.36917373788e-05	1.02688030341e-05	0	0	0	0.000749622621488	0.000126648570754	0.0011637976772	0.000239605404129	0.00345031781945	0.00169777543497	3.4229343447e-06
6.84586868939e-06	6.84586868939e-06	2.39605404129e-05	0	1.02688030341e-05	0	6.84586868939e-06	7.8727489928e-05	1.71146717235e-05	0.000468942005223	3.4229343447e-06	0	3.4229343447e-06	3.4229343447e-06	1.71146717235e-05	3.4229343447e-06	6.84586868939e-05	6.84586868939e-06	0	0	1.02688030341e-05	4.79210808257e-05	0.00017456965158	6.16128182045e-05	0.000212221929371	0	6.84586868939e-06	1.71146717235e-05	0.000177992585924	5.81898838598e-05	0.000126648570754	0	0	4.10752121364e-05	6.50357525492e-05	0.00685613749243	1.71146717235e-05	9.58421616515e-05	0	0.000523708954739	0	0.00373099843572	0.0579605472587	0.0069690943258	0.00200926246034	0.0101045021855	6.84586868939e-06	0.0010337261721	0	0.00738669231585	0.000150609111167	0.00153689752077	6.84586868939e-05	0	1.02688030341e-05	0.000749622621488	0.00244397512211	0.00102688030341	0.0016772378289	0.00933776489233	0	2.05376060682e-05	0.000243028338473	0.0200207429821	0.00145132416215	0.00723266027034	0	0	8.89962929621e-05	0.000763314358867	8.55733586174e-05	0	3.4229343447e-05	1.71146717235e-05	2.05376060682e-05	0	0	0.00236524763219	0.000848887717485	0.000581898838598	0.000260143010197	0.000807812505348	7.18816212386e-05	0
