0.0251075779175	0	0.000449826188484	0	0.000519284644058	2.9767909532e-05	0.000205067821221	0.00956872914179	0.0067837758278	0.000383675278413	0.00615534218212	0.00171000102534	0.000168684820681	0.00010253391061	0.0195740542901	1.98452730213e-05	1.65377275178e-05	0.0014850879311	0.000618511009165	0.000949265559521	0.00202421784818	0.000800426011861	0	0.00131971065592	0.0018621481185	0	0.00112125792571	0.000727660010783	0.00547398780839	0.0091155954078	0.00628433645676	2.31528185249e-05	3.30754550356e-06	0.000975725923549	0.00631410436629	9.92263651067e-06	3.30754550356e-05	2.9767909532e-05	0	1.32301820142e-05	0	6.61509100711e-06	0	3.30754550356e-06	0.000347292277874	0	0	3.30754550356e-06	1.98452730213e-05	1.32301820142e-05	0	0.000310909277334	1.65377275178e-05	6.61509100711e-06	4.63056370498e-05	3.30754550356e-06	3.30754550356e-06	0	5.29207280569e-05	0.000406828096938	1.98452730213e-05	6.61509100711e-05	5.62282735605e-05	0.000171992366185	3.30754550356e-06	1.65377275178e-05	0	0	0	0	0.0010220315606	0.000218298003235	0.00634056473032	0.00115433338074	6.28433645676e-05	3.30754550356e-06	3.30754550356e-06	4.96131825534e-05	0	5.62282735605e-05	0.000109149001617	0.00010253391061	0	2.64603640285e-05
0	0.0135510139281	0.000859961830925	0	0	0	0	0	0	0.0034431548692	0	9.92263651067e-06	0	0.00043659600647	0	6.61509100711e-06	0.000261296094781	0	0	0	0	0	0.00523915207763	5.9535819064e-05	0.00330754550356	0.00192168393757	0.00203744803019	0.00867569185583	2.31528185249e-05	0	0	3.30754550356e-06	0	0	0	0	0.0058609706323	0	0	0	0	0	0	0	2.31528185249e-05	0	0.000125686729135	0	0.000443211097477	0	0	9.92263651067e-06	0	4.29980915462e-05	1.65377275178e-05	0	0	6.61509100711e-05	1.65377275178e-05	2.64603640285e-05	0.00107495228866	8.26886375889e-05	0.00550375571792	6.61509100711e-06	0	0	3.30754550356e-05	0	0	0	0	4.29980915462e-05	0	0	0	0	0.000178607457192	0	0	0	0	0	0	9.92263651067e-06
0.000449826188484	0.000859961830925	0.0366608343614	0	3.30754550356e-06	3.30754550356e-06	9.92263651067e-05	0.00256334776526	0.00064166382769	4.29980915462e-05	0.000807041102868	0.000178607457192	0	9.92263651067e-06	0.000764043011322	3.30754550356e-06	1.32301820142e-05	0.0146391963987	0.000158762184171	0.000334062095859	6.61509100711e-06	0.00218298003235	9.92263651067e-06	0.0118343978117	0.000125686729135	0	0.00747174529254	0.013911536388	0.00137593892948	9.92263651067e-06	0.00289410231561	4.29980915462e-05	0	2.31528185249e-05	0.00025137345827	3.30754550356e-06	0.00841770330655	2.9767909532e-05	0	0	0	0	0	0	3.63830005391e-05	0	0	0	0	3.30754550356e-06	0	0	2.9767909532e-05	4.96131825534e-05	0.0022359007604	0	3.30754550356e-06	9.92263651067e-06	3.30754550356e-05	3.30754550356e-05	8.26886375889e-05	0.002325204489	0.00707153228661	1.32301820142e-05	0	3.30754550356e-06	0	0	0	6.94584555747e-05	0.00252696476472	0.00224582339692	0.00068796946474	8.9303728596e-05	1.98452730213e-05	0	0	0.000109149001617	0.000188530093703	4.29980915462e-05	9.92263651067e-06	3.30754550356e-06	0	0
0	0	0	0	0	0	0	0	0	0	0	0	0	0	0	0	0	0	0	0	0	0	0	0	0	0	0	0	0	0	0	0	0	0	0	0	0	0	0	0	0	0	0	0	0	0	0	0	0	0	0	0	0	0	0	0	0	0	0	0	0	0	0	0	0	0	0	0	0	0	0	0	0	0	0	0	0	0	0	0	0	0	0	0
0.000519284644058	0	3.30754550356e-06	0	0.013438557381	8.26886375889e-05	0.000463056370498	0.000635048736683	0.00113118056222	0.000879807103946	0.00404843569635	0.000304294186327	0.00365483778143	3.96905460427e-05	0.00140901438452	0.000119071638128	3.30754550356e-06	1.32301820142e-05	9.59188196032e-05	0.000214990457731	0.0078124224794	6.61509100711e-06	0	1.65377275178e-05	0.00308263240932	0	7.93810920854e-05	6.61509100711e-06	0.00299663622622	0.00118079374477	6.61509100711e-06	6.61509100711e-06	2.9767909532e-05	0	0.000661509100711	0	3.30754550356e-06	0	0	0.000965803287039	0	3.96905460427e-05	3.30754550356e-06	1.32301820142e-05	0.000479594098016	3.63830005391e-05	3.30754550356e-06	0.000125686729135	1.65377275178e-05	1.98452730213e-05	4.96131825534e-05	0	0	3.30754550356e-06	3.30754550356e-06	0.000119071638128	0	0	0	0.00127671256437	6.61509100711e-06	6.61509100711e-06	9.92263651067e-06	0.000582128008626	4.29980915462e-05	0	0	0	0	2.64603640285e-05	0.000363830005391	1.65377275178e-05	0.000813656193875	0.000138916911149	0.000185222548199	4.96131825534e-05	0	4.63056370498e-05	0	1.98452730213e-05	6.61509100711e-06	9.26112740996e-05	3.30754550356e-06	1.65377275178e-05
2.9767909532e-05	0	3.30754550356e-06	0	8.26886375889e-05	0.00690284746592	0.00510023516649	0.00117748619927	0.00417412242549	0.000165377275178	0.00182907266347	6.94584555747e-05	0.00040021300593	6.28433645676e-05	0.000770658102329	0.000873192012939	3.30754550356e-06	9.92263651067e-06	0	4.96131825534e-05	9.92263651067e-05	3.30754550356e-06	3.30754550356e-06	9.92263651067e-06	4.96131825534e-05	0	3.30754550356e-06	3.30754550356e-06	0.000592050645137	5.62282735605e-05	9.92263651067e-06	0	0.000618511009165	3.30754550356e-06	0.000132301820142	0	0	0	0	6.61509100711e-06	0	1.98452730213e-05	0	3.96905460427e-05	2.64603640285e-05	3.30754550356e-06	0	8.26886375889e-05	0	0	3.30754550356e-06	3.30754550356e-06	0	0	0	3.30754550356e-06	0	3.30754550356e-06	6.61509100711e-06	9.92263651067e-06	3.30754550356e-06	6.61509100711e-06	9.92263651067e-06	9.92263651067e-06	6.61509100711e-06	6.61509100711e-06	0	0	0	4.29980915462e-05	0.000472979007009	9.92263651067e-06	9.59188196032e-05	7.93810920854e-05	0.00179930475394	0.000472979007009	0	4.29980915462e-05	6.61509100711e-06	0	0	0	0	3.30754550356e-06
0.000205067821221	0	9.92263651067e-05	0	0.000463056370498	0.00510023516649	0.03484499188	0.00655555518805	0.0147913434919	0.000588743099633	0.0208276140359	0.000162069729674	0.00897667849665	0.000314216822838	0.00256334776526	0.00089303728596	3.30754550356e-06	9.92263651067e-06	6.61509100711e-06	0.00010253391061	0.00180591984494	6.61509100711e-06	3.30754550356e-06	0.000115764092625	0.000218298003235	0	1.65377275178e-05	4.29980915462e-05	0.00292717777065	0.000535822371576	0.000122379183632	0	0.000198452730213	0	0.000347292277874	0	6.61509100711e-06	3.30754550356e-06	0	6.94584555747e-05	0	7.93810920854e-05	0	4.29980915462e-05	7.93810920854e-05	2.31528185249e-05	0	0.000519284644058	3.30754550356e-05	0	3.30754550356e-06	3.30754550356e-06	0	0	0	6.28433645676e-05	0	3.30754550356e-06	1.32301820142e-05	8.26886375889e-05	1.98452730213e-05	2.64603640285e-05	4.96131825534e-05	5.29207280569e-05	7.60735465818e-05	6.61509100711e-06	0	0	0	0.000294371549817	0.00178938211742	2.9767909532e-05	0.00117417865376	0.000439903551973	0.0031620135014	1.98452730213e-05	0	0.000191837639206	9.92263651067e-06	2.9767909532e-05	9.92263651067e-06	0	0	4.29980915462e-05
0.00956872914179	0	0.00256334776526	0	0.000635048736683	0.00117748619927	0.00655555518805	0.0582624140452	0.015383394137	0.000416750733448	0.0225045396062	0.000598665736144	9.59188196032e-05	0.00019514518471	0.0137362364763	1.98452730213e-05	3.30754550356e-06	0.00345638505122	0.000138916911149	0.000678046828229	0.000214990457731	0.00700538137653	0	0.0079050337535	0.000777273193336	0	0.001399091748	0.00118079374477	0.0241053916299	0.00188530093703	0.0184527963643	2.9767909532e-05	0	8.9303728596e-05	0.004184045062	1.65377275178e-05	3.30754550356e-05	2.9767909532e-05	0	2.64603640285e-05	0	1.65377275178e-05	0	1.98452730213e-05	0.000515977098555	0	0	6.61509100711e-06	3.30754550356e-06	2.31528185249e-05	3.30754550356e-06	0.000171992366185	2.31528185249e-05	0	4.96131825534e-05	3.30754550356e-06	6.61509100711e-06	0	7.27660010783e-05	0.00034398473237	6.61509100711e-06	5.62282735605e-05	0.000109149001617	0.000211682912228	3.30754550356e-06	2.31528185249e-05	0	0	0	3.30754550356e-06	0.00121386919981	0.000307601731831	0.00429650160912	0.0010220315606	0.000132301820142	0	0	0.000257988549277	2.64603640285e-05	4.96131825534e-05	0.000112456547121	0.000119071638128	0	3.30754550356e-06
0.0067837758278	0	0.00064166382769	0	0.00113118056222	0.00417412242549	0.0147913434919	0.015383394137	0.0461336446836	0.0011113352892	0.0224020056956	0.000826886375889	0.00378383205607	0.000704507192258	0.0199114239314	4.96131825534e-05	6.61509100711e-06	0.000158762184171	8.59961830925e-05	0.000221605548738	0.00276180049547	0.000324139459349	3.30754550356e-06	0.00113448810772	0.00192499148307	0	0.000175299911689	0.000165377275178	0.0120361580874	0.00322485686597	0.00230866676148	4.63056370498e-05	0.000443211097477	0.000158762184171	0.00170669347984	6.61509100711e-06	6.61509100711e-06	6.61509100711e-06	0	8.59961830925e-05	0	8.59961830925e-05	0	5.62282735605e-05	0.000472979007009	2.9767909532e-05	0	0.00058543555413	6.61509100711e-06	9.92263651067e-06	3.30754550356e-06	0.000205067821221	0	0	3.30754550356e-06	7.27660010783e-05	0	3.30754550356e-06	1.65377275178e-05	0.000469671461505	9.92263651067e-06	2.31528185249e-05	6.94584555747e-05	0.000271218731292	7.93810920854e-05	1.65377275178e-05	0	0	0	0.000330754550356	0.00175961420789	0.000304294186327	0.00280810613252	0.000787195829847	0.00314878331939	4.96131825534e-05	0	0.000281141367802	9.92263651067e-06	3.63830005391e-05	3.63830005391e-05	2.64603640285e-05	0	9.92263651067e-06
0.000383675278413	0.0034431548692	4.29980915462e-05	0	0.000879807103946	0.000165377275178	0.000588743099633	0.000416750733448	0.0011113352892	0.0332209870377	0.00019514518471	0.000115764092625	0.00210359894026	0.000168684820681	0.00145532002157	0.00240789312659	0.00151485584063	6.61509100711e-05	6.61509100711e-06	0.000132301820142	8.9303728596e-05	0.000208375366724	0.00933720095654	0.000625126100172	0.0235331862578	0.000615203463662	0.000959188196032	0.00322154932046	0.0104319985182	0.0007441977383	2.9767909532e-05	0	0	0.000284448913306	0.000420058278952	0	0.000218298003235	9.92263651067e-06	0	0.000760735465818	0	0.000211682912228	6.28433645676e-05	8.9303728596e-05	0.012565365368	5.9535819064e-05	0	0.00110472019819	1.32301820142e-05	6.61509100711e-06	3.63830005391e-05	0.00442880342926	1.65377275178e-05	1.65377275178e-05	9.92263651067e-06	0.000317524368341	0.000105841456114	0.00229874412497	0.0008368090124	0.00981679505456	0.000142224456653	3.30754550356e-05	0.000330754550356	0.00380698487459	0.000155454638667	0.000307601731831	6.61509100711e-06	0	0	0.000459748824994	0.00188530093703	5.9535819064e-05	0.000377060187406	9.59188196032e-05	0.00100218628758	3.30754550356e-06	5.9535819064e-05	0.00186545566401	0.000178607457192	0.000128994274639	4.63056370498e-05	0.000651586464201	1.98452730213e-05	0
0.00615534218212	0	0.000807041102868	0	0.00404843569635	0.00182907266347	0.0208276140359	0.0225045396062	0.0224020056956	0.00019514518471	0.0696370630319	0.00432296197315	0.0131574160132	0.001399091748	0.017235619619	1.98452730213e-05	3.30754550356e-06	0.000109149001617	0.00120394656329	0.000919497649989	0.0124462937299	0.000555667644598	0	0.00136932383847	0.0012072541088	0	0.000658201555208	0.000261296094781	0.0121949202716	0.00829201657742	0.00183568775447	0.00010253391061	3.63830005391e-05	3.30754550356e-06	0.00559636699202	3.30754550356e-06	2.31528185249e-05	6.61509100711e-06	0	0.000522592189562	0	9.92263651067e-06	0	6.61509100711e-06	0.000152147093164	9.92263651067e-05	9.92263651067e-06	0.00010253391061	0.000112456547121	6.61509100711e-06	0	8.9303728596e-05	0	1.32301820142e-05	9.92263651067e-06	9.92263651067e-05	0	0	6.61509100711e-06	0.000932727832003	4.29980915462e-05	3.63830005391e-05	8.26886375889e-05	0.000800426011861	3.30754550356e-05	0	0	0	0	5.62282735605e-05	0.00270226467641	0.000486209189023	0.00852023721716	0.00166038784279	0.00118410129027	8.59961830925e-05	9.92263651067e-06	6.94584555747e-05	3.30754550356e-06	2.64603640285e-05	9.92263651067e-06	0	6.61509100711e-06	0.000152147093164
0.00171000102534	9.92263651067e-06	0.000178607457192	0	0.000304294186327	6.94584555747e-05	0.000162069729674	0.000598665736144	0.000826886375889	0.000115764092625	0.00432296197315	0.0294305398907	0.0011113352892	0.00471325234257	0.00439903551973	3.30754550356e-06	2.9767909532e-05	0.00130978801941	0.00420719788052	0.0107594455231	0.00248727421868	0.000105841456114	9.92263651067e-06	0.00049282428003	0.000453133733987	0.000979033469053	0.00419066015301	0.00112125792571	0.000952573105024	0.00517630871307	0.000128994274639	0.000264603640285	5.62282735605e-05	0.000459748824994	0.010686679522	0	0.000188530093703	0	0	2.31528185249e-05	0	6.61509100711e-06	0	6.61509100711e-06	0.000152147093164	2.64603640285e-05	3.96905460427e-05	4.29980915462e-05	0.000423365824455	6.61509100711e-06	0	7.60735465818e-05	6.61509100711e-06	6.94584555747e-05	4.29980915462e-05	2.31528185249e-05	0	3.30754550356e-06	9.92263651067e-06	0.000109149001617	0.000248065912767	9.92263651067e-05	0.000363830005391	8.26886375889e-05	6.61509100711e-06	6.61509100711e-06	2.9767909532e-05	0	0	1.65377275178e-05	0.00482570888969	0.00419727524401	0.0121717674531	0.00140570683901	6.61509100711e-05	2.64603640285e-05	0.00059535819064	0.000175299911689	8.26886375889e-05	6.61509100711e-06	3.30754550356e-06	3.30754550356e-06	3.30754550356e-06	6.61509100711e-06
0.000168684820681	0	0	0	0.00365483778143	0.00040021300593	0.00897667849665	9.59188196032e-05	0.00378383205607	0.00210359894026	0.0131574160132	0.0011113352892	0.0330787625811	0.000628433645676	0.00448172415732	0.00137593892948	3.30754550356e-06	0	0.000168684820681	0.000155454638667	0.012538905004	0	0	1.98452730213e-05	0.00300325131723	0	7.93810920854e-05	7.27660010783e-05	0.000423365824455	0.00133624838344	3.30754550356e-06	2.31528185249e-05	0	0	0.00123040692732	0	3.30754550356e-06	3.30754550356e-06	0	3.30754550356e-05	0	2.64603640285e-05	0	0	3.63830005391e-05	1.65377275178e-05	0	0.000158762184171	8.9303728596e-05	0	0	0	0	0	0	4.63056370498e-05	0	0	0	3.30754550356e-05	1.32301820142e-05	1.32301820142e-05	1.65377275178e-05	1.65377275178e-05	2.64603640285e-05	0	0	0	0	7.60735465818e-05	0.00174969157138	0.000138916911149	0.00296686831669	0.000975725923549	0.00165377275178	6.61509100711e-06	0	3.30754550356e-05	0	1.65377275178e-05	6.61509100711e-06	1.65377275178e-05	0	0.000105841456114
0.00010253391061	0.00043659600647	9.92263651067e-06	0	3.96905460427e-05	6.28433645676e-05	0.000314216822838	0.00019514518471	0.000704507192258	0.000168684820681	0.001399091748	0.00471325234257	0.000628433645676	0.0200801087521	0.0008368090124	0	6.61509100711e-06	9.92263651067e-06	0.000248065912767	0.000132301820142	0.000631741191179	0	0.000224913094242	3.30754550356e-06	0.000168684820681	0.00478932588915	0.00691938519344	0.00566251790209	0.000234835730753	0.00186876320951	0	0.000198452730213	0.000119071638128	1.32301820142e-05	0.00157439165969	0	0.00187537830052	0	0	3.30754550356e-06	0	6.61509100711e-06	0	0	6.61509100711e-06	0	0.000499439371037	6.61509100711e-06	0.00342992468719	0	0	0	0	0.000565590281108	0.000162069729674	6.61509100711e-06	0	9.92263651067e-06	0	6.61509100711e-06	0.00320170404744	0.00110472019819	0.00266588167587	3.30754550356e-06	9.92263651067e-06	0	0.000797118466357	0	0	1.65377275178e-05	8.26886375889e-05	0.00289410231561	0.00191176130106	0.00117417865376	6.61509100711e-06	9.92263651067e-05	0.000525899735066	6.61509100711e-06	0.000125686729135	1.98452730213e-05	0	0	0	0.000205067821221
0.0195740542901	0	0.000764043011322	0	0.00140901438452	0.000770658102329	0.00256334776526	0.0137362364763	0.0199114239314	0.00145532002157	0.017235619619	0.00439903551973	0.00448172415732	0.0008368090124	0.0497785598285	0.000105841456114	1.65377275178e-05	0.00116094847175	0.00104187683362	0.00168023311581	0.00720052656124	0.000800426011861	0	0.00188860848253	0.00308924750032	0	0.00138586156599	0.000760735465818	0.010207085424	0.0178144400822	0.00601642527097	5.29207280569e-05	0.000360522459888	0.00117087110826	0.00937689150258	9.92263651067e-06	6.61509100711e-05	2.9767909532e-05	0	0.000109149001617	0	3.96905460427e-05	0	9.92263651067e-06	0.000714429828768	3.30754550356e-05	0	0.000347292277874	3.96905460427e-05	1.65377275178e-05	0	0.000423365824455	1.65377275178e-05	1.98452730213e-05	5.62282735605e-05	5.9535819064e-05	3.30754550356e-06	0	5.29207280569e-05	0.00068796946474	6.61509100711e-05	9.26112740996e-05	0.00014883954766	0.000330754550356	3.96905460427e-05	2.31528185249e-05	0	0	0	0.000198452730213	0.00207713857623	0.000429980915462	0.0101905476965	0.00212675175879	0.0023285120345	0.000145532002157	3.30754550356e-06	0.000347292277874	3.30754550356e-06	8.26886375889e-05	0.000115764092625	0.00010253391061	0	8.26886375889e-05
1.98452730213e-05	6.61509100711e-06	3.30754550356e-06	0	0.000119071638128	0.000873192012939	0.00089303728596	1.98452730213e-05	4.96131825534e-05	0.00240789312659	1.98452730213e-05	3.30754550356e-06	0.00137593892948	0	0.000105841456114	0.00508700498447	0	3.30754550356e-06	0	3.30754550356e-06	3.30754550356e-06	0	6.61509100711e-06	0	0.00160746711473	0	0	6.61509100711e-06	0.000334062095859	0.000109149001617	0	0	9.92263651067e-06	1.32301820142e-05	1.32301820142e-05	0	3.30754550356e-06	0	0	0	0	0	0	0	1.65377275178e-05	0	0	1.32301820142e-05	0	0	0	0	0	0	0	6.61509100711e-06	0	0	0	0	0	0	3.30754550356e-06	0	0	0	0	0	0	0	2.31528185249e-05	0	1.98452730213e-05	6.61509100711e-06	0.00164054256976	1.32301820142e-05	0	6.61509100711e-06	0	0	0	1.32301820142e-05	0	0
1.65377275178e-05	0.000261296094781	1.32301820142e-05	0	3.30754550356e-06	3.30754550356e-06	3.30754550356e-06	3.30754550356e-06	6.61509100711e-06	0.00151485584063	3.30754550356e-06	2.9767909532e-05	3.30754550356e-06	6.61509100711e-06	1.65377275178e-05	0	0.0179698947208	3.63830005391e-05	0	5.9535819064e-05	3.30754550356e-06	0.00238804785357	0.0103757702447	0.00493816543681	0.00785542057095	0	0.000191837639206	0.00497785598285	0.00242443085411	0	3.30754550356e-06	0	0	0	0.000969110832542	6.61509100711e-06	0.000218298003235	0	0	0	0	0	0	0	2.64603640285e-05	0	0	3.30754550356e-06	0	9.92263651067e-06	0	0.00202091030267	0	3.30754550356e-06	6.61509100711e-06	0	5.9535819064e-05	0.00303632677227	0.00180591984494	0.00115102583524	2.64603640285e-05	2.64603640285e-05	0.000261296094781	0.000668124191719	9.92263651067e-06	6.61509100711e-06	0	0	0	1.65377275178e-05	0.00177615193541	0.000396905460427	0.00115433338074	0.000373752641902	1.65377275178e-05	0	0	9.92263651067e-06	3.30754550356e-06	3.30754550356e-05	3.63830005391e-05	3.30754550356e-06	6.61509100711e-06	0
0.0014850879311	0	0.0146391963987	0	1.32301820142e-05	9.92263651067e-06	9.92263651067e-06	0.00345638505122	0.000158762184171	6.61509100711e-05	0.000109149001617	0.00130978801941	0	9.92263651067e-06	0.00116094847175	3.30754550356e-06	3.63830005391e-05	0.0481148644402	0.000439903551973	0.00930412550151	9.92263651067e-06	0.00454125997638	9.92263651067e-06	0.0195376712895	0.000363830005391	0	0.0151551734973	0.00905605958874	0.000714429828768	0.000284448913306	0.00547068026288	8.59961830925e-05	0	0.000132301820142	0.0115301036254	3.30754550356e-06	0.000668124191719	4.96131825534e-05	0	2.31528185249e-05	0	3.63830005391e-05	0	6.61509100711e-06	6.28433645676e-05	1.65377275178e-05	6.61509100711e-06	6.28433645676e-05	0	3.30754550356e-06	3.30754550356e-06	5.9535819064e-05	0.000466363916002	1.65377275178e-05	0.000773965647832	4.63056370498e-05	6.61509100711e-06	2.31528185249e-05	0.000128994274639	5.62282735605e-05	0.000112456547121	0.00049282428003	0.00189522357354	3.63830005391e-05	3.30754550356e-05	1.65377275178e-05	0	0	0	2.64603640285e-05	0.00643648354992	0.00338692659564	0.0103096193346	0.00230205167048	1.65377275178e-05	0	3.30754550356e-06	0.000578820463123	0.00043659600647	3.63830005391e-05	1.65377275178e-05	3.30754550356e-06	0	0
0.000618511009165	0	0.000158762184171	0	9.59188196032e-05	0	6.61509100711e-06	0.000138916911149	8.59961830925e-05	6.61509100711e-06	0.00120394656329	0.00420719788052	0.000168684820681	0.000248065912767	0.00104187683362	0	0	0.000439903551973	0.00857977303623	0.00238143276256	0.000767350556825	5.9535819064e-05	0	0.000119071638128	2.64603640285e-05	3.30754550356e-06	0.00378052451057	0.000707814737761	0.000112456547121	0.000886422194953	6.61509100711e-05	0.000112456547121	0	1.32301820142e-05	0.00126348238236	0	0.00014883954766	0	0	9.92263651067e-06	0	0	0	0	6.61509100711e-06	0	0	0	0	0	0	3.30754550356e-06	0	4.63056370498e-05	6.94584555747e-05	0	0	0	0	1.65377275178e-05	0.000284448913306	0.000261296094781	0.000340677186866	1.32301820142e-05	0	0	0	0	0	0	0.000565590281108	0.0007441977383	0.002325204489	7.27660010783e-05	0	0	0	2.64603640285e-05	3.30754550356e-06	3.30754550356e-06	0	0	0	0
0.000949265559521	0	0.000334062095859	0	0.000214990457731	4.96131825534e-05	0.00010253391061	0.000678046828229	0.000221605548738	0.000132301820142	0.000919497649989	0.0107594455231	0.000155454638667	0.000132301820142	0.00168023311581	3.30754550356e-06	5.9535819064e-05	0.00930412550151	0.00238143276256	0.0294933832552	0.000499439371037	0.00104518437912	9.92263651067e-06	0.00200768012066	0.000558975190101	3.30754550356e-06	0.0142356758473	0.00394590178574	0.000598665736144	0.00170338593433	0.000863269376428	5.62282735605e-05	3.63830005391e-05	0.000466363916002	0.0150790999507	0	0.000310909277334	0	0	1.32301820142e-05	0	9.92263651067e-06	0	6.61509100711e-06	0.000168684820681	2.9767909532e-05	3.30754550356e-06	4.63056370498e-05	6.61509100711e-06	6.61509100711e-06	0	7.60735465818e-05	3.30754550356e-06	5.9535819064e-05	0.000178607457192	2.31528185249e-05	0	3.30754550356e-06	9.92263651067e-06	0.000112456547121	0.000327447004852	0.000496131825534	0.000668124191719	8.59961830925e-05	9.92263651067e-06	6.61509100711e-06	6.61509100711e-06	0	0	1.98452730213e-05	0.00953565368676	0.00282795140554	0.0135344762006	0.00320501159295	6.61509100711e-05	2.64603640285e-05	1.32301820142e-05	0.000185222548199	4.29980915462e-05	1.65377275178e-05	9.92263651067e-06	0	3.30754550356e-06	0
0.00202421784818	0	6.61509100711e-06	0	0.0078124224794	9.92263651067e-05	0.00180591984494	0.000214990457731	0.00276180049547	8.9303728596e-05	0.0124462937299	0.00248727421868	0.012538905004	0.000631741191179	0.00720052656124	3.30754550356e-06	3.30754550356e-06	9.92263651067e-06	0.000767350556825	0.000499439371037	0.0235034183483	6.61509100711e-06	0	3.63830005391e-05	0.00165377275178	0	0.000300986640824	0.00014883954766	0.0019481443016	0.00377390941956	6.61509100711e-06	2.64603640285e-05	2.9767909532e-05	0	0.00319508895644	0	1.32301820142e-05	3.30754550356e-06	0	0.00089303728596	0	1.32301820142e-05	0	6.61509100711e-06	0.000142224456653	3.63830005391e-05	0	5.29207280569e-05	7.60735465818e-05	6.61509100711e-06	6.61509100711e-06	0	0	6.61509100711e-06	3.30754550356e-06	7.60735465818e-05	0	0	0	0.00105179947013	2.64603640285e-05	1.98452730213e-05	2.9767909532e-05	0.000479594098016	1.98452730213e-05	0	0	0	0	1.65377275178e-05	0.00196137448361	0.000185222548199	0.00452802979437	0.00106833719765	0.000730967556286	5.62282735605e-05	3.30754550356e-06	1.98452730213e-05	0	6.61509100711e-06	3.30754550356e-06	6.61509100711e-06	3.30754550356e-06	0.000112456547121
0.000800426011861	0	0.00218298003235	0	6.61509100711e-06	3.30754550356e-06	6.61509100711e-06	0.00700538137653	0.000324139459349	0.000208375366724	0.000555667644598	0.000105841456114	0	0	0.000800426011861	0	0.00238804785357	0.00454125997638	5.9535819064e-05	0.00104518437912	6.61509100711e-06	0.0377853998326	0.000846731648911	0.0226566866994	0.00197460466562	0	0.00120063901779	0.000856654285421	0.00802079784613	0.000122379183632	0.0145995058527	6.61509100711e-06	0	3.96905460427e-05	0.00996563460222	0.000138916911149	9.92263651067e-06	5.62282735605e-05	0	3.30754550356e-06	0	0	0	1.98452730213e-05	2.64603640285e-05	3.30754550356e-06	0	9.92263651067e-06	0	0.00019514518471	0	0.000363830005391	0.000135609365646	3.30754550356e-06	2.31528185249e-05	3.30754550356e-06	0.000304294186327	0.0008368090124	0.00164385011527	0.000208375366724	9.92263651067e-06	2.31528185249e-05	7.27660010783e-05	0.000300986640824	1.65377275178e-05	0.000119071638128	0	0	0	1.98452730213e-05	0.00408151115139	0.000330754550356	0.00760073956717	0.00195806693811	2.31528185249e-05	0	0	9.26112740996e-05	6.61509100711e-06	0.000221605548738	0.000489516734526	0.000218298003235	1.32301820142e-05	0
0	0.00523915207763	9.92263651067e-06	0	0	3.30754550356e-06	3.30754550356e-06	0	3.30754550356e-06	0.00933720095654	0	9.92263651067e-06	0	0.000224913094242	0	6.61509100711e-06	0.0103757702447	9.92263651067e-06	0	9.92263651067e-06	0	0.000846731648911	0.0363763854481	0.0115664866259	0.0128564293723	0.000889729740457	0.00172984629836	0.0166336463374	0.00170338593433	3.30754550356e-06	0	0	0	0	3.30754550356e-06	0	0.00226897621544	0	0	3.30754550356e-06	0	9.92263651067e-06	0	0	0.00103195419711	3.30754550356e-06	9.92263651067e-06	1.65377275178e-05	0.000486209189023	0	0	0.00805056575566	6.61509100711e-06	7.27660010783e-05	1.98452730213e-05	9.92263651067e-06	0.000671431737222	0.0139545344795	0.00465702406901	0.00263611376634	0.00106502965215	8.9303728596e-05	0.00379706223808	0.0012072541088	9.92263651067e-06	6.61509100711e-06	1.65377275178e-05	0	0	3.30754550356e-06	4.63056370498e-05	6.61509100711e-05	3.30754550356e-06	0	3.30754550356e-06	0	7.60735465818e-05	9.59188196032e-05	8.9303728596e-05	1.32301820142e-05	3.30754550356e-06	6.61509100711e-06	0	0
0.00131971065592	5.9535819064e-05	0.0118343978117	0	1.65377275178e-05	9.92263651067e-06	0.000115764092625	0.0079050337535	0.00113448810772	0.000625126100172	0.00136932383847	0.00049282428003	1.98452730213e-05	3.30754550356e-06	0.00188860848253	0	0.00493816543681	0.0195376712895	0.000119071638128	0.00200768012066	3.63830005391e-05	0.0226566866994	0.0115664866259	0.0900214659703	0.00192168393757	0	0.00257327040177	0.0238176351711	0.00517961625857	0.000142224456653	0.0108355190697	1.65377275178e-05	3.30754550356e-06	5.62282735605e-05	0.0114904130794	0.000320831913845	0.000324139459349	0.000711122283265	0	2.64603640285e-05	0	3.63830005391e-05	0	3.30754550356e-05	0.000132301820142	1.65377275178e-05	9.92263651067e-06	5.29207280569e-05	3.30754550356e-06	0.000429980915462	6.61509100711e-06	0.00648940427798	0.000644971373194	1.98452730213e-05	0.000310909277334	4.96131825534e-05	0.000982341014557	0.012565365368	0.00822586566735	0.000797118466357	5.29207280569e-05	0.000175299911689	0.00860954094576	0.00088311464945	4.29980915462e-05	0.000277833822299	0	0	0	3.30754550356e-05	0.0208110763084	0.00189522357354	0.0113184207132	0.00235166485303	2.64603640285e-05	3.30754550356e-06	0	0.00116094847175	0.000648278918697	0.000618511009165	0.00132963329243	0.000476286552512	5.29207280569e-05	0
0.0018621481185	0.00330754550356	0.000125686729135	0	0.00308263240932	4.96131825534e-05	0.000218298003235	0.000777273193336	0.00192499148307	0.0235331862578	0.0012072541088	0.000453133733987	0.00300325131723	0.000168684820681	0.00308924750032	0.00160746711473	0.00785542057095	0.000363830005391	2.64603640285e-05	0.000558975190101	0.00165377275178	0.00197460466562	0.0128564293723	0.00192168393757	0.0507642083886	0.000443211097477	0.00126678992786	0.00602634790748	0.0170603197073	0.00300986640824	9.59188196032e-05	0	1.32301820142e-05	0.000697892101251	0.00249058176418	6.61509100711e-06	0.000426673369959	9.92263651067e-06	0	0.000820271284882	0	3.63830005391e-05	5.62282735605e-05	1.65377275178e-05	0.00916190104485	1.98452730213e-05	0	0.000228220639745	1.32301820142e-05	1.98452730213e-05	5.29207280569e-05	0.00290071740662	1.98452730213e-05	4.29980915462e-05	2.31528185249e-05	0.000128994274639	8.9303728596e-05	0.00229212903397	0.00088311464945	0.0084573938526	0.000244758367263	9.59188196032e-05	0.000608588372655	0.00317524368341	4.29980915462e-05	0.000175299911689	3.30754550356e-06	0	0	5.29207280569e-05	0.00536483880677	0.000420058278952	0.00262949867533	0.000651586464201	0.000350599823377	2.31528185249e-05	1.32301820142e-05	0.000992263651067	9.26112740996e-05	9.92263651067e-05	6.61509100711e-05	0.000562282735605	1.65377275178e-05	3.30754550356e-06
0	0.00192168393757	0	0	0	0	0	0	0	0.000615203463662	0	0.000979033469053	0	0.00478932588915	0	0	0	0	3.30754550356e-06	3.30754550356e-06	0	0	0.000889729740457	0	0.000443211097477	0.00973410641697	0.00224913094242	0.0033472360496	0	1.98452730213e-05	0	6.94584555747e-05	3.30754550356e-06	0	2.31528185249e-05	0	0.000886422194953	0	0	0	0	0	0	0	2.31528185249e-05	3.30754550356e-06	0.000459748824994	3.30754550356e-06	0.00292717777065	0	0	0	0	0.000221605548738	3.30754550356e-05	0	0	2.31528185249e-05	0	3.30754550356e-06	0.00202752539368	0.000337369641363	0.00181915002696	0	3.30754550356e-06	0	0.000198452730213	0	0	3.30754550356e-06	0	0.00124363710934	5.62282735605e-05	0	0	0	0.00110141265268	0	0.000185222548199	3.30754550356e-06	0	0	0	5.9535819064e-05
0.00112125792571	0.00203744803019	0.00747174529254	0	7.93810920854e-05	3.30754550356e-06	1.65377275178e-05	0.001399091748	0.000175299911689	0.000959188196032	0.000658201555208	0.00419066015301	7.93810920854e-05	0.00691938519344	0.00138586156599	0	0.000191837639206	0.0151551734973	0.00378052451057	0.0142356758473	0.000300986640824	0.00120063901779	0.00172984629836	0.00257327040177	0.00126678992786	0.00224913094242	0.0721507976146	0.0331647587642	0.000367137550895	0.000668124191719	0.00145201247606	0.00143216720304	0	0.000132301820142	0.00805387330116	0	0.0128961199184	3.30754550356e-06	0	0	0	1.98452730213e-05	0	3.30754550356e-06	7.27660010783e-05	3.30754550356e-06	0.000866576921932	2.31528185249e-05	0.00326123986651	3.30754550356e-06	0	1.65377275178e-05	9.92263651067e-06	0.00256334776526	0.00272541749493	1.65377275178e-05	0	7.27660010783e-05	1.98452730213e-05	5.29207280569e-05	0.0146954246723	0.00819940530332	0.0183833379088	1.98452730213e-05	2.9767909532e-05	0	0.00154131620466	0	0	2.64603640285e-05	0.00814648457526	0.00993255914718	0.0081795600303	0.00198783484764	2.9767909532e-05	3.30754550356e-06	6.94584555747e-05	0.000162069729674	0.000105841456114	5.9535819064e-05	2.64603640285e-05	9.92263651067e-06	0	9.92263651067e-06
0.000727660010783	0.00867569185583	0.013911536388	0	6.61509100711e-06	3.30754550356e-06	4.29980915462e-05	0.00118079374477	0.000165377275178	0.00322154932046	0.000261296094781	0.00112125792571	7.27660010783e-05	0.00566251790209	0.000760735465818	6.61509100711e-06	0.00497785598285	0.00905605958874	0.000707814737761	0.00394590178574	0.00014883954766	0.000856654285421	0.0166336463374	0.0238176351711	0.00602634790748	0.0033472360496	0.0331647587642	0.111477513652	0.000783888284343	0.000132301820142	0.000899652376968	0.000267911185788	0	3.63830005391e-05	0.00160415956923	1.65377275178e-05	0.0299101339887	0.000377060187406	0	1.65377275178e-05	0	5.29207280569e-05	0	6.61509100711e-06	0.000449826188484	6.61509100711e-06	0.000605280827151	5.62282735605e-05	0.00263611376634	1.65377275178e-05	3.30754550356e-06	0.00384336787513	9.26112740996e-05	0.00157108411419	0.0028808721336	3.63830005391e-05	0.000158762184171	0.00894691058712	0.00236820258055	0.000330754550356	0.011599562081	0.00581797254076	0.0410598698812	0.000248065912767	4.63056370498e-05	9.92263651067e-06	0.000982341014557	0	0	4.63056370498e-05	0.00989617614664	0.0057683593582	0.00235827994404	0.000545745008087	5.29207280569e-05	0	6.61509100711e-05	0.000668124191719	0.000684661919236	0.00010253391061	5.9535819064e-05	1.98452730213e-05	0	2.9767909532e-05
0.00547398780839	2.31528185249e-05	0.00137593892948	0	0.00299663622622	0.000592050645137	0.00292717777065	0.0241053916299	0.0120361580874	0.0104319985182	0.0121949202716	0.000952573105024	0.000423365824455	0.000234835730753	0.010207085424	0.000334062095859	0.00242443085411	0.000714429828768	0.000112456547121	0.000598665736144	0.0019481443016	0.00802079784613	0.00170338593433	0.00517961625857	0.0170603197073	0	0.000367137550895	0.000783888284343	0.0660847591611	0.00655555518805	0.00907590486176	2.64603640285e-05	5.29207280569e-05	0.00140570683901	0.00506385216595	1.32301820142e-05	2.64603640285e-05	1.32301820142e-05	0	0.00187868584602	0	5.62282735605e-05	4.96131825534e-05	3.96905460427e-05	0.00853015985367	4.29980915462e-05	0	0.000224913094242	9.92263651067e-06	3.30754550356e-05	5.29207280569e-05	0.00363168496291	3.30754550356e-05	9.92263651067e-06	2.9767909532e-05	0.000155454638667	0.000119071638128	0.00171992366185	0.000542437462583	0.00803072048264	4.96131825534e-05	5.62282735605e-05	0.000221605548738	0.00301978904475	5.29207280569e-05	0.000234835730753	0	0	0	6.28433645676e-05	0.00566582544759	0.000704507192258	0.00515646344005	0.0012072541088	0.000294371549817	7.60735465818e-05	3.30754550356e-06	0.00135609365646	0.000158762184171	0.000122379183632	0.00010253391061	0.000363830005391	2.9767909532e-05	9.92263651067e-06
0.0091155954078	0	9.92263651067e-06	0	0.00118079374477	5.62282735605e-05	0.000535822371576	0.00188530093703	0.00322485686597	0.0007441977383	0.00829201657742	0.00517630871307	0.00133624838344	0.00186876320951	0.0178144400822	0.000109149001617	0	0.000284448913306	0.000886422194953	0.00170338593433	0.00377390941956	0.000122379183632	3.30754550356e-06	0.000142224456653	0.00300986640824	1.98452730213e-05	0.000668124191719	0.000132301820142	0.00655555518805	0.0325131723	0.00286764195158	1.32301820142e-05	0.000340677186866	0.00355561141632	0.0104286909727	0	4.29980915462e-05	0	0	5.62282735605e-05	0	9.92263651067e-06	0	6.61509100711e-06	0.000185222548199	2.31528185249e-05	0	1.32301820142e-05	3.30754550356e-05	3.30754550356e-06	0	9.92263651067e-06	0	2.9767909532e-05	1.98452730213e-05	2.31528185249e-05	0	0	3.30754550356e-06	0.00010253391061	7.60735465818e-05	3.96905460427e-05	7.27660010783e-05	7.27660010783e-05	6.61509100711e-06	6.61509100711e-06	0	0	0	1.32301820142e-05	0.000512669553051	0.000281141367802	0.00867238431033	0.00136932383847	5.29207280569e-05	0.000162069729674	2.64603640285e-05	0.000152147093164	3.30754550356e-06	1.65377275178e-05	9.92263651067e-06	6.61509100711e-06	0	7.60735465818e-05
0.00628433645676	0	0.00289410231561	0	6.61509100711e-06	9.92263651067e-06	0.000122379183632	0.0184527963643	0.00230866676148	2.9767909532e-05	0.00183568775447	0.000128994274639	3.30754550356e-06	0	0.00601642527097	0	3.30754550356e-06	0.00547068026288	6.61509100711e-05	0.000863269376428	6.61509100711e-06	0.0145995058527	0	0.0108355190697	9.59188196032e-05	0	0.00145201247606	0.000899652376968	0.00907590486176	0.00286764195158	0.0425714181763	9.92263651067e-06	0	0.000955880650528	0.0123206070008	1.32301820142e-05	2.31528185249e-05	2.9767909532e-05	0	0	0	0	0	0	4.96131825534e-05	0	0	0	0	1.65377275178e-05	0	2.64603640285e-05	1.98452730213e-05	0	3.30754550356e-05	0	6.61509100711e-06	0	4.96131825534e-05	3.30754550356e-05	3.30754550356e-06	4.63056370498e-05	9.59188196032e-05	1.98452730213e-05	0	1.32301820142e-05	0	0	0	0	0.00144539738505	0.000228220639745	0.00748828302005	0.00190845375555	6.61509100711e-06	0	0	1.65377275178e-05	0	4.96131825534e-05	0.000112456547121	0.000112456547121	0	0
2.31528185249e-05	3.30754550356e-06	4.29980915462e-05	0	6.61509100711e-06	0	0	2.9767909532e-05	4.63056370498e-05	0	0.00010253391061	0.000264603640285	2.31528185249e-05	0.000198452730213	5.29207280569e-05	0	0	8.59961830925e-05	0.000112456547121	5.62282735605e-05	2.64603640285e-05	6.61509100711e-06	0	1.65377275178e-05	0	6.94584555747e-05	0.00143216720304	0.000267911185788	2.64603640285e-05	1.32301820142e-05	9.92263651067e-06	0.00180261229944	0	3.30754550356e-06	5.62282735605e-05	0	8.59961830925e-05	0	0	0	0	0	0	0	3.30754550356e-06	3.30754550356e-06	0.00014883954766	0	0.000294371549817	0	0	0	0	6.61509100711e-05	5.62282735605e-05	0	0	3.30754550356e-06	0	0	0.000228220639745	0.000165377275178	0.000264603640285	0	3.30754550356e-06	0	0.000208375366724	0	0	3.30754550356e-06	9.92263651067e-06	0.000724352465279	0.000238143276256	3.30754550356e-06	0	0	0	0	0	3.30754550356e-06	0	0	0	0
3.30754550356e-06	0	0	0	2.9767909532e-05	0.000618511009165	0.000198452730213	0	0.000443211097477	0	3.63830005391e-05	5.62282735605e-05	0	0.000119071638128	0.000360522459888	9.92263651067e-06	0	0	0	3.63830005391e-05	2.9767909532e-05	0	0	3.30754550356e-06	1.32301820142e-05	3.30754550356e-06	0	0	5.29207280569e-05	0.000340677186866	0	0	0.00256334776526	0	0.000962495741535	0	0	0	0	6.61509100711e-06	0	0	0	0	0	3.30754550356e-06	0	0	0	0	0	0	0	0	0	3.30754550356e-06	0	0	0	6.61509100711e-06	0	0	0	0	0	0	0	0	0	0	0.000181915002696	0	0.000238143276256	0.000300986640824	0.000135609365646	0.00131640311042	6.61509100711e-06	0	0	0	0	0	0	0
0.000975725923549	0	2.31528185249e-05	0	0	3.30754550356e-06	0	8.9303728596e-05	0.000158762184171	0.000284448913306	3.30754550356e-06	0.000459748824994	0	1.32301820142e-05	0.00117087110826	1.32301820142e-05	0	0.000132301820142	1.32301820142e-05	0.000466363916002	0	3.96905460427e-05	0	5.62282735605e-05	0.000697892101251	0	0.000132301820142	3.63830005391e-05	0.00140570683901	0.00355561141632	0.000955880650528	3.30754550356e-06	0	0.00574520653968	0.00420389033502	0	2.31528185249e-05	0	0	3.30754550356e-06	0	0	0	3.30754550356e-06	8.9303728596e-05	3.30754550356e-06	0	0	0	3.30754550356e-06	0	0	3.30754550356e-06	1.65377275178e-05	9.92263651067e-06	3.30754550356e-06	0	0	0	1.32301820142e-05	4.29980915462e-05	2.31528185249e-05	4.29980915462e-05	6.61509100711e-06	3.30754550356e-06	9.92263651067e-06	0	0	0	6.61509100711e-06	0.000287756458809	9.92263651067e-06	0.00290402495212	0.000201760275717	6.61509100711e-06	1.32301820142e-05	0	7.60735465818e-05	9.92263651067e-06	6.61509100711e-06	6.61509100711e-06	0	0	0
0.00631410436629	0	0.00025137345827	0	0.000661509100711	0.000132301820142	0.000347292277874	0.004184045062	0.00170669347984	0.000420058278952	0.00559636699202	0.010686679522	0.00123040692732	0.00157439165969	0.00937689150258	1.32301820142e-05	0.000969110832542	0.0115301036254	0.00126348238236	0.0150790999507	0.00319508895644	0.00996563460222	3.30754550356e-06	0.0114904130794	0.00249058176418	2.31528185249e-05	0.00805387330116	0.00160415956923	0.00506385216595	0.0104286909727	0.0123206070008	5.62282735605e-05	0.000962495741535	0.00420389033502	0.0572436900301	7.27660010783e-05	7.60735465818e-05	3.96905460427e-05	0	6.28433645676e-05	0	1.32301820142e-05	0	1.65377275178e-05	0.000330754550356	5.62282735605e-05	0	5.9535819064e-05	2.9767909532e-05	9.26112740996e-05	0	0.000162069729674	5.29207280569e-05	3.30754550356e-05	8.9303728596e-05	4.96131825534e-05	7.93810920854e-05	3.30754550356e-06	0.000334062095859	0.000234835730753	0.000109149001617	0.000125686729135	0.000211682912228	0.000264603640285	1.65377275178e-05	8.26886375889e-05	0	0	0	6.94584555747e-05	0.010226930697	0.000737582647293	0.0386652069366	0.00877491822094	0.000171992366185	0.000879807103946	3.63830005391e-05	0.000413443187945	4.29980915462e-05	0.000221605548738	0.000334062095859	0.000205067821221	2.31528185249e-05	7.27660010783e-05
9.92263651067e-06	0	3.30754550356e-06	0	0	0	0	1.65377275178e-05	6.61509100711e-06	0	3.30754550356e-06	0	0	0	9.92263651067e-06	0	6.61509100711e-06	3.30754550356e-06	0	0	0	0.000138916911149	0	0.000320831913845	6.61509100711e-06	0	0	1.65377275178e-05	1.32301820142e-05	0	1.32301820142e-05	0	0	0	7.27660010783e-05	0.0228617545206	3.30754550356e-06	0.00435272988268	0	3.30754550356e-06	1.32301820142e-05	0.000152147093164	0.00302971168126	0.00126678992786	3.63830005391e-05	5.9535819064e-05	4.63056370498e-05	1.98452730213e-05	3.30754550356e-06	0.017701983535	0	0.000191837639206	0.00287094949709	2.9767909532e-05	0.00144208983955	2.31528185249e-05	0.00191176130106	0	0.00492162770929	0.000502746916541	0	0.00399220742279	0.000529207280569	0.000853346739918	0.00578489708572	0.0126480540056	0	0	0.000770658102329	0.00144539738505	0.000330754550356	3.30754550356e-06	0.000188530093703	0	0	0	0	0.000846731648911	0.000224913094242	0.00333400586759	0.00303301922676	0.00144539738505	0.000248065912767	1.65377275178e-05
