0.00722073244079	0	1.32917302178e-05	0	3.32293255444e-05	0	0.000428658299522	0.00163488281678	0.000930421115243	0.000116302639405	0.000415366569305	3.32293255444e-06	0.00017943835794	3.32293255444e-06	0.00416031155816	2.99063929899e-05	1.32917302178e-05	3.32293255444e-06	0	0	0.000136240234732	0.000139563167286	4.98439883166e-05	0.000116302639405	0.000255865806692	0	3.32293255444e-06	9.96879766331e-06	0.000455241759958	0.00373497619119	0.00211338510462	0	9.96879766331e-06	0.000993556833777	0.00074101395964	0	0	0	0	0	0	0	9.96879766331e-06	0	3.32293255444e-05	0	0	0	0	0	0	0	0	0	0	3.32293255444e-06	0	3.32293255444e-06	0	2.32605278811e-05	0	0	0	3.32293255444e-06	0	0	0	0	0	0	0.00014953196495	2.99063929899e-05	0.000255865806692	6.97815836432e-05	0.000109656774296	6.64586510888e-06	0	3.32293255444e-06	0	0	0	0	0	0
0	0.0140859110983	0.00319333818481	0	0	0	0	1.99375953266e-05	3.32293255444e-06	5.3166920871e-05	0	0.000262511671801	0	0.000166146627722	3.32293255444e-06	6.64586510888e-06	0.000122948504514	0.00103343202443	2.65834604355e-05	0.000498439883166	0	8.97191789698e-05	0.00158171589591	0.000657940645779	2.99063929899e-05	0.00105669255231	0.00478502287839	0.00738023320341	4.98439883166e-05	9.96879766331e-06	3.98751906533e-05	1.32917302178e-05	0	1.99375953266e-05	0.000804149678174	3.32293255444e-06	0.00237589677642	0.000269157536909	0	0	0	9.96879766331e-06	0	6.64586510888e-06	1.66146627722e-05	3.32293255444e-06	9.63650440787e-05	3.32293255444e-06	3.98751906533e-05	3.32293255444e-06	3.32293255444e-06	0.000132917302178	0.000262511671801	3.32293255444e-05	0.000156177830059	0	6.97815836432e-05	0.000608096657462	0.000295740997345	1.32917302178e-05	0.000305709795008	0.000355553783325	0.00111650533829	6.64586510888e-06	3.32293255444e-06	9.96879766331e-06	0	0	0	0.000152854897504	0.00035223085077	0.000548283871482	0.000544960938928	0.000235928211365	1.32917302178e-05	0	1.32917302178e-05	9.63650440787e-05	0.000760951554966	0.000219313548593	6.64586510888e-05	1.66146627722e-05	1.32917302178e-05	6.64586510888e-06
1.32917302178e-05	0.00319333818481	0.0444874210388	0	6.64586510888e-06	0	6.64586510888e-06	0.000199375953266	1.66146627722e-05	0.000159500762613	3.32293255444e-06	0.000235928211365	0	6.64586510888e-05	3.98751906533e-05	0	0.00120290158471	0.00793184000744	6.64586510888e-06	0.000807472610728	3.32293255444e-06	0.00277464868296	0.00187745689326	0.0171064567902	0.000202698885821	3.98751906533e-05	0.00938728446629	0.0164119638864	0.00077092035263	0.00020934475093	0.00118296398938	0	3.32293255444e-06	0.00023925114392	0.00530340035688	3.32293255444e-06	0.000966973373341	0.000139563167286	0	0	0	6.64586510888e-06	1.32917302178e-05	3.32293255444e-06	6.31357185343e-05	0	9.96879766331e-06	3.32293255444e-06	0	3.32293255444e-06	6.64586510888e-06	0.000196053020712	6.97815836432e-05	3.32293255444e-06	2.99063929899e-05	0	3.32293255444e-05	0.000784212082847	0.000212667683484	3.98751906533e-05	3.65522580988e-05	8.63962464154e-05	0.000491794018057	2.32605278811e-05	0	1.66146627722e-05	0	0	0	6.31357185343e-05	0.00356550663091	0.00374826792141	0.0049810758991	0.00237589677642	6.64586510888e-05	8.63962464154e-05	6.31357185343e-05	7.31045161976e-05	0.000232605278811	4.98439883166e-05	1.66146627722e-05	2.32605278811e-05	0	9.96879766331e-06
0	0	0	0	0	0	0	0	0	0	0	0	0	0	0	0	0	0	0	0	0	0	0	0	0	0	0	0	0	0	0	0	0	0	0	0	0	0	0	0	0	0	0	0	0	0	0	0	0	0	0	0	0	0	0	0	0	0	0	0	0	0	0	0	0	0	0	0	0	0	0	0	0	0	0	0	0	0	0	0	0	0	0	0
3.32293255444e-05	0	6.64586510888e-06	0	0.016996800016	0	0.000568221466809	0.00137237114498	0.000162823695167	0.000461887625067	0.00264505431333	0	0.00271815882953	0	0.000112979706851	4.31981232077e-05	0	0	0	0	0.00700474182476	2.32605278811e-05	1.32917302178e-05	9.96879766331e-06	0.00498772176421	0	0	0	0.00420018674881	0.000192730088157	0.000159500762613	0	0	9.63650440787e-05	8.97191789698e-05	3.32293255444e-06	0	0	0	0.00163820574934	0	2.99063929899e-05	3.65522580988e-05	3.32293255444e-06	3.32293255444e-05	0.000455241759958	0	4.31981232077e-05	0	0	0	0	0	0	0	0.000295740997345	0	6.64586510888e-06	0	0.000146209032395	0	0	0	0.00112647413595	0	0	0	0	0	3.32293255444e-06	3.65522580988e-05	3.32293255444e-06	1.99375953266e-05	3.32293255444e-06	4.31981232077e-05	3.32293255444e-06	0	3.32293255444e-06	0	0	0	3.32293255444e-06	0	0
0	0	0	0	0	0.00541305713118	0.00167475800744	9.96879766331e-06	0.00108327601275	0	6.64586510888e-06	6.64586510888e-06	1.32917302178e-05	3.32293255444e-06	0.000598127859799	0.000292418064791	0	0	0	0	3.32293255444e-06	6.64586510888e-06	0	6.64586510888e-06	3.32293255444e-06	0	0	0	0	0.00136904821243	9.96879766331e-06	0	0.00210673923951	2.32605278811e-05	0.00102346322677	0	0	0	0	0	0	0	0	0	0	0	0	0	0	0	0	0	0	0	0	0	0	0	0	0	0	0	0	0	0	0	0	0	0	0	6.64586510888e-06	9.96879766331e-06	0.000136240234732	1.66146627722e-05	0.000857316599045	0.00068120117366	0	0	0	0	0	0	0	0
0.000428658299522	0	6.64586510888e-06	0	0.000568221466809	0.00167475800744	0.0281618533989	0.00117631812427	0.00873266675306	0.00020934475093	0.00533330674987	9.96879766331e-06	0.00789528774934	6.64586510888e-06	0.00240912610197	0.00132585008922	6.64586510888e-06	6.64586510888e-06	0	0	0.00167475800744	4.31981232077e-05	1.32917302178e-05	3.32293255444e-05	0.000940389912906	0	0	0	0.000422012434414	0.00302054569198	0.000342262053107	0	0.000927098182688	0.000408720704196	0.00116634932661	0	0	0	0	0	0	0	0	0	6.64586510888e-06	0	0	0	0	0	0	0	0	0	0	0	0	3.32293255444e-06	0	3.32293255444e-06	0	0	0	0	0	0	0	0	0	0	0.000136240234732	6.64586510888e-06	0.000385460176315	6.97815836432e-05	0.00113312000106	0.000103010909188	3.32293255444e-06	0	0	0	0	0	0	0
0.00163488281678	1.99375953266e-05	0.000199375953266	0	0.00137237114498	9.96879766331e-06	0.00117631812427	0.0354357527605	0.00115305759639	0.00167143507488	0.00647307261605	6.64586510888e-06	0.00133249595433	3.32293255444e-06	0.0019472384769	7.31045161976e-05	0.000252542874137	4.31981232077e-05	3.32293255444e-06	9.96879766331e-06	0.00155180950292	0.00152190310993	0.000372168446097	0.00123613091025	0.00518045185237	0	1.99375953266e-05	4.98439883166e-05	0.014833570923	0.0044560525555	0.00873931261817	0	9.96879766331e-06	0.0019472384769	0.00236260504621	3.32293255444e-06	3.32293255444e-06	0	0	2.99063929899e-05	0	1.32917302178e-05	5.98127859799e-05	9.96879766331e-06	0.000468533490176	2.65834604355e-05	0	3.98751906533e-05	0	9.96879766331e-06	0	2.32605278811e-05	0	0	0	4.31981232077e-05	3.32293255444e-06	4.31981232077e-05	3.32293255444e-06	0.000372168446097	0	3.32293255444e-06	3.32293255444e-06	7.97503813065e-05	6.64586510888e-06	1.66146627722e-05	0	0	0	3.32293255444e-06	0.000790857947956	0.00014953196495	0.000794180880511	0.000275803402018	0.000328970322889	2.32605278811e-05	0	3.32293255444e-06	0	3.32293255444e-06	0	6.64586510888e-06	3.32293255444e-06	0
0.000930421115243	3.32293255444e-06	1.66146627722e-05	0	0.000162823695167	0.00108327601275	0.00873266675306	0.00115305759639	0.022798640256	7.31045161976e-05	0.00372168446097	9.96879766331e-06	0.000794180880511	6.64586510888e-06	0.0104240394233	0.000242574076474	9.96879766331e-06	6.64586510888e-06	0	0	0.000372168446097	4.65210557621e-05	1.32917302178e-05	4.31981232077e-05	0.000319001525226	0	0	1.32917302178e-05	0.000315678592672	0.00498439883166	0.000551606804037	0	0.000970296305896	0.00050176281572	0.00129594369623	0	0	0	0	0	0	0	0	0	1.66146627722e-05	0	0	0	0	0	0	3.32293255444e-06	0	0	0	0	0	3.32293255444e-06	0	1.32917302178e-05	0	0	0	3.32293255444e-06	0	3.32293255444e-06	0	0	0	3.32293255444e-06	0.000109656774296	6.64586510888e-06	0.000431981232077	9.30421115243e-05	0.000425335366968	0.000109656774296	0	3.32293255444e-06	0	0	0	0	0	0
0.000116302639405	5.3166920871e-05	0.000159500762613	0	0.000461887625067	0	0.00020934475093	0.00167143507488	7.31045161976e-05	0.0192298106925	0.000269157536909	3.32293255444e-06	0.00265170017844	0	0.00014953196495	0.000315678592672	0.000302386862454	3.98751906533e-05	0	3.32293255444e-06	0.000667909443442	0.000691169971323	0.00337942240786	0.000697815836432	0.00607432070951	0	2.32605278811e-05	0.000132917302178	0.00240248023686	0.00068120117366	0.00139563167286	0	0	0.000422012434414	0.000887222992035	2.65834604355e-05	3.32293255444e-06	0	0	0.000156177830059	0	3.65522580988e-05	0.000458564692512	3.32293255444e-05	0.00287101372703	0.00011962557196	0	0.000116302639405	0	3.32293255444e-05	0	0.000199375953266	3.32293255444e-06	0	0	0.000152854897504	8.30733138609e-05	0.000704461701541	9.63650440787e-05	0.00207018698141	0	3.32293255444e-06	1.32917302178e-05	0.00065129478067	2.65834604355e-05	0.000159500762613	0	0	9.96879766331e-06	6.31357185343e-05	0.00104007788954	0.000122948504514	0.000348907918216	0.000186084223049	0.000983588036114	1.66146627722e-05	0	8.30733138609e-05	1.99375953266e-05	2.99063929899e-05	2.99063929899e-05	4.65210557621e-05	3.32293255444e-06	0
0.000415366569305	0	3.32293255444e-06	0	0.00264505431333	6.64586510888e-06	0.00533330674987	0.00647307261605	0.00372168446097	0.000269157536909	0.0325215409103	0	0.0062504361349	0	0.00188077982581	8.63962464154e-05	2.65834604355e-05	6.64586510888e-06	0	0	0.00402074839087	9.63650440787e-05	2.99063929899e-05	7.31045161976e-05	0.00199375953266	0	0	0	0.00305377501753	0.00124942264047	0.00071110756665	0	3.32293255444e-06	0.000445272962295	0.00041204363675	0	0	0	0	2.65834604355e-05	0	0	0	0	5.64898534254e-05	7.97503813065e-05	0	6.64586510888e-06	0	0	0	3.32293255444e-06	0	0	0	1.66146627722e-05	0	6.64586510888e-06	0	5.3166920871e-05	0	0	3.32293255444e-06	1.99375953266e-05	0	0	0	0	0	0	0.000122948504514	1.32917302178e-05	0.000156177830059	4.31981232077e-05	0.000206021818375	6.64586510888e-06	0	0	0	0	0	0	0	0
3.32293255444e-06	0.000262511671801	0.000235928211365	0	0	6.64586510888e-06	9.96879766331e-06	6.64586510888e-06	9.96879766331e-06	3.32293255444e-06	0	0.0258657070037	0	0.00531004622199	2.65834604355e-05	0	0	0.000721076364313	0.00173457079342	0.00496113830378	0	2.32605278811e-05	3.32293255444e-06	0.00017943835794	6.64586510888e-06	0.00256862686458	0.010194757077	0.00146541325651	1.66146627722e-05	0.000132917302178	1.99375953266e-05	0.000933744047797	1.32917302178e-05	2.65834604355e-05	0.0045291570717	0	0.000103010909188	6.64586510888e-06	0	0	0	0	0	0	0	0	0.000176115425385	0	0.000146209032395	0	0	0	1.66146627722e-05	1.99375953266e-05	5.98127859799e-05	0	0	0	1.32917302178e-05	0	0.000309032727563	0.000106333841742	0.000156177830059	0	0	0	0	0	0	1.66146627722e-05	0.00044195002974	0.00241909489963	0.00224962533935	0.00041204363675	9.96879766331e-06	2.99063929899e-05	0.000415366569305	1.66146627722e-05	0.000255865806692	6.64586510888e-05	1.66146627722e-05	0	0	5.3166920871e-05
0.00017943835794	0	0	0	0.00271815882953	1.32917302178e-05	0.00789528774934	0.00133249595433	0.000794180880511	0.00265170017844	0.0062504361349	0	0.0286170951588	0	0.000511731613383	0.00152854897504	3.32293255444e-06	0	0	0	0.00839040469996	2.65834604355e-05	1.32917302178e-05	1.66146627722e-05	0.00356550663091	0	0	3.32293255444e-06	0.000824087273501	0.000661263578333	0.00023925114392	0	6.64586510888e-06	0.000215990616038	0.000229282346256	0	0	0	0	2.99063929899e-05	0	3.32293255444e-06	3.32293255444e-06	0	1.66146627722e-05	3.32293255444e-06	0	1.66146627722e-05	0	0	0	0	0	0	0	2.99063929899e-05	0	3.32293255444e-06	0	1.99375953266e-05	0	0	0	6.64586510888e-06	0	0	0	0	0	0	0.000196053020712	0	8.30733138609e-05	1.32917302178e-05	0.00116302639405	3.32293255444e-06	0	3.32293255444e-06	0	0	0	0	3.32293255444e-06	0
3.32293255444e-06	0.000166146627722	6.64586510888e-05	0	0	3.32293255444e-06	6.64586510888e-06	3.32293255444e-06	6.64586510888e-06	0	0	0.00531004622199	0	0.0149033525067	9.96879766331e-06	0	9.96879766331e-06	0.000116302639405	0.000176115425385	0.000478502287839	0	1.66146627722e-05	6.64586510888e-06	6.64586510888e-05	3.32293255444e-06	0.00450589654382	0.00522032704302	0.00194059261179	6.64586510888e-06	6.64586510888e-05	1.66146627722e-05	0.00134578768455	9.96879766331e-06	1.99375953266e-05	0.000618065455125	0	4.98439883166e-05	0	0	0	0	0	0	0	0	0	0.000166146627722	0	0.000189407155603	0	3.32293255444e-06	0	3.32293255444e-06	9.96879766331e-06	3.65522580988e-05	0	0	3.32293255444e-06	0	0	0.000235928211365	5.3166920871e-05	7.31045161976e-05	0	0	0	0	0	0	6.64586510888e-06	0.000225959413702	0.000734368094531	0.000661263578333	0.000461887625067	3.32293255444e-06	2.99063929899e-05	0.00053166920871	6.64586510888e-06	0.000192730088157	1.66146627722e-05	6.64586510888e-06	0	0	5.3166920871e-05
0.00416031155816	3.32293255444e-06	3.98751906533e-05	0	0.000112979706851	0.000598127859799	0.00240912610197	0.0019472384769	0.0104240394233	0.00014953196495	0.00188077982581	2.65834604355e-05	0.000511731613383	9.96879766331e-06	0.0313053475954	0.000225959413702	2.32605278811e-05	9.96879766331e-06	0	6.64586510888e-06	0.000249219941583	0.000199375953266	6.64586510888e-05	0.00017943835794	0.000392106041424	0	9.96879766331e-06	2.99063929899e-05	0.000584836129581	0.0157639920383	0.00207018698141	0	0.000933744047797	0.00192730088157	0.00356218369836	0	0	0	0	3.32293255444e-06	0	0	6.64586510888e-06	0	3.65522580988e-05	3.32293255444e-06	0	0	0	0	0	0	0	0	0	3.32293255444e-06	0	3.32293255444e-06	0	3.65522580988e-05	0	0	0	3.32293255444e-06	0	0	0	0	0	0	0.000325647390335	3.98751906533e-05	0.00106666134997	0.000189407155603	0.000435304164631	0.000189407155603	0	3.32293255444e-06	0	0	0	0	0	0
2.99063929899e-05	6.64586510888e-06	0	0	4.31981232077e-05	0.000292418064791	0.00132585008922	7.31045161976e-05	0.000242574076474	0.000315678592672	8.63962464154e-05	0	0.00152854897504	0	0.000225959413702	0.00486809619225	0	0	0	3.32293255444e-06	0.000126271437069	6.64586510888e-06	3.32293255444e-06	1.32917302178e-05	0.000103010909188	0	3.32293255444e-06	3.32293255444e-06	4.31981232077e-05	0.000478502287839	3.65522580988e-05	0	3.65522580988e-05	4.98439883166e-05	0.000242574076474	0	0	0	0	0	0	3.32293255444e-06	0	0	6.64586510888e-06	0	0	0	0	0	0	0	0	0	0	0	0	0	0	6.64586510888e-06	0	0	0	0	0	0	0	0	0	0	0.000325647390335	1.66146627722e-05	8.30733138609e-05	3.32293255444e-05	0.00244235542751	3.65522580988e-05	0	0	0	0	0	0	0	0
1.32917302178e-05	0.000122948504514	0.00120290158471	0	0	0	6.64586510888e-06	0.000252542874137	9.96879766331e-06	0.000302386862454	2.65834604355e-05	0	3.32293255444e-06	9.96879766331e-06	2.32605278811e-05	0	0.0134146787223	0.000136240234732	0	6.64586510888e-06	3.32293255444e-06	0.00246561595539	0.00142553806585	0.00676549068084	0.00197382193734	3.32293255444e-06	4.65210557621e-05	0.00281452387361	0.00191400915136	0.000152854897504	0.000568221466809	0	3.32293255444e-06	0.000112979706851	0.000654617713224	0	2.99063929899e-05	1.32917302178e-05	0	0	0	3.32293255444e-06	1.66146627722e-05	0	4.65210557621e-05	0	0	3.32293255444e-06	0	0	0	4.65210557621e-05	0	0	0	0	9.96879766331e-06	0.000146209032395	2.32605278811e-05	2.65834604355e-05	0	0	1.32917302178e-05	1.66146627722e-05	0	3.32293255444e-06	0	0	0	1.32917302178e-05	0.000448595894849	0.000375491378651	0.00044195002974	0.000199375953266	6.64586510888e-06	1.32917302178e-05	0	9.96879766331e-06	3.32293255444e-06	0	0	3.32293255444e-06	0	0
3.32293255444e-06	0.00103343202443	0.00793184000744	0	0	0	6.64586510888e-06	4.31981232077e-05	6.64586510888e-06	3.98751906533e-05	6.64586510888e-06	0.000721076364313	0	0.000116302639405	9.96879766331e-06	0	0.000136240234732	0.0254736009623	2.65834604355e-05	0.00587494475625	0	0.00121951624748	0.000215990616038	0.00791522534467	8.30733138609e-05	0.000126271437069	0.00702800235264	0.00288762838981	0.000186084223049	8.97191789698e-05	0.000431981232077	1.66146627722e-05	0	7.97503813065e-05	0.00799497572598	0	0.000235928211365	2.65834604355e-05	0	0	0	0	0	0	1.32917302178e-05	0	2.65834604355e-05	0	6.64586510888e-06	0	0	1.99375953266e-05	5.3166920871e-05	6.64586510888e-06	3.32293255444e-05	0	3.32293255444e-06	9.63650440787e-05	4.98439883166e-05	3.32293255444e-06	4.98439883166e-05	4.98439883166e-05	0.00014953196495	0	0	3.32293255444e-06	0	0	0	3.32293255444e-05	0.00217652082316	0.00272148176208	0.00420018674881	0.00159833055868	4.31981232077e-05	4.31981232077e-05	6.64586510888e-05	3.32293255444e-05	0.000106333841742	2.99063929899e-05	6.64586510888e-06	6.64586510888e-06	0	0
0	2.65834604355e-05	6.64586510888e-06	0	0	0	0	3.32293255444e-06	0	0	0	0.00173457079342	0	0.000176115425385	0	0	0	2.65834604355e-05	0.00388783108869	0.00176780011896	0	0	0	0	0	0.000139563167286	0.00229282346256	0.000146209032395	0	0	3.32293255444e-06	3.32293255444e-06	0	0	0.000162823695167	0	6.64586510888e-06	0	0	0	0	0	0	0	0	0	1.66146627722e-05	0	3.32293255444e-06	0	0	0	6.64586510888e-06	0	9.96879766331e-06	0	0	0	0	0	2.65834604355e-05	9.96879766331e-06	9.96879766331e-06	0	0	0	0	0	0	0	1.66146627722e-05	6.31357185343e-05	7.31045161976e-05	9.96879766331e-06	0	0	6.64586510888e-06	0	1.66146627722e-05	0	0	0	0	3.32293255444e-06
0	0.000498439883166	0.000807472610728	0	0	0	0	9.96879766331e-06	0	3.32293255444e-06	0	0.00496113830378	0	0.000478502287839	6.64586510888e-06	3.32293255444e-06	6.64586510888e-06	0.00587494475625	0.00176780011896	0.0181133053542	0	7.64274487521e-05	1.32917302178e-05	0.000362199648434	9.96879766331e-06	0.000445272962295	0.00931417995009	0.00130258956134	1.66146627722e-05	2.32605278811e-05	3.98751906533e-05	4.65210557621e-05	3.32293255444e-06	1.32917302178e-05	0.0042300931418	0	0.000126271437069	6.64586510888e-06	0	0	0	0	0	0	3.32293255444e-06	0	5.3166920871e-05	0	3.65522580988e-05	0	0	0	3.32293255444e-05	1.32917302178e-05	3.98751906533e-05	0	0	9.96879766331e-06	1.99375953266e-05	0	0.000132917302178	4.98439883166e-05	9.96879766331e-05	0	0	0	0	0	0	1.66146627722e-05	0.000588159062136	0.00130923542645	0.00159168469358	0.000498439883166	3.32293255444e-06	1.66146627722e-05	5.3166920871e-05	6.64586510888e-06	0.000106333841742	3.98751906533e-05	0	0	0	6.64586510888e-06
0.000136240234732	0	3.32293255444e-06	0	0.00700474182476	3.32293255444e-06	0.00167475800744	0.00155180950292	0.000372168446097	0.000667909443442	0.00402074839087	0	0.00839040469996	0	0.000249219941583	0.000126271437069	3.32293255444e-06	0	0	0	0.0164385473468	1.99375953266e-05	2.32605278811e-05	9.96879766331e-06	0.00461555331811	0	0	3.32293255444e-06	0.00170134146787	0.000435304164631	0.000269157536909	0	3.32293255444e-06	0.000166146627722	0.000142886099841	0	0	0	0	0.000302386862454	0	6.64586510888e-06	6.64586510888e-06	3.32293255444e-06	2.65834604355e-05	6.64586510888e-05	0	1.66146627722e-05	0	0	0	0	0	0	0	9.30421115243e-05	0	6.64586510888e-06	0	4.31981232077e-05	0	0	0	9.96879766331e-05	0	0	0	0	0	0	6.64586510888e-05	0	3.65522580988e-05	9.96879766331e-06	0.000146209032395	6.64586510888e-06	0	3.32293255444e-06	0	0	0	0	3.32293255444e-06	0
0.000139563167286	8.97191789698e-05	0.00277464868296	0	2.32605278811e-05	6.64586510888e-06	4.31981232077e-05	0.00152190310993	4.65210557621e-05	0.000691169971323	9.63650440787e-05	2.32605278811e-05	2.65834604355e-05	1.66146627722e-05	0.000199375953266	6.64586510888e-06	0.00246561595539	0.00121951624748	0	7.64274487521e-05	1.99375953266e-05	0.038855050359	0.00106333841742	0.0237323843038	0.00200040539777	6.64586510888e-06	0.000255865806692	0.000810795543283	0.00869279156241	0.00152190310993	0.0118196710961	3.32293255444e-06	3.32293255444e-06	0.00128265196601	0.00394764387467	0	2.65834604355e-05	6.64586510888e-06	0	6.64586510888e-06	0	0	2.32605278811e-05	0	9.96879766331e-05	3.32293255444e-06	3.32293255444e-06	0	0	0	0	1.99375953266e-05	0	0	3.32293255444e-06	6.64586510888e-06	6.64586510888e-06	0.000136240234732	1.66146627722e-05	6.64586510888e-05	0	0	6.64586510888e-06	1.99375953266e-05	0	0	0	0	0	6.64586510888e-06	0.00165149747956	0.000844024868827	0.00210673923951	0.00102346322677	6.31357185343e-05	5.98127859799e-05	1.66146627722e-05	9.96879766331e-06	1.32917302178e-05	6.64586510888e-06	0	0	0	0
4.98439883166e-05	0.00158171589591	0.00187745689326	0	1.32917302178e-05	0	1.32917302178e-05	0.000372168446097	1.32917302178e-05	0.00337942240786	2.99063929899e-05	3.32293255444e-06	1.32917302178e-05	6.64586510888e-06	6.64586510888e-05	3.32293255444e-06	0.00142553806585	0.000215990616038	0	1.32917302178e-05	2.32605278811e-05	0.00106333841742	0.0156111371407	0.00268160657143	0.00239583437175	0	0.000255865806692	0.00326311976846	0.00137901701009	0.000285772199682	0.00091380645247	0	0	0.000245897009028	0.000950358710569	6.64586510888e-06	0.000242574076474	6.97815836432e-05	0	3.32293255444e-06	0	3.32293255444e-06	5.3166920871e-05	3.32293255444e-06	0.000604773724908	0	0	3.32293255444e-06	0	9.96879766331e-06	3.32293255444e-06	0.000525023343601	2.32605278811e-05	0	3.32293255444e-06	3.32293255444e-06	0.000126271437069	0.0018309358375	0.000335616187998	0.000299063929899	0	9.96879766331e-06	0.000232605278811	0.000126271437069	3.32293255444e-06	7.97503813065e-05	0	0	3.32293255444e-06	0.000132917302178	0.000697815836432	0.000588159062136	0.000654617713224	0.000335616187998	3.65522580988e-05	1.99375953266e-05	3.32293255444e-06	0.000109656774296	5.3166920871e-05	6.97815836432e-05	2.65834604355e-05	1.66146627722e-05	3.32293255444e-06	0
0.000116302639405	0.000657940645779	0.0171064567902	0	9.96879766331e-06	6.64586510888e-06	3.32293255444e-05	0.00123613091025	4.31981232077e-05	0.000697815836432	7.31045161976e-05	0.00017943835794	1.66146627722e-05	6.64586510888e-05	0.00017943835794	1.32917302178e-05	0.00676549068084	0.00791522534467	0	0.000362199648434	9.96879766331e-06	0.0237323843038	0.00268160657143	0.0641425670983	0.00153519484015	1.32917302178e-05	0.00155180950292	0.00723070123846	0.00575531918429	0.00116634932661	0.00678210534361	3.32293255444e-06	9.96879766331e-06	0.000840701936273	0.00832726898142	3.32293255444e-06	0.000159500762613	2.65834604355e-05	0	0	0	0	1.32917302178e-05	0	0.000139563167286	0	3.32293255444e-06	3.32293255444e-06	0	3.32293255444e-06	0	0.000126271437069	6.64586510888e-06	0	6.64586510888e-06	0	1.66146627722e-05	0.000495116950611	9.63650440787e-05	8.30733138609e-05	3.32293255444e-06	1.32917302178e-05	0.000103010909188	2.99063929899e-05	0	3.32293255444e-06	0	0	0	3.32293255444e-05	0.00474847062029	0.00335948481254	0.00622052974191	0.00292418064791	0.000116302639405	0.000139563167286	5.3166920871e-05	3.65522580988e-05	3.98751906533e-05	3.32293255444e-05	9.96879766331e-06	9.96879766331e-06	0	0
0.000255865806692	2.99063929899e-05	0.000202698885821	0	0.00498772176421	3.32293255444e-06	0.000940389912906	0.00518045185237	0.000319001525226	0.00607432070951	0.00199375953266	6.64586510888e-06	0.00356550663091	3.32293255444e-06	0.000392106041424	0.000103010909188	0.00197382193734	8.30733138609e-05	0	9.96879766331e-06	0.00461555331811	0.00200040539777	0.00239583437175	0.00153519484015	0.0350702301795	3.32293255444e-06	3.32293255444e-05	0.000169469560276	0.0126769876952	0.00128597489857	0.00242906369729	0	6.64586510888e-06	0.000787535015402	0.0013491106171	3.32293255444e-06	0	0	0	0.000132917302178	0	6.64586510888e-06	0.00011962557196	6.64586510888e-06	0.000628034252789	1.32917302178e-05	0	3.98751906533e-05	0	3.32293255444e-06	0	3.32293255444e-05	0	0	0	4.65210557621e-05	1.32917302178e-05	8.63962464154e-05	9.96879766331e-06	0.00107663014764	0	0	3.32293255444e-06	0.000388783108869	3.32293255444e-06	3.65522580988e-05	0	0	3.32293255444e-06	9.96879766331e-06	0.00053166920871	0.000136240234732	0.00044195002974	0.000162823695167	0.000358876715879	1.66146627722e-05	0	9.96879766331e-06	6.64586510888e-06	3.32293255444e-06	3.32293255444e-06	9.96879766331e-06	0	0
0	0.00105669255231	3.98751906533e-05	0	0	0	0	0	0	0	0	0.00256862686458	0	0.00450589654382	0	0	3.32293255444e-06	0.000126271437069	0.000139563167286	0.000445272962295	0	6.64586510888e-06	0	1.32917302178e-05	3.32293255444e-06	0.0100452251121	0.00319998404992	0.00126603730324	0	6.64586510888e-06	3.32293255444e-06	9.63650440787e-05	3.32293255444e-06	3.32293255444e-06	0.000345584985662	0	0.000232605278811	6.64586510888e-06	0	0	0	3.32293255444e-06	0	3.32293255444e-06	0	0	0.000425335366968	0	0.000312355660117	0	0	0	2.32605278811e-05	3.98751906533e-05	9.63650440787e-05	0	3.32293255444e-06	0	3.32293255444e-06	0	0.000747659824749	0.000152854897504	0.000275803402018	0	0	0	0	0	0	5.3166920871e-05	5.3166920871e-05	0.000495116950611	0.00017943835794	3.65522580988e-05	0	6.64586510888e-06	0.00017943835794	9.96879766331e-06	0.00059148199469	0.000109656774296	1.66146627722e-05	0	0	0.000132917302178
3.32293255444e-06	0.00478502287839	0.00938728446629	0	0	0	0	1.99375953266e-05	0	2.32605278811e-05	0	0.010194757077	0	0.00522032704302	9.96879766331e-06	3.32293255444e-06	4.65210557621e-05	0.00702800235264	0.00229282346256	0.00931417995009	0	0.000255865806692	0.000255865806692	0.00155180950292	3.32293255444e-05	0.00319998404992	0.0627336436952	0.0206719634212	7.31045161976e-05	4.98439883166e-05	0.000126271437069	0.00189407155603	0	2.65834604355e-05	0.00553600563569	0	0.00139563167286	0.000106333841742	0	0	0	6.64586510888e-06	3.32293255444e-06	3.32293255444e-06	3.32293255444e-06	0	0.000302386862454	3.32293255444e-06	0.000215990616038	0	6.64586510888e-06	2.65834604355e-05	0.000146209032395	3.65522580988e-05	0.000172792492831	0	9.96879766331e-06	0.000136240234732	0.000116302639405	0	0.000820764340946	0.000405397771641	0.000963650440787	3.32293255444e-06	0	0	0	0	0	9.30421115243e-05	0.00136572527987	0.00298399343389	0.00290424305258	0.000950358710569	1.32917302178e-05	2.99063929899e-05	0.000106333841742	6.97815836432e-05	0.000671232375996	0.000182761290494	3.98751906533e-05	2.32605278811e-05	0	6.97815836432e-05
9.96879766331e-06	0.00738023320341	0.0164119638864	0	0	0	0	4.98439883166e-05	1.32917302178e-05	0.000132917302178	0	0.00146541325651	3.32293255444e-06	0.00194059261179	2.99063929899e-05	3.32293255444e-06	0.00281452387361	0.00288762838981	0.000146209032395	0.00130258956134	3.32293255444e-06	0.000810795543283	0.00326311976846	0.00723070123846	0.000169469560276	0.00126603730324	0.0206719634212	0.0542601656814	0.000342262053107	7.31045161976e-05	0.000335616187998	0.000684524106214	0	9.63650440787e-05	0.00255533513436	3.32293255444e-06	0.00118296398938	0.000126271437069	0	0	0	9.96879766331e-06	3.32293255444e-06	3.32293255444e-06	2.99063929899e-05	0	7.31045161976e-05	3.32293255444e-06	7.31045161976e-05	6.64586510888e-06	3.32293255444e-06	0.000136240234732	8.30733138609e-05	9.96879766331e-06	4.98439883166e-05	0	5.3166920871e-05	0.000644648915561	0.000206021818375	9.96879766331e-06	0.000202698885821	0.000169469560276	0.000647971848115	9.96879766331e-06	0	9.96879766331e-06	0	0	0	0.000109656774296	0.00151193431227	0.00193726967924	0.00200705126288	0.000880577126926	3.32293255444e-05	5.3166920871e-05	2.99063929899e-05	8.30733138609e-05	0.000335616187998	0.000122948504514	4.65210557621e-05	1.32917302178e-05	0	2.99063929899e-05
0.000455241759958	4.98439883166e-05	0.00077092035263	0	0.00420018674881	0	0.000422012434414	0.014833570923	0.000315678592672	0.00240248023686	0.00305377501753	1.66146627722e-05	0.000824087273501	6.64586510888e-06	0.000584836129581	4.31981232077e-05	0.00191400915136	0.000186084223049	0	1.66146627722e-05	0.00170134146787	0.00869279156241	0.00137901701009	0.00575531918429	0.0126769876952	0	7.31045161976e-05	0.000342262053107	0.0481592615115	0.00246893888795	0.0113843669315	0	0	0.00135907941477	0.00305045208497	3.32293255444e-06	3.32293255444e-06	3.32293255444e-06	0	0.000947035778015	0	2.99063929899e-05	6.64586510888e-05	3.32293255444e-06	0.000568221466809	0.000451918827404	0	7.64274487521e-05	0	0	0	4.65210557621e-05	0	0	0	0.000215990616038	0	0.000126271437069	1.32917302178e-05	0.000431981232077	0	3.32293255444e-06	6.64586510888e-06	0.00130923542645	6.64586510888e-06	2.65834604355e-05	0	0	3.32293255444e-06	9.96879766331e-06	0.00123945384281	0.000422012434414	0.0012328079777	0.000481825220394	0.000169469560276	2.65834604355e-05	0	3.32293255444e-06	0	9.96879766331e-06	0	9.96879766331e-06	0	0
0.00373497619119	9.96879766331e-06	0.00020934475093	0	0.000192730088157	0.00136904821243	0.00302054569198	0.0044560525555	0.00498439883166	0.00068120117366	0.00124942264047	0.000132917302178	0.000661263578333	6.64586510888e-05	0.0157639920383	0.000478502287839	0.000152854897504	8.97191789698e-05	0	2.32605278811e-05	0.000435304164631	0.00152190310993	0.000285772199682	0.00116634932661	0.00128597489857	6.64586510888e-06	4.98439883166e-05	7.31045161976e-05	0.00246893888795	0.0506481379947	0.0138998268752	0	0.00245564715773	0.0114242421222	0.0133448971386	0	0	0	0	1.32917302178e-05	0	0	1.99375953266e-05	0	0.000116302639405	9.96879766331e-06	0	0	0	0	0	9.96879766331e-06	0	0	0	1.32917302178e-05	3.32293255444e-06	1.66146627722e-05	3.32293255444e-06	0.000112979706851	0	0	0	3.65522580988e-05	0	3.32293255444e-06	0	0	0	3.32293255444e-06	0.00186084223049	0.000272480469464	0.00460558452045	0.00116302639405	0.000727722229422	0.000704461701541	2.65834604355e-05	1.66146627722e-05	0	0	0	6.64586510888e-06	0	0
0.00211338510462	3.98751906533e-05	0.00118296398938	0	0.000159500762613	9.96879766331e-06	0.000342262053107	0.00873931261817	0.000551606804037	0.00139563167286	0.00071110756665	1.99375953266e-05	0.00023925114392	1.66146627722e-05	0.00207018698141	3.65522580988e-05	0.000568221466809	0.000431981232077	3.32293255444e-06	3.98751906533e-05	0.000269157536909	0.0118196710961	0.00091380645247	0.00678210534361	0.00242906369729	3.32293255444e-06	0.000126271437069	0.000335616187998	0.0113843669315	0.0138998268752	0.0415765321211	0	3.32293255444e-06	0.00631689478599	0.00737691027085	0	6.64586510888e-06	3.32293255444e-06	0	2.32605278811e-05	0	0	5.64898534254e-05	3.32293255444e-06	0.000279126334573	9.96879766331e-06	0	3.32293255444e-06	0	0	0	2.32605278811e-05	0	0	0	2.99063929899e-05	6.64586510888e-06	0.000103010909188	1.66146627722e-05	0.000212667683484	0	0	6.64586510888e-06	6.97815836432e-05	0	6.64586510888e-06	0	0	0	3.32293255444e-06	0.00220642721615	0.000601450792353	0.00253207460648	0.00103675495698	0.000202698885821	4.98439883166e-05	1.32917302178e-05	6.64586510888e-06	3.32293255444e-06	3.32293255444e-06	0	6.64586510888e-06	0	0
0	1.32917302178e-05	0	0	0	0	0	0	0	0	0	0.000933744047797	0	0.00134578768455	0	0	0	1.66146627722e-05	3.32293255444e-06	4.65210557621e-05	0	3.32293255444e-06	0	3.32293255444e-06	0	9.63650440787e-05	0.00189407155603	0.000684524106214	0	0	0	0.00227620879979	0	0	3.65522580988e-05	0	0	0	0	0	0	0	0	0	0	0	9.96879766331e-06	0	3.32293255444e-06	0	0	0	0	0	0	0	0	0	0	0	6.64586510888e-06	6.64586510888e-06	0	0	0	0	0	0	0	0	0	2.65834604355e-05	1.99375953266e-05	3.32293255444e-06	0	0	6.64586510888e-06	0	1.32917302178e-05	0	0	0	0	3.32293255444e-06
9.96879766331e-06	0	3.32293255444e-06	0	0	0.00210673923951	0.000927098182688	9.96879766331e-06	0.000970296305896	0	3.32293255444e-06	1.32917302178e-05	6.64586510888e-06	9.96879766331e-06	0.000933744047797	3.65522580988e-05	3.32293255444e-06	0	0	3.32293255444e-06	3.32293255444e-06	3.32293255444e-06	0	9.96879766331e-06	6.64586510888e-06	3.32293255444e-06	0	0	0	0.00245564715773	3.32293255444e-06	0	0.00522697290813	2.99063929899e-05	0.00188077982581	0	0	0	0	0	0	0	0	0	0	0	0	0	0	0	0	0	0	0	0	0	0	0	0	0	0	0	0	0	0	0	0	0	0	0	1.66146627722e-05	3.32293255444e-06	0.000219313548593	2.65834604355e-05	7.64274487521e-05	0.000614742522571	0	3.32293255444e-06	0	0	0	0	0	0
0.000993556833777	1.99375953266e-05	0.00023925114392	0	9.63650440787e-05	2.32605278811e-05	0.000408720704196	0.0019472384769	0.00050176281572	0.000422012434414	0.000445272962295	2.65834604355e-05	0.000215990616038	1.99375953266e-05	0.00192730088157	4.98439883166e-05	0.000112979706851	7.97503813065e-05	0	1.32917302178e-05	0.000166146627722	0.00128265196601	0.000245897009028	0.000840701936273	0.000787535015402	3.32293255444e-06	2.65834604355e-05	9.63650440787e-05	0.00135907941477	0.0114242421222	0.00631689478599	0	2.99063929899e-05	0.0150827908646	0.00766268247053	0	3.32293255444e-06	0	0	9.96879766331e-06	0	0	9.96879766331e-06	0	8.30733138609e-05	0	0	3.32293255444e-06	0	0	0	6.64586510888e-06	0	0	0	9.96879766331e-06	3.32293255444e-06	1.66146627722e-05	6.64586510888e-06	7.97503813065e-05	0	0	0	1.32917302178e-05	0	0	0	0	0	0	0.00195388434201	0.000249219941583	0.00285772199682	0.00102014029421	0.000186084223049	6.64586510888e-05	9.96879766331e-06	9.96879766331e-06	0	3.32293255444e-06	6.64586510888e-06	6.64586510888e-06	3.32293255444e-06	0
0.00074101395964	0.000804149678174	0.00530340035688	0	8.97191789698e-05	0.00102346322677	0.00116634932661	0.00236260504621	0.00129594369623	0.000887222992035	0.00041204363675	0.0045291570717	0.000229282346256	0.000618065455125	0.00356218369836	0.000242574076474	0.000654617713224	0.00799497572598	0.000162823695167	0.0042300931418	0.000142886099841	0.00394764387467	0.000950358710569	0.00832726898142	0.0013491106171	0.000345584985662	0.00553600563569	0.00255533513436	0.00305045208497	0.0133448971386	0.00737691027085	3.65522580988e-05	0.00188077982581	0.00766268247053	0.0522763749464	0	0.000186084223049	2.65834604355e-05	0	6.64586510888e-06	0	0	2.99063929899e-05	0	0.000202698885821	3.32293255444e-06	3.65522580988e-05	6.64586510888e-06	1.32917302178e-05	0	0	4.31981232077e-05	4.98439883166e-05	1.32917302178e-05	3.32293255444e-05	6.64586510888e-06	9.96879766331e-06	0.000186084223049	5.64898534254e-05	0.000136240234732	7.31045161976e-05	4.98439883166e-05	8.30733138609e-05	2.65834604355e-05	6.64586510888e-06	2.99063929899e-05	0	0	0	3.65522580988e-05	0.00889881338078	0.00513725372916	0.0210042566766	0.00667244856931	0.000528346276156	0.00109656774296	0.000272480469464	0.000106333841742	0.000129594369623	5.3166920871e-05	3.65522580988e-05	2.32605278811e-05	6.64586510888e-06	3.32293255444e-06
0	3.32293255444e-06	3.32293255444e-06	0	3.32293255444e-06	0	0	3.32293255444e-06	0	2.65834604355e-05	0	0	0	0	0	0	0	0	0	0	0	0	6.64586510888e-06	3.32293255444e-06	3.32293255444e-06	0	0	3.32293255444e-06	3.32293255444e-06	0	0	0	0	0	0	0.0113378458757	0	3.32293255444e-06	0	4.65210557621e-05	0	0.00139230874031	0.0041935408837	0.00260185619012	9.63650440787e-05	0.000402074839087	0	0.000196053020712	0	0.00309365020818	0.000162823695167	3.98751906533e-05	0	0	0	3.98751906533e-05	6.97815836432e-05	5.3166920871e-05	1.99375953266e-05	0.0005615756017	0	0	6.64586510888e-06	0.000332293255444	0.00300393102921	0.000860639531599	0	6.64586510888e-06	0.00014953196495	0.000169469560276	3.32293255444e-06	0	0	0	0	0	0	0.000289095132236	4.98439883166e-05	0.000182761290494	4.65210557621e-05	0.000714430499204	3.32293255444e-05	0
0	0.00237589677642	0.000966973373341	0	0	0	0	3.32293255444e-06	0	3.32293255444e-06	0	0.000103010909188	0	4.98439883166e-05	0	0	2.99063929899e-05	0.000235928211365	6.64586510888e-06	0.000126271437069	0	2.65834604355e-05	0.000242574076474	0.000159500762613	0	0.000232605278811	0.00139563167286	0.00118296398938	3.32293255444e-06	0	6.64586510888e-06	0	0	3.32293255444e-06	0.000186084223049	0	0.0155214179618	0.00109989067552	0	0	3.32293255444e-06	1.66146627722e-05	1.99375953266e-05	9.96879766331e-06	5.3166920871e-05	3.32293255444e-06	0.000338939120553	3.32293255444e-06	0.000245897009028	0	9.96879766331e-06	0.00041204363675	0.00121951624748	6.97815836432e-05	0.000624711320234	0	0.000232605278811	0.00257194979713	0.000910483519916	4.31981232077e-05	0.00150861137971	0.00166811214233	0.00813121596071	3.32293255444e-05	6.64586510888e-06	7.97503813065e-05	0	0	0	0.000654617713224	7.31045161976e-05	0.000146209032395	0.000146209032395	5.64898534254e-05	0	0	0	0.000428658299522	0.00204692645353	0.000820764340946	0.000272480469464	4.31981232077e-05	1.99375953266e-05	1.32917302178e-05
0	0.000269157536909	0.000139563167286	0	0	0	0	0	0	0	0	6.64586510888e-06	0	0	0	0	1.32917302178e-05	2.65834604355e-05	0	6.64586510888e-06	0	6.64586510888e-06	6.97815836432e-05	2.65834604355e-05	0	6.64586510888e-06	0.000106333841742	0.000126271437069	3.32293255444e-06	0	3.32293255444e-06	0	0	0	2.65834604355e-05	3.32293255444e-06	0.00109989067552	0.0193859885226	0	0	0	1.66146627722e-05	7.64274487521e-05	2.32605278811e-05	4.65210557621e-05	3.32293255444e-06	7.31045161976e-05	0	9.96879766331e-06	3.32293255444e-06	6.64586510888e-06	0.000764274487521	0.00167475800744	2.32605278811e-05	0.000186084223049	0	0.00110321360807	0.00117299519172	0.0061042271025	5.64898534254e-05	4.31981232077e-05	0.0023925114392	0.0059879244631	0.000162823695167	2.99063929899e-05	0.000408720704196	0	0	1.32917302178e-05	0.00138898580776	1.32917302178e-05	2.99063929899e-05	2.32605278811e-05	1.32917302178e-05	3.32293255444e-06	0	0	0.00102014029421	0.00156842416569	0.00125939143813	0.000461887625067	0.000103010909188	4.65210557621e-05	1.32917302178e-05
0	0	0	0	0	0	0	0	0	0	0	0	0	0	0	0	0	0	0	0	0	0	0	0	0	0	0	0	0	0	0	0	0	0	0	0	0	0	0	0	0	0	0	0	0	0	0	0	0	0	0	0	0	0	0	0	0	0	0	0	0	0	0	0	0	0	0	0	0	0	0	0	0	0	0	0	0	0	0	0	0	0	0	0
0	0	0	0	0.00163820574934	0	0	2.99063929899e-05	0	0.000156177830059	2.65834604355e-05	0	2.99063929899e-05	0	3.32293255444e-06	0	0	0	0	0	0.000302386862454	6.64586510888e-06	3.32293255444e-06	0	0.000132917302178	0	0	0	0.000947035778015	1.32917302178e-05	2.32605278811e-05	0	0	9.96879766331e-06	6.64586510888e-06	4.65210557621e-05	0	0	0	0.0176015737409	0	0.000853993666491	0.00101017149655	0.000186084223049	0.000667909443442	0.0065129478067	0	0.00252542874137	0	6.31357185343e-05	1.32917302178e-05	1.99375953266e-05	0	0	0	0.00848676974403	9.96879766331e-06	1.32917302178e-05	1.32917302178e-05	0.00496778416888	0	0	0	0.00697483543177	3.65522580988e-05	2.99063929899e-05	0	0	3.32293255444e-06	2.32605278811e-05	1.32917302178e-05	0	3.32293255444e-06	0	9.96879766331e-06	0	0	4.31981232077e-05	3.32293255444e-06	1.99375953266e-05	0	4.98439883166e-05	3.32293255444e-06	0
0	0	0	0	0	0	0	0	0	0	0	0	0	0	0	0	0	0	0	0	0	0	0	0	0	0	0	0	0	0	0	0	0	0	0	0	3.32293255444e-06	0	0	0	0.00292750358046	0.00139895460542	0	0.00113312000106	0	0	0	0	0	6.64586510888e-05	0.000461887625067	3.32293255444e-06	0	0	0	0	0	0	0	0	0	0	0	0	5.3166920871e-05	0	0	0.000305709795008	3.32293255444e-06	4.65210557621e-05	0	0	0	0	0	0	0	1.99375953266e-05	0	4.98439883166e-05	9.96879766331e-06	0.000103010909188	0.000644648915561	0
0	9.96879766331e-06	6.64586510888e-06	0	2.99063929899e-05	0	0	1.32917302178e-05	0	3.65522580988e-05	0	0	3.32293255444e-06	0	0	3.32293255444e-06	3.32293255444e-06	0	0	0	6.64586510888e-06	0	3.32293255444e-06	0	6.64586510888e-06	3.32293255444e-06	6.64586510888e-06	9.96879766331e-06	2.99063929899e-05	0	0	0	0	0	0	0.00139230874031	1.66146627722e-05	1.66146627722e-05	0	0.000853993666491	0.00139895460542	0.0444973898365	0.00374494498885	0.0196950212502	0.000285772199682	0.0103575807722	3.98751906533e-05	0.0101814653468	2.32605278811e-05	0.00478834581095	0.00307371261286	7.97503813065e-05	1.32917302178e-05	0	6.64586510888e-06	0.00189407155603	7.64274487521e-05	7.64274487521e-05	9.30421115243e-05	0.00197714486989	6.64586510888e-06	1.32917302178e-05	3.32293255444e-05	0.00118628692193	0.00248887648327	0.000335616187998	0	0.000634680117898	5.64898534254e-05	0.000950358710569	0	0	3.32293255444e-06	3.32293255444e-06	9.96879766331e-06	0	0	0.000760951554966	0.000112979706851	0.00135243354966	0.000259188739246	0.00433310405099	0.00141889220075	6.64586510888e-06
9.96879766331e-06	0	1.32917302178e-05	0	3.65522580988e-05	0	0	5.98127859799e-05	0	0.000458564692512	0	0	3.32293255444e-06	0	6.64586510888e-06	0	1.66146627722e-05	0	0	0	6.64586510888e-06	2.32605278811e-05	5.3166920871e-05	1.32917302178e-05	0.00011962557196	0	3.32293255444e-06	3.32293255444e-06	6.64586510888e-05	1.99375953266e-05	5.64898534254e-05	0	0	9.96879766331e-06	2.99063929899e-05	0.0041935408837	1.99375953266e-05	7.64274487521e-05	0	0.00101017149655	0	0.00374494498885	0.0517214452098	0.00614742522571	0.00180767530961	0.00896194909932	0	0.00109656774296	0	0.00419686381626	0.000172792492831	0.0013856628752	9.96879766331e-06	0	0	0.00091380645247	0.00133249595433	0.00088390005948	0.000996879766331	0.0094005761965	3.32293255444e-06	3.32293255444e-06	8.97191789698e-05	0.0168107157929	0.000824087273501	0.0080082674562	0	0	7.97503813065e-05	0.00108992187786	2.65834604355e-05	3.32293255444e-06	6.64586510888e-06	6.64586510888e-06	3.32293255444e-06	3.32293255444e-06	0	0.00116634932661	0.000388783108869	0.000584836129581	0.000215990616038	0.00110653654063	9.30421115243e-05	0
