0.0229150091019	4.99872948959e-05	0.0019786637563	0	0.000237439650755	0.000179121140044	0.00267015466902	0.00897271943381	0.00764389051116	0.000374904711719	0.00290342871187	0.000404063967075	0.00174955532136	3.74904711719e-05	0.0181120631839	5.83185107119e-05	6.66497265278e-05	0.00074564381553	2.91592553559e-05	0.000154127492596	0.00177871457671	0.00171623045809	0.00018745235586	0.00217028172006	0.000899771308126	8.33121581598e-06	0.000937261779298	0.000266598906111	0.00246187427362	0.00605679389822	0.00554442412553	1.2496823724e-05	0.000562357067579	0.000529032204315	0.0030742186361	3.74904711719e-05	2.91592553559e-05	4.16560790799e-06	0	0.000116637021424	0	1.2496823724e-05	0.000141630668872	3.33248632639e-05	0.000524866596407	5.41529028039e-05	0	4.99872948959e-05	0	3.74904711719e-05	0	4.16560790799e-06	8.33121581598e-06	0	0	9.16433739758e-05	2.91592553559e-05	3.33248632639e-05	2.49936474479e-05	0.000604013146659	4.16560790799e-06	2.49936474479e-05	5.83185107119e-05	0.000449885654063	2.082803954e-05	2.49936474479e-05	0	0	0	2.082803954e-05	0.000778968678794	0.000174955532136	0.00191201402977	0.000320751808915	0.000116637021424	0.000195783571676	0	4.58216869879e-05	1.2496823724e-05	4.58216869879e-05	2.49936474479e-05	1.2496823724e-05	4.16560790799e-06	0
4.99872948959e-05	0.0237647931151	0.00072481577599	0	0	0	0	8.74777660678e-05	2.082803954e-05	0.00189951720604	4.16560790799e-06	0.000137465060964	2.49936474479e-05	0.000133299453056	7.91465502518e-05	4.58216869879e-05	0.00072481577599	0.00131633209892	4.58216869879e-05	0.00106639562445	4.16560790799e-06	0.000154127492596	0.00430307296895	0.000495707341051	0.00108305805608	0.00110388609562	0.00817292271548	0.0136673595461	0.000258267690295	0.000116637021424	0.000224942827031	1.6662431632e-05	8.33121581598e-06	4.16560790799e-05	0.00082895597369	2.49936474479e-05	0.0103806949067	0.00109138927189	0	8.33121581598e-06	4.16560790799e-06	0	4.16560790799e-05	1.6662431632e-05	0.000112471413516	1.6662431632e-05	4.58216869879e-05	4.16560790799e-06	0.00016662431632	1.6662431632e-05	0	7.91465502518e-05	0.000712318952266	8.74777660678e-05	0.000549860243855	8.33121581598e-06	7.08153344358e-05	0.00110388609562	0.000520700988499	0.00014579627678	0.00131216649102	0.00343246091618	0.00862280836954	9.16433739758e-05	2.082803954e-05	3.33248632639e-05	8.33121581598e-06	0	0	0.000233274042847	0.000708153344358	0.000712318952266	0.000566522675487	0.00012496823724	0.000199949179584	0	0	0.000445720046155	0.000445720046155	0.000449885654063	0.000162458708412	1.2496823724e-05	1.2496823724e-05	2.91592553559e-05
0.0019786637563	0.00072481577599	0.0320710152836	0	0	1.6662431632e-05	9.16433739758e-05	0.00178288018462	0.000574853891303	0.000158293100504	8.33121581598e-05	0.000149961884688	2.49936474479e-05	1.2496823724e-05	0.00172456167391	8.33121581598e-06	0.000520700988499	0.00739395403668	2.91592553559e-05	0.000629006794106	2.49936474479e-05	0.00412395182891	0.00119552946959	0.0141339076318	0.000524866596407	8.33121581598e-06	0.00791048941727	0.0129633718097	0.00139964425708	0.00162458708412	0.00471546815184	0	2.082803954e-05	0.000408229574983	0.00232024360475	2.91592553559e-05	0.00087061205277	0.000691490912726	0	1.2496823724e-05	0	0	6.66497265278e-05	2.082803954e-05	0.000158293100504	1.2496823724e-05	0	0	0	4.16560790799e-06	0	0.000308254985191	0.000366573495903	8.33121581598e-06	3.74904711719e-05	0	0.000174955532136	0.00169540241855	0.00125801358821	0.000245770866571	2.91592553559e-05	0.000474879301511	0.00285344141697	0.000241605258663	1.6662431632e-05	6.24841186199e-05	0	0	0	0.0001041401977	0.00353243550598	0.00165374633947	0.0024493774499	0.00064150361783	7.91465502518e-05	9.99745897918e-05	8.33121581598e-06	0.000249936474479	0.000199949179584	0.00018745235586	0.0001041401977	2.49936474479e-05	4.16560790799e-06	4.16560790799e-06
0	0	0	0	0	0	0	0	0	0	0	0	0	0	0	0	0	0	0	0	0	0	0	0	0	0	0	0	0	0	0	0	0	0	0	0	0	0	0	0	0	0	0	0	0	0	0	0	0	0	0	0	0	0	0	0	0	0	0	0	0	0	0	0	0	0	0	0	0	0	0	0	0	0	0	0	0	0	0	0	0	0	0	0
0.000237439650755	0	0	0	0.0183036811477	5.83185107119e-05	0.00130800088311	0.000795631110426	0.000362407887995	0.000270764514019	0.00278679169045	6.24841186199e-05	0.00450302214854	1.2496823724e-05	0.000495707341051	0.000341579848455	8.33121581598e-06	4.16560790799e-06	0	0	0.00723982654409	0	4.16560790799e-06	0	0.002082803954	1.2496823724e-05	3.33248632639e-05	2.49936474479e-05	0.00452801579599	0.000387401535443	2.082803954e-05	4.16560790799e-06	6.24841186199e-05	5.83185107119e-05	0.000412395182891	0.000158293100504	0	0	0	0.0060484626824	0	0.000341579848455	0.000312420593099	0.000245770866571	0.000845618405322	0.00109972048771	1.2496823724e-05	0.00191617963768	8.33121581598e-06	0.000224942827031	2.49936474479e-05	0	0	4.16560790799e-06	1.2496823724e-05	0.00575270452093	8.33121581598e-06	4.16560790799e-06	4.16560790799e-06	0.00157876539713	0	1.6662431632e-05	1.6662431632e-05	0.000566522675487	0.0002082803954	8.33121581598e-06	0	0	8.33121581598e-06	0.000287426945651	9.58089818838e-05	2.49936474479e-05	0.000316586201007	7.08153344358e-05	0.000224942827031	4.16560790799e-05	0	0.000149961884688	1.6662431632e-05	0.000216611611215	2.91592553559e-05	4.99872948959e-05	1.2496823724e-05	0
0.000179121140044	0	1.6662431632e-05	0	5.83185107119e-05	0.00735646356551	0.00435306026385	0.000254102082387	0.00269931392438	7.08153344358e-05	0.000199949179584	0.00012496823724	0.000274930121927	4.58216869879e-05	0.00116220460633	0.00122468872495	0	2.49936474479e-05	4.16560790799e-06	1.2496823724e-05	0.000149961884688	2.91592553559e-05	4.16560790799e-06	5.41529028039e-05	2.91592553559e-05	4.16560790799e-06	4.58216869879e-05	2.082803954e-05	9.16433739758e-05	0.000233274042847	3.74904711719e-05	8.33121581598e-06	0.00309921228354	4.99872948959e-05	0.000728981383898	0	0	0	0	1.2496823724e-05	4.16560790799e-06	0	4.16560790799e-06	4.16560790799e-06	2.49936474479e-05	0	4.16560790799e-06	0	4.16560790799e-06	0	0	0	0	0	0	0	0	0	4.16560790799e-06	2.49936474479e-05	0	4.16560790799e-06	4.16560790799e-06	1.6662431632e-05	4.16560790799e-06	0	0	4.16560790799e-06	0	0	0.000458216869879	4.99872948959e-05	0.000670662873186	0.000258267690295	0.00127467601984	0.000820624757874	2.082803954e-05	8.33121581598e-06	8.33121581598e-06	8.33121581598e-06	1.6662431632e-05	0	0	0
0.00267015466902	0	9.16433739758e-05	0	0.00130800088311	0.00435306026385	0.0412353526812	0.00715651438593	0.0165666226501	0.000254102082387	0.0150336789399	0.000608178754567	0.00981833783913	0.00012496823724	0.00687325304818	0.00252852400015	8.33121581598e-06	4.16560790799e-05	2.91592553559e-05	6.24841186199e-05	0.00612760923265	9.99745897918e-05	1.6662431632e-05	0.000133299453056	0.000549860243855	2.082803954e-05	0.000345745456363	0.000116637021424	0.00321168369706	0.00299507208584	0.000249936474479	3.74904711719e-05	0.00309504667564	0.000420726398707	0.0032866646394	8.33121581598e-06	4.16560790799e-06	4.16560790799e-06	0	9.16433739758e-05	0	0	4.99872948959e-05	2.082803954e-05	0.000283261337743	1.6662431632e-05	1.2496823724e-05	2.082803954e-05	1.6662431632e-05	8.33121581598e-06	0	4.16560790799e-06	0	0	0	7.08153344358e-05	0	4.16560790799e-06	4.16560790799e-06	0.000316586201007	8.33121581598e-06	8.33121581598e-06	1.2496823724e-05	0.000154127492596	8.33121581598e-06	0	0	0	0	8.33121581598e-06	0.00114970778261	0.00014579627678	0.0024493774499	0.000612344362475	0.00147045959152	0.0011455421747	8.33121581598e-06	2.49936474479e-05	0	1.2496823724e-05	1.2496823724e-05	8.33121581598e-06	4.16560790799e-06	4.16560790799e-06
0.00897271943381	8.74777660678e-05	0.00178288018462	0	0.000795631110426	0.000254102082387	0.00715651438593	0.0637254697764	0.00853949621138	0.00178704579253	0.0196241788545	0.000308254985191	0.00222026901496	2.91592553559e-05	0.0127342633747	0.000258267690295	0.00016662431632	0.000920599347666	4.58216869879e-05	0.000112471413516	0.00313670275472	0.00297840965421	0.000408229574983	0.002761798043	0.0034907794269	0	0.00066233165737	0.000570688283395	0.0217528044955	0.0117636767322	0.0113929376284	8.33121581598e-06	0.000520700988499	0.00545278075156	0.00789382698564	0.000162458708412	5.83185107119e-05	2.082803954e-05	0	0.00097475225047	0	0.000129133845148	0.000762306247162	0.000279095729835	0.00356159476133	0.000320751808915	0	0.000320751808915	8.33121581598e-06	0.000212446003307	0	1.6662431632e-05	1.6662431632e-05	0	8.33121581598e-06	0.000691490912726	4.99872948959e-05	0.00014579627678	7.91465502518e-05	0.00362824448786	1.2496823724e-05	5.83185107119e-05	0.0001041401977	0.00193284206931	9.99745897918e-05	6.66497265278e-05	0	0	0	0.00016662431632	0.002399390155	0.000399898359167	0.00496540462632	0.0014579627678	0.000499872948959	0.000329083024731	0	0.000183286747952	2.91592553559e-05	0.000237439650755	8.33121581598e-05	6.66497265278e-05	2.49936474479e-05	0
0.00764389051116	2.082803954e-05	0.000574853891303	0	0.000362407887995	0.00269931392438	0.0165666226501	0.00853949621138	0.0392358608854	0.000254102082387	0.00776469314049	0.000862280836954	0.00261183615831	0.000162458708412	0.0189785096288	0.000570688283395	5.41529028039e-05	0.000199949179584	5.41529028039e-05	9.99745897918e-05	0.00214945368052	0.000633172402014	7.49809423438e-05	0.000720650168082	0.000741478207622	2.082803954e-05	0.000645669225738	0.000149961884688	0.00307005302819	0.00415727669217	0.00147045959152	4.16560790799e-05	0.00399898359167	0.000595681930843	0.00368656299857	4.16560790799e-05	8.33121581598e-06	0	0	0.000137465060964	0	4.16560790799e-06	0.000112471413516	4.99872948959e-05	0.000466548085695	4.58216869879e-05	0	2.49936474479e-05	8.33121581598e-06	2.91592553559e-05	0	4.16560790799e-06	0	0	0	7.08153344358e-05	1.6662431632e-05	1.2496823724e-05	1.6662431632e-05	0.000583185107119	4.16560790799e-06	4.16560790799e-06	2.91592553559e-05	0.000358242280087	2.49936474479e-05	8.33121581598e-06	0	0	0	1.2496823724e-05	0.00122885433286	0.000204114787492	0.00280761972999	0.000604013146659	0.000533197812223	0.00118303264587	1.2496823724e-05	5.83185107119e-05	1.6662431632e-05	4.16560790799e-05	1.6662431632e-05	1.2496823724e-05	0	4.16560790799e-06
0.000374904711719	0.00189951720604	0.000158293100504	0	0.000270764514019	7.08153344358e-05	0.000254102082387	0.00178704579253	0.000254102082387	0.0208030458925	0.000312420593099	5.41529028039e-05	0.00105806440863	3.33248632639e-05	0.000537363420131	0.00123301994077	0.000449885654063	0.000120802629332	0	5.83185107119e-05	0.000212446003307	0.000270764514019	0.00465714964113	0.000262433298203	0.00804378887033	0.000195783571676	0.000483210517327	0.00137465060964	0.00378653758836	0.00106639562445	0.0013038352752	0	4.16560790799e-05	0.000645669225738	0.000999745897918	0.000333248632639	7.91465502518e-05	3.74904711719e-05	0	0.000541529028039	8.33121581598e-06	0.00012496823724	0.00116220460633	0.000299923769375	0.00627757111734	0.000262433298203	4.16560790799e-06	0.000233274042847	8.33121581598e-06	0.000266598906111	2.082803954e-05	2.49936474479e-05	8.33121581598e-06	4.16560790799e-06	0	0.000333248632639	9.99745897918e-05	0.000295758161467	0.00012496823724	0.00398648676795	2.082803954e-05	2.49936474479e-05	0.000141630668872	0.00253685521597	0.000216611611215	0.000245770866571	0	0	1.2496823724e-05	0.000229108434939	0.000770637462978	0.000141630668872	0.000658166049462	0.000249936474479	0.00277846047463	5.41529028039e-05	4.16560790799e-06	0.000279095729835	5.41529028039e-05	0.000204114787492	3.74904711719e-05	0.00012496823724	4.16560790799e-06	4.16560790799e-06
0.00290342871187	4.16560790799e-06	8.33121581598e-05	0	0.00278679169045	0.000199949179584	0.0150336789399	0.0196241788545	0.00776469314049	0.000312420593099	0.0432265132612	0.000329083024731	0.00576936695257	4.58216869879e-05	0.00573187648139	0.000241605258663	2.082803954e-05	4.58216869879e-05	3.33248632639e-05	5.83185107119e-05	0.00757307517673	0.000116637021424	3.33248632639e-05	0.000129133845148	0.000991414682102	4.16560790799e-06	0.000258267690295	8.33121581598e-05	0.0105764784784	0.00373238468556	0.000291592553559	1.2496823724e-05	0.000437388830339	0.00120802629332	0.00399898359167	7.08153344358e-05	8.33121581598e-06	4.16560790799e-06	0	0.00193284206931	0	0.000129133845148	0.000204114787492	0.0001041401977	0.000916433739758	0.000399898359167	8.33121581598e-06	0.000270764514019	8.33121581598e-06	9.16433739758e-05	0	0	0	8.33121581598e-06	1.2496823724e-05	0.00139131304127	8.33121581598e-06	4.16560790799e-06	8.33121581598e-06	0.00116637021424	8.33121581598e-06	1.6662431632e-05	1.6662431632e-05	0.000383235927535	8.33121581598e-05	0	0	0	4.16560790799e-06	9.58089818838e-05	0.000916433739758	0.000120802629332	0.00264516102157	0.000716484560174	0.000299923769375	0.000249936474479	0	6.24841186199e-05	1.2496823724e-05	7.91465502518e-05	1.2496823724e-05	2.91592553559e-05	8.33121581598e-06	0
0.000404063967075	0.000137465060964	0.000149961884688	0	6.24841186199e-05	0.00012496823724	0.000608178754567	0.000308254985191	0.000862280836954	5.41529028039e-05	0.000329083024731	0.0287760194284	0.000345745456363	0.00656499806299	0.00157876539713	4.58216869879e-05	3.33248632639e-05	0.000504038556867	0.00243688062617	0.00314086836262	0.000308254985191	0.000137465060964	5.41529028039e-05	0.000270764514019	0.0001041401977	0.00132466331474	0.0124260083895	0.00163291829993	0.000141630668872	0.00172872728182	0.00016662431632	0.00220777219123	0.000424892006615	8.33121581598e-05	0.00861447715372	4.16560790799e-06	0.000229108434939	1.6662431632e-05	0	0	0	4.16560790799e-06	1.2496823724e-05	1.6662431632e-05	3.74904711719e-05	4.16560790799e-06	0.000424892006615	4.16560790799e-06	0.00138714743336	1.6662431632e-05	0	0	8.33121581598e-06	0.00016662431632	0.000120802629332	0	8.33121581598e-06	3.33248632639e-05	2.082803954e-05	2.082803954e-05	0.00101640832955	0.000741478207622	0.000699822128542	2.91592553559e-05	1.6662431632e-05	4.16560790799e-06	4.99872948959e-05	0	0	5.41529028039e-05	0.00107889244817	0.00184119869533	0.00475712423092	0.000270764514019	4.16560790799e-05	0.000349911064271	0.00014579627678	3.33248632639e-05	0.000624841186199	8.74777660678e-05	8.33121581598e-06	0	0	0.000112471413516
0.00174955532136	2.49936474479e-05	2.49936474479e-05	0	0.00450302214854	0.000274930121927	0.00981833783913	0.00222026901496	0.00261183615831	0.00105806440863	0.00576936695257	0.000345745456363	0.0294966695965	6.24841186199e-05	0.00340746726874	0.00222026901496	8.33121581598e-06	1.2496823724e-05	1.6662431632e-05	2.082803954e-05	0.0138173214308	6.66497265278e-05	4.58216869879e-05	7.08153344358e-05	0.00168707120274	2.082803954e-05	0.000220777219123	7.91465502518e-05	0.00149545323897	0.00216611611215	9.16433739758e-05	2.49936474479e-05	0.000454051261971	0.000183286747952	0.00250769596061	5.41529028039e-05	4.16560790799e-06	4.16560790799e-06	0	0.000295758161467	4.16560790799e-06	0.000949758603022	0.000229108434939	0.000329083024731	0.000274930121927	0.00121219190123	3.74904711719e-05	0.00283677898534	8.33121581598e-06	0.00018745235586	7.49809423438e-05	0	0	1.6662431632e-05	2.91592553559e-05	0.00108305805608	0	4.16560790799e-06	1.2496823724e-05	0.000308254985191	4.16560790799e-06	1.6662431632e-05	1.2496823724e-05	0.000112471413516	0.000174955532136	8.33121581598e-06	0	8.33121581598e-06	0	0.000295758161467	0.000558191459671	6.66497265278e-05	0.00164958073156	0.000354076672179	0.00159959343667	0.000183286747952	0	7.49809423438e-05	2.49936474479e-05	0.000258267690295	2.91592553559e-05	6.66497265278e-05	1.2496823724e-05	0
3.74904711719e-05	0.000133299453056	1.2496823724e-05	0	1.2496823724e-05	4.58216869879e-05	0.00012496823724	2.91592553559e-05	0.000162458708412	3.33248632639e-05	4.58216869879e-05	0.00656499806299	6.24841186199e-05	0.0148462265841	0.000212446003307	4.16560790799e-06	4.16560790799e-06	2.49936474479e-05	0.000129133845148	0.000108305805608	4.99872948959e-05	8.33121581598e-06	4.58216869879e-05	2.49936474479e-05	3.33248632639e-05	0.00305755620446	0.00404480527866	0.0031825244417	3.33248632639e-05	0.000245770866571	4.16560790799e-06	0.00155793735759	9.58089818838e-05	1.2496823724e-05	0.000866446444862	4.16560790799e-06	0.000291592553559	4.16560790799e-06	0	0	0	1.2496823724e-05	4.16560790799e-06	2.082803954e-05	2.082803954e-05	8.33121581598e-06	0.000629006794106	1.6662431632e-05	0.00213279124889	1.2496823724e-05	0	0	8.33121581598e-06	0.000141630668872	0.000116637021424	1.2496823724e-05	0	2.91592553559e-05	4.16560790799e-06	8.33121581598e-06	0.00157043418131	0.00102890515327	0.000937261779298	4.16560790799e-06	5.41529028039e-05	0	7.49809423438e-05	0	0	0.000116637021424	0.000162458708412	0.000945592995114	0.000803962326242	0.000158293100504	4.16560790799e-06	9.16433739758e-05	0.000241605258663	2.082803954e-05	0.000845618405322	0.000204114787492	2.082803954e-05	4.16560790799e-06	4.16560790799e-06	0.000137465060964
0.0181120631839	7.91465502518e-05	0.00172456167391	0	0.000495707341051	0.00116220460633	0.00687325304818	0.0127342633747	0.0189785096288	0.000537363420131	0.00573187648139	0.00157876539713	0.00340746726874	0.000212446003307	0.0464881842532	0.000408229574983	8.74777660678e-05	0.00072481577599	9.58089818838e-05	0.000224942827031	0.00317419322589	0.0016162558683	0.000245770866571	0.00195367010885	0.00147879080734	2.082803954e-05	0.00139131304127	0.000416560790799	0.00413228304473	0.0173205976814	0.00512369772683	7.08153344358e-05	0.00384902170698	0.00204531348282	0.00848534330858	6.24841186199e-05	3.33248632639e-05	4.16560790799e-06	0	0.000195783571676	0	1.6662431632e-05	0.000262433298203	7.49809423438e-05	0.000803962326242	8.33121581598e-05	1.2496823724e-05	6.24841186199e-05	1.6662431632e-05	6.66497265278e-05	0	8.33121581598e-06	1.2496823724e-05	1.2496823724e-05	0	0.00014579627678	2.91592553559e-05	3.74904711719e-05	4.58216869879e-05	0.00097475225047	1.2496823724e-05	4.58216869879e-05	7.08153344358e-05	0.000645669225738	3.33248632639e-05	3.74904711719e-05	0	0	0	4.99872948959e-05	0.002082803954	0.000379070319627	0.0049529078026	0.000887274484402	0.000470713693603	0.000845618405322	4.16560790799e-06	8.33121581598e-05	3.33248632639e-05	7.49809423438e-05	3.74904711719e-05	2.49936474479e-05	4.16560790799e-06	0
5.83185107119e-05	4.58216869879e-05	8.33121581598e-06	0	0.000341579848455	0.00122468872495	0.00252852400015	0.000258267690295	0.000570688283395	0.00123301994077	0.000241605258663	4.58216869879e-05	0.00222026901496	4.16560790799e-06	0.000408229574983	0.00762722807953	1.2496823724e-05	0	0	4.16560790799e-06	0.000458216869879	2.082803954e-05	9.16433739758e-05	4.16560790799e-05	0.000362407887995	0	1.2496823724e-05	4.99872948959e-05	0.000279095729835	0.000274930121927	3.74904711719e-05	0	0.000270764514019	3.33248632639e-05	0.000274930121927	0	0	0	0	4.58216869879e-05	0	4.16560790799e-06	2.49936474479e-05	0	0.000137465060964	8.33121581598e-06	0	4.16560790799e-06	0	0	0	4.16560790799e-06	0	0	0	1.6662431632e-05	1.6662431632e-05	8.33121581598e-06	1.6662431632e-05	8.74777660678e-05	0	4.16560790799e-06	0	6.24841186199e-05	4.16560790799e-06	0	0	0	0	4.16560790799e-06	0.000241605258663	2.91592553559e-05	0.000291592553559	7.91465502518e-05	0.00390317460979	3.33248632639e-05	0	2.49936474479e-05	4.16560790799e-06	1.2496823724e-05	1.6662431632e-05	1.2496823724e-05	0	0
6.66497265278e-05	0.00072481577599	0.000520700988499	0	8.33121581598e-06	0	8.33121581598e-06	0.00016662431632	5.41529028039e-05	0.000449885654063	2.082803954e-05	3.33248632639e-05	8.33121581598e-06	4.16560790799e-06	8.74777660678e-05	1.2496823724e-05	0.0203906507096	0.000391567143351	4.16560790799e-06	0.0001041401977	8.33121581598e-06	0.00230358117312	0.0113054598623	0.00649834833646	0.00459466552251	3.74904711719e-05	0.000379070319627	0.00730647627061	0.00220777219123	0.000120802629332	0.000720650168082	0	0	6.66497265278e-05	0.000716484560174	7.91465502518e-05	0.00012496823724	0.000108305805608	0	4.16560790799e-06	0	4.16560790799e-06	0.000249936474479	2.91592553559e-05	0.000945592995114	8.33121581598e-06	0	8.33121581598e-06	0	4.99872948959e-05	4.16560790799e-06	0.00116637021424	7.08153344358e-05	0	4.16560790799e-06	1.2496823724e-05	0.000791465502518	0.00386568413861	0.00189118599023	0.000791465502518	4.16560790799e-06	7.49809423438e-05	0.000520700988499	0.00126217919612	4.16560790799e-05	0.000349911064271	0	0	4.16560790799e-06	7.91465502518e-05	0.00222026901496	0.00087061205277	0.00091226813185	0.000283261337743	0.0001041401977	2.082803954e-05	8.33121581598e-06	0.000179121140044	7.08153344358e-05	0.00014579627678	8.74777660678e-05	2.082803954e-05	4.16560790799e-06	0
0.00074564381553	0.00131633209892	0.00739395403668	0	4.16560790799e-06	2.49936474479e-05	4.16560790799e-05	0.000920599347666	0.000199949179584	0.000120802629332	4.58216869879e-05	0.000504038556867	1.2496823724e-05	2.49936474479e-05	0.00072481577599	0	0.000391567143351	0.0323084549344	0.000212446003307	0.00681493453747	8.33121581598e-06	0.00427807932151	0.000658166049462	0.0102348986299	0.000383235927535	4.16560790799e-05	0.00706903661986	0.00647335468902	0.00111638291934	0.00132049770683	0.00418643594753	8.33121581598e-06	2.49936474479e-05	0.000329083024731	0.00831038777644	1.6662431632e-05	0.00112054852725	0.000379070319627	0	4.16560790799e-06	0	0	4.16560790799e-05	8.33121581598e-06	8.74777660678e-05	0	8.33121581598e-06	0	2.082803954e-05	4.16560790799e-06	0	7.49809423438e-05	0.000329083024731	1.6662431632e-05	0.000241605258663	0	7.08153344358e-05	0.000391567143351	0.000241605258663	9.99745897918e-05	9.99745897918e-05	0.001357988178	0.00184536430324	0.000116637021424	1.2496823724e-05	2.91592553559e-05	0	0	0	8.74777660678e-05	0.00235773407592	0.00173705849763	0.00247853670525	0.000504038556867	5.83185107119e-05	3.74904711719e-05	8.33121581598e-06	0.000212446003307	0.000183286747952	0.000137465060964	7.49809423438e-05	1.2496823724e-05	0	4.16560790799e-06
2.91592553559e-05	4.58216869879e-05	2.91592553559e-05	0	0	4.16560790799e-06	2.91592553559e-05	4.58216869879e-05	5.41529028039e-05	0	3.33248632639e-05	0.00243688062617	1.6662431632e-05	0.000129133845148	9.58089818838e-05	0	4.16560790799e-06	0.000212446003307	0.00499039827377	0.00238272772337	2.082803954e-05	4.99872948959e-05	4.16560790799e-06	8.74777660678e-05	2.082803954e-05	8.33121581598e-05	0.00326167099196	0.000274930121927	3.74904711719e-05	0.0001041401977	3.74904711719e-05	5.41529028039e-05	2.082803954e-05	1.2496823724e-05	0.00105806440863	0	8.74777660678e-05	4.16560790799e-06	0	0	0	0	4.16560790799e-06	4.16560790799e-06	0	0	3.74904711719e-05	0	7.08153344358e-05	4.16560790799e-06	0	0	8.33121581598e-06	2.91592553559e-05	4.58216869879e-05	0	4.16560790799e-06	8.33121581598e-06	1.6662431632e-05	0	0.000149961884688	9.58089818838e-05	0.00012496823724	0	4.16560790799e-06	0	8.33121581598e-06	0	0	1.2496823724e-05	0.000337414240547	0.000254102082387	0.000820624757874	9.58089818838e-05	0	2.082803954e-05	0	8.33121581598e-06	2.082803954e-05	2.49936474479e-05	4.16560790799e-06	0	0	0
0.000154127492596	0.00106639562445	0.000629006794106	0	0	1.2496823724e-05	6.24841186199e-05	0.000112471413516	9.99745897918e-05	5.83185107119e-05	5.83185107119e-05	0.00314086836262	2.082803954e-05	0.000108305805608	0.000224942827031	4.16560790799e-06	0.0001041401977	0.00681493453747	0.00238272772337	0.0205406125943	2.082803954e-05	0.000545694635947	0.000158293100504	0.00105806440863	0.000112471413516	5.83185107119e-05	0.0112679693911	0.00252435839224	0.000233274042847	0.000333248632639	0.000462382477787	2.91592553559e-05	3.74904711719e-05	7.91465502518e-05	0.00762722807953	8.33121581598e-06	0.00127051041194	0.000116637021424	0	4.16560790799e-06	0	0	1.2496823724e-05	4.16560790799e-06	5.41529028039e-05	4.16560790799e-06	3.74904711719e-05	0	7.08153344358e-05	1.6662431632e-05	0	1.6662431632e-05	0.000129133845148	7.91465502518e-05	0.000258267690295	0	2.91592553559e-05	9.16433739758e-05	7.08153344358e-05	3.74904711719e-05	0.000220777219123	0.00126634480403	0.00154960614177	4.58216869879e-05	1.2496823724e-05	2.49936474479e-05	8.33121581598e-06	0	0	8.33121581598e-05	0.00227858752567	0.00175372092926	0.00352826989807	0.000524866596407	3.33248632639e-05	6.66497265278e-05	8.33121581598e-06	0.000154127492596	0.000162458708412	0.0001041401977	2.082803954e-05	4.16560790799e-06	0	4.16560790799e-06
0.00177871457671	4.16560790799e-06	2.49936474479e-05	0	0.00723982654409	0.000149961884688	0.00612760923265	0.00313670275472	0.00214945368052	0.000212446003307	0.00757307517673	0.000308254985191	0.0138173214308	4.99872948959e-05	0.00317419322589	0.000458216869879	8.33121581598e-06	8.33121581598e-06	2.082803954e-05	2.082803954e-05	0.0248145263079	4.58216869879e-05	1.6662431632e-05	4.99872948959e-05	0.001720396066	2.49936474479e-05	0.000212446003307	5.83185107119e-05	0.00302006573329	0.00211612881726	0.0001041401977	1.2496823724e-05	0.000287426945651	0.000287426945651	0.00250769596061	9.58089818838e-05	1.2496823724e-05	4.16560790799e-06	0	0.00204531348282	0	0.000599847538751	0.000216611611215	0.000270764514019	0.000524866596407	0.000778968678794	2.91592553559e-05	0.00242854941036	8.33121581598e-06	0.00018745235586	6.66497265278e-05	0	4.16560790799e-06	0	4.16560790799e-06	0.00281178533789	4.16560790799e-06	8.33121581598e-06	4.16560790799e-06	0.00082895597369	1.2496823724e-05	3.74904711719e-05	2.082803954e-05	0.000249936474479	0.000191617963768	8.33121581598e-06	0	0	4.16560790799e-06	0.000312420593099	0.000549860243855	6.66497265278e-05	0.00165374633947	0.000391567143351	0.000337414240547	0.000170789924228	0	0.0001041401977	1.6662431632e-05	0.0002082803954	3.33248632639e-05	4.58216869879e-05	0	0
0.00171623045809	0.000154127492596	0.00412395182891	0	0	2.91592553559e-05	9.99745897918e-05	0.00297840965421	0.000633172402014	0.000270764514019	0.000116637021424	0.000137465060964	6.66497265278e-05	8.33121581598e-06	0.0016162558683	2.082803954e-05	0.00230358117312	0.00427807932151	4.99872948959e-05	0.000545694635947	4.58216869879e-05	0.0449885654063	0.00284094459325	0.0238939269602	0.00134965696219	8.33121581598e-06	0.00134132574637	0.00153294371014	0.00796464232008	0.00224942827031	0.0142130541821	4.16560790799e-06	2.49936474479e-05	0.000928930563482	0.00548194000691	8.33121581598e-05	4.99872948959e-05	5.41529028039e-05	0	1.6662431632e-05	0	1.2496823724e-05	0.000329083024731	6.66497265278e-05	0.000962255426746	2.91592553559e-05	0	2.082803954e-05	0	8.33121581598e-05	0	0.000287426945651	5.41529028039e-05	1.2496823724e-05	1.6662431632e-05	2.082803954e-05	0.000558191459671	0.00152461249432	0.000570688283395	0.000695656520634	8.33121581598e-06	7.49809423438e-05	0.000329083024731	0.0011455421747	6.66497265278e-05	0.000354076672179	0	0	0	6.24841186199e-05	0.00346162017154	0.00105389880072	0.00476128983883	0.00123301994077	0.000120802629332	0.000116637021424	4.16560790799e-06	0.000233274042847	6.66497265278e-05	0.000141630668872	0.0001041401977	2.082803954e-05	8.33121581598e-06	0
0.00018745235586	0.00430307296895	0.00119552946959	0	4.16560790799e-06	4.16560790799e-06	1.6662431632e-05	0.000408229574983	7.49809423438e-05	0.00465714964113	3.33248632639e-05	5.41529028039e-05	4.58216869879e-05	4.58216869879e-05	0.000245770866571	9.16433739758e-05	0.0113054598623	0.000658166049462	4.16560790799e-06	0.000158293100504	1.6662431632e-05	0.00284094459325	0.0329541241601	0.00606095950613	0.0063608832755	0.000366573495903	0.00102473954537	0.0100474462741	0.00267015466902	0.000620675578291	0.00196200132466	4.16560790799e-06	8.33121581598e-06	0.000383235927535	0.00118719825378	0.000249936474479	0.000258267690295	0.000191617963768	0	2.49936474479e-05	0	3.33248632639e-05	0.00078729989461	0.00016662431632	0.0030242313412	3.74904711719e-05	0	3.74904711719e-05	2.49936474479e-05	0.000158293100504	0	0.00292842235932	0.000137465060964	0	1.2496823724e-05	4.99872948959e-05	0.00174122410554	0.0106681218524	0.00421976081079	0.0021369568568	4.16560790799e-05	0.000141630668872	0.00247437109735	0.00299923769375	0.000158293100504	0.000770637462978	0	0	4.16560790799e-06	0.000237439650755	0.00225359387822	0.00089144009231	0.001041401977	0.000329083024731	0.000416560790799	2.49936474479e-05	4.16560790799e-06	0.000504038556867	0.000195783571676	0.000324917416823	0.000179121140044	4.99872948959e-05	1.2496823724e-05	8.33121581598e-06
0.00217028172006	0.000495707341051	0.0141339076318	0	0	5.41529028039e-05	0.000133299453056	0.002761798043	0.000720650168082	0.000262433298203	0.000129133845148	0.000270764514019	7.08153344358e-05	2.49936474479e-05	0.00195367010885	4.16560790799e-05	0.00649834833646	0.0102348986299	8.74777660678e-05	0.00105806440863	4.99872948959e-05	0.0238939269602	0.00606095950613	0.0655208467848	0.00126634480403	2.49936474479e-05	0.00352410429016	0.00886024802029	0.00427807932151	0.00204531348282	0.00726065458363	4.16560790799e-06	3.74904711719e-05	0.000699822128542	0.00723982654409	8.74777660678e-05	0.000212446003307	0.000233274042847	0	2.91592553559e-05	0	4.16560790799e-06	0.000291592553559	7.08153344358e-05	0.00074564381553	2.91592553559e-05	4.16560790799e-06	4.16560790799e-06	4.16560790799e-06	8.33121581598e-05	0	0.0018786891665	0.000154127492596	8.33121581598e-06	4.58216869879e-05	2.082803954e-05	0.00100807711373	0.00568605479441	0.00326583659986	0.000991414682102	2.082803954e-05	0.000212446003307	0.001720396066	0.00134132574637	6.24841186199e-05	0.000333248632639	0	0	0	0.00012496823724	0.0092268215162	0.00305339059656	0.00816875710757	0.00232857482057	0.000424892006615	0.000199949179584	2.082803954e-05	0.000616509970383	0.000204114787492	0.000374904711719	0.000329083024731	9.16433739758e-05	4.16560790799e-06	4.16560790799e-06
0.000899771308126	0.00108305805608	0.000524866596407	0	0.002082803954	2.91592553559e-05	0.000549860243855	0.0034907794269	0.000741478207622	0.00804378887033	0.000991414682102	0.0001041401977	0.00168707120274	3.33248632639e-05	0.00147879080734	0.000362407887995	0.00459466552251	0.000383235927535	2.082803954e-05	0.000112471413516	0.001720396066	0.00134965696219	0.0063608832755	0.00126634480403	0.0376445986645	9.16433739758e-05	0.000424892006615	0.0018786891665	0.0140422642578	0.00249936474479	0.00299507208584	4.16560790799e-06	9.99745897918e-05	0.00150378445478	0.00313253714681	0.000295758161467	0.0001041401977	5.83185107119e-05	0	0.000620675578291	4.16560790799e-06	0.000191617963768	0.00133299453056	0.000383235927535	0.00519867866917	0.000424892006615	0	0.000316586201007	4.16560790799e-06	0.000337414240547	3.74904711719e-05	0.000162458708412	2.082803954e-05	8.33121581598e-06	0	0.000462382477787	0.000254102082387	0.000949758603022	0.000370739103811	0.00546111196737	2.91592553559e-05	5.83185107119e-05	0.000270764514019	0.00314503397053	0.000199949179584	0.000254102082387	0	8.33121581598e-06	2.91592553559e-05	0.000241605258663	0.00201615422747	0.000470713693603	0.00215778489634	0.00070398773645	0.000737312599714	9.16433739758e-05	1.2496823724e-05	0.000379070319627	7.08153344358e-05	0.000316586201007	0.000133299453056	0.000108305805608	2.082803954e-05	4.16560790799e-06
8.33121581598e-06	0.00110388609562	8.33121581598e-06	0	1.2496823724e-05	4.16560790799e-06	2.082803954e-05	0	2.082803954e-05	0.000195783571676	4.16560790799e-06	0.00132466331474	2.082803954e-05	0.00305755620446	2.082803954e-05	0	3.74904711719e-05	4.16560790799e-05	8.33121581598e-05	5.83185107119e-05	2.49936474479e-05	8.33121581598e-06	0.000366573495903	2.49936474479e-05	9.16433739758e-05	0.00793548306472	0.0025035303527	0.00242854941036	1.6662431632e-05	3.74904711719e-05	0	0.000170789924228	4.16560790799e-06	0	0.00014579627678	8.33121581598e-06	0.000699822128542	4.16560790799e-06	0	0	0	1.2496823724e-05	1.2496823724e-05	1.6662431632e-05	1.2496823724e-05	1.6662431632e-05	0.000441554438247	1.6662431632e-05	0.00114137656679	2.91592553559e-05	0	0	1.6662431632e-05	0.000141630668872	0.000133299453056	1.2496823724e-05	0	2.082803954e-05	4.16560790799e-06	8.33121581598e-06	0.00185369551906	0.000741478207622	0.000820624757874	1.2496823724e-05	4.58216869879e-05	0	2.91592553559e-05	0	0	0.000116637021424	6.24841186199e-05	0.0002082803954	0.000191617963768	4.99872948959e-05	8.33121581598e-06	1.6662431632e-05	0.0001041401977	5.83185107119e-05	0.000449885654063	0.000154127492596	3.33248632639e-05	4.16560790799e-06	0	6.66497265278e-05
0.000937261779298	0.00817292271548	0.00791048941727	0	3.33248632639e-05	4.58216869879e-05	0.000345745456363	0.00066233165737	0.000645669225738	0.000483210517327	0.000258267690295	0.0124260083895	0.000220777219123	0.00404480527866	0.00139131304127	1.2496823724e-05	0.000379070319627	0.00706903661986	0.00326167099196	0.0112679693911	0.000212446003307	0.00134132574637	0.00102473954537	0.00352410429016	0.000424892006615	0.0025035303527	0.0839536617776	0.0255518389076	0.000658166049462	0.00145379715989	0.00160375904458	0.0022952499573	0.000137465060964	0.000241605258663	0.00883525437285	5.83185107119e-05	0.00961422305164	0.00106223001654	0	2.082803954e-05	0	5.41529028039e-05	9.58089818838e-05	3.74904711719e-05	0.000179121140044	5.41529028039e-05	0.000824790365782	7.49809423438e-05	0.00250769596061	5.83185107119e-05	4.16560790799e-06	6.24841186199e-05	0.000874777660678	0.000862280836954	0.00204947909073	6.24841186199e-05	0.000108305805608	0.000454051261971	0.000462382477787	0.000191617963768	0.00654833563136	0.00915184057385	0.0121260846202	0.000174955532136	9.58089818838e-05	4.16560790799e-05	0.000112471413516	0	0	0.00070398773645	0.00520700988499	0.00593599126889	0.00660248853416	0.000862280836954	0.00012496823724	0.000258267690295	3.33248632639e-05	0.000908102523942	0.00154544053386	0.00109972048771	0.000299923769375	3.33248632639e-05	0	7.49809423438e-05
0.000266598906111	0.0136673595461	0.0129633718097	0	2.49936474479e-05	2.082803954e-05	0.000116637021424	0.000570688283395	0.000149961884688	0.00137465060964	8.33121581598e-05	0.00163291829993	7.91465502518e-05	0.0031825244417	0.000416560790799	4.99872948959e-05	0.00730647627061	0.00647335468902	0.000274930121927	0.00252435839224	5.83185107119e-05	0.00153294371014	0.0100474462741	0.00886024802029	0.0018786891665	0.00242854941036	0.0255518389076	0.0850492166574	0.0011996950775	0.000674828481094	0.00129550405938	0.000524866596407	3.74904711719e-05	0.000291592553559	0.00513619455055	5.41529028039e-05	0.0088102607254	0.00205364469864	0	3.33248632639e-05	4.16560790799e-06	2.49936474479e-05	0.000154127492596	4.58216869879e-05	0.000299923769375	2.49936474479e-05	0.000316586201007	4.58216869879e-05	0.00102890515327	2.91592553559e-05	0	0.00142047229662	0.00132466331474	0.000316586201007	0.000924764955574	4.16560790799e-05	0.000433223222431	0.00714818317011	0.0045863343067	0.000466548085695	0.0029200911435	0.00501122631331	0.0134299198954	0.000420726398707	4.99872948959e-05	0.000174955532136	4.99872948959e-05	0	0	0.000537363420131	0.00722316411245	0.0040156460233	0.00434056344013	0.00100807711373	0.000245770866571	0.000141630668872	3.74904711719e-05	0.000916433739758	0.000987249074194	0.000928930563482	0.000374904711719	5.83185107119e-05	1.2496823724e-05	5.41529028039e-05
0.00246187427362	0.000258267690295	0.00139964425708	0	0.00452801579599	9.16433739758e-05	0.00321168369706	0.0217528044955	0.00307005302819	0.00378653758836	0.0105764784784	0.000141630668872	0.00149545323897	3.33248632639e-05	0.00413228304473	0.000279095729835	0.00220777219123	0.00111638291934	3.74904711719e-05	0.000233274042847	0.00302006573329	0.00796464232008	0.00267015466902	0.00427807932151	0.0140422642578	1.6662431632e-05	0.000658166049462	0.0011996950775	0.0630964629823	0.00489042368398	0.00816875710757	4.16560790799e-06	0.000204114787492	0.00259517372668	0.00570688283395	0.000474879301511	8.74777660678e-05	4.16560790799e-05	0	0.00458216869879	0	0.000312420593099	0.00138714743336	0.000462382477787	0.00733563552597	0.000712318952266	2.082803954e-05	0.00080812793415	1.6662431632e-05	0.000429057614523	3.74904711719e-05	0.00012496823724	1.6662431632e-05	1.2496823724e-05	4.16560790799e-06	0.00292842235932	0.000358242280087	0.000791465502518	0.000383235927535	0.00696073081425	8.33121581598e-06	4.58216869879e-05	0.000258267690295	0.00408229574983	0.000345745456363	0.000412395182891	0	4.16560790799e-06	1.6662431632e-05	0.000454051261971	0.00313670275472	0.000658166049462	0.00417810473171	0.00124551676449	0.000674828481094	0.000149961884688	4.16560790799e-06	0.000429057614523	9.16433739758e-05	0.000454051261971	0.000183286747952	0.000141630668872	3.74904711719e-05	8.33121581598e-06
0.00605679389822	0.000116637021424	0.00162458708412	0	0.000387401535443	0.000233274042847	0.00299507208584	0.0117636767322	0.00415727669217	0.00106639562445	0.00373238468556	0.00172872728182	0.00216611611215	0.000245770866571	0.0173205976814	0.000274930121927	0.000120802629332	0.00132049770683	0.0001041401977	0.000333248632639	0.00211612881726	0.00224942827031	0.000620675578291	0.00204531348282	0.00249936474479	3.74904711719e-05	0.00145379715989	0.000674828481094	0.00489042368398	0.04681310167	0.0133674357767	7.08153344358e-05	0.00123718554867	0.0128883908673	0.0151794752167	0.000112471413516	4.99872948959e-05	2.91592553559e-05	0	0.000179121140044	0	7.08153344358e-05	0.000437388830339	0.00012496823724	0.00129133845148	0.00012496823724	2.082803954e-05	0.000108305805608	3.33248632639e-05	0.000154127492596	1.6662431632e-05	2.91592553559e-05	2.91592553559e-05	8.33121581598e-06	4.16560790799e-06	0.000116637021424	8.33121581598e-05	0.000174955532136	0.000141630668872	0.00129550405938	1.2496823724e-05	8.74777660678e-05	0.000108305805608	0.00104556758491	0.000108305805608	7.49809423438e-05	0	4.16560790799e-06	4.16560790799e-06	0.00014579627678	0.00349911064271	0.000670662873186	0.00761473125581	0.0017745489688	0.000466548085695	0.000533197812223	4.16560790799e-06	0.000154127492596	6.66497265278e-05	0.000137465060964	6.24841186199e-05	4.99872948959e-05	4.16560790799e-06	0
0.00554442412553	0.000224942827031	0.00471546815184	0	2.082803954e-05	3.74904711719e-05	0.000249936474479	0.0113929376284	0.00147045959152	0.0013038352752	0.000291592553559	0.00016662431632	9.16433739758e-05	4.16560790799e-06	0.00512369772683	3.74904711719e-05	0.000720650168082	0.00418643594753	3.74904711719e-05	0.000462382477787	0.0001041401977	0.0142130541821	0.00196200132466	0.00726065458363	0.00299507208584	0	0.00160375904458	0.00129550405938	0.00816875710757	0.0133674357767	0.0470880317919	0	0.0001041401977	0.00530281886687	0.00804378887033	0.00016662431632	7.08153344358e-05	4.58216869879e-05	0	9.16433739758e-05	0	2.91592553559e-05	0.000470713693603	0.000183286747952	0.00164541512366	8.74777660678e-05	0	7.91465502518e-05	0	0.000179121140044	0	7.49809423438e-05	5.83185107119e-05	0	8.33121581598e-06	7.08153344358e-05	0.000245770866571	0.000599847538751	0.000320751808915	0.00114137656679	8.33121581598e-06	7.91465502518e-05	0.000224942827031	0.00122885433286	0.000108305805608	0.00018745235586	0	4.16560790799e-06	4.16560790799e-06	0.00014579627678	0.00237856211546	0.00074564381553	0.00384485609907	0.00109972048771	0.000199949179584	9.99745897918e-05	0	0.000220777219123	4.58216869879e-05	0.000141630668872	7.91465502518e-05	4.99872948959e-05	8.33121581598e-06	0
1.2496823724e-05	1.6662431632e-05	0	0	4.16560790799e-06	8.33121581598e-06	3.74904711719e-05	8.33121581598e-06	4.16560790799e-05	0	1.2496823724e-05	0.00220777219123	2.49936474479e-05	0.00155793735759	7.08153344358e-05	0	0	8.33121581598e-06	5.41529028039e-05	2.91592553559e-05	1.2496823724e-05	4.16560790799e-06	4.16560790799e-06	4.16560790799e-06	4.16560790799e-06	0.000170789924228	0.0022952499573	0.000524866596407	4.16560790799e-06	7.08153344358e-05	0	0.00339497044501	3.33248632639e-05	4.16560790799e-06	0.000254102082387	0	4.16560790799e-05	4.16560790799e-06	0	0	0	0	0	0	4.16560790799e-06	0	5.83185107119e-05	0	0.000349911064271	0	0	0	0	2.91592553559e-05	3.33248632639e-05	0	0	8.33121581598e-06	0	0	0.000258267690295	0.000212446003307	0.0002082803954	0	4.16560790799e-06	0	1.6662431632e-05	0	0	4.16560790799e-06	4.16560790799e-05	0.000191617963768	0.000212446003307	1.2496823724e-05	0	1.6662431632e-05	4.16560790799e-06	0	9.16433739758e-05	2.49936474479e-05	8.33121581598e-06	0	0	4.16560790799e-06
