11695	2	1954	0	730	27	1293	3892	4135	21	2790	526	1643	9	9115	22	6	566	165	475	2023	2321	11	3528	918	1	684	162	1770	5817	2891	14	92	336	1805	0	1	0	0	4	0	12	3	10	43	1	2	1	0	1	12	10	0	2	0	3	0	21	11	18	14	16	13	11	0	0	0	0	0	0	200	29	1643	146	15	0	5	28	3	3	3	26	3	0
2	9257	872	0	8	0	2	11	1	1134	16	3	5	601	7	5	285	58	3	62	7	6	1771	53	263	973	1895	8193	20	36	3	1	6	19	38	7	4777	135	0	3	0	11	11	14	112	9	39	5	150	11	9	35	556	9	34	9	24	499	90	59	564	394	4713	47	3	8	9	0	0	65	502	540	37	36	1	4	27	485	42	228	75	37	8	0
1954	872	17219	0	143	8	23	598	340	25	183	2	44	0	1831	9	100	5741	3	108	126	2315	129	7363	257	0	2349	6770	686	1665	1447	0	15	53	359	0	618	67	0	7	0	28	21	20	170	21	38	7	0	1	16	522	1411	25	156	22	94	680	989	170	0	74	1335	259	3	6	0	0	0	343	687	544	490	883	11	8	0	935	89	605	168	97	27	0
0	0	0	0	0	0	0	0	0	0	0	0	0	0	0	0	0	0	0	0	0	0	0	0	0	0	0	0	0	0	0	0	0	0	0	0	0	0	0	0	0	0	0	0	0	0	0	0	0	0	0	0	0	0	0	0	0	0	0	0	0	0	0	0	0	0	0	0	0	0	0	0	0	0	0	0	0	0	0	0	0	0	0	0
730	8	143	0	6975	126	573	1582	594	151	757	202	2160	5	1529	173	0	87	56	72	3484	95	3	205	3987	1	202	31	2779	1895	114	14	168	736	964	0	4	0	0	784	0	57	2	21	648	23	1	254	0	8	25	1	0	1	0	628	0	5	3	625	2	3	9	98	0	1	0	0	1	1	247	34	691	141	105	18	6	29	1	3	2	39	4	0
27	0	8	0	126	2368	996	30	828	38	159	4	657	1	678	437	1	6	0	1	275	4	0	9	98	0	6	3	71	477	2	0	649	8	435	0	0	0	0	6	0	0	0	0	27	0	0	2	0	0	1	1	0	0	0	4	1	0	0	22	0	1	0	6	1	0	0	0	1	0	80	10	104	72	628	419	1	1	0	0	0	1	0	0
1293	2	23	0	573	996	8185	257	3480	9	2734	605	4341	22	2866	1354	0	12	81	126	2435	28	2	58	216	3	454	22	308	1557	10	43	140	141	1109	0	1	0	0	1	0	25	0	6	10	2	1	6	0	1	26	1	0	1	0	2	0	1	1	5	1	1	1	3	0	0	0	0	0	0	197	23	1033	105	30	5	4	27	1	1	0	36	1	0
3892	11	598	0	1582	30	257	16067	2542	241	1797	48	173	0	4234	196	4	244	13	51	251	706	38	1574	2513	0	81	58	9710	4513	2981	2	207	2586	1659	0	11	0	0	563	0	114	38	39	3170	76	50	34	0	8	173	24	6	7	16	211	0	49	8	3062	5	17	27	1187	64	12	0	0	59	28	355	40	818	395	321	2	5	436	4	61	56	527	56	0
4135	1	340	0	594	828	3480	2542	11300	16	3795	379	2229	13	7329	594	2	23	24	45	1604	377	6	626	604	2	152	22	1115	2653	250	44	756	506	937	0	1	0	0	6	0	9	1	4	29	0	2	4	0	1	12	7	0	1	0	5	2	9	2	20	3	4	4	8	0	0	0	0	0	0	137	14	793	132	50	6	3	26	4	2	1	20	1	0
21	1134	25	0	151	38	9	241	16	7198	12	0	325	203	28	58	808	20	1	14	199	381	2996	652	2830	367	71	1130	1064	33	108	0	6	0	24	11	61	1	0	153	1	23	83	135	2731	16	28	110	1	41	36	788	8	3	21	111	10	1239	8	2234	9	16	44	541	19	101	0	0	9	15	833	114	19	16	923	4	1	111	9	44	13	95	12	0
2790	16	183	0	757	159	2734	1797	3795	12	11892	208	2263	0	3615	530	5	26	85	338	2607	337	1	401	1562	0	394	83	1539	3002	244	2	233	1799	1904	0	15	0	0	49	0	22	1	7	44	1	2	30	0	0	29	1	0	1	0	25	0	4	3	33	12	13	18	3	0	0	0	0	0	1	408	66	1455	270	21	1	30	45	1	1	0	51	5	0
526	3	2	0	202	4	605	48	379	0	208	5710	1049	534	1968	11	1	18	828	1067	1137	7	0	22	65	178	2681	75	27	2410	6	301	139	49	3008	0	3	0	0	0	0	0	0	0	1	0	56	0	52	0	1	0	0	0	0	0	0	0	0	1	85	30	4	1	0	0	0	0	0	8	111	438	2835	24	8	0	120	1	0	8	1	1	6	54
1643	5	44	0	2160	657	4341	173	2229	325	2263	1049	12223	30	3729	1047	5	36	245	414	6641	51	4	132	1132	3	1014	60	510	3640	43	62	373	414	2723	0	0	0	0	15	0	102	1	23	51	5	3	214	0	2	89	1	0	4	2	74	0	2	1	32	1	4	6	7	1	0	0	0	1	2	593	51	2406	319	243	51	8	97	2	9	7	111	1	0
9	601	0	0	5	1	22	0	13	203	0	534	30	5167	74	0	8	0	0	0	29	0	276	5	24	1696	885	2202	0	77	0	502	33	0	115	0	83	0	0	0	0	1	0	0	0	0	605	0	1249	1	0	0	10	0	0	0	0	1	0	0	1284	18	54	0	0	0	11	0	0	15	28	1400	239	15	0	0	392	5	16	13	2	0	10	89
9115	7	1831	0	1529	678	2866	4234	7329	28	3615	1968	3729	74	18381	252	5	403	337	406	3709	1938	12	3071	1774	5	1281	128	2431	10210	1831	134	968	1825	3739	0	0	0	0	13	0	44	3	11	57	4	3	9	0	1	50	10	1	3	0	12	0	20	11	33	3	5	14	16	0	0	0	0	0	0	461	64	3180	322	146	39	13	63	4	3	1	72	3	0
22	5	9	0	173	437	1354	196	594	58	530	11	1047	0	252	3142	1	8	5	7	266	29	1	45	240	0	16	11	276	356	91	0	89	80	363	0	1	0	0	8	0	10	1	1	55	0	2	4	0	1	12	5	0	1	0	6	2	0	1	27	0	3	8	13	1	1	0	0	0	2	154	6	236	320	794	50	0	24	1	12	11	24	1	0
6	285	100	0	0	1	0	4	2	808	5	1	5	8	5	1	6342	61	2	24	4	464	3958	2290	1502	20	41	1676	137	27	28	0	3	4	18	0	32	0	0	3	0	15	2	18	195	6	0	0	0	0	4	2515	4	0	0	3	110	2510	1070	627	0	1	37	487	0	2	0	0	0	2	445	236	28	9	0	1	0	61	2	1	0	18	0	0
566	58	5741	0	87	6	12	244	23	20	26	18	36	0	403	8	61	12734	21	1706	30	1696	31	4908	159	0	3416	2637	378	944	1848	0	14	28	1964	1	33	11	0	1	0	15	7	9	138	10	5	3	0	0	10	103	234	14	54	10	27	67	129	46	1	136	261	178	0	4	0	0	0	62	414	623	1039	640	5	9	1	274	39	152	71	37	6	0
165	3	3	0	56	0	81	13	24	1	85	828	245	0	337	5	2	21	1367	1158	250	15	1	47	41	1	912	10	16	486	7	0	4	16	635	0	1	0	0	0	0	0	0	0	1	0	0	0	0	0	1	7	0	0	0	0	1	2	1	4	1	3	3	7	0	0	0	0	0	2	83	43	671	17	5	0	0	2	1	4	3	3	0	0
475	62	108	0	72	1	126	51	45	14	338	1067	414	0	406	7	24	1706	1158	6111	394	64	14	263	66	0	4543	400	41	834	52	1	9	55	2099	0	46	0	0	2	0	5	1	5	23	2	2	2	3	0	3	26	2	2	53	3	8	14	10	19	22	157	252	36	0	1	0	0	0	30	850	935	1774	213	5	3	0	28	5	75	55	19	0	0
2023	7	126	0	3484	275	2435	251	1604	199	2607	1137	6641	29	3709	266	4	30	250	394	9792	179	4	214	2127	3	1046	69	924	4133	104	56	403	985	3185	0	2	0	0	50	0	47	1	9	82	3	2	41	0	1	54	2	0	2	0	52	0	2	0	62	10	12	3	6	0	0	0	0	0	1	683	62	2781	374	123	25	24	56	3	2	0	74	2	0
2321	6	2315	0	95	4	28	706	377	381	337	7	51	0	1938	29	464	1696	15	64	179	14933	740	11557	320	0	131	59	1201	2073	5542	0	13	322	1826	0	6	0	0	2	0	5	0	7	543	5	1	3	0	2	8	689	3	1	1	5	18	681	29	415	0	7	16	621	0	0	0	0	0	1	442	20	1416	310	18	2	0	58	14	11	8	17	3	0
11	1771	129	0	3	0	2	38	6	2996	1	0	4	276	12	1	3958	31	1	14	4	740	9615	2052	1627	504	86	4156	305	14	69	1	4	1	16	16	251	0	0	4	0	9	7	67	1273	5	3	5	37	35	8	3633	9	0	5	4	76	4617	808	1360	134	53	1009	1164	8	26	0	0	0	6	557	165	19	25	5	2	1	122	34	25	20	26	11	0
3528	53	7363	0	205	9	58	1574	626	652	401	22	132	5	3071	45	2290	4908	47	263	214	11557	2052	28036	551	0	495	3186	1947	2826	5154	4	30	230	3187	0	42	0	0	6	1	40	8	38	624	22	2	4	0	1	17	2539	12	4	9	16	132	3042	1426	820	0	30	296	1044	0	5	0	0	1	15	2589	643	3082	1989	23	11	0	306	62	100	74	92	7	0
918	263	257	0	3987	98	216	2513	604	2830	1562	65	1132	24	1774	240	1502	159	41	66	2127	320	1627	551	16143	44	131	882	5740	2289	921	0	220	1318	1038	3	63	1	0	822	0	43	67	142	3600	60	6	430	0	28	164	123	5	3	3	579	22	316	62	4013	2	4	50	388	174	67	0	0	185	46	1072	83	699	223	871	17	6	108	6	23	22	99	20	0
1	973	0	0	1	0	3	0	2	367	0	178	3	1696	5	0	20	0	1	0	3	0	504	0	44	2536	123	1379	0	5	0	0	1	0	9	0	60	0	0	0	0	1	0	0	0	0	329	0	447	1	0	0	8	0	1	0	0	0	0	0	499	22	41	0	0	0	11	0	0	17	0	421	54	0	0	0	238	3	3	11	2	0	12	65
684	1895	2349	0	202	6	454	81	152	71	394	2681	1014	885	1281	16	41	3416	912	4543	1046	131	86	495	131	123	21116	6195	78	1967	121	926	69	104	2989	2	1744	18	0	11	0	11	5	12	64	10	163	4	456	3	5	69	188	22	383	12	33	51	32	68	1125	2108	2292	101	0	1	99	0	0	70	2139	2682	3451	511	10	4	33	290	36	207	93	40	3	2
162	8193	6770	0	31	3	22	58	22	1130	83	75	60	2202	128	11	1676	2637	10	400	69	59	4156	3186	882	1379	6195	29874	68	291	112	261	13	60	363	8	4674	195	0	15	2	55	29	62	164	26	356	9	1373	16	16	2708	1276	22	132	25	75	4048	2149	165	2182	1490	6592	151	3	10	157	0	0	339	2334	1816	525	927	1	5	42	1025	59	736	220	130	19	8
1770	20	686	0	2779	71	308	9710	1115	1064	1539	27	510	0	2431	276	137	378	16	41	924	1201	305	1947	5740	0	78	68	18710	3977	4228	1	197	2339	1878	0	21	1	0	518	0	120	62	92	3645	74	61	159	0	18	170	153	10	9	20	255	4	264	13	3097	2	17	53	913	136	38	0	0	131	32	782	70	916	550	731	22	7	494	11	80	80	574	88	0
5817	36	1665	0	1895	477	1557	4513	2653	33	3002	2410	3640	77	10210	356	27	944	486	834	4133	2073	14	2826	2289	5	1967	291	3977	20402	5041	139	1985	5054	8143	0	21	0	0	23	0	213	12	19	140	8	14	19	0	1	265	13	1	11	0	31	4	23	18	69	16	25	42	32	2	4	0	0	2	9	1867	231	6052	1284	338	206	66	318	10	18	8	347	13	0
2891	3	1447	0	114	2	10	2981	250	108	244	6	43	0	1831	91	28	1848	7	52	104	5542	69	5154	921	0	121	112	4228	5041	15173	0	25	1452	1788	0	3	0	0	3	0	4	5	24	245	2	1	1	0	6	3	62	3	0	0	3	2	46	10	66	0	10	21	55	2	12	0	0	2	0	218	15	1066	333	25	6	5	78	9	3	5	45	4	0
14	1	0	0	14	0	43	2	44	0	2	301	62	502	134	0	0	0	0	1	56	0	1	4	0	0	926	261	1	139	0	1115	27	1	147	0	1	0	0	0	0	0	0	0	1	0	0	0	9	0	0	0	0	0	0	0	0	0	0	0	10	0	1	1	0	0	0	0	0	0	82	262	185	11	0	0	14	0	0	0	0	0	0	1
92	6	15	0	168	649	140	207	756	6	233	139	373	33	968	89	3	14	4	9	403	13	4	30	220	1	69	13	197	1985	25	27	2773	441	1635	0	2	0	0	8	0	29	1	0	12	2	3	3	0	0	36	4	1	3	0	8	3	0	1	11	0	2	1	5	0	0	0	0	0	2	299	52	986	311	255	397	14	39	3	4	0	46	0	0
336	19	53	0	736	8	141	2586	506	0	1799	49	414	0	1825	80	4	28	16	55	985	322	1	230	1318	0	104	60	2339	5054	1452	1	441	5278	2536	0	16	0	0	17	0	111	5	5	57	6	10	15	0	1	140	1	0	8	0	26	0	5	4	37	3	3	22	4	0	1	0	0	0	6	494	71	1431	564	15	2	32	150	1	11	4	197	9	0
1805	38	359	0	964	435	1109	1659	937	24	1904	3008	2723	115	3739	363	18	1964	635	2099	3185	1826	16	3187	1038	9	2989	363	1878	8143	1788	147	1635	2536	15813	0	22	0	0	25	0	228	20	28	170	11	22	19	0	3	271	81	9	11	1	33	22	39	23	105	30	52	67	65	0	1	0	0	0	13	2276	315	9381	1791	263	386	88	418	33	31	29	435	38	0
0	7	0	0	0	0	0	0	0	11	0	0	0	0	0	0	0	1	0	0	0	0	16	0	3	0	2	8	0	0	0	0	0	0	0	2333	1	0	0	1	0	8	877	236	54	2	1	1	0	1378	1	0	0	0	0	1	602	14	324	277	0	0	1	219	1025	1125	0	0	1	76	53	23	0	0	0	0	0	0	0	9	9	68	10	1
1	4777	618	0	4	0	1	11	1	61	15	3	0	83	0	1	32	33	1	46	2	6	251	42	63	60	1744	4674	21	21	3	1	2	16	22	1	9260	145	0	35	0	14	9	11	1183	10	64	23	446	3	21	238	447	14	64	15	36	2638	57	803	1744	683	6822	50	0	1	8	0	0	38	340	336	10	10	0	1	6	624	51	253	89	40	5	2
0	135	67	0	0	0	0	0	0	1	0	0	0	0	0	0	0	11	0	0	0	0	0	0	1	0	18	195	1	0	0	0	0	0	0	0	145	7146	0	2	0	1	76	124	2	110	4	1	0	14	2	3	2188	1	46	4	539	2	2775	10	0	934	2883	170	2	67	0	0	0	189	0	0	0	0	0	0	0	10	5	117	63	22	11	0
0	0	0	0	0	0	0	0	0	0	0	0	0	0	0	0	0	0	0	0	0	0	0	0	0	0	0	0	0	0	0	0	0	0	0	0	0	0	0	0	0	0	0	0	0	0	0	0	0	0	0	0	0	0	0	0	0	0	0	0	0	0	0	0	0	0	0	0	0	0	0	0	0	0	0	0	0	0	0	0	0	0	0	0
4	3	7	0	784	6	1	563	6	153	49	0	15	0	13	8	3	1	0	2	50	2	4	6	822	0	11	15	518	23	3	0	8	17	25	1	35	2	0	5739	0	1079	58	857	1646	1618	343	1235	2	83	383	4	7	96	163	3357	6	43	23	2408	0	49	61	439	5	3	0	0	0	215	73	9	12	3	65	1	0	330	5	373	138	918	133	28
0	0	0	0	0	0	0	0	0	1	0	0	0	0	0	0	0	0	0	0	0	0	0	1	0	0	0	2	0	0	0	0	0	0	0	0	0	0	0	0	1081	759	0	257	1	0	2	1	0	1	223	0	0	0	0	0	1	0	1	0	0	0	0	0	0	1	0	1	0	1	3	2	0	0	0	0	0	10	1	4	2	151	135	2
12	11	28	0	57	0	25	114	9	23	22	0	102	1	44	10	15	15	0	5	47	5	9	40	43	1	11	55	120	213	4	0	29	111	228	8	14	1	0	1079	759	17872	1533	9656	174	7187	1322	4482	55	1355	3843	28	10	252	139	2714	37	25	135	660	6	98	46	1325	111	43	0	6	0	1047	285	110	99	24	1	0	0	2475	32	976	346	4424	1245	127
3	11	21	0	2	0	0	38	1	83	1	0	1	0	3	1	2	7	0	1	1	0	7	8	67	0	5	29	62	12	5	0	1	5	20	877	9	76	0	58	0	1533	15624	4668	172	4450	833	18	1	2933	529	20	29	150	469	40	954	48	624	2974	2	99	108	6273	682	2538	0	0	3	933	102	20	7	3	2	0	0	401	11	821	168	1206	147	8
10	14	20	0	21	0	6	39	4	135	7	0	23	0	11	1	18	9	0	5	9	7	67	38	142	0	12	62	92	19	24	0	0	5	28	236	11	124	0	857	257	9656	4668	20400	362	8529	762	1882	59	5889	1446	35	90	63	9	1855	2010	108	1252	1742	3	57	131	2736	457	1738	0	64	20	1198	368	138	7	3	0	0	0	1072	24	911	383	2603	982	137
43	112	170	0	648	27	10	3170	29	2731	44	1	51	0	57	55	195	138	1	23	82	543	1273	624	3600	0	64	164	3645	140	245	1	12	57	170	54	1183	2	0	1646	1	174	172	362	14076	139	104	1551	106	186	977	841	27	21	50	891	38	2856	25	9742	276	100	864	2217	244	181	0	0	213	59	1982	308	40	36	225	1	0	1132	128	156	128	867	127	0
1	9	21	0	23	0	2	76	0	16	1	0	5	0	4	0	6	10	0	2	3	5	5	22	60	0	10	26	74	8	2	0	2	6	11	2	10	110	0	1618	0	7187	4450	8529	139	17026	744	1309	17	1669	889	26	52	231	268	2826	852	14	774	547	2	71	152	3047	14	347	0	0	0	855	77	37	5	2	1	0	0	791	12	843	257	2125	360	68
2	39	38	0	1	0	1	50	2	28	2	56	3	605	3	2	0	5	0	2	2	1	3	2	6	329	163	356	61	14	1	0	3	10	22	1	64	4	0	343	2	1322	833	762	104	744	10619	450	2300	388	685	2	116	2204	1897	844	157	18	114	551	1260	1150	373	516	102	92	85	2	7	3396	40	527	6	3	10	0	200	1111	842	3682	762	1934	1094	844
1	5	7	0	254	2	6	34	4	110	30	0	214	0	9	4	0	3	0	2	41	3	5	4	430	0	4	9	159	19	1	0	3	15	19	1	23	1	0	1235	1	4482	18	1882	1551	1309	450	10162	8	428	2797	5	1	200	157	3988	6	30	26	1250	3	30	35	67	9	7	0	0	1	407	13	4	7	1	3	0	0	1267	6	298	57	2025	104	17
0	150	0	0	0	0	0	0	0	1	0	52	0	1249	0	0	0	0	0	3	0	0	37	0	0	447	456	1373	0	0	0	9	0	0	0	0	446	0	0	2	0	55	1	59	106	17	2300	8	5525	16	0	6	1	2	0	9	1	265	0	0	3310	789	318	1	19	0	474	1	0	149	0	468	2	0	0	0	172	83	358	99	7	40	83	486
1	11	1	0	8	0	1	8	1	41	0	0	2	1	1	1	0	0	0	0	1	2	35	1	28	1	3	16	18	1	6	0	0	1	3	1378	3	14	0	83	1	1355	2933	5889	186	1669	388	428	16	8985	627	3	24	12	0	390	1550	27	626	774	3	18	23	718	1540	2022	0	7	17	631	143	43	1	0	0	0	0	47	4	178	84	531	262	17
12	9	16	0	25	1	26	173	12	36	29	1	89	0	50	12	4	10	1	3	54	8	8	17	164	0	5	16	170	265	3	0	36	140	271	1	21	2	0	383	223	3843	529	1446	977	889	685	2797	0	627	6306	14	8	330	229	1138	10	27	17	1154	5	61	47	409	96	11	0	0	1	644	175	31	111	24	1	0	0	2316	20	415	37	3699	92	11
10	35	522	0	1	1	1	24	7	788	1	0	1	0	10	5	2515	103	7	26	2	689	3633	2539	123	0	69	2708	153	13	62	0	4	1	81	0	238	3	0	4	0	28	20	35	841	26	2	5	6	3	14	10660	11	4	9	5	879	7383	3087	2543	6	30	1355	2265	10	49	0	0	0	14	580	326	154	25	0	2	0	461	50	21	18	79	7	0
0	556	1411	0	0	0	0	6	0	8	0	0	0	10	1	0	4	234	0	2	0	3	9	12	5	8	188	1276	10	1	3	0	1	0	9	0	447	2188	0	7	0	10	29	90	27	52	116	1	1	24	8	11	7746	7	975	7	74	9	2437	47	6	488	2857	53	39	22	1	0	1	959	69	54	11	37	0	0	0	319	49	512	151	34	5	1
2	9	25	0	1	0	1	7	1	3	1	0	4	0	3	1	0	14	0	2	2	1	0	4	3	0	22	22	9	11	0	0	3	8	11	0	14	1	0	96	0	252	150	63	21	231	2204	200	2	12	330	4	7	3048	1295	327	75	1	35	97	1	798	169	98	12	39	0	0	3	737	14	4	6	3	1	0	0	744	272	1190	358	611	8	2
0	34	156	0	0	0	0	16	0	21	0	0	2	0	0	0	0	54	0	53	0	1	5	9	3	1	383	132	20	0	0	0	0	0	1	0	64	46	0	163	0	139	469	9	50	268	1897	157	0	0	229	9	975	1295	5555	308	55	19	128	294	5	1905	1117	266	6	19	0	0	2	1772	29	15	1	11	6	0	0	627	192	1853	366	784	3	2
3	9	22	0	628	4	2	211	5	111	25	0	74	0	12	6	3	10	0	3	52	5	4	16	579	0	12	25	255	31	3	0	8	26	33	1	15	4	0	3357	0	2714	40	1855	891	2826	844	3988	9	390	1138	5	7	327	308	7672	15	14	68	1153	2	73	64	76	10	8	0	0	0	656	59	20	14	3	7	0	0	732	9	694	194	2073	267	47
0	24	94	0	0	1	0	0	2	10	0	0	0	0	0	2	110	27	1	8	0	18	76	132	22	0	33	75	4	4	2	0	3	0	22	602	36	539	0	6	1	37	954	2010	38	852	157	6	1	1550	10	879	74	75	55	15	12416	131	5708	644	5	71	626	3160	1533	4066	0	0	87	2738	109	64	72	35	0	2	0	731	75	1907	681	368	136	30
21	499	680	0	5	0	1	49	9	1239	4	0	2	1	20	0	2510	67	2	14	2	681	4617	3042	316	0	51	4048	264	23	46	0	0	5	39	14	2638	2	0	43	0	25	48	108	2856	14	18	30	265	27	27	7383	9	1	19	14	131	13735	3096	2984	808	187	3694	1126	7	68	1	0	0	14	661	323	42	37	0	0	0	176	41	82	44	59	11	2
11	90	989	0	3	0	1	8	2	8	3	0	1	0	11	1	1070	129	1	10	0	29	808	1426	62	0	32	2149	13	18	10	0	1	4	23	324	57	2775	0	23	1	135	624	1252	25	774	114	26	0	626	17	3087	2437	35	128	68	5708	3096	18281	340	12	124	4219	1395	494	925	0	0	2	2362	308	270	38	63	0	0	0	1465	80	1438	916	445	241	7
18	59	170	0	625	22	5	3062	20	2234	33	1	32	0	33	27	627	46	4	19	62	415	1360	820	4013	0	68	165	3097	69	66	0	11	37	105	277	803	10	0	2408	0	660	2974	1742	9742	547	551	1250	0	774	1154	2543	47	97	294	1153	644	2984	340	21527	25	135	733	8312	1317	400	0	0	502	621	840	209	91	24	201	2	0	1450	133	709	323	1829	219	9
14	564	0	0	2	0	1	5	3	9	12	85	1	1284	3	0	0	1	1	22	10	0	134	0	2	499	1125	2182	2	16	0	10	0	3	30	0	1744	0	0	0	0	6	2	3	276	2	1260	3	3310	3	5	6	6	1	5	2	5	808	12	25	6186	1653	1738	0	0	0	206	0	0	53	4	549	31	1	0	0	216	81	72	105	36	7	31	237
16	394	74	0	3	1	1	17	4	16	13	30	4	18	5	3	1	136	3	157	12	7	53	30	4	22	2108	1490	17	25	10	0	2	3	52	0	683	934	0	49	0	98	99	57	100	71	1150	30	789	18	61	30	488	798	1905	73	71	187	124	135	1653	11146	3834	128	5	24	289	0	2	282	105	47	47	11	1	1	0	1461	844	902	295	195	13	14
13	4713	1335	0	9	0	1	27	4	44	18	4	6	54	14	8	37	261	3	252	3	16	1009	296	50	41	2292	6592	53	42	21	1	1	22	67	1	6822	2883	0	61	0	46	108	131	864	152	373	35	318	23	47	1355	2857	169	1117	64	626	3694	4219	733	1738	3834	26614	235	43	71	59	0	1	1623	571	451	58	145	2	1	6	1591	312	2305	1240	284	82	4
11	47	259	0	98	6	3	1187	8	541	3	1	7	0	16	13	487	178	7	36	6	621	1164	1044	388	0	101	151	913	32	55	1	5	4	65	219	50	170	0	439	0	1325	6273	2736	2217	3047	516	67	1	718	409	2265	53	98	266	76	3160	1126	1395	8312	0	128	235	19937	944	2247	0	0	184	1161	639	260	119	26	32	3	0	926	113	1323	457	1512	261	25
0	3	3	0	0	1	0	64	0	19	0	0	1	0	0	1	0	0	0	0	0	0	8	0	174	0	0	3	136	2	2	0	0	0	0	1025	0	2	0	5	0	111	682	457	244	14	102	9	19	1540	96	10	39	12	6	10	1533	7	494	1317	0	5	43	944	6049	1725	0	74	552	1039	32	8	0	0	18	0	0	7	0	522	46	210	36	2
0	8	6	0	1	0	0	12	0	101	0	0	0	0	0	1	2	4	0	1	0	0	26	5	67	0	1	10	38	4	12	0	0	1	1	1125	1	67	0	3	1	43	2538	1738	181	347	92	7	0	2022	11	49	22	39	19	8	4066	68	925	400	0	24	71	2247	1725	9441	0	0	192	1316	116	17	0	1	0	0	0	17	2	1338	289	394	235	7
0	9	0	0	0	0	0	0	0	0	0	0	0	11	0	0	0	0	0	0	0	0	0	0	0	11	99	157	0	0	0	0	0	0	0	0	8	0	0	0	0	0	0	0	0	0	85	0	474	0	0	0	1	0	0	0	0	1	0	0	206	289	59	0	0	0	521	0	0	0	0	2	0	0	0	0	0	6	19	0	0	0	0	1
0	0	0	0	0	0	0	0	0	0	0	0	0	0	0	0	0	0	0	0	0	0	0	0	0	0	0	0	0	0	0	0	0	0	0	0	0	0	0	0	1	6	0	64	0	0	2	0	1	7	0	0	0	0	0	0	0	0	0	0	0	0	0	0	74	0	0	144	0	4	0	0	0	0	0	0	0	0	0	0	0	0	1	0
0	0	0	0	1	1	0	59	0	9	0	0	1	0	0	0	0	0	0	0	0	0	0	1	185	0	0	0	131	2	2	0	0	0	0	1	0	0	0	0	0	0	3	20	213	0	7	1	0	17	1	0	1	3	2	0	87	0	2	502	0	2	1	184	552	192	0	0	824	221	10	1	0	0	17	0	0	1	0	73	11	10	9	0
0	65	343	0	1	0	0	28	0	15	1	8	2	15	0	2	2	62	2	30	1	1	6	15	46	17	70	339	32	9	0	0	2	6	13	76	38	189	0	215	1	1047	933	1198	59	855	3396	407	149	631	644	14	959	737	1772	656	2738	14	2362	621	53	282	1623	1161	1039	1316	0	4	221	9808	36	32	16	39	3	0	16	197	33	5052	958	1642	564	114
200	502	687	0	247	80	197	355	137	833	408	111	593	28	461	154	445	414	83	850	683	442	557	2589	1072	0	2139	2334	782	1867	218	82	299	494	2276	53	340	0	0	73	3	285	102	368	1982	77	40	13	0	143	175	580	69	14	29	59	109	661	308	840	4	105	571	639	32	116	0	0	10	36	13713	4743	1605	902	511	73	6	1359	248	93	69	633	64	2
29	540	544	0	34	10	23	40	14	114	66	438	51	1400	64	6	236	623	43	935	62	20	165	643	83	421	2682	1816	70	231	15	262	52	71	315	23	336	0	0	9	2	110	20	138	308	37	527	4	468	43	31	326	54	4	15	20	64	323	270	209	549	47	451	260	8	17	2	0	1	32	4743	7602	512	303	5	13	426	467	113	36	23	175	22	94
1643	37	490	0	691	104	1033	818	793	19	1455	2835	2406	239	3180	236	28	1039	671	1774	2781	1416	19	3082	699	54	3451	525	916	6052	1066	185	986	1431	9381	0	10	0	0	12	0	99	7	7	40	5	6	7	2	1	111	154	11	6	1	14	72	42	38	91	31	47	58	119	0	0	0	0	0	16	1605	512	12381	3015	114	112	248	138	12	54	31	154	1	0
146	36	883	0	141	72	105	395	132	16	270	24	319	15	322	320	9	640	17	213	374	310	25	1989	223	0	511	927	550	1284	333	11	311	564	1791	0	10	0	0	3	0	24	3	3	36	2	3	1	0	0	24	25	37	3	11	3	35	37	63	24	1	11	145	26	0	1	0	0	0	39	902	303	3015	5251	54	97	92	57	16	192	116	51	0	0
15	1	11	0	105	628	30	321	50	923	21	8	243	0	146	794	0	5	5	5	123	18	5	23	871	0	10	1	731	338	25	0	255	15	263	0	0	0	0	65	0	1	2	0	225	1	10	3	0	0	1	0	0	1	6	7	0	0	0	201	0	1	2	32	18	0	0	0	17	3	511	5	114	54	3412	250	0	1	0	9	2	2	2	0
0	4	8	0	18	419	5	2	6	4	1	0	51	0	39	50	1	9	0	3	25	2	2	11	17	0	4	5	22	206	6	0	397	2	386	0	1	0	0	1	0	0	0	0	1	0	0	0	0	0	0	2	0	0	0	0	2	0	0	2	0	1	1	3	0	0	0	0	0	0	73	13	112	97	250	659	0	0	0	0	0	0	0	0
5	27	0	0	6	1	4	5	3	1	30	120	8	392	13	0	0	1	0	0	24	0	1	0	6	238	33	42	7	66	5	14	14	32	88	0	6	0	0	0	0	0	0	0	0	0	200	0	172	0	0	0	0	0	0	0	0	0	0	0	216	0	6	0	0	0	0	0	0	16	6	426	248	92	0	0	761	0	0	7	0	0	14	101
28	485	935	0	29	1	27	436	26	111	45	1	97	5	63	24	61	274	2	28	56	58	122	306	108	3	290	1025	494	318	78	0	39	150	418	0	624	10	0	330	10	2475	401	1072	1132	791	1111	1267	83	47	2316	461	319	744	627	732	731	176	1465	1450	81	1461	1591	926	7	17	6	0	1	197	1359	467	138	57	1	0	0	12386	1550	1411	738	4206	417	29
3	42	89	0	1	0	1	4	4	9	1	0	2	16	4	1	2	39	1	5	3	14	34	62	6	3	36	59	11	10	9	0	3	1	33	0	51	5	0	5	1	32	11	24	128	12	842	6	358	4	20	50	49	272	192	9	75	41	80	133	72	844	312	113	0	2	19	0	0	33	248	113	12	16	0	0	0	1550	2647	482	60	46	22	124
3	228	605	0	3	0	1	61	2	44	1	8	9	13	3	12	1	152	4	75	2	11	25	100	23	11	207	736	80	18	3	0	4	11	31	9	253	117	0	373	4	976	821	911	156	843	3682	298	99	178	415	21	512	1190	1853	694	1907	82	1438	709	105	902	2305	1323	522	1338	0	0	73	5052	93	36	54	192	9	0	7	1411	482	10892	3759	2228	1045	394
3	75	168	0	2	0	0	56	1	13	0	1	7	2	1	11	0	71	3	55	0	8	20	74	22	2	93	220	80	8	5	0	0	4	29	9	89	63	0	138	2	346	168	383	128	257	762	57	7	84	37	18	151	358	366	194	681	44	916	323	36	295	1240	457	46	289	0	0	11	958	69	23	31	116	2	0	0	738	60	3759	4126	1014	819	91
26	37	97	0	39	1	36	527	20	95	51	1	111	0	72	24	18	37	3	19	74	17	26	92	99	0	40	130	574	347	45	0	46	197	435	68	40	22	0	918	151	4424	1206	2603	867	2125	1934	2025	40	531	3699	79	34	611	784	2073	368	59	445	1829	7	195	284	1512	210	394	0	0	10	1642	633	175	154	51	2	0	0	4206	46	2228	1014	9979	1129	120
3	8	27	0	4	0	1	56	1	12	5	6	1	10	3	1	0	6	0	0	2	3	11	7	20	12	3	19	88	13	4	0	0	9	38	10	5	11	0	133	135	1245	147	982	127	360	1094	104	83	262	92	7	5	8	3	267	136	11	241	219	31	13	82	261	36	235	0	1	9	564	64	22	1	0	2	0	14	417	22	1045	819	1129	2597	174
0	0	0	0	0	0	0	0	0	0	0	54	0	89	0	0	0	0	0	0	0	0	0	0	0	65	2	8	0	0	0	1	0	0	0	1	2	0	0	28	2	127	8	137	0	68	844	17	486	17	11	0	1	2	2	47	30	2	7	9	237	14	4	25	2	7	1	0	0	114	2	94	0	0	0	0	101	29	124	394	91	120	174	991
