0.0411949530459	7.04488294927e-06	0.00688285064144	0	0.00257138227648	9.51059198151e-05	0.0045545168267	0.0137093422193	0.0145652954976	7.39712709673e-05	0.00982761171423	0.00185280421566	0.00578737134283	3.17019732717e-05	0.0321070540413	7.7493712442e-05	2.11346488478e-05	0.00199370187464	0.000581202843315	0.00167315970045	0.00712589910319	0.00817558666263	3.8746856221e-05	0.0124271735225	0.00323360127371	3.52244147463e-06	0.00240934996865	0.000570635518891	0.0062347214101	0.020490042058	0.0101833783032	4.93141806449e-05	0.000324064615666	0.00118354033548	0.00635800686172	0	3.52244147463e-06	0	0	1.40897658985e-05	0	4.22692976956e-05	1.05673244239e-05	3.52244147463e-05	0.000151464983409	3.52244147463e-06	7.04488294927e-06	3.52244147463e-06	0	3.52244147463e-06	4.22692976956e-05	3.52244147463e-05	0	7.04488294927e-06	0	1.05673244239e-05	0	7.39712709673e-05	3.8746856221e-05	6.34039465434e-05	4.93141806449e-05	5.63590635942e-05	4.57917391703e-05	3.8746856221e-05	0	0	0	0	0	0	0.000704488294927	0.000102150802764	0.00578737134283	0.000514276455297	5.28366221195e-05	0	1.76122073732e-05	9.86283612898e-05	1.05673244239e-05	1.05673244239e-05	1.05673244239e-05	9.15834783405e-05	1.05673244239e-05	0
7.04488294927e-06	0.0326072407307	0.00307156896588	0	2.81795317971e-05	0	7.04488294927e-06	3.8746856221e-05	3.52244147463e-06	0.00399444863224	5.63590635942e-05	1.05673244239e-05	1.76122073732e-05	0.00211698732626	2.46570903224e-05	1.76122073732e-05	0.00100389582027	0.000204301605529	1.05673244239e-05	0.000218391371427	2.46570903224e-05	2.11346488478e-05	0.00623824385158	0.000186689398156	0.000926402107829	0.00342733555482	0.00667502659443	0.0288593630017	7.04488294927e-05	0.000126807893087	1.05673244239e-05	3.52244147463e-06	2.11346488478e-05	6.69263880181e-05	0.000133852776036	2.46570903224e-05	0.0168267029243	0.000475529599076	0	1.05673244239e-05	0	3.8746856221e-05	3.8746856221e-05	4.93141806449e-05	0.000394513445159	3.17019732717e-05	0.000137375217511	1.76122073732e-05	0.000528366221195	3.8746856221e-05	3.17019732717e-05	0.000123285451612	0.0019584774599	3.17019732717e-05	0.000119763010138	3.17019732717e-05	8.45385953912e-05	0.00175769829584	0.000317019732717	0.000207824047003	0.00198665699169	0.00138784194101	0.01660126667	0.000165554749308	1.05673244239e-05	2.81795317971e-05	3.17019732717e-05	0	0	0.000228958695851	0.00176826562027	0.0019021183963	0.000130330334561	0.000126807893087	3.52244147463e-06	1.40897658985e-05	9.51059198151e-05	0.0017083841152	0.000147942541935	0.000803116656217	0.000264183110598	0.000130330334561	2.81795317971e-05	0
0.00688285064144	0.00307156896588	0.0606529197517	0	0.000503709130873	2.81795317971e-05	8.10161539166e-05	0.00210642000183	0.00119763010138	8.80610368659e-05	0.000644606789858	7.04488294927e-06	0.000154987424884	0	0.00644959034006	3.17019732717e-05	0.000352244147463	0.0202223365059	1.05673244239e-05	0.000380423679261	0.000443827625804	0.00815445201378	0.000454394950228	0.0259357365777	0.000905267458981	0	0.00827421502392	0.0238469287833	0.0024163948516	0.00586486505527	0.0050969728138	0	5.28366221195e-05	0.000186689398156	0.00126455648939	0	0.00217686883132	0.000236003578801	0	2.46570903224e-05	0	9.86283612898e-05	7.39712709673e-05	7.04488294927e-05	0.000598815050688	7.39712709673e-05	0.000133852776036	2.46570903224e-05	0	3.52244147463e-06	5.63590635942e-05	0.00183871444976	0.00497016492071	8.80610368659e-05	0.000549500870043	7.7493712442e-05	0.000331109498616	0.00239526020275	0.00348369461841	0.000598815050688	0	0.000260660669123	0.00470245936864	0.00091231234193	1.05673244239e-05	2.11346488478e-05	0	0	0	0.0012081974258	0.00241991729307	0.0019162081622	0.00172599632257	0.0031103158221	3.8746856221e-05	2.81795317971e-05	0	0.00329348277878	0.000313497291243	0.00213107709215	0.000591770167739	0.00034167682304	9.51059198151e-05	0
0	0	0	0	0	0	0	0	0	0	0	0	0	0	0	0	0	0	0	0	0	0	0	0	0	0	0	0	0	0	0	0	0	0	0	0	0	0	0	0	0	0	0	0	0	0	0	0	0	0	0	0	0	0	0	0	0	0	0	0	0	0	0	0	0	0	0	0	0	0	0	0	0	0	0	0	0	0	0	0	0	0	0	0
0.00257138227648	2.81795317971e-05	0.000503709130873	0	0.0245690292856	0.000443827625804	0.00201835896497	0.00557250241287	0.00209233023593	0.00053188866267	0.0026664881963	0.000711533177876	0.00760847358521	1.76122073732e-05	0.00538581301472	0.000609382375112	0	0.000306452408293	0.00019725672258	0.000253615786174	0.0122721860976	0.00033463194009	1.05673244239e-05	0.0007221005023	0.0140439741594	3.52244147463e-06	0.000711533177876	0.000109195685714	0.00978886485801	0.00667502659443	0.000401558328108	4.93141806449e-05	0.000591770167739	0.00259251692533	0.00339563358155	0	1.40897658985e-05	0	0	0.00276159411611	0	0.000200779164054	7.04488294927e-06	7.39712709673e-05	0.00228254207556	8.10161539166e-05	3.52244147463e-06	0.000894700134557	0	2.81795317971e-05	8.80610368659e-05	3.52244147463e-06	0	3.52244147463e-06	0	0.00221209324607	0	1.76122073732e-05	1.05673244239e-05	0.00220152592165	7.04488294927e-06	1.05673244239e-05	3.17019732717e-05	0.000345199264514	0	3.52244147463e-06	0	0	3.52244147463e-06	3.52244147463e-06	0.000870043044235	0.000119763010138	0.00243400705897	0.000496664247924	0.000369856354837	6.34039465434e-05	2.11346488478e-05	0.000102150802764	3.52244147463e-06	1.05673244239e-05	7.04488294927e-06	0.000137375217511	1.40897658985e-05	0
9.51059198151e-05	0	2.81795317971e-05	0	0.000443827625804	0.00834114141194	0.00350835170874	0.000105673244239	0.002916581541	0.000133852776036	0.000560068194467	1.40897658985e-05	0.00231424404884	3.52244147463e-06	0.0023882153198	0.00153930692442	3.52244147463e-06	2.11346488478e-05	0	3.52244147463e-06	0.000968671405525	1.40897658985e-05	0	3.17019732717e-05	0.000345199264514	0	2.11346488478e-05	1.05673244239e-05	0.000250093344699	0.0016802045834	7.04488294927e-06	0	0.00228606451704	2.81795317971e-05	0.00153226204147	0	0	0	0	2.11346488478e-05	0	0	0	0	9.51059198151e-05	0	0	7.04488294927e-06	0	0	3.52244147463e-06	3.52244147463e-06	0	0	0	1.40897658985e-05	3.52244147463e-06	0	0	7.7493712442e-05	0	3.52244147463e-06	0	2.11346488478e-05	3.52244147463e-06	0	0	0	3.52244147463e-06	0	0.000281795317971	3.52244147463e-05	0.000366333913362	0.000253615786174	0.00221209324607	0.00147590297787	3.52244147463e-06	3.52244147463e-06	0	0	0	3.52244147463e-06	0	0
0.0045545168267	7.04488294927e-06	8.10161539166e-05	0	0.00201835896497	0.00350835170874	0.0288311834699	0.000905267458981	0.0122580963317	3.17019732717e-05	0.00963035499165	0.00213107709215	0.0152909184414	7.7493712442e-05	0.0100953172663	0.00476938575666	0	4.22692976956e-05	0.000285317759445	0.000443827625804	0.00857714499074	9.86283612898e-05	7.04488294927e-06	0.000204301605529	0.000760847358521	1.05673244239e-05	0.00159918842948	7.7493712442e-05	0.00108491197419	0.00548444137601	3.52244147463e-05	0.000151464983409	0.000493141806449	0.000496664247924	0.00390638759537	0	3.52244147463e-06	0	0	3.52244147463e-06	0	8.80610368659e-05	0	2.11346488478e-05	3.52244147463e-05	7.04488294927e-06	3.52244147463e-06	2.11346488478e-05	0	3.52244147463e-06	9.15834783405e-05	3.52244147463e-06	0	3.52244147463e-06	0	7.04488294927e-06	0	3.52244147463e-06	3.52244147463e-06	1.76122073732e-05	3.52244147463e-06	3.52244147463e-06	3.52244147463e-06	1.05673244239e-05	0	0	0	0	0	0	0.000693920970503	8.10161539166e-05	0.0036386820433	0.000369856354837	0.000105673244239	1.76122073732e-05	1.40897658985e-05	9.51059198151e-05	3.52244147463e-06	3.52244147463e-06	0	0.000126807893087	3.52244147463e-06	0
0.0137093422193	3.8746856221e-05	0.00210642000183	0	0.00557250241287	0.000105673244239	0.000905267458981	0.056595067173	0.00895404622852	0.000848908395387	0.00632982732992	0.000169077190782	0.000609382375112	0	0.0149140172036	0.000690398529028	1.40897658985e-05	0.000859475719811	4.57917391703e-05	0.000179644515206	0.000884132810133	0.00248684368109	0.000133852776036	0.00554432288108	0.00885189542576	0	0.000285317759445	0.000204301605529	0.0342029067187	0.015896778375	0.0105003980359	7.04488294927e-06	0.000729145385249	0.00910903365341	0.00584373040642	0	3.8746856221e-05	0	0	0.00198313455022	0	0.000401558328108	0.000133852776036	0.000137375217511	0.0111661394746	0.000267705552072	0.000176122073732	0.000119763010138	0	2.81795317971e-05	0.000609382375112	8.45385953912e-05	2.11346488478e-05	2.46570903224e-05	5.63590635942e-05	0.000743235151148	0	0.000172599632257	2.81795317971e-05	0.0107857157953	1.76122073732e-05	5.98815050688e-05	9.51059198151e-05	0.00418113803039	0.000225436254377	4.22692976956e-05	0	0	0.000207824047003	9.86283612898e-05	0.0012504667235	0.000140897658985	0.00288135712625	0.00139136438248	0.00113070371336	7.04488294927e-06	1.76122073732e-05	0.00153578448294	1.40897658985e-05	0.000214868929953	0.00019725672258	0.00185632665713	0.00019725672258	0
0.0145652954976	3.52244147463e-06	0.00119763010138	0	0.00209233023593	0.002916581541	0.0122580963317	0.00895404622852	0.0398035886634	5.63590635942e-05	0.0133676653962	0.00133500531889	0.00785152204696	4.57917391703e-05	0.0258159735676	0.00209233023593	7.04488294927e-06	8.10161539166e-05	8.45385953912e-05	0.000158509866359	0.00564999612531	0.00132796043594	2.11346488478e-05	0.00220504836312	0.00212755465068	7.04488294927e-06	0.000535411104145	7.7493712442e-05	0.00392752224422	0.00934503723221	0.000880610368659	0.000154987424884	0.00266296575482	0.00178235538617	0.00330052766173	0	3.52244147463e-06	0	0	2.11346488478e-05	0	3.17019732717e-05	3.52244147463e-06	1.40897658985e-05	0.000102150802764	0	7.04488294927e-06	1.40897658985e-05	0	3.52244147463e-06	4.22692976956e-05	2.46570903224e-05	0	3.52244147463e-06	0	1.76122073732e-05	7.04488294927e-06	3.17019732717e-05	7.04488294927e-06	7.04488294927e-05	1.05673244239e-05	1.40897658985e-05	1.40897658985e-05	2.81795317971e-05	0	0	0	0	0	0	0.000482574482025	4.93141806449e-05	0.00279329608939	0.000464962274652	0.000176122073732	2.11346488478e-05	1.05673244239e-05	9.15834783405e-05	1.40897658985e-05	7.04488294927e-06	3.52244147463e-06	7.04488294927e-05	3.52244147463e-06	0
7.39712709673e-05	0.00399444863224	8.80610368659e-05	0	0.00053188866267	0.000133852776036	3.17019732717e-05	0.000848908395387	5.63590635942e-05	0.0253545337344	4.22692976956e-05	0	0.00114479347926	0.000715055619351	9.86283612898e-05	0.000204301605529	0.0028461327115	7.04488294927e-05	3.52244147463e-06	4.93141806449e-05	0.000700965853452	0.00134205020184	0.010553234658	0.00229663184146	0.00996850937322	0.00129273602119	0.000250093344699	0.00398035886634	0.00374787772901	0.000116240568663	0.000380423679261	0	2.11346488478e-05	0	8.45385953912e-05	3.8746856221e-05	0.000214868929953	3.52244147463e-06	0	0.000538933545619	3.52244147463e-06	8.10161539166e-05	0.000292362642395	0.000475529599076	0.00961978766723	5.63590635942e-05	9.86283612898e-05	0.00038746856221	3.52244147463e-06	0.00014442010046	0.000126807893087	0.00277568388201	2.81795317971e-05	1.05673244239e-05	7.39712709673e-05	0.000390991003684	3.52244147463e-05	0.00436430498707	2.81795317971e-05	0.00786913425433	3.17019732717e-05	5.63590635942e-05	0.000154987424884	0.00190564083778	6.69263880181e-05	0.000355766588938	0	0	3.17019732717e-05	5.28366221195e-05	0.00293419374837	0.000401558328108	6.69263880181e-05	5.63590635942e-05	0.00325121348109	1.40897658985e-05	3.52244147463e-06	0.000390991003684	3.17019732717e-05	0.000154987424884	4.57917391703e-05	0.00033463194009	4.22692976956e-05	0
0.00982761171423	5.63590635942e-05	0.000644606789858	0	0.0026664881963	0.000560068194467	0.00963035499165	0.00632982732992	0.0133676653962	4.22692976956e-05	0.0418888740164	0.000732667826724	0.0079712850571	0	0.0127336259308	0.00186689398156	1.76122073732e-05	9.15834783405e-05	0.000299407525344	0.00119058521843	0.00918300492437	0.00118706277695	3.52244147463e-06	0.00141249903133	0.00550205358338	0	0.00138784194101	0.000292362642395	0.00542103742946	0.0105743693069	0.000859475719811	7.04488294927e-06	0.00082072886359	0.00633687221287	0.0067067285677	0	5.28366221195e-05	0	0	0.000172599632257	0	7.7493712442e-05	3.52244147463e-06	2.46570903224e-05	0.000154987424884	3.52244147463e-06	7.04488294927e-06	0.000105673244239	0	0	0.000102150802764	3.52244147463e-06	0	3.52244147463e-06	0	8.80610368659e-05	0	1.40897658985e-05	1.05673244239e-05	0.000116240568663	4.22692976956e-05	4.57917391703e-05	6.34039465434e-05	1.05673244239e-05	0	0	0	0	0	3.52244147463e-06	0.00143715612165	0.000232481137326	0.00512515234559	0.000951059198151	7.39712709673e-05	3.52244147463e-06	0.000105673244239	0.000158509866359	3.52244147463e-06	3.52244147463e-06	0	0.000179644515206	1.76122073732e-05	0
0.00185280421566	1.05673244239e-05	7.04488294927e-06	0	0.000711533177876	1.40897658985e-05	0.00213107709215	0.000169077190782	0.00133500531889	0	0.000732667826724	0.0201131408202	0.00369504110689	0.00188098374746	0.00693216482208	3.8746856221e-05	3.52244147463e-06	6.34039465434e-05	0.002916581541	0.00375844505344	0.00400501595666	2.46570903224e-05	0	7.7493712442e-05	0.000228958695851	0.000626994582485	0.0094436655935	0.000264183110598	9.51059198151e-05	0.00848908395387	2.11346488478e-05	0.00106025488387	0.000489619364974	0.000172599632257	0.0105955039557	0	1.05673244239e-05	0	0	0	0	0	0	0	3.52244147463e-06	0	0.00019725672258	0	0.000183166956681	0	3.52244147463e-06	0	0	0	0	0	0	0	0	3.52244147463e-06	0.000299407525344	0.000105673244239	1.40897658985e-05	3.52244147463e-06	0	0	0	0	0	2.81795317971e-05	0.000390991003684	0.00154282936589	0.00998612158059	8.45385953912e-05	2.81795317971e-05	0	0.000422692976956	3.52244147463e-06	0	2.81795317971e-05	3.52244147463e-06	3.52244147463e-06	2.11346488478e-05	0.00019021183963
0.00578737134283	1.76122073732e-05	0.000154987424884	0	0.00760847358521	0.00231424404884	0.0152909184414	0.000609382375112	0.00785152204696	0.00114479347926	0.0079712850571	0.00369504110689	0.0430548021445	0.000105673244239	0.0131351842589	0.00368799622394	1.76122073732e-05	0.000126807893087	0.000862998161286	0.0014582907705	0.0233925338331	0.000179644515206	1.40897658985e-05	0.000464962274652	0.00398740374929	1.05673244239e-05	0.00357175565528	0.000211346488478	0.00179644515206	0.0128216869677	0.000151464983409	0.000218391371427	0.00131387067004	0.0014582907705	0.00959160813543	0	0	0	0	5.28366221195e-05	0	0.000359289030413	3.52244147463e-06	8.10161539166e-05	0.000179644515206	1.76122073732e-05	1.05673244239e-05	0.000753802475572	0	7.04488294927e-06	0.000313497291243	3.52244147463e-06	0	1.40897658985e-05	7.04488294927e-06	0.000260660669123	0	7.04488294927e-06	3.52244147463e-06	0.000112718127188	3.52244147463e-06	1.40897658985e-05	2.11346488478e-05	2.46570903224e-05	3.52244147463e-06	0	0	0	3.52244147463e-06	7.04488294927e-06	0.00208880779446	0.000179644515206	0.00847499418797	0.00112365883041	0.000855953278336	0.000179644515206	2.81795317971e-05	0.00034167682304	7.04488294927e-06	3.17019732717e-05	2.46570903224e-05	0.000390991003684	3.52244147463e-06	0
3.17019732717e-05	0.00211698732626	0	0	1.76122073732e-05	3.52244147463e-06	7.7493712442e-05	0	4.57917391703e-05	0.000715055619351	0	0.00188098374746	0.000105673244239	0.0182004550994	0.000260660669123	0	2.81795317971e-05	0	0	0	0.000102150802764	0	0.000972193846999	1.76122073732e-05	8.45385953912e-05	0.00597406074098	0.00311736070505	0.00775641612715	0	0.000271227993547	0	0.00176826562027	0.000116240568663	0	0.000405080769583	0	0.000292362642395	0	0	0	0	3.52244147463e-06	0	0	0	0	0.00213107709215	0	0.00439952940182	3.52244147463e-06	0	0	3.52244147463e-05	0	0	0	0	3.52244147463e-06	0	0	0.00452281485343	6.34039465434e-05	0.00019021183963	0	0	0	3.8746856221e-05	0	0	5.28366221195e-05	9.86283612898e-05	0.00493141806449	0.000841863512438	5.28366221195e-05	0	0	0.00138079705806	1.76122073732e-05	5.63590635942e-05	4.57917391703e-05	7.04488294927e-06	0	3.52244147463e-05	0.000313497291243
0.0321070540413	2.46570903224e-05	0.00644959034006	0	0.00538581301472	0.0023882153198	0.0100953172663	0.0149140172036	0.0258159735676	9.86283612898e-05	0.0127336259308	0.00693216482208	0.0131351842589	0.000260660669123	0.0647459967453	0.000887655251608	1.76122073732e-05	0.00141954391428	0.00118706277695	0.0014301112387	0.0130647354294	0.00682649157784	4.22692976956e-05	0.0108174177686	0.006248811176	1.76122073732e-05	0.00451224752901	0.000450872508753	0.00856305522484	0.035964127456	0.00644959034006	0.000472007157601	0.00340972334745	0.00642845569121	0.0131704086737	0	0	0	0	4.57917391703e-05	0	0.000154987424884	1.05673244239e-05	3.8746856221e-05	0.000200779164054	1.40897658985e-05	1.05673244239e-05	3.17019732717e-05	0	3.52244147463e-06	0.000176122073732	3.52244147463e-05	3.52244147463e-06	1.05673244239e-05	0	4.22692976956e-05	0	7.04488294927e-05	3.8746856221e-05	0.000116240568663	1.05673244239e-05	1.76122073732e-05	4.93141806449e-05	5.63590635942e-05	0	0	0	0	0	0	0.00162384551981	0.000225436254377	0.0112013638893	0.00113422615483	0.000514276455297	0.000137375217511	4.57917391703e-05	0.000221913812902	1.40897658985e-05	1.05673244239e-05	3.52244147463e-06	0.000253615786174	1.05673244239e-05	0
7.7493712442e-05	1.76122073732e-05	3.17019732717e-05	0	0.000609382375112	0.00153930692442	0.00476938575666	0.000690398529028	0.00209233023593	0.000204301605529	0.00186689398156	3.8746856221e-05	0.00368799622394	0	0.000887655251608	0.0110675111133	3.52244147463e-06	2.81795317971e-05	1.76122073732e-05	2.46570903224e-05	0.000936969432253	0.000102150802764	3.52244147463e-06	0.000158509866359	0.000845385953912	0	5.63590635942e-05	3.8746856221e-05	0.000972193846999	0.00125398916497	0.000320542174192	0	0.000313497291243	0.000281795317971	0.00127864625529	0	3.52244147463e-06	0	0	2.81795317971e-05	0	3.52244147463e-05	3.52244147463e-06	3.52244147463e-06	0.000193734281105	0	7.04488294927e-06	1.40897658985e-05	0	3.52244147463e-06	4.22692976956e-05	1.76122073732e-05	0	3.52244147463e-06	0	2.11346488478e-05	7.04488294927e-06	0	3.52244147463e-06	9.51059198151e-05	0	1.05673244239e-05	2.81795317971e-05	4.57917391703e-05	3.52244147463e-06	3.52244147463e-06	0	0	0	7.04488294927e-06	0.000542455987094	2.11346488478e-05	0.000831296188014	0.00112718127188	0.00279681853086	0.000176122073732	0	8.45385953912e-05	3.52244147463e-06	4.22692976956e-05	3.8746856221e-05	8.45385953912e-05	3.52244147463e-06	0
2.11346488478e-05	0.00100389582027	0.000352244147463	0	0	3.52244147463e-06	0	1.40897658985e-05	7.04488294927e-06	0.0028461327115	1.76122073732e-05	3.52244147463e-06	1.76122073732e-05	2.81795317971e-05	1.76122073732e-05	3.52244147463e-06	0.0223393238321	0.000214868929953	7.04488294927e-06	8.45385953912e-05	1.40897658985e-05	0.00163441284423	0.0139418233566	0.00806639097691	0.0052907070949	7.04488294927e-05	0.00014442010046	0.00590361191149	0.000482574482025	9.51059198151e-05	9.86283612898e-05	0	1.05673244239e-05	1.40897658985e-05	6.34039465434e-05	0	0.000112718127188	0	0	1.05673244239e-05	0	5.28366221195e-05	7.04488294927e-06	6.34039465434e-05	0.000686876087554	2.11346488478e-05	0	0	0	0	1.40897658985e-05	0.00885894030871	1.40897658985e-05	0	0	1.05673244239e-05	0.00038746856221	0.00884132810133	0.00376901237786	0.0022085708046	0	3.52244147463e-06	0.000130330334561	0.00171542899815	0	7.04488294927e-06	0	0	0	7.04488294927e-06	0.00156748645621	0.000831296188014	9.86283612898e-05	3.17019732717e-05	0	3.52244147463e-06	0	0.000214868929953	7.04488294927e-06	3.52244147463e-06	0	6.34039465434e-05	0	0
0.00199370187464	0.000204301605529	0.0202223365059	0	0.000306452408293	2.11346488478e-05	4.22692976956e-05	0.000859475719811	8.10161539166e-05	7.04488294927e-05	9.15834783405e-05	6.34039465434e-05	0.000126807893087	0	0.00141954391428	2.81795317971e-05	0.000214868929953	0.044854769738	7.39712709673e-05	0.00600928515573	0.000105673244239	0.00597406074098	0.000109195685714	0.0172881427575	0.000560068194467	0	0.0120326600774	0.00928867816861	0.00133148287741	0.00332518475206	0.00650947184513	0	4.93141806449e-05	9.86283612898e-05	0.00691807505618	3.52244147463e-06	0.000116240568663	3.8746856221e-05	0	3.52244147463e-06	0	5.28366221195e-05	2.46570903224e-05	3.17019732717e-05	0.0004860969235	3.52244147463e-05	1.76122073732e-05	1.05673244239e-05	0	0	3.52244147463e-05	0.000362811471887	0.000824251305065	4.93141806449e-05	0.00019021183963	3.52244147463e-05	9.51059198151e-05	0.000236003578801	0.000454394950228	0.000162032307833	3.52244147463e-06	0.00047905204055	0.00091935722488	0.000626994582485	0	1.40897658985e-05	0	0	0	0.000218391371427	0.0014582907705	0.0021944810387	0.00365981669215	0.00225436254377	1.76122073732e-05	3.17019732717e-05	3.52244147463e-06	0.00096514896405	0.000137375217511	0.000535411104145	0.000250093344699	0.000130330334561	2.11346488478e-05	0
0.000581202843315	1.05673244239e-05	1.05673244239e-05	0	0.00019725672258	0	0.000285317759445	4.57917391703e-05	8.45385953912e-05	3.52244147463e-06	0.000299407525344	0.002916581541	0.000862998161286	0	0.00118706277695	1.76122073732e-05	7.04488294927e-06	7.39712709673e-05	0.00481517749583	0.00407898722763	0.000880610368659	5.28366221195e-05	3.52244147463e-06	0.000165554749308	0.00014442010046	3.52244147463e-06	0.00321246662487	3.52244147463e-05	5.63590635942e-05	0.00171190655667	2.46570903224e-05	0	1.40897658985e-05	5.63590635942e-05	0.00223675033639	0	3.52244147463e-06	0	0	0	0	0	0	0	3.52244147463e-06	0	0	0	0	0	3.52244147463e-06	2.46570903224e-05	0	0	0	0	3.52244147463e-06	7.04488294927e-06	3.52244147463e-06	1.40897658985e-05	3.52244147463e-06	1.05673244239e-05	1.05673244239e-05	2.46570903224e-05	0	0	0	0	0	7.04488294927e-06	0.000292362642395	0.000151464983409	0.00236355822948	5.98815050688e-05	1.76122073732e-05	0	0	7.04488294927e-06	3.52244147463e-06	1.40897658985e-05	1.05673244239e-05	1.05673244239e-05	0	0
0.00167315970045	0.000218391371427	0.000380423679261	0	0.000253615786174	3.52244147463e-06	0.000443827625804	0.000179644515206	0.000158509866359	4.93141806449e-05	0.00119058521843	0.00375844505344	0.0014582907705	0	0.0014301112387	2.46570903224e-05	8.45385953912e-05	0.00600928515573	0.00407898722763	0.0215256398515	0.00138784194101	0.000225436254377	4.93141806449e-05	0.000926402107829	0.000232481137326	0	0.0160024516193	0.00140897658985	0.00014442010046	0.00293771618985	0.000183166956681	3.52244147463e-06	3.17019732717e-05	0.000193734281105	0.00739360465526	0	0.000162032307833	0	0	7.04488294927e-06	0	1.76122073732e-05	3.52244147463e-06	1.76122073732e-05	8.10161539166e-05	7.04488294927e-06	7.04488294927e-06	7.04488294927e-06	1.05673244239e-05	0	1.05673244239e-05	9.15834783405e-05	7.04488294927e-06	7.04488294927e-06	0.000186689398156	1.05673244239e-05	2.81795317971e-05	4.93141806449e-05	3.52244147463e-05	6.69263880181e-05	7.7493712442e-05	0.000553023311518	0.000887655251608	0.000126807893087	0	3.52244147463e-06	0	0	0	0.000105673244239	0.00299407525344	0.00329348277878	0.006248811176	0.000750280034097	1.76122073732e-05	1.05673244239e-05	0	9.86283612898e-05	1.76122073732e-05	0.000264183110598	0.000193734281105	6.69263880181e-05	0	0
0.00712589910319	2.46570903224e-05	0.000443827625804	0	0.0122721860976	0.000968671405525	0.00857714499074	0.000884132810133	0.00564999612531	0.000700965853452	0.00918300492437	0.00400501595666	0.0233925338331	0.000102150802764	0.0130647354294	0.000936969432253	1.40897658985e-05	0.000105673244239	0.000880610368659	0.00138784194101	0.0344917469196	0.00063051702396	1.40897658985e-05	0.000753802475572	0.00749223301655	1.05673244239e-05	0.00368447378247	0.00024304846175	0.00325473592256	0.0145582506147	0.000366333913362	0.00019725672258	0.00141954391428	0.00346960485252	0.0112189760967	0	7.04488294927e-06	0	0	0.000176122073732	0	0.000165554749308	3.52244147463e-06	3.17019732717e-05	0.00028884020092	1.05673244239e-05	7.04488294927e-06	0.00014442010046	0	3.52244147463e-06	0.00019021183963	7.04488294927e-06	0	7.04488294927e-06	0	0.000183166956681	0	7.04488294927e-06	0	0.000218391371427	3.52244147463e-05	4.22692976956e-05	1.05673244239e-05	2.11346488478e-05	0	0	0	0	0	3.52244147463e-06	0.00240582752718	0.000218391371427	0.00979590974096	0.00131739311151	0.00043326030138	8.80610368659e-05	8.45385953912e-05	0.00019725672258	1.05673244239e-05	7.04488294927e-06	0	0.000260660669123	7.04488294927e-06	0
0.00817558666263	2.11346488478e-05	0.00815445201378	0	0.00033463194009	1.40897658985e-05	9.86283612898e-05	0.00248684368109	0.00132796043594	0.00134205020184	0.00118706277695	2.46570903224e-05	0.000179644515206	0	0.00682649157784	0.000102150802764	0.00163441284423	0.00597406074098	5.28366221195e-05	0.000225436254377	0.00063051702396	0.0526006185407	0.00260660669123	0.0407088561224	0.00112718127188	0	0.000461439833177	0.000207824047003	0.00423045221104	0.00730202117692	0.0195213706524	0	4.57917391703e-05	0.00113422615483	0.00643197813268	0	2.11346488478e-05	0	0	7.04488294927e-06	0	1.76122073732e-05	0	2.46570903224e-05	0.00191268572073	1.76122073732e-05	3.52244147463e-06	1.05673244239e-05	0	7.04488294927e-06	2.81795317971e-05	0.00242696217602	1.05673244239e-05	3.52244147463e-06	3.52244147463e-06	1.76122073732e-05	6.34039465434e-05	0.00239878264423	0.000102150802764	0.00146181321197	0	2.46570903224e-05	5.63590635942e-05	0.00218743615575	0	0	0	0	0	3.52244147463e-06	0.00155691913179	7.04488294927e-05	0.00498777712808	0.00109195685714	6.34039465434e-05	7.04488294927e-06	0	0.000204301605529	4.93141806449e-05	3.8746856221e-05	2.81795317971e-05	5.98815050688e-05	1.05673244239e-05	0
3.8746856221e-05	0.00623824385158	0.000454394950228	0	1.05673244239e-05	0	7.04488294927e-06	0.000133852776036	2.11346488478e-05	0.010553234658	3.52244147463e-06	0	1.40897658985e-05	0.000972193846999	4.22692976956e-05	3.52244147463e-06	0.0139418233566	0.000109195685714	3.52244147463e-06	4.93141806449e-05	1.40897658985e-05	0.00260660669123	0.0338682747786	0.00722804990595	0.00573101227923	0.00177531050322	0.000302929966819	0.0146392667686	0.00107434464976	4.93141806449e-05	0.00024304846175	3.52244147463e-06	1.40897658985e-05	3.52244147463e-06	5.63590635942e-05	5.63590635942e-05	0.000884132810133	0	0	1.40897658985e-05	0	3.17019732717e-05	2.46570903224e-05	0.000236003578801	0.00448406799721	1.76122073732e-05	1.05673244239e-05	1.76122073732e-05	0.000130330334561	0.000123285451612	2.81795317971e-05	0.0127970298773	3.17019732717e-05	0	1.76122073732e-05	1.40897658985e-05	0.000267705552072	0.0162631122884	0.0028461327115	0.0047905204055	0.000472007157601	0.000186689398156	0.00355414344791	0.00410012187648	2.81795317971e-05	9.15834783405e-05	0	0	0	2.11346488478e-05	0.00196199990137	0.000581202843315	6.69263880181e-05	8.80610368659e-05	1.76122073732e-05	7.04488294927e-06	3.52244147463e-06	0.000429737859905	0.000119763010138	8.80610368659e-05	7.04488294927e-05	9.15834783405e-05	3.8746856221e-05	0
0.0124271735225	0.000186689398156	0.0259357365777	0	0.0007221005023	3.17019732717e-05	0.000204301605529	0.00554432288108	0.00220504836312	0.00229663184146	0.00141249903133	7.7493712442e-05	0.000464962274652	1.76122073732e-05	0.0108174177686	0.000158509866359	0.00806639097691	0.0172881427575	0.000165554749308	0.000926402107829	0.000753802475572	0.0407088561224	0.00722804990595	0.0987551691829	0.00194086525252	0	0.00174360852994	0.0112224985382	0.00685819355111	0.00995441960732	0.0181546633603	1.40897658985e-05	0.000105673244239	0.000810161539166	0.0112260209797	0	0.000147942541935	0	0	2.11346488478e-05	3.52244147463e-06	0.000140897658985	2.81795317971e-05	0.000133852776036	0.00219800348017	7.7493712442e-05	7.04488294927e-06	1.40897658985e-05	0	3.52244147463e-06	5.98815050688e-05	0.0089434789041	4.22692976956e-05	1.40897658985e-05	3.17019732717e-05	5.63590635942e-05	0.000464962274652	0.0107152669658	0.00502300154283	0.0028884020092	0	0.000105673244239	0.00104264267649	0.00367742889952	0	1.76122073732e-05	0	0	3.52244147463e-06	5.28366221195e-05	0.00911960097783	0.00226492986819	0.0108561646248	0.00700613609305	8.10161539166e-05	3.8746856221e-05	0	0.00107786709124	0.000218391371427	0.000352244147463	0.000260660669123	0.000324064615666	2.46570903224e-05	0
0.00323360127371	0.000926402107829	0.000905267458981	0	0.0140439741594	0.000345199264514	0.000760847358521	0.00885189542576	0.00212755465068	0.00996850937322	0.00550205358338	0.000228958695851	0.00398740374929	8.45385953912e-05	0.006248811176	0.000845385953912	0.0052907070949	0.000560068194467	0.00014442010046	0.000232481137326	0.00749223301655	0.00112718127188	0.00573101227923	0.00194086525252	0.056862772725	0.000154987424884	0.000461439833177	0.00310679338063	0.0202188140644	0.00806286853544	0.00324416859814	0	0.00077493712442	0.00464257786357	0.00365629425067	1.05673244239e-05	0.000221913812902	3.52244147463e-06	0	0.00289544689215	0	0.000151464983409	0.000236003578801	0.000500186689398	0.0126807893087	0.000211346488478	2.11346488478e-05	0.00151464983409	0	9.86283612898e-05	0.00057768040184	0.00043326030138	1.76122073732e-05	1.05673244239e-05	1.05673244239e-05	0.00203949361381	7.7493712442e-05	0.00111309150598	0.000218391371427	0.0141355576377	7.04488294927e-06	1.40897658985e-05	0.000176122073732	0.00136670729216	0.000612904816586	0.000236003578801	0	0	0.000651651672807	0.000162032307833	0.00377605726081	0.000292362642395	0.00246218659077	0.000785504448844	0.00306804652441	5.98815050688e-05	2.11346488478e-05	0.000380423679261	2.11346488478e-05	8.10161539166e-05	7.7493712442e-05	0.000348721705989	7.04488294927e-05	0
3.52244147463e-06	0.00342733555482	0	0	3.52244147463e-06	0	1.05673244239e-05	0	7.04488294927e-06	0.00129273602119	0	0.000626994582485	1.05673244239e-05	0.00597406074098	1.76122073732e-05	0	7.04488294927e-05	0	3.52244147463e-06	0	1.05673244239e-05	0	0.00177531050322	0	0.000154987424884	0.00893291157967	0.00043326030138	0.00485744679352	0	1.76122073732e-05	0	0	3.52244147463e-06	0	3.17019732717e-05	0	0.000211346488478	0	0	0	0	3.52244147463e-06	0	0	0	0	0.00115888324515	0	0.00157453133916	3.52244147463e-06	0	0	2.81795317971e-05	0	3.52244147463e-06	0	0	0	0	0	0.00175769829584	7.7493712442e-05	0.00014442010046	0	0	0	3.8746856221e-05	0	0	5.98815050688e-05	0	0.00148294786082	0.00019021183963	0	0	0	0.000838341070963	1.05673244239e-05	1.05673244239e-05	3.8746856221e-05	7.04488294927e-06	0	4.22692976956e-05	0.000228958695851
0.00240934996865	0.00667502659443	0.00827421502392	0	0.000711533177876	2.11346488478e-05	0.00159918842948	0.000285317759445	0.000535411104145	0.000250093344699	0.00138784194101	0.0094436655935	0.00357175565528	0.00311736070505	0.00451224752901	5.63590635942e-05	0.00014442010046	0.0120326600774	0.00321246662487	0.0160024516193	0.00368447378247	0.000461439833177	0.000302929966819	0.00174360852994	0.000461439833177	0.00043326030138	0.0743798741784	0.0218215249354	0.000274750435022	0.00692864238061	0.000426215418431	0.00326178080551	0.00024304846175	0.000366333913362	0.0105285775677	7.04488294927e-06	0.00614313793176	6.34039465434e-05	0	3.8746856221e-05	0	3.8746856221e-05	1.76122073732e-05	4.22692976956e-05	0.000225436254377	3.52244147463e-05	0.000574157960365	1.40897658985e-05	0.00160623331243	1.05673244239e-05	1.76122073732e-05	0.00024304846175	0.000662218997231	7.7493712442e-05	0.00134909508479	4.22692976956e-05	0.000116240568663	0.000179644515206	0.000112718127188	0.000239526020275	0.00396274665896	0.00742530662853	0.00807343585986	0.000355766588938	0	3.52244147463e-06	0.000348721705989	0	0	0.000246570903224	0.00753450231424	0.00944718803497	0.012155945529	0.00179996759354	3.52244147463e-05	1.40897658985e-05	0.000116240568663	0.00102150802764	0.000126807893087	0.000729145385249	0.000327587057141	0.000140897658985	1.05673244239e-05	7.04488294927e-06
0.000570635518891	0.0288593630017	0.0238469287833	0	0.000109195685714	1.05673244239e-05	7.7493712442e-05	0.000204301605529	7.7493712442e-05	0.00398035886634	0.000292362642395	0.000264183110598	0.000211346488478	0.00775641612715	0.000450872508753	3.8746856221e-05	0.00590361191149	0.00928867816861	3.52244147463e-05	0.00140897658985	0.00024304846175	0.000207824047003	0.0146392667686	0.0112224985382	0.00310679338063	0.00485744679352	0.0218215249354	0.105229416613	0.000239526020275	0.00102503046912	0.000394513445159	0.00091935722488	4.57917391703e-05	0.000211346488478	0.00127864625529	2.81795317971e-05	0.0164638914524	0.000686876087554	0	5.28366221195e-05	7.04488294927e-06	0.000193734281105	0.000102150802764	0.000218391371427	0.00057768040184	9.15834783405e-05	0.00125398916497	3.17019732717e-05	0.00483631214467	5.63590635942e-05	5.63590635942e-05	0.00953877151331	0.00449463532163	7.7493712442e-05	0.000464962274652	8.80610368659e-05	0.000264183110598	0.0142588430893	0.00756972672899	0.000581202843315	0.00768596729765	0.00524843779721	0.0232199342008	0.00053188866267	1.05673244239e-05	3.52244147463e-05	0.000553023311518	0	0	0.0011941076599	0.0082213784018	0.00639675371794	0.00184928177418	0.00326530324699	3.52244147463e-06	1.76122073732e-05	0.000147942541935	0.0036105025115	0.000207824047003	0.00259251692533	0.00077493712442	0.000457917391703	6.69263880181e-05	2.81795317971e-05
0.0062347214101	7.04488294927e-05	0.0024163948516	0	0.00978886485801	0.000250093344699	0.00108491197419	0.0342029067187	0.00392752224422	0.00374787772901	0.00542103742946	9.51059198151e-05	0.00179644515206	0	0.00856305522484	0.000972193846999	0.000482574482025	0.00133148287741	5.63590635942e-05	0.00014442010046	0.00325473592256	0.00423045221104	0.00107434464976	0.00685819355111	0.0202188140644	0	0.000274750435022	0.000239526020275	0.0659048799904	0.0140087497446	0.0148928825548	3.52244147463e-06	0.000693920970503	0.00823899060917	0.00661514508936	0	7.39712709673e-05	3.52244147463e-06	0	0.00182462468386	0	0.000422692976956	0.000218391371427	0.000324064615666	0.012839299175	0.000260660669123	0.000214868929953	0.000560068194467	0	6.34039465434e-05	0.000598815050688	0.000538933545619	3.52244147463e-05	3.17019732717e-05	7.04488294927e-05	0.000898222576032	1.40897658985e-05	0.000929924549304	4.57917391703e-05	0.0109090012469	7.04488294927e-06	5.98815050688e-05	0.000186689398156	0.00321598906634	0.00047905204055	0.000133852776036	0	0	0.000461439833177	0.000112718127188	0.00275454923316	0.000246570903224	0.00322655639077	0.00193734281105	0.00257490471796	7.7493712442e-05	2.46570903224e-05	0.00174008608847	3.8746856221e-05	0.000281795317971	0.000281795317971	0.00202188140644	0.000309974849768	0
0.020490042058	0.000126807893087	0.00586486505527	0	0.00667502659443	0.0016802045834	0.00548444137601	0.015896778375	0.00934503723221	0.000116240568663	0.0105743693069	0.00848908395387	0.0128216869677	0.000271227993547	0.035964127456	0.00125398916497	9.51059198151e-05	0.00332518475206	0.00171190655667	0.00293771618985	0.0145582506147	0.00730202117692	4.93141806449e-05	0.00995441960732	0.00806286853544	1.76122073732e-05	0.00692864238061	0.00102503046912	0.0140087497446	0.0718648509655	0.0177566274736	0.000489619364974	0.00699204632715	0.0178024192128	0.028683240928	0	7.39712709673e-05	0	0	8.10161539166e-05	0	0.000750280034097	4.22692976956e-05	6.69263880181e-05	0.000493141806449	2.81795317971e-05	4.93141806449e-05	6.69263880181e-05	0	3.52244147463e-06	0.000933446990778	4.57917391703e-05	3.52244147463e-06	3.8746856221e-05	0	0.000109195685714	1.40897658985e-05	8.10161539166e-05	6.34039465434e-05	0.00024304846175	5.63590635942e-05	8.80610368659e-05	0.000147942541935	0.000112718127188	7.04488294927e-06	1.40897658985e-05	0	0	7.04488294927e-06	3.17019732717e-05	0.00657639823314	0.000813683980641	0.0213178158045	0.00452281485343	0.00119058521843	0.000725622943775	0.000232481137326	0.00112013638893	3.52244147463e-05	6.34039465434e-05	2.81795317971e-05	0.0012222871917	4.57917391703e-05	0
0.0101833783032	1.05673244239e-05	0.0050969728138	0	0.000401558328108	7.04488294927e-06	3.52244147463e-05	0.0105003980359	0.000880610368659	0.000380423679261	0.000859475719811	2.11346488478e-05	0.000151464983409	0	0.00644959034006	0.000320542174192	9.86283612898e-05	0.00650947184513	2.46570903224e-05	0.000183166956681	0.000366333913362	0.0195213706524	0.00024304846175	0.0181546633603	0.00324416859814	0	0.000426215418431	0.000394513445159	0.0148928825548	0.0177566274736	0.0534460044946	0	8.80610368659e-05	0.00511458502117	0.00629812535665	0	1.05673244239e-05	0	0	1.05673244239e-05	0	1.40897658985e-05	1.76122073732e-05	8.45385953912e-05	0.000862998161286	7.04488294927e-06	3.52244147463e-06	3.52244147463e-06	0	2.11346488478e-05	1.05673244239e-05	0.000218391371427	1.05673244239e-05	0	0	1.05673244239e-05	7.04488294927e-06	0.000162032307833	3.52244147463e-05	0.000232481137326	0	3.52244147463e-05	7.39712709673e-05	0.000193734281105	7.04488294927e-06	4.22692976956e-05	0	0	7.04488294927e-06	0	0.00076789224147	5.28366221195e-05	0.00375492261196	0.00117297301105	8.80610368659e-05	2.11346488478e-05	1.76122073732e-05	0.000274750435022	3.17019732717e-05	1.05673244239e-05	1.76122073732e-05	0.000158509866359	1.40897658985e-05	0
4.93141806449e-05	3.52244147463e-06	0	0	4.93141806449e-05	0	0.000151464983409	7.04488294927e-06	0.000154987424884	0	7.04488294927e-06	0.00106025488387	0.000218391371427	0.00176826562027	0.000472007157601	0	0	0	0	3.52244147463e-06	0.00019725672258	0	3.52244147463e-06	1.40897658985e-05	0	0	0.00326178080551	0.00091935722488	3.52244147463e-06	0.000489619364974	0	0.00392752224422	9.51059198151e-05	3.52244147463e-06	0.000517798896771	0	3.52244147463e-06	0	0	0	0	0	0	0	3.52244147463e-06	0	0	0	3.17019732717e-05	0	0	0	0	0	0	0	0	0	0	0	3.52244147463e-05	0	3.52244147463e-06	3.52244147463e-06	0	0	0	0	0	0	0.00028884020092	0.000922879666354	0.000651651672807	3.8746856221e-05	0	0	4.93141806449e-05	0	0	0	0	0	0	3.52244147463e-06
0.000324064615666	2.11346488478e-05	5.28366221195e-05	0	0.000591770167739	0.00228606451704	0.000493141806449	0.000729145385249	0.00266296575482	2.11346488478e-05	0.00082072886359	0.000489619364974	0.00131387067004	0.000116240568663	0.00340972334745	0.000313497291243	1.05673244239e-05	4.93141806449e-05	1.40897658985e-05	3.17019732717e-05	0.00141954391428	4.57917391703e-05	1.40897658985e-05	0.000105673244239	0.00077493712442	3.52244147463e-06	0.00024304846175	4.57917391703e-05	0.000693920970503	0.00699204632715	8.80610368659e-05	9.51059198151e-05	0.00976773020916	0.00155339669031	0.00575919181103	0	7.04488294927e-06	0	0	2.81795317971e-05	0	0.000102150802764	3.52244147463e-06	0	4.22692976956e-05	7.04488294927e-06	1.05673244239e-05	1.05673244239e-05	0	0	0.000126807893087	1.40897658985e-05	3.52244147463e-06	1.05673244239e-05	0	2.81795317971e-05	1.05673244239e-05	0	3.52244147463e-06	3.8746856221e-05	0	7.04488294927e-06	3.52244147463e-06	1.76122073732e-05	0	0	0	0	0	7.04488294927e-06	0.00105321000092	0.000183166956681	0.00347312729399	0.00109547929861	0.000898222576032	0.00139840926543	4.93141806449e-05	0.000137375217511	1.05673244239e-05	1.40897658985e-05	0	0.000162032307833	0	0
0.00118354033548	6.69263880181e-05	0.000186689398156	0	0.00259251692533	2.81795317971e-05	0.000496664247924	0.00910903365341	0.00178235538617	0	0.00633687221287	0.000172599632257	0.0014582907705	0	0.00642845569121	0.000281795317971	1.40897658985e-05	9.86283612898e-05	5.63590635942e-05	0.000193734281105	0.00346960485252	0.00113422615483	3.52244147463e-06	0.000810161539166	0.00464257786357	0	0.000366333913362	0.000211346488478	0.00823899060917	0.0178024192128	0.00511458502117	3.52244147463e-06	0.00155339669031	0.0185914461031	0.00893291157967	0	5.63590635942e-05	0	0	5.98815050688e-05	0	0.000390991003684	1.76122073732e-05	1.76122073732e-05	0.000200779164054	2.11346488478e-05	3.52244147463e-05	5.28366221195e-05	0	3.52244147463e-06	0.000493141806449	3.52244147463e-06	0	2.81795317971e-05	0	9.15834783405e-05	0	1.76122073732e-05	1.40897658985e-05	0.000130330334561	1.05673244239e-05	1.05673244239e-05	7.7493712442e-05	1.40897658985e-05	0	3.52244147463e-06	0	0	0	2.11346488478e-05	0.00174008608847	0.000250093344699	0.0050406137502	0.00198665699169	5.28366221195e-05	7.04488294927e-06	0.000112718127188	0.000528366221195	3.52244147463e-06	3.8746856221e-05	1.40897658985e-05	0.000693920970503	3.17019732717e-05	0
