0.00823687982713	0	0	0	0	0	0	0.00103763291329	0.000117669711816	0	0	0	0	0	0.00367985280589	0	0	0	0	0	0	0	0	2.13944930575e-05	0.000181853190989	0	0	0	0.000984146680644	0.00673926531311	0.00559465993453	0	0	0.000759504503541	0.00017115594446	0	0	0	0	0	0	0	0	0	0	0	0	0	0	0	0	0	0	0	0	0	0	0	0	0	0	0	0	0	0	0	0	0	0	0	0	0	0	0	0	0	0	0	0	0	0	0	0	0
0	0.0374296656041	0.000738110010483	0	0	0	0	0	0	0.00679275154575	0	0	0	8.55779722299e-05	0	0	0.000641834791725	4.2788986115e-05	0	0	0	0	0.0105795768169	4.2788986115e-05	0.00140133929527	0.00200038510088	0.00858988896258	0.0341563081663	0	0	0	0	0	0	4.2788986115e-05	0	0.018067649387	0	0	0	0	0	0	0	0	0	0	0	0	0	0	0	0.00136924755568	0	0.0010804218994	0	5.34862326437e-05	0.00555187094842	0	0	6.41834791725e-05	0.00119809161122	0.0226032819152	0	0	0	0	0	0	0	0	0	0.00017115594446	8.55779722299e-05	1.06972465287e-05	0	0	0.000106972465287	2.13944930575e-05	0.00017115594446	0.000213944930575	0	0	0
0	0.000738110010483	0.0328405468432	0	0	0	0	0.000417192614621	0.000374403628506	0	0	3.20917395862e-05	6.41834791725e-05	0	0.00034231188892	0	0	0.0163239982029	0	3.20917395862e-05	0	0.00133715581609	0.000759504503541	0.0106865492822	0	0	0.0129436682998	0.0141310626645	0.00111251363899	4.2788986115e-05	0.000727412763955	0	0	0	0.000235339423632	0	0.00121948610428	0	0	0	0	0	0	0	0	0	0	0	0	0	0	0.0016366787189	0.000117669711816	0	0.000106972465287	0	4.2788986115e-05	0.00101623842023	0.00296313728846	0	0	0.00051346783338	0.00466399948653	1.06972465287e-05	0	4.2788986115e-05	0	0	0	5.34862326437e-05	0.000534862326437	3.20917395862e-05	0.00492073340322	0.00181853190989	0.000224642177104	1.06972465287e-05	1.06972465287e-05	0.000310220149334	0	0.00134785306262	0.00124088059733	0	0	0
0	0	0	0	0	0	0	0	0	0	0	0	0	0	0	0	0	0	0	0	0	0	0	0	0	0	0	0	0	0	0	0	0	0	0	0	0	0	0	0	0	0	0	0	0	0	0	0	0	0	0	0	0	0	0	0	0	0	0	0	0	0	0	0	0	0	0	0	0	0	0	0	0	0	0	0	0	0	0	0	0	0	0	0
0	0	0	0	0.0190838878073	0	0.00185062364947	0.00166877045848	0.00150831176055	0.00231060525021	0.000973449434116	0.000128366958345	0.00701739372286	0	0.00267431163219	0.00077020175007	0	0	7.48807257012e-05	4.2788986115e-05	0.0096382191224	0	0	0	0.00906056780985	0	3.20917395862e-05	0	0.00458911876083	0.00181853190989	0	0	0.00017115594446	0.000128366958345	0.000395798121564	0	0	0	0	0.00488864166364	0	4.2788986115e-05	0	1.06972465287e-05	0.00466399948653	0.00197899060782	0	0.00524165079908	0	1.06972465287e-05	1.06972465287e-05	0	0	0	0	0.00796944866391	0	0	0	0.00440726556984	0	0	0	0.00103763291329	1.06972465287e-05	0	0	0	0	0	0.000139064204874	0	0.000213944930575	1.06972465287e-05	0.000727412763955	0	0	0	0	0	0	0	0	0
0	0	0	0	0	0.00376543077812	0.00170086219807	0	2.13944930575e-05	0	0	0.000139064204874	0	0.000139064204874	0	0.00135855030915	0	0	0	0	0	0	0	3.20917395862e-05	0.000299522902805	0	0	0	6.41834791725e-05	4.2788986115e-05	0	0	0.0020859630731	5.34862326437e-05	0.000802293489656	0	0	0	0	1.06972465287e-05	0	0	0	0	0	1.06972465287e-05	0	0	0	0	0	0	0	0	0	0	1.06972465287e-05	0	1.06972465287e-05	0	0	0	0	0	0	0	0	0	0	0	0.000556256819495	0	0.000288825656276	8.55779722299e-05	0.00175434843071	0.000395798121564	1.06972465287e-05	1.06972465287e-05	0	0	0	0	0	0
0	0	0	0	0.00185062364947	0.00170086219807	0.0254166577523	0.00547699022272	0.0132752829422	0	0.0112748978413	0.000566954066023	0.00471748571918	0.000673926531311	0.00453563252819	0.00329475193085	0	0	0	0	0.00361566932672	0	0	0	0.000919963201472	1.06972465287e-05	0	0	0.000267431163219	0.00317708221904	0	0	0.00228921075715	7.48807257012e-05	0.00136924755568	0	0	0	0	1.06972465287e-05	0	0	0	0	0	1.06972465287e-05	0	0	0	0	0	0	0	0	0	0	0	0	0	0	0	0	0	0	0	0	0	0	0	0	0.00189341263559	0	0.00154040350014	6.41834791725e-05	0.00172225669113	0.000727412763955	0	1.06972465287e-05	0	0	0	0	0	0
0.00103763291329	0	0.000417192614621	0	0.00166877045848	0	0.00547699022272	0.0674889283498	0.0160351725466	0.000631137545196	0.0130720352581	0.00185062364947	0.000288825656276	0.000331614642391	0.0151366038382	0.000481376093793	0	0.000909265954943	0.00177574292377	0.00103763291329	0.000353009135449	0.00936009071265	0	0.0116706959629	0.0032733574378	1.06972465287e-05	0.00120878885775	1.06972465287e-05	0.0318350056695	0.0133608609144	0.0234376671445	0	0.000577651312552	0.00897498983762	0.00678205429922	0	0	0	0	0.00173295393766	0	0	0	0	0.00696390749021	0.00588348559081	1.06972465287e-05	0.00331614642391	0	0	0	0	0	0	0	0.00704948546244	0	0	0	0.0077020175007	1.06972465287e-05	0	0	0.000502770586851	0	0	0	0	0	4.2788986115e-05	7.48807257012e-05	6.41834791725e-05	0.00468539397959	0.000481376093793	0	9.62752187587e-05	1.06972465287e-05	4.2788986115e-05	2.13944930575e-05	4.2788986115e-05	0	0	0	3.20917395862e-05
0.000117669711816	0	0.000374403628506	0	0.00150831176055	2.13944930575e-05	0.0132752829422	0.0160351725466	0.0371515371943	0	0.016570034873	2.13944930575e-05	0.00266361438566	0	0.016933741255	0.00120878885775	0	0.000919963201472	0	2.13944930575e-05	0.00401146744828	0.000449284354207	0	0.00403286194134	0.000363706381977	0	0.000299522902805	0	0.00701739372286	0.00407565092745	0.00492073340322	0	0.00042788986115	0.000706018270897	0.000994843927173	0	0	0	0	0	0	0	0	0	0	0	0	0	0	0	0	0	0	0	0	0	0	0	0	0	0	0	0	0	0	0	0	0	0	0	0.000973449434116	0	0.00127297233692	2.13944930575e-05	0.000588348559081	0	0	0	0	0	0	0	0	0
0	0.00679275154575	0	0	0.00231060525021	0	0	0.000631137545196	0	0.0307759782632	0.000556256819495	0	0.00136924755568	9.62752187587e-05	2.13944930575e-05	3.20917395862e-05	0.00283477033012	0	0	0	0.00137994480221	0	0.0087075586744	0	0.0173295393766	0.0010055411737	7.48807257012e-05	0.00534862326437	0.00564814616718	0.00128366958345	1.06972465287e-05	0	2.13944930575e-05	8.55779722299e-05	0.00118739436469	0	1.06972465287e-05	0	0	0.00471748571918	0	0	0	0	0.0150082368798	0.000449284354207	0.000492073340322	0.00354078860101	0	0	0	2.13944930575e-05	0	0	0	0.00369055005242	4.2788986115e-05	0	0	0.0129650627928	5.34862326437e-05	0	0	0.00251385293425	4.2788986115e-05	0	0	0	0	0.00106972465287	0.000203247684046	5.34862326437e-05	0.000181853190989	0.000128366958345	0.00105902740635	1.06972465287e-05	1.06972465287e-05	0.000577651312552	0.000631137545196	0.000909265954943	0.000246036670161	0	0.000117669711816	0.000246036670161
0	0	0	0	0.000973449434116	0	0.0112748978413	0.0130720352581	0.016570034873	0.000556256819495	0.0306476113049	0.000738110010483	0.0027171006183	2.13944930575e-05	0.00577651312552	0.000973449434116	0	1.06972465287e-05	0.000502770586851	6.41834791725e-05	0.00227851351062	0	0	1.06972465287e-05	0.000802293489656	0	0.000213944930575	0	0.00841873301812	0.00223572452451	1.06972465287e-05	0	0.000459981600736	0.000267431163219	0.00141203654179	5.34862326437e-05	0	0	0	0.0010055411737	0	9.62752187587e-05	0	0.000106972465287	0.000962752187587	0.00111251363899	0.000288825656276	0.00197899060782	6.41834791725e-05	0.000149761451402	0	0	0	0.000139064204874	3.20917395862e-05	0.00145482552791	0	0	0	0.000962752187587	0	5.34862326437e-05	0	5.34862326437e-05	0.000246036670161	0	2.13944930575e-05	0	0	0.000203247684046	2.13944930575e-05	0	0.000149761451402	0	0	0	0	0	0	0.000213944930575	0	0	0	0
0	0	3.20917395862e-05	0	0.000128366958345	0.000139064204874	0.000566954066023	0.00185062364947	2.13944930575e-05	0	0.000738110010483	0.0230204745299	0	0.00892150360497	0.00134785306262	0.000641834791725	1.06972465287e-05	0.00025673391669	0.00422541237885	0.00656810936865	1.06972465287e-05	2.13944930575e-05	0	0.00017115594446	0.000288825656276	0.000192550437517	0.00495282514281	0.000192550437517	0.00308080700028	0.00779829271945	6.41834791725e-05	0.00120878885775	0.00229990800368	0.000984146680644	0.0144305855673	0	0	0	0	0	0	0	0	0	2.13944930575e-05	0	0.000566954066023	0	0.000748807257012	0	0	0	0	0	0	0	0	0	1.06972465287e-05	2.13944930575e-05	2.13944930575e-05	0.000117669711816	0.000213944930575	2.13944930575e-05	0	0	2.13944930575e-05	0	0	2.13944930575e-05	0.000855779722299	0.00129436682998	0.00476027470529	0.000246036670161	0	0	2.13944930575e-05	6.41834791725e-05	0.000930660448001	2.13944930575e-05	0	0	0	0.000331614642391
0	0	6.41834791725e-05	0	0.00701739372286	0	0.00471748571918	0.000288825656276	0.00266361438566	0.00136924755568	0.0027171006183	0	0.0265398686378	0	0.0043537793372	0.0015617979932	0.000224642177104	5.34862326437e-05	0	1.06972465287e-05	0.013778053529	0.000310220149334	1.06972465287e-05	0.000502770586851	0.00359427483366	0	4.2788986115e-05	0.000106972465287	0.000706018270897	0.00263152264607	0	0	0.000310220149334	0	0.000160458697931	0.000331614642391	0	0	0	0.000470678847265	0	0.00446075180249	0	0.00280267859053	0.00025673391669	0.00671787082005	0.00274919235789	0.00838664127853	0.000385100875035	0.00309150424681	3.20917395862e-05	1.06972465287e-05	0	0.000973449434116	0.000235339423632	0.000566954066023	0	1.06972465287e-05	0.000288825656276	0.00017115594446	0	0.000213944930575	1.06972465287e-05	0.000106972465287	0.00197899060782	0	0.000203247684046	0	0	0.00196829336129	0.00118739436469	1.06972465287e-05	0.000320917395862	0.00017115594446	0.0010804218994	0	0	0.000149761451402	2.13944930575e-05	0.00203247684046	0	0	0	1.06972465287e-05
0	8.55779722299e-05	0	0	0	0.000139064204874	0.000673926531311	0.000331614642391	0	9.62752187587e-05	2.13944930575e-05	0.00892150360497	0	0.0263687126934	0.00159388973278	0.000780898996598	1.06972465287e-05	9.62752187587e-05	7.48807257012e-05	7.48807257012e-05	0	0	6.41834791725e-05	4.2788986115e-05	2.13944930575e-05	0.00902847607026	0.00967031086198	0.00733831111872	0.000406495368092	0.00484585267752	0	0.00754155880276	0.00220363278492	0.000160458697931	0.0061402195075	0	0	0	0	1.06972465287e-05	0	0	0	4.2788986115e-05	0	2.13944930575e-05	0.0052095590595	0	0.00744528358401	0.000374403628506	0	0	0	0	0	2.13944930575e-05	1.06972465287e-05	0	0	1.06972465287e-05	0.00316638497251	0.0032733574378	0.000224642177104	0	0.000566954066023	0	0.000556256819495	0	0	0.000780898996598	0.00109111914593	0.00196829336129	0.00165807321196	0.000235339423632	1.06972465287e-05	0	0.000577651312552	6.41834791725e-05	0.00623649472626	0.000855779722299	1.06972465287e-05	0	0	0.00236409148285
0.00367985280589	0	0.00034231188892	0	0.00267431163219	0	0.00453563252819	0.0151366038382	0.016933741255	2.13944930575e-05	0.00577651312552	0.00134785306262	0.0043537793372	0.00159388973278	0.0478701782161	0.000492073340322	3.20917395862e-05	0.00134785306262	0	3.20917395862e-05	0.00574442138594	0.00157249523973	0	0.00653601762906	0.00143343103485	0	0.000288825656276	1.06972465287e-05	0.00880383389316	0.0224535204638	0.019340621724	0	0.00343381613573	0.0042788986115	0.0047281829657	0	0	0	0	6.41834791725e-05	0	0	0	0	7.48807257012e-05	7.48807257012e-05	0	3.20917395862e-05	0	0	0	0	0	0	0	3.20917395862e-05	0	0	0	0.000224642177104	0	0	0	0.000149761451402	0	0	0	0	0	0	0.00102693566676	0	0.00265291713913	0.000898568708414	0.000320917395862	0.000620440298667	0.000160458697931	6.41834791725e-05	0	0	0	0	0	0
0	0	0	0	0.00077020175007	0.00135855030915	0.00329475193085	0.000481376093793	0.00120878885775	3.20917395862e-05	0.000973449434116	0.000641834791725	0.0015617979932	0.000780898996598	0.000492073340322	0.00764853126805	0	0	0	0	0.000941357694529	0	0	4.2788986115e-05	0.00224642177104	0	0	0	0.000139064204874	0.00116599987163	0	0	0.000641834791725	5.34862326437e-05	0.00103763291329	0	0	0	0	6.41834791725e-05	0	0	0	0	7.48807257012e-05	2.13944930575e-05	0	3.20917395862e-05	0	0	0	0	0	0	0	7.48807257012e-05	0	0	0	7.48807257012e-05	0	0	0	4.2788986115e-05	0	0	0	0	0	0	0.000706018270897	0	0.000449284354207	9.62752187587e-05	0.00353009135449	0.000203247684046	0	1.06972465287e-05	0	0	0	0	0	0
0	0.000641834791725	0	0	0	0	0	0	0	0.00283477033012	0	1.06972465287e-05	0.000224642177104	1.06972465287e-05	3.20917395862e-05	0	0.0386598489549	1.06972465287e-05	0	5.34862326437e-05	0	0.00212875205922	0.0256412999294	0.00443935730943	0.0181104383732	0	0.000160458697931	0.00656810936865	0.00744528358401	0.000128366958345	0.000117669711816	0	3.20917395862e-05	1.06972465287e-05	0.00197899060782	0	0	0	0	1.06972465287e-05	0	0	0	0	0.00965961361546	0	0	0	0	0	0	0.00831176055283	0	0	0	0	0.000823687982713	0.013392952654	0.00678205429922	0.0097879805738	0	0	0.000374403628506	0.00330544917738	0	0	0	0	0	2.13944930575e-05	0.00301662352111	0.000224642177104	0.000952054941058	0.000919963201472	5.34862326437e-05	3.20917395862e-05	3.20917395862e-05	0.000823687982713	4.2788986115e-05	0.00034231188892	0.000278128409747	0	9.62752187587e-05	0
0	4.2788986115e-05	0.0163239982029	0	0	0	0	0.000909265954943	0.000919963201472	0	1.06972465287e-05	0.00025673391669	5.34862326437e-05	9.62752187587e-05	0.00134785306262	0	1.06972465287e-05	0.0435057016324	3.20917395862e-05	0.00449284354207	0	0.000492073340322	0	0.0131148242442	0	0	0.0229883827903	0.0119274298795	0.000930660448001	0.00157249523973	0.00433238484414	0	0	0	0.00781968721251	0	1.06972465287e-05	0	0	0	0	0	0	0	0	0	0	0	0	0	0	1.06972465287e-05	7.48807257012e-05	0	0.000192550437517	0	1.06972465287e-05	0	0.000149761451402	0	0	0.00109111914593	0.00232130249674	0	0	0	0	0	0	0	0.00121948610428	0.000139064204874	0.00493143064975	0.000845082475771	6.41834791725e-05	0	1.06972465287e-05	0.000320917395862	0	0.00111251363899	0.00114460537858	0	0	0
0	0	0	0	7.48807257012e-05	0	0	0.00177574292377	0	0	0.000502770586851	0.00422541237885	0	7.48807257012e-05	0	0	0	3.20917395862e-05	0.00977728332727	0.00347660512184	0	0	0	6.41834791725e-05	0.000288825656276	0	0.00617231124709	0.000855779722299	0.0025673391669	0.00280267859053	0	0	0	0.000973449434116	0.00373333903853	0	0	0	0	0	0	0	0	0	3.20917395862e-05	0	0	0	0	0	0	1.06972465287e-05	0	0	3.20917395862e-05	0	0	0	0.000117669711816	4.2788986115e-05	0	0.000417192614621	0.000406495368092	3.20917395862e-05	0	0	0	0	0	0	0.00216084379881	0.00179713741683	0.0034979996149	0.000299522902805	0	0	1.06972465287e-05	0.000149761451402	2.13944930575e-05	2.13944930575e-05	0	0	0	0
0	0	3.20917395862e-05	0	4.2788986115e-05	0	0	0.00103763291329	2.13944930575e-05	0	6.41834791725e-05	0.00656810936865	1.06972465287e-05	7.48807257012e-05	3.20917395862e-05	0	5.34862326437e-05	0.00449284354207	0.00347660512184	0.0223037590124	0	7.48807257012e-05	0	0.000470678847265	0.000267431163219	4.2788986115e-05	0.0125585674247	0.00113390813205	0.00144412828138	0.00146552277444	6.41834791725e-05	0	0	0.000823687982713	0.0112107143621	0	0	0	0	0	0	0	0	0	2.13944930575e-05	0	0	0	0	0	0	1.06972465287e-05	0	0	0.000128366958345	0	1.06972465287e-05	0	0.00059904580561	3.20917395862e-05	4.2788986115e-05	0.00059904580561	0.001861320896	2.13944930575e-05	0	0	0	0	0	0	0.00408634817398	0.00213944930575	0.00524165079908	0.000652532038253	0	0	0	0.000620440298667	2.13944930575e-05	0.000320917395862	0.000331614642391	0	0	0
0	0	0	0	0.0096382191224	0	0.00361566932672	0.000353009135449	0.00401146744828	0.00137994480221	0.00227851351062	1.06972465287e-05	0.013778053529	0	0.00574442138594	0.000941357694529	0	0	0	0	0.0185490254808	0	0	0	0.00446075180249	0	0	0	0.00143343103485	0.00282407308359	0	0	0.000320917395862	0	4.2788986115e-05	5.34862326437e-05	0	0	0	0.000620440298667	0	0.00103763291329	0	0.000952054941058	0.000909265954943	0.00191480712865	0.000524165079908	0.00216084379881	3.20917395862e-05	0.000994843927173	0	0	0	0.000203247684046	3.20917395862e-05	0.00102693566676	0	0	0	0.000791596243127	0	2.13944930575e-05	0	0.000470678847265	0.00042788986115	0	2.13944930575e-05	0	0	0.000545559572966	0.000128366958345	0	0	0	0.000812990736185	0	0	0	2.13944930575e-05	0.000310220149334	0	0	0	1.06972465287e-05
0	0	0.00133715581609	0	0	0	0	0.00936009071265	0.000449284354207	0	0	2.13944930575e-05	0.000310220149334	0	0.00157249523973	0	0.00212875205922	0.000492073340322	0	7.48807257012e-05	0	0.0462121050042	0.00257803641343	0.0260157035579	0.000310220149334	0	0.000374403628506	0.000128366958345	0.0138101452686	0.00243897220855	0.0214800710297	0	0	0.0024175777155	0.00511328384074	0	0	0	0	3.20917395862e-05	0	0	0	0	0.00059904580561	0	0	0	0	0	0	0.00317708221904	0	0	0	0	0.000534862326437	0.0032733574378	0	0.0027171006183	0	0	1.06972465287e-05	0.000459981600736	0	0	0	0	0	0	0.00310220149334	0.000181853190989	0.00447144904901	0.00232130249674	0.000524165079908	0.000106972465287	0	3.20917395862e-05	0	0	0	0	0	0
0	0.0105795768169	0.000759504503541	0	0	0	0	0	0	0.0087075586744	0	0	1.06972465287e-05	6.41834791725e-05	0	0	0.0256412999294	0	0	0	0	0.00257803641343	0.0609422134743	0.00895359534456	0.014345007595	0.00103763291329	6.41834791725e-05	0.0283797950408	0.00159388973278	0	0	0	0	0	1.06972465287e-05	0	3.20917395862e-05	0	0	0	0	0	0	0	0.00762713677499	0	0	0	0	0	0	0.0215442545089	0	0	0	0	0.00017115594446	0.028283519822	0.00654671487559	0.0104833015982	0	0	0.00853640272994	0.00267431163219	0	0	0	0	0	2.13944930575e-05	2.13944930575e-05	1.06972465287e-05	0	0	0	0	0	0.000267431163219	1.06972465287e-05	0.000139064204874	0.000106972465287	0	2.13944930575e-05	0
2.13944930575e-05	4.2788986115e-05	0.0106865492822	0	0	3.20917395862e-05	0	0.0116706959629	0.00403286194134	0	1.06972465287e-05	0.00017115594446	0.000502770586851	4.2788986115e-05	0.00653601762906	4.2788986115e-05	0.00443935730943	0.0131148242442	6.41834791725e-05	0.000470678847265	0	0.0260157035579	0.00895359534456	0.086166320789	0.000438587107678	0	0.00419332063927	0.0102800539141	0.00810851286879	0.00238548597591	0.020271282172	0	0	0.000962752187587	0.00640765067072	0	1.06972465287e-05	0	0	4.2788986115e-05	0	0	0	0	0.000492073340322	1.06972465287e-05	0	0	0	0	0	0.00923172375431	2.13944930575e-05	0	2.13944930575e-05	1.06972465287e-05	0.000492073340322	0.0106972465287	0.0117883656747	0.00348730236837	0	2.13944930575e-05	0.00590488008387	0.000438587107678	0	0	0	0	0	0	0.00742388909095	0.000278128409747	0.0170300164738	0.00574442138594	0.00200038510088	0.000385100875035	0.000128366958345	0.00111251363899	0	0.00119809161122	0.000470678847265	0	0	0
0.000181853190989	0.00140133929527	0	0	0.00906056780985	0.000299522902805	0.000919963201472	0.0032733574378	0.000363706381977	0.0173295393766	0.000802293489656	0.000288825656276	0.00359427483366	2.13944930575e-05	0.00143343103485	0.00224642177104	0.0181104383732	0	0.000288825656276	0.000267431163219	0.00446075180249	0.000310220149334	0.014345007595	0.000438587107678	0.0707408912946	0	0.000213944930575	0.00282407308359	0.0295564921589	0.00713506343467	0.00308080700028	0	0.000417192614621	0.00635416443807	0.00926381549389	0	0	0	0	0.00669647632699	0	0	0	0	0.0335679596072	0.00354078860101	1.06972465287e-05	0.00452493528166	0	0	4.2788986115e-05	0.000363706381977	0	0	0	0.00764853126805	0.000438587107678	0.000449284354207	0	0.0299201985409	1.06972465287e-05	7.48807257012e-05	7.48807257012e-05	0.00891080635844	0	0	0	0	0	4.2788986115e-05	0.00439656832331	9.62752187587e-05	0.00473888021223	0.00324126569821	0.00433238484414	0.000288825656276	3.20917395862e-05	0.00237478872938	0.000160458697931	0.000406495368092	0.000320917395862	0	0.000128366958345	1.06972465287e-05
0	0.00200038510088	0	0	0	0	1.06972465287e-05	1.06972465287e-05	0	0.0010055411737	0	0.000192550437517	0	0.00902847607026	0	0	0	0	0	4.2788986115e-05	0	0	0.00103763291329	0	0	0.0163988789286	0.00945636593141	0.0112962923344	0	8.55779722299e-05	0	0.00511328384074	0	0	9.62752187587e-05	0	0.00131576132304	0	0	1.06972465287e-05	0	0	0	4.2788986115e-05	0	4.2788986115e-05	0.00284546757665	0	0.00593697182345	0.000353009135449	0	0	0	0	3.20917395862e-05	4.2788986115e-05	0	0	0	1.06972465287e-05	0.00622579747973	0.00166877045848	0.00273849511136	0	0.000556256819495	0	0.000246036670161	0	0	0.000812990736185	1.06972465287e-05	0.000117669711816	2.13944930575e-05	0	0	0	0.000417192614621	1.06972465287e-05	0.00380821976423	0.000919963201472	0	0	0	0.00154040350014
0	0.00858988896258	0.0129436682998	0	3.20917395862e-05	0	0	0.00120878885775	0.000299522902805	7.48807257012e-05	0.000213944930575	0.00495282514281	4.2788986115e-05	0.00967031086198	0.000288825656276	0	0.000160458697931	0.0229883827903	0.00617231124709	0.0125585674247	0	0.000374403628506	6.41834791725e-05	0.00419332063927	0.000213944930575	0.00945636593141	0.106298538756	0.0551977920883	0.0016366787189	0.00157249523973	0.000417192614621	0.00820478808755	0	0.000588348559081	0.0063648616846	0	0.0165807321196	0	0	0	0	0	0	2.13944930575e-05	7.48807257012e-05	0	0.00244966945508	0	0.00667508183394	7.48807257012e-05	0	7.48807257012e-05	0.00382961425729	1.06972465287e-05	0.00348730236837	0	0.00017115594446	3.20917395862e-05	0.000620440298667	0.000128366958345	0.00542350399007	0.0109432831989	0.0253417770266	5.34862326437e-05	8.55779722299e-05	1.06972465287e-05	0.00114460537858	0	0	8.55779722299e-05	0.00824757707366	0.00564814616718	0.00592627457692	0.00118739436469	1.06972465287e-05	0	6.41834791725e-05	0.00259943090648	0.00413983440662	0.0011553026251	0.00112321088552	0	0	0.000278128409747
0	0.0341563081663	0.0141310626645	0	0	0	0	1.06972465287e-05	0	0.00534862326437	0	0.000192550437517	0.000106972465287	0.00733831111872	1.06972465287e-05	0	0.00656810936865	0.0119274298795	0.000855779722299	0.00113390813205	0	0.000128366958345	0.0283797950408	0.0102800539141	0.00282407308359	0.0112962923344	0.0551977920883	0.131918444192	8.55779722299e-05	0.000117669711816	0.000139064204874	0.00554117370189	0	0.00017115594446	0.000588348559081	0	0.028465373013	0	0	0	0	0	0	2.13944930575e-05	5.34862326437e-05	0	0.0010055411737	0	0.00514537558033	7.48807257012e-05	0	0.0132645856956	0.00448214629554	1.06972465287e-05	0.00346590787531	0	0.000203247684046	0.0201322179671	0.012077191331	7.48807257012e-05	0.00560535718106	0.00883592563274	0.0509937742025	3.20917395862e-05	8.55779722299e-05	5.34862326437e-05	0.000759504503541	0	0	0.000139064204874	0.00251385293425	0.000609743052138	0.0053593205109	0.00159388973278	0.000149761451402	0	6.41834791725e-05	0.00290965105582	0.00197899060782	0.0017864401703	0.00142273378832	0	0	0.00017115594446
0.000984146680644	0	0.00111251363899	0	0.00458911876083	6.41834791725e-05	0.000267431163219	0.0318350056695	0.00701739372286	0.00564814616718	0.00841873301812	0.00308080700028	0.000706018270897	0.000406495368092	0.00880383389316	0.000139064204874	0.00744528358401	0.000930660448001	0.0025673391669	0.00144412828138	0.00143343103485	0.0138101452686	0.00159388973278	0.00810851286879	0.0295564921589	0	0.0016366787189	8.55779722299e-05	0.106052502086	0.0282193363428	0.0244111165786	1.06972465287e-05	0.000962752187587	0.0205921995678	0.0289574463533	0	0	0	0	0.00869686142787	0	0	0	0	0.0238441625126	0.0081513018549	1.06972465287e-05	0.00522025630603	0	0	0	0.000331614642391	0	0	0	0.0130506407651	0.000545559572966	0.000320917395862	0	0.0220791168353	1.06972465287e-05	7.48807257012e-05	7.48807257012e-05	0.0059904580561	0	0	0	0	0	9.62752187587e-05	0.00615091675403	0.000203247684046	0.0161421450119	0.00576581587899	0.000566954066023	0.000545559572966	2.13944930575e-05	0.00217154104533	0.000160458697931	0.000353009135449	0.000235339423632	0	0.000117669711816	4.2788986115e-05
0.00673926531311	0	4.2788986115e-05	0	0.00181853190989	4.2788986115e-05	0.00317708221904	0.0133608609144	0.00407565092745	0.00128366958345	0.00223572452451	0.00779829271945	0.00263152264607	0.00484585267752	0.0224535204638	0.00116599987163	0.000128366958345	0.00157249523973	0.00280267859053	0.00146552277444	0.00282407308359	0.00243897220855	0	0.00238548597591	0.00713506343467	8.55779722299e-05	0.00157249523973	0.000117669711816	0.0282193363428	0.0739714597463	0.0226674653944	0	0.00381891701076	0.0261226760232	0.0338567852635	0	0	0	0	9.62752187587e-05	0	1.06972465287e-05	0	1.06972465287e-05	0.00194689886823	0.000106972465287	0.000834385229242	9.62752187587e-05	1.06972465287e-05	1.06972465287e-05	0	0	0	0	1.06972465287e-05	3.20917395862e-05	1.06972465287e-05	0	0	0.00297383453499	0.000203247684046	3.20917395862e-05	0.000117669711816	0.00190410988212	9.62752187587e-05	0	0	0	0	0.00248176119467	0.00440726556984	0.000727412763955	0.0121734665497	0.0034979996149	9.62752187587e-05	0.000887871461886	8.55779722299e-05	0.0017115594446	0.00166877045848	0.00180783466336	0	2.13944930575e-05	1.06972465287e-05	0.000663229284782
0.00559465993453	0	0.000727412763955	0	0	0	0	0.0234376671445	0.00492073340322	1.06972465287e-05	1.06972465287e-05	6.41834791725e-05	0	0	0.019340621724	0	0.000117669711816	0.00433238484414	0	6.41834791725e-05	0	0.0214800710297	0	0.020271282172	0.00308080700028	0	0.000417192614621	0.000139064204874	0.0244111165786	0.0226674653944	0.0681414603881	0	0	0.00601185254915	0.00691042125757	0	0	0	0	0	0	0	0	0	0.000331614642391	0	0	0	0	0	0	0	0	0	0	0	0	0	0	0.000363706381977	0	0	0	0.000363706381977	0	0	0	0	0	0	0	0	0.00177574292377	0	0	0	0	0	0	0	0	0	0	0
0	0	0	0	0	0	0	0	0	0	0	0.00120878885775	0	0.00754155880276	0	0	0	0	0	0	0	0	0	0	0	0.00511328384074	0.00820478808755	0.00554117370189	1.06972465287e-05	0	0	0.00919963201472	0	1.06972465287e-05	1.06972465287e-05	0	0	0	0	0	0	0	0	2.13944930575e-05	0	0	0.00227851351062	0	0.00626858646584	3.20917395862e-05	0	0	0	0	0	0	1.06972465287e-05	0	0	0	0.00192550437517	0.0025673391669	0.00034231188892	0	3.20917395862e-05	0	0.000609743052138	0	0	3.20917395862e-05	0.000470678847265	0.000588348559081	8.55779722299e-05	3.20917395862e-05	0	0	0	2.13944930575e-05	0.00366915555936	4.2788986115e-05	1.06972465287e-05	0	0	0.000267431163219
0	0	0	0	0.00017115594446	0.0020859630731	0.00228921075715	0.000577651312552	0.00042788986115	2.13944930575e-05	0.000459981600736	0.00229990800368	0.000310220149334	0.00220363278492	0.00343381613573	0.000641834791725	3.20917395862e-05	0	0	0	0.000320917395862	0	0	0	0.000417192614621	0	0	0	0.000962752187587	0.00381891701076	0	0	0.00918893476819	0.00102693566676	0.00525234804561	0	0	0	0	8.55779722299e-05	0	0	0	0	0.000106972465287	9.62752187587e-05	0	3.20917395862e-05	0	0	0	0	0	0	0	4.2788986115e-05	0	0	0	0.000310220149334	0	0	0	0.000235339423632	0	0	0	0	0	0	0.00111251363899	0	0.00234269698979	0.00119809161122	0.000802293489656	0.00185062364947	0.000192550437517	8.55779722299e-05	0	0	0	0	0	0
0.000759504503541	0	0	0	0.000128366958345	5.34862326437e-05	7.48807257012e-05	0.00897498983762	0.000706018270897	8.55779722299e-05	0.000267431163219	0.000984146680644	0	0.000160458697931	0.0042788986115	5.34862326437e-05	1.06972465287e-05	0	0.000973449434116	0.000823687982713	0	0.0024175777155	0	0.000962752187587	0.00635416443807	0	0.000588348559081	0.00017115594446	0.0205921995678	0.0261226760232	0.00601185254915	1.06972465287e-05	0.00102693566676	0.0300271710062	0.0162170257376	0	0	0	0	3.20917395862e-05	0	0	0	1.06972465287e-05	0.00161528422584	1.06972465287e-05	0	1.06972465287e-05	0	1.06972465287e-05	0	0	0	0	0	0	1.06972465287e-05	0	0	0.00212875205922	0	5.34862326437e-05	0.000139064204874	0.00167946770501	1.06972465287e-05	0	0	0	0	3.20917395862e-05	0.00059904580561	0.000160458697931	0.00704948546244	0.00359427483366	5.34862326437e-05	0.000663229284782	0	0.000834385229242	0.000224642177104	4.2788986115e-05	0	0	1.06972465287e-05	0
0.00017115594446	4.2788986115e-05	0.000235339423632	0	0.000395798121564	0.000802293489656	0.00136924755568	0.00678205429922	0.000994843927173	0.00118739436469	0.00141203654179	0.0144305855673	0.000160458697931	0.0061402195075	0.0047281829657	0.00103763291329	0.00197899060782	0.00781968721251	0.00373333903853	0.0112107143621	4.2788986115e-05	0.00511328384074	1.06972465287e-05	0.00640765067072	0.00926381549389	9.62752187587e-05	0.0063648616846	0.000588348559081	0.0289574463533	0.0338567852635	0.00691042125757	1.06972465287e-05	0.00525234804561	0.0162170257376	0.0747309642498	0	1.06972465287e-05	0	0	0.000128366958345	0	1.06972465287e-05	0	0	0.00164737596543	0.000106972465287	0.000812990736185	5.34862326437e-05	1.06972465287e-05	1.06972465287e-05	0	0	3.20917395862e-05	0	0.00017115594446	4.2788986115e-05	1.06972465287e-05	0	0.000470678847265	0.00200038510088	0.000203247684046	0.00068462377784	0.0011553026251	0.00140133929527	9.62752187587e-05	0	0	0	0	0.00243897220855	0.00645043965683	0.000759504503541	0.0303801801416	0.00660020110823	0.000331614642391	0.00128366958345	0.00017115594446	0.00211805481269	0.00179713741683	0.00261012815301	0.000834385229242	0	0	0.000663229284782
0	0	0	0	0	0	0	0	0	0	5.34862326437e-05	0	0.000331614642391	0	0	0	0	0	0	0	5.34862326437e-05	0	0	0	0	0	0	0	0	0	0	0	0	0	0	0.0324233542286	0	0	0	0.00142273378832	0	0.000438587107678	0.00718854966732	0.00413983440662	0	0.00795875141739	0.00158319248625	0.00116599987163	0.000117669711816	0.0206028968144	0	0	0	0.00166877045848	0.0014869172675	0.00157249523973	0.00354078860101	0	0.00564814616718	0.00418262339274	0	0.000149761451402	0	0.0114567510323	0.00747737532359	0.00743458633748	3.20917395862e-05	0	0.000106972465287	0.00185062364947	0	0	0	0	0	0	0	0	0	0.00202177959393	0	0	0	0
0	0.018067649387	0.00121948610428	0	0	0	0	0	0	1.06972465287e-05	0	0	0	0	0	0	0	1.06972465287e-05	0	0	0	0	3.20917395862e-05	1.06972465287e-05	0	0.00131576132304	0.0165807321196	0.028465373013	0	0	0	0	0	0	1.06972465287e-05	0	0.0402430414411	0	0	0	0	0	0	0	0.00694251299715	0	0	0	0	0	0	0	0.00303801801416	0	0.00132645856956	0	0	0.00730621937913	0	0.0068462377784	0.00303801801416	0.00165807321196	0.0327121798849	0	0	0	0	0	0	0	0	0	6.41834791725e-05	3.20917395862e-05	0	0	0	5.34862326437e-05	3.20917395862e-05	2.13944930575e-05	8.55779722299e-05	0	0	0
0	0	0	0	0	0	0	0	0	0	0	0	0	0	0	0	0	0	0	0	0	0	0	0	0	0	0	0	0	0	0	0	0	0	0	0	0	0.018795062151	0	0	0	0	0.000320917395862	1.06972465287e-05	0	1.06972465287e-05	0	0	0	0	0	0	0.0051346783338	0	0	0	0.000802293489656	0	0.00547699022272	0	0	0.00825827432019	0.00405425643439	0.000438587107678	0	0.000791596243127	0	0	0	0	0	0	0	0	0	0	0	0	0	0	0	0	0	0
0	0	0	0	0	0	0	0	0	0	0	0	0	0	0	0	0	0	0	0	0	0	0	0	0	0	0	0	0	0	0	0	0	0	0	0	0	0	0	0	0	0	0	0	0	0	0	0	0	0	0	0	0	0	0	0	0	0	0	0	0	0	0	0	0	0	0	0	0	0	0	0	0	0	0	0	0	0	0	0	0	0	0	0
0	0	0	0	0.00488864166364	1.06972465287e-05	1.06972465287e-05	0.00173295393766	0	0.00471748571918	0.0010055411737	0	0.000470678847265	1.06972465287e-05	6.41834791725e-05	6.41834791725e-05	1.06972465287e-05	0	0	0	0.000620440298667	3.20917395862e-05	0	4.2788986115e-05	0.00669647632699	1.06972465287e-05	0	0	0.00869686142787	9.62752187587e-05	0	0	8.55779722299e-05	3.20917395862e-05	0.000128366958345	0.00142273378832	0	0	0	0.0287541986693	0.000288825656276	0.000288825656276	5.34862326437e-05	0.000320917395862	0.0154896129736	0.00696390749021	0.00025673391669	0.00740249459789	2.13944930575e-05	0.00203247684046	0.00133715581609	0	0	0.000192550437517	9.62752187587e-05	0.0167732825571	0	0	1.06972465287e-05	0.0194048052031	2.13944930575e-05	0.00017115594446	1.06972465287e-05	0.00890010911191	0.00219293553839	0	1.06972465287e-05	0	0	0.00042788986115	0.00042788986115	1.06972465287e-05	0.000246036670161	0.00017115594446	0.000353009135449	8.55779722299e-05	5.34862326437e-05	0.000887871461886	9.62752187587e-05	0.00117669711816	7.48807257012e-05	0	0.000246036670161	4.2788986115e-05
0	0	0	0	0	0	0	0	0	0	0	0	0	0	0	0	0	0	0	0	0	0	0	0	0	0	0	0	0	0	0	0	0	0	0	0	0	0	0	0.000288825656276	0.00160458697931	5.34862326437e-05	0	2.13944930575e-05	0.000353009135449	1.06972465287e-05	0	0.000160458697931	0	0	0.00130506407651	0	0	0	0	1.06972465287e-05	0	0	0	0.000299522902805	0	0	0	0	0	0	0	7.48807257012e-05	0	0	0	0	0	0	0	0	0	0	0	0	0	0.000524165079908	0.000235339423632	0
0	0	0	0	4.2788986115e-05	0	0	0	0	0	9.62752187587e-05	0	0.00446075180249	0	0	0	0	0	0	0	0.00103763291329	0	0	0	0	0	0	0	0	1.06972465287e-05	0	0	0	0	1.06972465287e-05	0.000438587107678	0	0	0	0.000288825656276	5.34862326437e-05	0.0314071158084	0.00155110074667	0.0146124387583	0.000192550437517	0.0173830256092	0.000534862326437	0.0135213196123	0	0.00911405404249	0.00197899060782	0	0	0.000406495368092	0.00025673391669	0.000363706381977	0	0	0	0.000149761451402	1.06972465287e-05	2.13944930575e-05	0	0.000780898996598	0.00165807321196	0	0	0.000459981600736	0	0.000609743052138	0	1.06972465287e-05	0	0	0	0	0	0.00113390813205	3.20917395862e-05	0.000534862326437	2.13944930575e-05	0.00224642177104	0.000310220149334	3.20917395862e-05
0	0	0	0	0	0	0	0	0	0	0	0	0	0	0	0	0	0	0	0	0	0	0	0	0	0	0	0	0	0	0	0	0	0	0	0.00718854966732	0	0.000320917395862	0	5.34862326437e-05	0	0.00155110074667	0.0528978840846	0.00755225604929	0	0.010215870435	0.000128366958345	0	4.2788986115e-05	0.0123981087268	0	0	0.000139064204874	4.2788986115e-05	4.2788986115e-05	0	0.00604394428874	0	0.00833315504589	0.00290965105582	0	9.62752187587e-05	0.000331614642391	0.0211163646477	0.00203247684046	0.00928520998695	2.13944930575e-05	0	0	0.00119809161122	0	0	0	0	0	0	0	1.06972465287e-05	5.34862326437e-05	0.00128366958345	5.34862326437e-05	0	0.000320917395862	1.06972465287e-05
0	0	0	0	1.06972465287e-05	0	0	0	0	0	0.000106972465287	0	0.00280267859053	4.2788986115e-05	0	0	0	0	0	0	0.000952054941058	0	0	0	0	4.2788986115e-05	2.13944930575e-05	2.13944930575e-05	0	1.06972465287e-05	0	2.13944930575e-05	0	1.06972465287e-05	0	0.00413983440662	0	1.06972465287e-05	0	0.000320917395862	2.13944930575e-05	0.0146124387583	0.00755225604929	0.0359427483366	1.06972465287e-05	0.0172546586509	5.34862326437e-05	0.00563744892065	0	0.0192122547656	0.000738110010483	0	0	0	1.06972465287e-05	0.000534862326437	0.00212875205922	0	0.00494212789628	0.000492073340322	4.2788986115e-05	0	1.06972465287e-05	0.00516677007338	0.0020859630731	0.00274919235789	0	0.000759504503541	4.2788986115e-05	0.000952054941058	0	0	0	0	0	0	0	0.000866476968828	0	0.000310220149334	1.06972465287e-05	0.001861320896	0.00113390813205	4.2788986115e-05
0	0	0	0	0.00466399948653	0	0	0.00696390749021	0	0.0150082368798	0.000962752187587	2.13944930575e-05	0.00025673391669	0	7.48807257012e-05	7.48807257012e-05	0.00965961361546	0	3.20917395862e-05	2.13944930575e-05	0.000909265954943	0.00059904580561	0.00762713677499	0.000492073340322	0.0335679596072	0	7.48807257012e-05	5.34862326437e-05	0.0238441625126	0.00194689886823	0.000331614642391	0	0.000106972465287	0.00161528422584	0.00164737596543	0	0.00694251299715	0	0	0.0154896129736	0.000353009135449	0.000192550437517	0	1.06972465287e-05	0.0713506343467	0.00845082475771	0	0.0103442373933	0	0	0.00200038510088	0.000941357694529	0	0	0	0.0170407137203	0.000909265954943	0.0129329710533	0	0.0622686720438	0.000395798121564	8.55779722299e-05	0.00422541237885	0.0129436682998	0	0	0	0	0	7.48807257012e-05	0.00106972465287	1.06972465287e-05	0.00120878885775	0.000855779722299	0.000449284354207	9.62752187587e-05	0	0.00340172439614	0.000288825656276	0.00042788986115	0.000331614642391	3.20917395862e-05	0.000139064204874	1.06972465287e-05
0	0	0	0	0.00197899060782	1.06972465287e-05	1.06972465287e-05	0.00588348559081	0	0.000449284354207	0.00111251363899	0	0.00671787082005	2.13944930575e-05	7.48807257012e-05	2.13944930575e-05	0	0	0	0	0.00191480712865	0	0	1.06972465287e-05	0.00354078860101	4.2788986115e-05	0	0	0.0081513018549	0.000106972465287	0	0	9.62752187587e-05	1.06972465287e-05	0.000106972465287	0.00795875141739	0	1.06972465287e-05	0	0.00696390749021	1.06972465287e-05	0.0173830256092	0.010215870435	0.0172546586509	0.00845082475771	0.0688153869194	0.00637555893113	0.0206670802935	0.000973449434116	0.0157463468903	0.000128366958345	0	0	0.00354078860101	0.00251385293425	0.0169444385015	0.000139064204874	0	0.00177574292377	0.0146552277444	8.55779722299e-05	0.00119809161122	1.06972465287e-05	0.0146766222374	0.0108577052267	0.00042788986115	0.000320917395862	0	0	0.00680344879228	0.000310220149334	5.34862326437e-05	0.000181853190989	8.55779722299e-05	6.41834791725e-05	8.55779722299e-05	9.62752187587e-05	0.000866476968828	0.000545559572966	0.0086326779487	0.000181853190989	0	0.000534862326437	0.000417192614621
0	0	0	0	0	0	0	1.06972465287e-05	0	0.000492073340322	0.000288825656276	0.000566954066023	0.00274919235789	0.0052095590595	0	0	0	0	0	0	0.000524165079908	0	0	0	1.06972465287e-05	0.00284546757665	0.00244966945508	0.0010055411737	1.06972465287e-05	0.000834385229242	0	0.00227851351062	0	0	0.000812990736185	0.00158319248625	0	0	0	0.00025673391669	0	0.000534862326437	0.000128366958345	5.34862326437e-05	0	0.00637555893113	0.0278342354678	0.00423610962538	0.00571232964635	0.0011553026251	0	0	0	0.0070708799555	0.00425750411844	0.00034231188892	0	0	0	0.000470678847265	0.00252455018078	0.00333754091697	0	0.000738110010483	0.0052095590595	0	0.000909265954943	0	0	0.0103442373933	2.13944930575e-05	0.00134785306262	2.13944930575e-05	1.06972465287e-05	0	0	5.34862326437e-05	0.00034231188892	0.00556256819495	0.00857919171605	9.62752187587e-05	0	0	0.00331614642391
0	0	0	0	0.00524165079908	0	0	0.00331614642391	0	0.00354078860101	0.00197899060782	0	0.00838664127853	0	3.20917395862e-05	3.20917395862e-05	0	0	0	0	0.00216084379881	0	0	0	0.00452493528166	0	0	0	0.00522025630603	9.62752187587e-05	0	0	3.20917395862e-05	1.06972465287e-05	5.34862326437e-05	0.00116599987163	0	0	0	0.00740249459789	0.000160458697931	0.0135213196123	0	0.00563744892065	0.0103442373933	0.0206670802935	0.00423610962538	0.0410988211634	0.000577651312552	0.00633276994502	0.00206456858005	0	0	0.00202177959393	0.000941357694529	0.0139064204874	0	5.34862326437e-05	0	0.00912475128902	1.06972465287e-05	0.000449284354207	0	0.00132645856956	0.00367985280589	0	0.000246036670161	0	0	0.00350869686143	0.000139064204874	1.06972465287e-05	4.2788986115e-05	2.13944930575e-05	0.000406495368092	0	0	8.55779722299e-05	0.000149761451402	0.00369055005242	2.13944930575e-05	5.34862326437e-05	0	9.62752187587e-05
0	0	0	0	0	0	0	0	0	0	6.41834791725e-05	0.000748807257012	0.000385100875035	0.00744528358401	0	0	0	0	0	0	3.20917395862e-05	0	0	0	0	0.00593697182345	0.00667508183394	0.00514537558033	0	1.06972465287e-05	0	0.00626858646584	0	0	1.06972465287e-05	0.000117669711816	0	0	0	2.13944930575e-05	0	0	4.2788986115e-05	0	0	0.000973449434116	0.00571232964635	0.000577651312552	0.0143557048416	4.2788986115e-05	0	0	0	9.62752187587e-05	0	0.000117669711816	0	0	0	7.48807257012e-05	0.00453563252819	0.00393658672258	0.00134785306262	9.62752187587e-05	0.000203247684046	0	0.000984146680644	0	0	0.000481376093793	0	0.000331614642391	0	0	0	0	0	1.06972465287e-05	0.00524165079908	0.00120878885775	0	0	0	0.00145482552791
0	0	0	0	1.06972465287e-05	0	0	0	0	0	0.000149761451402	0	0.00309150424681	0.000374403628506	0	0	0	0	0	0	0.000994843927173	0	0	0	0	0.000353009135449	7.48807257012e-05	7.48807257012e-05	0	1.06972465287e-05	0	3.20917395862e-05	0	1.06972465287e-05	1.06972465287e-05	0.0206028968144	0	0	0	0.00203247684046	0	0.00911405404249	0.0123981087268	0.0192122547656	0	0.0157463468903	0.0011553026251	0.00633276994502	4.2788986115e-05	0.0529941593034	0.00117669711816	0	0	0.000320917395862	0.000203247684046	0.00227851351062	0.00392588947605	0	0.00553047645536	0.0053593205109	0.00059904580561	6.41834791725e-05	0	0.0125371729317	0.0130934297512	0.00756295329582	0	0	4.2788986115e-05	0.00183992640294	0	0.000449284354207	1.06972465287e-05	1.06972465287e-05	0	0	0	0.00200038510088	0.00034231188892	0.00216084379881	0.000353009135449	0.00180783466336	0.000620440298667	0.000812990736185
0	0	0	0	1.06972465287e-05	0	0	0	0	0	0	0	3.20917395862e-05	0	0	0	0	0	0	0	0	0	0	0	4.2788986115e-05	0	0	0	0	0	0	0	0	0	0	0	0	0	0	0.00133715581609	0.00130506407651	0.00197899060782	0	0.000738110010483	0.00200038510088	0.000128366958345	0	0.00206456858005	0	0.00117669711816	0.00545559572966	0	0	0	0	0.000192550437517	0	0	0	0.0016366787189	0	0	0	0	0.000128366958345	0	0	1.06972465287e-05	0	0	0	0	0	0	0	0	0	0.000192550437517	0	1.06972465287e-05	0	0.000855779722299	7.48807257012e-05	0
0	0	0.0016366787189	0	0	0	0	0	0	2.13944930575e-05	0	0	1.06972465287e-05	0	0	0	0.00831176055283	1.06972465287e-05	1.06972465287e-05	1.06972465287e-05	0	0.00317708221904	0.0215442545089	0.00923172375431	0.000363706381977	0	7.48807257012e-05	0.0132645856956	0.000331614642391	0	0	0	0	0	0	0	0	0	0	0	0	0	0	0	0.000941357694529	0	0	0	0	0	0	0.0373440876318	0	0	3.20917395862e-05	0	0.00140133929527	0.0283477033012	0.00719924691384	0.00853640272994	0	6.41834791725e-05	0.00648253139642	0.00160458697931	0	0	0	0	0	0	0.000117669711816	7.48807257012e-05	0.000374403628506	2.13944930575e-05	0	0	0	0.000962752187587	0.000588348559081	0	0	0	0	0
