0.0325821605377	0	0	0	0.000282054524057	0	3.89040722838e-05	0.00827684137837	0.00439616016807	0	0.000369588686696	0	0	0	0.0177305309433	0	0	0	0	0	9.72601807094e-06	0.0023439703551	0	0.00254821673459	0.000953149770952	0	0	0	0.00865615608314	0.0196271044672	0.0205024460935	0	0	0.00389040722838	0.000359862668625	0	0	0	0	0	0	0	0	0	0	0	0	0	0	0	0	0	0	0	0	0	0	0	0	0	0	0	0	0	0	0	0	0	0	0	0	0	6.80821264966e-05	0	0	0	0	0	0	0	0	0	0	0
0	0.0172831341121	0	0	0	0	0	0	0	0.000758629409533	0	0	0	9.72601807094e-06	0	0	0	0	0	0	0	0	0.00316095587306	0	0.00115739615044	0.00206191583104	0.00256766877073	0.0149294377389	0	0	0	0	0	0	0	0	0.00892848458912	0	0	0	0	0	0	0	0	0	0	0	2.91780542128e-05	0	0	0.000145890271064	0	0	0	0	0	0.000729451355321	0	0	0.00010698619878	0.000282054524057	0.0117684818658	0	0	0	0	0	0	0	0	0	0	0	0	0	0	0	0	0	0	0	0	0
0	0	0.05072118424	0	0	0	0	0	0	0	0	0	0	0	0	0	1.94520361419e-05	0.0153379304979	0	0.000680821264966	0	0.00020424637949	0	0.021941896768	0.000145890271064	0	0.00806286898081	0.0269897001469	0.000175068325277	0	0	0	0	9.72601807094e-06	0.000184794343348	0	0.000116712216851	0	0	0	0	0	0	0	0	0	0	0	0	0	0	0.00230506628281	0	0	0	0	0	0.00228561424667	0.000194520361419	0	0	1.94520361419e-05	0.00829629341451	0	0	0	0	0	0	0	0.0010698619878	0.000243150451774	0.000709999319179	0.000389040722838	0	9.72601807094e-06	0	0.000116712216851	0.000126438234922	0	0	0	0	0
0	0	0	0	0	0	0	0	0	0	0	0	0	0	0	0	0	0	0	0	0	0	0	0	0	0	0	0	0	0	0	0	0	0	0	0	0	0	0	0	0	0	0	0	0	0	0	0	0	0	0	0	0	0	0	0	0	0	0	0	0	0	0	0	0	0	0	0	0	0	0	0	0	0	0	0	0	0	0	0	0	0	0	0
0.000282054524057	0	0	0	0.0232062791173	0	0.00185766945155	0.00315122985499	0.00335547623447	0.00550492622815	0.000282054524057	0.000165342307206	0.00582588482449	0	0.00181876537927	0.00443506424035	0	0	5.83561084256e-05	5.83561084256e-05	0.00681793866773	9.72601807094e-06	0	9.72601807094e-06	0.018090393612	0	0.00010698619878	0	0.00752793798691	0.00145890271064	0	0	9.72601807094e-06	3.89040722838e-05	0.000992053843236	0	0	0	0	0.00798506083624	0	0.00382232510188	0	0	0.00676930857738	0.00289835338514	2.91780542128e-05	0.00505752939689	1.94520361419e-05	0	0	0	0	0	0	0.00718752735443	0	0	0	0.00546602215587	0	0	0	0.0029469834755	0	0	0	0	0	0.000145890271064	0.000262602487915	4.86300903547e-05	0.000680821264966	0.000272328505986	0.001371368548	0	9.72601807094e-06	6.80821264966e-05	0	0.000165342307206	4.86300903547e-05	6.80821264966e-05	5.83561084256e-05	9.72601807094e-06
0	0	0	0	0	0.00733341762549	0.00357917465011	0	0.00240232646352	7.78081445675e-05	0	0	0	0	0	0.0034819144694	0	0	0	0	0	0	0	1.94520361419e-05	0.00205218981297	0	0	0	0	0.00020424637949	0	0	0.00151725881907	0	0.000943423752881	0	0	0	0	2.91780542128e-05	0	0	0	0	2.91780542128e-05	0	0	0	0	0	0	0	0	0	0	0	0	0	2.91780542128e-05	2.91780542128e-05	0	0	0	9.72601807094e-06	0	0	0	0	0	0	0.00263575089723	0	0.000369588686696	1.94520361419e-05	0.00486300903547	0.000641917192682	0	0	0	4.86300903547e-05	4.86300903547e-05	0	0	0
3.89040722838e-05	0	0	0	0.00185766945155	0.00357917465011	0.0290321639418	0.00542711808359	0.0149586157931	0.000573835066186	0.0047852008909	9.72601807094e-05	0.00692492486651	0	0.00612739138469	0.00724588346285	0	0	5.83561084256e-05	2.91780542128e-05	0.00317068189113	0	0	0	0.00275246311408	0	7.78081445675e-05	0	0.00602040518591	0.00388068121031	0	0	0.000243150451774	2.91780542128e-05	0.00168260112627	0	0	0	0	0.000476574885476	0	0.000136164252993	0	0	0.000583561084256	0.000282054524057	0	0.000457122849334	0	0	0	0	0	0	0	0.000496026921618	0	0	0	9.72601807094e-05	0	0	0	0.000165342307206	0	0	0	0	0	0	0.00210081990332	0.000136164252993	0.00179931334312	0.000534930993902	0.00325821605377	2.91780542128e-05	9.72601807094e-06	9.72601807094e-06	0	0	0	0	0	0
0.00827684137837	0	0	0	0.00315122985499	0	0.00542711808359	0.0490191310775	0.0100956067576	0.00131301243958	0.00691519884844	0.000904519680598	0.000116712216851	0	0.01124327689	0.0017409572347	0	0	0.00031123257827	0.00082671153603	5.83561084256e-05	9.72601807094e-06	0	0	0.00517424161374	0	0.000291780542128	0	0.0310454496824	0.00469766672826	0.00447396831263	0	0	0.00261629886108	0.00241205248159	0	0	0	0	0.00419191378858	0	0.000398766740909	0	0	0.0063608158184	0.00183821741541	1.94520361419e-05	0.000340410632483	0	9.72601807094e-06	0	0	0	0	1.94520361419e-05	0.0010698619878	0	0	0	0.0063608158184	0	0	0	0.00494081718004	0	0	0	0	0	2.91780542128e-05	0	0	0.00153671085521	0.000272328505986	7.78081445675e-05	4.86300903547e-05	0	6.80821264966e-05	0	9.72601807094e-06	0	0	0	0
0.00439616016807	0	0	0	0.00335547623447	0.00240232646352	0.0149586157931	0.0100956067576	0.0387387299766	0.000184794343348	0.00633163776418	2.91780542128e-05	0.00248013460809	9.72601807094e-06	0.0180612155577	0.00248013460809	0	1.94520361419e-05	9.72601807094e-06	1.94520361419e-05	0.00162424501785	0.000116712216851	0	0	0.00497972125232	0	4.86300903547e-05	0	0.0131495764319	0.00532985790288	0.00041821877705	0	0.00183821741541	1.94520361419e-05	0.00335547623447	0	0	0	0	0.000213972397561	0	6.80821264966e-05	0	0	0.000184794343348	8.75341626385e-05	0	0.000233424433703	0	0	0	0	0	0	0	0.000223698415632	0	0	0	4.86300903547e-05	0	0	0	4.86300903547e-05	0	0	0	0	0	0	0.0034138323429	3.89040722838e-05	0.00291780542128	0.000894793662527	0.00145890271064	0.000350136650554	8.75341626385e-05	9.72601807094e-05	0	0	0	2.91780542128e-05	0	0
0	0.000758629409533	0	0	0.00550492622815	7.78081445675e-05	0.000573835066186	0.00131301243958	0.000184794343348	0.0202203915695	1.94520361419e-05	0	0.00201328574068	0	9.72601807094e-05	0.00139082058414	0.00010698619878	0	0	9.72601807094e-06	0.00134219049379	0	0.00201328574068	0	0.0116809477032	0	1.94520361419e-05	0.000855889590243	0.00372506492117	8.75341626385e-05	0	0	0	0	7.78081445675e-05	0	0	0	0	0.00825738934223	2.91780542128e-05	0.00332629818026	0	0	0.0118949201008	0.00362780474046	0	0.00391958528259	0	0	2.91780542128e-05	0	0	0	0	0.00748903391463	0	0.000136164252993	0	0.00995944250464	0	0	0	0.00446424229456	0	0	0	0	0	0	5.83561084256e-05	1.94520361419e-05	6.80821264966e-05	2.91780542128e-05	0.00175068325277	0	0	0	0	0	0	9.72601807094e-06	0	0
0.000369588686696	0	0	0	0.000282054524057	0	0.0047852008909	0.00691519884844	0.00633163776418	1.94520361419e-05	0.0141513562932	9.72601807094e-06	0.000554383030044	0	0.00291780542128	0.00082671153603	0	1.94520361419e-05	0	2.91780542128e-05	2.91780542128e-05	0	0	9.72601807094e-06	0.000272328505986	0	0.000126438234922	1.94520361419e-05	0.00638026785454	0.00093369773481	0	0	0	0.000223698415632	0.000476574885476	0	0	0	0	0	0	0	0	0	0.000233424433703	0	1.94520361419e-05	2.91780542128e-05	0	9.72601807094e-06	0	0	0	0	1.94520361419e-05	1.94520361419e-05	0	0	0	0.000184794343348	0	0	0	0	0	0	0	0	0	2.91780542128e-05	0.000233424433703	0.000126438234922	0.000476574885476	0	0	0	0	0.000126438234922	0	0	0	0	0	0
0	0	0	0	0.000165342307206	0	9.72601807094e-05	0.000904519680598	2.91780542128e-05	0	9.72601807094e-06	0.0259879202856	0.000787807463746	0.00322903799955	0.00638026785454	9.72601807094e-06	9.72601807094e-06	0	0.00655533617981	0.00586478889678	0.00130328642151	0.00040849275898	0	0.000593287102327	0.000282054524057	0.000243150451774	0.00758629409533	3.89040722838e-05	0.00111849207816	0.0109223182937	0	0.00020424637949	0.00142972465643	0.000807259499888	0.0154643687328	9.72601807094e-06	0	0	0	1.94520361419e-05	0	9.72601807094e-06	0	0	0.00010698619878	3.89040722838e-05	0.000554383030044	0	0.000340410632483	9.72601807094e-06	0	0	0	0	0	1.94520361419e-05	0	0	0	0.00010698619878	0.000612739138469	9.72601807094e-06	0	3.89040722838e-05	9.72601807094e-06	0	0	0	0	1.94520361419e-05	0.00107958800587	0.00203273777683	0.00497972125232	0.000243150451774	0	0	0.000369588686696	0	0	9.72601807094e-06	0	0	0	0.000554383030044
0	0	0	0	0.00582588482449	0	0.00692492486651	0.000116712216851	0.00248013460809	0.00201328574068	0.000554383030044	0.000787807463746	0.0271258643999	0.000116712216851	0.00684711672194	0.00623437758347	0	9.72601807094e-06	0.00062246515654	0.00040849275898	0.0130328642151	0	0	0	0.00524232374024	0	0.000651643210753	0	0.00166314909013	0.00558273437272	0	0	0	3.89040722838e-05	0.00259684682494	0	0	0	0	0.000797533481817	0	0.00549520021008	0	0.0011379441143	0.000953149770952	0.00229534026474	0.000437670813192	0.00662341830631	0.00040849275898	0.00062246515654	9.72601807094e-06	0	0	0	0	0.00235369637317	0	0	0	0.000320958596341	0	0	0	0.000262602487915	0.000554383030044	0	0	0	0	0.0016728751082	0.000671095246895	0.000194520361419	0.00171177918049	0.000496026921618	0.00128383438536	0	0.000126438234922	0.000184794343348	0.000301506560199	0.00290807940321	0.00176040927084	0.00179931334312	0.0019062995419	1.94520361419e-05
0	9.72601807094e-06	0	0	0	0	0	0	9.72601807094e-06	0	0	0.00322903799955	0.000116712216851	0.0115836875225	0.00031123257827	0	0	0	0	0	0	0	0	0	0	0.00136164252993	0.00231479230088	0.00242177849966	0	0.00031123257827	0	0.00206191583104	4.86300903547e-05	0	0.000320958596341	0	0	0	0	0	0	0.000165342307206	0	0	0	3.89040722838e-05	0.000739177373392	0.000145890271064	0.00332629818026	8.75341626385e-05	0	0	0	0	0	9.72601807094e-06	0	0	0	0	0.000885067644456	5.83561084256e-05	0	0	0.000145890271064	0	0	0	0	0.000272328505986	0	0.000972601807094	0.000330684614412	0	0	0	0.000427944795121	0	0.00319013392727	0.000213972397561	0.000116712216851	8.75341626385e-05	0.00020424637949	0.00082671153603
0.0177305309433	0	0	0	0.00181876537927	0	0.00612739138469	0.01124327689	0.0180612155577	9.72601807094e-05	0.00291780542128	0.00638026785454	0.00684711672194	0.00031123257827	0.0615267903168	0.000700273301108	0	1.94520361419e-05	0.00241205248159	0.00139082058414	0.00644834998103	0.00160479298171	0	0.00206191583104	0.0091035529144	0	0.00177013528891	0	0.0178958732505	0.0387484559946	0.0137331375162	0	0.00236342239124	0.0100567026854	0.0156491630761	0	0	0	0	8.75341626385e-05	0	9.72601807094e-06	0	0	0.00041821877705	0.000136164252993	0	0.00010698619878	0	0	0	0	0	0	0	9.72601807094e-05	0	0	0	0.000330684614412	0	0	0	0.000126438234922	0	0	0	0	0	9.72601807094e-06	0.00119630022273	9.72601807094e-05	0.00337492827062	0.000836437554101	0.000136164252993	0	0.000350136650554	9.72601807094e-06	0	0	0	0	0	0
0	0	0	0	0.00443506424035	0.0034819144694	0.00724588346285	0.0017409572347	0.00248013460809	0.00139082058414	0.00082671153603	9.72601807094e-06	0.00623437758347	0	0.000700273301108	0.0185961465516	0.00041821877705	0	0	0	0.00507698143303	0.00071972533725	0	0.000943423752881	0.00748903391463	0	0	0	0.00415300971629	0.00152698483714	0	0	7.78081445675e-05	0.0010698619878	0.00273301107793	3.89040722838e-05	0	0	0	0.000904519680598	0	0.00031123257827	0	0	0.00173123121663	0.000661369228824	1.94520361419e-05	0.00093369773481	0	5.83561084256e-05	0	0	0	0	1.94520361419e-05	0.000923971716739	0	0	0.000194520361419	0.000875341626385	0	0	0	0.000272328505986	4.86300903547e-05	0	0	0	0	9.72601807094e-06	0.00177013528891	4.86300903547e-05	0.0025093126623	0.000680821264966	0.00612739138469	9.72601807094e-06	9.72601807094e-06	0.000291780542128	0	1.94520361419e-05	9.72601807094e-05	4.86300903547e-05	0	0
0	0	1.94520361419e-05	0	0	0	0	0	0	0.00010698619878	0	9.72601807094e-06	0	0	0	0.00041821877705	0.0226713481234	0	0	0	0	0.001507532801	0.00386122917416	0.00742095178813	0.00772245834833	0	9.72601807094e-05	0.00510615948724	0.00112821809623	0	0	0	0	0	5.83561084256e-05	0	0	0	0	0	0	0	0	0	0.00283999727671	0	9.72601807094e-06	2.91780542128e-05	0	0	0	0.0102609490648	0	0	9.72601807094e-06	0	0	0.0132079325403	3.89040722838e-05	0.00862697802893	0	0	9.72601807094e-06	0.000379314704767	0	0	0	0	0	0	0.00177986130698	0.000223698415632	0.000612739138469	0.000359862668625	5.83561084256e-05	6.80821264966e-05	0	0.000320958596341	0.000252876469844	9.72601807094e-06	1.94520361419e-05	9.72601807094e-06	0	0
0	0	0.0153379304979	0	0	0	0	0	1.94520361419e-05	0	1.94520361419e-05	0	9.72601807094e-06	0	1.94520361419e-05	0	0	0.0276024392853	0	0.00735286966163	1.94520361419e-05	0.00041821877705	0	0.0049213651439	3.89040722838e-05	0	0.0110779345828	0.00385150315609	0.000175068325277	4.86300903547e-05	0	0	0	5.83561084256e-05	0.00521314568602	0	0	0	0	0	0	0	0	0	3.89040722838e-05	0	2.91780542128e-05	0	0	0	0	0	0	0	2.91780542128e-05	0	0	1.94520361419e-05	9.72601807094e-06	9.72601807094e-06	0	1.94520361419e-05	0.000593287102327	0	0	0	0	0	0	0	0.00082671153603	0.00111849207816	0.000953149770952	0.000282054524057	0	0	0	8.75341626385e-05	0.000320958596341	1.94520361419e-05	1.94520361419e-05	0	0	0
0	0	0	0	5.83561084256e-05	0	5.83561084256e-05	0.00031123257827	9.72601807094e-06	0	0	0.00655533617981	0.00062246515654	0	0.00241205248159	0	0	0	0.0078002664929	0.0030442436562	0.000885067644456	0	0	1.94520361419e-05	8.75341626385e-05	0	0.00430862600543	1.94520361419e-05	0.000398766740909	0.00393903731873	0	0	0	0.000272328505986	0.00472684478248	9.72601807094e-06	0	0	0	0	0	0	0	0	4.86300903547e-05	9.72601807094e-06	0	0	0	9.72601807094e-06	0	0	0	0	0	0	0	0	0	4.86300903547e-05	0	0	0	9.72601807094e-06	9.72601807094e-06	0	0	0	0	0	0.000350136650554	0.000398766740909	0.00192575157805	7.78081445675e-05	0	0	0	0	0	0	0	0	0	0
0	0	0.000680821264966	0	5.83561084256e-05	0	2.91780542128e-05	0.00082671153603	1.94520361419e-05	9.72601807094e-06	2.91780542128e-05	0.00586478889678	0.00040849275898	0	0.00139082058414	0	0	0.00735286966163	0.0030442436562	0.026046276394	0.000768355427604	0.000252876469844	0	0.000564109048115	0.000165342307206	0	0.0181779277746	0.00198410768647	0.00108931402395	0.00374451695731	0	0	0	0.000816985517959	0.0129939601428	9.72601807094e-06	0	0	0	1.94520361419e-05	0	9.72601807094e-06	0	0	0.000155616289135	4.86300903547e-05	0.000194520361419	9.72601807094e-06	0	9.72601807094e-06	0	0	0	0	0.000330684614412	2.91780542128e-05	0	3.89040722838e-05	9.72601807094e-06	0.000126438234922	0	4.86300903547e-05	0.00020424637949	3.89040722838e-05	9.72601807094e-06	0	0	0	0	9.72601807094e-06	0.00284972329479	0.00416273573436	0.00521314568602	0.000603013120398	0	0	0	0.000145890271064	8.75341626385e-05	2.91780542128e-05	1.94520361419e-05	0	0	0
9.72601807094e-06	0	0	0	0.00681793866773	0	0.00317068189113	5.83561084256e-05	0.00162424501785	0.00134219049379	2.91780542128e-05	0.00130328642151	0.0130328642151	0	0.00644834998103	0.00507698143303	0	1.94520361419e-05	0.000885067644456	0.000768355427604	0.0192088856901	0	0	0	0.00560218640886	0	0.000992053843236	9.72601807094e-06	0.00267465496951	0.00787807463746	0	0	0	9.72601807094e-05	0.00404602351751	0	0	0	0	0.000943423752881	0	0.000729451355321	0	9.72601807094e-05	0.000836437554101	0.00082671153603	5.83561084256e-05	0.00110876606009	1.94520361419e-05	2.91780542128e-05	0	0	0	0	2.91780542128e-05	0.000992053843236	0	0	0	0.000243150451774	0	0	0	0.000223698415632	9.72601807094e-06	0	0	0	0	0.000126438234922	0.00196465565033	0.000233424433703	0.00286917533093	0.000359862668625	0.000885067644456	0	9.72601807094e-06	8.75341626385e-05	0	0.000145890271064	4.86300903547e-05	3.89040722838e-05	4.86300903547e-05	0
0.0023439703551	0	0.00020424637949	0	9.72601807094e-06	0	0	9.72601807094e-06	0.000116712216851	0	0	0.00040849275898	0	0	0.00160479298171	0.00071972533725	0.001507532801	0.00041821877705	0	0.000252876469844	0	0.0505363898966	9.72601807094e-06	0.0336033924351	0.000661369228824	0	3.89040722838e-05	0	0.0121769746248	0.00383205111995	0.0221558691656	0	0	0.00219808008403	0.00717780133635	0	0	0	0	8.75341626385e-05	0	0	0	0	9.72601807094e-06	0.000184794343348	0	0.000175068325277	0	0	0	0.000748903391463	0	0	0	0.00020424637949	0	0.000894793662527	0.000126438234922	0.000875341626385	0	0	2.91780542128e-05	3.89040722838e-05	0	0	0	0	0	0	0.0037834210296	0.000175068325277	0.00635108980032	0.00116712216851	0.000350136650554	0.000175068325277	0	0.000330684614412	0.000126438234922	0	7.78081445675e-05	0.000116712216851	0	0
0	0.00316095587306	0	0	0	0	0	0	0	0.00201328574068	0	0	0	0	0	0	0.00386122917416	0	0	0	0	9.72601807094e-06	0.0144236847992	0.000262602487915	0.00641917192682	0.000262602487915	0	0.00360835270432	0	0	0	0	0	0	0	0	5.83561084256e-05	0	0	1.94520361419e-05	0	0	0	0	0.000865615608314	0	0	3.89040722838e-05	0	0	0	1.94520361419e-05	0	0	0	0	0	0.00159506696363	0	0.00144917669257	0	0	7.78081445675e-05	0	0	0	0	0	0	0	0	0	0	0	0	0	0	0	0	0	0	0	0	0
0.00254821673459	0	0.021941896768	0	9.72601807094e-06	1.94520361419e-05	0	0	0	0	9.72601807094e-06	0.000593287102327	0	0	0.00206191583104	0.000943423752881	0.00742095178813	0.0049213651439	1.94520361419e-05	0.000564109048115	0	0.0336033924351	0.000262602487915	0.11273427546	3.89040722838e-05	0	0.000894793662527	0.0264061390626	0.0046198585837	0.00315122985499	0.0181973798107	0	0	0.000797533481817	0.00816985517959	0	9.72601807094e-06	9.72601807094e-06	0	8.75341626385e-05	0	0	0	0	9.72601807094e-06	0.000184794343348	0.000389040722838	0.000175068325277	0	0	0	0.0130814943054	2.91780542128e-05	2.91780542128e-05	0.000379314704767	0.00020424637949	0.000476574885476	0.0137525895523	0.00335547623447	0.0037834210296	0	0	0.00229534026474	3.89040722838e-05	0	0	0	0	0	0	0.0124687551669	0.00280109320443	0.0186739546962	0.007129171246	0.00312205180077	0.00117684818658	0	0.00146862872871	0.000709999319179	0.00141027262029	0.00224671017439	0.000145890271064	2.91780542128e-05	0
0.000953149770952	0.00115739615044	0.000145890271064	0	0.018090393612	0.00205218981297	0.00275246311408	0.00517424161374	0.00497972125232	0.0116809477032	0.000272328505986	0.000282054524057	0.00524232374024	0	0.0091035529144	0.00748903391463	0.00772245834833	3.89040722838e-05	8.75341626385e-05	0.000165342307206	0.00560218640886	0.000661369228824	0.00641917192682	3.89040722838e-05	0.0784986918506	4.86300903547e-05	0.000233424433703	0.00151725881907	0.0270675082914	0.010961222366	0.00361807872239	0	0	0.00887985449877	0.0114377972514	0.000243150451774	2.91780542128e-05	0	0	0.0113405370707	0	0.0030442436562	0	0	0.0280498361166	0.00324849003569	0.000223698415632	0.00328739410798	9.72601807094e-06	0.000457122849334	9.72601807094e-05	0.000116712216851	0	4.86300903547e-05	0.00020424637949	0.0053882140113	0	0.00333602419833	7.78081445675e-05	0.0279331238997	0	9.72601807094e-06	4.86300903547e-05	0.0053882140113	0.000564109048115	0	0	0	0	0.00041821877705	0.00357917465011	0.000165342307206	0.00571889862571	0.00331657216219	0.00520341966795	0.000437670813192	9.72601807094e-06	0.000447396831263	0.000194520361419	0.00051547895776	0.000155616289135	9.72601807094e-06	7.78081445675e-05	0
0	0.00206191583104	0	0	0	0	0	0	0	0	0	0.000243150451774	0	0.00136164252993	0	0	0	0	0	0	0	0	0.000262602487915	0	4.86300903547e-05	0.00969684001673	0.00247040859002	0.00761547214955	0	0	0	2.91780542128e-05	0	0	0	0	0.00219808008403	0	0	0	0	0	0	0	0	0	0.000272328505986	0	0.00164369705399	0	0	0	0	0	4.86300903547e-05	0	0	0	0	0	0.00136164252993	0.00225643619246	0.00414328369822	0	0	0	6.80821264966e-05	0	0	9.72601807094e-06	0	4.86300903547e-05	0	0	0	0	2.91780542128e-05	0	0.000564109048115	0	0	0	0	0.00031123257827
0	0.00256766877073	0.00806286898081	0	0.00010698619878	0	7.78081445675e-05	0.000291780542128	4.86300903547e-05	1.94520361419e-05	0.000126438234922	0.00758629409533	0.000651643210753	0.00231479230088	0.00177013528891	0	9.72601807094e-05	0.0110779345828	0.00430862600543	0.0181779277746	0.000992053843236	3.89040722838e-05	0	0.000894793662527	0.000233424433703	0.00247040859002	0.0743943122246	0.0228366904306	0.000690547283037	0.00319013392727	0	0.00286917533093	0	0.000544657011973	0.0101928669383	9.72601807094e-06	0.002878901349	9.72601807094e-05	0	0	0	0	0	0	0.000291780542128	1.94520361419e-05	0.00177986130698	1.94520361419e-05	0.00195492963226	9.72601807094e-06	0	0	0	0.000505752939689	0.00271355904179	1.94520361419e-05	0	0.000194520361419	0	0.00010698619878	0	0.00750848595077	0.00794615676396	9.72601807094e-06	9.72601807094e-06	0	0	0	0	0	0.00721670540864	0.0105235515528	0.00488246107161	0.000865615608314	0	0	0	0.000632191174611	0.00301506560199	1.94520361419e-05	9.72601807094e-06	2.91780542128e-05	2.91780542128e-05	9.72601807094e-06
0	0.0149294377389	0.0269897001469	0	0	0	0	0	0	0.000855889590243	1.94520361419e-05	3.89040722838e-05	0	0.00242177849966	0	0	0.00510615948724	0.00385150315609	1.94520361419e-05	0.00198410768647	9.72601807094e-06	0	0.00360835270432	0.0264061390626	0.00151725881907	0.00761547214955	0.0228366904306	0.127148234241	0.00010698619878	1.94520361419e-05	0	0.000466848867405	0	9.72601807094e-06	8.75341626385e-05	0	0.0137623155704	0	0	0	0	0	0	0	2.91780542128e-05	0	0.000671095246895	0	0.00321931198148	0	0	0.0175651886361	0	0.000233424433703	0.0011379441143	0	0	0.021115185232	0.00217862804789	0.000184794343348	0.000583561084256	0.0107764280226	0.0460721476021	0	0	0	7.78081445675e-05	0	0	9.72601807094e-06	0.00285944931286	0.00132273845765	0.00122547827694	0.000350136650554	2.91780542128e-05	3.89040722838e-05	0	0.000350136650554	0.00266492895144	1.94520361419e-05	1.94520361419e-05	9.72601807094e-06	9.72601807094e-06	0.000223698415632
0.00865615608314	0	0.000175068325277	0	0.00752793798691	0	0.00602040518591	0.0310454496824	0.0131495764319	0.00372506492117	0.00638026785454	0.00111849207816	0.00166314909013	0	0.0178958732505	0.00415300971629	0.00112821809623	0.000175068325277	0.000398766740909	0.00108931402395	0.00267465496951	0.0121769746248	0	0.0046198585837	0.0270675082914	0	0.000690547283037	0.00010698619878	0.0945757997218	0.0207261445092	0.0269410700565	0	0	0.0129647820886	0.0138790277872	1.94520361419e-05	0	0	0	0.00923971716739	0	0.00161451899978	0	0	0.0157075191846	0.00213972397561	0.000243150451774	0.00177986130698	1.94520361419e-05	0.000155616289135	0	0	0	4.86300903547e-05	0.000194520361419	0.00321931198148	0	0.000165342307206	7.78081445675e-05	0.0156199850219	0	1.94520361419e-05	1.94520361419e-05	0.00730423957128	0.000175068325277	0	0	0	0	0.00040849275898	0.00175068325277	0.000320958596341	0.00786834861939	0.00298588754778	0.000855889590243	0.000379314704767	0	0.000379314704767	7.78081445675e-05	0.000486300903547	0.000175068325277	0	8.75341626385e-05	0
0.0196271044672	0	0	0	0.00145890271064	0.00020424637949	0.00388068121031	0.00469766672826	0.00532985790288	8.75341626385e-05	0.00093369773481	0.0109223182937	0.00558273437272	0.00031123257827	0.0387484559946	0.00152698483714	0	4.86300903547e-05	0.00393903731873	0.00374451695731	0.00787807463746	0.00383205111995	0	0.00315122985499	0.010961222366	0	0.00319013392727	1.94520361419e-05	0.0207261445092	0.0751432156161	0.0269994261649	0	0.00479492690897	0.02248655378	0.0352081854168	5.83561084256e-05	0	0	0	0.000252876469844	0	8.75341626385e-05	0	0	0.00195492963226	0.000359862668625	7.78081445675e-05	0.000398766740909	0	8.75341626385e-05	0	0	0	0	6.80821264966e-05	0.00041821877705	0	0	0	0.00207164184911	0	9.72601807094e-06	0	0.000243150451774	7.78081445675e-05	0	0	0	0	5.83561084256e-05	0.00571889862571	0.000573835066186	0.0122450567513	0.00285944931286	0.000116712216851	0.000320958596341	0.000398766740909	0.000466848867405	9.72601807094e-06	3.89040722838e-05	1.94520361419e-05	4.86300903547e-05	1.94520361419e-05	0
0.0205024460935	0	0	0	0	0	0	0.00447396831263	0.00041821877705	0	0	0	0	0	0.0137331375162	0	0	0	0	0	0	0.0221558691656	0	0.0181973798107	0.00361807872239	0	0	0	0.0269410700565	0.0269994261649	0.0640652810333	0	0	0.0122645087875	0.00596204907749	0	0	0	0	0	0	0	0	0	0.000194520361419	0	0	0	0	0	0	0	0	0	0	0	0	0	0	0.000194520361419	0	0	0	0	0	0	0	0	0	0	0	0	0.000194520361419	0	0	0	0	0	0	0	0	0	0	0
0	0	0	0	0	0	0	0	0	0	0	0.00020424637949	0	0.00206191583104	0	0	0	0	0	0	0	0	0	0	0	2.91780542128e-05	0.00286917533093	0.000466848867405	0	0	0	0.00317068189113	0	0	0	0	0	0	0	0	0	0	0	0	0	0	9.72601807094e-06	0	0.00136164252993	0	0	0	0	0	0	0	0	0	0	0	0	0	0	0	0	0	0	0	0	0	0	0.00010698619878	0	0	0	0	0	0	0.00157561492749	9.72601807094e-06	0	0	0	9.72601807094e-06
0	0	0	0	9.72601807094e-06	0.00151725881907	0.000243150451774	0	0.00183821741541	0	0	0.00142972465643	0	4.86300903547e-05	0.00236342239124	7.78081445675e-05	0	0	0	0	0	0	0	0	0	0	0	0	0	0.00479492690897	0	0	0.00658451423403	0	0.00516451559567	0	0	0	0	3.89040722838e-05	0	0	0	0	0	1.94520361419e-05	0	4.86300903547e-05	0	0	0	0	0	0	0	4.86300903547e-05	0	0	0	2.91780542128e-05	0	0	0	0	0	0	0	0	0	0	0.00157561492749	0	0.0017409572347	0.000865615608314	0.000389040722838	0.000554383030044	0.000233424433703	7.78081445675e-05	0	0	0	2.91780542128e-05	0	0
0.00389040722838	0	9.72601807094e-06	0	3.89040722838e-05	0	2.91780542128e-05	0.00261629886108	1.94520361419e-05	0	0.000223698415632	0.000807259499888	3.89040722838e-05	0	0.0100567026854	0.0010698619878	0	5.83561084256e-05	0.000272328505986	0.000816985517959	9.72601807094e-05	0.00219808008403	0	0.000797533481817	0.00887985449877	0	0.000544657011973	9.72601807094e-06	0.0129647820886	0.02248655378	0.0122645087875	0	0	0.0254724413278	0.0162035461062	8.75341626385e-05	0	0	0	5.83561084256e-05	0	2.91780542128e-05	0	0	0.00247040859002	5.83561084256e-05	0.000175068325277	9.72601807094e-05	9.72601807094e-06	0.000155616289135	0	0	0	0	0.000165342307206	0.000116712216851	0	0	0	0.00235369637317	0	9.72601807094e-06	0	3.89040722838e-05	0.000116712216851	0	0	0	0	8.75341626385e-05	0.000671095246895	0.000291780542128	0.00433780405964	0.000904519680598	0.000272328505986	0.00020424637949	0	0.000885067644456	9.72601807094e-06	7.78081445675e-05	2.91780542128e-05	1.94520361419e-05	1.94520361419e-05	0
0.000359862668625	0	0.000184794343348	0	0.000992053843236	0.000943423752881	0.00168260112627	0.00241205248159	0.00335547623447	7.78081445675e-05	0.000476574885476	0.0154643687328	0.00259684682494	0.000320958596341	0.0156491630761	0.00273301107793	5.83561084256e-05	0.00521314568602	0.00472684478248	0.0129939601428	0.00404602351751	0.00717780133635	0	0.00816985517959	0.0114377972514	0	0.0101928669383	8.75341626385e-05	0.0138790277872	0.0352081854168	0.00596204907749	0	0.00516451559567	0.0162035461062	0.0667302099847	8.75341626385e-05	0	0	0	0.000243150451774	0	8.75341626385e-05	0	0	0.00355972261396	0.000213972397561	0.000145890271064	0.00041821877705	9.72601807094e-06	0.000155616289135	0	0	0	0	0.000136164252993	0.000350136650554	0	5.83561084256e-05	9.72601807094e-06	0.00293725745742	0	3.89040722838e-05	0.00010698619878	0.000126438234922	0.000116712216851	0	0	0	0	8.75341626385e-05	0.0068957468123	0.00107958800587	0.025365455129	0.00519369364988	0.000943423752881	0.000797533481817	0.000593287102327	0.00176040927084	2.91780542128e-05	8.75341626385e-05	3.89040722838e-05	0.000126438234922	6.80821264966e-05	0
0	0	0	0	0	0	0	0	0	0	0	9.72601807094e-06	0	0	0	3.89040722838e-05	0	0	9.72601807094e-06	9.72601807094e-06	0	0	0	0	0.000243150451774	0	9.72601807094e-06	0	1.94520361419e-05	5.83561084256e-05	0	0	0	8.75341626385e-05	8.75341626385e-05	0.0235369637317	0	0	0	0.00101150587938	0	0.000165342307206	0.00625382961962	0.00283999727671	0.00010698619878	0.000213972397561	1.94520361419e-05	0	9.72601807094e-06	0.0164661485941	4.86300903547e-05	0	0	0	9.72601807094e-06	0	0.00162424501785	0	0.001507532801	0.0114086191972	0	0	9.72601807094e-06	0.00639971989068	0.0160187517628	0.00206191583104	0	0	0.000447396831263	1.94520361419e-05	9.72601807094e-06	0	7.78081445675e-05	3.89040722838e-05	9.72601807094e-06	9.72601807094e-06	0	0	9.72601807094e-06	0.000136164252993	9.72601807094e-05	0	0	0
0	0.00892848458912	0.000116712216851	0	0	0	0	0	0	0	0	0	0	0	0	0	0	0	0	0	0	0	5.83561084256e-05	9.72601807094e-06	2.91780542128e-05	0.00219808008403	0.002878901349	0.0137623155704	0	0	0	0	0	0	0	0	0.0175262845638	0	0	0	0	0	0	0	0.000768355427604	0	0	0	7.78081445675e-05	0	0	0.00184794343348	0	0	3.89040722838e-05	0	0	0.00452259840299	0	0.000787807463746	0.000593287102327	0.000282054524057	0.0160576558351	0	0	0	0	0	0	0	0	0	0	0	0	0	0	0	0	0	0	0	0	0
0	0	0	0	0	0	0	0	0	0	0	0	0	0	0	0	0	0	0	0	0	0	0	9.72601807094e-06	0	0	9.72601807094e-05	0	0	0	0	0	0	0	0	0	0	0.0276121653034	0	0	0	0	0	0	0	0	0	0	0	0	0	1.94520361419e-05	0.01068889386	0	0.0025773947888	0	0	0	0.010008072595	1.94520361419e-05	0	0.00398766740909	0.00476574885476	0	0	0	0	0	0	9.72601807094e-05	0.000116712216851	0.00010698619878	9.72601807094e-06	9.72601807094e-06	0	0	0	0.000165342307206	0.00010698619878	0.000301506560199	2.91780542128e-05	0	0	0
0	0	0	0	0	0	0	0	0	0	0	0	0	0	0	0	0	0	0	0	0	0	0	0	0	0	0	0	0	0	0	0	0	0	0	0	0	0	0	0	0	0	0	0	0	0	0	0	0	0	0	0	0	0	0	0	0	0	0	0	0	0	0	0	0	0	0	0	0	0	0	0	0	0	0	0	0	0	0	0	0	0	0	0
0	0	0	0	0.00798506083624	2.91780542128e-05	0.000476574885476	0.00419191378858	0.000213972397561	0.00825738934223	0	1.94520361419e-05	0.000797533481817	0	8.75341626385e-05	0.000904519680598	0	0	0	1.94520361419e-05	0.000943423752881	8.75341626385e-05	1.94520361419e-05	8.75341626385e-05	0.0113405370707	0	0	0	0.00923971716739	0.000252876469844	0	0	3.89040722838e-05	5.83561084256e-05	0.000243150451774	0.00101150587938	0	0	0	0.04194831594	9.72601807094e-05	0.0070610891195	0.00303451763813	0.00144917669257	0.0236634019666	0.0108445101491	0.001371368548	0.0096384839083	0.000155616289135	0.0019743816684	0.00147835474678	0	5.83561084256e-05	0.000243150451774	0.000603013120398	0.0138401237149	0	9.72601807094e-05	0	0.0317943530739	0	0.00010698619878	0	0.0163980664676	0.00283999727671	0	0	0	0	0.00173123121663	0.000223698415632	0	0.000233424433703	6.80821264966e-05	0.00105040995166	0	0	0.00100177986131	7.78081445675e-05	0.00196465565033	0.000184794343348	0.00031123257827	0.000145890271064	1.94520361419e-05
0	0	0	0	0	0	0	0	0	2.91780542128e-05	0	0	0	0	0	0	0	0	0	0	0	0	0	0	0	0	0	0	0	0	0	0	0	0	0	0	0	0	0	9.72601807094e-05	0.00361807872239	0.00196465565033	0	0.000564109048115	0.000175068325277	0	0	0.000544657011973	0	2.91780542128e-05	0.00101150587938	2.91780542128e-05	0	0	0	0	0	0	0	0.00010698619878	0	0	9.72601807094e-06	0	0	0	0	0.000340410632483	0	0.000213972397561	0	0	0	0	0	0	0	0.000632191174611	9.72601807094e-06	0	0.000145890271064	0.00176040927084	0.00134219049379	0
0	0	0	0	0.00382232510188	0	0.000136164252993	0.000398766740909	6.80821264966e-05	0.00332629818026	0	9.72601807094e-06	0.00549520021008	0.000165342307206	9.72601807094e-06	0.00031123257827	0	0	0	9.72601807094e-06	0.000729451355321	0	0	0	0.0030442436562	0	0	0	0.00161451899978	8.75341626385e-05	0	0	0	2.91780542128e-05	8.75341626385e-05	0.000165342307206	0	0	0	0.0070610891195	0.00196465565033	0.036608732019	0.000194520361419	0.0132371105946	0.00524232374024	0.0129161519982	0.000632191174611	0.0155908069677	0.000476574885476	0.00393903731873	0.00370561288503	0	0	1.94520361419e-05	1.94520361419e-05	0.00839355359522	0	0	0	0.00597177509556	0	9.72601807094e-06	9.72601807094e-06	0.00165342307206	0.00177013528891	0	0	0.000126438234922	0	0.00293725745742	1.94520361419e-05	0	7.78081445675e-05	1.94520361419e-05	0.000194520361419	0	0.000213972397561	0.00345273641518	0.000398766740909	0.0046198585837	0.00387095519223	0.00913273096861	0.00490191310775	2.91780542128e-05
0	0	0	0	0	0	0	0	0	0	0	0	0	0	0	0	0	0	0	0	0	0	0	0	0	0	0	0	0	0	0	0	0	0	0	0.00625382961962	0	0	0	0.00303451763813	0	0.000194520361419	0.0711458221889	0.0210957331959	0	0.0108639621852	0.000340410632483	0	7.78081445675e-05	0.02057052822	9.72601807094e-06	0	9.72601807094e-06	9.72601807094e-06	4.86300903547e-05	0.000359862668625	0.00458095451141	0	0.000768355427604	0.00923971716739	0	4.86300903547e-05	9.72601807094e-06	0.0345370901699	0.00146862872871	0.0107861540407	0	0	0	0.000437670813192	0	0	0	0	0	0	0	3.89040722838e-05	2.91780542128e-05	0.000505752939689	6.80821264966e-05	0	9.72601807094e-06	0
0	0	0	0	0	0	0	0	0	0	0	0	0.0011379441143	0	0	0	0	0	0	0	9.72601807094e-05	0	0	0	0	0	0	0	0	0	0	0	0	0	0	0.00283999727671	0	0	0	0.00144917669257	0.000564109048115	0.0132371105946	0.0210957331959	0.0450509157046	0	0.0118268379743	0.00116712216851	0.00386122917416	0.00071972533725	0.0224768277619	0.00106013596973	0	0	1.94520361419e-05	1.94520361419e-05	0.00165342307206	0.000243150451774	0	0.00010698619878	0.00411410564401	0	0	9.72601807094e-06	0.0071972533725	0.000992053843236	0.000544657011973	0	0.00177013528891	0	0.00193547759612	0	0	0	0	0	0	9.72601807094e-06	0.00194520361419	0	0.000875341626385	0.00107958800587	0.00368616084889	0.00260657284301	4.86300903547e-05
0	0	0	0	0.00676930857738	2.91780542128e-05	0.000583561084256	0.0063608158184	0.000184794343348	0.0118949201008	0.000233424433703	0.00010698619878	0.000953149770952	0	0.00041821877705	0.00173123121663	0.00283999727671	3.89040722838e-05	4.86300903547e-05	0.000155616289135	0.000836437554101	9.72601807094e-06	0.000865615608314	9.72601807094e-06	0.0280498361166	0	0.000291780542128	2.91780542128e-05	0.0157075191846	0.00195492963226	0.000194520361419	0	0	0.00247040859002	0.00355972261396	0.00010698619878	0.000768355427604	0	0	0.0236634019666	0.000175068325277	0.00524232374024	0	0	0.0567804934982	0.00518396763181	0.000272328505986	0.010280401101	2.91780542128e-05	0.000437670813192	0.00215917601175	0	9.72601807094e-06	4.86300903547e-05	0.00020424637949	0.0090354707879	0	0.00775163640254	0	0.0504099516617	0.000184794343348	2.91780542128e-05	0.000301506560199	0.0112043728177	0.000476574885476	0	0	0	0	0.000554383030044	0.00116712216851	0.000282054524057	0.00244123053581	0.000739177373392	0.001507532801	0.000155616289135	0	0.00156588890942	0.000126438234922	0.000603013120398	0.00020424637949	0.000213972397561	0.000145890271064	0
0	0	0	0	0.00289835338514	0	0.000282054524057	0.00183821741541	8.75341626385e-05	0.00362780474046	0	3.89040722838e-05	0.00229534026474	3.89040722838e-05	0.000136164252993	0.000661369228824	0	0	9.72601807094e-06	4.86300903547e-05	0.00082671153603	0.000184794343348	0	0.000184794343348	0.00324849003569	0	1.94520361419e-05	0	0.00213972397561	0.000359862668625	0	0	1.94520361419e-05	5.83561084256e-05	0.000213972397561	0.000213972397561	0	0	0	0.0108445101491	0	0.0129161519982	0.0108639621852	0.0118268379743	0.00518396763181	0.0485231041559	0.001507532801	0.00997889454079	0.000700273301108	0.00374451695731	0.000505752939689	0	9.72601807094e-06	4.86300903547e-05	0.000184794343348	0.0125368372934	0	0	0	0.00883122440841	0	0.000126438234922	0	0.0140054660222	0.00151725881907	0	0	0	0	0.00261629886108	0.000340410632483	9.72601807094e-06	0.00020424637949	3.89040722838e-05	0.000632191174611	0	3.89040722838e-05	0.00247040859002	0.000126438234922	0.0031123257827	0.000875341626385	0.00170205316241	0.000778081445675	1.94520361419e-05
0	0	0	0	2.91780542128e-05	0	0	1.94520361419e-05	0	0	1.94520361419e-05	0.000554383030044	0.000437670813192	0.000739177373392	0	1.94520361419e-05	9.72601807094e-06	2.91780542128e-05	0	0.000194520361419	5.83561084256e-05	0	0	0.000389040722838	0.000223698415632	0.000272328505986	0.00177986130698	0.000671095246895	0.000243150451774	7.78081445675e-05	0	9.72601807094e-06	0	0.000175068325277	0.000145890271064	1.94520361419e-05	0	0	0	0.001371368548	0	0.000632191174611	0.000340410632483	0.00116712216851	0.000272328505986	0.001507532801	0.036599006001	0.000797533481817	0.00578698075221	0.00219808008403	3.89040722838e-05	0.000184794343348	0.00135191651186	0.00553410428237	0.0120310843538	0.00100177986131	0.000223698415632	0.000175068325277	0.00040849275898	0.00211054592139	0.00138109456607	0.00497972125232	0.000233424433703	0.000690547283037	0.00195492963226	4.86300903547e-05	7.78081445675e-05	0.00104068393359	0	0.0136845074258	0.000155616289135	0.000505752939689	0.000340410632483	0.000243150451774	9.72601807094e-06	0	0	0.00496026921618	0.00368616084889	0.0173414902205	0.00201328574068	0.000544657011973	0.00071972533725	0.00297616152971
0	0	0	0	0.00505752939689	0	0.000457122849334	0.000340410632483	0.000233424433703	0.00391958528259	2.91780542128e-05	0	0.00662341830631	0.000145890271064	0.00010698619878	0.00093369773481	2.91780542128e-05	0	0	9.72601807094e-06	0.00110876606009	0.000175068325277	3.89040722838e-05	0.000175068325277	0.00328739410798	0	1.94520361419e-05	0	0.00177986130698	0.000398766740909	0	0	4.86300903547e-05	9.72601807094e-05	0.00041821877705	0	0	0	0	0.0096384839083	0.000544657011973	0.0155908069677	0	0.00386122917416	0.010280401101	0.00997889454079	0.000797533481817	0.0317068189113	0.000690547283037	0.000885067644456	0.00380287306574	0	0	0	9.72601807094e-06	0.0122645087875	0	0.000291780542128	0	0.00798506083624	0	9.72601807094e-06	0	0.00062246515654	0.000748903391463	0	0	0	0	0.00267465496951	0.000457122849334	1.94520361419e-05	0.000389040722838	7.78081445675e-05	0.00071972533725	0	0.000145890271064	0.00263575089723	0.00041821877705	0.00442533822228	0.00253849071652	0.00390013324645	0.0026454769153	2.91780542128e-05
0	2.91780542128e-05	0	0	1.94520361419e-05	0	0	0	0	0	0	0.000340410632483	0.00040849275898	0.00332629818026	0	0	0	0	0	0	1.94520361419e-05	0	0	0	9.72601807094e-06	0.00164369705399	0.00195492963226	0.00321931198148	1.94520361419e-05	0	0	0.00136164252993	0	9.72601807094e-06	9.72601807094e-06	9.72601807094e-06	7.78081445675e-05	0	0	0.000155616289135	0	0.000476574885476	7.78081445675e-05	0.00071972533725	2.91780542128e-05	0.000700273301108	0.00578698075221	0.000690547283037	0.0167968332085	0.00159506696363	1.94520361419e-05	0	0	0	0	0.00051547895776	0	0	9.72601807094e-06	0.000184794343348	0.00289835338514	0.00109904004202	0.00233424433703	4.86300903547e-05	0.000709999319179	1.94520361419e-05	0.000136164252993	0.000641917192682	0	0.00349164048747	9.72601807094e-06	0.000233424433703	0	0	0	0	0	0	0.00441561220421	0.0030442436562	0	0.000340410632483	0.00031123257827	0.00272328505986
0	0	0	0	0	0	0	9.72601807094e-06	0	0	9.72601807094e-06	9.72601807094e-06	0.00062246515654	8.75341626385e-05	0	5.83561084256e-05	0	0	9.72601807094e-06	9.72601807094e-06	2.91780542128e-05	0	0	0	0.000457122849334	0	9.72601807094e-06	0	0.000155616289135	8.75341626385e-05	0	0	0	0.000155616289135	0.000155616289135	0.0164661485941	0	0	0	0.0019743816684	2.91780542128e-05	0.00393903731873	0.02057052822	0.0224768277619	0.000437670813192	0.00374451695731	0.00219808008403	0.000885067644456	0.00159506696363	0.0496902263244	0.00020424637949	0	0	0	9.72601807094e-06	0.00031123257827	0.00147835474678	0	0.00138109456607	0.013577521227	9.72601807094e-06	0	0	0.00912300495054	0.0186253246059	0.00151725881907	0	0.00125465633115	0	0.00339438030676	2.91780542128e-05	0	0.000126438234922	3.89040722838e-05	9.72601807094e-06	9.72601807094e-06	0.000136164252993	0.000398766740909	9.72601807094e-06	0.00258712080687	0.00124493031308	0.00145890271064	0.00271355904179	0.000116712216851
0	0	0	0	0	0	0	0	0	2.91780542128e-05	0	0	9.72601807094e-06	0	0	0	0	0	0	0	0	0	0	0	9.72601807094e-05	0	0	0	0	0	0	0	0	0	0	4.86300903547e-05	0	0	0	0.00147835474678	0.00101150587938	0.00370561288503	9.72601807094e-06	0.00106013596973	0.00215917601175	0.000505752939689	3.89040722838e-05	0.00380287306574	1.94520361419e-05	0.00020424637949	0.00596204907749	0	0	9.72601807094e-06	9.72601807094e-06	3.89040722838e-05	0	0	0	0.00175068325277	0	0	0	7.78081445675e-05	0.000233424433703	0	0	0	0	9.72601807094e-05	0	0	0	0	0	0	0	8.75341626385e-05	0	5.83561084256e-05	0	0.000904519680598	0.000116712216851	0
0	0.000145890271064	0.00230506628281	0	0	0	0	0	0	0	0	0	0	0	0	0	0.0102609490648	0	0	0	0	0.000748903391463	1.94520361419e-05	0.0130814943054	0.000116712216851	0	0	0.0175651886361	0	0	0	0	0	0	0	0	0.00184794343348	1.94520361419e-05	0	0	2.91780542128e-05	0	0	0	0	0	0.000184794343348	0	0	0	0	0.0389527023741	7.78081445675e-05	4.86300903547e-05	0.000165342307206	0	4.86300903547e-05	0.0286042191466	0.00519369364988	0.0078975266736	1.94520361419e-05	0	0.00862697802893	0.000671095246895	0	0	0	0	0	0.000126438234922	0.000145890271064	0	9.72601807094e-06	9.72601807094e-06	0	0	0	0.00503807736075	0.000262602487915	0.000661369228824	0.00020424637949	5.83561084256e-05	3.89040722838e-05	0
0	0	0	0	0	0	0	0	0	0	0	0	0	0	0	0	0	0	0	0	0	0	0	2.91780542128e-05	0	0	0	0	0	0	0	0	0	0	0	0	0	0.01068889386	0	5.83561084256e-05	0	0	9.72601807094e-06	0	9.72601807094e-06	9.72601807094e-06	0.00135191651186	0	0	0	0	7.78081445675e-05	0.0256086055808	8.75341626385e-05	0.0043183520235	0	0.000301506560199	9.72601807094e-06	0.00930779929389	7.78081445675e-05	0	0.000797533481817	0.00837410155908	7.78081445675e-05	0	0	0	0	0	0.00389040722838	9.72601807094e-06	0	2.91780542128e-05	2.91780542128e-05	0	0	0	6.80821264966e-05	7.78081445675e-05	0.00366670881274	0.000116712216851	0	0	0
