0.0127981436049	1.32852701781e-05	3.98558105343e-05	0	2.65705403562e-05	0	0.00143923760263	0.00413171902539	0.00252420133384	0.00021256432285	0.00143480917924	8.85684678541e-06	0.000168280088923	4.4284233927e-06	0.0039457252429	8.85684678541e-06	6.19979274979e-05	4.4284233927e-06	0	8.85684678541e-06	6.64263508906e-05	0.000270133826955	0.000141709548567	0.000190422205886	0.000305561214097	0	8.85684678541e-06	1.77136935708e-05	0.000947682606039	0.00511040059518	0.00307775425793	0	1.32852701781e-05	0.000615550851586	0.00091668364229	0	4.4284233927e-06	0	0	0	0	0	1.77136935708e-05	0	9.74253146395e-05	0	4.4284233927e-06	0	0	0	0	0	0	0	0	0	0	2.65705403562e-05	8.85684678541e-06	2.21421169635e-05	0	0	0	1.77136935708e-05	0	8.85684678541e-06	0	0	0	0	0.000336560177845	0.000106282161425	0.000420700222307	0.00016385166553	0.000123995854996	8.85684678541e-06	0	0	0	4.4284233927e-06	4.4284233927e-06	0	0	0
1.32852701781e-05	0.0166154445694	0.00228506647064	0	0	0	8.85684678541e-06	2.65705403562e-05	1.77136935708e-05	1.32852701781e-05	0	0.000208135899457	4.4284233927e-06	0.000123995854996	8.85684678541e-06	0	0.000172708512315	0.000823686751043	3.54273871416e-05	0.000544696077303	0	0.000265705403562	0.00152337764709	0.00180236832083	3.54273871416e-05	0.00105839319086	0.00391029785576	0.00841843286953	8.85684678541e-05	2.65705403562e-05	0.00016385166553	8.85684678541e-06	0	1.32852701781e-05	0.000805973057472	4.4284233927e-06	0.00406972109789	0.00054026765391	0	0	0	4.4284233927e-06	0	0	0	0	0.000154994818745	0	0.000110710584818	4.4284233927e-06	0	4.87126573197e-05	0.000243563286599	5.31410807124e-05	0.000402986528736	0	4.4284233927e-05	0.000336560177845	0.000309989637489	4.4284233927e-06	0.000433985492485	0.00108053530782	0.0018200820144	4.4284233927e-06	0	1.77136935708e-05	0	0	0	0.000389701258558	0.000464984456234	0.0011513900821	0.000695262472654	0.000270133826955	1.32852701781e-05	4.4284233927e-06	0	9.74253146395e-05	0.00054026765391	0.000283419097133	0.000110710584818	8.85684678541e-06	1.77136935708e-05	8.85684678541e-06
3.98558105343e-05	0.00228506647064	0.0242633317686	0	0	0	1.77136935708e-05	0.000159423242137	3.09989637489e-05	3.98558105343e-05	2.65705403562e-05	0.000132852701781	8.85684678541e-06	3.09989637489e-05	2.21421169635e-05	4.4284233927e-06	0.000429557069092	0.00421143064646	1.77136935708e-05	0.000345417024631	0	0.00183779570797	0.00100968053354	0.0132454143676	0.00016385166553	5.31410807124e-05	0.00586766099533	0.00737775337224	0.000394129681951	0.00011513900821	0.00100082368675	4.4284233927e-06	0	4.87126573197e-05	0.0030954679515	4.4284233927e-06	0.000788259363901	0.000146137971959	0	0	0	0	0	0	8.85684678541e-06	0	1.32852701781e-05	0	8.85684678541e-06	4.4284233927e-06	0	8.85684678541e-06	3.98558105343e-05	4.4284233927e-06	4.87126573197e-05	0	1.77136935708e-05	0.000221421169635	0.000119567431603	1.32852701781e-05	3.54273871416e-05	0.00016385166553	0.000367559141594	8.85684678541e-06	0	4.4284233927e-06	0	0	0	7.08547742833e-05	0.00176694093369	0.00249320237009	0.00237363493849	0.00091668364229	0.000110710584818	1.32852701781e-05	2.21421169635e-05	6.64263508906e-05	0.000106282161425	6.19979274979e-05	3.98558105343e-05	4.4284233927e-06	0	4.4284233927e-06
0	0	0	0	0	0	0	0	0	0	0	0	0	0	0	0	0	0	0	0	0	0	0	0	0	0	0	0	0	0	0	0	0	0	0	0	0	0	0	0	0	0	0	0	0	0	0	0	0	0	0	0	0	0	0	0	0	0	0	0	0	0	0	0	0	0	0	0	0	0	0	0	0	0	0	0	0	0	0	0	0	0	0	0
2.65705403562e-05	0	0	0	0.0139982463443	0	0.000256848556777	0.000801544634079	6.19979274979e-05	8.41400444614e-05	0.00184222413136	0	0.000841400444614	0	6.19979274979e-05	0	4.4284233927e-06	0	0	0	0.00271019511633	8.85684678541e-06	8.85684678541e-06	4.4284233927e-06	0.00239577705545	0	0	0	0.00436199704181	2.65705403562e-05	2.21421169635e-05	0	0	8.85684678541e-06	8.85684678541e-06	8.85684678541e-06	0	0	0	0.0038217293879	0	3.09989637489e-05	3.54273871416e-05	0	6.19979274979e-05	0.000650978238727	0	0.00190422205886	0	4.4284233927e-06	0	8.85684678541e-06	0	0	0	0.0029759005199	4.4284233927e-06	4.4284233927e-06	0	0.0004251286457	0	0	0	0.000270133826955	0	1.32852701781e-05	0	0	0	4.4284233927e-06	4.4284233927e-06	0	0	0	4.4284233927e-06	0	0	0	0	0	0	8.85684678541e-06	0	0
0	0	0	0	0	0.00112481954175	0.000668691932298	0	0.000203707476064	4.4284233927e-06	0	4.4284233927e-06	4.4284233927e-06	0	7.5283197676e-05	0.000216992746242	0	0	0	0	0	0	0	0	0	0	0	0	0	0.000106282161425	0	0	0.000296704367311	0	0.000101853738032	0	0	0	0	0	0	0	0	0	4.4284233927e-06	0	0	0	0	0	0	0	0	0	0	0	0	0	0	4.4284233927e-06	0	0	0	4.4284233927e-06	0	0	0	0	0	0	4.4284233927e-06	0	2.65705403562e-05	8.85684678541e-06	0.000323274907667	0.000177136935708	4.4284233927e-06	0	0	0	0	0	0	0
0.00143923760263	8.85684678541e-06	1.77136935708e-05	0	0.000256848556777	0.000668691932298	0.0453027713074	0.00456127609448	0.0188695120763	0.000177136935708	0.0147422214743	3.09989637489e-05	0.00756817557813	2.65705403562e-05	0.00659392243174	0.0010318226505	1.32852701781e-05	4.4284233927e-06	0	4.4284233927e-06	0.00159423242137	7.97116210687e-05	3.54273871416e-05	6.64263508906e-05	0.000305561214097	4.4284233927e-06	1.32852701781e-05	2.21421169635e-05	0.00156766188102	0.00402543686397	0.000371987564987	0	0.00207250214779	0.000247991709991	0.00296261524972	0	4.4284233927e-06	0	0	4.4284233927e-06	0	0	0	0	7.5283197676e-05	4.4284233927e-06	0	0	0	0	0	0	0	0	0	0	4.4284233927e-06	0	0	3.09989637489e-05	0	0	0	4.4284233927e-06	0	4.4284233927e-06	0	0	0	0	0.000367559141594	3.09989637489e-05	0.00108939215461	0.000323274907667	0.00118238904585	0.00093439733586	0	4.4284233927e-06	4.4284233927e-06	0	0	0	0	0
0.00413171902539	2.65705403562e-05	0.000159423242137	0	0.000801544634079	0	0.00456127609448	0.046122029635	0.00307332583454	0.00170937142958	0.0146049403491	0	0.00147023656638	8.85684678541e-06	0.00394129681951	3.98558105343e-05	0.000433985492485	4.4284233927e-05	0	0	0.00124438697335	0.00121781643299	0.000522553960339	0.00098310999318	0.00423800118682	0	3.09989637489e-05	0.000101853738032	0.0195470608554	0.00258619926134	0.00677548779084	0	4.4284233927e-06	0.00070411931944	0.00213007165189	3.09989637489e-05	1.77136935708e-05	0	0	8.41400444614e-05	0	8.85684678541e-06	9.74253146395e-05	0	0.000748403553367	1.77136935708e-05	0	2.21421169635e-05	0	2.65705403562e-05	0	3.54273871416e-05	0	0	0	3.54273871416e-05	5.75695041051e-05	0.000119567431603	6.64263508906e-05	0.000411843375521	0	0	0	0.000132852701781	1.32852701781e-05	7.5283197676e-05	0	0	0	8.85684678541e-06	0.00100968053354	0.000336560177845	0.000712976166225	0.000305561214097	0.000371987564987	4.4284233927e-06	0	1.32852701781e-05	0	4.4284233927e-06	1.77136935708e-05	4.4284233927e-06	0	0
0.00252420133384	1.77136935708e-05	3.09989637489e-05	0	6.19979274979e-05	0.000203707476064	0.0188695120763	0.00307332583454	0.0419504547991	0.000101853738032	0.00683305729494	2.21421169635e-05	0.000965396299609	3.54273871416e-05	0.0157829009716	3.98558105343e-05	3.98558105343e-05	4.4284233927e-06	0	8.85684678541e-06	0.000247991709991	0.00011513900821	4.4284233927e-05	9.74253146395e-05	0.000194850629279	0	1.77136935708e-05	1.32852701781e-05	0.000876827831755	0.00608022531818	0.000593408734622	0	0.0014569512962	0.000371987564987	0.00324160592346	0	4.4284233927e-06	0	0	4.4284233927e-06	0	0	8.85684678541e-06	0	8.85684678541e-05	0	0	0	0	0	0	4.4284233927e-06	0	0	0	4.4284233927e-06	0	1.77136935708e-05	1.32852701781e-05	2.65705403562e-05	0	0	0	1.32852701781e-05	0	8.85684678541e-06	0	0	0	4.4284233927e-06	0.000420700222307	4.87126573197e-05	0.00110267742478	0.000296704367311	0.000580123464444	0.000367559141594	0	4.4284233927e-06	0	4.4284233927e-06	4.4284233927e-06	0	0	0
0.00021256432285	1.32852701781e-05	3.98558105343e-05	0	8.41400444614e-05	4.4284233927e-06	0.000177136935708	0.00170937142958	0.000101853738032	0.0135642608519	0.000464984456234	0	0.0017005145828	4.4284233927e-06	0.000150566395352	0.000177136935708	0.000367559141594	1.32852701781e-05	0	0	0.000203707476064	0.000309989637489	0.00189536521208	0.000287847520526	0.00469855721966	0	8.85684678541e-06	5.31410807124e-05	0.00271019511633	0.000314418060882	0.000624407698371	0	4.4284233927e-06	0.000110710584818	0.000522553960339	6.64263508906e-05	4.4284233927e-06	0	0	0.000181565359101	0	2.65705403562e-05	0.000252420133384	8.85684678541e-06	0.00201493264368	6.64263508906e-05	0	6.19979274979e-05	0	3.54273871416e-05	4.4284233927e-06	0.000110710584818	4.4284233927e-06	0	0	8.85684678541e-05	0.000141709548567	0.000340988601238	0.000128424278388	0.00110710584818	0	0	3.98558105343e-05	0.000460556032841	3.54273871416e-05	0.00016385166553	0	0	8.85684678541e-06	7.08547742833e-05	0.000247991709991	0.000106282161425	0.000137281125174	7.08547742833e-05	0.000557981347481	4.4284233927e-06	0	3.54273871416e-05	8.85684678541e-06	8.85684678541e-06	1.77136935708e-05	2.21421169635e-05	8.85684678541e-06	0
0.00143480917924	0	2.65705403562e-05	0	0.00184222413136	0	0.0147422214743	0.0146049403491	0.00683305729494	0.000464984456234	0.0479421116494	0	0.0085557139947	0	0.00353831029077	3.98558105343e-05	1.32852701781e-05	8.85684678541e-06	0	0	0.00464541613895	9.29968912468e-05	6.64263508906e-05	6.19979274979e-05	0.000797116210687	0	4.4284233927e-06	4.4284233927e-06	0.00911369534218	0.000854685714792	0.0006066940048	0	4.4284233927e-06	0.000230278016421	0.000495983419983	8.85684678541e-06	4.4284233927e-06	0	0	2.21421169635e-05	0	0	2.65705403562e-05	0	0.000194850629279	8.85684678541e-06	0	4.4284233927e-06	0	1.32852701781e-05	0	0	0	0	0	1.32852701781e-05	0	8.85684678541e-06	1.32852701781e-05	0.000137281125174	0	0	0	3.98558105343e-05	0	1.32852701781e-05	0	0	0	0	0.000239134863206	3.98558105343e-05	0.000177136935708	7.08547742833e-05	0.000185993782494	0	0	0	0	0	4.4284233927e-06	0	0	0
8.85684678541e-06	0.000208135899457	0.000132852701781	0	0	4.4284233927e-06	3.09989637489e-05	0	2.21421169635e-05	0	0	0.0306934025348	0	0.00787816521562	3.09989637489e-05	0	4.4284233927e-06	0.00105396476746	0.0032150353831	0.0055222439707	0	2.65705403562e-05	8.85684678541e-06	0.000110710584818	0	0.0028519046649	0.00870628039006	0.00144366602602	0	0.00011513900821	3.09989637489e-05	0.000845828868006	8.85684678541e-06	4.4284233927e-06	0.00404757898093	0	7.97116210687e-05	0	0	0	0	0	0	0	0	0	0.000332131754453	0	0.000562409770873	0	0	0	1.77136935708e-05	2.65705403562e-05	3.98558105343e-05	0	4.4284233927e-06	0	4.4284233927e-06	0	0.000757260400152	0.000371987564987	0.000256848556777	0	0	4.4284233927e-06	4.4284233927e-06	0	0	4.4284233927e-05	0.000296704367311	0.00283861939472	0.0036401640288	0.000332131754453	1.77136935708e-05	0	0.000757260400152	1.77136935708e-05	0.000110710584818	2.65705403562e-05	1.77136935708e-05	0	0	5.75695041051e-05
0.000168280088923	4.4284233927e-06	8.85684678541e-06	0	0.000841400444614	4.4284233927e-06	0.00756817557813	0.00147023656638	0.000965396299609	0.0017005145828	0.0085557139947	0	0.0310078205957	0	0.000416271798914	0.00112039111835	4.4284233927e-06	4.4284233927e-06	0	0	0.00908712480183	8.85684678541e-06	1.32852701781e-05	4.4284233927e-06	0.00107610688443	0	0	0	0.00108939215461	0.000172708512315	4.4284233927e-05	0	4.4284233927e-06	3.98558105343e-05	7.08547742833e-05	4.4284233927e-06	4.4284233927e-06	0	0	1.32852701781e-05	0	0	8.85684678541e-06	0	8.85684678541e-05	4.4284233927e-06	0	4.4284233927e-06	0	0	0	4.4284233927e-06	0	0	0	8.85684678541e-06	8.85684678541e-06	4.4284233927e-06	4.4284233927e-06	4.87126573197e-05	0	0	0	2.65705403562e-05	0	0	0	0	0	0	2.65705403562e-05	8.85684678541e-06	3.09989637489e-05	2.21421169635e-05	0.000863542561577	0	0	0	0	0	0	0	0	0
4.4284233927e-06	0.000123995854996	3.09989637489e-05	0	0	0	2.65705403562e-05	8.85684678541e-06	3.54273871416e-05	4.4284233927e-06	0	0.00787816521562	0	0.0149592142206	2.21421169635e-05	4.4284233927e-06	4.4284233927e-06	0.000154994818745	0.000318846484275	0.000673120355691	0	3.98558105343e-05	1.32852701781e-05	3.98558105343e-05	4.4284233927e-06	0.00216107061564	0.00482255307465	0.00282976254794	1.77136935708e-05	9.29968912468e-05	3.09989637489e-05	0.00100525211014	4.4284233927e-06	1.77136935708e-05	0.000633264545157	0	6.19979274979e-05	4.4284233927e-06	0	0	0	0	0	0	0	0	0.000159423242137	0	0.000429557069092	0	0	0	2.21421169635e-05	8.85684678541e-06	2.65705403562e-05	0	0	0	0	0	0.000433985492485	0.00016385166553	0.000110710584818	0	0	0	4.4284233927e-06	0	0	2.65705403562e-05	0.00037641598838	0.000947682606039	0.0010318226505	0.000571266617659	3.09989637489e-05	4.4284233927e-06	0.000314418060882	2.65705403562e-05	7.08547742833e-05	2.65705403562e-05	0	0	0	2.21421169635e-05
0.0039457252429	8.85684678541e-06	2.21421169635e-05	0	6.19979274979e-05	7.5283197676e-05	0.00659392243174	0.00394129681951	0.0157829009716	0.000150566395352	0.00353831029077	3.09989637489e-05	0.000416271798914	2.21421169635e-05	0.0293161628597	1.77136935708e-05	2.65705403562e-05	4.4284233927e-06	0	1.32852701781e-05	0.000150566395352	0.000110710584818	7.5283197676e-05	9.74253146395e-05	0.000221421169635	0	1.77136935708e-05	8.85684678541e-06	0.000881256255148	0.0085557139947	0.000832543597828	0	0.000956539452824	0.000318846484275	0.00301132790704	4.4284233927e-06	0	0	0	4.4284233927e-06	0	0	1.32852701781e-05	0	8.41400444614e-05	0	0	8.85684678541e-06	0	4.4284233927e-06	4.4284233927e-06	4.4284233927e-06	0	0	0	4.4284233927e-06	4.4284233927e-06	8.85684678541e-06	1.32852701781e-05	3.09989637489e-05	0	0	0	1.32852701781e-05	0	1.32852701781e-05	0	0	0	0	0.000380844411773	5.75695041051e-05	0.00108939215461	0.000287847520526	0.000398558105343	0.000270133826955	0	8.85684678541e-06	0	0	0	4.4284233927e-06	0	0
8.85684678541e-06	0	4.4284233927e-06	0	0	0.000216992746242	0.0010318226505	3.98558105343e-05	3.98558105343e-05	0.000177136935708	3.98558105343e-05	0	0.00112039111835	4.4284233927e-06	1.77136935708e-05	0.00375973146041	0	0	0	4.4284233927e-06	2.21421169635e-05	1.32852701781e-05	4.4284233927e-06	8.85684678541e-06	9.29968912468e-05	0	0	4.4284233927e-06	2.65705403562e-05	1.32852701781e-05	8.85684678541e-06	0	0	8.85684678541e-06	4.87126573197e-05	4.4284233927e-06	0	0	0	0	0	0	4.4284233927e-06	0	1.77136935708e-05	0	4.4284233927e-06	0	0	0	0	0	0	0	0	0	0	0	0	1.32852701781e-05	0	0	4.4284233927e-06	8.85684678541e-06	0	0	0	0	0	4.4284233927e-06	9.74253146395e-05	4.4284233927e-06	5.75695041051e-05	3.98558105343e-05	0.00209464426475	4.4284233927e-06	0	1.32852701781e-05	8.85684678541e-06	1.32852701781e-05	8.85684678541e-06	0	4.4284233927e-06	0
6.19979274979e-05	0.000172708512315	0.000429557069092	0	4.4284233927e-06	0	1.32852701781e-05	0.000433985492485	3.98558105343e-05	0.000367559141594	1.32852701781e-05	4.4284233927e-06	4.4284233927e-06	4.4284233927e-06	2.65705403562e-05	0	0.0187765151851	8.41400444614e-05	8.85684678541e-06	1.32852701781e-05	0	0.00342759970595	0.00486683730858	0.00632378860478	0.00665149193584	0	7.97116210687e-05	0.0027943351608	0.00397672420665	0.000230278016421	0.00111596269496	0	0	0.000128424278388	0.00129309963067	0	8.85684678541e-05	1.32852701781e-05	0	0	0	0	1.77136935708e-05	0	0.00011513900821	0	0	0	0	0	0	0.000159423242137	0	0	0	0	3.98558105343e-05	0.000371987564987	0.000128424278388	7.08547742833e-05	0	0	0.000309989637489	3.54273871416e-05	0	1.32852701781e-05	0	0	0	8.85684678541e-06	0.000757260400152	0.000774974093723	0.000593408734622	0.00026127698017	8.41400444614e-05	4.4284233927e-06	0	2.21421169635e-05	1.32852701781e-05	8.85684678541e-06	8.85684678541e-06	4.4284233927e-06	4.4284233927e-06	4.4284233927e-06
4.4284233927e-06	0.000823686751043	0.00421143064646	0	0	0	4.4284233927e-06	4.4284233927e-05	4.4284233927e-06	1.32852701781e-05	8.85684678541e-06	0.00105396476746	4.4284233927e-06	0.000154994818745	4.4284233927e-06	0	8.41400444614e-05	0.0179882558212	0.0012753859371	0.00413171902539	0	0.000965396299609	0.000123995854996	0.00744417972313	2.21421169635e-05	0.000146137971959	0.00790473575598	0.00179351147405	8.85684678541e-05	7.08547742833e-05	0.000420700222307	1.32852701781e-05	4.4284233927e-06	8.85684678541e-06	0.00236034966831	0	0.00026127698017	2.21421169635e-05	0	0	0	0	0	0	0	0	3.09989637489e-05	0	3.98558105343e-05	0	0	0	4.4284233927e-06	0	4.87126573197e-05	0	0	1.32852701781e-05	1.32852701781e-05	0	6.64263508906e-05	0.000101853738032	0.000101853738032	0	4.4284233927e-06	0	0	0	4.4284233927e-06	3.54273871416e-05	0.000863542561577	0.00120895958621	0.0015809471512	0.000646549815335	6.64263508906e-05	0	4.4284233927e-06	1.77136935708e-05	5.31410807124e-05	3.09989637489e-05	4.4284233927e-06	0	0	0
0	3.54273871416e-05	1.77136935708e-05	0	0	0	0	0	0	0	0	0.0032150353831	0	0.000318846484275	0	0	8.85684678541e-06	0.0012753859371	0.00589423153569	0.00292275943918	0	4.4284233927e-06	4.4284233927e-06	2.21421169635e-05	8.85684678541e-06	0.000150566395352	0.00201050422029	0.000234706439813	4.4284233927e-06	0	0	3.54273871416e-05	0	0	0.000256848556777	0	8.85684678541e-06	0	0	0	0	0	0	0	0	0	3.09989637489e-05	0	3.54273871416e-05	0	0	0	0	8.85684678541e-06	8.85684678541e-06	0	0	0	0	0	7.5283197676e-05	5.31410807124e-05	2.21421169635e-05	0	0	0	0	0	0	0	3.98558105343e-05	0.000154994818745	0.000181565359101	2.65705403562e-05	0	0	0	4.4284233927e-06	1.32852701781e-05	0	0	0	0	8.85684678541e-06
8.85684678541e-06	0.000544696077303	0.000345417024631	0	0	0	4.4284233927e-06	0	8.85684678541e-06	0	0	0.0055222439707	0	0.000673120355691	1.32852701781e-05	4.4284233927e-06	1.32852701781e-05	0.00413171902539	0.00292275943918	0.0153002028218	0	5.31410807124e-05	8.85684678541e-06	0.000247991709991	8.85684678541e-06	0.000611122428193	0.0087992772813	0.00142152390906	8.85684678541e-06	1.77136935708e-05	3.98558105343e-05	4.4284233927e-05	0	4.4284233927e-06	0.00226735277706	0	0.000159423242137	1.32852701781e-05	0	0	0	0	0	0	0	0	0.000128424278388	0	0.000141709548567	0	0	0	1.77136935708e-05	1.32852701781e-05	6.19979274979e-05	0	4.4284233927e-06	4.4284233927e-06	4.4284233927e-06	0	0.000234706439813	0.000221421169635	0.000199279052672	0	0	4.4284233927e-06	4.4284233927e-06	0	0	2.21421169635e-05	0.000252420133384	0.00077054567033	0.00126210066692	0.000287847520526	8.85684678541e-06	0	1.32852701781e-05	8.85684678541e-06	4.87126573197e-05	2.21421169635e-05	0	0	0	8.85684678541e-06
6.64263508906e-05	0	0	0	0.00271019511633	0	0.00159423242137	0.00124438697335	0.000247991709991	0.000203707476064	0.00464541613895	0	0.00908712480183	0	0.000150566395352	2.21421169635e-05	0	0	0	0	0.0161416032664	4.4284233927e-06	0	4.4284233927e-06	0.000898969948719	0	0	0	0.00215664219225	5.75695041051e-05	2.65705403562e-05	0	0	1.77136935708e-05	3.09989637489e-05	4.4284233927e-06	0	0	0	4.4284233927e-06	0	0	4.4284233927e-06	0	2.65705403562e-05	4.4284233927e-06	0	0	0	0	0	0	0	0	0	4.4284233927e-06	4.4284233927e-06	0	4.4284233927e-06	1.32852701781e-05	0	0	0	1.32852701781e-05	0	0	0	0	0	0	8.85684678541e-06	0	1.32852701781e-05	0	2.65705403562e-05	0	0	0	0	0	0	0	0	0
0.000270133826955	0.000265705403562	0.00183779570797	0	8.85684678541e-06	0	7.97116210687e-05	0.00121781643299	0.00011513900821	0.000309989637489	9.29968912468e-05	2.65705403562e-05	8.85684678541e-06	3.98558105343e-05	0.000110710584818	1.32852701781e-05	0.00342759970595	0.000965396299609	4.4284233927e-06	5.31410807124e-05	4.4284233927e-06	0.0350022584959	0.0014569512962	0.0157961862418	0.00150566395352	0	0.000429557069092	0.00126210066692	0.00627507594746	0.00129309963067	0.0116644672164	0	0	0.000358702294809	0.00584109045498	4.4284233927e-06	0.000146137971959	2.21421169635e-05	0	0	0	0	1.77136935708e-05	0	9.74253146395e-05	0	0	0	0	0	0	1.32852701781e-05	4.4284233927e-06	0	0	0	2.65705403562e-05	0.000283419097133	4.87126573197e-05	2.21421169635e-05	0	1.32852701781e-05	8.85684678541e-05	2.65705403562e-05	0	1.77136935708e-05	0	0	4.4284233927e-06	2.65705403562e-05	0.00187322309511	0.00129752805406	0.00192193575243	0.00081925832765	0.000172708512315	4.4284233927e-06	4.4284233927e-06	3.54273871416e-05	1.77136935708e-05	1.77136935708e-05	8.85684678541e-06	0	0	0
0.000141709548567	0.00152337764709	0.00100968053354	0	8.85684678541e-06	0	3.54273871416e-05	0.000522553960339	4.4284233927e-05	0.00189536521208	6.64263508906e-05	8.85684678541e-06	1.32852701781e-05	1.32852701781e-05	7.5283197676e-05	4.4284233927e-06	0.00486683730858	0.000123995854996	4.4284233927e-06	8.85684678541e-06	0	0.0014569512962	0.0183203875756	0.00393243997272	0.00293604470936	0	0.000141709548567	0.00283419097133	0.00237363493849	0.000296704367311	0.00120895958621	0	0	0.000172708512315	0.00167837246583	3.54273871416e-05	0.000805973057472	0.000146137971959	0	4.4284233927e-06	0	4.4284233927e-06	7.08547742833e-05	4.4284233927e-06	0.000469412879627	0	0	0	0	8.85684678541e-06	0	0.00026127698017	1.32852701781e-05	0	4.4284233927e-06	0	0.000154994818745	0.00222749696653	0.000469412879627	0.000239134863206	0	3.54273871416e-05	0.000580123464444	0.000172708512315	1.32852701781e-05	0.000132852701781	0	0	4.4284233927e-06	0.000172708512315	0.00118681746924	0.00122667327978	0.000898969948719	0.000394129681951	0.000194850629279	1.77136935708e-05	0	0.000128424278388	9.29968912468e-05	0.000132852701781	6.64263508906e-05	4.4284233927e-06	1.77136935708e-05	4.4284233927e-06
0.000190422205886	0.00180236832083	0.0132454143676	0	4.4284233927e-06	0	6.64263508906e-05	0.00098310999318	9.74253146395e-05	0.000287847520526	6.19979274979e-05	0.000110710584818	4.4284233927e-06	3.98558105343e-05	9.74253146395e-05	8.85684678541e-06	0.00632378860478	0.00744417972313	2.21421169635e-05	0.000247991709991	4.4284233927e-06	0.0157961862418	0.00393243997272	0.0575163630244	0.00165180192548	2.21421169635e-05	0.00447270762663	0.00929526070129	0.00369330510951	0.00104953634407	0.005097115325	0	4.4284233927e-06	0.000185993782494	0.00851585818417	0	0.00086797098497	0.000181565359101	0	4.4284233927e-06	0	0	1.32852701781e-05	0	9.74253146395e-05	0	0	0	0	4.4284233927e-06	0	6.64263508906e-05	4.87126573197e-05	4.4284233927e-06	1.77136935708e-05	0	5.75695041051e-05	0.000721833013011	0.000243563286599	6.19979274979e-05	4.4284233927e-06	8.41400444614e-05	0.000407414952129	2.65705403562e-05	0	3.09989637489e-05	0	0	4.4284233927e-06	6.64263508906e-05	0.00437971073538	0.00439299600556	0.00464984456234	0.00190865048226	0.000323274907667	3.54273871416e-05	2.65705403562e-05	9.29968912468e-05	0.000101853738032	5.31410807124e-05	3.09989637489e-05	1.32852701781e-05	0	0
0.000305561214097	3.54273871416e-05	0.00016385166553	0	0.00239577705545	0	0.000305561214097	0.00423800118682	0.000194850629279	0.00469855721966	0.000797116210687	0	0.00107610688443	4.4284233927e-06	0.000221421169635	9.29968912468e-05	0.00665149193584	2.21421169635e-05	8.85684678541e-06	8.85684678541e-06	0.000898969948719	0.00150566395352	0.00293604470936	0.00165180192548	0.0354760997989	0	8.85684678541e-06	0.000349845448024	0.0148307899422	0.0006066940048	0.00164737350209	0	0	0.000256848556777	0.00125767224353	2.65705403562e-05	1.77136935708e-05	4.4284233927e-06	0	9.74253146395e-05	0	1.32852701781e-05	8.85684678541e-05	4.4284233927e-06	0.000841400444614	3.54273871416e-05	0	3.09989637489e-05	0	2.21421169635e-05	0	4.4284233927e-05	0	0	0	3.54273871416e-05	5.31410807124e-05	0.000283419097133	0.000106282161425	0.000504840266768	0	0	2.21421169635e-05	0.000168280088923	1.32852701781e-05	3.54273871416e-05	0	0	0	1.77136935708e-05	0.000637692968549	0.000332131754453	0.000411843375521	0.000177136935708	0.000345417024631	0	0	2.65705403562e-05	8.85684678541e-06	4.4284233927e-06	0	8.85684678541e-06	4.4284233927e-06	0
0	0.00105839319086	5.31410807124e-05	0	0	0	4.4284233927e-06	0	0	0	0	0.0028519046649	0	0.00216107061564	0	0	0	0.000146137971959	0.000150566395352	0.000611122428193	0	0	0	2.21421169635e-05	0	0.00902955529772	0.00213450007528	0.00132852701781	0	4.4284233927e-06	0	7.08547742833e-05	0	0	0.000239134863206	0	0.000256848556777	2.21421169635e-05	0	0	0	0	0	0	0	0	0.000380844411773	0	0.000695262472654	0	0	0	1.32852701781e-05	3.54273871416e-05	7.97116210687e-05	0	0	8.85684678541e-06	0	0	0.00137723967513	0.000575695041051	0.000433985492485	0	4.4284233927e-06	0	8.85684678541e-06	0	0	6.64263508906e-05	2.21421169635e-05	0.000708547742833	0.000314418060882	3.09989637489e-05	4.4284233927e-06	0	0.00032770333106	1.32852701781e-05	0.000159423242137	7.5283197676e-05	1.77136935708e-05	0	0	4.4284233927e-05
8.85684678541e-06	0.00391029785576	0.00586766099533	0	0	0	1.32852701781e-05	3.09989637489e-05	1.77136935708e-05	8.85684678541e-06	4.4284233927e-06	0.00870628039006	0	0.00482255307465	1.77136935708e-05	0	7.97116210687e-05	0.00790473575598	0.00201050422029	0.0087992772813	0	0.000429557069092	0.000141709548567	0.00447270762663	8.85684678541e-06	0.00213450007528	0.05121914496	0.0154463407938	4.87126573197e-05	3.98558105343e-05	0.000247991709991	0.00144809444941	8.85684678541e-06	8.85684678541e-06	0.00349845448024	0	0.00120453116282	8.85684678541e-05	0	0	0	0	0	0	0	0	0.000332131754453	0	0.000363130718202	0	0	4.4284233927e-06	7.97116210687e-05	2.65705403562e-05	0.000239134863206	0	8.85684678541e-06	2.65705403562e-05	3.98558105343e-05	0	0.000872399408363	0.000814829904257	0.000721833013011	0	0	4.4284233927e-06	8.85684678541e-06	0	0	0.000181565359101	0.00106282161425	0.00243120444259	0.00273676565669	0.00081925832765	6.19979274979e-05	4.4284233927e-06	3.54273871416e-05	6.19979274979e-05	0.00026127698017	0.000132852701781	3.09989637489e-05	0	0	2.65705403562e-05
1.77136935708e-05	0.00841843286953	0.00737775337224	0	0	0	2.21421169635e-05	0.000101853738032	1.32852701781e-05	5.31410807124e-05	4.4284233927e-06	0.00144366602602	0	0.00282976254794	8.85684678541e-06	4.4284233927e-06	0.0027943351608	0.00179351147405	0.000234706439813	0.00142152390906	0	0.00126210066692	0.00283419097133	0.00929526070129	0.000349845448024	0.00132852701781	0.0154463407938	0.0499969001036	0.000553552924088	6.64263508906e-05	0.000451699186056	0.000385272835165	4.4284233927e-06	2.21421169635e-05	0.00240906232563	0	0.00179351147405	0.000252420133384	0	0	0	0	0	0	8.85684678541e-06	0	8.41400444614e-05	0	0.000119567431603	0	0	7.97116210687e-05	0.000150566395352	2.65705403562e-05	0.000168280088923	0	2.65705403562e-05	0.000447270762663	0.000199279052672	8.85684678541e-06	0.000256848556777	0.000504840266768	0.000925540489075	4.4284233927e-06	0	4.4284233927e-06	4.4284233927e-06	0	0	0.000203707476064	0.00149237868334	0.00250648764027	0.00202821791386	0.00075283197676	8.85684678541e-05	4.4284233927e-06	4.4284233927e-06	7.97116210687e-05	0.000292275943918	0.000159423242137	6.19979274979e-05	8.85684678541e-06	8.85684678541e-06	8.85684678541e-06
0.000947682606039	8.85684678541e-05	0.000394129681951	0	0.00436199704181	0	0.00156766188102	0.0195470608554	0.000876827831755	0.00271019511633	0.00911369534218	0	0.00108939215461	1.77136935708e-05	0.000881256255148	2.65705403562e-05	0.00397672420665	8.85684678541e-05	4.4284233927e-06	8.85684678541e-06	0.00215664219225	0.00627507594746	0.00237363493849	0.00369330510951	0.0148307899422	0	4.87126573197e-05	0.000553552924088	0.0612273818275	0.00121781643299	0.00660277927852	0	4.4284233927e-06	0.000473841303019	0.00294932997954	3.98558105343e-05	4.4284233927e-05	8.85684678541e-06	0	0.00229835174081	0	2.21421169635e-05	0.000137281125174	4.4284233927e-06	0.00101410895693	0.000305561214097	0	0.000451699186056	0	3.54273871416e-05	0	7.5283197676e-05	4.4284233927e-06	0	0	0.00120453116282	9.29968912468e-05	0.000464984456234	0.000110710584818	0.000743975129974	0	4.4284233927e-06	5.31410807124e-05	0.000323274907667	1.77136935708e-05	7.97116210687e-05	0	0	8.85684678541e-06	3.54273871416e-05	0.00159866084477	0.000739546706582	0.000996395263358	0.000411843375521	0.000345417024631	4.4284233927e-06	4.4284233927e-06	5.31410807124e-05	1.32852701781e-05	1.77136935708e-05	1.77136935708e-05	4.4284233927e-06	4.4284233927e-06	0
0.00511040059518	2.65705403562e-05	0.00011513900821	0	2.65705403562e-05	0.000106282161425	0.00402543686397	0.00258619926134	0.00608022531818	0.000314418060882	0.000854685714792	0.00011513900821	0.000172708512315	9.29968912468e-05	0.0085557139947	1.32852701781e-05	0.000230278016421	7.08547742833e-05	0	1.77136935708e-05	5.75695041051e-05	0.00129309963067	0.000296704367311	0.00104953634407	0.0006066940048	4.4284233927e-06	3.98558105343e-05	6.64263508906e-05	0.00121781643299	0.0374423197853	0.00733789756171	0	0.00172265669976	0.0044328518161	0.00936611547557	4.4284233927e-06	1.32852701781e-05	4.4284233927e-06	0	2.21421169635e-05	0	0	3.09989637489e-05	0	0.000128424278388	0	0	4.4284233927e-06	0	4.4284233927e-06	0	4.4284233927e-06	4.4284233927e-06	0	0	1.32852701781e-05	1.32852701781e-05	4.4284233927e-05	1.32852701781e-05	7.97116210687e-05	0	0	0	2.21421169635e-05	0	0	0	0	0	8.85684678541e-06	0.00201493264368	0.000447270762663	0.00333017439131	0.00101410895693	0.00104067949729	0.000367559141594	4.4284233927e-06	2.21421169635e-05	4.4284233927e-06	4.4284233927e-06	8.85684678541e-06	4.4284233927e-06	0	4.4284233927e-06
0.00307775425793	0.00016385166553	0.00100082368675	0	2.21421169635e-05	0	0.000371987564987	0.00677548779084	0.000593408734622	0.000624407698371	0.0006066940048	3.09989637489e-05	4.4284233927e-05	3.09989637489e-05	0.000832543597828	8.85684678541e-06	0.00111596269496	0.000420700222307	0	3.98558105343e-05	2.65705403562e-05	0.0116644672164	0.00120895958621	0.005097115325	0.00164737350209	0	0.000247991709991	0.000451699186056	0.00660277927852	0.00733789756171	0.0410780553907	0	0	0.00157209030441	0.00798444737704	8.85684678541e-06	7.08547742833e-05	1.32852701781e-05	0	1.32852701781e-05	0	8.85684678541e-06	6.19979274979e-05	0	0.000318846484275	0	0	4.4284233927e-06	0	4.4284233927e-06	0	1.77136935708e-05	0	0	0	4.4284233927e-06	6.19979274979e-05	0.00026127698017	8.41400444614e-05	0.000110710584818	0	0	4.87126573197e-05	4.87126573197e-05	8.85684678541e-06	5.75695041051e-05	0	0	0	3.09989637489e-05	0.00251091606366	0.00120895958621	0.00215664219225	0.000810401480865	0.000332131754453	8.85684678541e-06	0	8.41400444614e-05	8.85684678541e-06	2.65705403562e-05	2.21421169635e-05	4.4284233927e-06	0	0
0	8.85684678541e-06	4.4284233927e-06	0	0	0	0	0	0	0	0	0.000845828868006	0	0.00100525211014	0	0	0	1.32852701781e-05	3.54273871416e-05	4.4284233927e-05	0	0	0	0	0	7.08547742833e-05	0.00144809444941	0.000385272835165	0	0	0	0.00187322309511	0	0	4.4284233927e-06	0	4.4284233927e-06	0	0	0	0	0	0	0	0	0	2.21421169635e-05	0	1.32852701781e-05	0	0	0	0	0	0	0	0	0	0	0	3.09989637489e-05	8.85684678541e-06	0	0	0	0	0	0	0	0	4.4284233927e-06	1.77136935708e-05	4.4284233927e-06	0	0	0	0	0	8.85684678541e-06	4.4284233927e-06	0	0	0	0
1.32852701781e-05	0	0	0	0	0.000296704367311	0.00207250214779	4.4284233927e-06	0.0014569512962	4.4284233927e-06	4.4284233927e-06	8.85684678541e-06	4.4284233927e-06	4.4284233927e-06	0.000956539452824	0	0	4.4284233927e-06	0	0	0	0	0	4.4284233927e-06	0	0	8.85684678541e-06	4.4284233927e-06	4.4284233927e-06	0.00172265669976	0	0	0.00460113190502	4.4284233927e-06	0.000938825759253	0	0	0	0	0	0	0	0	0	4.4284233927e-06	0	0	0	0	0	0	0	0	0	0	0	0	0	0	4.4284233927e-06	0	0	0	4.4284233927e-06	0	0	0	0	0	0	2.21421169635e-05	0	0.000146137971959	5.31410807124e-05	4.87126573197e-05	0.00054026765391	0	0	0	0	0	0	0	0
0.000615550851586	1.32852701781e-05	4.87126573197e-05	0	8.85684678541e-06	0	0.000247991709991	0.00070411931944	0.000371987564987	0.000110710584818	0.000230278016421	4.4284233927e-06	3.98558105343e-05	1.77136935708e-05	0.000318846484275	8.85684678541e-06	0.000128424278388	8.85684678541e-06	0	4.4284233927e-06	1.77136935708e-05	0.000358702294809	0.000172708512315	0.000185993782494	0.000256848556777	0	8.85684678541e-06	2.21421169635e-05	0.000473841303019	0.0044328518161	0.00157209030441	0	4.4284233927e-06	0.0060093705439	0.00250205921688	0	4.4284233927e-06	8.85684678541e-06	0	0	0	0	1.77136935708e-05	0	4.4284233927e-05	0	0	0	0	0	0	1.32852701781e-05	4.4284233927e-06	0	0	0	8.85684678541e-06	3.98558105343e-05	1.77136935708e-05	1.32852701781e-05	0	0	4.4284233927e-06	1.32852701781e-05	0	0	0	0	0	8.85684678541e-06	0.000828115174436	0.000208135899457	0.00065540666212	0.000221421169635	0.00021256432285	8.85684678541e-06	4.4284233927e-06	1.32852701781e-05	4.4284233927e-06	8.85684678541e-06	1.32852701781e-05	4.4284233927e-06	0	0
0.00091668364229	0.000805973057472	0.0030954679515	0	8.85684678541e-06	0.000101853738032	0.00296261524972	0.00213007165189	0.00324160592346	0.000522553960339	0.000495983419983	0.00404757898093	7.08547742833e-05	0.000633264545157	0.00301132790704	4.87126573197e-05	0.00129309963067	0.00236034966831	0.000256848556777	0.00226735277706	3.09989637489e-05	0.00584109045498	0.00167837246583	0.00851585818417	0.00125767224353	0.000239134863206	0.00349845448024	0.00240906232563	0.00294932997954	0.00936611547557	0.00798444737704	4.4284233927e-06	0.000938825759253	0.00250205921688	0.0476631209757	8.85684678541e-06	0.000323274907667	8.41400444614e-05	0	0	0	0	3.09989637489e-05	0	0.000177136935708	0	3.09989637489e-05	0	3.09989637489e-05	0	0	4.4284233927e-05	3.09989637489e-05	1.32852701781e-05	1.77136935708e-05	0	5.31410807124e-05	0.000332131754453	0.000110710584818	9.29968912468e-05	7.08547742833e-05	0.000141709548567	0.000208135899457	4.87126573197e-05	1.77136935708e-05	2.65705403562e-05	0	0	4.4284233927e-06	7.97116210687e-05	0.00929526070129	0.00451699186056	0.0190909332459	0.00551338712392	0.00189093678868	0.000504840266768	0.00011513900821	0.000221421169635	7.5283197676e-05	8.85684678541e-05	0.000106282161425	1.32852701781e-05	4.4284233927e-06	1.32852701781e-05
0	4.4284233927e-06	4.4284233927e-06	0	8.85684678541e-06	0	0	3.09989637489e-05	0	6.64263508906e-05	8.85684678541e-06	0	4.4284233927e-06	0	4.4284233927e-06	4.4284233927e-06	0	0	0	0	4.4284233927e-06	4.4284233927e-06	3.54273871416e-05	0	2.65705403562e-05	0	0	0	3.98558105343e-05	4.4284233927e-06	8.85684678541e-06	0	0	0	8.85684678541e-06	0.0195957735127	2.21421169635e-05	7.97116210687e-05	0	0.00026127698017	0	0.00235149282153	0.00484469519162	0.00242234759581	0.000385272835165	0.000487126573197	1.32852701781e-05	0.000535839230517	0	0.00870628039006	0.000495983419983	0.000172708512315	3.54273871416e-05	4.4284233927e-06	4.4284233927e-06	0.000203707476064	0.000584551887837	0.000252420133384	0.00077054567033	0.00148352183656	0	1.32852701781e-05	0.000101853738032	0.00148352183656	0.00760803138867	0.004251286457	0	3.98558105343e-05	0.00107610688443	0.00262162664848	8.85684678541e-06	4.4284233927e-06	4.4284233927e-06	4.4284233927e-06	8.85684678541e-06	0	0	0.000774974093723	0.000190422205886	0.00106282161425	0.0004251286457	0.000929968912468	0.000119567431603	8.85684678541e-06
4.4284233927e-06	0.00406972109789	0.000788259363901	0	0	0	4.4284233927e-06	1.77136935708e-05	4.4284233927e-06	4.4284233927e-06	4.4284233927e-06	7.97116210687e-05	4.4284233927e-06	6.19979274979e-05	0	0	8.85684678541e-05	0.00026127698017	8.85684678541e-06	0.000159423242137	0	0.000146137971959	0.000805973057472	0.00086797098497	1.77136935708e-05	0.000256848556777	0.00120453116282	0.00179351147405	4.4284233927e-05	1.32852701781e-05	7.08547742833e-05	4.4284233927e-06	0	4.4284233927e-06	0.000323274907667	2.21421169635e-05	0.01939649446	0.00219206957939	0	0	0	4.4284233927e-06	8.85684678541e-06	0	4.87126573197e-05	0	0.000407414952129	0	0.000429557069092	4.4284233927e-06	0	0.000349845448024	0.00105396476746	0.000128424278388	0.0011558185055	0	0.000283419097133	0.00300689948365	0.00147909341316	3.98558105343e-05	0.00205478845421	0.00360473664166	0.00945911236682	5.31410807124e-05	8.85684678541e-06	0.000101853738032	1.32852701781e-05	0	0	0.00140823863888	0.000203707476064	0.000482698149805	0.000243563286599	0.000128424278388	8.85684678541e-06	0	4.4284233927e-06	0.0004251286457	0.00160308926816	0.00104510792068	0.000309989637489	1.77136935708e-05	3.09989637489e-05	1.77136935708e-05
0	0.00054026765391	0.000146137971959	0	0	0	0	0	0	0	0	0	0	4.4284233927e-06	0	0	1.32852701781e-05	2.21421169635e-05	0	1.32852701781e-05	0	2.21421169635e-05	0.000146137971959	0.000181565359101	4.4284233927e-06	2.21421169635e-05	8.85684678541e-05	0.000252420133384	8.85684678541e-06	4.4284233927e-06	1.32852701781e-05	0	0	8.85684678541e-06	8.41400444614e-05	7.97116210687e-05	0.00219206957939	0.0248213131161	0	0	0	1.32852701781e-05	0.000150566395352	4.4284233927e-06	3.54273871416e-05	0	0.000110710584818	4.4284233927e-06	1.77136935708e-05	3.09989637489e-05	0	0.000611122428193	0.00399886632361	3.09989637489e-05	0.00081925832765	0	0.00177579778047	0.0011513900821	0.0110666300584	0.000119567431603	2.21421169635e-05	0.00616436536264	0.00872842250702	0.000221421169635	5.75695041051e-05	0.000797116210687	0	0	4.4284233927e-06	0.00311318164507	5.31410807124e-05	7.97116210687e-05	4.87126573197e-05	2.65705403562e-05	0	0	4.4284233927e-06	0.00121781643299	0.0021832127326	0.00241349074902	0.00120453116282	0.000110710584818	0.000106282161425	3.54273871416e-05
0	0	0	0	0	0	0	0	0	0	0	0	0	0	0	0	0	0	0	0	0	0	0	0	0	0	0	0	0	0	0	0	0	0	0	0	0	0	0	0	0	0	0	0	0	0	0	0	0	0	0	0	0	0	0	0	0	0	0	0	0	0	0	0	0	0	0	0	0	0	0	0	0	0	0	0	0	0	0	0	0	0	0	0
0	0	0	0	0.0038217293879	0	4.4284233927e-06	8.41400444614e-05	4.4284233927e-06	0.000181565359101	2.21421169635e-05	0	1.32852701781e-05	0	4.4284233927e-06	0	0	0	0	0	4.4284233927e-06	0	4.4284233927e-06	4.4284233927e-06	9.74253146395e-05	0	0	0	0.00229835174081	2.21421169635e-05	1.32852701781e-05	0	0	0	0	0.00026127698017	0	0	0	0.0230676574526	0	0.00054026765391	0.00104067949729	4.4284233927e-05	0.000907826795504	0.00608908216497	0	0.00433099807806	0	0.000177136935708	3.09989637489e-05	3.98558105343e-05	0	0	0	0.0130151363512	8.85684678541e-05	5.31410807124e-05	0.000106282161425	0.00812615692561	0	0	8.85684678541e-06	0.00434428334824	0.000137281125174	0.00021256432285	0	0	3.09989637489e-05	0.000132852701781	8.85684678541e-06	0	0	0	1.32852701781e-05	0	0	6.19979274979e-05	1.32852701781e-05	4.87126573197e-05	2.21421169635e-05	4.87126573197e-05	1.32852701781e-05	0
0	0	0	0	0	0	0	0	0	0	0	0	0	0	0	0	0	0	0	0	0	0	0	0	0	0	0	0	0	0	0	0	0	0	0	0	0	0	0	0	0.00403872213415	0.000757260400152	8.85684678541e-06	0.00126210066692	0	0	0	0	0	0.000190422205886	0.00111596269496	0	0	0	0	0	0	0	0	0	0	0	0	0	0.000265705403562	0	0	0.00141709548567	0	0.000332131754453	0	0	0	0	0	0	0	1.77136935708e-05	4.4284233927e-06	6.64263508906e-05	2.65705403562e-05	0.00044284233927	0.000836972021221	0
0	4.4284233927e-06	0	0	3.09989637489e-05	0	0	8.85684678541e-06	0	2.65705403562e-05	0	0	0	0	0	0	0	0	0	0	0	0	4.4284233927e-06	0	1.32852701781e-05	0	0	0	2.21421169635e-05	0	8.85684678541e-06	0	0	0	0	0.00235149282153	4.4284233927e-06	1.32852701781e-05	0	0.00054026765391	0.000757260400152	0.0285721877297	0.00239134863206	0.00949011133056	0.000225849593028	0.00559752716838	1.32852701781e-05	0.00405643582772	8.85684678541e-06	0.00490669311912	0.00356488083113	3.09989637489e-05	1.32852701781e-05	0	8.85684678541e-06	0.000969824723002	7.97116210687e-05	3.54273871416e-05	0.00011513900821	0.00123995854996	8.85684678541e-06	8.85684678541e-06	2.65705403562e-05	0.00112039111835	0.00286076151169	0.000456127609448	0	0.00126652909031	0.00016385166553	0.00176694093369	4.4284233927e-06	0	4.4284233927e-06	4.4284233927e-06	0	0	0	0.000190422205886	6.64263508906e-05	0.0006066940048	0.000199279052672	0.00167837246583	0.00108939215461	1.32852701781e-05
1.77136935708e-05	0	0	0	3.54273871416e-05	0	0	9.74253146395e-05	8.85684678541e-06	0.000252420133384	2.65705403562e-05	0	8.85684678541e-06	0	1.32852701781e-05	4.4284233927e-06	1.77136935708e-05	0	0	0	4.4284233927e-06	1.77136935708e-05	7.08547742833e-05	1.32852701781e-05	8.85684678541e-05	0	0	0	0.000137281125174	3.09989637489e-05	6.19979274979e-05	0	0	1.77136935708e-05	3.09989637489e-05	0.00484469519162	8.85684678541e-06	0.000150566395352	0	0.00104067949729	8.85684678541e-06	0.00239134863206	0.0350863985404	0.000748403553367	0.00146580814298	0.00386158519844	8.85684678541e-06	0.000743975129974	4.4284233927e-06	0.00331688912114	0.000132852701781	0.000597837158015	7.08547742833e-05	0	8.85684678541e-06	0.000712976166225	0.00245777498295	0.00093439733586	0.00251977291045	0.00593408734622	0	8.85684678541e-06	0.000221421169635	0.0139185347233	0.00166951561905	0.0100968053354	0	8.85684678541e-06	0.000323274907667	0.00150566395352	1.32852701781e-05	1.77136935708e-05	8.85684678541e-06	4.4284233927e-06	2.21421169635e-05	0	4.4284233927e-06	0.00070411931944	0.00021256432285	0.000646549815335	0.000332131754453	0.000305561214097	5.75695041051e-05	4.4284233927e-06
