0.0150611743534	0.000164276567068	0.00100059363578	0	3.3602025082e-05	0	1.12006750273e-05	0.00541365959655	0.00120967290295	0.000399490742642	0.000347220925848	4.48027001094e-05	0	3.73355834245e-06	0.00767992951042	3.73355834245e-06	0.000253881967287	0.000448027001094	0.000115740308616	0.000630971359874	3.73355834245e-06	8.21382835339e-05	0.000440559884409	0.000586168659765	0.000604836451477	3.73355834245e-06	0.00204598997166	0.00057870154308	0.00187051272957	0.00785540675251	0.00386049932609	0	0	0.000119473866958	0.000974458727379	0	3.73355834245e-06	4.10691417669e-05	0	1.49342333698e-05	0	3.73355834245e-06	2.24013500547e-05	1.49342333698e-05	0.000448027001094	3.73355834245e-06	0	2.24013500547e-05	1.12006750273e-05	0	0	0	1.86677917122e-05	0	3.73355834245e-06	1.12006750273e-05	1.49342333698e-05	7.84047251914e-05	6.72040501641e-05	0.000265082642314	0	6.72040501641e-05	4.48027001094e-05	0.000369622275902	1.12006750273e-05	0.000100806075246	7.4671166849e-06	0	1.49342333698e-05	6.34704918216e-05	5.97369334792e-05	3.3602025082e-05	0.00110139971102	0.000414424976012	4.85362584518e-05	0	0	4.48027001094e-05	7.09376085065e-05	4.10691417669e-05	1.12006750273e-05	3.73355834245e-06	3.73355834245e-06	0
0.000164276567068	0.0343226018421	0.000589902218107	0	2.24013500547e-05	0	0	0.000175477242095	3.73355834245e-06	0.00298684667396	5.22698167943e-05	2.24013500547e-05	0	0.000888586885503	0.000138141658671	0	0.00151582468703	0.00129181118649	4.48027001094e-05	0.000171743683753	1.49342333698e-05	0.000171743683753	0.00778446914401	0.00094459026064	0.00368128852566	0.0016091636456	0.0127090325977	0.0227448374222	0.000321086017451	0.000242681292259	0.000171743683753	3.73355834245e-06	0	0	0.000821382835339	0	0.0178314746435	0.000112006750273	0	0	0	5.60033751367e-05	3.73355834245e-06	7.4671166849e-06	4.48027001094e-05	4.85362584518e-05	0.00021281282552	6.72040501641e-05	0.000825116393681	1.86677917122e-05	3.73355834245e-06	3.73355834245e-06	0.000175477242095	2.61349083971e-05	0.000126940983643	5.22698167943e-05	2.24013500547e-05	0.00104539633589	0.00036588871756	7.4671166849e-06	0.0016091636456	0.00102299498583	0.0174693194843	1.49342333698e-05	3.3602025082e-05	2.24013500547e-05	0.000112006750273	0	0	0.000246414850602	0.00176223953764	0.00117980443621	0.00095952449401	6.34704918216e-05	7.4671166849e-06	3.73355834245e-06	2.61349083971e-05	0.00016801012541	0.000291217550711	0.000164276567068	7.4671166849e-06	0	0	4.48027001094e-05
0.00100059363578	0.000589902218107	0.0323886186207	0	3.73355834245e-06	7.4671166849e-06	6.34704918216e-05	0.00599982825632	0.00142248572847	8.21382835339e-05	1.49342333698e-05	7.4671166849e-06	3.73355834245e-06	0	0.002322273289	0	0.000993126519092	0.00182197647112	7.4671166849e-06	0.00016801012541	3.73355834245e-06	0.00227373703055	0.00186677917122	0.0152777207373	0.000302418225738	0	0.00949443886485	0.00654119421597	0.00461841166961	0.000220279942205	0.00298684667396	0	0	4.85362584518e-05	0.000339753809163	0	0.000787780810257	0.00668680299133	0	0	0	2.61349083971e-05	0.000141875217013	3.3602025082e-05	3.3602025082e-05	1.86677917122e-05	7.4671166849e-06	5.97369334792e-05	7.4671166849e-06	3.73355834245e-06	3.73355834245e-06	7.4671166849e-06	0.000896054002188	0	0.000179210800438	2.24013500547e-05	0.000190411475465	0.000257615525629	0.00293457685717	7.4671166849e-05	0	0.00128807762815	0.00683241176668	0.000272549758999	2.61349083971e-05	0.000388290067615	0	0	7.4671166849e-06	0.000209079267177	0.00132541321157	0.000451760559436	0.000421892092697	9.70725169037e-05	3.73355834245e-05	0	7.4671166849e-06	0.000216546383862	0.000832583510366	0.000205345708835	0.000119473866958	3.73355834245e-06	0	0
0	0	0	0	0	0	0	0	0	0	0	0	0	0	0	0	0	0	0	0	0	0	0	0	0	0	0	0	0	0	0	0	0	0	0	0	0	0	0	0	0	0	0	0	0	0	0	0	0	0	0	0	0	0	0	0	0	0	0	0	0	0	0	0	0	0	0	0	0	0	0	0	0	0	0	0	0	0	0	0	0	0	0	0
3.3602025082e-05	2.24013500547e-05	3.73355834245e-06	0	0.0190635488965	0	0.000276283317341	0.00423385516034	0.000854984860421	0.000757912343517	0.00619023973178	0.000112006750273	0.00153822603709	0	0.000952057377325	7.4671166849e-06	1.12006750273e-05	0	5.60033751367e-05	0.000138141658671	0.00645905593244	1.12006750273e-05	2.98684667396e-05	3.3602025082e-05	0.00352821263361	1.12006750273e-05	0.000179210800438	7.09376085065e-05	0.00857598351261	0.000884853327161	7.4671166849e-06	0	1.12006750273e-05	0	0.00101926142749	3.73355834245e-06	2.24013500547e-05	0	0	0.00654119421597	7.4671166849e-06	0.000115740308616	1.86677917122e-05	0.000100806075246	0.000436826326067	0.000612303568162	2.61349083971e-05	0.00100432719412	3.73355834245e-06	0.000313618900766	3.73355834245e-05	0	0	1.12006750273e-05	3.3602025082e-05	0.00378956171759	0	0	0	0.00257242169795	4.48027001094e-05	9.70725169037e-05	8.96054002188e-05	0.00134408100328	0.000126940983643	1.49342333698e-05	3.73355834245e-06	0	0	0.000485362584518	0.000813915718654	6.72040501641e-05	0.000601102893134	0.00016801012541	1.49342333698e-05	1.86677917122e-05	0	3.73355834245e-05	3.73355834245e-06	0.000216546383862	1.12006750273e-05	1.86677917122e-05	0	0
0	0	7.4671166849e-06	0	0	0.00455867473613	0.00240814513088	3.73355834245e-05	0.00100806075246	0	8.96054002188e-05	3.73355834245e-05	3.73355834245e-06	0	0.000324819575793	0.000817649276996	0	0	0	0	0	0	0	7.4671166849e-06	0	0	0	0	4.10691417669e-05	0.000377089392587	0	0	0.00224386856381	0	0.000455494117779	0	0	0	0	3.73355834245e-06	0	0	0	7.4671166849e-06	0	3.73355834245e-06	0	0	0	3.73355834245e-06	0	0	0	0	0	0	0	0	0	3.73355834245e-06	0	0	0	7.4671166849e-06	2.24013500547e-05	0	0	0	0	3.73355834245e-05	5.97369334792e-05	2.61349083971e-05	0.000175477242095	5.97369334792e-05	0.000952057377325	0.000627237801532	3.73355834245e-06	1.49342333698e-05	0	2.24013500547e-05	0	0	1.49342333698e-05	7.4671166849e-06
1.12006750273e-05	0	6.34704918216e-05	0	0.000276283317341	0.00240814513088	0.0370891685739	0.00458107608619	0.0201350801408	0.000477895467834	0.0135864188082	0.000220279942205	0.00609690077322	3.73355834245e-06	0.00870292449625	0.00420025313526	0	0	0.000421892092697	0.000201612150492	0.00157929517886	4.10691417669e-05	5.22698167943e-05	5.60033751367e-05	0.000406957859327	3.73355834245e-06	0.000545099517998	3.73355834245e-05	0.00397250607637	0.00353194619196	1.86677917122e-05	0	0.00214306248857	0	0.00225880279718	3.73355834245e-06	0	0	0	0.000130674541986	0	5.22698167943e-05	3.73355834245e-05	9.33389585612e-05	7.09376085065e-05	0.000130674541986	0	0.000104539633589	1.12006750273e-05	3.73355834245e-06	1.86677917122e-05	0	0	0	3.73355834245e-06	0.000108273191931	0	4.48027001094e-05	2.98684667396e-05	0.000522698167943	8.96054002188e-05	5.97369334792e-05	8.96054002188e-05	0.00035095448419	5.60033751367e-05	0	0	0	0	8.21382835339e-05	0.00144488707853	6.34704918216e-05	0.00229613838061	0.000220279942205	0.00148968977864	0.000541365959655	7.4671166849e-06	0.000130674541986	0	3.73355834245e-05	0	4.85362584518e-05	1.49342333698e-05	3.73355834245e-06
0.00541365959655	0.000175477242095	0.00599982825632	0	0.00423385516034	3.73355834245e-05	0.00458107608619	0.0751453287585	0.0164500580568	0.00252761899784	0.0250596435945	0.00092965602727	0.000205345708835	2.98684667396e-05	0.0247534918104	0.000126940983643	0.000425625651039	0.000272549758999	0.000313618900766	0.00144488707853	0.00183691070449	0.0021019933468	0.000739244551805	0.00541739315489	0.00778073558566	3.73355834245e-06	0.00466694792806	0.0012843440698	0.0479948924922	0.0104800982673	0.00892320443845	1.49342333698e-05	0.00015307589204	0.000280016875684	0.00633958206548	1.49342333698e-05	0.000100806075246	0.000130674541986	0	0.00428985853547	0	0.000660839826614	0.000283750434026	0.00101926142749	0.00142621928682	0.00124327492804	0	0.00148968977864	0	0.000108273191931	0.000160543008725	1.49342333698e-05	4.48027001094e-05	0	2.24013500547e-05	0.00240441157254	2.24013500547e-05	0.000268816200656	0.000433092767724	0.00874026007967	3.73355834245e-05	8.96054002188e-05	0.000321086017451	0.00440186528575	0.000321086017451	6.34704918216e-05	0	1.49342333698e-05	1.12006750273e-05	0.000574967984737	0.00500296817888	0.000742978110147	0.0052680508212	0.0026470928648	0.000343487367505	3.73355834245e-05	7.4671166849e-06	0.000138141658671	0.000123207425301	0.000276283317341	3.3602025082e-05	0	2.98684667396e-05	1.86677917122e-05
0.00120967290295	3.73355834245e-06	0.00142248572847	0	0.000854984860421	0.00100806075246	0.0201350801408	0.0164500580568	0.0520719382021	0.000720576760093	0.0202844224745	0.00295697820722	0.00239694445585	9.33389585612e-05	0.0335124196818	0.00166143346239	3.3602025082e-05	0.000138141658671	0.00187051272957	0.00206092420503	0.0014336864035	0.000194145033807	0.000141875217013	0.00147848910361	0.00112380106108	1.12006750273e-05	0.00308391919086	0.000141875217013	0.00962511340683	0.0100992753163	0.000560033751367	1.86677917122e-05	0.00188544696294	1.12006750273e-05	0.00638065120725	3.73355834245e-06	3.73355834245e-06	1.12006750273e-05	0	0.000470428351149	0	0.000347220925848	0.000104539633589	0.000735510993463	9.33389585612e-05	0.000436826326067	0	0.000813915718654	9.33389585612e-05	9.33389585612e-05	8.96054002188e-05	0	1.12006750273e-05	0	2.98684667396e-05	0.000634704918216	1.49342333698e-05	0.000126940983643	0.000149342333698	0.00221773365541	0.000392023625957	0.000235214175574	0.000392023625957	0.00116487020284	0.000194145033807	1.86677917122e-05	0	0	0	0.000526431726285	0.00162036432062	0.00038082295093	0.00716096490082	0.00151955824538	0.00100059363578	0.000724310318435	0.000104539633589	0.000160543008725	1.49342333698e-05	0.000294951109054	3.3602025082e-05	1.12006750273e-05	6.72040501641e-05	5.60033751367e-05
0.000399490742642	0.00298684667396	8.21382835339e-05	0	0.000757912343517	0	0.000477895467834	0.00252761899784	0.000720576760093	0.0273856504419	0.00165769990405	2.61349083971e-05	0.00118353799456	0.000112006750273	0.00162783143731	0.000828849952024	0.000492829701203	7.4671166849e-05	4.48027001094e-05	0.000100806075246	0.000324819575793	0.000451760559436	0.0059102228561	0.000216546383862	0.0103979599837	0.000272549758999	0.00167263413742	0.00229987193895	0.0100096699161	0.00175850597929	0.00193024966305	0	0	0.000164276567068	0.000280016875684	0.000500296817888	0.000104539633589	0	0	0.00166890057907	2.98684667396e-05	0.000291217550711	7.4671166849e-05	0.000392023625957	0.00978192285722	0.000268816200656	3.3602025082e-05	0.000802715043627	0.00018294435878	0.000280016875684	0.000149342333698	0.000179210800438	2.98684667396e-05	0	5.22698167943e-05	0.00139635082008	5.60033751367e-05	0.000787780810257	5.97369334792e-05	0.00646278949078	0.000175477242095	9.70725169037e-05	0.000235214175574	0.00337887029992	0.00120220578627	0.000840050627051	1.49342333698e-05	7.4671166849e-06	0.000343487367505	0.00126567627809	0.00122834069467	9.70725169037e-05	0.000276283317341	0.000149342333698	0.00159796297057	0	0	0.00103046210252	0.000130674541986	0.000589902218107	0.000119473866958	0.000343487367505	2.24013500547e-05	0
0.000347220925848	5.22698167943e-05	1.49342333698e-05	0	0.00619023973178	8.96054002188e-05	0.0135864188082	0.0250596435945	0.0202844224745	0.00165769990405	0.0630224648205	0.00337140318323	0.00370368987571	8.58718418763e-05	0.0208295219925	0.000130674541986	8.58718418763e-05	0.00019787859215	0.00187051272957	0.00302418225738	0.00706389238391	0.00016801012541	0.000175477242095	0.000100806075246	0.00194145033807	6.34704918216e-05	0.00293084329882	0.000377089392587	0.0250671107112	0.0095168402149	0.000257615525629	2.24013500547e-05	0.00015307589204	7.4671166849e-06	0.010368091517	2.98684667396e-05	2.98684667396e-05	7.4671166849e-06	0	0.00504030376231	0	0.000776580135229	1.86677917122e-05	0.00116860376119	6.34704918216e-05	0.00150089045366	4.10691417669e-05	0.00129554474483	0.000108273191931	0.000683241176668	0.000145608775356	7.4671166849e-06	0	1.12006750273e-05	0.000130674541986	0.00451760559436	1.12006750273e-05	2.24013500547e-05	2.61349083971e-05	0.00589155506439	0.00070190896838	0.000634704918216	0.000713109643408	0.00251268476447	0.000567500868052	4.10691417669e-05	3.73355834245e-06	1.86677917122e-05	0	0.00176223953764	0.00340127164997	0.000406957859327	0.00968485034031	0.00176970665432	0.000280016875684	4.48027001094e-05	1.86677917122e-05	0.000235214175574	1.86677917122e-05	0.000910988235558	1.86677917122e-05	2.61349083971e-05	0.000194145033807	0.000138141658671
4.48027001094e-05	2.24013500547e-05	7.4671166849e-06	0	0.000112006750273	3.73355834245e-05	0.000220279942205	0.00092965602727	0.00295697820722	2.61349083971e-05	0.00337140318323	0.0248953670275	0.000126940983643	0.00344980790842	0.00569741003058	7.4671166849e-06	3.3602025082e-05	0.000500296817888	0.00703402391717	0.00794874571107	0.000388290067615	3.73355834245e-05	9.33389585612e-05	4.10691417669e-05	0.000261349083971	0.000884853327161	0.00922562266419	0.000660839826614	0.000892320443845	0.00595875911455	0.0003957571843	0.000966991610694	8.58718418763e-05	1.12006750273e-05	0.0106742433011	0	0.000160543008725	0	0	3.73355834245e-05	0	3.3602025082e-05	3.73355834245e-06	1.12006750273e-05	2.61349083971e-05	1.86677917122e-05	0.00053389884297	5.60033751367e-05	0.000679507618326	7.4671166849e-05	1.86677917122e-05	7.4671166849e-06	0	1.86677917122e-05	0	5.22698167943e-05	3.73355834245e-06	6.72040501641e-05	1.12006750273e-05	7.4671166849e-05	0.000373355834245	0.000455494117779	0.000160543008725	4.48027001094e-05	0.000141875217013	7.4671166849e-06	0.000123207425301	2.98684667396e-05	0	0.00053389884297	0.00110886682771	0.0033153998081	0.0093226951811	0.000321086017451	1.49342333698e-05	4.10691417669e-05	0.000477895467834	5.60033751367e-05	0.000294951109054	5.97369334792e-05	3.73355834245e-06	3.73355834245e-06	7.4671166849e-06	0.000272549758999
0	0	3.73355834245e-06	0	0.00153822603709	3.73355834245e-06	0.00609690077322	0.000205345708835	0.00239694445585	0.00118353799456	0.00370368987571	0.000126940983643	0.0231219268148	1.49342333698e-05	0.00203852285498	0.0014075514951	0	1.12006750273e-05	0.000126940983643	0.000119473866958	0.00718709980922	0	0	0	0.00144115352019	1.49342333698e-05	0.000298684667396	1.86677917122e-05	0.00147475554527	0.00168756837079	3.73355834245e-06	3.73355834245e-06	2.24013500547e-05	0	0.0022513356805	0	4.48027001094e-05	1.49342333698e-05	0	0.000627237801532	7.4671166849e-06	0.00302418225738	1.86677917122e-05	0.000339753809163	0.000362155159218	0.000705642526723	5.97369334792e-05	0.0048722936369	4.85362584518e-05	0.00119100511124	0.000970725169037	0	0	3.73355834245e-06	3.73355834245e-06	0.00320339305782	2.98684667396e-05	2.98684667396e-05	7.4671166849e-06	0.00015307589204	0.000175477242095	0.000586168659765	0.000321086017451	2.24013500547e-05	0.0017062361625	3.73355834245e-06	1.12006750273e-05	0.000112006750273	0	0.00172117039587	0.000694441851696	6.72040501641e-05	0.00209452623011	0.000560033751367	0.000966991610694	3.73355834245e-05	1.12006750273e-05	0.000567500868052	6.34704918216e-05	0.000754178785175	1.86677917122e-05	0.000126940983643	0.000224013500547	9.33389585612e-05
3.73355834245e-06	0.000888586885503	0	0	0	0	3.73355834245e-06	2.98684667396e-05	9.33389585612e-05	0.000112006750273	8.58718418763e-05	0.00344980790842	1.49342333698e-05	0.0163231170732	0.000190411475465	0	7.4671166849e-06	1.86677917122e-05	0.000574967984737	0.000104539633589	2.24013500547e-05	0	0.000138141658671	1.49342333698e-05	8.58718418763e-05	0.00760899190191	0.00366635429229	0.00379329527593	3.73355834245e-05	0.000227747058889	3.73355834245e-06	0.00152329180372	3.73355834245e-06	0	0.000448027001094	0	0.000627237801532	0	0	3.73355834245e-06	0	5.22698167943e-05	0	3.73355834245e-06	4.10691417669e-05	1.12006750273e-05	0.00130674541986	5.97369334792e-05	0.00432346056056	9.33389585612e-05	3.3602025082e-05	7.4671166849e-06	0	1.49342333698e-05	0	4.85362584518e-05	0	7.84047251914e-05	3.73355834245e-06	1.12006750273e-05	0.00252015188115	0.000672040501641	0.000765379460202	3.73355834245e-06	0.000130674541986	0	0.000399490742642	2.61349083971e-05	0	0.000324819575793	0.000171743683753	0.00166516702073	0.000948323818982	7.09376085065e-05	0	2.98684667396e-05	0.0011350017361	1.49342333698e-05	0.00122087357798	1.12006750273e-05	0	3.73355834245e-06	0	4.48027001094e-05
0.00767992951042	0.000138141658671	0.002322273289	0	0.000952057377325	0.000324819575793	0.00870292449625	0.0247534918104	0.0335124196818	0.00162783143731	0.0208295219925	0.00569741003058	0.00203852285498	0.000190411475465	0.0636459690637	0.00150462401201	0.000205345708835	0.0003957571843	0.00314365612434	0.00378956171759	0.00154569315377	0.000332286692478	0.000500296817888	0.00230360549729	0.00198251947984	0	0.00523818235446	0.000668306943298	0.0139672417591	0.0231069925814	0.00238574378083	7.09376085065e-05	0.00101552786915	0.000190411475465	0.0112417441691	7.4671166849e-06	2.24013500547e-05	6.34704918216e-05	0	0.000526431726285	0	0.000515231051258	6.34704918216e-05	0.000728043876778	0.000440559884409	0.000593635776449	1.12006750273e-05	0.00107526480263	1.12006750273e-05	0.000309885342423	9.70725169037e-05	0	2.98684667396e-05	0	5.22698167943e-05	0.000802715043627	4.10691417669e-05	0.000190411475465	0.000227747058889	0.00285617213197	4.85362584518e-05	0.000130674541986	0.000130674541986	0.00159796297057	0.000522698167943	0.000224013500547	0	3.73355834245e-06	1.49342333698e-05	0.00118353799456	0.00316232391605	0.000765379460202	0.0116897711702	0.00235960887243	0.00106779768594	0.000560033751367	0.000119473866958	0.000470428351149	9.70725169037e-05	0.000630971359874	8.21382835339e-05	0.000126940983643	9.70725169037e-05	5.60033751367e-05
3.73355834245e-06	0	0	0	7.4671166849e-06	0.000817649276996	0.00420025313526	0.000126940983643	0.00166143346239	0.000828849952024	0.000130674541986	7.4671166849e-06	0.0014075514951	0	0.00150462401201	0.00851251302078	0	0	1.12006750273e-05	0	5.97369334792e-05	0	3.73355834245e-06	0	0.000522698167943	0	1.49342333698e-05	0	0.000242681292259	0.000589902218107	2.24013500547e-05	0	0.000589902218107	3.73355834245e-06	0.000160543008725	0	0	0	0	0	0	0	0	0	2.61349083971e-05	0	0	3.73355834245e-06	0	0	0	0	0	0	0	0	0	3.73355834245e-06	3.73355834245e-06	7.4671166849e-06	0	0	3.73355834245e-06	0	3.73355834245e-06	0	0	0	0	2.24013500547e-05	0.000462961234464	3.73355834245e-06	9.33389585612e-05	3.73355834245e-06	0.00236707598911	7.09376085065e-05	0	2.98684667396e-05	0	2.24013500547e-05	3.73355834245e-06	1.86677917122e-05	0	0
0.000253881967287	0.00151582468703	0.000993126519092	0	1.12006750273e-05	0	0	0.000425625651039	3.3602025082e-05	0.000492829701203	8.58718418763e-05	3.3602025082e-05	0	7.4671166849e-06	0.000205345708835	0	0.0238089015498	9.33389585612e-05	7.4671166849e-06	4.48027001094e-05	1.12006750273e-05	0.00256122102292	0.0161700411811	0.0096661825486	0.00587288727267	1.12006750273e-05	0.000847517743736	0.0086282533294	0.00525685014617	0.00033602025082	0.000209079267177	0	0	5.60033751367e-05	0.000149342333698	3.73355834245e-06	8.96054002188e-05	1.49342333698e-05	0	0	0	0	3.73355834245e-06	0	0.000754178785175	0	0	3.73355834245e-06	1.12006750273e-05	3.73355834245e-06	3.73355834245e-06	0.0009147217939	3.73355834245e-06	0	0	0	0.00116487020284	0.00412558196841	0.00188171340459	0.000769113018545	1.86677917122e-05	1.12006750273e-05	0.000201612150492	0.00160169652891	1.86677917122e-05	9.33389585612e-05	0	0	3.73355834245e-06	1.49342333698e-05	0.00338260385826	0.00236334243077	0.000134408100328	0.000145608775356	7.4671166849e-06	7.4671166849e-06	0	7.4671166849e-05	1.86677917122e-05	0	3.73355834245e-06	3.73355834245e-06	3.73355834245e-06	3.73355834245e-06
0.000448027001094	0.00129181118649	0.00182197647112	0	0	0	0	0.000272549758999	0.000138141658671	7.4671166849e-05	0.00019787859215	0.000500296817888	1.12006750273e-05	1.86677917122e-05	0.0003957571843	0	9.33389585612e-05	0.0223752151463	0.000414424976012	0.00505897155402	1.86677917122e-05	0.00150835757035	0.000205345708835	0.00359915024212	6.72040501641e-05	1.86677917122e-05	0.00968111678197	0.00140381793676	0.00018294435878	0.000634704918216	0.00325566287462	0	0	7.4671166849e-06	0.00496563259546	3.73355834245e-06	0.00057870154308	0.000455494117779	0	0	0	1.49342333698e-05	1.49342333698e-05	0	2.24013500547e-05	1.12006750273e-05	2.24013500547e-05	1.86677917122e-05	4.85362584518e-05	1.12006750273e-05	0	3.73355834245e-06	0.000253881967287	3.73355834245e-06	0.000802715043627	1.49342333698e-05	9.33389585612e-05	3.73355834245e-05	0.000257615525629	5.22698167943e-05	3.73355834245e-05	0.00136274879499	0.000825116393681	4.48027001094e-05	2.98684667396e-05	5.60033751367e-05	1.49342333698e-05	0	3.73355834245e-06	8.96054002188e-05	0.000205345708835	0.000888586885503	0.00235214175574	0.000164276567068	6.72040501641e-05	0	0	9.70725169037e-05	7.09376085065e-05	3.73355834245e-05	1.49342333698e-05	0	0	0
0.000115740308616	4.48027001094e-05	7.4671166849e-06	0	5.60033751367e-05	0	0.000421892092697	0.000313618900766	0.00187051272957	4.48027001094e-05	0.00187051272957	0.00703402391717	0.000126940983643	0.000574967984737	0.00314365612434	1.12006750273e-05	7.4671166849e-06	0.000414424976012	0.0119772551626	0.00516351118761	0.000112006750273	3.73355834245e-06	5.60033751367e-05	1.86677917122e-05	8.21382835339e-05	7.09376085065e-05	0.00633211494879	0.000149342333698	0.000306151784081	0.00346100858345	0.000171743683753	0.000108273191931	7.4671166849e-06	0	0.00449893780265	0	2.61349083971e-05	3.73355834245e-06	0	1.86677917122e-05	0	7.4671166849e-06	0	3.73355834245e-06	0	2.98684667396e-05	2.98684667396e-05	3.3602025082e-05	0.000119473866958	1.12006750273e-05	0	0	0	7.4671166849e-06	0	3.3602025082e-05	7.4671166849e-06	3.73355834245e-06	1.86677917122e-05	4.10691417669e-05	3.73355834245e-05	0.000369622275902	0.000134408100328	7.4671166849e-06	3.73355834245e-05	3.73355834245e-06	4.48027001094e-05	0	0	5.97369334792e-05	0.000175477242095	0.000597369334792	0.00443920086917	7.84047251914e-05	7.4671166849e-06	1.12006750273e-05	0	7.4671166849e-06	0	2.98684667396e-05	0	0	3.73355834245e-06	0
0.000630971359874	0.000171743683753	0.00016801012541	0	0.000138141658671	0	0.000201612150492	0.00144488707853	0.00206092420503	0.000100806075246	0.00302418225738	0.00794874571107	0.000119473866958	0.000104539633589	0.00378956171759	0	4.48027001094e-05	0.00505897155402	0.00516351118761	0.0232264664484	0.00038082295093	0.000134408100328	0.000145608775356	0.000261349083971	0.000265082642314	3.73355834245e-05	0.0148446279696	0.000705642526723	0.00104539633589	0.00346847570014	0.00158676229554	3.3602025082e-05	3.73355834245e-06	1.86677917122e-05	0.0110102635519	0	0.000332286692478	2.98684667396e-05	0	2.98684667396e-05	0	1.12006750273e-05	7.4671166849e-06	1.86677917122e-05	1.12006750273e-05	7.4671166849e-06	2.61349083971e-05	4.10691417669e-05	0.000130674541986	1.12006750273e-05	0	3.73355834245e-06	1.49342333698e-05	0	2.98684667396e-05	2.98684667396e-05	1.86677917122e-05	1.49342333698e-05	0.000100806075246	0.000123207425301	0.000238947733917	0.000840050627051	0.000433092767724	3.73355834245e-05	5.97369334792e-05	7.4671166849e-06	6.72040501641e-05	0	0	8.96054002188e-05	0.00167263413742	0.00260975728137	0.00868052314619	0.000466694792806	1.49342333698e-05	4.10691417669e-05	3.73355834245e-06	4.10691417669e-05	3.3602025082e-05	4.10691417669e-05	7.4671166849e-06	0	7.4671166849e-06	0
3.73355834245e-06	1.49342333698e-05	3.73355834245e-06	0	0.00645905593244	0	0.00157929517886	0.00183691070449	0.0014336864035	0.000324819575793	0.00706389238391	0.000388290067615	0.00718709980922	2.24013500547e-05	0.00154569315377	5.97369334792e-05	1.12006750273e-05	1.86677917122e-05	0.000112006750273	0.00038082295093	0.0168308810078	3.73355834245e-06	1.12006750273e-05	3.3602025082e-05	0.0019787859215	2.24013500547e-05	0.000451760559436	8.58718418763e-05	0.00561900530539	0.00160543008725	1.12006750273e-05	0	3.73355834245e-06	0	0.00240441157254	0	7.4671166849e-06	0	0	0.000903521118873	3.73355834245e-06	0.000261349083971	0	8.58718418763e-05	0.000429359209382	0.00018294435878	3.73355834245e-06	0.000545099517998	7.4671166849e-06	0.000100806075246	0.000119473866958	0	0	0	0	0.000813915718654	3.73355834245e-06	0	3.73355834245e-06	0.000765379460202	0.000130674541986	0.000119473866958	0.000141875217013	0.000433092767724	0.000164276567068	3.73355834245e-06	0	1.12006750273e-05	0	0.000507763934573	0.000840050627051	0.000130674541986	0.00255748746458	0.000937123143955	5.60033751367e-05	4.10691417669e-05	1.12006750273e-05	0.000134408100328	7.4671166849e-06	0.000421892092697	0	3.73355834245e-05	0.000194145033807	0.000138141658671
8.21382835339e-05	0.000171743683753	0.00227373703055	0	1.12006750273e-05	0	4.10691417669e-05	0.0021019933468	0.000194145033807	0.000451760559436	0.00016801012541	3.73355834245e-05	0	0	0.000332286692478	0	0.00256122102292	0.00150835757035	3.73355834245e-06	0.000134408100328	3.73355834245e-06	0.035901897021	0.00540992603821	0.0150425065617	0.00074671166849	0	0.000328553134136	0.00169503548747	0.00646652304912	0.000179210800438	0.0131533260404	0	3.73355834245e-06	0.000179210800438	0.00417038466852	0	4.10691417669e-05	2.24013500547e-05	0	0	0	1.49342333698e-05	0.000108273191931	8.58718418763e-05	0.000130674541986	0	0	8.58718418763e-05	0	1.86677917122e-05	0	0.000224013500547	7.4671166849e-06	0	0	0	0.00424505583537	0.00325566287462	0.00231107261398	0.000220279942205	0	1.86677917122e-05	0.000108273191931	0.00135154811997	2.24013500547e-05	0.00229613838061	0	0	3.73355834245e-06	4.48027001094e-05	0.00160543008725	0.00196758524647	0.00315112324103	0.00136648235334	0.000250148408944	1.49342333698e-05	0	0.000134408100328	5.97369334792e-05	7.84047251914e-05	3.73355834245e-05	7.4671166849e-06	1.12006750273e-05	0
0.000440559884409	0.00778446914401	0.00186677917122	0	2.98684667396e-05	0	5.22698167943e-05	0.000739244551805	0.000141875217013	0.0059102228561	0.000175477242095	9.33389585612e-05	0	0.000138141658671	0.000500296817888	3.73355834245e-06	0.0161700411811	0.000205345708835	5.60033751367e-05	0.000145608775356	1.12006750273e-05	0.00540992603821	0.0527327780288	0.0170324931583	0.0101142095497	0.000406957859327	0.00265455998148	0.0191158187133	0.00816902565328	0.000686974735011	0.00299804734899	7.4671166849e-06	7.4671166849e-06	0.000108273191931	0.000265082642314	0.000291217550711	0.00148595622029	0.00125074204472	0	3.73355834245e-06	3.73355834245e-06	2.24013500547e-05	7.84047251914e-05	7.09376085065e-05	0.00329299845804	1.86677917122e-05	7.4671166849e-06	9.70725169037e-05	0.000272549758999	7.4671166849e-05	1.12006750273e-05	0.00247908273939	2.98684667396e-05	0	3.73355834245e-06	1.86677917122e-05	0.00608570009819	0.0208743246926	0.015154513312	0.00203852285498	0.000216546383862	7.09376085065e-05	0.00633584850714	0.00542112671324	0.000399490742642	0.00142621928682	1.12006750273e-05	0	1.49342333698e-05	0.000104539633589	0.00382689730101	0.00292337618214	0.000194145033807	7.4671166849e-05	2.61349083971e-05	0	0	0.000616037126504	0.000115740308616	8.58718418763e-05	4.85362584518e-05	7.4671166849e-06	1.12006750273e-05	0
0.000586168659765	0.00094459026064	0.0152777207373	0	3.3602025082e-05	7.4671166849e-06	5.60033751367e-05	0.00541739315489	0.00147848910361	0.000216546383862	0.000100806075246	4.10691417669e-05	0	1.49342333698e-05	0.00230360549729	0	0.0096661825486	0.00359915024212	1.86677917122e-05	0.000261349083971	3.3602025082e-05	0.0150425065617	0.0170324931583	0.0685033284673	0.0015830287372	2.24013500547e-05	0.00532405419633	0.0109878622018	0.00726550453441	0.000440559884409	0.00577581475577	0	0	9.70725169037e-05	0.00560033751367	3.73355834245e-06	0.00019787859215	0.00392023625957	0	7.4671166849e-06	0	1.49342333698e-05	5.97369334792e-05	6.72040501641e-05	0.000145608775356	1.12006750273e-05	3.73355834245e-06	7.84047251914e-05	2.61349083971e-05	7.4671166849e-06	0	0.00101552786915	0.000108273191931	0	3.73355834245e-06	7.4671166849e-06	0.00210946046348	0.00857598351261	0.0170922300917	0.000388290067615	1.86677917122e-05	0.00038082295093	0.00497683327049	0.000470428351149	1.49342333698e-05	0.000690708293353	0	0	0	0.000194145033807	0.00486856007855	0.00404344368487	0.00453627338608	0.00228120414724	0.000649639151586	1.12006750273e-05	0	0.00038082295093	0.000112006750273	0.000294951109054	0.000253881967287	0	7.4671166849e-06	3.73355834245e-06
0.000604836451477	0.00368128852566	0.000302418225738	0	0.00352821263361	0	0.000406957859327	0.00778073558566	0.00112380106108	0.0103979599837	0.00194145033807	0.000261349083971	0.00144115352019	8.58718418763e-05	0.00198251947984	0.000522698167943	0.00587288727267	6.72040501641e-05	8.21382835339e-05	0.000265082642314	0.0019787859215	0.00074671166849	0.0101142095497	0.0015830287372	0.0447728316427	0.000287483992369	0.00187051272957	0.00528298505457	0.0215388980776	0.00321832729119	0.00103419566086	7.4671166849e-06	3.73355834245e-06	0.000843784185394	0.000817649276996	7.4671166849e-06	8.96054002188e-05	1.49342333698e-05	0	0.000780313693572	0	2.61349083971e-05	0.000231480617232	4.48027001094e-05	0.00409571350167	6.34704918216e-05	0	0.000224013500547	0.000231480617232	2.24013500547e-05	2.98684667396e-05	0.000403224300985	3.73355834245e-06	0	0	0.000205345708835	0.000100806075246	0.00125447560306	7.4671166849e-05	0.00416291755183	0.000205345708835	8.58718418763e-05	0.00021281282552	0.00220279942205	0.000309885342423	0.000156809450383	1.12006750273e-05	0	0.00021281282552	0.000436826326067	0.00492829701203	0.00152329180372	0.00129181118649	0.00114993596947	0.00115740308616	1.12006750273e-05	0	0.000149342333698	1.49342333698e-05	0.000209079267177	1.86677917122e-05	3.73355834245e-06	1.86677917122e-05	7.4671166849e-06
3.73355834245e-06	0.0016091636456	0	0	1.12006750273e-05	0	3.73355834245e-06	3.73355834245e-06	1.12006750273e-05	0.000272549758999	6.34704918216e-05	0.000884853327161	1.49342333698e-05	0.00760899190191	0	0	1.12006750273e-05	1.86677917122e-05	7.09376085065e-05	3.73355834245e-05	2.24013500547e-05	0	0.000406957859327	2.24013500547e-05	0.000287483992369	0.0133848066577	0.00329673201638	0.005189646096	1.86677917122e-05	2.98684667396e-05	7.4671166849e-06	0.000205345708835	0	0	0.000130674541986	0	0.000776580135229	0	0	3.73355834245e-06	0	5.22698167943e-05	0	0	8.58718418763e-05	7.4671166849e-06	0.00172490395421	5.60033751367e-05	0.00526058370451	7.4671166849e-05	3.3602025082e-05	0	0	4.10691417669e-05	3.73355834245e-06	4.48027001094e-05	0	0.000201612150492	3.73355834245e-06	2.61349083971e-05	0.00386796644278	0.000739244551805	0.00127314339478	0	0.000104539633589	0	0.000421892092697	1.49342333698e-05	0	0.000627237801532	5.60033751367e-05	0.000489096142861	0.000328553134136	3.73355834245e-06	0	0	0.000877386210476	1.86677917122e-05	0.00169876904581	1.12006750273e-05	0	3.73355834245e-06	0	0.000414424976012
0.00204598997166	0.0127090325977	0.00949443886485	0	0.000179210800438	0	0.000545099517998	0.00466694792806	0.00308391919086	0.00167263413742	0.00293084329882	0.00922562266419	0.000298684667396	0.00366635429229	0.00523818235446	1.49342333698e-05	0.000847517743736	0.00968111678197	0.00633211494879	0.0148446279696	0.000451760559436	0.000328553134136	0.00265455998148	0.00532405419633	0.00187051272957	0.00329673201638	0.0969642437118	0.0256159437875	0.00320712661616	0.00409197994332	0.00249401697276	0.000854984860421	1.86677917122e-05	4.10691417669e-05	0.00998353500771	1.12006750273e-05	0.0116151000034	0.00366635429229	0	0.000272549758999	0	0.000660839826614	0.000123207425301	1.86677917122e-05	0.000224013500547	0.00076164590186	0.00106033056926	0.000869919093791	0.00446533577757	0.000418158534354	1.86677917122e-05	3.3602025082e-05	0.00038082295093	0.000313618900766	0.000996860077434	0.000989392960749	0.000156809450383	0.000283750434026	0.00103046210252	0.000765379460202	0.00747085024324	0.015983363264	0.0195190430143	0.000440559884409	0.000601102893134	0.000104539633589	0.00124700848638	1.86677917122e-05	3.73355834245e-06	0.00232600684735	0.00365142005892	0.00700415545044	0.00995740009931	0.000742978110147	2.98684667396e-05	3.73355834245e-05	6.34704918216e-05	0.000522698167943	0.000739244551805	0.00186677917122	0.000130674541986	1.12006750273e-05	7.4671166849e-06	8.21382835339e-05
0.00057870154308	0.0227448374222	0.00654119421597	0	7.09376085065e-05	0	3.73355834245e-05	0.0012843440698	0.000141875217013	0.00229987193895	0.000377089392587	0.000660839826614	1.86677917122e-05	0.00379329527593	0.000668306943298	0	0.0086282533294	0.00140381793676	0.000149342333698	0.000705642526723	8.58718418763e-05	0.00169503548747	0.0191158187133	0.0109878622018	0.00528298505457	0.005189646096	0.0256159437875	0.0816529209494	0.00250148408944	0.00104166277754	0.000574967984737	0.000298684667396	0	2.61349083971e-05	0.00210946046348	3.73355834245e-06	0.0158340209303	0.00188544696294	0	0	0	6.72040501641e-05	4.48027001094e-05	1.49342333698e-05	0.000115740308616	5.97369334792e-05	0.000474161909491	9.70725169037e-05	0.00377836104256	4.10691417669e-05	3.73355834245e-06	0.000406957859327	0.000272549758999	7.84047251914e-05	0.000160543008725	6.34704918216e-05	0.000123207425301	0.00523071523777	0.00400984165979	0.000115740308616	0.00394637116797	0.0038082295093	0.0220279942205	0.000130674541986	7.84047251914e-05	7.4671166849e-05	0.000675774059983	0	3.73355834245e-06	0.000403224300985	0.0083818384788	0.00548459720506	0.00186677917122	0.000242681292259	2.98684667396e-05	7.4671166849e-06	0.000126940983643	0.000369622275902	0.00035095448419	0.000280016875684	6.34704918216e-05	7.4671166849e-06	0	6.72040501641e-05
0.00187051272957	0.000321086017451	0.00461841166961	0	0.00857598351261	4.10691417669e-05	0.00397250607637	0.0479948924922	0.00962511340683	0.0100096699161	0.0250671107112	0.000892320443845	0.00147475554527	3.73355834245e-05	0.0139672417591	0.000242681292259	0.00525685014617	0.00018294435878	0.000306151784081	0.00104539633589	0.00561900530539	0.00646652304912	0.00816902565328	0.00726550453441	0.0215388980776	1.86677917122e-05	0.00320712661616	0.00250148408944	0.101451980839	0.00948697174816	0.0082847659619	7.4671166849e-06	0.000145608775356	0.000847517743736	0.00616410482338	0.000728043876778	0.000231480617232	6.72040501641e-05	0	0.00445786866088	2.98684667396e-05	0.000496563259546	0.000627237801532	0.000328553134136	0.0110326649019	0.000787780810257	1.49342333698e-05	0.00103046210252	1.49342333698e-05	0.000828849952024	0.00016801012541	0.00117607087787	1.49342333698e-05	3.73355834245e-06	1.49342333698e-05	0.00212439469685	0.00182197647112	0.00485735940353	0.000910988235558	0.0117868436871	6.72040501641e-05	0.000209079267177	0.000601102893134	0.011043865577	0.00179210800438	0.00213559537188	0	2.24013500547e-05	0.000347220925848	0.00215052960525	0.00725057030104	0.00120220578627	0.00626864445697	0.00327059710799	0.000619770684847	7.4671166849e-05	1.49342333698e-05	0.00175850597929	0.000171743683753	0.00144115352019	0.000231480617232	0.000141875217013	0.00019787859215	8.21382835339e-05
0.00785540675251	0.000242681292259	0.000220279942205	0	0.000884853327161	0.000377089392587	0.00353194619196	0.0104800982673	0.0100992753163	0.00175850597929	0.0095168402149	0.00595875911455	0.00168756837079	0.000227747058889	0.0231069925814	0.000589902218107	0.00033602025082	0.000634704918216	0.00346100858345	0.00346847570014	0.00160543008725	0.000179210800438	0.000686974735011	0.000440559884409	0.00321832729119	2.98684667396e-05	0.00409197994332	0.00104166277754	0.00948697174816	0.0477074084998	0.00396877251802	8.96054002188e-05	0.00109393259434	0.00314365612434	0.0168682165912	3.73355834245e-06	5.97369334792e-05	7.4671166849e-06	0	0.000156809450383	0	0.000235214175574	0.000108273191931	0.000283750434026	0.00147102198693	0.000186677917122	1.12006750273e-05	0.000526431726285	0.000123207425301	0.000209079267177	1.86677917122e-05	1.12006750273e-05	0	0	2.61349083971e-05	0.000276283317341	6.72040501641e-05	0.000141875217013	3.3602025082e-05	0.00178090732935	0.000642172034901	0.000507763934573	0.000690708293353	0.00139635082008	0.000526431726285	0.00033602025082	7.4671166849e-06	3.73355834245e-06	9.33389585612e-05	0.00132914676991	0.00394263760963	0.00108646547765	0.0140157780176	0.00265082642314	0.000642172034901	0.000119473866958	8.21382835339e-05	0.000571234426395	2.24013500547e-05	0.00074671166849	0.000119473866958	0.000149342333698	9.33389585612e-05	0.000145608775356
0.00386049932609	0.000171743683753	0.00298684667396	0	7.4671166849e-06	0	1.86677917122e-05	0.00892320443845	0.000560033751367	0.00193024966305	0.000257615525629	0.0003957571843	3.73355834245e-06	3.73355834245e-06	0.00238574378083	2.24013500547e-05	0.000209079267177	0.00325566287462	0.000171743683753	0.00158676229554	1.12006750273e-05	0.0131533260404	0.00299804734899	0.00577581475577	0.00103419566086	7.4671166849e-06	0.00249401697276	0.000574967984737	0.0082847659619	0.00396877251802	0.0449221739764	0	0	0.000485362584518	0.0056376730971	1.12006750273e-05	5.22698167943e-05	4.48027001094e-05	0	0	0	0.000104539633589	0.000145608775356	0.000100806075246	0.00114993596947	5.60033751367e-05	7.4671166849e-06	0.000123207425301	1.12006750273e-05	0.000421892092697	3.73355834245e-06	1.12006750273e-05	5.97369334792e-05	0	3.73355834245e-06	5.97369334792e-05	0.00433839479393	0.00372235766742	0.00271429691496	0.000757912343517	7.4671166849e-06	0.000112006750273	0.00016801012541	0.0011611366445	0.000283750434026	0.00389410135117	7.4671166849e-06	7.4671166849e-06	1.86677917122e-05	0.000586168659765	0.00175103886261	0.000937123143955	0.00241934580591	0.000403224300985	0.000156809450383	0	0	0.000955790935667	0.00016801012541	0.000462961234464	5.22698167943e-05	2.98684667396e-05	4.48027001094e-05	0
0	3.73355834245e-06	0	0	0	0	0	1.49342333698e-05	1.86677917122e-05	0	2.24013500547e-05	0.000966991610694	3.73355834245e-06	0.00152329180372	7.09376085065e-05	0	0	0	0.000108273191931	3.3602025082e-05	0	0	7.4671166849e-06	0	7.4671166849e-06	0.000205345708835	0.000854984860421	0.000298684667396	7.4671166849e-06	8.96054002188e-05	0	0.00181077579609	0	0	0.000112006750273	0	1.49342333698e-05	0	0	0	0	1.12006750273e-05	0	3.73355834245e-06	1.49342333698e-05	3.73355834245e-06	0.00015307589204	1.49342333698e-05	0.000235214175574	4.10691417669e-05	7.4671166849e-06	3.73355834245e-06	0	3.73355834245e-06	0	1.12006750273e-05	0	1.49342333698e-05	0	3.73355834245e-06	7.4671166849e-05	0.000179210800438	1.49342333698e-05	0	6.34704918216e-05	0	2.61349083971e-05	1.49342333698e-05	0	7.84047251914e-05	7.84047251914e-05	0.000298684667396	0.00021281282552	3.73355834245e-06	0	0	7.4671166849e-06	3.73355834245e-06	3.73355834245e-06	0	0	3.73355834245e-06	0	0
0	0	0	0	1.12006750273e-05	0.00224386856381	0.00214306248857	0.00015307589204	0.00188544696294	0	0.00015307589204	8.58718418763e-05	2.24013500547e-05	3.73355834245e-06	0.00101552786915	0.000589902218107	0	0	7.4671166849e-06	3.73355834245e-06	3.73355834245e-06	3.73355834245e-06	7.4671166849e-06	0	3.73355834245e-06	0	1.86677917122e-05	0	0.000145608775356	0.00109393259434	0	0	0.00462587878629	0	0.00054883307634	0	0	0	0	7.4671166849e-06	0	0	0	0	0	7.4671166849e-06	0	0	0	0	0	0	0	0	0	0	0	0	0	1.86677917122e-05	0	0	0	4.10691417669e-05	1.12006750273e-05	0	0	0	0	1.12006750273e-05	0.000119473866958	4.10691417669e-05	0.000220279942205	9.33389585612e-05	0.000373355834245	0.000604836451477	0	7.4671166849e-06	0	3.73355834245e-06	0	0	3.73355834245e-06	0
0.000119473866958	0	4.85362584518e-05	0	0	0	0	0.000280016875684	1.12006750273e-05	0.000164276567068	7.4671166849e-06	1.12006750273e-05	0	0	0.000190411475465	3.73355834245e-06	5.60033751367e-05	7.4671166849e-06	0	1.86677917122e-05	0	0.000179210800438	0.000108273191931	9.70725169037e-05	0.000843784185394	0	4.10691417669e-05	2.61349083971e-05	0.000847517743736	0.00314365612434	0.000485362584518	0	0	0.00360661735881	0.000739244551805	0	0	0	0	0	0	0	3.73355834245e-05	3.3602025082e-05	0.000302418225738	0	0	0	0	0	0	1.12006750273e-05	0	0	0	0	5.97369334792e-05	4.85362584518e-05	0	0.000190411475465	3.73355834245e-06	0	0	0.00021281282552	0.000126940983643	0.000115740308616	0	0	4.10691417669e-05	0.000246414850602	0.000145608775356	2.24013500547e-05	0.000504030376231	0.000347220925848	7.4671166849e-06	0	0	0.000112006750273	0	0.000123207425301	1.49342333698e-05	3.73355834245e-06	4.85362584518e-05	0
