0.0186764620365	5.81519316133e-05	0.00240845916765	0	0.000101765880323	5.81519316133e-05	0.000557289344628	0.00495745217004	0.00449223671713	0.000474907441509	0.00021806974355	0.000285913663766	0.00021806974355	0.000179301789141	0.0100505921805	4.84599430111e-05	0.000111457868926	0.00160887010797	4.84599430111e-05	0.000232607726453	0.00021806974355	0.00128418848979	0.000319835623873	0.00322258621024	0.00101281280893	2.42299715056e-05	0.00110004070635	0.000605749287639	0.00255383899669	0.00974044854523	0.00869371377619	0	5.33059373122e-05	0.00110488670065	0.00205954757797	0.000121149857528	4.84599430111e-05	2.90759658067e-05	0	0	0	1.93839772044e-05	0.00021806974355	9.20738917211e-05	0.000659055224951	0.000106611874624	4.84599430111e-06	4.84599430111e-06	4.84599430111e-06	0.000198685766346	0	4.361394871e-05	1.45379829033e-05	0	1.45379829033e-05	1.93839772044e-05	1.45379829033e-05	0.000271375680862	7.75359088178e-05	0.00030529764097	9.69198860222e-06	4.361394871e-05	0.000125995851829	0.000314989629572	0.000111457868926	0.000101765880323	0	0	9.69198860222e-06	5.81519316133e-05	0.000407063521293	0.000135687840431	0.0013084184613	0.000552443350327	0.000101765880323	0.000101765880323	9.69198860222e-06	0.000125995851829	2.42299715056e-05	0.000116303863227	6.29979259144e-05	2.42299715056e-05	4.84599430111e-06	0
5.81519316133e-05	0.018395394367	0.00199170365776	0	1.45379829033e-05	4.84599430111e-06	5.33059373122e-05	1.45379829033e-05	6.29979259144e-05	0.000969198860222	1.45379829033e-05	0.000184147783442	3.87679544089e-05	0.00034891158968	4.84599430111e-05	2.42299715056e-05	0.00039252553839	0.00185601581733	1.45379829033e-05	0.000552443350327	2.42299715056e-05	0.000155071817636	0.00384287348078	0.000688131190758	0.000993428831728	0.00141987633023	0.00560681540639	0.0111021729438	0.000169609800539	0.000150225823334	0.000193839772044	1.93839772044e-05	9.69198860222e-06	4.361394871e-05	0.000993428831728	2.42299715056e-05	0.00946422687007	0.00177847990851	0	0	0	4.84599430111e-06	4.84599430111e-05	1.45379829033e-05	0.000140533834732	3.87679544089e-05	7.75359088178e-05	1.45379829033e-05	4.361394871e-05	6.78439202155e-05	9.69198860222e-06	7.75359088178e-05	0.000547597356026	3.87679544089e-05	0.000455523464304	9.69198860222e-06	5.33059373122e-05	0.00108065672915	0.000644517242048	0.000125995851829	0.000169609800539	0.00296574851228	0.00546143557735	7.75359088178e-05	4.84599430111e-05	3.87679544089e-05	0	0	0	0.000281067669464	0.000722053150865	0.000382833549788	0.000852894996995	0.000397371532691	9.20738917211e-05	3.87679544089e-05	9.69198860222e-06	0.000513675395918	0.000508829401617	0.000581519316133	0.000116303863227	1.45379829033e-05	0	0
0.00240845916765	0.00199170365776	0.0411134156506	0	1.93839772044e-05	0.000145379829033	0.000222915737851	0.0012938804784	0.00171063598829	0.000106611874624	2.42299715056e-05	0.000329527612476	4.361394871e-05	0.00021806974355	0.00225823334432	2.42299715056e-05	0.000227761732152	0.0100942061292	8.722789742e-05	0.000576673321832	2.90759658067e-05	0.00190447576034	0.00141987633023	0.0172759696835	0.000266529686561	5.33059373122e-05	0.00772936091027	0.018492314253	0.00101765880323	0.0021710054469	0.00511252398767	9.69198860222e-06	4.361394871e-05	0.00021806974355	0.00367326368024	4.361394871e-05	0.00299967047239	0.00115334664366	0	4.84599430111e-06	0	9.69198860222e-06	0.000179301789141	6.29979259144e-05	8.23819031189e-05	8.23819031189e-05	1.93839772044e-05	9.69198860222e-06	4.84599430111e-06	0.000116303863227	4.84599430111e-06	0.00039252553839	0.000431293492799	1.45379829033e-05	0.000188993777743	1.45379829033e-05	0.000125995851829	0.00361511174863	0.00238422919615	0.000140533834732	4.361394871e-05	0.000591211304736	0.00368295566884	0.000247145709357	6.78439202155e-05	7.26899145167e-05	0	0	9.69198860222e-06	0.000237453720754	0.00351334586831	0.00116788462657	0.00475392040939	0.00301905444959	0.000281067669464	0.000353757583981	4.361394871e-05	0.00069782317936	0.000455523464304	0.000474907441509	0.00021806974355	1.45379829033e-05	0	9.69198860222e-06
0	0	0	0	0	0	0	0	0	0	0	0	0	0	0	0	0	0	0	0	0	0	0	0	0	0	0	0	0	0	0	0	0	0	0	0	0	0	0	0	0	0	0	0	0	0	0	0	0	0	0	0	0	0	0	0	0	0	0	0	0	0	0	0	0	0	0	0	0	0	0	0	0	0	0	0	0	0	0	0	0	0	0	0
0.000101765880323	1.45379829033e-05	1.93839772044e-05	0	0.0236920661381	5.33059373122e-05	0.00417724708756	0.000363449572583	0.00324197018744	0.0013181104499	0.00275737075733	0.000382833549788	0.00617379673962	0.000377987555487	0.00101281280893	0.000314989629572	0	2.42299715056e-05	3.39219601078e-05	7.26899145167e-05	0.0130502626529	2.90759658067e-05	9.69198860222e-06	5.33059373122e-05	0.0139322336157	1.93839772044e-05	0.000111457868926	4.84599430111e-05	0.00595572699607	0.00122119056388	5.33059373122e-05	4.84599430111e-06	0.000125995851829	0.000373141561186	0.0017639419256	0.000116303863227	1.45379829033e-05	4.84599430111e-06	0	0.000707515167962	0	0.000140533834732	0.00198201166915	0.000179301789141	0.00227761732152	0.00139564635872	2.42299715056e-05	0.000125995851829	9.69198860222e-06	0.000300451646669	4.84599430111e-06	4.84599430111e-06	0	0	9.69198860222e-06	0.000663901219252	0	2.42299715056e-05	9.69198860222e-06	0.0030335924325	4.84599430111e-06	3.87679544089e-05	1.45379829033e-05	0.00238907519045	0.000203531760647	4.84599430111e-06	4.84599430111e-06	0	1.45379829033e-05	0.000135687840431	0.000402217526992	3.39219601078e-05	0.00115334664366	0.000193839772044	0.000634825253446	0.00030529764097	9.69198860222e-06	0.00013084184613	1.93839772044e-05	0.000140533834732	4.84599430111e-05	4.361394871e-05	9.69198860222e-06	0
5.81519316133e-05	4.84599430111e-06	0.000145379829033	0	5.33059373122e-05	0.0065372463122	0.0026362208998	0.000111457868926	0.00165248405668	0.000184147783442	4.84599430111e-05	6.29979259144e-05	0.000188993777743	0.000184147783442	0.000232607726453	0.0013084184613	5.33059373122e-05	3.39219601078e-05	1.93839772044e-05	4.84599430111e-06	8.722789742e-05	0.000164763806238	5.81519316133e-05	0.000760821105274	0.000121149857528	1.45379829033e-05	2.90759658067e-05	0.000213223749249	0.000222915737851	0.000232607726453	0.000125995851829	0	0.00189478377173	6.78439202155e-05	0.000911046928609	1.45379829033e-05	1.45379829033e-05	9.69198860222e-06	0	4.84599430111e-06	0	0	1.45379829033e-05	0	2.90759658067e-05	9.69198860222e-06	0	4.84599430111e-06	0	1.93839772044e-05	0	1.45379829033e-05	4.84599430111e-06	0	4.84599430111e-06	9.69198860222e-06	1.45379829033e-05	8.23819031189e-05	9.69198860222e-05	4.361394871e-05	0	1.93839772044e-05	6.29979259144e-05	3.39219601078e-05	2.90759658067e-05	0	0	0	4.84599430111e-06	9.69198860222e-06	0.000474907441509	3.39219601078e-05	0.00146349027894	0.00144410630173	0.00238422919615	0.00105642675764	2.42299715056e-05	4.361394871e-05	3.39219601078e-05	6.78439202155e-05	7.75359088178e-05	4.84599430111e-06	0	0
0.000557289344628	5.33059373122e-05	0.000222915737851	0	0.00417724708756	0.0026362208998	0.0571197348272	0.00190932175464	0.0311985113106	0.000823819031189	0.0137383938436	0.00289305859776	0.0205809377968	0.00320804822734	0.0065275543236	0.00325650817035	2.90759658067e-05	0.000164763806238	0.000285913663766	0.000290759658067	0.0124542053539	0.000213223749249	0.000125995851829	0.000421601504197	0.00472969043788	7.26899145167e-05	0.000993428831728	0.000397371532691	0.00358603578282	0.00578611719553	0.000431293492799	4.84599430111e-05	0.00340188799938	0.000324681618174	0.00795712264242	0.000106611874624	3.87679544089e-05	4.84599430111e-06	0	0.000121149857528	0	0.000106611874624	0.00103219678614	0.000135687840431	0.0013278024385	0.000668747213553	4.361394871e-05	0.000232607726453	2.42299715056e-05	0.000334373606777	0	2.42299715056e-05	4.84599430111e-06	1.45379829033e-05	2.42299715056e-05	0.000242299715056	4.84599430111e-06	6.78439202155e-05	2.90759658067e-05	0.00171548198259	2.90759658067e-05	7.26899145167e-05	4.84599430111e-05	0.00120180658668	0.000213223749249	4.361394871e-05	0	0	1.45379829033e-05	0.000121149857528	0.0021758514412	0.000285913663766	0.00417240109326	0.000789897071081	0.00334858206207	0.00190932175464	8.722789742e-05	0.000251991703658	3.39219601078e-05	0.000193839772044	6.29979259144e-05	5.81519316133e-05	2.42299715056e-05	4.84599430111e-06
0.00495745217004	1.45379829033e-05	0.0012938804784	0	0.000363449572583	0.000111457868926	0.00190932175464	0.0315474229002	0.0065324003179	0.00121149857528	0.00191901374324	0.000334373606777	0.00047975343581	0.000276221675163	0.00517067591929	0.000222915737851	6.78439202155e-05	0.000755975110973	5.81519316133e-05	0.000101765880323	0.000799589059683	0.00140533834732	0.000169609800539	0.00253930101378	0.00200139564636	4.84599430111e-06	0.000557289344628	0.000314989629572	0.010477039679	0.00328558413615	0.00607203085929	4.84599430111e-06	9.69198860222e-05	0.00137626238152	0.00274767876873	0.000208377754948	2.90759658067e-05	4.84599430111e-06	0	3.39219601078e-05	0	1.93839772044e-05	0.000634825253446	0.000193839772044	0.00167671402818	0.000310143635271	1.93839772044e-05	9.69198860222e-06	9.69198860222e-06	0.000489445424412	4.84599430111e-06	1.93839772044e-05	1.45379829033e-05	4.84599430111e-06	2.42299715056e-05	5.81519316133e-05	9.69198860222e-06	0.000203531760647	6.78439202155e-05	0.00120665258098	4.84599430111e-06	3.87679544089e-05	5.81519316133e-05	0.00074143712807	0.000247145709357	8.722789742e-05	0	0	1.93839772044e-05	0.000164763806238	0.000852894996995	0.000135687840431	0.00192385973754	0.000663901219252	0.00056698133323	0.000426447498498	9.69198860222e-06	0.000222915737851	2.42299715056e-05	0.000208377754948	9.20738917211e-05	5.33059373122e-05	2.90759658067e-05	9.69198860222e-06
0.00449223671713	6.29979259144e-05	0.00171063598829	0	0.00324197018744	0.00165248405668	0.0311985113106	0.0065324003179	0.0675870825176	0.0012987264727	0.00840295411813	0.00405125123573	0.0116643082828	0.00412878714455	0.0239101358817	0.00126480451259	8.722789742e-05	0.000789897071081	0.00039252553839	0.000460369458606	0.00794258465952	0.00122119056388	0.00026168369226	0.00264591288841	0.00526759580531	0.000106611874624	0.00165733005098	0.00078505107678	0.00650332435209	0.0111118649324	0.00352788385121	9.69198860222e-05	0.0039446393611	0.000731745139468	0.010830797263	0.000285913663766	7.26899145167e-05	1.93839772044e-05	0	0.00013084184613	0	0.000193839772044	0.00138110837582	0.000251991703658	0.00220977340131	0.000848049002694	9.69198860222e-05	0.000116303863227	4.361394871e-05	0.000644517242048	4.84599430111e-06	5.33059373122e-05	9.69198860222e-06	1.45379829033e-05	4.84599430111e-05	0.000247145709357	1.93839772044e-05	0.000266529686561	0.000111457868926	0.00243753513346	3.87679544089e-05	0.000159917811937	0.000155071817636	0.00143441431313	0.000426447498498	9.69198860222e-05	0	0	2.90759658067e-05	0.000256837697959	0.00291244257497	0.00047975343581	0.00594118901316	0.00140049235302	0.00225823334432	0.00247145709357	0.000121149857528	0.000314989629572	6.78439202155e-05	0.000329527612476	0.00013084184613	7.26899145167e-05	2.90759658067e-05	1.45379829033e-05
0.000474907441509	0.000969198860222	0.000106611874624	0	0.0013181104499	0.000184147783442	0.000823819031189	0.00121149857528	0.0012987264727	0.0198298086801	0.000256837697959	0.000101765880323	0.000901354940007	0.000213223749249	0.000683285196457	0.00167186803388	0.000125995851829	0.000121149857528	9.69198860222e-06	5.81519316133e-05	0.00061059528194	9.69198860222e-05	0.00337765802787	0.000150225823334	0.00846110604974	0.000266529686561	0.000426447498498	0.000974044854523	0.0030384384268	0.00144410630173	0.00113880866076	9.69198860222e-06	5.33059373122e-05	0.000726899145167	0.00106611874624	0.000557289344628	8.722789742e-05	1.45379829033e-05	0	0.00034891158968	0	0.000116303863227	0.00211769950959	0.000290759658067	0.00630463858575	0.00109519471205	4.84599430111e-05	5.33059373122e-05	1.93839772044e-05	0.000809281048285	9.69198860222e-06	4.361394871e-05	1.45379829033e-05	1.45379829033e-05	4.84599430111e-05	0.000377987555487	1.45379829033e-05	0.000431293492799	0.000106611874624	0.00424993700207	9.69198860222e-06	9.20738917211e-05	8.722789742e-05	0.00296574851228	0.000503983407316	0.000198685766346	4.84599430111e-06	9.69198860222e-06	8.23819031189e-05	0.000368295566884	0.00153133419915	8.23819031189e-05	0.000770513093877	0.000281067669464	0.00355695981702	0.000111457868926	9.69198860222e-06	0.000460369458606	7.75359088178e-05	0.000358603578282	0.000106611874624	7.26899145167e-05	3.87679544089e-05	1.45379829033e-05
0.00021806974355	1.45379829033e-05	2.42299715056e-05	0	0.00275737075733	4.84599430111e-05	0.0137383938436	0.00191901374324	0.00840295411813	0.000256837697959	0.0291825776813	0.000484599430111	0.00748221520091	0.000431293492799	0.00159433212507	0.000116303863227	4.84599430111e-06	3.87679544089e-05	4.361394871e-05	7.75359088178e-05	0.0103655818101	1.45379829033e-05	9.69198860222e-06	6.29979259144e-05	0.00232607726453	9.69198860222e-06	0.000198685766346	5.33059373122e-05	0.00235515323034	0.00123088255248	4.84599430111e-05	9.69198860222e-06	0.000116303863227	0.000145379829033	0.00166702203958	1.45379829033e-05	1.45379829033e-05	4.84599430111e-06	0	9.20738917211e-05	0	2.90759658067e-05	0.000382833549788	3.39219601078e-05	0.000377987555487	0.000251991703658	0	1.45379829033e-05	4.84599430111e-06	4.84599430111e-05	0	4.84599430111e-06	0	0	0	0.000125995851829	0	2.42299715056e-05	9.69198860222e-06	0.000571827327531	4.84599430111e-06	9.69198860222e-06	2.42299715056e-05	0.0004361394871	4.84599430111e-06	4.84599430111e-06	0	4.84599430111e-06	0	9.69198860222e-06	0.000344065595379	3.87679544089e-05	0.00100796681463	0.000159917811937	0.000251991703658	0.000208377754948	1.45379829033e-05	1.93839772044e-05	0	2.90759658067e-05	0	0	9.69198860222e-06	0
0.000285913663766	0.000184147783442	0.000329527612476	0	0.000382833549788	6.29979259144e-05	0.00289305859776	0.000334373606777	0.00405125123573	0.000101765880323	0.000484599430111	0.0344065595379	0.00143926030743	0.0115286204423	0.002607144934	0.000140533834732	1.45379829033e-05	0.000896508945705	0.00520459787939	0.00386710345229	0.000891662951404	0.000213223749249	0.000106611874624	0.000494291418713	0.000537905367423	0.0022000814127	0.0120132198725	0.0026022989397	0.000625133264843	0.00551958750897	0.000358603578282	0.00103219678614	0.00061059528194	0.000198685766346	0.0136899339006	3.39219601078e-05	0.000314989629572	4.84599430111e-05	0	4.84599430111e-06	0	2.42299715056e-05	0.000150225823334	4.361394871e-05	0.000188993777743	0.000101765880323	0.0012938804784	4.84599430111e-06	0.00136657039291	0.00013084184613	0	9.69198860222e-06	1.93839772044e-05	0.000213223749249	0.000465215452907	1.45379829033e-05	0	7.75359088178e-05	5.81519316133e-05	0.000251991703658	0.000881970962802	0.00184632382872	0.000765667099575	0.000140533834732	0.000106611874624	3.39219601078e-05	6.78439202155e-05	0	0	0.000179301789141	0.00111457868926	0.00279613871174	0.0043662408653	0.000765667099575	0.000281067669464	0.000300451646669	0.000605749287639	0.000203531760647	0.00124542053539	0.000440985481401	5.81519316133e-05	1.45379829033e-05	0	0.000101765880323
0.00021806974355	3.87679544089e-05	4.361394871e-05	0	0.00617379673962	0.000188993777743	0.0205809377968	0.00047975343581	0.0116643082828	0.000901354940007	0.00748221520091	0.00143926030743	0.0408517319584	0.00136657039291	0.00340188799938	0.00286398263196	1.93839772044e-05	7.26899145167e-05	0.00013084184613	0.000179301789141	0.015788249433	8.23819031189e-05	4.361394871e-05	0.000169609800539	0.00615925875671	4.84599430111e-05	0.00052336738452	0.000179301789141	0.00195778169765	0.00328073814185	0.000159917811937	2.42299715056e-05	0.000431293492799	0.000208377754948	0.00452615867724	0.000101765880323	1.45379829033e-05	4.84599430111e-06	0	0.000232607726453	0	0.000150225823334	0.00112911667216	0.000150225823334	0.00116788462657	0.000881970962802	4.84599430111e-06	0.001303572467	1.45379829033e-05	0.000256837697959	0	4.84599430111e-06	0	9.69198860222e-06	1.93839772044e-05	0.000634825253446	0	2.42299715056e-05	4.84599430111e-06	0.00179301789141	1.45379829033e-05	2.42299715056e-05	1.93839772044e-05	0.00126480451259	0.000155071817636	1.93839772044e-05	0	0	1.45379829033e-05	7.26899145167e-05	0.000993428831728	0.000135687840431	0.00258776095679	0.000344065595379	0.00163310007947	0.000649363236349	2.42299715056e-05	0.000106611874624	1.45379829033e-05	0.000140533834732	4.361394871e-05	2.42299715056e-05	9.69198860222e-06	0
0.000179301789141	0.00034891158968	0.00021806974355	0	0.000377987555487	0.000184147783442	0.00320804822734	0.000276221675163	0.00412878714455	0.000213223749249	0.000431293492799	0.0115286204423	0.00136657039291	0.0277239333967	0.00190447576034	0.000203531760647	8.23819031189e-05	0.00026168369226	0.000736591133769	0.000455523464304	0.000760821105274	0.000290759658067	0.000256837697959	0.00056698133323	0.000557289344628	0.00486053228401	0.00723991548586	0.00398340731551	0.000678439202155	0.00362964973153	0.000319835623873	0.00194324371475	0.000731745139468	0.000310143635271	0.0078359727849	5.81519316133e-05	0.000232607726453	3.87679544089e-05	0	1.45379829033e-05	0	1.45379829033e-05	0.000140533834732	6.78439202155e-05	0.000256837697959	0.000111457868926	0.00160887010797	1.93839772044e-05	0.00167186803388	0.000208377754948	0	1.45379829033e-05	9.69198860222e-06	0.000256837697959	0.000465215452907	2.42299715056e-05	9.69198860222e-06	7.75359088178e-05	4.361394871e-05	0.00026168369226	0.00112911667216	0.00193355172614	0.000673593207854	0.000159917811937	0.000164763806238	4.361394871e-05	9.20738917211e-05	0	4.84599430111e-06	0.00017445579484	0.00140533834732	0.00204500959507	0.00501075810735	0.00187539979453	0.000440985481401	0.00179301789141	0.0013181104499	0.000222915737851	0.00138595437012	0.000440985481401	9.20738917211e-05	1.93839772044e-05	1.45379829033e-05	0.000116303863227
0.0100505921805	4.84599430111e-05	0.00225823334432	0	0.00101281280893	0.000232607726453	0.0065275543236	0.00517067591929	0.0239101358817	0.000683285196457	0.00159433212507	0.002607144934	0.00340188799938	0.00190447576034	0.0406627381806	0.000281067669464	0.000111457868926	0.00118726860377	0.000256837697959	0.000310143635271	0.00242299715056	0.001303572467	0.000295605652368	0.00325166217605	0.00202077962356	8.23819031189e-05	0.00148772025044	0.000736591133769	0.00383318149218	0.0148287425614	0.00559712341778	7.26899145167e-05	0.00151679621625	0.00158464013646	0.00774389889317	0.000150225823334	4.84599430111e-05	1.93839772044e-05	0	9.69198860222e-06	4.84599430111e-06	7.75359088178e-05	0.000615441276241	9.69198860222e-05	0.00110004070635	0.000281067669464	5.81519316133e-05	3.87679544089e-05	1.93839772044e-05	0.000324681618174	4.84599430111e-06	4.361394871e-05	9.69198860222e-06	4.84599430111e-06	1.93839772044e-05	6.78439202155e-05	2.42299715056e-05	0.000344065595379	0.000140533834732	0.00104188877474	2.42299715056e-05	0.000145379829033	0.000159917811937	0.000659055224951	0.000179301789141	9.69198860222e-05	0	0	4.84599430111e-06	0.000169609800539	0.00150710422765	0.000285913663766	0.00382833549788	0.000925584911512	0.000751129116672	0.000833511019791	6.78439202155e-05	0.000256837697959	7.26899145167e-05	0.00021806974355	9.69198860222e-05	4.84599430111e-05	2.42299715056e-05	1.93839772044e-05
4.84599430111e-05	2.42299715056e-05	2.42299715056e-05	0	0.000314989629572	0.0013084184613	0.00325650817035	0.000222915737851	0.00126480451259	0.00167186803388	0.000116303863227	0.000140533834732	0.00286398263196	0.000203531760647	0.000281067669464	0.0109325631433	0.000106611874624	3.87679544089e-05	4.84599430111e-06	1.45379829033e-05	0.000581519316133	0.00030529764097	0.000198685766346	0.000339219601078	0.000891662951404	1.93839772044e-05	9.69198860222e-05	9.20738917211e-05	0.000804435053984	0.00052336738452	0.000232607726453	0	0.000169609800539	0.000213223749249	0.00125511252399	1.93839772044e-05	1.45379829033e-05	0	0	3.39219601078e-05	0	1.93839772044e-05	0.000159917811937	1.93839772044e-05	0.000339219601078	0.000125995851829	4.84599430111e-06	1.45379829033e-05	0	3.87679544089e-05	0	2.90759658067e-05	9.69198860222e-06	0	9.69198860222e-06	4.361394871e-05	1.45379829033e-05	0.000116303863227	5.81519316133e-05	0.000319835623873	0	9.69198860222e-06	2.42299715056e-05	0.000310143635271	3.87679544089e-05	9.69198860222e-06	0	0	0	2.90759658067e-05	0.00102250479753	4.84599430111e-05	0.00176878791991	0.00136172439861	0.00613502878521	0.000474907441509	4.84599430111e-06	7.26899145167e-05	1.45379829033e-05	6.29979259144e-05	2.42299715056e-05	0	4.84599430111e-06	4.84599430111e-06
0.000111457868926	0.00039252553839	0.000227761732152	0	0	5.33059373122e-05	2.90759658067e-05	6.78439202155e-05	8.722789742e-05	0.000125995851829	4.84599430111e-06	1.45379829033e-05	1.93839772044e-05	8.23819031189e-05	0.000111457868926	0.000106611874624	0.0140243075074	0.000164763806238	0	3.87679544089e-05	4.84599430111e-06	0.00256837697959	0.00447285273993	0.00520459787939	0.00377018356626	4.361394871e-05	0.000222915737851	0.00285429064335	0.00226307933862	0.00030529764097	0.000518521390219	4.84599430111e-06	4.84599430111e-06	0.000150225823334	0.00074143712807	6.78439202155e-05	5.81519316133e-05	4.84599430111e-05	0	0	0	4.84599430111e-06	3.87679544089e-05	1.45379829033e-05	0.00021806974355	1.45379829033e-05	4.84599430111e-06	0	0	5.33059373122e-05	0	0.000402217526992	9.69198860222e-06	4.84599430111e-06	9.69198860222e-06	4.84599430111e-06	3.39219601078e-05	0.00149741223904	0.000518521390219	0.000203531760647	0	1.93839772044e-05	0.000135687840431	0.000251991703658	6.78439202155e-05	9.69198860222e-05	0	0	2.42299715056e-05	2.90759658067e-05	0.00185601581733	0.000256837697959	0.00125026652969	0.00121634456958	0.000329527612476	0.00021806974355	0	0.000184147783442	3.39219601078e-05	4.361394871e-05	3.39219601078e-05	4.84599430111e-06	0	0
0.00160887010797	0.00185601581733	0.0100942061292	0	2.42299715056e-05	3.39219601078e-05	0.000164763806238	0.000755975110973	0.000789897071081	0.000121149857528	3.87679544089e-05	0.000896508945705	7.26899145167e-05	0.00026168369226	0.00118726860377	3.87679544089e-05	0.000164763806238	0.0368101727112	0.00026168369226	0.00627071662564	5.81519316133e-05	0.0021806974355	0.000513675395918	0.0122942875419	0.000237453720754	0.000116303863227	0.0149595844075	0.00991975033437	0.000760821105274	0.00243268913916	0.00532090174262	1.93839772044e-05	2.42299715056e-05	0.000155071817636	0.00821880633468	2.90759658067e-05	0.00288336660916	0.000814127042587	0	0	0	9.69198860222e-06	4.361394871e-05	4.84599430111e-06	7.26899145167e-05	1.45379829033e-05	4.361394871e-05	0	1.93839772044e-05	5.33059373122e-05	0	9.69198860222e-05	0.000266529686561	9.69198860222e-06	0.000285913663766	0	4.361394871e-05	0.000426447498498	0.000397371532691	5.33059373122e-05	6.29979259144e-05	0.001303572467	0.00164763806238	9.20738917211e-05	3.87679544089e-05	2.42299715056e-05	0	0	4.84599430111e-06	0.000140533834732	0.002607144934	0.00117757661517	0.00406578921863	0.00215162146969	0.000155071817636	0.000155071817636	9.69198860222e-06	0.000416755509896	0.000339219601078	0.000256837697959	4.84599430111e-05	0	4.84599430111e-06	0
4.84599430111e-05	1.45379829033e-05	8.722789742e-05	0	3.39219601078e-05	1.93839772044e-05	0.000285913663766	5.81519316133e-05	0.00039252553839	9.69198860222e-06	4.361394871e-05	0.00520459787939	0.00013084184613	0.000736591133769	0.000256837697959	4.84599430111e-06	0	0.00026168369226	0.00791350869371	0.00193355172614	7.26899145167e-05	4.84599430111e-05	4.84599430111e-06	0.000140533834732	6.29979259144e-05	0.000324681618174	0.00397371532691	0.000416755509896	9.69198860222e-05	0.000528213378821	4.84599430111e-05	6.78439202155e-05	5.81519316133e-05	1.93839772044e-05	0.00125026652969	1.45379829033e-05	7.75359088178e-05	4.84599430111e-06	0	0	0	0	3.87679544089e-05	4.84599430111e-06	2.42299715056e-05	1.45379829033e-05	0.000179301789141	0	0.000203531760647	2.42299715056e-05	0	0	4.84599430111e-06	7.75359088178e-05	0.000193839772044	0	0	1.45379829033e-05	1.93839772044e-05	4.84599430111e-05	0.000188993777743	0.000586365310434	0.000310143635271	3.39219601078e-05	1.93839772044e-05	9.69198860222e-06	1.45379829033e-05	0	0	6.78439202155e-05	0.000431293492799	0.000605749287639	0.000678439202155	0.000295605652368	2.42299715056e-05	3.87679544089e-05	3.87679544089e-05	4.84599430111e-05	0.000193839772044	0.000145379829033	2.42299715056e-05	4.84599430111e-06	0	1.93839772044e-05
0.000232607726453	0.000552443350327	0.000576673321832	0	7.26899145167e-05	4.84599430111e-06	0.000290759658067	0.000101765880323	0.000460369458606	5.81519316133e-05	7.75359088178e-05	0.00386710345229	0.000179301789141	0.000455523464304	0.000310143635271	1.45379829033e-05	3.87679544089e-05	0.00627071662564	0.00193355172614	0.0163164628118	0.000140533834732	0.000314989629572	0.000169609800539	0.000857740991297	0.000125995851829	0.000242299715056	0.011073096978	0.00286882862626	0.000208377754948	0.000804435053984	0.000571827327531	2.42299715056e-05	2.90759658067e-05	7.26899145167e-05	0.00462307856326	4.84599430111e-06	0.00105158076334	0.000135687840431	0	0	0	4.84599430111e-06	1.45379829033e-05	4.84599430111e-06	2.90759658067e-05	0	6.29979259144e-05	0	4.361394871e-05	1.45379829033e-05	0	2.42299715056e-05	3.39219601078e-05	9.69198860222e-06	0.000188993777743	0	0	6.29979259144e-05	6.78439202155e-05	2.90759658067e-05	0.000135687840431	0.000901354940007	0.000683285196457	9.69198860222e-06	1.93839772044e-05	0	0	0	0	7.26899145167e-05	0.00159917811937	0.00102250479753	0.00239876717905	0.00095950687162	4.84599430111e-05	8.722789742e-05	1.45379829033e-05	0.000188993777743	0.000125995851829	0.000145379829033	4.361394871e-05	0	4.84599430111e-06	4.84599430111e-06
0.00021806974355	2.42299715056e-05	2.90759658067e-05	0	0.0130502626529	8.722789742e-05	0.0124542053539	0.000799589059683	0.00794258465952	0.00061059528194	0.0103655818101	0.000891662951404	0.015788249433	0.000760821105274	0.00242299715056	0.000581519316133	4.84599430111e-06	5.81519316133e-05	7.26899145167e-05	0.000140533834732	0.033587586501	4.84599430111e-05	2.42299715056e-05	0.000106611874624	0.00734652736048	3.87679544089e-05	0.000319835623873	0.000121149857528	0.00489930023842	0.00236969121324	0.000125995851829	1.93839772044e-05	0.000266529686561	0.000300451646669	0.00335827405067	9.69198860222e-05	1.45379829033e-05	0	0	0.000387679544089	0	0.000159917811937	0.00140049235302	0.000135687840431	0.00143926030743	0.00104188877474	9.69198860222e-06	0.000256837697959	9.69198860222e-06	0.000232607726453	0	0	0	0	9.69198860222e-06	0.000465215452907	0	1.93839772044e-05	1.45379829033e-05	0.00213708348679	1.45379829033e-05	1.93839772044e-05	1.93839772044e-05	0.00162825408517	0.000140533834732	9.69198860222e-06	4.84599430111e-06	0	1.93839772044e-05	8.722789742e-05	0.000722053150865	7.75359088178e-05	0.00211769950959	0.000281067669464	0.000707515167962	0.000460369458606	9.69198860222e-06	8.722789742e-05	4.84599430111e-06	0.000121149857528	3.87679544089e-05	2.42299715056e-05	1.45379829033e-05	0
0.00128418848979	0.000155071817636	0.00190447576034	0	2.90759658067e-05	0.000164763806238	0.000213223749249	0.00140533834732	0.00122119056388	9.69198860222e-05	1.45379829033e-05	0.000213223749249	8.23819031189e-05	0.000290759658067	0.001303572467	0.00030529764097	0.00256837697959	0.0021806974355	4.84599430111e-05	0.000314989629572	4.84599430111e-05	0.0406191242319	0.0017590959313	0.0183663184012	0.000547597356026	4.84599430111e-06	0.000838357014092	0.00138595437012	0.0120326038497	0.00159917811937	0.0133652522825	4.84599430111e-06	3.39219601078e-05	0.000470061447208	0.0078747407393	7.26899145167e-05	0.000111457868926	5.81519316133e-05	0	0	0	0	7.75359088178e-05	9.69198860222e-06	0.000213223749249	2.42299715056e-05	1.93839772044e-05	4.84599430111e-06	4.84599430111e-06	6.78439202155e-05	0	0.000353757583981	9.69198860222e-06	4.84599430111e-06	2.42299715056e-05	4.84599430111e-06	8.23819031189e-05	0.00127934249549	0.000368295566884	0.000300451646669	4.84599430111e-06	7.75359088178e-05	0.00021806974355	0.000387679544089	0.000111457868926	0.000135687840431	0	0	2.42299715056e-05	0.000106611874624	0.00314505030142	0.000353757583981	0.00675531605575	0.00380895152067	0.000911046928609	0.000818973036888	4.361394871e-05	0.0004361394871	0.000121149857528	0.000159917811937	7.26899145167e-05	4.84599430111e-06	0	4.84599430111e-06
0.000319835623873	0.00384287348078	0.00141987633023	0	9.69198860222e-06	5.81519316133e-05	0.000125995851829	0.000169609800539	0.00026168369226	0.00337765802787	9.69198860222e-06	0.000106611874624	4.361394871e-05	0.000256837697959	0.000295605652368	0.000198685766346	0.00447285273993	0.000513675395918	4.84599430111e-06	0.000169609800539	2.42299715056e-05	0.0017590959313	0.0253784721549	0.00380895152067	0.00512706197058	0.000673593207854	0.00135687840431	0.00772451491597	0.00228730931012	0.00108550272345	0.00167186803388	1.93839772044e-05	4.84599430111e-06	0.000731745139468	0.00164763806238	0.000300451646669	0.000387679544089	0.000188993777743	0	1.45379829033e-05	0	3.39219601078e-05	0.000339219601078	7.26899145167e-05	0.00126965050689	8.722789742e-05	1.45379829033e-05	1.45379829033e-05	4.84599430111e-06	0.000266529686561	4.84599430111e-06	0.00229700129873	8.23819031189e-05	1.45379829033e-05	2.42299715056e-05	2.42299715056e-05	0.00026168369226	0.00919769718351	0.00290759658067	0.00125511252399	4.84599430111e-06	0.000159917811937	0.00149741223904	0.00167671402818	0.000334373606777	0.000586365310434	0	4.84599430111e-06	0.000101765880323	0.00021806974355	0.0017639419256	0.000271375680862	0.00146349027894	0.00106611874624	0.000421601504197	0.000188993777743	1.45379829033e-05	0.000886816957103	0.000382833549788	0.000295605652368	0.000169609800539	9.69198860222e-05	3.39219601078e-05	0
0.00322258621024	0.000688131190758	0.0172759696835	0	5.33059373122e-05	0.000760821105274	0.000421601504197	0.00253930101378	0.00264591288841	0.000150225823334	6.29979259144e-05	0.000494291418713	0.000169609800539	0.00056698133323	0.00325166217605	0.000339219601078	0.00520459787939	0.0122942875419	0.000140533834732	0.000857740991297	0.000106611874624	0.0183663184012	0.00380895152067	0.0705770610014	0.000911046928609	6.29979259144e-05	0.00368295566884	0.0118823780263	0.00465215452907	0.00292698055787	0.0126286611487	4.84599430111e-06	5.81519316133e-05	0.000440985481401	0.0101862800209	6.78439202155e-05	0.000600903293338	0.000285913663766	0	4.84599430111e-06	0	9.69198860222e-06	0.000164763806238	3.87679544089e-05	0.000106611874624	5.81519316133e-05	1.45379829033e-05	4.84599430111e-06	1.45379829033e-05	0.00013084184613	0	0.00123088255248	0.000116303863227	1.45379829033e-05	0.000111457868926	1.45379829033e-05	0.000125995851829	0.00467638450057	0.00280583070034	0.000271375680862	1.93839772044e-05	0.000285913663766	0.00169609800539	0.000373141561186	8.722789742e-05	0.000135687840431	0	0	9.69198860222e-06	0.000193839772044	0.00841264610673	0.00155071817636	0.013840159724	0.0104576557018	0.00250053305937	0.00192385973754	0.000101765880323	0.000804435053984	0.000339219601078	0.000387679544089	0.000247145709357	4.84599430111e-06	9.69198860222e-06	0
0.00101281280893	0.000993428831728	0.000266529686561	0	0.0139322336157	0.000121149857528	0.00472969043788	0.00200139564636	0.00526759580531	0.00846110604974	0.00232607726453	0.000537905367423	0.00615925875671	0.000557289344628	0.00202077962356	0.000891662951404	0.00377018356626	0.000237453720754	6.29979259144e-05	0.000125995851829	0.00734652736048	0.000547597356026	0.00512706197058	0.000911046928609	0.0478929616779	0.000150225823334	0.000659055224951	0.0017348659598	0.0151582701739	0.0039155633953	0.00280583070034	9.69198860222e-06	0.000135687840431	0.00195293570335	0.00414332512745	0.000474907441509	0.000135687840431	4.84599430111e-05	0	0.000620287270542	0	0.000285913663766	0.00329527612476	0.000373141561186	0.00550504952606	0.00204016360077	4.84599430111e-05	0.000213223749249	1.45379829033e-05	0.000838357014092	9.69198860222e-06	0.000145379829033	1.45379829033e-05	4.84599430111e-06	2.90759658067e-05	0.000818973036888	1.93839772044e-05	0.00119696059237	0.000159917811937	0.00560681540639	1.45379829033e-05	0.000121149857528	0.000155071817636	0.00446316075132	0.000659055224951	0.000198685766346	4.84599430111e-06	1.45379829033e-05	0.000125995851829	0.000426447498498	0.00255383899669	0.000247145709357	0.00320320223303	0.00116303863227	0.00190447576034	0.000746283122371	1.45379829033e-05	0.000712361162263	0.000101765880323	0.000470061447208	0.000125995851829	0.000188993777743	3.39219601078e-05	0
2.42299715056e-05	0.00141987633023	5.33059373122e-05	0	1.93839772044e-05	1.45379829033e-05	7.26899145167e-05	4.84599430111e-06	0.000106611874624	0.000266529686561	9.69198860222e-06	0.0022000814127	4.84599430111e-05	0.00486053228401	8.23819031189e-05	1.93839772044e-05	4.361394871e-05	0.000116303863227	0.000324681618174	0.000242299715056	3.87679544089e-05	4.84599430111e-06	0.000673593207854	6.29979259144e-05	0.000150225823334	0.0111797088527	0.00425478299638	0.00338735001648	3.87679544089e-05	0.000198685766346	1.93839772044e-05	0.000334373606777	1.93839772044e-05	1.93839772044e-05	0.000484599430111	3.39219601078e-05	0.000639671247747	2.42299715056e-05	0	0	0	4.84599430111e-06	3.39219601078e-05	0	3.39219601078e-05	3.39219601078e-05	0.000983736843125	0	0.0013084184613	6.78439202155e-05	0	0	9.69198860222e-06	0.000285913663766	0.000508829401617	4.84599430111e-06	4.84599430111e-06	3.87679544089e-05	2.42299715056e-05	9.69198860222e-06	0.00255383899669	0.0021710054469	0.00135687840431	2.90759658067e-05	8.23819031189e-05	9.69198860222e-06	7.75359088178e-05	0	0	0.000140533834732	0.000125995851829	0.000358603578282	0.000319835623873	0.000106611874624	5.81519316133e-05	1.45379829033e-05	0.00034891158968	0.000101765880323	0.000533059373122	0.000363449572583	6.29979259144e-05	9.69198860222e-06	0	0.000101765880323
0.00110004070635	0.00560681540639	0.00772936091027	0	0.000111457868926	2.90759658067e-05	0.000993428831728	0.000557289344628	0.00165733005098	0.000426447498498	0.000198685766346	0.0120132198725	0.00052336738452	0.00723991548586	0.00148772025044	9.69198860222e-05	0.000222915737851	0.0149595844075	0.00397371532691	0.011073096978	0.000319835623873	0.000838357014092	0.00135687840431	0.00368295566884	0.000659055224951	0.00425478299638	0.0782773459458	0.0299724747524	0.000659055224951	0.00289790459206	0.00237938320185	0.00200624164066	0.000121149857528	0.000213223749249	0.00887786155963	8.722789742e-05	0.0104625016961	0.00145379829033	0	4.84599430111e-06	0	2.42299715056e-05	0.000188993777743	4.361394871e-05	0.000198685766346	0.000159917811937	0.00116303863227	1.93839772044e-05	0.00117757661517	0.000247145709357	0	0.000101765880323	0.000484599430111	0.000688131190758	0.002607144934	2.42299715056e-05	6.78439202155e-05	0.000416755509896	0.000470061447208	0.000213223749249	0.00256353098529	0.00992459632867	0.00736106534339	0.000198685766346	0.000247145709357	9.20738917211e-05	6.29979259144e-05	0	0	0.000731745139468	0.00511736998197	0.00423055302487	0.00617379673962	0.00296574851228	0.00013084184613	0.000203531760647	0.000135687840431	0.000978890848824	0.00155071817636	0.00149741223904	0.000213223749249	2.42299715056e-05	4.84599430111e-06	8.23819031189e-05
0.000605749287639	0.0111021729438	0.018492314253	0	4.84599430111e-05	0.000213223749249	0.000397371532691	0.000314989629572	0.00078505107678	0.000974044854523	5.33059373122e-05	0.0026022989397	0.000179301789141	0.00398340731551	0.000736591133769	9.20738917211e-05	0.00285429064335	0.00991975033437	0.000416755509896	0.00286882862626	0.000121149857528	0.00138595437012	0.00772451491597	0.0118823780263	0.0017348659598	0.00338735001648	0.0299724747524	0.0787910213418	0.00133264843281	0.00125511252399	0.00151195022195	0.000600903293338	5.33059373122e-05	0.000198685766346	0.00708484366822	6.29979259144e-05	0.00817034639167	0.00185601581733	0	4.84599430111e-06	0	1.45379829033e-05	0.000227761732152	7.75359088178e-05	0.00021806974355	0.000116303863227	0.000440985481401	9.69198860222e-06	0.000310143635271	0.000198685766346	9.69198860222e-06	0.000731745139468	0.00069782317936	0.000203531760647	0.00105158076334	1.93839772044e-05	0.000135687840431	0.0047781503809	0.00308205237551	0.00021806974355	0.00111457868926	0.00454069666014	0.00712845761693	0.000295605652368	0.000164763806238	9.69198860222e-05	1.45379829033e-05	0	1.45379829033e-05	0.000576673321832	0.00658570625521	0.00295605652368	0.00757913508694	0.0047975343581	0.000508829401617	0.000494291418713	7.26899145167e-05	0.000988582837427	0.000974044854523	0.00103219678614	0.000271375680862	1.45379829033e-05	0	2.42299715056e-05
0.00255383899669	0.000169609800539	0.00101765880323	0	0.00595572699607	0.000222915737851	0.00358603578282	0.010477039679	0.00650332435209	0.0030384384268	0.00235515323034	0.000625133264843	0.00195778169765	0.000678439202155	0.00383318149218	0.000804435053984	0.00226307933862	0.000760821105274	9.69198860222e-05	0.000208377754948	0.00489930023842	0.0120326038497	0.00228730931012	0.00465215452907	0.0151582701739	3.87679544089e-05	0.000659055224951	0.00133264843281	0.0617815813449	0.00715753358274	0.011073096978	4.84599430111e-06	0.000198685766346	0.00356180581132	0.0083108802264	0.000547597356026	0.000121149857528	5.81519316133e-05	0	0.000164763806238	0	0.000116303863227	0.00162340809087	0.000314989629572	0.00366841768594	0.000862586985598	3.87679544089e-05	6.29979259144e-05	2.42299715056e-05	0.000852894996995	4.84599430111e-06	0.000256837697959	1.93839772044e-05	4.84599430111e-06	3.39219601078e-05	0.000285913663766	3.87679544089e-05	0.0017639419256	0.000324681618174	0.00291244257497	2.90759658067e-05	9.20738917211e-05	0.000198685766346	0.00228246331582	0.000629979259144	0.000339219601078	0	1.45379829033e-05	9.69198860222e-05	0.000377987555487	0.00482176432961	0.000445831475702	0.00681831398166	0.00319351024443	0.00156041016496	0.00121149857528	4.84599430111e-05	0.000867432979899	0.000155071817636	0.000518521390219	0.000155071817636	0.000145379829033	6.29979259144e-05	2.42299715056e-05
0.00974044854523	0.000150225823334	0.0021710054469	0	0.00122119056388	0.000232607726453	0.00578611719553	0.00328558413615	0.0111118649324	0.00144410630173	0.00123088255248	0.00551958750897	0.00328073814185	0.00362964973153	0.0148287425614	0.00052336738452	0.00030529764097	0.00243268913916	0.000528213378821	0.000804435053984	0.00236969121324	0.00159917811937	0.00108550272345	0.00292698055787	0.0039155633953	0.000198685766346	0.00289790459206	0.00125511252399	0.00715753358274	0.0468219969373	0.0155265657408	0.000106611874624	0.00193355172614	0.0105933435422	0.0193161332842	0.000397371532691	0.000106611874624	5.33059373122e-05	0	5.81519316133e-05	0	8.23819031189e-05	0.000814127042587	0.000193839772044	0.00203531760647	0.00034891158968	7.75359088178e-05	4.84599430111e-05	5.81519316133e-05	0.000596057299037	4.84599430111e-06	0.000164763806238	2.90759658067e-05	1.93839772044e-05	7.26899145167e-05	7.26899145167e-05	4.84599430111e-05	0.000988582837427	0.000155071817636	0.00141987633023	4.84599430111e-05	0.000179301789141	0.000193839772044	0.00122119056388	0.000431293492799	0.000203531760647	0	4.84599430111e-06	6.29979259144e-05	0.000295605652368	0.00231153928163	0.000518521390219	0.00817034639167	0.00223400337281	0.00103219678614	0.00124057454108	0.000101765880323	0.000562135338929	0.000116303863227	0.00034891158968	0.000164763806238	8.23819031189e-05	4.84599430111e-05	2.42299715056e-05
