0.0122487781691	0	6.09391948714e-05	0	0	0	0	0.0025106948287	0.000621579787688	0	0	0	0	0	0.00687394118149	0	0	0	0	0	0	0.000840960889225	0	9.75027117942e-05	0.000767833855379	0	0	6.09391948714e-05	0.00329071652305	0.00866555351071	0.00659362088508	0	0	0.000475325719997	0.000792209533328	0	0	0	0	0	0	0	0	0	0	0	0	0	0	0	0	0	0	0	0	0	0	0	0	0	0	0	0	0	0	0	0	0	0	0	0	0	0.000487513558971	0	0	0	0	0	0	0	0	0	0	0
0	0.0280807809967	0.000572828431791	0	0	0	0	0	0	0.000853148728199	0	0	0	0.0012797230923	0	0	0.000499701397945	0.00145035283794	0	0	0	1.21878389743e-05	0.00688612902046	3.65635169228e-05	0.00376604224305	0.00205974478665	0.00482638423381	0.0234737778644	0	0	0	0	0	0	0.00017062974564	0	0.0198174261722	8.53148728199e-05	0	0	0	0	0	0	1.21878389743e-05	0	0	0	0	0	0	0	4.87513558971e-05	0	0.000377823008202	0	1.21878389743e-05	1.21878389743e-05	3.65635169228e-05	0	0.000853148728199	0.000780021694353	0.0176845543517	0	0	0	0	0	0	0.00102377847384	0.000182817584614	1.21878389743e-05	8.53148728199e-05	0.000134066228717	0	0	0	0.000195005423588	1.21878389743e-05	0.00110909334666	9.75027117942e-05	0	0	0
6.09391948714e-05	0.000572828431791	0.0394642225987	0	0	0	1.21878389743e-05	0	0	0	0	0	1.21878389743e-05	0	4.87513558971e-05	0	0	0.00890931029019	0	0	1.21878389743e-05	0	0.00174286097332	0.0150397932943	0	0	0.00922619410352	0.0223159331619	0	0.000207193262563	0.000731270338456	0	0	0	0.000938463601019	0	0.00260819754049	0	0	0	0	0	2.43756779485e-05	0	0	0	0	0	0	0	0	2.43756779485e-05	0	0	1.21878389743e-05	0	4.87513558971e-05	0.00466794232715	0.000743458177431	0.000109690550768	0	0	0.00741020609636	0.000134066228717	0	0	0	0	0	0.000280320296408	0.000706894660508	0	0.003790417921	0.00316883813331	0	0	0	0.000390010847177	0	0.000146254067691	9.75027117942e-05	0	0	0
0	0	0	0	0	0	0	0	0	0	0	0	0	0	0	0	0	0	0	0	0	0	0	0	0	0	0	0	0	0	0	0	0	0	0	0	0	0	0	0	0	0	0	0	0	0	0	0	0	0	0	0	0	0	0	0	0	0	0	0	0	0	0	0	0	0	0	0	0	0	0	0	0	0	0	0	0	0	0	0	0	0	0	0
0	0	0	0	0.019890553206	0	0.00441199770869	0	0.00207193262563	0.00125534741435	0.000853148728199	6.09391948714e-05	0.00430230715792	0.000207193262563	0	1.21878389743e-05	0	0	1.21878389743e-05	0	0.00840960889225	0	0	0	0.0152347987178	0	6.09391948714e-05	1.21878389743e-05	0.00622798571585	1.21878389743e-05	0	0	0	0	0.000926275762045	0	0	0	0	0.000621579787688	0	0	0.00192567855793	0	0.000804397372302	0.000780021694353	0	7.31270338456e-05	0	1.21878389743e-05	0	0	0	0	0	0.000877524406148	0	0	0	0.00554546673329	0	0	0	0.00575265999586	1.21878389743e-05	0	0	0	0	2.43756779485e-05	0.000365635169228	3.65635169228e-05	0.00117003254153	0.000402198686151	1.21878389743e-05	0.000182817584614	0	0.000243756779485	0	1.21878389743e-05	0	0	0	0
0	0	0	0	0	0.00883618325635	0.00241319211691	0	0.00121878389743	0.00243756779485	1.21878389743e-05	0	7.31270338456e-05	0.000207193262563	0	0.00329071652305	0	0	0	0	3.65635169228e-05	0	0	0.000243756779485	0.00212068398152	0	0	0	0.0016575461005	0	0	0	0.00528952211483	0	0.000975027117942	0	0	0	0	0	0	0	1.21878389743e-05	0	0.000109690550768	0	0	0	0	0	0	0	0	0	0	0	0	0	0.000901900084096	0.000134066228717	0	0	3.65635169228e-05	0.000109690550768	0	0	0	0	0	3.65635169228e-05	0.00409511389536	0	0.00109690550768	0.000475325719997	0.00608173164816	0.00268132457434	1.21878389743e-05	3.65635169228e-05	0	3.65635169228e-05	0	0	0	0
0	0	1.21878389743e-05	0	0.00441199770869	0.00241319211691	0.0543577618253	0.00141378932102	0.0298845811649	0.00148691635486	0.0082877305025	0.00591110190252	0.0197808626552	0.00195005423588	0.000840960889225	0.00342478275177	0	0	0.00257163402357	0.000950651439993	0.0164048312594	0	2.43756779485e-05	2.43756779485e-05	0.00670331143585	0	0.00338821923485	0.000182817584614	0.00864117783276	0.00218162317639	0	0	0.0020353691087	0.000304695974357	0.0130166120245	0	1.21878389743e-05	0	0	0	0	2.43756779485e-05	0.000146254067691	1.21878389743e-05	0.000475325719997	0.000146254067691	0	0.000280320296408	0	0	0.000158441906666	0	0	0	1.21878389743e-05	0.000158441906666	0	3.65635169228e-05	1.21878389743e-05	0.000560640592816	0	1.21878389743e-05	1.21878389743e-05	0.000219381101537	0	0	0	0	0	0	0.00712988579995	0.000231568940511	0.00688612902046	0.00286414215895	0.00396104766664	0.00110909334666	1.21878389743e-05	0.000243756779485	2.43756779485e-05	1.21878389743e-05	0	6.09391948714e-05	0	0
0.0025106948287	0	0	0	0	0	0.00141378932102	0.0390376482346	0.0091896305866	0	0.00237662859998	3.65635169228e-05	0	0	0.00570390863996	2.43756779485e-05	0	0	0	2.43756779485e-05	0.000365635169228	0.00091408792307	0	0.000950651439993	0.00034125949128	0	0	0	0.0172701678265	0.00125534741435	0.00321758948921	0	0	0.000950651439993	0.000365635169228	0	0	0	0	0	0	0	0	0	0	0	0	0	0	0	0	0	0	0	0	0	0	0	0	0	0	0	0	0	0	0	0	0	0	0	2.43756779485e-05	0	0.000121878389743	3.65635169228e-05	0	0	0	0	0	0	0	0	0	0
0.000621579787688	0	0	0	0.00207193262563	0.00121878389743	0.0298845811649	0.0091896305866	0.0587697595339	0.000195005423588	0.00396104766664	0.00422918012407	0.0107740496533	0.00187692720204	0.0141013296932	0.00173067313435	0	3.65635169228e-05	0.00177942449024	0.000645955465636	0.00848273592609	0.000706894660508	0	7.31270338456e-05	0.0042169922851	0	0.00242537995588	2.43756779485e-05	0.00976245901839	0.00391229631074	0.000304695974357	0	0.0017550488123	0.000865336567173	0.0134553742276	0	0	0	0	0	0	0	0.000134066228717	0	0.000182817584614	0.000134066228717	0	7.31270338456e-05	0	0	4.87513558971e-05	0	0	0	0	0.000146254067691	0	2.43756779485e-05	2.43756779485e-05	0.000390010847177	0	0	1.21878389743e-05	0.000146254067691	0	0	0	0	0	0	0.00477763287791	7.31270338456e-05	0.00895806164609	0.00514326804714	0.00185255152409	0.000962839278967	2.43756779485e-05	0.000231568940511	0	0	0	1.21878389743e-05	0	0
0	0.000853148728199	0	0	0.00125534741435	0.00243756779485	0.00148691635486	0	0.000195005423588	0.0237297224829	0	0	0.000402198686151	0.000511889236919	0	0.00636205194457	0.000438762203074	0	0	0	0	0	0.00446074906458	0	0.0147838486758	0.0004265743641	0.000158441906666	0.000719082499482	0.00442418554766	0	0	0	0.0012797230923	0	0.000475325719997	0.000292508135383	3.65635169228e-05	0	0	1.21878389743e-05	0	8.53148728199e-05	0.000475325719997	2.43756779485e-05	0.00793428317225	3.65635169228e-05	8.53148728199e-05	0.00091408792307	0	0.00034125949128	0.0004265743641	0.000231568940511	0	0.000134066228717	0.000158441906666	1.21878389743e-05	0	0.00220599885434	0	0.0083852332143	2.43756779485e-05	4.87513558971e-05	3.65635169228e-05	0.00839742105327	0.00034125949128	0	0	0	1.21878389743e-05	0.000231568940511	0.0038391692769	0	0.000536264914868	0.000158441906666	0.0079586588502	0.000719082499482	0	0.000621579787688	0	0.000195005423588	0	0.000207193262563	0	0
0	0	0	0	0.000853148728199	1.21878389743e-05	0.0082877305025	0.00237662859998	0.00396104766664	0	0.0175017367671	0.000158441906666	0.00136503796512	1.21878389743e-05	0.00025594461846	4.87513558971e-05	0	0	7.31270338456e-05	3.65635169228e-05	0.00558203025022	0	0	0	0.00025594461846	0	0.000109690550768	0	0.00297383270972	4.87513558971e-05	0	0	0	0	0.000292508135383	0	0	0	0	0	0	0	1.21878389743e-05	0	0	1.21878389743e-05	0	0	0	0	0	0	0	0	0	1.21878389743e-05	0	0	0	7.31270338456e-05	0	0	0	1.21878389743e-05	0	0	0	0	0	0	0.000207193262563	0	0.000219381101537	1.21878389743e-05	0	0	0	6.09391948714e-05	0	0	0	0	0	0
0	0	0	0	6.09391948714e-05	0	0.00591110190252	3.65635169228e-05	0.00422918012407	0	0.000158441906666	0.0324684030275	0.00687394118149	0.00703238308815	0.00265694889639	3.65635169228e-05	0	8.53148728199e-05	0.00572828431791	0.00444856122561	0.00226693804921	0	0	0	6.09391948714e-05	0.000134066228717	0.010432790162	0.000670331143585	0.000231568940511	0.00939682384916	0	0.000390010847177	0.0053992126656	0	0.0215602871455	0	0	0	0	0	0	0	3.65635169228e-05	0	0	3.65635169228e-05	0.000280320296408	0	0.000877524406148	0	0	0	0	0	0	3.65635169228e-05	0	0	0	4.87513558971e-05	0	0.000219381101537	0	1.21878389743e-05	0	0	6.09391948714e-05	0	0	0	0.000658143304611	0.00247413131178	0.00265694889639	0.000207193262563	0	1.21878389743e-05	0.000572828431791	3.65635169228e-05	0.000780021694353	0	0	0	0	0.00034125949128
0	0	1.21878389743e-05	0	0.00430230715792	7.31270338456e-05	0.0197808626552	0	0.0107740496533	0.000402198686151	0.00136503796512	0.00687394118149	0.0320662043413	0.00138941364307	0.000280320296408	0.0012309717364	0	0	0.00269351241331	0.00166973393948	0.0109568672379	0	2.43756779485e-05	0	0.00468013016612	0	0.00361978817536	0.00034125949128	0.00091408792307	0.0025106948287	0	0	3.65635169228e-05	0	0.0114321929579	0	1.21878389743e-05	0	0	2.43756779485e-05	0	0	0.000987214956916	1.21878389743e-05	0	0.000938463601019	0	0.000219381101537	0	0	0	0	0	0	1.21878389743e-05	0.000975027117942	0	2.43756779485e-05	0	0.000536264914868	0	1.21878389743e-05	0	0.000414386525125	0	0	0	0	0	0	0.00254725834562	0.000207193262563	0.00376604224305	0.00112128118563	0.000390010847177	1.21878389743e-05	0	0.000207193262563	2.43756779485e-05	1.21878389743e-05	0	0	0	0
0	0.0012797230923	0	0	0.000207193262563	0.000207193262563	0.00195005423588	0	0.00187692720204	0.000511889236919	1.21878389743e-05	0.00703238308815	0.00138941364307	0.0234128386696	0.000524077075894	1.21878389743e-05	1.21878389743e-05	0	0	0	0.000463137881022	0	0.0012797230923	1.21878389743e-05	0.000950651439993	0.0050213896574	0.0029372691928	0.0032663408451	7.31270338456e-05	0.00332728003998	0	0.000292508135383	0.0042169922851	0	0.00697144389328	0	9.75027117942e-05	0	0	0	0	0	1.21878389743e-05	0	0	2.43756779485e-05	0.00218162317639	0	0.00538702482663	0	0	0	0	0	0.000158441906666	2.43756779485e-05	0	0	0	0	0.00117003254153	0.00296164487075	0.000414386525125	0	0	0	0.000414386525125	0	0	0	0.00169410961742	0.0020841204646	0.00157223122768	0.00137722580409	0	0.00152347987178	0.000950651439993	0	0.00237662859998	0	0	0	0	0.000865336567173
0.00687394118149	0	4.87513558971e-05	0	0	0	0.000840960889225	0.00570390863996	0.0141013296932	0	0.00025594461846	0.00265694889639	0.000280320296408	0.000524077075894	0.0299211446818	0.000377823008202	0	0	0.000243756779485	1.21878389743e-05	0.000292508135383	0.000755646016405	0	7.31270338456e-05	0.000499701397945	0	0.000840960889225	4.87513558971e-05	0.00583797486868	0.0122731538471	0.00420480444612	0	0.00173067313435	0.00166973393948	0.00420480444612	0	0	0	0	0	0	0	0	0	0	0	0	0	0	0	0	0	0	0	0	0	0	0	0	0	0	0	0	0	0	0	0	0	0	0	0.000182817584614	0	0.00151129203281	0.000767833855379	0	7.31270338456e-05	0	0	0	0	0	0	0	0
0	0	0	0	1.21878389743e-05	0.00329071652305	0.00342478275177	2.43756779485e-05	0.00173067313435	0.00636205194457	4.87513558971e-05	3.65635169228e-05	0.0012309717364	1.21878389743e-05	0.000377823008202	0.0154298041414	0	0	2.43756779485e-05	1.21878389743e-05	0.000121878389743	0.00131628660922	0	0.00137722580409	0.00381479359895	0	1.21878389743e-05	0	0.00325415300613	3.65635169228e-05	0	0	0.00169410961742	3.65635169228e-05	0.0020841204646	0	0	0	0	0	0	7.31270338456e-05	4.87513558971e-05	0	0.00234006508306	0	0	0.000755646016405	0	0	0.000390010847177	0	0	0	0	0	0	0	3.65635169228e-05	0.00185255152409	0	0	0	0.0016087947446	0	0	0	0	1.21878389743e-05	0	0.00291289351485	1.21878389743e-05	0.0045948152933	0.00474106936099	0.00892149812917	0.000901900084096	0	3.65635169228e-05	0	0	0	0.000182817584614	0	0
0	0.000499701397945	0	0	0	0	0	0	0	0.000438762203074	0	0	0	1.21878389743e-05	0	0	0.0134919377445	0	0	0	0	0.00107252982974	0.00722738851174	0.00273007593024	0.00448512474253	2.43756779485e-05	0	0.00145035283794	0.00154785554973	0	0	0	0	0	0	0	2.43756779485e-05	0	0	0	0	0	0	0	1.21878389743e-05	0	0	0	0	0	0	0.00124315957538	0	0	0	0	1.21878389743e-05	0.00252288266767	0.000950651439993	0.000548452753842	0	0	4.87513558971e-05	0.000511889236919	0	0	0	0	0	0	0.00319321381126	0	8.53148728199e-05	6.09391948714e-05	0	0	0	7.31270338456e-05	0.00017062974564	0	0	0	0	0
0	0.00145035283794	0.00890931029019	0	0	0	0	0	3.65635169228e-05	0	0	8.53148728199e-05	0	0	0	0	0	0.0296895757413	0	0.00531389779278	0	0.000219381101537	1.21878389743e-05	0.00460700313227	0	0	0.0136869431681	0.0104571658399	0	0	8.53148728199e-05	0	0	0	0.00653268169021	0	0.00550890321637	0.000292508135383	0	0	0	0	0	0	4.87513558971e-05	0	0	0	0	0	0	0	2.43756779485e-05	0	0.00103596631281	0	1.21878389743e-05	2.43756779485e-05	8.53148728199e-05	1.21878389743e-05	0	0.0013284744482	0.000853148728199	1.21878389743e-05	0	0	0	0	0	0.000962839278967	0.000121878389743	0	0.00177942449024	0.000962839278967	0	0	0	0.00152347987178	0.000316883813331	0.00173067313435	6.09391948714e-05	0	0	0
0	0	0	0	1.21878389743e-05	0	0.00257163402357	0	0.00177942449024	0	7.31270338456e-05	0.00572828431791	0.00269351241331	0	0.000243756779485	2.43756779485e-05	0	0	0.00622798571585	0.00147472851589	0.000780021694353	0	0	0	0	0	0.00205974478665	0.000365635169228	6.09391948714e-05	0.00191349071896	0	0	0.000158441906666	0	0.00375385440408	0	0	0	0	0	0	0	0	0	0	0	0	0	0	0	0	0	0	0	0	0	0	0	0	0	0	0	0	0	0	0	0	0	0	0	0.000109690550768	8.53148728199e-05	0.00025594461846	0.000109690550768	0	0	0	0	0	0	0	0	0	0
0	0	0	0	0	0	0.000950651439993	2.43756779485e-05	0.000645955465636	0	3.65635169228e-05	0.00444856122561	0.00166973393948	0	1.21878389743e-05	1.21878389743e-05	0	0.00531389779278	0.00147472851589	0.012772855245	0.000450950042048	0	2.43756779485e-05	7.31270338456e-05	1.21878389743e-05	0	0.00422918012407	0.000121878389743	2.43756779485e-05	0.00119440821948	0	0	0	0	0.00968933198455	0	0.000609391948714	0	0	0	0	0	0	0	3.65635169228e-05	0	0	0	0	0	0	0	0	0	1.21878389743e-05	0	0	8.53148728199e-05	7.31270338456e-05	0	0	1.21878389743e-05	4.87513558971e-05	0	0	0	0	0	0	2.43756779485e-05	0.000450950042048	0	0.00248631915075	0.000792209533328	0	0	0	0.000487513558971	7.31270338456e-05	0.000109690550768	0	0	0	0
0	0	1.21878389743e-05	0	0.00840960889225	3.65635169228e-05	0.0164048312594	0.000365635169228	0.00848273592609	0	0.00558203025022	0.00226693804921	0.0109568672379	0.000463137881022	0.000292508135383	0.000121878389743	0	0	0.000780021694353	0.000450950042048	0.0299211446818	0	2.43756779485e-05	0	0.00624017355483	0	0.00124315957538	8.53148728199e-05	0.0105181050348	0.00141378932102	0	0	3.65635169228e-05	0	0.00509451669125	0	1.21878389743e-05	0	0	7.31270338456e-05	0	0	0.00158441906666	0	0	0.00147472851589	0	3.65635169228e-05	0	0	0	0	0	0	1.21878389743e-05	0.00148691635486	0	2.43756779485e-05	0	0.000840960889225	0	1.21878389743e-05	0	0.00110909334666	0	0	0	0	0	0	0.00141378932102	0.000109690550768	0.00244975563383	0.000658143304611	3.65635169228e-05	6.09391948714e-05	0	0.000146254067691	2.43756779485e-05	0	0	0	0	0
0.000840960889225	1.21878389743e-05	0	0	0	0	0	0.00091408792307	0.000706894660508	0	0	0	0	0	0.000755646016405	0.00131628660922	0.00107252982974	0.000219381101537	0	0	0	0.0334556179844	0	0.0119440821948	0	0	1.21878389743e-05	2.43756779485e-05	0.00856805079891	0.00238881643896	0.010895928043	0	0	0.0012797230923	0.00996965228095	0	3.65635169228e-05	0	0	0	0	0	0	0	0	0	0	0	0	0	0	0	0	0	0	0	0	0	2.43756779485e-05	0	0	0	0	1.21878389743e-05	0	0	0	0	0	2.43756779485e-05	0.000804397372302	0	0.0103230996112	0.00322977732818	0.000329071652305	1.21878389743e-05	0	1.21878389743e-05	0	3.65635169228e-05	0	0	0	0
0	0.00688612902046	0.00174286097332	0	0	0	2.43756779485e-05	0	0	0.00446074906458	0	0	2.43756779485e-05	0.0012797230923	0	0	0.00722738851174	1.21878389743e-05	0	2.43756779485e-05	2.43756779485e-05	0	0.0370997818377	0.00453387609843	0.0110178064327	0.00179161232922	0.000975027117942	0.0181964435886	0.00104815415179	0	0	0	0	0	0.000146254067691	0	0.00271788809126	0	0	0	0	0	1.21878389743e-05	0	0.000767833855379	3.65635169228e-05	0	0	0	0	0	0.00446074906458	0	0	2.43756779485e-05	2.43756779485e-05	1.21878389743e-05	0.0163195163865	0.0050701410133	0.00164535826153	0.000146254067691	0.000121878389743	0.00739801825738	0.00241319211691	0	0	0	0	0	1.21878389743e-05	0.0025106948287	0.000414386525125	0.000195005423588	7.31270338456e-05	0	0	0	0.00157223122768	0.0013284744482	1.21878389743e-05	0	1.21878389743e-05	0	0
9.75027117942e-05	3.65635169228e-05	0.0150397932943	0	0	0.000243756779485	2.43756779485e-05	0.000950651439993	7.31270338456e-05	0	0	0	0	1.21878389743e-05	7.31270338456e-05	0.00137722580409	0.00273007593024	0.00460700313227	0	7.31270338456e-05	0	0.0119440821948	0.00453387609843	0.0735414203708	2.43756779485e-05	0	0.00117003254153	0.0191105315117	0.000499701397945	0.000109690550768	0.00939682384916	0	0	0	0.00636205194457	0	6.09391948714e-05	0	0	0	0	0	1.21878389743e-05	0	2.43756779485e-05	0	0	0	0	0	0	0.00303477190459	0	0	0	0	0.000146254067691	0.00743458177431	0.00783678046046	0.000158441906666	0	0	0.00432668283587	0.00034125949128	0	0	0	0	0	0.000207193262563	0.00792209533328	0.000268132457434	0.0168314056235	0.0134675620666	0.00296164487075	0.000121878389743	0	0.00143816499896	7.31270338456e-05	0.000182817584614	7.31270338456e-05	0	0	0
0.000767833855379	0.00376604224305	0	0	0.0152347987178	0.00212068398152	0.00670331143585	0.00034125949128	0.0042169922851	0.0147838486758	0.00025594461846	6.09391948714e-05	0.00468013016612	0.000950651439993	0.000499701397945	0.00381479359895	0.00448512474253	0	0	1.21878389743e-05	0.00624017355483	0	0.0110178064327	2.43756779485e-05	0.0575265999586	0.000962839278967	0.000694706821533	0.00333946787895	0.0214262209168	0.00234006508306	0.00137722580409	0	0.00115784470256	0.00186473936306	0.00441199770869	0.000292508135383	9.75027117942e-05	0	0	0.000511889236919	0	1.21878389743e-05	0.00285195431998	2.43756779485e-05	0.00611829516508	0.0013284744482	8.53148728199e-05	6.09391948714e-05	0	0.00034125949128	9.75027117942e-05	0.00082877305025	0	0.000134066228717	0.000158441906666	0.00137722580409	0	0.00231568940511	0	0.0117734524491	8.53148728199e-05	8.53148728199e-05	0.000109690550768	0.0108715523651	0.00034125949128	0	0	0	1.21878389743e-05	0.000304695974357	0.00508232885227	2.43756779485e-05	0.00531389779278	0.00290070567588	0.00359541249741	0.00108471766871	0	0.00219381101537	6.09391948714e-05	0.000231568940511	2.43756779485e-05	0	0	1.21878389743e-05
0	0.00205974478665	0	0	0	0	0	0	0	0.0004265743641	0	0.000134066228717	0	0.0050213896574	0	0	2.43756779485e-05	0	0	0	0	0	0.00179161232922	0	0.000962839278967	0.00806834940097	0.0012309717364	0.00387573279382	0	3.65635169228e-05	0	0	3.65635169228e-05	0	3.65635169228e-05	0	0.000706894660508	0	0	0	0	0	0	0	0	0	0.000767833855379	0	0.00260819754049	0	0	0	0	0	2.43756779485e-05	0	0	0	0	0	0.00271788809126	0.000804397372302	0.00159660690563	0	0	0	0.000231568940511	0	0	0	0	9.75027117942e-05	0	0	0	0	0.000243756779485	0	0.000609391948714	0	0	0	0	0.0004265743641
0	0.00482638423381	0.00922619410352	0	6.09391948714e-05	0	0.00338821923485	0	0.00242537995588	0.000158441906666	0.000109690550768	0.010432790162	0.00361978817536	0.0029372691928	0.000840960889225	1.21878389743e-05	0	0.0136869431681	0.00205974478665	0.00422918012407	0.00124315957538	1.21878389743e-05	0.000975027117942	0.00117003254153	0.000694706821533	0.0012309717364	0.0773805896476	0.0291289351485	0.000134066228717	0.00136503796512	0	0.000219381101537	0.000621579787688	0	0.0080074102061	0	0.0141013296932	0.000402198686151	0	0	0	0	4.87513558971e-05	0	0.000121878389743	4.87513558971e-05	0	0	0.000597204109739	0	0	0	1.21878389743e-05	0	0.00888493461224	4.87513558971e-05	1.21878389743e-05	0.000316883813331	0.000134066228717	7.31270338456e-05	0.00358322465844	0.0141257053712	0.00934807249327	2.43756779485e-05	0	0	0.00017062974564	0	0	0.000645955465636	0.00537483698765	0.00530170995381	0.00419261660715	0.00101159063486	2.43756779485e-05	0	2.43756779485e-05	0.00190130287999	0.00091408792307	0.00126753525332	2.43756779485e-05	0	0	0
6.09391948714e-05	0.0234737778644	0.0223159331619	0	1.21878389743e-05	0	0.000182817584614	0	2.43756779485e-05	0.000719082499482	0	0.000670331143585	0.00034125949128	0.0032663408451	4.87513558971e-05	0	0.00145035283794	0.0104571658399	0.000365635169228	0.000121878389743	8.53148728199e-05	2.43756779485e-05	0.0181964435886	0.0191105315117	0.00333946787895	0.00387573279382	0.0291289351485	0.100123097174	8.53148728199e-05	0.000231568940511	0.000743458177431	9.75027117942e-05	0	0	0.00240100427793	0	0.0261916659557	4.87513558971e-05	0	0	0	0	2.43756779485e-05	0	1.21878389743e-05	0	0	0	0.000292508135383	0	0	0.0028885178369	4.87513558971e-05	0	0.0033638435569	0	4.87513558971e-05	0.0136991310071	0.00572828431791	0.000109690550768	0.00398542334459	0.00633767626662	0.0371850967105	0.000146254067691	0	0	0.000329071652305	0	0	0.000853148728199	0.00498482614048	0.000926275762045	0.00744676961328	0.00583797486868	8.53148728199e-05	0.000121878389743	0	0.000792209533328	4.87513558971e-05	0.000719082499482	0.000146254067691	0	0	0
0.00329071652305	0	0	0	0.00622798571585	0.0016575461005	0.00864117783276	0.0172701678265	0.00976245901839	0.00442418554766	0.00297383270972	0.000231568940511	0.00091408792307	7.31270338456e-05	0.00583797486868	0.00325415300613	0.00154785554973	0	6.09391948714e-05	2.43756779485e-05	0.0105181050348	0.00856805079891	0.00104815415179	0.000499701397945	0.0214262209168	0	0.000134066228717	8.53148728199e-05	0.0774902801984	0.011858767322	0.00942119952711	0	0.00112128118563	0.00656924520713	0.0120172092286	0	1.21878389743e-05	0	0	0.000316883813331	0	0	0.000706894660508	0	0.00152347987178	0.000524077075894	0	6.09391948714e-05	0	0	0	0.000316883813331	0	0	2.43756779485e-05	0.000548452753842	0	0.00114565686358	0	0.00268132457434	0	0	0	0.00279101512511	1.21878389743e-05	0	0	0	2.43756779485e-05	7.31270338456e-05	0.00513108020817	2.43756779485e-05	0.0111396848225	0.00508232885227	0.0021328718205	0.00104815415179	0	0.000767833855379	2.43756779485e-05	7.31270338456e-05	6.09391948714e-05	0	0	1.21878389743e-05
0.00866555351071	0	0.000207193262563	0	1.21878389743e-05	0	0.00218162317639	0.00125534741435	0.00391229631074	0	4.87513558971e-05	0.00939682384916	0.0025106948287	0.00332728003998	0.0122731538471	3.65635169228e-05	0	0	0.00191349071896	0.00119440821948	0.00141378932102	0.00238881643896	0	0.000109690550768	0.00234006508306	3.65635169228e-05	0.00136503796512	0.000231568940511	0.011858767322	0.0341381369669	0.0104571658399	0	0.00511889236919	0.0075320844861	0.0152591743958	0	0	0	0	0	0	0	0	0	0	0	0	0	0	0	0	0	0	0	0	0	0	0	0	0	0	0	0	0	0	0	0	0	0	0	0.000390010847177	2.43756779485e-05	0.00227912588819	0.000621579787688	0	9.75027117942e-05	7.31270338456e-05	0	1.21878389743e-05	0	0	0	0	2.43756779485e-05
0.00659362088508	0	0.000731270338456	0	0	0	0	0.00321758948921	0.000304695974357	0	0	0	0	0	0.00420480444612	0	0	8.53148728199e-05	0	0	0	0.010895928043	0	0.00939682384916	0.00137722580409	0	0	0.000743458177431	0.00942119952711	0.0104571658399	0.034125949128	0	0	0.0021328718205	0.00375385440408	0	1.21878389743e-05	0	0	0	0	0	0	0	0	0	0	0	0	0	0	0	0	0	0	0	0	0	0	0	0	0	0	0	0	0	0	0	0	0	0	0	0.00159660690563	0	0	0	0	0	0	1.21878389743e-05	0	0	0	0
0	0	0	0	0	0	0	0	0	0	0	0.000390010847177	0	0.000292508135383	0	0	0	0	0	0	0	0	0	0	0	0	0.000219381101537	9.75027117942e-05	0	0	0	0.000511889236919	0	0	0	0	0	0	0	0	0	0	0	0	0	0	0	0	0.00017062974564	0	0	0	0	0	0	0	0	0	0	0	1.21878389743e-05	0.000158441906666	1.21878389743e-05	0	0	0	2.43756779485e-05	0	0	0	0	8.53148728199e-05	0	0	0	0	0	0	9.75027117942e-05	0	0	0	0	0
0	0	0	0	0	0.00528952211483	0.0020353691087	0	0.0017550488123	0.0012797230923	0	0.0053992126656	3.65635169228e-05	0.0042169922851	0.00173067313435	0.00169410961742	0	0	0.000158441906666	0	3.65635169228e-05	0	0	0	0.00115784470256	3.65635169228e-05	0.000621579787688	0	0.00112128118563	0.00511889236919	0	0	0.0128216066009	0	0.00788553181635	0	0	0	0	0	0	0	0	0	0	0	0	0	0	0	0	0	0	0	0	0	0	0	0	4.87513558971e-05	0	0	0	0	0	0	0	0	0	0	0.00351009762459	2.43756779485e-05	0.00138941364307	0.000463137881022	0.00329071652305	0.00309571109946	0.000146254067691	4.87513558971e-05	1.21878389743e-05	0	0	0	0	2.43756779485e-05
0.000475325719997	0	0	0	0	0	0.000304695974357	0.000950651439993	0.000865336567173	0	0	0	0	0	0.00166973393948	3.65635169228e-05	0	0	0	0	0	0.0012797230923	0	0	0.00186473936306	0	0	0	0.00656924520713	0.0075320844861	0.0021328718205	0	0	0.00927494545942	0.00565515728406	0	0	0	0	0	0	0	0	0	0	0	0	0	0	0	0	0	0	0	2.43756779485e-05	0	0	0	0	0	0	0	0	0	0	0	0	0	0	0	0.00034125949128	0	0.00220599885434	0.000853148728199	0	0	0	0	0	3.65635169228e-05	3.65635169228e-05	0	0	0
0.000792209533328	0.00017062974564	0.000938463601019	0	0.000926275762045	0.000975027117942	0.0130166120245	0.000365635169228	0.0134553742276	0.000475325719997	0.000292508135383	0.0215602871455	0.0114321929579	0.00697144389328	0.00420480444612	0.0020841204646	0	0.00653268169021	0.00375385440408	0.00968933198455	0.00509451669125	0.00996965228095	0.000146254067691	0.00636205194457	0.00441199770869	3.65635169228e-05	0.0080074102061	0.00240100427793	0.0120172092286	0.0152591743958	0.00375385440408	0	0.00788553181635	0.00565515728406	0.0712501066436	0	0.0011822203805	0	0	1.21878389743e-05	0	0	0.000304695974357	0	0.000877524406148	0.000304695974357	0	0	0	0	0	0	0	0	3.65635169228e-05	0.000316883813331	0	0.000109690550768	0.000195005423588	0.000816585211276	0	1.21878389743e-05	0.000121878389743	0.000146254067691	1.21878389743e-05	0	0	0	2.43756779485e-05	0.000182817584614	0.00310789893844	0.000182817584614	0.031261806969	0.0100549671538	0.000109690550768	0.00151129203281	0.000329071652305	0.00151129203281	4.87513558971e-05	0.000633767626662	9.75027117942e-05	0	0	2.43756779485e-05
0	0	0	0	0	0	0	0	0	0.000292508135383	0	0	0	0	0	0	0	0	0	0	0	0	0	0	0.000292508135383	0	0	0	0	0	0	0	0	0	0	0.03172494485	0	0.000780021694353	0	0	0	0	0.0159538812173	0.00102377847384	0.000292508135383	0.00516764372509	0.000877524406148	0.00191349071896	0	0.0182451949445	0	0	0.00102377847384	0.00346134626869	0.00452168825945	0.00386354495484	0	0	0.0033638435569	0.00409511389536	0	0.000706894660508	0	0.0107009226194	0.0121268997794	0.00692269253739	0	0	0.00109690550768	0.00526514643689	0	0	0	0	0	0	0	0	1.21878389743e-05	0.00508232885227	2.43756779485e-05	0	0	2.43756779485e-05
0	0.0198174261722	0.00260819754049	0	0	0	1.21878389743e-05	0	0	3.65635169228e-05	0	0	1.21878389743e-05	9.75027117942e-05	0	0	2.43756779485e-05	0.00550890321637	0	0.000609391948714	1.21878389743e-05	3.65635169228e-05	0.00271788809126	6.09391948714e-05	9.75027117942e-05	0.000706894660508	0.0141013296932	0.0261916659557	1.21878389743e-05	0	1.21878389743e-05	0	0	0	0.0011822203805	0	0.0481175882704	0.000414386525125	0	0	0	0	0	0	0.00224256237127	0	2.43756779485e-05	0	0.000243756779485	0	0	0.00025594461846	7.31270338456e-05	0	0.00225475021024	0	1.21878389743e-05	0.00631330058867	7.31270338456e-05	0.00240100427793	0.00536264914868	0.00455825177638	0.0357591195505	2.43756779485e-05	0	0	0	0	0	0.00169410961742	0.00168192177845	6.09391948714e-05	0.000706894660508	0.000706894660508	0	3.65635169228e-05	0	0.00335165571792	0.00082877305025	0.00299820838767	0.000134066228717	0	0	0
0	8.53148728199e-05	0	0	0	0	0	0	0	0	0	0	0	0	0	0	0	0.000292508135383	0	0	0	0	0	0	0	0	0.000402198686151	4.87513558971e-05	0	0	0	0	0	0	0	0.000780021694353	0.000414386525125	0.0342722031957	0	0	0	0	2.43756779485e-05	1.21878389743e-05	2.43756779485e-05	0	0	0	0	0.000146254067691	0	0	0.0091408792307	0	0.00182817584614	0	0.000292508135383	0	0.0143085229558	0	0	0.0127606674061	0.0155029311753	0.000645955465636	0	0	0	0	0	0.000182817584614	0	0	0	0	0	0	0	0.000146254067691	1.21878389743e-05	0.000377823008202	0	0	0	0
0	0	0	0	0	0	0	0	0	0	0	0	0	0	0	0	0	0	0	0	0	0	0	0	0	0	0	0	0	0	0	0	0	0	0	0	0	0	0	0	0	0	0	0	0	0	0	0	0	0	0	0	0	0	0	0	0	0	0	0	0	0	0	0	0	0	0	0	0	0	0	0	0	0	0	0	0	0	0	0	0	0	0	0
0	0	0	0	0.000621579787688	0	0	0	0	1.21878389743e-05	0	0	2.43756779485e-05	0	0	0	0	0	0	0	7.31270338456e-05	0	0	0	0.000511889236919	0	0	0	0.000316883813331	0	0	0	0	0	1.21878389743e-05	0	0	0	0	0.00719082499482	0	9.75027117942e-05	0.000585016270765	2.43756779485e-05	0.00102377847384	0.00226693804921	1.21878389743e-05	0.00146254067691	0	7.31270338456e-05	0.000840960889225	0	0	2.43756779485e-05	0	0.00285195431998	0	0	0	0.00192567855793	0	0	0	0.00372947872613	3.65635169228e-05	0	0	0	0	3.65635169228e-05	0	0	1.21878389743e-05	0	1.21878389743e-05	0	0	0.000121878389743	0	3.65635169228e-05	0	0	0	0
0	0	0	0	0	0	0	0	0	0	0	0	0	0	0	0	0	0	0	0	0	0	0	0	0	0	0	0	0	0	0	0	0	0	0	0	0	0	0	0	0.00332728003998	0.00107252982974	0.000231568940511	0.000316883813331	0	0.000243756779485	0	0	0.000109690550768	0.000353447330254	0.00108471766871	0	0	0	0	6.09391948714e-05	0	0	0	1.21878389743e-05	0	0	0	0	0	0	0	0.000475325719997	0	8.53148728199e-05	0	0	0	0	0	0	0	0.000109690550768	0	0.000329071652305	1.21878389743e-05	0.00129191093127	0.00145035283794	3.65635169228e-05
0	0	0	0	0	0	2.43756779485e-05	0	0	8.53148728199e-05	0	0	0	0	0	7.31270338456e-05	0	0	0	0	0	0	0	0	1.21878389743e-05	0	0	0	0	0	0	0	0	0	0	0	0	0	0	9.75027117942e-05	0.00107252982974	0.0243391144316	0.00872649270558	0.00543577618253	4.87513558971e-05	0.00929932113737	0	0.00230350156614	1.21878389743e-05	0.00391229631074	0.000780021694353	0	0	0	1.21878389743e-05	0.00236444076101	0	0	0	3.65635169228e-05	0	1.21878389743e-05	0	0.00598422893637	0.00114565686358	0	0	3.65635169228e-05	0	9.75027117942e-05	4.87513558971e-05	0	0	0	7.31270338456e-05	0	0	0.00166973393948	4.87513558971e-05	0.00107252982974	0	0.00393667198869	0.000987214956916	0
0	0	2.43756779485e-05	0	0.00192567855793	1.21878389743e-05	0.000146254067691	0	0.000134066228717	0.000475325719997	1.21878389743e-05	3.65635169228e-05	0.000987214956916	1.21878389743e-05	0	4.87513558971e-05	0	0	0	0	0.00158441906666	0	1.21878389743e-05	1.21878389743e-05	0.00285195431998	0	4.87513558971e-05	2.43756779485e-05	0.000706894660508	0	0	0	0	0	0.000304695974357	0.0159538812173	0	2.43756779485e-05	0	0.000585016270765	0.000231568940511	0.00872649270558	0.101658764884	0.0163682677424	0.000487513558971	0.0401345537423	0.00114565686358	0.00265694889639	0	0.0353934843813	0.00017062974564	0	1.21878389743e-05	0.00486294775073	0.00598422893637	0.0113956294409	0.00102377847384	0	0.00190130287999	0.0106034199076	0	0.00140160148204	0	0.0621701666078	0.0157101244378	0.00780021694353	0	0	0.0024619434728	0.0100915306707	0.000231568940511	0	0.000329071652305	7.31270338456e-05	7.31270338456e-05	1.21878389743e-05	0	0.00287632999793	0.000219381101537	0.00920181842557	0.000731270338456	0.000499701397945	0	0.000316883813331
0	0	0	0	0	0	1.21878389743e-05	0	0	2.43756779485e-05	0	0	1.21878389743e-05	0	0	0	0	0	0	0	0	0	0	0	2.43756779485e-05	0	0	0	0	0	0	0	0	0	0	0.00102377847384	0	1.21878389743e-05	0	2.43756779485e-05	0.000316883813331	0.00543577618253	0.0163682677424	0.0268741849383	2.43756779485e-05	0.0159295055394	7.31270338456e-05	8.53148728199e-05	0	0.0160148204122	6.09391948714e-05	0	1.21878389743e-05	0	1.21878389743e-05	0.00110909334666	9.75027117942e-05	0	9.75027117942e-05	8.53148728199e-05	0	3.65635169228e-05	0	0.00964058062865	0.00447293690356	0	0	0.000511889236919	0	0.000109690550768	0	0	0	0	1.21878389743e-05	0	0	0.00198661775281	0.000121878389743	0.00115784470256	6.09391948714e-05	0.00168192177845	3.65635169228e-05	1.21878389743e-05
0	1.21878389743e-05	0	0	0.000804397372302	0.000109690550768	0.000475325719997	0	0.000182817584614	0.00793428317225	0	0	0	0	0	0.00234006508306	1.21878389743e-05	4.87513558971e-05	0	3.65635169228e-05	0	0	0.000767833855379	2.43756779485e-05	0.00611829516508	0	0.000121878389743	1.21878389743e-05	0.00152347987178	0	0	0	0	0	0.000877524406148	0.000292508135383	0.00224256237127	2.43756779485e-05	0	0.00102377847384	0	4.87513558971e-05	0.000487513558971	2.43756779485e-05	0.027495764726	4.87513558971e-05	0.000121878389743	0.00393667198869	9.75027117942e-05	0.00034125949128	0.00441199770869	0	0	0.000146254067691	0.000231568940511	3.65635169228e-05	0	0.00571609647893	0	0.019439603164	0.00099940279589	0.00017062974564	0.00108471766871	0.0100793428317	0.000365635169228	0	0	0	4.87513558971e-05	0.000268132457434	0.00142597715999	2.43756779485e-05	0.00129191093127	0.000585016270765	0.00342478275177	0	0	0.00405855037843	9.75027117942e-05	0.00025594461846	3.65635169228e-05	0.000207193262563	0	1.21878389743e-05
0	0	0	0	0.000780021694353	0	0.000146254067691	0	0.000134066228717	3.65635169228e-05	1.21878389743e-05	3.65635169228e-05	0.000938463601019	2.43756779485e-05	0	0	0	0	0	0	0.00147472851589	0	3.65635169228e-05	0	0.0013284744482	0	4.87513558971e-05	0	0.000524077075894	0	0	0	0	0	0.000304695974357	0.00516764372509	0	0	0	0.00226693804921	0.000243756779485	0.00929932113737	0.0401345537423	0.0159295055394	4.87513558971e-05	0.0627429950395	0.000901900084096	0.00578922351278	0	0.0220599885434	6.09391948714e-05	0	0	0.00603298029226	0.00626454923278	0.0180380016819	0.000329071652305	3.65635169228e-05	8.53148728199e-05	0.00143816499896	0	0.00117003254153	0	0.0205730721886	0.00899462516301	0	0	0	0	0.0087630562225	0.000231568940511	0	0.000329071652305	3.65635169228e-05	3.65635169228e-05	0	0	0.00152347987178	2.43756779485e-05	0.00868992918866	6.09391948714e-05	0.000353447330254	0	8.53148728199e-05
0	0	0	0	0	0	0	0	0	8.53148728199e-05	0	0.000280320296408	0	0.00218162317639	0	0	0	0	0	0	0	0	0	0	8.53148728199e-05	0.000767833855379	0	0	0	0	0	0	0	0	0	0.000877524406148	2.43756779485e-05	0	0	1.21878389743e-05	0	0	0.00114565686358	7.31270338456e-05	0.000121878389743	0.000901900084096	0.0210362100696	0.000365635169228	0.00402198686151	0.00386354495484	0	0	0	0.00285195431998	0.0029372691928	0.000804397372302	0	2.43756779485e-05	0.000146254067691	9.75027117942e-05	0.000767833855379	0.00420480444612	1.21878389743e-05	0.000487513558971	0.00550890321637	0	0	0.00113346902461	0	0.007580835842	2.43756779485e-05	0.000877524406148	0	0	1.21878389743e-05	0	3.65635169228e-05	0.00219381101537	0.00558203025022	0.0095674535948	0.000353447330254	0	9.75027117942e-05	0.0024619434728
0	0	0	0	7.31270338456e-05	0	0.000280320296408	0	7.31270338456e-05	0.00091408792307	0	0	0.000219381101537	0	0	0.000755646016405	0	0	0	0	3.65635169228e-05	0	0	0	6.09391948714e-05	0	0	0	6.09391948714e-05	0	0	0	0	0	0	0.00191349071896	0	0	0	0.00146254067691	0	0.00230350156614	0.00265694889639	8.53148728199e-05	0.00393667198869	0.00578922351278	0.000365635169228	0.0188423990542	0	0.0041682409292	0.00324196516716	0	0	0.00321758948921	0.00353447330254	0.0091896305866	0	0	0	0.00357103681946	0	0.0004265743641	0	0.00187692720204	0.00357103681946	0	0	0	0	0.00443637338663	0.000402198686151	0	0	0	0.000865336567173	0	0	0.000134066228717	0	0.00448512474253	0	0.000365635169228	0	4.87513558971e-05
0	0	0	0	0	0	0	0	0	0	0	0.000877524406148	0	0.00538702482663	0	0	0	0	0	0	0	0	0	0	0	0.00260819754049	0.000597204109739	0.000292508135383	0	0	0	0.00017062974564	0	0	0	0	0.000243756779485	0	0	0	0.000109690550768	1.21878389743e-05	0	0	9.75027117942e-05	0	0.00402198686151	0	0.0111884361784	0.000316883813331	0	0	0	0	0	0	0	9.75027117942e-05	0	4.87513558971e-05	0.00262038537947	0.0017062974564	0.000645955465636	0	0.000377823008202	0	0.000463137881022	0.000365635169228	0	0.000524077075894	0	0.00101159063486	0	0	0	0	2.43756779485e-05	0	0.0029372691928	0.000694706821533	0	0	0.000329071652305	0.00219381101537
0	0	0	0	1.21878389743e-05	0	0	0	0	0.00034125949128	0	0	0	0	0	0	0	0	0	0	0	0	0	0	0.00034125949128	0	0	0	0	0	0	0	0	0	0	0.0182451949445	0	0.000146254067691	0	7.31270338456e-05	0.000353447330254	0.00391229631074	0.0353934843813	0.0160148204122	0.00034125949128	0.0220599885434	0.00386354495484	0.0041682409292	0.000316883813331	0.0570025228827	1.21878389743e-05	0	0.000134066228717	0.00643517897842	0.00661799656303	0.00851929944302	0.000987214956916	1.21878389743e-05	0.00220599885434	0.00337603139587	0	0.00117003254153	0	0.0185498909188	0.0206949505783	0.0045460639374	0	0.00104815415179	0	0.0117734524491	2.43756779485e-05	0	0	0	0	0	0	0.000316883813331	0.000109690550768	0.0117490767712	0.000207193262563	0.000146254067691	0.000268132457434	0.000548452753842
0	0	0	0	0	0	0.000158441906666	0	4.87513558971e-05	0.0004265743641	0	0	0	0	0	0.000390010847177	0	0	0	0	0	0	0	0	9.75027117942e-05	0	0	0	0	0	0	0	0	0	0	0	0	0	0	0.000840960889225	0.00108471766871	0.000780021694353	0.00017062974564	6.09391948714e-05	0.00441199770869	6.09391948714e-05	0	0.00324196516716	0	1.21878389743e-05	0.00786115613841	0	0	0	0	0	0	0	0	0.00351009762459	0	0	0	0.00190130287999	0	0	0	0	0	0	0.000158441906666	0	0	0	0.0004265743641	0	0	1.21878389743e-05	0	0	0	0.00166973393948	0	0
0	0	2.43756779485e-05	0	0	0	0	0	0	0.000231568940511	0	0	0	0	0	0	0.00124315957538	0	0	0	0	0	0.00446074906458	0.00303477190459	0.00082877305025	0	0	0.0028885178369	0.000316883813331	0	0	0	0	0	0	0	0.00025594461846	0	0	0	0	0	0	0	0	0	0	0	0	0	0	0.0193542882911	7.31270338456e-05	0	1.21878389743e-05	0	0.00230350156614	0.0134675620666	0.00368072737023	0.00624017355483	0	1.21878389743e-05	0.00303477190459	0.00301039622665	0	0	0	0	0	1.21878389743e-05	4.87513558971e-05	1.21878389743e-05	2.43756779485e-05	4.87513558971e-05	0	0	0	0.00253507050665	0.000706894660508	7.31270338456e-05	3.65635169228e-05	0	0	0
0	4.87513558971e-05	0	0	0	0	0	0	0	0	0	0	0	0	0	0	0	2.43756779485e-05	0	0	0	0	0	0	0	0	1.21878389743e-05	4.87513558971e-05	0	0	0	0	0	0	0	0.00102377847384	7.31270338456e-05	0.0091408792307	0	0	0	0	1.21878389743e-05	1.21878389743e-05	0	0	0	0	0	0.000134066228717	0	7.31270338456e-05	0.0216334141793	0	0.000670331143585	0	0.00342478275177	0	0.0100549671538	0	0	0.000511889236919	0.0107252982974	0.00268132457434	0.000231568940511	0.000755646016405	0	0	0.000146254067691	0.000463137881022	0	0	0	0	0	0	0	0.000134066228717	0	3.65635169228e-05	0	0	0	0
0	0	0	0	0	0	0	0	0	0.000134066228717	0	0	0	0	0	0	0	0	0	0	0	0	0	0	0.000134066228717	0	0	0	0	0	0	0	0	0	0	0.00346134626869	0	0	0	2.43756779485e-05	0	0	0.00486294775073	0	0.000146254067691	0.00603298029226	0.00285195431998	0.00321758948921	0	0.00643517897842	0	0	0	0.0110787456276	0.00907994003583	0.00510670453022	2.43756779485e-05	0	0.000134066228717	0.000146254067691	0	0.00262038537947	0	0.000865336567173	0.00561859376714	0	0	0	0	0.00783678046046	0	0	0	0	0	0	0	0.000743458177431	0.000816585211276	0.00868992918866	0.000268132457434	0	0	0
0	0.000377823008202	1.21878389743e-05	0	0	0	1.21878389743e-05	0	0	0.000158441906666	0	0	1.21878389743e-05	0.000158441906666	0	0	0	0.00103596631281	0	1.21878389743e-05	1.21878389743e-05	0	2.43756779485e-05	0	0.000158441906666	2.43756779485e-05	0.00888493461224	0.0033638435569	2.43756779485e-05	0	0	0	0	2.43756779485e-05	3.65635169228e-05	0.00452168825945	0.00225475021024	0.00182817584614	0	0	0	1.21878389743e-05	0.00598422893637	1.21878389743e-05	0.000231568940511	0.00626454923278	0.0029372691928	0.00353447330254	0	0.00661799656303	0	1.21878389743e-05	0.000670331143585	0.00907994003583	0.0401954929371	0.00550890321637	4.87513558971e-05	3.65635169228e-05	0.000280320296408	0.000231568940511	0.000487513558971	0.0249728820583	0.00274226376921	0.00181598800717	0.00610610732611	0	0	0	0	0.0149057270655	0.000633767626662	0.000158441906666	4.87513558971e-05	3.65635169228e-05	0	0	0	0.00516764372509	0.00448512474253	0.0148569757096	0.000621579787688	0	0	0
0	0	0	0	0.000877524406148	0	0.000158441906666	0	0.000146254067691	1.21878389743e-05	1.21878389743e-05	3.65635169228e-05	0.000975027117942	2.43756779485e-05	0	0	0	0	0	0	0.00148691635486	0	2.43756779485e-05	0	0.00137722580409	0	4.87513558971e-05	0	0.000548452753842	0	0	0	0	0	0.000316883813331	0.00386354495484	0	0	0	0.00285195431998	6.09391948714e-05	0.00236444076101	0.0113956294409	0.00110909334666	3.65635169228e-05	0.0180380016819	0.000804397372302	0.0091896305866	0	0.00851929944302	0	0	0	0.00510670453022	0.00550890321637	0.0249485063803	0	2.43756779485e-05	0	0.00182817584614	0	0.000840960889225	0	0.00447293690356	0.00676425063072	0	0	0	0	0.00798303452815	0.00017062974564	0	0.00034125949128	3.65635169228e-05	2.43756779485e-05	0	0	0.00107252982974	2.43756779485e-05	0.00797084668917	6.09391948714e-05	0.000146254067691	0	0.000134066228717
