0.0155072967474	0	8.20078649448e-05	0	4.68616371113e-05	4.68616371113e-05	0.00108562792641	0.00501419517091	0.00233136644629	0.000257739004112	0.00109343819926	3.90513642594e-06	0.000242118458408	3.12410914075e-05	0.00474083562109	7.02924556669e-05	0.000183541412019	1.56205457038e-05	0	0	5.46719099632e-05	0.000507667735372	0.000160110593464	0.000320221186927	0.00055843450891	0	7.81027285188e-06	3.51462278335e-05	0.00130431556626	0.00567025809047	0.00420973706716	0	2.34308185556e-05	0.000921612196522	0.00144099534117	3.90513642594e-06	3.90513642594e-06	0	0	0	0	3.90513642594e-06	7.81027285188e-06	0	8.59130013707e-05	3.90513642594e-06	0	7.81027285188e-06	0	0	0	7.81027285188e-06	0	0	0	7.81027285188e-06	7.81027285188e-06	7.81027285188e-06	3.90513642594e-06	5.85770463891e-05	0	3.90513642594e-06	7.81027285188e-06	1.17154092778e-05	0	7.81027285188e-06	0	0	0	0	0.000706829693095	0.00012496436563	0.000601391009595	0.000246023594834	0.000542813963206	7.81027285188e-05	7.81027285188e-06	1.17154092778e-05	0	0	3.90513642594e-06	0	0	0
0	0.0107235046256	0.00108172278999	0	0	0	0	0	0	2.73359549816e-05	0	0.00026945441339	0	0.00012496436563	0	0	0.000109343819926	0.000577960191039	4.29565006854e-05	0.000476426643965	0	7.81027285188e-05	0.00181979357449	0.00041394446115	3.12410914075e-05	0.000784932421614	0.00257739004112	0.00340527896342	3.12410914075e-05	1.56205457038e-05	6.6387319241e-05	7.81027285188e-06	0	7.81027285188e-06	0.00049985746252	0	0.00139803884049	0.000230403049131	0	0	0	0	3.90513642594e-06	0	0	0	3.90513642594e-05	0	5.46719099632e-05	0	0	1.17154092778e-05	0.00012496436563	3.90513642594e-06	5.46719099632e-05	0	2.73359549816e-05	0.000218687639853	0.000101533547074	3.90513642594e-06	0.000246023594834	0.000335841732631	0.0008278889223	3.90513642594e-06	3.90513642594e-06	7.81027285188e-06	0	0	0	7.81027285188e-05	0.000199161957723	0.000699019420243	0.000437375279705	0.000140584911334	1.56205457038e-05	0	7.81027285188e-06	3.90513642594e-05	8.98181377966e-05	9.37232742226e-05	1.95256821297e-05	7.81027285188e-06	3.90513642594e-06	3.90513642594e-06
8.20078649448e-05	0.00108172278999	0.0312723324989	0	3.90513642594e-06	0	1.95256821297e-05	0.000300695504797	2.73359549816e-05	6.24821828151e-05	1.56205457038e-05	0.000101533547074	7.81027285188e-06	3.90513642594e-05	1.95256821297e-05	1.95256821297e-05	0.00137070288551	0.00276874172599	1.17154092778e-05	0.000417849597576	0	0.00183150898377	0.0020619120329	0.0112624134524	0.000199161957723	2.73359549816e-05	0.00469397398398	0.0113405161809	0.000878655695837	0.000121059229204	0.00111686901782	3.90513642594e-06	3.90513642594e-06	7.41975920929e-05	0.00314753995931	0	0.000878655695837	0.000277264686242	0	0	0	3.90513642594e-06	0	3.90513642594e-06	4.29565006854e-05	0	3.90513642594e-06	0	7.81027285188e-06	3.90513642594e-06	0	0.000117154092778	0.000132774638482	0	2.73359549816e-05	0	2.73359549816e-05	0.000831794058725	0.00024992873126	2.73359549816e-05	2.73359549816e-05	0.00016401572989	0.000687304010966	1.56205457038e-05	3.90513642594e-06	2.34308185556e-05	0	0	0	7.41975920929e-05	0.00210096339716	0.00355367414761	0.0024836667669	0.00114029983637	0.000113248956352	2.34308185556e-05	2.73359549816e-05	0.000128869502056	9.76284106485e-05	9.37232742226e-05	6.6387319241e-05	3.90513642594e-06	3.90513642594e-06	7.81027285188e-06
0	0	0	0	0	0	0	0	0	0	0	0	0	0	0	0	0	0	0	0	0	0	0	0	0	0	0	0	0	0	0	0	0	0	0	0	0	0	0	0	0	0	0	0	0	0	0	0	0	0	0	0	0	0	0	0	0	0	0	0	0	0	0	0	0	0	0	0	0	0	0	0	0	0	0	0	0	0	0	0	0	0	0	0
4.68616371113e-05	0	3.90513642594e-06	0	0.0140936373612	0	0.000101533547074	0.00149957238756	6.24821828151e-05	8.98181377966e-05	0.00235479726484	0	0.000472521507539	0	2.73359549816e-05	7.81027285188e-06	2.73359549816e-05	0	0	0	0.00314363482288	3.90513642594e-06	7.81027285188e-06	1.17154092778e-05	0.00376455151461	0	0	7.81027285188e-06	0.00557262967982	3.51462278335e-05	3.51462278335e-05	0	0	7.81027285188e-06	1.56205457038e-05	7.81027285188e-06	0	0	0	0.00205410176004	0	0.000152300320612	1.95256821297e-05	7.81027285188e-06	1.95256821297e-05	0.000429565006854	0	0.000691209147392	0	7.81027285188e-06	0	0	0	0	0	0.00161672648034	0	0	0	0.000117154092778	0	0	0	0.00014449004776	3.90513642594e-06	3.90513642594e-06	0	0	0	0	3.90513642594e-06	0	7.81027285188e-06	0	1.56205457038e-05	3.90513642594e-06	0	0	0	0	0	0	0	0
4.68616371113e-05	0	0	0	0	0.0080992529474	0.00348338169194	7.81027285188e-06	0.00309677318577	0	3.90513642594e-06	1.17154092778e-05	0	0.000195256821297	0.000632632101002	0.00122230770132	3.90513642594e-06	3.90513642594e-06	0	0	0	0	3.90513642594e-06	7.81027285188e-06	0	0	3.90513642594e-06	0	3.90513642594e-06	0.00107391251713	1.17154092778e-05	0	0.00177293193738	3.90513642594e-06	0.000577960191039	0	0	0	0	0	0	0	0	0	0	0	0	0	0	0	0	0	0	0	0	0	0	0	0	0	0	0	0	0	0	0	0	0	0	0	6.6387319241e-05	2.34308185556e-05	0.000265549276964	6.6387319241e-05	0.000656062919558	0.0011285844271	0	0	0	0	0	0	0	0
0.00108562792641	0	1.95256821297e-05	0	0.000101533547074	0.00348338169194	0.0338731533586	0.00338575328129	0.0142303171361	0.000128869502056	0.00825936354087	1.17154092778e-05	0.005088392763	0.000187446548445	0.00288589581877	0.00275702631671	1.95256821297e-05	1.56205457038e-05	0	7.81027285188e-06	0.000386608506168	5.46719099632e-05	3.12410914075e-05	4.29565006854e-05	0.000324126323353	0	0	1.17154092778e-05	0.000843509468003	0.00145661588688	0.000226497912705	0	0.000542813963206	0.000156205457038	0.000890371105115	0	0	0	0	0	0	0	0	0	1.95256821297e-05	0	0	0	0	0	0	0	0	0	0	0	0	0	0	3.90513642594e-06	0	0	0	0	0	0	0	0	0	0	0.000257739004112	3.90513642594e-05	0.000667778328836	0.000117154092778	0.000987999515763	0.000441280416131	0	3.90513642594e-06	0	0	0	0	0	0
0.00501419517091	0	0.000300695504797	0	0.00149957238756	7.81027285188e-06	0.00338575328129	0.0557965892538	0.00420583193074	0.00220249694423	0.0153081347897	1.56205457038e-05	0.00155424429752	4.68616371113e-05	0.00418240111218	8.59130013707e-05	0.00123011797417	0.0001054386835	0	1.56205457038e-05	0.00131993611197	0.00262425167823	0.000659968055984	0.00148395184186	0.00766578280412	0	2.34308185556e-05	0.000132774638482	0.0222592776279	0.00333108137133	0.0103798526202	0	1.17154092778e-05	0.00091380192367	0.00254614894971	2.34308185556e-05	7.81027285188e-06	3.90513642594e-06	0	1.17154092778e-05	0	3.90513642594e-05	6.24821828151e-05	7.81027285188e-06	0.000542813963206	2.73359549816e-05	0	4.29565006854e-05	0	2.73359549816e-05	3.90513642594e-06	3.90513642594e-05	0	0	0	1.95256821297e-05	2.34308185556e-05	0.000140584911334	3.51462278335e-05	0.000480331780391	0	3.90513642594e-06	1.56205457038e-05	0.000132774638482	1.56205457038e-05	3.51462278335e-05	0	0	0	1.17154092778e-05	0.00154643402467	0.000390513642594	0.000945043015078	0.000456900961835	0.000636537237428	4.29565006854e-05	0	6.6387319241e-05	0	1.56205457038e-05	0	1.56205457038e-05	0	0
0.00233136644629	0	2.73359549816e-05	0	6.24821828151e-05	0.00309677318577	0.0142303171361	0.00420583193074	0.0390357437137	0.000132774638482	0.00476817157607	5.07667735372e-05	0.000820078649448	0.000300695504797	0.0118286582342	0.00138632343121	6.6387319241e-05	1.56205457038e-05	3.90513642594e-06	1.56205457038e-05	0.000140584911334	0.000101533547074	3.51462278335e-05	4.29565006854e-05	0.00037489309689	0	1.17154092778e-05	3.90513642594e-06	0.000749786193781	0.00347166628266	0.000476426643965	0	0.00141365938619	0.000210877367001	0.0015503391611	0	0	0	0	0	0	0	3.90513642594e-06	0	3.12410914075e-05	0	0	0	0	0	0	0	0	0	0	0	0	0	0	7.81027285188e-06	0	0	0	0	0	0	0	0	0	0	0.000410039324724	4.68616371113e-05	0.0011442049728	0.000222592776279	0.00118716147349	0.000757596466633	0	7.81027285188e-06	0	0	0	0	0	0
0.000257739004112	2.73359549816e-05	6.24821828151e-05	0	8.98181377966e-05	0	0.000128869502056	0.00220249694423	0.000132774638482	0.0139764832684	0.000386608506168	0	0.000917707060096	3.90513642594e-06	0.0001054386835	0.000304600641223	0.0009333276058	3.90513642594e-06	0	0	5.07667735372e-05	0.000410039324724	0.00246804622119	0.000304600641223	0.00590456627602	7.81027285188e-06	3.90513642594e-06	6.24821828151e-05	0.00256176949542	0.000265549276964	0.000624821828151	0	0	0.000128869502056	0.000433470143279	5.85770463891e-05	3.90513642594e-06	1.95256821297e-05	0	5.46719099632e-05	0	8.59130013707e-05	0.000238213321982	4.68616371113e-05	0.00232746130986	4.68616371113e-05	0	0.00014449004776	0	5.46719099632e-05	7.81027285188e-06	0.000136679774908	3.90513642594e-06	0	0	6.6387319241e-05	0.000148395184186	0.000363177687613	0.000152300320612	0.00162453675319	0	0	2.34308185556e-05	0.000476426643965	2.34308185556e-05	0.000148395184186	0	0	2.34308185556e-05	9.76284106485e-05	0.000320221186927	6.6387319241e-05	0.000152300320612	8.20078649448e-05	0.000507667735372	7.81027285188e-06	0	0.000183541412019	1.17154092778e-05	5.07667735372e-05	2.34308185556e-05	5.85770463891e-05	3.90513642594e-06	0
0.00109343819926	0	1.56205457038e-05	0	0.00235479726484	3.90513642594e-06	0.00825936354087	0.0153081347897	0.00476817157607	0.000386608506168	0.0431790934616	0	0.00556091427054	3.90513642594e-06	0.00144880561402	5.46719099632e-05	8.59130013707e-05	7.81027285188e-06	0	0	0.00390513642594	0.000113248956352	7.02924556669e-05	5.46719099632e-05	0.00189789630301	0	0	7.81027285188e-06	0.00757596466633	0.000624821828151	0.00064434751028	0	0	0.000183541412019	0.00039441877902	3.90513642594e-06	0	0	0	0.000171826002741	0	1.56205457038e-05	1.17154092778e-05	0	8.59130013707e-05	0.0001054386835	0	3.51462278335e-05	0	7.81027285188e-06	0	3.90513642594e-06	0	0	0	8.59130013707e-05	3.90513642594e-06	1.17154092778e-05	7.81027285188e-06	5.07667735372e-05	0	0	0	1.95256821297e-05	3.90513642594e-06	3.90513642594e-06	0	0	0	3.90513642594e-06	0.000234308185556	3.51462278335e-05	0.000179636275593	6.24821828151e-05	0.000199161957723	1.17154092778e-05	0	1.17154092778e-05	0	3.90513642594e-06	0	3.90513642594e-06	0	0
3.90513642594e-06	0.00026945441339	0.000101533547074	0	0	1.17154092778e-05	1.17154092778e-05	1.56205457038e-05	5.07667735372e-05	0	0	0.0306904671715	7.81027285188e-06	0.00904039082605	3.51462278335e-05	3.90513642594e-06	1.17154092778e-05	0.000749786193781	0.00210877367001	0.00533051122141	0	3.12410914075e-05	1.56205457038e-05	0.000109343819926	3.90513642594e-06	0.00266330304249	0.00972378970059	0.00202286066864	0	7.41975920929e-05	4.29565006854e-05	0.00078883755804	1.17154092778e-05	1.95256821297e-05	0.00285465472736	0	0.000128869502056	3.90513642594e-06	0	0	0	0	0	0	0	0	0.0001054386835	0	0.000128869502056	3.90513642594e-06	0	0	1.17154092778e-05	7.81027285188e-06	1.17154092778e-05	0	3.90513642594e-06	3.90513642594e-06	3.90513642594e-06	0	0.000417849597576	0.000136679774908	0.000195256821297	0	7.81027285188e-06	3.90513642594e-06	0	0	0	4.29565006854e-05	0.000242118458408	0.00337403787201	0.00442061443417	0.00037489309689	1.95256821297e-05	3.12410914075e-05	0.000581865327465	7.81027285188e-06	7.02924556669e-05	1.95256821297e-05	7.81027285188e-06	0	0	2.34308185556e-05
0.000242118458408	0	7.81027285188e-06	0	0.000472521507539	0	0.005088392763	0.00155424429752	0.000820078649448	0.000917707060096	0.00556091427054	7.81027285188e-06	0.0238916246539	1.17154092778e-05	0.000292885231946	0.00091380192367	7.81027285188e-06	3.90513642594e-06	0	3.90513642594e-06	0.00854053336353	3.51462278335e-05	1.95256821297e-05	2.34308185556e-05	0.00162453675319	0	0	7.81027285188e-06	0.000948948151504	0.00012496436563	8.98181377966e-05	0	0	3.12410914075e-05	0.0001054386835	0	0	0	0	2.34308185556e-05	0	4.68616371113e-05	7.81027285188e-06	3.90513642594e-06	5.85770463891e-05	7.02924556669e-05	3.90513642594e-06	0.000804458103744	0	3.90513642594e-06	0	0	0	0	0	0.000187446548445	3.90513642594e-06	0	0	5.07667735372e-05	0	0	0	1.56205457038e-05	0	0	0	0	0	0	6.6387319241e-05	7.81027285188e-06	7.02924556669e-05	1.95256821297e-05	0.000492047189669	1.17154092778e-05	0	1.17154092778e-05	0	0	0	0	0	0
3.12410914075e-05	0.00012496436563	3.90513642594e-05	0	0	0.000195256821297	0.000187446548445	4.68616371113e-05	0.000300695504797	3.90513642594e-06	3.90513642594e-06	0.00904039082605	1.17154092778e-05	0.0187134137531	0.000167920866315	2.73359549816e-05	1.95256821297e-05	9.37232742226e-05	0.000179636275593	0.000617011555299	3.90513642594e-06	3.12410914075e-05	2.73359549816e-05	3.90513642594e-05	3.90513642594e-06	0.0037489309689	0.00436984766063	0.0029054215009	1.56205457038e-05	0.000339746869057	2.34308185556e-05	0.00117154092778	6.24821828151e-05	1.17154092778e-05	0.00135117720338	3.90513642594e-06	7.02924556669e-05	0	0	0	0	0	0	0	3.90513642594e-06	0	7.41975920929e-05	0	0.000117154092778	0	0	0	7.81027285188e-06	0	1.56205457038e-05	0	3.90513642594e-06	3.90513642594e-06	0	3.90513642594e-06	0.000203067094149	5.46719099632e-05	5.85770463891e-05	0	0	0	0	0	0	1.56205457038e-05	0.000390513642594	0.00130822070269	0.00229622021845	0.000546719099632	0.000183541412019	0.000441280416131	0.000863035150133	2.34308185556e-05	9.76284106485e-05	3.51462278335e-05	1.95256821297e-05	3.90513642594e-06	3.90513642594e-06	3.12410914075e-05
0.00474083562109	0	1.95256821297e-05	0	2.73359549816e-05	0.000632632101002	0.00288589581877	0.00418240111218	0.0118286582342	0.0001054386835	0.00144880561402	3.51462278335e-05	0.000292885231946	0.000167920866315	0.0237315140604	0.000328031459779	6.24821828151e-05	7.81027285188e-06	0	1.56205457038e-05	4.29565006854e-05	0.000113248956352	5.07667735372e-05	5.85770463891e-05	0.000222592776279	0	1.17154092778e-05	1.56205457038e-05	0.000492047189669	0.00467835343828	0.000929422469374	0	0.000640442373854	0.000351462278335	0.00109343819926	0	0	0	0	0	0	3.90513642594e-06	0	0	3.12410914075e-05	3.90513642594e-06	0	3.90513642594e-06	0	0	0	3.90513642594e-06	3.90513642594e-06	0	0	3.90513642594e-06	0	0	0	2.34308185556e-05	0	0	0	3.90513642594e-06	0	0	0	0	0	3.90513642594e-06	0.000331936596205	6.24821828151e-05	0.000734165648077	0.000191351684871	0.000667778328836	0.000324126323353	0	1.17154092778e-05	0	7.81027285188e-06	7.81027285188e-06	0	0	0
7.02924556669e-05	0	1.95256821297e-05	0	7.81027285188e-06	0.00122230770132	0.00275702631671	8.59130013707e-05	0.00138632343121	0.000304600641223	5.46719099632e-05	3.90513642594e-06	0.00091380192367	2.73359549816e-05	0.000328031459779	0.00722840752442	3.90513642594e-06	0	0	0	1.17154092778e-05	1.95256821297e-05	0	1.56205457038e-05	8.98181377966e-05	0	7.81027285188e-06	1.17154092778e-05	7.41975920929e-05	0.00026945441339	3.12410914075e-05	0	9.37232742226e-05	5.07667735372e-05	0.000191351684871	0	3.90513642594e-06	0	0	0	0	0	0	0	7.81027285188e-06	0	3.90513642594e-06	0	0	0	0	0	0	0	0	0	0	3.90513642594e-06	3.90513642594e-06	3.90513642594e-06	0	0	3.90513642594e-06	0	0	3.90513642594e-06	0	0	0	3.90513642594e-06	0.000464711234687	3.12410914075e-05	0.000206972230575	9.37232742226e-05	0.00238994349268	0.000121059229204	1.17154092778e-05	2.34308185556e-05	0	0	7.81027285188e-06	3.90513642594e-06	3.90513642594e-06	0
0.000183541412019	0.000109343819926	0.00137070288551	0	2.73359549816e-05	3.90513642594e-06	1.95256821297e-05	0.00123011797417	6.6387319241e-05	0.0009333276058	8.59130013707e-05	1.17154092778e-05	7.81027285188e-06	1.95256821297e-05	6.24821828151e-05	3.90513642594e-06	0.0250514501724	0.000167920866315	0	7.81027285188e-06	3.90513642594e-06	0.00557653481624	0.00593971250386	0.00990342597619	0.00677541169901	0	3.12410914075e-05	0.00273359549816	0.00509229789943	0.000355367414761	0.00166358811745	0	3.90513642594e-06	0.000175731139167	0.00171044975456	1.56205457038e-05	3.51462278335e-05	4.29565006854e-05	0	3.90513642594e-06	0	0	3.90513642594e-05	0	0.000320221186927	3.90513642594e-06	0	0	0	3.90513642594e-06	0	0.000667778328836	7.81027285188e-06	0	0	0	0.000128869502056	0.000671683465262	0.00028898009552	0.000206972230575	0	0	0.0001054386835	0.00012496436563	7.81027285188e-06	0.0001054386835	0	0	7.81027285188e-06	5.46719099632e-05	0.00166749325388	0.000874750559411	0.000812268376596	0.00049985746252	0.00012496436563	3.90513642594e-06	3.90513642594e-06	8.59130013707e-05	1.95256821297e-05	2.34308185556e-05	1.56205457038e-05	1.17154092778e-05	0	0
1.56205457038e-05	0.000577960191039	0.00276874172599	0	0	3.90513642594e-06	1.56205457038e-05	0.0001054386835	1.56205457038e-05	3.90513642594e-06	7.81027285188e-06	0.000749786193781	3.90513642594e-06	9.37232742226e-05	7.81027285188e-06	0	0.000167920866315	0.0227786607725	0.000199161957723	0.00580693786537	0	0.000960663560781	0.000277264686242	0.00636927751071	5.46719099632e-05	8.20078649448e-05	0.00592409195815	0.00189399116658	0.00016401572989	5.46719099632e-05	0.000460806098261	1.56205457038e-05	0	3.51462278335e-05	0.00527193417502	0	0.000406134188298	8.98181377966e-05	0	0	0	0	0	0	0	0	1.95256821297e-05	0	1.17154092778e-05	0	0	1.17154092778e-05	4.68616371113e-05	0	2.73359549816e-05	0	7.81027285188e-06	7.81027285188e-05	3.51462278335e-05	0	5.46719099632e-05	0.000117154092778	0.000296790368372	0	0	7.81027285188e-06	0	0	0	3.51462278335e-05	0.0012496436563	0.00288589581877	0.00267501845177	0.00078883755804	3.12410914075e-05	1.56205457038e-05	2.34308185556e-05	7.41975920929e-05	3.90513642594e-05	3.12410914075e-05	1.56205457038e-05	3.90513642594e-06	3.90513642594e-06	3.90513642594e-06
0	4.29565006854e-05	1.17154092778e-05	0	0	0	0	0	3.90513642594e-06	0	0	0.00210877367001	0	0.000179636275593	0	0	0	0.000199161957723	0.00415897029363	0.00253833867686	0	0	0	2.73359549816e-05	0	0.000148395184186	0.0019877144408	0.000218687639853	0	3.90513642594e-06	0	2.73359549816e-05	0	0	0.000175731139167	0	2.73359549816e-05	0	0	0	0	0	0	0	0	0	0	0	7.81027285188e-06	0	0	0	0	0	3.90513642594e-06	0	0	0	0	0	3.12410914075e-05	2.73359549816e-05	1.56205457038e-05	0	0	0	0	0	0	0	1.56205457038e-05	0.000187446548445	0.00016401572989	1.17154092778e-05	0	0	7.81027285188e-06	3.90513642594e-06	3.90513642594e-06	7.81027285188e-06	3.90513642594e-06	0	0	0
0	0.000476426643965	0.000417849597576	0	0	0	7.81027285188e-06	1.56205457038e-05	1.56205457038e-05	0	0	0.00533051122141	3.90513642594e-06	0.000617011555299	1.56205457038e-05	0	7.81027285188e-06	0.00580693786537	0.00253833867686	0.0196350259496	0	5.85770463891e-05	3.51462278335e-05	0.000378798233316	0	0.000546719099632	0.00941137878652	0.00158548538893	7.81027285188e-06	2.73359549816e-05	3.51462278335e-05	4.29565006854e-05	0	7.81027285188e-06	0.00288199068234	0	0.000277264686242	1.17154092778e-05	0	0	0	0	0	0	0	0	5.85770463891e-05	0	4.29565006854e-05	0	0	0	7.81027285188e-06	7.81027285188e-06	3.90513642594e-05	0	0	3.90513642594e-06	7.81027285188e-06	0	0.000195256821297	0.000167920866315	0.000234308185556	0	0	0	3.90513642594e-06	0	0	7.81027285188e-06	0.000367082824038	0.00191742198514	0.00196818875867	0.000328031459779	7.81027285188e-06	3.90513642594e-06	2.73359549816e-05	7.81027285188e-06	3.12410914075e-05	1.17154092778e-05	3.90513642594e-06	0	0	0
5.46719099632e-05	0	0	0	0.00314363482288	0	0.000386608506168	0.00131993611197	0.000140584911334	5.07667735372e-05	0.00390513642594	0	0.00854053336353	3.90513642594e-06	4.29565006854e-05	1.17154092778e-05	3.90513642594e-06	0	0	0	0.0147106489165	3.90513642594e-06	3.90513642594e-06	0	0.00138632343121	0	0	0	0.00221811748993	1.56205457038e-05	2.73359549816e-05	0	0	1.56205457038e-05	3.51462278335e-05	0	0	0	0	1.56205457038e-05	0	0	3.90513642594e-06	0	3.90513642594e-06	1.17154092778e-05	0	8.98181377966e-05	0	0	0	0	0	0	0	7.81027285188e-06	0	0	0	1.17154092778e-05	0	0	0	3.90513642594e-06	0	0	0	0	0	0	3.90513642594e-06	0	1.17154092778e-05	3.90513642594e-06	1.17154092778e-05	0	0	3.90513642594e-06	0	0	0	0	0	0
0.000507667735372	7.81027285188e-05	0.00183150898377	0	3.90513642594e-06	0	5.46719099632e-05	0.00262425167823	0.000101533547074	0.000410039324724	0.000113248956352	3.12410914075e-05	3.51462278335e-05	3.12410914075e-05	0.000113248956352	1.95256821297e-05	0.00557653481624	0.000960663560781	0	5.85770463891e-05	3.90513642594e-06	0.039469213857	0.00151519293327	0.0160657312563	0.00216344557997	0	0.000210877367001	0.000784932421614	0.01065321217	0.0010387662893	0.0145466331866	0	3.90513642594e-06	0.000636537237428	0.00576007622826	0	3.51462278335e-05	3.51462278335e-05	0	0	0	3.90513642594e-06	2.34308185556e-05	0	0.000132774638482	0	0	3.90513642594e-06	3.90513642594e-06	0	0	3.51462278335e-05	7.81027285188e-06	0	0	0	1.95256821297e-05	0.000320221186927	8.98181377966e-05	8.59130013707e-05	3.90513642594e-06	1.17154092778e-05	4.68616371113e-05	5.46719099632e-05	0	2.34308185556e-05	0	0	0	1.56205457038e-05	0.00254224381329	0.00136289261265	0.0019877144408	0.000941137878652	0.000187446548445	3.51462278335e-05	2.73359549816e-05	9.37232742226e-05	1.95256821297e-05	3.12410914075e-05	1.56205457038e-05	0	7.81027285188e-06	3.90513642594e-06
0.000160110593464	0.00181979357449	0.0020619120329	0	7.81027285188e-06	3.90513642594e-06	3.12410914075e-05	0.000659968055984	3.51462278335e-05	0.00246804622119	7.02924556669e-05	1.56205457038e-05	1.95256821297e-05	2.73359549816e-05	5.07667735372e-05	0	0.00593971250386	0.000277264686242	0	3.51462278335e-05	3.90513642594e-06	0.00151519293327	0.0199161957723	0.00353414846548	0.00270625954318	7.81027285188e-06	0.000222592776279	0.00323735809711	0.00180026789236	0.00026945441339	0.000956758424356	0	0	0.000132774638482	0.00137070288551	2.73359549816e-05	0.000472521507539	0.000370987960464	0	0	0	7.81027285188e-06	3.51462278335e-05	1.17154092778e-05	0.000835699195151	3.90513642594e-06	7.81027285188e-06	3.90513642594e-06	3.90513642594e-06	1.17154092778e-05	0	0.000507667735372	0.000117154092778	0	1.95256821297e-05	0	0.000222592776279	0.00310458345862	0.000710734829521	0.000484236916817	0	7.41975920929e-05	0.000691209147392	0.000238213321982	3.90513642594e-06	0.000152300320612	0	0	1.17154092778e-05	0.000156205457038	0.00108953306284	0.000917707060096	0.000714639965947	0.000343652005483	7.81027285188e-05	0	0	0.000238213321982	0.000109343819926	0.000156205457038	6.24821828151e-05	7.81027285188e-06	3.90513642594e-06	3.90513642594e-06
0.000320221186927	0.00041394446115	0.0112624134524	0	1.17154092778e-05	7.81027285188e-06	4.29565006854e-05	0.00148395184186	4.29565006854e-05	0.000304600641223	5.46719099632e-05	0.000109343819926	2.34308185556e-05	3.90513642594e-05	5.85770463891e-05	1.56205457038e-05	0.00990342597619	0.00636927751071	2.73359549816e-05	0.000378798233316	0	0.0160657312563	0.00353414846548	0.0560152768937	0.0016713983903	7.81027285188e-06	0.0011442049728	0.00601781523238	0.0046510174833	0.000554529372484	0.00549843208772	0	3.90513642594e-06	0.000265549276964	0.0077829368969	3.90513642594e-06	0.000281169822668	0.000140584911334	0	0	0	0	1.56205457038e-05	0	0.000101533547074	3.90513642594e-06	7.81027285188e-06	0	3.90513642594e-06	3.90513642594e-06	0	0.000148395184186	3.12410914075e-05	0	1.17154092778e-05	0	6.24821828151e-05	0.000960663560781	0.000253833867686	9.37232742226e-05	1.56205457038e-05	3.90513642594e-05	0.000312410914075	5.46719099632e-05	3.90513642594e-06	4.68616371113e-05	0	0	3.90513642594e-06	7.81027285188e-05	0.00442451957059	0.0036434922854	0.00395590319948	0.00191742198514	0.00026945441339	4.29565006854e-05	2.73359549816e-05	0.000167920866315	6.24821828151e-05	7.41975920929e-05	4.29565006854e-05	0	3.90513642594e-06	3.90513642594e-06
0.00055843450891	3.12410914075e-05	0.000199161957723	0	0.00376455151461	0	0.000324126323353	0.00766578280412	0.00037489309689	0.00590456627602	0.00189789630301	3.90513642594e-06	0.00162453675319	3.90513642594e-06	0.000222592776279	8.98181377966e-05	0.00677541169901	5.46719099632e-05	0	0	0.00138632343121	0.00216344557997	0.00270625954318	0.0016713983903	0.0386842814354	0	1.17154092778e-05	0.00014449004776	0.0153745221089	0.000777122148762	0.00192913739441	0	3.90513642594e-06	0.000261644140538	0.00115592038208	3.51462278335e-05	0	1.56205457038e-05	0	3.12410914075e-05	0	2.34308185556e-05	0.000113248956352	1.95256821297e-05	0.000960663560781	3.12410914075e-05	3.90513642594e-06	5.07667735372e-05	3.90513642594e-06	3.51462278335e-05	0	8.98181377966e-05	0	0	0	3.90513642594e-05	5.85770463891e-05	0.000222592776279	6.6387319241e-05	0.000870845422985	3.90513642594e-06	0	7.81027285188e-06	0.000167920866315	1.17154092778e-05	6.6387319241e-05	0	0	1.56205457038e-05	2.34308185556e-05	0.000835699195151	0.000230403049131	0.000402229051872	0.00016401572989	0.000328031459779	2.34308185556e-05	0	0.000117154092778	0	2.34308185556e-05	1.17154092778e-05	3.90513642594e-05	0	0
0	0.000784932421614	2.73359549816e-05	0	0	0	0	0	0	7.81027285188e-06	0	0.00266330304249	0	0.0037489309689	0	0	0	8.20078649448e-05	0.000148395184186	0.000546719099632	0	0	7.81027285188e-06	7.81027285188e-06	0	0.0105087221222	0.00247976163047	0.00256957976827	0	7.81027285188e-06	0	7.41975920929e-05	0	7.81027285188e-06	0.000234308185556	0	0.00024992873126	0	0	0	0	0	0	0	0	0	0.000242118458408	0	0.00028898009552	0	0	0	1.17154092778e-05	1.56205457038e-05	8.20078649448e-05	0	3.90513642594e-06	7.81027285188e-06	3.90513642594e-06	0	0.000781027285188	0.000210877367001	0.000402229051872	0	0	0	0	0	0	3.90513642594e-05	5.46719099632e-05	0.000898181377966	0.00049985746252	3.51462278335e-05	7.81027285188e-06	3.90513642594e-06	0.000359272551187	1.17154092778e-05	0.000199161957723	5.07667735372e-05	1.56205457038e-05	0	0	5.85770463891e-05
7.81027285188e-06	0.00257739004112	0.00469397398398	0	0	3.90513642594e-06	0	2.34308185556e-05	1.17154092778e-05	3.90513642594e-06	0	0.00972378970059	0	0.00436984766063	1.17154092778e-05	7.81027285188e-06	3.12410914075e-05	0.00592409195815	0.0019877144408	0.00941137878652	0	0.000210877367001	0.000222592776279	0.0011442049728	1.17154092778e-05	0.00247976163047	0.054257965502	0.0160774466656	3.90513642594e-05	3.90513642594e-05	0.00016401572989	0.00178074221023	3.90513642594e-06	1.56205457038e-05	0.00338965841772	0	0.00176902680095	0.000183541412019	0	0	0	0	0	0	3.90513642594e-06	0	0.000206972230575	0	0.000226497912705	0	0	1.17154092778e-05	0.000113248956352	2.73359549816e-05	0.000117154092778	0	1.95256821297e-05	7.41975920929e-05	4.68616371113e-05	0	0.000890371105115	0.000691209147392	0.00125745392915	0	0	0	3.90513642594e-06	0	0	0.000117154092778	0.000804458103744	0.00419802165789	0.0031162988679	0.000687304010966	1.95256821297e-05	2.34308185556e-05	7.41975920929e-05	6.24821828151e-05	0.000167920866315	0.000113248956352	4.29565006854e-05	1.17154092778e-05	3.90513642594e-06	1.95256821297e-05
3.51462278335e-05	0.00340527896342	0.0113405161809	0	7.81027285188e-06	0	1.17154092778e-05	0.000132774638482	3.90513642594e-06	6.24821828151e-05	7.81027285188e-06	0.00202286066864	7.81027285188e-06	0.0029054215009	1.56205457038e-05	1.17154092778e-05	0.00273359549816	0.00189399116658	0.000218687639853	0.00158548538893	0	0.000784932421614	0.00323735809711	0.00601781523238	0.00014449004776	0.00256957976827	0.0160774466656	0.0527271520231	0.000331936596205	7.02924556669e-05	0.00039441877902	0.000679493738114	0	3.51462278335e-05	0.0020775325786	0	0.00184712952947	0.000378798233316	0	0	0	0	0	0	1.56205457038e-05	0	9.37232742226e-05	0	0.000109343819926	0	0	0.00014449004776	0.000242118458408	7.81027285188e-06	0.000101533547074	0	4.68616371113e-05	0.000851319740855	0.000273359549816	3.12410914075e-05	0.00039441877902	0.000570149918187	0.00249147703975	1.95256821297e-05	0	1.17154092778e-05	3.90513642594e-06	0	0	0.000152300320612	0.00116763579136	0.00310458345862	0.00183150898377	0.00066387319241	4.29565006854e-05	1.17154092778e-05	2.73359549816e-05	0.000113248956352	0.000214782503427	0.000160110593464	8.20078649448e-05	3.90513642594e-06	1.17154092778e-05	3.90513642594e-06
0.00130431556626	3.12410914075e-05	0.000878655695837	0	0.00557262967982	3.90513642594e-06	0.000843509468003	0.0222592776279	0.000749786193781	0.00256176949542	0.00757596466633	0	0.000948948151504	1.56205457038e-05	0.000492047189669	7.41975920929e-05	0.00509229789943	0.00016401572989	0	7.81027285188e-06	0.00221811748993	0.01065321217	0.00180026789236	0.0046510174833	0.0153745221089	0	3.90513642594e-05	0.000331936596205	0.0560582333944	0.00157376997965	0.00816173513022	0	0	0.000566244781761	0.00285074959094	2.34308185556e-05	1.56205457038e-05	1.56205457038e-05	0	1.95256821297e-05	0	3.90513642594e-05	0.000109343819926	7.81027285188e-06	0.00066387319241	1.56205457038e-05	3.90513642594e-06	5.85770463891e-05	7.81027285188e-06	3.12410914075e-05	0	8.59130013707e-05	0	0	0	3.51462278335e-05	3.51462278335e-05	0.000363177687613	7.02924556669e-05	0.000562339645336	0	3.90513642594e-06	3.51462278335e-05	0.000156205457038	2.73359549816e-05	6.24821828151e-05	0	0	0	2.34308185556e-05	0.00200724012293	0.000749786193781	0.00103486115287	0.000546719099632	0.000351462278335	3.51462278335e-05	1.17154092778e-05	0.000113248956352	1.17154092778e-05	1.95256821297e-05	1.17154092778e-05	2.34308185556e-05	0	3.90513642594e-06
0.00567025809047	1.56205457038e-05	0.000121059229204	0	3.51462278335e-05	0.00107391251713	0.00145661588688	0.00333108137133	0.00347166628266	0.000265549276964	0.000624821828151	7.41975920929e-05	0.00012496436563	0.000339746869057	0.00467835343828	0.00026945441339	0.000355367414761	5.46719099632e-05	3.90513642594e-06	2.73359549816e-05	1.56205457038e-05	0.0010387662893	0.00026945441339	0.000554529372484	0.000777122148762	7.81027285188e-06	3.90513642594e-05	7.02924556669e-05	0.00157376997965	0.0285973140472	0.00533051122141	0	0.00121840256489	0.00584208409321	0.00498685921593	7.81027285188e-06	7.81027285188e-06	0	0	3.90513642594e-06	0	0	3.90513642594e-06	0	7.81027285188e-05	0	0	0	0	0	0	1.95256821297e-05	3.90513642594e-06	0	0	3.90513642594e-06	1.17154092778e-05	2.34308185556e-05	1.17154092778e-05	5.07667735372e-05	3.90513642594e-06	0	7.81027285188e-06	1.56205457038e-05	3.90513642594e-06	7.81027285188e-06	0	0	0	7.81027285188e-06	0.00175340625525	0.000246023594834	0.00187446548445	0.000671683465262	0.00118325633706	0.000562339645336	7.81027285188e-06	2.73359549816e-05	3.90513642594e-06	1.95256821297e-05	1.95256821297e-05	1.56205457038e-05	0	3.90513642594e-06
0.00420973706716	6.6387319241e-05	0.00111686901782	0	3.51462278335e-05	1.17154092778e-05	0.000226497912705	0.0103798526202	0.000476426643965	0.000624821828151	0.00064434751028	4.29565006854e-05	8.98181377966e-05	2.34308185556e-05	0.000929422469374	3.12410914075e-05	0.00166358811745	0.000460806098261	0	3.51462278335e-05	2.73359549816e-05	0.0145466331866	0.000956758424356	0.00549843208772	0.00192913739441	0	0.00016401572989	0.00039441877902	0.00816173513022	0.00533051122141	0.039047459123	0	3.90513642594e-06	0.00117154092778	0.00651376755847	2.34308185556e-05	3.12410914075e-05	3.90513642594e-06	0	7.81027285188e-06	0	3.90513642594e-06	3.51462278335e-05	0	0.000179636275593	3.90513642594e-06	0	7.81027285188e-06	0	0	0	3.12410914075e-05	0	0	0	3.90513642594e-06	1.95256821297e-05	0.000179636275593	3.90513642594e-05	0.000152300320612	0	0	3.12410914075e-05	5.85770463891e-05	1.17154092778e-05	3.51462278335e-05	0	0	0	2.34308185556e-05	0.00283122390881	0.00107000738071	0.00187837062088	0.000870845422985	0.000441280416131	2.34308185556e-05	1.56205457038e-05	5.46719099632e-05	3.90513642594e-06	1.56205457038e-05	1.95256821297e-05	1.56205457038e-05	3.90513642594e-06	0
0	7.81027285188e-06	3.90513642594e-06	0	0	0	0	0	0	0	0	0.00078883755804	0	0.00117154092778	0	0	0	1.56205457038e-05	2.73359549816e-05	4.29565006854e-05	0	0	0	0	0	7.41975920929e-05	0.00178074221023	0.000679493738114	0	0	0	0.00210096339716	0	0	3.90513642594e-06	0	3.90513642594e-06	0	0	0	0	0	0	0	0	0	0	0	0	0	0	0	0	0	0	0	0	0	0	0	7.81027285188e-06	0	0	0	0	0	0	0	0	0	0	1.95256821297e-05	1.95256821297e-05	0	0	0	0	0	3.90513642594e-06	0	0	0	0	0
2.34308185556e-05	0	3.90513642594e-06	0	0	0.00177293193738	0.000542813963206	1.17154092778e-05	0.00141365938619	0	0	1.17154092778e-05	0	6.24821828151e-05	0.000640442373854	9.37232742226e-05	3.90513642594e-06	0	0	0	0	3.90513642594e-06	0	3.90513642594e-06	3.90513642594e-06	0	3.90513642594e-06	0	0	0.00121840256489	3.90513642594e-06	0	0.00318659132357	0	0.00028898009552	0	0	0	0	0	0	0	0	0	0	0	0	0	0	0	0	0	0	0	0	0	0	0	0	0	0	0	0	0	0	0	0	0	0	0	2.34308185556e-05	7.81027285188e-06	0.000109343819926	1.95256821297e-05	9.76284106485e-05	0.000296790368372	0	0	0	0	0	0	0	0
0.000921612196522	7.81027285188e-06	7.41975920929e-05	0	7.81027285188e-06	3.90513642594e-06	0.000156205457038	0.00091380192367	0.000210877367001	0.000128869502056	0.000183541412019	1.95256821297e-05	3.12410914075e-05	1.17154092778e-05	0.000351462278335	5.07667735372e-05	0.000175731139167	3.51462278335e-05	0	7.81027285188e-06	1.56205457038e-05	0.000636537237428	0.000132774638482	0.000265549276964	0.000261644140538	7.81027285188e-06	1.56205457038e-05	3.51462278335e-05	0.000566244781761	0.00584208409321	0.00117154092778	0	0	0.00789618585325	0.00279607768097	0	3.90513642594e-06	3.90513642594e-06	0	3.90513642594e-06	0	0	0	0	4.68616371113e-05	0	0	0	0	0	0	0	7.81027285188e-06	0	3.90513642594e-06	0	3.90513642594e-06	1.95256821297e-05	3.90513642594e-06	1.95256821297e-05	3.90513642594e-06	3.90513642594e-06	3.90513642594e-06	7.81027285188e-06	0	0	0	0	0	7.81027285188e-06	0.00117544606421	0.000152300320612	0.000941137878652	0.000410039324724	0.000316316050501	3.51462278335e-05	7.81027285188e-06	2.34308185556e-05	7.81027285188e-06	1.17154092778e-05	1.17154092778e-05	7.81027285188e-06	7.81027285188e-06	3.90513642594e-06
0.00144099534117	0.00049985746252	0.00314753995931	0	1.56205457038e-05	0.000577960191039	0.000890371105115	0.00254614894971	0.0015503391611	0.000433470143279	0.00039441877902	0.00285465472736	0.0001054386835	0.00135117720338	0.00109343819926	0.000191351684871	0.00171044975456	0.00527193417502	0.000175731139167	0.00288199068234	3.51462278335e-05	0.00576007622826	0.00137070288551	0.0077829368969	0.00115592038208	0.000234308185556	0.00338965841772	0.0020775325786	0.00285074959094	0.00498685921593	0.00651376755847	3.90513642594e-06	0.00028898009552	0.00279607768097	0.0433743502829	1.17154092778e-05	0.000281169822668	6.24821828151e-05	0	3.90513642594e-06	0	7.81027285188e-06	2.34308185556e-05	3.90513642594e-06	0.000128869502056	0	1.95256821297e-05	7.81027285188e-06	2.34308185556e-05	7.81027285188e-06	0	5.07667735372e-05	5.07667735372e-05	0	1.95256821297e-05	3.90513642594e-06	1.17154092778e-05	0.000273359549816	8.59130013707e-05	0.000101533547074	7.81027285188e-05	6.24821828151e-05	0.000218687639853	3.12410914075e-05	7.81027285188e-06	3.12410914075e-05	0	0	0	5.85770463891e-05	0.00907553705389	0.00524459822004	0.0180026789236	0.00543204476848	0.00173388057312	0.000738070784503	0.000117154092778	0.000257739004112	6.6387319241e-05	0.0001054386835	9.37232742226e-05	2.34308185556e-05	1.56205457038e-05	1.56205457038e-05
3.90513642594e-06	0	0	0	7.81027285188e-06	0	0	2.34308185556e-05	0	5.85770463891e-05	3.90513642594e-06	0	0	3.90513642594e-06	0	0	1.56205457038e-05	0	0	0	0	0	2.73359549816e-05	3.90513642594e-06	3.51462278335e-05	0	0	0	2.34308185556e-05	7.81027285188e-06	2.34308185556e-05	0	0	0	1.17154092778e-05	0.0156635022044	7.81027285188e-06	7.81027285188e-05	0	0.0001054386835	1.95256821297e-05	0.00133555665767	0.00243289999336	0.0024836667669	0.000292885231946	0.000300695504797	1.56205457038e-05	0.000648252646706	3.90513642594e-06	0.00593580736743	0.000160110593464	0.000117154092778	4.68616371113e-05	0	3.90513642594e-06	0.000156205457038	0.000351462278335	0.000179636275593	0.000398323915446	0.00107781765356	0	7.81027285188e-06	4.68616371113e-05	0.000722450238799	0.00493999757882	0.00267111331534	0	2.34308185556e-05	0.000972378970059	0.00202676580506	0	0	3.90513642594e-06	0	0	0	0	0.000636537237428	7.81027285188e-05	0.000937232742226	0.000281169822668	0.000441280416131	0.000148395184186	7.81027285188e-06
3.90513642594e-06	0.00139803884049	0.000878655695837	0	0	0	0	7.81027285188e-06	0	3.90513642594e-06	0	0.000128869502056	0	7.02924556669e-05	0	3.90513642594e-06	3.51462278335e-05	0.000406134188298	2.73359549816e-05	0.000277264686242	0	3.51462278335e-05	0.000472521507539	0.000281169822668	0	0.00024992873126	0.00176902680095	0.00184712952947	1.56205457038e-05	7.81027285188e-06	3.12410914075e-05	3.90513642594e-06	0	3.90513642594e-06	0.000281169822668	7.81027285188e-06	0.020408242962	0.00279217254455	0	0	0	3.90513642594e-06	1.17154092778e-05	7.81027285188e-06	7.41975920929e-05	0	0.000339746869057	7.81027285188e-06	0.000347557141909	7.81027285188e-06	0	0.000203067094149	0.00168311379958	7.81027285188e-05	0.000605296146021	0	0.000199161957723	0.00221030721708	0.000925517332948	5.07667735372e-05	0.00234308185556	0.00425269356785	0.0141795503626	2.73359549816e-05	1.56205457038e-05	9.37232742226e-05	1.17154092778e-05	0	3.90513642594e-06	0.00089427624154	0.000132774638482	0.000761501603059	0.000273359549816	0.0001054386835	3.90513642594e-06	0	0	0.000390513642594	0.000948948151504	0.000960663560781	0.000363177687613	1.56205457038e-05	3.51462278335e-05	2.34308185556e-05
0	0.000230403049131	0.000277264686242	0	0	0	0	3.90513642594e-06	0	1.95256821297e-05	0	3.90513642594e-06	0	0	0	0	4.29565006854e-05	8.98181377966e-05	0	1.17154092778e-05	0	3.51462278335e-05	0.000370987960464	0.000140584911334	1.56205457038e-05	0	0.000183541412019	0.000378798233316	1.56205457038e-05	0	3.90513642594e-06	0	0	3.90513642594e-06	6.24821828151e-05	7.81027285188e-05	0.00279217254455	0.0339122047229	0	0	0	1.17154092778e-05	0.000171826002741	3.90513642594e-05	0.0001054386835	3.90513642594e-06	0.000179636275593	3.90513642594e-06	3.51462278335e-05	9.37232742226e-05	0	0.00102705088002	0.00934499146728	2.73359549816e-05	0.00095285328793	0	0.00197990416795	0.00199552471366	0.0115279627294	0.000179636275593	8.98181377966e-05	0.00836870736079	0.0121840256489	0.000437375279705	7.02924556669e-05	0.00107391251713	0	1.17154092778e-05	2.34308185556e-05	0.00312801427718	6.24821828151e-05	0.000160110593464	3.90513642594e-05	1.56205457038e-05	3.90513642594e-06	0	0	0.00168311379958	0.00194866307654	0.00317487591429	0.00136289261265	0.000113248956352	0.000152300320612	1.56205457038e-05
0	0	0	0	0	0	0	0	0	0	0	0	0	0	0	0	0	0	0	0	0	0	0	0	0	0	0	0	0	0	0	0	0	0	0	0	0	0	0	0	0	0	0	0	0	0	0	0	0	0	0	0	0	0	0	0	0	0	0	0	0	0	0	0	0	0	0	0	0	0	0	0	0	0	0	0	0	0	0	0	0	0	0	0
0	0	0	0	0.00205410176004	0	0	1.17154092778e-05	0	5.46719099632e-05	0.000171826002741	0	2.34308185556e-05	0	0	0	3.90513642594e-06	0	0	0	1.56205457038e-05	0	0	0	3.12410914075e-05	0	0	0	1.95256821297e-05	3.90513642594e-06	7.81027285188e-06	0	0	3.90513642594e-06	3.90513642594e-06	0.0001054386835	0	0	0	0.0157064587051	0	0.00137851315836	0.000296790368372	0.000117154092778	0.000277264686242	0.00353024332905	0	0.00326078891566	0	0.000148395184186	7.81027285188e-06	1.56205457038e-05	0	0	0	0.010231457436	1.56205457038e-05	7.81027285188e-06	1.56205457038e-05	0.00448700175341	0	0	3.90513642594e-06	0.00304600641223	5.46719099632e-05	5.07667735372e-05	0	0	1.17154092778e-05	2.73359549816e-05	1.17154092778e-05	0	0	0	3.90513642594e-06	0	0	3.51462278335e-05	3.90513642594e-06	1.17154092778e-05	3.90513642594e-06	3.12410914075e-05	0	0
0	0	0	0	0	0	0	0	0	0	0	0	0	0	0	0	0	0	0	0	0	0	0	0	0	0	0	0	0	0	0	0	0	0	0	1.95256821297e-05	0	0	0	0	0.00395590319948	0.00178464734666	7.81027285188e-06	0.00178074221023	3.90513642594e-06	0	3.90513642594e-06	7.81027285188e-06	0	0.000843509468003	0.00041394446115	0	0	0	0	0	3.90513642594e-06	0	0	7.81027285188e-06	0	0	0	0	0.00049985746252	3.90513642594e-06	0	0.00122230770132	0	0.000597485873169	0	0	0	0	0	0	0	1.56205457038e-05	3.90513642594e-06	8.98181377966e-05	1.56205457038e-05	0.000257739004112	0.000870845422985	3.90513642594e-06
3.90513642594e-06	0	3.90513642594e-06	0	0.000152300320612	0	0	3.90513642594e-05	0	8.59130013707e-05	1.56205457038e-05	0	4.68616371113e-05	0	3.90513642594e-06	0	0	0	0	0	0	3.90513642594e-06	7.81027285188e-06	0	2.34308185556e-05	0	0	0	3.90513642594e-05	0	3.90513642594e-06	0	0	0	7.81027285188e-06	0.00133555665767	3.90513642594e-06	1.17154092778e-05	0	0.00137851315836	0.00178464734666	0.0377197127382	0.00136289261265	0.00971597942774	0.000425659870428	0.00895447782468	2.34308185556e-05	0.0123285156967	1.17154092778e-05	0.00572883513686	0.00261644140538	3.90513642594e-05	1.17154092778e-05	0	0	0.00429565006854	8.20078649448e-05	1.56205457038e-05	8.20078649448e-05	0.00263987222394	3.90513642594e-06	1.17154092778e-05	0	0.000749786193781	0.00210096339716	0.00039441877902	0	0.000866940286559	9.76284106485e-05	0.00133555665767	7.81027285188e-06	3.90513642594e-06	0	0	0	0	0	0.000265549276964	5.07667735372e-05	0.000562339645336	0.00012496436563	0.0013550823398	0.000577960191039	3.90513642594e-06
