0.0126996568233	0	0	0	0	0	0.000296572469601	0.00392958522222	0.00239376350464	0	0.000857941787061	0.000328348091344	0.000254204973944	0	0.00625979748337	0	0	0	1.05918739143e-05	1.05918739143e-05	0.000169469982629	0.000190653730458	0	4.23674956573e-05	2.11837478287e-05	0	0	0	0.000985044274033	0.00481930263102	0.00412023895268	0	0	0.000180061856544	0.000508409947888	0	0	0	0	0	0	0	0	0	0	0	0	0	0	0	0	0	0	0	0	0	0	0	0	0	0	0	0	0	0	0	0	0	0	0	5.29593695717e-05	0	0.000550777443545	1.05918739143e-05	0	0	0	0	0	0	0	0	0	0
0	0.00972334025336	0	0	0	0	0	0	0	0.00297631656993	0	0	0	0.00100622802186	0	0	0.000254204973944	0	0	0	0	0	0.00725543363132	0	0.00392958522222	0.000804982417489	1.05918739143e-05	0.00770029233572	0	0	0	1.05918739143e-05	0	0	0	0	0.000699063678346	0	0	0	0	0	0	0	0	0	5.29593695717e-05	0	6.3551243486e-05	0	0	0	0	0	0	0	0	4.23674956573e-05	0	0	7.41431174003e-05	0	0.00070965555226	0	0	0	0	0	0	0	0	0	0	0	0	0	0	0	4.23674956573e-05	0	0	0	0	1.05918739143e-05
0	0	0.0381307460916	0	0	0	0	0	0	1.05918739143e-05	0	0	0	0	0	0	0.000233021226115	0.00699063678346	0	0	0	0.00124984112189	0	0.0136423336017	3.1775621743e-05	0	0.00440621954836	0.0186946574588	0.00118628987841	0	0	0	0	0	0.000158878108715	1.05918739143e-05	0	0.000211837478287	0	0	0	0	0.000444858704402	5.29593695717e-05	1.05918739143e-05	0	0	0	0	0.000137694360886	0	1.05918739143e-05	0.000466042452231	0	0	0	9.5326865229e-05	0.00299750031776	0.00141931110452	1.05918739143e-05	0	7.41431174003e-05	0.0034741346439	0.000180061856544	0	0	0	0	0	0.000571961191374	0.00610091937466	0.000804982417489	0.00063551243486	0.00188535355675	0	0	0	0.0010380036436	0	0.00244672287421	0.00183239418718	0	2.11837478287e-05	0
0	0	0	0	0	0	0	0	0	0	0	0	0	0	0	0	0	0	0	0	0	0	0	0	0	0	0	0	0	0	0	0	0	0	0	0	0	0	0	0	0	0	0	0	0	0	0	0	0	0	0	0	0	0	0	0	0	0	0	0	0	0	0	0	0	0	0	0	0	0	0	0	0	0	0	0	0	0	0	0	0	0	0	0
0	0	0	0	0.0162903020802	1.05918739143e-05	9.5326865229e-05	0.000868533660975	0	0.00424734143965	0.00175825106978	0	0.00113333050883	0	1.05918739143e-05	0.000264796847858	0	0	0	0	0.00244672287421	0	0	0	0.00664110494429	0	0	0	0.00964919713596	3.1775621743e-05	0	0	0	0	0	0	0	0	0	0.00686353429649	0	0.000942676778376	0	0	0.00194890480024	0.000730839300089	0	0.00145108672626	0	0	0	0	0	0	0	0.00431089268313	0	0	0	0.00703300427912	0	0	0	0.00493581324408	0	0	0	0	0	0	0	0	0.000105918739143	0	1.05918739143e-05	0	0	0	0	0	0	0	0	0
0	0	0	0	1.05918739143e-05	0.00796508918358	0.00319874592213	0.00039189933483	0.00159937296106	0.000264796847858	0.000233021226115	0.000519001821802	0	0.00031775621743	0	0.00206541541329	0	0	0	0	0	0	0	0	0.000137694360886	0	0	0	0.000328348091344	0.000603736813117	0	0	0.00131339236538	1.05918739143e-05	0.000804982417489	0	0	0	0	1.05918739143e-05	0	0	0	0	5.29593695717e-05	0	0	0	0	0	0	0	0	0	0	0	0	0	0	6.3551243486e-05	0	0	0	3.1775621743e-05	0	0	0	0	0	0	0.00233021226115	0	0.000455450578316	0.000233021226115	0.00388721772656	0.00130280049146	3.1775621743e-05	0	0	0	0	0	0	0
0.000296572469601	0	0	0	9.5326865229e-05	0.00319874592213	0.0236728381985	0.00224547726984	0.0111108757361	0.000423674956573	0.010019912723	0.000963860526204	0.00700122865737	0	0.00104859551752	0.00267974410033	0	0	0.00063551243486	0.000624920560946	0.00307164343516	0	0	0	0.000137694360886	0	0.000222429352201	0	0.00129220861755	0.000603736813117	0	0	8.47349913147e-05	0	0.00063551243486	0	0	0	0	0.000211837478287	0	0	0	0	0.000233021226115	0	0	8.47349913147e-05	0	0	0	0	0	0	0	0.000211837478287	0	0	0	0.000285980595687	0	0	0	4.23674956573e-05	0	0	0	0	0	0	0.00140871923061	0	0.00202304791764	3.1775621743e-05	0.00205482353938	0.000148286234801	0	0	0	0	0	0	0	0
0.00392958522222	0	0	0	0.000868533660975	0.00039189933483	0.00224547726984	0.086546201754	0.0120747362623	0.00190653730458	0.0195949667415	0.00156759733932	0.000328348091344	0	0.0110896919883	0.000211837478287	0	6.3551243486e-05	0.00116510613058	0.00199127229589	1.05918739143e-05	0.010761343897	0	0.0089395415837	0.00155700546541	0	7.41431174003e-05	0	0.0407151633267	0.0100516883447	0.0208765834852	0	0.00024361310003	0.00525356946151	0.00688471804432	0	0	0	0	0.00297631656993	0	0.00113333050883	0	0	0.00235139600898	0.000900309282718	0	0.00121806550015	0	0	0	0	0	0	0	0.0022878447655	0	0	0	0.00783798669661	0	0	0	0.00386603397873	0	0	0	0	0	0	0.00381307460916	3.1775621743e-05	0.00777443545312	0.00215015040461	0	0.000540185569631	0	2.11837478287e-05	0	0	0	0	0	0
0.00239376350464	0	0	0	0	0.00159937296106	0.0111108757361	0.0120747362623	0.0370080074567	0	0.0138753548278	0.000571961191374	0.00320933779604	0.000836758039232	0.00981866711859	0.00063551243486	0	1.05918739143e-05	0.000190653730458	0.000296572469601	0.00330466466127	0.000370715587002	0	0.000677879930517	0	0	1.05918739143e-05	0	0.00457568953099	0.00458628140491	0.000211837478287	0	0.00148286234801	0.000826166165318	0.00152522984366	0	0	0	0	0	0	0	0	0	0	0	0	0	0	0	0	0	0	0	0	0	0	0	0	0	0	0	0	0	0	0	0	0	0	0	0.00309282718299	1.05918739143e-05	0.00353768588739	0.00219251790027	0.000688471804432	0.0022878447655	0	0	0	0	0	0	0	0
0	0.00297631656993	1.05918739143e-05	0	0.00424734143965	0.000264796847858	0.000423674956573	0.00190653730458	0	0.0405668770919	0	4.23674956573e-05	0.00237257975681	0.000455450578316	0	0.00400372833962	0.00225606914375	0	7.41431174003e-05	5.29593695717e-05	0.000349531839173	0	0.00450154641359	0	0.0291912045079	7.41431174003e-05	3.1775621743e-05	0.0033258484091	0.0118311231623	0	0	0	0	0	0	0.000137694360886	0	0	0	0.00471338389188	0	2.11837478287e-05	0	1.05918739143e-05	0.0226030589332	0	1.05918739143e-05	0.000360123713087	1.05918739143e-05	1.05918739143e-05	0	0	0	0	1.05918739143e-05	0.00284921408296	0	0.00156759733932	0	0.0251980680422	1.05918739143e-05	0	0	0.0165974664238	0.00024361310003	2.11837478287e-05	0	0	0.000137694360886	0.000116510613058	5.29593695717e-05	0	0.000211837478287	0	0.00181121043935	0	0	5.29593695717e-05	1.05918739143e-05	0.000264796847858	9.5326865229e-05	8.47349913147e-05	2.11837478287e-05	0
0.000857941787061	0	0	0	0.00175825106978	0.000233021226115	0.010019912723	0.0195949667415	0.0138753548278	0	0.0415201457442	0.0033999915265	0.00392958522222	0	0.00203363979155	0.000222429352201	0	0	0.00230902851332	0.00256323348727	0.00610091937466	0	0	0	1.05918739143e-05	0	0.000222429352201	0	0.00788035419226	0.00224547726984	0.000148286234801	0	7.41431174003e-05	0.000667288056603	0.00368597212219	0	0	0	0	0.000857941787061	0	0.000201245604372	0	0	0	0.000264796847858	0	0.000497818073974	0	0	0	0	0	0	0	0.000847349913147	0	0	0	0.000550777443545	0	0	0	0.000211837478287	0	0	0	0	0	0	0.00144049485235	0	0.0062809812312	0.000752023047918	0	0.000307164343516	0	0	0	0	0	0	0	0
0.000328348091344	0	0	0	0	0.000519001821802	0.000963860526204	0.00156759733932	0.000571961191374	4.23674956573e-05	0.0033999915265	0.0291170613905	0.000847349913147	0.00929966529678	0.00132398423929	8.47349913147e-05	2.11837478287e-05	5.29593695717e-05	0.00573020378765	0.00514765072237	0.00127102486972	0.000497818073974	0	0.000275388721773	5.29593695717e-05	7.41431174003e-05	0.00639749184426	0.000105918739143	0.00122865737406	0.00659873744863	0	0.00105918739143	0.00136635173495	0.000497818073974	0.0108672626361	0	0	0	0	6.3551243486e-05	0	0	0	0	8.47349913147e-05	0	0	7.41431174003e-05	0.000868533660975	0	0	0	0	0	0	7.41431174003e-05	0	0	0	7.41431174003e-05	7.41431174003e-05	9.5326865229e-05	2.11837478287e-05	0	0	0	0.000190653730458	0	0	0	0.000730839300089	0.00685294242257	0.013229250519	8.47349913147e-05	4.23674956573e-05	0	0.000307164343516	0	0.000158878108715	0	0	0	0	0
0.000254204973944	0	0	0	0.00113333050883	0	0.00700122865737	0.000328348091344	0.00320933779604	0.00237257975681	0.00392958522222	0.000847349913147	0.0195525992459	3.1775621743e-05	0.000942676778376	0.00262678473075	0	0	0.000667288056603	0.000603736813117	0.00693767741389	0	0	0	0.00142990297843	0	0.00024361310003	0	0.000148286234801	0.000593144939203	0	0	0	0	0.000508409947888	0	0	0	0	0.000921493030547	0	0.00171588357412	0	0.00130280049146	0.000857941787061	0.000699063678346	2.11837478287e-05	0.0028809897047	0.000169469982629	0.00070965555226	0	0	0	2.11837478287e-05	1.05918739143e-05	0.0021395585307	0	0	0	0.00102741176969	0	0	0	0.000137694360886	0.00031775621743	0	0	0	0	0.000254204973944	0.000201245604372	0	0.00194890480024	2.11837478287e-05	0.000285980595687	0	0	0	0	5.29593695717e-05	0	1.05918739143e-05	0	0
0	0.00100622802186	0	0	0	0.00031775621743	0	0	0.000836758039232	0.000455450578316	0	0.00929966529678	3.1775621743e-05	0.0180697368979	0.00164174045672	0	0	0	0.00124984112189	8.47349913147e-05	2.11837478287e-05	0	0.00070965555226	0	0.000169469982629	0.00202304791764	0.00299750031776	0.00353768588739	0	0.00402491208745	0	0.00165233233064	0.00155700546541	0	0.00291276532644	0	0	0	0	0	0	0	0	0	0	0	0.000201245604372	0	0.00184298606109	0	0	0	0	0	0	0	0	0	0	0	0.000550777443545	6.3551243486e-05	0.000222429352201	0	0	0	0.000211837478287	0	0	0	3.1775621743e-05	0.00312460280473	0.00472397576579	0.000328348091344	1.05918739143e-05	0.000667288056603	0.000370715587002	0	0.00104859551752	0	0	0	0	6.3551243486e-05
0.00625979748337	0	0	0	1.05918739143e-05	0	0.00104859551752	0.0110896919883	0.00981866711859	0	0.00203363979155	0.00132398423929	0.000942676778376	0.00164174045672	0.0275918315468	0	0	3.1775621743e-05	0.000688471804432	5.29593695717e-05	0.000974452400119	0.000783798669661	0	0.000550777443545	1.05918739143e-05	0	0.000646104308774	0	0.00220310977418	0.00618565436597	0.00720247426175	0	0.000381307460916	0.00031775621743	0.00124984112189	0	0	0	0	0	0	0	0	0	0	0	0	0	0	0	0	0	0	0	0	0	0	0	0	0	0	0	0	0	0	0	0	0	0	0	6.3551243486e-05	0	0.00344235902216	4.23674956573e-05	0	7.41431174003e-05	0	0	0	0	0	0	0	0
0	0	0	0	0.000264796847858	0.00206541541329	0.00267974410033	0.000211837478287	0.00063551243486	0.00400372833962	0.000222429352201	8.47349913147e-05	0.00262678473075	0	0	0.00902427657501	0	0	9.5326865229e-05	0.000105918739143	0	0	0	0	0.00242553912638	0	6.3551243486e-05	0	0.000201245604372	0	0	0	1.05918739143e-05	0	0	0	0	0	0	0.000804982417489	0	0	0	0	0.00105918739143	0	0	0.000148286234801	0	0	0	0	0	0	0	0.000699063678346	0	0	0	0.00110155488709	0	0	0	0.00024361310003	0	0	0	0	0	0	0.000148286234801	0	0.000466042452231	0	0.00337880777867	4.23674956573e-05	0	0	0	0	0	0	0	0
0	0.000254204973944	0.000233021226115	0	0	0	0	0	0	0.00225606914375	0	2.11837478287e-05	0	0	0	0	0.0408210820658	2.11837478287e-05	0	0	0	0.005317120705	0.0129962292929	0.00589967377028	0.0120005931449	0	0.000105918739143	0.00529593695717	0.00301868406558	0	1.05918739143e-05	0	0	0	1.05918739143e-05	0	0	0	0	0	0	0	0	0	0.0029551328221	0	0	0	0	0	0	0.0160149133585	0	2.11837478287e-05	2.11837478287e-05	0	0.00562428504851	0.0279519552599	0.0136529254756	0.00303986781341	0	2.11837478287e-05	0.000667288056603	0.0101470152099	0	0	0	0	0	0	0.00130280049146	0.000815574291404	1.05918739143e-05	1.05918739143e-05	0	0	0	0.000868533660975	0.000466042452231	5.29593695717e-05	3.1775621743e-05	0	0	0
0	0	0.00699063678346	0	0	0	0	6.3551243486e-05	1.05918739143e-05	0	0	5.29593695717e-05	0	0	3.1775621743e-05	0	2.11837478287e-05	0.0363407194001	0	0.0024361310003	0	0.000275388721773	0	0.00819811040969	5.29593695717e-05	0	0.0101787908317	0.00637630809643	0.000476634326145	5.29593695717e-05	1.05918739143e-05	0	0	0	0.00466042452231	0	0.000402491208745	0	0	0	0	0	0	0	0	0	0	0	0	0	0	0	0.00063551243486	1.05918739143e-05	0	0	0	0	0	0	0	0.00063551243486	0.00478752700928	0	0	0	0	0	0	1.05918739143e-05	0.0025844172351	0.0030292759395	0.00474515951362	2.11837478287e-05	0	0	0	9.5326865229e-05	0	3.1775621743e-05	1.05918739143e-05	0	0	0
1.05918739143e-05	0	0	0	0	0	0.00063551243486	0.00116510613058	0.000190653730458	7.41431174003e-05	0.00230902851332	0.00573020378765	0.000667288056603	0.00124984112189	0.000688471804432	9.5326865229e-05	0	0	0.0087171122315	0.00514765072237	0.000974452400119	3.1775621743e-05	0	1.05918739143e-05	0.000169469982629	0	0.00313519467864	0	0.00056136931746	0.00164174045672	0	0	0	0.000307164343516	0.00285980595687	0	0	0	0	4.23674956573e-05	0	0	0	0	8.47349913147e-05	0	0	6.3551243486e-05	0	0	0	0	0	0	0	5.29593695717e-05	0	0	0	5.29593695717e-05	0	0	0	0	0	0	0	0	0	0	0.000720247426175	0.000444858704402	0.00648222683557	3.1775621743e-05	3.1775621743e-05	0	0	5.29593695717e-05	0	0	0	1.05918739143e-05	0	0
1.05918739143e-05	0	0	0	0	0	0.000624920560946	0.00199127229589	0.000296572469601	5.29593695717e-05	0.00256323348727	0.00514765072237	0.000603736813117	8.47349913147e-05	5.29593695717e-05	0.000105918739143	0	0.0024361310003	0.00514765072237	0.0160572808541	0.000815574291404	0.000137694360886	0	0.000148286234801	7.41431174003e-05	0	0.00319874592213	1.05918739143e-05	0.00133457611321	0.00100622802186	0	0	0	0.000677879930517	0.00638689997034	0	0	0	0	1.05918739143e-05	0	0	0	0	5.29593695717e-05	0	0	4.23674956573e-05	0	0	0	0	0	0	0	1.05918739143e-05	0	0	0	1.05918739143e-05	0	0	0	0	0	0	0	0	0	0	0.00192772105241	0.000826166165318	0.00976570774901	0.000222429352201	1.05918739143e-05	0	0	1.05918739143e-05	0	0	0	1.05918739143e-05	0	0
0.000169469982629	0	0	0	0.00244672287421	0	0.00307164343516	1.05918739143e-05	0.00330466466127	0.000349531839173	0.00610091937466	0.00127102486972	0.00693767741389	2.11837478287e-05	0.000974452400119	0	0	0	0.000974452400119	0.000815574291404	0.0129644536711	0	0	0	0.000603736813117	0	0.000201245604372	0	0.000338939965259	0.000233021226115	0	0	0	0	0.00101681989578	0	0	0	0	0.000360123713087	0	0	0	0	5.29593695717e-05	0.000127102486972	0	0.000127102486972	0	0	0	0	0	0	0	0.000233021226115	0	0	0	0.000201245604372	0	0	0	9.5326865229e-05	0	0	0	0	0	0	1.05918739143e-05	0	0.00158878108715	0	0	0	0	0	0	0	0	0	0	0
0.000190653730458	0	0.00124984112189	0	0	0	0	0.010761343897	0.000370715587002	0	0	0.000497818073974	0	0	0.000783798669661	0	0.005317120705	0.000275388721773	3.1775621743e-05	0.000137694360886	0	0.0578210396983	0.000254204973944	0.0223912214549	3.1775621743e-05	0	0.000158878108715	0.000487226200059	0.0331631572258	0.00063551243486	0.0183239418718	0	0	0.000423674956573	0.00522179383977	0	0	0	0	0	0	0	5.29593695717e-05	0	0	0	0	0	0	0	0	0.000646104308774	0	0	0	0	0.00350591026564	0.00248909036987	0.00296572469601	3.1775621743e-05	0	0	0.000190653730458	0.001112146761	0	0	0	0	0	0	0.00500995636148	0.000815574291404	0.00361182900479	0.00403550396136	0.000180061856544	0	3.1775621743e-05	0	0	0.000529593695717	0.000519001821802	0	0	0
0	0.00725543363132	0	0	0	0	0	0	0	0.00450154641359	0	0	0	0.00070965555226	0	0	0.0129962292929	0	0	0	0	0.000254204973944	0.0298373088167	0.00112273863492	0.00819811040969	0.000360123713087	0	0.012244206245	0	0	0	0	0	0	0	0	0.000519001821802	0	0	0	0	0	0	0	0.00165233233064	0	2.11837478287e-05	0	2.11837478287e-05	0	0	0.00664110494429	0	0	0	0	0.00119688175232	0.0153688090497	0.00192772105241	0.00279625471338	2.11837478287e-05	0	0.00431089268313	0.00218192602635	0	0	0	0	0	0	0	0	0	0	0	0	0	0	2.11837478287e-05	0	0	0	0	0
4.23674956573e-05	0	0.0136423336017	0	0	0	0	0.0089395415837	0.000677879930517	0	0	0.000275388721773	0	0	0.000550777443545	0	0.00589967377028	0.00819811040969	1.05918739143e-05	0.000148286234801	0	0.0223912214549	0.00112273863492	0.0800851586663	1.05918739143e-05	0	0.000624920560946	0.00545481506588	0.0168834470194	0.000201245604372	0.0128055755624	0	0	0	0.00581493877897	0	0	2.11837478287e-05	0	0	0	0	0.000455450578316	0	0	0	0	0	0	1.05918739143e-05	0	0.0073189848748	0	0	0	0	0.00128161674363	0.0108248951404	0.00852645850104	0	0	0	0.00116510613058	0.000180061856544	0	0	0	0	0	2.11837478287e-05	0.00992458585773	0.00139812735669	0.00301868406558	0.00210778290895	0	0	7.41431174003e-05	0.000190653730458	0	0.00149345422192	0.00145108672626	0	1.05918739143e-05	0
2.11837478287e-05	0.00392958522222	3.1775621743e-05	0	0.00664110494429	0.000137694360886	0.000137694360886	0.00155700546541	0	0.0291912045079	1.05918739143e-05	5.29593695717e-05	0.00142990297843	0.000169469982629	1.05918739143e-05	0.00242553912638	0.0120005931449	5.29593695717e-05	0.000169469982629	7.41431174003e-05	0.000603736813117	3.1775621743e-05	0.00819811040969	1.05918739143e-05	0.0647587171122	0.000285980595687	0.000836758039232	0.00373893149176	0.0216709740287	4.23674956573e-05	9.5326865229e-05	0	0	3.1775621743e-05	0.000402491208745	0.000381307460916	0	0	0	0.00407787145702	0	0.000423674956573	2.11837478287e-05	3.1775621743e-05	0.0208871753591	0.000180061856544	1.05918739143e-05	0.000444858704402	1.05918739143e-05	4.23674956573e-05	0.000201245604372	0.000148286234801	1.05918739143e-05	2.11837478287e-05	4.23674956573e-05	0.00260560098293	0.000836758039232	0.00668347243994	0.00024361310003	0.0238211244333	1.05918739143e-05	4.23674956573e-05	0.000519001821802	0.0253887217727	0.000677879930517	7.41431174003e-05	0	0	0.000508409947888	0.000497818073974	0.00543363131805	0.000932084904461	0.000180061856544	0.000105918739143	0.000857941787061	0	0	0.00480871075711	0.00138753548278	0.00101681989578	0.000328348091344	0.000158878108715	9.5326865229e-05	0
0	0.000804982417489	0	0	0	0	0	0	0	7.41431174003e-05	0	7.41431174003e-05	0	0.00202304791764	0	0	0	0	0	0	0	0	0.000360123713087	0	0.000285980595687	0.00495699699191	0.000190653730458	0.00246790662204	0	0	0	2.11837478287e-05	0	0	0	0	8.47349913147e-05	0	0	0	0	0	0	0	0	0	0.000158878108715	0	0.000889717408804	0	0	0	0	0	0	0	0	0	0	0	0.000455450578316	0	0.000127102486972	0	0	0	0	0	0	0	0	1.05918739143e-05	0	0	0	0	1.05918739143e-05	0	0.00127102486972	0	0	0	0	0.000127102486972
0	1.05918739143e-05	0.00440621954836	0	0	0	0.000222429352201	7.41431174003e-05	1.05918739143e-05	3.1775621743e-05	0.000222429352201	0.00639749184426	0.00024361310003	0.00299750031776	0.000646104308774	6.3551243486e-05	0.000105918739143	0.0101787908317	0.00313519467864	0.00319874592213	0.000201245604372	0.000158878108715	0	0.000624920560946	0.000836758039232	0.000190653730458	0.068624751091	0.0179850019065	0.00119688175232	0.00101681989578	0	0.00327288903953	0	0	0.000497818073974	0	0.00905605219675	0	0	3.1775621743e-05	0	0	0	0	0.000116510613058	0	4.23674956573e-05	6.3551243486e-05	0.00784857857052	0	0	0	1.05918739143e-05	0.00100622802186	8.47349913147e-05	4.23674956573e-05	0	5.29593695717e-05	0	9.5326865229e-05	0.00270092784815	0.00206541541329	0.0242130237682	0	0	0	0.00095326865229	0	0	0	0.0065034105834	0.01087785451	0.00237257975681	3.1775621743e-05	8.47349913147e-05	0	0	0.000413083082659	0.000985044274033	0	0	0	0	2.11837478287e-05
0	0.00770029233572	0.0186946574588	0	0	0	0	0	0	0.0033258484091	0	0.000105918739143	0	0.00353768588739	0	0	0.00529593695717	0.00637630809643	0	1.05918739143e-05	0	0.000487226200059	0.012244206245	0.00545481506588	0.00373893149176	0.00246790662204	0.0179850019065	0.110113121213	0.00056136931746	0	0	0.000413083082659	0	0	0	1.05918739143e-05	0.0286404270644	0.000900309282718	0	0	0	0	0	5.29593695717e-05	0.000158878108715	0	0.000211837478287	0	0.00549718256154	0.000169469982629	0	0.00559250942677	0.00811337541838	6.3551243486e-05	1.05918739143e-05	0	3.1775621743e-05	0.0204635004025	0.00716010676609	0.000264796847858	0.00323052154387	0.00476634326145	0.0510422403932	2.11837478287e-05	0	0	0.000190653730458	0	0	0.00102741176969	0.00622802186163	0.00181121043935	0.000158878108715	0.000370715587002	0	0	2.11837478287e-05	0.00259500910901	0.00116510613058	0.00202304791764	0.00100622802186	0	2.11837478287e-05	7.41431174003e-05
0.000985044274033	0	0.00118628987841	0	0.00964919713596	0.000328348091344	0.00129220861755	0.0407151633267	0.00457568953099	0.0118311231623	0.00788035419226	0.00122865737406	0.000148286234801	0	0.00220310977418	0.000201245604372	0.00301868406558	0.000476634326145	0.00056136931746	0.00133457611321	0.000338939965259	0.0331631572258	0	0.0168834470194	0.0216709740287	0	0.00119688175232	0.00056136931746	0.11454052451	0.00463924077448	0.0123395331102	0	0.000233021226115	0.0024361310003	0.00995636147947	1.05918739143e-05	0	0	0	0.0116510613058	0	0.00313519467864	5.29593695717e-05	0	0.0087912553489	0.00257382536118	0	0.00235139600898	0	0	0	0	1.05918739143e-05	1.05918739143e-05	2.11837478287e-05	0.00863237724018	0.000497818073974	0.000699063678346	0.000105918739143	0.025589967377	0	3.1775621743e-05	0.000656696182689	0.0173600813456	1.05918739143e-05	0	0	0	1.05918739143e-05	3.1775621743e-05	0.0111426513579	0.00134516798712	0.00881243909672	0.00663051307037	0.000137694360886	0.000497818073974	3.1775621743e-05	0.00342117527433	0.00118628987841	0.000699063678346	0.000614328687031	3.1775621743e-05	0	0
0.00481930263102	0	0	0	3.1775621743e-05	0.000603736813117	0.000603736813117	0.0100516883447	0.00458628140491	0	0.00224547726984	0.00659873744863	0.000593144939203	0.00402491208745	0.00618565436597	0	0	5.29593695717e-05	0.00164174045672	0.00100622802186	0.000233021226115	0.00063551243486	0	0.000201245604372	4.23674956573e-05	0	0.00101681989578	0	0.00463924077448	0.0290958776427	0.00379189086133	0	0.00181121043935	0.00566665254417	0.00781680294878	0	0	0	0	0	0	0	0	0	0	0	0	0	0	0	0	0	0	0	0	0	0	0	0	0	0	0	0	0	0	0	0	0	0	0	1.05918739143e-05	0	0.00450154641359	5.29593695717e-05	0	2.11837478287e-05	0	0	0	0	0	0	0	0
0.00412023895268	0	0	0	0	0	0	0.0208765834852	0.000211837478287	0	0.000148286234801	0	0	0	0.00720247426175	0	1.05918739143e-05	1.05918739143e-05	0	0	0	0.0183239418718	0	0.0128055755624	9.5326865229e-05	0	0	0	0.0123395331102	0.00379189086133	0.0496123374147	0	0	0.000868533660975	0.00321992966996	0	0	0	0	0	0	0	0	0	0	0	0	0	0	0	0	0	0	0	0	0	0	0	0	0	0	0	0	0	0	0	0	0	0	0	0	0	0.000783798669661	0	0	0	0	0	0	0	0	0	0	0
0	1.05918739143e-05	0	0	0	0	0	0	0	0	0	0.00105918739143	0	0.00165233233064	0	0	0	0	0	0	0	0	0	0	0	2.11837478287e-05	0.00327288903953	0.000413083082659	0	0	0	0.00351650213956	0	0	0	0	0	0	0	0	0	0	0	0	0	0	3.1775621743e-05	0	0.00231962038724	0	0	0	0	0	0	0	0	0	0	0	0.000296572469601	0.000285980595687	0.00024361310003	0	0	0	0.00056136931746	0	0	0	0	0.000794390543575	4.23674956573e-05	0	0	0	0	0	0.000222429352201	0	0	0	0	0
0	0	0	0	0	0.00131339236538	8.47349913147e-05	0.00024361310003	0.00148286234801	0	7.41431174003e-05	0.00136635173495	0	0.00155700546541	0.000381307460916	1.05918739143e-05	0	0	0	0	0	0	0	0	0	0	0	0	0.000233021226115	0.00181121043935	0	0	0.00385544210482	1.05918739143e-05	0.00201245604372	0	0	0	0	0	0	0	0	0	0	0	0	0	0	0	0	0	0	0	0	0	0	0	0	0	0	0	0	0	0	0	0	0	0	0	0.000328348091344	0	0.00124984112189	0.000593144939203	0.000137694360886	0.00134516798712	3.1775621743e-05	0	0	0	0	0	0	0
0.000180061856544	0	0	0	0	1.05918739143e-05	0	0.00525356946151	0.000826166165318	0	0.000667288056603	0.000497818073974	0	0	0.00031775621743	0	0	0	0.000307164343516	0.000677879930517	0	0.000423674956573	0	0	3.1775621743e-05	0	0	0	0.0024361310003	0.00566665254417	0.000868533660975	0	1.05918739143e-05	0.00743549548786	0.00303986781341	0	0	0	0	0	0	0	0	0	0	0	0	0	0	0	0	0	0	0	0	0	0	0	0	0	0	0	0	0	0	0	0	0	0	0	0	0	0.00121806550015	4.23674956573e-05	0	2.11837478287e-05	0	0	0	0	0	0	0	0
0.000508409947888	0	0.000158878108715	0	0	0.000804982417489	0.00063551243486	0.00688471804432	0.00152522984366	0	0.00368597212219	0.0108672626361	0.000508409947888	0.00291276532644	0.00124984112189	0	1.05918739143e-05	0.00466042452231	0.00285980595687	0.00638689997034	0.00101681989578	0.00522179383977	0	0.00581493877897	0.000402491208745	0	0.000497818073974	0	0.00995636147947	0.00781680294878	0.00321992966996	0	0.00201245604372	0.00303986781341	0.0393276278439	0	0	0	0	0	0	0	0	0	0	0	0	0	0	0	0	0	0	0	0	0	0	0	0	0	0	0	0	0	0	0	0	0	0	0	0.000614328687031	2.11837478287e-05	0.0218086683896	0.0032517052917	0	0.000211837478287	5.29593695717e-05	0	0	0	0	0	0	0
0	0	1.05918739143e-05	0	0	0	0	0	0	0.000137694360886	0	0	0	0	0	0	0	0	0	0	0	0	0	0	0.000381307460916	0	0	1.05918739143e-05	1.05918739143e-05	0	0	0	0	0	0	0.0166292420455	0	2.11837478287e-05	0	1.05918739143e-05	0	0.000519001821802	0.00460746515273	0.00149345422192	0.000381307460916	0.000910901156633	0.00119688175232	0.000254204973944	3.1775621743e-05	0.00719188238783	0	0	0.000285980595687	0.000529593695717	0.00056136931746	0.000487226200059	0.000264796847858	1.05918739143e-05	0.000487226200059	0.000752023047918	0	0.000444858704402	3.1775621743e-05	0.00482989450494	0.00720247426175	0.00701182053129	0	5.29593695717e-05	0.000466042452231	0.00164174045672	0	0	0	0	0	0	0	0	0	0.00024361310003	0	0	0	0
0	0.000699063678346	0	0	0	0	0	0	0	0	0	0	0	0	0	0	0	0.000402491208745	0	0	0	0	0.000519001821802	0	0	8.47349913147e-05	0.00905605219675	0.0286404270644	0	0	0	0	0	0	0	0	0.0389039528873	0.000455450578316	0	0	0	0	0	0	0.00390840147439	0	0.000105918739143	0	0.000360123713087	0	0	0.00173706732195	0.00231962038724	0.000381307460916	0	0	0	0.00676820743126	3.1775621743e-05	0.00524297758759	0.00336821590476	0.00226666101767	0.0328242172605	3.1775621743e-05	0	0	0	0	0	0	1.05918739143e-05	0	0	0	0	0	0	0	2.11837478287e-05	0	0	0	0	0.000105918739143
0	0	0.000211837478287	0	0	0	0	0	0	0	0	0	0	0	0	0	0	0	0	0	0	0	0	2.11837478287e-05	0	0	0	0.000900309282718	0	0	0	0	0	0	0	2.11837478287e-05	0.000455450578316	0.036965639961	0	0	0	0	0.00193831292632	4.23674956573e-05	0	0	0	0	0	0.000254204973944	0	0	0.00949031902724	0	0	0	0.00105918739143	3.1775621743e-05	0.0129962292929	0	0	0.00756259797483	0.0187264330805	0	1.05918739143e-05	0.00056136931746	0	0	0	0	0	0	0	0	0	0	0	0	0	0	0	0	0	0
0	0	0	0	0	0	0	0	0	0	0	0	0	0	0	0	0	0	0	0	0	0	0	0	0	0	0	0	0	0	0	0	0	0	0	0	0	0	0	0	0	0	0	0	0	0	0	0	0	0	0	0	0	0	0	0	0	0	0	0	0	0	0	0	0	0	0	0	0	0	0	0	0	0	0	0	0	0	0	0	0	0	0	0
0	0	0	0	0.00686353429649	1.05918739143e-05	0.000211837478287	0.00297631656993	0	0.00471338389188	0.000857941787061	6.3551243486e-05	0.000921493030547	0	0	0.000804982417489	0	0	4.23674956573e-05	1.05918739143e-05	0.000360123713087	0	0	0	0.00407787145702	0	3.1775621743e-05	0	0.0116510613058	0	0	0	0	0	0	1.05918739143e-05	0	0	0	0.0213532178113	0	0.00385544210482	0	8.47349913147e-05	0.00212896665678	0.00422615769182	0.000105918739143	0.00484048637885	6.3551243486e-05	0.000254204973944	8.47349913147e-05	0	0	7.41431174003e-05	5.29593695717e-05	0.0152311146888	0	0	0	0.0146803372453	0	1.05918739143e-05	0	0.0107719357709	0.000222429352201	0	0	0	0	0.000519001821802	7.41431174003e-05	0	0.000222429352201	0	0.000349531839173	0	0	0.000307164343516	0	8.47349913147e-05	4.23674956573e-05	0.000264796847858	7.41431174003e-05	0
0	0	0	0	0	0	0	0	0	0	0	0	0	0	0	0	0	0	0	0	0	0	0	0	0	0	0	0	0	0	0	0	0	0	0	0	0	0	0	0	0.0025102741177	0.00118628987841	0	0.000466042452231	0	0	0	0	0	5.29593695717e-05	0.000942676778376	0	0	0	0	0	0	0	0	0	0	0	0	0	0	0	0	0.000529593695717	0	0.000180061856544	0	0	0	0	0	0	0	0	0	0	0	0.00109096301318	0.000455450578316	0
0	0	0	0	0.000942676778376	0	0	0.00113333050883	0	2.11837478287e-05	0.000201245604372	0	0.00171588357412	0	0	0	0	0	0	0	0	0	0	0	0.000423674956573	0	0	0	0.00313519467864	0	0	0	0	0	0	0.000519001821802	0	0	0	0.00385544210482	0.00118628987841	0.0410964707876	0.00293394907427	0.015824259628	0.000476634326145	0.0180167775283	0.00229843663941	0.0167457526586	0.00185357793501	0.0108037113926	0.00209719103504	0	0	0.00154641359149	0.00121806550015	0.0121806550015	1.05918739143e-05	0	0	0.00484048637885	0	0.00124984112189	2.11837478287e-05	0.00290217345253	0.00713892301826	0	0	0.000127102486972	0	0.00820870228361	2.11837478287e-05	0	3.1775621743e-05	0	0	0	0	0.000434266830488	0	0.00343176714824	0.000222429352201	0.00137694360886	4.23674956573e-05	1.05918739143e-05
0	0	0.000444858704402	0	0	0	0	0	0	0	0	0	0	0	0	0	0	0	0	0	0	5.29593695717e-05	0	0.000455450578316	2.11837478287e-05	0	0	0	5.29593695717e-05	0	0	0	0	0	0	0.00460746515273	0	0.00193831292632	0	0	0	0.00293394907427	0.0440939711054	0.00269033597424	2.11837478287e-05	0.0036965639961	0	0	0	0.00727661737915	0	0	0	1.05918739143e-05	1.05918739143e-05	0	0.00548659068762	0	0.00686353429649	0.00577257128331	0	1.05918739143e-05	0.00024361310003	0.0129009024277	0.000921493030547	0.00809219167055	0	0	0	0.000571961191374	0	0	0	0.000508409947888	0	0	0	3.1775621743e-05	0	0.00131339236538	0.00108037113926	2.11837478287e-05	0	0
0	0	5.29593695717e-05	0	0	0	0	0	0	1.05918739143e-05	0	0	0.00130280049146	0	0	0	0	0	0	0	0	0	0	0	3.1775621743e-05	0	0	5.29593695717e-05	0	0	0	0	0	0	0	0.00149345422192	0	4.23674956573e-05	0	8.47349913147e-05	0.000466042452231	0.015824259628	0.00269033597424	0.0349531839173	0.000455450578316	0.00708596364869	0.000921493030547	0.00752023047918	0.000328348091344	0.0185145956023	0.00110155488709	0	4.23674956573e-05	0.000158878108715	0.000180061856544	0.00343176714824	3.1775621743e-05	2.11837478287e-05	0.000307164343516	0.000942676778376	0	0.000148286234801	0.000688471804432	0.00321992966996	0.00240435537855	0.000497818073974	0	0.00216074227852	0	0.00368597212219	0	0	0	0	0	0	0	0.00234080413507	1.05918739143e-05	0.00374952336567	0.000900309282718	0.00132398423929	0.00129220861755	0
0	0	1.05918739143e-05	0	0.00194890480024	5.29593695717e-05	0.000233021226115	0.00235139600898	0	0.0226030589332	0	8.47349913147e-05	0.000857941787061	0	0	0.00105918739143	0.0029551328221	0	8.47349913147e-05	5.29593695717e-05	5.29593695717e-05	0	0.00165233233064	0	0.0208871753591	0	0.000116510613058	0.000158878108715	0.0087912553489	0	0	0	0	0	0	0.000381307460916	0.00390840147439	0	0	0.00212896665678	0	0.000476634326145	2.11837478287e-05	0.000455450578316	0.0462123458882	0	0	0.00303986781341	4.23674956573e-05	0.000508409947888	0.00417319832225	0.000370715587002	0	0	1.05918739143e-05	0.00191712917849	3.1775621743e-05	0.0111638351057	4.23674956573e-05	0.0353238995043	0.00133457611321	0	0.00119688175232	0.0114498157014	0.000677879930517	7.41431174003e-05	0	0	0.000508409947888	0.000497818073974	3.1775621743e-05	0	0.000201245604372	0	0.000508409947888	0	0	0.000699063678346	1.05918739143e-05	0.000942676778376	0.000296572469601	0.00151463796975	9.5326865229e-05	0
0	0	0	0	0.000730839300089	0	0	0.000900309282718	0	0	0.000264796847858	0	0.000699063678346	0	0	0	0	0	0	0	0.000127102486972	0	0	0	0.000180061856544	0	0	0	0.00257382536118	0	0	0	0	0	0	0.000910901156633	0	0	0	0.00422615769182	0	0.0180167775283	0.0036965639961	0.00708596364869	0	0.0345295089607	0.00245731474813	0.0100728720925	0.00063551243486	0.00712833114435	0	0	0	0.00174765919586	0.00160996483498	0.0116404694319	0	0	0	0.00634453247469	0	0.00145108672626	3.1775621743e-05	0.00540185569631	0.00571961191374	0	0	0.000211837478287	0	0.00839935601407	3.1775621743e-05	0	3.1775621743e-05	0	0	0	0	0.000720247426175	0	0.00494640511799	0.000985044274033	0	0.00039189933483	0
0	5.29593695717e-05	0	0	0	0	0	0	0	1.05918739143e-05	0	0	2.11837478287e-05	0.000201245604372	0	0	0	0	0	0	0	0	2.11837478287e-05	0	1.05918739143e-05	0.000158878108715	4.23674956573e-05	0.000211837478287	0	0	0	3.1775621743e-05	0	0	0	0.00119688175232	0.000105918739143	0	0	0.000105918739143	0	0.00229843663941	0	0.000921493030547	0	0.00245731474813	0.0182392068805	0.00127102486972	0.00385544210482	0.00489344574842	1.05918739143e-05	0	7.41431174003e-05	0.00374952336567	0.00197008854807	0.00172647544804	5.29593695717e-05	0	0.000105918739143	1.05918739143e-05	0.000889717408804	0.00166292420455	5.29593695717e-05	0.000307164343516	0.005687836292	0.000328348091344	0	0.00166292420455	0	0.00917256280981	0	0	0	0	0	0	0	0.000180061856544	0.000667288056603	0.00145108672626	8.47349913147e-05	1.05918739143e-05	0.000423674956573	0.00121806550015
0	0	0	0	0.00145108672626	0	8.47349913147e-05	0.00121806550015	0	0.000360123713087	0.000497818073974	7.41431174003e-05	0.0028809897047	0	0	0.000148286234801	0	0	6.3551243486e-05	4.23674956573e-05	0.000127102486972	0	0	0	0.000444858704402	0	6.3551243486e-05	0	0.00235139600898	0	0	0	0	0	0	0.000254204973944	0	0	0	0.00484048637885	0	0.0167457526586	0	0.00752023047918	0.00303986781341	0.0100728720925	0.00127102486972	0.0281532008643	0.00174765919586	0.00827225352709	0.00278566283947	0	0	0.000614328687031	0.000466042452231	0.0131762911494	0	0	0	0.0036965639961	0	0.000847349913147	0	0.00151463796975	0.00479811888319	0	0	0	0	0.00461805702665	2.11837478287e-05	0	0.000127102486972	0	4.23674956573e-05	0	0	0.000116510613058	0	0.00151463796975	5.29593695717e-05	0.000783798669661	0	1.05918739143e-05
0	6.3551243486e-05	0	0	0	0	0	0	0	1.05918739143e-05	0	0.000868533660975	0.000169469982629	0.00184298606109	0	0	0	0	0	0	0	0	2.11837478287e-05	0	1.05918739143e-05	0.000889717408804	0.00784857857052	0.00549718256154	0	0	0	0.00231962038724	0	0	0	3.1775621743e-05	0.000360123713087	0	0	6.3551243486e-05	0	0.00185357793501	0	0.000328348091344	4.23674956573e-05	0.00063551243486	0.00385544210482	0.00174765919586	0.0240965131551	0.00152522984366	0	0	0	2.11837478287e-05	5.29593695717e-05	0.00157818921324	0	4.23674956573e-05	0	5.29593695717e-05	0.00398254459179	0.00218192602635	0.00452273016142	0	0.00249968224378	0	0.00144049485235	0.000593144939203	0	0.00350591026564	0	0.000677879930517	3.1775621743e-05	0	0	0	0	0.00230902851332	0.00452273016142	0.00398254459179	0.000402491208745	0	0	0.00148286234801
0	0	0.000137694360886	0	0	0	0	0	0	1.05918739143e-05	0	0	0.00070965555226	0	0	0	0	0	0	0	0	0	0	1.05918739143e-05	4.23674956573e-05	0	0	0.000169469982629	0	0	0	0	0	0	0	0.00719188238783	0	0.000254204973944	0	0.000254204973944	5.29593695717e-05	0.0108037113926	0.00727661737915	0.0185145956023	0.000508409947888	0.00712833114435	0.00489344574842	0.00827225352709	0.00152522984366	0.0478752700928	0.00117569800449	0	0.000201245604372	0.00136635173495	0.00114392238275	0.00506291573105	0.000180061856544	5.29593695717e-05	0.00128161674363	4.23674956573e-05	0	0.00131339236538	0.00188535355675	0.00594204126594	0.0177519806804	0.00469220014405	0	0.00199127229589	0	0.00920433843156	0	0	0	0	0	0	0	0.000571961191374	1.05918739143e-05	0.00255264161335	0.000328348091344	0.00070965555226	0.000434266830488	3.1775621743e-05
0	0	0	0	0	0	0	0	0	0	0	0	0	0	0	0	0	0	0	0	0	0	0	0	0.000201245604372	0	0	0	0	0	0	0	0	0	0	0	0	0	0	8.47349913147e-05	0.000942676778376	0.00209719103504	0	0.00110155488709	0.00417319832225	0	1.05918739143e-05	0.00278566283947	0	0.00117569800449	0.00808159979664	0	0	0	0	0.000285980595687	0	0	0	0.00220310977418	0	0	0	0	4.23674956573e-05	0	0	5.29593695717e-05	0	5.29593695717e-05	0	0	0	0	0	0	0	0	0	1.05918739143e-05	0	0.00298690844384	0.000105918739143	0
0	0	1.05918739143e-05	0	0	0	0	0	0	0	0	0	0	0	0	0	0.0160149133585	0	0	0	0	0.000646104308774	0.00664110494429	0.0073189848748	0.000148286234801	0	0	0.00559250942677	0	0	0	0	0	0	0	0	0.00173706732195	0	0	0	0	0	0	0	0.000370715587002	0	0	0	0	0	0	0.0345401008346	0	1.05918739143e-05	0	0	0.000656696182689	0.0291912045079	0.0111108757361	0.0023619878829	0	0	0.00508409947888	7.41431174003e-05	0	0	0	0	0	0	0	0	0	0	0	0	0	0.00167351607846	0.000296572469601	2.11837478287e-05	2.11837478287e-05	0	0	0
0	0	0.000466042452231	0	0	0	0	0	0	0	0	0	0	0	0	0	0	0.00063551243486	0	0	0	0	0	0	1.05918739143e-05	0	1.05918739143e-05	0.00811337541838	1.05918739143e-05	0	0	0	0	0	0	0.000285980595687	0.00231962038724	0.00949031902724	0	0	0	0	0	4.23674956573e-05	0	0	7.41431174003e-05	0	0	0.000201245604372	0	0	0.042897089353	6.3551243486e-05	0.00314578655256	0	0.000540185569631	1.05918739143e-05	0.01087785451	0	0	0.0163008939542	0.0129220861755	3.1775621743e-05	0.000646104308774	0.000466042452231	0	0	0.000519001821802	0.00513705884845	0.000571961191374	0	0	0	0	0	0	0.000137694360886	5.29593695717e-05	0.00120747362623	0.000105918739143	4.23674956573e-05	5.29593695717e-05	0
0	0	0	0	0	0	0	0	0	0	0	0	2.11837478287e-05	0	0	0	2.11837478287e-05	1.05918739143e-05	0	0	0	0	0	0	2.11837478287e-05	0	0.00100622802186	6.3551243486e-05	1.05918739143e-05	0	0	0	0	0	0	0.000529593695717	0.000381307460916	0	0	7.41431174003e-05	0	0.00154641359149	1.05918739143e-05	0.000158878108715	0	0.00174765919586	0.00374952336567	0.000614328687031	2.11837478287e-05	0.00136635173495	0	1.05918739143e-05	6.3551243486e-05	0.00890776596195	0.00229843663941	0.00115451425666	4.23674956573e-05	0	0.000105918739143	0.000222429352201	5.29593695717e-05	0.00337880777867	0.000741431174003	0.000381307460916	0.00226666101767	0.00024361310003	0	2.11837478287e-05	0	0.00315637842647	0	0	0	0	0	0	0	0.00101681989578	0.000423674956573	0.00300809219167	0.000338939965259	0	0	0
0	0	0	0	0	0	0	0	0	1.05918739143e-05	0	0	1.05918739143e-05	0	0	0	2.11837478287e-05	0	0	0	0	0	0	0	4.23674956573e-05	0	8.47349913147e-05	1.05918739143e-05	2.11837478287e-05	0	0	0	0	0	0	0.00056136931746	0	0	0	5.29593695717e-05	0	0.00121806550015	1.05918739143e-05	0.000180061856544	1.05918739143e-05	0.00160996483498	0.00197008854807	0.000466042452231	5.29593695717e-05	0.00114392238275	0	0	0.00314578655256	0.00229843663941	0.0149345422192	0.000910901156633	2.11837478287e-05	0	7.41431174003e-05	0.000158878108715	0	0.00701182053129	0.000794390543575	0.000285980595687	0.00200186416981	0.000158878108715	0	0	0	0.00914078718807	3.1775621743e-05	0	0	0	0	0	0	0.000910901156633	0.000963860526204	0.00275388721773	5.29593695717e-05	0	0	0
0	0	0	0	0.00431089268313	0	0.000211837478287	0.0022878447655	0	0.00284921408296	0.000847349913147	7.41431174003e-05	0.0021395585307	0	0	0.000699063678346	0	0	5.29593695717e-05	1.05918739143e-05	0.000233021226115	0	0	0	0.00260560098293	0	4.23674956573e-05	0	0.00863237724018	0	0	0	0	0	0	0.000487226200059	0	0	0	0.0152311146888	0	0.0121806550015	0	0.00343176714824	0.00191712917849	0.0116404694319	0.00172647544804	0.0131762911494	0.00157818921324	0.00506291573105	0.000285980595687	0	0	0.00115451425666	0.000910901156633	0.0291064695166	0	0	0	0.010380036436	0	0.00113333050883	2.11837478287e-05	0.00719188238783	0.00550777443545	0	0	6.3551243486e-05	0	0.00676820743126	7.41431174003e-05	0	0.000233021226115	0	0.000275388721773	0	0	0.000582553065288	0	0.00306105156124	0.000603736813117	0.000370715587002	0.000233021226115	1.05918739143e-05
0	0	9.5326865229e-05	0	0	0	0	0	0	0	0	0	0	0	0	0	0.00562428504851	0	0	0	0	0.00350591026564	0.00119688175232	0.00128161674363	0.000836758039232	0	0	3.1775621743e-05	0.000497818073974	0	0	0	0	0	0	0.000264796847858	0	0.00105918739143	0	0	0	1.05918739143e-05	0.00548659068762	3.1775621743e-05	3.1775621743e-05	0	5.29593695717e-05	0	0	0.000180061856544	0	0.000656696182689	0.000540185569631	4.23674956573e-05	2.11837478287e-05	0	0.0492204380799	0.0033999915265	0.0240435537855	6.3551243486e-05	0	1.05918739143e-05	0.000370715587002	0.0129750455451	0.000910901156633	0.0187688005762	0	0	0.00115451425666	0.0032517052917	2.11837478287e-05	0	0	7.41431174003e-05	0	0	0	0.00329407278736	0.000508409947888	0.00540185569631	0.00235139600898	0.00101681989578	0.000667288056603	0
0	4.23674956573e-05	0.00299750031776	0	0	0	0	0	0	0.00156759733932	0	0	0	0	0	0	0.0279519552599	0	0	0	0	0.00248909036987	0.0153688090497	0.0108248951404	0.00668347243994	0	5.29593695717e-05	0.0204635004025	0.000699063678346	0	0	0	0	0	0	1.05918739143e-05	0.00676820743126	3.1775621743e-05	0	0	0	0	0	2.11837478287e-05	0.0111638351057	0	0	0	4.23674956573e-05	5.29593695717e-05	0	0.0291912045079	1.05918739143e-05	0	0	0	0.0033999915265	0.0689425073084	0.0175295513282	0.0136529254756	0.00133457611321	2.11837478287e-05	0.0199127229589	0.00727661737915	0	0	0	0	0	3.1775621743e-05	0	0	0	9.5326865229e-05	0	0	0	0.000254204973944	0	0.00039189933483	0.000381307460916	0	0	0
0	0	0.00141931110452	0	0	0	0	0	0	0	0	0	0	0	0	0	0.0136529254756	0	0	0	0	0.00296572469601	0.00192772105241	0.00852645850104	0.00024361310003	0	0	0.00716010676609	0.000105918739143	0	0	0	0	0	0	0.000487226200059	3.1775621743e-05	0.0129962292929	0	0	0	0	0.00686353429649	0.000307164343516	4.23674956573e-05	0	0.000105918739143	0	0	0.00128161674363	0	0.0111108757361	0.01087785451	0.000105918739143	7.41431174003e-05	0	0.0240435537855	0.0175295513282	0.0852857687582	0	0	0.000370715587002	0.0106554251578	0.00372833961785	0.00087912553489	0.00924670592721	0	0	0.000752023047918	0.00342117527433	0	0	1.05918739143e-05	0.000296572469601	0	0	0	0.00552895818328	0.000741431174003	0.00352709401347	0.00455450578316	0.00134516798712	0.000646104308774	0
