0.0162107519548	4.05979262579e-06	6.08968893869e-05	0	0.000146152534529	1.62391705032e-05	0.00145340576003	0.00543200253331	0.00481085426156	0.000174571082909	0.000349142165818	2.0298963129e-05	0.000499354492972	4.05979262579e-06	0.00560251382359	9.33752303932e-05	0.000105554608271	2.0298963129e-05	0	8.11958525159e-06	0.000483115322469	0.000702344124262	0.000146152534529	0.000288245276431	0.000637387442249	0	1.21793778774e-05	4.05979262579e-05	0.0013843892854	0.00617494458383	0.00392581946914	0	3.65381336321e-05	0.0018106675111	0.00237497868609	0	0	4.05979262579e-06	0	4.05979262579e-06	0	4.05979262579e-06	8.11958525159e-06	4.05979262579e-06	5.68370967611e-05	4.05979262579e-06	0	8.11958525159e-06	0	0	0	4.05979262579e-06	0	0	0	0	4.05979262579e-06	8.11958525159e-06	0	2.0298963129e-05	0	0	4.05979262579e-06	1.62391705032e-05	0	8.11958525159e-06	0	0	0	4.05979262579e-06	0.000580550345488	5.68370967611e-05	0.000880974999797	0.000267946313302	0.000174571082909	5.68370967611e-05	1.62391705032e-05	0	0	4.05979262579e-06	0	0	0	0
4.05979262579e-06	0.0140347031074	0.00258202811	0	0	0	0	8.11958525159e-06	4.05979262579e-06	2.43587557548e-05	0	0.000146152534529	0	6.90164746385e-05	8.11958525159e-06	0	0.000113674193522	0.000925632718681	6.90164746385e-05	0.000454696774089	0	0.000178630875535	0.00213139112854	0.00101900794907	2.84185483805e-05	0.000880974999797	0.00361321543696	0.00586234055164	4.05979262579e-05	2.43587557548e-05	8.11958525159e-05	8.11958525159e-06	0	8.11958525159e-06	0.000682045161133	4.05979262579e-06	0.00233438075983	0.000324783410063	0	0	0	0	8.11958525159e-06	0	3.65381336321e-05	0	0.000121793778774	4.05979262579e-06	4.46577188837e-05	4.05979262579e-06	0	7.30762672643e-05	0.00028012569118	3.24783410063e-05	0.000276065898554	0	4.05979262579e-05	0.000661746198004	0.000215169009167	2.43587557548e-05	0.000182690668161	0.000345082373192	0.00148994389367	8.11958525159e-06	4.05979262579e-06	2.43587557548e-05	4.05979262579e-06	0	0	0.000263886520677	0.000483115322469	0.000584610138114	0.000515593663476	0.000150212327154	4.05979262579e-06	1.21793778774e-05	0	0.000162391705032	0.000722643087391	0.000272006105928	6.49566820127e-05	8.11958525159e-06	8.11958525159e-06	0
6.08968893869e-05	0.00258202811	0.0389252916961	0	0	4.05979262579e-06	4.05979262579e-05	0.000166451497657	2.43587557548e-05	5.27773041353e-05	8.11958525159e-06	0.00023140817967	1.62391705032e-05	7.30762672643e-05	3.24783410063e-05	8.11958525159e-06	0.000629267856998	0.0104823845598	3.24783410063e-05	0.00105960587533	1.21793778774e-05	0.00374718859361	0.00216386946955	0.0182406482677	0.000109614400896	5.27773041353e-05	0.00873667373071	0.0106244773017	0.000673925575882	0.000215169009167	0.0015427211978	0	4.05979262579e-06	0.000138032949277	0.00502196347811	8.11958525159e-06	0.000572430760237	8.52556451416e-05	0	4.05979262579e-06	0	4.05979262579e-06	1.62391705032e-05	0	5.27773041353e-05	0	8.11958525159e-06	4.05979262579e-06	4.05979262579e-06	4.05979262579e-06	4.05979262579e-06	0.000117733986148	8.93154377674e-05	0	5.68370967611e-05	4.05979262579e-06	2.43587557548e-05	0.000625208064372	0.0001258535714	4.46577188837e-05	2.43587557548e-05	7.71360598901e-05	0.000446577188837	1.62391705032e-05	4.05979262579e-06	2.43587557548e-05	0	0	0	0.000117733986148	0.00409633075942	0.00362539481483	0.0038568029945	0.0013843892854	0.000101494815645	7.71360598901e-05	6.08968893869e-05	0.000150212327154	0.000263886520677	0.000117733986148	7.30762672643e-05	1.62391705032e-05	8.11958525159e-06	0
0	0	0	0	0	0	0	0	0	0	0	0	0	0	0	0	0	0	0	0	0	0	0	0	0	0	0	0	0	0	0	0	0	0	0	0	0	0	0	0	0	0	0	0	0	0	0	0	0	0	0	0	0	0	0	0	0	0	0	0	0	0	0	0	0	0	0	0	0	0	0	0	0	0	0	0	0	0	0	0	0	0	0	0
0.000146152534529	0	0	0	0.0134176146282	0	0.000795719354655	0.00172947165859	0.000284185483805	0.000223288594419	0.00164827580607	0	0.00354825875494	0	4.87175115095e-05	4.46577188837e-05	4.05979262579e-06	0	0	0	0.0062967383626	1.21793778774e-05	4.05979262579e-06	8.11958525159e-06	0.00618712396171	0	0	0	0.00253331059849	0.000162391705032	0.000105554608271	0	0	3.65381336321e-05	9.7435023019e-05	4.05979262579e-06	0	0	0	0.00107990483846	0	1.62391705032e-05	1.62391705032e-05	4.05979262579e-06	8.11958525159e-06	0.000247647350173	0	0.000117733986148	0	4.05979262579e-06	0	0	0	0	0	0.000921572926055	4.05979262579e-06	0	0	4.05979262579e-05	0	0	0	0.000170511290283	4.05979262579e-06	4.05979262579e-06	0	0	4.05979262579e-06	0	4.05979262579e-05	4.05979262579e-06	4.87175115095e-05	4.05979262579e-06	2.84185483805e-05	4.05979262579e-06	0	0	0	0	0	0	0	0
1.62391705032e-05	0	4.05979262579e-06	0	0	0.00470529965329	0.00198929838664	4.05979262579e-06	0.000613028686495	0	4.05979262579e-06	1.62391705032e-05	8.11958525159e-06	8.11958525159e-06	0.000373500921573	0.000844436866165	0	4.05979262579e-06	0	0	0	4.05979262579e-06	0	4.05979262579e-06	0	4.05979262579e-06	0	0	0	0.000584610138114	4.05979262579e-06	0	0.00195276025301	1.62391705032e-05	0.000795719354655	0	0	0	0	0	0	0	0	0	0	0	0	0	0	0	0	0	0	0	0	0	0	0	0	0	0	0	0	0	0	0	0	0	0	0	1.62391705032e-05	4.05979262579e-06	0.000113674193522	2.84185483805e-05	0.00097435023019	0.000811958525159	0	0	0	0	0	0	0	0
0.00145340576003	0	4.05979262579e-05	0	0.000795719354655	0.00198929838664	0.0397128914655	0.00298394757996	0.0150415316786	0.000207049423915	0.00739288237157	3.65381336321e-05	0.0114607945826	8.11958525159e-06	0.00460380483765	0.00252519101324	2.43587557548e-05	1.21793778774e-05	0	8.11958525159e-06	0.0043439781096	0.0001258535714	4.87175115095e-05	0.000105554608271	0.00101900794907	4.05979262579e-06	1.21793778774e-05	4.05979262579e-06	0.000690164746385	0.0042181245382	0.000600849308617	0	0.00241963640497	0.000507474078224	0.00302048571359	0	0	0	0	0	0	0	0	0	1.62391705032e-05	0	0	0	0	0	0	4.05979262579e-06	0	0	0	0	0	0	4.05979262579e-06	1.21793778774e-05	4.05979262579e-06	0	0	4.05979262579e-06	0	0	0	0	0	0	0.000361321543696	8.52556451416e-05	0.00136815011489	0.000393799884702	0.00094593168181	0.000836317280913	1.21793778774e-05	4.05979262579e-06	0	4.05979262579e-06	0	0	0	0
0.00543200253331	8.11958525159e-06	0.000166451497657	0	0.00172947165859	4.05979262579e-06	0.00298394757996	0.0359657028719	0.00432367914647	0.000925632718681	0.00453478836301	1.21793778774e-05	0.00209485299491	4.05979262579e-06	0.00186750460786	0.000121793778774	0.000336962787941	0.000109614400896	0	8.11958525159e-06	0.00320317638175	0.00159143870931	0.000580550345488	0.000734822465268	0.00372688963048	0	3.24783410063e-05	5.27773041353e-05	0.0135515877849	0.00367005253372	0.00816018317784	0	1.62391705032e-05	0.0014006284559	0.00235873951559	0	0	4.05979262579e-06	0	1.21793778774e-05	0	4.05979262579e-06	3.24783410063e-05	8.11958525159e-06	0.00035726175107	8.11958525159e-06	0	2.0298963129e-05	0	4.05979262579e-06	4.05979262579e-06	2.84185483805e-05	0	0	0	0	8.11958525159e-06	5.68370967611e-05	4.05979262579e-06	0.000190810253412	0	0	4.05979262579e-06	7.71360598901e-05	0	2.0298963129e-05	0	0	0	4.05979262579e-06	0.000730762672643	0.000113674193522	0.000828197695662	0.000211109216541	0.000194870046038	2.0298963129e-05	8.11958525159e-06	8.11958525159e-06	0	4.05979262579e-06	4.05979262579e-06	1.21793778774e-05	0	0
0.00481085426156	4.05979262579e-06	2.43587557548e-05	0	0.000284185483805	0.000613028686495	0.0150415316786	0.00432367914647	0.0360063007982	0.000162391705032	0.00226130449257	4.46577188837e-05	0.00238715806397	1.21793778774e-05	0.0136774413563	0.000507474078224	5.68370967611e-05	2.43587557548e-05	0	1.62391705032e-05	0.00106772546058	0.000272006105928	6.90164746385e-05	0.000129913364025	0.000621148271746	8.11958525159e-06	2.0298963129e-05	2.0298963129e-05	0.000771360598901	0.00637387442249	0.00117328006885	0	0.00151430264942	0.000852556451416	0.00344270414667	0	0	0	0	4.05979262579e-06	0	0	0	0	4.46577188837e-05	0	0	4.05979262579e-06	0	0	0	4.05979262579e-06	0	0	0	0	0	4.05979262579e-06	4.05979262579e-06	2.43587557548e-05	0	0	0	8.11958525159e-06	0	0	0	0	0	0	0.000491234907721	7.30762672643e-05	0.00145746555266	0.000454696774089	0.00038568029945	0.000633327649624	1.21793778774e-05	4.05979262579e-06	0	0	0	0	0	0
0.000174571082909	2.43587557548e-05	5.27773041353e-05	0	0.000223288594419	0	0.000207049423915	0.000925632718681	0.000162391705032	0.0141199587525	7.71360598901e-05	0	0.00236279930821	0	6.90164746385e-05	0.000292305069057	0.00035726175107	2.43587557548e-05	0	0	0.000328843202689	0.000442517396211	0.00223694573681	0.000373500921573	0.00453072857038	0	4.05979262579e-06	6.90164746385e-05	0.0021557498843	0.000548072004482	0.0011489213131	0	0	0.000296364861683	0.000608968893869	1.62391705032e-05	8.11958525159e-06	4.05979262579e-06	0	0.000109614400896	0	1.21793778774e-05	0.000158331912406	3.65381336321e-05	0.00145340576003	1.21793778774e-05	0	7.71360598901e-05	0	2.43587557548e-05	8.11958525159e-06	5.27773041353e-05	0	0	0	4.05979262579e-06	8.11958525159e-06	0.000186750460786	2.84185483805e-05	0.000816018317784	0	0	8.11958525159e-06	0.000170511290283	8.11958525159e-06	6.49566820127e-05	0	0	4.05979262579e-06	1.62391705032e-05	0.000442517396211	5.68370967611e-05	0.000182690668161	6.08968893869e-05	0.00053995241923	8.11958525159e-06	0	6.49566820127e-05	4.05979262579e-06	1.62391705032e-05	4.05979262579e-06	6.49566820127e-05	0	0
0.000349142165818	0	8.11958525159e-06	0	0.00164827580607	4.05979262579e-06	0.00739288237157	0.00453478836301	0.00226130449257	7.71360598901e-05	0.0210297258016	4.05979262579e-06	0.0062642600216	0	0.000316663824812	0.000113674193522	0	0	0	0	0.00656468467591	4.05979262579e-05	1.21793778774e-05	2.0298963129e-05	0.0011651604836	0	0	0	0.00203801589815	0.000410039055205	0.00028012569118	0	4.05979262579e-06	0.000146152534529	0.00023140817967	0	0	0	0	0	0	0	4.05979262579e-06	0	8.11958525159e-06	0	0	0	0	0	0	0	0	0	0	0	0	0	0	8.11958525159e-06	0	0	0	4.05979262579e-06	0	0	0	0	0	0	4.87175115095e-05	1.62391705032e-05	8.11958525159e-05	2.0298963129e-05	6.49566820127e-05	8.11958525159e-06	0	0	0	0	0	0	0	0
2.0298963129e-05	0.000146152534529	0.00023140817967	0	0	1.62391705032e-05	3.65381336321e-05	1.21793778774e-05	4.46577188837e-05	0	4.05979262579e-06	0.0215737380135	4.05979262579e-06	0.00488799032145	5.27773041353e-05	0	8.11958525159e-06	0.000442517396211	0.00129913364025	0.00515593663476	4.05979262579e-06	5.68370967611e-05	2.0298963129e-05	0.000146152534529	0	0.00214357050642	0.00667835886943	0.00126259550662	1.62391705032e-05	0.000182690668161	3.65381336321e-05	0.000430338018334	2.0298963129e-05	3.24783410063e-05	0.00479867488369	0	0.000101494815645	1.21793778774e-05	0	0	0	0	0	0	0	0	0.000223288594419	0	0.000162391705032	0	0	0	4.05979262579e-06	2.0298963129e-05	5.68370967611e-05	0	0	8.11958525159e-06	0	0	0.000336962787941	0.000109614400896	0.000174571082909	0	0	0	1.62391705032e-05	0	0	3.24783410063e-05	0.000507474078224	0.00200553755714	0.0036050958517	0.000491234907721	1.21793778774e-05	6.49566820127e-05	0.000645507027501	1.21793778774e-05	0.000320723617438	6.08968893869e-05	1.21793778774e-05	0	0	1.21793778774e-05
0.000499354492972	0	1.62391705032e-05	0	0.00354825875494	8.11958525159e-06	0.0114607945826	0.00209485299491	0.00238715806397	0.00236279930821	0.0062642600216	4.05979262579e-06	0.0326163739556	0	0.000560251382359	0.00183502626686	4.05979262579e-06	0	0	4.05979262579e-06	0.0125285200432	2.84185483805e-05	2.84185483805e-05	2.43587557548e-05	0.00310574135873	0	4.05979262579e-06	4.05979262579e-06	0.000698284331636	0.000633327649624	0.000207049423915	0	8.11958525159e-06	0.000190810253412	0.000454696774089	0	0	0	0	4.05979262579e-06	0	0	0	0	2.43587557548e-05	0.000146152534529	0	0.000235467972296	0	0	0	0	0	0	0	4.05979262579e-05	0	4.05979262579e-06	0	8.11958525159e-06	0	0	0	4.05979262579e-06	0	4.05979262579e-06	0	0	0	0	0.000133973156651	4.05979262579e-06	0.000182690668161	5.68370967611e-05	0.00051153387085	1.62391705032e-05	0	0	0	0	0	0	0	0
4.05979262579e-06	6.90164746385e-05	7.30762672643e-05	0	0	8.11958525159e-06	8.11958525159e-06	4.05979262579e-06	1.21793778774e-05	0	0	0.00488799032145	0	0.0151633254573	1.62391705032e-05	0	4.05979262579e-06	4.87175115095e-05	0.000487175115095	0.000418158640457	0	1.21793778774e-05	0	3.65381336321e-05	0	0.00289057234956	0.00479055529844	0.00177006958485	4.05979262579e-06	3.24783410063e-05	4.05979262579e-06	0.00195682004563	8.11958525159e-06	1.21793778774e-05	0.000430338018334	0	3.24783410063e-05	0	0	4.05979262579e-06	0	1.21793778774e-05	4.05979262579e-06	8.11958525159e-06	8.11958525159e-06	4.05979262579e-06	0.000194870046038	4.05979262579e-06	0.0001258535714	0	0	0	4.05979262579e-06	1.62391705032e-05	2.43587557548e-05	0	4.05979262579e-06	4.05979262579e-06	4.05979262579e-06	8.11958525159e-06	0.00020298963129	8.93154377674e-05	0.000109614400896	0	4.05979262579e-06	0	1.62391705032e-05	0	0	2.84185483805e-05	0.000284185483805	0.000848496658791	0.00074294205052	0.000365381336321	4.05979262579e-06	2.43587557548e-05	0.000722643087391	5.27773041353e-05	0.00028012569118	9.33752303932e-05	6.49566820127e-05	1.21793778774e-05	4.05979262579e-06	3.24783410063e-05
0.00560251382359	8.11958525159e-06	3.24783410063e-05	0	4.87175115095e-05	0.000373500921573	0.00460380483765	0.00186750460786	0.0136774413563	6.90164746385e-05	0.000316663824812	5.27773041353e-05	0.000560251382359	1.62391705032e-05	0.027143773496	0.000150212327154	4.05979262579e-05	8.11958525159e-06	0	1.62391705032e-05	0.000304484446934	0.00015427211978	6.49566820127e-05	7.30762672643e-05	0.000186750460786	4.05979262579e-06	1.21793778774e-05	2.0298963129e-05	0.000389740092076	0.00950397453698	0.000848496658791	0	0.001258535714	0.0008972141703	0.00375124838623	0	0	0	0	4.05979262579e-06	0	4.05979262579e-06	4.05979262579e-06	4.05979262579e-06	3.24783410063e-05	0	0	8.11958525159e-06	0	0	0	4.05979262579e-06	0	0	0	0	4.05979262579e-06	8.11958525159e-06	4.05979262579e-06	2.0298963129e-05	4.05979262579e-06	0	0	1.21793778774e-05	0	8.11958525159e-06	0	0	0	0	0.000438457603586	6.90164746385e-05	0.00159549850194	0.000474995737218	0.000349142165818	0.000523713248727	1.21793778774e-05	8.11958525159e-06	0	0	0	0	0	0
9.33752303932e-05	0	8.11958525159e-06	0	4.46577188837e-05	0.000844436866165	0.00252519101324	0.000121793778774	0.000507474078224	0.000292305069057	0.000113674193522	0	0.00183502626686	0	0.000150212327154	0.00695036497536	0	0	0	0	0.000146152534529	1.21793778774e-05	0	2.0298963129e-05	4.46577188837e-05	0	0	0	2.0298963129e-05	0.000198929838664	3.65381336321e-05	0	1.21793778774e-05	3.65381336321e-05	0.000150212327154	0	0	0	0	0	0	0	4.05979262579e-06	0	8.11958525159e-06	0	0	0	0	0	0	0	0	0	0	0	0	0	0	8.11958525159e-06	0	0	0	8.11958525159e-06	0	0	0	0	0	0	0.000414098847831	1.62391705032e-05	6.90164746385e-05	1.21793778774e-05	0.00311386094398	4.05979262579e-06	0	0	0	0	0	0	0	0
0.000105554608271	0.000113674193522	0.000629267856998	0	4.05979262579e-06	0	2.43587557548e-05	0.000336962787941	5.68370967611e-05	0.00035726175107	0	8.11958525159e-06	4.05979262579e-06	4.05979262579e-06	4.05979262579e-05	0	0.0149522162408	0.000158331912406	0	2.0298963129e-05	1.21793778774e-05	0.00308138260298	0.00416534723406	0.00720613191078	0.00209891278753	0	4.87175115095e-05	0.00161985725769	0.00306514343247	0.00035726175107	0.00146558513791	0	0	0.000227348387044	0.00113674193522	0	1.62391705032e-05	0	0	8.11958525159e-06	0	0	1.62391705032e-05	0	0.000190810253412	0	0	0	0	0	0	0.000267946313302	4.05979262579e-06	0	0	0	0.000142092741903	0.000336962787941	0.000227348387044	0.000121793778774	0	0	2.0298963129e-05	6.49566820127e-05	0	1.62391705032e-05	0	0	0	4.05979262579e-05	0.000767300806275	0.000296364861683	0.000527773041353	0.000243587557548	2.84185483805e-05	2.84185483805e-05	4.05979262579e-06	6.08968893869e-05	4.05979262579e-06	4.05979262579e-06	4.05979262579e-06	4.05979262579e-06	0	0
2.0298963129e-05	0.000925632718681	0.0104823845598	0	0	4.05979262579e-06	1.21793778774e-05	0.000109614400896	2.43587557548e-05	2.43587557548e-05	0	0.000442517396211	0	4.87175115095e-05	8.11958525159e-06	0	0.000158331912406	0.0237985043724	7.30762672643e-05	0.00291493110532	4.05979262579e-06	0.00223694573681	0.00046281635934	0.00861893974456	3.65381336321e-05	6.90164746385e-05	0.00777856267102	0.0030529640546	0.000320723617438	0.000109614400896	0.000803838939907	4.05979262579e-06	4.05979262579e-06	6.08968893869e-05	0.00619524354696	0	0.000235467972296	3.24783410063e-05	0	0	0	0	0	0	2.0298963129e-05	0	2.0298963129e-05	4.05979262579e-06	8.11958525159e-06	0	0	2.0298963129e-05	2.43587557548e-05	0	2.43587557548e-05	0	4.05979262579e-06	0.000178630875535	2.43587557548e-05	1.21793778774e-05	4.46577188837e-05	2.84185483805e-05	0.00015427211978	0	0	4.05979262579e-06	0	0	0	3.24783410063e-05	0.00232626117458	0.00224100552944	0.00310168156611	0.00097435023019	2.43587557548e-05	4.87175115095e-05	3.24783410063e-05	6.90164746385e-05	0.000121793778774	4.05979262579e-05	2.0298963129e-05	4.05979262579e-06	4.05979262579e-06	0
0	6.90164746385e-05	3.24783410063e-05	0	0	0	0	0	0	0	0	0.00129913364025	0	0.000487175115095	0	0	0	7.30762672643e-05	0.00574866635812	0.00228972304095	0	0	0	8.11958525159e-06	0	0.000349142165818	0.00429120080546	0.000479055529844	0	4.05979262579e-06	0	6.90164746385e-05	0	0	0.000190810253412	0	3.65381336321e-05	0	0	0	0	0	0	0	0	0	2.84185483805e-05	0	1.62391705032e-05	0	0	0	4.05979262579e-06	0	1.21793778774e-05	0	0	0	0	0	6.08968893869e-05	1.21793778774e-05	4.05979262579e-05	0	0	0	0	0	0	8.11958525159e-06	8.11958525159e-06	0.000150212327154	0.000121793778774	1.62391705032e-05	0	0	8.11958525159e-06	0	5.27773041353e-05	1.21793778774e-05	0	0	0	0
8.11958525159e-06	0.000454696774089	0.00105960587533	0	0	0	8.11958525159e-06	8.11958525159e-06	1.62391705032e-05	0	0	0.00515593663476	4.05979262579e-06	0.000418158640457	1.62391705032e-05	0	2.0298963129e-05	0.00291493110532	0.00228972304095	0.0201284518387	0	7.30762672643e-05	4.46577188837e-05	0.000263886520677	0	0.00051153387085	0.0131577879002	0.00197711900876	1.21793778774e-05	4.46577188837e-05	4.05979262579e-05	8.52556451416e-05	0	2.0298963129e-05	0.00380402569037	0	0.000207049423915	1.62391705032e-05	0	0	0	0	4.05979262579e-06	0	0	0	8.52556451416e-05	0	4.46577188837e-05	0	0	4.05979262579e-06	2.0298963129e-05	2.43587557548e-05	5.27773041353e-05	0	0	4.05979262579e-06	8.11958525159e-06	0	0.000150212327154	0.000109614400896	0.000207049423915	4.05979262579e-06	0	0	4.05979262579e-06	0	0	1.62391705032e-05	0.000564311174985	0.0013843892854	0.00174165103647	0.000474995737218	8.11958525159e-06	2.43587557548e-05	3.65381336321e-05	4.05979262579e-06	8.11958525159e-05	2.84185483805e-05	8.11958525159e-06	0	0	4.05979262579e-06
0.000483115322469	0	1.21793778774e-05	0	0.0062967383626	0	0.0043439781096	0.00320317638175	0.00106772546058	0.000328843202689	0.00656468467591	4.05979262579e-06	0.0125285200432	0	0.000304484446934	0.000146152534529	1.21793778774e-05	4.05979262579e-06	0	0	0.0222882615156	5.68370967611e-05	2.0298963129e-05	2.43587557548e-05	0.00369441128947	0	4.05979262579e-06	4.05979262579e-06	0.00194058087513	0.00053995241923	0.000341022580567	0	0	0.000198929838664	0.000316663824812	0	0	0	0	0	0	0	0	0	1.62391705032e-05	0	0	1.62391705032e-05	0	0	0	0	0	0	0	0	0	0	0	8.11958525159e-06	0	0	0	8.11958525159e-06	0	0	0	0	0	0	6.08968893869e-05	4.05979262579e-06	0.000133973156651	2.0298963129e-05	6.08968893869e-05	8.11958525159e-06	0	0	0	0	0	0	0	0
0.000702344124262	0.000178630875535	0.00374718859361	0	1.21793778774e-05	4.05979262579e-06	0.0001258535714	0.00159143870931	0.000272006105928	0.000442517396211	4.05979262579e-05	5.68370967611e-05	2.84185483805e-05	1.21793778774e-05	0.00015427211978	1.21793778774e-05	0.00308138260298	0.00223694573681	0	7.30762672643e-05	5.68370967611e-05	0.0461760813258	0.00211515195804	0.0227876160086	0.00140874804115	0	0.000365381336321	0.00116110069098	0.00799373168019	0.00400701532166	0.0170673681988	0	4.05979262579e-06	0.0020623746539	0.00603691163455	0	2.84185483805e-05	1.62391705032e-05	0	2.0298963129e-05	0	0	4.87175115095e-05	4.05979262579e-06	0.000267946313302	4.05979262579e-06	0	8.11958525159e-06	4.05979262579e-06	4.05979262579e-06	0	6.49566820127e-05	4.05979262579e-06	0	4.05979262579e-06	4.05979262579e-06	3.65381336321e-05	0.000369441128947	4.46577188837e-05	0.000158331912406	8.11958525159e-06	0	4.05979262579e-05	7.30762672643e-05	0	3.65381336321e-05	0	0	0	1.62391705032e-05	0.00324783410063	0.00124635633612	0.00248053329436	0.000941871889184	0.000142092741903	6.90164746385e-05	8.11958525159e-06	8.52556451416e-05	1.62391705032e-05	2.84185483805e-05	2.0298963129e-05	8.11958525159e-06	8.11958525159e-06	4.05979262579e-06
0.000146152534529	0.00213139112854	0.00216386946955	0	4.05979262579e-06	0	4.87175115095e-05	0.000580550345488	6.90164746385e-05	0.00223694573681	1.21793778774e-05	2.0298963129e-05	2.84185483805e-05	0	6.49566820127e-05	0	0.00416534723406	0.00046281635934	0	4.46577188837e-05	2.0298963129e-05	0.00211515195804	0.0229540675062	0.00479461509106	0.00349142165818	0	0.000263886520677	0.00423842350133	0.00289057234956	0.000653626612753	0.00220446739581	0	0	0.000426278225708	0.00179848813323	3.65381336321e-05	0.000178630875535	0.000162391705032	0	5.27773041353e-05	0	1.62391705032e-05	0.000174571082909	2.84185483805e-05	0.00112050276472	2.0298963129e-05	0	1.21793778774e-05	0	2.84185483805e-05	0	0.000738882257894	3.24783410063e-05	0	1.21793778774e-05	4.05979262579e-06	0.00015427211978	0.00321941555225	0.000527773041353	0.000584610138114	0	1.21793778774e-05	0.00038568029945	0.000272006105928	2.0298963129e-05	0.000190810253412	0	0	0	0.000158331912406	0.00140874804115	0.000649566820127	0.000872855414545	0.000312604032186	6.49566820127e-05	2.43587557548e-05	0	0.000276065898554	0.000129913364025	0.000113674193522	6.90164746385e-05	5.68370967611e-05	1.21793778774e-05	0
0.000288245276431	0.00101900794907	0.0182406482677	0	8.11958525159e-06	4.05979262579e-06	0.000105554608271	0.000734822465268	0.000129913364025	0.000373500921573	2.0298963129e-05	0.000146152534529	2.43587557548e-05	3.65381336321e-05	7.30762672643e-05	2.0298963129e-05	0.00720613191078	0.00861893974456	8.11958525159e-06	0.000263886520677	2.43587557548e-05	0.0227876160086	0.00479461509106	0.0622488003313	0.000990589400693	1.62391705032e-05	0.00144934596741	0.00971508375352	0.00499760472235	0.000986529608068	0.00730762672643	0	8.11958525159e-06	0.00051153387085	0.00820890068935	8.11958525159e-06	0.000170511290283	5.68370967611e-05	0	1.21793778774e-05	0	0	4.87175115095e-05	0	0.000239527764922	4.05979262579e-06	4.05979262579e-06	8.11958525159e-06	4.05979262579e-06	0	4.05979262579e-06	0.000239527764922	4.05979262579e-06	0	4.05979262579e-06	0	4.87175115095e-05	0.00097435023019	0.000146152534529	0.000129913364025	1.21793778774e-05	1.21793778774e-05	0.000166451497657	8.52556451416e-05	0	4.87175115095e-05	0	0	0	8.11958525159e-05	0.00681233202608	0.00348736186556	0.0052574314504	0.001920281912	0.000198929838664	0.000182690668161	6.49566820127e-05	0.000178630875535	8.52556451416e-05	9.33752303932e-05	6.08968893869e-05	3.65381336321e-05	1.21793778774e-05	0
0.000637387442249	2.84185483805e-05	0.000109614400896	0	0.00618712396171	0	0.00101900794907	0.00372688963048	0.000621148271746	0.00453072857038	0.0011651604836	0	0.00310574135873	0	0.000186750460786	4.46577188837e-05	0.00209891278753	3.65381336321e-05	0	0	0.00369441128947	0.00140874804115	0.00349142165818	0.000990589400693	0.0309559187717	0	8.11958525159e-06	0.000113674193522	0.0112334461956	0.00116110069098	0.00262262603626	0	8.11958525159e-06	0.00061708847912	0.00130725322551	2.84185483805e-05	4.05979262579e-06	0	0	0.000105554608271	0	8.11958525159e-06	0.000121793778774	8.11958525159e-06	0.000458756566715	3.65381336321e-05	0	4.46577188837e-05	0	2.0298963129e-05	4.05979262579e-06	5.27773041353e-05	0	0	0	8.11958525159e-06	1.62391705032e-05	0.000101494815645	2.43587557548e-05	0.000771360598901	0	0	0	0.000345082373192	4.05979262579e-06	2.84185483805e-05	0	0	0	2.84185483805e-05	0.000535892626605	0.000113674193522	0.000426278225708	0.0001258535714	0.000121793778774	8.11958525159e-06	0	1.21793778774e-05	4.05979262579e-06	2.0298963129e-05	4.05979262579e-06	1.62391705032e-05	0	0
0	0.000880974999797	5.27773041353e-05	0	0	4.05979262579e-06	4.05979262579e-06	0	8.11958525159e-06	0	0	0.00214357050642	0	0.00289057234956	4.05979262579e-06	0	0	6.90164746385e-05	0.000349142165818	0.00051153387085	0	0	0	1.62391705032e-05	0	0.0101291826014	0.00295146923895	0.00133567177389	0	1.62391705032e-05	0	0.000198929838664	4.05979262579e-06	0	0.00030854423956	0	0.000190810253412	0	0	0	0	0	0	0	0	0	0.000507474078224	0	0.000479055529844	0	0	0	4.05979262579e-06	6.90164746385e-05	8.93154377674e-05	0	0	0	0	0	0.000925632718681	0.000259826728051	0.000393799884702	0	0	0	2.84185483805e-05	0	0	1.62391705032e-05	7.71360598901e-05	0.000767300806275	0.000405979262579	7.30762672643e-05	8.11958525159e-06	4.05979262579e-06	0.00046281635934	1.21793778774e-05	0.000682045161133	8.52556451416e-05	8.11958525159e-06	0	0	4.05979262579e-05
1.21793778774e-05	0.00361321543696	0.00873667373071	0	0	0	1.21793778774e-05	3.24783410063e-05	2.0298963129e-05	4.05979262579e-06	0	0.00667835886943	4.05979262579e-06	0.00479055529844	1.21793778774e-05	0	4.87175115095e-05	0.00777856267102	0.00429120080546	0.0131577879002	4.05979262579e-06	0.000365381336321	0.000263886520677	0.00144934596741	8.11958525159e-06	0.00295146923895	0.0662801744087	0.0230677416998	6.90164746385e-05	7.30762672643e-05	0.000170511290283	0.00164827580607	0	3.24783410063e-05	0.00541576336281	4.05979262579e-06	0.00145340576003	9.33752303932e-05	0	0	0	0	4.05979262579e-06	0	8.11958525159e-06	0	0.000446577188837	4.05979262579e-06	0.00030854423956	4.05979262579e-06	0	1.62391705032e-05	0.000150212327154	6.08968893869e-05	0.000292305069057	0	2.0298963129e-05	0.000117733986148	5.27773041353e-05	4.05979262579e-06	0.000852556451416	0.000710463709514	0.00126259550662	4.05979262579e-06	0	8.11958525159e-06	5.27773041353e-05	0	0	0.000150212327154	0.00164421601345	0.00351578041394	0.00342240518354	0.000921572926055	8.11958525159e-06	5.68370967611e-05	9.7435023019e-05	6.08968893869e-05	0.000759181221023	0.000186750460786	2.84185483805e-05	4.05979262579e-06	4.05979262579e-06	1.21793778774e-05
4.05979262579e-05	0.00586234055164	0.0106244773017	0	0	0	4.05979262579e-06	5.27773041353e-05	2.0298963129e-05	6.90164746385e-05	0	0.00126259550662	4.05979262579e-06	0.00177006958485	2.0298963129e-05	0	0.00161985725769	0.0030529640546	0.000479055529844	0.00197711900876	4.05979262579e-06	0.00116110069098	0.00423842350133	0.00971508375352	0.000113674193522	0.00133567177389	0.0230677416998	0.0606817203777	0.000361321543696	0.000109614400896	0.000479055529844	0.000430338018334	0	3.24783410063e-05	0.00293117027582	0	0.00142092741903	0.000198929838664	0	0	0	4.05979262579e-06	1.21793778774e-05	4.05979262579e-06	4.87175115095e-05	0	0.000150212327154	8.11958525159e-06	0.000117733986148	0	4.05979262579e-06	0.000158331912406	0.000186750460786	3.24783410063e-05	0.000215169009167	0	4.87175115095e-05	0.000824137903036	0.000263886520677	3.65381336321e-05	0.000328843202689	0.000361321543696	0.00117328006885	2.0298963129e-05	4.05979262579e-06	4.05979262579e-05	1.62391705032e-05	0	0	0.000150212327154	0.00204207569077	0.00225318490731	0.00224506532206	0.000803838939907	3.65381336321e-05	5.27773041353e-05	4.05979262579e-05	0.0001258535714	0.000673925575882	0.000166451497657	6.08968893869e-05	4.05979262579e-06	4.05979262579e-06	0
0.0013843892854	4.05979262579e-05	0.000673925575882	0	0.00253331059849	0	0.000690164746385	0.0135515877849	0.000771360598901	0.0021557498843	0.00203801589815	1.62391705032e-05	0.000698284331636	4.05979262579e-06	0.000389740092076	2.0298963129e-05	0.00306514343247	0.000320723617438	0	1.21793778774e-05	0.00194058087513	0.00799373168019	0.00289057234956	0.00499760472235	0.0112334461956	0	6.90164746385e-05	0.000361321543696	0.0441786633539	0.00247241370911	0.0113024626702	0	4.05979262579e-06	0.00138844907802	0.00333308974578	2.0298963129e-05	0	4.05979262579e-06	0	0.000519653456101	0	1.21793778774e-05	9.33752303932e-05	1.21793778774e-05	0.000629267856998	0.000117733986148	0	5.27773041353e-05	0	1.21793778774e-05	4.05979262579e-06	5.27773041353e-05	4.05979262579e-06	0	0	0.000162391705032	3.24783410063e-05	0.000259826728051	2.84185483805e-05	0.000389740092076	0	0	0	0.000474995737218	4.05979262579e-06	3.24783410063e-05	0	0	0	1.21793778774e-05	0.00161173767244	0.000418158640457	0.00116922027623	0.000389740092076	0.000158331912406	4.05979262579e-05	2.0298963129e-05	5.68370967611e-05	8.11958525159e-06	1.62391705032e-05	8.11958525159e-06	2.84185483805e-05	0	0
0.00617494458383	2.43587557548e-05	0.000215169009167	0	0.000162391705032	0.000584610138114	0.0042181245382	0.00367005253372	0.00637387442249	0.000548072004482	0.000410039055205	0.000182690668161	0.000633327649624	3.24783410063e-05	0.00950397453698	0.000198929838664	0.00035726175107	0.000109614400896	4.05979262579e-06	4.46577188837e-05	0.00053995241923	0.00400701532166	0.000653626612753	0.000986529608068	0.00116110069098	1.62391705032e-05	7.30762672643e-05	0.000109614400896	0.00247241370911	0.040423355175	0.0106691350206	4.05979262579e-06	0.00173759124384	0.0101170032235	0.0137708165867	0	0	0	0	1.21793778774e-05	0	8.11958525159e-06	1.62391705032e-05	8.11958525159e-06	0.000207049423915	1.62391705032e-05	0	1.62391705032e-05	0	0	4.05979262579e-06	3.24783410063e-05	0	0	0	0	4.05979262579e-06	4.87175115095e-05	4.05979262579e-06	0.000109614400896	4.05979262579e-06	0	0	4.46577188837e-05	0	0	0	0	0	0	0.00281343628967	0.000389740092076	0.00534674688817	0.00167669435445	0.000669865783256	0.00110426359422	4.05979262579e-05	2.84185483805e-05	4.05979262579e-06	8.11958525159e-06	8.11958525159e-06	1.62391705032e-05	0	0
0.00392581946914	8.11958525159e-05	0.0015427211978	0	0.000105554608271	4.05979262579e-06	0.000600849308617	0.00816018317784	0.00117328006885	0.0011489213131	0.00028012569118	3.65381336321e-05	0.000207049423915	4.05979262579e-06	0.000848496658791	3.65381336321e-05	0.00146558513791	0.000803838939907	0	4.05979262579e-05	0.000341022580567	0.0170673681988	0.00220446739581	0.00730762672643	0.00262262603626	0	0.000170511290283	0.000479055529844	0.0113024626702	0.0106691350206	0.0428470513726	0	1.62391705032e-05	0.00584610138114	0.00875291290121	0	4.05979262579e-06	8.11958525159e-06	0	3.65381336321e-05	0	0	8.11958525159e-05	8.11958525159e-06	0.000519653456101	1.21793778774e-05	0	3.24783410063e-05	4.05979262579e-06	4.05979262579e-06	4.05979262579e-06	8.11958525159e-05	0	0	0	8.11958525159e-06	2.43587557548e-05	0.000304484446934	2.0298963129e-05	0.000296364861683	4.05979262579e-06	0	1.21793778774e-05	7.71360598901e-05	0	2.43587557548e-05	0	0	0	2.43587557548e-05	0.0033046711974	0.000807898732533	0.00268758271827	0.000893154377674	0.000235467972296	0.000105554608271	1.21793778774e-05	4.05979262579e-05	8.11958525159e-06	2.43587557548e-05	1.62391705032e-05	2.43587557548e-05	8.11958525159e-06	4.05979262579e-06
0	8.11958525159e-06	0	0	0	0	0	0	0	0	0	0.000430338018334	0	0.00195682004563	0	0	0	4.05979262579e-06	6.90164746385e-05	8.52556451416e-05	0	0	0	0	0	0.000198929838664	0.00164827580607	0.000430338018334	0	4.05979262579e-06	0	0.00244399516073	0	4.05979262579e-06	4.46577188837e-05	0	4.05979262579e-06	0	0	0	0	0	0	0	0	0	1.21793778774e-05	0	1.62391705032e-05	0	0	0	0	0	0	0	0	0	0	0	2.84185483805e-05	1.62391705032e-05	8.11958525159e-06	0	0	0	0	0	0	0	8.11958525159e-06	4.46577188837e-05	3.65381336321e-05	8.11958525159e-06	0	0	1.21793778774e-05	0	2.0298963129e-05	0	0	0	0	0
3.65381336321e-05	0	4.05979262579e-06	0	0	0.00195276025301	0.00241963640497	1.62391705032e-05	0.00151430264942	0	4.05979262579e-06	2.0298963129e-05	8.11958525159e-06	8.11958525159e-06	0.001258535714	1.21793778774e-05	0	4.05979262579e-06	0	0	0	4.05979262579e-06	0	8.11958525159e-06	8.11958525159e-06	4.05979262579e-06	0	0	4.05979262579e-06	0.00173759124384	1.62391705032e-05	0	0.00506256140436	2.43587557548e-05	0.00131537281076	0	0	0	0	0	0	0	0	0	0	0	0	0	0	0	0	0	0	0	0	0	0	0	0	0	0	0	0	0	0	0	0	0	0	0	3.24783410063e-05	1.62391705032e-05	0.000259826728051	8.52556451416e-05	3.65381336321e-05	0.000779480184152	0	0	0	0	0	0	0	0
0.0018106675111	8.11958525159e-06	0.000138032949277	0	3.65381336321e-05	1.62391705032e-05	0.000507474078224	0.0014006284559	0.000852556451416	0.000296364861683	0.000146152534529	3.24783410063e-05	0.000190810253412	1.21793778774e-05	0.0008972141703	3.65381336321e-05	0.000227348387044	6.08968893869e-05	0	2.0298963129e-05	0.000198929838664	0.0020623746539	0.000426278225708	0.00051153387085	0.00061708847912	0	3.24783410063e-05	3.24783410063e-05	0.00138844907802	0.0101170032235	0.00584610138114	4.05979262579e-06	2.43587557548e-05	0.0123701881308	0.00696660414586	0	0	0	0	1.62391705032e-05	0	0	2.0298963129e-05	0	0.000133973156651	8.11958525159e-06	4.05979262579e-06	4.05979262579e-06	0	0	4.05979262579e-06	1.62391705032e-05	0	0	0	4.05979262579e-06	4.05979262579e-06	6.08968893869e-05	8.11958525159e-06	8.11958525159e-05	0	0	0	2.43587557548e-05	0	4.05979262579e-06	0	0	0	4.05979262579e-06	0.00191216232675	0.000207049423915	0.0021719890548	0.000686104953759	0.000158331912406	9.7435023019e-05	1.62391705032e-05	1.21793778774e-05	8.11958525159e-06	8.11958525159e-06	8.11958525159e-06	8.11958525159e-06	0	0
0.00237497868609	0.000682045161133	0.00502196347811	0	9.7435023019e-05	0.000795719354655	0.00302048571359	0.00235873951559	0.00344270414667	0.000608968893869	0.00023140817967	0.00479867488369	0.000454696774089	0.000430338018334	0.00375124838623	0.000150212327154	0.00113674193522	0.00619524354696	0.000190810253412	0.00380402569037	0.000316663824812	0.00603691163455	0.00179848813323	0.00820890068935	0.00130725322551	0.00030854423956	0.00541576336281	0.00293117027582	0.00333308974578	0.0137708165867	0.00875291290121	4.46577188837e-05	0.00131537281076	0.00696660414586	0.055286255978	4.05979262579e-06	0.000223288594419	2.43587557548e-05	0	3.24783410063e-05	0	1.21793778774e-05	7.30762672643e-05	8.11958525159e-06	0.00028012569118	2.0298963129e-05	5.68370967611e-05	1.21793778774e-05	4.05979262579e-05	4.05979262579e-06	4.05979262579e-06	0.000101494815645	2.43587557548e-05	1.21793778774e-05	2.43587557548e-05	4.05979262579e-06	1.62391705032e-05	0.000324783410063	3.65381336321e-05	0.000198929838664	0.000117733986148	7.30762672643e-05	0.000170511290283	7.71360598901e-05	4.05979262579e-06	3.65381336321e-05	4.05979262579e-06	0	0	6.49566820127e-05	0.0128898415869	0.00585828075902	0.023835042506	0.00750655656509	0.00116922027623	0.00207861382441	0.000243587557548	0.000223288594419	0.000117733986148	8.93154377674e-05	7.71360598901e-05	2.0298963129e-05	4.05979262579e-06	4.05979262579e-06
0	4.05979262579e-06	8.11958525159e-06	0	4.05979262579e-06	0	0	0	0	1.62391705032e-05	0	0	0	0	0	0	0	0	0	0	0	0	3.65381336321e-05	8.11958525159e-06	2.84185483805e-05	0	4.05979262579e-06	0	2.0298963129e-05	0	0	0	0	0	4.05979262579e-06	0.0149034987293	4.05979262579e-06	2.43587557548e-05	0	0.00043439781096	0	0.00094593168181	0.0057446065655	0.00265916416989	0.000320723617438	0.000832257488287	0	0.000986529608068	0	0.00548072004482	0.000174571082909	0.000227348387044	2.0298963129e-05	0	0	0.000353201958444	0.000174571082909	0.000219228801793	0.00015427211978	0.00174977062172	0	4.05979262579e-06	6.90164746385e-05	0.000771360598901	0.00370253087472	0.0015589603683	0	1.21793778774e-05	0.00046281635934	0.000738882257894	8.11958525159e-06	4.05979262579e-06	8.11958525159e-06	4.05979262579e-06	4.05979262579e-06	0	0	0.000706403916888	6.49566820127e-05	0.000438457603586	0.000178630875535	0.000698284331636	6.08968893869e-05	4.05979262579e-06
0	0.00233438075983	0.000572430760237	0	0	0	0	0	0	8.11958525159e-06	0	0.000101494815645	0	3.24783410063e-05	0	0	1.62391705032e-05	0.000235467972296	3.65381336321e-05	0.000207049423915	0	2.84185483805e-05	0.000178630875535	0.000170511290283	4.05979262579e-06	0.000190810253412	0.00145340576003	0.00142092741903	0	0	4.05979262579e-06	4.05979262579e-06	0	0	0.000223288594419	4.05979262579e-06	0.0169983517242	0.0010393069122	0	0	0	8.11958525159e-06	3.24783410063e-05	0	0.0001258535714	0	0.000495294700347	0	0.000235467972296	4.05979262579e-06	4.05979262579e-06	0.000259826728051	0.000970290437564	0.000121793778774	0.00123011716562	0	0.000142092741903	0.0020461354834	0.000637387442249	6.49566820127e-05	0.00205019527603	0.00226130449257	0.00870825518233	2.0298963129e-05	8.11958525159e-06	0.000109614400896	1.62391705032e-05	0	0	0.000917513133429	8.52556451416e-05	0.00023140817967	0.000146152534529	4.05979262579e-05	0	8.11958525159e-06	0	0.000438457603586	0.00123011716562	0.000828197695662	0.000259826728051	1.21793778774e-05	3.65381336321e-05	8.11958525159e-06
4.05979262579e-06	0.000324783410063	8.52556451416e-05	0	0	0	0	4.05979262579e-06	0	4.05979262579e-06	0	1.21793778774e-05	0	0	0	0	0	3.24783410063e-05	0	1.62391705032e-05	0	1.62391705032e-05	0.000162391705032	5.68370967611e-05	0	0	9.33752303932e-05	0.000198929838664	4.05979262579e-06	0	8.11958525159e-06	0	0	0	2.43587557548e-05	2.43587557548e-05	0.0010393069122	0.0190688459633	0	4.05979262579e-06	0	1.21793778774e-05	8.93154377674e-05	2.43587557548e-05	4.46577188837e-05	0	9.33752303932e-05	0	4.05979262579e-05	3.65381336321e-05	8.11958525159e-06	0.000523713248727	0.0025657889395	8.11958525159e-06	0.000755121428397	4.05979262579e-06	0.000994649193319	0.000860676036668	0.0048798707362	6.49566820127e-05	5.27773041353e-05	0.00168075414708	0.00734416486006	8.93154377674e-05	2.84185483805e-05	0.000377560714199	4.05979262579e-06	4.05979262579e-06	0	0.00171729228071	3.65381336321e-05	2.43587557548e-05	1.21793778774e-05	0	0	4.05979262579e-06	4.05979262579e-06	0.0011651604836	0.00140468824852	0.00131943260338	0.000560251382359	7.71360598901e-05	4.05979262579e-05	8.11958525159e-06
0	0	0	0	0	0	0	0	0	0	0	0	0	0	0	0	0	0	0	0	0	0	0	0	0	0	0	0	0	0	0	0	0	0	0	0	0	0	0	0	0	0	0	0	0	0	0	0	0	0	0	0	0	0	0	0	0	0	0	0	0	0	0	0	0	0	0	0	0	0	0	0	0	0	0	0	0	0	0	0	0	0	0	0
4.05979262579e-06	0	4.05979262579e-06	0	0.00107990483846	0	0	1.21793778774e-05	4.05979262579e-06	0.000109614400896	0	0	4.05979262579e-06	4.05979262579e-06	4.05979262579e-06	0	8.11958525159e-06	0	0	0	0	2.0298963129e-05	5.27773041353e-05	1.21793778774e-05	0.000105554608271	0	0	0	0.000519653456101	1.21793778774e-05	3.65381336321e-05	0	0	1.62391705032e-05	3.24783410063e-05	0.00043439781096	0	4.05979262579e-06	0	0.0212408350181	0	0.000751061635772	0.00218010864005	0.000706403916888	0.00148182430841	0.00639417338562	0	0.00270382188878	0	0.000442517396211	8.52556451416e-05	9.33752303932e-05	4.05979262579e-06	0	0	0.0076973668185	4.05979262579e-05	0.000158331912406	6.49566820127e-05	0.011651604836	0	0	0	0.00640229297088	0.000158331912406	0.000235467972296	0	0	2.0298963129e-05	0.000162391705032	4.46577188837e-05	8.11958525159e-06	8.11958525159e-06	4.05979262579e-06	4.05979262579e-06	0	0	0.00023140817967	2.0298963129e-05	0.000109614400896	5.68370967611e-05	0.000247647350173	1.62391705032e-05	0
0	0	0	0	0	0	0	0	0	0	0	0	0	0	0	0	0	0	0	0	0	0	0	0	0	0	0	0	0	0	0	0	0	0	0	0	0	0	0	0	0.00196493963088	0.000889094585049	4.05979262579e-06	0.000215169009167	0	0	0	0	0	0.000211109216541	0.000288245276431	0	0	0	0	0	0	0	0	0	0	0	0	0	0.000162391705032	0	0	0.000304484446934	0	3.24783410063e-05	0	0	0	0	0	0	0	0	0	2.0298963129e-05	0	0.000604909101243	0.000499354492972	0
4.05979262579e-06	0	4.05979262579e-06	0	1.62391705032e-05	0	0	4.05979262579e-06	0	1.21793778774e-05	0	0	0	1.21793778774e-05	4.05979262579e-06	0	0	0	0	0	0	0	1.62391705032e-05	0	8.11958525159e-06	0	0	4.05979262579e-06	1.21793778774e-05	8.11958525159e-06	0	0	0	0	1.21793778774e-05	0.00094593168181	8.11958525159e-06	1.21793778774e-05	0	0.000751061635772	0.000889094585049	0.0363919810976	0.00259420748788	0.016088958176	0.000377560714199	0.0105676402049	2.43587557548e-05	0.00783539976778	0	0.00546042108169	0.00334526912365	4.05979262579e-05	1.21793778774e-05	4.05979262579e-06	1.21793778774e-05	0.00212733133592	6.08968893869e-05	5.27773041353e-05	6.90164746385e-05	0.0014331067969	4.05979262579e-06	4.05979262579e-06	1.62391705032e-05	0.000580550345488	0.00308138260298	0.000146152534529	0	0.000450636981463	3.65381336321e-05	0.00158737891668	1.21793778774e-05	8.11958525159e-06	1.21793778774e-05	8.11958525159e-06	0	0	4.05979262579e-06	0.000625208064372	6.90164746385e-05	0.0010393069122	0.000410039055205	0.00265104458464	0.00104336670483	0
