0.017014633531	7.88444556579e-05	0.00105257348303	0	0.000208937807493	3.94222278289e-06	0.000244417812539	0.00823530339347	0.00305522265674	0.000441528951684	0.000973729027375	4.33644506118e-05	3.15377822632e-05	7.88444556579e-06	0.0106164059543	3.15377822632e-05	2.75955594803e-05	0.000563737857954	3.5480005046e-05	0.000181342248013	0.000114324460704	0.000516431184559	0.000212880030276	0.00141131575628	0.00077661788823	0	0.000768733442664	0.000193168916362	0.00296455153274	0.00787261889744	0.00402895168412	0	3.94222278289e-06	0.000488835625079	0.000887000126151	3.5480005046e-05	8.67289012237e-05	1.57688911316e-05	0	6.30755645263e-05	0	3.5480005046e-05	3.94222278289e-05	4.73066733947e-05	0.000240475589757	2.75955594803e-05	7.88444556579e-06	5.51911189605e-05	3.94222278289e-06	6.70177873092e-05	3.94222278289e-06	3.94222278289e-06	1.97111139145e-05	0	1.18266683487e-05	4.33644506118e-05	4.33644506118e-05	6.70177873092e-05	6.70177873092e-05	0.000374511164375	2.36533366974e-05	4.73066733947e-05	0.000106440015138	0.000303551154283	9.06711240066e-05	6.70177873092e-05	0	0	1.97111139145e-05	0.000157688911316	0.000437586728901	0.000232591144191	0.000835751229974	0.000413933392204	8.27866784408e-05	3.94222278289e-06	3.94222278289e-06	5.51911189605e-05	7.88444556579e-06	7.88444556579e-05	3.94222278289e-05	1.97111139145e-05	7.88444556579e-06	0
7.88444556579e-05	0.0260107859215	0.00260580925949	0	7.88444556579e-06	0	1.57688911316e-05	0.000256244480888	5.51911189605e-05	0.00150592910307	2.75955594803e-05	8.67289012237e-05	3.94222278289e-06	0.000201053361928	0.000134035574618	7.88444556579e-06	0.000812097893276	0.00166361801438	4.73066733947e-05	0.000406048946638	3.94222278289e-06	0.000409991169421	0.0058542008326	0.00167938690551	0.00144679576132	0.000563737857954	0.00753752996089	0.0141801753501	0.000717484546487	0.000110382237921	0.000362684496026	7.88444556579e-06	0	1.18266683487e-05	0.000737195660401	5.12488961776e-05	0.0102497792355	0.00238504478365	0	7.88444556579e-06	0	3.94222278289e-06	3.94222278289e-05	7.88444556579e-06	5.51911189605e-05	7.88444556579e-06	7.88444556579e-05	1.97111139145e-05	0.00012220890627	2.75955594803e-05	0	7.88444556579e-05	0.000709600100921	1.97111139145e-05	0.000268071149237	1.18266683487e-05	0.000126151129053	0.00128516462722	0.00105257348303	6.70177873092e-05	0.000607102308566	0.0014507379841	0.00898432572222	8.27866784408e-05	2.36533366974e-05	7.4902232875e-05	1.97111139145e-05	0	0	0.000390280055506	0.00144285353854	0.00157688911316	0.000910653462848	0.000394222278289	5.51911189605e-05	0	3.94222278289e-06	0.000374511164375	0.000315377822632	0.000358742273243	0.000185284470796	0	1.57688911316e-05	2.36533366974e-05
0.00105257348303	0.00260580925949	0.0288649552163	0	1.57688911316e-05	7.88444556579e-06	0.000220764475842	0.00371751608427	0.000985555695723	0.00012220890627	9.85555695723e-05	9.06711240066e-05	3.94222278289e-06	1.97111139145e-05	0.00196716916866	7.88444556579e-06	0.000157688911316	0.00260580925949	5.51911189605e-05	0.000394222278289	7.88444556579e-06	0.0020972625205	0.00112747571591	0.0147202598713	0.000279897817585	3.94222278289e-06	0.00849943231992	0.00684764097389	0.00369780497035	0.000678062318658	0.00365444051974	0	7.88444556579e-06	7.88444556579e-05	0.000855462343888	3.5480005046e-05	0.00217216475337	0.00188832471301	0	1.97111139145e-05	0	7.88444556579e-06	5.91333417434e-05	2.75955594803e-05	9.46133467895e-05	1.18266683487e-05	1.18266683487e-05	1.18266683487e-05	3.94222278289e-06	2.36533366974e-05	3.94222278289e-06	9.85555695723e-05	0.00050460451621	3.94222278289e-06	0.000106440015138	1.57688911316e-05	0.000173457802447	0.00106834237416	0.00181736470291	0.000181342248013	3.5480005046e-05	0.000480951179513	0.00362290273748	0.000189226693579	3.15377822632e-05	9.06711240066e-05	3.94222278289e-06	0	1.18266683487e-05	0.000319320045414	0.00205784029267	0.00234168033304	0.00126545351331	0.000717484546487	6.70177873092e-05	1.18266683487e-05	3.94222278289e-06	0.000287782263151	0.000232591144191	0.000268071149237	0.000169515579664	0	7.88444556579e-06	3.94222278289e-06
0	0	0	0	0	0	0	0	0	0	0	0	0	0	0	0	0	0	0	0	0	0	0	0	0	0	0	0	0	0	0	0	0	0	0	0	0	0	0	0	0	0	0	0	0	0	0	0	0	0	0	0	0	0	0	0	0	0	0	0	0	0	0	0	0	0	0	0	0	0	0	0	0	0	0	0	0	0	0	0	0	0	0	0
0.000208937807493	7.88444556579e-06	1.57688911316e-05	0	0.016813580169	0	0.00044941339725	0.00319320045414	0.000768733442664	0.000323262268197	0.00404472057525	2.36533366974e-05	0.00144285353854	1.97111139145e-05	0.00109593793364	2.36533366974e-05	7.88444556579e-06	1.18266683487e-05	7.88444556579e-06	2.36533366974e-05	0.00469124511164	2.75955594803e-05	1.97111139145e-05	3.94222278289e-05	0.00344550271225	0	3.94222278289e-05	1.18266683487e-05	0.00714724990539	0.000622871199697	5.51911189605e-05	0	0	9.06711240066e-05	0.000323262268197	5.51911189605e-05	3.94222278289e-06	0	0	0.00570833858963	3.94222278289e-06	0.000559795635171	8.27866784408e-05	0.000268071149237	0.000386337832724	0.000835751229974	1.97111139145e-05	0.00164390690047	0	0.0002996089315	0.000126151129053	0	7.88444556579e-06	7.88444556579e-06	7.88444556579e-06	0.00357559606408	7.88444556579e-06	3.94222278289e-06	1.18266683487e-05	0.00186861359909	0	7.88444556579e-06	7.88444556579e-06	0.000942191245112	0.000287782263151	0	0	1.18266683487e-05	1.97111139145e-05	0.000398164501072	0.000244417812539	6.30755645263e-05	0.000295666708717	7.09600100921e-05	0.000106440015138	3.94222278289e-06	0	8.67289012237e-05	3.94222278289e-06	0.000141920020184	3.5480005046e-05	6.70177873092e-05	1.97111139145e-05	0
3.94222278289e-06	0	7.88444556579e-06	0	0	0.00398952945629	0.00168727135108	0.000114324460704	0.000930364576763	3.94222278289e-06	0.000137977797401	2.36533366974e-05	2.36533366974e-05	0.000106440015138	0.000567680080737	0.00062681342248	3.94222278289e-06	3.94222278289e-06	3.94222278289e-06	7.88444556579e-06	1.18266683487e-05	1.97111139145e-05	0	2.36533366974e-05	1.57688911316e-05	0	1.18266683487e-05	3.94222278289e-06	5.91333417434e-05	0.000331146713763	1.18266683487e-05	0	0.00210120474328	3.94222278289e-06	0.000402106723855	0	0	3.94222278289e-06	0	1.18266683487e-05	0	0	3.94222278289e-06	3.94222278289e-06	3.94222278289e-06	7.88444556579e-06	0	0	0	7.88444556579e-06	0	3.94222278289e-06	0	0	0	1.18266683487e-05	0	0	0	1.97111139145e-05	0	0	0	1.18266683487e-05	0	0	0	0	0	1.57688911316e-05	9.46133467895e-05	3.94222278289e-05	0.000268071149237	0.000126151129053	0.000737195660401	0.000855462343888	1.97111139145e-05	0	0	3.94222278289e-06	1.18266683487e-05	0	0	0
0.000244417812539	1.57688911316e-05	0.000220764475842	0	0.00044941339725	0.00168727135108	0.0376521697994	0.00793175223918	0.0220370253564	0.000291724485934	0.0150395799167	0.000212880030276	0.00488835625079	0.000275955594803	0.0101906458938	0.00266100037845	1.97111139145e-05	5.91333417434e-05	5.51911189605e-05	0.000106440015138	0.00134035574618	0.000165573356882	5.12488961776e-05	0.000398164501072	0.000658351204743	1.18266683487e-05	0.000220764475842	5.91333417434e-05	0.00380818720828	0.00249542702157	0.000319320045414	0	0.00147044909802	7.4902232875e-05	0.00143891131576	2.75955594803e-05	1.57688911316e-05	1.57688911316e-05	0	0.000208937807493	0	4.73066733947e-05	3.94222278289e-05	5.91333417434e-05	0.00017740002523	9.06711240066e-05	0	0.000141920020184	0	7.4902232875e-05	7.88444556579e-06	3.94222278289e-06	7.88444556579e-06	0	0	0.000141920020184	7.88444556579e-06	1.18266683487e-05	2.36533366974e-05	0.000682004541441	0	7.88444556579e-06	1.18266683487e-05	0.000311435599849	9.46133467895e-05	1.18266683487e-05	0	3.94222278289e-06	3.94222278289e-06	0.000126151129053	0.000910653462848	0.000264128926454	0.00178188469787	0.000642582313612	0.00126939573609	0.000851520121105	1.97111139145e-05	5.51911189605e-05	3.94222278289e-06	7.88444556579e-05	3.5480005046e-05	7.88444556579e-06	1.57688911316e-05	7.88444556579e-06
0.00823530339347	0.000256244480888	0.00371751608427	0	0.00319320045414	0.000114324460704	0.00793175223918	0.074902232875	0.0175074113788	0.00239292922922	0.0235468966822	0.000358742273243	0.00062681342248	0.000181342248013	0.0266218304529	0.000240475589757	0.000118266683487	0.00120237794878	0.00014980446575	0.000638640090829	0.00152564021698	0.00287782263151	0.000622871199697	0.00581872082755	0.00699744543964	1.18266683487e-05	0.00233379588747	0.000772675665447	0.0374747697742	0.0103365081367	0.0125954017913	3.94222278289e-06	0.000137977797401	0.00144285353854	0.00480162734956	0.00032720449098	0.000193168916362	0.000173457802447	0	0.00156112022203	0	0.000413933392204	0.000563737857954	0.000445471174467	0.00208149362937	0.000658351204743	3.15377822632e-05	0.0010131512552	3.94222278289e-06	0.000717484546487	7.4902232875e-05	7.09600100921e-05	9.46133467895e-05	3.94222278289e-06	2.36533366974e-05	0.000969786804592	0.000126151129053	0.000362684496026	0.00044941339725	0.00531411631134	3.5480005046e-05	0.00012220890627	0.000342973382112	0.00253090702662	0.000717484546487	0.000398164501072	3.94222278289e-06	7.88444556579e-06	9.46133467895e-05	0.00112747571591	0.0031340671124	0.00109988015643	0.00473855178504	0.00190409360414	0.000768733442664	7.09600100921e-05	1.97111139145e-05	0.000346915604895	5.91333417434e-05	0.000528257852908	0.000197111139145	0.000110382237921	5.51911189605e-05	3.94222278289e-06
0.00305522265674	5.51911189605e-05	0.000985555695723	0	0.000768733442664	0.000930364576763	0.0220370253564	0.0175074113788	0.051568216223	0.000555853412388	0.0168805979564	0.00074902232875	0.00185678693074	0.000611044531349	0.0317546045162	0.00124968462218	4.33644506118e-05	0.000335088936546	0.000185284470796	0.000413933392204	0.00121420461713	0.000622871199697	0.000193168916362	0.00160054244985	0.00151381354863	2.36533366974e-05	0.000997382364072	0.000260186703671	0.00790021445692	0.00780560111013	0.00192774694084	3.94222278289e-06	0.00166361801438	0.000252302258105	0.00372540052983	7.09600100921e-05	8.67289012237e-05	5.51911189605e-05	0	0.000350857827678	0	0.000114324460704	0.000130093351835	0.000126151129053	0.000520373407342	0.000145862242967	1.57688911316e-05	0.0002996089315	3.94222278289e-06	0.00020499558471	3.94222278289e-06	1.18266683487e-05	1.97111139145e-05	0	7.88444556579e-06	0.000307493377066	5.12488961776e-05	9.06711240066e-05	0.000110382237921	0.00137977797401	2.75955594803e-05	4.73066733947e-05	0.000134035574618	0.000638640090829	0.000240475589757	0.000118266683487	0	3.94222278289e-06	3.5480005046e-05	0.000378453387158	0.00189226693579	0.000701715655355	0.00412356503091	0.00129304907279	0.00128910685001	0.000528257852908	4.73066733947e-05	0.000114324460704	2.75955594803e-05	0.000208937807493	0.000106440015138	1.18266683487e-05	3.15377822632e-05	3.15377822632e-05
0.000441528951684	0.00150592910307	0.00012220890627	0	0.000323262268197	3.94222278289e-06	0.000291724485934	0.00239292922922	0.000555853412388	0.0224627854169	0.000528257852908	2.36533366974e-05	0.000745080105967	1.57688911316e-05	0.00105651570582	0.000500662293428	0.000256244480888	0.000165573356882	3.94222278289e-06	4.73066733947e-05	0.000141920020184	0.000232591144191	0.00546392077709	0.00027201337202	0.0106321748455	6.70177873092e-05	0.000607102308566	0.00100920903242	0.00730099659392	0.00121026239435	0.00137189352845	0	3.94222278289e-06	0.000386337832724	0.000705657878138	0.000279897817585	8.27866784408e-05	5.12488961776e-05	0	0.000508546738993	0	0.000114324460704	0.000346915604895	0.000106440015138	0.00581477860477	0.000118266683487	1.18266683487e-05	0.0002996089315	0	0.000279897817585	5.51911189605e-05	0.000169515579664	2.75955594803e-05	7.88444556579e-06	1.57688911316e-05	0.000240475589757	0.00017740002523	0.000752964551533	0.000228648921408	0.00316166267188	3.94222278289e-05	2.75955594803e-05	0.000169515579664	0.00222735587234	0.000599217863	0.000847577898322	0	0	0.000165573356882	0.00102497792355	0.000768733442664	0.00020499558471	0.000666235650309	0.000323262268197	0.00162025356377	1.57688911316e-05	0	0.00057162230352	5.51911189605e-05	0.000469124511164	0.00014980446575	0.000197111139145	3.5480005046e-05	7.88444556579e-06
0.000973729027375	2.75955594803e-05	9.85555695723e-05	0	0.00404472057525	0.000137977797401	0.0150395799167	0.0235468966822	0.0168805979564	0.000528257852908	0.0556996656995	0.000429702283335	0.00332723602876	0.000208937807493	0.0158950422606	0.000315377822632	1.97111139145e-05	6.30755645263e-05	0.00012220890627	0.000374511164375	0.00407625835751	0.000134035574618	7.4902232875e-05	0.000240475589757	0.0017740002523	1.57688911316e-05	0.000370568941592	0.000126151129053	0.0162498423111	0.00532594297969	0.000291724485934	7.88444556579e-06	0.000185284470796	0.000335088936546	0.00344550271225	0.000118266683487	3.15377822632e-05	1.18266683487e-05	0	0.00302368487448	0	0.000768733442664	0.000220764475842	0.000409991169421	0.000563737857954	0.00112747571591	3.5480005046e-05	0.00167544468273	7.88444556579e-06	0.000469124511164	0.000114324460704	3.94222278289e-06	7.88444556579e-06	7.88444556579e-06	1.57688911316e-05	0.00298032042387	1.97111139145e-05	2.36533366974e-05	4.33644506118e-05	0.00283051595812	2.75955594803e-05	5.91333417434e-05	6.70177873092e-05	0.000934306799546	0.000425760060553	5.12488961776e-05	7.88444556579e-06	7.88444556579e-06	1.97111139145e-05	0.000674120095875	0.00169515579664	0.000390280055506	0.00282263151255	0.000642582313612	0.000646524536395	5.51911189605e-05	1.97111139145e-05	0.000193168916362	1.18266683487e-05	0.000303551154283	5.51911189605e-05	5.12488961776e-05	2.75955594803e-05	3.94222278289e-06
4.33644506118e-05	8.67289012237e-05	9.06711240066e-05	0	2.36533366974e-05	2.36533366974e-05	0.000212880030276	0.000358742273243	0.00074902232875	2.36533366974e-05	0.000429702283335	0.0260620348177	3.94222278289e-05	0.00543632521761	0.00117084016652	4.33644506118e-05	3.15377822632e-05	0.000457297842816	0.00570045414406	0.00678850763214	5.12488961776e-05	9.06711240066e-05	5.12488961776e-05	0.000268071149237	9.06711240066e-05	0.0017503469156	0.00935095244102	0.00104074681468	0.000244417812539	0.00179371136622	0.000137977797401	0.000768733442664	5.51911189605e-05	3.5480005046e-05	0.00543238299483	7.88444556579e-06	0.000275955594803	2.36533366974e-05	0	1.57688911316e-05	0	1.97111139145e-05	3.94222278289e-06	7.88444556579e-06	1.97111139145e-05	2.36533366974e-05	0.00087123123502	2.36533366974e-05	0.00141920020184	2.75955594803e-05	3.94222278289e-06	7.88444556579e-06	1.18266683487e-05	7.09600100921e-05	2.36533366974e-05	1.97111139145e-05	1.18266683487e-05	2.36533366974e-05	4.73066733947e-05	5.51911189605e-05	0.00123391573105	0.00113930238426	0.00111959127034	4.73066733947e-05	5.91333417434e-05	7.88444556579e-06	0.000382395609941	1.18266683487e-05	0	0.000275955594803	0.00128122240444	0.00504998738489	0.00710388545477	0.000630755645263	5.51911189605e-05	7.88444556579e-06	0.000524315630125	0.00012220890627	0.000492777847862	0.00014980446575	3.5480005046e-05	3.94222278289e-06	3.94222278289e-06	1.97111139145e-05
3.15377822632e-05	3.94222278289e-06	3.94222278289e-06	0	0.00144285353854	2.36533366974e-05	0.00488835625079	0.00062681342248	0.00185678693074	0.000745080105967	0.00332723602876	3.94222278289e-05	0.0202078339851	2.75955594803e-05	0.00116689794374	0.00126545351331	0	0	1.97111139145e-05	1.97111139145e-05	0.00605919641731	0	1.18266683487e-05	7.88444556579e-06	0.00095401791346	3.94222278289e-06	4.33644506118e-05	1.18266683487e-05	0.00132064463227	0.000595275640217	1.57688911316e-05	0	4.73066733947e-05	1.18266683487e-05	0.000307493377066	3.15377822632e-05	1.18266683487e-05	7.88444556579e-06	0	0.000366626718809	3.94222278289e-06	0.00116295572095	3.15377822632e-05	0.000382395609941	9.85555695723e-05	0.000674120095875	3.94222278289e-05	0.00316954711745	1.18266683487e-05	0.000437586728901	0.000366626718809	3.94222278289e-06	7.88444556579e-06	0	1.18266683487e-05	0.0019119780497	3.94222278289e-06	3.94222278289e-06	1.97111139145e-05	0.000193168916362	1.57688911316e-05	3.94222278289e-05	2.75955594803e-05	9.85555695723e-05	0.000339031159329	7.88444556579e-06	7.88444556579e-06	2.36533366974e-05	3.94222278289e-06	0.000362684496026	0.00017740002523	3.94222278289e-05	0.000252302258105	6.70177873092e-05	0.00114324460704	7.88444556579e-06	0	7.09600100921e-05	3.94222278289e-06	0.000153746688533	2.36533366974e-05	3.15377822632e-05	1.97111139145e-05	3.94222278289e-06
7.88444556579e-06	0.000201053361928	1.97111139145e-05	0	1.97111139145e-05	0.000106440015138	0.000275955594803	0.000181342248013	0.000611044531349	1.57688911316e-05	0.000208937807493	0.00543632521761	2.75955594803e-05	0.0182367225937	0.000638640090829	3.15377822632e-05	7.88444556579e-06	4.33644506118e-05	0.000350857827678	0.000402106723855	2.75955594803e-05	4.33644506118e-05	5.12488961776e-05	0.000110382237921	2.75955594803e-05	0.00518008073672	0.00418664059543	0.00245206257096	0.000134035574618	0.00104074681468	3.94222278289e-05	0.00130487574114	9.46133467895e-05	1.57688911316e-05	0.00141920020184	1.57688911316e-05	0.00032720449098	2.36533366974e-05	0	3.94222278289e-06	0	1.97111139145e-05	7.88444556579e-06	2.75955594803e-05	7.88444556579e-06	1.57688911316e-05	0.00118266683487	3.15377822632e-05	0.00156900466759	3.5480005046e-05	7.88444556579e-06	0	7.88444556579e-06	6.70177873092e-05	2.36533366974e-05	2.75955594803e-05	7.88444556579e-06	2.36533366974e-05	2.36533366974e-05	5.51911189605e-05	0.00174246247004	0.000985555695723	0.000784502333796	4.33644506118e-05	8.67289012237e-05	3.94222278289e-06	0.000339031159329	1.18266683487e-05	0	0.000398164501072	0.000208937807493	0.00273984483411	0.00238504478365	0.000394222278289	3.15377822632e-05	0.000145862242967	0.000946133467895	1.57688911316e-05	0.000851520121105	0.000197111139145	5.12488961776e-05	3.94222278289e-06	1.57688911316e-05	8.67289012237e-05
0.0106164059543	0.000134035574618	0.00196716916866	0	0.00109593793364	0.000567680080737	0.0101906458938	0.0266218304529	0.0317546045162	0.00105651570582	0.0158950422606	0.00117084016652	0.00116689794374	0.000638640090829	0.0602608174593	0.00105257348303	7.09600100921e-05	0.000839693452756	0.000319320045414	0.000823924561625	0.00112353349312	0.00118660905765	0.000398164501072	0.00312618266683	0.0025348492494	2.36533366974e-05	0.00195534250032	0.000484893402296	0.0119804150372	0.0179647092216	0.00477403179008	1.18266683487e-05	0.000989497918506	0.000705657878138	0.00654803204239	0.000134035574618	0.000137977797401	8.27866784408e-05	0	0.000488835625079	0	0.000153746688533	0.00020499558471	0.000212880030276	0.000823924561625	0.000197111139145	3.94222278289e-05	0.000406048946638	1.97111139145e-05	0.000339031159329	1.18266683487e-05	1.57688911316e-05	1.97111139145e-05	7.88444556579e-06	1.57688911316e-05	0.000398164501072	9.06711240066e-05	0.000141920020184	0.000185284470796	0.0019829380598	5.12488961776e-05	9.85555695723e-05	0.000244417812539	0.00107228459695	0.000398164501072	0.000193168916362	1.18266683487e-05	3.94222278289e-06	5.91333417434e-05	0.000611044531349	0.00288570707708	0.00102103570077	0.0062444808881	0.00163208023212	0.00137977797401	0.000212880030276	4.73066733947e-05	0.000208937807493	4.33644506118e-05	0.00032720449098	0.000137977797401	3.5480005046e-05	3.5480005046e-05	2.36533366974e-05
3.15377822632e-05	7.88444556579e-06	7.88444556579e-06	0	2.36533366974e-05	0.00062681342248	0.00266100037845	0.000240475589757	0.00124968462218	0.000500662293428	0.000315377822632	4.33644506118e-05	0.00126545351331	3.15377822632e-05	0.00105257348303	0.00733647659897	3.94222278289e-06	0	1.97111139145e-05	1.57688911316e-05	6.70177873092e-05	1.97111139145e-05	1.97111139145e-05	1.18266683487e-05	0.000157688911316	0	3.15377822632e-05	1.18266683487e-05	0.000220764475842	0.000339031159329	3.5480005046e-05	0	0.000275955594803	3.94222278289e-06	0.000248360035322	0	3.94222278289e-06	7.88444556579e-06	0	1.18266683487e-05	0	3.94222278289e-06	0	0	1.97111139145e-05	3.94222278289e-06	0	7.88444556579e-06	0	3.94222278289e-06	0	3.94222278289e-06	0	0	0	7.88444556579e-06	3.94222278289e-06	3.94222278289e-06	3.94222278289e-06	3.15377822632e-05	0	0	3.94222278289e-06	1.18266683487e-05	3.94222278289e-06	7.88444556579e-06	0	0	0	1.97111139145e-05	0.000283840040368	7.09600100921e-05	0.000287782263151	0.000118266683487	0.00236139144695	8.27866784408e-05	7.88444556579e-06	7.88444556579e-06	0	3.94222278289e-06	3.94222278289e-06	0	0	0
2.75955594803e-05	0.000812097893276	0.000157688911316	0	7.88444556579e-06	3.94222278289e-06	1.97111139145e-05	0.000118266683487	4.33644506118e-05	0.000256244480888	1.97111139145e-05	3.15377822632e-05	0	7.88444556579e-06	7.09600100921e-05	3.94222278289e-06	0.0171762646651	0.00012220890627	0	7.09600100921e-05	0	0.0033193515832	0.00815645893781	0.00737195660401	0.00382395609941	3.94222278289e-06	0.000433644506118	0.00484893402296	0.00342973382112	0.000106440015138	0.000224706698625	0	3.94222278289e-06	1.97111139145e-05	0.000236533366974	2.75955594803e-05	6.70177873092e-05	9.06711240066e-05	0	0	0	7.88444556579e-06	2.36533366974e-05	1.57688911316e-05	0.000102497792355	0	3.94222278289e-06	3.94222278289e-06	0	4.33644506118e-05	3.94222278289e-06	0.000362684496026	5.51911189605e-05	3.94222278289e-06	3.94222278289e-06	3.94222278289e-06	0.000536142298474	0.00207755140659	0.00136400908288	0.000240475589757	7.88444556579e-06	4.73066733947e-05	0.000212880030276	0.000555853412388	4.73066733947e-05	0.000240475589757	0	0	1.97111139145e-05	0.00012220890627	0.00134824019175	0.000800271224927	0.000484893402296	0.000386337832724	3.5480005046e-05	3.94222278289e-06	0	0.000114324460704	3.15377822632e-05	8.27866784408e-05	5.51911189605e-05	3.94222278289e-06	3.94222278289e-06	3.94222278289e-06
0.000563737857954	0.00166361801438	0.00260580925949	0	1.18266683487e-05	3.94222278289e-06	5.91333417434e-05	0.00120237794878	0.000335088936546	0.000165573356882	6.30755645263e-05	0.000457297842816	0	4.33644506118e-05	0.000839693452756	0	0.00012220890627	0.0270830705185	0.000350857827678	0.00504210293932	3.94222278289e-06	0.0019119780497	0.000520373407342	0.00525892519238	0.000181342248013	3.94222278289e-05	0.01282010849	0.00382395609941	0.00087123123502	0.000614986754131	0.00266100037845	7.88444556579e-06	3.94222278289e-06	3.94222278289e-05	0.00474249400782	3.94222278289e-06	0.00160842689542	0.000315377822632	0	3.94222278289e-06	0	7.88444556579e-06	3.94222278289e-06	3.94222278289e-06	2.36533366974e-05	3.94222278289e-06	1.18266683487e-05	7.88444556579e-06	3.5480005046e-05	7.88444556579e-06	3.94222278289e-06	2.75955594803e-05	0.000118266683487	1.57688911316e-05	0.000145862242967	7.88444556579e-06	3.94222278289e-05	0.000161631134099	0.000220764475842	4.73066733947e-05	0.000173457802447	0.000768733442664	0.00170304024221	7.4902232875e-05	1.97111139145e-05	3.15377822632e-05	1.57688911316e-05	0	3.94222278289e-06	0.00014980446575	0.00158871578151	0.00229043143686	0.00236927589252	0.000847577898322	7.4902232875e-05	1.18266683487e-05	3.94222278289e-06	0.000126151129053	0.000106440015138	0.000130093351835	8.27866784408e-05	7.88444556579e-06	0	3.94222278289e-06
3.5480005046e-05	4.73066733947e-05	5.51911189605e-05	0	7.88444556579e-06	3.94222278289e-06	5.51911189605e-05	0.00014980446575	0.000185284470796	3.94222278289e-06	0.00012220890627	0.00570045414406	1.97111139145e-05	0.000350857827678	0.000319320045414	1.97111139145e-05	0	0.000350857827678	0.0101788192254	0.00508152516715	1.18266683487e-05	2.75955594803e-05	7.88444556579e-06	0.000118266683487	1.57688911316e-05	0.000256244480888	0.00557430301501	0.000307493377066	9.06711240066e-05	0.000386337832724	7.09600100921e-05	4.73066733947e-05	3.94222278289e-06	7.88444556579e-06	0.00162025356377	0	0.000201053361928	1.18266683487e-05	0	0	0	0	0	0	3.94222278289e-06	0	0.000208937807493	7.88444556579e-06	0.000279897817585	1.97111139145e-05	0	3.94222278289e-06	7.88444556579e-06	4.33644506118e-05	2.75955594803e-05	3.94222278289e-06	7.88444556579e-06	3.94222278289e-06	1.18266683487e-05	1.18266683487e-05	0.000516431184559	0.000417875614987	0.000607102308566	7.88444556579e-06	2.75955594803e-05	3.94222278289e-06	6.30755645263e-05	7.88444556579e-06	0	7.09600100921e-05	0.000500662293428	0.00111959127034	0.00201053361928	0.000189226693579	1.97111139145e-05	7.88444556579e-06	3.15377822632e-05	7.4902232875e-05	6.30755645263e-05	5.12488961776e-05	1.97111139145e-05	0	0	0
0.000181342248013	0.000406048946638	0.000394222278289	0	2.36533366974e-05	7.88444556579e-06	0.000106440015138	0.000638640090829	0.000413933392204	4.73066733947e-05	0.000374511164375	0.00678850763214	1.97111139145e-05	0.000402106723855	0.000823924561625	1.57688911316e-05	7.09600100921e-05	0.00504210293932	0.00508152516715	0.0231802699634	2.36533366974e-05	0.000409991169421	0.000169515579664	0.000977671250158	0.000134035574618	0.000311435599849	0.01494496657	0.00155717799924	0.000473066733947	0.0010841112653	0.000599217863	5.91333417434e-05	1.97111139145e-05	5.51911189605e-05	0.00764396997603	7.88444556579e-06	0.00115507127539	6.70177873092e-05	0	7.88444556579e-06	0	1.18266683487e-05	3.94222278289e-06	0	1.57688911316e-05	1.18266683487e-05	0.000224706698625	1.57688911316e-05	0.000311435599849	2.36533366974e-05	7.88444556579e-06	7.88444556579e-06	5.12488961776e-05	5.51911189605e-05	0.000106440015138	1.18266683487e-05	7.88444556579e-06	5.91333417434e-05	0.000102497792355	4.73066733947e-05	0.00109593793364	0.00114718682982	0.00150592910307	2.75955594803e-05	3.15377822632e-05	1.97111139145e-05	9.06711240066e-05	0	0	0.000181342248013	0.00219976031285	0.00321291156806	0.00633909423489	0.00104863126025	5.51911189605e-05	3.94222278289e-06	1.97111139145e-05	0.000197111139145	0.000110382237921	0.000134035574618	4.33644506118e-05	7.88444556579e-06	0	3.94222278289e-06
0.000114324460704	3.94222278289e-06	7.88444556579e-06	0	0.00469124511164	1.18266683487e-05	0.00134035574618	0.00152564021698	0.00121420461713	0.000141920020184	0.00407625835751	5.12488961776e-05	0.00605919641731	2.75955594803e-05	0.00112353349312	6.70177873092e-05	0	3.94222278289e-06	1.18266683487e-05	2.36533366974e-05	0.0132222152138	1.18266683487e-05	0	1.97111139145e-05	0.00145862242967	0	2.75955594803e-05	3.94222278289e-06	0.00387520499558	0.000666235650309	2.36533366974e-05	3.94222278289e-06	1.97111139145e-05	3.94222278289e-05	0.000378453387158	1.18266683487e-05	3.94222278289e-06	0	0	0.000220764475842	0	2.36533366974e-05	3.15377822632e-05	1.97111139145e-05	0.000114324460704	3.15377822632e-05	0	8.27866784408e-05	0	2.36533366974e-05	3.94222278289e-06	0	0	0	0	0.000145862242967	0	0	0	0.000331146713763	0	0	3.94222278289e-06	0.000102497792355	3.15377822632e-05	3.94222278289e-06	0	3.94222278289e-06	0	3.15377822632e-05	0.000193168916362	3.5480005046e-05	0.000303551154283	6.30755645263e-05	0.000130093351835	0	3.94222278289e-06	1.57688911316e-05	0	1.18266683487e-05	0	2.75955594803e-05	0	0
0.000516431184559	0.000409991169421	0.0020972625205	0	2.75955594803e-05	1.97111139145e-05	0.000165573356882	0.00287782263151	0.000622871199697	0.000232591144191	0.000134035574618	9.06711240066e-05	0	4.33644506118e-05	0.00118660905765	1.97111139145e-05	0.0033193515832	0.0019119780497	2.75955594803e-05	0.000409991169421	1.18266683487e-05	0.0385904188217	0.00378453387158	0.0168924246247	0.00109199571086	7.88444556579e-06	0.00156506244481	0.00171092468778	0.009587485808	0.000587391194651	0.0138766241958	3.94222278289e-06	1.97111139145e-05	0.00014980446575	0.00429702283335	5.51911189605e-05	0.000197111139145	0.000153746688533	0	7.88444556579e-06	0	1.57688911316e-05	5.91333417434e-05	3.15377822632e-05	0.000114324460704	1.18266683487e-05	7.88444556579e-06	1.57688911316e-05	3.94222278289e-06	3.5480005046e-05	0	0.000457297842816	0.000102497792355	3.94222278289e-06	1.18266683487e-05	1.18266683487e-05	0.000894884571717	0.00219187586729	0.00129304907279	0.000453355620033	2.75955594803e-05	0.00012220890627	0.000378453387158	0.0010131512552	9.85555695723e-05	0.000536142298474	0	0	2.75955594803e-05	0.000264128926454	0.00333512047433	0.00200659139649	0.00454538286868	0.00240475589757	0.000169515579664	2.36533366974e-05	3.94222278289e-06	0.000201053361928	6.70177873092e-05	0.000220764475842	0.000153746688533	1.57688911316e-05	1.97111139145e-05	3.94222278289e-06
0.000212880030276	0.0058542008326	0.00112747571591	0	1.97111139145e-05	0	5.12488961776e-05	0.000622871199697	0.000193168916362	0.00546392077709	7.4902232875e-05	5.12488961776e-05	1.18266683487e-05	5.12488961776e-05	0.000398164501072	1.97111139145e-05	0.00815645893781	0.000520373407342	7.88444556579e-06	0.000169515579664	0	0.00378453387158	0.0381567743156	0.00952046802069	0.00730099659392	0.000134035574618	0.00203812917876	0.0121814683991	0.00757695218872	0.000555853412388	0.00151381354863	0	3.94222278289e-06	0.00017740002523	0.000729311214835	0.000145862242967	0.000756906774316	0.000784502333796	0	1.57688911316e-05	0	3.15377822632e-05	0.000212880030276	4.73066733947e-05	0.0014743913208	1.18266683487e-05	2.36533366974e-05	3.15377822632e-05	1.97111139145e-05	0.000137977797401	3.94222278289e-06	0.00235350700139	0.0002996089315	1.57688911316e-05	5.51911189605e-05	1.18266683487e-05	0.00219581809007	0.0126978995837	0.00831020562634	0.00184101803961	9.46133467895e-05	0.000216822253059	0.00260580925949	0.00327598713258	0.000295666708717	0.00135218241453	3.94222278289e-06	3.94222278289e-06	0.000106440015138	0.000993440141289	0.00232985366469	0.00150987132585	0.000973729027375	0.000729311214835	0.000153746688533	1.18266683487e-05	0	0.000879115680585	0.000252302258105	0.000646524536395	0.000417875614987	3.94222278289e-05	6.70177873092e-05	2.36533366974e-05
0.00141131575628	0.00167938690551	0.0147202598713	0	3.94222278289e-05	2.36533366974e-05	0.000398164501072	0.00581872082755	0.00160054244985	0.00027201337202	0.000240475589757	0.000268071149237	7.88444556579e-06	0.000110382237921	0.00312618266683	1.18266683487e-05	0.00737195660401	0.00525892519238	0.000118266683487	0.000977671250158	1.97111139145e-05	0.0168924246247	0.00952046802069	0.0688942853539	0.00140737353349	1.97111139145e-05	0.00630361422985	0.0108647659897	0.00909076573735	0.00126545351331	0.00867683234515	7.88444556579e-06	4.33644506118e-05	0.00014980446575	0.00594092973382	7.4902232875e-05	0.000918537908414	0.00130881796392	0	1.57688911316e-05	0	1.18266683487e-05	9.06711240066e-05	3.5480005046e-05	0.000185284470796	7.88444556579e-06	1.97111139145e-05	7.88444556579e-06	1.18266683487e-05	6.70177873092e-05	0	0.00121814683991	0.000461240065599	7.88444556579e-06	7.09600100921e-05	7.88444556579e-06	0.000957960136243	0.00544815188596	0.00632332534376	0.000473066733947	5.12488961776e-05	0.000323262268197	0.00266494260124	0.000910653462848	8.27866784408e-05	0.000382395609941	3.94222278289e-06	0	3.15377822632e-05	0.000516431184559	0.00777406332787	0.00490412514192	0.0070053298852	0.00546786299987	0.000437586728901	5.91333417434e-05	3.5480005046e-05	0.000611044531349	0.000236533366974	0.000630755645263	0.000512488961776	1.97111139145e-05	6.30755645263e-05	2.36533366974e-05
0.00077661788823	0.00144679576132	0.000279897817585	0	0.00344550271225	1.57688911316e-05	0.000658351204743	0.00699744543964	0.00151381354863	0.0106321748455	0.0017740002523	9.06711240066e-05	0.00095401791346	2.75955594803e-05	0.0025348492494	0.000157688911316	0.00382395609941	0.000181342248013	1.57688911316e-05	0.000134035574618	0.00145862242967	0.00109199571086	0.00730099659392	0.00140737353349	0.0387086855052	3.94222278289e-05	0.000666235650309	0.00190803582692	0.0197071716917	0.00224312476347	0.00170304024221	0	1.57688911316e-05	0.000575564526303	0.001198435726	0.000181342248013	0.000102497792355	5.51911189605e-05	0	0.000839693452756	0	0.00020499558471	0.000311435599849	0.000208937807493	0.00253090702662	0.000303551154283	1.18266683487e-05	0.000429702283335	3.94222278289e-06	0.000268071149237	4.73066733947e-05	0.000145862242967	1.97111139145e-05	3.94222278289e-06	3.94222278289e-06	0.000429702283335	0.000303551154283	0.000894884571717	0.000374511164375	0.0031340671124	3.5480005046e-05	3.94222278289e-05	0.000173457802447	0.00190015138135	0.000378453387158	0.000457297842816	0	0	9.06711240066e-05	0.000709600100921	0.00139554686514	0.00057162230352	0.00122603128548	0.00062681342248	0.000800271224927	1.57688911316e-05	3.94222278289e-06	0.000307493377066	4.33644506118e-05	0.000323262268197	0.00012220890627	8.67289012237e-05	2.75955594803e-05	3.94222278289e-06
0	0.000563737857954	3.94222278289e-06	0	0	0	1.18266683487e-05	1.18266683487e-05	2.36533366974e-05	6.70177873092e-05	1.57688911316e-05	0.0017503469156	3.94222278289e-06	0.00518008073672	2.36533366974e-05	0	3.94222278289e-06	3.94222278289e-05	0.000256244480888	0.000311435599849	0	7.88444556579e-06	0.000134035574618	1.97111139145e-05	3.94222278289e-05	0.0112786993819	0.00337060047937	0.00287782263151	1.97111139145e-05	4.33644506118e-05	7.88444556579e-06	0.00020499558471	0	3.94222278289e-06	0.000141920020184	3.94222278289e-06	0.00047700895673	1.18266683487e-05	0	0	0	1.97111139145e-05	0	1.18266683487e-05	3.94222278289e-06	1.57688911316e-05	0.00162813800934	2.75955594803e-05	0.00245206257096	3.94222278289e-05	7.88444556579e-06	3.94222278289e-06	7.88444556579e-06	6.30755645263e-05	3.5480005046e-05	1.97111139145e-05	3.94222278289e-06	1.57688911316e-05	1.57688911316e-05	1.57688911316e-05	0.00351646272234	0.00123391573105	0.0013837201968	1.18266683487e-05	6.30755645263e-05	3.94222278289e-06	0.000524315630125	1.57688911316e-05	0	0.000244417812539	3.94222278289e-05	0.0010841112653	0.000279897817585	1.97111139145e-05	7.88444556579e-06	0	0.000413933392204	1.97111139145e-05	0.00123785795383	0.000137977797401	2.36533366974e-05	0	0	5.12488961776e-05
0.000768733442664	0.00753752996089	0.00849943231992	0	3.94222278289e-05	1.18266683487e-05	0.000220764475842	0.00233379588747	0.000997382364072	0.000607102308566	0.000370568941592	0.00935095244102	4.33644506118e-05	0.00418664059543	0.00195534250032	3.15377822632e-05	0.000433644506118	0.01282010849	0.00557430301501	0.01494496657	2.75955594803e-05	0.00156506244481	0.00203812917876	0.00630361422985	0.000666235650309	0.00337060047937	0.085451621042	0.0222853853917	0.0022115869812	0.00164784912325	0.00230225810521	0.00140343131071	2.36533366974e-05	9.85555695723e-05	0.00761637441655	6.70177873092e-05	0.0127609751482	0.00123785795383	0	3.15377822632e-05	0	7.09600100921e-05	7.88444556579e-05	3.94222278289e-05	8.67289012237e-05	4.33644506118e-05	0.00149410243472	0.000102497792355	0.00237716033809	0.000157688911316	2.36533366974e-05	9.85555695723e-05	0.000611044531349	0.000315377822632	0.000977671250158	7.88444556579e-05	0.000157688911316	0.000370568941592	0.000816040116059	0.000153746688533	0.00741532105462	0.00832597451747	0.0145783398511	0.000185284470796	0.000240475589757	0.000130093351835	0.000658351204743	1.57688911316e-05	3.94222278289e-06	0.0013127601867	0.00538901854422	0.0103562192507	0.00874385013246	0.00221947142677	0.000145862242967	3.5480005046e-05	0.000114324460704	0.000760848997099	0.000957960136243	0.000993440141289	0.000358742273243	7.88444556579e-06	1.18266683487e-05	1.18266683487e-05
0.000193168916362	0.0141801753501	0.00684764097389	0	1.18266683487e-05	3.94222278289e-06	5.91333417434e-05	0.000772675665447	0.000260186703671	0.00100920903242	0.000126151129053	0.00104074681468	1.18266683487e-05	0.00245206257096	0.000484893402296	1.18266683487e-05	0.00484893402296	0.00382395609941	0.000307493377066	0.00155717799924	3.94222278289e-06	0.00171092468778	0.0121814683991	0.0108647659897	0.00190803582692	0.00287782263151	0.0222853853917	0.0709678945377	0.00202630251041	0.000433644506118	0.000981613472941	0.000197111139145	1.57688911316e-05	7.09600100921e-05	0.00247965813044	5.51911189605e-05	0.00834568563139	0.00286205374038	0	1.97111139145e-05	0	2.36533366974e-05	7.88444556579e-05	4.33644506118e-05	0.000110382237921	1.57688911316e-05	0.000437586728901	4.33644506118e-05	0.000689888987006	6.70177873092e-05	3.94222278289e-06	0.000516431184559	0.000812097893276	5.51911189605e-05	0.000390280055506	3.5480005046e-05	0.0002996089315	0.00378847609436	0.00437586728901	0.000193168916362	0.00243235145705	0.00281868928977	0.00996199697237	0.000307493377066	9.85555695723e-05	0.000137977797401	0.00014980446575	0	3.94222278289e-06	0.000689888987006	0.00622476977419	0.00578718304529	0.00355982717295	0.00211697363441	0.000165573356882	2.75955594803e-05	3.5480005046e-05	0.000670177873092	0.000520373407342	0.000697773432572	0.000413933392204	7.88444556579e-06	3.94222278289e-05	1.57688911316e-05
0.00296455153274	0.000717484546487	0.00369780497035	0	0.00714724990539	5.91333417434e-05	0.00380818720828	0.0374747697742	0.00790021445692	0.00730099659392	0.0162498423111	0.000244417812539	0.00132064463227	0.000134035574618	0.0119804150372	0.000220764475842	0.00342973382112	0.00087123123502	9.06711240066e-05	0.000473066733947	0.00387520499558	0.009587485808	0.00757695218872	0.00909076573735	0.0197071716917	1.97111139145e-05	0.0022115869812	0.00202630251041	0.0905567995459	0.00658745427022	0.0122169484042	0	9.46133467895e-05	0.00136400908288	0.00449019174972	0.000630755645263	0.000220764475842	0.000256244480888	0	0.0020499558471	0	0.000567680080737	0.000922480131197	0.00047700895673	0.00516825406837	0.000745080105967	5.51911189605e-05	0.00116689794374	0	0.000961902359026	0.00012220890627	0.000563737857954	0.000169515579664	1.57688911316e-05	4.33644506118e-05	0.00120632017157	0.00104468903747	0.00292118708212	0.00134429796897	0.00773069887725	1.57688911316e-05	0.000141920020184	0.00050460451621	0.00539690298978	0.0013364135234	0.00167544468273	0	1.18266683487e-05	0.000240475589757	0.00226677810016	0.00485681846853	0.00188438249022	0.00517219629116	0.00252696480383	0.00092642235398	5.91333417434e-05	2.75955594803e-05	0.00106834237416	0.00014980446575	0.00105257348303	0.000473066733947	0.000212880030276	0.000110382237921	1.18266683487e-05
0.00787261889744	0.000110382237921	0.000678062318658	0	0.000622871199697	0.000331146713763	0.00249542702157	0.0103365081367	0.00780560111013	0.00121026239435	0.00532594297969	0.00179371136622	0.000595275640217	0.00104074681468	0.0179647092216	0.000339031159329	0.000106440015138	0.000614986754131	0.000386337832724	0.0010841112653	0.000666235650309	0.000587391194651	0.000555853412388	0.00126545351331	0.00224312476347	4.33644506118e-05	0.00164784912325	0.000433644506118	0.00658745427022	0.0425957171692	0.00633515201211	1.57688911316e-05	0.000382395609941	0.00506575627602	0.0101157436609	0.000141920020184	9.06711240066e-05	4.73066733947e-05	0	0.000161631134099	0	9.85555695723e-05	0.000173457802447	0.00012220890627	0.000713542323704	7.4902232875e-05	3.94222278289e-05	0.000161631134099	1.57688911316e-05	0.00017740002523	1.97111139145e-05	3.5480005046e-05	2.36533366974e-05	7.88444556579e-06	1.57688911316e-05	0.00012220890627	8.67289012237e-05	0.000141920020184	0.000130093351835	0.00108805348808	3.5480005046e-05	7.88444556579e-05	0.00014980446575	0.000772675665447	0.000307493377066	0.00020499558471	7.88444556579e-06	3.94222278289e-06	7.4902232875e-05	0.000508546738993	0.00279109373029	0.00136795130566	0.00830626340356	0.00193168916362	0.000816040116059	0.000193168916362	6.30755645263e-05	0.000240475589757	1.97111139145e-05	0.000268071149237	9.85555695723e-05	4.73066733947e-05	1.97111139145e-05	3.15377822632e-05
