0.030959013891	0	0	0	0.000372080598382	0	0	0.0101702030224	0.00432185925813	8.58647534728e-05	0.00541901999695	0.000753701724927	0	1.90810563273e-05	0.0244809952679	0	0	0	6.67836971455e-05	0.000305296901236	0.00235651045642	0.000515188520837	0	0.000429323767364	0.00405472446955	0	9.54052816364e-06	1.90810563273e-05	0.0144061975271	0.011076553198	0.00537131735613	0	1.90810563273e-05	9.54052816364e-05	0.00394023813158	0	0	0	0	0	0	0	0	0	0	0	0	0	0	0	0	0	0	0	0	0	0	0	0	0	0	0	0	0	0	0	0	0	0	0	0.00129751183025	5.72431689818e-05	0.00353953594871	0.00114486337964	0	1.90810563273e-05	0	9.54052816364e-06	0	0	0	0	0	0
0	0.00884406960769	0.0003148374294	0	0	0	0	0	0	0.00238513204091	0	0	0	8.58647534728e-05	0	0	0	0	0	0	0	0	0.00342504961075	0	0.00246145626622	0.000524729049	0.00101129598535	0.00480842619447	0	0	0	0	0	0	0	0	0.00422645397649	0	0	0	0	0	0	0	9.54052816364e-06	0	1.90810563273e-05	0	0.000715539612273	0	0	8.58647534728e-05	0	1.90810563273e-05	0	0	0	0.000200351091436	0	0.000200351091436	0.00103037704167	1.90810563273e-05	0.00365402228667	0	0	0	9.54052816364e-06	0	0	0	0	9.54052816364e-06	0	0	0	0	0	0	0	0	0	0	0	9.54052816364e-06
0	0.0003148374294	0.0359964127614	0	0	0	0	0	0	0	0	1.90810563273e-05	0	0	0	0	0	0.0181270035109	0	1.90810563273e-05	0	0.00107807968249	0	0.0112482827049	0	0	0.008395664784	0.0166577621737	0	0	0	0	0	0	9.54052816364e-06	0	0.0061918027782	0	0	0	0	0	0	0	0	0	0	0	0	0	0	0	1.90810563273e-05	0	0.00134521447107	0	0	0	0	0	0	0.000391161654709	0.00600099221493	0	0	0	0	0	0	0	0.000190810563273	0.000333918485727	9.54052816364e-06	9.54052816364e-06	0	0	0	0	9.54052816364e-06	0	0	0	0	0
0	0	0	0	0	0	0	0	0	0	0	0	0	0	0	0	0	0	0	0	0	0	0	0	0	0	0	0	0	0	0	0	0	0	0	0	0	0	0	0	0	0	0	0	0	0	0	0	0	0	0	0	0	0	0	0	0	0	0	0	0	0	0	0	0	0	0	0	0	0	0	0	0	0	0	0	0	0	0	0	0	0	0	0
0.000372080598382	0	0	0	0.0108762021065	9.54052816364e-06	5.72431689818e-05	9.54052816364e-06	9.54052816364e-06	0.00137383605556	0.00211799725233	9.54052816364e-05	0.00196534880171	1.90810563273e-05	0.000171729506946	0.000171729506946	0	0	1.90810563273e-05	3.81621126546e-05	0.00685009922149	0	0	0	0.00294802320256	0	9.54052816364e-06	0	0.00202259197069	0.000553350633491	0	0	2.86215844909e-05	0	0.000705999084109	0	0	0	0	0.00129751183025	0	9.54052816364e-06	0	0	0.000324377957564	0.000171729506946	0	0.000372080598382	0	0	3.81621126546e-05	0	0	0	0	0.000515188520837	0	0	0	0.00161234925966	0	0	0	0.000543810105327	9.54052816364e-06	0	0	0	0	3.81621126546e-05	0.000763242253091	6.67836971455e-05	0.000477026408182	0.000305296901236	0.000181270035109	3.81621126546e-05	0	0.0003148374294	0	9.54052816364e-06	0	0.000305296901236	0	0
0	0	0	0	9.54052816364e-06	0.00217524042131	0.000705999084109	0	0.000333918485727	0.0002098916196	9.54052816364e-06	0	0.000124026866127	0	4.77026408182e-05	0.000324377957564	0	0	0	0	0	0	0	0	0.0001049458098	0	0	0	2.86215844909e-05	9.54052816364e-06	0	0	0.000877728591055	0	0.000257594260418	0	0	0	0	0	0	0	0	0	0	0	0	0	0	0	0	0	0	0	0	0	0	0	0	0	0	0	0	0	0	0	0	0	0	0	0.000248053732255	0	0.000152648450618	1.90810563273e-05	0.000801404365746	0.00107807968249	0	9.54052816364e-06	0	0	0	0	0	0
0	0	0	0	5.72431689818e-05	0.000705999084109	0.0268852083651	0.00507556098306	0.0149404671043	0.00121164707678	0.0163620058006	1.90810563273e-05	0.00405472446955	9.54052816364e-06	0.000601053274309	0.000343459013891	0	1.90810563273e-05	0	2.86215844909e-05	0.000858647534728	0	0	0	0.000190810563273	0	1.90810563273e-05	0	0.00460807510304	9.54052816364e-06	0	0	8.58647534728e-05	0	7.63242253091e-05	0	0	0	0	0	0	0	0	0	0	0	0	0	0	0	0	0	0	0	0	0	0	0	0	0	0	0	0	0	0	0	0	0	0	0	0.00221340253396	5.72431689818e-05	0.000620134330637	5.72431689818e-05	0.00207029461151	0	0	1.90810563273e-05	0	0	0	0	0	0
0.0101702030224	0	0	0	9.54052816364e-06	0	0.00507556098306	0.0610498397191	0.01096206686	0	0.0165623568921	0.000343459013891	0	0	0.0123549839719	0	2.86215844909e-05	0.0007346206686	9.54052816364e-06	0.000448404823691	0.0003148374294	0.00620134330637	0	0.00412150816669	0.000830025950237	0	0.000200351091436	0.000114486337964	0.0244142115708	0.00245191573806	0.0196344069608	0	5.72431689818e-05	9.54052816364e-06	0.00634445122882	3.81621126546e-05	0	5.72431689818e-05	0	9.54052816364e-06	0	0	0	0	0	0	0	0	0	4.77026408182e-05	0	0	0.000543810105327	0	0	0	1.90810563273e-05	0	0.00120210654862	9.54052816364e-06	0	0	0.000400702182873	0	0	3.81621126546e-05	0	0	0	0	0.00253778049153	2.86215844909e-05	0.00730804457335	0.0013642955274	0	7.63242253091e-05	0	0	0	0.000925431231873	0.00152648450618	0.000267134788582	0.000877728591055	0
0.00432185925813	0	0	0	9.54052816364e-06	0.000333918485727	0.0149404671043	0.01096206686	0.0448404823691	0.00118302549229	0.023670050374	0.000114486337964	0.00332010380095	9.54052816364e-06	0.0132040909785	6.67836971455e-05	0	1.90810563273e-05	2.86215844909e-05	7.63242253091e-05	0.00368264387116	0.000133567394291	0	4.77026408182e-05	0.000934971760037	0	8.58647534728e-05	0	0.0139482521752	0.00206075408335	0.000581972217982	0	0.000124026866127	9.54052816364e-06	0.0007346206686	0	0	0	0	0	0	0	0	0	0	0	0	0	0	0	0	0	0	0	0	0	0	0	0	0	0	0	0	0	0	0	0	0	0	0	0.00334872538544	9.54052816364e-05	0.0018890245764	0.000610593802473	0.00245191573806	0	0	9.54052816364e-06	0	0	0	9.54052816364e-06	0	0
8.58647534728e-05	0.00238513204091	0	0	0.00137383605556	0.0002098916196	0.00121164707678	0	0.00118302549229	0.0483990993741	0.000114486337964	0.000686918027782	0.00389253549076	0	0.000591512746146	0.00416921080751	2.86215844909e-05	7.63242253091e-05	0.000410242711036	0.000591512746146	0.000352999542055	0.000114486337964	0.00953098763548	0.000200351091436	0.0280873149138	0.000267134788582	0.000381621126546	0.000810944893909	0.0118207143947	0.000162188978782	9.54052816364e-06	0	0.0001049458098	9.54052816364e-06	0.000782323309418	0	6.67836971455e-05	0	0	0.00363494123035	9.54052816364e-06	1.90810563273e-05	2.86215844909e-05	9.54052816364e-06	0.0145874675622	0.000124026866127	0	0.000343459013891	0	9.54052816364e-06	0.000133567394291	0.0054571821096	1.90810563273e-05	1.90810563273e-05	5.72431689818e-05	0.000295756373073	0	0.0023088078156	0	0.0167627079835	1.90810563273e-05	1.90810563273e-05	0.0002098916196	0.00381621126546	1.90810563273e-05	0	0	0	0	0.000200351091436	0.00806174629828	0.00100175545718	0.000715539612273	0.000744161196764	0.0050373988704	8.58647534728e-05	0	0.00596283010227	0.000372080598382	0.000162188978782	0.000143107922455	0.000906350175546	0	0
0.00541901999695	0	0	0	0.00211799725233	9.54052816364e-06	0.0163620058006	0.0165623568921	0.023670050374	0.000114486337964	0.0575484658831	0.00382575179362	0.0113150664021	0.000162188978782	0.0105899862616	0	0	0	0.000515188520837	0.00182224087926	0.0145206838651	4.77026408182e-05	0	2.86215844909e-05	0.000467485880018	0	0.000486566936346	0	0.00924477179057	0.00730804457335	0.000267134788582	0	7.63242253091e-05	0	0.00709815295375	0	0	0	0	0.000725080140437	0	0	0	0	0	0.000181270035109	0	0.000200351091436	0	0	0	0	0	0	0	0.000324377957564	0	0	0	0.000915890703709	0	0	0	0.000248053732255	0	0	0	0	0	2.86215844909e-05	0.00180315982293	0.000505647992673	0.00605823538391	0.000677377499618	2.86215844909e-05	9.54052816364e-05	0	6.67836971455e-05	0	0	0	9.54052816364e-06	0	0
0.000753701724927	0	1.90810563273e-05	0	9.54052816364e-05	0	1.90810563273e-05	0.000343459013891	0.000114486337964	0.000686918027782	0.00382575179362	0.0273908563578	0.00258548313235	0.00328194168829	0.00289078003358	0	0	0.000496107464509	0.00317699587849	0.0131563883377	0.00357769806136	0.000295756373073	0	0.000152648450618	0.000677377499618	0.000667836971455	0.00254732101969	7.63242253091e-05	0.0018890245764	0.00723172034804	0.0001049458098	0	4.77026408182e-05	0.000286215844909	0.015102656083	0	7.63242253091e-05	0	0	5.72431689818e-05	0	0	0	0	9.54052816364e-06	0	5.72431689818e-05	0	0.000438864295527	0	0	0	0	0.000143107922455	0	0	0	0	0	7.63242253091e-05	0.000257594260418	0.000181270035109	0.000219432147764	5.72431689818e-05	0	0	5.72431689818e-05	0	0	0	0.00424553503282	0.00391161654709	0.0118493359792	0.000190810563273	1.90810563273e-05	0	0.000457945351855	0	0.000562891161655	0	0	0	0	0.000143107922455
0	0	0	0	0.00196534880171	0.000124026866127	0.00405472446955	0	0.00332010380095	0.00389253549076	0.0113150664021	0.00258548313235	0.0236223477332	0.000152648450618	0.00247099679438	0.0034632117234	0	0	0.000457945351855	0.00114486337964	0.0116489848878	0	0	0	0.00295756373073	0	0.000486566936346	0	5.72431689818e-05	0.00290032056175	0	0	0	0	0.00431231872996	0	0	0	0	0	0	0.000362540070218	0	1.90810563273e-05	0	0	0	0.000362540070218	0	6.67836971455e-05	0	0	0	0	0	0.000352999542055	0	0	0	0	0	0	0	0	0.000171729506946	0	0	0	0	0	0.00103991756984	0.000467485880018	0.00397840024424	0.000343459013891	0.00169821401313	0	0	0.000381621126546	0	1.90810563273e-05	0	7.63242253091e-05	0	0
1.90810563273e-05	8.58647534728e-05	0	0	1.90810563273e-05	0	9.54052816364e-06	0	9.54052816364e-06	0	0.000162188978782	0.00328194168829	0.000152648450618	0.0130419019997	0.000667836971455	0	0	0	0	9.54052816364e-06	0.000162188978782	0	1.90810563273e-05	0	0	0.00267134788582	0.00415012975118	0.00207983513967	0	0.00269996947031	0	5.72431689818e-05	0.0002098916196	0	0.00302434742787	0	0.000705999084109	0	0	0	0	0	0	0	0	0	0.000114486337964	0	0.00361586017402	0	0	0	0	0.00120210654862	9.54052816364e-06	0	0	0	0	0	0.00274767211113	0.00143107922455	0.00331056327278	0	0	0	0.00114486337964	0	0	1.90810563273e-05	2.86215844909e-05	0.00605823538391	0.002098916196	0	0	0	0.000763242253091	0	0.000696458555946	9.54052816364e-06	0	0	0	0.000143107922455
0.0244809952679	0	0	0	0.000171729506946	4.77026408182e-05	0.000601053274309	0.0123549839719	0.0132040909785	0.000591512746146	0.0105899862616	0.00289078003358	0.00247099679438	0.000667836971455	0.0511276904289	9.54052816364e-06	0	0	8.58647534728e-05	0.000677377499618	0.00465577774386	0.0006296748588	0	0.000457945351855	0.00664974813006	0	0.000496107464509	1.90810563273e-05	0.0203213249886	0.0182605709052	0.00410242711036	0	0	0.000352999542055	0.00796634101664	0	0	0	0	0	0	0	0	0	0	0	0	0	0	0	0	0	0	0	0	0	0	0	0	1.90810563273e-05	0	0	0	1.90810563273e-05	0	0	0	0	0	0	0.00296710425889	0.000658296443291	0.00771828728438	0.00189856510456	0.000782323309418	0	4.77026408182e-05	9.54052816364e-06	0	0	0	9.54052816364e-06	0	0
0	0	0	0	0.000171729506946	0.000324377957564	0.000343459013891	0	6.67836971455e-05	0.00416921080751	0	0	0.0034632117234	0	9.54052816364e-06	0.00580064112349	0	0	0	0	0	0	0	0	0.00315791482216	0	0	0	0.000124026866127	0	0	0	0	0	0	0	0	0	0	0	0	0	0	0	0	0	0	0	0	0	0	0	0	0	0	0	0	0	0	0	0	0	0	0	0	0	0	0	0	0	0	0	0	0	0.00336780644176	3.81621126546e-05	0	8.58647534728e-05	0	0	0	0	0	0
0	0	0	0	0	0	0	2.86215844909e-05	0	2.86215844909e-05	0	0	0	0	0	0	0.027285910548	0	0	0	0	0.00331056327278	0.0194817585102	0.0100747977408	0.0110288505572	0	9.54052816364e-06	0.00726034193253	0.00427415661731	0	2.86215844909e-05	0	0	0	2.86215844909e-05	0	6.67836971455e-05	0	0	0	0	0	0	0	0	0	0	0	0	0	0	0.0124026866127	0	0	0	0	0.00145016028087	0.0126411998168	0.00471302091284	0.00336780644176	0	0	0.00149786292169	0.00259502366051	0	0	0	0	0	0	0.00379713020913	0.00126889024576	8.58647534728e-05	9.54052816364e-06	0	0	0	2.86215844909e-05	0	0	9.54052816364e-06	0	0	0
0	0	0.0181270035109	0	0	0	1.90810563273e-05	0.0007346206686	1.90810563273e-05	7.63242253091e-05	0	0.000496107464509	0	0	0	0	0	0.0431518088841	0	0.00433139978629	0	0.00174591665395	0	0.014224927492	3.81621126546e-05	0	0.0140818195695	0.0115154174935	0.000181270035109	2.86215844909e-05	0.00122118760495	0	0	0	0.0079758815448	0	4.77026408182e-05	0	0	0	0	0	0	0	1.90810563273e-05	0	0	0	0	0	0	0	0.000362540070218	0	0.000152648450618	0	0	0	0.000248053732255	9.54052816364e-06	1.90810563273e-05	0.000124026866127	0.000639215386964	0	0	0	0	0	0	0	0.00567661425737	0.000362540070218	0.00595328957411	0.000753701724927	1.90810563273e-05	0	0	1.90810563273e-05	0	0.000305296901236	0.0004197832392	0	0.000143107922455	0
6.67836971455e-05	0	0	0	1.90810563273e-05	0	0	9.54052816364e-06	2.86215844909e-05	0.000410242711036	0.000515188520837	0.00317699587849	0.000457945351855	0	8.58647534728e-05	0	0	0	0.00733666615784	0.00243283468173	0.000505647992673	9.54052816364e-06	0	0	0	0	0.00326286063196	0.000391161654709	4.77026408182e-05	0.000477026408182	9.54052816364e-06	0	0	0	0.000572431689818	0	0	0	0	0	0	0	0	0	0	0	0	0	0	0	0	0	0	5.72431689818e-05	0	0	0	0	0	0	5.72431689818e-05	5.72431689818e-05	9.54052816364e-06	0	0	0	0	0	0	0	0.00180315982293	0.000849107006564	0.00110670126698	7.63242253091e-05	0	0	0	0	0	0	0	0	0	0
0.000305296901236	0	1.90810563273e-05	0	3.81621126546e-05	0	2.86215844909e-05	0.000448404823691	7.63242253091e-05	0.000591512746146	0.00182224087926	0.0131563883377	0.00114486337964	9.54052816364e-06	0.000677377499618	0	0	0.00433139978629	0.00243283468173	0.0239848878034	0.00165051137231	0.000639215386964	0	0.000324377957564	0.000524729049	0	0.00937833918486	0.00148832239353	0.00165051137231	0.00184132193558	0.000438864295527	0	0	0.000276675316746	0.0123836055564	0	0.000238513204091	0	0	3.81621126546e-05	0	0	0	0	0	0	0	0	9.54052816364e-06	0	0	0	0	0.000267134788582	0.000496107464509	0	0	0	0	4.77026408182e-05	0.000477026408182	0.000496107464509	5.72431689818e-05	3.81621126546e-05	0	0	0	0	0	0	0.00642077545413	0.00187948404824	0.0107044725996	0.0006296748588	2.86215844909e-05	0	0	0	0	0	0	0	0	0
0.00235651045642	0	0	0	0.00685009922149	0	0.000858647534728	0.0003148374294	0.00368264387116	0.000352999542055	0.0145206838651	0.00357769806136	0.0116489848878	0.000162188978782	0.00465577774386	0	0	0	0.000505647992673	0.00165051137231	0.0234315371699	0	0	0	0.00170775454129	0	0.000467485880018	0	0.00124980918944	0.00583880323615	0	0	2.86215844909e-05	0	0.00602961379942	0	0	0	0	0.000868188062891	0	9.54052816364e-06	0	0	0	8.58647534728e-05	0	2.86215844909e-05	0	0	0	0	0	0	0	9.54052816364e-05	0	0	0	0.000973133872691	0	0	0	0.000219432147764	9.54052816364e-06	0	0	0	0	1.90810563273e-05	0.00186040299191	0.000486566936346	0.00525683101817	0.000553350633491	3.81621126546e-05	2.86215844909e-05	0	8.58647534728e-05	0	9.54052816364e-06	0	5.72431689818e-05	0	0
0.000515188520837	0	0.00107807968249	0	0	0	0	0.00620134330637	0.000133567394291	0.000114486337964	4.77026408182e-05	0.000295756373073	0	0	0.0006296748588	0	0.00331056327278	0.00174591665395	9.54052816364e-06	0.000639215386964	0	0.049906502824	0.000467485880018	0.0313024729049	0.00277629369562	0	0.000372080598382	0.000705999084109	0.0118397954511	0.000286215844909	0.014110441154	0	0	0	0.00700274767211	0	0	0	0	0	0	0	0	0	3.81621126546e-05	0	0	0	0	0	0	0.000400702182873	0.000486566936346	0	0	0	0.0001049458098	0.000448404823691	0.00174591665395	0.000171729506946	0	0	3.81621126546e-05	0.000124026866127	0	0	0	0	0	0	0.0116108227751	0.00102083651351	0.00886315066402	0.00147878186536	0	0	0	5.72431689818e-05	0	0.000524729049	0.000982674400855	0.000162188978782	0.000276675316746	0
0	0.00342504961075	0	0	0	0	0	0	0	0.00953098763548	0	0	0	1.90810563273e-05	0	0	0.0194817585102	0	0	0	0	0.000467485880018	0.0474164249733	0.0115822011907	0.0205980003053	0.000267134788582	0.000591512746146	0.0153602503435	0.00807128682644	0	0	0	0	0	0	0	0.00173637612578	0	0	9.54052816364e-06	0	0	0	0	0.00299572584338	0	0	0	0	0	0	0.019825217524	0	1.90810563273e-05	0	0	0.00168867348496	0.0232311860785	0.00572431689818	0.00771828728438	2.86215844909e-05	1.90810563273e-05	0.00774690886887	0.003148374294	0	0	9.54052816364e-06	0	0	0	0	4.77026408182e-05	0	0	0	0	0	1.90810563273e-05	0	0	0	0	0	0
0.000429323767364	0	0.0112482827049	0	0	0	0	0.00412150816669	4.77026408182e-05	0.000200351091436	2.86215844909e-05	0.000152648450618	0	0	0.000457945351855	0	0.0100747977408	0.014224927492	0	0.000324377957564	0	0.0313024729049	0.0115822011907	0.0963211723401	0.00131659288658	0	0.000228972675927	0.0290509082583	0.00210845672416	0.000276675316746	0.0087105022134	0	0	1.90810563273e-05	0.00662112654557	3.81621126546e-05	9.54052816364e-06	5.72431689818e-05	0	0	0	0	0	0	0.000305296901236	0	0	0	0	3.81621126546e-05	0	0.0106186078461	0.000849107006564	0	0	0	0.00150740344985	0.0198920012212	0.00982674400855	2.86215844909e-05	0	0	0.0148355212945	0.000324377957564	0	3.81621126546e-05	0	0	0	0	0.0180983819264	0.00211799725233	0.00786139520684	0.000849107006564	0	0	0	0.000343459013891	0	0.00119256602045	0.00227064570295	0.000400702182873	0.000782323309418	0
0.00405472446955	0.00246145626622	0	0	0.00294802320256	0.0001049458098	0.000190810563273	0.000830025950237	0.000934971760037	0.0280873149138	0.000467485880018	0.000677377499618	0.00295756373073	0	0.00664974813006	0.00315791482216	0.0110288505572	3.81621126546e-05	0	0.000524729049	0.00170775454129	0.00277629369562	0.0205980003053	0.00131659288658	0.0663829949626	0.000267134788582	0.000267134788582	0.00226110517478	0.0278010990688	0.00585788429247	1.90810563273e-05	0	0.000162188978782	0.0006296748588	0.00347275225156	0	0.000124026866127	0	0	0.00318653640666	9.54052816364e-06	9.54052816364e-06	0	9.54052816364e-06	0.00830980003053	0	9.54052816364e-06	0.000267134788582	0	0	0.0001049458098	0.0114677148527	0	1.90810563273e-05	0	0.000124026866127	0	0.00777553045337	7.63242253091e-05	0.0172683559762	1.90810563273e-05	1.90810563273e-05	0.000133567394291	0.00604869485575	0	0	0	0	0	9.54052816364e-05	0.00678331552435	0.00121164707678	0.00249007785071	0.00147878186536	0.00270950999847	0.000114486337964	0	0.000696458555946	0	0.0001049458098	0.0001049458098	0.000601053274309	0	0
0	0.000524729049	0	0	0	0	0	0	0	0.000267134788582	0	0.000667836971455	0	0.00267134788582	0	0	0	0	0	0	0	0	0.000267134788582	0	0.000267134788582	0.00483704777897	0.000591512746146	0.000992214929018	0	0	0	0	0	0	0	0	0	0	0	0	0	0	0	0	0	0	8.58647534728e-05	0	0.00187948404824	0	0	0	0	2.86215844909e-05	0	0	0	0	0	0	0.000248053732255	0	0.000305296901236	0	0	0	0.000124026866127	0	0	0	0	0.00141199816822	0	0	0	0	0.000715539612273	0	0.000705999084109	0	0	0	0	0.000133567394291
9.54052816364e-06	0.00101129598535	0.008395664784	0	9.54052816364e-06	0	1.90810563273e-05	0.000200351091436	8.58647534728e-05	0.000381621126546	0.000486566936346	0.00254732101969	0.000486566936346	0.00415012975118	0.000496107464509	0	9.54052816364e-06	0.0140818195695	0.00326286063196	0.00937833918486	0.000467485880018	0.000372080598382	0.000591512746146	0.000228972675927	0.000267134788582	0.000591512746146	0.058244924439	0.0197584338269	0.000238513204091	0.000763242253091	0.000352999542055	9.54052816364e-06	0	0	0.0058769653488	0	0.00858647534728	0	0	0	0	0	0	0	5.72431689818e-05	0	1.90810563273e-05	0	0.00194626774538	0	0	0	0	0.0053522362998	0.00151694397802	0	0	0.0001049458098	0	0.0001049458098	0.0125553350633	0.00708861242558	0.0153030071745	0	0	0	0.00118302549229	0	0	0	0.00392115707526	0.00642077545413	0.00547626316593	0.000477026408182	1.90810563273e-05	0	0	0	0	0	0	0	0	0
1.90810563273e-05	0.00480842619447	0.0166577621737	0	0	0	0	0.000114486337964	0	0.000810944893909	0	7.63242253091e-05	0	0.00207983513967	1.90810563273e-05	0	0.00726034193253	0.0115154174935	0.000391161654709	0.00148832239353	0	0.000705999084109	0.0153602503435	0.0290509082583	0.00226110517478	0.000992214929018	0.0197584338269	0.108494886277	0.000591512746146	0	0.000114486337964	2.86215844909e-05	0	0	0.000171729506946	0	0.033754388643	0	0	0	0	0	0	0	0.000286215844909	0	9.54052816364e-06	0	0.0009445122882	0	0	0.00835750267135	0.000114486337964	0.000133567394291	0.00358723858953	0	0	0.0183750572432	0.00311021218135	0.000152648450618	0.0058769653488	0.00240421309724	0.0580731949321	0	0	0	0.000610593802473	0	0	0	0.00394977865975	0.00219432147764	0.000562891161655	0.000248053732255	9.54052816364e-06	0	0	0.000954052816364	0.000400702182873	8.58647534728e-05	0.000124026866127	9.54052816364e-06	9.54052816364e-06	0
0.0144061975271	0	0	0	0.00202259197069	2.86215844909e-05	0.00460807510304	0.0244142115708	0.0139482521752	0.0118207143947	0.00924477179057	0.0018890245764	5.72431689818e-05	0	0.0203213249886	0.000124026866127	0.00427415661731	0.000181270035109	4.77026408182e-05	0.00165051137231	0.00124980918944	0.0118397954511	0.00807128682644	0.00210845672416	0.0278010990688	0	0.000238513204091	0.000591512746146	0.0963879560372	0.013175469394	0.00872004274157	0	0.0002098916196	0.00108762021065	0.00900625858648	0	0	0	0	0.00580064112349	9.54052816364e-06	9.54052816364e-06	0	9.54052816364e-06	0.00596283010227	9.54052816364e-06	9.54052816364e-06	0.000219432147764	0	9.54052816364e-06	7.63242253091e-05	0.01096206686	0	0	0	7.63242253091e-05	9.54052816364e-06	0.00468439932835	0.0001049458098	0.0157609525263	0	0	2.86215844909e-05	0.00436002137078	9.54052816364e-06	0	0	0	0	0.000133567394291	0.0137479010838	0.000992214929018	0.00823347580522	0.00330102274462	0.000391161654709	0.000238513204091	0	0.000601053274309	1.90810563273e-05	0.000152648450618	0.000200351091436	0.000448404823691	0	0
0.011076553198	0	0	0	0.000553350633491	9.54052816364e-06	9.54052816364e-06	0.00245191573806	0.00206075408335	0.000162188978782	0.00730804457335	0.00723172034804	0.00290032056175	0.00269996947031	0.0182605709052	0	0	2.86215844909e-05	0.000477026408182	0.00184132193558	0.00583880323615	0.000286215844909	0	0.000276675316746	0.00585788429247	0	0.000763242253091	0	0.013175469394	0.0379713020913	0.00286215844909	0	0.000925431231873	0.00207029461151	0.014635170203	0	0	0	0	5.72431689818e-05	0	9.54052816364e-06	0	0	0	0	9.54052816364e-06	9.54052816364e-06	0	0	0	0	0	0	0	9.54052816364e-06	0	0	0	6.67836971455e-05	0	0	0	4.77026408182e-05	9.54052816364e-06	0	0	0	0	9.54052816364e-06	0.000438864295527	0.00162188978782	0.0100557166845	0.000906350175546	0	0.000267134788582	0.0001049458098	0	0	0	0	0	0	0
0.00537131735613	0	0	0	0	0	0	0.0196344069608	0.000581972217982	9.54052816364e-06	0.000267134788582	0.0001049458098	0	0	0.00410242711036	0	2.86215844909e-05	0.00122118760495	9.54052816364e-06	0.000438864295527	0	0.014110441154	0	0.0087105022134	1.90810563273e-05	0	0.000352999542055	0.000114486337964	0.00872004274157	0.00286215844909	0.0436765379331	0	0	0.000438864295527	0.0111147153106	3.81621126546e-05	0	5.72431689818e-05	0	0	0	0	0	0	0	0	0	0	0	4.77026408182e-05	0	0	0.000543810105327	0	0	0	1.90810563273e-05	0	0.00120210654862	0	0	0	0.000400702182873	0	0	3.81621126546e-05	0	0	0	0	0.00282399633644	3.81621126546e-05	0.00966455502977	0.0012593497176	0	0	0	0	0	0.000925431231873	0.00152648450618	0.000267134788582	0.000877728591055	0
0	0	0	0	0	0	0	0	0	0	0	0	0	5.72431689818e-05	0	0	0	0	0	0	0	0	0	0	0	0	9.54052816364e-06	2.86215844909e-05	0	0	0	7.63242253091e-05	0	0	0	0	0	0	0	0	0	0	0	0	0	0	0	0	9.54052816364e-06	0	0	0	0	0	0	0	0	0	0	0	0	9.54052816364e-06	9.54052816364e-06	0	0	0	9.54052816364e-06	0	0	0	0	3.81621126546e-05	0	0	0	0	0	0	0	0	0	0	0	0
1.90810563273e-05	0	0	0	2.86215844909e-05	0.000877728591055	8.58647534728e-05	5.72431689818e-05	0.000124026866127	0.0001049458098	7.63242253091e-05	4.77026408182e-05	0	0.0002098916196	0	0	0	0	0	0	2.86215844909e-05	0	0	0	0.000162188978782	0	0	0	0.0002098916196	0.000925431231873	0	0	0.00360631964586	2.86215844909e-05	0.0017840787666	0	0	0	0	9.54052816364e-06	0	0	0	0	9.54052816364e-06	0	0	0	0	0	0	0	0	0	0	0	0	0	0	3.81621126546e-05	0	0	0	3.81621126546e-05	0	0	0	0	0	0	0.000601053274309	0.000219432147764	0.00112578232331	0.000553350633491	0.0004197832392	0.00194626774538	5.72431689818e-05	0	0	0	0	0	0	0
9.54052816364e-05	0	0	0	0	0	0	9.54052816364e-06	9.54052816364e-06	9.54052816364e-06	0	0.000286215844909	0	0	0.000352999542055	0	0	0	0	0.000276675316746	0	0	0	1.90810563273e-05	0.0006296748588	0	0	0	0.00108762021065	0.00207029461151	0.000438864295527	0	2.86215844909e-05	0.00349183330789	0.00203213249886	0	0	0	0	0	0	0	0	0	9.54052816364e-06	0	0	0	0	0	0	0	0	0	0	0	0	0	0	9.54052816364e-06	0	0	0	9.54052816364e-06	0	0	0	0	0	0	0.000219432147764	0	0.0012593497176	0.000410242711036	0	2.86215844909e-05	0	0	0	0	0	0	0	0
0.00394023813158	0	9.54052816364e-06	0	0.000705999084109	0.000257594260418	7.63242253091e-05	0.00634445122882	0.0007346206686	0.000782323309418	0.00709815295375	0.015102656083	0.00431231872996	0.00302434742787	0.00796634101664	0	2.86215844909e-05	0.0079758815448	0.000572431689818	0.0123836055564	0.00602961379942	0.00700274767211	0	0.00662112654557	0.00347275225156	0	0.0058769653488	0.000171729506946	0.00900625858648	0.014635170203	0.0111147153106	0	0.0017840787666	0.00203213249886	0.0587982750725	0	0	0	0	0.000152648450618	0	1.90810563273e-05	0	0	0.000200351091436	1.90810563273e-05	1.90810563273e-05	3.81621126546e-05	0	0	0	1.90810563273e-05	0.000171729506946	9.54052816364e-06	0	3.81621126546e-05	0	0	3.81621126546e-05	0.000620134330637	0	0	0	0.000438864295527	1.90810563273e-05	0	0	0	0	2.86215844909e-05	0.00715539612273	0.0022038620058	0.038476950084	0.00596283010227	2.86215844909e-05	0.00108762021065	0.000152648450618	5.72431689818e-05	0	0.000152648450618	0.000171729506946	0	2.86215844909e-05	0
0	0	0	0	0	0	0	3.81621126546e-05	0	0	0	0	0	0	0	0	0	0	0	0	0	0	0	3.81621126546e-05	0	0	0	0	0	0	3.81621126546e-05	0	0	0	0	0.0191860021371	0	0.0030434284842	0	1.90810563273e-05	2.86215844909e-05	6.67836971455e-05	0.00183178140742	0.002098916196	0	7.63242253091e-05	0	3.81621126546e-05	0	0.0136334147458	0	0.000524729049	0.00243283468173	0	9.54052816364e-06	6.67836971455e-05	0.000114486337964	0	0.00254732101969	0.00429323767364	0	0.000877728591055	0.000286215844909	0.00415967027935	0.00488475041978	0.0110956342543	0	0	0.000228972675927	0.000343459013891	3.81621126546e-05	0	0	0	0	0	0	0.000200351091436	0	0.00122118760495	0.000534269577164	3.81621126546e-05	0.000219432147764	0
0	0.00422645397649	0.0061918027782	0	0	0	0	0	0	6.67836971455e-05	0	7.63242253091e-05	0	0.000705999084109	0	0	6.67836971455e-05	4.77026408182e-05	0	0.000238513204091	0	0	0.00173637612578	9.54052816364e-06	0.000124026866127	0	0.00858647534728	0.033754388643	0	0	0	0	0	0	0	0	0.0475404518394	0	0	0	0	0	0	0	0.000849107006564	0	0	3.81621126546e-05	0.00160280873149	0	0	0.00353953594871	0	0.001574187147	0.00160280873149	0	2.86215844909e-05	0.00893947488933	4.77026408182e-05	0.00449358876507	0.0103705541139	0.00386391390627	0.0399175698367	0	0	0	0.000114486337964	0	0	0	0	0.000515188520837	0	0	0	0	0	1.90810563273e-05	0	0	0	0	0	0
0	0	0	0	0	0	0	5.72431689818e-05	0	0	0	0	0	0	0	0	0	0	0	0	0	0	0	5.72431689818e-05	0	0	0	0	0	0	5.72431689818e-05	0	0	0	0	0.0030434284842	0	0.0215234315372	0	0	0	0	0	9.54052816364e-06	0	0	0	0	0	0.00254732101969	0	0	0.00405472446955	0	0.00127843077393	0	0.0007346206686	0	0.00789001679133	0	0	0.0103133109449	0.0064016943978	0	0.000763242253091	0.00355861700504	0	0	0	9.54052816364e-06	5.72431689818e-05	0	1.90810563273e-05	0	0	0	0	9.54052816364e-06	0	0.0002098916196	0.000133567394291	3.81621126546e-05	5.72431689818e-05	0
0	0	0	0	0	0	0	0	0	0	0	0	0	0	0	0	0	0	0	0	0	0	0	0	0	0	0	0	0	0	0	0	0	0	0	0	0	0	0	0	0	0	0	0	0	0	0	0	0	0	0	0	0	0	0	0	0	0	0	0	0	0	0	0	0	0	0	0	0	0	0	0	0	0	0	0	0	0	0	0	0	0	0	0
0	0	0	0	0.00129751183025	0	0	9.54052816364e-06	0	0.00363494123035	0.000725080140437	5.72431689818e-05	0	0	0	0	0	0	0	3.81621126546e-05	0.000868188062891	0	9.54052816364e-06	0	0.00318653640666	0	0	0	0.00580064112349	5.72431689818e-05	0	0	9.54052816364e-06	0	0.000152648450618	1.90810563273e-05	0	0	0	0.0175354907648	9.54052816364e-06	0.00202259197069	0	0.000343459013891	0.000763242253091	0.00234696992826	0.000162188978782	0.00310067165318	0	9.54052816364e-05	0.000267134788582	0	0	4.77026408182e-05	9.54052816364e-06	0.00599145168677	0	0	0	0.0100557166845	0	4.77026408182e-05	0	0.00462715615936	0.000791863837582	1.90810563273e-05	0	0	0	0.000257594260418	4.77026408182e-05	0	7.63242253091e-05	3.81621126546e-05	0	9.54052816364e-06	0	0.000524729049	0	0.000887269119218	0.000181270035109	0.000515188520837	0	0
0	0	0	0	0	0	0	0	0	9.54052816364e-06	0	0	0	0	0	0	0	0	0	0	0	0	0	0	9.54052816364e-06	0	0	0	9.54052816364e-06	0	0	0	0	0	0	2.86215844909e-05	0	0	0	9.54052816364e-06	0.00376850862464	0.00284307739276	0	0.0011544039078	0.000448404823691	1.90810563273e-05	0	9.54052816364e-06	0	2.86215844909e-05	0.00113532285147	0	0	0	0	1.90810563273e-05	0	0	0	0.000763242253091	0	0	0	0.000248053732255	1.90810563273e-05	5.72431689818e-05	0	2.86215844909e-05	0	0.000257594260418	0	0	0	0	0	0	0	0.000877728591055	0	0.00117348496413	0.0004197832392	0.000562891161655	0.000534269577164	0
0	0	0	0	9.54052816364e-06	0	0	0	0	1.90810563273e-05	0	0	0.000362540070218	0	0	0	0	0	0	0	9.54052816364e-06	0	0	0	9.54052816364e-06	0	0	0	9.54052816364e-06	9.54052816364e-06	0	0	0	0	1.90810563273e-05	6.67836971455e-05	0	0	0	0.00202259197069	0.00284307739276	0.0365879255076	0.00161234925966	0.0149595481606	0.0004197832392	0.0116299038315	0.00108762021065	0.0119733628454	0	0.00155510609067	0.00284307739276	9.54052816364e-06	0	0.000238513204091	9.54052816364e-06	0.00722217981987	1.90810563273e-05	0	1.90810563273e-05	0.00277629369562	0	6.67836971455e-05	0	0.00599145168677	0.00705045031293	0.0001049458098	0	0.000295756373073	9.54052816364e-06	0.00259502366051	9.54052816364e-06	0	0	0	0	0	0	0.00319607693482	4.77026408182e-05	0.00478934513815	0.000973133872691	0.00138337658373	0.000658296443291	0
0	0	0	0	0	0	0	0	0	2.86215844909e-05	0	0	0	0	0	0	0	0	0	0	0	0	0	0	0	0	0	0	0	0	0	0	0	0	0	0.00183178140742	0	0	0	0	0	0.00161234925966	0.029795069455	0.00387345443444	5.72431689818e-05	0.00243283468173	9.54052816364e-06	9.54052816364e-05	0	0.00599145168677	0.0001049458098	0.000343459013891	0	0	0	0	0	0	0	0.00579110059533	0	0	0	0.0106567699588	0.000152648450618	0.00330102274462	0	0	0	7.63242253091e-05	0	0	0	0	0	0	0	9.54052816364e-06	0	5.72431689818e-05	3.81621126546e-05	4.77026408182e-05	0	0
0	0	0	0	0	0	0	0	0	9.54052816364e-06	0	0	1.90810563273e-05	0	0	0	0	0	0	0	0	0	0	0	9.54052816364e-06	0	0	0	9.54052816364e-06	0	0	0	0	0	0	0.002098916196	0	9.54052816364e-06	0	0.000343459013891	0.0011544039078	0.0149595481606	0.00387345443444	0.036320790719	9.54052816364e-06	0.00718401770722	0.000257594260418	0.0024137536254	0.000219432147764	0.0138814684781	0.000343459013891	0.00189856510456	9.54052816364e-06	0	0	0.00124026866127	0.00122118760495	0	0.00116394443596	0.00772782781255	0	0	0	0.0106567699588	0.00362540070218	0.000648755915127	0	0.001049458098	3.81621126546e-05	0.00210845672416	0	0	0	0	0	0	0	0.00245191573806	0	0.0038829949626	0.00140245764005	0.000305296901236	0.00127843077393	0
0	9.54052816364e-06	0	0	0.000324377957564	0	0	0	0	0.0145874675622	0	9.54052816364e-06	0	0	0	0	0	1.90810563273e-05	0	0	0	3.81621126546e-05	0.00299572584338	0.000305296901236	0.00830980003053	0	5.72431689818e-05	0.000286215844909	0.00596283010227	0	0	0	9.54052816364e-06	9.54052816364e-06	0.000200351091436	0	0.000849107006564	0	0	0.000763242253091	0.000448404823691	0.0004197832392	5.72431689818e-05	9.54052816364e-06	0.0268279651962	0	0	0.000601053274309	0	1.90810563273e-05	0.000763242253091	0.00498969622958	0	0	0	7.63242253091e-05	0	0.00816669210808	0	0.0198442985804	0.000524729049	0	0.000238513204091	0.00290032056175	9.54052816364e-06	0	0	0	0	0.000238513204091	0.00310067165318	0.000257594260418	0.0001049458098	0.000133567394291	0	9.54052816364e-06	0	0.00297664478706	0	0.000219432147764	0.000200351091436	0.000954052816364	9.54052816364e-06	0
0	0	0	0	0.000171729506946	0	0	0	0	0.000124026866127	0.000181270035109	0	0	0	0	0	0	0	0	0	8.58647534728e-05	0	0	0	0	0	0	0	9.54052816364e-06	0	0	0	0	0	1.90810563273e-05	7.63242253091e-05	0	0	0	0.00234696992826	1.90810563273e-05	0.0116299038315	0.00243283468173	0.00718401770722	0	0.0339547397344	0.00467485880018	0.0132517936193	0	0.00477026408182	5.72431689818e-05	0	0	0.000715539612273	0.000181270035109	0.00821439474889	0	0	0	0.000486566936346	0	0.000324377957564	0	0.00590558693329	0.00956914974813	9.54052816364e-06	0	9.54052816364e-06	0	0.0061918027782	7.63242253091e-05	0	0	0	0	0	0	0.000858647534728	1.90810563273e-05	0.00397840024424	0.000372080598382	0	0	0
0	1.90810563273e-05	0	0	0	0	0	0	0	0	0	5.72431689818e-05	0	0.000114486337964	0	0	0	0	0	0	0	0	0	0	9.54052816364e-06	8.58647534728e-05	1.90810563273e-05	9.54052816364e-06	9.54052816364e-06	9.54052816364e-06	0	0	0	0	1.90810563273e-05	0	0	0	0	0.000162188978782	0	0.00108762021065	9.54052816364e-06	0.000257594260418	0	0.00467485880018	0.0287360708289	0.00600099221493	0.0054571821096	0.00411196763853	4.77026408182e-05	0	0	0.00644939703862	0.000705999084109	0.00352045489238	9.54052816364e-06	0	9.54052816364e-06	0.000324377957564	0.000352999542055	0.00175545718211	0.0003148374294	0.0018890245764	0.00706953136926	3.81621126546e-05	0.00189856510456	0.00121164707678	0	0.0112005800641	2.86215844909e-05	0.000324377957564	0	0	0	0	4.77026408182e-05	0.00267134788582	0.00422645397649	0.00927339337506	9.54052816364e-05	0	9.54052816364e-06	0.0003148374294
0	0	0	0	0.000372080598382	0	0	0	0	0.000343459013891	0.000200351091436	0	0.000362540070218	0	0	0	0	0	0	0	2.86215844909e-05	0	0	0	0.000267134788582	0	0	0	0.000219432147764	9.54052816364e-06	0	0	0	0	3.81621126546e-05	3.81621126546e-05	3.81621126546e-05	0	0	0.00310067165318	9.54052816364e-06	0.0119733628454	9.54052816364e-05	0.0024137536254	0.000601053274309	0.0132517936193	0.00600099221493	0.0282304228362	0	0.00442680506793	0.000934971760037	0	0	0.000896809647382	0.000276675316746	0.0148927644634	9.54052816364e-06	0.000248053732255	9.54052816364e-06	0.00114486337964	1.90810563273e-05	0.000429323767364	0	0.0045126698214	0.0128320103801	5.72431689818e-05	0	0	9.54052816364e-06	0.00812852999542	3.81621126546e-05	0	0	0	0	0	0	0.00191764616089	5.72431689818e-05	0.00591512746146	0.000639215386964	0.000868188062891	0	0
0	0.000715539612273	0	0	0	0	0	0	0	0	0	0.000438864295527	0	0.00361586017402	0	0	0	0	0	9.54052816364e-06	0	0	0	0	0	0.00187948404824	0.00194626774538	0.0009445122882	0	0	0	9.54052816364e-06	0	0	0	0	0.00160280873149	0	0	0	0	0	0	0.000219432147764	0	0	0.0054571821096	0	0.0166196000611	0.000992214929018	0	0	0	0.000505647992673	0	0	0	0	0	0	0.00463669668753	0.0008395664784	0.00421691344833	0	0.000486566936346	0	0.00375896809647	0.000276675316746	0	0.00127843077393	2.86215844909e-05	0.00363494123035	0	0	0	0	0.000114486337964	0	0.00102083651351	0.00140245764005	0	0	0	0.000343459013891
0	0	0	0	0	0	0	4.77026408182e-05	0	9.54052816364e-06	0	0	6.67836971455e-05	0	0	0	0	0	0	0	0	0	0	3.81621126546e-05	0	0	0	0	9.54052816364e-06	0	4.77026408182e-05	0	0	0	0	0.0136334147458	0	0.00254732101969	0	9.54052816364e-05	2.86215844909e-05	0.00155510609067	0.00599145168677	0.0138814684781	1.90810563273e-05	0.00477026408182	0.00411196763853	0.00442680506793	0.000992214929018	0.0447355365593	1.90810563273e-05	0.000868188062891	0.00182224087926	0.000448404823691	1.90810563273e-05	0.00152648450618	0.0008395664784	0	0.00289078003358	0.00727942298886	0	0.001049458098	0.000257594260418	0.00900625858648	0.0156750877729	0.00935925812853	0	0.00163143031598	6.67836971455e-05	0.00666882918638	4.77026408182e-05	0	9.54052816364e-06	0	0	0	0	0.00101129598535	9.54052816364e-06	0.00644939703862	0.00152648450618	7.63242253091e-05	0.000667836971455	0
0	0	0	0	3.81621126546e-05	0	0	0	0	0.000133567394291	0	0	0	0	0	0	0	0	0	0	0	0	0	0	0.0001049458098	0	0	0	7.63242253091e-05	0	0	0	0	0	0	0	0	0	0	0.000267134788582	0.00113532285147	0.00284307739276	0.0001049458098	0.000343459013891	0.000763242253091	5.72431689818e-05	4.77026408182e-05	0.000934971760037	0	1.90810563273e-05	0.00581972217982	0	0	9.54052816364e-06	0	0.000257594260418	0	0	0	0.0013642955274	0	0	0	0.0002098916196	0.000171729506946	0	0	0	0	0.000333918485727	0	0	0	0	0	0	0	0.000562891161655	0	0.000372080598382	0	0.00308159059686	0	0
0	8.58647534728e-05	0	0	0	0	0	0	0	0.0054571821096	0	0	0	0	0	0	0.0124026866127	0	0	0	0	0.000400702182873	0.019825217524	0.0106186078461	0.0114677148527	0	0	0.00835750267135	0.01096206686	0	0	0	0	0	1.90810563273e-05	0.000524729049	0.00353953594871	0	0	0	0	9.54052816364e-06	0.000343459013891	0.00189856510456	0.00498969622958	0	0	0	0	0.000868188062891	0	0.0487520989162	2.86215844909e-05	2.86215844909e-05	0.000200351091436	0	0.000391161654709	0.028860097695	0.00666882918638	0.0188139215387	0.000219432147764	0.000143107922455	0.00942604182568	0.00792817890398	0.000295756373073	0.0016791329568	0	0	0.000267134788582	0.000248053732255	0.000333918485727	3.81621126546e-05	1.90810563273e-05	1.90810563273e-05	0	0	0	0.00337734696993	0.00202259197069	6.67836971455e-05	5.72431689818e-05	0	5.72431689818e-05	0
0	0	1.90810563273e-05	0	0	0	0	0.000543810105327	0	1.90810563273e-05	0	0	0	0	0	0	0	0.000362540070218	0	0	0	0.000486566936346	0	0.000849107006564	0	0	0	0.000114486337964	0	0	0.000543810105327	0	0	0	0.000171729506946	0.00243283468173	0	0.00405472446955	0	0	0	0	0	9.54052816364e-06	0	0	0	0	0	0.00182224087926	0	2.86215844909e-05	0.0250248053732	0	0.0074511524958	0	0.000152648450618	0	0.00969317661426	2.86215844909e-05	0	0.00152648450618	0.00489429094795	0	0.000696458555946	0.00284307739276	0	0	0	0.00567661425737	0.00148832239353	9.54052816364e-06	0.00123072813311	0.000162188978782	0	0	0	0.00228018623111	0.000791863837582	0.00423599450466	0.003148374294	3.81621126546e-05	0.00108762021065	0
0	1.90810563273e-05	0	0	0	0	0	0	0	1.90810563273e-05	0	0.000143107922455	0	0.00120210654862	0	0	0	0	5.72431689818e-05	0.000267134788582	0	0	1.90810563273e-05	0	1.90810563273e-05	2.86215844909e-05	0.0053522362998	0.000133567394291	0	0	0	0	0	0	9.54052816364e-06	0	0.001574187147	0	0	4.77026408182e-05	0	0.000238513204091	0	0	0	0.000715539612273	0.00644939703862	0.000896809647382	0.000505647992673	0.000448404823691	9.54052816364e-06	2.86215844909e-05	0	0.0186231109754	0.00296710425889	0.000448404823691	8.58647534728e-05	0	9.54052816364e-05	7.63242253091e-05	0.00589604640513	0.00892993436117	0.00483704777897	0.000162188978782	0.000667836971455	0	0.000190810563273	0	0	0.000753701724927	0	0.00181270035109	2.86215844909e-05	0	0	0	0	0.0054571821096	0.00654480232026	0.00359677911769	0.000190810563273	0	0.0001049458098	0
0	0	0.00134521447107	0	0	0	0	0	0	5.72431689818e-05	0	0	0	9.54052816364e-06	0	0	0	0.000152648450618	0	0.000496107464509	0	0	0	0	0	0	0.00151694397802	0.00358723858953	0	0	0	0	0	0	0	9.54052816364e-06	0.00160280873149	0.00127843077393	0	9.54052816364e-06	0	9.54052816364e-06	0	0	0	0.000181270035109	0.000705999084109	0.000276675316746	0	1.90810563273e-05	0	0.000200351091436	0.0074511524958	0.00296710425889	0.0386105174782	0.0002098916196	6.67836971455e-05	0	0.000114486337964	0.000200351091436	0.000725080140437	0.0139577927034	0.00872004274157	1.90810563273e-05	7.63242253091e-05	9.54052816364e-06	0	0	0	0.00628720805984	6.67836971455e-05	0.000343459013891	0	0	0	0	0	0.00831934055869	0.00948328499466	0.00407380552587	0.000648755915127	0	7.63242253091e-05	0
0	0	0	0	0.000515188520837	0	0	0	0	0.000295756373073	0.000324377957564	0	0.000352999542055	0	0	0	0	0	0	0	9.54052816364e-05	0	0	0	0.000124026866127	0	0	0	7.63242253091e-05	9.54052816364e-06	0	0	0	0	3.81621126546e-05	6.67836971455e-05	0	0	0	0.00599145168677	1.90810563273e-05	0.00722217981987	0	0.00124026866127	7.63242253091e-05	0.00821439474889	0.00352045489238	0.0148927644634	0	0.00152648450618	0.000257594260418	0	0	0.000448404823691	0.0002098916196	0.019939703862	9.54052816364e-06	0	9.54052816364e-06	0.00147878186536	0	0.000228972675927	0	0.00538085788429	0.00688826133415	5.72431689818e-05	0	0	9.54052816364e-06	0.00578156006717	9.54052816364e-05	0	0	0	0	0	0	0.00153602503435	5.72431689818e-05	0.00458899404671	0.000677377499618	0.000410242711036	0	0
0	0	0	0	0	0	0	1.90810563273e-05	0	0	0	0	0	0	0	0	0.00145016028087	0	0	0	0	0.0001049458098	0.00168867348496	0.00150740344985	0	0	0	0	9.54052816364e-06	0	1.90810563273e-05	0	0	0	0	0.000114486337964	2.86215844909e-05	0.0007346206686	0	0	0	1.90810563273e-05	0	0.00122118760495	0	0	9.54052816364e-06	9.54052816364e-06	0	0.0008395664784	0	0.000391161654709	0.000152648450618	8.58647534728e-05	6.67836971455e-05	9.54052816364e-06	0.0362730880782	0.00227064570295	0.0246718058312	0	0	4.77026408182e-05	2.86215844909e-05	0.00148832239353	0.000143107922455	0.0107712562967	0	0	0	0.00462715615936	7.63242253091e-05	6.67836971455e-05	5.72431689818e-05	0	0	0	0	0.000782323309418	8.58647534728e-05	0.00581972217982	0.00406426499771	0.00204167302702	0.00162188978782	0
