3245	0	0	0	39	0	0	1066	453	9	568	79	0	2	2566	0	0	0	7	32	247	54	0	45	425	0	1	2	1510	1161	563	0	2	10	413	0	0	0	0	0	0	0	0	0	0	0	0	0	0	0	0	0	0	0	0	0	0	0	0	0	0	0	0	0	0	0	0	0	0	0	136	6	371	120	0	2	0	1	0	0	0	0	0	0
0	927	33	0	0	0	0	0	0	250	0	0	0	9	0	0	0	0	0	0	0	0	359	0	258	55	106	504	0	0	0	0	0	0	0	0	443	0	0	0	0	0	0	0	1	0	2	0	75	0	0	9	0	2	0	0	0	21	0	21	108	2	383	0	0	0	1	0	0	0	0	1	0	0	0	0	0	0	0	0	0	0	0	1
0	33	3773	0	0	0	0	0	0	0	0	2	0	0	0	0	0	1900	0	2	0	113	0	1179	0	0	880	1746	0	0	0	0	0	0	1	0	649	0	0	0	0	0	0	0	0	0	0	0	0	0	0	0	2	0	141	0	0	0	0	0	0	41	629	0	0	0	0	0	0	0	20	35	1	1	0	0	0	0	1	0	0	0	0	0
0	0	0	0	0	0	0	0	0	0	0	0	0	0	0	0	0	0	0	0	0	0	0	0	0	0	0	0	0	0	0	0	0	0	0	0	0	0	0	0	0	0	0	0	0	0	0	0	0	0	0	0	0	0	0	0	0	0	0	0	0	0	0	0	0	0	0	0	0	0	0	0	0	0	0	0	0	0	0	0	0	0	0	0
39	0	0	0	1140	1	6	1	1	144	222	10	206	2	18	18	0	0	2	4	718	0	0	0	309	0	1	0	212	58	0	0	3	0	74	0	0	0	0	136	0	1	0	0	34	18	0	39	0	0	4	0	0	0	0	54	0	0	0	169	0	0	0	57	1	0	0	0	0	4	80	7	50	32	19	4	0	33	0	1	0	32	0	0
0	0	0	0	1	228	74	0	35	22	1	0	13	0	5	34	0	0	0	0	0	0	0	0	11	0	0	0	3	1	0	0	92	0	27	0	0	0	0	0	0	0	0	0	0	0	0	0	0	0	0	0	0	0	0	0	0	0	0	0	0	0	0	0	0	0	0	0	0	0	26	0	16	2	84	113	0	1	0	0	0	0	0	0
0	0	0	0	6	74	2818	532	1566	127	1715	2	425	1	63	36	0	2	0	3	90	0	0	0	20	0	2	0	483	1	0	0	9	0	8	0	0	0	0	0	0	0	0	0	0	0	0	0	0	0	0	0	0	0	0	0	0	0	0	0	0	0	0	0	0	0	0	0	0	0	232	6	65	6	217	0	0	2	0	0	0	0	0	0
1066	0	0	0	1	0	532	6399	1149	0	1736	36	0	0	1295	0	3	77	1	47	33	650	0	432	87	0	21	12	2559	257	2058	0	6	1	665	4	0	6	0	1	0	0	0	0	0	0	0	0	0	5	0	0	57	0	0	0	2	0	126	1	0	0	42	0	0	4	0	0	0	0	266	3	766	143	0	8	0	0	0	97	160	28	92	0
453	0	0	0	1	35	1566	1149	4700	124	2481	12	348	1	1384	7	0	2	3	8	386	14	0	5	98	0	9	0	1462	216	61	0	13	1	77	0	0	0	0	0	0	0	0	0	0	0	0	0	0	0	0	0	0	0	0	0	0	0	0	0	0	0	0	0	0	0	0	0	0	0	351	10	198	64	257	0	0	1	0	0	0	1	0	0
9	250	0	0	144	22	127	0	124	5073	12	72	408	0	62	437	3	8	43	62	37	12	999	21	2944	28	40	85	1239	17	1	0	11	1	82	0	7	0	0	381	1	2	3	1	1529	13	0	36	0	1	14	572	2	2	6	31	0	242	0	1757	2	2	22	400	2	0	0	0	0	21	845	105	75	78	528	9	0	625	39	17	15	95	0	0
568	0	0	0	222	1	1715	1736	2481	12	6032	401	1186	17	1110	0	0	0	54	191	1522	5	0	3	49	0	51	0	969	766	28	0	8	0	744	0	0	0	0	76	0	0	0	0	0	19	0	21	0	0	0	0	0	0	0	34	0	0	0	96	0	0	0	26	0	0	0	0	0	3	189	53	635	71	3	10	0	7	0	0	0	1	0	0
79	0	2	0	10	0	2	36	12	72	401	2871	271	344	303	0	0	52	333	1379	375	31	0	16	71	70	267	8	198	758	11	0	5	30	1583	0	8	0	0	6	0	0	0	0	1	0	6	0	46	0	0	0	0	15	0	0	0	0	0	8	27	19	23	6	0	0	6	0	0	0	445	410	1242	20	2	0	48	0	59	0	0	0	0	15
0	0	0	0	206	13	425	0	348	408	1186	271	2476	16	259	363	0	0	48	120	1221	0	0	0	310	0	51	0	6	304	0	0	0	0	452	0	0	0	0	0	0	38	0	2	0	0	0	38	0	7	0	0	0	0	0	37	0	0	0	0	0	0	0	0	18	0	0	0	0	0	109	49	417	36	178	0	0	40	0	2	0	8	0	0
2	9	0	0	2	0	1	0	1	0	17	344	16	1367	70	0	0	0	0	1	17	0	2	0	0	280	435	218	0	283	0	6	22	0	317	0	74	0	0	0	0	0	0	0	0	0	12	0	379	0	0	0	0	126	1	0	0	0	0	0	288	150	347	0	0	0	120	0	0	2	3	635	220	0	0	0	80	0	73	1	0	0	0	15
2566	0	0	0	18	5	63	1295	1384	62	1110	303	259	70	5359	1	0	0	9	71	488	66	0	48	697	0	52	2	2130	1914	430	0	0	37	835	0	0	0	0	0	0	0	0	0	0	0	0	0	0	0	0	0	0	0	0	0	0	0	0	2	0	0	0	2	0	0	0	0	0	0	311	69	809	199	82	0	5	1	0	0	0	1	0	0
0	0	0	0	18	34	36	0	7	437	0	0	363	0	1	608	0	0	0	0	0	0	0	0	331	0	0	0	13	0	0	0	0	0	0	0	0	0	0	0	0	0	0	0	0	0	0	0	0	0	0	0	0	0	0	0	0	0	0	0	0	0	0	0	0	0	0	0	0	0	0	0	0	0	353	4	0	9	0	0	0	0	0	0
0	0	0	0	0	0	0	3	0	3	0	0	0	0	0	0	2860	0	0	0	0	347	2042	1056	1156	0	1	761	448	0	3	0	0	0	3	0	7	0	0	0	0	0	0	0	0	0	0	0	0	0	0	1300	0	0	0	0	152	1325	494	353	0	0	157	272	0	0	0	0	0	0	398	133	9	1	0	0	0	3	0	0	1	0	0	0
0	0	1900	0	0	0	2	77	2	8	0	52	0	0	0	0	0	4523	0	454	0	183	0	1491	4	0	1476	1207	19	3	128	0	0	0	836	0	5	0	0	0	0	0	0	0	2	0	0	0	0	0	0	0	38	0	16	0	0	0	26	1	2	13	67	0	0	0	0	0	0	0	595	38	624	79	2	0	0	2	0	32	44	0	15	0
7	0	0	0	2	0	0	1	3	43	54	333	48	0	9	0	0	0	769	255	53	1	0	0	0	0	342	41	5	50	1	0	0	0	60	0	0	0	0	0	0	0	0	0	0	0	0	0	0	0	0	0	0	6	0	0	0	0	0	0	6	6	1	0	0	0	0	0	0	0	189	89	116	8	0	0	0	0	0	0	0	0	0	0
32	0	2	0	4	0	3	47	8	62	191	1379	120	1	71	0	0	454	255	2514	173	67	0	34	55	0	983	156	173	193	46	0	0	29	1298	0	25	0	0	4	0	0	0	0	0	0	0	0	1	0	0	0	0	28	52	0	0	0	0	5	50	52	6	4	0	0	0	0	0	0	673	197	1122	66	3	0	0	0	0	0	0	0	0	0
247	0	0	0	718	0	90	33	386	37	1522	375	1221	17	488	0	0	0	53	173	2456	0	0	0	179	0	49	0	131	612	0	0	3	0	632	0	0	0	0	91	0	1	0	0	0	9	0	3	0	0	0	0	0	0	0	10	0	0	0	102	0	0	0	23	1	0	0	0	0	2	195	51	551	58	4	3	0	9	0	1	0	6	0	0
54	0	113	0	0	0	0	650	14	12	5	31	0	0	66	0	347	183	1	67	0	5231	49	3281	291	0	39	74	1241	30	1479	0	0	0	734	0	0	0	0	0	0	0	0	0	4	0	0	0	0	0	0	42	51	0	0	0	11	47	183	18	0	0	4	13	0	0	0	0	0	0	1217	107	929	155	0	0	0	6	0	55	103	17	29	0
0	359	0	0	0	0	0	0	0	999	0	0	0	2	0	0	2042	0	0	0	0	49	4970	1214	2159	28	62	1610	846	0	0	0	0	0	0	0	182	0	0	1	0	0	0	0	314	0	0	0	0	0	0	2078	0	2	0	0	177	2435	600	809	3	2	812	330	0	0	1	0	0	0	0	5	0	0	0	0	0	2	0	0	0	0	0	0
45	0	1179	0	0	0	0	432	5	21	3	16	0	0	48	0	1056	1491	0	34	0	3281	1214	10096	138	0	24	3045	221	29	913	0	0	2	694	4	1	6	0	0	0	0	0	0	32	0	0	0	0	4	0	1113	89	0	0	0	158	2085	1030	3	0	0	1555	34	0	4	0	0	0	0	1897	222	824	89	0	0	0	36	0	125	238	42	82	0
425	258	0	0	309	11	20	87	98	2944	49	71	310	0	697	331	1156	4	0	55	179	291	2159	138	6958	28	28	237	2914	614	2	0	17	66	364	0	13	0	0	334	1	1	0	1	871	0	1	28	0	0	11	1202	0	2	0	13	0	815	8	1810	2	2	14	634	0	0	0	0	0	10	711	127	261	155	284	12	0	73	0	11	11	63	0	0
0	55	0	0	0	0	0	0	0	28	0	70	0	280	0	0	0	0	0	0	0	0	28	0	28	507	62	104	0	0	0	0	0	0	0	0	0	0	0	0	0	0	0	0	0	0	9	0	197	0	0	0	0	3	0	0	0	0	0	0	26	0	32	0	0	0	13	0	0	0	0	148	0	0	0	0	75	0	74	0	0	0	0	14
1	106	880	0	1	0	2	21	9	40	51	267	51	435	52	0	1	1476	342	983	49	39	62	24	28	62	6105	2071	25	80	37	1	0	0	616	0	900	0	0	0	0	0	0	0	6	0	2	0	204	0	0	0	0	561	159	0	0	11	0	11	1316	743	1604	0	0	0	124	0	0	0	411	673	574	50	2	0	0	0	0	0	0	0	0	0
2	504	1746	0	0	0	0	12	0	85	0	8	0	218	2	0	761	1207	41	156	0	74	1610	3045	237	104	2071	11372	62	0	12	3	0	0	18	0	3538	0	0	0	0	0	0	0	30	0	1	0	99	0	0	876	12	14	376	0	0	1926	326	16	616	252	6087	0	0	0	64	0	0	0	414	230	59	26	1	0	0	100	42	9	13	1	1	0
1510	0	0	0	212	3	483	2559	1462	1239	969	198	6	0	2130	13	448	19	5	173	131	1241	846	221	2914	0	25	62	10103	1381	914	0	22	114	944	0	0	0	0	608	1	1	0	1	625	1	1	23	0	1	8	1149	0	0	0	8	1	491	11	1652	0	0	3	457	1	0	0	0	0	14	1441	104	863	346	41	25	0	63	2	16	21	47	0	0
1161	0	0	0	58	1	1	257	216	17	766	758	304	283	1914	0	0	3	50	193	612	30	0	29	614	0	80	0	1381	3980	300	0	97	217	1534	0	0	0	0	6	0	1	0	0	0	0	1	1	0	0	0	0	0	0	0	1	0	0	0	7	0	0	0	5	1	0	0	0	0	1	46	170	1054	95	0	28	11	0	0	0	0	0	0	0
563	0	0	0	0	0	0	2058	61	1	28	11	0	0	430	0	3	128	1	46	0	1479	0	913	2	0	37	12	914	300	4578	0	0	46	1165	4	0	6	0	0	0	0	0	0	0	0	0	0	0	5	0	0	57	0	0	0	2	0	126	0	0	0	42	0	0	4	0	0	0	0	296	4	1013	132	0	0	0	0	0	97	160	28	92	0
0	0	0	0	0	0	0	0	0	0	0	0	0	6	0	0	0	0	0	0	0	0	0	0	0	0	1	3	0	0	0	8	0	0	0	0	0	0	0	0	0	0	0	0	0	0	0	0	1	0	0	0	0	0	0	0	0	0	0	0	0	1	1	0	0	0	1	0	0	0	0	4	0	0	0	0	0	0	0	0	0	0	0	0
2	0	0	0	3	92	9	6	13	11	8	5	0	22	0	0	0	0	0	0	3	0	0	0	17	0	0	0	22	97	0	0	378	3	187	0	0	0	0	1	0	0	0	0	1	0	0	0	0	0	0	0	0	0	0	0	0	0	0	4	0	0	0	4	0	0	0	0	0	0	63	23	118	58	44	204	6	0	0	0	0	0	0	0
10	0	0	0	0	0	0	1	1	1	0	30	0	0	37	0	0	0	0	29	0	0	0	2	66	0	0	0	114	217	46	0	3	366	213	0	0	0	0	0	0	0	0	0	1	0	0	0	0	0	0	0	0	0	0	0	0	0	0	1	0	0	0	1	0	0	0	0	0	0	23	0	132	43	0	3	0	0	0	0	0	0	0	0
413	0	1	0	74	27	8	665	77	82	744	1583	452	317	835	0	3	836	60	1298	632	734	0	694	364	0	616	18	944	1534	1165	0	187	213	6163	0	0	0	0	16	0	2	0	0	21	2	2	4	0	0	0	2	18	1	0	4	0	0	4	65	0	0	0	46	2	0	0	0	0	3	750	231	4033	625	3	114	16	6	0	16	18	0	3	0
0	0	0	0	0	0	0	4	0	0	0	0	0	0	0	0	0	0	0	0	0	0	0	4	0	0	0	0	0	0	4	0	0	0	0	2011	0	319	0	2	3	7	192	220	0	8	0	4	0	1429	0	55	255	0	1	7	12	0	267	450	0	92	30	436	512	1163	0	0	24	36	4	0	0	0	0	0	0	21	0	128	56	4	23	0
0	443	649	0	0	0	0	0	0	7	0	8	0	74	0	0	7	5	0	25	0	0	182	1	13	0	900	3538	0	0	0	0	0	0	0	0	4983	0	0	0	0	0	0	0	89	0	0	4	168	0	0	371	0	165	168	0	3	937	5	471	1087	405	4184	0	0	0	12	0	0	0	0	54	0	0	0	0	0	2	0	0	0	0	0	0
0	0	0	0	0	0	0	6	0	0	0	0	0	0	0	0	0	0	0	0	0	0	0	6	0	0	0	0	0	0	6	0	0	0	0	319	0	2256	0	0	0	0	0	1	0	0	0	0	0	267	0	0	425	0	134	0	77	0	827	0	0	1081	671	0	80	373	0	0	0	1	6	0	2	0	0	0	0	1	0	22	14	4	6	0
0	0	0	0	0	0	0	0	0	0	0	0	0	0	0	0	0	0	0	0	0	0	0	0	0	0	0	0	0	0	0	0	0	0	0	0	0	0	0	0	0	0	0	0	0	0	0	0	0	0	0	0	0	0	0	0	0	0	0	0	0	0	0	0	0	0	0	0	0	0	0	0	0	0	0	0	0	0	0	0	0	0	0	0
0	0	0	0	136	0	0	1	0	381	76	6	0	0	0	0	0	0	0	4	91	0	1	0	334	0	0	0	608	6	0	0	1	0	16	2	0	0	0	1838	1	212	0	36	80	246	17	325	0	10	28	0	0	5	1	628	0	0	0	1054	0	5	0	485	83	2	0	0	0	27	5	0	8	4	0	1	0	55	0	93	19	54	0	0
0	0	0	0	0	0	0	0	0	1	0	0	0	0	0	0	0	0	0	0	0	0	0	0	1	0	0	0	1	0	0	0	0	0	0	3	0	0	0	1	395	298	0	121	47	2	0	1	0	3	119	0	0	0	0	2	0	0	0	80	0	0	0	26	2	6	0	3	0	27	0	0	0	0	0	0	0	92	0	123	44	59	56	0
0	0	0	0	1	0	0	0	0	2	0	0	38	0	0	0	0	0	0	0	1	0	0	0	1	0	0	0	1	1	0	0	0	0	2	7	0	0	0	212	298	3835	169	1568	44	1219	114	1255	0	163	298	1	0	25	1	757	2	0	2	291	0	7	0	628	739	11	0	31	1	272	1	0	0	0	0	0	0	335	5	502	102	145	69	0
0	0	0	0	0	0	0	0	0	3	0	0	0	0	0	0	0	0	0	0	0	0	0	0	0	0	0	0	0	0	0	0	0	0	0	192	0	0	0	0	0	169	3123	406	6	255	1	10	0	628	11	36	0	0	0	0	0	0	0	607	0	0	0	1117	16	346	0	0	0	8	0	0	0	0	0	0	0	1	0	6	4	5	0	0
0	0	0	0	0	0	0	0	0	1	0	0	2	0	0	0	0	0	0	0	0	0	0	0	1	0	0	0	1	0	0	0	0	0	0	220	0	1	0	36	121	1568	406	3807	1	753	27	253	23	1455	36	199	1	0	0	130	128	0	122	810	0	0	0	1117	380	68	0	110	4	221	0	0	0	0	0	0	0	257	0	407	147	32	134	0
0	1	0	0	34	0	0	0	0	1529	0	1	0	0	0	0	0	2	0	0	0	4	314	32	871	0	6	30	625	0	0	0	1	1	21	0	89	0	0	80	47	44	6	1	2812	0	0	63	0	2	80	523	0	0	0	8	0	856	0	2080	55	0	25	304	1	0	0	0	0	25	325	27	11	14	0	1	0	312	0	23	21	100	1	0
0	0	0	0	18	0	0	0	0	13	19	0	0	0	0	0	0	0	0	0	9	0	0	0	0	0	0	0	1	0	0	0	0	0	2	8	0	0	0	246	2	1219	255	753	0	3559	490	1389	0	500	6	0	0	75	19	861	0	0	0	51	0	34	0	619	1003	1	0	1	0	649	8	0	0	0	0	0	0	90	2	417	39	0	0	0
0	2	0	0	0	0	0	0	0	0	0	6	0	12	0	0	0	0	0	0	0	0	0	0	1	9	2	1	1	1	0	0	0	0	2	0	0	0	0	17	0	114	1	27	0	490	3012	629	572	431	5	0	0	676	74	369	1	0	1	34	37	184	33	198	741	4	199	127	0	1174	3	34	0	0	0	0	5	280	443	972	10	0	1	33
0	0	0	0	39	0	0	0	0	36	21	0	38	0	0	0	0	0	0	0	3	0	0	0	28	0	0	0	23	1	0	0	0	0	4	4	4	0	0	325	1	1255	10	253	63	1389	629	2959	0	464	98	0	0	94	29	1561	1	26	1	120	2	45	0	473	1345	6	0	0	1	852	4	0	0	0	0	0	0	201	6	620	67	91	0	0
0	75	0	0	0	0	0	0	0	0	0	46	0	379	0	0	0	0	0	1	0	0	0	0	0	197	204	99	0	0	0	1	0	0	0	0	168	0	0	0	0	0	0	23	0	0	572	0	1742	104	0	0	0	53	0	0	0	0	0	0	486	88	442	0	51	0	394	29	0	134	3	381	0	0	0	0	12	0	107	147	0	0	0	36
0	0	0	0	0	0	0	5	0	1	0	0	7	0	0	0	0	0	0	0	0	0	0	4	0	0	0	0	1	0	5	0	0	0	0	1429	0	267	0	10	3	163	628	1455	2	500	431	464	104	4689	2	91	191	47	2	160	88	0	303	763	0	110	27	944	1643	981	0	171	7	699	5	0	1	0	0	0	0	106	1	676	160	8	70	0
0	0	0	0	4	0	0	0	0	14	0	0	0	0	0	0	0	0	0	0	0	0	0	0	11	0	0	0	8	0	0	0	0	0	0	0	0	0	0	28	119	298	11	36	80	6	5	98	0	2	610	0	0	1	0	27	0	0	0	143	0	0	0	22	18	0	0	0	0	35	0	0	0	0	0	0	0	59	0	39	0	323	0	0
0	9	0	0	0	0	0	0	0	572	0	0	0	0	0	0	1300	0	0	0	0	42	2078	1113	1202	0	0	876	1149	0	0	0	0	0	2	55	371	0	0	0	0	1	36	199	523	0	0	0	0	91	0	5110	3	3	21	0	41	3025	699	1972	23	15	988	831	31	176	0	0	28	26	35	4	2	2	0	0	0	354	212	7	6	0	6	0
0	0	2	0	0	0	0	57	0	2	0	0	0	0	0	0	0	38	0	0	0	51	0	89	0	0	0	12	0	0	57	0	0	0	18	255	0	425	0	0	0	0	0	1	0	0	0	0	0	191	0	3	2623	0	781	0	16	0	1016	3	0	160	513	0	73	298	0	0	0	595	156	1	129	17	0	0	0	239	83	444	330	4	114	0
0	2	0	0	0	0	0	0	0	2	0	15	0	126	0	0	0	0	6	28	0	0	2	0	2	3	561	14	0	0	0	0	0	0	1	0	165	0	0	5	0	25	0	0	0	75	676	94	53	47	1	3	0	1952	311	47	9	0	10	8	618	936	507	17	70	0	20	0	0	79	0	190	3	0	0	0	0	572	686	377	20	0	11	0
0	0	141	0	0	0	0	0	0	6	0	0	0	1	0	0	0	16	0	52	0	0	0	0	0	0	159	376	0	0	0	0	0	0	0	1	168	134	0	1	0	1	0	0	0	19	74	29	0	2	0	21	781	311	4047	22	7	0	12	21	76	1463	914	2	8	1	0	0	0	659	7	36	0	0	0	0	0	872	994	427	68	0	8	0
0	0	0	0	54	0	0	0	0	31	34	0	37	0	0	0	0	0	0	0	10	0	0	0	13	0	0	0	8	1	0	0	0	0	4	7	0	0	0	628	2	757	0	130	8	861	369	1561	0	160	27	0	0	47	22	2090	1	0	1	155	0	24	0	564	722	6	0	0	1	606	10	0	0	0	0	0	0	161	6	481	71	43	0	0
0	0	0	0	0	0	0	2	0	0	0	0	0	0	0	0	152	0	0	0	0	11	177	158	0	0	0	0	1	0	2	0	0	0	0	12	3	77	0	0	0	2	0	128	0	0	1	1	0	88	0	41	16	9	7	1	3802	238	2586	0	0	5	3	156	15	1129	0	0	0	485	8	7	6	0	0	0	0	82	9	610	426	214	170	0
0	21	0	0	0	0	0	0	0	242	0	0	0	0	0	0	1325	0	0	0	0	47	2435	2085	815	0	11	1926	491	0	0	0	0	0	0	0	937	0	0	0	0	0	0	0	856	0	0	26	0	0	0	3025	0	0	0	0	238	6124	793	1763	157	0	2107	155	0	0	0	0	0	0	0	13	0	0	0	0	0	0	0	0	0	0	0	0
0	0	0	0	0	0	0	126	0	0	0	0	0	0	0	0	494	26	0	0	0	183	600	1030	8	0	0	326	11	0	126	0	0	0	4	267	5	827	0	0	0	2	0	122	0	0	1	1	0	303	0	699	1016	10	12	1	2586	793	7903	85	0	224	981	262	133	925	0	0	46	576	299	15	205	4	0	0	0	539	169	737	884	287	306	0
0	21	0	0	169	0	0	1	0	1757	96	8	0	0	2	0	353	1	0	5	102	18	809	3	1810	0	11	16	1652	7	0	0	4	1	65	450	471	0	0	1054	80	291	607	810	2080	51	34	120	0	763	143	1972	3	8	21	155	0	1763	85	8865	157	15	154	3737	796	703	0	0	368	1081	180	18	26	32	0	3	0	547	208	567	302	217	75	0
0	108	0	0	0	0	0	0	0	2	0	27	0	288	0	0	0	2	6	50	0	0	3	0	2	26	1316	616	0	0	0	0	0	0	0	0	1087	0	0	0	0	0	0	0	55	0	37	2	486	0	0	23	0	618	76	0	0	157	0	157	2171	742	1460	0	0	0	67	0	0	0	1	304	3	0	0	0	1	0	0	0	0	0	0	7
0	2	41	0	0	0	0	0	0	2	0	19	0	150	0	0	0	13	6	52	0	0	2	0	2	0	743	252	0	0	0	1	0	0	0	92	405	1081	0	5	0	7	0	0	0	34	184	45	88	110	0	15	160	936	1463	24	5	0	224	15	742	5861	2654	5	31	80	95	0	0	67	1	255	1	0	0	0	0	303	627	149	4	0	0	0
0	383	629	0	0	0	0	42	0	22	0	23	0	347	0	0	157	67	1	6	0	4	812	1555	14	32	1604	6087	3	0	42	1	0	0	0	30	4184	671	0	0	0	0	0	0	25	0	33	0	442	27	0	988	513	507	914	0	3	2107	981	154	1460	2654	12952	38	8	31	270	0	0	0	72	421	33	0	0	0	1	534	214	50	132	15	43	0
0	0	0	0	57	0	0	0	0	400	26	6	0	0	2	0	272	0	0	4	23	13	330	34	634	0	0	0	457	5	0	0	4	1	46	436	0	0	0	485	26	628	1117	1117	304	619	198	473	0	944	22	831	0	17	2	564	156	155	262	3737	0	5	38	6697	1157	941	0	0	277	1175	69	0	15	22	0	3	0	358	101	513	184	66	22	0
0	0	0	0	1	0	0	0	0	2	0	0	18	0	0	0	0	0	0	0	1	0	0	0	0	0	0	0	1	1	0	0	0	0	2	512	0	80	0	83	2	739	16	380	1	1003	741	1345	51	1643	18	31	73	70	8	722	15	0	133	796	0	31	8	1157	4123	850	0	103	597	1851	1	0	0	0	0	0	0	139	7	718	133	6	19	0
0	0	0	0	0	0	0	4	0	0	0	0	0	0	0	0	0	0	0	0	0	0	0	4	0	0	0	0	0	0	4	0	0	0	0	1163	0	373	0	2	6	11	346	68	0	1	4	6	0	981	0	176	298	0	1	6	1129	0	925	703	0	80	31	941	850	4228	0	0	278	842	4	0	0	0	0	0	0	47	0	547	123	13	66	0
0	1	0	0	0	0	0	0	0	0	0	6	0	120	0	0	0	0	0	0	0	0	1	0	0	13	124	64	0	0	0	1	0	0	0	0	12	0	0	0	0	0	0	0	0	0	199	0	394	0	0	0	0	20	0	0	0	0	0	0	67	95	270	0	0	0	556	0	0	0	1	206	0	0	0	0	0	0	59	12	0	0	0	3
0	0	0	0	0	0	0	0	0	0	0	0	0	0	0	0	0	0	0	0	0	0	0	0	0	0	0	0	0	0	0	0	0	0	0	0	0	0	0	0	3	31	0	110	0	1	127	0	29	171	0	0	0	0	0	0	0	0	0	0	0	0	0	0	103	0	0	290	0	182	0	0	0	0	0	0	0	0	0	36	0	0	2	0
0	0	0	0	0	0	0	0	0	0	0	0	0	0	0	0	0	0	0	0	0	0	0	0	0	0	0	0	0	0	0	0	0	0	0	24	0	0	0	0	0	1	0	4	0	0	0	1	0	7	0	28	0	0	0	1	0	0	46	368	0	0	0	277	597	278	0	0	677	520	0	0	0	0	0	0	0	10	0	16	16	1	11	0
0	0	0	0	4	0	0	0	0	21	3	0	0	2	0	0	0	0	0	0	2	0	0	0	10	0	0	0	14	1	0	0	0	0	3	36	0	1	0	27	27	272	8	221	25	649	1174	852	134	699	35	26	595	79	659	606	485	0	576	1081	0	67	0	1175	1851	842	0	182	520	5106	26	0	0	0	0	0	0	233	63	1756	238	10	70	0
136	0	20	0	80	26	232	266	351	845	189	445	109	3	311	0	398	595	189	673	195	1217	0	1897	711	0	411	414	1441	46	296	0	63	23	750	4	0	6	0	5	0	1	0	0	325	8	3	4	3	5	0	35	156	0	7	10	8	0	299	180	1	1	72	69	1	4	1	0	0	26	6952	441	1383	538	470	39	0	776	15	212	324	44	137	0
6	1	35	0	7	0	6	3	10	105	53	410	49	635	69	0	133	38	89	197	51	107	5	222	127	148	673	230	104	170	4	4	23	0	231	0	54	0	0	0	0	0	0	0	27	0	34	0	381	0	0	4	1	190	36	0	7	13	15	18	304	255	421	0	0	0	206	0	0	0	441	2161	300	11	4	0	70	48	120	0	0	0	0	16
371	0	1	0	50	16	65	766	198	75	635	1242	417	220	809	0	9	624	116	1122	551	929	0	824	261	0	574	59	863	1054	1013	0	118	132	4033	0	0	2	0	8	0	0	0	0	11	0	0	0	0	1	0	2	129	3	0	0	6	0	205	26	3	1	33	15	0	0	0	0	0	0	1383	300	5364	780	96	67	24	4	0	142	215	27	89	0
120	0	1	0	32	2	6	143	64	78	71	20	36	0	199	0	1	79	8	66	58	155	0	89	155	0	50	26	346	95	132	0	58	43	625	0	0	0	0	4	0	0	0	0	14	0	0	0	0	0	0	2	17	0	0	0	0	0	4	32	0	0	0	22	0	0	0	0	0	0	538	11	780	991	0	62	0	3	0	13	17	0	3	0
0	0	0	0	19	84	217	0	257	528	3	2	178	0	82	353	0	2	0	3	4	0	0	0	284	0	2	1	41	0	0	0	44	0	3	0	0	0	0	0	0	0	0	0	0	0	0	0	0	0	0	0	0	0	0	0	0	0	0	0	0	0	0	0	0	0	0	0	0	0	470	4	96	0	1092	52	0	9	0	0	0	0	0	0
2	0	0	0	4	113	0	8	0	9	10	0	0	0	0	4	0	0	0	0	3	0	0	0	12	0	0	0	25	28	0	0	204	3	114	0	0	0	0	1	0	0	0	0	1	0	0	0	0	0	0	0	0	0	0	0	0	0	0	3	0	0	0	3	0	0	0	0	0	0	39	0	67	62	52	268	0	0	0	0	0	0	0	0
0	0	0	0	0	0	0	0	0	0	0	48	0	80	5	0	0	0	0	0	0	0	0	0	0	75	0	0	0	11	0	0	6	0	16	0	0	0	0	0	0	0	0	0	0	0	5	0	12	0	0	0	0	0	0	0	0	0	0	0	1	0	1	0	0	0	0	0	0	0	0	70	24	0	0	0	162	0	29	0	0	0	0	14
1	0	0	0	33	1	2	0	1	625	7	0	40	0	1	9	3	2	0	0	9	6	2	36	73	0	0	100	63	0	0	0	0	0	6	21	2	1	0	55	92	335	1	257	312	90	280	201	0	106	59	354	239	572	872	161	82	0	539	547	0	303	534	358	139	47	0	0	10	233	776	48	4	3	9	0	0	5400	1641	1069	236	201	247	4
0	0	1	0	0	0	0	0	0	39	0	59	0	73	0	0	0	0	0	0	0	0	0	0	0	74	0	42	2	0	0	0	0	0	0	0	0	0	0	0	0	5	0	0	0	2	443	6	107	1	0	212	83	686	994	6	9	0	169	208	0	627	214	101	7	0	59	0	0	63	15	120	0	0	0	0	29	1641	2647	409	35	0	5	70
0	0	0	0	1	0	0	97	0	17	0	0	2	1	0	0	0	32	0	0	1	55	0	125	11	0	0	9	16	0	97	0	0	0	16	128	0	22	0	93	123	502	6	407	23	417	972	620	147	676	39	7	444	377	427	481	610	0	737	567	0	149	50	513	718	547	12	36	16	1756	212	0	142	13	0	0	0	1069	409	4564	1144	84	481	88
0	0	0	0	0	0	0	160	0	15	0	0	0	0	0	0	1	44	0	0	0	103	0	238	11	0	0	13	21	0	160	0	0	0	18	56	0	14	0	19	44	102	4	147	21	39	10	67	0	160	0	6	330	20	68	71	426	0	884	302	0	4	132	184	133	123	0	0	16	238	324	0	215	17	0	0	0	236	35	1144	1813	298	515	0
0	0	0	0	32	0	0	28	1	95	1	0	8	0	1	0	0	0	0	0	6	17	0	42	63	0	0	1	47	0	28	0	0	0	0	4	0	4	0	54	59	145	5	32	100	0	0	91	0	8	323	0	4	0	0	43	214	0	287	217	0	0	15	66	6	13	0	0	1	10	44	0	27	0	0	0	0	201	0	84	298	1105	91	0
0	0	0	0	0	0	0	92	0	0	0	0	0	0	0	0	0	15	0	0	0	29	0	82	0	0	0	1	0	0	92	0	0	0	3	23	0	6	0	0	56	69	0	134	1	0	1	0	0	70	0	6	114	11	8	0	170	0	306	75	0	0	43	22	19	66	0	2	11	70	137	0	89	3	0	0	0	247	5	481	515	91	741	0
0	1	0	0	0	0	0	0	0	0	0	15	0	15	0	0	0	0	0	0	0	0	0	0	0	14	0	0	0	0	0	0	0	0	0	0	0	0	0	0	0	0	0	0	0	0	33	0	36	0	0	0	0	0	0	0	0	0	0	0	7	0	0	0	0	0	3	0	0	0	0	16	0	0	0	0	14	4	70	88	0	0	0	143
