0.0215375424845	9.05128912985e-06	0.000117666758688	0	9.95641804284e-05	3.16795119545e-05	0.00133506514665	0.00760760851364	0.0062453894996	0.000470667034752	0.000823667310817	1.35769336948e-05	0.000534026058661	4.97820902142e-05	0.0065169281735	3.62051565194e-05	0.00032132076411	4.52564456493e-05	0	0	0.000375628498889	0.000995641804284	0.000429936233668	0.000801039087992	0.000995641804284	0	1.81025782597e-05	6.3359023909e-05	0.00224019405964	0.0072908133941	0.00569778650724	0	0	0.00237596339659	0.00218588632486	1.35769336948e-05	4.52564456493e-06	0	0	2.26282228246e-05	0	0	3.16795119545e-05	4.52564456493e-06	0.000181025782597	1.35769336948e-05	0	1.81025782597e-05	0	0	4.52564456493e-06	1.81025782597e-05	0	0	0	2.26282228246e-05	9.05128912985e-06	4.52564456493e-05	4.52564456493e-06	0.000181025782597	0	0	4.52564456493e-06	5.88333793441e-05	4.52564456493e-06	2.26282228246e-05	0	0	0	9.05128912985e-06	0.000977539226024	0.000108615469558	0.00092775713581	0.000488769613012	0.000244384806506	1.81025782597e-05	0	3.16795119545e-05	4.52564456493e-06	4.52564456493e-06	4.52564456493e-06	0	0	0
9.05128912985e-06	0.0120970479221	0.00219946325855	0	0	0	0	9.05128912985e-06	1.81025782597e-05	4.52564456493e-05	0	0.000149346270643	0	4.07308010843e-05	4.52564456493e-06	0	0.000176500138032	0.000828192955382	3.16795119545e-05	0.000343948986934	0	0.000122192403253	0.00222209148138	0.000746731353213	3.62051565194e-05	0.00090965455755	0.00204559134335	0.00624086385503	3.62051565194e-05	1.35769336948e-05	0.000108615469558	4.52564456493e-06	0	4.52564456493e-06	0.000674321040174	9.05128912985e-06	0.00246195064332	0.000434461878233	0	0	0	0	9.05128912985e-06	9.05128912985e-06	1.35769336948e-05	0	5.43077347791e-05	4.52564456493e-06	2.71538673896e-05	9.05128912985e-06	0	5.88333793441e-05	0.000181025782597	4.52564456493e-06	8.59872467336e-05	0	7.69359576038e-05	0.000434461878233	0.000307743830415	1.81025782597e-05	0.000199128360857	0.000502346546707	0.00134411643578	1.81025782597e-05	9.05128912985e-06	3.16795119545e-05	0	0	0	0.000181025782597	0.000371102854324	0.000760308286908	0.000534026058661	0.000194602716292	4.52564456493e-06	0	4.52564456493e-06	6.78846684739e-05	0.000402782366279	0.000194602716292	4.97820902142e-05	4.52564456493e-06	0	0
0.000117666758688	0.00219946325855	0.0339921163272	0	0	4.52564456493e-06	3.16795119545e-05	0.000162923204337	8.59872467336e-05	0.000104089824993	0	0.000171974493467	9.05128912985e-06	4.07308010843e-05	4.52564456493e-05	5.43077347791e-05	0.000855346822771	0.00490127306382	3.62051565194e-05	0.000524974769532	0	0.0020003348977	0.00212252730095	0.0134049592013	0.000226282228246	6.3359023909e-05	0.00681109507022	0.0129704973231	0.000402782366279	0.000221756583681	0.00124002661079	0	0	9.95641804284e-05	0.00387395174758	4.52564456493e-06	0.000864398111901	0.000194602716292	0	4.52564456493e-06	0	0	4.52564456493e-06	0	2.26282228246e-05	0	1.81025782597e-05	4.52564456493e-06	4.52564456493e-06	4.52564456493e-06	0	7.24103130388e-05	7.24103130388e-05	4.52564456493e-06	2.71538673896e-05	0	4.97820902142e-05	0.000434461878233	0.000171974493467	2.71538673896e-05	6.3359023909e-05	0.000153871915208	0.000538551703226	2.26282228246e-05	4.52564456493e-06	1.81025782597e-05	0	0	0	7.24103130388e-05	0.0031091178161	0.00293714332264	0.00332634875522	0.00158397559772	8.14616021687e-05	3.16795119545e-05	9.05128912985e-06	0.000140294981513	0.000140294981513	6.3359023909e-05	2.26282228246e-05	4.52564456493e-06	0	9.05128912985e-06
0	0	0	0	0	0	0	0	0	0	0	0	0	0	0	0	0	0	0	0	0	0	0	0	0	0	0	0	0	0	0	0	0	0	0	0	0	0	0	0	0	0	0	0	0	0	0	0	0	0	0	0	0	0	0	0	0	0	0	0	0	0	0	0	0	0	0	0	0	0	0	0	0	0	0	0	0	0	0	0	0	0	0	0
9.95641804284e-05	0	0	0	0.0153781402316	4.52564456493e-06	0.00033037205324	0.00100016744885	0.000190077071727	0.000149346270643	0.00168806542272	0	0.00166996284446	0	4.97820902142e-05	9.05128912985e-06	9.05128912985e-06	0	0	0	0.00287830994329	1.35769336948e-05	9.05128912985e-06	4.52564456493e-06	0.0058199789105	0	0	0	0.00464783696818	4.52564456493e-05	4.97820902142e-05	0	0	1.81025782597e-05	3.16795119545e-05	3.62051565194e-05	0	0	0	0.00284663043134	0	8.14616021687e-05	0.000122192403253	3.62051565194e-05	5.43077347791e-05	0.000742205708648	0	0.00174689880206	0	2.26282228246e-05	4.52564456493e-06	0	0	0	0	0.00382416965736	4.52564456493e-06	4.52564456493e-06	0	0.000171974493467	0	0	0	0.000221756583681	0	0	0	0	0	1.35769336948e-05	2.26282228246e-05	0	1.81025782597e-05	1.35769336948e-05	3.62051565194e-05	0	0	1.35769336948e-05	4.52564456493e-06	9.05128912985e-06	4.52564456493e-06	9.05128912985e-06	0	4.52564456493e-06
3.16795119545e-05	0	4.52564456493e-06	0	4.52564456493e-06	0.00573399166376	0.00273801496178	3.16795119545e-05	0.00221304019225	4.52564456493e-06	4.52564456493e-06	9.05128912985e-06	3.16795119545e-05	0.000104089824993	0.000737680064083	0.00105900082819	0	4.52564456493e-06	0	0	9.05128912985e-06	4.52564456493e-06	4.52564456493e-06	4.52564456493e-06	0	0	0	0	9.05128912985e-06	0.000629064594525	2.26282228246e-05	0	0.00102279567167	3.62051565194e-05	0.000683372329304	0	0	0	0	0	0	0	0	0	0	0	0	0	0	0	0	0	0	0	0	0	0	0	0	0	0	0	0	0	0	0	0	0	0	0	3.62051565194e-05	0	0.000208179649987	5.88333793441e-05	0.000810090377122	0.000493295257577	4.52564456493e-06	0	0	0	0	0	0	0
0.00133506514665	0	3.16795119545e-05	0	0.00033037205324	0.00273801496178	0.0365264772835	0.00325393844218	0.0163556794576	0.000176500138032	0.00805564732557	1.35769336948e-05	0.00708715938868	0.000135769336948	0.00297334847916	0.00202296312052	3.16795119545e-05	1.81025782597e-05	0	4.52564456493e-06	0.00262487384766	0.000108615469558	4.07308010843e-05	8.14616021687e-05	0.000773885220603	0	1.35769336948e-05	1.35769336948e-05	0.00114046243036	0.00222661712594	0.000366577209759	0	0.000868923756466	0.000470667034752	0.00136674465861	4.52564456493e-06	0	0	0	1.35769336948e-05	0	4.52564456493e-06	0	0	3.62051565194e-05	0	0	4.52564456493e-06	0	0	0	0	0	0	0	1.35769336948e-05	4.52564456493e-06	0	0	4.07308010843e-05	0	0	0	4.52564456493e-06	0	0	0	0	0	0	0.000307743830415	4.07308010843e-05	0.000683372329304	0.000244384806506	0.00192339894009	0.000221756583681	4.52564456493e-06	9.05128912985e-06	0	4.52564456493e-06	4.52564456493e-06	0	0	0
0.00760760851364	9.05128912985e-06	0.000162923204337	0	0.00100016744885	3.16795119545e-05	0.00325393844218	0.0440616754841	0.00556654281486	0.00150703964012	0.00793345492232	9.05128912985e-06	0.00144368061621	9.05128912985e-06	0.0033942334237	7.24103130388e-05	0.000674321040174	4.52564456493e-05	0	0	0.00179215524771	0.00154324479664	0.000647167172785	0.00121739838797	0.00540361961052	0	1.81025782597e-05	9.95641804284e-05	0.0177405266945	0.00261582255853	0.00922778926789	0	0	0.00145725754991	0.00185551427162	2.71538673896e-05	4.52564456493e-06	1.35769336948e-05	0	4.97820902142e-05	0	9.05128912985e-06	9.50385358635e-05	1.81025782597e-05	0.000484243968447	2.26282228246e-05	0	3.62051565194e-05	0	1.81025782597e-05	4.52564456493e-06	2.26282228246e-05	9.05128912985e-06	0	0	8.59872467336e-05	4.07308010843e-05	0.000108615469558	1.81025782597e-05	0.000534026058661	0	0	4.52564456493e-06	0.000126718047818	4.52564456493e-06	4.97820902142e-05	0	0	0	4.07308010843e-05	0.000846295533641	0.000153871915208	0.000710526196694	0.000343948986934	0.000217230939117	9.05128912985e-06	0	7.69359576038e-05	4.52564456493e-06	1.81025782597e-05	9.05128912985e-06	2.71538673896e-05	0	0
0.0062453894996	1.81025782597e-05	8.59872467336e-05	0	0.000190077071727	0.00221304019225	0.0163556794576	0.00556654281486	0.0453786380525	0.000253436095636	0.0047609780823	9.05128912985e-05	0.00285568172047	0.000443513167363	0.0153238324968	0.000660744106479	0.000135769336948	3.16795119545e-05	9.05128912985e-06	1.81025782597e-05	0.00148893706186	0.000366577209759	0.000185551427162	0.000307743830415	0.00100016744885	4.52564456493e-06	2.71538673896e-05	5.43077347791e-05	0.00158850124229	0.00691065925064	0.00153419350751	0	0.00164733462163	0.00133506514665	0.00376533627802	0	0	0	0	1.35769336948e-05	0	0	1.35769336948e-05	4.52564456493e-06	8.14616021687e-05	9.05128912985e-06	0	0	0	0	0	4.52564456493e-06	0	0	0	1.81025782597e-05	9.05128912985e-06	1.35769336948e-05	0	0.000104089824993	0	0	0	3.62051565194e-05	0	9.05128912985e-06	0	0	0	4.52564456493e-06	0.000819141666252	0.000131243692383	0.00193697587379	0.00061548766083	0.00145273190534	0.000488769613012	9.05128912985e-06	2.26282228246e-05	4.52564456493e-06	1.35769336948e-05	0	4.52564456493e-06	0	0
0.000470667034752	4.52564456493e-05	0.000104089824993	0	0.000149346270643	4.52564456493e-06	0.000176500138032	0.00150703964012	0.000253436095636	0.0141743187774	0.000226282228246	0	0.00120834709884	0	0.000167448848902	0.000158397559772	0.000710526196694	1.35769336948e-05	0	9.05128912985e-06	0.000203654005422	0.000529500414096	0.00247552757702	0.000457090101058	0.00479265759426	0	9.05128912985e-06	6.3359023909e-05	0.00300050234655	0.000506872191272	0.00147536012817	0	4.52564456493e-06	0.000257961740201	0.000579282504311	8.14616021687e-05	4.52564456493e-06	9.05128912985e-06	0	0.000126718047818	0	9.05128912985e-06	0.000257961740201	3.16795119545e-05	0.00152514221838	7.24103130388e-05	0	9.50385358635e-05	0	6.3359023909e-05	1.35769336948e-05	4.52564456493e-05	0	0	0	0.000149346270643	8.59872467336e-05	0.000253436095636	4.97820902142e-05	0.00116309065319	0	0	1.81025782597e-05	0.00033942334237	3.62051565194e-05	0.000140294981513	0	0	9.05128912985e-06	2.71538673896e-05	0.000429936233668	0.000122192403253	0.000190077071727	0.000122192403253	0.000801039087992	0	0	9.50385358635e-05	2.71538673896e-05	2.26282228246e-05	9.05128912985e-06	2.71538673896e-05	0	0
0.000823667310817	0	0	0	0.00168806542272	4.52564456493e-06	0.00805564732557	0.00793345492232	0.0047609780823	0.000226282228246	0.029104420197	0	0.00473834985948	0	0.000764833931473	4.97820902142e-05	9.05128912985e-06	0	0	0	0.00611414580722	5.43077347791e-05	1.81025782597e-05	3.62051565194e-05	0.00219946325855	0	0	0	0.00561632490507	0.000375628498889	0.000262487384766	0	0	0.000171974493467	0.000208179649987	9.05128912985e-06	0	0	0	2.26282228246e-05	0	0	4.52564456493e-06	4.52564456493e-06	4.07308010843e-05	2.71538673896e-05	0	2.71538673896e-05	0	0	0	0	0	0	0	2.71538673896e-05	0	0	0	4.52564456493e-05	0	0	0	9.05128912985e-06	4.52564456493e-06	0	0	0	0	0	0.000104089824993	1.81025782597e-05	0.000104089824993	4.07308010843e-05	8.14616021687e-05	0	0	9.05128912985e-06	0	0	0	4.52564456493e-06	0	0
1.35769336948e-05	0.000149346270643	0.000171974493467	0	0	9.05128912985e-06	1.35769336948e-05	9.05128912985e-06	9.05128912985e-05	0	0	0.0295479333644	4.52564456493e-06	0.00762118544734	9.05128912985e-05	0	4.52564456493e-06	0.000828192955382	0.00303670750307	0.00570231215181	0	1.35769336948e-05	9.05128912985e-06	0.000104089824993	0	0.00378796450084	0.00882048125704	0.00201843747596	0	0.000131243692383	1.35769336948e-05	0.000149346270643	1.81025782597e-05	1.35769336948e-05	0.00433104184864	0	0.000185551427162	1.35769336948e-05	0	0	0	0	0	0	0	0	0.000357525920629	0	0.000248910451071	0	0	0	0	3.16795119545e-05	5.88333793441e-05	0	0	0	4.52564456493e-06	0	0.000755782642343	0.000375628498889	0.000230807872811	0	0	0	9.05128912985e-06	0	0	2.26282228246e-05	0.000140294981513	0.00243027113137	0.00348474631499	0.000162923204337	1.81025782597e-05	1.81025782597e-05	0.000678846684739	4.52564456493e-06	0.000393731077149	8.14616021687e-05	9.05128912985e-06	0	0	4.97820902142e-05
0.000534026058661	0	9.05128912985e-06	0	0.00166996284446	3.16795119545e-05	0.00708715938868	0.00144368061621	0.00285568172047	0.00120834709884	0.00473834985948	4.52564456493e-06	0.0281087783928	4.52564456493e-06	0.000529500414096	0.000982064870589	9.05128912985e-06	0	0	0	0.00996999497653	3.16795119545e-05	2.26282228246e-05	3.16795119545e-05	0.00159755253142	0	0	4.52564456493e-06	0.000814616021687	0.000398256721714	0.000108615469558	0	4.52564456493e-06	0.000104089824993	0.000203654005422	0	0	4.52564456493e-06	0	5.43077347791e-05	0	0.000126718047818	1.81025782597e-05	2.71538673896e-05	4.07308010843e-05	0.000280589963025	0	0.00290546381068	0	9.05128912985e-06	1.35769336948e-05	0	0	0	0	0.000796513443427	0	0	4.52564456493e-06	4.07308010843e-05	0	0	0	1.35769336948e-05	4.52564456493e-06	0	0	0	0	0	0.000113141114123	2.26282228246e-05	0.000104089824993	2.71538673896e-05	0.0011223598521	0	0	9.05128912985e-06	0	4.52564456493e-06	0	0	0	0
4.97820902142e-05	4.07308010843e-05	4.07308010843e-05	0	0	0.000104089824993	0.000135769336948	9.05128912985e-06	0.000443513167363	0	0	0.00762118544734	4.52564456493e-06	0.0154550761892	0.00030321818585	1.81025782597e-05	9.05128912985e-06	5.88333793441e-05	0.000239859161941	0.000289641252155	0	2.26282228246e-05	9.05128912985e-06	7.69359576038e-05	9.05128912985e-06	0.00283757914221	0.00284663043134	0.00195507845205	1.81025782597e-05	0.000665269751044	5.43077347791e-05	0.000307743830415	0.000126718047818	6.3359023909e-05	0.00146178319447	0	3.62051565194e-05	0	0	0	4.52564456493e-06	0	0	4.52564456493e-06	0	0	0.000144820626078	0	0.000131243692383	4.52564456493e-06	4.52564456493e-06	0	4.52564456493e-06	2.26282228246e-05	1.35769336948e-05	0	0	0	4.52564456493e-06	0	0.000357525920629	9.50385358635e-05	6.78846684739e-05	0	0	4.52564456493e-06	4.52564456493e-06	0	0	2.26282228246e-05	0.000348474631499	0.00110425727384	0.00133506514665	0.00061548766083	7.69359576038e-05	9.50385358635e-05	0.000398256721714	3.16795119545e-05	0.000244384806506	5.43077347791e-05	1.35769336948e-05	4.52564456493e-06	0	3.62051565194e-05
0.0065169281735	4.52564456493e-06	4.52564456493e-05	0	4.97820902142e-05	0.000737680064083	0.00297334847916	0.0033942334237	0.0153238324968	0.000167448848902	0.000764833931473	9.05128912985e-05	0.000529500414096	0.00030321818585	0.0287695224992	0.000199128360857	7.24103130388e-05	1.81025782597e-05	4.52564456493e-06	1.81025782597e-05	0.000267013029331	0.000212705294552	0.000135769336948	0.000199128360857	0.000393731077149	0	3.62051565194e-05	2.71538673896e-05	0.000832718599947	0.00814616021687	0.00109520598471	0	0.00143010368252	0.00131696256839	0.00310459217154	0	0	0	0	9.05128912985e-06	0	0	1.35769336948e-05	4.52564456493e-06	6.78846684739e-05	4.52564456493e-06	0	0	4.52564456493e-06	0	0	4.52564456493e-06	0	0	0	9.05128912985e-06	4.52564456493e-06	1.35769336948e-05	0	6.3359023909e-05	0	0	4.52564456493e-06	1.81025782597e-05	0	1.35769336948e-05	0	0	0	9.05128912985e-06	0.000629064594525	8.14616021687e-05	0.00159302688685	0.000561179926051	0.000746731353213	0.000226282228246	0	1.81025782597e-05	0	4.52564456493e-06	0	0	0	0
3.62051565194e-05	0	5.43077347791e-05	0	9.05128912985e-06	0.00105900082819	0.00202296312052	7.24103130388e-05	0.000660744106479	0.000158397559772	4.97820902142e-05	0	0.000982064870589	1.81025782597e-05	0.000199128360857	0.00722292872562	9.05128912985e-06	1.81025782597e-05	0	0	2.71538673896e-05	4.52564456493e-05	4.52564456493e-06	9.50385358635e-05	3.16795119545e-05	0	4.52564456493e-06	4.07308010843e-05	2.26282228246e-05	0.000208179649987	5.43077347791e-05	0	1.35769336948e-05	8.14616021687e-05	0.000267013029331	0	4.52564456493e-06	0	0	0	4.52564456493e-06	0	0	0	9.05128912985e-06	0	0	0	0	0	0	4.52564456493e-06	0	0	0	0	9.05128912985e-06	4.52564456493e-06	4.52564456493e-06	4.52564456493e-06	0	0	4.52564456493e-06	0	0	9.05128912985e-06	0	0	0	1.81025782597e-05	0.000547602992356	7.69359576038e-05	0.000325846408675	0.00033942334237	0.00279684834112	9.05128912985e-06	4.52564456493e-06	7.24103130388e-05	1.35769336948e-05	3.16795119545e-05	3.16795119545e-05	1.35769336948e-05	0	0
0.00032132076411	0.000176500138032	0.000855346822771	0	9.05128912985e-06	0	3.16795119545e-05	0.000674321040174	0.000135769336948	0.000710526196694	9.05128912985e-06	4.52564456493e-06	9.05128912985e-06	9.05128912985e-06	7.24103130388e-05	9.05128912985e-06	0.0191525277988	0.000126718047818	0	0	1.35769336948e-05	0.004670465191	0.0066708000887	0.0087616478777	0.00558011974856	4.52564456493e-06	5.88333793441e-05	0.0028511560759	0.00410475962039	0.000393731077149	0.00206369392161	0	0	0.000212705294552	0.00152514221838	1.35769336948e-05	4.52564456493e-05	3.16795119545e-05	0	4.52564456493e-06	0	0	5.88333793441e-05	9.05128912985e-06	0.000267013029331	1.35769336948e-05	0	0	0	1.35769336948e-05	0	7.69359576038e-05	1.35769336948e-05	0	0	1.81025782597e-05	0.000131243692383	0.000425410589103	8.14616021687e-05	0.000203654005422	4.52564456493e-06	0	9.05128912985e-05	0.000122192403253	9.05128912985e-06	4.97820902142e-05	0	0	0	2.71538673896e-05	0.00118571887601	0.000638115883655	0.000769359576038	0.000466141390187	5.88333793441e-05	0	0	5.43077347791e-05	1.35769336948e-05	1.81025782597e-05	0	0	0	0
4.52564456493e-05	0.000828192955382	0.00490127306382	0	0	4.52564456493e-06	1.81025782597e-05	4.52564456493e-05	3.16795119545e-05	1.35769336948e-05	0	0.000828192955382	0	5.88333793441e-05	1.81025782597e-05	1.81025782597e-05	0.000126718047818	0.0220489403203	0.000171974493467	0.00414096477691	0	0.00129433434557	0.000239859161941	0.00705095423216	4.97820902142e-05	0.000176500138032	0.00799228830166	0.00352095147151	8.59872467336e-05	5.43077347791e-05	0.0006064363717	0	0	3.16795119545e-05	0.00558464539312	4.52564456493e-06	0.000434461878233	5.88333793441e-05	0	0	0	0	0	4.52564456493e-06	4.52564456493e-06	0	4.07308010843e-05	0	9.05128912985e-06	4.52564456493e-06	0	4.52564456493e-06	3.16795119545e-05	1.35769336948e-05	3.62051565194e-05	0	9.05128912985e-06	4.07308010843e-05	1.81025782597e-05	0	9.50385358635e-05	0.000167448848902	0.00028511560759	4.52564456493e-06	0	4.52564456493e-06	4.52564456493e-06	0	0	2.26282228246e-05	0.001393898526	0.00171521929011	0.00284663043134	0.000841769889076	1.81025782597e-05	4.52564456493e-06	4.52564456493e-06	2.71538673896e-05	8.59872467336e-05	4.97820902142e-05	9.05128912985e-06	0	0	4.52564456493e-06
0	3.16795119545e-05	3.62051565194e-05	0	0	0	0	0	9.05128912985e-06	0	0	0.00303670750307	0	0.000239859161941	4.52564456493e-06	0	0	0.000171974493467	0.00652145381806	0.00340781035739	0	4.52564456493e-06	0	1.35769336948e-05	0	0.000212705294552	0.00367029774216	0.000366577209759	0	9.05128912985e-06	4.52564456493e-06	4.52564456493e-06	4.52564456493e-06	0	0.00028511560759	0	2.71538673896e-05	0	0	0	0	0	0	0	0	0	2.71538673896e-05	0	2.26282228246e-05	0	0	0	0	0	0	0	0	0	0	0	6.78846684739e-05	4.52564456493e-05	4.07308010843e-05	0	0	0	0	0	0	4.52564456493e-06	2.71538673896e-05	0.000167448848902	0.000248910451071	2.71538673896e-05	9.05128912985e-06	0	0	0	1.81025782597e-05	9.05128912985e-06	4.52564456493e-06	0	0	0
0	0.000343948986934	0.000524974769532	0	0	0	4.52564456493e-06	0	1.81025782597e-05	9.05128912985e-06	0	0.00570231215181	0	0.000289641252155	1.81025782597e-05	0	0	0.00414096477691	0.00340781035739	0.0159347945131	0	5.88333793441e-05	3.62051565194e-05	0.000393731077149	9.05128912985e-06	0.000547602992356	0.00754424948973	0.00187814249444	2.26282228246e-05	3.16795119545e-05	2.26282228246e-05	9.05128912985e-06	4.52564456493e-06	1.35769336948e-05	0.00309101523785	0	0.000221756583681	1.81025782597e-05	0	0	0	0	0	0	0	0	6.78846684739e-05	0	6.3359023909e-05	0	0	0	9.05128912985e-06	1.81025782597e-05	4.07308010843e-05	0	0	0	4.52564456493e-06	0	0.000230807872811	0.000176500138032	0.000203654005422	0	0	0	4.52564456493e-06	0	0	9.05128912985e-06	0.000253436095636	0.000896077623856	0.0015613473749	0.000230807872811	1.35769336948e-05	9.05128912985e-06	4.52564456493e-06	9.05128912985e-06	5.88333793441e-05	4.07308010843e-05	4.52564456493e-06	0	0	9.05128912985e-06
0.000375628498889	0	0	0	0.00287830994329	9.05128912985e-06	0.00262487384766	0.00179215524771	0.00148893706186	0.000203654005422	0.00611414580722	0	0.00996999497653	0	0.000267013029331	2.71538673896e-05	1.35769336948e-05	0	0	0	0.0182881296869	2.71538673896e-05	2.71538673896e-05	2.26282228246e-05	0.00167448848902	0	0	0	0.00191434765096	0.000217230939117	0.000104089824993	0	0	0.000104089824993	9.95641804284e-05	1.35769336948e-05	0	0	0	0.000276064318461	0	2.71538673896e-05	2.71538673896e-05	4.52564456493e-06	4.97820902142e-05	0.000248910451071	0	0.000298692541285	0	4.52564456493e-06	0	0	0	0	0	0.000891551979291	0	0	0	5.43077347791e-05	0	0	0	2.26282228246e-05	4.52564456493e-06	0	0	0	0	0	7.69359576038e-05	9.05128912985e-06	5.88333793441e-05	2.71538673896e-05	9.05128912985e-05	0	0	0	0	0	0	1.35769336948e-05	0	0
0.000995641804284	0.000122192403253	0.0020003348977	0	1.35769336948e-05	4.52564456493e-06	0.000108615469558	0.00154324479664	0.000366577209759	0.000529500414096	5.43077347791e-05	1.35769336948e-05	3.16795119545e-05	2.26282228246e-05	0.000212705294552	4.52564456493e-05	0.004670465191	0.00129433434557	4.52564456493e-06	5.88333793441e-05	2.71538673896e-05	0.0394409923833	0.00223114277051	0.0206414648606	0.00231260437268	0	0.00031226947498	0.00114951371949	0.00574756859746	0.002090847789	0.0152785760512	0	0	0.000696949262999	0.0059738508257	4.52564456493e-06	8.59872467336e-05	3.16795119545e-05	0	0	0	0	3.62051565194e-05	0	0.000162923204337	0	0	9.05128912985e-06	0	4.52564456493e-06	0	6.3359023909e-05	1.81025782597e-05	0	0	2.26282228246e-05	5.88333793441e-05	0.000289641252155	7.69359576038e-05	0.000181025782597	0	1.35769336948e-05	8.59872467336e-05	5.88333793441e-05	0	2.71538673896e-05	0	0	0	1.81025782597e-05	0.00243027113137	0.000932282780375	0.00213157859008	0.00113141114123	0.000144820626078	1.81025782597e-05	4.52564456493e-06	5.43077347791e-05	4.52564456493e-06	1.35769336948e-05	1.35769336948e-05	4.52564456493e-06	0	0
0.000429936233668	0.00222209148138	0.00212252730095	0	9.05128912985e-06	4.52564456493e-06	4.07308010843e-05	0.000647167172785	0.000185551427162	0.00247552757702	1.81025782597e-05	9.05128912985e-06	2.26282228246e-05	9.05128912985e-06	0.000135769336948	4.52564456493e-06	0.0066708000887	0.000239859161941	0	3.62051565194e-05	2.71538673896e-05	0.00223114277051	0.0234337875572	0.00504156804533	0.00443513167363	1.81025782597e-05	0.000181025782597	0.00396446463888	0.0028647330096	0.000524974769532	0.00226734792703	0	0	0.00032132076411	0.00196865538574	3.16795119545e-05	0.000475192679317	0.000185551427162	0	1.35769336948e-05	0	4.52564456493e-06	0.000149346270643	1.35769336948e-05	0.000524974769532	1.35769336948e-05	0	0	0	2.71538673896e-05	0	0.000353000276064	7.24103130388e-05	0	9.05128912985e-06	1.81025782597e-05	0.000429936233668	0.00232165566181	0.000416359299973	0.000524974769532	0	2.71538673896e-05	0.000538551703226	0.000289641252155	1.81025782597e-05	0.000208179649987	0	0	0	0.000131243692383	0.00157492430859	0.00105900082819	0.000986590515154	0.000610962016265	7.24103130388e-05	0	0	0.000212705294552	0.000122192403253	0.000131243692383	6.3359023909e-05	5.88333793441e-05	1.35769336948e-05	0
0.000801039087992	0.000746731353213	0.0134049592013	0	4.52564456493e-06	4.52564456493e-06	8.14616021687e-05	0.00121739838797	0.000307743830415	0.000457090101058	3.62051565194e-05	0.000104089824993	3.16795119545e-05	7.69359576038e-05	0.000199128360857	9.50385358635e-05	0.0087616478777	0.00705095423216	1.35769336948e-05	0.000393731077149	2.26282228246e-05	0.0206414648606	0.00504156804533	0.064961102085	0.0018962450727	3.16795119545e-05	0.00195507845205	0.0100740848015	0.00331277182153	0.00112688549667	0.0077931599408	0	4.52564456493e-06	0.000497820902142	0.00957626389939	1.81025782597e-05	0.000362051565194	9.95641804284e-05	0	4.52564456493e-06	4.52564456493e-06	0	2.71538673896e-05	9.05128912985e-06	0.000117666758688	9.05128912985e-06	4.52564456493e-06	9.05128912985e-06	4.52564456493e-06	1.35769336948e-05	0	0.000135769336948	4.97820902142e-05	0	1.81025782597e-05	0	0.000113141114123	0.000701474907564	0.000176500138032	0.000117666758688	1.81025782597e-05	5.88333793441e-05	0.00030321818585	5.88333793441e-05	0	6.3359023909e-05	0	0	0	4.52564456493e-05	0.00610056887352	0.00366124645303	0.00533120929748	0.00290546381068	0.000185551427162	3.16795119545e-05	2.26282228246e-05	0.000167448848902	8.14616021687e-05	5.88333793441e-05	4.07308010843e-05	9.05128912985e-06	1.35769336948e-05	4.52564456493e-06
0.000995641804284	3.62051565194e-05	0.000226282228246	0	0.0058199789105	0	0.000773885220603	0.00540361961052	0.00100016744885	0.00479265759426	0.00219946325855	0	0.00159755253142	9.05128912985e-06	0.000393731077149	3.16795119545e-05	0.00558011974856	4.97820902142e-05	0	9.05128912985e-06	0.00167448848902	0.00231260437268	0.00443513167363	0.0018962450727	0.0350103863543	0	1.81025782597e-05	0.000257961740201	0.0172110262804	0.000891551979291	0.00281947656395	0	4.52564456493e-06	0.000457090101058	0.00117214194232	2.26282228246e-05	4.52564456493e-06	0	0	5.88333793441e-05	0	4.52564456493e-06	0.000104089824993	9.05128912985e-06	0.000665269751044	4.07308010843e-05	0	5.43077347791e-05	0	1.35769336948e-05	4.52564456493e-06	3.16795119545e-05	0	0	0	0.000113141114123	8.59872467336e-05	0.000226282228246	2.71538673896e-05	0.000592859438005	0	0	1.35769336948e-05	0.000194602716292	1.35769336948e-05	5.88333793441e-05	0	0	0	1.81025782597e-05	0.000579282504311	0.000257961740201	0.000448038811928	0.000199128360857	0.000276064318461	0	0	2.71538673896e-05	4.52564456493e-06	1.35769336948e-05	4.52564456493e-06	2.71538673896e-05	4.52564456493e-06	0
0	0.00090965455755	6.3359023909e-05	0	0	0	0	0	4.52564456493e-06	0	0	0.00378796450084	0	0.00283757914221	0	0	4.52564456493e-06	0.000176500138032	0.000212705294552	0.000547602992356	0	0	1.81025782597e-05	3.16795119545e-05	0	0.0119386503623	0.00244384806506	0.00199580925313	0	0	0	1.35769336948e-05	4.52564456493e-06	0	0.000343948986934	0	0.00030321818585	1.81025782597e-05	0	0	0	0	0	0	0	0	0.000515923480402	0	0.000343948986934	0	0	0	4.52564456493e-06	5.43077347791e-05	5.88333793441e-05	0	0	1.35769336948e-05	0	0	0.0012264496771	0.000470667034752	0.000357525920629	0	0	0	1.81025782597e-05	0	0	3.16795119545e-05	3.62051565194e-05	0.00103637260537	0.000448038811928	3.62051565194e-05	0	0	0.000325846408675	9.05128912985e-06	0.000389205432584	0.000108615469558	0	0	0	4.52564456493e-05
1.81025782597e-05	0.00204559134335	0.00681109507022	0	0	0	1.35769336948e-05	1.81025782597e-05	2.71538673896e-05	9.05128912985e-06	0	0.00882048125704	0	0.00284663043134	3.62051565194e-05	4.52564456493e-06	5.88333793441e-05	0.00799228830166	0.00367029774216	0.00754424948973	0	0.00031226947498	0.000181025782597	0.00195507845205	1.81025782597e-05	0.00244384806506	0.0520132329847	0.0192385150455	2.71538673896e-05	6.3359023909e-05	0.000226282228246	0.000171974493467	0	4.52564456493e-05	0.00418169557799	0	0.00130791127926	0.000122192403253	0	0	0	0	0	4.52564456493e-06	9.05128912985e-06	0	0.000429936233668	4.52564456493e-06	0.000239859161941	4.52564456493e-06	0	4.52564456493e-06	5.43077347791e-05	5.43077347791e-05	0.000135769336948	0	1.35769336948e-05	4.52564456493e-05	5.88333793441e-05	9.05128912985e-06	0.00106352647276	0.000877975045596	0.000982064870589	4.52564456493e-06	0	0	1.35769336948e-05	0	0	8.59872467336e-05	0.000891551979291	0.00300955363568	0.0033942334237	0.000773885220603	2.26282228246e-05	9.05128912985e-06	2.26282228246e-05	1.81025782597e-05	0.000416359299973	0.000167448848902	1.81025782597e-05	0	4.52564456493e-06	1.81025782597e-05
6.3359023909e-05	0.00624086385503	0.0129704973231	0	0	0	1.35769336948e-05	9.95641804284e-05	5.43077347791e-05	6.3359023909e-05	0	0.00201843747596	4.52564456493e-06	0.00195507845205	2.71538673896e-05	4.07308010843e-05	0.0028511560759	0.00352095147151	0.000366577209759	0.00187814249444	0	0.00114951371949	0.00396446463888	0.0100740848015	0.000257961740201	0.00199580925313	0.0192385150455	0.0607296244168	0.00032132076411	0.000126718047818	0.000692423618434	2.71538673896e-05	0	7.69359576038e-05	0.00338970777913	4.52564456493e-06	0.0021677837466	0.000357525920629	0	0	0	0	9.05128912985e-06	0	1.81025782597e-05	0	0.000226282228246	0	0.000126718047818	0	0	8.59872467336e-05	0.000135769336948	2.71538673896e-05	0.000104089824993	0	8.14616021687e-05	0.000524974769532	0.000217230939117	4.52564456493e-06	0.000610962016265	0.000710526196694	0.00138484723687	9.05128912985e-06	0	4.52564456493e-05	9.05128912985e-06	4.52564456493e-06	0	0.000171974493467	0.00218588632486	0.00332182311066	0.00296429719003	0.0011359367858	3.16795119545e-05	1.35769336948e-05	1.81025782597e-05	0.000117666758688	0.000443513167363	0.000212705294552	6.78846684739e-05	9.05128912985e-06	9.05128912985e-06	1.81025782597e-05
0.00224019405964	3.62051565194e-05	0.000402782366279	0	0.00464783696818	9.05128912985e-06	0.00114046243036	0.0177405266945	0.00158850124229	0.00300050234655	0.00561632490507	0	0.000814616021687	1.81025782597e-05	0.000832718599947	2.26282228246e-05	0.00410475962039	8.59872467336e-05	0	2.26282228246e-05	0.00191434765096	0.00574756859746	0.0028647330096	0.00331277182153	0.0172110262804	0	2.71538673896e-05	0.00032132076411	0.0515154120826	0.00181478347054	0.0103637260537	0	0	0.00109973162928	0.00251173273353	4.97820902142e-05	1.35769336948e-05	4.52564456493e-06	0	0.000887026334726	0	2.71538673896e-05	0.000171974493467	2.71538673896e-05	0.000796513443427	0.000181025782597	0	0.000104089824993	0	3.16795119545e-05	0	6.3359023909e-05	4.52564456493e-06	0	0	0.000665269751044	9.95641804284e-05	0.000253436095636	2.71538673896e-05	0.000846295533641	0	4.52564456493e-06	1.81025782597e-05	0.000488769613012	1.35769336948e-05	8.59872467336e-05	0	0	4.52564456493e-06	3.62051565194e-05	0.00124907789992	0.000362051565194	0.00091870584668	0.000493295257577	0.000217230939117	0	0	7.24103130388e-05	4.52564456493e-06	1.81025782597e-05	0	2.71538673896e-05	0	0
0.0072908133941	1.35769336948e-05	0.000221756583681	0	4.52564456493e-05	0.000629064594525	0.00222661712594	0.00261582255853	0.00691065925064	0.000506872191272	0.000375628498889	0.000131243692383	0.000398256721714	0.000665269751044	0.00814616021687	0.000208179649987	0.000393731077149	5.43077347791e-05	9.05128912985e-06	3.16795119545e-05	0.000217230939117	0.002090847789	0.000524974769532	0.00112688549667	0.000891551979291	0	6.3359023909e-05	0.000126718047818	0.00181478347054	0.0372777342813	0.00941334069505	0	0.000823667310817	0.00872091707661	0.00997904626566	4.52564456493e-06	0	0	0	2.26282228246e-05	0	0	2.71538673896e-05	9.05128912985e-06	0.000162923204337	4.52564456493e-06	0	1.81025782597e-05	4.52564456493e-06	4.52564456493e-06	4.52564456493e-06	2.71538673896e-05	0	0	0	1.35769336948e-05	9.05128912985e-06	5.43077347791e-05	0	0.000162923204337	0	0	4.52564456493e-06	4.97820902142e-05	4.52564456493e-06	2.26282228246e-05	0	0	0	9.05128912985e-06	0.00256604046831	0.000416359299973	0.00424052895734	0.00180120653684	0.000819141666252	0.000208179649987	1.35769336948e-05	6.3359023909e-05	9.05128912985e-06	1.35769336948e-05	9.05128912985e-06	0	0	0
0.00569778650724	0.000108615469558	0.00124002661079	0	4.97820902142e-05	2.26282228246e-05	0.000366577209759	0.00922778926789	0.00153419350751	0.00147536012817	0.000262487384766	1.35769336948e-05	0.000108615469558	5.43077347791e-05	0.00109520598471	5.43077347791e-05	0.00206369392161	0.0006064363717	4.52564456493e-06	2.26282228246e-05	0.000104089824993	0.0152785760512	0.00226734792703	0.0077931599408	0.00281947656395	0	0.000226282228246	0.000692423618434	0.0103637260537	0.00941334069505	0.0458764589547	0	0	0.00290093816612	0.00804207039188	1.81025782597e-05	3.62051565194e-05	1.35769336948e-05	0	2.26282228246e-05	0	9.05128912985e-06	9.05128912985e-05	1.35769336948e-05	0.000357525920629	9.05128912985e-06	0	1.81025782597e-05	0	1.81025782597e-05	4.52564456493e-06	5.43077347791e-05	9.05128912985e-06	0	0	3.62051565194e-05	7.69359576038e-05	0.000289641252155	2.71538673896e-05	0.000375628498889	0	4.52564456493e-06	5.43077347791e-05	0.000113141114123	9.05128912985e-06	7.69359576038e-05	0	0	0	4.52564456493e-05	0.00295977154546	0.000773885220603	0.00238501468572	0.00132148821296	0.000239859161941	3.62051565194e-05	4.52564456493e-06	9.05128912985e-05	2.26282228246e-05	2.26282228246e-05	1.81025782597e-05	1.35769336948e-05	0	0
0	4.52564456493e-06	0	0	0	0	0	0	0	0	0	0.000149346270643	0	0.000307743830415	0	0	0	0	4.52564456493e-06	9.05128912985e-06	0	0	0	0	0	1.35769336948e-05	0.000171974493467	2.71538673896e-05	0	0	0	0.00032132076411	0	0	4.52564456493e-06	0	0	0	0	0	0	0	0	0	0	0	0	0	0	0	0	0	0	0	0	0	0	0	0	0	4.52564456493e-06	0	0	0	0	0	0	0	0	0	0	9.05128912985e-06	4.52564456493e-06	0	0	0	0	0	4.52564456493e-06	0	0	0	0	4.52564456493e-06
0	0	0	0	0	0.00102279567167	0.000868923756466	0	0.00164733462163	4.52564456493e-06	0	1.81025782597e-05	4.52564456493e-06	0.000126718047818	0.00143010368252	1.35769336948e-05	0	0	4.52564456493e-06	4.52564456493e-06	0	0	0	4.52564456493e-06	4.52564456493e-06	4.52564456493e-06	0	0	0	0.000823667310817	0	0	0.00316342555088	1.35769336948e-05	0.000398256721714	0	0	0	0	0	0	0	0	0	0	0	0	0	0	0	0	0	0	0	0	0	0	0	0	0	0	0	0	0	0	0	0	0	0	0	4.52564456493e-06	4.52564456493e-06	0.000122192403253	3.62051565194e-05	4.52564456493e-05	0.000149346270643	0	0	0	0	0	0	0	0
0.00237596339659	4.52564456493e-06	9.95641804284e-05	0	1.81025782597e-05	3.62051565194e-05	0.000470667034752	0.00145725754991	0.00133506514665	0.000257961740201	0.000171974493467	1.35769336948e-05	0.000104089824993	6.3359023909e-05	0.00131696256839	8.14616021687e-05	0.000212705294552	3.16795119545e-05	0	1.35769336948e-05	0.000104089824993	0.000696949262999	0.00032132076411	0.000497820902142	0.000457090101058	0	4.52564456493e-05	7.69359576038e-05	0.00109973162928	0.00872091707661	0.00290093816612	0	1.35769336948e-05	0.0118119323145	0.0056389531279	4.52564456493e-06	0	4.52564456493e-06	0	4.52564456493e-06	4.52564456493e-06	0	1.81025782597e-05	4.52564456493e-06	0.000104089824993	0	0	1.81025782597e-05	0	4.52564456493e-06	0	9.05128912985e-06	0	0	0	9.05128912985e-06	0	3.62051565194e-05	0	8.14616021687e-05	0	0	4.52564456493e-06	2.26282228246e-05	4.52564456493e-06	9.05128912985e-06	0	0	0	1.35769336948e-05	0.00207274521074	0.000185551427162	0.00243027113137	0.00110425727384	0.000325846408675	2.71538673896e-05	4.52564456493e-06	4.07308010843e-05	4.52564456493e-06	1.81025782597e-05	1.35769336948e-05	0	0	0
0.00218588632486	0.000674321040174	0.00387395174758	0	3.16795119545e-05	0.000683372329304	0.00136674465861	0.00185551427162	0.00376533627802	0.000579282504311	0.000208179649987	0.00433104184864	0.000203654005422	0.00146178319447	0.00310459217154	0.000267013029331	0.00152514221838	0.00558464539312	0.00028511560759	0.00309101523785	9.95641804284e-05	0.0059738508257	0.00196865538574	0.00957626389939	0.00117214194232	0.000343948986934	0.00418169557799	0.00338970777913	0.00251173273353	0.00997904626566	0.00804207039188	4.52564456493e-06	0.000398256721714	0.0056389531279	0.0512483990532	1.81025782597e-05	0.000353000276064	7.24103130388e-05	0	4.52564456493e-06	4.52564456493e-06	0	5.43077347791e-05	2.26282228246e-05	0.000162923204337	4.52564456493e-06	2.71538673896e-05	2.26282228246e-05	1.81025782597e-05	2.26282228246e-05	9.05128912985e-06	3.62051565194e-05	4.07308010843e-05	4.52564456493e-06	1.81025782597e-05	1.35769336948e-05	6.78846684739e-05	0.000276064318461	6.3359023909e-05	0.000149346270643	9.50385358635e-05	0.000158397559772	0.000203654005422	7.69359576038e-05	9.05128912985e-06	4.52564456493e-05	0	0	0	6.78846684739e-05	0.0101012386689	0.00394636206062	0.0208496445106	0.00749446739952	0.00109520598471	0.000398256721714	9.95641804284e-05	0.00028511560759	9.50385358635e-05	0.000117666758688	5.43077347791e-05	2.26282228246e-05	4.52564456493e-06	1.35769336948e-05
1.35769336948e-05	9.05128912985e-06	4.52564456493e-06	0	3.62051565194e-05	0	4.52564456493e-06	2.71538673896e-05	0	8.14616021687e-05	9.05128912985e-06	0	0	0	0	0	1.35769336948e-05	4.52564456493e-06	0	0	1.35769336948e-05	4.52564456493e-06	3.16795119545e-05	1.81025782597e-05	2.26282228246e-05	0	0	4.52564456493e-06	4.97820902142e-05	4.52564456493e-06	1.81025782597e-05	0	0	4.52564456493e-06	1.81025782597e-05	0.0212705294552	1.35769336948e-05	6.78846684739e-05	0	0.000271538673896	3.62051565194e-05	0.00119929580971	0.00679751813652	0.00337613084544	0.000448038811928	0.00124002661079	0	0.0009549110032	0	0.00782483945276	7.69359576038e-05	0.000162923204337	8.59872467336e-05	0	9.05128912985e-06	0.000610962016265	0.000701474907564	0.000162923204337	0.000375628498889	0.00171069364554	0	4.52564456493e-06	7.24103130388e-05	0.00160207817598	0.00478813194969	0.00276064318461	0	1.35769336948e-05	0.000271538673896	0.00111330856297	2.26282228246e-05	4.52564456493e-06	4.52564456493e-06	4.52564456493e-06	4.52564456493e-06	0	0	0.000647167172785	0.000162923204337	0.000656218461914	0.000239859161941	0.000737680064083	8.59872467336e-05	0
4.52564456493e-06	0.00246195064332	0.000864398111901	0	0	0	0	4.52564456493e-06	0	4.52564456493e-06	0	0.000185551427162	0	3.62051565194e-05	0	4.52564456493e-06	4.52564456493e-05	0.000434461878233	2.71538673896e-05	0.000221756583681	0	8.59872467336e-05	0.000475192679317	0.000362051565194	4.52564456493e-06	0.00030321818585	0.00130791127926	0.0021677837466	1.35769336948e-05	0	3.62051565194e-05	0	0	0	0.000353000276064	1.35769336948e-05	0.0186773351195	0.00210442472269	0	0	0	0	2.71538673896e-05	4.52564456493e-06	8.59872467336e-05	0	0.00033037205324	0	0.000248910451071	9.05128912985e-06	0	0.000271538673896	0.000991116159719	8.14616021687e-05	0.000683372329304	0	0.000267013029331	0.00266560464874	0.00107257776189	0.000113141114123	0.00196412974118	0.00297787412372	0.00994284110914	4.52564456493e-05	1.35769336948e-05	0.000122192403253	2.71538673896e-05	4.52564456493e-06	0	0.000683372329304	0.000176500138032	0.000561179926051	0.000244384806506	0.000117666758688	0	4.52564456493e-06	0	0.000380154143454	0.00114951371949	0.000778410865167	0.000253436095636	2.71538673896e-05	1.81025782597e-05	3.16795119545e-05
0	0.000434461878233	0.000194602716292	0	0	0	0	1.35769336948e-05	0	9.05128912985e-06	0	1.35769336948e-05	4.52564456493e-06	0	0	0	3.16795119545e-05	5.88333793441e-05	0	1.81025782597e-05	0	3.16795119545e-05	0.000185551427162	9.95641804284e-05	0	1.81025782597e-05	0.000122192403253	0.000357525920629	4.52564456493e-06	0	1.35769336948e-05	0	0	4.52564456493e-06	7.24103130388e-05	6.78846684739e-05	0.00210442472269	0.0264750207048	0	4.52564456493e-06	0	1.35769336948e-05	0.000131243692383	3.16795119545e-05	3.62051565194e-05	2.26282228246e-05	7.24103130388e-05	2.26282228246e-05	9.05128912985e-06	5.43077347791e-05	0	0.000561179926051	0.00670247960066	3.16795119545e-05	0.000950385358635	1.35769336948e-05	0.00180120653684	0.000877975045596	0.00770264704951	0.000122192403253	7.69359576038e-05	0.0063223254572	0.00922326362332	0.000144820626078	7.69359576038e-05	0.000941334069505	0	4.52564456493e-06	4.52564456493e-06	0.0026067712694	7.24103130388e-05	6.78846684739e-05	4.97820902142e-05	4.52564456493e-05	0	0	0	0.00162018075424	0.00205464263248	0.00249815579984	0.00105900082819	0.000131243692383	9.05128912985e-05	1.81025782597e-05
0	0	0	0	0	0	0	0	0	0	0	0	0	0	0	0	0	0	0	0	0	0	0	0	0	0	0	0	0	0	0	0	0	0	0	0	0	0	0	0	0	0	0	0	0	0	0	0	0	0	0	0	0	0	0	0	0	0	0	0	0	0	0	0	0	0	0	0	0	0	0	0	0	0	0	0	0	0	0	0	0	0	0	0
2.26282228246e-05	0	4.52564456493e-06	0	0.00284663043134	0	1.35769336948e-05	4.97820902142e-05	1.35769336948e-05	0.000126718047818	2.26282228246e-05	0	5.43077347791e-05	0	9.05128912985e-06	0	4.52564456493e-06	0	0	0	0.000276064318461	0	1.35769336948e-05	4.52564456493e-06	5.88333793441e-05	0	0	0	0.000887026334726	2.26282228246e-05	2.26282228246e-05	0	0	4.52564456493e-06	4.52564456493e-06	0.000271538673896	0	4.52564456493e-06	0	0.0157673456642	0	0.000389205432584	0.00128528305644	0.000235333517376	0.000773885220603	0.00426768282473	0	0.00244837370963	0	0.000217230939117	9.05128912985e-06	1.35769336948e-05	0	0	0	0.0104270850776	4.97820902142e-05	5.88333793441e-05	9.05128912985e-06	0.00420432380082	0	0	4.52564456493e-06	0.00320415635197	6.78846684739e-05	0.000113141114123	0	0	2.26282228246e-05	9.50385358635e-05	9.05128912985e-06	4.52564456493e-06	0	0	4.52564456493e-06	0	0	6.78846684739e-05	1.81025782597e-05	4.52564456493e-05	1.35769336948e-05	9.05128912985e-05	0	0
