0.0204880925537	9.71328465128e-05	0.0036077914419	0	1.7345151163e-05	3.4690302326e-06	0.000499540353494	0.0105631970583	0.00153678039304	6.9380604652e-05	0.000228955995351	4.85664232564e-05	3.4690302326e-06	2.08141813956e-05	0.0140807937141	3.4690302326e-06	0	0.00215773680468	4.16283627912e-05	0.000176920541863	1.38761209304e-05	0.000395469446516	9.36638162802e-05	0.00306315369538	0.000135292179071	0	0.00301458727213	0.0012661960349	0.0039269422233	0.00795101729312	0.00566839540007	0	4.50973930238e-05	0.000190796662793	0.001744922207	0	0.000121416058141	4.16283627912e-05	0	0	0	3.4690302326e-06	0	0	5.2035453489e-05	1.04070906978e-05	0	1.04070906978e-05	0	0	0	0	1.04070906978e-05	0	0	1.04070906978e-05	0	8.32567255824e-05	6.59115744194e-05	3.4690302326e-06	1.04070906978e-05	1.7345151163e-05	0.000343433993027	1.7345151163e-05	0	0	0	0	0	4.16283627912e-05	0.000607080290705	0.000315681751166	0.00223058643956	0.000825629195358	1.7345151163e-05	1.04070906978e-05	0	0.000152637330234	5.89735139542e-05	6.59115744194e-05	6.59115744194e-05	0	3.4690302326e-06	0
9.71328465128e-05	0.0282517822143	0.000343433993027	0	0	0	6.9380604652e-06	0.000208141813956	4.85664232564e-05	0.00383327840702	1.38761209304e-05	1.7345151163e-05	0	0.000797876953498	0.000114477997676	0	0.000516885504657	0.00123150573257	1.7345151163e-05	5.2035453489e-05	0	0.000124885088374	0.0067888921652	0.000738903439543	0.00333026902329	0.00184899311397	0.00559207673495	0.0204083048584	0.00042669071861	2.42832116282e-05	5.2035453489e-05	0	3.4690302326e-06	0	0.000513416474425	0	0.0150451841188	6.24425441868e-05	0	0	0	6.9380604652e-06	0	3.4690302326e-06	0.000190796662793	1.7345151163e-05	1.7345151163e-05	1.7345151163e-05	0.000114477997676	0	0	3.81593325586e-05	0.000156106360467	0	3.4690302326e-06	1.7345151163e-05	3.12212720934e-05	0.0014049572442	0.000163044420932	0.000183858602328	0.000447504900005	5.89735139542e-05	0.0150694673304	2.42832116282e-05	3.4690302326e-06	0	1.7345151163e-05	0	3.4690302326e-06	4.16283627912e-05	0.00159922293723	0.00114131094652	0.00061401835117	0.000145699269769	1.04070906978e-05	3.4690302326e-06	0	0.00025323920698	2.42832116282e-05	3.4690302326e-05	0.000128354118606	6.9380604652e-06	0	0
0.0036077914419	0.000343433993027	0.0303401384143	0	0	1.04070906978e-05	0.000995611676756	0.00980001040709	0.00341699477911	6.9380604652e-05	0.000142230239537	7.28496348846e-05	6.9380604652e-06	1.38761209304e-05	0.00805161916986	0	0	0.00178308153956	2.77522418608e-05	5.55044837216e-05	3.4690302326e-06	0.00167901063258	0.00036077914419	0.0156418573188	1.38761209304e-05	0	0.0105562589978	0.00821119456056	0.00773593741869	0.00116559415815	0.00340658768841	0	8.32567255824e-05	0.000367717204655	0.000211610844189	0	0.000409345567447	0.000770124711637	0	0	0	1.38761209304e-05	0	0	4.85664232564e-05	2.42832116282e-05	3.4690302326e-06	2.77522418608e-05	0	0	3.4690302326e-06	0	0.000315681751166	0	0.000114477997676	2.77522418608e-05	3.12212720934e-05	0.000333026902329	0.00151249718141	2.08141813956e-05	3.4690302326e-06	0.000190796662793	0.00279950739771	6.59115744194e-05	0	1.38761209304e-05	3.4690302326e-06	0	0	0.000107539937211	0.00146046172792	0.00115865609769	0.000690337016287	0.000450973930238	2.42832116282e-05	3.12212720934e-05	0	0.000901947860476	0.000294867569771	0.000169982481397	0.000222017934886	0	1.7345151163e-05	3.4690302326e-06
0	0	0	0	0	0	0	0	0	0	0	0	0	0	0	0	0	0	0	0	0	0	0	0	0	0	0	0	0	0	0	0	0	0	0	0	0	0	0	0	0	0	0	0	0	0	0	0	0	0	0	0	0	0	0	0	0	0	0	0	0	0	0	0	0	0	0	0	0	0	0	0	0	0	0	0	0	0	0	0	0	0	0	0
1.7345151163e-05	0	0	0	0.0176538948537	2.08141813956e-05	0.000312212720934	0.00199122335351	0.000329557872097	0.000676460895357	0.00341005671864	9.36638162802e-05	0.00198081626281	1.7345151163e-05	0.000329557872097	0.000131823148839	0	0	4.50973930238e-05	0.000180389572095	0.0045860579675	1.04070906978e-05	6.9380604652e-06	2.08141813956e-05	0.00413161500702	0	8.6725755815e-05	3.12212720934e-05	0.00788857474893	0.000506478413959	1.04070906978e-05	0	2.08141813956e-05	4.85664232564e-05	0.00069380604652	8.6725755815e-05	3.4690302326e-06	3.12212720934e-05	0	0.00810018559312	0	0.00107539937211	0	0.000898478830243	0.000756248590706	0.000197734723258	3.4690302326e-05	0.00250810885817	6.9380604652e-06	0.000908885920941	0.000499540353494	0	1.7345151163e-05	2.08141813956e-05	3.12212720934e-05	0.00552963419076	1.04070906978e-05	3.4690302326e-06	4.50973930238e-05	0.00447157996982	3.4690302326e-06	0.000114477997676	4.16283627912e-05	0.00169982481397	0.0006278944721	1.04070906978e-05	6.9380604652e-06	3.4690302326e-06	0.0001595753907	0.00136679791164	0.000402407506981	8.6725755815e-05	0.00104070906978	0.000249770176747	0.000249770176747	3.4690302326e-05	0	0.000398938476749	4.16283627912e-05	0.000808284044195	0.000343433993027	4.50973930238e-05	0.000163044420932	0
3.4690302326e-06	0	1.04070906978e-05	0	2.08141813956e-05	0.00420099561168	0.00183858602328	0.000176920541863	0.000527292595355	6.9380604652e-06	3.12212720934e-05	2.08141813956e-05	2.77522418608e-05	8.6725755815e-05	0.000364248174423	0.00109968258373	0	0	0	0	3.4690302326e-06	1.04070906978e-05	0	1.04070906978e-05	3.81593325586e-05	0	1.04070906978e-05	1.38761209304e-05	0.000117947027908	0.000124885088374	0	0	0.00201203753491	1.04070906978e-05	0.000513416474425	0	0	0	0	6.9380604652e-06	0	0	0	6.9380604652e-06	1.38761209304e-05	0	0	0	0	3.4690302326e-06	0	0	0	0	0	0	0	0	0	1.7345151163e-05	0	0	0	3.12212720934e-05	0	0	0	6.9380604652e-06	0	1.7345151163e-05	0.000131823148839	4.50973930238e-05	0.000239363086049	0.000301805630236	0.000818691134893	0.00109274452327	1.38761209304e-05	1.04070906978e-05	0	1.04070906978e-05	0	0	1.04070906978e-05	1.04070906978e-05
0.000499540353494	6.9380604652e-06	0.000995611676756	0	0.000312212720934	0.00183858602328	0.0421244341144	0.010365462335	0.0279881359166	0.000350372053492	0.0154233084141	0.000496071323262	0.00689990113264	0.000298336600003	0.0129984562815	0.00316375557213	0	0.000121416058141	0.000225486965119	0.000228955995351	0.0023832237698	0.000385062355818	3.4690302326e-06	0.00080134598373	0.000499540353494	0	0.000933169132569	0.000263646297677	0.00529720916518	0.00365635786516	9.36638162802e-05	3.4690302326e-06	0.00179695766049	0.000353841083725	0.00158881584653	1.04070906978e-05	1.38761209304e-05	1.7345151163e-05	0	2.08141813956e-05	0	2.42832116282e-05	6.9380604652e-05	4.85664232564e-05	7.63186651172e-05	2.42832116282e-05	6.9380604652e-06	4.85664232564e-05	0	1.38761209304e-05	1.38761209304e-05	0	6.9380604652e-06	0	0	2.77522418608e-05	0.000111008967443	0	0.000145699269769	0.000163044420932	0	2.42832116282e-05	3.81593325586e-05	0.000249770176747	4.50973930238e-05	7.97876953498e-05	0	1.7345151163e-05	6.9380604652e-06	0.000714620227915	0.00116212512792	0.000929700102336	0.00381940228609	0.0020224446256	0.00183164796281	0.00137026694188	3.4690302326e-06	5.89735139542e-05	6.9380604652e-06	0.000468319081401	0.000409345567447	1.38761209304e-05	5.55044837216e-05	4.16283627912e-05
0.0105631970583	0.000208141813956	0.00980001040709	0	0.00199122335351	0.000176920541863	0.010365462335	0.0803253950358	0.0226666435398	0.000697275076752	0.0218514214351	0.00147780687909	9.71328465128e-05	0.000246301146514	0.035987719633	0.000190796662793	0	0.00162350614886	0.000929700102336	0.00254279916049	0.000260177267445	0.00248382564654	0.000156106360467	0.00793020311172	0.00576899727681	3.4690302326e-06	0.00824241583265	0.00221671031863	0.0423291068982	0.0126931816211	0.00996999288849	0	0.000503009383727	0.00234506443724	0.00779144190242	0	0.000246301146514	6.9380604652e-05	0	0.00245260437445	0	9.01947860476e-05	6.9380604652e-06	3.4690302326e-06	0.00121069155118	0.000176920541863	0	0.000450973930238	0	0	1.38761209304e-05	0	1.04070906978e-05	0	3.4690302326e-06	0.000527292595355	1.38761209304e-05	0.000128354118606	0.000294867569771	0.00444382772796	2.42832116282e-05	9.36638162802e-05	0.000589735139542	0.00273359582329	0.000149168300002	0	0	0	6.9380604652e-06	0.000804815013963	0.0022132412884	0.00152637330234	0.0119924375141	0.00310478205818	0.000811753074428	0.000163044420932	0	0.000301805630236	0.000111008967443	0.000385062355818	0.000218548904654	6.9380604652e-06	0.000111008967443	3.4690302326e-06
0.00153678039304	4.85664232564e-05	0.00341699477911	0	0.000329557872097	0.000527292595355	0.0279881359166	0.0226666435398	0.0581686989402	0.000287929509306	0.0199573309281	0.00358003920004	0.00386103064888	0.000898478830243	0.0349678247446	0.00136679791164	0	0.000610549320937	0.00143964754653	0.00117947027908	0.00285848091166	0.000912354951173	3.4690302326e-05	0.00239709989073	0.000503009383727	3.4690302326e-06	0.00389225192098	0.000836036286056	0.0101018160373	0.0114373926769	0.000999080706988	1.04070906978e-05	0.00267809133957	0.000697275076752	0.00594938684891	2.42832116282e-05	4.85664232564e-05	3.12212720934e-05	0	0.000274053388375	0	6.24425441868e-05	0.000135292179071	0.000166513451165	0.000145699269769	4.50973930238e-05	1.04070906978e-05	0.000128354118606	0	5.89735139542e-05	3.12212720934e-05	0	1.04070906978e-05	0	0	5.89735139542e-05	0.000163044420932	2.77522418608e-05	0.000228955995351	0.000561982897681	3.4690302326e-06	6.59115744194e-05	0.000131823148839	0.000766655681404	0.000117947027908	0.000163044420932	0	6.24425441868e-05	1.38761209304e-05	0.00145699269769	0.00190796662793	0.00177267444886	0.0104799403327	0.00410039373493	0.00138414306281	0.0018836834163	6.9380604652e-06	0.000138761209304	4.50973930238e-05	0.00102683294885	0.000766655681404	1.38761209304e-05	0.000204672783723	0.000145699269769
6.9380604652e-05	0.00383327840702	6.9380604652e-05	0	0.000676460895357	6.9380604652e-06	0.000350372053492	0.000697275076752	0.000287929509306	0.0260975144398	0.000176920541863	1.7345151163e-05	0.00101642585815	0.000287929509306	0.000416283627912	0.00164778936048	5.2035453489e-05	1.7345151163e-05	6.9380604652e-06	2.77522418608e-05	5.89735139542e-05	6.24425441868e-05	0.00852340728149	6.9380604652e-05	0.0131476245815	0.000641770593031	0.000322619811632	0.00270584358143	0.0104036216676	0.000149168300002	0.000343433993027	0	1.04070906978e-05	3.12212720934e-05	8.32567255824e-05	2.08141813956e-05	0.000218548904654	2.08141813956e-05	0	0.00053423065582	0	0.000395469446516	4.85664232564e-05	1.38761209304e-05	0.00968553240941	0.000551575806983	3.4690302326e-06	0.000863788527917	1.7345151163e-05	6.9380604652e-06	0.000652177683729	8.32567255824e-05	1.04070906978e-05	0	0	0.000659115744194	3.4690302326e-06	0.00125925797443	0.0001595753907	0.00466237663261	1.7345151163e-05	1.7345151163e-05	0.000312212720934	0.00307356078608	0.000145699269769	0.000239363086049	0	0	9.36638162802e-05	0.00130088633722	0.000503009383727	0.000222017934886	0.000291398539538	0.000163044420932	0.00249076370701	1.38761209304e-05	2.08141813956e-05	0.00160269196746	0.000298336600003	0.000156106360467	0.000100601876745	0.000527292595355	6.9380604652e-05	3.4690302326e-06
0.000228955995351	1.38761209304e-05	0.000142230239537	0	0.00341005671864	3.12212720934e-05	0.0154233084141	0.0218514214351	0.0199573309281	0.000176920541863	0.0568296532704	0.00515497892564	0.00298683503027	9.36638162802e-05	0.0176643019444	0.000121416058141	0	0.000322619811632	0.00266421521864	0.00457911990703	0.00547759873727	0.000142230239537	6.9380604652e-06	0.00018732763256	0.000742372469776	3.4690302326e-06	0.00231037413491	0.000242832116282	0.0152984233258	0.0099283645257	2.42832116282e-05	0	0.000131823148839	0.000197734723258	0.0107366485699	3.4690302326e-06	2.77522418608e-05	0	0	0.00350025150469	0	0.000967859434895	6.9380604652e-06	0.00101989488838	0.000194265693026	0.000506478413959	3.4690302326e-06	0.00206060395816	3.4690302326e-06	0.000475257141866	7.63186651172e-05	0	0	0	1.7345151163e-05	0.00330251678143	1.04070906978e-05	3.4690302326e-06	4.16283627912e-05	0.00245607340468	1.38761209304e-05	6.59115744194e-05	7.63186651172e-05	0.00101989488838	0.000392000416284	0	3.4690302326e-06	0	3.4690302326e-05	0.000967859434895	0.00195306402095	0.000672991865124	0.010767869842	0.000645239623263	0.000509947444192	3.81593325586e-05	0	0.000166513451165	2.77522418608e-05	0.000499540353494	0.000201203753491	1.04070906978e-05	7.97876953498e-05	0
4.85664232564e-05	1.7345151163e-05	7.28496348846e-05	0	9.36638162802e-05	2.08141813956e-05	0.000496071323262	0.00147780687909	0.00358003920004	1.7345151163e-05	0.00515497892564	0.0269092675143	0.000485664232564	0.00337883544655	0.00490867777913	7.97876953498e-05	0	0.000121416058141	0.00731271573032	0.00700397203962	0.00134251470002	0.000104070906978	0	0.000312212720934	1.38761209304e-05	0.000367717204655	0.00830832740707	0.000388531386051	0.000999080706988	0.00663972386519	9.71328465128e-05	0.000784000832567	9.36638162802e-05	5.55044837216e-05	0.0100289664024	0	4.85664232564e-05	6.9380604652e-06	0	0.000117947027908	0	4.16283627912e-05	1.04070906978e-05	3.4690302326e-06	1.04070906978e-05	4.50973930238e-05	6.24425441868e-05	9.36638162802e-05	0.000381593325586	0	1.04070906978e-05	0	0	1.04070906978e-05	6.9380604652e-06	4.50973930238e-05	0	0	2.42832116282e-05	0.000218548904654	0.000156106360467	0.000544637746518	0.000367717204655	0.000235894055817	3.4690302326e-05	0	0.000374655265121	0	0	0.000246301146514	0.00226180771165	0.00564064315821	0.011617782249	0.000811753074428	0.000107539937211	0	0.000336495932562	0.0006278944721	0.000371186234888	0.000138761209304	2.08141813956e-05	3.4690302326e-06	6.9380604652e-06	3.4690302326e-06
3.4690302326e-06	0	6.9380604652e-06	0	0.00198081626281	2.77522418608e-05	0.00689990113264	9.71328465128e-05	0.00386103064888	0.00101642585815	0.00298683503027	0.000485664232564	0.0287409154771	4.85664232564e-05	0.00217161292561	0.00184899311397	0	3.4690302326e-06	0.000287929509306	0.000301805630236	0.00622690926751	6.9380604652e-06	2.08141813956e-05	0	0.000947045253499	0	0.000260177267445	1.38761209304e-05	0.00122109864187	0.00105458519071	3.4690302326e-06	0	3.4690302326e-05	3.4690302326e-06	0.00103377100931	5.2035453489e-05	3.4690302326e-06	2.77522418608e-05	0	0.000666053804659	3.12212720934e-05	0.00757289299776	3.4690302326e-06	0.0020640729884	0.000169982481397	0.0017241080256	0.000499540353494	0.0108060291745	3.4690302326e-05	0.00363554368376	0.004086517614	0	6.9380604652e-06	0.000201203753491	4.16283627912e-05	0.00762492845125	0	1.38761209304e-05	1.7345151163e-05	5.89735139542e-05	0	0.00044056683954	4.50973930238e-05	4.16283627912e-05	0.0029798969698	3.4690302326e-06	5.55044837216e-05	2.77522418608e-05	0	0.00193571886979	0.000107539937211	8.6725755815e-05	0.00123497476281	9.71328465128e-05	0.00137720500234	1.38761209304e-05	0	0.000742372469776	5.55044837216e-05	0.000898478830243	0.000107539937211	0.000176920541863	8.6725755815e-05	1.7345151163e-05
2.08141813956e-05	0.000797876953498	1.38761209304e-05	0	1.7345151163e-05	8.6725755815e-05	0.000298336600003	0.000246301146514	0.000898478830243	0.000287929509306	9.36638162802e-05	0.00337883544655	4.85664232564e-05	0.0181673113281	0.000745841500009	6.9380604652e-05	0	6.9380604652e-06	1.04070906978e-05	0	3.4690302326e-06	2.08141813956e-05	0.000298336600003	1.7345151163e-05	0.000242832116282	0.00686521083031	0.00169982481397	0.00512028862332	7.28496348846e-05	0.000971328465128	0	0.00144658560699	0.000222017934886	4.16283627912e-05	0.00045444296047	0	0.000197734723258	0	0	6.9380604652e-06	0	0	0	1.7345151163e-05	4.50973930238e-05	0	0.000849912406987	0	0.00381593325586	6.9380604652e-06	0	0	0	1.38761209304e-05	0	0	0	4.85664232564e-05	0	5.2035453489e-05	0.00148821396978	0.0010962135535	0.000780531802335	1.38761209304e-05	5.89735139542e-05	0	0.001744922207	3.4690302326e-05	0	0.000679929925589	0.000104070906978	0.00439873033493	0.00206060395816	0.000679929925589	2.77522418608e-05	0.000114477997676	0.000839505316289	4.50973930238e-05	0.00156106360467	3.81593325586e-05	0	0	1.7345151163e-05	5.55044837216e-05
0.0140807937141	0.000114477997676	0.00805161916986	0	0.000329557872097	0.000364248174423	0.0129984562815	0.035987719633	0.0349678247446	0.000416283627912	0.0176643019444	0.00490867777913	0.00217161292561	0.000745841500009	0.0672818413612	0.00150209009072	0	0.00265727715817	0.00223405546979	0.00246301146514	0.00279950739771	0.00145352366746	0.000145699269769	0.00663625483496	0.000603611260472	3.4690302326e-06	0.00765614972334	0.00202938268607	0.0145248295839	0.0206199157026	0.00609161708844	1.04070906978e-05	0.00144311657676	0.000936638162802	0.00951901895825	6.9380604652e-06	0.000114477997676	6.9380604652e-05	0	0.000322619811632	0	4.85664232564e-05	1.7345151163e-05	5.2035453489e-05	0.000222017934886	7.28496348846e-05	6.9380604652e-06	0.000225486965119	0	1.38761209304e-05	2.42832116282e-05	0	1.04070906978e-05	0	0	9.01947860476e-05	2.77522418608e-05	0.000124885088374	0.000201203753491	0.000492602293029	6.9380604652e-06	7.97876953498e-05	0.000395469446516	0.000523823565122	9.36638162802e-05	4.16283627912e-05	0	1.7345151163e-05	3.4690302326e-06	0.000790938893032	0.00225833868142	0.00199469238374	0.0134598373025	0.00358003920004	0.00175186026746	0.000475257141866	0	0.000301805630236	0.000104070906978	0.000336495932562	0.000190796662793	1.7345151163e-05	9.71328465128e-05	4.50973930238e-05
3.4690302326e-06	0	0	0	0.000131823148839	0.00109968258373	0.00316375557213	0.000190796662793	0.00136679791164	0.00164778936048	0.000121416058141	7.97876953498e-05	0.00184899311397	6.9380604652e-05	0.00150209009072	0.00891540769778	0	0	5.55044837216e-05	2.42832116282e-05	8.32567255824e-05	0	0	0	0.00105805422094	0	4.50973930238e-05	1.04070906978e-05	0.000457911990703	0.000548106776751	0	0	0.000496071323262	3.4690302326e-06	0.000301805630236	0	0	0	0	0	0	6.9380604652e-06	0	3.4690302326e-06	1.04070906978e-05	6.9380604652e-06	0	1.04070906978e-05	0	0	3.4690302326e-06	0	0	0	0	1.04070906978e-05	0	0	0	6.9380604652e-06	0	0	0	1.38761209304e-05	0	0	0	3.4690302326e-06	0	6.59115744194e-05	0.000124885088374	0.000169982481397	0.000648708653496	0.000232425025584	0.0035973843512	0.000176920541863	0	6.9380604652e-06	0	3.4690302326e-06	0	3.4690302326e-06	3.4690302326e-06	3.4690302326e-06
0	0.000516885504657	0	0	0	0	0	0	0	5.2035453489e-05	0	0	0	0	0	0	0.0160130435537	0	0	0	0	0.00291398539538	0.0113992333443	0.0067472638024	0.00212998456282	0	0.000319150781399	0.00499540353494	0.00123844379304	0	0	0	0	0	6.9380604652e-06	0	3.12212720934e-05	0	0	0	0	0	0	0	3.4690302326e-05	0	0	0	0	0	0	0.00017345151163	0	0	0	0	0.00112396579536	0.0036077914419	0.00158187778606	0.000322619811632	0	0	7.63186651172e-05	0.0017137009349	0	0	0	0	0	0	3.12212720934e-05	2.77522418608e-05	0	0	0	0	0	3.4690302326e-06	0	0	0	0	0	0
0.00215773680468	0.00123150573257	0.00178308153956	0	0	0	0.000121416058141	0.00162350614886	0.000610549320937	1.7345151163e-05	0.000322619811632	0.000121416058141	3.4690302326e-06	6.9380604652e-06	0.00265727715817	0	0	0.0300313947236	6.9380604652e-05	0.00370145525818	6.9380604652e-06	0.00250810885817	2.08141813956e-05	0.00456177475587	6.9380604652e-06	0	0.0133731115467	0.00337883544655	0.0006278944721	0.00153678039304	0.00463462439075	6.9380604652e-06	6.9380604652e-06	1.38761209304e-05	0.00805161916986	0	0.00184552408374	0.00017345151163	0	0	0	6.9380604652e-06	0	3.4690302326e-06	2.42832116282e-05	6.9380604652e-06	3.4690302326e-06	6.9380604652e-06	3.4690302326e-06	3.4690302326e-06	0	0	4.50973930238e-05	0	0.000114477997676	6.9380604652e-06	1.04070906978e-05	1.7345151163e-05	0.00017345151163	6.9380604652e-06	2.42832116282e-05	0.0007874698628	0.0022028341977	6.9380604652e-06	0	0	3.4690302326e-06	0	0	2.08141813956e-05	0.000967859434895	0.00115171803722	0.00353494180702	0.0006278944721	1.38761209304e-05	2.08141813956e-05	0	0.000291398539538	0.000124885088374	4.50973930238e-05	4.85664232564e-05	0	0	0
4.16283627912e-05	1.7345151163e-05	2.77522418608e-05	0	4.50973930238e-05	0	0.000225486965119	0.000929700102336	0.00143964754653	6.9380604652e-06	0.00266421521864	0.00731271573032	0.000287929509306	1.04070906978e-05	0.00223405546979	5.55044837216e-05	0	6.9380604652e-05	0.0120895703606	0.00603958163495	0.000662584774426	2.77522418608e-05	0	0.000114477997676	3.4690302326e-06	6.9380604652e-06	0.00543943940471	0.000163044420932	0.000620956411635	0.00261217976515	3.4690302326e-05	0	0	5.2035453489e-05	0.00490867777913	0	0.000135292179071	1.04070906978e-05	0	7.28496348846e-05	0	2.08141813956e-05	6.9380604652e-06	3.4690302326e-06	3.4690302326e-06	2.77522418608e-05	2.77522418608e-05	6.59115744194e-05	6.9380604652e-06	0	0	0	6.9380604652e-06	1.04070906978e-05	3.4690302326e-06	2.77522418608e-05	0	0	2.08141813956e-05	0.000149168300002	4.85664232564e-05	0.000530761625588	0.000163044420932	0.000163044420932	2.42832116282e-05	0	3.4690302326e-06	0	0	0.00017345151163	0.00102683294885	0.00164778936048	0.00561982897681	0.000284460479073	4.16283627912e-05	0	0	0.000152637330234	4.85664232564e-05	0.000100601876745	2.08141813956e-05	3.4690302326e-06	6.9380604652e-06	0
0.000176920541863	5.2035453489e-05	5.55044837216e-05	0	0.000180389572095	0	0.000228955995351	0.00254279916049	0.00117947027908	2.77522418608e-05	0.00457911990703	0.00700397203962	0.000301805630236	0	0.00246301146514	2.42832116282e-05	0	0.00370145525818	0.00603958163495	0.0239744679375	0.00104764713024	0.000124885088374	1.7345151163e-05	0.000475257141866	5.55044837216e-05	1.7345151163e-05	0.0136124746327	0.000607080290705	0.00171716996514	0.00210570135119	0.000131823148839	3.4690302326e-06	3.4690302326e-06	5.89735139542e-05	0.0138275545071	0	0.000176920541863	6.9380604652e-06	0	7.97876953498e-05	0	4.50973930238e-05	1.38761209304e-05	6.9380604652e-06	1.7345151163e-05	4.85664232564e-05	4.50973930238e-05	0.000111008967443	1.04070906978e-05	0	1.38761209304e-05	0	6.9380604652e-06	6.9380604652e-06	3.12212720934e-05	4.85664232564e-05	3.4690302326e-06	0	4.85664232564e-05	0.000197734723258	6.59115744194e-05	0.000686867986054	0.000409345567447	0.000194265693026	2.77522418608e-05	0	0	0	0	0.000298336600003	0.00329557872097	0.00317416266283	0.0127174648327	0.00269543649073	4.50973930238e-05	1.04070906978e-05	0	0.000364248174423	6.9380604652e-05	0.000398938476749	0.000294867569771	3.4690302326e-06	3.12212720934e-05	0
1.38761209304e-05	0	3.4690302326e-06	0	0.0045860579675	3.4690302326e-06	0.0023832237698	0.000260177267445	0.00285848091166	5.89735139542e-05	0.00547759873727	0.00134251470002	0.00622690926751	3.4690302326e-06	0.00279950739771	8.32567255824e-05	0	6.9380604652e-06	0.000662584774426	0.00104764713024	0.0133731115467	6.9380604652e-06	3.4690302326e-06	3.4690302326e-06	0.000874195618615	0	0.00045444296047	4.85664232564e-05	0.00292439248608	0.00164432033025	6.9380604652e-06	0	6.9380604652e-06	1.04070906978e-05	0.00227221480235	0	3.4690302326e-06	0	0	0.000301805630236	0	5.55044837216e-05	0	6.59115744194e-05	7.97876953498e-05	2.42832116282e-05	0	0.000163044420932	0	1.7345151163e-05	6.9380604652e-06	0	0	0	0	0.00026711532791	0	0	3.4690302326e-06	0.000111008967443	0	0	3.4690302326e-06	2.08141813956e-05	3.12212720934e-05	0	0	0	3.4690302326e-06	5.2035453489e-05	0.000329557872097	8.32567255824e-05	0.00211263941165	3.4690302326e-05	0.000190796662793	0	0	6.9380604652e-05	3.4690302326e-06	2.42832116282e-05	1.38761209304e-05	1.7345151163e-05	6.9380604652e-06	0
0.000395469446516	0.000124885088374	0.00167901063258	0	1.04070906978e-05	1.04070906978e-05	0.000385062355818	0.00248382564654	0.000912354951173	6.24425441868e-05	0.000142230239537	0.000104070906978	6.9380604652e-06	2.08141813956e-05	0.00145352366746	0	0.00291398539538	0.00250810885817	2.77522418608e-05	0.000124885088374	6.9380604652e-06	0.0346764262051	0.00435363294191	0.0121207916327	0.000450973930238	0	0.000624425441868	0.000901947860476	0.0062997589024	0.000277522418608	0.0108615336583	0	6.9380604652e-06	0.000149168300002	0.00630322793263	6.9380604652e-06	4.85664232564e-05	0.000128354118606	0	3.4690302326e-06	0	0	0	6.9380604652e-06	3.81593325586e-05	1.38761209304e-05	0	1.38761209304e-05	0	0	0	7.97876953498e-05	1.38761209304e-05	0	3.4690302326e-06	1.38761209304e-05	0.00182470990235	0.00336495932562	0.00103030197908	0.000582797079077	0	0.000169982481397	0.00017345151163	0.00314641042097	0	6.9380604652e-06	0	0	0	5.2035453489e-05	0.00258442752329	0.00155759457444	0.00384715452795	0.00243872825352	0.000222017934886	6.9380604652e-06	0	0.000156106360467	3.4690302326e-05	9.01947860476e-05	9.01947860476e-05	0	0	0
9.36638162802e-05	0.0067888921652	0.00036077914419	0	6.9380604652e-06	0	3.4690302326e-06	0.000156106360467	3.4690302326e-05	0.00852340728149	6.9380604652e-06	0	2.08141813956e-05	0.000298336600003	0.000145699269769	0	0.0113992333443	2.08141813956e-05	0	1.7345151163e-05	3.4690302326e-06	0.00435363294191	0.0428217091912	0.0125266681699	0.00877664648847	0.000728496348846	0.000731965379078	0.0173104608607	0.00698662688845	0	4.50973930238e-05	0	0	0	1.04070906978e-05	6.9380604652e-06	0.000447504900005	0.000149168300002	0	6.9380604652e-06	0	6.9380604652e-05	0	2.08141813956e-05	0.00232078122561	2.08141813956e-05	3.4690302326e-06	5.55044837216e-05	1.7345151163e-05	0	2.77522418608e-05	0.000842974346521	1.38761209304e-05	0	0	3.81593325586e-05	0.00292786151631	0.0180250810886	0.013348828335	0.00154371845351	1.7345151163e-05	8.6725755815e-05	0.00394428737446	0.00657728132101	6.9380604652e-06	1.38761209304e-05	0	0	3.4690302326e-06	0.000111008967443	0.000860319497684	0.000263646297677	4.50973930238e-05	3.12212720934e-05	3.4690302326e-06	3.4690302326e-06	0	0.00112743482559	0.000398938476749	3.81593325586e-05	2.77522418608e-05	3.4690302326e-05	3.4690302326e-06	0
0.00306315369538	0.000738903439543	0.0156418573188	0	2.08141813956e-05	1.04070906978e-05	0.00080134598373	0.00793020311172	0.00239709989073	6.9380604652e-05	0.00018732763256	0.000312212720934	0	1.7345151163e-05	0.00663625483496	0	0.0067472638024	0.00456177475587	0.000114477997676	0.000475257141866	3.4690302326e-06	0.0121207916327	0.0125266681699	0.0633895894403	0.00036077914419	3.4690302326e-06	0.00688602501171	0.0125231991397	0.00754860978613	0.00137026694188	0.00588000624425	0	9.01947860476e-05	0.000329557872097	0.00445770384889	0	0.000183858602328	0.000301805630236	0	6.9380604652e-06	0	6.9380604652e-06	8.6725755815e-05	0	0.000149168300002	1.04070906978e-05	0	1.38761209304e-05	3.4690302326e-06	0	3.4690302326e-06	0.000610549320937	3.12212720934e-05	0	6.9380604652e-06	1.38761209304e-05	0.00201550656514	0.00796489341405	0.0094392312629	0.000419752658144	6.9380604652e-06	0.000232425025584	0.00128354118606	0.0017137009349	0	1.04070906978e-05	0	0	0	9.71328465128e-05	0.00662237871403	0.00227915286282	0.00384021646749	0.0056718644303	0.000395469446516	6.24425441868e-05	0	0.000364248174423	0.000142230239537	0.000395469446516	0.000565451927914	1.04070906978e-05	6.9380604652e-06	6.9380604652e-06
0.000135292179071	0.00333026902329	1.38761209304e-05	0	0.00413161500702	3.81593325586e-05	0.000499540353494	0.00576899727681	0.000503009383727	0.0131476245815	0.000742372469776	1.38761209304e-05	0.000947045253499	0.000242832116282	0.000603611260472	0.00105805422094	0.00212998456282	6.9380604652e-06	3.4690302326e-06	5.55044837216e-05	0.000874195618615	0.000450973930238	0.00877664648847	0.00036077914419	0.0362825872027	0.000509947444192	0.000104070906978	0.00263646297677	0.0175151336444	0.00124191282327	0.000367717204655	0	4.50973930238e-05	0.000444035869773	0.000575859018611	1.7345151163e-05	5.89735139542e-05	0	0	0.00202591365584	0	3.4690302326e-05	6.9380604652e-06	1.7345151163e-05	0.00525558080239	2.42832116282e-05	3.4690302326e-06	0.000246301146514	1.04070906978e-05	1.38761209304e-05	0.000503009383727	2.08141813956e-05	3.4690302326e-06	0	0	0.00017345151163	1.38761209304e-05	0.000936638162802	2.77522418608e-05	0.00528680207448	3.4690302326e-06	3.4690302326e-06	7.97876953498e-05	0.00294867569771	0.000333026902329	0.000111008967443	0	0	0.000117947027908	0.00120375349071	0.000433628779075	8.6725755815e-05	0.00103377100931	0.00042669071861	0.00180736475118	6.9380604652e-05	4.50973930238e-05	0.000249770176747	3.81593325586e-05	0.000711151197683	0.000537699686053	0.000444035869773	0.000242832116282	6.24425441868e-05
0	0.00184899311397	0	0	0	0	0	3.4690302326e-06	3.4690302326e-06	0.000641770593031	3.4690302326e-06	0.000367717204655	0	0.00686521083031	3.4690302326e-06	0	0	0	6.9380604652e-06	1.7345151163e-05	0	0	0.000728496348846	3.4690302326e-06	0.000509947444192	0.014063448563	0.00294520666748	0.00792326505125	3.4690302326e-06	3.4690302326e-06	0	3.4690302326e-06	0	0	1.38761209304e-05	0	0.000461381020936	0	0	0	0	0	0	3.4690302326e-06	0.000111008967443	0	0.000860319497684	0	0.00543943940471	0	0	0	0	6.9380604652e-06	0	0	0	0.000131823148839	0	0.000100601876745	0.00364595077446	0.000829098225591	0.00169288675351	0	6.9380604652e-06	0	0.00212304650235	6.9380604652e-06	0	4.16283627912e-05	6.9380604652e-06	0.00100601876745	5.55044837216e-05	0	0	0	0.000204672783723	0	0.0017137009349	0	0	0	0	3.12212720934e-05
0.00301458727213	0.00559207673495	0.0105562589978	0	8.6725755815e-05	1.04070906978e-05	0.000933169132569	0.00824241583265	0.00389225192098	0.000322619811632	0.00231037413491	0.00830832740707	0.000260177267445	0.00169982481397	0.00765614972334	4.50973930238e-05	0.000319150781399	0.0133731115467	0.00543943940471	0.0136124746327	0.00045444296047	0.000624425441868	0.000731965379078	0.00688602501171	0.000104070906978	0.00294520666748	0.0853312056615	0.0199469238374	0.00515150989541	0.00318110072329	0.002192427107	0.00129741730699	7.63186651172e-05	0.00036077914419	0.00854769049312	0	0.0139871298978	0.000357310113958	0	0.000107539937211	0	5.89735139542e-05	6.9380604652e-06	1.7345151163e-05	0.000128354118606	6.59115744194e-05	0.000111008967443	0.000124885088374	0.00299377309073	1.7345151163e-05	2.42832116282e-05	0	0.000135292179071	4.50973930238e-05	0.000530761625588	9.01947860476e-05	1.7345151163e-05	0.000100601876745	0.000260177267445	0.000298336600003	0.00832914158847	0.0123393405374	0.0184795240491	0.000228955995351	3.12212720934e-05	3.4690302326e-06	0.00245607340468	6.9380604652e-06	0	0.000395469446516	0.0066189096838	0.0104383119699	0.0112847553466	0.00343433993027	7.28496348846e-05	4.50973930238e-05	4.16283627912e-05	0.00148821396978	0.000565451927914	0.000648708653496	0.000489133262796	0	2.42832116282e-05	0
0.0012661960349	0.0204083048584	0.00821119456056	0	3.12212720934e-05	1.38761209304e-05	0.000263646297677	0.00221671031863	0.000836036286056	0.00270584358143	0.000242832116282	0.000388531386051	1.38761209304e-05	0.00512028862332	0.00202938268607	1.04070906978e-05	0.00499540353494	0.00337883544655	0.000163044420932	0.000607080290705	4.85664232564e-05	0.000901947860476	0.0173104608607	0.0125231991397	0.00263646297677	0.00792326505125	0.0199469238374	0.0870449065964	0.00196347111165	0.000381593325586	0.00108927549304	4.50973930238e-05	5.89735139542e-05	1.04070906978e-05	0.00142924045583	3.4690302326e-06	0.0157424591955	0.000326088841864	0	0	0	6.24425441868e-05	0	3.4690302326e-06	0.000398938476749	6.59115744194e-05	0.000471788111633	9.36638162802e-05	0.00336495932562	6.9380604652e-06	2.08141813956e-05	0.000204672783723	0.000249770176747	1.38761209304e-05	6.59115744194e-05	7.28496348846e-05	0.000100601876745	0.00749657433265	0.00837423898149	0.000315681751166	0.00404488925121	0.00193224983956	0.0215565538654	0.000117947027908	1.04070906978e-05	1.04070906978e-05	0.00145699269769	6.9380604652e-06	0	0.000246301146514	0.0114477997676	0.00640036077914	0.0028203215791	0.00207101104886	0.000197734723258	0.000135292179071	4.50973930238e-05	0.000652177683729	0.000735434409311	0.00034690302326	0.000586266109309	1.7345151163e-05	6.9380604652e-06	6.9380604652e-06
0.0039269422233	0.00042669071861	0.00773593741869	0	0.00788857474893	0.000117947027908	0.00529720916518	0.0423291068982	0.0101018160373	0.0104036216676	0.0152984233258	0.000999080706988	0.00122109864187	7.28496348846e-05	0.0145248295839	0.000457911990703	0.00123844379304	0.0006278944721	0.000620956411635	0.00171716996514	0.00292439248608	0.0062997589024	0.00698662688845	0.00754860978613	0.0175151336444	3.4690302326e-06	0.00515150989541	0.00196347111165	0.0912354951173	0.00747229112102	0.00797183147451	0	0.000228955995351	0.00169982481397	0.00601876745356	4.50973930238e-05	8.6725755815e-05	0.000142230239537	0	0.00539434201169	0	0.000672991865124	5.89735139542e-05	5.55044837216e-05	0.0111008967443	0.000981735555825	3.4690302326e-06	0.0012453818535	0	3.12212720934e-05	0.0006278944721	0.000124885088374	2.77522418608e-05	0	3.4690302326e-06	0.00180042669072	0.000284460479073	0.00389572095121	0.000575859018611	0.0115310564932	0	0.000128354118606	0.000450973930238	0.0086517614001	0.000416283627912	0.000537699686053	0	0	0.000242832116282	0.00288276412329	0.00449933221168	0.0018836834163	0.00936291259778	0.00387143773958	0.00118987736978	0.000183858602328	3.81593325586e-05	0.00222017934886	0.000555044837216	0.00112049676513	0.000676460895357	0.000544637746518	0.000260177267445	5.2035453489e-05
0.00795101729312	2.42832116282e-05	0.00116559415815	0	0.000506478413959	0.000124885088374	0.00365635786516	0.0126931816211	0.0114373926769	0.000149168300002	0.0099283645257	0.00663972386519	0.00105458519071	0.000971328465128	0.0206199157026	0.000548106776751	0	0.00153678039304	0.00261217976515	0.00210570135119	0.00164432033025	0.000277522418608	0	0.00137026694188	0.00124191282327	3.4690302326e-06	0.00318110072329	0.000381593325586	0.00747229112102	0.0409414948051	0.00471788111633	1.04070906978e-05	0.000860319497684	0.004086517614	0.0123462785978	6.9380604652e-06	3.12212720934e-05	3.4690302326e-06	0	0.000242832116282	0	9.01947860476e-05	1.38761209304e-05	6.59115744194e-05	0.000208141813956	9.71328465128e-05	1.7345151163e-05	0.000287929509306	0	1.7345151163e-05	3.81593325586e-05	0	0	0	0	0.000100601876745	2.42832116282e-05	0	2.77522418608e-05	0.000430159748842	6.9380604652e-06	5.55044837216e-05	7.97876953498e-05	0.000447504900005	0.000114477997676	6.59115744194e-05	0	2.77522418608e-05	1.04070906978e-05	0.00100254973722	0.0018732763256	0.00195306402095	0.0140183511699	0.00276481709538	0.00103030197908	0.000537699686053	3.4690302326e-06	0.000169982481397	3.4690302326e-05	0.000364248174423	0.000176920541863	2.42832116282e-05	0.000104070906978	5.55044837216e-05
0.00566839540007	5.2035453489e-05	0.00340658768841	0	1.04070906978e-05	0	9.36638162802e-05	0.00996999288849	0.000999080706988	0.000343433993027	2.42832116282e-05	9.71328465128e-05	3.4690302326e-06	0	0.00609161708844	0	0	0.00463462439075	3.4690302326e-05	0.000131823148839	6.9380604652e-06	0.0108615336583	4.50973930238e-05	0.00588000624425	0.000367717204655	0	0.002192427107	0.00108927549304	0.00797183147451	0.00471788111633	0.0383535982516	0	6.9380604652e-06	0.000742372469776	0.00637260853728	0	4.50973930238e-05	4.16283627912e-05	0	1.04070906978e-05	0	7.97876953498e-05	0	0	0.000315681751166	0.000163044420932	0	0.000166513451165	0	0	3.4690302326e-06	0	3.4690302326e-06	0	0	0.000176920541863	6.9380604652e-06	1.7345151163e-05	0.000128354118606	0.0001595753907	0	3.4690302326e-06	0.000256708237212	0.000152637330234	0	0	0	0	0	0.000218548904654	0.000256708237212	0.000208141813956	0.00423915494424	0.000731965379078	3.12212720934e-05	0	0	0.000201203753491	1.7345151163e-05	6.59115744194e-05	6.59115744194e-05	0	1.7345151163e-05	6.9380604652e-06
0	0	0	0	0	0	3.4690302326e-06	0	1.04070906978e-05	0	0	0.000784000832567	0	0.00144658560699	1.04070906978e-05	0	0	6.9380604652e-06	0	3.4690302326e-06	0	0	0	0	0	3.4690302326e-06	0.00129741730699	4.50973930238e-05	0	1.04070906978e-05	0	0.00175879832793	0	0	3.4690302326e-06	0	2.42832116282e-05	0	0	0	0	0	0	0	0	0	0	0	0.000256708237212	0	0	0	0	1.04070906978e-05	0	0	0	0	0	0	0.000104070906978	0.000402407506981	0.000287929509306	0	0	0	0.000329557872097	0	0	0	2.77522418608e-05	0.000808284044195	0.00025323920698	2.08141813956e-05	0	0	1.04070906978e-05	1.7345151163e-05	3.4690302326e-06	3.4690302326e-06	0	0	0	0
4.50973930238e-05	3.4690302326e-06	8.32567255824e-05	0	2.08141813956e-05	0.00201203753491	0.00179695766049	0.000503009383727	0.00267809133957	1.04070906978e-05	0.000131823148839	9.36638162802e-05	3.4690302326e-05	0.000222017934886	0.00144311657676	0.000496071323262	0	6.9380604652e-06	0	3.4690302326e-06	6.9380604652e-06	6.9380604652e-06	0	9.01947860476e-05	4.50973930238e-05	0	7.63186651172e-05	5.89735139542e-05	0.000228955995351	0.000860319497684	6.9380604652e-06	0	0.00514804086518	6.24425441868e-05	0.000464850051168	1.04070906978e-05	6.9380604652e-06	0	0	1.04070906978e-05	0	1.04070906978e-05	4.16283627912e-05	8.32567255824e-05	2.08141813956e-05	3.4690302326e-06	0	2.08141813956e-05	0	3.4690302326e-05	3.4690302326e-06	0	3.4690302326e-06	0	0	6.9380604652e-06	3.4690302326e-05	0	3.12212720934e-05	6.9380604652e-05	0	6.9380604652e-06	6.9380604652e-06	0.000163044420932	4.16283627912e-05	5.55044837216e-05	0	2.77522418608e-05	6.9380604652e-06	0.000385062355818	0.000444035869773	0.000305274660469	0.000912354951173	0.00105458519071	0.00028099144884	0.00145005463723	1.7345151163e-05	1.7345151163e-05	0	0.000333026902329	0.000222017934886	0	9.36638162802e-05	6.59115744194e-05
0.000190796662793	0	0.000367717204655	0	4.85664232564e-05	1.04070906978e-05	0.000353841083725	0.00234506443724	0.000697275076752	3.12212720934e-05	0.000197734723258	5.55044837216e-05	3.4690302326e-06	4.16283627912e-05	0.000936638162802	3.4690302326e-06	0	1.38761209304e-05	5.2035453489e-05	5.89735139542e-05	1.04070906978e-05	0.000149168300002	0	0.000329557872097	0.000444035869773	0	0.00036077914419	1.04070906978e-05	0.00169982481397	0.004086517614	0.000742372469776	0	6.24425441868e-05	0.0053423065582	0.0018836834163	0	0	0	0	3.4690302326e-05	0	0	0	0	0.000336495932562	1.04070906978e-05	0	2.42832116282e-05	0	0	0	0	0	0	0	1.04070906978e-05	3.4690302326e-06	0	6.9380604652e-06	0.00018732763256	0	0	6.9380604652e-06	9.01947860476e-05	4.50973930238e-05	1.04070906978e-05	0	0	1.38761209304e-05	0.000225486965119	9.36638162802e-05	0.000114477997676	0.00174839123723	0.00018732763256	3.4690302326e-05	0	0	1.04070906978e-05	3.4690302326e-06	0.000138761209304	9.71328465128e-05	3.4690302326e-06	2.77522418608e-05	0
0.001744922207	0.000513416474425	0.000211610844189	0	0.00069380604652	0.000513416474425	0.00158881584653	0.00779144190242	0.00594938684891	8.32567255824e-05	0.0107366485699	0.0100289664024	0.00103377100931	0.00045444296047	0.00951901895825	0.000301805630236	6.9380604652e-06	0.00805161916986	0.00490867777913	0.0138275545071	0.00227221480235	0.00630322793263	1.04070906978e-05	0.00445770384889	0.000575859018611	1.38761209304e-05	0.00854769049312	0.00142924045583	0.00601876745356	0.0123462785978	0.00637260853728	3.4690302326e-06	0.000464850051168	0.0018836834163	0.0480044403587	0	0.000409345567447	6.9380604652e-06	0	0.000232425025584	0	0.000107539937211	2.08141813956e-05	6.9380604652e-06	0.000322619811632	0.000166513451165	6.9380604652e-05	0.000374655265121	0	0	3.12212720934e-05	0	0	1.04070906978e-05	3.4690302326e-06	0.000169982481397	6.9380604652e-06	0	9.36638162802e-05	0.000607080290705	4.85664232564e-05	0.000149168300002	0.000638301562798	0.000634832532566	0.000104070906978	6.9380604652e-06	0	0	6.9380604652e-06	0.00097479749536	0.00182817893258	0.000659115744194	0.0284946143306	0.00262258685584	0.000503009383727	0.00045444296047	3.4690302326e-05	0.000610549320937	0.000131823148839	0.000638301562798	0.000353841083725	1.7345151163e-05	0.000104070906978	3.4690302326e-06
0	0	0	0	8.6725755815e-05	0	1.04070906978e-05	0	2.42832116282e-05	2.08141813956e-05	3.4690302326e-06	0	5.2035453489e-05	0	6.9380604652e-06	0	0	0	0	0	0	6.9380604652e-06	6.9380604652e-06	0	1.7345151163e-05	0	0	3.4690302326e-06	4.50973930238e-05	6.9380604652e-06	0	0	1.04070906978e-05	0	0	0.0244323799282	0	0.00100601876745	0	0.000194265693026	0	0.00025323920698	0.00815569007684	0.00409345567447	0.000180389572095	6.9380604652e-05	0	0.00026711532791	0	0.013810209356	0	0	0.00204672783723	0	1.7345151163e-05	0.000246301146514	0.000225486965119	6.9380604652e-06	0.00215079874421	0.00208141813956	0	0.00120028446048	0.000319150781399	0.00285848091166	0.00535965170936	0.0102822056094	0	0	4.85664232564e-05	0.000912354951173	3.4690302326e-06	6.9380604652e-06	2.42832116282e-05	2.77522418608e-05	0	1.38761209304e-05	1.7345151163e-05	0.000128354118606	7.28496348846e-05	0.000756248590706	0.00036077914419	1.38761209304e-05	5.2035453489e-05	2.42832116282e-05
