0.0136387739079	0	0.00076867110331	0	0	8.22108131883e-06	8.22108131883e-05	0.0018333011341	0.000476822716492	1.64421626377e-05	4.9326487913e-05	0.000587807314296	4.9326487913e-05	1.23316219782e-05	0.00868557241334	8.22108131883e-06	0.000776892184629	0.00173053761761	9.04318945071e-05	0.00164421626377	1.23316219782e-05	0.000583696773637	0.000616581098912	0.000316511630775	0.000443938391217	0	0.00231834493191	0.000275406224181	0.000374059200007	0.00739897318694	0.00881710971444	8.22108131883e-06	8.22108131883e-06	0.000221969195608	0.00336653280006	0	0	0	0	4.9326487913e-05	0	3.28843252753e-05	3.69948659347e-05	7.81002725288e-05	0.000291848386818	8.22108131883e-05	0	0	2.05527032971e-05	5.34370285724e-05	0	4.11054065941e-06	0	0	4.11054065941e-06	4.11054065941e-05	0	2.05527032971e-05	4.11054065941e-06	0.00013975838242	4.11054065941e-06	1.23316219782e-05	1.23316219782e-05	6.57686505506e-05	1.23316219782e-05	0	0	0	0	8.22108131883e-06	4.9326487913e-05	8.22108131883e-06	0.000456270013195	0.000147979463739	3.69948659347e-05	0.000123316219782	4.11054065941e-06	5.34370285724e-05	3.69948659347e-05	2.05527032971e-05	0	0	0	0
0	0.0208075568179	0.000694681371441	0	0.000468601635173	4.9326487913e-05	1.64421626377e-05	9.04318945071e-05	3.28843252753e-05	0.00418864093194	0	5.75475692318e-05	3.28843252753e-05	0.000435717309898	4.11054065941e-05	0.000295958927478	0.000801555428586	0.000242521898905	8.22108131883e-06	4.11054065941e-05	0	0.000147979463739	0.00706601939353	0.000464491094514	0.00371592875611	0.00369126551215	0.002269018444	0.0129482030772	0.000431606769238	0.000316511630775	2.87737846159e-05	0	4.11054065941e-06	7.39897318694e-05	0.000341174874731	4.11054065941e-06	0.00634256423747	9.45424351665e-05	0	1.23316219782e-05	0	1.23316219782e-05	2.46632439565e-05	3.69948659347e-05	0.000283627305499	6.16581098912e-05	2.87737846159e-05	3.69948659347e-05	0.000152090004398	3.69948659347e-05	0	7.81002725288e-05	0.000156200545058	6.987919121e-05	0.000271295683521	2.46632439565e-05	0	0.00118794625057	3.28843252753e-05	0.000160311085717	0.000452159472535	0.00013975838242	0.00725921480452	0.000110984597804	1.23316219782e-05	2.05527032971e-05	0	0	0	8.63213538477e-05	0.000896097863752	0.000320622171434	0.000242521898905	1.64421626377e-05	0.000308290549456	4.11054065941e-06	3.69948659347e-05	0.000875545160455	0.000645354883528	0.000143868923079	1.64421626377e-05	0	0	0
0.00076867110331	0.000694681371441	0.0444966026381	0	0	2.05527032971e-05	0.000435717309898	0.0032308849583	0.00513817582427	7.81002725288e-05	2.05527032971e-05	6.57686505506e-05	4.9326487913e-05	4.11054065941e-06	0.00259375115609	8.22108131883e-05	0.000456270013195	0.00517106014954	3.69948659347e-05	0.00055903352968	2.05527032971e-05	0.00167710058904	0.000172642707695	0.0148801571871	0.000291848386818	0.000123316219782	0.0101037089408	0.0149870312442	0.00193606465058	0.00041927514726	0.00384746605721	4.11054065941e-06	8.22108131883e-05	0.000156200545058	0.00295547873412	8.22108131883e-06	0.00184563275608	0.00171409545498	0	2.46632439565e-05	0	1.23316219782e-05	5.34370285724e-05	0.000127426760442	0.000308290549456	4.9326487913e-05	0	4.11054065941e-06	4.11054065941e-06	0.000127426760442	1.64421626377e-05	0.00143046814948	0.000472712175832	0	8.63213538477e-05	2.87737846159e-05	0.000386390821985	0.00314456360445	0.00438594688359	0.000337064334072	3.69948659347e-05	0.000361727578028	0.00633845369681	0.000686460290122	2.87737846159e-05	0.000752228940673	0	0	0	3.28843252753e-05	0.00367071280886	0.00049326487913	0.00432017823304	0.00034939595605	0.000891987323093	0	4.11054065941e-06	0.00101119300222	0.000587807314296	0.000304180008797	2.87737846159e-05	0	0	8.22108131883e-06
0	0	0	0	0	0	0	0	0	0	0	0	0	0	0	0	0	0	0	0	0	0	0	0	0	0	0	0	0	0	0	0	0	0	0	0	0	0	0	0	0	0	0	0	0	0	0	0	0	0	0	0	0	0	0	0	0	0	0	0	0	0	0	0	0	0	0	0	0	0	0	0	0	0	0	0	0	0	0	0	0	0	0	0
0	0.000468601635173	0	0	0.0150199155695	8.22108131883e-06	0.000530259745064	0.000382280281325	0.000106874057145	0.0012865992264	0.00136881003958	7.81002725288e-05	0.00214159168355	0	7.81002725288e-05	0.000554922989021	4.11054065941e-06	4.11054065941e-06	5.34370285724e-05	4.11054065941e-06	0.00656864397374	4.11054065941e-06	0.000501485960448	4.11054065941e-06	0.0050230806858	0	5.75475692318e-05	0.000217858654949	0.00379402902864	0.000168532167036	8.63213538477e-05	0	1.64421626377e-05	2.87737846159e-05	0.000135647841761	4.11054065941e-06	0	0	0	0.00395845065501	4.11054065941e-06	2.87737846159e-05	2.46632439565e-05	8.22108131883e-06	0.00233478709455	0.000250742980224	4.11054065941e-05	0.000752228940673	4.11054065941e-05	1.23316219782e-05	3.28843252753e-05	0	0	0	0	0.00273762007917	0	1.64421626377e-05	0	0.00256086683081	0	2.05527032971e-05	8.22108131883e-06	0.000406943525282	1.64421626377e-05	0	8.22108131883e-06	0	0	5.75475692318e-05	4.11054065941e-05	0	7.39897318694e-05	2.05527032971e-05	0.000961866514303	2.87737846159e-05	0	3.28843252753e-05	1.64421626377e-05	3.28843252753e-05	4.11054065941e-06	3.28843252753e-05	0	0
8.22108131883e-06	4.9326487913e-05	2.05527032971e-05	0	8.22108131883e-06	0.00835261861993	0.00397900335831	9.04318945071e-05	0.00136881003958	0.000320622171434	0.000156200545058	1.64421626377e-05	0.000152090004398	1.64421626377e-05	0.000337064334072	0.00207171249234	2.05527032971e-05	8.22108131883e-06	0	0	9.86529758259e-05	1.64421626377e-05	1.64421626377e-05	8.63213538477e-05	0.000147979463739	4.11054065941e-06	2.87737846159e-05	6.16581098912e-05	0.000337064334072	0.000164421626377	0.00020963757363	8.22108131883e-06	0.00224024465938	4.52159472535e-05	0.000990640298919	4.11054065941e-06	0	0	0	4.11054065941e-06	0	4.11054065941e-06	0	1.23316219782e-05	6.57686505506e-05	8.22108131883e-06	0	0	0	0	0	0	0	0	4.11054065941e-06	8.22108131883e-06	0	1.64421626377e-05	0	1.23316219782e-05	0	8.22108131883e-06	4.11054065941e-06	1.23316219782e-05	0	0	0	0	0	0	0.00055903352968	3.28843252753e-05	0.000456270013195	0.000189084870333	0.0024005557451	0.000727565696716	0.000106874057145	2.87737846159e-05	1.64421626377e-05	1.23316219782e-05	1.23316219782e-05	0	0	0
8.22108131883e-05	1.64421626377e-05	0.000435717309898	0	0.000530259745064	0.00397900335831	0.0545181007658	0.00618225315176	0.0228669376883	0.000596028395615	0.0134373574156	0.00743185751222	0.0138812958068	0.000295958927478	0.00839783456718	0.00966799163094	4.9326487913e-05	6.16581098912e-05	0.00429962552975	0.000867324079136	0.00516694960888	0.000267185142862	5.75475692318e-05	0.000234300817587	0.00110573543738	2.05527032971e-05	0.00367482334952	0.000538480826383	0.00557389313416	0.00773192698036	0.000764560562651	9.45424351665e-05	0.00451748418469	0.000707012993419	0.0127056811782	0	0	1.23316219782e-05	0	4.11054065941e-05	0	6.57686505506e-05	5.34370285724e-05	6.57686505506e-05	0.000341174874731	0.000147979463739	0	4.52159472535e-05	4.11054065941e-06	2.46632439565e-05	0	0	1.23316219782e-05	4.11054065941e-06	2.87737846159e-05	0.000156200545058	8.22108131883e-06	8.22108131883e-06	8.22108131883e-06	0.000316511630775	4.11054065941e-06	3.28843252753e-05	0.000115095138464	0.000143868923079	1.23316219782e-05	0	0	0	0	4.9326487913e-05	0.000986529758259	0.000221969195608	0.00348573847918	0.00104818786815	0.0048915433847	0.00076867110331	0.000217858654949	4.11054065941e-05	1.23316219782e-05	7.81002725288e-05	8.22108131883e-06	0	0	0
0.0018333011341	9.04318945071e-05	0.0032308849583	0	0.000382280281325	9.04318945071e-05	0.00618225315176	0.0428729390777	0.00875545160455	0.000250742980224	0.00431606769238	0.000604249476934	0.000538480826383	6.987919121e-05	0.00594384179351	0.00118794625057	0.000127426760442	0.000657686505506	0.000168532167036	0.000402832984622	0.000275406224181	0.00212514952092	7.81002725288e-05	0.00195661735388	0.0009824192176	8.22108131883e-06	0.00224435520004	0.000727565696716	0.0188714921674	0.0085375929496	0.00810598618036	5.34370285724e-05	0.00013975838242	0.0022484657407	0.00701669290562	8.22108131883e-06	8.22108131883e-05	4.11054065941e-06	0	9.45424351665e-05	0	0.000201416492311	0.000213748114289	0.000846771375839	0.00226490790334	0.000402832984622	2.05527032971e-05	0	4.52159472535e-05	0.000230190276927	0	0	8.22108131883e-06	8.22108131883e-06	4.11054065941e-05	0.00035350649671	4.11054065941e-06	8.22108131883e-06	1.64421626377e-05	0.00156611599124	4.9326487913e-05	0.000156200545058	0.000361727578028	0.000608360017593	6.16581098912e-05	8.22108131883e-06	0	8.22108131883e-06	8.22108131883e-06	0.000308290549456	0.00152501058464	0.00020963757363	0.0059150680089	0.00175109032091	0.000435717309898	0.000378169740666	4.52159472535e-05	7.81002725288e-05	5.34370285724e-05	0.000797444887926	1.64421626377e-05	4.11054065941e-06	8.22108131883e-06	8.22108131883e-06
0.000476822716492	3.28843252753e-05	0.00513817582427	0	0.000106874057145	0.00136881003958	0.0228669376883	0.00875545160455	0.054226252379	0.000316511630775	0.00603838422868	0.00300891576269	0.0042338568792	0.000160311085717	0.022279130374	0.00376936578468	0.000480933257151	0.000620691639571	0.00148390517805	0.000431606769238	0.00124960436046	0.000916650567049	0.000411054065941	0.000830329213201	0.00144691031211	2.46632439565e-05	0.00536014501987	0.000871434619796	0.00448048931876	0.00612059504187	0.00573009367922	5.34370285724e-05	0.00459558445722	0.00042338568792	0.00626035342429	4.11054065941e-06	8.22108131883e-06	9.04318945071e-05	0	0.000135647841761	0	0.000119205679123	0.000213748114289	0.000694681371441	0.00183741167476	0.000464491094514	4.11054065941e-06	1.23316219782e-05	2.05527032971e-05	0.000135647841761	0	2.05527032971e-05	2.87737846159e-05	8.22108131883e-06	4.52159472535e-05	0.000386390821985	2.05527032971e-05	0.000123316219782	5.75475692318e-05	0.000731676237376	4.11054065941e-06	0.000106874057145	0.000670018127484	0.000361727578028	4.11054065941e-05	0	0	0	0	0.000205527032971	0.00144691031211	0.000267185142862	0.0019648384352	0.000567254610999	0.00134003625497	0.000275406224181	0.00013975838242	0.000304180008797	0.000110984597804	0.000439827850557	2.05527032971e-05	8.22108131883e-06	4.11054065941e-06	2.05527032971e-05
1.64421626377e-05	0.00418864093194	7.81002725288e-05	0	0.0012865992264	0.000320622171434	0.000596028395615	0.000250742980224	0.000316511630775	0.0175561191564	8.22108131883e-06	2.87737846159e-05	0.000374059200007	3.69948659347e-05	0.000287737846159	0.00168943221102	0.000711123534078	2.87737846159e-05	1.64421626377e-05	1.23316219782e-05	0.000131537301101	2.87737846159e-05	0.00537658718251	7.81002725288e-05	0.00781002725288	0.00196072789454	0.000435717309898	0.000871434619796	0.00429140444843	0.000513817582427	0.000715234074738	0	8.22108131883e-06	0.000480933257151	0.000641244342868	0.000242521898905	1.64421626377e-05	8.22108131883e-06	0	0.00237178196048	0	6.987919121e-05	0.0006987919121	0.000382280281325	0.00681938695397	4.11054065941e-05	2.46632439565e-05	0.000624802180231	4.11054065941e-06	0.000485043797811	0.000127426760442	0.000320622171434	2.05527032971e-05	1.64421626377e-05	3.28843252753e-05	0.00102352462419	0.000221969195608	0.000587807314296	4.9326487913e-05	0.00561910908142	5.34370285724e-05	4.52159472535e-05	0.000152090004398	0.00173464815827	0.000193195410992	7.81002725288e-05	0	0	1.23316219782e-05	0.000102763516485	0.000316511630775	5.34370285724e-05	0.000686460290122	0.000230190276927	0.00297603143741	0	0	0.0009824192176	0.00041927514726	0.000147979463739	2.46632439565e-05	2.46632439565e-05	0	0
4.9326487913e-05	0	2.05527032971e-05	0	0.00136881003958	0.000156200545058	0.0134373574156	0.00431606769238	0.00603838422868	8.22108131883e-06	0.0314538571258	0.00350629118248	0.00332542739347	0.000234300817587	0.00242932952971	0.000801555428586	8.22108131883e-06	1.23316219782e-05	0.0022279130374	0.00083855029452	0.00335831171874	2.05527032971e-05	4.11054065941e-06	1.23316219782e-05	0.000748118400013	0	0.00175931140223	0.000176753248355	0.00321855333632	0.00363782848358	7.81002725288e-05	6.987919121e-05	0.000263074602202	6.16581098912e-05	0.0067042918155	0	0	4.11054065941e-06	0	4.11054065941e-05	0	2.05527032971e-05	3.28843252753e-05	3.28843252753e-05	0.000287737846159	0.000102763516485	0	4.11054065941e-06	4.11054065941e-06	1.64421626377e-05	0	0	4.11054065941e-06	0	4.11054065941e-06	0.000119205679123	0	4.11054065941e-06	0	0.00035350649671	8.22108131883e-06	8.22108131883e-06	5.34370285724e-05	0.000197305951652	4.11054065941e-06	0	0	0	0	8.22108131883e-06	0.000476822716492	0.000123316219782	0.00302946846599	0.000900208404411	0.000221969195608	0.000686460290122	5.34370285724e-05	1.23316219782e-05	4.11054065941e-06	3.69948659347e-05	0	8.22108131883e-06	0	0
0.000587807314296	5.75475692318e-05	6.57686505506e-05	0	7.81002725288e-05	1.64421626377e-05	0.00743185751222	0.000604249476934	0.00300891576269	2.87737846159e-05	0.00350629118248	0.033792754761	0.00507651771437	0.00481755365283	0.00291848386818	0.000115095138464	0.000143868923079	0.00041927514726	0.0100872667782	0.00417630930996	0.00173464815827	0.000127426760442	0.00013975838242	9.04318945071e-05	0.000945424351665	0.00203471762641	0.0104983208441	0.000530259745064	0.0012454938198	0.00808954401772	0.000596028395615	0.00147157355607	0.000184974329674	9.04318945071e-05	0.0178027515959	0	1.23316219782e-05	3.69948659347e-05	0	8.22108131883e-06	0	8.22108131883e-05	2.87737846159e-05	0.000226079736268	0.000464491094514	0.000123316219782	0.000694681371441	3.28843252753e-05	0.00138525220222	0.000106874057145	0	0	8.22108131883e-06	0.000287737846159	4.11054065941e-05	0.000102763516485	1.64421626377e-05	8.22108131883e-06	1.23316219782e-05	0.000406943525282	0.000287737846159	0.00042338568792	0.000456270013195	0.000221969195608	4.11054065941e-05	0	4.11054065941e-06	0	0	0.000164421626377	0.000739897318694	0.00221969195608	0.00221969195608	0.000119205679123	0.000324732712094	1.64421626377e-05	6.987919121e-05	3.28843252753e-05	0.000476822716492	0.000283627305499	1.64421626377e-05	0	8.22108131883e-06	0
4.9326487913e-05	3.28843252753e-05	4.9326487913e-05	0	0.00214159168355	0.000152090004398	0.0138812958068	0.000538480826383	0.0042338568792	0.000374059200007	0.00332542739347	0.00507651771437	0.0298260830247	0.000217858654949	0.00282394143302	0.00281160981104	1.64421626377e-05	4.11054065941e-06	0.00315689522643	0.000452159472535	0.011731483042	3.28843252753e-05	1.23316219782e-05	3.28843252753e-05	0.00175109032091	2.05527032971e-05	0.00326787982423	0.000452159472535	0.000719344615397	0.00306235279126	3.28843252753e-05	7.39897318694e-05	0.000234300817587	8.22108131883e-06	0.00790456968805	0	3.28843252753e-05	4.11054065941e-06	0	3.28843252753e-05	0	4.11054065941e-05	1.23316219782e-05	1.64421626377e-05	9.04318945071e-05	0.000439827850557	0.000184974329674	0.00122905165716	0.000156200545058	2.87737846159e-05	0	0	8.22108131883e-06	6.16581098912e-05	2.87737846159e-05	0.0009824192176	8.22108131883e-06	4.11054065941e-06	1.23316219782e-05	4.52159472535e-05	0.000246632439565	0.000143868923079	0.000221969195608	3.69948659347e-05	2.87737846159e-05	0	4.11054065941e-06	0	0	0.000735786778035	0.000624802180231	0.000123316219782	0.00198128059784	0.000616581098912	0.00163599518245	0.000328843252753	0.000172642707695	8.63213538477e-05	4.9326487913e-05	0.000748118400013	2.46632439565e-05	4.9326487913e-05	0	0
1.23316219782e-05	0.000435717309898	4.11054065941e-06	0	0	1.64421626377e-05	0.000295958927478	6.987919121e-05	0.000160311085717	3.69948659347e-05	0.000234300817587	0.00481755365283	0.000217858654949	0.0169148748135	0.000189084870333	2.05527032971e-05	2.87737846159e-05	8.22108131883e-06	0.000147979463739	4.9326487913e-05	0.000147979463739	4.52159472535e-05	7.39897318694e-05	3.69948659347e-05	2.46632439565e-05	0.00753051048804	0.00634256423747	0.00351862280446	9.45424351665e-05	0.000295958927478	2.46632439565e-05	0.00186618545937	2.87737846159e-05	2.87737846159e-05	0.00124138327914	8.22108131883e-06	0.00056314407034	8.22108131883e-06	0	0	0	4.11054065941e-06	0	2.05527032971e-05	0.00013975838242	9.86529758259e-05	0.000690570830781	8.22108131883e-05	0.00484221689679	3.69948659347e-05	0	4.11054065941e-06	8.22108131883e-06	0.000394611903304	6.987919121e-05	5.75475692318e-05	1.23316219782e-05	7.81002725288e-05	0	8.63213538477e-05	0.00162777410113	0.000575475692318	0.00351040172314	4.11054065941e-05	1.64421626377e-05	0	0	0	0	0.000160311085717	0.000846771375839	0.00134414679563	0.000711123534078	0.000119205679123	7.81002725288e-05	2.87737846159e-05	0.000193195410992	7.81002725288e-05	0.000583696773637	0.000238411358246	8.22108131883e-06	0	0	0
0.00868557241334	4.11054065941e-05	0.00259375115609	0	7.81002725288e-05	0.000337064334072	0.00839783456718	0.00594384179351	0.022279130374	0.000287737846159	0.00242932952971	0.00291848386818	0.00282394143302	0.000189084870333	0.0509090460668	0.00157844761321	0.000781002725288	0.00196894897586	0.000193195410992	0.0019853911385	0.001134509222	0.0009824192176	0.000591917854955	0.000801555428586	0.00116739354727	1.64421626377e-05	0.00479700094953	0.000834439753861	0.00245810331433	0.0231875598597	0.0108353851782	6.57686505506e-05	0.00401599822425	0.00219913925279	0.00976253406611	8.22108131883e-06	6.16581098912e-05	3.28843252753e-05	0	0.000287737846159	0	0.000123316219782	0.000197305951652	0.000949534892324	0.00312401090115	0.000542591367043	8.22108131883e-06	1.64421626377e-05	2.46632439565e-05	0.000365838118688	0	8.22108131883e-06	2.05527032971e-05	4.11054065941e-06	1.23316219782e-05	0.000345285415391	5.34370285724e-05	0.000123316219782	3.69948659347e-05	0.00103585624617	4.9326487913e-05	0.000160311085717	0.000382280281325	0.000587807314296	6.987919121e-05	3.28843252753e-05	0	0	8.22108131883e-06	0.000226079736268	0.00188262762201	0.000246632439565	0.00243755061103	0.000649465424187	0.0015291211253	0.000184974329674	2.87737846159e-05	0.000567254610999	0.000213748114289	0.000600138936274	2.87737846159e-05	1.23316219782e-05	4.11054065941e-06	1.64421626377e-05
8.22108131883e-06	0.000295958927478	8.22108131883e-05	0	0.000554922989021	0.00207171249234	0.00966799163094	0.00118794625057	0.00376936578468	0.00168943221102	0.000801555428586	0.000115095138464	0.00281160981104	2.05527032971e-05	0.00157844761321	0.0166394685893	0.000115095138464	4.11054065941e-06	2.05527032971e-05	1.23316219782e-05	0.000620691639571	0.000361727578028	6.16581098912e-05	0.00102352462419	0.00160311085717	4.9326487913e-05	8.63213538477e-05	0.000267185142862	0.00211281789894	0.00132770463299	0.00118794625057	8.22108131883e-06	0.000382280281325	0.000641244342868	0.00130715192969	1.23316219782e-05	4.11054065941e-06	0	0	5.75475692318e-05	0	5.34370285724e-05	2.46632439565e-05	0.000152090004398	0.000513817582427	6.987919121e-05	4.11054065941e-06	8.63213538477e-05	0	0.000106874057145	0	0	0	4.11054065941e-06	4.11054065941e-06	0.000102763516485	1.23316219782e-05	2.05527032971e-05	0	0.000308290549456	0	2.05527032971e-05	1.23316219782e-05	6.16581098912e-05	2.05527032971e-05	0	0	0	0	2.87737846159e-05	0.000337064334072	3.69948659347e-05	0.00256086683081	0.000411054065941	0.00775247968365	2.87737846159e-05	1.64421626377e-05	4.11054065941e-05	2.87737846159e-05	6.57686505506e-05	0	0	0	0
0.000776892184629	0.000801555428586	0.000456270013195	0	4.11054065941e-06	2.05527032971e-05	4.9326487913e-05	0.000127426760442	0.000480933257151	0.000711123534078	8.22108131883e-06	0.000143868923079	1.64421626377e-05	2.87737846159e-05	0.000781002725288	0.000115095138464	0.0279064605368	0.000135647841761	6.57686505506e-05	1.23316219782e-05	8.22108131883e-06	0.00433250985502	0.00891165214961	0.00556567205285	0.011151896809	2.05527032971e-05	0.000328843252753	0.00474356392096	0.00324321658028	0.00163188464179	0.00182096951212	1.64421626377e-05	1.64421626377e-05	0.000579586232977	0.00312401090115	7.39897318694e-05	0.000324732712094	0.000152090004398	0	6.57686505506e-05	0	8.22108131883e-06	0.000213748114289	0.000135647841761	0.00361316523962	7.81002725288e-05	8.22108131883e-06	0	2.46632439565e-05	0.000152090004398	1.23316219782e-05	0.00531081853196	0.000127426760442	3.28843252753e-05	9.86529758259e-05	1.23316219782e-05	0.00244988223301	0.0104736576002	0.000172642707695	0.00313223198247	8.22108131883e-06	9.86529758259e-05	0.000826218672542	0.00444760499348	0.000152090004398	0.000674128668144	0	0	5.75475692318e-05	0.000110984597804	0.0022279130374	0.0009824192176	0.00133181517365	0.000826218672542	0.000258964061543	3.28843252753e-05	1.64421626377e-05	0.00246221385499	0.00180452734948	0.000213748114289	0.000106874057145	0	1.23316219782e-05	4.11054065941e-06
0.00173053761761	0.000242521898905	0.00517106014954	0	4.11054065941e-06	8.22108131883e-06	6.16581098912e-05	0.000657686505506	0.000620691639571	2.87737846159e-05	1.23316219782e-05	0.00041927514726	4.11054065941e-06	8.22108131883e-06	0.00196894897586	4.11054065941e-06	0.000135647841761	0.0240507733982	0.000291848386818	0.00677417100671	4.11054065941e-06	0.00342819090995	7.39897318694e-05	0.00640422234737	8.63213538477e-05	2.05527032971e-05	0.0108929327474	0.00709890371881	0.000476822716492	0.00227723952531	0.00656864397374	0	8.22108131883e-06	0.00035350649671	0.00494909095393	4.11054065941e-06	0.00020963757363	0.000674128668144	0	4.11054065941e-06	0	0	0	0.000242521898905	0.000168532167036	1.64421626377e-05	1.23316219782e-05	0	0	0.000152090004398	0	0.000119205679123	0.000448048931876	4.11054065941e-06	0.000332953793412	0	4.9326487913e-05	0.000361727578028	0.000242521898905	6.57686505506e-05	1.23316219782e-05	0.00049326487913	0.000472712175832	5.34370285724e-05	8.22108131883e-06	0.00020963757363	0	0	0	4.11054065941e-05	0.000197305951652	9.04318945071e-05	0.000501485960448	3.69948659347e-05	1.23316219782e-05	0	0	0.000201416492311	0.000127426760442	6.57686505506e-05	1.23316219782e-05	0	4.11054065941e-06	0
9.04318945071e-05	8.22108131883e-06	3.69948659347e-05	0	5.34370285724e-05	0	0.00429962552975	0.000168532167036	0.00148390517805	1.64421626377e-05	0.0022279130374	0.0100872667782	0.00315689522643	0.000147979463739	0.000193195410992	2.05527032971e-05	6.57686505506e-05	0.000291848386818	0.0166106948047	0.00306235279126	0.00117972516925	6.57686505506e-05	6.57686505506e-05	7.81002725288e-05	0.000624802180231	2.05527032971e-05	0.00872256727927	0.00091254002639	0.000682349749463	0.00262663548136	0.000184974329674	3.69948659347e-05	8.22108131883e-06	3.28843252753e-05	0.00740719426826	1.64421626377e-05	9.86529758259e-05	2.87737846159e-05	0	4.11054065941e-06	0	6.57686505506e-05	2.87737846159e-05	0.000106874057145	0.000217858654949	0.000160311085717	0.000127426760442	7.39897318694e-05	2.46632439565e-05	0.000106874057145	0	0	2.46632439565e-05	0.000394611903304	0.000546701907702	4.11054065941e-05	4.11054065941e-06	4.11054065941e-05	8.22108131883e-06	0.000246632439565	0.000115095138464	0.00164421626377	0.000406943525282	0.000131537301101	5.75475692318e-05	8.22108131883e-06	8.22108131883e-06	0	0	0.000250742980224	0.00041927514726	0.000497375419789	0.000406943525282	6.16581098912e-05	4.52159472535e-05	4.11054065941e-06	0	4.52159472535e-05	3.69948659347e-05	0.000263074602202	8.22108131883e-06	0	8.22108131883e-06	0
0.00164421626377	4.11054065941e-05	0.00055903352968	0	4.11054065941e-06	0	0.000867324079136	0.000402832984622	0.000431606769238	1.23316219782e-05	0.00083855029452	0.00417630930996	0.000452159472535	4.9326487913e-05	0.0019853911385	1.23316219782e-05	1.23316219782e-05	0.00677417100671	0.00306235279126	0.0192085565014	0.000226079736268	0.00144279977145	2.05527032971e-05	0.0011139565187	0.000250742980224	3.69948659347e-05	0.0126440230684	0.00247043493631	0.000386390821985	0.00262252494071	0.00445171553414	4.11054065941e-05	0	0.000439827850557	0.00792512239135	0	7.39897318694e-05	6.16581098912e-05	0	0	0	2.05527032971e-05	1.23316219782e-05	6.987919121e-05	0.000106874057145	2.87737846159e-05	1.23316219782e-05	4.11054065941e-06	8.22108131883e-06	1.64421626377e-05	0	8.22108131883e-06	3.28843252753e-05	0.000180863789014	0.000452159472535	1.23316219782e-05	0	4.11054065941e-06	5.75475692318e-05	6.16581098912e-05	2.46632439565e-05	0.00145924193409	0.000369948659347	4.52159472535e-05	8.22108131883e-06	0	0	0	0	4.9326487913e-05	0.000583696773637	0.000230190276927	0.000945424351665	4.11054065941e-05	2.05527032971e-05	4.11054065941e-06	4.11054065941e-06	9.86529758259e-05	3.69948659347e-05	6.987919121e-05	8.22108131883e-06	0	8.22108131883e-06	0
1.23316219782e-05	0	2.05527032971e-05	0	0.00656864397374	9.86529758259e-05	0.00516694960888	0.000275406224181	0.00124960436046	0.000131537301101	0.00335831171874	0.00173464815827	0.011731483042	0.000147979463739	0.001134509222	0.000620691639571	8.22108131883e-06	4.11054065941e-06	0.00117972516925	0.000226079736268	0.0200841016619	8.22108131883e-06	0	1.64421626377e-05	0.00256497737147	0	0.00114684084398	0.000156200545058	0.000690570830781	0.00114273030332	0	6.16581098912e-05	7.39897318694e-05	0	0.00401599822425	0	0	0	0	0.000147979463739	0	1.23316219782e-05	0	4.11054065941e-06	0.00013975838242	0.000189084870333	0	0.000230190276927	4.11054065941e-06	0	1.64421626377e-05	0	0	0	0	0.000431606769238	8.22108131883e-06	0	4.11054065941e-06	0.000201416492311	8.22108131883e-06	4.11054065941e-06	1.64421626377e-05	2.05527032971e-05	0	0	0	0	0	0	0.000542591367043	9.86529758259e-05	0.00237178196048	0.000624802180231	0.000485043797811	0.000476822716492	0.000164421626377	0	4.11054065941e-06	8.22108131883e-06	4.11054065941e-06	0	0	0
0.000583696773637	0.000147979463739	0.00167710058904	0	4.11054065941e-06	1.64421626377e-05	0.000267185142862	0.00212514952092	0.000916650567049	2.87737846159e-05	2.05527032971e-05	0.000127426760442	3.28843252753e-05	4.52159472535e-05	0.0009824192176	0.000361727578028	0.00433250985502	0.00342819090995	6.57686505506e-05	0.00144279977145	8.22108131883e-06	0.0481960892316	0.0009824192176	0.022834053363	0.00165654788574	1.64421626377e-05	0.00262663548136	0.00147568409673	0.00740719426826	0.00228135006597	0.0134126941717	2.46632439565e-05	8.22108131883e-06	0.000933092729687	0.0112587708661	4.11054065941e-06	0.000308290549456	9.86529758259e-05	0	2.87737846159e-05	0	0	6.57686505506e-05	0.000168532167036	0.000411054065941	8.22108131883e-06	0	0	0	9.86529758259e-05	0	0.00150034734069	9.45424351665e-05	8.22108131883e-06	6.16581098912e-05	4.11054065941e-06	0.00217036546817	0.0051546179869	0.000184974329674	0.000801555428586	5.34370285724e-05	6.987919121e-05	0.000534370285724	0.00286504683961	2.05527032971e-05	0.000637133802209	0	0	8.22108131883e-06	2.05527032971e-05	0.00129070976706	0.000550812448361	0.00972964974083	0.00326787982423	0.000928982189027	0.000439827850557	0.000250742980224	0.000546701907702	0.000324732712094	6.16581098912e-05	3.69948659347e-05	0	8.22108131883e-06	4.11054065941e-06
0.000616581098912	0.00706601939353	0.000172642707695	0	0.000501485960448	1.64421626377e-05	5.75475692318e-05	7.81002725288e-05	0.000411054065941	0.00537658718251	4.11054065941e-06	0.00013975838242	1.23316219782e-05	7.39897318694e-05	0.000591917854955	6.16581098912e-05	0.00891165214961	7.39897318694e-05	6.57686505506e-05	2.05527032971e-05	0	0.0009824192176	0.0269445940225	0.00268829359126	0.00864446700675	0.00165243734508	0.000448048931876	0.00911717918258	0.00110984597804	0.000933092729687	0.00109751435606	2.05527032971e-05	1.64421626377e-05	4.11054065941e-05	0.00112628814068	5.75475692318e-05	0.00048915433847	3.69948659347e-05	0	2.46632439565e-05	0	2.05527032971e-05	0.000221969195608	9.45424351665e-05	0.00205938087037	3.28843252753e-05	4.11054065941e-06	4.11054065941e-06	2.46632439565e-05	0.000115095138464	1.23316219782e-05	0.00516283906822	2.87737846159e-05	4.11054065941e-06	2.46632439565e-05	4.11054065941e-06	0.000386390821985	0.0091254002639	0.00138936274288	0.00159900031651	8.63213538477e-05	4.11054065941e-05	0.00173875869893	0.00136469949893	6.16581098912e-05	6.987919121e-05	0	0	2.05527032971e-05	4.9326487913e-05	0.00140991544618	0.000579586232977	0.000168532167036	2.46632439565e-05	6.57686505506e-05	4.11054065941e-06	0	0.00178808518684	0.00135236787695	0.000123316219782	1.64421626377e-05	0	0	0
0.000316511630775	0.000464491094514	0.0148801571871	0	4.11054065941e-06	8.63213538477e-05	0.000234300817587	0.00195661735388	0.000830329213201	7.81002725288e-05	1.23316219782e-05	9.04318945071e-05	3.28843252753e-05	3.69948659347e-05	0.000801555428586	0.00102352462419	0.00556567205285	0.00640422234737	7.81002725288e-05	0.0011139565187	1.64421626377e-05	0.022834053363	0.00268829359126	0.0710095898914	0.00110984597804	1.64421626377e-05	0.00373648145941	0.014156702031	0.00309523711654	0.0009824192176	0.00635900640011	3.28843252753e-05	1.64421626377e-05	0.000287737846159	0.00693448209243	4.11054065941e-06	0.000435717309898	0.000246632439565	0	3.28843252753e-05	0	4.11054065941e-06	4.9326487913e-05	0.000156200545058	0.000332953793412	1.23316219782e-05	4.11054065941e-06	0	0	0.000123316219782	8.22108131883e-06	0.00773192698036	0.000127426760442	2.05527032971e-05	7.39897318694e-05	0	0.00115095138464	0.012261742787	0.00334598009676	0.00189084870333	5.34370285724e-05	0.000102763516485	0.0015702265319	0.00127837814508	2.87737846159e-05	0.000522038663745	0	0	2.05527032971e-05	4.9326487913e-05	0.00795389617596	0.00134003625497	0.0129564241585	0.00314456360445	0.00393789795172	0.00104818786815	0.00035350649671	0.000781002725288	0.000427496228579	0.000394611903304	0.00020963757363	4.11054065941e-06	4.11054065941e-06	0
0.000443938391217	0.00371592875611	0.000291848386818	0	0.0050230806858	0.000147979463739	0.00110573543738	0.0009824192176	0.00144691031211	0.00781002725288	0.000748118400013	0.000945424351665	0.00175109032091	2.46632439565e-05	0.00116739354727	0.00160311085717	0.011151896809	8.63213538477e-05	0.000624802180231	0.000250742980224	0.00256497737147	0.00165654788574	0.00864446700675	0.00110984597804	0.0459846183569	0.000859102997817	0.000760450021991	0.00332131685281	0.0148226096178	0.00352273334512	0.00189495924399	1.23316219782e-05	9.45424351665e-05	0.00131126247035	0.00509707041767	0.000439827850557	0.000616581098912	0.000131537301101	0	0.00208815465498	0	0.000135647841761	0.00178397464619	0.00077278164397	0.00843893997377	0.000719344615397	2.46632439565e-05	0.000402832984622	3.69948659347e-05	0.000727565696716	6.16581098912e-05	0.000131537301101	0.000123316219782	2.05527032971e-05	0.000152090004398	0.00103996678683	0.000965977054962	0.00452570526601	0.000341174874731	0.0110368016705	2.87737846159e-05	0.000156200545058	0.00083855029452	0.006987919121	0.000719344615397	0.000439827850557	0	0	0.000271295683521	0.000234300817587	0.00165654788574	0.000579586232977	0.00266774088796	0.0015496738286	0.00261019331873	8.22108131883e-05	3.28843252753e-05	0.00280749927038	0.00168943221102	0.000600138936274	0.000283627305499	4.11054065941e-06	2.05527032971e-05	8.22108131883e-06
0	0.00369126551215	0.000123316219782	0	0	4.11054065941e-06	2.05527032971e-05	8.22108131883e-06	2.46632439565e-05	0.00196072789454	0	0.00203471762641	2.05527032971e-05	0.00753051048804	1.64421626377e-05	4.9326487913e-05	2.05527032971e-05	2.05527032971e-05	2.05527032971e-05	3.69948659347e-05	0	1.64421626377e-05	0.00165243734508	1.64421626377e-05	0.000859102997817	0.0141155966244	0.00340763820665	0.00323910603962	8.22108131883e-06	2.46632439565e-05	0	0.00013975838242	0	8.22108131883e-06	0.000164421626377	0	0.000435717309898	0	0	0	0	0	0	0	0.000106874057145	1.23316219782e-05	0.000674128668144	8.22108131883e-06	0.00479289040888	0	0	4.11054065941e-06	5.75475692318e-05	0.000263074602202	4.9326487913e-05	4.11054065941e-06	0	6.57686505506e-05	4.11054065941e-06	9.04318945071e-05	0.0015291211253	0.000406943525282	0.0031897795517	3.69948659347e-05	0	4.11054065941e-06	0	0	0	1.64421626377e-05	0.000328843252753	0.000374059200007	5.34370285724e-05	4.11054065941e-06	5.75475692318e-05	0	0.000115095138464	0.000147979463739	0.00091254002639	2.87737846159e-05	8.22108131883e-06	0	0	3.28843252753e-05
0.00231834493191	0.002269018444	0.0101037089408	0	5.75475692318e-05	2.87737846159e-05	0.00367482334952	0.00224435520004	0.00536014501987	0.000435717309898	0.00175931140223	0.0104983208441	0.00326787982423	0.00634256423747	0.00479700094953	8.63213538477e-05	0.000328843252753	0.0108929327474	0.00872256727927	0.0126440230684	0.00114684084398	0.00262663548136	0.000448048931876	0.00373648145941	0.000760450021991	0.00340763820665	0.0968320063138	0.0332213896094	0.00162366356047	0.00492853825064	0.00902674728807	0.00309523711654	7.39897318694e-05	0.000752228940673	0.0132647147079	0.000172642707695	0.0052162760968	0.00149623680003	0	5.75475692318e-05	0	0.000205527032971	0.000110984597804	0.000221969195608	0.000641244342868	0.00153323166596	0.000760450021991	0.000933092729687	0.0027746149451	0.000427496228579	4.11054065941e-06	0.000316511630775	0.00330487469017	0.00168943221102	0.00592328909021	0.000694681371441	0.000123316219782	0.000928982189027	0.000324732712094	0.000809776509904	0.00512584420229	0.0112587708661	0.0123932800881	0.000550812448361	0.000300069468137	0.000415164606601	2.46632439565e-05	4.11054065941e-06	4.11054065941e-06	0.00191140140663	0.00710712480012	0.00625213234297	0.00402010876491	0.000797444887926	0.000357617037369	2.05527032971e-05	4.11054065941e-05	0.00218269709015	0.00201827546377	0.00325965874291	0.000316511630775	1.64421626377e-05	4.11054065941e-06	1.64421626377e-05
0.000275406224181	0.0129482030772	0.0149870312442	0	0.000217858654949	6.16581098912e-05	0.000538480826383	0.000727565696716	0.000871434619796	0.000871434619796	0.000176753248355	0.000530259745064	0.000452159472535	0.00351862280446	0.000834439753861	0.000267185142862	0.00474356392096	0.00709890371881	0.00091254002639	0.00247043493631	0.000156200545058	0.00147568409673	0.00911717918258	0.014156702031	0.00332131685281	0.00323910603962	0.0332213896094	0.102796400811	0.00235122925718	0.00186207491871	0.000920761107708	0.000793334347267	0.000106874057145	0.000485043797811	0.00667962857155	0.000156200545058	0.013807306075	0.00114273030332	0	8.22108131883e-05	0	0.000115095138464	0.000119205679123	0.000131537301101	0.0010934038154	0.00112628814068	0.000271295683521	0.000620691639571	0.00123316219782	0.000300069468137	3.69948659347e-05	0.00773192698036	0.00135647841761	0.000731676237376	0.00241288736708	0.000476822716492	0.000147979463739	0.0121713108925	0.00547112961768	0.000801555428586	0.0040406614682	0.00374881308138	0.0204129449146	0.000727565696716	0.000176753248355	0.00035350649671	8.22108131883e-06	0	4.11054065941e-06	0.00124960436046	0.0127837814508	0.00498197527921	0.00559855637812	0.000456270013195	0.000624802180231	1.64421626377e-05	0	0.0043653941803	0.00346107523523	0.00255675629015	0.000267185142862	2.46632439565e-05	0	2.87737846159e-05
0.000374059200007	0.000431606769238	0.00193606465058	0	0.00379402902864	0.000337064334072	0.00557389313416	0.0188714921674	0.00448048931876	0.00429140444843	0.00321855333632	0.0012454938198	0.000719344615397	9.45424351665e-05	0.00245810331433	0.00211281789894	0.00324321658028	0.000476822716492	0.000682349749463	0.000386390821985	0.000690570830781	0.00740719426826	0.00110984597804	0.00309523711654	0.0148226096178	8.22108131883e-06	0.00162366356047	0.00235122925718	0.0633722053462	0.0107737270683	0.00748940508145	9.04318945071e-05	0.000271295683521	0.00334598009676	0.0120562157541	9.86529758259e-05	0.000230190276927	4.11054065941e-05	0	0.00491620662866	0	0.000554922989021	0.00070290245276	0.00129482030772	0.0131413984881	0.0031897795517	3.69948659347e-05	0.000267185142862	9.45424351665e-05	0.000670018127484	0.000102763516485	2.87737846159e-05	2.46632439565e-05	1.64421626377e-05	5.75475692318e-05	0.00438183634293	4.9326487913e-05	0.000267185142862	9.04318945071e-05	0.0109134854507	4.52159472535e-05	0.000193195410992	0.000575475692318	0.0039502295737	0.000131537301101	2.46632439565e-05	0	0	2.87737846159e-05	0.000480933257151	0.00338708550336	0.000513817582427	0.00835672916059	0.00434895201766	0.00239233466378	0.00055903352968	4.52159472535e-05	0.000727565696716	0.000246632439565	0.0010029719209	0.000106874057145	1.64421626377e-05	3.69948659347e-05	1.23316219782e-05
0.00739897318694	0.000316511630775	0.00041927514726	0	0.000168532167036	0.000164421626377	0.00773192698036	0.0085375929496	0.00612059504187	0.000513817582427	0.00363782848358	0.00808954401772	0.00306235279126	0.000295958927478	0.0231875598597	0.00132770463299	0.00163188464179	0.00227723952531	0.00262663548136	0.00262252494071	0.00114273030332	0.00228135006597	0.000933092729687	0.0009824192176	0.00352273334512	2.46632439565e-05	0.00492853825064	0.00186207491871	0.0107737270683	0.0653329332407	0.0184481064794	0.000180863789014	0.00159488977585	0.0130920720002	0.0318279163258	9.04318945071e-05	0.000394611903304	1.64421626377e-05	0	0.00157844761321	0	0.000234300817587	0.000776892184629	0.00219091817147	0.0104448838156	0.00144279977145	6.987919121e-05	2.05527032971e-05	4.9326487913e-05	0.000974198136281	0	2.05527032971e-05	3.28843252753e-05	1.64421626377e-05	0.000102763516485	0.000809776509904	0.000110984597804	0.000505596501108	5.34370285724e-05	0.00472301121767	0.000106874057145	0.00027951676484	0.000785113265948	0.00332542739347	0.000189084870333	5.75475692318e-05	0	0	1.23316219782e-05	0.000341174874731	0.00543002421108	0.000390501362644	0.0145060979871	0.00566021448801	0.00173464815827	0.00115917246595	5.75475692318e-05	0.00209226519564	0.00112628814068	0.000785113265948	6.57686505506e-05	1.64421626377e-05	4.11054065941e-06	4.11054065941e-06
0.00881710971444	2.87737846159e-05	0.00384746605721	0	8.63213538477e-05	0.00020963757363	0.000764560562651	0.00810598618036	0.00573009367922	0.000715234074738	7.81002725288e-05	0.000596028395615	3.28843252753e-05	2.46632439565e-05	0.0108353851782	0.00118794625057	0.00182096951212	0.00656864397374	0.000184974329674	0.00445171553414	0	0.0134126941717	0.00109751435606	0.00635900640011	0.00189495924399	0	0.00902674728807	0.000920761107708	0.00748940508145	0.0184481064794	0.0520353342075	1.64421626377e-05	2.05527032971e-05	0.0057629780045	0.0151966688178	1.64421626377e-05	3.28843252753e-05	6.57686505506e-05	0	0.00134003625497	0	9.86529758259e-05	0.000674128668144	0.00148390517805	0.00553278772757	0.000867324079136	4.11054065941e-05	8.22108131883e-06	4.11054065941e-05	0.000546701907702	4.11054065941e-06	2.87737846159e-05	3.69948659347e-05	1.23316219782e-05	5.75475692318e-05	0.000345285415391	8.22108131883e-06	0.000102763516485	8.22108131883e-05	0.00322266387698	2.46632439565e-05	0.000102763516485	0.00055903352968	0.00232245547257	4.9326487913e-05	1.23316219782e-05	0	8.22108131883e-06	0	0.000197305951652	0.000801555428586	6.57686505506e-05	0.0063302326155	0.00234300817587	0.00131126247035	0.00020963757363	3.28843252753e-05	0.000230190276927	9.04318945071e-05	0.000530259745064	0	0	8.22108131883e-06	4.11054065941e-06
8.22108131883e-06	0	4.11054065941e-06	0	0	8.22108131883e-06	9.45424351665e-05	5.34370285724e-05	5.34370285724e-05	0	6.987919121e-05	0.00147157355607	7.39897318694e-05	0.00186618545937	6.57686505506e-05	8.22108131883e-06	1.64421626377e-05	0	3.69948659347e-05	4.11054065941e-05	6.16581098912e-05	2.46632439565e-05	2.05527032971e-05	3.28843252753e-05	1.23316219782e-05	0.00013975838242	0.00309523711654	0.000793334347267	9.04318945071e-05	0.000180863789014	1.64421626377e-05	0.00321855333632	4.11054065941e-06	5.75475692318e-05	0.00048915433847	0	7.39897318694e-05	0	0	4.11054065941e-06	0	0	0	8.22108131883e-06	3.69948659347e-05	4.11054065941e-05	0.000156200545058	1.23316219782e-05	4.9326487913e-05	2.05527032971e-05	0	0	4.11054065941e-06	6.57686505506e-05	8.22108131883e-06	4.11054065941e-06	1.23316219782e-05	1.23316219782e-05	4.11054065941e-06	2.46632439565e-05	0.000106874057145	6.57686505506e-05	7.81002725288e-05	3.69948659347e-05	1.23316219782e-05	0	0	0	0	4.9326487913e-05	0.000513817582427	0.000591917854955	0.000332953793412	7.81002725288e-05	3.28843252753e-05	0	0	3.69948659347e-05	2.87737846159e-05	9.86529758259e-05	1.64421626377e-05	0	0	0
