0.0232707334813	7.45976389847e-06	0.00262210701031	0	0.00019768374331	3.72988194924e-06	0.00115626340426	0.00488987523545	0.0152887861099	0	2.61091736447e-05	7.08677570355e-05	0.000317039965685	0	0.0157848604092	0	1.86494097462e-05	0.00120102198765	2.98390555939e-05	0.000175304451614	0.000287200910091	0.00328229611533	0	0.00597900076463	0.0012420506891	0	0.00039163760467	0.000570671938233	0.00480408795062	0.014475671845	0.0141884709349	0	1.49195277969e-05	0.00592305253539	0.00380820947017	0	7.45976389847e-06	0	0	0	0	0	0	0	1.11896458477e-05	0	0	0	0	0	0	3.35689375431e-05	1.11896458477e-05	0	0	0	0	0	4.10287014416e-05	1.11896458477e-05	0	3.72988194924e-06	6.3407993137e-05	0	0	0	0	0	0	0	0.000208873389157	8.20574028832e-05	0.000678838514761	0.000231252680853	8.95171667817e-05	9.69769306801e-05	0	0	0	1.49195277969e-05	1.49195277969e-05	0	0	0
7.45976389847e-06	0.0458178698644	0.0012271311613	0	0	1.49195277969e-05	7.45976389847e-06	0	6.71378750863e-05	0.00362917513661	0	0.000138005632122	7.45976389847e-06	0.00248783126014	7.45976389847e-05	3.35689375431e-05	0.0017269353425	0.00130172880028	7.45976389847e-06	0.00108539564723	7.45976389847e-06	0.000141735514071	0.00692639077973	0.000727326980101	0.00252140019768	0.00548292646538	0.0115924730982	0.0363961880606	5.96781111878e-05	0.000108166576528	8.95171667817e-05	3.72988194924e-05	7.45976389847e-06	2.98390555939e-05	0.000690028160609	0	0.0186419499823	0.00185375132877	0	2.23792916954e-05	0	0	3.72988194924e-06	3.72988194924e-06	0.000305850319837	3.72988194924e-06	1.11896458477e-05	3.72988194924e-06	0.000421476660264	0	3.72988194924e-06	0.00261091736447	0.000857872848324	0	1.49195277969e-05	0	5.59482292385e-05	0.00589321347979	0.000234982562802	0.000369258312974	0.000496074299248	0.00294287685795	0.0249529102404	7.8327520934e-05	0	0	0	0	0	0	0.00199921672479	0.00126442998079	0.00019768374331	4.10287014416e-05	6.71378750863e-05	7.45976389847e-06	2.61091736447e-05	0.000238712444751	0.000249902090599	0.000100706812629	3.72988194924e-05	3.72988194924e-06	0	3.72988194924e-06
0.00262210701031	0.0012271311613	0.0507487738013	0	7.45976389847e-06	4.10287014416e-05	3.72988194924e-06	0	0.00301001473303	3.72988194924e-06	1.11896458477e-05	5.96781111878e-05	4.47585833908e-05	2.61091736447e-05	0.00314802036516	0	0.000716137334253	0.00703082747431	7.08677570355e-05	0.0002424423267	4.47585833908e-05	0.000302120437888	0.000637809813319	0.0208910687977	0.000156655041868	3.35689375431e-05	0.00675854609202	0.0247141977956	0.000238712444751	0.00309207213592	0.00346879021279	0	1.11896458477e-05	0.00120848175155	0.0021819809403	0	0.000171574569665	0.00215214188471	0	0	0	3.72988194924e-06	0.000164114805766	0.000149195277969	4.10287014416e-05	4.10287014416e-05	3.72988194924e-06	3.72988194924e-06	0	4.47585833908e-05	0	0.00575520784767	0.000182764215513	0	0	3.72988194924e-06	0.00170828593275	0.00737024673169	0.0095447679081	7.08677570355e-05	7.45976389847e-06	9.69769306801e-05	0.0056358516253	8.20574028832e-05	0	1.86494097462e-05	0	0	0	7.45976389847e-06	0.00221554987785	0.000675108632812	0.0104958878052	0.00832882639264	0.00412524943586	0.00222300964174	3.72988194924e-06	0.0014621137241	0.00029466067399	0.000716137334253	0.000566942056284	3.72988194924e-06	3.72988194924e-06	0
0	0	0	0	0	0	0	0	0	0	0	0	0	0	0	0	0	0	0	0	0	0	0	0	0	0	0	0	0	0	0	0	0	0	0	0	0	0	0	0	0	0	0	0	0	0	0	0	0	0	0	0	0	0	0	0	0	0	0	0	0	0	0	0	0	0	0	0	0	0	0	0	0	0	0	0	0	0	0	0	0	0	0	0
0.00019768374331	0	7.45976389847e-06	0	0.0172581637791	7.45976389847e-06	0.0036590141922	0.000563212174335	0.00374107159508	0.000380447958822	0.000824303910781	0.00128307939054	0.00725462039126	0.000261091736447	0.00562466197945	0.00152925159919	7.45976389847e-06	3.72988194924e-06	0.000324499729584	1.86494097462e-05	0.00711288487719	1.86494097462e-05	0	4.84884653401e-05	0.00963055519293	3.72988194924e-06	0.000410287014416	5.59482292385e-05	0.00403573226907	0.00861602730274	0.000324499729584	2.23792916954e-05	5.96781111878e-05	0.00323007776804	0.00692639077973	0.000175304451614	0	7.45976389847e-06	0	0.00139497584901	0	6.3407993137e-05	4.84884653401e-05	6.3407993137e-05	9.69769306801e-05	0.000906361313664	7.45976389847e-05	0.000141735514071	7.45976389847e-06	0.00034314913933	0	3.72988194924e-06	1.11896458477e-05	3.72988194924e-06	1.11896458477e-05	0.00149941254359	0	3.72988194924e-06	0	0.000220063035005	3.72988194924e-06	4.84884653401e-05	0	0.000611700639675	0.000134275750173	0	0	0	0	3.72988194924e-06	0.000768355681543	0.000514723708995	0.00338673280991	0.000496074299248	0.00092874060536	1.86494097462e-05	4.84884653401e-05	0.000108166576528	1.11896458477e-05	0.000111896458477	0	6.71378750863e-05	1.11896458477e-05	7.45976389847e-06
3.72988194924e-06	1.49195277969e-05	4.10287014416e-05	0	7.45976389847e-06	0.004628783499	0.00164114805766	2.61091736447e-05	0.00117118293206	0.000156655041868	0	0	3.72988194924e-06	0	0.000126815986274	0.00130918856418	2.98390555939e-05	0	0	0	3.72988194924e-06	1.49195277969e-05	1.49195277969e-05	0.000108166576528	0.000335689375431	7.45976389847e-06	0	8.57872848324e-05	2.98390555939e-05	9.32470487309e-05	1.11896458477e-05	0	0.00158519982843	3.72988194924e-05	0.000205143507208	0	0	0	0	4.47585833908e-05	0	0	0	0	5.22183472893e-05	7.45976389847e-06	0	3.72988194924e-06	0	0	0	3.72988194924e-06	0	0	0	3.72988194924e-06	0	0	0	5.22183472893e-05	0	0	0	3.72988194924e-06	0	0	0	0	0	0	0.000466235243655	7.45976389847e-06	0.000205143507208	0.000160384923817	0.00104436694579	0.000324499729584	0	0	0	0	0	0	0	0
0.00115626340426	7.45976389847e-06	3.72988194924e-06	0	0.0036590141922	0.00164114805766	0.0424236772906	0.0038865369911	0.0173626004737	0.000156655041868	0.00868316517782	0.00222300964174	0.0166091643199	0.000395367486619	0.00983942858209	0.00607224781336	1.11896458477e-05	0	6.71378750863e-05	3.72988194924e-06	0.0136588276981	1.49195277969e-05	3.72988194924e-06	5.22183472893e-05	0.00573655843793	0	0.000619160403573	4.47585833908e-05	0.00846310214282	0.0136812069898	0.00136886667537	3.72988194924e-06	0.00180153298148	0.00273773335074	0.00783648197535	1.86494097462e-05	0	1.86494097462e-05	0	0.000138005632122	0	7.45976389847e-06	8.20574028832e-05	0	0.000350608903228	7.08677570355e-05	0	5.59482292385e-05	0	1.11896458477e-05	0	3.72988194924e-06	1.11896458477e-05	0	0	2.23792916954e-05	3.72988194924e-06	7.45976389847e-06	1.11896458477e-05	0.000358068667127	0	3.72988194924e-06	7.45976389847e-06	0.000201413625259	1.11896458477e-05	0	0	0	0	0	0.0022192797598	0.000652729341116	0.00384923817161	0.000559482292385	0.00396486451204	2.23792916954e-05	3.72988194924e-05	4.47585833908e-05	7.45976389847e-06	3.72988194924e-06	0	1.86494097462e-05	3.72988194924e-06	0
0.00488987523545	0	0	0	0.000563212174335	2.61091736447e-05	0.0038865369911	0.0172805430708	0.00724343074542	0	0.000279741146193	4.84884653401e-05	0.000350608903228	0	0.00355457749762	0	7.45976389847e-06	0	2.23792916954e-05	0	0.000443855951959	0.000552022528487	0	0.000555752410436	0.00128307939054	0	1.49195277969e-05	0	0.0119281624737	0.00205516495403	0.00224911881539	0	0.000164114805766	0.00151806195334	0.00133529773783	0	0	0	0	3.72988194924e-06	0	0	0	0	7.45976389847e-06	3.72988194924e-06	0	0	0	0	0	0	0	0	0	0	0	0	0	7.45976389847e-06	0	0	0	3.72988194924e-06	0	0	0	0	0	0	3.72988194924e-06	1.11896458477e-05	3.72988194924e-05	1.49195277969e-05	0	0	0	0	0	0	0	0	0	0
0.0152887861099	6.71378750863e-05	0.00301001473303	0	0.00374107159508	0.00117118293206	0.0173626004737	0.00724343074542	0.0585069282557	4.10287014416e-05	0.0041588183734	0.000406557132467	0.00838850450383	0.000134275750173	0.0373696872494	0.000910091195614	1.11896458477e-05	0.00198056731504	0.00019395386136	0.000492344417299	0.0110367206878	0.0027041644132	1.11896458477e-05	0.00611700639675	0.00892187762257	7.45976389847e-06	0.00106301635553	0.000906361313664	0.0130993454057	0.0282799649391	0.0148262807482	3.72988194924e-06	0.00427444471382	0.0103280431174	0.0134574140728	1.86494097462e-05	5.59482292385e-05	8.95171667817e-05	0	1.49195277969e-05	0	0	5.22183472893e-05	0	0.000130545868223	2.98390555939e-05	0	0	0	7.45976389847e-06	0	3.35689375431e-05	2.98390555939e-05	0	3.72988194924e-06	0	0	1.49195277969e-05	7.45976389847e-05	0.000126815986274	0	2.61091736447e-05	0.00019768374331	9.69769306801e-05	7.45976389847e-06	0	0	0	0	0	0.00331959493482	0.000962309542903	0.00477797877697	0.000798194737137	0.000518453590944	0.000324499729584	0.000350608903228	5.96781111878e-05	7.45976389847e-06	1.86494097462e-05	1.49195277969e-05	0	0	0
0	0.00362917513661	3.72988194924e-06	0	0.000380447958822	0.000156655041868	0.000156655041868	0	4.10287014416e-05	0.018000410287	0	7.45976389847e-06	0.00170828593275	8.20574028832e-05	7.45976389847e-06	0.00104063706384	0.00327483635143	0	3.72988194924e-06	3.72988194924e-06	0.000123086104325	0.000149195277969	0.00673243691837	0.000268551500345	0.00824676898976	0.000760895917644	7.08677570355e-05	0.00362917513661	0.000969769306801	0.000790734973238	1.49195277969e-05	0	0	0.000686298278659	0.000969769306801	0	2.98390555939e-05	0	0	0.000805654501035	0	0	0	0	0.00572909867403	4.10287014416e-05	0	8.57872848324e-05	0	0	7.45976389847e-06	2.61091736447e-05	3.72988194924e-06	0	0	2.61091736447e-05	7.45976389847e-06	4.47585833908e-05	2.61091736447e-05	0.00517334626359	0	1.49195277969e-05	4.47585833908e-05	0.00404692191492	0	0	0	0	0	0	0.00224165905149	3.72988194924e-05	0.000421476660264	0.000134275750173	0.00181272262733	3.72988194924e-06	0	0.000115626340426	0	3.72988194924e-06	3.72988194924e-06	1.86494097462e-05	0	0
2.61091736447e-05	0	1.11896458477e-05	0	0.000824303910781	0	0.00868316517782	0.000279741146193	0.0041588183734	0	0.0205665690681	0.000261091736447	0.00611700639675	8.20574028832e-05	0.00233863598217	0.000104436694579	0	0	2.61091736447e-05	0	0.00865332612223	0	0	2.23792916954e-05	0.00189850991216	7.45976389847e-06	6.3407993137e-05	7.45976389847e-06	0.00386788758136	0.00211484306522	3.72988194924e-06	3.72988194924e-06	8.57872848324e-05	0.000134275750173	0.000496074299248	3.72988194924e-05	0	0	0	0.000335689375431	3.35689375431e-05	0.000611700639675	0.000645269577218	0.000395367486619	0.000324499729584	0.00335689375431	0.000578131702132	0.00170828593275	5.22183472893e-05	0.000350608903228	3.72988194924e-06	1.11896458477e-05	3.72988194924e-06	4.10287014416e-05	6.3407993137e-05	0.00165979746741	1.86494097462e-05	0	2.23792916954e-05	0.000514723708995	3.72988194924e-05	0.000305850319837	4.47585833908e-05	0.0012122116335	0.000234982562802	0	0	1.86494097462e-05	0	5.59482292385e-05	6.71378750863e-05	1.86494097462e-05	0.000156655041868	2.23792916954e-05	4.47585833908e-05	0	7.45976389847e-06	0.000872792376121	5.22183472893e-05	0.00116372316816	2.23792916954e-05	0.0014770332519	0.000428936424162	0.000119356222376
7.08677570355e-05	0.000138005632122	5.96781111878e-05	0	0.00128307939054	0	0.00222300964174	4.84884653401e-05	0.000406557132467	7.45976389847e-06	0.000261091736447	0.0357136196639	0.00592678241734	0.00863094683053	0.00358441655322	0.00029466067399	2.23792916954e-05	0.000842953320527	0.00662054045989	0.0073105686205	0.00530762201376	0.000138005632122	3.72988194924e-06	0.000641539695269	0.00101079800824	0.00110404505697	0.0156953432424	0.00308834225397	0.00129426903638	0.00996251468641	0.000171574569665	0.000925010723411	0.000399097368568	0.000753436153746	0.0206821954085	0	0.000238712444751	0	0	7.45976389847e-06	3.72988194924e-06	7.45976389847e-06	1.11896458477e-05	3.72988194924e-06	8.57872848324e-05	2.61091736447e-05	0.000984688834598	1.86494097462e-05	0.00139870573096	0	0	1.86494097462e-05	1.49195277969e-05	0	0	3.72988194924e-06	1.49195277969e-05	1.49195277969e-05	1.49195277969e-05	7.45976389847e-05	0.000249902090599	0.000645269577218	0.00019395386136	9.32470487309e-05	0	0	7.45976389847e-06	0	0	1.11896458477e-05	0.00127188974469	0.00230133716268	0.0041513586095	0.000895171667817	0.000402827250518	9.32470487309e-05	0.00024617220865	7.8327520934e-05	0.00152179183529	2.61091736447e-05	1.11896458477e-05	1.86494097462e-05	0	0.000559482292385
0.000317039965685	7.45976389847e-06	4.47585833908e-05	0	0.00725462039126	3.72988194924e-06	0.0166091643199	0.000350608903228	0.00838850450383	0.00170828593275	0.00611700639675	0.00592678241734	0.0431510042707	0.000690028160609	0.0142705283378	0.00568806997259	1.86494097462e-05	2.23792916954e-05	0.0012271311613	4.10287014416e-05	0.0263628056172	7.45976389847e-05	0	0.00019395386136	0.00935827381063	3.72988194924e-06	0.00213722235691	0.000134275750173	0.00437515152645	0.0215512579027	2.61091736447e-05	7.08677570355e-05	0.000727326980101	0.0019469983775	0.0133865463158	2.23792916954e-05	3.72988194924e-06	2.98390555939e-05	0	0.000100706812629	0	0.000141735514071	9.32470487309e-05	4.84884653401e-05	0.000369258312974	0.000227522798903	1.86494097462e-05	0.000473695007553	1.49195277969e-05	1.49195277969e-05	0	7.45976389847e-06	1.49195277969e-05	0	0	0.000227522798903	3.72988194924e-06	7.45976389847e-06	3.72988194924e-06	0.00034314913933	3.72988194924e-06	7.45976389847e-06	1.49195277969e-05	0.000208873389157	1.11896458477e-05	0	0	0	0	0	0.00211111318327	0.00104436694579	0.00557617351411	0.000988418716548	0.00402454262323	1.86494097462e-05	7.08677570355e-05	0.000123086104325	1.86494097462e-05	1.11896458477e-05	0	0.000115626340426	1.11896458477e-05	3.72988194924e-06
0	0.00248783126014	2.61091736447e-05	0	0.000261091736447	0	0.000395367486619	0	0.000134275750173	8.20574028832e-05	8.20574028832e-05	0.00863094683053	0.000690028160609	0.0317711344436	0.0012196713974	8.95171667817e-05	3.35689375431e-05	4.47585833908e-05	0.000425206542213	1.49195277969e-05	0.000607970757726	2.98390555939e-05	9.32470487309e-05	0.000100706812629	0.000395367486619	0.0164040208127	0.00322261800414	0.0115477145148	0.000320769847634	0.00226403834319	3.72988194924e-06	0.00587456407005	0.000402827250518	0.000719867216203	0.00382312899797	3.72988194924e-06	0.00186867085657	3.72988194924e-06	0	0.00029466067399	0	0	1.11896458477e-05	3.35689375431e-05	0.000622890285522	0.000138005632122	0.0034314913933	8.95171667817e-05	0.00784767162119	3.72988194924e-06	0	1.86494097462e-05	1.11896458477e-05	0	1.11896458477e-05	3.72988194924e-05	2.23792916954e-05	1.49195277969e-05	2.98390555939e-05	0.000619160403573	0.00339419257381	0.00653848305701	0.0021745211764	0.000414016896365	3.72988194924e-06	0	8.57872848324e-05	0	0	7.45976389847e-06	0.000671378750863	0.000921280841461	0.00210365341937	0.00138378620317	7.08677570355e-05	0	0.0019619179053	0.000164114805766	0.00581488595886	0.000115626340426	3.72988194924e-06	7.08677570355e-05	4.47585833908e-05	0.00158892971037
0.0157848604092	7.45976389847e-05	0.00314802036516	0	0.00562466197945	0.000126815986274	0.00983942858209	0.00355457749762	0.0373696872494	7.45976389847e-06	0.00233863598217	0.00358441655322	0.0142705283378	0.0012196713974	0.0628037522612	0.000865332612223	7.45976389847e-06	0.00213722235691	0.000231252680853	0.000574401820182	0.0154939296171	0.00306223308032	0	0.00662054045989	0.0108949851737	1.49195277969e-05	0.00189850991216	0.00107793588333	0.0085451595457	0.0482199138397	0.0188993118368	3.35689375431e-05	0.00211857294717	0.0166912217228	0.0240726581004	0.000119356222376	7.8327520934e-05	0.000119356222376	0	0.000496074299248	0	2.61091736447e-05	0.000264821618396	1.11896458477e-05	0.00110031517502	0.000186494097462	7.45976389847e-06	8.95171667817e-05	7.45976389847e-06	6.3407993137e-05	0	5.22183472893e-05	4.84884653401e-05	0	7.45976389847e-06	4.47585833908e-05	1.11896458477e-05	2.61091736447e-05	9.32470487309e-05	0.00114880364036	3.72988194924e-06	2.98390555939e-05	0.000257361854497	0.000753436153746	4.47585833908e-05	0	0	0	0	0	0.00423341601238	0.00160011935622	0.00932097499114	0.00123832080715	0.000619160403573	0.000234982562802	0.000175304451614	0.000190223979411	1.86494097462e-05	2.98390555939e-05	1.49195277969e-05	7.08677570355e-05	3.72988194924e-06	3.72988194924e-06
0	3.35689375431e-05	0	0	0.00152925159919	0.00130918856418	0.00607224781336	0	0.000910091195614	0.00104063706384	0.000104436694579	0.00029466067399	0.00568806997259	8.95171667817e-05	0.000865332612223	0.013226161392	4.47585833908e-05	0	2.23792916954e-05	0	0.00141362525876	3.35689375431e-05	3.35689375431e-05	8.95171667817e-05	0.00274519311464	7.45976389847e-06	8.57872848324e-05	5.96781111878e-05	0.000402827250518	0.00388280710915	0	0	0.00029093079204	0.000574401820182	0.00330094552507	2.23792916954e-05	0	3.72988194924e-06	0	0.000331959493482	0	3.72988194924e-06	5.22183472893e-05	0	0.000645269577218	0.000100706812629	0	0.000119356222376	0	1.49195277969e-05	3.72988194924e-06	3.72988194924e-06	7.45976389847e-06	0	0	2.98390555939e-05	3.72988194924e-06	3.72988194924e-06	1.11896458477e-05	0.000622890285522	0	3.72988194924e-06	3.72988194924e-06	0.000309580201787	1.11896458477e-05	0	0	0	0	0	0.00402454262323	0.000503534063147	0.00284589992727	0.000675108632812	0.00917550959512	3.35689375431e-05	3.35689375431e-05	4.10287014416e-05	7.45976389847e-06	3.72988194924e-06	0	1.11896458477e-05	3.72988194924e-06	0
1.86494097462e-05	0.0017269353425	0.000716137334253	0	7.45976389847e-06	2.98390555939e-05	1.11896458477e-05	7.45976389847e-06	1.11896458477e-05	0.00327483635143	0	2.23792916954e-05	1.86494097462e-05	3.35689375431e-05	7.45976389847e-06	4.47585833908e-05	0.0218160795211	2.23792916954e-05	1.11896458477e-05	2.98390555939e-05	1.49195277969e-05	0.000727326980101	0.010357882173	0.00669513809888	0.00658697152235	7.8327520934e-05	5.96781111878e-05	0.00903377408105	0.0024542623226	0.000503534063147	0.000108166576528	0	7.45976389847e-06	0.000581861584081	0.000925010723411	0	1.86494097462e-05	0	0	0.000119356222376	0	0	0	0	0.00507636933291	2.61091736447e-05	0	3.72988194924e-05	0	0	0	0.0046213237351	7.45976389847e-06	0	0	2.61091736447e-05	0.00107793588333	0.00462505361705	0.00241323362116	0.00499431193003	0	7.45976389847e-06	8.95171667817e-05	0.00387534734526	0	0	0	0	0	0	0.00135767702952	0.000126815986274	0.00111150482087	0.000458775479756	0.00019768374331	0.000130545868223	1.11896458477e-05	0.000160384923817	2.23792916954e-05	1.49195277969e-05	1.49195277969e-05	7.08677570355e-05	0	0
0.00120102198765	0.00130172880028	0.00703082747431	0	3.72988194924e-06	0	0	0	0.00198056731504	0	0	0.000842953320527	2.23792916954e-05	4.47585833908e-05	0.00213722235691	0	2.23792916954e-05	0.0352548441842	8.57872848324e-05	0.00741127543313	2.61091736447e-05	0.00339419257381	0	0.0128084146137	0.00068256839671	0	0.014770332519	0.00845937226087	0.0016970962869	0.00256988866302	0.005363570243	1.11896458477e-05	0	0.00192088920386	0.00923145782436	0	0.000984688834598	0.00014546539602	0	0	0	0	3.72988194924e-06	0	3.72988194924e-05	3.72988194924e-06	0	0	0	0	0	0.000123086104325	0.000395367486619	0	5.59482292385e-05	3.72988194924e-06	1.11896458477e-05	4.47585833908e-05	0.000227522798903	3.72988194924e-05	0	0.00019768374331	0.00148822289775	1.11896458477e-05	0	0	0	0	0	0	0.000704947688406	0.00063407993137	0.00210738330132	0.0014546539602	0.000690028160609	0.000399097368568	2.61091736447e-05	0.000208873389157	7.45976389847e-05	6.71378750863e-05	5.59482292385e-05	0	3.72988194924e-06	0
2.98390555939e-05	7.45976389847e-06	7.08677570355e-05	0	0.000324499729584	0	6.71378750863e-05	2.23792916954e-05	0.00019395386136	3.72988194924e-06	2.61091736447e-05	0.00662054045989	0.0012271311613	0.000425206542213	0.000231252680853	2.23792916954e-05	1.11896458477e-05	8.57872848324e-05	0.0108278472986	0.00179407321758	0.00117118293206	4.84884653401e-05	0	0.000354338785177	0.000272281382294	7.8327520934e-05	0.00640420730684	0.00175304451614	0.000372988194924	0.00160384923817	8.20574028832e-05	0.000205143507208	3.72988194924e-06	0.000365528431025	0.00419984707484	0	3.35689375431e-05	0	0	3.72988194924e-06	0	0	0	0	3.35689375431e-05	0	0.000331959493482	3.72988194924e-06	0.000134275750173	0	0	1.49195277969e-05	7.45976389847e-06	0	1.11896458477e-05	0	1.49195277969e-05	1.11896458477e-05	1.49195277969e-05	3.35689375431e-05	3.72988194924e-06	0.000768355681543	0.00014546539602	7.8327520934e-05	0	0	0	0	0	0	0.00124951045299	0.00227522798903	0.00234982562802	0.000615430521624	0.000104436694579	4.84884653401e-05	1.11896458477e-05	3.35689375431e-05	0.000372988194924	0	0	0	0	0
0.000175304451614	0.00108539564723	0.0002424423267	0	1.86494097462e-05	0	3.72988194924e-06	0	0.000492344417299	3.72988194924e-06	0	0.0073105686205	4.10287014416e-05	1.49195277969e-05	0.000574401820182	0	2.98390555939e-05	0.00741127543313	0.00179407321758	0.0218794875142	4.10287014416e-05	0.00102944741799	3.72988194924e-06	0.00220809011395	0.000149195277969	0	0.0165942447922	0.00192461908581	0.000309580201787	0.000820574028832	0.00127188974469	0	3.72988194924e-06	0.000619160403573	0.0097499114153	0	0.00104063706384	6.71378750863e-05	0	0	0	0	1.86494097462e-05	1.86494097462e-05	1.86494097462e-05	3.72988194924e-06	3.72988194924e-06	3.72988194924e-06	3.72988194924e-06	3.72988194924e-06	0	2.23792916954e-05	0.000876522258071	0	2.23792916954e-05	3.72988194924e-06	1.49195277969e-05	7.45976389847e-06	4.47585833908e-05	2.23792916954e-05	0	0.000283471028142	0.00088025214002	2.23792916954e-05	0	0	0	0	0	3.72988194924e-06	0.00227149810708	0.00280860110777	0.00158146994648	0.000865332612223	0.000220063035005	0.000115626340426	1.11896458477e-05	0.000179034333563	0.000305850319837	3.35689375431e-05	2.61091736447e-05	1.11896458477e-05	0	0
0.000287200910091	7.45976389847e-06	4.47585833908e-05	0	0.00711288487719	3.72988194924e-06	0.0136588276981	0.000443855951959	0.0110367206878	0.000123086104325	0.00865332612223	0.00530762201376	0.0263628056172	0.000607970757726	0.0154939296171	0.00141362525876	1.49195277969e-05	2.61091736447e-05	0.00117118293206	4.10287014416e-05	0.0359113034072	7.45976389847e-05	0	0.000179034333563	0.00965293448462	7.45976389847e-06	0.00195072825945	0.000104436694579	0.00662427034184	0.0200779545327	1.86494097462e-05	7.45976389847e-05	0.000861602730274	0.00162995841182	0.0110367206878	2.98390555939e-05	3.72988194924e-06	2.98390555939e-05	0	0.000108166576528	0	0.000380447958822	8.95171667817e-05	0.000257361854497	0.000406557132467	0.00104436694579	0.000130545868223	0.00131664832808	3.72988194924e-05	5.59482292385e-05	0	7.45976389847e-06	1.11896458477e-05	0	0	0.00058559146603	0	3.72988194924e-06	0	0.000276011264243	5.22183472893e-05	7.45976389847e-06	1.11896458477e-05	0.000190223979411	1.49195277969e-05	0	0	0	0	0	0.00102571753604	0.000548292646538	0.00357695678932	0.000496074299248	0.000772085563492	1.11896458477e-05	2.23792916954e-05	0.000268551500345	2.23792916954e-05	0.000425206542213	7.45976389847e-06	0.000690028160609	0.000283471028142	6.3407993137e-05
0.00328229611533	0.000141735514071	0.000302120437888	0	1.86494097462e-05	1.49195277969e-05	1.49195277969e-05	0.000552022528487	0.0027041644132	0.000149195277969	0	0.000138005632122	7.45976389847e-05	2.98390555939e-05	0.00306223308032	3.35689375431e-05	0.000727326980101	0.00339419257381	4.84884653401e-05	0.00102944741799	7.45976389847e-05	0.0396822140579	0.00231252680853	0.031226571679	0.000574401820182	7.45976389847e-06	0.00126815986274	0.000317039965685	0.00748960295407	0.00419611719289	0.0114320881744	3.72988194924e-06	3.72988194924e-06	0.00201413625259	0.00933589451894	0	7.8327520934e-05	7.45976389847e-06	0	1.49195277969e-05	0	0	3.72988194924e-06	3.72988194924e-06	0.00389772663695	2.98390555939e-05	0	5.59482292385e-05	0	0	0	0.000458775479756	1.86494097462e-05	0	3.72988194924e-06	2.23792916954e-05	0.000115626340426	8.95171667817e-05	6.71378750863e-05	0.00204770519013	0	1.11896458477e-05	0.000119356222376	0.00345387068499	0	0	0	0	0	0	0.00152552171724	0.000335689375431	0.00327110646948	0.000600510993827	0.000179034333563	0.000130545868223	7.45976389847e-06	0.000175304451614	3.72988194924e-06	7.45976389847e-06	7.45976389847e-06	8.57872848324e-05	0	0
0	0.00692639077973	0.000637809813319	0	0	1.49195277969e-05	3.72988194924e-06	0	1.11896458477e-05	0.00673243691837	0	3.72988194924e-06	0	9.32470487309e-05	0	3.35689375431e-05	0.010357882173	0	0	3.72988194924e-06	0	0.00231252680853	0.0251505939837	0.00672497715447	0.0048712258257	0.00105182670968	8.57872848324e-05	0.0134201152534	0.000369258312974	0	0	0	0	0	3.72988194924e-06	0	5.22183472893e-05	0	0	3.35689375431e-05	0	0	0	0	0.00444601928349	0	0	7.45976389847e-06	0	0	3.72988194924e-06	0.00517707614554	0	0	0	0	0.000958579660954	0.0048936051174	0.00215587176666	0.0039014565189	0	1.11896458477e-05	0.00053710300069	0.00299509520524	0	0	0	0	0	0	0.000671378750863	1.49195277969e-05	4.10287014416e-05	7.45976389847e-06	5.96781111878e-05	0	0	0	0	0	0	0	0	0
0.00597900076463	0.000727326980101	0.0208910687977	0	4.84884653401e-05	0.000108166576528	5.22183472893e-05	0.000555752410436	0.00611700639675	0.000268551500345	2.23792916954e-05	0.000641539695269	0.00019395386136	0.000100706812629	0.00662054045989	8.95171667817e-05	0.00669513809888	0.0128084146137	0.000354338785177	0.00220809011395	0.000179034333563	0.031226571679	0.00672497715447	0.0898006378098	0.000939930251208	0.000126815986274	0.00405438167882	0.0182279330859	0.00679584491151	0.0066056209321	0.0125697021689	7.45976389847e-06	3.72988194924e-06	0.00325618694168	0.0153074355197	0	0.00014546539602	8.57872848324e-05	0	0.000164114805766	0	1.11896458477e-05	0.000134275750173	0.000134275750173	0.00638555789709	7.8327520934e-05	3.72988194924e-06	0.000111896458477	0	5.96781111878e-05	0	0.00989910669327	6.71378750863e-05	0	3.72988194924e-06	4.47585833908e-05	0.00384923817161	0.00973126200556	0.00812741276739	0.00454299621417	0	5.96781111878e-05	0.000850413084426	0.00407676097052	3.72988194924e-06	3.72988194924e-06	0	0	0	3.72988194924e-06	0.00575147796572	0.00133529773783	0.0156319352492	0.00850040096231	0.00399843344958	0.00403573226907	2.98390555939e-05	0.000925010723411	7.08677570355e-05	0.000160384923817	0.000134275750173	0.000149195277969	3.72988194924e-06	0
0.0012420506891	0.00252140019768	0.000156655041868	0	0.00963055519293	0.000335689375431	0.00573655843793	0.00128307939054	0.00892187762257	0.00824676898976	0.00189850991216	0.00101079800824	0.00935827381063	0.000395367486619	0.0108949851737	0.00274519311464	0.00658697152235	0.00068256839671	0.000272281382294	0.000149195277969	0.00965293448462	0.000574401820182	0.0048712258257	0.000939930251208	0.0535760243188	0.000190223979411	0.000510993827045	0.00320023871244	0.0154827399713	0.0167322504243	0.0031815893027	1.49195277969e-05	0.000451315715858	0.00843326308722	0.0139758676638	4.47585833908e-05	5.22183472893e-05	0	0	0.00453926633222	3.72988194924e-06	3.35689375431e-05	0.00120848175155	7.45976389847e-06	0.0106003244997	0.00247664161429	1.11896458477e-05	0.000216333153056	1.11896458477e-05	1.86494097462e-05	2.61091736447e-05	3.35689375431e-05	1.11896458477e-05	0	0	0.000115626340426	3.72988194924e-05	4.10287014416e-05	5.96781111878e-05	0.0102534454785	7.45976389847e-06	2.23792916954e-05	5.22183472893e-05	0.00687044255049	1.49195277969e-05	0	0	0	3.72988194924e-06	0	0.00316293989295	0.000365528431025	0.00481527759646	0.00101452789019	0.0031815893027	0.000138005632122	9.69769306801e-05	0.000234982562802	4.10287014416e-05	2.23792916954e-05	3.72988194924e-06	0.000108166576528	1.49195277969e-05	1.11896458477e-05
0	0.00548292646538	3.35689375431e-05	0	3.72988194924e-06	7.45976389847e-06	0	0	7.45976389847e-06	0.000760895917644	7.45976389847e-06	0.00110404505697	3.72988194924e-06	0.0164040208127	1.49195277969e-05	7.45976389847e-06	7.8327520934e-05	0	7.8327520934e-05	0	7.45976389847e-06	7.45976389847e-06	0.00105182670968	0.000126815986274	0.000190223979411	0.0234273885232	0.000801924619086	0.0148150911024	3.72988194924e-06	8.57872848324e-05	0	0.00291303780235	7.08677570355e-05	7.45976389847e-06	0.000216333153056	0	0.00350981891423	0	0	1.11896458477e-05	0	0	1.49195277969e-05	3.72988194924e-05	2.23792916954e-05	4.47585833908e-05	0.00151433207139	3.35689375431e-05	0.00568061020869	0	3.72988194924e-06	4.84884653401e-05	0	0	0	3.72988194924e-06	0	4.84884653401e-05	4.47585833908e-05	1.86494097462e-05	0.00392010592865	0.00787005091289	0.00399097368568	3.72988194924e-06	0	0	5.22183472893e-05	0	0	4.84884653401e-05	9.69769306801e-05	0.000149195277969	2.98390555939e-05	0	7.45976389847e-06	0	0.000361798549076	2.61091736447e-05	0.00277130228828	7.08677570355e-05	0	5.22183472893e-05	0	0.00128307939054
0.00039163760467	0.0115924730982	0.00675854609202	0	0.000410287014416	0	0.000619160403573	1.49195277969e-05	0.00106301635553	7.08677570355e-05	6.3407993137e-05	0.0156953432424	0.00213722235691	0.00322261800414	0.00189850991216	8.57872848324e-05	5.96781111878e-05	0.014770332519	0.00640420730684	0.0165942447922	0.00195072825945	0.00126815986274	8.57872848324e-05	0.00405438167882	0.000510993827045	0.000801924619086	0.0914119468119	0.0234870666343	0.000895171667817	0.00411032990806	0.00166725723131	0.00259226795472	2.98390555939e-05	0.00118983234181	0.0144644821991	0	0.00939184274818	0.00309953189982	0	2.61091736447e-05	3.72988194924e-06	1.86494097462e-05	0.000428936424162	0.000443855951959	0.000335689375431	9.32470487309e-05	0.00176423416199	4.10287014416e-05	0.00092874060536	0.000141735514071	0	0.000559482292385	0.00774696480856	7.45976389847e-06	0.00145838384215	1.11896458477e-05	0.000134275750173	0.000432666306111	0.000525913354842	0.000432666306111	1.86494097462e-05	0.00877641222655	0.0146994647619	0.000630350049421	0	7.45976389847e-06	1.86494097462e-05	3.72988194924e-06	0	3.35689375431e-05	0.00900393502546	0.0128345237873	0.00499431193003	0.00157401018258	0.000693758042558	0.00014546539602	4.84884653401e-05	0.00230133716268	0.00503161074952	0.00167098711326	0.00118983234181	4.10287014416e-05	1.49195277969e-05	3.72988194924e-06
0.000570671938233	0.0363961880606	0.0247141977956	0	5.59482292385e-05	8.57872848324e-05	4.47585833908e-05	0	0.000906361313664	0.00362917513661	7.45976389847e-06	0.00308834225397	0.000134275750173	0.0115477145148	0.00107793588333	5.96781111878e-05	0.00903377408105	0.00845937226087	0.00175304451614	0.00192461908581	0.000104436694579	0.000317039965685	0.0134201152534	0.0182279330859	0.00320023871244	0.0148150911024	0.0234870666343	0.134208612297	0.000182764215513	0.00132410809198	0.000716137334253	0.00308834225397	7.45976389847e-06	0.000529643236792	0.00377464053263	0	0.0183137203708	0.00165606758546	0	0.000108166576528	0	3.72988194924e-06	6.3407993137e-05	6.71378750863e-05	0.000455045597807	2.61091736447e-05	0.000988418716548	5.59482292385e-05	0.00325245705973	2.23792916954e-05	3.72988194924e-06	0.0212304880551	0.000451315715858	0	0.000119356222376	3.72988194924e-06	0.003893996755	0.0258294324985	0.0174446578766	0.000637809813319	0.001469573488	0.0107420600138	0.0328714496186	0.000369258312974	0	0	2.23792916954e-05	3.72988194924e-06	0	1.11896458477e-05	0.0104436694579	0.00516961638164	0.0101266294922	0.00616549486209	0.0029167676843	0.00154790100893	1.86494097462e-05	0.00149941254359	0.00242815314895	0.000563212174335	0.000414016896365	4.10287014416e-05	3.72988194924e-06	0.000171574569665
0.00480408795062	5.96781111878e-05	0.000238712444751	0	0.00403573226907	2.98390555939e-05	0.00846310214282	0.0119281624737	0.0130993454057	0.000969769306801	0.00386788758136	0.00129426903638	0.00437515152645	0.000320769847634	0.0085451595457	0.000402827250518	0.0024542623226	0.0016970962869	0.000372988194924	0.000309580201787	0.00662427034184	0.00748960295407	0.000369258312974	0.00679584491151	0.0154827399713	3.72988194924e-06	0.000895171667817	0.000182764215513	0.0577609518659	0.0135133623021	0.0105555659163	1.49195277969e-05	0.000421476660264	0.00996624456836	0.0156953432424	4.84884653401e-05	5.96781111878e-05	3.72988194924e-06	0	0.00217825105835	1.11896458477e-05	6.3407993137e-05	0.000757166035695	2.98390555939e-05	0.00644523600828	0.00287200910091	2.23792916954e-05	0.000149195277969	7.45976389847e-06	1.49195277969e-05	0	2.23792916954e-05	1.11896458477e-05	0	0	0.000533373118741	2.61091736447e-05	7.45976389847e-06	5.59482292385e-05	0.0058409951325	3.72988194924e-06	1.86494097462e-05	7.8327520934e-05	0.00568806997259	4.84884653401e-05	0	0	0	1.11896458477e-05	0	0.00115253352231	0.000257361854497	0.00418119766509	0.000794464855187	0.000458775479756	0.000115626340426	0.000119356222376	0.000376718076873	2.98390555939e-05	3.35689375431e-05	7.45976389847e-06	0.00019768374331	2.98390555939e-05	7.45976389847e-06
0.014475671845	0.000108166576528	0.00309207213592	0	0.00861602730274	9.32470487309e-05	0.0136812069898	0.00205516495403	0.0282799649391	0.000790734973238	0.00211484306522	0.00996251468641	0.0215512579027	0.00226403834319	0.0482199138397	0.00388280710915	0.000503534063147	0.00256988866302	0.00160384923817	0.000820574028832	0.0200779545327	0.00419611719289	0	0.0066056209321	0.0167322504243	8.57872848324e-05	0.00411032990806	0.00132410809198	0.0135133623021	0.0840715391358	0.022778389064	0.000111896458477	0.00339419257381	0.0303537793029	0.0504242740717	0.000160384923817	0.000111896458477	0.000171574569665	0	0.00161130900207	0	4.84884653401e-05	0.000473695007553	1.86494097462e-05	0.00417746778314	0.000361798549076	2.98390555939e-05	0.000179034333563	4.84884653401e-05	8.95171667817e-05	0	7.45976389847e-05	8.20574028832e-05	0	1.11896458477e-05	0.000108166576528	2.23792916954e-05	6.71378750863e-05	0.00014546539602	0.00412524943586	4.10287014416e-05	4.47585833908e-05	0.000313310083736	0.00197310755115	7.08677570355e-05	0	0	0	0	3.72988194924e-06	0.0088099811641	0.00311445142761	0.017925812648	0.00265194606591	0.00321888812219	0.000328229611533	0.000566942056284	0.00034314913933	5.96781111878e-05	4.47585833908e-05	1.49195277969e-05	0.000126815986274	1.49195277969e-05	2.61091736447e-05
0.0141884709349	8.95171667817e-05	0.00346879021279	0	0.000324499729584	1.11896458477e-05	0.00136886667537	0.00224911881539	0.0148262807482	1.49195277969e-05	3.72988194924e-06	0.000171574569665	2.61091736447e-05	3.72988194924e-06	0.0188993118368	0	0.000108166576528	0.005363570243	8.20574028832e-05	0.00127188974469	1.86494097462e-05	0.0114320881744	0	0.0125697021689	0.0031815893027	0	0.00166725723131	0.000716137334253	0.0105555659163	0.022778389064	0.0438969806606	0	5.96781111878e-05	0.0142406892822	0.0145353499562	0	8.20574028832e-05	0	0	3.72988194924e-06	0	0	0	0	4.47585833908e-05	0	0	0	0	0	0	3.72988194924e-05	2.23792916954e-05	0	0	0	0	3.72988194924e-06	4.84884653401e-05	4.47585833908e-05	0	1.49195277969e-05	0.000134275750173	4.10287014416e-05	0	0	0	0	0	0	0.00039163760467	0.000171574569665	0.00173066522445	0.000507263945096	0.000167844687716	0.000257361854497	3.72988194924e-06	1.49195277969e-05	0	1.49195277969e-05	1.11896458477e-05	0	0	0
0	3.72988194924e-05	0	0	2.23792916954e-05	0	3.72988194924e-06	0	3.72988194924e-06	0	3.72988194924e-06	0.000925010723411	7.08677570355e-05	0.00587456407005	3.35689375431e-05	0	0	1.11896458477e-05	0.000205143507208	0	7.45976389847e-05	3.72988194924e-06	0	7.45976389847e-06	1.49195277969e-05	0.00291303780235	0.00259226795472	0.00308834225397	1.49195277969e-05	0.000111896458477	0	0.00625501202887	3.72988194924e-06	1.11896458477e-05	0.000171574569665	0	0.000451315715858	0	0	0	0	0	0	0	3.72988194924e-06	3.72988194924e-06	0.00154417112698	0	0.00153298148114	0	0	0	0	0	3.72988194924e-06	0	0	0	0	3.72988194924e-06	9.69769306801e-05	0.00304358367058	0.000816844146883	7.45976389847e-06	0	0	7.45976389847e-06	0	0	0	0.000231252680853	0.000335689375431	0.000149195277969	2.98390555939e-05	0	0	3.72988194924e-06	2.23792916954e-05	0.00168217675911	1.11896458477e-05	0	0	0	2.98390555939e-05
1.49195277969e-05	7.45976389847e-06	1.11896458477e-05	0	5.96781111878e-05	0.00158519982843	0.00180153298148	0.000164114805766	0.00427444471382	0	8.57872848324e-05	0.000399097368568	0.000727326980101	0.000402827250518	0.00211857294717	0.00029093079204	7.45976389847e-06	0	3.72988194924e-06	3.72988194924e-06	0.000861602730274	3.72988194924e-06	0	3.72988194924e-06	0.000451315715858	7.08677570355e-05	2.98390555939e-05	7.45976389847e-06	0.000421476660264	0.00339419257381	5.96781111878e-05	3.72988194924e-06	0.00813487253128	0.000119356222376	0.00348370974059	1.11896458477e-05	3.72988194924e-06	0	0	3.72988194924e-06	0	0	3.72988194924e-06	0	2.61091736447e-05	0	0	0	2.23792916954e-05	3.72988194924e-06	0	0	0	0	0	0	0	1.11896458477e-05	1.49195277969e-05	2.23792916954e-05	3.35689375431e-05	0	1.11896458477e-05	1.49195277969e-05	3.72988194924e-06	0	0	0	0	0	0.00108912552918	0.000208873389157	0.00138005632122	0.000402827250518	0.000126815986274	0.000365528431025	0.000365528431025	4.10287014416e-05	0	0	0	0	0	2.23792916954e-05
0.00592305253539	2.98390555939e-05	0.00120848175155	0	0.00323007776804	3.72988194924e-05	0.00273773335074	0.00151806195334	0.0103280431174	0.000686298278659	0.000134275750173	0.000753436153746	0.0019469983775	0.000719867216203	0.0166912217228	0.000574401820182	0.000581861584081	0.00192088920386	0.000365528431025	0.000619160403573	0.00162995841182	0.00201413625259	0	0.00325618694168	0.00843326308722	7.45976389847e-06	0.00118983234181	0.000529643236792	0.00996624456836	0.0303537793029	0.0142406892822	1.11896458477e-05	0.000119356222376	0.0344902183846	0.0284851084463	0.000179034333563	4.10287014416e-05	3.72988194924e-06	0	0.0026967046493	3.72988194924e-06	0.000111896458477	0.000399097368568	4.84884653401e-05	0.00530016224986	0.000540832882639	2.61091736447e-05	0.000593051229929	1.49195277969e-05	0.000108166576528	3.72988194924e-06	2.23792916954e-05	2.61091736447e-05	0	0	0.00024617220865	0.000164114805766	7.45976389847e-06	0.000190223979411	0.00553887469462	1.86494097462e-05	1.11896458477e-05	5.96781111878e-05	0.0019768374331	8.57872848324e-05	0	0	0	0	7.45976389847e-06	0.00207008448183	0.000369258312974	0.00900020514351	0.00165606758546	0.000604240875776	0.000160384923817	0.000514723708995	0.000619160403573	0.000171574569665	7.08677570355e-05	1.11896458477e-05	0.000507263945096	5.96781111878e-05	1.86494097462e-05
0.00380820947017	0.000690028160609	0.0021819809403	0	0.00692639077973	0.000205143507208	0.00783648197535	0.00133529773783	0.0134574140728	0.000969769306801	0.000496074299248	0.0206821954085	0.0133865463158	0.00382312899797	0.0240726581004	0.00330094552507	0.000925010723411	0.00923145782436	0.00419984707484	0.0097499114153	0.0110367206878	0.00933589451894	3.72988194924e-06	0.0153074355197	0.0139758676638	0.000216333153056	0.0144644821991	0.00377464053263	0.0156953432424	0.0504242740717	0.0145353499562	0.000171574569665	0.00348370974059	0.0284851084463	0.0917252568956	0.000179034333563	0.000619160403573	0.000179034333563	0	0.00278622181608	3.72988194924e-06	0.000138005632122	0.000552022528487	7.8327520934e-05	0.0078178325656	0.000745976389847	6.3407993137e-05	0.000813114264934	0.000126815986274	0.000108166576528	3.72988194924e-06	0.000283471028142	0.000384177840771	0	1.11896458477e-05	0.000283471028142	0.000231252680853	0.000175304451614	0.000384177840771	0.00774323492661	0.000126815986274	0.000272281382294	0.000745976389847	0.0053784897708	8.57872848324e-05	0	0	3.72988194924e-06	0	1.11896458477e-05	0.0117976166054	0.00425206542213	0.0326327371739	0.006833143731	0.00331213517092	0.000745976389847	0.00139870573096	0.00107047611943	0.000223792916954	0.000130545868223	6.3407993137e-05	0.000663918986964	6.3407993137e-05	0.000108166576528
0	0	0	0	0.000175304451614	0	1.86494097462e-05	0	1.86494097462e-05	0	3.72988194924e-05	0	2.23792916954e-05	3.72988194924e-06	0.000119356222376	2.23792916954e-05	0	0	0	0	2.98390555939e-05	0	0	0	4.47585833908e-05	0	0	0	4.84884653401e-05	0.000160384923817	0	0	1.11896458477e-05	0.000179034333563	0.000179034333563	0.0145689188937	0	3.72988194924e-06	0	0.000544562764589	5.22183472893e-05	0.000686298278659	0.00746349378042	0.00126070009884	0.000276011264243	0.00209246377352	5.59482292385e-05	3.35689375431e-05	7.45976389847e-06	0.00844818261502	1.49195277969e-05	0	7.08677570355e-05	3.72988194924e-06	7.8327520934e-05	0.000496074299248	0.000253631972548	0	0.000302120437888	0.00345014080304	0	1.86494097462e-05	1.86494097462e-05	0.00620652356353	0.00418865742899	0.0002424423267	0	0	0.000354338785177	0.000425206542213	1.49195277969e-05	0	0.000179034333563	7.45976389847e-06	1.11896458477e-05	0	0	0	0	0.000369258312974	3.72988194924e-06	4.84884653401e-05	0.000119356222376	0
