0.0165779522197	0	8.51300249117e-05	0	0.00045253329032	0	0.00166675627722	0.00359786368443	0.00414448805491	0.000259870602362	0.000465974873201	8.96105525387e-06	0.00129935301181	0	0.00802014445221	9.85716077925e-05	0.000134415828808	6.7207914404e-05	0	4.48052762693e-06	0.000990196605552	0.000703442837429	0.000147857411689	0.000515260677097	0.00136208039859	0	8.96105525387e-06	3.13636933885e-05	0.00101707977131	0.00932845851928	0.0039428643117	0	1.34415828808e-05	0.00443572235066	0.00307364195208	0	0	0	0	0	0	0	3.13636933885e-05	0	0.000107532663046	4.48052762693e-06	0	8.96105525387e-06	0	0	0	4.48052762693e-06	0	0	0	0	0	4.48052762693e-06	0	8.51300249117e-05	0	0	0	2.68831657616e-05	0	4.48052762693e-06	0	0	0	0	0.000380844848289	3.13636933885e-05	0.000900586053014	0.000273312185243	0.000309156406258	3.13636933885e-05	8.96105525387e-06	0	0	0	0	0	0	0
0	0.0167526927971	0.00217305589906	0	0	0	0	0	0	2.24026381347e-05	0	0.000569027008621	0	0.000519741204724	0	4.48052762693e-06	8.51300249117e-05	0.00148753517214	8.96105525387e-05	0.00117389823826	0	0.0001164937183	0.00210584798466	0.000676559671667	1.79221105077e-05	0.00241500439092	0.00664462247074	0.0103679409287	3.58442210155e-05	1.34415828808e-05	5.37663315232e-05	5.37663315232e-05	0	1.34415828808e-05	0.00127246984605	0	0.00204312059788	0.000152337939316	0	0	0	0	4.48052762693e-06	0	1.79221105077e-05	0	0.000295714823378	0	3.58442210155e-05	0	0	0.000138896356435	0.000143376884062	5.37663315232e-05	0.000134415828808	0	5.37663315232e-05	0.000479416456082	0.000147857411689	0	0.000448052762693	0.000349481154901	0.000878183414879	8.96105525387e-06	0	8.96105525387e-06	0	0	0	0.000286753768124	0.000376364320662	0.000595910174382	0.000681040199294	0.000268831657616	8.96105525387e-06	4.48052762693e-05	1.34415828808e-05	5.37663315232e-05	0.000448052762693	0.000138896356435	2.24026381347e-05	4.48052762693e-06	4.48052762693e-06	4.03247486424e-05
8.51300249117e-05	0.00217305589906	0.0461135903364	0	4.48052762693e-06	1.79221105077e-05	2.68831657616e-05	0.000103052135419	7.61689696579e-05	0.000134415828808	4.48052762693e-06	0.000358442210155	1.34415828808e-05	2.68831657616e-05	0.000134415828808	8.96105525387e-06	0.00155474308655	0.00930157535351	1.79221105077e-05	0.000999157660806	4.48052762693e-06	0.00341416205172	0.00212377009517	0.0219277022062	0.000241948491854	4.03247486424e-05	0.00977203075434	0.0169722386508	0.000506299621843	0.000488377511336	0.0016801978601	4.48052762693e-06	4.48052762693e-06	0.00055558542574	0.00832930085847	4.48052762693e-06	0.000241948491854	3.58442210155e-05	0	1.34415828808e-05	0	0	1.79221105077e-05	0	8.51300249117e-05	4.48052762693e-06	4.48052762693e-06	0	8.96105525387e-06	0	4.48052762693e-06	0.000125454773554	1.79221105077e-05	0	8.96105525387e-06	0	2.68831657616e-05	0.000340520099647	5.82468591501e-05	3.13636933885e-05	4.48052762693e-06	1.34415828808e-05	8.96105525387e-05	1.79221105077e-05	0	1.34415828808e-05	0	0	0	5.82468591501e-05	0.00319909672563	0.0016309120562	0.00589637435704	0.00294818717852	0.000241948491854	0.000573507536247	0.000125454773554	6.27273867771e-05	6.27273867771e-05	1.79221105077e-05	1.79221105077e-05	2.24026381347e-05	0	0
0	0	0	0	0	0	0	0	0	0	0	0	0	0	0	0	0	0	0	0	0	0	0	0	0	0	0	0	0	0	0	0	0	0	0	0	0	0	0	0	0	0	0	0	0	0	0	0	0	0	0	0	0	0	0	0	0	0	0	0	0	0	0	0	0	0	0	0	0	0	0	0	0	0	0	0	0	0	0	0	0	0	0	0
0.00045253329032	0	4.48052762693e-06	0	0.0193469182931	0	0.000766170224206	0.00177428894027	0.000201623743212	0.000273312185243	0.00172052260874	0	0.00483000878183	0	0.00021954585372	4.48052762693e-05	8.96105525387e-06	0	0	0	0.00894761367099	3.58442210155e-05	1.79221105077e-05	3.58442210155e-05	0.0110803448214	0	0	4.48052762693e-06	0.00262558918938	0.000519741204724	0.000313636933885	0	4.48052762693e-06	0.000255390074735	0.000206104270839	0	0	0	0	0.00216857537144	0	0.000129935301181	8.96105525387e-05	3.13636933885e-05	3.58442210155e-05	0.00236571858702	0	0.000228506908974	0	1.79221105077e-05	0	0	0	0	0	0.00211928956754	0	0	0	7.61689696579e-05	0	0	0	0.000286753768124	0	0	0	0	0	0	4.48052762693e-05	0	5.37663315232e-05	1.34415828808e-05	0.000103052135419	0	0	0	0	0	0	0	0	0
0	0	1.79221105077e-05	0	0	0.00297507034428	0.00155026255892	0	0.000103052135419	0	0	4.48052762693e-06	0	0	0.000147857411689	0.000192662687958	0	4.48052762693e-06	0	8.96105525387e-06	0	8.96105525387e-06	0	1.79221105077e-05	0	0	0	1.34415828808e-05	4.48052762693e-06	0.000327078516766	8.96105525387e-06	0	0.000685520726921	1.34415828808e-05	0.000322597989139	0	0	0	0	0	0	0	0	0	0	0	0	0	0	0	0	0	0	0	0	0	0	0	0	0	0	0	0	0	0	0	0	0	0	0	2.68831657616e-05	4.48052762693e-06	0.000103052135419	9.40910801656e-05	0.0012142229869	9.40910801656e-05	0	8.96105525387e-06	0	0	0	4.48052762693e-06	4.48052762693e-06	4.48052762693e-06
0.00166675627722	0	2.68831657616e-05	0	0.000766170224206	0.00155026255892	0.0313547323333	0.00204760112551	0.00823969030593	0.000170260049823	0.00375468215137	1.34415828808e-05	0.00818592397441	0	0.00425202071796	0.00159506783519	3.58442210155e-05	2.24026381347e-05	0	8.96105525387e-06	0.0033603957202	0.000112013190673	2.24026381347e-05	0.000112013190673	0.00164435363908	0	8.96105525387e-06	0	0.000591429646755	0.00357546104629	0.00051078014947	0	0.000967793967418	0.00073032600319	0.00190422424145	0	0	0	0	0	0	0	4.48052762693e-06	0	2.68831657616e-05	0	0	8.96105525387e-06	0	0	0	4.48052762693e-06	0	0	0	0	0	4.48052762693e-06	4.48052762693e-06	2.24026381347e-05	0	0	0	4.48052762693e-06	0	0	0	0	0	0	0.000192662687958	1.79221105077e-05	0.000492858038963	0.000138896356435	0.00253597863684	2.68831657616e-05	4.48052762693e-06	0	0	0	0	0	0	0
0.00359786368443	0	0.000103052135419	0	0.00177428894027	0	0.00204760112551	0.0221427675323	0.00136656092621	0.000403247486424	0.00130831406706	1.79221105077e-05	0.00224922486872	0	0.00131727512232	7.16884420309e-05	0.000367403265409	4.03247486424e-05	0	0	0.00291682348513	0.000725845475563	0.000358442210155	0.000636234923025	0.00379052637239	0	1.79221105077e-05	4.03247486424e-05	0.00740183163969	0.00329766833342	0.00567682850332	0	8.96105525387e-06	0.00173844471925	0.00165779522197	0	0	0	0	2.24026381347e-05	0	0	4.03247486424e-05	0	0.000210584798466	1.34415828808e-05	0	1.79221105077e-05	0	0	0	4.48052762693e-06	0	0	0	0	0	2.24026381347e-05	0	0.000112013190673	0	0	0	5.82468591501e-05	0	0	0	0	0	0	0.000362922737782	2.68831657616e-05	0.000421169596932	0.000152337939316	0.000215065326093	3.13636933885e-05	0	0	0	0	0	0	0	0
0.00414448805491	0	7.61689696579e-05	0	0.000201623743212	0.000103052135419	0.00823969030593	0.00136656092621	0.0305796010538	8.96105525387e-05	0.00073032600319	9.40910801656e-05	0.00124558668029	0	0.0184776959335	0.000250909547108	4.48052762693e-05	4.92858038963e-05	0	2.24026381347e-05	0.000636234923025	0.000237467964227	4.03247486424e-05	0.00021954585372	0.000698962309802	0	3.58442210155e-05	1.79221105077e-05	0.000389805903543	0.0103724214564	0.00107532663046	0	0.0014472104235	0.00151889886553	0.0041758517483	0	0	0	0	0	0	0	4.48052762693e-06	0	1.79221105077e-05	0	0	4.48052762693e-06	0	0	0	0	0	0	0	0	0	0	0	1.34415828808e-05	0	0	0	0	0	0	0	0	0	0	0.000322597989139	7.16884420309e-05	0.00116045665538	0.000434611179813	0.000551104898113	8.51300249117e-05	1.79221105077e-05	0	0	0	0	0	0	0
0.000259870602362	2.24026381347e-05	0.000134415828808	0	0.000273312185243	0	0.000170260049823	0.000403247486424	8.96105525387e-05	0.0155698335036	5.82468591501e-05	4.48052762693e-06	0.00409968277864	0	0.000170260049823	0.000766170224206	0.000824417083356	2.68831657616e-05	0	4.48052762693e-06	0.000439091707439	0.000546624370486	0.00296610928903	0.000712403892682	0.00550208792587	0	4.48052762693e-06	8.96105525387e-05	0.00103500188182	0.000645195978278	0.00130383353944	0	4.48052762693e-06	0.000707923365055	0.00103052135419	8.96105525387e-06	0	0	0	0.000170260049823	0	2.24026381347e-05	0.000416689069305	2.68831657616e-05	0.00194006846246	8.96105525387e-05	0	6.7207914404e-05	0	1.34415828808e-05	0	5.82468591501e-05	0	0	0	3.13636933885e-05	1.34415828808e-05	0.000295714823378	4.48052762693e-06	0.00115149560012	0	0	4.48052762693e-06	0.000492858038963	0	3.13636933885e-05	0	0	0	8.96105525387e-06	0.00084681972149	1.79221105077e-05	0.000264351129989	0.000112013190673	0.00107532663046	1.79221105077e-05	0	5.37663315232e-05	8.96105525387e-06	8.96105525387e-06	8.96105525387e-06	4.48052762693e-05	0	0
0.000465974873201	0	4.48052762693e-06	0	0.00172052260874	0	0.00375468215137	0.00130831406706	0.00073032600319	5.82468591501e-05	0.0175502267147	0	0.00559617900604	0	0.000228506908974	6.27273867771e-05	8.96105525387e-06	4.48052762693e-06	0	0	0.00450293026507	1.79221105077e-05	4.48052762693e-06	1.79221105077e-05	0.001164937183	0	4.48052762693e-06	0	0.00131279459469	0.000273312185243	0.0001164937183	0	0	0.000103052135419	8.96105525387e-05	0	0	0	0	0.000237467964227	0	0.000107532663046	2.68831657616e-05	1.34415828808e-05	4.48052762693e-06	0.00173844471925	0	0.000851300249117	0	4.48052762693e-06	0	0	0	0	0	0.000922988691148	0	0	0	2.68831657616e-05	0	0	0	7.16884420309e-05	0	0	0	0	0	0	2.24026381347e-05	0	2.68831657616e-05	1.79221105077e-05	6.27273867771e-05	0	0	4.48052762693e-06	0	0	0	0	0	0
8.96105525387e-06	0.000569027008621	0.000358442210155	0	0	4.48052762693e-06	1.34415828808e-05	1.79221105077e-05	9.40910801656e-05	4.48052762693e-06	0	0.0297955087191	0	0.0105471620338	0.000224026381347	0	8.96105525387e-06	0.000905066580641	0.0033603957202	0.00336487624783	4.48052762693e-06	7.16884420309e-05	4.48052762693e-05	0.000291234295751	8.96105525387e-06	0.00461494345574	0.00848611932541	0.00360234421205	1.34415828808e-05	0.00049733856659	4.48052762693e-05	0.00204760112551	3.58442210155e-05	7.61689696579e-05	0.0067207914404	0	8.96105525387e-05	0	0	0	0	0	0	0	0	0	0.000147857411689	0	4.92858038963e-05	0	0	8.96105525387e-06	1.79221105077e-05	8.96105525387e-06	4.92858038963e-05	0	0	1.34415828808e-05	4.48052762693e-06	0	0.000237467964227	8.51300249117e-05	8.06494972848e-05	0	0	0	4.48052762693e-06	0	0	5.37663315232e-05	0.000649676505905	0.00245980966719	0.00275552449056	0.00106636557521	3.13636933885e-05	0.000112013190673	0.000560065953367	1.79221105077e-05	0.000237467964227	4.03247486424e-05	4.48052762693e-06	0	0	4.48052762693e-05
0.00129935301181	0	1.34415828808e-05	0	0.00483000878183	0	0.00818592397441	0.00224922486872	0.00124558668029	0.00409968277864	0.00559617900604	0	0.0342625947632	0	0.00112013190673	0.00189078265857	1.79221105077e-05	8.96105525387e-06	0	4.48052762693e-06	0.0121735935624	6.7207914404e-05	3.13636933885e-05	6.27273867771e-05	0.00815456028102	0	1.34415828808e-05	4.48052762693e-06	0.000945391329283	0.00129487248418	0.000389805903543	0	0	0.000474935928455	0.000569027008621	0	0	0	0	7.16884420309e-05	0	1.34415828808e-05	1.34415828808e-05	0	1.79221105077e-05	8.06494972848e-05	0	0.000465974873201	0	4.48052762693e-06	0	0	0	0	0	0.00033603957202	0	0	0	1.79221105077e-05	0	0	0	1.34415828808e-05	0	0	0	0	0	0	0.000107532663046	4.48052762693e-06	0.00016129899457	4.03247486424e-05	0.00164883416671	4.48052762693e-06	0	0	0	0	0	4.48052762693e-06	0	0
0	0.000519741204724	2.68831657616e-05	0	0	0	0	0	0	0	0	0.0105471620338	0	0.0235362116243	8.96105525387e-06	0	0	9.85716077925e-05	0.00051078014947	0.000474935928455	0	8.96105525387e-06	0	8.96105525387e-06	0	0.00871462623439	0.00557377636791	0.00707475312293	0	3.58442210155e-05	0	0.00425202071796	0	4.48052762693e-06	0.000887144470133	0	9.40910801656e-05	0	0	0	0	0	0	0	0	0	0.000327078516766	0	0.000282273240497	0	0	4.48052762693e-06	2.68831657616e-05	1.34415828808e-05	9.40910801656e-05	0	0	4.48052762693e-06	0	0	0.000403247486424	0.000147857411689	0.000143376884062	0	0	0	2.68831657616e-05	0	0	8.51300249117e-05	8.06494972848e-05	0.000551104898113	0.000327078516766	8.96105525387e-05	0	8.96105525387e-06	0.000224026381347	1.79221105077e-05	0.000457013817947	8.06494972848e-05	1.34415828808e-05	0	0	8.06494972848e-05
0.00802014445221	0	0.000134415828808	0	0.00021954585372	0.000147857411689	0.00425202071796	0.00131727512232	0.0184776959335	0.000170260049823	0.000228506908974	0.000224026381347	0.00112013190673	8.96105525387e-06	0.0379321468896	0.000134415828808	8.51300249117e-05	7.61689696579e-05	4.48052762693e-06	4.92858038963e-05	0.00055558542574	0.000560065953367	0.0001164937183	0.00045253329032	0.000869222359625	8.96105525387e-06	7.16884420309e-05	4.03247486424e-05	0.000573507536247	0.0232360162733	0.00240604333566	4.48052762693e-06	0.00284065451548	0.00363370790544	0.0083517034966	0	0	0	0	0	0	0	8.96105525387e-06	0	4.92858038963e-05	0	0	4.48052762693e-06	0	0	0	0	0	0	0	0	4.48052762693e-06	0	0	3.58442210155e-05	0	0	0	1.34415828808e-05	0	4.48052762693e-06	0	0	0	0	0.000604871229636	0.000112013190673	0.00230747172787	0.000784092334713	0.000569027008621	0.000156818466943	2.68831657616e-05	8.96105525387e-06	0	0	0	4.48052762693e-06	0	0
9.85716077925e-05	4.48052762693e-06	8.96105525387e-06	0	4.48052762693e-05	0.000192662687958	0.00159506783519	7.16884420309e-05	0.000250909547108	0.000766170224206	6.27273867771e-05	0	0.00189078265857	0	0.000134415828808	0.00476280086743	4.48052762693e-06	0	0	0	0.000138896356435	0	4.48052762693e-06	8.96105525387e-06	0.000134415828808	0	0	0	1.79221105077e-05	0.000188182160331	5.37663315232e-05	0	4.48052762693e-06	4.48052762693e-05	9.85716077925e-05	0	0	0	0	0	0	0	0	0	8.96105525387e-06	0	0	0	0	0	0	0	0	0	0	0	0	0	0	4.48052762693e-06	0	0	0	0	0	0	0	0	0	0	0.000125454773554	0	3.13636933885e-05	2.68831657616e-05	0.00208792587415	4.48052762693e-06	0	0	0	0	0	0	0	0
0.000134415828808	8.51300249117e-05	0.00155474308655	0	8.96105525387e-06	0	3.58442210155e-05	0.000367403265409	4.48052762693e-05	0.000824417083356	8.96105525387e-06	8.96105525387e-06	1.79221105077e-05	0	8.51300249117e-05	4.48052762693e-06	0.0172634729466	0.000228506908974	0	2.24026381347e-05	2.68831657616e-05	0.00275104396294	0.00383085112103	0.00756761116189	0.00549312687062	0	8.96105525387e-05	0.00241948491854	0.00275104396294	0.000488377511336	0.0016309120562	0	0	0.000640715450651	0.00143376884062	0	4.48052762693e-06	0	0	4.03247486424e-05	0	4.48052762693e-06	6.7207914404e-05	4.48052762693e-06	0.000376364320662	2.24026381347e-05	0	4.48052762693e-06	0	0	4.48052762693e-06	6.27273867771e-05	0	0	0	2.24026381347e-05	8.96105525387e-06	5.82468591501e-05	1.34415828808e-05	0.000255390074735	0	0	0	9.40910801656e-05	0	4.48052762693e-06	0	0	0	4.48052762693e-06	0.000371883793035	8.96105525387e-05	0.000586949119128	0.000259870602362	8.06494972848e-05	3.13636933885e-05	4.48052762693e-06	1.79221105077e-05	4.48052762693e-06	0	4.48052762693e-06	8.96105525387e-06	0	0
6.7207914404e-05	0.00148753517214	0.00930157535351	0	0	4.48052762693e-06	2.24026381347e-05	4.03247486424e-05	4.92858038963e-05	2.68831657616e-05	4.48052762693e-06	0.000905066580641	8.96105525387e-06	9.85716077925e-05	7.61689696579e-05	0	0.000228506908974	0.029952327186	6.27273867771e-05	0.00525565890639	4.48052762693e-06	0.00150545728265	0.000474935928455	0.0117613850207	7.16884420309e-05	0.000165779522197	0.011985411402	0.00494202197251	0.000183701632704	0.000327078516766	0.000757209168952	0	4.48052762693e-06	0.00027779271287	0.0113760596448	0	0.00017474057745	1.79221105077e-05	0	4.48052762693e-06	0	4.48052762693e-06	8.96105525387e-06	4.48052762693e-06	2.68831657616e-05	0	4.48052762693e-06	0	4.48052762693e-06	4.48052762693e-06	0	3.58442210155e-05	4.48052762693e-06	0	8.96105525387e-06	0	0	8.96105525387e-05	2.68831657616e-05	1.79221105077e-05	1.79221105077e-05	1.34415828808e-05	6.7207914404e-05	8.96105525387e-06	4.48052762693e-06	8.96105525387e-06	0	0	0	2.68831657616e-05	0.00279136871158	0.00239708228041	0.00577091958349	0.00290786242988	0.000120974245927	0.000443572235066	0.000107532663046	4.03247486424e-05	2.68831657616e-05	2.24026381347e-05	1.34415828808e-05	1.34415828808e-05	0	0
0	8.96105525387e-05	1.79221105077e-05	0	0	0	0	0	0	0	0	0.0033603957202	0	0.00051078014947	4.48052762693e-06	0	0	6.27273867771e-05	0.00662670036023	0.00125902826317	0	0	0	1.79221105077e-05	0	0.000300195351005	0.00327078516766	0.000425650124559	0	1.34415828808e-05	0	7.61689696579e-05	4.48052762693e-06	4.48052762693e-06	0.000273312185243	0	1.79221105077e-05	0	0	0	0	0	0	0	0	0	1.79221105077e-05	0	4.48052762693e-06	0	0	0	0	0	8.96105525387e-06	0	0	0	0	0	3.13636933885e-05	2.24026381347e-05	1.34415828808e-05	0	0	0	0	0	0	4.48052762693e-06	2.24026381347e-05	0.000147857411689	0.000120974245927	4.03247486424e-05	0	0	8.96105525387e-06	0	1.34415828808e-05	4.48052762693e-06	0	0	0	4.48052762693e-06
4.48052762693e-06	0.00117389823826	0.000999157660806	0	0	8.96105525387e-06	8.96105525387e-06	0	2.24026381347e-05	4.48052762693e-06	0	0.00336487624783	4.48052762693e-06	0.000474935928455	4.92858038963e-05	0	2.24026381347e-05	0.00525565890639	0.00125902826317	0.0171335376454	0	0.000107532663046	8.96105525387e-05	0.000828897610983	4.48052762693e-06	0.000524221732351	0.0119764503468	0.0035261752424	1.79221105077e-05	0.000125454773554	6.7207914404e-05	7.61689696579e-05	4.48052762693e-06	1.79221105077e-05	0.00612488126602	0	0.000165779522197	0	0	0	0	0	0	0	8.96105525387e-06	0	4.03247486424e-05	0	8.96105525387e-06	0	0	1.79221105077e-05	1.34415828808e-05	0	1.79221105077e-05	0	0	3.13636933885e-05	2.24026381347e-05	4.48052762693e-06	4.92858038963e-05	3.13636933885e-05	6.27273867771e-05	0	0	0	0	0	0	2.24026381347e-05	0.0010977292686	0.00226714697923	0.00241500439092	0.00112013190673	4.92858038963e-05	0.000138896356435	0.000134415828808	1.79221105077e-05	5.82468591501e-05	2.24026381347e-05	0	0	0	8.96105525387e-06
0.000990196605552	0	4.48052762693e-06	0	0.00894761367099	0	0.0033603957202	0.00291682348513	0.000636234923025	0.000439091707439	0.00450293026507	4.48052762693e-06	0.0121735935624	0	0.00055558542574	0.000138896356435	2.68831657616e-05	4.48052762693e-06	0	0	0.0227879635106	5.37663315232e-05	1.79221105077e-05	2.68831657616e-05	0.00836066455186	0	4.48052762693e-06	4.48052762693e-06	0.00269727763141	0.000976755022671	0.000434611179813	0	0	0.000412208541678	0.000416689069305	0	0	0	0	2.68831657616e-05	0	0	4.48052762693e-06	0	8.96105525387e-06	7.61689696579e-05	0	8.96105525387e-06	0	0	0	0	0	0	0	0.000103052135419	0	0	0	4.48052762693e-06	0	0	0	8.96105525387e-06	0	0	0	0	0	0	5.37663315232e-05	0	0.000112013190673	2.68831657616e-05	0.000228506908974	0	0	0	0	0	0	0	0	0
0.000703442837429	0.0001164937183	0.00341416205172	0	3.58442210155e-05	8.96105525387e-06	0.000112013190673	0.000725845475563	0.000237467964227	0.000546624370486	1.79221105077e-05	7.16884420309e-05	6.7207914404e-05	8.96105525387e-06	0.000560065953367	0	0.00275104396294	0.00150545728265	0	0.000107532663046	5.37663315232e-05	0.0392718246501	0.00156818466943	0.0236034195387	0.00215513378855	8.96105525387e-06	0.000367403265409	0.00100811871606	0.0059725433267	0.00572611430722	0.0125409968278	0	4.48052762693e-06	0.00540799684571	0.00674767460616	0	4.48052762693e-06	4.48052762693e-06	0	2.24026381347e-05	0	0	3.58442210155e-05	0	0.000237467964227	4.48052762693e-06	0	8.96105525387e-06	0	0	0	2.24026381347e-05	4.48052762693e-06	0	4.48052762693e-06	1.34415828808e-05	0	8.96105525387e-05	4.48052762693e-06	0.000129935301181	0	0	4.48052762693e-06	4.03247486424e-05	0	1.79221105077e-05	0	0	0	8.96105525387e-06	0.00147409358926	0.000340520099647	0.00246429019481	0.0010977292686	0.000165779522197	0.000165779522197	3.13636933885e-05	2.68831657616e-05	4.48052762693e-06	4.48052762693e-06	0	8.96105525387e-06	0	0
0.000147857411689	0.00210584798466	0.00212377009517	0	1.79221105077e-05	0	2.24026381347e-05	0.000358442210155	4.03247486424e-05	0.00296610928903	4.48052762693e-06	4.48052762693e-05	3.13636933885e-05	0	0.0001164937183	4.48052762693e-06	0.00383085112103	0.000474935928455	0	8.96105525387e-05	1.79221105077e-05	0.00156818466943	0.0163404842554	0.00312292775597	0.00227610803448	0	0.000443572235066	0.00397422800509	0.00124110615266	0.000586949119128	0.00168915891535	0	0	0.000793053389967	0.00197143215585	0	8.06494972848e-05	2.24026381347e-05	0	8.51300249117e-05	0	4.48052762693e-06	0.000282273240497	1.34415828808e-05	0.00128591142893	4.03247486424e-05	0	3.13636933885e-05	0	8.96105525387e-06	0	0.000273312185243	0	0	0	2.68831657616e-05	8.06494972848e-05	0.00105740451996	0.000107532663046	0.000618312812517	0	4.48052762693e-06	8.96105525387e-05	0.000358442210155	0	4.92858038963e-05	0	0	0	4.03247486424e-05	0.000569027008621	0.000201623743212	0.000707923365055	0.000327078516766	9.85716077925e-05	7.16884420309e-05	8.96105525387e-06	8.96105525387e-05	4.92858038963e-05	2.24026381347e-05	1.79221105077e-05	1.34415828808e-05	0	0
0.000515260677097	0.000676559671667	0.0219277022062	0	3.58442210155e-05	1.79221105077e-05	0.000112013190673	0.000636234923025	0.00021954585372	0.000712403892682	1.79221105077e-05	0.000291234295751	6.27273867771e-05	8.96105525387e-06	0.00045253329032	8.96105525387e-06	0.00756761116189	0.0117613850207	1.79221105077e-05	0.000828897610983	2.68831657616e-05	0.0236034195387	0.00312292775597	0.0734179256949	0.0018459773823	4.03247486424e-05	0.00259870602362	0.00913131530369	0.00410416330627	0.00419377385881	0.0082352097783	0	4.48052762693e-06	0.00374124056849	0.0145975590085	0	4.03247486424e-05	1.34415828808e-05	0	5.82468591501e-05	0	4.48052762693e-06	7.16884420309e-05	4.48052762693e-06	0.000376364320662	1.79221105077e-05	4.48052762693e-06	8.96105525387e-06	0	0	0	5.82468591501e-05	4.48052762693e-06	0	8.96105525387e-06	8.96105525387e-06	1.34415828808e-05	0.000206104270839	8.96105525387e-06	0.000206104270839	0	8.96105525387e-06	2.24026381347e-05	8.06494972848e-05	4.48052762693e-06	3.13636933885e-05	0	0	0	2.24026381347e-05	0.00438643654677	0.00155922361417	0.00806046920085	0.00378156531713	0.00039428643117	0.000654157033532	0.00016129899457	6.27273867771e-05	2.24026381347e-05	8.96105525387e-06	4.48052762693e-06	2.68831657616e-05	0	0
0.00136208039859	1.79221105077e-05	0.000241948491854	0	0.0110803448214	0	0.00164435363908	0.00379052637239	0.000698962309802	0.00550208792587	0.001164937183	8.96105525387e-06	0.00815456028102	0	0.000869222359625	0.000134415828808	0.00549312687062	7.16884420309e-05	0	4.48052762693e-06	0.00836066455186	0.00215513378855	0.00227610803448	0.0018459773823	0.0412701399717	0	2.24026381347e-05	0.000134415828808	0.00954352384537	0.00236123805939	0.00353513629765	0	1.34415828808e-05	0.0016801978601	0.00211928956754	0	0	0	0	0.000658637561159	0	8.96105525387e-06	0.000273312185243	8.96105525387e-06	0.000797533917594	4.03247486424e-05	0	5.37663315232e-05	0	0	4.48052762693e-06	1.34415828808e-05	0	0	0	4.92858038963e-05	8.96105525387e-06	4.48052762693e-05	4.48052762693e-06	0.000981235550298	0	0	0	0.000398766958797	0	4.48052762693e-06	0	0	0	4.48052762693e-06	0.000636234923025	3.58442210155e-05	0.000506299621843	0.000197143215585	0.00039428643117	2.68831657616e-05	4.48052762693e-06	3.13636933885e-05	8.96105525387e-06	4.48052762693e-06	0	1.79221105077e-05	0	0
0	0.00241500439092	4.03247486424e-05	0	0	0	0	0	0	0	0	0.00461494345574	0	0.00871462623439	8.96105525387e-06	0	0	0.000165779522197	0.000300195351005	0.000524221732351	0	8.96105525387e-06	0	4.03247486424e-05	0	0.0157400935534	0.00396526694984	0.00595014068857	0	2.24026381347e-05	0	0.000748248113698	0	4.48052762693e-06	0.000564546480994	0	0.000358442210155	8.96105525387e-06	0	0	0	0	0	0	0	0	0.000690001254548	0	0.000134415828808	0	0	8.96105525387e-06	5.37663315232e-05	3.13636933885e-05	0.000129935301181	0	0	4.48052762693e-06	8.96105525387e-06	0	0.000914027635894	0.000304675878631	0.000331559044393	0	0	0	0	0	0	0.000206104270839	3.13636933885e-05	0.000340520099647	0.000224026381347	6.27273867771e-05	0	8.96105525387e-06	0.000125454773554	1.34415828808e-05	0.000922988691148	0.000197143215585	3.13636933885e-05	0	0	0.000188182160331
8.96105525387e-06	0.00664462247074	0.00977203075434	0	0	0	8.96105525387e-06	1.79221105077e-05	3.58442210155e-05	4.48052762693e-06	4.48052762693e-06	0.00848611932541	1.34415828808e-05	0.00557377636791	7.16884420309e-05	0	8.96105525387e-05	0.011985411402	0.00327078516766	0.0119764503468	4.48052762693e-06	0.000367403265409	0.000443572235066	0.00259870602362	2.24026381347e-05	0.00396526694984	0.0656531713175	0.027850959729	4.92858038963e-05	0.000179221105077	0.000224026381347	0.00200727637687	4.48052762693e-06	6.7207914404e-05	0.00806046920085	0	0.000958832912164	6.27273867771e-05	0	0	0	0	0	4.48052762693e-06	8.96105525387e-06	0	0.000237467964227	0	4.03247486424e-05	4.48052762693e-06	0	4.92858038963e-05	6.7207914404e-05	2.24026381347e-05	9.40910801656e-05	0	2.68831657616e-05	0.000206104270839	6.7207914404e-05	4.48052762693e-06	0.000304675878631	0.000179221105077	0.000398766958797	4.48052762693e-06	4.48052762693e-06	8.96105525387e-06	0	0	0	0.000165779522197	0.00200279584924	0.00315429144936	0.00408624119576	0.00200727637687	6.7207914404e-05	0.000255390074735	0.000147857411689	5.37663315232e-05	0.000380844848289	0.0001164937183	2.24026381347e-05	4.48052762693e-06	0	4.48052762693e-05
3.13636933885e-05	0.0103679409287	0.0169722386508	0	4.48052762693e-06	1.34415828808e-05	0	4.03247486424e-05	1.79221105077e-05	8.96105525387e-05	0	0.00360234421205	4.48052762693e-06	0.00707475312293	4.03247486424e-05	0	0.00241948491854	0.00494202197251	0.000425650124559	0.0035261752424	4.48052762693e-06	0.00100811871606	0.00397422800509	0.00913131530369	0.000134415828808	0.00595014068857	0.027850959729	0.0763123465419	0.000192662687958	0.000147857411689	0.000353961682528	0.00235227700414	4.48052762693e-06	0.0001164937183	0.00520189257487	4.48052762693e-06	0.000990196605552	0.0001164937183	0	0	0	0	2.24026381347e-05	0	5.37663315232e-05	0	0.000228506908974	0	5.82468591501e-05	0	0	0.000138896356435	9.85716077925e-05	1.79221105077e-05	9.40910801656e-05	0	4.48052762693e-05	0.000470455400828	0.000125454773554	1.79221105077e-05	0.000353961682528	0.00017474057745	0.000492858038963	2.24026381347e-05	0	1.79221105077e-05	0	0	0	0.000156818466943	0.00153234044841	0.00171604208112	0.00308708353496	0.00140240514723	8.06494972848e-05	0.000210584798466	8.96105525387e-05	7.16884420309e-05	0.000398766958797	8.06494972848e-05	2.24026381347e-05	1.79221105077e-05	0	4.48052762693e-05
0.00101707977131	3.58442210155e-05	0.000506299621843	0	0.00262558918938	4.48052762693e-06	0.000591429646755	0.00740183163969	0.000389805903543	0.00103500188182	0.00131279459469	1.34415828808e-05	0.000945391329283	0	0.000573507536247	1.79221105077e-05	0.00275104396294	0.000183701632704	0	1.79221105077e-05	0.00269727763141	0.0059725433267	0.00124110615266	0.00410416330627	0.00954352384537	0	4.92858038963e-05	0.000192662687958	0.0318431098446	0.00256286180261	0.00823072925068	0	4.48052762693e-06	0.00212377009517	0.00255390074735	4.48052762693e-06	0	0	0	8.06494972848e-05	0	0	0.000134415828808	4.48052762693e-06	0.000560065953367	4.92858038963e-05	0	3.13636933885e-05	0	4.48052762693e-06	0	4.48052762693e-06	0	0	0	1.34415828808e-05	0	3.13636933885e-05	0	0.000385325375916	0	0	0	0.000147857411689	0	1.34415828808e-05	0	0	0	0	0.000649676505905	7.16884420309e-05	0.000681040199294	0.000282273240497	0.000183701632704	4.92858038963e-05	0	4.48052762693e-06	0	0	0	4.48052762693e-06	0	0
0.00932845851928	1.34415828808e-05	0.000488377511336	0	0.000519741204724	0.000327078516766	0.00357546104629	0.00329766833342	0.0103724214564	0.000645195978278	0.000273312185243	0.00049733856659	0.00129487248418	3.58442210155e-05	0.0232360162733	0.000188182160331	0.000488377511336	0.000327078516766	1.34415828808e-05	0.000125454773554	0.000976755022671	0.00572611430722	0.000586949119128	0.00419377385881	0.00236123805939	2.24026381347e-05	0.000179221105077	0.000147857411689	0.00256286180261	0.0563739986021	0.0126037242146	4.48052762693e-06	0.00378156531713	0.0163628868936	0.0206865960536	4.48052762693e-06	4.48052762693e-06	0	0	3.58442210155e-05	0	4.48052762693e-06	6.27273867771e-05	0	0.000367403265409	1.34415828808e-05	0	1.79221105077e-05	0	0	0	1.79221105077e-05	0	0	0	8.96105525387e-06	4.48052762693e-06	5.37663315232e-05	4.48052762693e-06	0.000228506908974	0	4.48052762693e-06	4.48052762693e-06	7.16884420309e-05	0	8.96105525387e-06	0	0	0	0	0.00221786117533	0.000295714823378	0.00638027134075	0.00233883542126	0.000797533917594	0.000407728014051	6.27273867771e-05	3.58442210155e-05	4.48052762693e-06	0	0	8.96105525387e-06	4.48052762693e-06	0
0.0039428643117	5.37663315232e-05	0.0016801978601	0	0.000313636933885	8.96105525387e-06	0.00051078014947	0.00567682850332	0.00107532663046	0.00130383353944	0.0001164937183	4.48052762693e-05	0.000389805903543	0	0.00240604333566	5.37663315232e-05	0.0016309120562	0.000757209168952	0	6.7207914404e-05	0.000434611179813	0.0125409968278	0.00168915891535	0.0082352097783	0.00353513629765	0	0.000224026381347	0.000353961682528	0.00823072925068	0.0126037242146	0.0380038353316	0	2.68831657616e-05	0.0113357348961	0.0100722261053	8.96105525387e-06	8.96105525387e-06	4.48052762693e-06	0	5.82468591501e-05	0	4.48052762693e-06	0.000156818466943	4.48052762693e-06	0.000797533917594	3.58442210155e-05	0	3.13636933885e-05	0	4.48052762693e-06	0	3.13636933885e-05	4.48052762693e-06	0	4.48052762693e-06	1.79221105077e-05	0	0.000120974245927	4.48052762693e-06	0.00045253329032	0	0	4.48052762693e-06	0.000183701632704	4.48052762693e-06	1.34415828808e-05	0	0	0	4.48052762693e-06	0.00175188630213	0.000241948491854	0.00267935552091	0.00106636557521	0.000353961682528	0.000165779522197	2.68831657616e-05	2.68831657616e-05	4.48052762693e-06	0	0	1.79221105077e-05	0	0
0	5.37663315232e-05	4.48052762693e-06	0	0	0	0	0	0	0	0	0.00204760112551	0	0.00425202071796	4.48052762693e-06	0	0	0	7.61689696579e-05	7.61689696579e-05	0	0	0	0	0	0.000748248113698	0.00200727637687	0.00235227700414	0	4.48052762693e-06	0	0.00517500940911	0	0	9.40910801656e-05	0	8.96105525387e-06	0	0	0	0	0	0	0	0	0	2.68831657616e-05	0	4.48052762693e-06	0	0	0	4.48052762693e-06	4.48052762693e-06	8.96105525387e-06	0	0	0	0	0	2.68831657616e-05	2.68831657616e-05	1.79221105077e-05	0	0	0	8.96105525387e-06	0	0	1.79221105077e-05	8.96105525387e-06	6.7207914404e-05	3.13636933885e-05	8.96105525387e-06	0	4.48052762693e-06	4.48052762693e-06	0	4.92858038963e-05	0	0	0	0	0
1.34415828808e-05	0	4.48052762693e-06	0	4.48052762693e-06	0.000685520726921	0.000967793967418	8.96105525387e-06	0.0014472104235	4.48052762693e-06	0	3.58442210155e-05	0	0	0.00284065451548	4.48052762693e-06	0	4.48052762693e-06	4.48052762693e-06	4.48052762693e-06	0	4.48052762693e-06	0	4.48052762693e-06	1.34415828808e-05	0	4.48052762693e-06	4.48052762693e-06	4.48052762693e-06	0.00378156531713	2.68831657616e-05	0	0.00638923239601	3.58442210155e-05	0.00183253579942	0	0	0	0	0	0	0	0	0	0	0	0	0	0	0	0	0	0	0	0	0	4.48052762693e-06	0	0	0	0	0	0	0	0	4.48052762693e-06	0	0	0	0	2.24026381347e-05	8.96105525387e-06	0.000210584798466	8.06494972848e-05	8.96105525387e-06	5.37663315232e-05	8.96105525387e-06	8.96105525387e-06	0	0	0	8.96105525387e-06	4.48052762693e-06	0
0.00443572235066	1.34415828808e-05	0.00055558542574	0	0.000255390074735	1.34415828808e-05	0.00073032600319	0.00173844471925	0.00151889886553	0.000707923365055	0.000103052135419	7.61689696579e-05	0.000474935928455	4.48052762693e-06	0.00363370790544	4.48052762693e-05	0.000640715450651	0.00027779271287	4.48052762693e-06	1.79221105077e-05	0.000412208541678	0.00540799684571	0.000793053389967	0.00374124056849	0.0016801978601	4.48052762693e-06	6.7207914404e-05	0.0001164937183	0.00212377009517	0.0163628868936	0.0113357348961	0	3.58442210155e-05	0.0225146513253	0.0131772317508	8.96105525387e-06	0	0	0	3.13636933885e-05	0	0	6.7207914404e-05	4.48052762693e-06	0.000385325375916	1.34415828808e-05	0	4.48052762693e-06	0	4.48052762693e-06	0	1.79221105077e-05	0	0	0	1.34415828808e-05	0	6.7207914404e-05	4.48052762693e-06	0.000232987436601	0	0	0	7.61689696579e-05	0	8.96105525387e-06	0	0	0	0	0.00205656218076	0.000183701632704	0.00400111117085	0.00148305464451	0.000331559044393	0.00017474057745	3.58442210155e-05	2.68831657616e-05	0	0	0	4.48052762693e-06	0	0
0.00307364195208	0.00127246984605	0.00832930085847	0	0.000206104270839	0.000322597989139	0.00190422424145	0.00165779522197	0.0041758517483	0.00103052135419	8.96105525387e-05	0.0067207914404	0.000569027008621	0.000887144470133	0.0083517034966	9.85716077925e-05	0.00143376884062	0.0113760596448	0.000273312185243	0.00612488126602	0.000416689069305	0.00674767460616	0.00197143215585	0.0145975590085	0.00211928956754	0.000564546480994	0.00806046920085	0.00520189257487	0.00255390074735	0.0206865960536	0.0100722261053	9.40910801656e-05	0.00183253579942	0.0131772317508	0.0687985017116	4.48052762693e-06	0.000138896356435	8.96105525387e-06	0	4.92858038963e-05	0	1.34415828808e-05	0.0001164937183	2.24026381347e-05	0.000595910174382	3.13636933885e-05	1.79221105077e-05	8.96105525387e-06	8.96105525387e-06	8.96105525387e-06	0	6.27273867771e-05	4.48052762693e-06	0	8.96105525387e-06	1.34415828808e-05	8.96105525387e-06	0.000215065326093	2.24026381347e-05	0.000371883793035	4.48052762693e-05	3.58442210155e-05	2.68831657616e-05	0.000120974245927	4.48052762693e-06	2.24026381347e-05	0	0	0	3.58442210155e-05	0.0124289836371	0.0064385181999	0.0286395325914	0.0132085954442	0.00131279459469	0.00199383479399	0.000766170224206	0.000232987436601	7.16884420309e-05	5.82468591501e-05	3.13636933885e-05	4.92858038963e-05	8.96105525387e-06	4.48052762693e-06
0	0	4.48052762693e-06	0	0	0	0	0	0	8.96105525387e-06	0	0	0	0	0	0	0	0	0	0	0	0	0	0	0	0	0	4.48052762693e-06	4.48052762693e-06	4.48052762693e-06	8.96105525387e-06	0	0	8.96105525387e-06	4.48052762693e-06	0.00848611932541	0	8.96105525387e-06	0	5.37663315232e-05	0	0.000376364320662	0.00334247360969	0.000600390702009	0.000206104270839	0.00061383228489	4.48052762693e-06	0.000232987436601	0	0.0034096815241	7.16884420309e-05	4.92858038963e-05	8.96105525387e-06	0	4.48052762693e-06	4.92858038963e-05	3.13636933885e-05	3.13636933885e-05	1.34415828808e-05	0.000448052762693	0	0	8.96105525387e-06	0.000421169596932	0.00268831657616	0.000353961682528	0	0	0.000103052135419	7.16884420309e-05	0	0	4.48052762693e-06	4.48052762693e-06	4.48052762693e-06	0	0	0.000349481154901	1.79221105077e-05	7.61689696579e-05	5.82468591501e-05	0.00067207914404	4.48052762693e-06	0
0	0.00204312059788	0.000241948491854	0	0	0	0	0	0	0	0	8.96105525387e-05	0	9.40910801656e-05	0	0	4.48052762693e-06	0.00017474057745	1.79221105077e-05	0.000165779522197	0	4.48052762693e-06	8.06494972848e-05	4.03247486424e-05	0	0.000358442210155	0.000958832912164	0.000990196605552	0	4.48052762693e-06	8.96105525387e-06	8.96105525387e-06	0	0	0.000138896356435	0	0.0146289227019	0.000945391329283	0	0	0	8.96105525387e-06	2.24026381347e-05	8.96105525387e-06	1.34415828808e-05	4.48052762693e-06	0.000448052762693	0	2.68831657616e-05	4.48052762693e-06	0	0.000389805903543	0.000985716077925	7.61689696579e-05	0.000465974873201	0	0.000237467964227	0.00225818592397	0.000685520726921	1.34415828808e-05	0.00115149560012	0.00169363944298	0.00873254834489	2.68831657616e-05	4.48052762693e-06	9.40910801656e-05	0	0	0	0.000927469218775	2.24026381347e-05	4.92858038963e-05	7.61689696579e-05	2.24026381347e-05	8.96105525387e-06	8.96105525387e-06	0	0.00039428643117	0.00128591142893	0.000569027008621	0.000147857411689	1.79221105077e-05	1.34415828808e-05	2.24026381347e-05
0	0.000152337939316	3.58442210155e-05	0	0	0	0	0	0	0	0	0	0	0	0	0	0	1.79221105077e-05	0	0	0	4.48052762693e-06	2.24026381347e-05	1.34415828808e-05	0	8.96105525387e-06	6.27273867771e-05	0.0001164937183	0	0	4.48052762693e-06	0	0	0	8.96105525387e-06	8.96105525387e-06	0.000945391329283	0.0167526927971	0	0	0	8.96105525387e-06	0.000179221105077	8.96105525387e-06	7.16884420309e-05	4.48052762693e-06	6.7207914404e-05	0	8.96105525387e-06	1.34415828808e-05	8.96105525387e-06	0.00114253454487	0.00310052511784	0	9.40910801656e-05	0	0.00124110615266	0.000985716077925	0.00649228453143	4.48052762693e-05	3.13636933885e-05	0.0019624711006	0.0042923454666	0.000188182160331	1.34415828808e-05	0.000690001254548	0	0	1.79221105077e-05	0.00137104145384	8.96105525387e-06	4.48052762693e-06	0	0	0	0	0	0.00107084610284	0.00143824936825	0.000752728641325	0.000291234295751	5.37663315232e-05	3.58442210155e-05	4.03247486424e-05
0	0	0	0	0	0	0	0	0	0	0	0	0	0	0	0	0	0	0	0	0	0	0	0	0	0	0	0	0	0	0	0	0	0	0	0	0	0	0	0	0	0	0	0	0	0	0	0	0	0	0	0	0	0	0	0	0	0	0	0	0	0	0	0	0	0	0	0	0	0	0	0	0	0	0	0	0	0	0	0	0	0	0	0
0	0	1.34415828808e-05	0	0.00216857537144	0	0	2.24026381347e-05	0	0.000170260049823	0.000237467964227	0	7.16884420309e-05	0	0	0	4.03247486424e-05	4.48052762693e-06	0	0	2.68831657616e-05	2.24026381347e-05	8.51300249117e-05	5.82468591501e-05	0.000658637561159	0	0	0	8.06494972848e-05	3.58442210155e-05	5.82468591501e-05	0	0	3.13636933885e-05	4.92858038963e-05	5.37663315232e-05	0	0	0	0.0209733498217	0	0.000371883793035	0.00333351255444	0.000201623743212	0.00246429019481	0.00707923365055	4.48052762693e-06	0.00207448429127	0	0.000170260049823	1.79221105077e-05	6.7207914404e-05	0	0	4.48052762693e-06	0.00626825815008	3.13636933885e-05	0.000120974245927	2.24026381347e-05	0.0118241124075	0	0	0	0.00757657221714	8.96105525387e-06	6.7207914404e-05	0	0	8.96105525387e-06	3.58442210155e-05	0.000143376884062	0	2.68831657616e-05	1.34415828808e-05	1.34415828808e-05	4.48052762693e-06	0	0.000165779522197	2.24026381347e-05	3.58442210155e-05	8.96105525387e-06	0.000170260049823	0	0
0	0	0	0	0	0	0	0	0	0	0	0	0	0	0	0	0	0	0	0	0	0	0	0	0	0	0	0	0	0	0	0	0	0	0	0	0	0	0	0	0.00245084861193	0.00136656092621	1.34415828808e-05	0.000367403265409	4.48052762693e-06	8.96105525387e-06	4.48052762693e-06	1.34415828808e-05	0	4.48052762693e-05	0.000465974873201	0	4.48052762693e-06	0	0	0	0	0	4.48052762693e-06	4.48052762693e-06	0	4.48052762693e-06	0	0	2.24026381347e-05	0	0	6.27273867771e-05	0	1.79221105077e-05	0	0	0	0	0	0	0	1.34415828808e-05	4.48052762693e-06	3.13636933885e-05	1.79221105077e-05	0.000931949746402	0.000389805903543	0
0	0	0	0	0.000129935301181	0	0	0	0	2.24026381347e-05	0.000107532663046	0	1.34415828808e-05	0	0	0	4.48052762693e-06	4.48052762693e-06	0	0	0	0	4.48052762693e-06	4.48052762693e-06	8.96105525387e-06	0	0	0	0	4.48052762693e-06	4.48052762693e-06	0	0	0	1.34415828808e-05	0.000376364320662	8.96105525387e-06	8.96105525387e-06	0	0.000371883793035	0.00136656092621	0.0439226123268	0.00269727763141	0.0191990608814	0.000560065953367	0.0151217807409	7.16884420309e-05	0.00714196103733	0	0.00422961807983	0.00270175815904	6.7207914404e-05	1.34415828808e-05	0	1.34415828808e-05	0.001729483664	2.68831657616e-05	5.82468591501e-05	3.58442210155e-05	0.00105292399233	0	8.96105525387e-06	4.48052762693e-06	0.000797533917594	0.00157714572468	8.06494972848e-05	0	0.000246429019481	1.34415828808e-05	0.000331559044393	1.79221105077e-05	0	8.96105525387e-06	4.48052762693e-06	8.96105525387e-06	0	0	0.00106188504758	0.000147857411689	0.00138448303672	0.000600390702009	0.00806494972848	0.00109324874097	2.24026381347e-05
3.13636933885e-05	4.48052762693e-06	1.79221105077e-05	0	8.96105525387e-05	0	4.48052762693e-06	4.03247486424e-05	4.48052762693e-06	0.000416689069305	2.68831657616e-05	0	1.34415828808e-05	0	8.96105525387e-06	0	6.7207914404e-05	8.96105525387e-06	0	0	4.48052762693e-06	3.58442210155e-05	0.000282273240497	7.16884420309e-05	0.000273312185243	0	0	2.24026381347e-05	0.000134415828808	6.27273867771e-05	0.000156818466943	0	0	6.7207914404e-05	0.0001164937183	0.00334247360969	2.24026381347e-05	0.000179221105077	0	0.00333351255444	1.34415828808e-05	0.00269727763141	0.0656800544832	0.00414000752729	0.00410416330627	0.0135177518505	2.24026381347e-05	0.00240156280804	8.96105525387e-06	0.00525565890639	0.000210584798466	0.00218649748194	4.48052762693e-05	0	0	0.0012142229869	0.00158162625231	0.00148305464451	0.00117837876588	0.0130921017259	0	8.96105525387e-06	0.000129935301181	0.0241590049644	0.000703442837429	0.00884008100794	0	0	0.00016129899457	0.00160402889044	0.000125454773554	4.48052762693e-06	3.58442210155e-05	2.24026381347e-05	4.03247486424e-05	4.48052762693e-06	0	0.00341864257935	0.000864741831998	0.00078857286234	0.000443572235066	0.00254045916447	8.51300249117e-05	1.79221105077e-05
