0.0266524483104	7.31827163333e-05	0.00023697260527	0	1.74244562698e-05	0	0.000616825751952	0.0153892797775	0.00532839872732	6.96978250794e-06	0.00634250208222	0.00161350465059	0.00269730583057	1.74244562698e-05	0.014531996529	1.04546737619e-05	0.000317125104111	0.000480914993048	2.78791300317e-05	0.0027251849606	0.000550612818127	0.000756221402111	2.78791300317e-05	0.000665614229508	0.00108031628873	0	0.000683038685778	0.000892132161016	0.00425853711235	0.00887950291511	0.00476036145292	0	0	0.000303185539095	0.00379156168432	1.74244562698e-05	0.000111516520127	1.39395650159e-05	0	0	0	3.48489125397e-06	0	0	6.96978250794e-06	0	1.74244562698e-05	3.48489125397e-06	6.96978250794e-06	1.39395650159e-05	3.48489125397e-06	0	6.96978250794e-05	1.39395650159e-05	5.22733688095e-05	3.48489125397e-06	1.74244562698e-05	6.96978250794e-06	2.78791300317e-05	0	3.48489125397e-06	4.18186950476e-05	5.57582600635e-05	0	1.74244562698e-05	2.78791300317e-05	0	0	0	9.75769551111e-05	0.00208396496987	0.000153335215175	0.00515066927337	0.000801524988413	0.000125456085143	1.04546737619e-05	0	3.48489125397e-05	3.48489125397e-06	7.31827163333e-05	3.13640212857e-05	6.96978250794e-06	0	0
7.31827163333e-05	0.013131070245	0.00179820388705	0	0.000526218579349	0	0	8.01524988413e-05	3.48489125397e-06	0.00301094604343	0	0	0.000745766728349	8.01524988413e-05	7.31827163333e-05	0	0.00086076813973	0.000463490536778	0	3.48489125397e-06	0.000714402707064	5.57582600635e-05	0.00657250490498	0.000533188361857	0.00190623551592	0.000125456085143	0.00133122845902	0.00913389997665	0.000115001411381	0	2.43942387778e-05	0	0	0	0.000365913581667	3.83338037937e-05	0.00383338037937	6.96978250794e-05	0	0	0	0	0	2.09093475238e-05	6.96978250794e-06	0	3.48489125397e-06	0	3.13640212857e-05	1.74244562698e-05	0	0	0.00025439706154	2.09093475238e-05	0.000243942387778	0	1.74244562698e-05	6.96978250794e-06	5.92431513175e-05	0	0.000296215756587	0.000383338037937	0.00308761365102	0	3.48489125397e-06	3.48489125397e-05	0	0	1.04546737619e-05	0.000264851735302	0.000630765316968	6.27280425714e-05	0.000317125104111	2.09093475238e-05	0	0	0	4.18186950476e-05	3.48489125397e-06	0.000247427279032	0.000181214345206	6.96978250794e-06	0	0
0.00023697260527	0.00179820388705	0.0265827504853	0	0.000118486302635	0	4.18186950476e-05	0.00111516520127	0.000188184127714	0.000446066080508	6.96978250794e-06	0	0.000101061846365	0	0.000505309231825	0	6.96978250794e-05	0.00138350182783	3.48489125397e-06	2.09093475238e-05	0.000111516520127	0.00040424738546	0.00146016943541	0.00878889574251	0.00042167184173	0	0.00845783107338	0.0126327307956	0.000362428690413	1.39395650159e-05	0.00109077096249	0	0	0	4.18186950476e-05	0.000108031628873	0.000909556617286	5.22733688095e-05	0	3.48489125397e-06	0	3.48489125397e-06	0	3.48489125397e-06	1.04546737619e-05	0	5.22733688095e-05	3.48489125397e-06	3.48489125397e-06	8.01524988413e-05	3.48489125397e-06	1.04546737619e-05	0.000331064669127	5.57582600635e-05	0.00049136966681	3.48489125397e-06	0.000149850323921	6.62129338254e-05	0.000257881952794	2.78791300317e-05	0	0.000864253030984	0.000428641624238	6.96978250794e-06	0.000101061846365	0.000160304997683	0	0	1.04546737619e-05	0.000306670430349	0.000418186950476	1.39395650159e-05	0.000331064669127	4.53035863016e-05	1.39395650159e-05	0	0	0.00121971193889	3.48489125397e-05	0.000442581189254	0.000289245974079	1.04546737619e-05	1.04546737619e-05	0
0	0	0	0	0	0	0	0	0	0	0	0	0	0	0	0	0	0	0	0	0	0	0	0	0	0	0	0	0	0	0	0	0	0	0	0	0	0	0	0	0	0	0	0	0	0	0	0	0	0	0	0	0	0	0	0	0	0	0	0	0	0	0	0	0	0	0	0	0	0	0	0	0	0	0	0	0	0	0	0	0	0	0	0
1.74244562698e-05	0.000526218579349	0.000118486302635	0	0.0191215983105	0	2.43942387778e-05	0.00142183563162	0.000153335215175	0.00589295111046	0.00147410900043	0.000139395650159	0.0040877774409	0	0	0.000554097709381	0	4.18186950476e-05	0	0.000216063257746	0.00765630608497	3.48489125397e-06	0.000679553794524	4.18186950476e-05	0.0101480033316	0	1.04546737619e-05	0.000505309231825	0.00565249361394	0.000163789888937	5.22733688095e-05	0	0	0	0.000275306409064	0	1.39395650159e-05	0	0	0.00327231288748	0	3.83338037937e-05	0	3.48489125397e-06	0.00209093475238	0.000188184127714	2.43942387778e-05	0.00049136966681	1.74244562698e-05	1.04546737619e-05	6.96978250794e-05	6.96978250794e-06	3.48489125397e-06	3.48489125397e-06	3.48489125397e-06	0.00084334368346	3.48489125397e-06	0.000108031628873	0	0.00387868396567	6.96978250794e-06	6.96978250794e-06	1.39395650159e-05	0.00111168031002	4.87884775556e-05	3.48489125397e-06	0	3.48489125397e-06	3.48489125397e-06	0.000104546737619	0.000522733688095	2.43942387778e-05	0.000257881952794	0	0.000749251619603	0	0	6.96978250794e-06	0	7.66676075873e-05	1.39395650159e-05	2.43942387778e-05	1.39395650159e-05	0
0	0	0	0	0	0.000533188361857	0.000334549560381	0	6.96978250794e-06	0	0	0	0	0	0	0.000146365432667	0	0	0	0	0	0	0	0	0	0	0	0	0	0	0	0	3.13640212857e-05	0	9.06071726032e-05	0	0	0	0	0	0	0	0	0	0	0	0	0	0	0	0	0	0	0	0	0	0	0	0	0	0	0	0	0	0	0	0	0	0	0	3.48489125397e-06	0	6.96978250794e-06	0	0.000257881952794	0.000219548149	0	0	0	0	0	0	0	0
0.000616825751952	0	4.18186950476e-05	0	2.43942387778e-05	0.000334549560381	0.0356364979631	0.00569431230898	0.0153509459737	4.18186950476e-05	0.0143194181626	0.000292730865333	0.00275654898189	0	0.00371140918548	0.00243245409527	8.36373900952e-05	6.96978250794e-05	3.48489125397e-06	0.000439096298	0.000818949444683	0.000198638801476	0	0.000108031628873	0.000219548149	0	5.57582600635e-05	9.75769551111e-05	0.00254048572414	0.00149850323921	0.000700463142048	0	4.18186950476e-05	2.78791300317e-05	0.00127895509021	0	1.04546737619e-05	3.48489125397e-06	0	3.48489125397e-06	0	0	0	6.96978250794e-06	0	3.48489125397e-06	1.39395650159e-05	3.48489125397e-06	0	1.39395650159e-05	3.48489125397e-06	0	3.48489125397e-06	1.04546737619e-05	1.39395650159e-05	3.48489125397e-06	0	1.74244562698e-05	3.48489125397e-06	2.43942387778e-05	0	1.39395650159e-05	6.96978250794e-06	6.96978250794e-06	2.43942387778e-05	0	0	0	6.96978250794e-06	7.31827163333e-05	0.00139744139284	9.75769551111e-05	0.00519597285967	0.0023697260527	0.00285761082825	0.00133471335027	6.96978250794e-06	1.39395650159e-05	6.96978250794e-06	6.96978250794e-05	2.43942387778e-05	1.04546737619e-05	0	0
0.0153892797775	8.01524988413e-05	0.00111516520127	0	0.00142183563162	0	0.00569431230898	0.0876450150373	0.0132181925263	0.00206305562235	0.0242722675839	0.000365913581667	0.000547127926873	6.96978250794e-06	0.0195153910222	0.000453035863016	0.000470460319286	0.00188184127714	1.74244562698e-05	0.002415029639	0.000690008468286	0.00365216603416	8.36373900952e-05	0.00365565092541	0.00672235522891	0	0.00180865856081	0.00187835638589	0.036444992734	0.00906420215157	0.0167483873666	0	0	0.000435611406746	0.00487884775556	2.09093475238e-05	0.000153335215175	2.09093475238e-05	0	0.00335943516883	0	1.74244562698e-05	3.48489125397e-06	9.06071726032e-05	0.00135562269779	0.000407732276714	0.000581976839413	0.000756221402111	7.31827163333e-05	0.000170759671444	0.000174244562698	4.18186950476e-05	9.75769551111e-05	0.000261366844048	0.000177729453952	0.00124410617767	7.66676075873e-05	0.000230002822762	4.18186950476e-05	0.00508097144829	1.74244562698e-05	0.000135910758905	0.000101061846365	0.00166229312814	0.000230002822762	3.48489125397e-05	3.48489125397e-06	5.57582600635e-05	3.48489125397e-06	0.00115698389632	0.00954860203587	0.000916526399794	0.0102630047429	0.00260669865797	0.00108380117998	4.53035863016e-05	0	0.000665614229508	1.74244562698e-05	0.000815464553429	0.000118486302635	4.53035863016e-05	0.000135910758905	5.57582600635e-05
0.00532839872732	3.48489125397e-06	0.000188184127714	0	0.000153335215175	6.96978250794e-06	0.0153509459737	0.0132181925263	0.0413900534234	3.83338037937e-05	0.0196164528686	0.00395883646451	0.00472899743164	0.000135910758905	0.0169818750806	0.000233487714016	9.40920638571e-05	8.71222813492e-05	0.000261366844048	0.00385080483564	0.00160304997683	0.000282276191571	0	0.000376368255429	0.000585461730667	0	0.000683038685778	0.000379853146683	0.00505657720951	0.00382641059686	0.00117440835259	0	0	3.48489125397e-05	0.0082069189031	0	3.48489125397e-05	6.96978250794e-06	0	3.48489125397e-06	0	6.96978250794e-06	0	1.74244562698e-05	3.48489125397e-06	3.48489125397e-06	4.87884775556e-05	6.96978250794e-06	1.39395650159e-05	4.18186950476e-05	1.04546737619e-05	0	0	2.78791300317e-05	2.43942387778e-05	3.48489125397e-06	0	1.04546737619e-05	3.48489125397e-06	6.96978250794e-06	1.04546737619e-05	3.48489125397e-05	1.74244562698e-05	6.96978250794e-06	5.57582600635e-05	0	0	0	0	0.000125456085143	0.00148456367419	0.000463490536778	0.0125943969918	0.00259972887546	0.000599401295683	6.27280425714e-05	0	1.74244562698e-05	0	8.01524988413e-05	1.04546737619e-05	4.53035863016e-05	0	0
6.96978250794e-06	0.00301094604343	0.000446066080508	0	0.00589295111046	0	4.18186950476e-05	0.00206305562235	3.83338037937e-05	0.0261157750572	0.000972284659857	6.96978250794e-06	0.00490324199433	8.01524988413e-05	3.48489125397e-05	0.00169714204068	5.22733688095e-05	5.57582600635e-05	0	3.13640212857e-05	0.00347095168895	1.39395650159e-05	0.00548173394249	0.000219548149	0.0175603670287	7.31827163333e-05	0.000226517931508	0.00280533745944	0.00875404682997	0.000101061846365	0.000118486302635	0	0	0	0.000153335215175	0	9.40920638571e-05	0	0	0.00141835074037	0	1.74244562698e-05	0	6.96978250794e-06	0.0058824964367	4.87884775556e-05	0.000181214345206	0.000216063257746	9.75769551111e-05	0.00018469923646	7.31827163333e-05	0.000365913581667	4.18186950476e-05	9.75769551111e-05	8.36373900952e-05	0.000223033040254	0.000230002822762	0.00401459472457	0.000142880541413	0.00616477262827	1.74244562698e-05	6.62129338254e-05	0.000149850323921	0.000902586834778	0.000369398472921	0.000223033040254	3.48489125397e-06	0	0.000351974016651	0.0013625924803	0.00189578084216	6.27280425714e-05	0.000135910758905	1.04546737619e-05	0.0025439706154	0	0	0.00116046878757	8.36373900952e-05	0.00187138660338	0.00149850323921	0.00108380117998	0.000327579777873	0
0.00634250208222	0	6.96978250794e-06	0	0.00147410900043	0	0.0143194181626	0.0242722675839	0.0196164528686	0.000972284659857	0.0600446763059	0.0025439706154	0.00695235805167	1.74244562698e-05	0.012953340791	0.000324094886619	4.18186950476e-05	0.00120577237387	0.000128940976397	0.00598355828306	0.00490324199433	3.83338037937e-05	1.04546737619e-05	9.75769551111e-05	0.00103152781117	0	0.0011813781351	0.000268336626556	0.00920011291048	0.00517506351214	0.000243942387778	0	0	1.04546737619e-05	0.00918965823671	0	0.000108031628873	0	0	0.00151941258673	0	3.48489125397e-06	3.48489125397e-06	4.87884775556e-05	0.000616825751952	0.000285761082825	2.78791300317e-05	0.000731827163333	0	7.31827163333e-05	1.74244562698e-05	6.96978250794e-06	6.96978250794e-06	2.78791300317e-05	7.31827163333e-05	0.000801524988413	2.09093475238e-05	4.18186950476e-05	1.39395650159e-05	0.0017110816057	1.39395650159e-05	0.000128940976397	4.18186950476e-05	0.000390307820444	8.36373900952e-05	6.96978250794e-06	0	2.09093475238e-05	3.48489125397e-06	0.000212578366492	0.00296215756587	0.00038682292919	0.0122319683014	0.00104546737619	0.00105940694121	0	0	9.40920638571e-05	3.48489125397e-06	0.00027182151781	9.40920638571e-05	1.74244562698e-05	5.92431513175e-05	3.13640212857e-05
0.00161350465059	0	0	0	0.000139395650159	0	0.000292730865333	0.000365913581667	0.00395883646451	6.96978250794e-06	0.0025439706154	0.026962603632	0.00193759953721	0.00243245409527	0.00662477827379	1.74244562698e-05	2.43942387778e-05	1.74244562698e-05	0.00298655180465	0.00875056193871	0.000581976839413	6.96978250794e-06	0	5.92431513175e-05	0.000132425867651	0.00102107313741	0.00467672406283	9.06071726032e-05	0.000268336626556	0.00551658285503	1.39395650159e-05	0.000230002822762	1.04546737619e-05	0	0.0118625698285	0	3.48489125397e-05	2.43942387778e-05	0	0	0	6.27280425714e-05	0	6.27280425714e-05	6.96978250794e-06	0	0.000494854558064	1.04546737619e-05	0.00208396496987	0.000104546737619	6.96978250794e-05	3.48489125397e-06	1.04546737619e-05	2.09093475238e-05	1.04546737619e-05	1.04546737619e-05	3.48489125397e-06	1.04546737619e-05	3.48489125397e-06	1.04546737619e-05	0.000181214345206	0.000149850323921	0.000648189773238	3.48489125397e-06	0.000111516520127	0	8.01524988413e-05	0	0	0.000310155321603	0.00129637954648	0.0045652075427	0.0130439479636	0.000345004234143	4.87884775556e-05	6.96978250794e-06	0.000104546737619	5.57582600635e-05	0.000690008468286	0.000170759671444	8.01524988413e-05	0.000275306409064	1.04546737619e-05	3.48489125397e-06
0.00269730583057	0.000745766728349	0.000101061846365	0	0.0040877774409	0	0.00275654898189	0.000547127926873	0.00472899743164	0.00490324199433	0.00695235805167	0.00193759953721	0.0293602088147	2.43942387778e-05	0.0014078960666	0.00234533181392	6.96978250794e-06	8.36373900952e-05	1.74244562698e-05	0.00295867267462	0.00765282119371	1.04546737619e-05	0.0010141033549	7.31827163333e-05	0.0055340073113	2.09093475238e-05	0.000191669018968	0.000871222813492	0.0011883479176	0.00270427561308	0.000121971193889	0	0	0	0.0036417113604	0	3.48489125397e-05	0	0	0.00204214627483	0	0.0022860886626	0	0.0010141033549	0.000149850323921	4.18186950476e-05	0.000745766728349	0.00420626374354	0.000275306409064	0.000888647269762	0.00164835356313	3.48489125397e-06	0	0.000118486302635	3.83338037937e-05	0.00387171418316	1.04546737619e-05	3.83338037937e-05	3.48489125397e-06	0.000191669018968	6.96978250794e-06	4.87884775556e-05	6.96978250794e-06	0.000108031628873	0.000588946621921	0	0	1.04546737619e-05	0	0.000780615640889	0.000665614229508	8.01524988413e-05	0.00424459754733	0.000142880541413	0.00248821235533	0	0	0.000181214345206	0	5.22733688095e-05	1.04546737619e-05	4.53035863016e-05	0	6.96978250794e-06
1.74244562698e-05	8.01524988413e-05	0	0	0	0	0	6.96978250794e-06	0.000135910758905	8.01524988413e-05	1.74244562698e-05	0.00243245409527	2.43942387778e-05	0.011883479176	0.000212578366492	0	6.96978250794e-06	0	2.09093475238e-05	5.22733688095e-05	6.96978250794e-06	3.48489125397e-06	0.000101061846365	0	3.13640212857e-05	0.00589295111046	0.00216411746871	0.00118486302635	6.96978250794e-06	6.27280425714e-05	3.48489125397e-06	0.000519248796841	3.48489125397e-06	0	0.000369398472921	0	0.000696978250794	0	0	0	0	0	0	0	0.000104546737619	0	0.000400762494206	0	0.00369746962046	0	3.48489125397e-06	3.48489125397e-06	3.48489125397e-06	0.000156820106429	0.000115001411381	0	0	0.000125456085143	0	6.96978250794e-06	0.00126153063394	0.000275306409064	0.00141835074037	0	0	0	3.13640212857e-05	0	0	3.48489125397e-06	7.66676075873e-05	0.00174593051824	0.000714402707064	6.27280425714e-05	0	3.48489125397e-06	0.000602886186937	1.04546737619e-05	0.000808494770921	1.04546737619e-05	1.04546737619e-05	6.96978250794e-06	3.48489125397e-06	0.000163789888937
0.014531996529	7.31827163333e-05	0.000505309231825	0	0	0	0.00371140918548	0.0195153910222	0.0169818750806	3.48489125397e-05	0.012953340791	0.00662477827379	0.0014078960666	0.000212578366492	0.0471958822525	9.75769551111e-05	0.000181214345206	0.00049136966681	0.00130683422024	0.00358246820908	0.000937435747318	0.000815464553429	3.13640212857e-05	0.000850313465968	0.000721372489571	6.96978250794e-06	0.00138698671908	0.001317288894	0.0031642812586	0.00801176499287	0.00506354699202	3.48489125397e-06	3.48489125397e-06	1.04546737619e-05	0.0104790680007	1.74244562698e-05	0.000128940976397	1.04546737619e-05	0	0	0	1.04546737619e-05	0	2.43942387778e-05	3.48489125397e-06	0	0.000111516520127	6.96978250794e-06	6.96978250794e-05	9.75769551111e-05	2.09093475238e-05	0	7.66676075873e-05	2.78791300317e-05	6.62129338254e-05	3.48489125397e-06	1.74244562698e-05	3.48489125397e-06	1.74244562698e-05	1.39395650159e-05	6.96978250794e-06	6.62129338254e-05	7.66676075873e-05	0	0.000108031628873	2.78791300317e-05	0	0	0	0.000268336626556	0.00304231006471	0.000902586834778	0.0138838067558	0.00188881105965	0.000839858792206	0.000310155321603	0	4.18186950476e-05	3.48489125397e-06	0.000108031628873	3.13640212857e-05	9.75769551111e-05	0	0
1.04546737619e-05	0	0	0	0.000554097709381	0.000146365432667	0.00243245409527	0.000453035863016	0.000233487714016	0.00169714204068	0.000324094886619	1.74244562698e-05	0.00234533181392	0	9.75769551111e-05	0.00713705728813	0	0	1.04546737619e-05	6.96978250794e-06	0.000313640212857	0	0	1.04546737619e-05	0.00146365432667	0	0	1.04546737619e-05	0.000738796945841	6.96978250794e-05	6.96978250794e-06	0	0	0	6.27280425714e-05	0	0	0	0	3.48489125397e-05	0	1.04546737619e-05	3.48489125397e-06	0	2.78791300317e-05	0	5.57582600635e-05	1.39395650159e-05	6.96978250794e-06	6.96978250794e-06	5.57582600635e-05	0	3.48489125397e-06	1.39395650159e-05	1.39395650159e-05	1.04546737619e-05	0	3.48489125397e-06	0	9.06071726032e-05	3.48489125397e-06	3.48489125397e-06	3.48489125397e-06	1.04546737619e-05	1.74244562698e-05	0	0	0	0	0.000104546737619	0.000470460319286	2.43942387778e-05	0.000188184127714	9.40920638571e-05	0.00428990113364	0.000261366844048	0	4.53035863016e-05	1.04546737619e-05	8.71222813492e-05	1.39395650159e-05	3.83338037937e-05	1.04546737619e-05	3.48489125397e-06
0.000317125104111	0.00086076813973	6.96978250794e-05	0	0	0	8.36373900952e-05	0.000470460319286	9.40920638571e-05	5.22733688095e-05	4.18186950476e-05	2.43942387778e-05	6.96978250794e-06	6.96978250794e-06	0.000181214345206	0	0.0216342049046	1.39395650159e-05	0	2.78791300317e-05	3.48489125397e-06	0.00198290312351	0.0122180287364	0.00423414287357	0.00669447609887	6.96978250794e-05	6.27280425714e-05	0.0053144591623	0.000310155321603	0.000111516520127	0.000111516520127	0	0	1.04546737619e-05	6.62129338254e-05	3.48489125397e-06	3.13640212857e-05	3.48489125397e-06	0	0	0	3.48489125397e-06	3.48489125397e-06	0	3.48489125397e-06	0	3.83338037937e-05	6.96978250794e-06	0	3.48489125397e-06	3.48489125397e-06	0.00483354416925	0.000153335215175	2.43942387778e-05	1.74244562698e-05	6.96978250794e-06	0.00127895509021	0.0111063484264	0.0057535554603	3.13640212857e-05	3.48489125397e-06	3.83338037937e-05	0.00185047725586	0.000174244562698	3.48489125397e-06	0	0	0	0	0.00018469923646	0.00203169160106	0.000407732276714	0.000195153910222	0.000233487714016	3.48489125397e-06	6.96978250794e-06	0	0.00125456085143	4.53035863016e-05	0.000125456085143	0.000128940976397	1.04546737619e-05	3.48489125397e-06	0
0.000480914993048	0.000463490536778	0.00138350182783	0	4.18186950476e-05	0	6.96978250794e-05	0.00188184127714	8.71222813492e-05	5.57582600635e-05	0.00120577237387	1.74244562698e-05	8.36373900952e-05	0	0.00049136966681	0	1.39395650159e-05	0.0219861789213	2.43942387778e-05	0.00521688220719	9.06071726032e-05	0.000944405529825	0.00018469923646	0.0093499632344	0.000470460319286	0	0.00565946339644	0.00234881670517	0.000651674664492	6.96978250794e-05	0.00105592204995	0	0	0	0.00493460601562	0.000111516520127	0.00147410900043	0.000101061846365	0	6.96978250794e-06	0	0	6.96978250794e-06	3.48489125397e-06	2.09093475238e-05	0	6.96978250794e-06	1.04546737619e-05	3.48489125397e-06	8.01524988413e-05	0	1.39395650159e-05	0.000372883364175	6.96978250794e-06	0.000878192596	1.04546737619e-05	0.000216063257746	3.48489125397e-05	0.000219548149	5.57582600635e-05	2.78791300317e-05	0.00118486302635	0.000728342272079	1.39395650159e-05	0.000108031628873	0.000212578366492	0	3.48489125397e-06	1.39395650159e-05	0.000449550971762	0.00128243998146	0.00217805703373	0.00405989831087	0.000226517931508	1.39395650159e-05	0	0	0.000338034451635	8.01524988413e-05	0.000442581189254	0.000240457496524	3.48489125397e-06	6.96978250794e-06	0
2.78791300317e-05	0	3.48489125397e-06	0	0	0	3.48489125397e-06	1.74244562698e-05	0.000261366844048	0	0.000128940976397	0.00298655180465	1.74244562698e-05	2.09093475238e-05	0.00130683422024	1.04546737619e-05	0	2.43942387778e-05	0.00671190055514	0.00181562834332	3.48489125397e-05	0	0	7.66676075873e-05	6.27280425714e-05	0	0.00223730018505	0.000104546737619	6.96978250794e-05	0.000686523577032	3.48489125397e-06	1.39395650159e-05	0	0	0.00148107878294	0	0.000132425867651	0	0	0	0	0	0	0	3.48489125397e-06	0	3.48489125397e-06	0	2.43942387778e-05	0	0	3.48489125397e-06	1.04546737619e-05	7.66676075873e-05	6.62129338254e-05	0	0	6.96978250794e-06	6.96978250794e-06	0	0.000104546737619	0.000115001411381	5.57582600635e-05	0	0	0	0	0	0	3.48489125397e-06	0.00111168031002	0.00165183845438	0.00172502117071	5.57582600635e-05	6.96978250794e-06	0	0	2.09093475238e-05	6.96978250794e-06	1.04546737619e-05	1.74244562698e-05	0	0	0
0.0027251849606	3.48489125397e-06	2.09093475238e-05	0	0.000216063257746	0	0.000439096298	0.002415029639	0.00385080483564	3.13640212857e-05	0.00598355828306	0.00875056193871	0.00295867267462	5.22733688095e-05	0.00358246820908	6.96978250794e-06	2.78791300317e-05	0.00521688220719	0.00181562834332	0.0262586555987	0.000899101943524	0.000240457496524	1.39395650159e-05	0.000487884775556	0.000125456085143	3.48489125397e-06	0.00740887880594	0.000505309231825	0.000655159555746	0.0040808076584	0.000174244562698	2.43942387778e-05	0	0	0.0113642303792	0	0.00027182151781	0.000135910758905	0	2.78791300317e-05	0	5.92431513175e-05	0	5.57582600635e-05	2.78791300317e-05	0	0.000414702059222	1.39395650159e-05	0.000149850323921	9.75769551111e-05	0.000115001411381	3.48489125397e-06	4.18186950476e-05	0.000139395650159	0.000480914993048	1.39395650159e-05	3.48489125397e-06	1.39395650159e-05	2.43942387778e-05	3.13640212857e-05	0.000163789888937	0.000543643035619	0.000264851735302	0	0.000146365432667	0	0	0	0	0.00049136966681	0.0029447331096	0.00410520189717	0.013639864368	0.000230002822762	4.18186950476e-05	0	0	7.66676075873e-05	1.04546737619e-05	0.000324094886619	0.000261366844048	0.000345004234143	1.04546737619e-05	0
0.000550612818127	0.000714402707064	0.000111516520127	0	0.00765630608497	0	0.000818949444683	0.000690008468286	0.00160304997683	0.00347095168895	0.00490324199433	0.000581976839413	0.00765282119371	6.96978250794e-06	0.000937435747318	0.000313640212857	3.48489125397e-06	9.06071726032e-05	3.48489125397e-05	0.000899101943524	0.0181318891944	1.04546737619e-05	0.000951375312333	4.87884775556e-05	0.00563855404892	3.48489125397e-06	0.000111516520127	0.000703948033302	0.000986224224873	0.00100364868114	9.40920638571e-05	0	0	0	0.0013625924803	0	2.09093475238e-05	0	0	0.000121971193889	0	0	0	0	7.66676075873e-05	3.13640212857e-05	0	8.01524988413e-05	0	0	0	6.96978250794e-06	3.48489125397e-06	0	1.04546737619e-05	8.71222813492e-05	1.04546737619e-05	3.13640212857e-05	0	0.000177729453952	3.48489125397e-06	1.74244562698e-05	1.04546737619e-05	4.87884775556e-05	0	0	0	0	0	1.74244562698e-05	0.000707432924556	9.06071726032e-05	0.00172502117071	8.71222813492e-05	0.000407732276714	0	0	6.96978250794e-06	0	2.09093475238e-05	2.09093475238e-05	1.04546737619e-05	0	0
0.000756221402111	5.57582600635e-05	0.00040424738546	0	3.48489125397e-06	0	0.000198638801476	0.00365216603416	0.000282276191571	1.39395650159e-05	3.83338037937e-05	6.96978250794e-06	1.04546737619e-05	3.48489125397e-06	0.000815464553429	0	0.00198290312351	0.000944405529825	0	0.000240457496524	1.04546737619e-05	0.0314546284583	0.000153335215175	0.00823479803313	0.00188881105965	3.48489125397e-06	0.000460005645524	0.00089561705227	0.00709523859308	8.01524988413e-05	0.0143333577276	0	0	6.96978250794e-06	0.00599401295683	2.43942387778e-05	0.000198638801476	1.74244562698e-05	0	6.96978250794e-06	0	0	0	3.48489125397e-06	0	0	2.43942387778e-05	1.04546737619e-05	3.48489125397e-06	1.39395650159e-05	0	6.27280425714e-05	0.000149850323921	1.74244562698e-05	9.06071726032e-05	1.04546737619e-05	0.000163789888937	0.000369398472921	0.000195153910222	1.39395650159e-05	0	1.74244562698e-05	0.000101061846365	1.04546737619e-05	3.48489125397e-05	4.18186950476e-05	0	0	0	0.000174244562698	0.00187487149464	0.00020212369273	0.00429687091614	0.000986224224873	3.48489125397e-06	3.48489125397e-05	0	0.000282276191571	2.78791300317e-05	0.000132425867651	5.22733688095e-05	6.96978250794e-06	0	0
2.78791300317e-05	0.00657250490498	0.00146016943541	0	0.000679553794524	0	0	8.36373900952e-05	0	0.00548173394249	1.04546737619e-05	0	0.0010141033549	0.000101061846365	3.13640212857e-05	0	0.0122180287364	0.00018469923646	0	1.39395650159e-05	0.000951375312333	0.000153335215175	0.033413137343	0.00446763058759	0.00766327586748	0.000146365432667	0.00116395367883	0.0174035469223	0.000540158144365	3.48489125397e-06	0.000121971193889	0	0	0	0.000139395650159	3.48489125397e-06	0.00263806267925	0.000125456085143	0	0	0	0	6.96978250794e-06	0	0.000223033040254	0	1.39395650159e-05	0	0	6.96978250794e-06	1.39395650159e-05	0.00617522730203	0.000142880541413	5.22733688095e-05	9.75769551111e-05	0	0.0014915334567	0.0171979383383	0.00738796945841	0.00025439706154	3.13640212857e-05	0.000153335215175	0.00769463988876	0.000376368255429	3.48489125397e-06	3.48489125397e-06	0	0	0	0.000362428690413	0.000926981073556	0.000282276191571	0.000149850323921	2.43942387778e-05	3.48489125397e-06	0	0	0.00157168595554	2.78791300317e-05	0.000602886186937	0.000578491948159	5.57582600635e-05	3.83338037937e-05	0
0.000665614229508	0.000533188361857	0.00878889574251	0	4.18186950476e-05	0	0.000108031628873	0.00365565092541	0.000376368255429	0.000219548149	9.75769551111e-05	5.92431513175e-05	7.31827163333e-05	0	0.000850313465968	1.04546737619e-05	0.00423414287357	0.0093499632344	7.66676075873e-05	0.000487884775556	4.87884775556e-05	0.00823479803313	0.00446763058759	0.0703251055051	0.00137653204532	0	0.00499384916694	0.0144100253352	0.00344307255892	5.92431513175e-05	0.00496248514565	0	0	3.48489125397e-06	0.00429687091614	0.000226517931508	0.00200729736229	0.000313640212857	0	1.04546737619e-05	3.48489125397e-06	3.48489125397e-06	1.04546737619e-05	6.96978250794e-05	6.96978250794e-05	3.48489125397e-06	0.000177729453952	1.39395650159e-05	1.39395650159e-05	0.000223033040254	3.48489125397e-06	0.00252306126787	0.000923496182302	0.000108031628873	0.000773645858381	1.74244562698e-05	0.000749251619603	0.00880283530752	0.00708129902806	0.000153335215175	6.96978250794e-06	0.000825919227191	0.00256836485417	5.57582600635e-05	0.000282276191571	0.000428641624238	0	5.22733688095e-05	2.78791300317e-05	0.00150547302171	0.0153788251038	0.006147348172	0.0023697260527	0.00136956226281	6.27280425714e-05	0	0	0.00346049701519	0.000121971193889	0.00153335215175	0.000878192596	0.00016727478019	0.000156820106429	0
0.00108031628873	0.00190623551592	0.00042167184173	0	0.0101480033316	0	0.000219548149	0.00672235522891	0.000585461730667	0.0175603670287	0.00103152781117	0.000132425867651	0.0055340073113	3.13640212857e-05	0.000721372489571	0.00146365432667	0.00669447609887	0.000470460319286	6.27280425714e-05	0.000125456085143	0.00563855404892	0.00188881105965	0.00766327586748	0.00137653204532	0.0549741595314	4.18186950476e-05	0.000407732276714	0.00268685115681	0.0261610786435	0.00071091781581	0.00244639366029	3.48489125397e-06	0	2.09093475238e-05	0.000735312054587	1.04546737619e-05	0.000811979662175	1.74244562698e-05	0	0.0025056368116	6.96978250794e-06	2.09093475238e-05	6.96978250794e-06	2.43942387778e-05	0.00499733405819	0.000369398472921	0.00040424738546	0.000209093475238	0.000128940976397	0.000219548149	0.000163789888937	0.00202472181856	0.000435611406746	0.00016727478019	0.000292730865333	0.000543643035619	0.0018016887783	0.00709175370183	0.00190623551592	0.011019226145	2.43942387778e-05	0.000435611406746	0.000487884775556	0.0038682292919	0.000348489125397	0.000128940976397	3.48489125397e-06	3.48489125397e-06	0.000285761082825	0.00210138942614	0.00751691043481	0.00116395367883	0.000832889009698	0.000355458907905	0.0027704885469	1.04546737619e-05	0	0.002634577788	0.000226517931508	0.00163789888937	0.000752736510857	0.00067606890327	0.000181214345206	3.48489125397e-06
0	0.000125456085143	0	0	0	0	0	0	0	7.31827163333e-05	0	0.00102107313741	2.09093475238e-05	0.00589295111046	6.96978250794e-06	0	6.96978250794e-05	0	0	3.48489125397e-06	3.48489125397e-06	3.48489125397e-06	0.000146365432667	0	4.18186950476e-05	0.008342829662	0.00274957919938	0.0011430443313	0	3.48489125397e-06	3.48489125397e-06	0.000442581189254	0	0	2.43942387778e-05	0	0.000683038685778	0	0	0	0	0	0	0	0.000108031628873	0	0.000139395650159	0	0.00339776897262	0	3.48489125397e-06	6.96978250794e-06	3.48489125397e-06	0.000191669018968	0.000132425867651	0	0	0.000132425867651	0	2.43942387778e-05	0.00134516802403	0.000439096298	0.00172850606197	0	0	0	4.18186950476e-05	0	0	3.48489125397e-06	3.83338037937e-05	0.000219548149	0.000181214345206	1.39395650159e-05	0	0	0.000425156732984	1.04546737619e-05	7.31827163333e-05	1.04546737619e-05	1.04546737619e-05	6.96978250794e-06	3.48489125397e-06	0.000121971193889
0.000683038685778	0.00133122845902	0.00845783107338	0	1.04546737619e-05	0	5.57582600635e-05	0.00180865856081	0.000683038685778	0.000226517931508	0.0011813781351	0.00467672406283	0.000191669018968	0.00216411746871	0.00138698671908	0	6.27280425714e-05	0.00565946339644	0.00223730018505	0.00740887880594	0.000111516520127	0.000460005645524	0.00116395367883	0.00499384916694	0.000407732276714	0.00274957919938	0.0675093133719	0.0191181134193	0.000634250208222	0.000181214345206	0.000651674664492	0.00124062128641	0	0	0.00184350747335	0.000149850323921	0.0109042247337	0.000264851735302	0	3.48489125397e-06	0	2.43942387778e-05	0	2.09093475238e-05	0.000101061846365	0	0.000449550971762	2.09093475238e-05	0.00443278167505	0.000156820106429	4.53035863016e-05	2.43942387778e-05	0.000275306409064	0.00346398190644	0.00752039532606	2.09093475238e-05	0.000216063257746	0.000170759671444	0.000313640212857	9.75769551111e-05	0.00612992371573	0.0129045523134	0.00746812195725	2.09093475238e-05	0.000195153910222	0.000219548149	0.000205608583984	0	1.39395650159e-05	0.000561067491889	0.00650629197116	0.00874359215621	0.00527612535851	0.000508794123079	2.78791300317e-05	3.48489125397e-06	1.39395650159e-05	0.000620310643206	0.000519248796841	0.000703948033302	0.000606371078191	0.000177729453952	1.39395650159e-05	0.000118486302635
0.000892132161016	0.00913389997665	0.0126327307956	0	0.000505309231825	0	9.75769551111e-05	0.00187835638589	0.000379853146683	0.00280533745944	0.000268336626556	9.06071726032e-05	0.000871222813492	0.00118486302635	0.001317288894	1.04546737619e-05	0.0053144591623	0.00234881670517	0.000104546737619	0.000505309231825	0.000703948033302	0.00089561705227	0.0174035469223	0.0144100253352	0.00268685115681	0.0011430443313	0.0191181134193	0.0823131314187	0.00067606890327	4.18186950476e-05	0.00168320247567	0.000331064669127	0	0	0.000972284659857	6.96978250794e-05	0.0126466703607	0.000463490536778	0	0	0	0	6.96978250794e-06	1.74244562698e-05	4.53035863016e-05	0	4.18186950476e-05	0	0.000278791300317	5.92431513175e-05	0	0.000857283248476	0.000686523577032	0.0010524371587	0.00317822082362	0	0.00016727478019	0.00857283248476	0.00393095733448	6.62129338254e-05	0.00311200788979	0.00613689349824	0.0131206155712	2.78791300317e-05	5.57582600635e-05	0.000108031628873	0	0	2.78791300317e-05	0.000916526399794	0.00992148540005	0.00439444787125	0.00261018354922	0.000752736510857	2.09093475238e-05	2.78791300317e-05	3.48489125397e-06	0.0018853261684	5.92431513175e-05	0.00132774356776	0.00129637954648	0.000108031628873	4.18186950476e-05	2.43942387778e-05
0.00425853711235	0.000115001411381	0.000362428690413	0	0.00565249361394	0	0.00254048572414	0.036444992734	0.00505657720951	0.00875404682997	0.00920011291048	0.000268336626556	0.0011883479176	6.96978250794e-06	0.0031642812586	0.000738796945841	0.000310155321603	0.000651674664492	6.96978250794e-05	0.000655159555746	0.000986224224873	0.00709523859308	0.000540158144365	0.00344307255892	0.0261610786435	0	0.000634250208222	0.00067606890327	0.076430634982	0.00396929113827	0.0117580230909	3.48489125397e-06	0	0.000278791300317	0.0018400225821	1.04546737619e-05	0.000794555205905	2.43942387778e-05	0	0.00412262635344	0	4.18186950476e-05	3.48489125397e-06	8.36373900952e-05	0.00338731429886	0.000581976839413	0.00064121999073	0.000742281837095	0.000149850323921	0.000188184127714	9.75769551111e-05	0.000358943799159	0.000331064669127	0.000313640212857	0.000327579777873	0.00140441117535	0.000209093475238	0.00443278167505	0.000142880541413	0.0108380117998	2.09093475238e-05	0.00040424738546	0.000540158144365	0.00363474157789	0.000313640212857	0.000163789888937	3.48489125397e-06	4.53035863016e-05	0.000149850323921	0.00191669018968	0.0101061846365	0.00136607737156	0.00419580906978	0.00139047161033	0.00157517084679	4.18186950476e-05	0	0.00277745832941	0.00020212369273	0.00251957637662	0.00146713921792	0.000906071726032	0.000250912170286	2.43942387778e-05
0.00887950291511	0	1.39395650159e-05	0	0.000163789888937	0	0.00149850323921	0.00906420215157	0.00382641059686	0.000101061846365	0.00517506351214	0.00551658285503	0.00270427561308	6.27280425714e-05	0.00801176499287	6.96978250794e-05	0.000111516520127	6.96978250794e-05	0.000686523577032	0.0040808076584	0.00100364868114	8.01524988413e-05	3.48489125397e-06	5.92431513175e-05	0.00071091781581	3.48489125397e-06	0.000181214345206	4.18186950476e-05	0.00396929113827	0.0325837332246	0.00223381529379	0	3.83338037937e-05	0.00234184692267	0.00879586552502	0	3.13640212857e-05	0	0	0	0	3.48489125397e-06	0	1.39395650159e-05	0	0	7.66676075873e-05	3.48489125397e-06	3.48489125397e-05	3.13640212857e-05	6.96978250794e-06	6.96978250794e-06	0	1.74244562698e-05	1.74244562698e-05	0	0	3.13640212857e-05	1.39395650159e-05	2.09093475238e-05	3.48489125397e-06	2.78791300317e-05	2.78791300317e-05	0	5.22733688095e-05	0	0	0	0	0.000125456085143	0.00143926008789	0.000268336626556	0.00845086129087	0.000324094886619	0.000923496182302	0.000115001411381	3.48489125397e-06	3.48489125397e-05	3.48489125397e-06	9.06071726032e-05	3.48489125397e-05	9.06071726032e-05	3.48489125397e-06	0
0.00476036145292	2.43942387778e-05	0.00109077096249	0	5.22733688095e-05	0	0.000700463142048	0.0167483873666	0.00117440835259	0.000118486302635	0.000243942387778	1.39395650159e-05	0.000121971193889	3.48489125397e-06	0.00506354699202	6.96978250794e-06	0.000111516520127	0.00105592204995	3.48489125397e-06	0.000174244562698	9.40920638571e-05	0.0143333577276	0.000121971193889	0.00496248514565	0.00244639366029	3.48489125397e-06	0.000651674664492	0.00168320247567	0.0117580230909	0.00223381529379	0.0467079974769	0	0	0.000118486302635	0.00740190902343	6.96978250794e-06	2.78791300317e-05	6.96978250794e-06	0	0	0	0	0	3.48489125397e-06	0	0	2.43942387778e-05	0	3.48489125397e-06	3.48489125397e-06	0	3.13640212857e-05	5.57582600635e-05	6.96978250794e-06	3.48489125397e-05	0	6.96978250794e-06	6.96978250794e-05	2.78791300317e-05	1.39395650159e-05	0	1.39395650159e-05	4.18186950476e-05	1.04546737619e-05	6.96978250794e-06	1.04546737619e-05	0	3.48489125397e-06	0	6.27280425714e-05	0.00248472746408	0.000142880541413	0.00781661108265	0.00231048290138	1.04546737619e-05	2.09093475238e-05	0	6.27280425714e-05	3.48489125397e-06	7.31827163333e-05	4.53035863016e-05	3.13640212857e-05	6.96978250794e-06	0
0	0	0	0	0	0	0	0	0	0	0	0.000230002822762	0	0.000519248796841	3.48489125397e-06	0	0	0	1.39395650159e-05	2.43942387778e-05	0	0	0	0	3.48489125397e-06	0.000442581189254	0.00124062128641	0.000331064669127	3.48489125397e-06	0	0	0.00124759106892	0	0	3.48489125397e-06	0	0.000188184127714	0	0	0	0	0	0	0	3.48489125397e-06	0	6.96978250794e-06	0	0.000362428690413	0	0	3.48489125397e-06	0	4.18186950476e-05	3.48489125397e-05	0	0	6.96978250794e-06	0	3.48489125397e-06	0.000278791300317	8.36373900952e-05	0.000247427279032	0	0	0	3.48489125397e-06	0	0	3.48489125397e-06	6.96978250794e-06	2.43942387778e-05	6.96978250794e-06	0	0	0	0	3.48489125397e-06	3.48489125397e-06	3.48489125397e-06	0	0	0	1.74244562698e-05
0	0	0	0	0	3.13640212857e-05	4.18186950476e-05	0	0	0	0	1.04546737619e-05	0	3.48489125397e-06	3.48489125397e-06	0	0	0	0	0	0	0	0	0	0	0	0	0	0	3.83338037937e-05	0	0	0.000278791300317	0	0.000212578366492	0	0	0	0	0	0	0	0	0	0	0	0	0	0	0	0	0	0	0	0	0	0	0	0	0	0	0	0	0	0	0	0	0	0	0	1.04546737619e-05	6.96978250794e-06	2.09093475238e-05	3.48489125397e-06	2.09093475238e-05	2.43942387778e-05	0	0	0	0	0	0	0	0
0.000303185539095	0	0	0	0	0	2.78791300317e-05	0.000435611406746	3.48489125397e-05	0	1.04546737619e-05	0	0	0	1.04546737619e-05	0	1.04546737619e-05	0	0	0	0	6.96978250794e-06	0	3.48489125397e-06	2.09093475238e-05	0	0	0	0.000278791300317	0.00234184692267	0.000118486302635	0	0	0.0023697260527	0.000149850323921	0	0	0	0	0	0	0	0	0	0	0	1.39395650159e-05	0	3.48489125397e-06	0	0	0	0	6.96978250794e-06	0	0	0	0	0	0	0	0	0	0	0	0	0	0	0	1.39395650159e-05	5.57582600635e-05	0	0.00016727478019	4.18186950476e-05	0	0	0	1.39395650159e-05	0	1.39395650159e-05	0	0	0	0
0.00379156168432	0.000365913581667	4.18186950476e-05	0	0.000275306409064	9.06071726032e-05	0.00127895509021	0.00487884775556	0.0082069189031	0.000153335215175	0.00918965823671	0.0118625698285	0.0036417113604	0.000369398472921	0.0104790680007	6.27280425714e-05	6.62129338254e-05	0.00493460601562	0.00148107878294	0.0113642303792	0.0013625924803	0.00599401295683	0.000139395650159	0.00429687091614	0.000735312054587	2.43942387778e-05	0.00184350747335	0.000972284659857	0.0018400225821	0.00879586552502	0.00740190902343	3.48489125397e-06	0.000212578366492	0.000149850323921	0.0442128153391	4.87884775556e-05	0.00119183280886	3.83338037937e-05	0	2.78791300317e-05	0	1.74244562698e-05	0	3.83338037937e-05	3.13640212857e-05	0	0.000219548149	1.04546737619e-05	7.66676075873e-05	8.36373900952e-05	6.27280425714e-05	0	0.00025439706154	5.92431513175e-05	0.000379853146683	6.96978250794e-06	5.57582600635e-05	1.39395650159e-05	8.71222813492e-05	3.48489125397e-05	1.74244562698e-05	0.000442581189254	0.00064121999073	3.48489125397e-06	0.000101061846365	7.31827163333e-05	0	1.04546737619e-05	3.48489125397e-06	0.000554097709381	0.000857283248476	0.0011430443313	0.0294159670747	0.0010524371587	0.000156820106429	0.00018469923646	5.22733688095e-05	0.000149850323921	2.78791300317e-05	0.000268336626556	0.00016727478019	0.000132425867651	1.39395650159e-05	0
1.74244562698e-05	3.83338037937e-05	0.000108031628873	0	0	0	0	2.09093475238e-05	0	0	0	0	0	0	1.74244562698e-05	0	3.48489125397e-06	0.000111516520127	0	0	0	2.43942387778e-05	3.48489125397e-06	0.000226517931508	1.04546737619e-05	0	0.000149850323921	6.96978250794e-05	1.04546737619e-05	0	6.96978250794e-06	0	0	0	4.87884775556e-05	0.0246207567093	8.71222813492e-05	0.003073674086	0	3.48489125397e-06	0	2.09093475238e-05	0.00752388021732	0.0060567409994	3.48489125397e-06	0.000212578366492	0	0.000264851735302	0	0.0105069471307	0	0.000156820106429	0.00273215474311	0	0.00138698671908	0	0.00257881952794	1.74244562698e-05	0.00200381247103	0.00164835356313	0	0.00274957919938	0.0010524371587	0.00351974016651	0.00626931936589	0.0102873989817	0	0	0.000756221402111	0.00151592769548	0.000289245974079	4.87884775556e-05	2.78791300317e-05	1.39395650159e-05	0	0	0	5.57582600635e-05	3.13640212857e-05	0.000477430101794	0.000115001411381	3.48489125397e-06	2.09093475238e-05	0
0.000111516520127	0.00383338037937	0.000909556617286	0	1.39395650159e-05	0	1.04546737619e-05	0.000153335215175	3.48489125397e-05	9.40920638571e-05	0.000108031628873	3.48489125397e-05	3.48489125397e-05	0.000696978250794	0.000128940976397	0	3.13640212857e-05	0.00147410900043	0.000132425867651	0.00027182151781	2.09093475238e-05	0.000198638801476	0.00263806267925	0.00200729736229	0.000811979662175	0.000683038685778	0.0109042247337	0.0126466703607	0.000794555205905	3.13640212857e-05	2.78791300317e-05	0.000188184127714	0	0	0.00119183280886	8.71222813492e-05	0.0468717873659	0.000512279014333	0	1.04546737619e-05	0	6.96978250794e-06	6.96978250794e-06	2.78791300317e-05	0.00578491948159	0	0.000501824340571	1.74244562698e-05	0.00332110136503	4.18186950476e-05	0.000592431513175	0.0010071335724	0.00102455802867	0.00291685397957	0.00863207563608	1.39395650159e-05	0.000477430101794	0.0111377124477	0.000703948033302	0.00395883646451	0.0132321320913	0.0181597683244	0.0273773056912	0.000264851735302	0.000310155321603	0.000606371078191	0	0	0.000383338037937	0.00263109289675	0.00550612818127	0.00370792429422	0.000975769551111	0.000142880541413	0.000101061846365	3.48489125397e-06	6.96978250794e-06	0.00176335497451	0.000233487714016	0.00169017225817	0.00107683139748	0.000637735099476	0.000146365432667	0.000177729453952
