0.0150565597346	1.83784677871e-05	0.000119460040616	0	0.000101081572829	0	0.00218244304972	0.00452110307564	0.00383650515057	0.000358380121849	0.000987842643559	9.18923389357e-06	0.000872977219889	1.83784677871e-05	0.00362055815407	0.000215946996499	7.81084880953e-05	5.97300203082e-05	0	0	0.000330812420169	0.000505407864146	0.000151622359244	0.000413515525211	0.000716760243698	4.59461694679e-06	1.83784677871e-05	4.59461694679e-05	0.00176892752451	0.00502651093978	0.0028578517409	0	1.37838508404e-05	0.000748922562326	0.0012864927451	1.83784677871e-05	0	0	0	9.18923389357e-06	0	0	5.97300203082e-05	0	0.000124054657563	9.18923389357e-06	0	0	0	0	0	4.59461694679e-06	0	0	0	0	0	2.29730847339e-05	4.59461694679e-06	0.000105676189776	0	0	4.59461694679e-06	2.75677016807e-05	4.59461694679e-06	4.59461694679e-06	0	0	0	0	0.000574327118348	8.27031050421e-05	0.000505407864146	0.000211352379552	0.000367569355743	0.000101081572829	0	9.18923389357e-06	0	0	0	0	0	0
1.83784677871e-05	0.0147808827178	0.00284866250701	0	0	0	4.59461694679e-06	2.75677016807e-05	9.18923389357e-06	9.18923389357e-06	0	0.000312433952381	0	0.000151622359244	1.83784677871e-05	0	6.4324637255e-05	0.00102919419608	4.13515525211e-05	0.000532975565827	0	0.000137838508404	0.000978653409665	0.000748922562326	2.75677016807e-05	0.000905139538517	0.00419029065547	0.00483353702802	4.13515525211e-05	3.67569355743e-05	0.000110270806723	0	0	1.37838508404e-05	0.000895950304623	0	0.00338163807283	0.00024351469818	0	0	0	0	0	0	0	0	9.18923389357e-05	0	6.89192542018e-05	0	0	1.83784677871e-05	0.000220541613446	5.05407864146e-05	0.000206757762605	0	9.18923389357e-06	0.000340001654062	0.000124054657563	0	0.000188379294818	0.000997031877452	0.00152081820939	4.59461694679e-06	0	1.37838508404e-05	4.59461694679e-06	0	0	0.000229730847339	0.000454867077732	0.00118081655532	0.000725949477592	0.000307839335435	1.37838508404e-05	3.21623186275e-05	9.18923389357e-06	0.00011486542367	0.000335407037115	0.000188379294818	8.72977219889e-05	4.59461694679e-06	9.18923389357e-06	1.37838508404e-05
0.000119460040616	0.00284866250701	0.0428953438152	0	4.59461694679e-06	4.59461694679e-06	6.89192542018e-05	0.000294055484594	5.51354033614e-05	9.18923389357e-05	1.37838508404e-05	0.000353785504902	1.37838508404e-05	0.000179190060925	7.35138711486e-05	1.37838508404e-05	0.000721354860645	0.0112522169027	2.75677016807e-05	0.000767301030113	0	0.00319325877802	0.002072172243	0.0179144114755	0.00014243312535	5.51354033614e-05	0.0113303253908	0.0134300653355	0.000477840162466	0.000408920908264	0.0017183867381	4.59461694679e-06	1.37838508404e-05	9.18923389357e-05	0.00689192542018	4.59461694679e-06	0.00117622193838	0.00011486542367	0	0	0	0	0	0	3.21623186275e-05	0	1.37838508404e-05	0	9.18923389357e-06	0	0	7.35138711486e-05	5.97300203082e-05	4.59461694679e-06	2.75677016807e-05	0	9.18923389357e-06	0.000725949477592	0.00014243312535	1.83784677871e-05	9.18923389357e-06	0.000229730847339	0.000634057138656	4.59461694679e-06	0	1.83784677871e-05	0	0	0	0.000110270806723	0.00350109811345	0.00527002563796	0.00539867491247	0.00290379791037	0.000229730847339	0.000330812420169	4.59461694679e-05	0.000303244718488	0.000101081572829	9.64869558825e-05	6.4324637255e-05	0	9.18923389357e-06	0
0	0	0	0	0	0	0	0	0	0	0	0	0	0	0	0	0	0	0	0	0	0	0	0	0	0	0	0	0	0	0	0	0	0	0	0	0	0	0	0	0	0	0	0	0	0	0	0	0	0	0	0	0	0	0	0	0	0	0	0	0	0	0	0	0	0	0	0	0	0	0	0	0	0	0	0	0	0	0	0	0	0	0	0
0.000101081572829	0	4.59461694679e-06	0	0.0158514284664	0	0.000955680324931	0.000799463348741	0.000179190060925	0.000330812420169	0.00233406540897	0	0.00384109976751	0	7.81084880953e-05	1.83784677871e-05	0	0	0	0	0.0102414011744	1.83784677871e-05	9.18923389357e-06	4.59461694679e-06	0.00390082978782	0	0	4.59461694679e-06	0.00503570017368	0.00011486542367	7.81084880953e-05	0	4.59461694679e-06	2.75677016807e-05	6.4324637255e-05	4.59461694679e-06	0	0	0	0.00164487286695	0	0	3.21623186275e-05	0	9.18923389357e-05	4.13515525211e-05	0	3.21623186275e-05	0	9.18923389357e-06	0	0	0	0	0	8.72977219889e-05	4.59461694679e-06	0	0	5.05407864146e-05	0	0	0	2.29730847339e-05	4.59461694679e-06	4.59461694679e-06	0	0	0	0	9.18923389357e-06	0	3.67569355743e-05	4.59461694679e-06	8.27031050421e-05	4.59461694679e-06	0	0	0	0	0	0	0	0
0	0	4.59461694679e-06	0	0	0.00468191466877	0.000836220284315	4.59461694679e-06	0.00110730268418	0	9.18923389357e-06	2.75677016807e-05	9.18923389357e-06	0.000170000827031	0.000381353206583	0.000491624013306	0	0	0	0	0	4.59461694679e-06	0	9.18923389357e-06	0	1.37838508404e-05	4.59461694679e-06	0	0	0.000817841816528	4.59461694679e-06	0	0.00207676685995	4.59461694679e-06	0.00154379129412	0	0	0	0	0	0	0	0	0	0	0	0	0	0	0	0	0	0	0	0	0	0	0	0	0	0	0	0	0	0	0	0	0	0	0	2.75677016807e-05	2.29730847339e-05	0.000179190060925	3.67569355743e-05	0.000891355687676	0.00147946665686	0	0	0	0	0	0	0	0
0.00218244304972	4.59461694679e-06	6.89192542018e-05	0	0.000955680324931	0.000836220284315	0.0428953438152	0.00250866085294	0.0150473705007	0.0005008132472	0.014587908806	6.4324637255e-05	0.0141008794097	0.000248109315126	0.00530678257354	0.00256379625631	4.13515525211e-05	4.59461694679e-05	0	9.18923389357e-06	0.00371704510995	0.000137838508404	6.89192542018e-05	0.00012864927451	0.00135081738235	4.59461694679e-06	2.75677016807e-05	1.37838508404e-05	0.00233406540897	0.00418110142157	0.000647840989497	0	0.000652435606443	0.000353785504902	0.00282568942227	9.18923389357e-06	0	0	0	7.35138711486e-05	0	0	1.83784677871e-05	0	0.000119460040616	4.59461694679e-06	0	0.000160811593137	0	0	0	0	4.59461694679e-06	0	4.59461694679e-06	4.59461694679e-06	4.59461694679e-06	9.18923389357e-06	0	0.000110270806723	0	0	4.59461694679e-06	2.75677016807e-05	0	1.37838508404e-05	0	0	0	0	0.000739733328432	0.00011486542367	0.00119919502311	0.000362974738796	0.00195730681933	0.000762706413166	4.59461694679e-06	1.83784677871e-05	0	4.59461694679e-06	4.59461694679e-06	0	0	0
0.00452110307564	2.75677016807e-05	0.000294055484594	0	0.000799463348741	4.59461694679e-06	0.00250866085294	0.0327688080645	0.00166325133474	0.0016494674839	0.00351947658124	4.59461694679e-06	0.00176892752451	4.13515525211e-05	0.00106595113165	0.000188379294818	0.000505407864146	0.000110270806723	0	0	0.00175054905673	0.00148865589076	0.000464056311625	0.00136000661625	0.00460380618068	4.59461694679e-06	5.05407864146e-05	0.000101081572829	0.016926568832	0.00313812337465	0.00771436185365	0	0	0.000675408691177	0.00226974077171	4.59461694679e-05	4.59461694679e-06	0	0	4.13515525211e-05	0	9.18923389357e-06	0.000188379294818	4.59461694679e-06	0.00064324637255	3.67569355743e-05	0	1.83784677871e-05	0	1.83784677871e-05	4.59461694679e-06	9.18923389357e-06	0	0	0	9.18923389357e-06	2.75677016807e-05	5.97300203082e-05	3.21623186275e-05	0.000441083226891	0	0	0	0.000165406210084	1.37838508404e-05	6.4324637255e-05	0	0	0	9.18923389357e-06	0.000941896474091	0.000188379294818	0.000790274114847	0.000358380121849	0.000487029396359	0.00012864927451	4.59461694679e-06	3.67569355743e-05	4.59461694679e-06	9.18923389357e-06	4.59461694679e-06	1.37838508404e-05	0	0
0.00383650515057	9.18923389357e-06	5.51354033614e-05	0	0.000179190060925	0.00110730268418	0.0150473705007	0.00166325133474	0.0400972220946	0.00025729854902	0.00353785504902	0.000133243891457	0.00247649853432	0.000652435606443	0.0166279187304	0.00100622111135	3.67569355743e-05	3.21623186275e-05	0	2.75677016807e-05	0.000592705586135	0.000119460040616	5.51354033614e-05	0.000133243891457	0.000578921735295	1.37838508404e-05	4.59461694679e-05	1.83784677871e-05	0.00107973498249	0.00711246703362	0.000767301030113	0	0.00181027907703	0.000284866250701	0.00422704759104	4.59461694679e-06	0	0	0	4.59461694679e-06	0	0	1.37838508404e-05	0	5.51354033614e-05	0	0	4.59461694679e-06	0	0	0	0	0	0	0	0	0	1.83784677871e-05	0	4.13515525211e-05	0	0	4.59461694679e-06	9.18923389357e-06	0	4.59461694679e-06	0	0	0	0	0.00065703022339	0.000137838508404	0.00151162897549	0.000395137057424	0.0014335204874	0.00151622359244	1.83784677871e-05	1.37838508404e-05	0	0	4.59461694679e-06	0	0	0
0.000358380121849	9.18923389357e-06	9.18923389357e-05	0	0.000330812420169	0	0.0005008132472	0.0016494674839	0.00025729854902	0.0166279187304	0.000381353206583	0	0.00158514284664	9.18923389357e-06	0.000151622359244	0.000689192542018	0.000445677843838	2.75677016807e-05	0	4.59461694679e-06	0.000634057138656	0.000349190887956	0.00211352379552	0.000431893992998	0.00687354695239	0	4.59461694679e-06	5.51354033614e-05	0.0033586649881	0.000753517179273	0.00110730268418	0	0	0.000202163145659	0.000647840989497	0.000105676189776	4.59461694679e-06	2.29730847339e-05	0	2.29730847339e-05	0	3.21623186275e-05	0.000523786331934	4.13515525211e-05	0.00261433704272	0.000160811593137	0	4.59461694679e-05	0	4.59461694679e-05	4.59461694679e-06	4.13515525211e-05	4.59461694679e-06	0	0	2.29730847339e-05	0.00012864927451	0.000202163145659	0.000105676189776	0.00161730516527	0	0	1.37838508404e-05	0.000578921735295	2.29730847339e-05	0.000183784677871	0	0	2.29730847339e-05	5.97300203082e-05	0.000418110142157	6.89192542018e-05	0.000275677016807	0.000133243891457	0.0015024397416	3.67569355743e-05	0	7.35138711486e-05	9.18923389357e-06	5.05407864146e-05	9.18923389357e-06	3.67569355743e-05	0	0
0.000987842643559	0	1.37838508404e-05	0	0.00233406540897	9.18923389357e-06	0.014587908806	0.00351947658124	0.00353785504902	0.000381353206583	0.0313169091093	0	0.01355871461	1.37838508404e-05	0.00133703353151	0.000174595443978	1.83784677871e-05	9.18923389357e-06	0	0	0.00801760657214	5.97300203082e-05	2.29730847339e-05	4.13515525211e-05	0.00140135816877	0	0	4.59461694679e-06	0.00402488444538	0.000606489436976	0.000353785504902	0	0	9.18923389357e-05	0.000238920081233	9.18923389357e-06	0	0	0	0.000298650101541	0	0	2.75677016807e-05	0	0.000105676189776	1.83784677871e-05	0	0.000317028569328	0	0	0	0	0	0	0	9.18923389357e-06	4.59461694679e-06	0	0	8.27031050421e-05	0	0	0	1.83784677871e-05	0	9.18923389357e-06	0	0	0	0	0.000137838508404	4.59461694679e-06	9.18923389357e-05	2.75677016807e-05	0.000202163145659	1.83784677871e-05	4.59461694679e-06	9.18923389357e-06	0	0	0	0	0	0
9.18923389357e-06	0.000312433952381	0.000353785504902	0	0	2.75677016807e-05	6.4324637255e-05	4.59461694679e-06	0.000133243891457	0	0	0.028063920311	0	0.00858274445659	0.000124054657563	1.37838508404e-05	4.59461694679e-06	0.000799463348741	0.00236163311065	0.00498515938726	0	6.89192542018e-05	4.59461694679e-06	0.000133243891457	4.59461694679e-06	0.00423164220799	0.00902842230043	0.00130027659594	4.59461694679e-06	0.000367569355743	3.67569355743e-05	0.000367569355743	7.81084880953e-05	2.29730847339e-05	0.00548137801751	0	0.000330812420169	1.37838508404e-05	0	0	0	4.59461694679e-06	0	0	0	0	0.000510002481093	0	0.000220541613446	0	0	0	2.29730847339e-05	3.67569355743e-05	4.59461694679e-05	0	4.59461694679e-06	0	9.18923389357e-06	0	0.00052838094888	0.000344596271009	0.000289460867647	0	4.59461694679e-06	0	4.59461694679e-06	0	0	0.000105676189776	0.000362974738796	0.00368488279132	0.00493921321779	0.000680003308124	5.05407864146e-05	0.000165406210084	0.000693787158965	5.05407864146e-05	0.000464056311625	8.72977219889e-05	1.83784677871e-05	0	0	4.13515525211e-05
0.000872977219889	0	1.37838508404e-05	0	0.00384109976751	9.18923389357e-06	0.0141008794097	0.00176892752451	0.00247649853432	0.00158514284664	0.01355871461	0	0.0401018167115	1.37838508404e-05	0.000670814074231	0.0017091975042	1.83784677871e-05	4.59461694679e-06	0	4.59461694679e-06	0.0132738483593	3.67569355743e-05	2.75677016807e-05	4.59461694679e-05	0.00298650101541	0	4.59461694679e-06	4.59461694679e-06	0.00277514863586	0.00062946252171	0.00024351469818	0	4.59461694679e-06	8.72977219889e-05	0.000317028569328	9.18923389357e-06	0	0	0	0.00103838342997	0	4.59461694679e-06	2.75677016807e-05	0	0.000202163145659	7.35138711486e-05	0	0.00191595526681	0	0	0	0	0	0	0	2.75677016807e-05	4.59461694679e-06	0	0	0.000119460040616	0	0	0	2.75677016807e-05	0	9.18923389357e-06	0	0	0	0	0.00014243312535	9.18923389357e-06	0.000133243891457	3.67569355743e-05	0.000932707240197	3.67569355743e-05	0	0	0	0	0	0	0	0
1.83784677871e-05	0.000151622359244	0.000179190060925	0	0	0.000170000827031	0.000248109315126	4.13515525211e-05	0.000652435606443	9.18923389357e-06	1.37838508404e-05	0.00858274445659	1.37838508404e-05	0.0251555277836	0.000537570182774	9.18923389357e-06	1.83784677871e-05	0.000151622359244	0.000248109315126	0.000592705586135	0	8.27031050421e-05	3.21623186275e-05	0.000165406210084	2.75677016807e-05	0.00702976392858	0.00787057882984	0.00273839170028	3.21623186275e-05	0.00125433042647	6.4324637255e-05	0.00170000827031	0.00025729854902	2.29730847339e-05	0.00326677264916	0	0.000179190060925	1.37838508404e-05	0	0	0	4.59461694679e-06	0	4.59461694679e-06	4.59461694679e-06	0	0.000477840162466	0	0.000234325464286	0	0	1.37838508404e-05	9.18923389357e-06	2.75677016807e-05	6.4324637255e-05	0	0	2.29730847339e-05	9.18923389357e-06	0	0.000496218630253	0.00025729854902	0.000202163145659	0	4.59461694679e-06	0	4.59461694679e-06	0	0	0.00011486542367	0.000693787158965	0.00187919833124	0.00347353041177	0.00105216728081	0.000261893165967	0.00102459957913	0.00115324885364	0.000105676189776	0.000578921735295	0.000133243891457	9.64869558825e-05	4.59461694679e-06	0	0.00011486542367
0.00362055815407	1.83784677871e-05	7.35138711486e-05	0	7.81084880953e-05	0.000381353206583	0.00530678257354	0.00106595113165	0.0166279187304	0.000151622359244	0.00133703353151	0.000124054657563	0.000670814074231	0.000537570182774	0.0313031252584	0.000647840989497	1.37838508404e-05	3.67569355743e-05	0	2.75677016807e-05	0.000225136230392	5.97300203082e-05	3.67569355743e-05	9.64869558825e-05	0.000294055484594	1.37838508404e-05	4.59461694679e-05	1.83784677871e-05	0.000510002481093	0.00978653409665	0.000491624013306	0	0.00106595113165	0.000482434779412	0.00380434283194	4.59461694679e-06	0	0	0	9.18923389357e-06	0	0	4.59461694679e-06	0	1.83784677871e-05	0	0	4.59461694679e-06	4.59461694679e-06	0	0	0	0	0	0	0	0	0	0	4.59461694679e-05	4.59461694679e-06	0	4.59461694679e-06	9.18923389357e-06	0	0	0	0	0	0	0.000588110969188	7.81084880953e-05	0.00144730433824	0.000376758589636	0.00124054657563	0.00090054492157	1.37838508404e-05	2.29730847339e-05	0	0	4.59461694679e-06	0	0	0
0.000215946996499	0	1.37838508404e-05	0	1.83784677871e-05	0.000491624013306	0.00256379625631	0.000188379294818	0.00100622111135	0.000689192542018	0.000174595443978	1.37838508404e-05	0.0017091975042	9.18923389357e-06	0.000647840989497	0.00705733163026	0	9.18923389357e-06	0	0	0.000119460040616	1.83784677871e-05	1.83784677871e-05	2.75677016807e-05	0.00025729854902	0	9.18923389357e-06	4.59461694679e-06	0.000124054657563	0.000689192542018	0.000110270806723	0	2.29730847339e-05	5.05407864146e-05	0.00037216397269	0	0	0	0	0	0	0	9.18923389357e-06	0	2.29730847339e-05	0	4.59461694679e-06	0	0	0	0	0	0	0	0	0	0	0	0	2.75677016807e-05	0	0	0	9.18923389357e-06	4.59461694679e-06	4.59461694679e-06	0	0	0	4.59461694679e-06	0.000349190887956	2.29730847339e-05	0.000179190060925	9.64869558825e-05	0.00255920163936	7.35138711486e-05	0	3.21623186275e-05	4.59461694679e-06	1.37838508404e-05	1.37838508404e-05	0	0	0
7.81084880953e-05	6.4324637255e-05	0.000721354860645	0	0	0	4.13515525211e-05	0.000505407864146	3.67569355743e-05	0.000445677843838	1.83784677871e-05	4.59461694679e-06	1.83784677871e-05	1.83784677871e-05	1.37838508404e-05	0	0.0173722466758	0.00014243312535	0	0	9.18923389357e-06	0.00346434117788	0.00387326208614	0.00708489933194	0.0043602914825	0	5.05407864146e-05	0.00115324885364	0.00265568859524	0.000317028569328	0.000937301857144	0	0	6.89192542018e-05	0.0014243312535	1.83784677871e-05	2.29730847339e-05	1.83784677871e-05	0	0	0	4.59461694679e-06	2.75677016807e-05	0	0.000192973911765	0	0	4.59461694679e-06	0	4.59461694679e-06	0	0.00112568115196	9.18923389357e-06	0	4.59461694679e-06	0	0.00011486542367	0.000353785504902	0.000436488609945	0.000151622359244	0	4.59461694679e-06	0.000202163145659	0.000124054657563	4.59461694679e-06	7.35138711486e-05	0	0	0	2.75677016807e-05	0.000932707240197	0.000445677843838	0.000601894820029	0.000344596271009	0.000110270806723	4.59461694679e-05	4.59461694679e-06	5.51354033614e-05	3.21623186275e-05	2.29730847339e-05	2.29730847339e-05	0	0	0
5.97300203082e-05	0.00102919419608	0.0112522169027	0	0	0	4.59461694679e-05	0.000110270806723	3.21623186275e-05	2.75677016807e-05	9.18923389357e-06	0.000799463348741	4.59461694679e-06	0.000151622359244	3.67569355743e-05	9.18923389357e-06	0.00014243312535	0.0269290499251	9.64869558825e-05	0.00384569438446	0	0.00282109480533	0.00027108239986	0.0104251858523	5.51354033614e-05	0.00012864927451	0.0114635692822	0.0024351469818	0.000183784677871	0.000183784677871	0.00141054740266	4.59461694679e-06	4.59461694679e-06	4.59461694679e-05	0.00581219043768	0	0.000418110142157	9.18923389357e-06	0	0	0	0	0	0	0	0	2.29730847339e-05	0	1.37838508404e-05	0	0	1.37838508404e-05	1.37838508404e-05	9.18923389357e-06	4.13515525211e-05	0	0	8.72977219889e-05	1.37838508404e-05	0	3.67569355743e-05	0.00011486542367	0.000174595443978	0	0	4.59461694679e-06	0	0	4.59461694679e-06	3.67569355743e-05	0.00152541282633	0.00255001240547	0.00330812420169	0.00141514201961	0.000110270806723	0.000119460040616	5.05407864146e-05	0.00014243312535	4.59461694679e-05	2.29730847339e-05	9.18923389357e-06	0	0	0
0	4.13515525211e-05	2.75677016807e-05	0	0	0	0	0	0	0	0	0.00236163311065	0	0.000248109315126	0	0	0	9.64869558825e-05	0.00438326456723	0.00201244222269	0	4.59461694679e-06	0	2.29730847339e-05	0	0.000179190060925	0.00180108984314	0.000147027742297	0	4.59461694679e-06	0	4.59461694679e-06	0	0	0.00024351469818	0	5.05407864146e-05	0	0	0	0	0	0	0	0	0	2.75677016807e-05	0	9.18923389357e-06	0	0	0	0	4.59461694679e-06	4.59461694679e-06	0	0	0	0	0	5.05407864146e-05	4.59461694679e-05	3.21623186275e-05	0	0	0	0	0	0	9.18923389357e-06	1.37838508404e-05	0.000156216976191	0.000238920081233	3.67569355743e-05	0	0	9.18923389357e-06	0	4.59461694679e-06	9.18923389357e-06	0	0	0	9.18923389357e-06
0	0.000532975565827	0.000767301030113	0	0	0	9.18923389357e-06	0	2.75677016807e-05	4.59461694679e-06	0	0.00498515938726	4.59461694679e-06	0.000592705586135	2.75677016807e-05	0	0	0.00384569438446	0.00201244222269	0.0143076371723	0	5.97300203082e-05	2.29730847339e-05	0.000248109315126	0	0.000510002481093	0.00803598503993	0.00110270806723	4.59461694679e-06	7.81084880953e-05	2.75677016807e-05	2.75677016807e-05	4.59461694679e-06	4.59461694679e-06	0.00240757928012	0	0.000335407037115	9.18923389357e-06	0	0	0	0	0	0	0	0	0.000119460040616	0	6.4324637255e-05	0	0	0	2.29730847339e-05	2.29730847339e-05	3.21623186275e-05	0	4.59461694679e-06	1.37838508404e-05	9.18923389357e-06	0	0.00012864927451	0.000225136230392	0.000160811593137	0	0	0	0	0	0	1.83784677871e-05	0.000220541613446	0.00120378964006	0.00174135982283	0.000362974738796	4.59461694679e-05	4.59461694679e-05	4.13515525211e-05	3.21623186275e-05	7.81084880953e-05	3.67569355743e-05	1.37838508404e-05	0	0	1.37838508404e-05
0.000330812420169	0	0	0	0.0102414011744	0	0.00371704510995	0.00175054905673	0.000592705586135	0.000634057138656	0.00801760657214	0	0.0132738483593	0	0.000225136230392	0.000119460040616	9.18923389357e-06	0	0	0	0.0239517381436	1.83784677871e-05	9.18923389357e-06	1.37838508404e-05	0.00351947658124	0	0	0	0.00484732087886	0.000234325464286	0.000151622359244	0	4.59461694679e-06	4.13515525211e-05	0.000137838508404	0	0	0	0	0.0011394650028	0	0	3.67569355743e-05	0	0.000188379294818	2.29730847339e-05	0	0.000813247199581	0	4.59461694679e-06	0	0	0	0	0	9.18923389357e-06	0	0	0	9.64869558825e-05	0	0	0	1.83784677871e-05	0	0	0	0	0	0	6.4324637255e-05	9.18923389357e-06	6.89192542018e-05	2.29730847339e-05	0.000289460867647	4.59461694679e-06	4.59461694679e-06	0	0	0	0	0	0	0
0.000505407864146	0.000137838508404	0.00319325877802	0	1.83784677871e-05	4.59461694679e-06	0.000137838508404	0.00148865589076	0.000119460040616	0.000349190887956	5.97300203082e-05	6.89192542018e-05	3.67569355743e-05	8.27031050421e-05	5.97300203082e-05	1.83784677871e-05	0.00346434117788	0.00282109480533	4.59461694679e-06	5.97300203082e-05	1.83784677871e-05	0.0431296692795	0.0014335204874	0.0222517298733	0.00156676437885	4.59461694679e-06	0.000468650928572	0.000868382602942	0.007424900986	0.00111649191807	0.0143076371723	0	4.59461694679e-06	0.000307839335435	0.00824274280253	4.59461694679e-06	6.4324637255e-05	2.29730847339e-05	0	0	0	0	1.37838508404e-05	0	0.000165406210084	0	4.59461694679e-06	0	4.59461694679e-06	0	0	2.75677016807e-05	4.59461694679e-06	4.59461694679e-06	0	0	9.18923389357e-06	0.000165406210084	2.29730847339e-05	8.27031050421e-05	4.59461694679e-06	4.59461694679e-06	4.13515525211e-05	1.83784677871e-05	0	0	0	0	4.59461694679e-06	9.18923389357e-06	0.0024351469818	0.00111649191807	0.00266487782914	0.00147027742297	0.000261893165967	0.000280271633754	2.29730847339e-05	0.000137838508404	2.75677016807e-05	1.37838508404e-05	1.83784677871e-05	9.18923389357e-06	0	4.59461694679e-06
0.000151622359244	0.000978653409665	0.002072172243	0	9.18923389357e-06	0	6.89192542018e-05	0.000464056311625	5.51354033614e-05	0.00211352379552	2.29730847339e-05	4.59461694679e-06	2.75677016807e-05	3.21623186275e-05	3.67569355743e-05	1.83784677871e-05	0.00387326208614	0.00027108239986	0	2.29730847339e-05	9.18923389357e-06	0.0014335204874	0.0176663021604	0.00341839500841	0.00217784843278	0	0.000179190060925	0.00223757845308	0.00151162897549	0.000427299376051	0.000978653409665	0	0	0.000124054657563	0.00158054822969	3.67569355743e-05	0.000661624840337	0.000137838508404	0	0	0	9.18923389357e-06	6.4324637255e-05	4.59461694679e-06	0.000578921735295	9.18923389357e-06	0	4.59461694679e-06	0	4.59461694679e-06	0	0.00037216397269	4.13515525211e-05	0	4.59461694679e-06	0	0.00014243312535	0.00230649770729	0.000482434779412	0.000358380121849	0	2.29730847339e-05	0.000753517179273	0.000170000827031	9.18923389357e-06	0.000147027742297	0	0	9.18923389357e-06	0.000124054657563	0.0011394650028	0.00065703022339	0.000762706413166	0.000487029396359	0.00014243312535	0.00011486542367	4.59461694679e-06	0.000147027742297	0.000124054657563	8.27031050421e-05	5.97300203082e-05	9.18923389357e-06	4.59461694679e-06	0
0.000413515525211	0.000748922562326	0.0179144114755	0	4.59461694679e-06	9.18923389357e-06	0.00012864927451	0.00136000661625	0.000133243891457	0.000431893992998	4.13515525211e-05	0.000133243891457	4.59461694679e-05	0.000165406210084	9.64869558825e-05	2.75677016807e-05	0.00708489933194	0.0104251858523	2.29730847339e-05	0.000248109315126	1.37838508404e-05	0.0222517298733	0.00341839500841	0.0626476020694	0.0016494674839	1.83784677871e-05	0.00331731343558	0.00561921652592	0.00399272212676	0.00112568115196	0.00663462687116	0	1.83784677871e-05	0.000294055484594	0.0106778897843	9.18923389357e-06	0.000362974738796	6.4324637255e-05	0	0	0	0	9.18923389357e-06	0	0.000151622359244	0	9.18923389357e-06	0	4.59461694679e-06	0	0	9.64869558825e-05	2.29730847339e-05	4.59461694679e-06	4.59461694679e-06	0	1.83784677871e-05	0.000624867904763	0.00011486542367	7.35138711486e-05	9.18923389357e-06	5.05407864146e-05	0.00025729854902	3.67569355743e-05	0	4.59461694679e-05	0	0	9.18923389357e-06	8.27031050421e-05	0.00497137553642	0.00324839418138	0.00548137801751	0.00319785339496	0.000445677843838	0.000551354033614	4.13515525211e-05	0.000248109315126	5.51354033614e-05	6.89192542018e-05	6.4324637255e-05	4.59461694679e-06	0	9.18923389357e-06
0.000716760243698	2.75677016807e-05	0.00014243312535	0	0.00390082978782	0	0.00135081738235	0.00460380618068	0.000578921735295	0.00687354695239	0.00140135816877	4.59461694679e-06	0.00298650101541	2.75677016807e-05	0.000294055484594	0.00025729854902	0.0043602914825	5.51354033614e-05	0	0	0.00351947658124	0.00156676437885	0.00217784843278	0.0016494674839	0.0336280014335	0	2.29730847339e-05	5.51354033614e-05	0.0143030425553	0.00132324968067	0.00190676603292	0	4.59461694679e-06	0.000303244718488	0.00137838508404	7.81084880953e-05	0	1.37838508404e-05	0	6.4324637255e-05	0	1.37838508404e-05	0.000220541613446	1.37838508404e-05	0.00109811345028	7.81084880953e-05	0	5.51354033614e-05	0	3.21623186275e-05	4.59461694679e-06	1.83784677871e-05	0	0	0	9.18923389357e-06	7.81084880953e-05	0.000160811593137	7.81084880953e-05	0.000707571009805	0	0	4.59461694679e-06	0.000234325464286	2.29730847339e-05	0.000110270806723	0	0	4.59461694679e-06	2.29730847339e-05	0.000707571009805	0.000211352379552	0.000537570182774	0.000225136230392	0.000702976392858	3.67569355743e-05	9.18923389357e-06	2.75677016807e-05	9.18923389357e-06	1.83784677871e-05	4.59461694679e-06	9.18923389357e-06	0	0
4.59461694679e-06	0.000905139538517	5.51354033614e-05	0	0	1.37838508404e-05	4.59461694679e-06	4.59461694679e-06	1.37838508404e-05	0	0	0.00423164220799	0	0.00702976392858	1.37838508404e-05	0	0	0.00012864927451	0.000179190060925	0.000510002481093	0	4.59461694679e-06	0	1.83784677871e-05	0	0.0147027742297	0.00328515111695	0.00165406210084	4.59461694679e-06	4.13515525211e-05	4.59461694679e-06	0.000174595443978	4.59461694679e-06	0	0.000707571009805	0	0.000702976392858	9.18923389357e-06	0	0	0	0	0	0	0	0	0.00120378964006	0	0.000620273287816	0	0	0	2.75677016807e-05	0.000137838508404	0.000156216976191	0	4.59461694679e-06	0	1.37838508404e-05	0	0.00126351966037	0.000762706413166	0.000583516352242	0	4.59461694679e-06	0	1.83784677871e-05	0	0	0.000160811593137	5.97300203082e-05	0.00148865589076	0.000882166453783	0.00011486542367	9.18923389357e-06	1.83784677871e-05	0.000611084053922	2.75677016807e-05	0.00117622193838	0.000197568528712	2.29730847339e-05	0	0	0.000119460040616
1.83784677871e-05	0.00419029065547	0.0113303253908	0	0	4.59461694679e-06	2.75677016807e-05	5.05407864146e-05	4.59461694679e-05	4.59461694679e-06	0	0.00902842230043	4.59461694679e-06	0.00787057882984	4.59461694679e-05	9.18923389357e-06	5.05407864146e-05	0.0114635692822	0.00180108984314	0.00803598503993	0	0.000468650928572	0.000179190060925	0.00331731343558	2.29730847339e-05	0.00328515111695	0.0595232625456	0.0170368396387	7.81084880953e-05	0.000179190060925	0.000330812420169	0.00219163228362	0	2.75677016807e-05	0.00561921652592	0	0.00222379460224	7.81084880953e-05	0	0	0	4.59461694679e-06	0	4.59461694679e-06	4.59461694679e-06	0	0.000583516352242	0	0.000289460867647	4.59461694679e-06	0	9.18923389357e-06	0.00011486542367	0.000105676189776	0.00027108239986	0	9.18923389357e-06	8.72977219889e-05	3.21623186275e-05	4.59461694679e-06	0.000624867904763	0.00125433042647	0.00111189730112	4.59461694679e-06	0	4.59461694679e-06	9.18923389357e-06	0	0	0.000197568528712	0.00132324968067	0.00526083640407	0.00481056394328	0.00142892587045	9.18923389357e-05	0.00012864927451	0.000165406210084	0.000188379294818	0.000592705586135	0.000179190060925	6.4324637255e-05	0	0	5.51354033614e-05
4.59461694679e-05	0.00483353702802	0.0134300653355	0	4.59461694679e-06	0	1.37838508404e-05	0.000101081572829	1.83784677871e-05	5.51354033614e-05	4.59461694679e-06	0.00130027659594	4.59461694679e-06	0.00273839170028	1.83784677871e-05	4.59461694679e-06	0.00115324885364	0.0024351469818	0.000147027742297	0.00110270806723	0	0.000868382602942	0.00223757845308	0.00561921652592	5.51354033614e-05	0.00165406210084	0.0170368396387	0.0500078108488	0.000202163145659	0.000101081572829	0.000358380121849	0.000762706413166	4.59461694679e-06	2.29730847339e-05	0.00232028155813	4.59461694679e-06	0.00162189978222	0.000229730847339	0	0	0	0	2.75677016807e-05	4.59461694679e-06	1.37838508404e-05	0	0.000151622359244	0	0.000105676189776	4.59461694679e-06	0	0.00064324637255	0.000174595443978	3.21623186275e-05	0.00011486542367	0	4.59461694679e-05	0.000583516352242	0.000555948650561	2.75677016807e-05	0.000211352379552	0.000588110969188	0.00258217472409	4.13515525211e-05	4.59461694679e-06	4.59461694679e-05	4.59461694679e-06	0	0	0.000183784677871	0.00116243808754	0.00277974325281	0.0019940637549	0.000946491091038	0.000101081572829	9.18923389357e-05	2.75677016807e-05	0.000215946996499	0.000275677016807	0.000151622359244	7.35138711486e-05	0	4.59461694679e-06	4.59461694679e-06
0.00176892752451	4.13515525211e-05	0.000477840162466	0	0.00503570017368	0	0.00233406540897	0.016926568832	0.00107973498249	0.0033586649881	0.00402488444538	4.59461694679e-06	0.00277514863586	3.21623186275e-05	0.000510002481093	0.000124054657563	0.00265568859524	0.000183784677871	0	4.59461694679e-06	0.00484732087886	0.007424900986	0.00151162897549	0.00399272212676	0.0143030425553	4.59461694679e-06	7.81084880953e-05	0.000202163145659	0.0510829512144	0.00261433704272	0.00672651921009	0	0	0.000675408691177	0.0032116372458	7.35138711486e-05	9.18923389357e-06	1.37838508404e-05	0	0.000261893165967	0	1.83784677871e-05	0.000229730847339	1.83784677871e-05	0.00115324885364	8.27031050421e-05	0	4.59461694679e-05	0	3.67569355743e-05	9.18923389357e-06	1.83784677871e-05	0	0	0	4.59461694679e-06	7.35138711486e-05	0.000188379294818	5.51354033614e-05	0.000744327945379	0	0	1.37838508404e-05	0.00024351469818	1.83784677871e-05	0.00014243312535	0	0	0	2.29730847339e-05	0.00146568280602	0.000381353206583	0.00118541117227	0.000537570182774	0.000555948650561	0.000170000827031	4.59461694679e-06	8.27031050421e-05	2.29730847339e-05	2.29730847339e-05	9.18923389357e-06	1.37838508404e-05	0	0
0.00502651093978	3.67569355743e-05	0.000408920908264	0	0.00011486542367	0.000817841816528	0.00418110142157	0.00313812337465	0.00711246703362	0.000753517179273	0.000606489436976	0.000367569355743	0.00062946252171	0.00125433042647	0.00978653409665	0.000689192542018	0.000317028569328	0.000183784677871	4.59461694679e-06	7.81084880953e-05	0.000234325464286	0.00111649191807	0.000427299376051	0.00112568115196	0.00132324968067	4.13515525211e-05	0.000179190060925	0.000101081572829	0.00261433704272	0.0413929040736	0.00788436268068	0	0.00266947244608	0.00489786166527	0.0123227626513	1.83784677871e-05	1.83784677871e-05	4.59461694679e-06	0	9.18923389357e-06	0	0	7.81084880953e-05	0	0.000248109315126	0	0	0	4.59461694679e-06	4.59461694679e-06	0	9.18923389357e-06	0	0	0	0	1.83784677871e-05	6.89192542018e-05	1.83784677871e-05	0.000183784677871	9.18923389357e-06	0	1.37838508404e-05	7.35138711486e-05	0	2.75677016807e-05	0	0	4.59461694679e-06	1.37838508404e-05	0.00290839252731	0.000491624013306	0.00420866912326	0.00124054657563	0.00212730764636	0.00202622607353	2.75677016807e-05	8.27031050421e-05	0	1.83784677871e-05	2.29730847339e-05	1.83784677871e-05	0	0
0.0028578517409	0.000110270806723	0.0017183867381	0	7.81084880953e-05	4.59461694679e-06	0.000647840989497	0.00771436185365	0.000767301030113	0.00110730268418	0.000353785504902	3.67569355743e-05	0.00024351469818	6.4324637255e-05	0.000491624013306	0.000110270806723	0.000937301857144	0.00141054740266	0	2.75677016807e-05	0.000151622359244	0.0143076371723	0.000978653409665	0.00663462687116	0.00190676603292	4.59461694679e-06	0.000330812420169	0.000358380121849	0.00672651921009	0.00788436268068	0.038856675519	0	0	0.001208384257	0.009497073229	4.13515525211e-05	2.29730847339e-05	9.18923389357e-06	0	0	0	4.59461694679e-06	8.27031050421e-05	0	0.000454867077732	9.18923389357e-06	0	4.59461694679e-06	0	1.37838508404e-05	4.59461694679e-06	1.83784677871e-05	4.59461694679e-06	0	0	9.18923389357e-06	3.21623186275e-05	0.000133243891457	2.75677016807e-05	0.000289460867647	4.59461694679e-06	4.59461694679e-06	4.59461694679e-06	7.81084880953e-05	1.37838508404e-05	4.13515525211e-05	0	0	4.59461694679e-06	1.83784677871e-05	0.00288082482563	0.000804057965687	0.00255001240547	0.00134162814846	0.00051459709804	0.000284866250701	1.37838508404e-05	9.64869558825e-05	1.37838508404e-05	1.83784677871e-05	1.37838508404e-05	2.29730847339e-05	0	0
0	0	4.59461694679e-06	0	0	0	0	0	0	0	0	0.000367569355743	0	0.00170000827031	0	0	0	4.59461694679e-06	4.59461694679e-06	2.75677016807e-05	0	0	0	0	0	0.000174595443978	0.00219163228362	0.000762706413166	0	0	0	0.00250866085294	0	0	4.59461694679e-05	0	9.18923389357e-06	0	0	0	0	0	0	0	0	0	9.18923389357e-06	0	9.18923389357e-06	0	0	0	0	0	4.59461694679e-06	0	0	0	0	0	9.18923389357e-06	9.18923389357e-06	4.59461694679e-06	0	0	0	0	0	0	4.59461694679e-06	0	5.05407864146e-05	3.67569355743e-05	4.59461694679e-06	0	0	4.59461694679e-06	0	1.37838508404e-05	4.59461694679e-06	0	0	0	4.59461694679e-06
1.37838508404e-05	0	1.37838508404e-05	0	4.59461694679e-06	0.00207676685995	0.000652435606443	0	0.00181027907703	0	0	7.81084880953e-05	4.59461694679e-06	0.00025729854902	0.00106595113165	2.29730847339e-05	0	4.59461694679e-06	0	4.59461694679e-06	4.59461694679e-06	4.59461694679e-06	0	1.83784677871e-05	4.59461694679e-06	4.59461694679e-06	0	4.59461694679e-06	0	0.00266947244608	0	0	0.00549516186836	0	0.00188838756513	0	0	0	0	0	0	0	0	0	0	0	0	0	0	0	0	0	0	0	0	0	0	0	0	0	0	0	0	0	0	0	0	0	0	0	5.05407864146e-05	1.83784677871e-05	0.000248109315126	4.59461694679e-05	0.000192973911765	0.00112568115196	0	0	0	0	0	0	0	0
0.000748922562326	1.37838508404e-05	9.18923389357e-05	0	2.75677016807e-05	4.59461694679e-06	0.000353785504902	0.000675408691177	0.000284866250701	0.000202163145659	9.18923389357e-05	2.29730847339e-05	8.72977219889e-05	2.29730847339e-05	0.000482434779412	5.05407864146e-05	6.89192542018e-05	4.59461694679e-05	0	4.59461694679e-06	4.13515525211e-05	0.000307839335435	0.000124054657563	0.000294055484594	0.000303244718488	0	2.75677016807e-05	2.29730847339e-05	0.000675408691177	0.00489786166527	0.001208384257	0	0	0.00589029892578	0.00267866167998	4.59461694679e-06	0	0	0	0	0	0	9.18923389357e-06	0	5.97300203082e-05	4.59461694679e-06	0	0	0	0	0	4.59461694679e-06	0	0	0	0	4.59461694679e-06	9.18923389357e-06	9.18923389357e-06	5.51354033614e-05	0	0	4.59461694679e-06	1.37838508404e-05	0	0	0	0	4.59461694679e-06	9.18923389357e-06	0.00107514036555	0.000133243891457	0.00102919419608	0.000353785504902	0.000335407037115	0.000160811593137	0	3.67569355743e-05	4.59461694679e-06	9.18923389357e-06	9.18923389357e-06	4.59461694679e-06	0	0
0.0012864927451	0.000895950304623	0.00689192542018	0	6.4324637255e-05	0.00154379129412	0.00282568942227	0.00226974077171	0.00422704759104	0.000647840989497	0.000238920081233	0.00548137801751	0.000317028569328	0.00326677264916	0.00380434283194	0.00037216397269	0.0014243312535	0.00581219043768	0.00024351469818	0.00240757928012	0.000137838508404	0.00824274280253	0.00158054822969	0.0106778897843	0.00137838508404	0.000707571009805	0.00561921652592	0.00232028155813	0.0032116372458	0.0123227626513	0.009497073229	4.59461694679e-05	0.00188838756513	0.00267866167998	0.0584848791156	9.18923389357e-06	0.000376758589636	3.21623186275e-05	0	0	0	0	4.59461694679e-05	0	0.00024351469818	9.18923389357e-06	6.89192542018e-05	0	4.59461694679e-05	4.59461694679e-06	0	4.13515525211e-05	4.13515525211e-05	1.37838508404e-05	5.51354033614e-05	0	9.18923389357e-06	0.000234325464286	6.4324637255e-05	0.000183784677871	0.000110270806723	0.00012864927451	0.000225136230392	6.4324637255e-05	4.59461694679e-06	1.83784677871e-05	0	0	0	0.000110270806723	0.0112705953705	0.00605111051892	0.0248798507668	0.00846328441598	0.00313812337465	0.00431434531303	0.000353785504902	0.000666219457284	0.000147027742297	0.00012864927451	0.000119460040616	3.67569355743e-05	4.59461694679e-06	0
1.83784677871e-05	0	4.59461694679e-06	0	4.59461694679e-06	0	9.18923389357e-06	4.59461694679e-05	4.59461694679e-06	0.000105676189776	9.18923389357e-06	0	9.18923389357e-06	0	4.59461694679e-06	0	1.83784677871e-05	0	0	0	0	4.59461694679e-06	3.67569355743e-05	9.18923389357e-06	7.81084880953e-05	0	0	4.59461694679e-06	7.35138711486e-05	1.83784677871e-05	4.13515525211e-05	0	0	4.59461694679e-06	9.18923389357e-06	0.0226147046121	3.21623186275e-05	0.000101081572829	0	8.27031050421e-05	0	0.00177352214146	0.00884463762256	0.00402947906233	0.000601894820029	0.00166784595168	4.59461694679e-06	0.000454867077732	0	0.0085046359685	0.000367569355743	0.000156216976191	7.35138711486e-05	4.59461694679e-06	1.37838508404e-05	0.000284866250701	0.000542164799721	0.000197568528712	0.000615678670869	0.0019940637549	0	1.83784677871e-05	0.000119460040616	0.00178271137535	0.00644165295939	0.00253622855463	0	0	0.00138757431793	0.00256839087325	3.21623186275e-05	0	4.59461694679e-06	0	4.59461694679e-06	0	0	0.00130487121289	0.000234325464286	0.00146108818908	0.000464056311625	0.000592705586135	6.4324637255e-05	0
0	0.00338163807283	0.00117622193838	0	0	0	0	4.59461694679e-06	0	4.59461694679e-06	0	0.000330812420169	0	0.000179190060925	0	0	2.29730847339e-05	0.000418110142157	5.05407864146e-05	0.000335407037115	0	6.4324637255e-05	0.000661624840337	0.000362974738796	0	0.000702976392858	0.00222379460224	0.00162189978222	9.18923389357e-06	1.83784677871e-05	2.29730847339e-05	9.18923389357e-06	0	0	0.000376758589636	3.21623186275e-05	0.0232809240694	0.00163568363306	0	0	0	2.29730847339e-05	1.83784677871e-05	1.83784677871e-05	4.59461694679e-05	0	0.000808652582634	0	0.000418110142157	1.37838508404e-05	0	0.000229730847339	0.0015713589958	0.000261893165967	0.00145649357213	0	0.000124054657563	0.00376758589636	0.000937301857144	6.4324637255e-05	0.00218703766667	0.00624408443068	0.0128695220679	6.4324637255e-05	2.75677016807e-05	9.64869558825e-05	9.18923389357e-06	0	0	0.0017091975042	0.000238920081233	0.000923518006304	0.000408920908264	0.00012864927451	4.59461694679e-06	1.83784677871e-05	1.37838508404e-05	0.000464056311625	0.00177352214146	0.00116703270448	0.000459461694679	1.83784677871e-05	1.83784677871e-05	5.97300203082e-05
0	0.00024351469818	0.00011486542367	0	0	0	0	0	0	2.29730847339e-05	0	1.37838508404e-05	0	1.37838508404e-05	0	0	1.83784677871e-05	9.18923389357e-06	0	9.18923389357e-06	0	2.29730847339e-05	0.000137838508404	6.4324637255e-05	1.37838508404e-05	9.18923389357e-06	7.81084880953e-05	0.000229730847339	1.37838508404e-05	4.59461694679e-06	9.18923389357e-06	0	0	0	3.21623186275e-05	0.000101081572829	0.00163568363306	0.0234738979811	0	0	0	9.18923389357e-06	0.000174595443978	2.29730847339e-05	5.97300203082e-05	9.18923389357e-06	0.000101081572829	4.59461694679e-06	9.18923389357e-06	4.13515525211e-05	0	0.000882166453783	0.00766841568418	2.29730847339e-05	0.000459461694679	0	0.00129108736205	0.00145189895518	0.0089273407276	0.000170000827031	2.29730847339e-05	0.00335407037115	0.0087895022192	0.000404326291317	7.35138711486e-05	0.00119460040616	0	0	2.75677016807e-05	0.00244893083264	7.35138711486e-05	7.81084880953e-05	4.13515525211e-05	2.75677016807e-05	9.18923389357e-06	9.18923389357e-06	0	0.00119460040616	0.00182865754482	0.00182865754482	0.000895950304623	4.59461694679e-05	2.75677016807e-05	5.51354033614e-05
0	0	0	0	0	0	0	0	0	0	0	0	0	0	0	0	0	0	0	0	0	0	0	0	0	0	0	0	0	0	0	0	0	0	0	0	0	0	0	0	0	0	0	0	0	0	0	0	0	0	0	0	0	0	0	0	0	0	0	0	0	0	0	0	0	0	0	0	0	0	0	0	0	0	0	0	0	0	0	0	0	0	0	0
9.18923389357e-06	0	0	0	0.00164487286695	0	7.35138711486e-05	4.13515525211e-05	4.59461694679e-06	2.29730847339e-05	0.000298650101541	0	0.00103838342997	0	9.18923389357e-06	0	0	0	0	0	0.0011394650028	0	0	0	6.4324637255e-05	0	0	0	0.000261893165967	9.18923389357e-06	0	0	0	0	0	8.27031050421e-05	0	0	0	0.0110178914384	0	0.00011486542367	0.0011394650028	5.51354033614e-05	0.000124054657563	0.00224217307003	0	0.000211352379552	0	7.35138711486e-05	0	0	0	0	0	0.00367109894048	4.59461694679e-06	4.59461694679e-06	0	0.0038594782353	0	0	0	0.00412596601821	2.75677016807e-05	1.37838508404e-05	0	0	0	1.83784677871e-05	0	0	0	0	1.37838508404e-05	0	0	0	4.59461694679e-06	1.37838508404e-05	9.18923389357e-06	0	0	0
0	0	0	0	0	0	0	0	0	0	0	0	0	0	0	0	0	0	0	0	0	0	0	0	0	0	0	0	0	0	0	0	0	0	0	0	0	0	0	0	0.00265568859524	0.00155298052801	0	0.000716760243698	0	0	9.18923389357e-06	0	0	0.000133243891457	0.000578921735295	0	0	0	0	0	0	0	0	0	0	0	0	0	0.00014243312535	0	0	9.64869558825e-05	0	7.35138711486e-05	0	0	0	0	0	0	0	4.59461694679e-06	0	7.35138711486e-05	3.67569355743e-05	0.000303244718488	0.000468650928572	4.59461694679e-06
