0.019107945666	3.50202898804e-05	0.000192611594342	0	0.000332692753864	3.50202898804e-05	0.00120820000088	0.00740679130972	0.00332255000241	0.000520926811972	0.00177727971143	0.000411488406095	0.000437753623506	5.25304348207e-05	0.00726671015019	9.19282609362e-05	6.12855072908e-05	0.000210121739283	3.93978261155e-05	0.000240764492928	0.000520926811972	0.000293294927749	0.000135703623287	0.000350202898804	0.00167659637803	1.75101449402e-05	0.000302050000219	0.000161968840697	0.00182105507378	0.0101602616016	0.0049203507282	0	8.75507247011e-06	0.0022982065234	0.00205306449424	5.69079710557e-05	1.31326087052e-05	2.62652174103e-05	0	9.63057971712e-05	0	4.37753623506e-06	9.63057971712e-05	3.50202898804e-05	0.000490284058326	0	2.18876811753e-05	4.81528985856e-05	1.31326087052e-05	6.12855072908e-05	0	4.37753623506e-05	4.37753623506e-06	8.75507247011e-06	8.75507247011e-06	0	6.12855072908e-05	0.000175101449402	5.69079710557e-05	0.000293294927749	1.75101449402e-05	2.62652174103e-05	4.37753623506e-05	0.000253897101633	8.75507247011e-05	0.000175101449402	0	0	7.4418115996e-05	9.63057971712e-05	0.000420243478565	6.12855072908e-05	0.00116880217476	0.000302050000219	0.000113815942111	7.8795652231e-05	4.37753623506e-06	0.000100683333406	3.06427536454e-05	6.56630435258e-05	1.31326087052e-05	4.37753623506e-06	1.31326087052e-05	4.37753623506e-06
3.50202898804e-05	0.0159517420405	0.00104185362394	0	2.62652174103e-05	0	3.50202898804e-05	7.8795652231e-05	3.93978261155e-05	0.00246455290034	3.50202898804e-05	0.000183856521872	4.37753623506e-05	0.000183856521872	3.06427536454e-05	7.4418115996e-05	0.000350202898804	0.00121257753711	4.37753623506e-05	0.00036333550751	1.75101449402e-05	0.000157591304462	0.00423745507553	0.00038960072492	0.00185169782743	0.000735426087489	0.00211435000153	0.00917531594868	0.000126948550817	7.00405797609e-05	0.000122571014582	1.31326087052e-05	0	4.81528985856e-05	0.000704783333844	1.31326087052e-05	0.00472773913386	0.000385223188685	0	8.75507247011e-06	0	0	2.18876811753e-05	8.75507247011e-06	2.62652174103e-05	0	7.00405797609e-05	0	0.000188234058107	1.31326087052e-05	0	0.000153213768227	0.000323937681394	6.56630435258e-05	0.000183856521872	4.37753623506e-06	6.12855072908e-05	0.000275784782809	0.000205744203048	3.50202898804e-05	0.000748558696195	0.00215374782765	0.00379532391579	5.25304348207e-05	2.62652174103e-05	1.75101449402e-05	2.18876811753e-05	4.37753623506e-06	0	6.12855072908e-05	0.00077044637737	0.000350202898804	0.000757313768665	0.000271407246573	6.56630435258e-05	4.37753623506e-06	1.31326087052e-05	0.000319560145159	0.00039835579739	0.000144458695757	5.69079710557e-05	4.37753623506e-06	4.37753623506e-06	8.75507247011e-06
0.000192611594342	0.00104185362394	0.034937116692	0	4.37753623506e-06	4.37753623506e-06	9.63057971712e-05	0.00125197536323	0.000288917391514	0.000227631884223	3.93978261155e-05	0.000157591304462	8.75507247011e-06	2.62652174103e-05	0.000306427536454	1.75101449402e-05	0.000310805072689	0.00425934275671	5.69079710557e-05	0.000455263768446	1.31326087052e-05	0.00137016884157	0.000459641304681	0.0106067702975	0.000490284058326	1.75101449402e-05	0.00712225145444	0.0116923992838	0.000919282609362	0.000140081159522	0.00108562898629	1.31326087052e-05	8.75507247011e-06	0.000100683333406	0.00235511449446	3.93978261155e-05	0.00350202898804	0.00116004710229	0	4.37753623506e-06	0	0	3.93978261155e-05	1.31326087052e-05	7.4418115996e-05	4.37753623506e-06	4.37753623506e-05	8.75507247011e-06	4.37753623506e-05	4.37753623506e-05	0	0.000170723913167	0.00077920144984	3.06427536454e-05	0.000258274637868	4.37753623506e-06	8.75507247011e-05	0.0004246210148	0.000477151449621	7.4418115996e-05	0.000170723913167	0.00233322681328	0.00488533043832	0.000105060869641	5.25304348207e-05	8.75507247011e-05	8.75507247011e-06	0	3.06427536454e-05	0.000170723913167	0.00315620362548	0.00275784782809	0.00342761087205	0.00140518913145	0.000175101449402	4.37753623506e-05	0	0.000446508695976	0.000634742754083	0.000258274637868	7.8795652231e-05	4.37753623506e-06	4.37753623506e-06	2.18876811753e-05
0	0	0	0	0	0	0	0	0	0	0	0	0	0	0	0	0	0	0	0	0	0	0	0	0	0	0	0	0	0	0	0	0	0	0	0	0	0	0	0	0	0	0	0	0	0	0	0	0	0	0	0	0	0	0	0	0	0	0	0	0	0	0	0	0	0	0	0	0	0	0	0	0	0	0	0	0	0	0	0	0	0	0	0
0.000332692753864	2.62652174103e-05	4.37753623506e-06	0	0.0118281029071	2.18876811753e-05	0.00125635289946	0.00122571014582	0.00114691449358	0.000993700725358	0.00708723116456	0.000179478985637	0.0025477260888	4.37753623506e-06	0.000731048551254	0.000223254347988	4.37753623506e-06	3.06427536454e-05	4.81528985856e-05	0.000113815942111	0.00695152754127	4.37753623506e-06	3.50202898804e-05	1.75101449402e-05	0.0029723471036	4.37753623506e-06	9.63057971712e-05	3.93978261155e-05	0.00393102753908	0.000595344927968	4.37753623506e-05	4.37753623506e-06	4.37753623506e-06	0.000175101449402	0.000608477536673	1.75101449402e-05	4.37753623506e-06	0	0	0.0027228275382	0	1.31326087052e-05	5.25304348207e-05	2.18876811753e-05	0.000402733333625	9.63057971712e-05	8.75507247011e-06	3.50202898804e-05	4.37753623506e-06	1.75101449402e-05	0	8.75507247011e-06	0	0	4.37753623506e-06	0.000183856521872	4.37753623506e-06	1.31326087052e-05	4.37753623506e-06	0.000783578986075	8.75507247011e-06	8.75507247011e-06	8.75507247011e-06	0.000310805072689	2.62652174103e-05	8.75507247011e-06	0	0	1.31326087052e-05	2.18876811753e-05	0.000148836231992	8.75507247011e-06	0.000402733333625	3.06427536454e-05	0.000140081159522	4.37753623506e-05	0	1.75101449402e-05	4.37753623506e-06	0	0	8.75507247011e-06	4.37753623506e-06	0
3.50202898804e-05	0	4.37753623506e-06	0	2.18876811753e-05	0.00595344927968	0.0037209057998	0.000105060869641	0.00235073695823	4.37753623506e-06	0.00036333550751	5.69079710557e-05	0.000258274637868	5.69079710557e-05	0.00038960072492	0.001173179711	0	1.31326087052e-05	4.37753623506e-06	1.31326087052e-05	9.63057971712e-05	1.75101449402e-05	4.37753623506e-06	2.62652174103e-05	2.62652174103e-05	0	1.75101449402e-05	1.31326087052e-05	3.06427536454e-05	0.000315182608924	1.31326087052e-05	0	0.00201366666813	1.31326087052e-05	0.000358957971275	0	0	0	0	1.31326087052e-05	0	0	0	0	4.37753623506e-06	0	4.37753623506e-06	2.62652174103e-05	4.37753623506e-06	0	0	0	0	0	0	0	4.37753623506e-06	0	4.37753623506e-06	4.37753623506e-06	0	4.37753623506e-06	0	0	4.37753623506e-06	0	0	0	4.37753623506e-06	4.37753623506e-06	0.000166346376932	1.75101449402e-05	0.000280162319044	0.000135703623287	0.000665385507729	0.000345825362569	0	0	0	0	0	0	4.37753623506e-06	8.75507247011e-06
0.00120820000088	3.50202898804e-05	9.63057971712e-05	0	0.00125635289946	0.0037209057998	0.0509019913412	0.00650064130906	0.0286641072671	0.000455263768446	0.0227938311759	0.0022982065234	0.0129137318934	0.000345825362569	0.00903085725292	0.00444757681482	2.18876811753e-05	0.000140081159522	0.000236386956693	0.00077044637737	0.00407548623484	0.000100683333406	3.93978261155e-05	0.000161968840697	0.00135265869663	3.93978261155e-05	0.00081422173972	0.000258274637868	0.00341447826334	0.00442568913364	0.000319560145159	6.56630435258e-05	0.00169410652297	0.00039835579739	0.00513047246749	1.75101449402e-05	1.31326087052e-05	4.37753623506e-06	0	0.000512171739502	0	8.75507247011e-06	7.4418115996e-05	1.75101449402e-05	0.000267029710338	1.31326087052e-05	3.93978261155e-05	0.000967435507947	8.75507247011e-05	5.25304348207e-05	0	1.31326087052e-05	0	4.37753623506e-06	8.75507247011e-06	3.50202898804e-05	1.75101449402e-05	6.56630435258e-05	2.18876811753e-05	0.000293294927749	7.00405797609e-05	5.69079710557e-05	5.25304348207e-05	0.000253897101633	6.56630435258e-05	5.69079710557e-05	4.37753623506e-06	0	4.37753623506e-05	9.19282609362e-05	0.00126510797193	0.000175101449402	0.0022106557987	0.000503416667031	0.00100245579783	0.000853619565836	2.18876811753e-05	4.37753623506e-05	3.93978261155e-05	6.12855072908e-05	3.50202898804e-05	4.37753623506e-06	1.75101449402e-05	8.75507247011e-06
0.00740679130972	7.8795652231e-05	0.00125197536323	0	0.00122571014582	0.000105060869641	0.00650064130906	0.0628439101905	0.0115960934867	0.00256085869751	0.00952114131125	0.000914905073127	0.000897394928187	0.000131326087052	0.0105892601526	0.000884262319481	0.000245142029163	0.00078795652231	0.000131326087052	0.000569079710557	0.00123008768205	0.0019480036246	0.000332692753864	0.00240764492928	0.00955616160113	3.93978261155e-05	0.000989323189123	0.00081422173972	0.0191954963907	0.00646999855541	0.0149799289964	2.18876811753e-05	0.000109438405876	0.00345825362569	0.00662321232364	0.000271407246573	8.31731884661e-05	7.4418115996e-05	0	0.000315182608924	0	4.37753623506e-05	0.000542814493147	0.000166346376932	0.00233322681328	3.93978261155e-05	0.000109438405876	5.25304348207e-05	3.93978261155e-05	0.000310805072689	4.37753623506e-06	0.000323937681394	3.06427536454e-05	1.31326087052e-05	3.06427536454e-05	5.69079710557e-05	0.000223254347988	0.000748558696195	0.000293294927749	0.0027096949295	4.81528985856e-05	0.000109438405876	0.000218876811753	0.00217563550882	0.000520926811972	0.000625987681613	4.37753623506e-06	1.31326087052e-05	0.000288917391514	0.000555947101852	0.00247330797281	0.000306427536454	0.00531870652559	0.00151462753733	0.000862374638306	0.000306427536454	2.62652174103e-05	0.000477151449621	0.000175101449402	0.000350202898804	0.000161968840697	1.75101449402e-05	8.31731884661e-05	8.75507247011e-06
0.00332255000241	3.93978261155e-05	0.000288917391514	0	0.00114691449358	0.00235073695823	0.0286641072671	0.0115960934867	0.0524779043859	0.000459641304681	0.0134259036329	0.00310367319065	0.00695152754127	0.000468396377151	0.0224086079873	0.00266591956715	6.56630435258e-05	0.000280162319044	0.000332692753864	0.000932415218067	0.00295045942243	0.000341447826334	0.000100683333406	0.000477151449621	0.00207495217542	3.93978261155e-05	0.00120382246464	0.000428998551036	0.00386098695932	0.0071178739182	0.00162406594321	7.00405797609e-05	0.00198302391448	0.000661007971493	0.00721855725161	6.56630435258e-05	2.62652174103e-05	1.31326087052e-05	0	0.000367713043745	0	2.18876811753e-05	0.000109438405876	4.37753623506e-05	0.000490284058326	8.75507247011e-06	4.37753623506e-05	0.000625987681613	0.000113815942111	9.19282609362e-05	0	3.93978261155e-05	0	8.75507247011e-06	1.75101449402e-05	3.06427536454e-05	5.25304348207e-05	0.000144458695757	7.4418115996e-05	0.000455263768446	0.000118193478347	0.000100683333406	0.000100683333406	0.000446508695976	0.000131326087052	0.000140081159522	4.37753623506e-06	0	9.19282609362e-05	0.000170723913167	0.00171599420414	0.000232009420458	0.0031211833356	0.000857997102071	0.00105936376888	0.000963057971712	2.18876811753e-05	0.000100683333406	5.25304348207e-05	0.000109438405876	5.69079710557e-05	4.37753623506e-06	2.18876811753e-05	1.31326087052e-05
0.000520926811972	0.00246455290034	0.000227631884223	0	0.000993700725358	4.37753623506e-06	0.000455263768446	0.00256085869751	0.000459641304681	0.0282394862523	0.00141394420392	0.000105060869641	0.00224129855235	3.06427536454e-05	0.00035458043504	0.00164157608815	0.00151900507356	0.000179478985637	2.62652174103e-05	8.31731884661e-05	0.00147522971121	0.000665385507729	0.0088032253687	0.00109000652253	0.015588406533	6.12855072908e-05	0.000284539855279	0.00230258405964	0.00357206956781	0.000949925363007	0.00128261811687	0	1.31326087052e-05	0.000783578986075	0.00108562898629	0.000293294927749	0.000109438405876	0.000192611594342	0	0.00109438405876	0	4.81528985856e-05	0.000669763043964	0.000196989130578	0.00586589855498	0.000113815942111	0.000113815942111	8.75507247011e-05	1.75101449402e-05	0.000332692753864	1.75101449402e-05	0.00179916739261	4.81528985856e-05	2.18876811753e-05	3.06427536454e-05	0.000297672463984	0.00137892391404	0.00512171739502	0.0016984840592	0.00582650072886	2.62652174103e-05	0.000122571014582	0.000297672463984	0.00353267174169	0.000529681884442	0.00121695507335	0	2.18876811753e-05	0.000306427536454	0.000717915942549	0.00124322029076	0.000170723913167	0.00107687391382	0.00035458043504	0.00128261811687	1.31326087052e-05	0	0.000647875362788	0.000267029710338	0.000534059420677	0.000214499275518	7.4418115996e-05	9.63057971712e-05	4.37753623506e-06
0.00177727971143	3.50202898804e-05	3.93978261155e-05	0	0.00708723116456	0.00036333550751	0.0227938311759	0.00952114131125	0.0134259036329	0.00141394420392	0.0554327413445	0.00165033116062	0.0169498203021	0.000122571014582	0.00578272536651	0.00155402536344	2.18876811753e-05	0.000157591304462	0.000236386956693	0.000822976812191	0.0121301529073	6.56630435258e-05	2.18876811753e-05	0.000135703623287	0.00245579782787	8.75507247011e-06	0.00075293623243	0.000232009420458	0.0106549231961	0.00385223188685	0.000188234058107	3.06427536454e-05	0.00037209057998	0.000849242029601	0.00452637246705	2.18876811753e-05	1.31326087052e-05	4.37753623506e-06	0	0.00230258405964	0	1.75101449402e-05	7.8795652231e-05	1.75101449402e-05	0.000665385507729	0.000118193478347	1.31326087052e-05	0.00179916739261	4.37753623506e-05	4.37753623506e-05	0	4.37753623506e-06	0	4.37753623506e-06	4.37753623506e-06	0.000205744203048	4.37753623506e-06	2.18876811753e-05	4.37753623506e-06	0.00128261811687	7.4418115996e-05	3.50202898804e-05	5.25304348207e-05	0.000547192029382	3.50202898804e-05	2.62652174103e-05	0	0	8.75507247011e-06	4.37753623506e-05	0.000831731884661	0.000105060869641	0.0024601753641	0.000367713043745	0.000512171739502	0.000468396377151	8.75507247011e-06	5.25304348207e-05	2.18876811753e-05	2.18876811753e-05	1.31326087052e-05	1.31326087052e-05	8.75507247011e-06	0
0.000411488406095	0.000183856521872	0.000157591304462	0	0.000179478985637	5.69079710557e-05	0.0022982065234	0.000914905073127	0.00310367319065	0.000105060869641	0.00165033116062	0.031789668139	0.000941170290537	0.00593593913474	0.00273596014691	0.000192611594342	6.12855072908e-05	0.00142707681263	0.00523553333713	0.00972250797806	0.000485906522091	0.000135703623287	9.19282609362e-05	0.000376468116215	0.00039835579739	0.00135703623287	0.00928037681832	0.00245579782787	0.000582212319262	0.00352829420546	0.000218876811753	0.000748558696195	0.000253897101633	0.000315182608924	0.0133208427633	1.75101449402e-05	8.31731884661e-05	2.18876811753e-05	0	5.69079710557e-05	0	4.37753623506e-06	3.06427536454e-05	2.18876811753e-05	9.63057971712e-05	4.37753623506e-06	0.000989323189123	0.000131326087052	0.00218001304506	3.06427536454e-05	4.37753623506e-06	1.31326087052e-05	1.31326087052e-05	0.000232009420458	5.25304348207e-05	3.06427536454e-05	2.18876811753e-05	5.69079710557e-05	7.00405797609e-05	0.000113815942111	0.00206619710295	0.000941170290537	0.000464018840916	7.4418115996e-05	3.06427536454e-05	3.50202898804e-05	0.00038960072492	0	8.75507247011e-06	7.4418115996e-05	0.00256961376998	0.00259150145115	0.00774823913605	0.00219314565376	0.000118193478347	9.63057971712e-05	0.000332692753864	0.000109438405876	0.000280162319044	0.000153213768227	3.50202898804e-05	0	1.31326087052e-05	8.75507247011e-06
0.000437753623506	4.37753623506e-05	8.75507247011e-06	0	0.0025477260888	0.000258274637868	0.0129137318934	0.000897394928187	0.00695152754127	0.00224129855235	0.0169498203021	0.000941170290537	0.0380276572739	7.00405797609e-05	0.00299423478478	0.00258712391492	1.31326087052e-05	8.31731884661e-05	9.63057971712e-05	0.000433376087271	0.0109088202978	4.37753623506e-05	9.63057971712e-05	8.75507247011e-05	0.00199615652319	0	0.000433376087271	0.000153213768227	0.00131763840675	0.00168972898673	8.31731884661e-05	2.18876811753e-05	0.000302050000219	0.000148836231992	0.00233322681328	5.69079710557e-05	8.75507247011e-06	0	0	0.0014489644938	4.37753623506e-06	0.000122571014582	4.37753623506e-05	9.63057971712e-05	0.000503416667031	9.19282609362e-05	3.50202898804e-05	0.00347576377063	2.62652174103e-05	8.31731884661e-05	7.4418115996e-05	0	4.37753623506e-06	1.31326087052e-05	8.75507247011e-06	0.000844864493366	4.37753623506e-06	1.31326087052e-05	4.37753623506e-06	0.00105498623265	2.62652174103e-05	2.62652174103e-05	2.18876811753e-05	0.000302050000219	8.75507247011e-05	8.75507247011e-06	0	1.31326087052e-05	1.75101449402e-05	7.8795652231e-05	0.00041586594233	4.81528985856e-05	0.00114691449358	0.000166346376932	0.000757313768665	0.00037209057998	4.37753623506e-06	3.50202898804e-05	1.75101449402e-05	5.25304348207e-05	1.75101449402e-05	2.18876811753e-05	2.62652174103e-05	0
5.25304348207e-05	0.000183856521872	2.62652174103e-05	0	4.37753623506e-06	5.69079710557e-05	0.000345825362569	0.000131326087052	0.000468396377151	3.06427536454e-05	0.000122571014582	0.00593593913474	7.00405797609e-05	0.0135834949374	0.000323937681394	3.06427536454e-05	1.31326087052e-05	5.25304348207e-05	0.000161968840697	0.000249519565398	2.18876811753e-05	3.50202898804e-05	2.62652174103e-05	6.12855072908e-05	6.56630435258e-05	0.002123105074	0.00230696159587	0.00181230000131	5.25304348207e-05	0.00040711086986	3.06427536454e-05	0.00123008768205	4.81528985856e-05	4.81528985856e-05	0.00133952608793	0	4.81528985856e-05	1.75101449402e-05	0	8.75507247011e-06	0	4.37753623506e-06	4.37753623506e-06	1.75101449402e-05	3.93978261155e-05	0	0.0007616913049	1.75101449402e-05	0.00246455290034	1.75101449402e-05	4.37753623506e-06	0	0	0.000170723913167	3.50202898804e-05	1.31326087052e-05	0	1.31326087052e-05	1.31326087052e-05	2.18876811753e-05	0.00161531087074	0.000595344927968	0.000345825362569	1.31326087052e-05	1.75101449402e-05	1.75101449402e-05	0.000315182608924	4.37753623506e-06	4.37753623506e-06	3.06427536454e-05	0.000319560145159	0.000919282609362	0.00128261811687	0.00078795652231	1.75101449402e-05	8.31731884661e-05	0.000100683333406	8.75507247011e-05	0.000280162319044	0.000175101449402	5.69079710557e-05	0	1.75101449402e-05	0.000144458695757
0.00726671015019	3.06427536454e-05	0.000306427536454	0	0.000731048551254	0.00038960072492	0.00903085725292	0.0105892601526	0.0224086079873	0.00035458043504	0.00578272536651	0.00273596014691	0.00299423478478	0.000323937681394	0.0375986587229	0.000901772464422	6.56630435258e-05	0.000358957971275	0.000302050000219	0.000866752174541	0.00162406594321	0.00038960072492	9.19282609362e-05	0.000490284058326	0.00165470869685	3.93978261155e-05	0.00101996594277	0.000367713043745	0.00264403188597	0.0108825550803	0.00281913333538	3.50202898804e-05	0.00104185362394	0.00116880217476	0.00661007971493	4.81528985856e-05	3.50202898804e-05	3.06427536454e-05	0	0.000153213768227	0	1.31326087052e-05	7.00405797609e-05	3.06427536454e-05	0.00035458043504	4.37753623506e-06	3.93978261155e-05	0.000350202898804	7.00405797609e-05	3.50202898804e-05	0	3.50202898804e-05	4.37753623506e-06	4.37753623506e-06	8.75507247011e-06	8.75507247011e-06	5.69079710557e-05	0.000140081159522	7.8795652231e-05	0.000337070290099	8.75507247011e-05	6.12855072908e-05	7.8795652231e-05	0.000306427536454	8.75507247011e-05	0.000135703623287	4.37753623506e-06	0	5.25304348207e-05	0.000100683333406	0.00118193478347	0.000183856521872	0.0027228275382	0.000678518116434	0.000472773913386	0.000472773913386	1.31326087052e-05	0.000109438405876	3.06427536454e-05	8.31731884661e-05	4.81528985856e-05	4.37753623506e-06	1.31326087052e-05	2.18876811753e-05
9.19282609362e-05	7.4418115996e-05	1.75101449402e-05	0	0.000223254347988	0.001173179711	0.00444757681482	0.000884262319481	0.00266591956715	0.00164157608815	0.00155402536344	0.000192611594342	0.00258712391492	3.06427536454e-05	0.000901772464422	0.00933290725314	4.37753623506e-05	1.75101449402e-05	1.75101449402e-05	6.56630435258e-05	0.000639120290318	3.93978261155e-05	0.000183856521872	7.00405797609e-05	0.00124759782699	8.75507247011e-06	9.63057971712e-05	0.000109438405876	0.000739803623724	0.000450886232211	0.000118193478347	8.75507247011e-06	0.000310805072689	8.31731884661e-05	0.000634742754083	3.06427536454e-05	4.37753623506e-06	1.31326087052e-05	0	9.63057971712e-05	0	1.31326087052e-05	2.18876811753e-05	1.75101449402e-05	0.000170723913167	0	4.37753623506e-06	9.63057971712e-05	0	2.18876811753e-05	0	1.75101449402e-05	8.75507247011e-06	4.37753623506e-06	8.75507247011e-06	4.37753623506e-06	3.06427536454e-05	6.12855072908e-05	3.93978261155e-05	0.000144458695757	4.37753623506e-06	8.75507247011e-06	1.31326087052e-05	0.000109438405876	3.06427536454e-05	4.37753623506e-05	0	0	1.75101449402e-05	3.93978261155e-05	0.000367713043745	3.50202898804e-05	0.000717915942549	0.000188234058107	0.00198740145072	0.000135703623287	4.37753623506e-06	3.93978261155e-05	2.62652174103e-05	2.18876811753e-05	1.75101449402e-05	4.37753623506e-06	4.37753623506e-06	0
6.12855072908e-05	0.000350202898804	0.000310805072689	0	4.37753623506e-06	0	2.18876811753e-05	0.000245142029163	6.56630435258e-05	0.00151900507356	2.18876811753e-05	6.12855072908e-05	1.31326087052e-05	1.31326087052e-05	6.56630435258e-05	4.37753623506e-05	0.017803439868	0.000148836231992	1.31326087052e-05	7.8795652231e-05	4.37753623506e-06	0.00158904565333	0.00657505942505	0.00548943043876	0.00416741449577	1.75101449402e-05	0.000161968840697	0.00324813188641	0.00112064927617	0.000157591304462	0.00112064927617	0	4.37753623506e-06	7.8795652231e-05	0.00137454637781	1.75101449402e-05	0.000175101449402	0.000166346376932	0	4.37753623506e-06	0	4.37753623506e-06	3.06427536454e-05	1.31326087052e-05	6.56630435258e-05	4.37753623506e-06	2.18876811753e-05	0	0	2.18876811753e-05	0	0.00196551376954	6.56630435258e-05	0	1.31326087052e-05	0	0.000739803623724	0.00309491811818	0.00201366666813	0.000188234058107	1.75101449402e-05	0.000109438405876	0.000665385507729	0.000358957971275	4.81528985856e-05	0.000280162319044	0	4.37753623506e-06	2.18876811753e-05	0.000113815942111	0.00224129855235	0.00036333550751	0.00136579130534	0.000612855072908	0.000201366666813	1.75101449402e-05	0	0.000337070290099	0.000126948550817	0.000105060869641	5.69079710557e-05	0	4.37753623506e-06	0
0.000210121739283	0.00121257753711	0.00425934275671	0	3.06427536454e-05	1.31326087052e-05	0.000140081159522	0.00078795652231	0.000280162319044	0.000179478985637	0.000157591304462	0.00142707681263	8.31731884661e-05	5.25304348207e-05	0.000358957971275	1.75101449402e-05	0.000148836231992	0.029368890601	0.000652252899023	0.00552882826488	5.69079710557e-05	0.00154089275474	0.000293294927749	0.00491159565573	0.000306427536454	3.93978261155e-05	0.0126116818932	0.00667574275846	0.000485906522091	0.000288917391514	0.00139643405898	8.75507247011e-06	1.31326087052e-05	0.000100683333406	0.00926286667338	4.37753623506e-06	0.00145334203004	0.000100683333406	0	8.75507247011e-06	0	4.37753623506e-06	4.37753623506e-06	0	5.25304348207e-05	0	5.69079710557e-05	8.75507247011e-06	0.000122571014582	2.62652174103e-05	0	6.12855072908e-05	0.000170723913167	3.50202898804e-05	0.000205744203048	0	3.06427536454e-05	0.000131326087052	0.000179478985637	4.81528985856e-05	0.000547192029382	0.00191736087095	0.00180792246508	6.56630435258e-05	3.06427536454e-05	2.18876811753e-05	8.75507247011e-06	0	4.37753623506e-06	7.00405797609e-05	0.00258274637868	0.00152776014603	0.00435127101765	0.00158466811709	0.000126948550817	4.81528985856e-05	8.75507247011e-06	0.000214499275518	0.000210121739283	0.000144458695757	3.93978261155e-05	0	4.37753623506e-06	4.37753623506e-06
3.93978261155e-05	4.37753623506e-05	5.69079710557e-05	0	4.81528985856e-05	4.37753623506e-06	0.000236386956693	0.000131326087052	0.000332692753864	2.62652174103e-05	0.000236386956693	0.00523553333713	9.63057971712e-05	0.000161968840697	0.000302050000219	1.75101449402e-05	1.31326087052e-05	0.000652252899023	0.0088163579774	0.0057695927578	5.69079710557e-05	3.06427536454e-05	2.18876811753e-05	0.000109438405876	5.25304348207e-05	5.25304348207e-05	0.0025477260888	0.000420243478565	4.81528985856e-05	0.000411488406095	4.37753623506e-05	7.00405797609e-05	1.75101449402e-05	4.81528985856e-05	0.0021099724653	0	2.62652174103e-05	0	0	2.18876811753e-05	0	0	8.75507247011e-06	4.37753623506e-06	2.62652174103e-05	0	0.000118193478347	2.18876811753e-05	0.000542814493147	8.75507247011e-06	0	0	8.75507247011e-06	8.31731884661e-05	2.18876811753e-05	4.37753623506e-06	4.37753623506e-06	0	8.75507247011e-06	8.75507247011e-06	0.00041586594233	0.00036333550751	0.000157591304462	4.37753623506e-06	1.31326087052e-05	1.31326087052e-05	8.31731884661e-05	0	4.37753623506e-06	1.31326087052e-05	0.000599722464203	0.000232009420458	0.00138767898651	0.000459641304681	1.31326087052e-05	1.31326087052e-05	1.31326087052e-05	2.62652174103e-05	7.4418115996e-05	1.75101449402e-05	8.75507247011e-06	0	0	0
0.000240764492928	0.00036333550751	0.000455263768446	0	0.000113815942111	1.31326087052e-05	0.00077044637737	0.000569079710557	0.000932415218067	8.31731884661e-05	0.000822976812191	0.00972250797806	0.000433376087271	0.000249519565398	0.000866752174541	6.56630435258e-05	7.8795652231e-05	0.00552882826488	0.0057695927578	0.023205319582	0.000262652174103	0.000297672463984	0.000105060869641	0.000639120290318	0.000253897101633	0.000183856521872	0.0123271420379	0.00386536449555	0.00036333550751	0.000998078261593	0.000332692753864	0.000113815942111	3.93978261155e-05	0.000227631884223	0.0101208637754	0	0.000240764492928	2.18876811753e-05	0	3.93978261155e-05	0	0	1.31326087052e-05	8.75507247011e-06	5.25304348207e-05	0	0.000210121739283	4.81528985856e-05	0.000862374638306	1.31326087052e-05	0	1.75101449402e-05	2.18876811753e-05	0.000166346376932	7.00405797609e-05	0	1.75101449402e-05	3.50202898804e-05	3.93978261155e-05	4.37753623506e-05	0.00112940434864	0.00150587246486	0.000879884783246	4.81528985856e-05	1.75101449402e-05	1.31326087052e-05	7.4418115996e-05	0	8.75507247011e-06	3.93978261155e-05	0.003221866669	0.00074418115996	0.00627738696107	0.00196551376954	7.00405797609e-05	3.93978261155e-05	4.37753623506e-06	0.000122571014582	0.000170723913167	6.56630435258e-05	4.37753623506e-05	0	4.37753623506e-06	4.37753623506e-06
0.000520926811972	1.75101449402e-05	1.31326087052e-05	0	0.00695152754127	9.63057971712e-05	0.00407548623484	0.00123008768205	0.00295045942243	0.00147522971121	0.0121301529073	0.000485906522091	0.0109088202978	2.18876811753e-05	0.00162406594321	0.000639120290318	4.37753623506e-06	5.69079710557e-05	5.69079710557e-05	0.000262652174103	0.0208283174064	2.62652174103e-05	4.37753623506e-06	4.37753623506e-05	0.00171599420414	0	0.000258274637868	9.19282609362e-05	0.0033094173937	0.00119068985594	5.69079710557e-05	1.31326087052e-05	8.75507247011e-05	0.000253897101633	0.0016109333345	1.75101449402e-05	1.31326087052e-05	8.75507247011e-06	0	0.00235511449446	0	1.75101449402e-05	4.81528985856e-05	1.31326087052e-05	0.000573457246792	9.63057971712e-05	1.31326087052e-05	0.00038960072492	2.18876811753e-05	2.18876811753e-05	0	4.37753623506e-06	0	8.75507247011e-06	4.37753623506e-06	0.000201366666813	4.37753623506e-06	8.75507247011e-06	4.37753623506e-06	0.00118193478347	3.50202898804e-05	8.75507247011e-06	3.06427536454e-05	0.000437753623506	2.62652174103e-05	1.75101449402e-05	0	0	4.37753623506e-06	2.62652174103e-05	0.000302050000219	3.93978261155e-05	0.000936792754302	9.19282609362e-05	0.000302050000219	0.000196989130578	4.37753623506e-06	1.31326087052e-05	1.75101449402e-05	2.18876811753e-05	4.37753623506e-06	8.75507247011e-06	4.37753623506e-06	0
0.000293294927749	0.000157591304462	0.00137016884157	0	4.37753623506e-06	1.75101449402e-05	0.000100683333406	0.0019480036246	0.000341447826334	0.000665385507729	6.56630435258e-05	0.000135703623287	4.37753623506e-05	3.50202898804e-05	0.00038960072492	3.93978261155e-05	0.00158904565333	0.00154089275474	3.06427536454e-05	0.000297672463984	2.62652174103e-05	0.0337114065462	0.00121695507335	0.0170286159544	0.000901772464422	4.37753623506e-06	0.000866752174541	0.0016984840592	0.00876820507882	0.000402733333625	0.0110576565298	4.37753623506e-06	1.75101449402e-05	0.000157591304462	0.0081422173972	1.31326087052e-05	0.000218876811753	0.000196989130578	0	4.37753623506e-06	0	0	4.37753623506e-05	1.31326087052e-05	9.19282609362e-05	4.37753623506e-06	3.06427536454e-05	0	4.37753623506e-06	2.62652174103e-05	8.75507247011e-06	0.000612855072908	6.56630435258e-05	0	3.06427536454e-05	4.37753623506e-06	0.000428998551036	0.00132639347922	0.00112502681241	0.000122571014582	1.31326087052e-05	0.000148836231992	0.000687273188904	0.000236386956693	6.12855072908e-05	0.000258274637868	0	4.37753623506e-06	3.06427536454e-05	0.000100683333406	0.00265278695844	0.00077044637737	0.00491159565573	0.00235511449446	0.000520926811972	7.4418115996e-05	0	0.000249519565398	0.000131326087052	0.000161968840697	7.8795652231e-05	8.75507247011e-06	8.75507247011e-06	4.37753623506e-06
0.000135703623287	0.00423745507553	0.000459641304681	0	3.50202898804e-05	4.37753623506e-06	3.93978261155e-05	0.000332692753864	0.000100683333406	0.0088032253687	2.18876811753e-05	9.19282609362e-05	9.63057971712e-05	2.62652174103e-05	9.19282609362e-05	0.000183856521872	0.00657505942505	0.000293294927749	2.18876811753e-05	0.000105060869641	4.37753623506e-06	0.00121695507335	0.0243259688582	0.0044957297134	0.0063561826133	0.000113815942111	0.000464018840916	0.00773510652734	0.0011863123197	0.000223254347988	0.00077044637737	4.37753623506e-06	8.75507247011e-06	0.000179478985637	0.000980568116653	3.50202898804e-05	0.000713538406314	0.00035458043504	0	0	0	0	5.69079710557e-05	1.75101449402e-05	0.000166346376932	0	4.37753623506e-05	4.37753623506e-06	8.75507247011e-06	4.37753623506e-05	8.75507247011e-06	0.00398793551014	0.000113815942111	1.31326087052e-05	3.06427536454e-05	0	0.00177727971143	0.00829980870167	0.00428560797412	0.000446508695976	3.50202898804e-05	0.000262652174103	0.00206619710295	0.000696028261374	0.000105060869641	0.000520926811972	4.37753623506e-06	8.75507247011e-06	3.06427536454e-05	0.000232009420458	0.00149273985615	0.000288917391514	0.00101558840653	0.000442131159741	0.000210121739283	2.18876811753e-05	0	0.00038084565245	0.000236386956693	0.000218876811753	8.31731884661e-05	1.75101449402e-05	1.75101449402e-05	4.37753623506e-06
0.000350202898804	0.00038960072492	0.0106067702975	0	1.75101449402e-05	2.62652174103e-05	0.000161968840697	0.00240764492928	0.000477151449621	0.00109000652253	0.000135703623287	0.000376468116215	8.75507247011e-05	6.12855072908e-05	0.000490284058326	7.00405797609e-05	0.00548943043876	0.00491159565573	0.000109438405876	0.000639120290318	4.37753623506e-05	0.0170286159544	0.0044957297134	0.061438721059	0.00165033116062	1.75101449402e-05	0.00211435000153	0.0105323521815	0.00387411956802	0.00040711086986	0.00525304348207	8.75507247011e-06	1.31326087052e-05	0.000179478985637	0.00919282609362	4.37753623506e-05	0.00145771956627	0.00101996594277	0	8.75507247011e-06	0	8.75507247011e-06	0.000122571014582	2.18876811753e-05	0.000166346376932	4.37753623506e-06	5.69079710557e-05	4.37753623506e-06	2.62652174103e-05	3.06427536454e-05	0	0.00270093985703	0.00038960072492	8.75507247011e-06	3.93978261155e-05	4.37753623506e-06	0.00074418115996	0.00510420725008	0.00417179203201	0.000236386956693	6.56630435258e-05	0.000477151449621	0.00413239420589	0.00035458043504	7.00405797609e-05	0.000284539855279	4.37753623506e-06	8.75507247011e-06	2.62652174103e-05	0.000183856521872	0.00815097246967	0.00254334855257	0.00924535652844	0.0050691869602	0.00108125145006	0.000144458695757	1.31326087052e-05	0.000783578986075	0.000450886232211	0.00041586594233	0.000223254347988	8.75507247011e-06	1.75101449402e-05	4.37753623506e-06
0.00167659637803	0.00185169782743	0.000490284058326	0	0.0029723471036	2.62652174103e-05	0.00135265869663	0.00955616160113	0.00207495217542	0.015588406533	0.00245579782787	0.00039835579739	0.00199615652319	6.56630435258e-05	0.00165470869685	0.00124759782699	0.00416741449577	0.000306427536454	5.25304348207e-05	0.000253897101633	0.00171599420414	0.000901772464422	0.0063561826133	0.00165033116062	0.0563213812002	4.81528985856e-05	0.000525304348207	0.00259587898739	0.014936153634	0.00290230652384	0.00432500580024	0	2.62652174103e-05	0.00212748261024	0.00414114927836	0.000437753623506	0.000113815942111	0.000144458695757	0	0.000774823913605	0	3.50202898804e-05	0.000941170290537	0.000232009420458	0.00523553333713	7.4418115996e-05	0.000148836231992	5.25304348207e-05	3.06427536454e-05	0.000455263768446	8.75507247011e-06	0.000836109420896	9.19282609362e-05	1.75101449402e-05	3.06427536454e-05	0.000188234058107	0.000573457246792	0.00238137971187	0.000687273188904	0.00535372681547	4.37753623506e-05	0.000161968840697	0.000306427536454	0.00372966087227	0.000647875362788	0.00115566956605	0	1.75101449402e-05	0.000323937681394	0.000809844203485	0.00366399782874	0.000446508695976	0.00349765145181	0.00105060869641	0.000967435507947	0.000126948550817	0	0.000840486957131	0.000253897101633	0.000573457246792	0.000288917391514	4.81528985856e-05	0.000118193478347	4.37753623506e-06
1.75101449402e-05	0.000735426087489	1.75101449402e-05	0	4.37753623506e-06	0	3.93978261155e-05	3.93978261155e-05	3.93978261155e-05	6.12855072908e-05	8.75507247011e-06	0.00135703623287	0	0.002123105074	3.93978261155e-05	8.75507247011e-06	1.75101449402e-05	3.93978261155e-05	5.25304348207e-05	0.000183856521872	0	4.37753623506e-06	0.000113815942111	1.75101449402e-05	4.81528985856e-05	0.00639558043942	0.00132201594299	0.00246455290034	8.75507247011e-06	6.56630435258e-05	1.31326087052e-05	0.000131326087052	8.75507247011e-06	8.75507247011e-06	0.000258274637868	0	0.000105060869641	1.31326087052e-05	0	0	0	0	4.37753623506e-06	0	4.37753623506e-06	8.75507247011e-06	0.000262652174103	0	0.00109000652253	0	0	4.37753623506e-06	4.37753623506e-06	6.12855072908e-05	1.75101449402e-05	4.37753623506e-06	0	1.31326087052e-05	0	8.75507247011e-06	0.00158466811709	0.000516549275737	0.000468396377151	8.75507247011e-06	0	0	0.000100683333406	0	0	8.75507247011e-06	5.69079710557e-05	0.000455263768446	0.000245142029163	3.06427536454e-05	4.37753623506e-06	0	0.000144458695757	1.31326087052e-05	6.12855072908e-05	3.50202898804e-05	0	0	0	4.37753623506e-06
0.000302050000219	0.00211435000153	0.00712225145444	0	9.63057971712e-05	1.75101449402e-05	0.00081422173972	0.000989323189123	0.00120382246464	0.000284539855279	0.00075293623243	0.00928037681832	0.000433376087271	0.00230696159587	0.00101996594277	9.63057971712e-05	0.000161968840697	0.0126116818932	0.0025477260888	0.0123271420379	0.000258274637868	0.000866752174541	0.000464018840916	0.00211435000153	0.000525304348207	0.00132201594299	0.0627432268571	0.0176502260997	0.000709160870079	0.00111627173994	0.000928037681832	0.00167659637803	6.12855072908e-05	0.000249519565398	0.00975315073171	2.18876811753e-05	0.00271407246573	0.000188234058107	0	3.93978261155e-05	0	0	4.37753623506e-05	3.06427536454e-05	7.8795652231e-05	1.75101449402e-05	0.00102872101524	3.93978261155e-05	0.0049947688442	5.69079710557e-05	0	6.56630435258e-05	0.000218876811753	0.000818599275956	0.000639120290318	8.75507247011e-06	4.81528985856e-05	0.000153213768227	0.000196989130578	5.25304348207e-05	0.00699968043985	0.0082166355132	0.00567766449687	7.4418115996e-05	0.000109438405876	4.81528985856e-05	0.000569079710557	0	1.75101449402e-05	0.000223254347988	0.00475400435127	0.00205744203048	0.00713538406314	0.00247330797281	0.000157591304462	9.19282609362e-05	3.06427536454e-05	0.000446508695976	0.000941170290537	0.000459641304681	0.000100683333406	8.75507247011e-06	8.75507247011e-06	4.81528985856e-05
0.000161968840697	0.00917531594868	0.0116923992838	0	3.93978261155e-05	1.31326087052e-05	0.000258274637868	0.00081422173972	0.000428998551036	0.00230258405964	0.000232009420458	0.00245579782787	0.000153213768227	0.00181230000131	0.000367713043745	0.000109438405876	0.00324813188641	0.00667574275846	0.000420243478565	0.00386536449555	9.19282609362e-05	0.0016984840592	0.00773510652734	0.0105323521815	0.00259587898739	0.00246455290034	0.0176502260997	0.0805816870149	0.00081422173972	0.000385223188685	0.001024343479	0.000617232609143	1.31326087052e-05	0.000188234058107	0.00657505942505	5.25304348207e-05	0.00900459203551	0.00199177898695	0	8.75507247011e-06	0	8.75507247011e-06	8.75507247011e-05	5.25304348207e-05	0.000135703623287	4.37753623506e-06	0.000525304348207	1.31326087052e-05	0.00271407246573	7.4418115996e-05	0	0.00129137318934	0.000954302899242	0.00037209057998	0.000691650725139	1.31326087052e-05	0.000218876811753	0.0034713862344	0.00242953261046	0.000201366666813	0.00522677826466	0.00811595217979	0.0132026492849	0.000258274637868	0.000109438405876	0.000118193478347	0.000315182608924	1.31326087052e-05	3.50202898804e-05	0.000310805072689	0.00759940290406	0.00244266521916	0.00699968043985	0.00270531739326	0.000376468116215	7.8795652231e-05	2.62652174103e-05	0.00103747608771	0.00129575072558	0.000612855072908	0.000210121739283	1.31326087052e-05	2.18876811753e-05	2.18876811753e-05
0.00182105507378	0.000126948550817	0.000919282609362	0	0.00393102753908	3.06427536454e-05	0.00341447826334	0.0191954963907	0.00386098695932	0.00357206956781	0.0106549231961	0.000582212319262	0.00131763840675	5.25304348207e-05	0.00264403188597	0.000739803623724	0.00112064927617	0.000485906522091	4.81528985856e-05	0.00036333550751	0.0033094173937	0.00876820507882	0.0011863123197	0.00387411956802	0.014936153634	8.75507247011e-06	0.000709160870079	0.00081422173972	0.0594075442459	0.00295045942243	0.00850555290471	8.75507247011e-06	5.25304348207e-05	0.00182981014625	0.00562075652581	0.000153213768227	8.75507247011e-05	0.000135703623287	0	0.000569079710557	4.37753623506e-06	2.18876811753e-05	0.000442131159741	0.000157591304462	0.00202679927683	5.25304348207e-05	9.63057971712e-05	3.50202898804e-05	4.37753623506e-05	0.000205744203048	4.37753623506e-06	0.000682895652669	7.00405797609e-05	4.37753623506e-06	2.62652174103e-05	7.00405797609e-05	0.000674140580199	0.00196113623331	0.00079671159478	0.00257836884245	3.06427536454e-05	0.000144458695757	0.000214499275518	0.00195238116084	0.00038960072492	0.000936792754302	4.37753623506e-06	1.75101449402e-05	0.000210121739283	0.000446508695976	0.00311242826312	0.00035458043504	0.00454388261199	0.00147085217498	0.000643497826553	0.000201366666813	8.75507247011e-06	0.000516549275737	0.000232009420458	0.00036333550751	0.000170723913167	4.81528985856e-05	7.00405797609e-05	1.31326087052e-05
0.0101602616016	7.00405797609e-05	0.000140081159522	0	0.000595344927968	0.000315182608924	0.00442568913364	0.00646999855541	0.0071178739182	0.000949925363007	0.00385223188685	0.00352829420546	0.00168972898673	0.00040711086986	0.0108825550803	0.000450886232211	0.000157591304462	0.000288917391514	0.000411488406095	0.000998078261593	0.00119068985594	0.000402733333625	0.000223254347988	0.00040711086986	0.00290230652384	6.56630435258e-05	0.00111627173994	0.000385223188685	0.00295045942243	0.0343505268365	0.00511296232255	8.31731884661e-05	0.00196989130578	0.00743305652713	0.00912716305009	8.31731884661e-05	1.75101449402e-05	3.06427536454e-05	0	0.000144458695757	0	0	0.000179478985637	4.81528985856e-05	0.000888639855716	1.31326087052e-05	7.4418115996e-05	0.000170723913167	8.75507247011e-05	7.8795652231e-05	0	9.63057971712e-05	1.31326087052e-05	2.18876811753e-05	1.75101449402e-05	8.75507247011e-06	0.000105060869641	0.000332692753864	9.63057971712e-05	0.000551569565617	8.31731884661e-05	8.31731884661e-05	8.31731884661e-05	0.000608477536673	0.000166346376932	0.000284539855279	1.31326087052e-05	0	9.19282609362e-05	0.000175101449402	0.00101996594277	0.000188234058107	0.00307740797324	0.000612855072908	0.000315182608924	0.000402733333625	1.75101449402e-05	0.000170723913167	7.4418115996e-05	0.000148836231992	5.25304348207e-05	1.75101449402e-05	3.50202898804e-05	4.37753623506e-06
