0.0276680258347	0	0	0	0	0	5.26809326632e-05	0.00949310406591	0.00209670112	0	0.00177007933748	0.00020018754412	0.000737533057285	0	0.0175638229499	0	0	6.32171191959e-05	1.05361865326e-05	3.16085595979e-05	0.00164364509909	0.000937720601406	0	0.00529970182592	0.00322407307899	0	2.10723730653e-05	0	0.00549988937004	0.0135284635079	0.0164469871775	0	0	3.16085595979e-05	0.00087450348221	0	0	2.10723730653e-05	0	0	0	0	0	0	0	0	0	0	0	0	0	0	2.10723730653e-05	0	0	0	2.10723730653e-05	0	5.26809326632e-05	0	0	0	2.10723730653e-05	0	0	0	0	0	0	0	0.000611098818893	0	0.00342426062311	0.00175954315095	0.000210723730653	0	2.10723730653e-05	1.05361865326e-05	0	5.26809326632e-05	5.26809326632e-05	0	0	0
0	0.0223261792627	0.000547881699698	0	0	0	0	0	0	0.00244439527557	0	0	0	0.000136970424924	0	0	6.32171191959e-05	0.000632171191959	0	8.42894922612e-05	0	0	0.00512058665487	0	0.00362444816723	0.000927184414873	0.00417232986693	0.0173741715923	0	0	0	0	0	0	0	0	0.0133282759638	0.00181222408362	0	0	0	0	0	0	0.000210723730653	0	0	0	0.000263404663316	0	0	0	0	0	0	0	0	0.000663779751557	0	0.000210723730653	0.00110629958593	0.00288691510995	0.0108417359421	0	0	0	0	0	0	0	0	0	0	0	0	0	0	0	0	0	0	0	0	0
0	0.000547881699698	0.0366975376932	0	0	0	0	0	0	0	0	0	0	0	0	0	1.05361865326e-05	0.0126539600257	0	0	0	0.000379302715175	0.00170686221829	0.0110840682323	0	0	0.00321353689246	0.0206825341636	0.000368766528643	0	0	0	0	0	0	0	0.00101147390713	0.00375088240562	0	0	0	0	0	0	0	0	0	0	0	0	0	3.16085595979e-05	0.00227581629105	4.21447461306e-05	0	0	0	0.00335050731738	0.00367712909989	0	0	0.00171739840482	0.00292905985608	0	0	0	0	0	0	0	0.00327675401165	0.000547881699698	0.000126434238392	2.10723730653e-05	0	0	0	0.00101147390713	6.32171191959e-05	0.000252868476784	0.000305549409447	1.05361865326e-05	3.16085595979e-05	0
0	0	0	0	0	0	0	0	0	0	0	0	0	0	0	0	0	0	0	0	0	0	0	0	0	0	0	0	0	0	0	0	0	0	0	0	0	0	0	0	0	0	0	0	0	0	0	0	0	0	0	0	0	0	0	0	0	0	0	0	0	0	0	0	0	0	0	0	0	0	0	0	0	0	0	0	0	0	0	0	0	0	0	0
0	0	0	0	0.0186595863493	0	1.05361865326e-05	9.48256787938e-05	0	0.00305549409447	0.000400375088241	5.26809326632e-05	0.00573168547376	0	0	0.000189651357588	0	0	1.05361865326e-05	0	0.00881878812783	0	0	0	0.0104835056	0	1.05361865326e-05	0	0.00543667225085	0.000811286363014	0	0	0	0	0.000474128393969	0	0	0	0	0.00669047844823	0	0.000568954072763	0	0.000326621782512	0.00145399374151	0.00136970424924	9.48256787938e-05	0.0025497571409	0	0.000252868476784	0	0	0	0	0	0.00484664580502	0	0	0	0.00450948783597	0	0	0	0.00233903341025	0.000221259917186	0	0	2.10723730653e-05	0	0.00015804279799	0.000147506611457	0	0.000726996870753	0	0.000136970424924	0	6.32171191959e-05	4.21447461306e-05	0	6.32171191959e-05	1.05361865326e-05	0	0	0
0	0	0	0	0	0.00188597738934	0.000674315938089	0	7.37533057285e-05	1.05361865326e-05	0	0	0	0	0	0.000990401534069	0	0	0	0	0	0	0	0	1.05361865326e-05	0	0	0	1.05361865326e-05	0	0	0	0.000305549409447	0	1.05361865326e-05	0	0	0	0	0	0	0	0	0	0	0	0	0	0	0	0	0	0	0	0	0	0	0	0	0	0	0	0	0	0	0	0	0	0	0	4.21447461306e-05	0	0	0	0.00144345755497	0.000453056020904	0	0	0	0	0	0	0	0
5.26809326632e-05	0	0	0	1.05361865326e-05	0.000674315938089	0.0233271169833	0.00723836014793	0.0134231016426	0.00113790814553	0.0111051406054	0.000431983647839	0.00368766528643	3.16085595979e-05	0.00371927384602	0.00494147148381	0	0	0.000136970424924	0.000463592207436	0.000600562632361	0	0	0	0.000337157969045	0	0.000126434238392	0	0.00286584273688	0.00321353689246	0	0	0.000136970424924	0.000389838901708	0.00171739840482	0	0	0	0	5.26809326632e-05	1.05361865326e-05	7.37533057285e-05	0	7.37533057285e-05	0.000284477036381	1.05361865326e-05	0	0.000189651357588	0	0	0.000105361865326	0	0	0	0	6.32171191959e-05	0	0	0	5.26809326632e-05	0	0	0	2.10723730653e-05	0	0	0	0	0	0	0.00170686221829	0.000147506611457	0.00231796103718	0.000126434238392	0.00421447461306	0.000168578984522	5.26809326632e-05	4.21447461306e-05	0	0	0	5.26809326632e-05	0	0
0.00949310406591	0	0	0	9.48256787938e-05	0	0.00723836014793	0.0753231975219	0.0185436882975	0.00141184899537	0.0183329645668	0.000611098818893	0.000115898051859	0	0.0188176291473	0.000463592207436	1.05361865326e-05	4.21447461306e-05	0.000526809326632	0.00147506611457	0.00123273382432	0.0040985765612	0	0.00287637892341	0.00549988937004	0	0.000600562632361	0	0.0347799517443	0.0156146284414	0.0131807693523	0	7.37533057285e-05	0.00400375088241	0.00775463328803	0	0	2.10723730653e-05	0	0.00360337579417	0	0	3.16085595979e-05	0	0.0019702668816	7.37533057285e-05	0	0	0	0	0	0	2.10723730653e-05	0	0	6.32171191959e-05	2.10723730653e-05	0	5.26809326632e-05	0.00695388311155	0	0	0	0.000611098818893	0	0	0	0	0	0	0.00140131280884	0.000769141616883	0.00705924497687	0.00110629958593	4.21447461306e-05	0.000136970424924	0.000105361865326	0	0	3.16085595979e-05	3.16085595979e-05	0	0	0
0.00209670112	0	0	0	0	7.37533057285e-05	0.0134231016426	0.0185436882975	0.0369187976104	0.000990401534069	0.0133072035907	8.42894922612e-05	0.0010325462802	0.000252868476784	0.0169632603176	0.00330836257125	0	0	0	3.16085595979e-05	0.00129595094352	0.000821822549546	0	1.05361865326e-05	0.000832358736079	0	2.10723730653e-05	0	0.00377195477869	0.00801803795134	0.00055841788623	0	0.000210723730653	0.0035190863019	0.00273940849849	0	0	0	0	5.26809326632e-05	1.05361865326e-05	7.37533057285e-05	0	7.37533057285e-05	0.000284477036381	1.05361865326e-05	0	0.000189651357588	0	0	0.000105361865326	0	0	0	0	6.32171191959e-05	0	0	0	5.26809326632e-05	0	0	0	2.10723730653e-05	0	0	0	0	0	0	0.00164364509909	3.16085595979e-05	0.00288691510995	0.0010957633994	0.00310817502713	0.000958792974471	0.000136970424924	1.05361865326e-05	0	0	0	5.26809326632e-05	0	0
0	0.00244439527557	0	0	0.00305549409447	1.05361865326e-05	0.00113790814553	0.00141184899537	0.000990401534069	0.0467595958319	0.00448841546291	0	0.00163310891256	0	0.00015804279799	0.0040669680016	0.000463592207436	0	0	0	0.00153828323377	3.16085595979e-05	0.00627956717346	0	0.0291641643224	0.000179115171055	0.000126434238392	0.00195973069507	0.0147506611457	0.000115898051859	0	0	0	0	0.000147506611457	0	9.48256787938e-05	0	0	0.0092296994026	0.000263404663316	0.000442519834371	0	0.000421447461306	0.0218415146822	0.00179115171055	3.16085595979e-05	0.00372981003256	3.16085595979e-05	0.000105361865326	0.000779677803416	7.37533057285e-05	0	0	0	0.00434090885145	5.26809326632e-05	0	0	0.0198817839871	5.26809326632e-05	0	4.21447461306e-05	0.0175427505769	3.16085595979e-05	0	0	6.32171191959e-05	0	5.26809326632e-05	0.00152774704723	3.16085595979e-05	4.21447461306e-05	0	0.00452002402251	0	0	9.48256787938e-05	0	1.05361865326e-05	0	0.000484664580502	0	0
0.00177007933748	0	0	0	0.000400375088241	0	0.0111051406054	0.0183329645668	0.0133072035907	0.00448841546291	0.0377195477869	0.00166471747216	0.00326621782512	4.21447461306e-05	0.0077124885419	0.00087450348221	1.05361865326e-05	7.37533057285e-05	0.00128541475698	0.0015804279799	0.00702763641728	4.21447461306e-05	0	2.10723730653e-05	0.000263404663316	0	0.000726996870753	0	0.00752283718431	0.00987240678109	0	0	7.37533057285e-05	0.000263404663316	0.00651136327718	0	0	0	0	0.00272887231196	0	0	0	0	1.05361865326e-05	0.000663779751557	0	0	0	0	0	0	0	0	0	0.000726996870753	0	0	0	0.00449895164944	0	0	0	0.00354015867497	0	0	0	0	0	0	0.00165418128563	0.00113790814553	0.00547881699698	0.000295013222914	2.10723730653e-05	9.48256787938e-05	0.000147506611457	0	0	0	0	0	0	0
0.00020018754412	0	0	0	5.26809326632e-05	0	0.000431983647839	0.000611098818893	8.42894922612e-05	0	0.00166471747216	0.0258874103107	0.0041617936804	0.00298174078874	0.000568954072763	0	2.10723730653e-05	0	0.00473074775316	0.00585811971215	0.00479396487235	9.48256787938e-05	0	7.37533057285e-05	3.16085595979e-05	0.00149613848764	0.00560525123537	0	0.000147506611457	0.00863967295677	0	0.000136970424924	0.000263404663316	0	0.0153406875915	0	0	0	0	0	0	0	0	0	2.10723730653e-05	0	0	0	0.000453056020904	0	0	0	0	0	0	0	0	0	0	2.10723730653e-05	0	0.00104308246673	0.000368766528643	0	0	0	2.10723730653e-05	0	0	0	0.00147506611457	0.00430930029185	0.0130859436735	0.000136970424924	0	2.10723730653e-05	0.000895575855275	0.000305549409447	0.000400375088241	0	0	0	0	0
0.000737533057285	0	0	0	0.00573168547376	0	0.00368766528643	0.000115898051859	0.0010325462802	0.00163310891256	0.00326621782512	0.0041617936804	0.0299333059392	3.16085595979e-05	0.00215991823919	0.00199133925467	1.05361865326e-05	0	0.00383517189788	0.00132755950311	0.0180379513439	0	0	1.05361865326e-05	0.00431983647839	0	0.00130648713005	0	0.00101147390713	0.00807071888401	0	0	0	0	0.00842894922612	1.05361865326e-05	0	0	0	0.000842894922612	2.10723730653e-05	0.00224420773145	7.37533057285e-05	0.0010325462802	0.00124327001085	0.000821822549546	0.000853431109144	0.00636385666572	0.000421447461306	0.00123273382432	3.16085595979e-05	0	0	0.000284477036381	0.000284477036381	0.00505736953567	2.10723730653e-05	0	2.10723730653e-05	1.05361865326e-05	0	1.05361865326e-05	0	0.000136970424924	0.00125380619738	0	0	4.21447461306e-05	0	0.00195973069507	0.00126434238392	0.000948256787938	0.00852377490491	5.26809326632e-05	0.000737533057285	0	0.000389838901708	0.000179115171055	0	0.00125380619738	9.48256787938e-05	0	3.16085595979e-05	0
0	0.000136970424924	0	0	0	0	3.16085595979e-05	0	0.000252868476784	0	4.21447461306e-05	0.00298174078874	3.16085595979e-05	0.0150562105552	0.000147506611457	1.05361865326e-05	0	0	0	0	5.26809326632e-05	0	0	0	0	0.0105467227192	0.00289745129648	0.0031292474002	0	0.000526809326632	0	8.42894922612e-05	0.000326621782512	0	0.0015488194203	0	0.000337157969045	0	0	0	0	0	0	1.05361865326e-05	0	0	0.000273940849849	0	0.00685905743275	1.05361865326e-05	0	0	0	0	0	0	0	0	0	0	0.00140131280884	0.00118005289166	0.00562632360843	0	1.05361865326e-05	0	0.000979865347536	0	0	1.05361865326e-05	0	0.00242332290251	0.0015172108607	9.48256787938e-05	1.05361865326e-05	5.26809326632e-05	0.00136970424924	0	0.00389838901708	1.05361865326e-05	0	0	0	0
0.0175638229499	0	0	0	0	0	0.00371927384602	0.0188176291473	0.0169632603176	0.00015804279799	0.0077124885419	0.000568954072763	0.00215991823919	0.000147506611457	0.0419972395191	7.37533057285e-05	0	6.32171191959e-05	6.32171191959e-05	5.26809326632e-05	0.00307656646753	0.00262351044663	0	0.00493093529728	0.0030976388406	0	7.37533057285e-05	0	0.00769141616883	0.0168262898926	0.0107047655172	0	0.000147506611457	0.00241278671598	0.00222313535839	0	0	2.10723730653e-05	0	1.05361865326e-05	0	0	0	0	1.05361865326e-05	0	0	0	0	0	0	0	2.10723730653e-05	0	0	0	2.10723730653e-05	0	5.26809326632e-05	1.05361865326e-05	0	0	2.10723730653e-05	0	0	0	0	0	0	0	0.0010325462802	2.10723730653e-05	0.00532077419899	0.00260243807356	0.000495200767034	0.000263404663316	8.42894922612e-05	6.32171191959e-05	0	5.26809326632e-05	5.26809326632e-05	0	0	0
0	0	0	0	0.000189651357588	0.000990401534069	0.00494147148381	0.000463592207436	0.00330836257125	0.0040669680016	0.00087450348221	0	0.00199133925467	1.05361865326e-05	7.37533057285e-05	0.0111788939111	0	0	0	0	0.000136970424924	0	0	0	0.00295013222914	0	0	0	0.00225474391799	0.000221259917186	0	0	0	0	4.21447461306e-05	0	0	0	0	0.000115898051859	7.37533057285e-05	9.48256787938e-05	0	8.42894922612e-05	0.000684852124622	1.05361865326e-05	0	0.000495200767034	0	0	0.000273940849849	0	0	0	0	0.000179115171055	0	0	0	8.42894922612e-05	0	0	0	2.10723730653e-05	0	0	0	0	0	0	6.32171191959e-05	0	8.42894922612e-05	4.21447461306e-05	0.00706978116341	4.21447461306e-05	1.05361865326e-05	0	0	0	0	9.48256787938e-05	0	0
0	6.32171191959e-05	1.05361865326e-05	0	0	0	0	1.05361865326e-05	0	0.000463592207436	1.05361865326e-05	2.10723730653e-05	1.05361865326e-05	0	0	0	0.0257399036993	0	0	1.05361865326e-05	1.05361865326e-05	0.00382463571135	0.0160044673431	0.00544720843738	0.00752283718431	0	3.16085595979e-05	0.00253922095437	0.00504683334914	1.05361865326e-05	0	0	0	0	0	0	0	1.05361865326e-05	0	0	0	0	0	0	0.00186490501628	0	0	0	0	0	0	0.00484664580502	1.05361865326e-05	0	0	0	0.00244439527557	0.0115476604398	0.012601279093	0.000758605430351	0	0	0.000115898051859	0.000937720601406	0	0	0	0	0	0	0.000431983647839	0.00035823034211	0	0	0	0	0	0	1.05361865326e-05	0	0	0	0	0
6.32171191959e-05	0.000632171191959	0.0126539600257	0	0	0	0	4.21447461306e-05	0	0	7.37533057285e-05	0	0	0	6.32171191959e-05	0	0	0.052122514777	0	0.00600562632361	6.32171191959e-05	0.000368766528643	8.42894922612e-05	0.00918755465647	0	0	0.00907165660461	0.00566846835456	1.05361865326e-05	7.37533057285e-05	0.00102201009367	0	0	0	0.00915594609687	0	0.00396160613628	0.0035190863019	0	0	0	0	0	1.05361865326e-05	0	0	0	0	0	0	0	0	0.0101042028848	6.32171191959e-05	0.000326621782512	0	2.10723730653e-05	8.42894922612e-05	0.000179115171055	1.05361865326e-05	0	0.0136443615598	0.00163310891256	3.16085595979e-05	0	0	0	1.05361865326e-05	0	0	0.00493093529728	0.00204402018733	0.00873449863556	0.00135916806271	0	0	0	0.0046148497013	0.00150667467417	0.0020650925604	0.00211777349306	0.00101147390713	9.48256787938e-05	0
1.05361865326e-05	0	0	0	1.05361865326e-05	0	0.000136970424924	0.000526809326632	0	0	0.00128541475698	0.00473074775316	0.00383517189788	0	6.32171191959e-05	0	0	0	0.00809179125707	0.00227581629105	0.00468860300703	0	0	0	3.16085595979e-05	0	0.00270779993889	0	9.48256787938e-05	0.00445680690331	0	0	0	0	0.00611098818893	0	0	0	0	0	0	0	0	0	0	0	0	0	0	0	0	0	0	0	0	0	0	0	0	0	0	0	0	0	0	0	0	0	0	0	0	0.00120112526472	0.00595294539095	0	0	0	0	0	0	0	0	0	0	0
3.16085595979e-05	8.42894922612e-05	0	0	0	0	0.000463592207436	0.00147506611457	3.16085595979e-05	0	0.0015804279799	0.00585811971215	0.00132755950311	0	5.26809326632e-05	0	1.05361865326e-05	0.00600562632361	0.00227581629105	0.0267408414199	0.00202294781427	0.00015804279799	0	0.000179115171055	7.37533057285e-05	2.10723730653e-05	0.0118742822223	0.000400375088241	0.000316085595979	0.00330836257125	3.16085595979e-05	0	0	0	0.0124432362951	0	0.00113790814553	3.16085595979e-05	0	0	0	0	1.05361865326e-05	0	0	1.05361865326e-05	0	0	1.05361865326e-05	0	0	0	0.000242332290251	0	0	0	0	0	3.16085595979e-05	1.05361865326e-05	0.000295013222914	0.000316085595979	0.000526809326632	0	0	0	0	0	0	0	0.00422501079959	0.00472021156663	0.0125275257873	0.000252868476784	0	0	0	0.000337157969045	9.48256787938e-05	0.000368766528643	0.000389838901708	0.000326621782512	0	0
0.00164364509909	0	0	0	0.00881878812783	0	0.000600562632361	0.00123273382432	0.00129595094352	0.00153828323377	0.00702763641728	0.00479396487235	0.0180379513439	5.26809326632e-05	0.00307656646753	0.000136970424924	1.05361865326e-05	6.32171191959e-05	0.00468860300703	0.00202294781427	0.0307551284888	2.10723730653e-05	0	2.10723730653e-05	0.0046464582609	0	0.00147506611457	0	0.00188597738934	0.0111683577246	0	0	0	2.10723730653e-05	0.0108522721286	1.05361865326e-05	0	0	0	0.00218099061226	0	0.000885039668742	7.37533057285e-05	0.000210723730653	0.000821822549546	0.00071646068422	0.000526809326632	0.00267619137929	0.000115898051859	0.0005162731401	0	0	0	0.000168578984522	0.000168578984522	0.00340318825004	2.10723730653e-05	0	2.10723730653e-05	0.000726996870753	0	0	0	0.000705924497687	0.000737533057285	0	0	0	0	0.000684852124622	0.0030344217214	0.00142238518191	0.00970382779657	0	8.42894922612e-05	0	0.000389838901708	0.000179115171055	0	0.000221259917186	0	0	0	0
0.000937720601406	0	0.000379302715175	0	0	0	0	0.0040985765612	0.000821822549546	3.16085595979e-05	4.21447461306e-05	9.48256787938e-05	0	0	0.00262351044663	0	0.00382463571135	0.000368766528643	0	0.00015804279799	2.10723730653e-05	0.0503208268799	0.00130648713005	0.0225474391799	0.0030344217214	0	0.000263404663316	0.000906112041808	0.0188492377069	0.000895575855275	0.0151931809801	0	0	0.000790213989948	0.00415125749386	0	0	1.05361865326e-05	0	3.16085595979e-05	0	0	1.05361865326e-05	0	0.00161203653949	3.16085595979e-05	0	0	0	0	0	0.00120112526472	1.05361865326e-05	0	0	3.16085595979e-05	0.00557364267577	0.00329782638472	0.00632171191959	0.000326621782512	0	0	0	0.000705924497687	0	0	0	0	0	0	0.00640600141185	0.00228635247758	0.00349801392884	3.16085595979e-05	4.21447461306e-05	0	0	7.37533057285e-05	0	2.10723730653e-05	2.10723730653e-05	0	0	0
0	0.00512058665487	0.00170686221829	0	0	0	0	0	0	0.00627956717346	0	0	0	0	0	0	0.0160044673431	8.42894922612e-05	0	0	0	0.00130648713005	0.051648386383	0.00543667225085	0.0198080306814	0.000221259917186	0.000126434238392	0.0216623995111	0.00701710023074	0	0	0	0	0	2.10723730653e-05	0	0.000463592207436	0.000379302715175	0	0	0	0	0	0	0.00542613606431	0	0	0	0	0	0	0.00860806439717	0.000105361865326	0	0	0	0.00332943494432	0.0256766865801	0.0168578984522	0.0020650925604	0.000105361865326	1.05361865326e-05	0.0101884923771	0.00288691510995	0	0	0	0	0	0	2.10723730653e-05	0	2.10723730653e-05	0	0	0	0	6.32171191959e-05	0.00020018754412	4.21447461306e-05	0.000105361865326	2.10723730653e-05	0	0
0.00529970182592	0	0.0110840682323	0	0	0	0	0.00287637892341	1.05361865326e-05	0	2.10723730653e-05	7.37533057285e-05	1.05361865326e-05	0	0.00493093529728	0	0.00544720843738	0.00918755465647	0	0.000179115171055	2.10723730653e-05	0.0225474391799	0.00543667225085	0.073426683946	0.00101147390713	0	0.000252868476784	0.0115687328128	0.00336104350391	0.00169632603176	0.0111156767919	0	0	0.000273940849849	0.00517326758753	0	0	0.000379302715175	0	0	0	0	0	0	0	0	0	0	0	0	0	0.00290798748301	5.26809326632e-05	0	0	0	0.000263404663316	0.00918755465647	0.0111156767919	0	0	0	0.00368766528643	0	0	0	0	0	0	0	0.0102727818693	0.00297120460221	0.00675369556743	0.00223367154492	0.000295013222914	0	0	9.48256787938e-05	0.000295013222914	0.00020018754412	0.000231796103718	8.42894922612e-05	0	0
0.00322407307899	0.00362444816723	0	0	0.0104835056	1.05361865326e-05	0.000337157969045	0.00549988937004	0.000832358736079	0.0291641643224	0.000263404663316	3.16085595979e-05	0.00431983647839	0	0.0030976388406	0.00295013222914	0.00752283718431	0	3.16085595979e-05	7.37533057285e-05	0.0046464582609	0.0030344217214	0.0198080306814	0.00101147390713	0.0812023896071	0.000210723730653	0.000115898051859	0.00463592207436	0.0372559555794	0.00880825194129	0.00737533057285	0	0	0.00430930029185	0.00560525123537	0	2.10723730653e-05	0	0	0.00685905743275	0.000431983647839	6.32171191959e-05	3.16085595979e-05	6.32171191959e-05	0.0232744360506	0.000958792974471	0	0.00167525365869	0	6.32171191959e-05	0.0010641548398	0.00320300070592	0	0	0	0.00260243807356	0.004035359442	0.00562632360843	0.00508897809527	0.0199344649198	8.42894922612e-05	0	1.05361865326e-05	0.0161519739545	0	0	0	0	0	0	0.00246546764864	0.000126434238392	0.00170686221829	0.000642707378491	0.00308710265407	3.16085595979e-05	2.10723730653e-05	5.26809326632e-05	0	0	0	0.0005162731401	0	0
0	0.000927184414873	0	0	0	0	0	0	0	0.000179115171055	0	0.00149613848764	0	0.0105467227192	0	0	0	0	0	2.10723730653e-05	0	0	0.000221259917186	0	0.000210723730653	0.0156040922548	0.00481503724542	0.00540506369125	0	0	0	3.16085595979e-05	0	0	0.000189651357588	0	0.00108522721286	0	0	0	0	0	0	0	0	0	0.000484664580502	0	0.00953524881204	0	0	0	0	0	0	0	0	0	0	0	0.00290798748301	0.0024865400217	0.00803911032441	0	0	0	0.00131702331658	0	0	0	6.32171191959e-05	0.000958792974471	0.000242332290251	0	0	0	0.000379302715175	0	0.00441466215718	0	0	0	0	4.21447461306e-05
2.10723730653e-05	0.00417232986693	0.00321353689246	0	1.05361865326e-05	0	0.000126434238392	0.000600562632361	2.10723730653e-05	0.000126434238392	0.000726996870753	0.00560525123537	0.00130648713005	0.00289745129648	7.37533057285e-05	0	3.16085595979e-05	0.00907165660461	0.00270779993889	0.0118742822223	0.00147506611457	0.000263404663316	0.000126434238392	0.000252868476784	0.000115898051859	0.00481503724542	0.0687696894986	0.026287785399	0.000368766528643	0.00219152679879	0	0.000147506611457	0	0	0.00474128393969	0	0.0158569607316	0.000948256787938	0	0	0	0	0	0	0.000389838901708	0	0	0	0.00584758352562	0	0	0	0.000769141616883	0.000800750176481	0.000326621782512	0	0	0.000379302715175	0	0.000389838901708	0.00846055778572	0.0165628852293	0.0129911179948	1.05361865326e-05	0	0	0.000674315938089	0	0	0	0.00618474149466	0.00872396244903	0.00548935318351	0.000115898051859	0	0	0	0.00102201009367	0.00138024043578	0	0	0	0	0
0	0.0173741715923	0.0206825341636	0	0	0	0	0	0	0.00195973069507	0	0	0	0.0031292474002	0	0	0.00253922095437	0.00566846835456	0	0.000400375088241	0	0.000906112041808	0.0216623995111	0.0115687328128	0.00463592207436	0.00540506369125	0.026287785399	0.100725943252	0.000842894922612	0	0	0	0	0	2.10723730653e-05	0	0.0201346524639	0.00441466215718	0	0	0	0	0	0	0.00035823034211	0	0	0	0.00552096174311	0	0	0.0035506948615	0.00172793459135	0.000242332290251	0	0	0	0.0187860205877	0.0128014666372	0.00035823034211	0.009198090843	0.00843948541265	0.0345692280136	1.05361865326e-05	0	0	0.000326621782512	0	0	0	0.00526809326632	0.00153828323377	0.000126434238392	0	0	0	0	0.000885039668742	0.000231796103718	0.000505736953567	0.000421447461306	4.21447461306e-05	3.16085595979e-05	0
0.00549988937004	0	0.000368766528643	0	0.00543667225085	1.05361865326e-05	0.00286584273688	0.0347799517443	0.00377195477869	0.0147506611457	0.00752283718431	0.000147506611457	0.00101147390713	0	0.00769141616883	0.00225474391799	0.00504683334914	1.05361865326e-05	9.48256787938e-05	0.000316085595979	0.00188597738934	0.0188492377069	0.00701710023074	0.00336104350391	0.0372559555794	0	0.000368766528643	0.000842894922612	0.100905058423	0.0114212262014	0.0138761576635	0	4.21447461306e-05	0.00465699444743	0.00631117573306	0	0	0	0	0.0127803942641	8.42894922612e-05	1.05361865326e-05	6.32171191959e-05	1.05361865326e-05	0.0177324019344	0.00113790814553	0	0.000611098818893	0	1.05361865326e-05	0.00015804279799	0.00441466215718	0	0	0	0.00228635247758	0.011610877559	0.00757551811697	0.0126118152796	0.0233903341025	0	0	0	0.0116530223051	0	0	0	0	0	0	0.00800750176481	0.00264458281969	0.00270779993889	0.000758605430351	0.00219152679879	4.21447461306e-05	2.10723730653e-05	9.48256787938e-05	0	1.05361865326e-05	1.05361865326e-05	6.32171191959e-05	0	0
0.0135284635079	0	0	0	0.000811286363014	0	0.00321353689246	0.0156146284414	0.00801803795134	0.000115898051859	0.00987240678109	0.00863967295677	0.00807071888401	0.000526809326632	0.0168262898926	0.000221259917186	1.05361865326e-05	7.37533057285e-05	0.00445680690331	0.00330836257125	0.0111683577246	0.000895575855275	0	0.00169632603176	0.00880825194129	0	0.00219152679879	0	0.0114212262014	0.0569796967686	0.0162151910737	0	0.00115898051859	0.00876610719516	0.0239487519887	0	0	0	0	0.000105361865326	0	0	8.42894922612e-05	0	3.16085595979e-05	0.000189651357588	0	0	0	0	0	0	0	0	0	7.37533057285e-05	0	0	0	0.000347694155577	0	0	2.10723730653e-05	0.000179115171055	0	0	0	0	0	0	0.00242332290251	0.00144345755497	0.0191337147433	0.00191758594894	6.32171191959e-05	0.000136970424924	0.000547881699698	0	0	2.10723730653e-05	2.10723730653e-05	0	0	0
0.0164469871775	0	0	0	0	0	0	0.0131807693523	0.00055841788623	0	0	0	0	0	0.0107047655172	0	0	0.00102201009367	0	3.16085595979e-05	0	0.0151931809801	0	0.0111156767919	0.00737533057285	0	0	0	0.0138761576635	0.0162151910737	0.051785356808	0	0	0.0036455205403	0.00873449863556	0	0	0	0	0	0	0	0	0	0	0	0	0	0	0	0	0	0	0	0	0	0	0	0	0	0	0	2.10723730653e-05	0	0	0	0	0	0	0	0.00122219763779	0	0.0081339360032	0.00279208943115	0.000221259917186	1.05361865326e-05	0	0	0	2.10723730653e-05	2.10723730653e-05	0	0	0
0	0	0	0	0	0	0	0	0	0	0	0.000136970424924	0	8.42894922612e-05	0	0	0	0	0	0	0	0	0	0	0	3.16085595979e-05	0.000147506611457	0	0	0	0	0.000168578984522	0	0	0	0	0	0	0	0	0	0	0	0	0	0	0	0	1.05361865326e-05	0	0	0	0	0	0	0	0	0	0	0	0	6.32171191959e-05	1.05361865326e-05	0	0	0	0	0	0	0	0	0	0	0	0	0	0	0	0	0	0	0	0	0
0	0	0	0	0	0.000305549409447	0.000136970424924	7.37533057285e-05	0.000210723730653	0	7.37533057285e-05	0.000263404663316	0	0.000326621782512	0.000147506611457	0	0	0	0	0	0	0	0	0	0	0	0	0	4.21447461306e-05	0.00115898051859	0	0	0.00268672756582	0	0.00164364509909	0	0	0	0	0	0	0	0	0	0	0	0	0	0	0	0	0	0	0	0	0	0	0	0	0	0	0	0	0	0	0	0	0	0	0	2.10723730653e-05	0.000221259917186	0.000495200767034	3.16085595979e-05	0.000221259917186	0.000758605430351	5.26809326632e-05	0	0	0	0	0	0	0
3.16085595979e-05	0	0	0	0	0	0.000389838901708	0.00400375088241	0.0035190863019	0	0.000263404663316	0	0	0	0.00241278671598	0	0	0	0	0	2.10723730653e-05	0.000790213989948	0	0.000273940849849	0.00430930029185	0	0	0	0.00465699444743	0.00876610719516	0.0036455205403	0	0	0.00995669627335	0.00549988937004	0	0	0	0	0	0	0	0	0	0	0	0	0	0	0	0	0	0	0	0	0	0	0	0	0	0	0	0	0	0	0	0	0	0	0	0.000305549409447	0	0.00241278671598	0.00087450348221	0	5.26809326632e-05	0	0	0	0	0	0	0	0
0.00087450348221	0	0	0	0.000474128393969	1.05361865326e-05	0.00171739840482	0.00775463328803	0.00273940849849	0.000147506611457	0.00651136327718	0.0153406875915	0.00842894922612	0.0015488194203	0.00222313535839	4.21447461306e-05	0	0.00915594609687	0.00611098818893	0.0124432362951	0.0108522721286	0.00415125749386	2.10723730653e-05	0.00517326758753	0.00560525123537	0.000189651357588	0.00474128393969	2.10723730653e-05	0.00631117573306	0.0239487519887	0.00873449863556	0	0.00164364509909	0.00549988937004	0.0583599372043	0	0	3.16085595979e-05	0	3.16085595979e-05	0	0	3.16085595979e-05	0	0.000231796103718	5.26809326632e-05	3.16085595979e-05	3.16085595979e-05	3.16085595979e-05	1.05361865326e-05	0	0	0.000221259917186	0	0	1.05361865326e-05	0	1.05361865326e-05	4.21447461306e-05	0.000305549409447	0	6.32171191959e-05	0.000484664580502	0.000189651357588	3.16085595979e-05	0	0	0	0	4.21447461306e-05	0.00383517189788	0.0026129742601	0.0378775905849	0.00245493146211	0.000115898051859	0.000695388311155	0.00115898051859	0.000136970424924	1.05361865326e-05	0.000769141616883	0.000811286363014	0.000642707378491	0	0
0	0	0	0	0	0	0	0	0	0	0	0	1.05361865326e-05	0	0	0	0	0	0	0	1.05361865326e-05	0	0	0	0	0	0	0	0	0	0	0	0	0	0	0.014518865042	0	0	0	0	0	0	0.00949310406591	0.00163310891256	0	0	0	1.05361865326e-05	0	0.00666940607517	0	0	0	0	0	0	0.000231796103718	0	0.000221259917186	0.000189651357588	0	0	0	0.00348747774231	0.0035506948615	0.00177007933748	0	0	0.000147506611457	0.000431983647839	1.05361865326e-05	0	0	0	0	0	0	0.000221259917186	0	0.000505736953567	0.000168578984522	8.42894922612e-05	5.26809326632e-05	0
0	0.0133282759638	0.00101147390713	0	0	0	0	0	0	9.48256787938e-05	0	0	0	0.000337157969045	0	0	0	0.00396160613628	0	0.00113790814553	0	0	0.000463592207436	0	2.10723730653e-05	0.00108522721286	0.0158569607316	0.0201346524639	0	0	0	0	0	0	0	0	0.0384781532172	0.003066030281	0	0	0	0	0	0	0.00438305359758	0	0	0	0.00342426062311	0	0	8.42894922612e-05	0.000221259917186	7.37533057285e-05	5.26809326632e-05	0	0	0.00533131038552	0	0.00475182012622	0.00849216634531	0.00948256787938	0.0266565519276	0.00015804279799	0	0	0	0	0	0	0	0	0	0	0	0	0	0	0.000115898051859	0	0	0	0	9.48256787938e-05
2.10723730653e-05	0.00181222408362	0.00375088240562	0	0	0	0	2.10723730653e-05	0	0	0	0	0	0	2.10723730653e-05	0	1.05361865326e-05	0.0035190863019	0	3.16085595979e-05	0	1.05361865326e-05	0.000379302715175	0.000379302715175	0	0	0.000948256787938	0.00441466215718	0	0	0	0	0	0	3.16085595979e-05	0	0.003066030281	0.0457586581113	0	0	0	0	0.00132755950311	1.05361865326e-05	0	0	0	0	0	2.10723730653e-05	0	0	0.0129489732486	0	0	0	0.00244439527557	0.00146452992804	0.021778297563	0	3.16085595979e-05	0.0104940417865	0.0146663716534	0	0	0.00166471747216	0	0	0	2.10723730653e-05	0.000537345513165	0	8.42894922612e-05	0	0	0	0	0.00020018754412	6.32171191959e-05	0.00136970424924	0.00122219763779	0.000568954072763	1.05361865326e-05	0
0	0	0	0	0	0	0	0	0	0	0	0	0	0	0	0	0	0	0	0	0	0	0	0	0	0	0	0	0	0	0	0	0	0	0	0	0	0	0	0	0	0	0	0	0	0	0	0	0	0	0	0	0	0	0	0	0	0	0	0	0	0	0	0	0	0	0	0	0	0	0	0	0	0	0	0	0	0	0	0	0	0	0	0
0	0	0	0	0.00669047844823	0	5.26809326632e-05	0.00360337579417	5.26809326632e-05	0.0092296994026	0.00272887231196	0	0.000842894922612	0	1.05361865326e-05	0.000115898051859	0	0	0	0	0.00218099061226	3.16085595979e-05	0	0	0.00685905743275	0	0	0	0.0127803942641	0.000105361865326	0	0	0	0	3.16085595979e-05	0	0	0	0	0.0282685884671	0.000231796103718	0.00136970424924	0	0.00146452992804	0.00662726132903	0.00598455395054	0.000463592207436	0.00740693913245	2.10723730653e-05	0.000800750176481	0.000958792974471	0	0	0.00020018754412	0.00020018754412	0.0117373117974	0	0	0	0.0183224283803	0	3.16085595979e-05	0	0.00598455395054	0.000748069243818	0	0	2.10723730653e-05	0	0.00111683577246	0.000674315938089	3.16085595979e-05	0	0	0.000126434238392	0	0	0.000937720601406	0	0.000811286363014	0.000210723730653	0.00020018754412	0	0
0	0	0	0	0	0	1.05361865326e-05	0	1.05361865326e-05	0.000263404663316	0	0	2.10723730653e-05	0	0	7.37533057285e-05	0	0	0	0	0	0	0	0	0.000431983647839	0	0	0	8.42894922612e-05	0	0	0	0	0	0	0	0	0	0	0.000231796103718	0.00336104350391	0.000316085595979	0	0.000811286363014	0.000726996870753	0	0	0	0	0	0.00163310891256	0	0	0	0	0	0	0	0	0.000463592207436	0	0	0	0	0	0	0	0.000252868476784	0	1.05361865326e-05	0	0	0	0	7.37533057285e-05	0	0	7.37533057285e-05	0	8.42894922612e-05	0	0.0015172108607	0.000337157969045	0
0	0	0	0	0.000568954072763	0	7.37533057285e-05	0	7.37533057285e-05	0.000442519834371	0	0	0.00224420773145	0	0	9.48256787938e-05	0	0	0	0	0.000885039668742	0	0	0	6.32171191959e-05	0	0	0	1.05361865326e-05	0	0	0	0	0	0	0	0	0	0	0.00136970424924	0.000316085595979	0.0367502186259	0.000748069243818	0.0215148928997	0.000505736953567	0.016615566162	0.00127487857045	0.0195130174585	2.10723730653e-05	0.00715407065567	0.00165418128563	0	0	0.000547881699698	0.000579490259296	0.00902951185848	0	0	0	7.37533057285e-05	0	0.00020018754412	0	0.0020018754412	0.00291852366954	0	0	0.000990401534069	0	0.00170686221829	0	0	0	0	0.000105361865326	0	0	6.32171191959e-05	0	0.000853431109144	0.000115898051859	0.00162257272603	0	0
0	0	0	0	0	0	0	3.16085595979e-05	0	0	0	0	7.37533057285e-05	0	0	0	0	0	0	1.05361865326e-05	7.37533057285e-05	1.05361865326e-05	0	0	3.16085595979e-05	0	0	0	6.32171191959e-05	8.42894922612e-05	0	0	0	0	3.16085595979e-05	0.00949310406591	0	0.00132755950311	0	0	0	0.000748069243818	0.0655245440465	0.00678530412702	1.05361865326e-05	0.00297120460221	0.000674315938089	0.000189651357588	3.16085595979e-05	0.0155092665761	0	0	3.16085595979e-05	0.000410911274773	0.000579490259296	0	0.00201241162774	0	0.00286584273688	0.00831305117426	0	0.000284477036381	0	0.0323566288418	0.00869235388943	0.0061636691216	1.05361865326e-05	0	0.00145399374151	0.00560525123537	0.000221259917186	2.10723730653e-05	0	0	0	0	0	0.00209670112	0	0.00313978358673	0.000885039668742	0.000147506611457	0.000136970424924	0
0	0	0	0	0.000326621782512	0	7.37533057285e-05	0	7.37533057285e-05	0.000421447461306	0	0	0.0010325462802	1.05361865326e-05	0	8.42894922612e-05	0	1.05361865326e-05	0	0	0.000210723730653	0	0	0	6.32171191959e-05	0	0	0	1.05361865326e-05	0	0	0	0	0	0	0.00163310891256	0	1.05361865326e-05	0	0.00146452992804	0.000811286363014	0.0215148928997	0.00678530412702	0.0494568595842	0.000484664580502	0.0130332627409	0.00110629958593	0.0164996681101	0.000410911274773	0.020830040775	0.000990401534069	0	2.10723730653e-05	0.000284477036381	0.000326621782512	0.00837626829345	0.000611098818893	0	0.000937720601406	0.000811286363014	3.16085595979e-05	0.000210723730653	8.42894922612e-05	0.00278155324462	0.00368766528643	0.000105361865326	0	0.00572114928723	0.000189651357588	0.00398267850934	2.10723730653e-05	0	0	0	9.48256787938e-05	0	0	0.0040669680016	0.000431983647839	0.00356123104803	0.000632171191959	0.00372981003256	0.00221259917186	0.000126434238392
0	0.000210723730653	0	0	0.00145399374151	0	0.000284477036381	0.0019702668816	0.000284477036381	0.0218415146822	1.05361865326e-05	2.10723730653e-05	0.00124327001085	0	1.05361865326e-05	0.000684852124622	0.00186490501628	0	0	0	0.000821822549546	0.00161203653949	0.00542613606431	0	0.0232744360506	0	0.000389838901708	0.00035823034211	0.0177324019344	3.16085595979e-05	0	0	0	0	0.000231796103718	0	0.00438305359758	0	0	0.00662726132903	0.000726996870753	0.000505736953567	1.05361865326e-05	0.000484664580502	0.0492039911075	0.000400375088241	0	0.00438305359758	0.000463592207436	8.42894922612e-05	0.00311871121366	0.00273940849849	0	0	0	0.00217045442573	0.0031292474002	0.0104202884808	0.00292905985608	0.0311660397636	0.00183329645668	0	0.00341372443658	0.015804279799	0	0	0	6.32171191959e-05	0	0	0.000779677803416	0.000126434238392	6.32171191959e-05	0	0.000705924497687	0	0	0.000221259917186	0	0	0	0.00143292136844	0	0
0	0	0	0	0.00136970424924	0	1.05361865326e-05	7.37533057285e-05	1.05361865326e-05	0.00179115171055	0.000663779751557	0	0.000821822549546	0	0	1.05361865326e-05	0	0	0	1.05361865326e-05	0.00071646068422	3.16085595979e-05	0	0	0.000958792974471	0	0	0	0.00113790814553	0.000189651357588	0	0	0	0	5.26809326632e-05	0	0	0	0	0.00598455395054	0	0.016615566162	0.00297120460221	0.0130332627409	0.000400375088241	0.0405327095911	0.00231796103718	0.0185647606705	0.000337157969045	0.00781785040722	0.000431983647839	0	0	0.00119058907819	0.00125380619738	0.0150246019956	0	0	0	0.00447787927637	0	0.00035823034211	0	0.00842894922612	0.00376141859215	0	0	0.000337157969045	0	0.00460431351477	0.000463592207436	4.21447461306e-05	0	0	1.05361865326e-05	0	0	0.000979865347536	0	0.0036455205403	0.000684852124622	0	5.26809326632e-05	0
0	0	0	0	9.48256787938e-05	0	0	0	0	3.16085595979e-05	0	0	0.000853431109144	0.000273940849849	0	0	0	0	0	0	0.000526809326632	0	0	0	0	0.000484664580502	0	0	0	0	0	0	0	0	3.16085595979e-05	0	0	0	0	0.000463592207436	0	0.00127487857045	0.000674315938089	0.00110629958593	0	0.00231796103718	0.0238328539368	0.00368766528643	0.00574222166029	0.00214938205266	0	0	0	0.00595294539095	0.00836573210692	0.00319246451939	0	0	0	0.000221259917186	0.000115898051859	0.0036455205403	0	0.000389838901708	0.00723836014793	0	0.000705924497687	0.0010325462802	0	0.0124432362951	0	0.000263404663316	2.10723730653e-05	0	0	0	0	0.000210723730653	0.00128541475698	0.00666940607517	0	0	0	0.000895575855275
0	0	0	0	0.0025497571409	0	0.000189651357588	0	0.000189651357588	0.00372981003256	0	0	0.00636385666572	0	0	0.000495200767034	0	0	0	0	0.00267619137929	0	0	0	0.00167525365869	0	0	0	0.000611098818893	0	0	0	0	0	3.16085595979e-05	1.05361865326e-05	0	0	0	0.00740693913245	0	0.0195130174585	0.000189651357588	0.0164996681101	0.00438305359758	0.0185647606705	0.00368766528643	0.0430087134263	0.000632171191959	0.0120744697664	0.00172793459135	0	0	0.00179115171055	0.00180168789708	0.0237696368177	0	0	0	0.00257082951397	0	0.000389838901708	0	0.000885039668742	0.0067115508213	0	0	0.000842894922612	0	0.00681691268662	0.000295013222914	0	2.10723730653e-05	0	0.0005162731401	0	0	0.000421447461306	0	0.00485718199155	0.000632171191959	0.000210723730653	6.32171191959e-05	0
0	0.000263404663316	0	0	0	0	0	0	0	3.16085595979e-05	0	0.000453056020904	0.000421447461306	0.00685905743275	0	0	0	0	0	1.05361865326e-05	0.000115898051859	0	0	0	0	0.00953524881204	0.00584758352562	0.00552096174311	0	0	0	1.05361865326e-05	0	0	3.16085595979e-05	0	0.00342426062311	0	0	2.10723730653e-05	0	2.10723730653e-05	3.16085595979e-05	0.000410911274773	0.000463592207436	0.000337157969045	0.00574222166029	0.000632171191959	0.0222418897704	0.00171739840482	0	0	0	0	0	0.000568954072763	0	0.000474128393969	0	0.000463592207436	0.00520487614713	0.0035506948615	0.0116003413724	1.05361865326e-05	0.00205455637387	0	0.00260243807356	0.000295013222914	0	0.00311871121366	5.26809326632e-05	0.000505736953567	2.10723730653e-05	0	0	0	0	0.000305549409447	0.00575275784682	0.00190704976241	0	0	0	0.000474128393969
0	0	0	0	0.000252868476784	0	0	0	0	0.000105361865326	0	0	0.00123273382432	1.05361865326e-05	0	0	0	0	0	0	0.0005162731401	0	0	0	6.32171191959e-05	0	0	0	1.05361865326e-05	0	0	0	0	0	1.05361865326e-05	0.00666940607517	0	2.10723730653e-05	0	0.000800750176481	0	0.00715407065567	0.0155092665761	0.020830040775	8.42894922612e-05	0.00781785040722	0.00214938205266	0.0120744697664	0.00171739840482	0.0432826542761	2.10723730653e-05	0	2.10723730653e-05	0	0	0.0086818177029	0.000632171191959	0	0.000853431109144	0.000568954072763	0	1.05361865326e-05	0	0.00295013222914	0.010167420004	0.000221259917186	5.26809326632e-05	0.00104308246673	0.000189651357588	0.00444627071678	1.05361865326e-05	0	1.05361865326e-05	0	0	0	0	0.00145399374151	0.000189651357588	0.00276048087155	0.000600562632361	0.000653243565024	0.000115898051859	0.00015804279799
0	0	0	0	0	0	0.000105361865326	0	0.000105361865326	0.000779677803416	0	0	3.16085595979e-05	0	0	0.000273940849849	0	0	0	0	0	0	0	0	0.0010641548398	0	0	0	0.00015804279799	0	0	0	0	0	0	0	0	0	0	0.000958792974471	0.00163310891256	0.00165418128563	0	0.000990401534069	0.00311871121366	0.000431983647839	0	0.00172793459135	0	2.10723730653e-05	0.00657458039637	0	0	0	0	0.000147506611457	0	0	0	0.00231796103718	0	0	0	0	0	0	0	1.05361865326e-05	0	0	0	0	0	0	0.000273940849849	0	0	1.05361865326e-05	0	1.05361865326e-05	1.05361865326e-05	0.00188597738934	0	0
0	0	3.16085595979e-05	0	0	0	0	0	0	7.37533057285e-05	0	0	0	0	0	0	0.00484664580502	0	0	0	0	0.00120112526472	0.00860806439717	0.00290798748301	0.00320300070592	0	0	0.0035506948615	0.00441466215718	0	0	0	0	0	0	0	8.42894922612e-05	0	0	0	0	0	0	0	0.00273940849849	0	0	0	0	0	0	0.0224420773145	0	0	0	0	0.00304495790793	0.0173636354058	0.00999884101948	0.00298174078874	0	0	0.00428822791879	0.00174900696442	0	0	0	0	0	0	0	0	0	0	0	0	0	0	0	0	0	0	0	0
2.10723730653e-05	0	0.00227581629105	0	0	0	0	2.10723730653e-05	0	0	0	0	0	0	2.10723730653e-05	0	1.05361865326e-05	0.0101042028848	0	0.000242332290251	0	1.05361865326e-05	0.000105361865326	5.26809326632e-05	0	0	0.000769141616883	0.00172793459135	0	0	0	0	0	0	0.000221259917186	0	0.000221259917186	0.0129489732486	0	0	0	0	3.16085595979e-05	2.10723730653e-05	0	0	0	0	0	2.10723730653e-05	0	0	0.0441044768257	2.10723730653e-05	0.000611098818893	0	0.000948256787938	0.000273940849849	0.00993562390029	0	0	0.0137918681712	0.00827090642813	0	0	0	0	0	0	0.00723836014793	0.000937720601406	0.000115898051859	0.000263404663316	0	0	0	0	0.00398267850934	0.00424608317266	0.00453056020904	0.00263404663316	0.000484664580502	1.05361865326e-05	0
0	0	4.21447461306e-05	0	0	0	0	0	0	0	0	0	0.000284477036381	0	0	0	0	6.32171191959e-05	0	0	0.000168578984522	0	0	0	0	0	0.000800750176481	0.000242332290251	0	0	0	0	0	0	0	0	7.37533057285e-05	0	0	0.00020018754412	0	0.000547881699698	0.000410911274773	0.000284477036381	0	0.00119058907819	0.00595294539095	0.00179115171055	0	0	0	0	2.10723730653e-05	0.0127803942641	0.00683798505969	0.0015172108607	1.05361865326e-05	0	8.42894922612e-05	0.000126434238392	1.05361865326e-05	0.00379302715175	0.000547881699698	0.000221259917186	0.00219152679879	0	0	0	0	0.00436198122452	0	0	0	0	0	0	0	0.000863967295677	0.00142238518191	0.00472021156663	0.000115898051859	0	0	0
0	0	0	0	0	0	0	0	0	0	0	0	0.000284477036381	0	0	0	0	0.000326621782512	0	0	0.000168578984522	0	0	0	0	0	0.000326621782512	0	0	0	0	0	0	0	0	0	5.26809326632e-05	0	0	0.00020018754412	0	0.000579490259296	0.000579490259296	0.000326621782512	0	0.00125380619738	0.00836573210692	0.00180168789708	0	0	0	0	0.000611098818893	0.00683798505969	0.0149403125033	0.0015172108607	0	0	2.10723730653e-05	0.000147506611457	0	0.00429876410532	0	0.000316085595979	0.00265511900623	0	0	0	0	0.00714353446913	0	0	0	0	0	0	0	0.000231796103718	0.000179115171055	0.00479396487235	7.37533057285e-05	0	0	0
0	0	0	0	0.00484664580502	0	6.32171191959e-05	6.32171191959e-05	6.32171191959e-05	0.00434090885145	0.000726996870753	0	0.00505736953567	0	0	0.000179115171055	0	0	0	0	0.00340318825004	3.16085595979e-05	0	0	0.00260243807356	0	0	0	0.00228635247758	7.37533057285e-05	0	0	0	0	1.05361865326e-05	0	0	0	0	0.0117373117974	0	0.00902951185848	0	0.00837626829345	0.00217045442573	0.0150246019956	0.00319246451939	0.0237696368177	0.000568954072763	0.0086818177029	0.000147506611457	0	0	0.0015172108607	0.0015172108607	0.032124832738	0	0	0	0.00505736953567	0	0.000252868476784	0	0.00296066841567	0.00549988937004	0	0	0.000316085595979	0	0.00566846835456	0.00055841788623	3.16085595979e-05	0	0	0.000189651357588	0	0	0.000663779751557	0	0.00384570808442	0.000505736953567	1.05361865326e-05	6.32171191959e-05	0
