0.0281458281251	2.35845719164e-05	0.00193865181153	0	0.000198110404098	0.000127356688349	0.000820743102692	0.0175280538483	0.00826403399952	0.00110375796569	0.00242449399301	0.00063206652736	9.43382876657e-06	3.77353150663e-05	0.0174667339613	9.43382876657e-06	1.41507431499e-05	0.000806592359542	6.6036801366e-05	0.000566029725994	6.6036801366e-05	0.000787724702009	0.000183959660948	0.00262732131149	0.000693386414343	4.71691438329e-06	0.00233487261973	0.000900930647208	0.00630651453045	0.00979703117409	0.00453767163672	0	4.24522294496e-05	2.35845719164e-05	0.00346693207172	2.83014862997e-05	1.41507431499e-05	1.88676575331e-05	0	0	0	0	1.41507431499e-05	8.96213732825e-05	0.000816026188309	6.6036801366e-05	0	0	4.71691438329e-06	6.13198869827e-05	0	0.000400937722579	4.71691438329e-06	0	2.35845719164e-05	0	8.49044588992e-05	0.000528294410928	0.00031603326368	0.000306599434914	4.71691438329e-06	5.66029725994e-05	7.54706301326e-05	0.000320750178064	0.000551878982845	0.000542445154078	4.71691438329e-06	4.71691438329e-06	0.000429239208879	0.000731121729409	0.000448106866412	0.000396220808196	0.00380654990731	0.00137262208554	0.000523577496545	9.43382876657e-05	0	0.000165092003415	6.6036801366e-05	0.000999985849257	0.000853761503375	0.000264147205464	9.43382876657e-06	0
2.35845719164e-05	0.0121130361363	0.000207544232865	0	4.71691438329e-06	0	7.07537157493e-05	0.000235845719164	8.49044588992e-05	0.00201883935605	4.71691438329e-06	6.6036801366e-05	3.3018400683e-05	1.41507431499e-05	2.35845719164e-05	4.71691438329e-06	0.000481125267095	0.000594331212294	2.83014862997e-05	0.000117922859582	0	8.01875445159e-05	0.00448106866412	0.000273581034231	0.00296693914709	0.000641500356127	0.00147639420197	0.00825931708514	0.000179242746565	4.71691438329e-05	8.49044588992e-05	4.71691438329e-06	0	0	0.000542445154078	0	0.00156129866087	1.41507431499e-05	0	0	0	9.43382876657e-06	9.43382876657e-06	1.41507431499e-05	9.43382876657e-06	0	4.71691438329e-06	0	7.07537157493e-05	0	0	7.54706301326e-05	6.6036801366e-05	0	4.24522294496e-05	0	0	7.07537157493e-05	5.18860582162e-05	4.71691438329e-05	0.000108489030816	0.000113205945199	0.00161318471908	4.24522294496e-05	4.24522294496e-05	0	0	0	8.96213732825e-05	0.000108489030816	0.000820743102692	0.000127356688349	0.000518860582162	6.6036801366e-05	3.77353150663e-05	0	0	3.3018400683e-05	3.3018400683e-05	6.13198869827e-05	4.71691438329e-06	0	0	0
0.00193865181153	0.000207544232865	0.0337872577275	0	4.71691438329e-06	1.41507431499e-05	0.000132073602732	0.00334900921213	0.00139148974307	9.43382876657e-05	3.3018400683e-05	3.77353150663e-05	4.71691438329e-06	4.71691438329e-06	0.00183016278072	1.41507431499e-05	2.35845719164e-05	0.00521690730792	4.24522294496e-05	0.000377353150663	9.43382876657e-06	0.000570746640378	0.000292448691764	0.010004575407	0.000160375089032	0	0.0072829158078	0.018348796951	0.000179242746565	0.000183959660948	0.00320278486625	0	0	0	0.000443389952029	4.71691438329e-06	0.00427352443126	0.00317920029434	0	0	4.71691438329e-06	0	5.66029725994e-05	3.77353150663e-05	8.01875445159e-05	1.88676575331e-05	5.66029725994e-05	0	2.35845719164e-05	2.83014862997e-05	9.43382876657e-06	0.000462257609562	0.000575463554761	3.3018400683e-05	0.000377353150663	0	0.00067451875681	0.000698103328726	0.00318391720872	0.000273581034231	7.07537157493e-05	0.00267449045532	0.00706593774616	0.000778290873242	7.54706301326e-05	0.000193393489715	4.71691438329e-06	0	7.07537157493e-05	0.000858478417758	0.000679235671193	0.00133960368485	0.000259430291081	3.3018400683e-05	9.43382876657e-06	0	0	0.000165092003415	0.000216978061631	0.000415088465729	6.6036801366e-05	1.88676575331e-05	0	0
0	0	0	0	0	0	0	0	0	0	0	0	0	0	0	0	0	0	0	0	0	0	0	0	0	0	0	0	0	0	0	0	0	0	0	0	0	0	0	0	0	0	0	0	0	0	0	0	0	0	0	0	0	0	0	0	0	0	0	0	0	0	0	0	0	0	0	0	0	0	0	0	0	0	0	0	0	0	0	0	0	0	0	0
0.000198110404098	4.71691438329e-06	4.71691438329e-06	0	0.0230515605911	1.41507431499e-05	0.000952816705424	0.00508483370518	0.000877346075291	0.000537728239695	0.00513200284902	0.000806592359542	0.00407541402716	2.83014862997e-05	0.000580180469144	0.000259430291081	0	6.13198869827e-05	4.71691438329e-06	9.43382876657e-06	0.00726876506465	9.43382876657e-06	1.41507431499e-05	0.000113205945199	0.00795743456461	7.54706301326e-05	0.000132073602732	1.88676575331e-05	0.0131884926157	0.000325467092447	4.71691438329e-06	0	0	0	0.00119337933897	0	0	0	0	0.00137733899992	4.71691438329e-06	0.000183959660948	0.000268864119847	0.000287731777381	0.00100941967802	0.000617915784211	0.000117922859582	0.000117922859582	5.66029725994e-05	4.24522294496e-05	4.24522294496e-05	0	0	0	0	0.000698103328726	0	0	0	0.00452352089357	1.88676575331e-05	0	4.71691438329e-06	0.0021744975307	6.6036801366e-05	0	4.71691438329e-06	9.43382876657e-06	0	0.000202827318481	0.000443389952029	0.000561312811611	0.00184431352387	0.000264147205464	0.000551878982845	2.35845719164e-05	4.24522294496e-05	1.88676575331e-05	9.43382876657e-06	0.000155658174648	3.77353150663e-05	5.66029725994e-05	9.43382876657e-06	2.35845719164e-05
0.000127356688349	0	1.41507431499e-05	0	1.41507431499e-05	0.00556595897228	0.00256600142451	0.000254713376697	0.000910364475974	9.43382876657e-06	0.000122639773965	4.71691438329e-06	8.96213732825e-05	0	0.000363202407513	0.00161318471908	0	9.43382876657e-06	0	4.71691438329e-06	3.3018400683e-05	0.000117922859582	0	5.66029725994e-05	3.3018400683e-05	0	1.41507431499e-05	1.88676575331e-05	7.54706301326e-05	6.6036801366e-05	1.41507431499e-05	0	0.000438673037646	0	0.000297165606147	0	0	0	0	0	0	0	1.41507431499e-05	0	0	0	4.71691438329e-06	0	4.71691438329e-06	6.13198869827e-05	0	0	0	0	0	0	0	0	0	0	0	0	4.71691438329e-06	0	0.000127356688349	4.71691438329e-06	0	0	0	0.000113205945199	0.000320750178064	4.71691438329e-06	0.000400937722579	0.000254713376697	0.00109432413692	0.000872629160908	0	1.41507431499e-05	0	9.43382876657e-06	0	2.35845719164e-05	0	0
0.000820743102692	7.07537157493e-05	0.000132073602732	0	0.000952816705424	0.00256600142451	0.0401975443744	0.00906590944468	0.0182591755777	0.000849044588992	0.0105140021603	0.000150941260265	0.00787253010571	2.35845719164e-05	0.00700461785918	0.00410843242784	0	7.54706301326e-05	1.41507431499e-05	2.83014862997e-05	0.00420277071551	0.000216978061631	0.000127356688349	0.000443389952029	0.00111790870884	5.66029725994e-05	7.07537157493e-05	0.000193393489715	0.00331127389707	0.00033018400683	0.000216978061631	0	0.000429239208879	0	0.000537728239695	0	9.43382876657e-06	0	0	6.6036801366e-05	0	0	0.000278297948614	2.35845719164e-05	0.000801875445159	2.35845719164e-05	0.000127356688349	4.24522294496e-05	7.54706301326e-05	0.000636783441744	0	9.43382876657e-06	0	0	0	7.07537157493e-05	0	3.3018400683e-05	2.83014862997e-05	0.000367919321896	9.43382876657e-06	4.71691438329e-06	2.83014862997e-05	0.000858478417758	0.00138677282869	2.83014862997e-05	4.71691438329e-06	2.35845719164e-05	9.9055202049e-05	0.0018065782088	0.00318391720872	8.49044588992e-05	0.000608481955444	0.000155658174648	0.0037546638491	0.000254713376697	9.9055202049e-05	0.000311316349297	2.35845719164e-05	0.000749989386943	0.000382070065046	0.00037263623628	4.71691438329e-06	0
0.0175280538483	0.000235845719164	0.00334900921213	0	0.00508483370518	0.000254713376697	0.00906590944468	0.0779517270982	0.0179855945435	0.00227826964713	0.0207261218002	0.00233958953411	0.000655651099277	5.18860582162e-05	0.0154526115196	0.000561312811611	3.3018400683e-05	0.00275939491422	0.000415088465729	0.000820743102692	0.000863195332142	0.00464616066754	0.000457540695179	0.00562727885926	0.00864138715018	7.07537157493e-05	0.00395749116758	0.00133960368485	0.0358957184568	0.00513200284902	0.0118158705301	0	6.13198869827e-05	4.71691438329e-06	0.00494332627368	0.000155658174648	4.71691438329e-05	2.35845719164e-05	0	0.001353754428	0	0.000160375089032	0.000999985849257	0.000349051664363	0.00132073602732	0.000759423215709	0.000816026188309	0.000179242746565	0.000231128804781	0.000391503893813	2.35845719164e-05	0.000396220808196	9.43382876657e-06	0	5.18860582162e-05	0.00103300424994	8.01875445159e-05	0.000481125267095	0.000599048126677	0.00485842181479	5.18860582162e-05	0.000103772116432	0.000183959660948	0.00291033617449	0.00175940906497	0.000108489030816	1.41507431499e-05	0.000113205945199	0.000896213732825	0.0036131564176	0.00382541756485	0.000693386414343	0.00803762210912	0.00332542464022	0.00114149328076	0.000462257609562	5.66029725994e-05	0.000650934184894	7.07537157493e-05	0.00238675867794	0.000655651099277	0.000216978061631	3.3018400683e-05	7.54706301326e-05
0.00826403399952	8.49044588992e-05	0.00139148974307	0	0.000877346075291	0.000910364475974	0.0182591755777	0.0179855945435	0.0441125833125	0.000457540695179	0.00967439140012	0.000599048126677	0.00449521940727	3.3018400683e-05	0.0176695612798	0.000872629160908	1.41507431499e-05	0.000127356688349	4.71691438329e-06	1.88676575331e-05	0.00419805380113	0.00164620311977	0.000179242746565	0.00297165606147	0.000735838643793	7.54706301326e-05	0.00100941967802	0.000490559095862	0.00662254779413	0.00233958953411	0.00174054140743	0	0.000476408352712	0	0.00188204883893	0	4.71691438329e-06	1.88676575331e-05	0	7.07537157493e-05	0	0	0.000117922859582	6.13198869827e-05	0.000419805380113	6.6036801366e-05	0.000198110404098	3.3018400683e-05	8.49044588992e-05	8.96213732825e-05	0	0.000292448691764	0	4.71691438329e-06	4.71691438329e-06	7.54706301326e-05	5.18860582162e-05	0.000377353150663	0.000278297948614	0.000419805380113	1.88676575331e-05	4.71691438329e-06	3.77353150663e-05	0.000457540695179	0.000287731777381	2.83014862997e-05	4.71691438329e-06	1.41507431499e-05	8.96213732825e-05	0.000858478417758	0.000966967448574	9.43382876657e-05	0.0021461960444	0.000433956123262	0.00067451875681	0.000160375089032	7.54706301326e-05	0.000216978061631	2.83014862997e-05	0.000731121729409	0.00031603326368	0.000141507431499	0	0
0.00110375796569	0.00201883935605	9.43382876657e-05	0	0.000537728239695	9.43382876657e-06	0.000849044588992	0.00227826964713	0.000457540695179	0.024735499026	0.000179242746565	0.000108489030816	0.00199997169851	1.41507431499e-05	0.00112734253761	0.000721687900643	4.24522294496e-05	5.66029725994e-05	1.88676575331e-05	4.71691438329e-05	0.000608481955444	0.000113205945199	0.00413673391414	0.000136790517115	0.0137498054273	0.000400937722579	0.000155658174648	0.000457540695179	0.00580652160583	0.00120281316774	0.00067451875681	0	0	4.71691438329e-06	0.000226411890398	0.000179242746565	5.66029725994e-05	4.71691438329e-06	0	0.000108489030816	4.71691438329e-06	6.13198869827e-05	0.000202827318481	4.24522294496e-05	0.0112781422904	4.71691438329e-06	4.24522294496e-05	2.35845719164e-05	6.13198869827e-05	0.000226411890398	2.35845719164e-05	0.000391503893813	0	0	0	0.000108489030816	0.000132073602732	0.000405654636963	0.000481125267095	0.00404239562648	5.18860582162e-05	0	0.000179242746565	0.000844327674608	0.00190091649646	0.00109904105131	0	9.43382876657e-06	0.00153771408895	0.00469804672575	0.00358957184568	0.000325467092447	0.000283014862997	7.54706301326e-05	0.00228298656151	1.88676575331e-05	2.83014862997e-05	0.00104243807871	0.000259430291081	0.00388673745183	0.00183959660948	0.000429239208879	4.24522294496e-05	0
0.00242449399301	4.71691438329e-06	3.3018400683e-05	0	0.00513200284902	0.000122639773965	0.0105140021603	0.0207261218002	0.00967439140012	0.000179242746565	0.0502587227539	0.00294335457517	0.00498106158875	0.000117922859582	0.00406598019839	0.000754706301326	4.71691438329e-06	0.000165092003415	0.000103772116432	0.000174525832182	0.0109290906261	0.000283014862997	1.41507431499e-05	0.000438673037646	0.00132073602732	6.6036801366e-05	0.000910364475974	9.9055202049e-05	0.0150611076258	0.00287260085942	0.000188676575331	0	3.3018400683e-05	0	0.00439144729084	0	0	4.71691438329e-06	0	0.00174525832182	0	4.71691438329e-06	3.77353150663e-05	5.66029725994e-05	0.000231128804781	0.000636783441744	8.96213732825e-05	0.000108489030816	9.43382876657e-06	5.18860582162e-05	0	1.41507431499e-05	0	4.71691438329e-06	9.43382876657e-06	0.0012122469965	3.3018400683e-05	1.88676575331e-05	3.3018400683e-05	0.00237732484918	0	1.88676575331e-05	9.43382876657e-06	0.00108960722254	0.000292448691764	1.88676575331e-05	4.71691438329e-06	4.71691438329e-06	0.000136790517115	0.00037263623628	0.00216034678755	0.000457540695179	0.00653764333524	0.000924515219124	0.000721687900643	6.6036801366e-05	5.66029725994e-05	0.000150941260265	2.35845719164e-05	0.000127356688349	4.24522294496e-05	1.41507431499e-05	4.71691438329e-06	9.43382876657e-06
0.00063206652736	6.6036801366e-05	3.77353150663e-05	0	0.000806592359542	4.71691438329e-06	0.000150941260265	0.00233958953411	0.000599048126677	0.000108489030816	0.00294335457517	0.0371032485389	0.000617915784211	0.00899515572893	0.000966967448574	0	1.88676575331e-05	0.00131601911294	0.00427824134564	0.00851874737622	0.00223110050329	0.000405654636963	8.96213732825e-05	0.000466974523945	0.000325467092447	0.00306127743475	0.0064904741914	0.00100941967802	0.0015235633458	0.00119337933897	0.000952816705424	0.000613198869827	0	0	0.012306429626	1.41507431499e-05	3.3018400683e-05	4.71691438329e-05	0	4.71691438329e-06	0	0	0.000117922859582	9.43382876657e-06	8.01875445159e-05	4.71691438329e-06	0.000589614297911	9.43382876657e-06	0.00426880751687	1.41507431499e-05	0	4.71691438329e-06	4.71691438329e-06	0.000221694976014	3.77353150663e-05	9.43382876657e-06	4.71691438329e-06	3.3018400683e-05	3.77353150663e-05	5.18860582162e-05	0.0020895930718	0.00038678697943	0.00033018400683	0.000160375089032	0.000117922859582	5.66029725994e-05	0.00097640127734	0	1.41507431499e-05	9.43382876657e-05	0.00359900567445	0.0071414083763	0.0136979193691	0.0014386588869	8.01875445159e-05	0	0.00165563694853	0.000249996462314	0.000721687900643	7.07537157493e-05	3.77353150663e-05	0	4.71691438329e-06	2.35845719164e-05
9.43382876657e-06	3.3018400683e-05	4.71691438329e-06	0	0.00407541402716	8.96213732825e-05	0.00787253010571	0.000655651099277	0.00449521940727	0.00199997169851	0.00498106158875	0.000617915784211	0.0239524912383	1.88676575331e-05	0.0020612915855	0.00216034678755	1.41507431499e-05	9.43382876657e-06	0	4.71691438329e-06	0.0141130078348	1.41507431499e-05	4.71691438329e-05	5.18860582162e-05	0.000589614297911	1.88676575331e-05	4.71691438329e-05	1.41507431499e-05	0.000858478417758	0.000773573958859	0	0	2.83014862997e-05	0	0.00120753008212	0	0	0	0	5.66029725994e-05	0	0.000183959660948	4.71691438329e-06	2.35845719164e-05	0.000514143667778	1.41507431499e-05	9.43382876657e-06	0.000509426753395	9.43382876657e-06	1.88676575331e-05	0	4.71691438329e-06	0	0	0	5.18860582162e-05	0	2.35845719164e-05	4.71691438329e-06	0.000424522294496	0	0	0	4.71691438329e-05	4.24522294496e-05	0	0	0	0	6.13198869827e-05	7.54706301326e-05	0.000504709839012	0.000806592359542	1.88676575331e-05	0.0014103574006	0	9.43382876657e-06	4.71691438329e-06	4.71691438329e-06	2.83014862997e-05	0	0	0	0
3.77353150663e-05	1.41507431499e-05	4.71691438329e-06	0	2.83014862997e-05	0	2.35845719164e-05	5.18860582162e-05	3.3018400683e-05	1.41507431499e-05	0.000117922859582	0.00899515572893	1.88676575331e-05	0.0150563907115	3.3018400683e-05	0	0	9.43382876657e-06	3.3018400683e-05	5.66029725994e-05	7.54706301326e-05	1.41507431499e-05	1.41507431499e-05	2.35845719164e-05	2.35845719164e-05	0.00423107220181	0.00419805380113	0.00218864827385	7.54706301326e-05	9.43382876657e-06	9.43382876657e-06	0.00164620311977	0	0	0.000245279547931	0	0.000179242746565	4.71691438329e-06	0	0	0	0	9.43382876657e-06	0	1.41507431499e-05	4.71691438329e-06	0.000499992924628	4.71691438329e-06	0.00604708423937	0	0	0	0	0.000216978061631	3.77353150663e-05	0	0	4.71691438329e-06	0	9.43382876657e-06	0.00297637297585	0.000547162068461	0.000537728239695	9.43382876657e-06	1.41507431499e-05	4.71691438329e-06	0.00151884643142	0	0	2.35845719164e-05	0.000198110404098	0.00325467092447	0.000740555558176	0.000179242746565	9.43382876657e-06	4.71691438329e-06	0.000863195332142	4.71691438329e-05	0.000721687900643	1.41507431499e-05	0	0	0	5.66029725994e-05
0.0174667339613	2.35845719164e-05	0.00183016278072	0	0.000580180469144	0.000363202407513	0.00700461785918	0.0154526115196	0.0176695612798	0.00112734253761	0.00406598019839	0.000966967448574	0.0020612915855	3.3018400683e-05	0.0386409626279	5.18860582162e-05	4.71691438329e-06	0.000320750178064	1.41507431499e-05	0.000179242746565	0.0031037296642	0.000787724702009	8.01875445159e-05	0.00263203822587	0.00063206652736	3.3018400683e-05	0.00188676575331	0.000797158530776	0.00544331919831	0.0089762880714	0.00273581034231	0	0.000132073602732	9.43382876657e-06	0.00280184714367	4.71691438329e-06	1.88676575331e-05	9.43382876657e-06	0	6.6036801366e-05	0	0	0.000297165606147	0.000103772116432	0.00133960368485	8.49044588992e-05	0.000141507431499	3.3018400683e-05	6.6036801366e-05	0.000636783441744	0	0.000292448691764	0	4.71691438329e-06	1.41507431499e-05	7.07537157493e-05	3.77353150663e-05	0.000339617835597	0.000254713376697	0.00037263623628	9.43382876657e-06	3.3018400683e-05	5.18860582162e-05	0.000853761503375	0.00147167728759	0.000207544232865	9.43382876657e-06	3.3018400683e-05	0.000174525832182	0.00229242039028	0.00250468153753	0.00031603326368	0.00342919675665	0.00109432413692	0.00166978769168	0.000221694976014	2.35845719164e-05	0.000443389952029	3.77353150663e-05	0.00154714791772	0.000933949047891	0.000584897383528	4.71691438329e-06	0
9.43382876657e-06	4.71691438329e-06	1.41507431499e-05	0	0.000259430291081	0.00161318471908	0.00410843242784	0.000561312811611	0.000872629160908	0.000721687900643	0.000754706301326	0	0.00216034678755	0	5.18860582162e-05	0.00806592359542	0	2.83014862997e-05	0	9.43382876657e-06	0.000929232133508	8.01875445159e-05	4.71691438329e-06	0.000240562633548	0.000693386414343	9.43382876657e-06	4.71691438329e-06	1.88676575331e-05	0.000622632698594	4.71691438329e-06	3.3018400683e-05	0	1.41507431499e-05	0	0.000127356688349	0	0	0	0	4.71691438329e-06	0	0	0	0	4.71691438329e-06	1.41507431499e-05	9.43382876657e-06	9.43382876657e-06	0	4.71691438329e-06	0	4.71691438329e-06	0	0	0	9.43382876657e-06	4.71691438329e-06	9.43382876657e-06	9.43382876657e-06	2.35845719164e-05	0	0	4.71691438329e-06	0	1.41507431499e-05	0	0	0	0	2.35845719164e-05	0.000245279547931	1.88676575331e-05	0.000306599434914	0.000179242746565	0.0029056192601	9.43382876657e-06	4.71691438329e-06	4.71691438329e-06	0	1.88676575331e-05	1.88676575331e-05	0	0	0
1.41507431499e-05	0.000481125267095	2.35845719164e-05	0	0	0	0	3.3018400683e-05	1.41507431499e-05	4.24522294496e-05	4.71691438329e-06	1.88676575331e-05	1.41507431499e-05	0	4.71691438329e-06	0	0.0244666349061	9.9055202049e-05	1.88676575331e-05	8.01875445159e-05	9.43382876657e-06	0.00204242392796	0.0134667905643	0.00833478771527	0.00373107927718	0	1.41507431499e-05	0.00510370136272	0.00429239208879	9.43382876657e-05	0.000391503893813	0	0	1.88676575331e-05	0.000231128804781	9.9055202049e-05	0.000278297948614	1.41507431499e-05	0	0	0	0	0	9.43382876657e-06	0.000155658174648	0	1.88676575331e-05	0	6.6036801366e-05	9.43382876657e-06	0	0.00678763979755	0	4.71691438329e-06	1.41507431499e-05	0	0.00185374735263	0.00874515926661	0.0013254529417	0.000900930647208	0.000160375089032	4.24522294496e-05	0.00181129512318	0.00254713376697	0.000599048126677	0.000787724702009	0	0	0.000287731777381	1.41507431499e-05	0.00205185775673	0.00037263623628	0.000254713376697	0.000108489030816	1.41507431499e-05	0	9.43382876657e-06	0.00070282024311	0.000424522294496	5.18860582162e-05	4.71691438329e-05	2.35845719164e-05	0	0
0.000806592359542	0.000594331212294	0.00521690730792	0	6.13198869827e-05	9.43382876657e-06	7.54706301326e-05	0.00275939491422	0.000127356688349	5.66029725994e-05	0.000165092003415	0.00131601911294	9.43382876657e-06	9.43382876657e-06	0.000320750178064	2.83014862997e-05	9.9055202049e-05	0.0297825974161	0.000551878982845	0.00800932062282	9.43382876657e-06	0.00252826610944	0.000396220808196	0.00928760442069	0.000146224345882	3.3018400683e-05	0.00422635528743	0.00922156761933	0.00106130573624	0.00035848549313	0.00385371905115	4.71691438329e-06	0	4.71691438329e-06	0.00822629868445	0	0.00104715499309	0.000396220808196	0	0	0	4.71691438329e-06	3.77353150663e-05	1.41507431499e-05	3.77353150663e-05	0	1.41507431499e-05	0	4.24522294496e-05	1.41507431499e-05	0	0.00033018400683	2.83014862997e-05	4.71691438329e-06	0.000240562633548	0	1.41507431499e-05	0.000231128804781	0.000188676575331	8.49044588992e-05	2.83014862997e-05	0.000787724702009	0.00193865181153	8.96213732825e-05	1.88676575331e-05	1.41507431499e-05	2.83014862997e-05	0	4.71691438329e-06	8.96213732825e-05	0.00351881812993	0.00241034324986	0.00547162068461	0.00151412951704	1.41507431499e-05	0	9.43382876657e-06	9.43382876657e-05	8.01875445159e-05	9.9055202049e-05	6.13198869827e-05	4.71691438329e-06	0	0
6.6036801366e-05	2.83014862997e-05	4.24522294496e-05	0	4.71691438329e-06	0	1.41507431499e-05	0.000415088465729	4.71691438329e-06	1.88676575331e-05	0.000103772116432	0.00427824134564	0	3.3018400683e-05	1.41507431499e-05	0	1.88676575331e-05	0.000551878982845	0.00723574666396	0.00278769640052	0	6.6036801366e-05	1.41507431499e-05	0.000103772116432	0.000127356688349	7.07537157493e-05	0.00207544232865	0.000193393489715	0.000334900921213	4.71691438329e-06	0.000117922859582	0	0	0	0.00122168082527	0	1.41507431499e-05	9.43382876657e-06	0	0	0	0	4.71691438329e-06	0	2.35845719164e-05	0	2.83014862997e-05	0	6.6036801366e-05	0	0	0	0	0	0	0	0	9.43382876657e-06	0	4.71691438329e-06	4.71691438329e-06	0.000518860582162	0.000212261147248	9.43382876657e-06	3.3018400683e-05	1.88676575331e-05	3.77353150663e-05	0	4.71691438329e-06	2.35845719164e-05	0.00127356688349	0.00168865534922	0.00255656759574	0.00037263623628	1.88676575331e-05	0	0	0.000117922859582	9.43382876657e-06	9.43382876657e-06	0	0	0	0
0.000566029725994	0.000117922859582	0.000377353150663	0	9.43382876657e-06	4.71691438329e-06	2.83014862997e-05	0.000820743102692	1.88676575331e-05	4.71691438329e-05	0.000174525832182	0.00851874737622	4.71691438329e-06	5.66029725994e-05	0.000179242746565	9.43382876657e-06	8.01875445159e-05	0.00800932062282	0.00278769640052	0.0245798408513	9.43382876657e-06	0.000797158530776	7.54706301326e-05	0.000778290873242	0.000415088465729	4.71691438329e-05	0.00758951524271	0.00276411182861	0.000872629160908	0.000221694976014	0.00145280963005	3.3018400683e-05	0	0	0.0108819214822	1.88676575331e-05	0.000306599434914	0.000504709839012	0	0	0	4.71691438329e-06	0	1.41507431499e-05	0.000146224345882	4.71691438329e-06	9.43382876657e-06	0	4.71691438329e-05	2.35845719164e-05	0	4.71691438329e-05	1.88676575331e-05	9.43382876657e-06	0.000306599434914	0	1.41507431499e-05	8.96213732825e-05	8.49044588992e-05	2.35845719164e-05	3.3018400683e-05	0.00106602265062	0.000485842181479	9.43382876657e-06	0.000141507431499	0.000136790517115	1.88676575331e-05	0	1.88676575331e-05	3.3018400683e-05	0.0055046390853	0.00314146497927	0.0103489101569	0.00179714438003	0.000117922859582	0	1.41507431499e-05	0.000221694976014	0.000117922859582	4.24522294496e-05	3.3018400683e-05	0	0	0
6.6036801366e-05	0	9.43382876657e-06	0	0.00726876506465	3.3018400683e-05	0.00420277071551	0.000863195332142	0.00419805380113	0.000608481955444	0.0109290906261	0.00223110050329	0.0141130078348	7.54706301326e-05	0.0031037296642	0.000929232133508	9.43382876657e-06	9.43382876657e-06	0	9.43382876657e-06	0.0262920807724	9.43382876657e-06	9.43382876657e-06	6.6036801366e-05	0.000349051664363	6.13198869827e-05	0.000410371551346	1.41507431499e-05	0.00204242392796	0.00161318471908	2.35845719164e-05	0	0	0	0.00312259732174	0	0	0	0	0.000471691438329	0	0	0	1.41507431499e-05	0.000240562633548	0.000122639773965	2.35845719164e-05	6.6036801366e-05	1.41507431499e-05	9.43382876657e-06	0	4.71691438329e-06	0	4.71691438329e-06	0	0.000429239208879	0	9.43382876657e-06	4.71691438329e-06	0.000683952585577	0	4.71691438329e-06	4.71691438329e-06	0.000198110404098	4.24522294496e-05	0	4.71691438329e-06	0	0	6.13198869827e-05	0.000476408352712	0.000825460017075	0.00389145436621	6.6036801366e-05	0.000858478417758	5.66029725994e-05	2.35845719164e-05	4.71691438329e-05	2.83014862997e-05	3.3018400683e-05	4.71691438329e-06	0	0	0
0.000787724702009	8.01875445159e-05	0.000570746640378	0	9.43382876657e-06	0.000117922859582	0.000216978061631	0.00464616066754	0.00164620311977	0.000113205945199	0.000283014862997	0.000405654636963	1.41507431499e-05	1.41507431499e-05	0.000787724702009	8.01875445159e-05	0.00204242392796	0.00252826610944	6.6036801366e-05	0.000797158530776	9.43382876657e-06	0.0469615996	0.00133960368485	0.0224760970364	0.000150941260265	0	0.000481125267095	0.00099055202049	0.00757536449956	0.00123583156842	0.0152026150573	0	2.35845719164e-05	0.000207544232865	0.00871214086593	1.41507431499e-05	4.71691438329e-05	2.35845719164e-05	0	0	0	2.35845719164e-05	8.96213732825e-05	3.3018400683e-05	9.9055202049e-05	1.41507431499e-05	4.71691438329e-06	0	0	1.88676575331e-05	0	0.00213204530125	1.41507431499e-05	4.71691438329e-06	5.18860582162e-05	0	0.00253769993821	0.0031886341231	0.000452823780796	1.88676575331e-05	0	7.54706301326e-05	0.000245279547931	0.00235374027726	0.000136790517115	0.000721687900643	0	4.71691438329e-06	9.43382876657e-05	5.66029725994e-05	0.00459427460932	0.00101885350679	0.00967439140012	0.00405182945524	0.00159431706155	3.77353150663e-05	0	0.000231128804781	5.18860582162e-05	6.6036801366e-05	6.13198869827e-05	4.71691438329e-06	0	4.71691438329e-06
0.000183959660948	0.00448106866412	0.000292448691764	0	1.41507431499e-05	0	0.000127356688349	0.000457540695179	0.000179242746565	0.00413673391414	1.41507431499e-05	8.96213732825e-05	4.71691438329e-05	1.41507431499e-05	8.01875445159e-05	4.71691438329e-06	0.0134667905643	0.000396220808196	1.41507431499e-05	7.54706301326e-05	9.43382876657e-06	0.00133960368485	0.0308439031523	0.00561312811611	0.00725933123588	0.000443389952029	0.000353768578747	0.00894326967071	0.00208015924303	0.00117451168144	0.0016084678047	0	0	9.43382876657e-06	0.00035848549313	3.3018400683e-05	0.00117922859582	7.54706301326e-05	0	0	0	0	9.43382876657e-06	1.88676575331e-05	0.00150941260265	9.43382876657e-06	3.3018400683e-05	0	0.000103772116432	4.71691438329e-06	0	0.00849044588992	0	4.71691438329e-06	3.77353150663e-05	0	0.00260373673957	0.0138865959444	0.00146224345882	0.000792441616392	0.000198110404098	0.000113205945199	0.00407069711278	0.00353296887308	0.000245279547931	0.000476408352712	0	0	0.000136790517115	0.000141507431499	0.00184431352387	0.000485842181479	0.000391503893813	7.54706301326e-05	4.71691438329e-05	0	4.24522294496e-05	0.00216034678755	0.00097640127734	0.000127356688349	1.41507431499e-05	0	0	0
0.00262732131149	0.000273581034231	0.010004575407	0	0.000113205945199	5.66029725994e-05	0.000443389952029	0.00562727885926	0.00297165606147	0.000136790517115	0.000438673037646	0.000466974523945	5.18860582162e-05	2.35845719164e-05	0.00263203822587	0.000240562633548	0.00833478771527	0.00928760442069	0.000103772116432	0.000778290873242	6.6036801366e-05	0.0224760970364	0.00561312811611	0.0793007646118	0.000514143667778	0	0.00242449399301	0.0148488464786	0.00332542464022	0.00133960368485	0.00565558034556	0	9.43382876657e-06	3.77353150663e-05	0.0054480361127	1.88676575331e-05	0.000349051664363	0.000693386414343	0	0	0	0	0.000165092003415	4.24522294496e-05	0.000297165606147	4.71691438329e-06	8.96213732825e-05	0	2.35845719164e-05	4.24522294496e-05	0	0.00833950462965	3.3018400683e-05	2.35845719164e-05	0.000169808917798	0	0.0037546638491	0.0101507997528	0.00511785210587	0.000212261147248	1.41507431499e-05	0.00030188252053	0.00182544586633	0.00409899859908	0.000183959660948	0.000466974523945	0	4.71691438329e-06	0.000141507431499	0.000278297948614	0.0154101592902	0.00233958953411	0.00980174808847	0.00499049541752	0.00071697098626	4.24522294496e-05	1.88676575331e-05	0.000919798304741	0.000297165606147	0.000495276010245	0.00038678697943	0.000122639773965	0	9.43382876657e-06
0.000693386414343	0.00296693914709	0.000160375089032	0	0.00795743456461	3.3018400683e-05	0.00111790870884	0.00864138715018	0.000735838643793	0.0137498054273	0.00132073602732	0.000325467092447	0.000589614297911	2.35845719164e-05	0.00063206652736	0.000693386414343	0.00373107927718	0.000146224345882	0.000127356688349	0.000415088465729	0.000349051664363	0.000150941260265	0.00725933123588	0.000514143667778	0.0441220171413	0.000429239208879	0.000363202407513	0.00198110404098	0.0245185209643	0.000377353150663	0.00070282024311	0	0	4.71691438329e-06	0.00067451875681	0.000278297948614	0.000160375089032	3.3018400683e-05	0	0.000933949047891	4.71691438329e-06	0.000325467092447	0.000514143667778	0.000438673037646	0.00606595189691	0.000584897383528	0.000481125267095	1.88676575331e-05	0.000193393489715	0.000216978061631	7.54706301326e-05	0.00105187190747	0	0	2.83014862997e-05	0.000349051664363	0.000188676575331	0.00259901982519	0.000452823780796	0.009820615746	8.01875445159e-05	3.77353150663e-05	0.000325467092447	0.00425937368811	0.00266505662656	0.0015518648321	9.43382876657e-06	3.77353150663e-05	0.00200940552728	0.00326410475323	0.00228770347589	0.000448106866412	0.000896213732825	0.000226411890398	0.00228770347589	2.35845719164e-05	3.3018400683e-05	0.00136790517115	0.000589614297911	0.00225468507521	0.000886779904058	0.000334900921213	3.77353150663e-05	6.13198869827e-05
4.71691438329e-06	0.000641500356127	0	0	7.54706301326e-05	0	5.66029725994e-05	7.07537157493e-05	7.54706301326e-05	0.000400937722579	6.6036801366e-05	0.00306127743475	1.88676575331e-05	0.00423107220181	3.3018400683e-05	9.43382876657e-06	0	3.3018400683e-05	7.07537157493e-05	4.71691438329e-05	6.13198869827e-05	0	0.000443389952029	0	0.000429239208879	0.0107356971364	0.00145280963005	0.00458484078055	6.13198869827e-05	1.88676575331e-05	1.88676575331e-05	0.00030188252053	0	0	0.000273581034231	0	0.000122639773965	0	0	4.71691438329e-06	0	0	1.41507431499e-05	0	1.41507431499e-05	0	0.000212261147248	0	0.00275467799984	0	0	0	0	5.18860582162e-05	1.88676575331e-05	4.71691438329e-06	0	4.71691438329e-06	0	4.71691438329e-06	0.00283958245874	0.000254713376697	0.000830176931459	9.43382876657e-06	4.71691438329e-06	0	0.000127356688349	0	0	2.83014862997e-05	0.000221694976014	0.000575463554761	0.00066036801366	1.88676575331e-05	2.35845719164e-05	0	0.00101413659241	5.66029725994e-05	8.49044588992e-05	2.35845719164e-05	4.71691438329e-06	0	0	0
0.00233487261973	0.00147639420197	0.0072829158078	0	0.000132073602732	1.41507431499e-05	7.07537157493e-05	0.00395749116758	0.00100941967802	0.000155658174648	0.000910364475974	0.0064904741914	4.71691438329e-05	0.00419805380113	0.00188676575331	4.71691438329e-06	1.41507431499e-05	0.00422635528743	0.00207544232865	0.00758951524271	0.000410371551346	0.000481125267095	0.000353768578747	0.00242449399301	0.000363202407513	0.00145280963005	0.0705744730027	0.025744918704	0.00067451875681	0.000537728239695	0.00252826610944	0.00204714084235	0	0	0.00407069711278	2.35845719164e-05	0.0116932307562	0.00208015924303	0	0	0	4.71691438329e-06	3.3018400683e-05	2.83014862997e-05	0.000160375089032	4.71691438329e-06	0.000448106866412	0	0.00555652514351	3.77353150663e-05	0	0.000268864119847	0.000183959660948	0.000636783441744	0.000915081390358	0	0.000443389952029	0.000693386414343	0.000108489030816	4.24522294496e-05	0.0048254034141	0.0185374735263	0.0154384607765	0.000438673037646	0.000188676575331	0.000198110404098	0.00288203468819	0	3.77353150663e-05	0.000297165606147	0.00376881459225	0.0080989419961	0.00598104743801	0.000636783441744	3.77353150663e-05	0	8.96213732825e-05	0.000367919321896	0.000613198869827	0.000221694976014	6.13198869827e-05	9.43382876657e-06	0	9.43382876657e-06
0.000900930647208	0.00825931708514	0.018348796951	0	1.88676575331e-05	1.88676575331e-05	0.000193393489715	0.00133960368485	0.000490559095862	0.000457540695179	9.9055202049e-05	0.00100941967802	1.41507431499e-05	0.00218864827385	0.000797158530776	1.88676575331e-05	0.00510370136272	0.00922156761933	0.000193393489715	0.00276411182861	1.41507431499e-05	0.00099055202049	0.00894326967071	0.0148488464786	0.00198110404098	0.00458484078055	0.025744918704	0.103979660665	0.00127828379787	0.00033018400683	0.00068866949996	0.000561312811611	0	0	0.00420277071551	1.41507431499e-05	0.0194997240605	0.00370277779088	0	0	9.43382876657e-06	4.71691438329e-06	8.49044588992e-05	3.3018400683e-05	0.000273581034231	9.43382876657e-06	0.000353768578747	0	0.00439144729084	5.18860582162e-05	1.41507431499e-05	0.00328297241077	0.00177355980812	0.00030188252053	0.000966967448574	4.71691438329e-06	0.000103772116432	0.00670273533865	0.00520275656477	0.000514143667778	0.00523577496545	0.00826403399952	0.0317353999708	0.000462257609562	0.000188676575331	0.000268864119847	0.00167922152045	9.43382876657e-06	0.000127356688349	0.00108960722254	0.00767441970161	0.00223110050329	0.00392447276689	0.000367919321896	4.24522294496e-05	0	8.01875445159e-05	0.000849044588992	0.000929232133508	0.000603765041061	0.000160375089032	3.77353150663e-05	9.43382876657e-06	1.88676575331e-05
0.00630651453045	0.000179242746565	0.000179242746565	0	0.0131884926157	7.54706301326e-05	0.00331127389707	0.0358957184568	0.00662254779413	0.00580652160583	0.0150611076258	0.0015235633458	0.000858478417758	7.54706301326e-05	0.00544331919831	0.000622632698594	0.00429239208879	0.00106130573624	0.000334900921213	0.000872629160908	0.00204242392796	0.00757536449956	0.00208015924303	0.00332542464022	0.0245185209643	6.13198869827e-05	0.00067451875681	0.00127828379787	0.0844091828889	0.00346221515733	0.00990080329052	0	2.83014862997e-05	0.000103772116432	0.00409428168469	0.000179242746565	0.000264147205464	4.24522294496e-05	0	0.00177355980812	4.71691438329e-06	0.000320750178064	0.000547162068461	0.00064621727051	0.00507539987642	0.00102357042117	0.000627349612977	2.83014862997e-05	0.000287731777381	0.000443389952029	8.01875445159e-05	0.00191506723961	1.41507431499e-05	4.71691438329e-06	1.88676575331e-05	0.000905647561591	0.00156129866087	0.00291977000325	0.000627349612977	0.0105800389617	4.71691438329e-05	5.18860582162e-05	0.000415088465729	0.00605180115376	0.00329712315392	0.00138677282869	1.41507431499e-05	0.000108489030816	0.00219808210261	0.00452352089357	0.00754706301326	0.000825460017075	0.00639613590374	0.00283958245874	0.00130186836979	0.000415088465729	7.07537157493e-05	0.00125941614034	0.000349051664363	0.0029056192601	0.00116979476706	0.000580180469144	3.77353150663e-05	8.96213732825e-05
0.00979703117409	4.71691438329e-05	0.000183959660948	0	0.000325467092447	6.6036801366e-05	0.00033018400683	0.00513200284902	0.00233958953411	0.00120281316774	0.00287260085942	0.00119337933897	0.000773573958859	9.43382876657e-06	0.0089762880714	4.71691438329e-06	9.43382876657e-05	0.00035848549313	4.71691438329e-06	0.000221694976014	0.00161318471908	0.00123583156842	0.00117451168144	0.00133960368485	0.000377353150663	1.88676575331e-05	0.000537728239695	0.00033018400683	0.00346221515733	0.0267920736971	0.00466974523945	0	4.71691438329e-06	0.000759423215709	0.00518860582162	7.07537157493e-05	4.71691438329e-06	0	0	2.35845719164e-05	0	0	5.66029725994e-05	5.18860582162e-05	0.00150941260265	3.77353150663e-05	9.43382876657e-06	1.88676575331e-05	0	5.18860582162e-05	0	0.000599048126677	0	0	1.41507431499e-05	2.35845719164e-05	0.000547162068461	0.00132073602732	4.24522294496e-05	0.00066036801366	0	2.35845719164e-05	2.83014862997e-05	0.00139148974307	0.000830176931459	0.000801875445159	0	4.71691438329e-06	0.000608481955444	0.000929232133508	0.000150941260265	0.000193393489715	0.0020046886129	0.000518860582162	0.000165092003415	4.24522294496e-05	9.43382876657e-06	0.000778290873242	0.000283014862997	0.00134903751362	0.00115092710952	0.000400937722579	9.43382876657e-06	0
0.00453767163672	8.49044588992e-05	0.00320278486625	0	4.71691438329e-06	1.41507431499e-05	0.000216978061631	0.0118158705301	0.00174054140743	0.00067451875681	0.000188676575331	0.000952816705424	0	9.43382876657e-06	0.00273581034231	3.3018400683e-05	0.000391503893813	0.00385371905115	0.000117922859582	0.00145280963005	2.35845719164e-05	0.0152026150573	0.0016084678047	0.00565558034556	0.00070282024311	1.88676575331e-05	0.00252826610944	0.00068866949996	0.00990080329052	0.00466974523945	0.0416928062339	0	0	0.000424522294496	0.00636311750305	3.3018400683e-05	5.66029725994e-05	4.71691438329e-06	0	0	0	0	8.96213732825e-05	0.000311316349297	0.000820743102692	0.000188676575331	4.71691438329e-06	0	9.43382876657e-06	8.01875445159e-05	0	0.000867912246525	0	0	2.35845719164e-05	0	0.00068866949996	0.00150469568827	2.35845719164e-05	0.000504709839012	4.71691438329e-06	5.18860582162e-05	0.000108489030816	0.00150941260265	0.000867912246525	0.00109432413692	4.71691438329e-06	4.71691438329e-06	0.000650934184894	0.00066036801366	0.000858478417758	0.000933949047891	0.00298108989024	0.00102828733556	0.000382070065046	0	2.83014862997e-05	0.000882062989675	0.000292448691764	0.000693386414343	0.000570746640378	0.000325467092447	0	4.71691438329e-06
0	4.71691438329e-06	0	0	0	0	0	0	0	0	0	0.000613198869827	0	0.00164620311977	0	0	0	4.71691438329e-06	0	3.3018400683e-05	0	0	0	0	0	0.00030188252053	0.00204714084235	0.000561312811611	0	0	0	0.00213204530125	0	0	9.43382876657e-06	0	0.000132073602732	0	0	0	0	0	0	0	4.71691438329e-06	0	3.77353150663e-05	0	0.000834893845842	0	0	0	0	5.18860582162e-05	0	0	0	9.43382876657e-06	0	0	0.000325467092447	0.00034433474998	0.000136790517115	0	9.43382876657e-06	9.43382876657e-06	0.000419805380113	0	0	0	2.83014862997e-05	0.000174525832182	3.3018400683e-05	9.43382876657e-06	0	0	4.71691438329e-05	0	1.88676575331e-05	0	0	0	0	0
4.24522294496e-05	0	0	0	0	0.000438673037646	0.000429239208879	6.13198869827e-05	0.000476408352712	0	3.3018400683e-05	0	2.83014862997e-05	0	0.000132073602732	1.41507431499e-05	0	0	0	0	0	2.35845719164e-05	0	9.43382876657e-06	0	0	0	0	2.83014862997e-05	4.71691438329e-06	0	0	0.000891496818441	0	4.71691438329e-05	0	0	0	0	0	0	0	0	0	0	0	0	0	0	0	0	0	0	0	0	0	0	0	0	0	0	0	0	0	0	0	0	0	0	0	4.71691438329e-06	0	0.000117922859582	6.6036801366e-05	4.71691438329e-06	5.66029725994e-05	0	0	0	0	0	0	0	0
2.35845719164e-05	0	0	0	0	0	0	4.71691438329e-06	0	4.71691438329e-06	0	0	0	0	9.43382876657e-06	0	1.88676575331e-05	4.71691438329e-06	0	0	0	0.000207544232865	9.43382876657e-06	3.77353150663e-05	4.71691438329e-06	0	0	0	0.000103772116432	0.000759423215709	0.000424522294496	0	0	0.00133960368485	0.000523577496545	0	0	0	0	0	0	0	0	0	4.71691438329e-06	0	0	0	0	0	0	9.43382876657e-06	0	0	0	0	0.000179242746565	9.43382876657e-05	0	1.88676575331e-05	0	0	0	0.000183959660948	1.41507431499e-05	1.41507431499e-05	0	0	1.41507431499e-05	0	9.43382876657e-06	4.71691438329e-06	0.000198110404098	4.71691438329e-06	4.71691438329e-06	0	0	4.71691438329e-06	0	0	0	0	0	0
0.00346693207172	0.000542445154078	0.000443389952029	0	0.00119337933897	0.000297165606147	0.000537728239695	0.00494332627368	0.00188204883893	0.000226411890398	0.00439144729084	0.012306429626	0.00120753008212	0.000245279547931	0.00280184714367	0.000127356688349	0.000231128804781	0.00822629868445	0.00122168082527	0.0108819214822	0.00312259732174	0.00871214086593	0.00035848549313	0.0054480361127	0.00067451875681	0.000273581034231	0.00407069711278	0.00420277071551	0.00409428168469	0.00518860582162	0.00636311750305	9.43382876657e-06	4.71691438329e-05	0.000523577496545	0.0461644410692	2.35845719164e-05	0.000320750178064	0.000471691438329	0	1.88676575331e-05	0	4.71691438329e-06	0.000160375089032	3.77353150663e-05	0.000113205945199	9.43382876657e-06	6.6036801366e-05	2.35845719164e-05	5.18860582162e-05	4.71691438329e-05	0	0.000122639773965	9.43382876657e-06	4.71691438329e-06	0.000325467092447	2.35845719164e-05	0.000183959660948	0.000320750178064	0.000396220808196	0.000136790517115	3.3018400683e-05	0.000268864119847	0.000839610760225	0.000353768578747	0.000377353150663	0.000259430291081	3.3018400683e-05	4.71691438329e-06	6.13198869827e-05	0.000320750178064	0.00402824488333	0.00238204176356	0.0287118578511	0.00549048834215	0.00106602265062	0.000188676575331	0.000212261147248	0.000146224345882	4.24522294496e-05	0.000325467092447	0.000207544232865	2.35845719164e-05	4.71691438329e-06	0
