0.00548004123008	0	0.000322573468888	0	0	0	0	0.000648854678798	4.82006332822e-05	0	0	3.70774102171e-06	0	0	0.00215419753361	0	1.11232230651e-05	0.000875026881122	3.70774102171e-06	0.000207633497215	0	2.59541871519e-05	0	0.000548745671212	6.67393383907e-05	0	0.000545037930191	0	0.000404143771366	0.00501657360237	0.00296990055839	0	0	2.22464461302e-05	0.000404143771366	0	0	0	0	0	0	0	0	0	0	0	0	0	0	0	0	0	0	0	0	0	3.70774102171e-06	0	0	0	0	0	0	3.70774102171e-06	0	0	0	0	0	0	7.41548204341e-06	7.41548204341e-06	6.67393383907e-05	1.11232230651e-05	0	0	0	0	0	0	0	0	0	0
0	0.0353978035342	0.00171297635203	0	0	1.11232230651e-05	3.33696691953e-05	4.82006332822e-05	3.70774102171e-06	0.00334438240158	3.70774102171e-06	2.96619281736e-05	1.11232230651e-05	0.00060806952756	3.70774102171e-06	0.000203925756194	0.000949181701557	0.000322573468888	3.33696691953e-05	7.04470794124e-05	3.70774102171e-06	4.44928922605e-05	0.00552453412234	0.000166848345977	0.00184274728779	0.00253980259987	0.00817556895286	0.0296322662455	5.93238563473e-05	4.44928922605e-05	3.70774102171e-05	2.96619281736e-05	1.48309640868e-05	1.85387051085e-05	0.000107524489629	0	0.0168405597206	7.41548204341e-06	0	2.22464461302e-05	0	0	1.11232230651e-05	7.41548204341e-06	0.000166848345977	3.70774102171e-06	0.000144601899846	0	0.000278080576628	2.59541871519e-05	0	2.22464461302e-05	0.000578407599386	1.11232230651e-05	0.000211341238237	3.70774102171e-06	3.70774102171e-06	0.00210599690033	2.96619281736e-05	0.00015201738189	0.000556161153256	0.00357797008595	0.0203999911014	6.67393383907e-05	3.33696691953e-05	0	1.85387051085e-05	0	0	8.15703024775e-05	0.00137186417803	0.000300327022758	8.89857845209e-05	5.56161153256e-05	0.000233587684367	1.11232230651e-05	1.85387051085e-05	0.000185387051085	0.000107524489629	0.000107524489629	2.59541871519e-05	0	0	5.93238563473e-05
0.000322573468888	0.00171297635203	0.0391871148584	0	3.70774102171e-06	3.70774102171e-05	5.19083743039e-05	0.0047496162488	0.000170556086998	4.82006332822e-05	4.82006332822e-05	0.000100109007586	7.41548204341e-06	2.59541871519e-05	0.00285125284569	4.07851512388e-05	0.000200218015172	0.0126804742942	8.52780434992e-05	0.000507960519974	7.41548204341e-06	0.00157578993422	0.00139781836518	0.0149570272816	0.000207633497215	7.41548204341e-05	0.00809029090936	0.0126545201071	0.00277709802526	0.000704470794124	0.00452344404648	3.70774102171e-06	5.19083743039e-05	5.19083743039e-05	0.000926935255426	0	0.00136074095497	0.000318865727867	0	3.70774102171e-06	0	3.70774102171e-06	0	0	0.00019651027415	2.22464461302e-05	2.22464461302e-05	3.70774102171e-06	0	3.70774102171e-06	0	0.00131624806271	0.000359650879105	3.70774102171e-05	0.000177971569042	0	0.000433805699539	0.000938058478491	0.00480152462311	6.67393383907e-05	8.52780434992e-05	0.000548745671212	0.00511668260995	6.3031597369e-05	0	0	0	0	0	0.000237295425389	0.00203184207989	0.000359650879105	0.00357426234492	0.00312933342232	0.000767502391493	0.000307742504802	2.96619281736e-05	0.00208004271318	0.000482006332822	0.000563576635299	0.000192802533129	0.000148309640868	2.22464461302e-05	0
0	0	0	0	0	0	0	0	0	0	0	0	0	0	0	0	0	0	0	0	0	0	0	0	0	0	0	0	0	0	0	0	0	0	0	0	0	0	0	0	0	0	0	0	0	0	0	0	0	0	0	0	0	0	0	0	0	0	0	0	0	0	0	0	0	0	0	0	0	0	0	0	0	0	0	0	0	0	0	0	0	0	0	0
0	0	3.70774102171e-06	0	0.0224132944762	4.44928922605e-05	0.0011790616449	0.00148309640868	0.0010937836014	0.00252126389476	0.00136444869599	0.0017760079494	0.00829421666555	0.000778625614558	0.00124580098329	0.00102704426301	0	0	0.00015201738189	0.000148309640868	0.011779493226	7.41548204341e-06	0	3.70774102171e-06	0.00917665902872	7.41548204341e-06	0.000841657211927	3.70774102171e-06	0.00477186269493	0.00282900639956	0	3.70774102171e-05	0.000292911540715	0	0.00257688001009	7.41548204341e-06	0	3.70774102171e-06	0	0.00322202694786	0	0.000519083743039	0	0.000122355453716	0.00218015172076	0.00182050084166	0.000159432863933	0.00597687852699	3.70774102171e-06	2.96619281736e-05	3.33696691953e-05	0	3.70774102171e-06	2.59541871519e-05	2.22464461302e-05	0.00632911392405	0	0	3.70774102171e-06	0.00201701111581	3.70774102171e-06	1.11232230651e-05	3.70774102171e-06	0.000341112173997	0.000159432863933	0	0	0	0	0.000315157986845	0.000381897325236	9.64012665643e-05	0.000533914707126	0.000114939971673	0.000815703024775	2.59541871519e-05	7.41548204341e-06	4.07851512388e-05	4.07851512388e-05	0.000133478676781	0	0.000100109007586	3.70774102171e-06	3.70774102171e-06
0	1.11232230651e-05	3.70774102171e-05	0	4.44928922605e-05	0.00595833982188	0.00236553877185	8.89857845209e-05	0.000689639830037	6.3031597369e-05	0.00019651027415	0.00012977093576	0.000163140604955	0.000103816748608	0.00103075200403	0.00301068570962	7.41548204341e-06	7.41548204341e-06	3.70774102171e-06	1.85387051085e-05	8.15703024775e-05	1.85387051085e-05	0	9.26935255426e-05	5.93238563473e-05	0	6.3031597369e-05	7.78625614558e-05	0.000285496058671	0.000752671427406	3.33696691953e-05	0	0.00387088162666	4.07851512388e-05	0.00188353243903	0	1.11232230651e-05	3.70774102171e-06	0	2.22464461302e-05	0	7.41548204341e-06	1.48309640868e-05	0	6.67393383907e-05	1.48309640868e-05	0	3.70774102171e-06	3.70774102171e-06	0	0	3.70774102171e-06	1.11232230651e-05	0	0	1.85387051085e-05	7.41548204341e-06	7.41548204341e-06	1.48309640868e-05	0.000207633497215	0	0	1.85387051085e-05	0.000166848345977	3.70774102171e-06	0	0	0	0	0.000218756720281	0.000463467627713	4.07851512388e-05	0.00103816748608	0.000318865727867	0.00355572363982	0.00200218015172	0.000163140604955	9.26935255426e-05	6.67393383907e-05	0.000148309640868	7.78625614558e-05	7.41548204341e-06	1.11232230651e-05	0
0	3.33696691953e-05	5.19083743039e-05	0	0.0011790616449	0.00236553877185	0.0405478558134	0.00476073947187	0.0170481932178	4.44928922605e-05	0.0141561552209	0.00173893053918	0.0085240966089	0.00178342343144	0.00644776163675	0.00355201589879	3.70774102171e-06	0.000126063194738	0.00012977093576	0.000404143771366	0.00293282314817	3.33696691953e-05	1.48309640868e-05	3.33696691953e-05	0.000615485009603	7.41548204341e-06	0.00121613905512	0.000548745671212	0.00243598585126	0.00430097958518	7.41548204341e-05	2.22464461302e-05	0.00599170949108	0.000155725122912	0.00323685791195	0	3.33696691953e-05	0	0	2.22464461302e-05	0	2.96619281736e-05	0	0	3.33696691953e-05	3.70774102171e-05	2.59541871519e-05	3.33696691953e-05	1.48309640868e-05	0	0	5.56161153256e-05	0	0	0	2.22464461302e-05	7.41548204341e-06	5.56161153256e-05	1.48309640868e-05	4.07851512388e-05	3.70774102171e-06	2.59541871519e-05	3.33696691953e-05	3.70774102171e-05	7.41548204341e-06	0	0	0	0	0.000133478676781	0.00401177578548	0.00162399056751	0.00334067466056	2.59541871519e-05	0.00295136185328	0.000504252778952	2.59541871519e-05	0.000185387051085	2.59541871519e-05	1.48309640868e-05	3.70774102171e-06	2.59541871519e-05	0	1.11232230651e-05
0.000648854678798	4.82006332822e-05	0.0047496162488	0	0.00148309640868	8.89857845209e-05	0.00476073947187	0.0559090268663	0.0101184252482	0.000941766219513	0.0113901804187	0.00606957205253	0.00030403476378	0.00110861456549	0.0124357633868	0.000229879943346	7.41548204341e-06	0.00622158943442	0.00213936656952	0.00317382631458	0.000270665094584	0.00284012962263	3.70774102171e-06	0.0043046873262	0.00150163511379	4.07851512388e-05	0.00720414080517	0.000433805699539	0.0240743624539	0.0149347808354	0.0178379420554	0.000155725122912	0.000793456578645	0.0047310775437	0.0133552831602	7.41548204341e-06	4.82006332822e-05	1.11232230651e-05	0	0.000986259111774	0	0.000137186417803	0	1.85387051085e-05	0.0023062149155	0.00168331442385	3.70774102171e-05	0.00142006481131	3.70774102171e-05	4.82006332822e-05	0	1.48309640868e-05	3.70774102171e-06	0	0	0.00160174412138	1.48309640868e-05	2.59541871519e-05	2.22464461302e-05	0.00317011857356	0	0	6.67393383907e-05	0.000548745671212	7.41548204341e-06	0	0	0	0	0.000259541871519	0.00215048979259	0.000385605066257	0.0108266037834	0.0018279163237	0.000341112173997	0.000407851512388	0.000100109007586	0.000363358620127	8.15703024775e-05	0.000244710907433	4.07851512388e-05	5.19083743039e-05	5.19083743039e-05	3.70774102171e-06
4.82006332822e-05	3.70774102171e-06	0.000170556086998	0	0.0010937836014	0.000689639830037	0.0170481932178	0.0101184252482	0.0426909301239	3.70774102171e-05	0.0160841805522	0.00318494953764	0.00352976945266	0.00180196213655	0.0172224570458	0.00084907269397	3.70774102171e-06	0.000741548204341	0.000315157986845	0.000697055312081	0.00436771892357	0.000126063194738	0	0.000111232230651	0.000133478676781	1.85387051085e-05	0.00135332547292	3.33696691953e-05	0.00700021504898	0.0100479781688	0.00277339028424	0.000103816748608	0.00340370625793	0.00116423068082	0.00664056416987	0	3.70774102171e-06	0	0	8.52780434992e-05	0	7.41548204341e-06	3.70774102171e-06	1.11232230651e-05	8.52780434992e-05	4.07851512388e-05	3.70774102171e-06	1.11232230651e-05	0	1.11232230651e-05	0	0	0	0	0	1.11232230651e-05	0	0	0	0.000215048979259	1.11232230651e-05	0	3.70774102171e-06	0.000166848345977	3.70774102171e-06	0	0	0	0	4.44928922605e-05	0.000526499225082	9.26935255426e-05	0.00260654193826	0.00015201738189	0.000433805699539	0.000133478676781	2.59541871519e-05	2.59541871519e-05	3.70774102171e-06	2.59541871519e-05	3.70774102171e-06	7.41548204341e-06	0	1.11232230651e-05
0	0.00334438240158	4.82006332822e-05	0	0.00252126389476	6.3031597369e-05	4.44928922605e-05	0.000941766219513	3.70774102171e-05	0.02511252994	0.000311450245823	0.000107524489629	0.00195768725946	0.000148309640868	2.59541871519e-05	0.00157578993422	0.00164623701364	7.41548204341e-06	3.70774102171e-06	2.22464461302e-05	0.00152758930094	1.85387051085e-05	0.00441221181583	4.82006332822e-05	0.0148383795689	0.000489421814865	0.000170556086998	0.00295877733532	0.00456422919772	0.000474590850778	5.93238563473e-05	1.11232230651e-05	8.89857845209e-05	7.78625614558e-05	0.000515376002017	6.3031597369e-05	0.000107524489629	3.70774102171e-06	0	0.00321831920684	0	1.85387051085e-05	0.000118647712695	2.96619281736e-05	0.0113531030085	0.000856488176014	1.85387051085e-05	0.00142377255233	2.59541871519e-05	3.33696691953e-05	3.33696691953e-05	0.000107524489629	3.70774102171e-06	3.70774102171e-06	3.70774102171e-05	0.00350381526551	4.44928922605e-05	0.000122355453716	7.78625614558e-05	0.0109526669781	3.70774102171e-06	0.000122355453716	0.00015201738189	0.00288833025591	3.33696691953e-05	2.59541871519e-05	0	0	3.70774102171e-06	0.000252126389476	0.000311450245823	4.44928922605e-05	0.00032628120991	0.000170556086998	0.00230992265652	9.64012665643e-05	0.000107524489629	0.00106041393221	0.000252126389476	0.000311450245823	0.000192802533129	6.3031597369e-05	1.48309640868e-05	3.70774102171e-06
0	3.70774102171e-06	4.82006332822e-05	0	0.00136444869599	0.00019651027415	0.0141561552209	0.0113901804187	0.0160841805522	0.000311450245823	0.0417714103505	0.00467546142837	0.00434547247744	0.00248418648454	0.00565059731708	0.000422682476474	0	2.96619281736e-05	0.000975135888708	0.000841657211927	0.0050054503793	8.15703024775e-05	3.70774102171e-06	8.52780434992e-05	0.000181679310064	5.19083743039e-05	0.00175376150327	2.22464461302e-05	0.0112418707778	0.00926193707222	7.41548204341e-05	0.000159432863933	0.00147197318562	5.19083743039e-05	0.00781591807375	7.41548204341e-06	3.70774102171e-06	0	0	0.000730424981276	0	4.82006332822e-05	7.41548204341e-06	2.22464461302e-05	0.000333696691953	0.000730424981276	2.22464461302e-05	0.00121984679614	1.48309640868e-05	2.22464461302e-05	0	3.70774102171e-06	3.70774102171e-06	0	0	0.000982551370752	0	0	3.70774102171e-06	0.000556161153256	1.48309640868e-05	0	3.70774102171e-06	0.000170556086998	3.70774102171e-06	0	0	0	0	9.64012665643e-05	0.000615485009603	0.00030403476378	0.00385234292155	0.000964012665643	0.000222464461302	0.000215048979259	0.000200218015172	0.000122355453716	1.11232230651e-05	6.67393383907e-05	3.70774102171e-05	1.48309640868e-05	0	1.85387051085e-05
3.70774102171e-06	2.96619281736e-05	0.000100109007586	0	0.0017760079494	0.00012977093576	0.00173893053918	0.00606957205253	0.00318494953764	0.000107524489629	0.00467546142837	0.038779263346	0.00378931132418	0.0162881063084	0.00562464312993	0.000185387051085	7.41548204341e-06	0.000255834130498	0.0050907284228	0.00738952785626	0.0046977078745	0.00105670619119	0	0.000752671427406	0.000800872060688	0.00136074095497	0.0125581188405	0.000270665094584	0.00723380273335	0.0149014111662	0.000808287542732	0.00299214700452	0.00144231125744	0.000530206966104	0.0201738188991	7.41548204341e-06	1.85387051085e-05	0	0	0.000100109007586	0	4.07851512388e-05	3.70774102171e-06	4.07851512388e-05	0.000100109007586	6.3031597369e-05	0.001879824698	3.70774102171e-05	0.00065256241982	5.93238563473e-05	0	7.41548204341e-06	0	0.000574699858364	0	3.33696691953e-05	7.41548204341e-06	3.70774102171e-06	7.41548204341e-06	0.00030403476378	0.000255834130498	0.000585823081429	0.000103816748608	0.000215048979259	6.3031597369e-05	0	6.3031597369e-05	0	0	0.000207633497215	0.00215419753361	0.00308113278904	0.00995528464328	0.000329988950932	0.000177971569042	5.56161153256e-05	0.000148309640868	5.93238563473e-05	0.00119760035001	0.000144601899846	3.33696691953e-05	7.41548204341e-06	0	0.000177971569042
0	1.11232230651e-05	7.41548204341e-06	0	0.00829421666555	0.000163140604955	0.0085240966089	0.00030403476378	0.00352976945266	0.00195768725946	0.00434547247744	0.00378931132418	0.0411225556717	0.0033999985169	0.00404143771366	0.00250272518965	0	7.41548204341e-06	7.04470794124e-05	2.59541871519e-05	0.0212416483133	3.70774102171e-06	0	1.85387051085e-05	0.00398211385731	1.11232230651e-05	0.000756379168428	2.22464461302e-05	0.000693347571059	0.00620675847033	1.11232230651e-05	3.33696691953e-05	0.0011271532706	7.41548204341e-06	0.00565801279912	0.000337404432975	1.48309640868e-05	0	0	0.000459759886691	0	0.00787153418908	7.41548204341e-06	0.00292540766613	0.000463467627713	0.00806433672221	0.00127546291147	0.0121984679614	7.41548204341e-06	0.00267328127665	1.85387051085e-05	0	1.11232230651e-05	0.000155725122912	0.000177971569042	0.0016573602367	1.48309640868e-05	0	1.48309640868e-05	0.000570992117343	1.11232230651e-05	0.000133478676781	4.44928922605e-05	0.000163140604955	0.00196139500048	0	0	0	0	0.00200218015172	0.000459759886691	9.64012665643e-05	0.000393020548301	3.70774102171e-05	0.00130512483964	3.70774102171e-05	3.33696691953e-05	0.000986259111774	0.000341112173997	0.000734132722298	2.96619281736e-05	0.000155725122912	3.70774102171e-06	1.11232230651e-05
0	0.00060806952756	2.59541871519e-05	0	0.000778625614558	0.000103816748608	0.00178342343144	0.00110861456549	0.00180196213655	0.000148309640868	0.00248418648454	0.0162881063084	0.0033999985169	0.0330063105752	0.00381155777031	0.00017426382802	3.70774102171e-06	3.33696691953e-05	2.96619281736e-05	1.11232230651e-05	0.00333325917851	0.000407851512388	0.000140894158825	0.000359650879105	0.000266957353563	0.0108525579705	0.00322202694786	0.00302551667371	0.00162399056751	0.00713369372576	0.000359650879105	0.00501286586135	0.0010937836014	4.07851512388e-05	0.00831275537066	1.85387051085e-05	6.3031597369e-05	0	0	2.96619281736e-05	0	5.56161153256e-05	7.41548204341e-06	0.000259541871519	0	4.82006332822e-05	0.00565059731708	5.19083743039e-05	0.00366695587047	0.000719301758211	0	3.70774102171e-06	0	0.0004782985918	0	2.22464461302e-05	3.70774102171e-06	3.70774102171e-06	0	0.000137186417803	0.00308113278904	0.00188353243903	0.000507960519974	0.000122355453716	0.000767502391493	0	0.000192802533129	0	0	0.00118647712695	0.00124950872431	0.00258058775111	0.00288091477386	0.000148309640868	0.000107524489629	4.07851512388e-05	0.000337404432975	2.96619281736e-05	0.00398211385731	0.000841657211927	2.59541871519e-05	3.70774102171e-06	0	0.0026992354638
0.00215419753361	3.70774102171e-06	0.00285125284569	0	0.00124580098329	0.00103075200403	0.00644776163675	0.0124357633868	0.0172224570458	2.59541871519e-05	0.00565059731708	0.00562464312993	0.00404143771366	0.00381155777031	0.0449971450394	0.000967720406665	4.82006332822e-05	0.00523533032265	0.000426390217496	0.00151275833686	0.00487938718456	0.000452344404648	7.41548204341e-06	0.00221352138996	0.000355943138084	2.59541871519e-05	0.00471253883859	0.000181679310064	0.00505735875361	0.0230028252987	0.0102407807019	0.000137186417803	0.00913216613646	0.00237666199491	0.0111936701445	0	3.70774102171e-06	1.11232230651e-05	0	2.96619281736e-05	0	5.19083743039e-05	3.70774102171e-06	1.11232230651e-05	4.82006332822e-05	5.93238563473e-05	2.22464461302e-05	4.82006332822e-05	1.48309640868e-05	1.11232230651e-05	0	7.41548204341e-06	3.70774102171e-06	0	0	1.85387051085e-05	1.85387051085e-05	7.41548204341e-06	1.11232230651e-05	0.000126063194738	1.11232230651e-05	7.41548204341e-06	1.11232230651e-05	0.000133478676781	1.11232230651e-05	0	0	0	0	0.000300327022758	0.00223576783609	0.000645146937777	0.00533914707126	0.000355943138084	0.00164994475466	0.000496837296908	4.07851512388e-05	0.000278080576628	4.07851512388e-05	5.56161153256e-05	1.48309640868e-05	5.93238563473e-05	3.70774102171e-06	1.85387051085e-05
0	0.000203925756194	4.07851512388e-05	0	0.00102704426301	0.00301068570962	0.00355201589879	0.000229879943346	0.00084907269397	0.00157578993422	0.000422682476474	0.000185387051085	0.00250272518965	0.00017426382802	0.000967720406665	0.0123171156741	0	1.85387051085e-05	0	4.07851512388e-05	0.00117535390388	1.48309640868e-05	0.00017426382802	0.000100109007586	0.00268811224074	3.70774102171e-06	0.000114939971673	0.000289203799693	0.000404143771366	0.000852780434992	3.70774102171e-05	7.41548204341e-06	0.0023062149155	4.07851512388e-05	0.00139411062416	0	1.85387051085e-05	1.11232230651e-05	0	3.33696691953e-05	0	1.11232230651e-05	1.85387051085e-05	0	7.04470794124e-05	2.96619281736e-05	0	1.85387051085e-05	0	0	0	1.11232230651e-05	1.85387051085e-05	0	7.41548204341e-06	4.07851512388e-05	7.41548204341e-06	1.48309640868e-05	3.33696691953e-05	0.00019651027415	0	2.59541871519e-05	4.44928922605e-05	0.000126063194738	0	0	0	0	0	0.00015201738189	0.00185016276983	0.000111232230651	0.000919519773383	0.000285496058671	0.00797905867871	0.00110119908345	0.000126063194738	9.64012665643e-05	3.33696691953e-05	0.000163140604955	0.000144601899846	1.11232230651e-05	7.41548204341e-06	0
1.11232230651e-05	0.000949181701557	0.000200218015172	0	0	7.41548204341e-06	3.70774102171e-06	7.41548204341e-06	3.70774102171e-06	0.00164623701364	0	7.41548204341e-06	0	3.70774102171e-06	4.82006332822e-05	0	0.0284865742698	0.000140894158825	1.11232230651e-05	0.000126063194738	0	0.00239520070002	0.0192654223488	0.0026992354638	0.0125395801354	2.96619281736e-05	0.000367066361149	0.00582115340408	0.00747109815874	0.000122355453716	0.000159432863933	0	2.22464461302e-05	2.59541871519e-05	0.000893565586231	3.70774102171e-06	3.70774102171e-05	1.48309640868e-05	0	3.70774102171e-05	0	0	9.64012665643e-05	7.41548204341e-06	0.00962158795132	1.48309640868e-05	1.11232230651e-05	3.70774102171e-06	0	7.41548204341e-06	3.70774102171e-06	0.00542442511475	7.41548204341e-06	3.33696691953e-05	7.04470794124e-05	3.70774102171e-06	0.00221352138996	0.0077046858431	0.00408963834694	0.00466804594633	7.41548204341e-06	0.00017426382802	0.000333696691953	0.00381897325236	0	1.85387051085e-05	0	0	0	2.59541871519e-05	0.00166477571875	0.000352235397062	0.00145714222153	0.00141264932927	0.000140894158825	0.000241003166411	3.70774102171e-06	0.00308113278904	0.000582115340408	0.00028178831765	6.3031597369e-05	0	3.70774102171e-06	0
0.000875026881122	0.000322573468888	0.0126804742942	0	0	7.41548204341e-06	0.000126063194738	0.00622158943442	0.000741548204341	7.41548204341e-06	2.96619281736e-05	0.000255834130498	7.41548204341e-06	3.33696691953e-05	0.00523533032265	1.85387051085e-05	0.000140894158825	0.0413858052843	4.82006332822e-05	0.0109637902012	7.41548204341e-06	0.00378931132418	3.33696691953e-05	0.0136407792189	0.00017426382802	3.70774102171e-06	0.016562479144	0.00700392279	0.00218756720281	0.00274743609708	0.0114161346058	1.11232230651e-05	7.41548204341e-06	9.64012665643e-05	0.0106857096246	0	0.000270665094584	0.000144601899846	0	0	0	0	3.70774102171e-06	0	3.70774102171e-05	3.70774102171e-06	7.41548204341e-06	0	0	0	0	0.00015201738189	0.000100109007586	7.41548204341e-06	9.64012665643e-05	0	6.67393383907e-05	0.000203925756194	7.78625614558e-05	0.000100109007586	3.70774102171e-06	0.00135332547292	0.000567284376321	0.000170556086998	0	0	0	0	0	3.70774102171e-05	0.00234700006674	0.000678516606972	0.00422311702372	0.0021356588285	0.000396728289322	2.59541871519e-05	2.59541871519e-05	0.000114939971673	1.85387051085e-05	6.3031597369e-05	1.85387051085e-05	1.11232230651e-05	0	0
3.70774102171e-06	3.33696691953e-05	8.52780434992e-05	0	0.00015201738189	3.70774102171e-06	0.00012977093576	0.00213936656952	0.000315157986845	3.70774102171e-06	0.000975135888708	0.0050907284228	7.04470794124e-05	2.96619281736e-05	0.000426390217496	0	1.11232230651e-05	4.82006332822e-05	0.00962158795132	0.00413783898022	0.000237295425389	0.000274372835606	7.41548204341e-06	0.000163140604955	9.64012665643e-05	1.11232230651e-05	0.00614743461399	0.000203925756194	0.00228026072835	0.00273631287402	0.000207633497215	3.70774102171e-06	7.78625614558e-05	0.000244710907433	0.00382268099338	0	2.59541871519e-05	3.70774102171e-06	0	2.96619281736e-05	0	0	0	0	5.93238563473e-05	1.48309640868e-05	1.11232230651e-05	0	0	0	0	7.41548204341e-06	0	2.59541871519e-05	0	1.11232230651e-05	1.11232230651e-05	1.11232230651e-05	1.11232230651e-05	5.56161153256e-05	2.59541871519e-05	0.000307742504802	0.00015201738189	2.96619281736e-05	0	0	3.70774102171e-06	0	0	1.48309640868e-05	0.00238778521798	0.00229138395141	0.00378560358316	0.000244710907433	8.52780434992e-05	7.41548204341e-06	1.85387051085e-05	3.33696691953e-05	2.22464461302e-05	1.48309640868e-05	7.41548204341e-06	0	0	0
0.000207633497215	7.04470794124e-05	0.000507960519974	0	0.000148309640868	1.85387051085e-05	0.000404143771366	0.00317382631458	0.000697055312081	2.22464461302e-05	0.000841657211927	0.00738952785626	2.59541871519e-05	1.11232230651e-05	0.00151275833686	4.07851512388e-05	0.000126063194738	0.0109637902012	0.00413783898022	0.0359539646875	4.44928922605e-05	0.000693347571059	1.85387051085e-05	0.00272889739197	0.00030403476378	2.59541871519e-05	0.0224392486634	0.00308113278904	0.00291799218408	0.00473478528472	0.00263620386643	7.41548204341e-06	0.000133478676781	0.000552453412234	0.0164141695031	0	5.93238563473e-05	2.59541871519e-05	0	7.41548204341e-05	0	0	1.11232230651e-05	0	0.000181679310064	2.96619281736e-05	2.96619281736e-05	3.70774102171e-06	0	0	0	5.56161153256e-05	0	0.000122355453716	7.41548204341e-06	1.85387051085e-05	0.000107524489629	9.64012665643e-05	0.000107524489629	0.000248418648454	0.000177971569042	0.00226172202324	0.000856488176014	0.000337404432975	0	3.70774102171e-06	1.48309640868e-05	0	0	8.15703024775e-05	0.00669988802622	0.0042527789519	0.0080977063914	0.00120130809103	0.000181679310064	4.07851512388e-05	4.44928922605e-05	0.000244710907433	9.64012665643e-05	0.000122355453716	3.33696691953e-05	7.41548204341e-06	0	0
0	3.70774102171e-06	7.41548204341e-06	0	0.011779493226	8.15703024775e-05	0.00293282314817	0.000270665094584	0.00436771892357	0.00152758930094	0.0050054503793	0.0046977078745	0.0212416483133	0.00333325917851	0.00487938718456	0.00117535390388	0	7.41548204341e-06	0.000237295425389	4.44928922605e-05	0.0286867922849	3.70774102171e-06	0	1.11232230651e-05	0.0053984709276	2.96619281736e-05	0.00120872357308	1.48309640868e-05	0.00210970464135	0.00735615818706	1.11232230651e-05	0.000103816748608	0.000852780434992	3.70774102171e-06	0.00638102229835	0.000181679310064	7.41548204341e-06	0	0	0.000615485009603	0	0.00317382631458	7.41548204341e-06	0.000971428147687	0.000467175368735	0.00399323708038	0.000504252778952	0.00514634453813	3.70774102171e-06	0.00107153715527	0	0	1.11232230651e-05	4.07851512388e-05	6.3031597369e-05	0.00122726227818	7.41548204341e-06	0	7.41548204341e-06	0.000619192750625	2.22464461302e-05	0.000107524489629	4.07851512388e-05	0.000252126389476	0.000648854678798	0	0	0	0	0.000871319140101	0.000352235397062	8.15703024775e-05	0.000389312807279	2.59541871519e-05	0.000949181701557	2.96619281736e-05	3.33696691953e-05	0.000726717240254	0.000233587684367	0.000292911540715	2.96619281736e-05	5.93238563473e-05	0	1.85387051085e-05
2.59541871519e-05	4.44928922605e-05	0.00157578993422	0	7.41548204341e-06	1.85387051085e-05	3.33696691953e-05	0.00284012962263	0.000126063194738	1.85387051085e-05	8.15703024775e-05	0.00105670619119	3.70774102171e-06	0.000407851512388	0.000452344404648	1.48309640868e-05	0.00239520070002	0.00378931132418	0.000274372835606	0.000693347571059	3.70774102171e-06	0.0382824260491	0.00552082638132	0.0188130779441	0.000315157986845	7.41548204341e-06	0.00183533180574	0.00052279148406	0.009395415749	0.00211712012339	0.0146307460716	0	0.000189094792107	0.00277709802526	0.0060992339807	0	3.33696691953e-05	3.70774102171e-06	0	0	0	0	0	0	0.00356313912186	0	0	0	0	0	0	0.00549116445315	0	0	3.70774102171e-06	0	0.00164994475466	0.00472366206165	9.64012665643e-05	0.00292540766613	0	1.48309640868e-05	7.78625614558e-05	0.00226913750528	0	0	0	0	0	3.70774102171e-06	0.00320719598377	0.000515376002017	0.00670359576724	0.00401177578548	0.00015201738189	0.000563576635299	4.44928922605e-05	0.00030403476378	0.000155725122912	2.22464461302e-05	7.41548204341e-06	0	0	0
0	0.00552453412234	0.00139781836518	0	0	0	1.48309640868e-05	3.70774102171e-06	0	0.00441221181583	3.70774102171e-06	0	0	0.000140894158825	7.41548204341e-06	0.00017426382802	0.0192654223488	3.33696691953e-05	7.41548204341e-06	1.85387051085e-05	0	0.00552082638132	0.0460649744537	0.00846106501153	0.010756156704	0.000763794650471	0.000233587684367	0.0170481932178	0.0037411106909	1.85387051085e-05	3.70774102171e-06	0	3.70774102171e-06	4.07851512388e-05	6.3031597369e-05	3.70774102171e-06	0.000159432863933	1.48309640868e-05	0	3.33696691953e-05	0	0	3.33696691953e-05	7.41548204341e-06	0.00923598288507	7.41548204341e-06	7.41548204341e-06	1.11232230651e-05	2.96619281736e-05	1.11232230651e-05	3.70774102171e-06	0.0154538645785	3.70774102171e-06	1.11232230651e-05	1.85387051085e-05	1.85387051085e-05	0.00272518965095	0.0208115503548	0.00985517563569	0.00623271265749	7.41548204341e-06	0.000107524489629	0.00263620386643	0.00436030344153	7.41548204341e-06	1.11232230651e-05	0	0	0	2.96619281736e-05	0.000823118506819	0.000133478676781	0.000118647712695	0.000103816748608	0.000233587684367	0	3.70774102171e-06	0.00162769830853	0.000355943138084	0.000159432863933	5.56161153256e-05	0	3.70774102171e-06	7.41548204341e-06
0.000548745671212	0.000166848345977	0.0149570272816	0	3.70774102171e-06	9.26935255426e-05	3.33696691953e-05	0.0043046873262	0.000111232230651	4.82006332822e-05	8.52780434992e-05	0.000752671427406	1.85387051085e-05	0.000359650879105	0.00221352138996	0.000100109007586	0.0026992354638	0.0136407792189	0.000163140604955	0.00272889739197	1.11232230651e-05	0.0188130779441	0.00846106501153	0.0679740161509	0.000159432863933	7.41548204341e-05	0.00585452307327	0.00649967001105	0.0068667363722	0.00167219120079	0.00971428147687	0	0.000181679310064	0.00111973778855	0.00720043306415	3.70774102171e-06	0.000181679310064	0.000307742504802	0	7.41548204341e-06	0	3.70774102171e-06	0.000137186417803	0	0.000556161153256	1.11232230651e-05	1.85387051085e-05	3.70774102171e-06	7.41548204341e-06	3.70774102171e-06	0	0.00649596227003	3.33696691953e-05	2.59541871519e-05	1.11232230651e-05	3.70774102171e-06	0.00107895263732	0.00975877436913	0.0104002135659	0.00172409957509	5.19083743039e-05	0.000274372835606	0.00182420858268	0.000407851512388	0	0	0	0	0	3.33696691953e-05	0.00665539513396	0.000923227514405	0.0116571377722	0.00947327831046	0.00200218015172	0.00251014067169	6.3031597369e-05	0.00152388155992	0.000200218015172	0.000519083743039	0.000211341238237	0.000218756720281	1.11232230651e-05	0
6.67393383907e-05	0.00184274728779	0.000207633497215	0	0.00917665902872	5.93238563473e-05	0.000615485009603	0.00150163511379	0.000133478676781	0.0148383795689	0.000181679310064	0.000800872060688	0.00398211385731	0.000266957353563	0.000355943138084	0.00268811224074	0.0125395801354	0.00017426382802	9.64012665643e-05	0.00030403476378	0.0053984709276	0.000315157986845	0.010756156704	0.000159432863933	0.0537696602968	0.000103816748608	0.000882442363166	0.0028697915508	0.0161991205238	0.00184274728779	0.00052279148406	7.41548204341e-06	0.000237295425389	0.000726717240254	0.00382268099338	6.3031597369e-05	0.00100479781688	1.48309640868e-05	0	0.00556161153256	0	9.64012665643e-05	0.000126063194738	1.85387051085e-05	0.0236405567544	0.00202813433887	3.70774102171e-05	0.00241744714615	0	3.33696691953e-05	0.000163140604955	0.000648854678798	1.48309640868e-05	3.70774102171e-05	9.26935255426e-05	0.00427502539803	0.000678516606972	0.00121613905512	0.000140894158825	0.0197325977175	0.000118647712695	0.000237295425389	0.00115681519877	0.0071225705027	4.07851512388e-05	2.96619281736e-05	0	0	3.70774102171e-06	0.000222464461302	0.00340370625793	0.000507960519974	0.00358909330901	0.00251384841272	0.00391537451892	0.000444928922605	8.89857845209e-05	0.00397469837527	0.000537622448147	0.000430097958518	0.000215048979259	8.52780434992e-05	1.85387051085e-05	3.70774102171e-06
0	0.00253980259987	7.41548204341e-05	0	7.41548204341e-06	0	7.41548204341e-06	4.07851512388e-05	1.85387051085e-05	0.000489421814865	5.19083743039e-05	0.00136074095497	1.11232230651e-05	0.0108525579705	2.59541871519e-05	3.70774102171e-06	2.96619281736e-05	3.70774102171e-06	1.11232230651e-05	2.59541871519e-05	2.96619281736e-05	7.41548204341e-06	0.000763794650471	7.41548204341e-05	0.000103816748608	0.0211674934929	0.0088652087829	0.00786782644806	5.93238563473e-05	7.41548204341e-05	1.85387051085e-05	0.00265474257154	1.11232230651e-05	0	0.000107524489629	1.11232230651e-05	0.00361133975514	7.41548204341e-06	0	0	0	3.70774102171e-05	0	0.000207633497215	2.22464461302e-05	3.33696691953e-05	0.00401919126753	3.70774102171e-05	0.0032961817683	0.000634023714712	0	1.11232230651e-05	1.48309640868e-05	0.00012977093576	5.56161153256e-05	2.59541871519e-05	1.48309640868e-05	3.70774102171e-06	6.67393383907e-05	3.70774102171e-06	0.00812366057856	0.00345190689121	0.00496095748704	2.22464461302e-05	0.000685932089015	0	0.000252126389476	0	0	0.00128658613453	2.96619281736e-05	8.15703024775e-05	0.000185387051085	1.11232230651e-05	1.11232230651e-05	0	1.85387051085e-05	0.000871319140101	0.00261766516132	0.00146084996255	7.78625614558e-05	7.41548204341e-06	3.70774102171e-06	0.00231363039754
0.000545037930191	0.00817556895286	0.00809029090936	0	0.000841657211927	6.3031597369e-05	0.00121613905512	0.00720414080517	0.00135332547292	0.000170556086998	0.00175376150327	0.0125581188405	0.000756379168428	0.00322202694786	0.00471253883859	0.000114939971673	0.000367066361149	0.016562479144	0.00614743461399	0.0224392486634	0.00120872357308	0.00183533180574	0.000233587684367	0.00585452307327	0.000882442363166	0.0088652087829	0.0986592808466	0.031096823949	0.00518712968937	0.00675921188257	0.00449748985933	0.00226172202324	0.000311450245823	0.000541330189169	0.0129474316478	1.11232230651e-05	0.00820523088103	0.000126063194738	0	0.000100109007586	0	2.22464461302e-05	2.22464461302e-05	0	0.000322573468888	8.15703024775e-05	0.00145714222153	2.59541871519e-05	0.0010085055579	7.41548204341e-06	0	0.000203925756194	0.0019131943672	0.00180937761859	0.000893565586231	4.07851512388e-05	0.00019651027415	0.000289203799693	0.000341112173997	0.000411559253409	0.00707436986941	0.0152462310813	0.0144194048334	0.000659977901864	4.44928922605e-05	7.41548204341e-06	0.000218756720281	0	0	0.000756379168428	0.0164957398056	0.0117275848517	0.0114050113828	0.0016054518624	0.000578407599386	0.000111232230651	7.04470794124e-05	0.0018612859929	0.00117164616286	0.00132366354475	0.000166848345977	2.96619281736e-05	7.41548204341e-06	4.44928922605e-05
0	0.0296322662455	0.0126545201071	0	3.70774102171e-06	7.78625614558e-05	0.000548745671212	0.000433805699539	3.33696691953e-05	0.00295877733532	2.22464461302e-05	0.000270665094584	2.22464461302e-05	0.00302551667371	0.000181679310064	0.000289203799693	0.00582115340408	0.00700392279	0.000203925756194	0.00308113278904	1.48309640868e-05	0.00052279148406	0.0170481932178	0.00649967001105	0.0028697915508	0.00786782644806	0.031096823949	0.0953853455244	0.000493129555887	0.000155725122912	0.000541330189169	0.000748963686384	0.00012977093576	0.000118647712695	0.00158691315729	0	0.0158246386806	0.000229879943346	0	2.96619281736e-05	0	1.48309640868e-05	1.11232230651e-05	1.85387051085e-05	0.000266957353563	1.48309640868e-05	0.00030403476378	1.48309640868e-05	0.000689639830037	4.44928922605e-05	0	0.00495724974602	0.00203925756194	8.89857845209e-05	0.000797164319667	1.11232230651e-05	4.07851512388e-05	0.00895790230844	0.0065589938674	0.000244710907433	0.00306630182495	0.00763794650471	0.0245526610457	0.000211341238237	5.93238563473e-05	0	7.04470794124e-05	0	0	0.000318865727867	0.00916182806463	0.0019984724107	0.00256575678702	0.00149792737277	0.000952889442578	0.000263249612541	5.56161153256e-05	0.000626608232668	0.000378189584214	0.000367066361149	5.56161153256e-05	2.59541871519e-05	3.70774102171e-06	9.64012665643e-05
0.000404143771366	5.93238563473e-05	0.00277709802526	0	0.00477186269493	0.000285496058671	0.00243598585126	0.0240743624539	0.00700021504898	0.00456422919772	0.0112418707778	0.00723380273335	0.000693347571059	0.00162399056751	0.00505735875361	0.000404143771366	0.00747109815874	0.00218756720281	0.00228026072835	0.00291799218408	0.00210970464135	0.009395415749	0.0037411106909	0.0068667363722	0.0161991205238	5.93238563473e-05	0.00518712968937	0.000493129555887	0.0813478380162	0.0175227840686	0.0144045738693	0.000211341238237	0.00147197318562	0.00582115340408	0.019298792018	0.000244710907433	5.56161153256e-05	2.59541871519e-05	0	0.00545037930191	0	0.000159432863933	4.07851512388e-05	7.41548204341e-05	0.021349172803	0.00332584369647	0.000100109007586	0.00297731604043	2.59541871519e-05	0.000155725122912	3.33696691953e-05	0.00128287839351	7.41548204341e-05	6.67393383907e-05	0.000241003166411	0.00530948514308	0.00178342343144	0.000415266994431	0.000415266994431	0.0152499388223	2.22464461302e-05	0.000774917873536	0.000526499225082	0.00814961476571	0.000177971569042	1.11232230651e-05	0	0	0	0.00105299845016	0.00597687852699	0.00101962878097	0.0166662958926	0.00710403179759	0.000889857845209	0.00119018486797	0.000441221181583	0.00701875375409	0.0017760079494	0.00126063194738	0.000567284376321	7.78625614558e-05	6.3031597369e-05	1.48309640868e-05
0.00501657360237	4.44928922605e-05	0.000704470794124	0	0.00282900639956	0.000752671427406	0.00430097958518	0.0149347808354	0.0100479781688	0.000474590850778	0.00926193707222	0.0149014111662	0.00620675847033	0.00713369372576	0.0230028252987	0.000852780434992	0.000122355453716	0.00274743609708	0.00273631287402	0.00473478528472	0.00735615818706	0.00211712012339	1.85387051085e-05	0.00167219120079	0.00184274728779	7.41548204341e-05	0.00675921188257	0.000155725122912	0.0175227840686	0.0650152388156	0.0165328172158	0.000385605066257	0.00568396698627	0.0131736038501	0.036042950472	1.11232230651e-05	4.07851512388e-05	7.41548204341e-06	0	0.00137186417803	0	0.00012977093576	2.59541871519e-05	4.82006332822e-05	0.00283271414058	0.000363358620127	4.07851512388e-05	0.000137186417803	4.07851512388e-05	9.26935255426e-05	0	1.48309640868e-05	1.11232230651e-05	0	1.48309640868e-05	0.000170556086998	2.96619281736e-05	7.41548204341e-06	1.85387051085e-05	0.00427502539803	1.85387051085e-05	3.70774102171e-05	4.82006332822e-05	0.00254351034089	6.67393383907e-05	0	0	0	0	0.0011790616449	0.00642551519061	0.00186870147494	0.0155243116579	0.00372257198579	0.00147938866766	0.00157949767525	0.000389312807279	0.00120130809103	0.000318865727867	0.000637731455733	0.000111232230651	9.64012665643e-05	5.56161153256e-05	2.59541871519e-05
0.00296990055839	3.70774102171e-05	0.00452344404648	0	0	3.33696691953e-05	7.41548204341e-05	0.0178379420554	0.00277339028424	5.93238563473e-05	7.41548204341e-05	0.000808287542732	1.11232230651e-05	0.000359650879105	0.0102407807019	3.70774102171e-05	0.000159432863933	0.0114161346058	0.000207633497215	0.00263620386643	1.11232230651e-05	0.0146307460716	3.70774102171e-06	0.00971428147687	0.00052279148406	1.85387051085e-05	0.00449748985933	0.000541330189169	0.0144045738693	0.0165328172158	0.0513077202584	2.22464461302e-05	0.00030403476378	0.0078233335558	0.0123653163074	1.11232230651e-05	3.70774102171e-05	7.41548204341e-06	0	0.000211341238237	0	0	0	3.70774102171e-06	0.0010418752271	1.48309640868e-05	3.70774102171e-06	3.70774102171e-06	1.11232230651e-05	1.85387051085e-05	0	1.48309640868e-05	0	0	0	3.70774102171e-06	1.11232230651e-05	2.96619281736e-05	0.000103816748608	0.00114198423469	0	0	5.56161153256e-05	0.000700763053102	2.59541871519e-05	0	0	0	0	1.85387051085e-05	0.00214678205157	0.000263249612541	0.00646259260083	0.00282900639956	0.000266957353563	0.000396728289322	5.56161153256e-05	0.000218756720281	1.11232230651e-05	2.59541871519e-05	1.48309640868e-05	3.70774102171e-06	0	0
0	2.96619281736e-05	3.70774102171e-06	0	3.70774102171e-05	0	2.22464461302e-05	0.000155725122912	0.000103816748608	1.11232230651e-05	0.000159432863933	0.00299214700452	3.33696691953e-05	0.00501286586135	0.000137186417803	7.41548204341e-06	0	1.11232230651e-05	3.70774102171e-06	7.41548204341e-06	0.000103816748608	0	0	0	7.41548204341e-06	0.00265474257154	0.00226172202324	0.000748963686384	0.000211341238237	0.000385605066257	2.22464461302e-05	0.00581373792203	7.41548204341e-06	0	0.000381897325236	0	1.48309640868e-05	0	0	3.70774102171e-06	0	1.85387051085e-05	0	3.70774102171e-06	0	3.70774102171e-06	0.00165365249568	1.85387051085e-05	0.000867611399079	3.70774102171e-06	0	0	0	0.000215048979259	0	7.41548204341e-06	0	0	0	1.48309640868e-05	0.000986259111774	0.00100109007586	0.000266957353563	1.85387051085e-05	2.22464461302e-05	0	8.52780434992e-05	0	0	2.96619281736e-05	0.000248418648454	0.00034852765604	3.33696691953e-05	0	7.41548204341e-06	0	0	3.70774102171e-06	0.000430097958518	1.11232230651e-05	0	0	0	1.85387051085e-05
0	1.48309640868e-05	5.19083743039e-05	0	0.000292911540715	0.00387088162666	0.00599170949108	0.000793456578645	0.00340370625793	8.89857845209e-05	0.00147197318562	0.00144231125744	0.0011271532706	0.0010937836014	0.00913216613646	0.0023062149155	2.22464461302e-05	7.41548204341e-06	7.78625614558e-05	0.000133478676781	0.000852780434992	0.000189094792107	3.70774102171e-06	0.000181679310064	0.000237295425389	1.11232230651e-05	0.000311450245823	0.00012977093576	0.00147197318562	0.00568396698627	0.00030403476378	7.41548204341e-06	0.0157986844935	0.000285496058671	0.00506106649463	0	1.48309640868e-05	7.41548204341e-06	0	3.70774102171e-05	0	5.19083743039e-05	1.85387051085e-05	0	0.000203925756194	7.41548204341e-05	1.48309640868e-05	4.82006332822e-05	1.48309640868e-05	0	0	1.85387051085e-05	1.48309640868e-05	0	0	4.82006332822e-05	4.82006332822e-05	1.48309640868e-05	1.48309640868e-05	0.000337404432975	0	7.41548204341e-06	1.48309640868e-05	0.000315157986845	1.48309640868e-05	0	0	0	0	0.000600654045516	0.00253980259987	0.000663685642885	0.00415637768533	0.000993674593817	0.00358538556799	0.00366324812944	0.000404143771366	0.000363358620127	9.64012665643e-05	0.00032628120991	0.000226172202324	6.3031597369e-05	2.22464461302e-05	1.11232230651e-05
