0.0293337542201	0.00148208600718	0.00198253063299	0	0	3.84957404463e-06	0.000993190103515	0.00730264196267	0.0132771808799	2.69470183124e-05	0.00122031497215	3.84957404463e-06	0	3.84957404463e-06	0.0223236798848	7.69914808926e-06	0.000284868479303	0.000546639514338	2.69470183124e-05	3.46461664017e-05	0.000230974442678	0.0040189553026	0.000103938499205	0.00339532430737	0.00271010012742	3.84957404463e-06	0.000254071886946	0.00280248990449	0.00407284933922	0.0134311638417	0.0178851210114	0	3.84957404463e-06	0.00042345314491	0.0013973953782	3.84957404463e-06	0.00110867732485	0.000238673590767	0	0	0	0	1.15487221339e-05	3.84957404463e-06	0.000138584665607	0	3.84957404463e-06	0	0	3.84957404463e-06	0	0	0	0	3.84957404463e-06	0	0	3.84957404463e-06	3.84957404463e-06	0.00010008892516	0	7.69914808926e-06	0.00169766215368	3.07965923571e-05	4.2345314491e-05	0	0	3.84957404463e-06	3.46461664017e-05	1.92478702232e-05	2.69470183124e-05	0.000150133387741	0.000935446492846	0.000454249737267	2.30974442678e-05	3.84957404463e-06	0	3.84957404463e-06	7.69914808926e-06	4.2345314491e-05	3.46461664017e-05	6.92923328034e-05	0	3.84957404463e-06
0.00148208600718	0.0316319499247	0.000592834402873	0	0	7.69914808926e-06	5.77436106695e-05	0.000130885517517	0.00110482775081	0.00174385704222	0.000103938499205	7.69914808926e-06	0	0.0006813746059	0.00134735091562	7.69914808926e-06	0.000331063367838	0.000169381257964	0.000153982961785	0.000153982961785	2.30974442678e-05	0.000358010386151	0.00550874045787	0.00124341241642	0.00135889963776	0.0010432345661	0.00490820690691	0.0239443505576	0.000277169331214	0.0013627492118	0.00194018531849	0	1.53982961785e-05	6.54427587587e-05	0.000130885517517	1.15487221339e-05	0.0202372107526	5.38940366248e-05	0	0	0	0	3.84957404463e-06	0	0.000392656552552	3.84957404463e-06	0	1.53982961785e-05	2.69470183124e-05	7.69914808926e-06	2.30974442678e-05	0.000242523164812	0.000254071886946	7.69914808926e-06	0.00182084852311	3.84957404463e-06	1.53982961785e-05	0.000685224179944	5.38940366248e-05	0.000427302718954	0.00178235278266	0.00258306418395	0.0209840281173	0.000269470183124	0	3.84957404463e-06	2.69470183124e-05	0	0	0.000215576146499	0.00321054475322	0.000804560975328	0.000377258256374	0.000284868479303	3.07965923571e-05	3.84957404463e-06	3.84957404463e-06	0.00036570953424	0.000130885517517	0.000173230832008	3.07965923571e-05	1.53982961785e-05	0	0
0.00198253063299	0.000592834402873	0.0317551362942	0	0	1.53982961785e-05	3.84957404463e-06	6.54427587587e-05	0.00169381257964	0.000150133387741	2.30974442678e-05	0	0	0	0.00190938872614	1.53982961785e-05	0.000150133387741	0.00228279740847	0	7.69914808926e-05	3.84957404463e-06	0.000916198622622	0.000404205274686	0.0100820344229	0.000146283813696	0	0.00685609137349	0.0130423568632	0.000242523164812	0.000846906289819	0.00184779554142	0	1.53982961785e-05	9.62393511158e-05	0.00025792146099	0	0.00088925160431	0.003191296883	0	0	7.69914808926e-06	2.69470183124e-05	5.00444625802e-05	0.000269470183124	3.46461664017e-05	0.000134735091562	0	7.69914808926e-06	0	0.00010008892516	3.84957404463e-06	5.00444625802e-05	0.000304116349526	0	0.000227124868633	3.84957404463e-06	8.85402030265e-05	0.000785313105105	0.000477347181534	2.30974442678e-05	0	0.00145128941483	0.00382262702632	3.84957404463e-05	0	0.000103938499205	0	0	0	0.000188629128187	0.00120876625001	0.000388806978508	0.00101243797374	0.000773764382971	1.53982961785e-05	0	1.15487221339e-05	0.000442701015133	0.00185164511547	0.000184779554142	0.000115487221339	0.000169381257964	7.69914808926e-06	0
0	0	0	0	0	0	0	0	0	0	0	0	0	0	0	0	0	0	0	0	0	0	0	0	0	0	0	0	0	0	0	0	0	0	0	0	0	0	0	0	0	0	0	0	0	0	0	0	0	0	0	0	0	0	0	0	0	0	0	0	0	0	0	0	0	0	0	0	0	0	0	0	0	0	0	0	0	0	0	0	0	0	0	0
0	0	0	0	0.0128806747533	0	0.000716020772302	0	0.000565887384561	0.00182469809716	0.000450400163222	7.3141906848e-05	0.00506988901678	2.69470183124e-05	0.000127035943473	0.000692923328034	0	0	0.00036570953424	0	0.00672905543002	0	0	0	0.00572816617841	1.92478702232e-05	0.000269470183124	0	0.00533550962586	0.000419603570865	0	0	0.000165531683919	0	0.000461948885356	0	0	0	0	0.00117796965766	3.84957404463e-06	5.38940366248e-05	0	1.15487221339e-05	0.000704472050168	0.000369559108285	3.84957404463e-06	0.000927747344756	0	1.53982961785e-05	7.69914808926e-06	0	0	0	0	0.00206722126197	0	0	0	0.00120106710193	0	0	0	0.000581285680739	0	0	0	0	0	3.46461664017e-05	5.00444625802e-05	7.69914808926e-06	0.000542789940293	0	0.000361859960195	0	0	0	1.92478702232e-05	3.84957404463e-05	0	0	0	7.69914808926e-06
3.84957404463e-06	7.69914808926e-06	1.53982961785e-05	0	0	0.00463873672378	0.00130500560113	1.53982961785e-05	0.000550489088382	2.30974442678e-05	4.61948885356e-05	0.000169381257964	3.07965923571e-05	0.000127035943473	1.53982961785e-05	0.000946995214979	3.46461664017e-05	3.84957404463e-06	1.15487221339e-05	3.84957404463e-06	1.92478702232e-05	0	3.84957404463e-06	0.000200177850321	3.07965923571e-05	4.2345314491e-05	1.53982961785e-05	6.54427587587e-05	2.30974442678e-05	1.15487221339e-05	1.15487221339e-05	0	0.00196713233681	7.69914808926e-06	0.000311815497615	0	7.69914808926e-06	7.69914808926e-06	0	0	0	3.84957404463e-06	0	1.53982961785e-05	3.84957404463e-06	0	0	0	0	0	0	0	9.23897770712e-05	0	4.2345314491e-05	0	3.84957404463e-06	7.69914808926e-06	2.69470183124e-05	0	0	0	4.61948885356e-05	0	1.15487221339e-05	0	0	3.84957404463e-06	0	5.00444625802e-05	0.000277169331214	1.15487221339e-05	0.000508143773891	0.000204027424365	0.0011818192317	0.001293456879	2.30974442678e-05	1.53982961785e-05	1.15487221339e-05	0.000215576146499	0.000234824016723	2.69470183124e-05	7.69914808926e-06	0
0.000993190103515	5.77436106695e-05	3.84957404463e-06	0	0.000716020772302	0.00130500560113	0.0439390381454	0.00898875539422	0.0214344282805	0.000130885517517	0.0184741058402	0.000254071886946	0.00891176391332	5.38940366248e-05	0.00468878118636	0.00228279740847	3.84957404463e-05	7.69914808926e-06	0.0011125268989	3.84957404463e-06	0.00440391270706	0.000739118216569	0	0.000219425720544	0.000354160812106	3.84957404463e-06	0.000958543937113	7.69914808926e-05	0.00399200828428	0.00413444252393	0.00122031497215	0	0.00388422021103	7.69914808926e-05	0.00163991854301	0	3.07965923571e-05	0	0	0	3.84957404463e-06	1.92478702232e-05	0	3.07965923571e-05	7.69914808926e-06	7.69914808926e-06	3.84957404463e-06	1.15487221339e-05	0	2.69470183124e-05	0	0	0	0	0	0	0	0	7.69914808926e-06	6.54427587587e-05	0	7.69914808926e-06	6.54427587587e-05	3.46461664017e-05	3.46461664017e-05	0	0	1.15487221339e-05	0	8.85402030265e-05	0.00142434239651	7.3141906848e-05	0.0030450130693	0.000469648033445	0.00138584665607	0.000396506126597	0.000153982961785	6.54427587587e-05	3.84957404463e-06	0.000119336795384	2.30974442678e-05	3.07965923571e-05	7.69914808926e-06	3.84957404463e-06
0.00730264196267	0.000130885517517	6.54427587587e-05	0	0	1.53982961785e-05	0.00898875539422	0.0437080637028	0.0104631422533	0.000550489088382	0.0112407562103	0.000307965923571	0.000180929980098	2.69470183124e-05	0.0112523049325	0.000904649900489	5.38940366248e-05	0.000192478702232	0.000361859960195	0.000427302718954	0.000130885517517	0.000338762515928	7.69914808926e-06	0.000234824016723	0.000885402030265	0	0.000927747344756	0.000485046329624	0.0224776628466	0.00985105998021	0.0079262729579	0	0.000288718053347	0.00310275667997	0.0043038237819	3.84957404463e-06	8.08410549373e-05	0.000250222312901	0	0.000180929980098	3.07965923571e-05	5.77436106695e-05	7.69914808926e-06	3.84957404463e-05	0.00132040389731	2.69470183124e-05	7.69914808926e-06	3.46461664017e-05	0	1.15487221339e-05	2.30974442678e-05	0	2.69470183124e-05	0	0	3.84957404463e-05	1.92478702232e-05	1.92478702232e-05	0.000469648033445	0.00223660251993	0	1.53982961785e-05	0.000392656552552	0.00169766215368	0.000161682109875	0	0	0	0.000123186369428	0.000150133387741	0.00101628754778	8.46906289819e-05	0.00450015205817	0.00249067440688	0.00020787699841	1.15487221339e-05	3.84957404463e-05	0.000180929980098	4.2345314491e-05	0.000211726572455	0.000127035943473	5.00444625802e-05	7.69914808926e-06	0
0.0132771808799	0.00110482775081	0.00169381257964	0	0.000565887384561	0.000550489088382	0.0214344282805	0.0104631422533	0.0499328249329	7.69914808926e-06	0.0124071771458	0.000400355700642	0.00519307538621	7.69914808926e-05	0.0239328018355	0.000323364219749	0.000273319757169	0.000454249737267	0.000708321624212	2.69470183124e-05	0.00537785494035	0.00513918134958	6.54427587587e-05	0.00420373485674	0.00179775107884	3.84957404463e-06	0.000835357567685	0.00229049655656	0.00614392017523	0.0123109377947	0.0110059321936	0	0.00439621355897	6.15931847141e-05	0.00199407935512	3.84957404463e-06	0.000819959271507	0.000200177850321	0	7.69914808926e-06	0	0	7.69914808926e-06	1.15487221339e-05	5.38940366248e-05	1.15487221339e-05	3.84957404463e-06	1.15487221339e-05	0	1.92478702232e-05	0	0	0	0	3.84957404463e-06	1.15487221339e-05	0	0	7.69914808926e-06	3.46461664017e-05	0	3.84957404463e-06	0.00126650986068	3.84957404463e-06	3.84957404463e-05	0	0	3.84957404463e-06	1.15487221339e-05	4.2345314491e-05	0.000488895903668	8.46906289819e-05	0.00256766588777	0.000704472050168	0.000223275294589	3.07965923571e-05	3.84957404463e-06	7.69914808926e-06	3.84957404463e-06	7.69914808926e-05	3.46461664017e-05	0.000111637647294	3.84957404463e-06	3.84957404463e-06
2.69470183124e-05	0.00174385704222	0.000150133387741	0	0.00182469809716	2.30974442678e-05	0.000130885517517	0.000550489088382	7.69914808926e-06	0.0371406903826	0.000234824016723	3.84957404463e-06	0.00153982961785	8.46906289819e-05	0.000242523164812	0.00299111903268	0.00804945932733	3.07965923571e-05	0.00010008892516	4.61948885356e-05	0.000785313105105	0.00103553541801	0.0102437165328	0.00328368666007	0.0145590890368	0.000234824016723	0.000327213793794	0.00261001120226	0.00719485388942	0.00101243797374	0.00109712860272	0	1.92478702232e-05	0.00088925160431	0.00114332349126	2.30974442678e-05	0.000650578013543	0.000103938499205	0	0.002328992297	1.92478702232e-05	0.000177080406053	3.07965923571e-05	4.2345314491e-05	0.00999349421986	0.001466687711	3.07965923571e-05	0.00155137833999	3.84957404463e-06	7.69914808926e-05	9.62393511158e-05	0.00483506500006	0.000284868479303	1.92478702232e-05	0.000496595051758	0.00388806978508	0.00222120422375	0.0117796965766	0.0056665729937	0.0102899114213	1.53982961785e-05	0.000777613957016	0.0026562060908	0.00529701388541	0.000123186369428	3.84957404463e-05	3.84957404463e-06	7.69914808926e-06	0.000111637647294	0.00031566507166	0.00683299392922	0.00267545396102	0.000885402030265	0.000350311238062	0.0029064284037	1.15487221339e-05	0	0.00438466483684	0.00228279740847	0.000496595051758	0.00042345314491	7.3141906848e-05	2.30974442678e-05	2.30974442678e-05
0.00122031497215	0.000103938499205	2.30974442678e-05	0	0.000450400163222	4.61948885356e-05	0.0184741058402	0.0112407562103	0.0124071771458	0.000234824016723	0.0421451366406	0.00159757322852	0.0094276068353	9.62393511158e-05	0.00683299392922	0.000943145640935	0.000119336795384	7.3141906848e-05	0.00213651359477	0.00102783626992	0.011213809192	8.85402030265e-05	1.15487221339e-05	0.000369559108285	0.000696772902078	3.84957404463e-05	0.00271010012742	0.000492745477713	0.00754131555343	0.00793782168003	0.000254071886946	3.84957404463e-06	0.00193633574445	0.00020787699841	0.00705626922381	0	5.77436106695e-05	0	0	8.08410549373e-05	7.69914808926e-06	2.30974442678e-05	0	1.15487221339e-05	0.000184779554142	1.92478702232e-05	1.53982961785e-05	0.000103938499205	7.69914808926e-06	7.69914808926e-06	0	0	3.84957404463e-06	3.84957404463e-06	3.84957404463e-06	0.000142434239651	0	7.69914808926e-06	0	0.000254071886946	1.53982961785e-05	1.53982961785e-05	0.000119336795384	0.000150133387741	3.84957404463e-06	0	3.84957404463e-06	0	0	5.38940366248e-05	0.00194403489254	0.000508143773891	0.00665591352317	0.00140509452629	2.30974442678e-05	1.53982961785e-05	9.62393511158e-05	2.69470183124e-05	2.30974442678e-05	9.62393511158e-05	3.84957404463e-06	1.53982961785e-05	3.84957404463e-06	1.15487221339e-05
3.84957404463e-06	7.69914808926e-06	0	0	7.3141906848e-05	0.000169381257964	0.000254071886946	0.000307965923571	0.000400355700642	3.84957404463e-06	0.00159757322852	0.0196020310353	0.00185934426356	0.00330293453029	0.000254071886946	1.53982961785e-05	0	4.2345314491e-05	0.00393041509957	0.00323364219749	0.00229049655656	0	3.84957404463e-06	0	1.15487221339e-05	0.000877702882176	0.00460794013142	0.000123186369428	0.000550489088382	0.00467723246423	3.84957404463e-06	8.46906289819e-05	0.00155522791403	3.07965923571e-05	0.00961623596349	0	0	0	0	0	0	0	0	0	1.53982961785e-05	0	2.69470183124e-05	7.69914808926e-06	1.15487221339e-05	2.30974442678e-05	0	0	0	5.00444625802e-05	3.84957404463e-06	0	0	0	0	0.000146283813696	1.92478702232e-05	6.92923328034e-05	1.53982961785e-05	0.000111637647294	7.69914808926e-06	0	7.69914808926e-06	0	0	4.61948885356e-05	0.000388806978508	0.00230974442678	0.00379568000801	1.53982961785e-05	1.53982961785e-05	0.000408054848731	0.00104708414014	3.46461664017e-05	9.62393511158e-05	6.92923328034e-05	3.84957404463e-06	1.92478702232e-05	3.84957404463e-06	4.61948885356e-05
0	0	0	0	0.00506988901678	3.07965923571e-05	0.00891176391332	0.000180929980098	0.00519307538621	0.00153982961785	0.0094276068353	0.00185934426356	0.0353583375999	9.62393511158e-05	0.00247142653665	0.00200177850321	0	7.69914808926e-06	0.00425377931932	0.000896950752399	0.022858770677	0	0	0	0.00341842175163	4.2345314491e-05	0.00342997047377	0.000196328276276	0.00308350880975	0.00722950005582	0	7.69914808926e-06	0.00200562807725	1.15487221339e-05	0.00868848861873	0	0	0	0	9.23897770712e-05	5.38940366248e-05	0.000535090792204	0	6.54427587587e-05	9.23897770712e-05	0.000793012253194	0.000111637647294	0.00170536130177	7.69914808926e-06	8.08410549373e-05	8.85402030265e-05	0	0	2.69470183124e-05	3.84957404463e-06	0.000115487221339	0	0	0	0.000180929980098	1.15487221339e-05	7.3141906848e-05	2.69470183124e-05	0.000134735091562	7.69914808926e-06	0	3.84957404463e-06	0	0	0.000273319757169	0.000793012253194	0.000581285680739	0.00781848488465	1.53982961785e-05	0.00078916267915	2.30974442678e-05	7.69914808926e-06	2.30974442678e-05	3.07965923571e-05	0.00031566507166	7.69914808926e-06	5.00444625802e-05	3.84957404463e-06	1.92478702232e-05
3.84957404463e-06	0.0006813746059	0	0	2.69470183124e-05	0.000127035943473	5.38940366248e-05	2.69470183124e-05	7.69914808926e-05	8.46906289819e-05	9.62393511158e-05	0.00330293453029	9.62393511158e-05	0.0204951322136	5.00444625802e-05	7.69914808926e-06	0.000180929980098	0	0.000204027424365	8.46906289819e-05	0.000142434239651	3.84957404463e-06	0.000846906289819	1.15487221339e-05	0.00031566507166	0.0125650096817	0.0027254984236	0.00408439806135	9.23897770712e-05	0.000404205274686	7.69914808926e-06	0.00267930353506	0.000708321624212	1.53982961785e-05	0.00113177476912	0	0.000204027424365	0	0	0.000119336795384	3.84957404463e-06	0.000685224179944	0	3.07965923571e-05	7.69914808926e-05	0.000769914808926	0.0017939015048	0.000804560975328	0.00370329023094	6.54427587587e-05	3.84957404463e-06	6.15931847141e-05	0	3.07965923571e-05	7.69914808926e-06	0.000227124868633	0	0.000161682109875	3.84957404463e-06	0.000111637647294	0.00313740284638	0.00187859213378	0.00254841801755	5.38940366248e-05	6.92923328034e-05	0	0.00141279367438	5.00444625802e-05	0	0.00115872178743	0.000134735091562	0.00198253063299	0.00150133387741	0.000119336795384	7.69914808926e-06	8.46906289819e-05	0.00174000746817	5.00444625802e-05	0.00363014832409	0.00123956284237	7.69914808926e-06	4.2345314491e-05	3.84957404463e-06	0.00122801412024
0.0223236798848	0.00134735091562	0.00190938872614	0	0.000127035943473	1.53982961785e-05	0.00468878118636	0.0112523049325	0.0239328018355	0.000242523164812	0.00683299392922	0.000254071886946	0.00247142653665	5.00444625802e-05	0.0533781937029	0.000134735091562	0.00042345314491	0.000446550589177	0.00010778807325	2.30974442678e-05	0.00474652479703	0.00553953705023	0.000103938499205	0.00399200828428	0.00475807351917	3.84957404463e-06	0.000254071886946	0.00258306418395	0.00945455385362	0.0275052065489	0.0190707898171	0	0.0052007745343	0.00242138207407	0.00180160065289	1.53982961785e-05	0.00101243797374	0.000227124868633	0	7.69914808926e-06	0	1.92478702232e-05	1.53982961785e-05	3.07965923571e-05	0.000488895903668	1.92478702232e-05	7.69914808926e-06	1.53982961785e-05	0	4.2345314491e-05	0	0	3.84957404463e-06	0	1.15487221339e-05	7.69914808926e-06	0	7.69914808926e-06	1.15487221339e-05	0.000361859960195	0	3.84957404463e-06	0.00156292706212	0.000188629128187	0.000161682109875	0	0	3.84957404463e-06	8.08410549373e-05	0.000142434239651	0.000461948885356	0.000196328276276	0.00171306044986	0.000846906289819	0.000111637647294	5.38940366248e-05	8.08410549373e-05	2.30974442678e-05	1.53982961785e-05	0.000196328276276	6.54427587587e-05	7.3141906848e-05	7.69914808926e-06	3.84957404463e-06
7.69914808926e-06	7.69914808926e-06	1.53982961785e-05	0	0.000692923328034	0.000946995214979	0.00228279740847	0.000904649900489	0.000323364219749	0.00299111903268	0.000943145640935	1.53982961785e-05	0.00200177850321	7.69914808926e-06	0.000134735091562	0.00980871466572	7.69914808926e-06	7.69914808926e-06	6.54427587587e-05	1.15487221339e-05	0.000796861827239	0	7.69914808926e-06	3.07965923571e-05	0.00254841801755	0	8.46906289819e-05	8.08410549373e-05	0.00162836982088	0.000500444625802	0.000242523164812	0	0.000180929980098	0.000281018905258	0.00026562060908	0	7.69914808926e-06	1.15487221339e-05	0	9.62393511158e-05	0	3.07965923571e-05	0	1.15487221339e-05	0.000327213793794	0.000153982961785	0	0.000246372738856	0	1.15487221339e-05	7.69914808926e-06	0	1.92478702232e-05	0	0	0.000323364219749	0	3.84957404463e-06	1.15487221339e-05	0.000361859960195	0	0	1.92478702232e-05	4.61948885356e-05	3.84957404463e-06	0	0	0	3.84957404463e-06	2.30974442678e-05	0.00031566507166	1.53982961785e-05	0.000850755863864	0.0004657984594	0.0053817045144	0.000177080406053	7.69914808926e-06	3.84957404463e-06	3.84957404463e-06	4.61948885356e-05	3.46461664017e-05	1.15487221339e-05	0	0
0.000284868479303	0.000331063367838	0.000150133387741	0	0	3.46461664017e-05	3.84957404463e-05	5.38940366248e-05	0.000273319757169	0.00804945932733	0.000119336795384	0	0	0.000180929980098	0.00042345314491	7.69914808926e-06	0.0233823127471	0.00020787699841	0	4.2345314491e-05	0	0.00424992974527	0.00912734005982	0.0079262729579	0.00634409802555	0.000196328276276	0.000238673590767	0.00500444625802	0.00353775854702	0.000558188236472	0.00078146353106	3.84957404463e-06	6.92923328034e-05	2.30974442678e-05	0.00134735091562	0	0.000184779554142	3.84957404463e-05	0	3.84957404463e-06	7.69914808926e-06	7.69914808926e-06	0	3.84957404463e-06	0.000177080406053	3.84957404463e-06	0	1.53982961785e-05	1.15487221339e-05	3.84957404463e-06	1.15487221339e-05	0.00274089671978	4.2345314491e-05	0	0.000130885517517	3.84957404463e-06	0.00195943318872	0.00893486135759	0.00618241591568	0.000273319757169	0.000311815497615	0.000296417201437	0.00230204527869	0.000177080406053	0	7.69914808926e-06	0	0	0	3.46461664017e-05	0.00370713980498	0.000281018905258	0.00153213046976	0.00112022604699	0.000211726572455	1.15487221339e-05	0	0.00123186369428	0.00078146353106	0.000127035943473	0.000223275294589	0.000119336795384	0	0
0.000546639514338	0.000169381257964	0.00228279740847	0	0	3.84957404463e-06	7.69914808926e-06	0.000192478702232	0.000454249737267	3.07965923571e-05	7.3141906848e-05	4.2345314491e-05	7.69914808926e-06	0	0.000446550589177	7.69914808926e-06	0.00020787699841	0.0194018531849	4.61948885356e-05	0.00401125615451	2.69470183124e-05	0.00190168957805	1.53982961785e-05	0.00438081526279	0.00031566507166	0	0.00607077826838	0.00335682856692	0.000716020772302	0.000881552456221	0.00222890337184	0	0	0.00026562060908	0.00542020025484	0	0.000127035943473	3.84957404463e-06	0	0	0	0	0	0	3.84957404463e-06	0	3.84957404463e-06	0	0	3.84957404463e-06	0	0	0.000311815497615	0	3.84957404463e-05	0	0	0	1.92478702232e-05	3.84957404463e-06	0	6.15931847141e-05	0.000319514645704	3.84957404463e-06	3.84957404463e-06	0	0	0	0	2.30974442678e-05	0.00099703967756	0.00122801412024	0.00322979262345	0.000658277161632	3.84957404463e-06	0	1.92478702232e-05	5.38940366248e-05	0.000103938499205	2.69470183124e-05	1.15487221339e-05	7.69914808926e-06	0	0
2.69470183124e-05	0.000153982961785	0	0	0.00036570953424	1.15487221339e-05	0.0011125268989	0.000361859960195	0.000708321624212	0.00010008892516	0.00213651359477	0.00393041509957	0.00425377931932	0.000204027424365	0.00010778807325	6.54427587587e-05	0	4.61948885356e-05	0.0159911305814	0.0029410745701	0.00513533177554	0	0.000142434239651	1.92478702232e-05	0.000153982961785	0.000204027424365	0.00887326817288	0.00126266028664	0.000931596918801	0.00373023724925	0	0	0.000254071886946	2.30974442678e-05	0.00908884431938	0	7.69914808926e-06	0	0	3.84957404463e-06	0	1.92478702232e-05	1.92478702232e-05	1.15487221339e-05	5.00444625802e-05	1.92478702232e-05	0.000119336795384	9.62393511158e-05	2.30974442678e-05	6.15931847141e-05	0	0	0	0.000138584665607	4.2345314491e-05	1.53982961785e-05	0	3.84957404463e-06	0	0.000562037810516	0.000204027424365	0.000438851441088	0.0004657984594	0.000438851441088	4.61948885356e-05	0	6.54427587587e-05	7.69914808926e-06	7.69914808926e-06	0.000180929980098	0.00148593558123	0.00178235278266	0.00786467977318	6.92923328034e-05	4.2345314491e-05	0.000230974442678	0.000161682109875	0.000211726572455	6.92923328034e-05	0.000250222312901	3.84957404463e-05	0.000111637647294	2.69470183124e-05	4.61948885356e-05
3.46461664017e-05	0.000153982961785	7.69914808926e-05	0	0	3.84957404463e-06	3.84957404463e-06	0.000427302718954	2.69470183124e-05	4.61948885356e-05	0.00102783626992	0.00323364219749	0.000896950752399	8.46906289819e-05	2.30974442678e-05	1.15487221339e-05	4.2345314491e-05	0.00401125615451	0.0029410745701	0.0217000488896	0.00157062621021	8.46906289819e-05	0.000134735091562	0.000627480569275	0.000115487221339	0.000292567627392	0.0145513898887	0.00274859586787	0.000870003734087	0.00111637647294	0.000161682109875	0	7.69914808926e-06	0.000458099311311	0.0101436276076	0	1.92478702232e-05	0	0	0	0	0	0	0	3.84957404463e-06	0	8.46906289819e-05	0	3.07965923571e-05	3.84957404463e-06	0	0	2.69470183124e-05	0.000111637647294	8.08410549373e-05	0	0	7.69914808926e-06	3.84957404463e-05	1.53982961785e-05	0.000384957404463	0.000485046329624	0.000635179717364	1.53982961785e-05	3.84957404463e-06	0	0.000150133387741	0	0	2.30974442678e-05	0.00332218240052	0.00291797712583	0.00626325697062	0.00115487221339	7.69914808926e-06	0	5.38940366248e-05	5.00444625802e-05	4.2345314491e-05	1.15487221339e-05	1.15487221339e-05	1.15487221339e-05	0	7.69914808926e-06
0.000230974442678	2.30974442678e-05	3.84957404463e-06	0	0.00672905543002	1.92478702232e-05	0.00440391270706	0.000130885517517	0.00537785494035	0.000785313105105	0.011213809192	0.00229049655656	0.022858770677	0.000142434239651	0.00474652479703	0.000796861827239	0	2.69470183124e-05	0.00513533177554	0.00157062621021	0.0361590490012	7.69914808926e-06	0	3.84957404463e-06	0.00373408682329	7.69914808926e-05	0.00460409055738	0.000369559108285	0.00412674337585	0.00968552829629	3.84957404463e-05	7.69914808926e-06	0.00202487594748	4.61948885356e-05	0.0117065546697	0	1.92478702232e-05	0	0	0.000173230832008	6.54427587587e-05	0.00152828089572	0	0.000188629128187	0.000184779554142	0.00189014085591	0.000281018905258	0.00209416828028	1.15487221339e-05	0.000273319757169	0.000234824016723	0	0	0.00010008892516	1.53982961785e-05	0.000215576146499	0	0	0	0.000250222312901	2.69470183124e-05	0.000273319757169	0.000119336795384	0.000153982961785	4.2345314491e-05	0	3.46461664017e-05	3.84957404463e-06	0	0.000858455011953	0.0010778807325	0.000896950752399	0.00990880359088	0.000146283813696	0.000304116349526	3.46461664017e-05	5.77436106695e-05	4.61948885356e-05	6.15931847141e-05	0.000808410549373	1.53982961785e-05	0.00031566507166	3.84957404463e-06	8.08410549373e-05
0.0040189553026	0.000358010386151	0.000916198622622	0	0	0	0.000739118216569	0.000338762515928	0.00513918134958	0.00103553541801	8.85402030265e-05	0	0	3.84957404463e-06	0.00553953705023	0	0.00424992974527	0.00190168957805	0	8.46906289819e-05	7.69914808926e-06	0.0389730876279	0.00107018158441	0.0196443763498	0.00205182296579	0	0.000223275294589	0.0010432345661	0.00829198249214	0.00301806605099	0.019147781298	0	1.53982961785e-05	0.000134735091562	0.00599378678749	0	0.000307965923571	0.000165531683919	0	3.84957404463e-06	3.84957404463e-06	0	3.84957404463e-06	1.15487221339e-05	1.15487221339e-05	7.69914808926e-06	0	7.69914808926e-06	0	2.30974442678e-05	0	0.00083920714173	7.69914808926e-06	0	6.15931847141e-05	7.69914808926e-06	0.000153982961785	0.00175155619031	0.00148208600718	1.15487221339e-05	0	1.92478702232e-05	0.000592834402873	3.84957404463e-06	0	0	0	0	0	7.69914808926e-06	0.00138199708202	9.62393511158e-05	0.00274474629382	0.00110867732485	0.00020787699841	0	7.69914808926e-06	0.000527391644115	0.00036570953424	5.38940366248e-05	0.000146283813696	0.000284868479303	0	0
0.000103938499205	0.00550874045787	0.000404205274686	0	0	3.84957404463e-06	0	7.69914808926e-06	6.54427587587e-05	0.0102437165328	1.15487221339e-05	3.84957404463e-06	0	0.000846906289819	0.000103938499205	7.69914808926e-06	0.00912734005982	1.53982961785e-05	0.000142434239651	0.000134735091562	0	0.00107018158441	0.0282558734876	0.0020787699841	0.00886171945074	0.00117412008361	0.000931596918801	0.0131732423807	0.00174385704222	0.000138584665607	0.000142434239651	0	0	1.92478702232e-05	6.15931847141e-05	0	0.00295262329223	1.92478702232e-05	0	3.84957404463e-06	0	0	0	0	0.00015783253583	3.84957404463e-06	3.84957404463e-06	1.92478702232e-05	1.92478702232e-05	0	1.53982961785e-05	0.00202487594748	3.84957404463e-05	1.15487221339e-05	0.000150133387741	3.84957404463e-06	0.0020441238177	0.00937371279868	0.00350311238062	0.000538940366248	0.000808410549373	0.000612082273096	0.00644803652476	0.00015783253583	0	7.69914808926e-06	2.30974442678e-05	0	0	3.84957404463e-05	0.00185934426356	0.000908499474533	6.92923328034e-05	5.00444625802e-05	1.53982961785e-05	0	0	0.00149748430336	0.000973942233292	8.85402030265e-05	0.000288718053347	2.69470183124e-05	0	0
0.00339532430737	0.00124341241642	0.0100820344229	0	0	0.000200177850321	0.000219425720544	0.000234824016723	0.00420373485674	0.00328368666007	0.000369559108285	0	0	1.15487221339e-05	0.00399200828428	3.07965923571e-05	0.0079262729579	0.00438081526279	1.92478702232e-05	0.000627480569275	3.84957404463e-06	0.0196443763498	0.0020787699841	0.0741658935439	0.000581285680739	3.84957404463e-06	0.00216731018713	0.0145359915925	0.00116257136148	0.00112792519508	0.00890021519119	0	0.000188629128187	0.000169381257964	0.00558573193876	0	0.00110867732485	0.00451555035435	0	3.84957404463e-06	2.30974442678e-05	4.61948885356e-05	7.3141906848e-05	0.000150133387741	7.69914808926e-05	0.000127035943473	1.15487221339e-05	1.92478702232e-05	0	0.000115487221339	7.69914808926e-06	0.00182084852311	0.000130885517517	0	0.000204027424365	3.84957404463e-06	0.000396506126597	0.00825733632574	0.00662126735677	0.000123186369428	3.84957404463e-06	0.00015783253583	0.00619396463781	0.00010778807325	1.92478702232e-05	7.69914808926e-06	0	1.15487221339e-05	0	0.000188629128187	0.0135812972295	0.00237133761149	0.00765295320073	0.0059860876394	0.00117796965766	0.00010778807325	3.07965923571e-05	0.0014320415446	0.000908499474533	0.000400355700642	0.000635179717364	0.00119336795384	1.92478702232e-05	3.84957404463e-06
0.00271010012742	0.00135889963776	0.000146283813696	0	0.00572816617841	3.07965923571e-05	0.000354160812106	0.000885402030265	0.00179775107884	0.0145590890368	0.000696772902078	1.15487221339e-05	0.00341842175163	0.00031566507166	0.00475807351917	0.00254841801755	0.00634409802555	0.00031566507166	0.000153982961785	0.000115487221339	0.00373408682329	0.00205182296579	0.00886171945074	0.000581285680739	0.0497057000643	0.000454249737267	0.000804560975328	0.00350311238062	0.0234708529501	0.00711401283448	0.00987415742448	0	8.85402030265e-05	0.0026908522572	0.00595914062109	2.30974442678e-05	0.000134735091562	0.000211726572455	0	0.00202487594748	7.69914808926e-06	7.3141906848e-05	9.23897770712e-05	7.69914808926e-06	0.00728724366649	0.000492745477713	3.84957404463e-06	0.00073141906848	3.84957404463e-06	2.69470183124e-05	1.15487221339e-05	0.0013627492118	3.07965923571e-05	7.69914808926e-06	0.000173230832008	0.00290257882965	0.000823808845551	0.00276784373809	0.000935446492846	0.00851140821268	0.000404205274686	0.000369559108285	0.00107403115845	0.00526621729306	0.000381107830419	1.15487221339e-05	3.84957404463e-06	7.69914808926e-06	0.000311815497615	0.000219425720544	0.00404975189495	0.000758366086792	0.00334912941883	0.00224045209398	0.00230204527869	7.69914808926e-06	0	0.00162836982088	0.000754516512748	0.000411904422776	0.000496595051758	0.00015783253583	1.15487221339e-05	7.69914808926e-06
3.84957404463e-06	0.0010432345661	0	0	1.92478702232e-05	4.2345314491e-05	3.84957404463e-06	0	3.84957404463e-06	0.000234824016723	3.84957404463e-05	0.000877702882176	4.2345314491e-05	0.0125650096817	3.84957404463e-06	0	0.000196328276276	0	0.000204027424365	0.000292567627392	7.69914808926e-05	0	0.00117412008361	3.84957404463e-06	0.000454249737267	0.01811224588	0.00472727692681	0.00526621729306	3.07965923571e-05	8.85402030265e-05	3.84957404463e-06	0.00317589858682	0.000180929980098	0	0.000331063367838	0	0.000392656552552	0	0	0.000119336795384	3.84957404463e-06	0.000685224179944	0	3.07965923571e-05	0.000142434239651	0.000769914808926	0.00193633574445	0.000808410549373	0.00532011132968	4.61948885356e-05	1.15487221339e-05	8.85402030265e-05	0	5.77436106695e-05	1.53982961785e-05	0.000227124868633	0	0.000269470183124	7.69914808926e-06	0.000115487221339	0.00541250110675	0.00308735838379	0.00467723246423	1.92478702232e-05	6.54427587587e-05	0	0.00266390523889	5.00444625802e-05	0	0.00111637647294	0.00010008892516	0.00127420900877	0.000562037810516	1.92478702232e-05	0	7.69914808926e-06	0.0010432345661	4.2345314491e-05	0.00362629875004	0.00115487221339	7.69914808926e-06	4.2345314491e-05	3.84957404463e-06	0.00127805858282
0.000254071886946	0.00490820690691	0.00685609137349	0	0.000269470183124	1.53982961785e-05	0.000958543937113	0.000927747344756	0.000835357567685	0.000327213793794	0.00271010012742	0.00460794013142	0.00342997047377	0.0027254984236	0.000254071886946	8.46906289819e-05	0.000238673590767	0.00607077826838	0.00887326817288	0.0145513898887	0.00460409055738	0.000223275294589	0.000931596918801	0.00216731018713	0.000804560975328	0.00472727692681	0.083231640419	0.0237056769668	0.00192863659636	0.00389961850721	0.00110097817676	0.00279864033045	0.000296417201437	0.000511993347936	0.0115949170224	0	0.00374178597138	8.85402030265e-05	0	7.69914808926e-06	0	3.84957404463e-06	7.69914808926e-06	7.69914808926e-06	0.000180929980098	1.15487221339e-05	0.0011125268989	6.15931847141e-05	0.00296032244032	2.30974442678e-05	1.15487221339e-05	6.92923328034e-05	0.0011125268989	0.00140894410034	0.00306426093953	1.53982961785e-05	7.69914808926e-06	0.000319514645704	8.85402030265e-05	0.000408054848731	0.00401510572855	0.0105824790487	0.00946610257575	0.000238673590767	5.00444625802e-05	0	0.00284868479303	1.53982961785e-05	7.69914808926e-06	0.000692923328034	0.00990880359088	0.0113292964134	0.0117219529659	0.00151288259954	6.54427587587e-05	0.000238673590767	0.000642878865454	0.000438851441088	0.00184779554142	0.000358010386151	8.08410549373e-05	2.69470183124e-05	2.69470183124e-05	1.53982961785e-05
0.00280248990449	0.0239443505576	0.0130423568632	0	0	6.54427587587e-05	7.69914808926e-05	0.000485046329624	0.00229049655656	0.00261001120226	0.000492745477713	0.000123186369428	0.000196328276276	0.00408439806135	0.00258306418395	8.08410549373e-05	0.00500444625802	0.00335682856692	0.00126266028664	0.00274859586787	0.000369559108285	0.0010432345661	0.0131732423807	0.0145359915925	0.00350311238062	0.00526621729306	0.0237056769668	0.105847887931	0.00112022604699	0.00272934799764	0.00381107830419	0.000250222312901	5.38940366248e-05	0.000327213793794	0.00238288633363	0	0.0206337168792	0.0038033791561	0	0	1.53982961785e-05	1.92478702232e-05	1.15487221339e-05	1.92478702232e-05	0.000211726572455	1.92478702232e-05	0.000323364219749	3.46461664017e-05	0.000946995214979	1.53982961785e-05	4.61948885356e-05	0.00105863286227	0.000227124868633	0.00062363099523	0.00111637647294	3.84957404463e-06	0.000223275294589	0.0122185480177	0.00366094491644	0.000334912941883	0.00832662865854	0.00988955572066	0.0399778264535	0.00010778807325	0	7.69914808926e-06	0.000908499474533	0	0	0.000246372738856	0.010782656899	0.00292182669988	0.00640569121027	0.00398045956215	0.000103938499205	1.92478702232e-05	6.92923328034e-05	0.000927747344756	0.000893101178355	0.000342612089972	0.000408054848731	0.00041575399682	2.69470183124e-05	1.53982961785e-05
0.00407284933922	0.000277169331214	0.000242523164812	0	0.00533550962586	2.30974442678e-05	0.00399200828428	0.0224776628466	0.00614392017523	0.00719485388942	0.00754131555343	0.000550489088382	0.00308350880975	9.23897770712e-05	0.00945455385362	0.00162836982088	0.00353775854702	0.000716020772302	0.000931596918801	0.000870003734087	0.00412674337585	0.00829198249214	0.00174385704222	0.00116257136148	0.0234708529501	3.07965923571e-05	0.00192863659636	0.00112022604699	0.0728262417763	0.0149555951634	0.0179467141961	0	0.000508143773891	0.00590524658447	0.0118220418911	7.69914808926e-06	0.00020787699841	0.000511993347936	0	0.00331063367838	6.54427587587e-05	0.000242523164812	2.69470183124e-05	6.54427587587e-05	0.00680989648495	0.00129730645304	3.07965923571e-05	0.00117796965766	0	8.46906289819e-05	4.61948885356e-05	0.000689073753989	5.38940366248e-05	3.84957404463e-06	0.000130885517517	0.00467338289018	0.000588984828829	0.00164376811706	0.00121261582406	0.0120183701673	0	8.46906289819e-05	0.000950844789024	0.00822269015933	0.000373408682329	7.69914808926e-06	0	1.15487221339e-05	0.000277169331214	0.000496595051758	0.00597068934322	0.000542789940293	0.011644961485	0.0070293222055	0.000596683976918	4.61948885356e-05	9.23897770712e-05	0.00162836982088	0.000650578013543	0.000750666938703	0.000535090792204	0.000254071886946	4.2345314491e-05	2.30974442678e-05
0.0134311638417	0.0013627492118	0.000846906289819	0	0.000419603570865	1.15487221339e-05	0.00413444252393	0.00985105998021	0.0123109377947	0.00101243797374	0.00793782168003	0.00467723246423	0.00722950005582	0.000404205274686	0.0275052065489	0.000500444625802	0.000558188236472	0.000881552456221	0.00373023724925	0.00111637647294	0.00968552829629	0.00301806605099	0.000138584665607	0.00112792519508	0.00711401283448	8.85402030265e-05	0.00389961850721	0.00272934799764	0.0149555951634	0.0576281234481	0.0214652248729	0	0.00560113023494	0.00861534671189	0.0183085741563	1.92478702232e-05	0.00103938499205	0.000581285680739	0	1.53982961785e-05	3.07965923571e-05	6.92923328034e-05	3.07965923571e-05	4.2345314491e-05	0.00120491667597	4.2345314491e-05	1.92478702232e-05	4.2345314491e-05	3.84957404463e-06	6.15931847141e-05	3.84957404463e-06	3.84957404463e-06	3.46461664017e-05	1.15487221339e-05	1.53982961785e-05	1.53982961785e-05	2.30974442678e-05	2.69470183124e-05	0.000650578013543	0.00123571326833	1.92478702232e-05	5.00444625802e-05	0.00192478702232	0.000727569494435	0.000277169331214	0	3.84957404463e-06	3.84957404463e-06	0.000169381257964	0.000288718053347	0.00175155619031	0.000927747344756	0.0118451393353	0.00321824390131	0.000458099311311	0.000119336795384	0.000119336795384	0.000219425720544	6.15931847141e-05	0.000511993347936	0.000242523164812	0.000115487221339	2.69470183124e-05	1.92478702232e-05
0.0178851210114	0.00194018531849	0.00184779554142	0	0	1.15487221339e-05	0.00122031497215	0.0079262729579	0.0110059321936	0.00109712860272	0.000254071886946	3.84957404463e-06	0	7.69914808926e-06	0.0190707898171	0.000242523164812	0.00078146353106	0.00222890337184	0	0.000161682109875	3.84957404463e-05	0.019147781298	0.000142434239651	0.00890021519119	0.00987415742448	3.84957404463e-06	0.00110097817676	0.00381107830419	0.0179467141961	0.0214652248729	0.0614238034561	0	1.15487221339e-05	0.0058051576593	0.0102899114213	1.92478702232e-05	0.00151673217358	0.000777613957016	0	7.69914808926e-06	3.84957404463e-06	0	2.69470183124e-05	1.15487221339e-05	0.000769914808926	1.15487221339e-05	3.84957404463e-06	1.15487221339e-05	0	1.92478702232e-05	0	0	1.53982961785e-05	3.84957404463e-06	1.92478702232e-05	7.69914808926e-06	2.30974442678e-05	1.92478702232e-05	0.00042345314491	0.000712171198257	0	7.69914808926e-06	0.00261771035035	0.000346461664017	0.000211726572455	0	0	3.84957404463e-06	0.000169381257964	8.46906289819e-05	0.000411904422776	0.000188629128187	0.00523927027474	0.00242908122216	0.000342612089972	3.84957404463e-06	0	0.000384957404463	7.69914808926e-05	0.000184779554142	0.000261771035035	0.000354160812106	7.69914808926e-06	3.84957404463e-06
0	0	0	0	0	0	0	0	0	0	3.84957404463e-06	8.46906289819e-05	7.69914808926e-06	0.00267930353506	0	0	3.84957404463e-06	0	0	0	7.69914808926e-06	0	0	0	0	0.00317589858682	0.00279864033045	0.000250222312901	0	0	0	0.00427687676359	0	0	3.84957404463e-06	0	0.000230974442678	0	0	0	0	0	0	0	0.00010778807325	0	0.00047349760749	7.69914808926e-06	0.00210571700241	0	1.15487221339e-05	6.54427587587e-05	0	0	0	0	0	0.000219425720544	3.84957404463e-06	6.92923328034e-05	0.00098934052947	0.000492745477713	0.000800711401283	0	3.84957404463e-06	0	0.00108173030654	3.84957404463e-06	0	3.84957404463e-06	0	0.000103938499205	7.69914808926e-06	0	0	0	2.30974442678e-05	0	0.000669825883766	0	0	0	0	0
3.84957404463e-06	1.53982961785e-05	1.53982961785e-05	0	0.000165531683919	0.00196713233681	0.00388422021103	0.000288718053347	0.00439621355897	1.92478702232e-05	0.00193633574445	0.00155522791403	0.00200562807725	0.000708321624212	0.0052007745343	0.000180929980098	6.92923328034e-05	0	0.000254071886946	7.69914808926e-06	0.00202487594748	1.53982961785e-05	0	0.000188629128187	8.85402030265e-05	0.000180929980098	0.000296417201437	5.38940366248e-05	0.000508143773891	0.00560113023494	1.15487221339e-05	0	0.0131655432326	7.69914808926e-06	0.00235978888936	0	1.15487221339e-05	0	0	1.92478702232e-05	3.84957404463e-06	2.30974442678e-05	0	6.54427587587e-05	1.53982961785e-05	3.84957404463e-05	3.84957404463e-06	3.07965923571e-05	0	7.69914808926e-05	0	0	0	0	0	2.30974442678e-05	0	3.84957404463e-06	3.84957404463e-06	1.53982961785e-05	0	0	1.53982961785e-05	3.46461664017e-05	0.00010008892516	0	0	1.92478702232e-05	0	0.00020787699841	0.00163606896897	0.000238673590767	0.0032605892158	0.00109327902868	0.000920048196667	0.00181699894907	0.000230974442678	7.69914808926e-06	0	0.000242523164812	3.84957404463e-06	5.00444625802e-05	1.15487221339e-05	0
0.00042345314491	6.54427587587e-05	9.62393511158e-05	0	0	7.69914808926e-06	7.69914808926e-05	0.00310275667997	6.15931847141e-05	0.00088925160431	0.00020787699841	3.07965923571e-05	1.15487221339e-05	1.53982961785e-05	0.00242138207407	0.000281018905258	2.30974442678e-05	0.00026562060908	2.30974442678e-05	0.000458099311311	4.61948885356e-05	0.000134735091562	1.92478702232e-05	0.000169381257964	0.0026908522572	0	0.000511993347936	0.000327213793794	0.00590524658447	0.00861534671189	0.0058051576593	0	7.69914808926e-06	0.0108942945463	0.0059167953066	1.15487221339e-05	5.00444625802e-05	6.92923328034e-05	0	1.15487221339e-05	0	2.30974442678e-05	1.15487221339e-05	1.92478702232e-05	0.000577436106695	5.00444625802e-05	2.30974442678e-05	4.61948885356e-05	0	2.30974442678e-05	0	0	3.84957404463e-06	3.84957404463e-06	7.69914808926e-06	1.53982961785e-05	1.15487221339e-05	1.15487221339e-05	0.000161682109875	0.000562037810516	0	0	0.000142434239651	0.000350311238062	0.000134735091562	0	0	3.84957404463e-06	5.00444625802e-05	0.000169381257964	0.00062363099523	4.61948885356e-05	0.0041921861346	0.00194018531849	0.000281018905258	0	0	6.92923328034e-05	1.15487221339e-05	0.00015783253583	5.38940366248e-05	6.54427587587e-05	0	0
