0.0182369834342	4.05626855743e-06	0.000113575519608	0	0.000146025668067	4.05626855743e-06	0.00219444128957	0.00337075917122	0.00340726558824	0.000454302078432	0.000377232975841	1.21688056723e-05	0.000957279379553	3.65064170169e-05	0.00708630116983	3.65064170169e-05	0.000137913130953	4.86752226891e-05	0	1.21688056723e-05	0.000324501484594	0.000795028637256	0.000235263576331	0.000799084905813	0.000636834163516	0	1.62250742297e-05	8.11253711486e-05	0.00124121817857	0.0111912449499	0.00544351240407	0	1.21688056723e-05	0.00348433469083	0.00337481543978	0	0	0	0	4.05626855743e-05	0	2.43376113446e-05	9.32941768209e-05	4.05626855743e-06	0.000352895364496	4.05626855743e-05	0	4.05626855743e-05	0	8.11253711486e-06	8.11253711486e-06	1.21688056723e-05	0	0	0	2.8393879902e-05	8.11253711486e-06	4.86752226891e-05	8.11253711486e-06	0.000251488650561	0	0	0	0.000109519251051	4.05626855743e-06	1.21688056723e-05	0	0	0	4.05626855743e-06	0.000462414615547	6.08440283614e-05	0.000859928934175	0.000239319844888	0.00030016387325	5.6787759804e-05	8.11253711486e-06	8.11253711486e-06	0	8.11253711486e-06	4.05626855743e-06	1.21688056723e-05	0	0
4.05626855743e-06	0.0156004088719	0.00353300991352	0	0	0	4.05626855743e-06	0	4.05626855743e-06	2.43376113446e-05	0	0.000287995067577	0	8.5181639706e-05	0	8.11253711486e-06	0.000113575519608	0.000949166842438	2.02813427871e-05	0.000717959534665	0	0.000190644622199	0.00211737218698	0.00158600100595	3.65064170169e-05	0.00152110070904	0.0037155419986	0.0102866970616	2.8393879902e-05	1.62250742297e-05	6.08440283614e-05	0	0	2.02813427871e-05	0.000961335648111	0	0.00225528531793	0.000381289244398	0	0	0	4.05626855743e-06	4.05626855743e-06	4.05626855743e-06	1.62250742297e-05	0	7.30128340337e-05	0	3.65064170169e-05	8.11253711486e-06	8.11253711486e-06	8.11253711486e-05	0.000182532085084	4.05626855743e-06	9.32941768209e-05	0	0.000113575519608	0.000649002969189	0.000324501484594	1.21688056723e-05	0.000109519251051	0.000417795661415	0.000908604156864	4.05626855743e-05	8.11253711486e-06	4.46189541317e-05	0	0	4.05626855743e-06	0.000121688056723	0.000385345512956	0.000803141174371	0.00086804147129	0.000287995067577	4.05626855743e-05	2.02813427871e-05	1.62250742297e-05	0.000150081936625	0.000365064170169	0.000186588353642	8.11253711486e-05	1.21688056723e-05	0	8.11253711486e-06
0.000113575519608	0.00353300991352	0.0387900962147	0	0	2.02813427871e-05	2.02813427871e-05	8.11253711486e-05	1.62250742297e-05	7.30128340337e-05	0	0.000450245809875	8.11253711486e-06	0.000186588353642	6.49002969189e-05	3.24501484594e-05	0.000628721626401	0.00553680658089	3.65064170169e-05	0.00131017474405	4.05626855743e-06	0.00230801680918	0.00158600100595	0.0174460110655	0.000117631788165	0.00015819447374	0.0100838836338	0.0140306329401	0.000275826261905	0.000365064170169	0.000847760128503	8.11253711486e-06	4.05626855743e-06	0.000312332678922	0.00550841270099	0	0.00115198027031	0.00026771372479	0	0	0	4.05626855743e-06	2.02813427871e-05	4.05626855743e-06	6.49002969189e-05	8.11253711486e-06	1.21688056723e-05	0	1.21688056723e-05	0	8.11253711486e-06	9.73504453783e-05	9.73504453783e-05	0	3.24501484594e-05	0	5.6787759804e-05	0.000770691025911	0.000231207307773	3.65064170169e-05	2.43376113446e-05	0.000162250742297	0.000539483718138	5.6787759804e-05	0	2.8393879902e-05	0	0	0	6.89565654763e-05	0.00294079470414	0.00351678483929	0.00480667824055	0.00189022114776	0.000255544919118	0.000214982233544	9.32941768209e-05	0.000121688056723	0.000219038502101	0.00012574432528	5.27314912466e-05	8.11253711486e-06	4.05626855743e-06	0
0	0	0	0	0	0	0	0	0	0	0	0	0	0	0	0	0	0	0	0	0	0	0	0	0	0	0	0	0	0	0	0	0	0	0	0	0	0	0	0	0	0	0	0	0	0	0	0	0	0	0	0	0	0	0	0	0	0	0	0	0	0	0	0	0	0	0	0	0	0	0	0	0	0	0	0	0	0	0	0	0	0	0	0
0.000146025668067	0	0	0	0.0155030584265	0	0.000401570587185	0.000932941768209	0.000304220141807	0.000170363279412	0.00086804147129	0	0.00193484010189	0	7.30128340337e-05	4.05626855743e-06	4.05626855743e-06	0	0	4.05626855743e-06	0.00516768614216	8.11253711486e-06	1.62250742297e-05	2.02813427871e-05	0.006745574611	0	4.05626855743e-06	0	0.00453085197865	0.000178475816527	0.000105462982493	0	0	6.08440283614e-05	8.11253711486e-05	0	0	0	0	0.00178881443383	0	4.86752226891e-05	7.70691025911e-05	1.21688056723e-05	0.000133856862395	0.000762578488797	0	0.00131423101261	0	1.21688056723e-05	4.05626855743e-06	0	0	0	0	0.00165495757143	4.05626855743e-06	4.05626855743e-06	0	0.000150081936625	0	0	0	0.000219038502101	0	0	0	0	0	0	3.65064170169e-05	0	2.43376113446e-05	4.05626855743e-06	8.5181639706e-05	0	0	4.05626855743e-06	0	0	0	1.21688056723e-05	0	0
4.05626855743e-06	0	2.02813427871e-05	0	0	0.00395486184349	0.00179287070238	4.05626855743e-06	0.000932941768209	0	0	4.05626855743e-06	0	8.11253711486e-06	0.000677396849091	0.000657115506303	0	4.05626855743e-06	0	4.05626855743e-06	0	4.05626855743e-06	0	1.62250742297e-05	0	0	0	4.05626855743e-06	0	0.000458358346989	0	0	0.00121282429867	4.05626855743e-06	0.000251488650561	0	0	0	0	0	0	0	4.05626855743e-06	0	0	0	0	0	0	0	0	0	4.05626855743e-06	0	4.05626855743e-06	0	0	0	4.05626855743e-06	0	0	4.05626855743e-06	0	4.05626855743e-06	0	4.05626855743e-06	0	0	0	0	6.89565654763e-05	8.11253711486e-06	0.000117631788165	4.46189541317e-05	0.000681453117648	5.27314912466e-05	4.05626855743e-06	2.8393879902e-05	4.05626855743e-06	1.62250742297e-05	8.11253711486e-06	0	0	0
0.00219444128957	4.05626855743e-06	2.02813427871e-05	0	0.000401570587185	0.00179287070238	0.0336994791751	0.00178070189671	0.0151298817192	0.000231207307773	0.00518796748495	4.05626855743e-05	0.00813281845764	6.89565654763e-05	0.00602355880778	0.000373176707283	5.27314912466e-05	2.02813427871e-05	0	8.11253711486e-06	0.00186993980497	9.32941768209e-05	5.27314912466e-05	0.000137913130953	0.000847760128503	0	1.21688056723e-05	4.05626855743e-06	0.00113981146464	0.0048594097318	0.000612496552172	0	0.00167929518278	0.000620609089287	0.00208086576996	4.05626855743e-06	0	0	0	3.24501484594e-05	0	8.11253711486e-06	3.24501484594e-05	0	0.000210925964986	3.65064170169e-05	0	2.43376113446e-05	0	8.11253711486e-06	4.05626855743e-06	4.05626855743e-06	0	0	0	2.02813427871e-05	4.05626855743e-06	1.21688056723e-05	4.05626855743e-06	0.000121688056723	0	0	0	4.86752226891e-05	0	1.62250742297e-05	0	0	0	0	0.000287995067577	2.43376113446e-05	0.000750409683124	0.000166307010855	0.00120876803011	0.000219038502101	8.11253711486e-06	8.11253711486e-06	4.05626855743e-06	0	0	4.05626855743e-06	0	0
0.00337075917122	0	8.11253711486e-05	0	0.000932941768209	4.05626855743e-06	0.00178070189671	0.0267632599419	0.00226339785505	0.000855872665617	0.00163467622864	0	0.00119659922444	8.11253711486e-06	0.000799084905813	2.02813427871e-05	0.000243376113446	2.8393879902e-05	0	4.05626855743e-06	0.00147242548635	0.000515146106793	0.000413739392858	0.000713903266107	0.00242159232878	0	4.05626855743e-06	6.89565654763e-05	0.0109113624195	0.00318011454902	0.00720798922655	0	4.05626855743e-06	0.00128178086415	0.00166307010855	4.05626855743e-06	0	0	0	6.89565654763e-05	0	2.43376113446e-05	0.00012574432528	0	0.00056787759804	0.000137913130953	0	0.000101406713936	0	1.62250742297e-05	8.11253711486e-06	1.21688056723e-05	0	0	0	8.5181639706e-05	4.05626855743e-06	6.89565654763e-05	4.05626855743e-06	0.00044213327276	0	0	0	0.000117631788165	0	0	0	0	0	0	0.000352895364496	2.43376113446e-05	0.000434020735645	0.000117631788165	0.000223094770659	2.8393879902e-05	0	1.62250742297e-05	0	8.11253711486e-06	4.05626855743e-06	2.02813427871e-05	0	0
0.00340726558824	4.05626855743e-06	1.62250742297e-05	0	0.000304220141807	0.000932941768209	0.0151298817192	0.00226339785505	0.0356748819626	0.000198757159314	0.00235263576331	4.86752226891e-05	0.00232018561485	0.000129800593838	0.01822075836	9.32941768209e-05	6.89565654763e-05	2.8393879902e-05	0	1.62250742297e-05	0.000754465951682	0.00015819447374	8.5181639706e-05	0.000190644622199	0.000624665357844	4.05626855743e-06	2.02813427871e-05	2.02813427871e-05	0.0010100108708	0.00904142261451	0.000811253711486	0	0.00261629321954	0.000876154008405	0.00307465156653	4.05626855743e-06	0	0	0	2.8393879902e-05	0	1.21688056723e-05	3.24501484594e-05	0	0.000182532085084	4.46189541317e-05	0	2.8393879902e-05	0	1.21688056723e-05	4.05626855743e-06	4.05626855743e-06	0	0	0	2.8393879902e-05	0	1.62250742297e-05	0	0.000133856862395	0	0	0	4.46189541317e-05	0	0	0	0	0	0	0.000344782827381	5.27314912466e-05	0.00110330504762	0.000271769993348	0.000636834163516	0.000320445216037	1.62250742297e-05	1.21688056723e-05	0	4.05626855743e-06	4.05626855743e-06	4.05626855743e-06	0	0
0.000454302078432	2.43376113446e-05	7.30128340337e-05	0	0.000170363279412	0	0.000231207307773	0.000855872665617	0.000198757159314	0.0164076063148	0.000117631788165	0	0.00318011454902	4.05626855743e-06	0.000219038502101	0.000324501484594	0.000507033569679	4.05626855743e-06	0	0	0.000401570587185	0.000450245809875	0.00236480456898	0.000754465951682	0.00627099118978	0	8.11253711486e-06	0.000121688056723	0.00167523891422	0.00110736131618	0.00139941265231	0	0	0.000807197442928	0.00128989340126	2.02813427871e-05	4.05626855743e-06	8.11253711486e-06	0	0.000170363279412	0	4.05626855743e-05	0.000462414615547	2.43376113446e-05	0.00217010367822	0.000287995067577	0	0.000223094770659	0	6.49002969189e-05	1.21688056723e-05	0.000109519251051	4.05626855743e-06	0	0	0.000129800593838	6.49002969189e-05	0.000539483718138	4.05626855743e-05	0.00133451235539	0	0	4.05626855743e-06	0.000600327746499	1.21688056723e-05	5.6787759804e-05	0	0	4.05626855743e-06	3.65064170169e-05	0.000511089838236	4.86752226891e-05	0.000332614021709	0.000121688056723	0.000774747294469	2.8393879902e-05	4.05626855743e-06	5.6787759804e-05	1.62250742297e-05	2.02813427871e-05	1.21688056723e-05	4.46189541317e-05	0	0
0.000377232975841	0	0	0	0.00086804147129	0	0.00518796748495	0.00163467622864	0.00235263576331	0.000117631788165	0.0169065273474	0	0.00498109778852	4.05626855743e-06	0.000304220141807	3.24501484594e-05	8.11253711486e-06	4.05626855743e-06	0	0	0.00515957360505	1.21688056723e-05	1.21688056723e-05	2.8393879902e-05	0.000730128340337	0	0	0	0.00213765352976	0.000385345512956	0.000137913130953	0	4.05626855743e-06	0.000117631788165	0.000182532085084	0	0	0	0	1.62250742297e-05	0	0	1.21688056723e-05	4.05626855743e-06	8.11253711486e-05	2.43376113446e-05	0	1.62250742297e-05	0	0	0	4.05626855743e-06	0	0	0	1.21688056723e-05	0	4.05626855743e-06	0	5.27314912466e-05	0	0	0	4.05626855743e-06	0	0	0	0	0	0	4.86752226891e-05	4.05626855743e-06	5.6787759804e-05	2.02813427871e-05	7.70691025911e-05	8.11253711486e-06	0	0	0	0	0	0	0	0
1.21688056723e-05	0.000287995067577	0.000450245809875	0	0	4.05626855743e-06	4.05626855743e-05	0	4.86752226891e-05	0	0	0.0308641474535	0	0.00888728440933	9.32941768209e-05	0	1.62250742297e-05	0.000924829231094	0.00250677396849	0.00574773254588	0	6.08440283614e-05	1.21688056723e-05	0.000296107604692	4.05626855743e-06	0.00281910664741	0.0116455470284	0.00183343338796	8.11253711486e-06	0.000251488650561	3.24501484594e-05	0.000941054305323	3.24501484594e-05	2.8393879902e-05	0.00638456670939	0	0.000210925964986	0	0	0	0	0	0	0	0	0	0.000434020735645	0	0.000498921032564	0	0	0	8.11253711486e-06	1.62250742297e-05	3.65064170169e-05	0	4.05626855743e-06	4.05626855743e-06	4.05626855743e-06	4.05626855743e-06	0.000580046403712	0.000356951633054	0.000198757159314	0	0	0	8.11253711486e-06	0	0	1.62250742297e-05	0.000543539986695	0.00168335145133	0.0033058588743	0.000997842065127	2.8393879902e-05	0.000101406713936	0.000166307010855	2.8393879902e-05	0.000470527152662	0.00014196939951	8.11253711486e-06	0	0	0.000137913130953
0.000957279379553	0	8.11253711486e-06	0	0.00193484010189	0	0.00813281845764	0.00119659922444	0.00232018561485	0.00318011454902	0.00498109778852	0	0.0310831859556	8.11253711486e-06	0.000961335648111	0.000855872665617	2.8393879902e-05	0	0	0	0.0107734492885	5.27314912466e-05	4.86752226891e-05	7.70691025911e-05	0.00429558840232	0	0	0	0.00157788846884	0.00103434848214	0.000287995067577	0	4.05626855743e-06	0.00028393879902	0.000324501484594	0	0	0	0	2.8393879902e-05	0	7.70691025911e-05	3.24501484594e-05	0	0.000137913130953	8.11253711486e-05	0	0.000608440283614	0	0	0	4.05626855743e-06	0	0	0	0.000275826261905	0	8.11253711486e-06	0	0.000113575519608	0	0	0	2.43376113446e-05	0	4.05626855743e-06	0	0	0	0	0.000263657456233	4.05626855743e-06	0.000101406713936	2.43376113446e-05	0.00133856862395	8.11253711486e-06	0	4.05626855743e-06	4.05626855743e-06	0	0	4.05626855743e-06	0	0
3.65064170169e-05	8.5181639706e-05	0.000186588353642	0	0	8.11253711486e-06	6.89565654763e-05	8.11253711486e-06	0.000129800593838	4.05626855743e-06	4.05626855743e-06	0.00888728440933	8.11253711486e-06	0.0235709765872	0.000223094770659	1.62250742297e-05	2.02813427871e-05	0.000146025668067	0.00015819447374	0.000462414615547	4.05626855743e-06	9.32941768209e-05	4.46189541317e-05	0.000227151039216	8.11253711486e-06	0.00306653902942	0.00636428536661	0.00271364366492	1.21688056723e-05	0.000434020735645	6.08440283614e-05	0.00284344425876	4.05626855743e-05	0.000113575519608	0.00178881443383	0	6.89565654763e-05	4.05626855743e-06	0	0	0	4.05626855743e-06	1.21688056723e-05	4.05626855743e-06	1.62250742297e-05	4.05626855743e-06	0.000356951633054	0	0.000657115506303	8.11253711486e-06	8.11253711486e-06	0	8.11253711486e-06	4.05626855743e-06	2.43376113446e-05	0	8.11253711486e-06	1.21688056723e-05	1.21688056723e-05	4.05626855743e-06	0.000352895364496	0.00015819447374	9.73504453783e-05	8.11253711486e-06	0	8.11253711486e-06	0	0	0	3.24501484594e-05	0.000985673259455	0.000750409683124	0.0030300326124	0.00215387860399	8.11253711486e-05	0.000523258643908	0.00115603653887	0.000194700890757	0.000450245809875	0.000214982233544	0.000150081936625	2.02813427871e-05	0	0.000227151039216
0.00708630116983	0	6.49002969189e-05	0	7.30128340337e-05	0.000677396849091	0.00602355880778	0.000799084905813	0.01822075836	0.000219038502101	0.000304220141807	9.32941768209e-05	0.000961335648111	0.000223094770659	0.0359628770302	5.6787759804e-05	4.86752226891e-05	7.70691025911e-05	0	2.02813427871e-05	0.000239319844888	0.000328557753152	0.000121688056723	0.000535427449581	0.000332614021709	4.05626855743e-06	4.46189541317e-05	4.46189541317e-05	0.000559765060925	0.0178800318011	0.00145214414356	0	0.00263251829377	0.00171174533123	0.00504194181688	0	0	0	0	1.21688056723e-05	0	4.05626855743e-06	6.08440283614e-05	8.11253711486e-06	0.000182532085084	1.62250742297e-05	0	1.62250742297e-05	0	4.05626855743e-06	0	4.05626855743e-06	0	0	0	8.11253711486e-06	4.05626855743e-06	1.62250742297e-05	0	0.000113575519608	0	0	0	4.46189541317e-05	4.05626855743e-06	0	0	0	0	4.05626855743e-06	0.000462414615547	0.000113575519608	0.00186993980497	0.000474583421219	0.000620609089287	0.000421851929973	1.62250742297e-05	1.21688056723e-05	0	8.11253711486e-06	4.05626855743e-06	0	0	0
3.65064170169e-05	8.11253711486e-06	3.24501484594e-05	0	4.05626855743e-06	0.000657115506303	0.000373176707283	2.02813427871e-05	9.32941768209e-05	0.000324501484594	3.24501484594e-05	0	0.000855872665617	1.62250742297e-05	5.6787759804e-05	0.00418606915127	0	2.43376113446e-05	0	0	4.05626855743e-05	3.24501484594e-05	0	9.73504453783e-05	6.49002969189e-05	0	4.05626855743e-06	1.62250742297e-05	3.65064170169e-05	0.000109519251051	3.65064170169e-05	0	4.05626855743e-06	6.08440283614e-05	0.000231207307773	0	0	0	0	4.05626855743e-06	0	0	8.11253711486e-06	0	2.02813427871e-05	0	0	8.11253711486e-06	0	0	4.05626855743e-06	0	4.05626855743e-06	0	4.05626855743e-06	4.05626855743e-06	0	0	0	1.62250742297e-05	0	4.05626855743e-06	0	4.05626855743e-06	0	4.05626855743e-06	0	0	0	0	0.00042590819853	4.05626855743e-05	0.000344782827381	0.00026771372479	0.00223500397514	4.05626855743e-05	8.11253711486e-06	4.05626855743e-05	4.05626855743e-06	2.8393879902e-05	1.62250742297e-05	4.05626855743e-06	0	0
0.000137913130953	0.000113575519608	0.000628721626401	0	4.05626855743e-06	0	5.27314912466e-05	0.000243376113446	6.89565654763e-05	0.000507033569679	8.11253711486e-06	1.62250742297e-05	2.8393879902e-05	2.02813427871e-05	4.86752226891e-05	0	0.0161317800529	0.000109519251051	4.05626855743e-06	8.11253711486e-06	1.21688056723e-05	0.00289617575	0.00354517871919	0.00642512939497	0.00280693784174	0	5.27314912466e-05	0.00337481543978	0.0030300326124	0.000507033569679	0.000892379082634	0	8.11253711486e-06	0.000454302078432	0.00126555578992	4.05626855743e-06	8.11253711486e-06	4.05626855743e-06	0	2.02813427871e-05	0	8.11253711486e-06	5.6787759804e-05	8.11253711486e-06	0.000263657456233	2.43376113446e-05	0	1.62250742297e-05	0	1.21688056723e-05	8.11253711486e-06	6.89565654763e-05	4.05626855743e-06	0	0	1.21688056723e-05	4.46189541317e-05	0.000320445216037	7.70691025911e-05	0.000150081936625	0	0	2.43376113446e-05	0.000137913130953	0	2.43376113446e-05	0	0	0	8.11253711486e-06	0.000474583421219	0.00014196939951	0.000563821329483	0.000235263576331	5.6787759804e-05	2.02813427871e-05	1.21688056723e-05	3.65064170169e-05	2.02813427871e-05	8.11253711486e-06	8.11253711486e-06	1.21688056723e-05	0	0
4.86752226891e-05	0.000949166842438	0.00553680658089	0	0	4.05626855743e-06	2.02813427871e-05	2.8393879902e-05	2.8393879902e-05	4.05626855743e-06	4.05626855743e-06	0.000924829231094	0	0.000146025668067	7.70691025911e-05	2.43376113446e-05	0.000109519251051	0.0239238719517	0.000202813427871	0.00537455583859	0	0.00139535638376	0.000231207307773	0.00858712053608	3.65064170169e-05	0.000194700890757	0.00653059237746	0.00240536725456	8.92379082634e-05	0.0010384047507	0.00042590819853	4.05626855743e-06	4.05626855743e-06	0.000182532085084	0.00641296058929	0	0.000385345512956	7.30128340337e-05	0	0	0	0	4.05626855743e-06	0	1.21688056723e-05	0	3.65064170169e-05	0	1.62250742297e-05	0	4.05626855743e-06	8.11253711486e-06	6.08440283614e-05	0	2.02813427871e-05	0	4.05626855743e-06	9.73504453783e-05	3.24501484594e-05	1.21688056723e-05	4.86752226891e-05	0.000105462982493	0.000162250742297	2.8393879902e-05	0	4.05626855743e-06	0	0	0	8.11253711486e-06	0.00141563772654	0.0018861648792	0.00343160319958	0.00123716191002	8.11253711486e-05	8.5181639706e-05	0.000113575519608	2.43376113446e-05	6.89565654763e-05	3.65064170169e-05	8.11253711486e-06	8.11253711486e-06	0	8.11253711486e-06
0	2.02813427871e-05	3.65064170169e-05	0	0	0	0	0	0	0	0	0.00250677396849	0	0.00015819447374	0	0	4.05626855743e-06	0.000202813427871	0.00500949166842	0.00232018561485	0	4.05626855743e-06	0	2.02813427871e-05	0	0.00012574432528	0.00255139292262	0.000129800593838	0	0	4.05626855743e-06	1.21688056723e-05	0	4.05626855743e-06	0.000174419547969	0	1.21688056723e-05	4.05626855743e-06	0	0	0	0	0	0	0	0	8.11253711486e-06	0	1.21688056723e-05	0	0	0	4.05626855743e-06	0	0	0	0	0	4.05626855743e-06	0	2.02813427871e-05	2.02813427871e-05	8.11253711486e-06	0	0	0	0	0	0	0	1.62250742297e-05	5.27314912466e-05	0.000101406713936	2.02813427871e-05	0	0	4.05626855743e-06	8.11253711486e-06	2.43376113446e-05	8.11253711486e-06	4.05626855743e-06	0	0	4.05626855743e-06
1.21688056723e-05	0.000717959534665	0.00131017474405	0	4.05626855743e-06	4.05626855743e-06	8.11253711486e-06	4.05626855743e-06	1.62250742297e-05	0	0	0.00574773254588	0	0.000462414615547	2.02813427871e-05	0	8.11253711486e-06	0.00537455583859	0.00232018561485	0.0221634513978	0	0.000121688056723	6.08440283614e-05	0.000644946700631	0	0.00110330504762	0.0124243505914	0.00257978680252	2.02813427871e-05	7.30128340337e-05	4.05626855743e-05	1.62250742297e-05	8.11253711486e-06	3.24501484594e-05	0.00550435643243	0	0.000328557753152	3.24501484594e-05	0	0	0	0	0	0	0	0	0.000129800593838	0	0.000105462982493	0	0	0	2.02813427871e-05	8.11253711486e-06	3.65064170169e-05	0	0	1.62250742297e-05	1.62250742297e-05	4.05626855743e-06	0.000223094770659	0.00026771372479	0.000182532085084	0	0	4.05626855743e-06	4.05626855743e-06	0	0	1.21688056723e-05	0.000701734460435	0.00178881443383	0.00282316291597	0.000924829231094	4.46189541317e-05	6.89565654763e-05	9.73504453783e-05	1.21688056723e-05	0.000146025668067	4.05626855743e-05	4.05626855743e-06	0	0	2.02813427871e-05
0.000324501484594	0	4.05626855743e-06	0	0.00516768614216	0	0.00186993980497	0.00147242548635	0.000754465951682	0.000401570587185	0.00515957360505	0	0.0107734492885	4.05626855743e-06	0.000239319844888	4.05626855743e-05	1.21688056723e-05	0	0	0	0.0207194197913	3.24501484594e-05	2.8393879902e-05	2.8393879902e-05	0.00342349066247	0	0	0	0.00395080557494	0.000336670290267	0.000154138205182	0	0	0.000137913130953	0.000154138205182	0	0	0	0	0.0004096831243	0	3.65064170169e-05	2.43376113446e-05	4.05626855743e-06	9.32941768209e-05	0.00030016387325	0	0.000434020735645	0	4.05626855743e-06	0	0	0	0	0	0.000795028637256	4.05626855743e-06	8.11253711486e-06	0	0.000105462982493	0	0	0	5.27314912466e-05	0	0	0	0	0	0	6.49002969189e-05	0	4.86752226891e-05	1.21688056723e-05	0.000137913130953	0	0	0	0	4.05626855743e-06	0	4.05626855743e-06	0	0
0.000795028637256	0.000190644622199	0.00230801680918	0	8.11253711486e-06	4.05626855743e-06	9.32941768209e-05	0.000515146106793	0.00015819447374	0.000450245809875	1.21688056723e-05	6.08440283614e-05	5.27314912466e-05	9.32941768209e-05	0.000328557753152	3.24501484594e-05	0.00289617575	0.00139535638376	4.05626855743e-06	0.000121688056723	3.24501484594e-05	0.0398893449938	0.00134262489251	0.0238508591177	0.000932941768209	0	0.000227151039216	0.00126149952136	0.00474989048075	0.00423474437396	0.00992568916003	0	8.11253711486e-06	0.0034681096166	0.00682264371359	4.05626855743e-06	4.46189541317e-05	1.62250742297e-05	0	4.05626855743e-06	0	8.11253711486e-06	6.49002969189e-05	0	0.000255544919118	3.24501484594e-05	4.05626855743e-06	2.43376113446e-05	0	4.05626855743e-06	4.05626855743e-06	8.92379082634e-05	4.05626855743e-06	0	0	1.62250742297e-05	4.05626855743e-05	0.000320445216037	6.08440283614e-05	0.00015819447374	0	4.05626855743e-06	1.62250742297e-05	0.000121688056723	0	2.43376113446e-05	0	0	0	1.62250742297e-05	0.00176853309104	0.000685509386205	0.00272581247059	0.0010100108708	0.000174419547969	0.00015819447374	2.43376113446e-05	5.27314912466e-05	3.24501484594e-05	2.43376113446e-05	1.62250742297e-05	4.05626855743e-06	8.11253711486e-06	0
0.000235263576331	0.00211737218698	0.00158600100595	0	1.62250742297e-05	0	5.27314912466e-05	0.000413739392858	8.5181639706e-05	0.00236480456898	1.21688056723e-05	1.21688056723e-05	4.86752226891e-05	4.46189541317e-05	0.000121688056723	0	0.00354517871919	0.000231207307773	0	6.08440283614e-05	2.8393879902e-05	0.00134262489251	0.0191618126653	0.00414145019713	0.00352084110785	1.21688056723e-05	0.000186588353642	0.00404815602031	0.00208492203852	0.000823422517158	0.00149676309769	0	4.05626855743e-06	0.000790972368699	0.00219849755813	2.43376113446e-05	0.00015819447374	0.000129800593838	0	4.46189541317e-05	0	2.02813427871e-05	0.000251488650561	4.05626855743e-05	0.00124933071569	8.11253711486e-05	0	3.65064170169e-05	4.05626855743e-06	5.6787759804e-05	1.21688056723e-05	0.000547596255253	3.65064170169e-05	0	0	2.8393879902e-05	0.000397514318628	0.00325312738306	0.000592215209385	0.000632777894959	4.05626855743e-06	8.11253711486e-06	0.000296107604692	0.000795028637256	2.8393879902e-05	0.000243376113446	0	0	1.62250742297e-05	0.000174419547969	0.00086804147129	0.000434020735645	0.0010100108708	0.000373176707283	0.000109519251051	6.89565654763e-05	1.62250742297e-05	0.000271769993348	0.000154138205182	0.000121688056723	5.27314912466e-05	4.86752226891e-05	4.05626855743e-06	0
0.000799084905813	0.00158600100595	0.0174460110655	0	2.02813427871e-05	1.62250742297e-05	0.000137913130953	0.000713903266107	0.000190644622199	0.000754465951682	2.8393879902e-05	0.000296107604692	7.70691025911e-05	0.000227151039216	0.000535427449581	9.73504453783e-05	0.00642512939497	0.00858712053608	2.02813427871e-05	0.000644946700631	2.8393879902e-05	0.0238508591177	0.00414145019713	0.0712645822855	0.00109113624195	4.05626855743e-05	0.00170363279412	0.0123229438775	0.0036587542388	0.00519608002207	0.00644541073775	0	1.21688056723e-05	0.00316388947479	0.0117145035939	4.05626855743e-06	0.000361007901611	0.000150081936625	0	4.05626855743e-06	0	4.05626855743e-06	0.000113575519608	8.11253711486e-06	0.000454302078432	4.46189541317e-05	8.11253711486e-06	2.8393879902e-05	4.05626855743e-06	4.05626855743e-06	1.62250742297e-05	0.000263657456233	4.86752226891e-05	0	4.05626855743e-06	2.02813427871e-05	0.000162250742297	0.00149676309769	0.000324501484594	0.000279882530463	8.11253711486e-06	3.65064170169e-05	0.000263657456233	0.000312332678922	4.05626855743e-06	0.000109519251051	0	0	1.21688056723e-05	0.000101406713936	0.00514740479938	0.0030016387325	0.00749192802557	0.00285155679587	0.000486752226891	0.000361007901611	0.000113575519608	0.000178475816527	0.000137913130953	0.000101406713936	7.30128340337e-05	1.62250742297e-05	8.11253711486e-06	0
0.000636834163516	3.65064170169e-05	0.000117631788165	0	0.006745574611	0	0.000847760128503	0.00242159232878	0.000624665357844	0.00627099118978	0.000730128340337	4.05626855743e-06	0.00429558840232	8.11253711486e-06	0.000332614021709	6.49002969189e-05	0.00280693784174	3.65064170169e-05	0	0	0.00342349066247	0.000932941768209	0.00352084110785	0.00109113624195	0.0291077831681	0	8.11253711486e-06	0.000202813427871	0.00850193889637	0.00142780653221	0.00193889637045	0	4.05626855743e-06	0.00102623594503	0.00161439488586	4.05626855743e-06	4.05626855743e-06	0	0	0.000117631788165	0	1.21688056723e-05	0.000182532085084	2.02813427871e-05	0.000912660425421	0.000154138205182	0	0.00012574432528	0	2.02813427871e-05	4.05626855743e-06	3.65064170169e-05	0	0	0	9.73504453783e-05	4.05626855743e-05	0.000170363279412	3.65064170169e-05	0.000661171774861	0	0	8.11253711486e-06	0.000312332678922	0	2.02813427871e-05	0	0	0	1.21688056723e-05	0.000470527152662	7.70691025911e-05	0.000381289244398	0.000150081936625	0.00042590819853	2.43376113446e-05	4.05626855743e-06	2.8393879902e-05	8.11253711486e-06	1.21688056723e-05	4.05626855743e-06	1.62250742297e-05	0	0
0	0.00152110070904	0.00015819447374	0	0	0	0	0	4.05626855743e-06	0	0	0.00281910664741	0	0.00306653902942	4.05626855743e-06	0	0	0.000194700890757	0.00012574432528	0.00110330504762	0	0	1.21688056723e-05	4.05626855743e-05	0	0.0135073742962	0.00500543539987	0.00399948079762	0	4.05626855743e-06	0	0.000117631788165	0	0	0.000531371181023	0	0.000827478785715	8.11253711486e-06	0	0	0	0	0	0	0	0	0.000636834163516	0	0.000628721626401	0	0	0	3.65064170169e-05	4.46189541317e-05	0.000105462982493	0	0	4.05626855743e-06	1.21688056723e-05	0	0.00121282429867	0.000786916100141	0.000523258643908	0	0	0	1.21688056723e-05	0	0	2.02813427871e-05	6.08440283614e-05	0.000247432382003	0.000352895364496	7.70691025911e-05	8.11253711486e-06	1.62250742297e-05	2.43376113446e-05	2.02813427871e-05	0.000628721626401	0.000190644622199	8.11253711486e-06	0	0	0.000133856862395
1.62250742297e-05	0.0037155419986	0.0100838836338	0	4.05626855743e-06	0	1.21688056723e-05	4.05626855743e-06	2.02813427871e-05	8.11253711486e-06	0	0.0116455470284	0	0.00636428536661	4.46189541317e-05	4.05626855743e-06	5.27314912466e-05	0.00653059237746	0.00255139292262	0.0124243505914	0	0.000227151039216	0.000186588353642	0.00170363279412	8.11253711486e-06	0.00500543539987	0.069500105463	0.0228611295897	2.8393879902e-05	0.000101406713936	6.08440283614e-05	0.00162250742297	8.11253711486e-06	6.08440283614e-05	0.00539078091282	0	0.00184965846219	0.000166307010855	0	0	0	0	4.05626855743e-06	0	4.05626855743e-06	0	0.000592215209385	0	0.000478639689777	0	0	1.21688056723e-05	0.000170363279412	2.8393879902e-05	0.000182532085084	0	2.43376113446e-05	8.5181639706e-05	7.30128340337e-05	1.21688056723e-05	0.000969448185225	0.00109113624195	0.000880210276962	1.62250742297e-05	0	1.21688056723e-05	8.11253711486e-06	0	0	7.30128340337e-05	0.000985673259455	0.00314360813201	0.00371959826716	0.00127772459559	6.08440283614e-05	0.000101406713936	0.000113575519608	6.49002969189e-05	0.000738240877452	0.000235263576331	2.8393879902e-05	4.05626855743e-06	0	8.5181639706e-05
8.11253711486e-05	0.0102866970616	0.0140306329401	0	0	4.05626855743e-06	4.05626855743e-06	6.89565654763e-05	2.02813427871e-05	0.000121688056723	0	0.00183343338796	0	0.00271364366492	4.46189541317e-05	1.62250742297e-05	0.00337481543978	0.00240536725456	0.000129800593838	0.00257978680252	0	0.00126149952136	0.00404815602031	0.0123229438775	0.000202813427871	0.00399948079762	0.0228611295897	0.0660482209206	0.000543539986695	0.000247432382003	0.000494864764006	0.000438077004202	4.05626855743e-06	0.000210925964986	0.0037926111012	4.05626855743e-06	0.0020768095014	0.000320445216037	0	0	0	4.05626855743e-06	1.62250742297e-05	8.11253711486e-06	8.5181639706e-05	8.11253711486e-06	0.000235263576331	0	0.000137913130953	8.11253711486e-06	0	0.000174419547969	0.000178475816527	0	0.000101406713936	0	0.000154138205182	0.00110330504762	0.000377232975841	5.27314912466e-05	0.000365064170169	0.00056787759804	0.00102623594503	0.000121688056723	8.11253711486e-06	7.30128340337e-05	8.11253711486e-06	0	8.11253711486e-06	0.000113575519608	0.0016103386173	0.00246215501436	0.00293673843558	0.00107085489916	9.73504453783e-05	0.000117631788165	6.49002969189e-05	0.000117631788165	0.000502977301121	0.000186588353642	5.6787759804e-05	4.05626855743e-06	4.05626855743e-06	2.02813427871e-05
0.00124121817857	2.8393879902e-05	0.000275826261905	0	0.00453085197865	0	0.00113981146464	0.0109113624195	0.0010100108708	0.00167523891422	0.00213765352976	8.11253711486e-06	0.00157788846884	1.21688056723e-05	0.000559765060925	3.65064170169e-05	0.0030300326124	8.92379082634e-05	0	2.02813427871e-05	0.00395080557494	0.00474989048075	0.00208492203852	0.0036587542388	0.00850193889637	0	2.8393879902e-05	0.000543539986695	0.0390172472539	0.00234857949475	0.00547190628397	0	8.11253711486e-06	0.00145214414356	0.00284750052731	1.21688056723e-05	8.11253711486e-06	4.05626855743e-06	0	9.32941768209e-05	0	3.24501484594e-05	0.000202813427871	0	0.000855872665617	0.00014196939951	0	0.000113575519608	0	2.43376113446e-05	8.11253711486e-06	7.30128340337e-05	0	0	0	5.6787759804e-05	2.8393879902e-05	0.000275826261905	3.65064170169e-05	0.000620609089287	0	0	4.05626855743e-06	0.00028393879902	0	8.11253711486e-06	0	0	0	2.02813427871e-05	0.000661171774861	0.000117631788165	0.000754465951682	0.000251488650561	0.000275826261905	3.65064170169e-05	0	5.6787759804e-05	4.05626855743e-06	2.8393879902e-05	2.02813427871e-05	2.43376113446e-05	0	0
0.0111912449499	1.62250742297e-05	0.000365064170169	0	0.000178475816527	0.000458358346989	0.0048594097318	0.00318011454902	0.00904142261451	0.00110736131618	0.000385345512956	0.000251488650561	0.00103434848214	0.000434020735645	0.0178800318011	0.000109519251051	0.000507033569679	0.0010384047507	0	7.30128340337e-05	0.000336670290267	0.00423474437396	0.000823422517158	0.00519608002207	0.00142780653221	4.05626855743e-06	0.000101406713936	0.000247432382003	0.00234857949475	0.0505289374199	0.0116942222511	0	0.00175636428537	0.0138805510035	0.0181031265718	0	0	0	0	7.70691025911e-05	0	4.46189541317e-05	0.000182532085084	8.11253711486e-06	0.000734184608895	9.32941768209e-05	0	8.92379082634e-05	0	1.62250742297e-05	8.11253711486e-06	1.21688056723e-05	0	0	0	4.86752226891e-05	4.46189541317e-05	0.000121688056723	1.21688056723e-05	0.000511089838236	0	0	0	0.000206869696429	4.05626855743e-06	3.24501484594e-05	0	0	0	1.21688056723e-05	0.0028109941103	0.000446189541317	0.00660360521149	0.00194700890757	0.000872097739847	0.000819366248601	8.92379082634e-05	6.89565654763e-05	8.11253711486e-06	2.8393879902e-05	2.02813427871e-05	2.02813427871e-05	0	0
0.00544351240407	6.08440283614e-05	0.000847760128503	0	0.000105462982493	0	0.000612496552172	0.00720798922655	0.000811253711486	0.00139941265231	0.000137913130953	3.24501484594e-05	0.000287995067577	6.08440283614e-05	0.00145214414356	3.65064170169e-05	0.000892379082634	0.00042590819853	4.05626855743e-06	4.05626855743e-05	0.000154138205182	0.00992568916003	0.00149676309769	0.00644541073775	0.00193889637045	0	6.08440283614e-05	0.000494864764006	0.00547190628397	0.0116942222511	0.0366321613421	0	8.11253711486e-06	0.0069078253533	0.0097756072234	4.05626855743e-06	8.11253711486e-06	4.05626855743e-06	0	9.73504453783e-05	0	2.8393879902e-05	0.000235263576331	4.05626855743e-06	0.000782859831584	0.000109519251051	0	4.86752226891e-05	0	2.43376113446e-05	8.11253711486e-06	2.43376113446e-05	0	0	0	5.6787759804e-05	6.89565654763e-05	0.000235263576331	3.65064170169e-05	0.000527314912466	0	0	0	0.000271769993348	8.11253711486e-06	4.86752226891e-05	0	0	0	2.02813427871e-05	0.00186993980497	0.00044213327276	0.00245404247724	0.000786916100141	0.000259601187675	0.000150081936625	2.02813427871e-05	6.89565654763e-05	1.21688056723e-05	1.62250742297e-05	0	1.21688056723e-05	0	0
0	0	8.11253711486e-06	0	0	0	0	0	0	0	0	0.000941054305323	0	0.00284344425876	0	0	0	4.05626855743e-06	1.21688056723e-05	1.62250742297e-05	0	0	0	0	0	0.000117631788165	0.00162250742297	0.000438077004202	0	0	0	0.00328963380007	0	0	2.8393879902e-05	0	8.11253711486e-06	0	0	0	0	0	0	0	0	0	1.62250742297e-05	0	2.8393879902e-05	0	0	0	0	0	4.05626855743e-06	0	0	0	0	0	1.62250742297e-05	8.11253711486e-06	1.21688056723e-05	0	0	0	0	0	0	0	8.11253711486e-06	8.11253711486e-06	2.02813427871e-05	4.05626855743e-06	0	0	0	0	2.43376113446e-05	0	0	0	0	4.05626855743e-06
1.21688056723e-05	0	4.05626855743e-06	0	0	0.00121282429867	0.00167929518278	4.05626855743e-06	0.00261629321954	0	4.05626855743e-06	3.24501484594e-05	4.05626855743e-06	4.05626855743e-05	0.00263251829377	4.05626855743e-06	8.11253711486e-06	4.05626855743e-06	0	8.11253711486e-06	0	8.11253711486e-06	4.05626855743e-06	1.21688056723e-05	4.05626855743e-06	0	8.11253711486e-06	4.05626855743e-06	8.11253711486e-06	0.00175636428537	8.11253711486e-06	0	0.00605195268768	1.62250742297e-05	0.000823422517158	0	0	0	0	0	0	0	0	0	8.11253711486e-06	4.05626855743e-06	0	0	0	0	0	0	0	0	0	0	0	0	0	4.05626855743e-06	0	0	0	0	0	0	0	0	0	0	1.21688056723e-05	2.02813427871e-05	0.000194700890757	4.86752226891e-05	8.11253711486e-06	0.000162250742297	0	0	0	0	0	0	0	0
0.00348433469083	2.02813427871e-05	0.000312332678922	0	6.08440283614e-05	4.05626855743e-06	0.000620609089287	0.00128178086415	0.000876154008405	0.000807197442928	0.000117631788165	2.8393879902e-05	0.00028393879902	0.000113575519608	0.00171174533123	6.08440283614e-05	0.000454302078432	0.000182532085084	4.05626855743e-06	3.24501484594e-05	0.000137913130953	0.0034681096166	0.000790972368699	0.00316388947479	0.00102623594503	0	6.08440283614e-05	0.000210925964986	0.00145214414356	0.0138805510035	0.0069078253533	0	1.62250742297e-05	0.0181518017945	0.0121039053754	0	4.05626855743e-06	0	0	3.65064170169e-05	0	2.02813427871e-05	9.32941768209e-05	0	0.000470527152662	5.27314912466e-05	0	2.8393879902e-05	0	8.11253711486e-06	4.05626855743e-06	2.8393879902e-05	0	0	0	2.43376113446e-05	4.05626855743e-05	9.73504453783e-05	1.62250742297e-05	0.000292051336135	0	0	0	0.000137913130953	0	2.43376113446e-05	0	0	0	1.62250742297e-05	0.00222283516947	0.000292051336135	0.00369526065582	0.00116414907598	0.000365064170169	0.000259601187675	3.65064170169e-05	4.86752226891e-05	0	2.02813427871e-05	1.62250742297e-05	1.21688056723e-05	0	0
0.00337481543978	0.000961335648111	0.00550841270099	0	8.11253711486e-05	0.000251488650561	0.00208086576996	0.00166307010855	0.00307465156653	0.00128989340126	0.000182532085084	0.00638456670939	0.000324501484594	0.00178881443383	0.00504194181688	0.000231207307773	0.00126555578992	0.00641296058929	0.000174419547969	0.00550435643243	0.000154138205182	0.00682264371359	0.00219849755813	0.0117145035939	0.00161439488586	0.000531371181023	0.00539078091282	0.0037926111012	0.00284750052731	0.0181031265718	0.0097756072234	2.8393879902e-05	0.000823422517158	0.0121039053754	0.0588605130368	4.05626855743e-06	0.000385345512956	7.30128340337e-05	0	4.05626855743e-05	0	4.05626855743e-06	0.000198757159314	0	0.000689565654763	6.49002969189e-05	5.6787759804e-05	3.24501484594e-05	4.05626855743e-05	8.11253711486e-06	8.11253711486e-06	8.92379082634e-05	4.46189541317e-05	0	2.02813427871e-05	3.65064170169e-05	0.000105462982493	0.000474583421219	0.000109519251051	0.000393458050071	8.92379082634e-05	0.00014196939951	0.000162250742297	0.00028393879902	0	6.49002969189e-05	0	0	8.11253711486e-06	7.30128340337e-05	0.0100838836338	0.00490808495449	0.0247229568575	0.00840053218243	0.00146431294923	0.00203624681583	0.000563821329483	0.000182532085084	0.000154138205182	9.73504453783e-05	6.08440283614e-05	3.24501484594e-05	0	1.21688056723e-05
0	0	0	0	0	0	4.05626855743e-06	4.05626855743e-06	4.05626855743e-06	2.02813427871e-05	0	0	0	0	0	0	4.05626855743e-06	0	0	0	0	4.05626855743e-06	2.43376113446e-05	4.05626855743e-06	4.05626855743e-06	0	0	4.05626855743e-06	1.21688056723e-05	0	4.05626855743e-06	0	0	0	4.05626855743e-06	0.0125135884997	0	8.11253711486e-06	0	5.27314912466e-05	0	0.00058410267227	0.00401570587185	0.00182126458229	0.000202813427871	0.00170363279412	0	0.00015819447374	0	0.00582480164847	0.00014196939951	4.05626855743e-05	1.62250742297e-05	0	0	4.86752226891e-05	8.92379082634e-05	4.46189541317e-05	7.70691025911e-05	0.000438077004202	0	0	1.62250742297e-05	0.000665228043418	0.00407249363166	0.000287995067577	0	8.11253711486e-06	8.11253711486e-06	0.000137913130953	8.11253711486e-06	0	0	0	0	0	0	0.000531371181023	4.86752226891e-05	0.000223094770659	8.92379082634e-05	0.000644946700631	2.43376113446e-05	0
0	0.00225528531793	0.00115198027031	0	0	0	0	0	0	4.05626855743e-06	0	0.000210925964986	0	6.89565654763e-05	0	0	8.11253711486e-06	0.000385345512956	1.21688056723e-05	0.000328557753152	0	4.46189541317e-05	0.00015819447374	0.000361007901611	4.05626855743e-06	0.000827478785715	0.00184965846219	0.0020768095014	8.11253711486e-06	0	8.11253711486e-06	8.11253711486e-06	0	4.05626855743e-06	0.000385345512956	0	0.0194619765385	0.00245404247724	0	0	0	0	2.02813427871e-05	0	4.05626855743e-05	0	0.0004096831243	0	0.000239319844888	8.11253711486e-06	4.05626855743e-06	0.000247432382003	0.00129394966982	4.46189541317e-05	0.000555708792368	0	0.000393458050071	0.00178475816527	0.00116414907598	2.8393879902e-05	0.00122499310434	0.00345594081093	0.00941459932179	6.08440283614e-05	1.62250742297e-05	0.000121688056723	4.05626855743e-06	0	2.8393879902e-05	0.000559765060925	0.000113575519608	0.000417795661415	0.000279882530463	0.000109519251051	1.62250742297e-05	1.21688056723e-05	8.11253711486e-06	0.000657115506303	0.00217415994678	0.00117631788165	0.000381289244398	2.02813427871e-05	1.62250742297e-05	2.02813427871e-05
0	0.000381289244398	0.00026771372479	0	0	0	0	0	0	8.11253711486e-06	0	0	0	4.05626855743e-06	0	0	4.05626855743e-06	7.30128340337e-05	4.05626855743e-06	3.24501484594e-05	0	1.62250742297e-05	0.000129800593838	0.000150081936625	0	8.11253711486e-06	0.000166307010855	0.000320445216037	4.05626855743e-06	0	4.05626855743e-06	0	0	0	7.30128340337e-05	8.11253711486e-06	0.00245404247724	0.0249947268509	0	0	0	1.21688056723e-05	0.000137913130953	1.21688056723e-05	4.05626855743e-05	2.8393879902e-05	0.000121688056723	8.11253711486e-06	3.24501484594e-05	1.62250742297e-05	1.62250742297e-05	0.000474583421219	0.00580857657424	4.05626855743e-06	0.00083559132283	0	0.00210925964986	0.00102623594503	0.00831129427417	3.24501484594e-05	3.65064170169e-05	0.00412116885435	0.0105787483978	0.000255544919118	9.32941768209e-05	0.000750409683124	0	0	0.000101406713936	0.00204030308439	4.46189541317e-05	8.92379082634e-05	4.46189541317e-05	2.8393879902e-05	8.11253711486e-06	4.05626855743e-06	0	0.00167523891422	0.0030584264923	0.00214982233544	0.000774747294469	5.27314912466e-05	2.43376113446e-05	4.05626855743e-06
0	0	0	0	0	0	0	0	0	0	0	0	0	0	0	0	0	0	0	0	0	0	0	0	0	0	0	0	0	0	0	0	0	0	0	0	0	0	0	0	0	0	0	0	0	0	0	0	0	0	0	0	0	0	0	0	0	0	0	0	0	0	0	0	0	0	0	0	0	0	0	0	0	0	0	0	0	0	0	0	0	0	0	0
