0.0126440644036	3.57479909629e-05	0.000225212343066	0	2.5023593674e-05	0	0.0001930391512	0.00493322275288	0.00340320873967	0.000232361941259	0.000682786627392	1.07243972889e-05	0	0	0.00870106100037	0	3.57479909629e-06	0.00044327508794	3.57479909629e-06	0.000507621471673	3.57479909629e-05	2.85983927703e-05	0.000210913146681	6.79211828295e-05	0.00107601452798	0	9.65195755999e-05	0.000110818771985	0.00277404409872	0.00492607315469	0.00410744416164	0	1.42991963852e-05	0.000150141562044	0.000554093859925	0	5.00471873481e-05	0	0	3.57479909629e-06	0	0	0	3.57479909629e-06	0	0	0	0	3.57479909629e-06	3.57479909629e-06	0	3.57479909629e-06	0	0	1.07243972889e-05	0	0.000100094374696	0.000142991963852	7.86455801184e-05	3.57479909629e-06	7.14959819258e-06	3.21731918666e-05	5.71967855407e-05	5.00471873481e-05	3.57479909629e-06	3.57479909629e-06	0	0	0	2.14487945777e-05	5.00471873481e-05	3.57479909629e-06	0.000804329796665	0.000171590356622	0	2.14487945777e-05	0	7.50707810221e-05	2.85983927703e-05	7.14959819258e-05	1.07243972889e-05	3.57479909629e-06	3.21731918666e-05	0
3.57479909629e-05	0.0210448422799	0.00244873738096	0	0.000604141047273	0	0	3.93227900592e-05	3.21731918666e-05	0.00746775531215	1.42991963852e-05	1.07243972889e-05	0	0.000239511539451	6.43463837332e-05	0	0.000160865959333	0.000461149083422	1.07243972889e-05	0.000278834329511	0	0.000178739954815	0.00865101381302	0.000175165155718	0.00656333114079	0.00102239254154	0.00181242314182	0.0153859353104	0.000200188749392	0	3.21731918666e-05	0	0	0	0.000643463837332	3.57479909629e-06	0.00860811622387	0.000561243458118	0	2.5023593674e-05	0	0	0	1.42991963852e-05	6.79211828295e-05	0	0	3.57479909629e-05	0.000100094374696	1.07243972889e-05	0	1.07243972889e-05	0.000196613950296	1.07243972889e-05	0.000518345868962	2.85983927703e-05	2.5023593674e-05	9.65195755999e-05	0.00012511796837	8.22203792147e-05	0.00044327508794	0.000654188234621	0.00767151886064	1.78739954815e-05	1.42991963852e-05	1.78739954815e-05	7.14959819258e-06	7.14959819258e-06	7.14959819258e-06	0.000493322275288	0.000525495467155	7.86455801184e-05	0.00119398289816	6.43463837332e-05	0	1.07243972889e-05	0.000235936740355	0.000268109932222	1.78739954815e-05	0.000972345354191	0.000407527096977	1.78739954815e-05	4.64723882518e-05	3.57479909629e-06
0.000225212343066	0.00244873738096	0.0421147081534	0	6.79211828295e-05	0	0	0.00102596734064	0.000307432722281	0.000343180713244	1.07243972889e-05	0.000275259530414	0	0	0.000747133011125	3.93227900592e-05	0.000200188749392	0.0118290102096	0.000185889553007	0.0027919180942	0	0.00148711642406	0.00041467669517	0.0121686161238	0.000232361941259	0	0.00692796064861	0.0124117024623	0.00187319472646	3.93227900592e-05	0.00140847084394	0	3.57479909629e-06	0	0.00106529013069	3.57479909629e-06	0.00427545971916	0.00412174335802	0	0.000271684731318	0	0	0	5.00471873481e-05	0.000160865959333	0	7.14959819258e-06	0.00031815711957	1.78739954815e-05	1.07243972889e-05	1.07243972889e-05	0.00012511796837	0.000571967855407	1.78739954815e-05	0.000661337832814	0.000314582320474	0.000110818771985	0.000303857923185	0.000765007006606	0.000464723882518	2.85983927703e-05	0.00203048588669	0.004529270455	4.64723882518e-05	4.64723882518e-05	7.14959819258e-06	0	2.5023593674e-05	0	0.000918723367747	0.00373566505562	0.00106886492979	0.00248448537192	0.000228787142163	0	3.57479909629e-05	1.07243972889e-05	0.00182314753911	0.000107243972889	0.00193754111019	0.00122973088912	1.78739954815e-05	0.0001930391512	3.57479909629e-06
0	0	0	0	0	0	0	0	0	0	0	0	0	0	0	0	0	0	0	0	0	0	0	0	0	0	0	0	0	0	0	0	0	0	0	0	0	0	0	0	0	0	0	0	0	0	0	0	0	0	0	0	0	0	0	0	0	0	0	0	0	0	0	0	0	0	0	0	0	0	0	0	0	0	0	0	0	0	0	0	0	0	0	0
2.5023593674e-05	0.000604141047273	6.79211828295e-05	0	0.0189500100094	3.21731918666e-05	0.000890124974976	0.000893699774073	0.000486172677096	0.00568035576401	0.00297423284811	0.000121543169274	0.00253453255927	3.21731918666e-05	0.000185889553007	0.00164798238339	7.86455801184e-05	2.85983927703e-05	8.22203792147e-05	8.93699774073e-05	0.00303142963365	1.07243972889e-05	0.000704235421969	2.5023593674e-05	0.00884405296422	0	7.50707810221e-05	0.00076143220751	0.00541582063088	0.00031815711957	0	0	6.07715846369e-05	0.000142991963852	0.000268109932222	0	6.79211828295e-05	1.42991963852e-05	0	0.00228072182343	5.00471873481e-05	0.000704235421969	7.14959819258e-06	0.000296708324992	0.000868676180399	7.14959819258e-06	0.000153716361141	0.0029849572454	6.79211828295e-05	0.000210913146681	2.85983927703e-05	3.57479909629e-06	1.42991963852e-05	4.28975891555e-05	4.64723882518e-05	0.00351760231075	1.07243972889e-05	1.07243972889e-05	2.14487945777e-05	0.00148354162496	7.14959819258e-06	8.5795178311e-05	5.00471873481e-05	2.5023593674e-05	0.000800754997569	0	0	1.07243972889e-05	0	0.00144064403581	0.000332456315955	0.000139417164755	0.000818628993051	0.000754282609317	0.000529070266251	0.000232361941259	0	0.0002895587268	4.28975891555e-05	0.000725684216547	0.000225212343066	0.000114393571081	4.28975891555e-05	3.57479909629e-06
0	0	0	0	3.21731918666e-05	0.0052013326851	0.00199473789573	0.000139417164755	0.00130837646924	1.07243972889e-05	0.000307432722281	0	0.000203763548489	0	0.000164440758429	0.00118683329997	0	0	0	0	0.00022163754397	0	0	0	1.42991963852e-05	0	0	0	3.57479909629e-05	1.07243972889e-05	0	0	0.00174807675809	3.57479909629e-06	0.000389653101496	0	0	0	0	0	0	0	0	0	0	0	0	0	0	0	0	0	0	0	0	0	0	0	0	0	0	0	0	0	0	0	0	0	0	3.57479909629e-06	8.93699774073e-05	0	0.000107243972889	1.78739954815e-05	0.00107601452798	0.00283481568336	0	0	0	0	0	0	0	0
0.0001930391512	0	0	0	0.000890124974976	0.00199473789573	0.0408206308805	0.0100952326479	0.0129264735322	0.000436125489747	0.0213987473904	0.000303857923185	0.0140132124575	8.5795178311e-05	0.000829353390339	0.00219492664512	0	1.07243972889e-05	0.000164440758429	2.5023593674e-05	0.00739268453113	0	0	3.57479909629e-06	0.000368204306918	0	3.93227900592e-05	0	0.00290988646438	0.000353905110533	7.14959819258e-06	0	0.00138702204936	2.14487945777e-05	0.000196613950296	0	0	0	0	3.57479909629e-06	0	3.57479909629e-06	0	0	2.14487945777e-05	0	0	0	0	3.57479909629e-06	3.57479909629e-06	0	0	0	0	0	0	0	0	1.07243972889e-05	0	0	0	0	7.14959819258e-06	0	0	0	0	7.14959819258e-06	0.000371779106014	0	0.00183744673549	0.00079003060028	0.000689936225584	0.00283124088426	0	1.42991963852e-05	0	0	0	1.42991963852e-05	0	0
0.00493322275288	3.93227900592e-05	0.00102596734064	0	0.000893699774073	0.000139417164755	0.0100952326479	0.0774694712157	0.0184531129351	0.00225927302886	0.0308004690136	0.000482597877999	0.0019232419138	7.14959819258e-06	0.0176309091429	0.000407527096977	4.64723882518e-05	0.0023164698144	0.000218062744874	0.00204121028398	0.00123330568822	0.00170875396803	0.000453999485229	0.00265607572854	0.00291703606257	0	0.00066491263191	0.000643463837332	0.0343144965253	0.00724969256728	0.0103454685847	0	0.000185889553007	0.00103669173792	0.003081476821	0	0.000107243972889	0	0	0.0029849572454	0	2.5023593674e-05	0	5.00471873481e-05	0.00287056367432	0	1.78739954815e-05	0.000525495467155	7.14959819258e-06	0.000178739954815	0.000196613950296	0.000225212343066	0	1.07243972889e-05	2.85983927703e-05	0.000579117453599	0.00031815711957	0.000453999485229	0.00041467669517	0.00398590099236	3.57479909629e-06	7.86455801184e-05	0.000107243972889	0.000536219864444	0.000486172677096	3.57479909629e-06	0	1.07243972889e-05	0	0.000800754997569	0.00051119627077	7.14959819258e-05	0.00715674779077	0.00504046672577	9.29447765036e-05	0.00179097434724	0	0.000432550690651	6.79211828295e-05	0.000428975891555	4.64723882518e-05	0.000396802699688	0.000142991963852	0
0.00340320873967	3.21731918666e-05	0.000307432722281	0	0.000486172677096	0.00130837646924	0.0129264735322	0.0184531129351	0.0477199931364	0.000936597363228	0.0196828438242	0.001447793634	0.00445062487488	0.000321731918666	0.0203584808534	0.000765007006606	6.79211828295e-05	0.000904424171362	0.000775731403895	0.00162295878972	0.00570180455858	0.000307432722281	0.000611290645466	0.000218062744874	0.00104026653702	0	0.000278834329511	0.000196613950296	0.00700660622873	0.00402522378242	0.00126547888009	0	0.00120828209455	5.36219864444e-05	0.00277046929963	0	8.22203792147e-05	0	0	0.000164440758429	0	0	0	1.07243972889e-05	0.000178739954815	0	1.07243972889e-05	0.000121543169274	1.07243972889e-05	3.93227900592e-05	3.57479909629e-06	0.000218062744874	0	7.14959819258e-06	1.78739954815e-05	0.000175165155718	0.000400377498785	0.000582692252695	0.000468298681614	0.00025023593674	1.42991963852e-05	5.71967855407e-05	8.22203792147e-05	8.5795178311e-05	0.000114393571081	7.14959819258e-06	0	1.07243972889e-05	0	0.000253810735837	0.000654188234621	1.07243972889e-05	0.00560885978208	0.00230217061801	0.00053979466354	0.00295993365173	0	0.000142991963852	2.85983927703e-05	0.000314582320474	2.85983927703e-05	7.14959819258e-06	0.000171590356622	0
0.000232361941259	0.00746775531215	0.000343180713244	0	0.00568035576401	1.07243972889e-05	0.000436125489747	0.00225927302886	0.000936597363228	0.0455929876741	0.00142991963852	0.000718534618354	0.00445777447307	0.000296708324992	0.00112248691624	0.00445419967398	0.00372136585924	0.000150141562044	0.000561243458118	0.000614865444562	0.00091514856865	0.000682786627392	0.0183244201676	0.000725684216547	0.025727829096	0.000743558212028	0.00123330568822	0.00775016444076	0.0121364429319	0.000657763033718	0.000135842365659	0	0.000150141562044	1.42991963852e-05	0.00102596734064	1.07243972889e-05	0.000432550690651	5.71967855407e-05	0	0.00234149340807	1.42991963852e-05	1.78739954815e-05	0	0.000260960334029	0.00885120256242	0	0.00031815711957	0.000464723882518	0.000146566762948	0.000210913146681	0.000311007521377	0.00287056367432	7.50707810221e-05	0.000353905110533	0.000207338347585	0.00031815711957	0.00181957274001	0.00884405296422	0.00370349186376	0.00472945920439	0.000132267566563	0.000925872965939	0.000450424686133	0.00273829610776	0.00146566762948	4.64723882518e-05	0	8.22203792147e-05	0	0.00445062487488	0.00242371378729	0.00114393571081	0.00222709983699	0.00143706923671	0.00139774644665	0.000536219864444	0.000278834329511	0.00393585380502	0.000736408613836	0.00367846827008	0.000797180198473	0.00137272285298	0.000958046157806	3.57479909629e-06
0.000682786627392	1.42991963852e-05	1.07243972889e-05	0	0.00297423284811	0.000307432722281	0.0213987473904	0.0308004690136	0.0196828438242	0.00142991963852	0.0681177967798	0.00232361941259	0.0101274058398	3.93227900592e-05	0.00697443303686	0.000457574284325	0	0.000407527096977	0.00142634483942	0.00169445477164	0.0109674836274	7.14959819258e-06	0.000117968370178	3.57479909629e-06	0.000997368947865	0	0.000260960334029	0.000114393571081	0.0105563817313	0.00447922326765	6.07715846369e-05	0	0.000311007521377	0.000489747476192	0.00370349186376	3.57479909629e-06	1.78739954815e-05	3.57479909629e-06	0	0.00265250092945	0	1.42991963852e-05	3.57479909629e-06	3.57479909629e-06	0.00257743014843	0	0	0.000246661137644	0	2.5023593674e-05	0.000189464352103	7.14959819258e-05	0	0	0	0.0001930391512	0.000117968370178	0.000132267566563	0.000117968370178	0.00287413847342	3.57479909629e-06	1.07243972889e-05	1.07243972889e-05	0.000507621471673	3.93227900592e-05	3.57479909629e-06	0	0	0	7.14959819258e-05	0.000747133011125	6.43463837332e-05	0.00687076386307	0.00336388594961	0.000168015557526	0.00265607572854	0	7.50707810221e-05	7.14959819258e-06	4.64723882518e-05	7.14959819258e-06	0.000403952297881	3.57479909629e-06	0
1.07243972889e-05	1.07243972889e-05	0.000275259530414	0	0.000121543169274	0	0.000303857923185	0.000482597877999	0.001447793634	0.000718534618354	0.00232361941259	0.0324305774016	0.00124045528641	0.00254883175566	0.000779306202991	2.85983927703e-05	1.07243972889e-05	0.00131552606744	0.0121149941373	0.0113392627334	0.00205550948037	0.000246661137644	3.57479909629e-05	0.000239511539451	0.000275259530414	0.000182314753911	0.00647038636429	0.000800754997569	0.000518345868962	0.00184817113278	4.64723882518e-05	0.000339605914148	7.86455801184e-05	0	0.0108066176681	0	0.000153716361141	1.78739954815e-05	0	0.000110818771985	0	0	0	0.000153716361141	0.000479023078903	3.57479909629e-06	0.000453999485229	0.000311007521377	0.000689936225584	8.22203792147e-05	0.000132267566563	1.42991963852e-05	3.21731918666e-05	0.000389653101496	0.000128692767466	0.000314582320474	2.14487945777e-05	3.57479909629e-05	5.00471873481e-05	0.000207338347585	0.000300283124088	0.000775731403895	0.000218062744874	4.64723882518e-05	0.000986644550576	3.57479909629e-06	0	1.07243972889e-05	0	0.00117610890268	0.00436125489747	0.00505476592216	0.0187283724655	0.00149069122315	0.000185889553007	0.000411101896073	0.00122258129093	0.00130837646924	0.000461149083422	0.000897274573169	0.000203763548489	8.5795178311e-05	0.000135842365659	2.85983927703e-05
0	0	0	0	0.00253453255927	0.000203763548489	0.0140132124575	0.0019232419138	0.00445062487488	0.00445777447307	0.0101274058398	0.00124045528641	0.0315154288329	7.50707810221e-05	0.000507621471673	0.00374638945291	0	0.000164440758429	0.000768581805703	0.000743558212028	0.0141133068322	0	1.42991963852e-05	3.57479909629e-06	0.00284554008065	0	7.86455801184e-05	2.85983927703e-05	0.00166943117797	0.000786455801184	0	0	0.000550519060829	1.07243972889e-05	0.00136199845569	0	0	0	0	0.000350330311436	0	3.57479909629e-06	0	0	0.000804329796665	0	0	3.21731918666e-05	0	3.57479909629e-06	7.14959819258e-06	0	0	0	0	1.07243972889e-05	0	2.5023593674e-05	0	0.000368204306918	3.57479909629e-06	3.57479909629e-06	3.57479909629e-06	4.64723882518e-05	1.78739954815e-05	0	0	0	0	1.78739954815e-05	0.000303857923185	3.57479909629e-06	0.00273829610776	0.000854376984013	0.000868676180399	0.00129407727286	0	0.000214487945777	3.57479909629e-06	2.5023593674e-05	2.5023593674e-05	0.000432550690651	3.57479909629e-06	0
0	0.000239511539451	0	0	3.21731918666e-05	0	8.5795178311e-05	7.14959819258e-06	0.000321731918666	0.000296708324992	3.93227900592e-05	0.00254883175566	7.50707810221e-05	0.0136414333514	0.000396802699688	7.14959819258e-06	0	0	0.000246661137644	3.57479909629e-06	7.14959819258e-05	0	0.000271684731318	1.07243972889e-05	0.000264535133126	0.00451497125862	0.000900849372265	0.00244158778277	1.42991963852e-05	6.07715846369e-05	3.57479909629e-06	0.000303857923185	6.79211828295e-05	0	0.000514771069866	0	0.000121543169274	0	0	0	0	0	0	3.57479909629e-06	3.93227900592e-05	0	0.000457574284325	0	0.00483312837819	7.14959819258e-06	0	3.57479909629e-06	3.57479909629e-06	7.14959819258e-06	1.42991963852e-05	0	0	3.93227900592e-05	3.57479909629e-06	3.57479909629e-05	0.00306360282552	0.000275259530414	0.000600566248177	0	1.07243972889e-05	7.14959819258e-06	0.000164440758429	0	0	3.21731918666e-05	0.000114393571081	0.00213772985958	0.00153716361141	0.000128692767466	3.57479909629e-06	0.000386078302399	0.00190536791832	5.71967855407e-05	0.00104026653702	0.000107243972889	6.07715846369e-05	0	0	0.000260960334029
0.00870106100037	6.43463837332e-05	0.000747133011125	0	0.000185889553007	0.000164440758429	0.000829353390339	0.0176309091429	0.0203584808534	0.00112248691624	0.00697443303686	0.000779306202991	0.000507621471673	0.000396802699688	0.0412424571739	3.21731918666e-05	5.36219864444e-05	0.00134054966111	0.000314582320474	0.00131910086653	0.00107601452798	0.000264535133126	0.000386078302399	0.000339605914148	0.000882975376784	0	0.000389653101496	0.000457574284325	0.00608430806189	0.00906569050819	0.00403594817971	0	0.00145851803129	8.22203792147e-05	0.00278119369691	0	0.000128692767466	0	0	6.79211828295e-05	0	0	0	3.57479909629e-05	0.000428975891555	0	5.71967855407e-05	0.000132267566563	1.42991963852e-05	1.42991963852e-05	2.14487945777e-05	5.00471873481e-05	7.14959819258e-06	7.86455801184e-05	5.71967855407e-05	0.000142991963852	0.00022163754397	0.000303857923185	0.000228787142163	0.000117968370178	1.42991963852e-05	0.0001930391512	0.000135842365659	7.86455801184e-05	0.000150141562044	7.14959819258e-06	0	3.57479909629e-06	0	0.000361054708725	0.000654188234621	8.93699774073e-05	0.00495467154746	0.00115108530901	0.000307432722281	0.00105456573341	0	0.000657763033718	0.000110818771985	0.000457574284325	8.22203792147e-05	3.57479909629e-05	0.000182314753911	0
0	0	3.93227900592e-05	0	0.00164798238339	0.00118683329997	0.00219492664512	0.000407527096977	0.000765007006606	0.00445419967398	0.000457574284325	2.85983927703e-05	0.00374638945291	7.14959819258e-06	3.21731918666e-05	0.00921225727114	3.21731918666e-05	3.57479909629e-06	4.28975891555e-05	1.07243972889e-05	0.000479023078903	7.14959819258e-06	6.79211828295e-05	2.85983927703e-05	0.00267752452312	0	3.21731918666e-05	1.42991963852e-05	0.000739983412932	7.14959819258e-06	3.57479909629e-06	0	6.79211828295e-05	3.57479909629e-06	7.14959819258e-05	0	3.57479909629e-06	1.78739954815e-05	0	0.000228787142163	0	0	0	0	0.000400377498785	0	0	1.07243972889e-05	0	3.57479909629e-06	7.14959819258e-06	1.42991963852e-05	0	0	3.57479909629e-06	7.14959819258e-06	2.14487945777e-05	6.79211828295e-05	1.78739954815e-05	0.000246661137644	0	2.14487945777e-05	0	7.86455801184e-05	3.57479909629e-06	0	0	0	0	2.14487945777e-05	0.000400377498785	0.000157291160237	0.000225212343066	0.000168015557526	0.00283124088426	0.000825778591243	0	5.71967855407e-05	0	3.93227900592e-05	3.21731918666e-05	0.000107243972889	7.14959819258e-06	0
3.57479909629e-06	0.000160865959333	0.000200188749392	0	7.86455801184e-05	0	0	4.64723882518e-05	6.79211828295e-05	0.00372136585924	0	1.07243972889e-05	0	0	5.36219864444e-05	3.21731918666e-05	0.0220600852232	7.14959819258e-06	1.42991963852e-05	3.57479909629e-05	0	0.00294920925444	0.0117646638259	0.00527282866703	0.00753925129408	0	0.000135842365659	0.00458646724054	0.00647753596248	0	0	0	0	0	0	0	0.00031815711957	0.000135842365659	0	3.57479909629e-06	0	0	0	0	0	0	0	3.57479909629e-06	0	0	0	0.00336746074871	7.50707810221e-05	0	6.43463837332e-05	3.57479909629e-06	0.000629164640947	0.00584122172334	0.00364986987731	1.07243972889e-05	0	0.00025023593674	0.00145851803129	0.000350330311436	0	0	0	0	0	1.42991963852e-05	0.0029921068436	0.00189464352103	0	3.57479909629e-06	0	0	0	3.57479909629e-05	7.14959819258e-06	3.57479909629e-05	1.78739954815e-05	0	3.57479909629e-06	0
0.00044327508794	0.000461149083422	0.0118290102096	0	2.85983927703e-05	0	1.07243972889e-05	0.0023164698144	0.000904424171362	0.000150141562044	0.000407527096977	0.00131552606744	0.000164440758429	0	0.00134054966111	3.57479909629e-06	7.14959819258e-06	0.0328130809049	0.000278834329511	0.0148568650442	0.000293133525896	0.00227357222524	0.000103669173792	0.010023736666	0.000175165155718	0	0.0043398061029	0.00295635885263	0.00293133525896	0.000100094374696	0.00660265393085	0	3.57479909629e-06	0	0.00817199073412	1.07243972889e-05	0.00193754111019	8.22203792147e-05	0	7.14959819258e-06	0	0	0	2.85983927703e-05	2.85983927703e-05	0	0	1.07243972889e-05	7.14959819258e-06	1.42991963852e-05	3.57479909629e-06	7.14959819258e-06	0.000582692252695	0	0.000807904595762	3.57479909629e-06	6.79211828295e-05	3.93227900592e-05	0.000107243972889	2.85983927703e-05	4.28975891555e-05	0.000672062230103	0.0011546601081	2.14487945777e-05	1.78739954815e-05	1.42991963852e-05	0	0	0	0.000428975891555	0.000325306717762	0.000121543169274	0.00522635627878	0.000768581805703	0	5.36219864444e-05	0	0.000586267051792	1.78739954815e-05	0.000854376984013	0.000260960334029	1.07243972889e-05	1.78739954815e-05	0
3.57479909629e-06	1.07243972889e-05	0.000185889553007	0	8.22203792147e-05	0	0.000164440758429	0.000218062744874	0.000775731403895	0.000561243458118	0.00142634483942	0.0121149941373	0.000768581805703	0.000246661137644	0.000314582320474	4.28975891555e-05	1.42991963852e-05	0.000278834329511	0.0166478393914	0.00687791346126	0.00130480167015	4.28975891555e-05	1.42991963852e-05	0.000207338347585	0.000210913146681	0	0.00241656418909	0.000164440758429	0.000296708324992	0.00103311693883	1.42991963852e-05	0	2.5023593674e-05	0	0.00628449681128	0	5.71967855407e-05	2.14487945777e-05	0	6.43463837332e-05	0	0	0	0.000142991963852	0.000339605914148	3.57479909629e-06	0.000418251494266	0.000214487945777	9.65195755999e-05	7.86455801184e-05	0.00012511796837	1.42991963852e-05	2.5023593674e-05	0.000378928704207	0.000132267566563	0.000210913146681	7.14959819258e-06	1.78739954815e-05	4.64723882518e-05	0.000110818771985	0.000100094374696	0.00076143220751	0.000168015557526	3.93227900592e-05	0.000950896559613	3.57479909629e-06	0	7.14959819258e-06	0	0.00111176251895	0.00357122429719	0.00134054966111	0.0101774530271	0.000514771069866	0.000164440758429	0.000207338347585	0	0.00127262847828	0.000157291160237	0.00085795178311	0.000232361941259	8.5795178311e-05	0.000100094374696	0
0.000507621471673	0.000278834329511	0.0027919180942	0	8.93699774073e-05	0	2.5023593674e-05	0.00204121028398	0.00162295878972	0.000614865444562	0.00169445477164	0.0113392627334	0.000743558212028	3.57479909629e-06	0.00131910086653	1.07243972889e-05	3.57479909629e-05	0.0148568650442	0.00687791346126	0.0348757399834	0.00142634483942	0.00213772985958	0.000146566762948	0.00304930362914	0.000546944261732	0	0.00653473274802	0.00224139903337	0.00208053307404	0.00079003060028	0.00457216804416	0	1.42991963852e-05	0	0.0178990190751	0	0.00155503760689	8.22203792147e-05	0	0.000110818771985	0	0	0	0.000114393571081	0.000428975891555	3.57479909629e-06	0.00031815711957	0.000275259530414	7.14959819258e-05	6.79211828295e-05	0.00012511796837	1.78739954815e-05	0.000110818771985	0.000257385534933	0.000411101896073	0.000268109932222	5.71967855407e-05	9.65195755999e-05	0.000139417164755	0.000239511539451	0.000243086338548	0.00153358881231	0.00156218720508	4.64723882518e-05	0.000729259015643	7.14959819258e-06	0	7.14959819258e-06	0	0.00109388852346	0.00502974232848	0.00179454914634	0.0175129407727	0.00215202905597	0.000139417164755	0.000171590356622	0	0.0011546601081	0.000160865959333	0.00142277004032	0.00053979466354	9.29447765036e-05	9.29447765036e-05	3.57479909629e-06
3.57479909629e-05	0	0	0	0.00303142963365	0.00022163754397	0.00739268453113	0.00123330568822	0.00570180455858	0.00091514856865	0.0109674836274	0.00205550948037	0.0141133068322	7.14959819258e-05	0.00107601452798	0.000479023078903	0	0.000293133525896	0.00130480167015	0.00142634483942	0.0238903823605	0	0	3.57479909629e-06	0.00124045528641	0	0.000171590356622	6.43463837332e-05	0.000793605399377	0.00191966711471	3.57479909629e-06	0	0.000672062230103	0.000132267566563	0.00288486287071	3.57479909629e-06	0	3.57479909629e-06	0	0.000521920668058	0	3.57479909629e-06	0	0	0.000428975891555	0	1.42991963852e-05	0.000103669173792	0	1.42991963852e-05	0	0	0	7.14959819258e-06	0	0.000132267566563	0	0	0	0.000507621471673	3.57479909629e-06	7.14959819258e-06	3.57479909629e-06	0.000168015557526	3.93227900592e-05	0	0	0	0	5.71967855407e-05	0.000446849887036	2.5023593674e-05	0.00464723882518	0.00164798238339	0.0002895587268	0.00139059684846	0	6.07715846369e-05	3.57479909629e-06	2.14487945777e-05	3.57479909629e-06	0.000132267566563	0	0
2.85983927703e-05	0.000178739954815	0.00148711642406	0	1.07243972889e-05	0	0	0.00170875396803	0.000307432722281	0.000682786627392	7.14959819258e-06	0.000246661137644	0	0	0.000264535133126	7.14959819258e-06	0.00294920925444	0.00227357222524	4.28975891555e-05	0.00213772985958	0	0.0356157233963	0.000958046157806	0.0162152887008	0.00148354162496	0	0.00115108530901	0.000972345354191	0.0112284439614	6.79211828295e-05	0.0127548831756	0	0	3.57479909629e-06	0.00408242056796	0	0.00127977807647	6.07715846369e-05	0	1.78739954815e-05	0	0	0	1.07243972889e-05	1.78739954815e-05	0	3.57479909629e-06	2.5023593674e-05	1.78739954815e-05	1.07243972889e-05	0	0.000743558212028	0.000103669173792	3.57479909629e-06	0.000168015557526	2.14487945777e-05	0.000228787142163	0.000868676180399	0.000822203792147	4.64723882518e-05	4.28975891555e-05	0.00066491263191	0.00109031372437	2.14487945777e-05	7.14959819258e-06	7.14959819258e-06	0	0	0	0.000232361941259	0.0044291760803	0.00126905367918	0.00573755254955	0.00112248691624	7.14959819258e-06	0.000128692767466	0	0.000282409128607	3.57479909629e-05	0.00047187348071	0.000257385534933	0	4.64723882518e-05	0
0.000210913146681	0.00865101381302	0.00041467669517	0	0.000704235421969	0	0	0.000453999485229	0.000611290645466	0.0183244201676	0.000117968370178	3.57479909629e-05	1.42991963852e-05	0.000271684731318	0.000386078302399	6.79211828295e-05	0.0117646638259	0.000103669173792	1.42991963852e-05	0.000146566762948	0	0.000958046157806	0.0479452054795	0.00773944004347	0.0181242314182	0.000739983412932	0.00114036091172	0.0173413504161	0.00718534618354	5.36219864444e-05	6.43463837332e-05	0	0	3.57479909629e-06	0.00022163754397	1.07243972889e-05	0.0028884376698	0.000811479394858	0	0	0	0	0	1.42991963852e-05	5.36219864444e-05	0	7.14959819258e-06	3.57479909629e-06	7.86455801184e-05	2.85983927703e-05	0	0.00528355306432	2.5023593674e-05	3.21731918666e-05	6.07715846369e-05	3.57479909629e-06	0.00194469070838	0.019082277576	0.0111569479795	0.00053979466354	0.0001930391512	0.00031815711957	0.00946249320788	0.00224139903337	2.14487945777e-05	3.57479909629e-05	0	0	0	0.000153716361141	0.00141204564303	0.000632739440043	0.000332456315955	8.22203792147e-05	0	1.42991963852e-05	0.000268109932222	0.000439700288844	0.000121543169274	0.000264535133126	0.000153716361141	7.14959819258e-05	2.14487945777e-05	3.57479909629e-06
6.79211828295e-05	0.000175165155718	0.0121686161238	0	2.5023593674e-05	0	3.57479909629e-06	0.00265607572854	0.000218062744874	0.000725684216547	3.57479909629e-06	0.000239511539451	3.57479909629e-06	1.07243972889e-05	0.000339605914148	2.85983927703e-05	0.00527282866703	0.010023736666	0.000207338347585	0.00304930362914	3.57479909629e-06	0.0162152887008	0.00773944004347	0.0647288872365	0.00120828209455	0	0.00224497383247	0.00581619812967	0.0075178024995	3.21731918666e-05	0.00631309520405	0	0	0	0.00301355563817	0	0.000614865444562	0.00207695827494	0	0	0	0	0	7.14959819258e-06	7.14959819258e-06	0	0	7.14959819258e-06	3.57479909629e-06	3.57479909629e-06	0	0.00215917865416	0.000246661137644	2.14487945777e-05	0.000411101896073	7.14959819258e-06	0.000117968370178	0.00596991449081	0.00750707810221	3.57479909629e-05	1.07243972889e-05	0.000654188234621	0.00325664197672	3.21731918666e-05	3.57479909629e-06	0	0	0	0	0.000150141562044	0.0141204564303	0.00369276746647	0.00340678353877	0.000550519060829	1.07243972889e-05	0.000110818771985	0	0.000457574284325	3.93227900592e-05	0.00073283381474	0.000486172677096	2.14487945777e-05	8.22203792147e-05	0
0.00107601452798	0.00656333114079	0.000232361941259	0	0.00884405296422	1.42991963852e-05	0.000368204306918	0.00291703606257	0.00104026653702	0.025727829096	0.000997368947865	0.000275259530414	0.00284554008065	0.000264535133126	0.000882975376784	0.00267752452312	0.00753925129408	0.000175165155718	0.000210913146681	0.000546944261732	0.00124045528641	0.00148354162496	0.0181242314182	0.00120828209455	0.0530678925844	0.000571967855407	0.00136199845569	0.00799325077931	0.0242550118683	0.00310650041468	0.000418251494266	0	3.21731918666e-05	0.00126905367918	0.000947321760517	3.21731918666e-05	0.000607715846369	0.000110818771985	0	0.000235936740355	1.07243972889e-05	0	0	0.000103669173792	0.00251308376469	0	0.000157291160237	6.07715846369e-05	0.000121543169274	0.000200188749392	2.14487945777e-05	0.00162295878972	7.14959819258e-05	0.000196613950296	0.000117968370178	7.50707810221e-05	0.000836502988532	0.00531215145709	0.00168015557526	0.00139417164755	0.000253810735837	0.00056839305631	0.000586267051792	0.00149426602225	0.000990219349673	7.86455801184e-05	0	4.64723882518e-05	3.57479909629e-06	0.00286341407613	0.00367131867189	0.00210198186862	0.00256670575114	0.00204835988217	0.000647038636429	0.000446849887036	0.000218062744874	0.00141919524123	0.000207338347585	0.00195898990477	0.000643463837332	0.000293133525896	0.000407527096977	7.14959819258e-06
0	0.00102239254154	0	0	0	0	0	0	0	0.000743558212028	0	0.000182314753911	0	0.00451497125862	0	0	0	0	0	0	0	0	0.000739983412932	0	0.000571967855407	0.00781808562359	0.000207338347585	0.00172305316441	0	0	0	1.07243972889e-05	0	0	0	0	0.000128692767466	0	0	0	0	0	0	0	6.43463837332e-05	0	0.000203763548489	0	0.00226642262705	0	0	0	0	3.57479909629e-06	0	0	0	6.43463837332e-05	0	6.07715846369e-05	0.00274544570595	0.000132267566563	0.00053979466354	0	0	0	9.65195755999e-05	0	0	0	3.57479909629e-06	0.000779306202991	1.07243972889e-05	0	0	0	0.00170875396803	3.57479909629e-06	0.000457574284325	3.57479909629e-06	3.57479909629e-06	0	0	0.000393227900592
9.65195755999e-05	0.00181242314182	0.00692796064861	0	7.50707810221e-05	0	3.93227900592e-05	0.00066491263191	0.000278834329511	0.00123330568822	0.000260960334029	0.00647038636429	7.86455801184e-05	0.000900849372265	0.000389653101496	3.21731918666e-05	0.000135842365659	0.0043398061029	0.00241656418909	0.00653473274802	0.000171590356622	0.00115108530901	0.00114036091172	0.00224497383247	0.00136199845569	0.000207338347585	0.0581512568994	0.020976921097	0.00141204564303	7.14959819258e-05	0.000639889038236	0.000997368947865	3.57479909629e-06	0	0.00297423284811	0	0.00942674521692	2.14487945777e-05	0	7.14959819258e-06	3.57479909629e-06	0	0	2.85983927703e-05	7.50707810221e-05	0	5.00471873481e-05	2.85983927703e-05	0.00489747476192	1.42991963852e-05	1.07243972889e-05	3.93227900592e-05	0.000103669173792	0.000936597363228	0.00124403008551	2.14487945777e-05	5.36219864444e-05	0.000164440758429	0.000175165155718	7.86455801184e-05	0.0107422712844	0.0114894042955	0.0135163153831	5.00471873481e-05	2.5023593674e-05	1.07243972889e-05	0.000650613435525	0	0	0.000546944261732	0.0077144164498	0.00962693396631	0.00573755254955	0.000507621471673	3.21731918666e-05	4.28975891555e-05	3.57479909629e-05	0.000321731918666	0.000504046672577	0.00151571481683	0.000725684216547	1.42991963852e-05	5.71967855407e-05	9.65195755999e-05
0.000110818771985	0.0153859353104	0.0124117024623	0	0.00076143220751	0	0	0.000643463837332	0.000196613950296	0.00775016444076	0.000114393571081	0.000800754997569	2.85983927703e-05	0.00244158778277	0.000457574284325	1.42991963852e-05	0.00458646724054	0.00295635885263	0.000164440758429	0.00224139903337	6.43463837332e-05	0.000972345354191	0.0173413504161	0.00581619812967	0.00799325077931	0.00172305316441	0.020976921097	0.0780092658793	0.0017373523608	5.36219864444e-05	0.000707810221066	0.000243086338548	3.57479909629e-06	0	0.00332098836045	3.57479909629e-06	0.0162939342809	0.00167658077616	0	0.000218062744874	7.14959819258e-06	0	0	5.36219864444e-05	0.0001930391512	0	8.93699774073e-05	0.000257385534933	0.00339963394057	2.5023593674e-05	1.78739954815e-05	0.000160865959333	0.000371779106014	0.000697085823777	0.000958046157806	0.00025023593674	0.000107243972889	0.00392870420682	0.00166228157978	0.00047187348071	0.00881902937055	0.00665627591729	0.0219814396431	3.57479909629e-05	5.36219864444e-05	2.14487945777e-05	0.00031815711957	2.14487945777e-05	0	0.000975920153287	0.00611290645466	0.00156933680327	0.0047258844053	0.000461149083422	0	5.71967855407e-05	0.000207338347585	0.00100094374696	0.000239511539451	0.00242371378729	0.00150141562044	3.21731918666e-05	0.000200188749392	0.000225212343066
0.00277404409872	0.000200188749392	0.00187319472646	0	0.00541582063088	3.57479909629e-05	0.00290988646438	0.0343144965253	0.00700660622873	0.0121364429319	0.0105563817313	0.000518345868962	0.00166943117797	1.42991963852e-05	0.00608430806189	0.000739983412932	0.00647753596248	0.00293133525896	0.000296708324992	0.00208053307404	0.000793605399377	0.0112284439614	0.00718534618354	0.0075178024995	0.0242550118683	0	0.00141204564303	0.0017373523608	0.0929340521063	0.00873323419224	0.0131302370807	3.57479909629e-06	8.22203792147e-05	0.00280621729059	0.00353547630623	1.07243972889e-05	0.00031815711957	0.000178739954815	0	0.00325664197672	0	7.14959819258e-06	0	6.79211828295e-05	0.00533360025167	0	0.000139417164755	0.000257385534933	3.21731918666e-05	0.000171590356622	0.000139417164755	0.00193396631109	7.50707810221e-05	0.000160865959333	0.000146566762948	0.000275259530414	0.00132625046472	0.00576615094232	0.0023093202162	0.00582692252695	1.07243972889e-05	0.000647038636429	0.000214487945777	0.00263462693397	0.00117253410358	3.21731918666e-05	0	1.78739954815e-05	0	0.00282409128607	0.00928732805216	0.004046672577	0.00940529642234	0.00705307861698	0.000353905110533	0.001447793634	3.93227900592e-05	0.00130837646924	0.000271684731318	0.00184817113278	0.00047187348071	0.000564818257214	0.000403952297881	0
0.00492607315469	0	3.93227900592e-05	0	0.00031815711957	1.07243972889e-05	0.000353905110533	0.00724969256728	0.00402522378242	0.000657763033718	0.00447922326765	0.00184817113278	0.000786455801184	6.07715846369e-05	0.00906569050819	7.14959819258e-06	0	0.000100094374696	0.00103311693883	0.00079003060028	0.00191966711471	6.79211828295e-05	5.36219864444e-05	3.21731918666e-05	0.00310650041468	0	7.14959819258e-05	5.36219864444e-05	0.00873323419224	0.0259780650327	0.00527282866703	0	0.000210913146681	0.00453999485229	0.00518703348872	0	1.42991963852e-05	3.57479909629e-06	0	0.000164440758429	0	3.57479909629e-06	0	2.5023593674e-05	0.000461149083422	0	1.78739954815e-05	0.0001930391512	7.14959819258e-06	1.07243972889e-05	1.42991963852e-05	7.14959819258e-06	7.14959819258e-06	2.5023593674e-05	2.85983927703e-05	0.000235936740355	1.07243972889e-05	7.14959819258e-05	1.42991963852e-05	0.000235936740355	0	8.93699774073e-05	1.42991963852e-05	0.000107243972889	9.65195755999e-05	7.14959819258e-06	0	3.57479909629e-06	0	0.000246661137644	0.000353905110533	0.000117968370178	0.00528355306432	0.0012511796837	4.64723882518e-05	0.000203763548489	0	0.000361054708725	6.43463837332e-05	0.000311007521377	3.57479909629e-05	2.5023593674e-05	0.000160865959333	0
0.00410744416164	3.21731918666e-05	0.00140847084394	0	0	0	7.14959819258e-06	0.0103454685847	0.00126547888009	0.000135842365659	6.07715846369e-05	4.64723882518e-05	0	3.57479909629e-06	0.00403594817971	3.57479909629e-06	0	0.00660265393085	1.42991963852e-05	0.00457216804416	3.57479909629e-06	0.0127548831756	6.43463837332e-05	0.00631309520405	0.000418251494266	0	0.000639889038236	0.000707810221066	0.0131302370807	0.00527282866703	0.041914519404	0	7.14959819258e-06	0.000239511539451	0.00463293962879	0	7.14959819258e-05	0	0	0	0	0	0	3.57479909629e-06	2.5023593674e-05	0	0	0	0	3.57479909629e-06	0	7.14959819258e-06	3.57479909629e-06	0	2.14487945777e-05	0	1.07243972889e-05	6.07715846369e-05	1.78739954815e-05	0	0	3.93227900592e-05	7.14959819258e-05	4.28975891555e-05	3.57479909629e-06	3.57479909629e-06	0	0	0	2.5023593674e-05	0.000132267566563	7.14959819258e-06	0.00420396373724	0.00073283381474	0	2.85983927703e-05	0	5.71967855407e-05	2.85983927703e-05	0.000121543169274	2.85983927703e-05	0	7.50707810221e-05	0
0	0	0	0	0	0	0	0	0	0	0	0.000339605914148	0	0.000303857923185	0	0	0	0	0	0	0	0	0	0	0	1.07243972889e-05	0.000997368947865	0.000243086338548	3.57479909629e-06	0	0	0.00100094374696	0	0	0	0	0	0	0	0	0	0	0	0	0	0	0	0	0.000257385534933	0	0	0	0	0	0	0	0	0	0	0	0.000278834329511	8.22203792147e-05	0.000139417164755	0	0	0	6.79211828295e-05	0	0	0	9.29447765036e-05	0.000389653101496	0.000225212343066	0	0	0	1.78739954815e-05	0	0	0	0	0	0	1.42991963852e-05
1.42991963852e-05	0	3.57479909629e-06	0	6.07715846369e-05	0.00174807675809	0.00138702204936	0.000185889553007	0.00120828209455	0.000150141562044	0.000311007521377	7.86455801184e-05	0.000550519060829	6.79211828295e-05	0.00145851803129	6.79211828295e-05	0	3.57479909629e-06	2.5023593674e-05	1.42991963852e-05	0.000672062230103	0	0	0	3.21731918666e-05	0	3.57479909629e-06	3.57479909629e-06	8.22203792147e-05	0.000210913146681	7.14959819258e-06	0	0.00451497125862	0	0.000532645065347	0	7.14959819258e-06	0	0	0	0	0	0	3.57479909629e-06	8.93699774073e-05	0	1.42991963852e-05	0	0	0	0	3.57479909629e-06	0	2.5023593674e-05	0	0	3.57479909629e-06	7.14959819258e-06	7.14959819258e-06	1.07243972889e-05	0	3.57479909629e-05	1.07243972889e-05	3.57479909629e-06	2.85983927703e-05	0	0	0	0	8.93699774073e-05	0.000200188749392	7.14959819258e-06	0.000479023078903	0.000103669173792	0.000196613950296	0.00124045528641	0	0.000110818771985	1.07243972889e-05	5.71967855407e-05	1.07243972889e-05	0	3.57479909629e-06	0
0.000150141562044	0	0	0	0.000142991963852	3.57479909629e-06	2.14487945777e-05	0.00103669173792	5.36219864444e-05	1.42991963852e-05	0.000489747476192	0	1.07243972889e-05	0	8.22203792147e-05	3.57479909629e-06	0	0	0	0	0.000132267566563	3.57479909629e-06	3.57479909629e-06	0	0.00126905367918	0	0	0	0.00280621729059	0.00453999485229	0.000239511539451	0	0	0.00475448279807	0.000579117453599	0	0	0	0	0	0	0	0	0	3.57479909629e-06	0	0	0	0	0	0	0	0	0	0	0	0	3.57479909629e-06	0	0	0	0	0	3.57479909629e-06	3.57479909629e-06	0	0	0	0	7.14959819258e-06	0	0	0.00012511796837	1.07243972889e-05	0	2.14487945777e-05	0	0	0	3.57479909629e-06	0	0	0	0
0.000554093859925	0.000643463837332	0.00106529013069	0	0.000268109932222	0.000389653101496	0.000196613950296	0.003081476821	0.00277046929963	0.00102596734064	0.00370349186376	0.0108066176681	0.00136199845569	0.000514771069866	0.00278119369691	7.14959819258e-05	0	0.00817199073412	0.00628449681128	0.0178990190751	0.00288486287071	0.00408242056796	0.00022163754397	0.00301355563817	0.000947321760517	0	0.00297423284811	0.00332098836045	0.00353547630623	0.00518703348872	0.00463293962879	0	0.000532645065347	0.000579117453599	0.0393084908628	0	0.00219850144422	6.43463837332e-05	0	0.000325306717762	0	0	0	0.000128692767466	0.00076143220751	3.57479909629e-06	0.000389653101496	0.000428975891555	6.43463837332e-05	9.65195755999e-05	8.22203792147e-05	1.42991963852e-05	0.000160865959333	0.000386078302399	0.000550519060829	0.000479023078903	7.50707810221e-05	0.000117968370178	9.65195755999e-05	0.000564818257214	0.000182314753911	0.0017302027626	0.00200903709212	0.000142991963852	0.00088655017588	7.14959819258e-06	0	7.14959819258e-06	0	0.00150856521863	0.0020269110876	0.00025023593674	0.0289737466754	0.00319944519118	0.000296708324992	0.00122258129093	0	0.001447793634	0.000196613950296	0.00166585637887	0.000557668659021	7.50707810221e-05	0.000175165155718	0
0	3.57479909629e-06	3.57479909629e-06	0	0	0	0	0	0	1.07243972889e-05	3.57479909629e-06	0	0	0	0	0	0	1.07243972889e-05	0	0	3.57479909629e-06	0	1.07243972889e-05	0	3.21731918666e-05	0	0	3.57479909629e-06	1.07243972889e-05	0	0	0	0	0	0	0.019786512998	7.14959819258e-06	0.00186247032917	0	0.000314582320474	0	3.21731918666e-05	0.00544799382275	0.00117968370178	5.36219864444e-05	1.07243972889e-05	1.42991963852e-05	0	0	0.0123223324849	0	0	0.00386435782309	7.14959819258e-06	0.000554093859925	2.14487945777e-05	0.00321016958847	1.78739954815e-05	0.00235221780536	0.00304930362914	0	0.000411101896073	0.00102596734064	0.00247733577373	0.00762862127148	0.0111354991849	0	0	0.00066491263191	0.00151214001773	3.57479909629e-06	0	7.14959819258e-06	0	0	0	0	7.14959819258e-06	0	0.000557668659021	0.000146566762948	1.07243972889e-05	1.78739954815e-05	0
5.00471873481e-05	0.00860811622387	0.00427545971916	0	6.79211828295e-05	0	0	0.000107243972889	8.22203792147e-05	0.000432550690651	1.78739954815e-05	0.000153716361141	0	0.000121543169274	0.000128692767466	3.57479909629e-06	0.00031815711957	0.00193754111019	5.71967855407e-05	0.00155503760689	0	0.00127977807647	0.0028884376698	0.000614865444562	0.000607715846369	0.000128692767466	0.00942674521692	0.0162939342809	0.00031815711957	1.42991963852e-05	7.14959819258e-05	0	7.14959819258e-06	0	0.00219850144422	7.14959819258e-06	0.0446420911145	0.000260960334029	0	0.000189464352103	0.000157291160237	0	1.07243972889e-05	0.000128692767466	0.00521563188149	0	3.57479909629e-05	0.000268109932222	0.00125832928189	0.000103669173792	0.000282409128607	0.000468298681614	0.00132982526382	0.000328881516859	0.00287413847342	0.000232361941259	0.000218062744874	0.00837217948351	0.000614865444562	0.005977064089	0.00991649269311	0.00852589584465	0.0338712214374	0.000529070266251	0.000128692767466	8.5795178311e-05	7.50707810221e-05	2.85983927703e-05	7.14959819258e-06	0.00278119369691	0.00326736637401	0.00110461292075	0.00487602596734	0.000207338347585	7.14959819258e-06	2.14487945777e-05	5.36219864444e-05	0.00219135184603	0.000421826293362	0.0051048131095	0.00224497383247	0.000439700288844	0.000253810735837	0.000117968370178
