0.01946598711	1.72417954916e-05	0.000368974423521	0	0	0	0.00195521960875	0.00621739145428	0.00702775584238	0.000396561296307	0.000106899132048	0.00096554054753	0.000189659750408	3.44835909832e-06	0.00963816367981	7.58639001631e-05	0	4.13803091799e-05	0.000427596528192	0.000196556468604	3.79319500816e-05	6.89671819665e-05	3.10352318849e-05	8.62089774581e-05	0.00291386343808	3.44835909832e-06	0.000268972009669	0.000186211391309	0.00487253140593	0.00939333018383	0.00749673267975	3.44835909832e-06	3.44835909832e-06	1.72417954916e-05	0.00486908304683	0	4.13803091799e-05	3.44835909832e-06	0	0	0	1.37934363933e-05	0	3.44835909832e-06	0.000141382723031	3.44835909832e-06	3.44835909832e-06	1.0345077295e-05	3.44835909832e-06	3.44835909832e-06	0	5.17253864748e-05	3.44835909832e-06	0	0	1.0345077295e-05	3.44835909832e-06	0.000206901545899	3.44835909832e-06	0.00010345077295	3.44835909832e-06	7.93122592614e-05	7.24155410648e-05	2.06901545899e-05	6.89671819665e-06	0	0	0	1.0345077295e-05	3.10352318849e-05	0.000310352318849	6.89671819665e-06	0.00448286682782	0.00104140444769	6.89671819665e-05	3.44835909832e-06	3.44835909832e-06	0.000227591700489	0.000106899132048	4.82770273765e-05	5.17253864748e-05	0	3.10352318849e-05	0
1.72417954916e-05	0.0202108326753	0.0006172562786	0	0	0	1.0345077295e-05	0.000327594114341	4.48286682782e-05	0.00156900338974	6.89671819665e-06	0.000441389964585	6.89671819665e-06	0.00211729248637	3.44835909832e-05	1.0345077295e-05	0.000537944019338	0.000413803091799	0	0.00215177607735	0	0.000248281855079	0.00303800436562	0.000537944019338	0.00127244450728	0.00330352801619	0.00706568779246	0.01097612701	0.000224143341391	0.000106899132048	0.000613807919502	0.000148279441228	0	3.44835909832e-06	0.00191383929957	3.44835909832e-06	0.00815192090844	0.000255178573276	0	0	0	3.44835909832e-06	0	3.44835909832e-06	4.13803091799e-05	0	0.000279317086964	3.44835909832e-06	0.00171728283096	0	0	0.000127589286638	8.62089774581e-05	6.89671819665e-06	0.000331042473439	6.89671819665e-06	6.89671819665e-06	0.00012414092754	3.10352318849e-05	0.000117244209343	0.00437596769577	0.00560703189387	0.00862434610491	0	0	0	0.00110347491146	0	0	3.44835909832e-05	0.0014483108213	0.000265523650571	0.00158279682613	0.000375871141717	3.44835909832e-06	0	5.51737455732e-05	0.000696568537861	0.000717258692451	3.79319500816e-05	3.44835909832e-05	0	0	0
0.000368974423521	0.0006172562786	0.0374698699624	0	6.89671819665e-06	0	0.000875883210974	0.00461735283265	0.00141037887121	0.000137934363933	7.24155410648e-05	0.000479321914667	6.89671819665e-05	7.24155410648e-05	0.000551737455732	3.44835909832e-05	1.37934363933e-05	0.00145175918039	0.000120692568441	0.000627601355895	1.0345077295e-05	0.00153451979875	0.000251730214178	0.00976575296645	8.62089774581e-05	6.89671819665e-05	0.00582427851707	0.0150555358233	0.00353111971668	0.000117244209343	0.00173797298555	3.44835909832e-06	6.89671819665e-06	3.44835909832e-06	0.00150348456687	5.17253864748e-05	0.00841744455901	0.000989679061219	0	0	0	5.51737455732e-05	3.44835909832e-05	1.72417954916e-05	5.86221046715e-05	4.13803091799e-05	8.62089774581e-05	5.86221046715e-05	3.79319500816e-05	8.96573365564e-05	3.44835909832e-06	5.51737455732e-05	0.00341732386644	2.75868727866e-05	0.000837951260893	7.58639001631e-05	0.000234488418686	0.000186211391309	0.000989679061219	0.000106899132048	5.17253864748e-05	0.002665581583	0.00235522926415	1.72417954916e-05	0.000113795850245	0.00014483108213	0	0	4.48286682782e-05	0.000337939191636	0.00214487935916	0.000800019310811	0.00197246140424	0.000641394792288	5.51737455732e-05	6.89671819665e-06	6.89671819665e-06	0.0016552123672	0.00238281613694	0.000341387550734	0.00043104488729	0	0	3.44835909832e-06
0	0	0	0	0	0	0	0	0	0	0	0	0	0	0	0	0	0	0	0	0	0	0	0	0	0	0	0	0	0	0	0	0	0	0	0	0	0	0	0	0	0	0	0	0	0	0	0	0	0	0	0	0	0	0	0	0	0	0	0	0	0	0	0	0	0	0	0	0	0	0	0	0	0	0	0	0	0	0	0	0	0	0	0
0	0	6.89671819665e-06	0	0.0183142351712	1.0345077295e-05	0.000686223460566	0.000506908787453	0.000313800677947	0.00100002413851	0.00134141168925	8.62089774581e-05	0.00759328673451	0	3.44835909832e-05	0.0004103547327	0	0	3.44835909832e-05	2.41385136883e-05	0.0107864672596	3.44835909832e-06	3.44835909832e-06	6.89671819665e-06	0.00951402275227	0	2.41385136883e-05	3.44835909832e-06	0.00674499039632	6.89671819665e-05	0	0	2.75868727866e-05	0	0.000182763032211	0	4.82770273765e-05	0	0	0.00160003862162	0	0	3.44835909832e-06	0	0.00168969595818	0.00014483108213	0	0.000331042473439	0	0	6.89671819665e-06	0	0	0	0	0.00112761342515	0	7.58639001631e-05	0	0.00239316121424	4.82770273765e-05	0	0	0.000582772687617	1.0345077295e-05	0	0	0	6.89671819665e-06	6.89671819665e-06	0.000106899132048	0	0.000241385136883	4.13803091799e-05	0.000151727800326	5.51737455732e-05	0	2.75868727866e-05	6.89671819665e-06	0	0	8.96573365564e-05	0	0
0	0	0	0	1.0345077295e-05	0.00605187021756	0.00198280648154	2.41385136883e-05	0.000665533305976	0.000155176159425	8.62089774581e-05	0	0.000203453186801	0	3.44835909832e-06	0.00175521478105	0	0	0	0	1.0345077295e-05	6.89671819665e-06	0	3.44835909832e-06	0.000106899132048	0	0	0	3.79319500816e-05	3.44835909832e-05	0	0	0.00252764721907	0	0.000631049714993	0	0	0	0	0	0	3.44835909832e-06	0	0	1.37934363933e-05	0	0	0	0	0	0	0	0	0	0	3.44835909832e-06	0	3.44835909832e-06	0	1.72417954916e-05	0	0	0	6.89671819665e-06	0	0	0	0	0	0	0.000489666991962	0	0.000127589286638	6.20704637698e-05	0.000672430024173	0.00133796333015	0	0	0	0	0	0	0	0
0.00195521960875	1.0345077295e-05	0.000875883210974	0	0.000686223460566	0.00198280648154	0.0506977754635	0.00749673267975	0.0287972468301	0.000531047301142	0.0172659340053	0.00342766894373	0.00891400826917	1.72417954916e-05	0.00376215977627	0.0034931877666	3.44835909832e-06	1.0345077295e-05	0.00106554296138	0.000255178573276	0.0014414141031	4.82770273765e-05	6.89671819665e-06	6.20704637698e-05	0.001648315649	3.79319500816e-05	0.000855193056384	0.000272420368768	0.00264144306932	0.000786225874418	0.000331042473439	0	0.000644843151386	0	0.00457597252347	0	7.93122592614e-05	6.89671819665e-06	0	3.44835909832e-06	0	3.44835909832e-05	0	1.0345077295e-05	0.000255178573276	1.72417954916e-05	4.48286682782e-05	3.79319500816e-05	3.79319500816e-05	2.06901545899e-05	0	2.75868727866e-05	1.37934363933e-05	6.89671819665e-06	0	3.44835909832e-05	3.44835909832e-06	3.44835909832e-05	1.37934363933e-05	7.24155410648e-05	3.44835909832e-05	2.75868727866e-05	0.00016552123672	0	3.44835909832e-05	0	0	0	0	3.44835909832e-05	0.00240695465063	0.000186211391309	0.0037000893125	0.000344835909832	0.00338973699365	0.000313800677947	5.17253864748e-05	0.000251730214178	0.00014483108213	5.17253864748e-05	4.82770273765e-05	1.0345077295e-05	2.06901545899e-05	0
0.00621739145428	0.000327594114341	0.00461735283265	0	0.000506908787453	2.41385136883e-05	0.00749673267975	0.0712086153804	0.0152348504964	0.00157245174884	0.00653464049132	0.00398285475856	0.000193108109506	3.79319500816e-05	0.00725879590197	0.000510357146552	0	0.00134830840744	0.0014483108213	0.00254488901456	6.89671819665e-05	0.00096554054753	1.72417954916e-05	0.00334835668447	0.00238281613694	3.79319500816e-05	0.0026793750194	0.00255868245096	0.0310283351667	0.00274834220136	0.0146072491405	3.44835909832e-06	0.00010345077295	1.37934363933e-05	0.0120485666895	6.55188228681e-05	0.000627601355895	8.96573365564e-05	0	0.000824157824499	3.44835909832e-06	0.000268972009669	0.00016552123672	0.000348284268931	0.0014310690258	0.000317249037046	4.48286682782e-05	3.44835909832e-05	3.10352318849e-05	0.000158624518523	1.0345077295e-05	0.000155176159425	0.000203453186801	2.06901545899e-05	5.86221046715e-05	0.000751742283434	3.44835909832e-05	0.00016552123672	0.000524150582945	0.00469666509192	4.82770273765e-05	0.000206901545899	0.00111037162966	0.00255523409186	0.000137934363933	4.48286682782e-05	3.44835909832e-06	0	3.44835909832e-05	0.000706913615156	0.00141382723031	0.000155176159425	0.0139899928619	0.00417596286807	0.000948298752039	0.000355180987127	2.41385136883e-05	0.000744845565238	0.000351732628029	0.00128623794367	0.00127589286638	4.48286682782e-05	0.00016552123672	1.72417954916e-05
0.00702775584238	4.48286682782e-05	0.00141037887121	0	0.000313800677947	0.000665533305976	0.0287972468301	0.0152348504964	0.0516909028839	0.000358629346226	0.0108071574141	0.00336904683906	0.00341732386644	1.0345077295e-05	0.0125623721952	0.000844847979089	0	3.10352318849e-05	0.00100002413851	0.000193108109506	0.000672430024173	0.00010345077295	3.10352318849e-05	0.00010345077295	0.00128278958458	2.41385136883e-05	0.00065863658778	0.000479321914667	0.00408285717241	0.00167245416269	0.00141382723031	0	0.000324145755242	0	0.00762087360729	1.37934363933e-05	0.000127589286638	1.37934363933e-05	0	3.44835909832e-06	0	3.79319500816e-05	3.44835909832e-06	1.37934363933e-05	0.000286213805161	2.06901545899e-05	3.10352318849e-05	4.13803091799e-05	2.41385136883e-05	3.10352318849e-05	0	6.55188228681e-05	2.75868727866e-05	6.89671819665e-06	3.44835909832e-06	3.44835909832e-05	6.89671819665e-06	0.000155176159425	3.79319500816e-05	0.00012414092754	3.10352318849e-05	7.58639001631e-05	0.000224143341391	1.37934363933e-05	4.13803091799e-05	1.0345077295e-05	0	0	0	4.13803091799e-05	0.00236557434145	0.000162072877621	0.00672430024173	0.000975885624825	0.00315869693406	0.000137934363933	2.75868727866e-05	0.000334490832537	0.000189659750408	0.000113795850245	0.000110347491146	1.0345077295e-05	2.75868727866e-05	0
0.000396561296307	0.00156900338974	0.000137934363933	0	0.00100002413851	0.000155176159425	0.000531047301142	0.00157245174884	0.000358629346226	0.0324249206015	5.17253864748e-05	1.37934363933e-05	0.00347939433021	6.55188228681e-05	0.000282765446062	0.00332421817078	0.00110002655237	0.000106899132048	1.0345077295e-05	5.17253864748e-05	0.000403458014504	2.75868727866e-05	0.00828985527237	0.000196556468604	0.0184763080488	0.000651739869583	0.000151727800326	0.00382423024004	0.00853813712745	0.00112761342515	0.000610359560403	0	0.000141382723031	1.0345077295e-05	0.0004103547327	1.37934363933e-05	0.000375871141717	3.44835909832e-06	0	0.000168969595818	0	8.62089774581e-05	5.86221046715e-05	6.55188228681e-05	0.00982437507112	4.48286682782e-05	6.20704637698e-05	7.24155410648e-05	1.0345077295e-05	2.06901545899e-05	0	0.00322421575693	2.75868727866e-05	6.55188228681e-05	3.10352318849e-05	0.000117244209343	0.000417251450897	0.00419665302266	0.000162072877621	0.00660705603239	0.000151727800326	0.00045173504188	0.0006172562786	0.000868986492777	0.000320697396144	5.86221046715e-05	1.37934363933e-05	0	0.0004103547327	0.000741397206139	0.00203108350891	0.000100002413851	0.001437965744	0.000558634173928	0.000100002413851	3.10352318849e-05	3.44835909832e-06	0.00311386826579	0.00100002413851	0.000727603769746	0.000751742283434	0	0.000148279441228	2.41385136883e-05
0.000106899132048	6.89671819665e-06	7.24155410648e-05	0	0.00134141168925	8.62089774581e-05	0.0172659340053	0.00653464049132	0.0108071574141	5.17253864748e-05	0.0397078550172	0.0045311438552	0.00478977078757	6.89671819665e-06	0.00100002413851	0.000327594114341	6.89671819665e-06	0	0.00110692327056	0.000603462842207	0.00381388516275	2.41385136883e-05	1.37934363933e-05	9.6554054753e-05	0.000196556468604	5.17253864748e-05	0.000672430024173	0.000189659750408	0.00361388033504	9.6554054753e-05	3.44835909832e-05	6.89671819665e-06	0.000348284268931	0	0.00578289820789	0	4.48286682782e-05	0	0	0.000182763032211	0	6.89671819665e-06	0	0	0.000227591700489	2.06901545899e-05	5.17253864748e-05	5.51737455732e-05	5.17253864748e-05	3.44835909832e-06	0	6.89671819665e-06	0	0	0	0.000179314673113	0	1.0345077295e-05	0	0.000203453186801	4.48286682782e-05	1.0345077295e-05	6.20704637698e-05	5.17253864748e-05	3.44835909832e-06	3.44835909832e-06	0	0	3.44835909832e-06	3.44835909832e-06	0.00124830599359	0.000193108109506	0.00605187021756	0.00106209460228	0.000917263520154	0.000944850392941	0.000106899132048	7.24155410648e-05	4.48286682782e-05	3.44835909832e-06	3.44835909832e-06	2.41385136883e-05	0	0
0.00096554054753	0.000441389964585	0.000479321914667	0	8.62089774581e-05	0	0.00342766894373	0.00398285475856	0.00336904683906	1.37934363933e-05	0.0045311438552	0.0406423603328	0.00254833737366	0.00587600390354	0.00358629346226	2.06901545899e-05	3.44835909832e-06	0.00132072153466	0.00805881521278	0.010696809923	0.00139658543482	0.000372422782619	3.10352318849e-05	0.00065863658778	0.000248281855079	0.00433803574569	0.0105347370454	0.0028828282062	0.00206901545899	0.000655188228681	0.000531047301142	0.000893125006466	0.000310352318849	0	0.0184935498443	0	0.000286213805161	3.44835909832e-06	0	3.44835909832e-06	0	6.89671819665e-06	0	3.44835909832e-06	2.75868727866e-05	3.44835909832e-06	0.00354491315308	0	0.00597600631739	0	0	3.44835909832e-06	6.89671819665e-06	3.79319500816e-05	2.41385136883e-05	3.44835909832e-06	3.44835909832e-06	2.75868727866e-05	1.0345077295e-05	2.75868727866e-05	0.00304145272472	0.000768984078926	0.000648291510485	1.0345077295e-05	3.44835909832e-06	0	0.000413803091799	0	0	6.89671819665e-06	0.00283455117882	0.00547599424814	0.0151831251099	0.000668981665075	0.000100002413851	0.000517253864748	0.00128623794367	5.17253864748e-05	0.000424148169094	6.89671819665e-06	3.44835909832e-06	0	0	3.44835909832e-06
0.000189659750408	6.89671819665e-06	6.89671819665e-05	0	0.00759328673451	0.000203453186801	0.00891400826917	0.000193108109506	0.00341732386644	0.00347939433021	0.00478977078757	0.00254833737366	0.0317973192456	1.37934363933e-05	0.00128623794367	0.00453804057339	6.89671819665e-06	0	0.000758639001631	0.000234488418686	0.0134727389971	2.41385136883e-05	1.37934363933e-05	3.10352318849e-05	0.00800019310811	4.82770273765e-05	0.000675878383271	6.55188228681e-05	0.0024655767553	0.00014483108213	5.51737455732e-05	0	0.000255178573276	0	0.00295179538816	0	3.44835909832e-05	0	0	6.55188228681e-05	0	8.96573365564e-05	3.44835909832e-06	1.37934363933e-05	0.00014483108213	3.10352318849e-05	7.58639001631e-05	0.00112416506605	4.82770273765e-05	6.89671819665e-05	2.06901545899e-05	3.44835909832e-06	3.44835909832e-06	1.37934363933e-05	0	0.000372422782619	6.89671819665e-06	2.41385136883e-05	6.89671819665e-06	0.000175866314014	5.17253864748e-05	2.06901545899e-05	2.75868727866e-05	3.79319500816e-05	0.000100002413851	0	0	0	1.37934363933e-05	7.93122592614e-05	0.000962092188432	0.000106899132048	0.00333456324808	0.000337939191636	0.000286213805161	0.000158624518523	6.20704637698e-05	3.44835909832e-05	2.06901545899e-05	5.86221046715e-05	3.79319500816e-05	3.10352318849e-05	0	0
3.44835909832e-06	0.00211729248637	7.24155410648e-05	0	0	0	1.72417954916e-05	3.79319500816e-05	1.0345077295e-05	6.55188228681e-05	6.89671819665e-06	0.00587600390354	1.37934363933e-05	0.0148658760729	0.000100002413851	0	0	0.000317249037046	0	0.00053449566024	6.89671819665e-06	6.89671819665e-06	0.000100002413851	2.06901545899e-05	0	0.00729672785205	0.00668636829165	0.0032931829389	1.37934363933e-05	3.79319500816e-05	3.44835909832e-05	0.00127244450728	4.82770273765e-05	0	0.000403458014504	0	0.000865538133679	6.89671819665e-06	0	0	0	0	0	0	6.89671819665e-06	3.44835909832e-06	0.00235178090506	0	0.00582083015797	0	0	3.44835909832e-06	0	3.10352318849e-05	0.000196556468604	0	0	1.72417954916e-05	3.44835909832e-06	1.0345077295e-05	0.00425872348643	0.00190349422227	0.00201729007252	3.44835909832e-06	3.44835909832e-06	0	0.000889676647367	0	0	6.89671819665e-06	2.06901545899e-05	0.00120692568441	0.000482770273765	5.17253864748e-05	0	5.17253864748e-05	0.000620704637698	0.000175866314014	0.000351732628029	6.89671819665e-06	6.89671819665e-06	0	0	3.44835909832e-06
0.00963816367981	3.44835909832e-05	0.000551737455732	0	3.44835909832e-05	3.44835909832e-06	0.00376215977627	0.00725879590197	0.0125623721952	0.000282765446062	0.00100002413851	0.00358629346226	0.00128623794367	0.000100002413851	0.0271523795402	6.20704637698e-05	0	3.44835909832e-05	0.000593117764912	6.89671819665e-05	0.000162072877621	4.48286682782e-05	1.72417954916e-05	6.20704637698e-05	0.00175521478105	2.06901545899e-05	0.000368974423521	0.000268972009669	0.0026690299421	0.00622773653157	0.00378974664906	0	0.000824157824499	6.89671819665e-06	0.0059656612401	1.37934363933e-05	4.82770273765e-05	3.44835909832e-06	0	0	0	1.72417954916e-05	3.44835909832e-06	1.0345077295e-05	0.000117244209343	3.44835909832e-06	2.06901545899e-05	1.0345077295e-05	2.06901545899e-05	1.37934363933e-05	0	3.44835909832e-05	6.89671819665e-06	0	0	1.0345077295e-05	3.44835909832e-06	0.00014483108213	1.0345077295e-05	6.20704637698e-05	2.41385136883e-05	5.51737455732e-05	7.58639001631e-05	1.37934363933e-05	1.72417954916e-05	1.0345077295e-05	0	0	6.89671819665e-06	2.75868727866e-05	0.000351732628029	4.48286682782e-05	0.00386216219012	0.000793122592614	0.000113795850245	0.000579324328518	2.41385136883e-05	0.000182763032211	8.27606183598e-05	7.58639001631e-05	6.89671819665e-05	0	1.72417954916e-05	0
7.58639001631e-05	1.0345077295e-05	3.44835909832e-05	0	0.0004103547327	0.00175521478105	0.0034931877666	0.000510357146552	0.000844847979089	0.00332421817078	0.000327594114341	2.06901545899e-05	0.00453804057339	0	6.20704637698e-05	0.0134244619698	6.89671819665e-06	0	1.0345077295e-05	2.41385136883e-05	0.000351732628029	0.000793122592614	1.72417954916e-05	0.00131727317556	0.00294145031087	0	2.06901545899e-05	3.10352318849e-05	0.00179314673113	0.000127589286638	3.10352318849e-05	0	0.000668981665075	0	6.89671819665e-05	0	1.72417954916e-05	0	0	1.72417954916e-05	0	1.37934363933e-05	3.44835909832e-06	1.37934363933e-05	0.000548289096633	3.44835909832e-06	3.44835909832e-06	3.44835909832e-06	0	3.44835909832e-06	0	5.51737455732e-05	1.0345077295e-05	3.44835909832e-06	3.44835909832e-06	1.37934363933e-05	1.72417954916e-05	4.82770273765e-05	1.37934363933e-05	0.000293110523357	1.37934363933e-05	2.41385136883e-05	6.20704637698e-05	4.82770273765e-05	2.41385136883e-05	3.44835909832e-06	0	0	2.41385136883e-05	5.17253864748e-05	0.000203453186801	1.0345077295e-05	0.00122071912081	0.00104140444769	0.000217246623194	8.96573365564e-05	0	0.000262075291473	6.55188228681e-05	5.51737455732e-05	5.51737455732e-05	0	6.89671819665e-06	0
0	0.000537944019338	1.37934363933e-05	0	0	0	3.44835909832e-06	0	0	0.00110002655237	6.89671819665e-06	3.44835909832e-06	6.89671819665e-06	0	0	6.89671819665e-06	0.0206867062308	2.06901545899e-05	0	1.72417954916e-05	0	0.00118278717072	0.01311755801	0.00549323604363	0.00562772204846	6.55188228681e-05	1.37934363933e-05	0.00684844116927	0.00238971285514	6.89671819665e-06	0	0	0	0	3.44835909832e-05	0	0.000368974423521	8.62089774581e-05	0	0	0	3.44835909832e-06	0	0	2.75868727866e-05	3.44835909832e-06	0	3.44835909832e-06	0	0	0	0.00230695223678	1.0345077295e-05	0	6.89671819665e-06	3.44835909832e-06	0.000541392378437	0.00377250485357	0.00105519788409	5.51737455732e-05	0	1.72417954916e-05	0.00106554296138	0	0	0	0	0	0	0	0.000500012069257	0.000100002413851	4.48286682782e-05	1.0345077295e-05	0	3.44835909832e-06	0	2.41385136883e-05	2.75868727866e-05	0	0	0	0	0
4.13803091799e-05	0.000413803091799	0.00145175918039	0	0	0	1.0345077295e-05	0.00134830840744	3.10352318849e-05	0.000106899132048	0	0.00132072153466	0	0.000317249037046	3.44835909832e-05	0	2.06901545899e-05	0.0220729465884	0.00072070705155	0.00918987699703	0	0.00222074325932	0.000141382723031	0.0063760159728	0.00010345077295	0.000248281855079	0.00416561779077	0.00223798505481	0.000541392378437	0.000162072877621	0.00504839771994	3.44835909832e-06	0	3.44835909832e-06	0.00908987458318	3.44835909832e-06	0.00183452704031	6.89671819665e-06	0	0	0	0	3.44835909832e-06	0	3.44835909832e-06	0	6.89671819665e-05	0	0.000262075291473	6.89671819665e-06	0	1.72417954916e-05	4.48286682782e-05	2.75868727866e-05	0.000437941605487	0	1.0345077295e-05	3.44835909832e-06	2.41385136883e-05	1.0345077295e-05	0.000306903959751	0.0012379609163	0.00158969354433	1.0345077295e-05	0	3.44835909832e-06	3.79319500816e-05	0	0	1.72417954916e-05	0.000755190642533	0.00162417713531	0.00229315880038	0.000527598942043	1.0345077295e-05	0	0	0.000306903959751	0.000393112937209	3.44835909832e-05	4.48286682782e-05	0	0	0
0.000427596528192	0	0.000120692568441	0	3.44835909832e-05	0	0.00106554296138	0.0014483108213	0.00100002413851	1.0345077295e-05	0.00110692327056	0.00805881521278	0.000758639001631	0	0.000593117764912	1.0345077295e-05	0	0.00072070705155	0.00915539340605	0.00441045128676	0.000265523650571	0.000100002413851	6.89671819665e-06	0.000137934363933	6.55188228681e-05	0	0.00161038369892	0.000113795850245	0.000624152996796	0.000224143341391	0.000206901545899	1.37934363933e-05	0	0	0.00570358594863	0	2.06901545899e-05	0	0	0	0	0	0	0	6.89671819665e-06	0	3.44835909832e-06	0	0	0	0	0	0	0	0	0	0	0	0	6.89671819665e-06	0	0	1.37934363933e-05	0	0	0	0	0	0	0	0.000582772687617	5.51737455732e-05	0.00381043680365	0.000241385136883	2.41385136883e-05	0	0	0	6.89671819665e-06	0	0	0	0	0
0.000196556468604	0.00215177607735	0.000627601355895	0	2.41385136883e-05	0	0.000255178573276	0.00254488901456	0.000193108109506	5.17253864748e-05	0.000603462842207	0.010696809923	0.000234488418686	0.00053449566024	6.89671819665e-05	2.41385136883e-05	1.72417954916e-05	0.00918987699703	0.00441045128676	0.0321904321828	0.000137934363933	0.0016414189308	8.96573365564e-05	0.00248281855079	0.000282765446062	0.000424148169094	0.0121865010535	0.00428286200012	0.00127244450728	0.000462080119175	0.00426906856372	3.44835909832e-06	1.72417954916e-05	3.44835909832e-06	0.017359039701	1.72417954916e-05	0.00357594838496	2.06901545899e-05	0	3.44835909832e-06	6.89671819665e-06	3.44835909832e-06	1.0345077295e-05	6.89671819665e-06	5.17253864748e-05	0	0.000148279441228	3.44835909832e-06	0.000424148169094	2.41385136883e-05	6.89671819665e-06	2.75868727866e-05	2.75868727866e-05	3.44835909832e-05	5.17253864748e-05	3.44835909832e-06	1.37934363933e-05	4.82770273765e-05	6.89671819665e-05	4.82770273765e-05	0.00240350629153	0.00394147444938	0.00363801884873	1.72417954916e-05	6.89671819665e-06	1.37934363933e-05	5.86221046715e-05	0	0	6.89671819665e-06	0.00604152514026	0.00294834702907	0.0130037621598	0.00203798022711	2.41385136883e-05	3.10352318849e-05	0	8.27606183598e-05	0.000113795850245	4.82770273765e-05	4.82770273765e-05	6.89671819665e-06	0	0
3.79319500816e-05	0	1.0345077295e-05	0	0.0107864672596	1.0345077295e-05	0.0014414141031	6.89671819665e-05	0.000672430024173	0.000403458014504	0.00381388516275	0.00139658543482	0.0134727389971	6.89671819665e-06	0.000162072877621	0.000351732628029	0	0	0.000265523650571	0.000137934363933	0.0193556396189	0	0	3.44835909832e-06	0.00667602321435	2.75868727866e-05	0.000220694982293	2.41385136883e-05	0.00260695947833	1.37934363933e-05	0	3.44835909832e-06	0.000110347491146	0	0.00183797539941	0	0	0	0	4.48286682782e-05	0	0	0	0	6.89671819665e-05	0	2.75868727866e-05	1.37934363933e-05	2.75868727866e-05	0	0	0	0	0	0	4.13803091799e-05	0	3.44835909832e-06	3.44835909832e-06	4.82770273765e-05	2.75868727866e-05	0	0	1.0345077295e-05	0	0	0	0	0	0	0.000462080119175	7.24155410648e-05	0.00206901545899	6.20704637698e-05	0.000224143341391	8.96573365564e-05	4.48286682782e-05	3.44835909832e-06	0	0	0	6.89671819665e-06	0	0
6.89671819665e-05	0.000248281855079	0.00153451979875	0	3.44835909832e-06	6.89671819665e-06	4.82770273765e-05	0.00096554054753	0.00010345077295	2.75868727866e-05	2.41385136883e-05	0.000372422782619	2.41385136883e-05	6.89671819665e-06	4.48286682782e-05	0.000793122592614	0.00118278717072	0.00222074325932	0.000100002413851	0.0016414189308	0	0.0369077874294	0.00207936053629	0.0216832820103	0.000948298752039	6.89671819665e-06	0.00134486004835	0.00183107868121	0.00921401551072	0.000851744697286	0.00789674233516	0	3.44835909832e-05	0.000344835909832	0.00659326259599	2.75868727866e-05	0.000810364388106	0.000113795850245	0	0	0	3.44835909832e-06	6.20704637698e-05	1.0345077295e-05	5.86221046715e-05	1.0345077295e-05	0	6.89671819665e-06	3.44835909832e-06	1.72417954916e-05	0	0.00115520029794	0.000210349904998	0	6.55188228681e-05	1.37934363933e-05	0.000634498074091	0.00210349904998	0.00124830599359	0.000179314673113	6.20704637698e-05	0.000320697396144	0.00117589045253	3.44835909832e-05	3.44835909832e-06	1.72417954916e-05	0	0	0	2.41385136883e-05	0.00255178573276	0.000762087360729	0.00557944502109	0.00392078429479	0.000148279441228	0.000131037645736	0	0.000155176159425	0.000158624518523	0.000379319500816	0.000510357146552	0	0	0
3.10352318849e-05	0.00303800436562	0.000251730214178	0	3.44835909832e-06	0	6.89671819665e-06	1.72417954916e-05	3.10352318849e-05	0.00828985527237	1.37934363933e-05	3.10352318849e-05	1.37934363933e-05	0.000100002413851	1.72417954916e-05	1.72417954916e-05	0.01311755801	0.000141382723031	6.89671819665e-06	8.96573365564e-05	0	0.00207936053629	0.0346387671427	0.00872434851876	0.00773122109844	0.00096554054753	0.000179314673113	0.0132968726831	0.00242419644612	2.41385136883e-05	4.48286682782e-05	3.44835909832e-06	0	0	0.00014483108213	3.44835909832e-06	0.00224143341391	0.000248281855079	0	0	0	3.44835909832e-06	1.37934363933e-05	1.37934363933e-05	0.00010345077295	3.44835909832e-06	6.89671819665e-06	3.44835909832e-06	1.37934363933e-05	2.06901545899e-05	0	0.00672430024173	0.000179314673113	3.44835909832e-06	2.06901545899e-05	3.44835909832e-06	0.00211039576817	0.0113795850245	0.00337594355726	0.000351732628029	5.17253864748e-05	0.000127589286638	0.00342766894373	0.000324145755242	0	0	1.72417954916e-05	0	0	3.44835909832e-06	0.00113795850245	0.000100002413851	0.00016552123672	3.79319500816e-05	1.37934363933e-05	3.44835909832e-06	0	0.000189659750408	0.000348284268931	0.000134486004835	0.000131037645736	0	0	0
8.62089774581e-05	0.000537944019338	0.00976575296645	0	6.89671819665e-06	3.44835909832e-06	6.20704637698e-05	0.00334835668447	0.00010345077295	0.000196556468604	9.6554054753e-05	0.00065863658778	3.10352318849e-05	2.06901545899e-05	6.20704637698e-05	0.00131727317556	0.00549323604363	0.0063760159728	0.000137934363933	0.00248281855079	3.44835909832e-06	0.0216832820103	0.00872434851876	0.072001737973	0.000362077705324	1.37934363933e-05	0.00335870176177	0.0112140637877	0.00718293200181	0.000189659750408	0.00419665302266	0	3.10352318849e-05	0.000148279441228	0.00672085188263	6.89671819665e-05	0.00345525581652	0.00148279441228	0	0	0	3.44835909832e-06	9.31056956547e-05	3.10352318849e-05	0.000113795850245	1.72417954916e-05	2.41385136883e-05	6.89671819665e-06	1.0345077295e-05	7.24155410648e-05	0	0.00611394068133	0.000820709465401	1.37934363933e-05	0.000313800677947	2.41385136883e-05	0.00113795850245	0.00942781377482	0.00567944743494	0.000327594114341	0.000213798264096	0.00127589286638	0.00570358594863	7.58639001631e-05	3.79319500816e-05	5.17253864748e-05	0	0	3.44835909832e-06	0.000227591700489	0.00949678095678	0.00221729490022	0.00783812023049	0.00891400826917	0.000365526064422	5.51737455732e-05	0	0.000748293924336	0.000727603769746	0.00156210667154	0.00256557916915	6.89671819665e-06	0	0
0.00291386343808	0.00127244450728	8.62089774581e-05	0	0.00951402275227	0.000106899132048	0.001648315649	0.00238281613694	0.00128278958458	0.0184763080488	0.000196556468604	0.000248281855079	0.00800019310811	0	0.00175521478105	0.00294145031087	0.00562772204846	0.00010345077295	6.55188228681e-05	0.000282765446062	0.00667602321435	0.000948298752039	0.00773122109844	0.000362077705324	0.0548323580224	8.27606183598e-05	0.000237936777784	0.0047311486829	0.0239660957333	0.00522426403396	0.00332076981169	0	8.27606183598e-05	5.86221046715e-05	0.00180004344932	2.41385136883e-05	0.000486218632864	1.37934363933e-05	0	0.000386216219012	0	0.000131037645736	8.27606183598e-05	0.000389664578111	0.0053484049615	6.55188228681e-05	3.10352318849e-05	8.62089774581e-05	0	8.96573365564e-05	6.89671819665e-06	0.00201729007252	5.17253864748e-05	3.79319500816e-05	2.06901545899e-05	0.000344835909832	0.000320697396144	0.0022690202867	0.000282765446062	0.00486908304683	9.31056956547e-05	0.000300007241554	0.000765535719828	0.000920711879252	0.000282765446062	2.41385136883e-05	6.89671819665e-06	3.44835909832e-06	0.000306903959751	0.00145865589859	0.00196556468604	8.62089774581e-05	0.0035035328439	0.00133796333015	5.17253864748e-05	2.41385136883e-05	0	0.00139313707572	0.000558634173928	0.00181038852662	0.0016414189308	3.44835909832e-05	0.000234488418686	1.0345077295e-05
3.44835909832e-06	0.00330352801619	6.89671819665e-05	0	0	0	3.79319500816e-05	3.79319500816e-05	2.41385136883e-05	0.000651739869583	5.17253864748e-05	0.00433803574569	4.82770273765e-05	0.00729672785205	2.06901545899e-05	0	6.55188228681e-05	0.000248281855079	0	0.000424148169094	2.75868727866e-05	6.89671819665e-06	0.00096554054753	1.37934363933e-05	8.27606183598e-05	0.0147486318635	0.00418285958627	0.00388285234471	2.75868727866e-05	3.44835909832e-06	3.44835909832e-05	0.000648291510485	1.37934363933e-05	0	0.000303455600652	0	0.000993127420317	1.0345077295e-05	0	0	0	0	0	0	1.37934363933e-05	0	0.0030897297521	0	0.00675878383271	0	0	1.0345077295e-05	3.44835909832e-06	1.72417954916e-05	0.000120692568441	0	0	3.44835909832e-05	0	1.72417954916e-05	0.00613118247682	0.00170348939457	0.0020483253044	0	0	0	0.00105174952499	0	0	3.44835909832e-06	3.79319500816e-05	0.00134830840744	0.000468976837372	4.82770273765e-05	0	0	0.00104140444769	0.000189659750408	0.000248281855079	3.44835909832e-06	3.44835909832e-06	0	0	3.44835909832e-06
0.000268972009669	0.00706568779246	0.00582427851707	0	2.41385136883e-05	0	0.000855193056384	0.0026793750194	0.00065863658778	0.000151727800326	0.000672430024173	0.0105347370454	0.000675878383271	0.00668636829165	0.000368974423521	2.06901545899e-05	1.37934363933e-05	0.00416561779077	0.00161038369892	0.0121865010535	0.000220694982293	0.00134486004835	0.000179314673113	0.00335870176177	0.000237936777784	0.00418285958627	0.0662050463287	0.0211694765046	0.00139313707572	0.000196556468604	0.0028724831289	0.00202073843162	3.44835909832e-06	0	0.00808640208557	0.000137934363933	0.0115485546203	6.89671819665e-05	0	1.37934363933e-05	0	4.13803091799e-05	7.58639001631e-05	4.48286682782e-05	9.6554054753e-05	1.37934363933e-05	0.00197246140424	3.79319500816e-05	0.00529667957502	0.000206901545899	0	0.000106899132048	0.000786225874418	0.000368974423521	0.00201729007252	3.10352318849e-05	0.000462080119175	0.000189659750408	0.000686223460566	0.000158624518523	0.0124106443949	0.0175866314014	0.0149176014593	0.000155176159425	0.000234488418686	0.000455183400979	0.0020483253044	0	0.000134486004835	0.000220694982293	0.00453804057339	0.00323800919333	0.00887607631908	0.00168279923998	3.44835909832e-05	1.37934363933e-05	1.37934363933e-05	0.00115864865704	0.00157934846703	0.000296558882456	0.000158624518523	0	0	0
0.000186211391309	0.01097612701	0.0150555358233	0	3.44835909832e-06	0	0.000272420368768	0.00255868245096	0.000479321914667	0.00382423024004	0.000189659750408	0.0028828282062	6.55188228681e-05	0.0032931829389	0.000268972009669	3.10352318849e-05	0.00684844116927	0.00223798505481	0.000113795850245	0.00428286200012	2.41385136883e-05	0.00183107868121	0.0132968726831	0.0112140637877	0.0047311486829	0.00388285234471	0.0211694765046	0.0834399451021	0.00158624518523	0.000186211391309	0.00252764721907	0.000524150582945	1.0345077295e-05	6.89671819665e-06	0.00559668681658	4.82770273765e-05	0.0211005093226	0.00262764963292	0	0	0	2.75868727866e-05	3.79319500816e-05	2.41385136883e-05	0.000110347491146	1.0345077295e-05	0.000344835909832	3.10352318849e-05	0.00118968388892	0.000100002413851	0	0.000258626932374	0.00238626449604	3.79319500816e-05	0.000627601355895	5.17253864748e-05	5.86221046715e-05	0.00221384654112	0.00195177124965	0.000175866314014	0.00421734317725	0.00682430265558	0.0166004006993	2.75868727866e-05	8.96573365564e-05	0.000113795850245	0.000548289096633	0	3.10352318849e-05	0.000179314673113	0.00642774135927	0.00120347732531	0.00612428575862	0.00133106661195	5.51737455732e-05	1.72417954916e-05	2.06901545899e-05	0.00161038369892	0.0020586703817	0.000293110523357	0.000331042473439	0	0	0
0.00487253140593	0.000224143341391	0.00353111971668	0	0.00674499039632	3.79319500816e-05	0.00264144306932	0.0310283351667	0.00408285717241	0.00853813712745	0.00361388033504	0.00206901545899	0.0024655767553	1.37934363933e-05	0.0026690299421	0.00179314673113	0.00238971285514	0.000541392378437	0.000624152996796	0.00127244450728	0.00260695947833	0.00921401551072	0.00242419644612	0.00718293200181	0.0239660957333	2.75868727866e-05	0.00139313707572	0.00158624518523	0.0884124789219	0.00617945950419	0.0106381878183	0	0.000137934363933	6.20704637698e-05	0.00993127420317	9.6554054753e-05	0.000896573365564	4.82770273765e-05	0	0.00270351353309	3.44835909832e-06	0.00045173504188	0.000179314673113	0.000706913615156	0.00715189676992	0.000800019310811	8.62089774581e-05	0.000262075291473	1.0345077295e-05	0.000265523650571	1.0345077295e-05	0.00291386343808	0.000206901545899	9.31056956547e-05	8.27606183598e-05	0.00234488418686	0.00141382723031	0.00567255071674	0.00156900338974	0.0132141120648	0.000134486004835	0.000589669405813	0.00145865589859	0.00496218874249	0.000272420368768	0.000120692568441	0	3.44835909832e-06	0.000182763032211	0.00128623794367	0.00384836875373	0.000310352318849	0.0130485908281	0.00419665302266	0.000734500487943	0.000565530892125	2.41385136883e-05	0.00254488901456	0.00166210908539	0.00211384412727	0.00183797539941	0.000137934363933	0.000200004827703	6.89671819665e-06
0.00939333018383	0.000106899132048	0.000117244209343	0	6.89671819665e-05	3.44835909832e-05	0.000786225874418	0.00274834220136	0.00167245416269	0.00112761342515	9.6554054753e-05	0.000655188228681	0.00014483108213	3.79319500816e-05	0.00622773653157	0.000127589286638	6.89671819665e-06	0.000162072877621	0.000224143341391	0.000462080119175	1.37934363933e-05	0.000851744697286	2.41385136883e-05	0.000189659750408	0.00522426403396	3.44835909832e-06	0.000196556468604	0.000186211391309	0.00617945950419	0.0231971116544	0.00896918201474	0	0.000520702223847	0.000941402033842	0.00540357870707	0	0.000100002413851	3.44835909832e-06	0	0	0	2.06901545899e-05	3.10352318849e-05	2.41385136883e-05	0.000737948847041	1.37934363933e-05	6.89671819665e-06	2.06901545899e-05	3.44835909832e-06	3.44835909832e-06	3.44835909832e-06	6.89671819665e-06	3.44835909832e-06	3.44835909832e-06	3.44835909832e-06	1.72417954916e-05	1.0345077295e-05	3.44835909832e-05	6.89671819665e-06	0.000365526064422	3.10352318849e-05	0.000100002413851	0.000175866314014	1.72417954916e-05	3.44835909832e-05	0	0	0	3.79319500816e-05	0.000117244209343	0.000300007241554	7.24155410648e-05	0.00536909511609	0.00173107626736	2.06901545899e-05	6.89671819665e-05	3.44835909832e-06	0.000224143341391	0.000106899132048	0.000217246623194	0.000110347491146	0	0.00012414092754	3.44835909832e-06
0.00749673267975	0.000613807919502	0.00173797298555	0	0	0	0.000331042473439	0.0146072491405	0.00141382723031	0.000610359560403	3.44835909832e-05	0.000531047301142	5.51737455732e-05	3.44835909832e-05	0.00378974664906	3.10352318849e-05	0	0.00504839771994	0.000206901545899	0.00426906856372	0	0.00789674233516	4.48286682782e-05	0.00419665302266	0.00332076981169	3.44835909832e-05	0.0028724831289	0.00252764721907	0.0106381878183	0.00896918201474	0.0484459969723	0	6.89671819665e-06	0.000244833495981	0.0130416941099	1.72417954916e-05	0.000910366801957	5.17253864748e-05	0	0	0	0	5.17253864748e-05	2.41385136883e-05	0.000424148169094	3.44835909832e-06	2.75868727866e-05	0	2.75868727866e-05	1.72417954916e-05	0	4.48286682782e-05	8.62089774581e-05	6.89671819665e-06	9.31056956547e-05	6.89671819665e-06	1.37934363933e-05	4.13803091799e-05	0.000262075291473	0.000282765446062	0.00010345077295	0.00057587596942	0.000924160238351	4.48286682782e-05	6.89671819665e-06	1.37934363933e-05	3.44835909832e-06	0	1.0345077295e-05	8.62089774581e-05	0.000265523650571	0.000468976837372	0.00656222736411	0.00276213563776	0.000120692568441	1.37934363933e-05	3.44835909832e-06	0.000286213805161	0.000148279441228	0.000310352318849	0.000337939191636	0	5.86221046715e-05	0
3.44835909832e-06	0.000148279441228	3.44835909832e-06	0	0	0	0	3.44835909832e-06	0	0	6.89671819665e-06	0.000893125006466	0	0.00127244450728	0	0	0	3.44835909832e-06	1.37934363933e-05	3.44835909832e-06	3.44835909832e-06	0	3.44835909832e-06	0	0	0.000648291510485	0.00202073843162	0.000524150582945	0	0	0	0.00238971285514	0	0	1.72417954916e-05	0	6.89671819665e-06	0	0	0	0	0	0	0	3.44835909832e-06	0	0.000189659750408	0	0.000820709465401	0	0	0	0	6.89671819665e-06	0	0	0	3.44835909832e-06	0	3.44835909832e-06	0.000831054542696	0.000368974423521	0.000262075291473	0	0	0	0.000293110523357	0	0	0	0	0.00010345077295	7.93122592614e-05	0	0	0	3.44835909832e-06	0	1.72417954916e-05	3.44835909832e-06	0	0	0	0
3.44835909832e-06	0	6.89671819665e-06	0	2.75868727866e-05	0.00252764721907	0.000644843151386	0.00010345077295	0.000324145755242	0.000141382723031	0.000348284268931	0.000310352318849	0.000255178573276	4.82770273765e-05	0.000824157824499	0.000668981665075	0	0	0	1.72417954916e-05	0.000110347491146	3.44835909832e-05	0	3.10352318849e-05	8.27606183598e-05	1.37934363933e-05	3.44835909832e-06	1.0345077295e-05	0.000137934363933	0.000520702223847	6.89671819665e-06	0	0.00549323604363	0	0.00126209942999	0	6.89671819665e-06	0	0	0	0	3.44835909832e-06	0	0	3.44835909832e-05	0	1.37934363933e-05	0	1.37934363933e-05	3.44835909832e-06	0	3.44835909832e-06	0	0	0	3.44835909832e-06	0	6.89671819665e-06	0	2.41385136883e-05	1.37934363933e-05	6.89671819665e-06	3.10352318849e-05	6.89671819665e-06	3.44835909832e-06	0	0	0	0	3.44835909832e-06	0.000886228288269	2.75868727866e-05	0.0012345125572	0.000400009655405	0.00119313224802	0.00149658784867	2.06901545899e-05	7.24155410648e-05	3.79319500816e-05	1.0345077295e-05	3.44835909832e-06	0	0	0
1.72417954916e-05	3.44835909832e-06	3.44835909832e-06	0	0	0	0	1.37934363933e-05	0	1.0345077295e-05	0	0	0	0	6.89671819665e-06	0	0	3.44835909832e-06	0	3.44835909832e-06	0	0.000344835909832	0	0.000148279441228	5.86221046715e-05	0	0	6.89671819665e-06	6.20704637698e-05	0.000941402033842	0.000244833495981	0	0	0.00148279441228	0.000668981665075	0	3.44835909832e-06	0	0	0	0	0	0	0	3.44835909832e-06	0	0	0	0	0	0	0	0	0	0	0	0	0	0	0	0	3.44835909832e-06	3.44835909832e-06	0	0	0	0	0	0	0	0	0	0.000420699809995	3.44835909832e-06	0	0	0	3.44835909832e-06	0	3.44835909832e-06	3.44835909832e-06	0	0	0
0.00486908304683	0.00191383929957	0.00150348456687	0	0.000182763032211	0.000631049714993	0.00457597252347	0.0120485666895	0.00762087360729	0.0004103547327	0.00578289820789	0.0184935498443	0.00295179538816	0.000403458014504	0.0059656612401	6.89671819665e-05	3.44835909832e-05	0.00908987458318	0.00570358594863	0.017359039701	0.00183797539941	0.00659326259599	0.00014483108213	0.00672085188263	0.00180004344932	0.000303455600652	0.00808640208557	0.00559668681658	0.00993127420317	0.00540357870707	0.0130416941099	1.72417954916e-05	0.00126209942999	0.000668981665075	0.064742942071	2.75868727866e-05	0.00292420851538	2.41385136883e-05	0	1.0345077295e-05	0	1.37934363933e-05	1.37934363933e-05	2.06901545899e-05	0.000268972009669	3.44835909832e-06	0.000203453186801	6.89671819665e-06	0.000286213805161	2.75868727866e-05	0	5.17253864748e-05	3.79319500816e-05	1.0345077295e-05	7.24155410648e-05	1.0345077295e-05	2.41385136883e-05	3.10352318849e-05	8.27606183598e-05	0.000258626932374	0.00139658543482	0.00248971526899	0.00262420127382	2.41385136883e-05	2.06901545899e-05	1.37934363933e-05	1.72417954916e-05	0	6.89671819665e-06	4.48286682782e-05	0.0057587596942	0.000927608597449	0.0388112816516	0.00448631518692	0.000237936777784	0.000937953674744	0.000227591700489	0.000189659750408	0.000186211391309	0.000117244209343	0.000120692568441	0	2.75868727866e-05	0
