0.0351979910563	5.65581002511e-05	0.00333692791482	0	0.0016665786874	0.000207379700921	0.00317856523411	0.0128877057772	0.00772960703432	0.000392136161741	0.00719796089196	0.000618368562746	0.00277511745232	6.78697203013e-05	0.0266690295384	0.00016213322072	0.000139509980619	0.0014403462864	2.26232401004e-05	0.000169674300753	0.00306167849359	0.00438890857949	0.000237544021055	0.00552761166454	0.00260544315157	1.13116200502e-05	0.000859683123817	0.000546728302427	0.00593482998635	0.0176989148386	0.00834420505705	4.52464802009e-05	0.000539187222394	0.00167034922742	0.0040759537581	3.39348601507e-05	1.88527000837e-05	2.63937801172e-05	0	7.54108003348e-05	0	9.42635004185e-05	0.000275249421222	0.00016213322072	0.0010821449848	9.42635004185e-05	7.54108003348e-06	1.88527000837e-05	0	9.42635004185e-05	6.03286402679e-05	7.16402603181e-05	7.54108003348e-06	0	7.54108003348e-06	3.77054001674e-05	2.63937801172e-05	0.000131968900586	5.27875602344e-05	0.000878535823901	0	2.26232401004e-05	4.14759401842e-05	0.000388365621724	2.63937801172e-05	7.91813403516e-05	0	0	0	4.14759401842e-05	0.000810666103599	0.000252626181122	0.00280528177246	0.000565581002511	7.54108003348e-05	4.90170202176e-05	1.5082160067e-05	0.000101804580452	1.88527000837e-05	6.40991802846e-05	1.88527000837e-05	0.000177215380787	3.01643201339e-05	0
5.65581002511e-05	0.0253983575528	0.00493563688191	0	3.77054001674e-06	0	7.54108003348e-06	9.04929604018e-05	7.54108003348e-06	0.000720173143198	3.77054001674e-06	0.000384595081708	7.54108003348e-06	0.000610827482712	6.40991802846e-05	1.13116200502e-05	0.00111230930494	0.00146674006651	6.40991802846e-05	0.00103312796459	3.77054001674e-06	0.000260167261155	0.00372529353654	0.000595745322645	0.000739025843281	0.00153838032683	0.00830272911686	0.0180382634401	0.00018475646082	0.000109345660485	0.000154592140686	0.000128198360569	7.54108003348e-06	2.26232401004e-05	0.00049771128221	0	0.00999570158438	0.00223970076994	0	1.13116200502e-05	0	4.14759401842e-05	5.27875602344e-05	4.90170202176e-05	0.000101804580452	3.01643201339e-05	0.000591974782628	0	0.00035820130159	2.63937801172e-05	4.14759401842e-05	0.000192297540854	0.002477244791	0.000350660221557	0.00160247950712	0	0.000256396721138	0.00165526706735	0.00100296364445	0.000139509980619	0.00159116788706	0.00301643201339	0.00780878837467	9.04929604018e-05	4.90170202176e-05	5.27875602344e-05	2.63937801172e-05	0	3.77054001674e-06	0.00128952468573	0.000690008823064	0.000893617983968	0.000505252362243	0.000211150240938	7.54108003348e-06	3.77054001674e-06	0	0.000757878543365	0.000331807521473	0.00104821012465	0.000350660221557	8.6722420385e-05	6.40991802846e-05	3.39348601507e-05
0.00333692791482	0.00493563688191	0.0594274812039	0	8.29518803683e-05	1.88527000837e-05	7.16402603181e-05	0.00186641730829	0.000441153181959	0.000316725361406	0.00016213322072	0.000380824541691	6.03286402679e-05	6.78697203013e-05	0.00272987097212	5.27875602344e-05	0.0015082160067	0.0156062651293	6.03286402679e-05	0.00132723008589	9.80340404353e-05	0.00802370915563	0.00216051942959	0.025892298295	0.00103312796459	7.54108003348e-06	0.0110627644091	0.0228343903414	0.00288069257279	0.00425316913888	0.00654942800908	3.77054001674e-05	4.90170202176e-05	0.000980340404353	0.00381955703696	2.26232401004e-05	0.00310692497379	0.00246970371097	0	7.54108003348e-06	0	4.14759401842e-05	0.000180985920804	9.42635004185e-05	0.000422300481875	5.65581002511e-05	0.00016213322072	0	3.39348601507e-05	5.27875602344e-05	3.39348601507e-05	0.00153460978681	0.00267331287187	5.65581002511e-05	0.000565581002511	3.77054001674e-06	0.0010142752645	0.00346135573537	0.00314840091398	0.000392136161741	7.91813403516e-05	0.000757878543365	0.00524105062327	0.000460005882042	9.80340404353e-05	0.000203609160904	0	0	7.54108003348e-06	0.00173067786768	0.00493563688191	0.00386857405718	0.00387611513721	0.00263937801172	7.54108003348e-06	1.88527000837e-05	2.63937801172e-05	0.0010368985046	0.000565581002511	0.00128198360569	0.000561810462494	0.000188527000837	9.80340404353e-05	1.5082160067e-05
0	0	0	0	0	0	0	0	0	0	0	0	0	0	0	0	0	0	0	0	0	0	0	0	0	0	0	0	0	0	0	0	0	0	0	0	0	0	0	0	0	0	0	0	0	0	0	0	0	0	0	0	0	0	0	0	0	0	0	0	0	0	0	0	0	0	0	0	0	0	0	0	0	0	0	0	0	0	0	0	0	0	0	0
0.0016665786874	3.77054001674e-06	8.29518803683e-05	0	0.0215674888958	3.39348601507e-05	0.000886076903934	0.00329168143462	0.000886076903934	0.000463776422059	0.00472448664098	0.000101804580452	0.00479989744131	1.88527000837e-05	0.00222084806986	0.000199838620887	4.52464802009e-05	4.14759401842e-05	3.77054001674e-06	1.13116200502e-05	0.00972422270318	0.000116886740519	4.90170202176e-05	0.000165903760737	0.0110816171092	0	5.65581002511e-05	4.90170202176e-05	0.00865715987844	0.00274118259217	0.000271478881205	7.54108003348e-06	0.000101804580452	0.00135362386601	0.00144788736643	2.26232401004e-05	0	0	0	0.00138755872616	0	7.91813403516e-05	0.000139509980619	0.000105575120469	0.00110099768489	0.000252626181122	7.54108003348e-06	0.000226232401004	0	4.90170202176e-05	7.54108003348e-05	7.54108003348e-06	0	0	0	0.000976569864336	3.77054001674e-06	1.5082160067e-05	0	0.00116132632516	0	0	0	0.000373283461657	1.88527000837e-05	1.13116200502e-05	0	0	7.54108003348e-06	1.88527000837e-05	0.000407218321808	5.27875602344e-05	0.000957717164252	0.000245085101088	0.000316725361406	1.88527000837e-05	1.13116200502e-05	2.26232401004e-05	3.77054001674e-06	1.88527000837e-05	0	0.000135739440603	3.77054001674e-06	0
0.000207379700921	0	1.88527000837e-05	0	3.39348601507e-05	0.00455481234022	0.00137624710611	0.000147051060653	0.00124804874554	7.54108003348e-06	0.000305413741356	4.90170202176e-05	0.000267708341189	1.13116200502e-05	0.00120657280536	0.000475088042109	0	1.13116200502e-05	0	1.13116200502e-05	9.42635004185e-05	1.5082160067e-05	0	3.39348601507e-05	6.03286402679e-05	0	2.63937801172e-05	1.5082160067e-05	9.04929604018e-05	0.00123673712549	3.39348601507e-05	0	0.00189658162842	4.90170202176e-05	0.000980340404353	0	0	0	0	0	0	0	1.13116200502e-05	0	1.88527000837e-05	3.77054001674e-06	0	0	0	0	0	0	0	0	0	0	0	0	0	1.88527000837e-05	0	0	0	1.13116200502e-05	3.77054001674e-06	0	0	0	0	0	9.42635004185e-05	2.26232401004e-05	0.000256396721138	9.42635004185e-05	0.000870994743867	0.000818207183633	0	0	0	0	0	0	0	0
0.00317856523411	7.54108003348e-06	7.16402603181e-05	0	0.000886076903934	0.00137624710611	0.0236827618452	0.00135362386601	0.00739025843281	4.14759401842e-05	0.00951684300225	0.000203609160904	0.00900404955998	2.26232401004e-05	0.00616483292737	0.00292216851297	3.77054001674e-05	6.03286402679e-05	7.54108003348e-06	2.63937801172e-05	0.00366496489627	9.42635004185e-05	2.63937801172e-05	0.000192297540854	0.000750337463331	3.77054001674e-06	0.000135739440603	4.52464802009e-05	0.00082197772365	0.00381578649694	0.000154592140686	1.5082160067e-05	0.000806895563583	0.000354430761574	0.00176838326785	3.77054001674e-06	3.77054001674e-06	3.77054001674e-06	0	0	0	7.54108003348e-06	3.01643201339e-05	1.5082160067e-05	8.6722420385e-05	7.54108003348e-06	0	7.54108003348e-06	0	7.54108003348e-06	0	1.13116200502e-05	0	0	0	0	7.54108003348e-06	1.88527000837e-05	1.13116200502e-05	7.91813403516e-05	0	0	7.54108003348e-06	4.90170202176e-05	0	3.77054001674e-06	0	0	0	1.13116200502e-05	0.000414759401842	9.42635004185e-05	0.00110476822491	0.000245085101088	0.000188527000837	9.80340404353e-05	3.77054001674e-06	1.5082160067e-05	0	3.01643201339e-05	1.5082160067e-05	1.5082160067e-05	7.54108003348e-06	3.77054001674e-06
0.0128877057772	9.04929604018e-05	0.00186641730829	0	0.00329168143462	0.000147051060653	0.00135362386601	0.0531759258561	0.00479612690129	0.00169674300753	0.00755239165353	0.000373283461657	0.000637221262829	3.39348601507e-05	0.0117603143122	0.000241314561071	0.00110476822491	0.000460005882042	2.26232401004e-05	0.000105575120469	0.00100296364445	0.00282413447254	0.00116132632516	0.00491678418183	0.00813305481611	3.01643201339e-05	0.000448694261992	0.000806895563583	0.0300587450135	0.0135550913602	0.0105424298868	2.63937801172e-05	0.00034688968154	0.00703582767124	0.00663237988945	0.000177215380787	3.39348601507e-05	3.01643201339e-05	0	0.000456235342026	0	0.000471317502093	0.00104821012465	0.000648532882879	0.00593860052637	0.000429841561908	7.91813403516e-05	0.000105575120469	7.54108003348e-06	0.000392136161741	0.000286561041272	0.000180985920804	3.01643201339e-05	0	1.5082160067e-05	0.000177215380787	0.000124427820552	0.000388365621724	0.000135739440603	0.00498465390213	0	3.01643201339e-05	7.54108003348e-05	0.00207379700921	0.000222461860988	0.000252626181122	0	3.77054001674e-06	6.40991802846e-05	0.000143280520636	0.00223215968991	0.000516563982294	0.00391759107739	0.00141772304629	0.00017344484077	8.6722420385e-05	2.63937801172e-05	0.000501481822227	4.90170202176e-05	0.000237544021055	9.42635004185e-05	0.000761649083382	0.00015082160067	1.13116200502e-05
0.00772960703432	7.54108003348e-06	0.000441153181959	0	0.000886076903934	0.00124804874554	0.00739025843281	0.00479612690129	0.0280452766445	0.000113116200502	0.00849502665772	0.000384595081708	0.00275626475224	4.90170202176e-05	0.017122022216	0.0008559125838	4.52464802009e-05	0.000154592140686	2.26232401004e-05	7.16402603181e-05	0.00163264382725	0.000622139102762	5.65581002511e-05	0.00084460096375	0.00122542550544	3.77054001674e-06	0.000275249421222	0.000135739440603	0.00188527000837	0.00719796089196	0.000784272323482	2.63937801172e-05	0.00269216557195	0.000618368562746	0.00323889387438	0	1.5082160067e-05	1.13116200502e-05	0	1.88527000837e-05	0	2.26232401004e-05	7.16402603181e-05	2.26232401004e-05	0.000290331581289	2.26232401004e-05	3.77054001674e-06	7.54108003348e-06	7.54108003348e-06	1.88527000837e-05	7.54108003348e-06	2.26232401004e-05	0	0	7.54108003348e-06	1.13116200502e-05	1.88527000837e-05	3.77054001674e-05	1.88527000837e-05	0.000290331581289	3.77054001674e-06	7.54108003348e-06	1.13116200502e-05	0.000124427820552	1.88527000837e-05	1.5082160067e-05	0	0	0	3.77054001674e-06	0.000595745322645	0.00015082160067	0.00216051942959	0.000565581002511	0.000203609160904	0.000267708341189	1.13116200502e-05	1.5082160067e-05	3.77054001674e-06	1.88527000837e-05	7.54108003348e-06	3.39348601507e-05	0	0
0.000392136161741	0.000720173143198	0.000316725361406	0	0.000463776422059	7.54108003348e-06	4.14759401842e-05	0.00169674300753	0.000113116200502	0.0192712300256	0.000192297540854	3.39348601507e-05	0.000969028784302	4.52464802009e-05	0.000433612101925	0.000135739440603	0.00182871190812	0.000165903760737	0	3.77054001674e-05	0.000512793442277	0.00120280226534	0.00628926074792	0.00143280520636	0.00660975664935	3.77054001674e-05	0.000263937801172	0.00117263794521	0.00443038451967	0.00123296658547	0.00248478587103	1.88527000837e-05	1.5082160067e-05	0.000723943683214	0.00110853876492	0.00017344484077	6.40991802846e-05	4.52464802009e-05	0	0.00016213322072	0	0.00016213322072	0.000935093924152	0.000350660221557	0.00670024960975	0.000252626181122	3.01643201339e-05	0.000154592140686	7.54108003348e-06	0.000203609160904	0.000131968900586	0.000610827482712	4.14759401842e-05	0	1.88527000837e-05	0.000147051060653	0.000331807521473	0.00234527589041	0.000207379700921	0.00346135573537	1.13116200502e-05	1.88527000837e-05	9.04929604018e-05	0.00175330110778	0.000158362680703	0.000788042863499	0	0	3.39348601507e-05	0.000214920780954	0.00112739146501	0.000369512921641	0.000569351542528	0.000294102121306	0.000863453663834	1.13116200502e-05	0	0.000558039922478	7.16402603181e-05	0.000222461860988	0.00016213322072	0.000452464802009	0.000128198360569	0
0.00719796089196	3.77054001674e-06	0.00016213322072	0	0.00472448664098	0.000305413741356	0.00951684300225	0.00755239165353	0.00849502665772	0.000192297540854	0.0420867676669	0.000380824541691	0.00724320737216	3.39348601507e-05	0.00987127376383	0.000633450722813	4.52464802009e-05	9.04929604018e-05	3.39348601507e-05	0.000101804580452	0.00996176672423	0.000218691320971	3.77054001674e-05	0.00035820130159	0.00436628533939	3.77054001674e-06	0.000301643201339	8.6722420385e-05	0.00719419035194	0.00741288167291	0.000463776422059	2.63937801172e-05	0.00048639966216	0.00284675771264	0.00366873543629	7.54108003348e-06	7.54108003348e-06	3.77054001674e-06	0	0.000222461860988	0	4.52464802009e-05	8.29518803683e-05	5.27875602344e-05	0.000969028784302	0.000188527000837	3.77054001674e-06	9.80340404353e-05	0	2.63937801172e-05	2.63937801172e-05	3.77054001674e-06	0	0	0	0.00018475646082	3.77054001674e-06	7.54108003348e-06	3.77054001674e-06	0.000874765283884	0	3.77054001674e-06	1.13116200502e-05	0.000267708341189	3.77054001674e-06	7.54108003348e-06	0	0	0	7.54108003348e-06	0.000788042863499	0.000143280520636	0.00225478293001	0.000490170202176	0.000120657280536	4.90170202176e-05	3.77054001674e-06	3.01643201339e-05	0	3.77054001674e-06	0	0.000101804580452	1.13116200502e-05	0
0.000618368562746	0.000384595081708	0.000380824541691	0	0.000101804580452	4.90170202176e-05	0.000203609160904	0.000373283461657	0.000384595081708	3.39348601507e-05	0.000380824541691	0.0229060306017	0.000267708341189	0.00364988273621	0.00195313972867	1.88527000837e-05	7.16402603181e-05	0.000456235342026	0.00149690438665	0.00288069257279	0.000256396721138	0.00018475646082	7.91813403516e-05	0.000395906701758	0.000199838620887	0.00109722714487	0.0100824240048	0.00212658456944	0.000260167261155	0.00345758519535	0.000169674300753	0.0017570716478	0.000328036981456	0.000403447781791	0.00694910525085	0	0.000131968900586	2.63937801172e-05	0	3.77054001674e-06	0	7.54108003348e-06	1.13116200502e-05	1.5082160067e-05	4.52464802009e-05	3.77054001674e-06	0.000441153181959	3.77054001674e-06	0.000384595081708	1.13116200502e-05	0	1.5082160067e-05	2.63937801172e-05	6.40991802846e-05	7.54108003348e-05	3.77054001674e-06	7.54108003348e-06	3.01643201339e-05	1.88527000837e-05	3.01643201339e-05	0.000716402603181	0.000301643201339	0.000158362680703	3.39348601507e-05	0	7.54108003348e-06	3.39348601507e-05	0	0	5.65581002511e-05	0.00116509686517	0.00349906113554	0.00694156417082	0.000539187222394	2.26232401004e-05	3.01643201339e-05	0.000576892622561	2.63937801172e-05	6.78697203013e-05	8.29518803683e-05	3.77054001674e-05	7.54108003348e-06	7.54108003348e-06	6.40991802846e-05
0.00277511745232	7.54108003348e-06	6.03286402679e-05	0	0.00479989744131	0.000267708341189	0.00900404955998	0.000637221262829	0.00275626475224	0.000969028784302	0.00724320737216	0.000267708341189	0.0328074686857	3.39348601507e-05	0.00551252950448	0.00194936918866	3.01643201339e-05	4.14759401842e-05	3.77054001674e-06	3.39348601507e-05	0.015323474628	0.000116886740519	1.13116200502e-05	0.000199838620887	0.00228494725015	3.77054001674e-06	0.000165903760737	7.54108003348e-05	0.0010368985046	0.00428333345902	0.000169674300753	1.88527000837e-05	0.000482629122143	0.000584433702595	0.00205117376911	1.13116200502e-05	0	3.77054001674e-06	0	4.14759401842e-05	0	6.40991802846e-05	3.39348601507e-05	4.52464802009e-05	0.000233773481038	4.52464802009e-05	0	0.00049771128221	0	2.63937801172e-05	2.63937801172e-05	7.54108003348e-06	7.54108003348e-06	0	3.77054001674e-06	0.000139509980619	7.54108003348e-06	3.77054001674e-06	1.13116200502e-05	0.000214920780954	0	0	7.54108003348e-06	9.80340404353e-05	7.54108003348e-06	3.77054001674e-06	0	0	0	1.13116200502e-05	0.000535416682377	7.91813403516e-05	0.00135739440603	0.000267708341189	0.000938864464169	4.52464802009e-05	7.54108003348e-06	4.14759401842e-05	3.77054001674e-06	3.77054001674e-05	2.26232401004e-05	3.77054001674e-05	1.13116200502e-05	3.77054001674e-06
6.78697203013e-05	0.000610827482712	6.78697203013e-05	0	1.88527000837e-05	1.13116200502e-05	2.26232401004e-05	3.39348601507e-05	4.90170202176e-05	4.52464802009e-05	3.39348601507e-05	0.00364988273621	3.39348601507e-05	0.0151274065472	0.000237544021055	1.13116200502e-05	2.26232401004e-05	3.01643201339e-05	5.27875602344e-05	0.000131968900586	2.26232401004e-05	1.13116200502e-05	0.000101804580452	4.14759401842e-05	4.14759401842e-05	0.00348397897547	0.00440776127957	0.00559171084483	3.77054001674e-05	0.000418529941858	2.26232401004e-05	0.00232642319033	5.65581002511e-05	3.77054001674e-05	0.000754108003348	0	0.000109345660485	1.5082160067e-05	0	0	0	3.77054001674e-05	0	3.01643201339e-05	7.54108003348e-06	3.77054001674e-06	0.00157985626701	0	0.00162887328723	2.26232401004e-05	3.77054001674e-06	0	2.26232401004e-05	7.91813403516e-05	9.80340404353e-05	0	0	3.77054001674e-06	3.77054001674e-06	3.77054001674e-06	0.00255265559133	0.000399677241775	0.000154592140686	1.13116200502e-05	0	7.54108003348e-06	6.03286402679e-05	0	0	9.80340404353e-05	0.000290331581289	0.00325020549443	0.00145919898648	0.000143280520636	0	1.13116200502e-05	0.000837059883717	1.88527000837e-05	0.00018475646082	0.000109345660485	2.63937801172e-05	2.63937801172e-05	3.01643201339e-05	9.04929604018e-05
0.0266690295384	6.40991802846e-05	0.00272987097212	0	0.00222084806986	0.00120657280536	0.00616483292737	0.0117603143122	0.017122022216	0.000433612101925	0.00987127376383	0.00195313972867	0.00551252950448	0.000237544021055	0.0564336724306	0.000814436643616	0.000177215380787	0.00116509686517	5.27875602344e-05	0.00032426644144	0.00455481234022	0.00352168437564	0.000226232401004	0.00457366504031	0.00330676359468	4.90170202176e-05	0.00128575414571	0.000652303422896	0.00595745322645	0.0334069845483	0.00579532000573	0.000128198360569	0.00329545197463	0.00460759990046	0.0112324387099	3.77054001674e-05	3.01643201339e-05	3.77054001674e-05	0	8.29518803683e-05	0	0.000109345660485	0.000282790501256	0.000196068080871	0.00121034334537	0.000105575120469	3.77054001674e-05	1.88527000837e-05	1.5082160067e-05	0.000147051060653	8.6722420385e-05	4.90170202176e-05	7.54108003348e-06	3.77054001674e-06	1.5082160067e-05	3.39348601507e-05	2.26232401004e-05	0.000135739440603	4.90170202176e-05	0.000991652024403	1.5082160067e-05	2.63937801172e-05	3.77054001674e-05	0.000456235342026	3.77054001674e-05	6.78697203013e-05	0	0	0	6.03286402679e-05	0.00202477998899	0.000535416682377	0.00772206595429	0.00142903466634	0.000414759401842	0.000290331581289	6.40991802846e-05	0.000116886740519	1.13116200502e-05	9.04929604018e-05	3.77054001674e-05	0.000207379700921	3.01643201339e-05	0
0.00016213322072	1.13116200502e-05	5.27875602344e-05	0	0.000199838620887	0.000475088042109	0.00292216851297	0.000241314561071	0.0008559125838	0.000135739440603	0.000633450722813	1.88527000837e-05	0.00194936918866	1.13116200502e-05	0.000814436643616	0.00746566923315	6.03286402679e-05	1.88527000837e-05	0	7.54108003348e-06	0.000418529941858	0.000113116200502	3.01643201339e-05	0.000222461860988	0.000188527000837	0	3.01643201339e-05	5.65581002511e-05	0.00016213322072	0.000603286402679	8.29518803683e-05	0	0.00018475646082	0.000109345660485	0.000429841561908	1.5082160067e-05	1.88527000837e-05	3.01643201339e-05	0	0	0	7.54108003348e-06	1.5082160067e-05	3.77054001674e-06	7.16402603181e-05	0	7.54108003348e-06	7.54108003348e-06	0	1.13116200502e-05	3.77054001674e-06	3.77054001674e-05	2.63937801172e-05	0	1.88527000837e-05	0	6.40991802846e-05	6.78697203013e-05	9.80340404353e-05	4.52464802009e-05	3.77054001674e-06	1.5082160067e-05	6.03286402679e-05	5.65581002511e-05	1.88527000837e-05	3.01643201339e-05	0	0	0	7.16402603181e-05	0.000365742381624	4.14759401842e-05	0.000331807521473	0.000263937801172	0.00133477116593	7.16402603181e-05	0	4.90170202176e-05	1.13116200502e-05	0.000154592140686	0.000147051060653	4.14759401842e-05	1.88527000837e-05	0
0.000139509980619	0.00111230930494	0.0015082160067	0	4.52464802009e-05	0	3.77054001674e-05	0.00110476822491	4.52464802009e-05	0.00182871190812	4.52464802009e-05	7.16402603181e-05	3.01643201339e-05	2.26232401004e-05	0.000177215380787	6.03286402679e-05	0.0271139532604	0.000629680182796	1.88527000837e-05	0.000120657280536	1.13116200502e-05	0.00467924016078	0.0119111359129	0.0112324387099	0.00691139985069	5.65581002511e-05	0.000550498842444	0.0073412414126	0.00326905819451	0.000448694261992	0.00133854170594	7.54108003348e-06	1.5082160067e-05	0.000222461860988	0.000972799324319	3.01643201339e-05	0.000101804580452	0.000113116200502	0	1.88527000837e-05	0	4.90170202176e-05	0.000241314561071	0.000101804580452	0.00131968900586	2.26232401004e-05	3.77054001674e-05	3.77054001674e-06	7.54108003348e-06	4.90170202176e-05	2.26232401004e-05	0.00250740911113	9.80340404353e-05	1.13116200502e-05	3.01643201339e-05	1.5082160067e-05	0.000916241224068	0.00351791383562	0.0014855927666	0.000991652024403	1.5082160067e-05	6.03286402679e-05	0.000407218321808	0.00120657280536	9.80340404353e-05	0.00067115612298	0	0	1.88527000837e-05	0.000320495901423	0.00274495313219	0.00124050766551	0.0010368985046	0.000837059883717	2.26232401004e-05	1.13116200502e-05	7.54108003348e-06	0.000463776422059	0.000203609160904	0.000286561041272	0.00017344484077	0.000154592140686	7.54108003348e-05	1.5082160067e-05
0.0014403462864	0.00146674006651	0.0156062651293	0	4.14759401842e-05	1.13116200502e-05	6.03286402679e-05	0.000460005882042	0.000154592140686	0.000165903760737	9.04929604018e-05	0.000456235342026	4.14759401842e-05	3.01643201339e-05	0.00116509686517	1.88527000837e-05	0.000629680182796	0.0377770404277	0.000109345660485	0.00564449840506	3.77054001674e-05	0.00668139690967	0.000916241224068	0.0156892170097	0.000475088042109	3.39348601507e-05	0.0130347568379	0.00866847149849	0.000859683123817	0.00244708047087	0.00561056354491	3.01643201339e-05	3.39348601507e-05	0.000444923721975	0.00359332463595	1.5082160067e-05	0.00099542256442	0.000776731243449	0	3.77054001674e-06	0	3.01643201339e-05	9.04929604018e-05	3.77054001674e-05	0.000214920780954	1.13116200502e-05	5.65581002511e-05	3.77054001674e-06	4.14759401842e-05	1.88527000837e-05	1.5082160067e-05	0.000165903760737	0.000761649083382	4.90170202176e-05	0.000354430761574	0	0.00017344484077	0.000429841561908	0.00050902290226	0.000169674300753	8.29518803683e-05	0.000644762342863	0.00143657574638	0.000124427820552	1.88527000837e-05	0.000101804580452	3.77054001674e-06	0	0	0.000410988861825	0.00225101238999	0.00217937212968	0.00291085689292	0.00144788736643	3.77054001674e-06	1.5082160067e-05	1.13116200502e-05	0.000233773481038	0.000101804580452	0.000328036981456	0.000143280520636	5.27875602344e-05	2.26232401004e-05	7.54108003348e-06
2.26232401004e-05	6.40991802846e-05	6.03286402679e-05	0	3.77054001674e-06	0	7.54108003348e-06	2.26232401004e-05	2.26232401004e-05	0	3.39348601507e-05	0.00149690438665	3.77054001674e-06	5.27875602344e-05	5.27875602344e-05	0	1.88527000837e-05	0.000109345660485	0.00316348307405	0.00232265265031	3.77054001674e-06	1.5082160067e-05	1.5082160067e-05	4.14759401842e-05	1.88527000837e-05	2.63937801172e-05	0.00185510568824	0.000248855641105	3.01643201339e-05	0.000128198360569	7.54108003348e-06	2.63937801172e-05	1.5082160067e-05	2.26232401004e-05	0.000475088042109	0	3.77054001674e-05	1.13116200502e-05	0	0	0	7.54108003348e-06	0	7.54108003348e-06	3.77054001674e-06	0	6.78697203013e-05	0	4.14759401842e-05	7.54108003348e-06	3.77054001674e-06	3.77054001674e-06	1.13116200502e-05	1.88527000837e-05	3.01643201339e-05	0	3.77054001674e-06	0	7.54108003348e-06	3.77054001674e-06	6.40991802846e-05	7.54108003348e-05	3.77054001674e-05	3.77054001674e-06	0	0	1.5082160067e-05	0	0	1.88527000837e-05	0.000188527000837	0.000290331581289	0.000444923721975	5.27875602344e-05	0	3.77054001674e-06	0	7.54108003348e-06	1.13116200502e-05	3.39348601507e-05	1.88527000837e-05	7.54108003348e-06	0	3.77054001674e-06
0.000169674300753	0.00103312796459	0.00132723008589	0	1.13116200502e-05	1.13116200502e-05	2.63937801172e-05	0.000105575120469	7.16402603181e-05	3.77054001674e-05	0.000101804580452	0.00288069257279	3.39348601507e-05	0.000131968900586	0.00032426644144	7.54108003348e-06	0.000120657280536	0.00564449840506	0.00232265265031	0.0185359747223	5.27875602344e-05	0.000392136161741	0.00017344484077	0.000878535823901	9.42635004185e-05	6.03286402679e-05	0.0131629551984	0.00298626769326	0.000113116200502	0.000674926662997	0.000361971841607	9.04929604018e-05	2.26232401004e-05	0.000177215380787	0.00338594493503	0	0.000603286402679	0.000169674300753	0	0	0	2.26232401004e-05	1.88527000837e-05	1.5082160067e-05	3.39348601507e-05	3.77054001674e-06	0.000233773481038	0	0.000135739440603	1.13116200502e-05	1.13116200502e-05	3.01643201339e-05	0.000165903760737	8.6722420385e-05	0.000248855641105	0	3.39348601507e-05	4.14759401842e-05	7.91813403516e-05	5.27875602344e-05	0.000354430761574	0.000735255303265	0.00068246774303	2.63937801172e-05	3.77054001674e-06	3.77054001674e-06	3.01643201339e-05	0	0	0.000124427820552	0.00161756166718	0.00211150240938	0.00246216263093	0.000512793442277	7.54108003348e-06	1.13116200502e-05	1.13116200502e-05	7.91813403516e-05	3.39348601507e-05	0.000177215380787	9.04929604018e-05	3.39348601507e-05	1.13116200502e-05	3.77054001674e-06
0.00306167849359	3.77054001674e-06	9.80340404353e-05	0	0.00972422270318	9.42635004185e-05	0.00366496489627	0.00100296364445	0.00163264382725	0.000512793442277	0.00996176672423	0.000256396721138	0.015323474628	2.26232401004e-05	0.00455481234022	0.000418529941858	1.13116200502e-05	3.77054001674e-05	3.77054001674e-06	5.27875602344e-05	0.0272270694609	0.000105575120469	1.88527000837e-05	0.000177215380787	0.0057199092054	0	0.000165903760737	7.91813403516e-05	0.00338971547505	0.00452087748007	0.000233773481038	1.5082160067e-05	0.000218691320971	0.0014629695265	0.00227363563009	1.88527000837e-05	0	7.54108003348e-06	0	0.000177215380787	0	4.14759401842e-05	4.52464802009e-05	3.39348601507e-05	0.000690008823064	0.000135739440603	3.77054001674e-06	9.80340404353e-05	0	2.63937801172e-05	1.88527000837e-05	3.77054001674e-06	0	0	0	0.000113116200502	3.77054001674e-06	3.77054001674e-06	0	0.000629680182796	0	0	3.77054001674e-06	0.000207379700921	1.5082160067e-05	3.77054001674e-06	0	0	0	7.54108003348e-06	0.000475088042109	7.16402603181e-05	0.00151198654671	0.000271478881205	0.000429841561908	2.26232401004e-05	7.54108003348e-06	3.39348601507e-05	3.77054001674e-06	1.13116200502e-05	3.77054001674e-06	7.91813403516e-05	3.77054001674e-06	0
0.00438890857949	0.000260167261155	0.00802370915563	0	0.000116886740519	1.5082160067e-05	9.42635004185e-05	0.00282413447254	0.000622139102762	0.00120280226534	0.000218691320971	0.00018475646082	0.000116886740519	1.13116200502e-05	0.00352168437564	0.000113116200502	0.00467924016078	0.00668139690967	1.5082160067e-05	0.000392136161741	0.000105575120469	0.0583755005392	0.00368004705634	0.0426749719095	0.00222084806986	7.54108003348e-06	0.00162510274722	0.00245085101088	0.00682090689028	0.00720550197199	0.0206814119918	7.54108003348e-06	7.54108003348e-05	0.00273364151214	0.00573499136546	6.78697203013e-05	5.27875602344e-05	0.000109345660485	0	1.13116200502e-05	0	9.04929604018e-05	0.00048639966216	0.000158362680703	0.0018249413681	5.65581002511e-05	4.14759401842e-05	1.13116200502e-05	1.5082160067e-05	9.80340404353e-05	5.27875602344e-05	0.00110853876492	8.6722420385e-05	7.54108003348e-06	4.90170202176e-05	7.54108003348e-06	0.000599515862662	0.00168543138748	0.000429841561908	0.00111230930494	7.54108003348e-06	6.40991802846e-05	0.000275249421222	0.00140641142624	0.000177215380787	0.000882306363917	0	0	3.01643201339e-05	0.00032426644144	0.00331430467472	0.00121788442541	0.00528252656345	0.00283544609259	2.63937801172e-05	5.65581002511e-05	1.5082160067e-05	0.000444923721975	0.000147051060653	0.000252626181122	0.00016213322072	0.000177215380787	9.04929604018e-05	7.54108003348e-06
0.000237544021055	0.00372529353654	0.00216051942959	0	4.90170202176e-05	0	2.63937801172e-05	0.00116132632516	5.65581002511e-05	0.00628926074792	3.77054001674e-05	7.91813403516e-05	1.13116200502e-05	0.000101804580452	0.000226232401004	3.01643201339e-05	0.0119111359129	0.000916241224068	1.5082160067e-05	0.00017344484077	1.88527000837e-05	0.00368004705634	0.0289652884086	0.0065984450293	0.0052485917033	0.000207379700921	0.00100673418447	0.0102294750654	0.00309184281373	0.000622139102762	0.00210396132934	4.52464802009e-05	1.13116200502e-05	0.000373283461657	0.00099542256442	9.42635004185e-05	0.000426071021892	0.000369512921641	0	3.77054001674e-05	0	8.29518803683e-05	0.00065984450293	0.000207379700921	0.00381578649694	8.29518803683e-05	5.65581002511e-05	1.88527000837e-05	3.01643201339e-05	0.000120657280536	3.39348601507e-05	0.00369512921641	0.000252626181122	1.5082160067e-05	9.80340404353e-05	7.54108003348e-06	0.00154215086685	0.00929438114127	0.00240183399066	0.00200215674889	7.16402603181e-05	0.000120657280536	0.00202477998899	0.00225855347003	0.000260167261155	0.00133477116593	3.77054001674e-06	0	3.77054001674e-05	0.000904929604018	0.00167789030745	0.00104443958464	0.000735255303265	0.000565581002511	6.40991802846e-05	3.77054001674e-06	7.54108003348e-06	0.000969028784302	0.000328036981456	0.000652303422896	0.000309184281373	0.000260167261155	0.000147051060653	7.54108003348e-06
0.00552761166454	0.000595745322645	0.025892298295	0	0.000165903760737	3.39348601507e-05	0.000192297540854	0.00491678418183	0.00084460096375	0.00143280520636	0.00035820130159	0.000395906701758	0.000199838620887	4.14759401842e-05	0.00457366504031	0.000222461860988	0.0112324387099	0.0156892170097	4.14759401842e-05	0.000878535823901	0.000177215380787	0.0426749719095	0.0065984450293	0.0926949557716	0.00264314855174	3.01643201339e-05	0.00345381465533	0.0135890262203	0.00884191633926	0.00829518803683	0.0169636595353	2.26232401004e-05	0.000147051060653	0.00212281402943	0.00922274088095	9.04929604018e-05	0.000248855641105	0.000407218321808	0	1.5082160067e-05	3.77054001674e-06	9.80340404353e-05	0.00052033452231	0.000199838620887	0.00173821894772	6.40991802846e-05	0.000143280520636	1.5082160067e-05	3.77054001674e-05	0.000128198360569	6.40991802846e-05	0.00354430761574	0.000316725361406	2.26232401004e-05	9.04929604018e-05	7.54108003348e-06	0.00163264382725	0.00615352130732	0.00306544903361	0.00140264088623	3.01643201339e-05	0.000169674300753	0.00131968900586	0.00180608866802	0.000260167261155	0.00110853876492	3.77054001674e-06	0	4.90170202176e-05	0.00102181634454	0.00872125905872	0.00375922839669	0.0100748829247	0.00674926662997	3.77054001674e-05	0.000101804580452	2.26232401004e-05	0.00111607984496	0.000482629122143	0.00086722420385	0.000524105062327	0.000328036981456	0.000147051060653	2.63937801172e-05
0.00260544315157	0.000739025843281	0.00103312796459	0	0.0110816171092	6.03286402679e-05	0.000750337463331	0.00813305481611	0.00122542550544	0.00660975664935	0.00436628533939	0.000199838620887	0.00228494725015	4.14759401842e-05	0.00330676359468	0.000188527000837	0.00691139985069	0.000475088042109	1.88527000837e-05	9.42635004185e-05	0.0057199092054	0.00222084806986	0.0052485917033	0.00264314855174	0.0511134404669	4.14759401842e-05	0.000516563982294	0.00257150829142	0.0205532136313	0.00562187516496	0.00428333345902	2.63937801172e-05	0.000124427820552	0.00304659633353	0.00380070433688	0.000169674300753	0.000124427820552	5.27875602344e-05	0	0.000889847443951	0	0.000448694261992	0.00112739146501	0.000637221262829	0.00718287873189	0.00067115612298	7.54108003348e-05	0.000271478881205	1.88527000837e-05	0.000350660221557	0.000316725361406	0.000320495901423	4.90170202176e-05	1.13116200502e-05	5.27875602344e-05	0.000460005882042	0.000192297540854	0.000927552844118	0.000188527000837	0.008332893437	1.88527000837e-05	4.52464802009e-05	0.000147051060653	0.00220953644981	0.000180985920804	0.000456235342026	0	0	3.01643201339e-05	0.000211150240938	0.00244708047087	0.0008332893437	0.00246593317095	0.00104821012465	0.000565581002511	6.03286402679e-05	1.88527000837e-05	0.000584433702595	7.91813403516e-05	0.000294102121306	0.000143280520636	0.000825748263666	0.000158362680703	7.54108003348e-06
1.13116200502e-05	0.00153838032683	7.54108003348e-06	0	0	0	3.77054001674e-06	3.01643201339e-05	3.77054001674e-06	3.77054001674e-05	3.77054001674e-06	0.00109722714487	3.77054001674e-06	0.00348397897547	4.90170202176e-05	0	5.65581002511e-05	3.39348601507e-05	2.63937801172e-05	6.03286402679e-05	0	7.54108003348e-06	0.000207379700921	3.01643201339e-05	4.14759401842e-05	0.00693025255077	0.0008559125838	0.00220576590979	2.26232401004e-05	7.91813403516e-05	7.54108003348e-06	0.000222461860988	7.54108003348e-06	1.5082160067e-05	0.00015082160067	0	6.78697203013e-05	1.88527000837e-05	0	0	0	2.26232401004e-05	0	1.88527000837e-05	7.54108003348e-06	3.77054001674e-06	0.000761649083382	3.77054001674e-06	0.000799354483549	1.13116200502e-05	1.13116200502e-05	7.54108003348e-06	7.54108003348e-06	4.52464802009e-05	3.77054001674e-05	3.77054001674e-06	3.77054001674e-06	7.54108003348e-06	3.77054001674e-06	3.77054001674e-06	0.00123673712549	0.000192297540854	7.16402603181e-05	3.77054001674e-06	0	0	1.5082160067e-05	0	0	5.27875602344e-05	4.14759401842e-05	0.00127821306568	0.00035820130159	3.39348601507e-05	0	0	0.000765419623398	1.88527000837e-05	4.90170202176e-05	0.000105575120469	2.63937801172e-05	2.63937801172e-05	2.63937801172e-05	7.16402603181e-05
0.000859683123817	0.00830272911686	0.0110627644091	0	5.65581002511e-05	2.63937801172e-05	0.000135739440603	0.000448694261992	0.000275249421222	0.000263937801172	0.000301643201339	0.0100824240048	0.000165903760737	0.00440776127957	0.00128575414571	3.01643201339e-05	0.000550498842444	0.0130347568379	0.00185510568824	0.0131629551984	0.000165903760737	0.00162510274722	0.00100673418447	0.00345381465533	0.000516563982294	0.0008559125838	0.073883731628	0.0259790207153	0.000565581002511	0.00258281991147	0.00161379112717	0.00432103885919	0.000147051060653	0.000535416682377	0.00658336286923	0	0.00628926074792	0.00141395250628	0	7.54108003348e-06	0	0.000109345660485	4.90170202176e-05	8.6722420385e-05	0.000139509980619	2.63937801172e-05	0.00243953939083	0	0.00190412270845	6.03286402679e-05	4.52464802009e-05	0.000124427820552	0.00145542844646	0.000931323384135	0.00257904937145	0	0.000143280520636	0.000343119141523	0.000407218321808	0.000158362680703	0.00538433114391	0.00618368562746	0.00587073080607	0.000113116200502	1.88527000837e-05	4.14759401842e-05	0.000252626181122	0	3.77054001674e-06	0.00110853876492	0.00527875602344	0.00818207183633	0.00685107121042	0.00153460978681	1.88527000837e-05	3.39348601507e-05	0.000124427820552	0.000667385582963	0.000354430761574	0.00111230930494	0.000399677241775	0.000143280520636	7.54108003348e-05	8.29518803683e-05
0.000546728302427	0.0180382634401	0.0228343903414	0	4.90170202176e-05	1.5082160067e-05	4.52464802009e-05	0.000806895563583	0.000135739440603	0.00117263794521	8.6722420385e-05	0.00212658456944	7.54108003348e-05	0.00559171084483	0.000652303422896	5.65581002511e-05	0.0073412414126	0.00866847149849	0.000248855641105	0.00298626769326	7.91813403516e-05	0.00245085101088	0.0102294750654	0.0135890262203	0.00257150829142	0.00220576590979	0.0259790207153	0.0902780396208	0.00168166084747	0.00135739440603	0.00133100062591	0.00207379700921	4.90170202176e-05	0.000392136161741	0.00395906701758	7.54108003348e-06	0.00796715105537	0.00305036687354	0	7.54108003348e-06	0	0.000113116200502	0.000147051060653	0.000143280520636	0.000297872661323	8.29518803683e-05	0.00208133808924	7.54108003348e-06	0.00171559570762	7.16402603181e-05	6.03286402679e-05	0.00284675771264	0.00281282285249	0.000516563982294	0.00188527000837	0	0.00130837738581	0.00708861523147	0.0043021861591	0.000399677241775	0.00401562511783	0.00405710105801	0.00958471272256	0.000478858582126	0.000109345660485	0.000222461860988	0.000165903760737	0	7.54108003348e-06	0.00242445723076	0.00646270558869	0.00644385288861	0.0041664467185	0.002477244791	2.63937801172e-05	3.01643201339e-05	0.000116886740519	0.00142526412633	0.000814436643616	0.00198707458882	0.000784272323482	0.000207379700921	0.000169674300753	8.29518803683e-05
0.00593482998635	0.00018475646082	0.00288069257279	0	0.00865715987844	9.04929604018e-05	0.00082197772365	0.0300587450135	0.00188527000837	0.00443038451967	0.00719419035194	0.000260167261155	0.0010368985046	3.77054001674e-05	0.00595745322645	0.00016213322072	0.00326905819451	0.000859683123817	3.01643201339e-05	0.000113116200502	0.00338971547505	0.00682090689028	0.00309184281373	0.00884191633926	0.0205532136313	2.26232401004e-05	0.000565581002511	0.00168166084747	0.0689556358262	0.0104217726063	0.0162925034123	7.54108003348e-06	0.000218691320971	0.00589335404617	0.00699058119104	0.000407218321808	5.27875602344e-05	6.78697203013e-05	0	0.000610827482712	0	0.000761649083382	0.00191920486852	0.00118772010527	0.010595217447	0.000708861523147	0.000147051060653	0.000207379700921	1.5082160067e-05	0.000739025843281	0.000516563982294	0.000441153181959	6.03286402679e-05	1.13116200502e-05	4.14759401842e-05	0.000271478881205	0.000282790501256	0.00099542256442	0.000260167261155	0.00755239165353	3.77054001674e-06	5.27875602344e-05	0.000143280520636	0.0034915200555	0.000433612101925	0.000799354483549	0	3.77054001674e-06	0.000116886740519	0.00035820130159	0.0034688968154	0.000976569864336	0.00407218321808	0.00186641730829	0.00031295482139	7.54108003348e-05	3.39348601507e-05	0.00102558688455	7.54108003348e-05	0.00048639966216	0.000203609160904	0.00139887034621	0.000271478881205	7.54108003348e-06
0.0176989148386	0.000109345660485	0.00425316913888	0	0.00274118259217	0.00123673712549	0.00381578649694	0.0135550913602	0.00719796089196	0.00123296658547	0.00741288167291	0.00345758519535	0.00428333345902	0.000418529941858	0.0334069845483	0.000603286402679	0.000448694261992	0.00244708047087	0.000128198360569	0.000674926662997	0.00452087748007	0.00720550197199	0.000622139102762	0.00829518803683	0.00562187516496	7.91813403516e-05	0.00258281991147	0.00135739440603	0.0104217726063	0.0724810907418	0.0195351678267	0.000207379700921	0.0048413733815	0.0199423861485	0.0271252648804	0.000147051060653	4.90170202176e-05	6.03286402679e-05	0	0.000165903760737	3.77054001674e-06	0.000263937801172	0.00068246774303	0.000463776422059	0.00311069551381	0.000233773481038	9.80340404353e-05	2.63937801172e-05	4.14759401842e-05	0.000331807521473	0.000211150240938	0.000139509980619	1.88527000837e-05	3.77054001674e-06	2.63937801172e-05	6.03286402679e-05	7.16402603181e-05	0.000237544021055	9.80340404353e-05	0.00228117671013	3.77054001674e-05	4.90170202176e-05	0.000120657280536	0.00102181634454	0.000147051060653	0.000260167261155	0	0	1.13116200502e-05	0.000188527000837	0.00622893210766	0.00150067492666	0.0167487387544	0.00433989155927	0.000478858582126	0.000723943683214	0.000147051060653	0.000339348601507	2.63937801172e-05	0.000256396721138	9.42635004185e-05	0.000610827482712	0.000128198360569	1.88527000837e-05
0.00834420505705	0.000154592140686	0.00654942800908	0	0.000271478881205	3.39348601507e-05	0.000154592140686	0.0105424298868	0.000784272323482	0.00248478587103	0.000463776422059	0.000169674300753	0.000169674300753	2.26232401004e-05	0.00579532000573	8.29518803683e-05	0.00133854170594	0.00561056354491	7.54108003348e-06	0.000361971841607	0.000233773481038	0.0206814119918	0.00210396132934	0.0169636595353	0.00428333345902	7.54108003348e-06	0.00161379112717	0.00133100062591	0.0162925034123	0.0195351678267	0.0627342447985	1.13116200502e-05	0.000116886740519	0.00788796971502	0.00755239165353	0.000241314561071	6.40991802846e-05	6.40991802846e-05	0	9.80340404353e-05	0	0.000316725361406	0.00120280226534	0.000667385582963	0.00510908172268	0.000241314561071	0.000105575120469	4.14759401842e-05	1.88527000837e-05	0.000448694261992	0.000248855641105	0.000448694261992	5.65581002511e-05	0	4.52464802009e-05	3.39348601507e-05	0.00034688968154	0.000870994743867	0.000218691320971	0.0025451145113	7.54108003348e-06	4.52464802009e-05	0.000218691320971	0.00199084512884	0.000279019961239	0.000980340404353	0	0	7.54108003348e-05	0.000373283461657	0.00298626769326	0.00107460390477	0.00409103591816	0.00203609160904	5.65581002511e-05	3.77054001674e-05	1.13116200502e-05	0.00084460096375	0.000105575120469	0.000384595081708	0.000139509980619	0.000806895563583	0.000196068080871	2.26232401004e-05
