0.0182925419512	2.31199974106e-05	0.00688975922835	0	0.000161839981874	0	0.000675103924388	0.00535921539977	0.00786542311907	5.08639943032e-05	0.000402287954944	0.000753711915584	0.0005687519363	4.62399948211e-06	0.00786079911959	4.62399948211e-05	0	0.00301022366285	0.000346799961158	0.000781455912477	0.000198831977731	0.000420783952872	4.62399948211e-06	0.00676953524181	5.08639943032e-05	0	0.00339401561987	0.000855439904191	0.00135945584774	0.00514188742411	0.00407374354374	1.38719984463e-05	0	9.24799896422e-05	0.00132246385188	2.77439968927e-05	5.54879937853e-05	9.24799896422e-06	0	0	0	1.38719984463e-05	3.69919958569e-05	3.23679963748e-05	0.000212703976177	3.23679963748e-05	4.62399948211e-06	0.00026356797048	0	0.000171087980838	0	4.62399948211e-06	9.24799896422e-06	2.31199974106e-05	0.000346799961158	0	0.000443903950283	4.62399948211e-05	1.38719984463e-05	0.000189583978767	0	0.000638111928531	0.00017571198032	0.000360671959605	0.000110975987571	9.24799896422e-05	0	0	0	0.000221951975141	0.000161839981874	0.000129471985499	0.000541007939407	3.69919958569e-05	1.84959979284e-05	0	0	0.000258943970998	2.77439968927e-05	0.000203455977213	1.38719984463e-05	0	0	0
2.31199974106e-05	0.0261533410708	0.00178948779958	0	8.3231990678e-05	1.38719984463e-05	0.000337551962194	2.77439968927e-05	0.000309807965302	0.00375931157896	0.000129471985499	0.00026356797048	0.000337551962194	0.000360671959605	7.39839917138e-05	0.000189583978767	4.1615995339e-05	0.000180335979802	2.31199974106e-05	0.000231199974106	0.000226575974623	4.62399948211e-05	0.00383791957015	0.000277439968927	0.00143806383894	0.00221489575193	0.00243222372759	0.0175110860388	0.000138719984463	0.000203455977213	6.47359927496e-05	0.000166463981356	4.62399948211e-06	0	0.000795327910923	3.23679963748e-05	0.0142650384023	8.3231990678e-05	0	2.31199974106e-05	0	0	6.47359927496e-05	4.62399948211e-06	1.38719984463e-05	5.54879937853e-05	2.31199974106e-05	0.000129471985499	5.54879937853e-05	9.24799896422e-05	0	0.000157215982392	0.000434655951319	2.77439968927e-05	0.000786079911959	1.38719984463e-05	6.01119932675e-05	0.000892431900048	0.000143343983945	0.000161839981874	7.86079911959e-05	0.00370382358517	0.0104132468337	0.000134095984981	0.000120223986535	4.62399948211e-05	0	0	4.62399948211e-06	0.000212703976177	0.00160452782029	0.00119761586587	0.0011375038726	8.3231990678e-05	0.000120223986535	4.62399948211e-06	0	0.00136407984722	0.000799951910405	0.000208079976695	0.000161839981874	4.62399948211e-06	4.62399948211e-06	0
0.00688975922835	0.00178948779958	0.0731979118018	0	4.62399948211e-06	1.84959979284e-05	0.00112363187415	0.00369457558621	0.00747700716258	0.000124847986017	0.000203455977213	0.000735215917656	0.000161839981874	2.77439968927e-05	0.00252470371723	0.000115599987053	0.000184959979284	0.011758830683	0.000300559966337	0.000786079911959	7.39839917138e-05	0.00325529563541	0.00311195165146	0.0213675016068	0.000212703976177	2.77439968927e-05	0.0160776461993	0.0295427326912	0.00291311967373	0.00249695972034	0.00310732765198	4.62399948211e-06	3.69919958569e-05	4.1615995339e-05	0.00382404757171	0.000120223986535	0.00763422314497	0.00447603149868	0	0	0	1.38719984463e-05	7.39839917138e-05	6.47359927496e-05	0.000157215982392	5.54879937853e-05	2.31199974106e-05	5.54879937853e-05	0	0.000351423960641	0	0.00210854376384	0.00273278369393	2.31199974106e-05	0.000605743932157	4.62399948211e-06	0.00147967983428	0.0118466866732	0.00228425574416	0.000365295959087	0	0.00371769558362	0.0160915181977	0.000855439904191	0.000277439968927	0.000883183901083	0	0	9.24799896422e-06	0.000698223921799	0.0117958226789	0.00199756777627	0.00563203136921	0.00125310385965	0.00026356797048	0.000189583978767	9.24799896422e-06	0.000670479924906	0.000319055964266	0.000707471920763	0.000147967983428	4.62399948211e-06	4.62399948211e-06	0
0	0	0	0	0	0	0	0	0	0	0	0	0	0	0	0	0	0	0	0	0	0	0	0	0	0	0	0	0	0	0	0	0	0	0	0	0	0	0	0	0	0	0	0	0	0	0	0	0	0	0	0	0	0	0	0	0	0	0	0	0	0	0	0	0	0	0	0	0	0	0	0	0	0	0	0	0	0	0	0	0	0	0	0
0.000161839981874	8.3231990678e-05	4.62399948211e-06	0	0.0245950532454	1.38719984463e-05	0.00306571165664	0.000115599987053	0.00147967983428	0.00282988768305	0.00332465562764	0.000374543958051	0.00862375903414	3.23679963748e-05	0.000730591918174	0.000443903950283	0	9.24799896422e-06	0.000124847986017	0.000434655951319	0.0143852623889	1.84959979284e-05	8.3231990678e-05	6.47359927496e-05	0.00723655918951	2.77439968927e-05	0.000323679963748	0.000134095984981	0.00915551897458	0.00129009585551	0	0	7.39839917138e-05	5.54879937853e-05	0.00185884779181	9.24799896422e-05	3.69919958569e-05	0	0	0.00590022333917	0	4.1615995339e-05	0.000319055964266	6.47359927496e-05	0.00507715143136	0.00457313548781	0.000110975987571	0.00102652788503	0	7.39839917138e-05	0	4.62399948211e-06	0	7.86079911959e-05	0	0.000841567905744	0	4.62399948211e-06	4.62399948211e-06	0.00535459140029	0	2.77439968927e-05	1.38719984463e-05	0.00337089562246	8.78559901601e-05	4.62399948211e-06	0	0	0	0.000161839981874	0.000536383939925	0.000249695972034	0.0014981758322	0.000661231925942	0.000799951910405	2.77439968927e-05	2.31199974106e-05	5.54879937853e-05	3.69919958569e-05	0.000157215982392	2.31199974106e-05	0	0	1.84959979284e-05
0	1.38719984463e-05	1.84959979284e-05	0	1.38719984463e-05	0.00618691130707	0.00138257584515	0.000129471985499	0.00134558384929	0.000929423895905	0.000115599987053	1.84959979284e-05	0.00024044797307	4.62399948211e-06	9.24799896422e-06	0.0024044797307	0	0	1.38719984463e-05	0	1.84959979284e-05	0	4.1615995339e-05	2.31199974106e-05	0.000346799961158	4.62399948211e-06	2.77439968927e-05	4.1615995339e-05	0.000356047960123	0.000397663955462	0	0	0.00247383972293	0.000120223986535	0.000934047895387	0	9.24799896422e-06	0	0	0	0	0	0	0	0	0	0	1.84959979284e-05	0	0	0	0	0	0	0	0	0	1.38719984463e-05	0	0	0	0	1.38719984463e-05	0	0	0	0	0	0	0	0.000212703976177	1.38719984463e-05	0.000245071972552	0.000171087980838	0.00282063968409	0.00169238381045	1.38719984463e-05	1.84959979284e-05	0	0	0	0	0	0
0.000675103924388	0.000337551962194	0.00112363187415	0	0.00306571165664	0.00138257584515	0.0663312725709	0.00325067163592	0.0350452920749	0.000323679963748	0.0194069258264	0.00527135940961	0.0341898521707	0.000180335979802	0.00760185514859	0.00848503904968	2.77439968927e-05	0.000110975987571	0.00155828782547	0.00549331138475	0.0137610224588	0.000226575974623	0.000129471985499	0.00067972792387	0.00285763167995	0.000332927962712	0.00325529563541	0.00127159985758	0.00615454331069	0.0126096465877	0.000217327975659	2.31199974106e-05	0.00325991963489	0.000388415956497	0.0175527020341	0.00202068777368	9.71039891244e-05	9.24799896422e-06	0	0.000901679899012	4.62399948211e-06	0.000235823973588	0.00264030370429	0.000929423895905	0.00266804770118	0.00250158371982	0.00122535986276	0.0088919510041	2.31199974106e-05	0.00161839981874	9.24799896422e-06	1.38719984463e-05	4.62399948211e-06	0.000725967918692	0.000110975987571	0.000217327975659	0	3.69919958569e-05	2.31199974106e-05	0.00553955137957	4.62399948211e-06	0.000485519945622	0.000235823973588	0.00166926381304	0.000804575909887	4.62399948211e-06	0	0	0	0.00322292763903	0.0041107355396	0.00252932771672	0.0136731664686	0.00375006357999	0.00293623967114	0.000730591918174	0.000180335979802	0.00114212787208	0.000300559966337	0.00272815969445	0.000485519945622	9.24799896422e-06	4.62399948211e-05	0.000189583978767
0.00535921539977	2.77439968927e-05	0.00369457558621	0	0.000115599987053	0.000129471985499	0.00325067163592	0.0375746197916	0.007624975146	0.000508639943032	0.0046794874759	0.000360671959605	0.000129471985499	2.31199974106e-05	0.00427257552147	0.000605743932157	2.77439968927e-05	0.00245996772448	0.000245071972552	0.00015259198291	9.24799896422e-06	0.00280676768564	4.62399948211e-06	0.00760185514859	0.000776831912995	0	0.00120686386483	0.000226575974623	0.0170301900926	0.00714407919986	0.00811511909111	0	0.000203455977213	0.00400438355151	0.00231199974106	0.000189583978767	2.77439968927e-05	4.62399948211e-06	0	2.31199974106e-05	0	9.24799896422e-06	7.86079911959e-05	3.69919958569e-05	0.000642735928014	0.000124847986017	0.000314431964784	2.77439968927e-05	0	0.00017571198032	0	2.31199974106e-05	4.62399948211e-06	0.000217327975659	4.1615995339e-05	4.62399948211e-05	0.000101727988606	3.23679963748e-05	6.01119932675e-05	0.00089705589953	0	0.000365295959087	0.000110975987571	0.000628863929567	0.000161839981874	9.24799896422e-06	0	0	0	0.000596495933192	0.000369919958569	0.00017571198032	0.00126235185862	0.000356047960123	0.000277439968927	1.38719984463e-05	0	0.000268191969962	2.77439968927e-05	0.000582623934746	8.78559901601e-05	0	4.62399948211e-06	0
0.00786542311907	0.000309807965302	0.00747700716258	0	0.00147967983428	0.00134558384929	0.0350452920749	0.007624975146	0.0638204408521	0.000443903950283	0.00800876710302	0.00731979118018	0.0169053421066	0.000129471985499	0.0161562541905	0.00504478343498	4.62399948211e-05	0.00101265588658	0.00254319971516	0.00407374354374	0.00649671927237	0.000749087916102	0.000129471985499	0.00571063936041	0.00184035179388	0.000351423960641	0.00461475148315	0.00173862380527	0.00549793538423	0.0139136144417	0.000716719919727	2.77439968927e-05	0.00387028756653	0.000402287954944	0.0145748463676	0.00125310385965	0.000161839981874	6.93599922317e-05	0	0.000550255938371	4.62399948211e-06	0.000147967983428	0.0013964478436	0.000665855925424	0.00207155176799	0.00127622385706	0.000795327910923	0.00600195132778	3.23679963748e-05	0.00107276787985	4.62399948211e-06	2.77439968927e-05	2.31199974106e-05	0.000406911954426	0.000180335979802	8.3231990678e-05	0.000675103924388	8.3231990678e-05	9.71039891244e-05	0.00318593564318	4.62399948211e-06	0.000434655951319	0.000365295959087	0.00195132778145	0.000457775948729	0.000124847986017	0	0	0	0.00200681577524	0.00305183965819	0.00181260779699	0.0095115669347	0.00180798379751	0.00225188774779	0.00103577588399	0.000171087980838	0.00134558384929	0.00048089594614	0.00167851181201	0.000369919958569	9.24799896422e-06	5.54879937853e-05	0.000157215982392
5.08639943032e-05	0.00375931157896	0.000124847986017	0	0.00282988768305	0.000929423895905	0.000323679963748	0.000508639943032	0.000443903950283	0.0266527330149	0.000120223986535	0.000527135940961	0.0025339517162	0.00015259198291	0.000203455977213	0.00249233572086	0.00167851181201	3.69919958569e-05	0.000217327975659	0.000231199974106	0.00120686386483	0.000286687967891	0.00734291117759	0.000614991931121	0.0136685424691	0.00092017589694	0.000360671959605	0.00180798379751	0.00724118318899	0.00221027175245	0.000212703976177	6.93599922317e-05	2.31199974106e-05	0.000499391944068	0.00104964788244	0.00041615995339	4.1615995339e-05	1.38719984463e-05	0	0.00159990382081	0	7.39839917138e-05	0.000346799961158	7.86079911959e-05	0.0121379986405	0.000823071907816	8.78559901601e-05	0.00115137587105	0	0.000147967983428	1.38719984463e-05	6.47359927496e-05	4.62399948211e-06	4.1615995339e-05	0	0.000934047895387	0.000522511941479	0.00135020784878	8.78559901601e-05	0.00653833526771	0	7.86079911959e-05	0.000231199974106	0.00288075167736	0.000499391944068	8.3231990678e-05	0	0	4.1615995339e-05	0.000573375935782	0.000998783888136	0.000374543958051	0.00157215982392	0.00101265588658	0.0031027036525	9.24799896422e-06	1.84959979284e-05	0.00276052769082	0.000314431964784	0.000462399948211	0.000129471985499	1.84959979284e-05	4.62399948211e-06	0
0.000402287954944	0.000129471985499	0.000203455977213	0	0.00332465562764	0.000115599987053	0.0194069258264	0.0046794874759	0.00800876710302	0.000120223986535	0.0349481880858	0.00117911986794	0.0126327665851	2.77439968927e-05	0.00469798347383	0.000309807965302	9.24799896422e-06	4.62399948211e-05	0.000517887941997	0.00103577588399	0.00926649496215	6.93599922317e-05	2.31199974106e-05	0.000453151949247	0.00135483184826	4.1615995339e-05	0.000587247934228	0.000282063968409	0.00650134327185	0.00612217531432	4.1615995339e-05	4.62399948211e-06	0.000642735928014	0.000420783952872	0.00434655951319	7.86079911959e-05	4.62399948211e-05	0	0	0.000536383939925	0	4.1615995339e-05	0.000314431964784	8.78559901601e-05	0.000527135940961	0.00106814388037	7.39839917138e-05	0.000166463981356	0	4.1615995339e-05	0	4.62399948211e-06	0	4.62399948211e-05	9.24799896422e-06	4.1615995339e-05	0	4.62399948211e-06	4.62399948211e-06	0.00113287987312	0	3.69919958569e-05	4.1615995339e-05	0.000374543958051	3.69919958569e-05	0	0	0	0	0.000124847986017	0.00116062387001	0.00032830396323	0.00322292763903	0.00102652788503	0.00024044797307	8.3231990678e-05	3.23679963748e-05	8.3231990678e-05	4.1615995339e-05	0.000147967983428	1.38719984463e-05	0	0	4.62399948211e-06
0.000753711915584	0.00026356797048	0.000735215917656	0	0.000374543958051	1.84959979284e-05	0.00527135940961	0.000360671959605	0.00731979118018	0.000527135940961	0.00117911986794	0.0362197879434	0.00378243157637	0.00807812709525	0.00517425542048	0.000462399948211	9.24799896422e-06	0.00245996772448	0.00602507132519	0.00858676703828	0.00133633585033	0.000383791957015	0.000120223986535	0.000360671959605	0.000541007939407	0.00476271946658	0.00824459107661	0.00212703976177	0.00132708785137	0.0143991343873	0.00164151981615	0.00041615995339	0.000129471985499	0.000147967983428	0.0193005738383	0.000356047960123	0.000171087980838	9.24799896422e-06	0	0.000157215982392	0	2.31199974106e-05	0.00074446391662	0.000138719984463	0.00126235185862	0.000448527949765	0.00425870352303	0.00148430383376	0.00229350374313	0.000443903950283	4.62399948211e-06	0	0	7.39839917138e-05	9.24799896422e-06	4.62399948211e-06	1.38719984463e-05	9.71039891244e-05	0	0.00157215982392	0.000716719919727	0.000813823908852	0.000258943970998	0.000319055964266	0.000277439968927	4.62399948211e-06	9.24799896422e-06	4.62399948211e-06	0	0.00102190388555	0.00171550380786	0.00205767976954	0.00887345500617	0.000554879937853	0.000189583978767	1.38719984463e-05	0.000781455912477	0.00032830396323	0.00282526368357	0.000430031951836	2.31199974106e-05	0	0	9.24799896422e-05
0.0005687519363	0.000337551962194	0.000161839981874	0	0.00862375903414	0.00024044797307	0.0341898521707	0.000129471985499	0.0169053421066	0.0025339517162	0.0126327665851	0.00378243157637	0.0559365217351	0.000161839981874	0.00555342337802	0.00441129550593	9.24799896422e-06	0.000115599987053	0.000846191905227	0.00496617544379	0.0232032294012	7.86079911959e-05	0.000147967983428	0.000217327975659	0.00303796765975	0.000360671959605	0.00283913568202	0.00119299186638	0.00166926381304	0.00998783888136	0.000208079976695	2.31199974106e-05	0.000661231925942	8.78559901601e-05	0.0152869422879	0.000767583914031	6.93599922317e-05	4.62399948211e-06	0	0.00322292763903	4.62399948211e-06	0.000166463981356	0.00160452782029	0.000406911954426	0.00154903982651	0.003232175638	0.00067972792387	0.0119206706649	2.77439968927e-05	0.000614991931121	9.24799896422e-06	0	0	0.00039303995598	8.78559901601e-05	0.000929423895905	0	2.77439968927e-05	0	0.00380555157378	4.62399948211e-06	0.000332927962712	0.000203455977213	0.000860063903673	0.000356047960123	4.62399948211e-06	0	0	0	0.00184497579336	0.00229350374313	0.00219177575452	0.0124709266033	0.00324142363696	0.0025339517162	0.000203455977213	0.00015259198291	0.000184959979284	0.000157215982392	0.00182647979543	0.000388415956497	9.24799896422e-06	6.01119932675e-05	0.000171087980838
4.62399948211e-06	0.000360671959605	2.77439968927e-05	0	3.23679963748e-05	4.62399948211e-06	0.000180335979802	2.31199974106e-05	0.000129471985499	0.00015259198291	2.77439968927e-05	0.00807812709525	0.000161839981874	0.0216218215784	4.1615995339e-05	2.77439968927e-05	9.24799896422e-06	1.84959979284e-05	3.23679963748e-05	1.38719984463e-05	9.24799896422e-05	3.23679963748e-05	0.000101727988606	4.1615995339e-05	2.77439968927e-05	0.0121657426374	0.00565515136662	0.00351886360589	5.08639943032e-05	0.000628863929567	4.62399948211e-06	0.00270041569755	8.78559901601e-05	9.24799896422e-06	0.00118374386742	1.38719984463e-05	0.000235823973588	9.24799896422e-06	0	1.38719984463e-05	0	0	2.77439968927e-05	9.24799896422e-06	7.39839917138e-05	4.62399948211e-06	0.00551180738268	4.1615995339e-05	0.00494305544638	5.54879937853e-05	4.62399948211e-06	4.62399948211e-06	4.62399948211e-06	7.86079911959e-05	4.62399948211e-06	0	0	7.86079911959e-05	4.62399948211e-06	8.78559901601e-05	0.00313507164887	0.00196057578042	0.000781455912477	1.38719984463e-05	3.69919958569e-05	4.62399948211e-06	4.62399948211e-06	0	0	0.000614991931121	0.000374543958051	0.000721343919209	0.0010080318871	0.000476271946658	9.24799896422e-06	0.000208079976695	0.00104502388296	3.69919958569e-05	0.00273740769341	8.3231990678e-05	0	0	0	8.3231990678e-05
0.00786079911959	7.39839917138e-05	0.00252470371723	0	0.000730591918174	9.24799896422e-06	0.00760185514859	0.00427257552147	0.0161562541905	0.000203455977213	0.00469798347383	0.00517425542048	0.00555342337802	4.1615995339e-05	0.0350452920749	0.00101727988606	0	0.00171087980838	0.000869311902637	0.00348187161003	0.00303796765975	0.000198831977731	9.24799896422e-06	0.00226113574675	0.000596495933192	4.1615995339e-05	0.00219177575452	0.00119761586587	0.00342638361625	0.0175573260336	0.00146580783583	3.23679963748e-05	0.000864687903155	0.000675103924388	0.00767583914031	0.000388415956497	2.31199974106e-05	9.24799896422e-06	0	0.000124847986017	0	6.93599922317e-05	0.000758335915066	0.000171087980838	0.00124847986017	0.00039303995598	0.000171087980838	0.00242297572863	9.24799896422e-06	0.000564127936818	0	4.62399948211e-06	4.62399948211e-06	7.86079911959e-05	0.000189583978767	1.84959979284e-05	0	4.62399948211e-06	4.62399948211e-06	0.00142881583997	0	0.000277439968927	4.62399948211e-05	0.000282063968409	0.000402287954944	0	0	0	0	0.000665855925424	0.00107276787985	0.00024044797307	0.00431419151681	0.000212703976177	9.71039891244e-05	1.38719984463e-05	1.84959979284e-05	0.0005687519363	2.31199974106e-05	0.000360671959605	2.77439968927e-05	0	0	0
4.62399948211e-05	0.000189583978767	0.000115599987053	0	0.000443903950283	0.0024044797307	0.00848503904968	0.000605743932157	0.00504478343498	0.00249233572086	0.000309807965302	0.000462399948211	0.00441129550593	2.77439968927e-05	0.00101727988606	0.0137101584645	4.62399948211e-06	1.38719984463e-05	0.000184959979284	0.000346799961158	0.00138257584515	1.84959979284e-05	0.000189583978767	5.54879937853e-05	0.00134095984981	6.01119932675e-05	0.000374543958051	0.000365295959087	0.00103577588399	0.000980287890208	9.24799896422e-06	4.62399948211e-06	0.000610367931639	0.000212703976177	0.00215015975918	0.00113287987312	4.62399948211e-05	9.24799896422e-06	0	0.000124847986017	0	4.62399948211e-05	0.000397663955462	0.000467023947693	0.000799951910405	0.00017571198032	0.000610367931639	0.000702847921281	0	0.000698223921799	0	1.38719984463e-05	4.62399948211e-06	0.000453151949247	4.1615995339e-05	6.47359927496e-05	0	4.1615995339e-05	2.31199974106e-05	0.00123923186121	0	0.000286687967891	0.000143343983945	0.000425407952354	0.000166463981356	0	0	0	0	0.00144268783842	0.00128084785655	0.000836943906262	0.0017848638001	0.00132708785137	0.00439742350749	0.000106351988089	4.62399948211e-05	0.000989535889172	0.00017571198032	0.00128084785655	0.000129471985499	4.62399948211e-06	1.84959979284e-05	8.78559901601e-05
0	4.1615995339e-05	0.000184959979284	0	0	0	2.77439968927e-05	2.77439968927e-05	4.62399948211e-05	0.00167851181201	9.24799896422e-06	9.24799896422e-06	9.24799896422e-06	9.24799896422e-06	0	4.62399948211e-06	0.0199664297638	2.31199974106e-05	0	1.84959979284e-05	9.24799896422e-06	0.00401363155047	0.0101820468596	0.00666318325372	0.00724580718847	0	4.62399948211e-06	0.00257094371205	0.00155366382599	0.000129471985499	8.78559901601e-05	0	0	8.3231990678e-05	0.000194207978249	4.62399948211e-06	9.24799896422e-06	2.31199974106e-05	0	0	0	0	0	0	0.00226575974623	0	0	0	0	4.62399948211e-06	1.38719984463e-05	0.00504478343498	4.62399948211e-06	0	0	0	0.0030749596556	0.00621003130448	0.00137795184567	0.00154441582703	0	2.31199974106e-05	0.000272815969445	0.00348187161003	0	0.000212703976177	0	0	0	0	0.00113287987312	0.000129471985499	0.000277439968927	0.000300559966337	0.000147967983428	5.08639943032e-05	4.62399948211e-06	0.000337551962194	0.000221951975141	3.23679963748e-05	3.23679963748e-05	4.62399948211e-06	0	0
0.00301022366285	0.000180335979802	0.011758830683	0	9.24799896422e-06	0	0.000110975987571	0.00245996772448	0.00101265588658	3.69919958569e-05	4.62399948211e-05	0.00245996772448	0.000115599987053	1.84959979284e-05	0.00171087980838	1.38719984463e-05	2.31199974106e-05	0.0335286202448	0.00126235185862	0.00492918344793	4.62399948211e-05	0.00295473566907	4.62399948211e-05	0.00946532693988	6.47359927496e-05	3.69919958569e-05	0.0126003985888	0.00304259165923	0.00107276787985	0.00360671959605	0.00743076716775	4.62399948211e-06	9.24799896422e-06	0.000120223986535	0.00788854311648	0.000101727988606	0.00117911986794	0.000873935902119	0	0	0	0	3.69919958569e-05	0	6.93599922317e-05	4.1615995339e-05	0	6.93599922317e-05	1.84959979284e-05	0.000485519945622	0	4.1615995339e-05	0.00217327975659	4.1615995339e-05	0.00111438387519	1.38719984463e-05	4.1615995339e-05	0.000106351988089	0.00015259198291	5.08639943032e-05	9.24799896422e-06	0.00338939162039	0.00102190388555	6.47359927496e-05	0.000476271946658	4.1615995339e-05	0	0	1.84959979284e-05	0.000901679899012	0.00291774367321	0.00140569584256	0.00582161534798	0.000795327910923	1.84959979284e-05	0.000101727988606	1.84959979284e-05	0.000282063968409	0.000277439968927	0.000758335915066	6.47359927496e-05	0	0	4.62399948211e-06
0.000346799961158	2.31199974106e-05	0.000300559966337	0	0.000124847986017	1.38719984463e-05	0.00155828782547	0.000245071972552	0.00254319971516	0.000217327975659	0.000517887941997	0.00602507132519	0.000846191905227	3.23679963748e-05	0.000869311902637	0.000184959979284	0	0.00126235185862	0.00892894299996	0.00225651174727	0.000203455977213	0.000134095984981	0	0.00015259198291	0.000286687967891	2.31199974106e-05	0.00252007971775	0.000286687967891	0.00083231990678	0.00369457558621	0.000841567905744	9.24799896422e-06	6.47359927496e-05	0.000124847986017	0.00535921539977	9.71039891244e-05	9.24799896422e-06	0	0	4.1615995339e-05	0	0	0.000254319971516	4.62399948211e-06	0.000360671959605	0.000208079976695	9.71039891244e-05	0.000235823973588	4.62399948211e-06	0.000110975987571	0	0	0	2.31199974106e-05	0	5.08639943032e-05	9.24799896422e-06	9.24799896422e-06	0	0.000467023947693	0	2.77439968927e-05	1.38719984463e-05	0.000110975987571	0.000106351988089	0	0	0	0	0.000305183965819	0.000739839917138	0.00122998386224	0.00175249580372	0.000184959979284	0.000194207978249	4.62399948211e-06	1.38719984463e-05	0.000110975987571	1.38719984463e-05	0.000254319971516	9.71039891244e-05	0	0	0
0.000781455912477	0.000231199974106	0.000786079911959	0	0.000434655951319	0	0.00549331138475	0.00015259198291	0.00407374354374	0.000231199974106	0.00103577588399	0.00858676703828	0.00496617544379	1.38719984463e-05	0.00348187161003	0.000346799961158	1.84959979284e-05	0.00492918344793	0.00225651174727	0.0218668935509	0.00270041569755	0.000258943970998	4.62399948211e-06	0.000471647947175	0.000369919958569	9.24799896422e-06	0.00570139136144	0.000957167892797	0.000735215917656	0.0073151671807	0.00177099180165	0	1.84959979284e-05	6.93599922317e-05	0.0142974063987	0.00017571198032	0.000115599987053	2.77439968927e-05	0	0.000110975987571	0	2.77439968927e-05	0.000457775948729	0.000124847986017	0.000684351923353	0.000346799961158	0.000120223986535	0.00268654369911	0	0.000300559966337	0	8.3231990678e-05	3.69919958569e-05	5.08639943032e-05	0.000110975987571	9.24799896422e-06	2.77439968927e-05	4.62399948211e-05	0.000143343983945	0.000994159888654	0	0.000356047960123	0.000208079976695	0.000208079976695	0.00017571198032	4.62399948211e-06	0	0	0	0.00032830396323	0.00376855957792	0.00189121578818	0.0109727507711	0.000550255938371	0.000110975987571	9.24799896422e-06	8.78559901601e-05	0.000605743932157	0.000180335979802	0.00024044797307	3.23679963748e-05	0	0	0
0.000198831977731	0.000226575974623	7.39839917138e-05	0	0.0143852623889	1.84959979284e-05	0.0137610224588	9.24799896422e-06	0.00649671927237	0.00120686386483	0.00926649496215	0.00133633585033	0.0232032294012	9.24799896422e-05	0.00303796765975	0.00138257584515	9.24799896422e-06	4.62399948211e-05	0.000203455977213	0.00270041569755	0.0338523002085	4.62399948211e-05	9.24799896422e-05	8.78559901601e-05	0.00320905564059	0.00026356797048	0.00130396785396	0.00059187193371	0.0031535676468	0.00506327943291	0.000110975987571	1.38719984463e-05	0.000277439968927	0	0.00824921507609	0.000198831977731	6.93599922317e-05	0	0	0.00402287954944	4.62399948211e-06	0.000110975987571	0.00041615995339	0.000189583978767	0.00184497579336	0.0033616476235	0.000254319971516	0.00720419119313	0	0.000138719984463	0	4.62399948211e-06	0	0.000157215982392	4.62399948211e-06	0.000943295894351	0	9.24799896422e-06	4.62399948211e-06	0.00224726374831	0	0.000115599987053	5.08639943032e-05	0.000651983926978	0.000138719984463	4.62399948211e-06	0	0	0	0.000545631938889	0.00176174380268	0.0010080318871	0.00710246320452	0.00200219177575	0.00104502388296	9.71039891244e-05	0.000101727988606	0.000110975987571	8.3231990678e-05	0.000670479924906	0.000221951975141	0	2.77439968927e-05	6.93599922317e-05
0.000420783952872	4.62399948211e-05	0.00325529563541	0	1.84959979284e-05	0	0.000226575974623	0.00280676768564	0.000749087916102	0.000286687967891	6.93599922317e-05	0.000383791957015	7.86079911959e-05	3.23679963748e-05	0.000198831977731	1.84959979284e-05	0.00401363155047	0.00295473566907	0.000134095984981	0.000258943970998	4.62399948211e-05	0.0435395791236	0.00202993577265	0.0214368615991	0.00132246385188	0.000110975987571	0.000707471920763	0.00138257584515	0.011106846756	0.00127622385706	0.011125342754	0	6.47359927496e-05	0.000430031951836	0.0106167028109	9.24799896422e-06	9.24799896422e-05	0.00026356797048	0	4.62399948211e-06	0	0	7.39839917138e-05	1.38719984463e-05	0.000633487929049	2.77439968927e-05	1.38719984463e-05	3.23679963748e-05	4.62399948211e-06	1.38719984463e-05	0	0.00183110379492	0.000286687967891	0	2.31199974106e-05	4.62399948211e-06	0.00282526368357	0.00508177543084	0.00153979182754	0.000753711915584	1.38719984463e-05	0.000198831977731	0.000476271946658	0.00227038374572	1.38719984463e-05	0.0005687519363	0	0	4.62399948211e-06	2.77439968927e-05	0.00362983959346	0.00120223986535	0.0100340788762	0.00357435159967	0.00241835172914	0.000642735928014	1.84959979284e-05	0.000161839981874	4.62399948211e-05	0.000110975987571	0.000106351988089	2.77439968927e-05	0	0
4.62399948211e-06	0.00383791957015	0.00311195165146	0	8.3231990678e-05	4.1615995339e-05	0.000129471985499	4.62399948211e-06	0.000129471985499	0.00734291117759	2.31199974106e-05	0.000120223986535	0.000147967983428	0.000101727988606	9.24799896422e-06	0.000189583978767	0.0101820468596	4.62399948211e-05	0	4.62399948211e-06	9.24799896422e-05	0.00202993577265	0.0290664607446	0.00589559933969	0.00782380712373	0.000564127936818	3.23679963748e-05	0.0105195988218	0.000980287890208	0.00050401594355	0.000166463981356	4.1615995339e-05	0	0.000374543958051	0.000309807965302	0	0.000277439968927	5.54879937853e-05	0	1.84959979284e-05	0	0	1.38719984463e-05	9.24799896422e-06	0.00232124774002	3.69919958569e-05	9.24799896422e-06	4.62399948211e-05	4.62399948211e-06	0	4.62399948211e-06	0.00591409533762	0.000166463981356	4.62399948211e-06	1.84959979284e-05	4.62399948211e-06	0.00211316776333	0.0130905425339	0.00138719984463	0.00168313581149	6.01119932675e-05	4.1615995339e-05	0.00598345532985	0.00259406370946	9.24799896422e-06	6.47359927496e-05	0	0	0	2.77439968927e-05	0.000971039891244	0.000342175961676	0.000194207978249	3.23679963748e-05	0.000166463981356	4.62399948211e-06	0	0.000564127936818	0.000268191969962	3.23679963748e-05	1.84959979284e-05	4.62399948211e-06	0	0
0.00676953524181	0.000277439968927	0.0213675016068	0	6.47359927496e-05	2.31199974106e-05	0.00067972792387	0.00760185514859	0.00571063936041	0.000614991931121	0.000453151949247	0.000360671959605	0.000217327975659	4.1615995339e-05	0.00226113574675	5.54879937853e-05	0.00666318325372	0.00946532693988	0.00015259198291	0.000471647947175	8.78559901601e-05	0.0214368615991	0.00589559933969	0.0770543273699	0.00190508778663	3.69919958569e-05	0.00700073521592	0.0108340307866	0.00464711947952	0.00231199974106	0.00733366317863	1.38719984463e-05	6.47359927496e-05	0.000268191969962	0.00649209527289	9.71039891244e-05	0.00059187193371	0.000379167957533	0	1.38719984463e-05	0	8.3231990678e-05	0.000379167957533	0.00015259198291	0.00083231990678	0.000194207978249	2.77439968927e-05	0.000124847986017	2.31199974106e-05	0.000258943970998	1.84959979284e-05	0.00963179092124	0.000254319971516	2.31199974106e-05	0.000448527949765	4.62399948211e-06	0.00346799961158	0.0158418222257	0.00842492705641	0.00113287987312	0.000101727988606	0.00140107184308	0.00596033533244	0.00246459172397	0.000189583978767	0.00050401594355	0	0	4.62399948211e-06	0.00026356797048	0.0112733107374	0.00252932771672	0.00799951910405	0.0020160637742	0.00190046378715	0.000314431964784	1.84959979284e-05	0.000554879937853	0.00015259198291	0.000379167957533	0.000180335979802	2.77439968927e-05	0	0
5.08639943032e-05	0.00143806383894	0.000212703976177	0	0.00723655918951	0.000346799961158	0.00285763167995	0.000776831912995	0.00184035179388	0.0136685424691	0.00135483184826	0.000541007939407	0.00303796765975	2.77439968927e-05	0.000596495933192	0.00134095984981	0.00724580718847	6.47359927496e-05	0.000286687967891	0.000369919958569	0.00320905564059	0.00132246385188	0.00782380712373	0.00190508778663	0.0429846991857	6.47359927496e-05	0.000402287954944	0.00221951975141	0.0171319180812	0.00202531177317	0.000245071972552	1.38719984463e-05	0.000245071972552	0.000430031951836	0.00182647979543	0.00039303995598	4.1615995339e-05	1.38719984463e-05	0	0.00180335979802	0	6.01119932675e-05	0.000781455912477	0.000124847986017	0.0119992786561	0.00222876775038	0.000314431964784	0.000998783888136	0	0.000319055964266	2.31199974106e-05	0.000157215982392	9.24799896422e-06	0.000180335979802	2.31199974106e-05	0.000873935902119	0.00123460786172	0.00152129582961	0.000124847986017	0.00998783888136	4.62399948211e-06	0.000129471985499	0.00015259198291	0.00667243125269	0.000628863929567	0.000272815969445	0	0	7.39839917138e-05	0.00101727988606	0.00228425574416	0.000226575974623	0.00190971178611	0.000887807900566	0.00185422379233	0.000129471985499	9.24799896422e-06	0.0016553918146	0.000268191969962	0.000910927897976	0.000157215982392	1.38719984463e-05	9.24799896422e-06	4.62399948211e-06
0	0.00221489575193	2.77439968927e-05	0	2.77439968927e-05	4.62399948211e-06	0.000332927962712	0	0.000351423960641	0.00092017589694	4.1615995339e-05	0.00476271946658	0.000360671959605	0.0121657426374	4.1615995339e-05	6.01119932675e-05	0	3.69919958569e-05	2.31199974106e-05	9.24799896422e-06	0.00026356797048	0.000110975987571	0.000564127936818	3.69919958569e-05	6.47359927496e-05	0.0193098218373	0.0040829915427	0.00474422346865	4.62399948211e-05	0.000467023947693	0.000110975987571	0.00182647979543	9.24799896422e-06	0	0.00127159985758	1.38719984463e-05	0.00113287987312	9.24799896422e-06	0	9.24799896422e-06	0	0	4.1615995339e-05	4.62399948211e-06	6.93599922317e-05	1.84959979284e-05	0.00443441550335	0.000226575974623	0.00379630357481	2.77439968927e-05	4.62399948211e-06	4.62399948211e-06	1.38719984463e-05	8.78559901601e-05	4.62399948211e-06	4.62399948211e-06	0	6.01119932675e-05	2.31199974106e-05	0.000101727988606	0.00360671959605	0.00257556771154	0.0013964478436	2.31199974106e-05	1.38719984463e-05	0	0	4.62399948211e-06	0	0.000753711915584	0.000559503937336	0.000781455912477	0.00107739187933	5.08639943032e-05	1.84959979284e-05	0	0.000420783952872	6.93599922317e-05	0.00187271979026	0.000138719984463	2.31199974106e-05	0	0	7.39839917138e-05
0.00339401561987	0.00243222372759	0.0160776461993	0	0.000323679963748	2.77439968927e-05	0.00325529563541	0.00120686386483	0.00461475148315	0.000360671959605	0.000587247934228	0.00824459107661	0.00283913568202	0.00565515136662	0.00219177575452	0.000374543958051	4.62399948211e-06	0.0126003985888	0.00252007971775	0.00570139136144	0.00130396785396	0.000707471920763	3.23679963748e-05	0.00700073521592	0.000402287954944	0.0040829915427	0.083231990678	0.0213397576099	0.00141494384153	0.0055071833832	0.00292699167218	0.00439279950801	6.47359927496e-05	0.000138719984463	0.0105103508228	0.000314431964784	0.00631638329257	0.0005687519363	0	0.000189583978767	0	1.38719984463e-05	0.00026356797048	3.69919958569e-05	0.000841567905744	0.000346799961158	0.00113287987312	0.00121148786431	0.00391190356187	0.00129934385447	4.62399948211e-06	9.24799896422e-05	0.00202531177317	0.000642735928014	0.00378705557585	0.000231199974106	0.000143343983945	0.000827695907298	0.000360671959605	0.00123460786172	0.00375006357999	0.0180058539833	0.00847579105071	0.00032830396323	0.00116987186897	0.000226575974623	9.24799896422e-06	0	1.84959979284e-05	0.00239985573122	0.00868387102741	0.00591409533762	0.0096410389202	0.00127622385706	0.000365295959087	1.38719984463e-05	6.01119932675e-05	0.00128084785655	0.0010866398783	0.00195132778145	0.00041615995339	4.62399948211e-06	0	1.84959979284e-05
0.000855439904191	0.0175110860388	0.0295427326912	0	0.000134095984981	4.1615995339e-05	0.00127159985758	0.000226575974623	0.00173862380527	0.00180798379751	0.000282063968409	0.00212703976177	0.00119299186638	0.00351886360589	0.00119761586587	0.000365295959087	0.00257094371205	0.00304259165923	0.000286687967891	0.000957167892797	0.00059187193371	0.00138257584515	0.0105195988218	0.0108340307866	0.00221951975141	0.00474422346865	0.0213397576099	0.0981305170094	0.0020160637742	0.0024044797307	0.000619615930603	0.00117449586846	1.84959979284e-05	4.1615995339e-05	0.00505865543343	4.62399948211e-05	0.0215755815835	0.00331078362919	0	6.93599922317e-05	0	6.01119932675e-05	0.000360671959605	0.000143343983945	0.000314431964784	0.000245071972552	9.71039891244e-05	0.000508639943032	0.000365295959087	0.000249695972034	1.38719984463e-05	0.00553030338061	0.00167388781252	0.000134095984981	0.000702847921281	1.84959979284e-05	0.000249695972034	0.0145794703671	0.00349111960899	0.000614991931121	0.000827695907298	0.0102837748482	0.028955484757	0.000485519945622	0.000254319971516	4.1615995339e-05	0	0	4.62399948211e-06	0.000619615930603	0.0132801265126	0.00356510360071	0.00548406338578	0.000430031951836	0.000406911954426	6.93599922317e-05	1.84959979284e-05	0.00231662374054	0.00107739187933	0.000721343919209	0.000351423960641	9.24799896422e-06	9.24799896422e-06	0
0.00135945584774	0.000138719984463	0.00291311967373	0	0.00915551897458	0.000356047960123	0.00615454331069	0.0170301900926	0.00549793538423	0.00724118318899	0.00650134327185	0.00132708785137	0.00166926381304	5.08639943032e-05	0.00342638361625	0.00103577588399	0.00155366382599	0.00107276787985	0.00083231990678	0.000735215917656	0.0031535676468	0.011106846756	0.000980287890208	0.00464711947952	0.0171319180812	4.62399948211e-05	0.00141494384153	0.0020160637742	0.0730730638158	0.0122073586328	0.00825846307505	4.62399948211e-06	0.000647359927496	0.0048598234557	0.0092295029663	0.000836943906262	6.01119932675e-05	0.00017571198032	0	0.00181260779699	0	0.000235823973588	0.00065660792646	0.00039303995598	0.0112270707426	0.00357897559915	0.000753711915584	0.000499391944068	0	0.00059187193371	1.38719984463e-05	0.000171087980838	0.00017571198032	0.000471647947175	4.1615995339e-05	0.000388415956497	0.000397663955462	0.000938671894869	0.000379167957533	0.0107785427928	0	0.000295935966855	0.000166463981356	0.00584935934487	0.000647359927496	0.000406911954426	0	0	2.77439968927e-05	0.00156753582444	0.00414772753545	0.00109588787726	0.00875323101964	0.00337551962194	0.00129471985499	0.000633487929049	1.84959979284e-05	0.00342638361625	0.000425407952354	0.00158603182236	0.000346799961158	9.24799896422e-06	4.62399948211e-06	0
0.00514188742411	0.000203455977213	0.00249695972034	0	0.00129009585551	0.000397663955462	0.0126096465877	0.00714407919986	0.0139136144417	0.00221027175245	0.00612217531432	0.0143991343873	0.00998783888136	0.000628863929567	0.0175573260336	0.000980287890208	0.000129471985499	0.00360671959605	0.00369457558621	0.0073151671807	0.00506327943291	0.00127622385706	0.00050401594355	0.00231199974106	0.00202531177317	0.000467023947693	0.0055071833832	0.0024044797307	0.0122073586328	0.0632470649163	0.00786079911959	6.93599922317e-05	0.00316281564576	0.00878097501653	0.0283173728285	0.000624239930085	3.23679963748e-05	3.23679963748e-05	0	0.000203455977213	0	6.01119932675e-05	0.00119761586587	0.00024044797307	0.00345875161262	0.000739839917138	0.000323679963748	0.00383329557067	1.84959979284e-05	0.000781455912477	9.24799896422e-06	5.08639943032e-05	4.62399948211e-06	0.000115599987053	0.000115599987053	3.23679963748e-05	0.00102190388555	0.000577999935264	1.84959979284e-05	0.00300097566389	0	0.000406911954426	0.000166463981356	0.00172012780735	0.0005687519363	0.000258943970998	0	0	0	0.00166926381304	0.00388415956497	0.00210854376384	0.0143528943925	0.00294086367062	0.00110513587622	0.00166463981356	0.000346799961158	0.00109126387778	0.000157215982392	0.000790703911441	3.69919958569e-05	9.24799896422e-06	3.69919958569e-05	0.000171087980838
0.00407374354374	6.47359927496e-05	0.00310732765198	0	0	0	0.000217327975659	0.00811511909111	0.000716719919727	0.000212703976177	4.1615995339e-05	0.00164151981615	0.000208079976695	4.62399948211e-06	0.00146580783583	9.24799896422e-06	8.78559901601e-05	0.00743076716775	0.000841567905744	0.00177099180165	0.000110975987571	0.011125342754	0.000166463981356	0.00733366317863	0.000245071972552	0.000110975987571	0.00292699167218	0.000619615930603	0.00825846307505	0.00786079911959	0.0382543477155	0	3.23679963748e-05	0.00127159985758	0.00937284695024	3.69919958569e-05	4.62399948211e-05	5.08639943032e-05	0	9.24799896422e-06	0	1.84959979284e-05	2.31199974106e-05	2.77439968927e-05	0.000721343919209	4.1615995339e-05	9.24799896422e-05	0.000134095984981	0	0.000226575974623	0	9.24799896422e-06	0	8.78559901601e-05	0.000249695972034	1.38719984463e-05	0.000628863929567	4.1615995339e-05	4.62399948211e-05	0.000531759940443	0	0.000795327910923	0.000106351988089	0.00110975987571	0.000157215982392	0.000356047960123	0	0	0	0.000406911954426	0.000721343919209	0.000887807900566	0.00528523140805	0.00102190388555	0.000337551962194	6.93599922317e-05	1.38719984463e-05	0.000587247934228	0.000180335979802	0.00041615995339	8.3231990678e-05	0	4.62399948211e-06	0
1.38719984463e-05	0.000166463981356	4.62399948211e-06	0	0	0	2.31199974106e-05	0	2.77439968927e-05	6.93599922317e-05	4.62399948211e-06	0.00041615995339	2.31199974106e-05	0.00270041569755	3.23679963748e-05	4.62399948211e-06	0	4.62399948211e-06	9.24799896422e-06	0	1.38719984463e-05	0	4.1615995339e-05	1.38719984463e-05	1.38719984463e-05	0.00182647979543	0.00439279950801	0.00117449586846	4.62399948211e-06	6.93599922317e-05	0	0.00490606345052	0	0	9.24799896422e-05	0	0.000337551962194	0	0	0	0	0	0	0	0.00015259198291	0	0.000356047960123	1.38719984463e-05	0.00189121578818	4.62399948211e-06	0	0	4.62399948211e-06	1.38719984463e-05	4.62399948211e-06	0	0	0.00026356797048	0	0.00026356797048	0.00148892783324	0.00119761586587	0.000564127936818	4.62399948211e-06	4.62399948211e-06	0	4.62399948211e-06	0	0	1.38719984463e-05	6.47359927496e-05	5.54879937853e-05	4.1615995339e-05	0	0	0	0	4.62399948211e-06	1.38719984463e-05	9.24799896422e-06	0	0	0	4.62399948211e-06
