0.0244738578866	0	0.00210823494904	0	0	0	0.000164992300359	0.00575639803476	0.00167742172032	0	0.000531641856713	0	0	0	0.0137310258855	0	0	0.00159492557014	0	0.000137493583633	0	0.000659969201437	0	0.00615971254675	0	0	0.000137493583633	0	0.000962455085429	0.0142993326978	0.0155642736672	0	0	1.83324778177e-05	0.00120994353597	0	0	0	0	0	0	0	0	0	0	0	0	0	0	0	0	0	0	0	0	0	0	0	0	0	0	0	0	0	0	0	0	0	0	0	0	0	0.00229155972721	3.66649556354e-05	0	0	0	0	0	0	0	0	0	0
0	0.031275207157	0	0	0	0	0	0	0	0.00413397374789	0	0	0	0.00111828114688	0	0	0.000366649556354	0	0	0	0	0	0.00586639290166	0	0.00202573879886	0.0025940456112	0.00209906871013	0.0278012026105	0	0	0	0	0	0	0	0	0.0123377575713	0.000760797829435	0	0	0	0	0	0	0.000293319645083	0	0.000137493583633	0	0.000384982034172	0	0	0	0	0	0	0	0	0.00147576446432	0	0.000119161105815	0.000302485883992	0	0.0185524675515	0	0	0	0	0	0	0	0	0	0	0	0	0	0	0	0.000192491017086	0	0	0	0	9.16623890885e-06
0.00210823494904	0	0.0447312458752	0	0	0	0	8.24961501797e-05	0	0	0	3.66649556354e-05	0	0	0.000329984600719	0	0	0.00685634670382	0	0.00087995893525	0	8.24961501797e-05	3.66649556354e-05	0.0232455818728	9.16623890885e-06	0	0.0055914057344	0.0237130600572	0.00023832221163	0.00055914057344	0.00108161619124	0	0	0	0.000311652122901	0	0	0.000834127740705	0	0	0	0.000531641856713	0.000421646989807	0.000531641856713	0	0.000329984600719	0	0	0	9.16623890885e-06	0	0.00179658282613	0.000146659822542	0	9.16623890885e-06	0	0.000100828627997	0.0046564493657	0.00581139546821	0	0	7.33299112708e-05	0.00651719586419	0	0	0	0	0	0	0	0.00285070030065	0.000412480750898	0.00454645449879	0.0073513236049	0	0	0	0	1.83324778177e-05	0.00344650582973	0.00223656229376	0	0	0
0	0	0	0	0	0	0	0	0	0	0	0	0	0	0	0	0	0	0	0	0	0	0	0	0	0	0	0	0	0	0	0	0	0	0	0	0	0	0	0	0	0	0	0	0	0	0	0	0	0	0	0	0	0	0	0	0	0	0	0	0	0	0	0	0	0	0	0	0	0	0	0	0	0	0	0	0	0	0	0	0	0	0	0
0	0	0	0	0.0205690401115	0	0.000164992300359	0.00117327858033	9.16623890885e-06	0.000504143139987	0.00237405587739	0.000302485883992	0.0043447972428	9.16623890885e-06	0.00032081836181	0.000412480750898	0	0	0.000137493583633	0.000100828627997	0.00468394808242	0	0	0	0.00729632617145	0	0	0	0.00571973307912	0.000861626457432	0	0	0	4.58311945443e-05	0.000815795262888	0	0	0	0	0.0074613184718	0	0.0010357849967	0	0.000439979467625	0.00544474591186	0.0074521522329	0	0.0031073549901	0	0	2.74987167266e-05	0	0	0	0	0.010357849967	0	0	0	0.00729632617145	0	0	0	0.0062147099802	0	0	0	9.16623890885e-06	0	0.000137493583633	0.000595805529075	0	0.000577473051258	1.83324778177e-05	0.00123744225269	0	0	0.000614138006893	0	0.000256654689448	0.000100828627997	2.74987167266e-05	0	0
0	0	0	0	0	0.00443645963188	0.00224572853267	0	0.000467478184351	0.00163159052578	0	0	0	0	9.16623890885e-06	0.00231905844394	0	0	0	0	0	0	0	0	0.000806629023979	0	0	0	0.00119161105815	0	0	0	0.000485810662169	0	9.16623890885e-06	0	0	0	0	0	0	0	0	0	0	0	0	0	0	0	0	0	0	0	0	0	0	0	0	0	0	0	0	0	0	0	0	0	0	0	0.00193407640977	0	0	0	0.0033090122461	3.66649556354e-05	0	0	0	0	0	0	0	0
0.000164992300359	0	0	0	0.000164992300359	0.00224572853267	0.0217514849307	0.00717716506563	0.00564640316785	0.000898291413067	0.006838014226	0	0.00273153919484	0	0.00374899171372	0.00421646989807	0	0	0	0	0	0	0	0	0.000604971767984	0	0	0	0.00364816308572	0.0018607464985	0	0	0.000247488450539	0	0.000256654689448	0	0	0	0	0.000128327344724	0	9.16623890885e-06	0	0	0.000128327344724	0.000119161105815	0	1.83324778177e-05	0	0	0	0	0	0	0	2.74987167266e-05	0	0	0	0.000128327344724	0	0	0	0.000119161105815	0	0	0	0	0	0	0.00152159565887	0	0.000421646989807	2.74987167266e-05	0.0033090122461	0	0	0	0	0	0	0	0	0
0.00575639803476	0	8.24961501797e-05	0	0.00117327858033	0	0.00717716506563	0.0609004913104	0.00747965094962	9.16623890885e-05	0.00958788589866	0.000815795262888	4.58311945443e-05	6.4163672362e-05	0.0101011952776	0.000852460218523	0	0.000999120041065	0.000439979467625	0.000705800395982	3.66649556354e-05	0.00180574906504	0	0.00338234215737	5.49974334531e-05	0	0.000128327344724	7.33299112708e-05	0.0260687834568	0.0177183398108	0.0135477011073	0	9.16623890885e-05	0.0150417980494	0.012667742172	0	0	0	0	0.00615054630784	0	0	9.16623890885e-06	0	0.00456478697661	0.0080754564787	0	0.000274987167266	0	0	0	0	0	0	0	0.00264904304466	0	0	0	0.00861626457432	0	0	0	0.00834127740705	0	0	0	0	0	9.16623890885e-06	0.00351066950209	0.000100828627997	0.00736048984381	0.00260321185011	0.000614138006893	0.000164992300359	2.74987167266e-05	7.33299112708e-05	0	0.00015582606145	0	0.000183324778177	0	0
0.00167742172032	0	0	0	9.16623890885e-06	0.000467478184351	0.00564640316785	0.00747965094962	0.020009899538	9.16623890885e-06	0.00296069516756	0	0.000100828627997	0	0.00955122094302	0.000302485883992	0	0	0	0	0	0	0	0	3.66649556354e-05	0	0	0	0.00131993840287	0.00212656742685	0.00023832221163	0	0.00127410720833	0.00032081836181	0.00168658795923	0	0	0	0	2.74987167266e-05	0	9.16623890885e-06	0	0	2.74987167266e-05	1.83324778177e-05	0	1.83324778177e-05	0	0	0	0	0	0	0	2.74987167266e-05	0	0	0	3.66649556354e-05	0	0	0	1.83324778177e-05	0	0	0	0	0	0	0.000843293979614	0	0.00150326318105	0.00100828627997	0.000229155972721	0.0011366136247	0	0	0	0	0	0	0	0
0	0.00413397374789	0	0	0.000504143139987	0.00163159052578	0.000898291413067	9.16623890885e-05	9.16623890885e-06	0.0201473931217	0	0	0.000614138006893	0.000284153406174	1.83324778177e-05	0.00160409180905	0.000522475617805	0	0	0	9.16623890885e-06	0	0.00469311432133	0	0.011971108015	0.00119161105815	1.83324778177e-05	0.00318985114028	0.00342817335191	6.4163672362e-05	0	0	0	0	4.58311945443e-05	0	0	0	0	0.000724132873799	0	9.16623890885e-06	0	0	0.00632470484711	0.000394148273081	0	4.58311945443e-05	5.49974334531e-05	0	0	0	0	0	0	0.000595805529075	0	0	0	0.00607721639657	6.4163672362e-05	0	0	0.000705800395982	0	0	0	0	0	0	0.00205323751558	0	4.58311945443e-05	0	0.0024840507443	0	0	0	0	0	0	0	0	0
0.000531641856713	0	0	0	0.00237405587739	0	0.006838014226	0.00958788589866	0.00296069516756	0	0.0263712693408	0.00177825034832	0.00108161619124	0.000100828627997	0.00412480750898	0.000274987167266	0	0	0.000907457651976	0.00153992813669	0.00179658282613	0	0	0	8.24961501797e-05	0	0.000137493583633	0	0.0100278653663	0.00724132873799	0	0	0	0.0028965314952	0.00484894038278	0	0	0	0	0.00047664442326	0	2.74987167266e-05	0	2.74987167266e-05	0.00122827601379	0.00301569260101	0	0.000724132873799	0	0	0	0	0	0	0	0.00296986140647	0	0	0	0.00241988707194	0	0	0	0.00182408154286	0	0	0	0	0	1.83324778177e-05	0.000357483317445	0	0.00422563613698	0.000256654689448	0.000274987167266	0	0.000109994866906	0.000760797829435	0	2.74987167266e-05	9.16623890885e-06	4.58311945443e-05	9.16623890885e-06	0
0	0	3.66649556354e-05	0	0.000302485883992	0	0	0.000815795262888	0	0	0.00177825034832	0.0336309305566	0.00554557453985	0.00533475104495	0.00728715993254	0	0	0	0.0081762851067	0.0105228422674	0.00555474077876	0	0	0	0.000788296546161	0.000348317078536	0.00669135440346	3.66649556354e-05	0.00118244481924	0.0146751484931	0	0.000843293979614	0.000384982034172	0.00168658795923	0.0198265747598	0	0	0	0	0	0	1.83324778177e-05	0	0	1.83324778177e-05	0	0.000146659822542	1.83324778177e-05	0.000247488450539	0	0	0	0	0	0	9.16623890885e-06	0	0	0	1.83324778177e-05	0	0	0	0	0	0	0	0	0	0	0.00298819388429	0.0051789249835	0.0102203563834	3.66649556354e-05	0.000119161105815	9.16623890885e-06	0.000256654689448	0	0.000329984600719	0	0	0	0	8.24961501797e-05
0	0	0	0	0.0043447972428	0	0.00273153919484	4.58311945443e-05	0.000100828627997	0.000614138006893	0.00108161619124	0.00554557453985	0.0257296326171	5.49974334531e-05	0.00894624917504	0.000944122607612	0	0	0.00261237808902	0.00283236782283	0.00993620297719	0	0	0	0.0036298306079	0	0.000485810662169	0	0.000898291413067	0.00993620297719	0	0	0	0	0.00697550780964	0	0	0	0	0.00241988707194	0	0.00240155459412	0	0.00328151352937	0.00107244995234	0.00597638776857	0.000119161105815	0.00824961501797	0.00071496663489	0.00147576446432	0	0	0	0	0	0.0062147099802	0	0	0	0.00126494096942	0	0	0	0.000907457651976	0.00206240375449	0	0	0	0	0.000898291413067	0.000604971767984	0	0.00411564127007	8.24961501797e-05	0.00219073109922	0	0	0.000394148273081	0	0.000659969201437	0	1.83324778177e-05	0	9.16623890885e-06
0	0.00111828114688	0	0	9.16623890885e-06	0	0	6.4163672362e-05	0	0.000284153406174	0.000100828627997	0.00533475104495	5.49974334531e-05	0.0160042531349	3.66649556354e-05	0	0	0	0	0	9.16623890885e-06	0	0.000284153406174	0	9.16623890885e-06	0.0059030578573	0.0017599178705	0.00255738065557	7.33299112708e-05	0.00095328884652	9.16623890885e-06	0.000210823494904	0.000293319645083	0.000137493583633	0.00122827601379	0	5.49974334531e-05	0	0	0	0	0	0	0	9.16623890885e-06	0	0.00143909950869	0	0.00461061817115	0	0	0	0	0	0	0	0	0	0	0	0.000980787563247	0	9.16623890885e-05	0	0	0	0	0	0	0	0.00101745251888	0.00219989733812	0.000907457651976	0.000329984600719	2.74987167266e-05	9.16623890885e-06	0.00055914057344	0	0.00396898144753	0	0	0	0	0.000669135440346
0.0137310258855	0	0.000329984600719	0	0.00032081836181	9.16623890885e-06	0.00374899171372	0.0101011952776	0.00955122094302	1.83324778177e-05	0.00412480750898	0.00728715993254	0.00894624917504	3.66649556354e-05	0.0503043191318	0.000375815795263	0	0.00135660335851	0.00368482804136	0.0037306592359	0.00744298599399	0.00055914057344	0	0.00293319645083	0.000861626457432	0	0.00071496663489	0.000109994866906	0.00490393781624	0.0369399428027	0.0106053384175	0	0.000999120041065	0.00378565666936	0.0140701767251	0	0	0	0	1.83324778177e-05	0	0	0	0	1.83324778177e-05	0	0	0	0	0	0	0	0	0	0	1.83324778177e-05	0	0	0	5.49974334531e-05	0	0	0	1.83324778177e-05	0	0	0	0	0	0	0.00436312972061	3.66649556354e-05	0.0136668622131	0.00293319645083	0.00111828114688	0.000834127740705	0	2.74987167266e-05	0	0	0	9.16623890885e-06	0	0
0	0	0	0	0.000412480750898	0.00231905844394	0.00421646989807	0.000852460218523	0.000302485883992	0.00160409180905	0.000274987167266	0	0.000944122607612	0	0.000375815795263	0.00800212656743	0	0	0	0	9.16623890885e-06	0	0	0	0.00121910977488	0	0	0	0.00208073623231	0.000357483317445	0	0	0	0	9.16623890885e-05	0	0	0	0	0.000174158539268	0	9.16623890885e-06	0	0	0.000174158539268	0.000128327344724	0	1.83324778177e-05	0	0	0	0	0	0	0	7.33299112708e-05	0	0	0	0.000174158539268	0	0	0	0.000164992300359	0	0	0	0	0	0	0.00324484857373	0	9.16623890885e-05	0	0.00604055144093	0	0	0	0	0	0	0	0	0
0	0.000366649556354	0	0	0	0	0	0	0	0.000522475617805	0	0	0	0	0	0	0.0201932243162	0	0	0	0	0.00159492557014	0.0112836400968	0.0036298306079	0.00575639803476	0	0	0.00332734472391	0.000504143139987	0	0	0	0	0	0	0	0	0	0	0	0	0	0	0	0.00361149813009	0	0	0	0	0	0	0.00516059250568	0	0	0	0	0.00195240888759	0.0100003666496	0.000192491017086	0.00760797829435	0	0	0	0.00524308865586	0	0	0	0	0	0	0.000357483317445	9.16623890885e-05	0	1.83324778177e-05	0	0	0	0	0	0	0	0	0	0
0.00159492557014	0	0.00685634670382	0	0	0	0	0.000999120041065	0	0	0	0	0	0	0.00135660335851	0	0	0.025042164699	0	0.00398731392535	0	0.00285986653956	0	0.0194415927257	0	0	0.00598555400748	0.00230072596612	0.000394148273081	0.00142993326978	0.00544474591186	0	0	2.74987167266e-05	0.00449145706534	0	0	0.00107244995234	0	0	0	0.000119161105815	0.000100828627997	0.000119161105815	0	3.66649556354e-05	0	0	0	0	0	0	0.000183324778177	0	0	0	0	0	1.83324778177e-05	0	0	0.000339150839627	0.000430813228716	0	0	0	0	0	0	0	1.83324778177e-05	0	0.00505976387769	0.00282320158393	0	0	0	0	0	0.00179658282613	0.00187907897631	0	0	0
0	0	0	0	0.000137493583633	0	0	0.000439979467625	0	0	0.000907457651976	0.0081762851067	0.00261237808902	0	0.00368482804136	0	0	0	0.00914790643103	0.00630637236929	0.00246571826648	0	0	0	0.000412480750898	0	0.00138410207524	0	0.00055914057344	0.00601305272421	0	0	0	0.000934956368703	0.00726882745472	0	0	0	0	0	0	1.83324778177e-05	0	0	1.83324778177e-05	0	0	1.83324778177e-05	0	0	0	0	0	0	0	9.16623890885e-06	0	0	0	1.83324778177e-05	0	0	0	0	0	0	0	0	0	0	2.74987167266e-05	2.74987167266e-05	0.00549974334531	0	5.49974334531e-05	0	0	0	0	0	0	0	0	0
0.000137493583633	0	0.00087995893525	0	0.000100828627997	0	0	0.000705800395982	0	0	0.00153992813669	0.0105228422674	0.00283236782283	0	0.0037306592359	0	0	0.00398731392535	0.00630637236929	0.0316418567134	0.0030065263621	0	0	0.0014482657476	0.000494976901078	0	0.0172508616265	0.00280486910611	0.00071496663489	0.00685634670382	0.000137493583633	0	0	0.00157659309232	0.0151609591552	0	0	0	0	0	0	1.83324778177e-05	0	0	1.83324778177e-05	0	0	1.83324778177e-05	0	0	0	0	1.83324778177e-05	0	2.74987167266e-05	9.16623890885e-06	0	0	0	4.58311945443e-05	0	0	0.000412480750898	0	0	0	0	0	0	0	0.00267654176138	0.00200740632104	0.0130802229229	0.000824961501797	4.58311945443e-05	0	0	2.74987167266e-05	0	0.00015582606145	0.00015582606145	0	0	0
0	0	0	0	0.00468394808242	0	0	3.66649556354e-05	0	9.16623890885e-06	0.00179658282613	0.00555474077876	0.00993620297719	9.16623890885e-06	0.00744298599399	9.16623890885e-06	0	0	0.00246571826648	0.0030065263621	0.0178924983501	0	0	0	0.0015582606145	0	0.000632470484711	0	0.00187907897631	0.0084971034685	0	0	0	5.49974334531e-05	0.00679218303146	0	0	0	0	0.00334567720173	0	0.0015490943756	0	0.000971621324338	0.000870792696341	0.00246571826648	6.4163672362e-05	0.00478477671042	0.000210823494904	0.00015582606145	7.33299112708e-05	0	0	0	0	0.00536224976168	0	0	0	0.00121910977488	0	0	0	0.000760797829435	0.000229155972721	0	0	9.16623890885e-06	0	0.00047664442326	0.000302485883992	0	0.00374899171372	2.74987167266e-05	0.000394148273081	0	1.83324778177e-05	0.000256654689448	0	0.000504143139987	0.000109994866906	3.66649556354e-05	0	3.66649556354e-05
0.000659969201437	0	8.24961501797e-05	0	0	0	0	0.00180574906504	0	0	0	0	0	0	0.00055914057344	0	0.00159492557014	0.00285986653956	0	0	0	0.037609078243	0.000439979467625	0.0266645889858	3.66649556354e-05	0	0	0.000705800395982	0.0112836400968	0.00181491530395	0.0150417980494	0	0	0.000760797829435	0.0038314878639	0	0	0	0	0	0	0	0	0	2.74987167266e-05	0	0	0	0	0	0	0.00156742685341	0	0	0	0	0.00193407640977	0.00173241915377	0	0.00114577986361	0	0	0	0.00287819901738	0	0	0	0	0	0	0.00177825034832	0.000733299112708	0.00267654176138	0.00095328884652	0	9.16623890885e-06	0	0	0	0	0	0	0	0
0	0.00586639290166	3.66649556354e-05	0	0	0	0	0	0	0.00469311432133	0	0	0	0.000284153406174	0	0	0.0112836400968	0	0	0	0	0.000439979467625	0.0355466744885	0.00242905331085	0.00673718559801	0.00123744225269	1.83324778177e-05	0.0179383295446	0.000293319645083	0	0	0	0	0	0	0	0.000806629023979	0	0	0	0	0	0	0	0.00285070030065	0	0	0	5.49974334531e-05	0	0	0.0100370316052	0	0	0	0	0.00023832221163	0.0195790863093	0.00079746278507	0.00671885312019	6.4163672362e-05	0	0.00603138520202	0.0015490943756	0	0	0	0	0	0	0	0	0	0	0	0	0	0	0	0	0	0	0	0
0.00615971254675	0	0.0232455818728	0	0	0	0	0.00338234215737	0	0	0	0	0	0	0.00293319645083	0	0.0036298306079	0.0194415927257	0	0.0014482657476	0	0.0266645889858	0.00242905331085	0.10105778397	0	0	0.00375815795263	0.014482657476	0.0114577986361	0.00321734985701	0.0149501356603	0	0	0.000302485883992	0.00761714453326	0	0	0.00142993326978	0	0	0	0.000256654689448	0.000219989733812	0.000256654689448	3.66649556354e-05	0.000146659822542	0	0	0	9.16623890885e-06	0	0.00968871452666	0.000183324778177	0	0	0	0.00301569260101	0.0112194764244	0.00429896604825	0.00285070030065	0	0.000339150839627	0.0014482657476	0.00412480750898	0	0	0	0	0	0	0.00686551294273	0.00100828627997	0.0128510669502	0.0124752511549	0.000146659822542	9.16623890885e-06	0	0	0	0.00328151352937	0.00256654689448	0	0	0
0	0.00202573879886	9.16623890885e-06	0	0.00729632617145	0.000806629023979	0.000604971767984	5.49974334531e-05	3.66649556354e-05	0.011971108015	8.24961501797e-05	0.000788296546161	0.0036298306079	9.16623890885e-06	0.000861626457432	0.00121910977488	0.00575639803476	0	0.000412480750898	0.000494976901078	0.0015582606145	3.66649556354e-05	0.00673718559801	0	0.0444012612745	0.00032081836181	8.24961501797e-05	0.000696634157073	0.0117969494757	0.00163159052578	0	0	0	0.000659969201437	0.00219073109922	0	0.000348317078536	2.74987167266e-05	0	0.00492227029405	0	0.000540808095622	0.000339150839627	0.000100828627997	0.0189649483024	0.0026948742392	0	0.00102661875779	0	0	0.00032081836181	9.16623890885e-05	0	0	0	0.00176908410941	0.000192491017086	0.00294236268974	0	0.0216781550194	1.83324778177e-05	0	0.000256654689448	0.00780963555034	0	0	0	0	0	6.4163672362e-05	0.00209906871013	0.000265820928357	0.00110911490797	0.000256654689448	0.00221822981594	0	0	0.00087995893525	0	7.33299112708e-05	0	9.16623890885e-05	0	0
0	0.0025940456112	0	0	0	0	0	0	0	0.00119161105815	0	0.000348317078536	0	0.0059030578573	0	0	0	0	0	0	0	0	0.00123744225269	0	0.00032081836181	0.00955122094302	0.00111828114688	0.00450062330425	0	0	0	0	0	0	0	0	0.000485810662169	0	0	0	0	0	0	0	2.74987167266e-05	0	0.00146659822542	0	0.00488560533842	0	0	0	0	0	0	0	0	0	0	0	0.00172325291486	2.74987167266e-05	0.00079746278507	0	0	0	0	0	0	0	9.16623890885e-06	1.83324778177e-05	0	0	0	0	3.66649556354e-05	0	0.00251154946103	0	0	0	0	0.000696634157073
0.000137493583633	0.00209906871013	0.0055914057344	0	0	0	0	0.000128327344724	0	1.83324778177e-05	0.000137493583633	0.00669135440346	0.000485810662169	0.0017599178705	0.00071496663489	0	0	0.00598555400748	0.00138410207524	0.0172508616265	0.000632470484711	0	1.83324778177e-05	0.00375815795263	8.24961501797e-05	0.00111828114688	0.0911307472318	0.0426138446872	0.000458311945443	0.00117327858033	0.000137493583633	0.00499560020532	0	0.000348317078536	0.00537141600059	0	0.0106970008066	2.74987167266e-05	0	9.16623890885e-06	0	4.58311945443e-05	3.66649556354e-05	2.74987167266e-05	0.000284153406174	4.58311945443e-05	9.16623890885e-06	0	0.00802045904524	0	0	0	0.00015582606145	0.000128327344724	0.000201657255995	0	9.16623890885e-06	0.000357483317445	2.74987167266e-05	0.000504143139987	0.00171408667596	0.00200740632104	0.0282228496004	8.24961501797e-05	0	0	2.74987167266e-05	0	0	0	0.0112836400968	0.0137951895578	0.00601305272421	0.00167742172032	0	0	0	0.00167742172032	0.00579306299039	0.000733299112708	0.000595805529075	0	1.83324778177e-05	0
0	0.0278012026105	0.0237130600572	0	0	0	0	7.33299112708e-05	0	0.00318985114028	0	3.66649556354e-05	0	0.00255738065557	0.000109994866906	0	0.00332734472391	0.00230072596612	0	0.00280486910611	0	0.000705800395982	0.0179383295446	0.014482657476	0.000696634157073	0.00450062330425	0.0426138446872	0.153406174379	0.00276820415047	0.000128327344724	9.16623890885e-06	2.74987167266e-05	0	0.000430813228716	0.00187907897631	0	0.0262612744739	0.00146659822542	0	9.16623890885e-06	0	0.00032081836181	0.000256654689448	0.00032081836181	0.000549974334531	0.000229155972721	0.000293319645083	0	0.00645303219183	0	0	0.0113111388135	0.000174158539268	0.000119161105815	0.000164992300359	0	0.000100828627997	0.0235755664736	0.00854293466305	0.00055914057344	0.00246571826648	0.00197990760431	0.0735682334824	7.33299112708e-05	0	0	2.74987167266e-05	0	0	0	0.0164808975581	0.0101836914277	0.00408814255335	0.00799296032852	0	0	0	0.0014482657476	0.00566473564567	0.00276820415047	0.00141160079196	9.16623890885e-06	1.83324778177e-05	1.83324778177e-05
0.000962455085429	0	0.00023832221163	0	0.00571973307912	0.00119161105815	0.00364816308572	0.0260687834568	0.00131993840287	0.00342817335191	0.0100278653663	0.00118244481924	0.000898291413067	7.33299112708e-05	0.00490393781624	0.00208073623231	0.000504143139987	0.000394148273081	0.00055914057344	0.00071496663489	0.00187907897631	0.0112836400968	0.000293319645083	0.0114577986361	0.0117969494757	0	0.000458311945443	0.00276820415047	0.0918090489111	0.0121910977488	0.0172691941043	0	2.74987167266e-05	0.0118152819535	0.0158117621178	0	0	0.000302485883992	0	0.0133093788957	0	0.000183324778177	0.000339150839627	6.4163672362e-05	0.0209631883845	0.0139326831415	0	0.000705800395982	0	0	9.16623890885e-06	0	0	0	0	0.00511476131114	9.16623890885e-06	9.16623890885e-06	0	0.025949622351	0	0	0.000678301679255	0.0202482217497	0	0	0	0	0	4.58311945443e-05	0.00988120554374	0.00285070030065	0.0115861259808	0.0064163672362	0.00271320671702	3.66649556354e-05	2.74987167266e-05	0.00136576959742	9.16623890885e-06	0.000219989733812	2.74987167266e-05	0.000394148273081	0	0
0.0142993326978	0	0.00055914057344	0	0.000861626457432	0	0.0018607464985	0.0177183398108	0.00212656742685	6.4163672362e-05	0.00724132873799	0.0146751484931	0.00993620297719	0.00095328884652	0.0369399428027	0.000357483317445	0	0.00142993326978	0.00601305272421	0.00685634670382	0.0084971034685	0.00181491530395	0	0.00321734985701	0.00163159052578	0	0.00117327858033	0.000128327344724	0.0121910977488	0.0814970301386	0.0271412334091	0	0.00160409180905	0.0213390041798	0.0406706020386	0	0	0	0	0.000247488450539	0	0.000293319645083	0	0.000128327344724	0.000540808095622	0.000265820928357	0	0.00162242428687	9.16623890885e-05	0	0	0	0	0	0	0.000513309378896	0	0	0	0.00189741145413	0	0	0	0.000265820928357	0	0	0	9.16623890885e-06	0	0.000348317078536	0.00900124660849	6.4163672362e-05	0.0299186037985	0.00512392755005	0.00301569260101	0.00047664442326	0.000183324778177	0.000586639290166	0	0.000870792696341	1.83324778177e-05	0.00087995893525	0	2.74987167266e-05
0.0155642736672	0	0.00108161619124	0	0	0	0	0.0135477011073	0.00023832221163	0	0	0	0	9.16623890885e-06	0.0106053384175	0	0	0.00544474591186	0	0.000137493583633	0	0.0150417980494	0	0.0149501356603	0	0	0.000137493583633	9.16623890885e-06	0.0172691941043	0.0271412334091	0.0537141600059	0	6.4163672362e-05	0.00947789103175	0.00724132873799	0	0	0	0	0	0	0	0	0	0	0	0	0	0	0	0	0	0	0	0	0	0	0	0	0	0	0	0	0	0	0	0	0	0	0	0.000916623890885	9.16623890885e-06	0.00574723179585	0.00149409694214	0	0.000119161105815	9.16623890885e-06	0	0	0	0	0	0	0
0	0	0	0	0	0	0	0	0	0	0	0.000843293979614	0	0.000210823494904	0	0	0	0	0	0	0	0	0	0	0	0	0.00499560020532	2.74987167266e-05	0	0	0	0.00501393268314	0	0	0	0	0	0	0	0	0	0	0	0	0	0	0	0	0.00171408667596	0	0	0	0	0	0	0	0	0	0	0	0	0	0.00163159052578	0	0	0	0	0	0	0	0.000788296546161	0.00160409180905	0	0	0	0	0	9.16623890885e-06	0.00180574906504	0	0	0	0	0
0	0	0	0	0	0.000485810662169	0.000247488450539	9.16623890885e-05	0.00127410720833	0	0	0.000384982034172	0	0.000293319645083	0.000999120041065	0	0	0	0	0	0	0	0	0	0	0	0	0	2.74987167266e-05	0.00160409180905	6.4163672362e-05	0	0.00394148273081	9.16623890885e-05	0.0026948742392	0	0	0	0	0	0	0	0	0	0	0	0	0	0	0	0	0	0	0	0	0	0	0	0	0	0	0	0	0	0	0	0	0	0	0	0.000311652122901	0	0.000449145706534	0.000339150839627	0	0.000824961501797	0	0	0	0	0	0	0	0
1.83324778177e-05	0	0	0	4.58311945443e-05	0	0	0.0150417980494	0.00032081836181	0	0.0028965314952	0.00168658795923	0	0.000137493583633	0.00378565666936	0	0	2.74987167266e-05	0.000934956368703	0.00157659309232	5.49974334531e-05	0.000760797829435	0	0.000302485883992	0.000659969201437	0	0.000348317078536	0.000430813228716	0.0118152819535	0.0213390041798	0.00947789103175	0	9.16623890885e-05	0.0251796582826	0.0189832807802	0	0	0	0	4.58311945443e-05	0	9.16623890885e-06	4.58311945443e-05	0	1.83324778177e-05	0.000210823494904	0	5.49974334531e-05	0	0	0	0	0	0	0	0.000146659822542	0	0	0	0.000449145706534	0	0	0	0.000174158539268	0	0	0	9.16623890885e-06	0	0	0.00539891471731	0.000394148273081	0.0114119674415	0.00384982034172	0.000733299112708	0.000164992300359	8.24961501797e-05	0.000339150839627	0	1.83324778177e-05	0	0.000568306812349	0	0
0.00120994353597	0	0.000311652122901	0	0.000815795262888	9.16623890885e-06	0.000256654689448	0.012667742172	0.00168658795923	4.58311945443e-05	0.00484894038278	0.0198265747598	0.00697550780964	0.00122827601379	0.0140701767251	9.16623890885e-05	0	0.00449145706534	0.00726882745472	0.0151609591552	0.00679218303146	0.0038314878639	0	0.00761714453326	0.00219073109922	0	0.00537141600059	0.00187907897631	0.0158117621178	0.0406706020386	0.00724132873799	0	0.0026948742392	0.0189832807802	0.0737698907384	0	0	0	0	0.000274987167266	0	0.000311652122901	4.58311945443e-05	0.000137493583633	0.000549974334531	0.000449145706534	0	0.00208990247122	0.000201657255995	0	9.16623890885e-06	0	0	0	0	0.000614138006893	0	0	0	0.00266737552248	0	0	9.16623890885e-06	0.000421646989807	0	0	0	1.83324778177e-05	0	0.000604971767984	0.0111919777077	0.00071496663489	0.0445845860527	0.00895541541395	0.00216323238249	0.00121910977488	0.000394148273081	0.00102661875779	0	0.00125577473051	2.74987167266e-05	0.00151242941996	0	4.58311945443e-05
0	0	0	0	0	0	0	0	0	0	0	0	0	0	0	0	0	0	0	0	0	0	0	0	0	0	0	0	0	0	0	0	0	0	0	0.0124019212437	0	0	0	0	0	0.000467478184351	0.00583889418494	0.00105411747452	0	0.000137493583633	0	0	1.83324778177e-05	0.00515142626677	0	0	4.58311945443e-05	0	9.16623890885e-06	0	0.000119161105815	0	0.000183324778177	0.00610471511329	0	1.83324778177e-05	0	0.00225489477158	0.0066271907311	0.00323568233482	9.16623890885e-06	0	0.000302485883992	0.000861626457432	0	0	0	0	0	0	0	2.74987167266e-05	0	0.00141160079196	0.00015582606145	0	5.49974334531e-05	0
0	0.0123377575713	0	0	0	0	0	0	0	0	0	0	0	5.49974334531e-05	0	0	0	0	0	0	0	0	0.000806629023979	0	0.000348317078536	0.000485810662169	0.0106970008066	0.0262612744739	0	0	0	0	0	0	0	0	0.0364541321405	0	0	0.000256654689448	0	0	0	0	0.006838014226	0	0	0	0.00112744738579	0	0	2.74987167266e-05	0	0	0	0	0	0.00868959448559	9.16623890885e-06	0.00873542568013	0.00309818875119	1.83324778177e-05	0.0313118721126	0	0	0	0	0	0	0	0	0	0	0	0	0	0	6.4163672362e-05	0.000192491017086	0	0	0	0	0
0	0.000760797829435	0.000834127740705	0	0	0	0	0	0	0	0	0	0	0	0	0	0	0.00107244995234	0	0	0	0	0	0.00142993326978	2.74987167266e-05	0	2.74987167266e-05	0.00146659822542	0.000302485883992	0	0	0	0	0	0	0	0	0.0288461538462	0	9.16623890885e-06	0	4.58311945443e-05	0.000274987167266	5.49974334531e-05	0.000192491017086	0.000109994866906	0	0	0	5.49974334531e-05	0	9.16623890885e-06	0.00670052064237	0	2.74987167266e-05	0	0.00166825548141	0	0.0112378089023	0.000779130307252	0	0.00706717019872	0.0123560900491	0.000430813228716	0	0.000100828627997	0	0	0	0	3.66649556354e-05	0	0.00143909950869	0.00147576446432	0	0	0	0.00405147759771	0.000357483317445	0.00265820928357	0.00297902764538	0	0	0
0	0	0	0	0	0	0	0	0	0	0	0	0	0	0	0	0	0	0	0	0	0	0	0	0	0	0	0	0	0	0	0	0	0	0	0	0	0	0	0	0	0	0	0	0	0	0	0	0	0	0	0	0	0	0	0	0	0	0	0	0	0	0	0	0	0	0	0	0	0	0	0	0	0	0	0	0	0	0	0	0	0	0	0
0	0	0	0	0.0074613184718	0	0.000128327344724	0.00615054630784	2.74987167266e-05	0.000724132873799	0.00047664442326	0	0.00241988707194	0	1.83324778177e-05	0.000174158539268	0	0	0	0	0.00334567720173	0	0	0	0.00492227029405	0	9.16623890885e-06	9.16623890885e-06	0.0133093788957	0.000247488450539	0	0	0	4.58311945443e-05	0.000274987167266	0	0.000256654689448	9.16623890885e-06	0	0.0382965461612	0	0.00324484857373	0.00123744225269	0.00116411234142	0.0197624110875	0.0181858179952	3.66649556354e-05	0.00754381462198	0.000164992300359	1.83324778177e-05	0.00247488450539	0	0	0	0	0.011063650363	0	0.000302485883992	0	0.030871892645	2.74987167266e-05	0	6.4163672362e-05	0.0246205177092	1.83324778177e-05	0	0	1.83324778177e-05	0	0.000494976901078	0.00071496663489	0	0.000229155972721	0	0.00109994866906	0	0	0.00184241402068	1.83324778177e-05	0.00079746278507	0.000293319645083	0.000247488450539	1.83324778177e-05	3.66649556354e-05
0	0	0	0	0	0	0	0	0	0	0	0	0	0	0	0	0	0	0	0	0	0	0	0	0	0	0	0	0	0	0	0	0	0	0	0	0	0	0	0	0.000870792696341	0.000128327344724	0	0	0	0	0	0	0	0	0.000430813228716	0	0	0	0	0	0	0	0	0	0	0	0	0	0	0	0	0.000146659822542	0	0	0	0	0	0	0	0	0	0	0	0	0	5.49974334531e-05	0.00023832221163	0
0	0	0.000531641856713	0	0.0010357849967	0	9.16623890885e-06	0	9.16623890885e-06	9.16623890885e-06	2.74987167266e-05	1.83324778177e-05	0.00240155459412	0	0	9.16623890885e-06	0	0.000119161105815	1.83324778177e-05	1.83324778177e-05	0.0015490943756	0	0	0.000256654689448	0.000540808095622	0	4.58311945443e-05	0.00032081836181	0.000183324778177	0.000293319645083	0	0	0	9.16623890885e-06	0.000311652122901	0.000467478184351	0	4.58311945443e-05	0	0.00324484857373	0.000128327344724	0.0466194910904	0.00955122094302	0.0304135806996	0.00276820415047	0.0186807948962	0.000302485883992	0.00944122607612	0.000751631590526	0.00419813742025	0.00219073109922	0	0.00171408667596	0.00015582606145	0.000146659822542	0.003419007113	0.00246571826648	0	0.00440896091516	0.00914790643103	0	0.000339150839627	8.24961501797e-05	0.011063650363	0.00189741145413	0.00415230622571	6.4163672362e-05	0.000944122607612	0	0.00273153919484	0.000788296546161	0	0.000834127740705	0.000540808095622	0.000577473051258	0	0	0.00249321698321	1.83324778177e-05	0.00638886851947	0.00267654176138	0.0028965314952	0.000779130307252	7.33299112708e-05
0	0	0.000421646989807	0	0	0	0	9.16623890885e-06	0	0	0	0	0	0	0	0	0	0.000100828627997	0	0	0	0	0	0.000219989733812	0.000339150839627	0	3.66649556354e-05	0.000256654689448	0.000339150839627	0	0	0	0	4.58311945443e-05	4.58311945443e-05	0.00583889418494	0	0.000274987167266	0	0.00123744225269	0	0.00955122094302	0.0704700447312	0.0177183398108	0.000485810662169	0.0215864926303	0.000568306812349	2.74987167266e-05	0.000201657255995	0.0217148199751	1.83324778177e-05	0	0.000109994866906	0.000504143139987	0.000357483317445	9.16623890885e-06	0.00939539488157	0	0.00574723179585	0.0156467698174	0	0.000128327344724	0.000339150839627	0.0251063283713	0.00348317078536	0.0105411747452	2.74987167266e-05	9.16623890885e-06	9.16623890885e-06	0.00142993326978	4.58311945443e-05	0	0.000421646989807	0.000421646989807	0	0	0	0.0025940456112	1.83324778177e-05	0.00311652122901	0.00170492043705	0.00032081836181	0.000458311945443	0
0	0	0.000531641856713	0	0.000439979467625	0	0	0	0	0	2.74987167266e-05	0	0.00328151352937	0	0	0	0	0.000119161105815	0	0	0.000971621324338	0	0	0.000256654689448	0.000100828627997	0	2.74987167266e-05	0.00032081836181	6.4163672362e-05	0.000128327344724	0	0	0	0	0.000137493583633	0.00105411747452	0	5.49974334531e-05	0	0.00116411234142	0	0.0304135806996	0.0177183398108	0.0519267434186	0.000311652122901	0.0215131627191	5.49974334531e-05	0.00689301165946	0.000586639290166	0.0159034245069	0.000192491017086	0	0.00210823494904	1.83324778177e-05	0.000137493583633	0.00372149299699	0.00257571313339	0	0.00499560020532	0.00488560533842	0	0.000265820928357	7.33299112708e-05	0.00769047444453	0.0016590892425	0.00687467918164	5.49974334531e-05	0.00129243968615	0	0.0023832221163	0	0	0.000669135440346	0.000531641856713	1.83324778177e-05	0	0	0.00118244481924	0	0.00623304245802	0.00261237808902	0.0017599178705	0.00105411747452	6.4163672362e-05
0	0.000293319645083	0	0	0.00544474591186	0	0.000128327344724	0.00456478697661	2.74987167266e-05	0.00632470484711	0.00122827601379	1.83324778177e-05	0.00107244995234	9.16623890885e-06	1.83324778177e-05	0.000174158539268	0.00361149813009	0	1.83324778177e-05	1.83324778177e-05	0.000870792696341	2.74987167266e-05	0.00285070030065	3.66649556354e-05	0.0189649483024	2.74987167266e-05	0.000284153406174	0.000549974334531	0.0209631883845	0.000540808095622	0	0	0	1.83324778177e-05	0.000549974334531	0	0.006838014226	0.000192491017086	0	0.0197624110875	0	0.00276820415047	0.000485810662169	0.000311652122901	0.058324778177	0.0140701767251	0	0.00707633643763	4.58311945443e-05	0	0.00372149299699	0	0	0	0	0.00623304245802	9.16623890885e-06	0.0135202023906	0	0.0546766150913	0.000815795262888	0	0.00597638776857	0.0230164259001	0	0	0	9.16623890885e-06	0	0.000109994866906	0.00150326318105	9.16623890885e-06	0.000531641856713	9.16623890885e-06	0.00178741658723	0	0	0.00111828114688	9.16623890885e-06	0.000293319645083	0.000128327344724	0.000293319645083	0	0
0	0	0.000329984600719	0	0.0074521522329	0	0.000119161105815	0.0080754564787	1.83324778177e-05	0.000394148273081	0.00301569260101	0	0.00597638776857	0	0	0.000128327344724	0	3.66649556354e-05	0	0	0.00246571826648	0	0	0.000146659822542	0.0026948742392	0	4.58311945443e-05	0.000229155972721	0.0139326831415	0.000265820928357	0	0	0	0.000210823494904	0.000449145706534	0.000137493583633	0	0.000109994866906	0	0.0181858179952	0	0.0186807948962	0.0215864926303	0.0215131627191	0.0140701767251	0.0816436899611	0.000329984600719	0.0125485810662	0.00142076703087	0.00845127227396	6.4163672362e-05	0	4.58311945443e-05	5.49974334531e-05	5.49974334531e-05	0.0182866466232	0.00225489477158	0	0.00188824521522	0.0244096942143	0	0.000128327344724	0.000128327344724	0.0349050377649	0.00252988193884	0.0023832221163	4.58311945443e-05	0.000128327344724	0	0.00297902764538	0.000907457651976	0	0.000650802962528	0.000329984600719	0.000614138006893	0	0	0.00623304245802	9.16623890885e-06	0.00543557967295	0.00230072596612	0.00106328371343	0.00109078243015	6.4163672362e-05
0	0.000137493583633	0	0	0	0	0	0	0	0	0	0.000146659822542	0.000119161105815	0.00143909950869	0	0	0	0	0	0	6.4163672362e-05	0	0	0	0	0.00146659822542	9.16623890885e-06	0.000293319645083	0	0	0	0	0	0	0	0	0	0	0	3.66649556354e-05	0	0.000302485883992	0.000568306812349	5.49974334531e-05	0	0.000329984600719	0.0184608051624	0.000210823494904	0.0060038864853	0	0	0	0	0.00525225489477	0.00366649556354	0.00023832221163	0	0	0	0.000870792696341	0.000100828627997	0.000604971767984	0	0.000870792696341	5.49974334531e-05	0	0.000229155972721	0	0	0.00686551294273	0	1.83324778177e-05	0	0	0	0	0	0	0.00183324778177	0.00474811175478	0	0	0	0.00178741658723
0	0	0	0	0.0031073549901	0	1.83324778177e-05	0.000274987167266	1.83324778177e-05	4.58311945443e-05	0.000724132873799	1.83324778177e-05	0.00824961501797	0	0	1.83324778177e-05	0	0	1.83324778177e-05	1.83324778177e-05	0.00478477671042	0	0	0	0.00102661875779	0	0	0	0.000705800395982	0.00162242428687	0	0	0	5.49974334531e-05	0.00208990247122	0	0	0	0	0.00754381462198	0	0.00944122607612	2.74987167266e-05	0.00689301165946	0.00707633643763	0.0125485810662	0.000210823494904	0.0294419593752	0.00140243455305	0.00184241402068	0.00351066950209	0	0	0	0	0.012273593899	0	0	0	0.00871709320232	0	0	0	0.00318068490137	0.00237405587739	0	0	6.4163672362e-05	0	0.00273153919484	0.00151242941996	0	0.00203490503776	4.58311945443e-05	0.00109994866906	0	0	0.00314401994574	0	0.00398731392535	0.000669135440346	0.00131993840287	9.16623890885e-05	0.000119161105815
0	0.000384982034172	0	0	0	0	0	0	0	5.49974334531e-05	0	0.000247488450539	0.00071496663489	0.00461061817115	0	0	0	0	0	0	0.000210823494904	0	5.49974334531e-05	0	0	0.00488560533842	0.00802045904524	0.00645303219183	0	9.16623890885e-05	0	0.00171408667596	0	0	0.000201657255995	1.83324778177e-05	0.00112744738579	0	0	0.000164992300359	0	0.000751631590526	0.000201657255995	0.000586639290166	4.58311945443e-05	0.00142076703087	0.0060038864853	0.00140243455305	0.0271778983647	2.74987167266e-05	0	0	0	9.16623890885e-06	0	0.000925790129794	0	8.24961501797e-05	0	0.000724132873799	0.00282320158393	0.000494976901078	0.00727799369363	0.000485810662169	0.000219989733812	1.83324778177e-05	0.00109994866906	0	0	0.00366649556354	9.16623890885e-06	2.74987167266e-05	0.000201657255995	9.16623890885e-06	0	0	0	0.00175075163159	0.00803879152306	0.00582972794603	0.00110911490797	0	0	0.0016590892425
0	0	9.16623890885e-06	0	0	0	0	0	0	0	0	0	0.00147576446432	0	0	0	0	0	0	0	0.00015582606145	0	0	9.16623890885e-06	0	0	0	0	0	0	0	0	0	0	0	0.00515142626677	0	5.49974334531e-05	0	1.83324778177e-05	0	0.00419813742025	0.0217148199751	0.0159034245069	0	0.00845127227396	0	0.00184241402068	2.74987167266e-05	0.0363533035125	0	0	0.00095328884652	0	1.83324778177e-05	0.00189741145413	0.000577473051258	0	0.00121910977488	0.00561890445113	0	6.4163672362e-05	2.74987167266e-05	0.0032081836181	0.00525225489477	0.00460145193224	1.83324778177e-05	0	0	0.000311652122901	0	0	9.16623890885e-06	9.16623890885e-06	0	0	0	0.000146659822542	0	0.00120994353597	0.000366649556354	0	0.000146659822542	0
0	0	0	0	2.74987167266e-05	0	0	0	0	0	0	0	0	0	0	0	0	0	0	0	7.33299112708e-05	0	0	0	0.00032081836181	0	0	0	9.16623890885e-06	0	0	0	0	0	9.16623890885e-06	0	0	0	0	0.00247488450539	0.000430813228716	0.00219073109922	1.83324778177e-05	0.000192491017086	0.00372149299699	6.4163672362e-05	0	0.00351066950209	0	0	0.00552724206204	0	0	0	0	0.000164992300359	0	0	0	0.00308902251228	0	0	2.74987167266e-05	0.00153992813669	0	0	0	0	0	0	0	0	9.16623890885e-06	9.16623890885e-06	0	0	0	6.4163672362e-05	0	0	0	9.16623890885e-05	3.66649556354e-05	0
0	0	0.00179658282613	0	0	0	0	0	0	0	0	0	0	0	0	0	0.00516059250568	0	0	0	0	0.00156742685341	0.0100370316052	0.00968871452666	9.16623890885e-05	0	0	0.0113111388135	0	0	0	0	0	0	0	0	2.74987167266e-05	9.16623890885e-06	0	0	0	0	0	0	0	0	0	0	0	0	0	0.0305602405221	0	0	0	0	0.00332734472391	0.0243271980641	0.0031073549901	0.00454645449879	0	0	0.00489477157733	0.00417980494244	0	0	0	0	0	0	4.58311945443e-05	7.33299112708e-05	0	0	0	0	0	0.000357483317445	0.000302485883992	0	0	0	0	0
0	0	0.000146659822542	0	0	0	0	0	0	0	0	0	0	0	0	0	0	0.000183324778177	0	1.83324778177e-05	0	0	0	0.000183324778177	0	0	0.00015582606145	0.000174158539268	0	0	0	0	0	0	0	4.58311945443e-05	0	0.00670052064237	0	0	0	0.00171408667596	0.000109994866906	0.00210823494904	0	4.58311945443e-05	0	0	0	0.00095328884652	0	0	0.0243730292586	9.16623890885e-06	0.00340984087409	0	0.000192491017086	0	0.0102386888612	0	0	0.00754381462198	0.00315318618464	6.4163672362e-05	9.16623890885e-06	0.00162242428687	0	0	0	0.00384982034172	0	0	0.00023832221163	0.000311652122901	0	0	0	9.16623890885e-06	0	0.00439062843734	0.000439979467625	0	0	0
0	0	0	0	0	0	0	0	0	0	0	0	0	0	0	0	0	0	0	0	0	0	0	0	0	0	0.000128327344724	0.000119161105815	0	0	0	0	0	0	0	0	0	0	0	0	0	0.00015582606145	0.000504143139987	1.83324778177e-05	0	5.49974334531e-05	0.00525225489477	0	9.16623890885e-06	0	0	0	9.16623890885e-06	0.0075621470998	0.0027957028672	9.16623890885e-06	0	0	0	0.000687467918164	0	0.00104495123561	1.83324778177e-05	0.000577473051258	0	0	9.16623890885e-06	0	0	0.00201657255995	0	0	0	0	0	0	0	9.16623890885e-06	9.16623890885e-06	0.0036298306079	0	0	0	0
0	0	9.16623890885e-06	0	0	0	0	0	0	0	0	0	0	0	0	0	0	0	0	2.74987167266e-05	0	0	0	0	0	0	0.000201657255995	0.000164992300359	0	0	0	0	0	0	0	9.16623890885e-06	0	2.74987167266e-05	0	0	0	0.000146659822542	0.000357483317445	0.000137493583633	0	5.49974334531e-05	0.00366649556354	0	0	1.83324778177e-05	0	0	0.00340984087409	0.0027957028672	0.0116136246975	0	1.83324778177e-05	0	9.16623890885e-06	0.000375815795263	0	0.000815795262888	0.00116411234142	0.000366649556354	0	2.74987167266e-05	0	0	0	0.00467478184351	0	0	9.16623890885e-06	5.49974334531e-05	0	0	0	3.66649556354e-05	0	0.00604971767984	0.000128327344724	0	9.16623890885e-06	0
0	0	0	0	0.010357849967	0	2.74987167266e-05	0.00264904304466	2.74987167266e-05	0.000595805529075	0.00296986140647	9.16623890885e-06	0.0062147099802	0	1.83324778177e-05	7.33299112708e-05	0	0	9.16623890885e-06	9.16623890885e-06	0.00536224976168	0	0	0	0.00176908410941	0	0	0	0.00511476131114	0.000513309378896	0	0	0	0.000146659822542	0.000614138006893	0	0	0	0	0.011063650363	0	0.003419007113	9.16623890885e-06	0.00372149299699	0.00623304245802	0.0182866466232	0.00023832221163	0.012273593899	0.000925790129794	0.00189741145413	0.000164992300359	0	0	9.16623890885e-06	0	0.0285070030065	0	0	0	0.0112194764244	0	1.83324778177e-05	0	0.010357849967	0.00152159565887	0	0	4.58311945443e-05	0	0.00164075676468	0.00135660335851	0	0.000549974334531	0	0.00148493070323	0	0	0.0025940456112	0	0.00193407640977	0.000458311945443	0.000210823494904	7.33299112708e-05	5.49974334531e-05
0	0	0.000100828627997	0	0	0	0	0	0	0	0	0	0	0	0	0	0.00195240888759	0	0	0	0	0.00193407640977	0.00023832221163	0.00301569260101	0.000192491017086	0	9.16623890885e-06	0.000100828627997	9.16623890885e-06	0	0	0	0	0	0	0.000119161105815	0	0.00166825548141	0	0	0	0.00246571826648	0.00939539488157	0.00257571313339	9.16623890885e-06	0.00225489477158	0	0	0	0.000577473051258	0	0.00332734472391	0.000192491017086	0	1.83324778177e-05	0	0.0505518075823	0.00208073623231	0.0241897044805	0.000174158539268	0	2.74987167266e-05	0.00102661875779	0.0125302485884	0.00047664442326	0.0147484784043	0	0	2.74987167266e-05	0.00601305272421	0	2.74987167266e-05	8.24961501797e-05	0.000100828627997	0	0	0	0.003620664369	0.000733299112708	0.0032081836181	0.000999120041065	0	0.000274987167266	0
