0.0137670202522	0	0.00203798305419	0	0	0	1.54685620811e-05	0.0027069983642	0.000525931110759	0	8.1209950926e-05	0.000100545653527	0	0	0.00904524167695	3.86714052029e-06	0.000460189721914	0.000158552761332	7.73428104057e-06	0.000108279934568	0	0.00106346364308	0	0.000653546747928	0.000920379443828	0	0.00095518370851	0.000313238382143	0.00123361782597	0.00614101914621	0.00901430455278	0	0	3.09371241623e-05	0.00218880153448	0	0	3.86714052029e-06	0	0	0	0	0	0	0	0	0	0	0	0	0	0	0	0	0	0	0	0	7.73428104057e-06	0	0	0	1.54685620811e-05	0	0	0	0	0	0	0	1.54685620811e-05	0	0.000483392565036	6.57413888448e-05	2.32028431217e-05	1.93357026014e-05	0	1.16014215609e-05	0	0	0	0	0	0
0	0.0193705068661	0.00027456697694	0	0	3.86714052029e-06	3.86714052029e-06	0	0	0.00526317824811	0	0.000201091307055	7.73428104057e-06	0.00132256205794	1.16014215609e-05	2.32028431217e-05	6.96085293651e-05	9.66785130071e-05	3.86714052029e-06	4.64056862434e-05	7.73428104057e-06	1.16014215609e-05	0.00465990432694	5.02728267637e-05	0.00398702187641	0.00353456643554	0.00375886058572	0.012591409534	5.80071078043e-05	3.48042646826e-05	1.16014215609e-05	0	0	7.73428104057e-06	0.000228161290697	2.7069983642e-05	0.00631117332911	0	0	0	4.64056862434e-05	3.86714052029e-06	7.73428104057e-06	3.09371241623e-05	0.000235895571737	2.32028431217e-05	3.09371241623e-05	1.54685620811e-05	0.000154685620811	3.86714052029e-06	8.50770914463e-05	0.000116014215609	4.25385457231e-05	0	3.48042646826e-05	3.86714052029e-06	3.86714052029e-06	0.000773428104057	7.73428104057e-05	0.0002668326959	0.00040218261411	0.000123748496649	0.00616035484881	6.57413888448e-05	3.09371241623e-05	0	6.96085293651e-05	0	7.73428104057e-06	4.25385457231e-05	0.000378979770988	4.64056862434e-05	0.000204958447575	1.93357026014e-05	7.73428104057e-05	3.86714052029e-06	1.54685620811e-05	0.000278434117461	0.000127615637169	0.000123748496649	1.54685620811e-05	4.64056862434e-05	2.7069983642e-05	0
0.00203798305419	0.00027456697694	0.0576938694221	0	0	0	0.000777295244577	0.00136510060366	0.00263738983483	6.18742483246e-05	3.48042646826e-05	0.000232028431217	3.86714052029e-06	1.16014215609e-05	0.0027456697694	1.54685620811e-05	0.000607141061685	0.00488419847712	0.000112147075088	0.000831435211861	1.16014215609e-05	0.00297769820062	0.00337988081473	0.0263081569595	0.000386714052029	0	0.00943969001002	0.0261496041982	0.000611008202205	0.000332574084745	0.00747904976623	0	2.32028431217e-05	8.1209950926e-05	0.00393288190913	1.54685620811e-05	0.00179048606089	0.000332574084745	0	3.48042646826e-05	1.93357026014e-05	0	0.00013534991821	9.66785130071e-05	0.00054913395388	0.000162419901852	0	7.73428104057e-06	0	9.66785130071e-05	5.02728267637e-05	0.00476044998047	0.000440854019312	0	0.000324839803704	2.32028431217e-05	0.000235895571737	0.00795084090971	0.0083878277885	0.000278434117461	1.16014215609e-05	0.000286168398501	0.00716194424357	0.000417651176191	3.86714052029e-06	6.18742483246e-05	0	0	3.86714052029e-06	0.000487259705556	0.00478751996411	0.000201091307055	0.00463670148382	0.000278434117461	0.00081596664978	0.000452455440873	0	0.00208438874043	0.00159326189436	0.000622609623766	5.80071078043e-05	6.18742483246e-05	1.54685620811e-05	0
0	0	0	0	0	0	0	0	0	0	0	0	0	0	0	0	0	0	0	0	0	0	0	0	0	0	0	0	0	0	0	0	0	0	0	0	0	0	0	0	0	0	0	0	0	0	0	0	0	0	0	0	0	0	0	0	0	0	0	0	0	0	0	0	0	0	0	0	0	0	0	0	0	0	0	0	0	0	0	0	0	0	0	0
0	0	0	0	0.013059333537	7.73428104057e-06	0.000881708038625	0.000494993986596	0.000355776927866	8.50770914463e-05	0.00131096063638	6.57413888448e-05	0.00300090104374	3.09371241623e-05	0.000378979770988	0.000413784035671	3.86714052029e-06	0	3.86714052029e-06	0	0.00672495736478	0	3.86714052029e-06	0	0.00331413942588	0	1.16014215609e-05	0	0.00112147075088	0.0008198337903	7.73428104057e-06	3.86714052029e-06	7.34756698854e-05	0.000127615637169	0.00068061673157	0	0	0	0	0.0035461678571	0	0.000332574084745	0	0.000228161290697	0.000467924002954	0.000170154182893	0.000123748496649	0.00120654784233	0	8.1209950926e-05	0.00027069983642	0	0	3.48042646826e-05	0	0.00275340405044	0	0	0	0.000599406780644	0	2.7069983642e-05	0	0.00013534991821	5.02728267637e-05	0	7.73428104057e-06	0	0	0.00013921705873	2.32028431217e-05	1.93357026014e-05	0.000444721159833	0.000123748496649	0.000641945326367	2.7069983642e-05	0	0	0	0.000104412794048	0	0.000390581192549	0	0
0	3.86714052029e-06	0	0	7.73428104057e-06	0.00761053254392	0.00454389011133	1.54685620811e-05	0.000877840898105	3.09371241623e-05	7.34756698854e-05	0.000170154182893	0.000228161290697	1.16014215609e-05	0.000282301257981	0.00199931164899	0	0	0	0	7.73428104057e-05	8.1209950926e-05	0	0.000320972663184	8.50770914463e-05	0	0	3.86714052029e-06	3.09371241623e-05	0.000355776927866	0	3.86714052029e-06	0.0021346615672	0	0.000696085293651	0	3.86714052029e-06	0	0	3.86714052029e-06	0	0	0	0	3.86714052029e-06	0	0	0	0	0	0	0	0	0	0	0	0	0	3.86714052029e-06	3.86714052029e-06	0	0	3.86714052029e-06	0	0	0	0	0	0	0	0.000336441225265	0	0.000622609623766	0.000100545653527	0.00268379552108	0.00094744942747	0	0	0	0	0	0	0	0
1.54685620811e-05	3.86714052029e-06	0.000777295244577	0	0.000881708038625	0.00454389011133	0.0586606545522	0.00574657081314	0.0294366736404	0.000170154182893	0.0123245768381	0.00317492236715	0.0186705544319	0.000854638054983	0.0114970087668	0.0102595238003	1.93357026014e-05	0	0.000282301257981	3.86714052029e-05	0.00711940569784	0.000166287042372	7.73428104057e-06	0.000738623839374	0.00119881356129	1.16014215609e-05	0.0016009961754	6.96085293651e-05	0.00367378349427	0.00567309514326	0.000448588300353	0.000603273921164	0.00250977419767	0.000286168398501	0.00582004648303	0	3.86714052029e-06	0	0	0.00027456697694	0	0	1.16014215609e-05	0	0.000614875342725	0.000390581192549	0	2.32028431217e-05	1.16014215609e-05	0	0	7.73428104057e-06	0	0	0	0.000235895571737	0	7.73428104057e-06	0	0.000607141061685	0	3.86714052029e-06	2.32028431217e-05	0.000568469656482	0	0	0	0	0	7.73428104057e-06	0.000688351012611	8.89442319666e-05	0.00195290596274	0.000483392565036	0.00442400875521	0.000750225260935	1.93357026014e-05	0	0	1.54685620811e-05	3.86714052029e-06	0	0	0
0.0027069983642	0	0.00136510060366	0	0.000494993986596	1.54685620811e-05	0.00574657081314	0.0360417496491	0.00935461291857	0.000460189721914	0.0051278283299	5.80071078043e-05	0.000108279934568	0	0.00556481520869	0.00134189776054	0.000112147075088	4.64056862434e-05	2.7069983642e-05	7.34756698854e-05	0.000162419901852	0.00201864735159	0	0.00117561071817	0.000564602515962	0	0.000479525424515	9.66785130071e-05	0.0141460000232	0.00513169547042	0.00771107819745	0	1.16014215609e-05	0.00221587151812	0.00201864735159	3.09371241623e-05	0	0	0	3.48042646826e-05	0	3.86714052029e-06	3.86714052029e-05	1.16014215609e-05	0.001144673594	0.000146951339771	0	1.93357026014e-05	0	0.00013921705873	0	0	0	0	0	8.50770914463e-05	0	3.86714052029e-06	4.25385457231e-05	0.000483392565036	0	7.73428104057e-06	1.16014215609e-05	0.00040991689515	4.64056862434e-05	0	0	0	3.48042646826e-05	3.48042646826e-05	5.02728267637e-05	2.32028431217e-05	0.00112920503192	0.000301636960582	0.000278434117461	8.1209950926e-05	0	5.80071078043e-05	0	0.00040218261411	0.000193357026014	0	0	0
0.000525931110759	0	0.00263738983483	0	0.000355776927866	0.000877840898105	0.0294366736404	0.00935461291857	0.059186585663	0.000150818480291	0.00804751942271	0.0012954920743	0.0106655735549	0.000251364133819	0.0256004702443	0.00486872991504	0.000146951339771	1.16014215609e-05	8.1209950926e-05	1.54685620811e-05	0.00592445927708	0.00110213504828	0	0.00195290596274	0.00109826790776	0	0.000773428104057	0.000119881356129	0.00577750793731	0.00670948880269	0.00258711700807	0.000166287042372	0.00345335648461	0.000386714052029	0.00468697431059	3.86714052029e-06	3.86714052029e-06	0	0	0.000146951339771	0	0	1.16014215609e-05	3.86714052029e-06	0.000413784035671	0.000181755604453	0	3.86714052029e-06	0	3.86714052029e-06	0	0	0	7.73428104057e-06	0	9.66785130071e-05	0	0	0.000108279934568	0.000382846911508	0	3.86714052029e-06	1.54685620811e-05	0.000340308365785	3.86714052029e-06	0	0	0	0	3.86714052029e-06	0.00109826790776	2.32028431217e-05	0.00184462602818	0.000201091307055	0.00163580044008	0.000854638054983	3.86714052029e-06	6.57413888448e-05	0	2.32028431217e-05	7.73428104057e-06	1.54685620811e-05	0	0
0	0.00526317824811	6.18742483246e-05	0	8.50770914463e-05	3.09371241623e-05	0.000170154182893	0.000460189721914	0.000150818480291	0.0187169601182	9.28113724868e-05	0.000320972663184	0.000181755604453	0.000649679607408	0.000100545653527	0.00081596664978	0.000719288136773	7.73428104057e-06	3.09371241623e-05	8.89442319666e-05	0.000251364133819	0.000328706944224	0.00466763860798	0.000398315473589	0.00718901422721	0.0016396675806	0.00105186222152	0.00240922854414	0.00360030782439	0.000448588300353	0.000320972663184	0	3.86714052029e-06	0.000359644068387	0.00080823236874	0.000243629852778	0.00027069983642	7.73428104057e-06	0	0.00119494642077	3.86714052029e-06	3.86714052029e-06	0.000317105522663	0.000734756698854	0.00690671296923	0.000436986878792	1.93357026014e-05	6.18742483246e-05	5.80071078043e-05	0.00100545653527	1.54685620811e-05	0.000363511208907	1.16014215609e-05	3.86714052029e-06	0	0.00109440076724	0.000645812466888	0.000587805359083	0.000201091307055	0.00378979770988	3.86714052029e-05	4.64056862434e-05	0.000351909787346	0.00246723565194	0.000262965555379	2.32028431217e-05	3.86714052029e-05	0	0.000174021323413	8.50770914463e-05	0.000901043741226	0.000216559869136	0.000580071078043	0.000216559869136	0.00198771022743	0.000100545653527	0	0.000877840898105	0.000193357026014	0.000773428104057	0.000494993986596	7.73428104057e-05	1.16014215609e-05	0
8.1209950926e-05	0	3.48042646826e-05	0	0.00131096063638	7.34756698854e-05	0.0123245768381	0.0051278283299	0.00804751942271	9.28113724868e-05	0.0302062346039	7.73428104057e-05	0.0038323362556	3.48042646826e-05	0.00303570530842	0.00117174357765	7.73428104057e-06	3.86714052029e-06	3.09371241623e-05	3.86714052029e-05	0.00287328540657	3.86714052029e-06	0	6.57413888448e-05	6.96085293651e-05	0	0.000100545653527	5.4139967284e-05	0.00206892017835	0.00157005905124	7.73428104057e-05	1.16014215609e-05	0.000313238382143	0.000181755604453	0.00325613231808	3.86714052029e-06	7.73428104057e-06	0	0	3.86714052029e-06	0	0	0	0	0.000286168398501	0.000255231274339	0	3.86714052029e-05	0	3.86714052029e-06	0	7.73428104057e-06	7.73428104057e-06	0	3.86714052029e-06	0.000232028431217	3.86714052029e-06	3.48042646826e-05	7.73428104057e-06	0.000278434117461	0	3.86714052029e-06	3.86714052029e-05	0.000224294150177	0	0	0	0	0	3.86714052029e-06	0.00095131656799	0.000282301257981	0.00330640514484	0.00169767468841	0.000622609623766	0.00081209950926	6.18742483246e-05	2.7069983642e-05	1.16014215609e-05	7.73428104057e-06	3.86714052029e-06	0	0	0
0.000100545653527	0.000201091307055	0.000232028431217	0	6.57413888448e-05	0.000170154182893	0.00317492236715	5.80071078043e-05	0.0012954920743	0.000320972663184	7.73428104057e-05	0.0323022247659	0.00457869437602	0.0119610656292	0.00267992838056	1.16014215609e-05	1.16014215609e-05	0.000100545653527	0.00316332094559	0.00421131602659	0.00283848114189	4.25385457231e-05	8.50770914463e-05	0.000309371241623	0.000193357026014	0.00521290542134	0.00969105414383	0.00104026079996	3.09371241623e-05	0.00643878896627	0.000417651176191	0.0015816604728	0.00095131656799	6.57413888448e-05	0.0135504603831	1.93357026014e-05	0.000108279934568	3.86714052029e-05	0	3.86714052029e-06	0	0	7.73428104057e-06	1.93357026014e-05	0.000119881356129	0.000100545653527	0.000839169492902	3.86714052029e-06	0.00494607272544	2.32028431217e-05	0	0	0.000146951339771	7.73428104057e-05	6.57413888448e-05	5.80071078043e-05	0	4.64056862434e-05	5.02728267637e-05	0.000154685620811	0.000920379443828	0.00114854073452	0.00294676107646	5.80071078043e-05	1.93357026014e-05	0	0.00148884910031	0	0	4.25385457231e-05	0.00114080645348	0.00223907436125	0.00267992838056	2.32028431217e-05	0.000336441225265	5.02728267637e-05	8.89442319666e-05	0.00027069983642	0.00355003499762	0.000239762712258	0.000104412794048	3.09371241623e-05	3.86714052029e-06	2.32028431217e-05
0	7.73428104057e-06	3.86714052029e-06	0	0.00300090104374	0.000228161290697	0.0186705544319	0.000108279934568	0.0106655735549	0.000181755604453	0.0038323362556	0.00457869437602	0.0380178584549	0.000982253692152	0.00899110170966	0.00385553909872	1.93357026014e-05	0	0.00131869491742	0.000464056862434	0.0181794275859	7.73428104057e-06	7.73428104057e-06	2.7069983642e-05	0.00216946583188	1.16014215609e-05	0.00427319027492	0.000893309460186	0.000212692728616	0.00620289339454	1.93357026014e-05	0.00068061673157	0.000699952434172	2.7069983642e-05	0.00814419793572	1.16014215609e-05	1.16014215609e-05	0	0	7.73428104057e-06	0	4.25385457231e-05	1.16014215609e-05	3.48042646826e-05	6.18742483246e-05	0.00013148277769	0	0.00013148277769	1.16014215609e-05	2.32028431217e-05	0	7.73428104057e-06	0	3.86714052029e-06	0	0.000116014215609	0	7.73428104057e-06	0	7.73428104057e-05	7.73428104057e-05	6.96085293651e-05	7.34756698854e-05	6.96085293651e-05	1.16014215609e-05	0	0	0	0	5.80071078043e-05	0.000340308365785	8.89442319666e-05	0.00201478021107	0.000239762712258	0.00222360579916	0.000201091307055	1.16014215609e-05	1.16014215609e-05	3.09371241623e-05	6.96085293651e-05	0	3.48042646826e-05	0	0
0	0.00132256205794	1.16014215609e-05	0	3.09371241623e-05	1.16014215609e-05	0.000854638054983	0	0.000251364133819	0.000649679607408	3.48042646826e-05	0.0119610656292	0.000982253692152	0.023353661602	0.000394448333069	0	3.86714052029e-06	3.48042646826e-05	1.54685620811e-05	2.32028431217e-05	0.000344175506305	1.54685620811e-05	0.000313238382143	1.93357026014e-05	0.000243629852778	0.0100506982122	0.00780388956994	0.00502341553585	7.73428104057e-06	0.000920379443828	3.86714052029e-06	0.00141537343042	5.80071078043e-05	7.73428104057e-06	0.00214626298876	1.54685620811e-05	0.000514329689198	3.86714052029e-06	0	0	0	0	0	1.16014215609e-05	6.18742483246e-05	0.000127615637169	0.000877840898105	3.86714052029e-06	0.00622609623766	2.32028431217e-05	0	3.86714052029e-06	3.86714052029e-06	0.000208825588095	0.000398315473589	2.7069983642e-05	0	4.64056862434e-05	1.16014215609e-05	6.96085293651e-05	0.00248657135454	0.00166287042372	0.00540239530684	2.32028431217e-05	1.93357026014e-05	0	0.00168220612632	0	0	0.000127615637169	0.000576203937522	0.00169380754788	0.000638078185847	0.000197224166535	0.000177888463933	4.64056862434e-05	0.000572336797002	0.000324839803704	0.00348429360878	0.000444721159833	0.000174021323413	1.16014215609e-05	0	4.25385457231e-05
0.00904524167695	1.16014215609e-05	0.0027456697694	0	0.000378979770988	0.000282301257981	0.0114970087668	0.00556481520869	0.0256004702443	0.000100545653527	0.00303570530842	0.00267992838056	0.00899110170966	0.000394448333069	0.0518738229391	0.000522063970238	0.00100158939475	7.73428104057e-05	8.1209950926e-05	0.000174021323413	0.00494220558492	0.00179435320141	0	0.00126842209065	0.00295836249802	0	0.00109053362672	0.00040991689515	0.00823700930821	0.0237867813403	0.0122511011683	6.96085293651e-05	0.0023821585605	0.00321746091288	0.00901043741226	1.16014215609e-05	1.54685620811e-05	3.86714052029e-06	0	3.86714052029e-05	0	0	1.16014215609e-05	3.86714052029e-06	0.000317105522663	9.66785130071e-05	0	3.86714052029e-06	0	7.73428104057e-06	0	0	3.86714052029e-05	3.86714052029e-06	3.86714052029e-06	5.80071078043e-05	0	7.73428104057e-06	0.000100545653527	0.000181755604453	0	0	5.02728267637e-05	0.000146951339771	1.16014215609e-05	0	0	0	7.73428104057e-06	1.16014215609e-05	0.00145017769511	0.000127615637169	0.00200704593003	0.000201091307055	0.00162806615904	0.000715420996253	7.73428104057e-06	0.000166287042372	7.73428104057e-06	6.57413888448e-05	3.09371241623e-05	1.93357026014e-05	0	0
3.86714052029e-06	2.32028431217e-05	1.54685620811e-05	0	0.000413784035671	0.00199931164899	0.0102595238003	0.00134189776054	0.00486872991504	0.00081596664978	0.00117174357765	1.16014215609e-05	0.00385553909872	0	0.000522063970238	0.0191191427323	7.73428104057e-05	3.86714052029e-06	0	1.16014215609e-05	0.000769560963537	0.000301636960582	6.18742483246e-05	0.000297769820062	0.00247110279246	0	3.86714052029e-05	4.64056862434e-05	0.00234348715529	0.00294289393594	0.00109053362672	0	0.00013148277769	0.00141924057094	0.00202638163263	9.66785130071e-05	1.54685620811e-05	0	0	0.000413784035671	0	7.73428104057e-06	6.57413888448e-05	1.54685620811e-05	0.00175954893673	0.000324839803704	0	3.48042646826e-05	0	3.86714052029e-05	3.86714052029e-06	4.64056862434e-05	0	0	0	0.000355776927866	7.73428104057e-06	5.80071078043e-05	7.73428104057e-06	0.00139990486834	0	3.86714052029e-06	3.09371241623e-05	0.00110213504828	9.28113724868e-05	3.86714052029e-06	0	0	5.4139967284e-05	3.86714052029e-05	0.000696085293651	1.93357026014e-05	0.00337214653369	0.000278434117461	0.00719674850825	7.73428104057e-06	0	0.000143084199251	1.93357026014e-05	0.000123748496649	5.4139967284e-05	0	0	0
0.000460189721914	6.96085293651e-05	0.000607141061685	0	3.86714052029e-06	0	1.93357026014e-05	0.000112147075088	0.000146951339771	0.000719288136773	7.73428104057e-06	1.16014215609e-05	1.93357026014e-05	3.86714052029e-06	0.00100158939475	7.73428104057e-05	0.0174949437138	6.96085293651e-05	7.73428104057e-06	0.000123748496649	3.86714052029e-06	0.00204571733523	0.00701112576328	0.00343402078201	0.00889055605614	3.86714052029e-06	0.000456322581394	0.00282301257981	0.00235122143633	0.00214239584824	0.00206505303783	0	0	0.000707686715212	0.00245176708986	3.86714052029e-06	4.64056862434e-05	1.16014215609e-05	0	0	0	0	2.32028431217e-05	3.48042646826e-05	0.00332187370692	4.25385457231e-05	0	0	3.86714052029e-06	4.25385457231e-05	0	0.00243243138726	3.09371241623e-05	3.86714052029e-06	1.16014215609e-05	7.73428104057e-06	0.00191423455754	0.00501181411429	0.000189489885494	0.000707686715212	0	7.73428104057e-06	0.000177888463933	0.00342241936045	7.73428104057e-06	0	3.86714052029e-06	0	3.86714052029e-06	3.86714052029e-06	0.00104026079996	0.000239762712258	0.000506595408157	0.000286168398501	0.000255231274339	9.28113724868e-05	3.86714052029e-06	0.00133029633898	0.000564602515962	4.64056862434e-05	7.73428104057e-06	0	0	0
0.000158552761332	9.66785130071e-05	0.00488419847712	0	0	0	0	4.64056862434e-05	1.16014215609e-05	7.73428104057e-06	3.86714052029e-06	0.000100545653527	0	3.48042646826e-05	7.73428104057e-05	3.86714052029e-06	6.96085293651e-05	0.0222747293968	0.000162419901852	0.00483392565036	0	0.00183689174714	7.73428104057e-06	0.00725862275658	6.57413888448e-05	0	0.00901430455278	0.0084458348963	6.18742483246e-05	0.000518196829718	0.00428479169648	0	0	0.000259098414859	0.00633050903171	3.86714052029e-06	0.00040218261411	0.00013534991821	0	3.86714052029e-06	0	0	7.73428104057e-06	7.73428104057e-06	3.48042646826e-05	3.86714052029e-06	0	3.86714052029e-06	0	7.73428104057e-06	0	1.16014215609e-05	0.000386714052029	0	1.93357026014e-05	7.73428104057e-06	0	3.09371241623e-05	0.000282301257981	7.73428104057e-06	0	0.000123748496649	0.00120654784233	1.54685620811e-05	0	1.16014215609e-05	0	0	0	6.96085293651e-05	0.00141537343042	0.00027069983642	0.00130709349586	7.73428104057e-05	6.57413888448e-05	1.93357026014e-05	0	0.000127615637169	0.00013148277769	8.89442319666e-05	7.73428104057e-06	0	0	0
7.73428104057e-06	3.86714052029e-06	0.000112147075088	0	3.86714052029e-06	0	0.000282301257981	2.7069983642e-05	8.1209950926e-05	3.09371241623e-05	3.09371241623e-05	0.00316332094559	0.00131869491742	1.54685620811e-05	8.1209950926e-05	0	7.73428104057e-06	0.000162419901852	0.0110638890285	0.00286168398501	0.00122201640441	0.00013921705873	0	0.000146951339771	1.54685620811e-05	1.16014215609e-05	0.00764920394912	0.000750225260935	1.54685620811e-05	0.0011253378914	0.00040218261411	0.000146951339771	0	1.54685620811e-05	0.00237442427946	1.54685620811e-05	2.32028431217e-05	1.54685620811e-05	0	3.86714052029e-06	0	0	0	0	2.7069983642e-05	0.000162419901852	3.86714052029e-06	1.93357026014e-05	0	7.73428104057e-06	0	3.86714052029e-06	2.32028431217e-05	1.54685620811e-05	5.80071078043e-05	3.86714052029e-06	3.86714052029e-06	3.86714052029e-06	1.16014215609e-05	1.54685620811e-05	0.000108279934568	0.000243629852778	0.000146951339771	3.86714052029e-05	7.73428104057e-06	0	0	0	0	0.000170154182893	0.00280754401773	0.00192970311962	0.00100545653527	4.25385457231e-05	7.73428104057e-06	0	0	5.4139967284e-05	2.32028431217e-05	0.000189489885494	0	3.86714052029e-06	0	0
0.000108279934568	4.64056862434e-05	0.000831435211861	0	0	0	3.86714052029e-05	7.34756698854e-05	1.54685620811e-05	8.89442319666e-05	3.86714052029e-05	0.00421131602659	0.000464056862434	2.32028431217e-05	0.000174021323413	1.16014215609e-05	0.000123748496649	0.00483392565036	0.00286168398501	0.0195058567843	0.000456322581394	0.000796630947179	7.73428104057e-06	0.00138056916574	0.000143084199251	0	0.0145288469347	0.00321359377236	0.00013921705873	0.00116400929661	0.00272246692628	0	0	0.000278434117461	0.00980320121892	6.96085293651e-05	0.000239762712258	0.000100545653527	0	1.16014215609e-05	0	0	1.16014215609e-05	3.86714052029e-06	0.000108279934568	0.000429252597752	0	3.86714052029e-06	0	4.64056862434e-05	0	3.86714052029e-06	0.000286168398501	0	0.000108279934568	7.73428104057e-06	1.93357026014e-05	1.54685620811e-05	0.00013921705873	3.86714052029e-06	1.16014215609e-05	0.000665148169489	0.000247496993298	0.000143084199251	3.86714052029e-05	0	0	0	0	0.000595539640124	0.00285008256345	0.00167447184528	0.00500021269273	0.000116014215609	3.09371241623e-05	0	0	0.000112147075088	0.000201091307055	0.000715420996253	0	0	0	0
0	7.73428104057e-06	1.16014215609e-05	0	0.00672495736478	7.73428104057e-05	0.00711940569784	0.000162419901852	0.00592445927708	0.000251364133819	0.00287328540657	0.00283848114189	0.0181794275859	0.000344175506305	0.00494220558492	0.000769560963537	3.86714052029e-06	0	0.00122201640441	0.000456322581394	0.0256816801952	3.86714052029e-06	0	1.54685620811e-05	0.00316332094559	3.86714052029e-06	0.00269926408316	0.000614875342725	0.000375112630468	0.00453615583029	2.32028431217e-05	0.000359644068387	0.000375112630468	3.48042646826e-05	0.00578524221835	1.54685620811e-05	1.16014215609e-05	3.86714052029e-06	0	6.18742483246e-05	0	3.86714052029e-06	3.09371241623e-05	0	0.000502728267637	0.000595539640124	0	6.57413888448e-05	3.86714052029e-06	1.16014215609e-05	0	3.86714052029e-06	0	3.86714052029e-06	0	0.000421518316711	0	7.73428104057e-06	0	0.000603273921164	7.73428104057e-05	6.96085293651e-05	7.73428104057e-05	0.00040218261411	7.73428104057e-06	0	0	0	0	5.80071078043e-05	0.000301636960582	8.89442319666e-05	0.00213852870772	0.000328706944224	0.000939715146429	0.000290035539021	1.93357026014e-05	2.32028431217e-05	3.48042646826e-05	6.96085293651e-05	0	0	0	0
0.00106346364308	1.16014215609e-05	0.00297769820062	0	0	8.1209950926e-05	0.000166287042372	0.00201864735159	0.00110213504828	0.000328706944224	3.86714052029e-06	4.25385457231e-05	7.73428104057e-06	1.54685620811e-05	0.00179435320141	0.000301636960582	0.00204571733523	0.00183689174714	0.00013921705873	0.000796630947179	3.86714052029e-06	0.0452919497736	0.00170540896945	0.0194207796929	0.00140377200886	0	0.00150431766239	0.00152752050551	0.00626863478338	0.00281914543929	0.015244267931	0	7.73428104057e-06	0.00114854073452	0.00874360471636	2.32028431217e-05	1.16014215609e-05	1.16014215609e-05	0	0	0	7.73428104057e-06	1.54685620811e-05	2.32028431217e-05	0.000553001094401	0.000239762712258	0	7.73428104057e-06	0	4.64056862434e-05	0	0.00172474467205	6.18742483246e-05	0	7.73428104057e-06	3.86714052029e-06	0.000448588300353	0.00374725916416	0.000143084199251	0.000939715146429	0	1.16014215609e-05	0.00013148277769	0.00149658338135	4.64056862434e-05	1.54685620811e-05	0	0	2.7069983642e-05	1.93357026014e-05	0.00210759158356	0.00054913395388	0.00447814872249	0.0015623247702	0.00109440076724	0.000232028431217	0	0.000924246584348	0.000626476764286	4.25385457231e-05	7.73428104057e-06	1.16014215609e-05	0	0
0	0.00465990432694	0.00337988081473	0	3.86714052029e-06	0	7.73428104057e-06	0	0	0.00466763860798	0	8.50770914463e-05	7.73428104057e-06	0.000313238382143	0	6.18742483246e-05	0.00701112576328	7.73428104057e-06	0	7.73428104057e-06	0	0.00170540896945	0.0273832220241	0.00420358174555	0.0104838179505	0.0010673307836	0.000174021323413	0.009818669781	0.00180982176349	3.86714052029e-05	3.48042646826e-05	0	0	5.02728267637e-05	0.000127615637169	0.000112147075088	0.000603273921164	3.86714052029e-06	0	7.73428104057e-06	1.93357026014e-05	0	1.54685620811e-05	3.09371241623e-05	0.00264512411587	3.86714052029e-06	7.73428104057e-06	3.86714052029e-06	3.09371241623e-05	3.86714052029e-05	5.02728267637e-05	0.00783095955358	7.73428104057e-06	3.86714052029e-06	3.86714052029e-06	0	0.00179048606089	0.0120306741586	0.00134576490106	0.00203798305419	2.32028431217e-05	1.16014215609e-05	0.00140763914938	0.00326773373964	0.000143084199251	1.16014215609e-05	3.09371241623e-05	0	7.34756698854e-05	2.7069983642e-05	0.000208825588095	2.32028431217e-05	0.000154685620811	4.25385457231e-05	0.000154685620811	2.32028431217e-05	0	0.000290035539021	0.00013148277769	8.1209950926e-05	2.32028431217e-05	3.86714052029e-05	1.54685620811e-05	0
0.000653546747928	5.02728267637e-05	0.0263081569595	0	0	0.000320972663184	0.000738623839374	0.00117561071817	0.00195290596274	0.000398315473589	6.57413888448e-05	0.000309371241623	2.7069983642e-05	1.93357026014e-05	0.00126842209065	0.000297769820062	0.00343402078201	0.00725862275658	0.000146951339771	0.00138056916574	1.54685620811e-05	0.0194207796929	0.00420358174555	0.0746628820251	0.000560735375441	3.86714052029e-06	0.00624929908078	0.0111528332605	0.000993855113713	0.000715420996253	0.00829501641601	0	2.32028431217e-05	0.000174021323413	0.00826407929185	3.09371241623e-05	0.000166287042372	0.000224294150177	0	1.16014215609e-05	3.86714052029e-06	7.73428104057e-06	0.000201091307055	6.96085293651e-05	0.000436986878792	0.000243629852778	0	7.73428104057e-06	0	0.000197224166535	3.86714052029e-06	0.00747131548519	0.000290035539021	0	0.000313238382143	1.16014215609e-05	0.000189489885494	0.0128505079489	0.00537919246372	0.001144673594	1.16014215609e-05	0.000235895571737	0.00112147075088	0.001047995081	3.09371241623e-05	0.00013148277769	0	0	1.93357026014e-05	0.000150818480291	0.00608687917893	0.0002668326959	0.0108125248947	0.00251364133819	0.00506208694105	0.00115240787504	0	0.0010673307836	0.000897176600706	0.000324839803704	6.18742483246e-05	1.54685620811e-05	3.86714052029e-06	0
0.000920379443828	0.00398702187641	0.000386714052029	0	0.00331413942588	8.50770914463e-05	0.00119881356129	0.000564602515962	0.00109826790776	0.00718901422721	6.96085293651e-05	0.000193357026014	0.00216946583188	0.000243629852778	0.00295836249802	0.00247110279246	0.00889055605614	6.57413888448e-05	1.54685620811e-05	0.000143084199251	0.00316332094559	0.00140377200886	0.0104838179505	0.000560735375441	0.0482967179578	0.000854638054983	0.000877840898105	0.00392901476861	0.0142581470983	0.00634211045327	0.00457869437602	7.73428104057e-06	8.1209950926e-05	0.00296609677906	0.00566922800274	0.000665148169489	0.00117561071817	4.25385457231e-05	0	0.00142697485199	8.89442319666e-05	3.48042646826e-05	0.000653546747928	0.000862372336024	0.00856571625243	0.000351909787346	0	0.000201091307055	5.02728267637e-05	0.00110213504828	0.000243629852778	0.00013534991821	5.02728267637e-05	0	1.54685620811e-05	0.00107893220516	0.0021539972698	0.00315945380507	0.000297769820062	0.00978386551632	0.000533665391799	6.18742483246e-05	0.00100158939475	0.00692604867183	0.000928113724868	0.000181755604453	1.93357026014e-05	3.86714052029e-06	0.000522063970238	0.000143084199251	0.00186396173078	0.000235895571737	0.00242469710622	0.00103252651892	0.00378206342884	0.000282301257981	3.86714052029e-06	0.00134963204158	0.000464056862434	0.000618742483246	0.000220427009656	0.000104412794048	5.80071078043e-05	0
0	0.00353456643554	0	0	0	0	1.16014215609e-05	0	0	0.0016396675806	0	0.00521290542134	1.16014215609e-05	0.0100506982122	0	0	3.86714052029e-06	0	1.16014215609e-05	0	3.86714052029e-06	0	0.0010673307836	3.86714052029e-06	0.000854638054983	0.0157624647607	0.00497314270909	0.00424225315075	0	7.73428104057e-06	0	0.000170154182893	0	0	1.54685620811e-05	1.16014215609e-05	0.000831435211861	0	0	0	0	0	0	0	1.54685620811e-05	0.000143084199251	0.000777295244577	1.16014215609e-05	0.00580457792095	2.7069983642e-05	0	3.86714052029e-06	0	2.7069983642e-05	1.16014215609e-05	0	0	6.18742483246e-05	3.86714052029e-06	4.25385457231e-05	0.00237055713893	0.00100158939475	0.00338374795525	3.48042646826e-05	1.16014215609e-05	0	0.00140763914938	0	0	0.000204958447575	2.32028431217e-05	6.96085293651e-05	7.73428104057e-06	0	3.86714052029e-06	0	0.000290035539021	0.000235895571737	0.00298156534114	0.000367378349427	8.89442319666e-05	0	0	4.64056862434e-05
0.00095518370851	0.00375886058572	0.00943969001002	0	1.16014215609e-05	0	0.0016009961754	0.000479525424515	0.000773428104057	0.00105186222152	0.000100545653527	0.00969105414383	0.00427319027492	0.00780388956994	0.00109053362672	3.86714052029e-05	0.000456322581394	0.00901430455278	0.00764920394912	0.0145288469347	0.00269926408316	0.00150431766239	0.000174021323413	0.00624929908078	0.000877840898105	0.00497314270909	0.10681042117	0.0482116408664	0.000262965555379	0.00319039092924	0.00438920449052	0.00288101968761	0	0.000290035539021	0.0133300333734	0.000239762712258	0.011156700401	0.00067674959105	0	8.1209950926e-05	7.73428104057e-05	1.93357026014e-05	5.80071078043e-05	0.000104412794048	0.000854638054983	0.00191810169806	0.000436986878792	0.00013921705873	0.00294676107646	0.000220427009656	0.000123748496649	0.000262965555379	0.00288488682813	0.000456322581394	0.00319039092924	8.50770914463e-05	0.000123748496649	0.00104026079996	0.00053753253232	0.000595539640124	0.00555321378713	0.00771107819745	0.0201284664081	0.000877840898105	0.000146951339771	0	0.000823700930821	0	0	0.00231641717165	0.0112727146166	0.0065199989172	0.00670175452165	0.000371245489947	0.000208825588095	3.86714052029e-05	4.64056862434e-05	0.00504275123845	0.00579297649939	0.00414944177827	0.000440854019312	0.000108279934568	4.25385457231e-05	7.73428104057e-06
0.000313238382143	0.012591409534	0.0261496041982	0	0	3.86714052029e-06	6.96085293651e-05	9.66785130071e-05	0.000119881356129	0.00240922854414	5.4139967284e-05	0.00104026079996	0.000893309460186	0.00502341553585	0.00040991689515	4.64056862434e-05	0.00282301257981	0.0084458348963	0.000750225260935	0.00321359377236	0.000614875342725	0.00152752050551	0.009818669781	0.0111528332605	0.00392901476861	0.00424225315075	0.0482116408664	0.11476126208	0.00128002351221	0.00128002351221	0.0032213280534	0.000193357026014	0	0.000232028431217	0.00633050903171	0.000181755604453	0.0197610880587	0.000262965555379	0	6.57413888448e-05	0.000123748496649	1.93357026014e-05	0.000112147075088	0.000123748496649	0.00111760361036	0.00119494642077	5.4139967284e-05	0.000112147075088	0.000785029525618	0.000166287042372	0.000204958447575	0.00698405577963	0.00143857627355	0.000154685620811	0.00137670202522	5.80071078043e-05	0.000201091307055	0.0123864510865	0.00693378295287	0.000881708038625	0.00519356971874	0.00377046200728	0.0279362231185	0.000843036633422	0.000154685620811	3.86714052029e-05	2.7069983642e-05	0	2.32028431217e-05	0.00149271624083	0.011729037198	0.00187943029286	0.0069956572012	0.000626476764286	0.000699952434172	0.000282301257981	3.86714052029e-05	0.00503888409793	0.00255231274339	0.00313238382143	0.00040991689515	0.000166287042372	6.96085293651e-05	3.48042646826e-05
0.00123361782597	5.80071078043e-05	0.000611008202205	0	0.00112147075088	3.09371241623e-05	0.00367378349427	0.0141460000232	0.00577750793731	0.00360030782439	0.00206892017835	3.09371241623e-05	0.000212692728616	7.73428104057e-06	0.00823700930821	0.00234348715529	0.00235122143633	6.18742483246e-05	1.54685620811e-05	0.00013921705873	0.000375112630468	0.00626863478338	0.00180982176349	0.000993855113713	0.0142581470983	0	0.000262965555379	0.00128002351221	0.0565569301092	0.018299308942	0.011914659943	3.86714052029e-06	7.73428104057e-06	0.0100390967907	0.0106887763981	0.000344175506305	3.86714052029e-05	7.73428104057e-06	0	0.0013728348847	0	7.73428104057e-06	0.000348042646826	0.000560735375441	0.00732436414542	0.00138056916574	0	0.000251364133819	0	0.000688351012611	1.16014215609e-05	3.09371241623e-05	3.09371241623e-05	0	0	0.00196064024378	0.00054526681336	0.000116014215609	8.1209950926e-05	0.00472951285631	1.54685620811e-05	1.16014215609e-05	0.000104412794048	0.00343015364149	0.000378979770988	2.7069983642e-05	0	0	0.000224294150177	6.57413888448e-05	0.00197224166535	0.000174021323413	0.00641171898263	0.00241309568466	0.00264125697535	0.000653546747928	0	0.000382846911508	7.34756698854e-05	0.00054913395388	0.000355776927866	0	0	0
0.00614101914621	3.48042646826e-05	0.000332574084745	0	0.0008198337903	0.000355776927866	0.00567309514326	0.00513169547042	0.00670948880269	0.000448588300353	0.00157005905124	0.00643878896627	0.00620289339454	0.000920379443828	0.0237867813403	0.00294289393594	0.00214239584824	0.000518196829718	0.0011253378914	0.00116400929661	0.00453615583029	0.00281914543929	3.86714052029e-05	0.000715420996253	0.00634211045327	7.73428104057e-06	0.00319039092924	0.00128002351221	0.018299308942	0.0597047824927	0.0214278256229	0.000464056862434	0.00225841006385	0.0156039119994	0.0295062821698	0.000251364133819	8.50770914463e-05	1.54685620811e-05	0	0.000641945326367	0	5.4139967284e-05	0.00027456697694	4.64056862434e-05	0.00437373592844	0.000599406780644	1.16014215609e-05	6.96085293651e-05	7.73428104057e-06	0.000104412794048	1.54685620811e-05	7.73428104057e-06	0.000127615637169	2.32028431217e-05	5.4139967284e-05	0.000525931110759	3.86714052029e-06	6.57413888448e-05	7.73428104057e-05	0.00334120940953	7.73428104057e-05	8.1209950926e-05	0.000309371241623	0.00246336851142	0.000293902679542	1.16014215609e-05	0	0	0.000119881356129	0.000181755604453	0.00426932313439	0.000417651176191	0.0122588354493	0.00227774576645	0.00419198032399	0.000912645162787	7.73428104057e-06	0.00068448387209	0.000146951339771	0.000607141061685	0.000181755604453	5.02728267637e-05	0	0
0.00901430455278	1.16014215609e-05	0.00747904976623	0	7.73428104057e-06	0	0.000448588300353	0.00771107819745	0.00258711700807	0.000320972663184	7.73428104057e-05	0.000417651176191	1.93357026014e-05	3.86714052029e-06	0.0122511011683	0.00109053362672	0.00206505303783	0.00428479169648	0.00040218261411	0.00272246692628	2.32028431217e-05	0.015244267931	3.48042646826e-05	0.00829501641601	0.00457869437602	0	0.00438920449052	0.0032213280534	0.011914659943	0.0214278256229	0.0563481045211	3.86714052029e-06	0	0.0103794051564	0.0195135910654	0.000193357026014	8.50770914463e-05	2.7069983642e-05	0	0.000224294150177	0	4.64056862434e-05	0.000158552761332	6.18742483246e-05	0.00234348715529	0.000243629852778	0	4.25385457231e-05	0	0.000123748496649	7.73428104057e-06	1.16014215609e-05	0.00013534991821	0	8.1209950926e-05	0.000224294150177	3.86714052029e-06	2.7069983642e-05	7.73428104057e-05	0.00168220612632	0	1.93357026014e-05	0.000243629852778	0.00117947785869	0.000243629852778	1.16014215609e-05	0	0	0.000119881356129	6.57413888448e-05	0.000912645162787	4.64056862434e-05	0.00792763806658	0.00181368890401	0.0022313400802	0.000506595408157	0	0.000320972663184	8.1209950926e-05	0.000286168398501	9.66785130071e-05	2.7069983642e-05	0	0
0	0	0	0	3.86714052029e-06	3.86714052029e-06	0.000603273921164	0	0.000166287042372	0	1.16014215609e-05	0.0015816604728	0.00068061673157	0.00141537343042	6.96085293651e-05	0	0	0	0.000146951339771	0	0.000359644068387	0	0	0	7.73428104057e-06	0.000170154182893	0.00288101968761	0.000193357026014	3.86714052029e-06	0.000464056862434	3.86714052029e-06	0.00314011810247	1.93357026014e-05	3.86714052029e-06	0.000854638054983	3.86714052029e-06	0	0	0	0	0	0	0	0	0	3.86714052029e-06	3.48042646826e-05	0	0.000224294150177	3.86714052029e-06	0	0	0	0.000104412794048	0.000224294150177	0	0	0	0	0	5.4139967284e-05	0.000189489885494	0.000440854019312	0	3.86714052029e-06	0	5.80071078043e-05	0	0	3.86714052029e-06	0.000290035539021	0.000359644068387	0.000127615637169	3.86714052029e-06	3.48042646826e-05	0	0	1.54685620811e-05	0.000259098414859	3.86714052029e-06	3.86714052029e-06	0	0	0
0	0	2.32028431217e-05	0	7.34756698854e-05	0.0021346615672	0.00250977419767	1.16014215609e-05	0.00345335648461	3.86714052029e-06	0.000313238382143	0.00095131656799	0.000699952434172	5.80071078043e-05	0.0023821585605	0.00013148277769	0	0	0	0	0.000375112630468	7.73428104057e-06	0	2.32028431217e-05	8.1209950926e-05	0	0	0	7.73428104057e-06	0.00225841006385	0	1.93357026014e-05	0.00777681958629	0	0.00238989284154	0	0	0	0	0	0	0	0	0	0	0	0	0	0	0	0	0	0	0	0	0	0	0	0	3.86714052029e-06	0	0	0	3.86714052029e-06	0	0	0	0	0	0	0.000170154182893	0	0.000228161290697	3.86714052029e-06	0.000498861127117	0.000839169492902	3.86714052029e-06	0	0	0	0	0	0	0
3.09371241623e-05	7.73428104057e-06	8.1209950926e-05	0	0.000127615637169	0	0.000286168398501	0.00221587151812	0.000386714052029	0.000359644068387	0.000181755604453	6.57413888448e-05	2.7069983642e-05	7.73428104057e-06	0.00321746091288	0.00141924057094	0.000707686715212	0.000259098414859	1.54685620811e-05	0.000278434117461	3.48042646826e-05	0.00114854073452	5.02728267637e-05	0.000174021323413	0.00296609677906	0	0.000290035539021	0.000232028431217	0.0100390967907	0.0156039119994	0.0103794051564	3.86714052029e-06	0	0.018307043223	0.0111760361036	0.000123748496649	1.16014215609e-05	0	0	0.00027456697694	0	4.64056862434e-05	0.000127615637169	5.4139967284e-05	0.00242469710622	0.000119881356129	0	2.7069983642e-05	0	0.000104412794048	7.73428104057e-06	3.86714052029e-06	2.32028431217e-05	0	2.32028431217e-05	0.000143084199251	7.73428104057e-06	3.09371241623e-05	1.16014215609e-05	0.00199931164899	0	7.73428104057e-06	5.80071078043e-05	0.00137670202522	0.000170154182893	1.16014215609e-05	0	0	6.57413888448e-05	2.7069983642e-05	0.000425385457231	8.89442319666e-05	0.00740557409635	0.0022120043776	0.00296996391958	0.000556868234921	0	0.000239762712258	6.96085293651e-05	0.000220427009656	7.34756698854e-05	2.32028431217e-05	0	0
0.00218880153448	0.000228161290697	0.00393288190913	0	0.00068061673157	0.000696085293651	0.00582004648303	0.00201864735159	0.00468697431059	0.00080823236874	0.00325613231808	0.0135504603831	0.00814419793572	0.00214626298876	0.00901043741226	0.00202638163263	0.00245176708986	0.00633050903171	0.00237442427946	0.00980320121892	0.00578524221835	0.00874360471636	0.000127615637169	0.00826407929185	0.00566922800274	1.54685620811e-05	0.0133300333734	0.00633050903171	0.0106887763981	0.0295062821698	0.0195135910654	0.000854638054983	0.00238989284154	0.0111760361036	0.0677987076016	0.000146951339771	0.000216559869136	0.000228161290697	0	0.000479525424515	0	2.7069983642e-05	0.000100545653527	0.000116014215609	0.00327546802068	0.000622609623766	1.16014215609e-05	5.80071078043e-05	1.54685620811e-05	0.000220427009656	3.86714052029e-06	4.64056862434e-05	0.000850770914463	2.32028431217e-05	0.000324839803704	0.000494993986596	6.57413888448e-05	0.000158552761332	0.00054139967284	0.00217720011292	0.000100545653527	0.000150818480291	0.000873973757584	0.00160873045644	0.000166287042372	3.86714052029e-06	0	0	4.25385457231e-05	0.000204958447575	0.00485712849348	0.00081209950926	0.029842723395	0.00624156479974	0.00508142264365	0.00197997594639	0.00013148277769	0.000928113724868	0.000185622744974	0.000611008202205	0.000150818480291	8.50770914463e-05	3.86714052029e-06	0
