0.0160615420479	0	3.49670726732e-05	0	8.15898362375e-05	1.16556908911e-05	0.00133263399188	0.00421158964198	0.0022184664996	0.000128212599802	0.000233113817822	0	0.000279736581386	3.88523029703e-06	0.00602987742098	0.000120442139208	0.00010490121802	1.55409211881e-05	0	3.88523029703e-06	8.93602968316e-05	0.000501194708316	5.43932241584e-05	0.000345785496435	0.000458457175049	0	7.77046059405e-06	1.55409211881e-05	0.00113837247703	0.00667094041999	0.00347728111584	0	1.16556908911e-05	0.00213687666336	0.00184548439109	0	0	0	0	1.16556908911e-05	0	3.88523029703e-06	2.71966120792e-05	0	7.77046059405e-05	1.16556908911e-05	0	0	0	0	0	0	0	0	0	0	0	0	0	6.99341453465e-05	0	0	0	2.33113817822e-05	0	0	0	0	0	3.88523029703e-06	0.000295277502574	6.60489150494e-05	0.000543932241584	0.000135983060396	5.05079938613e-05	1.55409211881e-05	0	0	0	0	0	0	0	0
0	0.0127396701439	0.00233890863881	0	0	0	0	1.16556908911e-05	0	3.10818423762e-05	0	0.000124327369505	0	5.43932241584e-05	3.88523029703e-06	3.88523029703e-06	8.54750665346e-05	0.000866406356237	1.94261514851e-05	0.000520620859801	0	0.000159294442178	0.00165122287624	0.000986848495445	2.33113817822e-05	0.000916914350098	0.00291003749247	0.00578122268197	4.27375332673e-05	1.55409211881e-05	5.43932241584e-05	1.16556908911e-05	0	1.94261514851e-05	0.000710997144356	0	0.00238164617208	0.000590555005148	0	0	0	0	3.88523029703e-06	0	1.55409211881e-05	0	0.000101015987723	0	7.38193756435e-05	0	0	0.00014375352099	0.000338015035841	1.16556908911e-05	0.000132097830099	0	5.43932241584e-05	0.000415719641782	0.000275851351089	3.88523029703e-06	9.71307574256e-05	0.000415719641782	0.00123550323445	7.77046059405e-06	0	2.33113817822e-05	0	0	0	0.000233113817822	0.000240884278416	0.000990733725742	0.000602210696039	0.000264195660198	1.16556908911e-05	0	1.16556908911e-05	0.000112671678614	0.000516735629504	0.000256425199604	5.43932241584e-05	3.88523029703e-06	0	7.77046059405e-06
3.49670726732e-05	0.00233890863881	0.0387085494493	0	0	0	7.77046059405e-06	0.000124327369505	1.55409211881e-05	5.05079938613e-05	0	0.000112671678614	0	4.27375332673e-05	3.88523029703e-05	3.88523029703e-05	0.000547817471881	0.00657769489286	2.71966120792e-05	0.00125881461624	0	0.00267303844435	0.000835324513861	0.0174835363366	0.00014375352099	9.32455271286e-05	0.00732754434019	0.0137032072576	0.000396293490297	0.000236999048119	0.0011694543194	7.77046059405e-06	3.88523029703e-06	0.000213687666336	0.00453406375663	7.77046059405e-06	0.00086252112594	0.000202031975445	0	0	0	0	3.88523029703e-06	0	2.71966120792e-05	0	1.94261514851e-05	0	1.16556908911e-05	0	0	0.000217572896633	0.000101015987723	3.88523029703e-06	3.88523029703e-05	0	2.71966120792e-05	0.00067991530198	0.00024865473901	1.94261514851e-05	3.10818423762e-05	8.54750665346e-05	0.000559473162772	7.77046059405e-06	3.88523029703e-06	1.94261514851e-05	0	0	0	0.000128212599802	0.0020902538998	0.00412222934514	0.00432426132059	0.00186491054257	0.000132097830099	0.000120442139208	4.27375332673e-05	6.99341453465e-05	0.000151523981584	9.71307574256e-05	3.10818423762e-05	3.88523029703e-06	0	3.88523029703e-06
0	0	0	0	0	0	0	0	0	0	0	0	0	0	0	0	0	0	0	0	0	0	0	0	0	0	0	0	0	0	0	0	0	0	0	0	0	0	0	0	0	0	0	0	0	0	0	0	0	0	0	0	0	0	0	0	0	0	0	0	0	0	0	0	0	0	0	0	0	0	0	0	0	0	0	0	0	0	0	0	0	0	0	0
8.15898362375e-05	0	0	0	0.0146278920683	0	0.000454571944752	0.00131709307069	0.000167064902772	0.000271966120792	0.000913029119801	0	0.00231559725703	0	9.32455271286e-05	0.00014375352099	3.88523029703e-06	0	0	0	0.0058744682091	1.16556908911e-05	0	3.88523029703e-06	0.00869126017445	0	0	0	0.00324805252831	0.000101015987723	5.43932241584e-05	0	0	3.49670726732e-05	6.21636847524e-05	0	0	0	0	0.00264584183227	0	4.66227635643e-05	4.66227635643e-05	2.33113817822e-05	2.33113817822e-05	0.0006527186899	0	0.000369096878217	0	1.94261514851e-05	3.88523029703e-06	0	0	0	0	0.00112671678614	0	0	0	3.88523029703e-05	0	0	0	0.000582784544554	0	0	0	0	0	0	1.55409211881e-05	3.88523029703e-06	1.16556908911e-05	3.88523029703e-06	4.27375332673e-05	0	0	0	0	0	0	0	0	0
1.16556908911e-05	0	0	0	0	0.00439419546594	0.00226120403287	3.88523029703e-06	0.000753734677623	0	0	1.55409211881e-05	0	0	0.000396293490297	0.000598325465742	0	0	0	0	0	0	0	0	0	0	0	0	0	0.000590555005148	0	0	0.00127824076772	1.16556908911e-05	0.00053616178099	0	0	0	0	0	0	0	0	0	0	0	0	0	0	0	0	0	0	0	0	0	0	0	0	0	0	0	0	0	0	0	0	0	0	0	1.55409211881e-05	0	3.88523029703e-05	7.77046059405e-06	0.00101793033782	0.000524506090098	0	0	0	0	0	0	0	0
0.00133263399188	0	7.77046059405e-06	0	0.000454571944752	0.00226120403287	0.038273403656	0.00273131689881	0.0146045806865	0.000147638751287	0.0041805077996	4.66227635643e-05	0.00501583231346	3.49670726732e-05	0.00516347106475	0.00271577597762	7.77046059405e-06	1.55409211881e-05	0	0	0.0006527186899	0.000101015987723	7.77046059405e-06	9.71307574256e-05	0.000947996192474	0	1.16556908911e-05	1.16556908911e-05	0.00149192843406	0.00442527730831	0.000446801484158	0	0.00181440254871	0.00061386638693	0.00240107232356	0	0	0	0	0	0	0	3.88523029703e-06	0	1.55409211881e-05	0	0	0	0	0	0	0	0	0	0	0	0	0	0	1.94261514851e-05	0	0	0	7.77046059405e-06	0	0	0	0	0	0	0.000217572896633	4.27375332673e-05	0.000648833459603	0.000198146745148	0.000812013132078	0.000283621811683	3.88523029703e-06	0	0	0	0	0	0	0
0.00421158964198	1.16556908911e-05	0.000124327369505	0	0.00131709307069	3.88523029703e-06	0.00273131689881	0.0359927734716	0.00200089360297	0.000629407308118	0.00336849466752	0	0.00149192843406	3.88523029703e-06	0.00181051731841	0.000190376284554	0.000279736581386	6.60489150494e-05	0	0	0.000975192804553	0.00106066787109	0.000256425199604	0.000792586980593	0.00473221050178	0	7.77046059405e-06	9.71307574256e-05	0.0149153991103	0.00367154263069	0.00722652835247	0	1.16556908911e-05	0.00164733764594	0.00224177788138	7.77046059405e-06	0	3.88523029703e-06	0	5.43932241584e-05	0	7.77046059405e-06	6.99341453465e-05	1.55409211881e-05	0.000466227635643	2.33113817822e-05	0	1.94261514851e-05	0	7.77046059405e-06	0	1.16556908911e-05	0	0	0	1.94261514851e-05	0	3.10818423762e-05	3.88523029703e-06	0.00036521164792	0	0	3.88523029703e-06	5.43932241584e-05	3.88523029703e-06	3.88523029703e-06	0	0	0	3.88523029703e-06	0.00047011286594	7.38193756435e-05	0.000656603920197	0.000260310429901	0.000124327369505	2.71966120792e-05	3.88523029703e-06	3.88523029703e-06	3.88523029703e-06	3.88523029703e-06	0	7.77046059405e-06	0	0
0.0022184664996	0	1.55409211881e-05	0	0.000167064902772	0.000753734677623	0.0146045806865	0.00200089360297	0.0356197913631	3.88523029703e-05	0.00247489169921	6.21636847524e-05	0.00101015987723	4.27375332673e-05	0.0151368572372	0.000528391320396	3.88523029703e-05	2.33113817822e-05	0	0	0.000194261514851	0.000128212599802	3.49670726732e-05	0.000112671678614	0.000516735629504	0	1.16556908911e-05	1.16556908911e-05	0.000773160829108	0.00707111914059	0.000668259611088	0	0.00200477883327	0.000819783592672	0.0033956912796	0	0	0	0	3.88523029703e-06	0	3.88523029703e-06	0	0	2.33113817822e-05	0	0	3.88523029703e-06	0	0	0	0	0	0	0	3.88523029703e-06	0	3.88523029703e-06	0	1.94261514851e-05	0	0	0	1.16556908911e-05	0	0	0	0	0	0	0.000260310429901	5.43932241584e-05	0.000858635895643	0.000229228587525	0.000124327369505	0.000233113817822	3.88523029703e-06	3.88523029703e-06	0	3.88523029703e-06	0	0	0	0
0.000128212599802	3.10818423762e-05	5.05079938613e-05	0	0.000271966120792	0	0.000147638751287	0.000629407308118	3.88523029703e-05	0.0119470831634	2.71966120792e-05	0	0.00189210715465	0	8.93602968316e-05	0.000916914350098	0.000563358393069	1.16556908911e-05	0	7.77046059405e-06	0.000738193756435	0.00028750704198	0.00162791149445	0.000275851351089	0.00448744099306	0	7.77046059405e-06	6.21636847524e-05	0.00139091244634	0.00036521164792	0.000547817471881	0	0	0.000240884278416	0.000442916253861	2.71966120792e-05	0	3.88523029703e-06	0	0.000132097830099	0	1.16556908911e-05	0.000155409211881	4.66227635643e-05	0.00163568195505	3.88523029703e-05	0	4.66227635643e-05	0	1.94261514851e-05	0	6.99341453465e-05	0	0	0	1.16556908911e-05	2.71966120792e-05	0.000194261514851	3.49670726732e-05	0.00102181556812	0	0	1.55409211881e-05	0.000264195660198	0	3.10818423762e-05	0	0	0	1.94261514851e-05	0.000357441187326	3.10818423762e-05	0.000155409211881	5.05079938613e-05	0.000761505138217	7.77046059405e-06	0	3.10818423762e-05	1.16556908911e-05	1.16556908911e-05	0	1.16556908911e-05	0	0
0.000233113817822	0	0	0	0.000913029119801	0	0.0041805077996	0.00336849466752	0.00247489169921	2.71966120792e-05	0.0162713444839	0	0.00254871107485	3.88523029703e-06	0.000345785496435	6.60489150494e-05	0	0	0	0	0.00106843833168	3.88523029703e-06	3.88523029703e-06	0	0.00114225770733	0	0	0	0.00399790197564	0.000178720593663	6.60489150494e-05	0	0	6.21636847524e-05	8.15898362375e-05	0	0	0	0	0	0	0	3.88523029703e-06	0	1.55409211881e-05	0	0	3.88523029703e-06	0	0	0	0	0	0	0	0	0	0	0	3.88523029703e-06	0	0	0	0	0	0	0	0	0	0	4.27375332673e-05	0	3.49670726732e-05	1.16556908911e-05	2.71966120792e-05	0	0	0	0	0	0	0	0	0
0	0.000124327369505	0.000112671678614	0	0	1.55409211881e-05	4.66227635643e-05	0	6.21636847524e-05	0	0	0.0303514190804	3.88523029703e-06	0.00775103444257	9.71307574256e-05	0	3.88523029703e-06	0.000295277502574	0.00352001864911	0.0026186452202	0	1.94261514851e-05	3.88523029703e-06	8.15898362375e-05	0	0.00311983992851	0.0103308273598	0.00256425199604	3.88523029703e-06	0.000275851351089	1.55409211881e-05	0.000761505138217	2.71966120792e-05	3.88523029703e-06	0.00406783612099	0	9.71307574256e-05	2.33113817822e-05	0	0	0	0	0	0	0	0	0.000404063950891	0	0.000202031975445	0	0	0	2.33113817822e-05	2.33113817822e-05	0.00010490121802	0	0	0	3.88523029703e-06	0	0.000435145793267	0.000178720593663	0.000167064902772	0	0	0	0	0	0	7.38193756435e-05	9.71307574256e-05	0.000982963265148	0.000909143889504	0.000174835363366	1.16556908911e-05	7.77046059405e-06	0.000174835363366	1.16556908911e-05	0.00047011286594	0.000108786448317	1.16556908911e-05	0	0	8.15898362375e-05
0.000279736581386	0	0	0	0.00231559725703	0	0.00501583231346	0.00149192843406	0.00101015987723	0.00189210715465	0.00254871107485	3.88523029703e-06	0.0241233949142	0	0.000439031023564	0.00290226703188	7.77046059405e-06	3.88523029703e-06	0	0	0.00664762903821	1.94261514851e-05	0	1.94261514851e-05	0.00303436486198	0	0	0	0.00181051731841	0.000318588884356	0.000120442139208	0	3.88523029703e-06	8.54750665346e-05	0.000101015987723	3.88523029703e-06	0	0	0	0.000198146745148	0	0.000198146745148	5.43932241584e-05	3.10818423762e-05	2.71966120792e-05	0.00053616178099	0	0.00250597354158	0	2.33113817822e-05	0	0	0	0	0	0.000932455271286	0	0	0	3.10818423762e-05	0	0	0	7.38193756435e-05	0	0	0	0	0	0	7.38193756435e-05	0	3.49670726732e-05	1.55409211881e-05	0.000687685762574	0	0	0	0	0	0	0	0	0
3.88523029703e-06	5.43932241584e-05	4.27375332673e-05	0	0	0	3.49670726732e-05	3.88523029703e-06	4.27375332673e-05	0	3.88523029703e-06	0.00775103444257	0	0.017514618179	5.82784544554e-05	1.16556908911e-05	3.88523029703e-06	8.54750665346e-05	0.00039240826	0.000396293490297	0	3.10818423762e-05	3.88523029703e-06	0.00014375352099	3.88523029703e-06	0.00344231404316	0.00542378149465	0.00369096878217	2.33113817822e-05	0.000147638751287	4.27375332673e-05	0.00168618994891	0	5.05079938613e-05	0.000808127901781	0	5.05079938613e-05	1.55409211881e-05	0	0	0	0	3.88523029703e-06	0	0	3.88523029703e-06	0.000229228587525	0	0.000155409211881	0	0	0	7.77046059405e-06	1.16556908911e-05	5.82784544554e-05	3.88523029703e-06	0	3.88523029703e-06	3.88523029703e-06	0	0.000353555957029	0.000108786448317	8.93602968316e-05	0	0	0	0	0	0	3.88523029703e-05	0.000376867338812	0.000543932241584	0.00106843833168	0.000889717738019	4.66227635643e-05	5.05079938613e-05	0.000380752569109	7.77046059405e-06	0.00028750704198	7.77046059405e-05	1.16556908911e-05	0	0	6.21636847524e-05
0.00602987742098	3.88523029703e-06	3.88523029703e-05	0	9.32455271286e-05	0.000396293490297	0.00516347106475	0.00181051731841	0.0151368572372	8.93602968316e-05	0.000345785496435	9.71307574256e-05	0.000439031023564	5.82784544554e-05	0.0341744856926	0.000345785496435	7.77046059405e-05	1.94261514851e-05	1.55409211881e-05	3.88523029703e-06	9.71307574256e-05	0.000376867338812	4.66227635643e-05	0.00032635934495	0.000338015035841	3.88523029703e-06	1.94261514851e-05	2.71966120792e-05	0.00071876760495	0.0164539503079	0.00139479767663	0	0.00210579482099	0.00255648153544	0.00582396021524	0	3.88523029703e-06	0	0	7.77046059405e-06	0	3.88523029703e-06	1.55409211881e-05	0	4.27375332673e-05	0	0	3.88523029703e-06	0	0	0	3.88523029703e-06	0	0	0	3.88523029703e-06	0	7.77046059405e-06	0	3.10818423762e-05	0	0	3.88523029703e-06	7.77046059405e-06	0	0	0	0	0	0	0.000559473162772	7.77046059405e-05	0.00178332070633	0.000411834411485	0.000120442139208	0.000252539969307	0	7.77046059405e-06	0	3.88523029703e-06	0	3.88523029703e-06	0	0
0.000120442139208	3.88523029703e-06	3.88523029703e-05	0	0.00014375352099	0.000598325465742	0.00271577597762	0.000190376284554	0.000528391320396	0.000916914350098	6.60489150494e-05	0	0.00290226703188	1.16556908911e-05	0.000345785496435	0.00886609553781	2.71966120792e-05	1.16556908911e-05	0	7.77046059405e-06	0.000388523029703	5.82784544554e-05	3.88523029703e-06	0.000108786448317	0.000330244575247	0	3.88523029703e-06	1.94261514851e-05	0.000139868290693	0.000376867338812	8.93602968316e-05	0	1.94261514851e-05	0.000120442139208	0.000357441187326	0	0	0	0	0	0	0	3.88523029703e-06	0	1.16556908911e-05	0	0	7.77046059405e-06	0	0	0	1.16556908911e-05	0	0	0	0	3.88523029703e-06	7.77046059405e-06	3.88523029703e-06	1.16556908911e-05	0	0	3.88523029703e-06	0	3.88523029703e-06	3.88523029703e-06	0	0	0	2.33113817822e-05	0.000540047011287	8.54750665346e-05	0.000462342405346	0.000454571944752	0.00302659440138	8.54750665346e-05	1.55409211881e-05	5.43932241584e-05	1.16556908911e-05	3.10818423762e-05	1.94261514851e-05	3.88523029703e-06	0	0
0.00010490121802	8.54750665346e-05	0.000547817471881	0	3.88523029703e-06	0	7.77046059405e-06	0.000279736581386	3.88523029703e-05	0.000563358393069	0	3.88523029703e-06	7.77046059405e-06	3.88523029703e-06	7.77046059405e-05	2.71966120792e-05	0.0189715795404	9.32455271286e-05	0	1.16556908911e-05	3.88523029703e-06	0.00413388503604	0.00353555957029	0.00672533364415	0.00558307593683	3.88523029703e-06	4.27375332673e-05	0.00271189074732	0.00376867338812	0.000477883326534	0.0011733395497	0	0	0.000400178720594	0.00120830662238	1.94261514851e-05	1.94261514851e-05	1.16556908911e-05	0	1.55409211881e-05	0	3.88523029703e-06	7.38193756435e-05	7.77046059405e-06	0.000279736581386	7.77046059405e-06	0	1.16556908911e-05	0	1.16556908911e-05	0	0.00275462828059	3.88523029703e-06	0	0	0	0.000178720593663	0.000330244575247	0.000582784544554	0.00131709307069	0	0	7.38193756435e-05	0.000372982108514	1.16556908911e-05	8.54750665346e-05	0	0	0	6.21636847524e-05	0.000707111914059	0.000353555957029	0.000555587932475	0.000279736581386	6.21636847524e-05	2.71966120792e-05	0	6.99341453465e-05	3.49670726732e-05	2.71966120792e-05	1.16556908911e-05	7.77046059405e-06	3.88523029703e-06	0
1.55409211881e-05	0.000866406356237	0.00657769489286	0	0	0	1.55409211881e-05	6.60489150494e-05	2.33113817822e-05	1.16556908911e-05	0	0.000295277502574	3.88523029703e-06	8.54750665346e-05	1.94261514851e-05	1.16556908911e-05	9.32455271286e-05	0.0246673271558	0.000124327369505	0.00710997144356	0	0.00187656623346	0.000151523981584	0.00954601083979	3.10818423762e-05	0.000202031975445	0.00752180585504	0.00276239874119	0.000132097830099	0.000155409211881	0.000617751617227	1.55409211881e-05	0	9.32455271286e-05	0.00568409192455	0	0.000322474114653	0.000112671678614	0	0	0	0	0	0	0	0	1.94261514851e-05	0	1.55409211881e-05	0	0	2.33113817822e-05	5.05079938613e-05	0	1.94261514851e-05	0	3.88523029703e-06	7.38193756435e-05	3.10818423762e-05	0	6.21636847524e-05	7.38193756435e-05	0.000174835363366	0	0	3.88523029703e-06	0	0	0	3.88523029703e-05	0.00111117586495	0.00253705538396	0.00309264331643	0.00113060201643	8.15898362375e-05	5.05079938613e-05	3.88523029703e-06	3.88523029703e-05	0.000108786448317	4.27375332673e-05	2.33113817822e-05	0	0	0
0	1.94261514851e-05	2.71966120792e-05	0	0	0	0	0	0	0	0	0.00352001864911	0	0.00039240826	1.55409211881e-05	0	0	0.000124327369505	0.00755288769742	0.00336460943722	0	0	0	1.94261514851e-05	0	0.000380752569109	0.00447578530217	0.000532276550693	0	1.55409211881e-05	0	5.43932241584e-05	0	0	0.000252539969307	0	3.10818423762e-05	3.88523029703e-06	0	0	0	0	0	0	0	0	2.71966120792e-05	0	1.16556908911e-05	0	0	0	0	3.88523029703e-06	1.55409211881e-05	0	0	0	3.88523029703e-06	0	3.88523029703e-05	1.94261514851e-05	5.05079938613e-05	0	0	0	0	0	0	1.55409211881e-05	1.55409211881e-05	0.000101015987723	6.21636847524e-05	1.94261514851e-05	7.77046059405e-06	0	0	0	8.15898362375e-05	2.71966120792e-05	0	0	0	0
3.88523029703e-06	0.000520620859801	0.00125881461624	0	0	0	0	0	0	7.77046059405e-06	0	0.0026186452202	0	0.000396293490297	3.88523029703e-06	7.77046059405e-06	1.16556908911e-05	0.00710997144356	0.00336460943722	0.0203080987626	0	0.000128212599802	1.94261514851e-05	0.000823668822969	7.77046059405e-06	0.000753734677623	0.0130621442586	0.00263418614138	7.77046059405e-06	1.94261514851e-05	5.82784544554e-05	4.66227635643e-05	0	1.55409211881e-05	0.00311983992851	0	0.00018260582396	1.94261514851e-05	0	0	0	0	0	0	0	0	6.99341453465e-05	0	1.55409211881e-05	0	0	1.16556908911e-05	2.71966120792e-05	1.16556908911e-05	4.27375332673e-05	0	0	1.94261514851e-05	7.77046059405e-06	0	0.000101015987723	0.000101015987723	0.000120442139208	0	0	0	0	0	0	4.27375332673e-05	0.000275851351089	0.0013015521495	0.00119665093148	0.000400178720594	1.16556908911e-05	7.77046059405e-06	1.55409211881e-05	0	0.000135983060396	4.27375332673e-05	3.88523029703e-06	0	0	7.77046059405e-06
8.93602968316e-05	0	0	0	0.0058744682091	0	0.0006527186899	0.000975192804553	0.000194261514851	0.000738193756435	0.00106843833168	0	0.00664762903821	0	9.71307574256e-05	0.000388523029703	3.88523029703e-06	0	0	0	0.0122423606659	7.77046059405e-06	0	7.77046059405e-06	0.00505468461643	0	0	0	0.00223789265109	6.60489150494e-05	4.66227635643e-05	0	3.88523029703e-06	1.94261514851e-05	2.33113817822e-05	0	0	0	0	5.82784544554e-05	0	0	7.77046059405e-06	0	1.55409211881e-05	3.88523029703e-06	0	2.71966120792e-05	0	0	0	0	0	0	0	5.05079938613e-05	0	0	0	1.16556908911e-05	0	0	0	1.16556908911e-05	0	0	0	0	0	0	2.71966120792e-05	7.77046059405e-06	1.16556908911e-05	0	9.32455271286e-05	0	0	0	0	0	0	0	0	0
0.000501194708316	0.000159294442178	0.00267303844435	0	1.16556908911e-05	0	0.000101015987723	0.00106066787109	0.000128212599802	0.00028750704198	3.88523029703e-06	1.94261514851e-05	1.94261514851e-05	3.10818423762e-05	0.000376867338812	5.82784544554e-05	0.00413388503604	0.00187656623346	0	0.000128212599802	7.77046059405e-06	0.0511296307089	0.00113060201643	0.028789556501	0.00182217300931	0	0.000268080890495	0.00174446840336	0.00844649066573	0.00332575713425	0.0158944771451	0	0	0.0022145812693	0.00698175884376	0	6.60489150494e-05	1.16556908911e-05	0	7.77046059405e-06	0	3.88523029703e-06	2.71966120792e-05	3.88523029703e-06	0.000260310429901	0	0	0	3.88523029703e-06	3.88523029703e-06	0	3.88523029703e-05	3.88523029703e-06	0	0	0	3.88523029703e-06	0.000178720593663	1.55409211881e-05	0.000167064902772	3.88523029703e-06	0	3.49670726732e-05	5.43932241584e-05	0	1.16556908911e-05	0	0	0	2.33113817822e-05	0.0019542708394	0.00126269984653	0.0030110534802	0.00132486353129	0.000135983060396	8.15898362375e-05	2.33113817822e-05	4.27375332673e-05	7.77046059405e-06	1.55409211881e-05	1.16556908911e-05	1.16556908911e-05	3.88523029703e-06	0
5.43932241584e-05	0.00165122287624	0.000835324513861	0	0	0	7.77046059405e-06	0.000256425199604	3.49670726732e-05	0.00162791149445	3.88523029703e-06	3.88523029703e-06	0	3.88523029703e-06	4.66227635643e-05	3.88523029703e-06	0.00353555957029	0.000151523981584	0	1.94261514851e-05	0	0.00113060201643	0.0125065563261	0.00233113817822	0.00285175903802	3.88523029703e-06	8.93602968316e-05	0.00173669794277	0.00156963304	0.000283621811683	0.000726538065544	0	0	0.000213687666336	0.000967422343959	7.77046059405e-06	6.21636847524e-05	2.33113817822e-05	0	1.55409211881e-05	0	0	4.66227635643e-05	0	0.000625522077821	0	0	1.16556908911e-05	0	3.88523029703e-06	0	0.000132097830099	1.16556908911e-05	0	0	0	2.33113817822e-05	0.000641062999009	8.54750665346e-05	0.000353555957029	0	3.88523029703e-06	5.43932241584e-05	0.00014375352099	0	2.33113817822e-05	0	0	0	3.10818423762e-05	0.000501194708316	0.000361326417623	0.000578899314257	0.000291392272277	3.88523029703e-05	3.88523029703e-05	0	2.71966120792e-05	7.77046059405e-06	1.55409211881e-05	7.77046059405e-06	3.88523029703e-06	0	0
0.000345785496435	0.000986848495445	0.0174835363366	0	3.88523029703e-06	0	9.71307574256e-05	0.000792586980593	0.000112671678614	0.000275851351089	0	8.15898362375e-05	1.94261514851e-05	0.00014375352099	0.00032635934495	0.000108786448317	0.00672533364415	0.00954601083979	1.94261514851e-05	0.000823668822969	7.77046059405e-06	0.028789556501	0.00233113817822	0.0784389144667	0.00141810905841	2.33113817822e-05	0.00193095945762	0.0140023699905	0.00474775142297	0.00232725294792	0.00798803349069	0	0	0.00172504225188	0.0110845620374	3.88523029703e-06	0.000275851351089	6.99341453465e-05	0	7.77046059405e-06	0	3.88523029703e-06	3.10818423762e-05	3.88523029703e-06	0.000229228587525	0	3.88523029703e-06	7.77046059405e-06	7.77046059405e-06	3.88523029703e-06	0	0.000609981156633	4.66227635643e-05	0	3.88523029703e-06	0	4.27375332673e-05	0.000683800532277	0.00024865473901	0.000279736581386	3.10818423762e-05	1.94261514851e-05	0.000205917205742	8.54750665346e-05	0	3.10818423762e-05	0	0	0	6.60489150494e-05	0.00490704586514	0.00467781727762	0.00774714921227	0.00357829710356	0.000396293490297	0.000240884278416	6.21636847524e-05	0.000116556908911	7.38193756435e-05	5.82784544554e-05	3.88523029703e-05	1.94261514851e-05	3.88523029703e-06	3.88523029703e-06
0.000458457175049	2.33113817822e-05	0.00014375352099	0	0.00869126017445	0	0.000947996192474	0.00473221050178	0.000516735629504	0.00448744099306	0.00114225770733	0	0.00303436486198	3.88523029703e-06	0.000338015035841	0.000330244575247	0.00558307593683	3.10818423762e-05	0	7.77046059405e-06	0.00505468461643	0.00182217300931	0.00285175903802	0.00141810905841	0.0369757367368	0	1.16556908911e-05	0.000240884278416	0.013264176234	0.0010451269499	0.0018260582396	0	3.88523029703e-06	0.000644948229306	0.00129378168891	1.16556908911e-05	3.88523029703e-06	0	0	0.000380752569109	0	1.16556908911e-05	0.000128212599802	2.33113817822e-05	0.000765390368514	1.94261514851e-05	0	2.71966120792e-05	0	1.16556908911e-05	0	1.94261514851e-05	0	0	0	3.88523029703e-06	1.16556908911e-05	6.99341453465e-05	7.77046059405e-06	0.00120830662238	0	0	0	0.000236999048119	3.88523029703e-06	1.16556908911e-05	0	0	0	7.77046059405e-06	0.000450686714455	9.71307574256e-05	0.000411834411485	0.000163179672475	0.00018260582396	3.10818423762e-05	0	1.94261514851e-05	1.16556908911e-05	3.88523029703e-06	0	1.55409211881e-05	0	0
0	0.000916914350098	9.32455271286e-05	0	0	0	0	0	0	0	0	0.00311983992851	0	0.00344231404316	3.88523029703e-06	0	3.88523029703e-06	0.000202031975445	0.000380752569109	0.000753734677623	0	0	3.88523029703e-06	2.33113817822e-05	0	0.0145074499291	0.0048332264895	0.00506634030732	0	7.77046059405e-06	3.88523029703e-06	0.000159294442178	0	3.88523029703e-06	0.000439031023564	0	0.000656603920197	6.60489150494e-05	0	0	0	3.88523029703e-06	0	0	0	0	0.000963537113662	0	0.000540047011287	0	3.88523029703e-06	3.88523029703e-06	8.54750665346e-05	6.21636847524e-05	0.00028750704198	0	0	3.88523029703e-06	1.94261514851e-05	0	0.00123938846475	0.00067991530198	0.000609981156633	0	0	0	3.88523029703e-06	0	0	0.00022145812693	4.66227635643e-05	0.000411834411485	0.000155409211881	3.49670726732e-05	0	0	2.71966120792e-05	1.55409211881e-05	0.00106066787109	0.000310818423762	1.16556908911e-05	0	0	0.000198146745148
7.77046059405e-06	0.00291003749247	0.00732754434019	0	0	0	1.16556908911e-05	7.77046059405e-06	1.16556908911e-05	7.77046059405e-06	0	0.0103308273598	0	0.00542378149465	1.94261514851e-05	3.88523029703e-06	4.27375332673e-05	0.00752180585504	0.00447578530217	0.0130621442586	0	0.000268080890495	8.93602968316e-05	0.00193095945762	1.16556908911e-05	0.0048332264895	0.0662354061037	0.0236999048119	3.49670726732e-05	9.71307574256e-05	9.71307574256e-05	0.00181440254871	0	3.10818423762e-05	0.00397070536356	0	0.00126269984653	0.000252539969307	0	0	0	0	3.88523029703e-06	0	0	0	0.00053616178099	0	0.000256425199604	0	0	3.10818423762e-05	0.000178720593663	5.05079938613e-05	0.000256425199604	0	7.77046059405e-06	6.99341453465e-05	8.54750665346e-05	3.88523029703e-06	0.000621636847524	0.000625522077821	0.000850865435049	0	0	3.88523029703e-06	0	0	0	0.000244769508713	0.000582784544554	0.00294500456515	0.00227674495406	0.00071876760495	3.49670726732e-05	1.55409211881e-05	3.88523029703e-05	2.33113817822e-05	0.000905258659207	0.000233113817822	1.94261514851e-05	3.88523029703e-06	0	5.82784544554e-05
1.55409211881e-05	0.00578122268197	0.0137032072576	0	0	0	1.16556908911e-05	9.71307574256e-05	1.16556908911e-05	6.21636847524e-05	0	0.00256425199604	0	0.00369096878217	2.71966120792e-05	1.94261514851e-05	0.00271189074732	0.00276239874119	0.000532276550693	0.00263418614138	0	0.00174446840336	0.00173669794277	0.0140023699905	0.000240884278416	0.00506634030732	0.0236999048119	0.0730384443538	0.000559473162772	0.000178720593663	0.000641062999009	0.000699341453465	0	0.000147638751287	0.00335295374633	0	0.00176777978515	0.000411834411485	0	3.88523029703e-06	0	0	3.88523029703e-06	0	5.43932241584e-05	0	0.000334129805544	0	0.000167064902772	0	0	0.000734308526138	0.000268080890495	2.33113817822e-05	0.000233113817822	0	5.05079938613e-05	0.000699341453465	0.000458457175049	3.49670726732e-05	0.000423490102376	0.000633292538415	0.00185325485168	1.94261514851e-05	0	3.10818423762e-05	0	0	0	0.000268080890495	0.00139091244634	0.00304990578317	0.00249820308099	0.000971307574256	7.77046059405e-05	5.43932241584e-05	2.33113817822e-05	0.000101015987723	0.000765390368514	0.000295277502574	3.88523029703e-05	7.77046059405e-06	0	4.66227635643e-05
0.00113837247703	4.27375332673e-05	0.000396293490297	0	0.00324805252831	0	0.00149192843406	0.0149153991103	0.000773160829108	0.00139091244634	0.00399790197564	3.88523029703e-06	0.00181051731841	2.33113817822e-05	0.00071876760495	0.000139868290693	0.00376867338812	0.000132097830099	0	7.77046059405e-06	0.00223789265109	0.00844649066573	0.00156963304	0.00474775142297	0.013264176234	0	3.49670726732e-05	0.000559473162772	0.0475591040659	0.00279348058356	0.00890494784078	0	7.77046059405e-06	0.00186879577287	0.00375701769722	1.16556908911e-05	1.16556908911e-05	1.16556908911e-05	0	0.00010490121802	0	1.16556908911e-05	0.000101015987723	1.94261514851e-05	0.00100627464693	4.27375332673e-05	0	3.49670726732e-05	0	1.16556908911e-05	0	3.88523029703e-05	3.88523029703e-06	0	0	1.94261514851e-05	7.77046059405e-06	0.000163179672475	1.16556908911e-05	0.000710997144356	0	0	0	0.000159294442178	7.77046059405e-06	1.16556908911e-05	0	0	3.88523029703e-06	1.94261514851e-05	0.00107620879228	0.000334129805544	0.00123938846475	0.000571128853663	0.000167064902772	5.43932241584e-05	0	4.66227635643e-05	7.77046059405e-06	7.77046059405e-06	3.88523029703e-06	2.33113817822e-05	0	0
0.00667094041999	1.55409211881e-05	0.000236999048119	0	0.000101015987723	0.000590555005148	0.00442527730831	0.00367154263069	0.00707111914059	0.00036521164792	0.000178720593663	0.000275851351089	0.000318588884356	0.000147638751287	0.0164539503079	0.000376867338812	0.000477883326534	0.000155409211881	1.55409211881e-05	1.94261514851e-05	6.60489150494e-05	0.00332575713425	0.000283621811683	0.00232725294792	0.0010451269499	7.77046059405e-06	9.71307574256e-05	0.000178720593663	0.00279348058356	0.0466149931037	0.010490121802	0	0.00257590768693	0.0132136682402	0.016624900441	3.88523029703e-06	3.88523029703e-06	0	0	1.16556908911e-05	0	3.88523029703e-06	3.10818423762e-05	3.88523029703e-06	0.000233113817822	7.77046059405e-06	0	7.77046059405e-06	0	0	3.88523029703e-06	1.16556908911e-05	0	0	0	7.77046059405e-06	0	3.10818423762e-05	7.77046059405e-06	0.000159294442178	0	0	7.77046059405e-06	4.66227635643e-05	3.88523029703e-06	3.88523029703e-06	0	0	0	3.88523029703e-06	0.00232725294792	0.000411834411485	0.00541989626435	0.00169007517921	0.000330244575247	0.000547817471881	3.88523029703e-05	1.94261514851e-05	0	3.88523029703e-06	3.88523029703e-06	3.88523029703e-06	0	0
0.00347728111584	5.43932241584e-05	0.0011694543194	0	5.43932241584e-05	0	0.000446801484158	0.00722652835247	0.000668259611088	0.000547817471881	6.60489150494e-05	1.55409211881e-05	0.000120442139208	4.27375332673e-05	0.00139479767663	8.93602968316e-05	0.0011733395497	0.000617751617227	0	5.82784544554e-05	4.66227635643e-05	0.0158944771451	0.000726538065544	0.00798803349069	0.0018260582396	3.88523029703e-06	9.71307574256e-05	0.000641062999009	0.00890494784078	0.010490121802	0.0407288692037	0	1.55409211881e-05	0.00598713988772	0.00905647182237	0	1.55409211881e-05	3.88523029703e-06	0	2.71966120792e-05	0	7.77046059405e-06	6.99341453465e-05	3.88523029703e-06	0.000400178720594	1.94261514851e-05	0	0	0	0	3.88523029703e-06	1.55409211881e-05	0	0	0	1.16556908911e-05	0	8.93602968316e-05	1.16556908911e-05	0.000291392272277	3.88523029703e-06	0	1.16556908911e-05	0.000101015987723	0	1.16556908911e-05	0	0	0	0	0.00187268100317	0.000672144841385	0.0027429725897	0.0011811100103	0.000186491054257	0.000124327369505	7.77046059405e-06	3.10818423762e-05	3.88523029703e-06	7.77046059405e-06	3.88523029703e-06	3.88523029703e-06	0	0
0	1.16556908911e-05	7.77046059405e-06	0	0	0	0	0	0	0	0	0.000761505138217	0	0.00168618994891	0	0	0	1.55409211881e-05	5.43932241584e-05	4.66227635643e-05	0	0	0	0	0	0.000159294442178	0.00181440254871	0.000699341453465	0	0	0	0.00230005633584	0	0	1.16556908911e-05	0	0	3.88523029703e-06	0	0	0	0	0	0	0	0	1.55409211881e-05	0	7.77046059405e-06	0	0	0	0	0	0	0	0	0	3.88523029703e-06	0	2.33113817822e-05	1.55409211881e-05	1.16556908911e-05	0	0	0	0	0	0	0	3.88523029703e-06	1.94261514851e-05	1.94261514851e-05	3.88523029703e-06	0	0	0	0	1.94261514851e-05	0	0	0	0	0
1.16556908911e-05	0	3.88523029703e-06	0	0	0.00127824076772	0.00181440254871	1.16556908911e-05	0.00200477883327	0	0	2.71966120792e-05	3.88523029703e-06	0	0.00210579482099	1.94261514851e-05	0	0	0	0	3.88523029703e-06	0	0	0	3.88523029703e-06	0	0	0	7.77046059405e-06	0.00257590768693	1.55409211881e-05	0	0.00634458107504	3.88523029703e-05	0.00152689550673	0	0	0	0	0	0	0	0	0	0	0	0	0	0	0	0	0	0	0	0	0	0	0	0	0	0	0	0	0	0	0	0	0	0	0	3.88523029703e-06	7.77046059405e-06	8.93602968316e-05	1.55409211881e-05	4.27375332673e-05	0.000229228587525	3.88523029703e-06	0	0	0	0	0	0	0
0.00213687666336	1.94261514851e-05	0.000213687666336	0	3.49670726732e-05	1.16556908911e-05	0.00061386638693	0.00164733764594	0.000819783592672	0.000240884278416	6.21636847524e-05	3.88523029703e-06	8.54750665346e-05	5.05079938613e-05	0.00255648153544	0.000120442139208	0.000400178720594	9.32455271286e-05	0	1.55409211881e-05	1.94261514851e-05	0.0022145812693	0.000213687666336	0.00172504225188	0.000644948229306	3.88523029703e-06	3.10818423762e-05	0.000147638751287	0.00186879577287	0.0132136682402	0.00598713988772	0	3.88523029703e-05	0.0162130660295	0.00930901179167	3.88523029703e-06	3.88523029703e-06	0	0	3.88523029703e-06	0	0	1.94261514851e-05	0	0.000174835363366	3.88523029703e-06	0	7.77046059405e-06	0	0	3.88523029703e-06	0	0	0	0	0	0	1.55409211881e-05	0	8.93602968316e-05	0	0	0	3.10818423762e-05	3.88523029703e-06	3.88523029703e-06	0	0	0	3.88523029703e-06	0.0019620413	0.000306933193465	0.0032635934495	0.00121996231327	0.000178720593663	0.000174835363366	1.94261514851e-05	2.33113817822e-05	0	3.88523029703e-06	0	0	0	0
0.00184548439109	0.000710997144356	0.00453406375663	0	6.21636847524e-05	0.00053616178099	0.00240107232356	0.00224177788138	0.0033956912796	0.000442916253861	8.15898362375e-05	0.00406783612099	0.000101015987723	0.000808127901781	0.00582396021524	0.000357441187326	0.00120830662238	0.00568409192455	0.000252539969307	0.00311983992851	2.33113817822e-05	0.00698175884376	0.000967422343959	0.0110845620374	0.00129378168891	0.000439031023564	0.00397070536356	0.00335295374633	0.00375701769722	0.016624900441	0.00905647182237	1.16556908911e-05	0.00152689550673	0.00930901179167	0.0550770246906	7.77046059405e-06	0.000209802436039	4.66227635643e-05	0	1.16556908911e-05	0	0	6.21636847524e-05	3.88523029703e-06	0.000338015035841	7.77046059405e-06	3.88523029703e-05	7.77046059405e-06	7.77046059405e-06	3.88523029703e-06	3.88523029703e-06	5.82784544554e-05	3.10818423762e-05	0	1.16556908911e-05	7.77046059405e-06	3.88523029703e-06	0.000205917205742	6.21636847524e-05	0.00022145812693	9.71307574256e-05	5.82784544554e-05	0.000174835363366	8.15898362375e-05	3.88523029703e-06	1.55409211881e-05	0	0	0	2.33113817822e-05	0.00842317928395	0.00506245507702	0.0206499990287	0.00719156127979	0.00086252112594	0.00105289741049	0.000174835363366	0.000240884278416	0.000120442139208	8.15898362375e-05	3.88523029703e-05	2.33113817822e-05	3.88523029703e-06	1.16556908911e-05
0	0	7.77046059405e-06	0	0	0	0	7.77046059405e-06	0	2.71966120792e-05	0	0	3.88523029703e-06	0	0	0	1.94261514851e-05	0	0	0	0	0	7.77046059405e-06	3.88523029703e-06	1.16556908911e-05	0	0	0	1.16556908911e-05	3.88523029703e-06	0	0	0	3.88523029703e-06	7.77046059405e-06	0.0162480331022	0	3.88523029703e-05	0	0.000124327369505	1.94261514851e-05	0.00112283155584	0.00648833459603	0.00340346174019	0.000225343357227	0.000823668822969	3.88523029703e-06	0.000163179672475	0	0.00642228568098	0.000283621811683	0.000217572896633	1.55409211881e-05	0	7.77046059405e-06	8.93602968316e-05	0.000318588884356	0.000101015987723	0.000202031975445	0.00121996231327	0	0	1.94261514851e-05	0.00127824076772	0.00470889912	0.00101404510752	0	7.77046059405e-06	0.000497309478019	0.00061386638693	1.94261514851e-05	0	1.55409211881e-05	1.16556908911e-05	3.88523029703e-06	0	0	0.000982963265148	0.000151523981584	0.000454571944752	0.000120442139208	0.00125881461624	7.77046059405e-05	0
0	0.00238164617208	0.00086252112594	0	0	0	0	0	0	0	0	9.71307574256e-05	0	5.05079938613e-05	3.88523029703e-06	0	1.94261514851e-05	0.000322474114653	3.10818423762e-05	0.00018260582396	0	6.60489150494e-05	6.21636847524e-05	0.000275851351089	3.88523029703e-06	0.000656603920197	0.00126269984653	0.00176777978515	1.16556908911e-05	3.88523029703e-06	1.55409211881e-05	0	0	3.88523029703e-06	0.000209802436039	0	0.0129417021194	0.00203974590594	0	3.88523029703e-06	0	0	2.33113817822e-05	0	2.33113817822e-05	0	0.000275851351089	0	0.000101015987723	0	0	0.000609981156633	0.00115779862851	3.88523029703e-05	0.000563358393069	0	0.000174835363366	0.00200089360297	0.00126658507683	2.71966120792e-05	0.000726538065544	0.00148027274317	0.00571517376693	3.49670726732e-05	3.88523029703e-06	7.77046059405e-05	3.88523029703e-06	0	0	0.000742078986732	3.49670726732e-05	0.00028750704198	0.000151523981584	5.05079938613e-05	3.88523029703e-06	0	7.77046059405e-06	0.00028750704198	0.00135206014336	0.000749849447326	0.000194261514851	1.55409211881e-05	1.55409211881e-05	3.88523029703e-06
0	0.000590555005148	0.000202031975445	0	0	0	0	3.88523029703e-06	0	3.88523029703e-06	0	2.33113817822e-05	0	1.55409211881e-05	0	0	1.16556908911e-05	0.000112671678614	3.88523029703e-06	1.94261514851e-05	0	1.16556908911e-05	2.33113817822e-05	6.99341453465e-05	0	6.60489150494e-05	0.000252539969307	0.000411834411485	1.16556908911e-05	0	3.88523029703e-06	3.88523029703e-06	0	0	4.66227635643e-05	3.88523029703e-05	0.00203974590594	0.025428832294	0	3.88523029703e-06	0	7.77046059405e-06	6.99341453465e-05	1.16556908911e-05	2.71966120792e-05	3.88523029703e-06	0.000268080890495	0	5.43932241584e-05	1.55409211881e-05	7.77046059405e-06	0.000749849447326	0.00592497620296	2.33113817822e-05	0.000932455271286	0	0.000773160829108	0.0006527186899	0.00762282184276	8.15898362375e-05	0.000124327369505	0.00514793014356	0.0107737436137	8.54750665346e-05	3.88523029703e-05	0.000454571944752	3.88523029703e-06	0	3.88523029703e-06	0.00199312314237	1.55409211881e-05	8.54750665346e-05	3.10818423762e-05	1.55409211881e-05	3.88523029703e-06	3.88523029703e-06	0	0.000850865435049	0.00227674495406	0.00187656623346	0.000582784544554	6.60489150494e-05	4.27375332673e-05	1.55409211881e-05
0	0	0	0	0	0	0	0	0	0	0	0	0	0	0	0	0	0	0	0	0	0	0	0	0	0	0	0	0	0	0	0	0	0	0	0	0	0	0	0	0	0	0	0	0	0	0	0	0	0	0	0	0	0	0	0	0	0	0	0	0	0	0	0	0	0	0	0	0	0	0	0	0	0	0	0	0	0	0	0	0	0	0	0
1.16556908911e-05	0	0	0	0.00264584183227	0	0	5.43932241584e-05	3.88523029703e-06	0.000132097830099	0	0	0.000198146745148	0	7.77046059405e-06	0	1.55409211881e-05	0	0	0	5.82784544554e-05	7.77046059405e-06	1.55409211881e-05	7.77046059405e-06	0.000380752569109	0	0	3.88523029703e-06	0.00010490121802	1.16556908911e-05	2.71966120792e-05	0	0	3.88523029703e-06	1.16556908911e-05	0.000124327369505	3.88523029703e-06	3.88523029703e-06	0	0.0169823416283	3.88523029703e-06	0.000819783592672	0.00128989645861	0.00028750704198	0.00128212599802	0.00546651902792	0	0.00302270917109	0	0.000147638751287	2.33113817822e-05	1.55409211881e-05	0	0	0	0.00584727159702	1.94261514851e-05	3.49670726732e-05	3.88523029703e-06	0.00717602035861	0	0	7.77046059405e-06	0.00493035724693	3.49670726732e-05	5.82784544554e-05	0	0	3.88523029703e-06	1.94261514851e-05	1.94261514851e-05	0	3.88523029703e-06	0	1.55409211881e-05	0	0	5.43932241584e-05	1.94261514851e-05	3.10818423762e-05	1.16556908911e-05	6.99341453465e-05	7.77046059405e-06	0
0	0	0	0	0	0	0	0	0	0	0	0	0	0	0	0	0	0	0	0	0	0	0	0	0	0	0	0	0	0	0	0	0	0	0	1.94261514851e-05	0	0	0	3.88523029703e-06	0.00269246459584	0.00180663208812	1.16556908911e-05	0.000889717738019	0	0	3.88523029703e-06	0	0	0.000205917205742	0.000174835363366	0	0	0	0	0	0	0	0	3.88523029703e-06	0	0	0	3.88523029703e-06	0.000108786448317	0	0	0.000446801484158	0	9.32455271286e-05	0	0	0	0	0	0	0	3.88523029703e-06	3.88523029703e-06	5.43932241584e-05	1.16556908911e-05	0.000485653787128	0.00061386638693	0
3.88523029703e-06	0	0	0	4.66227635643e-05	0	0	7.77046059405e-06	3.88523029703e-06	1.16556908911e-05	0	0	0.000198146745148	0	3.88523029703e-06	0	3.88523029703e-06	0	0	0	0	3.88523029703e-06	0	3.88523029703e-06	1.16556908911e-05	3.88523029703e-06	0	0	1.16556908911e-05	3.88523029703e-06	7.77046059405e-06	0	0	0	0	0.00112283155584	0	7.77046059405e-06	0	0.000819783592672	0.00180663208812	0.0375973735843	0.00280125104416	0.0132874876158	0.000163179672475	0.0111622666434	1.55409211881e-05	0.00630184354178	3.88523029703e-06	0.00568020669425	0.00482157079861	5.82784544554e-05	7.77046059405e-06	0	3.88523029703e-06	0.00271189074732	5.43932241584e-05	1.55409211881e-05	5.05079938613e-05	0.00121996231327	0	3.88523029703e-06	7.77046059405e-06	0.00126658507683	0.00240495755386	0.000120442139208	0	0.000349670726732	4.27375332673e-05	0.000870291586534	7.77046059405e-06	0	0	0	0	0	0	0.000586669774851	8.54750665346e-05	0.000893602968316	0.000167064902772	0.0045690308293	0.00122773277386	3.88523029703e-06
2.71966120792e-05	3.88523029703e-06	3.88523029703e-06	0	4.66227635643e-05	0	3.88523029703e-06	6.99341453465e-05	0	0.000155409211881	3.88523029703e-06	0	5.43932241584e-05	3.88523029703e-06	1.55409211881e-05	3.88523029703e-06	7.38193756435e-05	0	0	0	7.77046059405e-06	2.71966120792e-05	4.66227635643e-05	3.10818423762e-05	0.000128212599802	0	3.88523029703e-06	3.88523029703e-06	0.000101015987723	3.10818423762e-05	6.99341453465e-05	0	0	1.94261514851e-05	6.21636847524e-05	0.00648833459603	2.33113817822e-05	6.99341453465e-05	0	0.00128989645861	1.16556908911e-05	0.00280125104416	0.0491714746392	0.00649999028692	0.00132097830099	0.00891660353167	0	0.00137148629485	0	0.00597548419683	0.000291392272277	0.000656603920197	3.49670726732e-05	0	0	0.00114225770733	0.00124715892535	0.000372982108514	0.000687685762574	0.00870291586534	0	0	6.99341453465e-05	0.0150941197039	0.00146861705228	0.00620082755405	0	0	0.000120442139208	0.00090137342891	3.88523029703e-05	3.88523029703e-06	2.33113817822e-05	1.94261514851e-05	7.77046059405e-06	0	0	0.00112671678614	0.000349670726732	0.000594440235445	0.00022145812693	0.000979078034851	5.82784544554e-05	0
