0.0157867927825	7.43607761778e-06	1.11541164267e-05	0	2.23082328533e-05	0	7.43607761778e-06	0.00730222822066	0.004435620299	0.000747325800587	0.000442446618258	0.000739889722969	0.000211928212107	0	0.00879687982183	0.000290007027093	3.71803880889e-06	5.94886209422e-05	0.000278852910667	0.000550269743716	0	7.43607761778e-06	3.71803880889e-06	1.11541164267e-05	0.000472190928729	0	0.000185901940444	0.000193338018062	0.00237210876007	0.00759595328656	0.00596001621065	0	0	5.20525433244e-05	0.00139054651452	0	3.346234928e-05	0	0	2.23082328533e-05	3.71803880889e-06	0	0	0	0.000382957997316	3.71803880889e-06	0	0	0	0	3.71803880889e-06	3.71803880889e-06	0	0	0	3.71803880889e-06	3.71803880889e-06	3.71803880889e-06	1.11541164267e-05	0.000490781122773	0	1.11541164267e-05	3.71803880889e-05	0	7.43607761778e-06	0	0	0	7.43607761778e-06	7.43607761778e-06	4.46164657067e-05	7.43607761778e-06	0.00165824530876	0.000178465862827	2.60262716622e-05	7.43607761778e-06	0	7.80788149867e-05	1.11541164267e-05	3.346234928e-05	2.23082328533e-05	1.85901940444e-05	0	0
7.43607761778e-06	0.0234794150781	0.000104105086649	0	0	0	3.71803880889e-06	0.000171029785209	8.92329314133e-05	0.00220479701367	1.11541164267e-05	0.000122695280693	6.32066597511e-05	0.0018813276373	0	2.97443104711e-05	0.000126413319502	0.000152439591164	3.71803880889e-06	0.000405266230169	0	5.20525433244e-05	0.00336482512204	0.000104105086649	0.00201145899561	0.00599347855993	0.0125929974457	0.0161065441201	9.66690090311e-05	0	8.55148926044e-05	0.000420138385404	1.48721552356e-05	0	0.000472190928729	0.000275134871858	0.0141731639395	5.20525433244e-05	0	7.43607761778e-06	0	0	3.71803880889e-06	1.11541164267e-05	3.71803880889e-06	7.43607761778e-06	0.000788224227484	0	0.0011711822248	0.000290007027093	0	9.66690090311e-05	0.0017586323566	1.11541164267e-05	0.00144631709666	7.43607761778e-06	7.06427373689e-05	6.692469856e-05	8.92329314133e-05	0.000118977241884	0.00842879397975	0.00725389371614	0.0188430206834	7.06427373689e-05	0	0.000278852910667	0.000617194442276	0	0	0.000817968537956	0.000323469376373	5.20525433244e-05	0.000423856424213	2.97443104711e-05	7.43607761778e-06	1.48721552356e-05	7.43607761778e-05	0.000152439591164	0.00030116114352	0.00210440996583	0.000141285474738	0	0	6.692469856e-05
1.11541164267e-05	0.000104105086649	0.0379723303552	0	0	0	1.48721552356e-05	0.00190363587015	4.08984268978e-05	8.92329314133e-05	7.43607761778e-05	0.000475908967538	0	0	1.48721552356e-05	3.71803880889e-06	3.71803880889e-06	0.00227915778985	8.55148926044e-05	0.000877457158898	1.85901940444e-05	0.00173632412375	8.92329314133e-05	0.00998665224068	3.346234928e-05	3.71803880889e-06	0.00754761878204	0.0150431850208	0.00371060273127	4.83345045156e-05	0.000896047352942	0	0	1.11541164267e-05	0.00148349748475	1.48721552356e-05	0.00517179198316	0.00113400183671	0	1.11541164267e-05	0	4.83345045156e-05	7.43607761778e-05	2.23082328533e-05	3.346234928e-05	4.46164657067e-05	6.692469856e-05	5.57705821333e-05	3.71803880889e-06	0.000111541164267	0	0.00107823125458	0.000423856424213	7.43607761778e-06	0.000130131358311	5.57705821333e-05	0.0003346234928	5.20525433244e-05	0.00101874263364	0.00109310340981	0.000338341531609	0.000698991296071	0.00371432077008	0.000416420346596	0.000137567435929	4.08984268978e-05	1.85901940444e-05	3.71803880889e-06	3.71803880889e-06	0.000620912481084	0.00500448023676	0.00138311043691	0.00371803880889	0.00110053948743	0.000442446618258	1.11541164267e-05	0	0.00329418238468	0.00239441699292	0.000609758364658	0.000312315259947	1.85901940444e-05	3.71803880889e-06	0
0	0	0	0	0	0	0	0	0	0	0	0	0	0	0	0	0	0	0	0	0	0	0	0	0	0	0	0	0	0	0	0	0	0	0	0	0	0	0	0	0	0	0	0	0	0	0	0	0	0	0	0	0	0	0	0	0	0	0	0	0	0	0	0	0	0	0	0	0	0	0	0	0	0	0	0	0	0	0	0	0	0	0	0
2.23082328533e-05	0	0	0	0.0186534007042	0	0.000587450131804	0.000219364289724	6.692469856e-05	0.00270301421406	0.0012529790786	4.83345045156e-05	0.00640618086772	0	2.97443104711e-05	0.000475908967538	0	0	2.60262716622e-05	1.85901940444e-05	0.0100498589004	0	7.43607761778e-06	0	0.011224759164	0	6.32066597511e-05	3.71803880889e-06	0.00578526838663	2.60262716622e-05	0	0	3.71803880889e-06	0	5.94886209422e-05	0	5.20525433244e-05	0	0	0.00304879182329	3.71803880889e-06	7.43607761778e-06	7.43607761778e-06	0	0.00219364289724	0.0012975955443	0	0.000791942266293	1.48721552356e-05	3.71803880889e-06	5.57705821333e-05	0	0	0	0	0.00306738201733	3.71803880889e-06	0.000122695280693	3.71803880889e-06	0.00371432077008	2.97443104711e-05	0	1.48721552356e-05	0.00208210173298	1.85901940444e-05	0	0	0	1.85901940444e-05	1.48721552356e-05	0.000174747824018	1.85901940444e-05	0.000275134871858	5.94886209422e-05	0.000115259203076	2.97443104711e-05	0	2.23082328533e-05	0	7.43607761778e-06	7.43607761778e-06	0.000141285474738	0	0
0	0	0	0	0	0.00712748039664	0.003929967021	0.000141285474738	0.00198171468514	2.23082328533e-05	0.000156157629973	1.85901940444e-05	2.60262716622e-05	7.43607761778e-06	1.11541164267e-05	0.00245390561387	0	0	3.71803880889e-06	3.71803880889e-06	0	0	0	0	7.43607761778e-06	0	3.71803880889e-06	3.71803880889e-06	2.97443104711e-05	0	0	0	0.00174004216256	0	0.000178465862827	0	3.71803880889e-06	0	0	0	0	0	0	0	0	0	0	0	0	0	0	0	0	0	0	0	0	0	0	0	0	3.71803880889e-06	3.71803880889e-06	0	0	0	0	0	0	0	1.11541164267e-05	0	5.94886209422e-05	7.43607761778e-06	0.000449882695876	0.000494499161582	0	0	0	0	0	0	0	0
7.43607761778e-06	3.71803880889e-06	1.48721552356e-05	0	0.000587450131804	0.003929967021	0.0473455061924	0.00636528244082	0.0253124082109	0.00113771987552	0.0175379890615	0.00200030487918	0.010310121617	3.71803880889e-06	0.00584847504638	0.00403407210764	0	3.71803880889e-06	0.00104848694411	9.29509702222e-05	0.00433895128997	3.71803880889e-06	0.000148721552356	0	0.000955535973884	7.43607761778e-06	0.00137567435929	0.000171029785209	0.00181812097755	7.43607761778e-05	0	2.60262716622e-05	0.000784506188676	3.71803880889e-06	0.00225313151819	0	2.23082328533e-05	0	0	0	0	3.71803880889e-05	0	0	2.23082328533e-05	3.346234928e-05	3.71803880889e-06	4.83345045156e-05	0	1.11541164267e-05	0	2.97443104711e-05	0	0	0	1.85901940444e-05	0	2.60262716622e-05	1.48721552356e-05	7.43607761778e-05	0	1.11541164267e-05	2.97443104711e-05	2.23082328533e-05	2.60262716622e-05	0	3.71803880889e-06	0	0	4.83345045156e-05	0.00113400183671	5.94886209422e-05	0.00320866749207	0.000230518406151	0.00207838369417	0.000178465862827	0	0.000290007027093	4.46164657067e-05	8.55148926044e-05	7.43607761778e-06	3.71803880889e-06	2.97443104711e-05	0
0.00730222822066	0.000171029785209	0.00190363587015	0	0.000219364289724	0.000141285474738	0.00636528244082	0.072509192851	0.0173669592763	0.000725017567733	0.0166791220967	0.00424971835856	0.000308597221138	7.43607761778e-06	0.00883406020992	0.000271416833049	3.71803880889e-06	0.00203004918965	0.00203748526727	0.00435754148402	0.000297443104711	0.0014649072907	0.000137567435929	0.00389650467172	0.00282199145595	3.71803880889e-06	0.00591539974494	0.00318264122041	0.0302016292446	0.00471075517086	0.0124926103979	1.11541164267e-05	0.00036808584208	0.000587450131804	0.00745466781182	3.71803880889e-06	0.000539115627289	2.97443104711e-05	0	0.000371803880889	0	2.60262716622e-05	4.46164657067e-05	3.71803880889e-06	0.000539115627289	0.00110053948743	4.08984268978e-05	0.000598604248231	3.71803880889e-06	1.85901940444e-05	0	0.000111541164267	2.97443104711e-05	4.46164657067e-05	7.80788149867e-05	0.00153926806688	8.55148926044e-05	3.71803880889e-05	0.000185901940444	0.00261006324384	1.48721552356e-05	0.00030116114352	0.000598604248231	0.000453600734684	0.000178465862827	1.85901940444e-05	7.43607761778e-06	3.71803880889e-06	0.000174747824018	0.00040154819136	0.00223454132414	0.000490781122773	0.0115519465792	0.00230518406151	0.000646938752747	0.000940663818649	3.71803880889e-06	0.0010856673322	0.000606040325849	0.000483345045156	0.000197056056871	1.11541164267e-05	3.71803880889e-06	0
0.004435620299	8.92329314133e-05	4.08984268978e-05	0	6.692469856e-05	0.00198171468514	0.0253124082109	0.0173669592763	0.0566034228265	0.00046847288992	0.0150431850208	0.00213043623749	0.00407868857335	3.71803880889e-06	0.0176197859153	0.00127900535026	3.71803880889e-06	0.000211928212107	0.000948099896267	0.00109682144862	0.00317148710398	0.000130131358311	6.692469856e-05	9.29509702222e-05	0.000405266230169	0	0.00131618573835	0.000739889722969	0.00463639439468	0.000743607761778	0.00258031893337	1.85901940444e-05	0.000475908967538	9.29509702222e-05	0.00361021568343	0	0.00026769879424	7.43607761778e-06	0	3.71803880889e-06	3.71803880889e-06	4.46164657067e-05	0	3.71803880889e-06	0.000130131358311	2.97443104711e-05	7.43607761778e-06	5.20525433244e-05	0	7.43607761778e-06	3.71803880889e-06	7.06427373689e-05	1.11541164267e-05	0	1.11541164267e-05	1.11541164267e-05	1.11541164267e-05	4.46164657067e-05	6.32066597511e-05	0.000174747824018	7.43607761778e-06	7.80788149867e-05	0.00026769879424	1.85901940444e-05	2.60262716622e-05	3.71803880889e-06	7.43607761778e-06	3.71803880889e-06	0	6.32066597511e-05	0.00181812097755	7.06427373689e-05	0.00531679549671	0.000691555218453	0.00274391264096	0.000725017567733	0	0.000457318773493	0.000182183901636	0.000182183901636	7.06427373689e-05	1.11541164267e-05	3.71803880889e-05	0
0.000747325800587	0.00220479701367	8.92329314133e-05	0	0.00270301421406	2.23082328533e-05	0.00113771987552	0.000725017567733	0.00046847288992	0.0360947207567	0.000297443104711	0.000394112113742	0.00718325097877	0.000330905453991	0.000427574463022	0.00526474295339	0.000423856424213	7.43607761778e-06	0.000130131358311	0.000278852910667	0.00036808584208	0.000431292501831	0.0102320428021	1.11541164267e-05	0.0213973133452	0.00291494242617	0.0012975955443	0.0054394907774	0.00879687982183	0.00279968322309	3.71803880889e-06	7.43607761778e-06	0.00020077409568	0.0005019352392	0.000412702307787	1.11541164267e-05	0.000829122654382	0	0	0.00143144494142	2.60262716622e-05	1.48721552356e-05	0.000219364289724	0	0.0110760376117	0.000676683063218	6.692469856e-05	0.000141285474738	0.000104105086649	1.48721552356e-05	4.08984268978e-05	0.00349495648036	0.000308597221138	3.71803880889e-06	0.000319751337564	0.00080309638272	0.000115259203076	0.00289635223212	0.000263980755431	0.0129908275983	0.000178465862827	0.000431292501831	0.000896047352942	0.00350982863559	0.000204492134489	4.46164657067e-05	0	0	0.00020077409568	0.000312315259947	0.0022159511301	0.000580014054187	0.00196312449109	0.00140913670857	0.000159875668782	0.000338341531609	1.85901940444e-05	0.000725017567733	0.000178465862827	0.000646938752747	0.00026769879424	0.000148721552356	0	0
0.000442446618258	1.11541164267e-05	7.43607761778e-05	0	0.0012529790786	0.000156157629973	0.0175379890615	0.0166791220967	0.0150431850208	0.000297443104711	0.0507400756249	0.00293353262021	0.00336854316085	0	0.0042683085526	0.000282570949476	0	0.000141285474738	0.00219364289724	0.00141657278619	0.00493011946059	9.29509702222e-05	3.346234928e-05	5.57705821333e-05	0.000446164657067	0	0.0015876025714	0.000237954483769	0.0112396313193	0.000553987782524	6.32066597511e-05	3.71803880889e-06	0.000832840693191	7.43607761778e-05	0.00334251688919	0	6.692469856e-05	0	0	0.000494499161582	0	3.71803880889e-05	7.43607761778e-06	0	0.000163593707591	0.000565141898951	1.85901940444e-05	0.000237954483769	3.71803880889e-06	1.85901940444e-05	3.71803880889e-05	1.11541164267e-05	0	2.23082328533e-05	1.48721552356e-05	0.000751043839396	1.11541164267e-05	3.71803880889e-06	7.43607761778e-06	0.000974126167929	3.71803880889e-06	5.20525433244e-05	0.00010038704784	0.000546551704907	5.57705821333e-05	0	0	0	3.346234928e-05	0.000107823125458	0.00242044326459	0.000304879182329	0.00661439104101	0.00137567435929	0.000643220713938	0.00134221201001	0	0.000342059570418	7.06427373689e-05	0.000126413319502	2.97443104711e-05	7.80788149867e-05	0	0
0.000739889722969	0.000122695280693	0.000475908967538	0	4.83345045156e-05	1.85901940444e-05	0.00200030487918	0.00424971835856	0.00213043623749	0.000394112113742	0.00293353262021	0.0384965738272	0.00204492134489	0.0038890685941	0.00391881290457	6.692469856e-05	1.11541164267e-05	0.00339085139371	0.0109905227191	0.0131358311118	0.00105220498292	0.000594886209422	0.000111541164267	0.000661810907982	0.000423856424213	0.00133105789358	0.0107228239248	0.00298186712473	0.00452857126923	0.00258775501099	0.00119349045765	0.000527961510862	0.0014649072907	0.000799378343911	0.0206388334281	0	0.000148721552356	7.43607761778e-06	0	1.48721552356e-05	0	0	3.71803880889e-06	0	0.00030116114352	3.71803880889e-05	0.000892329314133	3.71803880889e-06	0.00129015946668	7.43607761778e-06	0	8.92329314133e-05	0	3.71803880889e-06	0	1.48721552356e-05	1.11541164267e-05	8.92329314133e-05	4.46164657067e-05	0.000338341531609	0.000747325800587	0.000446164657067	0.000278852910667	7.43607761778e-06	1.48721552356e-05	3.71803880889e-06	0.000323469376373	0	0	3.346234928e-05	0.00483716849036	0.00384445212839	0.0227878598597	0.00118977241884	2.60262716622e-05	0.000148721552356	0.00110425752624	0.000111541164267	0.000546551704907	4.46164657067e-05	1.48721552356e-05	3.71803880889e-06	0	0.000115259203076
0.000211928212107	6.32066597511e-05	0	0	0.00640618086772	2.60262716622e-05	0.010310121617	0.000308597221138	0.00407868857335	0.00718325097877	0.00336854316085	0.00204492134489	0.0357824054967	3.71803880889e-06	0.00206722957774	0.00597117032708	0	3.71803880889e-06	0.00130131358311	5.20525433244e-05	0.0140727768916	1.11541164267e-05	0.00117490026361	0	0.00883406020992	0.000118977241884	0.00159503864901	0.000739889722969	0.00224197740176	0.000249108600196	0	2.23082328533e-05	1.11541164267e-05	3.71803880889e-06	0.0022159511301	3.71803880889e-06	0.000126413319502	0	0	0.000371803880889	0	0.000855148926044	1.48721552356e-05	0	0.000892329314133	0.000360649764462	0.000245390561387	0.00339456943252	2.60262716622e-05	4.46164657067e-05	4.08984268978e-05	5.57705821333e-05	4.08984268978e-05	0.000137567435929	8.17968537956e-05	0.00116374614718	2.60262716622e-05	0.000249108600196	6.32066597511e-05	0.00116746418599	4.83345045156e-05	0.00010038704784	8.92329314133e-05	0.000282570949476	0.000364367803271	3.71803880889e-06	4.83345045156e-05	0	3.71803880889e-06	0.000319751337564	0.000427574463022	5.20525433244e-05	0.00339456943252	0.000338341531609	0.000438728579449	2.23082328533e-05	0	0.000237954483769	1.11541164267e-05	0.000408984268978	1.11541164267e-05	6.692469856e-05	1.11541164267e-05	0
0	0.0018813276373	0	0	0	7.43607761778e-06	3.71803880889e-06	7.43607761778e-06	3.71803880889e-06	0.000330905453991	0	0.0038890685941	3.71803880889e-06	0.0181254391933	0.000171029785209	3.71803880889e-06	0	0	5.20525433244e-05	1.48721552356e-05	0	0	0.000386676036124	0	0.000256544677813	0.00841392182452	0.00618681657799	0.00268814205883	2.23082328533e-05	1.11541164267e-05	0	0.00185158332683	0.000230518406151	0	0.000412702307787	3.71803880889e-06	0.000710145412498	0	0	0	0	3.71803880889e-06	0	0	2.97443104711e-05	7.43607761778e-06	0.00545436293264	1.85901940444e-05	0.00800121951673	1.11541164267e-05	0	8.55148926044e-05	1.85901940444e-05	7.43607761778e-06	1.48721552356e-05	3.71803880889e-06	2.60262716622e-05	0.000115259203076	1.11541164267e-05	1.48721552356e-05	0.00578155034782	0.00404150818526	0.00453972538565	0	5.20525433244e-05	3.71803880889e-06	0.00220479701367	0	0	7.43607761778e-05	0.000680401102027	0.0042683085526	0.00147234336832	1.85901940444e-05	0	9.66690090311e-05	0.000966690090311	1.11541164267e-05	0.00297814908592	0.000118977241884	0	0	0	0.000145003513547
0.00879687982183	0	1.48721552356e-05	0	2.97443104711e-05	1.11541164267e-05	0.00584847504638	0.00883406020992	0.0176197859153	0.000427574463022	0.0042683085526	0.00391881290457	0.00206722957774	0.000171029785209	0.034046081373	0.000182183901636	0	7.43607761778e-05	0.000832840693191	0.000338341531609	0.0017586323566	1.48721552356e-05	3.71803880889e-06	1.48721552356e-05	0.000256544677813	3.71803880889e-05	0.000561423860142	8.92329314133e-05	0.00300789339639	0.00544320881621	0.00434266932878	7.43607761778e-06	0.00189619979253	7.06427373689e-05	0.00459549596779	0	2.23082328533e-05	7.43607761778e-06	0	2.23082328533e-05	3.71803880889e-06	3.71803880889e-05	0	3.71803880889e-06	0.000174747824018	2.60262716622e-05	7.43607761778e-06	3.71803880889e-05	0	7.43607761778e-06	3.71803880889e-06	2.23082328533e-05	3.71803880889e-06	0	3.71803880889e-06	1.48721552356e-05	0	1.11541164267e-05	3.71803880889e-06	0.000278852910667	0	1.48721552356e-05	3.346234928e-05	1.48721552356e-05	2.60262716622e-05	0	7.43607761778e-06	3.71803880889e-06	3.71803880889e-06	6.692469856e-05	0.00111541164267	5.94886209422e-05	0.00371060273127	0.000230518406151	0.0015467041445	0.000316033298756	6.32066597511e-05	0.000308597221138	6.32066597511e-05	0.000126413319502	2.97443104711e-05	1.11541164267e-05	3.71803880889e-05	0
0.000290007027093	2.97443104711e-05	3.71803880889e-06	0	0.000475908967538	0.00245390561387	0.00403407210764	0.000271416833049	0.00127900535026	0.00526474295339	0.000282570949476	6.692469856e-05	0.00597117032708	3.71803880889e-06	0.000182183901636	0.012217475526	0	3.71803880889e-06	1.11541164267e-05	2.60262716622e-05	0.000531679549671	7.43607761778e-06	0.000676683063218	0	0.0030525098621	7.06427373689e-05	7.80788149867e-05	0.000442446618258	0.000992716361973	0.000308597221138	3.71803880889e-06	0	0.000111541164267	0	9.29509702222e-05	0	4.08984268978e-05	0	0	7.43607761778e-06	0	0	3.71803880889e-06	0	0.00010038704784	1.85901940444e-05	0	7.43607761778e-06	0	3.71803880889e-06	0	3.346234928e-05	1.48721552356e-05	0	1.48721552356e-05	2.97443104711e-05	2.23082328533e-05	0.000118977241884	5.20525433244e-05	0.000104105086649	0	1.85901940444e-05	5.20525433244e-05	4.08984268978e-05	3.71803880889e-06	0	0	0	0	1.48721552356e-05	0.000152439591164	1.11541164267e-05	0.000237954483769	8.17968537956e-05	0.000211928212107	4.46164657067e-05	0	2.23082328533e-05	0	3.346234928e-05	1.85901940444e-05	0	0	0
3.71803880889e-06	0.000126413319502	3.71803880889e-06	0	0	0	0	3.71803880889e-06	3.71803880889e-06	0.000423856424213	0	1.11541164267e-05	0	0	0	0	0.0207949910581	0	0	2.23082328533e-05	0	0.00199286880156	0.0116039991225	0.00509371316818	0.00564026487308	1.85901940444e-05	2.60262716622e-05	0.00815365910789	0.00307110005614	0	3.71803880889e-06	0	0	0	2.60262716622e-05	0	0.000211928212107	0	0	0	0	0	0	0	0	0	3.71803880889e-06	0	3.71803880889e-06	0	0	0.00508627709056	3.71803880889e-06	0	3.71803880889e-06	0	0.000408984268978	0.00704568354284	0.00231262013913	0.00023423644496	3.71803880889e-06	3.71803880889e-06	0.00298558516354	3.71803880889e-06	0	0	0	0	0	0	0.000130131358311	0	3.71803880889e-05	7.43607761778e-06	0	0	0	1.85901940444e-05	3.71803880889e-06	7.43607761778e-06	0	0	0	0
5.94886209422e-05	0.000152439591164	0.00227915778985	0	0	0	3.71803880889e-06	0.00203004918965	0.000211928212107	7.43607761778e-06	0.000141285474738	0.00339085139371	3.71803880889e-06	0	7.43607761778e-05	3.71803880889e-06	0	0.0240780193264	0.0015913206102	0.0103026855394	0	0.00429805286308	7.43607761778e-06	0.00755877289847	1.11541164267e-05	0	0.00563654683428	0.00430177090188	0.000888611275324	0.000524243472053	0.00562539271785	0	0	0.000148721552356	0.0123327347291	3.71803880889e-06	0.000788224227484	3.71803880889e-05	0	3.71803880889e-06	0	0	0	0	3.71803880889e-06	3.71803880889e-06	3.71803880889e-06	0	0	2.23082328533e-05	0	3.71803880889e-05	0.00010038704784	0	5.57705821333e-05	7.43607761778e-06	1.48721552356e-05	3.71803880889e-06	3.71803880889e-05	2.23082328533e-05	4.83345045156e-05	0.000260262716622	0.00076963403344	1.48721552356e-05	1.85901940444e-05	7.43607761778e-06	0	0	0	8.55148926044e-05	0.000330905453991	0.000171029785209	0.00441331206615	6.32066597511e-05	3.71803880889e-06	0	0	0.000219364289724	0.000237954483769	0.000290007027093	1.85901940444e-05	0	0	0
0.000278852910667	3.71803880889e-06	8.55148926044e-05	0	2.60262716622e-05	3.71803880889e-06	0.00104848694411	0.00203748526727	0.000948099896267	0.000130131358311	0.00219364289724	0.0109905227191	0.00130131358311	5.20525433244e-05	0.000832840693191	1.11541164267e-05	0	0.0015913206102	0.0134667365658	0.00816853126313	0.000583732092996	0.000185901940444	1.11541164267e-05	9.66690090311e-05	0.000145003513547	0	0.00365483214914	0.00046847288992	0.00207466565536	0.00076963403344	0.00087002108128	1.11541164267e-05	0.000241672522578	0.000226800367342	0.00863328611424	0	2.97443104711e-05	0	0	0	0	0	0	0	0.000118977241884	1.11541164267e-05	5.20525433244e-05	0	0	0	0	1.11541164267e-05	0	0	0	3.71803880889e-06	0	3.71803880889e-06	3.71803880889e-06	0.000107823125458	3.71803880889e-06	7.43607761778e-05	5.57705821333e-05	0	0	0	0	0	0	0	0.000475908967538	0.000148721552356	0.00916496566391	0.00020077409568	1.48721552356e-05	7.43607761778e-06	0	2.23082328533e-05	2.60262716622e-05	7.43607761778e-06	3.71803880889e-06	0	0	0
0.000550269743716	0.000405266230169	0.000877457158898	0	1.85901940444e-05	3.71803880889e-06	9.29509702222e-05	0.00435754148402	0.00109682144862	0.000278852910667	0.00141657278619	0.0131358311118	5.20525433244e-05	1.48721552356e-05	0.000338341531609	2.60262716622e-05	2.23082328533e-05	0.0103026855394	0.00816853126313	0.0307704891824	2.97443104711e-05	0.0020486393837	9.66690090311e-05	0.00191478998658	0.000215646250916	0	0.00957394993289	0.00544692685502	0.00369201253723	0.0012120806517	0.00369201253723	1.11541164267e-05	3.71803880889e-06	0.000416420346596	0.0213824411899	3.71803880889e-06	0.0014240088638	3.346234928e-05	0	1.11541164267e-05	0	0	3.71803880889e-06	7.43607761778e-06	0.00023423644496	3.71803880889e-05	1.48721552356e-05	0	0	1.11541164267e-05	0	9.29509702222e-05	5.94886209422e-05	1.85901940444e-05	5.20525433244e-05	2.23082328533e-05	2.23082328533e-05	6.692469856e-05	9.29509702222e-05	0.000252826639004	0.000371803880889	0.00158016649378	0.00198543272395	1.48721552356e-05	7.43607761778e-06	3.71803880889e-06	0	3.71803880889e-06	0	3.71803880889e-05	0.00365483214914	0.000263980755431	0.0174673463242	0.000464754851111	4.08984268978e-05	2.23082328533e-05	0	0.00020077409568	0.000126413319502	0.000405266230169	4.08984268978e-05	3.71803880889e-06	3.71803880889e-06	0
0	0	1.85901940444e-05	0	0.0100498589004	0	0.00433895128997	0.000297443104711	0.00317148710398	0.00036808584208	0.00493011946059	0.00105220498292	0.0140727768916	0	0.0017586323566	0.000531679549671	0	0	0.000583732092996	2.97443104711e-05	0.0226949088895	4.46164657067e-05	1.85901940444e-05	3.71803880889e-06	0.00695273257262	0	0.00087002108128	2.23082328533e-05	0.00198915076276	3.346234928e-05	0	7.43607761778e-06	5.20525433244e-05	3.71803880889e-06	0.00107451321577	0	1.11541164267e-05	0	0	8.55148926044e-05	0	2.23082328533e-05	3.71803880889e-06	0	0.000219364289724	3.346234928e-05	1.48721552356e-05	3.346234928e-05	3.71803880889e-06	3.71803880889e-06	0	1.48721552356e-05	0	1.11541164267e-05	0	4.46164657067e-05	3.71803880889e-06	1.85901940444e-05	0	0.000256544677813	3.71803880889e-06	1.85901940444e-05	1.11541164267e-05	5.94886209422e-05	7.43607761778e-06	0	3.71803880889e-06	0	0	2.97443104711e-05	0.00150208767879	0.000126413319502	0.00240185307054	0.000364367803271	0.000628348558702	7.06427373689e-05	0	0.000215646250916	5.20525433244e-05	5.20525433244e-05	7.43607761778e-06	3.71803880889e-06	0	0
7.43607761778e-06	5.20525433244e-05	0.00173632412375	0	0	0	3.71803880889e-06	0.0014649072907	0.000130131358311	0.000431292501831	9.29509702222e-05	0.000594886209422	1.11541164267e-05	0	1.48721552356e-05	7.43607761778e-06	0.00199286880156	0.00429805286308	0.000185901940444	0.0020486393837	4.46164657067e-05	0.0471930666012	0.00433151521236	0.0230332504211	0.00111912968148	0	0.00360649764462	0.00307481809495	0.0164560397681	0.00263237147669	0.0113995069881	7.43607761778e-06	3.71803880889e-06	0.000643220713938	0.00847712848427	2.60262716622e-05	0.000423856424213	3.346234928e-05	0	7.43607761778e-06	0	0.000137567435929	0	0	4.83345045156e-05	3.71803880889e-05	1.85901940444e-05	0.000152439591164	3.71803880889e-06	9.29509702222e-05	0	0.00314917887113	9.29509702222e-05	1.85901940444e-05	9.29509702222e-05	6.32066597511e-05	0.00134964808763	0.00392253094338	0.00316405102636	0.000732453645351	7.43607761778e-06	0.00020077409568	0.000494499161582	0.000126413319502	0.000193338018062	2.97443104711e-05	3.71803880889e-06	0	0	0.000323469376373	0.00658092869173	0.00172888804613	0.00333136277276	0.000910919508178	0.000252826639004	1.11541164267e-05	0	0.000829122654382	0.000278852910667	0.000427574463022	6.692469856e-05	0	0	0
3.71803880889e-06	0.00336482512204	8.92329314133e-05	0	7.43607761778e-06	0	0.000148721552356	0.000137567435929	6.692469856e-05	0.0102320428021	3.346234928e-05	0.000111541164267	0.00117490026361	0.000386676036124	3.71803880889e-06	0.000676683063218	0.0116039991225	7.43607761778e-06	1.11541164267e-05	9.66690090311e-05	1.85901940444e-05	0.00433151521236	0.0379239958507	0.0082391740005	0.00936573975959	0.00307853613376	0.00136452024286	0.0140281604259	0.00382586193435	1.11541164267e-05	7.43607761778e-06	1.11541164267e-05	3.71803880889e-06	0	8.55148926044e-05	2.23082328533e-05	0.00453228930804	1.11541164267e-05	0	1.48721552356e-05	0	7.80788149867e-05	0	0	3.71803880889e-05	1.85901940444e-05	0.000171029785209	0.00010038704784	0.000397830152551	2.60262716622e-05	0	0.0139277733781	0.0003346234928	3.71803880889e-06	0.00030116114352	3.71803880889e-05	0.00138682847572	0.016712584446	0.00496358180987	0.00208581977179	0.000658092869173	0.000628348558702	0.00671849612766	2.60262716622e-05	5.57705821333e-05	2.60262716622e-05	1.11541164267e-05	0	0	0.000185901940444	0.00271416833049	0.000171029785209	0.000461036812302	0.000397830152551	1.48721552356e-05	7.43607761778e-06	1.11541164267e-05	0.000230518406151	9.29509702222e-05	0.000453600734684	7.06427373689e-05	0	0	3.71803880889e-06
1.11541164267e-05	0.000104105086649	0.00998665224068	0	0	0	0	0.00389650467172	9.29509702222e-05	1.11541164267e-05	5.57705821333e-05	0.000661810907982	0	0	1.48721552356e-05	0	0.00509371316818	0.00755877289847	9.66690090311e-05	0.00191478998658	3.71803880889e-06	0.0230332504211	0.0082391740005	0.0625745931536	0.000174747824018	0	0.00618681657799	0.0101837082975	0.0071944050952	0.000613476403467	0.00587450131804	3.71803880889e-06	3.71803880889e-06	0.000163593707591	0.0053948743117	1.11541164267e-05	0.000665528946791	0.000211928212107	0	7.43607761778e-06	0	0	0	0	7.43607761778e-06	1.11541164267e-05	1.48721552356e-05	0	3.71803880889e-06	1.85901940444e-05	0	0.00714607059068	8.17968537956e-05	3.71803880889e-06	3.346234928e-05	1.48721552356e-05	0.000494499161582	0.00623515108251	0.0060232228704	0.000174747824018	5.20525433244e-05	0.000252826639004	0.00297443104711	4.46164657067e-05	1.48721552356e-05	1.48721552356e-05	0	0	0	0.00010038704784	0.00716837882354	0.00046847288992	0.00256172873932	0.000524243472053	0.000171029785209	7.43607761778e-06	0	0.000405266230169	0.000691555218453	0.000308597221138	0.000171029785209	0	0	0
0.000472190928729	0.00201145899561	3.346234928e-05	0	0.011224759164	7.43607761778e-06	0.000955535973884	0.00282199145595	0.000405266230169	0.0213973133452	0.000446164657067	0.000423856424213	0.00883406020992	0.000256544677813	0.000256544677813	0.0030525098621	0.00564026487308	1.11541164267e-05	0.000145003513547	0.000215646250916	0.00695273257262	0.00111912968148	0.00936573975959	0.000174747824018	0.0499072349317	0.0023014660227	0.000992716361973	0.00588193739566	0.0185939120833	0.000910919508178	0	7.43607761778e-06	4.08984268978e-05	0.000215646250916	0.000572577976569	1.11541164267e-05	0.000632066597511	0	0	0.00153926806688	1.11541164267e-05	1.11541164267e-05	8.92329314133e-05	0	0.00606783933611	0.00103361478887	5.20525433244e-05	0.00046847288992	7.80788149867e-05	2.23082328533e-05	2.23082328533e-05	0.00216761662558	0.000237954483769	3.71803880889e-06	0.000230518406151	0.00169170765804	5.94886209422e-05	0.00163965511472	0.000163593707591	0.00816109518551	0.000156157629973	0.000308597221138	0.000639502675129	0.00250595815719	0.000145003513547	0.000137567435929	0	0	0.000163593707591	0.000230518406151	0.00102989675006	0.000122695280693	0.0020932558494	0.00111169360386	0.000178465862827	7.80788149867e-05	7.43607761778e-06	0.00026769879424	2.23082328533e-05	0.000353213686844	0.000152439591164	7.43607761778e-05	0	0
0	0.00599347855993	3.71803880889e-06	0	0	0	7.43607761778e-06	3.71803880889e-06	0	0.00291494242617	0	0.00133105789358	0.000118977241884	0.00841392182452	3.71803880889e-05	7.06427373689e-05	1.85901940444e-05	0	0	0	0	0	0.00307853613376	0	0.0023014660227	0.0171736212583	0.00585962916281	0.00568116329998	3.71803880889e-06	3.71803880889e-06	0	0.000799378343911	7.80788149867e-05	0	0.000226800367342	3.346234928e-05	0.00186645548206	0	0	0	0	0	0	0	3.346234928e-05	3.71803880889e-06	0.00407868857335	0	0.00646566948866	3.71803880889e-05	0	9.29509702222e-05	0.000408984268978	3.71803880889e-06	0.000375521919698	0	2.60262716622e-05	0.000126413319502	1.48721552356e-05	2.60262716622e-05	0.00794173089579	0.00453600734684	0.00721299528924	3.71803880889e-06	7.43607761778e-06	3.346234928e-05	0.00139426455333	0	0	0.000219364289724	6.32066597511e-05	0.00120092653527	0.000825404615573	0	0	7.06427373689e-05	0.0012566971174	3.71803880889e-06	0.00122323476812	0.000576296015378	7.43607761778e-06	0	0	0.000356931725653
0.000185901940444	0.0125929974457	0.00754761878204	0	6.32066597511e-05	3.71803880889e-06	0.00137567435929	0.00591539974494	0.00131618573835	0.0012975955443	0.0015876025714	0.0107228239248	0.00159503864901	0.00618681657799	0.000561423860142	7.80788149867e-05	2.60262716622e-05	0.00563654683428	0.00365483214914	0.00957394993289	0.00087002108128	0.00360649764462	0.00136452024286	0.00618681657799	0.000992716361973	0.00585962916281	0.0842842217587	0.0379091236954	0.00371060273127	0.000364367803271	0.005019352392	0.00292237850379	0.000178465862827	9.66690090311e-05	0.0108529552831	0.00010038704784	0.0141806000171	0.000163593707591	0	1.48721552356e-05	0	7.43607761778e-06	3.71803880889e-06	2.23082328533e-05	7.06427373689e-05	2.60262716622e-05	0.0023014660227	7.43607761778e-06	0.0027587847962	0.000137567435929	0	0.000360649764462	0.0015467041445	0.00010038704784	0.00130131358311	2.97443104711e-05	0.000208210173298	0.000226800367342	0.000364367803271	0.000308597221138	0.0107525682353	0.0144036823456	0.0224383642116	0.000159875668782	5.94886209422e-05	0.000107823125458	0.00170657981328	1.11541164267e-05	0	0.00122695280693	0.00859610572615	0.0040563803405	0.0133477593239	0.00165080923115	5.57705821333e-05	2.60262716622e-05	1.48721552356e-05	0.00149836963998	0.00257660089456	0.00353957294606	0.000304879182329	0	1.48721552356e-05	7.43607761778e-05
0.000193338018062	0.0161065441201	0.0150431850208	0	3.71803880889e-06	3.71803880889e-06	0.000171029785209	0.00318264122041	0.000739889722969	0.0054394907774	0.000237954483769	0.00298186712473	0.000739889722969	0.00268814205883	8.92329314133e-05	0.000442446618258	0.00815365910789	0.00430177090188	0.00046847288992	0.00544692685502	2.23082328533e-05	0.00307481809495	0.0140281604259	0.0101837082975	0.00588193739566	0.00568116329998	0.0379091236954	0.104688818742	0.00212671819868	0.000189619979253	0.00333136277276	0.000483345045156	3.71803880889e-06	4.08984268978e-05	0.00865559434709	0.000260262716622	0.0294468673664	0.000981562245547	0	4.08984268978e-05	0	2.23082328533e-05	1.11541164267e-05	2.97443104711e-05	5.57705821333e-05	6.32066597511e-05	0.0012120806517	2.60262716622e-05	0.00210812800464	0.000342059570418	0	0.00262121736027	0.00150208767879	2.60262716622e-05	0.00107451321577	7.80788149867e-05	0.00040154819136	0.00346893020869	0.00354700902368	0.00107079517696	0.00803839990482	0.00793057677936	0.0357117627594	0.000364367803271	0.000126413319502	0.000271416833049	0.000487063083964	7.43607761778e-06	3.71803880889e-06	0.00130874966073	0.00983421264951	0.000877457158898	0.0102097345692	0.00160619276544	0.000628348558702	3.346234928e-05	4.46164657067e-05	0.00385932428363	0.00307481809495	0.00262493539908	0.0006692469856	1.85901940444e-05	1.11541164267e-05	5.20525433244e-05
0.00237210876007	9.66690090311e-05	0.00371060273127	0	0.00578526838663	2.97443104711e-05	0.00181812097755	0.0302016292446	0.00463639439468	0.00879687982183	0.0112396313193	0.00452857126923	0.00224197740176	2.23082328533e-05	0.00300789339639	0.000992716361973	0.00307110005614	0.000888611275324	0.00207466565536	0.00369201253723	0.00198915076276	0.0164560397681	0.00382586193435	0.0071944050952	0.0185939120833	3.71803880889e-06	0.00371060273127	0.00212671819868	0.0903185987455	0.00312315259947	0.00688952591287	2.23082328533e-05	0.000620912481084	0.000483345045156	0.00731338233708	2.60262716622e-05	0.000613476403467	2.23082328533e-05	0	0.00302648359044	3.71803880889e-06	0.000185901940444	0.000159875668782	7.43607761778e-06	0.00537628411765	0.0041009968062	4.83345045156e-05	0.00215646250916	1.48721552356e-05	0.000145003513547	0.00010038704784	0.0045583155797	9.66690090311e-05	5.57705821333e-05	0.000152439591164	0.00576667819259	0.00185158332683	0.00520897237125	0.00192966214181	0.0144780431218	5.20525433244e-05	0.000282570949476	0.000632066597511	0.00458062381255	0.000539115627289	0.000137567435929	7.43607761778e-06	0	0.00030116114352	0.000847712848427	0.00929137898341	0.00229402994508	0.0159169241409	0.00662554515744	0.000739889722969	0.00123067084574	1.48721552356e-05	0.00211184604345	0.000576296015378	0.000981562245547	0.000286288988284	0.00026769879424	0	0
0.00759595328656	0	4.83345045156e-05	0	2.60262716622e-05	0	7.43607761778e-05	0.00471075517086	0.000743607761778	0.00279968322309	0.000553987782524	0.00258775501099	0.000249108600196	1.11541164267e-05	0.00544320881621	0.000308597221138	0	0.000524243472053	0.00076963403344	0.0012120806517	3.346234928e-05	0.00263237147669	1.11541164267e-05	0.000613476403467	0.000910919508178	3.71803880889e-06	0.000364367803271	0.000189619979253	0.00312315259947	0.0238995534635	0.00481486025751	0	0.000431292501831	0.00217877074201	0.00485947672322	0	3.346234928e-05	0	0	1.11541164267e-05	3.71803880889e-06	0	0	0	0.00238698091531	0	3.71803880889e-06	0	3.71803880889e-06	0	3.71803880889e-06	7.43607761778e-06	0	0	0	0	3.71803880889e-06	3.71803880889e-05	0	0.00240928914816	7.43607761778e-06	0	2.97443104711e-05	3.71803880889e-06	1.11541164267e-05	3.71803880889e-06	0	0	1.11541164267e-05	3.71803880889e-05	0.000620912481084	7.43607761778e-06	0.00458805989017	0.00146118925189	5.94886209422e-05	0.000442446618258	3.71803880889e-06	8.17968537956e-05	0	9.66690090311e-05	5.57705821333e-05	4.46164657067e-05	0	0
0.00596001621065	8.55148926044e-05	0.000896047352942	0	0	0	0	0.0124926103979	0.00258031893337	3.71803880889e-06	6.32066597511e-05	0.00119349045765	0	0	0.00434266932878	3.71803880889e-06	3.71803880889e-06	0.00562539271785	0.00087002108128	0.00369201253723	0	0.0113995069881	7.43607761778e-06	0.00587450131804	0	0	0.005019352392	0.00333136277276	0.00688952591287	0.00481486025751	0.0444974884648	0	3.71803880889e-06	0.000721299528924	0.0144259905785	0	0.000219364289724	7.43607761778e-06	0	0	0	0	0	0	3.71803880889e-06	0	7.43607761778e-06	0	0	7.43607761778e-06	0	1.48721552356e-05	7.43607761778e-06	3.71803880889e-06	0	0	4.46164657067e-05	0	8.92329314133e-05	2.23082328533e-05	0	0.000145003513547	0.00023423644496	7.43607761778e-06	1.48721552356e-05	3.71803880889e-06	3.71803880889e-06	0	0	4.08984268978e-05	6.32066597511e-05	6.692469856e-05	0.00583360289115	0.000148721552356	9.29509702222e-05	3.71803880889e-06	0	0.000282570949476	0.000286288988284	8.55148926044e-05	4.08984268978e-05	0	0	0
0	0.000420138385404	0	0	0	0	2.60262716622e-05	1.11541164267e-05	1.85901940444e-05	7.43607761778e-06	3.71803880889e-06	0.000527961510862	2.23082328533e-05	0.00185158332683	7.43607761778e-06	0	0	0	1.11541164267e-05	1.11541164267e-05	7.43607761778e-06	7.43607761778e-06	1.11541164267e-05	3.71803880889e-06	7.43607761778e-06	0.000799378343911	0.00292237850379	0.000483345045156	2.23082328533e-05	0	0	0.00308969025019	3.71803880889e-06	0	3.71803880889e-06	0	1.11541164267e-05	0	0	0	0	0	0	0	0	0	0.000356931725653	0	0.000557705821333	0	0	3.71803880889e-06	0	2.23082328533e-05	0	0	0	3.71803880889e-06	0	0	0.00100015243959	0.00122323476812	0.000817968537956	0	3.71803880889e-06	0	0.00040154819136	0	0	3.71803880889e-06	0.000345777609227	0.000360649764462	0.000211928212107	1.11541164267e-05	0	0	0	7.43607761778e-06	0.000111541164267	3.71803880889e-06	0	0	0	1.85901940444e-05
0	1.48721552356e-05	0	0	3.71803880889e-06	0.00174004216256	0.000784506188676	0.00036808584208	0.000475908967538	0.00020077409568	0.000832840693191	0.0014649072907	1.11541164267e-05	0.000230518406151	0.00189619979253	0.000111541164267	0	0	0.000241672522578	3.71803880889e-06	5.20525433244e-05	3.71803880889e-06	3.71803880889e-06	3.71803880889e-06	4.08984268978e-05	7.80788149867e-05	0.000178465862827	3.71803880889e-06	0.000620912481084	0.000431292501831	3.71803880889e-06	3.71803880889e-06	0.00659580084697	8.92329314133e-05	0.0021341542763	0	2.23082328533e-05	0	0	0	0	0	0	0	0.0001673117464	3.71803880889e-06	3.71803880889e-06	0	3.71803880889e-06	0	0	3.71803880889e-06	0	0	0	0	0	2.23082328533e-05	0	0.000156157629973	1.11541164267e-05	0	1.85901940444e-05	0	0	0	0	0	0	3.71803880889e-06	0.000293725065902	0.000107823125458	0.00298930320235	0.00131246769954	0.000520525433244	0.00291122438736	0.000122695280693	7.43607761778e-06	0	1.11541164267e-05	7.43607761778e-06	3.71803880889e-06	0	0
5.20525433244e-05	0	1.11541164267e-05	0	0	0	3.71803880889e-06	0.000587450131804	9.29509702222e-05	0.0005019352392	7.43607761778e-05	0.000799378343911	3.71803880889e-06	0	7.06427373689e-05	0	0	0.000148721552356	0.000226800367342	0.000416420346596	3.71803880889e-06	0.000643220713938	0	0.000163593707591	0.000215646250916	0	9.66690090311e-05	4.08984268978e-05	0.000483345045156	0.00217877074201	0.000721299528924	0	8.92329314133e-05	0.00336482512204	0.00174747824018	0	0	0	0	0	0	0	0	0	0.000498217200391	0	0	0	0	0	0	0	0	0	0	0	0	0	0	0.000479627006347	0	0	0	0	0	0	0	0	0	0	6.692469856e-05	0	0.0017140158909	0.000312315259947	3.71803880889e-06	0.000163593707591	0	0	0	0	0	7.43607761778e-06	0	0
0.00139054651452	0.000472190928729	0.00148349748475	0	5.94886209422e-05	0.000178465862827	0.00225313151819	0.00745466781182	0.00361021568343	0.000412702307787	0.00334251688919	0.0206388334281	0.0022159511301	0.000412702307787	0.00459549596779	9.29509702222e-05	2.60262716622e-05	0.0123327347291	0.00863328611424	0.0213824411899	0.00107451321577	0.00847712848427	8.55148926044e-05	0.0053948743117	0.000572577976569	0.000226800367342	0.0108529552831	0.00865559434709	0.00731338233708	0.00485947672322	0.0144259905785	3.71803880889e-06	0.0021341542763	0.00174747824018	0.054785301849	7.43607761778e-06	0.00139054651452	3.346234928e-05	0	2.23082328533e-05	0	0	3.71803880889e-06	3.71803880889e-06	0.000271416833049	4.08984268978e-05	4.08984268978e-05	0	4.08984268978e-05	1.48721552356e-05	0	8.17968537956e-05	6.692469856e-05	7.43607761778e-06	5.94886209422e-05	1.85901940444e-05	2.23082328533e-05	6.692469856e-05	0.000104105086649	0.000330905453991	0.000364367803271	0.0011711822248	0.00153555002807	7.43607761778e-06	1.11541164267e-05	7.43607761778e-06	3.71803880889e-06	3.71803880889e-06	0	4.83345045156e-05	0.00295212281426	0.000323469376373	0.0332169587186	0.000464754851111	5.57705821333e-05	0.00063578463632	0.000282570949476	0.00030116114352	0.000171029785209	0.000312315259947	4.08984268978e-05	3.71803880889e-06	3.71803880889e-06	1.48721552356e-05
