0.00671612122853	2.96050683877e-05	0.000270674910973	0	2.53757729037e-05	0	1.26878864519e-05	0.00188203649036	0.000321426456781	0.000186089001294	6.76687277433e-05	2.11464774198e-05	0	8.45859096792e-06	0.00267291474586	4.22929548396e-06	5.49808412915e-05	0.000401783070976	4.22929548396e-06	9.7273796131e-05	0	0.000300279979361	8.03566141952e-05	0.000545579117431	0.000215694069682	0	0.000283362797425	8.88152051631e-05	0.000422929548396	0.00543464469689	0.00368794566201	0	4.22929548396e-06	0.000934674301955	0.000655540800014	2.96050683877e-05	4.22929548396e-06	4.22929548396e-06	0	2.53757729037e-05	0	4.22929548396e-06	2.53757729037e-05	4.22929548396e-06	0.000198776887746	8.45859096792e-06	4.22929548396e-06	1.69171819358e-05	0	2.11464774198e-05	8.45859096792e-06	0	0	0	0	1.26878864519e-05	0	4.22929548396e-06	8.45859096792e-06	0.00016071322839	0	0	1.26878864519e-05	7.61273187112e-05	1.69171819358e-05	0	0	0	0	8.45859096792e-06	4.65222503235e-05	2.96050683877e-05	0.000291821388393	8.88152051631e-05	3.38343638717e-05	1.26878864519e-05	0	2.11464774198e-05	8.45859096792e-06	1.69171819358e-05	0	0	8.45859096792e-06	0
2.96050683877e-05	0.0272493508031	0.00340458286459	0	8.45859096792e-06	0	4.22929548396e-06	0.000186089001294	6.76687277433e-05	0.00162404946584	1.69171819358e-05	0.00024529913807	8.45859096792e-06	0.000422929548396	0.000122649569035	2.11464774198e-05	0.000892381347115	0.00176784551229	3.38343638717e-05	0.000989655143246	0	0.00020300618323	0.00599714099625	0.000960050074859	0.000757043891629	0.00178476269423	0.0098331120002	0.0171413345965	0.000308738570329	0.000249528433554	0.000317197161297	4.22929548396e-05	8.45859096792e-06	0.000109961682583	0.000926215710987	3.38343638717e-05	0.012006969879	0.00144218976003	0	4.22929548396e-05	0	2.53757729037e-05	8.45859096792e-05	5.49808412915e-05	0.00022415266065	5.49808412915e-05	0.000156483932906	1.69171819358e-05	6.34394322594e-05	3.80636593556e-05	0	0.000126878864519	0.0011334511897	3.80636593556e-05	0.000570954890334	3.80636593556e-05	0.000177630410326	0.00313390795361	0.000795107550984	0.000241069842586	0.000473681094203	0.00389095184524	0.010006513115	0.000143796046455	3.38343638717e-05	6.76687277433e-05	8.45859096792e-06	0	0	0.0004483053213	0.00121803709938	0.000765502482596	0.0007908782555	0.000249528433554	0.000109961682583	1.26878864519e-05	4.22929548396e-05	0.000685145868401	0.000807795437436	0.000604789254206	0.000105732387099	4.22929548396e-06	4.22929548396e-06	1.69171819358e-05
0.000270674910973	0.00340458286459	0.0438239598048	0	4.22929548396e-06	1.26878864519e-05	7.61273187112e-05	0.00312544936265	0.000845859096792	0.000232611251618	0.000109961682583	0.000482139685171	2.53757729037e-05	0.000131108160003	0.00123495428132	2.11464774198e-05	0.000625935731626	0.0183424545139	0.000114190978067	0.0013702917368	1.69171819358e-05	0.00260101672263	0.00266445615489	0.0194166955669	0.000617477140658	8.45859096792e-05	0.014620674488	0.0146756553293	0.00275327136006	0.00128147653164	0.00490598276139	8.45859096792e-06	5.49808412915e-05	0.000351031525169	0.00411933380138	5.92101367754e-05	0.00279133501941	0.00145910694197	0	3.80636593556e-05	0	1.69171819358e-05	0.000164942523874	8.03566141952e-05	0.000317197161297	7.18980232273e-05	7.18980232273e-05	1.26878864519e-05	2.53757729037e-05	7.18980232273e-05	0	0.00124341287228	0.00109538753035	2.53757729037e-05	0.000296050683877	2.53757729037e-05	0.00056672559485	0.00309584429426	0.0030577806349	0.000397553775492	3.80636593556e-05	0.00174669903487	0.00430119350719	0.000342572934201	4.22929548396e-05	0.000114190978067	0	0	4.22929548396e-06	0.000422929548396	0.00500325655752	0.00196662240004	0.00611979056529	0.00185243142197	0.000562496299366	0.000164942523874	0.000114190978067	0.00097273796131	0.000744356005177	0.000579413481302	0.000219923365166	2.11464774198e-05	1.69171819358e-05	8.45859096792e-06
0	0	0	0	0	0	0	0	0	0	0	0	0	0	0	0	0	0	0	0	0	0	0	0	0	0	0	0	0	0	0	0	0	0	0	0	0	0	0	0	0	0	0	0	0	0	0	0	0	0	0	0	0	0	0	0	0	0	0	0	0	0	0	0	0	0	0	0	0	0	0	0	0	0	0	0	0	0	0	0	0	0	0	0
2.53757729037e-05	8.45859096792e-06	4.22929548396e-06	0	0.0223306801553	0	0.00097273796131	0.00235994688005	0.00106578246196	0.00122649569035	0.00283785726974	0.000105732387099	0.00425467125686	4.22929548396e-05	0.000558267003882	0.000114190978067	1.26878864519e-05	1.26878864519e-05	1.26878864519e-05	2.96050683877e-05	0.00702063050337	2.53757729037e-05	1.69171819358e-05	2.96050683877e-05	0.00990078072795	4.22929548396e-06	5.07515458075e-05	2.96050683877e-05	0.00642007054465	0.00130262300906	8.03566141952e-05	0	2.96050683877e-05	0.000338343638717	0.0007908782555	9.30445006471e-05	0	4.22929548396e-06	0	0.00251643081296	0	0.000215694069682	3.38343638717e-05	8.88152051631e-05	0.00133222807745	0.0019243294452	1.26878864519e-05	0.0043773208259	4.22929548396e-06	6.76687277433e-05	2.11464774198e-05	4.22929548396e-06	0	4.22929548396e-06	4.22929548396e-06	0.00539658103753	8.45859096792e-06	0	1.26878864519e-05	0.00150562919229	0	4.22929548396e-06	0	0.000359490116136	7.61273187112e-05	4.22929548396e-06	0	0	0	8.03566141952e-05	0.00018185970581	1.26878864519e-05	0.00042715884388	0.000126878864519	0.000257987024521	5.49808412915e-05	8.45859096792e-06	5.49808412915e-05	2.11464774198e-05	7.18980232273e-05	1.26878864519e-05	1.69171819358e-05	8.45859096792e-06	0
0	0	1.26878864519e-05	0	0	0.00366256988911	0.00146756553293	5.92101367754e-05	0.000291821388393	1.26878864519e-05	3.38343638717e-05	5.92101367754e-05	8.45859096792e-06	5.49808412915e-05	0.000186089001294	0.000617477140658	4.22929548396e-06	8.45859096792e-06	4.22929548396e-06	8.45859096792e-06	1.69171819358e-05	4.22929548396e-06	4.22929548396e-06	2.11464774198e-05	1.26878864519e-05	4.22929548396e-06	1.69171819358e-05	4.22929548396e-06	2.11464774198e-05	0.000351031525169	2.11464774198e-05	4.22929548396e-06	0.00192010014972	1.69171819358e-05	0.000803566141952	0	4.22929548396e-06	0	0	1.26878864519e-05	0	0	0	0	3.80636593556e-05	8.45859096792e-06	0	8.45859096792e-06	0	0	0	0	4.22929548396e-06	0	0	1.26878864519e-05	0	0	4.22929548396e-06	2.11464774198e-05	0	8.45859096792e-06	1.26878864519e-05	4.22929548396e-06	0	0	0	0	0	0	6.34394322594e-05	8.45859096792e-06	0.000190318296778	7.18980232273e-05	0.000748585300661	0.00060901854969	4.22929548396e-06	4.22929548396e-06	0	8.45859096792e-06	4.22929548396e-06	0	0	0
1.26878864519e-05	4.22929548396e-06	7.61273187112e-05	0	0.00097273796131	0.00146756553293	0.0298376796393	0.00354414961556	0.0145656936468	0.000135337455487	0.00993038579633	0.000422929548396	0.00576875904012	0.000215694069682	0.00308738570329	0.00248259644908	2.96050683877e-05	6.76687277433e-05	3.38343638717e-05	7.18980232273e-05	0.00342995863749	7.18980232273e-05	4.65222503235e-05	0.000177630410326	0.000752814596145	3.38343638717e-05	0.000177630410326	2.96050683877e-05	0.0021611699923	0.00364142341169	0.000249528433554	8.45859096792e-06	0.00237686406198	0.000219923365166	0.00209773056004	2.11464774198e-05	0	0	0	8.03566141952e-05	0	4.22929548396e-06	3.38343638717e-05	2.53757729037e-05	0.00022415266065	3.38343638717e-05	4.22929548396e-06	2.53757729037e-05	0	2.53757729037e-05	4.22929548396e-06	8.45859096792e-06	8.45859096792e-06	0	0	6.76687277433e-05	1.26878864519e-05	1.69171819358e-05	8.45859096792e-06	0.000241069842586	4.22929548396e-06	0	8.45859096792e-06	7.18980232273e-05	8.45859096792e-06	8.45859096792e-06	0	0	0	8.45859096792e-06	0.000642852913562	9.7273796131e-05	0.00139989680519	0.000469451798719	0.00099388443873	0.00108269964389	5.49808412915e-05	2.11464774198e-05	0	2.53757729037e-05	1.26878864519e-05	1.69171819358e-05	8.45859096792e-06	4.22929548396e-06
0.00188203649036	0.000186089001294	0.00312544936265	0	0.00235994688005	5.92101367754e-05	0.00354414961556	0.059573856187	0.0126159884286	0.00171709396649	0.0116009575125	0.000871234869695	0.000532891230979	0.000296050683877	0.0113725755564	0.00020300618323	0.000287592092909	0.00423352477944	0.000148025341939	0.000820483323888	0.000520203344527	0.00479602107881	0.000270674910973	0.00679224854724	0.0048256261472	4.22929548396e-05	0.00292244317942	0.000727438823241	0.0237686406198	0.0152085465603	0.0168114495487	4.22929548396e-06	0.000262216320005	0.00637777758981	0.00872080728792	0.000215694069682	0.00016071322839	4.22929548396e-05	0	0.00126033005422	0	0.000131108160003	0.000355260820652	0.000262216320005	0.00405589436912	0.00132799878196	2.96050683877e-05	0.000913527824535	1.26878864519e-05	0.00020300618323	2.11464774198e-05	5.07515458075e-05	2.96050683877e-05	1.69171819358e-05	3.80636593556e-05	0.00153100496519	6.34394322594e-05	0.000114190978067	9.7273796131e-05	0.00455072194074	1.69171819358e-05	0.000164942523874	0.000169171819358	0.00107847034841	0.000143796046455	4.65222503235e-05	0	4.22929548396e-06	2.11464774198e-05	0.000122649569035	0.00186089001294	0.000338343638717	0.00546424976527	0.00190318296778	0.000613247845174	0.000312967865813	7.61273187112e-05	0.000169171819358	4.22929548396e-05	0.000156483932906	5.49808412915e-05	2.96050683877e-05	2.96050683877e-05	8.45859096792e-06
0.000321426456781	6.76687277433e-05	0.000845859096792	0	0.00106578246196	0.000291821388393	0.0145656936468	0.0126159884286	0.0434221767338	0.000604789254206	0.0120619507202	0.000960050074859	0.00230073674327	0.000477910389687	0.0164477301371	0.000883922756147	0.00016071322839	0.000926215710987	8.45859096792e-05	0.000312967865813	0.00300702908909	0.00058787207227	0.000177630410326	0.00132799878196	0.00159444439745	3.38343638717e-05	0.000879693460663	0.000249528433554	0.0050624666943	0.0112287795099	0.00402628930073	2.53757729037e-05	0.00197931028649	0.00160290298842	0.00490175346591	0.000109961682583	5.07515458075e-05	1.69171819358e-05	0	0.000351031525169	0	4.65222503235e-05	0.000207235478714	0.000126878864519	0.00139566750971	0.000317197161297	2.53757729037e-05	0.000122649569035	8.45859096792e-06	0.000122649569035	4.22929548396e-06	3.80636593556e-05	8.45859096792e-06	0	4.22929548396e-06	0.000338343638717	1.69171819358e-05	3.38343638717e-05	2.96050683877e-05	0.00179745058068	8.45859096792e-06	4.22929548396e-05	7.18980232273e-05	0.000575184185818	5.07515458075e-05	1.69171819358e-05	4.22929548396e-06	0	4.22929548396e-06	7.18980232273e-05	0.0010023430297	0.000169171819358	0.0027405834736	0.000875464165179	0.00042715884388	0.000871234869695	5.07515458075e-05	9.30445006471e-05	3.38343638717e-05	9.30445006471e-05	2.11464774198e-05	4.65222503235e-05	2.53757729037e-05	1.69171819358e-05
0.000186089001294	0.00162404946584	0.000232611251618	0	0.00122649569035	1.26878864519e-05	0.000135337455487	0.00171709396649	0.000604789254206	0.0238532265295	0.000486368980655	0.000131108160003	0.00185666071746	5.92101367754e-05	0.000782419664532	0.000228381956134	0.00152254637422	0.000211464774198	2.96050683877e-05	8.45859096792e-05	0.00109961682583	0.000367948707104	0.0050624666943	0.000359490116136	0.00875464165179	0.000118420273551	0.000486368980655	0.001450648351	0.00413625098331	0.00285900374716	0.00196662240004	8.45859096792e-06	2.53757729037e-05	0.00186934860391	0.00262216320005	0.000435617434848	5.92101367754e-05	3.80636593556e-05	0	0.00153946355616	4.22929548396e-06	0.000207235478714	0.000786648960016	0.000393324480008	0.00945670470213	0.00127724723616	9.30445006471e-05	0.00139989680519	2.53757729037e-05	0.000490598276139	4.65222503235e-05	5.92101367754e-05	2.96050683877e-05	0	1.26878864519e-05	0.00208504267359	8.03566141952e-05	0.000135337455487	0.00016071322839	0.00735051555112	2.96050683877e-05	8.03566141952e-05	0.000105732387099	0.00222038012908	0.000317197161297	0.000152254637422	0	4.22929548396e-06	2.11464774198e-05	0.000266445615489	0.000896610642599	0.000105732387099	0.00138297962325	0.000532891230979	0.00114190978067	0.000101503091615	8.45859096792e-06	0.000435617434848	9.7273796131e-05	0.000515974049043	0.000148025341939	5.92101367754e-05	9.30445006471e-05	8.45859096792e-06
6.76687277433e-05	1.69171819358e-05	0.000109961682583	0	0.00283785726974	3.38343638717e-05	0.00993038579633	0.0116009575125	0.0120619507202	0.000486368980655	0.040994561126	0.000520203344527	0.00400514282331	0.000236840547102	0.00381905382201	0.000270674910973	3.80636593556e-05	0.000105732387099	5.07515458075e-05	0.000126878864519	0.00398822564137	0.000139566750971	5.07515458075e-05	0.000190318296778	0.00186934860391	2.53757729037e-05	0.000342572934201	7.18980232273e-05	0.0104548184363	0.00527816076398	0.000397553775492	8.45859096792e-06	0.000219923365166	0.000617477140658	0.00310853218071	6.34394322594e-05	1.26878864519e-05	4.22929548396e-06	0	0.000410241661944	0	0.000109961682583	5.07515458075e-05	6.76687277433e-05	0.000824712619372	0.00130262300906	4.65222503235e-05	0.00123072498583	1.26878864519e-05	2.96050683877e-05	1.26878864519e-05	4.22929548396e-06	4.22929548396e-06	0	0	0.000913527824535	1.26878864519e-05	1.26878864519e-05	4.22929548396e-06	0.000862776278727	2.11464774198e-05	8.45859096792e-06	1.69171819358e-05	0.000177630410326	4.65222503235e-05	8.45859096792e-06	0	0	0	5.92101367754e-05	0.000680916572917	9.7273796131e-05	0.00175938692133	0.000418700252912	0.000135337455487	0.00016071322839	3.38343638717e-05	3.38343638717e-05	2.11464774198e-05	5.92101367754e-05	1.69171819358e-05	4.22929548396e-06	1.69171819358e-05	1.26878864519e-05
2.11464774198e-05	0.00024529913807	0.000482139685171	0	0.000105732387099	5.92101367754e-05	0.000422929548396	0.000871234869695	0.000960050074859	0.000131108160003	0.000520203344527	0.0290721771567	0.00018185970581	0.0109707924854	0.00131954019099	0.000109961682583	0.000190318296778	0.00121803709938	0.00315505443103	0.00620014717948	0.000325655752265	0.000279133501941	0.000118420273551	0.000947362188407	0.000342572934201	0.00210195985553	0.0103786911176	0.00171709396649	0.000824712619372	0.00417854393815	0.000532891230979	0.00106155316647	0.00024529913807	0.000528661935495	0.0127597844751	3.38343638717e-05	0.000211464774198	8.45859096792e-06	0	3.80636593556e-05	0	1.26878864519e-05	2.96050683877e-05	3.80636593556e-05	0.000190318296778	5.92101367754e-05	0.00102348950712	4.22929548396e-06	0.000482139685171	3.38343638717e-05	4.22929548396e-06	2.11464774198e-05	4.22929548396e-05	8.03566141952e-05	0.000143796046455	2.11464774198e-05	1.26878864519e-05	5.07515458075e-05	6.34394322594e-05	0.000219923365166	0.000570954890334	0.000579413481302	0.000515974049043	8.03566141952e-05	4.65222503235e-05	1.26878864519e-05	4.65222503235e-05	0	0	0.000194547592262	0.00253334799489	0.00270674910973	0.00672880911498	0.00131954019099	5.49808412915e-05	9.30445006471e-05	0.000249528433554	0.000152254637422	0.00102348950712	0.000296050683877	2.96050683877e-05	1.26878864519e-05	2.53757729037e-05	0.000253757729037
0	8.45859096792e-06	2.53757729037e-05	0	0.00425467125686	8.45859096792e-06	0.00576875904012	0.000532891230979	0.00230073674327	0.00185666071746	0.00400514282331	0.00018185970581	0.0263908038199	9.30445006471e-05	0.00081202473292	0.000888152051631	8.45859096792e-06	1.26878864519e-05	1.26878864519e-05	3.38343638717e-05	0.0111188178273	1.69171819358e-05	8.45859096792e-06	7.61273187112e-05	0.003032404862	2.11464774198e-05	7.18980232273e-05	5.07515458075e-05	0.000968508665826	0.00120957850841	1.69171819358e-05	4.22929548396e-06	7.61273187112e-05	6.76687277433e-05	0.00065131150453	0.000190318296778	8.45859096792e-06	0	0	0.000215694069682	0	0.00154369285164	2.11464774198e-05	0.000668228686465	0.000291821388393	0.00296896542974	9.30445006471e-05	0.00509630105817	1.69171819358e-05	0.00040601236646	5.92101367754e-05	4.22929548396e-06	1.69171819358e-05	0	4.22929548396e-06	0.000503286162591	1.26878864519e-05	0	4.22929548396e-05	0.000274904206457	1.69171819358e-05	2.96050683877e-05	2.96050683877e-05	5.92101367754e-05	0.000325655752265	0	0	8.45859096792e-06	0	0.000253757729037	0.000241069842586	3.80636593556e-05	0.000317197161297	0.000109961682583	0.000702063050337	5.07515458075e-05	4.22929548396e-06	0.000177630410326	4.22929548396e-05	0.000262216320005	4.22929548396e-05	9.7273796131e-05	4.65222503235e-05	1.26878864519e-05
8.45859096792e-06	0.000422929548396	0.000131108160003	0	4.22929548396e-05	5.49808412915e-05	0.000215694069682	0.000296050683877	0.000477910389687	5.92101367754e-05	0.000236840547102	0.0109707924854	9.30445006471e-05	0.0268433384367	0.000655540800014	5.92101367754e-05	5.49808412915e-05	0.000194547592262	0.000752814596145	0.00063016502711	0.000148025341939	8.88152051631e-05	8.88152051631e-05	0.000266445615489	0.000118420273551	0.00887306192534	0.00794684621436	0.00391209832266	0.000308738570329	0.00185666071746	0.000139566750971	0.00270674910973	0.000190318296778	0.000148025341939	0.00386557607234	5.92101367754e-05	0.00024529913807	2.11464774198e-05	0	1.26878864519e-05	0	2.96050683877e-05	4.22929548396e-05	4.65222503235e-05	8.88152051631e-05	5.92101367754e-05	0.00304932204393	2.96050683877e-05	0.00183128494455	0.000101503091615	0	2.53757729037e-05	2.96050683877e-05	0.000122649569035	0.000126878864519	4.22929548396e-06	5.07515458075e-05	2.96050683877e-05	0.000101503091615	0.000114190978067	0.00186089001294	0.00111653400776	0.000735897414209	7.18980232273e-05	8.88152051631e-05	3.38343638717e-05	0.000143796046455	0	0	0.000541349821947	0.00108692893938	0.00261370460909	0.00267291474586	0.000638623618078	4.22929548396e-06	5.07515458075e-05	0.00065131150453	0.000173401114842	0.00288015022458	0.00109115823486	0.000355260820652	1.26878864519e-05	2.96050683877e-05	0.0007908782555
0.00267291474586	0.000122649569035	0.00123495428132	0	0.000558267003882	0.000186089001294	0.00308738570329	0.0113725755564	0.0164477301371	0.000782419664532	0.00381905382201	0.00131954019099	0.00081202473292	0.000655540800014	0.0368752273246	0.000570954890334	0.000308738570329	0.00148871201035	0.000143796046455	0.000456763912267	0.00127301794067	0.000900839938083	0.000367948707104	0.00200891535488	0.00153523426068	0.000105732387099	0.0013449159639	0.000372178002588	0.00353992032007	0.0202033445269	0.00740972568789	2.11464774198e-05	0.00246144997166	0.0032438696362	0.00720249020918	0.000126878864519	7.61273187112e-05	4.22929548396e-05	0	0.000228381956134	0	5.49808412915e-05	0.000194547592262	0.000109961682583	0.00141681398713	0.000228381956134	4.65222503235e-05	0.000105732387099	1.26878864519e-05	0.000122649569035	4.22929548396e-06	3.80636593556e-05	8.45859096792e-06	4.22929548396e-06	4.22929548396e-06	0.000177630410326	1.69171819358e-05	7.18980232273e-05	5.92101367754e-05	0.00162404946584	1.69171819358e-05	4.65222503235e-05	0.000101503091615	0.000579413481302	6.76687277433e-05	2.11464774198e-05	4.22929548396e-06	0	0	0.000122649569035	0.00152677566971	0.000291821388393	0.00381905382201	0.00124341287228	0.000499056867107	0.000943132892923	6.76687277433e-05	0.000105732387099	5.07515458075e-05	0.000164942523874	4.65222503235e-05	4.65222503235e-05	2.11464774198e-05	1.26878864519e-05
4.22929548396e-06	2.11464774198e-05	2.11464774198e-05	0	0.000114190978067	0.000617477140658	0.00248259644908	0.00020300618323	0.000883922756147	0.000228381956134	0.000270674910973	0.000109961682583	0.000888152051631	5.92101367754e-05	0.000570954890334	0.00631856745303	2.53757729037e-05	2.11464774198e-05	1.69171819358e-05	2.96050683877e-05	0.000241069842586	4.22929548396e-06	2.53757729037e-05	0.000139566750971	0.000283362797425	1.26878864519e-05	8.45859096792e-05	4.65222503235e-05	0.000164942523874	0.000888152051631	2.11464774198e-05	4.22929548396e-06	0.00018185970581	2.96050683877e-05	0.000435617434848	4.22929548396e-06	0	0	0	2.96050683877e-05	0	0	4.22929548396e-06	4.22929548396e-06	5.92101367754e-05	8.45859096792e-06	0	2.11464774198e-05	4.22929548396e-06	8.45859096792e-06	0	8.45859096792e-06	4.22929548396e-06	0	0	2.53757729037e-05	1.26878864519e-05	0	4.65222503235e-05	5.92101367754e-05	0	4.22929548396e-06	1.26878864519e-05	1.69171819358e-05	4.22929548396e-06	4.22929548396e-06	0	0	0	1.26878864519e-05	0.000257987024521	3.80636593556e-05	0.000346802229685	0.00020300618323	0.00287169163361	8.45859096792e-05	1.69171819358e-05	3.38343638717e-05	8.45859096792e-06	3.38343638717e-05	2.11464774198e-05	0	0	0
5.49808412915e-05	0.000892381347115	0.000625935731626	0	1.26878864519e-05	4.22929548396e-06	2.96050683877e-05	0.000287592092909	0.00016071322839	0.00152254637422	3.80636593556e-05	0.000190318296778	8.45859096792e-06	5.49808412915e-05	0.000308738570329	2.53757729037e-05	0.0286661647903	0.000507515458075	8.45859096792e-06	0.000257987024521	8.45859096792e-06	0.0034003535691	0.0127048036338	0.00634394322594	0.0128697461577	2.96050683877e-05	0.000740126709693	0.00556152356141	0.00541772751495	0.00102348950712	0.00218654576521	0	8.45859096792e-06	0.000702063050337	0.00316774231748	0.00018185970581	0.000101503091615	0.000173401114842	0	2.96050683877e-05	0	5.07515458075e-05	0.0004483053213	8.03566141952e-05	0.00293513106587	5.92101367754e-05	3.38343638717e-05	2.53757729037e-05	1.26878864519e-05	0.000173401114842	4.22929548396e-06	0.00149717060132	9.30445006471e-05	4.22929548396e-06	1.26878864519e-05	2.53757729037e-05	0.000757043891629	0.00288860881554	0.00150985848777	0.001581756511	1.26878864519e-05	0.000122649569035	0.000283362797425	0.00145487764648	9.30445006471e-05	0.000460993207751	0	0	8.45859096792e-06	0.000207235478714	0.00370909213943	0.00101080162067	0.00263485108651	0.00159867369294	0.00060901854969	7.61273187112e-05	6.76687277433e-05	0.000456763912267	0.000152254637422	0.000253757729037	0.000114190978067	3.80636593556e-05	5.07515458075e-05	8.45859096792e-06
0.000401783070976	0.00176784551229	0.0183424545139	0	1.26878864519e-05	8.45859096792e-06	6.76687277433e-05	0.00423352477944	0.000926215710987	0.000211464774198	0.000105732387099	0.00121803709938	1.26878864519e-05	0.000194547592262	0.00148871201035	2.11464774198e-05	0.000507515458075	0.0414936179931	0.000262216320005	0.00702063050337	2.53757729037e-05	0.00480870896526	0.000803566141952	0.0187569254714	0.000545579117431	0.000152254637422	0.0174331559849	0.00838246364921	0.00238955194844	0.00187780719488	0.00787071889565	4.65222503235e-05	3.38343638717e-05	0.000431388139364	0.00825558478469	4.65222503235e-05	0.00173401114842	0.000435617434848	0	2.53757729037e-05	0	8.45859096792e-06	8.45859096792e-05	3.38343638717e-05	0.000291821388393	5.07515458075e-05	0.000114190978067	0	4.65222503235e-05	4.65222503235e-05	0	0.000215694069682	0.000558267003882	2.11464774198e-05	0.000372178002588	8.45859096792e-06	0.00020300618323	0.000714750936789	0.000596330663238	0.000304509274845	9.7273796131e-05	0.0018185970581	0.00215694069682	0.000198776887746	4.22929548396e-05	9.30445006471e-05	4.22929548396e-06	0	4.22929548396e-06	0.000249528433554	0.00336228990975	0.00170863537552	0.00620860577045	0.00162404946584	0.000300279979361	0.000139566750971	0.000126878864519	0.000410241661944	0.00038486588904	0.00036371941162	0.000109961682583	8.45859096792e-06	8.45859096792e-06	1.26878864519e-05
4.22929548396e-06	3.38343638717e-05	0.000114190978067	0	1.26878864519e-05	4.22929548396e-06	3.38343638717e-05	0.000148025341939	8.45859096792e-05	2.96050683877e-05	5.07515458075e-05	0.00315505443103	1.26878864519e-05	0.000752814596145	0.000143796046455	1.69171819358e-05	8.45859096792e-06	0.000262216320005	0.0077522986221	0.00265176826844	2.96050683877e-05	5.49808412915e-05	2.11464774198e-05	0.00022415266065	2.11464774198e-05	0.000431388139364	0.0052739314685	0.000465222503235	7.61273187112e-05	0.000452534616784	7.61273187112e-05	8.88152051631e-05	2.53757729037e-05	7.61273187112e-05	0.00147179482842	8.45859096792e-06	5.92101367754e-05	0	0	8.45859096792e-06	0	0	8.45859096792e-06	4.22929548396e-06	2.11464774198e-05	1.26878864519e-05	0.000507515458075	0	0.000169171819358	8.45859096792e-06	4.22929548396e-06	0	4.22929548396e-06	8.88152051631e-05	0.000126878864519	0	0	8.45859096792e-06	1.26878864519e-05	3.38343638717e-05	0.000351031525169	0.000592101367754	0.000410241661944	2.11464774198e-05	1.26878864519e-05	4.22929548396e-06	2.53757729037e-05	0	0	6.76687277433e-05	0.000604789254206	0.000680916572917	0.00109115823486	0.000198776887746	4.22929548396e-06	1.69171819358e-05	2.11464774198e-05	3.38343638717e-05	0.000228381956134	0.000109961682583	1.26878864519e-05	4.22929548396e-06	8.45859096792e-06	3.38343638717e-05
9.7273796131e-05	0.000989655143246	0.0013702917368	0	2.96050683877e-05	8.45859096792e-06	7.18980232273e-05	0.000820483323888	0.000312967865813	8.45859096792e-05	0.000126878864519	0.00620014717948	3.38343638717e-05	0.00063016502711	0.000456763912267	2.96050683877e-05	0.000257987024521	0.00702063050337	0.00265176826844	0.0270251981425	6.34394322594e-05	0.000613247845174	0.00022415266065	0.00249105504005	0.000215694069682	0.000570954890334	0.0183213080365	0.00361604763878	0.000541349821947	0.00124764216777	0.00129416441809	7.61273187112e-05	2.96050683877e-05	0.000215694069682	0.00987117565956	1.69171819358e-05	0.00128570582712	6.34394322594e-05	0	1.26878864519e-05	0	1.26878864519e-05	2.96050683877e-05	8.45859096792e-06	0.000114190978067	3.38343638717e-05	0.000435617434848	0	0.000164942523874	1.26878864519e-05	4.22929548396e-06	5.07515458075e-05	0.000131108160003	0.000143796046455	0.000473681094203	4.22929548396e-06	3.80636593556e-05	0.000101503091615	0.000118420273551	9.7273796131e-05	0.000465222503235	0.00216962858327	0.00170863537552	5.92101367754e-05	1.69171819358e-05	3.38343638717e-05	1.69171819358e-05	0	0	0.000177630410326	0.00400937211879	0.0028209400878	0.00524432640011	0.00132799878196	4.65222503235e-05	5.49808412915e-05	0.000101503091615	0.000232611251618	0.000380636593556	0.000279133501941	5.92101367754e-05	1.26878864519e-05	1.26878864519e-05	5.49808412915e-05
0	0	1.69171819358e-05	0	0.00702063050337	1.69171819358e-05	0.00342995863749	0.000520203344527	0.00300702908909	0.00109961682583	0.00398822564137	0.000325655752265	0.0111188178273	0.000148025341939	0.00127301794067	0.000241069842586	8.45859096792e-06	2.53757729037e-05	2.96050683877e-05	6.34394322594e-05	0.0186173587204	1.69171819358e-05	0	3.38343638717e-05	0.00377253157169	4.22929548396e-06	0.000114190978067	2.11464774198e-05	0.00174246973939	0.00199622746843	3.38343638717e-05	4.22929548396e-06	0.000114190978067	0.000101503091615	0.00107424105293	1.69171819358e-05	0	0	0	0.000194547592262	0	6.76687277433e-05	4.22929548396e-06	2.96050683877e-05	0.000270674910973	0.000380636593556	0	0.000638623618078	4.22929548396e-06	2.11464774198e-05	8.45859096792e-06	0	0	0	0	0.000511744753559	4.22929548396e-06	0	4.22929548396e-06	0.000236840547102	0	0	0	6.34394322594e-05	1.69171819358e-05	0	0	0	0	4.22929548396e-06	0.000164942523874	2.11464774198e-05	0.000477910389687	8.45859096792e-05	0.000249528433554	8.88152051631e-05	4.22929548396e-06	2.11464774198e-05	4.22929548396e-06	8.45859096792e-06	4.22929548396e-06	1.69171819358e-05	4.22929548396e-06	0
0.000300279979361	0.00020300618323	0.00260101672263	0	2.53757729037e-05	4.22929548396e-06	7.18980232273e-05	0.00479602107881	0.00058787207227	0.000367948707104	0.000139566750971	0.000279133501941	1.69171819358e-05	8.88152051631e-05	0.000900839938083	4.22929548396e-06	0.0034003535691	0.00480870896526	5.49808412915e-05	0.000613247845174	1.69171819358e-05	0.0429104319802	0.00256295306328	0.0231427048882	0.00222038012908	4.22929548396e-05	0.00225844378843	0.00131531089551	0.00907183881309	0.00421660759751	0.0180125694662	8.45859096792e-06	4.22929548396e-05	0.00302394627103	0.00533737090076	0.000139566750971	0.000135337455487	0.000118420273551	0	2.96050683877e-05	0	8.45859096792e-06	0.000274904206457	8.45859096792e-05	0.0017932212852	5.49808412915e-05	1.69171819358e-05	3.38343638717e-05	4.22929548396e-06	0.000118420273551	8.45859096792e-06	0.000981196552278	7.61273187112e-05	4.22929548396e-06	3.38343638717e-05	2.53757729037e-05	0.000697833754853	0.00149294130584	0.000452534616784	0.00118420273551	1.69171819358e-05	0.000156483932906	0.000241069842586	0.000989655143246	0.000139566750971	0.000460993207751	0	4.22929548396e-06	8.45859096792e-06	0.000135337455487	0.00228804885682	0.000655540800014	0.00386134677685	0.00177207480778	0.000604789254206	0.000164942523874	3.80636593556e-05	0.000312967865813	0.000126878864519	0.000143796046455	4.65222503235e-05	2.96050683877e-05	3.80636593556e-05	0
8.03566141952e-05	0.00599714099625	0.00266445615489	0	1.69171819358e-05	4.22929548396e-06	4.65222503235e-05	0.000270674910973	0.000177630410326	0.0050624666943	5.07515458075e-05	0.000118420273551	8.45859096792e-06	8.88152051631e-05	0.000367948707104	2.53757729037e-05	0.0127048036338	0.000803566141952	2.11464774198e-05	0.00022415266065	0	0.00256295306328	0.0391167539311	0.00725324175499	0.00841629801308	0.000308738570329	0.00139989680519	0.0132123190919	0.00298165331619	0.0012645593497	0.00178053339875	4.22929548396e-06	4.22929548396e-06	0.000917757120019	0.00280402290586	0.000241069842586	0.000300279979361	0.000731668118725	0	9.30445006471e-05	0	5.49808412915e-05	0.00060901854969	0.000156483932906	0.00509207176269	7.18980232273e-05	5.92101367754e-05	3.80636593556e-05	8.45859096792e-06	0.000232611251618	4.22929548396e-06	0.00510475964914	0.000283362797425	8.45859096792e-06	7.18980232273e-05	5.92101367754e-05	0.0018989536723	0.0115163716028	0.00502440303494	0.00306623922587	2.11464774198e-05	0.00024529913807	0.00251643081296	0.00253334799489	0.000143796046455	0.000867005574211	4.22929548396e-06	0	8.45859096792e-06	0.000490598276139	0.00212310633295	0.000706292345821	0.00159444439745	0.000778190369048	0.000329885047749	8.45859096792e-05	1.69171819358e-05	0.000960050074859	0.000418700252912	0.000579413481302	0.000241069842586	3.80636593556e-05	4.65222503235e-05	1.26878864519e-05
0.000545579117431	0.000960050074859	0.0194166955669	0	2.96050683877e-05	2.11464774198e-05	0.000177630410326	0.00679224854724	0.00132799878196	0.000359490116136	0.000190318296778	0.000947362188407	7.61273187112e-05	0.000266445615489	0.00200891535488	0.000139566750971	0.00634394322594	0.0187569254714	0.00022415266065	0.00249105504005	3.38343638717e-05	0.0231427048882	0.00725324175499	0.0790455325952	0.00235148828908	0.000118420273551	0.00836554646727	0.0114698493525	0.00805257860146	0.00341727075104	0.0146968018068	5.07515458075e-05	0.000101503091615	0.00135760385035	0.00946093399761	0.000105732387099	0.000503286162591	0.000524432640011	0	4.65222503235e-05	0	2.53757729037e-05	0.000291821388393	7.18980232273e-05	0.00117151484906	9.30445006471e-05	7.18980232273e-05	2.11464774198e-05	1.69171819358e-05	0.000114190978067	0	0.00381059523105	0.000329885047749	2.11464774198e-05	0.000126878864519	2.96050683877e-05	0.00153100496519	0.00707561134466	0.00532045371882	0.00142527257809	5.07515458075e-05	0.000638623618078	0.00183128494455	0.00109115823486	0.000126878864519	0.000524432640011	4.22929548396e-06	0	8.45859096792e-06	0.000482139685171	0.00911413176793	0.00260101672263	0.0141935156442	0.00651734434078	0.00282939867877	0.000499056867107	0.00022415266065	0.00111230471228	0.000592101367754	0.000706292345821	0.000359490116136	2.53757729037e-05	4.22929548396e-05	1.69171819358e-05
0.000215694069682	0.000757043891629	0.000617477140658	0	0.00990078072795	1.26878864519e-05	0.000752814596145	0.0048256261472	0.00159444439745	0.00875464165179	0.00186934860391	0.000342572934201	0.003032404862	0.000118420273551	0.00153523426068	0.000283362797425	0.0128697461577	0.000545579117431	2.11464774198e-05	0.000215694069682	0.00377253157169	0.00222038012908	0.00841629801308	0.00235148828908	0.0516777615185	2.96050683877e-05	0.000731668118725	0.00169594748907	0.0198227079333	0.00488906557946	0.00454649264526	1.26878864519e-05	8.03566141952e-05	0.00292244317942	0.00620014717948	0.000465222503235	8.03566141952e-05	0.000131108160003	0	0.00141681398713	0	0.000169171819358	0.00107001175744	0.000452534616784	0.00853894758211	0.00130685230454	8.45859096792e-05	0.000900839938083	2.11464774198e-05	0.000499056867107	3.38343638717e-05	0.000317197161297	6.76687277433e-05	4.22929548396e-06	1.69171819358e-05	0.0014760241239	0.000389095184524	0.000507515458075	0.00036371941162	0.00723632457305	2.11464774198e-05	0.000101503091615	0.000173401114842	0.0027405834736	0.000291821388393	0.000372178002588	0	0	2.53757729037e-05	0.000359490116136	0.00276172995102	0.00056672559485	0.00350185666072	0.00170440608004	0.00125610075874	0.000211464774198	8.03566141952e-05	0.000541349821947	0.000131108160003	0.00060901854969	0.000186089001294	8.03566141952e-05	0.000109961682583	1.26878864519e-05
0	0.00178476269423	8.45859096792e-05	0	4.22929548396e-06	4.22929548396e-06	3.38343638717e-05	4.22929548396e-05	3.38343638717e-05	0.000118420273551	2.53757729037e-05	0.00210195985553	2.11464774198e-05	0.00887306192534	0.000105732387099	1.26878864519e-05	2.96050683877e-05	0.000152254637422	0.000431388139364	0.000570954890334	4.22929548396e-06	4.22929548396e-05	0.000308738570329	0.000118420273551	2.96050683877e-05	0.0163462270455	0.0065384908182	0.00432233998461	5.07515458075e-05	0.000287592092909	3.80636593556e-05	0.0007908782555	2.11464774198e-05	3.80636593556e-05	0.000735897414209	3.80636593556e-05	0.001581756511	8.45859096792e-06	0	4.22929548396e-06	0	2.96050683877e-05	2.96050683877e-05	3.80636593556e-05	3.80636593556e-05	5.07515458075e-05	0.00292244317942	2.96050683877e-05	0.0016621131252	8.03566141952e-05	0	1.26878864519e-05	2.53757729037e-05	0.00018185970581	0.000334114343233	8.45859096792e-06	1.26878864519e-05	1.69171819358e-05	4.22929548396e-05	4.65222503235e-05	0.00422929548396	0.00192010014972	0.00213156492391	2.11464774198e-05	9.30445006471e-05	1.26878864519e-05	0.000148025341939	0	0	0.000549808412915	0.000325655752265	0.000663999390981	0.000524432640011	6.76687277433e-05	0	4.22929548396e-06	0.000228381956134	8.45859096792e-05	0.00246990856263	0.000799336846468	6.34394322594e-05	4.22929548396e-06	4.22929548396e-06	0.000702063050337
0.000283362797425	0.0098331120002	0.014620674488	0	5.07515458075e-05	1.69171819358e-05	0.000177630410326	0.00292244317942	0.000879693460663	0.000486368980655	0.000342572934201	0.0103786911176	7.18980232273e-05	0.00794684621436	0.0013449159639	8.45859096792e-05	0.000740126709693	0.0174331559849	0.0052739314685	0.0183213080365	0.000114190978067	0.00225844378843	0.00139989680519	0.00836554646727	0.000731668118725	0.0065384908182	0.0980096935452	0.0365707180498	0.00189472437681	0.00278287642844	0.00464799573687	0.00297742402071	9.7273796131e-05	0.000583642776786	0.0127217208157	0.000101503091615	0.0127217208157	0.000871234869695	0	7.18980232273e-05	0	5.49808412915e-05	0.000148025341939	8.45859096792e-05	0.000431388139364	0.000143796046455	0.00378099016266	4.65222503235e-05	0.00159021510197	0.000101503091615	4.22929548396e-06	0.00018185970581	0.00183974353552	0.000926215710987	0.00290975529296	5.07515458075e-05	0.000241069842586	0.000642852913562	0.000740126709693	0.000503286162591	0.00463530785042	0.0129712492493	0.0136183314583	0.000300279979361	0.000156483932906	9.7273796131e-05	0.000236840547102	0	4.22929548396e-06	0.00123495428132	0.00915642472277	0.00683031220659	0.00941441174729	0.00249951363102	0.000228381956134	0.000105732387099	0.000207235478714	0.00142950187358	0.00336651920523	0.00176361621681	0.000389095184524	4.65222503235e-05	3.80636593556e-05	0.000228381956134
8.88152051631e-05	0.0171413345965	0.0146756553293	0	2.96050683877e-05	4.22929548396e-06	2.96050683877e-05	0.000727438823241	0.000249528433554	0.001450648351	7.18980232273e-05	0.00171709396649	5.07515458075e-05	0.00391209832266	0.000372178002588	4.65222503235e-05	0.00556152356141	0.00838246364921	0.000465222503235	0.00361604763878	2.11464774198e-05	0.00131531089551	0.0132123190919	0.0114698493525	0.00169594748907	0.00432233998461	0.0365707180498	0.0890816507786	0.00124341287228	0.000909298529051	0.0012645593497	0.00148448271487	3.38343638717e-05	0.000351031525169	0.00559958722076	6.76687277433e-05	0.0111019006454	0.00173824044391	0	5.49808412915e-05	0	2.53757729037e-05	0.000156483932906	7.18980232273e-05	0.000346802229685	7.61273187112e-05	0.00122226639486	2.96050683877e-05	0.000537120526463	7.18980232273e-05	0	0.00225421449295	0.00175938692133	0.000321426456781	0.00120111991744	3.80636593556e-05	0.000718980232273	0.00634394322594	0.00440692589428	0.000460993207751	0.00193278803617	0.00682185361562	0.0115544352622	0.000410241661944	7.18980232273e-05	0.000156483932906	8.45859096792e-05	4.22929548396e-06	0	0.000892381347115	0.00820906253436	0.00383597100395	0.00707138204918	0.00229227815231	0.000765502482596	0.000143796046455	0.000135337455487	0.00154792214713	0.00186089001294	0.00127301794067	0.000355260820652	2.11464774198e-05	1.26878864519e-05	8.45859096792e-05
0.000422929548396	0.000308738570329	0.00275327136006	0	0.00642007054465	2.11464774198e-05	0.0021611699923	0.0237686406198	0.0050624666943	0.00413625098331	0.0104548184363	0.000824712619372	0.000968508665826	0.000308738570329	0.00353992032007	0.000164942523874	0.00541772751495	0.00238955194844	7.61273187112e-05	0.000541349821947	0.00174246973939	0.00907183881309	0.00298165331619	0.00805257860146	0.0198227079333	5.07515458075e-05	0.00189472437681	0.00124341287228	0.0694873248014	0.00999382522859	0.0142188914171	1.69171819358e-05	0.000219923365166	0.00496942219365	0.00987540495504	0.000532891230979	0.000152254637422	0.000148025341939	0	0.00197085169552	0	0.000241069842586	0.00101926021163	0.000579413481302	0.00894918924406	0.00175515762584	0.000118420273551	0.00123495428132	2.96050683877e-05	0.000655540800014	5.07515458075e-05	0.000355260820652	8.03566141952e-05	1.69171819358e-05	4.22929548396e-05	0.00213156492391	0.000452534616784	0.000414470957428	0.00040601236646	0.00783688453177	3.80636593556e-05	0.000169171819358	0.000262216320005	0.00299434120264	0.000507515458075	0.000482139685171	0	8.45859096792e-06	2.53757729037e-05	0.000439846730332	0.00351877384265	0.000706292345821	0.0062212936569	0.0025840995407	0.000955820779375	0.000359490116136	8.88152051631e-05	0.000723209527757	0.000169171819358	0.000693604459369	0.00020300618323	0.000135337455487	0.000109961682583	1.69171819358e-05
0.00543464469689	0.000249528433554	0.00128147653164	0	0.00130262300906	0.000351031525169	0.00364142341169	0.0152085465603	0.0112287795099	0.00285900374716	0.00527816076398	0.00417854393815	0.00120957850841	0.00185666071746	0.0202033445269	0.000888152051631	0.00102348950712	0.00187780719488	0.000452534616784	0.00124764216777	0.00199622746843	0.00421660759751	0.0012645593497	0.00341727075104	0.00488906557946	0.000287592092909	0.00278287642844	0.000909298529051	0.00999382522859	0.0629657511652	0.0162278067719	5.92101367754e-05	0.00247413785812	0.0187738426533	0.0271267012341	0.000414470957428	0.000114190978067	6.76687277433e-05	0	0.000562496299366	0	0.00018185970581	0.000642852913562	0.00038486588904	0.00429273491622	0.000490598276139	0.000126878864519	0.00016071322839	3.80636593556e-05	0.00040601236646	2.53757729037e-05	7.61273187112e-05	5.07515458075e-05	8.45859096792e-06	2.11464774198e-05	0.000274904206457	0.000126878864519	0.000126878864519	0.000190318296778	0.00434348646203	8.03566141952e-05	0.000131108160003	0.000177630410326	0.00179745058068	0.000287592092909	0.000143796046455	4.22929548396e-06	0	1.26878864519e-05	0.000274904206457	0.00602674606464	0.00102348950712	0.013301134297	0.00424621266589	0.000989655143246	0.00149294130584	0.00020300618323	0.000410241661944	0.000156483932906	0.000494827571623	0.000177630410326	8.45859096792e-05	0.000101503091615	3.80636593556e-05
