0.0196575064498	6.1599559382e-05	0.000112328608285	0	0.000144940139722	7.24700698611e-06	0.00138417833435	0.00916384033394	0.00732672406296	0.00163420007537	0.00087688784532	0.0014638954112	8.33405803403e-05	0.000134069629243	0.00928341594921	0.00022465721657	7.24700698611e-06	0.000362350349306	0.000387714873757	0.000826158796417	2.53645244514e-05	7.24700698611e-06	0.000192045685132	1.08705104792e-05	0.000619619097313	0.000137693132736	0.000728324202105	0.000895005362785	0.00121749717367	0.00717453691625	0.00528669159637	0	2.53645244514e-05	0	0.00200379743166	1.08705104792e-05	9.05875873264e-05	2.17410209583e-05	0	0	0	7.24700698611e-06	7.24700698611e-06	7.24700698611e-06	0.000663101139229	3.62350349306e-06	0	0	0	3.26115314375e-05	0	0.000239151230542	3.62350349306e-05	7.24700698611e-06	1.44940139722e-05	3.62350349306e-06	0.000123199118764	0.000264515754993	7.60935733542e-05	0.000264515754993	1.08705104792e-05	0.000148563643215	2.17410209583e-05	0.000257268748007	0.000137693132736	0.000217410209583	0	0	0.000105081601299	0.000202916195611	0.000402208887729	9.05875873264e-05	0.00126097921558	0.000170304664174	0.000202916195611	0.000134069629243	7.24700698611e-06	0.00074644171957	2.17410209583e-05	0.000181175174653	6.88465663681e-05	0	3.26115314375e-05	0
6.1599559382e-05	0.0172732411514	0.000681218656695	0	3.62350349306e-06	0	3.62350349306e-05	0.000170304664174	6.5223062875e-05	0.00120662666319	7.24700698611e-06	0.000322491810882	7.24700698611e-06	0.000753688726556	6.5223062875e-05	1.08705104792e-05	0.000452937936632	0.000264515754993	7.24700698611e-06	0.00107255703394	3.62350349306e-06	0.000144940139722	0.0027647331652	0.000347856335334	0.00132982578195	0.00202553845262	0.00485911818419	0.00983056497666	0.000246398237528	6.1599559382e-05	0.000181175174653	0.000163057657188	1.08705104792e-05	7.24700698611e-06	0.00105806301997	3.62350349306e-06	0.00622155549758	0.000264515754993	0	1.44940139722e-05	0	0	1.81175174653e-05	0	7.24700698611e-05	1.81175174653e-05	7.24700698611e-05	1.44940139722e-05	0.000351479838827	1.08705104792e-05	7.24700698611e-06	5.07290489028e-05	7.97170768473e-05	1.08705104792e-05	3.98585384236e-05	2.89880279445e-05	7.24700698611e-06	0.00013044612575	4.34820419167e-05	8.69640838334e-05	0.0028698147665	0.00255456996261	0.00602226280546	1.81175174653e-05	1.81175174653e-05	2.17410209583e-05	0.000155810650201	0	0	3.98585384236e-05	0.00201829144563	0.00079354726498	0.000815288285938	3.98585384236e-05	2.89880279445e-05	2.17410209583e-05	0.000123199118764	0.000612372090327	0.000971098936139	2.17410209583e-05	2.89880279445e-05	1.44940139722e-05	0	7.24700698611e-06
0.000112328608285	0.000681218656695	0.0390976026901	0	0	0	7.97170768473e-05	0.00330101168218	0.000195669188625	2.17410209583e-05	3.62350349306e-06	9.42110908195e-05	0	1.44940139722e-05	8.69640838334e-05	3.62350349306e-06	0.000137693132736	0.000895005362785	4.34820419167e-05	0.000155810650201	0	0.000452937936632	0.000221033713076	0.00854784474012	3.98585384236e-05	3.26115314375e-05	0.00702234976955	0.0134830564977	0.00534829115575	1.08705104792e-05	0.00112328608285	2.17410209583e-05	0	0	0.000561643041424	0.000108705104792	0.0128598138969	0.00744267617474	0	0	0	0	0.000235527727049	1.44940139722e-05	7.24700698611e-06	7.24700698611e-06	7.24700698611e-05	0	1.08705104792e-05	4.71055454097e-05	0	9.05875873264e-05	0.0053736556802	1.44940139722e-05	0.00128996724353	3.62350349306e-06	9.05875873264e-05	9.78345943125e-05	0.00354016291272	7.60935733542e-05	6.1599559382e-05	0.00595341623909	0.00519248050555	3.62350349306e-05	0.000123199118764	0.000144940139722	0	0	5.79760558889e-05	0.000351479838827	0.00169942313824	0.00118850914572	0.000702959677653	0.000166681160681	1.44940139722e-05	7.24700698611e-06	3.62350349306e-06	0.000340609328347	0.000449314433139	0.000166681160681	5.07290489028e-05	0	0	0
0	0	0	0	0	0	0	0	0	0	0	0	0	0	0	0	0	0	0	0	0	0	0	0	0	0	0	0	0	0	0	0	0	0	0	0	0	0	0	0	0	0	0	0	0	0	0	0	0	0	0	0	0	0	0	0	0	0	0	0	0	0	0	0	0	0	0	0	0	0	0	0	0	0	0	0	0	0	0	0	0	0	0	0
0.000144940139722	3.62350349306e-06	0	0	0.0193784966809	3.62350349306e-06	0.000851523320868	0.00079354726498	0.000416702901702	0.00128634374004	0.00225019566919	0.000134069629243	0.00725063048961	2.17410209583e-05	0.000159434153695	0.000322491810882	7.24700698611e-06	0	2.89880279445e-05	3.62350349306e-06	0.0108089109198	0	0.000115952111778	7.24700698611e-06	0.00937400353654	1.44940139722e-05	2.53645244514e-05	1.08705104792e-05	0.00885946604053	5.43525523959e-05	7.24700698611e-06	0	7.24700698611e-06	0	0.000202916195611	0	5.07290489028e-05	0	0	0.00131533176798	0	1.81175174653e-05	2.53645244514e-05	1.44940139722e-05	0.00155085949503	0.00039133837725	0	0.000365973852799	0	7.24700698611e-06	2.89880279445e-05	0	1.81175174653e-05	0	0	0.00139142534133	0	5.79760558889e-05	0	0.00265240455692	3.62350349306e-06	7.24700698611e-06	5.43525523959e-05	0.00143853088674	1.08705104792e-05	0	0	0	7.24700698611e-06	3.98585384236e-05	0.000159434153695	1.44940139722e-05	0.000336985824854	0.000170304664174	4.71055454097e-05	8.69640838334e-05	1.81175174653e-05	9.42110908195e-05	0	3.62350349306e-05	0	0.000181175174653	0	0
7.24700698611e-06	0	0	0	3.62350349306e-06	0.00550047830246	0.00231904223556	5.43525523959e-05	0.000934863901209	1.81175174653e-05	7.24700698611e-05	3.62350349306e-05	8.69640838334e-05	2.17410209583e-05	5.07290489028e-05	0.00122836768415	7.24700698611e-06	0	3.62350349306e-06	3.62350349306e-06	2.89880279445e-05	3.62350349306e-06	1.08705104792e-05	0	2.89880279445e-05	0	1.44940139722e-05	0	5.07290489028e-05	1.44940139722e-05	0	0	0.00246760587877	0	0.000587007565875	0	0	0	0	0	0	0	0	0	0	0	0	0	0	0	0	0	0	0	0	0	0	0	0	3.62350349306e-06	0	0	0	3.62350349306e-06	3.62350349306e-06	0	0	0	0	3.62350349306e-06	0.000333362321361	1.44940139722e-05	9.42110908195e-05	5.43525523959e-05	0.000554396034438	0.00159071803345	0	0	0	3.62350349306e-06	0	0	0	0
0.00138417833435	3.62350349306e-05	7.97170768473e-05	0	0.000851523320868	0.00231904223556	0.0447575151462	0.00808041278952	0.0246760587877	0.00181537525002	0.0129359074702	0.00283720323506	0.00806954227904	0.000369597356292	0.00402208887729	0.00460909644317	1.44940139722e-05	5.43525523959e-05	0.000855146824362	0.000634113111285	0.00209076151549	6.5223062875e-05	0.000217410209583	7.97170768473e-05	0.0014638954112	3.62350349306e-05	0.000891381859292	0.000384091370264	0.00289155578746	0.000608748586834	0.000423949908688	1.44940139722e-05	0.000956604922167	0	0.00398585384236	0	1.81175174653e-05	3.62350349306e-06	0	4.34820419167e-05	0	2.89880279445e-05	3.98585384236e-05	7.24700698611e-05	0.00048554946807	0.000108705104792	0	7.24700698611e-06	3.62350349306e-06	0.000228280720063	7.24700698611e-06	2.53645244514e-05	3.62350349306e-06	0	0	0.000173928167667	1.08705104792e-05	3.26115314375e-05	7.24700698611e-06	0.00034423283184	1.08705104792e-05	1.81175174653e-05	1.81175174653e-05	0.000217410209583	0.000322491810882	7.24700698611e-06	0	3.62350349306e-06	4.71055454097e-05	0.000282633272458	0.00169942313824	0.000279009768965	0.00431921616372	0.000800794271966	0.00286619126301	0.00205090297707	0.000144940139722	0.00013044612575	3.62350349306e-06	0.000159434153695	1.81175174653e-05	7.24700698611e-06	1.44940139722e-05	0
0.00916384033394	0.000170304664174	0.00330101168218	0	0.00079354726498	5.43525523959e-05	0.00808041278952	0.069661854654	0.0166934805925	0.0021922196133	0.00868916137635	0.00534466765226	0.00039133837725	0.000322491810882	0.00906962924312	0.000978345943125	4.34820419167e-05	0.00203278545961	0.00182262225701	0.00350755138128	0.000253645244514	0.000297127286431	0.000601501579848	0.00389526625504	0.00484462417022	0.00017755167116	0.0053229266313	0.00217047859234	0.0275821085892	0.00237701829145	0.012272806331	7.24700698611e-06	0.000119575615271	7.24700698611e-06	0.00878699597066	2.53645244514e-05	0.000184798678146	4.34820419167e-05	0	0.000119575615271	3.62350349306e-06	0.000297127286431	0.000902252369771	0.000463808447111	0.00157984752297	0.000416702901702	1.08705104792e-05	4.71055454097e-05	3.62350349306e-06	0.000891381859292	2.53645244514e-05	9.42110908195e-05	0.000148563643215	7.24700698611e-06	6.1599559382e-05	0.000257268748007	0.000123199118764	0.000195669188625	5.79760558889e-05	0.00233353624953	4.34820419167e-05	0.000275386265472	0.000148563643215	0.00115952111778	0.0010979215584	3.98585384236e-05	0	1.81175174653e-05	7.24700698611e-05	0.00118850914572	0.00259442850103	0.000601501579848	0.00878699597066	0.0024531118648	0.00137330782387	0.00127184972606	7.60935733542e-05	0.00021378670609	3.98585384236e-05	0.000895005362785	0.000119575615271	3.62350349306e-05	4.34820419167e-05	0
0.00732672406296	6.5223062875e-05	0.000195669188625	0	0.000416702901702	0.000934863901209	0.0246760587877	0.0166934805925	0.047475142766	0.000797170768473	0.00782314404151	0.00428298112879	0.00298576687828	0.000315244803896	0.0126931327362	0.00115227411079	2.53645244514e-05	0.000195669188625	0.00154723599154	0.0010942980549	0.000971098936139	0.000123199118764	0.000279009768965	0.000119575615271	0.000731947705598	5.43525523959e-05	0.00173565817317	0.00121025016668	0.00348581036032	0.000818911789431	0.00164144708235	1.81175174653e-05	0.000713830188132	0	0.00531930312781	3.62350349306e-06	9.78345943125e-05	1.08705104792e-05	0	4.34820419167e-05	0	7.97170768473e-05	0.000159434153695	0.000148563643215	0.000702959677653	0.000108705104792	3.62350349306e-06	1.08705104792e-05	1.44940139722e-05	0.000311621300403	7.24700698611e-06	7.60935733542e-05	3.26115314375e-05	3.62350349306e-06	1.08705104792e-05	0.000115952111778	4.71055454097e-05	9.05875873264e-05	3.98585384236e-05	0.000510913992521	3.26115314375e-05	0.000112328608285	3.98585384236e-05	0.000304374293417	0.000431196915674	2.53645244514e-05	3.62350349306e-06	7.24700698611e-06	8.33405803403e-05	0.000427573412181	0.00238064179494	0.000460184943618	0.00548598428849	0.00105081601299	0.00324665912978	0.00143853088674	0.000123199118764	0.000311621300403	1.44940139722e-05	0.000268139258486	4.71055454097e-05	3.62350349306e-06	3.98585384236e-05	0
0.00163420007537	0.00120662666319	2.17410209583e-05	0	0.00128634374004	1.81175174653e-05	0.00181537525002	0.0021922196133	0.000797170768473	0.0315534684175	5.79760558889e-05	0.000500043482042	0.00335536423457	3.62350349306e-05	0.00105081601299	0.00248572339624	0.000286256775952	3.26115314375e-05	3.62350349306e-05	9.05875873264e-05	0.000423949908688	4.34820419167e-05	0.00616720294518	4.34820419167e-05	0.0163782357886	0.000449314433139	0.000884134852306	0.000514537496014	0.0085079862017	0.00402571238079	0.00176102269763	0	1.81175174653e-05	3.62350349306e-05	0.00133344928545	0.000141316636229	0.000228280720063	6.5223062875e-05	0	0.000101458097806	3.62350349306e-06	7.24700698611e-06	0.000492796475056	1.81175174653e-05	0.00894643012436	3.62350349306e-06	2.89880279445e-05	7.24700698611e-06	3.62350349306e-06	0.000184798678146	2.17410209583e-05	0.00222120764124	4.71055454097e-05	1.44940139722e-05	7.24700698611e-06	5.43525523959e-05	0.00126460271908	0.00408731194017	0.00030799779691	0.0039641128214	5.43525523959e-05	0.000163057657188	0.00056889004841	0.00420326405195	0.000818911789431	0.000644983621764	0	0	0.000706583181146	0.00137330782387	0.00556207786184	0.00021378670609	0.00306548395513	0.00136968432038	0.000279009768965	9.78345943125e-05	7.24700698611e-06	0.00288793228397	0.000420326405195	0.00101095747456	0.000108705104792	6.88465663681e-05	7.24700698611e-06	0
0.00087688784532	7.24700698611e-06	3.62350349306e-06	0	0.00225019566919	7.24700698611e-05	0.0129359074702	0.00868916137635	0.00782314404151	5.79760558889e-05	0.0411702466881	0.00623967301504	0.00530843261733	0.00022465721657	0.00117401513175	0.000329738817868	3.62350349306e-06	3.62350349306e-06	0.00312708351451	0.000217410209583	0.00499681131693	1.81175174653e-05	1.81175174653e-05	2.17410209583e-05	0.000257268748007	0.000148563643215	0.00183711627098	3.26115314375e-05	0.00604400382642	7.97170768473e-05	3.26115314375e-05	7.24700698611e-06	0.000134069629243	0	0.00686291561585	0	0	0	0	8.33405803403e-05	0	0	7.24700698611e-06	0	0.00017755167116	0.000155810650201	0	3.62350349306e-05	7.24700698611e-06	3.62350349306e-06	0	0	0	0	0	0.000358726845813	0	0	0	0.000471055454097	1.44940139722e-05	7.24700698611e-06	3.62350349306e-06	0.000365973852799	3.62350349306e-06	0	3.62350349306e-06	0	3.62350349306e-06	3.62350349306e-06	0.00125735571209	0.00013044612575	0.00768545090877	0.00130083775401	0.000583384062382	0.0013588138099	9.05875873264e-05	2.89880279445e-05	0	0	0	1.08705104792e-05	0	0
0.0014638954112	0.000322491810882	9.42110908195e-05	0	0.000134069629243	3.62350349306e-05	0.00283720323506	0.00534466765226	0.00428298112879	0.000500043482042	0.00623967301504	0.0437429341682	0.0013551903064	0.00671072846914	0.00274299214424	5.43525523959e-05	0.000163057657188	0.00339884627649	0.0107654288779	0.01383815984	0.000757312230049	0.00101095747456	0.000362350349306	0.000786300257993	0.000358726845813	0.00341696379395	0.0133344928545	0.00360538597559	0.00217047859234	0.000753688726556	0.00177189320811	0.000663101139229	0.000532655013479	0	0.0224802156709	2.53645244514e-05	9.42110908195e-05	3.62350349306e-05	0	1.08705104792e-05	0	7.24700698611e-06	0.000123199118764	3.98585384236e-05	0.000239151230542	9.78345943125e-05	0.00239513580891	7.24700698611e-06	0.0023987593124	0.000184798678146	0	0.000199292692118	1.81175174653e-05	0.000126822622257	6.88465663681e-05	5.79760558889e-05	2.53645244514e-05	0.000279009768965	6.1599559382e-05	0.000228280720063	0.00158347102647	0.000920369887237	0.000547149027452	0.000181175174653	0.0002608922515	6.1599559382e-05	0.00013044612575	0	2.53645244514e-05	0.00035510334232	0.00379018465374	0.00530118561034	0.0187552540801	0.00102907499203	0.000565266544917	0.000460184943618	0.000909499376757	0.000206539699104	0.000347856335334	0.000452937936632	3.62350349306e-05	0	3.62350349306e-06	0
8.33405803403e-05	7.24700698611e-06	0	0	0.00725063048961	8.69640838334e-05	0.00806954227904	0.00039133837725	0.00298576687828	0.00335536423457	0.00530843261733	0.0013551903064	0.0299120213352	0.000195669188625	0.000797170768473	0.00360538597559	1.08705104792e-05	7.24700698611e-06	0.000648607125257	1.81175174653e-05	0.0137475722527	1.08705104792e-05	0.000289880279445	2.17410209583e-05	0.00619981447662	2.53645244514e-05	0.00061599559382	2.17410209583e-05	0.00330101168218	0.000271762761979	0.00022465721657	3.62350349306e-06	0.000105081601299	0	0.00160521204742	0	3.62350349306e-06	0	0	2.53645244514e-05	0	0.000340609328347	1.08705104792e-05	1.08705104792e-05	6.88465663681e-05	0.000119575615271	0	0.00139867234832	1.08705104792e-05	0.000123199118764	2.53645244514e-05	0	0	3.62350349306e-06	0	0.000431196915674	0	1.08705104792e-05	0	0.000210163202597	1.44940139722e-05	7.24700698611e-06	1.08705104792e-05	8.69640838334e-05	0.000210163202597	0	3.62350349306e-06	0	0	9.05875873264e-05	0.000510913992521	9.05875873264e-05	0.00282270922109	0.000590631069368	0.000681218656695	0.000775429747514	0.00013044612575	2.17410209583e-05	0	0.000108705104792	1.44940139722e-05	0.000137693132736	7.24700698611e-06	0
0.000134069629243	0.000753688726556	1.44940139722e-05	0	2.17410209583e-05	2.17410209583e-05	0.000369597356292	0.000322491810882	0.000315244803896	3.62350349306e-05	0.00022465721657	0.00671072846914	0.000195669188625	0.016983360872	0.00034423283184	1.44940139722e-05	2.53645244514e-05	5.43525523959e-05	0.000163057657188	0.000181175174653	0.000115952111778	4.34820419167e-05	0.000105081601299	6.88465663681e-05	2.17410209583e-05	0.00748978172015	0.00645708322463	0.00524683305795	9.42110908195e-05	3.98585384236e-05	3.62350349306e-06	0.000579760558889	0.000123199118764	0	0.00116676812476	1.44940139722e-05	0.00035510334232	1.08705104792e-05	0	0	0	1.44940139722e-05	2.89880279445e-05	0	1.81175174653e-05	7.97170768473e-05	0.00285532075253	1.08705104792e-05	0.00450763834536	7.97170768473e-05	0	0	3.62350349306e-06	0.000242774734035	3.26115314375e-05	3.98585384236e-05	0	0	0	2.17410209583e-05	0.00376482012929	0.00192408035481	0.00159071803345	2.17410209583e-05	0.000115952111778	1.08705104792e-05	0.000413079398209	0	3.62350349306e-06	0.000163057657188	0.000601501579848	0.00192770385831	0.00143490738325	3.98585384236e-05	6.1599559382e-05	8.69640838334e-05	0.000644983621764	5.79760558889e-05	0.000405832391222	0.000297127286431	3.62350349306e-06	0	0	0
0.00928341594921	6.5223062875e-05	8.69640838334e-05	0	0.000159434153695	5.07290489028e-05	0.00402208887729	0.00906962924312	0.0126931327362	0.00105081601299	0.00117401513175	0.00274299214424	0.000797170768473	0.00034423283184	0.0260674841291	0.000431196915674	2.53645244514e-05	0.000264515754993	0.000206539699104	0.000670348146216	0.000333362321361	0.000108705104792	0.000188422181639	6.1599559382e-05	0.000503666985535	6.88465663681e-05	0.00087688784532	0.000811664782445	0.000992839957098	0.00388077224106	0.00298214337479	7.24700698611e-06	0.000771806244021	3.62350349306e-06	0.00394237180045	1.44940139722e-05	6.1599559382e-05	3.62350349306e-06	0	0	0	7.24700698611e-06	7.24700698611e-06	1.81175174653e-05	0.000431196915674	1.08705104792e-05	0	3.62350349306e-06	0	6.88465663681e-05	0	0.000148563643215	1.44940139722e-05	0	7.24700698611e-06	1.08705104792e-05	9.42110908195e-05	0.000188422181639	6.5223062875e-05	0.000173928167667	1.81175174653e-05	5.79760558889e-05	3.26115314375e-05	0.00013044612575	0.000184798678146	9.42110908195e-05	0	0	0.000112328608285	0.000210163202597	0.00129359074702	0.000239151230542	0.00228643070412	0.00056889004841	0.000293503782938	0.000481925964577	5.43525523959e-05	0.000507290489028	1.81175174653e-05	9.05875873264e-05	1.44940139722e-05	0	2.53645244514e-05	0
0.00022465721657	1.08705104792e-05	3.62350349306e-06	0	0.000322491810882	0.00122836768415	0.00460909644317	0.000978345943125	0.00115227411079	0.00248572339624	0.000329738817868	5.43525523959e-05	0.00360538597559	1.44940139722e-05	0.000431196915674	0.0120481491144	3.98585384236e-05	7.24700698611e-06	1.44940139722e-05	7.24700698611e-06	0.000322491810882	4.71055454097e-05	0.000264515754993	2.89880279445e-05	0.00183711627098	3.62350349306e-06	5.79760558889e-05	4.71055454097e-05	0.00107618053744	0.000336985824854	0.000184798678146	0	0.000452937936632	0	0.000137693132736	3.62350349306e-06	7.24700698611e-06	3.26115314375e-05	0	1.44940139722e-05	0	2.89880279445e-05	0.000413079398209	2.17410209583e-05	0.000326115314375	1.81175174653e-05	3.62350349306e-06	2.53645244514e-05	7.24700698611e-06	0.000166681160681	0	3.98585384236e-05	0	3.62350349306e-06	3.62350349306e-06	1.81175174653e-05	0.00017755167116	0.000217410209583	7.24700698611e-05	0.000336985824854	7.24700698611e-06	1.44940139722e-05	2.17410209583e-05	0.00100733397107	0.000210163202597	7.24700698611e-06	3.62350349306e-06	0	2.17410209583e-05	0.000279009768965	0.000489172971563	5.79760558889e-05	0.000956604922167	0.000318868307389	0.00022465721657	0.000112328608285	7.24700698611e-06	0.000239151230542	7.24700698611e-06	0.000365973852799	0.000246398237528	1.44940139722e-05	5.07290489028e-05	0
7.24700698611e-06	0.000452937936632	0.000137693132736	0	7.24700698611e-06	7.24700698611e-06	1.44940139722e-05	4.34820419167e-05	2.53645244514e-05	0.000286256775952	3.62350349306e-06	0.000163057657188	1.08705104792e-05	2.53645244514e-05	2.53645244514e-05	3.98585384236e-05	0.0266689857089	0.000202916195611	5.07290489028e-05	0.000217410209583	3.62350349306e-06	0.00221033713076	0.0149868104473	0.00722526596516	0.00671797547613	0.000119575615271	0.00021378670609	0.00643534220367	0.00419964054845	3.62350349306e-05	0.000626866104299	0	7.24700698611e-06	3.62350349306e-06	0.000474678957591	1.81175174653e-05	0.000206539699104	0.000242774734035	0	0	3.62350349306e-06	0	0	1.08705104792e-05	5.43525523959e-05	3.62350349306e-06	3.62350349306e-06	0	3.62350349306e-06	7.97170768473e-05	3.62350349306e-06	0.00333724671711	3.62350349306e-06	0	0	0	0.00138417833435	0.00533017363829	0.0029241673189	0.000126822622257	0	3.98585384236e-05	0.00167768211729	2.89880279445e-05	4.71055454097e-05	0.000105081601299	3.62350349306e-06	0	1.44940139722e-05	8.69640838334e-05	0.00298939038177	0.00069933617416	0.000916746383744	0.000333362321361	4.34820419167e-05	1.44940139722e-05	1.08705104792e-05	5.79760558889e-05	2.53645244514e-05	2.89880279445e-05	1.81175174653e-05	3.62350349306e-06	0	0
0.000362350349306	0.000264515754993	0.000895005362785	0	0	0	5.43525523959e-05	0.00203278545961	0.000195669188625	3.26115314375e-05	3.62350349306e-06	0.00339884627649	7.24700698611e-06	5.43525523959e-05	0.000264515754993	7.24700698611e-06	0.000202916195611	0.0193168971215	0.00124648520161	0.00967837782996	0	0.000605125083341	0.000163057657188	0.005739629533	7.24700698611e-05	5.43525523959e-05	0.00352204539525	0.00145302490072	0.000967475432646	0.000300750789924	0.00311983650752	2.17410209583e-05	3.62350349306e-06	7.24700698611e-06	0.0080912833	0	0.000565266544917	3.26115314375e-05	0	0	0	0	0	0	3.62350349306e-06	1.81175174653e-05	3.26115314375e-05	0	3.62350349306e-05	0	0	2.17410209583e-05	0.000184798678146	1.08705104792e-05	0.000322491810882	1.08705104792e-05	3.62350349306e-06	2.17410209583e-05	3.62350349306e-05	7.24700698611e-06	0.000728324202105	0.00206177348755	0.000905875873264	3.62350349306e-06	3.62350349306e-06	1.44940139722e-05	3.62350349306e-06	0	1.08705104792e-05	0.000105081601299	0.000764559237035	0.00192045685132	0.00169217613126	0.00043844392266	3.62350349306e-06	3.62350349306e-06	0	3.62350349306e-05	0.00017755167116	5.07290489028e-05	0	0	0	0
0.000387714873757	7.24700698611e-06	4.34820419167e-05	0	2.89880279445e-05	3.62350349306e-06	0.000855146824362	0.00182262225701	0.00154723599154	3.62350349306e-05	0.00312708351451	0.0107654288779	0.000648607125257	0.000163057657188	0.000206539699104	1.44940139722e-05	5.07290489028e-05	0.00124648520161	0.0121314896948	0.00525770356843	0.000300750789924	0.0002608922515	9.78345943125e-05	0.00034423283184	3.26115314375e-05	3.62350349306e-05	0.00374307910833	9.42110908195e-05	0.000811664782445	0.000184798678146	0.000713830188132	5.79760558889e-05	1.08705104792e-05	0	0.00768182740528	0	1.81175174653e-05	0	0	3.62350349306e-06	0	0	5.07290489028e-05	2.89880279445e-05	3.62350349306e-05	2.17410209583e-05	1.81175174653e-05	0	1.44940139722e-05	6.88465663681e-05	0	5.43525523959e-05	0	0	0	1.44940139722e-05	0	5.79760558889e-05	0	5.07290489028e-05	9.05875873264e-05	8.69640838334e-05	0.000123199118764	6.88465663681e-05	7.24700698611e-05	7.24700698611e-06	3.62350349306e-06	0	3.62350349306e-06	8.69640838334e-05	0.000532655013479	0.000199292692118	0.00666724642723	0.000300750789924	0.000155810650201	3.98585384236e-05	3.62350349306e-06	1.81175174653e-05	3.62350349306e-06	8.69640838334e-05	1.44940139722e-05	0	0	0
0.000826158796417	0.00107255703394	0.000155810650201	0	3.62350349306e-06	3.62350349306e-06	0.000634113111285	0.00350755138128	0.0010942980549	9.05875873264e-05	0.000217410209583	0.01383815984	1.81175174653e-05	0.000181175174653	0.000670348146216	7.24700698611e-06	0.000217410209583	0.00967837782996	0.00525770356843	0.0316875380468	1.81175174653e-05	0.000949357915181	0.000358726845813	0.00200379743166	0.000199292692118	7.60935733542e-05	0.0124720990231	0.00419601704496	0.00196756239673	0.000655854132243	0.00386627822709	5.07290489028e-05	1.44940139722e-05	7.24700698611e-06	0.0165557874598	3.62350349306e-06	0.00124648520161	2.89880279445e-05	0	3.62350349306e-06	0	0	0	0	2.53645244514e-05	3.62350349306e-05	6.88465663681e-05	7.24700698611e-06	3.26115314375e-05	0	0	0.000105081601299	3.26115314375e-05	5.07290489028e-05	0.000210163202597	2.89880279445e-05	1.44940139722e-05	0.000115952111778	6.1599559382e-05	1.08705104792e-05	0.0021414905644	0.00305461344465	0.00197843290721	1.08705104792e-05	1.08705104792e-05	1.08705104792e-05	3.62350349306e-06	0	1.44940139722e-05	3.62350349306e-05	0.00439168623359	0.00234440676001	0.00971461286489	0.000786300257993	0.000250021741021	7.97170768473e-05	0	5.79760558889e-05	9.42110908195e-05	3.98585384236e-05	3.62350349306e-06	0	0	0
2.53645244514e-05	3.62350349306e-06	0	0	0.0108089109198	2.89880279445e-05	0.00209076151549	0.000253645244514	0.000971098936139	0.000423949908688	0.00499681131693	0.000757312230049	0.0137475722527	0.000115952111778	0.000333362321361	0.000322491810882	3.62350349306e-06	0	0.000300750789924	1.81175174653e-05	0.0208242745746	0	9.78345943125e-05	0	0.0053736556802	2.17410209583e-05	0.000340609328347	3.62350349306e-06	0.00407644142969	1.44940139722e-05	3.62350349306e-06	3.62350349306e-06	6.1599559382e-05	0	0.000895005362785	0	3.62350349306e-06	0	0	1.44940139722e-05	0	0	0	3.62350349306e-06	5.79760558889e-05	2.17410209583e-05	0	7.24700698611e-06	3.62350349306e-06	0	0	0	0	0	0	3.98585384236e-05	0	0	0	5.43525523959e-05	7.24700698611e-06	3.62350349306e-06	3.62350349306e-06	4.34820419167e-05	0	0	0	0	0	0	0.000217410209583	4.71055454097e-05	0.00171391715222	0.000351479838827	0.000503666985535	0.000637736614778	9.78345943125e-05	1.08705104792e-05	0	3.62350349306e-06	3.62350349306e-06	7.24700698611e-06	0	0
7.24700698611e-06	0.000144940139722	0.000452937936632	0	0	3.62350349306e-06	6.5223062875e-05	0.000297127286431	0.000123199118764	4.34820419167e-05	1.81175174653e-05	0.00101095747456	1.08705104792e-05	4.34820419167e-05	0.000108705104792	4.71055454097e-05	0.00221033713076	0.000605125083341	0.0002608922515	0.000949357915181	0	0.0351661014001	0.00166318810331	0.0179508363046	0.00087688784532	3.98585384236e-05	0.000963851929153	0.0013044612575	0.00840652810389	0.000757312230049	0.00706220830797	3.62350349306e-06	2.53645244514e-05	0.000380467866771	0.00689915065078	0.000123199118764	0.000402208887729	0.000271762761979	0	0	0	7.24700698611e-06	2.17410209583e-05	9.78345943125e-05	2.89880279445e-05	7.24700698611e-06	1.08705104792e-05	3.62350349306e-06	7.24700698611e-06	0.000231904223556	0	0.000895005362785	6.5223062875e-05	3.62350349306e-06	3.26115314375e-05	0	0.00134069629243	0.00200379743166	0.00142766037626	9.05875873264e-05	1.08705104792e-05	0.000217410209583	0.000376844363278	1.44940139722e-05	0.000202916195611	0.00104719250949	3.62350349306e-06	0	0.000271762761979	0.000431196915674	0.00235527727049	0.00144940139722	0.00705133779749	0.0038119256747	0.000268139258486	7.24700698611e-05	1.08705104792e-05	0.000384091370264	0.000123199118764	6.88465663681e-05	1.81175174653e-05	0	0	0
0.000192045685132	0.0027647331652	0.000221033713076	0	0.000115952111778	1.08705104792e-05	0.000217410209583	0.000601501579848	0.000279009768965	0.00616720294518	1.81175174653e-05	0.000362350349306	0.000289880279445	0.000105081601299	0.000188422181639	0.000264515754993	0.0149868104473	0.000163057657188	9.78345943125e-05	0.000358726845813	9.78345943125e-05	0.00166318810331	0.0381953503203	0.00780865002754	0.00707670232194	0.00105806301997	0.000416702901702	0.00903701771169	0.00257268748007	0.000300750789924	0.000634113111285	0	1.08705104792e-05	1.81175174653e-05	0.00092399339073	2.17410209583e-05	0.00243861785083	0.000221033713076	0	0	3.62350349306e-06	0	3.62350349306e-06	2.17410209583e-05	4.34820419167e-05	3.62350349306e-06	7.24700698611e-06	0	2.17410209583e-05	7.60935733542e-05	7.24700698611e-06	0.00759123981796	0.000231904223556	0	2.53645244514e-05	0	0.00369235005943	0.0117836333594	0.0055838188828	0.000166681160681	6.1599559382e-05	0.000163057657188	0.00426486361133	0.000170304664174	5.79760558889e-05	3.26115314375e-05	7.24700698611e-06	0	1.08705104792e-05	4.71055454097e-05	0.00541351421863	0.001043569006	0.00229367771111	0.00142766037626	0.000123199118764	3.62350349306e-05	2.53645244514e-05	8.69640838334e-05	6.88465663681e-05	5.79760558889e-05	2.89880279445e-05	7.24700698611e-06	0	0
1.08705104792e-05	0.000347856335334	0.00854784474012	0	7.24700698611e-06	0	7.97170768473e-05	0.00389526625504	0.000119575615271	4.34820419167e-05	2.17410209583e-05	0.000786300257993	2.17410209583e-05	6.88465663681e-05	6.1599559382e-05	2.89880279445e-05	0.00722526596516	0.005739629533	0.00034423283184	0.00200379743166	0	0.0179508363046	0.00780865002754	0.0667521813491	0.000286256775952	0.00013044612575	0.00470330753399	0.00945372061339	0.00782314404151	0.000134069629243	0.0048518711772	7.24700698611e-06	7.24700698611e-06	0.000101458097806	0.00561280691075	9.78345943125e-05	0.00118126213874	0.00319593008088	0	3.62350349306e-06	0	3.62350349306e-06	6.88465663681e-05	7.24700698611e-06	2.53645244514e-05	0	4.34820419167e-05	3.62350349306e-06	1.81175174653e-05	7.24700698611e-05	0	0.00504391686234	0.000587007565875	7.24700698611e-06	0.000336985824854	3.62350349306e-06	0.00256906397658	0.00670348146216	0.0103269849552	0.000155810650201	3.98585384236e-05	0.00105806301997	0.00337348175204	1.81175174653e-05	0.000202916195611	0.000239151230542	3.62350349306e-06	0	0.000170304664174	0.000496419978549	0.00548960779198	0.00373583210134	0.00727961851755	0.00408006493318	0.000170304664174	5.43525523959e-05	1.08705104792e-05	0.000373220859785	0.000336985824854	0.000311621300403	6.1599559382e-05	0	0	0
0.000619619097313	0.00132982578195	3.98585384236e-05	0	0.00937400353654	2.89880279445e-05	0.0014638954112	0.00484462417022	0.000731947705598	0.0163782357886	0.000257268748007	0.000358726845813	0.00619981447662	2.17410209583e-05	0.000503666985535	0.00183711627098	0.00671797547613	7.24700698611e-05	3.26115314375e-05	0.000199292692118	0.0053736556802	0.00087688784532	0.00707670232194	0.000286256775952	0.0485440762965	9.78345943125e-05	0.000423949908688	0.00221758413775	0.02034234861	0.00226106617967	0.00225744267617	0	2.53645244514e-05	2.53645244514e-05	0.00180450473954	7.60935733542e-05	0.000199292692118	5.43525523959e-05	0	0.000463808447111	7.24700698611e-06	9.05875873264e-05	0.000318868307389	7.97170768473e-05	0.0042286285764	0.000199292692118	1.81175174653e-05	0.000101458097806	3.62350349306e-06	0.000427573412181	3.98585384236e-05	0.00144940139722	4.71055454097e-05	7.24700698611e-06	0	0.000289880279445	0.000837029306896	0.00230817172508	0.000605125083341	0.00315244803896	1.44940139722e-05	0.00013044612575	0.000362350349306	0.00232991274604	0.000525408006493	0.000246398237528	0	0	0.00013044612575	0.00105443951648	0.00301475490622	0.000126822622257	0.00304736643766	0.00179725773256	0.000420326405195	0.000101458097806	1.81175174653e-05	0.00118850914572	0.000173928167667	0.00117401513175	0.000536278516972	5.43525523959e-05	0.00013044612575	0
0.000137693132736	0.00202553845262	3.26115314375e-05	0	1.44940139722e-05	0	3.62350349306e-05	0.00017755167116	5.43525523959e-05	0.000449314433139	0.000148563643215	0.00341696379395	2.53645244514e-05	0.00748978172015	6.88465663681e-05	3.62350349306e-06	0.000119575615271	5.43525523959e-05	3.62350349306e-05	7.60935733542e-05	2.17410209583e-05	3.98585384236e-05	0.00105806301997	0.00013044612575	9.78345943125e-05	0.013830912833	0.00300750789924	0.00487723570166	4.34820419167e-05	1.08705104792e-05	0	0.000170304664174	2.89880279445e-05	0	0.000416702901702	0	0.000231904223556	3.62350349306e-06	0	0	0	0	0	0	0	3.62350349306e-06	0.00251471142418	0	0.00460909644317	3.62350349306e-06	0	0	0	8.69640838334e-05	2.17410209583e-05	0	0	0	0	0	0.00423949908688	0.00142766037626	0.00134431979592	0	7.24700698611e-06	0	0.000347856335334	0	0	2.17410209583e-05	0.000387714873757	0.00145664840421	0.000405832391222	1.81175174653e-05	3.62350349306e-06	1.44940139722e-05	0.000619619097313	3.26115314375e-05	9.78345943125e-05	1.08705104792e-05	7.24700698611e-06	0	0	0
0.000728324202105	0.00485911818419	0.00702234976955	0	2.53645244514e-05	1.44940139722e-05	0.000891381859292	0.0053229266313	0.00173565817317	0.000884134852306	0.00183711627098	0.0133344928545	0.00061599559382	0.00645708322463	0.00087688784532	5.79760558889e-05	0.00021378670609	0.00352204539525	0.00374307910833	0.0124720990231	0.000340609328347	0.000963851929153	0.000416702901702	0.00470330753399	0.000423949908688	0.00300750789924	0.0727599501406	0.0238426529843	0.00390976026901	0.000282633272458	0.00402571238079	0.00233715975302	3.98585384236e-05	3.62350349306e-06	0.011236484332	9.05875873264e-05	0.0108777574862	0.000311621300403	0	1.81175174653e-05	0	1.81175174653e-05	6.88465663681e-05	2.89880279445e-05	0.000398585384236	6.88465663681e-05	0.00202553845262	3.62350349306e-05	0.00227918369713	0.000126822622257	0	0.000297127286431	0.000442067426153	0.00030799779691	0.00200379743166	6.1599559382e-05	5.43525523959e-05	0.000409455894715	0.000250021741021	0.00035510334232	0.0113379424298	0.015939791866	0.0144940139722	0.000210163202597	0.000358726845813	0.000250021741021	0.000311621300403	0	0.000159434153695	0.000532655013479	0.00844638664232	0.00531567962432	0.0120626431284	0.00102545148854	0.00022465721657	8.33405803403e-05	3.62350349306e-06	0.00100371046758	0.0017211641592	0.000623242600806	9.42110908195e-05	0	0	7.24700698611e-06
0.000895005362785	0.00983056497666	0.0134830564977	0	1.08705104792e-05	0	0.000384091370264	0.00217047859234	0.00121025016668	0.000514537496014	3.26115314375e-05	0.00360538597559	2.17410209583e-05	0.00524683305795	0.000811664782445	4.71055454097e-05	0.00643534220367	0.00145302490072	9.42110908195e-05	0.00419601704496	3.62350349306e-06	0.0013044612575	0.00903701771169	0.00945372061339	0.00221758413775	0.00487723570166	0.0238426529843	0.0858951503029	0.00229005420761	0.000221033713076	0.00110154506189	0.00069933617416	3.62350349306e-06	1.44940139722e-05	0.00522871554048	2.89880279445e-05	0.0203858306519	0.00786662608343	0	1.81175174653e-05	0	7.24700698611e-06	6.1599559382e-05	1.08705104792e-05	0.000119575615271	2.53645244514e-05	0.000815288285938	2.53645244514e-05	0.00157622401948	3.26115314375e-05	7.24700698611e-06	0.000416702901702	0.00197480940372	0.000105081601299	0.000387714873757	2.53645244514e-05	6.88465663681e-05	0.00231904223556	0.00665999942024	0.00017755167116	0.00539539670116	0.00689552714729	0.0169724903615	7.24700698611e-05	3.62350349306e-05	2.53645244514e-05	0.000192045685132	0	7.24700698611e-06	0.000376844363278	0.00852610371916	0.00225744267617	0.00560918340725	0.00115589761429	8.69640838334e-05	1.44940139722e-05	0.000105081601299	0.000956604922167	0.0014638954112	0.000192045685132	7.60935733542e-05	1.44940139722e-05	0	7.24700698611e-06
0.00121749717367	0.000246398237528	0.00534829115575	0	0.00885946604053	5.07290489028e-05	0.00289155578746	0.0275821085892	0.00348581036032	0.0085079862017	0.00604400382642	0.00217047859234	0.00330101168218	9.42110908195e-05	0.000992839957098	0.00107618053744	0.00419964054845	0.000967475432646	0.000811664782445	0.00196756239673	0.00407644142969	0.00840652810389	0.00257268748007	0.00782314404151	0.02034234861	4.34820419167e-05	0.00390976026901	0.00229005420761	0.0834891439835	0.00121025016668	0.00980882395571	1.08705104792e-05	8.33405803403e-05	3.26115314375e-05	0.00836304606198	0.000297127286431	0.000304374293417	0.000181175174653	0	0.00133344928545	1.08705104792e-05	0.000362350349306	0.00128272023654	0.000456561440125	0.00534829115575	0.00110516856538	3.62350349306e-05	0.000442067426153	7.24700698611e-06	0.000768182740528	8.69640838334e-05	0.00155085949503	0.000173928167667	1.81175174653e-05	7.24700698611e-05	0.00191320984433	0.00274661564774	0.00463446096762	0.00189871583036	0.00858045627156	5.43525523959e-05	0.000489172971563	0.000529031509986	0.00574687653999	0.00109067455141	0.00171754065571	0	0	0.000713830188132	0.0014638954112	0.00420326405195	0.000768182740528	0.0105806301997	0.00367060903847	0.000811664782445	0.000996463460591	6.1599559382e-05	0.00181175174653	0.000358726845813	0.000713830188132	0.000239151230542	0.000275386265472	6.88465663681e-05	0
0.00717453691625	6.1599559382e-05	1.08705104792e-05	0	5.43525523959e-05	1.44940139722e-05	0.000608748586834	0.00237701829145	0.000818911789431	0.00402571238079	7.97170768473e-05	0.000753688726556	0.000271762761979	3.98585384236e-05	0.00388077224106	0.000336985824854	3.62350349306e-05	0.000300750789924	0.000184798678146	0.000655854132243	1.44940139722e-05	0.000757312230049	0.000300750789924	0.000134069629243	0.00226106617967	1.08705104792e-05	0.000282633272458	0.000221033713076	0.00121025016668	0.0206177348755	0.00540989071513	3.62350349306e-06	0.000467431950604	0.000855146824362	0.00398947734586	3.62350349306e-05	3.26115314375e-05	4.34820419167e-05	0	0	0	3.62350349306e-06	6.1599559382e-05	7.24700698611e-06	0.00146751891469	3.62350349306e-06	0	0	0	3.26115314375e-05	0	0.000431196915674	7.24700698611e-06	0	3.62350349306e-06	3.62350349306e-06	0.000199292692118	0.000630489607792	0.000119575615271	0.000467431950604	1.08705104792e-05	7.60935733542e-05	4.34820419167e-05	0.000518160999507	0.000206539699104	0.000293503782938	0	0	0.000210163202597	0.000724700698611	0.00118850914572	7.97170768473e-05	0.00331550569615	0.00132982578195	0.000202916195611	5.43525523959e-05	3.62350349306e-06	0.00115589761429	2.89880279445e-05	0.000713830188132	0.000231904223556	0	2.53645244514e-05	0
0.00528669159637	0.000181175174653	0.00112328608285	0	7.24700698611e-06	0	0.000423949908688	0.012272806331	0.00164144708235	0.00176102269763	3.26115314375e-05	0.00177189320811	0.00022465721657	3.62350349306e-06	0.00298214337479	0.000184798678146	0.000626866104299	0.00311983650752	0.000713830188132	0.00386627822709	3.62350349306e-06	0.00706220830797	0.000634113111285	0.0048518711772	0.00225744267617	0	0.00402571238079	0.00110154506189	0.00980882395571	0.00540989071513	0.0413550453663	3.62350349306e-06	1.08705104792e-05	0.000271762761979	0.00991028205351	8.69640838334e-05	7.97170768473e-05	7.60935733542e-05	0	0	0	1.44940139722e-05	2.53645244514e-05	9.05875873264e-05	0.000949357915181	3.62350349306e-06	0	0	0	0.000326115314375	0	0.00021378670609	2.53645244514e-05	0	3.62350349306e-06	0	0.000268139258486	0.000333362321361	0.000181175174653	0.00021378670609	2.53645244514e-05	0.000155810650201	0.000123199118764	0.000210163202597	0.000565266544917	0.000449314433139	0	7.24700698611e-06	0.000358726845813	0.000768182740528	0.00136243731339	0.00069933617416	0.00454387338029	0.00131170826449	0.000123199118764	1.08705104792e-05	7.24700698611e-06	0.00082978229991	5.07290489028e-05	0.000347856335334	2.17410209583e-05	0	7.24700698611e-06	0
0	0.000163057657188	2.17410209583e-05	0	0	0	1.44940139722e-05	7.24700698611e-06	1.81175174653e-05	0	7.24700698611e-06	0.000663101139229	3.62350349306e-06	0.000579760558889	7.24700698611e-06	0	0	2.17410209583e-05	5.79760558889e-05	5.07290489028e-05	3.62350349306e-06	3.62350349306e-06	0	7.24700698611e-06	0	0.000170304664174	0.00233715975302	0.00069933617416	1.08705104792e-05	3.62350349306e-06	3.62350349306e-06	0.0027683566687	0	0	0.000101458097806	0	0.000119575615271	0	0	0	0	0	0	0	0	3.62350349306e-06	0.000264515754993	0	0.000210163202597	3.62350349306e-06	0	0	0	1.44940139722e-05	2.53645244514e-05	0	0	0	0	0	0.00069933617416	0.000670348146216	0.000376844363278	0	3.62350349306e-06	0	5.07290489028e-05	0	0	7.24700698611e-06	0.000144940139722	0.000228280720063	0.000159434153695	1.44940139722e-05	3.62350349306e-06	0	0	7.24700698611e-06	3.26115314375e-05	1.08705104792e-05	0	0	0	0
2.53645244514e-05	1.08705104792e-05	0	0	7.24700698611e-06	0.00246760587877	0.000956604922167	0.000119575615271	0.000713830188132	1.81175174653e-05	0.000134069629243	0.000532655013479	0.000105081601299	0.000123199118764	0.000771806244021	0.000452937936632	7.24700698611e-06	3.62350349306e-06	1.08705104792e-05	1.44940139722e-05	6.1599559382e-05	2.53645244514e-05	1.08705104792e-05	7.24700698611e-06	2.53645244514e-05	2.89880279445e-05	3.98585384236e-05	3.62350349306e-06	8.33405803403e-05	0.000467431950604	1.08705104792e-05	0	0.00498594080645	0	0.00123561469113	0	7.24700698611e-06	0	0	0	0	0	0	3.62350349306e-06	2.53645244514e-05	0	0	0	0	0	0	0	0	0	0	0	0	0	0	1.81175174653e-05	7.24700698611e-06	7.24700698611e-06	0	3.62350349306e-06	3.62350349306e-06	0	0	0	0	3.62350349306e-06	0.000724700698611	5.79760558889e-05	0.000847899817375	0.000188422181639	0.00106168652347	0.00142403687277	7.24700698611e-06	0	0	1.08705104792e-05	0	0	0	0
