0.0269002792387	0	0.00314785945557	0	0	4.28280198037e-06	0.000209857297038	0.006107275624	0.0146300515649	1.28484059411e-05	0.000222705702979	0.00081801517825	8.56560396074e-06	0	0.0171526219314	8.56560396074e-05	0.000265533722783	0.00314785945557	0.000389734980213	0.000937933633701	4.7110821784e-05	0.00191012968324	0	0.00705805766365	0.00104928648519	0	0.00140904185154	0.00115207373272	0.00400013704966	0.00958062803008	0.0128869511589	0	4.28280198037e-06	0.000997892861426	0.00210285577236	0	0	2.99796138626e-05	0	0.000107070049509	0	0	0	8.56560396074e-06	5.13936237644e-05	0	0	0	0	8.56560396074e-06	0	4.28280198037e-06	4.28280198037e-06	0	0	0	5.13936237644e-05	0	0.000188443287136	0.000132766861391	0	0	4.28280198037e-06	4.7110821784e-05	4.28280198037e-06	0	0	0	0	0	0.000552481455467	8.1373237627e-05	0.00118205334658	0.000672399910918	0	1.71312079215e-05	8.56560396074e-06	1.28484059411e-05	0	5.13936237644e-05	2.99796138626e-05	8.99388415877e-05	0	0
0	0.0196623438919	0.000441128603978	0	0	0	0	0	0	0.00559333938636	0	1.28484059411e-05	4.28280198037e-06	6.42420297055e-05	0	8.56560396074e-06	0.00070237952478	4.28280198037e-06	0	0	0	8.56560396074e-06	0.00741353022802	6.85248316859e-05	0.00276669007932	0.00501944392099	0.000334058554469	0.0169855926541	1.28484059411e-05	0	0	0	0	0	0	0	0.00737498501019	0	0	0	4.28280198037e-06	0	0	0	0.000218422900999	0	1.28484059411e-05	0	1.71312079215e-05	0	4.28280198037e-06	5.99592277251e-05	0	2.99796138626e-05	8.56560396074e-06	0	0	0.000869408802015	1.28484059411e-05	0.000188443287136	0.000184160485156	0.000149898069313	0.00872406763401	0	0	0	1.28484059411e-05	0	0	0	5.13936237644e-05	5.99592277251e-05	0	0	1.28484059411e-05	0	0	1.71312079215e-05	1.71312079215e-05	1.71312079215e-05	0	1.28484059411e-05	0	8.56560396074e-06
0.00314785945557	0.000441128603978	0.0462071505662	0	0	0.00011991845545	0.000244119712881	5.99592277251e-05	0.00501087831703	0.000175594881195	7.28076336662e-05	0.000222705702979	0.000102787247529	4.28280198037e-06	0.00262964041595	9.85044455485e-05	0.000659551504977	0.0058460247032	7.28076336662e-05	0.000201291693077	4.7110821784e-05	0.00223133983177	0.000252685316842	0.0156108132184	0.000856560396074	0	0.00522930121803	0.0259966080208	0.000518219039624	0.00100645846539	0.0016146163466	0	0.000124201257431	3.42624158429e-05	0.000809449574289	0	0.000561047059428	0.000753773148545	0	0	0	1.71312079215e-05	1.28484059411e-05	1.28484059411e-05	0.00011563565347	8.56560396074e-06	4.28280198037e-06	2.56968118822e-05	0	4.28280198037e-06	0	4.28280198037e-05	5.56764257448e-05	4.28280198037e-06	8.56560396074e-05	1.28484059411e-05	0.000184160485156	8.56560396074e-06	0.00104928648519	0.000141332465352	0	0.00011991845545	0.00541346170318	7.70904356466e-05	1.71312079215e-05	0	0	0	0	0.000145615267332	0.0131267880698	0.00235125828722	0.00318640467339	0.00149898069313	8.99388415877e-05	9.42216435681e-05	8.56560396074e-06	0.000483956623782	0.000967913247563	0.000244119712881	9.85044455485e-05	0.000175594881195	4.28280198037e-06	0
0	0	0	0	0	0	0	0	0	0	0	0	0	0	0	0	0	0	0	0	0	0	0	0	0	0	0	0	0	0	0	0	0	0	0	0	0	0	0	0	0	0	0	0	0	0	0	0	0	0	0	0	0	0	0	0	0	0	0	0	0	0	0	0	0	0	0	0	0	0	0	0	0	0	0	0	0	0	0	0	0	0	0	0
0	0	0	0	0.0147799496342	6.42420297055e-05	0.000248402514861	8.1373237627e-05	0.00023555410892	0.000809449574289	0.00198293731691	0.000205574495058	0.00261250920802	0	5.13936237644e-05	7.28076336662e-05	0	0	5.99592277251e-05	0.00011991845545	0.00505798913881	0	0	0	0.00563616740616	0	9.85044455485e-05	1.28484059411e-05	0.00440272043582	0.000248402514861	0	0	4.7110821784e-05	0.000197008891097	0.000496805029723	0	0	4.28280198037e-06	0	0.00344337279222	2.99796138626e-05	0.000569612663389	3.85452178233e-05	0.000372603772292	0.00104072088123	0.000359755366351	0.000432563000017	0.00270673085159	2.14140099018e-05	0.000406866188135	4.28280198037e-05	8.56560396074e-06	2.14140099018e-05	0.000389734980213	0.00034690696041	0.00527212923783	8.56560396074e-06	0	0	0.000980761653504	0	0.000226988504959	1.71312079215e-05	0.000145615267332	0.000355472564371	8.56560396074e-06	0	4.28280198037e-06	0	0.000650985901016	0.00023555410892	1.71312079215e-05	0.000411148990115	0.000286947732685	0.000162746475254	6.85248316859e-05	2.56968118822e-05	0.000261250920802	1.71312079215e-05	0.000847994792113	0.00011991845545	0.000145615267332	4.28280198037e-06	0
4.28280198037e-06	0	0.00011991845545	0	6.42420297055e-05	0.0106127833074	0.00445839686156	0.000329775752488	0.00304507220804	0.00268531684169	0.000402583386155	3.42624158429e-05	0.000985044455485	0.000132766861391	0.00035118976239	0.00560190499032	0	8.56560396074e-06	2.56968118822e-05	2.14140099018e-05	0.000573895465369	4.28280198037e-06	0.000269816524763	2.56968118822e-05	0.00130625460401	0	2.99796138626e-05	8.56560396074e-06	0.00222277422781	0.000269816524763	8.1373237627e-05	0	0.00194010929711	0.000145615267332	0.000792318366368	0	0	0	0	2.14140099018e-05	4.28280198037e-06	1.28484059411e-05	4.28280198037e-06	4.28280198037e-06	0.000102787247529	2.99796138626e-05	8.56560396074e-06	6.42420297055e-05	0	0	4.28280198037e-06	1.28484059411e-05	0	4.28280198037e-06	0	8.56560396074e-05	8.56560396074e-06	1.28484059411e-05	1.28484059411e-05	9.42216435681e-05	0	8.56560396074e-06	0	1.71312079215e-05	0	0	0	0	0	1.28484059411e-05	0.000432563000017	5.13936237644e-05	0.000916519623799	0.000890822811916	0.00480102101999	0.00113922532678	0	2.14140099018e-05	4.28280198037e-06	2.56968118822e-05	4.28280198037e-06	1.71312079215e-05	0	0
0.000209857297038	0	0.000244119712881	0	0.000248402514861	0.00445839686156	0.0407508608432	0.0106556113272	0.0197993935552	0.00142617305946	0.013096808456	0.00274099326744	0.00892964212907	0.00011563565347	0.00285662892091	0.00416288352492	1.28484059411e-05	5.13936237644e-05	0.000124201257431	0.00023127130694	0.000985044455485	7.28076336662e-05	0.000226988504959	0.00011563565347	0.000509653435664	0	0.000214140099018	5.13936237644e-05	0.00476675860415	0.00192297808919	0.000192726089117	0	0.000800883970329	0.000419714594076	0.00313501104963	0	0	0	0	5.99592277251e-05	0	0	0	0	0.000102787247529	2.56968118822e-05	0	3.42624158429e-05	0	4.28280198037e-06	0	2.56968118822e-05	0	0	0	8.1373237627e-05	0	2.56968118822e-05	8.56560396074e-06	9.42216435681e-05	0	4.28280198037e-06	0	4.28280198037e-05	4.28280198037e-06	0	0	0	0	4.28280198037e-06	0.000316927346547	1.28484059411e-05	0.000916519623799	0.000423997396056	0.00272814486149	0.000226988504959	4.28280198037e-06	1.28484059411e-05	0	1.28484059411e-05	1.71312079215e-05	4.28280198037e-06	0	0
0.006107275624	0	5.99592277251e-05	0	8.1373237627e-05	0.000329775752488	0.0106556113272	0.0529054528635	0.0179149606839	0.000569612663389	0.0116706353965	0.0011135285149	0.000788035564388	1.71312079215e-05	0.00860843198054	0.00164031315848	0.000201291693077	0.000488239425762	0.000179877683175	0.000423997396056	0.000132766861391	0.00356757404965	4.28280198037e-06	0.00662549466363	0.00114350812876	0	0.000295513336645	0.000141332465352	0.0214097270999	0.00860414917856	0.0116235245747	0	4.7110821784e-05	0.007199390129	0.00547770373289	8.56560396074e-06	0	1.28484059411e-05	0	0.00023127130694	1.71312079215e-05	5.56764257448e-05	0	0.000124201257431	0.000509653435664	0.000102787247529	5.99592277251e-05	0.000205574495058	0	6.42420297055e-05	1.71312079215e-05	1.28484059411e-05	4.28280198037e-06	5.99592277251e-05	5.13936237644e-05	0.000218422900999	3.42624158429e-05	0	4.28280198037e-06	0.000882257207956	0	5.56764257448e-05	8.56560396074e-06	0.000226988504959	4.28280198037e-05	0	0	0	0	4.7110821784e-05	0.000839429188152	6.42420297055e-05	0.0032292326932	0.00209000736642	0.000282664930704	5.13936237644e-05	8.56560396074e-06	0.000218422900999	4.28280198037e-06	0.000158463673274	0.000145615267332	2.99796138626e-05	1.28484059411e-05	1.71312079215e-05
0.0146300515649	0	0.00501087831703	0	0.00023555410892	0.00304507220804	0.0197993935552	0.0179149606839	0.0720752745276	0.000321210148528	0.0136835523273	0.0086598256043	0.00600877117846	0.00158035393076	0.0271187021397	0.000890822811916	0.000274099326744	0.00182447364364	0.00152467750501	0.00345193839618	0.00358898805955	0.0020728761585	8.56560396074e-06	0.00740924742604	0.00182019084166	0	0.00334915114865	0.00107926609905	0.00919945865383	0.01397050006	0.00764051873298	0	0.00292087095061	0.0016574443664	0.0117605742381	0	0	6.42420297055e-05	0	0.000321210148528	4.28280198037e-06	4.28280198037e-05	4.28280198037e-06	7.28076336662e-05	0.000419714594076	0.00011135285149	2.99796138626e-05	0.000218422900999	0	8.1373237627e-05	4.28280198037e-06	0	1.28484059411e-05	2.14140099018e-05	1.28484059411e-05	0.000428280198037	4.28280198037e-05	0	0.000158463673274	0.000518219039624	0	1.71312079215e-05	8.56560396074e-06	0.000141332465352	4.7110821784e-05	0	0	4.28280198037e-06	0	2.14140099018e-05	0.00331060593082	0.000265533722783	0.00580747948538	0.00320353588131	0.00124629537629	0.00134908262382	2.14140099018e-05	0.000282664930704	4.28280198037e-06	0.00011135285149	0.000184160485156	7.28076336662e-05	3.85452178233e-05	0
1.28484059411e-05	0.00559333938636	0.000175594881195	0	0.000809449574289	0.00268531684169	0.00142617305946	0.000569612663389	0.000321210148528	0.0260779812585	0.000963630445583	0.000179877683175	0.00249259075257	4.28280198037e-06	5.56764257448e-05	0.00551196614873	0.000325492950508	5.13936237644e-05	1.71312079215e-05	0.00011135285149	0.00153324310897	5.56764257448e-05	0.00687817998047	0.000244119712881	0.00934079111918	0.00316499066349	0.000209857297038	0.00453548729721	0.00779041680229	0.000445411405958	0.000188443287136	0	3.85452178233e-05	0.000458259811899	0.00106641769311	0.000154180871293	9.85044455485e-05	2.14140099018e-05	0	0.00268531684169	8.1373237627e-05	3.42624158429e-05	3.85452178233e-05	8.99388415877e-05	0.00922943826769	0.000226988504959	0.000132766861391	0.00128484059411	0	0.000184160485156	0.00011135285149	0.000334058554469	4.28280198037e-06	0.000154180871293	0.000128484059411	0.0018330392476	0.000107070049509	0.000342624158429	4.28280198037e-05	0.00599163997053	6.42420297055e-05	0.000154180871293	0.000252685316842	0.000976478851524	7.70904356466e-05	8.56560396074e-06	0	0	4.28280198037e-06	0.000102787247529	0.00432134719819	0.000672399910918	0.000903671217858	0.000685248316859	0.00565329861409	0.00011563565347	0.000171312079215	0.00250543915852	0.000244119712881	0.000274099326744	0.000124201257431	0.000492522227742	8.56560396074e-06	4.28280198037e-06
0.000222705702979	0	7.28076336662e-05	0	0.00198293731691	0.000402583386155	0.013096808456	0.0116706353965	0.0136835523273	0.000963630445583	0.0430421599027	0.00446696246552	0.00784181042605	1.28484059411e-05	0.004145752317	0.000706662326761	2.14140099018e-05	5.13936237644e-05	0.00102358967331	0.00356757404965	0.0102187655252	3.85452178233e-05	4.28280198037e-06	8.99388415877e-05	0.00483100063385	0	0.00261679201	0.000261250920802	0.0131610504857	0.0105999349014	9.42216435681e-05	0	0.000179877683175	0.00222277422781	0.00797029448546	0	1.28484059411e-05	0	0	0.000950782039642	2.14140099018e-05	0.000269816524763	4.28280198037e-06	0.000209857297038	0.00194010929711	0.000522501841605	0.000154180871293	0.00117348774262	0	0.000102787247529	2.14140099018e-05	8.56560396074e-06	4.28280198037e-06	0.000162746475254	8.99388415877e-05	0.00200863412879	5.56764257448e-05	4.28280198037e-06	8.56560396074e-06	0.00203004813869	8.56560396074e-06	8.99388415877e-05	4.28280198037e-06	0.000282664930704	7.70904356466e-05	0	0	4.28280198037e-06	0	0.000167029277234	0.00164031315848	0.000149898069313	0.00516077638634	0.00218851181197	0.000188443287136	0.000372603772292	0.000107070049509	0.000488239425762	5.13936237644e-05	0.00034690696041	0.000278382128724	9.42216435681e-05	3.42624158429e-05	2.14140099018e-05
0.00081801517825	1.28484059411e-05	0.000222705702979	0	0.000205574495058	3.42624158429e-05	0.00274099326744	0.0011135285149	0.0086598256043	0.000179877683175	0.00446696246552	0.0393418189917	0.00788892124784	0.00679252394086	0.00412005550511	4.7110821784e-05	6.42420297055e-05	0.000291230534665	0.00871978483203	0.0145401127233	0.00623575968342	0.000162746475254	0	0.000419714594076	0.000599592277251	0.00211142137632	0.0136664211194	0.00145615267332	0.00176023161393	0.0116278073767	0.000655268702996	0.000441128603978	0.000496805029723	0.000325492950508	0.0203304610008	0	0.000149898069313	0	0	0.000167029277234	4.28280198037e-06	2.14140099018e-05	4.28280198037e-06	3.85452178233e-05	0.000269816524763	4.28280198037e-05	0.00105785208915	9.42216435681e-05	0.00123344697035	3.85452178233e-05	4.28280198037e-06	0	0	4.28280198037e-06	4.28280198037e-06	0.000274099326744	5.99592277251e-05	4.28280198037e-06	0.000102787247529	0.000269816524763	0.000890822811916	0.00069381392082	0.00047110821784	6.42420297055e-05	2.14140099018e-05	0	0.000394017782194	0	0	1.28484059411e-05	0.00252257036644	0.00384595617837	0.0100988470697	0.000890822811916	5.13936237644e-05	3.42624158429e-05	0.000762338752505	0.000376886574272	0.000980761653504	0.000158463673274	4.7110821784e-05	0.000141332465352	0	0.000192726089117
8.56560396074e-06	4.28280198037e-06	0.000102787247529	0	0.00261250920802	0.000985044455485	0.00892964212907	0.000788035564388	0.00600877117846	0.00249259075257	0.00784181042605	0.00788892124784	0.0414361091601	2.14140099018e-05	0.0011563565347	0.00235982389118	0	8.56560396074e-06	0.00284378051496	0.0049295050794	0.0157864080996	2.14140099018e-05	0.000252685316842	7.70904356466e-05	0.00542631010913	4.28280198037e-06	0.00419286313878	0.000252685316842	0.00620578006955	0.00549055213883	0	0	0.000141332465352	0.000192726089117	0.0106427629212	4.28280198037e-06	2.14140099018e-05	4.28280198037e-06	0	0.000770904356466	0.000398300584174	0.00400013704966	2.56968118822e-05	0.000899388415877	0.00112209411886	0.00170455518819	0.00162746475254	0.00922087266373	0.000128484059411	0.000188443287136	0.000479673821801	0	4.28280198037e-06	0.00138762784164	0.000526784643585	0.00538348208932	1.28484059411e-05	4.28280198037e-06	0	0.00109211450499	2.56968118822e-05	0.000432563000017	1.28484059411e-05	0.000214140099018	0.000316927346547	0	4.28280198037e-06	2.56968118822e-05	0	0.00138762784164	0.00197437171295	0.000179877683175	0.00455261850513	0.00154609151491	0.00198293731691	0.000261250920802	5.56764257448e-05	0.00110924571292	0.000171312079215	0.00291230534665	0.000779469960427	0.000792318366368	6.85248316859e-05	5.13936237644e-05
0	6.42420297055e-05	4.28280198037e-06	0	0	0.000132766861391	0.00011563565347	1.71312079215e-05	0.00158035393076	4.28280198037e-06	1.28484059411e-05	0.00679252394086	2.14140099018e-05	0.018553098179	0.000552481455467	0	8.56560396074e-06	0	7.70904356466e-05	1.28484059411e-05	4.28280198037e-06	0	8.56560396074e-06	0	0	0.00478817261405	0.00219279461395	0.0056061877923	1.28484059411e-05	0.00081373237627	0	0.00134479982184	0.000603875079232	0	0.00169598958423	0	0.000214140099018	0	0	0	0	8.56560396074e-06	0	1.28484059411e-05	1.71312079215e-05	8.56560396074e-06	0.00274099326744	1.28484059411e-05	0.0048438490398	1.28484059411e-05	0	0	0	0.000107070049509	0	4.28280198037e-06	0	2.14140099018e-05	0	2.99796138626e-05	0.00298511298032	0.00429993318829	0.00156322272283	0	8.56560396074e-06	0	0.00288232573279	0	0	1.28484059411e-05	7.28076336662e-05	0.00284378051496	0.00057817826735	8.56560396074e-05	0	9.42216435681e-05	0.000531067445566	2.14140099018e-05	0.00205574495058	0.00057817826735	2.99796138626e-05	0	0	0.000458259811899
0.0171526219314	0	0.00262964041595	0	5.13936237644e-05	0.00035118976239	0.00285662892091	0.00860843198054	0.0271187021397	5.56764257448e-05	0.004145752317	0.00412005550511	0.0011563565347	0.000552481455467	0.0431320987443	0.00011991845545	0.000265533722783	0.00232127867336	0.00112209411886	0.00208572456444	0.000800883970329	0.00145186987134	0	0.00552909735665	0.00101930687133	0	0.00206859335652	0.00103215527727	0.00518647319823	0.0144673050897	0.00827437342607	0	0.00160605074264	0.00159748513868	0.00545628972299	0	0	1.71312079215e-05	0	0.000141332465352	0	8.56560396074e-06	0	8.56560396074e-06	0.00011135285149	1.28484059411e-05	4.28280198037e-06	5.56764257448e-05	0	1.28484059411e-05	0	0	0	4.28280198037e-06	0	6.42420297055e-05	4.7110821784e-05	0	0.000128484059411	0.000188443287136	0	0	1.28484059411e-05	5.13936237644e-05	4.28280198037e-06	0	0	0	0	0	0.000959347643602	0.00011991845545	0.00119061895054	0.000629571891114	0.000158463673274	0.000248402514861	8.56560396074e-06	0.00023127130694	4.28280198037e-06	5.99592277251e-05	5.56764257448e-05	6.42420297055e-05	0	0
8.56560396074e-05	8.56560396074e-06	9.85044455485e-05	0	7.28076336662e-05	0.00560190499032	0.00416288352492	0.00164031315848	0.000890822811916	0.00551196614873	0.000706662326761	4.7110821784e-05	0.00235982389118	0	0.00011991845545	0.0156022476145	3.85452178233e-05	3.42624158429e-05	1.28484059411e-05	2.56968118822e-05	0.000158463673274	9.85044455485e-05	0.000595309475271	0.000158463673274	0.00280095249516	0	3.85452178233e-05	0.000107070049509	0.00546913812893	0.000188443287136	0.000269816524763	0	4.7110821784e-05	0.000573895465369	0.00226131944563	4.28280198037e-06	0	2.14140099018e-05	0	1.71312079215e-05	4.28280198037e-06	4.28280198037e-06	4.28280198037e-06	8.56560396074e-06	0.000218422900999	0	4.28280198037e-06	2.56968118822e-05	0	0	8.56560396074e-06	5.13936237644e-05	1.71312079215e-05	4.28280198037e-06	1.28484059411e-05	4.28280198037e-06	6.85248316859e-05	4.7110821784e-05	0.000107070049509	0.000171312079215	0	8.56560396074e-06	2.14140099018e-05	2.99796138626e-05	0	0	0	0	0	8.56560396074e-06	0.000788035564388	2.99796138626e-05	0.00264677162387	0.00169598958423	0.00763195312902	2.14140099018e-05	0	8.56560396074e-05	4.28280198037e-06	0.000132766861391	7.70904356466e-05	0.000107070049509	0	0
0.000265533722783	0.00070237952478	0.000659551504977	0	0	0	1.28484059411e-05	0.000201291693077	0.000274099326744	0.000325492950508	2.14140099018e-05	6.42420297055e-05	0	8.56560396074e-06	0.000265533722783	3.85452178233e-05	0.0183860689017	0.000372603772292	5.99592277251e-05	6.85248316859e-05	4.28280198037e-06	0.00406437907937	0.00973909170336	0.00395730902986	0.00732787418841	0.000376886574272	0.00011991845545	0.00363181607935	0.00184588765354	0.000381169376253	0.000479673821801	0	0	9.85044455485e-05	0.00103643807925	8.56560396074e-06	2.56968118822e-05	8.56560396074e-06	0	0	4.28280198037e-06	0	2.14140099018e-05	8.56560396074e-06	0.000167029277234	0	1.28484059411e-05	0	0	4.28280198037e-06	4.28280198037e-06	0.00210713857434	4.28280198037e-06	2.14140099018e-05	1.71312079215e-05	0	0.00223990543573	0.00445839686156	0.000689531118839	0.00109211450499	1.28484059411e-05	2.56968118822e-05	0.000184160485156	0.00190584688126	2.14140099018e-05	1.71312079215e-05	0	0	0	4.28280198037e-06	0.003272060713	0.000783752762407	0.000663834306957	0.000214140099018	8.56560396074e-06	0	0	0.000342624158429	0.000222705702979	8.56560396074e-06	4.28280198037e-06	4.28280198037e-06	0	0
0.00314785945557	4.28280198037e-06	0.0058460247032	0	0	8.56560396074e-06	5.13936237644e-05	0.000488239425762	0.00182447364364	5.13936237644e-05	5.13936237644e-05	0.000291230534665	8.56560396074e-06	0	0.00232127867336	3.42624158429e-05	0.000372603772292	0.0278210816645	0.000132766861391	0.00406009627739	3.85452178233e-05	0.00206431055454	4.28280198037e-06	0.0078760728419	0.000526784643585	4.28280198037e-06	0.00439415483186	0.00367464409916	0.00129768900005	0.0046896681685	0.00787179003992	0	4.28280198037e-06	0.000321210148528	0.00728504616861	0	4.28280198037e-06	4.28280198037e-06	0	0	0	0	0	0	2.56968118822e-05	0	0	0	0	0	0	0	0	0	4.28280198037e-06	0	5.56764257448e-05	0	0.000107070049509	8.56560396074e-06	0	8.56560396074e-06	5.56764257448e-05	0	0	0	0	0	0	8.56560396074e-06	0.00157607112878	0.00175166600997	0.00337484796053	0.000937933633701	2.99796138626e-05	4.28280198037e-06	4.28280198037e-06	5.56764257448e-05	8.56560396074e-06	1.71312079215e-05	4.28280198037e-06	0.000102787247529	0	0
0.000389734980213	0	7.28076336662e-05	0	5.99592277251e-05	2.56968118822e-05	0.000124201257431	0.000179877683175	0.00152467750501	1.71312079215e-05	0.00102358967331	0.00871978483203	0.00284378051496	7.70904356466e-05	0.00112209411886	1.28484059411e-05	5.99592277251e-05	0.000132766861391	0.0131010912579	0.00797886008942	0.00235982389118	0.000145615267332	0	0.000124201257431	0.000321210148528	1.71312079215e-05	0.00857845236668	0.000188443287136	0.000715227930721	0.00261679201	0.00035118976239	0	3.42624158429e-05	0.000132766861391	0.00540061329724	0	0.000132766861391	0	0	1.28484059411e-05	0	1.71312079215e-05	0	0	2.99796138626e-05	1.28484059411e-05	8.56560396074e-06	3.42624158429e-05	1.28484059411e-05	4.28280198037e-06	0	0	0	3.85452178233e-05	0	4.28280198037e-05	0	0	0	2.56968118822e-05	0.000102787247529	0.000278382128724	0.000291230534665	0	4.28280198037e-06	0	2.14140099018e-05	0	0	0	0.00182875644562	0.00109211450499	0.00467253696058	0.000325492950508	4.28280198037e-06	2.56968118822e-05	0	0.000389734980213	2.14140099018e-05	1.71312079215e-05	0	2.14140099018e-05	0	4.28280198037e-06
0.000937933633701	0	0.000201291693077	0	0.00011991845545	2.14140099018e-05	0.00023127130694	0.000423997396056	0.00345193839618	0.00011135285149	0.00356757404965	0.0145401127233	0.0049295050794	1.28484059411e-05	0.00208572456444	2.56968118822e-05	6.85248316859e-05	0.00406009627739	0.00797886008942	0.0246046973772	0.00498946430713	0.000192726089117	0	0.00100217566341	0.000492522227742	0	0.0125743066144	0.00150754629709	0.00131482020797	0.00805166772309	0.0016360303565	0	2.14140099018e-05	0.000329775752488	0.0157350144759	0	1.71312079215e-05	0	0	8.99388415877e-05	0	1.71312079215e-05	4.28280198037e-06	1.71312079215e-05	0.000197008891097	2.99796138626e-05	8.56560396074e-06	7.28076336662e-05	4.28280198037e-06	4.28280198037e-06	0	0	0	0	1.28484059411e-05	0.000188443287136	0.000145615267332	0	0.000167029277234	0.000197008891097	2.56968118822e-05	0.000137049663372	0.000214140099018	2.56968118822e-05	4.28280198037e-06	0	0	0	0	4.28280198037e-06	0.00409864149521	0.00149469789115	0.0102059171192	0.00179449402977	1.71312079215e-05	2.99796138626e-05	0	0.000432563000017	3.85452178233e-05	2.99796138626e-05	2.56968118822e-05	0.00023555410892	0	4.28280198037e-06
4.7110821784e-05	0	4.7110821784e-05	0	0.00505798913881	0.000573895465369	0.000985044455485	0.000132766861391	0.00358898805955	0.00153324310897	0.0102187655252	0.00623575968342	0.0157864080996	4.28280198037e-06	0.000800883970329	0.000158463673274	4.28280198037e-06	3.85452178233e-05	0.00235982389118	0.00498946430713	0.0270758741199	2.56968118822e-05	0	7.70904356466e-05	0.00671115070324	0	0.00419286313878	0.000334058554469	0.00925085227759	0.00740496462406	3.42624158429e-05	0	0.000496805029723	0.00145615267332	0.0105399756737	0	2.56968118822e-05	0	0	0.00118633614856	3.42624158429e-05	0.000244119712881	0	0.000282664930704	0.0018972812773	0.000501087831703	9.42216435681e-05	0.00139191064362	0	0.00023555410892	4.28280198037e-05	4.28280198037e-06	4.28280198037e-06	0.000145615267332	0.000132766861391	0.00253541877238	1.71312079215e-05	1.28484059411e-05	8.56560396074e-06	0.00170027238621	2.14140099018e-05	8.56560396074e-05	1.28484059411e-05	0.000214140099018	0.000124201257431	0	0	0	0	0.000184160485156	0.00267675123773	0.000209857297038	0.00677539273294	0.00334058554469	0.00046254261388	0.000907954019838	0.000197008891097	0.000723793534682	5.56764257448e-05	0.000359755366351	0.000441128603978	0.000192726089117	2.56968118822e-05	3.42624158429e-05
0.00191012968324	8.56560396074e-06	0.00223133983177	0	0	4.28280198037e-06	7.28076336662e-05	0.00356757404965	0.0020728761585	5.56764257448e-05	3.85452178233e-05	0.000162746475254	2.14140099018e-05	0	0.00145186987134	9.85044455485e-05	0.00406437907937	0.00206431055454	0.000145615267332	0.000192726089117	2.56968118822e-05	0.0442242132493	0.00338341356449	0.026390625803	0.000419714594076	0	0.000389734980213	0.00200006852483	0.00868980521817	0.00167029277234	0.016360303565	0	0	0.000800883970329	0.00500659551505	0	1.71312079215e-05	1.71312079215e-05	0	0	8.56560396074e-06	0	0	0	1.28484059411e-05	0	0	0	0	0	8.56560396074e-06	0.00171740359413	2.14140099018e-05	0	4.28280198037e-06	0	0.00194439209909	0.00210713857434	0.000162746475254	0.000128484059411	4.28280198037e-06	8.56560396074e-06	4.7110821784e-05	0.000286947732685	0	0	0	0	0	0	0.00856560396074	0.00118633614856	0.00322494989122	0.00258252959416	1.28484059411e-05	0	0	6.85248316859e-05	2.14140099018e-05	8.99388415877e-05	6.42420297055e-05	3.85452178233e-05	0	0
0	0.00741353022802	0.000252685316842	0	0	0.000269816524763	0.000226988504959	4.28280198037e-06	8.56560396074e-06	0.00687817998047	4.28280198037e-06	0	0.000252685316842	8.56560396074e-06	0	0.000595309475271	0.00973909170336	4.28280198037e-06	0	0	0	0.00338341356449	0.0337227827934	0.00687389717849	0.00762338752505	0.0034476555942	8.56560396074e-05	0.0132724033372	0.000531067445566	0	0	0	0	0	0	0	0.00034690696041	4.28280198037e-06	0	0	1.71312079215e-05	0	0	0	0.000531067445566	0	8.56560396074e-06	0	0	0	1.71312079215e-05	0.00734500539633	4.28280198037e-06	2.14140099018e-05	8.56560396074e-06	0	0.0025953780001	0.0119361691193	0.00113065972282	0.00146900107927	6.42420297055e-05	4.7110821784e-05	0.00319925307933	0.00154180871293	0	0	0	0	0	0	0.00046254261388	0.000269816524763	0	0	0.000663834306957	0	0	0.000316927346547	0.000179877683175	8.56560396074e-06	0	4.7110821784e-05	0	0
0.00705805766365	6.85248316859e-05	0.0156108132184	0	0	2.56968118822e-05	0.00011563565347	0.00662549466363	0.00740924742604	0.000244119712881	8.99388415877e-05	0.000419714594076	7.70904356466e-05	0	0.00552909735665	0.000158463673274	0.00395730902986	0.0078760728419	0.000124201257431	0.00100217566341	7.70904356466e-05	0.026390625803	0.00687389717849	0.0835745978449	0.000612440683193	3.42624158429e-05	0.00212426978226	0.0151782502184	0.00473249618831	0.0016146163466	0.0160219622086	0	2.14140099018e-05	0.000226988504959	0.00495520189129	0	2.14140099018e-05	8.56560396074e-05	0	0	4.28280198037e-06	0	1.71312079215e-05	4.28280198037e-06	0.000141332465352	4.28280198037e-06	0	4.28280198037e-06	0	8.56560396074e-06	8.56560396074e-06	0.00790605245576	4.28280198037e-05	0	0	8.56560396074e-06	0.0021371181882	0.00680965514878	0.00640707176263	0.00023127130694	4.28280198037e-06	1.28484059411e-05	0.000436845801997	0.000209857297038	4.28280198037e-06	0	0	0	0	0	0.0201634317236	0.00451835608929	0.00477104140613	0.00548198653487	6.85248316859e-05	8.56560396074e-06	8.56560396074e-06	0.00023127130694	2.14140099018e-05	0.000394017782194	0.000261250920802	0.000141332465352	0	4.28280198037e-06
0.00104928648519	0.00276669007932	0.000856560396074	0	0.00563616740616	0.00130625460401	0.000509653435664	0.00114350812876	0.00182019084166	0.00934079111918	0.00483100063385	0.000599592277251	0.00542631010913	0	0.00101930687133	0.00280095249516	0.00732787418841	0.000526784643585	0.000321210148528	0.000492522227742	0.00671115070324	0.000419714594076	0.00762338752505	0.000612440683193	0.0484170763881	0.000895105613897	0.000616723485173	0.00384167337639	0.0246817878129	0.00332345433677	0.00218851181197	0	0.000192726089117	0.00114779093074	0.00465112295068	7.70904356466e-05	9.85044455485e-05	2.99796138626e-05	0	0.00351618042588	0.000128484059411	0.000171312079215	6.42420297055e-05	0.000252685316842	0.00688674558443	0.000728076336662	0.000124201257431	0.00157178832679	0	0.000171312079215	0.000162746475254	0.0011563565347	4.28280198037e-06	9.85044455485e-05	0.000124201257431	0.00350333201994	0.00140904185154	0.00262107481198	2.14140099018e-05	0.00740496462406	1.71312079215e-05	0.000158463673274	0.000282664930704	0.00432563000017	7.70904356466e-05	2.14140099018e-05	0	0	4.28280198037e-06	0.000132766861391	0.00670258509928	0.00108783170301	0.00396159183184	0.0020728761585	0.00247117674267	0.000239836910901	7.70904356466e-05	0.00211998698028	0.000291230534665	0.000299796138626	0.000252685316842	0.000389734980213	8.56560396074e-06	1.71312079215e-05
0	0.00501944392099	0	0	0	0	0	0	0	0.00316499066349	0	0.00211142137632	4.28280198037e-06	0.00478817261405	0	0	0.000376886574272	4.28280198037e-06	1.71312079215e-05	0	0	0	0.0034476555942	3.42624158429e-05	0.000895105613897	0.0131182224659	0.000316927346547	0.00650985901016	8.56560396074e-06	0	0	9.42216435681e-05	0	0	8.56560396074e-06	0	0.000980761653504	0	0	0	0	0	0	0	2.14140099018e-05	0	0.000732359138643	0	0.00216281500009	0	0	0	0	4.28280198037e-05	0	0	0	1.71312079215e-05	0	2.99796138626e-05	0.00223990543573	0.00137049663372	0.0014176074555	0	0	0	0.00116063933668	0	0	0	8.56560396074e-06	0.000805166772309	0.000158463673274	4.28280198037e-06	4.28280198037e-06	0	0.000312644544567	4.28280198037e-06	0.000334058554469	0.000154180871293	4.28280198037e-06	0	0	0.000192726089117
0.00140904185154	0.000334058554469	0.00522930121803	0	9.85044455485e-05	2.99796138626e-05	0.000214140099018	0.000295513336645	0.00334915114865	0.000209857297038	0.00261679201	0.0136664211194	0.00419286313878	0.00219279461395	0.00206859335652	3.85452178233e-05	0.00011991845545	0.00439415483186	0.00857845236668	0.0125743066144	0.00419286313878	0.000389734980213	8.56560396074e-05	0.00212426978226	0.000616723485173	0.000316927346547	0.0662164014185	0.0221934798623	0.00125057817827	0.00622719407945	0.00110068010895	0.000398300584174	2.99796138626e-05	0.000269816524763	0.0108312062083	0	0.00460829493088	1.71312079215e-05	0	8.99388415877e-05	4.28280198037e-06	2.56968118822e-05	8.56560396074e-06	2.99796138626e-05	0.000329775752488	8.56560396074e-05	0.000770904356466	0.00011135285149	0.00107070049509	6.42420297055e-05	4.28280198037e-06	3.42624158429e-05	0	0.00307933462388	0.00069381392082	0.000244119712881	8.99388415877e-05	0.000214140099018	0.000132766861391	0.00047110821784	0.00686961437651	0.0144844362976	0.0116877666044	4.7110821784e-05	0.000205574495058	0	0.000912236821818	0	0	0.000633854693094	0.00615866924777	0.00746920665376	0.0101887859113	0.00197437171295	2.56968118822e-05	2.14140099018e-05	4.28280198037e-06	0.00165316156442	0.00223133983177	0.00103643807925	5.99592277251e-05	0.000167029277234	0	2.56968118822e-05
0.00115207373272	0.0169855926541	0.0259966080208	0	1.28484059411e-05	8.56560396074e-06	5.13936237644e-05	0.000141332465352	0.00107926609905	0.00453548729721	0.000261250920802	0.00145615267332	0.000252685316842	0.0056061877923	0.00103215527727	0.000107070049509	0.00363181607935	0.00367464409916	0.000188443287136	0.00150754629709	0.000334058554469	0.00200006852483	0.0132724033372	0.0151782502184	0.00384167337639	0.00650985901016	0.0221934798623	0.110573381529	0.000869408802015	0.000912236821818	0.000775187158447	2.56968118822e-05	0	0.000188443287136	0.00303650660408	0	0.0151482706046	0.000663834306957	0	3.42624158429e-05	4.28280198037e-06	2.99796138626e-05	2.14140099018e-05	2.56968118822e-05	0.000659551504977	7.28076336662e-05	0.00127627499015	8.56560396074e-05	0.00289517413873	4.7110821784e-05	4.28280198037e-06	0.00311787984171	2.14140099018e-05	0.00194010929711	0.000342624158429	0.000102787247529	0.000415431792096	0.00600448837648	0.0047110821784	0.000800883970329	0.00812875815874	0.0115250201292	0.0322409333082	7.70904356466e-05	0.000128484059411	0	0.00216281500009	0	0	0.000411148990115	0.0175380741096	0.00551196614873	0.00628715330718	0.00193154369315	0.000102787247529	4.28280198037e-06	6.85248316859e-05	0.000980761653504	0.00166600997036	0.000766621554486	7.28076336662e-05	0.00023127130694	4.28280198037e-06	0.00023555410892
0.00400013704966	1.28484059411e-05	0.000518219039624	0	0.00440272043582	0.00222277422781	0.00476675860415	0.0214097270999	0.00919945865383	0.00779041680229	0.0131610504857	0.00176023161393	0.00620578006955	1.28484059411e-05	0.00518647319823	0.00546913812893	0.00184588765354	0.00129768900005	0.000715227930721	0.00131482020797	0.00925085227759	0.00868980521817	0.000531067445566	0.00473249618831	0.0246817878129	8.56560396074e-06	0.00125057817827	0.000869408802015	0.0794716735477	0.0134094530005	0.0141460949412	0	0.000214140099018	0.00942216435681	0.0153067342778	2.99796138626e-05	1.71312079215e-05	2.14140099018e-05	0	0.00629143610916	0.00011135285149	0.000402583386155	4.7110821784e-05	0.000376886574272	0.00910951981224	0.0011349425248	0.000436845801997	0.00274099326744	0	0.000239836910901	0.000149898069313	8.56560396074e-05	4.28280198037e-06	0.000432563000017	0.000261250920802	0.00638137495075	0.000128484059411	6.85248316859e-05	2.14140099018e-05	0.00958919363404	1.28484059411e-05	0.000265533722783	5.56764257448e-05	0.00362753327737	0.000162746475254	0	0	4.28280198037e-06	0	0.000423997396056	0.0058246106933	0.000565329861409	0.0104885820499	0.00572610624775	0.0036874925051	0.000501087831703	0.000325492950508	0.00173881760403	9.42216435681e-05	0.000826580782211	0.00047110821784	0.00035118976239	3.85452178233e-05	4.28280198037e-05
0.00958062803008	0	0.00100645846539	0	0.000248402514861	0.000269816524763	0.00192297808919	0.00860414917856	0.01397050006	0.000445411405958	0.0105999349014	0.0116278073767	0.00549055213883	0.00081373237627	0.0144673050897	0.000188443287136	0.000381169376253	0.0046896681685	0.00261679201	0.00805166772309	0.00740496462406	0.00167029277234	0	0.0016146163466	0.00332345433677	0	0.00622719407945	0.000912236821818	0.0134094530005	0.0527469891902	0.0120689359807	0	0.000740924742604	0.0118119678619	0.0222363078821	0	1.28484059411e-05	8.56560396074e-06	0	0.000556764257448	1.28484059411e-05	9.85044455485e-05	4.28280198037e-06	7.28076336662e-05	0.000689531118839	0.000214140099018	2.99796138626e-05	0.000342624158429	4.28280198037e-06	4.7110821784e-05	1.28484059411e-05	0	4.28280198037e-06	2.14140099018e-05	2.14140099018e-05	0.000753773148545	0.000102787247529	0	0.000278382128724	0.000835146386172	8.56560396074e-06	2.56968118822e-05	1.28484059411e-05	0.000179877683175	2.56968118822e-05	0	0	0	0	2.99796138626e-05	0.00117348774262	0.000214140099018	0.00754201428743	0.00243691432683	2.14140099018e-05	0.000321210148528	0.000188443287136	0.000334058554469	1.28484059411e-05	0.000145615267332	0.000197008891097	0.000291230534665	8.56560396074e-06	3.42624158429e-05
0.0128869511589	0	0.0016146163466	0	0	8.1373237627e-05	0.000192726089117	0.0116235245747	0.00764051873298	0.000188443287136	9.42216435681e-05	0.000655268702996	0	0	0.00827437342607	0.000269816524763	0.000479673821801	0.00787179003992	0.00035118976239	0.0016360303565	3.42624158429e-05	0.016360303565	0	0.0160219622086	0.00218851181197	0	0.00110068010895	0.000775187158447	0.0141460949412	0.0120689359807	0.0512308772892	0	1.71312079215e-05	0.00162746475254	0.00738783341613	8.56560396074e-06	0	1.28484059411e-05	0	4.28280198037e-05	0	0	0	1.28484059411e-05	6.85248316859e-05	0	0	0	0	1.28484059411e-05	0	0	4.28280198037e-06	0	0	0	8.1373237627e-05	0	0.000222705702979	8.99388415877e-05	0	0	8.56560396074e-06	2.56968118822e-05	4.28280198037e-06	0	0	0	0	0	0.00011563565347	4.28280198037e-05	0.00215853219811	0.000899388415877	0.000137049663372	2.14140099018e-05	4.28280198037e-06	4.28280198037e-06	0	4.28280198037e-05	3.85452178233e-05	0.000205574495058	0	0
0	0	0	0	0	0	0	0	0	0	0	0.000441128603978	0	0.00134479982184	0	0	0	0	0	0	0	0	0	0	0	9.42216435681e-05	0.000398300584174	2.56968118822e-05	0	0	0	0.00135764822778	0	0	0	0	4.28280198037e-06	0	0	0	0	0	0	0	0	0	0.000376886574272	0	0.000548198653487	0	0	0	0	0	0	0	0	4.28280198037e-06	0	4.28280198037e-06	0.000171312079215	0.000543915851507	0.000149898069313	0	0	0	0.000312644544567	0	0	4.28280198037e-06	0	0.00047110821784	0	0	0	0	0	4.28280198037e-06	0.000389734980213	0.000107070049509	4.28280198037e-06	0	0	8.56560396074e-06
4.28280198037e-06	0	0.000124201257431	0	4.7110821784e-05	0.00194010929711	0.000800883970329	4.7110821784e-05	0.00292087095061	3.85452178233e-05	0.000179877683175	0.000496805029723	0.000141332465352	0.000603875079232	0.00160605074264	4.7110821784e-05	0	4.28280198037e-06	3.42624158429e-05	2.14140099018e-05	0.000496805029723	0	0	2.14140099018e-05	0.000192726089117	0	2.99796138626e-05	0	0.000214140099018	0.000740924742604	1.71312079215e-05	0	0.00411577270313	0.000132766861391	0.00140475904956	0	0	0	0	1.28484059411e-05	0	1.28484059411e-05	0	4.28280198037e-06	6.42420297055e-05	2.99796138626e-05	8.56560396074e-06	5.56764257448e-05	0	0	0	0	0	4.28280198037e-06	0	8.1373237627e-05	0	0	0	6.85248316859e-05	0	8.56560396074e-06	0	8.56560396074e-06	0	0	0	0	0	8.56560396074e-06	0.000214140099018	3.42624158429e-05	0.000809449574289	0.000852277594093	5.13936237644e-05	0.00107070049509	4.28280198037e-06	4.28280198037e-06	4.28280198037e-06	1.28484059411e-05	4.28280198037e-06	0	0	0
0.000997892861426	0	3.42624158429e-05	0	0.000197008891097	0.000145615267332	0.000419714594076	0.007199390129	0.0016574443664	0.000458259811899	0.00222277422781	0.000325492950508	0.000192726089117	0	0.00159748513868	0.000573895465369	9.85044455485e-05	0.000321210148528	0.000132766861391	0.000329775752488	0.00145615267332	0.000800883970329	0	0.000226988504959	0.00114779093074	0	0.000269816524763	0.000188443287136	0.00942216435681	0.0118119678619	0.00162746475254	0	0.000132766861391	0.0158506501293	0.00877546125777	0	4.28280198037e-06	0	0	0.000342624158429	0	0.000141332465352	0	0.000197008891097	0.000710945128741	0.000278382128724	5.13936237644e-05	0.000458259811899	4.28280198037e-06	0.000162746475254	0	0	0	4.28280198037e-05	2.56968118822e-05	0.000788035564388	0	0	0	0.000766621554486	4.28280198037e-06	3.85452178233e-05	8.56560396074e-06	0.000107070049509	0.000102787247529	0	0	0	0	5.13936237644e-05	0.000728076336662	9.85044455485e-05	0.00494235348534	0.00334486834667	3.42624158429e-05	0.000355472564371	0.000398300584174	2.14140099018e-05	1.28484059411e-05	0.000102787247529	0.000325492950508	8.56560396074e-06	2.56968118822e-05	3.42624158429e-05
0.00210285577236	0	0.000809449574289	0	0.000496805029723	0.000792318366368	0.00313501104963	0.00547770373289	0.0117605742381	0.00106641769311	0.00797029448546	0.0203304610008	0.0106427629212	0.00169598958423	0.00545628972299	0.00226131944563	0.00103643807925	0.00728504616861	0.00540061329724	0.0157350144759	0.0105399756737	0.00500659551505	0	0.00495520189129	0.00465112295068	8.56560396074e-06	0.0108312062083	0.00303650660408	0.0153067342778	0.0222363078821	0.00738783341613	0	0.00140475904956	0.00877546125777	0.0616295204975	4.28280198037e-06	1.28484059411e-05	4.28280198037e-06	0	0.000646703099036	1.28484059411e-05	0.000252685316842	8.56560396074e-06	0.000321210148528	0.00125486098025	0.000432563000017	9.42216435681e-05	0.000740924742604	4.28280198037e-06	0.000265533722783	1.71312079215e-05	3.42624158429e-05	4.28280198037e-06	6.42420297055e-05	4.7110821784e-05	0.00137049663372	0.000359755366351	2.14140099018e-05	9.42216435681e-05	0.00139191064362	1.28484059411e-05	0.000128484059411	0.000184160485156	0.000325492950508	0.000137049663372	4.28280198037e-06	0	0	0	8.99388415877e-05	0.00348191801004	0.000573895465369	0.0276840320011	0.00832576704983	0.000398300584174	0.00108354890103	0.000509653435664	0.000423997396056	4.7110821784e-05	0.000162746475254	0.000505370633683	0.000184160485156	5.13936237644e-05	5.56764257448e-05
0	0	0	0	0	0	0	8.56560396074e-06	0	0.000154180871293	0	0	4.28280198037e-06	0	0	4.28280198037e-06	8.56560396074e-06	0	0	0	0	0	0	0	7.70904356466e-05	0	0	0	2.99796138626e-05	0	8.56560396074e-06	0	0	0	4.28280198037e-06	0.0310674455656	0	0.000925085227759	0	6.42420297055e-05	4.7110821784e-05	3.85452178233e-05	0.0146471827729	0.00420571154472	0.000295513336645	0.00151611190105	0.000274099326744	1.71312079215e-05	0	0.0202233909513	6.85248316859e-05	8.56560396074e-06	0.00135764822778	8.56560396074e-05	0.000295513336645	0.000137049663372	0.00238552070306	8.56560396074e-06	0.00467253696058	0.00402583386155	0	4.28280198037e-05	0.000209857297038	0.00299367858428	0.00703664365374	0.00751203467356	0	0	0	0.000719510732702	8.1373237627e-05	1.28484059411e-05	8.56560396074e-06	8.56560396074e-06	0	0	0	4.28280198037e-05	8.56560396074e-06	0.000171312079215	8.56560396074e-06	8.1373237627e-05	0	0
