0.021511498304	0.000180743579084	0.00321422331472	0	5.12106807406e-05	0.000307264084443	0.00155740717311	0.00712129701592	0.00377452840988	0.00135557684313	0.000319313656382	0.000108446147451	0.000102421361481	3.91611088016e-05	0.0132485043469	3.01239298474e-06	4.51858947711e-05	0.00143992384671	5.723546671e-05	3.31363228321e-05	0.000581391846055	0.000960953362132	0.000216892294901	0.00341304125171	0.00170802682235	0	0.00197612979799	0.000837445249758	0.00311180195324	0.00752797006886	0.00982642591622	1.80743579084e-05	0.000262078189672	0.000560305095161	0.00108747386749	1.50619649237e-05	2.10867508932e-05	8.1334610588e-05	0	0.00011447093342	3.01239298474e-06	7.22974316337e-05	0.000135557684313	6.02478596948e-05	0.00186467125755	5.12106807406e-05	3.91611088016e-05	0.000412697838909	3.01239298474e-06	6.02478596948e-05	0	1.50619649237e-05	6.02478596948e-06	9.03717895422e-06	6.02478596948e-06	6.02478596948e-05	2.10867508932e-05	2.10867508932e-05	3.31363228321e-05	0.00149414692043	0	0.000123508112374	0.000126520505359	0.000762135425139	1.80743579084e-05	5.12106807406e-05	0	6.02478596948e-06	0	9.63965755117e-05	0.000274127761611	6.32602526795e-05	0.00104228797272	0.000494032449497	0.0001777311861	7.83222176032e-05	0	0.000364499551153	4.21735017863e-05	4.51858947711e-05	2.10867508932e-05	0.000189780758039	1.2049571939e-05	3.01239298474e-06
0.000180743579084	0.0246443870082	0.00214181141215	0	6.02478596948e-06	6.02478596948e-06	4.81982877558e-05	3.31363228321e-05	3.61487158169e-05	0.00162066742579	9.03717895422e-06	2.40991438779e-05	2.40991438779e-05	0.000180743579084	0.000180743579084	7.53098246185e-05	0.000566329881131	0.000969990541086	5.12106807406e-05	0.000159656828191	3.61487158169e-05	0.000132545291329	0.0073231273459	0.000665738849627	0.00127122983956	0.00175321271712	0.00260270753881	0.0161885999	0.0001777311861	0.00011447093342	0.000265090582657	1.2049571939e-05	3.01239298474e-05	3.91611088016e-05	0.000741048674246	3.01239298474e-06	0.00558497659371	0.00040667305294	0	1.2049571939e-05	3.01239298474e-06	9.03717895422e-06	1.50619649237e-05	1.2049571939e-05	2.10867508932e-05	9.03717895422e-06	9.33841825269e-05	1.2049571939e-05	8.43470035727e-05	1.50619649237e-05	0	0.000150619649237	0.000466920912635	4.81982877558e-05	0.000584404239039	1.2049571939e-05	5.12106807406e-05	0.000728999102307	0.000409685445925	0.000250028617733	0.000340400407276	0.0021327742332	0.0100011447093	6.62726456643e-05	2.71115368627e-05	1.2049571939e-05	0	0	0	0.000183755972069	0.00208758833842	0.00121399437285	0.000382573909062	9.03717895422e-05	0.00080732131991	0	3.01239298474e-06	0.000810333712895	0.000256053403703	0.000198817936993	1.2049571939e-05	3.31363228321e-05	1.2049571939e-05	3.01239298474e-06
0.00321422331472	0.00214181141215	0.053882673318	0	6.02478596948e-06	6.02478596948e-06	6.32602526795e-05	0.00263283146866	0.000111458540435	0.000126520505359	2.71115368627e-05	6.32602526795e-05	1.2049571939e-05	5.42230737253e-05	0.00203035287171	0	0.000256053403703	0.0182310023436	0.000355462372199	0.000244003831764	3.01239298474e-05	0.00804308926925	0.000388598695031	0.0227887529296	0.000244003831764	1.50619649237e-05	0.0158361499208	0.0213488290828	0.00186165886457	0.00229544345437	0.0115675890614	4.21735017863e-05	2.71115368627e-05	0.000373536730108	0.00115374651316	9.03717895422e-06	0.000735023888276	0.00336484296395	0	2.10867508932e-05	0	2.10867508932e-05	4.51858947711e-05	3.91611088016e-05	0.00022894186684	6.32602526795e-05	9.94089684964e-05	3.01239298474e-05	9.03717895422e-06	5.42230737253e-05	3.01239298474e-06	0.000138570077298	0.00250028617733	5.723546671e-05	0.000719961923353	4.21735017863e-05	0.000536205951284	0.00023496665281	0.00303347973563	0.000340400407276	2.40991438779e-05	0.00533796036896	0.00446436640338	0.000265090582657	0.000105433754466	0.000183755972069	0	0	0	0.00112061019032	0.0032955579253	0.00097902772004	0.00250028617733	0.00087058157259	1.50619649237e-05	9.03717895422e-06	0	0.000936854218254	0.00557895180774	0.00069285038649	5.723546671e-05	5.12106807406e-05	2.40991438779e-05	3.01239298474e-06
0	0	0	0	0	0	0	0	0	0	0	0	0	0	0	0	0	0	0	0	0	0	0	0	0	0	0	0	0	0	0	0	0	0	0	0	0	0	0	0	0	0	0	0	0	0	0	0	0	0	0	0	0	0	0	0	0	0	0	0	0	0	0	0	0	0	0	0	0	0	0	0	0	0	0	0	0	0	0	0	0	0	0	0
5.12106807406e-05	6.02478596948e-06	6.02478596948e-06	0	0.0190654352004	0.000132545291329	0.00118688283599	0.00129231659045	0.000337388014291	0.00151523367132	0.00101216404287	0.000786234569017	0.00334978099903	0.000213879901916	0.00034341280026	0.000316301263398	1.2049571939e-05	3.01239298474e-06	0.000316301263398	0.000111458540435	0.00538314626373	1.50619649237e-05	3.01239298474e-06	8.43470035727e-05	0.00810333712895	0	0.00011447093342	3.31363228321e-05	0.00586512914129	0.00275031479507	0.000478970484574	4.81982877558e-05	1.80743579084e-05	0.00119290762196	0.00251233574927	1.50619649237e-05	3.01239298474e-06	0	0	0.003355805785	3.01239298474e-06	0.000108446147451	0.000244003831764	6.02478596948e-05	0.0035335369711	0.00448545315428	0.000105433754466	0.00152728324326	6.02478596948e-06	6.62726456643e-05	9.33841825269e-05	3.01239298474e-06	3.01239298474e-06	4.51858947711e-05	0	0.0072237183774	3.01239298474e-06	0	6.02478596948e-06	0.00443123008055	0	5.12106807406e-05	3.61487158169e-05	0.00118085805002	4.81982877558e-05	0	0	1.80743579084e-05	0	0.000259065796688	0.000527168772329	5.42230737253e-05	0.00169296485742	0.000412697838909	0.000138570077298	3.01239298474e-06	0	0.000394623481001	3.01239298474e-06	5.42230737253e-05	0	0.000367511944138	4.21735017863e-05	6.02478596948e-06
0.000307264084443	6.02478596948e-06	6.02478596948e-06	0	0.000132545291329	0.00729902820202	0.00227134431049	0.000352449979214	0.00145498581163	0.000186768365054	8.43470035727e-05	1.80743579084e-05	0.000575367060085	0	0.000590429025009	0.00228339388243	6.02478596948e-06	0	1.2049571939e-05	6.02478596948e-06	0.000337388014291	3.01239298474e-06	1.80743579084e-05	9.03717895422e-06	0.000475958091589	0	1.80743579084e-05	3.61487158169e-05	0.000590429025009	0.0010453003657	0.000367511944138	0	0.00273826522313	0.000641639705749	0.0020725263735	0	0	0	0	1.80743579084e-05	6.02478596948e-06	6.02478596948e-06	1.50619649237e-05	6.02478596948e-06	0.000186768365054	6.02478596948e-06	6.02478596948e-06	7.83222176032e-05	0	6.02478596948e-06	6.02478596948e-06	0	0	0	0	3.01239298474e-06	6.02478596948e-06	0	9.03717895422e-06	0.000168694007145	0	9.03717895422e-06	9.03717895422e-06	5.12106807406e-05	0	6.02478596948e-06	0	0	0	2.10867508932e-05	0.000325338442352	6.32602526795e-05	0.000852507214681	0.000680800814551	0.00193998108217	0.000683813207536	0	3.01239298474e-05	3.01239298474e-06	6.02478596948e-06	3.01239298474e-06	2.40991438779e-05	6.02478596948e-06	0
0.00155740717311	4.81982877558e-05	6.32602526795e-05	0	0.00118688283599	0.00227134431049	0.0435441405944	0.00720263162651	0.0173302968412	0.00121098197987	0.014799886734	0.000976015327056	0.0113085232647	0.000102421361481	0.00450352751219	0.00411794121014	0	2.10867508932e-05	0.000159656828191	0.000240991438779	0.00728697863008	6.62726456643e-05	2.10867508932e-05	8.1334610588e-05	0.00316602502696	9.03717895422e-06	0.000259065796688	0.000204842722962	0.00620552954856	0.00428964761027	0.000370524337123	4.21735017863e-05	0.00201529090679	0.000433784589802	0.00350040064827	6.02478596948e-06	1.80743579084e-05	3.01239298474e-06	0	0.000186768365054	3.01239298474e-06	4.81982877558e-05	1.2049571939e-05	6.02478596948e-06	0.000948903790193	0.000129532898344	1.80743579084e-05	0.00106337472361	3.01239298474e-06	3.01239298474e-05	9.03717895422e-06	9.03717895422e-06	9.03717895422e-06	0	9.03717895422e-06	0.000168694007145	9.03717895422e-06	3.01239298474e-06	2.71115368627e-05	0.00107542429555	0	3.31363228321e-05	2.10867508932e-05	0.000304251691459	3.01239298474e-05	0	0	0	0	7.53098246185e-05	0.00141281230984	0.000488007663528	0.0022894186684	0.000469933305619	0.00224724516662	0.000259065796688	3.01239298474e-06	9.94089684964e-05	1.2049571939e-05	2.71115368627e-05	1.2049571939e-05	3.31363228321e-05	1.80743579084e-05	3.01239298474e-06
0.00712129701592	3.31363228321e-05	0.00263283146866	0	0.00129231659045	0.000352449979214	0.00720263162651	0.054479127129	0.00911248877884	0.00187672082949	0.0116368741	0.00029220211952	0.000753098246185	3.61487158169e-05	0.00678692139462	0.000445834161741	9.03717895422e-06	0.000828408070803	0.000105433754466	0.00017170640013	0.00315096306204	0.00390707370121	4.21735017863e-05	0.00402154463463	0.00532892319	0	0.000873593965574	0.00105132515167	0.0288858363307	0.012441183027	0.0146281803339	0	0.00012049571939	0.00921491014032	0.00642242184346	0.000111458540435	2.40991438779e-05	3.01239298474e-05	0	0.000846482428712	3.01239298474e-06	0.000346425193245	0.000439809375772	0.000244003831764	0.00260270753881	0.000732011495292	0.000105433754466	0.00125014308867	1.2049571939e-05	0.000346425193245	9.03717895422e-06	3.31363228321e-05	3.31363228321e-05	1.80743579084e-05	9.03717895422e-06	0.000991077291979	5.12106807406e-05	2.10867508932e-05	0.000135557684313	0.00374741687302	3.01239298474e-06	0.000108446147451	0.000102421361481	0.00129231659045	0.000253041010718	5.723546671e-05	0	0	3.01239298474e-06	0.000424747410848	0.00174116314518	0.00028617733355	0.00497044842482	0.00188877040143	0.000370524337123	6.02478596948e-06	3.01239298474e-06	0.000403660659955	5.12106807406e-05	0.000213879901916	8.73593965574e-05	0.00034943758623	3.31363228321e-05	9.03717895422e-06
0.00377452840988	3.61487158169e-05	0.000111458540435	0	0.000337388014291	0.00145498581163	0.0173302968412	0.00911248877884	0.0365584012628	0.00130436616239	0.00671161157	0.00106939950958	0.00216892294901	0.000231954259825	0.0122574270549	0.000469933305619	9.03717895422e-06	2.71115368627e-05	0.000165681614161	0.000105433754466	0.0020333652647	0.000102421361481	2.71115368627e-05	0.000117483326405	0.00246112506853	3.01239298474e-06	0.000192793151023	0.000280152547581	0.00530482404613	0.00405769335044	0.000963965755117	8.1334610588e-05	0.00169296485742	0.000364499551153	0.0040456437785	2.10867508932e-05	1.80743579084e-05	3.01239298474e-06	0	0.000244003831764	0	6.62726456643e-05	5.42230737253e-05	4.21735017863e-05	0.00168995246444	0.000141582470283	1.2049571939e-05	0.000689837993505	0	0.000111458540435	3.01239298474e-06	0	9.03717895422e-06	0	3.01239298474e-06	9.63965755117e-05	9.03717895422e-06	3.01239298474e-06	2.40991438779e-05	0.00177429946801	0	3.01239298474e-05	3.31363228321e-05	0.000548255523223	6.32602526795e-05	9.03717895422e-06	0	3.01239298474e-06	0	0.000213879901916	0.00162669221176	0.000518131593375	0.00219302209289	0.0005723546671	0.000271115368627	0.000331363228321	3.01239298474e-06	0.000168694007145	1.2049571939e-05	0.000174718793115	8.43470035727e-05	6.62726456643e-05	6.9285038649e-05	5.42230737253e-05
0.00135557684313	0.00162066742579	0.000126520505359	0	0.00151523367132	0.000186768365054	0.00121098197987	0.00187672082949	0.00130436616239	0.0267590868834	0.000280152547581	0.000105433754466	0.00241292678078	2.40991438779e-05	0.00197612979799	0.00113567215525	0.000710924744398	6.9285038649e-05	4.51858947711e-05	1.80743579084e-05	0.000780209783047	0.00113567215525	0.005922364608	0.000159656828191	0.00769666407601	0.000472945698604	9.33841825269e-05	0.000126520505359	0.00731710255993	0.00385586302047	0.00437399461384	1.50619649237e-05	0.000159656828191	0.00218097252095	0.0022502575596	0.000313288870413	1.2049571939e-05	3.01239298474e-06	0	0.00172007639429	1.50619649237e-05	0.000765147818124	0.000623565347841	0.000976015327056	0.0111368168646	0.00115073412017	0.000111458540435	0.00209361312439	2.10867508932e-05	0.000701887565444	0.000180743579084	0.00158451870997	9.03717895422e-06	1.50619649237e-05	3.01239298474e-06	0.0021116874823	0.000222917080871	0.00248221181943	6.62726456643e-05	0.00951614943879	0	7.83222176032e-05	0.00011447093342	0.00376247883794	0.000439809375772	0.0010663871166	0	6.02478596948e-06	1.2049571939e-05	0.000825395677819	0.00109952343943	0.000180743579084	0.00052114398636	7.53098246185e-05	0.000954928576162	1.2049571939e-05	0	0.0010663871166	5.723546671e-05	0.00029220211952	0.000144594863267	0.00124110590971	6.32602526795e-05	3.01239298474e-06
0.000319313656382	9.03717895422e-06	2.71115368627e-05	0	0.00101216404287	8.43470035727e-05	0.014799886734	0.0116368741	0.00671161157	0.000280152547581	0.0280634530458	0.000602478596948	0.00298829384086	4.21735017863e-05	0.00252438532121	0.000102421361481	0	1.2049571939e-05	0.00017170640013	0.000283164940565	0.00654592995584	3.31363228321e-05	3.01239298474e-06	5.723546671e-05	0.00276537675999	3.01239298474e-06	0.000189780758039	6.9285038649e-05	0.0107241190257	0.00477464288081	0.000219904687886	9.03717895422e-06	0.000105433754466	0.00227134431049	0.00304552930757	0	3.01239298474e-06	3.01239298474e-06	0	6.62726456643e-05	0	3.01239298474e-05	3.01239298474e-06	0	0.000144594863267	0.000225929473855	0	0.00011447093342	0	1.80743579084e-05	0	0	1.2049571939e-05	0	3.01239298474e-06	0.000268102975642	9.03717895422e-06	0	2.40991438779e-05	0.000295214512504	0	3.01239298474e-06	3.01239298474e-06	5.42230737253e-05	1.80743579084e-05	0	0	0	0	2.71115368627e-05	0.000388598695031	0.000222917080871	0.00206650158753	0.000337388014291	9.03717895422e-06	0	0	3.01239298474e-06	1.2049571939e-05	9.03717895422e-06	0	0	3.01239298474e-06	0
0.000108446147451	2.40991438779e-05	6.32602526795e-05	0	0.000786234569017	1.80743579084e-05	0.000976015327056	0.00029220211952	0.00106939950958	0.000105433754466	0.000602478596948	0.0224152161994	0.00393719763105	0.00620552954856	0.00154234520819	2.10867508932e-05	0	0.000201830329978	0.00244305071062	0.00466318434038	0.0041842138558	6.9285038649e-05	0	0.000132545291329	0.000304251691459	0.000973002934071	0.004539676228	0.000364499551153	0.000713937137383	0.00824190720625	0.000222917080871	0.00204541483664	0.000370524337123	0.000518131593375	0.010257198113	0	2.10867508932e-05	0	0	0.000247016224749	0	6.32602526795e-05	9.03717895422e-06	2.10867508932e-05	0.000454871340696	0.000307264084443	0.00040064826697	0.000331363228321	0.000858532000651	4.21735017863e-05	0	0	0	5.42230737253e-05	1.2049571939e-05	0.000379561516077	3.01239298474e-06	0	2.40991438779e-05	0.000680800814551	0.000481982877558	0.000358474765184	0.000277140154596	0.000262078189672	1.50619649237e-05	0	9.03717895422e-06	6.02478596948e-06	0	6.32602526795e-05	0.000213879901916	0.00242196395973	0.0077569119357	9.63965755117e-05	1.80743579084e-05	6.02478596948e-06	0.000201830329978	3.31363228321e-05	0.000304251691459	9.03717895422e-06	0	1.2049571939e-05	0	9.94089684964e-05
0.000102421361481	2.40991438779e-05	1.2049571939e-05	0	0.00334978099903	0.000575367060085	0.0113085232647	0.000753098246185	0.00216892294901	0.00241292678078	0.00298829384086	0.00393719763105	0.0382724528711	0.000454871340696	0.00203035287171	0.0030395045216	0	4.21735017863e-05	0.00114169694122	0.00126821744658	0.016974834469	1.2049571939e-05	6.02478596948e-06	1.50619649237e-05	0.00270211650731	1.80743579084e-05	0.00111157301137	0.000108446147451	0.00217796012797	0.00860038197143	0.000162669221176	0.000117483326405	0.000295214512504	0.00040667305294	0.00664232653135	4.81982877558e-05	1.2049571939e-05	0	0	0.000445834161741	0	0.0032563968165	2.40991438779e-05	0.000102421361481	0.000710924744398	0.00564823684639	0.000825395677819	0.00719660684054	0.000180743579084	0.0014007627379	0	3.01239298474e-06	0	0.000183755972069	9.03717895422e-06	0.00386188780644	0	6.02478596948e-06	2.10867508932e-05	0.000966978148101	9.03717895422e-06	7.53098246185e-05	8.73593965574e-05	0.000397635873986	0.00101216404287	0	3.01239298474e-06	3.01239298474e-06	0	0.00145799820461	0.000340400407276	0.000289189726535	0.00426554846639	0.00023496665281	0.00112362258331	6.02478596948e-06	0	0.000213879901916	0.000186768365054	0.000265090582657	9.03717895422e-05	0.000183755972069	2.40991438779e-05	0
3.91611088016e-05	0.000180743579084	5.42230737253e-05	0	0.000213879901916	0	0.000102421361481	3.61487158169e-05	0.000231954259825	2.40991438779e-05	4.21735017863e-05	0.00620552954856	0.000454871340696	0.0173272844482	0.000310276477428	0	0	4.51858947711e-05	0.00034943758623	0.000340400407276	0.000334375621306	2.40991438779e-05	3.01239298474e-06	6.32602526795e-05	8.1334610588e-05	0.0042444617155	0.00211469987529	0.00403058181358	9.03717895422e-05	0.00118085805002	3.61487158169e-05	0.00214482380513	7.53098246185e-05	9.03717895422e-06	0.00135858923612	0	0.000280152547581	3.01239298474e-06	0	1.2049571939e-05	0	1.2049571939e-05	3.01239298474e-06	3.01239298474e-06	0.00011447093342	6.62726456643e-05	0.0012832794115	6.02478596948e-05	0.00375344165899	1.2049571939e-05	0	3.01239298474e-06	3.01239298474e-06	0.000165681614161	3.91611088016e-05	8.1334610588e-05	3.01239298474e-06	9.03717895422e-06	3.91611088016e-05	0.000150619649237	0.00161163024684	0.000897693109452	0.0007500858532	2.40991438779e-05	6.02478596948e-06	0	2.40991438779e-05	3.01239298474e-06	0	2.40991438779e-05	0.000322326049367	0.00492827492303	0.00264789343359	0.00023496665281	6.02478596948e-06	9.03717895422e-06	0.000593441417994	6.02478596948e-05	0.000551267916207	9.33841825269e-05	6.02478596948e-06	6.02478596948e-06	0	0.000156644435206
0.0132485043469	0.000180743579084	0.00203035287171	0	0.00034341280026	0.000590429025009	0.00450352751219	0.00678692139462	0.0122574270549	0.00197612979799	0.00252438532121	0.00154234520819	0.00203035287171	0.000310276477428	0.0378507178532	0.000475958091589	2.71115368627e-05	0.000557292702177	0.000204842722962	0.000174718793115	0.0030997523813	0.000777197390063	0.000222917080871	0.00235267892108	0.00204541483664	6.02478596948e-06	0.000991077291979	0.000915767467361	0.00475355612992	0.0183695724209	0.00726890427218	7.83222176032e-05	0.00337990492888	0.00270211650731	0.00567233599026	5.723546671e-05	3.01239298474e-05	4.51858947711e-05	0	0.000274127761611	3.01239298474e-06	0.000316301263398	0.000364499551153	0.00028617733355	0.0022502575596	0.00017170640013	3.61487158169e-05	0.000918779860345	6.02478596948e-06	0.000304251691459	6.02478596948e-06	1.50619649237e-05	9.03717895422e-06	9.03717895422e-06	6.02478596948e-06	0.000105433754466	4.81982877558e-05	2.10867508932e-05	3.61487158169e-05	0.0022894186684	0	8.43470035727e-05	0.00012049571939	0.0012049571939	9.33841825269e-05	0.000277140154596	0	9.03717895422e-06	0	0.00045788373368	0.001183870443	0.000533193558299	0.00316602502696	0.000982040113025	0.000388598695031	0.000147607256252	0	0.000373536730108	4.81982877558e-05	0.000244003831764	0.000105433754466	0.000376549123092	0.000117483326405	0.000123508112374
3.01239298474e-06	7.53098246185e-05	0	0	0.000316301263398	0.00228339388243	0.00411794121014	0.000445834161741	0.000469933305619	0.00113567215525	0.000102421361481	2.10867508932e-05	0.0030395045216	0	0.000475958091589	0.00966676908803	1.50619649237e-05	3.01239298474e-06	1.80743579084e-05	3.01239298474e-06	0.000545243130238	0	9.33841825269e-05	3.01239298474e-06	0.000819370891849	3.91611088016e-05	9.03717895422e-06	1.50619649237e-05	0.000554280309192	0.000912755074376	9.63965755117e-05	0	0.000834432856773	0.000331363228321	0.000488007663528	0	0	0	0	5.42230737253e-05	6.02478596948e-06	9.03717895422e-06	6.02478596948e-06	3.01239298474e-06	0.000231954259825	0.000102421361481	0	9.63965755117e-05	0	3.01239298474e-06	1.80743579084e-05	0	0	0	0	0.000117483326405	0	0	0	0.000165681614161	0	3.01239298474e-06	0	5.723546671e-05	6.02478596948e-06	0	0	0	0	9.03717895422e-06	0.000259065796688	3.01239298474e-06	0.000358474765184	0.000325338442352	0.00543736933745	2.71115368627e-05	0	0	0	3.01239298474e-06	0	1.50619649237e-05	3.01239298474e-06	0
4.51858947711e-05	0.000566329881131	0.000256053403703	0	1.2049571939e-05	6.02478596948e-06	0	9.03717895422e-06	9.03717895422e-06	0.000710924744398	0	0	0	0	2.71115368627e-05	1.50619649237e-05	0.0186918984703	0.000204842722962	0	0	3.01239298474e-06	0.0027232032582	0.00927214560703	0.00578078213771	0.00473246937903	3.01239298474e-06	0.000466920912635	0.00548556762521	0.00237376567197	7.53098246185e-05	0.000225929473855	6.02478596948e-06	0	4.21735017863e-05	0.000138570077298	0	1.80743579084e-05	1.2049571939e-05	0	3.01239298474e-06	0	0	9.03717895422e-06	0	8.43470035727e-05	3.01239298474e-06	0	3.01239298474e-06	0	0	0	0.00143992384671	1.2049571939e-05	0	0	3.01239298474e-06	0.00022894186684	0.00217796012797	0.0012441183027	9.03717895422e-05	0	8.43470035727e-05	0.000244003831764	9.03717895422e-05	9.03717895422e-06	1.2049571939e-05	0	0	0	1.80743579084e-05	0.000710924744398	0.000397635873986	3.61487158169e-05	0	3.61487158169e-05	0	0	5.723546671e-05	1.80743579084e-05	9.03717895422e-06	6.02478596948e-06	3.01239298474e-06	0	0
0.00143992384671	0.000969990541086	0.0182310023436	0	3.01239298474e-06	0	2.10867508932e-05	0.000828408070803	2.71115368627e-05	6.9285038649e-05	1.2049571939e-05	0.000201830329978	4.21735017863e-05	4.51858947711e-05	0.000557292702177	3.01239298474e-06	0.000204842722962	0.0338110988607	0.000593441417994	0.00281056265476	4.81982877558e-05	0.00583500521144	0.000210867508932	0.0149294196324	0.000192793151023	0.000102421361481	0.0151583614992	0.00731107777396	0.00087058157259	0.00242497635272	0.00938360414746	6.02478596948e-05	3.01239298474e-06	0.00046390851965	0.0044613540104	9.03717895422e-06	0.000367511944138	0.000873593965574	0	1.2049571939e-05	0	3.01239298474e-05	1.50619649237e-05	4.21735017863e-05	0.000132545291329	5.12106807406e-05	0.000195805544008	2.10867508932e-05	3.01239298474e-05	3.31363228321e-05	3.01239298474e-06	5.12106807406e-05	0.000481982877558	2.10867508932e-05	0.000680800814551	3.61487158169e-05	0.000117483326405	4.51858947711e-05	0.000328350835337	0.000159656828191	0	0.00205746440858	0.000840457642742	0.000132545291329	4.51858947711e-05	0.000105433754466	0	0	0	0.000280152547581	0.00169898964339	0.000397635873986	0.00210867508932	0.000924804646315	1.50619649237e-05	3.01239298474e-06	0	0.000557292702177	0.00183454732771	0.00023496665281	2.71115368627e-05	4.81982877558e-05	3.01239298474e-06	0
5.723546671e-05	5.12106807406e-05	0.000355462372199	0	0.000316301263398	1.2049571939e-05	0.000159656828191	0.000105433754466	0.000165681614161	4.51858947711e-05	0.00017170640013	0.00244305071062	0.00114169694122	0.00034943758623	0.000204842722962	1.80743579084e-05	0	0.000593441417994	0.00775992432869	0.00165079135564	0.00113567215525	0.000180743579084	1.80743579084e-05	0.00034341280026	0.000141582470283	6.62726456643e-05	0.00373536730108	0.000192793151023	0.000213879901916	0.00206348919455	0.000412697838909	0.000319313656382	1.50619649237e-05	5.42230737253e-05	0.00227435670348	0	2.10867508932e-05	0	0	4.81982877558e-05	0	5.12106807406e-05	3.01239298474e-06	2.40991438779e-05	0.000138570077298	0.00011447093342	5.42230737253e-05	0.000174718793115	4.81982877558e-05	3.01239298474e-05	0	0	0	1.2049571939e-05	6.02478596948e-06	0.000138570077298	2.40991438779e-05	3.01239298474e-06	3.01239298474e-05	0.000301239298474	0	0.000123508112374	0.000105433754466	5.723546671e-05	6.02478596948e-06	0	0	6.02478596948e-06	0	5.12106807406e-05	0.000524156379345	0.000518131593375	0.00284068658461	0.000240991438779	6.02478596948e-06	0	0	5.12106807406e-05	4.51858947711e-05	9.03717895422e-06	3.01239298474e-06	1.50619649237e-05	0	0
3.31363228321e-05	0.000159656828191	0.000244003831764	0	0.000111458540435	6.02478596948e-06	0.000240991438779	0.00017170640013	0.000105433754466	1.80743579084e-05	0.000283164940565	0.00466318434038	0.00126821744658	0.000340400407276	0.000174718793115	3.01239298474e-06	0	0.00281056265476	0.00165079135564	0.0138931564456	0.00164175417668	0.000602478596948	0	0.000677788421566	5.42230737253e-05	0.000147607256252	0.00864255547322	0.00119893240793	0.000370524337123	0.00233761695616	0.000858532000651	0.000147607256252	2.71115368627e-05	0.000445834161741	0.00454570101397	0	4.21735017863e-05	6.02478596948e-06	0	7.83222176032e-05	0	1.2049571939e-05	0	3.01239298474e-06	0.000102421361481	6.62726456643e-05	0.000430772196818	8.1334610588e-05	0.000117483326405	6.02478596948e-06	0	0	3.01239298474e-06	6.02478596948e-05	0.000373536730108	8.43470035727e-05	1.2049571939e-05	3.01239298474e-06	6.02478596948e-06	0.000144594863267	2.40991438779e-05	0.00092179225333	0.000289189726535	7.53098246185e-05	3.01239298474e-06	0	9.03717895422e-06	0	0	2.40991438779e-05	0.000168694007145	0.000277140154596	0.0022502575596	0.00012049571939	3.01239298474e-06	0	0	1.80743579084e-05	0.000888655930498	3.01239298474e-05	3.01239298474e-06	3.01239298474e-06	0	0
0.000581391846055	3.61487158169e-05	3.01239298474e-05	0	0.00538314626373	0.000337388014291	0.00728697863008	0.00315096306204	0.0020333652647	0.000780209783047	0.00654592995584	0.0041842138558	0.016974834469	0.000334375621306	0.0030997523813	0.000545243130238	3.01239298474e-06	4.81982877558e-05	0.00113567215525	0.00164175417668	0.0316180767678	4.81982877558e-05	6.02478596948e-06	0.00017170640013	0.00145498581163	1.80743579084e-05	0.00129532898344	0.000147607256252	0.00723878034233	0.0132093432381	0.000268102975642	8.73593965574e-05	0.000216892294901	0.00343111560962	0.0101397147866	3.01239298474e-06	1.80743579084e-05	0	0	0.0021327742332	0	0.000355462372199	1.50619649237e-05	3.31363228321e-05	0.00270211650731	0.00234062934914	6.32602526795e-05	0.00206348919455	2.71115368627e-05	0.000126520505359	3.01239298474e-06	6.02478596948e-06	0	1.50619649237e-05	0	0.00374139208705	6.02478596948e-06	3.01239298474e-06	9.03717895422e-06	0.00311481434622	0	1.2049571939e-05	3.91611088016e-05	0.00118989522897	0.000135557684313	3.01239298474e-06	0	6.02478596948e-06	0	0.000277140154596	0.00075611063917	0.000397635873986	0.00701887565444	0.00133449009224	0.000268102975642	6.02478596948e-06	0	0.000144594863267	3.91611088016e-05	6.62726456643e-05	9.03717895422e-06	0.00011447093342	3.31363228321e-05	0
0.000960953362132	0.000132545291329	0.00804308926925	0	1.50619649237e-05	3.01239298474e-06	6.62726456643e-05	0.00390707370121	0.000102421361481	0.00113567215525	3.31363228321e-05	6.9285038649e-05	1.2049571939e-05	2.40991438779e-05	0.000777197390063	0	0.0027232032582	0.00583500521144	0.000180743579084	0.000602478596948	4.81982877558e-05	0.0518643700183	0.00379260276779	0.0299040251595	0.000924804646315	2.71115368627e-05	0.00444629204548	0.00420228821371	0.0107512305625	0.00361788397467	0.0203667889698	3.61487158169e-05	6.02478596948e-06	0.00273224043716	0.0053500099409	0.00023496665281	3.61487158169e-05	0.000117483326405	0	3.01239298474e-06	0	0.00028617733355	0.00040064826697	0.000735023888276	0.000418722624879	1.80743579084e-05	2.10867508932e-05	1.2049571939e-05	9.03717895422e-06	0.000397635873986	0	0.00157246913803	7.22974316337e-05	6.02478596948e-06	9.03717895422e-06	9.03717895422e-06	0.0030997523813	0.00368114422735	0.00190081997337	0.000225929473855	0	0.00023496665281	0.000304251691459	0.00212373705424	0.000180743579084	0.00372030533615	0	3.01239298474e-06	1.2049571939e-05	6.62726456643e-05	0.00247016224749	0.000617540561872	0.00343111560962	0.00177429946801	0.000569342274116	2.40991438779e-05	3.01239298474e-06	0.000337388014291	7.53098246185e-05	0.000108446147451	5.723546671e-05	0.000129532898344	9.03717895422e-06	0
0.000216892294901	0.0073231273459	0.000388598695031	0	3.01239298474e-06	1.80743579084e-05	2.10867508932e-05	4.21735017863e-05	2.71115368627e-05	0.005922364608	3.01239298474e-06	0	6.02478596948e-06	3.01239298474e-06	0.000222917080871	9.33841825269e-05	0.00927214560703	0.000210867508932	1.80743579084e-05	0	6.02478596948e-06	0.00379260276779	0.0381127960429	0.00925407124912	0.00595851332381	0.000554280309192	0.000599466203963	0.0125104680656	0.00573258384996	0.000126520505359	0.000506082021436	0	1.2049571939e-05	2.10867508932e-05	0.00023496665281	3.31363228321e-05	0.000153632042222	0.000138570077298	0	3.01239298474e-06	0	3.01239298474e-06	0.000108446147451	9.03717895422e-06	0.00261475711075	0	9.03717895422e-06	9.03717895422e-06	0	1.50619649237e-05	3.01239298474e-06	0.00922695971226	7.22974316337e-05	3.01239298474e-06	1.50619649237e-05	0	0.00175020032413	0.0159566456402	0.00481380398961	0.0026057199318	0	0.000156644435206	0.00543736933745	0.00191889433128	5.723546671e-05	0.000138570077298	0	0	2.10867508932e-05	6.9285038649e-05	0.00109651104645	0.000620552954856	0.00012049571939	2.71115368627e-05	0.000924804646315	0	0	0.000418722624879	9.33841825269e-05	6.62726456643e-05	9.03717895422e-06	1.50619649237e-05	3.01239298474e-06	3.01239298474e-06
0.00341304125171	0.000665738849627	0.0227887529296	0	8.43470035727e-05	9.03717895422e-06	8.1334610588e-05	0.00402154463463	0.000117483326405	0.000159656828191	5.723546671e-05	0.000132545291329	1.50619649237e-05	6.32602526795e-05	0.00235267892108	3.01239298474e-06	0.00578078213771	0.0149294196324	0.00034341280026	0.000677788421566	0.00017170640013	0.0299040251595	0.00925407124912	0.0832565173122	0.0010663871166	4.51858947711e-05	0.00847687385906	0.0190533856285	0.00678692139462	0.0032172357077	0.0168724131075	9.03717895422e-05	2.71115368627e-05	0.00118989522897	0.00570848470608	6.9285038649e-05	8.43470035727e-05	0.000427759803833	0	2.10867508932e-05	0	9.03717895422e-05	0.000298226905489	0.000186768365054	0.000222917080871	8.1334610588e-05	3.61487158169e-05	4.81982877558e-05	2.40991438779e-05	0.000102421361481	3.01239298474e-06	0.00429567239624	0.000168694007145	6.02478596948e-06	7.53098246185e-05	5.12106807406e-05	0.00253944728614	0.00911851356481	0.00828709310102	0.000409685445925	0	0.000533193558299	0.00104228797272	0.00165079135564	0.000153632042222	0.00151222127834	0	0	1.2049571939e-05	0.000180743579084	0.00938059175448	0.00107843668854	0.00881124948036	0.00511504328809	0.00114169694122	3.31363228321e-05	3.01239298474e-06	0.00141281230984	0.000719961923353	0.000394623481001	0.000207855115947	9.63965755117e-05	3.01239298474e-05	3.01239298474e-06
0.00170802682235	0.00127122983956	0.000244003831764	0	0.00810333712895	0.000475958091589	0.00316602502696	0.00532892319	0.00246112506853	0.00769666407601	0.00276537675999	0.000304251691459	0.00270211650731	8.1334610588e-05	0.00204541483664	0.000819370891849	0.00473246937903	0.000192793151023	0.000141582470283	5.42230737253e-05	0.00145498581163	0.000924804646315	0.00595851332381	0.0010663871166	0.0412004988523	6.32602526795e-05	0.000382573909062	0.00202432808574	0.0204661979383	0.00522650182852	0.00443725486652	1.80743579084e-05	0.00012049571939	0.00429868478922	0.00491020056512	8.43470035727e-05	1.50619649237e-05	1.50619649237e-05	0	0.00261174471777	6.02478596948e-06	9.33841825269e-05	0.000569342274116	6.02478596948e-05	0.00671763635597	0.00106036233063	4.81982877558e-05	0.000644652098734	0	0.000108446147451	0.000129532898344	0.000280152547581	1.2049571939e-05	1.50619649237e-05	0	0.00233460456317	0.000108446147451	0.000488007663528	0.00034943758623	0.00499755996168	0	9.33841825269e-05	0.000198817936993	0.00264789343359	7.22974316337e-05	6.9285038649e-05	0	3.01239298474e-06	0	0.000123508112374	0.0023496665281	0.000316301263398	0.00272621565119	0.000741048674246	0.000988064898994	2.71115368627e-05	0	0.000759123032154	1.50619649237e-05	0.000141582470283	0.000105433754466	0.000156644435206	1.2049571939e-05	6.02478596948e-06
0	0.00175321271712	1.50619649237e-05	0	0	0	9.03717895422e-06	0	3.01239298474e-06	0.000472945698604	3.01239298474e-06	0.000973002934071	1.80743579084e-05	0.0042444617155	6.02478596948e-06	3.91611088016e-05	3.01239298474e-06	0.000102421361481	6.62726456643e-05	0.000147607256252	1.80743579084e-05	2.71115368627e-05	0.000554280309192	4.51858947711e-05	6.32602526795e-05	0.0103144335797	0.000918779860345	0.00314493827607	3.01239298474e-06	3.01239298474e-05	0.000132545291329	4.81982877558e-05	9.03717895422e-06	0	0.000111458540435	0	0.000738036281261	1.2049571939e-05	0	0	0	0	0	0	3.01239298474e-06	0	0.000885643537513	3.01239298474e-06	0.00273525283014	0	0	0	6.02478596948e-06	0.000153632042222	0.000108446147451	0	0	3.01239298474e-06	0	3.01239298474e-06	0.00196106783307	0.00123508112374	0.00106337472361	0	6.02478596948e-06	0	3.01239298474e-05	0	0	6.02478596948e-06	5.42230737253e-05	0.00119290762196	0.000165681614161	0	0.000391611088016	0	0.000397635873986	6.02478596948e-06	5.723546671e-05	8.43470035727e-05	3.01239298474e-06	0	0	0.000156644435206
0.00197612979799	0.00260270753881	0.0158361499208	0	0.00011447093342	1.80743579084e-05	0.000259065796688	0.000873593965574	0.000192793151023	9.33841825269e-05	0.000189780758039	0.004539676228	0.00111157301137	0.00211469987529	0.000991077291979	9.03717895422e-06	0.000466920912635	0.0151583614992	0.00373536730108	0.00864255547322	0.00129532898344	0.00444629204548	0.000599466203963	0.00847687385906	0.000382573909062	0.000918779860345	0.0791325513161	0.0260270753881	0.00117483326405	0.00503973346347	0.00940469089836	0.00300938059175	5.12106807406e-05	0.00100011447093	0.00783824654629	6.02478596948e-06	0.00493731210199	0.000231954259825	0	6.62726456643e-05	0	3.01239298474e-06	2.71115368627e-05	2.40991438779e-05	0.000250028617733	5.42230737253e-05	0.00399744549075	6.62726456643e-05	0.00245811267555	1.80743579084e-05	0	0.000159656828191	0.000623565347841	0.0010061392569	0.00614528168887	5.723546671e-05	6.02478596948e-05	0.000144594863267	0.000337388014291	0.000334375621306	0.00111458540435	0.0143902012881	0.00878715033648	0.000198817936993	2.40991438779e-05	2.40991438779e-05	0.000144594863267	0	0	0.000584404239039	0.00519336550569	0.0056060633446	0.00523855140046	0.00138268838	7.22974316337e-05	6.02478596948e-06	1.2049571939e-05	0.000855519607666	0.00341605364469	0.000957940969147	9.33841825269e-05	2.71115368627e-05	1.2049571939e-05	5.42230737253e-05
0.000837445249758	0.0161885999	0.0213488290828	0	3.31363228321e-05	3.61487158169e-05	0.000204842722962	0.00105132515167	0.000280152547581	0.000126520505359	6.9285038649e-05	0.000364499551153	0.000108446147451	0.00403058181358	0.000915767467361	1.50619649237e-05	0.00548556762521	0.00731107777396	0.000192793151023	0.00119893240793	0.000147607256252	0.00420228821371	0.0125104680656	0.0190533856285	0.00202432808574	0.00314493827607	0.0260270753881	0.111925461348	0.00412999078208	0.0011055482254	0.00377452840988	0.000888655930498	0.000144594863267	0.000475958091589	0.00421132539267	2.10867508932e-05	0.00832324181683	0.00281959983372	0	2.71115368627e-05	6.02478596948e-06	3.91611088016e-05	4.51858947711e-05	4.51858947711e-05	0.000210867508932	3.61487158169e-05	0.00264789343359	5.42230737253e-05	0.00282863701267	6.32602526795e-05	6.02478596948e-06	0.00429868478922	0.00124110590971	0.000942879004223	0.0034552147535	3.31363228321e-05	0.000397635873986	0.00699778890355	0.00478368005977	0.000753098246185	0.00181346057681	0.0106759207379	0.0212283333635	0.000331363228321	0.000135557684313	0.000159656828191	8.1334610588e-05	0	3.01239298474e-06	0.00101818882884	0.0111097053277	0.00500960953362	0.00299130623385	0.000994089684964	9.63965755117e-05	3.01239298474e-06	3.31363228321e-05	0.00214482380513	0.00234364174213	0.00139473795193	0.000108446147451	0.00011447093342	2.40991438779e-05	7.22974316337e-05
0.00311180195324	0.0001777311861	0.00186165886457	0	0.00586512914129	0.000590429025009	0.00620552954856	0.0288858363307	0.00530482404613	0.00731710255993	0.0107241190257	0.000713937137383	0.00217796012797	9.03717895422e-05	0.00475355612992	0.000554280309192	0.00237376567197	0.00087058157259	0.000213879901916	0.000370524337123	0.00723878034233	0.0107512305625	0.00573258384996	0.00678692139462	0.0204661979383	3.01239298474e-06	0.00117483326405	0.00412999078208	0.078566221435	0.0116338617071	0.0151101632115	3.01239298474e-05	0.000183755972069	0.00891969562781	0.0103204583657	0.000939866611239	6.32602526795e-05	6.32602526795e-05	0	0.00417517667685	0	0.000346425193245	0.00115675890614	0.000418722624879	0.0114892668438	0.00275332718805	0.00012049571939	0.00119592001494	1.50619649237e-05	0.00098505250601	3.31363228321e-05	0.00286478572849	3.31363228321e-05	1.80743579084e-05	1.2049571939e-05	0.00476259330887	0.00162066742579	0.00421433778565	0.000656701670673	0.0102511733271	3.01239298474e-06	0.000183755972069	0.000448846554726	0.00719961923353	0.00100312686392	0.00109952343943	3.01239298474e-06	3.01239298474e-06	2.40991438779e-05	0.000409685445925	0.00547954283924	0.000855519607666	0.00655797952778	0.00218097252095	0.000969990541086	3.61487158169e-05	3.01239298474e-06	0.00137666359403	7.53098246185e-05	0.000277140154596	0.000138570077298	0.000298226905489	3.01239298474e-05	1.2049571939e-05
0.00752797006886	0.00011447093342	0.00229544345437	0	0.00275031479507	0.0010453003657	0.00428964761027	0.012441183027	0.00405769335044	0.00385586302047	0.00477464288081	0.00824190720625	0.00860038197143	0.00118085805002	0.0183695724209	0.000912755074376	7.53098246185e-05	0.00242497635272	0.00206348919455	0.00233761695616	0.0132093432381	0.00361788397467	0.000126520505359	0.0032172357077	0.00522650182852	3.01239298474e-05	0.00503973346347	0.0011055482254	0.0116338617071	0.0747555443093	0.0272862556558	0.000316301263398	0.0032172357077	0.0280544158669	0.036311385038	0.000674776028582	5.42230737253e-05	5.12106807406e-05	0	0.00108747386749	3.31363228321e-05	0.00141883709581	0.00234364174213	0.0016176550328	0.00484995270543	0.00115374651316	0.000575367060085	0.00437098222086	0.00012049571939	0.00134955205716	9.03717895422e-06	3.61487158169e-05	3.01239298474e-05	0.000126520505359	9.03717895422e-06	0.000936854218254	0.000316301263398	9.03717895422e-06	0.000337388014291	0.00638928552063	0	0.000361487158169	0.000162669221176	0.00258162078792	0.00069285038649	0.00178333664697	0	7.53098246185e-05	1.50619649237e-05	0.00213879901916	0.00799187858851	0.00203939005067	0.0198064838747	0.00435592025593	0.000728999102307	5.12106807406e-05	3.01239298474e-06	0.00143088666775	0.000141582470283	0.000786234569017	0.000189780758039	0.00233159217019	0.000364499551153	0.000325338442352
0.00982642591622	0.000265090582657	0.0115675890614	0	0.000478970484574	0.000367511944138	0.000370524337123	0.0146281803339	0.000963965755117	0.00437399461384	0.000219904687886	0.000222917080871	0.000162669221176	3.61487158169e-05	0.00726890427218	9.63965755117e-05	0.000225929473855	0.00938360414746	0.000412697838909	0.000858532000651	0.000268102975642	0.0203667889698	0.000506082021436	0.0168724131075	0.00443725486652	0.000132545291329	0.00940469089836	0.00377452840988	0.0151101632115	0.0272862556558	0.0720624649809	3.01239298474e-05	5.723546671e-05	0.0179418126171	0.0172911357324	0.000843470035727	8.1334610588e-05	0.000126520505359	0	0.000207855115947	2.71115368627e-05	0.00126821744658	0.00267199257746	0.0023285797772	0.00359679722378	0.000111458540435	0.00034943758623	0.001777311861	8.43470035727e-05	0.00157548153102	3.01239298474e-06	0.000132545291329	4.81982877558e-05	0.000123508112374	2.10867508932e-05	4.51858947711e-05	0.000744061067231	0.000186768365054	0.000539218344268	0.00206650158753	3.01239298474e-06	0.000475958091589	0.000307264084443	0.00303046734265	0.000780209783047	0.00486802706334	3.01239298474e-06	2.71115368627e-05	3.01239298474e-05	0.000698875172459	0.00613624450991	0.000698875172459	0.00881124948036	0.00295214512504	0.000780209783047	3.01239298474e-05	3.01239298474e-06	0.00162669221176	0.000129532898344	0.000310276477428	9.63965755117e-05	0.00231050541929	0.00011447093342	6.62726456643e-05
