0.0358860103996	6.40630950305e-05	0.00848836009154	0	0.000177953041751	4.27087300203e-05	0.00249134258452	0.0134710452606	0.00991198442555	3.55906083503e-05	0.00626750613048	0.00184715257338	0.00296113861474	1.77953041751e-05	0.0283443604902	2.84724866802e-05	5.33859125254e-05	0.00339890309745	0.00112466322387	0.000754520897026	0.00134176593481	0.0039327622227	4.62677908553e-05	0.00906848700765	0.000743843714521	0	0.00296113861474	0.000306079231812	0.00593651347282	0.0177490363843	0.00875173059333	2.13543650102e-05	0.00067978061949	0.00129905720478	0.00408936089945	1.06771825051e-05	5.69449733604e-05	1.77953041751e-05	0	2.13543650102e-05	0	1.06771825051e-05	9.60946425457e-05	0.000124567129226	0.000491150395234	3.55906083503e-06	1.06771825051e-05	2.49134258452e-05	7.11812167005e-06	0.000128126190061	1.42362433401e-05	3.91496691853e-05	1.77953041751e-05	0	1.42362433401e-05	1.06771825051e-05	0.000138803372566	7.11812167005e-06	3.20315475152e-05	0.000847056478736	3.55906083503e-06	2.13543650102e-05	0.000135244311731	0.000444882604378	1.06771825051e-05	0.000188630224256	3.55906083503e-06	0	0	3.20315475152e-05	0.000626394706965	0.000444882604378	0.00371210045093	0.000551654429429	2.84724866802e-05	1.06771825051e-05	1.06771825051e-05	0.000284724866802	7.11812167005e-06	6.05040341955e-05	3.55906083503e-06	0.000409291996028	0.000124567129226	3.55906083503e-06
6.40630950305e-05	0.0300776231168	0.00483320461397	0	1.42362433401e-05	0	3.91496691853e-05	0.000259811440957	7.11812167005e-06	0.00170479013998	0.000131685250896	0.000106771825051	0.000110330885886	0.000882647087087	0.000313197353482	3.55906083503e-06	0.00171902638332	0.00101789139882	2.49134258452e-05	0.000669103436985	8.89765208757e-05	0.000199307406762	0.00591160004698	0.000501827577739	0.00309282386564	0.00198239688511	0.00467660593723	0.0252693319287	0.000612158463625	0.000761639018696	7.82993383706e-05	2.84724866802e-05	3.55906083503e-06	0.000224220832607	0.00100365515548	1.42362433401e-05	0.0145885903628	0.000896883330427	0	0	0	8.18583992056e-05	9.60946425457e-05	6.76221558655e-05	0.000377260448513	2.84724866802e-05	0.000142362433401	5.33859125254e-05	0.000121008068391	7.11812167005e-05	0.000121008068391	0.000188630224256	0.00249490164535	7.11812167005e-05	0.000419969178533	0	7.11812167005e-05	0.00156598676741	0.000747402775356	0.000444882604378	0.000345228900998	0.0016763176533	0.0125670438085	8.18583992056e-05	4.98268516904e-05	7.47402775356e-05	3.20315475152e-05	0	3.55906083503e-06	0.000740284653686	0.00278318557299	0.0028757211547	0.000750961836191	0.000199307406762	0.000113889946721	0	7.11812167005e-06	0.00135600217815	0.000106771825051	0.000359465144338	0.000245575197617	0.000192189285091	3.20315475152e-05	0
0.00848836009154	0.00483320461397	0.0628636915291	0	1.06771825051e-05	3.55906083503e-05	6.05040341955e-05	0.00404309310859	0.00252693319287	8.18583992056e-05	9.60946425457e-05	0.000163716798411	9.96537033808e-05	1.77953041751e-05	0.00682627868158	3.55906083503e-06	0.000989418912137	0.0144853775986	6.76221558655e-05	0.000455559786883	8.18583992056e-05	0.0075594452136	0.000583685976944	0.0240663693665	0.000459118847718	7.11812167005e-06	0.0105383791325	0.0227317215533	0.00491862207401	0.00558060738932	0.00650240414559	2.13543650102e-05	0.000103212764216	0.000391496691853	0.00159090019326	3.91496691853e-05	0.00302876077061	0.00720353913009	0	7.11812167005e-06	0	8.18583992056e-05	0.000217102710937	0.000174393980916	0.000462677908553	6.76221558655e-05	0.000359465144338	7.47402775356e-05	3.55906083503e-06	0.000117449007556	5.33859125254e-05	0.00102145045965	0.0062283564613	5.69449733604e-05	0.00065842625448	2.13543650102e-05	0.00153751428073	0.00127414377894	0.00667323906568	0.000423528239368	1.77953041751e-05	0.00068689874116	0.00438120388792	0.000348787961833	0.000640630950305	0.000612158463625	0	0	2.13543650102e-05	0.00521758318415	0.00319247756902	0.00203578279764	0.00247354728034	0.00337043061077	1.42362433401e-05	3.55906083503e-05	0	0.00144853775986	0.000459118847718	0.00312485541315	0.000537418186089	0.000238457075947	7.82993383706e-05	0
0	0	0	0	0	0	0	0	0	0	0	0	0	0	0	0	0	0	0	0	0	0	0	0	0	0	0	0	0	0	0	0	0	0	0	0	0	0	0	0	0	0	0	0	0	0	0	0	0	0	0	0	0	0	0	0	0	0	0	0	0	0	0	0	0	0	0	0	0	0	0	0	0	0	0	0	0	0	0	0	0	0	0	0
0.000177953041751	1.42362433401e-05	1.06771825051e-05	0	0.0219949959605	3.55906083503e-06	0.000900442391262	0.000825702113726	0.000384378570183	0.00150548273322	0.00292910706723	0.000921796756272	0.00650952226726	0	0.000519622881914	0.00064419001114	7.11812167005e-06	0.000121008068391	7.11812167005e-05	0.000597922220285	0.0107056549918	9.60946425457e-05	1.06771825051e-05	9.60946425457e-05	0.0117591369989	0	0.000384378570183	2.13543650102e-05	0.0081288949472	0.00202510561513	0.000106771825051	3.55906083503e-06	5.33859125254e-05	0.00156954582825	0.00181156196503	0	3.55906083503e-06	0	0	0.00290775270222	0	7.47402775356e-05	0	5.33859125254e-05	0.00304299701395	6.40630950305e-05	1.06771825051e-05	0.000850615539571	0	7.11812167005e-06	0.000199307406762	0	0	7.11812167005e-06	0	0.00234898015112	0	3.55906083503e-06	0	0.0039825890744	0	0	1.42362433401e-05	0.00130617532645	0	0	0	0	0	7.11812167005e-06	0.000765198079531	0.000288283927637	0.0015339552199	0.000473355091059	0.000733166532016	0	3.55906083503e-06	1.42362433401e-05	0	1.42362433401e-05	3.55906083503e-06	6.40630950305e-05	2.13543650102e-05	0
4.27087300203e-05	0	3.55906083503e-05	0	3.55906083503e-06	0.00571585170105	0.00103212764216	3.55906083503e-05	0.000797229627046	1.06771825051e-05	0.000121008068391	3.91496691853e-05	0.000138803372566	3.55906083503e-06	0.000633512828635	0.000562331611934	3.55906083503e-06	1.06771825051e-05	0	1.06771825051e-05	4.27087300203e-05	2.13543650102e-05	0	8.54174600406e-05	2.13543650102e-05	0	1.77953041751e-05	3.91496691853e-05	2.49134258452e-05	0.00227068081275	7.11812167005e-06	7.11812167005e-06	0.00351279304417	1.06771825051e-05	0.0016869948358	0	0	0	0	0	0	3.55906083503e-06	0	7.11812167005e-06	7.11812167005e-06	0	0	0	0	7.11812167005e-06	3.55906083503e-06	0	0	0	0	0	0	0	7.11812167005e-06	3.55906083503e-06	0	0	7.11812167005e-06	3.55906083503e-06	0	0	0	0	0	3.55906083503e-06	0.000387937631018	6.40630950305e-05	0.00065130813281	0.000605040341955	0.00114245852804	0.00138803372566	3.55906083503e-06	0	0	1.77953041751e-05	1.77953041751e-05	1.06771825051e-05	3.55906083503e-06	0
0.00249134258452	3.91496691853e-05	6.05040341955e-05	0	0.000900442391262	0.00103212764216	0.0256181198905	0.000416410117698	0.00620700209629	0.000106771825051	0.010591765045	0.00149480555071	0.0128517686753	1.06771825051e-05	0.00812177682553	0.0037085413901	2.49134258452e-05	0.000213543650102	0.000626394706965	0.000750961836191	0.00456627505134	0.000153039615906	7.11812167005e-06	0.000213543650102	0.00139871090817	0	0.00149480555071	8.89765208757e-05	0.0016763176533	0.006299537678	0.000202866467597	2.13543650102e-05	0.00246642915867	9.96537033808e-05	0.00368362796425	3.55906083503e-06	2.84724866802e-05	0	0	3.55906083503e-06	0	4.27087300203e-05	3.55906083503e-06	6.40630950305e-05	6.05040341955e-05	1.06771825051e-05	1.42362433401e-05	4.98268516904e-05	3.55906083503e-06	3.55906083503e-05	3.20315475152e-05	0	0	0	0	3.55906083503e-06	0	3.55906083503e-06	0	4.98268516904e-05	3.55906083503e-06	3.55906083503e-06	3.55906083503e-05	1.06771825051e-05	1.06771825051e-05	0	3.55906083503e-06	0	0	0	0.000871969904582	0.000505386638574	0.00337398967161	0.000832820235396	0.000345228900998	3.91496691853e-05	1.42362433401e-05	1.06771825051e-05	0	3.91496691853e-05	3.20315475152e-05	3.91496691853e-05	4.62677908553e-05	0
0.0134710452606	0.000259811440957	0.00404309310859	0	0.000825702113726	3.55906083503e-05	0.000416410117698	0.0476700608243	0.00705405857502	0.000626394706965	0.00623191552213	0.00194324721592	0.000195748345926	1.06771825051e-05	0.012987012987	0.000242016136782	0.000117449007556	0.000391496691853	0.000149480555071	0.00106771825051	0.000106771825051	0.00141294715151	0.000281165805967	0.00524605567083	0.00325654066405	0	0.00128126190061	0.00116381289305	0.0254330487271	0.0133429190705	0.0111434194745	4.27087300203e-05	0.00068689874116	0.00802212312215	0.00633156922551	4.62677908553e-05	0.000177953041751	8.54174600406e-05	0	0.00060148128112	0	0.000103212764216	0.000227779893442	0.000380819509348	0.00494709456069	0.000138803372566	3.55906083503e-05	2.13543650102e-05	0	0.000434205421873	6.05040341955e-05	7.47402775356e-05	5.33859125254e-05	1.06771825051e-05	3.55906083503e-05	0.000121008068391	5.69449733604e-05	2.13543650102e-05	0.000277606745132	0.00477625964061	3.55906083503e-06	5.33859125254e-05	0.000266929562627	0.00194680627676	0.000103212764216	0.000117449007556	0	0	0	0.000110330885886	0.00253405131454	0.000882647087087	0.00483320461397	0.00114957664971	0.000192189285091	3.55906083503e-06	2.84724866802e-05	0.00172970356582	5.33859125254e-05	9.25355817107e-05	3.55906083503e-05	0.00121719880558	0.000281165805967	0
0.00991198442555	7.11812167005e-06	0.00252693319287	0	0.000384378570183	0.000797229627046	0.00620700209629	0.00705405857502	0.0301096546643	2.49134258452e-05	0.00888341584423	9.96537033808e-05	0.00204290091931	3.91496691853e-05	0.0191477472924	0.000647749071975	5.69449733604e-05	5.69449733604e-05	2.13543650102e-05	5.69449733604e-05	0.000711812167005	0.000459118847718	3.91496691853e-05	0.00300384734476	0.0012705847181	0	0.000131685250896	0.000209984589267	0.00387225818851	0.00679424713407	0.000523181942749	7.11812167005e-06	0.00473710997142	0.000284724866802	0.0030074064056	0	1.42362433401e-05	7.11812167005e-06	0	2.49134258452e-05	0	0.000277606745132	7.82993383706e-05	0.000263370501792	0.000220661771772	8.89765208757e-05	0.000291842988472	6.40630950305e-05	1.42362433401e-05	9.60946425457e-05	8.18583992056e-05	4.27087300203e-05	1.42362433401e-05	0	3.55906083503e-06	3.20315475152e-05	0.000128126190061	2.49134258452e-05	3.91496691853e-05	0.000647749071975	0	3.55906083503e-06	8.18583992056e-05	0.000327433596822	1.42362433401e-05	0.000170834920081	0	0	0	2.49134258452e-05	0.00107839543301	0.000366583266008	0.00222797208273	0.00157310488908	8.54174600406e-05	0.000156598676741	3.20315475152e-05	0.000259811440957	3.55906083503e-06	0.000199307406762	0.000398614813523	0.000569449733604	0.000387937631018	1.77953041751e-05
3.55906083503e-05	0.00170479013998	8.18583992056e-05	0	0.00150548273322	1.06771825051e-05	0.000106771825051	0.000626394706965	2.49134258452e-05	0.0190908023191	0.000199307406762	7.11812167005e-06	0.00230983048193	0.000135244311731	0.000149480555071	0.000330992657657	0.00120652162307	0.000121008068391	1.06771825051e-05	0.000128126190061	0.00135244311731	0.000583685976944	0.00405732935193	0.000263370501792	0.00789399693209	0.000195748345926	0.000476914151894	0.00183647539087	0.00355550177419	0.000302520170977	0.00332772188075	7.11812167005e-06	3.55906083503e-05	0.000199307406762	0.000430646361038	1.06771825051e-05	0.000131685250896	9.60946425457e-05	0	0.00069401686283	0	8.54174600406e-05	0.000249134258452	0.000252693319287	0.0072142163126	1.42362433401e-05	4.27087300203e-05	0.000181512102586	0	0.000181512102586	0.000185071163421	0.000473355091059	1.77953041751e-05	1.06771825051e-05	2.13543650102e-05	0.000864851782912	2.49134258452e-05	0.000252693319287	5.33859125254e-05	0.0032316272382	3.55906083503e-06	0.000110330885886	0.000306079231812	0.000772316201201	1.42362433401e-05	0.000373701387678	0	0	1.42362433401e-05	3.20315475152e-05	0.00154819146324	0.000526741003584	0.000266929562627	0.000110330885886	0.00128838002228	0	3.55906083503e-06	0.00219238147438	4.62677908553e-05	9.60946425457e-05	6.76221558655e-05	0.000733166532016	0.000121008068391	3.55906083503e-06
0.00626750613048	0.000131685250896	9.60946425457e-05	0	0.00292910706723	0.000121008068391	0.010591765045	0.00623191552213	0.00888341584423	0.000199307406762	0.0477341239194	0.00233118484694	0.0102322999007	1.06771825051e-05	0.0124211223142	0.00124211223142	4.27087300203e-05	0.000266929562627	0.000775875262036	0.001057041068	0.00973759044463	0.000181512102586	2.84724866802e-05	0.000188630224256	0.00506098450741	0	0.00205001904098	0.000366583266008	0.00878020308001	0.0131044619946	0.000359465144338	4.27087300203e-05	0.00183647539087	0.00526029191417	0.00759859488278	5.69449733604e-05	6.76221558655e-05	7.11812167005e-06	0	0.00129549814395	0	4.62677908553e-05	3.55906083503e-05	0.000156598676741	0.00137379748232	0.000121008068391	2.84724866802e-05	0.000153039615906	3.55906083503e-06	0.000156598676741	3.55906083503e-05	7.11812167005e-06	7.11812167005e-06	0	3.55906083503e-06	0.00114957664971	2.13543650102e-05	2.49134258452e-05	3.55906083503e-06	0.00137379748232	0	1.06771825051e-05	8.89765208757e-05	0.000181512102586	0.000110330885886	3.55906083503e-06	0	0	0	2.13543650102e-05	0.00201798749346	0.000761639018696	0.00513216572411	0.00134176593481	0.000131685250896	4.27087300203e-05	1.77953041751e-05	0.000124567129226	3.55906083503e-06	2.13543650102e-05	7.11812167005e-06	5.69449733604e-05	2.49134258452e-05	3.55906083503e-06
0.00184715257338	0.000106771825051	0.000163716798411	0	0.000921796756272	3.91496691853e-05	0.00149480555071	0.00194324721592	9.96537033808e-05	7.11812167005e-06	0.00233118484694	0.0226285087891	0.0020215465543	0.00228847611692	0.00386514006684	1.06771825051e-05	3.20315475152e-05	0.000854174600406	0.00324942254238	0.00570873357938	0.00167275859246	0.000516063821079	5.33859125254e-05	0.00062283564613	0.00101433233798	0.000508945699409	0.00960590519374	0.000526741003584	0.00202866467597	0.00920729038021	0.000793670566211	0.00121008068391	0.000181512102586	0.00256964192289	0.0115455933488	0	7.47402775356e-05	3.55906083503e-06	0	1.06771825051e-05	0	2.49134258452e-05	3.55906083503e-06	2.49134258452e-05	4.98268516904e-05	1.06771825051e-05	0.000195748345926	1.06771825051e-05	0.000113889946721	0	1.77953041751e-05	1.42362433401e-05	7.11812167005e-06	1.06771825051e-05	1.06771825051e-05	3.55906083503e-06	2.13543650102e-05	2.84724866802e-05	3.55906083503e-06	6.40630950305e-05	0.000320315475152	0.000167275859246	6.76221558655e-05	3.20315475152e-05	0	3.55906083503e-06	1.77953041751e-05	0	0	2.13543650102e-05	0.00295046143224	0.00303943795311	0.0111825691437	0.000466236969389	1.77953041751e-05	1.42362433401e-05	0.000427087300203	2.84724866802e-05	1.06771825051e-05	2.49134258452e-05	2.13543650102e-05	8.18583992056e-05	4.27087300203e-05	6.05040341955e-05
0.00296113861474	0.000110330885886	9.96537033808e-05	0	0.00650952226726	0.000138803372566	0.0128517686753	0.000195748345926	0.00204290091931	0.00230983048193	0.0102322999007	0.0020215465543	0.0391105195161	1.06771825051e-05	0.00933541657028	0.00388649443185	5.33859125254e-05	0.000320315475152	0.000775875262036	0.0010463638855	0.0183327223612	0.000320315475152	2.13543650102e-05	0.000348787961833	0.00215323180519	0	0.00190765660757	0.000277606745132	0.0013915927865	0.00987995287803	0.000295402049307	2.13543650102e-05	0.00179376666085	0.000975182668797	0.00585109601278	1.06771825051e-05	5.69449733604e-05	1.06771825051e-05	0	0.000270488623462	0	0.000291842988472	1.77953041751e-05	0.000206425528432	0.000633512828635	3.20315475152e-05	3.91496691853e-05	0.00143786057735	3.55906083503e-06	0.000138803372566	0.000181512102586	3.55906083503e-06	1.06771825051e-05	0	0	0.000473355091059	1.77953041751e-05	2.49134258452e-05	7.11812167005e-06	0.000729607471181	3.55906083503e-06	7.11812167005e-06	9.96537033808e-05	0.000149480555071	2.49134258452e-05	0	3.55906083503e-06	0	0	2.84724866802e-05	0.00219594053521	0.000886206147922	0.00456627505134	0.000811465870386	0.00204645998014	3.20315475152e-05	3.20315475152e-05	3.55906083503e-05	1.06771825051e-05	0.000113889946721	8.89765208757e-05	0.000156598676741	0.000110330885886	3.55906083503e-06
1.77953041751e-05	0.000882647087087	1.77953041751e-05	0	0	3.55906083503e-06	1.06771825051e-05	1.06771825051e-05	3.91496691853e-05	0.000135244311731	1.06771825051e-05	0.00228847611692	1.06771825051e-05	0.0181974780495	9.25355817107e-05	3.55906083503e-06	3.55906083503e-05	1.42362433401e-05	0.000124567129226	0.000156598676741	3.55906083503e-06	1.42362433401e-05	0.000427087300203	2.84724866802e-05	0.000121008068391	0.00368718702509	0.0033633124891	0.00700423172333	7.11812167005e-06	0.000163716798411	1.06771825051e-05	0.00330636751574	4.62677908553e-05	7.11812167005e-06	0.000334551718493	0	0.000309638292647	0	0	0	0	3.20315475152e-05	1.06771825051e-05	2.84724866802e-05	3.55906083503e-06	1.06771825051e-05	0.00223864926523	3.55906083503e-06	0.00632445110384	7.11812167005e-06	2.49134258452e-05	7.11812167005e-06	3.55906083503e-06	1.06771825051e-05	1.77953041751e-05	3.55906083503e-06	7.11812167005e-06	1.42362433401e-05	3.55906083503e-06	3.55906083503e-06	0.00667679812651	0.000320315475152	0.000234898015112	0	0	0	0.00125278941393	0	0	2.49134258452e-05	0.000487591334399	0.00466236969389	0.00122787598808	0.000245575197617	2.49134258452e-05	0	0.00121363974474	7.11812167005e-06	0.00101433233798	0.000163716798411	4.62677908553e-05	3.55906083503e-05	2.84724866802e-05	0.000419969178533
0.0283443604902	0.000313197353482	0.00682627868158	0	0.000519622881914	0.000633512828635	0.00812177682553	0.012987012987	0.0191477472924	0.000149480555071	0.0124211223142	0.00386514006684	0.00933541657028	9.25355817107e-05	0.0615646343243	0.00129193908311	8.89765208757e-05	0.00219238147438	0.00135956123898	0.000939592060447	0.00410003808195	0.00289707551971	8.54174600406e-05	0.00740640559769	0.00146633306403	0	0.00358753332171	0.000619276585295	0.00693660956747	0.0358682150954	0.00641342762472	2.49134258452e-05	0.0057407651269	0.00481185024896	0.0119833578315	3.55906083503e-05	0.000142362433401	3.20315475152e-05	0	2.49134258452e-05	0	0.000302520170977	0.000138803372566	0.000391496691853	0.000804347748716	4.62677908553e-05	0.000259811440957	3.55906083503e-05	1.77953041751e-05	0.000238457075947	0.000199307406762	7.82993383706e-05	2.13543650102e-05	3.55906083503e-06	2.13543650102e-05	1.77953041751e-05	0.000170834920081	1.42362433401e-05	3.20315475152e-05	0.00105348200717	7.11812167005e-06	7.47402775356e-05	0.000270488623462	0.000516063821079	6.40630950305e-05	0.000192189285091	3.55906083503e-06	0	0	3.55906083503e-05	0.00368006890342	0.00137735654316	0.0102109455357	0.00193968815509	0.000544536307759	0.000174393980916	8.89765208757e-05	0.000523181942749	1.77953041751e-05	0.000291842988472	0.000334551718493	0.000793670566211	0.000469796030224	2.13543650102e-05
2.84724866802e-05	3.55906083503e-06	3.55906083503e-06	0	0.00064419001114	0.000562331611934	0.0037085413901	0.000242016136782	0.000647749071975	0.000330992657657	0.00124211223142	1.06771825051e-05	0.00388649443185	3.55906083503e-06	0.00129193908311	0.00895459706093	3.20315475152e-05	0	3.55906083503e-06	7.11812167005e-06	0.00102500952049	1.42362433401e-05	3.55906083503e-06	4.27087300203e-05	0.000391496691853	0	2.13543650102e-05	7.11812167005e-06	0.000409291996028	0.00134888405648	0.000192189285091	0	0.000583685976944	0.000398614813523	0.000839938357066	3.55906083503e-06	0	3.55906083503e-05	0	3.55906083503e-06	0	4.98268516904e-05	0	3.91496691853e-05	5.69449733604e-05	1.77953041751e-05	1.06771825051e-05	4.27087300203e-05	0	2.13543650102e-05	4.98268516904e-05	3.91496691853e-05	1.77953041751e-05	3.55906083503e-06	3.55906083503e-06	1.42362433401e-05	2.13543650102e-05	0	3.91496691853e-05	6.05040341955e-05	0	7.11812167005e-06	8.89765208757e-05	3.55906083503e-05	1.42362433401e-05	3.55906083503e-06	0	0	0	2.49134258452e-05	0.000345228900998	1.77953041751e-05	0.000782993383706	0.000548095368594	0.00227779893442	0.000227779893442	3.55906083503e-06	0.000117449007556	0	0.000142362433401	9.96537033808e-05	7.82993383706e-05	4.98268516904e-05	0
5.33859125254e-05	0.00171902638332	0.000989418912137	0	7.11812167005e-06	3.55906083503e-06	2.49134258452e-05	0.000117449007556	5.69449733604e-05	0.00120652162307	4.27087300203e-05	3.20315475152e-05	5.33859125254e-05	3.55906083503e-05	8.89765208757e-05	3.20315475152e-05	0.0265648300726	0.000348787961833	4.27087300203e-05	0.000295402049307	3.55906083503e-05	0.0037903997893	0.0141045580892	0.0102216227182	0.00746335057105	2.84724866802e-05	0.000772316201201	0.008047036548	0.0011887263189	0.000131685250896	0.000334551718493	1.42362433401e-05	1.42362433401e-05	2.13543650102e-05	0.000416410117698	3.55906083503e-06	0.000487591334399	9.96537033808e-05	0	1.77953041751e-05	0	3.20315475152e-05	0.000302520170977	0.000170834920081	0.00159090019326	9.96537033808e-05	2.13543650102e-05	7.11812167005e-06	2.84724866802e-05	2.13543650102e-05	0	0.00527452815751	0.000245575197617	7.11812167005e-06	3.20315475152e-05	1.06771825051e-05	0.00067978061949	0.00575856043107	0.00329924939407	0.000857733661241	7.82993383706e-05	0.000185071163421	0.000626394706965	0.000334551718493	2.13543650102e-05	0.000373701387678	2.49134258452e-05	0	1.42362433401e-05	0.000202866467597	0.0026621775046	0.00172614450499	0.000263370501792	0.000149480555071	3.55906083503e-06	0	7.11812167005e-06	0.0014627740032	0.000220661771772	4.62677908553e-05	6.05040341955e-05	0.000185071163421	3.55906083503e-05	0
0.00339890309745	0.00101789139882	0.0144853775986	0	0.000121008068391	1.06771825051e-05	0.000213543650102	0.000391496691853	5.69449733604e-05	0.000121008068391	0.000266929562627	0.000854174600406	0.000320315475152	1.42362433401e-05	0.00219238147438	0	0.000348787961833	0.0363273339431	0.000384378570183	0.00538841810423	0.000277606745132	0.00704338139252	0.000772316201201	0.0126560203294	0.000484032273564	0	0.0125314532001	0.00602904905454	0.0006299537678	0.00549518992928	0.00787264256708	1.06771825051e-05	3.20315475152e-05	0.000978741729632	0.00505742544657	3.91496691853e-05	0.000530300064419	0.000740284653686	0	7.11812167005e-06	0	2.84724866802e-05	6.05040341955e-05	6.40630950305e-05	0.000345228900998	2.84724866802e-05	2.49134258452e-05	4.98268516904e-05	3.55906083503e-06	4.62677908553e-05	3.55906083503e-06	0.000167275859246	0.00108195449385	1.77953041751e-05	0.000170834920081	1.77953041751e-05	4.62677908553e-05	0.000135244311731	0.000274047684297	0.000195748345926	7.11812167005e-06	0.000491150395234	0.00114957664971	0.000202866467597	6.05040341955e-05	0.000138803372566	0	0	0	0.000523181942749	0.00273691778214	0.00247710634118	0.00477625964061	0.0043384951579	3.55906083503e-06	1.77953041751e-05	0	0.000363024205173	3.55906083503e-05	0.000975182668797	0.000704694045335	9.25355817107e-05	1.42362433401e-05	0
0.00112466322387	2.49134258452e-05	6.76221558655e-05	0	7.11812167005e-05	0	0.000626394706965	0.000149480555071	2.13543650102e-05	1.06771825051e-05	0.000775875262036	0.00324942254238	0.000775875262036	0.000124567129226	0.00135956123898	3.55906083503e-06	4.27087300203e-05	0.000384378570183	0.00614649806209	0.00332060375908	0.000498268516904	8.18583992056e-05	2.49134258452e-05	0.000167275859246	0.000170834920081	4.27087300203e-05	0.0045627159905	0.000231338954277	0.000202866467597	0.0019717197026	0.000145921494236	0.000110330885886	7.11812167005e-06	0.000185071163421	0.00220661771772	0	7.11812167005e-06	3.55906083503e-06	0	3.55906083503e-06	0	3.55906083503e-06	0	0	3.55906083503e-06	3.55906083503e-06	5.69449733604e-05	1.77953041751e-05	2.49134258452e-05	0	3.55906083503e-06	1.06771825051e-05	3.55906083503e-06	0	3.55906083503e-06	0	1.06771825051e-05	1.77953041751e-05	7.11812167005e-06	7.11812167005e-06	4.62677908553e-05	0.000213543650102	1.77953041751e-05	7.11812167005e-06	0	0	7.11812167005e-06	0	0	1.06771825051e-05	0.00107839543301	0.00101789139882	0.00215679086603	0.000224220832607	1.06771825051e-05	0	1.42362433401e-05	7.11812167005e-06	3.55906083503e-06	1.42362433401e-05	3.55906083503e-06	1.42362433401e-05	3.55906083503e-06	0
0.000754520897026	0.000669103436985	0.000455559786883	0	0.000597922220285	1.06771825051e-05	0.000750961836191	0.00106771825051	5.69449733604e-05	0.000128126190061	0.001057041068	0.00570873357938	0.0010463638855	0.000156598676741	0.000939592060447	7.11812167005e-06	0.000295402049307	0.00538841810423	0.00332060375908	0.0230520370285	0.000939592060447	0.00102856858132	0.000391496691853	0.00180800290419	0.000978741729632	7.11812167005e-05	0.0150904179405	0.00237389357696	0.00150548273322	0.00405021123026	0.00114601758888	9.96537033808e-05	4.62677908553e-05	0.00169055389664	0.00768757140366	0	0.000266929562627	0.000121008068391	0	7.11812167005e-06	0	7.11812167005e-06	3.55906083503e-06	3.55906083503e-06	4.62677908553e-05	3.55906083503e-06	7.82993383706e-05	1.06771825051e-05	4.98268516904e-05	0	3.55906083503e-06	4.27087300203e-05	7.82993383706e-05	5.69449733604e-05	0.000434205421873	0	7.11812167005e-06	4.62677908553e-05	5.33859125254e-05	5.69449733604e-05	6.40630950305e-05	0.000971623607962	0.000352347022668	3.91496691853e-05	3.55906083503e-06	3.55906083503e-06	1.77953041751e-05	0	0	2.49134258452e-05	0.0039327622227	0.00401106156108	0.00641698668555	0.00129193908311	7.11812167005e-06	0	2.49134258452e-05	0.000117449007556	1.06771825051e-05	0.000121008068391	6.05040341955e-05	2.13543650102e-05	7.11812167005e-06	0
0.00134176593481	8.89765208757e-05	8.18583992056e-05	0	0.0107056549918	4.27087300203e-05	0.00456627505134	0.000106771825051	0.000711812167005	0.00135244311731	0.00973759044463	0.00167275859246	0.0183327223612	3.55906083503e-06	0.00410003808195	0.00102500952049	3.55906083503e-05	0.000277606745132	0.000498268516904	0.000939592060447	0.0280098087717	0.000195748345926	2.13543650102e-05	0.000195748345926	0.00463745626804	0	0.00159090019326	0.000309638292647	0.0025304922537	0.00685119210743	0.000192189285091	4.62677908553e-05	0.000437764482708	0.00192901097258	0.00491150395234	3.20315475152e-05	3.91496691853e-05	7.11812167005e-06	0	0.00064419001114	0	8.54174600406e-05	1.42362433401e-05	0.000131685250896	0.00103568670299	4.62677908553e-05	2.13543650102e-05	0.000487591334399	0	8.54174600406e-05	0.000227779893442	3.55906083503e-06	3.55906083503e-06	0	0	0.000612158463625	1.77953041751e-05	2.49134258452e-05	0	0.000992977972972	0	3.55906083503e-06	5.69449733604e-05	0.000249134258452	6.05040341955e-05	0	0	0	0	1.42362433401e-05	0.00177597135668	0.000772316201201	0.00325298160321	0.00067978061949	0.00129549814395	7.11812167005e-06	2.13543650102e-05	3.91496691853e-05	3.55906083503e-06	7.11812167005e-05	6.05040341955e-05	0.000128126190061	7.11812167005e-05	3.55906083503e-06
0.0039327622227	0.000199307406762	0.0075594452136	0	9.60946425457e-05	2.13543650102e-05	0.000153039615906	0.00141294715151	0.000459118847718	0.000583685976944	0.000181512102586	0.000516063821079	0.000320315475152	1.42362433401e-05	0.00289707551971	1.42362433401e-05	0.0037903997893	0.00704338139252	8.18583992056e-05	0.00102856858132	0.000195748345926	0.0589416064889	0.00676221558655	0.0404487263901	0.00107839543301	0	0.00351279304417	0.00130617532645	0.00331348563741	0.0061678524271	0.0206745843907	1.42362433401e-05	1.42362433401e-05	0.00227423987358	0.00543824495592	0.000580126916109	0.000153039615906	6.05040341955e-05	0	0	0	2.13543650102e-05	0.00121363974474	0.000480473212729	0.00417121929865	0.000153039615906	4.62677908553e-05	3.55906083503e-06	0	0.000363024205173	3.55906083503e-06	0.00243439761116	0.000145921494236	1.06771825051e-05	6.40630950305e-05	3.55906083503e-06	0.00191121566841	0.00302164264894	0.000163716798411	0.00196460158093	3.55906083503e-06	0.000259811440957	0.000434205421873	0.0032921312724	0.00147701024654	0.00647393165891	0	0	0.000366583266008	0.000573008794439	0.00301452452727	0.00154819146324	0.00585109601278	0.00225644456941	5.33859125254e-05	3.55906083503e-06	3.55906083503e-06	0.00171190826165	0.000772316201201	0.000177953041751	7.47402775356e-05	0.000131685250896	2.49134258452e-05	0
4.62677908553e-05	0.00591160004698	0.000583685976944	0	1.06771825051e-05	0	7.11812167005e-06	0.000281165805967	3.91496691853e-05	0.00405732935193	2.84724866802e-05	5.33859125254e-05	2.13543650102e-05	0.000427087300203	8.54174600406e-05	3.55906083503e-06	0.0141045580892	0.000772316201201	2.49134258452e-05	0.000391496691853	2.13543650102e-05	0.00676221558655	0.0331918013475	0.00665188470067	0.00711812167005	0.000690457801995	0.00141650621234	0.0135137539906	0.00122787598808	0.000209984589267	0.00391852597936	1.06771825051e-05	7.11812167005e-06	7.47402775356e-05	0.000487591334399	0.000145921494236	0.000733166532016	0.000138803372566	0	1.42362433401e-05	0	4.62677908553e-05	0.000569449733604	0.000338110779328	0.00560552081517	0.000160157737576	6.40630950305e-05	7.11812167005e-06	3.20315475152e-05	1.77953041751e-05	1.42362433401e-05	0.00753097272692	0.000284724866802	3.20315475152e-05	0.000117449007556	3.55906083503e-06	0.00143786057735	0.0116452470522	0.0020322237368	0.00246287009784	0.000153039615906	0.000487591334399	0.00288283927637	0.00195036533759	0.000242016136782	0.00117449007556	2.49134258452e-05	0	1.42362433401e-05	0.000416410117698	0.00166919953163	0.00177953041751	0.000320315475152	8.89765208757e-05	6.76221558655e-05	0	3.55906083503e-06	0.00305723325729	0.000960946425457	0.000160157737576	0.000106771825051	0.000363024205173	6.40630950305e-05	3.55906083503e-06
0.00906848700765	0.000501827577739	0.0240663693665	0	9.60946425457e-05	8.54174600406e-05	0.000213543650102	0.00524605567083	0.00300384734476	0.000263370501792	0.000188630224256	0.00062283564613	0.000348787961833	2.84724866802e-05	0.00740640559769	4.27087300203e-05	0.0102216227182	0.0126560203294	0.000167275859246	0.00180800290419	0.000195748345926	0.0404487263901	0.00665188470067	0.0867200763063	0.00125278941393	3.55906083503e-06	0.00491862207401	0.00838870638816	0.00721777537343	0.00733878344183	0.0124994216526	2.84724866802e-05	0.000156598676741	0.00120652162307	0.00613582087959	0.000274047684297	0.000338110779328	0.000733166532016	0	3.55906083503e-06	0	4.98268516904e-05	0.00117804913639	0.000775875262036	0.00166919953163	0.000316756414317	0.000106771825051	4.98268516904e-05	0	0.000288283927637	1.42362433401e-05	0.00513928384578	0.000398614813523	1.42362433401e-05	0.000121008068391	1.42362433401e-05	0.00269064999128	0.00772672107284	0.00571229264022	0.00130617532645	1.06771825051e-05	0.000224220832607	0.000985859851302	0.00195748345926	0.000797229627046	0.00369074608592	0	0	0.000195748345926	0.00139871090817	0.0102287408399	0.00329569033323	0.00852395069989	0.00623547458297	5.33859125254e-05	4.62677908553e-05	3.55906083503e-06	0.00150192367238	0.000868410843747	0.00113534040637	0.000245575197617	0.000217102710937	6.05040341955e-05	3.55906083503e-06
0.000743843714521	0.00309282386564	0.000459118847718	0	0.0117591369989	2.13543650102e-05	0.00139871090817	0.00325654066405	0.0012705847181	0.00789399693209	0.00506098450741	0.00101433233798	0.00215323180519	0.000121008068391	0.00146633306403	0.000391496691853	0.00746335057105	0.000484032273564	0.000170834920081	0.000978741729632	0.00463745626804	0.00107839543301	0.00711812167005	0.00125278941393	0.0528662896435	0.000131685250896	0.00227068081275	0.00615361618376	0.0203044420638	0.00488303146566	0.00383666758016	0.000106771825051	0.000170834920081	0.00288995739804	0.00594363159449	1.77953041751e-05	0.000928914877942	4.27087300203e-05	0	0.00355194271336	0	0.000274047684297	0.000242016136782	0.000508945699409	0.0114423805846	0.000195748345926	3.91496691853e-05	0.000405732935193	2.49134258452e-05	0.000298961110142	0.000174393980916	0.000242016136782	0.000135244311731	2.13543650102e-05	7.11812167005e-05	0.00293978424973	8.18583992056e-05	0.000861292722076	9.60946425457e-05	0.0143501332868	9.96537033808e-05	0.000199307406762	0.000861292722076	0.00301096546643	3.20315475152e-05	0.000266929562627	7.11812167005e-06	0	3.55906083503e-06	8.89765208757e-05	0.00580126916109	0.00198595594594	0.00354482459169	0.00143430151652	0.000850615539571	3.55906083503e-06	2.49134258452e-05	0.00182579820837	0.000106771825051	0.000142362433401	0.000106771825051	0.00102856858132	0.000391496691853	3.55906083503e-06
0	0.00198239688511	7.11812167005e-06	0	0	0	0	0	0	0.000195748345926	0	0.000508945699409	0	0.00368718702509	0	0	2.84724866802e-05	0	4.27087300203e-05	7.11812167005e-05	0	0	0.000690457801995	3.55906083503e-06	0.000131685250896	0.00644545917223	0.000555213490264	0.00273691778214	3.55906083503e-06	1.06771825051e-05	0	8.18583992056e-05	0	0	3.20315475152e-05	0	7.11812167005e-05	0	0	0	0	3.55906083503e-06	0	3.55906083503e-06	0	0	0.000256252380122	0	0.000562331611934	3.55906083503e-06	3.55906083503e-06	7.11812167005e-06	0	0	7.11812167005e-06	0	0	3.55906083503e-06	3.55906083503e-06	0	0.000736725592851	6.05040341955e-05	3.20315475152e-05	0	0	0	5.69449733604e-05	0	0	1.77953041751e-05	0.000188630224256	0.00103924576383	0.000234898015112	0	2.84724866802e-05	0	0.00067266249782	3.55906083503e-06	9.96537033808e-05	3.55906083503e-06	3.55906083503e-06	3.55906083503e-06	3.55906083503e-06	2.13543650102e-05
0.00296113861474	0.00467660593723	0.0105383791325	0	0.000384378570183	1.77953041751e-05	0.00149480555071	0.00128126190061	0.000131685250896	0.000476914151894	0.00205001904098	0.00960590519374	0.00190765660757	0.0033633124891	0.00358753332171	2.13543650102e-05	0.000772316201201	0.0125314532001	0.0045627159905	0.0150904179405	0.00159090019326	0.00351279304417	0.00141650621234	0.00491862207401	0.00227068081275	0.000555213490264	0.0789114968342	0.02276019404	0.00234186202945	0.00902221921679	0.00342025746246	0.00496133080403	7.47402775356e-05	0.00125634847476	0.0101433233798	3.55906083503e-06	0.00863784064661	0.00186138881672	0	7.11812167005e-06	0	0.000213543650102	8.18583992056e-05	0.000167275859246	0.000188630224256	8.89765208757e-05	0.00194324721592	7.82993383706e-05	0.00230271236026	4.62677908553e-05	0.000160157737576	0.000252693319287	0.00101077327715	0.000971623607962	0.00256964192289	4.62677908553e-05	3.91496691853e-05	0.000259811440957	0.000106771825051	0.000245575197617	0.00389005349268	0.0133215647055	0.00628174237382	0.000113889946721	3.55906083503e-06	1.06771825051e-05	0.00126346659643	0	0	0.000373701387678	0.00911831385934	0.0102607723874	0.0105454972542	0.0023881298203	4.62677908553e-05	0	0.000131685250896	0.000569449733604	0.000327433596822	0.000605040341955	0.000359465144338	0.000295402049307	0.000128126190061	4.62677908553e-05
0.000306079231812	0.0252693319287	0.0227317215533	0	2.13543650102e-05	3.91496691853e-05	8.89765208757e-05	0.00116381289305	0.000209984589267	0.00183647539087	0.000366583266008	0.000526741003584	0.000277606745132	0.00700423172333	0.000619276585295	7.11812167005e-06	0.008047036548	0.00602904905454	0.000231338954277	0.00237389357696	0.000309638292647	0.00130617532645	0.0135137539906	0.00838870638816	0.00615361618376	0.00273691778214	0.02276019404	0.0997747114491	0.00275115402548	0.00149124648988	0.000224220832607	0.00340246215829	0.000124567129226	0.000402173874358	0.00270844529546	4.62677908553e-05	0.0161438999477	0.00337043061077	0	3.55906083503e-06	0	0.000117449007556	0.000430646361038	0.000234898015112	0.000889765208757	6.40630950305e-05	0.000754520897026	6.76221558655e-05	0.00592583629032	0.000177953041751	0.000149480555071	0.00569449733604	0.00351991116584	0.000138803372566	0.000544536307759	1.42362433401e-05	0.00292198894556	0.00931406220527	0.00722845255594	0.000932473938777	0.00732098813765	0.00630309673883	0.0167916490197	0.000487591334399	0.000366583266008	0.000106771825051	0.00311417823065	0	7.11812167005e-06	0.00387581724934	0.00944218839533	0.00786908350624	0.0018898613034	0.00127770283977	0.000142362433401	1.06771825051e-05	4.62677908553e-05	0.0022457673869	0.000459118847718	0.0016763176533	0.000402173874358	0.000366583266008	7.47402775356e-05	4.98268516904e-05
0.00593651347282	0.000612158463625	0.00491862207401	0	0.0081288949472	2.49134258452e-05	0.0016763176533	0.0254330487271	0.00387225818851	0.00355550177419	0.00878020308001	0.00202866467597	0.0013915927865	7.11812167005e-06	0.00693660956747	0.000409291996028	0.0011887263189	0.0006299537678	0.000202866467597	0.00150548273322	0.0025304922537	0.00331348563741	0.00122787598808	0.00721777537343	0.0203044420638	3.55906083503e-06	0.00234186202945	0.00275115402548	0.0630914714225	0.0107198912351	0.0123001142459	8.54174600406e-05	0.000327433596822	0.00655934911895	0.0082712573806	0.000128126190061	0.000384378570183	0.000202866467597	0	0.00240592512448	0	0.000334551718493	0.000530300064419	0.000743843714521	0.0106736234442	0.000266929562627	6.76221558655e-05	0.000313197353482	3.55906083503e-06	0.00072248934951	0.000227779893442	0.000242016136782	0.000135244311731	1.77953041751e-05	3.55906083503e-05	0.00200019218929	9.96537033808e-05	0.000142362433401	0.000391496691853	0.0093888024828	7.11812167005e-06	0.000128126190061	0.000718930288675	0.0025909962879	0.000217102710937	0.000295402049307	0	0	7.11812167005e-06	0.000249134258452	0.00548807180761	0.0017581760525	0.00643122292889	0.00249490164535	0.000412851056863	3.55906083503e-06	3.20315475152e-05	0.00308214668313	0.000181512102586	0.000224220832607	7.82993383706e-05	0.00171902638332	0.000380819509348	3.55906083503e-06
0.0177490363843	0.000761639018696	0.00558060738932	0	0.00202510561513	0.00227068081275	0.006299537678	0.0133429190705	0.00679424713407	0.000302520170977	0.0131044619946	0.00920729038021	0.00987995287803	0.000163716798411	0.0358682150954	0.00134888405648	0.000131685250896	0.00549518992928	0.0019717197026	0.00405021123026	0.00685119210743	0.0061678524271	0.000209984589267	0.00733878344183	0.00488303146566	1.06771825051e-05	0.00902221921679	0.00149124648988	0.0107198912351	0.0802852943165	0.0213614831318	0.000195748345926	0.00636360077303	0.0238848572639	0.03678289373	0.000839938357066	0.000359465144338	6.05040341955e-05	0	2.84724866802e-05	0	0.00139515184733	0.000220661771772	0.00126346659643	0.00249490164535	0.000220661771772	0.000516063821079	0.000177953041751	5.33859125254e-05	0.00128482096144	0.00108195449385	0.000142362433401	6.40630950305e-05	2.84724866802e-05	4.27087300203e-05	3.55906083503e-05	0.000163716798411	0.000106771825051	8.89765208757e-05	0.00232762578611	1.06771825051e-05	0.000323874535987	0.00060148128112	0.00109974979802	0.000761639018696	5.69449733604e-05	3.55906083503e-06	0	2.84724866802e-05	0.000195748345926	0.0130226035954	0.00452712538215	0.0251376466778	0.00796517814879	0.000953828303787	0.000743843714521	0.000124567129226	0.0019005384859	0.000113889946721	0.00067978061949	0.000736725592851	0.0021639089877	0.000932473938777	3.91496691853e-05
0.00875173059333	7.82993383706e-05	0.00650240414559	0	0.000106771825051	7.11812167005e-06	0.000202866467597	0.0111434194745	0.000523181942749	0.00332772188075	0.000359465144338	0.000793670566211	0.000295402049307	1.06771825051e-05	0.00641342762472	0.000192189285091	0.000334551718493	0.00787264256708	0.000145921494236	0.00114601758888	0.000192189285091	0.0206745843907	0.00391852597936	0.0124994216526	0.00383666758016	0	0.00342025746246	0.000224220832607	0.0123001142459	0.0213614831318	0.0690635755037	1.06771825051e-05	6.40630950305e-05	0.0103283945432	0.0101433233798	0.00199663312845	6.76221558655e-05	3.55906083503e-05	0	1.77953041751e-05	0	0.000330992657657	0.00177953041751	0.00172614450499	0.0133642734355	0.000167275859246	0.000142362433401	6.40630950305e-05	0	0.00223153114356	0.000291842988472	0.00141650621234	4.62677908553e-05	4.62677908553e-05	7.11812167005e-05	5.33859125254e-05	0.000526741003584	0.000395055752688	0.000110330885886	0.0051819925758	3.55906083503e-06	0.000548095368594	0.000313197353482	0.00450933007798	0.00191477472924	0.00457695223384	0	0	0.000320315475152	0.000220661771772	0.00456983411217	0.000911119573767	0.00548095368594	0.00256252380122	8.89765208757e-05	7.11812167005e-06	1.42362433401e-05	0.00544892213843	0.000213543650102	0.000313197353482	0.000145921494236	0.00182579820837	0.000558772551099	3.55906083503e-06
