0.0166410465392	0	1.3755773126e-05	0	0.000103168298445	4.12673193781e-05	0.00152689081699	0.00585995935169	0.00350772214714	0.000429867910189	0.00263423055364	3.43894328151e-06	0.00043330685347	1.71947164075e-05	0.00663372159003	3.09504895336e-05	0.000130679844697	1.3755773126e-05	3.43894328151e-06	3.43894328151e-06	0.000333577498306	0.000299188065491	0.000161630334231	0.000316382781899	0.00121394697837	0	3.43894328151e-06	1.03168298445e-05	0.0017676168467	0.00761382042526	0.00391695639764	0	3.43894328151e-06	0.000422990023626	0.000997293551637	0	0	0	0	3.43894328151e-06	0	6.87788656302e-06	1.71947164075e-05	3.43894328151e-06	6.19009790672e-05	0	0	0	0	0	0	1.3755773126e-05	0	0	0	6.87788656302e-06	0	2.40726029706e-05	6.87788656302e-06	3.09504895336e-05	0	0	0	1.03168298445e-05	3.43894328151e-06	6.87788656302e-06	0	0	0	6.87788656302e-06	0.000760006465213	6.53399223487e-05	0.0005020857191	0.00018226399392	0.000505524662382	1.3755773126e-05	0	1.3755773126e-05	3.43894328151e-06	3.43894328151e-06	0	6.87788656302e-06	0	0
0	0.00900659245427	0.00180200627951	0	0	0	3.43894328151e-06	1.71947164075e-05	0	5.84620357856e-05	3.43894328151e-06	0.000147874561105	3.43894328151e-06	0.000116924071571	0	0	0.000165069277512	0.000756567521932	3.43894328151e-05	0.00029574912221	0	0.000158191390949	0.00142028357526	0.000835663217407	4.47062626596e-05	0.000326699611743	0.0012277027515	0.0025482569716	3.43894328151e-05	3.43894328151e-06	4.81452059411e-05	0	0	6.87788656302e-06	0.000577742471293	0	0.0023625540344	0.000230409199861	0	0	0	0	0	0	1.71947164075e-05	0	7.90956954747e-05	0	9.28514686007e-05	0	0	3.43894328151e-05	0.000154752447668	2.75115462521e-05	9.62904118822e-05	0	1.3755773126e-05	0.000206336596891	0.000127240901416	0	0.000539914095197	0.000440184740033	0.00137213836932	1.03168298445e-05	0	3.43894328151e-06	0	0	0	0.00013755773126	0.000275115462521	0.000732494918961	0.000371405874403	0.000144435617823	3.43894328151e-06	3.43894328151e-06	1.03168298445e-05	5.15841492226e-05	0.000220092370017	0.000116924071571	7.56567521932e-05	3.43894328151e-06	3.43894328151e-06	0
1.3755773126e-05	0.00180200627951	0.0313047006916	0	0	0	3.43894328151e-06	5.50230925041e-05	3.43894328151e-06	5.50230925041e-05	0	0.000140996674542	0	2.40726029706e-05	1.03168298445e-05	0	0.000371405874403	0.00908912709303	6.87788656302e-06	0.00103856087102	0	0.00122082486494	0.00101104932476	0.00833599851438	0.000106607241727	3.78283760966e-05	0.00696729908834	0.0116683345542	0.000147874561105	8.25346387562e-05	0.000374844817684	0	0	4.12673193781e-05	0.00360057361574	0	0.00112453445305	0.000130679844697	0	0	0	0	3.43894328151e-06	0	2.06336596891e-05	0	1.03168298445e-05	0	1.3755773126e-05	0	0	1.3755773126e-05	6.87788656302e-05	0	2.06336596891e-05	0	6.87788656302e-06	0.00018226399392	9.97293551637e-05	0	6.53399223487e-05	0.000178825050638	0.000674032883176	0	0	6.87788656302e-06	3.43894328151e-06	0	0	6.19009790672e-05	0.00175042213029	0.00258264640441	0.00216653426735	0.000694666542865	4.47062626596e-05	1.03168298445e-05	0	7.22178089117e-05	0.000147874561105	7.22178089117e-05	5.15841492226e-05	1.3755773126e-05	1.03168298445e-05	6.87788656302e-06
0	0	0	0	0	0	0	0	0	0	0	0	0	0	0	0	0	0	0	0	0	0	0	0	0	0	0	0	0	0	0	0	0	0	0	0	0	0	0	0	0	0	0	0	0	0	0	0	0	0	0	0	0	0	0	0	0	0	0	0	0	0	0	0	0	0	0	0	0	0	0	0	0	0	0	0	0	0	0	0	0	0	0	0
0.000103168298445	0	0	0	0.0112040772112	0	0.000185702937201	0.000698105486146	5.15841492226e-05	0.000168508220794	0.00246228338956	0	0.0021390227211	0	5.50230925041e-05	0	3.43894328151e-06	0	0	0	0.00656150378112	1.3755773126e-05	1.03168298445e-05	3.43894328151e-06	0.00228001939564	0	0	3.43894328151e-06	0.00251386753878	5.15841492226e-05	6.87788656302e-05	0	0	0	1.3755773126e-05	0	0	0	0	0.000103168298445	0	0	1.03168298445e-05	0	2.75115462521e-05	6.87788656302e-06	0	0	0	0	0	0	0	0	0	1.03168298445e-05	0	0	0	0	0	0	0	1.03168298445e-05	0	0	0	0	3.43894328151e-06	3.43894328151e-06	1.03168298445e-05	0	3.43894328151e-06	0	1.3755773126e-05	0	0	0	0	0	0	3.43894328151e-06	0	0
4.12673193781e-05	0	0	0	0	0.00430899593173	0.00221467947329	6.87788656302e-06	0.00210807223156	0	4.47062626596e-05	0	1.3755773126e-05	6.19009790672e-05	0.000653399223487	0.000453940513159	0	3.43894328151e-06	0	0	3.43894328151e-06	0	0	6.87788656302e-06	0	0	0	3.43894328151e-06	3.43894328151e-06	0.000629326620516	0	0	0.000646521336924	1.03168298445e-05	0.000323260668462	0	0	0	0	0	0	0	0	0	0	0	0	0	0	0	0	0	0	0	0	0	0	0	0	0	0	0	0	0	0	0	0	0	0	0	3.09504895336e-05	1.71947164075e-05	0.000178825050638	5.50230925041e-05	0.000522719378789	0.000557108811604	3.43894328151e-06	0	0	0	0	0	0	0
0.00152689081699	3.43894328151e-06	3.43894328151e-06	0	0.000185702937201	0.00221467947329	0.0321541196821	0.00235567614783	0.0107707703577	0.000120363014853	0.0120844466912	1.03168298445e-05	0.00698449380474	0.000196019767046	0.00368998614106	0.000811590614436	1.71947164075e-05	3.43894328151e-06	3.43894328151e-06	6.87788656302e-06	0.00153032976027	6.87788656302e-05	2.40726029706e-05	8.94125253192e-05	0.000749689635369	0	0	6.87788656302e-06	0.000976659891948	0.00288871235647	0.000240726029706	0	0.000281993349084	0.000103168298445	0.00108670607696	0	0	0	0	0	0	0	0	0	1.03168298445e-05	3.43894328151e-06	0	0	0	0	0	3.43894328151e-06	0	0	0	0	0	6.87788656302e-06	0	3.43894328151e-06	0	0	0	0	0	0	0	0	0	0	0.000429867910189	5.50230925041e-05	0.000962904118822	0.000257920746113	0.00155440236324	0.000309504895336	6.87788656302e-06	1.3755773126e-05	0	3.43894328151e-06	3.43894328151e-06	3.43894328151e-06	0	0
0.00585995935169	1.71947164075e-05	5.50230925041e-05	0	0.000698105486146	6.87788656302e-06	0.00235567614783	0.0435060714544	0.00213214483454	0.00165069277512	0.0103374635042	3.43894328151e-06	0.00143747829167	1.03168298445e-05	0.00283025032068	2.06336596891e-05	0.000426428966907	5.50230925041e-05	3.43894328151e-06	3.43894328151e-06	0.00249323387909	0.00150281821402	0.000488329945974	0.00134806576635	0.00627607148875	0	6.87788656302e-06	9.62904118822e-05	0.0161699113097	0.00292310178928	0.0111971993246	0	0	0.000381722704247	0.00154064659012	6.87788656302e-06	0	3.43894328151e-06	0	1.03168298445e-05	0	0	2.40726029706e-05	0	0.000240726029706	3.43894328151e-06	0	0	0	6.87788656302e-06	0	3.78283760966e-05	0	0	0	3.43894328151e-06	3.43894328151e-06	4.47062626596e-05	1.03168298445e-05	0.000123801958134	0	0	3.43894328151e-06	3.78283760966e-05	0	3.09504895336e-05	0	0	3.43894328151e-06	2.75115462521e-05	0.000976659891948	0.000140996674542	0.000567425641449	0.000165069277512	0.000350772214714	1.3755773126e-05	0	5.15841492226e-05	3.43894328151e-06	2.40726029706e-05	1.03168298445e-05	1.71947164075e-05	0	0
0.00350772214714	0	3.43894328151e-06	0	5.15841492226e-05	0.00210807223156	0.0107707703577	0.00213214483454	0.0314353805363	0.000120363014853	0.00479044799114	1.03168298445e-05	0.000925075742726	0.000206336596891	0.0109014502024	0.000189141880483	3.09504895336e-05	6.87788656302e-06	0	1.03168298445e-05	0.000337016441588	5.84620357856e-05	3.43894328151e-05	8.94125253192e-05	0.000498646775819	0	0	2.06336596891e-05	0.00066027711005	0.00415424348406	0.000574303528012	0	0.000474574172848	0.000154752447668	0.00127928690072	0	0	0	0	0	0	3.43894328151e-06	0	0	3.09504895336e-05	3.43894328151e-06	0	0	0	0	0	6.87788656302e-06	0	0	0	3.43894328151e-06	0	6.87788656302e-06	3.43894328151e-06	3.43894328151e-06	0	0	0	0	3.43894328151e-06	0	0	0	3.43894328151e-06	6.87788656302e-06	0.000440184740033	4.12673193781e-05	0.000784079068184	0.000209775540172	0.000901003139755	0.000367966931121	0	0	0	0	0	6.87788656302e-06	0	0
0.000429867910189	5.84620357856e-05	5.50230925041e-05	0	0.000168508220794	0	0.000120363014853	0.00165069277512	0.000120363014853	0.0164140762826	0.000281993349084	0	0.000901003139755	0	0.000134118787979	0.000378283760966	0.000808151671154	2.75115462521e-05	0	3.43894328151e-06	0.000134118787979	0.000508963605663	0.00344926011135	0.000677471826457	0.00941926564805	0	3.43894328151e-06	0.00022697025658	0.00321541196821	0.000426428966907	0.00142028357526	0	0	0.000175386107357	0.000567425641449	6.53399223487e-05	1.71947164075e-05	1.3755773126e-05	0	3.09504895336e-05	0	2.06336596891e-05	0.000299188065491	2.06336596891e-05	0.00200490393312	2.40726029706e-05	0	2.75115462521e-05	0	3.78283760966e-05	1.03168298445e-05	0.00018226399392	0	0	0	3.78283760966e-05	0.000103168298445	0.000453940513159	0.000140996674542	0.000794395898028	0	0	2.40726029706e-05	0.000323260668462	0.000123801958134	0.000261359689395	0	0	5.84620357856e-05	0.000134118787979	0.000533036208634	5.15841492226e-05	0.000171947164075	6.19009790672e-05	0.000278554405802	0	0	0.000213214483454	4.47062626596e-05	5.15841492226e-05	2.06336596891e-05	6.19009790672e-05	3.43894328151e-06	0
0.00263423055364	3.43894328151e-06	0	0	0.00246228338956	4.47062626596e-05	0.0120844466912	0.0103374635042	0.00479044799114	0.000281993349084	0.0433650747798	0	0.00827065859203	1.03168298445e-05	0.00284400609381	1.3755773126e-05	3.78283760966e-05	3.43894328151e-06	0	0	0.00811590614436	7.90956954747e-05	4.81452059411e-05	7.56567521932e-05	0.00180200627951	0	0	1.3755773126e-05	0.00459098928081	0.00117955754556	0.000698105486146	0	3.43894328151e-06	9.28514686007e-05	0.000337016441588	0	0	0	0	0	0	0	0	0	2.75115462521e-05	3.43894328151e-06	0	0	0	0	0	3.43894328151e-06	0	0	0	0	0	1.03168298445e-05	0	1.03168298445e-05	0	0	0	0	3.43894328151e-06	3.43894328151e-06	0	0	3.43894328151e-06	6.87788656302e-06	0.00025104285955	1.03168298445e-05	0.000213214483454	6.19009790672e-05	0.000337016441588	1.71947164075e-05	0	3.43894328151e-06	0	3.43894328151e-06	3.43894328151e-06	0	0	0
3.43894328151e-06	0.000147874561105	0.000140996674542	0	0	0	1.03168298445e-05	3.43894328151e-06	1.03168298445e-05	0	0	0.0272261139597	0	0.0062863883186	6.87788656302e-06	0	0	0.000447062626596	0.00201865970625	0.00804368833545	0	1.3755773126e-05	1.03168298445e-05	5.15841492226e-05	3.43894328151e-06	0.00199114815999	0.00716675779866	0.00183295676904	6.87788656302e-06	5.15841492226e-05	1.03168298445e-05	1.71947164075e-05	3.43894328151e-06	6.87788656302e-06	0.00464257343004	0	0.000306065952054	0	0	0	0	0	0	0	0	0	0.000140996674542	0	0.000158191390949	0	0	0	1.03168298445e-05	2.75115462521e-05	3.43894328151e-05	0	0	3.43894328151e-06	0	0	0.000519280435508	0.000206336596891	0.000340455384869	0	0	0	2.75115462521e-05	0	0	1.71947164075e-05	0.000206336596891	0.00408546461843	0.00380691021263	0.000278554405802	1.71947164075e-05	1.03168298445e-05	0.000691227599583	6.87788656302e-06	3.78283760966e-05	3.09504895336e-05	3.43894328151e-06	0	0	3.43894328151e-06
0.00043330685347	3.43894328151e-06	0	0	0.0021390227211	1.3755773126e-05	0.00698449380474	0.00143747829167	0.000925075742726	0.000901003139755	0.00827065859203	0	0.0289249519408	1.03168298445e-05	0.000443623683315	0.000704983372709	6.87788656302e-06	0	0	0	0.00793708109372	6.87788656302e-06	1.71947164075e-05	1.03168298445e-05	0.00266861998645	0	0	3.43894328151e-06	0.00100761038148	0.000316382781899	8.59735820377e-05	0	0	4.12673193781e-05	7.56567521932e-05	0	0	0	0	1.3755773126e-05	0	0	1.03168298445e-05	0	2.06336596891e-05	0	0	3.09504895336e-05	0	0	0	3.43894328151e-06	0	0	0	1.3755773126e-05	0	0	0	0	0	0	0	3.43894328151e-06	0	0	0	0	0	0	4.81452059411e-05	6.87788656302e-06	3.78283760966e-05	1.03168298445e-05	0.000202897653609	3.43894328151e-06	0	3.43894328151e-06	0	0	0	0	0	0
1.71947164075e-05	0.000116924071571	2.40726029706e-05	0	0	6.19009790672e-05	0.000196019767046	1.03168298445e-05	0.000206336596891	0	1.03168298445e-05	0.0062863883186	1.03168298445e-05	0.0175764391118	0.000147874561105	1.03168298445e-05	6.87788656302e-06	6.53399223487e-05	0.000402356363936	0.000760006465213	1.03168298445e-05	1.71947164075e-05	0	5.15841492226e-05	3.43894328151e-06	0.00293685756241	0.004092342505	0.00285088398037	6.87788656302e-06	0.00047801311613	1.3755773126e-05	4.12673193781e-05	6.87788656302e-05	6.87788656302e-06	0.00143403934839	0	0.000165069277512	1.03168298445e-05	0	0	0	0	0	0	0	0	0.000110046185008	0	0.000443623683315	0	0	0	6.87788656302e-06	1.71947164075e-05	1.71947164075e-05	0	3.43894328151e-06	3.43894328151e-06	1.03168298445e-05	0	0.00029574912221	9.97293551637e-05	0.000168508220794	0	0	0	3.43894328151e-06	0	0	1.3755773126e-05	0.000337016441588	0.00209087751516	0.00156815813637	0.000405795307218	7.90956954747e-05	0.000247603916269	0.000519280435508	5.50230925041e-05	7.22178089117e-05	7.22178089117e-05	6.53399223487e-05	3.43894328151e-06	3.43894328151e-06	2.75115462521e-05
0.00663372159003	0	1.03168298445e-05	0	5.50230925041e-05	0.000653399223487	0.00368998614106	0.00283025032068	0.0109014502024	0.000134118787979	0.00284400609381	6.87788656302e-06	0.000443623683315	0.000147874561105	0.0267033945809	8.59735820377e-05	3.43894328151e-05	1.3755773126e-05	0	6.87788656302e-06	0.000237287086424	9.97293551637e-05	7.22178089117e-05	0.000127240901416	0.000515841492226	0	3.43894328151e-06	6.87788656302e-06	0.000701544429428	0.0120019120525	0.000949148345696	0	0.00031982172518	0.000677471826457	0.00145811195136	0	0	0	0	0	0	3.43894328151e-06	3.43894328151e-06	0	2.75115462521e-05	0	0	0	0	0	0	6.87788656302e-06	0	0	0	3.43894328151e-06	0	6.87788656302e-06	3.43894328151e-06	1.3755773126e-05	0	0	0	0	3.43894328151e-06	3.43894328151e-06	0	0	0	6.87788656302e-06	0.000711861259272	4.47062626596e-05	0.000811590614436	0.000281993349084	0.00101792721133	0.000281993349084	0	6.87788656302e-06	0	0	0	0	0	0
3.09504895336e-05	0	0	0	0	0.000453940513159	0.000811590614436	2.06336596891e-05	0.000189141880483	0.000378283760966	1.3755773126e-05	0	0.000704983372709	1.03168298445e-05	8.59735820377e-05	0.00334609181291	0	0	0	0	0	3.43894328151e-06	0	3.43894328151e-06	4.12673193781e-05	0	0	0	6.87788656302e-06	0.000103168298445	0	0	1.3755773126e-05	0	4.47062626596e-05	0	0	0	0	0	0	0	0	0	0	0	0	0	0	0	0	0	0	0	0	0	0	0	0	0	0	0	0	0	0	0	0	0	0	0	1.71947164075e-05	3.43894328151e-06	4.81452059411e-05	1.03168298445e-05	0.00128960373057	2.06336596891e-05	0	0	0	0	0	0	0	0
0.000130679844697	0.000165069277512	0.000371405874403	0	3.43894328151e-06	0	1.71947164075e-05	0.000426428966907	3.09504895336e-05	0.000808151671154	3.78283760966e-05	0	6.87788656302e-06	6.87788656302e-06	3.43894328151e-05	0	0.0180750858876	0.00013755773126	0	2.06336596891e-05	6.87788656302e-06	0.00276147145505	0.00475605855833	0.00836694900391	0.00576710788309	0	4.12673193781e-05	0.00396854054686	0.00339079807557	0.000196019767046	0.00145811195136	0	3.43894328151e-06	0.000147874561105	0.00162662017215	0	4.47062626596e-05	3.43894328151e-06	0	0	0	3.43894328151e-06	1.3755773126e-05	0	5.84620357856e-05	6.87788656302e-06	0	0	0	0	3.43894328151e-06	3.78283760966e-05	3.43894328151e-06	0	0	0	1.3755773126e-05	0.000213214483454	3.09504895336e-05	2.06336596891e-05	0	6.87788656302e-06	3.78283760966e-05	1.3755773126e-05	6.87788656302e-06	3.09504895336e-05	0	0	3.43894328151e-06	1.3755773126e-05	0.00101448826804	0.000374844817684	0.000605254017545	0.000196019767046	6.53399223487e-05	6.87788656302e-06	0	5.84620357856e-05	1.3755773126e-05	6.87788656302e-06	6.87788656302e-06	6.87788656302e-06	0	0
1.3755773126e-05	0.000756567521932	0.00908912709303	0	0	3.43894328151e-06	3.43894328151e-06	5.50230925041e-05	6.87788656302e-06	2.75115462521e-05	3.43894328151e-06	0.000447062626596	0	6.53399223487e-05	1.3755773126e-05	0	0.00013755773126	0.0292447736659	7.22178089117e-05	0.0059321771606	0	0.00164037594528	0.000302627008773	0.00996605762981	7.56567521932e-05	2.75115462521e-05	0.00817780712343	0.00343206539495	0.000134118787979	8.59735820377e-05	0.000533036208634	0	0	3.78283760966e-05	0.00659933215721	0	0.000457379456441	5.15841492226e-05	0	0	0	0	0	0	6.87788656302e-06	0	3.43894328151e-06	0	1.3755773126e-05	0	0	0	2.06336596891e-05	3.43894328151e-06	1.3755773126e-05	0	3.43894328151e-06	6.19009790672e-05	2.75115462521e-05	3.43894328151e-06	7.22178089117e-05	9.28514686007e-05	0.000288871235647	0	0	3.43894328151e-06	0	0	0	1.3755773126e-05	0.0017848115631	0.00213558377782	0.00311912155633	0.000804712727873	2.75115462521e-05	3.43894328151e-06	2.40726029706e-05	6.87788656302e-05	4.12673193781e-05	1.71947164075e-05	1.03168298445e-05	0	0	6.87788656302e-06
3.43894328151e-06	3.43894328151e-05	6.87788656302e-06	0	0	0	3.43894328151e-06	3.43894328151e-06	0	0	0	0.00201865970625	0	0.000402356363936	0	0	0	7.22178089117e-05	0.00523063273117	0.00218716792704	0	3.43894328151e-06	3.43894328151e-06	3.43894328151e-06	0	0.000123801958134	0.00264454738348	0.000405795307218	0	3.43894328151e-06	3.43894328151e-06	0	0	0	0.000268237575958	0	3.09504895336e-05	0	0	0	0	0	0	0	0	0	3.43894328151e-06	0	1.03168298445e-05	0	0	0	3.43894328151e-06	0	1.03168298445e-05	0	0	3.43894328151e-06	0	0	4.81452059411e-05	4.47062626596e-05	5.15841492226e-05	0	0	0	0	0	0	0	2.06336596891e-05	0.000216653426735	0.000209775540172	2.06336596891e-05	0	0	1.3755773126e-05	0	3.43894328151e-06	0	0	0	0	0
3.43894328151e-06	0.00029574912221	0.00103856087102	0	0	0	6.87788656302e-06	3.43894328151e-06	1.03168298445e-05	3.43894328151e-06	0	0.00804368833545	0	0.000760006465213	6.87788656302e-06	0	2.06336596891e-05	0.0059321771606	0.00218716792704	0.025238404743	0	7.90956954747e-05	3.78283760966e-05	0.0004092342505	6.87788656302e-06	0.000306065952054	0.0128960373057	0.00247603916269	1.3755773126e-05	2.06336596891e-05	3.43894328151e-05	0	0	6.87788656302e-06	0.00593905504717	0	0.000453940513159	0	0	0	0	0	0	0	0	0	4.81452059411e-05	0	8.59735820377e-05	0	0	3.43894328151e-06	1.3755773126e-05	6.87788656302e-06	3.43894328151e-05	0	0	1.03168298445e-05	0	0	0.000422990023626	0.000158191390949	0.000381722704247	0	0	0	6.87788656302e-06	0	0	2.40726029706e-05	0.000584620357856	0.00193956401077	0.00285432292365	0.000481452059411	1.03168298445e-05	0	2.06336596891e-05	1.03168298445e-05	2.40726029706e-05	1.71947164075e-05	3.43894328151e-06	0	0	0
0.000333577498306	0	0	0	0.00656150378112	3.43894328151e-06	0.00153032976027	0.00249323387909	0.000337016441588	0.000134118787979	0.00811590614436	0	0.00793708109372	1.03168298445e-05	0.000237287086424	0	6.87788656302e-06	0	0	0	0.0208812636053	1.71947164075e-05	6.87788656302e-06	1.3755773126e-05	0.00208056068531	0	0	0	0.00434338536455	0.000196019767046	0.00013755773126	0	0	1.71947164075e-05	3.78283760966e-05	0	0	0	0	3.43894328151e-05	0	0	1.03168298445e-05	0	2.06336596891e-05	0	0	3.43894328151e-06	0	0	0	3.43894328151e-06	0	0	0	0	0	3.43894328151e-06	0	6.87788656302e-06	0	0	0	3.43894328151e-06	0	6.87788656302e-06	0	0	0	0	4.47062626596e-05	3.43894328151e-06	1.03168298445e-05	3.43894328151e-06	4.81452059411e-05	3.43894328151e-06	0	0	0	0	0	0	0	0
0.000299188065491	0.000158191390949	0.00122082486494	0	1.3755773126e-05	0	6.87788656302e-05	0.00150281821402	5.84620357856e-05	0.000508963605663	7.90956954747e-05	1.3755773126e-05	6.87788656302e-06	1.71947164075e-05	9.97293551637e-05	3.43894328151e-06	0.00276147145505	0.00164037594528	3.43894328151e-06	7.90956954747e-05	1.71947164075e-05	0.0389632273795	0.00134118787979	0.0223462534432	0.00230409199861	0	0.000209775540172	0.00144779512152	0.00616946424703	0.000577742471293	0.012693139652	0	0	0.000220092370017	0.00723897560758	3.43894328151e-06	9.28514686007e-05	6.87788656302e-06	0	0	0	0	1.3755773126e-05	3.43894328151e-06	6.53399223487e-05	0	0	0	3.43894328151e-06	3.43894328151e-06	0	3.78283760966e-05	6.87788656302e-06	0	6.87788656302e-06	0	3.43894328151e-06	0.00013755773126	1.03168298445e-05	1.71947164075e-05	3.43894328151e-06	6.87788656302e-06	6.53399223487e-05	0	3.43894328151e-06	6.87788656302e-06	0	0	3.43894328151e-06	1.71947164075e-05	0.00308817106679	0.000876930536785	0.00267205892973	0.000808151671154	0.000171947164075	3.09504895336e-05	3.43894328151e-06	5.15841492226e-05	2.75115462521e-05	1.71947164075e-05	1.3755773126e-05	3.43894328151e-06	0	0
0.000161630334231	0.00142028357526	0.00101104932476	0	1.03168298445e-05	0	2.40726029706e-05	0.000488329945974	3.43894328151e-05	0.00344926011135	4.81452059411e-05	1.03168298445e-05	1.71947164075e-05	0	7.22178089117e-05	0	0.00475605855833	0.000302627008773	3.43894328151e-06	3.78283760966e-05	6.87788656302e-06	0.00134118787979	0.0178687492907	0.00495551726865	0.00304690374742	0	0.000144435617823	0.00499334564475	0.00161630334231	0.00022697025658	0.00117955754556	0	0	0.000127240901416	0.00121050803509	3.43894328151e-06	0.000708422315991	0.000168508220794	0	0	0	0	5.50230925041e-05	0	0.000354211157995	3.43894328151e-06	0	0	0	0	0	0.000302627008773	8.59735820377e-05	3.43894328151e-06	1.71947164075e-05	0	0.00011348512829	0.00220436264345	0.000357650101277	0.00011348512829	6.87788656302e-06	6.53399223487e-05	0.000519280435508	6.87788656302e-05	2.40726029706e-05	0.000116924071571	0	0	2.06336596891e-05	9.97293551637e-05	0.000928514686007	0.000416112137063	0.000543353038478	0.000240726029706	7.22178089117e-05	3.43894328151e-06	3.43894328151e-06	0.000130679844697	0.000147874561105	7.22178089117e-05	3.09504895336e-05	1.3755773126e-05	0	6.87788656302e-06
0.000316382781899	0.000835663217407	0.00833599851438	0	3.43894328151e-06	6.87788656302e-06	8.94125253192e-05	0.00134806576635	8.94125253192e-05	0.000677471826457	7.56567521932e-05	5.15841492226e-05	1.03168298445e-05	5.15841492226e-05	0.000127240901416	3.43894328151e-06	0.00836694900391	0.00996605762981	3.43894328151e-06	0.0004092342505	1.3755773126e-05	0.0223462534432	0.00495551726865	0.064855031346	0.00271676519239	0	0.00123801958134	0.0125555819208	0.00503461296413	0.00072905597568	0.00730431552992	0	3.43894328151e-06	0.000371405874403	0.0114138527513	3.43894328151e-06	0.000491768889256	9.97293551637e-05	0	3.43894328151e-06	0	0	1.03168298445e-05	0	8.94125253192e-05	0	0	0	3.43894328151e-06	3.43894328151e-06	0	0.000103168298445	4.12673193781e-05	0	2.06336596891e-05	0	1.71947164075e-05	0.000591498244419	0.000110046185008	3.09504895336e-05	1.3755773126e-05	4.47062626596e-05	0.000337016441588	1.3755773126e-05	1.03168298445e-05	3.09504895336e-05	0	0	1.03168298445e-05	3.78283760966e-05	0.00627607148875	0.00277866617146	0.00527877793712	0.00167132643481	0.000285432292365	3.09504895336e-05	2.40726029706e-05	0.000140996674542	0.000116924071571	2.75115462521e-05	3.09504895336e-05	1.03168298445e-05	6.87788656302e-06	3.43894328151e-06
0.00121394697837	4.47062626596e-05	0.000106607241727	0	0.00228001939564	0	0.000749689635369	0.00627607148875	0.000498646775819	0.00941926564805	0.00180200627951	3.43894328151e-06	0.00266861998645	3.43894328151e-06	0.000515841492226	4.12673193781e-05	0.00576710788309	7.56567521932e-05	0	6.87788656302e-06	0.00208056068531	0.00230409199861	0.00304690374742	0.00271676519239	0.0396200655463	0	6.87788656302e-06	0.000443623683315	0.0167957989869	0.00112109550977	0.00346301588448	0	0	0.000337016441588	0.00148218455433	3.09504895336e-05	2.06336596891e-05	6.87788656302e-06	0	5.84620357856e-05	0	1.3755773126e-05	0.000127240901416	1.3755773126e-05	0.000887247366629	1.71947164075e-05	0	6.87788656302e-06	0	2.75115462521e-05	6.87788656302e-06	6.19009790672e-05	3.43894328151e-06	0	0	1.71947164075e-05	2.75115462521e-05	0.000202897653609	5.15841492226e-05	0.000378283760966	0	3.43894328151e-06	1.03168298445e-05	0.000130679844697	7.22178089117e-05	0.000134118787979	0	0	2.75115462521e-05	7.56567521932e-05	0.000928514686007	0.000168508220794	0.000460818399722	0.000123801958134	0.000209775540172	6.87788656302e-06	0	9.97293551637e-05	1.03168298445e-05	2.75115462521e-05	6.87788656302e-06	3.09504895336e-05	0	0
0	0.000326699611743	3.78283760966e-05	0	0	0	0	0	0	0	0	0.00199114815999	0	0.00293685756241	0	0	0	2.75115462521e-05	0.000123801958134	0.000306065952054	0	0	0	0	0	0.00758286993573	0.00120019120525	0.00131023739025	0	0	0	0	0	0	0.000206336596891	0	0.000350772214714	0	0	0	0	0	0	0	0	0	0.000316382781899	0	0.000312943838617	0	0	0	1.03168298445e-05	5.50230925041e-05	6.53399223487e-05	0	0	0	0	0	0.000794395898028	0.000230409199861	0.000519280435508	0	0	0	1.3755773126e-05	0	0	2.75115462521e-05	3.43894328151e-06	0.0016919600945	0.000340455384869	1.71947164075e-05	0	0	0.000715300202554	3.43894328151e-06	9.97293551637e-05	3.78283760966e-05	3.43894328151e-06	0	0	2.06336596891e-05
3.43894328151e-06	0.0012277027515	0.00696729908834	0	0	0	0	6.87788656302e-06	0	3.43894328151e-06	0	0.00716675779866	0	0.004092342505	3.43894328151e-06	0	4.12673193781e-05	0.00817780712343	0.00264454738348	0.0128960373057	0	0.000209775540172	0.000144435617823	0.00123801958134	6.87788656302e-06	0.00120019120525	0.0546516866297	0.0186321946992	2.06336596891e-05	3.43894328151e-05	6.19009790672e-05	6.53399223487e-05	0	3.43894328151e-06	0.00505524662382	0	0.00124145852462	5.15841492226e-05	0	0	0	0	0	0	0	0	0.00013755773126	0	0.000106607241727	0	0	3.43894328151e-06	4.12673193781e-05	2.75115462521e-05	7.22178089117e-05	0	3.43894328151e-06	2.75115462521e-05	3.09504895336e-05	3.43894328151e-06	0.000859735820377	0.000453940513159	0.000956026232259	0	0	0	6.87788656302e-06	0	0	7.22178089117e-05	0.000876930536785	0.00357993995605	0.00288871235647	0.000557108811604	1.71947164075e-05	6.87788656302e-06	4.12673193781e-05	3.09504895336e-05	9.62904118822e-05	4.47062626596e-05	1.3755773126e-05	0	0	0
1.03168298445e-05	0.0025482569716	0.0116683345542	0	3.43894328151e-06	3.43894328151e-06	6.87788656302e-06	9.62904118822e-05	2.06336596891e-05	0.00022697025658	1.3755773126e-05	0.00183295676904	3.43894328151e-06	0.00285088398037	6.87788656302e-06	0	0.00396854054686	0.00343206539495	0.000405795307218	0.00247603916269	0	0.00144779512152	0.00499334564475	0.0125555819208	0.000443623683315	0.00131023739025	0.0186321946992	0.063682351687	0.000422990023626	7.22178089117e-05	0.000474574172848	1.71947164075e-05	0	5.15841492226e-05	0.00330826343681	0	0.00148906244089	0.000161630334231	0	0	0	0	1.03168298445e-05	0	2.75115462521e-05	0	7.22178089117e-05	0	6.19009790672e-05	0	0	3.78283760966e-05	9.62904118822e-05	6.87788656302e-06	9.62904118822e-05	0	1.03168298445e-05	0.000357650101277	9.62904118822e-05	3.43894328151e-06	0.000426428966907	0.000484891002693	0.00290246812959	6.87788656302e-06	0	1.03168298445e-05	1.3755773126e-05	0	3.43894328151e-06	9.97293551637e-05	0.00144779512152	0.00257920746113	0.00196019767046	0.000539914095197	6.19009790672e-05	2.06336596891e-05	2.40726029706e-05	6.53399223487e-05	0.000161630334231	7.90956954747e-05	2.75115462521e-05	1.03168298445e-05	0	0
0.0017676168467	3.43894328151e-05	0.000147874561105	0	0.00251386753878	3.43894328151e-06	0.000976659891948	0.0161699113097	0.00066027711005	0.00321541196821	0.00459098928081	6.87788656302e-06	0.00100761038148	6.87788656302e-06	0.000701544429428	6.87788656302e-06	0.00339079807557	0.000134118787979	0	1.3755773126e-05	0.00434338536455	0.00616946424703	0.00161630334231	0.00503461296413	0.0167957989869	0	2.06336596891e-05	0.000422990023626	0.0481899122038	0.00138245519917	0.00881745057379	0	3.43894328151e-06	0.000505524662382	0.00257576851785	2.06336596891e-05	1.03168298445e-05	3.43894328151e-06	0	1.71947164075e-05	0	0	5.50230925041e-05	3.43894328151e-06	0.000457379456441	6.87788656302e-06	0	0	0	1.71947164075e-05	3.43894328151e-06	5.15841492226e-05	3.43894328151e-06	0	0	6.87788656302e-06	2.75115462521e-05	0.000144435617823	2.75115462521e-05	0.000175386107357	0	0	3.43894328151e-06	5.15841492226e-05	1.71947164075e-05	6.87788656302e-05	0	0	1.03168298445e-05	2.75115462521e-05	0.00164037594528	0.00029574912221	0.000859735820377	0.000237287086424	0.000257920746113	1.3755773126e-05	0	6.53399223487e-05	3.43894328151e-06	1.3755773126e-05	1.03168298445e-05	1.03168298445e-05	3.43894328151e-06	0
0.00761382042526	3.43894328151e-06	8.25346387562e-05	0	5.15841492226e-05	0.000629326620516	0.00288871235647	0.00292310178928	0.00415424348406	0.000426428966907	0.00117955754556	5.15841492226e-05	0.000316382781899	0.00047801311613	0.0120019120525	0.000103168298445	0.000196019767046	8.59735820377e-05	3.43894328151e-06	2.06336596891e-05	0.000196019767046	0.000577742471293	0.00022697025658	0.00072905597568	0.00112109550977	0	3.43894328151e-05	7.22178089117e-05	0.00138245519917	0.0312462386558	0.00426085072579	0	0.000794395898028	0.00233848143143	0.00447062626596	0	3.43894328151e-06	0	0	3.43894328151e-06	0	0	1.3755773126e-05	0	7.56567521932e-05	0	0	0	0	0	0	1.71947164075e-05	0	0	0	3.43894328151e-06	0	2.06336596891e-05	6.87788656302e-06	2.40726029706e-05	0	0	3.43894328151e-06	1.03168298445e-05	3.43894328151e-06	6.87788656302e-06	0	0	3.43894328151e-06	1.3755773126e-05	0.00199802604656	0.000116924071571	0.00230409199861	0.000760006465213	0.00128616478728	0.000584620357856	3.43894328151e-06	2.40726029706e-05	3.43894328151e-06	3.43894328151e-06	6.87788656302e-06	0	0	0
0.00391695639764	4.81452059411e-05	0.000374844817684	0	6.87788656302e-05	0	0.000240726029706	0.0111971993246	0.000574303528012	0.00142028357526	0.000698105486146	1.03168298445e-05	8.59735820377e-05	1.3755773126e-05	0.000949148345696	0	0.00145811195136	0.000533036208634	3.43894328151e-06	3.43894328151e-05	0.00013755773126	0.012693139652	0.00117955754556	0.00730431552992	0.00346301588448	0	6.19009790672e-05	0.000474574172848	0.00881745057379	0.00426085072579	0.0401702964713	0	0	0.00068434971302	0.00613507481421	1.3755773126e-05	1.71947164075e-05	1.3755773126e-05	0	3.43894328151e-06	0	0	3.43894328151e-05	3.43894328151e-06	0.000199458710327	6.87788656302e-06	0	0	0	1.03168298445e-05	0	3.43894328151e-05	0	0	0	6.87788656302e-06	6.87788656302e-06	9.97293551637e-05	2.06336596891e-05	6.87788656302e-05	0	0	1.03168298445e-05	2.40726029706e-05	6.87788656302e-06	2.06336596891e-05	0	0	3.43894328151e-06	2.75115462521e-05	0.0026961315327	0.000588059301138	0.00192580823764	0.000581181414575	0.00031982172518	2.40726029706e-05	0	5.15841492226e-05	1.3755773126e-05	3.09504895336e-05	2.75115462521e-05	1.3755773126e-05	3.43894328151e-06	0
0	0	0	0	0	0	0	0	0	0	0	1.71947164075e-05	0	4.12673193781e-05	0	0	0	0	0	0	0	0	0	0	0	0	6.53399223487e-05	1.71947164075e-05	0	0	0	8.94125253192e-05	0	0	0	0	0	0	0	0	0	0	0	0	0	0	0	0	0	0	0	0	0	0	0	0	0	0	0	0	0	0	0	0	0	0	0	0	0	0	0	6.87788656302e-06	0	0	0	0	0	0	0	0	0	0	0	0
3.43894328151e-06	0	0	0	0	0.000646521336924	0.000281993349084	0	0.000474574172848	0	3.43894328151e-06	3.43894328151e-06	0	6.87788656302e-05	0.00031982172518	1.3755773126e-05	3.43894328151e-06	0	0	0	0	0	0	3.43894328151e-06	0	0	0	0	3.43894328151e-06	0.000794395898028	0	0	0.00259296323426	3.43894328151e-06	0.0009113199696	0	0	0	0	0	0	0	0	0	0	0	0	0	0	0	0	0	0	0	0	0	0	0	0	0	0	0	0	0	0	0	0	0	0	0	1.3755773126e-05	0	7.56567521932e-05	1.71947164075e-05	6.19009790672e-05	0.000873491593503	0	0	0	0	0	0	0	0
0.000422990023626	6.87788656302e-06	4.12673193781e-05	0	0	1.03168298445e-05	0.000103168298445	0.000381722704247	0.000154752447668	0.000175386107357	9.28514686007e-05	6.87788656302e-06	4.12673193781e-05	6.87788656302e-06	0.000677471826457	0	0.000147874561105	3.78283760966e-05	0	6.87788656302e-06	1.71947164075e-05	0.000220092370017	0.000127240901416	0.000371405874403	0.000337016441588	0	3.43894328151e-06	5.15841492226e-05	0.000505524662382	0.00233848143143	0.00068434971302	0	3.43894328151e-06	0.00462881765691	0.00244508867315	0	3.43894328151e-06	0	0	0	0	0	3.43894328151e-06	0	1.3755773126e-05	0	0	0	0	0	0	6.87788656302e-06	0	0	0	0	3.43894328151e-06	6.87788656302e-06	1.03168298445e-05	6.87788656302e-06	0	0	0	3.43894328151e-06	0	0	0	0	0	3.43894328151e-06	0.00116236282915	0.000123801958134	0.000746250692087	0.000220092370017	0.000220092370017	6.87788656302e-06	0	6.87788656302e-06	0	0	0	0	0	0
0.000997293551637	0.000577742471293	0.00360057361574	0	1.3755773126e-05	0.000323260668462	0.00108670607696	0.00154064659012	0.00127928690072	0.000567425641449	0.000337016441588	0.00464257343004	7.56567521932e-05	0.00143403934839	0.00145811195136	4.47062626596e-05	0.00162662017215	0.00659933215721	0.000268237575958	0.00593905504717	3.78283760966e-05	0.00723897560758	0.00121050803509	0.0114138527513	0.00148218455433	0.000206336596891	0.00505524662382	0.00330826343681	0.00257576851785	0.00447062626596	0.00613507481421	0	0.0009113199696	0.00244508867315	0.0492215951882	0	0.000453940513159	3.09504895336e-05	0	0	0	0	1.71947164075e-05	0	9.28514686007e-05	0	3.43894328151e-05	0	3.43894328151e-05	3.43894328151e-06	0	3.09504895336e-05	3.78283760966e-05	6.87788656302e-06	4.12673193781e-05	0	6.87788656302e-06	0.000144435617823	4.47062626596e-05	3.78283760966e-05	0.000216653426735	0.000116924071571	0.000312943838617	2.06336596891e-05	1.03168298445e-05	2.06336596891e-05	0	0	3.43894328151e-06	5.15841492226e-05	0.0115514104826	0.00460130611066	0.0209913097903	0.00586683723825	0.00149594032746	0.00112109550977	0.000120363014853	0.000202897653609	3.78283760966e-05	5.50230925041e-05	6.19009790672e-05	1.3755773126e-05	6.87788656302e-06	6.87788656302e-06
0	0	0	0	0	0	0	6.87788656302e-06	0	6.53399223487e-05	0	0	0	0	0	0	0	0	0	0	0	3.43894328151e-06	3.43894328151e-06	3.43894328151e-06	3.09504895336e-05	0	0	0	2.06336596891e-05	0	1.3755773126e-05	0	0	0	0	0.0117371134198	0	3.78283760966e-05	0	6.87788656302e-05	6.87788656302e-06	0.000784079068184	0.00270644836255	0.00181920099592	0.000175386107357	0.000333577498306	3.43894328151e-06	0.000378283760966	0	0.00556764917276	0.000175386107357	0.000130679844697	3.43894328151e-05	0	0	0.000140996674542	0.000271676519239	0.000106607241727	0.000333577498306	0.000639643450361	0	3.43894328151e-06	2.06336596891e-05	0.000491768889256	0.00487986051646	0.00274771568193	0	3.43894328151e-06	0.000557108811604	0.00111765656649	6.87788656302e-06	0	0	0	3.43894328151e-06	0	0	0.000264798632676	4.12673193781e-05	0.000381722704247	8.59735820377e-05	7.90956954747e-05	3.78283760966e-05	0
0	0.0023625540344	0.00112453445305	0	0	0	0	0	0	1.71947164075e-05	0	0.000306065952054	0	0.000165069277512	0	0	4.47062626596e-05	0.000457379456441	3.09504895336e-05	0.000453940513159	0	9.28514686007e-05	0.000708422315991	0.000491768889256	2.06336596891e-05	0.000350772214714	0.00124145852462	0.00148906244089	1.03168298445e-05	3.43894328151e-06	1.71947164075e-05	0	0	3.43894328151e-06	0.000453940513159	0	0.0203310326803	0.00175730001685	0	3.43894328151e-06	0	3.43894328151e-06	2.40726029706e-05	6.87788656302e-06	0.000110046185008	3.43894328151e-06	0.000553669868323	0	0.000422990023626	6.87788656302e-06	0	0.000347333271432	0.00122426380822	0.000196019767046	0.00109358396352	3.43894328151e-06	0.000165069277512	0.00240726029706	0.00103512192773	2.75115462521e-05	0.00400980786624	0.00437777479736	0.0129338656818	6.53399223487e-05	1.3755773126e-05	8.25346387562e-05	2.40726029706e-05	0	0	0.000914758912881	0.000161630334231	0.00202553759281	0.000244164972987	7.90956954747e-05	3.43894328151e-06	0	1.03168298445e-05	0.000526158322071	0.00171259375419	0.000914758912881	0.000460818399722	4.47062626596e-05	3.09504895336e-05	2.06336596891e-05
0	0.000230409199861	0.000130679844697	0	0	0	0	3.43894328151e-06	0	1.3755773126e-05	0	0	0	1.03168298445e-05	0	0	3.43894328151e-06	5.15841492226e-05	0	0	0	6.87788656302e-06	0.000168508220794	9.97293551637e-05	6.87788656302e-06	0	5.15841492226e-05	0.000161630334231	3.43894328151e-06	0	1.3755773126e-05	0	0	0	3.09504895336e-05	3.78283760966e-05	0.00175730001685	0.0264523517214	0	0	0	2.06336596891e-05	0.000144435617823	2.40726029706e-05	7.90956954747e-05	6.87788656302e-06	3.09504895336e-05	1.3755773126e-05	1.03168298445e-05	5.84620357856e-05	6.87788656302e-06	0.0010419998143	0.00526502216399	3.43894328151e-06	0.000591498244419	0	0.0015440855334	0.00120363014853	0.0118540374914	0.000134118787979	4.81452059411e-05	0.00503117402085	0.00968406428073	0.000175386107357	0.000144435617823	0.0009113199696	0	0	2.75115462521e-05	0.00187078514514	3.78283760966e-05	7.56567521932e-05	3.09504895336e-05	1.3755773126e-05	3.43894328151e-06	0	0	0.00178825050638	0.00288871235647	0.00223531313298	0.001282725844	0.000147874561105	0.000154752447668	1.71947164075e-05
0	0	0	0	0	0	0	0	0	0	0	0	0	0	0	0	0	0	0	0	0	0	0	0	0	0	0	0	0	0	0	0	0	0	0	0	0	0	0	0	0	0	0	0	0	0	0	0	0	0	0	0	0	0	0	0	0	0	0	0	0	0	0	0	0	0	0	0	0	0	0	0	0	0	0	0	0	0	0	0	0	0	0	0
3.43894328151e-06	0	0	0	0.000103168298445	0	0	1.03168298445e-05	0	3.09504895336e-05	0	0	1.3755773126e-05	0	0	0	0	0	0	0	3.43894328151e-05	0	0	3.43894328151e-06	5.84620357856e-05	0	0	0	1.71947164075e-05	3.43894328151e-06	3.43894328151e-06	0	0	0	0	6.87788656302e-05	3.43894328151e-06	0	0	0.0119847173361	3.43894328151e-06	0.000288871235647	0.000374844817684	0.000103168298445	0.000123801958134	0.00261703583723	0	0.00098009883523	0	6.53399223487e-05	1.3755773126e-05	1.03168298445e-05	3.43894328151e-06	0	0	0.00620385367984	1.71947164075e-05	1.03168298445e-05	1.3755773126e-05	0.00480764270755	0	0	0	0.00311912155633	6.87788656302e-05	7.90956954747e-05	0	0	2.75115462521e-05	5.84620357856e-05	3.43894328151e-06	0	0	0	3.43894328151e-06	0	0	3.09504895336e-05	3.43894328151e-06	1.71947164075e-05	3.43894328151e-06	3.09504895336e-05	0	0
0	0	0	0	0	0	0	0	0	0	0	0	0	0	0	0	0	0	0	0	0	0	0	0	0	0	0	0	0	0	0	0	0	0	0	6.87788656302e-06	0	0	0	3.43894328151e-06	0.0035524284098	0.00277866617146	3.43894328151e-06	0.00125865324103	0	0	1.3755773126e-05	6.87788656302e-06	0	0.000457379456441	0.000405795307218	0	0	0	0	0	0	0	0	3.43894328151e-06	0	0	0	3.43894328151e-06	0.000632765563798	6.87788656302e-06	0	0.000443623683315	3.43894328151e-06	0.000367966931121	0	0	0	0	0	0	0	2.06336596891e-05	1.03168298445e-05	0.000134118787979	2.75115462521e-05	0.00011348512829	8.94125253192e-05	0
6.87788656302e-06	0	0	0	0	0	0	0	3.43894328151e-06	2.06336596891e-05	0	0	0	0	3.43894328151e-06	0	3.43894328151e-06	0	0	0	0	0	0	0	1.3755773126e-05	0	0	0	0	0	0	0	0	0	0	0.000784079068184	3.43894328151e-06	2.06336596891e-05	0	0.000288871235647	0.00277866617146	0.0382100988008	0.00138589414245	0.0132571263502	0.00013755773126	0.00928170791679	3.43894328151e-05	0.0093539257257	3.43894328151e-06	0.00460474505394	0.00287151764006	4.12673193781e-05	1.03168298445e-05	0	3.43894328151e-06	0.00179168944967	6.19009790672e-05	2.40726029706e-05	8.59735820377e-05	0.0010041714382	3.43894328151e-06	3.43894328151e-06	2.40726029706e-05	0.000591498244419	0.0046116229405	0.000337016441588	0	0.000873491593503	0.000168508220794	0.00196363661374	3.43894328151e-06	0	3.43894328151e-06	3.43894328151e-06	0	0	0	0.000271676519239	5.50230925041e-05	0.00093539257257	0.000223531313298	0.000402356363936	0.000199458710327	0
1.71947164075e-05	0	3.43894328151e-06	0	1.03168298445e-05	0	0	2.40726029706e-05	0	0.000299188065491	0	0	1.03168298445e-05	0	3.43894328151e-06	0	1.3755773126e-05	0	0	0	1.03168298445e-05	1.3755773126e-05	5.50230925041e-05	1.03168298445e-05	0.000127240901416	0	0	1.03168298445e-05	5.50230925041e-05	1.3755773126e-05	3.43894328151e-05	0	0	3.43894328151e-06	1.71947164075e-05	0.00270644836255	2.40726029706e-05	0.000144435617823	0	0.000374844817684	3.43894328151e-06	0.00138589414245	0.0281511897024	0.00168164326466	0.000883808423348	0.00342518750838	0	0.000780640124902	0	0.00280617771771	0.000116924071571	0.000804712727873	0.000106607241727	0	3.43894328151e-06	0.00066027711005	0.000646521336924	0.000443623683315	0.000815029557718	0.00447750415252	0	1.3755773126e-05	5.15841492226e-05	0.0071598799121	0.00239694346721	0.00665091630644	0	0	0.000508963605663	0.0014134056887	1.71947164075e-05	0	6.87788656302e-06	6.87788656302e-06	3.43894328151e-06	0	0	0.000529597265352	0.000151313504386	0.00047801311613	0.000134118787979	0.000178825050638	2.75115462521e-05	0
3.43894328151e-06	0	0	0	0	0	0	0	0	2.06336596891e-05	0	0	0	0	0	0	0	0	0	0	0	3.43894328151e-06	0	0	1.3755773126e-05	0	0	0	3.43894328151e-06	0	3.43894328151e-06	0	0	0	0	0.00181920099592	6.87788656302e-06	2.40726029706e-05	0	0.000103168298445	0.00125865324103	0.0132571263502	0.00168164326466	0.030589400489	0.000123801958134	0.00259640217754	2.75115462521e-05	0.00138589414245	3.43894328151e-06	0.013119568619	0.00101448826804	5.50230925041e-05	2.06336596891e-05	0	6.87788656302e-06	0.000309504895336	8.25346387562e-05	4.12673193781e-05	9.28514686007e-05	0.000598376130982	0	1.71947164075e-05	2.75115462521e-05	0.000460818399722	0.00666811102284	0.000622448733953	0	0.00153720764683	0.000216653426735	0.00215965638079	3.43894328151e-06	0	3.43894328151e-06	3.43894328151e-06	0	0	0	0.00029574912221	6.53399223487e-05	0.00101792721133	0.000230409199861	0.000271676519239	0.000178825050638	6.87788656302e-06
