0.0191823405258	0	2.1233496265e-05	0	7.21938873011e-05	0.000186854767132	0.00123154278337	0.0095423332215	0.00298118287561	0.000267542052939	0.00227623079961	0.000420423226048	5.52070902891e-05	8.49339850601e-06	0.00854011219779	0.000118907579084	0	9.34273835661e-05	0.00025480195518	0.000220828361156	4.67136917831e-05	0	4.24669925301e-06	1.6986797012e-05	0.000811119557324	0	0.000263295353686	6.79471880481e-05	0.00217855671679	0.0114660879831	0.00487521074245	4.24669925301e-06	4.24669925301e-06	0.00183032737805	0.00116784229458	0	0	0	0	5.09603910361e-05	0	0	0	0	0.000284528849951	0	0	8.49339850601e-06	0	8.49339850601e-06	0	0	0	0	4.24669925301e-06	0	0	1.2740097759e-05	4.24669925301e-06	0.000161374571614	0	0	0	8.91806843131e-05	2.1233496265e-05	0	0	0	8.49339850601e-06	2.1233496265e-05	0.000135894376096	8.49339850601e-06	0.000620018090939	6.79471880481e-05	3.3973594024e-05	0	0	0.00029726894771	3.3973594024e-05	0	0	0	0	0
0	0.0203884031137	3.82202932771e-05	0	6.37004887951e-05	4.24669925301e-06	5.09603910361e-05	2.1233496265e-05	3.82202932771e-05	0.00651443665411	5.94537895421e-05	0.000165621270867	0.000484123714843	0.000237815158168	0	0.000505357211108	0.000246308556674	0.00102770121923	8.49339850601e-06	0.000284528849951	3.3973594024e-05	5.09603910361e-05	0.00713445474505	0.00039494303053	0.00498987162228	0.00121455598636	0.00161374571614	0.0132369615716	2.9726894771e-05	8.49339850601e-06	3.82202932771e-05	0	0	4.24669925301e-06	0.000314255744722	8.49339850601e-06	0.00892656182982	2.9726894771e-05	0	3.3973594024e-05	4.24669925301e-06	4.24669925301e-06	8.49339850601e-06	0.00012740097759	5.52070902891e-05	8.49339850601e-06	1.6986797012e-05	1.2740097759e-05	0.000203841564144	6.37004887951e-05	0	0.000118907579084	2.9726894771e-05	1.2740097759e-05	6.37004887951e-05	8.49339850601e-06	9.34273835661e-05	0.000152881173108	3.3973594024e-05	4.24669925301e-05	0.00090454694089	0.000828106354336	0.008123935671	2.9726894771e-05	2.1233496265e-05	2.5480195518e-05	4.24669925301e-06	4.67136917831e-05	0	6.79471880481e-05	0.0020426623407	0.000403436429036	0.00129948997142	5.94537895421e-05	0.000118907579084	4.24669925301e-06	1.2740097759e-05	0.000556317602144	0.000679471880481	9.34273835661e-05	0	1.2740097759e-05	0	0
2.1233496265e-05	3.82202932771e-05	0.0361054370491	0	1.6986797012e-05	4.24669925301e-06	8.49339850601e-06	0.00313406404872	0.000581797797662	4.24669925301e-05	0.000140141075349	0.000174114669373	7.64405865541e-05	4.24669925301e-06	0.000666731782722	4.24669925301e-06	0.000242061857421	0.00327845182332	2.1233496265e-05	0.000157127872361	8.91806843131e-05	0.000301515646963	7.21938873011e-05	0.00935547845437	0.00043741002306	8.49339850601e-06	0.00630634839071	0.0102133117035	0.000552070902891	1.6986797012e-05	0.00103194791848	0	1.6986797012e-05	1.6986797012e-05	0.00126126967814	3.3973594024e-05	0.00217431001754	0.00273487431894	0	1.6986797012e-05	0	0	8.49339850601e-06	0	7.64405865541e-05	0	4.24669925301e-06	8.49339850601e-06	2.1233496265e-05	2.9726894771e-05	4.24669925301e-06	6.79471880481e-05	0.00128250317441	2.1233496265e-05	0.000131647676843	0	0.000101920782072	0.000326995842481	0.000259048654433	5.94537895421e-05	2.5480195518e-05	0.00716418163982	0.00355024057551	6.79471880481e-05	4.24669925301e-05	0.000637004887951	4.24669925301e-06	0	2.1233496265e-05	3.3973594024e-05	0.0024036317772	0.00442930732088	0.00321899803378	0.00118907579084	9.76740828191e-05	4.24669925301e-06	0	0.000106167481325	0.000547824203638	5.94537895421e-05	0	4.24669925301e-06	0	0
0	0	0	0	0	0	0	0	0	0	0	0	0	0	0	0	0	0	0	0	0	0	0	0	0	0	0	0	0	0	0	0	0	0	0	0	0	0	0	0	0	0	0	0	0	0	0	0	0	0	0	0	0	0	0	0	0	0	0	0	0	0	0	0	0	0	0	0	0	0	0	0	0	0	0	0	0	0	0	0	0	0	0	0
7.21938873011e-05	6.37004887951e-05	1.6986797012e-05	0	0.0132157280754	5.52070902891e-05	0.000433163323807	0.000509603910361	0.000615771391686	0.00369887504937	0.00861655278435	0.000679471880481	0.0027561078152	0.000182608067879	0.000365216135758	0.000208088263397	0	0.000331242541734	8.91806843131e-05	0.000866326647613	0.00817489606204	4.24669925301e-06	5.52070902891e-05	2.1233496265e-05	0.00365216135758	4.24669925301e-06	0.000628511489445	0.000199594864891	0.00574578408932	0.000917287038649	4.24669925301e-06	1.6986797012e-05	8.49339850601e-06	0.000161374571614	0.00165196600942	0	1.2740097759e-05	0	0	0.00653142345112	0	0	0	4.24669925301e-06	0.00126126967814	2.5480195518e-05	1.2740097759e-05	0.000140141075349	8.49339850601e-06	0	4.24669925301e-06	0	0	0	0	0.00029726894771	0	0	0	0.00425519265151	8.49339850601e-06	8.49339850601e-06	1.2740097759e-05	0.00125277627964	0	0	0	4.24669925301e-06	0	0	0.000140141075349	8.49339850601e-06	0.00103194791848	3.82202932771e-05	0.000343982639493	8.06872858071e-05	0	1.2740097759e-05	0	8.49339850601e-06	0	0	4.24669925301e-06	4.24669925301e-06
0.000186854767132	4.24669925301e-06	4.24669925301e-06	0	5.52070902891e-05	0.00708774105327	0.00506206550958	0.000598784594674	0.0038135359292	0	0.00179635378402	5.09603910361e-05	0.000305762346216	6.37004887951e-05	0.000343982639493	0.00144812444527	0	1.2740097759e-05	4.24669925301e-06	8.49339850601e-06	0.000208088263397	0	0	8.49339850601e-06	6.37004887951e-05	0	1.2740097759e-05	3.3973594024e-05	0.000675225181228	0.000293022248457	0	0	0.0014183975505	2.5480195518e-05	0.000246308556674	0	4.24669925301e-06	0	0	4.24669925301e-05	0	0	0	0	8.49339850601e-06	0	0	8.49339850601e-06	0	0	0	0	0	0	0	0	0	0	0	8.49339850601e-06	0	4.24669925301e-06	4.24669925301e-06	2.1233496265e-05	0	0	0	0	0	0	0.000259048654433	4.24669925301e-06	9.34273835661e-05	7.21938873011e-05	0.000832353053589	0.00021233496265	0	8.49339850601e-06	8.49339850601e-06	8.49339850601e-06	4.24669925301e-06	0	0	1.2740097759e-05
0.00123154278337	5.09603910361e-05	8.49339850601e-06	0	0.000433163323807	0.00506206550958	0.0510028580286	0.00647196966158	0.0331879546622	0.000246308556674	0.026907086467	0.00475630316337	0.0145874119341	0.00152031833258	0.00858257919032	0.00330393201884	0	0.000288775549204	0.000535084105879	0.00121455598636	0.00399189729783	8.49339850601e-06	4.67136917831e-05	0	0.00128250317441	5.94537895421e-05	0.00172415989672	0.000704952075999	0.00591140536018	0.00391121001202	3.3973594024e-05	8.06872858071e-05	0.00176238019	0.00033973594024	0.00770775914421	1.6986797012e-05	0	0	0	0.000242061857421	0	0	0	1.6986797012e-05	0.000250555255927	1.6986797012e-05	5.94537895421e-05	0.00245883886749	0.000178361368626	1.6986797012e-05	0	4.24669925301e-06	0	0	0	1.6986797012e-05	0	4.24669925301e-06	0	0.000373709534264	1.2740097759e-05	0.000106167481325	4.24669925301e-06	0.000556317602144	4.24669925301e-06	0	0.000140141075349	4.24669925301e-06	0	4.24669925301e-06	0.000964000730432	8.49339850601e-05	0.00254377285255	0.000161374571614	0.000645498286457	0.00153305843034	4.24669925301e-06	0.000416176526795	4.67136917831e-05	1.6986797012e-05	8.49339850601e-06	0	4.24669925301e-06	8.49339850601e-05
0.0095423332215	2.1233496265e-05	0.00313406404872	0	0.000509603910361	0.000598784594674	0.00647196966158	0.0659724728954	0.0118228107204	0.000696458677493	0.00951260632673	0.00102345451997	0.000450150120819	0.000620018090939	0.0120903527733	0.000603031293927	8.49339850601e-06	0.00188978116759	0.000186854767132	0.00110838850503	0.000539330805132	0.00156278532511	0	0.00264569363462	0.00521919338194	4.24669925301e-06	0.00328694522183	0.000709198775252	0.0217303600776	0.00974192808639	0.0166088407785	4.24669925301e-06	6.37004887951e-05	0.00406409118513	0.00487521074245	0.00012740097759	3.82202932771e-05	4.67136917831e-05	0	5.52070902891e-05	0	4.24669925301e-06	0.000110414180578	4.67136917831e-05	0.00138017725723	2.1233496265e-05	8.49339850601e-06	8.49339850601e-06	4.24669925301e-06	0.000199594864891	0	3.82202932771e-05	0.000101920782072	0	2.5480195518e-05	4.24669925301e-06	8.06872858071e-05	0.000110414180578	5.52070902891e-05	0.0016179924154	8.49339850601e-06	0.000144387774602	6.37004887951e-05	0.00308310365768	0.000348229338746	0.000624264790192	4.24669925301e-06	2.1233496265e-05	0.000101920782072	0.000135894376096	0.000794132760312	0.00021233496265	0.00460766868951	0.00117633569308	0.000535084105879	0.000114660879831	0	0.00234842468691	0.000101920782072	8.91806843131e-05	3.82202932771e-05	0	2.1233496265e-05	2.1233496265e-05
0.00298118287561	3.82202932771e-05	0.000581797797662	0	0.000615771391686	0.0038135359292	0.0331879546622	0.0118228107204	0.0565575406515	0.000373709534264	0.0200571605719	0.00670978481975	0.0111348454414	0.00198320855115	0.0219979021306	0.00265418703313	8.49339850601e-06	0.000637004887951	0.000942767234167	0.00140141075349	0.00369038165086	2.5480195518e-05	2.1233496265e-05	0.000135894376096	0.00200019534817	5.94537895421e-05	0.00294296258233	0.000976740828191	0.00639128237577	0.0069221197824	0.000530837406626	8.06872858071e-05	0.0019067679646	0.00033973594024	0.0102982456885	1.6986797012e-05	8.49339850601e-06	8.49339850601e-06	0	0.000382202932771	0	0	0	4.24669925301e-05	0.000360969436505	1.6986797012e-05	0.000157127872361	0.00240787847645	0.000301515646963	6.79471880481e-05	0	1.2740097759e-05	1.6986797012e-05	0	4.24669925301e-06	1.2740097759e-05	4.24669925301e-06	3.3973594024e-05	1.2740097759e-05	0.000433163323807	1.2740097759e-05	0.000118907579084	1.2740097759e-05	0.000798379459565	4.67136917831e-05	0	0.000152881173108	1.6986797012e-05	3.82202932771e-05	5.09603910361e-05	0.00239938507795	0.000161374571614	0.00349503348522	0.0007771459633	0.00152881173108	0.00138442395648	3.3973594024e-05	0.0007771459633	0.000216581661903	0.000157127872361	8.91806843131e-05	0	1.6986797012e-05	0.000369462835011
0.000267542052939	0.00651443665411	4.24669925301e-05	0	0.00369887504937	0	0.000246308556674	0.000696458677493	0.000373709534264	0.0330138399929	0.00328269852257	0.000148634473855	0.00350777358298	0.000110414180578	0.000263295353686	0.00341859289867	0.00234417798766	8.91806843131e-05	0	0.000131647676843	0.00431464644105	0.000552070902891	0.0121158329688	0.00190252126535	0.0187406838035	0.00033973594024	0.000501110511855	0.00488370414096	0.00752939777558	0.000326995842481	0.000284528849951	0	1.2740097759e-05	0.000220828361156	0.000581797797662	6.37004887951e-05	1.2740097759e-05	4.67136917831e-05	0	0.00471808287009	0	0	4.24669925301e-05	8.49339850601e-06	0.00732980291069	4.24669925301e-06	2.1233496265e-05	0.000140141075349	0.000106167481325	2.1233496265e-05	4.24669925301e-06	0.00341434619942	0	0	4.24669925301e-06	0.000305762346216	0.00189827456609	0.00689663958688	0.00195772835564	0.0115680087652	0.000106167481325	4.67136917831e-05	0.000178361368626	0.00615771391686	4.24669925301e-05	0.00016986797012	0	8.49339850601e-06	8.49339850601e-06	1.2740097759e-05	0.000704952075999	8.91806843131e-05	0.00145661784378	0.000704952075999	0.00176662688925	2.1233496265e-05	0	0.00165621270867	0.000110414180578	4.24669925301e-05	1.6986797012e-05	4.24669925301e-06	4.24669925301e-05	1.6986797012e-05
0.00227623079961	5.94537895421e-05	0.000140141075349	0	0.00861655278435	0.00179635378402	0.026907086467	0.00951260632673	0.0200571605719	0.00328269852257	0.0663461824297	0.00790310730984	0.0198957860003	0.00155853862585	0.00890957503281	0.000908793640143	0	0.00163073251315	0.00132921686619	0.00552920242741	0.0141245217155	3.3973594024e-05	2.1233496265e-05	0.000118907579084	0.00232719119065	4.67136917831e-05	0.00462890218578	0.0014183975505	0.0180017581335	0.00824284325008	2.9726894771e-05	0.000123154278337	0.000441656722313	0.00189827456609	0.0142221957983	0	3.82202932771e-05	0	0	0.00597935254823	0	0	0	0	0.00118058239234	3.82202932771e-05	5.52070902891e-05	0.00467986257681	0.000182608067879	0	4.24669925301e-06	0	0	0	0	0.000284528849951	0	0	0	0.00381778262845	2.1233496265e-05	0.00012740097759	3.82202932771e-05	0.00107866161026	0	0	0.000161374571614	0	0	0	0.000637004887951	0.000152881173108	0.00525741367522	0.000135894376096	0.000373709534264	0.000772899264047	4.24669925301e-06	6.79471880481e-05	4.24669925301e-06	4.24669925301e-06	0	0	0	1.2740097759e-05
0.000420423226048	0.000165621270867	0.000174114669373	0	0.000679471880481	5.09603910361e-05	0.00475630316337	0.00102345451997	0.00670978481975	0.000148634473855	0.00790310730984	0.0364366795908	0.00327420512407	0.00937671195064	0.00486247064469	2.5480195518e-05	0.000208088263397	0.00185156087431	0.00499836502079	0.0108588099899	0.0018430674758	0.000195348165638	7.21938873011e-05	0.000475630316337	0.00105318141475	0.00127825647515	0.00982686207145	0.00356298067327	0.00197046845339	0.00534234766028	8.49339850601e-05	0.000594537895421	0.000526590707373	0.000581797797662	0.0163710256203	3.3973594024e-05	0.000114660879831	1.6986797012e-05	0	0.000556317602144	0	0	1.6986797012e-05	4.24669925301e-05	0.000203841564144	8.49339850601e-06	0.00135894376096	0.00127825647515	0.00371586184638	2.5480195518e-05	0	2.5480195518e-05	8.49339850601e-06	2.1233496265e-05	5.52070902891e-05	1.2740097759e-05	7.64405865541e-05	3.3973594024e-05	5.09603910361e-05	0.000118907579084	0.0021955435138	0.00108715500877	0.000420423226048	0.00021233496265	2.9726894771e-05	6.79471880481e-05	0.00182608067879	8.49339850601e-06	8.49339850601e-06	2.9726894771e-05	0.00605154643553	0.00286652199578	0.00910067649919	0.00326146502631	0.00012740097759	2.1233496265e-05	0.000263295353686	0.000195348165638	0.000161374571614	4.67136917831e-05	4.24669925301e-06	0	0	4.24669925301e-06
5.52070902891e-05	0.000484123714843	7.64405865541e-05	0	0.0027561078152	0.000305762346216	0.0145874119341	0.000450150120819	0.0111348454414	0.00350777358298	0.0198957860003	0.00327420512407	0.0402247353245	0.000772899264047	0.00435286673433	0.00292172908607	4.24669925301e-06	0.000505357211108	0.000518097308867	0.00197471515265	0.0125065293001	1.6986797012e-05	0.000488370414096	4.24669925301e-05	0.00217855671679	7.21938873011e-05	0.00203416894219	0.00120606258785	0.00138867065573	0.00185156087431	1.6986797012e-05	4.67136917831e-05	0.000620018090939	3.3973594024e-05	0.00696458677493	1.2740097759e-05	1.6986797012e-05	0	0	0.00217431001754	0	0.000637004887951	0	0.000467136917831	0.000938520534914	2.1233496265e-05	0.000382202932771	0.00684143249659	0.00029726894771	0.000237815158168	0.000764405865541	0	0	0	0	0.00170292640046	4.24669925301e-06	4.24669925301e-06	0	0.00299816967262	9.76740828191e-05	9.76740828191e-05	1.6986797012e-05	0.000352476037999	8.06872858071e-05	0	0.000135894376096	0.000220828361156	0	0.000250555255927	0.000310009045469	5.94537895421e-05	0.00280706820624	0.000110414180578	0.000942767234167	0.00147360464079	4.24669925301e-06	0	2.5480195518e-05	0.000161374571614	4.24669925301e-06	0.000161374571614	5.52070902891e-05	7.64405865541e-05
8.49339850601e-06	0.000237815158168	4.24669925301e-06	0	0.000182608067879	6.37004887951e-05	0.00152031833258	0.000620018090939	0.00198320855115	0.000110414180578	0.00155853862585	0.00937671195064	0.000772899264047	0.0176620221933	0.000857833249107	1.6986797012e-05	0	0	1.6986797012e-05	3.3973594024e-05	0.000318502443975	3.3973594024e-05	2.5480195518e-05	5.52070902891e-05	0.000492617113349	0.0032444782293	0.00237815158168	0.00219979021306	0.000959754031179	0.000454396820072	1.6986797012e-05	0.00138442395648	0.000310009045469	0.00012740097759	0.00366490145534	3.3973594024e-05	5.09603910361e-05	4.24669925301e-06	0	0.000106167481325	0	0	1.2740097759e-05	2.9726894771e-05	0.000191101466385	0	0.00131223006918	0.00016986797012	0.00486247064469	8.49339850601e-06	0	0	0	1.6986797012e-05	4.24669925301e-06	0	0	0	8.49339850601e-06	9.34273835661e-05	0.00344407309419	0.000352476037999	0.000411929827542	0.000140141075349	4.24669925301e-06	4.24669925301e-06	0.00157977212212	0	0	4.24669925301e-06	0.000208088263397	0.001057428114	0.00263295353686	0.000849339850601	8.49339850601e-06	0.000242061857421	0.000101920782072	5.09603910361e-05	0.000246308556674	0.000157127872361	0.000118907579084	0	4.24669925301e-06	0.000458643519325
0.00854011219779	0	0.000666731782722	0	0.000365216135758	0.000343982639493	0.00858257919032	0.0120903527733	0.0219979021306	0.000263295353686	0.00890957503281	0.00486247064469	0.00435286673433	0.000857833249107	0.0384581084352	0.000730432271517	0	0.000641251587204	0.000717692173758	0.000866326647613	0.00163497921241	2.5480195518e-05	4.24669925301e-06	0.000174114669373	0.00104893471549	1.2740097759e-05	0.00256075964956	0.000433163323807	0.00355024057551	0.0111942992309	0.00306187016142	2.5480195518e-05	0.00172415989672	0.000993727625203	0.00749967088081	0	8.49339850601e-06	0	0	0.000259048654433	0	0	0	4.24669925301e-06	0.000216581661903	1.6986797012e-05	5.94537895421e-05	0.00125277627964	0.000178361368626	8.49339850601e-06	0	0	0	0	1.2740097759e-05	8.49339850601e-06	8.49339850601e-06	2.1233496265e-05	8.49339850601e-06	8.91806843131e-05	1.2740097759e-05	8.06872858071e-05	8.49339850601e-06	0.000123154278337	1.2740097759e-05	0	8.49339850601e-05	4.24669925301e-06	8.49339850601e-06	1.2740097759e-05	0.00047987701559	9.76740828191e-05	0.00260747334135	0.000687965278987	0.000467136917831	0.000271788752192	0	0.000242061857421	9.34273835661e-05	2.9726894771e-05	1.6986797012e-05	0	0	0.000161374571614
0.000118907579084	0.000505357211108	4.24669925301e-06	0	0.000208088263397	0.00144812444527	0.00330393201884	0.000603031293927	0.00265418703313	0.00341859289867	0.000908793640143	2.5480195518e-05	0.00292172908607	1.6986797012e-05	0.000730432271517	0.0107526425086	0	2.1233496265e-05	0	5.09603910361e-05	0.000543577504385	2.9726894771e-05	0.000738925670023	3.82202932771e-05	0.00262870683761	4.67136917831e-05	6.37004887951e-05	0.000632758188698	0.000887560143878	0.000322749143228	1.6986797012e-05	0	0.000182608067879	7.64405865541e-05	0.00029726894771	3.82202932771e-05	0	4.24669925301e-06	0	0.000114660879831	0	0	8.06872858071e-05	4.24669925301e-06	0.00119756918935	8.49339850601e-06	0	0.000135894376096	0	2.5480195518e-05	4.24669925301e-06	6.79471880481e-05	0	0	0	1.2740097759e-05	2.9726894771e-05	0.000144387774602	6.79471880481e-05	0.000828106354336	0	0	0	0.000628511489445	8.49339850601e-06	5.09603910361e-05	0	0	0	0	0.000101920782072	0	0.00221677701007	0.000360969436505	0.00209362273173	0.000157127872361	0	0.000637004887951	3.82202932771e-05	2.1233496265e-05	4.24669925301e-06	4.24669925301e-06	0	0
0	0.000246308556674	0.000242061857421	0	0	0	0	8.49339850601e-06	8.49339850601e-06	0.00234417798766	0	0.000208088263397	4.24669925301e-06	0	0	0	0.0185325955401	0.000101920782072	4.24669925301e-06	0.00021233496265	0	0.00172415989672	0.00928328456707	0.00564386330724	0.00413203837317	0	0.000220828361156	0.00393669020754	0.00125702297889	4.24669925301e-06	0.000267542052939	0	0	4.24669925301e-06	0.000335489240987	0	0.000335489240987	6.79471880481e-05	0	4.24669925301e-06	0	0	1.2740097759e-05	0	2.1233496265e-05	0	0	0	4.24669925301e-06	4.24669925301e-06	0	0.00426793274927	0	0	1.2740097759e-05	0	0.00103619461773	0.00577975768334	0.00158401882137	0.000598784594674	4.24669925301e-05	8.49339850601e-05	0.000683718579734	0.000942767234167	0	8.06872858071e-05	0	0	0	0	0.00363517456057	0.000284528849951	0.000853586549854	0.000250555255927	0.000106167481325	4.24669925301e-06	0	0.000135894376096	3.3973594024e-05	2.9726894771e-05	4.24669925301e-06	0	0	0
9.34273835661e-05	0.00102770121923	0.00327845182332	0	0.000331242541734	1.2740097759e-05	0.000288775549204	0.00188978116759	0.000637004887951	8.91806843131e-05	0.00163073251315	0.00185156087431	0.000505357211108	0	0.000641251587204	2.1233496265e-05	0.000101920782072	0.0339141402345	0.00129948997142	0.00746145058753	0.000823859655083	0.00181758728029	0.000157127872361	0.00470534277233	0.000229321759662	2.1233496265e-05	0.0149398879721	0.00654841024813	0.000972494128938	0.000577551098409	0.00219129681455	4.24669925301e-06	4.24669925301e-06	0.000199594864891	0.0117081498405	6.79471880481e-05	0.0015542919266	6.79471880481e-05	0	0.000276035451445	0	0	4.24669925301e-05	6.79471880481e-05	6.37004887951e-05	0	1.2740097759e-05	0.000110414180578	0.000131647676843	7.64405865541e-05	4.24669925301e-06	2.9726894771e-05	0.000259048654433	8.91806843131e-05	0.00131647676843	4.24669925301e-06	2.5480195518e-05	4.24669925301e-05	0.000161374571614	4.67136917831e-05	5.52070902891e-05	0.0033888660039	0.00171991319747	2.1233496265e-05	8.49339850601e-05	5.94537895421e-05	3.82202932771e-05	4.24669925301e-06	2.5480195518e-05	1.6986797012e-05	0.00211910292725	0.00251829265703	0.00527015377298	0.00188978116759	2.1233496265e-05	8.49339850601e-06	0	0.000203841564144	0.000250555255927	5.94537895421e-05	0	8.49339850601e-06	0	0
0.00025480195518	8.49339850601e-06	2.1233496265e-05	0	8.91806843131e-05	4.24669925301e-06	0.000535084105879	0.000186854767132	0.000942767234167	0	0.00132921686619	0.00499836502079	0.000518097308867	1.6986797012e-05	0.000717692173758	0	4.24669925301e-06	0.00129948997142	0.00864627967912	0.005656603405	0.000271788752192	4.67136917831e-05	0	3.3973594024e-05	6.37004887951e-05	0	0.00152456503183	9.76740828191e-05	0.000246308556674	0.00123578948262	2.1233496265e-05	4.24669925301e-06	0	8.91806843131e-05	0.0027561078152	0	8.49339850601e-06	0	0	8.49339850601e-05	0	0	0	0	1.2740097759e-05	4.24669925301e-06	8.49339850601e-06	0.000233568458915	0.000794132760312	0	0	8.49339850601e-06	0	4.24669925301e-06	0	4.24669925301e-06	4.24669925301e-06	0	0	0	2.9726894771e-05	0.000645498286457	7.64405865541e-05	8.49339850601e-06	4.24669925301e-06	0	2.5480195518e-05	0	4.24669925301e-06	8.49339850601e-06	0.00064974498571	0.000152881173108	0.000590291196168	0.000203841564144	8.49339850601e-06	4.24669925301e-06	0	0.000106167481325	0.000123154278337	8.49339850601e-06	0	0	0	0
0.000220828361156	0.000284528849951	0.000157127872361	0	0.000866326647613	8.49339850601e-06	0.00121455598636	0.00110838850503	0.00140141075349	0.000131647676843	0.00552920242741	0.0108588099899	0.00197471515265	3.3973594024e-05	0.000866326647613	5.09603910361e-05	0.00021233496265	0.00746145058753	0.005656603405	0.025378274736	0.00231445109289	0.000726185572264	0.000123154278337	0.000925780437155	0.000543577504385	2.1233496265e-05	0.0130033931127	0.00404285768886	0.00147360464079	0.00230595769438	0.000552070902891	4.24669925301e-05	0	0.000798379459565	0.0135597107148	0	0.000148634473855	4.24669925301e-06	0	0.000772899264047	0	0	0	0	0.000135894376096	4.24669925301e-06	1.2740097759e-05	0.00069221197824	0.000628511489445	4.24669925301e-06	0	3.82202932771e-05	4.24669925301e-06	4.24669925301e-06	3.3973594024e-05	8.49339850601e-06	5.52070902891e-05	5.94537895421e-05	8.49339850601e-06	5.52070902891e-05	3.82202932771e-05	0.0014820980393	0.00021233496265	8.91806843131e-05	1.6986797012e-05	3.3973594024e-05	8.49339850601e-06	0	4.24669925301e-06	2.5480195518e-05	0.00594537895421	0.000475630316337	0.00921109067977	0.00277309461221	0.000106167481325	1.2740097759e-05	0	0.000152881173108	4.67136917831e-05	1.2740097759e-05	0	0	0	0
4.67136917831e-05	3.3973594024e-05	8.91806843131e-05	0	0.00817489606204	0.000208088263397	0.00399189729783	0.000539330805132	0.00369038165086	0.00431464644105	0.0141245217155	0.0018430674758	0.0125065293001	0.000318502443975	0.00163497921241	0.000543577504385	0	0.000823859655083	0.000271788752192	0.00231445109289	0.0239726172832	2.5480195518e-05	1.2740097759e-05	5.94537895421e-05	0.00245034546898	4.24669925301e-06	0.00165196600942	0.000543577504385	0.00496863812602	0.0021233496265	2.5480195518e-05	3.82202932771e-05	0.000161374571614	0.000569057699903	0.00443355402014	4.24669925301e-06	2.5480195518e-05	0	0	0.00633607528548	0	0	0	4.24669925301e-06	0.00183032737805	1.2740097759e-05	5.09603910361e-05	0.000326995842481	5.09603910361e-05	4.24669925301e-06	4.24669925301e-06	0	0	0	0	0.000335489240987	0	0	0	0.00467986257681	1.2740097759e-05	2.5480195518e-05	2.5480195518e-05	0.00104044131699	4.24669925301e-06	0	2.1233496265e-05	0	0	4.24669925301e-06	0.000352476037999	2.9726894771e-05	0.00239089167944	8.91806843131e-05	0.00043741002306	0.000458643519325	0	8.49339850601e-06	1.6986797012e-05	8.49339850601e-06	0	0	0	3.82202932771e-05
0	5.09603910361e-05	0.000301515646963	0	4.24669925301e-06	0	8.49339850601e-06	0.00156278532511	2.5480195518e-05	0.000552070902891	3.3973594024e-05	0.000195348165638	1.6986797012e-05	3.3973594024e-05	2.5480195518e-05	2.9726894771e-05	0.00172415989672	0.00181758728029	4.67136917831e-05	0.000726185572264	2.5480195518e-05	0.0302449920799	0.000866326647613	0.0141754821065	0.000416176526795	0	0.000598784594674	0.000866326647613	0.00914739019097	0.000360969436505	0.00959754031179	0	0	5.09603910361e-05	0.0074826840838	1.6986797012e-05	0.000148634473855	0.000220828361156	0	4.24669925301e-06	0	0	1.2740097759e-05	0	4.67136917831e-05	0	4.24669925301e-06	0	0	2.1233496265e-05	0	0.000908793640143	8.49339850601e-06	0	1.2740097759e-05	0	0.00143963104677	0.00166045940793	0.00253103275479	0.000165621270867	8.49339850601e-06	0.000318502443975	0.00086207994836	0.000462890218578	2.1233496265e-05	0.000186854767132	0	0	8.49339850601e-06	2.9726894771e-05	0.00128674987366	0.00119332249009	0.00466712247905	0.00192375476161	0.00130373667067	8.49339850601e-06	0	7.64405865541e-05	2.5480195518e-05	5.09603910361e-05	1.2740097759e-05	0	0	4.24669925301e-06
4.24669925301e-06	0.00713445474505	7.21938873011e-05	0	5.52070902891e-05	0	4.67136917831e-05	0	2.1233496265e-05	0.0121158329688	2.1233496265e-05	7.21938873011e-05	0.000488370414096	2.5480195518e-05	4.24669925301e-06	0.000738925670023	0.00928328456707	0.000157127872361	0	0.000123154278337	1.2740097759e-05	0.000866326647613	0.0270090072491	0.00468835597532	0.00837449092693	0.000348229338746	0.000581797797662	0.0101793381095	0.0013377102647	4.24669925301e-06	0.000216581661903	0	0	0	0.000203841564144	0	0.000382202932771	7.64405865541e-05	0	8.49339850601e-06	0	0	1.2740097759e-05	0	6.79471880481e-05	0	1.2740097759e-05	4.24669925301e-06	0.000106167481325	4.24669925301e-06	0	0.00776296623449	3.3973594024e-05	1.2740097759e-05	4.24669925301e-06	0	0.00253103275479	0.0112112860279	0.00406833788438	0.000772899264047	0.000131647676843	9.76740828191e-05	0.000921533737902	0.00123154278337	4.24669925301e-06	9.34273835661e-05	0	0	0	4.24669925301e-06	0.000611524692433	0.000106167481325	0.000276035451445	4.24669925301e-05	9.34273835661e-05	0	0	0.00012740097759	3.82202932771e-05	0.000140141075349	0	0	0	0
1.6986797012e-05	0.00039494303053	0.00935547845437	0	2.1233496265e-05	8.49339850601e-06	0	0.00264569363462	0.000135894376096	0.00190252126535	0.000118907579084	0.000475630316337	4.24669925301e-05	5.52070902891e-05	0.000174114669373	3.82202932771e-05	0.00564386330724	0.00470534277233	3.3973594024e-05	0.000925780437155	5.94537895421e-05	0.0141754821065	0.00468835597532	0.0665797508886	0.00135894376096	3.3973594024e-05	0.00248431906301	0.00971644789088	0.00220828361156	0.000225075060409	0.00516823299091	4.24669925301e-06	0	4.67136917831e-05	0.00665882442871	5.09603910361e-05	0.0013462036632	0.00207238923547	0	1.2740097759e-05	0	0	5.09603910361e-05	8.49339850601e-06	0.000165621270867	0	3.3973594024e-05	4.24669925301e-06	2.5480195518e-05	5.09603910361e-05	4.24669925301e-06	0.00614072711985	0.000284528849951	1.6986797012e-05	5.09603910361e-05	0	0.000696458677493	0.00603455963852	0.00873121366418	5.52070902891e-05	2.9726894771e-05	0.000789886061059	0.00553769582592	9.76740828191e-05	5.94537895421e-05	0.000802626158818	8.49339850601e-06	4.24669925301e-06	3.3973594024e-05	2.5480195518e-05	0.010977717569	0.00397066380156	0.00842969801722	0.00470958947158	0.00162223911465	4.67136917831e-05	0	0.000310009045469	0.000161374571614	0.000174114669373	1.6986797012e-05	4.24669925301e-06	0	8.49339850601e-06
0.000811119557324	0.00498987162228	0.00043741002306	0	0.00365216135758	6.37004887951e-05	0.00128250317441	0.00521919338194	0.00200019534817	0.0187406838035	0.00232719119065	0.00105318141475	0.00217855671679	0.000492617113349	0.00104893471549	0.00262870683761	0.00413203837317	0.000229321759662	6.37004887951e-05	0.000543577504385	0.00245034546898	0.000416176526795	0.00837449092693	0.00135894376096	0.0599633934524	0.000203841564144	0.000930027136408	0.00585619826989	0.0147063195132	0.00178786038552	0.00388997651575	8.49339850601e-06	2.1233496265e-05	0.000870573346866	0.00372435524489	8.49339850601e-05	0.00025480195518	9.34273835661e-05	0	0.00239089167944	0	4.24669925301e-06	8.06872858071e-05	0.000174114669373	0.00803475498669	8.49339850601e-06	9.76740828191e-05	3.82202932771e-05	0.000135894376096	0.000152881173108	4.24669925301e-06	0.0018345740773	0	0	4.24669925301e-06	0.00012740097759	0.000382202932771	0.00383901612472	0.000369462835011	0.0117845904271	4.24669925301e-05	6.37004887951e-05	0.000637004887951	0.00981836867295	0.00021233496265	0.000114660879831	4.24669925301e-06	0.000123154278337	0.000216581661903	0.000237815158168	0.00563112320949	0.00033973594024	0.00597510584898	0.00170717309971	0.00124003618188	0.00016986797012	0	0.0024758256645	0.000135894376096	0.000135894376096	6.37004887951e-05	8.49339850601e-06	0.000135894376096	5.52070902891e-05
0	0.00121455598636	8.49339850601e-06	0	4.24669925301e-06	0	5.94537895421e-05	4.24669925301e-06	5.94537895421e-05	0.00033973594024	4.67136917831e-05	0.00127825647515	7.21938873011e-05	0.0032444782293	1.2740097759e-05	4.67136917831e-05	0	2.1233496265e-05	0	2.1233496265e-05	4.24669925301e-06	0	0.000348229338746	3.3973594024e-05	0.000203841564144	0.00708349435401	0.000420423226048	0.00278583470997	4.24669925301e-06	2.1233496265e-05	4.24669925301e-06	0.000110414180578	0	0	8.91806843131e-05	0	5.09603910361e-05	0	0	0	0	0	0	4.24669925301e-06	4.24669925301e-06	0	6.37004887951e-05	4.24669925301e-06	0.00136743715947	8.49339850601e-06	0	4.24669925301e-06	0	8.49339850601e-06	0	0	8.49339850601e-06	1.2740097759e-05	1.2740097759e-05	4.24669925301e-06	0.0018430674758	0.000250555255927	0.000526590707373	4.24669925301e-06	4.24669925301e-06	4.24669925301e-06	3.82202932771e-05	4.24669925301e-06	0	0	0.000148634473855	0.000365216135758	0.000165621270867	4.24669925301e-06	1.2740097759e-05	0	0.000165621270867	3.82202932771e-05	4.24669925301e-05	0	0	0	0	8.49339850601e-06
0.000263295353686	0.00161374571614	0.00630634839071	0	0.000628511489445	1.2740097759e-05	0.00172415989672	0.00328694522183	0.00294296258233	0.000501110511855	0.00462890218578	0.00982686207145	0.00203416894219	0.00237815158168	0.00256075964956	6.37004887951e-05	0.000220828361156	0.0149398879721	0.00152456503183	0.0130033931127	0.00165196600942	0.000598784594674	0.000581797797662	0.00248431906301	0.000930027136408	0.000420423226048	0.0683208975824	0.0148422138893	0.00143538434752	0.0013462036632	0.000730432271517	0.00228472419812	0	0.000458643519325	0.0106167481325	6.37004887951e-05	0.00192800146086	0.000101920782072	0	0.00056481100065	8.49339850601e-06	8.49339850601e-06	2.5480195518e-05	5.52070902891e-05	0.000140141075349	0	0.000373709534264	0.000743172369276	0.0110414180578	8.49339850601e-05	0	9.34273835661e-05	0.000267542052939	0.000165621270867	0.00102770121923	1.2740097759e-05	8.06872858071e-05	9.34273835661e-05	0.000110414180578	9.76740828191e-05	0.00857408579182	0.0129736662179	0.00574578408932	0.000123154278337	0.000101920782072	0.000106167481325	0.00203841564144	1.2740097759e-05	2.1233496265e-05	5.94537895421e-05	0.00647621636083	0.00290898898831	0.00904971610815	0.0029641960786	9.76740828191e-05	2.5480195518e-05	1.6986797012e-05	0.000687965278987	0.000726185572264	9.34273835661e-05	0	1.2740097759e-05	4.24669925301e-06	5.52070902891e-05
6.79471880481e-05	0.0132369615716	0.0102133117035	0	0.000199594864891	3.3973594024e-05	0.000704952075999	0.000709198775252	0.000976740828191	0.00488370414096	0.0014183975505	0.00356298067327	0.00120606258785	0.00219979021306	0.000433163323807	0.000632758188698	0.00393669020754	0.00654841024813	9.76740828191e-05	0.00404285768886	0.000543577504385	0.000866326647613	0.0101793381095	0.00971644789088	0.00585619826989	0.00278583470997	0.0148422138893	0.0949646886957	0.000760159166288	0.000293022248457	0.000416176526795	0.000696458677493	3.3973594024e-05	0.00016986797012	0.00609401342806	4.24669925301e-06	0.0161417038607	0.00138442395648	0	0.000182608067879	4.24669925301e-06	4.24669925301e-06	2.5480195518e-05	0.000131647676843	0.00029726894771	4.24669925301e-06	0.000152881173108	0.000305762346216	0.00544851514161	5.52070902891e-05	0	0.00257349974732	0.00060727799318	5.94537895421e-05	0.000110414180578	1.6986797012e-05	0.000208088263397	0.00547824203638	0.00250979925853	0.000250555255927	0.0102855055908	0.00987782246249	0.0279262942878	0.000220828361156	2.5480195518e-05	6.79471880481e-05	0.000280282150698	4.24669925301e-05	4.24669925301e-06	0.000131647676843	0.0142476759938	0.00122304938487	0.00970370779312	0.00270090072491	0.000662485083469	8.06872858071e-05	1.6986797012e-05	0.000874820046119	0.000658238384216	0.000403436429036	8.49339850601e-06	1.2740097759e-05	4.24669925301e-06	5.09603910361e-05
0.00217855671679	2.9726894771e-05	0.000552070902891	0	0.00574578408932	0.000675225181228	0.00591140536018	0.0217303600776	0.00639128237577	0.00752939777558	0.0180017581335	0.00197046845339	0.00138867065573	0.000959754031179	0.00355024057551	0.000887560143878	0.00125702297889	0.000972494128938	0.000246308556674	0.00147360464079	0.00496863812602	0.00914739019097	0.0013377102647	0.00220828361156	0.0147063195132	4.24669925301e-06	0.00143538434752	0.000760159166288	0.0718541513609	0.00486247064469	0.0112877266145	2.1233496265e-05	9.34273835661e-05	0.0025395261533	0.0074911774823	0.000369462835011	2.9726894771e-05	0.000331242541734	0	0.0032444782293	0	4.24669925301e-06	0.000131647676843	4.67136917831e-05	0.00233993128841	8.49339850601e-06	2.5480195518e-05	0.000101920782072	2.5480195518e-05	0.000382202932771	4.24669925301e-06	0.00120606258785	8.49339850601e-06	0	2.1233496265e-05	0.000220828361156	0.00245459216824	0.00473082296785	0.00124003618188	0.00873970706269	4.24669925301e-06	4.67136917831e-05	9.76740828191e-05	0.00715144154206	0.000263295353686	0.00159251221988	4.24669925301e-06	2.9726894771e-05	0.000110414180578	8.49339850601e-06	0.00116784229458	0.000110414180578	0.00676499191004	0.000942767234167	0.000930027136408	0.000199594864891	0	0.000386449632024	9.76740828191e-05	7.64405865541e-05	2.1233496265e-05	8.49339850601e-06	2.9726894771e-05	2.9726894771e-05
0.0114660879831	8.49339850601e-06	1.6986797012e-05	0	0.000917287038649	0.000293022248457	0.00391121001202	0.00974192808639	0.0069221197824	0.000326995842481	0.00824284325008	0.00534234766028	0.00185156087431	0.000454396820072	0.0111942992309	0.000322749143228	4.24669925301e-06	0.000577551098409	0.00123578948262	0.00230595769438	0.0021233496265	0.000360969436505	4.24669925301e-06	0.000225075060409	0.00178786038552	2.1233496265e-05	0.0013462036632	0.000293022248457	0.00486247064469	0.034326070062	0.00377106893667	4.24669925301e-05	0.00239938507795	0.00710048115103	0.0087566938597	8.49339850601e-05	4.24669925301e-06	3.82202932771e-05	0	0.000806872858071	0	0	3.82202932771e-05	0	0.000377956233517	4.24669925301e-06	8.49339850601e-06	0.000611524692433	7.64405865541e-05	0.000118907579084	0	0	1.2740097759e-05	0	0	8.49339850601e-06	7.64405865541e-05	8.49339850601e-05	8.49339850601e-05	0.00016986797012	0	4.67136917831e-05	2.9726894771e-05	0.000195348165638	0.000191101466385	0.000186854767132	5.94537895421e-05	0	0.000237815158168	0.000135894376096	0.000360969436505	2.1233496265e-05	0.00134195696395	0.00025480195518	6.79471880481e-05	0.000318502443975	4.24669925301e-06	0.000441656722313	5.09603910361e-05	4.24669925301e-06	0	0	4.24669925301e-06	2.9726894771e-05
0.00487521074245	3.82202932771e-05	0.00103194791848	0	4.24669925301e-06	0	3.3973594024e-05	0.0166088407785	0.000530837406626	0.000284528849951	2.9726894771e-05	8.49339850601e-05	1.6986797012e-05	1.6986797012e-05	0.00306187016142	1.6986797012e-05	0.000267542052939	0.00219129681455	2.1233496265e-05	0.000552070902891	2.5480195518e-05	0.00959754031179	0.000216581661903	0.00516823299091	0.00388997651575	4.24669925301e-06	0.000730432271517	0.000416176526795	0.0112877266145	0.00377106893667	0.0465098502189	0	0	0.000428916624554	0.00732555621143	0.000152881173108	8.49339850601e-06	5.09603910361e-05	0	4.24669925301e-06	0	4.24669925301e-06	0.000110414180578	1.6986797012e-05	0.000594537895421	0	0	4.24669925301e-06	4.24669925301e-06	0.000178361368626	0	5.52070902891e-05	2.9726894771e-05	0	2.1233496265e-05	0	0.00090454694089	0.000182608067879	0.000611524692433	4.24669925301e-05	8.49339850601e-06	0.000203841564144	5.09603910361e-05	0.00033973594024	0.000420423226048	0.00145661784378	0	8.49339850601e-06	0.000199594864891	0.000178361368626	0.000144387774602	8.06872858071e-05	0.00300666307113	0.000632758188698	0.000165621270867	4.24669925301e-06	0	0.00124852958038	5.94537895421e-05	4.67136917831e-05	8.49339850601e-06	0	8.49339850601e-06	4.24669925301e-06
4.24669925301e-06	0	0	0	1.6986797012e-05	0	8.06872858071e-05	4.24669925301e-06	8.06872858071e-05	0	0.000123154278337	0.000594537895421	4.67136917831e-05	0.00138442395648	2.5480195518e-05	0	0	4.24669925301e-06	4.24669925301e-06	4.24669925301e-05	3.82202932771e-05	0	0	4.24669925301e-06	8.49339850601e-06	0.000110414180578	0.00228472419812	0.000696458677493	2.1233496265e-05	4.24669925301e-05	0	0.0028283017025	0	1.2740097759e-05	0.000165621270867	0	0	4.24669925301e-06	0	1.6986797012e-05	0	0	0	0	0	0	2.5480195518e-05	1.6986797012e-05	0.00130798336993	0	0	0	0	0	0	0	0	0	4.24669925301e-06	0	0.00108715500877	0.00021233496265	0.000106167481325	0	0	0	0.000628511489445	0	0	0	8.06872858071e-05	6.37004887951e-05	0.000114660879831	6.79471880481e-05	0	0	1.2740097759e-05	8.49339850601e-06	8.49339850601e-06	4.24669925301e-06	0	0	0	0
4.24669925301e-06	0	1.6986797012e-05	0	8.49339850601e-06	0.0014183975505	0.00176238019	6.37004887951e-05	0.0019067679646	1.2740097759e-05	0.000441656722313	0.000526590707373	0.000620018090939	0.000310009045469	0.00172415989672	0.000182608067879	0	4.24669925301e-06	0	0	0.000161374571614	0	0	0	2.1233496265e-05	0	0	3.3973594024e-05	9.34273835661e-05	0.00239938507795	0	0	0.00474780976486	0	0.00127825647515	0	0	0	0	0	0	0	0	0	8.49339850601e-06	0	4.24669925301e-06	7.21938873011e-05	8.49339850601e-06	0	0	0	0	0	0	0	0	0	0	0	0	0	0	1.2740097759e-05	0	0	0	0	0	0	7.21938873011e-05	0	6.37004887951e-05	0.000157127872361	0.000110414180578	0.000454396820072	4.24669925301e-06	8.49339850601e-06	4.24669925301e-06	0	0	0	4.24669925301e-06	8.49339850601e-06
0.00183032737805	4.24669925301e-06	1.6986797012e-05	0	0.000161374571614	2.5480195518e-05	0.00033973594024	0.00406409118513	0.00033973594024	0.000220828361156	0.00189827456609	0.000581797797662	3.3973594024e-05	0.00012740097759	0.000993727625203	7.64405865541e-05	4.24669925301e-06	0.000199594864891	8.91806843131e-05	0.000798379459565	0.000569057699903	5.09603910361e-05	0	4.67136917831e-05	0.000870573346866	0	0.000458643519325	0.00016986797012	0.0025395261533	0.00710048115103	0.000428916624554	1.2740097759e-05	0	0.00962302050731	0.00300241637187	9.34273835661e-05	4.24669925301e-06	4.67136917831e-05	0	8.91806843131e-05	0	0	2.9726894771e-05	0	0.000343982639493	0	0	4.24669925301e-06	0	0.000110414180578	0	0	4.24669925301e-06	0	4.24669925301e-06	0	0.000106167481325	6.79471880481e-05	0.000106167481325	0.000310009045469	0	4.24669925301e-06	1.6986797012e-05	0.000293022248457	0.000178361368626	0.000267542052939	0	0	0.000229321759662	0.000118907579084	0.000360969436505	3.82202932771e-05	0.00224650390484	0.000547824203638	2.9726894771e-05	4.24669925301e-06	0	0.000267542052939	3.3973594024e-05	4.24669925301e-06	0	0	0	4.24669925301e-06
