4517	0	5	0	17	44	290	2247	702	63	536	99	13	2	2011	28	0	22	60	52	11	0	1	4	191	0	62	16	513	2700	1148	1	1	431	275	0	0	0	0	12	0	0	0	0	67	0	0	2	0	2	0	0	0	0	1	0	0	3	1	38	0	0	0	21	5	0	0	0	2	5	32	2	146	16	8	0	0	70	8	0	0	0	0	0
0	4801	9	0	15	1	12	5	9	1534	14	39	114	56	0	119	58	242	2	67	8	12	1680	93	1175	286	380	3117	7	2	9	0	0	1	74	2	2102	7	0	8	1	1	2	30	13	2	4	3	48	15	0	28	7	3	15	2	22	36	8	10	213	195	1913	7	5	6	1	11	0	16	481	95	306	14	28	1	3	131	160	22	0	3	0	0
5	9	8502	0	4	1	2	738	137	10	33	41	18	1	157	1	57	772	5	37	21	71	17	2203	103	2	1485	2405	130	4	243	0	4	4	297	8	512	644	0	4	0	0	2	0	18	0	1	2	5	7	1	16	302	5	31	0	24	77	61	14	6	1687	836	16	10	150	1	0	5	8	566	1043	758	280	23	1	0	25	129	14	0	1	0	0
0	0	0	0	0	0	0	0	0	0	0	0	0	0	0	0	0	0	0	0	0	0	0	0	0	0	0	0	0	0	0	0	0	0	0	0	0	0	0	0	0	0	0	0	0	0	0	0	0	0	0	0	0	0	0	0	0	0	0	0	0	0	0	0	0	0	0	0	0	0	0	0	0	0	0	0	0	0	0	0	0	0	0	0
17	15	4	0	3112	13	102	120	145	871	2029	160	649	43	86	49	0	78	21	204	1925	1	13	5	860	1	148	47	1353	216	1	4	2	38	389	0	3	0	0	1538	0	0	0	1	297	6	3	33	2	0	1	0	0	0	0	70	0	0	0	1002	2	2	3	295	0	0	0	1	0	0	33	2	243	9	81	19	0	3	0	2	0	0	1	1
44	1	1	0	13	1669	1192	141	898	0	423	12	72	15	81	341	0	3	1	2	49	0	0	2	15	0	3	8	159	69	0	0	334	6	58	0	1	0	0	10	0	0	0	0	2	0	0	2	0	0	0	0	0	0	0	0	0	0	0	2	0	1	1	5	0	0	0	0	0	0	61	1	22	17	196	50	0	2	2	2	1	0	0	3
290	12	2	0	102	1192	12010	1524	7815	58	6336	1120	3435	358	2021	778	0	68	126	286	940	2	11	0	302	14	406	166	1392	921	8	19	415	80	1815	4	0	0	0	57	0	0	0	4	59	4	14	579	42	4	0	1	0	0	0	4	0	1	0	88	3	25	1	131	1	0	33	1	0	1	227	20	599	38	152	361	1	98	11	4	2	0	1	20
2247	5	738	0	120	141	1524	15535	2784	164	2240	241	106	146	2847	142	2	445	44	261	127	368	0	623	1229	1	774	167	5117	2294	3911	1	15	957	1148	30	9	11	0	13	0	1	26	11	325	5	2	2	1	47	0	9	24	0	6	1	19	26	13	381	2	34	15	726	82	147	1	5	24	32	187	50	1085	277	126	27	0	553	24	21	9	0	5	5
702	9	137	0	145	898	7815	2784	13318	88	4723	1580	2622	467	5180	625	2	150	222	330	869	6	5	32	471	14	693	230	1505	1630	125	19	449	80	2425	4	2	2	0	90	0	0	0	10	85	4	37	567	71	16	0	3	4	0	1	3	1	8	3	102	3	28	3	188	11	0	36	4	9	12	565	38	823	183	360	326	8	183	51	37	21	0	4	87
63	1534	10	0	871	0	58	164	88	7774	773	35	826	26	62	805	552	21	0	31	1016	130	2853	448	4413	80	118	1150	1773	77	67	0	3	52	137	15	3	11	0	1111	0	0	10	2	1726	1	5	33	25	5	1	804	0	0	1	72	447	1624	461	2724	25	11	42	1450	10	40	0	2	2	3	166	21	343	166	416	5	0	390	26	10	4	1	10	4
536	14	33	0	2029	423	6336	2240	4723	773	15623	1861	4685	367	2098	214	0	384	313	1302	3326	8	5	28	548	11	1090	334	4239	1941	7	29	104	447	3349	0	9	0	0	1408	0	0	0	0	278	9	13	1102	43	0	1	0	0	0	0	67	0	0	0	899	5	30	9	254	0	0	38	0	0	0	150	36	1238	32	88	182	1	16	1	1	0	0	0	3
99	39	41	0	160	12	1120	241	1580	35	1861	8580	771	2208	1145	6	49	436	1177	2557	434	46	17	112	248	301	2314	839	464	1258	20	140	124	137	3855	8	27	4	0	131	0	0	4	10	48	2	320	301	875	6	0	6	2	5	13	3	18	8	12	28	517	256	99	50	7	16	430	2	2	7	1425	675	2143	768	30	5	62	46	38	11	1	0	0	1
13	114	18	0	649	72	3435	106	2622	826	4685	771	9472	182	1025	688	1	119	122	465	2945	4	115	10	513	17	479	284	327	436	4	11	146	8	1640	3	4	0	0	512	0	150	0	110	221	5	90	1611	70	56	180	0	0	0	0	401	1	1	0	706	23	23	4	83	19	0	32	52	0	59	73	14	661	26	222	347	1	0	6	38	1	38	13	18
2	56	1	0	43	15	358	146	467	26	367	2208	182	4159	202	4	0	0	4	8	75	8	6	13	116	764	560	518	226	107	4	326	73	30	863	8	12	1	0	25	0	0	3	7	45	0	309	40	1145	2	0	0	0	4	1	0	0	0	2	22	811	83	97	33	1	1	372	0	0	1	49	249	620	200	2	57	24	12	58	37	28	0	1	108
2011	0	157	0	86	81	2021	2847	5180	62	2098	1145	1025	202	9056	172	0	151	169	204	385	6	1	41	247	3	603	102	836	2636	721	6	406	234	1766	0	2	0	0	61	0	0	0	1	51	4	14	295	42	2	0	0	0	0	3	2	2	5	2	21	3	19	2	29	3	0	20	1	2	3	113	23	614	162	110	64	0	57	22	7	4	0	0	38
28	119	1	0	49	341	778	142	625	805	214	6	688	4	172	2532	0	5	0	12	128	7	174	9	619	11	15	149	209	76	4	0	43	18	70	9	0	1	0	27	0	0	19	1	282	2	0	32	0	6	1	16	0	0	0	3	7	34	16	195	0	0	0	148	2	12	0	0	0	0	24	0	522	85	493	37	0	150	9	5	1	1	0	0
0	58	57	0	0	0	0	2	2	552	0	49	1	0	0	0	4364	24	1	50	0	406	2186	1329	973	0	52	927	296	1	63	0	0	1	79	0	79	16	0	1	0	0	3	0	5	0	0	0	1	1	0	1005	0	0	3	0	244	1361	373	141	10	20	161	222	0	19	0	0	0	0	856	67	201	59	25	1	0	32	8	7	1	0	0	0
22	242	772	0	78	3	68	445	150	21	384	436	119	0	151	5	24	7986	306	1757	194	428	37	1108	54	5	3518	1542	229	136	516	1	1	47	2757	16	366	16	0	65	0	0	10	16	15	0	3	26	31	18	1	7	61	21	310	1	6	10	38	11	13	798	405	5	20	14	9	1	6	4	499	593	1241	445	5	2	0	48	59	14	0	2	0	0
60	2	5	0	21	1	126	44	222	0	313	1177	122	4	169	0	1	306	2036	1332	64	11	0	8	15	0	359	23	58	291	5	1	0	21	649	0	2	0	0	20	0	0	0	0	3	1	2	55	187	0	0	2	0	1	0	1	1	0	0	0	7	152	18	2	1	0	6	0	1	2	153	36	139	48	2	1	0	25	29	2	0	0	0	0
52	67	37	0	204	2	286	261	330	31	1302	2557	465	8	204	12	50	1757	1332	5976	545	171	29	218	128	5	3062	952	347	543	130	10	0	188	3193	0	35	1	0	182	0	0	0	0	32	1	3	163	148	1	0	9	1	1	8	2	13	14	2	13	9	349	50	21	4	8	2	0	1	6	1400	112	2169	653	25	3	0	36	11	3	0	0	0	0
11	8	21	0	1925	49	940	127	869	1016	3326	434	2945	75	385	128	0	194	64	545	5645	6	3	14	577	1	389	128	1170	500	6	9	38	134	1044	1	6	0	0	1492	0	0	0	1	431	3	12	77	12	1	1	0	0	0	0	79	0	0	0	1102	3	6	6	245	1	0	5	0	0	1	83	7	563	21	103	108	0	2	4	2	0	0	0	9
0	12	71	0	1	0	2	368	6	130	8	46	4	8	6	7	406	428	11	171	6	7122	204	3338	98	0	141	204	2154	85	2260	0	0	12	1762	4	35	52	0	1	0	0	3	0	11	0	1	0	0	5	0	214	2	0	3	0	339	391	596	39	2	75	203	109	5	44	0	0	2	7	303	281	1099	453	307	2	0	18	6	12	3	0	0	1
1	1680	17	0	13	0	11	0	5	2853	5	17	115	6	1	174	2186	37	0	29	3	204	6360	1104	1972	82	137	2397	315	1	51	0	0	0	48	0	90	18	0	2	0	0	3	0	16	0	3	1	25	1	0	1828	8	3	1	0	596	2640	958	182	31	23	217	290	1	22	0	0	0	1	144	25	65	10	22	0	0	30	9	33	0	0	0	0
4	93	2203	0	5	2	0	623	32	448	28	112	10	13	41	9	1329	1108	8	218	14	3338	1104	15678	320	8	585	2288	520	53	1217	1	0	11	1568	12	317	488	0	3	0	0	12	2	39	0	8	1	6	12	1	1446	67	4	12	0	164	1421	2056	13	7	186	1304	23	14	189	2	1	8	6	2585	935	1985	1109	382	11	0	73	38	41	4	1	0	2
191	1175	103	0	860	15	302	1229	471	4413	548	248	513	116	247	619	973	54	15	128	577	98	1972	320	14120	48	219	1379	3463	421	916	2	5	205	877	20	60	22	0	563	0	1	19	41	1892	2	23	9	32	36	1	432	0	0	1	30	90	904	87	2775	10	15	150	2312	50	27	1	29	51	56	1326	80	1407	402	292	40	0	583	32	32	15	2	32	13
0	286	2	0	1	0	14	1	14	80	11	301	17	764	3	11	0	5	0	5	1	0	82	8	48	1668	99	656	1	5	1	26	0	0	21	0	12	0	0	0	0	0	0	1	1	0	15	1	322	2	0	1	0	2	0	0	2	3	3	1	434	59	124	1	1	1	9	1	0	0	35	86	39	1	3	0	39	9	10	0	0	0	0	2
62	380	1485	0	148	3	406	774	693	118	1090	2314	479	560	603	15	52	3518	359	3062	389	141	137	585	219	99	16088	3495	338	317	172	538	0	108	2500	15	454	24	0	133	2	2	6	13	33	0	88	175	2600	20	0	22	63	39	242	3	19	22	26	23	2019	3055	1353	29	24	25	480	3	5	14	1525	685	2131	698	23	6	4	162	171	22	0	3	1	13
16	3117	2405	0	47	8	166	167	230	1150	334	839	284	518	102	149	927	1542	23	952	128	204	2397	2288	1379	656	3495	22362	179	69	98	164	8	40	1435	1	3801	326	0	43	1	1	6	31	70	1	36	72	1283	13	0	606	143	14	26	4	49	1290	591	59	2422	2326	6576	52	6	16	66	10	1	31	3355	288	2285	636	156	19	4	206	155	95	2	3	1	12
513	7	130	0	1353	159	1392	5117	1505	1773	4239	464	327	226	836	209	296	229	58	347	1170	2154	315	520	3463	1	338	179	16920	1145	2658	5	22	598	1764	87	7	78	0	764	0	1	31	11	551	2	6	24	6	90	1	284	2	0	5	52	578	1114	292	2058	1	11	23	1684	62	375	1	7	26	2	275	26	1593	222	219	47	0	91	23	18	5	2	7	7
2700	2	4	0	216	69	921	2294	1630	77	1941	1258	436	107	2636	76	1	136	291	543	500	85	1	53	421	5	317	69	1145	8083	888	10	565	1672	2062	20	1	9	0	190	0	0	9	0	89	1	2	144	18	28	0	0	3	0	0	2	18	20	20	40	0	11	7	46	45	44	14	0	56	32	85	5	316	60	16	75	1	104	12	1	0	0	1	7
1148	9	243	0	1	0	8	3911	125	67	7	20	4	4	721	4	63	516	5	130	6	2260	51	1217	916	1	172	98	2658	888	10952	0	0	101	1725	36	2	12	0	1	0	1	26	4	140	0	0	1	1	42	0	13	7	0	5	0	213	43	144	10	2	48	12	80	99	343	0	2	47	42	34	19	708	149	39	1	0	294	14	11	2	0	2	1
1	0	0	0	4	0	19	1	19	0	29	140	11	326	6	0	0	1	1	10	9	0	0	1	2	26	538	164	5	10	0	666	0	3	39	0	0	1	0	4	0	0	0	0	0	0	6	4	308	0	0	0	0	0	0	0	0	0	1	0	256	50	25	0	0	0	148	0	0	0	19	15	27	16	0	0	3	2	2	1	0	0	0	0
1	0	4	0	2	334	415	15	449	3	104	124	146	73	406	43	0	1	0	0	38	0	0	0	5	0	0	8	22	565	0	0	1118	0	301	0	0	0	0	0	0	0	0	0	2	0	1	17	2	0	0	0	0	0	0	0	0	0	0	0	0	0	0	3	0	0	0	0	0	0	17	0	15	37	26	107	1	2	1	0	0	0	1	2
431	1	4	0	38	6	80	957	80	52	447	137	8	30	234	18	1	47	21	188	134	12	0	11	205	0	108	40	598	1672	101	3	0	2266	707	22	1	11	0	21	0	0	7	0	81	0	0	1	0	26	0	0	1	0	1	0	25	16	25	73	0	1	4	69	42	63	0	0	54	28	85	9	529	129	7	1	0	63	8	1	0	0	0	1
275	74	297	0	389	58	1815	1148	2425	137	3349	3855	1640	863	1766	70	79	2757	649	3193	1044	1762	48	1568	877	21	2500	1435	1764	2062	1725	39	301	707	14853	29	76	25	0	308	0	0	5	29	208	2	38	545	102	11	3	14	7	2	24	3	91	41	68	170	17	187	130	151	12	127	72	3	2	4	1188	464	7181	1787	317	215	3	74	10	40	8	3	6	26
0	2	8	0	0	0	4	30	4	15	0	8	3	8	0	9	0	16	0	0	1	4	0	12	20	0	15	1	87	20	36	0	0	22	29	4828	7	936	0	45	1	228	1524	1077	44	189	153	335	14	3053	23	0	390	10	228	429	182	3	294	444	1	886	19	765	1253	671	0	18	92	187	32	11	74	20	3	2	0	45	28	103	23	21	73	0
0	2102	512	0	3	1	0	9	2	3	9	27	4	12	2	0	79	366	2	35	6	35	90	317	60	12	454	3801	7	1	2	0	0	1	76	7	8030	54	0	15	1	1	37	41	427	2	23	2	113	23	24	480	96	10	28	3	69	1693	169	555	1426	1098	6102	54	17	42	3	16	2	40	456	78	284	21	6	1	2	331	305	69	14	40	3	1
0	7	644	0	0	0	0	11	2	11	0	4	0	1	0	1	16	16	0	1	0	52	18	488	22	0	24	326	78	9	12	1	0	11	25	936	54	7214	0	3	0	1	863	165	3	3	12	2	3	1029	1	16	1345	7	233	3	260	72	2872	31	1	2223	1216	100	561	894	1	1	99	91	69	127	29	22	3	0	0	254	186	426	158	3	2	2
0	0	0	0	0	0	0	0	0	0	0	0	0	0	0	0	0	0	0	0	0	0	0	0	0	0	0	0	0	0	0	0	0	0	0	0	0	0	0	0	0	0	0	0	0	0	0	0	0	0	0	0	0	0	0	0	0	0	0	0	0	0	0	0	0	0	0	0	0	0	0	0	0	0	0	0	0	0	0	0	0	0	0	0
12	8	4	0	1538	10	57	13	90	1111	1408	131	512	25	61	27	1	65	20	182	1492	1	2	3	563	0	133	43	764	190	1	4	0	21	308	45	15	3	0	4412	1	94	78	77	524	84	119	345	77	53	22	6	2	17	22	755	1	5	7	3156	31	71	47	1173	83	0	35	7	0	296	50	2	173	9	109	8	0	132	41	240	26	14	41	2
0	1	0	0	0	0	0	0	0	0	0	0	0	0	0	0	0	0	0	0	0	0	0	0	0	0	2	1	0	0	0	0	0	0	0	1	1	0	0	1	691	167	2	195	0	1	6	13	0	5	153	1	0	0	0	8	0	1	0	3	0	5	39	2	1	0	0	247	0	63	0	2	0	0	0	0	0	78	20	0	0	232	241	0
0	1	0	0	0	0	0	1	0	0	0	0	150	0	0	0	0	0	0	0	0	0	0	0	1	0	2	1	1	0	1	0	0	0	0	228	1	1	0	94	167	5553	1099	1436	0	937	137	1986	16	176	1269	1	0	1	1	1497	0	1	2	1209	5	7	48	1294	46	4	0	308	1	184	0	2	1	0	0	0	0	129	27	26	15	416	97	2
0	2	2	0	0	0	0	26	0	10	0	4	0	3	0	19	3	10	0	0	0	3	3	12	19	0	6	6	31	9	26	0	0	7	5	1524	37	863	0	78	2	1099	12427	1810	133	990	133	209	45	2900	234	23	26	24	88	98	257	66	1283	2020	8	742	153	4732	1090	2968	40	37	209	959	201	7	61	3	1	7	0	369	151	486	172	29	109	5
0	30	0	0	1	0	4	11	10	2	0	10	110	7	1	1	0	16	0	0	1	0	0	2	41	1	13	31	11	0	4	0	0	0	29	1077	41	165	0	77	195	1436	1810	7096	10	467	359	985	39	2180	584	15	14	9	81	1036	46	9	190	955	14	365	235	758	676	122	1	1332	3	410	22	10	56	11	0	2	0	821	289	423	154	586	535	16
67	13	18	0	297	2	59	325	85	1726	278	48	221	45	51	282	5	15	3	32	431	11	16	39	1892	1	33	70	551	89	140	0	2	81	208	44	427	3	0	524	0	0	133	10	7147	4	44	253	8	38	557	302	2	6	3	112	12	1331	10	3618	341	25	133	1021	167	229	1	3	135	150	429	28	693	318	231	7	0	1970	189	74	49	601	30	15
0	2	0	0	6	0	4	5	4	1	9	2	5	0	4	2	0	0	1	1	3	0	0	0	2	0	0	1	2	1	0	0	0	0	2	189	2	3	0	84	1	937	990	467	4	4550	217	1155	45	316	85	2	2	88	63	1397	0	1	4	384	6	122	32	1144	499	0	5	23	3	632	10	0	3	1	0	0	0	76	235	478	14	14	42	5
0	4	1	0	3	0	14	2	37	5	13	320	90	309	14	0	0	3	2	3	12	1	3	8	23	15	88	36	6	2	0	6	1	0	38	153	23	12	0	119	6	137	133	359	44	217	7281	765	2029	668	178	33	11	968	329	1002	185	47	233	811	511	695	185	244	897	13	437	161	3	2211	25	244	82	75	1	0	36	757	1274	2400	589	37	479	464
2	3	2	0	33	2	579	2	567	33	1102	301	1611	40	295	32	0	26	55	163	77	0	1	1	9	1	175	72	24	144	1	4	17	1	545	335	2	2	0	345	13	1986	209	985	253	1155	765	8359	187	483	979	0	1	106	31	4682	0	0	1	1843	79	67	12	377	447	1	23	207	0	967	10	4	171	2	29	56	1	29	147	605	15	262	152	4
0	48	5	0	2	0	42	1	71	25	43	875	70	1145	42	0	1	31	187	148	12	0	25	6	32	322	2600	1283	6	18	1	308	2	0	102	14	113	3	0	77	0	16	45	39	8	45	2029	187	8324	56	48	78	2	54	15	222	19	77	70	249	3786	1739	1504	80	63	0	1498	14	0	361	14	383	100	84	1	1	37	250	606	639	48	6	13	350
2	15	7	0	0	0	4	47	16	5	0	6	56	2	2	6	1	18	0	1	1	5	1	12	36	2	20	13	90	28	42	0	0	26	11	3053	23	1029	0	53	5	176	2900	2180	38	316	668	483	56	9464	114	17	381	174	329	730	166	18	607	949	9	1163	223	1121	3741	670	4	538	285	1523	49	11	33	8	0	3	0	597	559	1196	81	115	136	5
0	0	1	0	1	0	0	0	0	1	1	0	180	0	0	1	0	1	0	0	1	0	0	1	1	0	0	0	1	0	0	0	0	0	3	23	24	1	0	22	153	1269	234	584	557	85	178	979	48	114	2641	0	1	1	0	770	0	24	0	1085	50	9	16	220	40	6	0	261	1	158	0	0	8	5	0	0	0	90	7	65	4	1169	21	2
0	28	16	0	0	0	1	9	3	804	0	6	0	0	0	16	1005	7	2	9	0	214	1828	1446	432	1	22	606	284	0	13	0	0	0	14	0	480	16	0	6	1	1	23	15	302	2	33	0	78	17	0	7515	35	9	52	3	735	4588	2485	1389	150	261	1722	821	13	21	22	6	3	68	45	3	30	13	5	0	0	963	420	97	23	3	10	6
0	7	302	0	0	0	0	24	4	0	0	2	0	0	0	0	0	61	0	1	0	2	8	67	0	0	63	143	2	3	7	0	0	1	7	390	96	1345	0	2	0	0	26	14	2	2	11	1	2	381	1	35	4693	101	539	0	375	73	1369	11	0	821	776	10	540	675	1	7	273	567	18	216	8	3	0	0	0	106	376	356	67	2	0	0
0	3	5	0	0	0	0	0	0	0	0	5	0	4	0	0	0	21	1	1	0	0	3	4	0	2	39	14	0	0	0	0	0	0	2	10	10	7	0	17	0	1	24	9	6	88	968	106	54	174	1	9	101	2380	670	193	21	6	32	103	26	607	118	68	214	6	2	2	3	545	3	22	2	2	0	0	0	615	1308	780	80	2	11	8
1	15	31	0	0	0	0	6	1	1	0	13	0	1	3	0	3	310	0	8	0	3	1	12	1	0	242	26	5	0	5	0	0	1	24	228	28	233	0	22	0	1	88	81	3	63	329	31	15	329	0	52	539	670	3859	103	14	38	98	109	3	2244	415	86	335	74	8	4	28	542	24	131	13	3	0	0	0	570	993	641	48	3	6	6
0	2	0	0	70	0	4	1	3	72	67	3	401	0	2	3	0	1	1	2	79	0	0	0	30	0	3	4	52	2	0	0	0	0	3	429	3	3	0	755	8	1497	98	1036	112	1397	1002	4682	222	730	770	3	0	193	103	6705	0	2	1	1839	74	223	40	328	935	0	13	188	0	1616	4	0	2	1	46	2	0	89	363	1219	18	167	158	4
0	22	24	0	0	0	0	19	1	447	0	18	1	0	2	7	244	6	1	13	0	339	596	164	90	2	19	49	578	18	213	0	0	25	91	182	69	260	0	1	0	0	257	46	12	0	185	0	19	166	0	735	375	21	14	0	8320	1226	4535	169	27	185	357	1584	195	2216	3	7	78	474	152	9	60	17	4	0	0	932	297	763	320	0	16	3
3	36	77	0	0	0	1	26	8	1624	0	8	1	0	5	34	1361	10	0	14	0	391	2640	1421	904	3	22	1290	1114	20	43	0	0	16	41	3	1693	72	0	5	1	1	66	9	1331	1	47	0	77	18	24	4588	73	6	38	2	1226	9747	1801	2142	597	215	2400	1447	42	134	18	3	32	87	143	7	51	21	14	0	0	617	296	156	40	38	12	5
1	8	61	0	0	0	0	13	3	461	0	12	0	2	2	16	373	38	0	2	0	596	958	2056	87	3	26	591	292	20	144	1	0	25	68	294	169	2872	0	7	0	2	1283	190	10	4	233	1	70	607	0	2485	1369	32	98	1	4535	1801	16339	133	110	817	2607	669	192	2123	6	30	35	339	136	21	172	157	12	0	0	2074	959	1480	764	19	32	6
38	10	14	0	1002	2	88	381	102	2724	899	28	706	22	21	195	141	11	0	13	1102	39	182	13	2775	1	23	59	2058	40	10	0	0	73	170	444	555	31	0	3156	3	1209	2020	955	3618	384	811	1843	249	949	1085	1389	11	103	109	1839	169	2142	133	17207	306	311	521	7576	1109	339	58	118	163	1932	148	8	438	204	221	4	0	1218	364	1270	235	652	250	20
0	213	6	0	2	0	3	2	3	25	5	517	23	811	3	0	10	13	7	9	3	2	31	7	10	434	2019	2422	1	0	2	256	0	0	17	1	1426	1	0	31	0	5	8	14	341	6	511	79	3786	9	50	150	0	26	3	74	27	597	110	306	6803	1671	2709	22	8	7	362	4	2	26	63	260	45	5	3	1	62	123	88	141	14	30	4	41
0	195	1687	0	2	1	25	34	28	11	30	256	23	83	19	0	20	798	152	349	6	75	23	186	15	59	3055	2326	11	11	48	50	0	1	187	886	1098	2223	0	71	5	7	742	365	25	122	695	67	1739	1163	9	261	821	607	2244	223	185	215	817	311	1671	18567	4442	237	848	545	718	10	131	979	200	702	135	7	0	1	22	1425	2594	1335	111	20	11	24
0	1913	836	0	3	1	1	15	3	42	9	99	4	97	2	0	161	405	18	50	6	203	217	1304	150	124	1353	6576	23	7	12	25	0	4	130	19	6102	1216	0	47	39	48	153	235	133	32	185	12	1504	223	16	1722	776	118	415	40	357	2400	2607	521	2709	4442	23345	444	152	73	54	69	21	575	498	118	419	144	3	1	5	4183	2347	1131	327	107	35	23
21	7	16	0	295	5	131	726	188	1450	254	50	83	33	29	148	222	5	2	21	245	109	290	23	2312	1	29	52	1684	46	80	0	3	69	151	765	54	100	0	1173	2	1294	4732	758	1021	1144	244	377	80	1121	220	821	10	68	86	328	1584	1447	669	7576	22	237	444	17975	1156	2155	48	45	383	1361	301	8	478	126	31	11	0	1207	298	870	232	20	139	12
5	5	10	0	0	0	1	82	11	10	0	7	19	1	3	2	0	20	1	4	1	5	1	14	50	1	24	6	62	45	99	0	0	42	12	1253	17	561	0	83	1	46	1090	676	167	499	897	447	63	3741	40	13	540	214	335	935	195	42	192	1109	8	848	152	1156	9291	1247	6	334	1467	4285	161	10	27	2	1	1	0	409	573	1600	43	14	40	5
0	6	150	0	0	0	0	147	0	40	0	16	0	1	0	12	19	14	0	8	0	44	22	189	27	1	25	16	375	44	343	0	0	63	127	671	42	894	0	0	0	4	2968	122	229	0	13	1	0	670	6	21	675	6	74	0	2216	134	2123	339	7	545	73	2155	1247	8523	0	0	522	532	388	13	89	11	5	2	0	31	32	196	38	5	9	0
0	1	1	0	0	0	33	1	36	0	38	430	32	372	20	0	0	9	6	2	5	0	0	2	1	9	480	66	1	14	0	148	0	0	72	0	3	1	0	35	0	0	40	1	1	5	437	23	1498	4	0	22	1	2	8	13	3	18	6	58	362	718	54	48	6	0	1592	0	0	107	1	182	19	2	0	0	2	145	337	251	14	0	0	33
0	11	0	0	1	0	1	5	4	2	0	2	52	0	1	0	0	1	0	0	0	0	0	1	29	1	3	10	7	0	2	0	0	0	3	18	16	1	0	7	247	308	37	1332	3	23	161	207	14	538	261	6	7	2	4	188	7	3	30	118	4	10	69	45	334	0	0	1686	0	300	6	1	9	1	0	0	0	309	108	160	87	428	455	14
2	0	5	0	0	0	0	24	9	2	0	2	0	0	2	0	0	6	1	1	0	2	0	8	51	0	5	1	26	56	47	0	0	54	2	92	2	99	0	0	0	1	209	3	135	3	3	0	0	285	1	3	273	3	28	0	78	32	35	163	2	131	21	383	1467	522	0	0	1692	1117	71	0	4	1	0	1	0	31	19	93	3	2	0	0
5	16	8	0	0	0	1	32	12	3	0	7	59	1	3	0	0	4	2	6	1	7	1	6	56	0	14	31	2	32	42	0	0	28	4	187	40	91	0	296	63	184	959	410	150	632	2211	967	361	1523	158	68	567	545	542	1616	474	87	339	1932	26	979	575	1361	4285	532	107	300	1117	8729	81	4	14	4	0	1	0	792	1300	3961	125	36	416	13
32	481	566	0	33	61	227	187	565	166	150	1425	73	49	113	24	856	499	153	1400	83	303	144	2585	1326	35	1525	3355	275	85	34	19	17	85	1188	32	456	69	0	50	0	0	201	22	429	10	25	10	14	49	0	45	18	3	24	4	152	143	136	148	63	200	498	301	161	388	1	6	71	81	12247	1150	3158	1006	678	99	5	554	82	27	4	1	6	14
2	95	1043	0	2	1	20	50	38	21	36	675	14	249	23	0	67	593	36	112	7	281	25	935	80	86	685	288	26	5	19	15	0	9	464	11	78	127	0	2	2	2	7	10	28	0	244	4	383	11	0	3	216	22	131	0	9	7	21	8	260	702	118	8	10	13	182	1	0	4	1150	4599	577	217	23	5	127	71	180	4	0	3	0	0
146	306	758	0	243	22	599	1085	823	343	1238	2143	661	620	614	522	201	1241	139	2169	563	1099	65	1985	1407	39	2131	2285	1593	316	708	27	15	529	7181	74	284	29	0	173	0	1	61	56	693	3	82	171	100	33	8	30	8	2	13	2	60	51	172	438	45	135	419	478	27	89	19	9	4	14	3158	577	14132	4653	1050	136	70	429	76	91	22	8	21	128
16	14	280	0	9	17	38	277	183	166	32	768	26	200	162	85	59	445	48	653	21	453	10	1109	402	1	698	636	222	60	149	16	37	129	1787	20	21	22	0	9	0	0	3	11	318	1	75	2	84	8	5	13	3	2	3	1	17	21	157	204	5	7	144	126	2	11	2	1	1	4	1006	217	4653	5012	937	57	11	139	75	82	29	5	1	146
8	28	23	0	81	196	152	126	360	416	88	30	222	2	110	493	25	5	2	25	103	307	22	382	292	3	23	156	219	16	39	0	26	7	317	3	6	3	0	109	0	0	1	0	231	0	1	29	1	0	0	5	0	0	0	46	4	14	12	221	3	0	3	31	1	5	0	0	0	0	678	23	1050	937	2434	20	0	52	3	2	1	0	0	1
0	1	1	0	19	50	361	27	326	5	182	5	347	57	64	37	1	2	1	3	108	2	0	11	40	0	6	19	47	75	1	0	107	1	215	2	1	0	0	8	0	0	7	2	7	0	0	56	1	3	0	0	0	0	0	2	0	0	0	4	1	1	1	11	1	2	0	0	1	1	99	5	136	57	20	802	2	20	0	3	1	0	6	0
0	3	0	0	0	0	1	0	8	0	1	62	1	24	0	0	0	0	0	0	0	0	0	0	0	39	4	4	0	1	0	3	1	0	3	0	2	0	0	0	0	0	0	0	0	0	36	1	37	0	0	0	0	0	0	0	0	0	0	0	62	22	5	0	0	0	2	0	0	0	5	127	70	11	0	2	213	0	8	2	2	0	0	2
70	131	25	0	3	2	98	553	183	390	16	46	0	12	57	150	32	48	25	36	2	18	30	73	583	9	162	206	91	104	294	2	2	63	74	45	331	254	0	132	78	129	369	821	1970	76	757	29	250	597	90	963	106	615	570	89	932	617	2074	1218	123	1425	4183	1207	409	31	145	309	31	792	554	71	429	139	52	20	0	15087	5001	1290	519	542	181	106
8	160	129	0	0	2	11	24	51	26	1	38	6	58	22	9	8	59	29	11	4	6	9	38	32	10	171	155	23	12	14	2	1	8	10	28	305	186	0	41	20	27	151	289	189	235	1274	147	606	559	7	420	376	1308	993	363	297	296	959	364	88	2594	2347	298	573	32	337	108	19	1300	82	180	76	75	3	0	8	5001	9308	2031	368	90	52	284
0	22	14	0	2	2	4	21	37	10	1	11	38	37	7	5	7	14	2	3	2	12	33	41	32	0	22	95	18	1	11	1	0	1	40	103	69	426	0	240	0	26	486	423	74	478	2400	605	639	1196	65	97	356	780	641	1219	763	156	1480	1270	141	1335	1131	870	1600	196	251	160	93	3961	27	4	91	82	2	3	2	1290	2031	8704	1733	17	377	224
0	0	0	0	0	1	2	9	21	4	0	1	1	28	4	1	1	0	0	0	0	3	0	4	15	0	0	2	5	0	2	0	0	0	8	23	14	158	0	26	0	15	172	154	49	14	589	15	48	81	4	23	67	80	48	18	320	40	764	235	14	111	327	232	43	38	14	87	3	125	4	0	22	29	1	1	2	519	368	1733	2096	6	306	98
0	3	1	0	0	0	0	0	0	1	0	0	38	0	0	1	0	2	0	0	0	0	0	1	2	0	3	3	2	0	0	0	0	0	3	21	40	3	0	14	232	416	29	586	601	14	37	262	6	115	1169	3	2	2	3	167	0	38	19	652	30	20	107	20	14	5	0	428	2	36	1	3	8	5	0	0	0	542	90	17	6	2054	112	0
0	0	0	0	1	0	1	5	4	10	0	0	13	1	0	0	0	0	0	0	0	0	0	0	32	0	1	1	7	1	2	0	1	0	6	73	3	2	0	41	241	97	109	535	30	42	479	152	13	136	21	10	0	11	6	158	16	12	32	250	4	11	35	139	40	9	0	455	0	416	6	0	21	1	0	6	0	181	52	377	306	112	1263	19
0	0	0	0	1	3	20	5	87	4	3	1	18	108	38	0	0	0	0	0	9	1	0	2	13	2	13	12	7	7	1	0	2	1	26	0	1	2	0	2	0	2	5	16	15	5	464	4	350	5	2	6	0	8	6	4	3	5	6	20	41	24	23	12	5	0	33	14	0	13	14	0	128	146	1	0	2	106	284	224	98	0	19	745
