0.0173492232197	2.26136903281e-05	0.00325637140725	0	0	0	4.97501187219e-05	0.00403428235454	0.0011442527306	0	0	4.07046425906e-05	0	0	0.0118631419461	0	0	0.00258248343547	0	7.236380905e-05	0	0.00165532213202	0	0.00165532213202	0.000194477736822	0	0.000809570113747	0.000511069401416	0.0037764862848	0.0108319576672	0.00973745505529	0	0	0.000949774993781	0.00213020962891	0	5.42728567875e-05	1.35682141969e-05	0	0	0	0	0	0	0	0	0	0	0	0	0	0	0	0	0	0	0	0	0	0	0	1.35682141969e-05	9.04547613125e-06	0	0	0	0	0	0	0	7.68865471156e-05	1.35682141969e-05	0.00108545713575	0.000158295832297	2.71364283937e-05	4.52273806562e-06	0	7.236380905e-05	2.26136903281e-05	0	0	0	0	0
2.26136903281e-05	0.0256213111418	0.000587955948531	0	0	0.000325637140725	0.000307546188462	0	3.6181904525e-05	0.00466746568372	0	5.42728567875e-05	9.04547613125e-06	0.000768865471156	2.71364283937e-05	0.000352773569119	0.001171389159	0.000520114877547	9.04547613125e-06	0.000375387259447	1.35682141969e-05	3.16591664594e-05	0.00711426697723	0.000162818570362	0.00220257343796	0.00265484724452	0.0047624431831	0.0191673639221	9.49774993781e-05	5.42728567875e-05	2.26136903281e-05	0	2.26136903281e-05	0	0.000488455711087	1.80909522625e-05	0.01585219692	0.000918115827322	0	0	4.52273806562e-06	2.26136903281e-05	4.07046425906e-05	2.71364283937e-05	0.000379909997512	2.26136903281e-05	7.236380905e-05	4.52273806562e-06	0.000189954998756	2.71364283937e-05	4.52273806562e-06	0.000171864046494	3.16591664594e-05	4.52273806562e-06	3.16591664594e-05	4.52273806562e-06	1.35682141969e-05	0.000701024400172	8.59320232469e-05	0.000556296782072	0.000900024875059	0.00153320820425	0.011374686235	0.000235182379412	2.71364283937e-05	1.35682141969e-05	0.000104022975509	0	2.26136903281e-05	0.000284932498134	0.00124827570611	6.78410709844e-05	0.000497501187219	0.000271364283937	0.000357296307184	4.52273806562e-06	0	0.00291264331426	0.00126184392031	0.000352773569119	4.52273806562e-06	4.52273806562e-06	4.52273806562e-06	4.52273806562e-06
0.00325637140725	0.000587955948531	0.0382714095113	0	0	0	0.000230659641347	0.000303023450397	0.0011578209448	6.78410709844e-05	1.35682141969e-05	0.000280409760069	0.000185432260691	9.95002374437e-05	0.00380362271319	1.80909522625e-05	3.6181904525e-05	0.00789217792452	6.78410709844e-05	0.000171864046494	4.97501187219e-05	0.00124827570611	0.000610569638859	0.0147757852604	0.000131159403903	0	0.00589312769951	0.0222066439022	0.00160104927523	0.00267746093485	0.00504285294317	0	4.52273806562e-06	0.000253273331675	0.00205784581986	2.26136903281e-05	0.00236539200832	8.59320232469e-05	0	0	0	0	2.71364283937e-05	0	3.16591664594e-05	1.35682141969e-05	0	0	0	9.04547613125e-06	0	0.000126636665837	6.33183329187e-05	1.35682141969e-05	3.16591664594e-05	0	0.0001447276181	0.00270459736324	0.000619615114991	4.07046425906e-05	0	0.000203523212953	0.00502023925284	0.000104022975509	4.52273806562e-06	0.000122113927772	0	0	0	0.000140204880034	0.00429207842428	0.000167341308428	0.00343275819181	0.00252821057868	6.78410709844e-05	2.26136903281e-05	0	0.000972388684109	0.000348250831053	0.000122113927772	4.97501187219e-05	0	0	0
0	0	0	0	0	0	0	0	0	0	0	0	0	0	0	0	0	0	0	0	0	0	0	0	0	0	0	0	0	0	0	0	0	0	0	0	0	0	0	0	0	0	0	0	0	0	0	0	0	0	0	0	0	0	0	0	0	0	0	0	0	0	0	0	0	0	0	0	0	0	0	0	0	0	0	0	0	0	0	0	0	0	0	0
0	0	0	0	0.0182266344045	9.04547613125e-06	0.00382623640352	6.78410709844e-05	0.00263223355419	0.00103118427896	0.00161461748943	0.000280409760069	0.00488907984894	0.000203523212953	9.04547613125e-06	0.00127541213451	0	0	0.000176386784559	0.000153773094231	0.00818163316072	5.87955948531e-05	0	4.07046425906e-05	0.0136631916963	0	0.000298500712331	7.236380905e-05	0.0051966260374	4.07046425906e-05	0	0	9.04547613125e-06	0	0.000597001424662	0	0	4.52273806562e-06	0	0.000610569638859	0	4.97501187219e-05	0.00258700617354	2.71364283937e-05	0.000768865471156	0.00165984487008	0	0.000447751068497	0	1.80909522625e-05	0.000199000474887	0	4.52273806562e-06	4.52273806562e-06	1.80909522625e-05	0.0014608443952	0	0	4.52273806562e-06	0.00278600664842	0	1.35682141969e-05	9.04547613125e-06	0.00375387259447	3.16591664594e-05	0	0	0	0	2.26136903281e-05	0.000529160353678	0	0.000678410709844	0.000203523212953	0.000488455711087	8.14092851812e-05	0	0.000212568689084	4.07046425906e-05	3.16591664594e-05	9.04547613125e-06	2.26136903281e-05	0	4.52273806562e-06
0	0.000325637140725	0	0	9.04547613125e-06	0.00673887971778	0.00320209855046	2.26136903281e-05	0.000836706542141	0.00213473236697	0	0	3.16591664594e-05	4.97501187219e-05	9.04547613125e-06	0.00307546188462	0	0	0	0	9.04547613125e-06	0	0.000113068451641	0.000108545713575	0.000972388684109	5.42728567875e-05	0.000149250356166	0.000208045951019	0.000737206304697	0	1.35682141969e-05	0	0.0024739377219	0	0.000863842970534	0	0.000230659641347	1.35682141969e-05	0	9.04547613125e-06	0	0	3.16591664594e-05	0	4.52273806562e-05	0	4.52273806562e-06	0	9.04547613125e-06	0	0	9.04547613125e-06	9.04547613125e-06	0	0	0	0	0	9.04547613125e-06	5.87955948531e-05	4.97501187219e-05	3.6181904525e-05	0.000235182379412	5.42728567875e-05	4.52273806562e-06	0	9.04547613125e-06	0	4.52273806562e-06	1.80909522625e-05	0.00195382284435	0	0.000194477736822	0.0001447276181	0.00407950973519	0.000443228330431	0	8.14092851812e-05	3.16591664594e-05	8.59320232469e-05	7.236380905e-05	0	0	0
4.97501187219e-05	0.000307546188462	0.000230659641347	0	0.00382623640352	0.00320209855046	0.0661676579001	0.00191764093982	0.0353225842925	0.0036181904525	0.0128626670586	0.00900024875059	0.0203839804618	0.00129802582483	0.00223875534248	0.00669817507519	1.35682141969e-05	8.59320232469e-05	0.00524637615612	0.00467651115986	0.0150833314489	0.00122113927772	0.000113068451641	0.000411569163972	0.00845299744465	1.80909522625e-05	0.00584337758079	0.00148798082359	0.0174306325049	0.00329707604984	0.000682933447909	1.35682141969e-05	0.00182266344045	0.000805047375681	0.0132606680084	0	0.000298500712331	2.26136903281e-05	0	0.000208045951019	0	8.59320232469e-05	0.000529160353678	9.95002374437e-05	0.00120304832546	0.000357296307184	4.52273806562e-06	0.000167341308428	1.35682141969e-05	8.14092851812e-05	3.16591664594e-05	9.04547613125e-06	1.35682141969e-05	5.87955948531e-05	0.000266841545872	0.000352773569119	0	0.000208045951019	4.52273806562e-05	0.00115329820673	5.42728567875e-05	0.000298500712331	0.000248750593609	0.00100404785057	1.80909522625e-05	0	9.04547613125e-06	0	0	0.000117591189706	0.00737658578503	0.000447751068497	0.00789670066258	0.00166436760815	0.00598358246082	0.000710069876303	9.49774993781e-05	0.0013025485629	0.000402523687841	7.236380905e-05	1.80909522625e-05	1.80909522625e-05	4.52273806562e-06	0
0.00403428235454	0	0.000303023450397	0	6.78410709844e-05	2.26136903281e-05	0.00191764093982	0.0275027701771	0.00715497161982	6.33183329187e-05	0.00121661653965	0.000208045951019	7.68865471156e-05	4.97501187219e-05	0.00602428710341	3.6181904525e-05	0	9.04547613125e-05	8.59320232469e-05	0.000122113927772	0.000303023450397	0.00191764093982	0	0.00203523212953	0.000203523212953	4.52273806562e-06	0.000280409760069	0.000266841545872	0.00960629565139	0.00179100427399	0.00422876009136	0	1.80909522625e-05	0.000976911422175	0.000981434160241	0	4.52273806562e-06	0	0	0	0	1.80909522625e-05	0	2.26136903281e-05	0.000149250356166	0	0	0	0	0	0	0	0	1.35682141969e-05	2.26136903281e-05	0	0	9.04547613125e-06	0	6.33183329187e-05	4.52273806562e-06	1.80909522625e-05	1.35682141969e-05	5.87955948531e-05	0	0	0	0	0	9.04547613125e-06	0.00021709142715	1.80909522625e-05	0.000592478686597	7.236380905e-05	8.14092851812e-05	2.71364283937e-05	0	0.000126636665837	3.6181904525e-05	0	0	4.52273806562e-06	0	0
0.0011442527306	3.6181904525e-05	0.0011578209448	0	0.00263223355419	0.000836706542141	0.0353225842925	0.00715497161982	0.0679993668167	7.68865471156e-05	0.00701928947785	0.00958820469912	0.00901833970286	0.00133873046742	0.0184934759503	0.000990479636372	1.35682141969e-05	0.000189954998756	0.00483028425409	0.00499310282445	0.00713235792949	0.00252368784062	0	0.00167793582235	0.00587955948531	4.52273806562e-06	0.00576196829561	0.00196739105855	0.0211935505755	0.00777006399674	0.00446846520884	1.80909522625e-05	0.00289002962393	0.00152416272812	0.0137310327672	0	7.68865471156e-05	2.71364283937e-05	0	2.26136903281e-05	0	7.236380905e-05	0.000316591664594	9.04547613125e-05	0.000515592139481	0.00021709142715	4.52273806562e-06	4.52273806562e-05	1.80909522625e-05	7.68865471156e-05	4.52273806562e-06	9.04547613125e-06	1.80909522625e-05	4.07046425906e-05	0.000180909522625	0.000194477736822	4.52273806562e-06	0.000162818570362	6.33183329187e-05	0.000420614640103	2.71364283937e-05	0.000194477736822	0.0001447276181	0.000235182379412	1.80909522625e-05	0	9.04547613125e-06	0	0	0.000113068451641	0.00440966961398	0.000321114402659	0.00757106352186	0.00155582189457	0.00139300332421	0.000759819995025	6.78410709844e-05	0.000976911422175	0.000280409760069	7.236380905e-05	1.35682141969e-05	9.04547613125e-06	0	0
0	0.00466746568372	6.78410709844e-05	0	0.00103118427896	0.00213473236697	0.0036181904525	6.33183329187e-05	7.68865471156e-05	0.0284208860044	1.80909522625e-05	9.04547613125e-06	0.0011442527306	0.000927161303453	0	0.00721376721467	0.000339205354922	3.16591664594e-05	4.52273806562e-06	4.52273806562e-06	0.000199000474887	0.000189954998756	0.00665294769453	5.87955948531e-05	0.0116958006377	0.00208045951019	0.00145632165713	0.00426946473395	0.00431469211461	0	3.16591664594e-05	0	4.52273806562e-05	0	0.000108545713575	0	0.000823138327944	7.68865471156e-05	0	0.000701024400172	0	2.26136903281e-05	0.00107641165962	1.35682141969e-05	0.006960493883	0.000330159878791	4.97501187219e-05	0.00117591189706	8.14092851812e-05	4.52273806562e-06	0.000461319282694	4.52273806562e-06	4.97501187219e-05	5.87955948531e-05	0.000357296307184	0.000538205829809	0	0.00128445761064	7.68865471156e-05	0.00682481174103	0.000832183804075	0.000913593089256	0.00134777594356	0.00591121865177	0.000108545713575	9.04547613125e-06	5.87955948531e-05	0	9.95002374437e-05	3.6181904525e-05	0.00512878496642	5.42728567875e-05	0.000199000474887	9.95002374437e-05	0.00981434160241	5.42728567875e-05	0	0.00180909522625	0.00118043463513	9.04547613125e-05	9.04547613125e-06	7.236380905e-05	0	1.35682141969e-05
0	0	1.35682141969e-05	0	0.00161461748943	0	0.0128626670586	0.00121661653965	0.00701928947785	1.80909522625e-05	0.024395649126	0.000696501662106	0.00438705592366	0.000185432260691	0.000226136903281	1.35682141969e-05	0	4.52273806562e-06	0.000587955948531	0.000502023925284	0.00815449673232	0	4.52273806562e-06	4.52273806562e-06	0.00127541213451	0	0.000479410234956	0.000104022975509	0.00330159878791	4.52273806562e-05	0	0	0	0	0.00106736618349	0	2.26136903281e-05	9.04547613125e-06	0	4.52273806562e-06	0	4.52273806562e-06	1.80909522625e-05	0	3.6181904525e-05	9.04547613125e-06	0	0	0	4.52273806562e-06	0	0	0	0	2.26136903281e-05	9.04547613125e-06	0	9.04547613125e-06	4.52273806562e-06	9.04547613125e-06	4.52273806562e-06	3.6181904525e-05	4.52273806562e-06	1.35682141969e-05	0	4.52273806562e-06	0	0	0	9.04547613125e-06	0.000398000949775	3.6181904525e-05	0.000719115352434	9.04547613125e-06	4.52273806562e-06	6.78410709844e-05	0	4.97501187219e-05	1.80909522625e-05	4.52273806562e-06	0	0	0	0
4.07046425906e-05	5.42728567875e-05	0.000280409760069	0	0.000280409760069	0	0.00900024875059	0.000208045951019	0.00958820469912	9.04547613125e-06	0.000696501662106	0.0408041428281	0.00592478686597	0.00807308744714	0.0030257117659	4.97501187219e-05	4.52273806562e-06	0.000330159878791	0.0118993238507	0.0112480495692	0.00232016462767	0.000375387259447	4.52273806562e-06	0.000262318807806	0.00230659641347	0.000407046425906	0.0194703873725	0.00502476199091	0.00745347233215	0.0102937518374	0.000388955473644	0.000443228330431	0.00375387259447	0.000551774044006	0.0271364283937	0	0.0001447276181	1.80909522625e-05	0	1.35682141969e-05	0	0.000158295832297	0.000203523212953	0.00021709142715	0.000253273331675	9.49774993781e-05	0.000208045951019	8.14092851812e-05	0.0015920037991	0.000180909522625	0	9.04547613125e-06	4.52273806562e-06	9.04547613125e-06	9.95002374437e-05	9.49774993781e-05	4.52273806562e-06	7.236380905e-05	7.236380905e-05	0.000203523212953	0.000239705117478	0.00108093439768	0.000303023450397	7.68865471156e-05	0.000117591189706	0	0.000515592139481	0	0	0.000185432260691	0.00279505212456	0.00277696117229	0.00618710567377	0.00100857058863	0.000705547138237	9.49774993781e-05	0.000551774044006	0.000714592614369	0.000800524637616	0.000312068926528	0.000167341308428	1.35682141969e-05	0	0.000167341308428
0	9.04547613125e-06	0.000185432260691	0	0.00488907984894	3.16591664594e-05	0.0203839804618	7.68865471156e-05	0.00901833970286	0.0011442527306	0.00438705592366	0.00592478686597	0.0365753827367	0.000533683091744	3.6181904525e-05	0.00400714592614	0	7.68865471156e-05	0.00411569163972	0.00412925985392	0.0132516225323	0.0001447276181	1.80909522625e-05	0.000262318807806	0.0056308088917	0	0.00385337283191	0.00107188892155	0.00260057438773	0.000447751068497	2.26136903281e-05	0	7.68865471156e-05	8.14092851812e-05	0.00792835982904	4.52273806562e-06	8.59320232469e-05	4.07046425906e-05	0	4.52273806562e-05	0	7.236380905e-05	0.000587955948531	2.26136903281e-05	0.000895502136994	0.0005789104724	0	0.000642228805319	0	2.71364283937e-05	5.87955948531e-05	9.04547613125e-06	4.52273806562e-06	4.97501187219e-05	0.000280409760069	0.000483932973022	0	0.000293977974266	2.71364283937e-05	0.000565342258203	1.35682141969e-05	0.000293977974266	6.78410709844e-05	0.000470364758825	4.52273806562e-06	9.04547613125e-06	0	0	0	3.16591664594e-05	0.00344180366794	0.000271364283937	0.00495239818186	0.000624137853056	0.001723163203	0.000407046425906	0	0.00120757106352	0.000420614640103	3.16591664594e-05	4.52273806562e-06	4.52273806562e-06	4.52273806562e-06	0
0	0.000768865471156	9.95002374437e-05	0	0.000203523212953	4.97501187219e-05	0.00129802582483	4.97501187219e-05	0.00133873046742	0.000927161303453	0.000185432260691	0.00807308744714	0.000533683091744	0.0275253838674	0.000782433685353	3.6181904525e-05	0	1.80909522625e-05	8.14092851812e-05	0.000108545713575	0.0010266615409	6.33183329187e-05	0.000194477736822	0.000113068451641	0.0008683657086	0.00698763031139	0.00662128852807	0.00792383709097	0.00208045951019	0.00207593677212	9.04547613125e-05	0.000325637140725	0.00195834558242	0.000199000474887	0.00670722055132	4.52273806562e-06	0.000456796544628	9.04547613125e-06	0	0	0	9.04547613125e-06	8.14092851812e-05	4.52273806562e-06	0.000153773094231	5.87955948531e-05	0.000999525112503	4.52273806562e-06	0.0063680151964	9.04547613125e-06	4.52273806562e-06	0	4.52273806562e-06	9.04547613125e-06	0.000113068451641	6.33183329187e-05	0	0.000122113927772	4.52273806562e-06	0.000244227855544	0.00377196354673	0.00473530675471	0.00241514212704	2.71364283937e-05	4.52273806562e-06	0	0.00168698129848	0	0	1.35682141969e-05	0.000913593089256	0.00221161891409	0.00355939485765	0.00136586689582	4.07046425906e-05	0.000655797019516	0.000995002374437	0.0002894552362	0.00175934510753	4.07046425906e-05	4.52273806562e-06	4.52273806562e-06	0	0.000461319282694
0.0118631419461	2.71364283937e-05	0.00380362271319	0	9.04547613125e-06	9.04547613125e-06	0.00223875534248	0.00602428710341	0.0184934759503	0	0.000226136903281	0.0030257117659	3.6181904525e-05	0.000782433685353	0.0372764071369	1.35682141969e-05	0	0.00216186879537	0.000388955473644	0.000705547138237	9.49774993781e-05	0.00208498224825	0	0.0024603695077	0.0011578209448	0	0.00265936998259	0.00149702629972	0.00964700029398	0.0149069446643	0.0105605933832	4.52273806562e-06	0.000768865471156	0.00167793582235	0.00600167341308	0	7.236380905e-05	1.80909522625e-05	0	0	0	0	0	0	9.04547613125e-06	0	0	0	9.04547613125e-06	4.52273806562e-06	0	0	0	4.52273806562e-06	9.04547613125e-06	0	4.52273806562e-06	0	1.35682141969e-05	2.71364283937e-05	1.35682141969e-05	3.6181904525e-05	7.236380905e-05	0	0	0	9.04547613125e-06	0	0	0	0.000185432260691	4.52273806562e-05	0.00221161891409	0.000293977974266	7.236380905e-05	2.26136903281e-05	0	0.000108545713575	3.16591664594e-05	1.35682141969e-05	4.52273806562e-06	0	0	0
0	0.000352773569119	1.80909522625e-05	0	0.00127541213451	0.00307546188462	0.00669817507519	3.6181904525e-05	0.000990479636372	0.00721376721467	1.35682141969e-05	4.97501187219e-05	0.00400714592614	3.6181904525e-05	1.35682141969e-05	0.0178829063115	1.35682141969e-05	1.35682141969e-05	4.52273806562e-06	2.26136903281e-05	0.00150154903779	0.00149702629972	0.000135682141969	0.00126636665837	0.00440062413785	5.42728567875e-05	0.00021709142715	0.000253273331675	0.00305737093236	3.16591664594e-05	3.6181904525e-05	0	0.000284932498134	9.04547613125e-06	0.0014608443952	0	0.000248750593609	4.52273806562e-06	0	0.000456796544628	0	1.35682141969e-05	0.000167341308428	4.52273806562e-06	0.00120304832546	9.49774993781e-05	4.52273806562e-06	0.000682933447909	9.04547613125e-06	4.52273806562e-06	0.000221614165216	4.52273806562e-06	0	4.52273806562e-06	9.04547613125e-06	0.000284932498134	0	4.52273806562e-06	9.04547613125e-06	0.00155129915651	4.97501187219e-05	3.6181904525e-05	0.000194477736822	0.00140657153841	4.52273806562e-06	0	9.04547613125e-06	0	4.52273806562e-06	9.04547613125e-06	0.00308903009882	0	0.00330159878791	0.0033287352163	0.0116550959951	0.000284932498134	0	7.68865471156e-05	2.26136903281e-05	1.80909522625e-05	9.04547613125e-06	3.16591664594e-05	0	0
0	0.001171389159	3.6181904525e-05	0	0	0	1.35682141969e-05	0	1.35682141969e-05	0.000339205354922	0	4.52273806562e-06	0	0	0	1.35682141969e-05	0.0108364804052	0	0	0	0	0.00184075439271	0.00687908459782	0.0027633929581	0.00243323307931	1.35682141969e-05	3.6181904525e-05	0.00286289319554	0.000452273806562	9.04547613125e-06	0	0	0	9.04547613125e-06	3.6181904525e-05	0	0.000538205829809	4.52273806562e-06	0	0	0	0	0	0	0	0	0	0	0	0	0	0.000809570113747	4.52273806562e-06	0	1.80909522625e-05	0	9.04547613125e-06	0.00104475249316	0.000755297256959	3.16591664594e-05	9.04547613125e-06	2.26136903281e-05	0.000900024875059	4.52273806562e-06	0	0	0	0	0	4.52273806562e-06	0.000538205829809	1.80909522625e-05	0.000113068451641	9.95002374437e-05	4.52273806562e-06	0	0	0.0002894552362	0.000153773094231	4.52273806562e-06	0	0	0	0
0.00258248343547	0.000520114877547	0.00789217792452	0	0	0	8.59320232469e-05	9.04547613125e-05	0.000189954998756	3.16591664594e-05	4.52273806562e-06	0.000330159878791	7.68865471156e-05	1.80909522625e-05	0.00216186879537	1.35682141969e-05	0	0.0342642635852	5.87955948531e-05	0.00677958436037	5.42728567875e-05	0.000497501187219	3.6181904525e-05	0.00655797019516	0.000135682141969	4.52273806562e-06	0.0129712127722	0.00876958910925	0.000714592614369	0.00487551163474	0.0062368557925	0	3.6181904525e-05	0.000791479161484	0.0101354560051	9.04547613125e-06	0.00496596639606	0.00210307320052	0	0	0	4.52273806562e-06	1.35682141969e-05	4.52273806562e-06	3.16591664594e-05	4.52273806562e-06	4.52273806562e-06	0	0	9.04547613125e-06	4.52273806562e-06	4.52273806562e-06	7.236380905e-05	2.71364283937e-05	0.000384432735578	4.52273806562e-06	0	8.59320232469e-05	0.000203523212953	1.80909522625e-05	9.04547613125e-06	0.00339205354922	0.0016055720133	7.236380905e-05	4.52273806562e-06	0	0	0	0	0.000180909522625	0.00115329820673	0.000420614640103	0.0030528481943	0.000995002374437	1.80909522625e-05	3.16591664594e-05	4.52273806562e-06	0.00156486737071	0.000805047375681	0.000262318807806	3.16591664594e-05	0	0	0
0	9.04547613125e-06	6.78410709844e-05	0	0.000176386784559	0	0.00524637615612	8.59320232469e-05	0.00483028425409	4.52273806562e-06	0.000587955948531	0.0118993238507	0.00411569163972	8.14092851812e-05	0.000388955473644	4.52273806562e-06	0	5.87955948531e-05	0.0143958752629	0.008407770064	0.00136134415775	0.000226136903281	0	2.26136903281e-05	0.000714592614369	0	0.00901833970286	0.000610569638859	0.00226589177088	0.00207141403406	3.16591664594e-05	0	0.000293977974266	3.16591664594e-05	0.00958368196106	0	5.42728567875e-05	9.04547613125e-06	0	9.04547613125e-06	0	0.000122113927772	0.000149250356166	0.000171864046494	0.000189954998756	7.236380905e-05	0	7.68865471156e-05	4.52273806562e-05	0.000117591189706	0	0	4.52273806562e-06	4.52273806562e-06	4.97501187219e-05	7.236380905e-05	0	5.87955948531e-05	9.04547613125e-06	9.04547613125e-05	0	0.000117591189706	1.80909522625e-05	5.42728567875e-05	8.59320232469e-05	0	4.52273806562e-06	0	0	0.000117591189706	0.0018814590353	0.000972388684109	0.00189954998756	0.000158295832297	0.000533683091744	5.42728567875e-05	4.52273806562e-06	0.000447751068497	0.000149250356166	0.000194477736822	0.000131159403903	4.52273806562e-06	0	4.07046425906e-05
7.236380905e-05	0.000375387259447	0.000171864046494	0	0.000153773094231	0	0.00467651115986	0.000122113927772	0.00499310282445	4.52273806562e-06	0.000502023925284	0.0112480495692	0.00412925985392	0.000108545713575	0.000705547138237	2.26136903281e-05	0	0.00677958436037	0.008407770064	0.0239298071052	0.00134325320549	0.000158295832297	4.52273806562e-06	0.000122113927772	0.000945252255716	3.6181904525e-05	0.015160217996	0.00200357296307	0.00246489224577	0.00328350783564	0.000117591189706	0	0.000710069876303	0.000474887496891	0.0144998982384	4.52273806562e-06	0.00312973474141	0.000624137853056	0	4.52273806562e-06	0	0.000126636665837	0.000122113927772	0.000180909522625	0.000275887022003	4.97501187219e-05	0	6.78410709844e-05	6.33183329187e-05	0.000117591189706	4.52273806562e-06	1.35682141969e-05	2.26136903281e-05	2.71364283937e-05	0.000339205354922	4.52273806562e-05	0	0.000194477736822	0.000131159403903	0.000221614165216	7.68865471156e-05	0.00227041450894	0.00117591189706	6.33183329187e-05	8.14092851812e-05	1.35682141969e-05	0	0	0	0.000185432260691	0.00203070939147	0.000949774993781	0.004341828543	0.00119852558739	0.000538205829809	8.14092851812e-05	1.35682141969e-05	0.000669365233712	0.000226136903281	0.000366341783316	0.000176386784559	9.04547613125e-06	0	4.07046425906e-05
0	1.35682141969e-05	4.97501187219e-05	0	0.00818163316072	9.04547613125e-06	0.0150833314489	0.000303023450397	0.00713235792949	0.000199000474887	0.00815449673232	0.00232016462767	0.0132516225323	0.0010266615409	9.49774993781e-05	0.00150154903779	0	5.42728567875e-05	0.00136134415775	0.00134325320549	0.0285429999322	0.000140204880034	1.35682141969e-05	0.000176386784559	0.00771126840189	0	0.00235634653219	0.000823138327944	0.00896406684607	0.000352773569119	1.35682141969e-05	0	5.42728567875e-05	8.14092851812e-05	0.00454535175595	0	9.04547613125e-05	4.07046425906e-05	0	5.87955948531e-05	0	2.26136903281e-05	0.000655797019516	1.35682141969e-05	0.000732683566631	0.000511069401416	0	0.000343728092987	0	1.35682141969e-05	0.000235182379412	0	4.52273806562e-06	3.16591664594e-05	0.000226136903281	0.000388955473644	0	0.000248750593609	9.04547613125e-06	0.0005789104724	2.26136903281e-05	0.000275887022003	6.33183329187e-05	0.000465842020759	0	9.04547613125e-06	0	0	0	2.71364283937e-05	0.00214830058117	0.000153773094231	0.00408403247326	0.000624137853056	0.000719115352434	0.000488455711087	0	0.000976911422175	0.000330159878791	1.35682141969e-05	0	4.52273806562e-06	4.52273806562e-06	0
0.00165532213202	3.16591664594e-05	0.00124827570611	0	5.87955948531e-05	0	0.00122113927772	0.00191764093982	0.00252368784062	0.000189954998756	0	0.000375387259447	0.0001447276181	6.33183329187e-05	0.00208498224825	0.00149702629972	0.00184075439271	0.000497501187219	0.000226136903281	0.000158295832297	0.000140204880034	0.0363447230954	0.00110354808801	0.0126998484883	0.000153773094231	0	0.000416091902037	0.0007236380905	0.00885099839443	0.00223423260442	0.0115013229009	4.52273806562e-06	4.52273806562e-06	0.000253273331675	0.00687003912168	4.52273806562e-06	6.33183329187e-05	3.16591664594e-05	0	0	0	0	1.35682141969e-05	0	7.68865471156e-05	9.04547613125e-06	0	0	0	4.52273806562e-06	0	7.68865471156e-05	4.52273806562e-06	1.80909522625e-05	0.000113068451641	4.52273806562e-06	1.80909522625e-05	0.000845752018272	0.0001447276181	5.87955948531e-05	0	0.000199000474887	0.000316591664594	4.07046425906e-05	0	0	0	0	0	1.35682141969e-05	0.0041971009249	0.000158295832297	0.00777458673481	0.00414735080618	0.00100404785057	5.42728567875e-05	0	0.000791479161484	0.000655797019516	4.52273806562e-05	3.16591664594e-05	4.52273806562e-06	0	0
0	0.00711426697723	0.000610569638859	0	0	0.000113068451641	0.000113068451641	0	0	0.00665294769453	4.52273806562e-06	4.52273806562e-06	1.80909522625e-05	0.000194477736822	0	0.000135682141969	0.00687908459782	3.6181904525e-05	0	4.52273806562e-06	1.35682141969e-05	0.00110354808801	0.0289500463581	0.00411116890165	0.00605594626987	0.00113972999254	0.000610569638859	0.0113249361163	0.00108093439768	0	0	0	9.04547613125e-06	0	4.07046425906e-05	0	0.00277696117229	0.000185432260691	0	0	0	0	4.07046425906e-05	0	0.00107188892155	4.52273806562e-06	0	9.04547613125e-06	0	4.52273806562e-06	9.04547613125e-06	0.00297143890912	6.78410709844e-05	5.42728567875e-05	0.000348250831053	0	1.35682141969e-05	0.00976459148368	0.00370864521381	0.00100404785057	1.35682141969e-05	0.000542728567875	0.00503380746704	0.00111711630221	5.42728567875e-05	0	0	0	4.97501187219e-05	3.6181904525e-05	0.00241514212704	0.000701024400172	5.42728567875e-05	4.07046425906e-05	0.000131159403903	0	0	0.00265484724452	0.00216186879537	5.87955948531e-05	4.52273806562e-06	1.35682141969e-05	0	0
0.00165532213202	0.000162818570362	0.0147757852604	0	4.07046425906e-05	0.000108545713575	0.000411569163972	0.00203523212953	0.00167793582235	5.87955948531e-05	4.52273806562e-06	0.000262318807806	0.000262318807806	0.000113068451641	0.0024603695077	0.00126636665837	0.0027633929581	0.00655797019516	2.26136903281e-05	0.000122113927772	0.000176386784559	0.0126998484883	0.00411116890165	0.0665159087311	0.000375387259447	0	0.000719115352434	0.012541552656	0.00204880034373	0.00153773094231	0.00997716017277	0	4.52273806562e-06	0.000203523212953	0.00887813482282	9.04547613125e-06	0.000312068926528	9.04547613125e-05	0	0	0	0	1.35682141969e-05	0	4.52273806562e-05	4.52273806562e-06	4.52273806562e-06	4.52273806562e-06	0	9.04547613125e-06	4.52273806562e-06	0.00233373284186	1.80909522625e-05	2.71364283937e-05	4.52273806562e-05	0	2.26136903281e-05	0.00666199317067	0.00537753556003	0.000257796069741	0	0.000117591189706	0.0034598946202	9.04547613125e-05	1.80909522625e-05	9.04547613125e-06	0	0	0	5.42728567875e-05	0.00907713529771	0.0005789104724	0.0123832568237	0.010890753262	0.00319305307433	0.000560819520137	4.52273806562e-06	0.000850274756337	0.000352773569119	0.000180909522625	0.000131159403903	0	0	0
0.000194477736822	0.00220257343796	0.000131159403903	0	0.0136631916963	0.000972388684109	0.00845299744465	0.000203523212953	0.00587955948531	0.0116958006377	0.00127541213451	0.00230659641347	0.0056308088917	0.0008683657086	0.0011578209448	0.00440062413785	0.00243323307931	0.000135682141969	0.000714592614369	0.000945252255716	0.00771126840189	0.000153773094231	0.00605594626987	0.000375387259447	0.0471133624296	0.000131159403903	0.00214377784311	0.00275887022003	0.0174758598856	0.00253273331675	0.000587955948531	4.52273806562e-06	3.16591664594e-05	0.000465842020759	0.00490264806314	0	0.000764342733091	7.68865471156e-05	0	0.000502023925284	0	9.95002374437e-05	0.00321114402659	7.236380905e-05	0.0037629180706	0.00173220867913	4.52273806562e-06	0.000393478211709	4.52273806562e-06	4.97501187219e-05	0.000135682141969	9.04547613125e-06	7.68865471156e-05	4.97501187219e-05	0.000271364283937	0.00157391284684	4.52273806562e-06	0.000741729042762	0.000113068451641	0.00615092376925	4.97501187219e-05	0.000325637140725	0.000741729042762	0.00587503674725	6.78410709844e-05	0	4.52273806562e-06	0	2.71364283937e-05	4.97501187219e-05	0.00427398747202	4.97501187219e-05	0.00308450736076	0.0008683657086	0.0042106691391	0.000280409760069	0	0.00203070939147	0.00065127428145	9.49774993781e-05	2.26136903281e-05	5.87955948531e-05	9.04547613125e-06	4.52273806562e-06
0	0.00265484724452	0	0	0	5.42728567875e-05	1.80909522625e-05	4.52273806562e-06	4.52273806562e-06	0.00208045951019	0	0.000407046425906	0	0.00698763031139	0	5.42728567875e-05	1.35682141969e-05	4.52273806562e-06	0	3.6181904525e-05	0	0	0.00113972999254	0	0.000131159403903	0.0133285090794	0.0047760113973	0.0082630424459	3.16591664594e-05	4.07046425906e-05	0	0	6.33183329187e-05	0	0.000153773094231	1.80909522625e-05	0.00194930010628	9.04547613125e-06	0	0	0	4.52273806562e-06	1.80909522625e-05	1.80909522625e-05	9.04547613125e-05	1.80909522625e-05	0.000909070351191	0	0.00354582664345	3.6181904525e-05	4.52273806562e-06	0	0	3.16591664594e-05	0.000212568689084	1.35682141969e-05	0	0.000104022975509	0	4.52273806562e-05	0.00689265281201	0.00387598652224	0.00374482711834	4.52273806562e-06	2.26136903281e-05	0	0.000949774993781	0	0	4.97501187219e-05	0.000167341308428	0.000135682141969	4.07046425906e-05	1.80909522625e-05	5.42728567875e-05	0	0.000149250356166	0.000122113927772	0.000904547613125	0.000104022975509	0	0	0	0.000325637140725
0.000809570113747	0.0047624431831	0.00589312769951	0	0.000298500712331	0.000149250356166	0.00584337758079	0.000280409760069	0.00576196829561	0.00145632165713	0.000479410234956	0.0194703873725	0.00385337283191	0.00662128852807	0.00265936998259	0.00021709142715	3.6181904525e-05	0.0129712127722	0.00901833970286	0.015160217996	0.00235634653219	0.000416091902037	0.000610569638859	0.000719115352434	0.00214377784311	0.0047760113973	0.0835485402863	0.0348838787002	0.00587955948531	0.00668008412293	0.00121209380159	0.000244227855544	0.000786956423419	0.000881933922797	0.0188236358291	4.07046425906e-05	0.0154994233509	0.00161914022749	0	9.04547613125e-06	4.52273806562e-06	0.000171864046494	0.0002894552362	0.000253273331675	0.000587955948531	0.000185432260691	0.000398000949775	8.14092851812e-05	0.00207593677212	0.000257796069741	1.35682141969e-05	8.14092851812e-05	5.42728567875e-05	0.000208045951019	0.00184979986884	0.000158295832297	0	0.000719115352434	0.000176386784559	0.000592478686597	0.00834445173108	0.0187738857104	0.0120169150404	0.000303023450397	0.000158295832297	1.35682141969e-05	0.000900024875059	0	4.52273806562e-06	0.000606046900794	0.0080911783994	0.00586599127112	0.00938015874811	0.00183623165464	0.000782433685353	0.000135682141969	3.6181904525e-05	0.00255534700708	0.00176839058366	0.00127088939644	0.00021709142715	1.80909522625e-05	4.52273806562e-06	0.000113068451641
0.000511069401416	0.0191673639221	0.0222066439022	0	7.236380905e-05	0.000208045951019	0.00148798082359	0.000266841545872	0.00196739105855	0.00426946473395	0.000104022975509	0.00502476199091	0.00107188892155	0.00792383709097	0.00149702629972	0.000253273331675	0.00286289319554	0.00876958910925	0.000610569638859	0.00200357296307	0.000823138327944	0.0007236380905	0.0113249361163	0.012541552656	0.00275887022003	0.0082630424459	0.0348838787002	0.100952036363	0.00227493724701	0.0024739377219	0.00165532213202	0.000162818570362	4.97501187219e-05	0.000687456185975	0.00927161303453	3.6181904525e-05	0.0194477736822	0.000877411184731	0	4.52273806562e-06	4.52273806562e-06	3.16591664594e-05	0.000117591189706	6.78410709844e-05	0.000398000949775	6.78410709844e-05	0.000497501187219	9.04547613125e-06	0.00284932498134	0.000126636665837	9.04547613125e-06	0.0018678908211	6.33183329187e-05	0.000171864046494	0.000782433685353	4.97501187219e-05	2.71364283937e-05	0.00701024400172	0.00269555188711	0.000560819520137	0.00970127315077	0.0118721874223	0.0247800818616	0.000284932498134	5.42728567875e-05	3.6181904525e-05	0.000990479636372	0	4.52273806562e-06	0.000388955473644	0.0128355306302	0.00175934510753	0.00903643065512	0.00521471698967	0.000456796544628	4.97501187219e-05	9.04547613125e-06	0.00372673616607	0.00197191379661	0.000805047375681	0.000131159403903	4.52273806562e-06	4.52273806562e-06	9.95002374437e-05
0.0037764862848	9.49774993781e-05	0.00160104927523	0	0.0051966260374	0.000737206304697	0.0174306325049	0.00960629565139	0.0211935505755	0.00431469211461	0.00330159878791	0.00745347233215	0.00260057438773	0.00208045951019	0.00964700029398	0.00305737093236	0.000452273806562	0.000714592614369	0.00226589177088	0.00246489224577	0.00896406684607	0.00885099839443	0.00108093439768	0.00204880034373	0.0174758598856	3.16591664594e-05	0.00587955948531	0.00227493724701	0.0781845729405	0.0158386287058	0.0100314330296	1.35682141969e-05	0.000126636665837	0.00530517175098	0.0200402523688	0	0.000230659641347	9.95002374437e-05	0	9.95002374437e-05	0	4.07046425906e-05	0.000936206779584	4.97501187219e-05	0.00151511725198	0.000701024400172	1.35682141969e-05	3.6181904525e-05	1.80909522625e-05	4.97501187219e-05	1.80909522625e-05	1.35682141969e-05	5.87955948531e-05	5.42728567875e-05	0.000348250831053	0.000402523687841	9.04547613125e-06	0.00122113927772	0.000153773094231	0.00144275344293	0.000162818570362	0.000633183329187	0.000488455711087	0.00165532213202	2.26136903281e-05	0	9.04547613125e-06	0	1.35682141969e-05	7.68865471156e-05	0.00760724542638	0.000275887022003	0.0125234617037	0.0068021980507	0.00290359783813	0.000628660591122	9.04547613125e-06	0.00189050451143	0.000976911422175	9.49774993781e-05	4.97501187219e-05	1.80909522625e-05	0	0
0.0108319576672	5.42728567875e-05	0.00267746093485	0	4.07046425906e-05	0	0.00329707604984	0.00179100427399	0.00777006399674	0	4.52273806562e-05	0.0102937518374	0.000447751068497	0.00207593677212	0.0149069446643	3.16591664594e-05	9.04547613125e-06	0.00487551163474	0.00207141403406	0.00328350783564	0.000352773569119	0.00223423260442	0	0.00153773094231	0.00253273331675	4.07046425906e-05	0.00668008412293	0.0024739377219	0.0158386287058	0.0410800298501	0.0143868297868	4.52273806562e-06	0.00328350783564	0.00906356708351	0.0197417516565	0	0.000131159403903	1.35682141969e-05	0	0	0	9.04547613125e-06	1.80909522625e-05	1.35682141969e-05	2.26136903281e-05	9.04547613125e-06	0	1.80909522625e-05	0	0	0	0	0	4.52273806562e-06	1.35682141969e-05	9.04547613125e-06	0	1.35682141969e-05	1.80909522625e-05	1.80909522625e-05	0.0001447276181	0.000221614165216	9.04547613125e-05	0	0	0	0	0	0	4.52273806562e-06	0.000863842970534	0.000185432260691	0.00516044413288	0.00132063951516	8.14092851812e-05	0.000293977974266	4.07046425906e-05	0.000149250356166	4.52273806562e-05	1.35682141969e-05	1.35682141969e-05	0	0	0
0.00973745505529	2.26136903281e-05	0.00504285294317	0	0	1.35682141969e-05	0.000682933447909	0.00422876009136	0.00446846520884	3.16591664594e-05	0	0.000388955473644	2.26136903281e-05	9.04547613125e-05	0.0105605933832	3.6181904525e-05	0	0.0062368557925	3.16591664594e-05	0.000117591189706	1.35682141969e-05	0.0115013229009	0	0.00997716017277	0.000587955948531	0	0.00121209380159	0.00165532213202	0.0100314330296	0.0143868297868	0.0396734583117	0	1.80909522625e-05	0.00234730105606	0.00808665566134	0	6.78410709844e-05	1.80909522625e-05	0	0	0	0	0	0	0	0	0	0	0	0	0	0	0	0	0	0	0	9.04547613125e-06	7.68865471156e-05	0	4.52273806562e-06	2.26136903281e-05	5.87955948531e-05	0	0	0	0	0	0	0	0.000253273331675	1.80909522625e-05	0.00352321295312	0.000370864521381	5.87955948531e-05	1.35682141969e-05	0	7.68865471156e-05	2.26136903281e-05	1.35682141969e-05	9.04547613125e-06	0	0	0
0	0	0	0	0	0	1.35682141969e-05	0	1.80909522625e-05	0	0	0.000443228330431	0	0.000325637140725	4.52273806562e-06	0	0	0	0	0	0	4.52273806562e-06	0	0	4.52273806562e-06	0	0.000244227855544	0.000162818570362	1.35682141969e-05	4.52273806562e-06	0	0.000664842495647	0	0	1.80909522625e-05	0	0	0	0	0	0	0	0	0	0	0	0	0	4.52273806562e-05	0	0	0	0	0	0	0	0	0	0	0	2.71364283937e-05	5.87955948531e-05	4.07046425906e-05	0	0	0	2.26136903281e-05	0	0	0	4.52273806562e-06	0.000122113927772	9.04547613125e-06	0	0	0	4.52273806562e-06	0	3.16591664594e-05	0	0	0	0	0
0	2.26136903281e-05	4.52273806562e-06	0	9.04547613125e-06	0.0024739377219	0.00182266344045	1.80909522625e-05	0.00289002962393	4.52273806562e-05	0	0.00375387259447	7.68865471156e-05	0.00195834558242	0.000768865471156	0.000284932498134	0	3.6181904525e-05	0.000293977974266	0.000710069876303	5.42728567875e-05	4.52273806562e-06	9.04547613125e-06	4.52273806562e-06	3.16591664594e-05	6.33183329187e-05	0.000786956423419	4.97501187219e-05	0.000126636665837	0.00328350783564	1.80909522625e-05	0	0.00909070351191	1.35682141969e-05	0.00572578639108	0	4.52273806562e-06	0	0	0	0	0	9.04547613125e-06	0	3.6181904525e-05	9.04547613125e-06	4.52273806562e-06	0	9.04547613125e-06	0	0	0	0	0	4.52273806562e-06	4.52273806562e-06	4.52273806562e-06	1.35682141969e-05	9.04547613125e-06	0	4.52273806562e-06	1.35682141969e-05	4.52273806562e-06	9.04547613125e-06	0	0	0	0	0	0	0.00105832070736	0.000131159403903	0.00107188892155	0.000135682141969	0.00124375296805	0.00118948011126	0.000226136903281	5.42728567875e-05	1.35682141969e-05	9.04547613125e-06	0	0	0	4.52273806562e-06
0.000949774993781	0	0.000253273331675	0	0	0	0.000805047375681	0.000976911422175	0.00152416272812	0	0	0.000551774044006	8.14092851812e-05	0.000199000474887	0.00167793582235	9.04547613125e-06	9.04547613125e-06	0.000791479161484	3.16591664594e-05	0.000474887496891	8.14092851812e-05	0.000253273331675	0	0.000203523212953	0.000465842020759	0	0.000881933922797	0.000687456185975	0.00530517175098	0.00906356708351	0.00234730105606	0	1.35682141969e-05	0.0100992741005	0.0053413536555	0	4.52273806562e-06	0	0	0	0	0	0	4.52273806562e-06	4.52273806562e-06	0	0	0	0	0	0	0	0	0	0	0	0	4.52273806562e-06	1.80909522625e-05	0	0	0	9.04547613125e-06	0	0	0	0	0	0	4.52273806562e-06	0.00036181904525	1.80909522625e-05	0.00252368784062	0.000823138327944	1.35682141969e-05	4.97501187219e-05	9.04547613125e-06	1.35682141969e-05	0	0	0	0	0	0
0.00213020962891	0.000488455711087	0.00205784581986	0	0.000597001424662	0.000863842970534	0.0132606680084	0.000981434160241	0.0137310327672	0.000108545713575	0.00106736618349	0.0271364283937	0.00792835982904	0.00670722055132	0.00600167341308	0.0014608443952	3.6181904525e-05	0.0101354560051	0.00958368196106	0.0144998982384	0.00454535175595	0.00687003912168	4.07046425906e-05	0.00887813482282	0.00490264806314	0.000153773094231	0.0188236358291	0.00927161303453	0.0200402523688	0.0197417516565	0.00808665566134	1.80909522625e-05	0.00572578639108	0.0053413536555	0.0789896203161	1.35682141969e-05	0.00162818570362	0.000660319757581	0	1.35682141969e-05	0	0.000189954998756	0.000393478211709	0.000253273331675	0.000416091902037	0.000253273331675	2.71364283937e-05	9.95002374437e-05	9.95002374437e-05	0.000208045951019	0	2.71364283937e-05	6.33183329187e-05	5.42728567875e-05	0.000253273331675	0.00021709142715	1.80909522625e-05	0.000221614165216	0.000949774993781	0.0005789104724	0.000262318807806	0.00137491237195	0.00138395784808	0.000180909522625	0.000126636665837	9.04547613125e-06	1.35682141969e-05	0	0	0.000357296307184	0.00790574613871	0.000872888446666	0.0356527441713	0.012062142421	0.00181361796432	0.00138395784808	0.0002894552362	0.00185884534497	0.000533683091744	0.000750774518894	0.000429660116234	3.16591664594e-05	0	6.78410709844e-05
0	1.80909522625e-05	2.26136903281e-05	0	0	0	0	0	0	0	0	0	4.52273806562e-06	4.52273806562e-06	0	0	0	9.04547613125e-06	0	4.52273806562e-06	0	4.52273806562e-06	0	9.04547613125e-06	0	1.80909522625e-05	4.07046425906e-05	3.6181904525e-05	0	0	0	0	0	0	1.35682141969e-05	0.0260735849483	6.78410709844e-05	0.00296691617105	0	4.52273806562e-06	0	4.07046425906e-05	0.0140159652654	0.00142013975261	8.59320232469e-05	0.0065263110287	0.00158295832297	0.0008683657086	9.95002374437e-05	0.016679857986	0	0	0.00119852558739	0.0015784355849	0.00380362271319	0.00272721105357	0.000407046425906	0	0.0030257117659	0.000958820469912	2.26136903281e-05	0.00262318807806	0.00104475249316	0.0063815834106	0.0135139413401	0.00429660116234	9.04547613125e-06	9.04547613125e-06	0.00151511725198	0.00701928947785	3.6181904525e-05	0	3.6181904525e-05	3.6181904525e-05	2.71364283937e-05	0	0	0.000352773569119	0.000646751543384	0.00634992424414	0.000266841545872	9.04547613125e-06	4.52273806562e-06	4.97501187219e-05
