0.0251397579381	0	0	0	0	0	5.55697567156e-05	0.00861331229092	0.0149371506052	0	0.00266734832235	0.000589039421185	0.00071129288596	0	0.0160818875935	0	0	2.22279026862e-05	0.000122253464774	2.22279026862e-05	0.000666837080587	0.000755748691332	0	0.000944685864165	0	0	0	0	0.00501239205575	0.0154150505129	0.0137257299088	0	0.000611267323872	0.000577925469842	0.00191159963102	0	0	0	0	0	0	0	0	0	0	0	0	0	0	0	0	0	0	0	0	0	0	0	2.22279026862e-05	0	0	0	0	0	0	0	0	0	0	0	0	0	0.00067795103193	0	0	0	0	1.11139513431e-05	0	2.22279026862e-05	2.22279026862e-05	0	0	0
0	0.0321082054303	0.000933571912822	0	0	0	0	0	0	0.00254509485757	0	0	0	0	0	0	0.00221167631728	5.55697567156e-05	0	0	0	4.44558053725e-05	0.00837991931271	0.000222279026862	0.00322304588951	0.00292296920324	0.00316747613279	0.0294408571079	0	0	0	0	0	0	0	0	0.0154039365616	2.22279026862e-05	0	0	0	0	0	0	0.000211165075519	0	0	0	0	0	0	1.11139513431e-05	0.00160040899341	0	1.11139513431e-05	0	0	0.0031452482301	0	0.000211165075519	0.000555697567156	5.55697567156e-05	0.0185158429376	0	0	0	0	0	0	0	0	0	0	0	0	0	0	0.000211165075519	0	0	0	0	0	0
0	0.000933571912822	0.0433888660435	0	0	0	0	0	0	0	0	0	0	0	0	0	0.000233392978206	0.0201051379797	0	0.000466785956411	0	0	3.33418540294e-05	0.0164264200851	0.00017782322149	0	0.00682396612468	0.0180157151272	0.000200051124176	0	0	0	0	0	0.00017782322149	0	0.00123364859909	0	0	0	0	0	0	0	1.11139513431e-05	0	0	0	0	0	0	0.00213387865788	2.22279026862e-05	0	0	0	0.000188937172833	0.00311190637607	0.000933571912822	1.11139513431e-05	0	0	0.0119586116452	0	0	0	0	0	0	0	0.00408993409427	0	0.00156706713938	0.000100025562088	0.000277848783578	0	0	0.000200051124176	0	1.11139513431e-05	0	0	0	0
0	0	0	0	0	0	0	0	0	0	0	0	0	0	0	0	0	0	0	0	0	0	0	0	0	0	0	0	0	0	0	0	0	0	0	0	0	0	0	0	0	0	0	0	0	0	0	0	0	0	0	0	0	0	0	0	0	0	0	0	0	0	0	0	0	0	0	0	0	0	0	0	0	0	0	0	0	0	0	0	0	0	0	0
0	0	0	0	0.0141480600598	0	1.11139513431e-05	0	0	0	0.000333418540294	0	0.000633495226558	0	0	7.77976594018e-05	0	0	0	0	0.00227836002534	0	0	0	0.00414550385098	0	0	0	0.0070351312002	0	0	0	0	0	0	0	0	0	0	0.00694621958945	0	0	0	0	0.00263400646832	0.000188937172833	8.8911610745e-05	0.000322304588951	0	0	0	0	0	0	0	0.00457894795337	0	0	0	0.00274514598175	0	7.77976594018e-05	0	0.0012892183558	0	0	0	0	0	8.8911610745e-05	0	0	0	0	5.55697567156e-05	0	0	0	0	8.8911610745e-05	0	0	0	0
0	0	0	0	0	0.00366760394323	0.00115585093968	3.33418540294e-05	0.0016226368961	0	0	7.77976594018e-05	3.33418540294e-05	2.22279026862e-05	0	0.00103359747491	0	0	0	0	3.33418540294e-05	0	0	0	6.66837080587e-05	0	0	0	3.33418540294e-05	0.000544583615813	0	0	0.00232281583071	0	0.00232281583071	0	0	0	0	1.11139513431e-05	0	0	0	0	0	1.11139513431e-05	0	1.11139513431e-05	0	0	0	0	0	0	0	1.11139513431e-05	0	0	0	2.22279026862e-05	0	0	0	0	0	0	0	0	0	0	0.000433444102382	1.11139513431e-05	6.66837080587e-05	0.000377874345666	0.000933571912822	0.000989141669538	0	0.000155595318804	0	0	0	1.11139513431e-05	0	0
5.55697567156e-05	0	0	0	1.11139513431e-05	0.00115585093968	0.0316303055225	0.00567922913633	0.0184602731809	0	0.0107583049001	0.00165597875013	0.00911344010136	0	0.00898007268524	0.00196716938773	0	0	0.00115585093968	0.00116696489103	0.00301188081399	0	0	0	0.000211165075519	0	0.000633495226558	0	0.00223390421997	0.00294519710593	5.55697567156e-05	0	0.00324527379219	0	0.00264512041966	0	0	0	0	0	0	0	0	0	0	2.22279026862e-05	0	1.11139513431e-05	0	0	0	0	0	0	0	2.22279026862e-05	0	0	0	3.33418540294e-05	0	0	0	0	0	0	0	0	0	0	0.000966913766852	2.22279026862e-05	0.000655723129244	0.000233392978206	0.00206719494982	0.000755748691332	2.22279026862e-05	5.55697567156e-05	0	0	0	1.11139513431e-05	0	0
0.00861331229092	0	0	0	0	3.33418540294e-05	0.00567922913633	0.0558920613046	0.0189604009914	0	0.00888004712315	0.00112250908566	4.44558053725e-05	0	0.0107694188515	0.000333418540294	0	3.33418540294e-05	0.000922457961479	0.00110028118297	0.000133367416117	0.00630161041155	0	0.00511241761784	1.11139513431e-05	0	0.00107805328028	0	0.0192271358236	0.0146259599675	0.0207830890116	0	0.00125587650177	0.00844660302077	0.00958022605777	0	0	0	0	0.00187825777699	0	0	0	0	0.00206719494982	0.0012892183558	1.11139513431e-05	5.55697567156e-05	0	0	0	0	0	0	0	0.00158929504207	0	0	6.66837080587e-05	0.00336752725697	0	0	0	0.00202273914445	0	0	0	0	0	1.11139513431e-05	0.000911344010136	1.11139513431e-05	0.00672394056259	0.00373428765129	2.22279026862e-05	0.00104471142625	0	5.55697567156e-05	0	7.77976594018e-05	3.33418540294e-05	3.33418540294e-05	0	0
0.0149371506052	0	0	0	0	0.0016226368961	0.0184602731809	0.0189604009914	0.05221334341	0	0.0126254487258	0.000777976594018	0.00330084354891	0.000200051124176	0.0273403203041	0.000833546350734	0	1.11139513431e-05	0.000411216199695	0	0.00138924391789	0.000522355713127	0	0.000577925469842	7.77976594018e-05	0	0.000244506929549	0	0.00807984262645	0.0158484946153	0.0106471653867	0	0.00933571912822	0.000933571912822	0.00724629627571	0	0	0	0	2.22279026862e-05	0	0	0	0.000211165075519	0	0.000166709270147	0	0.000111139513431	0	0.000489013859097	0	0	0	0	0	0.000166709270147	0	0	2.22279026862e-05	0.000244506929549	0	0	0	0	3.33418540294e-05	0	0	0	0	0	0.00323415984085	7.77976594018e-05	0.0031452482301	0.00244506929549	0.00166709270147	0.00213387865788	4.44558053725e-05	0.000277848783578	0	0.000600153372529	0.000600153372529	8.8911610745e-05	0	0
0	0.00254509485757	0	0	0	0	0	0	0	0.0118252442291	3.33418540294e-05	0	0.000233392978206	0	0	0.00053346966447	0.000433444102382	0	0	0	0.000111139513431	0	0.00565700123365	0	0.00745746135123	0.00114473698834	0.000366760394323	0.00204496704713	0.00142258577192	0	0	0	0	0	0.000100025562088	0	0.000111139513431	0	0	0.000733520788646	1.11139513431e-05	0	0	0	0.00560143147693	0	0	0	0	0	4.44558053725e-05	0	0	0	0	4.44558053725e-05	0	2.22279026862e-05	0	0.00529024083933	3.33418540294e-05	1.11139513431e-05	0	2.22279026862e-05	0	0	0	0	0	0	0.000222279026862	0	0	0	0.000689064983274	0	0	7.77976594018e-05	2.22279026862e-05	0	0	1.11139513431e-05	0	0
0.00266734832235	0	0	0	0.000333418540294	0	0.0107583049001	0.00888004712315	0.0126254487258	3.33418540294e-05	0.0380097135935	0.00148926947998	0.00398990853218	0	0.0089689587339	0.000133367416117	0	0	0.0010558253776	0.00203385309579	0.00593485001723	0	0	0	0.000322304588951	0	0.00102248352357	0	0.00998032830612	0.00230058792803	3.33418540294e-05	0	0.00171154850684	0.000789090545362	0.00472342932083	0	0	0	0	0.00565700123365	0	0	0	0	0.00195605543639	0.00273403203041	0	1.11139513431e-05	0	0	0	0	0	0	0	0.00694621958945	0	0	0	0.00706847305422	0	0	0	0.0037120597486	0	0	0	0	0	0	0.000211165075519	1.11139513431e-05	0.00282294364115	0.000777976594018	0.000111139513431	1.11139513431e-05	0	0	0	0	0	0	0	0
0.000589039421185	0	0	0	0	7.77976594018e-05	0.00165597875013	0.00112250908566	0.000777976594018	0	0.00148926947998	0.0353423652711	0.00330084354891	0.00935794703091	0.00300076686264	2.22279026862e-05	8.8911610745e-05	5.55697567156e-05	0.0105249119219	0.00733520788646	0.00350089467308	1.11139513431e-05	0	0	0.000144481367461	0.00471231536948	0.0145259344055	0	0.000766862642675	0.00817986818854	0.000477899907754	0.00106693932894	0.00126699045312	0.00100025562088	0.0162152550096	0	0	0	0	0	0	0	0	0	1.11139513431e-05	1.11139513431e-05	0.00210053680385	0	0.00806872867511	0	0	0	0	0	0	1.11139513431e-05	2.22279026862e-05	2.22279026862e-05	0	1.11139513431e-05	0.000388988297009	0.000422330151039	2.22279026862e-05	2.22279026862e-05	0	0	0.000511241761784	0	0	0	0.00211165075519	0.00264512041966	0.00364537604054	0.000288962734921	3.33418540294e-05	0	0.000522355713127	0.000789090545362	0.00470120141814	3.33418540294e-05	0	0	0	0.00107805328028
0.00071129288596	0	0	0	0.000633495226558	3.33418540294e-05	0.00911344010136	4.44558053725e-05	0.00330084354891	0.000233392978206	0.00398990853218	0.00330084354891	0.0238949953877	0	0.00496793625038	0.00126699045312	0	0	0.00192271358236	0.00323415984085	0.0115029396401	0	0	0	0.00171154850684	0	0.000622381275215	0	0.0016226368961	0.00422330151039	1.11139513431e-05	0	0.00200051124176	0	0.00471231536948	0	0	0	0	1.11139513431e-05	4.44558053725e-05	0.000255620880892	0	1.11139513431e-05	6.66837080587e-05	6.66837080587e-05	0.000400102248352	0.00267846227369	0	1.11139513431e-05	0.000333418540294	0	0	0.00017782322149	0	0.000444558053725	0	0	0	0	0	0.000144481367461	0	0	0.000166709270147	0	0	0	0	0.000400102248352	3.33418540294e-05	0	0.000233392978206	3.33418540294e-05	0.00104471142625	0	0	5.55697567156e-05	0	0.000433444102382	0	4.44558053725e-05	0	0
0	0	0	0	0	2.22279026862e-05	0	0	0.000200051124176	0	0	0.00935794703091	0	0.0224279538104	0.000133367416117	0	0	0	5.55697567156e-05	0	0	0	0	0	1.11139513431e-05	0.0114807117374	0.0111584071485	0.00585705235782	1.11139513431e-05	0.000188937172833	0	0.000244506929549	0.00017782322149	0	0.000444558053725	0	0.000244506929549	0	0	0	0	0	0	0	0	0	0.0020116251931	0	0.00983584693866	0	0	0	0	0	0	0	0	0	0	0	0.00388988297009	0.00287851339787	0.00334529935428	0	0	0	0.000511241761784	0	0	0	8.8911610745e-05	6.66837080587e-05	0.00017782322149	0.000155595318804	0	4.44558053725e-05	0.000644609177901	1.11139513431e-05	0.00447892239128	6.66837080587e-05	1.11139513431e-05	0	0	0.00115585093968
0.0160818875935	0	0	0	0	0	0.00898007268524	0.0107694188515	0.0273403203041	0	0.0089689587339	0.00300076686264	0.00496793625038	0.000133367416117	0.0468786467653	0.000800204496705	0	1.11139513431e-05	0.0013670160152	7.77976594018e-05	0.00238949953877	0.000744634739989	0	0.000911344010136	7.77976594018e-05	0	0.000489013859097	0	0.00999144225747	0.0255065183325	0.0153928226102	0	0.00642386387632	0.00465674561277	0.00740189159452	0	0	0	0	1.11139513431e-05	0	0	0	0.000155595318804	0	6.66837080587e-05	0	6.66837080587e-05	0	0.000266734832235	0	0	0	0	0	6.66837080587e-05	0	0	2.22279026862e-05	0.000122253464774	0	0	0	0	1.11139513431e-05	0	0	0	0	0	0.00186714382564	3.33418540294e-05	0.00238949953877	0.00108916723163	0.000933571912822	0.000133367416117	5.55697567156e-05	8.8911610745e-05	0	0.000366760394323	0.000366760394323	5.55697567156e-05	0	0
0	0	0	0	7.77976594018e-05	0.00103359747491	0.00196716938773	0.000333418540294	0.000833546350734	0.00053346966447	0.000133367416117	2.22279026862e-05	0.00126699045312	0	0.000800204496705	0.00850217277749	0	0	2.22279026862e-05	0	0.000766862642675	0	0	0	0.00247841114952	0	2.22279026862e-05	0	0.00157818109072	0.00131144625849	0.00107805328028	0	0.000455672005068	0.000978027718195	0.0016226368961	0	0	0	0	0.000322304588951	0	0	0	0	0.000411216199695	1.11139513431e-05	0	0	0	0	0	0	0	0	0	0.00017782322149	0	0	0	0.000366760394323	0	0	0	1.11139513431e-05	0	0	0	0	0	0	0.000844660302077	1.11139513431e-05	0.00165597875013	0.00017782322149	0.00565700123365	0.000122253464774	1.11139513431e-05	6.66837080587e-05	0	0	0	0	0	0
0	0.00221167631728	0.000233392978206	0	0	0	0	0	0	0.000433444102382	0	8.8911610745e-05	0	0	0	0	0.0297631616969	7.77976594018e-05	0.000200051124176	8.8911610745e-05	0	0.00282294364115	0.0171265990197	0.00634606621692	0.014803783189	0.000100025562088	0.000400102248352	0.00512353156918	0.00707958700557	0	0	1.11139513431e-05	0	0	0.00108916723163	0	3.33418540294e-05	0	0	2.22279026862e-05	0	0	0	0	0.00494570834769	6.66837080587e-05	0	1.11139513431e-05	0	0	0	0.00842437511809	0	0	0	2.22279026862e-05	0.00332307145159	0.0137812996655	0.000122253464774	0.00480122698023	1.11139513431e-05	0	0.000822432399391	0.00640163597364	0	0	0	0	0	0	0.00392322482412	0.000188937172833	0.000644609177901	7.77976594018e-05	2.22279026862e-05	0	0	0.000589039421185	7.77976594018e-05	0	0	2.22279026862e-05	0	0
2.22279026862e-05	5.55697567156e-05	0.0201051379797	0	0	0	0	3.33418540294e-05	1.11139513431e-05	0	0	5.55697567156e-05	0	0	1.11139513431e-05	0	7.77976594018e-05	0.045767251631	0	0.00713515676228	0	5.55697567156e-05	0	0.0139702368383	6.66837080587e-05	0	0.0139702368383	0.00673505451393	0.000111139513431	2.22279026862e-05	0.000477899907754	0	0	0	0.00650166153573	0	0.000589039421185	0	0	0	0	0	0	0	0	0	0	0	0	0	0	0.000300076686264	0.000188937172833	0	0.000366760394323	0	3.33418540294e-05	0.000344532491637	0.000522355713127	0	0	0.000555697567156	0.00859108438823	1.11139513431e-05	0	0	0	0	0	0	0.00747968925392	0.00330084354891	0.00660168709781	0.000166709270147	0	0	0	0.000611267323872	1.11139513431e-05	0.000255620880892	0.000133367416117	0	0	0
0.000122253464774	0	0	0	0	0	0.00115585093968	0.000922457961479	0.000411216199695	0	0.0010558253776	0.0105249119219	0.00192271358236	5.55697567156e-05	0.0013670160152	2.22279026862e-05	0.000200051124176	0	0.0152038854374	0.00405659224024	0.00217833446325	1.11139513431e-05	0	0	0.000222279026862	0	0.0100025562088	4.44558053725e-05	0.000789090545362	0.00356757838114	0.000377874345666	6.66837080587e-05	0.000366760394323	0.000944685864165	0.00694621958945	0	0	0	0	0	0	0	0	0	0	1.11139513431e-05	0	0	0.00067795103193	0	0	0	0	0	0	1.11139513431e-05	0	0	0	1.11139513431e-05	0	0.000655723129244	1.11139513431e-05	0	0	0	0.000322304588951	0	0	0	0.00360092023517	0.00217833446325	0.00408993409427	0.000266734832235	2.22279026862e-05	0	0	0.00088911610745	1.11139513431e-05	0	0	0	0	0
2.22279026862e-05	0	0.000466785956411	0	0	0	0.00116696489103	0.00110028118297	0	0	0.00203385309579	0.00733520788646	0.00323415984085	0	7.77976594018e-05	0	8.8911610745e-05	0.00713515676228	0.00405659224024	0.0304855685342	0.00362314813786	0.000166709270147	0	0.000266734832235	0.000100025562088	0	0.0156706713938	0.00053346966447	0.00151149738266	0.00313413427876	0.00100025562088	0	0	0.00155595318804	0.0151038598753	0	0	0	0	0	0	0	0	0	0	0	0	0	0	0	0	2.22279026862e-05	1.11139513431e-05	0	0.000100025562088	0	0	0	0.000188937172833	0	0	0.000911344010136	0.000622381275215	0	0	0	0	0	0	0	0.00862442624226	0.00343421096502	0.00752414505929	0.000622381275215	0	0	0	8.8911610745e-05	0	0	0	0	0	0
0.000666837080587	0	0	0	0.00227836002534	3.33418540294e-05	0.00301188081399	0.000133367416117	0.00138924391789	0.000111139513431	0.00593485001723	0.00350089467308	0.0115029396401	0	0.00238949953877	0.000766862642675	0	0	0.00217833446325	0.00362314813786	0.0186269824511	0	0	0	0.0017004345555	0	0.000777976594018	0	0.00502350600709	0.00373428765129	0	0	0.00104471142625	0	0.00532358269335	0	0	0	0	0.000622381275215	0	0	0	0	0	0.000733520788646	0	0	0	0	0	0	0	0	0	0.00110028118297	0	0	0	0.00110028118297	0	0	0	0.000311190637607	0	0	0	0	0	0	2.22279026862e-05	0	0.000655723129244	1.11139513431e-05	0.00085577425342	0	0	0	0	0	0	0	0	0
0.000755748691332	4.44558053725e-05	0	0	0	0	0	0.00630161041155	0.000522355713127	0	0	1.11139513431e-05	0	0	0.000744634739989	0	0.00282294364115	5.55697567156e-05	1.11139513431e-05	0.000166709270147	0	0.0532135990309	0.00135590206386	0.035564644298	8.8911610745e-05	1.11139513431e-05	0.000333418540294	0.000100025562088	0.00516798737455	0.000777976594018	0.0177156384409	0	0	3.33418540294e-05	0.00510130366649	1.11139513431e-05	1.11139513431e-05	0	0	0	0	0	3.33418540294e-05	3.33418540294e-05	3.33418540294e-05	0	0	0	0	3.33418540294e-05	0	0.00196716938773	0	0	0	0	0.00244506929549	0.00203385309579	0.00157818109072	5.55697567156e-05	0	0	1.11139513431e-05	0.000555697567156	0	0	0	0	0	0	0.00652388943841	1.11139513431e-05	0.0115918512509	0.00388988297009	0.00357869233248	0	0	0.00137812996655	0	0.000100025562088	1.11139513431e-05	6.66837080587e-05	0	0
0	0.00837991931271	3.33418540294e-05	0	0	0	0	0	0	0.00565700123365	0	0	0	0	0	0	0.0171265990197	0	0	0	0	0.00135590206386	0.0384431576959	0.00942463073897	0.0117363326183	0.0016226368961	0.000600153372529	0.0184380452782	0.00321193193816	0	0	0	0	0	1.11139513431e-05	0	0.000211165075519	0	0	1.11139513431e-05	0	0	0	0	0.00477899907754	0	0	0	0	0	0	0.010558253776	0	0	0	0	0.00112250908566	0.0157929248586	0	0.00502350600709	7.77976594018e-05	0	0.00439001078053	0.0025784367116	0	0	0	0	0	0	1.11139513431e-05	0	0	0	0	0	0	0	0	0	0	0	0	0
0.000944685864165	0.000222279026862	0.0164264200851	0	0	0	0	0.00511241761784	0.000577925469842	0	0	0	0	0	0.000911344010136	0	0.00634606621692	0.0139702368383	0	0.000266734832235	0	0.035564644298	0.00942463073897	0.100070017893	0.000100025562088	1.11139513431e-05	0.000422330151039	0.0209053424764	0.00152261133401	0.000955799815508	0.0143925669893	0	0	1.11139513431e-05	0.00701290329751	1.11139513431e-05	2.22279026862e-05	0	0	0	0	0	3.33418540294e-05	3.33418540294e-05	2.22279026862e-05	0	0	0	0	3.33418540294e-05	0	0.013214488147	0	0	0	0	0.00424552941307	0.0129032975094	0.00653500338976	0.000155595318804	0	0	0.00190048567967	0.000666837080587	0	0	0	0	0	0	0.0149816064105	0.000100025562088	0.0172377385332	0.00481234093157	0.00562365937962	0	0	0.00358980628383	1.11139513431e-05	0.0012114206964	0.000566811518499	6.66837080587e-05	0	0
0	0.00322304588951	0.00017782322149	0	0.00414550385098	6.66837080587e-05	0.000211165075519	1.11139513431e-05	7.77976594018e-05	0.00745746135123	0.000322304588951	0.000144481367461	0.00171154850684	1.11139513431e-05	7.77976594018e-05	0.00247841114952	0.014803783189	6.66837080587e-05	0.000222279026862	0.000100025562088	0.0017004345555	8.8911610745e-05	0.0117363326183	0.000100025562088	0.0477788768241	0.000689064983274	0.000644609177901	0.00370094579726	0.0208053169143	0.000422330151039	0.000400102248352	1.11139513431e-05	6.66837080587e-05	0.000366760394323	0.0020116251931	0	0.000133367416117	0	0	0.00756860086467	0.000122253464774	1.11139513431e-05	0	0	0.0220945352701	0.000522355713127	0	0.000111139513431	0	0	0.000255620880892	0.000666837080587	1.11139513431e-05	1.11139513431e-05	1.11139513431e-05	0.00447892239128	0.00143369972326	0.00607933138469	8.8911610745e-05	0.0212609889194	5.55697567156e-05	0	0.000689064983274	0.0078353356969	0	0	0	0	0	2.22279026862e-05	0.0050012781044	0.000144481367461	0.000811318448048	0.000188937172833	0.00255620880892	1.11139513431e-05	0	0.00263400646832	0.000122253464774	7.77976594018e-05	1.11139513431e-05	0.000666837080587	3.33418540294e-05	0
0	0.00292296920324	0	0	0	0	0	0	0	0.00114473698834	0	0.00471231536948	0	0.0114807117374	0	0	0.000100025562088	0	0	0	0	1.11139513431e-05	0.0016226368961	1.11139513431e-05	0.000689064983274	0.0188270335752	0.00879113551241	0.00733520788646	0	0	0	3.33418540294e-05	0	0	0	0	0.00266734832235	0	0	0	0	0	0	0	0	0	0.00110028118297	0	0.00815764028585	0	0	0	0	0	0	0	0	0	0	0	0.00554586172022	0.00144481367461	0.0054124943041	0	0	0	0.000978027718195	0	0	0	0	0	0	0	0	0	0.000155595318804	0	0.00156706713938	4.44558053725e-05	0	0	0	0.000433444102382
0	0.00316747613279	0.00682396612468	0	0	0	0.000633495226558	0.00107805328028	0.000244506929549	0.000366760394323	0.00102248352357	0.0145259344055	0.000622381275215	0.0111584071485	0.000489013859097	2.22279026862e-05	0.000400102248352	0.0139702368383	0.0100025562088	0.0156706713938	0.000777976594018	0.000333418540294	0.000600153372529	0.000422330151039	0.000644609177901	0.00879113551241	0.107149604899	0.033297398224	0.00180046011759	0.0019338275337	0.00118919279371	0.00114473698834	0.00017782322149	0.00168932060415	0.00644609177901	0	0.00955799815508	0.000122253464774	0	0	0	0	0	0	5.55697567156e-05	0	0.00130033230715	0	0.0106582793381	0	0	3.33418540294e-05	0.00403436433755	4.44558053725e-05	0.00437889682919	0	0	3.33418540294e-05	0.000188937172833	5.55697567156e-05	0.00519021527724	0.0221056492215	0.01969392178	2.22279026862e-05	0	0	0.00172266245818	0	0	0	0.018915945186	0.0108805583649	0.00882447736644	0.00100025562088	2.22279026862e-05	0	1.11139513431e-05	0.00137812996655	0.00514575947187	5.55697567156e-05	0	0	0	0.000755748691332
0	0.0294408571079	0.0180157151272	0	0	0	0	0	0	0.00204496704713	0	0	0	0.00585705235782	0	0	0.00512353156918	0.00673505451393	4.44558053725e-05	0.00053346966447	0	0.000100025562088	0.0184380452782	0.0209053424764	0.00370094579726	0.00733520788646	0.033297398224	0.120575258122	0.000433444102382	0	0	0	0	0	0.00017782322149	0	0.0262622670238	0.000700178934617	0	0	0	0	0	0	0.000311190637607	0	0	0	0.000866888204763	0	0	0.016226368961	0.00763528457272	0	0.00320081798682	0	0.000311190637607	0.0231948164531	0.000466785956411	0.000266734832235	0.00542360825544	0.0111250652945	0.0520355201885	0.000244506929549	0	0	0	0	0	0	0.00704624515154	0.00114473698834	0.000944685864165	4.44558053725e-05	5.55697567156e-05	0	0	0.00112250908566	0.000833546350734	5.55697567156e-05	0	0	0	0
0.00501239205575	0	0.000200051124176	0	0.0070351312002	3.33418540294e-05	0.00223390421997	0.0192271358236	0.00807984262645	0.00142258577192	0.00998032830612	0.000766862642675	0.0016226368961	1.11139513431e-05	0.00999144225747	0.00157818109072	0.00707958700557	0.000111139513431	0.000789090545362	0.00151149738266	0.00502350600709	0.00516798737455	0.00321193193816	0.00152261133401	0.0208053169143	0	0.00180046011759	0.000433444102382	0.0952021072052	0.0189270591373	0.0244173511008	1.11139513431e-05	0.000811318448048	0.0149816064105	0.0198606310502	0	0	0	0	0.0211720773086	0	1.11139513431e-05	0	3.33418540294e-05	0.0290740967136	0.00542360825544	6.66837080587e-05	0.000166709270147	0	1.11139513431e-05	1.11139513431e-05	0.000655723129244	1.11139513431e-05	5.55697567156e-05	3.33418540294e-05	0.0138924391789	0.000200051124176	0.0012892183558	0.000166709270147	0.0335752470076	0	1.11139513431e-05	0.000722406837303	0.0159707480801	1.11139513431e-05	0	0	1.11139513431e-05	0	0.000144481367461	0.00573479889305	0.000166709270147	0.0119474976939	0.00565700123365	0.000511241761784	0.00116696489103	0	0.00414550385098	0.000111139513431	0.000333418540294	0.000133367416117	0.00111139513431	2.22279026862e-05	0
0.0154150505129	0	0	0	0	0.000544583615813	0.00294519710593	0.0146259599675	0.0158484946153	0	0.00230058792803	0.00817986818854	0.00422330151039	0.000188937172833	0.0255065183325	0.00131144625849	0	2.22279026862e-05	0.00356757838114	0.00313413427876	0.00373428765129	0.000777976594018	0	0.000955799815508	0.000422330151039	0	0.0019338275337	0	0.0189270591373	0.0564699867744	0.0324638518733	0	0.00529024083933	0.0176489547329	0.0272180668393	0	0	0	0	0.000144481367461	0	0	0	0.000188937172833	0.000522355713127	0.00035564644298	0	0.000188937172833	0	0.00035564644298	0	0	2.22279026862e-05	0	1.11139513431e-05	0.00035564644298	0	0	2.22279026862e-05	0.000589039421185	0	0	0	0	1.11139513431e-05	0	0	0	0	0	0.00332307145159	4.44558053725e-05	0.0104693421652	0.00623492670349	0.00053346966447	0.00198939729042	5.55697567156e-05	0.001133623037	3.33418540294e-05	0.000466785956411	0.000466785956411	0.000766862642675	0	0
0.0137257299088	0	0	0	0	0	5.55697567156e-05	0.0207830890116	0.0106471653867	0	3.33418540294e-05	0.000477899907754	1.11139513431e-05	0	0.0153928226102	0.00107805328028	0	0.000477899907754	0.000377874345666	0.00100025562088	0	0.0177156384409	0	0.0143925669893	0.000400102248352	0	0.00118919279371	0	0.0244173511008	0.0324638518733	0.0687064472032	0	5.55697567156e-05	0.0175933849762	0.0228058281561	0	0	0	0	5.55697567156e-05	0	0	0	2.22279026862e-05	0.000555697567156	6.66837080587e-05	0	2.22279026862e-05	0	2.22279026862e-05	0	0	1.11139513431e-05	0	1.11139513431e-05	6.66837080587e-05	0	0	0.000277848783578	0.000311190637607	0	0	0	0	1.11139513431e-05	0	0	0	0	0	0.00191159963102	2.22279026862e-05	0.0152261133401	0.00445669448859	0.000100025562088	0.00111139513431	0	0.00108916723163	2.22279026862e-05	0.000300076686264	0.000111139513431	0.00067795103193	0	0
0	0	0	0	0	0	0	0	0	0	0	0.00106693932894	0	0.000244506929549	0	0	1.11139513431e-05	0	6.66837080587e-05	0	0	0	0	0	1.11139513431e-05	3.33418540294e-05	0.00114473698834	0	1.11139513431e-05	0	0	0.00114473698834	0	0	1.11139513431e-05	0	0	0	0	0	0	0	0	0	0	0	0	0	0.000489013859097	0	0	0	0	0	0	0	0	0	0	0	0	0.000111139513431	4.44558053725e-05	0	0	0	0.000188937172833	0	0	0	0.000200051124176	0.000200051124176	0.000144481367461	0	0	0	0	6.66837080587e-05	3.33418540294e-05	0	0	0	0	0
0.000611267323872	0	0	0	0	0.00232281583071	0.00324527379219	0.00125587650177	0.00933571912822	0	0.00171154850684	0.00126699045312	0.00200051124176	0.00017782322149	0.00642386387632	0.000455672005068	0	0	0.000366760394323	0	0.00104471142625	0	0	0	6.66837080587e-05	0	0.00017782322149	0	0.000811318448048	0.00529024083933	5.55697567156e-05	0	0.0114140280294	0	0.0055680896229	0	0	0	0	2.22279026862e-05	0	0	0	0.000155595318804	0	0.000122253464774	0	6.66837080587e-05	0	0.000288962734921	0	0	0	0	0	0.000122253464774	0	0	0	0.000155595318804	0	0	0	0	0	0	0	0	0	0	0.00160040899341	6.66837080587e-05	0.00168932060415	0.00192271358236	0.000544583615813	0.00176711826356	2.22279026862e-05	0.000222279026862	0	0.00035564644298	0.00035564644298	4.44558053725e-05	0	0
0.000577925469842	0	0	0	0	0	0	0.00844660302077	0.000933571912822	0	0.000789090545362	0.00100025562088	0	0	0.00465674561277	0.000978027718195	0	0	0.000944685864165	0.00155595318804	0	3.33418540294e-05	0	1.11139513431e-05	0.000366760394323	0	0.00168932060415	0	0.0149816064105	0.0176489547329	0.0175933849762	0	0	0.0214054702869	0.0152261133401	0	0	0	0	0	0	0	0	2.22279026862e-05	0.000366760394323	0	0	0	0	1.11139513431e-05	0	0	1.11139513431e-05	0	1.11139513431e-05	0	0	0	0	8.8911610745e-05	0	0	0	0	0	0	0	0	0	0	0.00050012781044	2.22279026862e-05	0.00846883092346	0.00311190637607	8.8911610745e-05	0.00050012781044	0	0.000344532491637	2.22279026862e-05	2.22279026862e-05	2.22279026862e-05	3.33418540294e-05	0	0
0.00191159963102	0	0.00017782322149	0	0	0.00232281583071	0.00264512041966	0.00958022605777	0.00724629627571	0.000100025562088	0.00472342932083	0.0162152550096	0.00471231536948	0.000444558053725	0.00740189159452	0.0016226368961	0.00108916723163	0.00650166153573	0.00694621958945	0.0151038598753	0.00532358269335	0.00510130366649	1.11139513431e-05	0.00701290329751	0.0020116251931	0	0.00644609177901	0.00017782322149	0.0198606310502	0.0272180668393	0.0228058281561	1.11139513431e-05	0.0055680896229	0.0152261133401	0.0725296464652	0	0	0	0	0.00017782322149	0	1.11139513431e-05	0	0.000188937172833	0.00155595318804	0.000455672005068	0	0.000211165075519	0	0.000433444102382	0	0.000344532491637	3.33418540294e-05	0	1.11139513431e-05	0.000433444102382	0	2.22279026862e-05	0.00017782322149	0.000777976594018	0	2.22279026862e-05	0.000589039421185	3.33418540294e-05	3.33418540294e-05	0	0	0	0	1.11139513431e-05	0.00759082876735	0.000233392978206	0.0288184758327	0.00921346566345	0.000566811518499	0.00342309701368	0.000111139513431	0.00282294364115	0.000300076686264	0.000522355713127	0.000477899907754	0.000744634739989	0	0
0	0	0	0	0	0	0	0	0	0	0	0	0	0	0	0	0	0	0	0	0	1.11139513431e-05	0	1.11139513431e-05	0	0	0	0	0	0	0	0	0	0	0	0.0122031185747	0	0	0	0	0	0	0.00720184047034	0.00124476255043	0	1.11139513431e-05	0	0	0	0.00910232615002	0	0	4.44558053725e-05	0	0	0	0.000166709270147	0	0.000878002156107	0.00335641330562	0	0	0	0.00401213643487	0.00411216199695	0.00103359747491	0	0	0	0.00071129288596	0	0	1.11139513431e-05	0	1.11139513431e-05	0	0	0	0	0.000644609177901	5.55697567156e-05	0	0	0
0	0.0154039365616	0.00123364859909	0	0	0	0	0	0	0.000111139513431	0	0	0	0.000244506929549	0	0	3.33418540294e-05	0.000589039421185	0	0	0	1.11139513431e-05	0.000211165075519	2.22279026862e-05	0.000133367416117	0.00266734832235	0.00955799815508	0.0262622670238	0	0	0	0	0	0	0	0	0.0328528401703	0	0	0	0	0	0	0	0.00141147182058	0	0	0	5.55697567156e-05	0	0	1.11139513431e-05	0	0	0	0	0	0.00382319926203	0	0.00138924391789	0.00462340375874	0.000700178934617	0.0293074896918	0	0	0	0	0	0	0	0	0	0	0	0	0	0	0	1.11139513431e-05	0	0	0	0	0
0	2.22279026862e-05	0	0	0	0	0	0	0	0	0	0	0	0	0	0	0	0	0	0	0	0	0	0	0	0	0.000122253464774	0.000700178934617	0	0	0	0	0	0	0	0	0	0.0198828589528	0	0	0	0	0	0	0	0	0	0	0	0	0	0	0.00276737388444	0	0	0	0	0	0.00819098213988	0	0	0.00256732276026	0.0091245540527	0	0	0	0	0	0	0	0	0	0	0	0	0	0	0	1.11139513431e-05	0	0	0	0	0
0	0	0	0	0	0	0	0	0	0	0	0	0	0	0	0	0	0	0	0	0	0	0	0	0	0	0	0	0	0	0	0	0	0	0	0	0	0	0	0	0	0	0	0	0	0	0	0	0	0	0	0	0	0	0	0	0	0	0	0	0	0	0	0	0	0	0	0	0	0	0	0	0	0	0	0	0	0	0	0	0	0	0	0
0	0	0	0	0.00694621958945	1.11139513431e-05	0	0.00187825777699	2.22279026862e-05	0.000733520788646	0.00565700123365	0	1.11139513431e-05	0	1.11139513431e-05	0.000322304588951	2.22279026862e-05	0	0	0	0.000622381275215	0	1.11139513431e-05	0	0.00756860086467	0	0	0	0.0211720773086	0.000144481367461	5.55697567156e-05	0	2.22279026862e-05	0	0.00017782322149	0	0	0	0	0.039776831857	0.000311190637607	0	0	0	0.0206830634495	0.00879113551241	3.33418540294e-05	0.00191159963102	0	0	0.00144481367461	0	0	0	0	0.0251953276949	0	0.000155595318804	0	0.028762906076	0	2.22279026862e-05	0	0.0157484690532	0	0	0	0	0	3.33418540294e-05	0.00017782322149	0	0.000144481367461	0.000144481367461	0.00035564644298	4.44558053725e-05	0	0.000622381275215	0	3.33418540294e-05	0	0.000377874345666	0	0
0	0	0	0	0	0	0	0	0	1.11139513431e-05	0	0	4.44558053725e-05	0	0	0	0	0	0	0	0	0	0	0	0.000122253464774	0	0	0	0	0	0	0	0	0	0	0	0	0	0	0.000311190637607	0.00276737388444	0.000555697567156	0	0.00071129288596	0.00132256020983	0	0	0.00112250908566	0	0.000133367416117	0.00186714382564	0	0	0	0	0.000388988297009	0	0	0	0.00107805328028	0	0	0	1.11139513431e-05	0	0	0	0.000300076686264	0	0	0	0	0	0	0	0	0	0.000233392978206	0	1.11139513431e-05	0	0.00132256020983	0.00053346966447	0
0	0	0	0	0	0	0	0	0	0	0	0	0.000255620880892	0	0	0	0	0	0	0	0	0	0	0	1.11139513431e-05	0	0	0	1.11139513431e-05	0	0	0	0	0	1.11139513431e-05	0	0	0	0	0	0.000555697567156	0.0293630594485	0.00684619402736	0.012858841704	0	0.0187825777699	0.00156706713938	0.0070351312002	0	0.0035564644298	0.00278960178712	0	0	0.000544583615813	0	0.000433444102382	0	0	0	0	0	0.000155595318804	0	4.44558053725e-05	0.00388988297009	0	0	0.000911344010136	0	0.00151149738266	2.22279026862e-05	0	0	0	0	0	0	0.00133367416117	0	0.00153372528535	3.33418540294e-05	0.0028340575925	0.000155595318804	0
0	0	0	0	0	0	0	0	0	0	0	0	0	0	0	0	0	0	0	0	0	3.33418540294e-05	0	3.33418540294e-05	0	0	0	0	0	0	0	0	0	0	0	0.00720184047034	0	0	0	0	0	0.00684619402736	0.0676283939229	0.0107360769975	0	0.0215944074597	0.00311190637607	3.33418540294e-05	0	0.0234726652367	0.00053346966447	0	6.66837080587e-05	0.00235615768474	0.000300076686264	4.44558053725e-05	0.000866888204763	0	0.00138924391789	0.0109027862676	0	0.000133367416117	0	0.0342198561855	0.00424552941307	0.00664614290319	0	3.33418540294e-05	0	0.00487902463963	0	0	3.33418540294e-05	0	3.33418540294e-05	0	0	0.000100025562088	0	0.00560143147693	0.000222279026862	8.8911610745e-05	5.55697567156e-05	0
0	0	0	0	0	0	0	0	0.000211165075519	0	0	0	1.11139513431e-05	0	0.000155595318804	0	0	0	0	0	0	3.33418540294e-05	0	3.33418540294e-05	0	0	0	0	3.33418540294e-05	0.000188937172833	2.22279026862e-05	0	0.000155595318804	2.22279026862e-05	0.000188937172833	0.00124476255043	0	0	0	0	0.00071129288596	0.012858841704	0.0107360769975	0.0330417773431	1.11139513431e-05	0.0155706458317	0.00211165075519	0.0042010736077	5.55697567156e-05	0.0120475232559	0.0017004345555	0	3.33418540294e-05	0.000144481367461	4.44558053725e-05	0.0023450437334	0.000222279026862	0	0.000244506929549	0.00237838558743	0	3.33418540294e-05	0	0.00441223868322	0.0029896529113	0.000766862642675	0	0.00375651555397	0	0.00367871789457	0.000166709270147	0	5.55697567156e-05	7.77976594018e-05	3.33418540294e-05	6.66837080587e-05	0	0.00385654111606	0	0.00410104804561	0.00123364859909	0.00332307145159	0.00241172744146	0
0	0.000211165075519	1.11139513431e-05	0	0.00263400646832	0	0	0.00206719494982	0	0.00560143147693	0.00195605543639	1.11139513431e-05	6.66837080587e-05	0	0	0.000411216199695	0.00494570834769	0	0	0	0	3.33418540294e-05	0.00477899907754	2.22279026862e-05	0.0220945352701	0	5.55697567156e-05	0.000311190637607	0.0290740967136	0.000522355713127	0.000555697567156	0	0	0.000366760394323	0.00155595318804	0	0.00141147182058	0	0	0.0206830634495	0.00132256020983	0	0	1.11139513431e-05	0.0566922658013	0.00178934616624	3.33418540294e-05	0.00343421096502	0	0	0.00307856452204	3.33418540294e-05	3.33418540294e-05	5.55697567156e-05	4.44558053725e-05	0.0114584838348	0	0.0100025562088	0	0.0507351878813	3.33418540294e-05	2.22279026862e-05	0.00187825777699	0.0153039109995	1.11139513431e-05	0	0	1.11139513431e-05	0	0.000100025562088	0.00195605543639	1.11139513431e-05	0.000222279026862	1.11139513431e-05	0.000400102248352	0	0	0.00326750169488	0.000433444102382	0.000222279026862	0.000100025562088	0.000822432399391	0.000166709270147	0
0	0	0	0	0.000188937172833	1.11139513431e-05	2.22279026862e-05	0.0012892183558	0.000166709270147	0	0.00273403203041	1.11139513431e-05	6.66837080587e-05	0	6.66837080587e-05	1.11139513431e-05	6.66837080587e-05	0	1.11139513431e-05	0	0.000733520788646	0	0	0	0.000522355713127	0	0	0	0.00542360825544	0.00035564644298	6.66837080587e-05	0	0.000122253464774	0	0.000455672005068	1.11139513431e-05	0	0	0	0.00879113551241	0	0.0187825777699	0.0215944074597	0.0155706458317	0.00178934616624	0.0583704724541	0.00406770619158	0.00702401724885	0	0.0131255765362	0.000800204496705	0	1.11139513431e-05	0.0018560298743	0.00017782322149	0.0157929248586	0.000222279026862	0	0.000644609177901	0.00871333785301	0	0.000444558053725	0	0.00873556575569	0.00418995965636	0.00182268802027	0	0.000166709270147	0	0.00437889682919	0.000244506929549	0	0.000344532491637	0.000333418540294	1.11139513431e-05	0.000100025562088	0	0.00174489036087	1.11139513431e-05	0.0058237105038	0.000211165075519	0.000611267323872	0.000266734832235	0
0	0	0	0	8.8911610745e-05	0	0	1.11139513431e-05	0	0	0	0.00210053680385	0.000400102248352	0.0020116251931	0	0	0	0	0	0	0	0	0	0	0	0.00110028118297	0.00130033230715	0	6.66837080587e-05	0	0	0	0	0	0	0	0	0	0	3.33418540294e-05	0	0.00156706713938	0.00311190637607	0.00211165075519	3.33418540294e-05	0.00406770619158	0.032130433333	0.00376762950532	0.00418995965636	0.00188937172833	0	0	0	0.00806872867511	0.00217833446325	0.00316747613279	3.33418540294e-05	0	0	0.000689064983274	0.000122253464774	0.00384542716472	0	0.00356757838114	0.00440112473188	2.22279026862e-05	0.00137812996655	0.000233392978206	0	0.015126087778	1.11139513431e-05	0.000211165075519	0	0	0	0	4.44558053725e-05	0.00440112473188	0.0047678851262	0.0157706969559	0.00220056236594	0.000444558053725	0.000400102248352	0.00290074130055
0	0	0	0	0.000322304588951	1.11139513431e-05	1.11139513431e-05	5.55697567156e-05	0.000111139513431	0	1.11139513431e-05	0	0.00267846227369	0	6.66837080587e-05	0	1.11139513431e-05	0	0	0	0	0	0	0	0.000111139513431	0	0	0	0.000166709270147	0.000188937172833	2.22279026862e-05	0	6.66837080587e-05	0	0.000211165075519	0	0	0	0	0.00191159963102	0.00112250908566	0.0070351312002	3.33418540294e-05	0.0042010736077	0.00343421096502	0.00702401724885	0.00376762950532	0.0250841881814	0	0.00374540160263	0.00502350600709	0	0	0.00120030674506	0	0.00729075208109	0	0	0	0.00310079242473	0	0.000544583615813	0	0.000200051124176	0.00593485001723	0	0	0	0	0.00374540160263	0.000133367416117	0	0.000155595318804	0.000155595318804	1.11139513431e-05	3.33418540294e-05	0	0.000755748691332	1.11139513431e-05	0.00307856452204	2.22279026862e-05	0.00106693932894	7.77976594018e-05	0
0	0	0	0	0	0	0	0	0	0	0	0.00806872867511	0	0.00983584693866	0	0	0	0	0.00067795103193	0	0	0	0	0	0	0.00815764028585	0.0106582793381	0.000866888204763	0	0	0	0.000489013859097	0	0	0	0	5.55697567156e-05	0	0	0	0	0	0	5.55697567156e-05	0	0	0.00418995965636	0	0.0214388121409	0	0	0	0	0	0	0	0	0	0	0	0.00472342932083	0.00240061349011	0.00344532491637	0	4.44558053725e-05	0	0.00245618324683	0	0	0.000477899907754	0	0.000722406837303	0	0	0	0	0	4.44558053725e-05	0.00672394056259	0.00132256020983	6.66837080587e-05	0	0	0.00148926947998
0	0	0	0	0	0	0	0	0.000489013859097	0	0	0	1.11139513431e-05	0	0.000266734832235	0	0	0	0	0	0	3.33418540294e-05	0	3.33418540294e-05	0	0	0	0	1.11139513431e-05	0.00035564644298	2.22279026862e-05	0	0.000288962734921	1.11139513431e-05	0.000433444102382	0.00910232615002	0	0	0	0	0.000133367416117	0.0035564644298	0.0234726652367	0.0120475232559	0	0.0131255765362	0.00188937172833	0.00374540160263	0	0.0411105060182	0.000477899907754	0	6.66837080587e-05	5.55697567156e-05	4.44558053725e-05	0.00151149738266	0.000377874345666	0	0.00138924391789	0.00452337819665	0	0.000322304588951	0	0.00872445180435	0.0118474721318	0.00263400646832	0	0.000122253464774	0	0.00391211087278	0.000233392978206	0	4.44558053725e-05	0.000188937172833	3.33418540294e-05	0.00017782322149	0	0.00143369972326	0	0.00357869233248	0.000722406837303	0.00101136957222	0	0
0	0	0	0	0	0	0	0	0	4.44558053725e-05	0	0	0.000333418540294	0	0	0	0	0	0	0	0	0	0	0	0.000255620880892	0	0	0	1.11139513431e-05	0	0	0	0	0	0	0	0	0	0	0.00144481367461	0.00186714382564	0.00278960178712	0.00053346966447	0.0017004345555	0.00307856452204	0.000800204496705	0	0.00502350600709	0	0.000477899907754	0.00915789590673	0	0	0	0	0.00123364859909	0	0	0	0.00292296920324	0	0	0	3.33418540294e-05	0.000244506929549	0	0	7.77976594018e-05	0	0	0	0	0	0	0	0	0	0.000188937172833	0	1.11139513431e-05	0	0.00271180412772	0.000211165075519	0
0	1.11139513431e-05	0.00213387865788	0	0	0	0	0	0	0	0	0	0	0	0	0	0.00842437511809	0.000300076686264	0	2.22279026862e-05	0	0.00196716938773	0.010558253776	0.013214488147	0.000666837080587	0	3.33418540294e-05	0.016226368961	0.000655723129244	0	0	0	0	0	0.000344532491637	0	1.11139513431e-05	0	0	0	0	0	0	0	3.33418540294e-05	0	0	0	0	0	0	0.0358202651789	3.33418540294e-05	3.33418540294e-05	0.000255620880892	0	0.00108916723163	0.0252953532569	0.00088911610745	0.000600153372529	0	5.55697567156e-05	0.0120697511586	0.00127810440446	0	0	0	0	0	0	0.00224501817131	0.000122253464774	3.33418540294e-05	1.11139513431e-05	0	0	0	0.00504573390978	0.000155595318804	0.000277848783578	1.11139513431e-05	0	0	0
0	0.00160040899341	2.22279026862e-05	0	0	0	0	0	0	0	0	0	0	0	0	0	0	0.000188937172833	0	1.11139513431e-05	0	0	0	0	1.11139513431e-05	0	0.00403436433755	0.00763528457272	1.11139513431e-05	2.22279026862e-05	1.11139513431e-05	0	0	1.11139513431e-05	3.33418540294e-05	4.44558053725e-05	0	0.00276737388444	0	0	0	0	6.66837080587e-05	3.33418540294e-05	3.33418540294e-05	1.11139513431e-05	0	0	0	6.66837080587e-05	0	3.33418540294e-05	0.0269846738611	0	0.004923480445	0	1.11139513431e-05	0	0.00395656667815	7.77976594018e-05	0	0.00631272436289	0.00640163597364	0.000100025562088	0	1.11139513431e-05	0	0	0	0.00336752725697	4.44558053725e-05	1.11139513431e-05	0	0	0	0	0	0.00192271358236	0.001133623037	0.00225613212265	0.000133367416117	0	0	0
0	0	0	0	0	0	0	0	0	0	0	0	0.00017782322149	0	0	0	0	0	0	0	0	0	0	0	1.11139513431e-05	0	4.44558053725e-05	0	5.55697567156e-05	0	0	0	0	0	0	0	0	0	0	0	0	0.000544583615813	0.00235615768474	0.000144481367461	5.55697567156e-05	0.0018560298743	0.00806872867511	0.00120030674506	0	5.55697567156e-05	0	3.33418540294e-05	0	0.0105360258733	0.00125587650177	0.00106693932894	4.44558053725e-05	0	1.11139513431e-05	0.000655723129244	0	0.00143369972326	3.33418540294e-05	0.00285628549518	0.000722406837303	3.33418540294e-05	0.000366760394323	0	0	0.00430109916979	0	0	0	0	0	0	0	0.0030674505707	0.00151149738266	0.00856885648555	0.000833546350734	0.000211165075519	0	0
0	1.11139513431e-05	0	0	0	0	0	0	0	0	0	0	0	0	0	0	0	0.000366760394323	0	0.000100025562088	0	0	0	0	1.11139513431e-05	0	0.00437889682919	0.00320081798682	3.33418540294e-05	1.11139513431e-05	1.11139513431e-05	0	0	1.11139513431e-05	1.11139513431e-05	0	0	0	0	0	0	0	0.000300076686264	4.44558053725e-05	4.44558053725e-05	0.00017782322149	0.00217833446325	0	0	4.44558053725e-05	0	0.000255620880892	0.004923480445	0.00125587650177	0.0305077964369	0	6.66837080587e-05	0	7.77976594018e-05	0.000322304588951	0	0.010980583927	0.000444558053725	0.000622381275215	0	6.66837080587e-05	0	0	0	0.00863554019361	0	2.22279026862e-05	1.11139513431e-05	0	0	0	0	0.00903564244196	0.00463451771008	0.00831323560465	0.000466785956411	0	0	0
0	0	0	0	0.00457894795337	1.11139513431e-05	2.22279026862e-05	0.00158929504207	0.000166709270147	4.44558053725e-05	0.00694621958945	1.11139513431e-05	0.000444558053725	0	6.66837080587e-05	0.00017782322149	2.22279026862e-05	0	1.11139513431e-05	0	0.00110028118297	0	0	0	0.00447892239128	0	0	0	0.0138924391789	0.00035564644298	6.66837080587e-05	0	0.000122253464774	0	0.000433444102382	0	0	0	0	0.0251953276949	0.000388988297009	0.000433444102382	4.44558053725e-05	0.0023450437334	0.0114584838348	0.0157929248586	0.00316747613279	0.00729075208109	0	0.00151149738266	0.00123364859909	0	0	0.00106693932894	0	0.0362759371839	0	0	0	0.0207275192549	0	0.000577925469842	0	0.00956911210643	0.00252286695489	0	0	0	0	0.00318970403548	0.000277848783578	0	0.000344532491637	0.000333418540294	0.000188937172833	0.000100025562088	0	0.00107805328028	1.11139513431e-05	0.00263400646832	1.11139513431e-05	0.000866888204763	0	0
