0.02222813517	7.16376363674e-05	0.00131506232474	0	0.000179094090918	1.02339480525e-05	0.00126389258448	0.00560820353276	0.00998833329922	0.000915938350697	0.000951757168881	0.000301901467548	0.000506580428598	3.07018441574e-05	0.0096915488057	6.14036883149e-05	0.000158626194813	0.000706142415621	4.09357922099e-05	0.000455410688335	0.000562867142886	0.00125877561046	0.000562867142886	0.00164254866242	0.00135599811695	1.53509220787e-05	0.00084430071433	0.000465644636388	0.00225146857155	0.00975806946804	0.00490717809116	1.53509220787e-05	0.000102339480525	0.000849417688356	0.00364840248071	8.18715844198e-05	1.53509220787e-05	3.58188181837e-05	0	1.02339480525e-05	0	0.000102339480525	0.000363305155863	7.67546103936e-05	0.00055775016886	0.000138158298708	2.55848701312e-05	1.02339480525e-05	0	0.000168860142866	1.02339480525e-05	7.16376363674e-05	2.0467896105e-05	1.53509220787e-05	5.11697402624e-06	2.55848701312e-05	5.62867142886e-05	0.000143275272735	5.11697402624e-05	0.000654972675359	0	4.09357922099e-05	5.11697402624e-05	0.000399123974047	3.58188181837e-05	0.000112573428577	0	0	5.11697402624e-06	0.000179094090918	0.000808481896146	0.000281433571443	0.00243567963649	0.000608919909123	0.000148392246761	6.14036883149e-05	4.09357922099e-05	0.000107456454551	4.09357922099e-05	0.00016374316884	0.000158626194813	4.09357922099e-05	6.65206623411e-05	0
7.16376363674e-05	0.024955482326	0.00244591358454	0	5.11697402624e-06	0	5.11697402624e-06	3.58188181837e-05	6.14036883149e-05	0.00124342468838	1.53509220787e-05	0.00020467896105	0	0.000281433571443	8.69885584461e-05	5.11697402624e-06	0.000440059766257	0.000706142415621	1.02339480525e-05	0.000757312155883	5.11697402624e-06	0.000440059766257	0.00445688437685	0.000757312155883	0.00106433059746	0.00214912909102	0.00997298237714	0.0180066315983	0.000440059766257	0.000148392246761	0.000138158298708	4.09357922099e-05	5.11697402624e-06	2.55848701312e-05	0.000532165298729	2.55848701312e-05	0.0074298462861	0.000875002558487	0	5.11697402624e-06	5.11697402624e-06	2.55848701312e-05	8.18715844198e-05	4.09357922099e-05	7.16376363674e-05	2.0467896105e-05	0.00012280737663	1.53509220787e-05	0.000214912909102	4.09357922099e-05	0	0.00020467896105	0.000578218064965	6.14036883149e-05	0.000506580428598	5.11697402624e-06	6.65206623411e-05	0.00180629183126	0.000378656077942	0.000127924350656	0.000736844259779	0.00433407700023	0.00958920932517	6.14036883149e-05	2.0467896105e-05	4.09357922099e-05	2.0467896105e-05	0	5.11697402624e-06	0.000312135415601	0.000511697402624	0.000608919909123	0.000465644636388	0.00012280737663	3.07018441574e-05	0	4.09357922099e-05	0.000388890025994	0.000583335038991	0.000322369363653	8.18715844198e-05	2.0467896105e-05	1.53509220787e-05	5.11697402624e-06
0.00131506232474	0.00244591358454	0.0434584604049	0	1.53509220787e-05	0	0.00020467896105	0.00136111509098	0.00105409664941	0.000230263831181	9.21055324723e-05	0.000148392246761	5.11697402624e-05	5.62867142886e-05	0.000782897026015	1.53509220787e-05	0.000388890025994	0.00507603823403	1.02339480525e-05	0.00145322062345	5.11697402624e-05	0.00309576928588	0.00183187670139	0.0188560492867	0.000337720285732	7.16376363674e-05	0.00763452524715	0.0170088216632	0.0011308512598	0.000813598870172	0.00253801911701	3.07018441574e-05	2.0467896105e-05	0.000117690402604	0.00257895490922	3.58188181837e-05	0.0020467896105	0.00183187670139	0	5.11697402624e-06	0	3.58188181837e-05	0.000127924350656	5.11697402624e-05	0.000112573428577	1.02339480525e-05	3.07018441574e-05	1.02339480525e-05	1.53509220787e-05	5.11697402624e-05	5.11697402624e-06	0.00156579405203	0.000281433571443	1.53509220787e-05	8.18715844198e-05	5.11697402624e-06	0.000235380805207	0.00431872607815	0.00219006488323	0.000189328038971	4.09357922099e-05	0.000608919909123	0.0064934400393	0.000127924350656	1.53509220787e-05	0.000102339480525	5.11697402624e-06	0	5.11697402624e-06	0.000327486337679	0.00595104079252	0.00340278772745	0.00420103567554	0.00159137892216	0.000291667519496	8.18715844198e-05	8.69885584461e-05	0.000741961233805	0.000404240948073	0.000409357922099	0.000214912909102	3.58188181837e-05	5.11697402624e-05	5.11697402624e-06
0	0	0	0	0	0	0	0	0	0	0	0	0	0	0	0	0	0	0	0	0	0	0	0	0	0	0	0	0	0	0	0	0	0	0	0	0	0	0	0	0	0	0	0	0	0	0	0	0	0	0	0	0	0	0	0	0	0	0	0	0	0	0	0	0	0	0	0	0	0	0	0	0	0	0	0	0	0	0	0	0	0	0	0
0.000179094090918	5.11697402624e-06	1.53509220787e-05	0	0.0202376322738	5.11697402624e-06	0.00121783981825	0.000542399246781	0.000670323597437	0.000946640194854	0.00379679472747	9.72225064986e-05	0.00387866631189	0	0.000521931350676	0.000107456454551	1.53509220787e-05	0	2.55848701312e-05	3.07018441574e-05	0.00981947315635	5.11697402624e-06	4.60527662362e-05	1.53509220787e-05	0.00800294737704	0	8.18715844198e-05	2.0467896105e-05	0.008581165442	0.000511697402624	1.53509220787e-05	0	2.0467896105e-05	3.07018441574e-05	0.000731727285752	2.0467896105e-05	0	0	0	0.000885236506539	0	0.000117690402604	0.000276316597417	8.69885584461e-05	0.00172442024684	0.000813598870172	3.07018441574e-05	0.000271199623391	0	0.000112573428577	1.53509220787e-05	1.02339480525e-05	5.11697402624e-06	1.53509220787e-05	1.02339480525e-05	0.00068055754549	0	2.0467896105e-05	0	0.00200073684426	0	5.11697402624e-06	0	0.00118713797409	1.53509220787e-05	0	0	5.11697402624e-06	0	6.14036883149e-05	0.000225146857155	7.67546103936e-05	0.000685674519516	0.000194445012997	0.000276316597417	5.11697402624e-06	2.0467896105e-05	2.0467896105e-05	0	5.62867142886e-05	1.53509220787e-05	0.000143275272735	1.53509220787e-05	0
1.02339480525e-05	0	0	0	5.11697402624e-06	0.00462062754569	0.00179094090918	4.09357922099e-05	0.00131506232474	3.58188181837e-05	5.11697402624e-05	0.000153509220787	5.11697402624e-05	1.02339480525e-05	0.000670323597437	0.000849417688356	0	0	5.11697402624e-06	1.02339480525e-05	2.0467896105e-05	1.02339480525e-05	1.02339480525e-05	3.58188181837e-05	4.09357922099e-05	0	7.67546103936e-05	1.53509220787e-05	3.58188181837e-05	0.000936406246802	1.02339480525e-05	1.02339480525e-05	0.00163231471437	5.11697402624e-06	0.000915938350697	0	0	0	0	0	0	1.02339480525e-05	5.11697402624e-06	1.53509220787e-05	0	0	5.11697402624e-06	0	5.11697402624e-06	5.11697402624e-06	0	0	0	0	0	5.11697402624e-06	5.11697402624e-06	0	5.11697402624e-06	0	0	5.11697402624e-06	0	0	0	0	5.11697402624e-06	0	0	4.60527662362e-05	0.000117690402604	6.65206623411e-05	0.000342837259758	0.000117690402604	0.00116667007798	0.000307018441574	1.53509220787e-05	5.11697402624e-06	1.02339480525e-05	1.53509220787e-05	2.0467896105e-05	5.11697402624e-06	1.53509220787e-05	0
0.00126389258448	5.11697402624e-06	0.00020467896105	0	0.00121783981825	0.00179094090918	0.0359313916123	0.00340790470148	0.01169228565	0.000455410688335	0.0135753320916	0.000649855701332	0.0128384878318	7.16376363674e-05	0.00506068731195	0.00236404200012	1.02339480525e-05	8.18715844198e-05	6.14036883149e-05	0.000153509220787	0.0042112696236	0.000235380805207	6.65206623411e-05	0.000307018441574	0.00182164275334	2.55848701312e-05	0.000537282272755	0.000117690402604	0.00388378328592	0.00440571463659	0.000363305155863	4.09357922099e-05	0.00161696379229	5.11697402624e-05	0.0037251570911	6.14036883149e-05	5.11697402624e-06	5.11697402624e-06	0	7.16376363674e-05	5.11697402624e-06	9.21055324723e-05	0.000148392246761	0.000117690402604	0.00043494279223	0.000173977116892	2.55848701312e-05	0.000117690402604	0	8.69885584461e-05	5.11697402624e-06	1.53509220787e-05	0	1.53509220787e-05	5.11697402624e-06	0.000112573428577	2.0467896105e-05	3.07018441574e-05	3.07018441574e-05	0.000547516220808	5.11697402624e-06	1.53509220787e-05	1.02339480525e-05	0.000291667519496	3.07018441574e-05	2.55848701312e-05	0	5.11697402624e-06	0	0.000327486337679	0.000706142415621	0.000480995558467	0.00308553533782	0.000859651636408	0.0023793929222	0.000148392246761	9.72225064986e-05	7.67546103936e-05	4.09357922099e-05	0.000235380805207	0.000235380805207	5.62867142886e-05	7.16376363674e-05	3.07018441574e-05
0.00560820353276	3.58188181837e-05	0.00136111509098	0	0.000542399246781	4.09357922099e-05	0.00340790470148	0.0402859365086	0.00587940315615	0.00247149845467	0.00416521685736	0.000404240948073	0.00102339480525	3.58188181837e-05	0.00427779028594	0.000173977116892	0.000173977116892	0.000757312155883	6.14036883149e-05	0.000383773051968	0.000695908467569	0.00285015453262	0.000542399246781	0.00280410176638	0.00346930838979	5.11697402624e-06	0.000859651636408	0.000470761610414	0.0132120269358	0.00459504267556	0.00775733262378	2.55848701312e-05	9.21055324723e-05	0.00051681437665	0.0046615633379	0.000225146857155	0	2.55848701312e-05	0	0.000353071207811	1.53509220787e-05	0.000332603311706	0.00111038336369	0.000378656077942	0.00263524162351	0.00059868596107	3.58188181837e-05	8.69885584461e-05	5.11697402624e-06	0.000506580428598	5.11697402624e-06	7.67546103936e-05	5.11697402624e-06	1.53509220787e-05	5.11697402624e-06	0.000209795935076	6.65206623411e-05	0.000220029883128	0.000112573428577	0.00319299179237	5.11697402624e-06	5.11697402624e-05	9.21055324723e-05	0.00171418629879	0.000148392246761	0.000138158298708	0	0	3.07018441574e-05	0.000342837259758	0.00167836748061	0.00043494279223	0.00417545080541	0.00145322062345	0.000409357922099	0.000173977116892	6.65206623411e-05	0.000199561987023	9.72225064986e-05	0.000404240948073	0.00020467896105	0.000107456454551	0.000148392246761	1.53509220787e-05
0.00998833329922	6.14036883149e-05	0.00105409664941	0	0.000670323597437	0.00131506232474	0.01169228565	0.00587940315615	0.0434226415867	0.00076242912991	0.00454898990933	0.00130994535072	0.00313158810406	0.000179094090918	0.0236557709233	0.000777780051988	0.000117690402604	0.000332603311706	0.000112573428577	0.000506580428598	0.00276316597417	0.00116667007798	0.000276316597417	0.00141228483124	0.00180629183126	6.65206623411e-05	0.00142763575332	0.000455410688335	0.00322369363653	0.00943570010439	0.00244079661052	6.65206623411e-05	0.00226681949362	0.00020467896105	0.00644227029904	8.18715844198e-05	1.02339480525e-05	3.58188181837e-05	0	9.21055324723e-05	0	0.000179094090918	0.00039400700002	0.000220029883128	0.000731727285752	0.000250731727286	2.55848701312e-05	7.16376363674e-05	1.53509220787e-05	0.000235380805207	1.53509220787e-05	5.62867142886e-05	1.02339480525e-05	1.53509220787e-05	1.53509220787e-05	7.16376363674e-05	3.07018441574e-05	0.000102339480525	4.60527662362e-05	0.00101827783122	1.53509220787e-05	5.62867142886e-05	7.16376363674e-05	0.000567984116913	4.60527662362e-05	5.11697402624e-05	0	0	5.11697402624e-06	0.000511697402624	0.00160672984424	0.000875002558487	0.00533700390937	0.00155556010398	0.00120760587019	0.000173977116892	0.00016374316884	0.000127924350656	5.11697402624e-05	0.000440059766257	0.000388890025994	0.000112573428577	0.000127924350656	4.09357922099e-05
0.000915938350697	0.00124342468838	0.000230263831181	0	0.000946640194854	3.58188181837e-05	0.000455410688335	0.00247149845467	0.00076242912991	0.0245665923	0.000312135415601	7.67546103936e-05	0.00116667007798	3.07018441574e-05	0.000752195181857	0.000828949792251	0.000409357922099	9.72225064986e-05	1.02339480525e-05	5.62867142886e-05	0.00055775016886	0.000701025441595	0.00555191681847	0.000583335038991	0.0103618724031	0.00024561475326	0.00051681437665	0.00128947745461	0.00534212088339	0.00172953722087	0.00123830771435	1.02339480525e-05	4.60527662362e-05	0.000342837259758	0.00148903944164	0.000593568987044	2.55848701312e-05	5.62867142886e-05	0	0.000588452013018	1.53509220787e-05	0.000383773051968	0.00199561987023	0.000440059766257	0.00850441083161	0.000747078207831	0.000117690402604	0.000378656077942	1.53509220787e-05	0.000675440571464	4.60527662362e-05	0.000368422129889	4.60527662362e-05	6.14036883149e-05	5.11697402624e-05	0.000491229506519	0.000230263831181	0.00112061731175	0.000240497779233	0.00638086661072	2.55848701312e-05	6.14036883149e-05	0.000153509220787	0.00328509732485	0.000327486337679	0.000583335038991	0	1.02339480525e-05	4.60527662362e-05	0.000670323597437	0.0013252962728	0.000240497779233	0.00135599811695	0.000511697402624	0.00198026894815	5.11697402624e-05	1.53509220787e-05	0.000542399246781	0.000225146857155	0.000854534662382	0.000327486337679	0.000419591870152	0.000260965675338	2.0467896105e-05
0.000951757168881	1.53509220787e-05	9.21055324723e-05	0	0.00379679472747	5.11697402624e-05	0.0135753320916	0.00416521685736	0.00454898990933	0.000312135415601	0.038423357963	0.000562867142886	0.0133860040526	5.62867142886e-05	0.00353582905213	0.000209795935076	0	3.58188181837e-05	5.11697402624e-05	0.000189328038971	0.0128129029617	7.67546103936e-05	8.18715844198e-05	0.000173977116892	0.00205702355855	3.07018441574e-05	0.000542399246781	0.000133041324682	0.00568495814315	0.00306506744172	0.000138158298708	1.02339480525e-05	0.000148392246761	7.67546103936e-05	0.00430849213009	2.55848701312e-05	0	0	0	0.000184211064945	5.11697402624e-06	8.69885584461e-05	0.00020467896105	7.67546103936e-05	0.00051681437665	0.000342837259758	2.0467896105e-05	0.000127924350656	5.11697402624e-06	7.67546103936e-05	5.11697402624e-06	1.02339480525e-05	5.11697402624e-06	5.11697402624e-06	1.02339480525e-05	0.000260965675338	5.11697402624e-06	2.55848701312e-05	0	0.000813598870172	1.02339480525e-05	3.58188181837e-05	1.53509220787e-05	0.000480995558467	1.53509220787e-05	3.07018441574e-05	0	5.11697402624e-06	0	0.000173977116892	0.000936406246802	0.000527048324703	0.00383773051968	0.000915938350697	0.000358188181837	8.69885584461e-05	0.000102339480525	5.62867142886e-05	2.55848701312e-05	0.00016374316884	0.000173977116892	7.16376363674e-05	6.14036883149e-05	1.53509220787e-05
0.000301901467548	0.00020467896105	0.000148392246761	0	9.72225064986e-05	0.000153509220787	0.000649855701332	0.000404240948073	0.00130994535072	7.67546103936e-05	0.000562867142886	0.0252471498455	0.000654972675359	0.00634504779254	0.00371492314305	4.60527662362e-05	1.53509220787e-05	0.000173977116892	0.00238962687025	0.0027887508443	0.000506580428598	0.000102339480525	9.72225064986e-05	0.00024561475326	0.00024561475326	0.00162208076632	0.00866303702642	0.00161696379229	0.000317252389627	0.00513744192234	0.000143275272735	0.00205702355855	0.000670323597437	3.07018441574e-05	0.00960967722128	2.0467896105e-05	6.14036883149e-05	1.02339480525e-05	0	1.02339480525e-05	1.02339480525e-05	3.07018441574e-05	8.18715844198e-05	6.65206623411e-05	7.67546103936e-05	6.65206623411e-05	0.000772663077962	1.53509220787e-05	0.00127924350656	6.65206623411e-05	0	1.53509220787e-05	5.11697402624e-06	0.000107456454551	7.16376363674e-05	3.07018441574e-05	5.11697402624e-06	2.0467896105e-05	2.0467896105e-05	0.000117690402604	0.00117178705201	0.000726610311726	0.000373539103916	5.62867142886e-05	1.02339480525e-05	1.02339480525e-05	8.69885584461e-05	5.11697402624e-06	0	0.000184211064945	0.00068055754549	0.00429825818204	0.00548539615613	0.000532165298729	9.21055324723e-05	1.53509220787e-05	0.00110526638967	0.000127924350656	0.000875002558487	0.000230263831181	0.000107456454551	4.09357922099e-05	3.58188181837e-05	0.000312135415601
0.000506580428598	0	5.11697402624e-05	0	0.00387866631189	5.11697402624e-05	0.0128384878318	0.00102339480525	0.00313158810406	0.00116667007798	0.0133860040526	0.000654972675359	0.0399021634566	7.16376363674e-05	0.00322881061056	0.00186257854555	5.11697402624e-06	3.58188181837e-05	5.62867142886e-05	0.000168860142866	0.0174028286632	5.11697402624e-05	3.58188181837e-05	0.000102339480525	0.00312647113003	2.0467896105e-05	0.000511697402624	7.67546103936e-05	0.00259942280533	0.00279898479235	9.21055324723e-05	2.55848701312e-05	0.000153509220787	4.09357922099e-05	0.00416521685736	3.07018441574e-05	0	0	0	0.000127924350656	5.11697402624e-06	9.72225064986e-05	0.000102339480525	0.000127924350656	0.000388890025994	0.000255848701312	2.55848701312e-05	0.000731727285752	5.11697402624e-06	7.16376363674e-05	1.02339480525e-05	1.02339480525e-05	1.02339480525e-05	1.02339480525e-05	1.02339480525e-05	0.00024561475326	5.11697402624e-06	2.0467896105e-05	2.0467896105e-05	0.000501463454572	5.11697402624e-06	2.0467896105e-05	0	0.000291667519496	1.53509220787e-05	1.53509220787e-05	0	0	0	0.000301901467548	0.000752195181857	0.00055775016886	0.0037251570911	0.000915938350697	0.00224123462349	5.62867142886e-05	0.00012280737663	7.67546103936e-05	3.07018441574e-05	0.000240497779233	0.000225146857155	0.000158626194813	9.21055324723e-05	1.53509220787e-05
3.07018441574e-05	0.000281433571443	5.62867142886e-05	0	0	1.02339480525e-05	7.16376363674e-05	3.58188181837e-05	0.000179094090918	3.07018441574e-05	5.62867142886e-05	0.00634504779254	7.16376363674e-05	0.0142814745072	0.000460527662362	0	1.02339480525e-05	2.0467896105e-05	0.000214912909102	0.000158626194813	5.11697402624e-05	3.58188181837e-05	9.72225064986e-05	6.65206623411e-05	3.07018441574e-05	0.00329021429887	0.00396053789631	0.00386331538981	3.07018441574e-05	0.000670323597437	2.55848701312e-05	0.00320834271445	9.21055324723e-05	0	0.00109503244162	0	4.60527662362e-05	0	0	0	5.11697402624e-06	1.02339480525e-05	3.07018441574e-05	1.53509220787e-05	1.02339480525e-05	3.58188181837e-05	0.00112573428577	1.02339480525e-05	0.00246638148065	2.55848701312e-05	0	1.02339480525e-05	5.11697402624e-06	0.000235380805207	9.21055324723e-05	2.0467896105e-05	1.02339480525e-05	1.02339480525e-05	5.11697402624e-06	2.0467896105e-05	0.00207749145465	0.00151462431177	0.000808481896146	1.53509220787e-05	5.11697402624e-06	5.11697402624e-06	0.000271199623391	0	0	0.000138158298708	0.000214912909102	0.00220541580531	0.00120760587019	0.000117690402604	5.11697402624e-06	1.02339480525e-05	0.000486112532493	5.62867142886e-05	0.00148392246761	0.000148392246761	1.02339480525e-05	2.55848701312e-05	1.02339480525e-05	0.000332603311706
0.0096915488057	8.69885584461e-05	0.000782897026015	0	0.000521931350676	0.000670323597437	0.00506068731195	0.00427779028594	0.0236557709233	0.000752195181857	0.00353582905213	0.00371492314305	0.00322881061056	0.000460527662362	0.0428086047035	0.000373539103916	0.000112573428577	0.000373539103916	0.000440059766257	0.00126389258448	0.00266082649364	0.000798247948093	0.000347954233784	0.00105409664941	0.00162719774034	0.00016374316884	0.00335673496121	0.000869885584461	0.00238962687025	0.0199817835725	0.00208772540271	0.000194445012997	0.00286038848067	0.000491229506519	0.0137851280267	7.16376363674e-05	3.07018441574e-05	1.02339480525e-05	0	8.18715844198e-05	5.11697402624e-06	0.000133041324682	0.000383773051968	0.000184211064945	0.000608919909123	0.000158626194813	5.11697402624e-05	6.65206623411e-05	6.65206623411e-05	0.000214912909102	5.11697402624e-06	4.09357922099e-05	2.55848701312e-05	2.0467896105e-05	2.55848701312e-05	4.60527662362e-05	3.58188181837e-05	7.67546103936e-05	2.55848701312e-05	0.000849417688356	6.14036883149e-05	0.000127924350656	9.72225064986e-05	0.000491229506519	4.09357922099e-05	5.11697402624e-05	5.11697402624e-06	5.11697402624e-06	0	0.000532165298729	0.00194445012997	0.00162208076632	0.00880631229916	0.00180117485724	0.000813598870172	0.00016374316884	0.000271199623391	0.000168860142866	9.72225064986e-05	0.000460527662362	0.000450293714309	0.000127924350656	0.00012280737663	6.14036883149e-05
6.14036883149e-05	5.11697402624e-06	1.53509220787e-05	0	0.000107456454551	0.000849417688356	0.00236404200012	0.000173977116892	0.000777780051988	0.000828949792251	0.000209795935076	4.60527662362e-05	0.00186257854555	0	0.000373539103916	0.00590498802628	5.11697402624e-06	0	0	0	0.000260965675338	2.0467896105e-05	1.53509220787e-05	2.0467896105e-05	0.000286550545469	0	3.07018441574e-05	1.53509220787e-05	0.000189328038971	0.000250731727286	3.07018441574e-05	0	0.000179094090918	5.11697402624e-06	0.000214912909102	0	0	0	0	1.02339480525e-05	5.11697402624e-06	2.0467896105e-05	1.02339480525e-05	5.11697402624e-06	9.21055324723e-05	3.07018441574e-05	0	5.11697402624e-05	0	1.02339480525e-05	0	1.02339480525e-05	0	0	0	3.07018441574e-05	0	0	1.02339480525e-05	6.14036883149e-05	0	0	5.11697402624e-06	4.09357922099e-05	0	0	0	0	0	5.11697402624e-06	0.000189328038971	1.02339480525e-05	0.000148392246761	4.09357922099e-05	0.00356141392226	5.11697402624e-06	0	2.0467896105e-05	5.11697402624e-06	1.02339480525e-05	1.02339480525e-05	3.58188181837e-05	5.11697402624e-06	0
0.000158626194813	0.000440059766257	0.000388890025994	0	1.53509220787e-05	0	1.02339480525e-05	0.000173977116892	0.000117690402604	0.000409357922099	0	1.53509220787e-05	5.11697402624e-06	1.02339480525e-05	0.000112573428577	5.11697402624e-06	0.0166096976892	6.14036883149e-05	0	4.60527662362e-05	1.53509220787e-05	0.00406287737683	0.0055570337925	0.00573612788341	0.00236404200012	5.62867142886e-05	0.000230263831181	0.00198538592218	0.00429314120802	0.000276316597417	0.000491229506519	0	0	8.69885584461e-05	0.000716376363674	5.62867142886e-05	5.11697402624e-05	6.65206623411e-05	0	1.02339480525e-05	0	5.11697402624e-06	0.000153509220787	1.53509220787e-05	0.000133041324682	1.02339480525e-05	5.11697402624e-06	1.02339480525e-05	0	3.58188181837e-05	0	0.00438012976646	3.07018441574e-05	1.02339480525e-05	5.11697402624e-06	1.02339480525e-05	0.000332603311706	0.00268641136378	0.000956874142907	0.000404240948073	1.53509220787e-05	3.58188181837e-05	0.000869885584461	0.000271199623391	2.55848701312e-05	0.00024561475326	0	0	0	0.000189328038971	0.00175000511697	0.000491229506519	0.000716376363674	0.00043494279223	8.18715844198e-05	4.09357922099e-05	2.0467896105e-05	0.000521931350676	0.000214912909102	0.000250731727286	0.000153509220787	1.02339480525e-05	5.62867142886e-05	5.11697402624e-06
0.000706142415621	0.000706142415621	0.00507603823403	0	0	0	8.18715844198e-05	0.000757312155883	0.000332603311706	9.72225064986e-05	3.58188181837e-05	0.000173977116892	3.58188181837e-05	2.0467896105e-05	0.000373539103916	0	6.14036883149e-05	0.0222793049102	3.07018441574e-05	0.00536770575353	2.0467896105e-05	0.00212354422089	0.000286550545469	0.00932824364984	0.000127924350656	3.07018441574e-05	0.00625805923409	0.00570030906523	0.000486112532493	0.00120760587019	0.0030804183638	5.11697402624e-06	0	0.000179094090918	0.00385819841578	0	0.000220029883128	0.000143275272735	0	5.11697402624e-06	0	1.02339480525e-05	1.53509220787e-05	1.02339480525e-05	4.09357922099e-05	5.11697402624e-06	1.53509220787e-05	0	5.11697402624e-06	1.02339480525e-05	5.11697402624e-06	4.09357922099e-05	0.000102339480525	5.11697402624e-06	6.65206623411e-05	5.11697402624e-06	2.0467896105e-05	0.000127924350656	0.000102339480525	4.60527662362e-05	1.53509220787e-05	0.00051681437665	0.000665206623411	1.02339480525e-05	5.11697402624e-06	1.02339480525e-05	0	0	0	6.65206623411e-05	0.00159649589619	0.00160672984424	0.00274269807806	0.000880119532513	0.000133041324682	5.62867142886e-05	1.02339480525e-05	0.000117690402604	0.000158626194813	0.000102339480525	7.16376363674e-05	5.11697402624e-06	2.0467896105e-05	5.11697402624e-06
4.09357922099e-05	1.02339480525e-05	1.02339480525e-05	0	2.55848701312e-05	5.11697402624e-06	6.14036883149e-05	6.14036883149e-05	0.000112573428577	1.02339480525e-05	5.11697402624e-05	0.00238962687025	5.62867142886e-05	0.000214912909102	0.000440059766257	0	0	3.07018441574e-05	0.00446711832491	0.00187792946763	6.14036883149e-05	2.55848701312e-05	1.02339480525e-05	4.09357922099e-05	4.09357922099e-05	0.000127924350656	0.00258407188325	0.000440059766257	4.60527662362e-05	0.000588452013018	1.53509220787e-05	6.65206623411e-05	5.11697402624e-05	5.11697402624e-06	0.00121272284422	5.11697402624e-06	0	5.11697402624e-06	0	0	0	0	0	0	1.02339480525e-05	5.11697402624e-06	7.67546103936e-05	0	0.000102339480525	0	0	0	5.11697402624e-06	6.14036883149e-05	2.0467896105e-05	5.11697402624e-06	0	0	5.11697402624e-06	5.11697402624e-06	0.000138158298708	0.000250731727286	0.00012280737663	5.11697402624e-06	0	5.11697402624e-06	1.53509220787e-05	0	0	1.02339480525e-05	0.000148392246761	0.000399123974047	0.000583335038991	7.67546103936e-05	1.02339480525e-05	5.11697402624e-06	0	1.53509220787e-05	0.000102339480525	1.02339480525e-05	0	0	0	5.11697402624e-06
0.000455410688335	0.000757312155883	0.00145322062345	0	3.07018441574e-05	1.02339480525e-05	0.000153509220787	0.000383773051968	0.000506580428598	5.62867142886e-05	0.000189328038971	0.0027887508443	0.000168860142866	0.000158626194813	0.00126389258448	0	4.60527662362e-05	0.00536770575353	0.00187792946763	0.025344372352	0.000179094090918	0.000767546103936	0.00012280737663	0.00180117485724	0.000107456454551	0.000225146857155	0.0187741777023	0.00483042348077	0.000347954233784	0.00184722762347	0.00112061731175	7.16376363674e-05	6.65206623411e-05	0.000112573428577	0.00595104079252	1.02339480525e-05	0.000337720285732	7.16376363674e-05	0	5.11697402624e-06	0	5.11697402624e-06	1.53509220787e-05	3.07018441574e-05	5.11697402624e-05	1.02339480525e-05	0.000107456454551	0	0.000138158298708	4.09357922099e-05	0	1.53509220787e-05	0.000107456454551	0.00012280737663	0.000342837259758	5.11697402624e-06	3.58188181837e-05	1.53509220787e-05	6.14036883149e-05	3.58188181837e-05	0.000260965675338	0.00133553022085	0.000900587428618	1.53509220787e-05	1.02339480525e-05	2.55848701312e-05	3.07018441574e-05	0	0	0.000148392246761	0.00204167263647	0.00242544568844	0.00386843236384	0.000716376363674	4.60527662362e-05	2.55848701312e-05	3.58188181837e-05	0.00024561475326	0.000255848701312	0.000168860142866	8.18715844198e-05	5.11697402624e-06	1.53509220787e-05	0
0.000562867142886	5.11697402624e-06	5.11697402624e-05	0	0.00981947315635	2.0467896105e-05	0.0042112696236	0.000695908467569	0.00276316597417	0.00055775016886	0.0128129029617	0.000506580428598	0.0174028286632	5.11697402624e-05	0.00266082649364	0.000260965675338	1.53509220787e-05	2.0467896105e-05	6.14036883149e-05	0.000179094090918	0.0301850297808	2.55848701312e-05	7.67546103936e-05	9.72225064986e-05	0.00377632683137	2.0467896105e-05	0.000424708844178	0.000102339480525	0.00414986593528	0.00234357410402	5.62867142886e-05	2.55848701312e-05	9.72225064986e-05	3.58188181837e-05	0.00363305155863	5.11697402624e-05	0	0	0	0.000404240948073	5.11697402624e-06	0.000112573428577	0.000214912909102	0.000133041324682	0.000864768610435	0.000670323597437	2.0467896105e-05	0.00055775016886	0	0.000117690402604	1.02339480525e-05	2.55848701312e-05	5.11697402624e-06	1.53509220787e-05	1.02339480525e-05	0.000460527662362	1.02339480525e-05	3.58188181837e-05	5.11697402624e-06	0.00126389258448	0	2.55848701312e-05	5.11697402624e-06	0.000798247948093	1.02339480525e-05	2.0467896105e-05	0	0	0	0.000225146857155	0.000808481896146	0.000470761610414	0.00342325562355	0.000849417688356	0.000654972675359	5.11697402624e-05	0.000112573428577	3.07018441574e-05	1.53509220787e-05	0.000209795935076	0.000153509220787	0.000133041324682	6.14036883149e-05	1.02339480525e-05
0.00125877561046	0.000440059766257	0.00309576928588	0	5.11697402624e-06	1.02339480525e-05	0.000235380805207	0.00285015453262	0.00116667007798	0.000701025441595	7.67546103936e-05	0.000102339480525	5.11697402624e-05	3.58188181837e-05	0.000798247948093	2.0467896105e-05	0.00406287737683	0.00212354422089	2.55848701312e-05	0.000767546103936	2.55848701312e-05	0.0425988087684	0.00489694414311	0.0224635159752	0.00128436048059	7.16376363674e-05	0.00126900955851	0.00170906932476	0.0130175819228	0.00105921362343	0.0100343860655	1.02339480525e-05	2.55848701312e-05	0.000220029883128	0.00626829318214	0.000168860142866	4.09357922099e-05	9.72225064986e-05	0	1.02339480525e-05	0	3.58188181837e-05	0.000266082649364	5.11697402624e-05	0.000450293714309	4.09357922099e-05	2.55848701312e-05	0	1.02339480525e-05	0.000112573428577	0	0.00104386270135	5.62867142886e-05	1.53509220787e-05	1.53509220787e-05	1.53509220787e-05	0.000455410688335	0.00241521174039	0.000567984116913	0.000654972675359	1.53509220787e-05	9.72225064986e-05	0.000281433571443	0.000445176740283	0.000117690402604	0.000527048324703	0	0	3.07018441574e-05	0.000286550545469	0.00547004523405	0.00132017929877	0.00628876107825	0.00294737703911	0.000665206623411	0.000312135415601	5.62867142886e-05	0.000470761610414	0.000214912909102	0.000291667519496	0.000225146857155	7.67546103936e-05	6.65206623411e-05	1.53509220787e-05
0.000562867142886	0.00445688437685	0.00183187670139	0	4.60527662362e-05	1.02339480525e-05	6.65206623411e-05	0.000542399246781	0.000276316597417	0.00555191681847	8.18715844198e-05	9.72225064986e-05	3.58188181837e-05	9.72225064986e-05	0.000347954233784	1.53509220787e-05	0.0055570337925	0.000286550545469	1.02339480525e-05	0.00012280737663	7.67546103936e-05	0.00489694414311	0.0307530138977	0.00679534150685	0.00640645148085	0.00076242912991	0.00135088114293	0.00763452524715	0.00512720797429	0.00140205088319	0.00185746157153	2.0467896105e-05	5.11697402624e-06	0.000542399246781	0.00177558998711	0.000307018441574	0.000173977116892	0.00024561475326	0	5.11697402624e-05	0	4.09357922099e-05	0.000670323597437	9.72225064986e-05	0.001755122091	7.67546103936e-05	4.60527662362e-05	5.11697402624e-06	1.53509220787e-05	0.000189328038971	0	0.00467691425998	0.000143275272735	3.07018441574e-05	3.58188181837e-05	1.53509220787e-05	0.00117178705201	0.00981947315635	0.00244079661052	0.00159649589619	2.55848701312e-05	0.000107456454551	0.00190863131179	0.00114620218188	0.000250731727286	0.00127412653253	0	0	7.67546103936e-05	0.00055775016886	0.0020467896105	0.000777780051988	0.00135599811695	0.00059868596107	0.000158626194813	6.65206623411e-05	3.07018441574e-05	0.000813598870172	0.000460527662362	0.00051681437665	0.000271199623391	0.000107456454551	0.000127924350656	1.02339480525e-05
0.00164254866242	0.000757312155883	0.0188560492867	0	1.53509220787e-05	3.58188181837e-05	0.000307018441574	0.00280410176638	0.00141228483124	0.000583335038991	0.000173977116892	0.00024561475326	0.000102339480525	6.65206623411e-05	0.00105409664941	2.0467896105e-05	0.00573612788341	0.00932824364984	4.09357922099e-05	0.00180117485724	9.72225064986e-05	0.0224635159752	0.00679534150685	0.0712640972634	0.00136623206501	5.62867142886e-05	0.00376097590929	0.0112112900915	0.00643715332501	0.00142763575332	0.00625805923409	2.0467896105e-05	4.60527662362e-05	0.000225146857155	0.00791084184457	7.67546103936e-05	0.000194445012997	0.000383773051968	0	5.11697402624e-06	0	2.0467896105e-05	0.000235380805207	6.65206623411e-05	0.000332603311706	4.09357922099e-05	2.55848701312e-05	1.02339480525e-05	1.53509220787e-05	8.69885584461e-05	0	0.00441083161062	0.000112573428577	1.53509220787e-05	7.67546103936e-05	1.02339480525e-05	0.000695908467569	0.00719446548089	0.00295761098717	0.00055775016886	1.53509220787e-05	0.000220029883128	0.00239474384428	0.000342837259758	5.11697402624e-05	0.00047587858444	5.11697402624e-06	0	1.02339480525e-05	0.00051681437665	0.0134781095851	0.0048560083509	0.0115643612993	0.00559796958471	0.00133041324682	0.000567984116913	0.000158626194813	0.00122295679227	0.000363305155863	0.000654972675359	0.000496346480545	9.72225064986e-05	9.72225064986e-05	1.02339480525e-05
0.00135599811695	0.00106433059746	0.000337720285732	0	0.00800294737704	4.09357922099e-05	0.00182164275334	0.00346930838979	0.00180629183126	0.0103618724031	0.00205702355855	0.00024561475326	0.00312647113003	3.07018441574e-05	0.00162719774034	0.000286550545469	0.00236404200012	0.000127924350656	4.09357922099e-05	0.000107456454551	0.00377632683137	0.00128436048059	0.00640645148085	0.00136623206501	0.0457406308206	0.000225146857155	0.00055775016886	0.00152485825982	0.0190300264036	0.00301901467548	0.00205702355855	2.0467896105e-05	6.65206623411e-05	0.000660089649385	0.0034130216755	0.000209795935076	5.62867142886e-05	4.09357922099e-05	0	0.00123830771435	5.11697402624e-06	0.000404240948073	0.00143275272735	0.000440059766257	0.00550586405223	0.00123319074032	7.16376363674e-05	0.000399123974047	5.11697402624e-06	0.000491229506519	3.58188181837e-05	0.000220029883128	3.58188181837e-05	3.58188181837e-05	3.07018441574e-05	0.00076242912991	0.000143275272735	0.000527048324703	0.000143275272735	0.00621200646786	1.02339480525e-05	0.000102339480525	0.000127924350656	0.00287573940275	0.000168860142866	0.000276316597417	0	5.11697402624e-06	1.53509220787e-05	0.000537282272755	0.00244591358454	0.000532165298729	0.00287062242872	0.00105409664941	0.0010336287533	8.69885584461e-05	5.11697402624e-05	0.000358188181837	9.21055324723e-05	0.000588452013018	0.000286550545469	0.000322369363653	0.000189328038971	5.11697402624e-06
1.53509220787e-05	0.00214912909102	7.16376363674e-05	0	0	0	2.55848701312e-05	5.11697402624e-06	6.65206623411e-05	0.00024561475326	3.07018441574e-05	0.00162208076632	2.0467896105e-05	0.00329021429887	0.00016374316884	0	5.62867142886e-05	3.07018441574e-05	0.000127924350656	0.000225146857155	2.0467896105e-05	7.16376363674e-05	0.00076242912991	5.62867142886e-05	0.000225146857155	0.0108326340135	0.00360234971447	0.00497369875351	8.18715844198e-05	0.000189328038971	2.0467896105e-05	0.000619153857175	2.55848701312e-05	5.11697402624e-06	0.000373539103916	5.11697402624e-06	0.000654972675359	5.11697402624e-06	0	0	5.11697402624e-06	1.02339480525e-05	2.0467896105e-05	2.55848701312e-05	2.0467896105e-05	1.02339480525e-05	0.000665206623411	1.02339480525e-05	0.00172953722087	2.0467896105e-05	0	1.53509220787e-05	1.02339480525e-05	0.000378656077942	0.000255848701312	1.02339480525e-05	5.11697402624e-06	4.09357922099e-05	5.11697402624e-06	2.55848701312e-05	0.0029064412469	0.00242544568844	0.00155044312995	0	1.53509220787e-05	1.02339480525e-05	0.000250731727286	0	0	9.72225064986e-05	0.000148392246761	0.000486112532493	0.000404240948073	2.55848701312e-05	1.02339480525e-05	0	0.000301901467548	4.09357922099e-05	0.000654972675359	8.69885584461e-05	2.0467896105e-05	2.0467896105e-05	1.02339480525e-05	0.000117690402604
0.00084430071433	0.00997298237714	0.00763452524715	0	8.18715844198e-05	7.67546103936e-05	0.000537282272755	0.000859651636408	0.00142763575332	0.00051681437665	0.000542399246781	0.00866303702642	0.000511697402624	0.00396053789631	0.00335673496121	3.07018441574e-05	0.000230263831181	0.00625805923409	0.00258407188325	0.0187741777023	0.000424708844178	0.00126900955851	0.00135088114293	0.00376097590929	0.00055775016886	0.00360234971447	0.0866047853941	0.0322881061056	0.000808481896146	0.00447223529893	0.00149415641566	0.0016578995845	0.000353071207811	0.000189328038971	0.0117434553902	5.62867142886e-05	0.00463086149375	0.00051681437665	0	5.11697402624e-06	5.11697402624e-06	6.14036883149e-05	0.000143275272735	0.000107456454551	0.000158626194813	8.18715844198e-05	0.00145833759748	2.55848701312e-05	0.00198538592218	0.000148392246761	0	8.69885584461e-05	0.000951757168881	0.00126389258448	0.00233334015597	3.07018441574e-05	8.18715844198e-05	0.000214912909102	0.000317252389627	0.00020467896105	0.00402194158462	0.0117997421045	0.00956362445504	8.69885584461e-05	3.07018441574e-05	5.11697402624e-05	0.000399123974047	5.11697402624e-06	5.11697402624e-06	0.000767546103936	0.00542399246781	0.00757823853286	0.0089905233641	0.00171930327282	0.000112573428577	2.0467896105e-05	0.000143275272735	0.00080336492212	0.00242544568844	0.000788014000041	0.000240497779233	3.58188181837e-05	2.0467896105e-05	6.65206623411e-05
0.000465644636388	0.0180066315983	0.0170088216632	0	2.0467896105e-05	1.53509220787e-05	0.000117690402604	0.000470761610414	0.000455410688335	0.00128947745461	0.000133041324682	0.00161696379229	7.67546103936e-05	0.00386331538981	0.000869885584461	1.53509220787e-05	0.00198538592218	0.00570030906523	0.000440059766257	0.00483042348077	0.000102339480525	0.00170906932476	0.00763452524715	0.0112112900915	0.00152485825982	0.00497369875351	0.0322881061056	0.0860163333811	0.00129971140266	0.00123830771435	0.000921055324723	0.000915938350697	7.67546103936e-05	0.000127924350656	0.00482530650674	4.60527662362e-05	0.00669300202632	0.00170906932476	0	1.53509220787e-05	5.11697402624e-06	5.11697402624e-05	0.000168860142866	0.000102339480525	0.000148392246761	5.62867142886e-05	0.000701025441595	2.0467896105e-05	0.00117690402604	9.21055324723e-05	0	0.00191374828581	0.0007214933377	0.000654972675359	0.000951757168881	3.07018441574e-05	0.000230263831181	0.00461039359764	0.00212354422089	0.000220029883128	0.00287573940275	0.00631434594838	0.0130329328448	0.000138158298708	3.58188181837e-05	9.72225064986e-05	0.000179094090918	0	5.11697402624e-06	0.000506580428598	0.00754241971468	0.00558773563665	0.00532165298729	0.00160161287021	0.000260965675338	9.72225064986e-05	0.000107456454551	0.000961991116933	0.00148903944164	0.000552633194834	0.00020467896105	5.11697402624e-05	5.11697402624e-05	4.09357922099e-05
0.00225146857155	0.000440059766257	0.0011308512598	0	0.008581165442	3.58188181837e-05	0.00388378328592	0.0132120269358	0.00322369363653	0.00534212088339	0.00568495814315	0.000317252389627	0.00259942280533	3.07018441574e-05	0.00238962687025	0.000189328038971	0.00429314120802	0.000486112532493	4.60527662362e-05	0.000347954233784	0.00414986593528	0.0130175819228	0.00512720797429	0.00643715332501	0.0190300264036	8.18715844198e-05	0.000808481896146	0.00129971140266	0.0665411302372	0.00408334527294	0.00826391305238	1.02339480525e-05	0.000102339480525	0.000900587428618	0.00632457989643	0.000445176740283	4.09357922099e-05	7.16376363674e-05	0	0.00115643612993	5.11697402624e-06	0.000409357922099	0.001755122091	0.000424708844178	0.00538817364963	0.00143786970137	0.000117690402604	0.000286550545469	1.02339480525e-05	0.000603802935096	2.55848701312e-05	0.000701025441595	4.09357922099e-05	6.14036883149e-05	4.09357922099e-05	0.000711259389647	0.000347954233784	0.00180117485724	0.000378656077942	0.00605338027304	5.11697402624e-06	7.67546103936e-05	0.000199561987023	0.00344372351966	0.000260965675338	0.000583335038991	0	1.02339480525e-05	3.58188181837e-05	0.000675440571464	0.00480995558467	0.000890353480566	0.00573101090939	0.00236404200012	0.000890353480566	0.000230263831181	5.62867142886e-05	0.000532165298729	0.00024561475326	0.00080336492212	0.000347954233784	0.000225146857155	0.000230263831181	2.55848701312e-05
0.00975806946804	0.000148392246761	0.000813598870172	0	0.000511697402624	0.000936406246802	0.00440571463659	0.00459504267556	0.00943570010439	0.00172953722087	0.00306506744172	0.00513744192234	0.00279898479235	0.000670323597437	0.0199817835725	0.000250731727286	0.000276316597417	0.00120760587019	0.000588452013018	0.00184722762347	0.00234357410402	0.00105921362343	0.00140205088319	0.00142763575332	0.00301901467548	0.000189328038971	0.00447223529893	0.00123830771435	0.00408334527294	0.0529913830157	0.00791084184457	0.000266082649364	0.0034897762859	0.00697443559776	0.0251243424688	0.000117690402604	2.55848701312e-05	4.09357922099e-05	0	0.000107456454551	1.02339480525e-05	0.00020467896105	0.000562867142886	0.000332603311706	0.000982459013038	0.000214912909102	9.72225064986e-05	6.14036883149e-05	8.69885584461e-05	0.000327486337679	0	0.000112573428577	3.07018441574e-05	3.58188181837e-05	3.07018441574e-05	4.60527662362e-05	0.000112573428577	0.000296784493522	0.000102339480525	0.00122295679227	8.18715844198e-05	0.000127924350656	0.00012280737663	0.000706142415621	7.67546103936e-05	0.00016374316884	1.02339480525e-05	0	5.11697402624e-06	0.000772663077962	0.00301389770146	0.00219518185726	0.0123472583253	0.00297807888327	0.000936406246802	0.000271199623391	0.000383773051968	0.000260965675338	0.000143275272735	0.000644738727306	0.000614036883149	0.000209795935076	0.000209795935076	7.67546103936e-05
