0.0237695151386	1.74583291506e-05	0.0007070623306	0	0.000240052025821	4.80104051642e-05	0.00163671835787	0.00826651885281	0.0111471431627	0.000283697848697	0.0021211869918	0.000467010304779	0.000776895647202	6.54687343148e-05	0.0121204450128	2.61874937259e-05	0.00020513536752	0.000789989394065	6.54687343148e-05	0.0003535311653	0.00118280179995	0.00087291645753	9.16562280407e-05	0.00172401000362	0.000890374786681	8.7291645753e-06	0.000619770684847	0.000152760380068	0.00304211385449	0.0136698717249	0.010636487035	0	0.000292427013273	0.0013442913446	0.00431657188249	2.18229114383e-05	0	1.3093746863e-05	0	0.000144031215493	0	2.61874937259e-05	0.000187677038369	4.36458228765e-05	0.000733249824326	0.000165854126931	1.3093746863e-05	3.05520760136e-05	0	4.80104051642e-05	0	2.18229114383e-05	0	0	0	0.000187677038369	2.18229114383e-05	3.92812405889e-05	1.3093746863e-05	0.000907833115832	0	1.3093746863e-05	3.49166583012e-05	0.000366624912163	4.36458228765e-05	1.3093746863e-05	0	0	0	4.36458228765e-05	0.000405906152752	0.000139666633205	0.00165417668702	0.000493197798505	0.000135302050917	0.00022259369667	4.36458228765e-06	5.23749874518e-05	2.18229114383e-05	4.80104051642e-05	8.7291645753e-06	4.36458228765e-06	0	4.36458228765e-06
1.74583291506e-05	0.0243369108359	0.0024398014988	0	8.7291645753e-06	4.36458228765e-06	1.3093746863e-05	4.80104051642e-05	2.61874937259e-05	0.000663416507723	8.7291645753e-06	0.000165854126931	4.36458228765e-06	0.000187677038369	3.05520760136e-05	0	0.00154069754754	0.00124827053427	3.49166583012e-05	0.000536843621381	4.36458228765e-06	0.000187677038369	0.00421182190758	0.000899103951256	0.000619770684847	0.00193350995343	0.00598384231637	0.0189335579638	0.000366624912163	7.85624811777e-05	0.000122208304054	2.18229114383e-05	4.36458228765e-06	3.49166583012e-05	0.000615406102559	2.18229114383e-05	0.00904341450002	0.00324724922201	0	1.3093746863e-05	0	4.36458228765e-06	5.67395697395e-05	3.05520760136e-05	0.000292427013273	3.05520760136e-05	3.05520760136e-05	4.36458228765e-06	6.54687343148e-05	2.61874937259e-05	0	0.000226958278958	0.00149705172466	3.05520760136e-05	0.000418999899615	4.36458228765e-06	0.00014839579778	0.00118716638224	0.000824906052366	0.000266239519547	0.000226958278958	0.00209499949807	0.00966754976715	0.000135302050917	2.61874937259e-05	5.67395697395e-05	4.36458228765e-06	0	0	0.000178947873794	0.00110423931878	0.000720156077463	0.000663416507723	0.000174583291506	6.54687343148e-05	2.18229114383e-05	0	0.000488833216217	0.000995124761585	0.000231322861246	0.000100385392616	4.36458228765e-06	1.74583291506e-05	4.36458228765e-06
0.0007070623306	0.0024398014988	0.0384345116251	0	4.36458228765e-06	0	7.41978988901e-05	0.000829270634654	0.000445187393341	6.54687343148e-05	6.54687343148e-05	0.000440822811053	1.74583291506e-05	7.41978988901e-05	0.000484468633929	0	0.000510656127655	0.0101258309074	6.54687343148e-05	0.00149268714238	3.49166583012e-05	0.0019073224597	0.000624135267134	0.017100433403	0.000331708253862	8.29270634654e-05	0.00874662290445	0.0114439347582	0.000934020609558	0.000986395597009	0.00230013486559	8.7291645753e-06	1.74583291506e-05	0.000362260329875	0.00275405142351	2.61874937259e-05	0.00171091625676	0.00259692646115	0	4.36458228765e-06	0	4.36458228765e-06	0.000135302050917	1.74583291506e-05	0.00029679159556	3.92812405889e-05	3.92812405889e-05	1.74583291506e-05	4.36458228765e-06	3.49166583012e-05	0	0.00144031215493	0.00111296848335	2.61874937259e-05	0.000240052025821	8.7291645753e-06	0.00050192696308	0.00288498889214	0.00204698909291	0.000336072836149	2.61874937259e-05	0.000864187292955	0.00553865492303	0.000318614506999	2.61874937259e-05	0.000139666633205	4.36458228765e-06	0	0	0.000187677038369	0.00512838418799	0.00212555157409	0.0045959051489	0.00124390595198	0.000545572785957	0.000261874937259	3.05520760136e-05	0.000702697748312	0.000955843520996	0.000301156177848	0.00014839579778	1.3093746863e-05	4.36458228765e-06	0
0	0	0	0	0	0	0	0	0	0	0	0	0	0	0	0	0	0	0	0	0	0	0	0	0	0	0	0	0	0	0	0	0	0	0	0	0	0	0	0	0	0	0	0	0	0	0	0	0	0	0	0	0	0	0	0	0	0	0	0	0	0	0	0	0	0	0	0	0	0	0	0	0	0	0	0	0	0	0	0	0	0	0	0
0.000240052025821	8.7291645753e-06	4.36458228765e-06	0	0.020347682625	8.7291645753e-06	0.000899103951256	0.00160616628186	0.000484468633929	0.000772531064914	0.00199461410546	6.54687343148e-05	0.00311631175338	2.61874937259e-05	0.000445187393341	0.00020513536752	4.36458228765e-06	4.36458228765e-06	8.7291645753e-06	2.61874937259e-05	0.00465700930092	1.3093746863e-05	0	2.18229114383e-05	0.00676946712815	0	4.36458228765e-05	2.61874937259e-05	0.00818359178935	0.000698333166024	0.000117843721767	0	3.92812405889e-05	0.00022259369667	0.000602312355696	3.49166583012e-05	0	0	0	0.00686112335619	0	8.7291645753e-05	0.000113479139479	6.11041520271e-05	0.00210809324494	0.000907833115832	8.7291645753e-06	0.00117407263538	0	7.85624811777e-05	1.3093746863e-05	0	0	0	4.36458228765e-06	0.0050192696308	0	0	0	0.00236123901762	0	0	4.36458228765e-06	0.00118716638224	6.54687343148e-05	4.36458228765e-06	0	0	0	4.80104051642e-05	0.000122208304054	1.74583291506e-05	0.000292427013273	8.29270634654e-05	0.000327343671574	5.67395697395e-05	0	3.49166583012e-05	4.36458228765e-06	7.85624811777e-05	1.3093746863e-05	3.92812405889e-05	0	0
4.80104051642e-05	4.36458228765e-06	0	0	8.7291645753e-06	0.00474430094668	0.00251836397998	6.98333166024e-05	0.00177638499107	4.36458228765e-06	4.80104051642e-05	0.00013093746863	6.98333166024e-05	0.000144031215493	0.000606676937984	0.000702697748312	1.74583291506e-05	2.18229114383e-05	1.3093746863e-05	3.49166583012e-05	4.36458228765e-05	3.05520760136e-05	0	7.41978988901e-05	6.11041520271e-05	4.36458228765e-06	8.29270634654e-05	2.18229114383e-05	7.41978988901e-05	0.00072452065975	5.23749874518e-05	0	0.00252709314455	7.41978988901e-05	0.00159307253499	4.36458228765e-06	8.7291645753e-06	0	0	0	0	1.74583291506e-05	4.36458228765e-06	1.3093746863e-05	1.3093746863e-05	4.36458228765e-06	0	4.36458228765e-06	0	0	4.36458228765e-06	4.36458228765e-06	0	0	0	8.7291645753e-06	0	0	4.36458228765e-06	1.74583291506e-05	0	1.3093746863e-05	1.3093746863e-05	0	4.36458228765e-06	0	0	0	0	4.36458228765e-06	0.000257510354971	7.41978988901e-05	0.000497562380792	0.000462645722491	0.000541208203669	0.000977666432434	2.61874937259e-05	2.18229114383e-05	0	3.92812405889e-05	4.36458228765e-05	1.3093746863e-05	4.36458228765e-06	0
0.00163671835787	1.3093746863e-05	7.41978988901e-05	0	0.000899103951256	0.00251836397998	0.0438334999149	0.00542954036584	0.0202603909793	0.000235687443533	0.012958444812	0.000960208103283	0.0117014451132	0.000226958278958	0.00887756037308	0.00109114557191	5.67395697395e-05	0.000113479139479	0.000126572886342	0.000331708253862	0.00650759219089	0.000152760380068	2.61874937259e-05	0.000288062430985	0.000903468533544	1.3093746863e-05	0.000545572785957	0.000109114557191	0.00231322861246	0.00696587333109	0.000698333166024	8.7291645753e-06	0.00364442621019	0.000755072735764	0.00571323821454	8.7291645753e-06	8.7291645753e-06	4.36458228765e-06	0	0.000183312456081	0	1.74583291506e-05	5.67395697395e-05	3.05520760136e-05	0.000379718659026	0.000152760380068	0	8.7291645753e-06	1.3093746863e-05	1.74583291506e-05	4.36458228765e-06	8.7291645753e-06	0	0	0	0.000218229114383	8.7291645753e-06	1.74583291506e-05	8.7291645753e-06	0.000475739469354	0	2.61874937259e-05	1.3093746863e-05	0.000218229114383	1.74583291506e-05	4.36458228765e-06	0	0	4.36458228765e-06	8.7291645753e-06	0.00103004141989	0.000314249924711	0.00210372866265	0.000776895647202	0.00128318719257	0.00135738509146	2.61874937259e-05	5.67395697395e-05	8.7291645753e-06	4.36458228765e-05	4.36458228765e-05	8.7291645753e-06	4.36458228765e-06	0
0.00826651885281	4.80104051642e-05	0.000829270634654	0	0.00160616628186	6.98333166024e-05	0.00542954036584	0.0499177276239	0.00994251845127	0.00072452065975	0.0103004141989	0.00092965602727	0.000689604001449	0.000135302050917	0.0078475189532	6.98333166024e-05	0.000113479139479	0.000934020609558	0.000135302050917	0.00050192696308	0.00248344732167	0.00200334327003	7.41978988901e-05	0.00302902010763	0.00304647843678	3.05520760136e-05	0.000920926862695	0.000218229114383	0.019239078724	0.014263454916	0.0112344348084	0	0.000418999899615	0.00617588393703	0.00902159158858	5.23749874518e-05	3.49166583012e-05	2.61874937259e-05	0	0.00115661430623	0	0.000113479139479	0.000545572785957	0.000161489544643	0.00321233256371	0.000886010204393	1.74583291506e-05	0.000200770785232	1.74583291506e-05	0.000174583291506	4.36458228765e-06	3.92812405889e-05	0	4.36458228765e-06	4.36458228765e-06	0.00136611425604	5.23749874518e-05	6.11041520271e-05	4.80104051642e-05	0.00378845742568	4.36458228765e-06	2.18229114383e-05	6.98333166024e-05	0.00137047883832	0.000117843721767	3.92812405889e-05	4.36458228765e-06	0	1.74583291506e-05	0.000117843721767	0.00148832256009	0.000340437418437	0.00488396757988	0.00128318719257	0.000467010304779	0.000554301950532	1.3093746863e-05	0.000135302050917	3.05520760136e-05	0.000126572886342	3.49166583012e-05	5.23749874518e-05	0	0
0.0111471431627	2.61874937259e-05	0.000445187393341	0	0.000484468633929	0.00177638499107	0.0202603909793	0.00994251845127	0.0467010304779	0.000288062430985	0.00935329984244	0.000877281039818	0.00364879079248	0.000375354076738	0.0185582038871	0.000270604101834	0.000144031215493	0.000449551975628	9.60208103283e-05	0.000392812405889	0.00302902010763	0.000624135267134	8.7291645753e-05	0.00120462471139	0.00109114557191	2.61874937259e-05	0.000624135267134	0.000178947873794	0.00347857208326	0.0107761536682	0.00549937368244	8.7291645753e-06	0.00474430094668	0.00133992676231	0.0068218421156	3.05520760136e-05	1.74583291506e-05	8.7291645753e-06	0	0.000196406202944	0	2.61874937259e-05	0.000183312456081	6.98333166024e-05	0.000737614406613	0.000218229114383	1.3093746863e-05	2.18229114383e-05	1.3093746863e-05	6.54687343148e-05	0	2.18229114383e-05	0	4.36458228765e-06	0	0.000266239519547	2.61874937259e-05	4.36458228765e-05	1.74583291506e-05	0.000864187292955	0	1.74583291506e-05	3.05520760136e-05	0.000379718659026	5.67395697395e-05	2.18229114383e-05	0	0	4.36458228765e-06	4.36458228765e-05	0.00142721840806	0.000392812405889	0.00294609304417	0.00137484342061	0.00072452065975	0.00188113496598	5.23749874518e-05	6.54687343148e-05	1.3093746863e-05	0.000104749974904	7.41978988901e-05	1.3093746863e-05	4.36458228765e-06	0
0.000283697848697	0.000663416507723	6.54687343148e-05	0	0.000772531064914	4.36458228765e-06	0.000235687443533	0.00072452065975	0.000288062430985	0.0136393196489	0.000257510354971	5.67395697395e-05	0.000890374786681	0	0.000305520760136	0.000270604101834	0.000785624811777	5.23749874518e-05	1.74583291506e-05	5.67395697395e-05	0.000301156177848	0.000523749874518	0.00259256187887	0.000458281140203	0.00465700930092	0.000100385392616	0.000244416608109	0.00065032276086	0.00368807203307	0.00102131225531	0.000912197698119	0	2.18229114383e-05	0.000964572685571	0.00133119759773	0.000135302050917	2.61874937259e-05	2.18229114383e-05	0	0.00150141630695	4.36458228765e-06	6.98333166024e-05	0.000545572785957	0.000113479139479	0.00617588393703	0.000458281140203	3.05520760136e-05	0.000283697848697	8.7291645753e-06	0.000192041620657	3.92812405889e-05	0.000187677038369	3.49166583012e-05	1.74583291506e-05	3.05520760136e-05	0.00141848924349	0.00022259369667	0.00100385392616	9.16562280407e-05	0.00474430094668	4.36458228765e-06	1.74583291506e-05	5.67395697395e-05	0.00150578088924	0.000157124962355	0.000248781190396	0	4.36458228765e-06	8.7291645753e-06	0.000152760380068	0.000715791495175	6.98333166024e-05	0.000611041520271	0.000235687443533	0.00127445802799	7.85624811777e-05	4.36458228765e-06	0.000244416608109	0.000100385392616	0.000200770785232	5.23749874518e-05	5.67395697395e-05	4.36458228765e-06	0
0.0021211869918	8.7291645753e-06	6.54687343148e-05	0	0.00199461410546	4.80104051642e-05	0.012958444812	0.0103004141989	0.00935329984244	0.000257510354971	0.036946189065	0.000545572785957	0.0062195297599	5.23749874518e-05	0.00453043641458	0.00013093746863	2.61874937259e-05	7.85624811777e-05	6.54687343148e-05	0.000218229114383	0.00981594556493	8.29270634654e-05	8.7291645753e-06	0.000126572886342	0.000964572685571	1.3093746863e-05	0.000344802000725	4.80104051642e-05	0.00756818568679	0.00480104051642	0.000392812405889	4.36458228765e-06	0.00042772906419	0.000973301850146	0.0039935927932	8.7291645753e-06	4.36458228765e-06	4.36458228765e-06	0	0.000702697748312	0	4.80104051642e-05	0.000100385392616	3.49166583012e-05	0.00119153096453	0.000357895747587	0	0.000100385392616	4.36458228765e-06	3.05520760136e-05	8.7291645753e-06	0	0	0	0	0.000877281039818	8.7291645753e-06	1.3093746863e-05	1.3093746863e-05	0.00141848924349	4.36458228765e-06	4.36458228765e-06	1.3093746863e-05	0.000458281140203	2.18229114383e-05	2.18229114383e-05	0	0	0	1.3093746863e-05	0.000515020709943	0.000161489544643	0.00178074957336	0.000506291545368	0.000226958278958	0.000235687443533	2.18229114383e-05	3.92812405889e-05	8.7291645753e-06	1.74583291506e-05	0	8.7291645753e-06	0	4.36458228765e-06
0.000467010304779	0.000165854126931	0.000440822811053	0	6.54687343148e-05	0.00013093746863	0.000960208103283	0.00092965602727	0.000877281039818	5.67395697395e-05	0.000545572785957	0.0347551687566	0.000523749874518	0.00864623751184	0.00161053086414	3.92812405889e-05	9.16562280407e-05	0.00101694767302	0.00552556117617	0.00684802960933	0.000554301950532	0.000314249924711	5.23749874518e-05	0.00110423931878	0.000288062430985	0.00425983231275	0.0125001636718	0.00209499949807	0.000711426912887	0.00340437418437	0.000755072735764	0.00105622891361	0.000288062430985	0.00078126022949	0.0107150495162	8.7291645753e-06	0.000248781190396	3.05520760136e-05	0	3.05520760136e-05	0	8.7291645753e-06	3.05520760136e-05	1.74583291506e-05	0.000152760380068	1.74583291506e-05	0.000772531064914	4.36458228765e-06	0.00230449944788	3.49166583012e-05	0	2.61874937259e-05	3.92812405889e-05	0.000274968684122	0.000196406202944	2.61874937259e-05	2.18229114383e-05	4.80104051642e-05	2.61874937259e-05	0.000139666633205	0.000964572685571	0.00110860390106	0.000851093546092	9.60208103283e-05	3.92812405889e-05	8.7291645753e-06	0.000144031215493	0	8.7291645753e-06	7.41978988901e-05	0.00298973886704	0.00477485302269	0.00617151935474	0.0013792080029	0.000139666633205	0.000379718659026	0.000820541470079	0.00029679159556	0.00114352055936	0.00022259369667	3.49166583012e-05	8.7291645753e-06	4.36458228765e-06	0.000318614506999
0.000776895647202	4.36458228765e-06	1.74583291506e-05	0	0.00311631175338	6.98333166024e-05	0.0117014451132	0.000689604001449	0.00364879079248	0.000890374786681	0.0062195297599	0.000523749874518	0.0326732630054	9.16562280407e-05	0.00310758258881	0.00151014547153	1.74583291506e-05	5.67395697395e-05	0.000117843721767	0.000196406202944	0.0146606319042	5.23749874518e-05	1.3093746863e-05	8.7291645753e-05	0.00173710375049	0	0.000318614506999	5.23749874518e-05	0.00131373926858	0.00329089504489	0.000170218709218	4.36458228765e-06	0.000397176988176	0.000218229114383	0.00292863471501	1.74583291506e-05	0	8.7291645753e-06	0	0.000226958278958	4.36458228765e-06	0.000414635317327	3.49166583012e-05	0.000248781190396	0.000344802000725	0.000619770684847	3.49166583012e-05	0.00365751995705	1.3093746863e-05	0.000165854126931	0.000122208304054	4.36458228765e-06	0	4.36458228765e-06	8.7291645753e-06	0.00139666633205	8.7291645753e-06	8.7291645753e-06	0	0.000366624912163	0	2.61874937259e-05	4.36458228765e-06	0.00013093746863	9.16562280407e-05	8.7291645753e-06	4.36458228765e-06	4.36458228765e-06	0	0.000109114557191	0.000392812405889	0.000144031215493	0.000894739368969	0.000327343671574	0.00140539549662	0.000200770785232	1.74583291506e-05	3.49166583012e-05	1.3093746863e-05	0.00013093746863	3.05520760136e-05	0.000100385392616	0	4.36458228765e-06
6.54687343148e-05	0.000187677038369	7.41978988901e-05	0	2.61874937259e-05	0.000144031215493	0.000226958278958	0.000135302050917	0.000375354076738	0	5.23749874518e-05	0.00864623751184	9.16562280407e-05	0.0214606511084	0.000506291545368	8.7291645753e-06	3.49166583012e-05	0.000117843721767	0.000693968583737	0.000659051925435	9.16562280407e-05	8.7291645753e-05	3.49166583012e-05	0.000139666633205	5.23749874518e-05	0.0067869254573	0.00708371705286	0.00480540509871	0.000161489544643	0.000549937368244	0.000144031215493	0.00150578088924	0.000200770785232	0.000165854126931	0.00192914537114	4.36458228765e-06	0.000322979089286	1.74583291506e-05	0	4.36458228765e-06	0	2.18229114383e-05	2.18229114383e-05	3.49166583012e-05	2.61874937259e-05	1.3093746863e-05	0.000772531064914	0	0.00196406202944	2.18229114383e-05	4.36458228765e-06	4.36458228765e-06	1.74583291506e-05	0.00027933326641	0.000248781190396	2.18229114383e-05	1.3093746863e-05	1.3093746863e-05	1.74583291506e-05	3.92812405889e-05	0.000968937267859	0.00111733306564	0.000851093546092	2.18229114383e-05	3.05520760136e-05	8.7291645753e-06	0.000117843721767	4.36458228765e-06	0	9.16562280407e-05	0.000755072735764	0.00168909334532	0.00186804121912	0.00147522881323	5.23749874518e-05	0.000842364381517	0.000986395597009	0.000165854126931	0.00113479139479	0.000375354076738	0.000157124962355	2.18229114383e-05	8.7291645753e-06	0.000379718659026
0.0121204450128	3.05520760136e-05	0.000484468633929	0	0.000445187393341	0.000606676937984	0.00887756037308	0.0078475189532	0.0185582038871	0.000305520760136	0.00453043641458	0.00161053086414	0.00310758258881	0.000506291545368	0.0426245106212	0.000266239519547	0.000226958278958	0.000523749874518	0.000235687443533	0.00057612486197	0.00298973886704	0.000589218608833	8.7291645753e-05	0.00123954136969	0.00127445802799	5.23749874518e-05	0.00103004141989	0.000266239519547	0.00362260329875	0.0242889004308	0.00709681079972	2.18229114383e-05	0.00400232195778	0.00319050965227	0.0113391847833	3.05520760136e-05	2.61874937259e-05	1.3093746863e-05	0	0.000144031215493	0	5.23749874518e-05	0.000192041620657	8.7291645753e-05	0.000772531064914	0.00020513536752	4.36458228765e-06	3.49166583012e-05	4.36458228765e-06	6.11041520271e-05	4.36458228765e-06	3.92812405889e-05	0	4.36458228765e-06	4.36458228765e-06	0.000213864532095	3.49166583012e-05	6.98333166024e-05	2.61874937259e-05	0.000925291444982	8.7291645753e-06	3.92812405889e-05	6.54687343148e-05	0.000349166583012	5.23749874518e-05	3.49166583012e-05	4.36458228765e-06	0	0	7.41978988901e-05	0.00202080159918	0.000515020709943	0.00383210324856	0.00161926002872	0.000667781090011	0.00151014547153	8.7291645753e-05	7.85624811777e-05	3.05520760136e-05	0.000117843721767	6.11041520271e-05	1.74583291506e-05	4.36458228765e-06	4.36458228765e-06
2.61874937259e-05	0	0	0	0.00020513536752	0.000702697748312	0.00109114557191	6.98333166024e-05	0.000270604101834	0.000270604101834	0.00013093746863	3.92812405889e-05	0.00151014547153	8.7291645753e-06	0.000266239519547	0.0053728007961	2.18229114383e-05	1.3093746863e-05	4.36458228765e-06	3.05520760136e-05	0.000375354076738	4.80104051642e-05	3.05520760136e-05	5.23749874518e-05	0.000200770785232	4.36458228765e-06	3.49166583012e-05	8.7291645753e-06	0.000178947873794	0.000253145772684	4.80104051642e-05	0	0.000174583291506	6.98333166024e-05	0.0003535311653	0	0	0	0	7.85624811777e-05	0	4.36458228765e-06	1.3093746863e-05	4.36458228765e-06	0.000113479139479	3.05520760136e-05	0	4.36458228765e-06	0	0	0	0	0	0	0	7.41978988901e-05	4.36458228765e-06	8.7291645753e-06	1.74583291506e-05	0.000104749974904	0	0	0	3.05520760136e-05	0	8.7291645753e-06	0	0	0	0	0.000314249924711	1.3093746863e-05	0.000240052025821	0.000161489544643	0.00349166583012	4.36458228765e-05	4.36458228765e-06	1.3093746863e-05	4.36458228765e-06	8.7291645753e-06	8.7291645753e-06	0	0	0
0.00020513536752	0.00154069754754	0.000510656127655	0	4.36458228765e-06	1.74583291506e-05	5.67395697395e-05	0.000113479139479	0.000144031215493	0.000785624811777	2.61874937259e-05	9.16562280407e-05	1.74583291506e-05	3.49166583012e-05	0.000226958278958	2.18229114383e-05	0.0204567971822	0.000283697848697	2.18229114383e-05	0.000196406202944	1.3093746863e-05	0.00400232195778	0.00642466512742	0.00674327963442	0.00915689363949	0.000135302050917	0.00042772906419	0.00349166583012	0.00398049904634	0.00072452065975	0.00087291645753	0	1.3093746863e-05	0.000794353976353	0.00228267653644	7.41978988901e-05	0.000157124962355	0.00013093746863	0	1.74583291506e-05	0	1.74583291506e-05	0.00020513536752	9.16562280407e-05	0.0017327391682	7.41978988901e-05	1.74583291506e-05	8.7291645753e-06	4.36458228765e-06	0.000109114557191	0	0.00272786392978	6.11041520271e-05	4.36458228765e-06	1.74583291506e-05	1.3093746863e-05	0.000789989394065	0.00335199919692	0.00027933326641	0.0014141246612	4.36458228765e-06	4.36458228765e-05	0.000519385292231	0.0015537912944	5.67395697395e-05	0.000366624912163	0	0	4.36458228765e-06	0.000113479139479	0.00211682240951	0.000401541570464	0.00164544752244	0.00078126022949	0.000266239519547	0.000144031215493	4.36458228765e-06	0.000467010304779	0.000253145772684	0.00014839579778	8.29270634654e-05	1.3093746863e-05	8.7291645753e-06	1.3093746863e-05
0.000789989394065	0.00124827053427	0.0101258309074	0	4.36458228765e-06	2.18229114383e-05	0.000113479139479	0.000934020609558	0.000449551975628	5.23749874518e-05	7.85624811777e-05	0.00101694767302	5.67395697395e-05	0.000117843721767	0.000523749874518	1.3093746863e-05	0.000283697848697	0.0341746793123	0.000144031215493	0.00697896707796	6.54687343148e-05	0.00317741590541	0.000288062430985	0.014429309043	0.000244416608109	0.000174583291506	0.010060362173	0.00538152996068	0.000925291444982	0.00124390595198	0.0046308218072	4.36458228765e-06	3.92812405889e-05	0.000331708253862	0.00683930044475	4.36458228765e-06	0.000881645622106	0.00100821850845	0	8.7291645753e-06	0	4.36458228765e-06	3.92812405889e-05	1.74583291506e-05	0.000161489544643	1.3093746863e-05	2.18229114383e-05	8.7291645753e-06	2.18229114383e-05	2.18229114383e-05	0	0.000244416608109	0.000532479039094	2.18229114383e-05	0.000200770785232	4.36458228765e-06	0.000170218709218	0.000558666532819	0.000571760279682	0.000157124962355	3.92812405889e-05	0.000667781090011	0.00204698909291	0.000139666633205	8.7291645753e-06	5.23749874518e-05	1.3093746863e-05	0	0	7.85624811777e-05	0.00339564501979	0.00212991615637	0.00461336347805	0.00128755177486	0.000327343671574	0.000244416608109	3.49166583012e-05	0.00029679159556	0.000401541570464	0.000135302050917	7.85624811777e-05	4.36458228765e-06	0	0
6.54687343148e-05	3.49166583012e-05	6.54687343148e-05	0	8.7291645753e-06	1.3093746863e-05	0.000126572886342	0.000135302050917	9.60208103283e-05	1.74583291506e-05	6.54687343148e-05	0.00552556117617	0.000117843721767	0.000693968583737	0.000235687443533	4.36458228765e-06	2.18229114383e-05	0.000144031215493	0.00958898728597	0.00415508233784	9.60208103283e-05	7.41978988901e-05	8.7291645753e-06	0.000178947873794	4.80104051642e-05	0.000711426912887	0.00556484241676	0.000405906152752	0.000100385392616	0.000541208203669	8.29270634654e-05	3.49166583012e-05	4.80104051642e-05	9.60208103283e-05	0.00150141630695	0	7.85624811777e-05	4.36458228765e-06	0	0	0	0	4.36458228765e-06	0	1.74583291506e-05	4.36458228765e-06	0.000183312456081	0	0.000475739469354	0	0	0	1.3093746863e-05	0.000170218709218	0.000144031215493	4.36458228765e-06	4.36458228765e-06	0	0	1.74583291506e-05	0.000288062430985	0.000654687343148	0.000423364481902	1.3093746863e-05	0	0	6.11041520271e-05	0	0	4.36458228765e-06	0.000641593596285	0.00106932266047	0.00105186433132	0.000327343671574	8.7291645753e-06	7.41978988901e-05	3.05520760136e-05	8.7291645753e-05	0.000178947873794	3.49166583012e-05	2.18229114383e-05	0	0	1.74583291506e-05
0.0003535311653	0.000536843621381	0.00149268714238	0	2.61874937259e-05	3.49166583012e-05	0.000331708253862	0.00050192696308	0.000392812405889	5.67395697395e-05	0.000218229114383	0.00684802960933	0.000196406202944	0.000659051925435	0.00057612486197	3.05520760136e-05	0.000196406202944	0.00697896707796	0.00415508233784	0.0273179205384	0.000196406202944	0.000680874836874	0.000104749974904	0.00211682240951	0.000240052025821	0.000803083140928	0.016114037806	0.0032865304626	0.000541208203669	0.00140103091434	0.00125699969884	6.98333166024e-05	7.41978988901e-05	0.000440822811053	0.00788680019379	8.7291645753e-06	0.000768166482627	0.000187677038369	0	8.7291645753e-06	0	0	2.18229114383e-05	1.3093746863e-05	8.29270634654e-05	1.3093746863e-05	0.000183312456081	4.36458228765e-06	0.000292427013273	1.3093746863e-05	0	4.80104051642e-05	0.000183312456081	0.000152760380068	0.000318614506999	1.3093746863e-05	3.92812405889e-05	9.16562280407e-05	8.7291645753e-05	0.000100385392616	0.000340437418437	0.00113915597708	0.00118716638224	6.11041520271e-05	1.3093746863e-05	1.74583291506e-05	5.23749874518e-05	0	4.36458228765e-06	6.54687343148e-05	0.00401978028693	0.00326034296888	0.00502799879538	0.00122208304054	9.60208103283e-05	0.000253145772684	9.60208103283e-05	0.000366624912163	0.000226958278958	0.000104749974904	3.49166583012e-05	0	0	1.3093746863e-05
0.00118280179995	4.36458228765e-06	3.49166583012e-05	0	0.00465700930092	4.36458228765e-05	0.00650759219089	0.00248344732167	0.00302902010763	0.000301156177848	0.00981594556493	0.000554301950532	0.0146606319042	9.16562280407e-05	0.00298973886704	0.000375354076738	1.3093746863e-05	6.54687343148e-05	9.60208103283e-05	0.000196406202944	0.0250527023311	6.11041520271e-05	8.7291645753e-06	0.000113479139479	0.00151014547153	8.7291645753e-06	0.000336072836149	3.49166583012e-05	0.00504545712453	0.00385392616	0.000248781190396	4.36458228765e-06	0.000261874937259	0.000484468633929	0.00355713456444	8.7291645753e-06	4.36458228765e-06	8.7291645753e-06	0	0.000750708153476	0	4.36458228765e-05	6.54687343148e-05	2.61874937259e-05	0.000986395597009	0.000344802000725	4.36458228765e-06	0.000117843721767	0	2.18229114383e-05	0	0	0	0	4.36458228765e-06	0.000789989394065	8.7291645753e-06	4.36458228765e-06	1.3093746863e-05	0.00121335387597	0	1.74583291506e-05	8.7291645753e-06	0.000418999899615	1.74583291506e-05	4.36458228765e-06	0	0	0	1.3093746863e-05	0.000379718659026	0.00013093746863	0.0013093746863	0.000344802000725	0.000519385292231	0.000178947873794	8.7291645753e-06	1.74583291506e-05	4.36458228765e-06	2.18229114383e-05	4.36458228765e-06	0	0	0
0.00087291645753	0.000187677038369	0.0019073224597	0	1.3093746863e-05	3.05520760136e-05	0.000152760380068	0.00200334327003	0.000624135267134	0.000523749874518	8.29270634654e-05	0.000314249924711	5.23749874518e-05	8.7291645753e-05	0.000589218608833	4.80104051642e-05	0.00400232195778	0.00317741590541	7.41978988901e-05	0.000680874836874	6.11041520271e-05	0.0512969356268	0.00168036418075	0.0318963673582	0.00209499949807	3.49166583012e-05	0.00115661430623	0.00169345792761	0.0071404566226	0.00153196838297	0.0107019557693	4.36458228765e-06	4.80104051642e-05	0.000750708153476	0.00780823771261	9.16562280407e-05	7.85624811777e-05	0.000135302050917	0	1.74583291506e-05	0	4.80104051642e-05	0.00022259369667	7.85624811777e-05	0.00184621830768	0.000113479139479	1.74583291506e-05	2.61874937259e-05	4.36458228765e-06	0.00014839579778	0	0.000973301850146	7.41978988901e-05	4.36458228765e-06	3.05520760136e-05	3.92812405889e-05	0.00085545812838	0.0030028326139	0.000414635317327	0.00111733306564	0	4.36458228765e-05	0.000283697848697	0.00144467673721	0.000117843721767	0.000410270735039	0	0	8.7291645753e-06	0.000165854126931	0.00340873876666	0.000680874836874	0.00684366502704	0.00269294727148	0.0010256768376	0.000584854026545	1.74583291506e-05	0.000432093646478	0.000209499949807	0.000209499949807	0.000135302050917	8.7291645753e-06	0	8.7291645753e-06
9.16562280407e-05	0.00421182190758	0.000624135267134	0	0	0	2.61874937259e-05	7.41978988901e-05	8.7291645753e-05	0.00259256187887	8.7291645753e-06	5.23749874518e-05	1.3093746863e-05	3.49166583012e-05	8.7291645753e-05	3.05520760136e-05	0.00642466512742	0.000288062430985	8.7291645753e-06	0.000104749974904	8.7291645753e-06	0.00168036418075	0.0197890160922	0.00497562380792	0.00326034296888	0.000440822811053	0.000741978988901	0.00731067533182	0.00137047883832	0.000375354076738	0.000453916557916	0	4.36458228765e-06	0.000384083241313	0.00116097888852	5.23749874518e-05	0.000274968684122	0.000187677038369	0	2.18229114383e-05	0	1.74583291506e-05	0.000270604101834	3.49166583012e-05	0.00217356197925	6.98333166024e-05	1.3093746863e-05	1.3093746863e-05	4.36458228765e-06	7.41978988901e-05	4.36458228765e-06	0.00344802000725	9.60208103283e-05	4.36458228765e-06	1.74583291506e-05	2.18229114383e-05	0.000829270634654	0.00631991515252	0.000807447723216	0.00152323921839	0	6.54687343148e-05	0.00126572886342	0.00116097888852	6.54687343148e-05	0.000388447823601	0	0	0	0.000126572886342	0.0010256768376	0.000288062430985	0.00072452065975	0.000305520760136	0.000192041620657	4.80104051642e-05	0	0.00042772906419	0.00020513536752	0.000126572886342	6.54687343148e-05	1.74583291506e-05	8.7291645753e-06	4.36458228765e-06
0.00172401000362	0.000899103951256	0.017100433403	0	2.18229114383e-05	7.41978988901e-05	0.000288062430985	0.00302902010763	0.00120462471139	0.000458281140203	0.000126572886342	0.00110423931878	8.7291645753e-05	0.000139666633205	0.00123954136969	5.23749874518e-05	0.00674327963442	0.014429309043	0.000178947873794	0.00211682240951	0.000113479139479	0.0318963673582	0.00497562380792	0.0870297708158	0.0025096348154	7.41978988901e-05	0.00413325942641	0.0122033720763	0.00541644661898	0.00270167643606	0.00911761239891	8.7291645753e-06	7.41978988901e-05	0.0010605934959	0.0113129972896	8.7291645753e-05	0.000523749874518	0.000785624811777	0	1.3093746863e-05	0	3.49166583012e-05	0.000349166583012	9.16562280407e-05	0.00163671835787	0.00014839579778	3.92812405889e-05	3.49166583012e-05	8.7291645753e-06	0.00014839579778	0	0.0047006551238	0.000344802000725	2.18229114383e-05	9.16562280407e-05	4.80104051642e-05	0.00165854126931	0.00928783110812	0.00264493686632	0.0014839579778	2.61874937259e-05	0.000253145772684	0.00273222851207	0.00178947873794	0.000100385392616	0.00072452065975	4.36458228765e-06	0	8.7291645753e-06	0.000336072836149	0.011243163973	0.00308575967737	0.0151494651204	0.00582235277173	0.00287189514528	0.00137484342061	7.85624811777e-05	0.00116970805309	0.000541208203669	0.000458281140203	0.000274968684122	2.18229114383e-05	8.7291645753e-06	1.3093746863e-05
0.000890374786681	0.000619770684847	0.000331708253862	0	0.00676946712815	6.11041520271e-05	0.000903468533544	0.00304647843678	0.00109114557191	0.00465700930092	0.000964572685571	0.000288062430985	0.00173710375049	5.23749874518e-05	0.00127445802799	0.000200770785232	0.00915689363949	0.000244416608109	4.80104051642e-05	0.000240052025821	0.00151014547153	0.00209499949807	0.00326034296888	0.0025096348154	0.039298698918	7.41978988901e-05	0.000462645722491	0.00143158299035	0.0166334230982	0.00393248864117	0.00256637438514	0	0.000117843721767	0.00317741590541	0.00592710274663	0.000196406202944	8.29270634654e-05	9.16562280407e-05	0	0.00149705172466	0	0.00022259369667	0.00119589554682	0.000322979089286	0.00715791495175	0.00104749974904	5.67395697395e-05	0.000414635317327	4.36458228765e-06	0.000362260329875	4.36458228765e-05	0.000362260329875	5.67395697395e-05	1.74583291506e-05	3.92812405889e-05	0.00159307253499	0.00042772906419	0.00144467673721	0.000157124962355	0.0085196646255	8.7291645753e-06	5.23749874518e-05	0.000209499949807	0.00262747853717	0.000248781190396	0.000340437418437	0	0	1.3093746863e-05	0.000261874937259	0.00245289524566	0.000392812405889	0.00295045762645	0.0012002601291	0.000859822710667	0.000423364481902	2.61874937259e-05	0.000379718659026	0.000117843721767	0.000318614506999	9.16562280407e-05	0.000100385392616	4.36458228765e-06	4.36458228765e-06
8.7291645753e-06	0.00193350995343	8.29270634654e-05	0	0	4.36458228765e-06	1.3093746863e-05	3.05520760136e-05	2.61874937259e-05	0.000100385392616	1.3093746863e-05	0.00425983231275	0	0.0067869254573	5.23749874518e-05	4.36458228765e-06	0.000135302050917	0.000174583291506	0.000711426912887	0.000803083140928	8.7291645753e-06	3.49166583012e-05	0.000440822811053	7.41978988901e-05	7.41978988901e-05	0.0161620482112	0.00733686282554	0.00471811345295	5.67395697395e-05	9.60208103283e-05	2.61874937259e-05	0.000475739469354	1.74583291506e-05	1.3093746863e-05	0.000349166583012	0	0.00218665572611	5.23749874518e-05	0	0	0	0	4.36458228765e-06	1.3093746863e-05	1.3093746863e-05	8.7291645753e-06	0.000947114356421	4.36458228765e-06	0.00264493686632	2.18229114383e-05	0	0	7.41978988901e-05	0.000384083241313	0.000436458228765	4.36458228765e-06	1.3093746863e-05	1.3093746863e-05	3.05520760136e-05	1.74583291506e-05	0.0022259369667	0.00217356197925	0.00236123901762	1.74583291506e-05	3.05520760136e-05	0	0.000192041620657	8.7291645753e-06	0	0.000122208304054	0.000218229114383	0.000515020709943	0.000292427013273	7.85624811777e-05	2.61874937259e-05	2.61874937259e-05	0.000113479139479	0.000117843721767	0.00103440600217	0.000357895747587	6.11041520271e-05	4.36458228765e-06	8.7291645753e-06	0.000397176988176
0.000619770684847	0.00598384231637	0.00874662290445	0	4.36458228765e-05	8.29270634654e-05	0.000545572785957	0.000920926862695	0.000624135267134	0.000244416608109	0.000344802000725	0.0125001636718	0.000318614506999	0.00708371705286	0.00103004141989	3.49166583012e-05	0.00042772906419	0.010060362173	0.00556484241676	0.016114037806	0.000336072836149	0.00115661430623	0.000741978988901	0.00413325942641	0.000462645722491	0.00733686282554	0.086440552207	0.0298886595058	0.000977666432434	0.00250090565082	0.00188986413055	0.00224339529585	0.000122208304054	0.000763801900339	0.00902159158858	2.61874937259e-05	0.00876408123361	0.00253582230913	0	2.18229114383e-05	0	2.61874937259e-05	8.7291645753e-05	3.49166583012e-05	0.00029679159556	5.67395697395e-05	0.00119589554682	1.74583291506e-05	0.00209063491579	4.80104051642e-05	0	0.000174583291506	0.00198152035859	0.00102131225531	0.00283697848697	1.3093746863e-05	0.000196406202944	0.000493197798505	0.000532479039094	0.000270604101834	0.00257073896743	0.0105230078955	0.0111864244033	0.000213864532095	8.29270634654e-05	7.41978988901e-05	0.000257510354971	1.3093746863e-05	1.3093746863e-05	0.000567395697395	0.00904341450002	0.00934020609558	0.00777332105431	0.0021910203084	0.000240052025821	0.000449551975628	0.000170218709218	0.00149268714238	0.00204262451062	0.000907833115832	0.000301156177848	1.74583291506e-05	2.18229114383e-05	6.98333166024e-05
0.000152760380068	0.0189335579638	0.0114439347582	0	2.61874937259e-05	2.18229114383e-05	0.000109114557191	0.000218229114383	0.000178947873794	0.00065032276086	4.80104051642e-05	0.00209499949807	5.23749874518e-05	0.00480540509871	0.000266239519547	8.7291645753e-06	0.00349166583012	0.00538152996068	0.000405906152752	0.0032865304626	3.49166583012e-05	0.00169345792761	0.00731067533182	0.0122033720763	0.00143158299035	0.00471811345295	0.0298886595058	0.084393563114	0.00100385392616	0.000698333166024	0.000602312355696	0.000384083241313	2.61874937259e-05	0.000340437418437	0.00385392616	2.61874937259e-05	0.010514278731	0.00426856147732	0	1.74583291506e-05	0	1.3093746863e-05	0.000174583291506	4.80104051642e-05	0.000436458228765	8.7291645753e-05	0.0003535311653	1.3093746863e-05	0.000563031115107	6.98333166024e-05	0	0.00363133246333	0.00209499949807	0.00029679159556	0.00127882261028	2.18229114383e-05	0.000763801900339	0.00712736287574	0.00312504091796	0.000532479039094	0.000925291444982	0.00535970704924	0.0139972153965	0.000597947773408	6.11041520271e-05	0.000192041620657	0.000104749974904	4.36458228765e-06	0	0.000471374887066	0.00794353976353	0.00398486362863	0.005158936264	0.00145340590179	0.000698333166024	0.000327343671574	3.49166583012e-05	0.00142721840806	0.00165854126931	0.000659051925435	0.000240052025821	3.92812405889e-05	3.05520760136e-05	3.05520760136e-05
0.00304211385449	0.000366624912163	0.000934020609558	0	0.00818359178935	7.41978988901e-05	0.00231322861246	0.019239078724	0.00347857208326	0.00368807203307	0.00756818568679	0.000711426912887	0.00131373926858	0.000161489544643	0.00362260329875	0.000178947873794	0.00398049904634	0.000925291444982	0.000100385392616	0.000541208203669	0.00504545712453	0.0071404566226	0.00137047883832	0.00541644661898	0.0166334230982	5.67395697395e-05	0.000977666432434	0.00100385392616	0.0710423058961	0.0104575391612	0.012321215798	8.7291645753e-06	0.00022259369667	0.00789116477608	0.0139230174976	0.000288062430985	7.41978988901e-05	0.000100385392616	0	0.00548627993558	4.36458228765e-06	0.000375354076738	0.00161053086414	0.000589218608833	0.0110773098461	0.00245725982795	8.29270634654e-05	0.000820541470079	2.18229114383e-05	0.000619770684847	2.61874937259e-05	0.000174583291506	4.36458228765e-05	3.49166583012e-05	6.11041520271e-05	0.00492324882047	0.000274968684122	0.000776895647202	0.000170218709218	0.0113566431125	4.36458228765e-06	9.16562280407e-05	0.000213864532095	0.00460463431347	0.000445187393341	0.000270604101834	8.7291645753e-06	0	4.80104051642e-05	0.000475739469354	0.00443878018654	0.000606676937984	0.00733249824326	0.00299846803162	0.0010955101542	0.000903468533544	7.41978988901e-05	0.000471374887066	0.000144031215493	0.00057612486197	0.000178947873794	0.000126572886342	1.74583291506e-05	4.36458228765e-06
0.0136698717249	7.85624811777e-05	0.000986395597009	0	0.000698333166024	0.00072452065975	0.00696587333109	0.014263454916	0.0107761536682	0.00102131225531	0.00480104051642	0.00340437418437	0.00329089504489	0.000549937368244	0.0242889004308	0.000253145772684	0.00072452065975	0.00124390595198	0.000541208203669	0.00140103091434	0.00385392616	0.00153196838297	0.000375354076738	0.00270167643606	0.00393248864117	9.60208103283e-05	0.00250090565082	0.000698333166024	0.0104575391612	0.0621167351179	0.0216352343999	3.49166583012e-05	0.00313377008253	0.0176416416067	0.0297664512018	0.000152760380068	3.92812405889e-05	3.49166583012e-05	0	0.000344802000725	0	0.000135302050917	0.000571760279682	0.000240052025821	0.00261874937259	0.000488833216217	2.61874937259e-05	0.000157124962355	2.18229114383e-05	0.00027933326641	8.7291645753e-06	7.85624811777e-05	1.3093746863e-05	8.7291645753e-06	2.18229114383e-05	0.000436458228765	0.000104749974904	0.000165854126931	8.29270634654e-05	0.00303338468992	1.74583291506e-05	8.29270634654e-05	0.000122208304054	0.00110860390106	0.000226958278958	0.000126572886342	4.36458228765e-06	0	3.49166583012e-05	0.000187677038369	0.00462645722491	0.0011304268125	0.0117276326069	0.00377099909653	0.00101694767302	0.00193787453572	0.000144031215493	0.000318614506999	6.54687343148e-05	0.000292427013273	9.16562280407e-05	8.7291645753e-05	4.36458228765e-06	8.7291645753e-06
0.010636487035	0.000122208304054	0.00230013486559	0	0.000117843721767	5.23749874518e-05	0.000698333166024	0.0112344348084	0.00549937368244	0.000912197698119	0.000392812405889	0.000755072735764	0.000170218709218	0.000144031215493	0.00709681079972	4.80104051642e-05	0.00087291645753	0.0046308218072	8.29270634654e-05	0.00125699969884	0.000248781190396	0.0107019557693	0.000453916557916	0.00911761239891	0.00256637438514	2.61874937259e-05	0.00188986413055	0.000602312355696	0.012321215798	0.0216352343999	0.0495947485346	8.7291645753e-06	0.000144031215493	0.0102524037937	0.0143420173972	0.000113479139479	5.67395697395e-05	7.41978988901e-05	0	0.000174583291506	0	0.000100385392616	0.000423364481902	0.000187677038369	0.00218229114383	0.00029679159556	1.74583291506e-05	0.000117843721767	1.3093746863e-05	0.000196406202944	4.36458228765e-06	6.11041520271e-05	8.7291645753e-06	8.7291645753e-06	1.3093746863e-05	0.000196406202944	9.16562280407e-05	0.000248781190396	5.23749874518e-05	0.00219974947298	4.36458228765e-06	6.54687343148e-05	0.00014839579778	0.000877281039818	0.000218229114383	0.000100385392616	4.36458228765e-06	0	3.92812405889e-05	0.000196406202944	0.00191605162428	0.000475739469354	0.00621516517762	0.00230886403017	0.00057612486197	0.000637229013997	3.05520760136e-05	0.000274968684122	8.7291645753e-05	0.000213864532095	6.54687343148e-05	6.11041520271e-05	8.7291645753e-06	4.36458228765e-06
