7106	15	1650	0	39	87	284	2194	942	41	172	43	105	3	4510	14	0	477	133	31	154	867	18	2042	108	0	859	713	570	2816	3758	0	31	255	301	6	4	15	0	69	0	102	70	20	386	32	22	218	3	20	0	4	3	1	0	4	3	8	29	494	0	27	11	193	41	7	1	0	0	28	74	14	505	162	185	1	0	132	6	26	1	58	0	0
15	7279	391	0	2	1	3	50	0	410	7	45	11	248	5	4	176	382	41	44	2	115	1618	331	493	805	866	5303	142	89	166	6	1	74	185	2	3052	398	0	2	0	49	3	44	7	27	67	30	123	20	1	8	116	18	159	7	19	67	67	18	107	761	2868	20	3	13	6	1	0	94	764	343	105	13	10	0	3	93	44	493	58	16	10	1
1650	391	16984	0	0	1	39	1349	107	5	2	19	1	7	1311	0	10	5334	386	111	0	3041	304	8665	10	0	5621	6483	586	545	4351	0	4	95	278	5	228	1623	0	16	0	13	36	18	94	14	6	27	0	10	0	22	817	6	117	7	57	98	1372	60	2	2280	976	117	18	142	0	0	2	76	585	36	442	26	2	0	0	198	1634	230	61	17	10	1
0	0	0	0	0	0	0	0	0	0	0	0	0	0	0	0	0	0	0	0	0	0	0	0	0	0	0	0	0	0	0	0	0	0	0	0	0	0	0	0	0	0	0	0	0	0	0	0	0	0	0	0	0	0	0	0	0	0	0	0	0	0	0	0	0	0	0	0	0	0	0	0	0	0	0	0	0	0	0	0	0	0	0	0
39	2	0	0	6242	21	120	523	40	539	510	225	655	13	170	90	0	0	184	50	938	2	3	3	2493	0	268	25	1980	1108	89	0	19	509	841	126	8	3	0	1168	0	61	15	23	1268	1561	79	705	10	115	9	6	0	8	8	2566	9	9	25	1781	2	51	52	310	114	1	3	0	0	122	128	16	721	59	134	8	0	273	97	117	3	138	35	1
87	1	1	0	21	1926	766	226	479	56	79	2	11	6	107	630	0	1	0	1	3	0	5	4	91	1	1	1	210	160	19	0	957	20	217	1	0	0	0	18	0	9	33	7	85	4	5	22	2	7	6	0	0	0	0	3	0	0	0	85	0	0	0	37	2	0	0	0	0	14	73	1	30	23	696	198	0	12	0	5	0	8	7	0
284	3	39	0	120	766	11666	2426	4564	247	4269	145	2794	64	1237	1493	0	2	56	23	1297	12	15	43	534	3	96	44	1452	1480	173	1	914	51	629	3	0	0	0	14	0	9	53	11	165	25	21	208	2	15	11	1	0	0	0	27	0	1	0	188	0	1	0	79	15	1	0	0	0	38	130	26	366	76	569	50	0	75	2	14	1	65	7	0
2194	50	1349	0	523	226	2426	17538	2683	514	3632	176	220	25	2637	82	9	361	122	54	469	1567	85	2096	1422	2	832	820	9609	5304	5784	0	247	3826	2625	21	27	41	0	131	0	55	162	31	873	116	76	498	8	27	5	38	14	1	4	108	8	47	157	907	0	73	85	524	51	2	1	0	1	107	543	117	2040	672	243	2	3	340	71	91	4	161	11	7
942	0	107	0	40	479	4564	2683	9141	114	1927	232	260	251	2910	119	0	7	20	15	257	23	9	110	258	0	71	89	1189	1288	315	0	511	113	820	4	0	0	0	30	0	28	93	31	256	33	30	178	3	23	2	3	0	1	0	21	1	3	0	334	0	1	1	141	23	2	0	0	0	70	106	102	570	250	104	15	6	117	4	37	1	86	22	12
41	410	5	0	539	56	247	514	114	6313	101	7	446	22	159	265	169	10	7	7	37	86	1877	21	2471	247	108	127	1736	505	646	0	51	402	539	44	21	0	0	646	1	12	120	21	3111	65	1	68	2	32	36	103	0	0	0	412	1	286	4	2121	13	1	36	1491	1	1	0	0	0	1	467	201	64	28	463	6	1	268	25	2	0	20	0	0
172	7	2	0	510	79	4269	3632	1927	101	9473	173	1013	18	1576	71	1	3	73	40	1885	6	1	10	582	0	161	48	2788	2071	36	0	152	643	828	65	6	0	0	14	0	12	20	4	49	344	15	114	1	50	2	0	0	1	1	344	2	1	3	104	1	5	8	24	62	1	0	0	1	34	91	63	605	142	43	3	1	43	6	51	0	19	9	8
43	45	19	0	225	2	145	176	232	7	173	7735	1462	1918	681	28	1	154	1133	1605	1485	40	1	29	102	51	3087	424	181	3041	119	78	165	258	3910	0	55	5	0	63	0	46	0	5	71	74	49	167	58	9	0	0	0	2	2	79	0	0	2	238	1	95	79	19	4	0	28	0	0	22	165	826	2552	13	4	0	93	29	20	22	1	22	0	3
105	11	1	0	655	11	2794	220	260	446	1013	1462	11115	79	1083	828	1	0	618	489	4581	0	2	5	775	1	935	184	423	3632	75	3	44	183	2254	2	15	3	0	68	0	1062	2	130	97	1681	120	2079	6	455	14	1	3	11	3	1439	8	4	29	130	3	10	50	65	243	3	0	0	0	162	173	53	1442	51	230	2	0	435	34	122	35	385	18	1
3	248	7	0	13	6	64	25	251	22	18	1918	79	5982	244	27	4	10	72	60	84	1	37	4	33	1219	605	1428	22	538	8	318	55	86	666	0	107	2	0	8	0	6	0	1	7	4	739	36	1150	2	0	0	0	28	0	3	0	3	0	43	325	599	233	2	2	0	165	0	0	180	86	1438	752	57	4	0	259	12	498	39	1	10	1	41
4510	5	1311	0	170	107	1237	2637	2910	159	1576	681	1083	244	12769	414	0	188	104	68	1167	669	14	1647	356	0	707	656	1336	6954	2601	2	377	997	1522	12	0	13	0	117	0	119	47	42	717	146	35	341	6	37	1	2	3	1	0	146	3	2	19	876	0	26	6	332	67	7	1	0	0	52	215	73	1124	322	373	2	2	167	6	36	1	92	11	1
14	4	0	0	90	630	1493	82	119	265	71	28	828	27	414	2744	0	0	5	3	34	0	17	1	244	3	11	0	182	548	7	0	422	24	187	0	0	0	0	1	0	0	0	0	39	0	1	23	0	4	5	0	0	0	0	0	0	1	0	14	0	0	0	1	3	0	0	0	0	2	144	6	88	7	1418	34	0	8	0	2	1	6	0	0
0	176	10	0	0	0	0	9	0	169	1	1	1	4	0	0	5808	14	5	8	1	843	3140	1574	1171	28	96	1853	739	18	119	0	0	20	45	0	26	14	0	0	0	0	1	18	29	16	0	0	0	15	0	580	2	0	0	0	228	938	384	35	0	15	41	65	0	20	0	0	0	0	309	97	25	32	1	0	0	5	5	1	0	0	0	0
477	382	5334	0	0	1	2	361	7	10	3	154	0	10	188	0	14	10039	572	1147	0	1758	196	4593	2	1	4749	2808	174	564	2963	1	3	192	1387	1	221	261	0	0	0	2	1	1	9	1	3	2	0	0	0	2	252	2	60	0	34	3	181	13	0	490	453	52	11	41	0	0	1	34	131	62	151	17	4	0	0	37	465	69	3	2	0	0
133	41	386	0	184	0	56	122	20	7	73	1133	618	72	104	5	5	572	3063	796	584	85	26	385	66	6	2264	140	118	1268	432	0	2	75	1233	0	11	0	0	42	0	49	0	8	61	63	38	98	62	11	0	0	1	1	0	64	0	0	0	181	1	140	39	11	2	0	24	0	0	15	140	133	969	34	2	0	0	16	13	11	0	15	0	0
31	44	111	0	50	1	23	54	15	7	40	1605	489	60	68	3	8	1147	796	4800	506	245	23	280	43	5	2753	344	93	764	509	1	3	147	1545	1	18	1	0	7	0	6	0	1	18	14	33	25	113	0	0	0	3	5	92	15	1	0	2	31	2	213	71	6	0	0	48	0	0	9	193	217	535	15	0	0	0	1	84	13	1	0	0	0
154	2	0	0	938	3	1297	469	257	37	1885	1485	4581	84	1167	34	1	0	584	506	7602	3	1	7	383	1	1024	232	801	3918	86	1	8	712	2449	0	1	1	0	96	0	30	0	2	157	162	10	149	0	14	1	0	0	0	0	351	1	0	0	307	0	1	3	48	14	1	0	0	0	14	121	41	1775	60	18	0	0	21	3	7	1	25	1	0
867	115	3041	0	2	0	12	1567	23	86	6	40	0	1	669	0	843	1758	85	245	3	17589	1518	10046	247	2	2029	1346	3892	1609	6295	0	0	1265	2050	50	80	93	0	1	0	142	432	185	423	74	12	5	1	80	0	616	44	2	17	2	1023	1485	527	183	0	207	145	1273	71	1350	0	0	42	105	1027	118	1081	407	278	0	0	44	85	101	15	14	5	0
18	1618	304	0	3	5	15	85	9	1877	1	1	2	37	14	17	3140	196	26	23	1	1518	13243	2121	1832	359	350	5091	2331	170	339	0	6	175	278	37	654	40	0	6	0	32	21	73	1315	41	8	12	15	59	0	2798	26	3	17	3	731	4895	1533	945	3	43	1719	1116	15	65	1	0	1	23	702	318	96	28	81	0	1	111	84	94	6	9	1	0
2042	331	8665	0	3	4	43	2096	110	21	10	29	5	4	1647	1	1574	4593	385	280	7	10046	2121	27947	133	4	3658	6032	2268	1114	6493	0	3	419	2080	9	249	468	0	7	0	107	86	121	182	46	11	14	2	37	0	1186	116	11	20	6	575	3094	3673	84	1	324	755	456	58	748	0	0	32	109	2486	297	2581	1739	548	0	2	185	527	260	68	7	2	0
108	493	10	0	2493	91	534	1422	258	2471	582	102	775	33	356	244	1171	2	66	43	383	247	1832	133	11629	194	272	602	5671	1812	1181	0	76	1365	1763	7	31	4	0	1070	1	21	74	9	2317	367	17	187	4	15	11	55	0	0	0	894	68	168	59	1916	2	9	54	1090	34	2	0	0	0	28	848	144	1154	446	321	13	0	320	10	21	0	32	2	2
0	805	0	0	0	1	3	2	0	247	0	51	1	1219	0	3	28	1	6	5	1	2	359	4	194	2753	106	717	26	3	2	6	1	2	12	0	117	5	0	0	0	0	0	0	2	0	225	0	439	2	0	0	1	4	2	0	1	1	1	2	350	413	166	2	0	0	58	0	0	90	19	210	38	0	5	0	140	0	22	16	0	0	2	0
859	866	5621	0	268	1	96	832	71	108	161	3087	935	605	707	11	96	4749	2264	2753	1024	2029	350	3658	272	106	28449	8426	532	2791	3535	151	2	645	3723	10	1837	646	0	90	0	139	21	55	181	220	464	353	417	32	0	19	219	263	711	202	29	62	92	532	192	6736	1923	79	17	36	52	0	1	102	2215	1796	2843	231	6	0	2	438	1198	181	27	178	2	2
713	5303	6483	0	25	1	44	820	89	127	48	424	184	1428	656	0	1853	2808	140	344	232	1346	5091	6032	602	717	8426	34403	1606	607	1519	328	1	271	1479	10	4386	1953	0	23	0	73	54	54	174	65	369	101	777	26	1	1123	434	92	253	37	113	2014	1579	242	329	5482	5822	211	59	146	88	1	0	211	2278	708	1418	410	18	0	12	385	857	722	92	46	15	4
570	142	586	0	1980	210	1452	9609	1189	1736	2788	181	423	22	1336	182	739	174	118	93	801	3892	2331	2268	5671	26	532	1606	24552	4650	5434	0	128	3734	4031	108	54	57	0	1249	1	89	541	48	3893	634	101	542	10	75	6	923	4	0	3	1263	441	1243	464	3326	1	65	154	3059	108	850	4	0	5	128	1522	243	2857	1140	492	9	2	582	54	119	6	137	17	4
2816	89	545	0	1108	160	1480	5304	1288	505	2071	3041	3632	538	6954	548	18	564	1268	764	3918	1609	170	1114	1812	3	2791	607	4650	25416	7554	5	604	9454	12464	102	57	17	0	433	1	403	592	220	2091	513	239	1655	27	212	4	4	8	3	2	538	32	20	21	2982	4	23	114	1199	200	156	7	0	7	337	2660	508	7710	1641	581	25	8	804	37	251	4	692	45	22
3758	166	4351	0	89	19	173	5784	315	646	36	119	75	8	2601	7	119	2963	432	509	86	6295	339	6493	1181	2	3535	1519	5434	7554	21060	0	10	5078	5123	55	94	83	0	48	1	49	382	60	1267	42	79	349	11	89	2	35	42	2	13	28	118	40	175	906	4	232	196	1385	107	371	5	0	4	121	1403	205	2763	1340	454	0	2	312	129	120	6	145	2	0
0	6	0	0	0	0	1	0	0	0	0	78	3	318	2	0	0	1	0	1	1	0	0	0	0	6	151	328	0	5	0	423	0	0	7	0	10	0	0	0	0	0	0	0	0	0	1	2	11	0	0	0	0	0	0	0	0	0	0	0	0	50	17	0	0	0	2	0	0	1	8	149	8	0	0	0	0	1	4	4	0	1	0	0
31	1	4	0	19	957	914	247	511	51	152	165	44	55	377	422	0	3	2	3	8	0	6	3	76	1	2	1	128	604	10	0	2317	4	619	1	0	0	0	4	0	3	13	5	41	0	5	17	2	4	4	0	0	0	0	0	0	0	0	40	0	0	0	16	2	0	0	0	0	13	91	18	146	54	357	187	2	11	0	3	0	9	6	1
255	74	95	0	509	20	51	3826	113	402	643	258	183	86	997	24	20	192	75	147	712	1265	175	419	1365	2	645	271	3734	9454	5078	0	4	10784	7332	97	51	13	0	138	1	187	696	134	1516	127	150	694	16	120	3	4	9	1	2	99	45	24	22	1348	4	18	92	917	133	457	2	0	8	182	1613	283	4198	1531	344	0	3	401	30	139	3	339	11	0
301	185	278	0	841	217	629	2625	820	539	828	3910	2254	666	1522	187	45	1387	1233	1545	2449	2050	278	2080	1763	12	3723	1479	4031	12464	5123	7	619	7332	21502	75	95	77	0	304	1	319	567	206	1765	289	219	1447	25	184	4	35	25	3	3	269	48	61	93	2415	4	69	181	1096	133	503	7	0	8	327	3664	891	10355	2693	521	114	21	836	61	237	5	672	50	22
6	2	5	0	126	1	3	21	4	44	65	0	2	0	12	0	0	1	0	1	0	50	37	9	7	0	10	10	108	102	55	0	1	97	75	5756	6	60	0	89	0	370	1471	728	173	750	108	291	1	2667	0	3	1355	42	433	470	601	12	1419	622	4	124	55	357	2193	448	0	0	64	836	2	1	24	19	15	0	0	180	29	31	0	26	9	0
4	3052	228	0	8	0	0	27	0	21	6	55	15	107	0	0	26	221	11	18	1	80	654	249	31	117	1837	4386	54	57	94	10	0	51	95	6	9721	113	0	127	2	56	4	53	1617	51	190	425	1049	20	51	93	156	58	295	28	57	2397	99	985	1317	1773	5211	206	5	23	10	5	1	297	648	208	63	9	0	0	16	384	288	911	165	82	18	3
15	398	1623	0	3	0	0	41	0	0	0	5	3	2	13	0	14	261	0	1	1	93	40	468	4	5	646	1953	57	17	83	0	0	13	77	60	113	8786	0	7	0	235	103	819	29	463	4	26	0	601	0	14	1330	4	85	18	267	29	2870	52	0	4073	1652	744	3	107	0	0	1	26	195	93	45	10	0	0	0	132	457	137	20	17	2	0
0	0	0	0	0	0	0	0	0	0	0	0	0	0	0	0	0	0	0	0	0	0	0	0	0	0	0	0	0	0	0	0	0	0	0	0	0	0	0	0	0	0	0	0	0	0	0	0	0	0	0	0	0	0	0	0	0	0	0	0	0	0	0	0	0	0	0	0	0	0	0	0	0	0	0	0	0	0	0	0	0	0	0	0
69	2	16	0	1168	18	14	131	30	646	14	63	68	8	117	1	0	0	42	7	96	1	6	7	1070	0	90	23	1249	433	48	0	4	138	304	89	127	7	0	7334	13	444	209	202	2454	1895	144	1087	73	125	138	14	7	1	0	3617	37	145	82	4930	94	35	96	2505	175	24	2	0	25	196	117	1	233	17	11	0	0	669	132	170	17	398	88	0
0	0	0	0	0	0	0	0	0	1	0	0	0	0	0	0	0	0	0	0	0	0	0	0	1	0	0	0	1	1	1	0	0	1	1	0	2	0	0	13	596	282	10	107	83	10	4	45	0	1	240	0	1	0	1	1	0	5	0	44	0	1	0	22	1	0	0	16	0	9	1	0	0	0	0	0	0	7	0	0	0	105	134	0
102	49	13	0	61	9	9	55	28	12	12	46	1062	6	119	0	0	2	49	6	30	142	32	107	21	0	139	73	89	403	49	0	3	187	319	370	56	235	0	444	282	15511	1741	7266	423	7926	441	4700	20	2811	284	2	689	95	483	1869	66	107	456	1150	14	489	168	1611	673	46	2	79	51	652	106	14	229	27	3	1	0	967	100	301	100	1327	509	2
70	3	36	0	15	33	53	162	93	120	20	0	2	0	47	0	1	1	0	0	0	432	21	86	74	0	21	54	541	592	382	0	13	696	567	1471	4	103	0	209	10	1741	12256	1643	753	3069	27	432	3	1855	43	0	58	8	26	166	123	22	222	1972	1	77	50	4577	540	761	1	0	83	169	108	2	135	102	54	0	0	294	70	90	17	76	15	0
20	44	18	0	23	7	11	31	31	21	4	5	130	1	42	0	18	1	8	1	2	185	73	121	9	0	55	54	48	220	60	0	5	134	206	728	53	819	0	202	107	7266	1643	13659	139	4171	212	1243	20	4974	76	1	815	18	523	547	212	146	865	671	11	857	149	1988	207	235	0	239	44	574	79	22	127	61	3	0	0	650	73	231	128	1007	862	14
386	7	94	0	1268	85	165	873	256	3111	49	71	97	7	717	39	29	9	61	18	157	423	1315	182	2317	2	181	174	3893	2091	1267	0	41	1516	1765	173	1617	29	0	2454	83	423	753	139	13323	1114	102	2048	523	181	706	321	15	6	43	1909	32	2768	76	8724	593	172	734	4336	261	236	6	0	11	203	845	220	381	104	138	2	0	1123	108	218	34	478	32	6
32	27	14	0	1561	4	25	116	33	65	344	74	1681	4	146	0	16	1	63	14	162	74	41	46	367	0	220	65	634	513	42	0	0	127	289	750	51	463	0	1895	10	7926	3069	4171	1114	23302	1470	9289	175	4226	76	22	68	235	37	8439	105	69	289	2996	34	625	341	3736	1573	46	27	2	53	1821	76	11	213	17	3	0	0	1946	406	1539	121	1227	322	5
22	67	6	0	79	5	21	76	30	1	15	49	120	739	35	1	0	3	38	33	10	12	8	11	17	225	464	369	101	239	79	1	5	150	219	108	190	4	0	144	4	441	27	212	102	1470	11698	1779	2692	470	0	2	303	2473	1715	882	68	30	191	563	510	1539	597	93	353	109	269	56	0	4377	87	146	152	38	12	0	2	396	1107	2552	216	411	147	39
218	30	27	0	705	22	208	498	178	68	114	167	2079	36	341	23	0	2	98	25	149	5	12	14	187	0	353	101	542	1655	349	2	17	694	1447	291	425	26	0	1087	45	4700	432	1243	2048	9289	1779	16715	275	1813	582	20	13	203	38	5804	61	443	171	4333	89	342	634	815	1491	34	40	0	2	2055	645	96	1068	181	24	1	0	3032	520	1820	106	2829	193	2
3	123	0	0	10	2	2	8	3	2	1	58	6	1150	6	0	0	0	62	113	0	1	15	2	4	439	417	777	10	27	11	11	2	16	25	1	1049	0	0	73	0	20	3	20	523	175	2692	275	6512	50	1	1	2	196	4	98	0	601	1	386	2147	1151	1016	86	36	0	540	16	1	766	28	134	21	3	1	0	2	16	572	247	4	48	16	68
20	20	10	0	115	7	15	27	23	32	50	9	455	2	37	4	15	0	11	0	14	80	59	37	15	2	32	26	75	212	89	0	4	120	184	2667	20	601	0	125	1	2811	1855	4974	181	4226	470	1813	50	11749	15	0	787	50	263	1251	416	51	1170	568	27	521	95	1169	2782	335	1	75	6	1040	49	13	123	54	9	0	0	449	50	252	69	551	493	5
0	1	0	0	9	6	11	5	2	36	2	0	14	0	1	5	0	0	0	0	1	0	0	0	11	0	0	1	6	4	2	0	4	3	4	0	51	0	0	138	240	284	43	76	706	76	0	582	1	15	1711	0	0	0	0	33	0	61	3	291	4	3	35	129	2	0	0	0	0	2	3	0	3	0	22	0	0	17	0	3	0	444	3	0
4	8	22	0	6	0	1	38	3	103	0	0	1	0	2	0	580	2	0	0	0	616	2798	1186	55	0	19	1123	923	4	35	0	0	4	35	3	93	14	0	14	0	2	0	1	321	22	2	20	1	0	0	7719	6	0	16	22	636	4725	1559	1571	2	14	1413	560	8	32	0	0	1	21	22	15	26	5	10	0	0	295	233	36	0	22	1	0
3	116	817	0	0	0	0	14	0	0	0	0	3	0	3	0	2	252	1	3	0	44	26	116	0	1	219	434	4	8	42	0	0	9	25	1355	156	1330	0	7	1	689	58	815	15	68	303	13	2	787	0	6	8741	83	2878	9	1118	26	3443	29	2	1969	1707	171	580	580	0	0	3	2002	44	6	20	11	0	0	0	369	1317	641	58	5	5	0
1	18	6	0	8	0	0	1	1	0	1	2	11	28	1	0	0	2	1	5	0	2	3	11	0	4	263	92	0	3	2	0	0	1	3	42	58	4	0	1	0	95	8	18	6	235	2473	203	196	50	0	0	83	3621	702	68	22	12	61	23	143	606	422	13	86	23	13	0	0	567	12	10	4	2	0	0	0	291	452	654	172	25	15	0
0	159	117	0	8	0	0	4	0	0	1	2	3	0	0	0	0	60	0	92	0	17	17	20	0	2	711	253	3	2	13	0	0	2	3	433	295	85	0	0	1	483	26	523	43	37	1715	38	4	263	0	16	2878	702	6471	18	370	70	771	37	27	1124	1237	74	78	261	0	0	0	1384	10	21	1	2	0	0	0	126	733	597	41	29	5	2
4	7	7	0	2566	3	27	108	21	412	344	79	1439	3	146	0	0	0	64	15	351	2	3	6	894	0	202	37	1263	538	28	0	0	99	269	470	28	18	0	3617	1	1869	166	547	1909	8439	882	5804	98	1251	33	22	9	68	18	11795	40	7	129	3739	13	249	271	1520	1008	31	14	0	9	1019	67	6	207	12	9	0	0	1579	351	953	44	1006	155	3
3	19	57	0	9	0	0	8	1	1	2	0	8	0	3	0	228	34	0	1	1	1023	731	575	68	1	29	113	441	32	118	0	0	45	48	601	57	267	0	37	0	66	123	212	32	105	68	61	0	416	0	636	1118	22	370	40	12112	903	6315	160	1	257	691	2079	1304	4475	0	0	235	2476	18	5	26	19	0	0	0	813	196	1300	246	23	73	0
8	67	98	0	9	0	1	47	3	286	1	0	4	3	2	1	938	3	0	0	0	1485	4895	3094	168	1	62	2014	1243	20	40	0	0	24	61	12	2397	29	0	145	5	107	22	146	2768	69	30	443	601	51	61	4725	26	12	70	7	903	11969	2378	2544	668	175	2540	643	26	289	6	0	3	117	93	21	52	18	13	0	0	236	123	267	42	59	8	1
29	67	1372	0	25	0	0	157	0	4	3	2	29	0	19	0	384	181	0	2	0	527	1533	3673	59	1	92	1579	464	21	175	0	0	22	93	1419	99	2870	0	82	0	456	222	865	76	289	191	171	1	1170	3	1559	3443	61	771	129	6315	2378	22308	285	0	1089	3309	1009	1222	2188	1	0	90	2575	159	12	113	61	2	0	0	2626	1238	921	253	57	44	2
494	18	60	0	1781	85	188	907	334	2121	104	238	130	43	876	14	35	13	181	31	307	183	945	84	1916	2	532	242	3326	2982	906	0	40	1348	2415	622	985	52	0	4930	44	1150	1972	671	8724	2996	563	4333	386	568	291	1571	29	23	37	3739	160	2544	285	21620	381	206	1287	8393	998	164	15	0	153	904	1262	258	1480	207	41	1	0	3442	644	716	91	1738	243	2
0	107	2	0	2	0	0	0	0	13	1	1	3	325	0	0	0	0	1	2	0	0	3	1	2	350	192	329	1	4	4	0	0	4	4	4	1317	0	0	94	0	14	1	11	593	34	510	89	2147	27	4	2	2	143	27	13	1	668	0	381	3496	732	1246	77	11	1	52	4	1	296	37	27	1	0	0	0	0	17	76	48	5	12	1	18
27	761	2280	0	51	0	1	73	1	1	5	95	10	599	26	0	15	490	140	213	1	207	43	324	9	413	6736	5482	65	23	232	50	0	18	69	124	1773	4073	0	35	1	489	77	857	172	625	1539	342	1151	521	3	14	1969	606	1124	249	257	175	1089	206	732	21050	4048	511	21	97	343	2	0	668	293	153	74	6	0	0	18	642	2408	1034	153	119	11	0
11	2868	976	0	52	0	0	85	1	36	8	79	50	233	6	0	41	453	39	71	3	145	1719	755	54	166	1923	5822	154	114	196	17	0	92	181	55	5211	1652	0	96	0	168	50	149	734	341	597	634	1016	95	35	1413	1707	422	1237	271	691	2540	3309	1287	1246	4048	24406	637	141	111	111	2	4	742	728	222	183	88	0	0	5	2402	1651	1615	240	302	24	4
193	20	117	0	310	37	79	524	141	1491	24	19	65	2	332	1	65	52	11	6	48	1273	1116	456	1090	2	79	211	3059	1199	1385	0	16	917	1096	357	206	744	0	2505	22	1611	4577	1988	4336	3736	93	815	86	1169	129	560	171	13	74	1520	2079	643	1009	8393	77	511	637	21856	583	2492	2	0	147	552	599	181	227	109	45	0	0	1508	334	592	168	187	228	0
41	3	18	0	114	2	15	51	23	1	62	4	243	2	67	3	0	11	2	0	14	71	15	58	34	0	17	59	108	200	107	0	2	133	133	2193	5	3	0	175	1	673	540	207	261	1573	353	1491	36	2782	2	8	580	86	78	1008	1304	26	1222	998	11	21	141	583	8221	1125	1	61	703	1994	32	2	109	51	3	0	0	193	106	378	26	245	50	2
7	13	142	0	1	0	1	2	2	1	1	0	3	0	7	0	20	41	0	0	1	1350	65	748	2	0	36	146	850	156	371	0	0	457	503	448	23	107	0	24	0	46	761	235	236	46	109	34	0	335	0	32	580	23	261	31	4475	289	2188	164	1	97	111	2492	1125	10932	0	0	286	1922	12	2	11	6	1	0	0	285	158	1460	164	27	21	0
1	6	0	0	3	0	0	1	0	0	0	28	0	165	1	0	0	0	24	48	0	0	1	0	0	58	52	88	4	7	5	2	0	2	7	0	10	0	0	2	0	2	1	0	6	27	269	40	540	1	0	0	0	13	0	14	0	6	1	15	52	343	111	2	1	0	555	0	0	48	3	14	4	0	0	0	0	2	64	47	0	0	0	0
0	1	0	0	0	0	0	0	0	0	0	0	0	0	0	0	0	0	0	0	0	0	0	0	0	0	0	1	0	0	0	0	0	0	0	0	5	0	0	0	16	79	0	239	0	2	56	0	16	75	0	0	0	0	0	0	0	0	0	0	4	2	2	0	61	0	0	398	0	5	0	0	0	0	0	0	0	11	3	5	3	24	72	0
0	0	2	0	0	0	0	1	0	0	1	0	0	0	0	0	0	1	0	0	0	42	1	32	0	0	1	0	5	7	4	0	0	8	8	64	1	1	0	25	0	51	83	44	11	53	0	2	1	6	0	1	3	0	0	9	235	3	90	153	1	0	4	147	703	286	0	0	1053	509	0	0	1	1	0	0	0	2	1	52	0	0	0	0
28	94	76	0	122	14	38	107	70	1	34	22	162	180	52	2	0	34	15	9	14	105	23	109	28	90	102	211	128	337	121	1	13	182	327	836	297	26	0	196	9	652	169	574	203	1821	4377	2055	766	1040	2	21	2002	567	1384	1019	2476	117	2575	904	296	668	742	552	1994	1922	48	5	509	12449	105	41	270	151	13	0	0	412	405	5010	414	492	630	136
74	764	585	0	128	73	130	543	106	467	91	165	173	86	215	144	309	131	140	193	121	1027	702	2486	848	19	2215	2278	1522	2660	1403	8	91	1613	3664	2	648	195	0	117	1	106	108	79	845	76	87	645	28	49	3	22	44	12	10	67	18	93	159	1262	37	293	728	599	32	12	3	0	0	105	13611	3375	2764	863	364	6	18	640	85	267	47	336	2	0
14	343	36	0	16	1	26	117	102	201	63	826	53	1438	73	6	97	62	133	217	41	118	318	297	144	210	1796	708	243	508	205	149	18	283	891	1	208	93	0	1	0	14	2	22	220	11	146	96	134	13	0	15	6	10	21	6	5	21	12	258	27	153	222	181	2	2	14	0	0	41	3375	6324	813	510	7	0	184	90	272	101	5	63	14	15
505	105	442	0	721	30	366	2040	570	64	605	2552	1442	752	1124	88	25	151	969	535	1775	1081	96	2581	1154	38	2843	1418	2857	7710	2763	8	146	4198	10355	24	63	45	0	233	0	229	135	127	381	213	152	1068	21	123	3	26	20	4	1	207	26	52	113	1480	1	74	183	227	109	11	4	0	1	270	2764	813	14844	4301	1010	4	106	538	43	325	54	480	47	24
162	13	26	0	59	23	76	672	250	28	142	13	51	57	322	7	32	17	34	15	60	407	28	1739	446	0	231	410	1140	1641	1340	0	54	1531	2693	19	9	10	0	17	0	27	102	61	104	17	38	181	3	54	0	5	11	2	2	12	19	18	61	207	0	6	88	109	51	6	0	0	1	151	863	510	4301	5163	610	17	26	101	8	217	49	104	52	23
185	10	2	0	134	696	569	243	104	463	43	4	230	4	373	1418	1	4	2	0	18	278	81	548	321	5	6	18	492	581	454	0	357	344	521	15	0	0	0	11	0	3	54	3	138	3	12	24	1	9	22	10	0	0	0	9	0	13	2	41	0	0	0	45	3	1	0	0	0	13	364	7	1010	610	3300	116	0	8	0	12	1	14	0	0
1	0	0	0	8	198	50	2	15	6	3	0	2	0	2	34	0	0	0	0	0	0	0	0	13	0	0	0	9	25	0	0	187	0	114	0	0	0	0	0	0	1	0	0	2	0	0	1	0	0	0	0	0	0	0	0	0	0	0	1	0	0	0	0	0	0	0	0	0	0	6	0	4	17	116	325	0	0	0	0	0	0	0	0
0	3	0	0	0	0	0	3	6	1	1	93	0	259	2	0	0	0	0	0	0	0	1	2	0	140	2	12	2	8	2	0	2	3	21	0	16	0	0	0	0	0	0	0	0	0	2	0	2	0	0	0	0	0	0	0	0	0	0	0	0	18	5	0	0	0	0	0	0	0	18	184	106	26	0	0	439	0	5	4	0	0	0	5
132	93	198	0	273	12	75	340	117	268	43	29	435	12	167	8	5	37	16	1	21	44	111	185	320	0	438	385	582	804	312	1	11	401	836	180	384	132	0	669	7	967	294	650	1123	1946	396	3032	16	449	17	295	369	291	126	1579	813	236	2626	3442	17	642	2402	1508	193	285	2	11	2	412	640	90	538	101	8	0	0	15094	3699	1158	522	3321	278	35
6	44	1634	0	97	0	2	71	4	25	6	20	34	498	6	0	5	465	13	84	3	85	84	527	10	22	1198	857	54	37	129	4	0	30	61	29	288	457	0	132	0	100	70	73	108	406	1107	520	572	50	0	233	1317	452	733	351	196	123	1238	644	76	2408	1651	334	106	158	64	3	1	405	85	272	43	8	0	0	5	3699	9892	918	307	511	81	51
26	493	230	0	117	5	14	91	37	2	51	22	122	39	36	2	1	69	11	13	7	101	94	260	21	16	181	722	119	251	120	4	3	139	237	31	911	137	0	170	0	301	90	231	218	1539	2552	1820	247	252	3	36	641	654	597	953	1300	267	921	716	48	1034	1615	592	378	1460	47	5	52	5010	267	101	325	217	12	0	4	1158	918	11824	1980	273	387	163
1	58	61	0	3	0	1	4	1	0	0	1	35	1	1	1	0	3	0	1	1	15	6	68	0	0	27	92	6	4	6	0	0	3	5	0	165	20	0	17	0	100	17	128	34	121	216	106	4	69	0	0	58	172	41	44	246	42	253	91	5	153	240	168	26	164	0	3	0	414	47	5	54	49	1	0	0	522	307	1980	2318	79	222	33
58	16	17	0	138	8	65	161	86	20	19	22	385	10	92	6	0	2	15	0	25	14	9	7	32	0	178	46	137	692	145	1	9	339	672	26	82	17	0	398	105	1327	76	1007	478	1227	411	2829	48	551	444	22	5	25	29	1006	23	59	57	1738	12	119	302	187	245	27	0	24	0	492	336	63	480	104	14	0	0	3321	511	273	79	5638	466	1
0	10	10	0	35	7	7	11	22	0	9	0	18	1	11	0	0	0	0	0	1	5	1	2	2	2	2	15	17	45	2	0	6	11	50	9	18	2	0	88	134	509	15	862	32	322	147	193	16	493	3	1	5	15	5	155	73	8	44	243	1	11	24	228	50	21	0	72	0	630	2	14	47	52	0	0	0	278	81	387	222	466	2145	25
0	1	1	0	1	0	0	7	12	0	8	3	1	41	1	0	0	0	0	0	0	0	0	0	2	0	2	4	4	22	0	0	1	0	22	0	3	0	0	0	0	2	0	14	6	5	39	2	68	5	0	0	0	0	2	3	0	1	2	2	18	0	4	0	2	0	0	0	0	136	0	15	24	23	0	0	5	35	51	163	33	1	25	337
