0.0234061349861	6.82195715129e-06	0.000948252044029	0	0.00034450883614	0	5.45756572103e-05	0.00973834383346	0.00407611939789	0.00282770123921	0.00590099293586	0.001848750388	3.75207643321e-05	3.41097857564e-05	0.0148684556112	2.04658714539e-05	1.02329357269e-05	0.000856155622487	0.000218302628841	0.00104375944415	0.00140532317317	0.000491180914893	0.000177370885933	0.00063444201507	0.00221031411702	0	0.00121089739435	0.000535523636376	0.00255823393173	0.0110208717779	0.00577137574999	0	0	8.86854429667e-05	0.00583618434293	4.43427214834e-05	6.82195715129e-05	3.41097857564e-06	0	2.38768500295e-05	3.41097857564e-06	6.48085929372e-05	0.000194425778812	0.000143261100177	0.00162021482343	2.38768500295e-05	6.82195715129e-06	3.41097857564e-06	3.41097857564e-06	0.000330864921837	0	6.82195715129e-05	6.82195715129e-05	3.41097857564e-06	7.50415286642e-05	2.72878286051e-05	0.000115973271572	6.82195715129e-06	0.000361563729018	0.000692428650856	5.79866357859e-05	0.000112562292996	0.000105740335845	8.52744643911e-05	0.000429783300531	0.00125182913726	3.41097857564e-06	3.41097857564e-06	8.18634858154e-05	0.000569633422132	0.000583277336435	0.000354741771867	0.00475831511302	0.000559400486406	1.70548928782e-05	0	1.02329357269e-05	0.000160315993055	3.41097857564e-05	0.000511646786347	0.000150083057328	0	0.000184192843085	2.38768500295e-05
6.82195715129e-06	0.00962919251904	0.000364974707594	0	0	0	3.41097857564e-06	1.36439143026e-05	6.82195715129e-06	0.0029402635322	2.04658714539e-05	8.52744643911e-05	0	0.000590099293586	6.82195715129e-06	0	9.89183786937e-05	0.000269467307476	2.72878286051e-05	8.52744643911e-05	0	3.75207643321e-05	0.00324725160401	0.000262645350325	0.00235698619577	0.000760648222369	0.0010642253156	0.00485382251314	0.000105740335845	3.75207643321e-05	4.43427214834e-05	3.41097857564e-06	0	3.41097857564e-06	0.000208069693114	0	0.0038237069833	3.41097857564e-06	0	0	1.70548928782e-05	1.02329357269e-05	0	2.04658714539e-05	8.86854429667e-05	0	0.00013302816445	0	0.000378618621896	2.04658714539e-05	0	1.70548928782e-05	5.11646786347e-05	2.72878286051e-05	8.86854429667e-05	0	0	0.000327453943262	2.72878286051e-05	0.000214891650266	0.00101647161554	0.00039908449335	0.00347919814716	0	1.02329357269e-05	0	6.82195715129e-05	6.82195715129e-06	0	1.70548928782e-05	0.000259234371749	9.5507400118e-05	0.000228535564568	1.70548928782e-05	0	0	6.82195715129e-06	3.06988071808e-05	4.7753700059e-05	5.11646786347e-05	4.43427214834e-05	0	2.38768500295e-05	0
0.000948252044029	0.000364974707594	0.0479378929021	0	6.82195715129e-06	3.41097857564e-06	7.16305500885e-05	0.00449908074127	0.00162362580201	0.000419550364804	0.00191014800236	0.000382029600472	3.41097857564e-06	9.5507400118e-05	0.00245590457446	0	0.000661729843675	0.0131083906662	0.000300166114657	0.000573044400708	3.75207643321e-05	0.00176688690218	0.00100964965839	0.0135108861381	0.0016099818877	3.41097857564e-06	0.00955415099038	0.0181429950438	0.00127911696587	0.000225124585992	0.00499026165617	3.41097857564e-06	0	4.7753700059e-05	0.00106763629418	0.000184192843085	0.00626937862203	0.00256505588888	0	3.41097857564e-06	6.82195715129e-06	3.06988071808e-05	6.82195715129e-05	0.000153494035904	3.75207643321e-05	1.36439143026e-05	0.000115973271572	3.06988071808e-05	0.000279700243203	0.000238768500295	0	0.000235357521719	0.00333934802556	0.000160315993055	0.00252412414598	1.70548928782e-05	0.000249001436022	0.000105740335845	0.00107104727275	0.000310399050384	0.00047753700059	0.00404200961214	0.00809425216	0.000405906450502	0.000204658714539	0.000385440579048	2.38768500295e-05	0	0.000136439143026	0.000300166114657	0.00496979578471	0.00423984636952	0.000941430086878	0.00013302816445	1.02329357269e-05	3.41097857564e-06	3.41097857564e-06	0.000405906450502	0.00146672078753	0.000388851557623	0.000139850121601	5.45756572103e-05	3.41097857564e-05	3.75207643321e-05
0	0	0	0	0	0	0	0	0	0	0	0	0	0	0	0	0	0	0	0	0	0	0	0	0	0	0	0	0	0	0	0	0	0	0	0	0	0	0	0	0	0	0	0	0	0	0	0	0	0	0	0	0	0	0	0	0	0	0	0	0	0	0	0	0	0	0	0	0	0	0	0	0	0	0	0	0	0	0	0	0	0	0	0
0.00034450883614	0	6.82195715129e-06	0	0.0144250283964	1.70548928782e-05	0.000446838193409	0.000972128894058	0.000699250608007	0.00170207830925	0.00353377380437	0.000208069693114	0.00293344157505	6.82195715129e-06	0.000405906450502	0.000105740335845	0	1.70548928782e-05	2.38768500295e-05	9.20964215424e-05	0.00963601447619	6.82195715129e-06	1.02329357269e-05	1.70548928782e-05	0.0025070692531	0	6.13976143616e-05	4.09317429077e-05	0.00310740148241	0.000576455379284	1.36439143026e-05	0	6.82195715129e-06	1.02329357269e-05	0.00087662149394	6.82195715129e-06	0	0	0	0.00133369262308	0	0.000119384250148	6.82195715129e-06	3.06988071808e-05	0.000300166114657	0.000388851557623	2.72878286051e-05	0.000201247735963	3.41097857564e-06	5.45756572103e-05	3.41097857564e-06	1.36439143026e-05	3.41097857564e-06	0	3.41097857564e-06	0.000692428650856	0	0	6.82195715129e-06	0.00143943295892	0	6.82195715129e-06	3.41097857564e-06	0.000747004308066	7.84525072398e-05	3.06988071808e-05	0	0	6.82195715129e-06	9.89183786937e-05	0.00034450883614	8.18634858154e-05	0.00100623867981	0.000310399050384	0.000122795228723	1.02329357269e-05	0	4.09317429077e-05	0	0.000105740335845	1.70548928782e-05	8.18634858154e-05	3.06988071808e-05	1.02329357269e-05
0	0	3.41097857564e-06	0	1.70548928782e-05	0.00277994753915	0.00152811840189	4.09317429077e-05	0.000920964215424	0.000136439143026	0.000170548928782	1.70548928782e-05	6.13976143616e-05	3.41097857564e-06	0.000153494035904	0.000450249171985	3.41097857564e-06	0	3.41097857564e-06	6.82195715129e-06	6.13976143616e-05	6.82195715129e-06	0	0	1.36439143026e-05	0	3.41097857564e-06	3.41097857564e-06	6.48085929372e-05	2.72878286051e-05	3.41097857564e-06	0	0.000849333665335	3.41097857564e-06	0.0002660563289	0	0	0	0	6.82195715129e-06	0	0	0	6.82195715129e-06	1.36439143026e-05	0	0	3.41097857564e-06	0	1.36439143026e-05	0	0	0	0	0	0	0	0	2.72878286051e-05	1.02329357269e-05	0	0	0	6.82195715129e-06	6.82195715129e-06	0	0	3.41097857564e-06	0	1.02329357269e-05	0.00018760382166	2.72878286051e-05	0.000122795228723	2.04658714539e-05	0.000511646786347	0.000637852993645	0	1.02329357269e-05	0	2.04658714539e-05	0	0	1.36439143026e-05	0
5.45756572103e-05	3.41097857564e-06	7.16305500885e-05	0	0.000446838193409	0.00152811840189	0.0297505551368	0.00459458814139	0.0119077262076	0.000859566601062	0.0150458264972	0.000641263972221	0.00669916192256	7.84525072398e-05	0.00153152938046	0.00061056516504	1.36439143026e-05	1.02329357269e-05	7.84525072398e-05	0.000214891650266	0.00208069693114	5.11646786347e-05	0	0.00013302816445	0.000153494035904	0	0.000283111221778	7.16305500885e-05	0.00350307499719	0.000648085929372	0.00015690501448	3.41097857564e-06	0.000330864921837	1.02329357269e-05	0.00150424155186	6.82195715129e-06	0	0	0	2.72878286051e-05	3.41097857564e-06	3.06988071808e-05	1.36439143026e-05	6.48085929372e-05	3.06988071808e-05	2.38768500295e-05	1.02329357269e-05	2.04658714539e-05	0	0.000136439143026	0	0	0	1.02329357269e-05	3.41097857564e-06	1.02329357269e-05	6.82195715129e-06	0	0.000218302628841	9.89183786937e-05	0	6.82195715129e-06	3.41097857564e-06	8.18634858154e-05	9.5507400118e-05	3.06988071808e-05	0	2.72878286051e-05	6.82195715129e-06	6.82195715129e-05	0.00176347592361	0.000613976143616	0.00239109598153	0.00144625491607	0.00227853368853	0.000146672078753	3.41097857564e-06	3.41097857564e-05	6.82195715129e-06	0.000194425778812	3.75207643321e-05	3.41097857564e-06	4.43427214834e-05	6.82195715129e-05
0.00973834383346	1.36439143026e-05	0.00449908074127	0	0.000972128894058	4.09317429077e-05	0.00459458814139	0.0602481145816	0.0112801061497	0.00179417473079	0.0192140423166	0.00120748641578	0.000907320301121	2.38768500295e-05	0.0137325997455	7.16305500885e-05	6.82195715129e-06	0.00448543682697	0.000310399050384	0.00183851745227	0.00157246112337	0.0046628077129	2.38768500295e-05	0.00767811277377	0.00286181102496	0	0.00483335664169	0.00234675326004	0.0235391631505	0.0036838568617	0.0216870017839	3.41097857564e-06	4.09317429077e-05	0.000685606693704	0.00666164115823	2.04658714539e-05	0.000310399050384	1.02329357269e-05	0	0.000334275900413	6.82195715129e-06	5.11646786347e-05	2.72878286051e-05	6.13976143616e-05	0.000538934614952	0.000177370885933	3.06988071808e-05	5.45756572103e-05	1.70548928782e-05	0.00018760382166	2.72878286051e-05	6.82195715129e-05	2.38768500295e-05	2.04658714539e-05	5.11646786347e-05	0.000160315993055	2.72878286051e-05	6.82195715129e-06	0.000641263972221	0.00102670455127	6.13976143616e-05	0.000460482107712	0.000491180914893	0.000787936050974	0.000180781864509	0.000160315993055	6.82195715129e-06	3.41097857564e-06	0	0.00076747017952	0.00153835133762	0.000661729843675	0.00573044400708	0.0014701317661	0.000201247735963	7.50415286642e-05	3.41097857564e-06	0.000675373757977	9.5507400118e-05	0.000985772808361	0.000214891650266	3.75207643321e-05	0.000194425778812	2.38768500295e-05
0.00407611939789	6.82195715129e-06	0.00162362580201	0	0.000699250608007	0.000920964215424	0.0119077262076	0.0112801061497	0.0432375644249	0.00147695372325	0.0181054742795	0.00211821769547	0.00169184537352	0.000136439143026	0.0164477386918	0.00015690501448	2.38768500295e-05	0.000494591893468	0.000235357521719	0.000433194279107	0.00247295946734	0.000583277336435	3.75207643321e-05	0.0023672191315	0.00171231124497	0	0.000794758008125	0.000573044400708	0.0060783638218	0.00308011365381	0.00316197713962	6.82195715129e-06	0.000576455379284	7.50415286642e-05	0.00476513707017	3.41097857564e-05	1.36439143026e-05	0	0	0.00028993317893	8.18634858154e-05	0.000194425778812	4.09317429077e-05	0.000388851557623	0.000385440579048	0.00036838568617	5.11646786347e-05	0.000136439143026	0	0.000573044400708	0	0	1.70548928782e-05	3.75207643321e-05	2.04658714539e-05	0.00032063198611	2.72878286051e-05	6.82195715129e-06	0.00149741959471	0.000794758008125	1.02329357269e-05	6.48085929372e-05	6.48085929372e-05	0.000620798100767	0.000262645350325	0.000214891650266	0	9.5507400118e-05	1.02329357269e-05	0.000474126022014	0.00260598763179	0.000996005744088	0.00608859675752	0.00235357521719	0.00144625491607	0.000283111221778	6.82195715129e-06	0.000361563729018	3.75207643321e-05	0.00102329357269	0.000249001436022	2.04658714539e-05	0.000385440579048	0.000146672078753
0.00282770123921	0.0029402635322	0.000419550364804	0	0.00170207830925	0.000136439143026	0.000859566601062	0.00179417473079	0.00147695372325	0.042296134338	0.0005321126578	0.000293344157505	0.00226147879565	0.00055598950783	0.00376913132609	0.00131322675162	0.00066514082225	0.000208069693114	7.16305500885e-05	0.000201247735963	0.00175324298788	0.000255823393173	0.00804990943852	0.000511646786347	0.0214175344765	0.000576455379284	0.00101647161554	0.00230582151714	0.0104751152058	0.00407270841932	0.00167479048064	3.41097857564e-06	6.48085929372e-05	0.000347919814716	0.0022546568385	0.000334275900413	0.000375207643321	3.41097857564e-05	0	0.0030528258252	3.41097857564e-06	0.000774292136671	0.00116314369429	0.00108810216563	0.0117064784716	0.00047753700059	0.000126206207299	0.000671962779402	3.41097857564e-05	0.00178394179506	6.82195715129e-06	0.0033325260684	0.000105740335845	1.02329357269e-05	7.16305500885e-05	0.00108810216563	0.000317221007535	0.00190332604521	0.000405906450502	0.009943002548	1.02329357269e-05	0.000194425778812	0.000692428650856	0.0036838568617	0.00182487353797	0.00420914756234	0	3.41097857564e-06	0.000245590457446	0.00362928120448	0.00485382251314	0.000631031036494	0.00273560481767	0.000460482107712	0.0015963379734	0.000105740335845	0	0.00272878286051	0.000160315993055	0.00414092799083	0.00104034846557	0.000695839629431	0.00137803534456	8.86854429667e-05
0.00590099293586	2.04658714539e-05	0.00191014800236	0	0.00353377380437	0.000170548928782	0.0150458264972	0.0192140423166	0.0181054742795	0.0005321126578	0.0640718215649	0.00547803159248	0.00957461686183	0.000272878286051	0.0121806044936	5.79866357859e-05	1.70548928782e-05	0.000781114093822	0.000535523636376	0.00105399237987	0.0143090551248	0.000777703115247	3.06988071808e-05	0.00268785111761	0.000815223879579	0	0.00150083057328	0.000794758008125	0.0102022369197	0.00856837818202	0.00357470554727	1.70548928782e-05	9.5507400118e-05	2.38768500295e-05	0.0107957471919	1.02329357269e-05	5.45756572103e-05	1.02329357269e-05	0	0.000436605257682	0	7.50415286642e-05	1.70548928782e-05	2.38768500295e-05	7.16305500885e-05	0.000371796664745	1.70548928782e-05	0.000129617185874	6.82195715129e-06	6.48085929372e-05	0	3.41097857564e-06	1.02329357269e-05	3.41097857564e-06	3.41097857564e-06	0.000402495471926	2.38768500295e-05	6.82195715129e-06	0.000484358957741	0.00074359332949	4.43427214834e-05	4.43427214834e-05	6.48085929372e-05	0.000661729843675	8.18634858154e-05	2.38768500295e-05	3.41097857564e-06	0	0	8.52744643911e-05	0.00308693561096	0.001961312681	0.0110242827565	0.00142578904462	0.000498002872044	0.000115973271572	1.70548928782e-05	8.18634858154e-05	6.82195715129e-06	0.000122795228723	5.45756572103e-05	3.41097857564e-06	3.06988071808e-05	1.70548928782e-05
0.001848750388	8.52744643911e-05	0.000382029600472	0	0.000208069693114	1.70548928782e-05	0.000641263972221	0.00120748641578	0.00211821769547	0.000293344157505	0.00547803159248	0.0330216835908	0.00187944919518	0.00279018047488	0.00256505588888	0	9.89183786937e-05	0.00185898332373	0.00332229313268	0.0133812689522	0.00220690313844	0.00071289452231	0.000102329357269	0.000931197151151	0.000371796664745	0.000487769936317	0.00781114093822	0.00191014800236	0.00112221195139	0.0063717079793	0.000361563729018	0.000109151314421	0.000102329357269	0.000337686878989	0.01506288139	1.02329357269e-05	0.000402495471926	6.82195715129e-06	0	2.72878286051e-05	1.02329357269e-05	6.82195715129e-06	1.70548928782e-05	4.43427214834e-05	8.86854429667e-05	3.75207643321e-05	0.000143261100177	1.36439143026e-05	0.000440016236258	6.82195715129e-05	0	1.02329357269e-05	3.41097857564e-06	7.16305500885e-05	3.41097857564e-05	3.75207643321e-05	1.70548928782e-05	3.75207643321e-05	6.13976143616e-05	0.000112562292996	0.000764059200944	0.000620798100767	0.000770881158095	7.84525072398e-05	5.11646786347e-05	4.09317429077e-05	0.000173959907358	0	1.36439143026e-05	3.41097857564e-05	0.0054473327853	0.00667187409396	0.0156973234051	0.00133369262308	4.7753700059e-05	3.41097857564e-06	0.0002660563289	0.000613976143616	0.000245590457446	4.7753700059e-05	3.06988071808e-05	1.02329357269e-05	5.79866357859e-05	1.36439143026e-05
3.75207643321e-05	0	3.41097857564e-06	0	0.00293344157505	6.13976143616e-05	0.00669916192256	0.000907320301121	0.00169184537352	0.00226147879565	0.00957461686183	0.00187944919518	0.0274856653625	0.000163726971631	0.00145989883038	0.00159974895198	0	3.41097857564e-06	0.000109151314421	0.000163726971631	0.0107684593633	2.04658714539e-05	6.82195715129e-06	1.70548928782e-05	0.00237745206722	0	0.000412728407653	2.38768500295e-05	0.00122113033008	0.00120066445863	2.04658714539e-05	1.02329357269e-05	7.50415286642e-05	6.82195715129e-06	0.00336663585416	6.82195715129e-06	3.41097857564e-06	0	0	0.000242179478871	0	1.70548928782e-05	3.41097857564e-06	1.02329357269e-05	7.16305500885e-05	5.11646786347e-05	1.36439143026e-05	0.000238768500295	0	4.43427214834e-05	0	0	3.41097857564e-06	0	3.41097857564e-06	0.000170548928782	0	0	0	0.000238768500295	0	6.82195715129e-06	3.41097857564e-06	0.000102329357269	4.43427214834e-05	2.38768500295e-05	0	0	0	4.7753700059e-05	0.00142578904462	0.00109833510136	0.00409658526935	0.000729949415188	0.000528701679225	8.86854429667e-05	6.82195715129e-06	2.72878286051e-05	0	5.11646786347e-05	3.41097857564e-06	6.13976143616e-05	3.41097857564e-06	1.02329357269e-05
3.41097857564e-05	0.000590099293586	9.5507400118e-05	0	6.82195715129e-06	3.41097857564e-06	7.84525072398e-05	2.38768500295e-05	0.000136439143026	0.00055598950783	0.000272878286051	0.00279018047488	0.000163726971631	0.0168434122065	6.13976143616e-05	0	3.75207643321e-05	8.86854429667e-05	7.50415286642e-05	8.86854429667e-05	0.00021148067169	1.36439143026e-05	0.00061056516504	3.06988071808e-05	0.000269467307476	0.00448884780555	0.00489816523462	0.00574067694281	2.38768500295e-05	0.000170548928782	1.36439143026e-05	5.11646786347e-05	2.38768500295e-05	0	0.000378618621896	3.41097857564e-06	0.000218302628841	3.41097857564e-06	0	0	0	0	0	0	0	0	0.00110515705851	0	0.0040897633122	1.02329357269e-05	0	0	3.41097857564e-06	7.84525072398e-05	2.04658714539e-05	0	0	3.41097857564e-06	0	0	0.00299825016799	0.00114267782284	0.00196813463815	0	6.82195715129e-06	3.41097857564e-06	0.00121430837293	0	0	6.82195715129e-06	0.000105740335845	0.00429442202674	0.00142578904462	6.48085929372e-05	1.36439143026e-05	3.41097857564e-06	0.000709483543734	1.36439143026e-05	0.000596921250738	0	0	0	0	3.41097857564e-05
0.0148684556112	6.82195715129e-06	0.00245590457446	0	0.000405906450502	0.000153494035904	0.00153152938046	0.0137325997455	0.0164477386918	0.00376913132609	0.0121806044936	0.00256505588888	0.00145989883038	6.13976143616e-05	0.0436093610896	6.82195715129e-05	9.5507400118e-05	0.00109492412278	0.00015690501448	0.000569633422132	0.00220008118129	0.000907320301121	0.000443427214834	0.00276971460342	0.00393968025487	0	0.00106081433703	0.000920964215424	0.00474126022014	0.0155028976263	0.00670598387972	3.41097857564e-06	0.000405906450502	0.000474126022014	0.00727561730185	6.82195715129e-05	3.06988071808e-05	6.82195715129e-06	0	0.000105740335845	3.41097857564e-06	0.000102329357269	8.18634858154e-05	0.000180781864509	0.00182146255939	0.000109151314421	2.38768500295e-05	3.41097857564e-05	6.82195715129e-06	0.000419550364804	3.41097857564e-06	0.000139850121601	6.48085929372e-05	3.41097857564e-06	7.84525072398e-05	0.000102329357269	0.00013302816445	1.36439143026e-05	0.00150083057328	0.00087662149394	2.04658714539e-05	0.00015690501448	9.89183786937e-05	0.000440016236258	0.000576455379284	0.00119725348005	0	3.41097857564e-06	0.000126206207299	0.000907320301121	0.00171231124497	0.000924375193999	0.00599650033598	0.000825456815306	0.000770881158095	0.000228535564568	6.82195715129e-06	0.000436605257682	5.45756572103e-05	0.000852744643911	0.000269467307476	1.70548928782e-05	0.000269467307476	1.36439143026e-05
2.04658714539e-05	0	0	0	0.000105740335845	0.000450249171985	0.00061056516504	7.16305500885e-05	0.00015690501448	0.00131322675162	5.79866357859e-05	0	0.00159974895198	0	6.82195715129e-05	0.0037111446903	0	0	0	0	1.02329357269e-05	0	1.02329357269e-05	3.41097857564e-06	0.00115632173714	0	0	6.82195715129e-06	0.000218302628841	3.41097857564e-05	1.02329357269e-05	0	3.41097857564e-05	3.41097857564e-06	2.04658714539e-05	0	3.41097857564e-06	0	0	1.02329357269e-05	0	3.41097857564e-06	0	0	1.02329357269e-05	0	0	3.41097857564e-06	0	0	0	0	0	0	0	3.41097857564e-06	0	6.82195715129e-06	0	2.04658714539e-05	0	0	1.02329357269e-05	6.82195715129e-06	0	3.41097857564e-06	0	0	0	3.41097857564e-06	2.38768500295e-05	0	3.06988071808e-05	0	0.00157587210195	3.41097857564e-06	0	0	0	3.41097857564e-06	0	0	0	0
1.02329357269e-05	9.89183786937e-05	0.000661729843675	0	0	3.41097857564e-06	1.36439143026e-05	6.82195715129e-06	2.38768500295e-05	0.00066514082225	1.70548928782e-05	9.89183786937e-05	0	3.75207643321e-05	9.5507400118e-05	0	0.0230241053856	0.000668551800826	4.09317429077e-05	0.000225124585992	6.82195715129e-06	0.0030255379966	0.0134222006952	0.00673327170832	0.0109697070993	2.38768500295e-05	0.00122113033008	0.00763377005229	0.0039772010192	0.000143261100177	0.000177370885933	0	3.41097857564e-06	3.41097857564e-06	0.00034450883614	0	0.000160315993055	1.36439143026e-05	0	0	0	6.82195715129e-06	3.41097857564e-06	3.41097857564e-06	0.000238768500295	0	3.41097857564e-06	0	3.41097857564e-06	4.09317429077e-05	0	0.00291638668218	1.36439143026e-05	6.82195715129e-06	5.11646786347e-05	0	0.00112903390854	0.00617387122191	0.00388510459766	0.000446838193409	0.000153494035904	0.000167137950207	0.000545756572103	0.000559400486406	2.04658714539e-05	4.7753700059e-05	0	0	2.04658714539e-05	3.41097857564e-05	0.00244908261731	0.000617387122191	0.000641263972221	0.000160315993055	1.02329357269e-05	1.70548928782e-05	0	0.000122795228723	5.45756572103e-05	3.06988071808e-05	5.11646786347e-05	0	6.82195715129e-06	2.72878286051e-05
0.000856155622487	0.000269467307476	0.0131083906662	0	1.70548928782e-05	0	1.02329357269e-05	0.00448543682697	0.000494591893468	0.000208069693114	0.000781114093822	0.00185898332373	3.41097857564e-06	8.86854429667e-05	0.00109492412278	0	0.000668551800826	0.0370329943958	0.000385440579048	0.00763377005229	7.16305500885e-05	0.00145989883038	0.000944841065453	0.0148718665898	0.00120066445863	3.41097857564e-06	0.0131288565377	0.00626255666488	0.00106763629418	0.000583277336435	0.00568951226417	3.41097857564e-06	0	0.00021148067169	0.00791005931692	0.000115973271572	0.00132345968735	0.00036838568617	0	3.41097857564e-06	1.70548928782e-05	1.36439143026e-05	3.41097857564e-06	7.84525072398e-05	2.04658714539e-05	6.82195715129e-06	3.41097857564e-06	3.41097857564e-06	3.75207643321e-05	0.000191014800236	0	6.48085929372e-05	0.000620798100767	4.7753700059e-05	0.000972128894058	3.41097857564e-06	0.000153494035904	7.50415286642e-05	0.000201247735963	9.20964215424e-05	0.000126206207299	0.00184192843085	0.00182487353797	0.000160315993055	0.000136439143026	0.000228535564568	3.41097857564e-05	1.36439143026e-05	9.5507400118e-05	9.89183786937e-05	0.00353377380437	0.00259234371749	0.00499026165617	0.000740182350915	3.41097857564e-06	3.41097857564e-06	0	0.000163726971631	0.00055598950783	0.000119384250148	8.86854429667e-05	1.36439143026e-05	3.75207643321e-05	6.82195715129e-06
0.000218302628841	2.72878286051e-05	0.000300166114657	0	2.38768500295e-05	3.41097857564e-06	7.84525072398e-05	0.000310399050384	0.000235357521719	7.16305500885e-05	0.000535523636376	0.00332229313268	0.000109151314421	7.50415286642e-05	0.00015690501448	0	4.09317429077e-05	0.000385440579048	0.00702661586583	0.00262304252467	0.000150083057328	6.13976143616e-05	5.11646786347e-05	0.000245590457446	0.000126206207299	1.36439143026e-05	0.00260257665322	0.000474126022014	0.000231946543144	0.000685606693704	0.000201247735963	3.41097857564e-06	3.41097857564e-06	6.48085929372e-05	0.00122454130866	3.41097857564e-06	0.000122795228723	0	0	3.41097857564e-06	0	0	0	0	3.06988071808e-05	6.82195715129e-06	1.70548928782e-05	3.41097857564e-06	2.38768500295e-05	3.41097857564e-06	0	0	0	0.00013302816445	0.000102329357269	1.02329357269e-05	1.02329357269e-05	6.82195715129e-06	1.70548928782e-05	3.41097857564e-05	0.000494591893468	0.000443427214834	0.000385440579048	3.06988071808e-05	2.04658714539e-05	2.04658714539e-05	2.38768500295e-05	0	1.70548928782e-05	1.36439143026e-05	0.000631031036494	0.000835689751033	0.00160657090913	0.000143261100177	1.36439143026e-05	3.41097857564e-06	6.82195715129e-06	6.13976143616e-05	0	6.82195715129e-06	6.82195715129e-06	0	3.41097857564e-06	0
0.00104375944415	8.52744643911e-05	0.000573044400708	0	9.20964215424e-05	6.82195715129e-06	0.000214891650266	0.00183851745227	0.000433194279107	0.000201247735963	0.00105399237987	0.0133812689522	0.000163726971631	8.86854429667e-05	0.000569633422132	0	0.000225124585992	0.00763377005229	0.00262304252467	0.0280552987847	0.000429783300531	0.000975539872634	0.000221713607417	0.00217279335268	0.000354741771867	7.50415286642e-05	0.014878688547	0.00304941484663	0.00111538999424	0.00115632173714	0.00138826828029	6.82195715129e-06	1.02329357269e-05	0.000375207643321	0.0121567276436	0	0.000603743207889	4.09317429077e-05	0	6.82195715129e-06	0	0	1.70548928782e-05	0	7.16305500885e-05	1.02329357269e-05	6.82195715129e-06	6.82195715129e-06	4.43427214834e-05	1.36439143026e-05	0	1.36439143026e-05	3.41097857564e-06	4.7753700059e-05	0.000102329357269	6.82195715129e-06	6.82195715129e-06	6.13976143616e-05	6.13976143616e-05	4.09317429077e-05	0.000859566601062	0.000603743207889	0.0010778692299	1.70548928782e-05	3.75207643321e-05	2.04658714539e-05	3.06988071808e-05	0	1.70548928782e-05	3.75207643321e-05	0.00680490225841	0.00231946543144	0.00924034096142	0.00106763629418	2.04658714539e-05	3.41097857564e-06	3.41097857564e-06	0.00108810216563	3.41097857564e-06	4.7753700059e-05	3.06988071808e-05	1.36439143026e-05	1.02329357269e-05	0
0.00140532317317	0	3.75207643321e-05	0	0.00963601447619	6.13976143616e-05	0.00208069693114	0.00157246112337	0.00247295946734	0.00175324298788	0.0143090551248	0.00220690313844	0.0107684593633	0.00021148067169	0.00220008118129	1.02329357269e-05	6.82195715129e-06	7.16305500885e-05	0.000150083057328	0.000429783300531	0.0287136176498	5.45756572103e-05	1.02329357269e-05	0.000136439143026	0.00164750265204	0	0.000545756572103	0.000163726971631	0.00428760006958	0.00301189408229	4.7753700059e-05	6.82195715129e-06	9.20964215424e-05	6.82195715129e-06	0.00513011177777	1.02329357269e-05	2.04658714539e-05	6.82195715129e-06	0	0.00167137950207	0	0.000153494035904	1.02329357269e-05	2.04658714539e-05	0.000173959907358	0.000593510272162	3.06988071808e-05	0.000283111221778	6.82195715129e-06	5.79866357859e-05	0	0	1.36439143026e-05	3.41097857564e-06	1.02329357269e-05	0.000893676386819	1.02329357269e-05	3.41097857564e-06	2.72878286051e-05	0.00195449072384	1.70548928782e-05	1.02329357269e-05	2.38768500295e-05	0.000975539872634	0.000112562292996	3.41097857564e-05	0	0	0	9.20964215424e-05	0.00264009741755	0.00123136326581	0.00562129269266	0.000944841065453	0.000310399050384	0.000136439143026	6.82195715129e-06	6.13976143616e-05	3.41097857564e-06	0.000150083057328	3.06988071808e-05	8.52744643911e-05	2.04658714539e-05	3.41097857564e-05
0.000491180914893	3.75207643321e-05	0.00176688690218	0	6.82195715129e-06	6.82195715129e-06	5.11646786347e-05	0.0046628077129	0.000583277336435	0.000255823393173	0.000777703115247	0.00071289452231	2.04658714539e-05	1.36439143026e-05	0.000907320301121	0	0.0030255379966	0.00145989883038	6.13976143616e-05	0.000975539872634	5.45756572103e-05	0.0419516255018	0.00203294323108	0.020721694847	0.00217961530984	1.02329357269e-05	0.000941430086878	0.001736188095	0.00858884405347	0.000566222443557	0.0138724498671	0	1.02329357269e-05	5.11646786347e-05	0.0100453319053	1.02329357269e-05	0.000112562292996	7.16305500885e-05	0	0	3.41097857564e-06	5.79866357859e-05	2.72878286051e-05	0.000115973271572	4.7753700059e-05	0	6.82195715129e-06	3.41097857564e-06	0	4.7753700059e-05	6.82195715129e-06	0.000351330793291	4.7753700059e-05	1.02329357269e-05	4.7753700059e-05	0	0.00103011552984	0.00133710360165	0.0024934253388	0.000269467307476	3.75207643321e-05	6.82195715129e-05	0.000695839629431	0.000440016236258	0.000668551800826	0.000706072565158	0	6.82195715129e-06	0.000692428650856	0.000644674950797	0.00746663210208	0.00154176231619	0.00810107411715	0.00135074751595	2.38768500295e-05	2.38768500295e-05	1.02329357269e-05	0.000194425778812	4.7753700059e-05	0.000119384250148	0.000129617185874	3.41097857564e-05	3.41097857564e-05	3.41097857564e-05
0.000177370885933	0.00324725160401	0.00100964965839	0	1.02329357269e-05	0	0	2.38768500295e-05	3.75207643321e-05	0.00804990943852	3.06988071808e-05	0.000102329357269	6.82195715129e-06	0.00061056516504	0.000443427214834	1.02329357269e-05	0.0134222006952	0.000944841065453	5.11646786347e-05	0.000221713607417	1.02329357269e-05	0.00203294323108	0.0337345781131	0.00852062448196	0.0142237806604	0.000624209079343	0.00181805158082	0.0117064784716	0.00413410603368	0.000736771372339	0.000972128894058	0	3.41097857564e-06	5.45756572103e-05	0.000395673514775	0	0.00126206207299	3.41097857564e-05	0	0	0	8.52744643911e-05	2.04658714539e-05	0.000112562292996	0.00176347592361	6.82195715129e-06	2.04658714539e-05	0	7.84525072398e-05	6.82195715129e-05	0	0.00647403733657	2.04658714539e-05	6.82195715129e-06	3.06988071808e-05	0	0.00240132891725	0.0132857615521	0.0063444201507	0.00230923249571	0.00021148067169	0.000177370885933	0.00381347404757	0.00151788546616	0.000228535564568	0.000276289264627	0	0	0.000204658714539	0.000184192843085	0.00137803534456	0.000310399050384	0.000194425778812	2.38768500295e-05	6.82195715129e-06	6.82195715129e-06	0	5.79866357859e-05	0.000150083057328	6.48085929372e-05	3.41097857564e-06	0	3.41097857564e-06	0
0.00063444201507	0.000262645350325	0.0135108861381	0	1.70548928782e-05	0	0.00013302816445	0.00767811277377	0.0023672191315	0.000511646786347	0.00268785111761	0.000931197151151	1.70548928782e-05	3.06988071808e-05	0.00276971460342	3.41097857564e-06	0.00673327170832	0.0148718665898	0.000245590457446	0.00217279335268	0.000136439143026	0.020721694847	0.00852062448196	0.0835655641247	0.00284475613209	6.82195715129e-06	0.00537229125664	0.0230343383213	0.00509600199201	0.000938019108302	0.0105979104345	0	1.02329357269e-05	0.000109151314421	0.00802944356706	2.38768500295e-05	0.00108469118705	0.00145989883038	0	3.41097857564e-06	6.82195715129e-06	9.20964215424e-05	2.72878286051e-05	0.000180781864509	0.000122795228723	1.02329357269e-05	0	6.82195715129e-06	6.82195715129e-06	0.000177370885933	1.36439143026e-05	0.00377595328324	0.000999416722664	2.04658714539e-05	0.000252412414598	6.82195715129e-06	0.000781114093822	0.0115870942215	0.0112494073425	0.000409317429077	8.52744643911e-05	0.000801579965276	0.00672986072974	0.000443427214834	0.000197836757387	0.00013302816445	6.82195715129e-06	1.02329357269e-05	0.000112562292996	0.000170548928782	0.0163556422702	0.00458435520566	0.00808743020285	0.00132345968735	1.36439143026e-05	3.06988071808e-05	3.06988071808e-05	0.000351330793291	0.000306988071808	0.000324042964686	0.00032063198611	9.89183786937e-05	9.20964215424e-05	2.04658714539e-05
0.00221031411702	0.00235698619577	0.0016099818877	0	0.0025070692531	1.36439143026e-05	0.000153494035904	0.00286181102496	0.00171231124497	0.0214175344765	0.000815223879579	0.000371796664745	0.00237745206722	0.000269467307476	0.00393968025487	0.00115632173714	0.0109697070993	0.00120066445863	0.000126206207299	0.000354741771867	0.00164750265204	0.00217961530984	0.0142237806604	0.00284475613209	0.0526041115936	0.000450249171985	0.00171572222355	0.00555648409972	0.0190059726235	0.00435923061967	0.00154176231619	0	4.43427214834e-05	0.00101306063697	0.0037111446903	4.09317429077e-05	0.000306988071808	1.36439143026e-05	0	0.00155881720907	0	0.000272878286051	0.000382029600472	0.00047753700059	0.00745981014493	0.00015690501448	2.38768500295e-05	0.000255823393173	0	0.000678784736553	0	0.00312786735387	3.75207643321e-05	6.82195715129e-06	5.45756572103e-05	0.000327453943262	0.0010505814013	0.00425349028383	0.00180781864509	0.00660706550102	9.89183786937e-05	0.000191014800236	0.000573044400708	0.00299483918942	0.000818634858154	0.00165773558776	0	0	0.000129617185874	0.00195449072384	0.00513011177777	0.000808401922428	0.00266397426758	0.00063444201507	0.000245590457446	8.86854429667e-05	0	0.000709483543734	6.13976143616e-05	0.00216256041696	0.000341097857564	0.000228535564568	0.000474126022014	8.18634858154e-05
0	0.000760648222369	3.41097857564e-06	0	0	0	0	0	0	0.000576455379284	0	0.000487769936317	0	0.00448884780555	0	0	2.38768500295e-05	3.41097857564e-06	1.36439143026e-05	7.50415286642e-05	0	1.02329357269e-05	0.000624209079343	6.82195715129e-06	0.000450249171985	0.00724832947324	0.000784525072398	0.00170548928782	2.38768500295e-05	0	3.41097857564e-06	0	0	0	3.75207643321e-05	0	0.000255823393173	3.41097857564e-06	0	0	0	0	0	0	3.41097857564e-06	0	0.000695839629431	0	0.00219667020271	0	0	3.41097857564e-06	3.41097857564e-06	6.82195715129e-06	3.75207643321e-05	0	0	2.38768500295e-05	0	3.41097857564e-06	0.00156222818764	0.000177370885933	0.000903909322546	0	0	0	0.00034450883614	0	0	3.41097857564e-06	7.16305500885e-05	0.00130640479447	6.13976143616e-05	1.02329357269e-05	0	0	0.000596921250738	1.36439143026e-05	0.000549167550679	0	0	0	0	6.48085929372e-05
0.00121089739435	0.0010642253156	0.00955415099038	0	6.13976143616e-05	3.41097857564e-06	0.000283111221778	0.00483335664169	0.000794758008125	0.00101647161554	0.00150083057328	0.00781114093822	0.000412728407653	0.00489816523462	0.00106081433703	0	0.00122113033008	0.0131288565377	0.00260257665322	0.014878688547	0.000545756572103	0.000941430086878	0.00181805158082	0.00537229125664	0.00171572222355	0.000784525072398	0.0745742245993	0.0300848310372	0.00104034846557	0.00129276088017	0.00484700055599	0.000272878286051	1.36439143026e-05	0.000276289264627	0.0105365128202	0.000235357521719	0.0123647973367	0.000259234371749	0	2.04658714539e-05	0	2.04658714539e-05	4.09317429077e-05	4.09317429077e-05	0.000122795228723	7.84525072398e-05	0.000494591893468	5.79866357859e-05	0.00157587210195	0.000276289264627	6.82195715129e-06	0.000129617185874	0.000303577093232	0.00128593892302	0.00211821769547	4.7753700059e-05	0.000136439143026	0.000310399050384	0.000214891650266	0.000191014800236	0.0138349291028	0.00990548178367	0.0183954074584	0.00013302816445	0.000173959907358	0.000460482107712	0.00101306063697	3.41097857564e-06	4.43427214834e-05	0.000306988071808	0.00736430274481	0.00894358582534	0.00796122399555	0.000842511708184	3.41097857564e-05	0	1.02329357269e-05	0.000856155622487	0.00028993317893	0.000347919814716	6.82195715129e-05	2.04658714539e-05	3.06988071808e-05	1.36439143026e-05
0.000535523636376	0.00485382251314	0.0181429950438	0	4.09317429077e-05	3.41097857564e-06	7.16305500885e-05	0.00234675326004	0.000573044400708	0.00230582151714	0.000794758008125	0.00191014800236	2.38768500295e-05	0.00574067694281	0.000920964215424	6.82195715129e-06	0.00763377005229	0.00626255666488	0.000474126022014	0.00304941484663	0.000163726971631	0.001736188095	0.0117064784716	0.0230343383213	0.00555648409972	0.00170548928782	0.0300848310372	0.102141753448	0.00227853368853	0.000508235807771	0.00215232748123	0.000129617185874	6.82195715129e-06	0.00013302816445	0.00368044588312	0.0002660563289	0.0244805932374	0.00119384250148	0	1.36439143026e-05	0	2.72878286051e-05	8.86854429667e-05	9.89183786937e-05	0.000160315993055	7.16305500885e-05	0.00055598950783	5.45756572103e-05	0.00184533940942	0.000364974707594	3.41097857564e-06	0.00289592081072	0.000996005744088	0.000521879722073	0.00181805158082	3.75207643321e-05	0.000160315993055	0.00843193903899	0.00346555423285	0.000658318865099	0.00971787796201	0.00876280396083	0.0331069580552	0.000208069693114	0.000153494035904	0.000433194279107	0.000992594765512	3.41097857564e-06	1.02329357269e-05	0.00032063198611	0.0112494073425	0.00703343782298	0.00318926496823	0.000409317429077	3.06988071808e-05	3.41097857564e-06	2.38768500295e-05	0.000566222443557	0.000624209079343	0.000412728407653	0.000143261100177	4.09317429077e-05	5.11646786347e-05	4.09317429077e-05
0.00255823393173	0.000105740335845	0.00127911696587	0	0.00310740148241	6.48085929372e-05	0.00350307499719	0.0235391631505	0.0060783638218	0.0104751152058	0.0102022369197	0.00112221195139	0.00122113033008	2.38768500295e-05	0.00474126022014	0.000218302628841	0.0039772010192	0.00106763629418	0.000231946543144	0.00111538999424	0.00428760006958	0.00858884405347	0.00413410603368	0.00509600199201	0.0190059726235	2.38768500295e-05	0.00104034846557	0.00227853368853	0.069512332393	0.00418527071231	0.00890606506101	0	9.20964215424e-05	0.00180440766652	0.00893676386819	2.38768500295e-05	7.50415286642e-05	3.41097857564e-06	0	0.00211821769547	3.41097857564e-06	0.000341097857564	0.000607154186465	0.000405906450502	0.00508576905628	0.000920964215424	5.11646786347e-05	0.000347919814716	1.70548928782e-05	0.000781114093822	1.02329357269e-05	0.00309375756811	4.43427214834e-05	1.02329357269e-05	6.82195715129e-05	0.00109833510136	0.000467304064863	0.00243202772443	0.000818634858154	0.00687312182992	1.70548928782e-05	0.000119384250148	0.000303577093232	0.00381688502615	0.000760648222369	0.00145307687322	1.02329357269e-05	0	0.000136439143026	0.00110174607993	0.00637511895788	0.000985772808361	0.00775997625959	0.00186580528088	0.000214891650266	0.000146672078753	0	0.0010642253156	8.18634858154e-05	0.00136780240883	0.000306988071808	0.000129617185874	0.00047753700059	7.84525072398e-05
0.0110208717779	3.75207643321e-05	0.000225124585992	0	0.000576455379284	2.72878286051e-05	0.000648085929372	0.0036838568617	0.00308011365381	0.00407270841932	0.00856837818202	0.0063717079793	0.00120066445863	0.000170548928782	0.0155028976263	3.41097857564e-05	0.000143261100177	0.000583277336435	0.000685606693704	0.00115632173714	0.00301189408229	0.000566222443557	0.000736771372339	0.000938019108302	0.00435923061967	0	0.00129276088017	0.000508235807771	0.00418527071231	0.0368692674241	0.00390898144769	0	0.000695839629431	0.00167479048064	0.0143363429534	8.18634858154e-05	5.79866357859e-05	6.82195715129e-06	0	7.84525072398e-05	0	0.000102329357269	0.000218302628841	0.000221713607417	0.00230582151714	8.18634858154e-05	2.72878286051e-05	2.38768500295e-05	1.02329357269e-05	0.000446838193409	3.41097857564e-06	0.00015690501448	3.06988071808e-05	6.82195715129e-06	1.36439143026e-05	8.52744643911e-05	0.000139850121601	3.06988071808e-05	0.000115973271572	0.000839100729608	5.45756572103e-05	7.16305500885e-05	9.20964215424e-05	0.000225124585992	0.000658318865099	0.00166455754491	3.41097857564e-06	6.82195715129e-06	0.000160315993055	0.000924375193999	0.00207046399542	0.00191696995951	0.0114404221427	0.00109151314421	0.000525290700649	6.13976143616e-05	7.50415286642e-05	0.000429783300531	3.06988071808e-05	0.00084592268676	0.000245590457446	6.82195715129e-06	0.000283111221778	2.04658714539e-05
0.00577137574999	4.43427214834e-05	0.00499026165617	0	1.36439143026e-05	3.41097857564e-06	0.00015690501448	0.0216870017839	0.00316197713962	0.00167479048064	0.00357470554727	0.000361563729018	2.04658714539e-05	1.36439143026e-05	0.00670598387972	1.02329357269e-05	0.000177370885933	0.00568951226417	0.000201247735963	0.00138826828029	4.7753700059e-05	0.0138724498671	0.000972128894058	0.0105979104345	0.00154176231619	3.41097857564e-06	0.00484700055599	0.00215232748123	0.00890606506101	0.00390898144769	0.0484802384956	3.41097857564e-06	1.02329357269e-05	0.000576455379284	0.00915165551845	4.7753700059e-05	0.000296755136081	1.02329357269e-05	0	0	0	9.20964215424e-05	8.18634858154e-05	0.000150083057328	0.000327453943262	1.02329357269e-05	2.04658714539e-05	1.02329357269e-05	6.82195715129e-06	0.000173959907358	3.41097857564e-06	0.000139850121601	3.41097857564e-05	2.72878286051e-05	6.48085929372e-05	0	0.000832278772457	0.000153494035904	0.00159974895198	0.00018760382166	3.06988071808e-05	0.000498002872044	0.000504824829195	0.000296755136081	0.000852744643911	0.00122795228723	6.82195715129e-06	3.41097857564e-06	0.00076747017952	0.00101647161554	0.00236039717435	0.000668551800826	0.00596921250738	0.00100964965839	3.06988071808e-05	6.82195715129e-06	6.82195715129e-06	0.000194425778812	3.75207643321e-05	0.000487769936317	0.000129617185874	2.72878286051e-05	0.000136439143026	1.02329357269e-05
0	3.41097857564e-06	3.41097857564e-06	0	0	0	3.41097857564e-06	3.41097857564e-06	6.82195715129e-06	3.41097857564e-06	1.70548928782e-05	0.000109151314421	1.02329357269e-05	5.11646786347e-05	3.41097857564e-06	0	0	3.41097857564e-06	3.41097857564e-06	6.82195715129e-06	6.82195715129e-06	0	0	0	0	0	0.000272878286051	0.000129617185874	0	0	3.41097857564e-06	0.000405906450502	0	0	1.70548928782e-05	0	0	0	0	0	0	0	0	0	0	0	0	0	3.06988071808e-05	0	0	0	0	1.02329357269e-05	0	0	0	0	0	0	6.13976143616e-05	6.13976143616e-05	4.7753700059e-05	0	0	0	1.02329357269e-05	0	0	0	1.02329357269e-05	6.48085929372e-05	8.86854429667e-05	3.41097857564e-06	0	0	0	0	0	0	0	0	0	0
