0.0113626535202	5.76601510696e-05	0.000627054142882	0	4.32451133022e-05	7.2075188837e-06	0.000216225566511	0.00378394741394	0.00106310903535	0.000259470679813	0.000962203770974	0.000115320302139	0.000118924061581	1.80187972092e-05	0.00692282188779	1.08112783255e-05	1.80187972092e-05	0.00042884737358	3.60375944185e-06	6.84714293951e-05	0.000154961656	0.000551375194603	7.2075188837e-05	0.00121807069135	0.000371187222511	7.2075188837e-06	0.000241451882604	0.000115320302139	0.00162529550827	0.00758230986565	0.00645793691979	1.44150377674e-05	5.40563916277e-05	0.000598224067347	0.00144871129562	1.44150377674e-05	3.60375944185e-05	7.2075188837e-06	0	1.80187972092e-05	0	2.52263160929e-05	3.24338349766e-05	2.88300755348e-05	0.000241451882604	2.52263160929e-05	7.2075188837e-06	1.08112783255e-05	0	1.44150377674e-05	3.60375944185e-06	4.32451133022e-05	7.2075188837e-06	3.60375944185e-06	0	7.2075188837e-06	2.16225566511e-05	0.000108112783255	3.24338349766e-05	0.000241451882604	0	1.08112783255e-05	3.24338349766e-05	0.000140546618232	1.08112783255e-05	2.88300755348e-05	0	0	0	2.16225566511e-05	0.000407224816929	0.000151357896558	0.00101265640316	0.00042884737358	7.92827077207e-05	2.52263160929e-05	2.16225566511e-05	3.24338349766e-05	1.08112783255e-05	3.60375944185e-05	1.44150377674e-05	2.52263160929e-05	7.2075188837e-06	0
5.76601510696e-05	0.0234748890042	0.00494796171366	0	0	0	7.2075188837e-06	0.000111716542697	1.08112783255e-05	0.00139825866344	1.44150377674e-05	0.000205414288185	3.60375944185e-06	0.000302715793115	3.60375944185e-05	1.80187972092e-05	0.000327942109208	0.00179467220204	2.52263160929e-05	0.0006630917373	3.60375944185e-06	0.000241451882604	0.00326140229487	0.00113878798362	0.000951392492648	0.00110635414865	0.0104761286975	0.0127789309808	0.000273885717581	0.000122527821023	0.000263074439255	6.12639105114e-05	0	6.12639105114e-05	0.0010595052759	1.44150377674e-05	0.00828143919737	0.00141988122009	0	0	0	1.80187972092e-05	8.28864671625e-05	3.60375944185e-05	0.000108112783255	3.60375944185e-06	0.000111716542697	0	0.000111716542697	3.24338349766e-05	7.2075188837e-06	0.000252263160929	0.00173701205097	0.000100905264372	0.000504526321859	3.60375944185e-06	0.000205414288185	0.00141627746065	0.00114959926195	0.000126131580465	0.000450469930231	0.0025406504065	0.00549933690826	8.64902266044e-05	1.80187972092e-05	6.12639105114e-05	1.08112783255e-05	7.2075188837e-06	0	0.000363979703627	0.00138023986623	0.00110635414865	0.000735166926137	0.000378394741394	0.000126131580465	3.60375944185e-06	2.52263160929e-05	0.000727959407254	0.000911751138788	0.000450469930231	0.000122527821023	3.96413538603e-05	2.88300755348e-05	0
0.000627054142882	0.00494796171366	0.0571880585827	0	1.08112783255e-05	7.2075188837e-06	7.2075188837e-05	0.0030740068039	0.000165772934325	0.000529752637952	0.000201810528744	0.000317130830883	2.16225566511e-05	7.92827077207e-05	0.000673903015626	2.16225566511e-05	0.000727959407254	0.00850847604221	3.60375944185e-05	0.000652280458975	1.80187972092e-05	0.00387764515943	0.00209018047627	0.0224514213227	0.000735166926137	6.12639105114e-05	0.0118743873609	0.0231109093006	0.00376953237617	0.00127573084241	0.00481101885487	1.44150377674e-05	1.08112783255e-05	0.000536960156836	0.00382719252724	1.44150377674e-05	0.00528311134175	0.00208657671683	0	1.08112783255e-05	0	2.52263160929e-05	0.000277489477022	8.64902266044e-05	0.000472092486882	4.6848872744e-05	2.88300755348e-05	1.08112783255e-05	3.60375944185e-05	5.76601510696e-05	0	0.00219468950009	0.000749581963905	3.60375944185e-05	9.36977454881e-05	0	0.000533356397394	0.00611197601338	0.00448307674566	0.000432451133022	5.04526321859e-05	0.000655884218417	0.00597142939515	0.000439658651906	1.80187972092e-05	0.000245055642046	0	0	0	0.000410828576371	0.00728319783198	0.00412630456092	0.00592818428184	0.00389926771608	0.00013694285879	0.000104509023814	0.000104509023814	0.00116041054028	0.00106671279479	0.000515337600185	0.000205414288185	8.64902266044e-05	4.32451133022e-05	3.60375944185e-06
0	0	0	0	0	0	0	0	0	0	0	0	0	0	0	0	0	0	0	0	0	0	0	0	0	0	0	0	0	0	0	0	0	0	0	0	0	0	0	0	0	0	0	0	0	0	0	0	0	0	0	0	0	0	0	0	0	0	0	0	0	0	0	0	0	0	0	0	0	0	0	0	0	0	0	0	0	0	0	0	0	0	0	0
4.32451133022e-05	0	1.08112783255e-05	0	0.017723288935	0	0.000554978954045	0.000861298506602	0.000154961656	0.00116401429972	0.00171538949432	3.24338349766e-05	0.00410107824483	1.08112783255e-05	0.000273885717581	0.000111716542697	3.60375944185e-06	3.60375944185e-06	0	0	0.00850487228277	7.2075188837e-06	1.08112783255e-05	1.80187972092e-05	0.00558222337543	0	1.80187972092e-05	7.2075188837e-06	0.00446505794845	0.000767600761114	0.000209018047627	3.60375944185e-06	2.88300755348e-05	0.00029190451479	0.000580205270138	0	0	3.60375944185e-06	0	0.00200729400911	0	8.64902266044e-05	3.60375944185e-05	5.40563916277e-05	0.000529752637952	0.000727959407254	3.60375944185e-06	0.000245055642046	0	1.44150377674e-05	1.44150377674e-05	3.60375944185e-06	0	0	3.60375944185e-06	0.000882921063253	0	3.60375944185e-06	0	0.000810845874416	0	0	0	0.00161088047051	2.52263160929e-05	3.60375944185e-06	0	0	0	1.80187972092e-05	0.000187395490976	2.16225566511e-05	0.000338753387534	7.92827077207e-05	0.000472092486882	1.08112783255e-05	3.60375944185e-06	1.44150377674e-05	0	1.80187972092e-05	0	2.88300755348e-05	3.60375944185e-06	0
7.2075188837e-06	0	7.2075188837e-06	0	0	0.00414071959869	0.00111356166753	4.32451133022e-05	0.000738770685579	1.80187972092e-05	6.12639105114e-05	2.16225566511e-05	3.24338349766e-05	0	0.000266678198697	0.000345960906418	0	3.60375944185e-06	0	3.60375944185e-06	2.52263160929e-05	3.60375944185e-06	3.60375944185e-06	1.44150377674e-05	1.44150377674e-05	0	0	3.60375944185e-06	2.52263160929e-05	0.000846883468835	2.16225566511e-05	0	0.00207936919795	2.52263160929e-05	0.000738770685579	0	0	0	0	0	0	0	3.60375944185e-06	3.60375944185e-06	3.60375944185e-06	3.60375944185e-06	0	0	0	3.60375944185e-06	0	0	0	0	0	0	3.60375944185e-06	0	0	3.60375944185e-06	0	0	0	0	0	3.60375944185e-06	0	0	0	3.60375944185e-06	0.000129735339907	3.60375944185e-06	0.000190999250418	3.60375944185e-05	0.0006630917373	0.000706336850603	0	3.60375944185e-06	0	0	0	0	0	0
0.000216225566511	7.2075188837e-06	7.2075188837e-05	0	0.000554978954045	0.00111356166753	0.027918324396	0.00274246093525	0.0109482211843	0.000263074439255	0.0089301158969	0.000266678198697	0.00849766476388	2.52263160929e-05	0.0029622902612	0.00141267370121	0	2.88300755348e-05	1.44150377674e-05	5.76601510696e-05	0.00202170904688	6.12639105114e-05	3.60375944185e-06	0.000111716542697	0.000637865421207	7.2075188837e-06	0.000133339099348	2.88300755348e-05	0.000800034596091	0.00437856772185	0.000349564665859	2.16225566511e-05	0.00109193911088	0.000396413538603	0.00218027446232	0	0	3.60375944185e-06	0	3.60375944185e-05	0	1.08112783255e-05	3.60375944185e-06	1.44150377674e-05	0.000133339099348	1.80187972092e-05	0	7.2075188837e-06	0	0	0	0	3.60375944185e-06	0	3.60375944185e-06	7.2075188837e-06	7.2075188837e-06	3.60375944185e-06	1.08112783255e-05	0.000140546618232	7.2075188837e-06	1.08112783255e-05	7.2075188837e-06	5.04526321859e-05	0	3.60375944185e-06	0	0	0	3.60375944185e-06	0.000309923311999	4.32451133022e-05	0.000936977454881	0.00013694285879	0.00122527821023	9.00939860462e-05	0	7.2075188837e-06	0	7.2075188837e-06	0	7.2075188837e-06	3.60375944185e-06	0
0.00378394741394	0.000111716542697	0.0030740068039	0	0.000861298506602	4.32451133022e-05	0.00274246093525	0.0515589863345	0.00345960906418	0.00258749927925	0.0116041054028	0.000327942109208	0.000803638355532	6.12639105114e-05	0.0072075188837	8.64902266044e-05	9.36977454881e-05	0.00122167445079	1.44150377674e-05	0.00023424436372	0.000789223317765	0.00410107824483	0.000230640604278	0.00654803090584	0.00298391281785	7.2075188837e-06	0.000886524822695	0.000443262411348	0.0228226085452	0.014501527994	0.0186746814277	1.44150377674e-05	8.28864671625e-05	0.00957879259644	0.00944905725653	3.96413538603e-05	7.92827077207e-05	4.6848872744e-05	0	0.00046848872744	3.60375944185e-06	0.00019460300986	0.000385602260278	0.000255866920371	0.00279291356743	0.000659487977859	1.44150377674e-05	0.000118924061581	0	0.000104509023814	2.88300755348e-05	0.000147754137116	3.60375944185e-05	7.2075188837e-06	0	0.000309923311999	1.44150377674e-05	0.000302715793115	0.000140546618232	0.00338032635646	7.2075188837e-06	4.6848872744e-05	0.000108112783255	0.00198206769302	5.76601510696e-05	6.48676699533e-05	0	0	0	4.6848872744e-05	0.00261272559534	0.000605431586231	0.00608314593784	0.00218027446232	0.000454073689673	0.000165772934325	7.2075188837e-05	0.000118924061581	3.24338349766e-05	0.000122527821023	3.24338349766e-05	0.000111716542697	2.88300755348e-05	0
0.00106310903535	1.08112783255e-05	0.000165772934325	0	0.000154961656	0.000738770685579	0.0109482211843	0.00345960906418	0.0241163581849	0.000187395490976	0.0068975955717	0.000277489477022	0.00152078648446	3.24338349766e-05	0.0104689211786	0.000241451882604	7.2075188837e-06	3.24338349766e-05	1.44150377674e-05	5.76601510696e-05	0.0006630917373	0.000140546618232	1.80187972092e-05	0.000299112033674	0.000414432335813	1.44150377674e-05	0.000162169174883	7.2075188837e-05	0.000908147379346	0.00611557977282	0.00100544888428	1.44150377674e-05	0.000965807530416	0.000655884218417	0.00211540679237	3.60375944185e-06	3.60375944185e-06	3.60375944185e-06	0	2.88300755348e-05	0	1.80187972092e-05	2.52263160929e-05	1.80187972092e-05	0.000176584212651	2.88300755348e-05	0	7.2075188837e-06	7.2075188837e-06	0	3.60375944185e-06	1.44150377674e-05	7.2075188837e-06	0	3.60375944185e-06	3.60375944185e-06	0	1.80187972092e-05	1.44150377674e-05	0.000223433085395	3.60375944185e-06	1.08112783255e-05	1.08112783255e-05	0.00013694285879	0	3.60375944185e-06	0	0	0	3.60375944185e-06	0.000338753387534	6.84714293951e-05	0.000951392492648	0.000230640604278	0.000425243614138	9.36977454881e-05	3.60375944185e-06	2.16225566511e-05	1.08112783255e-05	7.2075188837e-06	3.60375944185e-06	1.44150377674e-05	3.60375944185e-06	3.60375944185e-06
0.000259470679813	0.00139825866344	0.000529752637952	0	0.00116401429972	1.80187972092e-05	0.000263074439255	0.00258749927925	0.000187395490976	0.0298571469757	0.000864902266044	8.28864671625e-05	0.00261632935478	2.52263160929e-05	0.000677506775068	0.000342357146976	0.000666695496742	0.000122527821023	3.60375944185e-06	5.04526321859e-05	0.00127573084241	0.00132257971516	0.00648676699533	0.00171538949432	0.0101734129043	3.24338349766e-05	0.000360375944185	0.00140906994176	0.00551014818659	0.0020577466413	0.00224153837283	3.60375944185e-06	3.24338349766e-05	0.00139105114455	0.00250461281209	0.000230640604278	9.73015049299e-05	3.96413538603e-05	0	0.0011712218186	3.60375944185e-06	0.000544167675719	0.00124690076688	0.000807242114974	0.00943464221876	0.00158925791386	1.08112783255e-05	0.000385602260278	3.60375944185e-06	0.000446866170789	6.48676699533e-05	0.00121086317246	4.6848872744e-05	0	1.44150377674e-05	0.00110275038921	0.000266678198697	0.00319293086548	0.000403621057487	0.00993196102174	1.08112783255e-05	3.60375944185e-05	0.000165772934325	0.00520743239347	0.000313527071441	0.000612639105114	0	7.2075188837e-06	3.60375944185e-06	0.000205414288185	0.00211540679237	0.000284696995906	0.00153159776279	0.000619846623998	0.00146312633339	4.32451133022e-05	2.88300755348e-05	0.000554978954045	0.000122527821023	0.000407224816929	0.000111716542697	0.000464884967999	9.73015049299e-05	3.60375944185e-06
0.000962203770974	1.44150377674e-05	0.000201810528744	0	0.00171538949432	6.12639105114e-05	0.0089301158969	0.0116041054028	0.0068975955717	0.000864902266044	0.0418540621576	0.000522545119068	0.00723995271868	5.76601510696e-05	0.00672821887793	0.000313527071441	1.80187972092e-05	0.000118924061581	2.16225566511e-05	0.000129735339907	0.00447226546734	0.000230640604278	3.60375944185e-05	0.000421639854696	0.00131537219628	2.16225566511e-05	0.00033154586865	0.000122527821023	0.00418396471199	0.0101914317016	0.00173701205097	2.52263160929e-05	0.000144150377674	0.00335510004036	0.00645793691979	3.60375944185e-06	1.44150377674e-05	3.60375944185e-06	0	0.000187395490976	3.60375944185e-06	6.12639105114e-05	8.64902266044e-05	3.24338349766e-05	0.000713544369486	0.000324338349766	7.2075188837e-06	5.40563916277e-05	3.60375944185e-06	3.60375944185e-06	3.60375944185e-06	1.80187972092e-05	2.16225566511e-05	3.60375944185e-06	3.60375944185e-06	0.000165772934325	1.44150377674e-05	3.60375944185e-05	3.24338349766e-05	0.000897336101021	7.2075188837e-06	7.2075188837e-06	3.60375944185e-06	0.000551375194603	1.44150377674e-05	1.44150377674e-05	0	0	0	1.08112783255e-05	0.00111356166753	0.000205414288185	0.00399656922101	0.000904543619904	0.000461281208557	6.12639105114e-05	2.16225566511e-05	3.24338349766e-05	1.44150377674e-05	4.32451133022e-05	7.2075188837e-06	1.80187972092e-05	1.08112783255e-05	3.60375944185e-06
0.000115320302139	0.000205414288185	0.000317130830883	0	3.24338349766e-05	2.16225566511e-05	0.000266678198697	0.000327942109208	0.000277489477022	8.28864671625e-05	0.000522545119068	0.0257272386554	0.00029190451479	0.00366502335236	0.0010595052759	1.08112783255e-05	3.60375944185e-05	0.000890128582137	0.00339474139422	0.00508130081301	0.000219829325953	0.000205414288185	2.52263160929e-05	0.000540563916277	0.000140546618232	0.00197125641469	0.0127861384997	0.00177665340483	0.000212621807069	0.00291183762901	0.000324338349766	0.00218387822176	0.000129735339907	0.000306319552557	0.00790664821542	0	0.000122527821023	1.08112783255e-05	0	3.60375944185e-06	0	1.44150377674e-05	1.44150377674e-05	1.80187972092e-05	5.76601510696e-05	1.44150377674e-05	0.000464884967999	3.60375944185e-06	0.000641469180649	1.08112783255e-05	0	1.44150377674e-05	5.04526321859e-05	8.28864671625e-05	0.000104509023814	0	1.44150377674e-05	3.60375944185e-05	3.60375944185e-05	7.2075188837e-05	0.000385602260278	0.000385602260278	0.000306319552557	5.04526321859e-05	7.2075188837e-06	1.44150377674e-05	3.60375944185e-05	0	0	6.48676699533e-05	0.00219468950009	0.00376953237617	0.00425603990082	0.000727959407254	6.48676699533e-05	1.44150377674e-05	0.000338753387534	4.6848872744e-05	0.000731563166695	9.36977454881e-05	1.80187972092e-05	0	3.60375944185e-06	6.12639105114e-05
0.000118924061581	3.60375944185e-06	2.16225566511e-05	0	0.00410107824483	3.24338349766e-05	0.00849766476388	0.000803638355532	0.00152078648446	0.00261632935478	0.00723995271868	0.00029190451479	0.02937784697	1.08112783255e-05	0.00202170904688	0.00171899325376	0	1.80187972092e-05	1.80187972092e-05	7.92827077207e-05	0.011124805397	2.16225566511e-05	1.80187972092e-05	3.96413538603e-05	0.00383440004613	1.08112783255e-05	0.000126131580465	2.52263160929e-05	0.00155682407888	0.00357132560687	0.000154961656	1.80187972092e-05	0.000118924061581	0.000345960906418	0.00210819927348	3.60375944185e-06	3.60375944185e-06	0	0	9.73015049299e-05	0	7.2075188837e-06	1.08112783255e-05	3.60375944185e-06	0.000187395490976	6.48676699533e-05	0	7.2075188837e-05	3.60375944185e-06	0	0	0	0	0	0	0.000126131580465	0	7.2075188837e-06	0	0.000201810528744	3.60375944185e-06	7.2075188837e-06	3.60375944185e-06	0.000104509023814	3.60375944185e-06	0	0	0	0	0	0.000554978954045	4.32451133022e-05	0.00105229775702	0.000140546618232	0.00224514213227	7.2075188837e-06	1.80187972092e-05	0	7.2075188837e-06	3.60375944185e-06	0	0	0	0
1.80187972092e-05	0.000302715793115	7.92827077207e-05	0	1.08112783255e-05	0	2.52263160929e-05	6.12639105114e-05	3.24338349766e-05	2.52263160929e-05	5.76601510696e-05	0.00366502335236	1.08112783255e-05	0.0138708700917	0.000104509023814	3.60375944185e-06	1.08112783255e-05	0.000115320302139	0.000270281958139	0.000270281958139	2.16225566511e-05	9.73015049299e-05	2.16225566511e-05	0.000187395490976	3.60375944185e-05	0.0049948105864	0.0051065271291	0.00240370754771	6.48676699533e-05	0.000345960906418	7.92827077207e-05	0.00237487747218	2.52263160929e-05	5.40563916277e-05	0.000800034596091	0	7.92827077207e-05	1.08112783255e-05	0	0	0	0	3.60375944185e-06	7.2075188837e-06	7.2075188837e-06	0	0.000767600761114	0	0.000900939860462	0	0	3.60375944185e-06	2.52263160929e-05	7.92827077207e-05	5.04526321859e-05	0	3.60375944185e-06	1.80187972092e-05	7.2075188837e-06	1.44150377674e-05	0.000436054892464	0.000288300755348	0.000230640604278	7.2075188837e-06	0	0	4.32451133022e-05	0	0	3.96413538603e-05	0.000443262411348	0.00115320302139	0.000872109784928	0.000544167675719	1.08112783255e-05	3.60375944185e-05	0.000619846623998	7.2075188837e-06	0.000936977454881	7.92827077207e-05	1.08112783255e-05	3.60375944185e-06	0	0.000252263160929
0.00692282188779	3.60375944185e-05	0.000673903015626	0	0.000273885717581	0.000266678198697	0.0029622902612	0.0072075188837	0.0104689211786	0.000677506775068	0.00672821887793	0.0010595052759	0.00202170904688	0.000104509023814	0.0380773222626	0.000223433085395	3.24338349766e-05	0.000356772184743	5.04526321859e-05	0.000190999250418	0.00145231505507	0.000709940610044	9.00939860462e-05	0.00141988122009	0.00115320302139	8.64902266044e-05	0.00058380902958	0.000205414288185	0.00251902784985	0.0225991754598	0.00628135270714	4.32451133022e-05	0.000789223317765	0.00318932710604	0.0071210286571	1.80187972092e-05	3.60375944185e-05	7.2075188837e-06	0	3.96413538603e-05	0	3.24338349766e-05	7.92827077207e-05	6.84714293951e-05	0.000576601510696	7.2075188837e-05	0	1.44150377674e-05	7.2075188837e-06	3.96413538603e-05	1.44150377674e-05	5.40563916277e-05	1.80187972092e-05	0	3.60375944185e-06	7.2075188837e-06	2.16225566511e-05	0.000115320302139	5.40563916277e-05	0.000659487977859	7.2075188837e-06	1.80187972092e-05	2.52263160929e-05	0.000385602260278	3.60375944185e-05	3.24338349766e-05	0	0	0	2.16225566511e-05	0.0011712218186	0.00023424436372	0.00330464740818	0.000785619558323	0.00052614887851	0.000108112783255	3.60375944185e-05	5.40563916277e-05	3.24338349766e-05	4.32451133022e-05	2.16225566511e-05	3.96413538603e-05	3.60375944185e-06	7.2075188837e-06
1.08112783255e-05	1.80187972092e-05	2.16225566511e-05	0	0.000111716542697	0.000345960906418	0.00141267370121	8.64902266044e-05	0.000241451882604	0.000342357146976	0.000313527071441	1.08112783255e-05	0.00171899325376	3.60375944185e-06	0.000223433085395	0.00490111284092	0	3.60375944185e-06	0	3.60375944185e-06	0.000356772184743	7.2075188837e-06	2.88300755348e-05	1.08112783255e-05	0.000201810528744	7.2075188837e-06	1.08112783255e-05	4.32451133022e-05	0.000104509023814	0.000410828576371	3.96413538603e-05	0	0.00013694285879	2.88300755348e-05	0.000227036844837	3.60375944185e-06	0	3.60375944185e-06	0	3.60375944185e-06	0	0	7.2075188837e-06	3.60375944185e-06	1.80187972092e-05	3.60375944185e-06	0	3.60375944185e-06	0	3.60375944185e-06	0	0	3.60375944185e-06	0	3.60375944185e-06	1.08112783255e-05	1.08112783255e-05	7.2075188837e-06	7.2075188837e-06	2.16225566511e-05	3.60375944185e-06	1.08112783255e-05	1.08112783255e-05	3.60375944185e-06	0	3.60375944185e-06	0	0	0	7.2075188837e-06	0.00048650752465	1.08112783255e-05	0.000115320302139	4.32451133022e-05	0.00271002710027	8.64902266044e-05	0	7.2075188837e-06	3.60375944185e-06	1.44150377674e-05	7.2075188837e-06	3.60375944185e-06	0	0
1.80187972092e-05	0.000327942109208	0.000727959407254	0	3.60375944185e-06	0	0	9.36977454881e-05	7.2075188837e-06	0.000666695496742	1.80187972092e-05	3.60375944185e-05	0	1.08112783255e-05	3.24338349766e-05	0	0.0140618693421	0.000118924061581	7.2075188837e-06	2.88300755348e-05	0	0.00233163235888	0.00356411808799	0.00599665571124	0.00243974514213	7.2075188837e-06	0.000205414288185	0.00290823386957	0.00181629475869	0.000126131580465	0.000248659401488	0	3.60375944185e-06	0.000129735339907	0.000461281208557	1.44150377674e-05	3.60375944185e-05	1.80187972092e-05	0	3.60375944185e-06	0	3.60375944185e-06	5.76601510696e-05	7.2075188837e-06	0.000320734590325	1.08112783255e-05	0	0	0	3.60375944185e-06	3.60375944185e-06	0.00118203309693	1.80187972092e-05	0	1.08112783255e-05	0	0.00013694285879	0.00232442483999	0.000929769935997	0.000299112033674	3.60375944185e-06	7.2075188837e-06	0.000140546618232	0.000266678198697	7.2075188837e-06	0.000144150377674	0	0	0	7.56789482788e-05	0.00111356166753	0.000407224816929	0.000807242114974	0.000544167675719	7.2075188837e-05	2.88300755348e-05	1.08112783255e-05	0.000104509023814	3.96413538603e-05	7.92827077207e-05	2.52263160929e-05	2.16225566511e-05	0	0
0.00042884737358	0.00179467220204	0.00850847604221	0	3.60375944185e-06	3.60375944185e-06	2.88300755348e-05	0.00122167445079	3.24338349766e-05	0.000122527821023	0.000118924061581	0.000890128582137	1.80187972092e-05	0.000115320302139	0.000356772184743	3.60375944185e-06	0.000118924061581	0.0301959003633	0.000118924061581	0.00636063541486	3.60375944185e-06	0.00264515943032	0.000151357896558	0.0107932595283	0.000273885717581	7.56789482788e-05	0.00955356628034	0.00511373464798	0.00154240904111	0.00117842933748	0.00353528801245	1.44150377674e-05	1.80187972092e-05	0.000345960906418	0.00878956927867	7.2075188837e-06	0.000958600011532	0.00042884737358	0	0	0	1.08112783255e-05	3.96413538603e-05	1.80187972092e-05	9.73015049299e-05	1.08112783255e-05	2.16225566511e-05	3.60375944185e-06	3.24338349766e-05	7.2075188837e-06	0	0.000129735339907	0.00052614887851	1.08112783255e-05	9.36977454881e-05	3.60375944185e-06	6.84714293951e-05	0.000288300755348	0.000418036095255	7.92827077207e-05	5.40563916277e-05	0.000572997751254	0.00102346768149	6.12639105114e-05	7.2075188837e-06	6.12639105114e-05	0	0	0	6.84714293951e-05	0.00416954967422	0.00283976244018	0.00500922562417	0.00261272559534	4.32451133022e-05	2.52263160929e-05	0.000126131580465	0.000227036844837	0.000425243614138	0.000133339099348	5.40563916277e-05	1.44150377674e-05	7.2075188837e-06	0
3.60375944185e-06	2.52263160929e-05	3.60375944185e-05	0	0	0	1.44150377674e-05	1.44150377674e-05	1.44150377674e-05	3.60375944185e-06	2.16225566511e-05	0.00339474139422	1.80187972092e-05	0.000270281958139	5.04526321859e-05	0	7.2075188837e-06	0.000118924061581	0.00534797901171	0.0020325203252	1.44150377674e-05	1.44150377674e-05	0	5.40563916277e-05	0	0.00019460300986	0.00353168425301	0.000219829325953	1.08112783255e-05	0.000183791731534	3.24338349766e-05	0.000165772934325	1.08112783255e-05	1.44150377674e-05	0.000641469180649	0	1.08112783255e-05	3.60375944185e-06	0	3.60375944185e-06	0	0	3.60375944185e-06	0	3.60375944185e-06	0	6.84714293951e-05	0	0.000140546618232	0	0	3.60375944185e-06	7.2075188837e-06	2.52263160929e-05	5.40563916277e-05	0	0	3.60375944185e-06	3.60375944185e-06	1.08112783255e-05	6.84714293951e-05	6.48676699533e-05	9.73015049299e-05	3.60375944185e-06	0	3.60375944185e-06	1.08112783255e-05	0	0	1.08112783255e-05	0.000302715793115	0.000493715043533	0.000446866170789	0.000129735339907	1.08112783255e-05	0	1.44150377674e-05	1.44150377674e-05	0.000104509023814	7.2075188837e-06	3.60375944185e-06	0	3.60375944185e-06	3.60375944185e-06
6.84714293951e-05	0.0006630917373	0.000652280458975	0	0	3.60375944185e-06	5.76601510696e-05	0.00023424436372	5.76601510696e-05	5.04526321859e-05	0.000129735339907	0.00508130081301	7.92827077207e-05	0.000270281958139	0.000190999250418	3.60375944185e-06	2.88300755348e-05	0.00636063541486	0.0020325203252	0.0186566626305	5.40563916277e-05	0.000324338349766	2.88300755348e-05	0.000994637605951	0.000100905264372	0.000288300755348	0.0113878798362	0.00234604739664	0.000263074439255	0.000688318053393	0.000454073689673	0.000111716542697	7.2075188837e-06	0.000133339099348	0.00660929481635	0	0.000421639854696	6.84714293951e-05	0	0	0	7.2075188837e-06	1.44150377674e-05	1.44150377674e-05	1.08112783255e-05	3.60375944185e-06	6.84714293951e-05	3.60375944185e-06	0.000111716542697	3.60375944185e-06	0	2.52263160929e-05	0.000223433085395	4.32451133022e-05	0.000169376693767	0	2.52263160929e-05	3.96413538603e-05	9.00939860462e-05	1.44150377674e-05	0.000219829325953	0.00052614887851	0.000594620307905	7.2075188837e-06	1.08112783255e-05	1.44150377674e-05	7.2075188837e-06	0	3.60375944185e-06	7.2075188837e-05	0.00249380153376	0.00224514213227	0.00301995041227	0.00103427895981	2.52263160929e-05	1.08112783255e-05	7.56789482788e-05	7.92827077207e-05	0.000237848123162	9.73015049299e-05	2.88300755348e-05	3.60375944185e-06	3.60375944185e-06	1.08112783255e-05
0.000154961656	3.60375944185e-06	1.80187972092e-05	0	0.00850487228277	2.52263160929e-05	0.00202170904688	0.000789223317765	0.0006630917373	0.00127573084241	0.00447226546734	0.000219829325953	0.011124805397	2.16225566511e-05	0.00145231505507	0.000356772184743	0	3.60375944185e-06	1.44150377674e-05	5.40563916277e-05	0.0200621288128	7.2075188837e-06	1.08112783255e-05	2.52263160929e-05	0.00534437525226	7.2075188837e-06	9.73015049299e-05	2.16225566511e-05	0.00272804589748	0.00289381883181	0.000201810528744	1.08112783255e-05	0.000100905264372	0.000360375944185	0.00193161506083	0	3.60375944185e-06	3.60375944185e-06	0	0.000446866170789	0	2.88300755348e-05	2.88300755348e-05	1.44150377674e-05	0.000378394741394	0.000219829325953	0	7.56789482788e-05	3.60375944185e-06	3.60375944185e-06	7.2075188837e-06	0	3.60375944185e-06	0	3.60375944185e-06	0.00023424436372	0	3.60375944185e-06	3.60375944185e-06	0.000457677449115	3.60375944185e-06	1.44150377674e-05	3.60375944185e-06	0.000342357146976	7.2075188837e-06	0	0	0	0	7.2075188837e-06	0.000418036095255	5.04526321859e-05	0.00108833535144	0.00019460300986	0.00116041054028	1.08112783255e-05	1.08112783255e-05	1.44150377674e-05	7.2075188837e-06	1.80187972092e-05	3.60375944185e-06	1.08112783255e-05	0	0
0.000551375194603	0.000241451882604	0.00387764515943	0	7.2075188837e-06	3.60375944185e-06	6.12639105114e-05	0.00410107824483	0.000140546618232	0.00132257971516	0.000230640604278	0.000205414288185	2.16225566511e-05	9.73015049299e-05	0.000709940610044	7.2075188837e-06	0.00233163235888	0.00264515943032	1.44150377674e-05	0.000324338349766	7.2075188837e-06	0.0468704953007	0.00170097445655	0.0296589402064	0.00226316092948	1.80187972092e-05	0.000983826327625	0.00131897595572	0.0128329873724	0.00216585942455	0.015806088912	7.2075188837e-06	1.08112783255e-05	0.00185233235311	0.00617684368333	3.24338349766e-05	8.28864671625e-05	4.6848872744e-05	0	1.44150377674e-05	0	4.32451133022e-05	0.000172980453209	8.28864671625e-05	0.00115680678083	3.24338349766e-05	0	1.80187972092e-05	7.2075188837e-06	4.32451133022e-05	1.08112783255e-05	0.000814449633858	5.40563916277e-05	3.60375944185e-06	2.16225566511e-05	3.60375944185e-06	0.000154961656	0.0019460300986	0.00033154586865	0.000785619558323	1.08112783255e-05	4.32451133022e-05	0.00013694285879	0.000598224067347	5.76601510696e-05	0.000335149628092	0	7.2075188837e-06	3.60375944185e-06	9.00939860462e-05	0.00292985642622	0.000976618808741	0.00589935420631	0.0026956120625	0.000381998500836	0.000129735339907	7.92827077207e-05	0.000230640604278	8.64902266044e-05	0.000108112783255	6.12639105114e-05	7.56789482788e-05	1.44150377674e-05	0
7.2075188837e-05	0.00326140229487	0.00209018047627	0	1.08112783255e-05	3.60375944185e-06	3.60375944185e-06	0.000230640604278	1.80187972092e-05	0.00648676699533	3.60375944185e-05	2.52263160929e-05	1.80187972092e-05	2.16225566511e-05	9.00939860462e-05	2.88300755348e-05	0.00356411808799	0.000151357896558	0	2.88300755348e-05	1.08112783255e-05	0.00170097445655	0.0213847085279	0.00473894366603	0.00470650983106	7.2075188837e-05	0.000591016548463	0.00675344519403	0.00182710603702	0.000309923311999	0.000810845874416	3.60375944185e-06	3.60375944185e-06	0.000277489477022	0.000753185723347	5.76601510696e-05	0.000601827826789	0.000129735339907	0	2.52263160929e-05	0	5.76601510696e-05	0.000374790981952	0.000129735339907	0.00243253762325	6.12639105114e-05	7.2075188837e-06	2.88300755348e-05	3.60375944185e-06	9.00939860462e-05	1.08112783255e-05	0.0035136654558	4.6848872744e-05	3.60375944185e-06	1.80187972092e-05	1.08112783255e-05	0.000436054892464	0.00783457302658	0.00264876318976	0.00153520152223	7.2075188837e-06	5.40563916277e-05	0.00104869399758	0.00117482557804	0.000108112783255	0.000511733840743	0	3.60375944185e-06	3.60375944185e-06	0.000180187972092	0.000796430836649	0.000255866920371	0.000666695496742	0.00033154586865	0.000212621807069	2.16225566511e-05	0	0.000425243614138	0.000169376693767	0.000252263160929	9.73015049299e-05	0.000104509023814	5.04526321859e-05	3.60375944185e-06
0.00121807069135	0.00113878798362	0.0224514213227	0	1.80187972092e-05	1.44150377674e-05	0.000111716542697	0.00654803090584	0.000299112033674	0.00171538949432	0.000421639854696	0.000540563916277	3.96413538603e-05	0.000187395490976	0.00141988122009	1.08112783255e-05	0.00599665571124	0.0107932595283	5.40563916277e-05	0.000994637605951	2.52263160929e-05	0.0296589402064	0.00473894366603	0.0828143919737	0.00213702934902	6.12639105114e-05	0.00394972034827	0.0101806204232	0.0114743700628	0.00287219627515	0.0126203655654	1.44150377674e-05	3.96413538603e-05	0.00140906994176	0.01007250764	3.24338349766e-05	0.000655884218417	0.000353168425301	0	2.52263160929e-05	0	2.52263160929e-05	0.000338753387534	8.28864671625e-05	0.0011279767053	6.48676699533e-05	2.16225566511e-05	1.44150377674e-05	2.16225566511e-05	5.40563916277e-05	1.44150377674e-05	0.00403621057487	0.000180187972092	3.60375944185e-06	3.96413538603e-05	7.2075188837e-06	0.00058380902958	0.00786700686156	0.00379115493283	0.00102707144093	1.80187972092e-05	0.000147754137116	0.00129374963962	0.000882921063253	6.84714293951e-05	0.000551375194603	0	7.2075188837e-06	1.08112783255e-05	0.000248659401488	0.00942383094044	0.00423441734417	0.0134600415153	0.00788142189933	0.00068111053451	0.000302715793115	0.000212621807069	0.000684714293951	0.000281093236464	0.000378394741394	0.000187395490976	0.000100905264372	4.32451133022e-05	0
0.000371187222511	0.000951392492648	0.000735166926137	0	0.00558222337543	1.44150377674e-05	0.000637865421207	0.00298391281785	0.000414432335813	0.0101734129043	0.00131537219628	0.000140546618232	0.00383440004613	3.60375944185e-05	0.00115320302139	0.000201810528744	0.00243974514213	0.000273885717581	0	0.000100905264372	0.00534437525226	0.00226316092948	0.00470650983106	0.00213702934902	0.0428559072825	2.16225566511e-05	0.000335149628092	0.00151718272502	0.0142600761114	0.00328302485153	0.00361817447962	3.60375944185e-06	5.76601510696e-05	0.00231000980223	0.00442902035403	0.000165772934325	9.36977454881e-05	1.44150377674e-05	0	0.000652280458975	0	0.000288300755348	0.000735166926137	0.000504526321859	0.00534797901171	0.00062345038344	1.08112783255e-05	0.000144150377674	3.60375944185e-06	0.000270281958139	2.52263160929e-05	0.000443262411348	3.60375944185e-05	3.60375944185e-06	1.44150377674e-05	0.000374790981952	9.73015049299e-05	0.00124329700744	0.000230640604278	0.00601467450845	0	2.16225566511e-05	0.000140546618232	0.00306679928501	0.000187395490976	0.000349564665859	0	0	7.2075188837e-06	9.73015049299e-05	0.00215144438678	0.000508130081301	0.00289381883181	0.00119284437525	0.00113878798362	5.76601510696e-05	3.60375944185e-05	0.000306319552557	7.92827077207e-05	0.000216225566511	7.56789482788e-05	0.000201810528744	5.40563916277e-05	3.60375944185e-06
7.2075188837e-06	0.00110635414865	6.12639105114e-05	0	0	0	7.2075188837e-06	7.2075188837e-06	1.44150377674e-05	3.24338349766e-05	2.16225566511e-05	0.00197125641469	1.08112783255e-05	0.0049948105864	8.64902266044e-05	7.2075188837e-06	7.2075188837e-06	7.56789482788e-05	0.00019460300986	0.000288300755348	7.2075188837e-06	1.80187972092e-05	7.2075188837e-05	6.12639105114e-05	2.16225566511e-05	0.0108004670472	0.00473894366603	0.00261632935478	1.44150377674e-05	0.000154961656	2.52263160929e-05	0.000882921063253	7.2075188837e-06	7.2075188837e-06	0.000454073689673	0	0.000190999250418	1.44150377674e-05	0	0	0	7.2075188837e-06	7.2075188837e-06	0	7.2075188837e-06	3.60375944185e-06	0.00115680678083	3.60375944185e-06	0.00148474889004	0	3.60375944185e-06	1.08112783255e-05	4.6848872744e-05	8.64902266044e-05	0.000115320302139	0	0	3.24338349766e-05	1.08112783255e-05	1.08112783255e-05	0.00146312633339	0.000508130081301	0.000475696246324	1.08112783255e-05	0	0	7.56789482788e-05	0	0	9.00939860462e-05	0.000248659401488	0.00052614887851	0.000227036844837	4.6848872744e-05	1.44150377674e-05	0	0.000190999250418	2.52263160929e-05	0.001239693248	0.000154961656	7.2075188837e-06	0	3.60375944185e-06	0.000418036095255
0.000241451882604	0.0104761286975	0.0118743873609	0	1.80187972092e-05	0	0.000133339099348	0.000886524822695	0.000162169174883	0.000360375944185	0.00033154586865	0.0127861384997	0.000126131580465	0.0051065271291	0.00058380902958	1.08112783255e-05	0.000205414288185	0.00955356628034	0.00353168425301	0.0113878798362	9.73015049299e-05	0.000983826327625	0.000591016548463	0.00394972034827	0.000335149628092	0.00473894366603	0.0866199619443	0.0294066770455	0.000900939860462	0.0017910684426	0.00162169174883	0.00433532260855	2.88300755348e-05	0.000407224816929	0.0105770339618	2.16225566511e-05	0.00672461511849	0.0012144669319	0	7.2075188837e-06	0	5.76601510696e-05	0.000158565415441	0.000144150377674	0.000122527821023	3.96413538603e-05	0.00192080378251	0	0.00284336619962	8.28864671625e-05	1.08112783255e-05	0.000263074439255	0.00288661131292	0.000709940610044	0.00226316092948	1.08112783255e-05	0.00019460300986	0.000601827826789	0.00117482557804	0.000111716542697	0.00395692786715	0.00694444444444	0.0085337023583	0.00013694285879	5.04526321859e-05	9.36977454881e-05	0.00023424436372	7.2075188837e-06	3.60375944185e-06	0.000810845874416	0.00772646024333	0.00802196851756	0.00610837225394	0.00225234965116	9.00939860462e-05	1.80187972092e-05	0.000180187972092	0.00108833535144	0.00365060831459	0.00135861730958	0.000295508274232	7.92827077207e-05	4.6848872744e-05	0.000158565415441
0.000115320302139	0.0127789309808	0.0231109093006	0	7.2075188837e-06	3.60375944185e-06	2.88300755348e-05	0.000443262411348	7.2075188837e-05	0.00140906994176	0.000122527821023	0.00177665340483	2.52263160929e-05	0.00240370754771	0.000205414288185	4.32451133022e-05	0.00290823386957	0.00511373464798	0.000219829325953	0.00234604739664	2.16225566511e-05	0.00131897595572	0.00675344519403	0.0101806204232	0.00151718272502	0.00261632935478	0.0294066770455	0.0724067347056	0.00101986392204	0.000659487977859	0.000944184973765	0.00116041054028	3.60375944185e-06	0.000306319552557	0.0045119068212	3.24338349766e-05	0.00549573314882	0.00109554287032	0	3.60375944185e-06	0	3.60375944185e-05	0.000176584212651	8.64902266044e-05	0.000158565415441	3.60375944185e-05	0.000490111284092	7.2075188837e-06	0.000688318053393	5.04526321859e-05	3.60375944185e-06	0.00224514213227	0.00103427895981	0.000219829325953	0.000814449633858	3.60375944185e-06	0.000407224816929	0.00531554517673	0.00354609929078	0.000216225566511	0.00146312633339	0.00238208499106	0.00608314593784	0.00023424436372	2.16225566511e-05	0.000126131580465	5.40563916277e-05	7.2075188837e-06	3.60375944185e-06	0.00046848872744	0.00752104595514	0.00495877299199	0.00456596321282	0.0027208383786	0.000255866920371	4.32451133022e-05	9.73015049299e-05	0.000983826327625	0.00121086317246	0.000634261661766	0.000183791731534	8.64902266044e-05	3.96413538603e-05	5.04526321859e-05
0.00162529550827	0.000273885717581	0.00376953237617	0	0.00446505794845	2.52263160929e-05	0.000800034596091	0.0228226085452	0.000908147379346	0.00551014818659	0.00418396471199	0.000212621807069	0.00155682407888	6.48676699533e-05	0.00251902784985	0.000104509023814	0.00181629475869	0.00154240904111	1.08112783255e-05	0.000263074439255	0.00272804589748	0.0128329873724	0.00182710603702	0.0114743700628	0.0142600761114	1.44150377674e-05	0.000900939860462	0.00101986392204	0.0661974571873	0.00709940610044	0.0191143400796	1.08112783255e-05	6.48676699533e-05	0.00524707374733	0.00819855273021	0.000180187972092	0.000122527821023	4.6848872744e-05	0	0.00191720002306	0	0.000446866170789	0.000702733091161	0.000580205270138	0.00551375194603	0.00168655941879	1.44150377674e-05	0.000464884967999	3.60375944185e-06	0.000338753387534	6.84714293951e-05	0.000450469930231	6.48676699533e-05	1.80187972092e-05	2.52263160929e-05	0.00123608948855	0.000111716542697	0.00117842933748	0.000324338349766	0.00562546848873	7.2075188837e-06	5.40563916277e-05	0.000212621807069	0.0047533587038	0.000212621807069	0.000335149628092	0	7.2075188837e-06	3.60375944185e-06	0.000126131580465	0.00341996771032	0.000900939860462	0.00570835495589	0.0024974052932	0.000814449633858	0.000147754137116	8.28864671625e-05	0.000396413538603	0.000129735339907	0.000306319552557	8.64902266044e-05	0.000338753387534	5.76601510696e-05	1.08112783255e-05
0.00758230986565	0.000122527821023	0.00127573084241	0	0.000767600761114	0.000846883468835	0.00437856772185	0.014501527994	0.00611557977282	0.0020577466413	0.0101914317016	0.00291183762901	0.00357132560687	0.000345960906418	0.0225991754598	0.000410828576371	0.000126131580465	0.00117842933748	0.000183791731534	0.000688318053393	0.00289381883181	0.00216585942455	0.000309923311999	0.00287219627515	0.00328302485153	0.000154961656	0.0017910684426	0.000659487977859	0.00709940610044	0.0684534105979	0.0223433085395	9.73015049299e-05	0.00294066770455	0.0186458513521	0.0275615522113	6.84714293951e-05	7.2075188837e-05	2.52263160929e-05	0	0.000154961656	0	0.000172980453209	0.000288300755348	0.000187395490976	0.00188476618809	0.000266678198697	1.44150377674e-05	5.76601510696e-05	2.16225566511e-05	0.000108112783255	1.80187972092e-05	0.000118924061581	3.24338349766e-05	3.60375944185e-06	1.80187972092e-05	6.84714293951e-05	5.40563916277e-05	0.000295508274232	9.00939860462e-05	0.00222712333506	2.16225566511e-05	8.64902266044e-05	5.40563916277e-05	0.001239693248	9.73015049299e-05	0.000115320302139	7.2075188837e-06	0	0	6.48676699533e-05	0.00482183013319	0.00107752407311	0.01472135732	0.00371907974399	0.00112076918642	0.000569393991812	0.000190999250418	0.000162169174883	7.56789482788e-05	0.000154961656	5.04526321859e-05	0.000151357896558	1.44150377674e-05	7.2075188837e-06
0.00645793691979	0.000263074439255	0.00481101885487	0	0.000209018047627	2.16225566511e-05	0.000349564665859	0.0186746814277	0.00100544888428	0.00224153837283	0.00173701205097	0.000324338349766	0.000154961656	7.92827077207e-05	0.00628135270714	3.96413538603e-05	0.000248659401488	0.00353528801245	3.24338349766e-05	0.000454073689673	0.000201810528744	0.015806088912	0.000810845874416	0.0126203655654	0.00361817447962	2.52263160929e-05	0.00162169174883	0.000944184973765	0.0191143400796	0.0223433085395	0.0584061292741	2.16225566511e-05	6.84714293951e-05	0.0130492129389	0.0130528166984	6.48676699533e-05	0.000140546618232	6.12639105114e-05	0	0.000104509023814	0	0.000162169174883	0.000306319552557	0.000216225566511	0.00225234965116	0.00013694285879	3.60375944185e-06	6.12639105114e-05	7.2075188837e-06	8.28864671625e-05	2.52263160929e-05	0.000309923311999	7.92827077207e-05	3.60375944185e-06	1.08112783255e-05	6.12639105114e-05	0.000100905264372	0.000911751138788	0.000237848123162	0.00190999250418	3.60375944185e-06	5.40563916277e-05	0.000158565415441	0.00116401429972	9.73015049299e-05	0.000241451882604	0	3.60375944185e-06	0	0.000100905264372	0.0035821368852	0.00105590151646	0.00818774145188	0.00342357146976	0.000371187222511	0.000212621807069	0.000108112783255	0.000230640604278	8.28864671625e-05	0.000190999250418	6.48676699533e-05	0.000172980453209	2.16225566511e-05	0
1.44150377674e-05	6.12639105114e-05	1.44150377674e-05	0	3.60375944185e-06	0	2.16225566511e-05	1.44150377674e-05	1.44150377674e-05	3.60375944185e-06	2.52263160929e-05	0.00218387822176	1.80187972092e-05	0.00237487747218	4.32451133022e-05	0	0	1.44150377674e-05	0.000165772934325	0.000111716542697	1.08112783255e-05	7.2075188837e-06	3.60375944185e-06	1.44150377674e-05	3.60375944185e-06	0.000882921063253	0.00433532260855	0.00116041054028	1.08112783255e-05	9.73015049299e-05	2.16225566511e-05	0.00486147148706	3.60375944185e-06	1.08112783255e-05	0.00023424436372	0	2.88300755348e-05	0	0	0	0	0	0	7.2075188837e-06	0	0	0.000252263160929	0	0.000302715793115	0	0	0	1.08112783255e-05	3.60375944185e-05	3.24338349766e-05	0	0	0	0	0	0.000162169174883	0.00013694285879	9.36977454881e-05	0	3.60375944185e-06	0	1.44150377674e-05	0	0	1.44150377674e-05	0.000118924061581	0.000381998500836	0.000180187972092	2.88300755348e-05	7.2075188837e-06	0	1.80187972092e-05	3.60375944185e-06	0.000345960906418	2.52263160929e-05	0	0	0	4.6848872744e-05
