0.030207970727	9.71447537785e-05	0.00109287848001	0	0.000340006638225	4.45246788152e-05	0.00218575696002	0.00746395524865	0.00965375990674	0.00108478308386	0.0019388473775	0.000987638330082	0.00271600540772	0.00024690958252	0.0195908586787	8.09539614821e-05	0.000145717130668	0.000530248447708	4.85723768893e-05	0.00029548195941	0.00257028827706	0.00223028163883	0.000368340524744	0.00355387890906	0.00162717462579	5.26200749634e-05	0.000603107013042	0.000404769807411	0.00422984448744	0.0206351647818	0.0123009544472	1.61907922964e-05	0.000165955621038	0.00324220615736	0.00673132189724	6.88108672598e-05	4.85723768893e-05	2.42861884446e-05	0	0.00029548195941	0	0.000149764828742	0.000497866863115	0.000182146413335	0.00165550851231	0.00092692285897	4.04769807411e-05	0.000291434261336	2.83338865187e-05	0.000214527997928	7.6906263408e-05	6.47631691857e-05	2.02384903705e-05	0	1.21430942223e-05	0.000396674411262	4.04769807411e-05	0.00013762173452	8.09539614821e-05	0.0015624114566	2.02384903705e-05	5.66677730375e-05	5.26200749634e-05	0.000785253426376	4.04769807411e-05	1.61907922964e-05	0	0	0	5.66677730375e-05	0.000789301124451	0.00013762173452	0.0024690958252	0.000773110332154	0.000408817505485	0.000133574036445	4.04769807411e-05	0.000238814186372	6.07154711116e-05	0.000170003319112	4.04769807411e-05	0.000161907922964	4.04769807411e-06	1.21430942223e-05
9.71447537785e-05	0.0206958802529	0.0030317258575	0	0	0	0	3.64292826669e-05	2.02384903705e-05	0.000720490257191	4.04769807411e-06	0.000352149732447	8.09539614821e-06	0.000348102034373	6.88108672598e-05	1.61907922964e-05	0.000728585653339	0.00127502489334	4.45246788152e-05	0.00109692617808	4.04769807411e-06	0.000344054336299	0.00389388554729	0.00171622398342	0.000716442559117	0.00268767152121	0.00446461097574	0.014911719705	0.000161907922964	0.000165955621038	0.000222623394076	4.85723768893e-05	4.04769807411e-06	8.90493576303e-05	0.00150979138164	4.04769807411e-06	0.00703894695087	0.00161907922964	0	8.09539614821e-06	0	0	5.26200749634e-05	0	0.000105240149927	2.83338865187e-05	7.6906263408e-05	4.04769807411e-06	0.000105240149927	2.83338865187e-05	0	0.000283338865187	0.000538343843856	4.04769807411e-05	0.000242861884446	0	0.000279291167113	0.00138026504327	0.000999781424304	0.000133574036445	9.30970557044e-05	0.00129931108179	0.00512438576182	0.000121430942223	1.61907922964e-05	6.07154711116e-05	4.04769807411e-06	0	1.21430942223e-05	0.000153812526816	0.00115359395112	0.000732633351413	0.000874302784007	0.000311672751706	0.000121430942223	1.61907922964e-05	8.09539614821e-06	0.000376435920892	0.000360245128595	0.000145717130668	3.23815845928e-05	0	0	4.04769807411e-06
0.00109287848001	0.0030317258575	0.0453787431088	0	8.09539614821e-06	3.23815845928e-05	0.000113335546075	0.000692156370672	0.000360245128595	0.000125478640297	2.42861884446e-05	0.000465485278522	4.45246788152e-05	0.000101192451853	0.000809539614821	7.6906263408e-05	0.000457389882374	0.00763800626584	6.07154711116e-05	0.00117383244149	5.26200749634e-05	0.00295077189602	0.00118597553571	0.0222421009172	0.000230718790224	0.000117383244149	0.0120540448647	0.0183563107661	0.000918827462822	0.00149360058934	0.00244480963676	8.09539614821e-06	4.04769807411e-05	0.000416912901633	0.00411246124329	2.83338865187e-05	0.00448080176803	0.00271195770965	0	1.21430942223e-05	4.04769807411e-06	8.09539614821e-06	0.000198337205631	2.83338865187e-05	0.000161907922964	9.71447537785e-05	5.26200749634e-05	1.61907922964e-05	4.45246788152e-05	8.90493576303e-05	8.09539614821e-06	0.00109692617808	0.00115359395112	2.83338865187e-05	0.000376435920892	1.61907922964e-05	0.00120621402608	0.00334339860921	0.00331101702462	0.000263100374817	3.23815845928e-05	0.00104430610312	0.00559391873841	0.000368340524744	4.45246788152e-05	0.00022667109215	0	0	3.64292826669e-05	0.0004533421843	0.00425817837396	0.00233552178876	0.00402745958373	0.00164336541809	0.000582868522671	0.000170003319112	3.64292826669e-05	0.000878350482081	0.000712394861043	0.000449294486226	0.000141669432594	1.21430942223e-05	4.04769807411e-06	4.04769807411e-06
0	0	0	0	0	0	0	0	0	0	0	0	0	0	0	0	0	0	0	0	0	0	0	0	0	0	0	0	0	0	0	0	0	0	0	0	0	0	0	0	0	0	0	0	0	0	0	0	0	0	0	0	0	0	0	0	0	0	0	0	0	0	0	0	0	0	0	0	0	0	0	0	0	0	0	0	0	0	0	0	0	0	0	0
0.000340006638225	0	8.09539614821e-06	0	0.0192953767193	2.42861884446e-05	0.000558582334227	0.00029548195941	0.000570725428449	0.000505962259263	0.000918827462822	9.71447537785e-05	0.00364292826669	2.42861884446e-05	0.000696204068746	0.000335958940151	4.04769807411e-06	8.09539614821e-06	1.21430942223e-05	4.04769807411e-06	0.0079092020368	1.61907922964e-05	1.61907922964e-05	4.85723768893e-05	0.00819254090199	4.04769807411e-06	4.04769807411e-05	0	0.00628202741101	0.000975495235859	8.50016595562e-05	0	2.02384903705e-05	0.000340006638225	0.000659774786079	1.21430942223e-05	0	0	0	0.00325434925158	0	0.000323815845928	0.000218575696002	0.000161907922964	0.00251766820209	0.00342435257069	8.09539614821e-06	0.00295077189602	4.04769807411e-06	0.000129526338371	6.88108672598e-05	0	0	0	0	0.00403150728181	0	4.04769807411e-06	0	0.00235171258106	0	0	0	0.000817635010969	3.23815845928e-05	0	0	0	0	1.21430942223e-05	0.000376435920892	2.02384903705e-05	0.000263100374817	6.47631691857e-05	0.000829778105192	1.61907922964e-05	8.09539614821e-06	4.45246788152e-05	1.61907922964e-05	5.66677730375e-05	8.09539614821e-06	7.6906263408e-05	0	0
4.45246788152e-05	0	3.23815845928e-05	0	2.42861884446e-05	0.00442008629692	0.00184575032179	2.02384903705e-05	0.000716442559117	6.07154711116e-05	2.42861884446e-05	1.61907922964e-05	0.000194289507557	6.88108672598e-05	0.000457389882374	0.00103621070697	8.09539614821e-06	8.09539614821e-06	0	4.04769807411e-06	6.47631691857e-05	2.02384903705e-05	1.21430942223e-05	0.000105240149927	6.47631691857e-05	0	1.21430942223e-05	3.23815845928e-05	4.45246788152e-05	0.000352149732447	5.26200749634e-05	0	0.00113335546075	5.66677730375e-05	0.00047358067467	0	0	4.04769807411e-06	0	2.02384903705e-05	0	0	1.21430942223e-05	0	4.45246788152e-05	2.83338865187e-05	0	1.21430942223e-05	0	0	4.04769807411e-06	4.04769807411e-06	0	0	0	2.83338865187e-05	8.09539614821e-06	1.21430942223e-05	2.02384903705e-05	4.45246788152e-05	0	4.04769807411e-06	8.09539614821e-06	2.83338865187e-05	0	0	0	0	0	4.04769807411e-06	0.000352149732447	8.09539614821e-06	0.000437151392003	0.000267148072891	0.00142478972209	0.000170003319112	1.61907922964e-05	3.64292826669e-05	8.09539614821e-06	2.83338865187e-05	1.61907922964e-05	4.04769807411e-06	0	0
0.00218575696002	0	0.000113335546075	0	0.000558582334227	0.00184575032179	0.036214754669	0.00324220615736	0.0196839557344	0.000412865203559	0.00680418046257	0.000635488597635	0.0101273405814	0.000465485278522	0.00830182874999	0.000663822484153	2.02384903705e-05	6.47631691857e-05	4.04769807411e-05	3.64292826669e-05	0.00325030155351	0.000194289507557	3.64292826669e-05	0.000420960599707	0.000902636670525	2.02384903705e-05	0.000141669432594	7.28585653339e-05	0.00308029823439	0.00537534304241	0.000481676070819	4.04769807411e-06	0.00195099047172	0.000684060974524	0.0038453131704	1.21430942223e-05	1.21430942223e-05	0	0	0.000319768147854	8.09539614821e-06	9.30970557044e-05	0.000267148072891	9.30970557044e-05	0.0010159722166	0.00109692617808	1.21430942223e-05	0.000416912901633	4.04769807411e-06	0.000101192451853	2.83338865187e-05	1.61907922964e-05	0	0	0	0.000574773126523	4.04769807411e-06	3.23815845928e-05	8.09539614821e-06	0.00120621402608	4.04769807411e-06	1.21430942223e-05	1.21430942223e-05	0.000380483618966	2.02384903705e-05	0	0	8.09539614821e-06	0	4.04769807411e-05	0.000935018255118	0.000117383244149	0.00200765824476	0.000582868522671	0.00170003319112	0.000485723768893	7.6906263408e-05	9.30970557044e-05	4.04769807411e-06	0.000125478640297	4.85723768893e-05	9.71447537785e-05	1.21430942223e-05	8.09539614821e-06
0.00746395524865	3.64292826669e-05	0.000692156370672	0	0.00029548195941	2.02384903705e-05	0.00324220615736	0.0359557019923	0.00602702243234	0.000845968897488	0.00277672087884	0.000461437580448	0.000554534636152	0.000194289507557	0.00549272628656	9.71447537785e-05	7.28585653339e-05	0.000331911242077	3.64292826669e-05	0.000129526338371	0.000841921199414	0.0018295595295	0.000145717130668	0.00269981461543	0.00221813854461	3.23815845928e-05	0.000267148072891	0.000194289507557	0.014203372542	0.00981971552778	0.0109449755924	8.09539614821e-06	0.00013762173452	0.00480866531204	0.00584082832093	2.83338865187e-05	4.85723768893e-05	2.42861884446e-05	0	0.000461437580448	0	0.000129526338371	0.000437151392003	0.000133574036445	0.00160288843735	0.00116573704534	1.21430942223e-05	0.000311672751706	1.61907922964e-05	0.000174051017187	4.85723768893e-05	2.42861884446e-05	8.09539614821e-06	0	8.09539614821e-06	0.000534296145782	3.64292826669e-05	5.66677730375e-05	4.85723768893e-05	0.00157455455083	1.61907922964e-05	3.23815845928e-05	5.26200749634e-05	0.000712394861043	4.04769807411e-05	1.21430942223e-05	0	8.09539614821e-06	4.04769807411e-06	3.23815845928e-05	0.000890493576303	0.00013762173452	0.00271600540772	0.000748824143709	0.000368340524744	0.000149764828742	2.42861884446e-05	0.000117383244149	2.42861884446e-05	7.28585653339e-05	2.83338865187e-05	0.000129526338371	8.09539614821e-06	1.21430942223e-05
0.00965375990674	2.02384903705e-05	0.000360245128595	0	0.000570725428449	0.000716442559117	0.0196839557344	0.00602702243234	0.0474956892016	0.000841921199414	0.00467509127559	0.00150979138164	0.00676370348183	0.000910732066674	0.0281557878035	0.000352149732447	4.45246788152e-05	0.00015786022489	8.09539614821e-05	0.000153812526816	0.00392221943381	0.000688108672598	0.000145717130668	0.00125478640297	0.00160693613542	4.85723768893e-05	0.0004533421843	0.000178098715261	0.00440389550463	0.0151141046087	0.00293053340565	2.42861884446e-05	0.0032664923458	0.0016878900969	0.0088320771977	5.26200749634e-05	3.23815845928e-05	8.09539614821e-06	0	0.000510009957337	8.09539614821e-06	0.000234766488298	0.000692156370672	0.00022667109215	0.00196718126402	0.00175265326609	4.04769807411e-05	0.00061120240919	2.02384903705e-05	0.000279291167113	7.6906263408e-05	4.45246788152e-05	0	4.04769807411e-06	0	0.000777158030228	3.23815845928e-05	9.30970557044e-05	4.04769807411e-05	0.00227480631765	1.21430942223e-05	2.83338865187e-05	4.45246788152e-05	0.000959304443563	8.09539614821e-05	0	0	8.09539614821e-06	0	8.90493576303e-05	0.00160693613542	0.00022667109215	0.00438365701426	0.00129121568564	0.00114954625305	0.00083787350134	0.000145717130668	0.000202384903705	3.23815845928e-05	0.000218575696002	7.6906263408e-05	0.000242861884446	2.02384903705e-05	1.21430942223e-05
0.00108478308386	0.000720490257191	0.000125478640297	0	0.000505962259263	6.07154711116e-05	0.000412865203559	0.000845968897488	0.000841921199414	0.0206594509702	0.000182146413335	0.000255004978669	0.00288600872684	0.000117383244149	0.00155026836238	0.000785253426376	0.000663822484153	0.000109287848001	2.42861884446e-05	9.30970557044e-05	0.000870255085933	0.000708347162968	0.00411650894137	0.00068001327645	0.00813992082703	0.000206432601779	0.000311672751706	0.000651679389931	0.00182551183142	0.00408412735677	0.00216956616772	1.21430942223e-05	4.04769807411e-05	0.00284957944417	0.0047681883313	0.000238814186372	7.28585653339e-05	3.64292826669e-05	0	0.000599059314968	1.21430942223e-05	0.000238814186372	0.00116978474342	0.000380483618966	0.00590963918819	0.00149360058934	7.28585653339e-05	0.000469532976596	2.42861884446e-05	0.000574773126523	0.000113335546075	0.000323815845928	4.04769807411e-06	0	1.21430942223e-05	0.000538343843856	0.000178098715261	0.00150169598549	0.000178098715261	0.00403960267796	1.61907922964e-05	2.42861884446e-05	0.000121430942223	0.00212908918698	0.00013762173452	0.000101192451853	0	2.02384903705e-05	0	0.000178098715261	0.00192670428327	0.000198337205631	0.00189837039676	0.000696204068746	0.00199551515053	0.000182146413335	4.04769807411e-05	0.000368340524744	8.90493576303e-05	0.000368340524744	9.71447537785e-05	0.000307625053632	2.42861884446e-05	1.21430942223e-05
0.0019388473775	4.04769807411e-06	2.42861884446e-05	0	0.000918827462822	2.42861884446e-05	0.00680418046257	0.00277672087884	0.00467509127559	0.000182146413335	0.022011382127	0.000416912901633	0.00582058983056	0.000117383244149	0.0030641074421	4.85723768893e-05	0	2.83338865187e-05	3.64292826669e-05	6.07154711116e-05	0.00762586317161	2.42861884446e-05	2.02384903705e-05	8.09539614821e-05	0.000793348822525	2.02384903705e-05	0.000121430942223	4.45246788152e-05	0.00397483950877	0.00316125219588	0.000101192451853	8.09539614821e-06	8.09539614821e-05	0.000777158030228	0.00214932767735	8.09539614821e-06	1.61907922964e-05	0	0	0.000327863544003	0	0.000105240149927	0.000165955621038	6.47631691857e-05	0.000987638330082	0.00108478308386	0	0.000493819165041	4.04769807411e-06	4.85723768893e-05	2.42861884446e-05	4.04769807411e-06	0	0	4.04769807411e-06	0.000748824143709	8.09539614821e-06	0	0	0.00104430610312	8.09539614821e-06	2.42861884446e-05	1.61907922964e-05	0.000279291167113	1.61907922964e-05	8.09539614821e-06	0	0	0	8.09539614821e-06	0.000307625053632	2.42861884446e-05	0.000797396520599	0.000182146413335	0.000165955621038	4.04769807411e-05	1.61907922964e-05	2.02384903705e-05	0	4.85723768893e-05	1.61907922964e-05	4.45246788152e-05	4.04769807411e-06	0
0.000987638330082	0.000352149732447	0.000465485278522	0	9.71447537785e-05	1.61907922964e-05	0.000635488597635	0.000461437580448	0.00150979138164	0.000255004978669	0.000416912901633	0.0323127737256	0.000773110332154	0.00877945712273	0.0034081617784	3.23815845928e-05	0.000105240149927	0.00121835712031	0.00396674411262	0.00664227253961	0.000663822484153	0.000311672751706	0.000170003319112	0.00083787350134	0.000376435920892	0.00188622730253	0.0127219150469	0.0022829017138	0.000716442559117	0.00606345171501	0.000489771466967	0.00165550851231	0.000263100374817	0.000805491916747	0.0137702688481	2.42861884446e-05	0.000396674411262	4.04769807411e-05	0	6.47631691857e-05	0	7.6906263408e-05	0.000210480299853	5.26200749634e-05	0.000441199090077	0.000291434261336	0.000918827462822	0.000105240149927	0.000914779764748	9.71447537785e-05	2.83338865187e-05	4.04769807411e-06	2.42861884446e-05	5.26200749634e-05	9.71447537785e-05	9.30970557044e-05	2.02384903705e-05	4.85723768893e-05	4.04769807411e-05	0.000489771466967	0.000809539614821	0.00083787350134	0.000469532976596	0.000198337205631	2.83338865187e-05	1.61907922964e-05	2.83338865187e-05	0	0	7.28585653339e-05	0.00307220283825	0.00199146745246	0.00601487933812	0.00248123891943	0.000141669432594	0.000109287848001	0.000186194111409	0.000165955621038	0.000481676070819	0.000165955621038	2.42861884446e-05	6.47631691857e-05	4.04769807411e-06	8.90493576303e-05
0.00271600540772	8.09539614821e-06	4.45246788152e-05	0	0.00364292826669	0.000194289507557	0.0101273405814	0.000554534636152	0.00676370348183	0.00288600872684	0.00582058983056	0.000773110332154	0.0344175767241	0.000271195770965	0.00700656536628	0.00173241477572	4.04769807411e-06	2.02384903705e-05	6.07154711116e-05	8.09539614821e-05	0.0157131639237	3.64292826669e-05	2.83338865187e-05	0.000105240149927	0.00447270637189	3.23815845928e-05	0.000218575696002	4.45246788152e-05	0.00240433265602	0.00522962591174	0.000129526338371	1.21430942223e-05	0.000299529657484	0.000408817505485	0.00342840026877	8.09539614821e-06	2.02384903705e-05	4.04769807411e-06	0	0.000380483618966	0	0.000255004978669	0.000198337205631	8.90493576303e-05	0.00111311697038	0.00102001991467	1.61907922964e-05	0.00120216632801	1.21430942223e-05	8.09539614821e-05	7.28585653339e-05	0	4.04769807411e-06	0	0	0.00105644919734	4.04769807411e-06	8.09539614821e-06	0	0.00106049689542	8.09539614821e-06	1.61907922964e-05	1.21430942223e-05	0.000303577355558	2.02384903705e-05	8.09539614821e-06	0	4.04769807411e-06	0	3.23815845928e-05	0.00111716466845	5.66677730375e-05	0.00138026504327	0.000279291167113	0.00280910246343	7.6906263408e-05	5.26200749634e-05	4.45246788152e-05	2.02384903705e-05	5.26200749634e-05	8.09539614821e-06	8.50016595562e-05	4.04769807411e-06	8.09539614821e-06
0.00024690958252	0.000348102034373	0.000101192451853	0	2.42861884446e-05	6.88108672598e-05	0.000465485278522	0.000194289507557	0.000910732066674	0.000117383244149	0.000117383244149	0.00877945712273	0.000271195770965	0.0261886065395	0.0014693144009	8.09539614821e-06	3.23815845928e-05	0.000141669432594	0.00022667109215	0.000493819165041	0.000210480299853	0.000117383244149	0.000125478640297	0.000267148072891	0.000141669432594	0.00412055663944	0.00779181879265	0.004751997539	0.000271195770965	0.00245695273098	0.000161907922964	0.00437960931618	0.000275243469039	0.000352149732447	0.00409222275292	2.42861884446e-05	0.000198337205631	8.09539614821e-06	0	8.09539614821e-06	8.09539614821e-06	6.88108672598e-05	0.000145717130668	8.09539614821e-05	0.000198337205631	0.000149764828742	0.00188622730253	2.83338865187e-05	0.00197527666016	8.09539614821e-05	4.04769807411e-06	1.21430942223e-05	2.02384903705e-05	0.000125478640297	4.04769807411e-05	4.04769807411e-05	2.83338865187e-05	3.64292826669e-05	2.83338865187e-05	0.000234766488298	0.00146121900475	0.000789301124451	0.000275243469039	0.00013762173452	6.47631691857e-05	4.04769807411e-06	6.88108672598e-05	1.61907922964e-05	0	0.000101192451853	0.00100787682045	0.000708347162968	0.00365507136092	0.00187408420831	9.30970557044e-05	0.000696204068746	0.00131550187408	0.000182146413335	0.000939065953192	0.000546439240004	0.00038453131704	0.000105240149927	9.30970557044e-05	0.000372388222818
0.0195908586787	6.88108672598e-05	0.000809539614821	0	0.000696204068746	0.000457389882374	0.00830182874999	0.00549272628656	0.0281557878035	0.00155026836238	0.0030641074421	0.0034081617784	0.00700656536628	0.0014693144009	0.0552065540327	0.000259052676743	0.000129526338371	0.000437151392003	0.000182146413335	0.000465485278522	0.00525391210019	0.0015624114566	0.000307625053632	0.00276862548269	0.00240028495794	0.000105240149927	0.00111311697038	0.000368340524744	0.00466699587944	0.0344297198183	0.00741943056983	7.28585653339e-05	0.00396269641455	0.00407198426255	0.0168667578748	0.000105240149927	7.6906263408e-05	1.61907922964e-05	0	0.000530248447708	0	0.000323815845928	0.000991686028156	0.000340006638225	0.00265933763469	0.00187003651024	7.6906263408e-05	0.000574773126523	7.28585653339e-05	0.000457389882374	0.000141669432594	5.26200749634e-05	4.04769807411e-06	4.04769807411e-06	0	0.000692156370672	6.07154711116e-05	0.000149764828742	7.6906263408e-05	0.00290219951913	4.45246788152e-05	7.6906263408e-05	6.88108672598e-05	0.00133978806253	0.000125478640297	2.02384903705e-05	0	1.61907922964e-05	0	0.000153812526816	0.00251362050402	0.000404769807411	0.00727776113724	0.00189432269868	0.00102406761275	0.000760967237932	0.000234766488298	0.000388579015114	8.90493576303e-05	0.000372388222818	0.000129526338371	0.000376435920892	3.64292826669e-05	2.42861884446e-05
8.09539614821e-05	1.61907922964e-05	7.6906263408e-05	0	0.000335958940151	0.00103621070697	0.000663822484153	9.71447537785e-05	0.000352149732447	0.000785253426376	4.85723768893e-05	3.23815845928e-05	0.00173241477572	8.09539614821e-06	0.000259052676743	0.00668679721842	0.000113335546075	1.61907922964e-05	0	1.61907922964e-05	0.000550486938078	0.000234766488298	8.09539614821e-05	0.0004533421843	0.000514057655411	8.09539614821e-06	3.23815845928e-05	8.90493576303e-05	0.000449294486226	0.000400722109336	0.000178098715261	0	5.26200749634e-05	0.000311672751706	0.000805491916747	1.21430942223e-05	1.61907922964e-05	8.09539614821e-06	0	6.07154711116e-05	0	2.83338865187e-05	6.88108672598e-05	2.42861884446e-05	0.000234766488298	0.000145717130668	4.04769807411e-06	7.6906263408e-05	4.04769807411e-06	2.02384903705e-05	8.09539614821e-06	4.04769807411e-05	0	0	4.04769807411e-06	0.000105240149927	6.88108672598e-05	6.88108672598e-05	6.88108672598e-05	0.000170003319112	0	4.04769807411e-06	2.42861884446e-05	0.000165955621038	1.21430942223e-05	2.83338865187e-05	0	0	8.09539614821e-06	2.42861884446e-05	0.000910732066674	7.6906263408e-05	0.00140455123171	0.00111311697038	0.0039546010184	6.47631691857e-05	4.04769807411e-06	0.000141669432594	1.21430942223e-05	6.88108672598e-05	3.23815845928e-05	1.21430942223e-05	0	0
0.000145717130668	0.000728585653339	0.000457389882374	0	4.04769807411e-06	8.09539614821e-06	2.02384903705e-05	7.28585653339e-05	4.45246788152e-05	0.000663822484153	0	0.000105240149927	4.04769807411e-06	3.23815845928e-05	0.000129526338371	0.000113335546075	0.0198134820727	0.000242861884446	1.21430942223e-05	8.09539614821e-05	4.04769807411e-06	0.00430270305277	0.00702275615857	0.00585701911323	0.00402341188566	0.000113335546075	0.000242861884446	0.00399912569722	0.00316125219588	0.000489771466967	0.000595011616893	0	1.21430942223e-05	0.000420960599707	0.00163931772001	0.000125478640297	8.09539614821e-05	6.07154711116e-05	0	4.04769807411e-05	0	1.21430942223e-05	0.000396674411262	3.64292826669e-05	0.00107668768771	8.90493576303e-05	8.09539614821e-06	4.04769807411e-06	4.04769807411e-06	0.000129526338371	8.09539614821e-06	0.00177289175646	5.26200749634e-05	4.04769807411e-06	2.83338865187e-05	0	0.00119407093186	0.00405174577218	0.00211694609276	0.000854064293636	0	2.42861884446e-05	0.000202384903705	0.00168384239883	6.88108672598e-05	0.00031572044978	0	0	1.21430942223e-05	0.000101192451853	0.00162312692772	0.00038453131704	0.00157050685275	0.000716442559117	0.000255004978669	0.000133574036445	4.04769807411e-06	0.00038453131704	7.28585653339e-05	0.000153812526816	8.50016595562e-05	3.23815845928e-05	8.09539614821e-06	0
0.000530248447708	0.00127502489334	0.00763800626584	0	8.09539614821e-06	8.09539614821e-06	6.47631691857e-05	0.000331911242077	0.00015786022489	0.000109287848001	2.83338865187e-05	0.00121835712031	2.02384903705e-05	0.000141669432594	0.000437151392003	1.61907922964e-05	0.000242861884446	0.0300015381253	0.000352149732447	0.00573963586908	1.61907922964e-05	0.00288196102876	0.000404769807411	0.0119285662244	0.000170003319112	0.000202384903705	0.00783229577339	0.00574773126523	0.000412865203559	0.00231528329839	0.00209265990431	2.42861884446e-05	2.42861884446e-05	0.000785253426376	0.00714013940272	1.21430942223e-05	0.00135597885483	0.000651679389931	0	8.09539614821e-06	4.04769807411e-06	2.02384903705e-05	8.50016595562e-05	1.21430942223e-05	0.000129526338371	6.47631691857e-05	7.28585653339e-05	2.83338865187e-05	3.64292826669e-05	3.64292826669e-05	8.09539614821e-06	0.000129526338371	0.000311672751706	2.02384903705e-05	0.000165955621038	2.02384903705e-05	0.000161907922964	0.000340006638225	0.000457389882374	0.00013762173452	4.45246788152e-05	0.000688108672598	0.00130335877986	0.000170003319112	8.09539614821e-06	2.83338865187e-05	0	0	4.04769807411e-06	0.000101192451853	0.00244076193869	0.0015786022489	0.00318149068625	0.00138026504327	0.000263100374817	0.000109287848001	4.04769807411e-05	0.00024690958252	0.000165955621038	0.000141669432594	4.04769807411e-05	1.21430942223e-05	0	0
4.85723768893e-05	4.45246788152e-05	6.07154711116e-05	0	1.21430942223e-05	0	4.04769807411e-05	3.64292826669e-05	8.09539614821e-05	2.42861884446e-05	3.64292826669e-05	0.00396674411262	6.07154711116e-05	0.00022667109215	0.000182146413335	0	1.21430942223e-05	0.000352149732447	0.00663012944538	0.00308839363054	5.26200749634e-05	4.45246788152e-05	2.83338865187e-05	0.000113335546075	2.83338865187e-05	0.000121430942223	0.00354983121099	0.000259052676743	6.88108672598e-05	0.000352149732447	6.47631691857e-05	4.85723768893e-05	8.09539614821e-06	7.28585653339e-05	0.00128312028949	0	4.45246788152e-05	0	0	0	0	8.09539614821e-06	4.04769807411e-06	8.09539614821e-06	2.02384903705e-05	1.21430942223e-05	0.000109287848001	8.09539614821e-06	0.000117383244149	4.04769807411e-06	4.04769807411e-06	0	4.04769807411e-06	1.21430942223e-05	8.09539614821e-06	8.09539614821e-06	4.04769807411e-06	2.42861884446e-05	2.02384903705e-05	1.61907922964e-05	0.000113335546075	0.000141669432594	4.85723768893e-05	8.09539614821e-06	0	0	4.04769807411e-06	0	0	8.09539614821e-06	0.000380483618966	0.000331911242077	0.000659774786079	0.000331911242077	1.21430942223e-05	1.21430942223e-05	1.61907922964e-05	1.21430942223e-05	4.45246788152e-05	1.61907922964e-05	8.09539614821e-06	4.04769807411e-06	0	4.04769807411e-06
0.00029548195941	0.00109692617808	0.00117383244149	0	4.04769807411e-06	4.04769807411e-06	3.64292826669e-05	0.000129526338371	0.000153812526816	9.30970557044e-05	6.07154711116e-05	0.00664227253961	8.09539614821e-05	0.000493819165041	0.000465485278522	1.61907922964e-05	8.09539614821e-05	0.00573963586908	0.00308839363054	0.0257312166571	8.09539614821e-05	0.000582868522671	0.000271195770965	0.00144907591053	0.000105240149927	0.00142478972209	0.0147902887628	0.00437151392003	0.000222623394076	0.000975495235859	0.00063144089956	0.000105240149927	3.64292826669e-05	0.00024690958252	0.00821277939236	4.04769807411e-06	0.00160288843735	0.00015786022489	0	4.04769807411e-06	0	1.61907922964e-05	5.66677730375e-05	1.61907922964e-05	6.88108672598e-05	5.26200749634e-05	0.000461437580448	4.04769807411e-06	0.000404769807411	8.09539614821e-06	0	1.61907922964e-05	8.90493576303e-05	0.000153812526816	0.000420960599707	4.04769807411e-06	4.04769807411e-05	0.000101192451853	8.90493576303e-05	6.07154711116e-05	0.000469532976596	0.00246504812713	0.0015786022489	6.07154711116e-05	0	8.09539614821e-06	2.42861884446e-05	0	4.04769807411e-06	0.000125478640297	0.00327458774195	0.0020157536409	0.00359435588981	0.00162312692772	0.000113335546075	8.50016595562e-05	6.07154711116e-05	0.000206432601779	0.000388579015114	0.000230718790224	4.85723768893e-05	8.09539614821e-06	0	1.21430942223e-05
0.00257028827706	4.04769807411e-06	5.26200749634e-05	0	0.0079092020368	6.47631691857e-05	0.00325030155351	0.000841921199414	0.00392221943381	0.000870255085933	0.00762586317161	0.000663822484153	0.0157131639237	0.000210480299853	0.00525391210019	0.000550486938078	4.04769807411e-06	1.61907922964e-05	5.26200749634e-05	8.09539614821e-05	0.0301391598598	3.23815845928e-05	3.64292826669e-05	0.000101192451853	0.00471152055826	2.83338865187e-05	0.000218575696002	4.04769807411e-05	0.00561010953071	0.00522557821367	0.000190241809483	1.21430942223e-05	0.000210480299853	0.00106859229156	0.00361459438018	1.21430942223e-05	1.61907922964e-05	4.04769807411e-06	0	0.0014693144009	0	0.000335958940151	0.000429055995855	0.000174051017187	0.00271600540772	0.00333935091114	2.02384903705e-05	0.00188217960446	1.61907922964e-05	0.000174051017187	8.50016595562e-05	4.04769807411e-06	4.04769807411e-06	0	4.04769807411e-06	0.00309244132862	1.21430942223e-05	1.21430942223e-05	0	0.00282124555765	1.61907922964e-05	2.42861884446e-05	1.61907922964e-05	0.000777158030228	4.45246788152e-05	1.61907922964e-05	0	0	0	5.26200749634e-05	0.000833825803266	6.07154711116e-05	0.00149360058934	0.000271195770965	0.00121430942223	6.47631691857e-05	3.23815845928e-05	6.07154711116e-05	3.23815845928e-05	0.000125478640297	1.61907922964e-05	0.000125478640297	0	1.21430942223e-05
0.00223028163883	0.000344054336299	0.00295077189602	0	1.61907922964e-05	2.02384903705e-05	0.000194289507557	0.0018295595295	0.000688108672598	0.000708347162968	2.42861884446e-05	0.000311672751706	3.64292826669e-05	0.000117383244149	0.0015624114566	0.000234766488298	0.00430270305277	0.00288196102876	4.45246788152e-05	0.000582868522671	3.23815845928e-05	0.047026156225	0.00245290503291	0.0300743966906	0.0011090692723	4.45246788152e-05	0.000963352141637	0.00187408420831	0.00964971220867	0.00552915556923	0.0137176487731	4.04769807411e-06	2.02384903705e-05	0.00347697264566	0.00843135508836	0.000105240149927	0.000190241809483	0.000113335546075	0	3.64292826669e-05	4.04769807411e-06	4.45246788152e-05	0.000485723768893	5.26200749634e-05	0.00100382912238	0.000178098715261	8.09539614821e-06	1.21430942223e-05	1.61907922964e-05	0.000129526338371	1.61907922964e-05	0.000797396520599	4.04769807411e-05	8.09539614821e-06	2.02384903705e-05	1.21430942223e-05	0.000914779764748	0.0022829017138	0.000720490257191	0.000918827462822	2.42861884446e-05	0.000101192451853	0.000267148072891	0.00208861220624	6.88108672598e-05	0.000425008297781	0	8.09539614821e-06	1.61907922964e-05	8.50016595562e-05	0.0025945744655	0.000684060974524	0.00513248115797	0.00216147077157	0.000740728747561	0.000218575696002	4.04769807411e-05	0.000368340524744	7.6906263408e-05	0.000121430942223	5.66677730375e-05	4.85723768893e-05	4.04769807411e-06	0
0.000368340524744	0.00389388554729	0.00118597553571	0	1.61907922964e-05	1.21430942223e-05	3.64292826669e-05	0.000145717130668	0.000145717130668	0.00411650894137	2.02384903705e-05	0.000170003319112	2.83338865187e-05	0.000125478640297	0.000307625053632	8.09539614821e-05	0.00702275615857	0.000404769807411	2.83338865187e-05	0.000271195770965	3.64292826669e-05	0.00245290503291	0.0259093153723	0.00457389882374	0.00563034802108	0.000728585653339	0.00085811199171	0.00821682709043	0.00217766156387	0.00116168934727	0.00147740979705	1.21430942223e-05	1.21430942223e-05	0.00127097719527	0.00301958276328	0.000218575696002	0.000267148072891	0.000242861884446	0	8.09539614821e-05	0	3.23815845928e-05	0.000825730407117	6.47631691857e-05	0.00333530321306	0.000190241809483	2.83338865187e-05	3.23815845928e-05	2.42861884446e-05	0.000255004978669	4.04769807411e-05	0.00341220947647	0.000133574036445	4.04769807411e-06	4.04769807411e-05	3.23815845928e-05	0.00180122564298	0.00983995401815	0.00335149400536	0.00208456450816	1.21430942223e-05	0.000125478640297	0.00147740979705	0.00336363709958	0.000113335546075	0.000445246788152	0	8.09539614821e-06	2.83338865187e-05	0.00024690958252	0.00178908254875	0.000429055995855	0.00157050685275	0.000773110332154	0.000380483618966	0.00013762173452	8.09539614821e-06	0.000801444218673	0.000202384903705	0.000271195770965	0.000117383244149	8.90493576303e-05	2.42861884446e-05	8.09539614821e-06
0.00355387890906	0.00171622398342	0.0222421009172	0	4.85723768893e-05	0.000105240149927	0.000420960599707	0.00269981461543	0.00125478640297	0.00068001327645	8.09539614821e-05	0.00083787350134	0.000105240149927	0.000267148072891	0.00276862548269	0.0004533421843	0.00585701911323	0.0119285662244	0.000113335546075	0.00144907591053	0.000101192451853	0.0300743966906	0.00457389882374	0.0849530871793	0.000959304443563	0.000141669432594	0.00410841354522	0.0156038760757	0.00550082168271	0.00830587644806	0.0112404575518	1.21430942223e-05	6.07154711116e-05	0.00388174245307	0.0127583443296	0.000109287848001	0.0010159722166	0.000967399839711	0	7.28585653339e-05	4.04769807411e-06	5.26200749634e-05	0.000582868522671	8.09539614821e-05	0.00076906263408	0.000279291167113	4.85723768893e-05	4.85723768893e-05	2.83338865187e-05	0.000186194111409	1.61907922964e-05	0.0037198345301	0.00031572044978	8.09539614821e-06	0.000121430942223	4.45246788152e-05	0.00259052676743	0.00889279266881	0.00607559480923	0.00111311697038	3.64292826669e-05	0.000416912901633	0.00279695936921	0.00208456450816	0.000105240149927	0.000765014936006	0	0	4.45246788152e-05	0.000501914561189	0.00780396188687	0.00237195107143	0.0131388279485	0.00552510787115	0.00209265990431	0.000582868522671	0.00013762173452	0.00119002323379	0.000429055995855	0.000546439240004	0.000283338865187	7.6906263408e-05	1.61907922964e-05	8.09539614821e-06
0.00162717462579	0.000716442559117	0.000230718790224	0	0.00819254090199	6.47631691857e-05	0.000902636670525	0.00221813854461	0.00160693613542	0.00813992082703	0.000793348822525	0.000376435920892	0.00447270637189	0.000141669432594	0.00240028495794	0.000514057655411	0.00402341188566	0.000170003319112	2.83338865187e-05	0.000105240149927	0.00471152055826	0.0011090692723	0.00563034802108	0.000959304443563	0.0376274012969	0.000190241809483	0.000327863544003	0.00105240149927	0.0103985363524	0.00546034470197	0.00334339860921	1.21430942223e-05	0.000101192451853	0.00369959603973	0.00592178228242	0.000230718790224	6.88108672598e-05	4.45246788152e-05	0	0.00116978474342	4.04769807411e-06	0.000331911242077	0.00133169266638	0.000388579015114	0.00569106349219	0.00266743303084	5.66677730375e-05	0.00129931108179	1.21430942223e-05	0.000550486938078	0.000145717130668	0.000202384903705	1.21430942223e-05	0	4.04769807411e-06	0.00166765160653	0.00022667109215	0.000740728747561	0.000149764828742	0.00454961263529	4.04769807411e-06	1.21430942223e-05	9.30970557044e-05	0.00244076193869	0.000141669432594	8.09539614821e-05	0	1.61907922964e-05	4.04769807411e-06	0.00013762173452	0.00193075198135	0.00022667109215	0.00238814186372	0.000801444218673	0.00168384239883	0.000198337205631	3.64292826669e-05	0.000437151392003	7.28585653339e-05	0.000331911242077	9.71447537785e-05	0.000323815845928	3.23815845928e-05	2.02384903705e-05
5.26200749634e-05	0.00268767152121	0.000117383244149	0	4.04769807411e-06	0	2.02384903705e-05	3.23815845928e-05	4.85723768893e-05	0.000206432601779	2.02384903705e-05	0.00188622730253	3.23815845928e-05	0.00412055663944	0.000105240149927	8.09539614821e-06	0.000113335546075	0.000202384903705	0.000121430942223	0.00142478972209	2.83338865187e-05	4.45246788152e-05	0.000728585653339	0.000141669432594	0.000190241809483	0.0146729055186	0.00685275283946	0.0057679697556	4.45246788152e-05	0.000198337205631	5.26200749634e-05	0.000335958940151	1.61907922964e-05	4.85723768893e-05	0.000744776445635	4.04769807411e-06	0.00227075861957	2.02384903705e-05	0	0	0	4.04769807411e-06	1.21430942223e-05	8.09539614821e-06	1.61907922964e-05	2.02384903705e-05	0.000894541274377	0	0.00121026172416	1.61907922964e-05	4.04769807411e-06	2.02384903705e-05	3.23815845928e-05	0.000141669432594	0.00015786022489	0	2.02384903705e-05	4.45246788152e-05	4.04769807411e-05	1.61907922964e-05	0.0019388473775	0.00203599213127	0.00173241477572	2.83338865187e-05	8.09539614821e-06	8.09539614821e-06	2.42861884446e-05	0	0	8.90493576303e-05	0.000364292826669	0.000307625053632	0.000372388222818	0.000149764828742	2.02384903705e-05	0	0	8.90493576303e-05	0.000380483618966	0.000206432601779	2.83338865187e-05	8.09539614821e-06	0	0.000190241809483
0.000603107013042	0.00446461097574	0.0120540448647	0	4.04769807411e-05	1.21430942223e-05	0.000141669432594	0.000267148072891	0.0004533421843	0.000311672751706	0.000121430942223	0.0127219150469	0.000218575696002	0.00779181879265	0.00111311697038	3.23815845928e-05	0.000242861884446	0.00783229577339	0.00354983121099	0.0147902887628	0.000218575696002	0.000963352141637	0.00085811199171	0.00410841354522	0.000327863544003	0.00685275283946	0.0895634152857	0.0296372452986	0.000469532976596	0.00225456782728	0.00103621070697	0.00257433597513	8.50016595562e-05	0.000477628372744	0.00892922195148	3.23815845928e-05	0.00975090466052	0.00184575032179	0	2.83338865187e-05	4.04769807411e-06	3.64292826669e-05	0.000178098715261	4.85723768893e-05	0.000230718790224	0.000165955621038	0.00330292162847	3.64292826669e-05	0.0030641074421	8.09539614821e-05	8.09539614821e-06	0.000109287848001	0.00158264994698	0.000845968897488	0.00200361054668	4.85723768893e-05	0.000210480299853	0.000360245128595	0.000607154711116	0.000214527997928	0.00337982789188	0.0113173638152	0.00864993078436	0.000190241809483	4.04769807411e-05	5.26200749634e-05	0.000186194111409	0	1.61907922964e-05	0.000574773126523	0.00445246788152	0.00403555497988	0.0050960518753	0.00223028163883	0.000186194111409	0.000153812526816	0.000101192451853	0.000967399839711	0.00270791001158	0.0012507387049	0.00022667109215	6.07154711116e-05	8.09539614821e-06	0.000125478640297
0.000404769807411	0.014911719705	0.0183563107661	0	0	3.23815845928e-05	7.28585653339e-05	0.000194289507557	0.000178098715261	0.000651679389931	4.45246788152e-05	0.0022829017138	4.45246788152e-05	0.004751997539	0.000368340524744	8.90493576303e-05	0.00399912569722	0.00574773126523	0.000259052676743	0.00437151392003	4.04769807411e-05	0.00187408420831	0.00821682709043	0.0156038760757	0.00105240149927	0.0057679697556	0.0296372452986	0.0880212423195	0.00125478640297	0.000979542933933	0.00102811531082	0.000918827462822	5.26200749634e-05	0.000412865203559	0.00646012612627	2.02384903705e-05	0.0109611663847	0.0035174496264	0	2.42861884446e-05	0	1.21430942223e-05	0.000222623394076	2.02384903705e-05	0.000307625053632	0.000121430942223	0.000850016595562	2.42861884446e-05	0.000939065953192	6.47631691857e-05	8.09539614821e-06	0.00247314352328	0.00163527002194	0.00029548195941	0.000991686028156	1.61907922964e-05	0.00153407757009	0.00683251434909	0.00501914561189	0.000429055995855	0.00135193115675	0.00502724100804	0.0105361580869	0.000538343843856	4.04769807411e-05	0.000210480299853	4.45246788152e-05	0	4.85723768893e-05	0.000639536295709	0.00598249775353	0.00314101370551	0.00512843345989	0.00210075530046	0.000627393201486	0.000174051017187	7.28585653339e-05	0.00118597553571	0.00148955289127	0.000785253426376	0.000214527997928	2.42861884446e-05	1.61907922964e-05	2.83338865187e-05
0.00422984448744	0.000161907922964	0.000918827462822	0	0.00628202741101	4.45246788152e-05	0.00308029823439	0.014203372542	0.00440389550463	0.00182551183142	0.00397483950877	0.000716442559117	0.00240433265602	0.000271195770965	0.00466699587944	0.000449294486226	0.00316125219588	0.000412865203559	6.88108672598e-05	0.000222623394076	0.00561010953071	0.00964971220867	0.00217766156387	0.00550082168271	0.0103985363524	4.45246788152e-05	0.000469532976596	0.00125478640297	0.0601447456831	0.0108194969521	0.00989662179119	8.09539614821e-06	0.00024690958252	0.00670298801072	0.0112242667595	0.000242861884446	7.28585653339e-05	3.64292826669e-05	0	0.00186194111409	1.21430942223e-05	0.000307625053632	0.00149764828742	0.000323815845928	0.00703489925279	0.00438770471233	3.64292826669e-05	0.00184979801987	4.45246788152e-05	0.000493819165041	0.000121430942223	0.000449294486226	1.61907922964e-05	0	1.21430942223e-05	0.00285362714224	0.000510009957337	0.00133978806253	0.000279291167113	0.00612416718612	1.61907922964e-05	5.66677730375e-05	0.000129526338371	0.00367530985129	0.000145717130668	0.000250957280595	0	1.21430942223e-05	1.61907922964e-05	0.000125478640297	0.0032826831381	0.000441199090077	0.00529438908093	0.00186598881216	0.00128312028949	0.000340006638225	6.07154711116e-05	0.000534296145782	0.000101192451853	0.00029548195941	6.88108672598e-05	0.000271195770965	2.02384903705e-05	1.61907922964e-05
0.0206351647818	0.000165955621038	0.00149360058934	0	0.000975495235859	0.000352149732447	0.00537534304241	0.00981971552778	0.0151141046087	0.00408412735677	0.00316125219588	0.00606345171501	0.00522962591174	0.00245695273098	0.0344297198183	0.000400722109336	0.000489771466967	0.00231528329839	0.000352149732447	0.000975495235859	0.00522557821367	0.00552915556923	0.00116168934727	0.00830587644806	0.00546034470197	0.000198337205631	0.00225456782728	0.000979542933933	0.0108194969521	0.0766836400139	0.0194127599634	0.000125478640297	0.00324625385543	0.0236992722239	0.0416427177864	0.000392626713188	0.000153812526816	5.26200749634e-05	0	0.000922875160896	1.21430942223e-05	0.000562630032301	0.00223432933691	0.000716442559117	0.00639536295709	0.0031572044978	0.000145717130668	0.00085811199171	0.000133574036445	0.00100382912238	0.000267148072891	0.000161907922964	2.83338865187e-05	4.04769807411e-06	2.83338865187e-05	0.00106454459349	0.000202384903705	0.000404769807411	0.000174051017187	0.0058772576036	8.09539614821e-05	0.000165955621038	0.000202384903705	0.00330292162847	0.000287386563261	7.6906263408e-05	0	2.02384903705e-05	4.04769807411e-06	0.00029548195941	0.00635893367442	0.00101192451853	0.0166360390846	0.00458199421989	0.00173241477572	0.00132764496831	0.000404769807411	0.000866207387859	0.000165955621038	0.000675965578376	0.000186194111409	0.000781205728302	6.47631691857e-05	5.26200749634e-05
