0.0404141812373	0.00012091278158	0.00924433175536	0	0.00277732995266	0.000230833492108	0.00415500285794	0.0133773504712	0.0130219401738	2.19841421055e-05	0.0110140551949	0.00332326948161	0.00368600782635	5.8624378948e-05	0.0308181032082	0.000102592663159	6.22884026322e-05	0.00418065102373	0.000271137752634	0.00136668083422	0.00352845480793	0.00724743884744	5.49603552637e-05	0.0102262901027	0.00276267385792	0	0.00473025457637	0.00130805645528	0.00732071932113	0.0198260321555	0.00744529612639	0.000256481657897	0.00017220911316	0.00154255397107	0.00687004440797	3.66402368425e-06	4.76323078952e-05	7.3280473685e-06	0	7.3280473685e-05	0	4.76323078952e-05	4.3968284211e-05	9.16005921062e-05	0.000637540121059	2.56481657897e-05	3.66402368425e-05	7.3280473685e-06	2.9312189474e-05	8.06085210535e-05	7.3280473685e-05	7.3280473685e-06	1.09920710527e-05	1.83201184212e-05	2.56481657897e-05	1.09920710527e-05	3.66402368425e-06	3.66402368425e-06	3.66402368425e-06	0.000740132784218	5.49603552637e-05	3.29762131582e-05	2.9312189474e-05	0.000516627339479	7.3280473685e-06	3.66402368425e-06	7.3280473685e-06	0	0	2.19841421055e-05	0.000663188286849	0.000194193255265	0.00640837742375	0.000545939528953	1.83201184212e-05	0	3.66402368425e-06	1.83201184212e-05	1.09920710527e-05	4.03042605267e-05	1.09920710527e-05	0.00017220911316	1.09920710527e-05	7.3280473685e-06
0.00012091278158	0.0305872697161	0.00368600782635	0	4.3968284211e-05	0	3.66402368425e-06	0.000190529231581	1.4656094737e-05	0.00261611291055	0.000102592663159	0.00024182556316	7.3280473685e-06	0.000919669944747	8.42725447377e-05	0	0.00145828142633	0.000315106036845	2.9312189474e-05	0.000472659055268	3.66402368425e-05	5.12963315795e-05	0.00547038736058	0.00017220911316	0.00278832202371	0.00182468379476	0.00840160630798	0.024658879395	0.000282129823687	0.000238161539476	4.3968284211e-05	0.000234497515792	0	5.12963315795e-05	0.000410370652636	7.3280473685e-06	0.0149162404186	0.000948982134221	0	0	0	2.9312189474e-05	2.9312189474e-05	6.59524263165e-05	0.00017220911316	1.83201184212e-05	0.000282129823687	4.3968284211e-05	0.000311442013161	3.29762131582e-05	7.3280473685e-05	0.00026747372895	0.00280297811845	0.000201521302634	0.00119813574475	1.83201184212e-05	0.000113584734212	0.00201887705002	0.000652196215796	0.000124576805264	0.00165980272896	0.0027223695974	0.0137694010054	6.59524263165e-05	1.83201184212e-05	4.3968284211e-05	2.56481657897e-05	0	3.66402368425e-06	0.000384722486846	0.00154988201844	0.0018136917237	0.000340754202635	7.3280473685e-05	0	0	5.8624378948e-05	0.000956310181589	5.49603552637e-05	0.000245489586845	4.3968284211e-05	7.3280473685e-05	0	1.09920710527e-05
0.00924433175536	0.00368600782635	0.0691877592297	0	0.000186865207897	1.83201184212e-05	0.000128240828949	0.00430522782899	0.00209948557107	0.000179537160528	0.00087936568422	0.000490979173689	0.000245489586845	1.83201184212e-05	0.0078629948264	6.22884026322e-05	0.00153888994738	0.0188184256423	6.22884026322e-05	0.00107355893948	0.000285793847371	0.0101090413448	0.00100760651317	0.0305506294793	0.00100760651317	0	0.0125822573317	0.023695241166	0.00533481848427	0.00815978074482	0.00815245269745	3.66402368425e-05	2.9312189474e-05	0.0014179771658	0.00338189386056	4.3968284211e-05	0.00226436663687	0.00229734285002	0	0	0	0.000124576805264	3.66402368425e-05	0.000106256686843	0.000370066392109	5.12963315795e-05	0.00012091278158	0.000135568876317	1.4656094737e-05	7.3280473685e-05	0.000205185326318	0.000593571836848	0.00608594333954	3.29762131582e-05	0.000252817634213	1.09920710527e-05	0.00178071551055	0.00188697219739	0.00692134073955	0.000366402368425	7.3280473685e-06	0.000725476689481	0.00436385220794	0.00031877006053	0.000289457871056	0.000113584734212	0	0	3.66402368425e-06	0.00261977693424	0.00385455291583	0.00315472439214	0.00210314959476	0.00184666793686	2.9312189474e-05	0	0	0.00185033196055	0.000183201184212	0.000934326039484	0.000205185326318	0.000307777989477	5.12963315795e-05	1.4656094737e-05
0	0	0	0	0	0	0	0	0	0	0	0	0	0	0	0	0	0	0	0	0	0	0	0	0	0	0	0	0	0	0	0	0	0	0	0	0	0	0	0	0	0	0	0	0	0	0	0	0	0	0	0	0	0	0	0	0	0	0	0	0	0	0	0	0	0	0	0	0	0	0	0	0	0	0	0	0	0	0	0	0	0	0	0
0.00277732995266	4.3968284211e-05	0.000186865207897	0	0.0272127039029	0.000260145681582	0.00190162829213	0.00430156380531	0.00198956486055	0.000593571836848	0.0042795796632	0.000692500476323	0.00656959446586	7.3280473685e-06	0.00508932889742	0.000458002960531	4.03042605267e-05	0.000131904852633	1.4656094737e-05	0.000183201184212	0.0119117409975	0.000186865207897	1.83201184212e-05	0.000230833492108	0.0164587943896	0	0.000791429115798	0.000153888994738	0.0126152335449	0.00660989872639	0.000311442013161	6.22884026322e-05	0.000340754202635	0.0028139701895	0.00390584924741	4.03042605267e-05	1.83201184212e-05	0	0	0.00260145681582	0	9.89286394747e-05	7.3280473685e-06	6.96164500007e-05	0.00399012179215	0.000234497515792	1.09920710527e-05	0.000542275505269	3.66402368425e-06	6.22884026322e-05	9.52646157905e-05	0	0	0	3.66402368425e-06	0.00228268675529	3.66402368425e-06	0	0	0.00388020108162	7.3280473685e-06	0	1.4656094737e-05	0.00100394248948	1.09920710527e-05	0	0	0	0	0	0.000857381542114	0.000153888994738	0.00299350735003	0.00101127053685	0.000436018818426	4.76323078952e-05	3.66402368425e-06	3.66402368425e-05	0	1.4656094737e-05	3.66402368425e-06	0.000289457871056	3.66402368425e-06	0
0.000230833492108	0	1.83201184212e-05	0	0.000260145681582	0.00699095718955	0.00377760841846	0.000626548050007	0.00333059752898	7.3280473685e-06	0.00156087408949	7.3280473685e-05	0.00133736864475	0	0.00290557078161	0.00117615160264	2.19841421055e-05	0	0	0	0.000494643197374	1.83201184212e-05	1.09920710527e-05	3.29762131582e-05	0.000216177397371	0	7.3280473685e-06	3.66402368425e-06	0.000384722486846	0.00135568876317	1.83201184212e-05	0	0.00175140332107	0.000175873136844	0.000948982134221	0	0	0	0	0	0	7.3280473685e-06	0	7.3280473685e-06	3.66402368425e-06	0	7.3280473685e-06	0	0	3.66402368425e-06	0	0	0	0	0	0	0	0	0	3.66402368425e-06	0	0	0	0	0	0	0	0	0	0	0.000153888994738	1.4656094737e-05	0.000421362723689	0.000223505444739	0.00110287112896	0.000641204144744	0	0	0	0	3.66402368425e-06	7.3280473685e-06	7.3280473685e-06	0
0.00415500285794	3.66402368425e-06	0.000128240828949	0	0.00190162829213	0.00377760841846	0.0270038545529	0.00210681361844	0.0112851929475	1.09920710527e-05	0.0109554308159	0.00136668083422	0.012080286087	2.56481657897e-05	0.0103911711685	0.0039314974132	3.66402368425e-05	1.09920710527e-05	7.3280473685e-06	1.83201184212e-05	0.00535313860269	8.42725447377e-05	1.83201184212e-05	0.000245489586845	0.00124210402896	0	0.000875701660536	0.000238161539476	0.00164514663423	0.00520291363163	0.00012091278158	0.000106256686843	0.00148026556844	0.000512963315795	0.00324998900793	0	0	0	0	3.66402368425e-06	0	2.9312189474e-05	0	4.3968284211e-05	6.96164500007e-05	0	2.56481657897e-05	0	3.66402368425e-06	1.4656094737e-05	2.9312189474e-05	0	7.3280473685e-06	1.09920710527e-05	3.66402368425e-06	0	3.66402368425e-06	0	3.66402368425e-06	5.12963315795e-05	3.66402368425e-06	0	0	1.09920710527e-05	7.3280473685e-06	7.3280473685e-06	0	0	0	7.3280473685e-06	0.000945318110536	0.000102592663159	0.00270771350266	0.000582579765796	0.000113584734212	0.00014656094737	0	2.56481657897e-05	3.66402368425e-06	1.4656094737e-05	1.09920710527e-05	7.69444973692e-05	2.19841421055e-05	3.66402368425e-06
0.0133773504712	0.000190529231581	0.00430522782899	0	0.00430156380531	0.000626548050007	0.00210681361844	0.0577120370506	0.00911242690273	0.000670516334218	0.00819642098167	0.000289457871056	0.000688836452639	2.9312189474e-05	0.0134396388738	0.000597235860533	0.00170377101318	0.00029312189474	1.83201184212e-05	0.000128240828949	0.000831733376325	0.00201521302634	0.000637540121059	0.00628746464217	0.00745995222113	0	0.00105523882106	0.00163415456318	0.0324962260556	0.0119080769738	0.00854450323167	5.12963315795e-05	0.000245489586845	0.0071411821606	0.00529451422374	0.000271137752634	2.19841421055e-05	2.9312189474e-05	0	0.00117615160264	0	0.000967302252642	0.000589907813164	0.00142164118949	0.0103252187422	7.3280473685e-05	0.000230833492108	0.000351746273688	1.83201184212e-05	0.00108821503422	0.00137034485791	0.000113584734212	0.00014656094737	3.29762131582e-05	7.3280473685e-06	0.000208849350002	2.9312189474e-05	0.000197857278949	0.000153888994738	0.00957042986326	1.4656094737e-05	1.09920710527e-05	8.06085210535e-05	0.00431255587636	0.000131904852633	0.000179537160528	0	0	0	9.52646157905e-05	0.00237062332371	0.000945318110536	0.00378493646583	0.00228268675529	0.000355410297372	2.9312189474e-05	7.3280473685e-06	0.00082806935264	2.56481657897e-05	0.000238161539476	4.76323078952e-05	0.0038838651053	0.000300449942108	4.03042605267e-05
0.0130219401738	1.4656094737e-05	0.00209948557107	0	0.00198956486055	0.00333059752898	0.0112851929475	0.00911242690273	0.035346836482	2.19841421055e-05	0.0119190690449	0.000333426155267	0.00489879966584	1.09920710527e-05	0.0233984552476	0.00176239539212	5.8624378948e-05	0.000124576805264	0	1.83201184212e-05	0.00216910202108	0.00161949846844	5.8624378948e-05	0.00233031906318	0.00203719716844	0	0.000223505444739	0.000124576805264	0.0042575955211	0.00682974014744	0.000641204144744	1.4656094737e-05	0.00337822983688	0.000846389471062	0.00261244888687	0	1.09920710527e-05	0	0	6.96164500007e-05	0	7.69444973692e-05	4.3968284211e-05	9.52646157905e-05	0.000622884026322	1.4656094737e-05	5.49603552637e-05	1.09920710527e-05	1.83201184212e-05	8.7936568422e-05	8.7936568422e-05	3.66402368425e-06	1.09920710527e-05	1.09920710527e-05	3.66402368425e-06	3.66402368425e-06	1.09920710527e-05	7.3280473685e-06	1.83201184212e-05	0.00068150840527	3.66402368425e-06	0	1.4656094737e-05	0.000447010889478	1.4656094737e-05	3.29762131582e-05	0	0	0	1.09920710527e-05	0.000762116926324	0.000131904852633	0.00215810995002	0.000461666984215	0.000245489586845	8.06085210535e-05	3.66402368425e-06	4.76323078952e-05	0	3.29762131582e-05	3.66402368425e-06	0.000212513373686	3.66402368425e-05	1.09920710527e-05
2.19841421055e-05	0.00261611291055	0.000179537160528	0	0.000593571836848	7.3280473685e-06	1.09920710527e-05	0.000670516334218	2.19841421055e-05	0.0206834136976	0.000117248757896	8.42725447377e-05	0.000813413257903	0.000333426155267	6.22884026322e-05	8.42725447377e-05	0.00264542510003	9.89286394747e-05	1.83201184212e-05	0.000135568876317	0.000652196215796	0.00159018627896	0.00802054784482	0.00194559657634	0.00959241400536	0.000490979173689	0.000773108997377	0.00265641717108	0.00328662924477	0.000542275505269	0.00144728935528	9.89286394747e-05	0	0.00029312189474	0.000648532192112	0.000128240828949	0.000113584734212	7.3280473685e-06	0	0.000443346865794	0	9.89286394747e-05	0.000575251718427	0.000142896923686	0.00747094429218	5.8624378948e-05	0.000131904852633	0.0005349474579	8.42725447377e-05	0.000128240828949	0.000190529231581	0.00158652225528	5.8624378948e-05	4.3968284211e-05	3.66402368425e-05	0.000384722486846	2.9312189474e-05	0.00329029326846	0.000117248757896	0.00368600782635	9.16005921062e-05	5.8624378948e-05	0.000406706628952	0.00156820213686	5.49603552637e-05	0.000458002960531	7.3280473685e-06	0	0	5.49603552637e-05	0.00183201184212	0.000655860239481	0.000326098107898	0.000208849350002	0.00138500095265	3.66402368425e-06	0	0.00117248757896	0.00012091278158	0.000208849350002	8.42725447377e-05	0.00141064911844	4.03042605267e-05	1.09920710527e-05
0.0110140551949	0.000102592663159	0.00087936568422	0	0.0042795796632	0.00156087408949	0.0109554308159	0.00819642098167	0.0119190690449	0.000117248757896	0.0495302721637	0.00259779279213	0.00789963506324	5.49603552637e-05	0.0139489381659	0.00161217042107	0.00014656094737	0.000410370652636	0.000205185326318	0.00100760651317	0.0108015418212	0.00070715657106	0.000113584734212	0.000992950418432	0.00568290073427	0	0.0027919860474	0.000926997992115	0.00908311471325	0.0148356318975	0.000615555978954	0.00024182556316	0.000384722486846	0.00778238630535	0.0106366607554	1.4656094737e-05	5.12963315795e-05	3.66402368425e-06	0	0.000670516334218	0	0.000194193255265	6.59524263165e-05	0.000197857278949	0.00146927349738	0.000109920710527	6.22884026322e-05	0.000362738344741	2.56481657897e-05	7.3280473685e-05	0.000131904852633	1.4656094737e-05	1.83201184212e-05	1.83201184212e-05	1.83201184212e-05	0.000996614442116	0	2.9312189474e-05	7.3280473685e-06	0.0013483607158	4.76323078952e-05	1.4656094737e-05	3.29762131582e-05	0.000168545089475	7.3280473685e-06	1.83201184212e-05	3.66402368425e-06	0	0	2.56481657897e-05	0.00161217042107	0.000736468760534	0.00846389471062	0.00195658864739	5.49603552637e-05	2.56481657897e-05	2.9312189474e-05	9.89286394747e-05	7.3280473685e-06	5.8624378948e-05	2.19841421055e-05	0.000304113965793	4.03042605267e-05	1.09920710527e-05
0.00332326948161	0.00024182556316	0.000490979173689	0	0.000692500476323	7.3280473685e-05	0.00136668083422	0.000289457871056	0.000333426155267	8.42725447377e-05	0.00259779279213	0.0226253462502	0.00257580865003	0.00216910202108	0.0056059562369	9.89286394747e-05	7.3280473685e-06	0.000945318110536	0.00126042414738	0.00212879776055	0.00245123184476	0.000428690771057	6.59524263165e-05	0.000787765092114	0.000604563907901	0.000637540121059	0.0109554308159	0.00201521302634	0.000523955386848	0.00888892145799	0.000399378581583	0.00190162829213	0.000344418226319	0.000762116926324	0.011325497208	0	3.66402368425e-05	0	0	3.29762131582e-05	0	0.00014656094737	3.66402368425e-06	8.42725447377e-05	9.16005921062e-05	3.29762131582e-05	0.000362738344741	5.12963315795e-05	0.000234497515792	4.3968284211e-05	8.7936568422e-05	2.9312189474e-05	2.56481657897e-05	2.9312189474e-05	1.09920710527e-05	5.49603552637e-05	8.06085210535e-05	7.3280473685e-06	4.03042605267e-05	9.89286394747e-05	0.000348082250004	9.89286394747e-05	2.9312189474e-05	9.52646157905e-05	1.83201184212e-05	8.7936568422e-05	2.19841421055e-05	0	0	9.52646157905e-05	0.00110653515264	0.00243291172634	0.0101786577948	0.000245489586845	8.42725447377e-05	0	0.0005349474579	5.12963315795e-05	1.83201184212e-05	0.000135568876317	9.89286394747e-05	0.000128240828949	0.000157553018423	0.000212513373686
0.00368600782635	7.3280473685e-06	0.000245489586845	0	0.00656959446586	0.00133736864475	0.012080286087	0.000688836452639	0.00489879966584	0.000813413257903	0.00789963506324	0.00257580865003	0.037365713532	2.56481657897e-05	0.0105010918791	0.00323899693688	1.83201184212e-05	3.66402368425e-05	7.3280473685e-06	2.9312189474e-05	0.0193130688397	0.000205185326318	7.3280473685e-06	0.000384722486846	0.00341487007372	0	0.0017917075816	0.000538611481585	0.00117615160264	0.00924066773168	0.000362738344741	0.000175873136844	0.00159751432633	0.00159018627896	0.00616288783691	0	7.3280473685e-06	0	0	3.29762131582e-05	0	0.000113584734212	2.9312189474e-05	0.000102592663159	0.000142896923686	5.12963315795e-05	5.49603552637e-05	0.000425026747373	3.66402368425e-06	3.66402368425e-05	0.000102592663159	1.09920710527e-05	1.09920710527e-05	1.83201184212e-05	1.83201184212e-05	0.000153888994738	1.09920710527e-05	7.3280473685e-06	2.19841421055e-05	0.00012091278158	0	3.66402368425e-06	1.09920710527e-05	5.8624378948e-05	7.3280473685e-06	7.3280473685e-06	0	0	0	2.56481657897e-05	0.00144728935528	0.000183201184212	0.00521390570269	0.000743796807903	0.00123477598159	0.000102592663159	3.66402368425e-06	5.12963315795e-05	1.09920710527e-05	4.76323078952e-05	3.66402368425e-05	0.000201521302634	2.9312189474e-05	3.66402368425e-06
5.8624378948e-05	0.000919669944747	1.83201184212e-05	0	7.3280473685e-06	0	2.56481657897e-05	2.9312189474e-05	1.09920710527e-05	0.000333426155267	5.49603552637e-05	0.00216910202108	2.56481657897e-05	0.0162792572291	0.000113584734212	7.3280473685e-06	3.66402368425e-06	1.4656094737e-05	5.12963315795e-05	9.16005921062e-05	1.83201184212e-05	2.9312189474e-05	0.000366402368425	3.66402368425e-05	0.000271137752634	0.0041403467632	0.00370432794478	0.00664287493954	2.19841421055e-05	0.00024182556316	1.09920710527e-05	0.00246222391582	2.56481657897e-05	2.19841421055e-05	0.000348082250004	0	4.03042605267e-05	0	0	0	0	8.42725447377e-05	0	4.3968284211e-05	7.3280473685e-06	2.56481657897e-05	0.00322067681845	7.3280473685e-06	0.00449209303689	4.03042605267e-05	1.4656094737e-05	0	3.66402368425e-06	1.4656094737e-05	1.83201184212e-05	7.3280473685e-06	3.66402368425e-06	3.66402368425e-06	0	7.3280473685e-06	0.00496108806847	9.16005921062e-05	6.22884026322e-05	7.3280473685e-06	7.3280473685e-06	3.66402368425e-06	3.66402368425e-05	0	0	0.000153888994738	0.000381058463162	0.00433454001847	0.00061189195527	1.09920710527e-05	0	0	0.00108821503422	0	9.89286394747e-05	6.59524263165e-05	1.09920710527e-05	2.19841421055e-05	6.96164500007e-05	0.000263809705266
0.0308181032082	8.42725447377e-05	0.0078629948264	0	0.00508932889742	0.00290557078161	0.0103911711685	0.0134396388738	0.0233984552476	6.22884026322e-05	0.0139489381659	0.0056059562369	0.0105010918791	0.000113584734212	0.0636843956559	0.00146927349738	0.000117248757896	0.00270771350266	6.59524263165e-05	0.000289457871056	0.00874968855799	0.00628380061849	8.7936568422e-05	0.00913074702115	0.00398645776846	3.66402368425e-06	0.00457636558163	0.00114317538949	0.0079326112764	0.0352698919846	0.004862159429	0.000370066392109	0.0031877006053	0.00701660535534	0.013820697337	0	7.3280473685e-05	0	0	0.00014656094737	0	0.000157553018423	5.12963315795e-05	0.000197857278949	0.00101859858422	4.76323078952e-05	0.000109920710527	2.56481657897e-05	1.83201184212e-05	0.000124576805264	0.000135568876317	2.56481657897e-05	7.3280473685e-06	3.66402368425e-05	2.9312189474e-05	9.16005921062e-05	3.29762131582e-05	1.83201184212e-05	5.8624378948e-05	0.00115783148422	1.09920710527e-05	2.19841421055e-05	7.3280473685e-05	0.000813413257903	2.56481657897e-05	4.03042605267e-05	3.66402368425e-06	0	0	2.56481657897e-05	0.00314739634477	0.000718148642113	0.0111642801659	0.00141064911844	0.000461666984215	6.22884026322e-05	3.66402368425e-06	0.000179537160528	1.4656094737e-05	6.22884026322e-05	2.9312189474e-05	0.00038838651053	6.96164500007e-05	7.3280473685e-06
0.000102592663159	0	6.22884026322e-05	0	0.000458002960531	0.00117615160264	0.0039314974132	0.000597235860533	0.00176239539212	8.42725447377e-05	0.00161217042107	9.89286394747e-05	0.00323899693688	7.3280473685e-06	0.00146927349738	0.0088632732922	4.03042605267e-05	0	0	3.66402368425e-06	0.000894021778957	5.49603552637e-05	1.09920710527e-05	6.59524263165e-05	0.000703492547376	0	8.06085210535e-05	4.3968284211e-05	0.000666852310533	0.00108821503422	0.000216177397371	1.83201184212e-05	0.000392050534215	0.000274801776319	0.000835397400009	0	0	0	0	0	0	0	3.66402368425e-06	0	2.19841421055e-05	0	0	0	0	0	0	0	3.66402368425e-06	0	0	0	0	0	0	1.09920710527e-05	0	0	1.4656094737e-05	1.09920710527e-05	0	0	0	0	0	0	0.000300449942108	1.83201184212e-05	0.000619220002638	0.000395714557899	0.0018613240316	5.49603552637e-05	0	3.66402368425e-06	0	1.4656094737e-05	1.4656094737e-05	1.09920710527e-05	0	0
6.22884026322e-05	0.00145828142633	0.00153888994738	0	4.03042605267e-05	2.19841421055e-05	3.66402368425e-05	0.00170377101318	5.8624378948e-05	0.00264542510003	0.00014656094737	7.3280473685e-06	1.83201184212e-05	3.66402368425e-06	0.000117248757896	4.03042605267e-05	0.0280151250898	0.000315106036845	7.3280473685e-06	8.06085210535e-05	4.03042605267e-05	0.00385088889215	0.0151544019581	0.0106769650159	0.00691401269218	0.000106256686843	0.00119813574475	0.00823672524219	0.00296053113687	0.000355410297372	0.000531283434216	1.4656094737e-05	1.09920710527e-05	9.89286394747e-05	0.000498307221058	0	0.000117248757896	1.83201184212e-05	0	0	0	1.83201184212e-05	0.000106256686843	2.19841421055e-05	0.00106623089212	0	1.83201184212e-05	3.29762131582e-05	7.3280473685e-06	7.3280473685e-06	4.3968284211e-05	0.00767979364219	0.000131904852633	4.76323078952e-05	2.9312189474e-05	0	0.000901349826325	0.00803153991587	0.00315838841582	0.00189796426844	7.3280473685e-06	8.42725447377e-05	0.000458002960531	0.00180269965265	0.000117248757896	0.000498307221058	0	0	1.09920710527e-05	5.8624378948e-05	0.00333059752898	0.0015828582316	0.000256481657897	0.000271137752634	2.9312189474e-05	1.83201184212e-05	0	0.000729140713166	0.000164881065791	5.12963315795e-05	2.19841421055e-05	0.000194193255265	0	0
0.00418065102373	0.000315106036845	0.0188184256423	0	0.000131904852633	0	1.09920710527e-05	0.00029312189474	0.000124576805264	9.89286394747e-05	0.000410370652636	0.000945318110536	3.66402368425e-05	1.4656094737e-05	0.00270771350266	0	0.000315106036845	0.0411103457373	0.000311442013161	0.00569022878164	0.000106256686843	0.00798757163166	0.000370066392109	0.0169314534449	0.000421362723689	0	0.0147879995896	0.0094678372001	0.000666852310533	0.00580014949217	0.00822939719482	2.19841421055e-05	2.19841421055e-05	0.000472659055268	0.00408905043162	4.3968284211e-05	9.52646157905e-05	0.00191994841055	0	0	0	4.76323078952e-05	0.000102592663159	5.49603552637e-05	0.000153888994738	4.3968284211e-05	4.76323078952e-05	1.09920710527e-05	7.3280473685e-06	2.19841421055e-05	4.76323078952e-05	0.000113584734212	0.00200422095528	3.29762131582e-05	0.00041403467632	7.3280473685e-06	0.000472659055268	7.69444973692e-05	0.00163415456318	6.22884026322e-05	3.66402368425e-06	0.00124576805264	0.000754788878955	0.0004653310079	0.000157553018423	8.42725447377e-05	0	0	3.66402368425e-06	0.000644868168428	0.000945318110536	0.00124943207633	0.00215444592634	0.000604563907901	0	0	0	0.000362738344741	0.000124576805264	0.00026747372895	9.16005921062e-05	0.000219841421055	3.29762131582e-05	7.3280473685e-06
0.000271137752634	2.9312189474e-05	6.22884026322e-05	0	1.4656094737e-05	0	7.3280473685e-06	1.83201184212e-05	0	1.83201184212e-05	0.000205185326318	0.00126042414738	7.3280473685e-06	5.12963315795e-05	6.59524263165e-05	0	7.3280473685e-06	0.000311442013161	0.00294587504214	0.00230100687371	2.9312189474e-05	3.66402368425e-05	1.4656094737e-05	8.42725447377e-05	3.66402368425e-05	4.03042605267e-05	0.00159018627896	5.12963315795e-05	5.49603552637e-05	0.000326098107898	5.12963315795e-05	1.83201184212e-05	0	3.29762131582e-05	0.000622884026322	0	0	0	0	0	0	0	0	0	1.09920710527e-05	0	0	0	3.66402368425e-06	0	0	0	0	0	0	0	3.66402368425e-06	0	3.66402368425e-06	7.3280473685e-06	3.66402368425e-06	1.09920710527e-05	3.66402368425e-06	1.09920710527e-05	7.3280473685e-06	0	3.66402368425e-06	0	0	0	0.000326098107898	0.000395714557899	0.000501971244742	1.4656094737e-05	3.66402368425e-06	0	0	3.66402368425e-06	0	0	0	0	0	0
0.00136668083422	0.000472659055268	0.00107355893948	0	0.000183201184212	0	1.83201184212e-05	0.000128240828949	1.83201184212e-05	0.000135568876317	0.00100760651317	0.00212879776055	2.9312189474e-05	9.16005921062e-05	0.000289457871056	3.66402368425e-06	8.06085210535e-05	0.00569022878164	0.00230100687371	0.0190565871818	0.000249153610529	0.000421362723689	0.000179537160528	0.0010698949158	0.000384722486846	7.3280473685e-05	0.0130256041975	0.00243657575003	0.000392050534215	0.00212513373686	0.00101493456054	4.76323078952e-05	7.3280473685e-06	0.000333426155267	0.00550336357374	7.3280473685e-06	0.000157553018423	3.29762131582e-05	0	0	0	3.66402368425e-06	1.09920710527e-05	3.66402368425e-06	2.9312189474e-05	0	3.29762131582e-05	3.66402368425e-06	2.56481657897e-05	0	3.66402368425e-06	7.3280473685e-06	8.42725447377e-05	0.000153888994738	0.000245489586845	0	5.49603552637e-05	2.9312189474e-05	6.22884026322e-05	1.09920710527e-05	1.83201184212e-05	0.000813413257903	0.000329762131582	2.9312189474e-05	3.66402368425e-06	3.66402368425e-06	1.4656094737e-05	0	0	2.19841421055e-05	0.00163415456318	0.00212513373686	0.00346983042898	0.000315106036845	0	0	7.3280473685e-06	4.03042605267e-05	4.03042605267e-05	2.9312189474e-05	1.4656094737e-05	3.66402368425e-05	7.3280473685e-06	7.3280473685e-06
0.00352845480793	3.66402368425e-05	0.000285793847371	0	0.0119117409975	0.000494643197374	0.00535313860269	0.000831733376325	0.00216910202108	0.000652196215796	0.0108015418212	0.00245123184476	0.0193130688397	1.83201184212e-05	0.00874968855799	0.000894021778957	4.03042605267e-05	0.000106256686843	2.9312189474e-05	0.000249153610529	0.0321701279477	0.00029312189474	2.56481657897e-05	0.000370066392109	0.00755155281324	0	0.00198590083686	0.000633876097375	0.00338189386056	0.0112009204027	0.000333426155267	0.000161217042107	0.000747460831587	0.00433454001847	0.00836130204746	7.3280473685e-06	2.19841421055e-05	0	0	0.000483651126321	0	0.000102592663159	6.59524263165e-05	0.000106256686843	0.00110653515264	7.69444973692e-05	4.03042605267e-05	0.000322434084214	1.09920710527e-05	3.66402368425e-05	0.000183201184212	1.09920710527e-05	3.66402368425e-06	1.09920710527e-05	1.4656094737e-05	0.000608227931585	3.66402368425e-06	1.4656094737e-05	7.3280473685e-06	0.000839061423693	1.4656094737e-05	3.66402368425e-06	1.4656094737e-05	0.00017220911316	1.09920710527e-05	2.56481657897e-05	3.66402368425e-06	0	0	1.09920710527e-05	0.00174041125002	0.000498307221058	0.00676012369744	0.00130072840791	0.000509299292111	8.06085210535e-05	7.3280473685e-06	6.59524263165e-05	3.66402368425e-06	2.56481657897e-05	1.4656094737e-05	0.000410370652636	1.83201184212e-05	3.66402368425e-06
0.00724743884744	5.12963315795e-05	0.0101090413448	0	0.000186865207897	1.83201184212e-05	8.42725447377e-05	0.00201521302634	0.00161949846844	0.00159018627896	0.00070715657106	0.000428690771057	0.000205185326318	2.9312189474e-05	0.00628380061849	5.49603552637e-05	0.00385088889215	0.00798757163166	3.66402368425e-05	0.000421362723689	0.00029312189474	0.0602109012033	0.00482918321584	0.0432977678768	0.00109187905791	0	0.00285793847371	0.00150591373423	0.00455438143952	0.00835397400009	0.0195695504976	6.59524263165e-05	0.000175873136844	0.00220574225792	0.00640104937638	0.000498307221058	4.3968284211e-05	6.22884026322e-05	0	0	0	0.000102592663159	0.0004653310079	8.7936568422e-05	0.00324266096056	4.3968284211e-05	0.000183201184212	4.3968284211e-05	2.9312189474e-05	6.59524263165e-05	0.000139232900001	0.00330128533951	8.06085210535e-05	8.7936568422e-05	6.96164500007e-05	7.3280473685e-06	0.00179537160528	0.00336723776582	0.00026747372895	0.00238527941845	7.3280473685e-06	0.000271137752634	0.000289457871056	0.00755155281324	0.00212513373686	0.00453972534478	0	0	1.4656094737e-05	0.000161217042107	0.00233398308687	0.000736468760534	0.00652929020533	0.00208849350002	5.49603552637e-05	4.03042605267e-05	3.66402368425e-06	0.00148026556844	0.000362738344741	0.000223505444739	9.52646157905e-05	0.000366402368425	9.52646157905e-05	2.56481657897e-05
5.49603552637e-05	0.00547038736058	0.00100760651317	0	1.83201184212e-05	1.09920710527e-05	1.83201184212e-05	0.000637540121059	5.8624378948e-05	0.00802054784482	0.000113584734212	6.59524263165e-05	7.3280473685e-06	0.000366402368425	8.7936568422e-05	1.09920710527e-05	0.0151544019581	0.000370066392109	1.4656094737e-05	0.000179537160528	2.56481657897e-05	0.00482918321584	0.032653779074	0.00892922571852	0.00698362914218	0.000802421186851	0.00163415456318	0.0128130908238	0.00199322888423	0.000249153610529	0.00148026556844	0.000106256686843	3.66402368425e-06	4.3968284211e-05	0.000395714557899	0	0.000307777989477	4.03042605267e-05	0	3.66402368425e-06	0	1.09920710527e-05	0.000135568876317	2.56481657897e-05	0.0040707303132	1.83201184212e-05	0.000124576805264	4.3968284211e-05	0.000106256686843	1.4656094737e-05	5.49603552637e-05	0.00928463601589	0.000183201184212	5.12963315795e-05	5.8624378948e-05	3.66402368425e-06	0.00158652225528	0.0143336606528	0.00218009409213	0.00309243598951	0.000117248757896	0.000124576805264	0.00345883835793	0.0035357828553	0.000370066392109	0.00138500095265	7.3280473685e-06	0	1.09920710527e-05	0.000769444973692	0.00154988201844	0.00114683941317	0.000523955386848	0.000307777989477	2.19841421055e-05	3.66402368425e-06	0	0.00182834781844	0.000245489586845	0.000219841421055	0.000113584734212	0.00087936568422	3.66402368425e-05	7.3280473685e-06
0.0102262901027	0.00017220911316	0.0305506294793	0	0.000230833492108	3.29762131582e-05	0.000245489586845	0.00628746464217	0.00233031906318	0.00194559657634	0.000992950418432	0.000787765092114	0.000384722486846	3.66402368425e-05	0.00913074702115	6.59524263165e-05	0.0106769650159	0.0169314534449	8.42725447377e-05	0.0010698949158	0.000370066392109	0.0432977678768	0.00892922571852	0.0990055839721	0.00128973633686	0	0.00496475209216	0.012091278158	0.00902815435799	0.0103325467896	0.0149968489396	9.89286394747e-05	0.000157553018423	0.00165980272896	0.00889991352904	0.000289457871056	5.49603552637e-05	0.000527619410532	0	3.66402368425e-06	0	0.000113584734212	0.000150224971054	8.42725447377e-05	0.00185399598423	6.96164500007e-05	0.000135568876317	4.76323078952e-05	7.3280473685e-06	8.7936568422e-05	0.000208849350002	0.00829168559746	0.000381058463162	0.000157553018423	0.000168545089475	7.3280473685e-06	0.00406706628952	0.0108235259633	0.00795825944219	0.00286893054477	3.66402368425e-06	0.000307777989477	0.000985622371063	0.00559130014216	0.00233398308687	0.00400844191057	3.66402368425e-06	0	1.83201184212e-05	0.00134103266844	0.00736835162902	0.00246222391582	0.00939455672641	0.0045360613211	4.3968284211e-05	5.8624378948e-05	2.9312189474e-05	0.00160850639739	0.000897685802641	0.000659524263165	0.000256481657897	0.000490979173689	9.16005921062e-05	1.83201184212e-05
0.00276267385792	0.00278832202371	0.00100760651317	0	0.0164587943896	0.000216177397371	0.00124210402896	0.00745995222113	0.00203719716844	0.00959241400536	0.00568290073427	0.000604563907901	0.00341487007372	0.000271137752634	0.00398645776846	0.000703492547376	0.00691401269218	0.000421362723689	3.66402368425e-05	0.000384722486846	0.00755155281324	0.00109187905791	0.00698362914218	0.00128973633686	0.0585327783559	0.000351746273688	0.00216910202108	0.00593571836848	0.024112939866	0.00693599683428	0.00178804355791	0.000135568876317	0.000117248757896	0.00398279374478	0.005349474579	0.000190529231581	0.000212513373686	1.09920710527e-05	0	0.00340754202635	0	0.000322434084214	0.000637540121059	0.000399378581583	0.0136594802949	0.000296785918424	8.06085210535e-05	0.000872037636851	8.42725447377e-05	0.000403042605267	0.00043968284211	0.000208849350002	4.76323078952e-05	1.4656094737e-05	2.19841421055e-05	0.00255016048424	7.3280473685e-06	0.000659524263165	4.3968284211e-05	0.0136704723659	0.000102592663159	3.29762131582e-05	0.000373730415793	0.00306678782372	0.000403042605267	0.000425026747373	3.66402368425e-06	0	0.000201521302634	8.06085210535e-05	0.00525054593953	0.00165613870528	0.00362005540004	0.00187231610265	0.00115050343685	3.29762131582e-05	3.66402368425e-06	0.00068150840527	8.7936568422e-05	0.000135568876317	5.12963315795e-05	0.00171476308423	0.000139232900001	3.66402368425e-06
0	0.00182468379476	0	0	0	0	0	0	0	0.000490979173689	0	0.000637540121059	0	0.0041403467632	3.66402368425e-06	0	0.000106256686843	0	4.03042605267e-05	7.3280473685e-05	0	0	0.000802421186851	0	0.000351746273688	0.00706423766323	0.000556931600006	0.00256115255529	0	3.66402368425e-06	0	0.000256481657897	0	0	7.3280473685e-06	0	2.56481657897e-05	0	0	0	0	7.3280473685e-05	0	4.3968284211e-05	3.66402368425e-06	1.83201184212e-05	0.00109920710527	0	0.00113584734212	4.76323078952e-05	0	0	0	2.19841421055e-05	3.66402368425e-05	0	0	1.09920710527e-05	0	0	0.00151324178159	0.000230833492108	2.19841421055e-05	0	7.3280473685e-06	0	1.09920710527e-05	0	0	0.000142896923686	1.09920710527e-05	0.00144362533159	6.96164500007e-05	0	0	0	0.000710820594744	0	1.4656094737e-05	5.49603552637e-05	0	1.09920710527e-05	6.22884026322e-05	0.000161217042107
0.00473025457637	0.00840160630798	0.0125822573317	0	0.000791429115798	7.3280473685e-06	0.000875701660536	0.00105523882106	0.000223505444739	0.000773108997377	0.0027919860474	0.0109554308159	0.0017917075816	0.00370432794478	0.00457636558163	8.06085210535e-05	0.00119813574475	0.0147879995896	0.00159018627896	0.0130256041975	0.00198590083686	0.00285793847371	0.00163415456318	0.00496475209216	0.00216910202108	0.000556931600006	0.0857931145667	0.0265898198766	0.00187598012634	0.00897685802641	0.00298984332635	0.00533848250795	2.9312189474e-05	0.00117981562633	0.0101603376764	4.76323078952e-05	0.00816710879219	0.00223139042371	0	3.66402368425e-05	0	8.06085210535e-05	5.8624378948e-05	0.000161217042107	0.000428690771057	0.000113584734212	0.00153156190002	7.3280473685e-05	0.00189063622107	8.7936568422e-05	0.000124576805264	8.06085210535e-05	0.00258680072108	0.00138866497633	0.00322434084214	4.76323078952e-05	0.00031877006053	0.000406706628952	0.000410370652636	0.000329762131582	0.00596136653427	0.0135202473949	0.00745628819745	0.000256481657897	8.7936568422e-05	0.000139232900001	0.000362738344741	0	3.66402368425e-06	0.000428690771057	0.00729507115534	0.0101310254869	0.0103948351922	0.000890357755273	8.42725447377e-05	3.66402368425e-06	0.000113584734212	0.000699828523692	0.000161217042107	0.000274801776319	0.000135568876317	0.000245489586845	5.49603552637e-05	1.4656094737e-05
0.00130805645528	0.024658879395	0.023695241166	0	0.000153888994738	3.66402368425e-06	0.000238161539476	0.00163415456318	0.000124576805264	0.00265641717108	0.000926997992115	0.00201521302634	0.000538611481585	0.00664287493954	0.00114317538949	4.3968284211e-05	0.00823672524219	0.0094678372001	5.12963315795e-05	0.00243657575003	0.000633876097375	0.00150591373423	0.0128130908238	0.012091278158	0.00593571836848	0.00256115255529	0.0265898198766	0.104933974293	0.00319502865267	0.00235230320529	0.000696164500007	0.00256115255529	3.29762131582e-05	0.000370066392109	0.00393882546057	2.56481657897e-05	0.0143116765107	0.00222039835265	0	7.3280473685e-06	0	0.000164881065791	7.69444973692e-05	0.000227169468423	0.000468995031584	9.16005921062e-05	0.00211047764213	0.000128240828949	0.00491711978426	6.59524263165e-05	0.000201521302634	0.00473025457637	0.00404141812373	0.000362738344741	0.00105523882106	5.49603552637e-05	0.000985622371063	0.0112412246633	0.00703492547376	0.000490979173689	0.00813779660272	0.00677111576849	0.0189136902581	0.000472659055268	0.000142896923686	0.000131904852633	0.000370066392109	0	7.3280473685e-06	0.00178071551055	0.00889624950536	0.00785566677903	0.00357975113951	0.00178071551055	1.83201184212e-05	2.9312189474e-05	0.000113584734212	0.00201154900265	0.000263809705266	0.00058624378948	0.000157553018423	0.000410370652636	4.03042605267e-05	4.3968284211e-05
0.00732071932113	0.000282129823687	0.00533481848427	0	0.0126152335449	0.000384722486846	0.00164514663423	0.0324962260556	0.0042575955211	0.00328662924477	0.00908311471325	0.000523955386848	0.00117615160264	2.19841421055e-05	0.0079326112764	0.000666852310533	0.00296053113687	0.000666852310533	5.49603552637e-05	0.000392050534215	0.00338189386056	0.00455438143952	0.00199322888423	0.00902815435799	0.024112939866	0	0.00187598012634	0.00319502865267	0.074266096056	0.0110140551949	0.0125749292843	9.52646157905e-05	0.000164881065791	0.00605663115006	0.00803520393956	0.000710820594744	9.16005921062e-05	8.06085210535e-05	0	0.00242558367897	0	0.00105523882106	0.000872037636851	0.00175140332107	0.0167152760475	0.000300449942108	0.000348082250004	0.000754788878955	4.3968284211e-05	0.00176972343949	0.00161217042107	0.000227169468423	0.000223505444739	7.69444973692e-05	5.49603552637e-05	0.00180636367633	0.000135568876317	0.00075845290264	0.000245489586845	0.0123367677449	2.9312189474e-05	9.16005921062e-05	0.00029312189474	0.00485483138163	0.000458002960531	0.000501971244742	3.66402368425e-06	0	3.66402368425e-06	0.000139232900001	0.00505268866058	0.00168178687107	0.00541542700532	0.00311075610793	0.000718148642113	8.06085210535e-05	1.09920710527e-05	0.00241092758424	6.59524263165e-05	0.000392050534215	0.000102592663159	0.00511497706321	0.000355410297372	5.49603552637e-05
0.0198260321555	0.000238161539476	0.00815978074482	0	0.00660989872639	0.00135568876317	0.00520291363163	0.0119080769738	0.00682974014744	0.000542275505269	0.0148356318975	0.00888892145799	0.00924066773168	0.00024182556316	0.0352698919846	0.00108821503422	0.000355410297372	0.00580014949217	0.000326098107898	0.00212513373686	0.0112009204027	0.00835397400009	0.000249153610529	0.0103325467896	0.00693599683428	3.66402368425e-06	0.00897685802641	0.00235230320529	0.0110140551949	0.0786152921692	0.018334774516	0.000677844381586	0.00499772830532	0.0246185751345	0.0356985827556	0.000238161539476	0.000190529231581	2.56481657897e-05	0	0.000351746273688	0	0.000714484618429	0.000395714557899	0.00097463030001	0.00360906332899	0.000197857278949	0.000373730415793	0.000142896923686	4.76323078952e-05	0.000743796807903	0.000967302252642	5.12963315795e-05	5.8624378948e-05	0.000216177397371	0.000168545089475	0.000252817634213	5.8624378948e-05	0.000106256686843	0.000102592663159	0.00200422095528	6.59524263165e-05	0.00017220911316	0.000219841421055	0.000872037636851	0.000263809705266	0.000109920710527	7.3280473685e-06	0	0	0.000113584734212	0.00752590464745	0.00224238249476	0.0258386950213	0.00805718808166	0.00082806935264	0.0004653310079	5.12963315795e-05	0.0014656094737	5.8624378948e-05	0.000344418226319	0.000113584734212	0.00231932699213	0.000205185326318	1.83201184212e-05
0.00744529612639	4.3968284211e-05	0.00815245269745	0	0.000311442013161	1.83201184212e-05	0.00012091278158	0.00854450323167	0.000641204144744	0.00144728935528	0.000615555978954	0.000399378581583	0.000362738344741	1.09920710527e-05	0.004862159429	0.000216177397371	0.000531283434216	0.00822939719482	5.12963315795e-05	0.00101493456054	0.000333426155267	0.0195695504976	0.00148026556844	0.0149968489396	0.00178804355791	0	0.00298984332635	0.000696164500007	0.0125749292843	0.018334774516	0.0586610191848	1.09920710527e-05	9.16005921062e-05	0.00755888086061	0.0073500315106	0.000831733376325	0.00014656094737	5.49603552637e-05	0	1.09920710527e-05	0	0.000919669944747	0.000952646157905	0.00130072840791	0.00632044085533	0.000212513373686	0.000476323078952	0.000421362723689	9.16005921062e-05	0.00128973633686	0.00138866497633	0.000883029707904	0.000124576805264	0.000274801776319	0.000183201184212	0.000256481657897	0.000450674913163	0.000600899884217	5.49603552637e-05	0.00117615160264	3.29762131582e-05	0.000600899884217	0.000344418226319	0.00426492356847	0.00109187905791	0.000978294323695	1.09920710527e-05	0	1.4656094737e-05	8.42725447377e-05	0.00169277894212	0.000919669944747	0.00344051823951	0.0016048423737	0.000135568876317	3.66402368425e-05	0	0.00396080960267	0.000428690771057	0.000545939528953	0.000168545089475	0.00338922190793	0.00017220911316	2.9312189474e-05
0.000256481657897	0.000234497515792	3.66402368425e-05	0	6.22884026322e-05	0	0.000106256686843	5.12963315795e-05	1.4656094737e-05	9.89286394747e-05	0.00024182556316	0.00190162829213	0.000175873136844	0.00246222391582	0.000370066392109	1.83201184212e-05	1.4656094737e-05	2.19841421055e-05	1.83201184212e-05	4.76323078952e-05	0.000161217042107	6.59524263165e-05	0.000106256686843	9.89286394747e-05	0.000135568876317	0.000256481657897	0.00533848250795	0.00256115255529	9.52646157905e-05	0.000677844381586	1.09920710527e-05	0.00622151221585	7.3280473685e-06	0.000113584734212	0.000754788878955	0	7.3280473685e-06	7.3280473685e-06	0	1.4656094737e-05	0	1.09920710527e-05	3.66402368425e-06	7.3280473685e-06	2.9312189474e-05	3.66402368425e-06	0.000333426155267	1.09920710527e-05	0.000315106036845	0	1.4656094737e-05	0	7.3280473685e-06	7.3280473685e-06	1.4656094737e-05	1.83201184212e-05	1.4656094737e-05	0	7.3280473685e-06	5.12963315795e-05	0.000472659055268	4.3968284211e-05	3.29762131582e-05	3.29762131582e-05	3.66402368425e-06	1.09920710527e-05	2.56481657897e-05	0	0	7.3280473685e-06	0.000978294323695	0.00175873136844	0.0010698949158	7.69444973692e-05	1.09920710527e-05	0	2.9312189474e-05	1.4656094737e-05	0	3.29762131582e-05	3.29762131582e-05	1.83201184212e-05	1.83201184212e-05	0
