0.0369814723725	4.91883915396e-05	0.00571405148385	0	0.000159862272504	8.1980652566e-06	0.001246105919	0.017843089031	0.0114567961961	0.000323823577636	0.00381210034432	0.00371372356124	0.00291031316609	0.000147565174619	0.0171790457452	6.96835546811e-05	6.14854894245e-05	0.000832103623545	0.0010288571897	0.000766519101492	0.00588211182161	0.00213559599934	3.68912936547e-05	0.00685768158715	0.00024184292507	6.55845220528e-05	0.00720200032792	0.0017379898344	0.00592720118052	0.0239137563535	0.0161706837186	0	4.0990326283e-06	0.0029840957534	0.00738235776357	0	0.00040990326283	3.27922610264e-05	0	0.000209050664043	0	0.000106574848336	4.50893589113e-05	8.60796851943e-05	0.000327922610264	0.000176258403017	6.96835546811e-05	1.22970978849e-05	3.68912936547e-05	4.0990326283e-06	0	0.000188555500902	0	0	0	0.000180357435645	1.22970978849e-05	8.1980652566e-06	0.000204951631415	0.000381210034432	0	4.0990326283e-05	4.91883915396e-05	0.000303328414494	0	0	0	0	0	4.0990326283e-06	0.000475487784883	0.000389408099688	0.00219298245614	0.000446794556485	0.000135268076734	4.0990326283e-05	4.50893589113e-05	0.000102475815707	1.63961305132e-05	0.000155763239875	0.000155763239875	7.78816199377e-05	2.45941957698e-05	0
4.91883915396e-05	0.0248729299885	0.00149614690933	0	4.0990326283e-06	0	4.0990326283e-06	9.01787178226e-05	5.73864567962e-05	0.00367273323496	2.04951631415e-05	8.60796851943e-05	4.0990326283e-06	0.000213149696672	6.55845220528e-05	2.86932283981e-05	0.00117642236432	0.000377111001804	0	0.000106574848336	3.68912936547e-05	0.000426299393343	0.0041277258567	0.00103295622233	0.0019265453353	0.00251270700115	0.00472618462043	0.0194949991802	0.000114772913592	0.000188555500902	0.000155763239875	3.68912936547e-05	8.1980652566e-06	0.000106574848336	0.000614854894245	0	0.0118134120348	0.000176258403017	0	8.1980652566e-06	0	8.1980652566e-06	4.0990326283e-06	4.0990326283e-06	7.37825873094e-05	2.45941957698e-05	5.32874241679e-05	1.63961305132e-05	0.00024184292507	0	0	0.0010575504181	3.68912936547e-05	0	8.1980652566e-05	2.45941957698e-05	0.000118871946221	0.000901787178226	0.000377111001804	0.000155763239875	0.000561567470077	0.00114772913592	0.0117724217085	0.000180357435645	0	1.22970978849e-05	4.0990326283e-06	0	0	6.55845220528e-05	0.00148794884407	0.00120511559272	0.000442695523856	0.000172159370389	3.68912936547e-05	4.0990326283e-06	2.04951631415e-05	0.000450893589113	0.0004344974586	4.50893589113e-05	2.04951631415e-05	4.0990326283e-06	0	0
0.00571405148385	0.00149614690933	0.0384571241187	0	0	1.22970978849e-05	7.78816199377e-05	0.000971470732907	0.00244302344647	0.000200852598787	4.0990326283e-06	0.000114772913592	1.22970978849e-05	2.45941957698e-05	0.00357435645188	1.22970978849e-05	0.000606656828988	0.00430808329234	3.68912936547e-05	0.000573864567962	4.0990326283e-06	0.00257009345794	0.000414002295458	0.0177693064437	7.37825873094e-05	1.22970978849e-05	0.0103623544843	0.0102844728644	0.000750122970979	0.00441465814068	0.00566896212494	0	2.45941957698e-05	0.00062715199213	0.000955074602394	8.1980652566e-06	0.00226676504345	0.00294310542712	0	0	0	1.63961305132e-05	4.91883915396e-05	4.50893589113e-05	6.55845220528e-05	4.0990326283e-06	5.32874241679e-05	1.63961305132e-05	0	4.91883915396e-05	0	0.00123380882112	0.000307427447122	8.1980652566e-06	3.27922610264e-05	4.0990326283e-06	0.000250040990326	0.00237743892441	0.00613625184456	0.000422200360715	0	0.000381210034432	0.00370962452861	0.000659944253156	4.0990326283e-06	2.45941957698e-05	0	4.0990326283e-06	0	3.68912936547e-05	0.00217658632563	0.000315625512379	0.0016806033776	0.000561567470077	0.000266437120839	3.27922610264e-05	1.22970978849e-05	0.000237743892441	0.000516478111166	0.000131169044106	9.01787178226e-05	1.22970978849e-05	8.1980652566e-06	8.1980652566e-06
0	0	0	0	0	0	0	0	0	0	0	0	0	0	0	0	0	0	0	0	0	0	0	0	0	0	0	0	0	0	0	0	0	0	0	0	0	0	0	0	0	0	0	0	0	0	0	0	0	0	0	0	0	0	0	0	0	0	0	0	0	0	0	0	0	0	0	0	0	0	0	0	0	0	0	0	0	0	0	0	0	0	0	0
0.000159862272504	4.0990326283e-06	0	0	0.0177529103132	2.86932283981e-05	0.000229545827185	0.00109444171176	0.000180357435645	0.000475487784883	0.000975569765535	0.00014346614199	0.00263567798	0.000159862272504	0.000418101328087	9.83767830792e-05	0	0	3.27922610264e-05	4.0990326283e-06	0.00574684374488	0	0	0	0.00889899983604	2.86932283981e-05	9.42777504509e-05	9.01787178226e-05	0.00531234628628	0.0010288571897	6.96835546811e-05	0	0	0.000180357435645	0.000766519101492	4.0990326283e-06	0	0	0	0.00354976225611	4.0990326283e-06	0.000688637481554	1.22970978849e-05	0.00014346614199	0.00224626988031	0.00172159370389	0.000139367109362	0.00261518281686	0.000102475815707	3.68912936547e-05	4.0990326283e-05	0	0	1.63961305132e-05	2.04951631415e-05	0.00473848171831	0	0	0	0.00181177242171	0	1.63961305132e-05	0	0.000717330709952	0	4.0990326283e-06	4.0990326283e-06	4.0990326283e-06	0	8.1980652566e-06	0.000135268076734	6.96835546811e-05	0.000500081980653	0.000373011969175	0.000122970978849	4.0990326283e-05	2.45941957698e-05	7.78816199377e-05	1.22970978849e-05	0.000467289719626	0.000299229381866	0.0004344974586	0.000127070011477	4.0990326283e-06
8.1980652566e-06	0	1.22970978849e-05	0	2.86932283981e-05	0.00680439416298	0.00361124774553	0.000204951631415	0.0013608788326	0.000139367109362	9.01787178226e-05	3.27922610264e-05	7.37825873094e-05	8.1980652566e-06	0.000352516806034	0.00275864895885	0	8.1980652566e-06	0	0	2.86932283981e-05	2.86932283981e-05	0	0.000270536153468	0.000147565174619	0	8.1980652566e-06	4.0990326283e-05	0.000327922610264	0.000163961305132	1.63961305132e-05	0	0.00174208886703	8.1980652566e-06	0.000344318740777	0	0	0	0	0	0	4.0990326283e-06	0	0	4.0990326283e-06	0	4.0990326283e-06	0	0	0	0	0	0	0	0	0	0	0	0	8.1980652566e-06	0	0	0	8.1980652566e-06	0	0	0	4.0990326283e-06	0	0	0.000549270372192	5.73864567962e-05	0.000520577143794	0.000114772913592	0.00250450893589	0.000709132644696	4.0990326283e-06	4.0990326283e-06	0	4.0990326283e-06	8.1980652566e-06	4.0990326283e-06	4.0990326283e-06	0
0.001246105919	4.0990326283e-06	7.78816199377e-05	0	0.000229545827185	0.00361124774553	0.0336202656173	0.00807919331038	0.012924249877	0.000282833251353	0.00823495655025	0.000340219708149	0.00483685850139	0.000110673880964	0.00415232005247	0.00400885391048	8.1980652566e-06	4.0990326283e-05	5.32874241679e-05	1.22970978849e-05	0.00216428922774	9.01787178226e-05	0	0.000209050664043	0.000471388752254	4.0990326283e-06	0.000159862272504	0.000135268076734	0.0050254140023	0.00407443843253	0.000643548122643	4.0990326283e-06	0.00200852598787	0.00115182816855	0.0032013444827	8.1980652566e-06	4.0990326283e-06	0	0	6.55845220528e-05	3.68912936547e-05	0.000573864567962	0	0.000176258403017	0.000315625512379	9.42777504509e-05	0.000319724545007	9.83767830792e-05	0.000204951631415	4.0990326283e-06	2.04951631415e-05	0	0	0	0	7.78816199377e-05	8.1980652566e-06	0	8.1980652566e-06	0.000299229381866	0	0	8.1980652566e-06	6.14854894245e-05	8.1980652566e-06	0	0	6.14854894245e-05	0	4.0990326283e-06	0.000877192982456	0.000450893589113	0.00208230857518	0.00158222659452	0.00232005246762	0.000676340383669	0.000122970978849	0.000110673880964	2.45941957698e-05	0.000680439416298	0.000696835546811	0.00057796360059	0.00016806033776	8.1980652566e-06
0.017843089031	9.01787178226e-05	0.000971470732907	0	0.00109444171176	0.000204951631415	0.00807919331038	0.0647975077882	0.0142154451549	0.00147565174619	0.0147934087555	0.0038243974422	0.0021437940646	0.000495982948024	0.0110960813248	0.000746023938351	3.68912936547e-05	0.000975569765535	0.00100836202656	0.000389408099688	0.00846450237744	0.0016806033776	2.86932283981e-05	0.00232005246762	0.00318904738482	8.1980652566e-05	0.00364813903919	0.00156173143138	0.0310665682899	0.0231021478931	0.0137686505985	8.1980652566e-06	4.91883915396e-05	0.0108050500082	0.0174659780292	4.0990326283e-06	6.14854894245e-05	0	0	0.00260288571897	0.000110673880964	0.00141416625676	0.000155763239875	0.00102475815707	0.00346368257091	0.00104525332022	0.00036071487129	0.000155763239875	0.000163961305132	9.42777504509e-05	0	4.0990326283e-06	1.22970978849e-05	0	4.0990326283e-06	0.00179947532382	7.78816199377e-05	2.04951631415e-05	8.1980652566e-06	0.00346778160354	1.22970978849e-05	4.0990326283e-05	6.14854894245e-05	0.00196753566158	0	4.0990326283e-06	0	0.000159862272504	0	1.63961305132e-05	0.00197983275947	0.000840301688801	0.00999754058042	0.00491883915396	0.000778816199377	0.000340219708149	0.000139367109362	0.000828004590917	8.1980652566e-06	0.00158632562715	0.00158632562715	0.00131169044106	0.000848499754058	4.0990326283e-05
0.0114567961961	5.73864567962e-05	0.00244302344647	0	0.000180357435645	0.0013608788326	0.012924249877	0.0142154451549	0.0397729135924	0.000155763239875	0.00295950155763	0.000237743892441	0.000832103623545	0.000803410395147	0.0193433349729	0.00123790785375	5.32874241679e-05	5.73864567962e-05	0	2.45941957698e-05	0.00145515658305	0.000541072306936	4.0990326283e-06	0.0022011805214	0.000344318740777	4.0990326283e-06	0.00156173143138	0.000262338088211	0.00753402197081	0.0134284308903	0.00467289719626	4.0990326283e-06	0.00147155271356	0.0014346614199	0.00735366453517	8.1980652566e-06	0.000200852598787	3.68912936547e-05	0	0.00019265453353	2.86932283981e-05	0.00145925561567	7.78816199377e-05	0.000860796851943	0.000491883915396	0.000332021642892	0.000991965896049	0.000131169044106	0.000270536153468	3.68912936547e-05	8.1980652566e-06	5.32874241679e-05	0	4.0990326283e-06	8.1980652566e-06	0.000209050664043	3.68912936547e-05	4.0990326283e-06	0.000122970978849	0.000672241351041	0	7.37825873094e-05	0.000106574848336	0.000418101328087	8.1980652566e-06	0	0	0.000102475815707	0	4.0990326283e-06	0.00174208886703	0.00125840301689	0.00531234628628	0.0041277258567	0.0011149368749	0.000438596491228	0.000270536153468	0.000254140022955	5.73864567962e-05	0.0017666830628	0.00189375307427	0.000942777504509	0.00057796360059	3.68912936547e-05
0.000323823577636	0.00367273323496	0.000200852598787	0	0.000475487784883	0.000139367109362	0.000282833251353	0.00147565174619	0.000155763239875	0.0291031316609	6.14854894245e-05	7.37825873094e-05	0.00175848499754	4.50893589113e-05	0.000127070011477	0.00134858173471	0.00377930808329	6.55845220528e-05	4.0990326283e-06	0.000102475815707	0.000696835546811	0.0029840957534	0.00780045909165	0.00167240531235	0.0120593539925	0.00103705525496	0.000356615838662	0.00144285948516	0.0073577635678	0.000282833251353	0.000766519101492	0	8.1980652566e-06	0.000139367109362	0.00274225282833	0.00163551401869	5.73864567962e-05	6.14854894245e-05	0	0.000479586817511	1.22970978849e-05	0.00014346614199	0.00107394654861	0.000225446794556	0.0106902770946	0.000221347761928	7.37825873094e-05	6.96835546811e-05	6.14854894245e-05	0.000618953926873	8.1980652566e-06	0.000131169044106	4.91883915396e-05	8.1980652566e-06	5.73864567962e-05	0.000139367109362	0.000303328414494	0.00510739465486	0.000389408099688	0.00579603213642	4.0990326283e-06	8.60796851943e-05	0.0004344974586	0.00405394326939	0.000614854894245	0.000606656828988	0	4.0990326283e-06	4.0990326283e-06	6.14854894245e-05	0.00251270700115	0.000327922610264	0.00197163469421	0.00170519757337	0.00237743892441	0.000233644859813	1.22970978849e-05	0.00263157894737	8.1980652566e-05	0.0004344974586	0.000278734218724	0.000102475815707	2.86932283981e-05	0
0.00381210034432	2.04951631415e-05	4.0990326283e-06	0	0.000975569765535	9.01787178226e-05	0.00823495655025	0.0147934087555	0.00295950155763	6.14854894245e-05	0.0313453025086	0.00191014920479	0.0041277258567	0.000209050664043	0.00220527955403	0.000209050664043	8.1980652566e-06	1.63961305132e-05	0.000483685850139	2.45941957698e-05	0.0073290703394	2.04951631415e-05	8.1980652566e-06	4.0990326283e-05	0.000565666502705	0.000106574848336	0.00142236432202	0.000996064928677	0.00710362354484	0.00594769634366	9.83767830792e-05	4.0990326283e-06	8.1980652566e-06	0.00120921462535	0.00508689949172	2.45941957698e-05	2.04951631415e-05	0	0	0.0002172487293	4.0990326283e-06	0.000336120675521	6.14854894245e-05	0.000200852598787	0.000176258403017	0.00096327266765	0.000184456468273	0.000836202656173	6.96835546811e-05	8.1980652566e-05	0	0	0	4.91883915396e-05	8.60796851943e-05	0.00131578947368	0	0	0	0.000254140022955	0	6.14854894245e-05	2.45941957698e-05	4.91883915396e-05	4.50893589113e-05	0	8.1980652566e-06	1.63961305132e-05	0	6.55845220528e-05	0.000270536153468	0.000303328414494	0.00231185440236	0.000700934579439	6.55845220528e-05	3.68912936547e-05	7.37825873094e-05	6.96835546811e-05	3.27922610264e-05	0.000573864567962	0.000381210034432	0.0002172487293	0.000110673880964	0
0.00371372356124	8.60796851943e-05	0.000114772913592	0	0.00014346614199	3.27922610264e-05	0.000340219708149	0.0038243974422	0.000237743892441	7.37825873094e-05	0.00191014920479	0.0285128709625	0.00243072634858	0.00516068207903	0.00248811280538	5.73864567962e-05	0.000118871946221	0.000291031316609	0.00568945728808	0.00183226758485	0.00377930808329	0.000196753566158	0	0.000344318740777	0.000221347761928	0.0027381537957	0.00698475159862	0.00302918511231	0.000700934579439	0.00806689621249	0.000196753566158	0.000557468437449	0.000700934579439	0.000266437120839	0.0118257091326	2.45941957698e-05	4.0990326283e-05	0	0	2.45941957698e-05	0	5.73864567962e-05	4.0990326283e-06	1.63961305132e-05	8.1980652566e-05	5.32874241679e-05	0.00109854074438	4.0990326283e-05	0.00132808657157	1.63961305132e-05	0	4.0990326283e-06	0	4.0990326283e-06	0	2.45941957698e-05	0	8.1980652566e-06	0	8.1980652566e-05	4.0990326283e-05	0.000586161665847	6.96835546811e-05	5.32874241679e-05	4.0990326283e-06	0	0.000209050664043	0	0	0	0.00227496310871	0.00385718970323	0.0051565830464	0.000582062633219	7.78816199377e-05	3.27922610264e-05	0.00127070011477	0.000315625512379	0.00178307919331	9.01787178226e-05	8.60796851943e-05	4.91883915396e-05	0	0.00136497786522
0.00291031316609	4.0990326283e-06	1.22970978849e-05	0	0.00263567798	7.37825873094e-05	0.00483685850139	0.0021437940646	0.000832103623545	0.00175848499754	0.0041277258567	0.00243072634858	0.0310747663551	0.000549270372192	0.00220527955403	0.00203721921626	1.63961305132e-05	8.1980652566e-06	0.000397606164945	2.04951631415e-05	0.0147811116576	5.73864567962e-05	1.22970978849e-05	9.42777504509e-05	0.00259058862109	8.60796851943e-05	0.00191834727004	0.00165600918183	0.00125840301689	0.00806279717987	8.60796851943e-05	4.0990326283e-06	1.22970978849e-05	9.83767830792e-05	0.00653795704214	1.63961305132e-05	4.0990326283e-06	0	0	5.32874241679e-05	0	0.00287752090507	4.0990326283e-06	0.000647647155271	0.000356615838662	0.00238563698967	0.00116002623381	0.00466060009838	0.00045909165437	0.000377111001804	4.91883915396e-05	0	0	0.000315625512379	9.42777504509e-05	0.00134858173471	0	0	0	9.83767830792e-05	0	0.000307427447122	8.1980652566e-06	2.86932283981e-05	3.68912936547e-05	0	1.63961305132e-05	2.04951631415e-05	0	2.04951631415e-05	0.000483685850139	0.000803410395147	0.00231185440236	0.00172569273651	0.00138957206099	3.27922610264e-05	0.00036071487129	5.73864567962e-05	5.32874241679e-05	0.00234874569602	0.00158222659452	0.00220937858665	3.27922610264e-05	8.1980652566e-06
0.000147565174619	0.000213149696672	2.45941957698e-05	0	0.000159862272504	8.1980652566e-06	0.000110673880964	0.000495982948024	0.000803410395147	4.50893589113e-05	0.000209050664043	0.00516068207903	0.000549270372192	0.0207411050992	0.00106984751599	4.91883915396e-05	8.60796851943e-05	2.86932283981e-05	0.000377111001804	0.000102475815707	0.000471388752254	0.000221347761928	8.60796851943e-05	0.000442695523856	0.000180357435645	0.00884571241187	0.00327922610264	0.00229135923922	0.000401705197573	0.00204131824889	0.000237743892441	0.00376291195278	0.000307427447122	0.000344318740777	0.00297179865552	2.45941957698e-05	0.000122970978849	4.0990326283e-06	0	0.000114772913592	3.68912936547e-05	0.00200032792261	2.04951631415e-05	0.000942777504509	8.60796851943e-05	0.000684538448926	0.00434907361863	0.000684538448926	0.00519347434006	3.27922610264e-05	1.63961305132e-05	0	0	4.0990326283e-05	1.63961305132e-05	0.00038530906706	6.14854894245e-05	2.04951631415e-05	3.68912936547e-05	0.000532874241679	0.000582062633219	0.00238153795704	0.000438596491228	0.000229545827185	2.86932283981e-05	3.68912936547e-05	0.000614854894245	5.73864567962e-05	0	2.86932283981e-05	0.000590260698475	0.00282013444827	0.00378340711592	0.00238563698967	1.63961305132e-05	2.86932283981e-05	0.0013034923758	0.000127070011477	0.00326692900475	0.00301688801443	0.00319724545007	0.00119281849484	0.000311526479751	0.00159862272504
0.0171790457452	6.55845220528e-05	0.00357435645188	0	0.000418101328087	0.000352516806034	0.00415232005247	0.0110960813248	0.0193433349729	0.000127070011477	0.00220527955403	0.00248811280538	0.00220527955403	0.00106984751599	0.0461633054599	0.000491883915396	0.000188555500902	0.00024184292507	0.000204951631415	0.000598458763732	0.00288161993769	0.00128299721266	4.0990326283e-05	0.00444745040171	0.000635350057386	6.55845220528e-05	0.00442695523856	0.000807509427775	0.00514428594852	0.0336735530415	0.0113338252172	0	0.00237743892441	0.00440646007542	0.0131578947368	8.1980652566e-06	0.000442695523856	3.27922610264e-05	0	0.000172159370389	2.04951631415e-05	0.00144695851779	6.55845220528e-05	0.000762420068864	0.000438596491228	0.000282833251353	0.00116002623381	0.000118871946221	0.000299229381866	1.22970978849e-05	8.1980652566e-06	0.000172159370389	4.0990326283e-06	4.0990326283e-06	4.0990326283e-06	0.000176258403017	1.63961305132e-05	1.63961305132e-05	0.000233644859813	0.000573864567962	0	8.1980652566e-05	0.000118871946221	0.000373011969175	8.1980652566e-06	0	0	0.000114772913592	0	4.0990326283e-06	0.00269716346942	0.00142236432202	0.00706673225119	0.00435317265125	0.000746023938351	0.000524676176422	0.000356615838662	0.000200852598787	4.50893589113e-05	0.00170519757337	0.0019265453353	0.000897688145598	0.000590260698475	2.86932283981e-05
6.96835546811e-05	2.86932283981e-05	1.22970978849e-05	0	9.83767830792e-05	0.00275864895885	0.00400885391048	0.000746023938351	0.00123790785375	0.00134858173471	0.000209050664043	5.73864567962e-05	0.00203721921626	4.91883915396e-05	0.000491883915396	0.0126988030825	4.0990326283e-06	8.1980652566e-06	8.1980652566e-06	0	0.000245941957698	2.45941957698e-05	8.1980652566e-06	0.000291031316609	0.000901787178226	0	9.42777504509e-05	0.000135268076734	0.00148794884407	0.0013321856042	0.0018691588785	0	0.000352516806034	0.00166420724709	0.00284472864404	2.86932283981e-05	1.63961305132e-05	2.86932283981e-05	0	2.45941957698e-05	0	8.60796851943e-05	0.000332021642892	6.14854894245e-05	0.001246105919	5.73864567962e-05	6.14854894245e-05	4.91883915396e-05	3.68912936547e-05	3.68912936547e-05	0	4.0990326283e-06	4.0990326283e-06	0	0	2.45941957698e-05	8.1980652566e-06	1.22970978849e-05	4.91883915396e-05	0.000750122970979	0	2.45941957698e-05	4.50893589113e-05	0.000184456468273	4.0990326283e-06	2.45941957698e-05	0	0	0	4.0990326283e-06	0.00225036891294	0.000262338088211	0.000930480406624	0.000258239055583	0.00498442367601	9.01787178226e-05	1.22970978849e-05	0.000286932283981	8.1980652566e-06	0.000118871946221	0.000110673880964	0.00014346614199	8.1980652566e-06	0
6.14854894245e-05	0.00117642236432	0.000606656828988	0	0	0	8.1980652566e-06	3.68912936547e-05	5.32874241679e-05	0.00377930808329	8.1980652566e-06	0.000118871946221	1.63961305132e-05	8.60796851943e-05	0.000188555500902	4.0990326283e-06	0.02236432202	6.96835546811e-05	3.68912936547e-05	1.22970978849e-05	1.63961305132e-05	0.00525905886211	0.010366453517	0.00699294966388	0.00448434169536	0.000176258403017	0.000606656828988	0.00677160190195	0.00257009345794	0.000200852598787	0.000418101328087	1.63961305132e-05	0	4.0990326283e-05	0.000332021642892	4.0990326283e-06	0.000176258403017	0.000118871946221	0	4.0990326283e-05	0	0	0	1.22970978849e-05	0.00135677979997	4.0990326283e-06	4.0990326283e-06	4.0990326283e-06	4.0990326283e-06	4.0990326283e-06	0	0.00292670929661	8.1980652566e-06	0	0	4.0990326283e-06	0.000881292015084	0.00607886538777	0.00103295622233	0.00134858173471	0	0.000106574848336	0.000209050664043	0.00213149696672	0	0.000282833251353	0	0	0	2.04951631415e-05	0.00405804230202	0.000479586817511	0.000282833251353	5.73864567962e-05	2.45941957698e-05	2.04951631415e-05	8.1980652566e-06	0.000291031316609	2.04951631415e-05	2.86932283981e-05	4.0990326283e-06	0	0	0
0.000832103623545	0.000377111001804	0.00430808329234	0	0	8.1980652566e-06	4.0990326283e-05	0.000975569765535	5.73864567962e-05	6.55845220528e-05	1.63961305132e-05	0.000291031316609	8.1980652566e-06	2.86932283981e-05	0.00024184292507	8.1980652566e-06	6.96835546811e-05	0.0299147401213	0.000762420068864	0.0113174290867	2.45941957698e-05	0.00558698147237	8.1980652566e-05	0.0103377602886	4.0990326283e-06	8.1980652566e-06	0.0113543203804	0.00460321364158	0.000528775209051	0.00147155271356	0.00644777832432	0	5.73864567962e-05	0.00101246105919	0.00808739137564	4.0990326283e-06	0.000262338088211	0.000647647155271	0	0	4.0990326283e-06	4.0990326283e-06	4.91883915396e-05	1.22970978849e-05	5.32874241679e-05	8.1980652566e-06	2.04951631415e-05	0	4.0990326283e-06	2.45941957698e-05	0	5.32874241679e-05	0.000811608460403	4.0990326283e-06	2.45941957698e-05	0	0.000139367109362	4.91883915396e-05	0.000582062633219	3.68912936547e-05	4.0990326283e-06	0.000684538448926	0.000430398425971	6.14854894245e-05	0	8.1980652566e-06	0	0	0	1.63961305132e-05	0.00184046565011	0.000975569765535	0.0043736678144	0.00242662731595	0.000286932283981	0.000180357435645	2.45941957698e-05	9.83767830792e-05	0.00084440072143	0.000245941957698	0.000180357435645	8.1980652566e-06	4.0990326283e-06	0
0.0010288571897	0	3.68912936547e-05	0	3.27922610264e-05	0	5.32874241679e-05	0.00100836202656	0	4.0990326283e-06	0.000483685850139	0.00568945728808	0.000397606164945	0.000377111001804	0.000204951631415	8.1980652566e-06	3.68912936547e-05	0.000762420068864	0.0105591080505	0.0039104771274	0.000897688145598	0.000315625512379	0	0.000393507132317	2.45941957698e-05	0.000209050664043	0.0034472864404	0.000664043285785	0.000106574848336	0.00162731595343	0.000856697819315	8.60796851943e-05	4.0990326283e-06	0.00040990326283	0.00362354484342	0	0	0	0	0	0	0	0	0	0	0	8.1980652566e-06	0	4.0990326283e-06	0	0	0	0	0	8.1980652566e-06	0	0	0	0	0	0	6.55845220528e-05	0	0	0	0	0	0	0	0	0.00161911788818	0.00190605017216	0.000930480406624	0.00014346614199	4.0990326283e-06	4.0990326283e-06	2.04951631415e-05	1.63961305132e-05	1.63961305132e-05	8.1980652566e-06	8.1980652566e-06	4.0990326283e-06	0	1.63961305132e-05
0.000766519101492	0.000106574848336	0.000573864567962	0	4.0990326283e-06	0	1.22970978849e-05	0.000389408099688	2.45941957698e-05	0.000102475815707	2.45941957698e-05	0.00183226758485	2.04951631415e-05	0.000102475815707	0.000598458763732	0	1.22970978849e-05	0.0113174290867	0.0039104771274	0.0244507296278	6.55845220528e-05	0.0025209050664	4.0990326283e-06	0.00275045089359	7.37825873094e-05	8.60796851943e-05	0.0150229545827	0.00398425971471	0.000213149696672	0.00172159370389	0.00444335136908	0	0.000114772913592	0.00109854074438	0.0089071979013	1.22970978849e-05	2.04951631415e-05	0.000295130349238	0	4.0990326283e-06	0	8.1980652566e-06	4.0990326283e-05	0	9.42777504509e-05	0	2.45941957698e-05	0	1.22970978849e-05	2.45941957698e-05	0	4.0990326283e-06	0.000319724545007	0	0.000491883915396	0	0	0	0.000159862272504	4.91883915396e-05	4.0990326283e-06	0.000782915232005	8.60796851943e-05	1.22970978849e-05	4.0990326283e-06	0	0	4.0990326283e-06	0	8.1980652566e-06	0.00177078209543	0.00104525332022	0.00288571897032	0.001246105919	0.000114772913592	2.86932283981e-05	8.1980652566e-06	4.50893589113e-05	0.000705033612068	0.000159862272504	8.1980652566e-05	1.63961305132e-05	4.0990326283e-06	0
0.00588211182161	3.68912936547e-05	4.0990326283e-06	0	0.00574684374488	2.86932283981e-05	0.00216428922774	0.00846450237744	0.00145515658305	0.000696835546811	0.0073290703394	0.00377930808329	0.0147811116576	0.000471388752254	0.00288161993769	0.000245941957698	1.63961305132e-05	2.45941957698e-05	0.000897688145598	6.55845220528e-05	0.0284390883751	2.45941957698e-05	2.04951631415e-05	4.91883915396e-05	0.00394326938842	2.86932283981e-05	0.0030701754386	0.00232825053287	0.0025782915232	0.00997294638465	5.73864567962e-05	4.0990326283e-06	8.1980652566e-05	0.00103295622233	0.010751762584	8.1980652566e-06	2.45941957698e-05	0	0	0.000229545827185	0	0.000528775209051	2.04951631415e-05	0.000221347761928	0.000139367109362	0.000118871946221	0.000327922610264	0.000204951631415	0.0002172487293	8.1980652566e-06	0	0	0	0	0	0.000368912936547	0	0	0	0.00019265453353	0	2.04951631415e-05	2.04951631415e-05	6.96835546811e-05	4.0990326283e-06	0	0	8.1980652566e-06	0	4.0990326283e-06	0.000860796851943	0.000561567470077	0.00518117724217	0.00204951631415	0.000204951631415	0.000262338088211	0.000163961305132	4.50893589113e-05	1.63961305132e-05	0.000664043285785	0.000672241351041	0.000520577143794	7.78816199377e-05	0
0.00213559599934	0.000426299393343	0.00257009345794	0	0	2.86932283981e-05	9.01787178226e-05	0.0016806033776	0.000541072306936	0.0029840957534	2.04951631415e-05	0.000196753566158	5.73864567962e-05	0.000221347761928	0.00128299721266	2.45941957698e-05	0.00525905886211	0.00558698147237	0.000315625512379	0.0025209050664	2.45941957698e-05	0.0513403836695	0.00481636333825	0.0299803246434	0.002172487293	6.14854894245e-05	0.00544761436301	0.00160682079029	0.00927611083784	0.00343908837514	0.0189580259059	4.0990326283e-06	4.50893589113e-05	0.00147975077882	0.0073577635678	4.0990326283e-06	7.37825873094e-05	6.14854894245e-05	0	6.14854894245e-05	0	0.000114772913592	3.68912936547e-05	6.96835546811e-05	0.00101656009182	1.22970978849e-05	0.000114772913592	2.45941957698e-05	3.27922610264e-05	8.1980652566e-06	0	0.000950975569766	1.22970978849e-05	0	8.1980652566e-06	8.1980652566e-06	0.000524676176422	0.00584112149533	0.000278734218724	0.00229545827185	0	7.78816199377e-05	0.000147565174619	0.00437776684702	0	0.000746023938351	0	1.22970978849e-05	0	4.50893589113e-05	0.00167240531235	0.00103705525496	0.00617724217085	0.00192244630267	0.000573864567962	0.000233644859813	6.14854894245e-05	0.000569765535334	4.50893589113e-05	0.00016806033776	0.000151664207247	9.42777504509e-05	1.22970978849e-05	4.0990326283e-06
3.68912936547e-05	0.0041277258567	0.000414002295458	0	0	0	0	2.86932283981e-05	4.0990326283e-06	0.00780045909165	8.1980652566e-06	0	1.22970978849e-05	8.60796851943e-05	4.0990326283e-05	8.1980652566e-06	0.010366453517	8.1980652566e-05	0	4.0990326283e-06	2.04951631415e-05	0.00481636333825	0.0222946384653	0.00415232005247	0.00443105427119	0.000758321036235	0.000364813903919	0.00560337760289	0.00116002623381	5.73864567962e-05	0.000668142318413	4.0990326283e-06	0	3.68912936547e-05	0.000209050664043	4.0990326283e-06	0.000446794556485	6.96835546811e-05	0	0.000127070011477	0	2.04951631415e-05	4.0990326283e-06	8.1980652566e-06	0.000996064928677	2.86932283981e-05	8.1980652566e-06	1.22970978849e-05	8.1980652566e-06	4.0990326283e-06	0	0.00251270700115	1.22970978849e-05	0	0	4.0990326283e-06	0.000356615838662	0.00676340383669	0.000495982948024	0.00212739793409	8.1980652566e-06	7.78816199377e-05	0.000467289719626	0.00346778160354	0	0.000475487784883	0	4.0990326283e-06	0	4.50893589113e-05	0.00169699950812	0.00038530906706	7.37825873094e-05	2.45941957698e-05	4.91883915396e-05	1.63961305132e-05	0	0.000172159370389	2.45941957698e-05	3.27922610264e-05	4.0990326283e-06	8.1980652566e-06	0	0
0.00685768158715	0.00103295622233	0.0177693064437	0	0	0.000270536153468	0.000209050664043	0.00232005246762	0.0022011805214	0.00167240531235	4.0990326283e-05	0.000344318740777	9.42777504509e-05	0.000442695523856	0.00444745040171	0.000291031316609	0.00699294966388	0.0103377602886	0.000393507132317	0.00275045089359	4.91883915396e-05	0.0299803246434	0.00415232005247	0.0762625020495	0.000266437120839	0.00019265453353	0.00841941301853	0.0164617150353	0.00256189539269	0.00672651254304	0.014071979013	1.63961305132e-05	0.000102475815707	0.0019552385637	0.00987456960157	8.1980652566e-06	0.000450893589113	0.000155763239875	0	2.04951631415e-05	4.0990326283e-06	0.000307427447122	3.27922610264e-05	0.000139367109362	9.42777504509e-05	1.22970978849e-05	0.000250040990326	2.45941957698e-05	8.1980652566e-05	2.45941957698e-05	0	0.00548450565667	2.45941957698e-05	8.1980652566e-06	6.14854894245e-05	8.1980652566e-06	0.00370552549598	0.0131496966716	0.00834153139859	0.0015207411051	4.0990326283e-06	0.000147565174619	0.000614854894245	0.00361944581079	0	0.000791113297262	0	4.0990326283e-05	0	6.96835546811e-05	0.00650106574848	0.00191014920479	0.0107271683883	0.0049680275455	0.00229955730448	0.000754222003607	0.000233644859813	0.000639449090015	7.78816199377e-05	0.000512379078537	0.000504181013281	0.00024184292507	7.37825873094e-05	2.45941957698e-05
0.00024184292507	0.0019265453353	7.37825873094e-05	0	0.00889899983604	0.000147565174619	0.000471388752254	0.00318904738482	0.000344318740777	0.0120593539925	0.000565666502705	0.000221347761928	0.00259058862109	0.000180357435645	0.000635350057386	0.000901787178226	0.00448434169536	4.0990326283e-06	2.45941957698e-05	7.37825873094e-05	0.00394326938842	0.002172487293	0.00443105427119	0.000266437120839	0.0471429742581	0.000155763239875	0.000467289719626	0.00166830627972	0.0197819314642	0.00213149696672	0.00308247253648	4.0990326283e-06	8.1980652566e-06	0.00138137399574	0.00407443843253	0.0014920478767	8.60796851943e-05	2.45941957698e-05	0	0.00452123298901	3.27922610264e-05	0.00104935235284	0.00131169044106	0.000315625512379	0.0144654861453	0.00152484013773	0.000204951631415	0.00211100180357	0.000102475815707	0.000549270372192	0.000127070011477	2.86932283981e-05	4.0990326283e-05	1.22970978849e-05	9.42777504509e-05	0.0030127889818	6.96835546811e-05	0.00113543203804	0.00016806033776	0.0124938514511	5.32874241679e-05	0.000135268076734	0.000258239055583	0.00536563371044	0.000787014264634	0.000225446794556	0	2.04951631415e-05	4.0990326283e-06	6.14854894245e-05	0.00262747991474	0.000561567470077	0.00245941957698	0.00117642236432	0.00111903590753	0.000135268076734	8.1980652566e-06	0.00157402852927	7.37825873094e-05	0.000799311362518	0.000565666502705	0.000323823577636	0.000131169044106	8.1980652566e-06
6.55845220528e-05	0.00251270700115	1.22970978849e-05	0	2.86932283981e-05	0	4.0990326283e-06	8.1980652566e-05	4.0990326283e-06	0.00103705525496	0.000106574848336	0.0027381537957	8.60796851943e-05	0.00884571241187	6.55845220528e-05	0	0.000176258403017	8.1980652566e-06	0.000209050664043	8.60796851943e-05	2.86932283981e-05	6.14854894245e-05	0.000758321036235	0.00019265453353	0.000155763239875	0.0183144777832	0.00259878668634	0.00728398098049	9.01787178226e-05	0.000233644859813	3.27922610264e-05	0.00191834727004	4.50893589113e-05	1.22970978849e-05	0.0004344974586	8.1980652566e-06	0.000373011969175	8.1980652566e-06	0	4.0990326283e-05	0	0.000250040990326	8.1980652566e-06	1.63961305132e-05	2.45941957698e-05	0.000303328414494	0.00237743892441	0.000393507132317	0.00419331037875	8.1980652566e-06	4.0990326283e-06	1.63961305132e-05	4.0990326283e-06	2.45941957698e-05	6.14854894245e-05	0.000225446794556	2.45941957698e-05	2.45941957698e-05	1.22970978849e-05	0.000159862272504	0.000799311362518	0.00383259550746	0.00142236432202	6.96835546811e-05	1.22970978849e-05	2.45941957698e-05	0.000405804230202	0	0	1.22970978849e-05	0.000393507132317	0.000631251024758	0.000520577143794	0.000172159370389	1.22970978849e-05	1.22970978849e-05	0.000254140022955	4.0990326283e-05	0.00180357435645	0.000692736514183	0.000672241351041	0.000332021642892	8.1980652566e-06	0.000983767830792
0.00720200032792	0.00472618462043	0.0103623544843	0	9.42777504509e-05	8.1980652566e-06	0.000159862272504	0.00364813903919	0.00156173143138	0.000356615838662	0.00142236432202	0.00698475159862	0.00191834727004	0.00327922610264	0.00442695523856	9.42777504509e-05	0.000606656828988	0.0113543203804	0.0034472864404	0.0150229545827	0.0030701754386	0.00544761436301	0.000364813903919	0.00841941301853	0.000467289719626	0.00259878668634	0.10439826201	0.0343089030989	0.0015781275619	0.00827184784391	0.0095015576324	0.00408263649779	0.000147565174619	0.00125430398426	0.0122274143302	1.22970978849e-05	0.00591080505001	0.00728808001312	0	3.27922610264e-05	0	9.42777504509e-05	0.000782915232005	0.000393507132317	0.000233644859813	0.000356615838662	0.000348417773405	2.45941957698e-05	0.00134038366945	5.32874241679e-05	4.0990326283e-06	0.000422200360715	0.00251270700115	6.55845220528e-05	0.00221757665191	0.000147565174619	0.000266437120839	0.000315625512379	0.0027381537957	0.000532874241679	0.000442695523856	0.0186424003935	0.0118216101	0.00162731595343	8.1980652566e-06	8.60796851943e-05	0.000582062633219	1.22970978849e-05	0	5.32874241679e-05	0.0112436464994	0.0099647483194	0.00642318412855	0.00207820954255	0.000151664207247	0.000131169044106	7.37825873094e-05	0.000877192982456	0.00442695523856	0.000229545827185	0.000110673880964	6.14854894245e-05	8.1980652566e-06	6.96835546811e-05
0.0017379898344	0.0194949991802	0.0102844728644	0	9.01787178226e-05	4.0990326283e-05	0.000135268076734	0.00156173143138	0.000262338088211	0.00144285948516	0.000996064928677	0.00302918511231	0.00165600918183	0.00229135923922	0.000807509427775	0.000135268076734	0.00677160190195	0.00460321364158	0.000664043285785	0.00398425971471	0.00232825053287	0.00160682079029	0.00560337760289	0.0164617150353	0.00166830627972	0.00728398098049	0.0343089030989	0.107784062961	0.00109444171176	0.00356615838662	0.00129939334317	0.000741924905722	0.000131169044106	0.000668142318413	0.00890309886867	4.0990326283e-06	0.0152320052468	0.00160272175767	0	3.27922610264e-05	0	2.86932283981e-05	0.00014346614199	0.000122970978849	0.000180357435645	0.000135268076734	0.00019265453353	2.86932283981e-05	0.000647647155271	2.45941957698e-05	4.0990326283e-06	0.00926381373996	0.000163961305132	1.63961305132e-05	0.00057796360059	4.0990326283e-05	0.00300868994917	0.0126332185604	0.0114281029677	0.000352516806034	0.00141006722414	0.00922282341367	0.0174208886703	0.000573864567962	4.0990326283e-06	3.27922610264e-05	6.55845220528e-05	4.0990326283e-06	0	8.60796851943e-05	0.0219872110182	0.00777996392851	0.00547630759141	0.0014346614199	0.000106574848336	0.000172159370389	2.86932283981e-05	0.00147975077882	0.00142236432202	0.00016806033776	0.000102475815707	5.32874241679e-05	1.22970978849e-05	4.91883915396e-05
0.00592720118052	0.000114772913592	0.000750122970979	0	0.00531234628628	0.000327922610264	0.0050254140023	0.0310665682899	0.00753402197081	0.0073577635678	0.00710362354484	0.000700934579439	0.00125840301689	0.000401705197573	0.00514428594852	0.00148794884407	0.00257009345794	0.000528775209051	0.000106574848336	0.000213149696672	0.0025782915232	0.00927611083784	0.00116002623381	0.00256189539269	0.0197819314642	9.01787178226e-05	0.0015781275619	0.00109444171176	0.0791605181177	0.0129365469749	0.0157976717495	8.1980652566e-06	2.86932283981e-05	0.0103828496475	0.0133669454009	0.00113953107067	4.50893589113e-05	2.45941957698e-05	0	0.00841941301853	0.000139367109362	0.00191834727004	0.00229545827185	0.00178717822594	0.0209706509264	0.00261518281686	0.000327922610264	0.00218888342351	0.000139367109362	0.000680439416298	5.32874241679e-05	2.45941957698e-05	4.0990326283e-05	1.22970978849e-05	2.86932283981e-05	0.00418101328087	0.000127070011477	0.00155353336613	9.83767830792e-05	0.018019347434	1.22970978849e-05	7.78816199377e-05	0.000200852598787	0.00961633054599	0.000245941957698	8.1980652566e-05	0	0.000114772913592	0	3.68912936547e-05	0.0039391703558	0.00103705525496	0.00872274143302	0.00482456140351	0.00220937858665	0.000352516806034	0.000114772913592	0.00197983275947	4.50893589113e-05	0.00157402852927	0.00150434497459	0.00112723397278	0.000655845220528	2.86932283981e-05
0.0239137563535	0.000188555500902	0.00441465814068	0	0.0010288571897	0.000163961305132	0.00407443843253	0.0231021478931	0.0134284308903	0.000282833251353	0.00594769634366	0.00806689621249	0.00806279717987	0.00204131824889	0.0336735530415	0.0013321856042	0.000200852598787	0.00147155271356	0.00162731595343	0.00172159370389	0.00997294638465	0.00343908837514	5.73864567962e-05	0.00672651254304	0.00213149696672	0.000233644859813	0.00827184784391	0.00356615838662	0.0129365469749	0.0786235448434	0.0250983767831	2.04951631415e-05	0.00175028693228	0.0232497130677	0.038321856042	2.86932283981e-05	0.000573864567962	6.96835546811e-05	0	0.000209050664043	0.000127070011477	0.00356615838662	0.000327922610264	0.00203721921626	0.00216428922774	0.000762420068864	0.00202492211838	0.000536973274307	0.000840301688801	0.00014346614199	3.68912936547e-05	0.000184456468273	2.45941957698e-05	1.22970978849e-05	8.1980652566e-06	0.000340219708149	1.63961305132e-05	4.0990326283e-05	0.000262338088211	0.00261928184948	1.22970978849e-05	0.000172159370389	0.000213149696672	0.00130759140843	2.45941957698e-05	2.86932283981e-05	0	0.000278734218724	0	2.45941957698e-05	0.00669781931464	0.0032874241679	0.0182611903591	0.00997704541728	0.000787014264634	0.000426299393343	0.000828004590917	0.00106574848336	0.000122970978849	0.00435317265125	0.00458271847844	0.00302918511231	0.00142236432202	6.55845220528e-05
0.0161706837186	0.000155763239875	0.00566896212494	0	6.96835546811e-05	1.63961305132e-05	0.000643548122643	0.0137686505985	0.00467289719626	0.000766519101492	9.83767830792e-05	0.000196753566158	8.60796851943e-05	0.000237743892441	0.0113338252172	0.0018691588785	0.000418101328087	0.00644777832432	0.000856697819315	0.00444335136908	5.73864567962e-05	0.0189580259059	0.000668142318413	0.014071979013	0.00308247253648	3.27922610264e-05	0.0095015576324	0.00129939334317	0.0157976717495	0.0250983767831	0.064346614199	0	1.22970978849e-05	0.0163551401869	0.0165109034268	4.50893589113e-05	0.00045909165437	2.45941957698e-05	0	2.86932283981e-05	2.45941957698e-05	0.000393507132317	0.00045909165437	0.000373011969175	0.0019265453353	0.000118871946221	0.000147565174619	4.0990326283e-05	6.96835546811e-05	5.73864567962e-05	0	0.000229545827185	2.04951631415e-05	0	4.0990326283e-06	8.60796851943e-05	0.000102475815707	0.000340219708149	0.000262338088211	0.00127070011477	0	4.91883915396e-05	8.60796851943e-05	0.000832103623545	1.22970978849e-05	3.68912936547e-05	0	2.86932283981e-05	0	4.0990326283e-06	0.00281193638301	0.00104935235284	0.00788243974422	0.00299639285129	0.000672241351041	0.000229545827185	7.78816199377e-05	0.00104935235284	3.27922610264e-05	0.000414002295458	0.000418101328087	0.000340219708149	0.000159862272504	1.22970978849e-05
0	3.68912936547e-05	0	0	0	0	4.0990326283e-06	8.1980652566e-06	4.0990326283e-06	0	4.0990326283e-06	0.000557468437449	4.0990326283e-06	0.00376291195278	0	0	1.63961305132e-05	0	8.60796851943e-05	0	4.0990326283e-06	4.0990326283e-06	4.0990326283e-06	1.63961305132e-05	4.0990326283e-06	0.00191834727004	0.00408263649779	0.000741924905722	8.1980652566e-06	2.04951631415e-05	0	0.00530824725365	0	0	8.60796851943e-05	0	2.86932283981e-05	0	0	0	0	0	0	0	0	0	0.000315625512379	0	0.00172159370389	0	0	0	0	3.68912936547e-05	0	0	0	0	0	0	0.000352516806034	0.00213149696672	0.000454992621741	0	0	0	0.000557468437449	0	0	0	0.000102475815707	0.000221347761928	0.000114772913592	1.22970978849e-05	0	0	2.04951631415e-05	8.1980652566e-06	0.000799311362518	2.04951631415e-05	0	0	0	7.37825873094e-05
