0.0202785099758	1.67625624929e-05	5.4478328102e-05	0	0.00015505370306	0	0.00193607596793	0.00577051213819	0.00582079982567	0.000381348296714	0.00152539318686	2.09532031162e-05	0.000595070968499	8.38128124646e-06	0.00797478910601	4.60970468556e-05	0.000268200999887	5.02876874788e-05	0	1.67625624929e-05	0.000473542390425	0.000808793640284	0.000180197546799	0.000486114312295	0.00107280399955	4.19064062323e-06	3.35251249859e-05	5.86689687252e-05	0.00194026660856	0.0082262275434	0.00575794021632	0	1.67625624929e-05	0.00110632912453	0.00168882817116	4.19064062323e-06	1.67625624929e-05	4.19064062323e-06	0	0	0	0	4.60970468556e-05	0	0.000167625624929	4.19064062323e-06	0	0	0	0	0	1.67625624929e-05	8.38128124646e-06	0	0	0	8.38128124646e-06	8.38128124646e-05	1.25719218697e-05	7.96221718414e-05	0	0	4.19064062323e-06	2.51438437394e-05	0	0	0	0	0	4.19064062323e-06	0.000871653249632	0.000121528578074	0.000888415812125	0.000238866515524	0.000251438437394	5.4478328102e-05	8.38128124646e-06	1.25719218697e-05	4.19064062323e-06	4.19064062323e-06	4.19064062323e-06	0	0	0
1.67625624929e-05	0.0170642886178	0.00228389913966	0	0	4.19064062323e-06	1.25719218697e-05	1.25719218697e-05	1.67625624929e-05	2.93344843626e-05	0	0.000184388187422	0	9.63847343343e-05	8.38128124646e-06	0	0.000150863062436	0.000926131577734	2.51438437394e-05	0.000574117765383	0	0.000276582281133	0.00195702917105	0.00116918873388	5.86689687252e-05	0.000653739937224	0.00491562145105	0.00820527434029	5.86689687252e-05	3.77157656091e-05	0.000163434984306	4.19064062323e-06	4.19064062323e-06	8.38128124646e-06	0.00102251631207	0	0.00462227660742	0.000469351749802	0	0	0	0	8.38128124646e-06	0	0	0	0.000108956656204	0	5.02876874788e-05	0	0	3.77157656091e-05	0.000431635984193	2.51438437394e-05	0.000289154203003	0	4.60970468556e-05	0.000251438437394	0.000146672421813	0	0.000775268515298	0.000775268515298	0.00214979863972	0	4.19064062323e-06	1.25719218697e-05	4.19064062323e-06	0	4.19064062323e-06	0.000213722671785	0.000452589187309	0.00123623898385	0.000745934030935	0.00028496356238	1.25719218697e-05	4.19064062323e-06	1.25719218697e-05	0.00012990985932	0.000796221718414	0.000230485234278	0.000104766015581	1.67625624929e-05	8.38128124646e-06	4.19064062323e-06
5.4478328102e-05	0.00228389913966	0.0290243769565	0	0	4.19064062323e-06	8.38128124646e-06	5.4478328102e-05	1.67625624929e-05	3.77157656091e-05	0	0.000125719218697	0	5.02876874788e-05	4.19064062323e-05	0	0.000494495593541	0.00478990223235	2.09532031162e-05	0.000783649796544	8.38128124646e-06	0.00217494248346	0.0012990985932	0.0105604143705	0.000113147296827	8.38128124646e-05	0.00725818955944	0.00893444580873	0.000163434984306	0.000192769468669	0.00109794784329	4.19064062323e-06	0	6.28596093485e-05	0.00368357310782	0	0.00112309168703	0.000150863062436	0	0	0	0	4.19064062323e-06	0	4.19064062323e-06	0	2.09532031162e-05	0	8.38128124646e-06	0	0	2.93344843626e-05	0.000108956656204	0	6.28596093485e-05	0	1.67625624929e-05	0.000222103953031	5.4478328102e-05	4.19064062323e-06	7.96221718414e-05	0.000125719218697	0.000511258156034	8.38128124646e-06	0	0	0	0	0	4.19064062323e-05	0.00194445724918	0.00298792676436	0.00264848487388	0.00104346951518	8.38128124646e-05	3.77157656091e-05	8.38128124646e-06	8.38128124646e-05	0.000188578828045	7.12408905949e-05	4.19064062323e-05	1.25719218697e-05	0	4.19064062323e-06
0	0	0	0	0	0	0	0	0	0	0	0	0	0	0	0	0	0	0	0	0	0	0	0	0	0	0	0	0	0	0	0	0	0	0	0	0	0	0	0	0	0	0	0	0	0	0	0	0	0	0	0	0	0	0	0	0	0	0	0	0	0	0	0	0	0	0	0	0	0	0	0	0	0	0	0	0	0	0	0	0	0	0	0
0.00015505370306	0	0	0	0.012412677526	4.19064062323e-06	0.00027239164051	0.00133681435881	0.000230485234278	0.000138291140567	0.00135776756193	0	0.00232161490527	0	0.000104766015581	8.38128124646e-06	1.25719218697e-05	4.19064062323e-06	0	0	0.0042576908732	1.25719218697e-05	1.25719218697e-05	1.67625624929e-05	0.00537240127898	0	4.19064062323e-06	0	0.00381767360776	7.12408905949e-05	0.000108956656204	0	0	4.19064062323e-06	3.77157656091e-05	0	0	0	0	0.00106861335892	0	2.51438437394e-05	2.09532031162e-05	4.19064062323e-06	3.77157656091e-05	0.000100575374958	0	0.000104766015581	0	0	4.19064062323e-06	0	0	0	0	0.000297535484249	0	4.19064062323e-06	0	0.000343632531105	0	0	0	0.000293344843626	0	0	0	0	0	0	3.35251249859e-05	0	1.67625624929e-05	4.19064062323e-06	2.51438437394e-05	0	0	0	0	0	0	0	0	0
0	4.19064062323e-06	4.19064062323e-06	0	4.19064062323e-06	0.00298792676436	0.000951275421474	4.19064062323e-06	0.000691455702833	4.19064062323e-06	8.38128124646e-06	5.02876874788e-05	4.19064062323e-06	0	0.000343632531105	0.000289154203003	0	4.19064062323e-06	0	0	8.38128124646e-06	0	0	1.67625624929e-05	0	0	4.19064062323e-06	0	8.38128124646e-06	0.000406492140454	4.19064062323e-06	0	0.00152958382748	0	0.000289154203003	0	0	0	0	0	0	0	0	0	0	0	0	0	0	0	0	0	0	0	0	0	0	0	0	0	0	4.19064062323e-06	0	0	0	0	0	0	0	4.19064062323e-06	5.02876874788e-05	2.09532031162e-05	7.54315312182e-05	1.25719218697e-05	0.00053221135915	0.000750124671559	0	0	4.19064062323e-06	8.38128124646e-06	4.19064062323e-06	0	0	0
0.00193607596793	1.25719218697e-05	8.38128124646e-06	0	0.00027239164051	0.000951275421474	0.038884954343	0.00246409668646	0.0170810511803	0.000104766015581	0.00948341973037	5.86689687252e-05	0.00668826243468	4.19064062323e-06	0.0053933544821	0.000917750296488	5.86689687252e-05	1.67625624929e-05	8.38128124646e-06	4.19064062323e-06	0.00185645379609	0.000125719218697	3.35251249859e-05	7.12408905949e-05	0.000565736484136	4.19064062323e-06	2.51438437394e-05	8.38128124646e-06	0.000921940937111	0.00428702535757	0.00068726506221	0	0.00189836020232	0.000209532031162	0.00199893557728	0	4.19064062323e-06	0	0	0	0	0	4.19064062323e-06	0	2.09532031162e-05	0	0	0	0	0	0	0	0	0	0	0	0	8.38128124646e-06	4.19064062323e-06	8.38128124646e-06	0	0	0	4.19064062323e-06	0	0	0	0	0	0	0.000398110859207	3.77157656091e-05	0.00108537592142	0.000176006906176	0.000716599546573	0.000775268515298	8.38128124646e-06	0	0	0	0	0	0	0
0.00577051213819	1.25719218697e-05	5.4478328102e-05	0	0.00133681435881	4.19064062323e-06	0.00246409668646	0.0366974399376	0.00323098392051	0.00107280399955	0.00831004035587	1.67625624929e-05	0.00191512276482	4.19064062323e-06	0.00306335829558	2.93344843626e-05	0.000465161109179	5.4478328102e-05	0	0	0.00217075184283	0.00134938628068	0.00028496356238	0.000528020718527	0.00484018991983	4.19064062323e-06	2.51438437394e-05	5.4478328102e-05	0.0140051209628	0.00249762181145	0.00917750296488	0	1.25719218697e-05	0.000528020718527	0.001190141937	4.19064062323e-06	8.38128124646e-06	8.38128124646e-06	0	8.38128124646e-06	0	8.38128124646e-06	9.21940937111e-05	4.19064062323e-06	0.000364585734221	4.19064062323e-06	0	2.09532031162e-05	0	1.25719218697e-05	4.19064062323e-06	2.09532031162e-05	0	0	0	0	2.09532031162e-05	0.000125719218697	3.35251249859e-05	0.000243057156147	0	0	8.38128124646e-06	0.00014248178119	0	8.38128124646e-06	0	0	4.19064062323e-06	8.38128124646e-06	0.000670502499717	0.000125719218697	0.000574117765383	0.000146672421813	0.000238866515524	1.67625624929e-05	4.19064062323e-06	2.09532031162e-05	4.19064062323e-06	8.38128124646e-06	0	8.38128124646e-06	0	0
0.00582079982567	1.67625624929e-05	1.67625624929e-05	0	0.000230485234278	0.000691455702833	0.0170810511803	0.00323098392051	0.0388262853742	0.000146672421813	0.00528858846652	6.70502499717e-05	0.00168044688992	8.38128124646e-06	0.0153461259623	0.000377157656091	0.000100575374958	1.67625624929e-05	0	8.38128124646e-06	0.00094708478085	0.000234675874901	3.77157656091e-05	0.000108956656204	0.000691455702833	8.38128124646e-06	2.09532031162e-05	8.38128124646e-06	0.0011189010464	0.00579146534131	0.00172235329615	0	0.00210789223349	0.000264010359264	0.00194445724918	0	0	0	0	0	0	0	1.25719218697e-05	0	6.28596093485e-05	0	0	0	0	0	0	4.19064062323e-06	0	0	0	0	4.19064062323e-06	2.51438437394e-05	4.19064062323e-06	3.35251249859e-05	0	0	0	1.67625624929e-05	0	0	0	0	0	0	0.00054478328102	5.02876874788e-05	0.000938703499604	0.000167625624929	0.000502876874788	0.000691455702833	1.25719218697e-05	0	4.19064062323e-06	4.19064062323e-06	4.19064062323e-06	0	0	0
0.000381348296714	2.93344843626e-05	3.77157656091e-05	0	0.000138291140567	4.19064062323e-06	0.000104766015581	0.00107280399955	0.000146672421813	0.0133513810256	0.000138291140567	0	0.00081717492153	0	0.000150863062436	0.000192769468669	0.00069983698408	2.93344843626e-05	0	0	0.000146672421813	0.000595070968499	0.00210789223349	0.000448398546686	0.00541849832584	0	1.25719218697e-05	0.000121528578074	0.00204084198351	0.000574117765383	0.00170978137428	0	0	0.000167625624929	0.000456779827932	6.28596093485e-05	1.25719218697e-05	1.25719218697e-05	0	2.93344843626e-05	0	1.25719218697e-05	0.00025981971864	8.38128124646e-06	0.00144158037439	5.02876874788e-05	4.19064062323e-06	2.51438437394e-05	0	2.09532031162e-05	4.19064062323e-06	0.000201150749915	0	0	0	4.19064062323e-06	9.63847343343e-05	0.000884225171502	0.000134100499943	0.00107280399955	0	0	3.35251249859e-05	0.000381348296714	2.51438437394e-05	5.4478328102e-05	0	0	2.93344843626e-05	7.54315312182e-05	0.000339441890482	7.12408905949e-05	0.000188578828045	3.77157656091e-05	0.000896797093372	4.19064062323e-06	0	5.86689687252e-05	2.09532031162e-05	3.35251249859e-05	1.25719218697e-05	2.09532031162e-05	8.38128124646e-06	0
0.00152539318686	0	0	0	0.00135776756193	8.38128124646e-06	0.00948341973037	0.00831004035587	0.00528858846652	0.000138291140567	0.0307886366589	0	0.00624405452862	0	0.00177264098363	6.28596093485e-05	2.93344843626e-05	4.19064062323e-06	0	0	0.00555259882578	9.21940937111e-05	1.25719218697e-05	2.09532031162e-05	0.00132424243694	0	0	0	0.00440017265439	0.000553164562267	0.000431635984193	0	0	0.000104766015581	0.000209532031162	0	0	0	0	0	0	0	0	0	4.60970468556e-05	0	0	0	0	0	0	0	0	0	0	0	0	8.38128124646e-06	0	3.35251249859e-05	0	0	0	4.19064062323e-06	0	0	0	0	4.19064062323e-06	4.19064062323e-06	9.63847343343e-05	0	0.000121528578074	2.09532031162e-05	7.12408905949e-05	4.19064062323e-06	0	0	0	0	0	0	0	0
2.09532031162e-05	0.000184388187422	0.000125719218697	0	0	5.02876874788e-05	5.86689687252e-05	1.67625624929e-05	6.70502499717e-05	0	0	0.0238950328337	0	0.00555259882578	5.86689687252e-05	0	8.38128124646e-06	0.000301726124873	0.00224618337405	0.00421159382635	0	3.35251249859e-05	4.19064062323e-06	7.96221718414e-05	4.19064062323e-06	0.00194445724918	0.00899730541808	0.00149186806187	8.38128124646e-06	0.000184388187422	2.93344843626e-05	0.00042744534357	0.000213722671785	1.25719218697e-05	0.0030843114987	0	9.63847343343e-05	0	0	0	0	0	0	0	0	0	0.000205341390538	0	0.000209532031162	0	0	0	1.67625624929e-05	1.67625624929e-05	7.54315312182e-05	0	0	0	0	0	0.000498686234165	0.000171816265553	0.000180197546799	0	0	0	1.67625624929e-05	0	0	2.51438437394e-05	0.000196960109292	0.00308850213932	0.00359137901411	0.00028496356238	2.51438437394e-05	5.86689687252e-05	0.000595070968499	0	0.00025981971864	4.19064062323e-05	8.38128124646e-06	0	0	2.09532031162e-05
0.000595070968499	0	0	0	0.00232161490527	4.19064062323e-06	0.00668826243468	0.00191512276482	0.00168044688992	0.00081717492153	0.00624405452862	0	0.027050585223	0	0.000616024171615	0.000624405452862	1.67625624929e-05	0	0	0	0.0107950902454	4.60970468556e-05	1.67625624929e-05	2.51438437394e-05	0.00224618337405	0	0	0	0.00136614884317	0.000335251249859	0.000184388187422	0	0	6.28596093485e-05	0.000167625624929	4.19064062323e-06	0	0	0	0.000213722671785	0	1.25719218697e-05	4.19064062323e-06	0	4.19064062323e-05	7.54315312182e-05	0	0.000628596093485	0	0	0	0	0	0	0	0.000737552749689	0	8.38128124646e-06	0	2.93344843626e-05	0	0	0	1.67625624929e-05	0	4.19064062323e-06	0	0	0	0	9.63847343343e-05	0	9.21940937111e-05	1.25719218697e-05	0.000754315312182	0	0	0	0	0	0	0	0	0
8.38128124646e-06	9.63847343343e-05	5.02876874788e-05	0	0	0	4.19064062323e-06	4.19064062323e-06	8.38128124646e-06	0	0	0.00555259882578	0	0.0173199176958	1.25719218697e-05	0	0	9.21940937111e-05	0.000385538937337	0.000548973921643	0	2.09532031162e-05	4.19064062323e-06	5.02876874788e-05	4.19064062323e-06	0.00480247415422	0.00502876874788	0.00249762181145	0	3.77157656091e-05	2.93344843626e-05	0.00108956656204	4.19064062323e-06	8.38128124646e-06	0.000628596093485	0	0.000100575374958	4.19064062323e-06	0	0	0	0	0	0	0	0	0.000234675874901	0	0.0004148734217	0	0	0	4.19064062323e-06	3.77157656091e-05	5.02876874788e-05	0	4.19064062323e-06	4.19064062323e-06	0	0	0.000599261609122	0.00015505370306	0.00011733793745	0	0	4.19064062323e-06	1.25719218697e-05	0	0	2.93344843626e-05	0.000314298046742	0.00173073457739	0.00132843307756	0.000389729577961	8.38128124646e-06	8.38128124646e-06	0.00105604143705	5.02876874788e-05	0.000289154203003	5.86689687252e-05	4.60970468556e-05	0	4.19064062323e-06	8.38128124646e-05
0.00797478910601	8.38128124646e-06	4.19064062323e-05	0	0.000104766015581	0.000343632531105	0.0053933544821	0.00306335829558	0.0153461259623	0.000150863062436	0.00177264098363	5.86689687252e-05	0.000616024171615	1.25719218697e-05	0.031899156424	0.000138291140567	0.000100575374958	2.09532031162e-05	0	4.19064062323e-06	0.000372967015468	0.000352013812351	7.12408905949e-05	0.000217913312408	0.000494495593541	8.38128124646e-06	8.38128124646e-06	1.25719218697e-05	0.000900987733995	0.012412677526	0.00213303607723	0	0.00205760454601	0.00120271385887	0.00248504988958	0	8.38128124646e-06	4.19064062323e-06	0	0	0	0	2.51438437394e-05	0	7.12408905949e-05	0	0	0	0	0	0	4.19064062323e-06	4.19064062323e-06	0	0	0	4.19064062323e-06	2.93344843626e-05	4.19064062323e-06	3.77157656091e-05	0	0	0	1.67625624929e-05	0	8.38128124646e-06	0	0	0	0	0.000833937484023	8.38128124646e-05	0.0012990985932	0.00027239164051	0.000448398546686	0.000507067515411	2.51438437394e-05	4.19064062323e-06	0	0	4.19064062323e-06	0	0	0
4.60970468556e-05	0	0	0	8.38128124646e-06	0.000289154203003	0.000917750296488	2.93344843626e-05	0.000377157656091	0.000192769468669	6.28596093485e-05	0	0.000624405452862	0	0.000138291140567	0.00359556965473	1.25719218697e-05	0	0	0	2.09532031162e-05	1.25719218697e-05	4.19064062323e-06	8.38128124646e-06	2.51438437394e-05	0	0	0	2.93344843626e-05	0.000113147296827	5.02876874788e-05	0	1.25719218697e-05	2.51438437394e-05	0.00011733793745	4.19064062323e-06	0	0	0	0	0	0	4.19064062323e-06	0	4.19064062323e-06	0	0	0	0	0	0	0	0	0	0	0	0	0	0	0	0	0	0	0	0	0	0	0	0	4.19064062323e-06	0.000180197546799	8.38128124646e-06	7.12408905949e-05	2.09532031162e-05	0.0018396912336	2.93344843626e-05	0	1.25719218697e-05	0	8.38128124646e-06	4.19064062323e-06	0	0	0
0.000268200999887	0.000150863062436	0.000494495593541	0	1.25719218697e-05	0	5.86689687252e-05	0.000465161109179	0.000100575374958	0.00069983698408	2.93344843626e-05	8.38128124646e-06	1.67625624929e-05	0	0.000100575374958	1.25719218697e-05	0.0190003645857	0.000163434984306	0	2.09532031162e-05	1.25719218697e-05	0.00377576720153	0.00446722290437	0.00660025898159	0.00577051213819	0	8.38128124646e-05	0.00366681054533	0.0033189873736	0.000486114312295	0.0022000863272	0	0	0.000180197546799	0.00124881090572	1.67625624929e-05	9.21940937111e-05	1.67625624929e-05	0	4.19064062323e-06	0	4.19064062323e-06	4.19064062323e-05	4.19064062323e-06	0.000113147296827	8.38128124646e-06	4.19064062323e-06	0	0	0	0	5.86689687252e-05	0	0	0	0	2.51438437394e-05	0.000460970468556	5.02876874788e-05	9.21940937111e-05	0	0	6.28596093485e-05	5.86689687252e-05	0	8.38128124646e-06	0	0	0	3.35251249859e-05	0.000884225171502	0.000364585734221	0.000704027624703	0.000318488687366	7.96221718414e-05	0	4.19064062323e-06	3.77157656091e-05	3.35251249859e-05	3.77157656091e-05	1.25719218697e-05	0	8.38128124646e-06	0
5.02876874788e-05	0.000926131577734	0.00478990223235	0	4.19064062323e-06	4.19064062323e-06	1.67625624929e-05	5.4478328102e-05	1.67625624929e-05	2.93344843626e-05	4.19064062323e-06	0.000301726124873	0	9.21940937111e-05	2.09532031162e-05	0	0.000163434984306	0.0205299484132	5.4478328102e-05	0.00320164943615	8.38128124646e-06	0.00190255084295	0.000335251249859	0.00643263335666	8.80034530879e-05	7.12408905949e-05	0.00709475457513	0.00205760454601	0.000121528578074	0.000138291140567	0.00097222862459	4.19064062323e-06	8.38128124646e-06	4.60970468556e-05	0.00576213085694	0	0.000435826624816	1.25719218697e-05	0	0	0	0	4.19064062323e-06	0	4.19064062323e-06	0	1.67625624929e-05	0	2.51438437394e-05	0	0	4.19064062323e-06	6.70502499717e-05	0	4.19064062323e-05	0	0	5.86689687252e-05	1.67625624929e-05	0	9.21940937111e-05	7.96221718414e-05	0.000205341390538	0	0	8.38128124646e-06	0	0	0	2.93344843626e-05	0.00145415229626	0.00231742426465	0.00283706370193	0.000917750296488	5.02876874788e-05	2.51438437394e-05	2.09532031162e-05	2.93344843626e-05	7.12408905949e-05	2.09532031162e-05	4.19064062323e-06	0	0	4.19064062323e-06
0	2.51438437394e-05	2.09532031162e-05	0	0	0	8.38128124646e-06	0	0	0	0	0.00224618337405	0	0.000385538937337	0	0	0	5.4478328102e-05	0.00530535102901	0.00247247796771	0	0	0	8.38128124646e-06	0	0.000213722671785	0.0032100307174	0.000326869968612	0	8.38128124646e-06	0	2.09532031162e-05	4.19064062323e-06	0	0.000146672421813	0	3.35251249859e-05	4.19064062323e-06	0	0	0	0	0	0	0	0	3.35251249859e-05	0	2.93344843626e-05	0	0	0	8.38128124646e-06	4.19064062323e-06	8.38128124646e-06	0	0	0	0	0	7.12408905949e-05	3.35251249859e-05	2.09532031162e-05	0	0	0	4.19064062323e-06	0	0	4.19064062323e-06	2.51438437394e-05	0.00027239164051	0.000247247796771	1.25719218697e-05	4.19064062323e-06	0	8.38128124646e-06	0	2.51438437394e-05	1.25719218697e-05	4.19064062323e-06	0	0	4.19064062323e-06
1.67625624929e-05	0.000574117765383	0.000783649796544	0	0	0	4.19064062323e-06	0	8.38128124646e-06	0	0	0.00421159382635	0	0.000548973921643	4.19064062323e-06	0	2.09532031162e-05	0.00320164943615	0.00247247796771	0.0186902571796	0	9.21940937111e-05	3.77157656091e-05	0.000431635984193	4.19064062323e-06	0.000553164562267	0.0116793154169	0.00190674148357	1.25719218697e-05	3.77157656091e-05	6.70502499717e-05	4.19064062323e-05	4.19064062323e-06	1.25719218697e-05	0.0032100307174	0	0.000356204452975	2.09532031162e-05	0	0	0	0	0	0	0	0	0.000125719218697	0	9.63847343343e-05	0	0	0	4.19064062323e-05	2.51438437394e-05	0.000121528578074	0	0	8.38128124646e-06	1.25719218697e-05	0	0.000356204452975	0.000180197546799	0.000234675874901	0	0	0	4.19064062323e-06	0	4.19064062323e-06	2.93344843626e-05	0.000460970468556	0.0018941695617	0.00225037401468	0.000481923671672	1.67625624929e-05	1.25719218697e-05	7.54315312182e-05	1.67625624929e-05	0.000150863062436	5.86689687252e-05	2.09532031162e-05	0	0	8.38128124646e-06
0.000473542390425	0	8.38128124646e-06	0	0.0042576908732	8.38128124646e-06	0.00185645379609	0.00217075184283	0.00094708478085	0.000146672421813	0.00555259882578	0	0.0107950902454	0	0.000372967015468	2.09532031162e-05	1.25719218697e-05	8.38128124646e-06	0	0	0.0206975740381	5.86689687252e-05	4.19064062323e-06	2.09532031162e-05	0.00206598582725	0	0	0	0.00313459918618	0.000243057156147	0.000222103953031	0	0	4.19064062323e-05	0.000121528578074	8.38128124646e-06	0	0	0	0.000205341390538	0	2.09532031162e-05	2.51438437394e-05	0	2.51438437394e-05	7.96221718414e-05	0	0.000310107406119	0	0	0	0	0	0	0	0.000624405452862	0	1.25719218697e-05	0	3.77157656091e-05	0	0	0	3.35251249859e-05	0	0	0	0	0	0	4.60970468556e-05	0	5.02876874788e-05	4.19064062323e-06	4.19064062323e-05	0	0	0	0	0	0	0	0	0
0.000808793640284	0.000276582281133	0.00217494248346	0	1.25719218697e-05	0	0.000125719218697	0.00134938628068	0.000234675874901	0.000595070968499	9.21940937111e-05	3.35251249859e-05	4.60970468556e-05	2.09532031162e-05	0.000352013812351	1.25719218697e-05	0.00377576720153	0.00190255084295	0	9.21940937111e-05	5.86689687252e-05	0.0422458481228	0.00168882817116	0.0196792483667	0.00226294593655	4.19064062323e-06	0.000389729577961	0.00171816265553	0.00628177029422	0.00216237056159	0.0186232069296	0	8.38128124646e-06	0.000502876874788	0.00745514966873	1.25719218697e-05	0.000205341390538	5.4478328102e-05	0	0	0	4.19064062323e-06	5.02876874788e-05	0	0.000134100499943	0	4.19064062323e-06	4.19064062323e-06	0	8.38128124646e-06	0	0.000121528578074	1.67625624929e-05	0	8.38128124646e-06	4.19064062323e-06	4.60970468556e-05	0.000507067515411	8.80034530879e-05	9.21940937111e-05	4.19064062323e-06	1.25719218697e-05	0.000134100499943	7.54315312182e-05	4.19064062323e-06	1.25719218697e-05	0	0	8.38128124646e-06	2.51438437394e-05	0.00295859228	0.00141643653065	0.00310945534244	0.0012446202651	0.000159244343683	4.60970468556e-05	1.67625624929e-05	4.19064062323e-05	4.19064062323e-05	3.35251249859e-05	1.25719218697e-05	1.67625624929e-05	8.38128124646e-06	4.19064062323e-06
0.000180197546799	0.00195702917105	0.0012990985932	0	1.25719218697e-05	0	3.35251249859e-05	0.00028496356238	3.77157656091e-05	0.00210789223349	1.25719218697e-05	4.19064062323e-06	1.67625624929e-05	4.19064062323e-06	7.12408905949e-05	4.19064062323e-06	0.00446722290437	0.000335251249859	0	3.77157656091e-05	4.19064062323e-06	0.00168882817116	0.0190338897107	0.00361652285785	0.00257724398329	1.25719218697e-05	0.000297535484249	0.00507905643536	0.00121528578074	0.000456779827932	0.00180197546799	0	0	0.000159244343683	0.00153796510873	2.51438437394e-05	0.00109375720266	0.000280772921757	0	4.19064062323e-06	0	4.19064062323e-06	9.63847343343e-05	4.19064062323e-06	0.000205341390538	1.67625624929e-05	4.19064062323e-06	4.19064062323e-06	4.19064062323e-06	1.25719218697e-05	0	0.00025981971864	7.96221718414e-05	0	0	0	0.00014248178119	0.00212046415536	0.000339441890482	0.000196960109292	4.19064062323e-06	2.09532031162e-05	0.000624405452862	0.00012990985932	8.38128124646e-06	4.60970468556e-05	0	0	1.67625624929e-05	0.00015505370306	0.00112309168703	0.000779459155921	0.000976419265213	0.000410682781077	8.38128124646e-05	1.25719218697e-05	1.25719218697e-05	0.000125719218697	0.000167625624929	9.21940937111e-05	5.86689687252e-05	1.67625624929e-05	0	0
0.000486114312295	0.00116918873388	0.0105604143705	0	1.67625624929e-05	1.67625624929e-05	7.12408905949e-05	0.000528020718527	0.000108956656204	0.000448398546686	2.09532031162e-05	7.96221718414e-05	2.51438437394e-05	5.02876874788e-05	0.000217913312408	8.38128124646e-06	0.00660025898159	0.00643263335666	8.38128124646e-06	0.000431635984193	2.09532031162e-05	0.0196792483667	0.00361652285785	0.0571393848978	0.00122785770261	1.25719218697e-05	0.00169720945241	0.00932417538669	0.00195283853043	0.0010644227183	0.00779878219983	0	1.67625624929e-05	0.000343632531105	0.00965942663655	0	0.00081717492153	0.000121528578074	0	0	0	0	2.93344843626e-05	4.19064062323e-06	7.54315312182e-05	0	4.19064062323e-06	4.19064062323e-06	1.25719218697e-05	0	0	0.000125719218697	5.86689687252e-05	0	2.93344843626e-05	0	5.86689687252e-05	0.000792031077791	0.000163434984306	3.35251249859e-05	2.93344843626e-05	3.77157656091e-05	0.000473542390425	4.60970468556e-05	0	2.93344843626e-05	0	0	0	5.4478328102e-05	0.00505391259162	0.00354947260788	0.00538078256023	0.00227970849904	0.000251438437394	7.54315312182e-05	5.4478328102e-05	0.000159244343683	0.00014248178119	0.000100575374958	5.4478328102e-05	2.93344843626e-05	2.09532031162e-05	4.19064062323e-06
0.00107280399955	5.86689687252e-05	0.000113147296827	0	0.00537240127898	0	0.000565736484136	0.00484018991983	0.000691455702833	0.00541849832584	0.00132424243694	4.19064062323e-06	0.00224618337405	4.19064062323e-06	0.000494495593541	2.51438437394e-05	0.00577051213819	8.80034530879e-05	0	4.19064062323e-06	0.00206598582725	0.00226294593655	0.00257724398329	0.00122785770261	0.0349415615165	0	5.4478328102e-05	0.000314298046742	0.0142020810721	0.00127814539009	0.00440436329502	0	4.19064062323e-06	0.000352013812351	0.00112309168703	3.77157656091e-05	4.19064062323e-06	1.67625624929e-05	0	4.19064062323e-06	0	1.25719218697e-05	0.000180197546799	4.19064062323e-06	0.000616024171615	2.51438437394e-05	4.19064062323e-06	5.4478328102e-05	0	1.25719218697e-05	4.19064062323e-06	8.80034530879e-05	0	0	0	0	5.86689687252e-05	0.000444207906063	8.80034530879e-05	0.000616024171615	0	0	8.38128124646e-06	0.000238866515524	1.25719218697e-05	4.60970468556e-05	0	0	1.25719218697e-05	3.35251249859e-05	0.000657930577847	0.00012990985932	0.000477733031048	0.000138291140567	0.000230485234278	8.38128124646e-06	4.19064062323e-06	1.67625624929e-05	2.09532031162e-05	1.67625624929e-05	8.38128124646e-06	0	8.38128124646e-06	0
4.19064062323e-06	0.000653739937224	8.38128124646e-05	0	0	0	4.19064062323e-06	4.19064062323e-06	8.38128124646e-06	0	0	0.00194445724918	0	0.00480247415422	8.38128124646e-06	0	0	7.12408905949e-05	0.000213722671785	0.000553164562267	0	4.19064062323e-06	1.25719218697e-05	1.25719218697e-05	0	0.0118217971981	0.00327289032674	0.00375062335779	0	1.25719218697e-05	4.19064062323e-06	9.63847343343e-05	0	0	0.000297535484249	0	0.000209532031162	4.19064062323e-06	0	0	0	0	0	0	0	0	0.000465161109179	0	0.000481923671672	0	0	0	2.51438437394e-05	4.19064062323e-05	0.000138291140567	0	0	4.19064062323e-06	0	0	0.00153796510873	0.000310107406119	0.000364585734221	0	0	0	3.35251249859e-05	0	0	6.70502499717e-05	3.35251249859e-05	0.00113147296827	0.000469351749802	4.60970468556e-05	0	0	0.000385538937337	4.19064062323e-06	0.000620214812238	9.21940937111e-05	8.38128124646e-06	0	0	7.96221718414e-05
3.35251249859e-05	0.00491562145105	0.00725818955944	0	4.19064062323e-06	4.19064062323e-06	2.51438437394e-05	2.51438437394e-05	2.09532031162e-05	1.25719218697e-05	0	0.00899730541808	0	0.00502876874788	8.38128124646e-06	0	8.38128124646e-05	0.00709475457513	0.0032100307174	0.0116793154169	0	0.000389729577961	0.000297535484249	0.00169720945241	5.4478328102e-05	0.00327289032674	0.0653069434724	0.0182460492736	4.19064062323e-05	0.000100575374958	0.000276582281133	0.00123204834323	4.19064062323e-06	4.60970468556e-05	0.00471028006051	0	0.00227132721779	9.63847343343e-05	0	0	0	0	0	0	0	0	0.00042744534357	0	0.000385538937337	0	0	8.38128124646e-06	0.000230485234278	7.96221718414e-05	0.000389729577961	0	4.19064062323e-06	7.96221718414e-05	2.93344843626e-05	0	0.00169301881179	0.000875843890256	0.00133681435881	0	0	0	2.09532031162e-05	0	0	0.000171816265553	0.00131167051507	0.00522572885717	0.00413616229513	0.00111051976516	5.4478328102e-05	4.19064062323e-05	0.000138291140567	5.4478328102e-05	0.000758505952805	0.000222103953031	5.4478328102e-05	1.25719218697e-05	8.38128124646e-06	1.67625624929e-05
5.86689687252e-05	0.00820527434029	0.00893444580873	0	0	0	8.38128124646e-06	5.4478328102e-05	8.38128124646e-06	0.000121528578074	0	0.00149186806187	0	0.00249762181145	1.25719218697e-05	0	0.00366681054533	0.00205760454601	0.000326869968612	0.00190674148357	0	0.00171816265553	0.00507905643536	0.00932417538669	0.000314298046742	0.00375062335779	0.0182460492736	0.0611330654117	0.000339441890482	0.000113147296827	0.000775268515298	0.000389729577961	0	5.4478328102e-05	0.00292506715502	0	0.00234675874901	0.000305916765496	0	0	0	0	4.19064062323e-06	0	1.25719218697e-05	0	0.000104766015581	0	0.00012990985932	0	0	5.02876874788e-05	0.000226294593655	2.09532031162e-05	0.000226294593655	0	3.77157656091e-05	0.000456779827932	0.000104766015581	0	0.000771077874675	0.000473542390425	0.00142062717128	1.25719218697e-05	4.19064062323e-06	8.38128124646e-06	8.38128124646e-06	0	0	0.000134100499943	0.00171816265553	0.00295021099876	0.00244733412397	0.000980609905836	5.86689687252e-05	4.19064062323e-05	1.67625624929e-05	0.000125719218697	0.000444207906063	0.000196960109292	7.12408905949e-05	1.67625624929e-05	1.25719218697e-05	8.38128124646e-06
0.00194026660856	5.86689687252e-05	0.000163434984306	0	0.00381767360776	8.38128124646e-06	0.000921940937111	0.0140051209628	0.0011189010464	0.00204084198351	0.00440017265439	8.38128124646e-06	0.00136614884317	0	0.000900987733995	2.93344843626e-05	0.0033189873736	0.000121528578074	0	1.25719218697e-05	0.00313459918618	0.00628177029422	0.00121528578074	0.00195283853043	0.0142020810721	0	4.19064062323e-05	0.000339441890482	0.0422668013259	0.00203665134289	0.0106148926986	0	8.38128124646e-06	0.000595070968499	0.001768450343	3.35251249859e-05	1.67625624929e-05	8.38128124646e-06	0	1.25719218697e-05	0	4.19064062323e-06	0.000113147296827	8.38128124646e-06	0.000523830077904	3.35251249859e-05	4.19064062323e-06	1.67625624929e-05	0	2.09532031162e-05	8.38128124646e-06	0.000121528578074	0	0	0	4.19064062323e-06	5.4478328102e-05	0.000393920218584	9.21940937111e-05	0.000381348296714	0	0	1.25719218697e-05	0.000184388187422	1.25719218697e-05	2.93344843626e-05	0	0	8.38128124646e-06	1.25719218697e-05	0.000942894140227	0.000167625624929	0.000712408905949	0.000234675874901	0.000192769468669	1.25719218697e-05	4.19064062323e-06	2.51438437394e-05	4.19064062323e-06	8.38128124646e-06	8.38128124646e-06	1.67625624929e-05	0	0
0.0082262275434	3.77157656091e-05	0.000192769468669	0	7.12408905949e-05	0.000406492140454	0.00428702535757	0.00249762181145	0.00579146534131	0.000574117765383	0.000553164562267	0.000184388187422	0.000335251249859	3.77157656091e-05	0.012412677526	0.000113147296827	0.000486114312295	0.000138291140567	8.38128124646e-06	3.77157656091e-05	0.000243057156147	0.00216237056159	0.000456779827932	0.0010644227183	0.00127814539009	1.25719218697e-05	0.000100575374958	0.000113147296827	0.00203665134289	0.0382479769682	0.0116709341357	0	0.00218751440533	0.00462227660742	0.00850280982454	1.67625624929e-05	1.67625624929e-05	8.38128124646e-06	0	0	0	4.19064062323e-06	5.86689687252e-05	0	0.000163434984306	4.19064062323e-06	4.19064062323e-06	4.19064062323e-06	0	4.19064062323e-06	0	2.09532031162e-05	1.67625624929e-05	0	0	0	8.38128124646e-06	0.000159244343683	2.51438437394e-05	9.63847343343e-05	0	0	4.19064062323e-06	4.60970468556e-05	8.38128124646e-06	1.25719218697e-05	0	0	8.38128124646e-06	1.67625624929e-05	0.00264010359264	0.000326869968612	0.00390148642023	0.000875843890256	0.000896797093372	0.000875843890256	4.60970468556e-05	2.51438437394e-05	1.25719218697e-05	1.67625624929e-05	8.38128124646e-06	0	4.19064062323e-06	0
0.00575794021632	0.000163434984306	0.00109794784329	0	0.000108956656204	4.19064062323e-06	0.00068726506221	0.00917750296488	0.00172235329615	0.00170978137428	0.000431635984193	2.93344843626e-05	0.000184388187422	2.93344843626e-05	0.00213303607723	5.02876874788e-05	0.0022000863272	0.00097222862459	0	6.70502499717e-05	0.000222103953031	0.0186232069296	0.00180197546799	0.00779878219983	0.00440436329502	4.19064062323e-06	0.000276582281133	0.000775268515298	0.0106148926986	0.0116709341357	0.0517376491344	0	1.25719218697e-05	0.002380283874	0.00953370741785	1.67625624929e-05	7.96221718414e-05	2.93344843626e-05	0	0	0	8.38128124646e-06	0.000108956656204	0	0.000452589187309	1.25719218697e-05	4.19064062323e-06	4.19064062323e-06	0	1.25719218697e-05	0	0.000138291140567	1.67625624929e-05	0	0	4.19064062323e-06	5.4478328102e-05	0.000691455702833	0.000121528578074	0.000264010359264	0	8.38128124646e-06	6.70502499717e-05	0.000150863062436	1.25719218697e-05	1.67625624929e-05	0	0	1.67625624929e-05	3.35251249859e-05	0.00398948987332	0.00102670695269	0.00343213467043	0.00115242617139	0.000419064062323	0.000104766015581	1.67625624929e-05	4.19064062323e-05	5.02876874788e-05	2.09532031162e-05	2.09532031162e-05	1.67625624929e-05	4.19064062323e-06	0
0	4.19064062323e-06	4.19064062323e-06	0	0	0	0	0	0	0	0	0.00042744534357	0	0.00108956656204	0	0	0	4.19064062323e-06	2.09532031162e-05	4.19064062323e-05	0	0	0	0	0	9.63847343343e-05	0.00123204834323	0.000389729577961	0	0	0	0.00168044688992	0	0	1.67625624929e-05	0	0	0	0	0	0	0	0	0	0	0	4.19064062323e-06	0	0	0	0	0	4.19064062323e-06	0	4.19064062323e-06	0	0	0	0	0	8.38128124646e-06	4.19064062323e-06	4.19064062323e-06	0	0	0	0	0	0	0	0	6.70502499717e-05	2.09532031162e-05	0	0	0	8.38128124646e-06	0	8.38128124646e-06	0	0	0	0	0
1.67625624929e-05	4.19064062323e-06	0	0	0	0.00152958382748	0.00189836020232	1.25719218697e-05	0.00210789223349	0	0	0.000213722671785	0	4.19064062323e-06	0.00205760454601	1.25719218697e-05	0	8.38128124646e-06	4.19064062323e-06	4.19064062323e-06	0	8.38128124646e-06	0	1.67625624929e-05	4.19064062323e-06	0	4.19064062323e-06	0	8.38128124646e-06	0.00218751440533	1.25719218697e-05	0	0.00553164562267	0	0.000863271968386	0	0	0	0	0	0	0	0	0	0	0	0	0	0	0	0	0	0	0	0	0	0	0	0	0	0	0	0	0	0	0	0	0	0	0	2.93344843626e-05	1.25719218697e-05	0.000180197546799	2.93344843626e-05	0.000192769468669	0.000926131577734	0	0	0	0	0	0	0	0
0.00110632912453	8.38128124646e-06	6.28596093485e-05	0	4.19064062323e-06	0	0.000209532031162	0.000528020718527	0.000264010359264	0.000167625624929	0.000104766015581	1.25719218697e-05	6.28596093485e-05	8.38128124646e-06	0.00120271385887	2.51438437394e-05	0.000180197546799	4.60970468556e-05	0	1.25719218697e-05	4.19064062323e-05	0.000502876874788	0.000159244343683	0.000343632531105	0.000352013812351	0	4.60970468556e-05	5.4478328102e-05	0.000595070968499	0.00462227660742	0.002380283874	0	0	0.00639910823168	0.00331060609235	0	4.19064062323e-06	4.19064062323e-06	0	0	0	0	0	0	6.70502499717e-05	0	0	0	0	0	0	1.25719218697e-05	0	0	0	0	8.38128124646e-06	5.02876874788e-05	1.25719218697e-05	1.67625624929e-05	0	0	4.19064062323e-06	8.38128124646e-06	0	8.38128124646e-06	0	0	0	0	0.00126138282759	0.00014248178119	0.0012446202651	0.000347823171728	0.000171816265553	6.70502499717e-05	4.19064062323e-06	8.38128124646e-06	4.19064062323e-06	0	0	0	0	0
0.00168882817116	0.00102251631207	0.00368357310782	0	3.77157656091e-05	0.000289154203003	0.00199893557728	0.001190141937	0.00194445724918	0.000456779827932	0.000209532031162	0.0030843114987	0.000167625624929	0.000628596093485	0.00248504988958	0.00011733793745	0.00124881090572	0.00576213085694	0.000146672421813	0.0032100307174	0.000121528578074	0.00745514966873	0.00153796510873	0.00965942663655	0.00112309168703	0.000297535484249	0.00471028006051	0.00292506715502	0.001768450343	0.00850280982454	0.00953370741785	1.67625624929e-05	0.000863271968386	0.00331060609235	0.0481001730735	0	0.000553164562267	6.70502499717e-05	0	0	0	4.19064062323e-06	2.51438437394e-05	4.19064062323e-06	0.00011733793745	0	5.86689687252e-05	0	5.86689687252e-05	8.38128124646e-06	4.19064062323e-06	7.12408905949e-05	4.60970468556e-05	1.25719218697e-05	4.60970468556e-05	0	4.60970468556e-05	0.0004148734217	0.000108956656204	6.28596093485e-05	0.000150863062436	9.63847343343e-05	0.000293344843626	4.60970468556e-05	1.25719218697e-05	1.25719218697e-05	8.38128124646e-06	0	8.38128124646e-06	8.80034530879e-05	0.00993181827706	0.00535144807587	0.0222313485062	0.00598004416935	0.00133262371819	0.0010644227183	0.00028496356238	0.000192769468669	0.000234675874901	0.000125719218697	7.12408905949e-05	1.25719218697e-05	1.25719218697e-05	8.38128124646e-06
4.19064062323e-06	0	0	0	0	0	0	4.19064062323e-06	0	6.28596093485e-05	0	0	4.19064062323e-06	0	0	4.19064062323e-06	1.67625624929e-05	0	0	0	8.38128124646e-06	1.25719218697e-05	2.51438437394e-05	0	3.77157656091e-05	0	0	0	3.35251249859e-05	1.67625624929e-05	1.67625624929e-05	0	0	0	0	0.0184178655391	8.38128124646e-06	7.54315312182e-05	0	8.38128124646e-05	1.67625624929e-05	0.00110213848391	0.00559031459139	0.00240542771774	0.00015505370306	0.00120690449949	4.60970468556e-05	0.000356204452975	4.19064062323e-06	0.00810888960595	0.000389729577961	0.00025981971864	2.09532031162e-05	0	4.19064062323e-06	0.000125719218697	0.000360395093598	0.000347823171728	0.000368776374844	0.000854890687139	4.19064062323e-06	4.19064062323e-06	7.96221718414e-05	0.00097222862459	0.00706961073139	0.00213303607723	0	1.25719218697e-05	0.00115242617139	0.00227551785842	1.25719218697e-05	4.19064062323e-06	4.19064062323e-06	4.19064062323e-06	0	0	0	0.000875843890256	0.000222103953031	0.000993181827706	0.000314298046742	0.00116499809326	0.000176006906176	0
1.67625624929e-05	0.00462227660742	0.00112309168703	0	0	0	4.19064062323e-06	8.38128124646e-06	0	1.25719218697e-05	0	9.63847343343e-05	0	0.000100575374958	8.38128124646e-06	0	9.21940937111e-05	0.000435826624816	3.35251249859e-05	0.000356204452975	0	0.000205341390538	0.00109375720266	0.00081717492153	4.19064062323e-06	0.000209532031162	0.00227132721779	0.00234675874901	1.67625624929e-05	1.67625624929e-05	7.96221718414e-05	0	0	4.19064062323e-06	0.000553164562267	8.38128124646e-06	0.0247080171146	0.0021288454366	0	0	4.19064062323e-06	8.38128124646e-06	3.77157656091e-05	8.38128124646e-06	8.38128124646e-06	0	0.000381348296714	0	0.000264010359264	4.19064062323e-06	0	0.000339441890482	0.00179778482737	5.02876874788e-05	0.00117757001513	0	0.000310107406119	0.00313459918618	0.00101413503082	2.93344843626e-05	0.00314717110805	0.00303821445184	0.0121780016511	5.02876874788e-05	2.51438437394e-05	0.000104766015581	8.38128124646e-06	0	1.25719218697e-05	0.00105604143705	0.000318488687366	0.00094708478085	0.000456779827932	0.000192769468669	4.19064062323e-06	8.38128124646e-06	8.38128124646e-06	0.000783649796544	0.00278258537383	0.00123623898385	0.000523830077904	5.86689687252e-05	6.28596093485e-05	1.67625624929e-05
4.19064062323e-06	0.000469351749802	0.000150863062436	0	0	0	0	8.38128124646e-06	0	1.25719218697e-05	0	0	0	4.19064062323e-06	4.19064062323e-06	0	1.67625624929e-05	1.25719218697e-05	4.19064062323e-06	2.09532031162e-05	0	5.4478328102e-05	0.000280772921757	0.000121528578074	1.67625624929e-05	4.19064062323e-06	9.63847343343e-05	0.000305916765496	8.38128124646e-06	8.38128124646e-06	2.93344843626e-05	0	0	4.19064062323e-06	6.70502499717e-05	7.54315312182e-05	0.0021288454366	0.0337095131733	0	4.19064062323e-06	0	1.25719218697e-05	0.000444207906063	2.09532031162e-05	3.77157656091e-05	2.93344843626e-05	0.000150863062436	8.38128124646e-06	2.09532031162e-05	3.77157656091e-05	4.19064062323e-06	0.000825556202777	0.00358718837349	0	0.000393920218584	4.19064062323e-06	0.00274486960822	0.00149605870249	0.0108411872923	0.000125719218697	8.38128124646e-05	0.00297116420187	0.0127730726196	0.000352013812351	7.12408905949e-05	0.000796221718414	0	0	5.02876874788e-05	0.00229647106153	7.96221718414e-05	0.00011733793745	7.12408905949e-05	4.60970468556e-05	8.38128124646e-06	0	8.38128124646e-06	0.00227970849904	0.00344889723292	0.00267781935825	0.00134938628068	0.000255629078017	0.00014248178119	8.38128124646e-06
0	0	0	0	0	0	0	0	0	0	0	0	0	0	0	0	0	0	0	0	0	0	0	0	0	0	0	0	0	0	0	0	0	0	0	0	0	0	0	0	0	0	0	0	0	0	0	0	0	0	0	0	0	0	0	0	0	0	0	0	0	0	0	0	0	0	0	0	0	0	0	0	0	0	0	0	0	0	0	0	0	0	0	0
0	0	0	0	0.00106861335892	0	0	8.38128124646e-06	0	2.93344843626e-05	0	0	0.000213722671785	0	0	0	4.19064062323e-06	0	0	0	0.000205341390538	0	4.19064062323e-06	0	4.19064062323e-06	0	0	0	1.25719218697e-05	0	0	0	0	0	0	8.38128124646e-05	0	4.19064062323e-06	0	0.0176342157426	0	0.000867462609009	0.000771077874675	4.60970468556e-05	0.000134100499943	0.00744676838748	4.19064062323e-06	0.0024347622021	0	5.4478328102e-05	3.35251249859e-05	2.09532031162e-05	0	0	0	0.00732523980941	8.38128124646e-06	3.35251249859e-05	2.93344843626e-05	0.00592556584125	0	0	4.19064062323e-06	0.00667569051281	5.02876874788e-05	8.38128124646e-06	0	0	2.09532031162e-05	2.93344843626e-05	0	0	0	0	0	0	0	2.51438437394e-05	0	1.67625624929e-05	4.19064062323e-06	4.19064062323e-05	0	0
0	0	0	0	0	0	0	0	0	0	0	0	0	0	0	0	0	0	0	0	0	0	0	0	0	0	0	0	0	0	0	0	0	0	0	1.67625624929e-05	4.19064062323e-06	0	0	0	0.00344051595167	0.00213722671785	4.19064062323e-06	0.000804602999661	4.19064062323e-06	8.38128124646e-06	2.09532031162e-05	4.19064062323e-06	4.19064062323e-06	0.000406492140454	0.000754315312182	0	0	0	0	0	0	0	0	0	4.19064062323e-06	0	0	0	0.000356204452975	0	0	0.000624405452862	0	0.000180197546799	0	0	0	0	0	0	0	1.25719218697e-05	4.19064062323e-06	7.12408905949e-05	1.25719218697e-05	0.000896797093372	0.0008297468434	0
