0.0151507720477	0	2.86094967181e-05	0	2.86094967181e-05	0	0.000126699199752	0.00122612128792	0.00225197609881	4.08707095973e-06	2.04353547986e-05	4.08707095973e-05	1.22612128792e-05	0.000200266477027	0.00996019192885	8.17414191945e-06	0.000331052747738	0.00105446430761	2.04353547986e-05	0.000645757211637	8.17414191945e-06	0.00212936397002	2.04353547986e-05	0.00209258033138	0.000968635817455	0	0.000318791534859	0.000514970940925	0.0015122162551	0.0136508170055	0.0131603684903	0	0	0.00183918193188	0.00398080711477	0	0	0	0	0	0	0	0	0	8.17414191945e-06	0	0	0	0	0	0	4.08707095973e-06	0	0	0	0	0	0	4.08707095973e-05	4.08707095973e-06	0	0	2.86094967181e-05	0	0	0	0	0	0	0	3.67836386375e-05	2.45224257584e-05	0.0036129707284	0.00137734291343	0.000788804695227	6.53931353556e-05	0	2.45224257584e-05	0	0	0	0	0	0
0	0.0314295756803	0.000310617392939	0	4.08707095973e-06	1.63482838389e-05	1.63482838389e-05	0	4.08707095973e-06	0.00400124246957	1.63482838389e-05	2.04353547986e-05	0	0.000662105495476	4.90448515167e-05	0	0.00146317140358	0.000331052747738	1.63482838389e-05	0.000228875973745	0	1.22612128792e-05	0.00757334248837	0.000809240050026	0.00187596557051	0.00545623973123	0.00205170962178	0.0266477026574	0.000102176773993	7.35672772751e-05	1.22612128792e-05	4.08707095973e-06	4.08707095973e-06	4.90448515167e-05	0.00029835618006	8.17414191945e-06	0.00802292029394	0	0	6.13060643959e-05	1.22612128792e-05	2.86094967181e-05	5.31319224764e-05	1.22612128792e-05	0.000882807327301	0	1.22612128792e-05	0.000322878605818	0.000102176773993	2.86094967181e-05	0.000114437986872	8.58284901542e-05	0.000277920825261	0	0.0020394484089	8.17414191945e-06	5.31319224764e-05	0.000944113391697	0.00183918193188	0.000907329753059	2.45224257584e-05	0.00169204737733	0.0146603235325	7.35672772751e-05	0	1.22612128792e-05	0	0	0	8.17414191945e-05	0.000919590965938	0.000523145082845	0.000220701831825	0.00029835618006	0.000114437986872	4.08707095973e-06	2.45224257584e-05	0.00060079943108	0.000122612128792	0.000200266477027	6.13060643959e-05	0	0	1.22612128792e-05
2.86094967181e-05	0.000310617392939	0.0228549008068	0	0	0	7.76543482348e-05	5.72189934362e-05	0.00044549073461	2.04353547986e-05	4.08707095973e-06	9.80897030334e-05	0	4.08707095973e-06	0.00014713455455	0	2.45224257584e-05	0.00995610485789	8.17414191945e-06	0.0002942691091	0	0.000478187302288	0.000102176773993	0.00898746904044	4.08707095973e-05	4.08707095973e-06	0.0059058175368	0.0127557484653	4.4957780557e-05	0.000286094967181	0.00073975984371	0	0	2.86094967181e-05	0.000662105495476	0	8.17414191945e-06	0.000134873341671	0	0	0	1.63482838389e-05	5.72189934362e-05	4.4957780557e-05	4.4957780557e-05	0	8.17414191945e-06	0	0	2.45224257584e-05	0	2.04353547986e-05	0.000110350915913	0	2.86094967181e-05	0	2.04353547986e-05	2.45224257584e-05	0.00217023467961	1.63482838389e-05	0	0.000232963044704	0.00178196293844	5.31319224764e-05	0	8.17414191945e-06	0	0	0	0.000163482838389	8.58284901542e-05	4.08707095973e-05	0.000261572541422	0.000220701831825	2.45224257584e-05	2.04353547986e-05	0	0.000678453779315	0.000188005264147	0.000514970940925	4.08707095973e-06	0	0	0
0	0	0	0	0	0	0	0	0	0	0	0	0	0	0	0	0	0	0	0	0	0	0	0	0	0	0	0	0	0	0	0	0	0	0	0	0	0	0	0	0	0	0	0	0	0	0	0	0	0	0	0	0	0	0	0	0	0	0	0	0	0	0	0	0	0	0	0	0	0	0	0	0	0	0	0	0	0	0	0	0	0	0	0
2.86094967181e-05	4.08707095973e-06	0	0	0.0247513017321	2.04353547986e-05	0.000662105495476	0.000118525057832	6.94802063153e-05	0.00161030595813	0.000335139818698	0.000960461675536	0.00921225794322	0.00014304748359	0.00268111854958	0.00114437986872	8.17414191945e-06	0	0.000784717624267	7.76543482348e-05	0.0127639226072	0	0	4.08707095973e-06	0.0168019487154	1.63482838389e-05	0.000903242682099	8.17414191945e-06	0.00773682532676	0.00445899441706	0.000208440618946	1.22612128792e-05	8.17414191945e-06	0.00172065687404	0.00271790218822	0	0	0	0	0.00387454326982	0	0.00136099462959	0	3.67836386375e-05	0.00526414739613	0.00440586249458	3.26965676778e-05	0.00398080711477	5.72189934362e-05	3.26965676778e-05	8.9915561114e-05	0	0	0	0	0.00658018424516	0	0	8.17414191945e-06	0.00444673320418	0	0.000130786270711	1.63482838389e-05	0.00234189165992	3.67836386375e-05	0	0.000106263844953	0	0	0.000326965676778	0.00120977300408	0.000208440618946	0.00157352231949	0.000179831122228	0.00168796030637	6.53931353556e-05	0	7.76543482348e-05	0.000224788902785	0.000376010528295	0	8.17414191945e-06	0	0
0	1.63482838389e-05	0	0	2.04353547986e-05	0.00589355632392	0.00260346420135	4.90448515167e-05	0.000376010528295	0.000404620025013	4.08707095973e-06	0	1.63482838389e-05	4.08707095973e-06	6.94802063153e-05	0.000539493366684	3.67836386375e-05	0	4.08707095973e-06	0	2.04353547986e-05	4.08707095973e-06	8.9915561114e-05	0	0.00029835618006	0	2.45224257584e-05	4.08707095973e-05	0.000106263844953	0.000134873341671	9.80897030334e-05	0	0.000731585701791	0.000110350915913	0.000380097599255	0	0	0	0	0	0	8.17414191945e-06	2.45224257584e-05	2.04353547986e-05	2.45224257584e-05	4.08707095973e-06	1.63482838389e-05	1.63482838389e-05	0	1.63482838389e-05	0	3.26965676778e-05	0	0	1.63482838389e-05	4.08707095973e-06	4.08707095973e-05	5.72189934362e-05	0.000102176773993	1.63482838389e-05	0	2.04353547986e-05	8.58284901542e-05	4.4957780557e-05	0	0	0	0	0	8.17414191945e-06	0.000735672772751	2.45224257584e-05	6.94802063153e-05	3.26965676778e-05	0.00283642724605	0.000314704463899	0	0	5.72189934362e-05	0.000179831122228	0.000196179406067	0	8.17414191945e-06	0
0.000126699199752	1.63482838389e-05	7.76543482348e-05	0	0.000662105495476	0.00260346420135	0.0457424981813	0.00695619477345	0.0160826242265	0.000339226889657	0.0167815133606	0.00124246957176	0.0111944873587	3.26965676778e-05	0.00782674088788	0.00270564097534	1.22612128792e-05	0	0.000915503894979	0.000351488102536	0.00420968308852	0.00101768066897	6.53931353556e-05	0.00100950652705	0.00242772015008	1.63482838389e-05	0.00109942208817	0.00014713455455	0.00385002084406	0.00928991229146	0.00320835070338	1.22612128792e-05	0.000960461675536	0.00260346420135	0.00488404979687	0	0	0	0	3.26965676778e-05	0	0.000134873341671	0	0	0.000216614760865	7.76543482348e-05	3.26965676778e-05	0.000241137186624	0	1.22612128792e-05	0	2.45224257584e-05	0	0	0	0.000110350915913	0	4.4957780557e-05	8.17414191945e-06	0.000122612128792	0	1.63482838389e-05	4.4957780557e-05	5.72189934362e-05	1.22612128792e-05	0	0	0	0	9.80897030334e-05	0.00103402895281	0.000183918193188	0.00306939029075	0.000163482838389	0.00318382827763	0.000265659612382	4.08707095973e-06	4.08707095973e-05	4.4957780557e-05	0.000102176773993	0	4.08707095973e-06	0	0
0.00122612128792	0	5.72189934362e-05	0	0.000118525057832	4.90448515167e-05	0.00695619477345	0.036632417012	0.0121099912537	1.63482838389e-05	0.00484317908728	0.000188005264147	9.40026320737e-05	1.22612128792e-05	0.00625730563934	0.000171656980308	3.26965676778e-05	2.45224257584e-05	0.000110350915913	0.00015122162551	3.67836386375e-05	0.00574233469842	0	0.00496987828703	0.00181874657708	2.04353547986e-05	0.000253398399503	0.000196179406067	0.0140554370305	0.0098743634387	0.00980079616142	0	0	0.00794526594571	0.00306121614883	0	0	0	0	0.000130786270711	0	4.08707095973e-06	4.08707095973e-06	4.08707095973e-06	0.000813327120985	5.72189934362e-05	7.35672772751e-05	4.08707095973e-06	0	2.86094967181e-05	0	4.08707095973e-06	0	0	4.08707095973e-06	2.45224257584e-05	0	4.08707095973e-06	1.22612128792e-05	0.000915503894979	0	5.31319224764e-05	8.17414191945e-05	0.000392358812134	2.86094967181e-05	0	0	0	0	0.000208440618946	0.000584451147241	0.00030244325102	0.00170430859021	0.0002942691091	0.000208440618946	0.000102176773993	4.08707095973e-06	0.000277920825261	8.9915561114e-05	0.000237050115664	0	4.90448515167e-05	0	0
0.00225197609881	4.08707095973e-06	0.00044549073461	0	6.94802063153e-05	0.000376010528295	0.0160826242265	0.0121099912537	0.0410668890033	4.08707095973e-06	0.00613878058151	6.94802063153e-05	0.000416881237892	4.4957780557e-05	0.0138878671211	0.000527232153805	3.26965676778e-05	0.000138960412631	4.4957780557e-05	0.000114437986872	0.000159395767429	0.00357618708976	1.22612128792e-05	0.00597938481408	0.0011362057268	8.17414191945e-06	0.000196179406067	0.00112803158488	0.00527640860901	0.0120364239764	0.0116154556675	0	0.00130377563615	0.00313887049707	0.00618782543303	0	4.08707095973e-06	0	0	8.17414191945e-06	0	8.17414191945e-06	4.08707095973e-06	2.45224257584e-05	2.45224257584e-05	0.000220701831825	8.17414191945e-06	6.13060643959e-05	0	2.04353547986e-05	0	4.08707095973e-06	0	0	0	0.000167569909349	0	4.08707095973e-06	3.67836386375e-05	5.31319224764e-05	0	2.86094967181e-05	8.58284901542e-05	1.63482838389e-05	1.63482838389e-05	0	0	0	0	2.86094967181e-05	0.00126290492656	0.000179831122228	0.00505161970622	0.00181465950612	0.00107081259145	0.00089506854018	0	3.26965676778e-05	2.04353547986e-05	0.000396445883093	0.000138960412631	2.04353547986e-05	4.4957780557e-05	0
4.08707095973e-06	0.00400124246957	2.04353547986e-05	0	0.00161030595813	0.000404620025013	0.000339226889657	1.63482838389e-05	4.08707095973e-06	0.0205579669274	2.86094967181e-05	2.04353547986e-05	0.00245224257584	6.94802063153e-05	8.58284901542e-05	0.000907329753059	0.00218658296345	3.26965676778e-05	8.17414191945e-06	8.17414191945e-06	0.00188822678339	0.000106263844953	0.00618782543303	0.000122612128792	0.0121018171117	0.00163891545485	0.000175744051268	0.00380915013446	0.00320426363243	0.000224788902785	0.000220701831825	0	4.08707095973e-06	0.00060079943108	0.00100133238513	0.000110350915913	7.76543482348e-05	0	0	0.000510883869966	0	0.00111168330105	0.000204353547986	0.000245224257584	0.00782265381692	0.000555841650523	2.86094967181e-05	0.00152447746798	1.22612128792e-05	0.000420968308852	2.86094967181e-05	0.000277920825261	0	4.08707095973e-06	3.26965676778e-05	0.00101768066897	8.17414191945e-06	0.0014713455455	0.000224788902785	0.00512927405446	0	2.86094967181e-05	0.000543580437644	0.00217432175057	4.90448515167e-05	0	8.17414191945e-06	0	0	8.58284901542e-05	0.00219067003441	0.000130786270711	0.000551754579563	0.000376010528295	0.00346992324481	2.04353547986e-05	0	0.00167978616445	0.000277920825261	9.40026320737e-05	4.08707095973e-06	4.08707095973e-06	0	0
2.04353547986e-05	1.63482838389e-05	4.08707095973e-06	0	0.000335139818698	4.08707095973e-06	0.0167815133606	0.00484317908728	0.00613878058151	2.86094967181e-05	0.0339553855334	0.00346992324481	0.00655974889036	0.00014713455455	0.00293860402004	0.000273833754302	1.22612128792e-05	4.08707095973e-06	0.00239093651144	0.00195361991875	0.00378871477967	0.000114437986872	0	0.000130786270711	0.00221110538921	4.90448515167e-05	0.00354757759304	0.000192092335107	0.00400532954053	0.0110391786622	0.00073975984371	1.22612128792e-05	2.45224257584e-05	0.003044867865	0.00896294661468	0	0	0	0	4.4957780557e-05	0	7.76543482348e-05	0	2.04353547986e-05	0.000339226889657	0.00107489966241	2.04353547986e-05	0.000993158243213	4.08707095973e-06	2.04353547986e-05	4.08707095973e-06	0	0	4.08707095973e-06	0.000351488102536	0.00105446430761	0	0	8.17414191945e-06	0.00116072815256	0	0.0002942691091	9.40026320737e-05	6.94802063153e-05	8.17414191945e-06	0	0	0	0	7.35672772751e-05	0.00059262528916	0.000257485470463	0.00721776731488	0.000429142450771	0.000559928721482	0.000118525057832	2.04353547986e-05	4.90448515167e-05	4.08707095973e-05	8.58284901542e-05	0	0	0	4.08707095973e-06
4.08707095973e-05	2.04353547986e-05	9.80897030334e-05	0	0.000960461675536	0	0.00124246957176	0.000188005264147	6.94802063153e-05	2.04353547986e-05	0.00346992324481	0.0289691589625	0.00315930585187	0.0069112369929	0.00246041671776	5.72189934362e-05	5.72189934362e-05	0.000792891766187	0.00624504442646	0.0050434455643	0.00237050115664	0.000179831122228	0	0.000482274373248	0.000339226889657	0.000396445883093	0.0122693870211	0.000817414191945	0.000277920825261	0.0093062605753	0.000821501262905	0.000780630553308	0.000200266477027	0.00136099462959	0.0142557035075	0	2.04353547986e-05	0	0	1.22612128792e-05	0	1.22612128792e-05	2.86094967181e-05	1.22612128792e-05	0.000118525057832	0.000118525057832	0.000118525057832	9.80897030334e-05	0.000343313960617	2.04353547986e-05	0	0	0	3.26965676778e-05	0.00044549073461	0.000110350915913	0	2.04353547986e-05	4.4957780557e-05	0.000519058011885	8.17414191945e-06	0.000829675404824	0.000273833754302	0.000110350915913	8.17414191945e-06	0	0.000188005264147	0	0	0.000331052747738	0.000833762475784	0.00199449062835	0.00899973025332	0.000192092335107	0.000224788902785	0.000114437986872	0.000363749315416	0.000265659612382	0.000976809959375	0.000371923457335	4.4957780557e-05	8.17414191945e-06	0	4.08707095973e-06
1.22612128792e-05	0	0	0	0.00921225794322	1.63482838389e-05	0.0111944873587	9.40026320737e-05	0.000416881237892	0.00245224257584	0.00655974889036	0.00315930585187	0.0407317491846	0.000253398399503	0.00669462223203	0.00370288628951	4.08707095973e-06	0	0.00242772015008	0.000682540850274	0.0225074997752	0	0	0	0.00738942429518	1.63482838389e-05	0.0029835618006	3.67836386375e-05	0.00216614760865	0.0112067485716	0.000200266477027	2.04353547986e-05	4.90448515167e-05	0.000347401031577	0.00776134775252	0	0	0	0	0.000130786270711	8.17414191945e-06	0.000805152979066	0	0.000106263844953	0.000964548746495	0.00243998136296	0.000122612128792	0.00365792850895	0.000167569909349	6.53931353556e-05	4.08707095973e-06	0	0	8.17414191945e-06	4.08707095973e-06	0.00134055927479	4.08707095973e-06	0	2.86094967181e-05	0.000265659612382	0	0.000241137186624	6.13060643959e-05	8.58284901542e-05	2.04353547986e-05	0	0.000224788902785	0	0	0.000784717624267	0.00110759623009	0.000498622657087	0.00534180174436	0.000359662244456	0.00250128742735	5.72189934362e-05	1.63482838389e-05	0.000633495998758	0.000527232153805	0.000858284901542	0	5.31319224764e-05	0	4.08707095973e-06
0.000200266477027	0.000662105495476	4.08707095973e-06	0	0.00014304748359	4.08707095973e-06	3.26965676778e-05	1.22612128792e-05	4.4957780557e-05	6.94802063153e-05	0.00014713455455	0.0069112369929	0.000253398399503	0.0233657846768	0.000698889134113	4.08707095973e-06	4.08707095973e-06	8.17414191945e-06	0.000478187302288	3.67836386375e-05	0.000183918193188	0.000102176773993	0.000310617392939	6.53931353556e-05	0.000257485470463	0.0051251869835	0.00181874657708	0.00609382280095	0.00102585481089	0.00218249589249	0.000850110759623	0.00225197609881	0.000388271741174	0.00114437986872	0.00364158022512	0	0.000106263844953	0	0	1.22612128792e-05	0	2.45224257584e-05	4.08707095973e-06	2.45224257584e-05	0.000102176773993	8.9915561114e-05	0.000351488102536	6.94802063153e-05	0.00444264613322	1.22612128792e-05	4.08707095973e-06	2.86094967181e-05	0	0	8.17414191945e-06	6.94802063153e-05	4.08707095973e-06	9.80897030334e-05	1.63482838389e-05	0.000277920825261	0.00110350915913	0.00208440618946	0.001724743945	3.67836386375e-05	2.86094967181e-05	0	0.000698889134113	0	0	0.000380097599255	0.000388271741174	0.0017451792998	0.00329009212258	0.00182283364804	2.45224257584e-05	4.08707095973e-05	0.000731585701791	0.000110350915913	0.00487178858399	0.000539493366684	6.53931353556e-05	1.22612128792e-05	0	0.00044549073461
0.00996019192885	4.90448515167e-05	0.00014713455455	0	0.00268111854958	6.94802063153e-05	0.00782674088788	0.00625730563934	0.0138878671211	8.58284901542e-05	0.00293860402004	0.00246041671776	0.00669462223203	0.000698889134113	0.050434455643	0.000613060643959	0.000400532954053	0.000940026320737	0.00161848010005	0.00075202105659	0.00517014476405	0.00235006580184	1.22612128792e-05	0.00306530321979	0.00367018972183	5.31319224764e-05	0.002333717518	0.00100541945609	0.00567694156306	0.0399306832765	0.0208808455332	0	0.00132012391999	0.0098539280839	0.0176520594751	0	4.08707095973e-06	0	0	8.17414191945e-06	0	8.9915561114e-05	2.45224257584e-05	1.22612128792e-05	0.000331052747738	0.000392358812134	0.000326965676778	0.000404620025013	8.17414191945e-06	7.76543482348e-05	4.08707095973e-06	8.17414191945e-06	1.63482838389e-05	8.17414191945e-06	2.04353547986e-05	0.000380097599255	0	4.08707095973e-06	7.76543482348e-05	0.0020803191185	0	0.000102176773993	0.00030244325102	0.000322878605818	7.76543482348e-05	0	4.08707095973e-06	0	0	0.00146725847454	0.00367836386375	0.00158578353237	0.0103934214506	0.00215388639578	0.00152039039702	0.000371923457335	4.08707095973e-05	0.000854197830583	0.000715237417952	0.00156943524853	0	0.000106263844953	0	1.63482838389e-05
8.17414191945e-06	0	0	0	0.00114437986872	0.000539493366684	0.00270564097534	0.000171656980308	0.000527232153805	0.000907329753059	0.000273833754302	5.72189934362e-05	0.00370288628951	4.08707095973e-06	0.000613060643959	0.00788804695227	0	0	2.45224257584e-05	0	0.00203536133794	4.08707095973e-06	0	0	0.00184326900284	0	6.13060643959e-05	0	0.000658018424516	0.000514970940925	0.000183918193188	0	0	0.000204353547986	0.000241137186624	0	0	0	0	6.94802063153e-05	0	0.000196179406067	0	0	0.000408707095973	0.000179831122228	8.17414191945e-06	0.000339226889657	0	0	0	0	0	0	0	0.000196179406067	0	0	0	6.94802063153e-05	0	0	0	4.4957780557e-05	0	0	0	0	0	4.4957780557e-05	0.000519058011885	1.22612128792e-05	0.000224788902785	1.63482838389e-05	0.0041197675274	3.67836386375e-05	0	4.08707095973e-06	1.22612128792e-05	4.4957780557e-05	0	0	0	0
0.000331052747738	0.00146317140358	2.45224257584e-05	0	8.17414191945e-06	3.67836386375e-05	1.22612128792e-05	3.26965676778e-05	3.26965676778e-05	0.00218658296345	1.22612128792e-05	5.72189934362e-05	4.08707095973e-06	4.08707095973e-06	0.000400532954053	0	0.0194176741297	8.58284901542e-05	2.86094967181e-05	3.67836386375e-05	4.08707095973e-06	0.00135690755863	0.00992340829021	0.00496579121607	0.00861145851214	4.08707095973e-05	0.000110350915913	0.00349444567057	0.00314295756803	0.000531319224764	0.00164300252581	0	0	0.000200266477027	0.00104220309473	0	5.72189934362e-05	0	0	0	0	8.17414191945e-06	9.40026320737e-05	1.22612128792e-05	0.00278738239453	4.08707095973e-06	0	1.63482838389e-05	0	8.17414191945e-06	4.08707095973e-06	0.00286503674277	0	0	1.22612128792e-05	8.17414191945e-06	0.000363749315416	0.00490039808071	0.00127516613943	0.000989071172254	0	4.08707095973e-05	0.000555841650523	0.00230510802129	4.08707095973e-06	4.08707095973e-06	0	0	0	4.08707095973e-06	0.00196179406067	0.000237050115664	0.000784717624267	0.000494535586127	8.17414191945e-05	2.86094967181e-05	0	0.00179013708036	0.000314704463899	4.90448515167e-05	3.26965676778e-05	0	0	0
0.00105446430761	0.000331052747738	0.00995610485789	0	0	0	0	2.45224257584e-05	0.000138960412631	3.26965676778e-05	4.08707095973e-06	0.000792891766187	0	8.17414191945e-06	0.000940026320737	0	8.58284901542e-05	0.028822024408	0	0.0056932898469	0	0.00197405527355	2.45224257584e-05	0.00997654021269	0.000167569909349	0	0.00971088060031	0.0120037274087	0.000175744051268	0.00134873341671	0.00230919509225	4.08707095973e-06	0	4.90448515167e-05	0.00554206822139	0	0.000126699199752	8.17414191945e-06	0	4.08707095973e-06	0	0	1.22612128792e-05	4.08707095973e-06	6.13060643959e-05	4.08707095973e-06	2.04353547986e-05	4.08707095973e-06	0	1.63482838389e-05	4.08707095973e-06	4.08707095973e-05	6.53931353556e-05	0	0.000196179406067	4.08707095973e-06	4.4957780557e-05	2.45224257584e-05	0.000613060643959	5.31319224764e-05	0	0.000114437986872	0.000523145082845	4.08707095973e-05	0	8.17414191945e-06	0	0	0	0.000171656980308	0.000183918193188	0.000253398399503	0.00118525057832	0.000993158243213	0.000249311328543	0.000192092335107	0	0.000629408927798	0.000322878605818	0.000380097599255	2.86094967181e-05	0	4.08707095973e-06	0
2.04353547986e-05	1.63482838389e-05	8.17414191945e-06	0	0.000784717624267	4.08707095973e-06	0.000915503894979	0.000110350915913	4.4957780557e-05	8.17414191945e-06	0.00239093651144	0.00624504442646	0.00242772015008	0.000478187302288	0.00161848010005	2.45224257584e-05	2.86094967181e-05	0	0.0154368670149	0.00429551157867	0.00182283364804	1.63482838389e-05	2.04353547986e-05	6.13060643959e-05	0.000286094967181	0.00126699199752	0.0136140333668	0.00138551705535	0.000245224257584	0.00611834522671	0.000380097599255	0	0	0.000854197830583	0.00674366708355	0	5.31319224764e-05	0	0	8.17414191945e-06	0	0	4.08707095973e-06	0	0.000118525057832	5.72189934362e-05	0.000179831122228	2.86094967181e-05	4.08707095973e-06	4.08707095973e-06	0	2.45224257584e-05	0	4.90448515167e-05	0.000784717624267	4.90448515167e-05	8.17414191945e-06	1.22612128792e-05	4.90448515167e-05	0.000326965676778	0.000118525057832	0.00179422415132	0.00118116350736	0.000114437986872	1.22612128792e-05	0	0	0	0	0.000208440618946	0.00165526373869	0.00184326900284	0.00522327668653	0.000237050115664	5.31319224764e-05	8.17414191945e-06	0	0.000228875973745	0.000290182038141	0.000200266477027	4.08707095973e-06	4.08707095973e-06	0	0
0.000645757211637	0.000228875973745	0.0002942691091	0	7.76543482348e-05	0	0.000351488102536	0.00015122162551	0.000114437986872	8.17414191945e-06	0.00195361991875	0.0050434455643	0.000682540850274	3.67836386375e-05	0.00075202105659	0	3.67836386375e-05	0.0056932898469	0.00429551157867	0.0227527240328	0.000380097599255	0.0011975117912	2.04353547986e-05	0.00176970172556	0.000314704463899	0.00137734291343	0.0159559250268	0.00684584385754	0.000429142450771	0.00348627152865	0.0020394484089	0	3.67836386375e-05	0.000866459043462	0.0103893343796	0	0.000183918193188	0	0	1.22612128792e-05	0	0	2.45224257584e-05	1.63482838389e-05	6.53931353556e-05	1.63482838389e-05	8.58284901542e-05	8.17414191945e-06	0	2.04353547986e-05	0	1.63482838389e-05	8.58284901542e-05	5.31319224764e-05	0.00208849326042	8.17414191945e-06	4.08707095973e-05	2.86094967181e-05	0.000514970940925	8.58284901542e-05	1.63482838389e-05	0.00265659612382	0.00143456190686	4.4957780557e-05	8.17414191945e-06	1.22612128792e-05	0	0	0	6.13060643959e-05	0.000792891766187	0.00107081259145	0.0060284296656	0.00298764887156	0.00044957780557	0.000576277005321	0	0.00030244325102	0.000968635817455	0.000126699199752	4.4957780557e-05	0	4.08707095973e-06	0
8.17414191945e-06	0	0	0	0.0127639226072	2.04353547986e-05	0.00420968308852	3.67836386375e-05	0.000159395767429	0.00188822678339	0.00378871477967	0.00237050115664	0.0225074997752	0.000183918193188	0.00517014476405	0.00203536133794	4.08707095973e-06	0	0.00182283364804	0.000380097599255	0.0270441485405	0	0	4.08707095973e-06	0.0093062605753	1.22612128792e-05	0.00223562781497	3.26965676778e-05	0.00228058559553	0.00795344008763	9.80897030334e-05	2.04353547986e-05	8.17414191945e-06	0.000306530321979	0.00559111307291	0	0	0	0	0.000228875973745	0	0.000674366708355	0	0	0.00105446430761	0.000543580437644	2.86094967181e-05	0.00124246957176	1.22612128792e-05	1.22612128792e-05	4.08707095973e-06	0	4.08707095973e-06	4.08707095973e-06	4.08707095973e-06	0.000674366708355	0	0	8.17414191945e-06	0.00030244325102	0	3.26965676778e-05	1.63482838389e-05	0.000102176773993	1.22612128792e-05	0	2.04353547986e-05	0	0	0.00014713455455	0.00114029279776	0.000404620025013	0.00378871477967	0.000216614760865	0.00211301568618	1.22612128792e-05	8.17414191945e-06	8.9915561114e-05	6.94802063153e-05	0.00015122162551	0	4.08707095973e-06	0	4.08707095973e-06
0.00212936397002	1.22612128792e-05	0.000478187302288	0	0	4.08707095973e-06	0.00101768066897	0.00574233469842	0.00357618708976	0.000106263844953	0.000114437986872	0.000179831122228	0	0.000102176773993	0.00235006580184	4.08707095973e-06	0.00135690755863	0.00197405527355	1.63482838389e-05	0.0011975117912	0	0.0453215298724	0.00257076763367	0.0270523226824	0.0021416251829	4.08707095973e-06	0.000510883869966	0.00143864897782	0.00782265381692	0.00533362760244	0.0131113236388	0	0	0.000944113391697	0.0103688990248	4.08707095973e-06	0	0	0	0	0	8.17414191945e-06	1.22612128792e-05	8.17414191945e-06	0.00015122162551	4.08707095973e-06	0	0	0	4.08707095973e-06	0	0.00132829806191	4.08707095973e-06	0	0	4.08707095973e-06	4.4957780557e-05	0.00319200241955	0.000134873341671	0.00149995504222	0	4.4957780557e-05	0.000314704463899	0.00207623204754	4.08707095973e-06	0	0	0	0	8.17414191945e-06	0.00136916877151	0.000224788902785	0.00751612349494	0.00297538765868	0.00140186533919	0.00116481522352	0	0.000339226889657	3.26965676778e-05	2.45224257584e-05	8.17414191945e-06	4.08707095973e-06	0	0
2.04353547986e-05	0.00757334248837	0.000102176773993	0	0	8.9915561114e-05	6.53931353556e-05	0	1.22612128792e-05	0.00618782543303	0	0	0	0.000310617392939	1.22612128792e-05	0	0.00992340829021	2.45224257584e-05	2.04353547986e-05	2.04353547986e-05	0	0.00257076763367	0.0341433907976	0.0106018620695	0.00578320540801	0.00320835070338	0.000171656980308	0.0151793815444	0.00100541945609	9.40026320737e-05	0.000200266477027	0	4.08707095973e-06	0.000106263844953	0.000380097599255	0	0.000273833754302	0	0	2.45224257584e-05	0	0	3.67836386375e-05	0	0.00258302884655	8.17414191945e-06	0	4.08707095973e-06	2.04353547986e-05	0	4.08707095973e-06	0.0109860467397	4.08707095973e-06	0	2.86094967181e-05	3.26965676778e-05	0.00030244325102	0.0155676532856	0.00304078079404	0.00236641408568	0	3.67836386375e-05	0.00568511570498	0.00362931901224	0	0	0	0	0	0	0.000862371972502	0.000126699199752	0.00015530869647	0.00030244325102	0.000167569909349	1.63482838389e-05	0	0.00162256717101	0.000290182038141	4.08707095973e-06	0	4.08707095973e-06	0	0
0.00209258033138	0.000809240050026	0.00898746904044	0	4.08707095973e-06	0	0.00100950652705	0.00496987828703	0.00597938481408	0.000122612128792	0.000130786270711	0.000482274373248	0	6.53931353556e-05	0.00306530321979	0	0.00496579121607	0.00997654021269	6.13060643959e-05	0.00176970172556	4.08707095973e-06	0.0270523226824	0.0106018620695	0.0868298225394	0.000723411559872	4.08707095973e-06	0.00159804474525	0.0207255368368	0.00223154074401	0.00640852726485	0.0106059491405	4.08707095973e-06	4.08707095973e-06	0.000678453779315	0.00884442155685	0	2.45224257584e-05	1.22612128792e-05	0	4.08707095973e-06	0	0	2.04353547986e-05	4.08707095973e-06	0.000106263844953	1.22612128792e-05	2.04353547986e-05	8.17414191945e-06	0	1.22612128792e-05	4.08707095973e-06	0.0143251837138	3.26965676778e-05	8.17414191945e-06	4.90448515167e-05	1.22612128792e-05	0.00180239829324	0.0166915977995	0.0116481522352	0.00152856453894	0	5.31319224764e-05	0.00379688892159	0.00154899989374	0	4.08707095973e-06	0	0	0	0.000163482838389	0.00499848778374	0.000641670140677	0.0107489966241	0.00889755347932	0.00334322404506	0.000846023688663	0	0.00105855137857	0.00029835618006	0.00029835618006	4.08707095973e-05	0	0	0
0.000968635817455	0.00187596557051	4.08707095973e-05	0	0.0168019487154	0.00029835618006	0.00242772015008	0.00181874657708	0.0011362057268	0.0121018171117	0.00221110538921	0.000339226889657	0.00738942429518	0.000257485470463	0.00367018972183	0.00184326900284	0.00861145851214	0.000167569909349	0.000286094967181	0.000314704463899	0.0093062605753	0.0021416251829	0.00578320540801	0.000723411559872	0.0667500429142	0.000216614760865	0.000702976205073	0.00196588113163	0.0330153592127	0.00986618929678	0.00793300473283	8.17414191945e-06	2.86094967181e-05	0.00913051652403	0.0106672552049	0.00015530869647	0.000678453779315	0	0	0.00462247725545	4.08707095973e-06	0.000907329753059	0.000314704463899	0.000273833754302	0.0182160752675	0.00585268561433	6.94802063153e-05	0.00385002084406	0.000110350915913	0.000400532954053	6.53931353556e-05	0.000265659612382	1.22612128792e-05	4.08707095973e-06	4.08707095973e-05	0.00667418687723	0.000130786270711	0.00297130058772	0.000702976205073	0.0157679197626	6.53931353556e-05	0.000183918193188	0.00136916877151	0.00807196514546	0.000167569909349	8.17414191945e-06	2.45224257584e-05	0	4.08707095973e-06	0.000204353547986	0.00725046388255	0.00128742735231	0.0063022634199	0.00335957232889	0.00633087291662	0.00059262528916	1.63482838389e-05	0.00406254853397	0.000633495998758	0.000388271741174	0.000106263844953	8.17414191945e-06	0	4.08707095973e-06
0	0.00545623973123	4.08707095973e-06	0	1.63482838389e-05	0	1.63482838389e-05	2.04353547986e-05	8.17414191945e-06	0.00163891545485	4.90448515167e-05	0.000396445883093	1.63482838389e-05	0.0051251869835	5.31319224764e-05	0	4.08707095973e-05	0	0.00126699199752	0.00137734291343	1.22612128792e-05	4.08707095973e-06	0.00320835070338	4.08707095973e-06	0.000216614760865	0.0221764470275	0.00428733743675	0.0143456190686	0.000114437986872	0.000171656980308	0.000110350915913	2.86094967181e-05	0	0.000163482838389	0.000351488102536	0	0.000559928721482	0	0	8.17414191945e-06	0	0	0	0	6.53931353556e-05	0.000122612128792	0.000764282269469	4.08707095973e-06	0.00281190482029	8.17414191945e-06	4.08707095973e-06	1.22612128792e-05	4.08707095973e-06	0.000314704463899	0.000690714992194	3.26965676778e-05	4.08707095973e-06	0.000102176773993	1.22612128792e-05	0.000102176773993	0.0020803191185	0.00497396535799	0.00612651936863	8.17414191945e-06	8.17414191945e-06	0	2.04353547986e-05	0	0	0.000335139818698	0.00146725847454	0.0015122162551	0.000903242682099	0.000188005264147	8.17414191945e-06	0	0.000555841650523	7.76543482348e-05	0.00160213181621	0.00044957780557	3.67836386375e-05	4.08707095973e-06	0	0.00044549073461
0.000318791534859	0.00205170962178	0.0059058175368	0	0.000903242682099	2.45224257584e-05	0.00109942208817	0.000253398399503	0.000196179406067	0.000175744051268	0.00354757759304	0.0122693870211	0.0029835618006	0.00181874657708	0.002333717518	6.13060643959e-05	0.000110350915913	0.00971088060031	0.0136140333668	0.0159559250268	0.00223562781497	0.000510883869966	0.000171656980308	0.00159804474525	0.000702976205073	0.00428733743675	0.0758560370125	0.0246491249581	0.000674366708355	0.00874224478285	0.0014509101907	0.00100541945609	2.45224257584e-05	0.00179013708036	0.0144723182684	0	0.00171656980308	6.53931353556e-05	0	4.90448515167e-05	0	2.86094967181e-05	0.000102176773993	6.94802063153e-05	0.000306530321979	0.00014304748359	0.00074384691467	6.53931353556e-05	0.000171656980308	4.08707095973e-05	4.08707095973e-06	7.76543482348e-05	0.00125064371368	0.000735672772751	0.00737716308231	9.80897030334e-05	7.35672772751e-05	0.000122612128792	0.000641670140677	0.000731585701791	0.000277920825261	0.0121917326729	0.00744664328862	0.000314704463899	4.4957780557e-05	1.63482838389e-05	4.08707095973e-06	0	0	0.000580364076281	0.0041810735918	0.0050843162739	0.0105282947923	0.0029835618006	0.000547667508603	0.000559928721482	0	0.00295086523292	0.00636765655525	0.0012383825008	0.000249311328543	1.22612128792e-05	4.08707095973e-06	2.45224257584e-05
0.000514970940925	0.0266477026574	0.0127557484653	0	8.17414191945e-06	4.08707095973e-05	0.00014713455455	0.000196179406067	0.00112803158488	0.00380915013446	0.000192092335107	0.000817414191945	3.67836386375e-05	0.00609382280095	0.00100541945609	0	0.00349444567057	0.0120037274087	0.00138551705535	0.00684584385754	3.26965676778e-05	0.00143864897782	0.0151793815444	0.0207255368368	0.00196588113163	0.0143456190686	0.0246491249581	0.118214440439	0.000821501262905	0.00187596557051	0.00233780458896	0.000731585701791	2.86094967181e-05	0.000792891766187	0.00752429763686	8.17414191945e-06	0.00796161422955	0.000175744051268	0	0.000110350915913	1.22612128792e-05	6.53931353556e-05	0.000183918193188	0.000110350915913	0.00111985744296	0.000188005264147	0.000686627921234	0.000326965676778	0.00162256717101	0.000110350915913	0.000114437986872	0.00856650073159	0.000482274373248	0.000343313960617	0.00301217129732	5.72189934362e-05	0.000167569909349	0.0107203871274	0.00651887818076	0.00119342472024	0.00134055927479	0.00882398620205	0.033795989766	0.000277920825261	4.90448515167e-05	3.67836386375e-05	0.000138960412631	0	0	0.000474100231328	0.00644122383253	0.00342087839329	0.00622460907166	0.00564424499538	0.000727498630831	0.000645757211637	8.17414191945e-06	0.00235006580184	0.00326965676778	0.00131194977807	0.000249311328543	1.63482838389e-05	4.08707095973e-06	0.00015530869647
0.0015122162551	0.000102176773993	4.4957780557e-05	0	0.00773682532676	0.000106263844953	0.00385002084406	0.0140554370305	0.00527640860901	0.00320426363243	0.00400532954053	0.000277920825261	0.00216614760865	0.00102585481089	0.00567694156306	0.000658018424516	0.00314295756803	0.000175744051268	0.000245224257584	0.000429142450771	0.00228058559553	0.00782265381692	0.00100541945609	0.00223154074401	0.0330153592127	0.000114437986872	0.000674366708355	0.000821501262905	0.0714174779503	0.0167937745735	0.0180771148549	8.17414191945e-06	1.63482838389e-05	0.0172229170243	0.0191029696658	9.80897030334e-05	1.63482838389e-05	4.08707095973e-06	0	0.00333096283218	0	0.00030244325102	0.000192092335107	0.000249311328543	0.0109737855269	0.00418924773372	4.4957780557e-05	0.00210892861522	4.4957780557e-05	0.000404620025013	0	0.000204353547986	1.22612128792e-05	8.17414191945e-06	3.26965676778e-05	0.00427098915291	9.80897030334e-05	0.00159395767429	0.000486361444207	0.0107244741983	0	0.000130786270711	0.000907329753059	0.00629408927798	5.31319224764e-05	4.08707095973e-06	4.08707095973e-06	0	0	0.000163482838389	0.00681723436082	0.00145499726166	0.0127720967491	0.00736081479847	0.00519058011885	0.00124655664272	0.000102176773993	0.00210892861522	0.000376010528295	0.000318791534859	6.13060643959e-05	2.86094967181e-05	0	3.67836386375e-05
0.0136508170055	7.35672772751e-05	0.000286094967181	0	0.00445899441706	0.000134873341671	0.00928991229146	0.0098743634387	0.0120364239764	0.000224788902785	0.0110391786622	0.0093062605753	0.0112067485716	0.00218249589249	0.0399306832765	0.000514970940925	0.000531319224764	0.00134873341671	0.00611834522671	0.00348627152865	0.00795344008763	0.00533362760244	9.40026320737e-05	0.00640852726485	0.00986618929678	0.000171656980308	0.00874224478285	0.00187596557051	0.0167937745735	0.0912929040274	0.0462288596255	3.26965676778e-05	0.00196588113163	0.0317320189313	0.0478596009384	5.31319224764e-05	1.63482838389e-05	8.17414191945e-06	0	0.000257485470463	0	0.00015122162551	0.000310617392939	4.90448515167e-05	0.00409524510165	0.00110350915913	0.000547667508603	0.000670279637395	1.63482838389e-05	0.000175744051268	4.08707095973e-06	1.63482838389e-05	4.08707095973e-05	2.04353547986e-05	0.000367836386375	0.000935939249777	4.08707095973e-06	2.45224257584e-05	0.000265659612382	0.0077940443202	0	0.000429142450771	0.000711150346992	0.00186370435764	0.000241137186624	3.26965676778e-05	4.08707095973e-06	0	2.04353547986e-05	0.00256259349175	0.00716872246336	0.0033187016193	0.0322429028013	0.00646165918733	0.00501892313854	0.00118525057832	0.000138960412631	0.00310617392939	0.00138142998439	0.00282825310413	3.26965676778e-05	0.000171656980308	8.17414191945e-06	4.08707095973e-05
0.0131603684903	1.22612128792e-05	0.00073975984371	0	0.000208440618946	9.80897030334e-05	0.00320835070338	0.00980079616142	0.0116154556675	0.000220701831825	0.00073975984371	0.000821501262905	0.000200266477027	0.000850110759623	0.0208808455332	0.000183918193188	0.00164300252581	0.00230919509225	0.000380097599255	0.0020394484089	9.80897030334e-05	0.0131113236388	0.000200266477027	0.0106059491405	0.00793300473283	0.000110350915913	0.0014509101907	0.00233780458896	0.0180771148549	0.0462288596255	0.0637215233331	0	4.90448515167e-05	0.0253071433826	0.0251559217571	3.67836386375e-05	1.22612128792e-05	4.08707095973e-06	0	0.000208440618946	0	4.90448515167e-05	0.000200266477027	3.67836386375e-05	0.0032369602001	0.000265659612382	0.000134873341671	6.94802063153e-05	1.63482838389e-05	5.72189934362e-05	0	1.63482838389e-05	1.63482838389e-05	4.08707095973e-06	2.04353547986e-05	0.00015122162551	4.08707095973e-06	0.00014713455455	0.000208440618946	0.00336365939985	0	8.58284901542e-05	0.000367836386375	0.00089098146922	8.9915561114e-05	2.86094967181e-05	0	0	1.22612128792e-05	0.000457751947489	0.0021416251829	0.000931852178818	0.0178441518102	0.00573007348554	0.00373558285719	0.000555841650523	0.000118525057832	0.00161439302909	0.000232963044704	0.00060079943108	2.86094967181e-05	5.72189934362e-05	4.08707095973e-06	1.22612128792e-05
0	4.08707095973e-06	0	0	1.22612128792e-05	0	1.22612128792e-05	0	0	0	1.22612128792e-05	0.000780630553308	2.04353547986e-05	0.00225197609881	0	0	0	4.08707095973e-06	0	0	2.04353547986e-05	0	0	4.08707095973e-06	8.17414191945e-06	2.86094967181e-05	0.00100541945609	0.000731585701791	8.17414191945e-06	3.26965676778e-05	0	0.00254624520791	0	2.04353547986e-05	0.000122612128792	0	0	0	0	4.08707095973e-06	0	1.63482838389e-05	0	2.04353547986e-05	8.17414191945e-06	1.63482838389e-05	6.94802063153e-05	8.17414191945e-06	0.000388271741174	8.17414191945e-06	0	4.08707095973e-06	0	0	0	4.08707095973e-06	0	0	8.17414191945e-06	4.08707095973e-06	6.13060643959e-05	0.000408707095973	0.000183918193188	8.17414191945e-06	2.45224257584e-05	0	0.000126699199752	0	0	6.94802063153e-05	8.17414191945e-05	0.000167569909349	0.000118525057832	0	0	0	0	5.72189934362e-05	0.000960461675536	0.000138960412631	3.67836386375e-05	8.17414191945e-06	0	2.45224257584e-05
0	4.08707095973e-06	0	0	8.17414191945e-06	0.000731585701791	0.000960461675536	0	0.00130377563615	4.08707095973e-06	2.45224257584e-05	0.000200266477027	4.90448515167e-05	0.000388271741174	0.00132012391999	0	0	0	0	3.67836386375e-05	8.17414191945e-06	0	4.08707095973e-06	4.08707095973e-06	2.86094967181e-05	0	2.45224257584e-05	2.86094967181e-05	1.63482838389e-05	0.00196588113163	4.90448515167e-05	0	0.00500666192566	1.22612128792e-05	0.00346583617385	0	4.08707095973e-06	0	0	1.63482838389e-05	0	2.45224257584e-05	1.22612128792e-05	7.35672772751e-05	6.53931353556e-05	0.000429142450771	4.08707095973e-06	0.000126699199752	2.04353547986e-05	3.26965676778e-05	8.17414191945e-06	4.08707095973e-06	4.08707095973e-06	0	8.17414191945e-06	0.000318791534859	0	4.08707095973e-06	4.08707095973e-06	0.000110350915913	0	8.17414191945e-06	2.45224257584e-05	4.4957780557e-05	2.45224257584e-05	0	0	0	0	5.31319224764e-05	0.000249311328543	0.000237050115664	0.00194135870587	0.00138551705535	2.86094967181e-05	0.00160621888717	5.31319224764e-05	7.35672772751e-05	1.22612128792e-05	0.000886894398261	0.000261572541422	7.76543482348e-05	0.000163482838389	4.4957780557e-05
0.00183918193188	4.90448515167e-05	2.86094967181e-05	0	0.00172065687404	0.000110350915913	0.00260346420135	0.00794526594571	0.00313887049707	0.00060079943108	0.003044867865	0.00136099462959	0.000347401031577	0.00114437986872	0.0098539280839	0.000204353547986	0.000200266477027	4.90448515167e-05	0.000854197830583	0.000866459043462	0.000306530321979	0.000944113391697	0.000106263844953	0.000678453779315	0.00913051652403	0.000163482838389	0.00179013708036	0.000792891766187	0.0172229170243	0.0317320189313	0.0253071433826	2.04353547986e-05	1.22612128792e-05	0.0412875908352	0.0266558767993	5.72189934362e-05	1.63482838389e-05	1.22612128792e-05	0	0.000261572541422	0	8.58284901542e-05	0.000355575173496	0.000171656980308	0.00501483606758	0.000429142450771	0.000175744051268	0.000102176773993	4.90448515167e-05	0.000351488102536	0	4.4957780557e-05	3.26965676778e-05	4.08707095973e-06	0.000212527689906	0.000318791534859	4.08707095973e-06	5.72189934362e-05	0.000314704463899	0.00605295209135	0	0.000314704463899	0.000702976205073	0.00144273604878	0.000343313960617	3.26965676778e-05	0	0	2.04353547986e-05	0.000817414191945	0.00549302336987	0.0017451792998	0.0178155423134	0.00855015244775	0.0068703662833	0.000919590965938	0.000134873341671	0.00284051431701	0.000510883869966	0.00110350915913	4.4957780557e-05	0.000273833754302	8.17414191945e-06	3.67836386375e-05
