0.0244404033095	7.61679884986e-05	0.00192324170959	0	0.000361797945369	0	7.61679884986e-05	0.0126534070893	0.0062172120612	0	0.000171377974122	0.00012377298131	0	0	0.0192609800916	0	0	0.000447486932429	0	0.000371318943931	0	0.00237072864202	0	0.00379887842637	0	0	9.52099856233e-05	0.000447486932429	0.00295150955432	0.00691224495625	0.0125867600994	0	0	0	0.000999704849045	0	0	0	0	0	0	0	0	0	0	0	0	0	0	0	0	0	1.90419971247e-05	0	1.90419971247e-05	0	0	0	0	0	0	0	0.000104730984186	0	0	0	0	0	0	0	0	0	1.90419971247e-05	0	0	0	0	0	0	9.52099856233e-06	0	0	0	0
7.61679884986e-05	0.0220696746675	0.0050556502366	0	0	0	0	0	0	0	0	0	0	0.000295150955432	7.61679884986e-05	0	0.000618864906551	0.00194228370672	0	2.8562995687e-05	0	9.52099856233e-06	0.00500804524379	0.000504612923803	0.00511277622797	0.00172330073978	0.000609343907989	0.017490074359	0.000104730984186	6.66469899363e-05	3.80839942493e-05	0	0	0	0.000304671953995	0	0.00806428578229	0	0	0	0	0	0	0	0	0	0	0	0.000171377974122	0	0	0	0.000476049928116	0	0.000675990897925	0	0	0.00357037446087	9.52099856233e-05	0	0.000447486932429	0.000342755948244	0.0137388009254	0	0	0	0	0	0	0	0	0	0	0	0	0	0	0	0	9.52099856233e-06	0	0	0	0
0.00192324170959	0.0050556502366	0.0447582142415	0	0	0	0	0.000428444935305	0.000133293979873	0	0	2.8562995687e-05	0	0	0.00192324170959	0	4.76049928116e-05	0.0100351324847	0	0.000114251982748	0	0.0018946787139	3.80839942493e-05	0.0181565442584	0.000142814978435	0	0.00804524378517	0.0294389275547	9.52099856233e-05	0.000675990897925	0.00225647665927	0	0	0	0.000466528929554	0	0.00268492159458	0	0	0	0	0	0	0	0	0	0	0	0	0	0	0.000266587959745	0.00053317591949	0	1.90419971247e-05	0	0	0.00139958678866	9.52099856233e-06	0	0	0	0.00705505993469	0	0	0	0	0	0	0	0	0	0.000342755948244	0	0	0	0	0	0	9.52099856233e-06	0	0	0	0
0	0	0	0	0	0	0	0	0	0	0	0	0	0	0	0	0	0	0	0	0	0	0	0	0	0	0	0	0	0	0	0	0	0	0	0	0	0	0	0	0	0	0	0	0	0	0	0	0	0	0	0	0	0	0	0	0	0	0	0	0	0	0	0	0	0	0	0	0	0	0	0	0	0	0	0	0	0	0	0	0	0	0	0
0.000361797945369	0	0	0	0.0233550094734	0	4.76049928116e-05	0.00198036770096	0.000866410869172	0.00428444935305	0.00923536860546	0.00397025640049	0.000933057859108	9.52099856233e-06	0.0013138978016	0	0	0	0.00201845169521	0.000447486932429	0.00416067637174	0	0	0	0.0050556502366	0	0.000837847873485	0.000437965933867	0.0137673639211	0.00622673305976	6.66469899363e-05	0.000133293979873	0	0.00544601117765	0.0060648760842	0	0	0	0	0.00646475802382	0	5.7125991374e-05	0	4.76049928116e-05	0.00610296007845	0.00232312364921	0	0.00152335976997	0	1.90419971247e-05	0	0	0	0	0	0.00456055831136	0	0	0	0.00898782264284	0	0	0	0.00396073540193	0	0	0	0	0	0	0.000104730984186	2.8562995687e-05	0.00365606344793	0.000304671953995	0.000180898972684	0	0.00016185697556	0	0	0	0	0	0	0
0	0	0	0	0	0.00655044701088	0.00119012482029	0	7.61679884986e-05	0	0	0	0	0	0	0.000961620854795	0	1.90419971247e-05	0	0	0	1.90419971247e-05	0	1.90419971247e-05	0	0	0	0	0.000114251982748	0.000171377974122	1.90419971247e-05	0	0.00435109634298	6.66469899363e-05	0.00260875360608	0	0	0	0	0	0	0	0	0	0	0	0	0	0	0	0	0	9.52099856233e-06	0	0	0	0	0	0	0	0	0	6.66469899363e-05	0	0	0	0	0	0	0	0.00187563671678	0	0.00173282173834	0.00012377298131	0.00156144376422	0.00101874684617	9.52099856233e-06	1.90419971247e-05	9.52099856233e-06	6.66469899363e-05	0.000171377974122	0	0	0
7.61679884986e-05	0	0	0	4.76049928116e-05	0.00119012482029	0.0127010120821	0.00105683084042	0.00425588635736	0	0.00362750045225	0.000647427902238	0.00199940969809	0	0.00107587283754	0.000790242880673	0	0	0	2.8562995687e-05	0.00012377298131	0	0	0	0	0	0.00016185697556	0	0.00106635183898	0.00261827460464	0.000723595890737	5.7125991374e-05	0.000961620854795	0.00081880587636	0.00103778884329	0	0	0	0	0	0	0	0	0	0	0	0	0	0	0	0	0	0	0	0	0	0	0	0	0	0	0	9.52099856233e-06	0	0	0	0	0	0	0	9.52099856233e-06	0	0.000399881939618	2.8562995687e-05	0.00069503289505	4.76049928116e-05	0	0	0	1.90419971247e-05	2.8562995687e-05	0	0	0
0.0126534070893	0	0.000428444935305	0	0.00198036770096	0	0.00105683084042	0.0483000257067	0.0110538793309	0	0.00683607696775	0.00140910778722	1.90419971247e-05	0	0.0118060382173	0	0	0	0.00081880587636	0.000114251982748	1.90419971247e-05	0.00433205434586	0	0.00445582732717	0	0	0.000228503965496	4.76049928116e-05	0.0269825099256	0.00277061058164	0.011529929259	1.90419971247e-05	0	0.00138054479154	0.00180898972684	0	0	0	0	0	0	0	0	0	0	0	0	0	0	0	0	0	0	0	0	0	0	0	0	0	0	0	0	0	0	0	0	0	0	0	0	9.52099856233e-06	0.00081880587636	4.76049928116e-05	0	0	0.000104730984186	0	0	0	0	0	0	0
0.0062172120612	0	0.000133293979873	0	0.000866410869172	7.61679884986e-05	0.00425588635736	0.0110538793309	0.0330854700041	0	0.00616960706839	0.000352276946806	0.00165665374985	0	0.0161285715646	0.000314192952557	0	0.000114251982748	3.80839942493e-05	0.000142814978435	0.00249450162333	0.00120916681742	0	0.00113299882892	9.52099856233e-06	0	0.00016185697556	0.000104730984186	0.00605535508564	0.00684559796631	0.003437080481	9.52099856233e-06	0.000371318943931	0.00253258561758	0.00198988869953	0	0	0	0	0	0	0.000894973864859	0	1.90419971247e-05	0	0	0	4.76049928116e-05	0	0	0.000133293979873	0	0	0	0	0	0	0	0	0	0	0	0	0	0	0	0	0	0	0	0.000333234949682	0	0.000999704849045	0.000371318943931	0.000304671953995	0	9.52099856233e-06	6.66469899363e-05	0	0	0	0.000209461968371	0	0
0	0	0	0	0.00428444935305	0	0	0	0	0.023364530472	0.0013900657901	8.5688987061e-05	0.000666469899363	1.90419971247e-05	2.8562995687e-05	0.00138054479154	0	0	0	0	0.0018946787139	9.52099856233e-06	0.00330378650113	9.52099856233e-06	0.0138244899125	0	0	0	0.00546505317478	0.00129485580448	0.000828326874923	0	0	0.00218030867077	0.00278965257876	1.90419971247e-05	0	0	0	0.00264683760033	0	0.000295150955432	0.000552217916615	4.76049928116e-05	0.0133865239786	0.00209461968371	5.7125991374e-05	0.00138054479154	0	3.80839942493e-05	9.52099856233e-05	0	0	1.90419971247e-05	1.90419971247e-05	0.00319905551694	0	0	0	0.0121202311698	0	0	9.52099856233e-06	0.00305624053851	0.000342755948244	0	0	0	0.000266587959745	0.000104730984186	0.000847368872047	0	0.00214222467652	0.000247545962621	0.00232312364921	0	0	0.00159952775847	0.000104730984186	0.000495091925241	0.000133293979873	0.000104730984186	2.8562995687e-05	0
0.000171377974122	0	0	0	0.00923536860546	0	0.00362750045225	0.00683607696775	0.00616960706839	0.0013900657901	0.0283630547172	0.00419876036599	0.00069503289505	9.52099856233e-06	0.00440822233436	0.000257066961183	0	0	0.00151383877141	0.000323713951119	0.00303719854138	0	0	0	2.8562995687e-05	0	0.00164713275128	0.000847368872047	0.0133770029801	0.00917824261409	0.00177090573259	0.000199940969809	0.000457007930992	0.00671230398644	0.00698841294475	0	0	0	0	0.00107587283754	0	9.52099856233e-06	0	0	0.000837847873485	0.00217078767221	0	0.000885452866297	0	0	0	0	0	0	0	0.00292294655864	0	0	0	0.00313240852701	0	0	0	0.000637906903676	0	0	0	0	0	0	4.76049928116e-05	3.80839942493e-05	0.00484618826823	0.000247545962621	9.52099856233e-06	0	0.000323713951119	9.52099856233e-06	9.52099856233e-06	0	0	0	0	0
0.00012377298131	0	2.8562995687e-05	0	0.00397025640049	0	0.000647427902238	0.00140910778722	0.000352276946806	8.5688987061e-05	0.00419876036599	0.0380744732508	0.00556978415896	0.00406546638611	0.00754063086136	9.52099856233e-06	0	5.7125991374e-05	0.00454151631423	0.00748350486999	0.00569355714027	0.000228503965496	0	0.000542696918053	0.000314192952557	0.000238024964058	0.0118536432101	0.00479858327541	0.00399881939618	0.0198512820025	0.000276108958308	0.00150431777285	0.00438918033723	0.00595062410146	0.0278774837905	0	0	0	0	0	0	0.000418923936742	0	7.61679884986e-05	3.80839942493e-05	9.52099856233e-06	0.000437965933867	0	0.000476049928116	9.52099856233e-06	0	0.000142814978435	0	0	0	0	0	9.52099856233e-06	0	0	3.80839942493e-05	2.8562995687e-05	0.000380839942493	0	9.52099856233e-06	0	6.66469899363e-05	0	9.52099856233e-06	1.90419971247e-05	0.000447486932429	0.00171377974122	0.00968285553789	0.00028562995687	1.90419971247e-05	0	0.000190419971247	2.8562995687e-05	0.000723595890737	4.76049928116e-05	3.80839942493e-05	0.000428444935305	0	0.00040940293818
0	0	0	0	0.000933057859108	0	0.00199940969809	1.90419971247e-05	0.00165665374985	0.000666469899363	0.00069503289505	0.00556978415896	0.021841170702	0	0.00527463320353	0.000104730984186	0	0	9.52099856233e-06	0	0.0102445944531	0	0	1.90419971247e-05	0.00174234273691	0	0.00306576153707	0.00271348459026	2.8562995687e-05	0.00749302586855	9.52099856233e-05	0.000561738915177	0.000437965933867	0.000228503965496	0.00588397711152	0	0	0	0	0.000361797945369	0	0.00461768430273	0	0.00164713275128	9.52099856233e-06	0.00469385229123	0.00233264464777	0.00680751397207	9.52099856233e-06	0.00130437680304	1.90419971247e-05	0	0	4.76049928116e-05	0	0.000952099856233	0	0	0	0.00016185697556	0	6.66469899363e-05	0	0.00012377298131	0	0	0	0	0	0.000561738915177	9.52099856233e-06	0	0.00135198179585	0	0.00028562995687	0	0	0.00012377298131	0	0.0018185107254	0	0	0	0
0	0.000295150955432	0	0	9.52099856233e-06	0	0	0	0	1.90419971247e-05	9.52099856233e-06	0.00406546638611	0	0.0180232502785	0.000342755948244	0	0	0	0	0	0	0	9.52099856233e-05	0	7.61679884986e-05	0.00564595214746	0.00125677181023	0.00597918709714	0	0.000675990897925	0	0.00103778884329	0.000637906903676	1.90419971247e-05	0.00106635183898	0	0	0	0	0	0	2.8562995687e-05	0	1.90419971247e-05	0	0	0.0032085765155	0	0.00720739591168	9.52099856233e-06	0	0	0	9.52099856233e-06	0	0	0	0	0	0	0.00222791366359	0.00359893745656	0.00192324170959	0	0	0	0.00278965257876	0	0	0	0.000104730984186	0.00224695566071	6.66469899363e-05	0	0	0	0.000152335976997	0	0.00480810427398	0	0	3.80839942493e-05	0	0.00101874684617
0.0192609800916	7.61679884986e-05	0.00192324170959	0	0.0013138978016	0	0.00107587283754	0.0118060382173	0.0161285715646	2.8562995687e-05	0.00440822233436	0.00754063086136	0.00527463320353	0.000342755948244	0.0456627091049	9.52099856233e-06	0	0.000476049928116	0.000190419971247	0.000380839942493	0.00556978415896	0.00239929163771	0	0.00387504641487	0.000238024964058	0	0.00303719854138	0.00274204758595	0.00411307137893	0.0225171615999	0.0109872323409	0.000476049928116	0.00496996124954	0.000333234949682	0.00960668754939	0	0	0	0	0	0	7.61679884986e-05	0	0	0	4.76049928116e-05	0	9.52099856233e-06	0	0	1.90419971247e-05	0	1.90419971247e-05	0	1.90419971247e-05	1.90419971247e-05	0	0	0	0	0	0	0.000104730984186	0	0	0	0	0	0	0	0.000142814978435	1.90419971247e-05	0.000656948900801	0	0	0	6.66469899363e-05	0	0	9.52099856233e-06	0	4.76049928116e-05	0	0
0	0	0	0	0	0.000961620854795	0.000790242880673	0	0.000314192952557	0.00138054479154	0.000257066961183	9.52099856233e-06	0.000104730984186	0	9.52099856233e-06	0.00437965933867	0	0	0	0	3.80839942493e-05	0	0	0	0.00125677181023	0	0	0	0.000199940969809	2.8562995687e-05	0.000171377974122	0	0.000104730984186	7.61679884986e-05	0.00040940293818	0	0	0	0	0	0	9.52099856233e-06	9.52099856233e-06	9.52099856233e-06	6.66469899363e-05	0	0	0	0	0	9.52099856233e-06	0	9.52099856233e-06	9.52099856233e-06	9.52099856233e-06	0	0	0	9.52099856233e-06	3.80839942493e-05	0	0	1.90419971247e-05	0	0	0	0	0	0	0	0.000361797945369	0	0.000399881939618	0.000390360941055	0.00353229046662	9.52099856233e-06	0	5.7125991374e-05	0	4.76049928116e-05	8.5688987061e-05	0	0	0
0	0.000618864906551	4.76049928116e-05	0	0	0	0	0	0	0	0	0	0	0	0	0	0.0122725671468	0	0	0	0	0.00191372071103	0.00529367520066	0.00477954127829	0.00259923260752	0	0	0.0047509782826	0.000923536860546	0	0	0	0	0	0	0	0	0	0	0	0	0	0	0	0	0	0	0	0	0	0	0.00309432453276	0	0	0	0	0	0.00370366844075	0.000437965933867	0.00016185697556	0	0	0.000104730984186	9.52099856233e-05	0	0	0	0	0	0	0	0	0	0	0	0	0	0.00016185697556	2.8562995687e-05	0	0	0	0	0
0.000447486932429	0.00194228370672	0.0100351324847	0	0	1.90419971247e-05	0	0	0.000114251982748	0	0	5.7125991374e-05	0	0	0.000476049928116	0	0	0.0375412973313	0	0.00157096476278	0	0.00184707372109	0	0.00855937770753	0	0	0.0081118907751	0.00718835391456	1.90419971247e-05	0.00040940293818	0.00258019061039	0	0	0	0.00640763203245	0	0.00319905551694	9.52099856233e-06	0	0	0	0	0	0	0	0	0	0	0	0	0	0.000209461968371	0.00813093277223	0	0.00162809075416	0	0	5.7125991374e-05	0.000247545962621	0	0	0	0.00443678533005	9.52099856233e-06	0	0	0	0	0	0	0	0	0.00057125991374	0.000152335976997	0	0	0	9.52099856233e-06	0	0.000304671953995	0.000304671953995	0	0	0
0	0	0	0	0.00201845169521	0	0	0.00081880587636	3.80839942493e-05	0	0.00151383877141	0.00454151631423	9.52099856233e-06	0	0.000190419971247	0	0	0	0.00857841970466	0.000933057859108	6.66469899363e-05	0	0	0	0	0	0.00417971836886	0.00238024964058	0.00225647665927	0.00281821557445	9.52099856233e-06	6.66469899363e-05	9.52099856233e-06	0.00244689663052	0.00299911454713	0	0	0	0	0	0	0	0	0	0	0	0	0	0	0	0	0	0	0	0	0	0	0	0	0	0	0	0	0	0	0	0	0	0	0	0	0	0.00138054479154	0	0	0	0	0	0	0	0	0	0	0
0.000371318943931	2.8562995687e-05	0.000114251982748	0	0.000447486932429	0	2.8562995687e-05	0.000114251982748	0.000142814978435	0	0.000323713951119	0.00748350486999	0	0	0.000380839942493	0	0	0.00157096476278	0.000933057859108	0.0229836905295	9.52099856233e-06	0.00028562995687	0	0.000675990897925	0	0	0.0131294570175	0.00362750045225	0.00085688987061	0.00133293979873	0.000266587959745	0	0	0.00100922584761	0.011767954223	0	0.00126629280879	0	0	0	0	0	0	0	0	0	0	0	0	0	0	0.00057125991374	0.000647427902238	0	0.0046748102941	0	0	2.8562995687e-05	0.000276108958308	0	0	0.000142814978435	0.0023516866449	9.52099856233e-06	0	0	0	0	0	5.7125991374e-05	5.7125991374e-05	4.76049928116e-05	0.00545553217621	8.5688987061e-05	0	0	0	0.000133293979873	8.5688987061e-05	0.000685511896488	0.000247545962621	9.52099856233e-06	0	0
0	0	0	0	0.00416067637174	0	0.00012377298131	1.90419971247e-05	0.00249450162333	0.0018946787139	0.00303719854138	0.00569355714027	0.0102445944531	0	0.00556978415896	3.80839942493e-05	0	0	6.66469899363e-05	9.52099856233e-06	0.0189277451419	0	0	1.90419971247e-05	0.00175186373547	0	0.00338947548819	0.00280869457589	0.00184707372109	0.00715026992031	0.000171377974122	0.000476049928116	0.000199940969809	0.00144719178147	0.00647427902238	0	0	0	0	0.00130437680304	0	1.90419971247e-05	0	9.52099856233e-06	0.000971141853358	0.00177090573259	1.90419971247e-05	0.000666469899363	0	9.52099856233e-06	0	0	0	0	0	0.00259923260752	0	0	0	0.00246593862764	0	0	0	0.000942578857671	0	0	0	0	0	1.90419971247e-05	0	0	0.00192324170959	9.52099856233e-06	5.7125991374e-05	0	0	1.90419971247e-05	0	1.90419971247e-05	0	9.52099856233e-06	0	0
0.00237072864202	9.52099856233e-06	0.0018946787139	0	0	1.90419971247e-05	0	0.00433205434586	0.00120916681742	9.52099856233e-06	0	0.000228503965496	0	0	0.00239929163771	0	0.00191372071103	0.00184707372109	0	0.00028562995687	0	0.0563833534861	0.00221839266502	0.0453770791481	0.00012377298131	0	0.00053317591949	0.000790242880673	0.00480810427398	0.000276108958308	0.0208890708458	5.7125991374e-05	0	0.000228503965496	0.0082642267521	0	0	0	0	0	0	0	0	0	0.000323713951119	0	0	0	0	0	0	7.61679884986e-05	6.66469899363e-05	0	6.66469899363e-05	0	9.52099856233e-06	0.00213270367796	5.7125991374e-05	0.00158048576135	0	0	6.66469899363e-05	0.00218982966934	0	0	0	0	0	9.52099856233e-06	0.000714074892175	0.000295150955432	0.00898782264284	0.00507469223372	0.000704553893612	0.000114251982748	9.52099856233e-06	0.000171377974122	0.000114251982748	6.66469899363e-05	8.5688987061e-05	0	0	0
0	0.00500804524379	3.80839942493e-05	0	0	0	0	0	0	0.00330378650113	0	0	0	9.52099856233e-05	0	0	0.00529367520066	0	0	0	0	0.00221839266502	0.0358656015843	0.00757871485561	0.0125772391008	0.000990183850482	5.7125991374e-05	0.0137007169312	0.00613152307414	0	0	0	0	0	0	0	0	0	0	0	0	0	0	0	0.00491283525816	0	0	0	0	0	0	0.00946387257096	0	0	0	0	0	0.016338033533	0.00103778884329	0.0047509782826	0	0	0.00415115537318	0.00508421323228	0	0	0	0	0	0	0.00208509868515	1.90419971247e-05	0.00028562995687	0.000238024964058	3.80839942493e-05	0	0	0.00141862878579	0.00057125991374	0	0	0	0	0
0.00379887842637	0.000504612923803	0.0181565442584	0	0	1.90419971247e-05	0	0.00445582732717	0.00113299882892	9.52099856233e-06	0	0.000542696918053	1.90419971247e-05	0	0.00387504641487	0	0.00477954127829	0.00855937770753	0	0.000675990897925	1.90419971247e-05	0.0453770791481	0.00757871485561	0.104816673173	1.90419971247e-05	0	0.00166617474841	0.0215174567509	0.00238977063914	0.000580780912302	0.0211175748112	0.000152335976997	0	9.52099856233e-06	0.0124249031238	0	2.8562995687e-05	0	0	0	0	0	0	0	0.000114251982748	0	5.7125991374e-05	0	0	0	0	0.00738829488437	0.000104730984186	0	0.000114251982748	0	9.52099856233e-06	0.0122440041512	0.00437965933867	0.00150431777285	0	6.66469899363e-05	0.00298007255001	0.00178042673116	0	0	0	0	0	9.52099856233e-06	0.00393217240624	0.000647427902238	0.0200321809751	0.0122725671468	0.00159000675991	0.000333234949682	9.52099856233e-06	0.00234216564633	0.00175186373547	0.00012377298131	0.00016185697556	0	0	0
0	0.00511277622797	0.000142814978435	0	0.0050556502366	0	0	0	9.52099856233e-06	0.0138244899125	2.8562995687e-05	0.000314192952557	0.00174234273691	7.61679884986e-05	0.000238024964058	0.00125677181023	0.00259923260752	0	0	0	0.00175186373547	0.00012377298131	0.0125772391008	1.90419971247e-05	0.0449581552113	0.000894973864859	0.000218982966934	0.00743589987718	0.0132437090002	0.00458912130704	0.00500804524379	1.90419971247e-05	0	0.00451295331854	0.00664565699651	0	7.61679884986e-05	0	0	0.00348468547381	0	7.61679884986e-05	0.000257066961183	1.90419971247e-05	0.0130056840361	0.000152335976997	2.8562995687e-05	0.00069503289505	5.7125991374e-05	1.90419971247e-05	0.000266587959745	3.80839942493e-05	0	0	0	0.00111395683179	0	0.000704553893612	0	0.0131008940218	7.61679884986e-05	0	2.8562995687e-05	0.00427492835449	0.000142814978435	0	0	0	0.000104730984186	4.76049928116e-05	0.00195180470528	2.8562995687e-05	0.00252306461902	0.00152335976997	0.00218030867077	0	0	0.00117108282317	2.8562995687e-05	0.000266587959745	9.52099856233e-05	0	9.52099856233e-06	0
0	0.00172330073978	0	0	0	0	0	0	0	0	0	0.000238024964058	0	0.00564595214746	0	0	0	0	0	0	0	0	0.000990183850482	0	0.000894973864859	0.0098827965077	0	0.00794051280098	0	0	0	0	0	0	0	0	0	0	0	0	0	0	0	0	0	0	0.00185659471965	0	0.00451295331854	0	0	0	0	0	0	0	0	0	0	0	0.00279917357732	0.00168521674553	0.00206605668803	0	0	0	0.000752158886424	0	0	0	0	0	0	0	0	0	7.61679884986e-05	0	0.00182803172397	0	0	0	0	0.000371318943931
9.52099856233e-05	0.000609343907989	0.00804524378517	0	0.000837847873485	0	0.00016185697556	0.000228503965496	0.00016185697556	0	0.00164713275128	0.0118536432101	0.00306576153707	0.00125677181023	0.00303719854138	0	0	0.0081118907751	0.00417971836886	0.0131294570175	0.00338947548819	0.00053317591949	5.7125991374e-05	0.00166617474841	0.000218982966934	0	0.0638002113662	0.0271729298969	0.000599822909427	0.00670278298788	0.000171377974122	0.0030086355457	0.00057125991374	0.00178042673116	0.0111681313136	0	0.00603631308852	0	0	0	0	0	0	0	0	0	0	0	0.000457007930992	0	0	0.000238024964058	0.00122820881454	9.52099856233e-06	0.00812141177367	0	0	2.8562995687e-05	5.7125991374e-05	0	0.000218982966934	0.0018185107254	0.00437965933867	0	0	0	0.000247545962621	0	0	2.8562995687e-05	0.00139958678866	0.00155192276566	0.0061410440727	0.00098066285192	2.8562995687e-05	0	0	0.000190419971247	0.000418923936742	0.000333234949682	0.000142814978435	0	0	9.52099856233e-06
0.000447486932429	0.017490074359	0.0294389275547	0	0.000437965933867	0	0	4.76049928116e-05	0.000104730984186	0	0.000847368872047	0.00479858327541	0.00271348459026	0.00597918709714	0.00274204758595	0	0.0047509782826	0.00718835391456	0.00238024964058	0.00362750045225	0.00280869457589	0.000790242880673	0.0137007169312	0.0215174567509	0.00743589987718	0.00794051280098	0.0271729298969	0.126105625958	0.000437965933867	0.00421780236311	0.000209461968371	0.000561738915177	0	0.00069503289505	0.00630290104826	0	0.00891165465434	0	0	0	0	0	0	0	0	0	0.00160904875703	0	0.00757871485561	0	0	0.0103588464358	0.000599822909427	9.52099856233e-06	0.00324666050975	0	0	0.0176233683389	0.00348468547381	1.90419971247e-05	0.00634098504251	0.00870219268597	0.028867667641	0	0	0	0.000894973864859	0	0	0	0.00156144376422	0.00135198179585	0.00530319619922	0.00193276270815	6.66469899363e-05	1.90419971247e-05	0	0.000875931867734	0.00268492159458	9.52099856233e-05	0.00012377298131	9.52099856233e-06	0	0.000190419971247
0.00295150955432	0.000104730984186	9.52099856233e-05	0	0.0137673639211	0.000114251982748	0.00106635183898	0.0269825099256	0.00605535508564	0.00546505317478	0.0133770029801	0.00399881939618	2.8562995687e-05	0	0.00411307137893	0.000199940969809	0.000923536860546	1.90419971247e-05	0.00225647665927	0.00085688987061	0.00184707372109	0.00480810427398	0.00613152307414	0.00238977063914	0.0132437090002	0	0.000599822909427	0.000437965933867	0.0828231664937	0.0187658881664	0.0161571345603	7.61679884986e-05	0.000114251982748	0.0147575477716	0.0201559539565	0	0	0	0	0.00635050604107	0	2.8562995687e-05	5.7125991374e-05	1.90419971247e-05	0.0118155592159	0.00193276270815	2.8562995687e-05	0.000485570926679	0	9.52099856233e-06	2.8562995687e-05	8.5688987061e-05	0	0	0	0.00272300558883	0	0.00119012482029	9.52099856233e-06	0.0129676000419	0	0	1.90419971247e-05	0.00740733688149	4.76049928116e-05	0	0	0	2.8562995687e-05	4.76049928116e-05	0.00277061058164	0.000247545962621	0.0135102969599	0.00585541411583	0.0011615618246	0.000114251982748	0.00040940293818	0.00111395683179	5.7125991374e-05	0.000171377974122	0.00012377298131	0	1.90419971247e-05	0
0.00691224495625	6.66469899363e-05	0.000675990897925	0	0.00622673305976	0.000171377974122	0.00261827460464	0.00277061058164	0.00684559796631	0.00129485580448	0.00917824261409	0.0198512820025	0.00749302586855	0.000675990897925	0.0225171615999	2.8562995687e-05	0	0.00040940293818	0.00281821557445	0.00133293979873	0.00715026992031	0.000276108958308	0	0.000580780912302	0.00458912130704	0	0.00670278298788	0.00421780236311	0.0187658881664	0.0678085517609	0.0220220696747	0.000999704849045	0.00661709400082	0.0215936247394	0.0384743551904	9.52099856233e-06	0	0	0	0.000304671953995	0	0.00208509868515	0.000276108958308	0.000180898972684	0.000914015861984	0.000866410869172	2.8562995687e-05	2.8562995687e-05	0	3.80839942493e-05	0.000266587959745	0	9.52099856233e-06	9.52099856233e-06	1.90419971247e-05	9.52099856233e-05	0	0	0	0.000390360941055	0	0	9.52099856233e-05	5.7125991374e-05	0.000180898972684	0	0	0	0.00016185697556	1.90419971247e-05	0.0025516276147	0.000114251982748	0.0157953366149	0.00114251982748	4.76049928116e-05	5.7125991374e-05	0.000666469899363	0.00133293979873	1.90419971247e-05	0.00012377298131	9.52099856233e-06	0.00169473774409	0	0
0.0125867600994	3.80839942493e-05	0.00225647665927	0	6.66469899363e-05	1.90419971247e-05	0.000723595890737	0.011529929259	0.003437080481	0.000828326874923	0.00177090573259	0.000276108958308	9.52099856233e-05	0	0.0109872323409	0.000171377974122	0	0.00258019061039	9.52099856233e-06	0.000266587959745	0.000171377974122	0.0208890708458	0	0.0211175748112	0.00500804524379	0	0.000171377974122	0.000209461968371	0.0161571345603	0.0220220696747	0.0670754348716	1.90419971247e-05	6.66469899363e-05	0.0129104740505	0.0152907236911	0	0	0	0	0	0	0.00012377298131	0.000333234949682	1.90419971247e-05	0.00156144376422	0.000142814978435	1.90419971247e-05	0	0	0	4.76049928116e-05	0	7.61679884986e-05	1.90419971247e-05	1.90419971247e-05	0	0	0	3.80839942493e-05	0.000428444935305	0	0	5.7125991374e-05	0.000180898972684	0.000199940969809	0	0	0	0.000190419971247	2.8562995687e-05	0.00103778884329	3.80839942493e-05	0.00682655596919	0.00226599765783	4.76049928116e-05	9.52099856233e-06	0	0.000894973864859	1.90419971247e-05	0.000238024964058	8.5688987061e-05	0	1.90419971247e-05	0
0	0	0	0	0.000133293979873	0	5.7125991374e-05	1.90419971247e-05	9.52099856233e-06	0	0.000199940969809	0.00150431777285	0.000561738915177	0.00103778884329	0.000476049928116	0	0	0	6.66469899363e-05	0	0.000476049928116	5.7125991374e-05	0	0.000152335976997	1.90419971247e-05	0	0.0030086355457	0.000561738915177	7.61679884986e-05	0.000999704849045	1.90419971247e-05	0.00352276946806	3.80839942493e-05	0.000238024964058	0.00105683084042	0	0	0	0	0	0	0	0	0	0	0	0	0	0.000171377974122	0	0	0	0	9.52099856233e-06	0	0	0	0	0	0	7.61679884986e-05	0.000418923936742	6.66469899363e-05	0	0	0	9.52099856233e-05	0	0	0	0.000333234949682	0.000552217916615	0.00053317591949	0.000171377974122	9.52099856233e-06	0	0	0	0.000218982966934	0	0	0	0	1.90419971247e-05
0	0	0	0	0	0.00435109634298	0.000961620854795	0	0.000371318943931	0	0.000457007930992	0.00438918033723	0.000437965933867	0.000637906903676	0.00496996124954	0.000104730984186	0	0	9.52099856233e-06	0	0.000199940969809	0	0	0	0	0	0.00057125991374	0	0.000114251982748	0.00661709400082	6.66469899363e-05	3.80839942493e-05	0.0123201721397	6.66469899363e-05	0.00846416772191	0	0	0	0	0	0	0	0	0	0	0	0	0	0	0	0	0	0	0	0	0	0	0	0	0	0	0	0	0	0	0	0	0	0	0	0.00232312364921	1.90419971247e-05	0.00259923260752	0	0.000266587959745	0.000894973864859	0.000238024964058	7.61679884986e-05	0	0	0	0	0	0
0	0	0	0	0.00544601117765	6.66469899363e-05	0.00081880587636	0.00138054479154	0.00253258561758	0.00218030867077	0.00671230398644	0.00595062410146	0.000228503965496	1.90419971247e-05	0.000333234949682	7.61679884986e-05	0	0	0.00244689663052	0.00100922584761	0.00144719178147	0.000228503965496	0	9.52099856233e-06	0.00451295331854	0	0.00178042673116	0.00069503289505	0.0147575477716	0.0215936247394	0.0129104740505	0.000238024964058	6.66469899363e-05	0.0265635859889	0.0195846940427	0	0	0	0	0.000104730984186	0	0.000180898972684	0.000352276946806	4.76049928116e-05	0.00167569574697	0.00172330073978	2.8562995687e-05	0.000228503965496	0	2.8562995687e-05	3.80839942493e-05	0	0	1.90419971247e-05	9.52099856233e-06	0.000761679884986	0	0	0	0.000485570926679	0	0	0	0.000142814978435	0.000199940969809	0	0	0	0.000190419971247	3.80839942493e-05	0.000238024964058	3.80839942493e-05	0.011767954223	0.00215174567509	0	5.7125991374e-05	0.000418923936742	0.000961620854795	9.52099856233e-06	0.000190419971247	1.90419971247e-05	0.000104730984186	1.90419971247e-05	0
0.000999704849045	0.000304671953995	0.000466528929554	0	0.0060648760842	0.00260875360608	0.00103778884329	0.00180898972684	0.00198988869953	0.00278965257876	0.00698841294475	0.0278774837905	0.00588397711152	0.00106635183898	0.00960668754939	0.00040940293818	0	0.00640763203245	0.00299911454713	0.011767954223	0.00647427902238	0.0082642267521	0	0.0124249031238	0.00664565699651	0	0.0111681313136	0.00630290104826	0.0201559539565	0.0384743551904	0.0152907236911	0.00105683084042	0.00846416772191	0.0195846940427	0.098456646133	9.52099856233e-06	8.5688987061e-05	0	0	0.000485570926679	0	0.00183755272253	0.000399881939618	0.000199940969809	0.00249450162333	0.0020470146909	3.80839942493e-05	0.000247545962621	0	3.80839942493e-05	0.000180898972684	0.00105683084042	0.00199940969809	2.8562995687e-05	0.000866410869172	0.000847368872047	1.90419971247e-05	2.8562995687e-05	0.000685511896488	0.00128533480591	0	0	0.00378935742781	0.000390360941055	0.000247545962621	0	0	0	0.000209461968371	9.52099856233e-05	0.0120535841799	0.000457007930992	0.0483666726966	0.00932105759252	0.000809284877798	0.000809284877798	0.000790242880673	0.00723595890737	0.00110443583323	0.00195180470528	0.000999704849045	0.00165665374985	3.80839942493e-05	0
0	0	0	0	0	0	0	0	0	1.90419971247e-05	0	0	0	0	0	0	0	0	0	0	0	0	0	0	0	0	0	0	0	9.52099856233e-06	0	0	0	0	9.52099856233e-06	0.0213651207739	0	0	0	0	0	0.00138054479154	0.00881644466872	0.0100827374775	1.90419971247e-05	0.00069503289505	0	0	0	0.0125201131095	0.000295150955432	0	0	0	0	0	0.000875931867734	0	0.00165665374985	0.00120916681742	0	0	0	0.00196132570384	0.00613152307414	0.00765488284411	0	0	2.8562995687e-05	0	0	0	0	0	0	0	0	9.52099856233e-06	0	9.52099856233e-06	0	0	0	0
0	0.00806428578229	0.00268492159458	0	0	0	0	0	0	0	0	0	0	0	0	0	0	0.00319905551694	0	0.00126629280879	0	0	0	2.8562995687e-05	7.61679884986e-05	0	0.00603631308852	0.00891165465434	0	0	0	0	0	0	8.5688987061e-05	0	0.0269158629357	9.52099856233e-06	0	0	0	0	0	0	0.00109491483467	0	9.52099856233e-06	0	0.00170425874266	0	0	9.52099856233e-06	0.0012377298131	0	0.00278965257876	0	0	0.00536032219059	0	0.0043987013358	0.00380839942493	0.00106635183898	0.0188896611477	0	0	0	0	0	0	0	0	0	2.8562995687e-05	0	0	0	0	0	0	0	0	0	0	0
0	0	0	0	0	0	0	0	0	0	0	0	0	0	0	0	0	9.52099856233e-06	0	0	0	0	0	0	0	0	0	0	0	0	0	0	0	0	0	0	9.52099856233e-06	0.0216317087336	0	0	0	0	0	0	0	0	0	0	0	0	0	0	0.0055602631604	0	0	0	0	0	0.00587445611296	0	0	0.00311336652988	0.0129771210405	0	0	0	0	0	0	0	0	0	0	0	0	0	0	0	0	0	0	0	0	0
0	0	0	0	0	0	0	0	0	0	0	0	0	0	0	0	0	0	0	0	0	0	0	0	0	0	0	0	0	0	0	0	0	0	0	0	0	0	0	0	0	0	0	0	0	0	0	0	0	0	0	0	0	0	0	0	0	0	0	0	0	0	0	0	0	0	0	0	0	0	0	0	0	0	0	0	0	0	0	0	0	0	0	0
0	0	0	0	0.00646475802382	0	0	0	0	0.00264683760033	0.00107587283754	0	0.000361797945369	0	0	0	0	0	0	0	0.00130437680304	0	0	0	0.00348468547381	0	0	0	0.00635050604107	0.000304671953995	0	0	0	0.000104730984186	0.000485570926679	0	0	0	0	0.0169188144453	0	0.00053317591949	0.000799763879236	0.00040940293818	0.00854985670897	0.00192324170959	0	0.00301815654426	0	0.000238024964058	0.000552217916615	0	0	0	0	0.00658853100513	0	0	0	0.0113680722834	0	0	0	0.00769296683836	0	0	0	0	0	0	2.8562995687e-05	0	0.000390360941055	5.7125991374e-05	1.90419971247e-05	0	0	0.000752158886424	0	0	0	5.7125991374e-05	0	0
0	0	0	0	0	0	0	0	0	0	0	0	0	0	0	0	0	0	0	0	0	0	0	0	0	0	0	0	0	0	0	0	0	0	0	0	0	0	0	0	0.00281821557445	0.00171377974122	0	0.000257066961183	0	4.76049928116e-05	0	0	0	0	0.00141862878579	0	0	0	0	0	0	0	0	0	0	0	0	0	0	0	0	8.5688987061e-05	0	0	0	0	0	0	0	0	0	0.000180898972684	0	0	0	0.000999704849045	9.52099856233e-05	0
0	0	0	0	5.7125991374e-05	0	0	0	0.000894973864859	0.000295150955432	9.52099856233e-06	0.000418923936742	0.00461768430273	2.8562995687e-05	7.61679884986e-05	9.52099856233e-06	0	0	0	0	1.90419971247e-05	0	0	0	7.61679884986e-05	0	0	0	2.8562995687e-05	0.00208509868515	0.00012377298131	0	0	0.000180898972684	0.00183755272253	0.00138054479154	0	0	0	0.00053317591949	0.00171377974122	0.0445392312746	0.00688368196056	0.0223553046243	0.000590301910864	0.0133960449772	0.00371318943931	0.0103683674344	0	0.00499852424522	0.00454151631423	0	0	9.52099856233e-06	0	0.00305624053851	0.00106635183898	0	0.00165665374985	0.000580780912302	0	2.8562995687e-05	9.52099856233e-06	0.00178042673116	0.00175186373547	0.000390360941055	0	0.000114251982748	3.80839942493e-05	0.0020470146909	0.000257066961183	0	0.00135198179585	9.52099856233e-06	0	0	0	0.00357989545944	0	0.00370366844075	0.000761679884986	0.00584589311727	0.00205653568946	9.52099856233e-06
0	0	0	0	0	0	0	0	0	0.000552217916615	0	0	0	0	0	9.52099856233e-06	0	0	0	0	0	0	0	0	0.000257066961183	0	0	0	5.7125991374e-05	0.000276108958308	0.000333234949682	0	0	0.000352276946806	0.000399881939618	0.00881644466872	0	0	0	0.000799763879236	0	0.00688368196056	0.0676847787796	0.0143291028363	0.000885452866297	0.0197465510183	0.000276108958308	9.52099856233e-06	9.52099856233e-06	0.011834601213	0.000609343907989	0	0	0.000209461968371	0.000190419971247	0	0.003284744504	0	0.00118060382173	0.00833087374204	0	0	2.8562995687e-05	0.0288581466424	0.00550313716903	0.00514133922366	0	0	0.000828326874923	0.000199940969809	4.76049928116e-05	0	0.000114251982748	3.80839942493e-05	0	0	0	0.00040940293818	9.52099856233e-06	0.000866410869172	4.76049928116e-05	0	0.000257066961183	9.52099856233e-06
0	0	0	0	4.76049928116e-05	0	0	0	1.90419971247e-05	4.76049928116e-05	0	7.61679884986e-05	0.00164713275128	1.90419971247e-05	0	9.52099856233e-06	0	0	0	0	9.52099856233e-06	0	0	0	1.90419971247e-05	0	0	0	1.90419971247e-05	0.000180898972684	1.90419971247e-05	0	0	4.76049928116e-05	0.000199940969809	0.0100827374775	0	0	0	0.00040940293818	0.000257066961183	0.0223553046243	0.0143291028363	0.0526606430482	0.000209461968371	0.011682265236	0.000599822909427	0.00377983642924	0	0.0211556588055	0.00182803172397	1.90419971247e-05	0	0	0	0.00160904875703	0.00207557768659	0	0.00663613599794	0.000142814978435	0	0	3.80839942493e-05	0.00296103055288	0.00168521674553	0.00634098504251	0	0.000942578857671	0	0.00231360265065	0	0	0.000180898972684	9.52099856233e-06	0	0	0	0.00279917357732	9.52099856233e-06	0.00178042673116	0.00158048576135	0.00287534156582	0.00390360941055	0.000104730984186
0	0	0	0	0.00610296007845	0	0	0	0	0.0133865239786	0.000837847873485	3.80839942493e-05	9.52099856233e-06	0	0	6.66469899363e-05	0	0	0	0	0.000971141853358	0.000323713951119	0.00491283525816	0.000114251982748	0.0130056840361	0	0	0	0.0118155592159	0.000914015861984	0.00156144376422	0	0	0.00167569574697	0.00249450162333	1.90419971247e-05	0.00109491483467	0	0	0.00854985670897	0	0.000590301910864	0.000885452866297	0.000209461968371	0.0389028001257	0.000466528929554	5.7125991374e-05	0.0029324675572	0.000247545962621	3.80839942493e-05	0.00238024964058	0	0	2.8562995687e-05	1.90419971247e-05	0.00188515771534	0	0.00615056507126	0	0.0307433043578	0.000314192952557	0	1.90419971247e-05	0.012072626177	0.000437965933867	0	0	0	0.000342755948244	0.000104730984186	0.00198988869953	0	0.00174234273691	0.000990183850482	6.66469899363e-05	0	0	0.00216126667365	0.000380839942493	0.00057125991374	0.000114251982748	0.000304671953995	9.52099856233e-05	0
0	0	0	0	0.00232312364921	0	0	0	0	0.00209461968371	0.00217078767221	9.52099856233e-06	0.00469385229123	0	4.76049928116e-05	0	0	0	0	0	0.00177090573259	0	0	0	0.000152335976997	0	0	0	0.00193276270815	0.000866410869172	0.000142814978435	0	0	0.00172330073978	0.0020470146909	0.00069503289505	0	0	0	0.00192324170959	4.76049928116e-05	0.0133960449772	0.0197465510183	0.011682265236	0.000466528929554	0.0639430263446	0.00720739591168	0.00964477154364	2.8562995687e-05	0.00902590663709	0.00127581380735	0	0	0.00152335976997	0.00108539383611	0.00512229722653	0	0	0	0.00545553217621	0	0.000437965933867	2.8562995687e-05	0.00639811103389	0.00682655596919	0	0	0	0.000799763879236	0.00316097152269	1.90419971247e-05	0	0.00187563671678	9.52099856233e-06	0	0	0	0.00318953451838	9.52099856233e-06	0.00893069665146	9.52099856233e-05	1.90419971247e-05	0.000342755948244	6.66469899363e-05
0	0	0	0	0	0	0	0	0	5.7125991374e-05	0	0.000437965933867	0.00233264464777	0.0032085765155	0	0	0	0	0	0	1.90419971247e-05	0	0	5.7125991374e-05	2.8562995687e-05	0.00185659471965	0	0.00160904875703	2.8562995687e-05	2.8562995687e-05	1.90419971247e-05	0	0	2.8562995687e-05	3.80839942493e-05	0	9.52099856233e-06	0	0	0	0	0.00371318943931	0.000276108958308	0.000599822909427	5.7125991374e-05	0.00720739591168	0.033980443869	0.00550313716903	0.0055602631604	0.00429397035161	0	0.00012377298131	2.8562995687e-05	0.00251354362045	0.00289438356295	0.00101874684617	0.000171377974122	1.90419971247e-05	9.52099856233e-05	0.000209461968371	0.00057125991374	0.00295150955432	0.000380839942493	0.000371318943931	0.000542696918053	0	0.000904494863421	0.000276108958308	0	0.0116917862345	9.52099856233e-06	0.000961620854795	2.8562995687e-05	0	0	0	0.000266587959745	0.00151383877141	0.00641715303101	0.0139101788996	0.00169473774409	1.90419971247e-05	9.52099856233e-06	0.00330378650113
0	0	0	0	0.00152335976997	0	0	0	4.76049928116e-05	0.00138054479154	0.000885452866297	0	0.00680751397207	0	9.52099856233e-06	0	0	0	0	0	0.000666469899363	0	0	0	0.00069503289505	0	0	0	0.000485570926679	2.8562995687e-05	0	0	0	0.000228503965496	0.000247545962621	0	0	0	0	0.00301815654426	0	0.0103683674344	9.52099856233e-06	0.00377983642924	0.0029324675572	0.00964477154364	0.00550313716903	0.0258590320953	9.52099856233e-06	0.00230408165208	0.00151383877141	0	0	0.000142814978435	0	0.00918776361265	0	0	0	0.00418923936742	0	0.000257066961183	0	0.000971141853358	0	0	0	0	0	0.0022755186564	0	0	0.000228503965496	0	1.90419971247e-05	0	0	0.000447486932429	0	0.00498900324666	0	0.000199940969809	0	9.52099856233e-06
0	0.000171377974122	0	0	0	0	0	0	0	0	0	0.000476049928116	9.52099856233e-06	0.00720739591168	0	0	0	0	0	0	0	0	0	0	5.7125991374e-05	0.00451295331854	0.000457007930992	0.00757871485561	0	0	0	0.000171377974122	0	0	0	0	0.00170425874266	0	0	0	0	0	9.52099856233e-06	0	0.000247545962621	2.8562995687e-05	0.0055602631604	9.52099856233e-06	0.0186611571822	0	0	0	0	0	0	0	0	0.000666469899363	0	0.000666469899363	0.00853081471185	0.00335139149394	0.00555074216184	9.52099856233e-06	0	0	0.00233264464777	0	0	8.5688987061e-05	0	0.00118060382173	0	0	0	0	0.000276108958308	0.000342755948244	0.0053317591949	0.000733116889299	0.000361797945369	0	0	0.00276108958308
0	0	0	0	1.90419971247e-05	0	0	0	0	3.80839942493e-05	0	9.52099856233e-06	0.00130437680304	9.52099856233e-06	0	0	0	0	0	0	9.52099856233e-06	0	0	0	1.90419971247e-05	0	0	0	9.52099856233e-06	3.80839942493e-05	0	0	0	2.8562995687e-05	3.80839942493e-05	0.0125201131095	0	0	0	0.000238024964058	0	0.00499852424522	0.011834601213	0.0211556588055	3.80839942493e-05	0.00902590663709	0.00429397035161	0.00230408165208	0	0.0402262189258	0.000199940969809	0	0	0	0	0.000666469899363	0.000961620854795	0	0.00396073540193	0.000238024964058	0	0	3.80839942493e-05	0.00110443583323	0.00650284201807	0.00653140501376	0	0.000247545962621	0	0.00471289428835	0	0	3.80839942493e-05	0	0	0	0	0.000590301910864	0	0.00184707372109	0.000104730984186	0.000466528929554	0.000247545962621	0.000142814978435
0	0	0	0	0	0	0	0	0.000133293979873	9.52099856233e-05	0	0	1.90419971247e-05	0	1.90419971247e-05	9.52099856233e-06	0	0	0	0	0	0	0	0	0.000266587959745	0	0	0	2.8562995687e-05	0.000266587959745	4.76049928116e-05	0	0	3.80839942493e-05	0.000180898972684	0.000295150955432	0	0	0	0.000552217916615	0.00141862878579	0.00454151631423	0.000609343907989	0.00182803172397	0.00238024964058	0.00127581380735	0	0.00151383877141	0	0.000199940969809	0.00910207462559	0	0	0	0	0.000276108958308	0	0	0	0.00208509868515	0	0	0	0.00110443583323	0.000304671953995	0	0	0	0	0	0	0	0.000142814978435	1.90419971247e-05	0	0	0	0.000437965933867	0	0	0	0.00159000675991	3.80839942493e-05	0
0	0	0.000266587959745	0	0	0	0	0	0	0	0	0.000142814978435	0	0	0	0	0.00309432453276	0.000209461968371	0	0.00057125991374	0	7.61679884986e-05	0.00946387257096	0.00738829488437	3.80839942493e-05	0	0.000238024964058	0.0103588464358	8.5688987061e-05	0	0	0	0	0	0.00105683084042	0	9.52099856233e-06	0	0	0	0	0	0	1.90419971247e-05	0	0	0.00012377298131	0	0	0	0	0.0302672544296	0.000228503965496	9.52099856233e-05	0.000609343907989	0	0.00142814978435	0.0167093524769	0.00258019061039	0.00567451514315	0	0.000199940969809	0.00655044701088	0.00132341880016	0	0	0	0	0	0.000104730984186	9.52099856233e-06	9.52099856233e-06	0.000790242880673	0.000152335976997	9.52099856233e-06	0	0	0.00337995448963	0.00012377298131	0.00178994772972	0.00171377974122	2.8562995687e-05	1.90419971247e-05	9.52099856233e-06
1.90419971247e-05	0.000476049928116	0.00053317591949	0	0	9.52099856233e-06	0	0	0	0	0	0	0	0	1.90419971247e-05	9.52099856233e-06	0	0.00813093277223	0	0.000647427902238	0	6.66469899363e-05	0	0.000104730984186	0	0	0.00122820881454	0.000599822909427	0	9.52099856233e-06	7.61679884986e-05	0	0	0	0.00199940969809	0	0.0012377298131	0.0055602631604	0	0	0	0	0	0	0	0	2.8562995687e-05	0	0	0	0	0.000228503965496	0.0353324256648	0	0.0051318182251	0	0.00127581380735	9.52099856233e-06	0.010311241443	0	0	0.00121868781598	0.0120059791871	0.000428444935305	0	0	0	0	0	0.00187563671678	2.8562995687e-05	0	0.00126629280879	0.000685511896488	0	0	0	1.90419971247e-05	9.52099856233e-06	0.00326570250688	0.000437965933867	0	0	0
0	0	0	0	0	0	0	0	0	1.90419971247e-05	0	0	4.76049928116e-05	9.52099856233e-06	0	9.52099856233e-06	0	0	0	0	0	0	0	0	0	0	9.52099856233e-06	9.52099856233e-06	0	9.52099856233e-06	1.90419971247e-05	9.52099856233e-06	0	1.90419971247e-05	2.8562995687e-05	0	0	0	0	0	0	9.52099856233e-06	0.000209461968371	0	2.8562995687e-05	0.00152335976997	0.00251354362045	0.000142814978435	0	0	0	9.52099856233e-05	0	0.0069503289505	0.00391313040912	9.52099856233e-06	0.000133293979873	0	1.90419971247e-05	1.90419971247e-05	0	0.00081880587636	0	0.000104730984186	0	0	0	0	0	0.00165665374985	0	0	9.52099856233e-06	9.52099856233e-06	9.52099856233e-06	0	0	9.52099856233e-06	0	0.0046748102941	0.000257066961183	0	0	0
