0.0187174311065	9.38923055256e-05	0.0022956668701	0	0.000136143843012	2.34730763814e-05	0.000901366133045	0.0048683160415	0.00438007605277	0.000352096145721	0.000169006149946	0.000408431529036	0.000192479226327	0.00020186845688	0.00887751748744	0.000122059997183	9.38923055256e-05	0.00142716304399	5.63353833153e-05	0.000380263837379	0.000258203840195	0.00119712689545	0.000291066147129	0.00236608609924	0.000934228439979	2.34730763814e-05	0.00121121074128	0.000722970752547	0.00222524764096	0.0107741420591	0.00874137364443	0	7.04192291442e-05	0.00169475611474	0.00295760762406	7.04192291442e-05	9.38923055256e-05	2.81676916577e-05	0	9.38923055256e-06	0	0	0.000103281536078	4.69461527628e-06	0.000291066147129	3.28623069339e-05	1.40838458288e-05	1.40838458288e-05	1.40838458288e-05	7.98084596967e-05	0	3.28623069339e-05	4.69461527628e-06	4.69461527628e-06	2.81676916577e-05	1.40838458288e-05	1.87784611051e-05	0.000291066147129	7.51138444204e-05	0.000187784611051	4.69461527628e-06	5.16407680391e-05	0.000103281536078	0.000258203840195	6.57246138679e-05	4.69461527628e-05	0	0	1.40838458288e-05	6.10299985916e-05	0.000624383831745	0.000215952302709	0.00165250457725	0.000774611520586	0.000169006149946	0.000169006149946	2.81676916577e-05	0.000136143843012	4.69461527628e-05	6.57246138679e-05	1.87784611051e-05	2.34730763814e-05	0	4.69461527628e-06
9.38923055256e-05	0.0194497910896	0.00251631378809	0	0	1.40838458288e-05	5.16407680391e-05	5.63353833153e-05	0.000136143843012	0.000901366133045	0	0.000248814609643	9.38923055256e-06	0.0002769823013	0.00012675461246	4.22515374865e-05	0.0002769823013	0.00208440918267	5.63353833153e-05	0.000732359983099	9.38923055256e-06	0.000169006149946	0.0036617999155	0.000694803060889	0.000614994601192	0.00125346227877	0.00526266372471	0.0115346697338	0.000267593070748	0.000267593070748	0.000319233838787	9.38923055256e-06	9.38923055256e-06	5.16407680391e-05	0.00110323458993	2.34730763814e-05	0.00990563823295	0.00217830148819	0	4.69461527628e-06	0	0	6.10299985916e-05	9.38923055256e-06	9.38923055256e-05	1.40838458288e-05	7.04192291442e-05	4.69461527628e-06	5.16407680391e-05	4.22515374865e-05	0	0.000122059997183	0.000399042298484	4.69461527628e-05	0.000347401530445	4.69461527628e-06	1.40838458288e-05	0.000361485376273	0.000507018449838	0.000117365381907	0.000375569222102	0.00285902070325	0.00501384911507	0.000112670766631	2.81676916577e-05	4.22515374865e-05	4.69461527628e-06	0	0	0.000291066147129	0.000938923055256	0.000558659217877	0.000666635369231	0.0002769823013	9.38923055256e-05	1.87784611051e-05	2.34730763814e-05	0.000474156142904	0.000516407680391	0.000413126144312	6.57246138679e-05	9.38923055256e-06	4.69461527628e-06	4.69461527628e-06
0.0022956668701	0.00251631378809	0.0394535467818	0	4.22515374865e-05	4.69461527628e-05	0.000417820759589	0.00133327073846	0.00163372611614	0.00016431153467	4.69461527628e-05	0.000502323834562	7.04192291442e-05	0.00020186845688	0.00189192995634	5.16407680391e-05	0.000272287686024	0.00814515750434	0.000117365381907	0.000774611520586	7.04192291442e-05	0.00218769071875	0.00178395380499	0.0158584104033	0.000305149992958	5.63353833153e-05	0.00697619830055	0.0178442326651	0.000976479977466	0.00216891225764	0.00585418524952	4.69461527628e-06	6.10299985916e-05	0.000154922304117	0.00343176376696	3.75569222102e-05	0.00458663912492	0.00142716304399	0	0	0	0	0.000131449227736	3.28623069339e-05	0.00012675461246	4.69461527628e-05	2.34730763814e-05	0	1.40838458288e-05	9.85869208018e-05	0	0.000272287686024	0.000384958452655	1.40838458288e-05	0.000103281536078	4.69461527628e-06	5.63353833153e-05	0.00253509224919	0.00190601380217	0.00012675461246	5.63353833153e-05	0.000765222290033	0.00373221914464	0.000305149992958	6.10299985916e-05	9.38923055256e-05	0	0	1.87784611051e-05	0.000253509224919	0.0039575606779	0.00128162997042	0.0032064222337	0.00204215764518	0.000305149992958	0.000211257687433	3.75569222102e-05	0.000474156142904	0.000347401530445	0.000323928454063	0.000112670766631	4.69461527628e-06	0	4.69461527628e-06
0	0	0	0	0	0	0	0	0	0	0	0	0	0	0	0	0	0	0	0	0	0	0	0	0	0	0	0	0	0	0	0	0	0	0	0	0	0	0	0	0	0	0	0	0	0	0	0	0	0	0	0	0	0	0	0	0	0	0	0	0	0	0	0	0	0	0	0	0	0	0	0	0	0	0	0	0	0	0	0	0	0	0	0
0.000136143843012	0	4.22515374865e-05	0	0.0201680672269	3.75569222102e-05	0.0037603868363	0.000291066147129	0.00293413454767	0.00126285150932	0.00198112764659	0.00023942537909	0.00454438758744	0.000136143843012	0.000746443828928	0.000220646917985	1.40838458288e-05	2.34730763814e-05	3.28623069339e-05	2.81676916577e-05	0.0106661659077	4.22515374865e-05	9.38923055256e-06	7.04192291442e-05	0.0134453781513	1.40838458288e-05	0.000122059997183	3.75569222102e-05	0.00689169522558	0.000755833059481	8.91976902493e-05	4.69461527628e-06	7.51138444204e-05	0.000122059997183	0.00138021689123	7.98084596967e-05	9.38923055256e-06	1.40838458288e-05	0	0.000323928454063	0	0.000230036148538	0.00178864842026	0.000178395380499	0.00163372611614	0.00107037228299	2.81676916577e-05	0.000169006149946	0	0.000300455377682	2.81676916577e-05	1.87784611051e-05	0	4.69461527628e-06	1.40838458288e-05	0.00040373691376	0	3.28623069339e-05	1.87784611051e-05	0.00279799070466	0	2.34730763814e-05	4.69461527628e-06	0.00226749917844	0.000234730763814	1.87784611051e-05	0	4.69461527628e-06	2.81676916577e-05	0.000220646917985	0.000535186141496	4.69461527628e-05	0.000990563823295	0.000258203840195	0.00056804844843	0.000225341533261	4.69461527628e-06	9.38923055256e-05	3.75569222102e-05	0.000183089995775	2.81676916577e-05	4.69461527628e-05	1.40838458288e-05	4.69461527628e-06
2.34730763814e-05	1.40838458288e-05	4.69461527628e-05	0	3.75569222102e-05	0.0058588798648	0.00238486456035	8.91976902493e-05	0.00158677996338	0.000262898455472	5.16407680391e-05	0.000140838458288	0.000192479226327	0.000103281536078	0.000389653067931	0.00114548612741	9.38923055256e-06	1.40838458288e-05	9.38923055256e-06	0	0.000122059997183	6.57246138679e-05	1.87784611051e-05	0.000234730763814	0.000107976151354	0	5.63353833153e-05	7.98084596967e-05	0.00016431153467	0.000319233838787	7.04192291442e-05	0	0.00270409839914	1.40838458288e-05	0.000619689216469	4.69461527628e-06	0	4.69461527628e-06	0	0	0	9.38923055256e-06	3.75569222102e-05	9.38923055256e-06	5.16407680391e-05	1.40838458288e-05	0	0	0	1.40838458288e-05	0	4.69461527628e-06	4.69461527628e-06	0	4.69461527628e-06	0	4.69461527628e-06	9.38923055256e-06	4.22515374865e-05	4.69461527628e-05	0	9.38923055256e-06	4.69461527628e-06	3.75569222102e-05	4.69461527628e-06	4.69461527628e-06	0	0	4.69461527628e-06	4.69461527628e-06	0.000375569222102	3.75569222102e-05	0.000516407680391	0.000492934604009	0.00169475611474	0.000483545373457	9.38923055256e-06	1.87784611051e-05	9.38923055256e-06	4.22515374865e-05	3.28623069339e-05	0	0	0
0.000901366133045	5.16407680391e-05	0.000417820759589	0	0.0037603868363	0.00238486456035	0.0632740246937	0.00293882916295	0.0361954837801	0.00104220459133	0.0150744096521	0.00338012299892	0.0212243556641	0.00123937843294	0.00814046288907	0.00277921224356	4.69461527628e-05	0.000291066147129	0.000483545373457	0.000544575372048	0.0160696680907	0.000516407680391	0.000159616919393	0.000690108445613	0.00566170602319	0.000136143843012	0.0015445284259	0.000525796910943	0.00661471292428	0.00624383831745	0.0010891507441	1.40838458288e-05	0.00359138068635	0.000488239988733	0.0098164405427	0.000187784611051	7.98084596967e-05	3.28623069339e-05	0	0.000103281536078	0	0.000145533073565	0.00143185765926	0.000262898455472	0.00142246842871	0.000774611520586	2.81676916577e-05	0.000215952302709	2.81676916577e-05	0.000455377681799	0	2.81676916577e-05	0	1.40838458288e-05	5.16407680391e-05	0.000244119994366	4.69461527628e-06	0.000150227688841	6.10299985916e-05	0.00205154687573	5.63353833153e-05	0.000107976151354	6.57246138679e-05	0.00149758227313	0.000215952302709	5.63353833153e-05	4.69461527628e-06	4.69461527628e-06	2.81676916577e-05	0.000230036148538	0.00331909300033	0.000474156142904	0.00502793296089	0.00160086380921	0.00399511760011	0.00185906764941	0.000136143843012	0.000234730763814	6.10299985916e-05	0.000253509224919	8.4503074973e-05	4.22515374865e-05	2.34730763814e-05	4.69461527628e-06
0.0048683160415	5.63353833153e-05	0.00133327073846	0	0.000291066147129	8.91976902493e-05	0.00293882916295	0.0307966762124	0.00700436599221	0.000957701516361	0.00164780996197	0.000309844608234	0.00036617999155	0.000136143843012	0.0050654898831	0.000248814609643	6.10299985916e-05	0.000751138444204	5.63353833153e-05	0.000178395380499	0.00104220459133	0.00172761842167	0.000178395380499	0.00221116379513	0.00216421764236	2.81676916577e-05	0.000704192291442	0.000347401530445	0.0103938782217	0.00291066147129	0.00563823294681	0	0.000187784611051	0.000938923055256	0.00272287686024	8.4503074973e-05	2.81676916577e-05	2.81676916577e-05	0	9.38923055256e-06	4.69461527628e-06	4.22515374865e-05	0.000460072297075	0.000117365381907	0.00103281536078	0.000197173841604	2.34730763814e-05	3.28623069339e-05	1.40838458288e-05	0.000206563072156	4.69461527628e-06	1.40838458288e-05	4.69461527628e-06	9.38923055256e-06	2.34730763814e-05	7.98084596967e-05	0	0.000173700765222	6.10299985916e-05	0.000835641519178	9.38923055256e-06	4.22515374865e-05	3.75569222102e-05	0.000647856908126	0.000154922304117	3.75569222102e-05	0	9.38923055256e-06	1.40838458288e-05	0.00016431153467	0.000821557673349	0.00012675461246	0.00181681611192	0.000760527674757	0.000333317684616	0.000258203840195	4.69461527628e-06	0.000192479226327	4.22515374865e-05	0.000136143843012	4.22515374865e-05	1.40838458288e-05	2.81676916577e-05	9.38923055256e-06
0.00438007605277	0.000136143843012	0.00163372611614	0	0.00293413454767	0.00158677996338	0.0361954837801	0.00700436599221	0.0695084737806	0.00125346227877	0.0089244636402	0.00408900990564	0.0101591474579	0.0014834984273	0.0238110886813	0.00107976151354	8.4503074973e-05	0.000835641519178	0.000638467677574	0.000704192291442	0.010041782076	0.00170414534529	0.000309844608234	0.00225810994789	0.00593868832449	0.000159616919393	0.00214074456598	0.000863809210835	0.0092624759401	0.011215435895	0.00446927374302	3.75569222102e-05	0.00398572836956	0.000816863058072	0.0118539035726	0.000230036148538	0.000140838458288	3.75569222102e-05	0	9.85869208018e-05	0	0.000131449227736	0.0014834984273	0.00023942537909	0.00168536688418	0.000737054598376	4.22515374865e-05	8.4503074973e-05	2.81676916577e-05	0.000507018449838	0	5.16407680391e-05	9.38923055256e-06	1.40838458288e-05	4.69461527628e-05	0.000173700765222	1.40838458288e-05	0.000323928454063	7.04192291442e-05	0.00215952302709	5.63353833153e-05	0.00012675461246	0.000183089995775	0.00161025303976	0.000258203840195	7.51138444204e-05	0	4.69461527628e-06	3.28623069339e-05	0.000262898455472	0.00329561992395	0.000610299985916	0.00571334679123	0.00189192995634	0.00261959532416	0.00199990610769	0.000140838458288	0.000328623069339	8.4503074973e-05	0.000281676916577	8.91976902493e-05	4.69461527628e-05	1.40838458288e-05	9.38923055256e-06
0.000352096145721	0.000901366133045	0.00016431153467	0	0.00126285150932	0.000262898455472	0.00104220459133	0.000957701516361	0.00125346227877	0.0202619595324	0.000169006149946	0.000154922304117	0.000915449978874	0.000140838458288	0.000558659217877	0.00192948687855	0.0002769823013	0.000136143843012	4.69461527628e-06	7.98084596967e-05	0.000835641519178	0.000352096145721	0.00376508145158	0.000319233838787	0.00865687056946	0.000192479226327	0.000338012299892	0.000708886906718	0.0037603868363	0.00141777381344	0.000999953053847	0	7.51138444204e-05	0.000685413830337	0.00148819304258	0.000215952302709	8.4503074973e-05	3.75569222102e-05	0	0.000187784611051	9.38923055256e-06	0.000169006149946	0.0018215107272	0.000220646917985	0.00486362142622	0.000896671517769	1.87784611051e-05	0.000187784611051	4.69461527628e-06	0.000427209990141	2.81676916577e-05	0.000140838458288	4.69461527628e-06	0	1.40838458288e-05	0.000328623069339	6.10299985916e-05	0.00137552227595	6.57246138679e-05	0.00447866297357	1.87784611051e-05	5.16407680391e-05	7.04192291442e-05	0.00338951222947	0.000389653067931	0.000183089995775	0	9.38923055256e-06	7.98084596967e-05	0.000309844608234	0.00215013379654	0.000136143843012	0.00105159382189	0.00047885075818	0.00384488991127	0.000187784611051	9.38923055256e-06	0.000338012299892	8.4503074973e-05	0.000309844608234	0.000103281536078	3.75569222102e-05	2.81676916577e-05	0
0.000169006149946	0	4.69461527628e-05	0	0.00198112764659	5.16407680391e-05	0.0150744096521	0.00164780996197	0.0089244636402	0.000169006149946	0.0292850100934	0.000427209990141	0.00774142059058	0.000150227688841	0.00117834843435	0.000117365381907	0	1.40838458288e-05	6.57246138679e-05	5.63353833153e-05	0.0115628374255	3.75569222102e-05	2.34730763814e-05	7.04192291442e-05	0.00190131918689	9.38923055256e-06	0.000169006149946	5.63353833153e-05	0.00328623069339	0.000849725365006	8.91976902493e-05	4.69461527628e-06	0.00016431153467	6.57246138679e-05	0.0014834984273	1.87784611051e-05	9.38923055256e-06	0	0	5.16407680391e-05	0	3.28623069339e-05	0.000215952302709	3.75569222102e-05	0.000230036148538	0.000154922304117	0	5.63353833153e-05	4.69461527628e-06	6.10299985916e-05	0	0	0	0	4.69461527628e-06	6.10299985916e-05	4.69461527628e-06	2.34730763814e-05	9.38923055256e-06	0.000384958452655	9.38923055256e-06	1.40838458288e-05	0	0.000281676916577	4.69461527628e-05	4.69461527628e-06	4.69461527628e-06	4.69461527628e-06	4.69461527628e-06	1.87784611051e-05	0.000408431529036	5.63353833153e-05	0.00084503074973	0.000230036148538	0.000300455377682	0.000211257687433	2.81676916577e-05	3.75569222102e-05	1.87784611051e-05	4.22515374865e-05	1.40838458288e-05	0	4.69461527628e-06	0
0.000408431529036	0.000248814609643	0.000502323834562	0	0.00023942537909	0.000140838458288	0.00338012299892	0.000309844608234	0.00408900990564	0.000154922304117	0.000427209990141	0.0357541899441	0.00118304304962	0.00999953053847	0.00290127224074	6.57246138679e-05	3.75569222102e-05	0.00106567766772	0.00723909675602	0.00521102295667	0.00084503074973	0.00020186845688	0.000145533073565	0.000600910755364	0.000502323834562	0.00196704380076	0.0136190789165	0.00310314069762	0.000647856908126	0.00522041218722	0.000661940753955	0.000868503826111	0.000967090746913	0.000140838458288	0.0135862166095	1.40838458288e-05	0.000464766912352	5.63353833153e-05	0	9.38923055256e-06	0	1.40838458288e-05	0.00012675461246	2.81676916577e-05	0.000131449227736	6.10299985916e-05	0.00097178536219	4.69461527628e-06	0.00107976151354	0.000117365381907	0	9.38923055256e-06	2.34730763814e-05	0.000220646917985	0.000469461527628	2.34730763814e-05	4.69461527628e-06	0.000107976151354	7.51138444204e-05	0.000140838458288	0.000999953053847	0.00165250457725	0.000793389981691	0.000140838458288	0.000103281536078	2.34730763814e-05	7.51138444204e-05	0	4.69461527628e-06	0.000211257687433	0.00234730763814	0.00363363222384	0.00462889066241	0.00115956997324	0.000244119994366	0.000253509224919	0.00105159382189	0.000136143843012	0.00088258767194	0.000309844608234	5.16407680391e-05	4.69461527628e-06	4.69461527628e-06	0.000136143843012
0.000192479226327	9.38923055256e-06	7.04192291442e-05	0	0.00454438758744	0.000192479226327	0.0212243556641	0.00036617999155	0.0101591474579	0.000915449978874	0.00774142059058	0.00118304304962	0.0394676306277	0.000436599220694	0.00252570301864	0.00286840993381	4.69461527628e-06	8.91976902493e-05	0.00020186845688	0.000215952302709	0.0171775972959	0.000103281536078	5.16407680391e-05	0.000145533073565	0.00528144218581	3.28623069339e-05	0.000535186141496	0.000178395380499	0.00315478146566	0.00230505610065	0.000169006149946	4.69461527628e-06	0.000539880756772	0.000197173841604	0.00438946528332	9.85869208018e-05	1.87784611051e-05	0	0	0.000112670766631	0	0.00012675461246	0.000967090746913	0.000154922304117	0.000737054598376	0.000657246138679	9.38923055256e-06	0.000713581521994	4.69461527628e-06	0.000272287686024	0	9.38923055256e-06	0	4.69461527628e-06	9.38923055256e-06	0.000248814609643	4.69461527628e-06	4.69461527628e-05	1.87784611051e-05	0.00144594150509	2.34730763814e-05	3.75569222102e-05	1.40838458288e-05	0.00108445612882	0.000154922304117	1.40838458288e-05	4.69461527628e-06	4.69461527628e-06	1.87784611051e-05	0.000122059997183	0.00139899535233	0.000169006149946	0.00253978686447	0.000614994601192	0.0018215107272	0.000751138444204	7.51138444204e-05	8.91976902493e-05	4.22515374865e-05	0.000117365381907	5.63353833153e-05	1.87784611051e-05	9.38923055256e-06	0
0.00020186845688	0.0002769823013	0.00020186845688	0	0.000136143843012	0.000103281536078	0.00123937843294	0.000136143843012	0.0014834984273	0.000140838458288	0.000150227688841	0.00999953053847	0.000436599220694	0.0242805502089	0.000953006901084	4.69461527628e-05	7.04192291442e-05	0.000197173841604	0.000610299985916	0.000408431529036	0.000361485376273	0.00016431153467	0.000230036148538	0.000352096145721	0.000291066147129	0.00462419604713	0.00703253368386	0.00460072297075	0.00040373691376	0.00171822919112	0.000333317684616	0.00104689920661	0.00056804844843	0.00016431153467	0.00453969297216	4.69461527628e-05	0.000225341533261	1.87784611051e-05	0	4.69461527628e-06	0	4.69461527628e-06	0.000103281536078	4.22515374865e-05	0.00012675461246	5.63353833153e-05	0.00181681611192	1.87784611051e-05	0.00179334303554	0.000192479226327	0	3.75569222102e-05	1.87784611051e-05	0.0002769823013	0.000629078447021	2.81676916577e-05	9.38923055256e-06	0.000131449227736	5.16407680391e-05	0.000154922304117	0.00165719919253	0.00202337918408	0.000976479977466	0.000131449227736	0.000206563072156	1.87784611051e-05	0.000178395380499	9.38923055256e-06	9.38923055256e-06	0.000328623069339	0.00140838458288	0.00195765457021	0.00313130838928	0.00138021689123	0.000145533073565	0.000967090746913	0.00124876766349	0.00012675461246	0.0013849115065	0.000464766912352	5.16407680391e-05	0	4.69461527628e-06	0.000300455377682
0.00887751748744	0.00012675461246	0.00189192995634	0	0.000746443828928	0.000389653067931	0.00814046288907	0.0050654898831	0.0238110886813	0.000558659217877	0.00117834843435	0.00290127224074	0.00252570301864	0.000953006901084	0.039847894465	0.000342706915168	8.91976902493e-05	0.00105159382189	0.000436599220694	0.000558659217877	0.00226749917844	0.0013849115065	0.000281676916577	0.00207971456739	0.00228627763955	0.000117365381907	0.00162433688559	0.000802779212244	0.00418290221116	0.015717571945	0.00564292756209	3.75569222102e-05	0.00230975071593	0.00152105534951	0.00918736209568	0.000136143843012	0.000122059997183	4.22515374865e-05	0	9.38923055256e-06	0	4.69461527628e-05	0.000492934604009	0.00012675461246	0.000760527674757	0.000211257687433	4.22515374865e-05	4.69461527628e-05	3.28623069339e-05	0.000291066147129	0	2.81676916577e-05	9.38923055256e-06	1.40838458288e-05	3.75569222102e-05	6.57246138679e-05	1.87784611051e-05	0.000305149992958	6.57246138679e-05	0.000722970752547	2.34730763814e-05	0.000103281536078	0.000145533073565	0.000600910755364	0.000169006149946	5.63353833153e-05	0	0	3.75569222102e-05	0.000154922304117	0.00165719919253	0.000450683066523	0.00370874606826	0.0012675461246	0.000779306135862	0.000802779212244	8.4503074973e-05	0.000197173841604	5.16407680391e-05	0.000159616919393	3.28623069339e-05	9.38923055256e-06	4.69461527628e-06	4.69461527628e-06
0.000122059997183	4.22515374865e-05	5.16407680391e-05	0	0.000220646917985	0.00114548612741	0.00277921224356	0.000248814609643	0.00107976151354	0.00192948687855	0.000117365381907	6.57246138679e-05	0.00286840993381	4.69461527628e-05	0.000342706915168	0.0118867658795	0.000159616919393	3.75569222102e-05	1.87784611051e-05	3.75569222102e-05	0.000450683066523	0.000558659217877	0.000211257687433	0.000793389981691	0.000981174592742	0	7.04192291442e-05	9.85869208018e-05	0.000924839209427	0.000553964602601	0.000427209990141	0	0.000211257687433	0.00023942537909	0.00160086380921	3.28623069339e-05	4.69461527628e-06	9.38923055256e-06	0	1.87784611051e-05	4.69461527628e-06	2.81676916577e-05	0.000169006149946	1.87784611051e-05	0.0002769823013	6.10299985916e-05	4.69461527628e-06	3.28623069339e-05	0	3.28623069339e-05	4.69461527628e-06	2.34730763814e-05	1.40838458288e-05	0	9.38923055256e-06	3.28623069339e-05	2.34730763814e-05	7.98084596967e-05	9.38923055256e-05	0.000267593070748	0	2.81676916577e-05	4.69461527628e-05	0.000248814609643	1.87784611051e-05	2.81676916577e-05	0	4.69461527628e-06	4.69461527628e-06	2.81676916577e-05	0.00107976151354	6.57246138679e-05	0.00279799070466	0.00302333223792	0.00598093986198	0.000380263837379	1.40838458288e-05	0.00012675461246	3.75569222102e-05	7.98084596967e-05	8.4503074973e-05	9.38923055256e-06	4.69461527628e-06	0
9.38923055256e-05	0.0002769823013	0.000272287686024	0	1.40838458288e-05	9.38923055256e-06	4.69461527628e-05	6.10299985916e-05	8.4503074973e-05	0.0002769823013	0	3.75569222102e-05	4.69461527628e-06	7.04192291442e-05	8.91976902493e-05	0.000159616919393	0.0134782404582	0.000136143843012	4.69461527628e-06	2.81676916577e-05	4.69461527628e-06	0.00251161917281	0.00406553682926	0.00482606450401	0.00302333223792	3.75569222102e-05	0.000131449227736	0.00281207455049	0.00199051687714	0.000215952302709	0.000497629219285	0	1.40838458288e-05	0.000112670766631	0.000722970752547	3.75569222102e-05	4.69461527628e-05	3.28623069339e-05	0	0	0	4.69461527628e-06	7.04192291442e-05	2.81676916577e-05	4.69461527628e-05	1.87784611051e-05	9.38923055256e-06	0	4.69461527628e-06	2.34730763814e-05	0	0.000676024599784	2.34730763814e-05	4.69461527628e-06	1.40838458288e-05	4.69461527628e-06	6.57246138679e-05	0.00150697150369	0.000586826909535	8.91976902493e-05	0	2.34730763814e-05	0.000140838458288	0.000258203840195	4.69461527628e-05	8.4503074973e-05	0	0	1.87784611051e-05	5.63353833153e-05	0.00170883996057	0.000361485376273	0.0011079292052	0.00107037228299	0.000197173841604	0.000117365381907	3.28623069339e-05	0.00023942537909	0.000122059997183	9.38923055256e-05	6.10299985916e-05	0	4.69461527628e-06	4.69461527628e-06
0.00142716304399	0.00208440918267	0.00814515750434	0	2.34730763814e-05	1.40838458288e-05	0.000291066147129	0.000751138444204	0.000835641519178	0.000136143843012	1.40838458288e-05	0.00106567766772	8.91976902493e-05	0.000197173841604	0.00105159382189	3.75569222102e-05	0.000136143843012	0.0319093000329	0.000286371531853	0.00717337214215	5.63353833153e-05	0.00133796535374	0.000558659217877	0.00838927749871	0.000234730763814	6.10299985916e-05	0.0124595089432	0.00854419980283	0.000553964602601	0.00222994225623	0.00469461527628	0	4.22515374865e-05	0.000154922304117	0.00758180367119	0	0.0026712360922	0.000690108445613	0	0	0	4.69461527628e-06	1.87784611051e-05	9.38923055256e-06	4.22515374865e-05	4.69461527628e-06	3.75569222102e-05	0	1.87784611051e-05	1.87784611051e-05	0	4.22515374865e-05	0.000154922304117	3.28623069339e-05	0.000178395380499	0	1.87784611051e-05	0.000206563072156	0.000215952302709	6.57246138679e-05	0.000211257687433	0.00124876766349	0.00150697150369	5.63353833153e-05	2.34730763814e-05	2.34730763814e-05	4.69461527628e-06	0	4.69461527628e-06	9.85869208018e-05	0.00222994225623	0.00108445612882	0.00276512839773	0.00132388150791	0.000169006149946	0.000103281536078	3.28623069339e-05	0.000145533073565	0.000192479226327	0.000140838458288	4.22515374865e-05	0	4.69461527628e-06	0
5.63353833153e-05	5.63353833153e-05	0.000117365381907	0	3.28623069339e-05	9.38923055256e-06	0.000483545373457	5.63353833153e-05	0.000638467677574	4.69461527628e-06	6.57246138679e-05	0.00723909675602	0.00020186845688	0.000610299985916	0.000436599220694	1.87784611051e-05	4.69461527628e-06	0.000286371531853	0.0088258767194	0.00238016994507	0.000169006149946	3.75569222102e-05	1.87784611051e-05	0.000154922304117	0.000103281536078	0.00016431153467	0.0047697291207	0.00076991690531	0.000150227688841	0.000699497676165	0.000140838458288	5.63353833153e-05	9.38923055256e-05	2.81676916577e-05	0.00177456457443	4.69461527628e-06	0.000140838458288	1.87784611051e-05	0	0	0	0	1.87784611051e-05	0	9.38923055256e-06	9.38923055256e-06	0.000112670766631	4.69461527628e-06	0.000136143843012	9.38923055256e-06	0	0	1.40838458288e-05	5.63353833153e-05	0.000136143843012	4.69461527628e-06	0	9.38923055256e-06	4.69461527628e-06	1.40838458288e-05	0.00023942537909	0.000483545373457	0.000253509224919	1.87784611051e-05	9.38923055256e-06	0	9.38923055256e-06	0	0	3.28623069339e-05	0.000492934604009	0.000624383831745	0.000647856908126	0.000197173841604	3.75569222102e-05	4.69461527628e-05	1.87784611051e-05	1.87784611051e-05	6.10299985916e-05	6.10299985916e-05	1.40838458288e-05	0	0	9.38923055256e-06
0.000380263837379	0.000732359983099	0.000774611520586	0	2.81676916577e-05	0	0.000544575372048	0.000178395380499	0.000704192291442	7.98084596967e-05	5.63353833153e-05	0.00521102295667	0.000215952302709	0.000408431529036	0.000558659217877	3.75569222102e-05	2.81676916577e-05	0.00717337214215	0.00238016994507	0.0186610957232	0.000154922304117	0.000295760762406	0.000173700765222	0.00107037228299	0.000159616919393	0.000225341533261	0.0105065489883	0.00303272146848	0.000267593070748	0.00121121074128	0.000976479977466	1.87784611051e-05	7.51138444204e-05	7.98084596967e-05	0.00597155063143	4.69461527628e-06	0.00177456457443	0.000225341533261	0	4.69461527628e-06	0	9.38923055256e-06	3.75569222102e-05	9.38923055256e-06	5.63353833153e-05	1.40838458288e-05	7.04192291442e-05	4.69461527628e-06	8.4503074973e-05	4.69461527628e-05	0	2.34730763814e-05	5.16407680391e-05	7.51138444204e-05	0.000333317684616	9.38923055256e-06	0	0.000117365381907	5.63353833153e-05	4.69461527628e-05	0.000549269987325	0.00129571381625	0.00107037228299	5.63353833153e-05	3.28623069339e-05	4.69461527628e-06	1.87784611051e-05	0	4.69461527628e-06	0.000131449227736	0.00199521149242	0.00111262382048	0.0028308530116	0.00111262382048	7.98084596967e-05	6.57246138679e-05	5.63353833153e-05	9.38923055256e-05	0.000169006149946	0.000173700765222	4.22515374865e-05	4.69461527628e-06	4.69461527628e-06	4.69461527628e-06
0.000258203840195	9.38923055256e-06	7.04192291442e-05	0	0.0106661659077	0.000122059997183	0.0160696680907	0.00104220459133	0.010041782076	0.000835641519178	0.0115628374255	0.00084503074973	0.0171775972959	0.000361485376273	0.00226749917844	0.000450683066523	4.69461527628e-06	5.63353833153e-05	0.000169006149946	0.000154922304117	0.0369654006854	9.38923055256e-05	5.63353833153e-05	0.00012675461246	0.00861461903197	2.34730763814e-05	0.000422515374865	0.000150227688841	0.00872259518332	0.00213604995071	0.000169006149946	4.69461527628e-06	0.000323928454063	0.000262898455472	0.00397633913901	0.000112670766631	1.40838458288e-05	1.40838458288e-05	0	0.000192479226327	0	0.000183089995775	0.0015445284259	0.00023942537909	0.00125346227877	0.00097178536219	1.40838458288e-05	0.00023942537909	1.40838458288e-05	0.000394347683207	9.38923055256e-06	9.38923055256e-06	0	4.69461527628e-06	1.40838458288e-05	0.000375569222102	0	4.69461527628e-05	1.40838458288e-05	0.00238016994507	9.38923055256e-06	4.69461527628e-05	1.40838458288e-05	0.00183089995775	0.000272287686024	2.81676916577e-05	9.38923055256e-06	9.38923055256e-06	2.34730763814e-05	0.000206563072156	0.00118304304962	0.000154922304117	0.00243181071311	0.000619689216469	0.000953006901084	0.000633773062298	7.04192291442e-05	0.000140838458288	5.63353833153e-05	0.000173700765222	5.16407680391e-05	2.81676916577e-05	1.40838458288e-05	0
0.00119712689545	0.000169006149946	0.00218769071875	0	4.22515374865e-05	6.57246138679e-05	0.000516407680391	0.00172761842167	0.00170414534529	0.000352096145721	3.75569222102e-05	0.00020186845688	0.000103281536078	0.00016431153467	0.0013849115065	0.000558659217877	0.00251161917281	0.00133796535374	3.75569222102e-05	0.000295760762406	9.38923055256e-05	0.0383315337308	0.00177925918971	0.0170508426834	0.000614994601192	3.28623069339e-05	0.000722970752547	0.00137082766067	0.0105300220647	0.00192948687855	0.0130979766208	4.69461527628e-06	6.10299985916e-05	0.000596216140087	0.0070653959908	0.000107976151354	9.85869208018e-05	7.04192291442e-05	0	0	0	1.40838458288e-05	9.85869208018e-05	2.34730763814e-05	0.00012675461246	2.81676916577e-05	4.69461527628e-06	0	4.69461527628e-06	7.51138444204e-05	0	0.000338012299892	3.28623069339e-05	0	1.40838458288e-05	4.69461527628e-06	0.000107976151354	0.00157739073283	0.000460072297075	0.000272287686024	4.69461527628e-06	4.69461527628e-05	0.000159616919393	0.000469461527628	0.000136143843012	0.000140838458288	0	0	6.10299985916e-05	0.000103281536078	0.003126613774	0.000661940753955	0.00620158677996	0.00369466222243	0.000793389981691	0.000450683066523	3.75569222102e-05	0.000295760762406	9.38923055256e-05	0.000140838458288	7.98084596967e-05	9.38923055256e-06	4.69461527628e-06	1.87784611051e-05
0.000291066147129	0.0036617999155	0.00178395380499	0	9.38923055256e-06	1.87784611051e-05	0.000159616919393	0.000178395380499	0.000309844608234	0.00376508145158	2.34730763814e-05	0.000145533073565	5.16407680391e-05	0.000230036148538	0.000281676916577	0.000211257687433	0.00406553682926	0.000558659217877	1.87784611051e-05	0.000173700765222	5.63353833153e-05	0.00177925918971	0.0253837847988	0.00434251913056	0.00440354912915	0.000619689216469	0.000943617670532	0.00714989906577	0.00232383456176	0.000995258438571	0.00124876766349	4.69461527628e-06	1.40838458288e-05	0.000600910755364	0.00165250457725	0.000267593070748	0.00129571381625	0.000267593070748	0	9.38923055256e-06	4.69461527628e-06	2.81676916577e-05	0.000328623069339	7.04192291442e-05	0.000586826909535	9.38923055256e-05	1.40838458288e-05	4.69461527628e-06	4.69461527628e-06	0.000248814609643	4.69461527628e-06	0.001920097648	9.85869208018e-05	4.69461527628e-06	4.69461527628e-05	9.38923055256e-06	0.000281676916577	0.00889629594855	0.00296699685461	0.000784000751138	4.22515374865e-05	0.000159616919393	0.00166658842308	0.00143185765926	0.000309844608234	0.000511713065114	0	4.69461527628e-06	8.91976902493e-05	0.000272287686024	0.0020186845688	0.000460072297075	0.00159616919393	0.00105159382189	0.000384958452655	0.00012675461246	2.81676916577e-05	0.000704192291442	0.000333317684616	0.000333317684616	0.000145533073565	2.34730763814e-05	2.34730763814e-05	4.69461527628e-06
0.00236608609924	0.000694803060889	0.0158584104033	0	7.04192291442e-05	0.000234730763814	0.000690108445613	0.00221116379513	0.00225810994789	0.000319233838787	7.04192291442e-05	0.000600910755364	0.000145533073565	0.000352096145721	0.00207971456739	0.000793389981691	0.00482606450401	0.00838927749871	0.000154922304117	0.00107037228299	0.00012675461246	0.0170508426834	0.00434251913056	0.0675883761326	0.00102342613023	6.57246138679e-05	0.00307497300596	0.0121966104878	0.00407492605981	0.00258203840195	0.0115769212713	9.38923055256e-06	0.000107976151354	0.000375569222102	0.00913102671236	5.16407680391e-05	0.000920144594151	0.000258203840195	0	4.69461527628e-06	0	1.40838458288e-05	0.000159616919393	3.28623069339e-05	0.000117365381907	4.69461527628e-05	2.34730763814e-05	4.69461527628e-06	1.87784611051e-05	0.000103281536078	0	0.00132857612319	0.000136143843012	9.38923055256e-06	8.91976902493e-05	9.38923055256e-06	0.000215952302709	0.00543636448993	0.00352096145721	0.00023942537909	3.75569222102e-05	0.000267593070748	0.00176986995916	0.000450683066523	0.000107976151354	0.000192479226327	0	0	3.75569222102e-05	0.000267593070748	0.00816863058072	0.00206093610629	0.011877376649	0.00917797286512	0.00220177456457	0.000915449978874	0.000145533073565	0.000840336134454	0.000361485376273	0.000417820759589	0.000230036148538	0	1.87784611051e-05	1.87784611051e-05
0.000934228439979	0.000614994601192	0.000305149992958	0	0.0134453781513	0.000107976151354	0.00566170602319	0.00216421764236	0.00593868832449	0.00865687056946	0.00190131918689	0.000502323834562	0.00528144218581	0.000291066147129	0.00228627763955	0.000981174592742	0.00302333223792	0.000234730763814	0.000103281536078	0.000159616919393	0.00861461903197	0.000614994601192	0.00440354912915	0.00102342613023	0.048903807333	0.000131449227736	0.000460072297075	0.00108445612882	0.0195155157035	0.00376977606685	0.00230505610065	4.69461527628e-06	0.000197173841604	0.00160555842449	0.0048495375804	0.000408431529036	0.000117365381907	6.10299985916e-05	0	0.000295760762406	0	0.000370874606826	0.00360076991691	0.000525796910943	0.00450683066523	0.001920097648	6.10299985916e-05	0.000267593070748	2.34730763814e-05	0.000962396131637	3.28623069339e-05	0.000131449227736	1.87784611051e-05	1.40838458288e-05	3.28623069339e-05	0.000629078447021	3.28623069339e-05	0.00139899535233	0.000150227688841	0.00583071217314	1.40838458288e-05	7.98084596967e-05	0.00012675461246	0.00472747758321	0.000746443828928	0.000258203840195	0	1.40838458288e-05	0.000136143843012	0.000690108445613	0.00296230223933	0.000262898455472	0.00345523684334	0.00153983381062	0.00181681611192	0.000549269987325	1.87784611051e-05	0.000488239988733	0.000117365381907	0.000614994601192	0.00016431153467	8.91976902493e-05	5.16407680391e-05	9.38923055256e-06
2.34730763814e-05	0.00125346227877	5.63353833153e-05	0	1.40838458288e-05	0	0.000136143843012	2.81676916577e-05	0.000159616919393	0.000192479226327	9.38923055256e-06	0.00196704380076	3.28623069339e-05	0.00462419604713	0.000117365381907	0	3.75569222102e-05	6.10299985916e-05	0.00016431153467	0.000225341533261	2.34730763814e-05	3.28623069339e-05	0.000619689216469	6.57246138679e-05	0.000131449227736	0.00991972207878	0.00332848223088	0.00299516454627	7.04192291442e-05	0.000197173841604	1.40838458288e-05	0.000131449227736	4.22515374865e-05	9.38923055256e-06	0.000549269987325	1.87784611051e-05	0.000690108445613	2.81676916577e-05	0	4.69461527628e-06	0	4.69461527628e-06	4.69461527628e-05	1.87784611051e-05	1.40838458288e-05	1.87784611051e-05	0.00104689920661	9.38923055256e-06	0.00102342613023	0.000103281536078	0	4.69461527628e-06	1.40838458288e-05	0.000159616919393	0.000525796910943	1.40838458288e-05	4.69461527628e-06	2.81676916577e-05	1.87784611051e-05	1.87784611051e-05	0.003126613774	0.00173231303695	0.00112201305103	3.28623069339e-05	9.85869208018e-05	1.87784611051e-05	9.38923055256e-05	4.69461527628e-06	0	0.000145533073565	0.000136143843012	0.000375569222102	0.000281676916577	4.69461527628e-05	9.38923055256e-06	9.38923055256e-06	0.000399042298484	9.38923055256e-05	0.00060560537064	0.000262898455472	2.81676916577e-05	0	0	0.000187784611051
0.00121121074128	0.00526266372471	0.00697619830055	0	0.000122059997183	5.63353833153e-05	0.0015445284259	0.000704192291442	0.00214074456598	0.000338012299892	0.000169006149946	0.0136190789165	0.000535186141496	0.00703253368386	0.00162433688559	7.04192291442e-05	0.000131449227736	0.0124595089432	0.0047697291207	0.0105065489883	0.000422515374865	0.000722970752547	0.000943617670532	0.00307497300596	0.000460072297075	0.00332848223088	0.0711046429745	0.0250410778837	0.000699497676165	0.00292474531712	0.00275573916718	0.000784000751138	0.000272287686024	0.000159616919393	0.00880240364302	7.51138444204e-05	0.00954884747195	0.00142246842871	0	1.40838458288e-05	0	1.40838458288e-05	0.000211257687433	4.69461527628e-05	0.00023942537909	9.85869208018e-05	0.0010281207455	2.34730763814e-05	0.00104689920661	0.000211257687433	4.69461527628e-06	8.91976902493e-05	0.000244119994366	0.000708886906718	0.0024928407117	2.81676916577e-05	1.40838458288e-05	0.000361485376273	0.000234730763814	0.000244119994366	0.00500445988451	0.00914511055819	0.00632364677715	0.000244119994366	0.000178395380499	5.63353833153e-05	8.91976902493e-05	9.38923055256e-06	9.38923055256e-06	0.000671329984508	0.00465236373879	0.00416412375006	0.00455847143327	0.00178864842026	0.00020186845688	0.000183089995775	0.000192479226327	0.00068071921506	0.00130979766208	0.0010093422844	0.000159616919393	9.38923055256e-06	9.38923055256e-06	5.63353833153e-05
0.000722970752547	0.0115346697338	0.0178442326651	0	3.75569222102e-05	7.98084596967e-05	0.000525796910943	0.000347401530445	0.000863809210835	0.000708886906718	5.63353833153e-05	0.00310314069762	0.000178395380499	0.00460072297075	0.000802779212244	9.85869208018e-05	0.00281207455049	0.00854419980283	0.00076991690531	0.00303272146848	0.000150227688841	0.00137082766067	0.00714989906577	0.0121966104878	0.00108445612882	0.00299516454627	0.0250410778837	0.0750575090371	0.00107037228299	0.00138021689123	0.00192479226327	0.000215952302709	6.57246138679e-05	0.000136143843012	0.00676963522839	4.69461527628e-05	0.00917327824985	0.00204215764518	0	4.69461527628e-06	0	9.38923055256e-06	0.00016431153467	2.81676916577e-05	0.000178395380499	5.63353833153e-05	0.000450683066523	4.69461527628e-06	0.000394347683207	0.000136143843012	0	0.000600910755364	0.000464766912352	0.000281676916577	0.00106098305244	4.69461527628e-06	6.57246138679e-05	0.00347870991972	0.00241303225201	0.000215952302709	0.00236608609924	0.00457255527909	0.00641753908267	0.000309844608234	8.91976902493e-05	9.85869208018e-05	6.57246138679e-05	0	1.40838458288e-05	0.000511713065114	0.00677432984367	0.00290127224074	0.00535186141496	0.00327214684757	0.000530491526219	0.000267593070748	9.85869208018e-05	0.000830946903901	0.000868503826111	0.000784000751138	0.000206563072156	4.69461527628e-06	9.38923055256e-06	3.75569222102e-05
0.00222524764096	0.000267593070748	0.000976479977466	0	0.00689169522558	0.00016431153467	0.00661471292428	0.0103938782217	0.0092624759401	0.0037603868363	0.00328623069339	0.000647856908126	0.00315478146566	0.00040373691376	0.00418290221116	0.000924839209427	0.00199051687714	0.000553964602601	0.000150227688841	0.000267593070748	0.00872259518332	0.0105300220647	0.00232383456176	0.00407492605981	0.0195155157035	7.04192291442e-05	0.000699497676165	0.00107037228299	0.0659030092484	0.00676494061312	0.00933289516924	0	0.000258203840195	0.00288718839491	0.0088258767194	0.000502323834562	0.000140838458288	4.69461527628e-05	0	0.000117365381907	0	0.000220646917985	0.00192479226327	0.00040373691376	0.00319703300315	0.000957701516361	2.81676916577e-05	0.000131449227736	2.34730763814e-05	0.000901366133045	9.38923055256e-06	0.000230036148538	3.28623069339e-05	0	3.75569222102e-05	0.000267593070748	8.91976902493e-05	0.00212666072015	0.000272287686024	0.00328623069339	2.34730763814e-05	9.38923055256e-05	0.000169006149946	0.00319703300315	0.000812168442796	0.000347401530445	0	4.69461527628e-06	0.000187784611051	0.000619689216469	0.00434251913056	0.000422515374865	0.00637998216046	0.00307497300596	0.00142716304399	0.000722970752547	3.75569222102e-05	0.000727665367823	0.000145533073565	0.000586826909535	0.000178395380499	7.98084596967e-05	6.57246138679e-05	1.87784611051e-05
0.0107741420591	0.000267593070748	0.00216891225764	0	0.000755833059481	0.000319233838787	0.00624383831745	0.00291066147129	0.011215435895	0.00141777381344	0.000849725365006	0.00522041218722	0.00230505610065	0.00171822919112	0.015717571945	0.000553964602601	0.000215952302709	0.00222994225623	0.000699497676165	0.00121121074128	0.00213604995071	0.00192948687855	0.000995258438571	0.00258203840195	0.00376977606685	0.000197173841604	0.00292474531712	0.00138021689123	0.00676494061312	0.0459837566311	0.0142857142857	5.16407680391e-05	0.00299516454627	0.00951598516502	0.0205342472184	0.000295760762406	0.000244119994366	7.04192291442e-05	0	2.34730763814e-05	0	6.10299985916e-05	0.000563353833153	0.000150227688841	0.00124876766349	0.000234730763814	6.57246138679e-05	6.10299985916e-05	6.10299985916e-05	0.000408431529036	0	6.10299985916e-05	9.38923055256e-06	1.87784611051e-05	6.10299985916e-05	6.57246138679e-05	4.22515374865e-05	0.000934228439979	0.000154922304117	0.000981174592742	7.51138444204e-05	0.000197173841604	0.000215952302709	0.0010281207455	0.000347401530445	0.000206563072156	4.69461527628e-06	4.69461527628e-06	7.51138444204e-05	0.000291066147129	0.00258673301723	0.000746443828928	0.00703253368386	0.00268062532275	0.00080747382752	0.00102342613023	0.000140838458288	0.000422515374865	0.000117365381907	0.000267593070748	8.4503074973e-05	4.22515374865e-05	9.38923055256e-06	1.40838458288e-05
