0.00609620926624	0	5.14615067929e-05	0	2.77100421193e-05	0	0.000130633055705	0.00149634227444	0.000391899167115	6.33372391297e-05	0.000118757323368	3.95857744561e-06	1.9792887228e-05	0	0.00155967951357	1.18757323368e-05	5.54200842385e-05	4.35443519017e-05	3.95857744561e-06	3.95857744561e-06	1.58343097824e-05	0.000269183266301	4.75029293473e-05	0.000154384520379	0.000166260252716	0	1.9792887228e-05	1.9792887228e-05	0.000273141843747	0.00457215694968	0.00221680336954	0	0	0.000740253982329	0.000467112138582	0	0	0	0	3.95857744561e-06	0	0	3.95857744561e-06	0	4.35443519017e-05	0	0	0	0	0	0	3.95857744561e-06	0	0	0	0	0	3.95857744561e-06	3.95857744561e-06	1.18757323368e-05	0	0	3.95857744561e-06	0	0	3.95857744561e-06	0	0	0	0	0.000106881591031	1.58343097824e-05	0.000122715900814	4.75029293473e-05	2.37514646737e-05	3.95857744561e-06	0	0	0	0	0	0	0	0
0	0.0143340089306	0.00262849542388	0	0	0	7.91715489122e-06	3.95857744561e-06	3.95857744561e-06	2.77100421193e-05	0	0.000178135985052	0	0.000126674478259	7.91715489122e-06	0	0.000166260252716	0.00147259080977	3.56271970105e-05	0.000767964024448	0	0.000142508788042	0.00228805776356	0.000938182854609	1.18757323368e-05	0.000882762770371	0.00414067200811	0.00722440383824	1.9792887228e-05	5.14615067929e-05	8.70887038034e-05	3.95857744561e-06	0	2.37514646737e-05	0.000866928460588	0	0.00346375526491	0.000292934730975	0	0	0	0	1.18757323368e-05	0	1.18757323368e-05	0	0.000118757323368	0	1.18757323368e-05	0	0	9.1047281249e-05	0.0002256389144	2.37514646737e-05	0.000102923013586	0	5.54200842385e-05	0.0010846502201	0.000269183266301	3.95857744561e-06	0.00032460335054	0.000870887038034	0.00189615859645	0	0	1.18757323368e-05	0	0	3.95857744561e-06	0.000281058998638	0.000502739335592	0.000732336827438	0.000720461095101	0.000320644773094	5.14615067929e-05	1.9792887228e-05	1.58343097824e-05	0.000138550210596	0.000700668207873	0.000285017576084	0.000102923013586	3.95857744561e-06	1.18757323368e-05	1.18757323368e-05
5.14615067929e-05	0.00262849542388	0.035152167717	0	0	3.95857744561e-06	4.75029293473e-05	0.000277100421193	3.16686195649e-05	5.93786616841e-05	0	0.000217721759509	0	6.72958165754e-05	6.72958165754e-05	2.37514646737e-05	0.000783798334231	0.0152286474333	1.58343097824e-05	0.00128257909238	0	0.00207825315894	0.00208617031384	0.0152642746303	0.000182094562498	7.1254394021e-05	0.0117411407037	0.0116184248029	0.000498780758147	0.00038794058967	0.00163093390759	3.95857744561e-06	1.18757323368e-05	0.000158343097824	0.0051382335244	3.95857744561e-06	0.00074817113722	0.000138550210596	0	3.95857744561e-06	0	0	0	3.95857744561e-06	6.72958165754e-05	7.91715489122e-06	3.56271970105e-05	3.95857744561e-06	3.95857744561e-06	3.95857744561e-06	0	0.000130633055705	5.54200842385e-05	7.91715489122e-06	1.18757323368e-05	7.91715489122e-06	2.37514646737e-05	0.000764005447003	0.000245431801628	3.56271970105e-05	3.16686195649e-05	0.000174177407607	0.000478987870919	1.18757323368e-05	0	1.58343097824e-05	0	0	0	9.89644361402e-05	0.00345979668746	0.00343208664534	0.00545491972005	0.00220096905976	0.000455236406245	0.000174177407607	9.1047281249e-05	0.000142508788042	0.000209804604617	0.000102923013586	4.75029293473e-05	3.95857744561e-06	1.18757323368e-05	0
0	0	0	0	0	0	0	0	0	0	0	0	0	0	0	0	0	0	0	0	0	0	0	0	0	0	0	0	0	0	0	0	0	0	0	0	0	0	0	0	0	0	0	0	0	0	0	0	0	0	0	0	0	0	0	0	0	0	0	0	0	0	0	0	0	0	0	0	0	0	0	0	0	0	0	0	0	0	0	0	0	0	0	0
2.77100421193e-05	0	0	0	0.0192941064699	0	0.000391899167115	0.00199908161003	0.000265224688856	0.000376064857333	0.00268391550812	0	0.00296101592932	0	0.000106881591031	1.9792887228e-05	3.95857744561e-06	0	0	0	0.00497197327169	3.16686195649e-05	7.91715489122e-06	1.18757323368e-05	0.00855448585996	0	0	3.95857744561e-06	0.00535595528391	0.000193970294835	7.91715489122e-05	0	0	7.1254394021e-05	5.93786616841e-05	1.58343097824e-05	0	0	0	0.00168239541438	0	7.1254394021e-05	8.70887038034e-05	2.37514646737e-05	6.33372391297e-05	0.00117569750135	0	0.00301643601355	0	7.91715489122e-06	7.91715489122e-06	0	0	0	0	0.00373689710866	0	0	3.95857744561e-06	0.000193970294835	0	0	0	0.000102923013586	0	0	0	0	0	0	3.16686195649e-05	0	4.35443519017e-05	3.95857744561e-06	2.37514646737e-05	3.95857744561e-06	0	3.95857744561e-06	3.95857744561e-06	0	0	3.95857744561e-06	0	0
0	0	3.95857744561e-06	0	0	0.00394670171327	0.00187636570922	3.95857744561e-06	0.000391899167115	0	0	1.9792887228e-05	0	1.58343097824e-05	0.000340437660322	0.000538366532603	0	7.91715489122e-06	0	7.91715489122e-06	0	7.91715489122e-06	0	1.58343097824e-05	0	0	3.95857744561e-06	0	0	0.000490863603256	7.91715489122e-06	0	0.00182094562498	1.9792887228e-05	0.00071254394021	0	0	0	0	0	0	0	0	0	0	0	0	0	0	0	0	0	0	0	0	0	0	0	0	0	0	0	0	0	0	0	0	0	0	0	2.37514646737e-05	1.18757323368e-05	0.000102923013586	4.35443519017e-05	0.000558159419831	0.00068483389809	0	0	0	0	0	0	0	0
0.000130633055705	7.91715489122e-06	4.75029293473e-05	0	0.000391899167115	0.00187636570922	0.0328641099534	0.0022999334959	0.0144329733667	0.000114798745923	0.00556575988853	0.000114798745923	0.0045563226399	4.35443519017e-05	0.00501155904614	0.00254140672008	4.75029293473e-05	5.93786616841e-05	3.95857744561e-06	2.37514646737e-05	0.00129841340216	9.50058586946e-05	5.14615067929e-05	0.000154384520379	0.000799632644013	7.91715489122e-06	3.16686195649e-05	3.56271970105e-05	0.000950058586946	0.00538366532603	0.000407733476898	0	0.00244640086139	0.000510656490484	0.00276704563448	0	0	3.95857744561e-06	0	7.91715489122e-06	0	0	0	0	2.37514646737e-05	0	0	0	0	0	0	0	0	0	0	3.95857744561e-06	0	3.95857744561e-06	3.95857744561e-06	1.18757323368e-05	0	3.95857744561e-06	0	0	0	3.95857744561e-06	0	0	0	0	0.000391899167115	5.93786616841e-05	0.00143300503531	0.000467112138582	0.00130633055705	0.00128653766982	0	1.58343097824e-05	3.95857744561e-06	0	0	0	0	0
0.00149634227444	3.95857744561e-06	0.000277100421193	0	0.00199908161003	3.95857744561e-06	0.0022999334959	0.0440866770117	0.00437026949995	0.00125486905026	0.00811112518605	7.91715489122e-06	0.00107277448776	0	0.00506697913038	0.0002256389144	0.000558159419831	0.000277100421193	3.95857744561e-06	7.91715489122e-06	0.000827342686132	0.00180115273775	0.000534407955157	0.00136966779618	0.00583098457738	0	3.95857744561e-05	0.000126674478259	0.0168952085379	0.00587057035184	0.00977372771321	0	1.58343097824e-05	0.0021178389334	0.00271162555024	1.58343097824e-05	0	0	0	0.000122715900814	0	1.18757323368e-05	7.91715489122e-05	7.91715489122e-06	0.000601703771733	2.77100421193e-05	0	3.95857744561e-05	0	3.95857744561e-06	3.95857744561e-06	3.95857744561e-06	0	0	0	5.54200842385e-05	1.18757323368e-05	3.95857744561e-05	1.58343097824e-05	0.000530449377712	0	0	3.95857744561e-06	0.000130633055705	0	1.9792887228e-05	0	0	0	1.9792887228e-05	0.000771922601894	9.50058586946e-05	0.00102527155841	0.00038794058967	0.000292934730975	3.95857744561e-05	0	1.18757323368e-05	7.91715489122e-06	1.18757323368e-05	1.18757323368e-05	1.58343097824e-05	0	0
0.000391899167115	3.95857744561e-06	3.16686195649e-05	0	0.000265224688856	0.000391899167115	0.0144329733667	0.00437026949995	0.0354648953352	0.000190011717389	0.00541137536815	5.54200842385e-05	0.00130633055705	3.95857744561e-06	0.0133681160338	0.00124695189537	8.31301263578e-05	4.35443519017e-05	0	1.18757323368e-05	0.000554200842385	0.000126674478259	9.1047281249e-05	0.000170218830161	0.000855052728252	0	1.18757323368e-05	2.37514646737e-05	0.00119153181113	0.00777860468062	0.00100943724863	0	0.00163885106248	0.00110840168477	0.00250182094562	3.95857744561e-06	0	3.95857744561e-06	0	7.91715489122e-06	0	0	1.18757323368e-05	0	5.54200842385e-05	7.91715489122e-06	0	3.95857744561e-06	0	0	0	3.95857744561e-06	0	0	0	7.91715489122e-06	3.95857744561e-06	3.95857744561e-06	7.91715489122e-06	3.56271970105e-05	0	0	0	1.18757323368e-05	0	0	0	0	0	0	0.000494822180701	7.52129714666e-05	0.00121132469836	0.000356271970105	0.000510656490484	0.000617538081515	0	1.58343097824e-05	7.91715489122e-06	0	3.95857744561e-06	0	0	0
6.33372391297e-05	2.77100421193e-05	5.93786616841e-05	0	0.000376064857333	0	0.000114798745923	0.00125486905026	0.000190011717389	0.0160203629224	0.00016230167527	0	0.00201095734237	0	0.000166260252716	0.000102923013586	0.000926307122273	4.75029293473e-05	0	3.95857744561e-06	0.00105694017798	0.000383982012224	0.00231180922824	0.000399816322007	0.00539554105837	0	1.58343097824e-05	5.14615067929e-05	0.00200304018748	0.000732336827438	0.00119549038857	0	3.95857744561e-06	0.000435443519017	0.000736295404883	7.52129714666e-05	7.91715489122e-06	1.18757323368e-05	0	0.000312727618203	0	1.58343097824e-05	0.000273141843747	3.95857744561e-05	0.00272745986002	0.00016230167527	0	0.000253348956519	0	4.35443519017e-05	3.95857744561e-06	3.56271970105e-05	3.95857744561e-06	0	0	0.000265224688856	6.72958165754e-05	6.33372391297e-05	7.1254394021e-05	0.00190407575134	0	0	1.18757323368e-05	0.00052253222282	1.18757323368e-05	8.31301263578e-05	0	0	3.95857744561e-06	3.56271970105e-05	0.000356271970105	4.35443519017e-05	0.000257307533965	9.89644361402e-05	0.000653165278526	7.91715489122e-06	0	8.31301263578e-05	1.9792887228e-05	2.77100421193e-05	3.95857744561e-06	5.14615067929e-05	3.95857744561e-06	0
0.000118757323368	0	0	0	0.00268391550812	0	0.00556575988853	0.00811112518605	0.00541137536815	0.00016230167527	0.0342891978339	0	0.00362605694018	0	0.00163093390759	0.000190011717389	5.14615067929e-05	7.91715489122e-06	0	0	0.00311935902714	5.54200842385e-05	2.37514646737e-05	5.54200842385e-05	0.0021613832853	0	0	7.91715489122e-06	0.00655540424993	0.00101339582608	0.000395857744561	0	7.91715489122e-06	0.000213763182063	0.000399816322007	3.95857744561e-06	0	0	0	6.72958165754e-05	0	2.37514646737e-05	1.18757323368e-05	7.91715489122e-06	5.14615067929e-05	0.000514615067929	0	0.000589828039396	0	0	3.95857744561e-06	0	0	0	0	0.000257307533965	0	0	0	7.1254394021e-05	0	0	0	1.18757323368e-05	0	0	0	0	0	0	9.50058586946e-05	3.95857744561e-06	0.00016230167527	4.35443519017e-05	6.33372391297e-05	3.95857744561e-06	0	0	0	0	0	3.95857744561e-06	0	0
3.95857744561e-06	0.000178135985052	0.000217721759509	0	0	1.9792887228e-05	0.000114798745923	7.91715489122e-06	5.54200842385e-05	0	0	0.0269460366723	0	0.0103358457105	5.14615067929e-05	3.95857744561e-06	7.91715489122e-06	0.000645248123634	0.00228409918612	0.00470279000538	0	4.35443519017e-05	1.18757323368e-05	0.000142508788042	0	0.00282246571872	0.00835259841024	0.00116382176901	1.18757323368e-05	0.000285017576084	3.95857744561e-05	0.00042356778668	5.14615067929e-05	1.58343097824e-05	0.00611600215347	0	0.000190011717389	7.91715489122e-06	0	0	0	0	0	0	0	0	0.000288976153529	0	9.1047281249e-05	0	0	7.91715489122e-06	3.95857744561e-06	3.16686195649e-05	4.75029293473e-05	0	0	1.58343097824e-05	3.95857744561e-06	0	0.000399816322007	0.000213763182063	0.000245431801628	0	0	0	0	0	0	5.93786616841e-05	0.000546283687494	0.00248994521329	0.00363793267251	0.000672958165754	5.93786616841e-05	5.93786616841e-05	0.000241473224182	1.18757323368e-05	0.000312727618203	0.000118757323368	1.18757323368e-05	0	0	9.50058586946e-05
1.9792887228e-05	0	0	0	0.00296101592932	0	0.0045563226399	0.00107277448776	0.00130633055705	0.00201095734237	0.00362605694018	0	0.0251805111315	0	0.000380023434778	0.000668999588308	0	0	0	0	0.0102923013586	7.91715489122e-06	3.95857744561e-06	3.95857744561e-06	0.00318269626627	0	0	0	0.00111236026222	0.000320644773094	4.75029293473e-05	0	7.91715489122e-06	6.72958165754e-05	0.000130633055705	3.95857744561e-06	0	0	0	5.14615067929e-05	0	9.1047281249e-05	3.16686195649e-05	3.95857744561e-06	2.77100421193e-05	0.000882762770371	0	0.00263641257878	0	7.91715489122e-06	0	0	0	0	0	0.000209804604617	0	0	0	7.1254394021e-05	0	0	0	2.37514646737e-05	0	0	0	0	0	0	6.72958165754e-05	7.91715489122e-06	8.70887038034e-05	3.16686195649e-05	0.00048690502581	7.91715489122e-06	0	0	0	3.95857744561e-06	3.95857744561e-06	7.91715489122e-06	3.95857744561e-06	0
0	0.000126674478259	6.72958165754e-05	0	0	1.58343097824e-05	4.35443519017e-05	0	3.95857744561e-06	0	0	0.0103358457105	0	0.0233912341261	3.56271970105e-05	3.95857744561e-06	0	0.000110840168477	0.00048690502581	0.000760046869557	0	1.58343097824e-05	1.9792887228e-05	4.35443519017e-05	0	0.0072560724578	0.00598536909776	0.00203470880704	3.95857744561e-06	0.000102923013586	1.18757323368e-05	0.000882762770371	3.16686195649e-05	3.95857744561e-06	0.00139341926085	0	0.000102923013586	0	0	0	0	0	0	0	0	0	0.000320644773094	0	0.000427526364126	0	0	3.95857744561e-06	1.58343097824e-05	1.9792887228e-05	6.33372391297e-05	0	3.95857744561e-06	1.9792887228e-05	1.18757323368e-05	0	0.000518573645375	0.000217721759509	0.000166260252716	0	0	7.91715489122e-06	3.95857744561e-06	0	0	7.1254394021e-05	0.000190011717389	0.00126674478259	0.00136966779618	0.000241473224182	2.37514646737e-05	2.77100421193e-05	0.000514615067929	7.1254394021e-05	0.000443360673908	0.000170218830161	8.70887038034e-05	3.95857744561e-06	7.91715489122e-06	0.000122715900814
0.00155967951357	7.91715489122e-06	6.72958165754e-05	0	0.000106881591031	0.000340437660322	0.00501155904614	0.00506697913038	0.0133681160338	0.000166260252716	0.00163093390759	5.14615067929e-05	0.000380023434778	3.56271970105e-05	0.0298714254046	0.00064920670108	8.70887038034e-05	5.14615067929e-05	0	1.18757323368e-05	0.000186053139944	0.000273141843747	0.000114798745923	0.000257307533965	0.000601703771733	7.91715489122e-06	2.37514646737e-05	2.37514646737e-05	0.000961934319283	0.0131147670773	0.00177344269563	0	0.00207033600405	0.00165072679482	0.00332124647687	3.95857744561e-06	0	3.95857744561e-06	0	1.18757323368e-05	0	0	1.18757323368e-05	0	7.91715489122e-05	0	0	3.95857744561e-06	0	0	3.95857744561e-06	3.95857744561e-06	0	0	0	3.95857744561e-06	3.95857744561e-06	7.91715489122e-06	7.91715489122e-06	4.75029293473e-05	0	0	0	1.9792887228e-05	0	0	0	0	0	0	0.000609620926624	9.50058586946e-05	0.00149238369699	0.000427526364126	0.00042356778668	0.000637330968743	3.95857744561e-06	7.91715489122e-06	0	0	7.91715489122e-06	0	0	0
1.18757323368e-05	0	2.37514646737e-05	0	1.9792887228e-05	0.000538366532603	0.00254140672008	0.0002256389144	0.00124695189537	0.000102923013586	0.000190011717389	3.95857744561e-06	0.000668999588308	3.95857744561e-06	0.00064920670108	0.00674145738987	3.95857744561e-06	3.95857744561e-06	0	3.95857744561e-06	7.1254394021e-05	2.37514646737e-05	1.18757323368e-05	4.35443519017e-05	0.000106881591031	0	3.95857744561e-06	1.9792887228e-05	9.89644361402e-05	0.000771922601894	8.70887038034e-05	0	4.75029293473e-05	0.000110840168477	0.00036023054755	0	0	0	0	0	0	3.95857744561e-06	0	0	1.9792887228e-05	3.95857744561e-06	0	0	0	0	0	0	0	0	0	0	3.95857744561e-06	0	0	3.95857744561e-06	0	0	0	0	0	3.95857744561e-06	0	0	0	3.95857744561e-06	0.000237514646737	3.56271970105e-05	0.000241473224182	0.000118757323368	0.00311144187225	2.37514646737e-05	0	7.91715489122e-06	3.95857744561e-06	3.95857744561e-06	3.95857744561e-06	0	0	0
5.54200842385e-05	0.000166260252716	0.000783798334231	0	3.95857744561e-06	0	4.75029293473e-05	0.000558159419831	8.31301263578e-05	0.000926307122273	5.14615067929e-05	7.91715489122e-06	0	0	8.70887038034e-05	3.95857744561e-06	0.0215663299237	0.000391899167115	0	1.9792887228e-05	7.91715489122e-06	0.00363793267251	0.00710564651487	0.00719273521867	0.00684042182601	7.91715489122e-06	0.000106881591031	0.00292538873231	0.00446923393609	0.000621496658961	0.00217325901764	0	0	0.000435443519017	0.0021178389334	1.18757323368e-05	7.91715489122e-06	1.58343097824e-05	0	2.37514646737e-05	0	1.58343097824e-05	0.000102923013586	1.18757323368e-05	0.000605662349178	2.77100421193e-05	0	1.58343097824e-05	0	7.91715489122e-06	3.95857744561e-06	8.70887038034e-05	0	0	0	7.91715489122e-06	4.35443519017e-05	0.000281058998638	7.1254394021e-05	0.000300851885866	0	7.91715489122e-06	2.77100421193e-05	0.000146467365488	3.95857744561e-06	5.14615067929e-05	0	0	3.95857744561e-06	1.9792887228e-05	0.00102131298097	0.000467112138582	0.00122715900814	0.000613579504069	0.000193970294835	2.77100421193e-05	1.58343097824e-05	7.1254394021e-05	1.9792887228e-05	1.18757323368e-05	0	3.95857744561e-06	0	0
4.35443519017e-05	0.00147259080977	0.0152286474333	0	0	7.91715489122e-06	5.93786616841e-05	0.000277100421193	4.35443519017e-05	4.75029293473e-05	7.91715489122e-06	0.000645248123634	0	0.000110840168477	5.14615067929e-05	3.95857744561e-06	0.000391899167115	0.0350334103936	5.14615067929e-05	0.00631788960319	0	0.00267203977579	0.000799632644013	0.0135700034835	0.000138550210596	0.00016230167527	0.0128495423884	0.00566076574722	0.000403774899452	0.000348354815214	0.00177344269563	3.95857744561e-06	7.91715489122e-06	0.000130633055705	0.00795278208823	7.91715489122e-06	0.000526490800266	7.91715489122e-05	0	3.95857744561e-06	0	0	3.95857744561e-06	7.91715489122e-06	3.56271970105e-05	0	3.16686195649e-05	0	7.91715489122e-06	7.91715489122e-06	0	3.56271970105e-05	2.37514646737e-05	7.91715489122e-06	3.56271970105e-05	0	3.95857744561e-06	0.000237514646737	8.70887038034e-05	1.9792887228e-05	8.31301263578e-05	0.000158343097824	0.000312727618203	7.91715489122e-06	3.95857744561e-06	1.18757323368e-05	0	0	0	5.54200842385e-05	0.00302435316845	0.00317477911138	0.00554992557874	0.00199512303259	0.000281058998638	0.000174177407607	9.1047281249e-05	8.31301263578e-05	7.52129714666e-05	5.93786616841e-05	1.18757323368e-05	0	0	0
3.95857744561e-06	3.56271970105e-05	1.58343097824e-05	0	0	0	3.95857744561e-06	3.95857744561e-06	0	0	0	0.00228409918612	0	0.00048690502581	0	0	0	5.14615067929e-05	0.00505510339804	0.00212575608829	0	3.95857744561e-06	0	7.91715489122e-06	0	0.000245431801628	0.00290559584508	0.000233556069291	0	1.58343097824e-05	0	1.58343097824e-05	0	3.95857744561e-06	0.000296893308421	0	3.95857744561e-05	0	0	0	0	0	0	0	0	0	3.95857744561e-05	0	1.58343097824e-05	0	0	0	0	3.95857744561e-06	3.95857744561e-06	0	0	0	0	0	7.91715489122e-05	2.77100421193e-05	6.72958165754e-05	0	0	0	0	0	0	7.91715489122e-06	1.58343097824e-05	0.000142508788042	0.000170218830161	4.75029293473e-05	7.91715489122e-06	0	3.95857744561e-06	0	4.75029293473e-05	1.18757323368e-05	0	0	0	3.95857744561e-06
3.95857744561e-06	0.000767964024448	0.00128257909238	0	0	7.91715489122e-06	2.37514646737e-05	7.91715489122e-06	1.18757323368e-05	3.95857744561e-06	0	0.00470279000538	0	0.000760046869557	1.18757323368e-05	3.95857744561e-06	1.9792887228e-05	0.00631788960319	0.00212575608829	0.023470405675	0	0.000102923013586	5.54200842385e-05	0.000645248123634	7.91715489122e-06	0.000807549798904	0.0149752984767	0.00253348956519	1.9792887228e-05	8.31301263578e-05	8.70887038034e-05	1.18757323368e-05	1.18757323368e-05	1.9792887228e-05	0.00600516198499	0	0.000463153561136	1.58343097824e-05	0	3.95857744561e-06	0	0	0	0	3.95857744561e-06	0	0.000170218830161	0	4.35443519017e-05	0	3.95857744561e-06	3.95857744561e-06	2.37514646737e-05	2.77100421193e-05	5.93786616841e-05	0	3.95857744561e-06	1.9792887228e-05	1.58343097824e-05	3.95857744561e-06	0.000395857744561	0.000245431801628	0.000451277828799	0	3.95857744561e-06	0	0	0	0	5.93786616841e-05	0.000950058586946	0.002256389144	0.0027512113247	0.00081150837635	7.1254394021e-05	5.14615067929e-05	4.75029293473e-05	4.75029293473e-05	0.000182094562498	9.1047281249e-05	3.16686195649e-05	7.91715489122e-06	7.91715489122e-06	1.18757323368e-05
1.58343097824e-05	0	0	0	0.00497197327169	0	0.00129841340216	0.000827342686132	0.000554200842385	0.00105694017798	0.00311935902714	0	0.0102923013586	0	0.000186053139944	7.1254394021e-05	7.91715489122e-06	0	0	0	0.0159174399088	7.91715489122e-06	3.95857744561e-06	7.91715489122e-06	0.00319061342116	0	0	0	0.00148050796466	0.000186053139944	4.35443519017e-05	0	3.95857744561e-06	5.54200842385e-05	6.33372391297e-05	3.95857744561e-06	0	0	0	5.14615067929e-05	0	7.91715489122e-06	3.95857744561e-06	3.95857744561e-06	1.18757323368e-05	0.000130633055705	0	0.000316686195649	0	3.95857744561e-06	0	0	0	0	0	0.00019792887228	0	0	0	1.9792887228e-05	0	0	0	7.91715489122e-06	0	0	0	0	0	0	7.91715489122e-06	0	3.56271970105e-05	7.91715489122e-06	5.54200842385e-05	0	0	0	0	0	0	0	0	0
0.000269183266301	0.000142508788042	0.00207825315894	0	3.16686195649e-05	7.91715489122e-06	9.50058586946e-05	0.00180115273775	0.000126674478259	0.000383982012224	5.54200842385e-05	4.35443519017e-05	7.91715489122e-06	1.58343097824e-05	0.000273141843747	2.37514646737e-05	0.00363793267251	0.00267203977579	3.95857744561e-06	0.000102923013586	7.91715489122e-06	0.0380973493365	0.00165072679482	0.0194049466384	0.0018486556671	7.91715489122e-06	0.000475029293473	0.000906514235044	0.00574389587358	0.0036023054755	0.0154819963898	0	3.95857744561e-06	0.00224451341166	0.00495218038446	0	3.56271970105e-05	7.91715489122e-06	0	3.95857744561e-06	0	3.95857744561e-06	2.37514646737e-05	0	0.000245431801628	1.18757323368e-05	0	7.91715489122e-06	0	7.91715489122e-06	0	5.54200842385e-05	3.95857744561e-06	0	0	1.18757323368e-05	5.14615067929e-05	0.000146467365488	3.16686195649e-05	0.000134591633151	3.95857744561e-06	3.95857744561e-06	2.37514646737e-05	6.72958165754e-05	1.18757323368e-05	2.77100421193e-05	0	0	0	3.16686195649e-05	0.00153196947145	0.00064920670108	0.00226826487633	0.000855052728252	0.000193970294835	7.1254394021e-05	3.56271970105e-05	4.75029293473e-05	1.18757323368e-05	1.18757323368e-05	3.95857744561e-06	7.91715489122e-06	0	0
4.75029293473e-05	0.00228805776356	0.00208617031384	0	7.91715489122e-06	0	5.14615067929e-05	0.000534407955157	9.1047281249e-05	0.00231180922824	2.37514646737e-05	1.18757323368e-05	3.95857744561e-06	1.9792887228e-05	0.000114798745923	1.18757323368e-05	0.00710564651487	0.000799632644013	0	5.54200842385e-05	3.95857744561e-06	0.00165072679482	0.024127529531	0.00453257117522	0.00427526364126	1.58343097824e-05	0.000498780758147	0.00481758875131	0.00228014060867	0.000736295404883	0.00188032428666	0	7.91715489122e-06	0.00052253222282	0.00224055483421	2.77100421193e-05	0.000190011717389	0.000190011717389	0	3.16686195649e-05	0	2.37514646737e-05	0.000186053139944	2.77100421193e-05	0.00163489248504	4.35443519017e-05	3.95857744561e-06	2.77100421193e-05	0	2.77100421193e-05	0	0.000728378249992	6.33372391297e-05	0	7.91715489122e-06	1.58343097824e-05	0.00026126611141	0.00312727618203	0.000946100009501	0.000676916743199	1.18757323368e-05	9.50058586946e-05	0.00052253222282	0.000376064857333	1.58343097824e-05	0.000193970294835	0	0	3.95857744561e-06	0.000237514646737	0.00115194603667	0.000621496658961	0.00140133641575	0.000672958165754	0.000174177407607	4.35443519017e-05	2.77100421193e-05	0.000273141843747	0.00026126611141	0.000186053139944	7.52129714666e-05	3.56271970105e-05	7.91715489122e-06	7.91715489122e-06
0.000154384520379	0.000938182854609	0.0152642746303	0	1.18757323368e-05	1.58343097824e-05	0.000154384520379	0.00136966779618	0.000170218830161	0.000399816322007	5.54200842385e-05	0.000142508788042	3.95857744561e-06	4.35443519017e-05	0.000257307533965	4.35443519017e-05	0.00719273521867	0.0135700034835	7.91715489122e-06	0.000645248123634	7.91715489122e-06	0.0194049466384	0.00453257117522	0.062078411502	0.00165864394971	3.16686195649e-05	0.00281850714127	0.00760838585046	0.00344792095513	0.00205846027172	0.00868907749311	0	1.18757323368e-05	0.00100943724863	0.00905722519555	3.95857744561e-06	0.000201887449726	6.33372391297e-05	0	7.91715489122e-06	0	7.91715489122e-06	2.37514646737e-05	7.91715489122e-06	0.000340437660322	1.58343097824e-05	0	3.95857744561e-06	0	7.91715489122e-06	3.95857744561e-06	0.000237514646737	3.56271970105e-05	0	0	1.18757323368e-05	5.54200842385e-05	0.000938182854609	0.000296893308421	0.000150425942933	1.18757323368e-05	4.75029293473e-05	0.0002256389144	6.33372391297e-05	3.95857744561e-06	4.75029293473e-05	0	0	3.95857744561e-06	7.91715489122e-05	0.00503135193337	0.00301643601355	0.00773110175127	0.0031074832948	0.000760046869557	0.0002256389144	0.000102923013586	0.00019792887228	0.000118757323368	8.31301263578e-05	4.35443519017e-05	7.91715489122e-06	7.91715489122e-06	3.95857744561e-06
0.000166260252716	1.18757323368e-05	0.000182094562498	0	0.00855448585996	0	0.000799632644013	0.00583098457738	0.000855052728252	0.00539554105837	0.0021613832853	0	0.00318269626627	0	0.000601703771733	0.000106881591031	0.00684042182601	0.000138550210596	0	7.91715489122e-06	0.00319061342116	0.0018486556671	0.00427526364126	0.00165864394971	0.0399697564683	0	3.56271970105e-05	0.000134591633151	0.0156957595718	0.00165864394971	0.00308769040758	0	0	0.000922348544827	0.00189615859645	3.16686195649e-05	0	0	0	0.000201887449726	0	1.58343097824e-05	0.00016230167527	1.58343097824e-05	0.00102923013586	7.91715489122e-05	0	5.54200842385e-05	0	2.77100421193e-05	7.91715489122e-06	3.56271970105e-05	0	0	0	6.72958165754e-05	3.95857744561e-05	7.1254394021e-05	3.16686195649e-05	0.000866928460588	0	0	7.91715489122e-06	0.000253348956519	7.91715489122e-06	5.14615067929e-05	0	0	3.95857744561e-06	1.9792887228e-05	0.000601703771733	0.000154384520379	0.000736295404883	0.00032460335054	0.000300851885866	1.58343097824e-05	1.18757323368e-05	5.93786616841e-05	2.37514646737e-05	7.91715489122e-06	3.95857744561e-06	1.58343097824e-05	0	0
0	0.000882762770371	7.1254394021e-05	0	0	0	7.91715489122e-06	0	0	0	0	0.00282246571872	0	0.0072560724578	7.91715489122e-06	0	7.91715489122e-06	0.00016230167527	0.000245431801628	0.000807549798904	0	7.91715489122e-06	1.58343097824e-05	3.16686195649e-05	0	0.0133245716819	0.00350729961681	0.00126278620515	0	3.95857744561e-05	3.95857744561e-06	5.93786616841e-05	3.95857744561e-06	0	0.000641289546189	0	0.000653165278526	1.18757323368e-05	0	0	0	0	0	0	0	0	0.000866928460588	0	0.000320644773094	0	0	0	2.37514646737e-05	5.54200842385e-05	0.00016230167527	0	3.95857744561e-06	7.91715489122e-06	3.95857744561e-06	0	0.00164280963993	0.000625455236406	0.000700668207873	0	0	0	3.95857744561e-06	0	0	0.000130633055705	9.50058586946e-05	0.000787756911676	0.00048690502581	6.33372391297e-05	7.91715489122e-06	3.95857744561e-06	0.000138550210596	7.91715489122e-06	0.000859011305697	0.000273141843747	1.58343097824e-05	0	3.95857744561e-06	0.0002256389144
1.9792887228e-05	0.00414067200811	0.0117411407037	0	0	3.95857744561e-06	3.16686195649e-05	3.95857744561e-05	1.18757323368e-05	1.58343097824e-05	0	0.00835259841024	0	0.00598536909776	2.37514646737e-05	3.95857744561e-06	0.000106881591031	0.0128495423884	0.00290559584508	0.0149752984767	0	0.000475029293473	0.000498780758147	0.00281850714127	3.56271970105e-05	0.00350729961681	0.0693146910726	0.024163156728	7.52129714666e-05	0.00016230167527	0.000376064857333	0.00110048452988	1.18757323368e-05	6.72958165754e-05	0.00718877664123	3.95857744561e-06	0.00227618203123	0.000102923013586	0	3.95857744561e-06	0	0	0	3.95857744561e-06	1.18757323368e-05	0	0.000700668207873	0	0.000114798745923	3.95857744561e-06	3.95857744561e-06	1.18757323368e-05	0.000114798745923	6.33372391297e-05	0.000209804604617	0	7.91715489122e-06	0.000221680336954	9.50058586946e-05	3.95857744561e-06	0.00136570921874	0.00120340754347	0.00176552554074	0	0	0	0	0	0	0.000209804604617	0.00202679165215	0.00431484941571	0.00483342306109	0.00146863223232	0.000134591633151	9.1047281249e-05	0.000114798745923	0.000126674478259	0.000870887038034	0.000312727618203	6.72958165754e-05	7.91715489122e-06	7.91715489122e-06	7.1254394021e-05
1.9792887228e-05	0.00722440383824	0.0116184248029	0	3.95857744561e-06	0	3.56271970105e-05	0.000126674478259	2.37514646737e-05	5.14615067929e-05	7.91715489122e-06	0.00116382176901	0	0.00203470880704	2.37514646737e-05	1.9792887228e-05	0.00292538873231	0.00566076574722	0.000233556069291	0.00253348956519	0	0.000906514235044	0.00481758875131	0.00760838585046	0.000134591633151	0.00126278620515	0.024163156728	0.0616152579409	0.00026126611141	0.000205846027172	0.000601703771733	0.000368147702442	3.95857744561e-06	9.50058586946e-05	0.0035587611236	0	0.00182886277987	0.000146467365488	0	0	0	0	3.95857744561e-06	0	4.35443519017e-05	3.95857744561e-06	0.000221680336954	3.95857744561e-06	5.14615067929e-05	0	0	0.000166260252716	0.000138550210596	3.56271970105e-05	9.89644361402e-05	3.95857744561e-06	6.72958165754e-05	0.00103714729075	0.000304810463312	2.37514646737e-05	0.000328561927986	0.000657123855971	0.00115590461412	2.77100421193e-05	3.95857744561e-06	3.95857744561e-05	3.95857744561e-06	0	0	0.000186053139944	0.00191199290623	0.00279079709915	0.0032460335054	0.00121924185325	0.0002256389144	0.000106881591031	7.52129714666e-05	0.000174177407607	0.000558159419831	0.0002256389144	8.70887038034e-05	0	1.18757323368e-05	4.35443519017e-05
0.000273141843747	1.9792887228e-05	0.000498780758147	0	0.00535595528391	0	0.000950058586946	0.0168952085379	0.00119153181113	0.00200304018748	0.00655540424993	1.18757323368e-05	0.00111236026222	3.95857744561e-06	0.000961934319283	9.89644361402e-05	0.00446923393609	0.000403774899452	0	1.9792887228e-05	0.00148050796466	0.00574389587358	0.00228014060867	0.00344792095513	0.0156957595718	0	7.52129714666e-05	0.00026126611141	0.047491053615	0.00268391550812	0.0087920005067	0	0	0.00133799917662	0.00306789752035	2.37514646737e-05	0	0	0	0.000364189124996	0	7.91715489122e-06	0.000114798745923	7.91715489122e-06	0.000969851474174	7.1254394021e-05	0	9.1047281249e-05	0	1.18757323368e-05	3.95857744561e-06	3.16686195649e-05	0	0	0	0.00019792887228	3.16686195649e-05	6.72958165754e-05	1.58343097824e-05	0.000696709630427	0	0	7.91715489122e-06	0.000233556069291	3.95857744561e-06	3.56271970105e-05	0	0	0	2.77100421193e-05	0.000890679925262	0.000249390379073	0.00106881591031	0.000482946448364	0.000288976153529	3.16686195649e-05	3.95857744561e-06	4.75029293473e-05	1.9792887228e-05	7.91715489122e-06	0	1.18757323368e-05	0	0
0.00457215694968	5.14615067929e-05	0.00038794058967	0	0.000193970294835	0.000490863603256	0.00538366532603	0.00587057035184	0.00777860468062	0.000732336827438	0.00101339582608	0.000285017576084	0.000320644773094	0.000102923013586	0.0131147670773	0.000771922601894	0.000621496658961	0.000348354815214	1.58343097824e-05	8.31301263578e-05	0.000186053139944	0.0036023054755	0.000736295404883	0.00205846027172	0.00165864394971	3.95857744561e-05	0.00016230167527	0.000205846027172	0.00268391550812	0.0490942774804	0.011939069576	0	0.00201491591982	0.012988092599	0.0132731101751	3.95857744561e-06	1.58343097824e-05	3.95857744561e-06	0	3.56271970105e-05	0	7.91715489122e-06	3.56271970105e-05	0	0.000316686195649	3.95857744561e-06	0	1.18757323368e-05	0	0	3.95857744561e-06	1.18757323368e-05	0	0	0	3.95857744561e-06	1.18757323368e-05	2.37514646737e-05	2.77100421193e-05	0.000245431801628	7.91715489122e-06	7.91715489122e-06	1.18757323368e-05	6.72958165754e-05	0	1.58343097824e-05	0	0	0	1.18757323368e-05	0.00314706906926	0.000482946448364	0.00610808499857	0.00203470880704	0.00114007030434	0.00129049624727	4.75029293473e-05	5.14615067929e-05	1.58343097824e-05	7.91715489122e-06	1.58343097824e-05	0	3.95857744561e-06	0
0.00221680336954	8.70887038034e-05	0.00163093390759	0	7.91715489122e-05	7.91715489122e-06	0.000407733476898	0.00977372771321	0.00100943724863	0.00119549038857	0.000395857744561	3.95857744561e-05	4.75029293473e-05	1.18757323368e-05	0.00177344269563	8.70887038034e-05	0.00217325901764	0.00177344269563	0	8.70887038034e-05	4.35443519017e-05	0.0154819963898	0.00188032428666	0.00868907749311	0.00308769040758	3.95857744561e-06	0.000376064857333	0.000601703771733	0.0087920005067	0.011939069576	0.0437858251259	0	7.91715489122e-06	0.00443360673908	0.00812300091839	1.18757323368e-05	1.58343097824e-05	0	0	2.77100421193e-05	0	1.18757323368e-05	7.91715489122e-05	3.95857744561e-06	0.000593786616841	1.58343097824e-05	0	2.37514646737e-05	0	7.91715489122e-06	7.91715489122e-06	2.77100421193e-05	3.95857744561e-06	0	0	1.9792887228e-05	3.56271970105e-05	0.000106881591031	1.58343097824e-05	0.000411692054343	3.95857744561e-06	3.95857744561e-06	1.18757323368e-05	0.000138550210596	3.95857744561e-06	3.95857744561e-05	0	0	0	1.58343097824e-05	0.00215742470786	0.000562117997276	0.00280663140894	0.00111236026222	0.000277100421193	7.1254394021e-05	1.9792887228e-05	6.72958165754e-05	1.18757323368e-05	1.18757323368e-05	1.18757323368e-05	1.18757323368e-05	0	0
0	3.95857744561e-06	3.95857744561e-06	0	0	0	0	0	0	0	0	0.00042356778668	0	0.000882762770371	0	0	0	3.95857744561e-06	1.58343097824e-05	1.18757323368e-05	0	0	0	0	0	5.93786616841e-05	0.00110048452988	0.000368147702442	0	0	0	0.00140529499319	0	0	7.91715489122e-06	0	7.91715489122e-06	0	0	0	0	0	0	0	0	0	7.91715489122e-06	0	0	0	0	0	0	0	0	0	0	0	0	0	2.37514646737e-05	3.95857744561e-06	3.95857744561e-06	0	0	0	0	0	0	3.95857744561e-06	3.95857744561e-06	0	1.58343097824e-05	3.95857744561e-06	0	0	0	0	7.91715489122e-06	3.95857744561e-06	0	0	0	0
0	0	1.18757323368e-05	0	0	0.00182094562498	0.00244640086139	1.58343097824e-05	0.00163885106248	3.95857744561e-06	7.91715489122e-06	5.14615067929e-05	7.91715489122e-06	3.16686195649e-05	0.00207033600405	4.75029293473e-05	0	7.91715489122e-06	0	1.18757323368e-05	3.95857744561e-06	3.95857744561e-06	7.91715489122e-06	1.18757323368e-05	0	3.95857744561e-06	1.18757323368e-05	3.95857744561e-06	0	0.00201491591982	7.91715489122e-06	0	0.00529261804478	3.16686195649e-05	0.00127070336004	0	0	0	0	0	0	0	0	0	0	0	0	0	0	0	0	0	0	0	0	0	0	0	0	0	0	0	0	0	0	0	0	0	0	0	1.58343097824e-05	2.77100421193e-05	0.0002256389144	5.93786616841e-05	9.1047281249e-05	0.00064920670108	0	0	0	0	0	0	0	0
0.000740253982329	2.37514646737e-05	0.000158343097824	0	7.1254394021e-05	1.9792887228e-05	0.000510656490484	0.0021178389334	0.00110840168477	0.000435443519017	0.000213763182063	1.58343097824e-05	6.72958165754e-05	3.95857744561e-06	0.00165072679482	0.000110840168477	0.000435443519017	0.000130633055705	3.95857744561e-06	1.9792887228e-05	5.54200842385e-05	0.00224451341166	0.00052253222282	0.00100943724863	0.000922348544827	0	6.72958165754e-05	9.50058586946e-05	0.00133799917662	0.012988092599	0.00443360673908	0	3.16686195649e-05	0.0156482566425	0.00745795990753	3.95857744561e-06	7.91715489122e-06	0	0	1.58343097824e-05	0	7.91715489122e-06	1.9792887228e-05	0	0.000193970294835	7.91715489122e-06	0	7.91715489122e-06	0	0	0	3.95857744561e-06	0	0	0	0	7.91715489122e-06	3.95857744561e-06	1.58343097824e-05	0.000158343097824	0	0	3.95857744561e-06	4.75029293473e-05	0	1.18757323368e-05	0	0	0	7.91715489122e-06	0.00201095734237	0.000233556069291	0.00272350128258	0.000954017164392	0.000344396237768	0.000114798745923	1.9792887228e-05	2.77100421193e-05	3.95857744561e-06	1.18757323368e-05	7.91715489122e-06	0	7.91715489122e-06	0
0.000467112138582	0.000866928460588	0.0051382335244	0	5.93786616841e-05	0.00071254394021	0.00276704563448	0.00271162555024	0.00250182094562	0.000736295404883	0.000399816322007	0.00611600215347	0.000130633055705	0.00139341926085	0.00332124647687	0.00036023054755	0.0021178389334	0.00795278208823	0.000296893308421	0.00600516198499	6.33372391297e-05	0.00495218038446	0.00224055483421	0.00905722519555	0.00189615859645	0.000641289546189	0.00718877664123	0.0035587611236	0.00306789752035	0.0132731101751	0.00812300091839	7.91715489122e-06	0.00127070336004	0.00745795990753	0.0568847578934	2.77100421193e-05	0.00036023054755	4.35443519017e-05	0	1.58343097824e-05	0	7.91715489122e-06	5.54200842385e-05	3.95857744561e-06	0.000380023434778	1.18757323368e-05	7.1254394021e-05	1.18757323368e-05	2.77100421193e-05	1.18757323368e-05	7.91715489122e-06	6.72958165754e-05	2.37514646737e-05	7.91715489122e-06	1.58343097824e-05	1.58343097824e-05	3.95857744561e-05	0.000233556069291	0.000106881591031	0.000253348956519	0.000182094562498	0.000158343097824	0.000273141843747	0.000122715900814	7.91715489122e-06	3.95857744561e-05	3.95857744561e-06	0	0	6.72958165754e-05	0.0111988155936	0.00609620926624	0.0262849542388	0.00883950343605	0.00174969123096	0.0017101054565	0.000407733476898	0.000273141843747	0.000146467365488	8.70887038034e-05	4.75029293473e-05	1.9792887228e-05	1.18757323368e-05	1.58343097824e-05
0	0	3.95857744561e-06	0	1.58343097824e-05	0	0	1.58343097824e-05	3.95857744561e-06	7.52129714666e-05	3.95857744561e-06	0	3.95857744561e-06	0	3.95857744561e-06	0	1.18757323368e-05	7.91715489122e-06	0	0	3.95857744561e-06	0	2.77100421193e-05	3.95857744561e-06	3.16686195649e-05	0	3.95857744561e-06	0	2.37514646737e-05	3.95857744561e-06	1.18757323368e-05	0	0	3.95857744561e-06	2.77100421193e-05	0.0176790068721	1.18757323368e-05	1.9792887228e-05	0	0.000146467365488	0	0.00188428286411	0.00501155904614	0.00341625233556	0.000514615067929	0.00128653766982	1.58343097824e-05	0.000641289546189	0	0.00817446242518	0.000209804604617	7.52129714666e-05	1.9792887228e-05	0	0	0.00019792887228	0.000229597491845	9.89644361402e-05	0.000182094562498	0.00167051968205	0	1.18757323368e-05	3.95857744561e-05	0.00106881591031	0.00349542388447	0.001892200019	0	3.95857744561e-06	0.000142508788042	0.000918389967381	2.37514646737e-05	7.91715489122e-06	1.18757323368e-05	1.18757323368e-05	3.95857744561e-06	3.95857744561e-06	0	0.000815466953795	0.000146467365488	0.000613579504069	0.000193970294835	0.000866928460588	7.91715489122e-05	0
0	0.00346375526491	0.00074817113722	0	0	0	0	0	0	7.91715489122e-06	0	0.000190011717389	0	0.000102923013586	0	0	7.91715489122e-06	0.000526490800266	3.95857744561e-05	0.000463153561136	0	3.56271970105e-05	0.000190011717389	0.000201887449726	0	0.000653165278526	0.00227618203123	0.00182886277987	0	1.58343097824e-05	1.58343097824e-05	7.91715489122e-06	0	7.91715489122e-06	0.00036023054755	1.18757323368e-05	0.0155532507838	0.000791715489122	0	7.91715489122e-06	0	0	4.75029293473e-05	0	8.70887038034e-05	0	0.000356271970105	0	7.52129714666e-05	0	0	0.000174177407607	0.000918389967381	7.1254394021e-05	0.00055024226494	3.95857744561e-06	0.000166260252716	0.0023434778478	0.000613579504069	3.95857744561e-05	0.00161905817525	0.0038358615448	0.00799236786268	3.16686195649e-05	7.91715489122e-06	5.14615067929e-05	0	0	3.95857744561e-06	0.000819425531241	0.000118757323368	0.000348354815214	0.000273141843747	9.1047281249e-05	1.18757323368e-05	1.9792887228e-05	7.91715489122e-06	0.000395857744561	0.00192782721601	0.000946100009501	0.000265224688856	1.58343097824e-05	2.37514646737e-05	3.95857744561e-06
0	0.000292934730975	0.000138550210596	0	0	0	3.95857744561e-06	0	3.95857744561e-06	1.18757323368e-05	0	7.91715489122e-06	0	0	3.95857744561e-06	0	1.58343097824e-05	7.91715489122e-05	0	1.58343097824e-05	0	7.91715489122e-06	0.000190011717389	6.33372391297e-05	0	1.18757323368e-05	0.000102923013586	0.000146467365488	0	3.95857744561e-06	0	0	0	0	4.35443519017e-05	1.9792887228e-05	0.000791715489122	0.0183005035311	0	0	0	1.18757323368e-05	0.000130633055705	1.9792887228e-05	6.72958165754e-05	1.58343097824e-05	6.33372391297e-05	0	1.18757323368e-05	1.9792887228e-05	0	0.000661082433417	0.00209408746873	0	0.000217721759509	0	0.00123903474048	0.00109652595243	0.00695522057194	0.000102923013586	1.58343097824e-05	0.00440985527441	0.00569639294423	0.000205846027172	1.9792887228e-05	0.000490863603256	0	0	7.91715489122e-06	0.00142508788042	4.75029293473e-05	3.95857744561e-05	5.93786616841e-05	2.37514646737e-05	3.95857744561e-06	3.95857744561e-06	0	0.00111631883966	0.00180115273775	0.00138550210596	0.00058586946195	4.35443519017e-05	5.14615067929e-05	1.18757323368e-05
0	0	0	0	0	0	0	0	0	0	0	0	0	0	0	0	0	0	0	0	0	0	0	0	0	0	0	0	0	0	0	0	0	0	0	0	0	0	0	0	0	0	0	0	0	0	0	0	0	0	0	0	0	0	0	0	0	0	0	0	0	0	0	0	0	0	0	0	0	0	0	0	0	0	0	0	0	0	0	0	0	0	0	0
3.95857744561e-06	0	3.95857744561e-06	0	0.00168239541438	0	7.91715489122e-06	0.000122715900814	7.91715489122e-06	0.000312727618203	6.72958165754e-05	0	5.14615067929e-05	0	1.18757323368e-05	0	2.37514646737e-05	3.95857744561e-06	0	3.95857744561e-06	5.14615067929e-05	3.95857744561e-06	3.16686195649e-05	7.91715489122e-06	0.000201887449726	0	3.95857744561e-06	0	0.000364189124996	3.56271970105e-05	2.77100421193e-05	0	0	1.58343097824e-05	1.58343097824e-05	0.000146467365488	7.91715489122e-06	0	0	0.0141360800583	0	0.000257307533965	0.000756088292111	0.000142508788042	0.00167051968205	0.00332124647687	0	0.00244640086139	0	0.000106881591031	1.18757323368e-05	1.9792887228e-05	0	0	0	0.00584681888716	3.95857744561e-05	1.9792887228e-05	1.18757323368e-05	0.00718481806378	0	3.95857744561e-06	7.91715489122e-06	0.00307977325268	2.77100421193e-05	7.1254394021e-05	0	0	0	4.35443519017e-05	1.9792887228e-05	0	7.91715489122e-06	7.91715489122e-06	1.18757323368e-05	0	0	5.14615067929e-05	1.18757323368e-05	3.95857744561e-05	1.18757323368e-05	3.95857744561e-05	7.91715489122e-06	0
