0.0320910327274	0	0	0	0	0	0	0.0126267982582	0.00348110347237	3.7431220133e-05	0	0	0	0	0.020811758394	0	1.24770733777e-05	0	0	0	0	0.00267009370282	0	0.00622605961546	0.00440440690232	0	0	0	0.00123523026439	0.0130759728998	0.018865334947	0	0	0.000611376595506	0.000424220494841	0	0	0	0	0	0	0	0	0	2.49541467553e-05	0	0	0	0	0	0	0	0	0	0	0	0	0	0	1.24770733777e-05	0	0	0	0	0	0	0	0	0	0	0	0	8.73395136437e-05	0	0	0	0	1.24770733777e-05	0	0	0	0	0	0
0	0.0247545135813	0.000112293660399	0	0	0	0	0	0	0.00158458831896	0	0	0	6.23853668883e-05	0	0	0.0020088088138	0.000848440989681	0	0	0	1.24770733777e-05	0.00553982057968	0.0012851385579	0.00204624003394	0.00203376296056	0.00285724980349	0.0186157934795	0	0	0	0	0	0	0	0	0.010143860656	0.00124770733777	0	0	0	0	0	0	0	0	0	0	0	0	0	4.99082935107e-05	0.00155963417221	0	0	0	0	0.00462899422312	0.00137247807154	0.000149724880532	0	0.000424220494841	0.0137247807154	0	0	0	0	0	0	0	0	0	0	0	0	0	0	0	0	1.24770733777e-05	0	0	0	0
0	0.000112293660399	0.0437570963355	0	0	0	0	0	0	0	0	0	0	0	0	0	0	0.0153468002545	0	0	0	0.00210862540083	0	0.0236315769773	1.24770733777e-05	0	0.00711193182527	0.0203625837524	1.24770733777e-05	0	1.24770733777e-05	0	0	0	0.000598899522128	0	0.0027948644366	0.000399266348085	0	0	0	0	0	0	0	0	0	0	0	0	0	0.000249541467553	0.00470385666338	0	6.23853668883e-05	0	6.23853668883e-05	6.23853668883e-05	0.00319413078468	0	0	9.98165870213e-05	0.000923303429947	0	0	0	0	0	0	0.00410495714125	0.000137247807154	0.000149724880532	0.00170935905274	0.00133504685141	0	0	0	0.000998165870213	0.0011728448975	0.00137247807154	9.98165870213e-05	0	0	0
0	0	0	0	0	0	0	0	0	0	0	0	0	0	0	0	0	0	0	0	0	0	0	0	0	0	0	0	0	0	0	0	0	0	0	0	0	0	0	0	0	0	0	0	0	0	0	0	0	0	0	0	0	0	0	0	0	0	0	0	0	0	0	0	0	0	0	0	0	0	0	0	0	0	0	0	0	0	0	0	0	0	0	0
0	0	0	0	0.0200257027712	0	0.000611376595506	0.00252036882229	0.00113541367737	0.00222091906122	0.00096073465008	3.7431220133e-05	0.00104807416372	0	0.00182165271314	0	0	0	0	3.7431220133e-05	0.00280734150998	0	0	0	0.0143236802376	0	4.99082935107e-05	0	0.00607633473492	0.0011728448975	0	0	0	0.000474128788351	0.00232073564825	0	0	0	0	0.00766092305389	0	0	0	0	0.00696220694474	0.00016220195391	0	0.000598899522128	0	3.7431220133e-05	0	0	0	3.7431220133e-05	3.7431220133e-05	0.00648807815639	0	0	0	0.00942019040014	0	2.49541467553e-05	0	0.000823486842926	4.99082935107e-05	0	0	0	0	8.73395136437e-05	3.7431220133e-05	0	0.00109798245723	0.000411743421463	0	0	0	1.24770733777e-05	2.49541467553e-05	0.000199633174043	0	0	0	0
0	0	0	0	0	0.00663780303692	0.00239559808851	0	0.00126018441114	0.000524037081862	0	7.4862440266e-05	0	7.4862440266e-05	0.000324403907819	0.00325651615157	0	0	0	0	0	0	0	0	0.00157211124559	6.23853668883e-05	0	0	8.73395136437e-05	0.000199633174043	0	0	0.00437945275556	0	0.0013974322183	0	0	0	0	1.24770733777e-05	0	0	0	0	8.73395136437e-05	0	0	1.24770733777e-05	2.49541467553e-05	0	0	0	0	0	0	1.24770733777e-05	0	0	0	8.73395136437e-05	0	0	0	0	0	0	0	0	0	0	0.000598899522128	0	0.000274495614309	0.000137247807154	0.00263266248269	0.00187156100665	6.23853668883e-05	0	0	0	0	0	0	0
0	0	0	0	0.000611376595506	0.00239559808851	0.0266011204412	0.000723670255905	0.00919560307934	0.00021211024742	0.00772330842078	0.00360587420615	0.0110047787191	0	0.00303192883077	0.00232073564825	0	0	0.000923303429947	0.00218348784109	0.00217101076771	0	0	0	0.0012851385579	0	0.00344367225224	0	0.00147229465856	0.00451670056272	0	0	0.0015097258787	1.24770733777e-05	0.00512807715822	0	0	0	0	9.98165870213e-05	1.24770733777e-05	1.24770733777e-05	0	0	0.000149724880532	0	0	4.99082935107e-05	0	0	4.99082935107e-05	0	0	0	0	7.4862440266e-05	0	0	0	0.000124770733777	0	0	0	1.24770733777e-05	0	0	0	1.24770733777e-05	0	0	0.00159706539234	0	0.00309431419766	0.000286972687686	0.002907158097	0.000386789274708	0	0	0	0	0	1.24770733777e-05	0	0
0.0126267982582	0	0	0	0.00252036882229	0	0.000723670255905	0.056196738493	0.00937028210663	7.4862440266e-05	0.0103684479768	1.24770733777e-05	0	0	0.018865334947	0	1.24770733777e-05	0	0	1.24770733777e-05	0	0.00178422149301	0	0.000386789274708	0.0102436772431	0	1.24770733777e-05	0	0.0316792893059	0.00314422249117	0.007598537687	0	3.7431220133e-05	0.00112293660399	0.00465394836987	0	0	0	0	0.000237064394176	0	0	0	0	0.00037431220133	0	0	0	0	0	0	0	0	0	0	0	0	0	0	0.000424220494841	0	0	0	4.99082935107e-05	0	0	0	0	0	0	1.24770733777e-05	0	0.0032939473717	0.00142238636505	0	4.99082935107e-05	0	0	0	0	0	0	0	0
0.00348110347237	0	0	0	0.00113541367737	0.00126018441114	0.00919560307934	0.00937028210663	0.0400389284689	7.4862440266e-05	0.0138994597427	0.000636330742261	0.00466642544325	0	0.0206370793667	0.000698716109149	0	0	0.000349358054575	2.49541467553e-05	0.00155963417221	0.000436697568218	0	0.00121027611763	0.00260770833593	0	0.00074862440266	0	0.0045790859296	0.00383046152694	0.000736147329282	0	0.00461651714974	0.000249541467553	0.00354348883926	0	0	0	0	7.4862440266e-05	0	0	0	0	6.23853668883e-05	0	0	1.24770733777e-05	0	0	1.24770733777e-05	0	0	0	0	3.7431220133e-05	0	0	0	9.98165870213e-05	0	0	0	2.49541467553e-05	0	0	0	0	0	0	0.00354348883926	0	0.00366825957303	0.000673761962394	0.00165945075923	0.00154715709883	4.99082935107e-05	0	0	0	0	0	0	0
3.7431220133e-05	0.00158458831896	0	0	0.00222091906122	0.000524037081862	0.00021211024742	7.4862440266e-05	7.4862440266e-05	0.0256279087177	0	1.24770733777e-05	0.000112293660399	0	8.73395136437e-05	0.0025702771158	0.00366825957303	0	0	1.24770733777e-05	2.49541467553e-05	0.000736147329282	0.00847193282344	0.00168440490599	0.0149849651266	0.00053651415524	8.73395136437e-05	0.00126018441114	0.00199633174043	9.98165870213e-05	9.98165870213e-05	0	0.000461651714974	2.49541467553e-05	0.000249541467553	0	1.24770733777e-05	0	0	0.00199633174043	0.000137247807154	9.98165870213e-05	0	0	0.0129387250926	0	0	0.000898349283192	0	0	0.000823486842926	0.00288220395024	4.99082935107e-05	0	1.24770733777e-05	0.00145981758519	1.24770733777e-05	0.00583927034075	2.49541467553e-05	0.0112044118931	0	0	1.24770733777e-05	0.00199633174043	0	0	0	2.49541467553e-05	0	0.000386789274708	0.00225835028136	6.23853668883e-05	0.000973211723458	0.00096073465008	0.00469137959	7.4862440266e-05	0	0.000823486842926	6.23853668883e-05	0.000811009769548	0.000187156100665	0.000611376595506	2.49541467553e-05	0
0	0	0	0	0.00096073465008	0	0.00772330842078	0.0103684479768	0.0138994597427	0	0.0372939723259	0.00126018441114	0.00288220395024	0	0.00721174841229	0	0	0	0	0.00123523026439	0.00254532296904	0	0	0	0.00219596491447	0	0.00119779904426	0	0.0104932187106	0.00195890052029	0	0	4.99082935107e-05	0.000262018540931	0.00303192883077	0.000736147329282	0	0	0	0.00230825857487	0	3.7431220133e-05	0	0.000873395136437	2.49541467553e-05	0.002907158097	4.99082935107e-05	0.00222091906122	0	0.00179669856638	0	0	6.23853668883e-05	0.00021211024742	0.000786055622793	0.00425468202178	0	0	0	0.000499082935107	0	0.000773578549415	0	0.00278238736322	0.00167192783261	0	0	2.49541467553e-05	0	0.00175926734625	0	0	0.00220844198785	0.000224587320798	0	0	0	0.000174679027287	0.000112293660399	0.00140990929168	0	0	0	0
0	0	0	0	3.7431220133e-05	7.4862440266e-05	0.00360587420615	1.24770733777e-05	0.000636330742261	1.24770733777e-05	0.00126018441114	0.0423471870438	0.0078231250078	0.00838459330979	0.00733651914607	0	0	0.000137247807154	0.00762349183376	0.013412853881	0.00390532396721	0	0	0	0	0.00208367125407	0.0225460715934	0	0.000262018540931	0.0126267982582	0	0	0.00429211324192	0	0.0274121302107	0	0	0	0	0	0	0	0	0	0	0	0.000112293660399	0	0.00227082735474	0	0	0	0	1.24770733777e-05	0	0	0	0	0	1.24770733777e-05	0.00021211024742	4.99082935107e-05	0.00112293660399	0	0	0	0	0	0	0	0.000474128788351	0.00102312001697	0.011728448975	0.000112293660399	2.49541467553e-05	0	0	0	0.000324403907819	1.24770733777e-05	0	0	0	0.000199633174043
0	0	0	0	0.00104807416372	0	0.0110047787191	0	0.00466642544325	0.000112293660399	0.00288220395024	0.0078231250078	0.0293835078044	0	0.00323156200482	0.00096073465008	0	0	0.00123523026439	0.00598899522128	0.00546495813942	0	0	0	0.00116036782412	0	0.00742385865971	0	6.23853668883e-05	0.00472881081014	0	0	0.000112293660399	0	0.00953248406054	0	0	0	0	9.98165870213e-05	0	4.99082935107e-05	0	0.00152220295208	2.49541467553e-05	0.00123523026439	0.000985688796836	0.00422972787503	4.99082935107e-05	0.000611376595506	0	0	0	0.00140990929168	0.000636330742261	0.00417981958152	0	0	0	0.000249541467553	0	2.49541467553e-05	0	1.24770733777e-05	0.000349358054575	0	0	0	0	0.00174679027287	0.000885872209814	0	0.00636330742261	0.000299449761064	0.000835963916304	0	0	7.4862440266e-05	0.000698716109149	0.00184660685989	0	3.7431220133e-05	0	0
0	6.23853668883e-05	0	0	0	7.4862440266e-05	0	0	0	0	0	0.00838459330979	0	0.0155214792818	0.00174679027287	0	0	0	0	0	0	0	0	0	0	0.00628844498234	0.00346862639899	0.00285724980349	0	0.00179669856638	0	0.000112293660399	0.00172183612612	0	0.00240807516189	0	0	0	0	0	0	0	0	0	0	0	0.000386789274708	0	0.00333137859184	0	0	0	0	1.24770733777e-05	7.4862440266e-05	0	0	0	0	0	0.00160954246572	0.00238312101513	0.00431706738867	0	0	0	0	0	0	0	0	0.00103559709035	0.000486605861729	0	0	0	2.49541467553e-05	0	0.000399266348085	1.24770733777e-05	0	0	0	0.000299449761064
0.020811758394	0	0	0	0.00182165271314	0.000324403907819	0.00303192883077	0.018865334947	0.0206370793667	8.73395136437e-05	0.00721174841229	0.00733651914607	0.00323156200482	0.00174679027287	0.0575442624178	0.000224587320798	1.24770733777e-05	0	0.00280734150998	0.000449174641596	0.000948257576703	0.00299449761064	0	0.00567706838684	0.00520293959849	0.000349358054575	0.00494092105756	0	0.00521541667187	0.0181915729846	0.0121651465432	0	0.00731156499931	0.000736147329282	0.0110546870126	0	0	0	0	7.4862440266e-05	0	0	0	0	6.23853668883e-05	0	0	1.24770733777e-05	8.73395136437e-05	0	1.24770733777e-05	0	0	0	0	3.7431220133e-05	0	0	0	9.98165870213e-05	2.49541467553e-05	0	0	2.49541467553e-05	0	0	0	0	0	0	0.00159706539234	1.24770733777e-05	0.00475376495689	0.000424220494841	0.00053651415524	0.000274495614309	0	0	0	0	0	0	0	1.24770733777e-05
0	0	0	0	0	0.00325651615157	0.00232073564825	0	0.000698716109149	0.0025702771158	0	0	0.00096073465008	0	0.000224587320798	0.00824734550264	0	0	0	0	0	0	0	0	0.00248293760216	0	0	0	9.98165870213e-05	0.000424220494841	0	0	0.00210862540083	0	9.98165870213e-05	0	0	0	0	0.000499082935107	7.4862440266e-05	8.73395136437e-05	0	2.49541467553e-05	0.00167192783261	0	0	0.00074862440266	0	0	0.000661284889016	0	0	0	0	0.000511560008484	0	0	0	0.000998165870213	0	0	0	1.24770733777e-05	0	0	0	1.24770733777e-05	0	0	0.000948257576703	0	0.000286972687686	0.000262018540931	0.00618862839532	0.000511560008484	0	0	0	0	0	0.000386789274708	1.24770733777e-05	0
1.24770733777e-05	0.0020088088138	0	0	0	0	0	1.24770733777e-05	0	0.00366825957303	0	0	0	0	1.24770733777e-05	0	0.023918549665	0	0	0	0	0.00273247906971	0.0196513905698	0.0109923016457	0.00611376595506	0	0	0.00373064493992	0.00058642244875	0	4.99082935107e-05	0	0	0	0	0	0	0	0	0	0	0	0	0	0.00119779904426	0	0	0	0	0	0	0.0065379864499	0	0	0	0	0.000885872209814	0.00898349283192	0.00155963417221	0.00267009370282	0	0	0	0.00281981858335	0	0	0	0	0	0	0.000798532696171	3.7431220133e-05	0	0.000137247807154	0	0	0	3.7431220133e-05	0	0	0	0	0	0
0	0.000848440989681	0.0153468002545	0	0	0	0	0	0	0	0	0.000137247807154	0	0	0	0	0	0.0438319587757	0	0.00335633273859	0	3.7431220133e-05	0	0.00991927333525	0	2.49541467553e-05	0.0129761563128	0.00706202353176	0	3.7431220133e-05	0	0	0	0	0.00976954845471	0	0.00461651714974	0.000324403907819	0	0	0	0	0	0	0	0	0	0	0	0	0	0.000286972687686	0.00875890551112	0	0.000149724880532	0	4.99082935107e-05	7.4862440266e-05	0.00561468301995	0	1.24770733777e-05	0.00127266148452	0.00143486343843	0	1.24770733777e-05	0	0	0	0	0.00494092105756	0.00259523126256	0.00237064394176	0.00812257476886	0.00348110347237	0	0	0	0.00333137859184	0.0024579834554	0.00220844198785	4.99082935107e-05	0	0	0
0	0	0	0	0	0	0.000923303429947	0	0.000349358054575	0	0	0.00762349183376	0.00123523026439	0	0.00280734150998	0	0	0	0.0128014772855	0.000885872209814	0.000286972687686	0	0	0	0	0	0.0104308333437	0	0	0.00511560008484	0	0	0.0010605512371	0	0.00660037181679	0	0	0	0	0	0	0	0	0	0	0	0	0	0	0	0	0	0	0	1.24770733777e-05	0	0	0	0	0	0	1.24770733777e-05	0	0	0	0	0	0	0	0	0.00306936005091	0.00324403907819	0.00272000199633	0.000424220494841	1.24770733777e-05	2.49541467553e-05	0	3.7431220133e-05	2.49541467553e-05	0	0	0	0	0
0	0	0	0	3.7431220133e-05	0	0.00218348784109	1.24770733777e-05	2.49541467553e-05	1.24770733777e-05	0.00123523026439	0.013412853881	0.00598899522128	0	0.000449174641596	0	0	0.00335633273859	0.000885872209814	0.0266260745879	0.00364330542628	0	0	0	0	0	0.0211735935219	0.000149724880532	0.000262018540931	0.000773578549415	0	0	3.7431220133e-05	0	0.0173680861417	0	0.00016220195391	0	0	0	0	0	0	0	0	0	0	0	0	0	0	0	0	0	0.000174679027287	0	0	0	0	2.49541467553e-05	0.000324403907819	1.24770733777e-05	0.000224587320798	0	0	0	0	0	0	0	0.00415486543476	0.00315669956455	0.0114539533607	0.000149724880532	1.24770733777e-05	0	0	4.99082935107e-05	0.000386789274708	0	0	0	0	0
0	0	0	0	0.00280734150998	0	0.00217101076771	0	0.00155963417221	2.49541467553e-05	0.00254532296904	0.00390532396721	0.00546495813942	0	0.000948257576703	0	0	0	0.000286972687686	0.00364330542628	0.0161453329507	0	0	0	0.000648807815639	0	0.00410495714125	0	0.00122275319101	0.00108550538386	0	0	0	0	0.00548991228617	0	0	0	0	0.00131009270466	0	0	0	0	0.000237064394176	0	0.000823486842926	0.00283229565673	0	0	0	0	0	0.00103559709035	0.00058642244875	0.00495339813093	0	0	0	0.00208367125407	0	0.000262018540931	0	0.000249541467553	0.000486605861729	0	0	0	0	0.0015097258787	0.000636330742261	0	0.00501578349782	0.000274495614309	0	0	0	0.000623853668883	0.000761101476038	0.00160954246572	1.24770733777e-05	0	0	0
0.00267009370282	1.24770733777e-05	0.00210862540083	0	0	0	0	0.00178422149301	0.000436697568218	0.000736147329282	0	0	0	0	0.00299449761064	0	0.00273247906971	3.7431220133e-05	0	0	0	0.0493343481353	0.00338128688535	0.0298701136661	0.000224587320798	0	0	6.23853668883e-05	0.00666275718367	0.00114789075075	0.0166693700326	0	0	0.000112293660399	0.00610128888168	0	0	0	0	0	0	0	0	0	4.99082935107e-05	0	0	0	0	0	0	0.00339376395873	0	0	0	0	0.00199633174043	0.00494092105756	0.00237064394176	0.000848440989681	0	0	0	0.00274495614309	0	0	0	0	0	1.24770733777e-05	0.00330642444508	0.000174679027287	0.005252847892	0.00217101076771	0	4.99082935107e-05	0	4.99082935107e-05	1.24770733777e-05	1.24770733777e-05	0	0	0	0
0	0.00553982057968	0	0	0	0	0	0	0	0.00847193282344	0	0	0	0	0	0	0.0196513905698	0	0	0	0	0.00338128688535	0.0459031529564	0.0212609330355	0.0107178060314	0.000686239035772	7.4862440266e-05	0.0113291826269	2.49541467553e-05	0	7.4862440266e-05	0	0	0	0	0	0.000424220494841	0	0	0	0	0	0	0	0.00333137859184	0	0	0	0	0	0	0.0183912061587	2.49541467553e-05	0	1.24770733777e-05	0	0.0010605512371	0.0238312101513	0.00401761762761	0.00477871910365	0.00037431220133	0	0.00131009270466	0.00358092005939	0	0	0	0	0	0.000361835127952	0.000898349283192	0	0.000324403907819	0.000474128788351	3.7431220133e-05	1.24770733777e-05	0	2.49541467553e-05	3.7431220133e-05	0.00074862440266	0.000124770733777	2.49541467553e-05	0	0
0.00622605961546	0.0012851385579	0.0236315769773	0	0	0	0	0.000386789274708	0.00121027611763	0.00168440490599	0	0	0	0	0.00567706838684	0	0.0109923016457	0.00991927333525	0	0	0	0.0298701136661	0.0212609330355	0.11536302045	0.0015097258787	0	0.000524037081862	0.0265013038542	0.00235816686838	0.00227082735474	0.0117908343419	0	0	0.000524037081862	0.00684991328434	0	0.00210862540083	9.98165870213e-05	0	0	0	0	0	0	0.000761101476038	0	0	0	0	0	0	0.0222466218324	0.00341871810548	0	0	0	0.00291963517037	0.0237438706377	0.0143985426778	0.00131009270466	0	0	0.00305688297753	0.00252036882229	0	0	0	0	0	0.00153468002545	0.00506569179133	0.000449174641596	0.0115912011679	0.00893358453841	0.00016220195391	8.73395136437e-05	0	0.00119779904426	0.000237064394176	0.000349358054575	3.7431220133e-05	0	0	0
0.00440440690232	0.00204624003394	1.24770733777e-05	0	0.0143236802376	0.00157211124559	0.0012851385579	0.0102436772431	0.00260770833593	0.0149849651266	0.00219596491447	0	0.00116036782412	0	0.00520293959849	0.00248293760216	0.00611376595506	0	0	0	0.000648807815639	0.000224587320798	0.0107178060314	0.0015097258787	0.0729534480392	8.73395136437e-05	0	0.000935780503325	0.022795613061	0.0103434938301	0.00345614932561	0	0.00147229465856	0.00320660785806	0.0078231250078	0	0	0	0	0.00675009669732	0	0	0	0	0.0193020325153	0	0	1.24770733777e-05	0	0	0	0.00174679027287	0	0	0	0.00484110447054	0	0.00262018540931	0	0.0225335945201	0	0	0	0.00185908393327	0	0	0	0	0	0	0.00164697368585	0	0.00803523525522	0.00450422348934	0.00442936104907	0.000998165870213	0	6.23853668883e-05	0	4.99082935107e-05	1.24770733777e-05	0	0	0
0	0.00203376296056	0	0	0	6.23853668883e-05	0	0	0	0.00053651415524	0	0.00208367125407	0	0.00628844498234	0.000349358054575	0	0	2.49541467553e-05	0	0	0	0	0.000686239035772	0	8.73395136437e-05	0.0121277153231	0.00409248006788	0.00637578449599	0	0.000336880981197	0	9.98165870213e-05	0.000349358054575	0	0.000511560008484	0	0.00136000099817	0	0	0	0	0	0	0	0	0	0.000199633174043	0	0.00244550638202	0	0	0	0	1.24770733777e-05	0	0	0	0	0	0	0.00208367125407	0.00240807516189	0.00442936104907	0	0	0	0	0	0	3.7431220133e-05	0	0.000723670255905	0	0	0	0	1.24770733777e-05	0	0.000249541467553	3.7431220133e-05	0	0	0	0.000274495614309
0	0.00285724980349	0.00711193182527	0	4.99082935107e-05	0	0.00344367225224	1.24770733777e-05	0.00074862440266	8.73395136437e-05	0.00119779904426	0.0225460715934	0.00742385865971	0.00346862639899	0.00494092105756	0	0	0.0129761563128	0.0104308333437	0.0211735935219	0.00410495714125	0	7.4862440266e-05	0.000524037081862	0	0.00409248006788	0.102860992925	0.0319413078468	0.000274495614309	0.00918312600596	0	0.000112293660399	0.00229578150149	0	0.0236565311241	0	0.0122150548367	0.00118532197088	0	0	0	0	0	0	0	0	0	0	0.000524037081862	0	0	7.4862440266e-05	0.00417981958152	0	0.000948257576703	0	3.7431220133e-05	1.24770733777e-05	0.000386789274708	2.49541467553e-05	0.00365578249966	0.0101189065093	0.0080477123286	0	1.24770733777e-05	0	0	0	0	0.0017343131995	0.00924551137285	0.0094451445469	0.0156212958688	0.00121027611763	2.49541467553e-05	2.49541467553e-05	8.73395136437e-05	0.000873395136437	0.00114789075075	0.00175926734625	2.49541467553e-05	0	0	0
0	0.0186157934795	0.0203625837524	0	0	0	0	0	0	0.00126018441114	0	0	0	0.00285724980349	0	0	0.00373064493992	0.00706202353176	0	0.000149724880532	0	6.23853668883e-05	0.0113291826269	0.0265013038542	0.000935780503325	0.00637578449599	0.0319413078468	0.0952998864586	0	0	0	8.73395136437e-05	0	0	7.4862440266e-05	0	0.0128888167991	0.00148477173194	0	0	0	0	0	0	0	0	0	0	0.00016220195391	0	0	0.00796037281495	0.00109798245723	0	0.000224587320798	0	0	0.0127016606985	0.00252036882229	2.49541467553e-05	0.00205871710732	0.00306936005091	0.0204374461926	0	0	0	0	0	0	0.000274495614309	0.000399266348085	0	0.00102312001697	0.00158458831896	0	0	0	1.24770733777e-05	0.000187156100665	8.73395136437e-05	2.49541467553e-05	0	0	0
0.00123523026439	0	1.24770733777e-05	0	0.00607633473492	8.73395136437e-05	0.00147229465856	0.0316792893059	0.0045790859296	0.00199633174043	0.0104932187106	0.000262018540931	6.23853668883e-05	0	0.00521541667187	9.98165870213e-05	0.00058642244875	0	0	0.000262018540931	0.00122275319101	0.00666275718367	2.49541467553e-05	0.00235816686838	0.022795613061	0	0.000274495614309	0	0.0648308732704	0.00472881081014	0.0054774352128	0	0.00021211024742	0.00197137759367	0.00763596890713	0	0	0	0	0.00315669956455	0	0	0	0	0.00781064793442	0	0	0	0	0	0	2.49541467553e-05	0	0	0	0.0012851385579	0	2.49541467553e-05	1.24770733777e-05	0.00908330941894	0	0	0	0.000661284889016	0	0	0	0	0	0	0.00122275319101	0	0.00995670455538	0.00450422348934	0.00016220195391	0.000461651714974	0	2.49541467553e-05	0	0	0	0	0	0
0.0130759728998	0	0	0	0.0011728448975	0.000199633174043	0.00451670056272	0.00314422249117	0.00383046152694	9.98165870213e-05	0.00195890052029	0.0126267982582	0.00472881081014	0.00179669856638	0.0181915729846	0.000424220494841	0	3.7431220133e-05	0.00511560008484	0.000773578549415	0.00108550538386	0.00114789075075	0	0.00227082735474	0.0103434938301	0.000336880981197	0.00918312600596	0	0.00472881081014	0.0502077432717	0.0131882665602	0	0.00556477472644	0.00461651714974	0.0224587320798	0	0	0	0	4.99082935107e-05	0	0	0	0	0.00021211024742	0	0	0	8.73395136437e-05	0	0	0	0	0	0	1.24770733777e-05	0	0	0	0.000237064394176	2.49541467553e-05	0	0	2.49541467553e-05	0	0	0	0	0	0	0.000399266348085	1.24770733777e-05	0.00777321671429	0.00127266148452	0.000611376595506	0.000137247807154	0	3.7431220133e-05	0	0	0	0	0	1.24770733777e-05
0.018865334947	0	1.24770733777e-05	0	0	0	0	0.007598537687	0.000736147329282	9.98165870213e-05	0	0	0	0	0.0121651465432	0	4.99082935107e-05	0	0	0	0	0.0166693700326	7.4862440266e-05	0.0117908343419	0.00345614932561	0	0	0	0.0054774352128	0.0131882665602	0.0425717743646	0	0	0.0013974322183	0.00284477273011	0	0	0	0	0	0	0	0	0	8.73395136437e-05	0	0	0	0	0	0	4.99082935107e-05	0	0	0	0	0	4.99082935107e-05	0	6.23853668883e-05	0	0	0	0	0	0	0	0	0	0	0	0	0.000449174641596	7.4862440266e-05	0	0	0	2.49541467553e-05	0	0	0	0	0	0
0	0	0	0	0	0	0	0	0	0	0	0	0	0.000112293660399	0	0	0	0	0	0	0	0	0	0	0	9.98165870213e-05	0.000112293660399	8.73395136437e-05	0	0	0	0.000112293660399	0	0	0	0	0	0	0	0	0	0	0	0	0	0	0	0	3.7431220133e-05	0	0	0	0	0	0	0	0	0	0	0	7.4862440266e-05	2.49541467553e-05	8.73395136437e-05	0	0	0	0	0	0	0	0	0	0	0	0	0	0	0	0	0	0	0	0	0
0	0	0	0	0	0.00437945275556	0.0015097258787	3.7431220133e-05	0.00461651714974	0.000461651714974	4.99082935107e-05	0.00429211324192	0.000112293660399	0.00172183612612	0.00731156499931	0.00210862540083	0	0	0.0010605512371	3.7431220133e-05	0	0	0	0	0.00147229465856	0.000349358054575	0.00229578150149	0	0.00021211024742	0.00556477472644	0	0	0.0138245973025	0	0.007598537687	0	0	0	0	7.4862440266e-05	0	0	0	0	3.7431220133e-05	0	0	0	8.73395136437e-05	0	0	0	0	0	0	3.7431220133e-05	0	0	0	8.73395136437e-05	2.49541467553e-05	0	0	2.49541467553e-05	0	0	0	0	0	0	0.00269504784958	1.24770733777e-05	0.00411743421463	0.000499082935107	0.00253284589567	0.00320660785806	8.73395136437e-05	0	0	0	0	0	0	1.24770733777e-05
0.000611376595506	0	0	0	0.000474128788351	0	1.24770733777e-05	0.00112293660399	0.000249541467553	2.49541467553e-05	0.000262018540931	0	0	0	0.000736147329282	0	0	0	0	0	0	0.000112293660399	0	0.000524037081862	0.00320660785806	0	0	0	0.00197137759367	0.00461651714974	0.0013974322183	0	0	0.00572697668035	0.00393027811397	0	0	0	0	0	0	0	0	0	2.49541467553e-05	0	0	0	0	0	0	0	0	0	0	0	0	0	0	0	0	0	0	0	0	0	0	0	0	0	0	0	0.000736147329282	0	0	0	0	2.49541467553e-05	0	0	0	0	0	0
0.000424220494841	0	0.000598899522128	0	0.00232073564825	0.0013974322183	0.00512807715822	0.00465394836987	0.00354348883926	0.000249541467553	0.00303192883077	0.0274121302107	0.00953248406054	0.00240807516189	0.0110546870126	9.98165870213e-05	0	0.00976954845471	0.00660037181679	0.0173680861417	0.00548991228617	0.00610128888168	0	0.00684991328434	0.0078231250078	0.000511560008484	0.0236565311241	7.4862440266e-05	0.00763596890713	0.0224587320798	0.00284477273011	0	0.007598537687	0.00393027811397	0.0693475738331	0	0	0	0	1.24770733777e-05	0	0	0	0	0.000286972687686	0	0	0	9.98165870213e-05	0	0	1.24770733777e-05	9.98165870213e-05	0	2.49541467553e-05	0	2.49541467553e-05	0	0.000187156100665	0.00016220195391	2.49541467553e-05	0	1.24770733777e-05	0	0	0	0	0	0	0.000361835127952	0.00121027611763	4.99082935107e-05	0.0318165371131	0.00230825857487	0.000149724880532	0.00174679027287	0.000124770733777	0.000262018540931	8.73395136437e-05	0.000149724880532	0	0	0	1.24770733777e-05
0	0	0	0	0	0	0	0	0	0	0.000736147329282	0	0	0	0	0	0	0	0	0	0	0	0	0	0	0	0	0	0	0	0	0	0	0	0	0.029371030731	0	0	0	0.00270752492295	0	0.00016220195391	0.00908330941894	0.00591413278101	0	0.00467890251663	0	1.24770733777e-05	0	0.0235068062435	0	0	0	0	0	0.00384293860032	0.00259523126256	0	0.00172183612612	0.00199633174043	0	0	0	0.0079354186682	0.00379303030681	0.0120778070296	0	0	0.000137247807154	0	0	0	0	0	0	0	0	0	0	0	0	0	0	0
0	0.010143860656	0.0027948644366	0	0	0	0	0	0	1.24770733777e-05	0	0	0	0	0	0	0	0.00461651714974	0	0.00016220195391	0	0	0.000424220494841	0.00210862540083	0	0.00136000099817	0.0122150548367	0.0128888167991	0	0	0	0	0	0	0	0	0.0347985576503	0.00113541367737	0	0	0	0	0	0	8.73395136437e-05	0	0	0	0	0	0	0.000661284889016	0.00486605861729	0	2.49541467553e-05	0	1.24770733777e-05	0.00560220594657	0.00164697368585	0.00348110347237	0.00375559908668	0.00611376595506	0.0199757944776	8.73395136437e-05	0	0	0	0	0	0.00158458831896	0.000262018540931	0.000124770733777	0	0	0	0	0	0.000124770733777	8.73395136437e-05	0.000336880981197	1.24770733777e-05	0	0	0
0	0.00124770733777	0.000399266348085	0	0	0	0	0	0	0	0	0	0	0	0	0	0	0.000324403907819	0	0	0	0	0	9.98165870213e-05	0	0	0.00118532197088	0.00148477173194	0	0	0	0	0	0	0	0	0.00113541367737	0.0274495614309	0	0	0	0	0	0	0	0	0	0	0	0	0	2.49541467553e-05	0.0032939473717	0	0	0	0	0	0.00849688697019	0	0	0.0039677093341	0.0166818471059	0	0	0	0	0	0	1.24770733777e-05	0	0	8.73395136437e-05	8.73395136437e-05	0	0	0	0	0	1.24770733777e-05	0	0	0	0
0	0	0	0	0	0	0	0	0	0	0	0	0	0	0	0	0	0	0	0	0	0	0	0	0	0	0	0	0	0	0	0	0	0	0	0	0	0	0	0	0	0	0	0	0	0	0	0	0	0	0	0	0	0	0	0	0	0	0	0	0	0	0	0	0	0	0	0	0	0	0	0	0	0	0	0	0	0	0	0	0	0	0	0
0	0	0	0	0.00766092305389	1.24770733777e-05	9.98165870213e-05	0.000237064394176	7.4862440266e-05	0.00199633174043	0.00230825857487	0	9.98165870213e-05	0	7.4862440266e-05	0.000499082935107	0	0	0	0	0.00131009270466	0	0	0	0.00675009669732	0	0	0	0.00315669956455	4.99082935107e-05	0	0	7.4862440266e-05	0	1.24770733777e-05	0.00270752492295	0	0	0	0.0311178210039	6.23853668883e-05	4.99082935107e-05	0.00572697668035	0.00240807516189	0.00707450060514	0.00801028110846	3.7431220133e-05	0.0036308283529	0	0.00515303130498	6.23853668883e-05	0	3.7431220133e-05	0.000399266348085	0.00053651415524	0.0179545085905	0	0	0	0.016519645152	0	0.000286972687686	0	0.0161203788039	0.00321908493144	0	0	3.7431220133e-05	0	0.00316917663793	0.000237064394176	0	0.000224587320798	0.000224587320798	0.000636330742261	6.23853668883e-05	0	0.000311926834442	0.000224587320798	0.00360587420615	0.00037431220133	3.7431220133e-05	1.24770733777e-05	0
0	0	0	0	0	0	1.24770733777e-05	0	0	0.000137247807154	0	0	0	0	0	7.4862440266e-05	0	0	0	0	0	0	0	0	0	0	0	0	0	0	0	0	0	0	0	0	0	0	0	6.23853668883e-05	0.00548991228617	0.00133504685141	0	2.49541467553e-05	0.000948257576703	1.24770733777e-05	0	0.000124770733777	0	0	0.00242055223527	0	0	0	0	3.7431220133e-05	0	0	0	0.000723670255905	0	0	0	1.24770733777e-05	0	0	0	0.00188403808003	0	0.0011728448975	8.73395136437e-05	0	0	0	0.000137247807154	0	0	0.00111045953061	0	0.000811009769548	0.000199633174043	0.00247046052878	0.00232073564825	0
0	0	0	0	0	0	1.24770733777e-05	0	0	9.98165870213e-05	3.7431220133e-05	0	4.99082935107e-05	0	0	8.73395136437e-05	0	0	0	0	0	0	0	0	0	0	0	0	0	0	0	0	0	0	0	0.00016220195391	0	0	0	4.99082935107e-05	0.00133504685141	0.0266510287347	0.00037431220133	0.011628632388	0.000237064394176	0.0132880831472	2.49541467553e-05	0.00434202153543	1.24770733777e-05	0.000573945375373	0.00400514055423	0	0	2.49541467553e-05	0	0.00053651415524	0	0	0	0.000336880981197	0	0	0	0.00053651415524	0.00058642244875	0	0	0.000361835127952	0	0.000187156100665	0.000124770733777	0	0	0	0.000137247807154	0	0	0.00235816686838	6.23853668883e-05	0.000736147329282	3.7431220133e-05	0.00736147329282	0.000386789274708	0
0	0	0	0	0	0	0	0	0	0	0	0	0	0	0	0	0	0	0	0	0	0	0	0	0	0	0	0	0	0	0	0	0	0	0	0.00908330941894	0	0	0	0.00572697668035	0	0.00037431220133	0.0586921531686	0.00612624302844	0	0.0108425767652	0	0	0	0.0111170723795	0	0	0	0	0	0.000786055622793	0.00455413178285	0	0.000386789274708	0.00858422648384	0	0	0	0.0368323206109	0.00313174541779	0.00744881280647	0	0	0.00021211024742	0.00101064294359	3.7431220133e-05	0	1.24770733777e-05	1.24770733777e-05	0	1.24770733777e-05	0	4.99082935107e-05	0	0.000561468301995	6.23853668883e-05	0	0	0
0	0	0	0	0	0	0	0	0	0	0.000873395136437	0	0.00152220295208	0	0	2.49541467553e-05	0	0	0	0	0	0	0	0	0	0	0	0	0	0	0	0	0	0	0	0.00591413278101	0	0	0	0.00240807516189	2.49541467553e-05	0.011628632388	0.00612624302844	0.0417233333749	2.49541467553e-05	0.0218348784109	4.99082935107e-05	0.00655046352328	0.000786055622793	0.0161079017306	0.0013974322183	0	0	4.99082935107e-05	0	0.0088836762449	0.00195890052029	0	0.000486605861729	7.4862440266e-05	0	0	3.7431220133e-05	0.00595156400115	0.00157211124559	0.00411743421463	2.49541467553e-05	0.000399266348085	0	0.000711193182527	2.49541467553e-05	0	0	0	2.49541467553e-05	0	0	0.00394275518734	0.00174679027287	0.00344367225224	0.00144734051181	0.00570202253359	0.00016220195391	0
2.49541467553e-05	0	0	0	0.00696220694474	8.73395136437e-05	0.000149724880532	0.00037431220133	6.23853668883e-05	0.0129387250926	2.49541467553e-05	0	2.49541467553e-05	0	6.23853668883e-05	0.00167192783261	0.00119779904426	0	0	0	0.000237064394176	4.99082935107e-05	0.00333137859184	0.000761101476038	0.0193020325153	0	0	0	0.00781064793442	0.00021211024742	8.73395136437e-05	0	3.7431220133e-05	2.49541467553e-05	0.000286972687686	0	8.73395136437e-05	0	0	0.00707450060514	0.000948257576703	0.000237064394176	0	2.49541467553e-05	0.0373937889129	0	0	0.00189651515341	0	0	0.00361835127952	0.00252036882229	2.49541467553e-05	1.24770733777e-05	3.7431220133e-05	0.00511560008484	1.24770733777e-05	0.0072616567058	1.24770733777e-05	0.0321035098007	0	1.24770733777e-05	0	0.0011728448975	0	0	0	2.49541467553e-05	0	0.000361835127952	0.0022333961346	0	0.00109798245723	0.00104807416372	0.00254532296904	1.24770733777e-05	0	0.000736147329282	4.99082935107e-05	0.000835963916304	0.00016220195391	0.00193394637354	0.000124770733777	0
0	0	0	0	0.00016220195391	0	0	0	0	0	0.002907158097	0	0.00123523026439	0	0	0	0	0	0	0	0	0	0	0	0	0	0	0	0	0	0	0	0	0	0	0.00467890251663	0	0	0	0.00801028110846	1.24770733777e-05	0.0132880831472	0.0108425767652	0.0218348784109	0	0.0506070096198	9.98165870213e-05	0.00814752891562	0	0.0147603778058	0.00103559709035	0	4.99082935107e-05	0.000274495614309	0.00152220295208	0.0148102860993	0.000736147329282	0	0.000149724880532	0.000561468301995	0	0.000736147329282	0	0.0149350568331	0.00527780203875	0.00108550538386	0	1.24770733777e-05	0.000112293660399	0.00422972787503	0	0	0	0	0	0	0	0	4.99082935107e-05	0.00300697468402	6.23853668883e-05	0.00124770733777	0	0
0	0	0	0	0	0	0	0	0	0	4.99082935107e-05	0.000112293660399	0.000985688796836	0.000386789274708	0	0	0	0	0	0	0.000823486842926	0	0	0	0	0.000199633174043	0	0	0	0	0	0	0	0	0	0	0	0	0	3.7431220133e-05	0	2.49541467553e-05	0	4.99082935107e-05	0	9.98165870213e-05	0.0214480891362	0.00393027811397	0.00927046551961	0.00207119418069	0	0	0	0.00647560108301	0.00188403808003	0.00370569079317	0	0	0	0	0.000436697568218	0.000985688796836	0.000174679027287	3.7431220133e-05	0.00270752492295	0	0.00218348784109	1.24770733777e-05	0	0.00903340112543	0	0.000474128788351	0	0	0	0	0	1.24770733777e-05	0.00414238836139	0.0086590889241	1.24770733777e-05	0	0	0.00111045953061
0	0	0	0	0.000598899522128	1.24770733777e-05	4.99082935107e-05	0	1.24770733777e-05	0.000898349283192	0.00222091906122	0	0.00422972787503	0	1.24770733777e-05	0.00074862440266	0	0	0	0	0.00283229565673	0	0	0	1.24770733777e-05	0	0	0	0	0	0	0	0	0	0	1.24770733777e-05	0	0	0	0.0036308283529	0.000124770733777	0.00434202153543	0	0.00655046352328	0.00189651515341	0.00814752891562	0.00393027811397	0.0340125020275	0.000299449761064	0.00349358054575	0.0027948644366	0	7.4862440266e-05	0.00623853668883	0.00598899522128	0.0226583652538	0	0	0	0.00122275319101	0	0.00158458831896	0	0.00230825857487	0.00499082935107	0	0	7.4862440266e-05	0	0.011828265562	0.000835963916304	0	1.24770733777e-05	1.24770733777e-05	0.00118532197088	0	0	0.00138495514492	0.00304440590415	0.0128139543589	7.4862440266e-05	0.00184660685989	1.24770733777e-05	0
0	0	0	0	0	2.49541467553e-05	0	0	0	0	0	0.00227082735474	4.99082935107e-05	0.00333137859184	8.73395136437e-05	0	0	0	0	0	0	0	0	0	0	0.00244550638202	0.000524037081862	0.00016220195391	0	8.73395136437e-05	0	3.7431220133e-05	8.73395136437e-05	0	9.98165870213e-05	0	0	0	0	0	0	1.24770733777e-05	0	0.000786055622793	0	0	0.00927046551961	0.000299449761064	0.0252535965164	0.00170935905274	0	0	0	0.000835963916304	0	0.000299449761064	0	0	0	0	0.00247046052878	0.00180917563976	0.00591413278101	0	0.0038554156737	0	0.00338128688535	0.00154715709883	0	0.00718679426554	0	0.000711193182527	0	0	0	0	0	0	0.00545248106604	0.0074862440266	7.4862440266e-05	0	0.000149724880532	0.00185908393327
0	0	0	0	3.7431220133e-05	0	0	0	0	0	0.00179669856638	0	0.000611376595506	0	0	0	0	0	0	0	0	0	0	0	0	0	0	0	0	0	0	0	0	0	0	0.0235068062435	0	0	0	0.00515303130498	0	0.000573945375373	0.0111170723795	0.0161079017306	0	0.0147603778058	0.00207119418069	0.00349358054575	0.00170935905274	0.0476624203027	0	0	0	0.00177174441963	0.00126018441114	0.0114289992139	0.00319413078468	0	0.00178422149301	0.00133504685141	0	4.99082935107e-05	0	0.0135875329083	0.011528815801	0.0106803748113	0.000112293660399	1.24770733777e-05	1.24770733777e-05	0.00499082935107	0	0	0	0	0	0	0	0	0.00215853369434	0.00469137959	0	0	0	0
0	0	0	0	0	0	4.99082935107e-05	0	1.24770733777e-05	0.000823486842926	0	0	0	0	1.24770733777e-05	0.000661284889016	0	0	0	0	0	0	0	0	0	0	0	0	0	0	0	0	0	0	0	0	0	0	0	6.23853668883e-05	0.00242055223527	0.00400514055423	0	0.0013974322183	0.00361835127952	0.00103559709035	0	0.0027948644366	0	0	0.00969468601445	0	0	0	0	0.000299449761064	0	1.24770733777e-05	0	0.00250789174891	0	0	0	0	0	0	0	0.000449174641596	0	1.24770733777e-05	0.000786055622793	0	1.24770733777e-05	1.24770733777e-05	0.0010605512371	0	0	4.99082935107e-05	4.99082935107e-05	0.000137247807154	4.99082935107e-05	0.00590165570764	0.000736147329282	0
0	4.99082935107e-05	0.000249541467553	0	0	0	0	0	0	0.00288220395024	0	0	0	0	0	0	0.0065379864499	0.000286972687686	0	0	0	0.00339376395873	0.0183912061587	0.0222466218324	0.00174679027287	0	7.4862440266e-05	0.00796037281495	2.49541467553e-05	0	4.99082935107e-05	0	0	0	1.24770733777e-05	0	0.000661284889016	2.49541467553e-05	0	0	0	0	0	0	0.00252036882229	0	0	0	0	0	0	0.0412492045866	7.4862440266e-05	0	0	0	0.00335633273859	0.0337005751931	0.00973211723458	0.0078231250078	0	0	0.00406752592112	0.0037431220133	0	0	0	0	0	0.000561468301995	0.000524037081862	0.000112293660399	0.000499082935107	0.000636330742261	0	0	0	0.00123523026439	0.000424220494841	0.000511560008484	1.24770733777e-05	0	0	0
0	0.00155963417221	0.00470385666338	0	0	0	0	0	0	4.99082935107e-05	6.23853668883e-05	0	0	0	0	0	0	0.00875890551112	0	0	0	0	2.49541467553e-05	0.00341871810548	0	0	0.00417981958152	0.00109798245723	0	0	0	0	0	0	9.98165870213e-05	0	0.00486605861729	0.0032939473717	0	3.7431220133e-05	0	0	0	0	2.49541467553e-05	4.99082935107e-05	0	7.4862440266e-05	0	0	0	7.4862440266e-05	0.0298825907395	0	0.0035185346925	7.4862440266e-05	8.73395136437e-05	8.73395136437e-05	0.01219010069	1.24770733777e-05	0	0.00432954446205	0.00510312301147	0.000174679027287	0.000449174641596	0	0	0	0	0.00827229964939	0.00163449661247	0.000786055622793	0.000237064394176	0.000137247807154	0	0	0	0.000174679027287	0.0010605512371	0.00213357954758	0	0	0	0
0	0	0	0	3.7431220133e-05	0	0	0	0	0	0.00021211024742	1.24770733777e-05	0.00140990929168	1.24770733777e-05	0	0	0	0	0	0	0.00103559709035	0	0	0	0	1.24770733777e-05	0	0	0	0	0	0	0	0	0	0	0	0	0	0.000399266348085	0	2.49541467553e-05	0	4.99082935107e-05	1.24770733777e-05	0.000274495614309	0.00647560108301	0.00623853668883	0.000835963916304	0.00177174441963	0	0	0	0.0116660636081	0.00228330442811	0.00603890351479	0	1.24770733777e-05	0	0	0	0.00252036882229	0.00114789075075	0.000361835127952	0.0022333961346	0	8.73395136437e-05	0	0	0.00684991328434	1.24770733777e-05	0	0	0	0	0	0	0.000424220494841	0.00454165470947	0.00860918063059	3.7431220133e-05	0	0	0
0	0	6.23853668883e-05	0	3.7431220133e-05	0	0	0	0	1.24770733777e-05	0.000786055622793	0	0.000636330742261	7.4862440266e-05	0	0	0	0.000149724880532	1.24770733777e-05	0.000174679027287	0.00058642244875	0	1.24770733777e-05	0	0	0	0.000948257576703	0.000224587320798	0	0	0	0	0	0	2.49541467553e-05	0	2.49541467553e-05	0	0	0.00053651415524	0	0	0	0	3.7431220133e-05	0.00152220295208	0.00188403808003	0.00598899522128	0	0.00126018441114	0	0	0.0035185346925	0.00228330442811	0.0264389184873	0.0063133991291	2.49541467553e-05	7.4862440266e-05	0.000249541467553	0	0	0.00833468501628	0.00147229465856	0.000798532696171	0.00316917663793	0	0	0	0	0.0142363407239	0.00037431220133	0.000137247807154	4.99082935107e-05	2.49541467553e-05	0	0	0	0.00445431519583	0.00414238836139	0.0103310167567	0.000124770733777	0	0	0
0	0	0	0	0.00648807815639	1.24770733777e-05	7.4862440266e-05	0	3.7431220133e-05	0.00145981758519	0.00425468202178	0	0.00417981958152	0	3.7431220133e-05	0.000511560008484	0	0	0	0	0.00495339813093	0	0	0	0.00484110447054	0	0	0	0.0012851385579	1.24770733777e-05	0	0	3.7431220133e-05	0	0	0.00384293860032	0	0	0	0.0179545085905	3.7431220133e-05	0.00053651415524	0.000786055622793	0.0088836762449	0.00511560008484	0.0148102860993	0.00370569079317	0.0226583652538	0.000299449761064	0.0114289992139	0.000299449761064	0	7.4862440266e-05	0.00603890351479	0.0063133991291	0.0441937939037	0	0	0	0.00819743720913	0	0.00165945075923	0	0.00889615331828	0.00666275718367	0	0	6.23853668883e-05	0	0.0134502851011	0.000237064394176	0	1.24770733777e-05	1.24770733777e-05	0.000686239035772	0	0	0.0013974322183	0.00275743321646	0.013874505596	0.000187156100665	0.000262018540931	0	0
0	0	6.23853668883e-05	0	0	0	0	0	0	1.24770733777e-05	0	0	0	0	0	0	0.000885872209814	4.99082935107e-05	0	0	0	0.00199633174043	0.0010605512371	0.00291963517037	0	0	3.7431220133e-05	0	0	0	0	0	0	0	2.49541467553e-05	0.00259523126256	1.24770733777e-05	0	0	0	0	0	0.00455413178285	0.00195890052029	1.24770733777e-05	0.000736147329282	0	0	0	0.00319413078468	0	0.00335633273859	8.73395136437e-05	0	2.49541467553e-05	0	0.0392279186994	0.00324403907819	0.0211735935219	0.00132256977803	0	0.000137247807154	1.24770733777e-05	0.00979450260147	8.73395136437e-05	0.013412853881	0	0	0.000137247807154	0.00341871810548	9.98165870213e-05	6.23853668883e-05	6.23853668883e-05	3.7431220133e-05	0	0	0	0.00276991028984	0.000648807815639	0.00233321272162	0.00133504685141	0.000149724880532	0	0
0	0.00462899422312	6.23853668883e-05	0	0	0	0	0	0	0.00583927034075	0	0	0	0	0	0	0.00898349283192	7.4862440266e-05	0	0	0	0.00494092105756	0.0238312101513	0.0237438706377	0.00262018540931	0	1.24770733777e-05	0.0127016606985	2.49541467553e-05	0	4.99082935107e-05	0	0	0	0	0	0.00560220594657	0	0	0	0	0	0	0	0.0072616567058	0	0	0	0	0	1.24770733777e-05	0.0337005751931	8.73395136437e-05	1.24770733777e-05	7.4862440266e-05	0	0.00324403907819	0.0564712341073	0.00883376795139	0.0148102860993	0.000923303429947	4.99082935107e-05	0.0122524860569	0.00686239035772	0	0	0	0	0	0.000411743421463	0.00137247807154	0.000274495614309	0.000399266348085	0.000573945375373	3.7431220133e-05	1.24770733777e-05	0	0.000224587320798	0.000224587320798	0.000773578549415	0.000149724880532	2.49541467553e-05	0	0
0	0.00137247807154	0.00319413078468	0	0	0	0	0	0	2.49541467553e-05	0	0	0	0	0	0	0.00155963417221	0.00561468301995	0	0	0	0.00237064394176	0.00401761762761	0.0143985426778	0	0	0.000386789274708	0.00252036882229	1.24770733777e-05	0	0	0	0	0	0.000187156100665	0.00172183612612	0.00164697368585	0.00849688697019	0	0	0	0	0.000386789274708	0.000486605861729	1.24770733777e-05	0.000149724880532	0	0	0	0.00178422149301	0	0.00973211723458	0.01219010069	0	0.000249541467553	0	0.0211735935219	0.00883376795139	0.0802525359652	0.00144734051181	0	0.000361835127952	0.0158957914831	0.00616367424857	0.000573945375373	0.00330642444508	0	0	0.000237064394176	0.010605512371	0.00053651415524	0.000311926834442	0.00328147029833	0.00330642444508	6.23853668883e-05	0	0	0.00607633473492	0.00152220295208	0.00633835327586	0.00174679027287	0.000224587320798	0	0
