0.0224272668735	3.65860797284e-06	2.56102558099e-05	0	6.21963355383e-05	0	0.00157686003629	0.00624524380964	0.00635500204882	0.000175613182696	0.00230858163086	1.09758239185e-05	0.000120734063104	0	0.00959287010478	7.31721594568e-05	0.000106099631212	3.65860797284e-06	0	3.65860797284e-06	5.48791195926e-05	0.000171954574723	9.87824152666e-05	0.000204882046479	0.000530498156062	0	1.82930398642e-05	3.29274717555e-05	0.000885383129427	0.0084989463209	0.00214760288006	0	0	0.000676842474975	0.00105367909618	0	3.65860797284e-06	0	0	0	0	0	3.65860797284e-06	0	2.56102558099e-05	0	0	0	0	0	0	0	0	0	0	0	7.31721594568e-06	3.65860797284e-05	0	7.31721594568e-06	0	0	0	1.46344318914e-05	3.65860797284e-06	7.31721594568e-06	0	0	3.65860797284e-06	7.31721594568e-06	0.000958555288884	0.000131709887022	0.000896358953345	0.000237809518235	0.000417081308904	4.39032956741e-05	0	2.1951647837e-05	0	7.31721594568e-06	3.65860797284e-06	7.31721594568e-06	3.65860797284e-06	0
3.65860797284e-06	0.00825381958672	0.00143051571738	0	0	0	3.65860797284e-06	3.65860797284e-05	7.31721594568e-06	4.75619036469e-05	3.65860797284e-06	3.65860797284e-05	0	1.09758239185e-05	3.65860797284e-06	0	0.000223175086343	0.000343909149447	0	0.000124392671077	0	9.87824152666e-05	0.00181101094656	0.000768307674296	8.41479833753e-05	3.65860797284e-06	0.000991482760639	0.00434642627173	6.21963355383e-05	0	7.68307674296e-05	0	0	0	0.000278054205936	0	0.00175247321899	0.000190247614588	0	0	0	0	0	0	0	0	5.12205116197e-05	0	3.29274717555e-05	0	0	1.82930398642e-05	9.1465199321e-05	1.82930398642e-05	8.78065913481e-05	0	2.1951647837e-05	0.000106099631212	0.000106099631212	0	0.000340250541474	0.000252443950126	0.000900017561318	0	0	7.31721594568e-06	0	0	0	0.000135368494995	0.000329274717555	0.000625621963355	0.000307323069718	0.000109758239185	0	0	3.65860797284e-06	4.02446877012e-05	4.75619036469e-05	0.000113416847158	2.92688637827e-05	0	3.65860797284e-06	3.65860797284e-06
2.56102558099e-05	0.00143051571738	0.030842065211	0	1.46344318914e-05	0	3.65860797284e-06	0.000171954574723	1.46344318914e-05	4.75619036469e-05	1.09758239185e-05	0.000150002926886	0	4.39032956741e-05	3.29274717555e-05	7.31721594568e-06	0.000651232219165	0.00341713984663	1.46344318914e-05	0.000556108411871	0	0.00101343440848	0.00113416847158	0.00955994263303	0.000146344318914	1.09758239185e-05	0.00985628987883	0.0112392436926	0.000351226365392	4.02446877012e-05	0.000804893754024	7.31721594568e-06	0	0	0.00214760288006	3.65860797284e-06	0.000801235146052	0.000102441023239	0	0	0	3.65860797284e-06	0	3.65860797284e-06	3.65860797284e-06	0	1.46344318914e-05	0	7.31721594568e-06	0	0	1.82930398642e-05	5.12205116197e-05	1.09758239185e-05	5.48791195926e-05	0	1.46344318914e-05	0.000164637358778	5.85377275654e-05	0	7.31721594568e-05	0.000135368494995	0.000428057132822	3.65860797284e-06	0	0	0	0	0	5.48791195926e-05	0.00237443657437	0.00332201603934	0.00199759995317	0.000706111338758	4.75619036469e-05	0	1.09758239185e-05	4.39032956741e-05	4.02446877012e-05	4.39032956741e-05	2.1951647837e-05	3.65860797284e-06	3.65860797284e-06	0
0	0	0	0	0	0	0	0	0	0	0	0	0	0	0	0	0	0	0	0	0	0	0	0	0	0	0	0	0	0	0	0	0	0	0	0	0	0	0	0	0	0	0	0	0	0	0	0	0	0	0	0	0	0	0	0	0	0	0	0	0	0	0	0	0	0	0	0	0	0	0	0	0	0	0	0	0	0	0	0	0	0	0	0
6.21963355383e-05	0	1.46344318914e-05	0	0.0132844055494	0	4.75619036469e-05	0.00141953989346	4.02446877012e-05	0.00101709301645	0.00138661242171	0	0.000621963355383	0	8.78065913481e-05	0	5.12205116197e-05	0	0	0	0.00394397939472	2.1951647837e-05	9.1465199321e-05	3.65860797284e-05	0.00593792073992	0	0	0	0.00370251126851	5.12205116197e-05	0.000102441023239	0	0	7.31721594568e-06	1.46344318914e-05	7.31721594568e-06	0	0	0	0.00199028273722	0	2.1951647837e-05	4.02446877012e-05	0	9.1465199321e-05	0.000215857870397	0	7.68307674296e-05	0	3.65860797284e-06	3.65860797284e-06	7.31721594568e-06	0	0	0	0.00032195750161	0	4.02446877012e-05	7.31721594568e-06	0.000658549435111	0	0	0	0.000428057132822	1.09758239185e-05	2.1951647837e-05	0	0	3.65860797284e-06	1.09758239185e-05	6.95135514839e-05	2.92688637827e-05	2.56102558099e-05	1.09758239185e-05	3.29274717555e-05	0	0	1.09758239185e-05	0	3.65860797284e-06	0	1.46344318914e-05	3.65860797284e-06	0
0	0	0	0	0	0.000665866651057	0.000428057132822	0	2.1951647837e-05	0	0	0	0	0	2.1951647837e-05	0.000109758239185	0	0	0	0	0	0	0	3.65860797284e-06	0	0	0	0	0	6.21963355383e-05	0	0	1.46344318914e-05	0	9.87824152666e-05	0	0	0	0	0	0	0	0	0	0	0	0	0	0	0	0	0	0	0	0	0	0	0	0	0	0	0	0	0	3.65860797284e-06	0	0	0	0	3.65860797284e-06	0	0	2.1951647837e-05	3.65860797284e-06	0.000248785342153	0.000234150910262	0	7.31721594568e-06	0	3.65860797284e-06	7.31721594568e-06	0	0	0
0.00157686003629	3.65860797284e-06	3.65860797284e-06	0	4.75619036469e-05	0.000428057132822	0.0327152724931	0.00250980506937	0.0106721594568	4.39032956741e-05	0.0110819235497	2.92688637827e-05	0.00199759995317	1.46344318914e-05	0.00437203652754	0.00219150617573	1.82930398642e-05	7.31721594568e-06	3.65860797284e-06	1.09758239185e-05	0.000395129661067	1.82930398642e-05	3.65860797284e-06	2.92688637827e-05	0.000168295966751	7.31721594568e-06	2.1951647837e-05	1.09758239185e-05	0.000482936252415	0.00285005561084	0.000102441023239	0	0.000139027102968	1.09758239185e-05	0.00217687174384	0	0	0	0	0	0	0	3.65860797284e-06	0	1.82930398642e-05	0	0	0	0	0	0	0	0	0	0	0	0	7.31721594568e-06	3.65860797284e-06	0	0	0	0	3.65860797284e-06	0	3.65860797284e-06	0	0	0	0	0.000365860797284	8.04893754024e-05	0.00127319557455	0.000285371421881	0.00130246443833	0.00163539776386	0	0	0	0	0	0	0	0
0.00624524380964	3.65860797284e-05	0.000171954574723	0	0.00141953989346	0	0.00250980506937	0.0629902534684	0.00376836621202	0.0021951647837	0.0166283732366	1.09758239185e-05	0.000684159690921	0	0.00897456535737	4.02446877012e-05	0.000559767019844	3.29274717555e-05	0	1.09758239185e-05	0.00113050986361	0.00167564245156	0.000746356026459	0.00121099923901	0.00976848328748	0	4.39032956741e-05	0.000237809518235	0.0212528537142	0.00295615524205	0.0104672774103	0	0	0.000142685710941	0.00130978165428	1.46344318914e-05	1.46344318914e-05	7.31721594568e-06	0	7.31721594568e-06	0	7.31721594568e-06	8.04893754024e-05	0	0.000475619036469	3.65860797284e-06	0	2.1951647837e-05	0	3.65860797284e-06	3.65860797284e-06	2.92688637827e-05	0	0	0	1.46344318914e-05	2.92688637827e-05	0.000237809518235	2.56102558099e-05	0.000160978750805	0	0	7.31721594568e-06	0.000102441023239	1.46344318914e-05	5.48791195926e-05	0	0	1.09758239185e-05	2.56102558099e-05	0.00186589006615	0.000468301820523	0.000976848328748	0.000406105484985	0.000395129661067	1.46344318914e-05	3.65860797284e-06	8.41479833753e-05	0	1.09758239185e-05	3.65860797284e-06	1.46344318914e-05	0	3.65860797284e-06
0.00635500204882	7.31721594568e-06	1.46344318914e-05	0	4.02446877012e-05	2.1951647837e-05	0.0106721594568	0.00376836621202	0.0284712872446	6.58549435111e-05	0.00636963648071	3.65860797284e-06	0.000289030029854	3.65860797284e-06	0.0125673183867	0.000420739916876	7.31721594568e-06	3.65860797284e-06	0	0	9.87824152666e-05	3.65860797284e-05	1.46344318914e-05	3.65860797284e-05	0.000263419774044	0	7.31721594568e-06	2.1951647837e-05	0.000450008780659	0.00280615231517	0.000281712813909	0	1.82930398642e-05	4.75619036469e-05	0.00107928935199	0	0	0	0	0	0	0	3.65860797284e-06	0	2.1951647837e-05	0	0	0	0	0	0	0	0	0	0	0	0	1.09758239185e-05	3.65860797284e-06	0	0	0	0	7.31721594568e-06	0	3.65860797284e-06	0	0	0	0	0.000362202189311	5.85377275654e-05	0.000698794122812	0.000153661534859	0.000395129661067	0.000215857870397	0	7.31721594568e-06	0	0	0	0	0	0
0.000175613182696	4.75619036469e-05	4.75619036469e-05	0	0.00101709301645	0	4.39032956741e-05	0.0021951647837	6.58549435111e-05	0.0154356670374	0.000281712813909	3.65860797284e-06	0.00183662120236	0	0.000131709887022	0.000179271790669	0.000636597787274	3.65860797284e-06	0	0	0.00120734063104	0.000354884973365	0.00308054791313	0.000395129661067	0.00996604811801	0	1.46344318914e-05	0.00032195750161	0.0027878592753	0.000179271790669	0.000771966282269	0	0	0	0.000230492302289	7.31721594568e-05	1.82930398642e-05	1.09758239185e-05	0	4.02446877012e-05	0	2.92688637827e-05	0.000190247614588	2.92688637827e-05	0.00149271205292	2.1951647837e-05	0	8.41479833753e-05	0	3.65860797284e-05	1.46344318914e-05	9.1465199321e-05	3.65860797284e-06	0	0	5.48791195926e-05	5.85377275654e-05	0.000940262249019	0.000124392671077	0.000585377275654	0	0	1.82930398642e-05	0.00037317801323	7.68307674296e-05	0.000182930398642	0	0	5.12205116197e-05	0.000117075455131	0.000662208043084	0.000197564830533	0.000146344318914	6.58549435111e-05	0.000289030029854	7.31721594568e-06	0	0.000223175086343	7.31721594568e-06	5.12205116197e-05	2.56102558099e-05	0.000113416847158	7.31721594568e-06	0
0.00230858163086	3.65860797284e-06	1.09758239185e-05	0	0.00138661242171	0	0.0110819235497	0.0166283732366	0.00636963648071	0.000281712813909	0.0500204882046	0	0.00342811567055	0	0.0066403734707	2.56102558099e-05	2.1951647837e-05	3.65860797284e-06	0	0	0.00391105192296	5.85377275654e-05	4.39032956741e-05	8.04893754024e-05	0.00135368494995	0	0	2.1951647837e-05	0.00809649944389	0.000691476906866	0.000387812445121	0	0	2.92688637827e-05	0.000234150910262	0	0	0	0	1.46344318914e-05	0	0	1.09758239185e-05	0	5.12205116197e-05	3.65860797284e-06	0	0	0	0	0	0	0	0	0	3.65860797284e-06	3.65860797284e-06	1.46344318914e-05	3.65860797284e-06	1.09758239185e-05	0	0	0	1.82930398642e-05	0	0	0	0	0	3.65860797284e-06	0.0002963472458	4.02446877012e-05	0.000146344318914	4.02446877012e-05	0.000102441023239	3.65860797284e-06	3.65860797284e-06	1.09758239185e-05	0	3.65860797284e-06	3.65860797284e-06	3.65860797284e-06	0	0
1.09758239185e-05	3.65860797284e-05	0.000150002926886	0	0	0	2.92688637827e-05	1.09758239185e-05	3.65860797284e-06	3.65860797284e-06	0	0.0233272844348	0	0.00534156764034	3.65860797284e-06	3.65860797284e-06	3.65860797284e-06	0.000552449803899	0.00182198677047	0.00574767312533	0	1.82930398642e-05	7.31721594568e-06	0.000135368494995	3.65860797284e-06	0.00148539483697	0.00644280864017	0.000698794122812	3.65860797284e-06	4.39032956741e-05	7.31721594568e-06	0.000150002926886	0	3.65860797284e-06	0.00188052449804	0	0.000278054205936	0	0	0	0	0	0	3.65860797284e-06	0	0	0.000102441023239	0	6.95135514839e-05	3.65860797284e-06	0	0	1.09758239185e-05	1.46344318914e-05	3.65860797284e-05	0	0	0	0	0	0.000336591933501	0.000109758239185	0.000120734063104	0	3.65860797284e-06	0	0	0	0	2.92688637827e-05	0.00019390622256	0.00358543581338	0.00289395890652	0.000171954574723	7.31721594568e-06	3.65860797284e-06	0.000281712813909	0	4.75619036469e-05	1.46344318914e-05	0	0	0	7.31721594568e-06
0.000120734063104	0	0	0	0.000621963355383	0	0.00199759995317	0.000684159690921	0.000289030029854	0.00183662120236	0.00342811567055	0	0.0189406134754	0	0.000175613182696	0.000651232219165	0	0	0	0	0.00275127319557	3.65860797284e-06	2.92688637827e-05	1.09758239185e-05	0.00145612597319	0	0	3.65860797284e-06	0.000471960428496	5.48791195926e-05	3.65860797284e-05	0	0	0	2.56102558099e-05	3.65860797284e-06	0	0	0	0.000823186793889	0	5.48791195926e-05	1.09758239185e-05	0	0.000117075455131	6.95135514839e-05	0	0.00184027981034	0	3.65860797284e-06	7.31721594568e-06	7.31721594568e-06	0	0	0	0.00105733770415	0	2.1951647837e-05	7.31721594568e-06	0.000146344318914	0	0	0	6.21963355383e-05	1.09758239185e-05	1.46344318914e-05	0	0	3.65860797284e-06	7.31721594568e-06	8.04893754024e-05	1.09758239185e-05	1.82930398642e-05	3.65860797284e-06	0.000431715740795	3.65860797284e-06	0	3.29274717555e-05	0	3.65860797284e-06	3.65860797284e-06	7.31721594568e-06	0	0
0	1.09758239185e-05	4.39032956741e-05	0	0	0	1.46344318914e-05	0	3.65860797284e-06	0	0	0.00534156764034	0	0.0133685535328	7.31721594568e-06	3.65860797284e-06	0	9.51238072938e-05	0.000289030029854	0.000625621963355	0	1.09758239185e-05	0	2.56102558099e-05	0	0.00380495229175	0.00376470760405	0.00112319264766	0	1.09758239185e-05	0	0.000197564830533	0	0	0.000300005853773	0	0.0002963472458	0	0	0	0	0	0	3.65860797284e-06	0	0	0.000168295966751	0	0.000120734063104	3.65860797284e-06	0	0	0	2.56102558099e-05	2.1951647837e-05	0	0	0	0	0	0.000508546508225	0.000109758239185	0.000168295966751	0	3.65860797284e-06	0	0	0	0	3.29274717555e-05	3.29274717555e-05	0.00211833401627	0.000881724521454	4.75619036469e-05	0	0	0.00046464321255	3.65860797284e-06	7.68307674296e-05	2.56102558099e-05	3.65860797284e-06	0	0	4.02446877012e-05
0.00959287010478	3.65860797284e-06	3.29274717555e-05	0	8.78065913481e-05	2.1951647837e-05	0.00437203652754	0.00897456535737	0.0125673183867	0.000131709887022	0.0066403734707	3.65860797284e-06	0.000175613182696	7.31721594568e-06	0.0341311537786	0.00032195750161	5.85377275654e-05	1.09758239185e-05	0	3.65860797284e-06	0.000128051279049	9.87824152666e-05	5.12205116197e-05	0.000131709887022	0.000545132587953	3.65860797284e-06	3.29274717555e-05	3.65860797284e-05	0.00113050986361	0.0070172100919	0.000610987531464	0	2.56102558099e-05	8.41479833753e-05	0.00205247907276	0	0	0	0	0	0	0	3.65860797284e-06	0	1.46344318914e-05	0	0	0	0	0	0	0	0	0	0	0	0	1.09758239185e-05	0	0	0	0	0	0	3.65860797284e-06	3.65860797284e-06	0	0	3.65860797284e-06	0	0.000691476906866	0.000109758239185	0.00147807762103	0.000329274717555	0.000647573611192	0.000256102558099	3.65860797284e-06	1.46344318914e-05	0	0	0	3.65860797284e-06	0	0
7.31721594568e-05	0	7.31721594568e-06	0	0	0.000109758239185	0.00219150617573	4.02446877012e-05	0.000420739916876	0.000179271790669	2.56102558099e-05	3.65860797284e-06	0.000651232219165	3.65860797284e-06	0.00032195750161	0.00526107826494	1.09758239185e-05	3.65860797284e-06	0	0	7.31721594568e-06	3.65860797284e-06	7.31721594568e-06	2.92688637827e-05	4.39032956741e-05	0	3.65860797284e-06	7.31721594568e-06	7.31721594568e-06	0.000369519405257	1.82930398642e-05	0	2.1951647837e-05	0	0.00034756775742	0	0	0	0	0	0	0	3.65860797284e-06	0	3.65860797284e-06	0	0	0	0	0	0	0	0	0	0	0	3.65860797284e-06	0	7.31721594568e-06	0	0	0	0	3.65860797284e-06	0	3.65860797284e-06	0	0	0	7.31721594568e-06	0.000256102558099	3.29274717555e-05	0.000259761166072	7.68307674296e-05	0.00259029444477	0.000171954574723	0	1.46344318914e-05	0	7.31721594568e-06	3.65860797284e-06	0	0	0
0.000106099631212	0.000223175086343	0.000651232219165	0	5.12205116197e-05	0	1.82930398642e-05	0.000559767019844	7.31721594568e-06	0.000636597787274	2.1951647837e-05	3.65860797284e-06	0	0	5.85377275654e-05	1.09758239185e-05	0.0196357489902	7.68307674296e-05	0	3.65860797284e-06	2.1951647837e-05	0.002154920096	0.00458423578997	0.00727697125798	0.00579523502898	0	7.31721594568e-05	0.0043500848797	0.0031244512088	0.000139027102968	0.00128051279049	0	3.65860797284e-06	1.09758239185e-05	0.000717087162676	7.31721594568e-06	6.21963355383e-05	3.29274717555e-05	0	0	0	3.65860797284e-06	3.65860797284e-06	0	4.02446877012e-05	0	0	0	0	7.31721594568e-06	0	3.29274717555e-05	7.31721594568e-06	0	3.65860797284e-06	0	7.31721594568e-06	0.000413422700931	8.41479833753e-05	1.82930398642e-05	0	3.65860797284e-06	6.21963355383e-05	2.1951647837e-05	7.31721594568e-06	2.1951647837e-05	0	0	7.31721594568e-06	4.75619036469e-05	0.00167930105953	0.000973189720775	0.000610987531464	0.000300005853773	0.000106099631212	1.09758239185e-05	0	4.39032956741e-05	3.65860797284e-06	3.65860797284e-05	2.92688637827e-05	3.65860797284e-06	7.31721594568e-06	3.65860797284e-06
3.65860797284e-06	0.000343909149447	0.00341713984663	0	0	0	7.31721594568e-06	3.29274717555e-05	3.65860797284e-06	3.65860797284e-06	3.65860797284e-06	0.000552449803899	0	9.51238072938e-05	1.09758239185e-05	3.65860797284e-06	7.68307674296e-05	0.0198662412925	5.85377275654e-05	0.00465009073348	0	0.000439032956741	0.000142685710941	0.00616475443423	2.92688637827e-05	2.1951647837e-05	0.00751478077621	0.00227199555113	7.31721594568e-05	2.92688637827e-05	0.000285371421881	0	0	0	0.00320859919218	0	0.000300005853773	1.82930398642e-05	0	0	0	0	0	0	3.65860797284e-06	0	1.09758239185e-05	0	1.46344318914e-05	0	0	0	1.46344318914e-05	3.65860797284e-06	2.56102558099e-05	0	0	4.39032956741e-05	7.31721594568e-06	0	9.87824152666e-05	6.21963355383e-05	0.000168295966751	0	0	0	0	0	0	1.82930398642e-05	0.00115612011942	0.00213662705614	0.00224272668735	0.000629280571328	1.09758239185e-05	0	0	1.82930398642e-05	1.46344318914e-05	1.09758239185e-05	3.65860797284e-06	0	0	0
0	0	1.46344318914e-05	0	0	0	3.65860797284e-06	0	0	0	0	0.00182198677047	0	0.000289030029854	0	0	0	5.85377275654e-05	0.00368055962068	0.00142685710941	0	0	0	7.31721594568e-06	0	7.31721594568e-05	0.00167564245156	0.000128051279049	0	0	0	3.65860797284e-06	0	0	0.000106099631212	0	1.82930398642e-05	0	0	0	0	0	0	0	0	0	3.65860797284e-06	0	3.65860797284e-06	0	0	0	0	0	0	0	0	0	0	0	3.29274717555e-05	7.31721594568e-06	1.09758239185e-05	0	0	0	0	0	0	0	1.09758239185e-05	0.000278054205936	0.000135368494995	1.09758239185e-05	0	3.65860797284e-06	3.65860797284e-06	0	0	0	0	0	0	0
3.65860797284e-06	0.000124392671077	0.000556108411871	0	0	0	1.09758239185e-05	1.09758239185e-05	0	0	0	0.00574767312533	0	0.000625621963355	3.65860797284e-06	0	3.65860797284e-06	0.00465009073348	0.00142685710941	0.017100333665	0	5.48791195926e-05	2.56102558099e-05	0.000519522332143	3.65860797284e-06	0.000175613182696	0.00675013170989	0.00102806884037	7.31721594568e-06	2.1951647837e-05	2.56102558099e-05	2.1951647837e-05	0	0	0.00163173915589	0	0.000289030029854	3.65860797284e-06	0	0	0	0	0	0	0	0	2.92688637827e-05	0	2.92688637827e-05	0	0	0	1.09758239185e-05	1.46344318914e-05	2.56102558099e-05	0	0	1.09758239185e-05	3.65860797284e-06	0	0.000153661534859	9.51238072938e-05	8.78065913481e-05	0	0	0	0	0	0	1.82930398642e-05	0.000303664461746	0.00176344904291	0.00149637066089	0.00019390622256	1.09758239185e-05	0	1.46344318914e-05	3.65860797284e-06	7.31721594568e-06	7.31721594568e-06	3.65860797284e-06	0	0	0
5.48791195926e-05	0	0	0	0.00394397939472	0	0.000395129661067	0.00113050986361	9.87824152666e-05	0.00120734063104	0.00391105192296	0	0.00275127319557	0	0.000128051279049	7.31721594568e-06	2.1951647837e-05	0	0	0	0.0129697652637	7.31721594568e-06	4.02446877012e-05	1.09758239185e-05	0.00208540654452	0	0	0	0.00171588713926	2.92688637827e-05	4.02446877012e-05	0	0	3.65860797284e-06	2.1951647837e-05	0	0	0	0	0	0	0	7.31721594568e-06	0	5.48791195926e-05	0	0	0	0	0	0	3.65860797284e-06	0	0	0	0	0	1.82930398642e-05	1.09758239185e-05	2.1951647837e-05	0	0	0	1.09758239185e-05	7.31721594568e-06	1.09758239185e-05	0	0	3.65860797284e-06	3.65860797284e-06	4.39032956741e-05	7.31721594568e-06	1.09758239185e-05	0	1.82930398642e-05	0	0	7.31721594568e-06	0	0	0	3.65860797284e-06	0	0
0.000171954574723	9.87824152666e-05	0.00101343440848	0	2.1951647837e-05	0	1.82930398642e-05	0.00167564245156	3.65860797284e-05	0.000354884973365	5.85377275654e-05	1.82930398642e-05	3.65860797284e-06	1.09758239185e-05	9.87824152666e-05	3.65860797284e-06	0.002154920096	0.000439032956741	0	5.48791195926e-05	7.31721594568e-06	0.034486038752	0.00081221096997	0.0118465726161	0.00200125856114	3.65860797284e-06	0.000241468126207	0.000973189720775	0.00653793244746	0.000226833694316	0.0154503014693	0	0	6.58549435111e-05	0.00411593396944	7.31721594568e-06	2.92688637827e-05	1.09758239185e-05	0	3.65860797284e-06	0	7.31721594568e-06	1.09758239185e-05	3.65860797284e-06	2.1951647837e-05	0	0	0	0	3.65860797284e-06	3.65860797284e-06	3.65860797284e-06	3.65860797284e-06	0	3.65860797284e-06	0	1.09758239185e-05	0.000131709887022	2.1951647837e-05	1.09758239185e-05	3.65860797284e-06	3.65860797284e-06	2.1951647837e-05	1.09758239185e-05	7.31721594568e-06	1.82930398642e-05	0	0	7.31721594568e-06	1.09758239185e-05	0.00214028566411	0.00116343733536	0.0014414915413	0.000614646139437	0.000113416847158	2.56102558099e-05	3.65860797284e-06	1.46344318914e-05	0	1.09758239185e-05	0	1.09758239185e-05	3.65860797284e-06	0
9.87824152666e-05	0.00181101094656	0.00113416847158	0	9.1465199321e-05	0	3.65860797284e-06	0.000746356026459	1.46344318914e-05	0.00308054791313	4.39032956741e-05	7.31721594568e-06	2.92688637827e-05	0	5.12205116197e-05	7.31721594568e-06	0.00458423578997	0.000142685710941	0	2.56102558099e-05	4.02446877012e-05	0.00081221096997	0.0188491482761	0.00324152666393	0.00484399695604	0	0.00021951647837	0.00630012292923	0.00232321606275	0.000124392671077	0.00100245858456	0	0	1.09758239185e-05	0.000724404378622	3.29274717555e-05	0.000460984604578	0.000263419774044	0	0	0	1.46344318914e-05	8.04893754024e-05	2.1951647837e-05	0.000417081308904	0	0	1.09758239185e-05	0	2.56102558099e-05	1.82930398642e-05	0.000248785342153	5.12205116197e-05	0	3.65860797284e-06	3.65860797284e-06	0.000139027102968	0.00291225194638	0.0005926944916	0.00019390622256	0	2.56102558099e-05	0.000475619036469	0.000190247614588	6.95135514839e-05	0.000182930398642	0	0	5.12205116197e-05	0.000278054205936	0.00143417432535	0.000987824152666	0.000647573611192	0.000292688637827	9.51238072938e-05	1.09758239185e-05	0	0.000175613182696	5.12205116197e-05	0.000182930398642	0.000102441023239	5.85377275654e-05	2.92688637827e-05	7.31721594568e-06
0.000204882046479	0.000768307674296	0.00955994263303	0	3.65860797284e-05	3.65860797284e-06	2.92688637827e-05	0.00121099923901	3.65860797284e-05	0.000395129661067	8.04893754024e-05	0.000135368494995	1.09758239185e-05	2.56102558099e-05	0.000131709887022	2.92688637827e-05	0.00727697125798	0.00616475443423	7.31721594568e-06	0.000519522332143	1.09758239185e-05	0.0118465726161	0.00324152666393	0.0558376748815	0.00204150324884	7.31721594568e-06	0.00352689808582	0.00872943862319	0.00376104899608	0.000223175086343	0.00565254931804	0	0	2.1951647837e-05	0.00708306503542	3.65860797284e-06	0.000292688637827	8.04893754024e-05	0	3.65860797284e-06	0	3.65860797284e-06	7.31721594568e-06	0	1.82930398642e-05	0	0	0	0	3.65860797284e-06	0	2.92688637827e-05	1.09758239185e-05	0	7.31721594568e-06	0	1.82930398642e-05	0.000479277644442	0.000128051279049	3.65860797284e-06	2.1951647837e-05	2.92688637827e-05	0.00019390622256	1.09758239185e-05	3.65860797284e-06	2.56102558099e-05	0	0	3.65860797284e-06	5.48791195926e-05	0.00572572147749	0.0041891061289	0.00370982848446	0.00166100801967	0.000204882046479	4.02446877012e-05	7.31721594568e-06	8.04893754024e-05	3.29274717555e-05	5.12205116197e-05	4.75619036469e-05	1.46344318914e-05	1.82930398642e-05	0
0.000530498156062	8.41479833753e-05	0.000146344318914	0	0.00593792073992	0	0.000168295966751	0.00976848328748	0.000263419774044	0.00996604811801	0.00135368494995	3.65860797284e-06	0.00145612597319	0	0.000545132587953	4.39032956741e-05	0.00579523502898	2.92688637827e-05	0	3.65860797284e-06	0.00208540654452	0.00200125856114	0.00484399695604	0.00204150324884	0.0427069308669	0	2.92688637827e-05	0.000570742843763	0.0195113563191	0.000581718667681	0.00280981092314	0	0	2.56102558099e-05	0.000717087162676	6.95135514839e-05	1.09758239185e-05	1.46344318914e-05	0	3.29274717555e-05	0	2.1951647837e-05	0.000168295966751	2.1951647837e-05	0.00131344026225	1.46344318914e-05	0	6.95135514839e-05	0	4.39032956741e-05	1.82930398642e-05	8.04893754024e-05	7.31721594568e-06	0	0	4.75619036469e-05	8.41479833753e-05	0.000984165544694	0.000120734063104	0.000574401451736	0	0	1.46344318914e-05	0.000380495229175	9.1465199321e-05	0.000201223438506	0	0	6.21963355383e-05	0.000124392671077	0.00132441608617	0.000534156764034	0.000471960428496	0.000215857870397	0.00021951647837	1.82930398642e-05	0	0.000252443950126	3.65860797284e-06	4.02446877012e-05	1.46344318914e-05	9.87824152666e-05	1.09758239185e-05	0
0	3.65860797284e-06	1.09758239185e-05	0	0	0	7.31721594568e-06	0	0	0	0	0.00148539483697	0	0.00380495229175	3.65860797284e-06	0	0	2.1951647837e-05	7.31721594568e-05	0.000175613182696	0	3.65860797284e-06	0	7.31721594568e-06	0	0.0063842709126	0.00106099631212	0.000398788269039	0	3.65860797284e-06	0	1.46344318914e-05	0	0	9.87824152666e-05	0	0.000376836621202	0	0	0	0	0	0	3.65860797284e-06	0	0	0.000252443950126	0	0.000171954574723	3.65860797284e-06	0	0	0	4.39032956741e-05	4.02446877012e-05	0	0	0	0	0	0.00083782122578	0.000153661534859	0.000201223438506	0	3.65860797284e-06	0	0	0	0	2.1951647837e-05	7.31721594568e-06	0.0010646549201	0.00032195750161	2.1951647837e-05	0	0	0.000431715740795	3.65860797284e-06	0.000117075455131	1.82930398642e-05	0	0	0	2.92688637827e-05
1.82930398642e-05	0.000991482760639	0.00985628987883	0	0	0	2.1951647837e-05	4.39032956741e-05	7.31721594568e-06	1.46344318914e-05	0	0.00644280864017	0	0.00376470760405	3.29274717555e-05	3.65860797284e-06	7.31721594568e-05	0.00751478077621	0.00167564245156	0.00675013170989	0	0.000241468126207	0.00021951647837	0.00352689808582	2.92688637827e-05	0.00106099631212	0.0520985775332	0.0146015044196	4.75619036469e-05	4.75619036469e-05	0.000139027102968	0.000556108411871	0	0	0.00231955745478	0	0.00152929813265	4.39032956741e-05	0	0	0	0	0	0	0	0	0.000157320142832	0	0.000131709887022	0	0	7.31721594568e-06	2.92688637827e-05	4.02446877012e-05	0.000106099631212	0	3.65860797284e-06	2.1951647837e-05	1.82930398642e-05	0	0.000753673242405	0.000395129661067	0.000790259322133	0	0	0	0	0	0	9.1465199321e-05	0.00126953696657	0.00520619914535	0.00293054498624	0.000585377275654	1.82930398642e-05	3.65860797284e-06	6.21963355383e-05	2.56102558099e-05	9.1465199321e-05	6.21963355383e-05	7.31721594568e-06	0	0	1.82930398642e-05
3.29274717555e-05	0.00434642627173	0.0112392436926	0	0	0	1.09758239185e-05	0.000237809518235	2.1951647837e-05	0.00032195750161	2.1951647837e-05	0.000698794122812	3.65860797284e-06	0.00112319264766	3.65860797284e-05	7.31721594568e-06	0.0043500848797	0.00227199555113	0.000128051279049	0.00102806884037	0	0.000973189720775	0.00630012292923	0.00872943862319	0.000570742843763	0.000398788269039	0.0146015044196	0.0541364221741	0.00061830474741	5.12205116197e-05	0.000746356026459	0.000164637358778	0	0	0.00183296259439	3.65860797284e-06	0.00137197798981	0.000160978750805	0	0	0	3.65860797284e-06	7.31721594568e-06	3.65860797284e-06	2.56102558099e-05	0	4.02446877012e-05	0	5.48791195926e-05	0	0	5.12205116197e-05	8.78065913481e-05	1.09758239185e-05	5.85377275654e-05	0	3.65860797284e-05	0.00061830474741	0.00019390622256	1.82930398642e-05	0.000259761166072	0.000212199262425	0.000746356026459	2.1951647837e-05	0	1.82930398642e-05	0	0	3.65860797284e-06	0.000135368494995	0.00264883217234	0.00386349001932	0.00204882046479	0.000793917930106	6.21963355383e-05	7.31721594568e-06	1.82930398642e-05	7.31721594568e-05	6.21963355383e-05	0.000106099631212	4.39032956741e-05	1.09758239185e-05	1.09758239185e-05	7.31721594568e-06
0.000885383129427	6.21963355383e-05	0.000351226365392	0	0.00370251126851	0	0.000482936252415	0.0212528537142	0.000450008780659	0.0027878592753	0.00809649944389	3.65860797284e-06	0.000471960428496	0	0.00113050986361	7.31721594568e-06	0.0031244512088	7.31721594568e-05	0	7.31721594568e-06	0.00171588713926	0.00653793244746	0.00232321606275	0.00376104899608	0.0195113563191	0	4.75619036469e-05	0.00061830474741	0.0542205701575	0.000779283498215	0.00795381373295	0	0	5.48791195926e-05	0.00128783000644	2.56102558099e-05	1.09758239185e-05	1.09758239185e-05	0	2.56102558099e-05	0	1.09758239185e-05	7.31721594568e-05	1.09758239185e-05	0.000446350172686	1.46344318914e-05	0	1.82930398642e-05	0	7.31721594568e-06	7.31721594568e-06	4.39032956741e-05	0	0	0	1.46344318914e-05	3.29274717555e-05	0.000508546508225	6.21963355383e-05	0.000212199262425	0	0	3.65860797284e-06	0.000153661534859	4.39032956741e-05	9.1465199321e-05	0	0	2.56102558099e-05	6.58549435111e-05	0.00195003804952	0.000848797049699	0.000815869577943	0.000398788269039	0.000175613182696	7.31721594568e-06	3.65860797284e-06	8.41479833753e-05	0	3.29274717555e-05	1.82930398642e-05	3.65860797284e-05	1.09758239185e-05	0
0.0084989463209	0	4.02446877012e-05	0	5.12205116197e-05	6.21963355383e-05	0.00285005561084	0.00295615524205	0.00280615231517	0.000179271790669	0.000691476906866	4.39032956741e-05	5.48791195926e-05	1.09758239185e-05	0.0070172100919	0.000369519405257	0.000139027102968	2.92688637827e-05	0	2.1951647837e-05	2.92688637827e-05	0.000226833694316	0.000124392671077	0.000223175086343	0.000581718667681	3.65860797284e-06	4.75619036469e-05	5.12205116197e-05	0.000779283498215	0.0302859567992	0.00371348709243	0	9.87824152666e-05	0.00275127319557	0.00440862260727	3.65860797284e-06	7.31721594568e-06	0	0	0	0	0	0	0	4.75619036469e-05	0	0	0	0	0	0	0	0	0	0	0	7.31721594568e-06	5.12205116197e-05	0	2.1951647837e-05	0	0	3.65860797284e-06	1.09758239185e-05	0	7.31721594568e-06	0	0	0	7.31721594568e-06	0.00153295674062	0.000285371421881	0.0026268805245	0.000629280571328	0.000852455657671	0.000453667388632	3.65860797284e-06	1.09758239185e-05	0	3.65860797284e-06	7.31721594568e-06	1.09758239185e-05	7.31721594568e-06	0
0.00214760288006	7.68307674296e-05	0.000804893754024	0	0.000102441023239	0	0.000102441023239	0.0104672774103	0.000281712813909	0.000771966282269	0.000387812445121	7.31721594568e-06	3.65860797284e-05	0	0.000610987531464	1.82930398642e-05	0.00128051279049	0.000285371421881	0	2.56102558099e-05	4.02446877012e-05	0.0154503014693	0.00100245858456	0.00565254931804	0.00280981092314	0	0.000139027102968	0.000746356026459	0.00795381373295	0.00371348709243	0.0436508517239	0	0	0.000128051279049	0.00372446291635	7.31721594568e-06	4.39032956741e-05	3.65860797284e-06	0	3.65860797284e-06	0	7.31721594568e-06	1.82930398642e-05	0	9.1465199321e-05	0	0	0	0	0	3.65860797284e-06	2.56102558099e-05	3.65860797284e-06	0	0	0	1.09758239185e-05	0.000197564830533	1.82930398642e-05	4.75619036469e-05	7.31721594568e-06	3.65860797284e-06	4.02446877012e-05	2.92688637827e-05	3.65860797284e-06	1.09758239185e-05	0	0	0	2.1951647837e-05	0.0028829830826	0.00121099923901	0.00165369080372	0.000684159690921	0.000226833694316	2.56102558099e-05	7.31721594568e-06	3.29274717555e-05	3.65860797284e-06	1.82930398642e-05	1.09758239185e-05	2.56102558099e-05	1.46344318914e-05	0
0	0	7.31721594568e-06	0	0	0	0	0	0	0	0	0.000150002926886	0	0.000197564830533	0	0	0	0	3.65860797284e-06	2.1951647837e-05	0	0	0	0	0	1.46344318914e-05	0.000556108411871	0.000164637358778	0	0	0	0.00056708423579	0	0	1.09758239185e-05	0	0	0	0	0	0	0	0	0	0	0	0	0	0	0	0	0	0	0	0	0	0	0	0	0	0	3.65860797284e-06	0	0	0	0	0	0	0	0	0	4.02446877012e-05	3.65860797284e-06	0	0	0	0	0	0	0	0	0	0	0
0	0	0	0	0	1.46344318914e-05	0.000139027102968	0	1.82930398642e-05	0	0	0	0	0	2.56102558099e-05	2.1951647837e-05	3.65860797284e-06	0	0	0	0	0	0	0	0	0	0	0	0	9.87824152666e-05	0	0	0.000365860797284	0	0.000263419774044	0	0	0	0	0	0	0	0	0	0	0	0	0	0	0	0	0	0	0	0	0	0	0	0	0	0	0	0	0	0	0	0	0	0	0	1.09758239185e-05	0	1.82930398642e-05	1.09758239185e-05	2.92688637827e-05	9.1465199321e-05	0	0	0	0	0	0	0	0
0.000676842474975	0	0	0	7.31721594568e-06	0	1.09758239185e-05	0.000142685710941	4.75619036469e-05	0	2.92688637827e-05	3.65860797284e-06	0	0	8.41479833753e-05	0	1.09758239185e-05	0	0	0	3.65860797284e-06	6.58549435111e-05	1.09758239185e-05	2.1951647837e-05	2.56102558099e-05	0	0	0	5.48791195926e-05	0.00275127319557	0.000128051279049	0	0	0.00281346953111	8.41479833753e-05	0	0	0	0	0	0	0	0	0	3.65860797284e-06	0	0	0	0	0	0	0	0	0	0	0	0	0	0	3.65860797284e-06	0	0	0	0	0	0	0	0	0	0	0.000113416847158	1.82930398642e-05	5.12205116197e-05	1.09758239185e-05	1.09758239185e-05	0	0	0	0	3.65860797284e-06	3.65860797284e-06	0	0	0
0.00105367909618	0.000278054205936	0.00214760288006	0	1.46344318914e-05	9.87824152666e-05	0.00217687174384	0.00130978165428	0.00107928935199	0.000230492302289	0.000234150910262	0.00188052449804	2.56102558099e-05	0.000300005853773	0.00205247907276	0.00034756775742	0.000717087162676	0.00320859919218	0.000106099631212	0.00163173915589	2.1951647837e-05	0.00411593396944	0.000724404378622	0.00708306503542	0.000717087162676	9.87824152666e-05	0.00231955745478	0.00183296259439	0.00128783000644	0.00440862260727	0.00372446291635	1.09758239185e-05	0.000263419774044	8.41479833753e-05	0.035155564011	1.09758239185e-05	0.000241468126207	1.46344318914e-05	0	0	0	0	1.09758239185e-05	7.31721594568e-06	3.65860797284e-05	0	1.09758239185e-05	3.65860797284e-06	1.46344318914e-05	0	0	0	1.09758239185e-05	3.65860797284e-06	1.46344318914e-05	0	1.09758239185e-05	0.000113416847158	2.1951647837e-05	1.46344318914e-05	6.95135514839e-05	6.58549435111e-05	0.000124392671077	1.46344318914e-05	1.09758239185e-05	2.1951647837e-05	0	0	0	2.56102558099e-05	0.00620134051396	0.00372446291635	0.0138588070011	0.00292688637827	0.000896358953345	0.000845138441726	2.92688637827e-05	6.21963355383e-05	2.1951647837e-05	4.39032956741e-05	2.56102558099e-05	1.82930398642e-05	1.82930398642e-05	3.65860797284e-06
0	0	3.65860797284e-06	0	7.31721594568e-06	0	0	1.46344318914e-05	0	7.31721594568e-05	0	0	3.65860797284e-06	0	0	0	7.31721594568e-06	0	0	0	0	7.31721594568e-06	3.29274717555e-05	3.65860797284e-06	6.95135514839e-05	0	0	3.65860797284e-06	2.56102558099e-05	3.65860797284e-06	7.31721594568e-06	0	0	0	1.09758239185e-05	0.0170674061933	7.31721594568e-06	0.000139027102968	0	0.00021951647837	0	0.00178905929872	0.00357445998946	0.003636656325	0.000343909149447	0.00061830474741	1.09758239185e-05	0.00142319850143	0	0.00301469296962	0.000731721594568	0.000190247614588	6.58549435111e-05	0	7.31721594568e-06	0.000493912076333	0.000460984604578	0.000336591933501	0.000651232219165	0.00163905637183	0	1.09758239185e-05	5.48791195926e-05	0.00169027688345	0.00710867529123	0.00449277059065	0	3.65860797284e-06	0.00159881168413	0.00221345782357	7.31721594568e-06	0	7.31721594568e-06	0	0	0	0	0.000519522332143	5.12205116197e-05	0.000728062986595	0.000241468126207	0.000676842474975	0.000131709887022	0
3.65860797284e-06	0.00175247321899	0.000801235146052	0	0	0	0	1.46344318914e-05	0	1.82930398642e-05	0	0.000278054205936	0	0.0002963472458	0	0	6.21963355383e-05	0.000300005853773	1.82930398642e-05	0.000289030029854	0	2.92688637827e-05	0.000460984604578	0.000292688637827	1.09758239185e-05	0.000376836621202	0.00152929813265	0.00137197798981	1.09758239185e-05	7.31721594568e-06	4.39032956741e-05	0	0	0	0.000241468126207	7.31721594568e-06	0.0201223438506	0.00161344611602	0	0	0	3.65860797284e-06	2.1951647837e-05	3.65860797284e-06	2.1951647837e-05	3.65860797284e-06	0.000958555288884	3.65860797284e-06	0.000709769946731	0	3.65860797284e-06	9.87824152666e-05	0.000921969209155	0.000267078382017	0.00105733770415	0	0.000160978750805	0.00202686881695	0.000874407305508	7.31721594568e-06	0.00567450096587	0.00381958672364	0.0107855763039	4.39032956741e-05	1.09758239185e-05	7.68307674296e-05	7.31721594568e-06	0	7.31721594568e-06	0.00137197798981	0.000160978750805	0.00121465784698	0.000223175086343	5.85377275654e-05	0	0	7.31721594568e-06	0.000395129661067	0.000676842474975	0.0011048996078	0.000460984604578	4.75619036469e-05	7.31721594568e-05	1.82930398642e-05
0	0.000190247614588	0.000102441023239	0	0	0	0	7.31721594568e-06	0	1.09758239185e-05	0	0	0	0	0	0	3.29274717555e-05	1.82930398642e-05	0	3.65860797284e-06	0	1.09758239185e-05	0.000263419774044	8.04893754024e-05	1.46344318914e-05	0	4.39032956741e-05	0.000160978750805	1.09758239185e-05	0	3.65860797284e-06	0	0	0	1.46344318914e-05	0.000139027102968	0.00161344611602	0.029089591992	0	0	3.65860797284e-06	4.39032956741e-05	0.000204882046479	5.48791195926e-05	5.48791195926e-05	7.31721594568e-06	9.51238072938e-05	1.46344318914e-05	2.56102558099e-05	5.85377275654e-05	2.56102558099e-05	0.000687818298894	0.00578060059708	2.56102558099e-05	0.000417081308904	0	0.00222809225546	0.0010646549201	0.0127319557455	8.41479833753e-05	0.000106099631212	0.00314640285664	0.00824650237078	0.000369519405257	0.000358543581338	0.00119636480712	0	3.65860797284e-06	0.000128051279049	0.00451472223848	0.000117075455131	6.21963355383e-05	5.48791195926e-05	2.56102558099e-05	0	0	0	0.00210735819235	0.00125124392671	0.00387446584324	0.00211101680033	0.000365860797284	0.000435374348768	3.65860797284e-05
0	0	0	0	0	0	0	0	0	0	0	0	0	0	0	0	0	0	0	0	0	0	0	0	0	0	0	0	0	0	0	0	0	0	0	0	0	0	0	0	0	0	0	0	0	0	0	0	0	0	0	0	0	0	0	0	0	0	0	0	0	0	0	0	0	0	0	0	0	0	0	0	0	0	0	0	0	0	0	0	0	0	0	0
0	0	0	0	0.00199028273722	0	0	7.31721594568e-06	0	4.02446877012e-05	1.46344318914e-05	0	0.000823186793889	0	0	0	0	0	0	0	0	3.65860797284e-06	0	3.65860797284e-06	3.29274717555e-05	0	0	0	2.56102558099e-05	0	3.65860797284e-06	0	0	0	0	0.00021951647837	0	0	0	0.0182784054323	0	0.000932945033074	0.000845138441726	0.000204882046479	0.000512205116197	0.0038525141954	0	0.00504522039454	0	0.000109758239185	0.000135368494995	1.82930398642e-05	3.65860797284e-06	0	0	0.00908432359656	2.56102558099e-05	2.56102558099e-05	4.02446877012e-05	0.00820625768308	0	0	0	0.00542205701575	0.000150002926886	0.000117075455131	0	0	5.12205116197e-05	0.000139027102968	7.31721594568e-06	3.65860797284e-06	0	0	0	0	0	6.58549435111e-05	0	3.29274717555e-05	3.65860797284e-06	0.000128051279049	1.09758239185e-05	0
0	0	0	0	0	0	0	0	0	0	0	0	0	0	0	0	0	0	0	0	0	0	0	0	0	0	0	0	0	0	0	0	0	0	0	0	0	3.65860797284e-06	0	0	0.00353787390973	0.00107928935199	0	0.00117441315928	0	0	0	3.65860797284e-06	0	0.000310981677691	0.000636597787274	3.65860797284e-06	0	0	0	0	0	0	0	0	0	0	0	0	0.000190247614588	3.65860797284e-06	0	0.00122197506293	0	6.58549435111e-05	0	0	0	0	0	0	0	3.65860797284e-06	3.65860797284e-06	1.09758239185e-05	3.65860797284e-06	0.000146344318914	4.39032956741e-05	0
0	0	3.65860797284e-06	0	2.1951647837e-05	0	0	7.31721594568e-06	0	2.92688637827e-05	0	0	5.48791195926e-05	0	0	0	3.65860797284e-06	0	0	0	0	7.31721594568e-06	1.46344318914e-05	3.65860797284e-06	2.1951647837e-05	0	0	3.65860797284e-06	1.09758239185e-05	0	7.31721594568e-06	0	0	0	0	0.00178905929872	3.65860797284e-06	4.39032956741e-05	0	0.000932945033074	0.00107928935199	0.0323969735995	0.00114880290347	0.0122929227887	0.000252443950126	0.00298908271381	7.31721594568e-06	0.0123404846924	0	0.00477448340455	0.00460252882983	4.39032956741e-05	2.1951647837e-05	0	3.65860797284e-06	0.00395495521864	8.41479833753e-05	8.78065913481e-05	0.000135368494995	0.00184759702628	0	1.09758239185e-05	1.46344318914e-05	0.00105733770415	0.00359275302933	0.000450008780659	0	0.00107563074401	0.000442691564713	0.00202686881695	7.31721594568e-06	0	3.65860797284e-06	0	0	0	0	0.000358543581338	2.92688637827e-05	0.000746356026459	0.000201223438506	0.00185491424223	0.00034756775742	3.65860797284e-06
3.65860797284e-06	0	0	0	4.02446877012e-05	0	3.65860797284e-06	8.04893754024e-05	3.65860797284e-06	0.000190247614588	1.09758239185e-05	0	1.09758239185e-05	0	3.65860797284e-06	3.65860797284e-06	3.65860797284e-06	0	0	0	7.31721594568e-06	1.09758239185e-05	8.04893754024e-05	7.31721594568e-06	0.000168295966751	0	0	7.31721594568e-06	7.31721594568e-05	0	1.82930398642e-05	0	0	0	1.09758239185e-05	0.00357445998946	2.1951647837e-05	0.000204882046479	0	0.000845138441726	0	0.00114880290347	0.0279005444009	0.000885383129427	0.000841479833753	0.00143417432535	0	0.00213662705614	0	0.000742697418486	0.000281712813909	0.000603670315518	8.04893754024e-05	0	0	0.00179271790669	0.000900017561318	0.00064391500322	0.00133905051806	0.00574401451736	0	1.09758239185e-05	9.51238072938e-05	0.0125782942106	0.00245492594977	0.00674281449394	0	0	0.00083782122578	0.00170491131534	1.46344318914e-05	3.65860797284e-06	3.65860797284e-06	0	0	0	0	0.000413422700931	5.48791195926e-05	0.000603670315518	0.000223175086343	0.000365860797284	0.000120734063104	3.65860797284e-06
0	0	3.65860797284e-06	0	0	0	0	0	0	2.92688637827e-05	0	3.65860797284e-06	0	3.65860797284e-06	0	0	0	0	0	0	0	3.65860797284e-06	2.1951647837e-05	0	2.1951647837e-05	3.65860797284e-06	0	3.65860797284e-06	1.09758239185e-05	0	0	0	0	0	7.31721594568e-06	0.003636656325	3.65860797284e-06	5.48791195926e-05	0	0.000204882046479	0.00117441315928	0.0122929227887	0.000885383129427	0.0357628929345	0.000135368494995	0.00174881461102	4.75619036469e-05	0.00253907393315	0	0.0168991102265	0.00270371129193	7.68307674296e-05	3.29274717555e-05	0	1.09758239185e-05	0.000600011707546	0.000135368494995	0.000109758239185	0.000252443950126	0.00106831352807	3.65860797284e-06	1.82930398642e-05	3.29274717555e-05	0.000548791195926	0.00727697125798	0.000804893754024	0	0.0032598197038	0.000585377275654	0.00358177720541	1.09758239185e-05	0	3.65860797284e-06	3.65860797284e-06	0	0	0	0.000450008780659	5.12205116197e-05	0.00110855821577	0.000325616109583	0.00180735233858	0.000757331850378	7.31721594568e-06
