0.0381353527858	0.00035354968246	0.0106588682045	0	0.00148840051505	0.00010475546147	0.00198162414613	0.00730669343751	0.0165688221558	0.000763841906549	0.00174155954693	0.00441282381441	0.00267562907837	0.000894786233386	0.0323956264595	4.36481089457e-05	0.000532506929137	0.00416839440431	0.00118286375243	0.000820584448179	0.00480129198402	0.00546474324	3.92832980511e-05	0.0113616027586	0.00367953558412	0.000100390650575	0.0078741188538	0.000663451255974	0.00545164880732	0.0335959494555	0.0260360969861	0.000724558608498	0.000322996006198	0.0181401540778	0.00896532157744	0	7.42017852077e-05	6.98369743131e-05	0	0.000558695794505	0	0.00020078130115	0.00015276838131	0.000274983086358	0.00178084284498	0.000929704720543	0.000270618275463	0.000187686868466	6.1107352524e-05	6.98369743131e-05	0	3.0553676262e-05	6.1107352524e-05	1.30944326837e-05	4.36481089457e-06	7.42017852077e-05	0.000344820060671	0.00010475546147	0.000170227624888	0.00155387267847	9.60258396805e-05	4.80129198402e-05	0.000471399576613	0.000545601361821	9.60258396805e-05	0.000344820060671	0	0	0	0.000288077519041	0.000942799153227	9.16610287859e-05	0.00429497392025	0.00272364199821	0.00137055062089	0.00197289452434	2.61888653674e-05	0.00117413413064	0.000148403570415	0.000244429410096	6.1107352524e-05	0.000301171951725	4.36481089457e-06	9.60258396805e-05
0.00035354968246	0.0484581305515	0.00127452478121	0	4.36481089457e-06	4.36481089457e-06	4.80129198402e-05	2.61888653674e-05	0.000261888653674	0.00203400187687	8.29314069968e-05	0.000528142118243	0.000122214705048	0.000872962178914	0.000484494009297	0	0.00137055062089	0.00213875733834	8.72962178914e-06	0.00175901879051	0.000122214705048	0.000205146112045	0.00593177800572	0.00106501385827	0.00107810829096	0.00445210711246	0.0173719473604	0.0343336024967	5.23777307348e-05	0.000615438336134	0.000357914493355	9.60258396805e-05	1.30944326837e-05	0.000283712708147	0.00214748696013	2.18240544728e-05	0.0199253617337	0.00229152571965	0	5.67425416294e-05	0	2.18240544728e-05	0.000711464175815	0.000589249470767	0.000279347897252	0.000100390650575	0.00081185482639	6.1107352524e-05	1.30944326837e-05	0.000371008926038	0	0.00206019074224	0.00501516771786	0.000528142118243	0.00132690251195	0	0.000515047685559	0.00468344208987	0.00206019074224	0.000322996006198	0.000680910499553	0.00437790532725	0.0144693481155	0.000584884659872	2.18240544728e-05	0.000584884659872	0	0	4.36481089457e-06	0.0018506798193	0.00271491237642	0.0024137404247	0.000925339909648	0.000493223631086	0.0004015626023	6.1107352524e-05	1.30944326837e-05	0.000737653041182	0.000515047685559	0.000213875733834	0.000100390650575	3.0553676262e-05	0	4.36481089457e-06
0.0106588682045	0.00127452478121	0.0669387398791	0	3.0553676262e-05	0.000213875733834	0.000375373736933	0.000209510922939	0.00504572139412	0.000288077519041	3.49184871565e-05	0.000960258396805	7.85665961022e-05	0.000340455249776	0.0112481176753	2.18240544728e-05	0.00223914798891	0.0125488313219	0.000109120272364	0.000301171951725	0.000113485083259	0.00617620741581	0.000558695794505	0.0316841622837	0.00214312214923	1.74592435783e-05	0.0161803539862	0.0230723903887	0.00219986469086	0.0116016673578	0.0133606861483	0.000283712708147	0.00020078130115	0.00784356517754	0.00946727483032	0.000371008926038	0.00166299295083	0.00210820366208	0	1.74592435783e-05	0	8.72962178914e-06	0.000838043691757	0.000362279304249	0.000890421422492	0.00025752384278	6.98369743131e-05	0	4.36481089457e-06	0.0004015626023	4.36481089457e-06	0.00720193797604	0.000122214705048	3.49184871565e-05	3.0553676262e-05	4.36481089457e-06	0.00625040920102	0.0146439405513	0.0131773640907	0.000253159031885	2.18240544728e-05	4.80129198402e-05	0.0017677484123	0.000728923419393	9.16610287859e-05	0.00107374348006	0	0	0	0.000423386656773	0.00597542611466	0.00115667488706	0.0144038759521	0.0111564566465	0.00422077213505	0.00338709325418	3.0553676262e-05	0.00233953863949	0.00061107352524	0.000161498003099	0.000130944326837	3.0553676262e-05	0	1.74592435783e-05
0	0	0	0	0	0	0	0	0	0	0	0	0	0	0	0	0	0	0	0	0	0	0	0	0	0	0	0	0	0	0	0	0	0	0	0	0	0	0	0	0	0	0	0	0	0	0	0	0	0	0	0	0	0	0	0	0	0	0	0	0	0	0	0	0	0	0	0	0	0	0	0	0	0	0	0	0	0	0	0	0	0	0	0
0.00148840051505	4.36481089457e-06	3.0553676262e-05	0	0.0271622181969	6.98369743131e-05	0.00189869273914	0.000759477095655	0.00171537068157	0.000977717640383	0.00148403570415	0.000641627201501	0.00687457715894	0.00020078130115	0.00331289146898	0.000654721634185	1.30944326837e-05	4.36481089457e-06	0.000178957246677	8.29314069968e-05	0.0135221841514	2.18240544728e-05	2.61888653674e-05	6.54721634185e-05	0.0116060321687	3.0553676262e-05	0.000379738547827	9.60258396805e-05	0.00499334366339	0.00703607516204	0.00024879422099	0.000117849894153	1.74592435783e-05	0.00335653957792	0.00611946487418	4.36481089457e-06	4.36481089457e-06	0	0	0.00389341131795	0	0.00118286375243	0.000449575522141	0.000484494009297	0.00195107046987	0.00716701948888	0.000475764387508	0.00136182099911	8.72962178914e-06	0.00110866196722	6.1107352524e-05	3.49184871565e-05	0	2.18240544728e-05	1.74592435783e-05	0.00583138735514	8.72962178914e-06	1.30944326837e-05	0	0.00140546910805	2.18240544728e-05	2.18240544728e-05	5.23777307348e-05	0.00107374348006	0.000733288230287	4.36481089457e-06	0	0	0	0.000253159031885	0.0015276838131	2.18240544728e-05	0.00343074136313	0.00121341742869	0.000781301150128	5.23777307348e-05	3.49184871565e-05	0.000803125204601	0.00010475546147	0.000645992012396	9.60258396805e-05	0.00132690251195	1.74592435783e-05	5.67425416294e-05
0.00010475546147	4.36481089457e-06	0.000213875733834	0	6.98369743131e-05	0.0073154230593	0.00191615198272	0.000117849894153	0.000371008926038	0.000183322057572	2.18240544728e-05	5.23777307348e-05	3.49184871565e-05	1.30944326837e-05	0.000584884659872	0.000423386656773	0.000371008926038	2.61888653674e-05	0	2.18240544728e-05	9.16610287859e-05	0.00015276838131	0.000113485083259	0.000894786233386	0.000301171951725	8.72962178914e-06	6.1107352524e-05	7.42017852077e-05	0.000213875733834	0.00105628423649	0.000440845900351	8.72962178914e-06	0.00127452478121	0.000462669954824	0.00215185177102	8.72962178914e-06	0	0	0	4.36481089457e-05	0	2.18240544728e-05	8.72962178914e-05	4.36481089457e-05	0.00035354968246	4.36481089457e-05	3.92832980511e-05	1.74592435783e-05	4.36481089457e-06	3.49184871565e-05	0	2.18240544728e-05	4.36481089457e-06	3.0553676262e-05	3.0553676262e-05	1.30944326837e-05	0	1.74592435783e-05	8.72962178914e-06	0.000314266384409	8.72962178914e-06	0	3.49184871565e-05	0.000213875733834	4.36481089457e-06	0	0	0	0	0	0.000838043691757	8.29314069968e-05	0.00231771458502	0.00213875733834	0.00386722245259	0.00124833591585	0.000109120272364	0.00015276838131	1.30944326837e-05	4.80129198402e-05	7.42017852077e-05	1.30944326837e-05	0	8.72962178914e-06
0.00198162414613	4.80129198402e-05	0.000375373736933	0	0.00189869273914	0.00191615198272	0.0368084502739	0.00570917265009	0.010597760852	0.000113485083259	0.00655594596364	0.00188559830645	0.00894786233386	0.000493223631086	0.00684402348268	0.00250103664259	4.36481089457e-06	8.72962178914e-06	0.00045830514393	9.60258396805e-05	0.00727177495035	0.000122214705048	3.92832980511e-05	0.000344820060671	0.00300735470636	4.36481089457e-05	0.00107374348006	0.000467034765719	0.00529451561511	0.00846336832457	0.00230462015233	0.000270618275463	0.00204709630955	0.00218677025818	0.00581392811156	0	8.72962178914e-06	4.36481089457e-06	0	8.72962178914e-05	0	0.000419021845879	3.92832980511e-05	3.0553676262e-05	0.000816219637284	0.000344820060671	7.42017852077e-05	0.000493223631086	2.61888653674e-05	2.61888653674e-05	0	4.36481089457e-06	0	0	0	0.00024879422099	4.36481089457e-06	8.72962178914e-06	4.36481089457e-06	0.000296807140831	3.92832980511e-05	8.72962178914e-06	4.36481089457e-06	0.000135309137732	3.0553676262e-05	4.36481089457e-06	0	0	0	1.74592435783e-05	0.0018463150084	0.000240064599201	0.00199471857882	0.00122651186137	0.00487985858013	5.23777307348e-05	0.000226970166518	8.72962178914e-06	4.80129198402e-05	3.49184871565e-05	0	3.92832980511e-05	0	3.92832980511e-05
0.00730669343751	2.61888653674e-05	0.000209510922939	0	0.000759477095655	0.000117849894153	0.00570917265009	0.0292224089391	0.00870343292377	0.000501953252875	0.00150149494773	0.00185504463019	0.000292442329936	0.000344820060671	0.00889111979224	6.98369743131e-05	4.36481089457e-06	4.36481089457e-05	0.000484494009297	0.000196416490256	0.00328670260361	0.000510682874664	6.1107352524e-05	0.000589249470767	0.00248357739901	6.1107352524e-05	0.000868597368019	0.000375373736933	0.0139062875101	0.00992994478514	0.00799633355885	0.000209510922939	0.000270618275463	0.00568298378473	0.00464852360271	1.30944326837e-05	0	0	0	0.000449575522141	0	0.000283712708147	0.000528142118243	0.000148403570415	0.00162807446367	0.00106937866917	8.29314069968e-05	4.36481089457e-05	2.18240544728e-05	3.49184871565e-05	4.36481089457e-06	3.0553676262e-05	0	0	0	0.00010475546147	8.72962178914e-06	1.30944326837e-05	8.72962178914e-06	0.00157133192204	5.23777307348e-05	8.72962178914e-06	3.92832980511e-05	0.000711464175815	2.18240544728e-05	0	0	0	0	4.36481089457e-06	0.000995176883962	0.000161498003099	0.00146657646057	0.000462669954824	0.000925339909648	3.92832980511e-05	0.000117849894153	5.67425416294e-05	6.1107352524e-05	3.49184871565e-05	4.36481089457e-06	7.42017852077e-05	0	5.67425416294e-05
0.0165688221558	0.000261888653674	0.00504572139412	0	0.00171537068157	0.000371008926038	0.010597760852	0.00870343292377	0.0436306497021	0.000231334977412	0.00150585975863	0.00360096898802	0.000986447262172	0.000711464175815	0.0303921782589	0.00045830514393	0.000501953252875	0.000864232557124	0.000698369743131	0.000357914493355	0.00286331594684	0.00156260230026	0.000117849894153	0.00519848977543	0.00276292529626	8.29314069968e-05	0.00418585364789	0.000637262390607	0.00592304838393	0.0262630671526	0.0130333253312	0.000488858820192	0.00231334977412	0.0101918334388	0.0116976931974	1.30944326837e-05	8.29314069968e-05	4.80129198402e-05	0	0.000440845900351	4.36481089457e-06	0.000563060605399	0.000366644115144	0.000872962178914	0.00292878811026	0.00135309137732	0.000327360817093	0.000886056611597	3.49184871565e-05	0.000205146112045	5.23777307348e-05	3.0553676262e-05	8.72962178914e-06	4.36481089457e-06	0	0.000205146112045	0.000109120272364	6.98369743131e-05	0.000117849894153	0.00243556447917	8.29314069968e-05	1.30944326837e-05	5.23777307348e-05	0.000471399576613	0.000183322057572	5.67425416294e-05	0	0	0	0.000161498003099	0.00296807140831	0.000471399576613	0.00391960018332	0.00261015691495	0.00125270072674	0.000279347897252	0.00045830514393	0.000423386656773	0.000100390650575	0.000292442329936	2.18240544728e-05	0.000405927413195	1.30944326837e-05	8.29314069968e-05
0.000763841906549	0.00203400187687	0.000288077519041	0	0.000977717640383	0.000183322057572	0.000113485083259	0.000501953252875	0.000231334977412	0.0199209969228	6.54721634185e-05	0.000100390650575	0.00336090438882	1.74592435783e-05	0.00070709936492	0.000912245476965	0.000480129198402	0.00025752384278	4.36481089457e-06	7.85665961022e-05	0.000798760393706	0.00254031994064	0.00726304532856	0.00151022456952	0.00452194408677	0.00035354968246	0.000135309137732	0.00199471857882	0.00117413413064	0.00164989851815	0.00356605050086	8.72962178914e-06	0	0.00172410030335	0.0039370594269	6.98369743131e-05	4.36481089457e-06	8.72962178914e-06	0	0.000122214705048	0	6.54721634185e-05	0.00285895113594	0.00127015997032	0.00793522620632	0.000274983086358	1.74592435783e-05	9.16610287859e-05	0	0.000619803147029	0	3.49184871565e-05	0	8.72962178914e-06	1.30944326837e-05	1.30944326837e-05	1.74592435783e-05	0.00305973243709	1.74592435783e-05	0.00423386656773	0	4.36481089457e-06	5.23777307348e-05	0.00322123044019	1.74592435783e-05	0.000196416490256	0	0	0	1.30944326837e-05	0.00405490932105	5.67425416294e-05	0.00161498003099	0.00127452478121	0.001449117217	0.00025752384278	0	0.00207328517492	1.74592435783e-05	0.000209510922939	4.80129198402e-05	0.000432116278562	0	0
0.00174155954693	8.29314069968e-05	3.49184871565e-05	0	0.00148403570415	2.18240544728e-05	0.00655594596364	0.00150149494773	0.00150585975863	6.54721634185e-05	0.0259182470919	0.00310338054604	0.00834115361952	0.000667816066869	0.00416402959342	0.000144038759521	1.74592435783e-05	4.36481089457e-06	0.001449117217	0.000366644115144	0.00906571222802	8.72962178914e-06	0	6.98369743131e-05	0.00136182099911	6.98369743131e-05	0.00206892036403	0.000776936339233	0.0012876192139	0.00539490626569	1.74592435783e-05	0.000279347897252	0.000109120272364	0.000292442329936	0.00435171646188	4.36481089457e-06	2.18240544728e-05	4.36481089457e-06	0	0.000270618275463	2.18240544728e-05	0.00189869273914	0.00060234390345	0.00105628423649	0.000641627201501	0.00680910499553	0.000436481089457	0.00294188254294	5.67425416294e-05	0.0015276838131	3.92832980511e-05	3.0553676262e-05	2.18240544728e-05	6.1107352524e-05	2.18240544728e-05	0.00189869273914	1.74592435783e-05	4.36481089457e-06	3.92832980511e-05	9.16610287859e-05	6.98369743131e-05	2.61888653674e-05	7.85665961022e-05	0.000130944326837	0.000772571528339	8.72962178914e-06	0	0	0	0.000362279304249	0.000419021845879	0.000117849894153	0.00147967089326	0.000196416490256	0.000170227624888	4.36481089457e-06	5.23777307348e-05	0.000881691800703	0.000174592435783	0.000702734554025	0.000130944326837	0.00176338360141	0.000122214705048	0.00010475546147
0.00441282381441	0.000528142118243	0.000960258396805	0	0.000641627201501	5.23777307348e-05	0.00188559830645	0.00185504463019	0.00360096898802	0.000100390650575	0.00310338054604	0.0358045437681	0.006913860457	0.00961567840073	0.0118679208223	6.54721634185e-05	3.0553676262e-05	0.00107810829096	0.00789157809738	0.00663014774885	0.00696623818773	0.000213875733834	6.98369743131e-05	0.00126143034853	0.00249667183169	0.00283276227057	0.0170795050304	0.00443464786888	0.00174155954693	0.0159315597652	0.00240064599201	0.00347438947208	0.000292442329936	0.004015626023	0.0227930424914	0.000100390650575	3.92832980511e-05	1.74592435783e-05	0	1.74592435783e-05	0	0.000183322057572	0.000309901573514	0.000397197791406	0.00103009537112	0.000235699788307	0.00154514305668	0.000279347897252	0.000868597368019	0.000144038759521	5.23777307348e-05	2.18240544728e-05	7.85665961022e-05	3.92832980511e-05	4.36481089457e-05	3.92832980511e-05	0	3.0553676262e-05	5.23777307348e-05	0.000842408502652	0.000977717640383	0.000196416490256	3.92832980511e-05	8.72962178914e-05	8.29314069968e-05	0	2.61888653674e-05	0	0	4.36481089457e-05	0.0019248816045	0.00184195019751	0.00395888348137	0.000519412496454	0.000122214705048	3.0553676262e-05	0.000432116278562	0.000244429410096	0.00177647803409	6.98369743131e-05	2.18240544728e-05	0.000205146112045	4.36481089457e-06	0.00105628423649
0.00267562907837	0.000122214705048	7.85665961022e-05	0	0.00687457715894	3.49184871565e-05	0.00894786233386	0.000292442329936	0.000986447262172	0.00336090438882	0.00834115361952	0.006913860457	0.039951114118	0.00179830208856	0.00745073219703	0.00270618275463	0	4.36481089457e-06	0.00240064599201	0.00060234390345	0.0219462691779	1.74592435783e-05	8.72962178914e-06	3.49184871565e-05	0.0107723532878	0.00024879422099	0.00409855743	0.00131380807926	0.00105191942559	0.0148403570415	0.000226970166518	0.00100827131665	3.49184871565e-05	0.000632897579712	0.0135920211257	0	4.36481089457e-05	4.36481089457e-06	0	0.000807490015495	4.36481089457e-06	0.00147967089326	3.92832980511e-05	0.000536871740032	0.000528142118243	0.001449117217	0.000314266384409	0.00183322057572	0.000183322057572	0.000558695794505	3.49184871565e-05	0	2.18240544728e-05	0	0	0.00205582593134	4.36481089457e-06	4.36481089457e-06	1.74592435783e-05	0.000366644115144	0.000235699788307	1.74592435783e-05	4.80129198402e-05	0.000266253464569	0.000327360817093	4.36481089457e-06	0	0	0	9.16610287859e-05	0.00136618581	0.000253159031885	0.00591868357303	0.000816219637284	0.00222605355623	4.36481089457e-06	6.1107352524e-05	0.000109120272364	0.000279347897252	0.000135309137732	2.61888653674e-05	0.000654721634185	4.36481089457e-05	0.000270618275463
0.000894786233386	0.000872962178914	0.000340455249776	0	0.00020078130115	1.30944326837e-05	0.000493223631086	0.000344820060671	0.000711464175815	1.74592435783e-05	0.000667816066869	0.00961567840073	0.00179830208856	0.0312520460051	0.00253159031885	2.18240544728e-05	6.54721634185e-05	5.23777307348e-05	0.000471399576613	0.000135309137732	0.00175465397962	0.00010475546147	2.18240544728e-05	0.000493223631086	0.000493223631086	0.0147443312019	0.00394142423779	0.0118853800659	0.000414657034984	0.00384539839811	0.000545601361821	0.00735907116824	9.16610287859e-05	0.000899151044281	0.00480565679492	1.74592435783e-05	0.000174592435783	1.30944326837e-05	0	4.36481089457e-06	0	3.92832980511e-05	6.98369743131e-05	6.98369743131e-05	0.000196416490256	6.54721634185e-05	0.00572226708278	3.49184871565e-05	0.00343510617403	3.0553676262e-05	8.72962178914e-06	4.36481089457e-06	8.72962178914e-06	0.000589249470767	0.000244429410096	1.74592435783e-05	4.36481089457e-06	1.30944326837e-05	8.72962178914e-06	0.00015276838131	0.0040941926191	0.00531197485869	0.00095589358591	3.92832980511e-05	1.74592435783e-05	4.36481089457e-06	3.49184871565e-05	0	0	0.000187686868466	0.00111302677811	0.00167608738351	0.00103882499291	0.000226970166518	2.18240544728e-05	1.30944326837e-05	0.000253159031885	0.000157133192204	0.0078741188538	0.000266253464569	0.000139673948626	6.1107352524e-05	0	0.00159315597652
0.0323956264595	0.000484494009297	0.0112481176753	0	0.00331289146898	0.000584884659872	0.00684402348268	0.00889111979224	0.0303921782589	0.00070709936492	0.00416402959342	0.0118679208223	0.00745073219703	0.00253159031885	0.0683049256891	0.000279347897252	0.000650356823291	0.00422077213505	0.00387158726348	0.00166299295083	0.0114925470854	0.00539927107658	0.000161498003099	0.0117064228192	0.00615874817224	0.00030553676262	0.0115667488706	0.00215185177102	0.00768643198533	0.0590384321599	0.0272189607385	0.0012876192139	0.00351803758102	0.0234346696929	0.0278125750202	1.74592435783e-05	0.000122214705048	9.60258396805e-05	0	0.000855502935335	4.36481089457e-06	0.000711464175815	0.000593614281661	0.00137928024268	0.00462233473735	0.00163680408546	0.000453940333035	0.00127888959211	0.00015276838131	0.000235699788307	9.60258396805e-05	0.000148403570415	6.54721634185e-05	1.30944326837e-05	4.36481089457e-06	0.00024879422099	0.000362279304249	0.000126579515942	0.000244429410096	0.004015626023	0.000283712708147	8.29314069968e-05	0.00060234390345	0.0010431898038	0.000183322057572	0.00035354968246	0	0	0	0.000301171951725	0.00482748084939	0.000528142118243	0.0100259706248	0.00581392811156	0.00244865891185	0.0020907444185	0.000497588441981	0.00185940944109	0.000379738547827	0.000261888653674	6.54721634185e-05	0.000593614281661	1.30944326837e-05	0.000283712708147
4.36481089457e-05	0	2.18240544728e-05	0	0.000654721634185	0.000423386656773	0.00250103664259	6.98369743131e-05	0.00045830514393	0.000912245476965	0.000144038759521	6.54721634185e-05	0.00270618275463	2.18240544728e-05	0.000279347897252	0.00577028000262	3.49184871565e-05	0	1.30944326837e-05	0	0.000824949259073	4.36481089457e-06	4.36481089457e-06	7.42017852077e-05	0.000384103358722	0	3.49184871565e-05	4.36481089457e-06	0.000165862813994	0.000619803147029	8.29314069968e-05	4.36481089457e-06	7.85665961022e-05	0.00015276838131	0.000541236550926	0	0	0	0	8.72962178914e-06	0	2.18240544728e-05	8.72962178914e-06	4.36481089457e-06	5.67425416294e-05	2.61888653674e-05	8.72962178914e-06	3.49184871565e-05	0	0	0	0	0	8.72962178914e-06	8.72962178914e-06	1.30944326837e-05	0	0	0	2.61888653674e-05	0	0	0	2.18240544728e-05	0	0	0	0	0	0	0.000384103358722	1.30944326837e-05	0.00030553676262	0.000178957246677	0.002649440213	8.72962178914e-06	8.72962178914e-06	1.74592435783e-05	0	1.30944326837e-05	8.72962178914e-06	4.36481089457e-06	0	0
0.000532506929137	0.00137055062089	0.00223914798891	0	1.30944326837e-05	0.000371008926038	4.36481089457e-06	4.36481089457e-06	0.000501953252875	0.000480129198402	1.74592435783e-05	3.0553676262e-05	0	6.54721634185e-05	0.000650356823291	3.49184871565e-05	0.0284105541127	0.000340455249776	4.36481089457e-06	9.60258396805e-05	1.74592435783e-05	0.00274546605268	0.00649047380022	0.012959123546	0.00845027389188	6.54721634185e-05	0.00081185482639	0.00515484166648	0.00100827131665	0.000768206717444	0.00197725933524	1.74592435783e-05	1.74592435783e-05	0.000645992012396	0.00145784683879	0	6.98369743131e-05	8.72962178914e-06	0	4.36481089457e-06	0	0	0.000135309137732	6.98369743131e-05	0.000597979092556	2.61888653674e-05	0	0	0	5.23777307348e-05	0	0.00411165186268	0	0	0	0	0.000384103358722	0.00453067370856	0.00119595818511	0.00174592435783	0	0	0.000130944326837	0.000702734554025	0	2.18240544728e-05	0	0	0	0	0.00309901573514	0.000637262390607	0.005381811833	0.00257960323869	0.00125270072674	0.000523777307348	1.30944326837e-05	0.000379738547827	1.74592435783e-05	4.36481089457e-06	0	8.29314069968e-05	0	0
0.00416839440431	0.00213875733834	0.0125488313219	0	4.36481089457e-06	2.61888653674e-05	8.72962178914e-06	4.36481089457e-05	0.000864232557124	0.00025752384278	4.36481089457e-06	0.00107810829096	4.36481089457e-06	5.23777307348e-05	0.00422077213505	0	0.000340455249776	0.0299382379258	6.98369743131e-05	0.00408109818642	1.30944326837e-05	0.00596669649287	0.000462669954824	0.0151633530477	0.000344820060671	8.72962178914e-06	0.0118068134698	0.00636825909517	0.000597979092556	0.00479692717313	0.00712773619083	4.36481089457e-06	0	0.00476637349687	0.00894786233386	4.36481089457e-05	0.00100827131665	0.000135309137732	0	4.36481089457e-06	0	4.36481089457e-06	0.000135309137732	5.23777307348e-05	0.000270618275463	1.30944326837e-05	2.61888653674e-05	0	0	5.67425416294e-05	0	0.000322996006198	6.1107352524e-05	2.61888653674e-05	2.61888653674e-05	0	0.000798760393706	0.000986447262172	0.00070709936492	0.000187686868466	8.72962178914e-06	7.85665961022e-05	0.00151895419131	7.42017852077e-05	2.61888653674e-05	0.000384103358722	0	0	0	0.000157133192204	0.00156696711115	0.000453940333035	0.00497151960891	0.00374500774754	0.000571790227188	0.00186813906288	8.72962178914e-06	0.00106937866917	4.80129198402e-05	8.72962178914e-05	8.72962178914e-05	2.61888653674e-05	0	4.36481089457e-06
0.00118286375243	8.72962178914e-06	0.000109120272364	0	0.000178957246677	0	0.00045830514393	0.000484494009297	0.000698369743131	4.36481089457e-06	0.001449117217	0.00789157809738	0.00240064599201	0.000471399576613	0.00387158726348	1.30944326837e-05	4.36481089457e-06	6.98369743131e-05	0.0099604984614	0.00224351279981	0.00254904956243	2.61888653674e-05	0	0.000117849894153	0.000667816066869	8.72962178914e-05	0.00686148272626	0.000205146112045	0.000362279304249	0.00475764387508	0.000432116278562	0.000130944326837	8.72962178914e-06	0.00055433098361	0.0055433098361	2.18240544728e-05	0	0	0	4.36481089457e-06	0	4.36481089457e-05	2.18240544728e-05	1.30944326837e-05	0.000113485083259	0.000100390650575	6.54721634185e-05	4.36481089457e-06	1.30944326837e-05	3.49184871565e-05	0	0	0	2.18240544728e-05	1.74592435783e-05	1.74592435783e-05	0	4.36481089457e-06	0	0.000109120272364	8.72962178914e-06	4.36481089457e-06	0	1.74592435783e-05	3.0553676262e-05	0	0	0	0	1.30944326837e-05	0.000715828986709	0.000772571528339	0.00103009537112	7.85665961022e-05	1.30944326837e-05	8.72962178914e-06	8.72962178914e-06	1.30944326837e-05	3.49184871565e-05	8.72962178914e-06	0	2.18240544728e-05	0	1.30944326837e-05
0.000820584448179	0.00175901879051	0.000301171951725	0	8.29314069968e-05	2.18240544728e-05	9.60258396805e-05	0.000196416490256	0.000357914493355	7.85665961022e-05	0.000366644115144	0.00663014774885	0.00060234390345	0.000135309137732	0.00166299295083	0	9.60258396805e-05	0.00408109818642	0.00224351279981	0.0184456908404	0.000763841906549	0.000781301150128	0.000117849894153	0.0016891818162	0.00024879422099	2.18240544728e-05	0.0146526701731	0.00630278693176	0.000178957246677	0.00220859431265	0.00111739158901	7.42017852077e-05	0	0.000698369743131	0.0109862290216	3.0553676262e-05	0.000410292224089	4.80129198402e-05	0	0	0	1.74592435783e-05	3.0553676262e-05	4.36481089457e-06	9.16610287859e-05	3.0553676262e-05	8.72962178914e-06	4.36481089457e-06	0	2.18240544728e-05	0	4.80129198402e-05	0.000392832980511	8.72962178914e-06	8.72962178914e-06	8.72962178914e-06	0.000100390650575	6.98369743131e-05	0.000161498003099	7.85665961022e-05	0	0.000266253464569	0.000331725627987	1.30944326837e-05	1.30944326837e-05	3.92832980511e-05	0	0	0	0.000130944326837	0.0044171886253	0.00188996311735	0.00190742236093	0.00055433098361	8.72962178914e-06	0.000183322057572	1.74592435783e-05	0.000130944326837	9.16610287859e-05	2.18240544728e-05	4.36481089457e-06	8.72962178914e-06	0	0
0.00480129198402	0.000122214705048	0.000113485083259	0	0.0135221841514	9.16610287859e-05	0.00727177495035	0.00328670260361	0.00286331594684	0.000798760393706	0.00906571222802	0.00696623818773	0.0219462691779	0.00175465397962	0.0114925470854	0.000824949259073	1.74592435783e-05	1.30944326837e-05	0.00254904956243	0.000763841906549	0.0392614739966	3.92832980511e-05	3.49184871565e-05	0.000113485083259	0.0126099386744	0.000231334977412	0.00443028305799	0.00142292835163	0.00564370048668	0.0215185177102	0.000309901573514	0.000977717640383	0.000113485083259	0.00649047380022	0.0182099910521	0	4.80129198402e-05	4.36481089457e-06	0	0.000266253464569	0	0.000270618275463	0.000261888653674	0.000192051679361	0.000833678880862	0.00127015997032	0.000318631195303	8.72962178914e-05	0.00015276838131	0.000139673948626	4.36481089457e-06	0	1.74592435783e-05	4.36481089457e-06	8.72962178914e-06	0.000763841906549	4.36481089457e-06	4.36481089457e-06	1.74592435783e-05	0.000680910499553	0.000213875733834	1.74592435783e-05	4.36481089457e-05	0.000270618275463	0.000126579515942	4.36481089457e-06	0	0	0	5.23777307348e-05	0.00154514305668	0.000261888653674	0.00984701337815	0.00254468475153	0.00106501385827	8.72962178914e-05	0.000100390650575	5.23777307348e-05	0.00024879422099	0.000100390650575	4.36481089457e-06	0.000231334977412	4.36481089457e-06	0.000222605355623
0.00546474324	0.000205146112045	0.00617620741581	0	2.18240544728e-05	0.00015276838131	0.000122214705048	0.000510682874664	0.00156260230026	0.00254031994064	8.72962178914e-06	0.000213875733834	1.74592435783e-05	0.00010475546147	0.00539927107658	4.36481089457e-06	0.00274546605268	0.00596669649287	2.61888653674e-05	0.000781301150128	3.92832980511e-05	0.0457563126078	0.00403745007748	0.0321206433731	0.00253159031885	3.0553676262e-05	0.00342201174134	0.000432116278562	0.00999105213767	0.0113092250278	0.0178302525043	9.16610287859e-05	2.61888653674e-05	0.00913554920233	0.00707972327099	0.00226533685428	1.30944326837e-05	3.0553676262e-05	0	0.000318631195303	0	4.80129198402e-05	0.00294188254294	0.000776936339233	0.00747692106239	0.000384103358722	2.61888653674e-05	5.23777307348e-05	4.36481089457e-06	0.00111739158901	0	0.00113048602169	3.49184871565e-05	8.72962178914e-06	8.72962178914e-06	3.0553676262e-05	0.000157133192204	0.00515484166648	0.000218240544728	0.00291132886668	4.36481089457e-06	3.0553676262e-05	0.000397197791406	0.00381484472185	0.0011217563999	0.00081185482639	0	0	0	8.29314069968e-05	0.000654721634185	0.000410292224089	0.00291569367757	0.00202527225508	0.000645992012396	0.000960258396805	3.49184871565e-05	0.0017677484123	3.92832980511e-05	6.98369743131e-05	6.1107352524e-05	0.000274983086358	0	8.72962178914e-06
3.92832980511e-05	0.00593177800572	0.000558695794505	0	2.61888653674e-05	0.000113485083259	3.92832980511e-05	6.1107352524e-05	0.000117849894153	0.00726304532856	0	6.98369743131e-05	8.72962178914e-06	2.18240544728e-05	0.000161498003099	4.36481089457e-06	0.00649047380022	0.000462669954824	0	0.000117849894153	3.49184871565e-05	0.00403745007748	0.0291263830995	0.00450448484319	0.00367517077323	0.00061107352524	0.000475764387508	0.00941926191048	0.00119595818511	0.000322996006198	0.000942799153227	1.74592435783e-05	4.36481089457e-06	0.00025752384278	0.00266689945658	1.30944326837e-05	2.18240544728e-05	1.74592435783e-05	0	7.42017852077e-05	0	3.49184871565e-05	0.00157133192204	0.000637262390607	0.00419458326968	7.85665961022e-05	2.61888653674e-05	7.42017852077e-05	0	0.000170227624888	4.36481089457e-06	0.00378429104559	3.0553676262e-05	1.74592435783e-05	2.61888653674e-05	1.30944326837e-05	0.000183322057572	0.00639444796054	0.000672180877763	0.00169354662709	0	1.30944326837e-05	0.000357914493355	0.00193361122629	0	0.000213875733834	0	0	0	3.49184871565e-05	0.00633770541891	0.000820584448179	0.00471836057703	0.00267562907837	0.000916610287859	0.0012046878069	4.36481089457e-06	0.00110429715633	0.00035354968246	6.1107352524e-05	3.49184871565e-05	7.85665961022e-05	0	0
0.0113616027586	0.00106501385827	0.0316841622837	0	6.54721634185e-05	0.000894786233386	0.000344820060671	0.000589249470767	0.00519848977543	0.00151022456952	6.98369743131e-05	0.00126143034853	3.49184871565e-05	0.000493223631086	0.0117064228192	7.42017852077e-05	0.012959123546	0.0151633530477	0.000117849894153	0.0016891818162	0.000113485083259	0.0321206433731	0.00450448484319	0.101154492482	0.00244429410096	7.42017852077e-05	0.00742017852077	0.0110560659959	0.00870343292377	0.0171056938958	0.0206324610986	0.000453940333035	0.000135309137732	0.0129940420331	0.0236703694812	0.00140546910805	0.000309901573514	6.98369743131e-05	0	0.000226970166518	0	0.000165862813994	0.00328670260361	0.000781301150128	0.00709718251457	0.000637262390607	5.23777307348e-05	6.98369743131e-05	4.36481089457e-06	0.000698369743131	0	0.00854629973156	6.54721634185e-05	1.74592435783e-05	2.18240544728e-05	4.80129198402e-05	0.00286331594684	0.0140983391895	0.00447393116693	0.0038584928308	1.74592435783e-05	8.29314069968e-05	0.0010431898038	0.00491477706728	0.000698369743131	0.00177211322319	0	0	0	0.000292442329936	0.00616747779402	0.0011261212108	0.0227930424914	0.0147661552563	0.00690513083521	0.00591431876214	5.67425416294e-05	0.00292878811026	0.000209510922939	0.00015276838131	0.000100390650575	0.000240064599201	4.36481089457e-06	1.30944326837e-05
0.00367953558412	0.00107810829096	0.00214312214923	0	0.0116060321687	0.000301171951725	0.00300735470636	0.00248357739901	0.00276292529626	0.00452194408677	0.00136182099911	0.00249667183169	0.0107723532878	0.000493223631086	0.00615874817224	0.000384103358722	0.00845027389188	0.000344820060671	0.000667816066869	0.00024879422099	0.0126099386744	0.00253159031885	0.00367517077323	0.00244429410096	0.0507321970276	0.000174592435783	0.00196852971345	0.00163243927457	0.0124047925624	0.0136269396128	0.00655158115275	0.000322996006198	5.67425416294e-05	0.00632897579712	0.0123044019118	1.30944326837e-05	1.74592435783e-05	0	0	0.00222168874534	0	0.000685275310447	0.00163680408546	0.00119595818511	0.0059492372493	0.00347002466118	0.000209510922939	0.000270618275463	5.23777307348e-05	0.000371008926038	3.92832980511e-05	0.000571790227188	1.74592435783e-05	0	0	0.000139673948626	0.000130944326837	0.000929704720543	0.000772571528339	0.00673926802121	9.60258396805e-05	1.74592435783e-05	0.000279347897252	0.00225660723249	0.000157133192204	8.72962178914e-06	0	0	0	3.0553676262e-05	0.00357478012265	0.000178957246677	0.00829750551057	0.00330852665808	0.0018506798193	0.000371008926038	9.16610287859e-05	0.000986447262172	0.000135309137732	0.000122214705048	1.30944326837e-05	0.000838043691757	4.36481089457e-06	0.000100390650575
0.000100390650575	0.00445210711246	1.74592435783e-05	0	3.0553676262e-05	8.72962178914e-06	4.36481089457e-05	6.1107352524e-05	8.29314069968e-05	0.00035354968246	6.98369743131e-05	0.00283276227057	0.00024879422099	0.0147443312019	0.00030553676262	0	6.54721634185e-05	8.72962178914e-06	8.72962178914e-05	2.18240544728e-05	0.000231334977412	3.0553676262e-05	0.00061107352524	7.42017852077e-05	0.000174592435783	0.0235437899653	0.00135745618821	0.0132384714432	5.23777307348e-05	0.000510682874664	6.54721634185e-05	0.0021693110146	3.49184871565e-05	0.000100390650575	0.000589249470767	0	0.00090788066607	4.36481089457e-06	0	0	0	1.30944326837e-05	0.000235699788307	7.85665961022e-05	5.23777307348e-05	2.61888653674e-05	0.00592741319482	2.61888653674e-05	0.00342201174134	5.67425416294e-05	0	8.72962178914e-06	0.000266253464569	0.000776936339233	0.000960258396805	4.36481089457e-06	4.36481089457e-06	4.36481089457e-06	5.23777307348e-05	2.61888653674e-05	0.0050631806377	0.00541236550926	0.00144038759521	2.18240544728e-05	0	0.000240064599201	1.74592435783e-05	0	4.36481089457e-06	0.000331725627987	0.000100390650575	0.000113485083259	0.000196416490256	4.36481089457e-05	3.49184871565e-05	4.36481089457e-06	9.16610287859e-05	0.00010475546147	0.0069094956461	0.000274983086358	0.000113485083259	1.74592435783e-05	4.36481089457e-06	0.00206019074224
0.0078741188538	0.0173719473604	0.0161803539862	0	0.000379738547827	6.1107352524e-05	0.00107374348006	0.000868597368019	0.00418585364789	0.000135309137732	0.00206892036403	0.0170795050304	0.00409855743	0.00394142423779	0.0115667488706	3.49184871565e-05	0.00081185482639	0.0118068134698	0.00686148272626	0.0146526701731	0.00443028305799	0.00342201174134	0.000475764387508	0.00742017852077	0.00196852971345	0.00135745618821	0.0901638986491	0.0361231749634	0.000977717640383	0.0141376224875	0.00744200257524	0.00387158726348	0.000165862813994	0.00630715174265	0.0204535038519	0.000288077519041	0.0113659675695	0.00353113201371	0	1.30944326837e-05	0	5.67425416294e-05	0.00105191942559	0.000803125204601	0.000628532768818	0.000218240544728	0.00161498003099	2.61888653674e-05	5.67425416294e-05	0.000519412496454	1.30944326837e-05	0.000113485083259	0.00585757622051	0.00101700093843	0.00164116889636	2.18240544728e-05	0.00188559830645	0.000462669954824	0.00475764387508	0.000388468169617	7.85665961022e-05	0.00295497697562	0.00509809912486	0.000314266384409	0.000187686868466	0.00134436175553	0	0	8.72962178914e-06	0.00430806835294	0.0113397787041	0.00800506318064	0.00571353746099	0.00195980009166	0.000135309137732	0.000327360817093	0.000122214705048	0.000733288230287	0.00170664105978	0.000296807140831	6.98369743131e-05	9.16610287859e-05	0	5.67425416294e-05
0.000663451255974	0.0343336024967	0.0230723903887	0	9.60258396805e-05	7.42017852077e-05	0.000467034765719	0.000375373736933	0.000637262390607	0.00199471857882	0.000776936339233	0.00443464786888	0.00131380807926	0.0118853800659	0.00215185177102	4.36481089457e-06	0.00515484166648	0.00636825909517	0.000205146112045	0.00630278693176	0.00142292835163	0.000432116278562	0.00941926191048	0.0110560659959	0.00163243927457	0.0132384714432	0.0361231749634	0.119207350342	0.000357914493355	0.00315575827677	0.000493223631086	0.00261452172585	8.72962178914e-06	0.000728923419393	0.0117282468737	8.29314069968e-05	0.0161410706881	0.00230462015233	0	6.1107352524e-05	0	2.61888653674e-05	0.00107374348006	0.000720193797604	0.000414657034984	0.000270618275463	0.00201654263329	5.23777307348e-05	0.000899151044281	0.000493223631086	1.30944326837e-05	0.0113354138932	0.00191615198272	0.00125270072674	0.00160188559831	1.30944326837e-05	0.00262325134764	0.0158835468453	0.00809235939853	0.00035354968246	0.00277165491805	0.00788284847559	0.0134872656642	0.000803125204601	3.49184871565e-05	0.000667816066869	4.36481089457e-06	0	4.36481089457e-06	0.000667816066869	0.01419872984	0.00692695488968	0.00937124899064	0.00521158420811	0.00130071364658	0.00075511228476	5.67425416294e-05	0.00142729316252	0.00317321752035	0.00024879422099	0.000122214705048	3.92832980511e-05	0	4.36481089457e-05
0.00545164880732	5.23777307348e-05	0.00219986469086	0	0.00499334366339	0.000213875733834	0.00529451561511	0.0139062875101	0.00592304838393	0.00117413413064	0.0012876192139	0.00174155954693	0.00105191942559	0.000414657034984	0.00768643198533	0.000165862813994	0.00100827131665	0.000597979092556	0.000362279304249	0.000178957246677	0.00564370048668	0.00999105213767	0.00119595818511	0.00870343292377	0.0124047925624	5.23777307348e-05	0.000977717640383	0.000357914493355	0.0484144824425	0.0128718273281	0.0149582069357	0.000253159031885	0.000213875733834	0.0101961982497	0.00863359594946	3.49184871565e-05	4.36481089457e-06	4.36481089457e-06	0	0.00207764998581	0	0.000698369743131	0.00127452478121	0.000689640121342	0.00629405730997	0.00374500774754	6.54721634185e-05	0.000279347897252	1.30944326837e-05	0.000222605355623	3.0553676262e-05	0.000283712708147	4.36481089457e-06	0	0	0.000397197791406	4.36481089457e-05	0.00127015997032	0.00010475546147	0.00526832674974	2.18240544728e-05	1.74592435783e-05	0.000148403570415	0.00341764693045	0.000139673948626	0.000157133192204	0	0	0	2.18240544728e-05	0.00449139041051	0.000314266384409	0.00469217171166	0.00167608738351	0.00102136574933	0.000161498003099	9.60258396805e-05	0.000384103358722	3.49184871565e-05	5.23777307348e-05	8.72962178914e-06	0.000344820060671	0	2.61888653674e-05
0.0335959494555	0.000615438336134	0.0116016673578	0	0.00703607516204	0.00105628423649	0.00846336832457	0.00992994478514	0.0262630671526	0.00164989851815	0.00539490626569	0.0159315597652	0.0148403570415	0.00384539839811	0.0590384321599	0.000619803147029	0.000768206717444	0.00479692717313	0.00475764387508	0.00220859431265	0.0215185177102	0.0113092250278	0.000322996006198	0.0171056938958	0.0136269396128	0.000510682874664	0.0141376224875	0.00315575827677	0.0128718273281	0.102909146461	0.0397808864931	0.00199035376792	0.00427314986578	0.0432159926671	0.0565548547609	0.000798760393706	0.000170227624888	0.000100390650575	0	0.00143165797342	8.72962178914e-06	0.00113485083259	0.00277601972895	0.00250540145348	0.0114576285982	0.00327360817093	0.000899151044281	0.0015276838131	0.000270618275463	0.00107374348006	0.000192051679361	0.000488858820192	8.72962178914e-05	1.74592435783e-05	1.74592435783e-05	0.000375373736933	0.000375373736933	0.000240064599201	0.000501953252875	0.00878636433077	0.000462669954824	0.000113485083259	0.00106501385827	0.00300735470636	0.000663451255974	0.000375373736933	0	0	0	0.000397197791406	0.0100303354357	0.00137928024268	0.023473952991	0.0103053185221	0.0039370594269	0.00226097204339	0.000990812073067	0.00387158726348	0.000641627201501	0.000624167957923	0.000117849894153	0.00173719473604	4.80129198402e-05	0.000475764387508
0.0260360969861	0.000357914493355	0.0133606861483	0	0.00024879422099	0.000440845900351	0.00230462015233	0.00799633355885	0.0130333253312	0.00356605050086	1.74592435783e-05	0.00240064599201	0.000226970166518	0.000545601361821	0.0272189607385	8.29314069968e-05	0.00197725933524	0.00712773619083	0.000432116278562	0.00111739158901	0.000309901573514	0.0178302525043	0.000942799153227	0.0206324610986	0.00655158115275	6.54721634185e-05	0.00744200257524	0.000493223631086	0.0149582069357	0.0397808864931	0.065616202178	0.000445210711246	0.000301171951725	0.0320289823443	0.0179131839113	0.00045830514393	0.00010475546147	8.72962178914e-05	0	0.00181576133214	0	0.00060234390345	0.00288514000131	0.00162370965278	0.0116278562231	0.00257960323869	0.000170227624888	0.000724558608498	1.74592435783e-05	0.000685275310447	8.72962178914e-06	0.000515047685559	4.80129198402e-05	6.54721634185e-05	6.1107352524e-05	0.000148403570415	0.000384103358722	0.000750747473866	0.000484494009297	0.00994303921783	3.0553676262e-05	7.42017852077e-05	0.00126143034853	0.00429933873115	0.00030553676262	0.000467034765719	0	0	0	0.000283712708147	0.00680037537374	0.000122214705048	0.00789157809738	0.00413347591716	0.00331289146898	0.00237009231575	9.16610287859e-05	0.00465288841361	0.000205146112045	0.000480129198402	0.000371008926038	0.00143165797342	4.36481089457e-06	3.92832980511e-05
