0.0214519955511	0	4.77347475548e-05	0	0.000214806363997	0.000105016444621	0.00150841802273	0.00644896439465	0.00480211560401	0.000334143232884	0.00499305459423	4.77347475548e-06	0.000720794688077	0	0.0116186375548	0.000310275859106	9.54694951096e-05	2.38673737774e-05	0	4.77347475548e-06	0.000424839253238	0.000310275859106	6.20551718212e-05	0.000310275859106	0.000687380364789	0	2.38673737774e-05	1.90938990219e-05	0.00356101216759	0.00693585881971	0.00263018459027	0	4.77347475548e-06	0.00149409759846	0.00239151085249	0	0	0	0	9.54694951096e-06	0	4.77347475548e-06	2.38673737774e-05	4.77347475548e-06	4.77347475548e-05	9.54694951096e-06	0	9.54694951096e-06	0	0	0	0	0	0	0	0	4.77347475548e-06	1.43204242664e-05	0	5.72816970657e-05	0	0	0	4.77347475548e-06	0	4.77347475548e-06	0	0	0	0	0.00111221961803	0.000214806363997	0.00111699309278	0.000334143232884	0.000162298141686	4.77347475548e-05	1.43204242664e-05	4.77347475548e-06	0	0	0	0	4.77347475548e-06	0
0	0.0112510799987	0.00205736761961	0	0	0	0	9.54694951096e-06	4.77347475548e-06	0	0	0.000119336868887	0	0	9.54694951096e-06	4.77347475548e-06	0.000186165515464	0.000806717233676	0	0.00034846365715	0	0.000214806363997	0.00147500369944	0.000954694951096	1.43204242664e-05	8.59225455986e-05	0.00314094638911	0.00490235857388	5.72816970657e-05	9.54694951096e-06	7.63755960877e-05	0	0	4.77347475548e-06	0.00064441909199	0	0.00240105780201	0.000248220687285	0	0	0	0	0	0	0	0	7.16021213322e-05	0	4.29612727993e-05	0	0	2.38673737774e-05	0.000219579838752	1.43204242664e-05	0.000114563394131	0	2.38673737774e-05	0.000167071616442	9.54694951096e-05	0	0.000343690182394	0.000486894425059	0.00145113632567	0	0	9.54694951096e-06	0	0	0	0.000128883818398	0.000286408485329	0.000630098667723	0.000367557556172	0.000128883818398	0	0	9.54694951096e-06	3.34143232884e-05	0.000143204242664	0.000138430767909	2.38673737774e-05	0	4.77347475548e-06	9.54694951096e-06
4.77347475548e-05	0.00205736761961	0.0349322882606	0	0	0	2.38673737774e-05	0.000262541111551	1.43204242664e-05	5.72816970657e-05	1.90938990219e-05	0.00014797771742	4.77347475548e-06	9.54694951096e-06	4.77347475548e-05	1.43204242664e-05	0.000639645617234	0.00479734212926	1.43204242664e-05	0.000434386202749	0	0.004138602613	0.00204304719534	0.016124797724	0.000109789919376	1.43204242664e-05	0.00628666625297	0.011752294848	0.000973788850118	0.000128883818398	0.00195712464975	0	0	3.81877980438e-05	0.00398585142082	0	0.000816264183187	0.000272088061062	0	4.77347475548e-06	0	0	0	0	9.54694951096e-06	0	1.90938990219e-05	0	0	0	0	9.06960203541e-05	0.000105016444621	9.54694951096e-06	1.43204242664e-05	0	4.77347475548e-05	0.00049644137457	0.000233900263018	9.54694951096e-06	1.90938990219e-05	0.000109789919376	0.000639645617234	3.34143232884e-05	0	4.29612727993e-05	0	0	0	0.000114563394131	0.00236764347872	0.00360874691514	0.00241060475152	0.001093125719	3.34143232884e-05	0	5.25082223103e-05	0.000133657293153	8.59225455986e-05	9.06960203541e-05	3.81877980438e-05	4.77347475548e-06	9.54694951096e-06	4.77347475548e-06
0	0	0	0	0	0	0	0	0	0	0	0	0	0	0	0	0	0	0	0	0	0	0	0	0	0	0	0	0	0	0	0	0	0	0	0	0	0	0	0	0	0	0	0	0	0	0	0	0	0	0	0	0	0	0	0	0	0	0	0	0	0	0	0	0	0	0	0	0	0	0	0	0	0	0	0	0	0	0	0	0	0	0	0
0.000214806363997	0	0	0	0.0194757770024	0	0.000176618565953	0.00239151085249	6.68286465767e-05	0.000372331030927	0.00781895164947	0	0.00288795222706	0	0.00014797771742	4.77347475548e-06	4.77347475548e-06	0	0	0	0.00664467685963	4.77347475548e-06	1.43204242664e-05	0	0.00833926039782	0	0	4.77347475548e-06	0.0103727606437	9.54694951096e-05	7.63755960877e-05	0	0	2.38673737774e-05	4.29612727993e-05	0	0	0	0	0.000319822808617	0	4.77347475548e-06	0	4.77347475548e-06	6.20551718212e-05	4.77347475548e-06	0	0.000329369758128	0	0	9.54694951096e-06	0	0	0	0	0.000262541111551	0	0	0	4.29612727993e-05	0	0	0	4.77347475548e-06	0	0	0	0	0	4.77347475548e-06	2.86408485329e-05	4.77347475548e-06	2.38673737774e-05	9.54694951096e-06	9.54694951096e-06	0	0	4.77347475548e-06	0	4.77347475548e-06	0	4.77347475548e-06	0	0
0.000105016444621	0	0	0	0	0.00569952885804	0.00194757770024	2.38673737774e-05	0.000906960203541	0	3.34143232884e-05	4.77347475548e-06	4.77347475548e-06	0	0.00040097187946	0.00117427478985	0	0	0	0	4.77347475548e-06	0	0	0	1.43204242664e-05	0	0	0	2.86408485329e-05	0.00163252836637	0	0	0.00137476072958	1.43204242664e-05	0.00123155648691	0	0	0	0	0	0	0	0	0	4.77347475548e-06	0	0	0	0	0	0	0	0	0	0	0	0	4.77347475548e-06	0	0	0	0	0	0	0	0	0	0	0	0	3.34143232884e-05	1.90938990219e-05	0.000338916707639	5.72816970657e-05	8.11490708431e-05	0.00108357876949	0	0	0	0	0	0	0	0
0.00150841802273	0	2.38673737774e-05	0	0.000176618565953	0.00194757770024	0.0199197101546	0.0022196657613	0.00205736761961	5.25082223103e-05	0.00600980471715	4.77347475548e-06	0.00395721057229	0	0.00183778778086	0.00220534533703	1.43204242664e-05	9.54694951096e-06	0	0	0.000701700789055	1.43204242664e-05	1.90938990219e-05	3.81877980438e-05	0.000210032889241	0	0	0	0.00142726895189	0.00199053897303	6.20551718212e-05	0	0.000219579838752	0.000109789919376	0.00105493792096	0	0	0	0	0	0	0	0	0	4.77347475548e-06	0	0	0	0	0	0	4.77347475548e-06	0	0	0	0	0	9.54694951096e-06	4.77347475548e-06	4.77347475548e-06	0	0	0	0	0	0	0	0	0	4.77347475548e-06	0.000171845091197	4.29612727993e-05	0.000472574000792	0.000167071616442	0.000606231293946	0.000186165515464	9.54694951096e-06	4.77347475548e-06	0	4.77347475548e-06	0	0	0	0
0.00644896439465	9.54694951096e-06	0.000262541111551	0	0.00239151085249	2.38673737774e-05	0.0022196657613	0.0529091941897	0.00158002014406	0.00259677026698	0.0149600698837	4.77347475548e-06	0.00235809652921	0	0.00416724346153	9.54694951096e-05	0.000935601052074	8.11490708431e-05	0	4.77347475548e-06	0.0022626270341	0.00214329016521	0.000620551718212	0.00183778778086	0.00694063229447	0	3.81877980438e-05	0.000119336868887	0.0335097927835	0.00323641588421	0.0101818216534	0	4.77347475548e-06	0.000959468425851	0.001522738447	6.68286465767e-05	0	4.77347475548e-06	0	7.16021213322e-05	0	4.29612727993e-05	0.00014797771742	1.90938990219e-05	0.000653966041501	3.34143232884e-05	0	7.63755960877e-05	0	9.54694951096e-06	9.54694951096e-06	2.38673737774e-05	0	0	0	1.90938990219e-05	8.59225455986e-05	0.000143204242664	9.54694951096e-06	0.000477347475548	0	0	0	0.000124110343642	2.86408485329e-05	5.25082223103e-05	0	0	9.54694951096e-06	3.81877980438e-05	0.00137476072958	0.000510761798836	0.00074943553661	0.000315049333862	0.000133657293153	1.90938990219e-05	9.54694951096e-06	2.86408485329e-05	0	1.43204242664e-05	4.77347475548e-06	1.43204242664e-05	9.54694951096e-06	0
0.00480211560401	4.77347475548e-06	1.43204242664e-05	0	6.68286465767e-05	0.000906960203541	0.00205736761961	0.00158002014406	0.0181917122931	5.25082223103e-05	0.00315526681337	1.43204242664e-05	0.000300728909595	0	0.0104682301388	0.000653966041501	1.43204242664e-05	0	0	4.77347475548e-06	0.000133657293153	4.29612727993e-05	2.38673737774e-05	4.29612727993e-05	0.000157524666931	0	0	1.90938990219e-05	0.000887866304519	0.00432476812846	0.000181392040708	0	0.000171845091197	0.000367557556172	0.0016516222654	0	0	0	0	4.77347475548e-06	0	0	4.77347475548e-06	0	4.77347475548e-06	0	0	4.77347475548e-06	0	0	0	0	0	0	0	0	0	0	0	4.77347475548e-06	0	0	0	0	0	0	0	0	0	0	0.000257767636796	3.34143232884e-05	0.000754209011366	0.000233900263018	0.000114563394131	0.00014797771742	4.77347475548e-06	4.77347475548e-06	0	0	0	0	0	0
0.000334143232884	0	5.72816970657e-05	0	0.000372331030927	0	5.25082223103e-05	0.00259677026698	5.25082223103e-05	0.0154660582078	0.000377104505683	0	0.000878319355008	0	0.000157524666931	0.000276861535818	0.00124587691118	9.54694951096e-06	0	0	7.16021213322e-05	0.000482120950303	0.0023485495797	0.000539402647369	0.00860180150937	0	9.54694951096e-06	8.11490708431e-05	0.00526514265529	0.000281635010573	0.000825811132698	0	0	9.06960203541e-05	0.00020048593973	0.000138430767909	4.77347475548e-06	1.43204242664e-05	0	0.000243447212529	0	0.000133657293153	0.000467800526037	9.54694951096e-05	0.00214806363997	9.54694951096e-05	0	0.00025299416204	0	4.29612727993e-05	3.81877980438e-05	9.06960203541e-05	4.77347475548e-06	0	0	3.34143232884e-05	0.000143204242664	0.000281635010573	4.77347475548e-05	0.00138908115384	0	4.77347475548e-06	9.54694951096e-06	0.000439159677504	7.63755960877e-05	0.000219579838752	0	0	3.81877980438e-05	9.54694951096e-05	0.000310275859106	0.000205259414486	9.54694951096e-05	4.29612727993e-05	0.000210032889241	0	0	3.81877980438e-05	0	3.81877980438e-05	9.54694951096e-06	5.25082223103e-05	4.77347475548e-06	0
0.00499305459423	0	1.90938990219e-05	0	0.00781895164947	3.34143232884e-05	0.00600980471715	0.0149600698837	0.00315526681337	0.000377104505683	0.0496154966084	0	0.00931782272269	0	0.0057043023328	0.000167071616442	4.77347475548e-05	4.77347475548e-06	0	0	0.0110601410084	0.000124110343642	3.81877980438e-05	0.000114563394131	0.00332233842981	0	4.77347475548e-06	4.77347475548e-06	0.0173754481099	0.00146545674993	0.000448706627015	0	0	0.000324596283373	0.000620551718212	4.77347475548e-06	0	0	0	0.000658739516256	0	0	2.38673737774e-05	0	8.59225455986e-05	4.77347475548e-06	0	8.11490708431e-05	0	0	4.77347475548e-06	0	0	0	0	0.000143204242664	0	4.77347475548e-06	0	6.68286465767e-05	0	0	0	9.54694951096e-06	0	0	0	0	0	0	0.000272088061062	7.16021213322e-05	0.000315049333862	7.63755960877e-05	7.16021213322e-05	1.43204242664e-05	0	0	0	0	0	0	0	0
4.77347475548e-06	0.000119336868887	0.00014797771742	0	0	4.77347475548e-06	4.77347475548e-06	4.77347475548e-06	1.43204242664e-05	0	0	0.0261920559833	0	0.00706474263811	1.43204242664e-05	9.54694951096e-06	0	0.000463027051281	0.00112654004229	0.00476392780597	0	3.81877980438e-05	1.90938990219e-05	0.000124110343642	0	0.00389992887523	0.0100099765622	0.000692153839544	1.43204242664e-05	8.59225455986e-05	1.90938990219e-05	0.000739888587099	0	0	0.00554677766587	0	7.63755960877e-05	4.77347475548e-06	0	0	0	0	0	0	0	0	0.000568043495902	0	0.000434386202749	0	0	4.77347475548e-06	9.54694951096e-06	8.11490708431e-05	1.43204242664e-05	0	0	4.77347475548e-06	9.54694951096e-06	0	0.000720794688077	0.000324596283373	0.000210032889241	0	0	0	1.90938990219e-05	0	0	9.06960203541e-05	0.000353237131905	0.0040097187946	0.00423407210811	0.000529855697858	4.77347475548e-06	1.90938990219e-05	0.000744662061855	1.90938990219e-05	0.000210032889241	6.68286465767e-05	2.38673737774e-05	0	0	3.81877980438e-05
0.000720794688077	0	4.77347475548e-06	0	0.00288795222706	4.77347475548e-06	0.00395721057229	0.00235809652921	0.000300728909595	0.000878319355008	0.00931782272269	0	0.0312232983756	0	0.000558496546391	0.000429612727993	4.77347475548e-06	0	0	0	0.0121771341012	1.43204242664e-05	9.54694951096e-06	1.90938990219e-05	0.00145113632567	0	4.77347475548e-06	4.77347475548e-06	0.0029165930756	0.000181392040708	5.72816970657e-05	0	0	7.16021213322e-05	0.000100242969865	0	0	0	0	0	0	0	4.77347475548e-06	0	3.81877980438e-05	0	0	0.000358010606661	0	0	0	0	0	0	0	9.54694951096e-06	0	0	0	1.43204242664e-05	0	0	0	4.77347475548e-06	0	0	0	0	0	4.77347475548e-06	0.000114563394131	1.43204242664e-05	6.20551718212e-05	2.38673737774e-05	0.000319822808617	0	0	4.77347475548e-06	4.77347475548e-06	0	4.77347475548e-06	0	4.77347475548e-06	0
0	0	9.54694951096e-06	0	0	0	0	0	0	0	0	0.00706474263811	0	0.0154708316825	0	4.77347475548e-06	0	6.20551718212e-05	8.59225455986e-05	0.000329369758128	0	4.77347475548e-06	0	9.54694951096e-06	0	0.00484507687681	0.0052746896048	0.000782849859899	0	4.77347475548e-06	0	0.00176141218477	0	0	0.00104061749669	0	0	4.77347475548e-06	0	0	0	0	0	0	0	0	0.000372331030927	0	0.000291181960084	0	0	0	0	4.77347475548e-05	1.90938990219e-05	0	0	4.77347475548e-06	0	0	0.000410518828971	0.000176618565953	0.000114563394131	0	0	0	2.38673737774e-05	0	0	4.77347475548e-05	2.38673737774e-05	0.000978562324873	0.000529855697858	8.59225455986e-05	0	0	0.000448706627015	0	0.000105016444621	3.34143232884e-05	4.77347475548e-06	0	0	1.43204242664e-05
0.0116186375548	9.54694951096e-06	4.77347475548e-05	0	0.00014797771742	0.00040097187946	0.00183778778086	0.00416724346153	0.0104682301388	0.000157524666931	0.0057043023328	1.43204242664e-05	0.000558496546391	0	0.0308700612437	0.000730341637588	4.29612727993e-05	2.38673737774e-05	0	9.54694951096e-06	0.00034846365715	0.000128883818398	5.25082223103e-05	0.000162298141686	0.000377104505683	4.77347475548e-06	1.43204242664e-05	1.90938990219e-05	0.00196667159926	0.0118048030703	0.000568043495902	0	7.63755960877e-05	0.000902186728785	0.00342735487443	0	4.77347475548e-06	0	0	4.77347475548e-06	0	0	4.77347475548e-06	0	3.34143232884e-05	0	0	4.77347475548e-06	0	0	0	4.77347475548e-06	0	0	0	0	4.77347475548e-06	9.54694951096e-06	4.77347475548e-06	2.86408485329e-05	0	0	4.77347475548e-06	9.54694951096e-06	0	4.77347475548e-06	0	0	0	0	0.000625325192968	0.000119336868887	0.00160388751784	0.000386651455194	0.00020048593973	0.000171845091197	1.43204242664e-05	0	0	0	0	0	0	0
0.000310275859106	4.77347475548e-06	1.43204242664e-05	0	4.77347475548e-06	0.00117427478985	0.00220534533703	9.54694951096e-05	0.000653966041501	0.000276861535818	0.000167071616442	9.54694951096e-06	0.000429612727993	4.77347475548e-06	0.000730341637588	0.00620551718212	1.43204242664e-05	4.77347475548e-06	0	0	2.38673737774e-05	1.43204242664e-05	1.43204242664e-05	3.81877980438e-05	7.16021213322e-05	0	0	9.54694951096e-06	0.000100242969865	0.00164207531588	1.43204242664e-05	0	0.000133657293153	5.72816970657e-05	0.00105971139572	0	0	0	0	0	0	0	4.77347475548e-06	0	0	0	0	0	0	0	0	4.77347475548e-06	0	0	0	0	0	4.77347475548e-06	4.77347475548e-06	0	0	4.77347475548e-06	0	0	0	0	0	0	4.77347475548e-06	9.54694951096e-06	0.000324596283373	0.000105016444621	0.000505988324081	0.000181392040708	0.00148455064895	0.000324596283373	0	1.43204242664e-05	4.77347475548e-06	4.77347475548e-06	9.54694951096e-06	4.77347475548e-06	4.77347475548e-06	0
9.54694951096e-05	0.000186165515464	0.000639645617234	0	4.77347475548e-06	0	1.43204242664e-05	0.000935601052074	1.43204242664e-05	0.00124587691118	4.77347475548e-05	0	4.77347475548e-06	0	4.29612727993e-05	1.43204242664e-05	0.0188074905366	0.000128883818398	0	4.77347475548e-06	0	0.00551336334258	0.00602889861617	0.00848723811524	0.00589524132302	0	6.20551718212e-05	0.0021767044885	0.00561360631244	0.000171845091197	0.00136044030531	0	0	7.63755960877e-05	0.000730341637588	1.90938990219e-05	4.77347475548e-06	4.77347475548e-05	0	4.77347475548e-06	0	1.43204242664e-05	6.20551718212e-05	1.43204242664e-05	0.000210032889241	0	0	0	0	4.77347475548e-06	9.54694951096e-06	0.000472574000792	4.77347475548e-06	0	0	0	0.000119336868887	0.000615778243457	0.000181392040708	0.000124110343642	0	4.77347475548e-06	0.000114563394131	0.000124110343642	4.77347475548e-06	8.59225455986e-05	0	0	1.43204242664e-05	4.77347475548e-05	0.000883092829764	0.000849678506475	0.000434386202749	0.000238673737774	9.54694951096e-06	0	0	4.29612727993e-05	9.54694951096e-06	4.29612727993e-05	2.38673737774e-05	1.90938990219e-05	4.77347475548e-06	0
2.38673737774e-05	0.000806717233676	0.00479734212926	0	0	0	9.54694951096e-06	8.11490708431e-05	0	9.54694951096e-06	4.77347475548e-06	0.000463027051281	0	6.20551718212e-05	2.38673737774e-05	4.77347475548e-06	0.000128883818398	0.021552238521	1.90938990219e-05	0.00434386202749	0	0.00112176656754	0.000329369758128	0.00509807103885	2.38673737774e-05	6.68286465767e-05	0.00787623334654	0.00199531244779	0.000243447212529	7.16021213322e-05	0.000577590445413	0	0	2.86408485329e-05	0.00571862275706	0	0.000472574000792	7.63755960877e-05	0	0	0	0	0	0	0	0	2.38673737774e-05	0	4.77347475548e-06	0	0	0	3.34143232884e-05	1.90938990219e-05	4.77347475548e-05	0	4.77347475548e-06	5.72816970657e-05	4.29612727993e-05	0	9.54694951096e-05	0.000128883818398	0.000276861535818	0	0	0	0	0	0	1.43204242664e-05	0.00137476072958	0.00277816230769	0.00252039467089	0.000883092829764	0	0	4.77347475548e-05	7.16021213322e-05	2.86408485329e-05	1.43204242664e-05	9.54694951096e-06	9.54694951096e-06	0	4.77347475548e-06
0	0	1.43204242664e-05	0	0	0	0	0	0	0	0	0.00112654004229	0	8.59225455986e-05	0	0	0	1.90938990219e-05	0.00296910129791	0.00145590980042	0	0	0	4.77347475548e-06	0	9.06960203541e-05	0.00162775489162	6.68286465767e-05	0	0	0	9.54694951096e-06	0	0	0.000119336868887	0	4.77347475548e-06	0	0	0	0	0	0	0	0	0	1.90938990219e-05	0	1.43204242664e-05	0	0	0	0	0	4.77347475548e-06	0	0	0	0	0	2.86408485329e-05	9.54694951096e-06	9.54694951096e-06	0	0	0	0	0	0	0	1.90938990219e-05	0.000105016444621	0.000105016444621	1.90938990219e-05	4.77347475548e-06	0	0	0	4.77347475548e-06	0	0	0	0	0
4.77347475548e-06	0.00034846365715	0.000434386202749	0	0	0	0	4.77347475548e-06	4.77347475548e-06	0	0	0.00476392780597	0	0.000329369758128	9.54694951096e-06	0	4.77347475548e-06	0.00434386202749	0.00145590980042	0.0185401759503	0	8.11490708431e-05	6.20551718212e-05	0.000224353313508	0	0.000372331030927	0.011107875756	0.00110744614327	4.77347475548e-06	2.38673737774e-05	2.86408485329e-05	1.43204242664e-05	0	4.77347475548e-06	0.00387128802669	0	0.000181392040708	3.34143232884e-05	0	0	0	0	0	4.77347475548e-06	0	0	0.000114563394131	0	7.63755960877e-05	0	0	0	2.86408485329e-05	1.43204242664e-05	3.34143232884e-05	0	0	0	4.77347475548e-06	0	0.000343690182394	0.000181392040708	0.000195712464975	0	0	0	4.77347475548e-06	0	0	5.72816970657e-05	0.00044393315226	0.00176141218477	0.00203827372059	0.000486894425059	4.77347475548e-06	0	4.29612727993e-05	3.34143232884e-05	5.72816970657e-05	3.81877980438e-05	9.54694951096e-06	4.77347475548e-06	4.77347475548e-06	9.54694951096e-06
0.000424839253238	0	0	0	0.00664467685963	4.77347475548e-06	0.000701700789055	0.0022626270341	0.000133657293153	7.16021213322e-05	0.0110601410084	0	0.0121771341012	0	0.00034846365715	2.38673737774e-05	0	0	0	0	0.0215235976725	4.77347475548e-06	0	9.54694951096e-06	0.00166594268966	0	0	0	0.00502646891752	0.000119336868887	5.72816970657e-05	0	0	3.34143232884e-05	3.81877980438e-05	0	0	0	0	3.34143232884e-05	0	0	0	0	9.54694951096e-06	0	0	0.000190938990219	0	0	4.77347475548e-06	0	0	0	0	2.86408485329e-05	0	0	0	0	0	0	0	0	0	0	0	0	0	0	1.90938990219e-05	4.77347475548e-06	1.90938990219e-05	9.54694951096e-06	1.43204242664e-05	0	0	0	0	0	0	0	0	0
0.000310275859106	0.000214806363997	0.004138602613	0	4.77347475548e-06	0	1.43204242664e-05	0.00214329016521	4.29612727993e-05	0.000482120950303	0.000124110343642	3.81877980438e-05	1.43204242664e-05	4.77347475548e-06	0.000128883818398	1.43204242664e-05	0.00551336334258	0.00112176656754	0	8.11490708431e-05	4.77347475548e-06	0.0453336897528	0.00194280422548	0.0268746628733	0.00198576549828	4.77347475548e-06	0.000367557556172	0.00128883818398	0.0101913686029	0.000954694951096	0.0140626566296	0	0	0.000558496546391	0.00468755220988	9.54694951096e-06	7.16021213322e-05	4.29612727993e-05	0	1.43204242664e-05	0	1.43204242664e-05	1.43204242664e-05	4.77347475548e-06	9.54694951096e-05	4.77347475548e-06	0	4.77347475548e-06	0	0	4.77347475548e-06	5.72816970657e-05	4.77347475548e-06	0	0	4.77347475548e-06	3.34143232884e-05	0.000315049333862	8.11490708431e-05	6.68286465767e-05	4.77347475548e-06	1.90938990219e-05	6.20551718212e-05	2.86408485329e-05	9.54694951096e-06	3.34143232884e-05	0	0	4.77347475548e-06	3.81877980438e-05	0.00273042756013	0.00247743339809	0.00199053897303	0.000926054102563	4.77347475548e-05	4.77347475548e-06	4.29612727993e-05	8.59225455986e-05	1.43204242664e-05	5.72816970657e-05	4.77347475548e-05	1.43204242664e-05	2.38673737774e-05	4.77347475548e-06
6.20551718212e-05	0.00147500369944	0.00204304719534	0	1.43204242664e-05	0	1.90938990219e-05	0.000620551718212	2.38673737774e-05	0.0023485495797	3.81877980438e-05	1.90938990219e-05	9.54694951096e-06	0	5.25082223103e-05	1.43204242664e-05	0.00602889861617	0.000329369758128	0	6.20551718212e-05	0	0.00194280422548	0.0161009303502	0.00475438085646	0.00251084772138	0	0.000329369758128	0.00433908855273	0.00252039467089	0.000152751192175	0.000997656223895	0	0	6.20551718212e-05	0.000916507153052	6.68286465767e-05	0.00025299416204	0.000229126788263	0	4.77347475548e-06	0	1.90938990219e-05	8.11490708431e-05	2.38673737774e-05	0.000424839253238	0	9.54694951096e-06	4.77347475548e-06	0	9.54694951096e-06	4.77347475548e-06	0.000377104505683	6.68286465767e-05	0	4.77347475548e-06	0	0.000276861535818	0.00216715753899	0.000448706627015	0.000205259414486	4.77347475548e-06	2.38673737774e-05	0.00045348010177	0.000262541111551	4.29612727993e-05	0.000267314586307	0	4.77347475548e-06	1.43204242664e-05	0.000186165515464	0.000806717233676	0.000988109274384	0.000529855697858	0.000248220687285	9.54694951096e-06	0	1.90938990219e-05	0.000114563394131	9.54694951096e-05	0.000100242969865	3.81877980438e-05	1.43204242664e-05	1.43204242664e-05	0
0.000310275859106	0.000954694951096	0.016124797724	0	0	0	3.81877980438e-05	0.00183778778086	4.29612727993e-05	0.000539402647369	0.000114563394131	0.000124110343642	1.90938990219e-05	9.54694951096e-06	0.000162298141686	3.81877980438e-05	0.00848723811524	0.00509807103885	4.77347475548e-06	0.000224353313508	9.54694951096e-06	0.0268746628733	0.00475438085646	0.0639216004506	0.00167548963917	9.54694951096e-06	0.00167548963917	0.00733683069917	0.00770438825534	0.000515535273592	0.0085349728628	0	0	0.000205259414486	0.00780940469996	1.43204242664e-05	0.000362784081416	0.000119336868887	0	1.43204242664e-05	0	1.43204242664e-05	3.34143232884e-05	4.77347475548e-06	0.000124110343642	0	9.54694951096e-06	0	0	4.77347475548e-06	9.54694951096e-06	0.000157524666931	7.63755960877e-05	4.77347475548e-06	1.90938990219e-05	0	7.63755960877e-05	0.000878319355008	0.000257767636796	7.16021213322e-05	4.77347475548e-06	6.20551718212e-05	0.00040097187946	4.77347475548e-05	9.54694951096e-06	0.000100242969865	0	0	1.90938990219e-05	0.000167071616442	0.00506943019032	0.00535106520089	0.00403835964314	0.00202395329632	7.16021213322e-05	0	7.63755960877e-05	0.000143204242664	5.72816970657e-05	0.000119336868887	9.06960203541e-05	2.86408485329e-05	3.81877980438e-05	9.54694951096e-06
0.000687380364789	1.43204242664e-05	0.000109789919376	0	0.00833926039782	1.43204242664e-05	0.000210032889241	0.00694063229447	0.000157524666931	0.00860180150937	0.00332233842981	0	0.00145113632567	0	0.000377104505683	7.16021213322e-05	0.00589524132302	2.38673737774e-05	0	0	0.00166594268966	0.00198576549828	0.00251084772138	0.00167548963917	0.0390183826513	0	9.54694951096e-06	8.11490708431e-05	0.0228315297555	0.000582363920168	0.00178050608379	0	4.77347475548e-06	0.000190938990219	0.00049644137457	5.72816970657e-05	0	9.54694951096e-06	0	0.000219579838752	0	7.63755960877e-05	0.000248220687285	4.77347475548e-05	0.00110267266852	4.29612727993e-05	0	0.000143204242664	0	1.90938990219e-05	3.81877980438e-05	2.86408485329e-05	0	0	0	1.90938990219e-05	8.59225455986e-05	0.000219579838752	4.77347475548e-05	0.000730341637588	0	0	1.43204242664e-05	0.000205259414486	1.43204242664e-05	0.000124110343642	0	0	9.54694951096e-06	4.29612727993e-05	0.000596684344435	0.000334143232884	0.000243447212529	0.000100242969865	7.63755960877e-05	4.77347475548e-06	0	3.34143232884e-05	4.77347475548e-06	2.86408485329e-05	4.77347475548e-06	2.38673737774e-05	0	0
0	8.59225455986e-05	1.43204242664e-05	0	0	0	0	0	0	0	0	0.00389992887523	0	0.00484507687681	4.77347475548e-06	0	0	6.68286465767e-05	9.06960203541e-05	0.000372331030927	0	4.77347475548e-06	0	9.54694951096e-06	0	0.0111937983016	0.00272088061062	0.000854451981231	0	1.43204242664e-05	0	0.000214806363997	0	0	0.00207168804388	0	4.77347475548e-05	4.77347475548e-06	0	0	0	0	0	0	0	0	0.000878319355008	0	0.000768529435632	0	0	0	1.43204242664e-05	0.000100242969865	6.20551718212e-05	0	0	0	0	0	0.0013508933558	0.000434386202749	0.000362784081416	0	0	0	5.72816970657e-05	0	0	7.63755960877e-05	5.25082223103e-05	0.00124587691118	0.000720794688077	0.000105016444621	0	0	0.000863998930742	4.77347475548e-06	0.00025299416204	9.06960203541e-05	1.90938990219e-05	0	0	5.72816970657e-05
2.38673737774e-05	0.00314094638911	0.00628666625297	0	0	0	0	3.81877980438e-05	0	9.54694951096e-06	4.77347475548e-06	0.0100099765622	4.77347475548e-06	0.0052746896048	1.43204242664e-05	0	6.20551718212e-05	0.00787623334654	0.00162775489162	0.011107875756	0	0.000367557556172	0.000329369758128	0.00167548963917	9.54694951096e-06	0.00272088061062	0.0626088948929	0.0130888677795	9.54694951096e-05	4.77347475548e-05	0.000186165515464	0.00194280422548	0	1.90938990219e-05	0.00612914158603	0	0.00130315860825	9.06960203541e-05	0	0	0	0	0	4.77347475548e-06	4.77347475548e-06	0	0.000711247738566	0	0.000477347475548	0	0	1.43204242664e-05	9.54694951096e-05	0.000186165515464	0.000210032889241	0	4.77347475548e-06	7.63755960877e-05	2.86408485329e-05	4.77347475548e-06	0.00185210820513	0.000892639779275	0.00119336868887	4.77347475548e-06	0	1.43204242664e-05	6.68286465767e-05	0	0	0.000186165515464	0.00121723606265	0.00475438085646	0.00377104505683	0.00102629707243	4.77347475548e-06	4.77347475548e-06	0.000167071616442	6.20551718212e-05	0.000267314586307	0.000176618565953	4.77347475548e-05	1.43204242664e-05	1.43204242664e-05	2.86408485329e-05
1.90938990219e-05	0.00490235857388	0.011752294848	0	4.77347475548e-06	0	0	0.000119336868887	1.90938990219e-05	8.11490708431e-05	4.77347475548e-06	0.000692153839544	4.77347475548e-06	0.000782849859899	1.90938990219e-05	9.54694951096e-06	0.0021767044885	0.00199531244779	6.68286465767e-05	0.00110744614327	0	0.00128883818398	0.00433908855273	0.00733683069917	8.11490708431e-05	0.000854451981231	0.0130888677795	0.0436391062146	0.000458253576526	6.68286465767e-05	0.000482120950303	7.63755960877e-05	0	2.38673737774e-05	0.00212419626619	0	0.000959468425851	0.000233900263018	0	0	0	4.77347475548e-06	0	0	4.77347475548e-06	0	8.59225455986e-05	0	4.77347475548e-05	0	4.77347475548e-06	0.000195712464975	8.59225455986e-05	3.81877980438e-05	2.86408485329e-05	0	4.29612727993e-05	0.000553723071636	0.000224353313508	9.54694951096e-06	0.000334143232884	0.000229126788263	0.000887866304519	2.38673737774e-05	0	3.34143232884e-05	9.54694951096e-06	0	0	0.000114563394131	0.000969015375362	0.0021767044885	0.00129361165873	0.000510761798836	9.54694951096e-06	0	3.81877980438e-05	6.68286465767e-05	0.000162298141686	0.000100242969865	2.86408485329e-05	9.54694951096e-06	4.77347475548e-06	0
0.00356101216759	5.72816970657e-05	0.000973788850118	0	0.0103727606437	2.86408485329e-05	0.00142726895189	0.0335097927835	0.000887866304519	0.00526514265529	0.0173754481099	1.43204242664e-05	0.0029165930756	0	0.00196667159926	0.000100242969865	0.00561360631244	0.000243447212529	0	4.77347475548e-06	0.00502646891752	0.0101913686029	0.00252039467089	0.00770438825534	0.0228315297555	0	9.54694951096e-05	0.000458253576526	0.0814975345003	0.00277338883293	0.0171701886955	0	4.77347475548e-06	0.000940374526829	0.00262541111551	0.000138430767909	1.90938990219e-05	1.90938990219e-05	0	0.000472574000792	0	9.06960203541e-05	0.000267314586307	5.25082223103e-05	0.00121723606265	7.16021213322e-05	0	0.000181392040708	0	2.38673737774e-05	3.34143232884e-05	5.72816970657e-05	0	0	0	5.25082223103e-05	0.000133657293153	0.000386651455194	7.16021213322e-05	0.000873545880253	0	0	1.90938990219e-05	0.00025299416204	5.72816970657e-05	0.000171845091197	0	0	1.43204242664e-05	8.11490708431e-05	0.00254426204467	0.00146068327518	0.00128406470922	0.000544176122125	0.000138430767909	1.90938990219e-05	1.90938990219e-05	7.16021213322e-05	1.43204242664e-05	3.34143232884e-05	1.43204242664e-05	3.34143232884e-05	9.54694951096e-06	0
0.00693585881971	9.54694951096e-06	0.000128883818398	0	9.54694951096e-05	0.00163252836637	0.00199053897303	0.00323641588421	0.00432476812846	0.000281635010573	0.00146545674993	8.59225455986e-05	0.000181392040708	4.77347475548e-06	0.0118048030703	0.00164207531588	0.000171845091197	7.16021213322e-05	0	2.38673737774e-05	0.000119336868887	0.000954694951096	0.000152751192175	0.000515535273592	0.000582363920168	1.43204242664e-05	4.77347475548e-05	6.68286465767e-05	0.00277338883293	0.0402642595625	0.0061434620103	0	0.000429612727993	0.00600980471715	0.00989541316811	9.54694951096e-06	4.77347475548e-06	4.77347475548e-06	0	9.54694951096e-06	0	4.77347475548e-06	9.54694951096e-06	4.77347475548e-06	8.11490708431e-05	4.77347475548e-06	0	4.77347475548e-06	0	0	0	4.77347475548e-06	0	0	0	0	0	2.38673737774e-05	4.77347475548e-06	7.16021213322e-05	4.77347475548e-06	9.54694951096e-06	4.77347475548e-06	1.90938990219e-05	4.77347475548e-06	4.77347475548e-06	0	0	4.77347475548e-06	1.43204242664e-05	0.00223398618556	0.000477347475548	0.00470187263415	0.00132225250727	0.000319822808617	0.000806717233676	3.81877980438e-05	2.86408485329e-05	9.54694951096e-06	9.54694951096e-06	4.77347475548e-06	4.77347475548e-06	0	0
0.00263018459027	7.63755960877e-05	0.00195712464975	0	7.63755960877e-05	0	6.20551718212e-05	0.0101818216534	0.000181392040708	0.000825811132698	0.000448706627015	1.90938990219e-05	5.72816970657e-05	0	0.000568043495902	1.43204242664e-05	0.00136044030531	0.000577590445413	0	2.86408485329e-05	5.72816970657e-05	0.0140626566296	0.000997656223895	0.0085349728628	0.00178050608379	0	0.000186165515464	0.000482120950303	0.0171701886955	0.0061434620103	0.042479151849	0	0	0.00127929123447	0.00375672463256	2.38673737774e-05	2.86408485329e-05	4.77347475548e-06	0	1.43204242664e-05	0	1.43204242664e-05	1.90938990219e-05	9.54694951096e-06	0.000205259414486	1.90938990219e-05	0	1.90938990219e-05	0	0	0	2.86408485329e-05	4.77347475548e-06	0	0	1.43204242664e-05	4.29612727993e-05	0.000181392040708	2.86408485329e-05	0.000138430767909	0	0	2.86408485329e-05	4.77347475548e-05	9.54694951096e-06	2.38673737774e-05	0	0	0	2.38673737774e-05	0.00263973153978	0.00170413048771	0.0014797771742	0.0006969273143	8.59225455986e-05	4.77347475548e-06	3.81877980438e-05	6.68286465767e-05	9.54694951096e-06	2.86408485329e-05	1.90938990219e-05	1.90938990219e-05	0	0
0	0	0	0	0	0	0	0	0	0	0	0.000739888587099	0	0.00176141218477	0	0	0	0	9.54694951096e-06	1.43204242664e-05	0	0	0	0	0	0.000214806363997	0.00194280422548	7.63755960877e-05	0	0	0	0.0022626270341	0	0	7.16021213322e-05	0	0	0	0	0	0	0	0	0	0	0	5.25082223103e-05	0	3.34143232884e-05	0	0	0	0	4.77347475548e-06	0	0	0	0	0	0	7.16021213322e-05	1.90938990219e-05	9.54694951096e-06	0	0	0	4.77347475548e-06	0	0	9.54694951096e-06	4.77347475548e-06	5.72816970657e-05	1.90938990219e-05	4.77347475548e-06	0	0	4.77347475548e-06	0	1.43204242664e-05	9.54694951096e-06	0	0	0	0
4.77347475548e-06	0	0	0	0	0.00137476072958	0.000219579838752	4.77347475548e-06	0.000171845091197	0	0	0	0	0	7.63755960877e-05	0.000133657293153	0	0	0	0	0	0	0	0	4.77347475548e-06	0	0	0	4.77347475548e-06	0.000429612727993	0	0	0.00215283711472	0	0.000792396809409	0	0	0	0	0	0	0	0	0	0	0	0	0	0	0	0	0	0	0	0	0	0	0	0	0	0	0	0	0	0	0	0	0	0	0	9.54694951096e-06	4.77347475548e-06	7.16021213322e-05	1.43204242664e-05	4.77347475548e-06	0.000806717233676	0	0	0	0	0	0	0	0
0.00149409759846	4.77347475548e-06	3.81877980438e-05	0	2.38673737774e-05	1.43204242664e-05	0.000109789919376	0.000959468425851	0.000367557556172	9.06960203541e-05	0.000324596283373	0	7.16021213322e-05	0	0.000902186728785	5.72816970657e-05	7.63755960877e-05	2.86408485329e-05	0	4.77347475548e-06	3.34143232884e-05	0.000558496546391	6.20551718212e-05	0.000205259414486	0.000190938990219	0	1.90938990219e-05	2.38673737774e-05	0.000940374526829	0.00600980471715	0.00127929123447	0	0	0.0075373166389	0.00196667159926	0	0	0	0	0	0	0	4.77347475548e-06	0	2.38673737774e-05	0	0	0	0	4.77347475548e-06	4.77347475548e-06	0	0	0	0	0	0	9.54694951096e-06	0	2.38673737774e-05	0	0	0	4.77347475548e-06	9.54694951096e-06	0	0	0	0	1.43204242664e-05	0.000868772405497	0.000186165515464	0.00089741325403	0.00029595543484	6.68286465767e-05	1.43204242664e-05	0	2.38673737774e-05	4.77347475548e-06	1.43204242664e-05	9.54694951096e-06	4.77347475548e-06	0	0
0.00239151085249	0.00064441909199	0.00398585142082	0	4.29612727993e-05	0.00123155648691	0.00105493792096	0.001522738447	0.0016516222654	0.00020048593973	0.000620551718212	0.00554677766587	0.000100242969865	0.00104061749669	0.00342735487443	0.00105971139572	0.000730341637588	0.00571862275706	0.000119336868887	0.00387128802669	3.81877980438e-05	0.00468755220988	0.000916507153052	0.00780940469996	0.00049644137457	0.00207168804388	0.00612914158603	0.00212419626619	0.00262541111551	0.00989541316811	0.00375672463256	7.16021213322e-05	0.000792396809409	0.00196667159926	0.0525750509568	9.54694951096e-06	0.000286408485329	0.000100242969865	0	0	0	0	1.43204242664e-05	0	4.29612727993e-05	0	0.00020048593973	0	0.000143204242664	4.77347475548e-06	4.77347475548e-06	4.77347475548e-05	4.29612727993e-05	2.38673737774e-05	3.34143232884e-05	0	2.86408485329e-05	0.000162298141686	8.59225455986e-05	2.38673737774e-05	0.000286408485329	0.00014797771742	0.000233900263018	2.86408485329e-05	4.77347475548e-06	2.86408485329e-05	1.90938990219e-05	0	1.90938990219e-05	0.000281635010573	0.00881183439861	0.00924144712661	0.0229842809476	0.00713634475944	0.000353237131905	0.0012649708102	0.00174231828575	0.000415292303727	0.000181392040708	0.00020048593973	0.000171845091197	3.34143232884e-05	4.77347475548e-05	0.000157524666931
0	0	0	0	0	0	0	6.68286465767e-05	0	0.000138430767909	4.77347475548e-06	0	0	0	0	0	1.90938990219e-05	0	0	0	0	9.54694951096e-06	6.68286465767e-05	1.43204242664e-05	5.72816970657e-05	0	0	0	0.000138430767909	9.54694951096e-06	2.38673737774e-05	0	0	0	9.54694951096e-06	0.0168026311393	1.90938990219e-05	0.000219579838752	0	0.000162298141686	3.81877980438e-05	0.00211464931668	0.00566134106	0.00280202968147	0.000572816970657	0.000367557556172	9.54694951096e-06	0.000582363920168	0	0.00341780792492	0.000653966041501	0.000190938990219	9.06960203541e-05	4.77347475548e-06	9.54694951096e-06	6.20551718212e-05	0.000701700789055	0.000272088061062	0.000491667899814	0.00117427478985	0	9.54694951096e-06	8.11490708431e-05	0.00110267266852	0.0077091617301	0.0060575394647	0	2.38673737774e-05	0.001307932083	0.00239151085249	1.90938990219e-05	0	1.43204242664e-05	1.43204242664e-05	0	0	0	0.000711247738566	9.54694951096e-05	0.000739888587099	0.000291181960084	0.00089741325403	0.00020048593973	9.54694951096e-06
0	0.00240105780201	0.000816264183187	0	0	0	0	0	0	4.77347475548e-06	0	7.63755960877e-05	0	0	4.77347475548e-06	0	4.77347475548e-06	0.000472574000792	4.77347475548e-06	0.000181392040708	0	7.16021213322e-05	0.00025299416204	0.000362784081416	0	4.77347475548e-05	0.00130315860825	0.000959468425851	1.90938990219e-05	4.77347475548e-06	2.86408485329e-05	0	0	0	0.000286408485329	1.90938990219e-05	0.0163109632395	0.00176618565953	0	0	0	1.43204242664e-05	2.38673737774e-05	1.90938990219e-05	9.54694951096e-06	4.77347475548e-06	0.000396198404705	0	0.00014797771742	4.77347475548e-06	4.77347475548e-06	0.000100242969865	0.00163252836637	0.000109789919376	0.000778076385143	0	0.00014797771742	0.00164207531588	0.000539402647369	4.77347475548e-06	0.00203350024583	0.00289749917658	0.0111412900793	3.81877980438e-05	4.77347475548e-06	0.00014797771742	4.77347475548e-06	4.77347475548e-06	9.54694951096e-06	0.000978562324873	0.000128883818398	0.000329369758128	0.000157524666931	7.16021213322e-05	4.77347475548e-06	0	4.77347475548e-06	0.000315049333862	0.00119336868887	0.000945148001585	0.000329369758128	3.81877980438e-05	5.72816970657e-05	1.43204242664e-05
0	0.000248220687285	0.000272088061062	0	0	0	0	4.77347475548e-06	0	1.43204242664e-05	0	4.77347475548e-06	0	4.77347475548e-06	0	0	4.77347475548e-05	7.63755960877e-05	0	3.34143232884e-05	0	4.29612727993e-05	0.000229126788263	0.000119336868887	9.54694951096e-06	4.77347475548e-06	9.06960203541e-05	0.000233900263018	1.90938990219e-05	4.77347475548e-06	4.77347475548e-06	0	0	0	0.000100242969865	0.000219579838752	0.00176618565953	0.0299296867169	0	4.77347475548e-06	0	0.000119336868887	0.000229126788263	0.000105016444621	8.11490708431e-05	1.90938990219e-05	0.000190938990219	2.38673737774e-05	3.34143232884e-05	6.68286465767e-05	5.72816970657e-05	0.00105016444621	0.00523650180676	3.34143232884e-05	0.000491667899814	1.43204242664e-05	0.0029165930756	0.00158002014406	0.0115518089083	0.000119336868887	8.59225455986e-05	0.0039667575218	0.00949444128865	0.00044393315226	0.000214806363997	0.00263018459027	4.77347475548e-06	4.77347475548e-06	0.000109789919376	0.00448229279539	4.29612727993e-05	8.11490708431e-05	5.25082223103e-05	1.43204242664e-05	0	0	4.77347475548e-06	0.00144158937615	0.00198099202352	0.00328892410652	0.00152751192175	0.000305502384351	0.000353237131905	4.29612727993e-05
0	0	0	0	0	0	0	0	0	0	0	0	0	0	0	0	0	0	0	0	0	0	0	0	0	0	0	0	0	0	0	0	0	0	0	0	0	0	0	0	0	0	0	0	0	0	0	0	0	0	0	0	0	0	0	0	0	0	0	0	0	0	0	0	0	0	0	0	0	0	0	0	0	0	0	0	0	0	0	0	0	0	0	0
9.54694951096e-06	0	4.77347475548e-06	0	0.000319822808617	0	0	7.16021213322e-05	4.77347475548e-06	0.000243447212529	0.000658739516256	0	0	0	4.77347475548e-06	0	4.77347475548e-06	0	0	0	3.34143232884e-05	1.43204242664e-05	4.77347475548e-06	1.43204242664e-05	0.000219579838752	0	0	0	0.000472574000792	9.54694951096e-06	1.43204242664e-05	0	0	0	0	0.000162298141686	0	4.77347475548e-06	0	0.0115899967063	0	0.000276861535818	0.000711247738566	0.000157524666931	0.00130315860825	0.000477347475548	0	0.00238196390298	0	4.77347475548e-05	2.86408485329e-05	4.77347475548e-06	0	0	0	0.00371853683452	5.72816970657e-05	9.54694951096e-06	9.54694951096e-06	0.00696449966824	0	0	0	0.00228172093312	7.63755960877e-05	0.000124110343642	0	0	3.81877980438e-05	8.11490708431e-05	9.54694951096e-06	0	0	0	0	0	0	1.43204242664e-05	0	3.81877980438e-05	1.90938990219e-05	5.72816970657e-05	4.77347475548e-06	0
0	0	0	0	0	0	0	0	0	0	0	0	0	0	0	0	0	0	0	0	0	0	0	0	0	0	0	0	0	0	0	0	0	0	0	3.81877980438e-05	0	0	0	0	0.00477824823023	0.00297387477266	0	0.00235809652921	4.77347475548e-06	0	1.43204242664e-05	4.77347475548e-06	0	0.000372331030927	0.00107403181998	0	4.77347475548e-06	0	0	0	0	0	0	0	0	0	4.77347475548e-06	0	0.000124110343642	0	0	0.00189984295268	4.77347475548e-06	0.000577590445413	0	0	0	0	0	0	0	1.90938990219e-05	9.54694951096e-06	0.000114563394131	5.25082223103e-05	0.000171845091197	0.000677833415278	9.54694951096e-06
4.77347475548e-06	0	0	0	4.77347475548e-06	0	0	4.29612727993e-05	0	0.000133657293153	0	0	0	0	0	0	1.43204242664e-05	0	0	0	0	1.43204242664e-05	1.90938990219e-05	1.43204242664e-05	7.63755960877e-05	0	0	4.77347475548e-06	9.06960203541e-05	4.77347475548e-06	1.43204242664e-05	0	0	0	0	0.00211464931668	1.43204242664e-05	0.000119336868887	0	0.000276861535818	0.00297387477266	0.0532576578469	0.00335097927835	0.0257433493563	0.000615778243457	0.00972834155167	9.54694951096e-05	0.0103345728456	4.77347475548e-06	0.00578067792888	0.00596684344435	5.25082223103e-05	6.68286465767e-05	0	9.54694951096e-06	0.00133179945678	0.00020048593973	7.16021213322e-05	0.000210032889241	0.001522738447	0	9.54694951096e-06	5.25082223103e-05	0.000653966041501	0.00261109069125	0.00115518089083	0	0.00304070341924	0.000439159677504	0.00340348750066	9.54694951096e-06	0	0	0	0	0	0	0.00100720317341	0.000195712464975	0.00186642862939	0.000591910869679	0.00405745354216	0.00168026311393	5.25082223103e-05
2.38673737774e-05	0	0	0	0	0	0	0.00014797771742	4.77347475548e-06	0.000467800526037	2.38673737774e-05	0	4.77347475548e-06	0	4.77347475548e-06	4.77347475548e-06	6.20551718212e-05	0	0	0	0	1.43204242664e-05	8.11490708431e-05	3.34143232884e-05	0.000248220687285	0	0	0	0.000267314586307	9.54694951096e-06	1.90938990219e-05	0	0	4.77347475548e-06	1.43204242664e-05	0.00566134106	2.38673737774e-05	0.000229126788263	0	0.000711247738566	0	0.00335097927835	0.0307507243748	0.00434386202749	0.00151319149749	0.00305502384351	0	0.00226740050885	0	0.00179482650806	0.000591910869679	0.000343690182394	7.63755960877e-05	0	9.54694951096e-06	0.000701700789055	0.00116472784034	0.000434386202749	0.000634872142479	0.00410041481496	0	9.54694951096e-06	5.25082223103e-05	0.00737024502246	0.00163252836637	0.00638690922283	0	9.54694951096e-06	0.000529855697858	0.00156092624504	2.38673737774e-05	4.77347475548e-06	9.54694951096e-06	9.54694951096e-06	0	0	0	0.000534629172614	6.68286465767e-05	0.000611004768701	0.000190938990219	0.000572816970657	0.000114563394131	0
