3609	1	590	0	0	4	45	760	969	0	0	4	0	0	2158	0	0	689	1	27	0	381	0	711	4	0	70	319	606	1763	1900	0	0	24	156	0	3	0	0	0	0	0	0	0	0	0	0	0	0	0	0	0	0	0	2	0	0	3	2	0	0	2	6	2	0	0	0	0	0	3	16	1	94	25	1	1	0	7	9	6	5	0	0	0
1	5831	8	0	1	5	1	1	1	701	0	0	0	317	1	2	311	127	0	25	0	27	2013	48	1186	791	1807	4834	16	2	2	2	0	0	17	0	3376	142	0	0	0	2	5	4	139	4	2	0	8	4	0	16	67	0	75	1	0	379	44	38	41	240	2601	11	1	0	1	0	0	84	97	8	73	42	7	2	3	122	103	619	40	0	0	0
590	8	8701	0	10	0	11	71	379	24	1	6	2	8	631	1	5	2339	10	23	0	333	73	2942	42	3	1401	5071	230	288	598	0	1	17	464	0	222	6	0	0	0	0	1	0	71	1	5	0	0	0	0	102	2	1	32	1	4	1091	761	20	4	48	891	13	0	0	0	0	0	18	861	25	1041	949	7	20	0	169	64	45	23	0	0	0
0	0	0	0	0	0	0	0	0	0	0	0	0	0	0	0	0	0	0	0	0	0	0	0	0	0	0	0	0	0	0	0	0	0	0	0	0	0	0	0	0	0	0	0	0	0	0	0	0	0	0	0	0	0	0	0	0	0	0	0	0	0	0	0	0	0	0	0	0	0	0	0	0	0	0	0	0	0	0	0	0	0	0	0
0	1	10	0	4422	10	794	9	665	125	261	119	1150	153	27	124	0	2	2	11	2320	1	0	3	2756	0	52	19	1252	73	0	0	5	66	348	2	2	0	0	296	0	0	733	2	384	455	1	21	0	10	0	0	1	0	1	397	0	3	2	727	0	2	5	877	7	0	0	2	0	2	211	5	319	69	98	27	3	25	1	8	0	3	0	0
4	5	0	0	10	1397	595	0	305	67	3	0	7	7	5	324	0	0	1	0	2	16	0	195	38	2	8	14	72	8	5	0	376	5	219	0	12	7	0	0	0	0	0	0	1	0	0	0	0	0	0	0	14	0	8	0	0	1	16	1	2	5	71	0	0	0	0	0	0	1	347	0	338	302	633	394	1	3	0	61	83	0	0	0
45	1	11	0	794	595	13990	188	8652	177	3068	1701	6033	1146	773	1096	0	22	73	175	3131	32	7	47	1190	0	581	109	1202	1233	12	5	556	252	2524	8	33	2	0	97	0	3	343	30	262	256	0	33	0	150	0	0	0	0	14	226	0	12	3	430	0	27	51	337	13	0	0	20	1	11	1373	68	1482	304	1003	279	51	448	28	7	3	69	0	0
760	1	71	0	9	0	188	6652	1527	12	393	250	34	63	1064	45	0	85	32	129	45	345	2	479	58	0	177	70	2308	735	1013	0	0	452	738	1	3	3	0	0	0	0	1	0	58	1	0	0	0	3	0	1	3	0	3	0	0	5	6	57	0	4	15	9	1	0	0	0	0	3	144	1	478	167	53	1	1	43	10	13	7	0	0	0
969	1	379	0	665	305	8652	1527	16245	46	1861	2006	4063	1276	4678	512	0	280	205	218	1759	509	3	773	1272	4	798	362	2232	2042	694	4	611	401	2968	8	35	4	0	81	0	3	302	30	237	235	0	20	0	152	0	0	0	1	17	206	0	14	7	388	4	24	54	287	13	0	0	19	1	12	1366	69	1715	409	751	442	70	468	34	15	9	70	0	0
0	701	24	0	125	67	177	12	46	4968	3	0	145	191	0	820	24	8	0	1	2	7	1214	7	2847	393	135	580	993	6	1	0	0	12	18	15	141	2	0	20	0	12	210	19	1727	16	0	0	1	26	0	2	2	4	49	2	0	41	6	1347	5	44	163	963	18	0	1	2	0	34	641	102	44	21	1292	0	1	409	68	34	8	0	2	0
0	0	1	0	261	3	3068	393	1861	3	5804	326	1506	168	148	10	0	1	13	29	2007	0	0	0	373	0	129	9	762	293	0	1	2	16	390	1	7	0	0	18	0	0	74	10	42	55	0	2	0	14	0	0	0	0	0	49	0	0	1	112	0	1	9	64	1	0	0	2	0	1	142	12	191	9	68	1	6	56	0	0	0	9	0	0
4	0	6	0	119	0	1701	250	2006	0	326	8041	1402	2558	1048	8	0	36	932	766	762	19	0	4	232	70	2858	299	232	2330	3	132	397	43	4732	3	9	0	0	16	0	0	75	2	66	54	165	2	287	27	0	0	1	5	26	50	0	3	5	123	27	316	81	67	8	0	26	5	0	4	467	648	1036	149	3	84	122	102	278	5	2	8	0	27
0	0	2	0	1150	7	6033	34	4063	145	1506	1402	9380	980	334	639	0	6	37	49	2780	0	1	8	1195	0	490	66	395	927	0	3	6	136	1847	11	28	1	0	126	0	21	416	38	220	328	0	336	0	125	1	0	0	0	11	404	0	5	2	452	0	24	46	371	20	0	0	18	1	13	855	60	1061	92	495	22	33	383	20	11	5	65	0	0
0	317	8	0	153	7	1146	63	1276	191	168	2558	980	6944	295	45	29	10	18	12	442	35	249	34	322	1918	1656	821	266	513	20	497	287	140	2356	6	65	1	0	18	0	0	72	5	102	51	554	4	1246	32	0	1	0	7	12	47	0	24	4	144	392	877	354	62	10	0	160	3	0	11	622	418	1354	376	44	334	305	178	443	17	5	8	0	67
2158	1	631	0	27	5	773	1064	4678	0	148	1048	334	295	7877	23	0	395	192	76	163	513	0	839	91	4	472	426	1103	2500	1373	0	152	387	1547	0	4	2	0	2	0	0	8	1	4	5	0	0	0	7	0	0	0	1	5	4	0	3	5	11	4	6	12	7	0	0	0	0	0	1	97	5	384	96	4	114	12	20	9	8	7	2	0	0
0	2	1	0	124	324	1096	45	512	820	10	8	639	45	23	2849	0	2	1	2	99	3	19	0	732	0	4	4	603	71	17	0	7	51	198	1	8	11	0	38	0	0	63	0	69	67	1	18	0	8	0	1	13	0	2	61	0	2	8	97	0	2	52	160	5	0	0	0	0	4	436	2	353	184	1743	136	0	14	0	53	17	2	1	1
0	311	5	0	0	0	0	0	0	24	0	0	0	29	0	0	2962	3	0	0	0	437	1780	1103	671	118	152	659	248	2	1	0	0	2	6	0	70	2	0	0	0	0	0	0	30	0	0	0	0	0	0	198	0	0	0	0	3	466	262	40	2	12	77	40	0	0	0	0	0	3	231	64	8	21	0	0	0	8	18	6	1	0	0	0
689	127	2339	0	2	0	22	85	280	8	1	36	6	10	395	2	3	9001	7	1556	3	265	127	1892	44	8	3523	2491	152	954	1575	0	4	23	1839	0	881	328	0	1	0	0	25	0	82	23	3	0	1	0	0	3	28	1	122	18	3	159	66	64	3	621	395	82	0	0	0	0	0	62	323	115	708	402	6	10	0	537	557	205	46	0	0	0
1	0	10	0	2	1	73	32	205	0	13	932	37	18	192	1	0	7	1476	250	23	8	0	7	13	0	656	47	33	304	0	0	2	8	412	0	3	0	0	0	0	0	0	0	0	0	0	0	0	0	0	0	0	0	5	0	0	1	4	0	0	12	18	0	0	0	0	0	0	1	433	304	259	141	0	10	0	33	0	3	3	0	0	0
27	25	23	0	11	0	175	129	218	1	29	766	49	12	76	2	0	1556	250	3159	45	9	6	47	72	13	2139	356	79	325	38	0	6	6	984	0	410	116	0	0	0	0	3	0	2	3	0	0	2	0	0	2	8	0	77	3	2	13	37	10	10	389	152	12	0	0	0	0	0	5	491	114	652	286	3	9	0	79	74	38	9	0	0	0
0	0	0	0	2320	2	3131	45	1759	2	2007	762	2780	442	163	99	0	3	23	45	6422	0	0	1	1244	0	276	41	1014	424	0	1	3	127	1090	4	0	0	0	193	0	0	424	5	86	371	1	39	0	16	0	0	0	0	3	303	0	3	3	279	0	6	7	392	4	0	0	0	0	3	294	5	675	28	90	5	8	61	3	5	1	7	0	0
381	27	333	0	1	16	32	345	509	7	0	19	0	35	513	3	437	265	8	9	0	8401	394	3251	6	24	62	302	2736	372	2486	0	0	11	1375	0	29	5	0	1	0	0	7	0	14	5	0	0	0	0	2	29	1	0	24	4	11	168	30	45	0	26	76	46	0	0	0	0	0	0	797	55	1499	652	84	40	0	201	125	11	12	0	0	0
0	2013	73	0	0	0	7	2	3	1214	0	0	1	249	0	19	1780	127	0	6	0	394	6900	865	2240	682	583	3127	499	2	0	0	0	4	49	0	262	9	0	0	0	0	0	0	318	0	0	0	1	0	0	461	1	0	77	0	50	2307	767	293	3	90	637	302	0	0	1	0	0	19	446	170	51	29	20	0	1	492	518	37	2	0	0	0
711	48	2942	0	3	195	47	479	773	7	0	4	8	34	839	0	1103	1892	7	47	1	3251	865	14149	36	45	263	2481	461	180	2054	0	4	15	1509	0	60	15	0	0	0	0	4	0	24	2	3	0	0	2	0	277	11	2	13	0	8	835	752	39	4	27	177	25	1	0	0	0	0	11	1736	169	2270	2323	455	224	0	97	40	68	70	0	0	0
4	1186	42	0	2756	38	1190	58	1272	2847	373	232	1195	322	91	732	671	44	13	72	1244	6	2240	36	10714	389	394	1286	3123	334	103	1	6	186	768	18	111	3	0	256	0	11	971	22	1643	427	1	19	1	38	1	16	2	5	28	346	4	239	21	1733	4	26	109	1668	26	0	1	2	0	32	793	38	582	249	775	35	2	372	67	49	26	5	2	0
0	791	3	0	0	2	0	0	4	393	0	70	0	1918	4	0	118	8	0	13	0	24	682	45	389	3491	1522	1751	8	2	0	188	0	0	28	36	396	3	0	0	0	0	36	1	19	27	147	10	872	29	0	4	3	5	58	20	3	17	7	16	1153	874	1167	14	31	0	145	0	0	53	11	8	26	8	1	1	42	50	51	86	14	0	0	21
70	1807	1401	0	52	8	581	177	798	135	129	2858	490	1656	472	4	152	3523	656	2139	276	62	583	263	394	1522	19964	8608	209	867	59	564	22	23	2090	70	3737	421	0	6	0	2	118	10	197	87	136	21	723	107	0	15	77	38	627	64	5	235	179	125	924	3921	4035	110	103	0	142	3	0	189	2227	1024	1856	1053	8	36	3	641	686	679	108	4	0	1
319	4834	5071	0	19	14	109	70	362	580	9	299	66	821	426	4	659	2491	47	356	41	302	3127	2481	1286	1751	8608	22977	343	333	404	275	10	17	1166	57	4492	276	0	2	0	2	69	9	202	51	105	15	391	81	0	223	99	23	312	34	7	2595	1318	74	877	1707	6367	44	83	0	10	0	0	195	2268	320	1969	1860	18	55	3	371	213	854	131	0	0	1
606	16	230	0	1252	72	1202	2308	2232	993	762	232	395	266	1103	603	248	152	33	79	1014	2736	499	461	3123	8	209	343	14505	2132	2042	1	6	1206	2293	0	91	11	0	28	0	0	94	7	683	68	0	1	0	8	1	26	12	3	67	58	8	421	78	594	2	62	143	350	3	0	0	3	0	3	1651	89	2089	1286	763	54	4	577	255	31	73	0	0	0
1763	2	288	0	73	8	1233	735	2042	6	293	2330	927	513	2500	71	2	954	304	325	424	372	2	180	334	2	867	333	2132	8821	3163	3	227	2275	4309	1	5	6	0	4	0	0	26	2	23	20	0	0	0	7	0	0	8	0	4	18	0	0	7	36	2	16	43	26	3	0	0	0	0	3	158	6	1097	297	67	6	11	31	5	25	11	3	0	0
1900	2	598	0	0	5	12	1013	694	1	0	3	0	20	1373	17	1	1575	0	38	0	2486	0	2054	103	0	59	404	2042	3163	8188	0	0	1077	1401	0	4	4	0	0	0	0	0	0	1	0	0	0	0	0	0	0	2	0	2	0	0	1	3	1	0	3	16	0	0	0	0	0	0	3	32	2	620	103	18	2	0	3	4	11	4	0	0	0
0	2	0	0	0	0	5	0	4	0	1	132	3	497	0	0	0	0	0	0	1	0	0	0	1	188	564	275	1	3	0	652	0	0	6	0	14	0	0	0	0	0	0	0	0	0	68	0	282	0	0	0	0	1	2	0	0	0	0	0	45	241	131	0	0	0	19	0	0	0	14	54	16	2	0	0	0	11	81	0	0	0	0	1
0	0	1	0	5	376	556	0	611	0	2	397	6	287	152	7	0	4	2	6	3	0	0	4	6	0	22	10	6	227	0	0	1226	0	737	0	0	0	0	0	0	0	0	0	0	0	0	0	0	2	0	0	0	0	0	0	0	0	0	1	0	0	0	0	0	0	0	0	0	0	263	2	253	131	83	337	19	12	0	0	0	1	0	0
24	0	17	0	66	5	252	452	401	12	16	43	136	140	387	51	2	23	8	6	127	11	4	15	186	0	23	17	1206	2275	1077	0	0	2803	1977	0	0	3	0	2	0	0	12	0	8	12	0	0	0	0	0	0	2	0	1	11	0	3	4	12	0	1	9	12	0	0	0	0	0	0	133	1	1011	222	46	4	0	12	4	9	3	0	0	0
156	17	464	0	348	219	2524	738	2968	18	390	4732	1847	2356	1547	198	6	1839	412	984	1090	1375	49	1509	768	28	2090	1166	2293	4309	1401	6	737	1977	14295	5	141	36	0	23	0	0	117	5	136	90	7	5	4	63	0	22	21	1	56	78	11	61	87	229	14	77	430	123	14	0	0	6	0	55	890	43	6814	2036	217	471	62	282	91	151	106	19	0	4
0	0	0	0	2	0	8	1	8	15	1	3	11	6	0	1	0	0	0	0	4	0	0	0	18	36	70	57	0	1	0	0	0	0	5	5182	81	219	0	57	0	32	3280	692	189	2021	674	617	17	3595	2	2	272	497	678	1286	54	49	409	567	68	392	251	1287	3377	710	2	3	142	1315	11	0	6	1	13	2	0	149	86	2012	149	9	1	101
3	3376	222	0	2	12	33	3	35	141	7	9	28	65	4	8	70	881	3	410	0	29	262	60	111	396	3737	4492	91	5	4	14	0	0	141	81	9458	394	0	2	0	3	100	14	1086	67	39	22	226	115	0	75	118	29	303	53	2	1531	96	709	1095	1612	6193	86	117	0	0	0	0	246	652	299	212	99	17	7	2	633	509	1033	94	1	0	0
0	142	6	0	0	7	2	3	4	2	0	0	1	1	2	11	2	328	0	116	0	5	9	15	3	3	421	276	11	6	4	0	0	3	36	219	394	5805	0	0	0	1	289	273	15	118	3	1	0	535	0	2	1943	2	276	6	92	12	2201	24	1	1820	2500	300	36	129	0	1	6	108	80	44	76	41	17	9	0	22	36	152	41	0	0	0
0	0	0	0	0	0	0	0	0	0	0	0	0	0	0	0	0	0	0	0	0	0	0	0	0	0	0	0	0	0	0	0	0	0	0	0	0	0	0	0	0	0	0	0	0	0	0	0	0	0	0	0	0	0	0	0	0	0	0	0	0	0	0	0	0	0	0	0	0	0	0	0	0	0	0	0	0	0	0	0	0	0	0	0
0	0	0	0	296	0	97	0	81	20	18	16	126	18	2	38	0	1	0	0	193	1	0	0	256	0	6	2	28	4	0	0	0	2	23	57	2	0	0	2463	0	5	422	17	341	761	0	512	0	183	143	0	0	0	2	1124	0	0	0	867	0	2	0	1067	92	0	0	13	0	51	153	0	23	1	210	1	0	68	1	94	44	19	4	0
0	0	0	0	0	0	0	0	0	0	0	0	0	0	0	0	0	0	0	0	0	0	0	0	0	0	0	0	0	0	0	0	0	0	0	0	0	0	0	0	404	139	15	22	1	8	0	3	0	11	184	0	0	0	0	3	0	0	1	4	0	0	0	9	0	0	0	6	0	11	0	0	0	0	0	0	0	0	0	0	0	232	173	0
0	2	0	0	0	0	3	0	3	12	0	0	21	0	0	0	0	0	0	0	0	0	0	0	11	0	2	2	0	0	0	0	0	0	0	32	3	1	0	5	139	6213	2025	2178	65	3077	3	1014	0	1301	624	0	1	3	4	503	0	1	28	207	0	1	2	1189	39	0	0	305	7	452	8	0	0	0	4	0	0	19	3	33	18	730	190	2
0	5	1	0	733	0	343	1	302	210	74	75	416	72	8	63	0	25	0	3	424	7	0	4	971	36	118	69	94	26	0	0	0	12	117	3280	100	289	0	422	15	2025	18292	5163	739	9499	802	532	22	7172	52	9	130	528	729	2898	129	51	1328	2864	70	438	341	10113	3292	1363	4	111	330	1540	105	3	109	17	175	5	1	754	179	2289	323	63	24	116
0	4	0	0	2	0	30	0	30	19	10	2	38	5	1	0	0	0	0	0	5	0	0	0	22	1	10	9	7	2	0	0	0	0	5	692	14	273	0	17	22	2178	5163	8192	202	4995	68	323	0	4802	193	0	209	54	70	621	120	6	958	529	1	36	74	2681	465	343	0	213	49	413	38	0	11	1	16	4	0	150	19	248	27	390	24	7
0	139	71	0	384	1	262	58	237	1727	42	66	220	102	4	69	30	82	0	2	86	14	318	24	1643	19	197	202	683	23	1	0	0	8	136	189	1086	15	0	341	1	65	739	202	8325	96	20	743	147	312	684	22	4	12	183	46	11	1454	37	5960	466	204	619	2429	216	10	0	25	44	114	1049	224	185	33	574	7	3	1915	417	165	133	143	3	1
0	4	1	0	455	0	256	1	235	16	55	54	328	51	5	67	0	23	0	3	371	5	0	2	427	27	87	51	68	20	0	0	0	12	90	2021	67	118	0	761	8	3077	9499	4995	96	15272	636	1883	19	5743	20	5	48	413	519	4625	84	32	794	850	49	323	220	4599	2259	338	4	88	37	1292	184	3	78	15	222	5	0	688	189	2368	317	65	24	195
0	2	5	0	1	0	0	0	0	0	0	165	0	554	0	1	0	3	0	0	1	0	0	3	1	147	136	105	0	0	0	68	0	0	7	674	39	3	0	0	0	3	802	68	20	636	4892	91	1252	1077	0	6	0	850	695	279	6	21	28	44	293	689	168	188	1121	0	51	22	5	997	8	146	10	4	2	0	23	424	957	1844	89	0	1	445
0	0	0	0	21	0	33	0	20	0	2	2	336	4	0	18	0	0	0	0	39	0	0	0	19	10	21	15	1	0	0	0	0	0	5	617	22	1	0	512	3	1014	532	323	743	1883	91	5720	4	1389	743	2	4	24	50	2741	2	11	2	881	20	92	74	411	800	0	1	59	1	639	71	0	6	0	77	1	1	238	57	954	198	313	17	115
0	8	0	0	0	0	0	0	0	1	0	287	0	1246	0	0	0	1	0	2	0	0	1	0	1	872	723	391	0	0	0	282	0	0	4	17	226	0	0	0	0	0	22	0	147	19	1252	4	3540	38	0	1	0	10	10	11	0	176	2	100	1182	1009	747	8	33	0	255	0	0	53	6	134	8	4	1	0	24	72	623	140	18	0	0	289
0	4	0	0	10	0	150	3	152	26	14	27	125	32	7	8	0	0	0	0	16	0	0	2	38	29	107	81	8	7	0	0	2	0	63	3595	115	535	0	183	11	1301	7172	4802	312	5743	1077	1389	38	12595	10	4	490	619	749	2257	167	57	1308	849	76	455	338	2781	4130	935	4	300	78	1828	245	3	78	8	95	18	0	349	131	3125	285	160	110	266
0	0	0	0	0	0	0	0	0	0	0	0	1	0	0	0	0	0	0	0	0	2	0	0	1	0	0	0	1	0	0	0	0	0	0	2	0	0	0	143	184	624	52	193	684	20	0	743	0	10	1821	0	0	0	0	30	0	0	0	602	0	0	0	352	1	0	0	106	0	121	3	0	0	0	0	0	0	27	0	0	0	841	92	0
0	16	102	0	0	0	0	1	0	2	0	0	0	1	0	1	198	3	0	2	0	29	461	277	16	4	15	223	26	0	0	0	0	0	22	2	75	2	0	0	0	0	9	0	22	5	6	2	1	4	0	4402	1	8	18	3	770	2192	990	1348	6	32	520	467	2	0	0	0	0	1	126	23	26	14	1	1	0	1092	412	36	27	0	0	1
0	67	2	0	1	14	0	3	0	2	0	1	0	0	0	13	0	28	0	8	0	1	1	11	2	3	77	99	12	8	2	0	0	2	21	272	118	1943	0	0	0	1	130	209	4	48	0	4	0	490	0	1	4052	0	397	11	200	2	2032	20	0	257	1761	128	117	102	0	1	28	192	3	0	40	40	19	3	0	27	9	162	56	0	0	0
0	0	1	0	0	0	0	0	1	4	0	5	0	7	1	0	0	1	0	0	0	0	0	2	5	5	38	23	3	0	0	1	0	0	1	497	29	2	0	0	0	3	528	54	12	413	850	24	10	619	0	8	0	1581	1089	161	10	19	26	34	32	422	88	109	640	0	1	0	0	318	1	0	0	0	0	0	0	166	182	809	2	0	0	1
2	75	32	0	1	8	14	3	17	49	0	26	11	12	5	2	0	122	5	77	3	24	77	13	28	58	627	312	67	4	2	2	0	1	56	678	303	276	0	2	0	4	729	70	183	519	695	50	10	749	0	18	397	1089	5315	262	19	192	131	137	127	2719	867	295	824	2	2	1	2	1114	201	72	103	95	13	8	0	889	1042	1470	127	3	2	0
0	1	1	0	397	0	226	0	206	2	49	50	404	47	4	61	0	18	0	3	303	4	0	0	346	20	64	34	58	18	0	0	0	11	78	1286	53	6	0	1124	3	503	2898	621	46	4625	279	2741	11	2257	30	3	11	161	262	6748	2	28	21	561	41	223	145	1304	1383	2	2	62	1	914	182	0	62	4	207	2	0	728	151	1524	248	125	22	128
0	0	4	0	0	0	0	0	0	0	0	0	0	0	0	0	3	3	0	2	0	11	50	8	4	3	5	7	8	0	0	0	0	0	11	54	2	92	0	0	0	0	129	120	11	84	6	2	0	167	0	770	200	10	19	2	5135	99	2672	147	3	17	158	577	56	1896	0	0	23	427	38	6	18	18	0	0	0	673	180	475	106	0	0	5
3	379	1091	0	3	1	12	5	14	41	0	3	5	24	3	2	466	159	1	13	3	168	2307	835	239	17	235	2595	421	0	1	0	0	3	61	49	1531	12	0	0	0	1	51	6	1454	32	21	11	176	57	0	2192	2	19	192	28	99	8687	2192	1966	687	239	2880	552	57	0	0	0	0	78	834	272	118	127	8	3	0	842	734	141	11	1	0	0
2	44	761	0	2	16	3	6	7	6	1	5	2	4	5	8	262	66	4	37	3	30	767	752	21	7	179	1318	78	7	3	0	0	4	87	409	96	2201	0	0	1	28	1328	958	37	794	28	2	2	1308	0	990	2032	26	131	21	2672	2192	17691	79	11	293	2825	1641	171	1917	0	11	11	583	341	36	311	382	33	9	0	3136	954	1231	645	1	14	29
0	38	20	0	727	1	430	57	388	1347	112	123	452	144	11	97	40	64	0	10	279	45	293	39	1733	16	125	74	594	36	1	0	1	12	229	567	709	24	0	867	4	207	2864	529	5960	850	44	881	100	849	602	1348	20	34	137	561	147	1966	79	13271	331	158	680	6465	774	196	0	38	267	311	591	89	279	23	667	21	1	1713	419	519	528	139	8	11
0	41	4	0	0	2	0	0	4	5	0	27	0	392	4	0	2	3	0	10	0	0	3	4	4	1153	924	877	2	2	0	45	0	0	14	68	1095	1	0	0	0	0	70	1	466	49	293	20	1182	76	0	6	0	32	127	41	3	687	11	331	3069	661	1676	26	80	0	27	2	0	103	12	23	16	11	1	1	8	89	85	160	17	0	25	110
2	240	48	0	2	5	27	4	24	44	1	316	24	877	6	2	12	621	12	389	6	26	90	27	26	874	3921	1707	62	16	3	241	0	1	77	392	1612	1820	0	2	0	1	438	36	204	323	689	92	1009	455	0	32	257	422	2719	223	17	239	293	158	661	12715	4482	208	491	3	257	1	2	607	315	190	120	94	7	3	0	1148	1756	1022	142	3	2	3
6	2601	891	0	5	71	51	15	54	163	9	81	46	354	12	52	77	395	18	152	7	76	637	177	109	1167	4035	6367	143	43	16	131	0	9	430	251	6193	2500	0	0	0	2	341	74	619	220	168	74	747	338	0	520	1761	88	867	145	158	2880	2825	680	1676	4482	23299	333	304	14	184	0	2	1122	907	406	746	552	101	64	1	2392	1136	2081	442	1	0	4
2	11	13	0	877	0	337	9	287	963	64	67	371	62	7	160	40	82	0	12	392	46	302	25	1668	14	110	44	350	26	0	0	0	12	123	1287	86	300	0	1067	9	1189	10113	2681	2429	4599	188	411	8	2781	352	467	128	109	295	1304	577	552	1641	6465	26	208	333	18434	1785	1927	0	65	490	875	565	36	116	35	838	6	1	1823	438	1130	587	93	18	48
0	1	0	0	7	0	13	1	13	18	1	8	20	10	0	5	0	0	0	0	4	0	0	1	26	31	103	83	3	3	0	0	0	0	14	3377	117	36	0	92	0	39	3292	465	216	2259	1121	800	33	4130	1	2	117	640	824	1383	56	57	171	774	80	491	304	1785	6842	232	4	80	920	1815	22	0	16	4	18	4	0	176	117	2787	141	33	79	213
0	0	0	0	0	0	0	0	0	0	0	0	0	0	0	0	0	0	0	0	0	0	0	0	0	0	0	0	0	0	0	0	0	0	0	710	0	129	0	0	0	0	1363	343	10	338	0	0	0	935	0	0	102	0	2	2	1896	0	1917	196	0	3	14	1927	232	6465	0	0	33	471	0	0	0	0	0	0	0	4	1	407	15	0	0	3
0	1	0	0	0	0	0	0	0	1	0	26	0	160	0	0	0	0	0	0	0	0	1	0	1	145	142	10	0	0	0	19	0	0	0	2	0	0	0	0	0	0	4	0	0	4	51	1	255	4	0	0	0	1	2	2	0	0	0	0	27	257	184	0	4	0	298	0	0	0	0	1	0	0	0	0	0	3	32	5	1	0	0	0
0	0	0	0	2	0	20	0	19	2	2	5	18	3	0	0	0	0	0	0	0	0	0	0	2	0	3	0	3	0	0	0	0	0	6	3	0	1	0	13	6	305	111	213	25	88	22	59	0	300	106	0	1	0	1	62	0	0	11	38	2	1	0	65	80	0	0	737	1	459	9	1	14	0	10	3	0	63	2	64	26	202	116	5
0	0	0	0	0	0	1	0	1	0	0	0	1	0	0	0	0	0	0	0	0	0	0	0	0	0	0	0	0	0	0	0	0	0	0	142	0	6	0	0	0	7	330	49	44	37	5	1	0	78	0	0	28	0	2	1	23	0	11	267	0	2	2	490	920	33	0	1	962	61	0	0	1	0	0	0	0	0	1	18	1	0	0	0
3	84	18	0	2	1	11	3	12	34	1	4	13	11	1	4	3	62	1	5	3	0	19	11	32	53	189	195	3	3	3	0	0	0	55	1315	246	108	0	51	11	452	1540	413	114	1292	997	639	53	1828	121	1	192	318	1114	914	427	78	583	311	103	607	1122	875	1815	471	0	459	61	6376	27	6	57	29	19	2	0	212	112	4127	180	262	105	179
16	97	861	0	211	347	1373	144	1366	641	142	467	855	622	97	436	231	323	433	491	294	797	446	1736	793	11	2227	2268	1651	158	32	14	263	133	890	11	652	80	0	153	0	8	105	38	1049	184	8	71	6	245	3	126	3	1	201	182	38	834	341	591	12	315	907	565	22	0	0	9	0	27	13074	1755	2747	1667	1052	347	14	1839	623	65	40	91	1	0
1	8	25	0	5	0	68	1	69	102	12	648	60	418	5	2	64	115	304	114	5	55	170	169	38	8	1024	320	89	6	2	54	2	1	43	0	299	44	0	0	0	0	3	0	224	3	146	0	134	3	0	23	0	0	72	0	6	272	36	89	23	190	406	36	0	0	1	1	0	6	1755	2849	243	77	4	2	90	424	469	26	0	2	0	50
94	73	1041	0	319	338	1482	478	1715	44	191	1036	1061	1354	384	353	8	708	259	652	675	1499	51	2270	582	26	1856	1969	2089	1097	620	16	253	1011	6814	6	212	76	0	23	0	0	109	11	185	78	10	6	8	78	0	26	40	0	103	62	18	118	311	279	16	120	746	116	16	0	0	14	1	57	2747	243	12782	5729	742	855	223	525	100	290	279	25	0	4
25	42	949	0	69	302	304	167	409	21	9	149	92	376	96	184	21	402	141	286	28	652	29	2323	249	8	1053	1860	1286	297	103	2	131	222	2036	1	99	41	0	1	0	0	17	1	33	15	4	0	4	8	0	14	40	0	95	4	18	127	382	23	11	94	552	35	4	0	0	0	0	29	1667	77	5729	7276	691	573	11	235	42	241	272	0	0	0
1	7	7	0	98	633	1003	53	751	1292	68	3	495	44	4	1743	0	6	0	3	90	84	20	455	775	1	8	18	763	67	18	0	83	46	217	13	17	17	0	210	0	4	175	16	574	222	2	77	1	95	0	1	19	0	13	207	0	8	33	667	1	7	101	838	18	0	0	10	0	19	1052	4	742	691	4160	487	0	211	8	89	67	34	1	1
1	2	20	0	27	394	279	1	442	0	1	84	22	334	114	136	0	10	10	9	5	40	0	224	35	1	36	55	54	6	2	0	337	4	471	2	7	9	0	1	0	0	5	4	7	5	0	1	0	18	0	1	3	0	8	2	0	3	9	21	1	3	64	6	4	0	0	3	0	2	347	2	855	573	487	1277	43	65	1	41	44	4	0	0
0	3	0	0	3	1	51	1	70	1	6	122	33	305	12	0	0	0	0	0	8	0	1	0	2	42	3	3	4	11	0	0	19	0	62	0	2	0	0	0	0	0	1	0	3	0	23	1	24	0	0	0	0	0	0	0	0	0	0	1	8	0	1	1	0	0	0	0	0	0	14	90	223	11	0	43	420	11	38	1	0	0	0	18
7	122	169	0	25	3	448	43	468	409	56	102	383	178	20	14	8	537	33	79	61	201	492	97	372	50	641	371	577	31	3	11	12	12	282	149	633	22	0	68	0	19	754	150	1915	688	424	238	72	349	27	1092	27	166	889	728	673	842	3136	1713	89	1148	2392	1823	176	4	3	63	0	212	1839	424	525	235	211	65	11	14261	4870	1154	802	588	87	21
9	103	64	0	1	0	28	10	34	68	0	278	20	443	9	0	18	557	0	74	3	125	518	40	67	51	686	213	255	5	4	81	0	4	91	86	509	36	0	1	0	3	179	19	417	189	957	57	623	131	0	412	9	182	1042	151	180	734	954	419	85	1756	1136	438	117	1	32	2	1	112	623	469	100	42	8	1	38	4870	6950	730	176	6	10	219
6	619	45	0	8	61	7	13	15	34	0	5	11	17	8	53	6	205	3	38	5	11	37	68	49	86	679	854	31	25	11	0	0	9	151	2012	1033	152	0	94	0	33	2289	248	165	2368	1844	954	140	3125	0	36	162	809	1470	1524	475	141	1231	519	160	1022	2081	1130	2787	407	5	64	18	4127	65	26	290	241	89	41	1	1154	730	10293	1528	46	138	460
5	40	23	0	0	83	3	7	9	8	0	2	5	5	7	17	1	46	3	9	1	12	2	70	26	14	108	131	73	11	4	0	0	3	106	149	94	41	0	44	0	18	323	27	133	317	89	198	18	285	0	27	56	2	127	248	106	11	645	528	17	142	442	587	141	15	1	26	1	180	40	0	279	272	67	44	0	802	176	1528	2749	4	63	77
0	0	0	0	3	0	69	0	70	0	9	8	65	8	2	2	0	0	0	0	7	0	0	0	5	0	4	0	0	3	0	0	1	0	19	9	1	0	0	19	232	730	63	390	143	65	0	313	0	160	841	0	0	0	3	125	0	1	1	139	0	3	1	93	33	0	0	202	0	262	91	2	25	0	34	4	0	588	6	46	4	2039	154	0
0	0	0	0	0	0	0	0	0	2	0	0	0	0	0	1	0	0	0	0	0	0	0	0	2	0	0	0	0	0	0	0	0	0	0	1	0	0	0	4	173	190	24	24	3	24	1	17	0	110	92	0	0	0	2	22	0	0	14	8	25	2	0	18	79	0	0	116	0	105	1	0	0	0	1	0	0	87	10	138	63	154	577	42
0	0	0	0	0	0	0	0	0	0	0	27	0	67	0	1	0	0	0	0	0	0	0	0	0	21	1	1	0	0	0	1	0	0	4	101	0	0	0	0	0	2	116	7	1	195	445	115	289	266	0	1	0	1	0	128	5	0	29	11	110	3	4	48	213	3	0	5	0	179	0	50	4	0	1	0	18	21	219	460	77	0	42	829
