0.0377092559083	6.06209402914e-06	0.00394036111894	0	3.03104701457e-06	9.09314104371e-06	0.00202777045275	0.0224358100018	0.0187015600799	0.000851724211094	0.00027885632534	0.000321290983544	2.1217329102e-05	1.51552350729e-05	0.0245848223352	1.51552350729e-05	3.03104701457e-06	0.00341295893841	8.79003634225e-05	0.00150036827221	3.94036111894e-05	0.0016216101528	3.03104701457e-06	0.00356148024212	0.00145187151998	3.03104701457e-06	0.00451626005171	0.00336749323319	0.00551044347249	0.0102115973921	0.00540435682698	2.42483761166e-05	2.1217329102e-05	0.000606209402914	0.00752002764315	0	0	1.21241880583e-05	0	2.72794231311e-05	0	1.21241880583e-05	0	0	0.000427377629054	2.42483761166e-05	3.03104701457e-06	1.21241880583e-05	0	1.81862820874e-05	0	3.03104701457e-06	0	3.03104701457e-06	3.03104701457e-06	2.1217329102e-05	0	3.03104701457e-06	1.51552350729e-05	0.000227328526093	9.09314104371e-06	1.21241880583e-05	3.33415171603e-05	0.00013942816267	6.97140813351e-05	0	0	0	0	5.45588462623e-05	0.000727451283497	4.84967522331e-05	0.00562562325904	0.00195805637141	3.63725641748e-05	8.4869316408e-05	1.51552350729e-05	0.000251576902209	3.33415171603e-05	3.94036111894e-05	3.03104701457e-06	0	0	0
6.06209402914e-06	0.018095350677	1.81862820874e-05	0	0	0	0	3.03104701457e-05	6.06209402914e-06	0.00581657922096	6.06209402914e-06	0.000330384124588	9.09314104371e-06	0.000933562480488	1.21241880583e-05	3.33415171603e-05	0.00139731267372	3.03104701457e-06	0	3.33415171603e-05	1.21241880583e-05	5.75898932768e-05	0.00475268171885	0.000227328526093	0.00569230629336	0.00306438853173	0.000903252010342	0.0116604378651	0.000469812287258	2.72794231311e-05	0	6.06209402914e-05	0	0	9.69935044662e-05	0	0.00440108026516	0	0	0	0	0	0	0	4.54657052186e-05	0	0.00028491841937	0	0.000648644061118	0	0	7.27451283497e-05	0	1.51552350729e-05	3.94036111894e-05	0	4.54657052186e-05	0.000166707585801	5.15277992477e-05	4.54657052186e-05	0.00103358703197	0.000239452714151	0.00435561455994	6.06209402914e-06	0	0	0	0	0	0	7.27451283497e-05	0.000233390620122	0.000124272927597	7.88072223788e-05	3.03104701457e-05	9.09314104371e-06	0.000154583397743	3.03104701457e-06	1.51552350729e-05	0	0	0	0	0
0.00394036111894	1.81862820874e-05	0.0363180053286	0	0	0	0.000603178355899	0.00735938215138	0.00388883331969	1.81862820874e-05	9.09314104371e-06	3.63725641748e-05	0	0	0.00320987878843	0	0	0.00491938930465	3.03104701457e-06	0.000203080149976	0	0.00389792646074	6.06209402914e-06	0.0205626229468	6.06209402914e-06	0	0.0114179541039	0.0136457736596	0.00671376913727	0.000418284488011	0.00552559870756	3.03104701457e-06	0	0	0.000812320599905	0	0.00024551480818	0.000151552350729	0	0	0	0	0	0	2.1217329102e-05	0	3.03104701457e-06	0	6.06209402914e-06	0	0	3.33415171603e-05	3.03104701457e-05	0	6.06209402914e-06	0	1.21241880583e-05	0.000421315535025	0.000118210833568	3.03104701457e-06	3.03104701457e-06	3.94036111894e-05	0.00112451844241	6.06209402914e-06	0	0	0	0	0	1.81862820874e-05	0.000788072223788	1.51552350729e-05	0.00053043322755	0.000115179786554	0	1.21241880583e-05	0	0.000115179786554	0.000112148739539	4.54657052186e-05	1.51552350729e-05	3.03104701457e-06	0	3.03104701457e-06
0	0	0	0	0	0	0	0	0	0	0	0	0	0	0	0	0	0	0	0	0	0	0	0	0	0	0	0	0	0	0	0	0	0	0	0	0	0	0	0	0	0	0	0	0	0	0	0	0	0	0	0	0	0	0	0	0	0	0	0	0	0	0	0	0	0	0	0	0	0	0	0	0	0	0	0	0	0	0	0	0	0	0	0
3.03104701457e-06	0	0	0	0.0155613953728	3.94036111894e-05	0.000330384124588	0.000854755258109	0.000145490256699	0.00125485346403	0.00164888957593	3.94036111894e-05	0.00260973147954	0	0.000142459209685	0.000263701090268	0	0	0	2.42483761166e-05	0.00620455323883	0	6.06209402914e-06	0	0.00690775614621	0	0.000124272927597	0.000215204338034	0.0051376246897	6.06209402914e-05	0	3.03104701457e-06	3.03104701457e-06	0	0.000124272927597	0	0	0	0	0.00334627590409	3.03104701457e-06	0.000824444787963	0	4.54657052186e-05	0.00138821953267	0.00128516393418	0.000121241880583	0.00164888957593	0	0.000218235385049	7.88072223788e-05	0	3.03104701457e-06	0.000154583397743	6.97140813351e-05	0.00286433942877	0	9.09314104371e-06	0	0.00172769679831	0	8.18382693934e-05	3.03104701457e-06	0.00142459209685	0.000448594958156	0	0	0	0	0.000436470770098	7.27451283497e-05	6.06209402914e-06	0.000269763184297	0	0.000157614444758	0	0	4.2434658204e-05	0	0.000460719146215	9.09314104371e-06	7.88072223788e-05	3.03104701457e-05	0
9.09314104371e-06	0	0	0	3.94036111894e-05	0.00874153959002	0.00501941385613	0.00024551480818	0.00163676538787	0.000206111196991	0.000154583397743	8.4869316408e-05	0.000430408676069	7.57761753643e-05	2.42483761166e-05	0.00275522173624	0	0	0	0	1.81862820874e-05	0	0	0	0.000427377629054	0	7.27451283497e-05	2.1217329102e-05	0.00070320290738	1.51552350729e-05	0	6.3651987306e-05	0.00239452714151	0	0.000181862820874	0	0	0	0	2.1217329102e-05	0	0	0	0	2.72794231311e-05	1.21241880583e-05	0	0	0	0	0	0	0	0	0	6.06209402914e-06	0	0	0	3.63725641748e-05	0	0	0	2.42483761166e-05	0	0	0	0	0	0	0.000572867885754	0	7.57761753643e-05	2.72794231311e-05	0.00209748453408	0.000506184851433	6.06209402914e-06	0	0	0	0	0	0	0
0.00202777045275	0	0.000603178355899	0	0.000330384124588	0.00501941385613	0.0565199336807	0.0127182732731	0.0307742203389	0.000545588462623	0.0215507442736	0.0012700086991	0.00996911363092	0.000224297479078	0.00499516548001	0.00434652141889	0	2.42483761166e-05	3.33415171603e-05	0.000415253440996	0.00405250985848	6.97140813351e-05	3.03104701457e-06	0.000645613014103	0.000927500386458	0	0.00146702675505	0.00170951051622	0.00671073809026	0.00108511483122	3.33415171603e-05	0.000151552350729	0.00220357117959	0	0.001664044811	0	0	3.03104701457e-06	0	9.09314104371e-06	0	0	0	0	4.54657052186e-05	3.03104701457e-06	3.03104701457e-06	0	3.03104701457e-06	0	0	0	1.51552350729e-05	2.42483761166e-05	7.27451283497e-05	0	0	0	0	0.00035160145369	3.03104701457e-06	7.88072223788e-05	3.94036111894e-05	0.000300073654442	8.18382693934e-05	0	0	0	0	8.18382693934e-05	0.00218235385049	5.45588462623e-05	0.00172769679831	0.000454657052186	0.00216113652139	0.000172769679831	3.03104701457e-06	5.45588462623e-05	4.84967522331e-05	8.18382693934e-05	0	0	0	0
0.0224358100018	3.03104701457e-05	0.00735938215138	0	0.000854755258109	0.00024551480818	0.0127182732731	0.0737332496764	0.0284797177489	0.00101540074988	0.0142428899215	0.00129122602821	0.000694109766337	3.03104701457e-05	0.0210718388453	0.000397067158909	2.1217329102e-05	0.0021641675684	0.000287949466384	0.00201261521767	0.000451626005171	0.00284615314668	1.21241880583e-05	0.00915679303102	0.001039649126	0	0.00576505142171	0.00526795971132	0.0315077337165	0.00656221678654	0.00733816482227	4.84967522331e-05	6.97140813351e-05	1.51552350729e-05	0.00574383409261	0	2.72794231311e-05	2.1217329102e-05	0	0.000551650556652	0	3.03104701457e-06	0	0	0.00103661807898	8.4869316408e-05	4.84967522331e-05	0	3.03104701457e-06	6.06209402914e-06	0	9.09314104371e-06	9.09314104371e-06	5.15277992477e-05	2.42483761166e-05	4.84967522331e-05	3.03104701457e-06	1.51552350729e-05	2.42483761166e-05	0.00148218199012	2.72794231311e-05	9.69935044662e-05	0.000181862820874	0.000721389189468	9.39624574517e-05	0	0	0	0	0.000103055598495	0.00303407806158	0.000112148739539	0.00716236409543	0.00234299934226	0.000454657052186	0.000239452714151	9.09314104371e-06	0.000133366068641	6.97140813351e-05	0.00010608664551	3.03104701457e-06	0	0	0
0.0187015600799	6.06209402914e-06	0.00388883331969	0	0.000145490256699	0.00163676538787	0.0307742203389	0.0284797177489	0.0722419745453	0.000203080149976	0.016231256763	0.00434652141889	0.00455869470991	0.00182772134979	0.0277219559953	0.000769885941701	3.03104701457e-06	0.00113967367748	0.000506184851433	0.00129122602821	0.00258548310343	0.000578929979783	9.09314104371e-06	0.00377062248613	0.000454657052186	3.03104701457e-06	0.0051376246897	0.0041191928928	0.00881428471837	0.00457991203902	0.000909314104371	0.00116089100658	0.00315531994217	9.39624574517e-05	0.00832628614902	0	6.06209402914e-06	1.51552350729e-05	0	9.09314104371e-06	0	0	0	0	0.000124272927597	6.06209402914e-06	3.03104701457e-06	0	1.81862820874e-05	3.03104701457e-06	0	3.03104701457e-06	1.81862820874e-05	4.84967522331e-05	0.000136397115656	3.03104701457e-06	0	6.06209402914e-06	1.81862820874e-05	0.00053043322755	2.1217329102e-05	0.000151552350729	8.79003634225e-05	0.000439501817113	0.000163676538787	0	0	0	0	0.000157614444758	0.00297042607428	0.000115179786554	0.00434045932486	0.00123969822896	0.00175497622144	0.000454657052186	2.1217329102e-05	0.000130335021627	9.39624574517e-05	0.000151552350729	0	0	0	0
0.000851724211094	0.00581657922096	1.81862820874e-05	0	0.00125485346403	0.000206111196991	0.000545588462623	0.00101540074988	0.000203080149976	0.0351965179332	4.54657052186e-05	0.000175800726845	0.00131547440432	0.000481936475317	0.00130941231029	0.00192471485425	4.84967522331e-05	3.94036111894e-05	3.03104701457e-06	6.06209402914e-06	0.00035160145369	8.4869316408e-05	0.0057408030456	0.000200049102962	0.0192077449313	0.00211870186318	8.4869316408e-05	0.0027673459243	0.00984787175034	0.00234603038928	1.81862820874e-05	1.81862820874e-05	6.66830343205e-05	2.72794231311e-05	0.000366756688763	0	3.94036111894e-05	7.57761753643e-05	0	0.00151249246027	1.21241880583e-05	7.57761753643e-05	0	3.03104701457e-06	0.0154765260564	0.00127607079313	0.00027885632534	0.000157614444758	0.000472843334273	0.000115179786554	4.84967522331e-05	0.000800196411847	0	3.94036111894e-05	1.51552350729e-05	0.00103358703197	0.000803227458861	0.00264004194969	0.000766854894686	0.00985696489138	0.000345539359661	6.3651987306e-05	0.000866879446167	0.00379183981523	0.000612271496943	7.88072223788e-05	0	9.09314104371e-06	6.06209402914e-06	0.000630457779031	0.00256729682134	0.000187924914903	0.00137003325059	0.00138518848566	0.00197018055947	0.00031825993653	0.00010608664551	0.00520430772402	0.00237330981241	0.000548619509637	1.21241880583e-05	9.69935044662e-05	6.06209402914e-06	3.03104701457e-06
0.00027885632534	6.06209402914e-06	9.09314104371e-06	0	0.00164888957593	0.000154583397743	0.0215507442736	0.0142428899215	0.016231256763	4.54657052186e-05	0.0434409658128	0.000518309039492	0.00306135748472	1.51552350729e-05	0.00345539359661	0.000466781240244	6.06209402914e-06	2.42483761166e-05	5.45588462623e-05	0.000839600023036	0.00237027876539	3.33415171603e-05	3.03104701457e-06	4.2434658204e-05	0.000924469339444	0	0.00123666718194	0.00157917549459	0.00699868755664	0.000827475834978	1.81862820874e-05	6.06209402914e-06	1.81862820874e-05	0	0.00159736177668	0	3.03104701457e-06	3.03104701457e-06	0	0.000594085214856	0	3.94036111894e-05	6.06209402914e-06	5.15277992477e-05	4.2434658204e-05	0.00113361158345	0.000142459209685	0.000372818782792	0	0.000148521303714	0	6.06209402914e-06	3.03104701457e-06	0.000124272927597	0.000230359573107	0.0013942816267	0	0	1.21241880583e-05	0.000163676538787	3.03104701457e-06	0.000209142244005	8.4869316408e-05	5.75898932768e-05	0.000757761753643	3.03104701457e-06	0	0	0	0.0009153761984	0.00109723901927	1.81862820874e-05	0.00232178201316	0.000224297479078	0.000239452714151	3.03104701457e-06	0	0.00013942816267	4.54657052186e-05	0.000879003634225	0.000154583397743	3.03104701457e-06	1.51552350729e-05	0
0.000321290983544	0.000330384124588	3.63725641748e-05	0	3.94036111894e-05	8.4869316408e-05	0.0012700086991	0.00129122602821	0.00434652141889	0.000175800726845	0.000518309039492	0.0265974375529	0.000709265001409	0.00666830343205	0.00245211703479	6.06209402914e-06	1.51552350729e-05	0.000172769679831	0.00404947881147	0.00537404635683	0.000630457779031	0.000127303974612	8.4869316408e-05	4.84967522331e-05	0.000145490256699	0.000254607949224	0.00957204647201	0.00404341671744	0.000439501817113	0.00507094165538	0.000136397115656	0.00352813872496	0.000872941540196	3.03104701457e-06	0.0126758386149	0	9.69935044662e-05	0	0	2.1217329102e-05	0	0	0	0	2.1217329102e-05	0	0.000281887372355	0	0.000730482330511	0	0	0	0	0	0	0	0	3.03104701457e-06	0	9.09314104371e-05	0.000403129252938	7.27451283497e-05	0.000272794231311	3.03104701457e-05	0	0	3.03104701457e-06	0	0	0	0.00042434658204	0.00178528669158	0.0027885632534	1.51552350729e-05	3.03104701457e-06	0.000148521303714	0.000903252010342	0	0.000248545855195	0	0	0	0	3.03104701457e-06
2.1217329102e-05	9.09314104371e-06	0	0	0.00260973147954	0.000430408676069	0.00996911363092	0.000694109766337	0.00455869470991	0.00131547440432	0.00306135748472	0.000709265001409	0.0232632858368	1.21241880583e-05	0.00225509897884	0.0029946744504	0	6.06209402914e-06	2.72794231311e-05	0.000324322030559	0.00920832083026	0	3.03104701457e-06	0	0.00398885787117	6.06209402914e-06	0.000839600023036	0.001039649126	0.00146399570804	0.000751699659613	0	1.81862820874e-05	0.00010608664551	0	0.000754730706628	3.03104701457e-06	0	3.03104701457e-06	0	7.88072223788e-05	0	0.0013730642976	3.03104701457e-06	2.1217329102e-05	0.000109117692525	0.000127303974612	0.000418284488011	0.00230056468406	3.03104701457e-06	0.000506184851433	1.21241880583e-05	0	1.51552350729e-05	0.00038494297085	0.000330384124588	9.09314104371e-05	0	3.03104701457e-06	3.03104701457e-06	0.000445563911142	0	0.000309166795486	2.72794231311e-05	0.000375849829807	0.0016216101528	1.81862820874e-05	0	0	0	0.00123969822896	0.000624395685001	2.72794231311e-05	0.000778979082745	9.09314104371e-06	0.00111542530136	3.03104701457e-06	0	0.000163676538787	6.06209402914e-05	0.00111239425435	0.000130335021627	9.09314104371e-06	9.09314104371e-06	6.06209402914e-06
1.51552350729e-05	0.000933562480488	0	0	0	7.57761753643e-05	0.000224297479078	3.03104701457e-05	0.00182772134979	0.000481936475317	1.51552350729e-05	0.00666830343205	1.21241880583e-05	0.0203474186088	0.000181862820874	3.03104701457e-06	7.57761753643e-05	0	6.06209402914e-05	4.2434658204e-05	3.03104701457e-06	2.1217329102e-05	0.000206111196991	3.63725641748e-05	0.000312197842501	0.00240058923554	0.00368878421673	0.00534070483967	5.45588462623e-05	0.000648644061118	0	0.00535282902773	0.000718358142453	0	0.00390398855477	0	0.000712296048424	0	0	3.03104701457e-06	0	0	0	0	1.51552350729e-05	3.03104701457e-06	0.00210354662811	0	0.00625304999106	0	0	0	0	0	0	3.03104701457e-06	3.03104701457e-06	1.51552350729e-05	0	1.51552350729e-05	0.00385549180253	0.000515277992477	0.00114270472449	3.03104701457e-06	0	0	3.03104701457e-06	0	0	0	0.000333415171603	0.00457081889797	0.00145490256699	0.000193987008932	0	0.000197018055947	0.00190652857216	6.06209402914e-06	0.000724420236482	7.88072223788e-05	0	0	0	0.000148521303714
0.0245848223352	1.21241880583e-05	0.00320987878843	0	0.000142459209685	2.42483761166e-05	0.00499516548001	0.0210718388453	0.0277219559953	0.00130941231029	0.00345539359661	0.00245211703479	0.00225509897884	0.000181862820874	0.0503638771941	5.45588462623e-05	0	0.00258548310343	0.000469812287258	0.00172163470428	0.00187015600799	0.00117907728867	9.09314104371e-06	0.00290677408697	0.00158523758862	3.03104701457e-06	0.00521340086506	0.00379790190926	0.00550438137846	0.0158887484504	0.00220357117959	0.000221266432064	0.000163676538787	0.000345539359661	0.00784434967371	0	6.06209402914e-06	1.51552350729e-05	0	5.45588462623e-05	0	1.21241880583e-05	0	0	0.000712296048424	4.84967522331e-05	3.03104701457e-06	1.51552350729e-05	0	2.72794231311e-05	0	6.06209402914e-06	6.06209402914e-06	3.63725641748e-05	7.57761753643e-05	4.54657052186e-05	0	6.06209402914e-06	2.1217329102e-05	0.000506184851433	9.09314104371e-06	9.09314104371e-05	6.66830343205e-05	0.000281887372355	0.000181862820874	0	0	0	0	0.000157614444758	0.00130031916925	5.15277992477e-05	0.00450413586365	0.00142762314386	0.000327353077574	4.2434658204e-05	1.51552350729e-05	0.000445563911142	6.3651987306e-05	0.000142459209685	3.03104701457e-06	0	0	0
1.51552350729e-05	3.33415171603e-05	0	0	0.000263701090268	0.00275522173624	0.00434652141889	0.000397067158909	0.000769885941701	0.00192471485425	0.000466781240244	6.06209402914e-06	0.0029946744504	3.03104701457e-06	5.45588462623e-05	0.00976603348095	0	0	0	6.06209402914e-06	0.000330384124588	3.03104701457e-06	0	3.03104701457e-06	0.00260973147954	2.1217329102e-05	0	3.94036111894e-05	0.00155795816549	2.72794231311e-05	0	0	0.000691078719322	0	9.09314104371e-06	0	0	3.03104701457e-06	0	5.45588462623e-05	0	0	0	0	0.000127303974612	4.54657052186e-05	0	0	0	0	0	0	0	3.03104701457e-06	3.03104701457e-06	3.03104701457e-05	0	3.03104701457e-06	3.03104701457e-06	0.00013942816267	0	3.03104701457e-06	3.03104701457e-06	9.39624574517e-05	9.09314104371e-06	0	0	0	0	9.09314104371e-06	2.72794231311e-05	0	3.33415171603e-05	3.03104701457e-06	0.00300679863845	1.81862820874e-05	0	2.72794231311e-05	6.06209402914e-06	1.51552350729e-05	3.03104701457e-06	0	0	0
3.03104701457e-06	0.00139731267372	0	0	0	0	0	2.1217329102e-05	3.03104701457e-06	4.84967522331e-05	6.06209402914e-06	1.51552350729e-05	0	7.57761753643e-05	0	0	0.014970341205	2.1217329102e-05	0	0	0	0.00197018055947	0.00754427601927	0.00318563041231	0.00289768094593	0.000330384124588	1.21241880583e-05	0.00350692139586	0.000951748762575	0	2.72794231311e-05	2.1217329102e-05	0	0	4.54657052186e-05	0	2.72794231311e-05	3.03104701457e-06	0	0	0	0	0	0	3.03104701457e-06	0	2.42483761166e-05	3.03104701457e-06	6.97140813351e-05	6.06209402914e-06	0	0.0019338079953	3.03104701457e-06	0	6.06209402914e-06	3.03104701457e-06	0.000466781240244	0.0027885632534	0.00130941231029	6.06209402914e-06	4.84967522331e-05	9.09314104371e-06	0.000575898932768	1.21241880583e-05	6.06209402914e-06	0	0	0	0	3.03104701457e-06	0.00114270472449	9.39624574517e-05	0.000136397115656	2.72794231311e-05	0	0	1.81862820874e-05	3.03104701457e-05	0.000154583397743	0	0	0	0	0
0.00341295893841	3.03104701457e-06	0.00491938930465	0	0	0	2.42483761166e-05	0.0021641675684	0.00113967367748	3.94036111894e-05	2.42483761166e-05	0.000172769679831	6.06209402914e-06	0	0.00258548310343	0	2.1217329102e-05	0.0304347430733	0.000300073654442	0.00755640020732	0	0.0057620203747	0	0.00498304129195	3.63725641748e-05	0	0.0144308148364	0.0104874226704	0.000439501817113	0.00148521303714	0.00632579511941	1.81862820874e-05	0	4.2434658204e-05	0.0109087382054	0	3.03104701457e-06	3.33415171603e-05	0	0	0	0	0	0	4.84967522331e-05	0	1.51552350729e-05	3.03104701457e-06	3.03104701457e-06	0	0	3.03104701457e-06	4.54657052186e-05	0	4.2434658204e-05	3.03104701457e-06	9.09314104371e-06	1.51552350729e-05	6.66830343205e-05	2.1217329102e-05	0	0.000118210833568	0.000190955961918	3.03104701457e-06	0	0	0	0	0	9.09314104371e-06	0.000754730706628	5.15277992477e-05	0.00189743543112	0.00098812132675	6.06209402914e-06	6.06209402914e-06	0	0.000175800726845	0.000133366068641	3.33415171603e-05	9.09314104371e-06	3.03104701457e-06	0	0
8.79003634225e-05	0	3.03104701457e-06	0	0	0	3.33415171603e-05	0.000287949466384	0.000506184851433	3.03104701457e-06	5.45588462623e-05	0.00404947881147	2.72794231311e-05	6.06209402914e-05	0.000469812287258	0	0	0.000300073654442	0.00594085214856	0.00330384124588	2.42483761166e-05	7.88072223788e-05	0	2.42483761166e-05	0	0	0.00151552350729	9.39624574517e-05	5.75898932768e-05	0.000763823847672	0.000109117692525	2.72794231311e-05	0	0	0.0021429502393	0	0	0	0	0	0	0	0	0	3.03104701457e-06	0	0	0	0	0	0	0	0	0	0	0	0	0	0	6.06209402914e-06	0	3.03104701457e-06	0	3.03104701457e-06	0	0	0	0	0	0	0.000203080149976	2.72794231311e-05	0.00031825993653	0	0	0	0	0	0	0	0	0	0	0
0.00150036827221	3.33415171603e-05	0.000203080149976	0	2.42483761166e-05	0	0.000415253440996	0.00201261521767	0.00129122602821	6.06209402914e-06	0.000839600023036	0.00537404635683	0.000324322030559	4.2434658204e-05	0.00172163470428	6.06209402914e-06	0	0.00755640020732	0.00330384124588	0.0189046402299	0.000663799296191	0.00260366938552	3.03104701457e-06	0.00104571122003	2.72794231311e-05	0	0.00880519157733	0.00477693009496	0.00070320290738	0.002079298252	0.00250364483404	3.03104701457e-06	0	3.33415171603e-05	0.0108511483122	0	4.84967522331e-05	3.03104701457e-06	0	9.09314104371e-06	0	0	0	0	1.81862820874e-05	0	1.21241880583e-05	0	3.03104701457e-06	0	0	0	0	3.03104701457e-06	3.94036111894e-05	0	0	0	0	6.66830343205e-05	2.42483761166e-05	0.000100024551481	0.000172769679831	2.72794231311e-05	0	0	0	0	0	0	0.00123363613493	5.45588462623e-05	0.00411009975176	0.000206111196991	0	0	0	3.03104701457e-06	9.09314104371e-06	0	0	0	0	0
3.94036111894e-05	1.21241880583e-05	0	0	0.00620455323883	1.81862820874e-05	0.00405250985848	0.000451626005171	0.00258548310343	0.00035160145369	0.00237027876539	0.000630457779031	0.00920832083026	3.03104701457e-06	0.00187015600799	0.000330384124588	0	0	2.42483761166e-05	0.000663799296191	0.015597767937	0	3.03104701457e-06	0	0.00506791060836	0	0.000966903997648	0.00112451844241	0.00175194517442	0.000645613014103	0	9.09314104371e-06	0	0	0.000845662117065	0	9.09314104371e-06	0	0	9.69935044662e-05	0	0	0	0	0.000100024551481	1.21241880583e-05	6.06209402914e-06	0	9.09314104371e-06	0	0	0	0	0	9.09314104371e-06	0	0	3.03104701457e-06	0	0.00017883177386	1.21241880583e-05	1.51552350729e-05	9.09314104371e-06	0.000124272927597	9.09314104371e-06	0	0	0	0	1.21241880583e-05	0.000142459209685	2.1217329102e-05	0.00121848089986	3.03104701457e-06	0.000127303974612	3.03104701457e-06	0	1.21241880583e-05	6.06209402914e-06	9.09314104371e-06	0	0	0	0
0.0016216101528	5.75898932768e-05	0.00389792646074	0	0	0	6.97140813351e-05	0.00284615314668	0.000578929979783	8.4869316408e-05	3.33415171603e-05	0.000127303974612	0	2.1217329102e-05	0.00117907728867	3.03104701457e-06	0.00197018055947	0.0057620203747	7.88072223788e-05	0.00260366938552	0	0.0422891679473	0.0019974599826	0.0205383745707	0.000133366068641	1.81862820874e-05	0.00420406220921	0.00437683188904	0.00683804206487	0.00330990333991	0.0176164452487	1.51552350729e-05	0	0.000415253440996	0.0116240653009	0	3.03104701457e-06	2.1217329102e-05	0	3.03104701457e-06	0	0	0	0	7.57761753643e-05	3.03104701457e-06	3.03104701457e-06	3.03104701457e-06	1.51552350729e-05	3.03104701457e-06	0	0.00158220654161	3.03104701457e-06	3.03104701457e-06	3.03104701457e-06	6.06209402914e-06	8.4869316408e-05	0.00202777045275	0.0013730642976	4.54657052186e-05	6.06209402914e-06	1.21241880583e-05	0.000242483761166	4.84967522331e-05	6.06209402914e-06	0	0	0	0	6.06209402914e-06	0.00367059793464	0.000197018055947	0.00392823693088	0.00157311340056	0.000103055598495	0.000151552350729	3.03104701457e-06	0.000251576902209	0.000124272927597	1.21241880583e-05	6.06209402914e-06	0	0	6.06209402914e-06
3.03104701457e-06	0.00475268171885	6.06209402914e-06	0	6.06209402914e-06	0	3.03104701457e-06	1.21241880583e-05	9.09314104371e-06	0.0057408030456	3.03104701457e-06	8.4869316408e-05	3.03104701457e-06	0.000206111196991	9.09314104371e-06	0	0.00754427601927	0	0	3.03104701457e-06	3.03104701457e-06	0.0019974599826	0.026412543685	0.00716539514244	0.00742909623271	0.000624395685001	9.09314104371e-06	0.00408282032863	0.000612271496943	3.03104701457e-06	0	9.09314104371e-06	0	0	1.21241880583e-05	0	0.000427377629054	9.09314104371e-06	0	0	3.03104701457e-06	0	0	0	0.000145490256699	0	8.18382693934e-05	6.06209402914e-06	0.000112148739539	3.03104701457e-06	3.03104701457e-06	0.00799590202444	3.03104701457e-06	0	9.09314104371e-06	0	0.000609240449929	0.0105541057047	0.00408585137564	0.000121241880583	0.000103055598495	1.21241880583e-05	0.00239755818853	9.39624574517e-05	0	0	0	3.03104701457e-06	0	0	0.00111845634838	0.000197018055947	3.33415171603e-05	3.03104701457e-05	6.06209402914e-06	0	3.33415171603e-05	0.000118210833568	0.000294011560413	9.09314104371e-06	3.03104701457e-06	1.51552350729e-05	3.03104701457e-06	0
0.00356148024212	0.000227328526093	0.0205626229468	0	0	0	0.000645613014103	0.00915679303102	0.00377062248613	0.000200049102962	4.2434658204e-05	4.84967522331e-05	0	3.63725641748e-05	0.00290677408697	3.03104701457e-06	0.00318563041231	0.00498304129195	2.42483761166e-05	0.00104571122003	0	0.0205383745707	0.00716539514244	0.0719540250789	0.000381911923836	3.03104701457e-05	0.00471024706064	0.0164888957593	0.0113452089755	0.00483755103525	0.0111209114965	1.81862820874e-05	1.51552350729e-05	9.09314104371e-06	0.0086324218975	0	0.000163676538787	0.000321290983544	0	3.03104701457e-06	0	0	3.03104701457e-06	0	0.000181862820874	3.03104701457e-06	9.09314104371e-06	0	3.63725641748e-05	0	0	0.00738363052749	2.42483761166e-05	3.03104701457e-06	3.03104701457e-06	3.03104701457e-06	7.27451283497e-05	0.0100933865585	0.00393429902491	0.00013942816267	1.81862820874e-05	1.51552350729e-05	0.00456778785096	0.000154583397743	3.03104701457e-06	0	0	0	0	6.06209402914e-06	0.0086960738848	0.000487998569346	0.00768976627596	0.00292799141607	0.000197018055947	0.000466781240244	3.63725641748e-05	0.000554681603666	0.000336446218617	4.54657052186e-05	2.42483761166e-05	0	0	9.09314104371e-06
0.00145187151998	0.00569230629336	6.06209402914e-06	0	0.00690775614621	0.000427377629054	0.000927500386458	0.001039649126	0.000454657052186	0.0192077449313	0.000924469339444	0.000145490256699	0.00398885787117	0.000312197842501	0.00158523758862	0.00260973147954	0.00289768094593	3.63725641748e-05	0	2.72794231311e-05	0.00506791060836	0.000133366068641	0.00742909623271	0.000381911923836	0.046811490093	0.00161251701175	0.00013942816267	0.00333415171603	0.0148248509483	0.00258548310343	5.75898932768e-05	1.81862820874e-05	0.000184893867889	6.66830343205e-05	0.00053043322755	0	5.15277992477e-05	1.81862820874e-05	0	0.00053043322755	0	8.79003634225e-05	0	0	0.00575292723365	0.00021217329102	0.000287949466384	8.79003634225e-05	0.000330384124588	7.27451283497e-05	3.03104701457e-06	0.00142762314386	6.06209402914e-06	0.000190955961918	3.94036111894e-05	0.000151552350729	0.00146702675505	0.00280674953549	0.00132456754537	0.00386458494358	0.000227328526093	4.84967522331e-05	0.000324322030559	0.00215507442736	0.000857786305123	3.03104701457e-06	0	0	0	0.000891127822284	0.00128213288716	0.000254607949224	0.00121544985284	0.000821413740949	0.00244605494076	0.000148521303714	7.27451283497e-05	0.00244908598777	0.0011033011133	0.000785041176774	6.06209402914e-06	3.03104701457e-06	0	0
3.03104701457e-06	0.00306438853173	0	0	0	0	0	0	3.03104701457e-06	0.00211870186318	0	0.000254607949224	6.06209402914e-06	0.00240058923554	3.03104701457e-06	2.1217329102e-05	0.000330384124588	0	0	0	0	1.81862820874e-05	0.000624395685001	3.03104701457e-05	0.00161251701175	0.0071775193305	0.000187924914903	0.00350995244287	0.000145490256699	3.03104701457e-06	0	7.57761753643e-05	3.03104701457e-06	0	1.21241880583e-05	0	0.000312197842501	0	0	0	0	0	0	0	1.21241880583e-05	0	0.000879003634225	0	0.00126394660508	0	0	0	0	0	0	0	0	6.06209402914e-06	0	9.09314104371e-06	0.00129122602821	2.42483761166e-05	0.000148521303714	0	0	0	0	0	0	0	2.72794231311e-05	0.000560743697695	0.000103055598495	5.75898932768e-05	2.72794231311e-05	1.21241880583e-05	0.000442532864127	0	9.09314104371e-06	9.09314104371e-06	0	0	0	3.33415171603e-05
0.00451626005171	0.000903252010342	0.0114179541039	0	0.000124272927597	7.27451283497e-05	0.00146702675505	0.00576505142171	0.0051376246897	8.4869316408e-05	0.00123666718194	0.00957204647201	0.000839600023036	0.00368878421673	0.00521340086506	0	1.21241880583e-05	0.0144308148364	0.00151552350729	0.00880519157733	0.000966903997648	0.00420406220921	9.09314104371e-06	0.00471024706064	0.00013942816267	0.000187924914903	0.064694667479	0.0305165813427	0.00136397115656	0.00381305714433	0.00476783695392	0.00666527238504	0.000233390620122	2.1217329102e-05	0.0164676784302	0	0.00303407806158	3.03104701457e-05	0	0.000172769679831	0	0	0	0	0.000233390620122	1.81862820874e-05	0.000336446218617	3.03104701457e-06	0.00198836684156	6.06209402914e-06	3.03104701457e-06	1.21241880583e-05	3.63725641748e-05	0.00017883177386	0.000645613014103	1.51552350729e-05	1.81862820874e-05	0.000121241880583	5.75898932768e-05	0.000712296048424	0.00384033656746	0.002703693937	0.00552256766055	0.000181862820874	2.42483761166e-05	0	0	0	0	4.84967522331e-05	0.00537404635683	0.00224903688481	0.00871426016689	0.00140640581476	1.51552350729e-05	7.88072223788e-05	1.51552350729e-05	0.000287949466384	0.000448594958156	0.000127303974612	2.42483761166e-05	6.06209402914e-06	0	4.2434658204e-05
0.00336749323319	0.0116604378651	0.0136457736596	0	0.000215204338034	2.1217329102e-05	0.00170951051622	0.00526795971132	0.0041191928928	0.0027673459243	0.00157917549459	0.00404341671744	0.001039649126	0.00534070483967	0.00379790190926	3.94036111894e-05	0.00350692139586	0.0104874226704	9.39624574517e-05	0.00477693009496	0.00112451844241	0.00437683188904	0.00408282032863	0.0164888957593	0.00333415171603	0.00350995244287	0.0305165813427	0.130583567482	0.0055134745195	0.00305226434367	0.00506791060836	0.00418587592712	4.84967522331e-05	1.21241880583e-05	0.014561149858	0	0.0201109969417	0.00138215743864	0	0.000330384124588	0	9.09314104371e-06	0	3.03104701457e-06	0.000800196411847	3.03104701457e-05	0.00059711626187	1.81862820874e-05	0.00321594088246	5.15277992477e-05	1.21241880583e-05	0.000839600023036	0.000575898932768	0.000272794231311	0.00139125057969	2.42483761166e-05	0.000193987008932	0.00433136618382	0.000927500386458	0.00176710040949	0.00598934890079	0.00496182396285	0.030589326471	0.000515277992477	0.000154583397743	6.06209402914e-06	0	0	3.03104701457e-06	0.000336446218617	0.0174891412741	0.00245817912882	0.0162979397973	0.00324322030559	0.000166707585801	0.000136397115656	3.03104701457e-05	0.00177922459755	0.00193683904231	0.00063651987306	0.000103055598495	1.51552350729e-05	6.06209402914e-06	0.000127303974612
0.00551044347249	0.000469812287258	0.00671376913727	0	0.0051376246897	0.00070320290738	0.00671073809026	0.0315077337165	0.00881428471837	0.00984787175034	0.00699868755664	0.000439501817113	0.00146399570804	5.45588462623e-05	0.00550438137846	0.00155795816549	0.000951748762575	0.000439501817113	5.75898932768e-05	0.00070320290738	0.00175194517442	0.00683804206487	0.000612271496943	0.0113452089755	0.0148248509483	0.000145490256699	0.00136397115656	0.0055134745195	0.0762793291687	0.00579233084484	0.0109148002995	4.2434658204e-05	0.000224297479078	0.000406160299952	0.00400704415326	0	2.42483761166e-05	6.3651987306e-05	0	0.00145490256699	0	5.15277992477e-05	0	0	0.0078019150155	0.00104268017301	0.000181862820874	6.06209402914e-05	1.51552350729e-05	3.03104701457e-05	0	0.00088203468124	1.81862820874e-05	0.000215204338034	5.75898932768e-05	0.000754730706628	0.00115179786554	0.00246424122285	0.000830506881992	0.00634701244851	1.21241880583e-05	0.000103055598495	0.000627426732016	0.00329171705782	0.000627426732016	6.3651987306e-05	0	0	0	0.000657737202162	0.00603178355899	0.00021217329102	0.00620758428584	0.00268247660789	0.0021005155811	0.000187924914903	4.54657052186e-05	0.0025582036803	0.00170344842219	0.000600147308885	9.09314104371e-06	3.33415171603e-05	0	0
0.0102115973921	2.72794231311e-05	0.000418284488011	0	6.06209402914e-05	1.51552350729e-05	0.00108511483122	0.00656221678654	0.00457991203902	0.00234603038928	0.000827475834978	0.00507094165538	0.000751699659613	0.000648644061118	0.0158887484504	2.72794231311e-05	0	0.00148521303714	0.000763823847672	0.002079298252	0.000645613014103	0.00330990333991	3.03104701457e-06	0.00483755103525	0.00258548310343	3.03104701457e-06	0.00381305714433	0.00305226434367	0.00579233084484	0.0395006046939	0.00663193086788	0.000430408676069	0.000718358142453	0.0022672231669	0.012478820559	0	3.03104701457e-05	2.1217329102e-05	0	0.000112148739539	0	2.1217329102e-05	0	0	0.00129122602821	9.39624574517e-05	6.06209402914e-06	2.42483761166e-05	0	4.84967522331e-05	0	3.03104701457e-06	0	9.09314104371e-06	9.09314104371e-06	9.09314104371e-05	0	0	2.42483761166e-05	0.000657737202162	2.42483761166e-05	6.3651987306e-05	0.000145490256699	0.000257638996238	0.000181862820874	0	0	0	0	0.000166707585801	0.000900220963327	5.15277992477e-05	0.00608634240526	0.00238846504748	9.09314104371e-05	0.000203080149976	2.72794231311e-05	0.000866879446167	4.2434658204e-05	0.000142459209685	3.03104701457e-06	0	0	0
0.00540435682698	0	0.00552559870756	0	0	0	3.33415171603e-05	0.00733816482227	0.000909314104371	1.81862820874e-05	1.81862820874e-05	0.000136397115656	0	0	0.00220357117959	0	2.72794231311e-05	0.00632579511941	0.000109117692525	0.00250364483404	0	0.0176164452487	0	0.0111209114965	5.75898932768e-05	0	0.00476783695392	0.00506791060836	0.0109148002995	0.00663193086788	0.0417951072839	9.09314104371e-06	3.03104701457e-06	0.00110633216032	0.0119302010493	0	0	3.03104701457e-06	0	0	0	0	0	0	6.06209402914e-06	0	0	0	0	0	0	3.03104701457e-06	0	0	3.03104701457e-06	0	0	0	9.09314104371e-06	0	0	3.03104701457e-06	1.81862820874e-05	0	0	0	0	0	0	0	0.00031825993653	2.72794231311e-05	0.00277037697132	0.00049102961636	3.03104701457e-06	1.81862820874e-05	0	1.81862820874e-05	6.06209402914e-06	0	0	0	0	0
2.42483761166e-05	6.06209402914e-05	3.03104701457e-06	0	3.03104701457e-06	6.3651987306e-05	0.000151552350729	4.84967522331e-05	0.00116089100658	1.81862820874e-05	6.06209402914e-06	0.00352813872496	1.81862820874e-05	0.00535282902773	0.000221266432064	0	2.1217329102e-05	1.81862820874e-05	2.72794231311e-05	3.03104701457e-06	9.09314104371e-06	1.51552350729e-05	9.09314104371e-06	1.81862820874e-05	1.81862820874e-05	7.57761753643e-05	0.00666527238504	0.00418587592712	4.2434658204e-05	0.000430408676069	9.09314104371e-06	0.00948414610859	0.000266732137282	0	0.00208536034602	0	0.000554681603666	0	0	0	0	0	0	0	3.03104701457e-06	0	0.00038494297085	0	0.0028491841937	0	0	0	0	0	0	0	0	3.03104701457e-06	0	3.03104701457e-06	0.00247030331687	0.000494060663375	0.000594085214856	0	0	0	0	0	0	0	0.000515277992477	0.00117604624165	0.000924469339444	9.39624574517e-05	0	6.97140813351e-05	1.81862820874e-05	6.06209402914e-06	5.45588462623e-05	3.63725641748e-05	0	0	0	6.3651987306e-05
2.1217329102e-05	0	0	0	3.03104701457e-06	0.00239452714151	0.00220357117959	6.97140813351e-05	0.00315531994217	6.66830343205e-05	1.81862820874e-05	0.000872941540196	0.00010608664551	0.000718358142453	0.000163676538787	0.000691078719322	0	0	0	0	0	0	0	1.51552350729e-05	0.000184893867889	3.03104701457e-06	0.000233390620122	4.84967522331e-05	0.000224297479078	0.000718358142453	3.03104701457e-06	0.000266732137282	0.00578626875081	0	0.00163070329384	0	0	0	0	0	0	0	0	0	1.51552350729e-05	0	0	0	3.03104701457e-06	0	0	0	0	0	0	0	0	0	0	1.21241880583e-05	3.03104701457e-06	0	0	0	0	0	0	0	0	0	0.000469812287258	1.51552350729e-05	0.000454657052186	0.000406160299952	0.000788072223788	0.000545588462623	1.81862820874e-05	6.06209402914e-06	0	0	0	0	0	0
0.000606209402914	0	0	0	0	0	0	1.51552350729e-05	9.39624574517e-05	2.72794231311e-05	0	3.03104701457e-06	0	0	0.000345539359661	0	0	4.2434658204e-05	0	3.33415171603e-05	0	0.000415253440996	0	9.09314104371e-06	6.66830343205e-05	0	2.1217329102e-05	1.21241880583e-05	0.000406160299952	0.0022672231669	0.00110633216032	0	0	0.00318563041231	0.000991152373764	0	0	0	0	0	0	0	0	0	9.09314104371e-06	0	0	0	0	0	0	0	0	0	0	0	0	0	0	9.09314104371e-06	0	0	0	3.03104701457e-06	0	0	0	0	0	0	9.09314104371e-06	0	0.000763823847672	4.54657052186e-05	0	0	0	6.06209402914e-06	0	0	0	0	0	0
0.00752002764315	9.69935044662e-05	0.000812320599905	0	0.000124272927597	0.000181862820874	0.001664044811	0.00574383409261	0.00832628614902	0.000366756688763	0.00159736177668	0.0126758386149	0.000754730706628	0.00390398855477	0.00784434967371	9.09314104371e-06	4.54657052186e-05	0.0109087382054	0.0021429502393	0.0108511483122	0.000845662117065	0.0116240653009	1.21241880583e-05	0.0086324218975	0.00053043322755	1.21241880583e-05	0.0164676784302	0.014561149858	0.00400704415326	0.012478820559	0.0119302010493	0.00208536034602	0.00163070329384	0.000991152373764	0.052843273652	0	7.27451283497e-05	3.03104701457e-05	0	0.000209142244005	0	0	0	0	0.000263701090268	3.03104701457e-06	6.06209402914e-06	6.06209402914e-06	3.63725641748e-05	0	9.09314104371e-06	1.81862820874e-05	6.06209402914e-06	1.21241880583e-05	1.81862820874e-05	3.03104701457e-06	0	0	7.57761753643e-05	0.000939624574517	6.66830343205e-05	9.09314104371e-05	0.000233390620122	0.000215204338034	1.51552350729e-05	0	0	0	0	1.51552350729e-05	0.0018095350677	0.000324322030559	0.0207111442506	0.00333718276304	3.33415171603e-05	0.000678954531264	0.000112148739539	0.00013942816267	2.72794231311e-05	2.72794231311e-05	9.09314104371e-06	6.06209402914e-06	0	0
0	0	0	0	0	0	0	0	0	0	0	0	3.03104701457e-06	0	0	0	0	0	0	0	0	0	0	0	0	0	0	0	0	0	0	0	0	0	0	0.0146369260334	0	0.000788072223788	0	7.88072223788e-05	0	6.3651987306e-05	0.00453141528678	0.00211870186318	0	0.00013942816267	0	1.21241880583e-05	0	0.0102479699563	0	3.03104701457e-06	0.000360694594734	0	3.03104701457e-06	9.09314104371e-06	0.00197927370051	0	0.00355541814809	0.000360694594734	0	8.4869316408e-05	4.2434658204e-05	0.000709265001409	0.00335536904513	0.00329474810484	0	0	5.45588462623e-05	5.75898932768e-05	0	0	0	0	0	0	0	4.2434658204e-05	3.03104701457e-06	4.84967522331e-05	1.81862820874e-05	0	0	6.06209402914e-06
0	0.00440108026516	0.00024551480818	0	0	0	0	2.72794231311e-05	6.06209402914e-06	3.94036111894e-05	3.03104701457e-06	9.69935044662e-05	0	0.000712296048424	6.06209402914e-06	0	2.72794231311e-05	3.03104701457e-06	0	4.84967522331e-05	9.09314104371e-06	3.03104701457e-06	0.000427377629054	0.000163676538787	5.15277992477e-05	0.000312197842501	0.00303407806158	0.0201109969417	2.42483761166e-05	3.03104701457e-05	0	0.000554681603666	0	0	7.27451283497e-05	0	0.0363907504569	0.000127303974612	0	3.33415171603e-05	2.1217329102e-05	0	0	0	0.00487089255241	3.03104701457e-06	0.000930531433473	0.000197018055947	0.00356148024212	3.03104701457e-06	7.57761753643e-05	0.00218235385049	3.63725641748e-05	0.000312197842501	0.000287949466384	3.03104701457e-06	0.000242483761166	0.00998426886599	0.000484967522331	0.00600753518288	0.00975997138692	0.00288555675787	0.0286009596295	0.000257638996238	0	0	3.03104701457e-06	3.03104701457e-06	0	1.81862820874e-05	0.000312197842501	0.000130335021627	0.000130335021627	2.72794231311e-05	0	3.03104701457e-06	3.63725641748e-05	0.000218235385049	0.000294011560413	0.000321290983544	1.81862820874e-05	3.03104701457e-05	1.81862820874e-05	0.00024551480818
1.21241880583e-05	0	0.000151552350729	0	0	0	3.03104701457e-06	2.1217329102e-05	1.51552350729e-05	7.57761753643e-05	3.03104701457e-06	0	3.03104701457e-06	0	1.51552350729e-05	3.03104701457e-06	3.03104701457e-06	3.33415171603e-05	0	3.03104701457e-06	0	2.1217329102e-05	9.09314104371e-06	0.000321290983544	1.81862820874e-05	0	3.03104701457e-05	0.00138215743864	6.3651987306e-05	2.1217329102e-05	3.03104701457e-06	0	0	0	3.03104701457e-05	0.000788072223788	0.000127303974612	0.0304014015561	0	5.15277992477e-05	0	1.81862820874e-05	0.000815351646919	0.00136094010954	7.88072223788e-05	0.000109117692525	3.94036111894e-05	3.03104701457e-06	9.09314104371e-06	0.0023308751542	0	0.000148521303714	0.00478299218899	3.03104701457e-05	0.000354632500705	0	0.00256426577433	2.72794231311e-05	0.0170253910808	0.00042434658204	0	0.00590144853737	0.00808077134084	0.000979028185706	0.000712296048424	0.000551650556652	0	0	0.000118210833568	0.000642581967089	0.000257638996238	3.94036111894e-05	7.57761753643e-05	4.84967522331e-05	9.09314104371e-06	0	0	0.00250667588105	0.000678954531264	0.00121241880583	0.000324322030559	0	1.51552350729e-05	2.72794231311e-05
0	0	0	0	0	0	0	0	0	0	0	0	0	0	0	0	0	0	0	0	0	0	0	0	0	0	0	0	0	0	0	0	0	0	0	0	0	0	0	0	0	0	0	0	0	0	0	0	0	0	0	0	0	0	0	0	0	0	0	0	0	0	0	0	0	0	0	0	0	0	0	0	0	0	0	0	0	0	0	0	0	0	0	0
