0.0190878031335	3.80462490203e-05	6.08739984325e-05	0	0.000216863619416	3.04369992162e-05	0.00101963947374	0.00800873541878	0.00628143571325	0.000688637107268	0.00138868808924	0.000285346867652	0.000117943371963	3.04369992162e-05	0.00827886378682	2.28277494122e-05	3.80462490203e-05	0.000213058994514	6.84832482366e-05	0.000209254369612	0.000239691368828	0.000140771121375	0.000121747996865	0.0001864266202	0.000913109976487	1.52184996081e-05	0.000216863619416	0.000152184996081	0.00179578295376	0.00816472503976	0.00408616714478	3.80462490203e-06	4.18508739223e-05	0.000152184996081	0.00165881645729	2.28277494122e-05	3.42416241183e-05	2.66323743142e-05	0	1.90231245102e-05	0	1.14138747061e-05	0.000106529497257	2.28277494122e-05	0.000327197741575	2.66323743142e-05	7.60924980406e-06	1.52184996081e-05	3.80462490203e-06	4.94601237264e-05	0	0.000129357246669	1.52184996081e-05	0	0	3.42416241183e-05	6.84832482366e-05	0.000155989620983	7.98971229426e-05	0.000445141113538	1.14138747061e-05	3.80462490203e-05	6.84832482366e-05	0.000247300618632	6.08739984325e-05	7.22878731386e-05	0	0	4.56554988244e-05	0.000114138747061	0.000536452111186	6.84832482366e-05	0.00123269846826	0.000251105243534	0.000308174617065	0.000133161871571	7.60924980406e-06	5.32647486284e-05	3.04369992162e-05	9.51156225508e-05	3.80462490203e-05	3.80462490203e-06	7.60924980406e-06	0
3.80462490203e-05	0.016736544944	0.00136966496473	0	1.14138747061e-05	3.80462490203e-06	2.28277494122e-05	0.000247300618632	6.08739984325e-05	0.000920719226291	3.42416241183e-05	0.000578302985109	2.28277494122e-05	0.000513624361774	3.80462490203e-05	7.60924980406e-06	0.000365243990595	0.000696246357072	0.00020544974471	0.00122128459355	1.90231245102e-05	0.000136966496473	0.00195557719964	0.000490796612362	0.000631567733737	0.00238549981357	0.0061825154658	0.00716030406562	0.000266323743142	4.56554988244e-05	0.000178817370395	6.84832482366e-05	3.80462490203e-06	3.80462490203e-06	0.00103866259825	3.42416241183e-05	0.00798210304446	0.000635372358639	0	0	0	2.28277494122e-05	2.28277494122e-05	3.80462490203e-06	2.66323743142e-05	1.14138747061e-05	0.000315783866869	1.52184996081e-05	0.000566889110403	3.80462490203e-05	0	8.37017478447e-05	0.000631567733737	0.000140771121375	0.000342416241183	3.80462490203e-06	6.84832482366e-05	0.000125552621767	0.000315783866869	7.22878731386e-05	0.00396441914792	0.00434488163812	0.00854899215486	3.80462490203e-05	7.22878731386e-05	4.94601237264e-05	0.000140771121375	3.80462490203e-06	1.14138747061e-05	0.000380462490203	0.000878868352369	0.000460359613146	0.000829408228643	0.000133161871571	4.94601237264e-05	1.14138747061e-05	7.98971229426e-05	0.000403290239615	0.000608739984325	0.000460359613146	0.000125552621767	3.80462490203e-06	0	3.04369992162e-05
6.08739984325e-05	0.00136966496473	0.0368858384252	0	2.66323743142e-05	0	6.46786233345e-05	0.00188328932651	0.000190231245102	0.00024349599373	0.000140771121375	0.000426117989027	1.14138747061e-05	3.42416241183e-05	8.75063727467e-05	7.60924980406e-06	0.00054406136099	0.00263280043221	0.000175012745493	0.00111095047139	1.90231245102e-05	0.00181100145337	0.00100822559904	0.0116649799496	0.000509819736872	7.60924980406e-05	0.00834734703506	0.0128444136693	0.0028078131777	0.000155989620983	0.00143434358807	1.90231245102e-05	3.80462490203e-06	3.80462490203e-05	0.00245778768671	3.42416241183e-05	0.00763968680328	0.00229418881592	0	0	0	1.14138747061e-05	5.70693735305e-05	2.66323743142e-05	5.70693735305e-05	1.52184996081e-05	6.46786233345e-05	1.14138747061e-05	3.80462490203e-05	7.22878731386e-05	3.80462490203e-06	0.000308174617065	0.00133922796551	1.90231245102e-05	0.000418508739223	7.60924980406e-06	0.000140771121375	0.000407094864517	0.00134303259042	0.000201645119808	0.000194035870004	0.00193274945023	0.00499927712127	0.000136966496473	5.32647486284e-05	0.000106529497257	1.52184996081e-05	0	1.52184996081e-05	0.000376657865301	0.00340513928732	0.0020544974471	0.00257953568358	0.000585912234913	0.00026251911824	9.51156225508e-05	2.28277494122e-05	0.00052503823648	0.000540256736088	0.00044894573844	0.000197840494906	7.60924980406e-06	3.80462490203e-06	3.80462490203e-06
0	0	0	0	0	0	0	0	0	0	0	0	0	0	0	0	0	0	0	0	0	0	0	0	0	0	0	0	0	0	0	0	0	0	0	0	0	0	0	0	0	0	0	0	0	0	0	0	0	0	0	0	0	0	0	0	0	0	0	0	0	0	0	0	0	0	0	0	0	0	0	0	0	0	0	0	0	0	0	0	0	0	0	0
0.000216863619416	1.14138747061e-05	2.66323743142e-05	0	0.0196356691194	3.42416241183e-05	0.00111095047139	0.00214580844475	0.000722878731386	0.00122128459355	0.00369809540477	9.13109976487e-05	0.00514765749245	0	0.000437531863734	0.000148380371179	3.80462490203e-06	7.60924980406e-06	1.52184996081e-05	4.56554988244e-05	0.00981212762234	7.60924980406e-06	4.18508739223e-05	3.04369992162e-05	0.0105312017288	0	4.56554988244e-05	2.66323743142e-05	0.0088039020233	0.000136966496473	7.22878731386e-05	0	3.04369992162e-05	1.52184996081e-05	0.000414704114321	3.80462490203e-06	7.60924980406e-06	3.80462490203e-06	0	0.00127454934218	0	7.98971229426e-05	9.13109976487e-05	3.04369992162e-05	0.000722878731386	0.00022447286922	3.80462490203e-06	0.000456554988244	0	4.56554988244e-05	1.52184996081e-05	7.60924980406e-06	3.80462490203e-06	0	3.80462490203e-06	0.00116421522002	0	2.28277494122e-05	7.60924980406e-06	0.00119084759434	0	3.80462490203e-06	1.52184996081e-05	0.000483187362558	5.70693735305e-05	7.60924980406e-06	0	0	2.28277494122e-05	6.46786233345e-05	0.000140771121375	2.28277494122e-05	0.000426117989027	0.000110334122159	0.000171208120591	0.000102724872355	0	2.66323743142e-05	3.80462490203e-06	4.56554988244e-05	1.14138747061e-05	3.42416241183e-05	0	0
3.04369992162e-05	3.80462490203e-06	0	0	3.42416241183e-05	0.00622056171482	0.00322632191692	0.000117943371963	0.00179958757866	2.66323743142e-05	0.000155989620983	2.66323743142e-05	6.08739984325e-05	3.80462490203e-06	0.00020544974471	0.00136586033983	0	3.80462490203e-06	0	3.80462490203e-06	5.70693735305e-05	3.80462490203e-06	3.80462490203e-06	0	3.80462490203e-05	0	7.60924980406e-06	3.80462490203e-06	7.22878731386e-05	2.28277494122e-05	1.14138747061e-05	0	0.00188328932651	0	0.000350025490987	3.80462490203e-06	3.80462490203e-06	3.80462490203e-06	0	0	0	0	7.60924980406e-06	3.80462490203e-06	0	0	0	0	0	7.60924980406e-06	0	3.80462490203e-06	0	0	0	0	0	3.80462490203e-06	0	7.60924980406e-06	0	0	3.80462490203e-06	3.80462490203e-06	3.80462490203e-06	3.80462490203e-06	0	0	3.80462490203e-06	7.60924980406e-06	0.000133161871571	1.52184996081e-05	0.000201645119808	6.08739984325e-05	0.000456554988244	0.00103866259825	3.80462490203e-06	0	3.80462490203e-06	7.60924980406e-06	3.80462490203e-06	0	0	0
0.00101963947374	2.28277494122e-05	6.46786233345e-05	0	0.00111095047139	0.00322632191692	0.0486078877483	0.00765490530289	0.0259285187073	0.000833212853545	0.0154429724773	0.00124030771806	0.0071260624415	0.000110334122159	0.00684832482366	0.0024387645622	4.18508739223e-05	8.75063727467e-05	0.000167403495689	0.000289151492554	0.00370190002968	0.000102724872355	9.13109976487e-05	0.000175012745493	0.00146097596238	2.28277494122e-05	0.000441336488636	8.75063727467e-05	0.00300945829751	0.000745706480798	0.000399485614713	1.52184996081e-05	0.00171208120591	4.56554988244e-05	0.00316925254339	1.14138747061e-05	1.90231245102e-05	1.90231245102e-05	0	3.80462490203e-05	0	1.14138747061e-05	6.46786233345e-05	1.90231245102e-05	0.000258714493338	4.94601237264e-05	7.60924980406e-06	3.42416241183e-05	7.60924980406e-06	4.56554988244e-05	3.80462490203e-06	4.18508739223e-05	1.14138747061e-05	3.80462490203e-06	1.14138747061e-05	7.98971229426e-05	1.90231245102e-05	5.32647486284e-05	3.04369992162e-05	0.000407094864517	2.28277494122e-05	3.42416241183e-05	4.94601237264e-05	0.000155989620983	5.70693735305e-05	3.80462490203e-05	0	0	3.04369992162e-05	8.37017478447e-05	0.00178436907905	0.000194035870004	0.00319588491771	0.000635372358639	0.00370190002968	0.0011223643461	3.80462490203e-06	2.66323743142e-05	2.66323743142e-05	5.32647486284e-05	2.66323743142e-05	1.52184996081e-05	0	0
0.00800873541878	0.000247300618632	0.00188328932651	0	0.00214580844475	0.000117943371963	0.00765490530289	0.0729803148708	0.0156788592213	0.00425737526537	0.0129547477914	0.00140771121375	0.00076853423021	7.22878731386e-05	0.00827125453702	0.0001864266202	0.000361439365693	0.00173490895533	0.000388071740007	0.00157511470944	0.000966374725116	0.00248442006103	0.000715269481582	0.00440195101165	0.00622436633972	3.80462490203e-05	0.00247681081122	0.00157511470944	0.0259513464568	0.00480524125127	0.0148836926167	7.60924980406e-06	0.000228277494122	0.000502210487068	0.00780328567407	0.000121747996865	0.000479382737656	0.000220668244318	0	0.000376657865301	0	0.000197840494906	0.000601130734521	0.000190231245102	0.00188709395141	0.000372853240399	7.98971229426e-05	0.000235886743926	1.52184996081e-05	0.000399485614713	3.42416241183e-05	0.000422313364125	0.000102724872355	1.52184996081e-05	3.42416241183e-05	0.000380462490203	0.000266323743142	0.000483187362558	0.000361439365693	0.00329100054026	5.32647486284e-05	0.00026251911824	0.00044894573844	0.00138488346434	0.000631567733737	0.000376657865301	0	7.60924980406e-06	0.000391876364909	0.000669613982757	0.00354210578379	0.000616349234129	0.00666189820346	0.00155228696003	0.00141912508846	0.000814189729035	5.32647486284e-05	0.000319588491771	0.000159794245885	0.000532647486284	0.000201645119808	5.32647486284e-05	2.66323743142e-05	1.14138747061e-05
0.00628143571325	6.08739984325e-05	0.000190231245102	0	0.000722878731386	0.00179958757866	0.0259285187073	0.0156788592213	0.0535500954961	0.000886477602173	0.00979310449783	0.00141151583865	0.00210776219573	0.000117943371963	0.0177790121672	0.000528842861382	7.60924980406e-05	0.000289151492554	0.00020544974471	0.000464164238048	0.00203547432259	0.000292956117456	0.000159794245885	0.000426117989027	0.00129357246669	2.66323743142e-05	0.000665809357855	0.000323393116673	0.00364863528105	0.00216483156926	0.00236647668906	2.66323743142e-05	0.00143053896316	0.000102724872355	0.00422693826616	3.42416241183e-05	7.60924980406e-05	4.18508739223e-05	0	6.46786233345e-05	0	1.90231245102e-05	0.000136966496473	3.04369992162e-05	0.000441336488636	5.32647486284e-05	2.28277494122e-05	4.56554988244e-05	2.28277494122e-05	9.51156225508e-05	0	0.000110334122159	2.28277494122e-05	0	1.14138747061e-05	9.13109976487e-05	6.46786233345e-05	0.000125552621767	7.98971229426e-05	0.000677223232562	3.80462490203e-05	5.32647486284e-05	9.89202474528e-05	0.000331002366477	0.000117943371963	9.89202474528e-05	0	0	5.70693735305e-05	0.000163598870787	0.00181480607827	0.000254909868436	0.00404051164596	0.000703855606876	0.0029942397979	0.00121747996865	1.52184996081e-05	4.56554988244e-05	3.42416241183e-05	0.000144575746277	7.22878731386e-05	7.60924980406e-06	7.60924980406e-06	0
0.000688637107268	0.000920719226291	0.00024349599373	0	0.00122128459355	2.66323743142e-05	0.000833212853545	0.00425737526537	0.000886477602173	0.0289075400056	0.00108051347218	0.000220668244318	0.00298663054809	2.28277494122e-05	0.000574498360207	0.00123269846826	0.000924523851194	0.000155989620983	5.32647486284e-05	0.000197840494906	0.000817994353937	0.000254909868436	0.00630045883776	0.000319588491771	0.0140466751383	0.000304369992162	0.000490796612362	0.00213819919494	0.00908544426605	0.00138868808924	0.000939742350802	7.60924980406e-06	4.18508739223e-05	0.000235886743926	0.00104627184806	0.000197840494906	0.0001864266202	0.000167403495689	0	0.000726683356288	0	0.000190231245102	0.00100442097414	0.000213058994514	0.00710703931699	0.000608739984325	0.000125552621767	0.000384267115105	1.52184996081e-05	0.000585912234913	4.56554988244e-05	0.00125552621767	0.000102724872355	1.90231245102e-05	2.28277494122e-05	0.000779948104916	0.000483187362558	0.00173490895533	0.000532647486284	0.00677984157542	3.80462490203e-06	0.000140771121375	0.000334806991379	0.00276215767887	0.00100442097414	0.000985397849626	3.80462490203e-06	1.14138747061e-05	0.000623958483933	0.00110714584649	0.0013125955912	0.0001864266202	0.00117943371963	0.000372853240399	0.000563084485501	0.000216863619416	1.14138747061e-05	0.000620153859031	0.000197840494906	0.000901696101781	0.000319588491771	0.00020544974471	3.04369992162e-05	1.52184996081e-05
0.00138868808924	3.42416241183e-05	0.000140771121375	0	0.00369809540477	0.000155989620983	0.0154429724773	0.0129547477914	0.00979310449783	0.00108051347218	0.0474626956528	0.000859845227859	0.00497264474695	6.08739984325e-05	0.00346601328575	0.000209254369612	4.18508739223e-05	0.000144575746277	0.000155989620983	0.00030056536726	0.00712986706641	0.000197840494906	7.98971229426e-05	0.000315783866869	0.00196318644945	1.14138747061e-05	0.000475578112754	0.000163598870787	0.0080505862927	0.000859845227859	0.000509819736872	7.60924980406e-06	0.000228277494122	5.32647486284e-05	0.00293717042437	1.90231245102e-05	3.80462490203e-05	2.66323743142e-05	0	0.000216863619416	0	6.08739984325e-05	0.000136966496473	4.94601237264e-05	0.000646786233345	0.000213058994514	1.90231245102e-05	0.000129357246669	3.80462490203e-06	9.13109976487e-05	1.14138747061e-05	3.80462490203e-05	3.80462490203e-06	3.80462490203e-06	1.14138747061e-05	0.00026251911824	3.04369992162e-05	5.32647486284e-05	2.28277494122e-05	0.00107290422237	1.14138747061e-05	3.04369992162e-05	5.32647486284e-05	0.000319588491771	0.000114138747061	3.80462490203e-05	0	0	4.18508739223e-05	0.000102724872355	0.00110714584649	0.000125552621767	0.00283825017692	0.000555475235697	0.000958765475312	0.000452750363342	2.28277494122e-05	5.70693735305e-05	2.28277494122e-05	9.51156225508e-05	3.04369992162e-05	4.56554988244e-05	3.80462490203e-06	3.80462490203e-06
0.000285346867652	0.000578302985109	0.000426117989027	0	9.13109976487e-05	2.66323743142e-05	0.00124030771806	0.00140771121375	0.00141151583865	0.000220668244318	0.000859845227859	0.0318713428043	0.000232082119024	0.00416606426772	0.0011185597212	1.14138747061e-05	0.000152184996081	0.00214580844475	0.00735053531072	0.010523592479	0.00024349599373	0.000673418607659	0.000171208120591	0.000875063727467	0.00026251911824	0.00174251820513	0.010755674598	0.00254529405946	0.000947351600606	0.000623958483933	0.000867454477663	0.000247300618632	0.000194035870004	0.000114138747061	0.0135064184022	1.14138747061e-05	0.000346220866085	7.22878731386e-05	0	7.60924980406e-06	0	0	1.52184996081e-05	7.60924980406e-06	7.98971229426e-05	7.60924980406e-06	0.000943546975704	1.14138747061e-05	0.00138107883944	2.28277494122e-05	3.80462490203e-06	3.42416241183e-05	6.08739984325e-05	0.000148380371179	7.60924980406e-05	7.60924980406e-06	5.32647486284e-05	6.08739984325e-05	0.000117943371963	8.75063727467e-05	0.00136966496473	0.00129737709159	0.00129357246669	3.42416241183e-05	3.80462490203e-05	4.18508739223e-05	0.000266323743142	0	2.66323743142e-05	0.000106529497257	0.0024311553124	0.00321490804222	0.0117600955722	0.00127074471728	0.000323393116673	0.000167403495689	0.000589716859815	7.98971229426e-05	0.000597326109619	0.000133161871571	3.80462490203e-05	3.80462490203e-06	0	4.56554988244e-05
0.000117943371963	2.28277494122e-05	1.14138747061e-05	0	0.00514765749245	6.08739984325e-05	0.0071260624415	0.00076853423021	0.00210776219573	0.00298663054809	0.00497264474695	0.000232082119024	0.028234121398	1.52184996081e-05	0.000878868352369	0.00216102694435	1.52184996081e-05	1.90231245102e-05	1.52184996081e-05	6.84832482366e-05	0.0130917142879	1.90231245102e-05	0.000190231245102	2.28277494122e-05	0.00566128185422	2.28277494122e-05	0.000114138747061	6.08739984325e-05	0.00259475418319	0.000117943371963	5.70693735305e-05	0	9.51156225508e-05	1.52184996081e-05	0.000722878731386	3.80462490203e-06	3.80462490203e-06	3.80462490203e-06	0	0.000201645119808	0	0.000334806991379	3.80462490203e-05	1.90231245102e-05	0.000555475235697	0.000395680989811	1.52184996081e-05	0.0020659113218	7.60924980406e-06	6.84832482366e-05	1.14138747061e-05	2.66323743142e-05	0	0	3.80462490203e-06	0.000654395483149	1.14138747061e-05	3.04369992162e-05	2.66323743142e-05	0.000760924980406	7.60924980406e-06	2.28277494122e-05	2.66323743142e-05	0.000175012745493	8.75063727467e-05	3.80462490203e-06	0	0	1.52184996081e-05	9.89202474528e-05	0.000311979241967	3.42416241183e-05	0.000779948104916	0.000144575746277	0.000582107610011	0.000121747996865	0	4.18508739223e-05	2.28277494122e-05	8.37017478447e-05	2.28277494122e-05	3.04369992162e-05	3.80462490203e-06	0
3.04369992162e-05	0.000513624361774	3.42416241183e-05	0	0	3.80462490203e-06	0.000110334122159	7.22878731386e-05	0.000117943371963	2.28277494122e-05	6.08739984325e-05	0.00416606426772	1.52184996081e-05	0.0134303259042	0.000106529497257	0	1.52184996081e-05	4.56554988244e-05	0.000369048615497	0.000418508739223	2.66323743142e-05	1.14138747061e-05	3.04369992162e-05	1.90231245102e-05	1.90231245102e-05	0.00358015203281	0.00502210487068	0.00214961306965	4.18508739223e-05	3.80462490203e-05	3.04369992162e-05	0.00107670884727	3.04369992162e-05	3.80462490203e-06	0.000635372358639	0	0.000175012745493	1.14138747061e-05	0	0	0	3.80462490203e-06	3.80462490203e-06	0	1.52184996081e-05	3.80462490203e-06	0.00153706846042	3.80462490203e-06	0.0022561425669	1.14138747061e-05	0	3.80462490203e-06	1.52184996081e-05	0.000140771121375	4.56554988244e-05	3.80462490203e-06	3.80462490203e-06	1.90231245102e-05	1.14138747061e-05	1.14138747061e-05	0.00182621995297	0.00120987071885	0.000981593224724	1.14138747061e-05	4.56554988244e-05	0	0.000445141113538	0	0	0.000110334122159	0.000114138747061	0.00238930443848	0.0015066314612	6.46786233345e-05	1.52184996081e-05	3.80462490203e-06	0.000623958483933	3.80462490203e-05	0.000878868352369	0.000163598870787	2.66323743142e-05	3.80462490203e-06	0	4.56554988244e-05
0.00827886378682	3.80462490203e-05	8.75063727467e-05	0	0.000437531863734	0.00020544974471	0.00684832482366	0.00827125453702	0.0177790121672	0.000574498360207	0.00346601328575	0.0011185597212	0.000878868352369	0.000106529497257	0.0310381299508	7.98971229426e-05	4.18508739223e-05	0.000194035870004	0.0001864266202	0.000338611616281	0.00101963947374	0.000163598870787	9.51156225508e-05	0.000296760742358	0.000840822103349	3.04369992162e-05	0.00046796886295	0.0001864266202	0.00201264657317	0.00474436725283	0.00237408593887	1.52184996081e-05	0.00120606609394	0.000117943371963	0.00372472777909	7.60924980406e-06	4.18508739223e-05	3.42416241183e-05	0	3.04369992162e-05	0	7.60924980406e-06	9.51156225508e-05	1.52184996081e-05	0.000270128368044	3.04369992162e-05	3.42416241183e-05	1.52184996081e-05	2.28277494122e-05	3.80462490203e-05	0	0.000114138747061	7.60924980406e-06	0	7.60924980406e-06	3.80462490203e-05	6.84832482366e-05	0.000117943371963	7.98971229426e-05	0.000391876364909	1.90231245102e-05	3.80462490203e-05	6.46786233345e-05	0.000182621995297	7.60924980406e-05	7.22878731386e-05	0	0	4.18508739223e-05	0.000121747996865	0.00120226146904	0.000232082119024	0.00346981791065	0.000642981608443	0.00165501183238	0.000806580479231	1.14138747061e-05	7.22878731386e-05	3.04369992162e-05	0.000110334122159	6.46786233345e-05	3.80462490203e-06	7.60924980406e-06	3.80462490203e-06
2.28277494122e-05	7.60924980406e-06	7.60924980406e-06	0	0.000148380371179	0.00136586033983	0.0024387645622	0.0001864266202	0.000528842861382	0.00123269846826	0.000209254369612	1.14138747061e-05	0.00216102694435	0	7.98971229426e-05	0.0067417953264	1.14138747061e-05	0	0	0	0.000216863619416	1.52184996081e-05	9.51156225508e-05	2.28277494122e-05	0.000433727238832	3.80462490203e-06	3.80462490203e-06	3.80462490203e-05	0.000308174617065	4.18508739223e-05	3.42416241183e-05	0	9.13109976487e-05	3.80462490203e-06	4.94601237264e-05	3.80462490203e-06	0	0	0	3.80462490203e-06	0	0	1.14138747061e-05	3.80462490203e-06	3.80462490203e-05	0	3.80462490203e-06	0	0	3.80462490203e-06	0	1.14138747061e-05	0	0	0	3.80462490203e-06	1.14138747061e-05	1.90231245102e-05	1.52184996081e-05	4.18508739223e-05	0	3.80462490203e-06	7.60924980406e-06	1.90231245102e-05	7.60924980406e-06	3.80462490203e-06	0	0	3.80462490203e-06	1.52184996081e-05	0.000140771121375	3.80462490203e-06	6.46786233345e-05	1.52184996081e-05	0.000239691368828	1.52184996081e-05	0	7.60924980406e-06	1.14138747061e-05	2.28277494122e-05	1.14138747061e-05	0	0	0
3.80462490203e-05	0.000365243990595	0.00054406136099	0	3.80462490203e-06	0	4.18508739223e-05	0.000361439365693	7.60924980406e-05	0.000924523851194	4.18508739223e-05	0.000152184996081	1.52184996081e-05	1.52184996081e-05	4.18508739223e-05	1.14138747061e-05	0.0226222996675	0.000163598870787	3.04369992162e-05	0.000171208120591	1.14138747061e-05	0.00246920156142	0.00959906862782	0.00681788782444	0.00681788782444	4.94601237264e-05	0.000452750363342	0.00714508556601	0.0046796886295	9.51156225508e-05	0.000490796612362	7.60924980406e-06	0	3.04369992162e-05	0.000681027857464	0	0.00050601511197	0.000365243990595	0	0	0	0	2.66323743142e-05	0	3.42416241183e-05	1.90231245102e-05	1.52184996081e-05	0	7.60924980406e-06	0	0	0.00170447195611	7.60924980406e-05	1.52184996081e-05	1.90231245102e-05	7.60924980406e-06	0.000429922613929	0.00284585942672	0.001864266202	0.000315783866869	1.90231245102e-05	8.37017478447e-05	0.00162837945807	0.000133161871571	3.04369992162e-05	8.75063727467e-05	0	3.80462490203e-06	1.14138747061e-05	9.13109976487e-05	0.00225994719181	0.000589716859815	0.000875063727467	0.000311979241967	0.000220668244318	3.80462490203e-05	2.28277494122e-05	0.000167403495689	0.000144575746277	0.000167403495689	7.98971229426e-05	3.80462490203e-06	1.14138747061e-05	0
0.000213058994514	0.000696246357072	0.00263280043221	0	7.60924980406e-06	3.80462490203e-06	8.75063727467e-05	0.00173490895533	0.000289151492554	0.000155989620983	0.000144575746277	0.00214580844475	1.90231245102e-05	4.56554988244e-05	0.000194035870004	0	0.000163598870787	0.0225652302939	0.00133922796551	0.00887999452134	1.90231245102e-05	0.00210015294592	0.000319588491771	0.00757881280485	0.000163598870787	2.66323743142e-05	0.00623197558953	0.00324154041653	0.000863649852761	0.000289151492554	0.00258334030848	1.52184996081e-05	7.60924980406e-06	7.60924980406e-05	0.00820657591368	3.80462490203e-06	0.00177295520435	0.000228277494122	0	7.60924980406e-06	0	3.80462490203e-06	1.90231245102e-05	7.60924980406e-06	7.60924980406e-06	3.80462490203e-06	6.08739984325e-05	0	4.18508739223e-05	3.04369992162e-05	0	4.56554988244e-05	0.000311979241967	2.66323743142e-05	0.000171208120591	0	3.04369992162e-05	7.22878731386e-05	0.000144575746277	4.18508739223e-05	0.000304369992162	0.00136966496473	0.00183002457788	2.66323743142e-05	3.04369992162e-05	1.52184996081e-05	1.14138747061e-05	3.80462490203e-06	1.14138747061e-05	0.000144575746277	0.0011185597212	0.0013164002161	0.0022561425669	0.000376657865301	7.98971229426e-05	3.42416241183e-05	7.60924980406e-06	0.000178817370395	0.000254909868436	0.000190231245102	6.46786233345e-05	3.80462490203e-06	0	7.60924980406e-06
6.84832482366e-05	0.00020544974471	0.000175012745493	0	1.52184996081e-05	0	0.000167403495689	0.000388071740007	0.00020544974471	5.32647486284e-05	0.000155989620983	0.00735053531072	1.52184996081e-05	0.000369048615497	0.0001864266202	0	3.04369992162e-05	0.00133922796551	0.0104018444822	0.00690539419719	3.80462490203e-05	0.00022447286922	3.04369992162e-05	0.000270128368044	5.70693735305e-05	0.0001864266202	0.00395300527321	0.000760924980406	0.000216863619416	0.000251105243534	0.000296760742358	5.32647486284e-05	1.52184996081e-05	4.18508739223e-05	0.00334046066398	7.60924980406e-06	0.000148380371179	3.80462490203e-06	0	0	0	0	3.80462490203e-06	3.80462490203e-06	1.52184996081e-05	3.80462490203e-06	0.000136966496473	7.60924980406e-06	0.000175012745493	7.60924980406e-06	0	7.60924980406e-06	7.60924980406e-06	2.66323743142e-05	1.90231245102e-05	3.80462490203e-06	7.60924980406e-06	1.90231245102e-05	1.52184996081e-05	1.90231245102e-05	0.000289151492554	0.000445141113538	0.000479382737656	3.80462490203e-06	7.60924980406e-06	1.14138747061e-05	5.70693735305e-05	0	3.80462490203e-06	4.56554988244e-05	0.000475578112754	0.000292956117456	0.00240071831318	0.00030056536726	3.04369992162e-05	1.52184996081e-05	1.52184996081e-05	7.60924980406e-06	8.37017478447e-05	3.42416241183e-05	1.14138747061e-05	0	0	0
0.000209254369612	0.00122128459355	0.00111095047139	0	4.56554988244e-05	3.80462490203e-06	0.000289151492554	0.00157511470944	0.000464164238048	0.000197840494906	0.00030056536726	0.010523592479	6.84832482366e-05	0.000418508739223	0.000338611616281	0	0.000171208120591	0.00887999452134	0.00690539419719	0.0280248670284	6.84832482366e-05	0.00129737709159	0.000273932992946	0.00197079569925	0.000239691368828	0.000327197741575	0.0136015340248	0.00420791514165	0.000981593224724	0.00046796886295	0.00177295520435	7.60924980406e-05	3.80462490203e-05	9.51156225508e-05	0.0132933594077	2.28277494122e-05	0.00129357246669	0.000133161871571	0	7.60924980406e-06	0	0	2.28277494122e-05	3.80462490203e-06	2.66323743142e-05	3.80462490203e-06	0.000228277494122	7.60924980406e-06	0.00024349599373	3.04369992162e-05	0	5.32647486284e-05	0.000163598870787	7.98971229426e-05	0.000155989620983	7.60924980406e-06	4.18508739223e-05	7.98971229426e-05	0.000129357246669	6.46786233345e-05	0.0011185597212	0.00192514020043	0.0024311553124	3.04369992162e-05	4.94601237264e-05	5.70693735305e-05	6.46786233345e-05	0	1.52184996081e-05	0.000136966496473	0.0030056536726	0.00103866259825	0.00720976418935	0.00101583484884	0.000148380371179	7.22878731386e-05	3.42416241183e-05	0.000152184996081	0.000304369992162	0.000163598870787	5.70693735305e-05	3.80462490203e-06	0	7.60924980406e-06
0.000239691368828	1.90231245102e-05	1.90231245102e-05	0	0.00981212762234	5.70693735305e-05	0.00370190002968	0.000966374725116	0.00203547432259	0.000817994353937	0.00712986706641	0.00024349599373	0.0130917142879	2.66323743142e-05	0.00101963947374	0.000216863619416	1.14138747061e-05	1.90231245102e-05	3.80462490203e-05	6.84832482366e-05	0.0229723251585	2.66323743142e-05	4.56554988244e-05	4.18508739223e-05	0.00685973869836	7.60924980406e-06	0.000114138747061	3.04369992162e-05	0.00410138564439	0.000171208120591	5.32647486284e-05	7.60924980406e-06	0.000106529497257	0	0.000817994353937	1.14138747061e-05	3.80462490203e-06	0	0	0.000167403495689	0	5.32647486284e-05	3.42416241183e-05	2.28277494122e-05	0.000464164238048	0.000121747996865	1.14138747061e-05	0.000106529497257	3.80462490203e-06	3.04369992162e-05	0	1.52184996081e-05	0	0	3.80462490203e-06	0.000201645119808	3.80462490203e-06	1.90231245102e-05	3.80462490203e-06	0.00073048798119	0	2.28277494122e-05	1.52184996081e-05	0.0001864266202	3.42416241183e-05	7.60924980406e-06	0	0	7.60924980406e-06	1.90231245102e-05	0.000311979241967	4.18508739223e-05	0.000878868352369	0.0001864266202	0.00052503823648	0.000175012745493	0	2.66323743142e-05	7.60924980406e-06	2.66323743142e-05	3.80462490203e-06	2.28277494122e-05	0	0
0.000140771121375	0.000136966496473	0.00181100145337	0	7.60924980406e-06	3.80462490203e-06	0.000102724872355	0.00248442006103	0.000292956117456	0.000254909868436	0.000197840494906	0.000673418607659	1.90231245102e-05	1.14138747061e-05	0.000163598870787	1.52184996081e-05	0.00246920156142	0.00210015294592	0.00022447286922	0.00129737709159	2.66323743142e-05	0.0437988418722	0.00217244081906	0.0230331991569	0.00139629733905	2.66323743142e-05	0.00145336671258	0.00236647668906	0.0100746467406	0.00200884194827	0.0134988091524	3.80462490203e-06	1.90231245102e-05	0.000875063727467	0.00837017478447	7.60924980406e-06	0.000532647486284	0.000338611616281	0	3.80462490203e-06	0	1.14138747061e-05	3.04369992162e-05	7.60924980406e-06	7.22878731386e-05	3.80462490203e-06	1.52184996081e-05	3.80462490203e-06	1.14138747061e-05	7.60924980406e-06	0	0.000977788599822	8.75063727467e-05	3.80462490203e-06	2.28277494122e-05	0	0.000391876364909	0.00158652858415	0.00107670884727	0.000308174617065	4.18508739223e-05	0.00022447286922	0.000806580479231	0.000171208120591	3.42416241183e-05	0.000144575746277	0	0	1.14138747061e-05	0.000125552621767	0.0037513601534	0.000802775854329	0.00450848050891	0.00109192734688	0.000665809357855	0.000136966496473	2.66323743142e-05	0.000213058994514	0.000159794245885	0.000190231245102	9.51156225508e-05	1.14138747061e-05	7.60924980406e-06	0
0.000121747996865	0.00195557719964	0.00100822559904	0	4.18508739223e-05	3.80462490203e-06	9.13109976487e-05	0.000715269481582	0.000159794245885	0.00630045883776	7.98971229426e-05	0.000171208120591	0.000190231245102	3.04369992162e-05	9.51156225508e-05	9.51156225508e-05	0.00959906862782	0.000319588491771	3.04369992162e-05	0.000273932992946	4.56554988244e-05	0.00217244081906	0.0266970529376	0.00530745173833	0.00601511197011	0.000437531863734	0.000905500726683	0.0088000973984	0.00353830115889	0.000197840494906	0.000932133100998	1.14138747061e-05	1.14138747061e-05	4.94601237264e-05	0.000894086851977	1.90231245102e-05	0.00278498542829	0.000966374725116	0	7.60924980406e-06	0	1.52184996081e-05	7.98971229426e-05	1.14138747061e-05	0.00024349599373	3.04369992162e-05	4.18508739223e-05	1.14138747061e-05	1.90231245102e-05	3.42416241183e-05	1.14138747061e-05	0.00437912326224	0.0001864266202	7.60924980406e-06	3.80462490203e-05	1.52184996081e-05	0.00130118171649	0.00818374816427	0.00428781226459	0.00119845684414	4.94601237264e-05	0.000220668244318	0.00419269664204	0.000593521484717	7.22878731386e-05	0.000331002366477	0	0	3.42416241183e-05	0.000289151492554	0.00195938182455	0.00054406136099	0.00099300709943	0.000289151492554	0.00022447286922	6.84832482366e-05	1.90231245102e-05	0.00044894573844	0.000464164238048	0.000365243990595	0.000190231245102	3.04369992162e-05	0	7.60924980406e-06
0.0001864266202	0.000490796612362	0.0116649799496	0	3.04369992162e-05	0	0.000175012745493	0.00440195101165	0.000426117989027	0.000319588491771	0.000315783866869	0.000875063727467	2.28277494122e-05	1.90231245102e-05	0.000296760742358	2.28277494122e-05	0.00681788782444	0.00757881280485	0.000270128368044	0.00197079569925	4.18508739223e-05	0.0230331991569	0.00530745173833	0.0639253076039	0.00141912508846	4.18508739223e-05	0.00445902038518	0.0100708421157	0.00795166604524	0.000642981608443	0.00652493170698	7.60924980406e-06	3.04369992162e-05	0.000395680989811	0.00791361979622	1.52184996081e-05	0.00249202931083	0.00138488346434	0	3.80462490203e-06	0	1.90231245102e-05	6.84832482366e-05	1.90231245102e-05	8.37017478447e-05	7.60924980406e-06	3.42416241183e-05	1.14138747061e-05	2.66323743142e-05	3.42416241183e-05	7.60924980406e-06	0.00266704205632	0.000395680989811	1.14138747061e-05	8.37017478447e-05	3.80462490203e-06	0.000502210487068	0.00361058903203	0.00364483065615	0.000429922613929	0.000114138747061	0.000665809357855	0.00387691277517	0.000251105243534	6.08739984325e-05	0.000159794245885	0	0	3.04369992162e-05	0.000266323743142	0.00701953294425	0.00222951019259	0.00492698924813	0.00138488346434	0.000932133100998	0.000163598870787	4.56554988244e-05	0.00046796886295	0.000502210487068	0.00044894573844	0.000285346867652	1.52184996081e-05	1.52184996081e-05	0
0.000913109976487	0.000631567733737	0.000509819736872	0	0.0105312017288	3.80462490203e-05	0.00146097596238	0.00622436633972	0.00129357246669	0.0140466751383	0.00196318644945	0.00026251911824	0.00566128185422	1.90231245102e-05	0.000840822103349	0.000433727238832	0.00681788782444	0.000163598870787	5.70693735305e-05	0.000239691368828	0.00685973869836	0.00139629733905	0.00601511197011	0.00141912508846	0.0517733356668	0.000171208120591	0.000555475235697	0.00283444555201	0.0240604478804	0.00157891933434	0.00127835396708	7.60924980406e-06	6.84832482366e-05	0.000308174617065	0.00170066733121	0.000121747996865	0.000289151492554	0.000235886743926	0	0.000490796612362	0	0.000155989620983	0.000597326109619	0.000171208120591	0.00313881554418	0.000407094864517	6.46786233345e-05	0.000323393116673	1.90231245102e-05	0.000384267115105	2.28277494122e-05	0.000867454477663	7.98971229426e-05	7.60924980406e-06	1.14138747061e-05	0.000585912234913	0.000494601237264	0.00148760833669	0.00069244173217	0.0041127995191	1.52184996081e-05	0.000136966496473	0.000509819736872	0.00166262108219	0.000547865985892	0.000517428986676	3.80462490203e-06	1.14138747061e-05	0.000327197741575	0.000612544609227	0.00213819919494	0.000315783866869	0.00184143845258	0.000601130734521	0.000547865985892	0.000308174617065	2.28277494122e-05	0.000429922613929	0.000163598870787	0.000513624361774	0.000194035870004	0.000117943371963	1.52184996081e-05	7.60924980406e-06
1.52184996081e-05	0.00238549981357	7.60924980406e-05	0	0	0	2.28277494122e-05	3.80462490203e-05	2.66323743142e-05	0.000304369992162	1.14138747061e-05	0.00174251820513	2.28277494122e-05	0.00358015203281	3.04369992162e-05	3.80462490203e-06	4.94601237264e-05	2.66323743142e-05	0.0001864266202	0.000327197741575	7.60924980406e-06	2.66323743142e-05	0.000437531863734	4.18508739223e-05	0.000171208120591	0.00977788599822	0.00272030680495	0.00242354606259	4.94601237264e-05	7.60924980406e-06	2.28277494122e-05	0.000270128368044	7.60924980406e-06	0	0.000292956117456	7.60924980406e-06	0.000213058994514	0	0	0	0	3.80462490203e-06	1.14138747061e-05	3.80462490203e-06	7.60924980406e-06	3.80462490203e-06	0.0014952175865	1.14138747061e-05	0.00222951019259	2.28277494122e-05	0	1.14138747061e-05	1.14138747061e-05	0.000136966496473	4.18508739223e-05	3.80462490203e-06	1.52184996081e-05	2.66323743142e-05	2.28277494122e-05	1.52184996081e-05	0.00302087217221	0.00134303259042	0.00146858521218	3.80462490203e-06	5.70693735305e-05	1.14138747061e-05	0.000395680989811	0	0	0.000125552621767	0.000102724872355	0.000852235978055	0.000662004732953	3.80462490203e-05	0	1.14138747061e-05	0.000734292606092	4.18508739223e-05	0.000654395483149	0.000190231245102	3.80462490203e-05	3.80462490203e-06	0	7.98971229426e-05
0.000216863619416	0.0061825154658	0.00834734703506	0	4.56554988244e-05	7.60924980406e-06	0.000441336488636	0.00247681081122	0.000665809357855	0.000490796612362	0.000475578112754	0.010755674598	0.000114138747061	0.00502210487068	0.00046796886295	3.80462490203e-06	0.000452750363342	0.00623197558953	0.00395300527321	0.0136015340248	0.000114138747061	0.00145336671258	0.000905500726683	0.00445902038518	0.000555475235697	0.00272030680495	0.0700050981974	0.0246501647403	0.00190611707592	0.000372853240399	0.00216102694435	0.00173110433042	4.56554988244e-05	7.98971229426e-05	0.00999094499273	6.08739984325e-05	0.00782611342348	0.000620153859031	0	7.60924980406e-06	0	3.42416241183e-05	7.22878731386e-05	1.90231245102e-05	5.32647486284e-05	2.28277494122e-05	0.00126313546747	2.66323743142e-05	0.00190992170082	0.000106529497257	0	0.000167403495689	0.00099300709943	0.000403290239615	0.000833212853545	1.14138747061e-05	0.000117943371963	0.000239691368828	0.000376657865301	0.000140771121375	0.00526940548931	0.0089979378933	0.0114100700812	6.84832482366e-05	0.000152184996081	0.000102724872355	0.000422313364125	3.80462490203e-06	4.56554988244e-05	0.000722878731386	0.00456174525754	0.00419650126694	0.00810004641642	0.00122508921845	0.000266323743142	0.000129357246669	8.75063727467e-05	0.000582107610011	0.00138488346434	0.000791361979622	0.000216863619416	3.80462490203e-06	3.80462490203e-06	3.42416241183e-05
0.000152184996081	0.00716030406562	0.0128444136693	0	2.66323743142e-05	3.80462490203e-06	8.75063727467e-05	0.00157511470944	0.000323393116673	0.00213819919494	0.000163598870787	0.00254529405946	6.08739984325e-05	0.00214961306965	0.0001864266202	3.80462490203e-05	0.00714508556601	0.00324154041653	0.000760924980406	0.00420791514165	3.04369992162e-05	0.00236647668906	0.0088000973984	0.0100708421157	0.00283444555201	0.00242354606259	0.0246501647403	0.075069053942	0.00265182355672	0.000292956117456	0.00144575746277	0.000825603603741	2.28277494122e-05	7.98971229426e-05	0.00558899398108	4.18508739223e-05	0.0125476529269	0.00340894391222	0	0	0	2.28277494122e-05	0.000125552621767	2.66323743142e-05	8.75063727467e-05	1.90231245102e-05	0.000422313364125	2.66323743142e-05	0.000593521484717	6.46786233345e-05	3.80462490203e-06	0.000890282227075	0.00146478058728	0.000171208120591	0.000490796612362	1.14138747061e-05	0.000289151492554	0.00211537144553	0.00341655316202	0.000311979241967	0.00238930443848	0.00474436725283	0.0125210205526	0.000171208120591	0.000110334122159	0.000167403495689	0.000114138747061	0	1.90231245102e-05	0.000555475235697	0.00685973869836	0.00272791605476	0.00506776036951	0.00106149034767	0.000422313364125	0.000136966496473	6.46786233345e-05	0.000844626728251	0.000977788599822	0.000715269481582	0.000350025490987	1.52184996081e-05	1.52184996081e-05	1.90231245102e-05
0.00179578295376	0.000266323743142	0.0028078131777	0	0.0088039020233	7.22878731386e-05	0.00300945829751	0.0259513464568	0.00364863528105	0.00908544426605	0.0080505862927	0.000947351600606	0.00259475418319	4.18508739223e-05	0.00201264657317	0.000308174617065	0.0046796886295	0.000863649852761	0.000216863619416	0.000981593224724	0.00410138564439	0.0100746467406	0.00353830115889	0.00795166604524	0.0240604478804	4.94601237264e-05	0.00190611707592	0.00265182355672	0.0809662225401	0.00256431718397	0.00981973687214	7.60924980406e-06	0.000133161871571	0.000650590858247	0.00622436633972	0.000178817370395	0.000536452111186	0.000384267115105	0	0.000688637107268	0	0.00026251911824	0.00095496085041	0.00024349599373	0.00376657865301	0.000612544609227	0.000117943371963	0.000380462490203	2.28277494122e-05	0.000646786233345	3.80462490203e-05	0.00161696558336	0.000133161871571	1.14138747061e-05	4.56554988244e-05	0.000700050981974	0.000958765475312	0.00251866168514	0.00124411234296	0.00593521484717	6.46786233345e-05	0.00028154224275	0.000791361979622	0.00254529405946	0.00101963947374	0.00102344409865	3.80462490203e-06	1.90231245102e-05	0.000593521484717	0.00116041059512	0.00569552347834	0.000810385104133	0.00627763108835	0.00191753095062	0.00133542334061	0.00076853423021	6.46786233345e-05	0.00073048798119	0.00030056536726	0.000951156225508	0.000353830115889	0.000152184996081	2.28277494122e-05	1.52184996081e-05
0.00816472503976	4.56554988244e-05	0.000155989620983	0	0.000136966496473	2.28277494122e-05	0.000745706480798	0.00480524125127	0.00216483156926	0.00138868808924	0.000859845227859	0.000623958483933	0.000117943371963	3.80462490203e-05	0.00474436725283	4.18508739223e-05	9.51156225508e-05	0.000289151492554	0.000251105243534	0.00046796886295	0.000171208120591	0.00200884194827	0.000197840494906	0.000642981608443	0.00157891933434	7.60924980406e-06	0.000372853240399	0.000292956117456	0.00256431718397	0.0258524262093	0.00557758010638	0	0.000384267115105	0.00208112982141	0.00400627002184	3.42416241183e-05	6.84832482366e-05	5.70693735305e-05	0	1.90231245102e-05	0	3.80462490203e-06	0.000171208120591	2.28277494122e-05	0.000563084485501	3.80462490203e-05	1.52184996081e-05	1.14138747061e-05	1.14138747061e-05	9.89202474528e-05	0	0.000209254369612	1.52184996081e-05	0	7.60924980406e-06	2.66323743142e-05	0.000106529497257	0.000235886743926	0.000129357246669	0.000639176983541	2.66323743142e-05	9.89202474528e-05	0.000102724872355	0.000372853240399	0.000125552621767	0.000190231245102	0	0	6.08739984325e-05	0.000213058994514	0.00114519209551	0.000155989620983	0.0028040085528	0.000658200108051	0.000414704114321	0.000414704114321	3.80462490203e-05	0.000117943371963	4.94601237264e-05	0.000171208120591	9.13109976487e-05	1.52184996081e-05	1.14138747061e-05	0
