0.0202091342595	8.97186870567e-06	0.000161493636702	0	7.62608839982e-05	4.48593435284e-06	0.00121120227527	0.00823168953746	0.00592143334574	0.000471023107048	0.000704291693395	1.34578030585e-05	0.000497938713165	5.3831212234e-05	0.00620853314433	4.93452778812e-05	0.000246726389406	3.14015404699e-05	0	0	0.000412705960461	0.00109905391644	0.000345416945168	0.000865785330097	0.00100036336068	0	8.97186870567e-06	8.52327527039e-05	0.00221156563595	0.00712814968666	0.00498835900035	0	4.48593435284e-06	0.00195138144348	0.00199624078701	4.48593435284e-06	4.48593435284e-06	0	0	8.97186870567e-06	0	0	4.03734091755e-05	0	0.000201867045878	0	0	3.14015404699e-05	0	4.48593435284e-06	0	8.97186870567e-06	4.48593435284e-06	0	0	1.34578030585e-05	4.48593435284e-06	3.14015404699e-05	8.97186870567e-06	0.000148035833644	0	0	4.48593435284e-06	3.14015404699e-05	0	4.48593435284e-06	0	0	0	8.97186870567e-06	0.000789524446099	0.000116634293174	0.000852327527039	0.000381304419991	0.000264670126817	0	0	0	0	0	0	8.97186870567e-06	0	0
8.97186870567e-06	0.0124664115665	0.00254352477806	0	0	0	0	1.34578030585e-05	4.48593435284e-06	1.79437374113e-05	0	0.000201867045878	0	5.83171465869e-05	8.97186870567e-06	4.48593435284e-06	0.000148035833644	0.000802982249158	1.34578030585e-05	0.000385790354344	0	0.000161493636702	0.00242689048488	0.000834383789628	3.14015404699e-05	0.000906158739273	0.00227885465124	0.00660778130173	2.6915606117e-05	1.34578030585e-05	0.000103176490115	0	0	0	0.000654946415514	0	0.00244932015665	0.000488966844459	0	0	0	0	1.79437374113e-05	0	8.97186870567e-06	0	8.97186870567e-05	0	4.03734091755e-05	0	0	0.000107662424468	0.000148035833644	4.48593435284e-05	0.000143549899291	0	4.48593435284e-05	0.000479994975754	0.0002377545207	2.24296717642e-05	0.000233268586348	0.000511396516223	0.00129643502797	1.34578030585e-05	4.48593435284e-06	4.48593435284e-06	4.48593435284e-06	0	0	0.000183923308466	0.000345416945168	0.000628030809397	0.000502424647518	0.000161493636702	0	0	4.48593435284e-06	8.07468183511e-05	0.000246726389406	0.000165979571055	4.93452778812e-05	4.48593435284e-06	4.48593435284e-06	0
0.000161493636702	0.00254352477806	0.0379375468219	0	4.48593435284e-06	4.48593435284e-06	1.79437374113e-05	0.0002377545207	5.83171465869e-05	0.000103176490115	4.48593435284e-06	0.000161493636702	4.48593435284e-06	4.48593435284e-05	3.58874748227e-05	5.3831212234e-05	0.00100933522939	0.00573302410293	3.58874748227e-05	0.000524854319282	0	0.00243586235359	0.00271847621782	0.0148125552331	0.000224296717642	6.28030809397e-05	0.00724478397983	0.015104140966	0.000412705960461	0.000282613864229	0.00148484427079	0	4.48593435284e-06	0.000192895177172	0.00414051740767	4.48593435284e-06	0.00112596952256	0.000188409242819	0	4.48593435284e-06	0	0	8.97186870567e-06	0	3.14015404699e-05	0	2.6915606117e-05	0	4.48593435284e-06	0	0	0.000130092096232	8.52327527039e-05	8.97186870567e-06	7.62608839982e-05	8.97186870567e-06	5.83171465869e-05	0.000556255859752	0.000201867045878	3.14015404699e-05	5.3831212234e-05	0.00020635298023	0.00066391828422	1.34578030585e-05	0	2.24296717642e-05	0	0	0	9.42046214096e-05	0.00340931010816	0.00281716677358	0.0034810850578	0.00113494139127	7.62608839982e-05	0	2.6915606117e-05	7.17749496454e-05	0.000152521767996	8.52327527039e-05	3.58874748227e-05	4.48593435284e-06	4.48593435284e-06	0
0	0	0	0	0	0	0	0	0	0	0	0	0	0	0	0	0	0	0	0	0	0	0	0	0	0	0	0	0	0	0	0	0	0	0	0	0	0	0	0	0	0	0	0	0	0	0	0	0	0	0	0	0	0	0	0	0	0	0	0	0	0	0	0	0	0	0	0	0	0	0	0	0	0	0	0	0	0	0	0	0	0	0	0
7.62608839982e-05	0	4.48593435284e-06	0	0.0146645193994	0	0.000278127929876	0.00133232250279	0.000215324848936	0.000121120227527	0.00203212826184	0	0.00141306932114	0	4.03734091755e-05	4.48593435284e-06	1.79437374113e-05	0	0	0	0.00314015404699	4.48593435284e-06	4.48593435284e-06	1.79437374113e-05	0.00532929001117	0	0	0	0.00469677326742	2.6915606117e-05	4.03734091755e-05	0	0	8.97186870567e-06	1.79437374113e-05	1.34578030585e-05	0	0	0	0.00290688546064	0	7.62608839982e-05	0.000103176490115	2.24296717642e-05	8.07468183511e-05	0.000776066643041	0	0.00161493636702	0	1.79437374113e-05	4.48593435284e-06	0	0	0	0	0.00359771935098	0	4.48593435284e-06	0	0.000192895177172	0	0	0	0.000215324848936	8.97186870567e-06	0	0	0	0	1.34578030585e-05	4.48593435284e-06	0	8.97186870567e-06	0	8.97186870567e-06	0	0	1.34578030585e-05	0	4.48593435284e-06	0	1.79437374113e-05	0	0
4.48593435284e-06	0	4.48593435284e-06	0	0	0.00584068652739	0.00296520260723	8.97186870567e-06	0.0020635298023	0	4.48593435284e-06	1.34578030585e-05	4.48593435284e-06	8.52327527039e-05	0.00063251674375	0.00122466007832	4.48593435284e-06	4.48593435284e-06	0	0	0	4.48593435284e-06	0	4.48593435284e-06	4.48593435284e-06	0	4.48593435284e-06	4.48593435284e-06	4.48593435284e-06	0.000551769925399	4.48593435284e-06	0	0.00087027126445	4.03734091755e-05	0.000520368384929	0	0	0	0	0	0	0	0	0	0	0	0	0	0	0	0	0	0	0	0	0	0	0	4.48593435284e-06	0	0	0	0	0	0	0	0	0	0	0	4.93452778812e-05	4.48593435284e-06	0.000130092096232	3.58874748227e-05	0.00090167280492	0.000614573006339	4.48593435284e-06	2.6915606117e-05	0	4.48593435284e-06	1.34578030585e-05	0	0	0
0.00121120227527	0	1.79437374113e-05	0	0.000278127929876	0.00296520260723	0.0342321650465	0.00321192899663	0.015575164073	0.000134578030585	0.0079131881984	2.6915606117e-05	0.00595283488621	0.000157007702349	0.00317604152181	0.00212633288324	2.24296717642e-05	1.34578030585e-05	0	4.48593435284e-06	0.00266464500558	4.93452778812e-05	3.58874748227e-05	6.28030809397e-05	0.000708777627748	0	4.48593435284e-06	2.24296717642e-05	0.00119325853785	0.00220259376724	0.000282613864229	0	0.000852327527039	0.00039476222305	0.00137718184632	0	0	0	0	0	0	0	4.48593435284e-06	0	4.03734091755e-05	4.48593435284e-06	4.48593435284e-06	4.48593435284e-06	4.48593435284e-06	0	0	0	0	0	0	8.97186870567e-06	4.48593435284e-06	4.48593435284e-06	0	3.58874748227e-05	0	0	0	4.48593435284e-06	0	8.97186870567e-06	0	0	0	0	0.00026915606117	3.14015404699e-05	0.00072672136516	0.000264670126817	0.00263772939947	0.000367846616933	4.48593435284e-06	4.48593435284e-06	4.48593435284e-06	0	0	4.48593435284e-06	0	0
0.00823168953746	1.34578030585e-05	0.0002377545207	0	0.00133232250279	8.97186870567e-06	0.00321192899663	0.0465954001229	0.00587657400222	0.00168671131667	0.00859953615439	8.97186870567e-06	0.00157007702349	1.34578030585e-05	0.00348557099215	4.03734091755e-05	0.000551769925399	4.48593435284e-05	0	0	0.00251660917194	0.00187960649384	0.000771580708688	0.00137718184632	0.00624442061915	0	1.34578030585e-05	0.000107662424468	0.0195272722379	0.00331510548675	0.00960438544942	0	4.48593435284e-06	0.00143549899291	0.00183923308466	3.14015404699e-05	0	4.48593435284e-06	0	3.58874748227e-05	0	0	6.28030809397e-05	4.48593435284e-06	0.000587657400222	1.79437374113e-05	0	4.03734091755e-05	0	8.97186870567e-06	0	1.34578030585e-05	8.97186870567e-06	0	0	5.3831212234e-05	2.24296717642e-05	4.48593435284e-05	1.79437374113e-05	0.000520368384929	0	0	4.48593435284e-06	0.000148035833644	1.79437374113e-05	4.03734091755e-05	0	0	8.97186870567e-06	4.03734091755e-05	0.000942046214096	0.000192895177172	0.00072672136516	0.000282613864229	0.000336445076463	4.48593435284e-06	0	3.14015404699e-05	4.48593435284e-06	1.79437374113e-05	8.97186870567e-06	2.24296717642e-05	0	0
0.00592143334574	4.48593435284e-06	5.83171465869e-05	0	0.000215324848936	0.0020635298023	0.015575164073	0.00587657400222	0.0419345143303	0.000273641995523	0.00452182182766	5.3831212234e-05	0.00235511553524	0.000345416945168	0.0149964785415	0.000462051238342	0.000107662424468	3.58874748227e-05	0	1.79437374113e-05	0.00140409745244	0.000296071667287	0.000170465505408	0.000278127929876	0.000955504017154	0	2.24296717642e-05	3.58874748227e-05	0.00150727394255	0.00607395511374	0.00132783656844	0	0.00145344273032	0.00109905391644	0.00342725384557	4.48593435284e-06	0	0	0	4.48593435284e-06	0	0	1.79437374113e-05	0	7.17749496454e-05	4.48593435284e-06	4.48593435284e-06	4.48593435284e-06	4.48593435284e-06	4.48593435284e-06	0	0	4.48593435284e-06	0	0	1.79437374113e-05	4.48593435284e-06	1.34578030585e-05	0	6.28030809397e-05	0	0	0	1.34578030585e-05	0	1.34578030585e-05	0	0	0	1.34578030585e-05	0.000820925986569	0.000103176490115	0.00169568318537	0.00066391828422	0.00164185197314	0.000511396516223	8.97186870567e-06	8.97186870567e-06	4.48593435284e-06	4.48593435284e-06	4.48593435284e-06	4.48593435284e-06	0	0
0.000471023107048	1.79437374113e-05	0.000103176490115	0	0.000121120227527	0	0.000134578030585	0.00168671131667	0.000273641995523	0.0138525652816	0.000170465505408	0	0.00102279303245	8.97186870567e-06	0.000148035833644	0.000188409242819	0.000511396516223	2.6915606117e-05	0	0	0.000125606161879	0.000475509041401	0.00233268586348	0.000614573006339	0.00484032316671	0	8.97186870567e-06	8.52327527039e-05	0.00276333556135	0.00053831212234	0.00148035833644	0	0	0.000385790354344	0.000596629268927	4.93452778812e-05	4.48593435284e-06	4.48593435284e-06	0	0.000134578030585	0	1.34578030585e-05	0.000255698258112	1.79437374113e-05	0.00185269088772	8.97186870567e-05	0	0.000130092096232	0	2.6915606117e-05	4.48593435284e-06	2.6915606117e-05	0	0	0	0.000157007702349	5.3831212234e-05	0.000170465505408	3.14015404699e-05	0.00125157568444	0	0	8.97186870567e-06	0.000354388813874	4.93452778812e-05	7.62608839982e-05	0	0	1.34578030585e-05	5.83171465869e-05	0.000322987273404	8.07468183511e-05	0.000161493636702	7.17749496454e-05	0.000542798056693	0	4.48593435284e-06	8.97186870567e-05	8.97186870567e-06	4.03734091755e-05	2.24296717642e-05	4.93452778812e-05	0	0
0.000704291693395	0	4.48593435284e-06	0	0.00203212826184	4.48593435284e-06	0.0079131881984	0.00859953615439	0.00452182182766	0.000170465505408	0.0296475401379	0	0.0053831212234	4.48593435284e-06	0.000708777627748	2.6915606117e-05	1.34578030585e-05	4.48593435284e-06	0	0	0.00693076857513	4.03734091755e-05	3.14015404699e-05	3.58874748227e-05	0.00223399530771	0	4.48593435284e-06	8.97186870567e-06	0.00604255357327	0.000448593435284	0.000282613864229	0	0	0.000192895177172	0.000224296717642	0	0	0	0	4.48593435284e-06	0	0	4.48593435284e-06	0	4.03734091755e-05	5.3831212234e-05	0	4.48593435284e-06	0	0	0	0	0	0	0	2.6915606117e-05	0	0	0	2.6915606117e-05	0	0	0	0	0	0	0	0	0	8.97186870567e-06	0.000103176490115	0	0.000112148358821	3.58874748227e-05	0.000125606161879	0	0	4.48593435284e-06	0	4.48593435284e-06	0	4.48593435284e-06	0	0
1.34578030585e-05	0.000201867045878	0.000161493636702	0	0	1.34578030585e-05	2.6915606117e-05	8.97186870567e-06	5.3831212234e-05	0	0	0.0303024865534	0	0.00830795042145	5.83171465869e-05	4.48593435284e-06	8.97186870567e-06	0.000749151036924	0.00261081379335	0.00527097286458	0	2.24296717642e-05	1.34578030585e-05	0.000125606161879	0	0.00367398023497	0.0103311068146	0.00217567816113	4.48593435284e-06	0.000183923308466	1.79437374113e-05	0.000399248157402	0	1.79437374113e-05	0.0044321031406	0	0.000336445076463	8.97186870567e-06	0	0	0	0	0	0	0	0	0.00039476222305	0	0.000287099798582	0	0	0	1.79437374113e-05	5.3831212234e-05	9.42046214096e-05	0	0	8.97186870567e-06	4.48593435284e-06	0	0.000654946415514	0.000408220026108	0.000282613864229	0	0	0	1.34578030585e-05	0	0	2.6915606117e-05	0.000224296717642	0.00199624078701	0.00329716174933	0.000228782651995	4.48593435284e-06	1.34578030585e-05	0.000161493636702	8.97186870567e-06	0.000390276288697	9.42046214096e-05	4.48593435284e-06	0	0	4.03734091755e-05
0.000497938713165	0	4.48593435284e-06	0	0.00141306932114	4.48593435284e-06	0.00595283488621	0.00157007702349	0.00235511553524	0.00102279303245	0.0053831212234	0	0.0260946801305	4.48593435284e-06	0.000466537172695	0.000753636971277	4.48593435284e-06	8.97186870567e-06	0	4.48593435284e-06	0.00977485095483	1.34578030585e-05	4.48593435284e-06	2.24296717642e-05	0.00136820997762	0	8.97186870567e-06	4.48593435284e-06	0.000937560279743	0.000381304419991	0.000125606161879	0	0	0.000161493636702	0.000188409242819	4.48593435284e-06	0	0	0	5.83171465869e-05	0	0.000121120227527	4.03734091755e-05	2.24296717642e-05	2.24296717642e-05	0.000390276288697	0	0.00267810280864	0	8.97186870567e-06	0	0	0	0	0	0.000888215001862	0	0	0	2.6915606117e-05	0	0	0	8.97186870567e-06	0	0	0	0	0	0	6.72890152926e-05	0	0.000121120227527	2.6915606117e-05	0.000897186870567	4.48593435284e-06	4.48593435284e-06	4.48593435284e-06	0	0	0	0	0	0
5.3831212234e-05	5.83171465869e-05	4.48593435284e-05	0	0	8.52327527039e-05	0.000157007702349	1.34578030585e-05	0.000345416945168	8.97186870567e-06	4.48593435284e-06	0.00830795042145	4.48593435284e-06	0.0166787039238	0.000367846616933	2.24296717642e-05	4.48593435284e-06	3.14015404699e-05	0.000233268586348	0.000309529470346	4.48593435284e-06	1.34578030585e-05	0	5.3831212234e-05	4.48593435284e-06	0.002682588743	0.00357080374486	0.00171811285714	4.48593435284e-06	0.000708777627748	1.79437374113e-05	0.000502424647518	3.58874748227e-05	8.07468183511e-05	0.00152970361432	0	0.000121120227527	4.48593435284e-06	0	0	0	0	0	0	0	0	0.000201867045878	0	0.000318501339051	0	0	0	0	2.6915606117e-05	8.97186870567e-06	0	8.97186870567e-06	0	4.48593435284e-06	0	0.000376818485638	0.000103176490115	0.000112148358821	0	0	4.48593435284e-06	0	0	0	3.14015404699e-05	0.000210838914583	0.000874757198803	0.00121568820962	0.000457565303989	5.83171465869e-05	6.72890152926e-05	0.000139063964938	5.3831212234e-05	0.000197381111525	7.62608839982e-05	4.48593435284e-05	0	4.48593435284e-06	6.72890152926e-05
0.00620853314433	8.97186870567e-06	3.58874748227e-05	0	4.03734091755e-05	0.00063251674375	0.00317604152181	0.00348557099215	0.0149964785415	0.000148035833644	0.000708777627748	5.83171465869e-05	0.000466537172695	0.000367846616933	0.0273462558149	0.000174951439761	4.03734091755e-05	1.34578030585e-05	0	1.79437374113e-05	0.000314015404699	0.000228782651995	8.07468183511e-05	0.00020635298023	0.000399248157402	0	1.34578030585e-05	2.24296717642e-05	0.000780552577394	0.00810608337558	0.00109456798209	0	0.00112148358821	0.00130989283103	0.00327473207757	4.48593435284e-06	4.48593435284e-06	4.48593435284e-06	0	4.48593435284e-06	0	0	2.24296717642e-05	0	4.03734091755e-05	0	0	0	0	4.48593435284e-06	0	0	0	0	4.48593435284e-06	8.97186870567e-06	0	1.34578030585e-05	0	4.93452778812e-05	0	4.48593435284e-06	0	0	0	0	0	0	0	4.48593435284e-06	0.000596629268927	0.000103176490115	0.00155661922043	0.000578685531516	0.000758122905629	0.000282613864229	8.97186870567e-06	4.48593435284e-06	0	4.48593435284e-06	4.48593435284e-06	0	0	0
4.93452778812e-05	4.48593435284e-06	5.3831212234e-05	0	4.48593435284e-06	0.00122466007832	0.00212633288324	4.03734091755e-05	0.000462051238342	0.000188409242819	2.6915606117e-05	4.48593435284e-06	0.000753636971277	2.24296717642e-05	0.000174951439761	0.00761263059676	4.93452778812e-05	2.6915606117e-05	0	4.48593435284e-06	1.34578030585e-05	4.48593435284e-05	4.93452778812e-05	8.97186870567e-05	7.17749496454e-05	0	1.34578030585e-05	1.34578030585e-05	5.3831212234e-05	0.000228782651995	8.07468183511e-05	0	1.79437374113e-05	9.86905557624e-05	0.00036336068258	0	8.97186870567e-06	8.97186870567e-06	0	0	0	4.48593435284e-06	0	0	2.24296717642e-05	0	0	4.48593435284e-06	0	0	4.48593435284e-06	4.48593435284e-06	4.48593435284e-06	0	4.48593435284e-06	4.48593435284e-06	0	1.34578030585e-05	2.24296717642e-05	1.34578030585e-05	0	8.97186870567e-06	4.48593435284e-06	4.48593435284e-06	4.48593435284e-06	4.48593435284e-06	0	0	0	4.03734091755e-05	0.000749151036924	7.17749496454e-05	0.000372332551285	0.000255698258112	0.00291585732934	2.24296717642e-05	4.48593435284e-06	0.000125606161879	1.79437374113e-05	5.3831212234e-05	6.28030809397e-05	8.97186870567e-06	0	0
0.000246726389406	0.000148035833644	0.00100933522939	0	1.79437374113e-05	4.48593435284e-06	2.24296717642e-05	0.000551769925399	0.000107662424468	0.000511396516223	1.34578030585e-05	8.97186870567e-06	4.48593435284e-06	4.48593435284e-06	4.03734091755e-05	4.93452778812e-05	0.0187242899887	0.000152521767996	0	4.48593435284e-06	0	0.00402388311449	0.00646871733679	0.00865336736662	0.00526648693023	0	7.17749496454e-05	0.00345865538604	0.00380855826556	0.000390276288697	0.00184371901902	0	0	0.000264670126817	0.00148933020514	1.34578030585e-05	2.24296717642e-05	4.03734091755e-05	0	4.48593435284e-06	0	4.48593435284e-06	2.6915606117e-05	0	0.000179437374113	4.48593435284e-06	0	8.97186870567e-06	0	0	0	0.000170465505408	1.79437374113e-05	0	0	4.48593435284e-06	0.000107662424468	0.00033195914211	0.000103176490115	0.000134578030585	0	0	6.28030809397e-05	8.97186870567e-05	4.48593435284e-06	7.17749496454e-05	0	0	0	3.58874748227e-05	0.00126054755315	0.000511396516223	0.000919616542332	0.000358874748227	4.93452778812e-05	0	0	5.3831212234e-05	2.24296717642e-05	2.24296717642e-05	8.97186870567e-06	4.48593435284e-06	0	0
3.14015404699e-05	0.000802982249158	0.00573302410293	0	0	4.48593435284e-06	1.34578030585e-05	4.48593435284e-05	3.58874748227e-05	2.6915606117e-05	4.48593435284e-06	0.000749151036924	8.97186870567e-06	3.14015404699e-05	1.34578030585e-05	2.6915606117e-05	0.000152521767996	0.0226135950726	0.000130092096232	0.00405079872061	4.48593435284e-06	0.00140858338679	0.00030055760164	0.007361418273	8.07468183511e-05	0.000143549899291	0.00892700936214	0.00354837407309	0.000134578030585	0.000125606161879	0.000610087071986	0	0	8.97186870567e-05	0.00601563796715	0	0.000412705960461	3.58874748227e-05	0	0	0	0	4.48593435284e-06	0	1.79437374113e-05	0	4.48593435284e-05	0	2.24296717642e-05	0	0	1.79437374113e-05	1.34578030585e-05	4.48593435284e-06	3.58874748227e-05	0	8.97186870567e-06	6.72890152926e-05	2.6915606117e-05	1.79437374113e-05	0.000130092096232	0.000134578030585	0.000242240455053	0	4.48593435284e-06	4.48593435284e-06	1.34578030585e-05	0	4.48593435284e-06	2.24296717642e-05	0.00152970361432	0.00178540187243	0.00303697755687	0.000753636971277	3.58874748227e-05	8.97186870567e-06	0	4.03734091755e-05	3.14015404699e-05	4.03734091755e-05	1.34578030585e-05	0	0	4.48593435284e-06
0	1.34578030585e-05	3.58874748227e-05	0	0	0	0	0	0	0	0	0.00261081379335	0	0.000233268586348	0	0	0	0.000130092096232	0.0059259192801	0.00263324346512	0	0	0	2.24296717642e-05	0	0.000282613864229	0.00382201606862	0.000354388813874	0	0	0	0	0	0	0.000282613864229	0	5.83171465869e-05	4.48593435284e-06	0	0	0	0	0	0	0	0	4.48593435284e-05	0	2.24296717642e-05	0	0	0	0	0	8.97186870567e-06	0	0	0	0	0	8.07468183511e-05	4.03734091755e-05	3.58874748227e-05	0	0	0	0	0	0	4.48593435284e-06	1.34578030585e-05	0.000174951439761	0.000179437374113	2.24296717642e-05	0	0	0	0	2.24296717642e-05	8.97186870567e-06	0	0	0	0
0	0.000385790354344	0.000524854319282	0	0	0	4.48593435284e-06	0	1.79437374113e-05	0	0	0.00527097286458	4.48593435284e-06	0.000309529470346	1.79437374113e-05	4.48593435284e-06	4.48593435284e-06	0.00405079872061	0.00263324346512	0.015866749806	0	5.3831212234e-05	2.24296717642e-05	0.000367846616933	0	0.000524854319282	0.00828552074969	0.00187512055949	0	2.6915606117e-05	4.93452778812e-05	8.97186870567e-06	0	8.97186870567e-06	0.00326576020887	0	0.000322987273404	2.24296717642e-05	0	0	0	0	4.48593435284e-06	0	0	0	9.86905557624e-05	0	8.52327527039e-05	0	0	0	1.79437374113e-05	2.24296717642e-05	2.24296717642e-05	0	4.48593435284e-06	8.97186870567e-06	8.97186870567e-06	0	0.000233268586348	0.000215324848936	0.0002377545207	0	0	4.48593435284e-06	1.34578030585e-05	0	0	1.34578030585e-05	0.000327473207757	0.00093307434539	0.00163736603879	0.000233268586348	1.34578030585e-05	4.48593435284e-06	8.97186870567e-06	1.79437374113e-05	7.17749496454e-05	1.79437374113e-05	1.34578030585e-05	0	0	0
0.000412705960461	0	0	0	0.00314015404699	0	0.00266464500558	0.00251660917194	0.00140409745244	0.000125606161879	0.00693076857513	0	0.00977485095483	4.48593435284e-06	0.000314015404699	1.34578030585e-05	0	4.48593435284e-06	0	0	0.0190786788026	2.24296717642e-05	8.97186870567e-06	2.24296717642e-05	0.00152970361432	0	0	4.48593435284e-06	0.00231922806042	0.000291585732934	0.000139063964938	0	4.48593435284e-06	0.000112148358821	0.000116634293174	0	0	0	0	0.000322987273404	0	7.17749496454e-05	3.14015404699e-05	1.34578030585e-05	5.83171465869e-05	0.000372332551285	0	0.000444107500931	0	0	0	4.48593435284e-06	0	0	0	0.00133680843715	0	0	0	5.3831212234e-05	0	0	0	4.03734091755e-05	4.48593435284e-06	0	0	0	0	0	4.93452778812e-05	0	6.72890152926e-05	1.34578030585e-05	0.000103176490115	0	0	4.48593435284e-06	0	4.48593435284e-06	4.48593435284e-06	8.97186870567e-06	0	0
0.00109905391644	0.000161493636702	0.00243586235359	0	4.48593435284e-06	4.48593435284e-06	4.93452778812e-05	0.00187960649384	0.000296071667287	0.000475509041401	4.03734091755e-05	2.24296717642e-05	1.34578030585e-05	1.34578030585e-05	0.000228782651995	4.48593435284e-05	0.00402388311449	0.00140858338679	0	5.3831212234e-05	2.24296717642e-05	0.0409476087727	0.00222053750465	0.0226449966131	0.00233717179783	8.97186870567e-06	0.000305043535993	0.00130540689668	0.00554910079446	0.00153867548302	0.0168177678888	0	0	0.000690833890337	0.0060021801641	0	3.58874748227e-05	2.24296717642e-05	0	8.97186870567e-06	0	8.97186870567e-06	1.79437374113e-05	4.48593435284e-06	0.000188409242819	0	0	0	0	0	0	4.93452778812e-05	1.79437374113e-05	0	4.48593435284e-06	4.48593435284e-06	4.03734091755e-05	0.000188409242819	8.07468183511e-05	0.000116634293174	0	1.34578030585e-05	4.93452778812e-05	9.42046214096e-05	0	3.14015404699e-05	0	0	0	3.14015404699e-05	0.00259735599029	0.00107662424468	0.00214876255501	0.000879243133156	8.07468183511e-05	8.97186870567e-06	8.97186870567e-06	6.72890152926e-05	1.34578030585e-05	2.24296717642e-05	2.24296717642e-05	8.97186870567e-06	0	0
0.000345416945168	0.00242689048488	0.00271847621782	0	4.48593435284e-06	0	3.58874748227e-05	0.000771580708688	0.000170465505408	0.00233268586348	3.14015404699e-05	1.34578030585e-05	4.48593435284e-06	0	8.07468183511e-05	4.93452778812e-05	0.00646871733679	0.00030055760164	0	2.24296717642e-05	8.97186870567e-06	0.00222053750465	0.0249731965422	0.00590797554269	0.00417191894814	2.24296717642e-05	0.000255698258112	0.0041943486199	0.00281268083923	0.000565227728457	0.0021397906863	0	0	0.000376818485638	0.00205904386795	4.48593435284e-05	0.000556255859752	0.000264670126817	0	1.34578030585e-05	0	8.97186870567e-06	0.000157007702349	2.24296717642e-05	0.00101830709809	8.97186870567e-06	8.97186870567e-06	8.97186870567e-06	0	1.34578030585e-05	4.48593435284e-06	0.000533826187988	7.17749496454e-05	0	2.24296717642e-05	4.48593435284e-06	0.00036336068258	0.00242689048488	0.000654946415514	0.000672890152926	4.48593435284e-06	4.03734091755e-05	0.000574199597163	0.000417191894814	3.58874748227e-05	0.000305043535993	0	0	1.79437374113e-05	0.000287099798582	0.00175400033196	0.000780552577394	0.00118428666915	0.000399248157402	7.62608839982e-05	0	0	0.00026915606117	0.000192895177172	0.000192895177172	0.000112148358821	1.79437374113e-05	1.34578030585e-05	0
0.000865785330097	0.000834383789628	0.0148125552331	0	1.79437374113e-05	4.48593435284e-06	6.28030809397e-05	0.00137718184632	0.000278127929876	0.000614573006339	3.58874748227e-05	0.000125606161879	2.24296717642e-05	5.3831212234e-05	0.00020635298023	8.97186870567e-05	0.00865336736662	0.007361418273	2.24296717642e-05	0.000367846616933	2.24296717642e-05	0.0226449966131	0.00590797554269	0.0681413428196	0.00199175485266	1.79437374113e-05	0.00209044540842	0.011035398508	0.00361566308839	0.00139063964938	0.00850981746733	0	0	0.000717749496454	0.00978830875789	8.97186870567e-06	0.000282613864229	0.000112148358821	0	4.48593435284e-06	0	4.48593435284e-06	4.48593435284e-05	0	0.000228782651995	0	0	4.48593435284e-06	0	4.48593435284e-06	0	0.000143549899291	3.58874748227e-05	4.48593435284e-06	2.6915606117e-05	8.97186870567e-06	0.000116634293174	0.000749151036924	0.000255698258112	0.000157007702349	1.79437374113e-05	6.28030809397e-05	0.000322987273404	0.000130092096232	8.97186870567e-06	7.62608839982e-05	0	0	0	0.000103176490115	0.0062399346848	0.00294277293546	0.00552667112269	0.00218016409548	0.000246726389406	1.34578030585e-05	3.14015404699e-05	0.000161493636702	9.42046214096e-05	9.42046214096e-05	6.28030809397e-05	8.97186870567e-06	8.97186870567e-06	4.48593435284e-06
0.00100036336068	3.14015404699e-05	0.000224296717642	0	0.00532929001117	4.48593435284e-06	0.000708777627748	0.00624442061915	0.000955504017154	0.00484032316671	0.00223399530771	0	0.00136820997762	4.48593435284e-06	0.000399248157402	7.17749496454e-05	0.00526648693023	8.07468183511e-05	0	0	0.00152970361432	0.00233717179783	0.00417191894814	0.00199175485266	0.0334471265348	0	8.97186870567e-06	0.000197381111525	0.0176566376128	0.000897186870567	0.00300109008205	0	0	0.000533826187988	0.00120671634091	3.58874748227e-05	0	0	0	5.83171465869e-05	0	1.34578030585e-05	0.000112148358821	8.97186870567e-06	0.000672890152926	1.34578030585e-05	0	5.3831212234e-05	0	1.79437374113e-05	0	2.6915606117e-05	0	0	0	7.17749496454e-05	3.58874748227e-05	0.000112148358821	2.24296717642e-05	0.000560741794105	0	0	4.48593435284e-06	0.000174951439761	1.34578030585e-05	7.62608839982e-05	0	0	4.48593435284e-06	1.34578030585e-05	0.000681862021631	0.000174951439761	0.000430649697872	0.000165979571055	0.000242240455053	0	0	5.83171465869e-05	0	1.34578030585e-05	8.97186870567e-06	2.6915606117e-05	0	0
0	0.000906158739273	6.28030809397e-05	0	0	0	0	0	0	0	0	0.00367398023497	0	0.002682588743	0	0	0	0.000143549899291	0.000282613864229	0.000524854319282	0	8.97186870567e-06	2.24296717642e-05	1.79437374113e-05	0	0.0123542632077	0.00287099798582	0.00241791861618	0	0	4.48593435284e-06	2.24296717642e-05	0	0	0.000354388813874	0	0.000587657400222	2.24296717642e-05	0	0	0	0	0	4.48593435284e-06	4.48593435284e-06	0	0.000533826187988	0	0.000542798056693	0	0	0	8.97186870567e-06	5.83171465869e-05	6.72890152926e-05	0	0	1.34578030585e-05	4.48593435284e-06	0	0.00136820997762	0.000453079369637	0.000453079369637	0	0	0	1.34578030585e-05	0	0	5.83171465869e-05	3.58874748227e-05	0.00083886972398	0.000336445076463	8.97186870567e-06	0	0	6.72890152926e-05	4.48593435284e-06	0.000479994975754	0.000143549899291	1.34578030585e-05	0	4.48593435284e-06	5.3831212234e-05
8.97186870567e-06	0.00227885465124	0.00724478397983	0	0	4.48593435284e-06	4.48593435284e-06	1.34578030585e-05	2.24296717642e-05	8.97186870567e-06	4.48593435284e-06	0.0103311068146	8.97186870567e-06	0.00357080374486	1.34578030585e-05	1.34578030585e-05	7.17749496454e-05	0.00892700936214	0.00382201606862	0.00828552074969	0	0.000305043535993	0.000255698258112	0.00209044540842	8.97186870567e-06	0.00287099798582	0.056742583629	0.0200566124915	4.48593435284e-05	8.52327527039e-05	0.000188409242819	0.000305043535993	0	4.93452778812e-05	0.00433341258484	0	0.00164185197314	0.000112148358821	0	0	0	0	0	0	8.97186870567e-06	0	0.000399248157402	0	0.000309529470346	0	0	1.79437374113e-05	6.72890152926e-05	4.03734091755e-05	0.000161493636702	0	8.97186870567e-06	8.07468183511e-05	5.3831212234e-05	4.48593435284e-06	0.000897186870567	0.000847841592686	0.000986905557624	4.48593435284e-06	8.97186870567e-06	0	2.24296717642e-05	0	0	0.000107662424468	0.00105868050727	0.00286651205146	0.00320295712793	0.000645974546808	2.6915606117e-05	0	1.79437374113e-05	7.62608839982e-05	0.000358874748227	0.000152521767996	3.58874748227e-05	0	4.48593435284e-06	1.79437374113e-05
8.52327527039e-05	0.00660778130173	0.015104140966	0	0	4.48593435284e-06	2.24296717642e-05	0.000107662424468	3.58874748227e-05	8.52327527039e-05	8.97186870567e-06	0.00217567816113	4.48593435284e-06	0.00171811285714	2.24296717642e-05	1.34578030585e-05	0.00345865538604	0.00354837407309	0.000354388813874	0.00187512055949	4.48593435284e-06	0.00130540689668	0.0041943486199	0.011035398508	0.000197381111525	0.00241791861618	0.0200566124915	0.0650101606413	0.000385790354344	0.000139063964938	0.000610087071986	4.93452778812e-05	0	0.000103176490115	0.00348557099215	0	0.00230577025736	0.000336445076463	0	0	0	0	1.34578030585e-05	0	1.79437374113e-05	0	0.000197381111525	0	0.000143549899291	0	4.48593435284e-06	0.00020635298023	0.000116634293174	5.83171465869e-05	0.000152521767996	4.48593435284e-06	6.28030809397e-05	0.000637002678103	0.000273641995523	4.03734091755e-05	0.000578685531516	0.000937560279743	0.00175400033196	3.14015404699e-05	8.97186870567e-06	4.03734091755e-05	1.34578030585e-05	0	0	0.000192895177172	0.00200072672137	0.0029203432637	0.00283959644535	0.000852327527039	5.83171465869e-05	0	1.79437374113e-05	0.000139063964938	0.00030055760164	0.000233268586348	6.28030809397e-05	8.97186870567e-06	8.97186870567e-06	4.48593435284e-06
0.00221156563595	2.6915606117e-05	0.000412705960461	0	0.00469677326742	4.48593435284e-06	0.00119325853785	0.0195272722379	0.00150727394255	0.00276333556135	0.00604255357327	4.48593435284e-06	0.000937560279743	4.48593435284e-06	0.000780552577394	5.3831212234e-05	0.00380855826556	0.000134578030585	0	0	0.00231922806042	0.00554910079446	0.00281268083923	0.00361566308839	0.0176566376128	0	4.48593435284e-05	0.000385790354344	0.0518708589219	0.00183474715031	0.0103131630772	0	0	0.00108111017903	0.002377545207	5.3831212234e-05	0	8.97186870567e-06	0	0.000749151036924	0	8.97186870567e-06	0.000112148358821	4.48593435284e-06	0.000959989951507	0.000116634293174	0	0.000125606161879	0	2.24296717642e-05	0	4.93452778812e-05	8.97186870567e-06	0	0	0.000471023107048	7.17749496454e-05	0.000125606161879	2.6915606117e-05	0.000753636971277	0	0	8.97186870567e-06	0.000457565303989	2.24296717642e-05	8.07468183511e-05	0	0	4.48593435284e-06	6.72890152926e-05	0.0011798007348	0.000278127929876	0.000789524446099	0.00030055760164	0.000161493636702	4.48593435284e-06	0	8.97186870567e-05	4.48593435284e-06	3.58874748227e-05	2.6915606117e-05	4.48593435284e-05	0	0
0.00712814968666	1.34578030585e-05	0.000282613864229	0	2.6915606117e-05	0.000551769925399	0.00220259376724	0.00331510548675	0.00607395511374	0.00053831212234	0.000448593435284	0.000183923308466	0.000381304419991	0.000708777627748	0.00810608337558	0.000228782651995	0.000390276288697	0.000125606161879	0	2.6915606117e-05	0.000291585732934	0.00153867548302	0.000565227728457	0.00139063964938	0.000897186870567	0	8.52327527039e-05	0.000139063964938	0.00183474715031	0.0361566308839	0.00948775115625	0	0.000578685531516	0.00816440052216	0.00996326019765	0	8.97186870567e-06	4.48593435284e-06	0	4.48593435284e-06	0	0	3.14015404699e-05	4.48593435284e-06	0.000215324848936	0	4.48593435284e-06	1.79437374113e-05	4.48593435284e-06	0	0	4.48593435284e-06	4.48593435284e-06	0	4.48593435284e-06	0	1.34578030585e-05	2.24296717642e-05	4.48593435284e-06	0.000148035833644	0	0	8.97186870567e-06	4.48593435284e-05	0	1.79437374113e-05	0	0	0	1.34578030585e-05	0.002530066975	0.000354388813874	0.00402388311449	0.00164185197314	0.000802982249158	0.000287099798582	2.6915606117e-05	8.97186870567e-06	1.34578030585e-05	8.97186870567e-06	4.48593435284e-06	1.79437374113e-05	0	0
0.00498835900035	0.000103176490115	0.00148484427079	0	4.03734091755e-05	4.48593435284e-06	0.000282613864229	0.00960438544942	0.00132783656844	0.00148035833644	0.000282613864229	1.79437374113e-05	0.000125606161879	1.79437374113e-05	0.00109456798209	8.07468183511e-05	0.00184371901902	0.000610087071986	0	4.93452778812e-05	0.000139063964938	0.0168177678888	0.0021397906863	0.00850981746733	0.00300109008205	4.48593435284e-06	0.000188409242819	0.000610087071986	0.0103131630772	0.00948775115625	0.0441909393098	0	0	0.00337342263333	0.00726272771724	1.34578030585e-05	4.03734091755e-05	1.34578030585e-05	0	8.97186870567e-06	0	8.97186870567e-06	0.000103176490115	1.34578030585e-05	0.000578685531516	8.97186870567e-06	0	4.03734091755e-05	0	0	0	4.48593435284e-05	8.97186870567e-06	0	0	8.97186870567e-06	5.83171465869e-05	0.000125606161879	8.07468183511e-05	0.000399248157402	0	0	3.58874748227e-05	0.000192895177172	8.97186870567e-06	6.72890152926e-05	0	0	4.48593435284e-06	5.83171465869e-05	0.00287996985452	0.000829897855275	0.0020635298023	0.000825411920922	0.000210838914583	8.97186870567e-06	1.34578030585e-05	6.28030809397e-05	2.6915606117e-05	3.14015404699e-05	4.03734091755e-05	3.14015404699e-05	0	0
0	0	0	0	0	0	0	0	0	0	0	0.000399248157402	0	0.000502424647518	0	0	0	0	0	8.97186870567e-06	0	0	0	0	0	2.24296717642e-05	0.000305043535993	4.93452778812e-05	0	0	0	0.00060111520328	0	0	8.97186870567e-06	0	4.48593435284e-06	0	0	0	0	0	0	0	0	0	0	0	0	0	0	0	0	0	0	0	0	0	0	0	8.97186870567e-06	4.48593435284e-06	4.48593435284e-06	0	0	0	0	0	0	0	0	1.34578030585e-05	8.97186870567e-06	0	0	0	0	0	0	0	0	0	0	0
4.48593435284e-06	0	4.48593435284e-06	0	0	0.00087027126445	0.000852327527039	4.48593435284e-06	0.00145344273032	0	0	0	0	3.58874748227e-05	0.00112148358821	1.79437374113e-05	0	0	0	0	4.48593435284e-06	0	0	0	0	0	0	0	0	0.000578685531516	0	0	0.0029293151324	4.48593435284e-06	0.00026915606117	0	0	0	0	0	0	0	0	0	0	0	0	0	0	0	0	0	0	0	0	0	0	0	0	0	0	0	0	0	0	0	0	0	0	0	8.97186870567e-06	0	4.48593435284e-05	2.6915606117e-05	5.3831212234e-05	0.000174951439761	0	0	0	0	0	0	0	0
0.00195138144348	0	0.000192895177172	0	8.97186870567e-06	4.03734091755e-05	0.00039476222305	0.00143549899291	0.00109905391644	0.000385790354344	0.000192895177172	1.79437374113e-05	0.000161493636702	8.07468183511e-05	0.00130989283103	9.86905557624e-05	0.000264670126817	8.97186870567e-05	0	8.97186870567e-06	0.000112148358821	0.000690833890337	0.000376818485638	0.000717749496454	0.000533826187988	0	4.93452778812e-05	0.000103176490115	0.00108111017903	0.00816440052216	0.00337342263333	0	4.48593435284e-06	0.011416702928	0.0060021801641	0	4.48593435284e-06	0	0	0	0	0	2.6915606117e-05	0	9.42046214096e-05	0	0	0	0	0	0	0	0	0	4.48593435284e-06	0	1.34578030585e-05	3.14015404699e-05	8.97186870567e-06	7.17749496454e-05	0	0	8.97186870567e-06	3.14015404699e-05	0	2.24296717642e-05	0	0	0	8.97186870567e-06	0.00237305927265	0.000291585732934	0.00234165773218	0.000986905557624	0.000318501339051	2.24296717642e-05	4.48593435284e-06	8.97186870567e-06	4.48593435284e-06	4.48593435284e-06	1.34578030585e-05	8.97186870567e-06	4.48593435284e-06	0
0.00199624078701	0.000654946415514	0.00414051740767	0	1.79437374113e-05	0.000520368384929	0.00137718184632	0.00183923308466	0.00342725384557	0.000596629268927	0.000224296717642	0.0044321031406	0.000188409242819	0.00152970361432	0.00327473207757	0.00036336068258	0.00148933020514	0.00601563796715	0.000282613864229	0.00326576020887	0.000116634293174	0.0060021801641	0.00205904386795	0.00978830875789	0.00120671634091	0.000354388813874	0.00433341258484	0.00348557099215	0.002377545207	0.00996326019765	0.00726272771724	8.97186870567e-06	0.00026915606117	0.0060021801641	0.0506461988435	1.79437374113e-05	0.000435135632225	5.3831212234e-05	0	8.97186870567e-06	0	0	6.72890152926e-05	1.34578030585e-05	0.0002377545207	4.48593435284e-06	7.17749496454e-05	1.34578030585e-05	6.28030809397e-05	4.48593435284e-06	4.48593435284e-06	6.72890152926e-05	4.48593435284e-05	3.14015404699e-05	5.3831212234e-05	0	3.58874748227e-05	0.00020635298023	9.42046214096e-05	0.000188409242819	0.000157007702349	0.000143549899291	0.00020635298023	8.07468183511e-05	8.97186870567e-06	3.14015404699e-05	8.97186870567e-06	0	4.48593435284e-06	8.07468183511e-05	0.0106361503506	0.0041853767512	0.0207025870383	0.00607844104809	0.00106316644162	0.000426163763519	7.17749496454e-05	0.000197381111525	0.000139063964938	0.000116634293174	9.86905557624e-05	1.34578030585e-05	1.79437374113e-05	1.34578030585e-05
4.48593435284e-06	0	4.48593435284e-06	0	1.34578030585e-05	0	0	3.14015404699e-05	4.48593435284e-06	4.93452778812e-05	0	0	4.48593435284e-06	0	4.48593435284e-06	0	1.34578030585e-05	0	0	0	0	0	4.48593435284e-05	8.97186870567e-06	3.58874748227e-05	0	0	0	5.3831212234e-05	0	1.34578030585e-05	0	0	0	1.79437374113e-05	0.0199489500671	4.48593435284e-06	4.03734091755e-05	0	0.000282613864229	3.58874748227e-05	0.00138166778067	0.00678273274149	0.00276333556135	0.000426163763519	0.00137269591197	0	0.00100484929504	0	0.00676927493843	7.17749496454e-05	8.97186870567e-05	8.07468183511e-05	0	4.48593435284e-06	0.00060111520328	0.000654946415514	0.000103176490115	0.000358874748227	0.00170465505408	0	8.97186870567e-06	3.58874748227e-05	0.00144447086161	0.00409565806414	0.00200521265572	0	1.34578030585e-05	0.000183923308466	0.000829897855275	1.34578030585e-05	0	4.48593435284e-06	4.48593435284e-06	0	0	0	0.000708777627748	0.000130092096232	0.00056971366281	0.000197381111525	0.00063251674375	5.83171465869e-05	0
4.48593435284e-06	0.00244932015665	0.00112596952256	0	0	0	0	0	0	4.48593435284e-06	0	0.000336445076463	0	0.000121120227527	4.48593435284e-06	8.97186870567e-06	2.24296717642e-05	0.000412705960461	5.83171465869e-05	0.000322987273404	0	3.58874748227e-05	0.000556255859752	0.000282613864229	0	0.000587657400222	0.00164185197314	0.00230577025736	0	8.97186870567e-06	4.03734091755e-05	4.48593435284e-06	0	4.48593435284e-06	0.000435135632225	4.48593435284e-06	0.0214158506004	0.00191100803431	0	0	0	4.48593435284e-06	2.6915606117e-05	8.97186870567e-06	0.000134578030585	0	0.000619058940691	0	0.000502424647518	8.97186870567e-06	0	0.000340931010816	0.000762608839982	0.000134578030585	0.00093307434539	0	0.000228782651995	0.00318501339051	0.00105419457292	0.000107662424468	0.00326576020887	0.00418986268555	0.0119325853785	7.62608839982e-05	3.14015404699e-05	0.000116634293174	5.83171465869e-05	0	0	0.000879243133156	0.000125606161879	0.000686347955984	0.00030055760164	5.3831212234e-05	4.48593435284e-06	0	4.48593435284e-06	0.000439621566578	0.000991391491977	0.000874757198803	0.000246726389406	2.24296717642e-05	3.14015404699e-05	1.34578030585e-05
0	0.000488966844459	0.000188409242819	0	0	0	0	4.48593435284e-06	0	4.48593435284e-06	0	8.97186870567e-06	0	4.48593435284e-06	4.48593435284e-06	8.97186870567e-06	4.03734091755e-05	3.58874748227e-05	4.48593435284e-06	2.24296717642e-05	0	2.24296717642e-05	0.000264670126817	0.000112148358821	0	2.24296717642e-05	0.000112148358821	0.000336445076463	8.97186870567e-06	4.48593435284e-06	1.34578030585e-05	0	0	0	5.3831212234e-05	4.03734091755e-05	0.00191100803431	0.0260946801305	0	4.48593435284e-06	0	0	0.000134578030585	1.34578030585e-05	5.3831212234e-05	1.34578030585e-05	6.72890152926e-05	1.34578030585e-05	8.97186870567e-06	4.48593435284e-05	0	0.000802982249158	0.00528891660199	3.14015404699e-05	0.00103625083551	8.97186870567e-06	0.00151624581126	0.00119325853785	0.00724029804548	9.86905557624e-05	8.07468183511e-05	0.00530686033941	0.00997671800071	0.000192895177172	5.83171465869e-05	0.000856813461392	4.48593435284e-06	0	4.48593435284e-06	0.00264670126817	6.28030809397e-05	6.28030809397e-05	6.72890152926e-05	3.14015404699e-05	0	0	0	0.00165082384184	0.00175848626631	0.00240446081312	0.00121120227527	9.86905557624e-05	0.000121120227527	8.97186870567e-06
0	0	0	0	0	0	0	0	0	0	0	0	0	0	0	0	0	0	0	0	0	0	0	0	0	0	0	0	0	0	0	0	0	0	0	0	0	0	0	0	0	0	0	0	0	0	0	0	0	0	0	0	0	0	0	0	0	0	0	0	0	0	0	0	0	0	0	0	0	0	0	0	0	0	0	0	0	0	0	0	0	0	0	0
8.97186870567e-06	0	4.48593435284e-06	0	0.00290688546064	0	0	3.58874748227e-05	4.48593435284e-06	0.000134578030585	4.48593435284e-06	0	5.83171465869e-05	0	4.48593435284e-06	0	4.48593435284e-06	0	0	0	0.000322987273404	8.97186870567e-06	1.34578030585e-05	4.48593435284e-06	5.83171465869e-05	0	0	0	0.000749151036924	4.48593435284e-06	8.97186870567e-06	0	0	0	8.97186870567e-06	0.000282613864229	0	4.48593435284e-06	0	0.0155303047295	0	0.000381304419991	0.00133680843715	0.000228782651995	0.000708777627748	0.00401939718014	0	0.00269604654605	0	0.000264670126817	1.34578030585e-05	1.34578030585e-05	0	0	0	0.00999466173812	2.6915606117e-05	4.03734091755e-05	1.79437374113e-05	0.00440967346884	0	0	4.48593435284e-06	0.00333304922416	0.000112148358821	9.86905557624e-05	0	0	2.24296717642e-05	5.83171465869e-05	4.48593435284e-06	0	0	0	4.48593435284e-06	0	0	8.52327527039e-05	8.97186870567e-06	1.79437374113e-05	1.34578030585e-05	7.17749496454e-05	0	0
0	0	0	0	0	0	0	0	0	0	0	0	0	0	0	0	0	0	0	0	0	0	0	0	0	0	0	0	0	0	0	0	0	0	0	3.58874748227e-05	0	0	0	0	0.00451733589331	0.00182128934725	4.48593435284e-06	0.00177643000372	4.48593435284e-06	0	0	8.97186870567e-06	0	0.000372332551285	0.000686347955984	0	0	0	0	4.48593435284e-06	1.79437374113e-05	0	8.97186870567e-06	1.34578030585e-05	0	0	4.48593435284e-06	8.97186870567e-06	0.000430649697872	4.48593435284e-06	0	0.00120671634091	0	0.0002377545207	4.48593435284e-06	0	0	0	0	0	0	3.58874748227e-05	8.97186870567e-06	0.000179437374113	4.48593435284e-05	0.00101382116374	0.000529340253635	0
