0.0199553874079	0	2.18689177073e-05	0	0	0	8.74756708291e-05	0.00622170708772	0.00434098016489	0	2.18689177073e-05	0.000612329695803	0	0.000185885800512	0.00577339427472	0	0.000568591860389	0.000196820259365	0.000284295930194	0.000765412119754	0	0.00036083714217	0	0	0.00204474380563	0	0.000109344588536	0.00012027904739	0.00531414700286	0.00712926717257	0.00743543202047	0	6.56067531218e-05	5.46722942682e-05	0.00600301791064	0	0	0	0	0	0	0	0	0	0	0	0	0	0	0	0	0	0	0	0	0	0	0	0	0	0	0	0	0	0	0	0	0	0	0	0.000295230389048	0	0.00500798215496	0.000688870907779	3.28033765609e-05	0.000415509436438	0	0	0	0	0	0	0	0
0	0.021442473812	0	0	2.18689177073e-05	0	0	0	0	0.00309445185558	0	0	1.09344588536e-05	0	0	0	0.000164016882804	0.000196820259365	0	1.09344588536e-05	0	0	0.00581713211013	0.000164016882804	0.00321473090297	0.000153082423951	0.00167297220461	0.0165438362455	0	0	0	0	0	0	9.84101296827e-05	0	0.0121481837864	0	0	0	0	0	0	0	0	0	0	0	0	1.09344588536e-05	0	0	0.00184792354626	0	0.000164016882804	0	0	3.28033765609e-05	0	0	0.000688870907779	0.00196820259365	0.0106501629234	0	1.09344588536e-05	0	0	0	0	0	1.09344588536e-05	0	0.000131213506244	6.56067531218e-05	0	0	0	5.46722942682e-05	5.46722942682e-05	0	0	0	0	0
2.18689177073e-05	0	0.0303431233188	0	0	0	0	0.00122465939161	1.09344588536e-05	4.37378354145e-05	1.09344588536e-05	5.46722942682e-05	0	7.65412119754e-05	0	0	0	0.00434098016489	1.09344588536e-05	0.000109344588536	0	0.000743543202047	0.000513919566121	0.0124871520108	1.09344588536e-05	0	0.00668095435957	0.0156581450784	0.00115905263848	1.09344588536e-05	0.00119185601505	0	0	0	7.65412119754e-05	0	0.00173857895773	0	0	0	0	0	0	0	4.37378354145e-05	0	0	0	0	1.09344588536e-05	0	6.56067531218e-05	0	0	2.18689177073e-05	0	0	0.000940363461412	0.000131213506244	5.46722942682e-05	0	2.18689177073e-05	0.00153082423951	0	1.09344588536e-05	0	0	0	0	0	0.00381612613992	0	0.00119185601505	0.000524854024974	0	5.46722942682e-05	0	0.000295230389048	2.18689177073e-05	0	0.00012027904739	0	0	0
0	0	0	0	0	0	0	0	0	0	0	0	0	0	0	0	0	0	0	0	0	0	0	0	0	0	0	0	0	0	0	0	0	0	0	0	0	0	0	0	0	0	0	0	0	0	0	0	0	0	0	0	0	0	0	0	0	0	0	0	0	0	0	0	0	0	0	0	0	0	0	0	0	0	0	0	0	0	0	0	0	0	0	0
0	2.18689177073e-05	0	0	0.0180527915673	0.000273361471341	0.00379425722221	0.000820084414022	0.00606862466377	0.00100597021453	0.00630918275855	0.000656067531218	0.00534695037943	0.00072167428434	0.00186979246397	0.000634198613511	0	0	0.00024055809478	0.000164016882804	0.00899905963654	0	2.18689177073e-05	0	0.00392547072845	0	0.00012027904739	0	0.00215408839417	0	0	0	0.00233997419468	0	0.000448312812999	0	0	0	0	0.000612329695803	0	0	0	0	0.000109344588536	0.000557657401535	0	0.000754477660901	0	0	7.65412119754e-05	0	0	0	0	0.00101690467339	0	0	0	0.000820084414022	0	0	0	5.46722942682e-05	0	0	0	0	0	0.000251492553634	0.000349902683316	0	0.00072167428434	0	0.000688870907779	0.000852887790583	0	0.000109344588536	0	8.74756708291e-05	0.000109344588536	7.65412119754e-05	0	0
0	0	0	0	0.000273361471341	0.00789467929232	0.00335687886806	0.000174951341658	0.000667001990072	0.00247118770092	0.000437378354145	5.46722942682e-05	0.00168390666346	6.56067531218e-05	0	0.0040566842347	0	0	2.18689177073e-05	1.09344588536e-05	7.65412119754e-05	0	0	0	0.00249305661863	0	2.18689177073e-05	0	0.000524854024974	0	0	0	0.00312725523214	1.09344588536e-05	0.000218689177073	0	0	0	0	1.09344588536e-05	0	0	0	0	1.09344588536e-05	0	0	0	0	0	0	0	0	0	0	1.09344588536e-05	0	0	0	3.28033765609e-05	0	0	0	2.18689177073e-05	0	0	0	0	0	0	0.000699805366632	0	0.000579526319242	9.84101296827e-05	0.00125746276817	0.00104970804995	0	0	0	0	0	0	0	0
8.74756708291e-05	0	0	0	0.00379425722221	0.00335687886806	0.0564218076847	0.0180418571085	0.0406105801824	0.00157456207492	0.0300150895532	0.000459247271853	0.00848514007042	0.000142147965097	0.00860541911781	0.00225249852385	0	0	0.000229623635926	9.84101296827e-05	0.00592647669867	2.18689177073e-05	0	0	0.0018151201697	0	0.000710739825486	0.000207754718219	0.0105517527938	0.00184792354626	3.28033765609e-05	0.000174951341658	0.0128589236119	2.18689177073e-05	0.000448312812999	0	0	0	0	4.37378354145e-05	0	0	0	0	0.000338968224463	0	0	0.00024055809478	0	0.000546722942682	2.18689177073e-05	0	2.18689177073e-05	0	2.18689177073e-05	1.09344588536e-05	0	0	0	0.000251492553634	0	3.28033765609e-05	0	0.000131213506244	0.000710739825486	0	0	0	0	0.00036083714217	0.0045268659654	5.46722942682e-05	0.00188072692282	0.000557657401535	0.00584993548669	0.00287576267851	1.09344588536e-05	0.000306164847902	0	0	0	2.18689177073e-05	0	0
0.00622170708772	0	0.00122465939161	0	0.000820084414022	0.000174951341658	0.0180418571085	0.0774159686837	0.031152273274	0.00239464648895	0.0288997747501	0.00180418571085	1.09344588536e-05	0.00119185601505	0.0165547707044	7.65412119754e-05	0	0.00103877359109	0.000951297920266	0.00123559385046	0	0.00322566536182	0	0.00663721652415	0.00358650250399	0	0.000513919566121	0.000831018872876	0.0344654143066	0.00314912414985	0.0149692741706	0	0.000557657401535	0	0.00344435453889	0	0	0	0	0.00520480241433	0	0	0	0	0.000896625625998	0.00172764449887	0	0.000142147965097	0	0	0.000273361471341	0	0	0	0	0.0063201172174	0	0	0	0.00706366041945	0	0	0	0.000863822249437	0	0	0	0	0	0.000174951341658	0.000338968224463	0	0.00581713211013	0.00012027904739	0.000612329695803	0.00388173289304	0	6.56067531218e-05	0	0.000164016882804	0.000174951341658	0.000295230389048	0	0
0.00434098016489	0	1.09344588536e-05	0	0.00606862466377	0.000667001990072	0.0406105801824	0.031152273274	0.0819428346491	0.00048111618956	0.0415400091849	0.007993089422	0.00920681435476	0.00770879349181	0.025925601942	0.000109344588536	1.09344588536e-05	0	0.00221969514729	0.0024055809478	0.0123887418812	0.000196820259365	0	0	0.0013668073567	0	0.0012027904739	0.000229623635926	0.0172108382356	0.00424257003521	0.00162923436919	0.000174951341658	0.0149911430883	0	0.00687777461893	0	0	0	0	0.000109344588536	0	0	0	0	0.000492050648413	0	0	0.000273361471341	0	0.000546722942682	4.37378354145e-05	0	3.28033765609e-05	0	2.18689177073e-05	2.18689177073e-05	0	0	0	0.000415509436438	0	4.37378354145e-05	0	0.000185885800512	0.000710739825486	0	0	0	0	0.000415509436438	0.00429724232948	4.37378354145e-05	0.00393640518731	3.28033765609e-05	0.0079712205043	0.00213221947646	0	0.000426443895292	0	1.09344588536e-05	1.09344588536e-05	4.37378354145e-05	0	0
0	0.00309445185558	4.37378354145e-05	0	0.00100597021453	0.00247118770092	0.00157456207492	0.00239464648895	0.00048111618956	0.0297635969996	0.00144334856868	0	0.00318192752641	0	1.09344588536e-05	0.00424257003521	0.000174951341658	0	0	0	0	4.37378354145e-05	0.00720580838454	0.000109344588536	0.0196273536423	3.28033765609e-05	6.56067531218e-05	0.000984101296827	0.00724954621996	3.28033765609e-05	0	0	5.46722942682e-05	0	0	0	4.37378354145e-05	0	0	0.00194633367595	0	0	0	0	0.0120825770333	0.000317099306755	0	0.000371771601023	2.18689177073e-05	0.00012027904739	0.000688870907779	0.000809149955169	0	1.09344588536e-05	0	0.00158549653378	0	0.00295230389048	4.37378354145e-05	0.0129463992827	0	9.84101296827e-05	7.65412119754e-05	0.00353183020972	0.00012027904739	0	6.56067531218e-05	0	0	3.28033765609e-05	0.00378332276336	0	8.74756708291e-05	0	0.000459247271853	0.000590460778096	0	0.00186979246397	0.000218689177073	0	0	0.000809149955169	0	0
2.18689177073e-05	0	1.09344588536e-05	0	0.00630918275855	0.000437378354145	0.0300150895532	0.0288997747501	0.0415400091849	0.00144334856868	0.074857305312	0.00558750847421	0.00619983817001	0.00593741115752	0.00874756708291	4.37378354145e-05	0	0	0.00171671004002	0.00244931878321	0.00923961773132	0	0	0	0.00142147965097	0	0.00036083714217	1.09344588536e-05	0.0180746604851	0.00294136943163	0	0	0.00605769020491	0	0.00469088284821	0	0	0	0	0.00454873488311	0	0	0	0	0.000984101296827	0.00286482821965	0	0.00024055809478	0	0	0.000295230389048	0	0	0	0	0.00669188881842	0	0	0	0.00729328405537	0	0	0	0.000940363461412	0	0	0	0	0	0.000656067531218	0.000765412119754	0	0.0045049970477	0	0.00344435453889	0.00393640518731	0	0.000306164847902	0	0.000317099306755	0.000338968224463	0.000371771601023	0	0
0.000612329695803	0	5.46722942682e-05	0	0.000656067531218	5.46722942682e-05	0.000459247271853	0.00180418571085	0.007993089422	0	0.00558750847421	0.0399107748158	0.00133400398014	0.0223281649791	0.00238371203009	0	0	0	0.00786187591576	0.00793841712774	0.00251492553634	5.46722942682e-05	0	3.28033765609e-05	2.18689177073e-05	0.000164016882804	0.00650600301791	6.56067531218e-05	0.000677936448925	0.000852887790583	0.000940363461412	0.00084195333173	0.00262427012487	0	0.0171889693179	0	0	0	0	0	0	0	0	0	1.09344588536e-05	0	0.000284295930194	0	0.00164016882804	4.37378354145e-05	0	0	0	0	0	0	0	0	0	0	0.00123559385046	0.00012027904739	0.000185885800512	0	4.37378354145e-05	0	0.000371771601023	0	0	0.000207754718219	0.00429724232948	0.00160736545148	0.0130776127889	0.00246025324207	0.00248212215977	0.000459247271853	0.000645133072364	0.000174951341658	0.000492050648413	6.56067531218e-05	6.56067531218e-05	0	0	0
0	1.09344588536e-05	0	0	0.00534695037943	0.00168390666346	0.00848514007042	1.09344588536e-05	0.00920681435476	0.00318192752641	0.00619983817001	0.00133400398014	0.0225796575327	0.00139961073326	0.00185885800512	0.00395827410501	1.09344588536e-05	0	0.000415509436438	0.000645133072364	0.0130120060358	1.09344588536e-05	2.18689177073e-05	0	0.00278828700768	0	8.74756708291e-05	0	5.46722942682e-05	0.000185885800512	0	0	0.00496424431955	0	0.00118092155619	0	0	0	0	0	0	1.09344588536e-05	0	0	0	2.18689177073e-05	0	0.000634198613511	0	0	0	0	0	0	0	0	0	0	0	0	0	0	0	0	0	0	0	0	0	0	0	0	0.000502985107267	0	0.000852887790583	3.28033765609e-05	0	0	0	0	0	0	0	0
0.000185885800512	0	7.65412119754e-05	0	0.00072167428434	6.56067531218e-05	0.000142147965097	0.00119185601505	0.00770879349181	0	0.00593741115752	0.0223281649791	0.00139961073326	0.0320598333588	0.00227436744156	0	0	0	0.00233997419468	0.00321473090297	0.0027117457957	2.18689177073e-05	0	7.65412119754e-05	2.18689177073e-05	0.00157456207492	0.00320379644411	0.000984101296827	0.000732608743193	0.000743543202047	0.000306164847902	0.000776346578608	0.00251492553634	0	0.0117982811031	0	0	0	0	0	0	0	0	0	0	0	0.000710739825486	0	0.00588273886325	0	0	0	0	0	0	0	0	0	0	0	0.00504078553152	0.00110438034422	0.000535788483828	0	3.28033765609e-05	0	0.00201194042907	3.28033765609e-05	0	0.00024055809478	0.00201194042907	0.00309445185558	0.00806963063398	0.00186979246397	0.00214315393531	0.000787281037461	0.00115905263848	0.000142147965097	0.000776346578608	9.84101296827e-05	6.56067531218e-05	0	0	0.000196820259365
0.00577339427472	0	0	0	0.00186979246397	0	0.00860541911781	0.0165547707044	0.025925601942	1.09344588536e-05	0.00874756708291	0.00238371203009	0.00185885800512	0.00227436744156	0.0360946486758	0	1.09344588536e-05	0	0.000459247271853	7.65412119754e-05	0.00354276466858	0.000142147965097	0	0	0.00113718372078	0	0.000273361471341	6.56067531218e-05	0.00811336846939	0.00706366041945	0.00183698908741	1.09344588536e-05	0.000284295930194	0.000776346578608	0.00239464648895	0	0	0	0	0	0	0	0	0	9.84101296827e-05	0	0	0	0	8.74756708291e-05	0	0	1.09344588536e-05	0	1.09344588536e-05	0	0	0	0	4.37378354145e-05	0	2.18689177073e-05	0	4.37378354145e-05	0.00012027904739	0	0	0	0	0.000142147965097	0.00072167428434	1.09344588536e-05	0.000207754718219	3.28033765609e-05	0.00143241410983	1.09344588536e-05	0	0.000349902683316	0	0	0	0	0	0
0	0	0	0	0.000634198613511	0.0040566842347	0.00225249852385	7.65412119754e-05	0.000109344588536	0.00424257003521	4.37378354145e-05	0	0.00395827410501	0	0	0.00883504275373	8.74756708291e-05	0	0	0	0.000470181730706	0.000459247271853	3.28033765609e-05	0.000437378354145	0.00415509436438	0	0	0	0.00101690467339	1.09344588536e-05	0	0	0.000284295930194	0	0.000185885800512	0	0	0	0	0	0	0	0	0	0.00012027904739	0	0	0	0	1.09344588536e-05	0	0	0	0	0	0	0	0	0	0.00012027904739	0	0	0	2.18689177073e-05	1.09344588536e-05	0	0	0	0	1.09344588536e-05	1.09344588536e-05	0	0.000229623635926	0.000207754718219	0.000196820259365	0	0	0	0	0	0	0	0	0
0.000568591860389	0.000164016882804	0	0	0	0	0	0	1.09344588536e-05	0.000174951341658	0	0	1.09344588536e-05	0	1.09344588536e-05	8.74756708291e-05	0.0173857895773	0	0	5.46722942682e-05	0	0.00295230389048	0.00579526319242	0.0039145362696	0.00563124630962	0	0.000142147965097	0.00115905263848	0.00337874778577	6.56067531218e-05	0	1.09344588536e-05	0	0	1.09344588536e-05	0	1.09344588536e-05	0	0	0	0	0	0	0	0.000218689177073	0	0	0	0	0	0	0.00276641808997	0	0	0	0	0.000207754718219	0.00318192752641	3.28033765609e-05	0.00124652830931	0	0	0.000568591860389	0.00109344588536	0	0	0	0	0	0	0.00376145384565	0.000131213506244	0	0	3.28033765609e-05	0	0	3.28033765609e-05	0	0	0	0	0	0
0.000196820259365	0.000196820259365	0.00434098016489	0	0	0	0	0.00103877359109	0	0	0	0	0	0	0	0	0	0.0252695344107	0	0.00680123340696	0	0.000623264154657	0	0.00558750847421	0	0	0.00267894241914	0.0131541540009	0	0.000174951341658	0.00141054519212	0	0	0	0.00424257003521	0	0.00036083714217	0	0	0	0	0	0	0	0	0	0	0	0	2.18689177073e-05	0	0	0.000273361471341	0	0	0	0	0	2.18689177073e-05	0	0	0.000273361471341	1.09344588536e-05	0	2.18689177073e-05	0	0	0	0	0	0	0	0.00139961073326	3.28033765609e-05	0	0	0	7.65412119754e-05	3.28033765609e-05	0	2.18689177073e-05	0	0	0
0.000284295930194	0	1.09344588536e-05	0	0.00024055809478	2.18689177073e-05	0.000229623635926	0.000951297920266	0.00221969514729	0	0.00171671004002	0.00786187591576	0.000415509436438	0.00233997419468	0.000459247271853	0	0	0	0.0109563277713	0.00190259584053	0.000656067531218	0	0	1.09344588536e-05	0	0	0.00557657401535	2.18689177073e-05	0.000218689177073	0	0.000459247271853	2.18689177073e-05	0.00024055809478	0	0.00259146674831	0	0	0	0	0	0	0	0	0	0	0	0	0	0	3.28033765609e-05	0	0	0	0	0	0	0	0	0	0	0	0.000371771601023	0.000371771601023	0	3.28033765609e-05	0	0	0	0	0.000174951341658	0.00143241410983	2.18689177073e-05	0.00296323834933	0.000153082423951	0.00138867627441	0	0	0.000131213506244	0	5.46722942682e-05	5.46722942682e-05	0	0	0
0.000765412119754	1.09344588536e-05	0.000109344588536	0	0.000164016882804	1.09344588536e-05	9.84101296827e-05	0.00123559385046	0.0024055809478	0	0.00244931878321	0.00793841712774	0.000645133072364	0.00321473090297	7.65412119754e-05	0	5.46722942682e-05	0.00680123340696	0.00190259584053	0.0238152513832	0.000940363461412	0.000109344588536	3.28033765609e-05	0.000109344588536	6.56067531218e-05	0	0.00728234959652	0.0063201172174	0.000393640518731	0.000328033765609	0.00147615194524	0	6.56067531218e-05	0	0.00909746976622	0	1.09344588536e-05	0	0	0	0	0	0	0	1.09344588536e-05	0	0	0	0	3.28033765609e-05	0	1.09344588536e-05	0	1.09344588536e-05	0	0	2.18689177073e-05	3.28033765609e-05	0	2.18689177073e-05	0	0.000382706059877	0.000317099306755	3.28033765609e-05	3.28033765609e-05	0	0	0	0	6.56067531218e-05	0.0033240754915	0.000131213506244	0.00898812517768	0.0012027904739	0.00131213506244	2.18689177073e-05	0	6.56067531218e-05	3.28033765609e-05	2.18689177073e-05	2.18689177073e-05	0	0	0
0	0	0	0	0.00899905963654	7.65412119754e-05	0.00592647669867	0	0.0123887418812	0	0.00923961773132	0.00251492553634	0.0130120060358	0.0027117457957	0.00354276466858	0.000470181730706	0	0	0.000656067531218	0.000940363461412	0.0205567826448	0	0	0	0.000699805366632	0	0.000153082423951	0	0.000295230389048	0.000524854024974	0	0	0.00563124630962	0	0.00219782622958	0	0	0	0	0	0	0	0	0	0	0	0	0.000590460778096	0	0	0	0	0	0	0	0	0	0	0	0	0	0	0	0	0	0	0	0	0	0	0	0	0.00137774181556	0	0.00114811817963	0.000404574977584	0	0	0	0	0	0	0	0
0.00036083714217	0	0.000743543202047	0	0	0	2.18689177073e-05	0.00322566536182	0.000196820259365	4.37378354145e-05	0	5.46722942682e-05	1.09344588536e-05	2.18689177073e-05	0.000142147965097	0.000459247271853	0.00295230389048	0.000623264154657	0	0.000109344588536	0	0.0526056815448	0	0.0320488989	0.000295230389048	0	4.37378354145e-05	0.000623264154657	0.0127823823999	0.000656067531218	0.0167734598815	0	0	0.00012027904739	0.00420976665865	0	0	0	0	0	0	0	0	0	5.46722942682e-05	0	0	0	0	0	0	0	0	0	0	0	0	0	0.00168390666346	5.46722942682e-05	0	0	0.000229623635926	1.09344588536e-05	0	0	0	0	0	0	0.00305071402016	0	0.0146631093227	0.00939270015527	0.00139961073326	0.000349902683316	0	2.18689177073e-05	0	2.18689177073e-05	0.00161829991034	0	0	0
0	0.00581713211013	0.000513919566121	0	2.18689177073e-05	0	0	0	0	0.00720580838454	0	0	2.18689177073e-05	0	0	3.28033765609e-05	0.00579526319242	0	0	3.28033765609e-05	0	0	0.0331642137031	0.00624357600542	0.0094801758261	3.28033765609e-05	0.000174951341658	0.00957858595578	0.000207754718219	0	0	6.56067531218e-05	0	0	0	0	0.0045049970477	0	0	0	0	0	0	0	0.000492050648413	0	0	0	0	0	0	0.0107157696766	0	0	0	0	0.000929429002559	0.0148380606644	0.000218689177073	0.00306164847902	0	0	0.00543442605025	0.00217595731187	0	0	0	0	0	0	0.00154175869836	0.000262427012487	0	0	0	0	0	0.000185885800512	9.84101296827e-05	0	0	0	0	0
0	0.000164016882804	0.0124871520108	0	0	0	0	0.00663721652415	0	0.000109344588536	0	3.28033765609e-05	0	7.65412119754e-05	0	0.000437378354145	0.0039145362696	0.00558750847421	1.09344588536e-05	0.000109344588536	0	0.0320488989	0.00624357600542	0.078585955781	0.000623264154657	0	0.00132306952129	0.010234653487	0.00580619765128	0.000153082423951	0.0125199553874	0.000262427012487	0	0	0.00517199903777	0	5.46722942682e-05	0	0	0	0	0	0	0	0.000109344588536	0	0	0	0	0	0	0.00548909834452	0	0	0	0	0.000732608743193	0.00576245981586	0.00182605462856	0.000338968224463	0	0	0.000874756708291	0.000688870907779	0	0	0	0	0	0	0.0139851728738	0.000404574977584	0.0108251142651	0.00880223937717	0.00111531480307	5.46722942682e-05	0	0.000131213506244	2.18689177073e-05	2.18689177073e-05	0.00169484112231	0	0	0
0.00204474380563	0.00321473090297	1.09344588536e-05	0	0.00392547072845	0.00249305661863	0.0018151201697	0.00358650250399	0.0013668073567	0.0196273536423	0.00142147965097	2.18689177073e-05	0.00278828700768	2.18689177073e-05	0.00113718372078	0.00415509436438	0.00563124630962	0	0	6.56067531218e-05	0.000699805366632	0.000295230389048	0.0094801758261	0.000623264154657	0.0508999059637	3.28033765609e-05	0.000164016882804	0.0010606425088	0.021212850176	0.0016511032869	4.37378354145e-05	1.09344588536e-05	0.000328033765609	0.000185885800512	0.00158549653378	0	0	0	0	0.00110438034422	0.000185885800512	0	0	0	0.0067684300304	0.000196820259365	0	0.000218689177073	0	0	0.000732608743193	0.00109344588536	0	0	0	0.000973166837973	0	0.00333500995036	0	0.00861635357666	0	0	6.56067531218e-05	0.00243838432436	0	0	0	0	0	3.28033765609e-05	0.00712926717257	0.00012027904739	0.000809149955169	0.000579526319242	0.000251492553634	0.000929429002559	0	0.000776346578608	0	0	0	0.000743543202047	0	0
0	0.000153082423951	0	0	0	0	0	0	0	3.28033765609e-05	0	0.000164016882804	0	0.00157456207492	0	0	0	0	0	0	0	0	3.28033765609e-05	0	3.28033765609e-05	0.00418789774094	0.00107157696766	0.00182605462856	0	0	0	0.000426443895292	0	0	0	0	0	0	0	0	0	0	0	0	0	0	6.56067531218e-05	0	0.000907560084851	0	0	0	0	0	0	0	0	0	0	0	0.00173857895773	0.000338968224463	0.00119185601505	0	0	0	4.37378354145e-05	0	0	0	0	3.28033765609e-05	0	0	0	0	3.28033765609e-05	0	0	5.46722942682e-05	0	0	0	6.56067531218e-05
0.000109344588536	0.00167297220461	0.00668095435957	0	0.00012027904739	2.18689177073e-05	0.000710739825486	0.000513919566121	0.0012027904739	6.56067531218e-05	0.00036083714217	0.00650600301791	8.74756708291e-05	0.00320379644411	0.000273361471341	0	0.000142147965097	0.00267894241914	0.00557657401535	0.00728234959652	0.000153082423951	4.37378354145e-05	0.000174951341658	0.00132306952129	0.000164016882804	0.00107157696766	0.0537537997245	0.0186432523454	4.37378354145e-05	2.18689177073e-05	0.000306164847902	0.00569685306274	0.000667001990072	0	0.00167297220461	0	0.00263520458373	0	0	0	0	0	0	0	9.84101296827e-05	0	0	0	0.00298510726704	0.000218689177073	0	8.74756708291e-05	0	2.18689177073e-05	0.000426443895292	0	7.65412119754e-05	0.000207754718219	0	0.00012027904739	0.00685590570123	0.00764318673869	0.0075229076913	0.000218689177073	0.000218689177073	0	0.00345528899775	0	0	0	0.00703085704288	0.00153082423951	0.00551096726223	0.00162923436919	0.000929429002559	0	0	0.000153082423951	6.56067531218e-05	0	0	0	0	0
0.00012027904739	0.0165438362455	0.0156581450784	0	0	0	0.000207754718219	0.000831018872876	0.000229623635926	0.000984101296827	1.09344588536e-05	6.56067531218e-05	0	0.000984101296827	6.56067531218e-05	0	0.00115905263848	0.0131541540009	2.18689177073e-05	0.0063201172174	0	0.000623264154657	0.00957858595578	0.010234653487	0.0010606425088	0.00182605462856	0.0186432523454	0.0901983510836	0.000535788483828	0.000229623635926	0.00132306952129	0.00103877359109	0.000153082423951	0	0.00215408839417	0	0.022557788615	0	0	0	0	0	0	0	0.00012027904739	0	6.56067531218e-05	0	0.0027117457957	0.000109344588536	0	0.00138867627441	0.00200100597021	1.09344588536e-05	0.00118092155619	0	1.09344588536e-05	0.00382706059877	0.000426443895292	0.000284295930194	0.00636385505281	0.00744636647932	0.0263083080018	9.84101296827e-05	0.000109344588536	0	0.001793251252	0	0	1.09344588536e-05	0.00683403678352	0.000251492553634	0.00484396527216	0.00172764449887	0.000229623635926	7.65412119754e-05	4.37378354145e-05	0.000656067531218	0.000251492553634	0	0.000415509436438	0	0	1.09344588536e-05
0.00531414700286	0	0.00115905263848	0	0.00215408839417	0.000524854024974	0.0105517527938	0.0344654143066	0.0172108382356	0.00724954621996	0.0180746604851	0.000677936448925	5.46722942682e-05	0.000732608743193	0.00811336846939	0.00101690467339	0.00337874778577	0	0.000218689177073	0.000393640518731	0.000295230389048	0.0127823823999	0.000207754718219	0.00580619765128	0.021212850176	0	4.37378354145e-05	0.000535788483828	0.0909528287445	0.00821177859908	0.00906466638966	0	0.00104970804995	0.0010606425088	0.00448312812999	0	0	0	0	0.00544536050911	0	0	0	0	0.00435191462375	0.00125746276817	0	0.00036083714217	0	0	0.000590460778096	7.65412119754e-05	0	0	0	0.00602488682835	0	0.000218689177073	0.000109344588536	0.00985194742712	0	0	6.56067531218e-05	0.0018151201697	0	0	0	0	0	1.09344588536e-05	0.00545629496796	0	0.0105408183349	0.00252585999519	0.000710739825486	0.00566404968618	0	0.000546722942682	0	0	0.000109344588536	0.000688870907779	0	0
0.00712926717257	0	1.09344588536e-05	0	0	0	0.00184792354626	0.00314912414985	0.00424257003521	3.28033765609e-05	0.00294136943163	0.000852887790583	0.000185885800512	0.000743543202047	0.00706366041945	1.09344588536e-05	6.56067531218e-05	0.000174951341658	0	0.000328033765609	0.000524854024974	0.000656067531218	0	0.000153082423951	0.0016511032869	0	2.18689177073e-05	0.000229623635926	0.00821177859908	0.0218361143307	0.00406761869355	0	0.000470181730706	0.00197913705251	0.00467994838935	0	0	0	0	0	0	0	0	0	3.28033765609e-05	0	0	1.09344588536e-05	0	0	1.09344588536e-05	0	0	0	0	0	0	0	0	1.09344588536e-05	0	0	0	0	0	0	0	0	0	0	0.000185885800512	0	0.00281015592538	0.000492050648413	2.18689177073e-05	0.000328033765609	0	0	0	0	0	1.09344588536e-05	0	0
0.00743543202047	0	0.00119185601505	0	0	0	3.28033765609e-05	0.0149692741706	0.00162923436919	0	0	0.000940363461412	0	0.000306164847902	0.00183698908741	0	0	0.00141054519212	0.000459247271853	0.00147615194524	0	0.0167734598815	0	0.0125199553874	4.37378354145e-05	0	0.000306164847902	0.00132306952129	0.00906466638966	0.00406761869355	0.0444595096989	0	2.18689177073e-05	4.37378354145e-05	0.0111203446541	0	0	0	0	0	0	0	0	0	0	0	0	0	0	0	0	0	0	0	0	0	0	0	0	0	0	0	0	0	0	0	0	0	0	0	4.37378354145e-05	0	0.00925055219017	0.000317099306755	0	9.84101296827e-05	0	0	0	0	0	0	0	0
0	0	0	0	0	0	0.000174951341658	0	0.000174951341658	0	0	0.00084195333173	0	0.000776346578608	1.09344588536e-05	0	1.09344588536e-05	0	2.18689177073e-05	0	0	0	6.56067531218e-05	0.000262427012487	1.09344588536e-05	0.000426443895292	0.00569685306274	0.00103877359109	0	0	0	0.00575152535701	0.000164016882804	0	0	0	0	0	0	0	0	0	0	0	5.46722942682e-05	0	0	0	0.00100597021453	5.46722942682e-05	0	6.56067531218e-05	0	0	0	0	4.37378354145e-05	6.56067531218e-05	0	1.09344588536e-05	0.00199007151136	0.00225249852385	0.00137774181556	7.65412119754e-05	5.46722942682e-05	0	0.00184792354626	0	0	0	0.00192446475824	0.00101690467339	0.000579526319242	0.000196820259365	0.000207754718219	0	0	6.56067531218e-05	1.09344588536e-05	0	0	0	0	0
6.56067531218e-05	0	0	0	0.00233997419468	0.00312725523214	0.0128589236119	0.000557657401535	0.0149911430883	5.46722942682e-05	0.00605769020491	0.00262427012487	0.00496424431955	0.00251492553634	0.000284295930194	0.000284295930194	0	0	0.00024055809478	6.56067531218e-05	0.00563124630962	0	0	0	0.000328033765609	0	0.000667001990072	0.000153082423951	0.00104970804995	0.000470181730706	2.18689177073e-05	0.000164016882804	0.0216720974479	2.18689177073e-05	0.00237277757124	0	0	0	0	1.09344588536e-05	0	0	0	0	4.37378354145e-05	0	0	0.000185885800512	0	0.000459247271853	0	0	1.09344588536e-05	0	1.09344588536e-05	1.09344588536e-05	0	0	0	5.46722942682e-05	0	1.09344588536e-05	0	3.28033765609e-05	0.000568591860389	0	0	0	0	0.000218689177073	0.00404574977584	5.46722942682e-05	0.00203380934678	0.000568591860389	0.00502985107267	0.00334594440921	1.09344588536e-05	4.37378354145e-05	0	0	0	0	0	0
5.46722942682e-05	0	0	0	0	1.09344588536e-05	2.18689177073e-05	0	0	0	0	0	0	0	0.000776346578608	0	0	0	0	0	0	0.00012027904739	0	0	0.000185885800512	0	0	0	0.0010606425088	0.00197913705251	4.37378354145e-05	0	2.18689177073e-05	0.00231810527697	0.000185885800512	0	0	0	0	0	0	0	0	0	0	0	0	0	0	0	0	0	0	0	0	0	0	0	0	0	0	0	0	0	0	0	0	0	0	0	0	0	0.000142147965097	0	0	2.18689177073e-05	0	0	0	0	0	0	0	0
0.00600301791064	9.84101296827e-05	7.65412119754e-05	0	0.000448312812999	0.000218689177073	0.000448312812999	0.00344435453889	0.00687777461893	0	0.00469088284821	0.0171889693179	0.00118092155619	0.0117982811031	0.00239464648895	0.000185885800512	1.09344588536e-05	0.00424257003521	0.00259146674831	0.00909746976622	0.00219782622958	0.00420976665865	0	0.00517199903777	0.00158549653378	0	0.00167297220461	0.00215408839417	0.00448312812999	0.00467994838935	0.0111203446541	0	0.00237277757124	0.000185885800512	0.044000262427	0	0.000142147965097	0	0	0	0	0	0	0	0	0	0	0	0	0	0	0	0.00012027904739	0	0	0	0	0	0	0	0	0.00012027904739	0	0	0	0	0	0	0	0.000174951341658	0.000382706059877	0	0.0206879961511	0.0016511032869	0.00168390666346	0.0015089553218	1.09344588536e-05	0.000164016882804	0	3.28033765609e-05	3.28033765609e-05	0	0	0
0	0	0	0	0	0	0	0	0	0	0	0	0	0	0	0	0	0	0	0	0	0	0	0	0	0	0	0	0	0	0	0	0	0	0	0.0352198919675	0	0.00244931878321	0	0.000557657401535	0	0.000131213506244	0.00906466638966	0.00190259584053	0	0.000524854024974	1.09344588536e-05	0.000732608743193	0	0.0230389048046	0	0	0	0	1.09344588536e-05	0.000732608743193	0.00340061670348	0	0.0072167428434	0.0030179106436	0	1.09344588536e-05	0	0.00588273886325	0.0102893257813	0.0183261530387	0	0	0.000590460778096	0.000404574977584	0	0	0	0	0	0	0	0.000109344588536	0	0.000557657401535	0.000404574977584	0	0	0
0	0.0121481837864	0.00173857895773	0	0	0	0	0	0	4.37378354145e-05	0	0	0	0	0	0	1.09344588536e-05	0.00036083714217	0	1.09344588536e-05	0	0	0.0045049970477	5.46722942682e-05	0	0	0.00263520458373	0.022557788615	0	0	0	0	0	0	0.000142147965097	0	0.0399982504866	0	0	0	0	0	0	0	0.0025695978306	0	0	0	0.00199007151136	3.28033765609e-05	0	0.00166203774575	0.00228530190041	0	0.00103877359109	0	0	0.012476217552	0	0.00610142804033	0.0081352373871	0.0033022065738	0.0346075622717	0	3.28033765609e-05	0	0	0	0	1.09344588536e-05	0.000229623635926	0	0.000273361471341	0.000164016882804	1.09344588536e-05	0	0	0.00048111618956	0.000142147965097	0	0	0	0	0
0	0	0	0	0	0	0	0	0	0	0	0	0	0	0	0	0	0	0	0	0	0	0	0	0	0	0	0	0	0	0	0	0	0	0	0.00244931878321	0	0.0366632405362	0	0	0	0	0.000852887790583	1.09344588536e-05	0	0	0	0	0	0.00249305661863	0	0	0.00402388085814	0	0	0	0.00606862466377	0	0.0274782950992	0	0	0.00459247271853	0.0108251142651	0.00104970804995	6.56067531218e-05	0.00471275176592	0	0	0	0	0	0	0	0	0	0	0	0	0	1.09344588536e-05	0	0	0	0
0	0	0	0	0	0	0	0	0	0	0	0	0	0	0	0	0	0	0	0	0	0	0	0	0	0	0	0	0	0	0	0	0	0	0	0	0	0	0	0	0	0	0	0	0	0	0	0	0	0	0	0	0	0	0	0	0	0	0	0	0	0	0	0	0	0	0	0	0	0	0	0	0	0	0	0	0	0	0	0	0	0	0	0
0	0	0	0	0.000612329695803	1.09344588536e-05	4.37378354145e-05	0.00520480241433	0.000109344588536	0.00194633367595	0.00454873488311	0	0	0	0	0	0	0	0	0	0	0	0	0	0.00110438034422	0	0	0	0.00544536050911	0	0	0	1.09344588536e-05	0	0	0.000557657401535	0	0	0	0.0189603516522	0	0.000634198613511	0	0.000251492553634	0.000546722942682	0.000568591860389	0.00048111618956	0.00178231679314	0	0.00154175869836	0.00012027904739	0	0	0.00072167428434	0.000142147965097	0.0111640824896	1.09344588536e-05	0	0	0.0155488004899	0	0.000951297920266	0	0.0079712205043	0.00331314103265	0	7.65412119754e-05	0.000131213506244	0.00263520458373	0.00439565245916	0.000426443895292	0	0	0	0.000732608743193	0.000502985107267	0	3.28033765609e-05	0.000153082423951	0.0033240754915	0.00146521748639	0.000196820259365	0	0
0	0	0	0	0	0	0	0	0	0	0	0	0	0	0	0	0	0	0	0	0	0	0	0	0.000185885800512	0	0	0	0	0	0	0	0	0	0	0	0	0	0	0	0.00610142804033	0.000317099306755	0	0.00112624926192	0.00114811817963	2.18689177073e-05	0	3.28033765609e-05	0	0	0.00158549653378	0	0	0	0	0	0	0	0	0.00111531480307	0	0	0	0.00012027904739	0.000732608743193	6.56067531218e-05	0	0.00350996129202	6.56067531218e-05	0.00141054519212	0	0	0	0	0	0	0	0.00173857895773	0	0.00138867627441	0.000174951341658	0.00274454917226	0.00215408839417	0
0	0	0	0	0	0	0	0	0	0	0	0	1.09344588536e-05	0	0	0	0	0	0	0	0	0	0	0	0	0	0	0	0	0	0	0	0	0	0	0.000131213506244	0	0	0	0.000634198613511	0.000317099306755	0.0295230389048	0.00154175869836	0.0100487676865	1.09344588536e-05	0.0094801758261	0	0.0128151857765	0	0.00817897522252	0.00677936448925	0	0	0	0	0.00337874778577	0	0	0	0.00149802086295	0	0	0	0.00571872198045	0.00953484812037	0	0	0.00024055809478	0	0	0	0	0	0	0	0	0	0	0	0	0	0.00365210925711	5.46722942682e-05	0
0	0	0	0	0	0	0	0	0	0	0	0	0	0	0	0	0	0	0	0	0	0	0	0	0	0	0	0	0	0	0	0	0	0	0	0.00906466638966	0	0.000852887790583	0	0	0	0.00154175869836	0.0521354998141	0.00246025324207	0	0.000754477660901	4.37378354145e-05	0	0	0.00806963063398	0	0	8.74756708291e-05	0.000164016882804	3.28033765609e-05	0	0.00425350449406	0	0.00197913705251	0.00472368622477	0	0.000251492553634	0	0.0268003586503	0.00638572397052	0.0170686902705	1.09344588536e-05	3.28033765609e-05	0.00293043497277	0.00184792354626	0	0	0	0	0	0	0	0.00024055809478	3.28033765609e-05	0.00125746276817	0.000317099306755	0	2.18689177073e-05	0
0	0	0	0	0	0	0	0	0	0	0	0	0	0	0	0	0	0	0	0	0	0	0	0	0	0	0	0	0	0	0	0	0	0	0	0.00190259584053	0	1.09344588536e-05	0	0.000251492553634	0.00112624926192	0.0100487676865	0.00246025324207	0.0207754718219	2.18689177073e-05	0.00324753427953	1.09344588536e-05	0.00428630787062	2.18689177073e-05	0.00999409539222	0.00207754718219	0	0	5.46722942682e-05	0	0.00166203774575	2.18689177073e-05	0	1.09344588536e-05	0.00118092155619	0	0.000109344588536	0	0.0028538937608	0.00659347868874	0.000251492553634	2.18689177073e-05	0.00300697618475	4.37378354145e-05	0.00178231679314	0	0	0	0	0	0	0	0.00185885800512	0.000131213506244	0.00138867627441	0.000131213506244	0.00272268025455	0.000306164847902	0
0	0	4.37378354145e-05	0	0.000109344588536	1.09344588536e-05	0.000338968224463	0.000896625625998	0.000492050648413	0.0120825770333	0.000984101296827	1.09344588536e-05	0	0	9.84101296827e-05	0.00012027904739	0.000218689177073	0	0	1.09344588536e-05	0	5.46722942682e-05	0.000492050648413	0.000109344588536	0.0067684300304	0	9.84101296827e-05	0.00012027904739	0.00435191462375	3.28033765609e-05	0	5.46722942682e-05	4.37378354145e-05	0	0	0	0.0025695978306	0	0	0.000546722942682	0.00114811817963	1.09344588536e-05	0	2.18689177073e-05	0.0249633695628	0	0	0.000798215496315	0.000459247271853	0.000207754718219	0.00616703479345	0.000284295930194	0	3.28033765609e-05	1.09344588536e-05	0.000338968224463	0	0.00609049358147	4.37378354145e-05	0.0189603516522	0.00122465939161	0.000142147965097	0.00217595731187	0.00249305661863	0.000185885800512	0	5.46722942682e-05	1.09344588536e-05	0	6.56067531218e-05	0.00366304371597	1.09344588536e-05	8.74756708291e-05	0	0.000196820259365	0.00024055809478	0	0.00289763159621	0.000284295930194	0	0	0.00531414700286	8.74756708291e-05	0
0	0	0	0	0.000557657401535	0	0	0.00172764449887	0	0.000317099306755	0.00286482821965	0	2.18689177073e-05	0	0	0	0	0	0	0	0	0	0	0	0.000196820259365	0	0	0	0.00125746276817	0	0	0	0	0	0	0.000524854024974	0	0	0	0.000568591860389	2.18689177073e-05	0.0094801758261	0.000754477660901	0.00324753427953	0	0.0277407221117	0.00114811817963	0.011207820325	2.18689177073e-05	0.00812430292825	0.00164016882804	0	0	0.00246025324207	0	0.0125964965994	0	0	0	0.00673562665384	0	0.00392547072845	0	0.00401294639928	0.0110219345245	0	7.65412119754e-05	0.000153082423951	9.84101296827e-05	0.00470181730706	4.37378354145e-05	0	0	0	3.28033765609e-05	0	0	0.000229623635926	0.00060139523695	0.00445032475343	0.000415509436438	0.000251492553634	2.18689177073e-05	0
0	0	0	0	0	0	0	0	0	0	0	0.000284295930194	0	0.000710739825486	0	0	0	0	0	0	0	0	0	0	0	6.56067531218e-05	0	6.56067531218e-05	0	0	0	0	0	0	0	1.09344588536e-05	0	0	0	0.00048111618956	0	0	4.37378354145e-05	1.09344588536e-05	0	0.00114811817963	0.020097535373	0.000535788483828	0.00517199903777	0.00124652830931	0	0	1.09344588536e-05	0.0064622651825	0.00139961073326	0.00115905263848	0	0	0	0.00232903973582	0.00116998709734	0.00521573687318	0	0.00137774181556	0.00460340717738	6.56067531218e-05	0.00141054519212	0.000667001990072	0.000732608743193	0.00711833271371	0	0.00102783913224	0	0	0	0	0.00024055809478	0.000328033765609	0.00247118770092	0.0064622651825	6.56067531218e-05	0	0.000262427012487	0.00142147965097
0	0	0	0	0.000754477660901	0	0.00024055809478	0.000142147965097	0.000273361471341	0.000371771601023	0.00024055809478	0	0.000634198613511	0	0	0	0	0	0	0	0.000590460778096	0	0	0	0.000218689177073	0	0	0	0.00036083714217	1.09344588536e-05	0	0	0.000185885800512	0	0	0.000732608743193	0	0	0	0.00178231679314	3.28033765609e-05	0.0128151857765	0	0.00428630787062	0.000798215496315	0.011207820325	0.000535788483828	0.0288560369147	0	0.0129682682004	0.00410042207011	0	0	0.00144334856868	0	0.0125090209286	0	0	0	0.00261333566602	0	0.0027117457957	0	0.00109344588536	0.0169265423054	0	8.74756708291e-05	6.56067531218e-05	0	0.0028538937608	0	0	0	0	0	0	0	0	3.28033765609e-05	0.0028538937608	0	0.00276641808997	0	0
0	0	0	0	0	0	0	0	0	2.18689177073e-05	0	0.00164016882804	0	0.00588273886325	0	0	0	0	0	0	0	0	0	0	0	0.000907560084851	0.00298510726704	0.0027117457957	0	0	0	0.00100597021453	0	0	0	0	0.00199007151136	0	0	0	0	0	0	2.18689177073e-05	0.000459247271853	2.18689177073e-05	0.00517199903777	0	0.022186017014	0.000393640518731	0	1.09344588536e-05	0	0	0	1.09344588536e-05	0	0.000918494543705	0	0.000492050648413	0.0119732324447	0.00364117479826	0.00473462068362	0	0.00225249852385	0	0.00663721652415	0.00123559385046	2.18689177073e-05	0.00298510726704	1.09344588536e-05	0.00213221947646	0	0	0	0	0.000371771601023	0.000196820259365	0.00434098016489	0.00338968224463	3.28033765609e-05	0	0	0.00208848164104
0	1.09344588536e-05	1.09344588536e-05	0	0	0	0.000546722942682	0	0.000546722942682	0.00012027904739	0	4.37378354145e-05	0	0	8.74756708291e-05	1.09344588536e-05	0	2.18689177073e-05	3.28033765609e-05	3.28033765609e-05	0	0	0	0	0	0	0.000218689177073	0.000109344588536	0	0	0	5.46722942682e-05	0.000459247271853	0	0	0.0230389048046	3.28033765609e-05	0.00249305661863	0	0.00154175869836	0	0.00817897522252	0.00806963063398	0.00999409539222	0.000207754718219	0.00812430292825	0.00124652830931	0.0129682682004	0.000393640518731	0.0551096726223	0.001793251252	0	0	0.000328033765609	5.46722942682e-05	0.00705272596059	0.00319286198526	0	0.00654974085333	0.00529227808516	0	0.00127933168587	1.09344588536e-05	0.00985194742712	0.0301463030595	0.00984101296827	0.000623264154657	0.000306164847902	0.00102783913224	0.00485489973101	0.000787281037461	1.09344588536e-05	1.09344588536e-05	0	0.000557657401535	0	0	0.00174951341658	0.000940363461412	0.00331314103265	0.000426443895292	0.00214315393531	0	0
0	0	0	0	7.65412119754e-05	0	2.18689177073e-05	0.000273361471341	4.37378354145e-05	0.000688870907779	0.000295230389048	0	0	0	0	0	0	0	0	0	0	0	0	0	0.000732608743193	0	0	0	0.000590460778096	1.09344588536e-05	0	0	0	0	0	0	0	0	0	0.00012027904739	0.00158549653378	0.00677936448925	0	0.00207754718219	0.00616703479345	0.00164016882804	0	0.00410042207011	0	0.001793251252	0.0146959126993	0	0	0	0	0.000623264154657	0	1.09344588536e-05	0	0.00558750847421	0	0	0	0.0021212850176	0.00237277757124	0	0	9.84101296827e-05	0	0	3.28033765609e-05	0	0	0	0	0	0	0.00137774181556	0	0	0	0.00875850154176	0.00024055809478	0
0	0	6.56067531218e-05	0	0	0	0	0	0	0.000809149955169	0	0	0	0	0	0	0.00276641808997	0	0	1.09344588536e-05	0	0	0.0107157696766	0.00548909834452	0.00109344588536	0	8.74756708291e-05	0.00138867627441	7.65412119754e-05	0	0	6.56067531218e-05	0	0	0	0	0.00166203774575	0	0	0	0	0	0	0	0.000284295930194	0	0	0	1.09344588536e-05	0	0	0.0239464648895	0	0	1.09344588536e-05	0	0.00137774181556	0.01964922256	0.00157456207492	0.00636385505281	0.000229623635926	8.74756708291e-05	0.00626544492313	0.00168390666346	0	0	0	0	0	0	0.00115905263848	8.74756708291e-05	0	0	0	0	0	0.00231810527697	0.000273361471341	2.18689177073e-05	0	0	0	0
0	0.00184792354626	0	0	0	0	2.18689177073e-05	0	3.28033765609e-05	0	0	0	0	0	1.09344588536e-05	0	0	0.000273361471341	0	0	0	0	0	0	0	0	0	0.00200100597021	0	0	0	0	1.09344588536e-05	0	0.00012027904739	0	0.00228530190041	0.00402388085814	0	0	0	0	8.74756708291e-05	0	0	0	1.09344588536e-05	0	0	0	0	0	0.030703960461	1.09344588536e-05	0.00305071402016	0	0.000153082423951	0	0.00498611323726	0	0	0.00953484812037	0.0151332910534	8.74756708291e-05	0	7.65412119754e-05	0	0	0	0.00434098016489	0.000207754718219	0	0.00036083714217	0.000153082423951	7.65412119754e-05	0	0	0.00036083714217	0.000317099306755	0.00158549653378	0.000142147965097	0	0	0
0	0	0	0	0	0	0	0	0	1.09344588536e-05	0	0	0	0	0	0	0	0	0	1.09344588536e-05	0	0	0	0	0	0	2.18689177073e-05	1.09344588536e-05	0	0	0	0	0	0	0	0	0	0	0	0.00072167428434	0	0	0.000164016882804	5.46722942682e-05	3.28033765609e-05	0.00246025324207	0.0064622651825	0.00144334856868	0	0.000328033765609	0	0	1.09344588536e-05	0.0134275154723	0.000918494543705	0.00247118770092	0.000284295930194	0	0.000317099306755	0.0045049970477	0	0.00946924136724	0.000131213506244	0.00215408839417	0.00465807947165	0.000153082423951	0	5.46722942682e-05	0.00122465939161	0.00613423141689	3.28033765609e-05	0	1.09344588536e-05	0	0	0	0	0.00151988978065	0.00357556804514	0.00698711920747	1.09344588536e-05	0	0	0
0	0.000164016882804	2.18689177073e-05	0	0	0	2.18689177073e-05	0	2.18689177073e-05	0	0	0	0	0	1.09344588536e-05	0	0	0	0	0	0	0	0	0	0	0	0.000426443895292	0.00118092155619	0	0	0	0	1.09344588536e-05	0	0	1.09344588536e-05	0.00103877359109	0	0	0.000142147965097	0	0	3.28033765609e-05	0	1.09344588536e-05	0	0.00139961073326	0	0	5.46722942682e-05	0	1.09344588536e-05	0.00305071402016	0.000918494543705	0.0127933168587	0	6.56067531218e-05	0	8.74756708291e-05	0.000754477660901	7.65412119754e-05	0.00727141513766	0.00369584709253	0.000393640518731	0.000677936448925	3.28033765609e-05	0	0	0.000306164847902	0.00403481531699	0.000174951341658	0	1.09344588536e-05	0	4.37378354145e-05	0	0	0.00060139523695	0.000831018872876	0.00302884510246	0.000109344588536	0	0	0
0	0	0	0	0.00101690467339	1.09344588536e-05	1.09344588536e-05	0.0063201172174	2.18689177073e-05	0.00158549653378	0.00669188881842	0	0	0	0	0	0	0	0	0	0	0	0	0	0.000973166837973	0	0	0	0.00602488682835	0	0	0	1.09344588536e-05	0	0	0.000732608743193	0	0	0	0.0111640824896	0	0.00337874778577	0	0.00166203774575	0.000338968224463	0.0125964965994	0.00115905263848	0.0125090209286	1.09344588536e-05	0.00705272596059	0.000623264154657	0	0	0.00247118770092	0	0.0280578214184	0	0	0	0.0151442255123	0	0.00470181730706	0	0.00180418571085	0.0111531480307	0	0.000153082423951	0.000164016882804	8.74756708291e-05	0.00598114899294	0.000142147965097	0	0	0	0.000317099306755	0.000229623635926	0	0.000229623635926	0.000612329695803	0.00571872198045	0.00084195333173	0.000535788483828	2.18689177073e-05	0
