0.0093138421544	4.5768266115e-06	0	0	0	4.5768266115e-06	2.28841330575e-05	0.00248064002343	0.000219687677352	0	0.000201380370906	1.8307306446e-05	0	0	0.00225179869286	0	0	1.8307306446e-05	1.37304798345e-05	9.153653223e-06	0	9.153653223e-06	0	1.37304798345e-05	0.000205957197518	0	4.5768266115e-06	1.8307306446e-05	0.00233418157187	0.00823371107409	0.00205041832195	0	0	0.00229756695897	0.00079179100379	0	4.5768266115e-06	0	0	0	0	0	0	0	0	0	0	0	0	0	0	0	0	0	0	0	0	0	0	0	0	0	4.5768266115e-06	0	0	0	0	0	0	0	0	0	0.000402760741812	1.37304798345e-05	0	0	0	4.5768266115e-06	0	0	0	0	0	0
4.5768266115e-06	0.0223120297311	0.00167511853981	0	0	0	0	0	4.5768266115e-06	0.00446698277282	0	1.37304798345e-05	7.78060523955e-05	2.28841330575e-05	9.153653223e-06	4.5768266115e-06	0.00127693462461	0.000292916903136	0	3.6614612892e-05	0	5.94987459495e-05	0.00899804111821	0.000155612104791	0.00219229994691	0.00148289182213	0.00672793511891	0.019662047123	5.94987459495e-05	9.153653223e-06	1.37304798345e-05	0	0	0	0.000260879116856	0	0.00855866576351	0	0	4.5768266115e-06	0	0	0	0	0.000224264503964	0	0	0	0.000324954689417	0	0	0.000224264503964	3.20377862805e-05	0	9.61133588415e-05	0	0	0.00107097742709	0.000114420665288	7.3229225784e-05	0.00106640060048	0.000535488713546	0.00793164051773	1.37304798345e-05	0	0	0	0	0	0	0.000201380370906	1.37304798345e-05	0.000228841330575	5.4921919338e-05	0	0	4.5768266115e-06	3.20377862805e-05	0	0	9.153653223e-06	0	0	0
0	0.00167511853981	0.0347838822474	0	0	0	0	0.00202753418889	0.00128608827783	0.000567526499826	3.20377862805e-05	0.000247148637021	4.11914395035e-05	4.5768266115e-06	0.00127693462461	0.000105267012065	0.000338685169251	0.00674624242535	9.61133588415e-05	0.000311224209582	0	0.00183988429782	0.000755176390898	0.0107830034967	0.000393607088589	0	0.00576680153049	0.0156756311444	0.00097486406825	0.00024257181041	0.00129066510444	4.5768266115e-06	0	9.153653223e-06	0.00113505299965	0	0.00473243871629	0.000805521483624	0	0	0	0	0	0	3.20377862805e-05	0	1.37304798345e-05	0	4.5768266115e-06	0	0	1.37304798345e-05	0.00101605550775	4.5768266115e-06	0.000114420665288	0	4.5768266115e-06	9.153653223e-06	0.000315801036194	5.94987459495e-05	0	0.000796367830401	0.00492008860736	4.5768266115e-05	0	4.5768266115e-06	0	0	0	4.5768266115e-06	0.00262252164839	0.00240283397104	0.00312597257565	0.00189022939055	1.8307306446e-05	0	4.5768266115e-06	0.000251725463633	0.000118997491899	0.000393607088589	0.000361569302309	0	0	0
0	0	0	0	0	0	0	0	0	0	0	0	0	0	0	0	0	0	0	0	0	0	0	0	0	0	0	0	0	0	0	0	0	0	0	0	0	0	0	0	0	0	0	0	0	0	0	0	0	0	0	0	0	0	0	0	0	0	0	0	0	0	0	0	0	0	0	0	0	0	0	0	0	0	0	0	0	0	0	0	0	0	0	0
0	0	0	0	0.0110255753071	4.5768266115e-06	5.4921919338e-05	5.4921919338e-05	0.000164765758014	0.00144170038262	0.00201838053567	0.000187649891072	0.000942826281969	0	0.000100690185453	0	0	0	0.000137304798345	1.37304798345e-05	0.00291543855153	0	0	0	0.00516723724438	0	9.153653223e-06	4.5768266115e-06	0.00309851161599	0.000118997491899	0	4.5768266115e-06	0	0	0.00024257181041	0	0	0	0	0.00227468282592	4.5768266115e-06	0.000137304798345	0	0	0.0015515442213	0	5.03450927265e-05	0.00184903795105	6.86523991725e-05	4.5768266115e-06	4.11914395035e-05	0	0	9.153653223e-06	0	0.00283305567252	0	0	0	0.00157900518097	9.153653223e-06	0	0	0.000356992475697	4.5768266115e-06	0	0	0	0	0.000109843838676	8.2382879007e-05	0	0.000279186423302	4.5768266115e-06	0.000338685169251	0	0	1.8307306446e-05	0	0.000109843838676	9.153653223e-06	9.153653223e-06	0	0
4.5768266115e-06	0	0	0	4.5768266115e-06	0.00942826281969	0.00603683430057	0.000691100818337	0.00463632535745	9.153653223e-06	0.000695677644948	1.8307306446e-05	6.4075572561e-05	1.37304798345e-05	0.00140966259634	0.00302985921681	0	0	4.5768266115e-06	0	1.37304798345e-05	1.37304798345e-05	0	0	1.37304798345e-05	0	4.5768266115e-05	9.153653223e-06	0.000306647382971	0.000141881624957	0	1.37304798345e-05	0.00151950643502	1.37304798345e-05	0.00033410834264	0	0	0	0	4.5768266115e-06	0	0	0	0	0	0	0	0	0	4.5768266115e-06	0	0	0	0	0	0	0	0	0	4.5768266115e-06	0	0	0	4.5768266115e-06	4.5768266115e-06	0	0	0	0	0	0.000379876608755	0.000118997491899	0.000553796019992	0.000453105834539	0.00146458451568	0.000837559269905	3.6614612892e-05	0	0	0	4.5768266115e-06	0	0	0
2.28841330575e-05	0	0	0	5.4921919338e-05	0.00603683430057	0.0405552606045	0.0107463888838	0.0205591051389	0.00088332753602	0.0192180949417	0.000416491221647	0.00841220731194	3.6614612892e-05	0.00825201838054	0.00510316167182	0	4.5768266115e-06	0.000201380370906	8.2382879007e-05	0.00116709078593	1.8307306446e-05	0	2.7460959669e-05	0.000613294765941	0	9.153653223e-05	1.37304798345e-05	0.00604598795379	0.000860443402962	0	1.37304798345e-05	0.000434798528093	6.4075572561e-05	0.00079179100379	0	0	0	0	9.153653223e-06	0	0	0	4.5768266115e-06	9.153653223e-06	0	0	9.153653223e-06	0	4.5768266115e-06	0	0	0	0	0	0	0	0	0	2.7460959669e-05	0	0	0	1.8307306446e-05	4.5768266115e-06	0	0	0	0	4.5768266115e-06	0.000379876608755	0.00015103527818	0.00134101019717	0.000787214177178	0.00271863500723	3.20377862805e-05	1.37304798345e-05	4.5768266115e-06	0	0	4.5768266115e-06	0	0	0
0.00248064002343	0	0.00202753418889	0	5.4921919338e-05	0.000691100818337	0.0107463888838	0.0746755029932	0.0288340076525	9.153653223e-06	0.0260375665928	0.00302070556359	0.00156527470113	0.000169342584626	0.0236713472347	0.00024257181041	0	0.000654486205445	0.000851289749739	0.00162477344708	0.00088332753602	0.005890375849	0	0.003899456273	0.000997748201307	0	0.00221060725335	0.00267286674112	0.0284587078703	0.0117166761254	0.0118494040972	0.000160188931403	0.000247148637021	0.00197261226956	0.0112223788514	4.5768266115e-06	9.153653223e-06	0	0	0.000288340076525	0	0	0	0	0.000224264503964	1.37304798345e-05	1.37304798345e-05	0	4.5768266115e-06	4.5768266115e-06	0	0	0	0	0	0.000210534024129	0	0	9.153653223e-06	0.000617871592553	0	1.37304798345e-05	1.8307306446e-05	0.000398183915201	0	0	0	0	0	9.153653223e-06	0.00205499514856	0.0010343628142	0.0135748677297	0.00467751679695	0.000128151145122	0.000237994983798	3.20377862805e-05	4.5768266115e-06	0	1.8307306446e-05	9.153653223e-06	0	0	0
0.000219687677352	4.5768266115e-06	0.00128608827783	0	0.000164765758014	0.00463632535745	0.0205591051389	0.0288340076525	0.0682176006444	5.03450927265e-05	0.0223623748238	0.00343261995863	0.00508027753877	0.000590410632884	0.0391044065687	0.000951979935192	0	0.00158358200758	0.00133643337056	0.00125862731816	0.00347838822474	0.00264540578145	0	0.00287882393863	0.000361569302309	7.78060523955e-05	0.000434798528093	0.00147831499551	0.00734580671146	0.00920857514234	0.00655401570767	0.000141881624957	0.0017895392051	0.000228841330575	0.00776687475972	4.5768266115e-06	1.8307306446e-05	4.5768266115e-06	0	3.6614612892e-05	9.153653223e-06	0.000178496237849	2.7460959669e-05	0.000128151145122	0.000160188931403	9.153653223e-06	1.37304798345e-05	0.00015103527818	3.20377862805e-05	0.000215110850741	0.000109843838676	9.153653223e-06	9.153653223e-06	0	4.5768266115e-06	4.5768266115e-06	4.5768266115e-06	9.153653223e-06	2.28841330575e-05	0.000503450927265	0.000338685169251	1.8307306446e-05	1.8307306446e-05	0.000251725463633	0.000114420665288	0	0	9.153653223e-05	0	0.000302070556359	0.00277813375318	0.000727715431229	0.00964795049704	0.00355619427714	0.0021877231203	0.000123574318511	0.000393607088589	8.2382879007e-05	0.000132727971734	0.000370722955532	0.000567526499826	5.4921919338e-05	0.000187649891072	2.7460959669e-05
0	0.00446698277282	0.000567526499826	0	0.00144170038262	9.153653223e-06	0.00088332753602	9.153653223e-06	5.03450927265e-05	0.0280879849148	4.11914395035e-05	0	0.000475989967596	0	5.03450927265e-05	0.00203668784212	0.00027460959669	4.5768266115e-06	0	0	2.28841330575e-05	0.000951979935192	0.00662266810684	1.8307306446e-05	0.0206140270582	0.000141881624957	0.0014325467294	0.00440748402688	0.00450817421233	0	0	0	0	0	2.7460959669e-05	0	6.86523991725e-05	0	0	0.00204584149534	9.153653223e-06	0	0	0	0.010732658404	0	0	0.000814675136847	1.37304798345e-05	0	9.153653223e-06	0.00316716401516	0	0	0	0.00175750141882	0.000466836314373	0.00403676107134	0.000471413140985	0.0108196181096	1.37304798345e-05	0	4.11914395035e-05	0.00151950643502	0	0	0	0	0	0	0.000466836314373	4.5768266115e-06	5.03450927265e-05	1.8307306446e-05	0.00311224209582	0	0	0.000105267012065	9.153653223e-06	0	1.8307306446e-05	1.37304798345e-05	0	0
0.000201380370906	0	3.20377862805e-05	0	0.00201838053567	0.000695677644948	0.0192180949417	0.0260375665928	0.0223623748238	4.11914395035e-05	0.0561805466562	0.00380791974077	0.00704831298171	0.000297493729748	0.0089156582392	0.000137304798345	0	2.28841330575e-05	0.00209160976146	0.00122201270527	0.00745107372352	7.3229225784e-05	0	7.78060523955e-05	0.000718561778006	0	0.000713984951394	0.000215110850741	0.0109477692547	0.0047736301558	0	0.000219687677352	0.000201380370906	0.000320377862805	0.00655401570767	0	4.5768266115e-06	0	0	6.86523991725e-05	4.5768266115e-06	0	0	9.153653223e-06	9.153653223e-05	3.6614612892e-05	0	6.4075572561e-05	0	0	4.5768266115e-06	0	0	0	0	9.61133588415e-05	0	0	0	0.000132727971734	0	4.5768266115e-06	4.5768266115e-06	2.7460959669e-05	0	0	0	0	0	9.153653223e-06	0.00211449389451	0.000782637350567	0.00855408893689	0.00254929242261	0.000164765758014	0.000302070556359	6.4075572561e-05	9.153653223e-06	0	0	0	9.153653223e-06	0	0
1.8307306446e-05	1.37304798345e-05	0.000247148637021	0	0.000187649891072	1.8307306446e-05	0.000416491221647	0.00302070556359	0.00343261995863	0	0.00380791974077	0.0305503176318	0.00362484667631	0.00624279149809	0.0027049045274	1.8307306446e-05	9.153653223e-06	4.5768266115e-05	0.00741903593724	0.00530454204273	0.00462259487762	0.000434798528093	0	0.000659063032056	3.20377862805e-05	0.00107097742709	0.00395895501895	0.000576680153049	0.000681947165114	0.00876919978764	4.5768266115e-06	0.0014325467294	0.000659063032056	0.000146458451568	0.0161287369789	0	8.2382879007e-05	0	0	0	0	9.153653223e-06	0	0	4.5768266115e-06	0	4.5768266115e-06	9.153653223e-06	0.00105724694726	4.5768266115e-06	4.5768266115e-06	0	4.5768266115e-06	0	0	0	0	4.5768266115e-06	4.5768266115e-06	4.5768266115e-06	0.000947403108581	9.153653223e-06	2.28841330575e-05	0	4.5768266115e-06	0	0	0	0	4.5768266115e-06	0.0010755542537	0.00288340076525	0.0147282280358	0.00142796990279	0.000265455943467	4.5768266115e-06	0.00158815883419	9.153653223e-06	4.5768266115e-06	1.8307306446e-05	1.8307306446e-05	4.5768266115e-06	0	0
0	7.78060523955e-05	4.11914395035e-05	0	0.000942826281969	6.4075572561e-05	0.00841220731194	0.00156527470113	0.00508027753877	0.000475989967596	0.00704831298171	0.00362484667631	0.0293786500192	0.000160188931403	0.00314885670871	0.00142796990279	0	0	0.00208245610823	0.000649909378833	0.00930926532779	4.5768266115e-06	5.4921919338e-05	0	0.000494297274042	1.8307306446e-05	0.000302070556359	8.69597056185e-05	0.000979440894861	0.00344635043846	0	6.4075572561e-05	0.000118997491899	0	0.00391318675283	2.7460959669e-05	0	4.5768266115e-06	0	0.000247148637021	0	0.00293832268458	4.5768266115e-06	5.4921919338e-05	0.000105267012065	0.000228841330575	0.000865020229574	0.00558830529264	0.000617871592553	0.0005171814071	0.000613294765941	0	0	9.153653223e-05	4.5768266115e-06	0.000416491221647	0	0	0	0.000279186423302	0.000100690185453	6.86523991725e-05	4.11914395035e-05	0.000155612104791	0.000599564286107	0	4.5768266115e-06	8.69597056185e-05	0	0.00218314629369	0.000379876608755	4.11914395035e-05	0.00346465774491	6.86523991725e-05	0.00106640060048	9.153653223e-06	2.7460959669e-05	0.000279186423302	1.8307306446e-05	0.0014737381689	8.2382879007e-05	5.03450927265e-05	0	1.37304798345e-05
0	2.28841330575e-05	4.5768266115e-06	0	0	1.37304798345e-05	3.6614612892e-05	0.000169342584626	0.000590410632884	0	0.000297493729748	0.00624279149809	0.000160188931403	0.0243944858393	0.00118539809238	4.5768266115e-06	4.5768266115e-06	4.5768266115e-06	4.5768266115e-05	2.28841330575e-05	0.000164765758014	2.7460959669e-05	4.5768266115e-06	5.03450927265e-05	1.37304798345e-05	0.0080369075298	0.00271863500723	0.00437544624059	6.4075572561e-05	0.00140966259634	0	0.00328158468045	0.000329531516028	0	0.00216483898724	0	0.000164765758014	4.5768266115e-06	0	5.94987459495e-05	0	0.000320377862805	0	7.78060523955e-05	4.5768266115e-06	4.5768266115e-06	0.00259506068872	0.000320377862805	0.00662266810684	0.000302070556359	0.000132727971734	1.37304798345e-05	0	0	4.5768266115e-06	6.86523991725e-05	0	1.8307306446e-05	2.28841330575e-05	1.37304798345e-05	0.00645332552222	0.00653113157461	0.0031442798821	1.37304798345e-05	0.000210534024129	0	0.00152408326163	0.000114420665288	0	0.000567526499826	0.000192226717683	0.00459513391795	0.00297036047086	0.000594987459495	1.8307306446e-05	0	0.00160646614064	0.000128151145122	0.00033410834264	0.000910788495689	0.000389030261978	3.6614612892e-05	0.000169342584626	0.000407337568424
0.00225179869286	9.153653223e-06	0.00127693462461	0	0.000100690185453	0.00140966259634	0.00825201838054	0.0236713472347	0.0391044065687	5.03450927265e-05	0.0089156582392	0.0027049045274	0.00314885670871	0.00118539809238	0.0588625670505	0.000361569302309	0	0.00161104296725	0.000169342584626	0.00033410834264	0.00144627720923	0.00255844607583	0	0.00293832268458	0.000320377862805	0.000155612104791	0.000535488713546	0.00167969536642	0.00430679384142	0.0174285557366	0.0110713435732	0.000224264503964	0.00173004045915	0.000398183915201	0.0075197261227	4.5768266115e-06	2.7460959669e-05	4.5768266115e-06	0	3.6614612892e-05	9.153653223e-06	0.000173919411237	2.7460959669e-05	0.000123574318511	0.000160188931403	9.153653223e-06	1.37304798345e-05	0.000146458451568	7.78060523955e-05	0.000210534024129	0.000105267012065	4.5768266115e-06	9.153653223e-06	0	4.5768266115e-06	4.5768266115e-06	4.5768266115e-06	4.5768266115e-06	2.28841330575e-05	0.000489720447431	0.000416491221647	1.37304798345e-05	1.37304798345e-05	0.000237994983798	0.000114420665288	0	0	9.153653223e-05	0	0.000297493729748	0.0021877231203	0.000668216685279	0.0085952803764	0.00243944858393	0.00172088680592	1.37304798345e-05	0.000553796019992	8.2382879007e-05	0.000132727971734	0.000361569302309	0.000558372846603	5.4921919338e-05	0.000187649891072	2.7460959669e-05
0	4.5768266115e-06	0.000105267012065	0	0	0.00302985921681	0.00510316167182	0.00024257181041	0.000951979935192	0.00203668784212	0.000137304798345	1.8307306446e-05	0.00142796990279	4.5768266115e-06	0.000361569302309	0.0132087216008	5.94987459495e-05	1.37304798345e-05	4.5768266115e-06	9.153653223e-06	6.86523991725e-05	0.000782637350567	0	0.000558372846603	0.00203211101551	0	4.11914395035e-05	0.000324954689417	0.00219229994691	3.20377862805e-05	9.153653223e-06	0	0.00033410834264	0	0.00027460959669	0	2.28841330575e-05	1.37304798345e-05	0	0	0	0	0	0	0.000169342584626	0	0	9.153653223e-06	0	0	0	4.5768266115e-06	9.153653223e-06	0	0	0	0	9.153653223e-06	1.37304798345e-05	0.000187649891072	0	2.7460959669e-05	2.7460959669e-05	4.11914395035e-05	0	0	0	0	0	4.5768266115e-06	0.00197261226956	0.000118997491899	0.000755176390898	0.000874173882797	0.00474159236951	0.000370722955532	0	2.28841330575e-05	4.5768266115e-06	1.37304798345e-05	1.8307306446e-05	0	0	0
0	0.00127693462461	0.000338685169251	0	0	0	0	0	0	0.00027460959669	0	9.153653223e-06	0	4.5768266115e-06	0	5.94987459495e-05	0.0292642293539	2.28841330575e-05	3.20377862805e-05	6.86523991725e-05	0	0.00496585687348	0.0126091573147	0.00859985720301	0.00606429526024	2.7460959669e-05	0.000352415649086	0.00711238855427	0.00538234809512	0	0	4.5768266115e-06	0	0	3.6614612892e-05	0	6.4075572561e-05	4.5768266115e-06	0	0	0	0	0	4.5768266115e-06	3.6614612892e-05	0	6.4075572561e-05	0	0	0	0	0.00619702323197	9.153653223e-06	4.5768266115e-06	4.5768266115e-06	0	0.0023479120517	0.0136618274353	0.0133872178386	4.11914395035e-05	4.5768266115e-06	0.000160188931403	0.00180326968493	1.8307306446e-05	0	0	0	0	0	4.5768266115e-06	0.00362484667631	0.000526335060323	9.61133588415e-05	8.2382879007e-05	9.153653223e-06	0	0	0.000288340076525	0.00015103527818	1.8307306446e-05	1.37304798345e-05	0	0	0
1.8307306446e-05	0.000292916903136	0.00674624242535	0	0	0	4.5768266115e-06	0.000654486205445	0.00158358200758	4.5768266115e-06	2.28841330575e-05	4.5768266115e-05	0	4.5768266115e-06	0.00161104296725	1.37304798345e-05	2.28841330575e-05	0.0265410175201	1.37304798345e-05	0.00666385954634	4.5768266115e-06	0.00124489683833	7.3229225784e-05	0.00570730278454	5.94987459495e-05	0	0.00426560240192	0.00447155959944	0.000146458451568	0.000393607088589	0.00229756695897	0	0	9.153653223e-06	0.00634805851015	0	0.000265455943467	9.153653223e-06	0	0	0	0	0	0	4.5768266115e-06	0	0	0	0	0	0	0	0.000196803544295	0	0.000105267012065	0	4.5768266115e-06	0	0.00027460959669	1.37304798345e-05	0	0.00033410834264	0.00024257181041	0	0	0	0	0	0	0	0.00216483898724	0.00176207824543	0.00410541347052	0.00114878347949	2.7460959669e-05	0	0	4.11914395035e-05	0.000123574318511	5.03450927265e-05	0.000247148637021	0	0	0
1.37304798345e-05	0	9.61133588415e-05	0	0.000137304798345	4.5768266115e-06	0.000201380370906	0.000851289749739	0.00133643337056	0	0.00209160976146	0.00741903593724	0.00208245610823	4.5768266115e-05	0.000169342584626	4.5768266115e-06	3.20377862805e-05	1.37304798345e-05	0.0103893964081	0.0035424637973	0.00279644105963	0.000187649891072	0	0.000572103326438	4.5768266115e-06	0	0.00244860223715	0.000265455943467	0.00015103527818	0.00257675338227	0	5.03450927265e-05	4.5768266115e-06	2.7460959669e-05	0.00468209362357	0	4.5768266115e-06	0	0	0	0	0	0	0	0	0	0	0	0	0	0	0	0	0	0	0	0	0	9.153653223e-06	0	0	0	9.153653223e-06	0	0	0	0	0	0	0	0.00148289182213	0.000819251963459	0.00566611134504	0.00102520916098	5.94987459495e-05	4.5768266115e-06	0	9.153653223e-06	4.5768266115e-06	0	0	0	0	0
9.153653223e-06	3.6614612892e-05	0.000311224209582	0	1.37304798345e-05	0	8.2382879007e-05	0.00162477344708	0.00125862731816	0	0.00122201270527	0.00530454204273	0.000649909378833	2.28841330575e-05	0.00033410834264	9.153653223e-06	6.86523991725e-05	0.00666385954634	0.0035424637973	0.0219733445618	0.000901634842466	0.000320377862805	1.8307306446e-05	0.000787214177178	4.5768266115e-05	0	0.0104168573678	0.00194515130989	0.000283763249913	0.00192684400344	5.4921919338e-05	2.7460959669e-05	0	5.03450927265e-05	0.00953810665837	0	0.000201380370906	4.5768266115e-06	0	0	0	0	0	0	0	0	0	0	0	0	0	0	4.5768266115e-05	4.5768266115e-06	0.000132727971734	0	4.5768266115e-06	0	0.000155612104791	1.37304798345e-05	0	0.000315801036194	0.000173919411237	0	0	0	0	0	0	0	0.00335939073284	0.00204126466873	0.00881496805375	0.00114420665288	8.2382879007e-05	0	0	9.153653223e-06	0.000114420665288	3.6614612892e-05	0.000178496237849	0	0	0
0	0	0	0	0.00291543855153	1.37304798345e-05	0.00116709078593	0.00088332753602	0.00347838822474	2.28841330575e-05	0.00745107372352	0.00462259487762	0.00930926532779	0.000164765758014	0.00144627720923	6.86523991725e-05	0	4.5768266115e-06	0.00279644105963	0.000901634842466	0.0166962634788	0	0	0	0.00148746864874	0	0.000503450927265	9.153653223e-06	0.000384453435366	0.00344635043846	0	0.000146458451568	1.8307306446e-05	0	0.00514892993794	0	4.5768266115e-06	0	0	9.153653223e-06	4.5768266115e-06	0	0	9.153653223e-06	7.3229225784e-05	0	0	2.28841330575e-05	0	0	4.5768266115e-06	0	0	0	0	4.5768266115e-06	0	0	0	0.000109843838676	0	4.5768266115e-06	4.5768266115e-06	2.28841330575e-05	0	0	0	0	0	9.153653223e-06	0.000832982443293	9.61133588415e-05	0.00489262764769	0.000109843838676	0.000146458451568	5.94987459495e-05	3.6614612892e-05	9.153653223e-06	0	0	0	4.5768266115e-06	0	0
9.153653223e-06	5.94987459495e-05	0.00183988429782	0	0	1.37304798345e-05	1.8307306446e-05	0.005890375849	0.00264540578145	0.000951979935192	7.3229225784e-05	0.000434798528093	4.5768266115e-06	2.7460959669e-05	0.00255844607583	0.000782637350567	0.00496585687348	0.00124489683833	0.000187649891072	0.000320377862805	0	0.052459586621	0.00265913626128	0.0234653900372	0.00377588195449	4.5768266115e-06	0.000590410632884	0.00177580872526	0.0216026216063	0.00136847115684	0.0145039635318	4.5768266115e-06	1.8307306446e-05	5.94987459495e-05	0.00587664536917	0	5.03450927265e-05	4.5768266115e-06	0	0	0	0	0	0	0	0	0	0	4.5768266115e-06	0	0	0.00432510114787	4.5768266115e-06	0	0	0	0.00341888947879	0.00563865038537	0.00412829760357	0.000292916903136	0	4.5768266115e-05	6.4075572561e-05	0.00018307306446	0	0	0	0	0	9.153653223e-06	0.00480566794208	0.00102978598759	0.00709865807444	0.00274151914029	0.000251725463633	4.5768266115e-06	4.5768266115e-06	0.000155612104791	4.5768266115e-05	1.8307306446e-05	5.03450927265e-05	4.5768266115e-06	0	4.5768266115e-06
0	0.00899804111821	0.000755176390898	0	0	0	0	0	0	0.00662266810684	0	0	5.4921919338e-05	4.5768266115e-06	0	0	0.0126091573147	7.3229225784e-05	0	1.8307306446e-05	0	0.00265913626128	0.0277813375318	0.00259506068872	0.00692931548981	0.000892481189243	0.00249437050327	0.0139455906852	0.00400930011167	0	0	0	0	0	4.11914395035e-05	0	0.00276898009996	0	0	0	0	0	0	0	0.00015103527818	0	0	0	5.03450927265e-05	0	0	0.00599106603445	4.5768266115e-06	0	0	0	0.00136389433023	0.0127006938469	0.00868681690863	0.000677370338502	6.86523991725e-05	1.37304798345e-05	0.0037026527287	1.37304798345e-05	0	0	0	0	0	0	4.5768266115e-06	0	2.7460959669e-05	2.7460959669e-05	0	0	0	9.153653223e-06	0	4.5768266115e-06	4.5768266115e-06	0	0	0
1.37304798345e-05	0.000155612104791	0.0107830034967	0	0	0	2.7460959669e-05	0.003899456273	0.00287882393863	1.8307306446e-05	7.78060523955e-05	0.000659063032056	0	5.03450927265e-05	0.00293832268458	0.000558372846603	0.00859985720301	0.00570730278454	0.000572103326438	0.000787214177178	0	0.0234653900372	0.00259506068872	0.0707073943211	0.000489720447431	9.153653223e-06	0.00209160976146	0.00885615949325	0.00609633304652	0.000681947165114	0.00739615180419	0.000118997491899	0	3.6614612892e-05	0.00646705600205	0	0.000434798528093	0.000132727971734	0	0	0	4.5768266115e-06	0	0	4.11914395035e-05	0	0.000544642366769	0	3.20377862805e-05	4.5768266115e-06	0	0.00272321183384	5.4921919338e-05	0.000155612104791	6.4075572561e-05	0	4.11914395035e-05	0.00410999029713	0.00725427017923	0.000114420665288	9.153653223e-06	0.00088332753602	0.0010755542537	5.4921919338e-05	4.5768266115e-06	4.5768266115e-06	0	0	0	3.6614612892e-05	0.0102154769969	0.00104351646742	0.0100919026784	0.00969829558977	0.001272357798	1.37304798345e-05	4.5768266115e-06	0.00132727971734	0.000906211669077	0.000489720447431	0.000535488713546	0	0	2.7460959669e-05
0.000205957197518	0.00219229994691	0.000393607088589	0	0.00516723724438	1.37304798345e-05	0.000613294765941	0.000997748201307	0.000361569302309	0.0206140270582	0.000718561778006	3.20377862805e-05	0.000494297274042	1.37304798345e-05	0.000320377862805	0.00203211101551	0.00606429526024	5.94987459495e-05	4.5768266115e-06	4.5768266115e-05	0.00148746864874	0.00377588195449	0.00692931548981	0.000489720447431	0.0579243175952	1.37304798345e-05	0.000723138604617	0.00232045109203	0.0220694579207	0.000993171374696	0.000599564286107	0	1.37304798345e-05	0.000956556761804	0.00139593211651	4.5768266115e-06	0.000132727971734	1.37304798345e-05	0	0.00643044138916	2.28841330575e-05	0.000224264503964	2.7460959669e-05	0.000118997491899	0.0140096662578	0.000617871592553	5.03450927265e-05	0.00109843838676	4.5768266115e-05	4.5768266115e-05	5.94987459495e-05	0.0062473683247	9.153653223e-06	4.5768266115e-06	0	0.00288340076525	0.00252640828955	0.00852662797723	0.00306647382971	0.0206597953243	1.37304798345e-05	6.4075572561e-05	6.4075572561e-05	0.00750141881625	5.4921919338e-05	2.7460959669e-05	0	9.153653223e-06	0	0.000288340076525	0.00252183146294	0.000155612104791	0.00193142083005	0.000599564286107	0.00270032770079	0	4.5768266115e-06	0.00144627720923	7.78060523955e-05	0.000160188931403	0.000100690185453	4.11914395035e-05	4.5768266115e-06	9.153653223e-06
0	0.00148289182213	0	0	0	0	0	0	7.78060523955e-05	0.000141881624957	0	0.00107097742709	1.8307306446e-05	0.0080369075298	0.000155612104791	0	2.7460959669e-05	0	0	0	0	4.5768266115e-06	0.000892481189243	9.153653223e-06	1.37304798345e-05	0.0133551800524	0.00070025447156	0.0050528165791	1.37304798345e-05	0.000224264503964	0	1.8307306446e-05	0.000114420665288	0	0.000237994983798	0	0.000663639858668	4.5768266115e-06	0	1.37304798345e-05	0	4.11914395035e-05	0	0	2.28841330575e-05	4.5768266115e-06	0.00197261226956	3.20377862805e-05	0.00465920949051	7.3229225784e-05	9.153653223e-06	1.8307306446e-05	0	0	1.37304798345e-05	1.37304798345e-05	0	6.86523991725e-05	2.28841330575e-05	1.37304798345e-05	0.00678743386486	0.00397268549878	0.00339600534573	4.5768266115e-06	7.3229225784e-05	0	0.00124032001172	6.86523991725e-05	0	0.000215110850741	3.20377862805e-05	0.000311224209582	7.78060523955e-05	0	0	0	0.000997748201307	9.153653223e-05	0.000329531516028	0.000462259487762	9.153653223e-06	9.153653223e-06	9.153653223e-06	0.000279186423302
4.5768266115e-06	0.00672793511891	0.00576680153049	0	9.153653223e-06	4.5768266115e-05	9.153653223e-05	0.00221060725335	0.000434798528093	0.0014325467294	0.000713984951394	0.00395895501895	0.000302070556359	0.00271863500723	0.000535488713546	4.11914395035e-05	0.000352415649086	0.00426560240192	0.00244860223715	0.0104168573678	0.000503450927265	0.000590410632884	0.00249437050327	0.00209160976146	0.000723138604617	0.00070025447156	0.0730095381067	0.0311636123977	0.00117624443916	0.00118997491899	8.2382879007e-05	0.00305732017648	2.7460959669e-05	0.00018307306446	0.0051351994581	0	0.0154239056808	6.4075572561e-05	0	4.5768266115e-06	0	0	0	0	0.000215110850741	0	3.6614612892e-05	0	0.000270032770079	0	0	0.000205957197518	0.00156527470113	0	0.0041786426963	0	0	0.000462259487762	8.69597056185e-05	0.000123574318511	0.00367061494242	0.0168793365432	0.0164719989748	7.3229225784e-05	4.5768266115e-06	4.5768266115e-06	4.11914395035e-05	0	0	2.28841330575e-05	0.0102337843033	0.0104168573678	0.00849001336433	0.00244860223715	0.000215110850741	9.153653223e-05	4.5768266115e-06	0.000453105834539	0.000247148637021	0.000123574318511	6.86523991725e-05	0	0	0
1.8307306446e-05	0.019662047123	0.0156756311444	0	4.5768266115e-06	9.153653223e-06	1.37304798345e-05	0.00267286674112	0.00147831499551	0.00440748402688	0.000215110850741	0.000576680153049	8.69597056185e-05	0.00437544624059	0.00167969536642	0.000324954689417	0.00711238855427	0.00447155959944	0.000265455943467	0.00194515130989	9.153653223e-06	0.00177580872526	0.0139455906852	0.00885615949325	0.00232045109203	0.0050528165791	0.0311636123977	0.0974955604782	0.0013135492375	0.000480566794208	0.00160188931403	0.00129981875767	9.153653223e-06	0.000100690185453	0.00221518407997	0	0.0254105413471	0.00104809329403	0	4.5768266115e-06	0	9.153653223e-06	0	4.5768266115e-06	0.000370722955532	4.5768266115e-06	0.000411914395035	4.5768266115e-06	0.0014737381689	1.37304798345e-05	0	0.000846712923128	0.000402760741812	0	0.00108470790693	0	1.37304798345e-05	0.00788587225162	0.0073229225784	0.000251725463633	0.00689270087692	0.0112315325046	0.0321338996393	4.5768266115e-05	1.8307306446e-05	0	0.000251725463633	2.7460959669e-05	0	7.78060523955e-05	0.0101330941179	0.00331819929334	0.00475989967596	0.00417406586969	3.20377862805e-05	6.4075572561e-05	0	0.00036614612892	0.000228841330575	0.000416491221647	0.000233418157187	4.5768266115e-06	9.153653223e-06	0.000105267012065
0.00233418157187	5.94987459495e-05	0.00097486406825	0	0.00309851161599	0.000306647382971	0.00604598795379	0.0284587078703	0.00734580671146	0.00450817421233	0.0109477692547	0.000681947165114	0.000979440894861	6.4075572561e-05	0.00430679384142	0.00219229994691	0.00538234809512	0.000146458451568	0.00015103527818	0.000283763249913	0.000384453435366	0.0216026216063	0.00400930011167	0.00609633304652	0.0220694579207	1.37304798345e-05	0.00117624443916	0.0013135492375	0.0841769950387	0.0083160939531	0.00550592241364	7.78060523955e-05	0.000233418157187	0.00409168299068	0.00913992274317	9.153653223e-06	4.5768266115e-05	9.153653223e-06	0	0.00708950442121	4.5768266115e-06	7.3229225784e-05	9.153653223e-06	1.8307306446e-05	0.00595445142156	0.000562949673215	1.37304798345e-05	0.000741445911063	4.5768266115e-06	1.8307306446e-05	9.153653223e-06	0.00802775387657	9.153653223e-06	4.5768266115e-06	0	0.00403218424473	0.00359280889003	0.00916738370284	0.00378503560771	0.0130576863226	0	6.86523991725e-05	5.94987459495e-05	0.0073229225784	9.153653223e-06	3.20377862805e-05	0	4.5768266115e-06	0	7.78060523955e-05	0.0061695622723	0.00117166761254	0.0114191823957	0.00470497775662	0.000526335060323	6.4075572561e-05	3.20377862805e-05	0.001272357798	0.00015103527818	7.78060523955e-05	8.2382879007e-05	1.37304798345e-05	0	0
0.00823371107409	9.153653223e-06	0.00024257181041	0	0.000118997491899	0.000141881624957	0.000860443402962	0.0117166761254	0.00920857514234	0	0.0047736301558	0.00876919978764	0.00344635043846	0.00140966259634	0.0174285557366	3.20377862805e-05	0	0.000393607088589	0.00257675338227	0.00192684400344	0.00344635043846	0.00136847115684	0	0.000681947165114	0.000993171374696	0.000224264503964	0.00118997491899	0.000480566794208	0.0083160939531	0.0435805429947	0.00804606118302	0.000146458451568	0.000828405616682	0.00575307105066	0.0156756311444	0	2.7460959669e-05	0	0	0	0	4.5768266115e-06	0	0	0	0	0	4.5768266115e-06	8.2382879007e-05	4.5768266115e-06	0	0	0	0	0	0	0	0	0	0	0.000141881624957	0	9.153653223e-06	0	4.5768266115e-06	0	0	0	0	0	0.000356992475697	0.000727715431229	0.0109706533878	0.00118539809238	2.28841330575e-05	3.6614612892e-05	0.000599564286107	4.5768266115e-06	0	4.5768266115e-06	9.153653223e-06	0	0	0
0.00205041832195	1.37304798345e-05	0.00129066510444	0	0	0	0	0.0118494040972	0.00655401570767	0	0	4.5768266115e-06	0	0	0.0110713435732	9.153653223e-06	0	0.00229756695897	0	5.4921919338e-05	0	0.0145039635318	0	0.00739615180419	0.000599564286107	0	8.2382879007e-05	0.00160188931403	0.00550592241364	0.00804606118302	0.0377176281054	0	0	0.00163392710031	0.00654486205445	0	1.37304798345e-05	0	0	0	0	0	0	0	0	0	4.5768266115e-06	0	0	0	0	4.5768266115e-06	0	0	0	0	0	4.5768266115e-06	9.153653223e-06	4.5768266115e-06	0	0	1.8307306446e-05	4.5768266115e-06	0	0	0	0	0	0	4.5768266115e-05	9.153653223e-06	0.00406879885762	0.000137304798345	0	0	0	9.153653223e-06	0	9.153653223e-06	4.5768266115e-06	0	0	0
0	0	4.5768266115e-06	0	4.5768266115e-06	1.37304798345e-05	1.37304798345e-05	0.000160188931403	0.000141881624957	0	0.000219687677352	0.0014325467294	6.4075572561e-05	0.00328158468045	0.000224264503964	0	4.5768266115e-06	0	5.03450927265e-05	2.7460959669e-05	0.000146458451568	4.5768266115e-06	0	0.000118997491899	0	1.8307306446e-05	0.00305732017648	0.00129981875767	7.78060523955e-05	0.000146458451568	0	0.0053731944419	9.153653223e-06	0	0.000494297274042	0	9.153653223e-06	0	0	0	0	0	0	0	0	0	9.153653223e-06	0	6.86523991725e-05	0	0	0	0	0	0	0	0	0	0	0	0.000393607088589	0.00150119912857	0.000416491221647	0	0	0	1.37304798345e-05	0	0	0	0.000562949673215	0.00195888178972	0.00102520916098	0.00042564487487	0.00015103527818	9.153653223e-06	0	0	0	0	0	0	0	0
0	0	0	0	0	0.00151950643502	0.000434798528093	0.000247148637021	0.0017895392051	0	0.000201380370906	0.000659063032056	0.000118997491899	0.000329531516028	0.00173004045915	0.00033410834264	0	0	4.5768266115e-06	0	1.8307306446e-05	1.8307306446e-05	0	0	1.37304798345e-05	0.000114420665288	2.7460959669e-05	9.153653223e-06	0.000233418157187	0.000828405616682	0	9.153653223e-06	0.0034234663054	4.5768266115e-06	0.00118539809238	0	1.8307306446e-05	0	0	0	0	1.8307306446e-05	0	0	1.8307306446e-05	0	0	1.8307306446e-05	3.20377862805e-05	0	1.37304798345e-05	0	0	0	0	0	0	0	0	2.28841330575e-05	5.94987459495e-05	0	0	4.5768266115e-06	0	0	0	0	0	1.37304798345e-05	0.000297493729748	0.000215110850741	0.000892481189243	0.000164765758014	0.000356992475697	0.000393607088589	0.000205957197518	2.28841330575e-05	0	1.37304798345e-05	0	4.5768266115e-06	0	0
0.00229756695897	0	9.153653223e-06	0	0	1.37304798345e-05	6.4075572561e-05	0.00197261226956	0.000228841330575	0	0.000320377862805	0.000146458451568	0	0	0.000398183915201	0	0	9.153653223e-06	2.7460959669e-05	5.03450927265e-05	0	5.94987459495e-05	0	3.6614612892e-05	0.000956556761804	0	0.00018307306446	0.000100690185453	0.00409168299068	0.00575307105066	0.00163392710031	0	4.5768266115e-06	0.00635721216337	0.00191311352361	0	0	0	0	0	0	0	0	0	0	0	0	0	0	0	0	0	0	0	0	0	0	0	0	0	0	0	0	0	0	0	0	0	0	0	9.153653223e-06	1.37304798345e-05	0.00104351646742	2.28841330575e-05	0	0	0	0	0	0	0	0	0	0
0.00079179100379	0.000260879116856	0.00113505299965	0	0.00024257181041	0.00033410834264	0.00079179100379	0.0112223788514	0.00776687475972	2.7460959669e-05	0.00655401570767	0.0161287369789	0.00391318675283	0.00216483898724	0.0075197261227	0.00027460959669	3.6614612892e-05	0.00634805851015	0.00468209362357	0.00953810665837	0.00514892993794	0.00587664536917	4.11914395035e-05	0.00646705600205	0.00139593211651	0.000237994983798	0.0051351994581	0.00221518407997	0.00913992274317	0.0156756311444	0.00654486205445	0.000494297274042	0.00118539809238	0.00191311352361	0.0558144005273	0	0.00018307306446	4.5768266115e-06	0	2.28841330575e-05	0	2.28841330575e-05	0	0	0.000132727971734	4.5768266115e-06	0	1.8307306446e-05	8.2382879007e-05	9.153653223e-06	0	0	1.37304798345e-05	4.5768266115e-06	4.11914395035e-05	0	4.5768266115e-06	0	0.000320377862805	0.000210534024129	0.000146458451568	0.000297493729748	0.000169342584626	6.4075572561e-05	9.153653223e-06	0	0	0	0	1.8307306446e-05	0.0028650934588	0.00191311352361	0.0411182102777	0.00530911886934	0.000123574318511	0.000224264503964	0.000951979935192	1.8307306446e-05	0.000155612104791	8.2382879007e-05	0.000347838822474	0	0	0
0	0	0	0	0	0	0	4.5768266115e-06	4.5768266115e-06	0	0	0	2.7460959669e-05	0	4.5768266115e-06	0	0	0	0	0	0	0	0	0	4.5768266115e-06	0	0	0	9.153653223e-06	0	0	0	0	0	0	0.0334611793567	0	0.00305274334987	0	0.000237994983798	2.28841330575e-05	0.00645790234883	0.00682862530436	0.00886988997309	0	0.00328616150706	0.000668216685279	0.00231129743881	4.5768266115e-06	0.0236026948355	0.000118997491899	0.000302070556359	0.00504823975249	0.000215110850741	7.3229225784e-05	0.000297493729748	0.00167969536642	0	0.00354704062391	0.00344635043846	9.153653223e-06	0.00228841330575	8.2382879007e-05	0.00549676876041	0.0129524193105	0.00929095802135	0	9.153653223e-06	0.00015103527818	0.00288797759186	0	0	0	4.5768266115e-06	0	4.5768266115e-06	0	0.000265455943467	3.20377862805e-05	0.00100232502792	0.000302070556359	3.20377862805e-05	1.37304798345e-05	0
4.5768266115e-06	0.00855866576351	0.00473243871629	0	0	0	0	9.153653223e-06	1.8307306446e-05	6.86523991725e-05	4.5768266115e-06	8.2382879007e-05	0	0.000164765758014	2.7460959669e-05	2.28841330575e-05	6.4075572561e-05	0.000265455943467	4.5768266115e-06	0.000201380370906	4.5768266115e-06	5.03450927265e-05	0.00276898009996	0.000434798528093	0.000132727971734	0.000663639858668	0.0154239056808	0.0254105413471	4.5768266115e-05	2.7460959669e-05	1.37304798345e-05	9.153653223e-06	1.8307306446e-05	0	0.00018307306446	0	0.0467019387438	0.000439375354704	0	0	3.6614612892e-05	0	0	0	0.0041786426963	0	4.5768266115e-06	0.000123574318511	0.00198176592278	0	0.000132727971734	0.00187649891072	0.000558372846603	0	0.00179411603171	0	1.8307306446e-05	0.0107418120572	0.00129066510444	0.00265913626128	0.0067645497318	0.00873258517474	0.0367381872105	7.3229225784e-05	0	0	5.03450927265e-05	0	0	1.8307306446e-05	0.00106640060048	0.000686523991725	0.000205957197518	4.11914395035e-05	0	0	4.5768266115e-05	0.000343261995863	0.000192226717683	0.000265455943467	0.000178496237849	3.6614612892e-05	0	4.5768266115e-06
0	0	0.000805521483624	0	0	0	0	0	4.5768266115e-06	0	0	0	4.5768266115e-06	4.5768266115e-06	4.5768266115e-06	1.37304798345e-05	4.5768266115e-06	9.153653223e-06	0	4.5768266115e-06	0	4.5768266115e-06	0	0.000132727971734	1.37304798345e-05	4.5768266115e-06	6.4075572561e-05	0.00104809329403	9.153653223e-06	0	0	0	0	0	4.5768266115e-06	0.00305274334987	0.000439375354704	0.0294335719386	0	1.37304798345e-05	4.5768266115e-06	0.00184446112443	0.00456767295828	0.00310766526921	4.5768266115e-06	0.000114420665288	0.000100690185453	4.5768266115e-06	9.153653223e-06	0.0036614612892	4.5768266115e-05	3.20377862805e-05	0.0075609175622	3.6614612892e-05	5.4921919338e-05	4.5768266115e-06	0.00207330245501	4.5768266115e-06	0.0120553612947	0.000475989967596	4.5768266115e-06	0.0108928473354	0.00599564286107	0.00349211870457	0.000929095802135	0.00195430496311	0	1.37304798345e-05	1.37304798345e-05	0.00156069787452	7.78060523955e-05	6.4075572561e-05	3.20377862805e-05	6.4075572561e-05	0	0	0	0.000288340076525	0.000228841330575	0.00189938304377	0.000929095802135	9.153653223e-06	9.153653223e-06	9.153653223e-06
0	0	0	0	0	0	0	0	0	0	0	0	0	0	0	0	0	0	0	0	0	0	0	0	0	0	0	0	0	0	0	0	0	0	0	0	0	0	0	0	0	0	0	0	0	0	0	0	0	0	0	0	0	0	0	0	0	0	0	0	0	0	0	0	0	0	0	0	0	0	0	0	0	0	0	0	0	0	0	0	0	0	0	0
0	4.5768266115e-06	0	0	0.00227468282592	4.5768266115e-06	9.153653223e-06	0.000288340076525	3.6614612892e-05	0.00204584149534	6.86523991725e-05	0	0.000247148637021	5.94987459495e-05	3.6614612892e-05	0	0	0	0	0	9.153653223e-06	0	0	0	0.00643044138916	1.37304798345e-05	4.5768266115e-06	4.5768266115e-06	0.00708950442121	0	0	0	0	0	2.28841330575e-05	0.000237994983798	0	1.37304798345e-05	0	0.0214103948886	0.000205957197518	0.002627098475	2.7460959669e-05	0.000750599564286	0.00675539607857	0.00335939073284	0.000585833806272	0.00523131281695	0.000407337568424	0.000443952181316	0.000704831298171	9.153653223e-06	9.153653223e-06	0.000132727971734	0.000137304798345	0.0112132251982	1.37304798345e-05	0	4.5768266115e-06	0.0116800615125	0.000100690185453	0.000105267012065	3.6614612892e-05	0.00761583948154	0.000599564286107	4.5768266115e-06	9.153653223e-06	7.78060523955e-05	4.5768266115e-06	0.00177123189865	4.11914395035e-05	4.5768266115e-06	8.69597056185e-05	5.94987459495e-05	5.94987459495e-05	0	0	0.000869597056185	4.5768266115e-05	0.00105267012065	0.000164765758014	0.000622448419164	8.2382879007e-05	4.5768266115e-06
0	0	0	0	4.5768266115e-06	0	0	0	9.153653223e-06	9.153653223e-06	4.5768266115e-06	0	0	0	9.153653223e-06	0	0	0	0	0	4.5768266115e-06	0	0	0	2.28841330575e-05	0	0	0	4.5768266115e-06	0	0	0	0	0	0	2.28841330575e-05	3.6614612892e-05	4.5768266115e-06	0	0.000205957197518	0.00703000567526	0.0027460959669	0.000407337568424	0.000800944657013	0.00120828222544	0.000421068048258	5.03450927265e-05	0.0005171814071	0	8.69597056185e-05	0.00356534793036	0	0	9.153653223e-06	1.37304798345e-05	0.000132727971734	0	3.6614612892e-05	0	0.000910788495689	3.6614612892e-05	4.5768266115e-06	0	0.000164765758014	0.000215110850741	0	0	0.00100232502792	4.5768266115e-06	0.000695677644948	0	0	4.5768266115e-06	9.153653223e-06	0	0	0	0.000283763249913	9.153653223e-06	0.000352415649086	0.000105267012065	0.00432052432126	0.00125862731816	2.7460959669e-05
0	0	0	0	0.000137304798345	0	0	0	0.000178496237849	0	0	9.153653223e-06	0.00293832268458	0.000320377862805	0.000173919411237	0	0	0	0	0	0	0	0	4.5768266115e-06	0.000224264503964	4.11914395035e-05	0	9.153653223e-06	7.3229225784e-05	4.5768266115e-06	0	0	1.8307306446e-05	0	2.28841330575e-05	0.00645790234883	0	0.00184446112443	0	0.002627098475	0.0027460959669	0.0576588616517	0.00677828021163	0.0151630265639	2.7460959669e-05	0.0187421049741	0.00467293997034	0.0211083243322	0.00190395987038	0.0112818775973	0.00592699046189	9.153653223e-06	0.00133643337056	0.00134558702378	0.00060871793933	0.00248979367666	0.000233418157187	0	0.000892481189243	0.000988594548084	0.000672793511891	0.00243944858393	0.000663639858668	0.00262252164839	0.0108241949362	0.000855866576351	4.5768266115e-05	0.00108013108031	0.000718561778006	0.0155337495194	9.153653223e-05	4.5768266115e-06	0.000265455943467	0.00024257181041	4.5768266115e-05	0	9.153653223e-06	0.00223806821302	0.000178496237849	0.00892938871904	0.000865020229574	0.00431137066803	0.000402760741812	0.000224264503964
