0.0203012202719	0	3.2064201693e-05	0	0.00024735241306	4.12254021767e-05	0.00187804609916	0.00867107625783	0.00674264355601	0.000357286818865	0.00168108028876	9.16120048371e-06	0.000261094213786	0	0.00728315438455	5.03866026604e-05	0.000229030012093	2.74836014511e-05	0	4.58060024186e-06	0.000302319615962	0.00064128403386	0.000348125618381	0.000380189820074	0.00104437685514	0	0	2.74836014511e-05	0.00186430429844	0.00624793872989	0.00367822199421	0	4.58060024186e-06	0.00032064201693	0.0010397962549	4.58060024186e-06	0	0	0	0	0	4.58060024186e-06	2.29030012093e-05	0	0.000151159807981	4.58060024186e-06	0	4.58060024186e-06	0	0	0	1.37418007256e-05	0	0	0	0	0	4.12254021767e-05	1.83224009674e-05	0.000109934405805	0	0	0	3.2064201693e-05	1.37418007256e-05	2.74836014511e-05	0	0	4.58060024186e-06	9.16120048371e-06	0.00110392465829	0.000146579207739	0.000787863241599	0.000270255414269	0.000632122833376	3.2064201693e-05	4.58060024186e-06	3.2064201693e-05	4.58060024186e-06	1.37418007256e-05	4.58060024186e-06	9.16120048371e-06	0	0
0	0.0109109897761	0.00183682069698	0	4.58060024186e-06	0	0	9.16120048371e-06	0	9.16120048371e-06	0	0.000201546410642	0	1.83224009674e-05	0	0	0.000183224009674	0.000824508043534	2.29030012093e-05	0.000499285426362	0	0.000151159807981	0.00191927150134	0.000723734838213	1.37418007256e-05	0.000265674814028	0.00168108028876	0.0055700098941	2.74836014511e-05	0	7.78702041115e-05	0	0	0	0.000870314045953	4.58060024186e-06	0.00117721426216	0.000238191212576	0	0	0	0	0	0	0	0	2.74836014511e-05	0	4.58060024186e-05	4.58060024186e-06	0	1.83224009674e-05	9.16120048371e-05	9.16120048371e-06	4.12254021767e-05	0	1.37418007256e-05	0.000132837407014	0.000119095606288	0	0.000128256806772	0.000297739015721	0.000755799039906	0	4.58060024186e-06	4.58060024186e-06	4.58060024186e-06	0	4.58060024186e-06	5.03866026604e-05	0.000334383817655	0.00105353805563	0.000655025834585	0.000174062809191	1.83224009674e-05	0	4.58060024186e-06	4.58060024186e-05	0.000119095606288	5.95478031441e-05	1.83224009674e-05	0	0	0
3.2064201693e-05	0.00183682069698	0.025152075928	0	4.58060024186e-06	0	9.16120048371e-06	0.000119095606288	2.29030012093e-05	1.37418007256e-05	9.16120048371e-06	0.000160321008465	0	1.83224009674e-05	4.58060024186e-06	1.83224009674e-05	0.000389351020558	0.00408589541574	1.37418007256e-05	0.000856572245227	0	0.00125966506651	0.00113598885998	0.00676096595698	2.74836014511e-05	6.4128403386e-05	0.00264758693979	0.0103842207483	0.000141998607498	6.87090036278e-05	0.000618381032651	0	0	2.29030012093e-05	0.00330261277438	4.58060024186e-06	0.000879475246436	0.000270255414269	0	0	0	0	0	0	9.16120048371e-06	0	1.37418007256e-05	0	4.58060024186e-06	4.58060024186e-06	4.58060024186e-06	5.49672029023e-05	5.03866026604e-05	0	4.58060024186e-06	0	3.2064201693e-05	0.000242771812818	0.000174062809191	1.37418007256e-05	4.12254021767e-05	0.0001969658104	0.000586316830958	1.83224009674e-05	4.58060024186e-06	3.66448019348e-05	0	0	4.58060024186e-06	6.87090036278e-05	0.00144746967643	0.00295906775624	0.00257429733592	0.00101689325369	8.24508043534e-05	1.83224009674e-05	1.37418007256e-05	0.00012367620653	0.000151159807981	7.32896038697e-05	3.66448019348e-05	4.58060024186e-06	0	4.58060024186e-06
0	0	0	0	0	0	0	0	0	0	0	0	0	0	0	0	0	0	0	0	0	0	0	0	0	0	0	0	0	0	0	0	0	0	0	0	0	0	0	0	0	0	0	0	0	0	0	0	0	0	0	0	0	0	0	0	0	0	0	0	0	0	0	0	0	0	0	0	0	0	0	0	0	0	0	0	0	0	0	0	0	0	0	0
0.00024735241306	4.58060024186e-06	4.58060024186e-06	0	0.014735790978	0	0.000283997214995	0.00244145992891	0.000219868811609	0.000114515006046	0.00416834622009	0	0.00152533988054	0	6.87090036278e-05	4.58060024186e-06	2.29030012093e-05	0	0	0	0.00389351020558	3.2064201693e-05	1.37418007256e-05	2.29030012093e-05	0.0027575213456	0	0	9.16120048371e-06	0.00802521162373	4.58060024186e-05	0.000132837407014	0	0	0	3.2064201693e-05	4.58060024186e-06	0	0	0	0.000119095606288	0	0	0	0	4.12254021767e-05	0	0	1.83224009674e-05	0	4.58060024186e-06	0	0	0	0	0	9.16120048371e-06	0	0	0	1.83224009674e-05	0	0	0	9.16120048371e-06	9.16120048371e-06	4.58060024186e-06	0	0	9.16120048371e-06	4.58060024186e-06	7.32896038697e-05	1.83224009674e-05	1.37418007256e-05	4.58060024186e-06	5.49672029023e-05	0	0	0	0	0	0	0	0	0
4.12254021767e-05	0	0	0	0	0.00604639231925	0.00349041738429	1.37418007256e-05	0.00166275788779	0	9.16120048371e-06	4.58060024186e-06	4.58060024186e-06	0	0.000851991644985	0.00093902304958	4.58060024186e-06	0	0	4.58060024186e-06	4.58060024186e-06	1.37418007256e-05	0	4.58060024186e-06	0	0	4.58060024186e-06	0	0	0.000398512221041	1.83224009674e-05	0	0.000549672029023	4.58060024186e-06	0.000508446626846	0	0	0	0	0	0	0	0	0	0	0	0	0	0	0	0	0	0	0	0	0	0	0	0	0	0	0	0	0	0	0	0	0	0	0	5.03866026604e-05	4.58060024186e-06	0.000288577815237	4.58060024186e-05	0.000545091428781	0.00100315145297	0	4.58060024186e-06	0	0	0	0	0	0
0.00187804609916	0	9.16120048371e-06	0	0.000283997214995	0.00349041738429	0.0347621752354	0.00308732456301	0.0171085419033	0.000137418007256	0.00590897431199	5.49672029023e-05	0.00402176701235	0	0.00474092125032	0.00200630290593	4.12254021767e-05	4.58060024186e-06	0	1.37418007256e-05	0.00141998607498	0.000100773205321	6.4128403386e-05	8.24508043534e-05	0.000325222617172	4.58060024186e-06	1.37418007256e-05	9.16120048371e-06	0.00093902304958	0.00205668950859	0.000311480816446	0	0.000595478031441	6.87090036278e-05	0.00179559529481	0	0	0	0	0	0	0	0	0	2.74836014511e-05	0	0	4.58060024186e-06	0	0	0	4.58060024186e-06	0	0	0	0	4.58060024186e-06	9.16120048371e-06	0	2.29030012093e-05	4.58060024186e-06	0	0	0	0	0	0	0	0	4.58060024186e-06	0.000531349628055	9.16120048371e-05	0.00122302026458	0.000297739015721	0.00185514309795	0.000751218439664	9.16120048371e-06	2.74836014511e-05	0	4.58060024186e-06	4.58060024186e-06	0	0	0
0.00867107625783	9.16120048371e-06	0.000119095606288	0	0.00244145992891	1.37418007256e-05	0.00308732456301	0.0487009417714	0.00541426948587	0.00174520869215	0.0116347246143	4.58060024186e-06	0.00109934405805	0	0.00376067279856	9.16120048371e-05	0.000847411044743	8.70314045953e-05	0	1.83224009674e-05	0.00201546410642	0.00229030012093	0.00096192605079	0.00143830847594	0.00658232254755	0	9.16120048371e-06	0.000169482208949	0.0163023562608	0.0019375939023	0.0110071823812	0	0	0.000229030012093	0.00159862948441	4.12254021767e-05	4.58060024186e-06	0	0	1.37418007256e-05	0	9.16120048371e-06	7.32896038697e-05	4.58060024186e-06	0.000627542233134	2.74836014511e-05	0	1.83224009674e-05	0	2.29030012093e-05	0	4.12254021767e-05	4.58060024186e-06	0	0	9.16120048371e-06	2.74836014511e-05	0.000114515006046	3.2064201693e-05	0.000361867419107	0	0	4.58060024186e-06	0.000109934405805	5.49672029023e-05	0.000114515006046	0	0	2.74836014511e-05	5.03866026604e-05	0.00180475649529	0.000435157022976	0.00109934405805	0.000462640624427	0.000760379640148	4.58060024186e-05	9.16120048371e-06	4.58060024186e-05	1.37418007256e-05	3.2064201693e-05	9.16120048371e-06	2.29030012093e-05	0	0
0.00674264355601	0	2.29030012093e-05	0	0.000219868811609	0.00166275788779	0.0171085419033	0.00541426948587	0.0412483051779	0.000183224009674	0.00375151159808	5.03866026604e-05	0.000943603649822	0	0.0163527428634	0.000348125618381	7.32896038697e-05	1.37418007256e-05	0	2.74836014511e-05	0.000563413829748	0.000238191212576	9.16120048371e-05	0.000164901608707	0.000554252629265	4.58060024186e-06	1.83224009674e-05	2.74836014511e-05	0.00119095606288	0.00331177397486	0.000916120048371	0	0.000622961632892	0.000114515006046	0.0020246253069	0	0	0	0	0	0	0	9.16120048371e-06	0	5.95478031441e-05	9.16120048371e-06	0	0	0	0	0	9.16120048371e-06	0	0	0	0	0	1.83224009674e-05	9.16120048371e-06	5.95478031441e-05	4.58060024186e-06	0	0	9.16120048371e-06	0	1.37418007256e-05	0	0	0	0	0.000709993037488	0.000114515006046	0.00120469786361	0.000288577815237	0.00124592326578	0.000453479423944	9.16120048371e-06	2.29030012093e-05	0	4.58060024186e-06	4.58060024186e-06	4.58060024186e-06	0	0
0.000357286818865	9.16120048371e-06	1.37418007256e-05	0	0.000114515006046	0	0.000137418007256	0.00174520869215	0.000183224009674	0.0141311517461	0.000174062809191	0	0.00165359668731	0	9.6192605079e-05	0.000430576422734	0.000746637839422	1.37418007256e-05	0	0	0.00012367620653	0.000352706218623	0.00284913335043	0.000380189820074	0.00696709296786	0	0	6.87090036278e-05	0.0021666239144	0.000109934405805	0.000783282641357	0	0	4.58060024186e-05	0.000224449411851	5.49672029023e-05	9.16120048371e-06	4.58060024186e-06	0	2.74836014511e-05	0	1.83224009674e-05	0.000251933013302	0	0.00228571952069	4.58060024186e-05	0	6.87090036278e-05	0	4.12254021767e-05	4.58060024186e-06	0.000146579207739	0	0	0	5.49672029023e-05	9.16120048371e-05	0.00032064201693	8.70314045953e-05	0.000952764850306	0	4.58060024186e-06	2.74836014511e-05	0.00037102861959	7.32896038697e-05	0.000206127010884	0	0	4.12254021767e-05	0.000128256806772	0.000325222617172	0.000114515006046	0.000128256806772	5.95478031441e-05	0.00117263366192	1.37418007256e-05	4.58060024186e-06	0.000109934405805	1.37418007256e-05	3.2064201693e-05	1.37418007256e-05	6.87090036278e-05	0	0
0.00168108028876	0	9.16120048371e-06	0	0.00416834622009	9.16120048371e-06	0.00590897431199	0.0116347246143	0.00375151159808	0.000174062809191	0.0374326651764	0	0.00442485983363	0	0.00151617868005	1.37418007256e-05	4.58060024186e-05	4.58060024186e-06	0	0	0.00810766242808	7.32896038697e-05	7.32896038697e-05	4.12254021767e-05	0.00129630986845	0	0	9.16120048371e-06	0.00839165964308	0.000352706218623	0.000439737623218	0	0	3.2064201693e-05	0.000169482208949	0	0	0	0	1.83224009674e-05	0	0	4.58060024186e-06	0	3.2064201693e-05	9.16120048371e-06	0	4.58060024186e-06	0	0	0	0	0	0	0	9.16120048371e-06	4.58060024186e-06	9.16120048371e-06	0	2.29030012093e-05	0	0	0	0	4.58060024186e-06	0	0	0	0	4.58060024186e-06	0.000160321008465	3.66448019348e-05	0.000128256806772	5.03866026604e-05	0.000141998607498	9.16120048371e-06	0	0	0	0	0	0	0	0
9.16120048371e-06	0.000201546410642	0.000160321008465	0	0	4.58060024186e-06	5.49672029023e-05	4.58060024186e-06	5.03866026604e-05	0	0	0.0317298178753	0	0.00633955073473	3.2064201693e-05	4.58060024186e-06	9.16120048371e-06	0.000774121440874	0.00303235736011	0.00606471472022	0	5.95478031441e-05	2.74836014511e-05	0.000201546410642	0	0.00380189820074	0.00974751731467	0.00242313752794	4.58060024186e-06	2.29030012093e-05	1.83224009674e-05	0.000325222617172	0	4.58060024186e-06	0.00535014108249	0	0.00032064201693	9.16120048371e-06	0	0	0	0	0	0	0	0	0.000265674814028	0	0.000265674814028	0	0	0	0	4.12254021767e-05	6.4128403386e-05	0	0	9.16120048371e-06	9.16120048371e-06	0	0.000728315438455	0.000238191212576	0.000283997214995	0	0	0	9.16120048371e-06	0	0	3.2064201693e-05	0.000425995822493	0.00493788706072	0.0061609073253	0.000677928835795	3.66448019348e-05	3.2064201693e-05	0.00115431126095	1.37418007256e-05	0.000316061416688	4.12254021767e-05	4.58060024186e-06	0	0	3.66448019348e-05
0.000261094213786	0	0	0	0.00152533988054	4.58060024186e-06	0.00402176701235	0.00109934405805	0.000943603649822	0.00165359668731	0.00442485983363	0	0.0208600535014	0	0.000210707611125	0.000870314045953	9.16120048371e-06	0	0	0	0.00928029609	9.16120048371e-06	9.16120048371e-06	1.37418007256e-05	0.000618381032651	0	0	0	0.000499285426362	4.12254021767e-05	5.95478031441e-05	0	0	4.58060024186e-06	5.03866026604e-05	0	0	0	0	4.58060024186e-06	0	2.74836014511e-05	9.16120048371e-06	0	3.2064201693e-05	4.12254021767e-05	0	0.000485543625637	0	0	0	0	0	0	0	3.2064201693e-05	0	0	0	2.74836014511e-05	0	0	0	0	0	4.58060024186e-06	0	0	0	0	0.000137418007256	4.58060024186e-06	4.58060024186e-05	4.58060024186e-06	0.00121385906409	4.58060024186e-06	0	4.58060024186e-06	0	0	0	0	0	0
0	1.83224009674e-05	1.83224009674e-05	0	0	0	0	0	0	0	0	0.00633955073473	0	0.0109888599802	0	4.58060024186e-06	0	3.66448019348e-05	0.000146579207739	0.000265674814028	0	4.58060024186e-06	0	4.58060024186e-06	0	0.00277584374656	0.00263384513907	0.00119095606288	0	0	0	0.000861152845469	0	0	0.000283997214995	0	5.03866026604e-05	4.58060024186e-06	0	0	0	0	0	0	0	0	0.000251933013302	0	0.00049470482612	0	0	0	0	1.83224009674e-05	2.29030012093e-05	0	0	0	0	0	0.000279416614753	0.000100773205321	6.87090036278e-05	0	0	0	2.29030012093e-05	0	0	4.58060024186e-06	0.000146579207739	0.00114515006046	0.00069167063652	9.6192605079e-05	4.58060024186e-06	4.58060024186e-06	0.000535930228297	3.66448019348e-05	0.000114515006046	5.49672029023e-05	2.29030012093e-05	0	0	3.66448019348e-05
0.00728315438455	0	4.58060024186e-06	0	6.87090036278e-05	0.000851991644985	0.00474092125032	0.00376067279856	0.0163527428634	9.6192605079e-05	0.00151617868005	3.2064201693e-05	0.000210707611125	0	0.0269018652204	9.6192605079e-05	6.87090036278e-05	4.58060024186e-06	0	2.29030012093e-05	0.000174062809191	0.000233610612335	0.000109934405805	0.000146579207739	0.000357286818865	0	1.37418007256e-05	9.16120048371e-06	0.000668767635311	0.00682967496061	0.000966506651032	0	0.000279416614753	0.000155740408223	0.00131005166917	0	0	0	0	0	0	0	9.16120048371e-06	0	5.49672029023e-05	9.16120048371e-06	0	0	0	0	0	1.37418007256e-05	0	0	0	0	0	9.16120048371e-06	9.16120048371e-06	5.95478031441e-05	0	0	0	1.83224009674e-05	0	9.16120048371e-06	0	0	0	0	0.00037102861959	6.4128403386e-05	0.000677928835795	0.000141998607498	0.000613800432409	0.000293158415479	4.58060024186e-06	4.58060024186e-06	0	0	0	0	0	0
5.03866026604e-05	0	1.83224009674e-05	0	4.58060024186e-06	0.00093902304958	0.00200630290593	9.16120048371e-05	0.000348125618381	0.000430576422734	1.37418007256e-05	4.58060024186e-06	0.000870314045953	4.58060024186e-06	9.6192605079e-05	0.00659606434827	3.2064201693e-05	4.58060024186e-06	0	4.58060024186e-06	9.16120048371e-06	5.95478031441e-05	3.66448019348e-05	9.16120048371e-05	4.12254021767e-05	4.58060024186e-06	4.58060024186e-06	2.74836014511e-05	2.74836014511e-05	8.70314045953e-05	0.000105353805563	0	0	2.29030012093e-05	0.000265674814028	0	0	4.58060024186e-06	0	0	0	0	0	0	2.29030012093e-05	0	0	0	0	0	0	9.16120048371e-06	0	0	0	0	4.58060024186e-06	4.58060024186e-06	4.58060024186e-06	9.16120048371e-06	0	0	4.58060024186e-06	4.58060024186e-06	4.58060024186e-06	4.58060024186e-06	0	0	0	1.37418007256e-05	0.000861152845469	7.78702041115e-05	0.000325222617172	0.000293158415479	0.00203836710763	3.2064201693e-05	0	9.16120048371e-05	1.83224009674e-05	1.83224009674e-05	2.74836014511e-05	9.16120048371e-06	0	0
0.000229030012093	0.000183224009674	0.000389351020558	0	2.29030012093e-05	4.58060024186e-06	4.12254021767e-05	0.000847411044743	7.32896038697e-05	0.000746637839422	4.58060024186e-05	9.16120048371e-06	9.16120048371e-06	0	6.87090036278e-05	3.2064201693e-05	0.0197652900436	0.000183224009674	0	4.58060024186e-06	9.16120048371e-06	0.0033484187768	0.00566620249918	0.0089413316721	0.00327512917293	0	4.12254021767e-05	0.00338048297849	0.00345377258236	0.000105353805563	0.00157114588296	0	0	9.16120048371e-05	0.00113598885998	9.16120048371e-06	3.2064201693e-05	4.58060024186e-05	0	4.58060024186e-06	0	0	3.66448019348e-05	0	0.0001969658104	0	0	1.37418007256e-05	0	4.58060024186e-06	0	0.000233610612335	9.16120048371e-06	0	0	9.16120048371e-06	4.58060024186e-05	0.000458060024186	9.6192605079e-05	0.000160321008465	0	1.37418007256e-05	9.16120048371e-05	9.16120048371e-05	2.74836014511e-05	6.87090036278e-05	0	0	1.37418007256e-05	2.29030012093e-05	0.00117263366192	0.000572575030232	0.000806185642567	0.000403092821283	0.000155740408223	9.16120048371e-06	0	8.70314045953e-05	4.58060024186e-05	9.16120048371e-06	9.16120048371e-06	9.16120048371e-06	0	0
2.74836014511e-05	0.000824508043534	0.00408589541574	0	0	0	4.58060024186e-06	8.70314045953e-05	1.37418007256e-05	1.37418007256e-05	4.58060024186e-06	0.000774121440874	0	3.66448019348e-05	4.58060024186e-06	4.58060024186e-06	0.000183224009674	0.0233106746308	0.000119095606288	0.00631664773352	0	0.00169940268973	0.000380189820074	0.00791985781817	3.2064201693e-05	0.000100773205321	0.00442944043387	0.00264758693979	9.16120048371e-05	0.000192385210158	0.000696251236762	4.58060024186e-06	0	2.74836014511e-05	0.00811682362857	0	0.000448898823702	0.000128256806772	0	0	0	0	9.16120048371e-06	0	4.58060024186e-06	0	1.37418007256e-05	0	1.37418007256e-05	4.58060024186e-06	0	4.58060024186e-06	2.74836014511e-05	0	1.37418007256e-05	0	9.16120048371e-06	4.58060024186e-05	4.58060024186e-05	4.58060024186e-06	7.78702041115e-05	0.000187804609916	0.000274836014511	1.37418007256e-05	4.58060024186e-06	1.37418007256e-05	4.58060024186e-06	0	0	1.83224009674e-05	0.00155282348199	0.0030644215618	0.00409963721646	0.00133295467038	0.000100773205321	3.66448019348e-05	1.83224009674e-05	9.6192605079e-05	6.4128403386e-05	1.83224009674e-05	4.58060024186e-06	0	0	0
0	2.29030012093e-05	1.37418007256e-05	0	0	0	0	0	0	0	0	0.00303235736011	0	0.000146579207739	0	0	0	0.000119095606288	0.00497453186266	0.00218952691561	0	0	0	1.37418007256e-05	0	0.000306900216204	0.00232236432262	0.000334383817655	0	0	4.58060024186e-06	1.37418007256e-05	0	0	0.000256513613544	0	5.49672029023e-05	0	0	0	0	0	0	0	0	0	9.16120048371e-06	0	9.16120048371e-06	0	0	0	0	9.16120048371e-06	0	0	0	0	4.58060024186e-06	0	7.32896038697e-05	2.29030012093e-05	2.74836014511e-05	0	0	0	0	0	0	0	2.74836014511e-05	0.000238191212576	0.000306900216204	4.12254021767e-05	4.58060024186e-06	0	1.37418007256e-05	0	3.2064201693e-05	0	0	0	0	0
4.58060024186e-06	0.000499285426362	0.000856572245227	0	0	4.58060024186e-06	1.37418007256e-05	1.83224009674e-05	2.74836014511e-05	0	0	0.00606471472022	0	0.000265674814028	2.29030012093e-05	4.58060024186e-06	4.58060024186e-06	0.00631664773352	0.00218952691561	0.0204844442816	0	0.000151159807981	5.03866026604e-05	0.000522188427572	9.16120048371e-06	0.000609219832167	0.00941771409726	0.00229488072117	1.83224009674e-05	9.16120048371e-06	5.95478031441e-05	4.58060024186e-06	0	0	0.00499285426362	0	0.000361867419107	4.12254021767e-05	0	0	0	0	0	0	0	0	5.95478031441e-05	0	4.12254021767e-05	0	0	0	2.29030012093e-05	1.37418007256e-05	2.29030012093e-05	0	0	4.58060024186e-06	9.16120048371e-06	0	0.000206127010884	0.000164901608707	0.000192385210158	0	0	0	0	0	0	2.29030012093e-05	0.000572575030232	0.00243687932867	0.00304151856059	0.000668767635311	2.74836014511e-05	1.37418007256e-05	3.2064201693e-05	2.29030012093e-05	9.16120048371e-05	2.29030012093e-05	4.58060024186e-06	0	0	4.58060024186e-06
0.000302319615962	0	0	0	0.00389351020558	4.58060024186e-06	0.00141998607498	0.00201546410642	0.000563413829748	0.00012367620653	0.00810766242808	0	0.00928029609	0	0.000174062809191	9.16120048371e-06	9.16120048371e-06	0	0	0	0.0188216863938	2.29030012093e-05	9.16120048371e-06	4.58060024186e-06	0.00056799442999	0	0	0	0.00210249551101	6.87090036278e-05	8.24508043534e-05	0	0	9.16120048371e-06	3.2064201693e-05	0	0	0	0	9.16120048371e-06	0	0	0	0	2.29030012093e-05	0	0	0	0	0	0	4.58060024186e-06	0	0	0	0	0	0	0	1.37418007256e-05	0	0	0	0	4.58060024186e-06	4.58060024186e-06	0	0	4.58060024186e-06	4.58060024186e-06	4.58060024186e-05	9.16120048371e-06	2.29030012093e-05	9.16120048371e-06	5.95478031441e-05	4.58060024186e-06	0	0	0	0	0	0	0	0
0.00064128403386	0.000151159807981	0.00125966506651	0	3.2064201693e-05	1.37418007256e-05	0.000100773205321	0.00229030012093	0.000238191212576	0.000352706218623	7.32896038697e-05	5.95478031441e-05	9.16120048371e-06	4.58060024186e-06	0.000233610612335	5.95478031441e-05	0.0033484187768	0.00169940268973	0	0.000151159807981	2.29030012093e-05	0.0436851845066	0.00161695188538	0.0186888489868	0.00124134266554	4.58060024186e-06	0.000187804609916	0.00125508446627	0.00663728975045	0.0010397962549	0.014602953571	0	0	0.000384770420316	0.00814888783026	9.16120048371e-06	7.78702041115e-05	3.2064201693e-05	0	0	0	0	4.12254021767e-05	0	0.000100773205321	9.16120048371e-06	0	0	0	0	0	5.95478031441e-05	4.58060024186e-06	0	0	0	2.74836014511e-05	0.000219868811609	0.000105353805563	6.4128403386e-05	0	9.16120048371e-06	8.70314045953e-05	5.95478031441e-05	4.58060024186e-06	5.03866026604e-05	0	0	0	3.2064201693e-05	0.00278958554729	0.0013787606728	0.00327512917293	0.00144288907618	0.000343545018139	3.66448019348e-05	0	0.000151159807981	5.03866026604e-05	2.74836014511e-05	1.37418007256e-05	0	0	0
0.000348125618381	0.00191927150134	0.00113598885998	0	1.37418007256e-05	0	6.4128403386e-05	0.00096192605079	9.16120048371e-05	0.00284913335043	7.32896038697e-05	2.74836014511e-05	9.16120048371e-06	0	0.000109934405805	3.66448019348e-05	0.00566620249918	0.000380189820074	0	5.03866026604e-05	9.16120048371e-06	0.00161695188538	0.0204661218806	0.00388892960534	0.00322932317051	4.58060024186e-06	8.70314045953e-05	0.00513485287112	0.00204752830811	0.000160321008465	0.00158946828392	0	0	9.16120048371e-05	0.00147037267764	1.83224009674e-05	0.000503866026604	0.000297739015721	0	9.16120048371e-06	0	4.58060024186e-06	0.000109934405805	4.58060024186e-06	0.000490124225879	1.83224009674e-05	4.58060024186e-06	2.29030012093e-05	4.58060024186e-06	1.83224009674e-05	0	0.000503866026604	4.12254021767e-05	0	4.58060024186e-06	3.2064201693e-05	0.000206127010884	0.00231778372238	0.000595478031441	0.000325222617172	0	6.87090036278e-05	0.000645864634102	0.000329803217414	5.49672029023e-05	0.000265674814028	0	0	4.12254021767e-05	0.000215288211367	0.00128256806772	0.000989409652241	0.00108560225732	0.000439737623218	0.000178643409432	1.83224009674e-05	4.58060024186e-06	0.000283997214995	0.000238191212576	0.000174062809191	0.000109934405805	1.83224009674e-05	0	0
0.000380189820074	0.000723734838213	0.00676096595698	0	2.29030012093e-05	4.58060024186e-06	8.24508043534e-05	0.00143830847594	0.000164901608707	0.000380189820074	4.12254021767e-05	0.000201546410642	1.37418007256e-05	4.58060024186e-06	0.000146579207739	9.16120048371e-05	0.0089413316721	0.00791985781817	1.37418007256e-05	0.000522188427572	4.58060024186e-06	0.0186888489868	0.00388892960534	0.057349115028	0.00124592326578	2.29030012093e-05	0.000609219832167	0.0073656051889	0.00379273700026	0.000957345450548	0.00605555351973	0	0	0.000238191212576	0.00911539448129	2.29030012093e-05	0.000261094213786	0.000137418007256	0	0	0	0	5.49672029023e-05	0	0.000119095606288	0	0	4.58060024186e-06	0	4.58060024186e-06	4.58060024186e-06	0.000201546410642	9.16120048371e-06	0	0	0	4.12254021767e-05	0.000677928835795	0.000238191212576	8.24508043534e-05	1.37418007256e-05	8.70314045953e-05	0.00032064201693	6.87090036278e-05	1.83224009674e-05	0.000109934405805	0	0	1.37418007256e-05	5.49672029023e-05	0.00452563303895	0.00344003078163	0.00535472168273	0.00225365531899	0.000476382425153	7.78702041115e-05	9.16120048371e-06	0.000238191212576	0.000100773205321	7.32896038697e-05	4.12254021767e-05	1.37418007256e-05	0	0
0.00104437685514	1.37418007256e-05	2.74836014511e-05	0	0.0027575213456	0	0.000325222617172	0.00658232254755	0.000554252629265	0.00696709296786	0.00129630986845	0	0.000618381032651	0	0.000357286818865	4.12254021767e-05	0.00327512917293	3.2064201693e-05	0	9.16120048371e-06	0.00056799442999	0.00124134266554	0.00322932317051	0.00124592326578	0.0305709260141	0	4.58060024186e-06	8.70314045953e-05	0.0131234196929	0.000224449411851	0.00188720729964	0	0	5.03866026604e-05	0.000545091428781	2.29030012093e-05	4.58060024186e-06	9.16120048371e-06	0	2.29030012093e-05	0	4.58060024186e-06	0.000178643409432	1.37418007256e-05	0.00119553666312	4.12254021767e-05	0	4.12254021767e-05	0	3.2064201693e-05	4.58060024186e-06	0.000114515006046	0	0	0	3.2064201693e-05	1.83224009674e-05	0.00024735241306	2.29030012093e-05	0.000719154237971	0	4.58060024186e-06	2.74836014511e-05	0.000229030012093	5.95478031441e-05	0.000119095606288	0	0	4.12254021767e-05	9.6192605079e-05	0.000622961632892	0.000219868811609	0.000389351020558	0.000146579207739	0.000609219832167	1.37418007256e-05	0	0.000109934405805	2.29030012093e-05	2.74836014511e-05	4.58060024186e-06	3.2064201693e-05	0	0
0	0.000265674814028	6.4128403386e-05	0	0	0	4.58060024186e-06	0	4.58060024186e-06	0	0	0.00380189820074	0	0.00277584374656	0	4.58060024186e-06	0	0.000100773205321	0.000306900216204	0.000609219832167	0	4.58060024186e-06	4.58060024186e-06	2.29030012093e-05	0	0.01193246363	0.0033163545751	0.00428286122614	0	0	4.58060024186e-06	5.95478031441e-05	0	0	0.0003939316208	0	0.000242771812818	4.58060024186e-06	0	0	0	0	0	0	0	0	0.000389351020558	0	0.000403092821283	0	0	0	4.58060024186e-06	6.4128403386e-05	7.78702041115e-05	0	0	9.16120048371e-06	0	0	0.00106269925611	0.000302319615962	0.000270255414269	0	0	0	1.37418007256e-05	0	0	2.74836014511e-05	4.12254021767e-05	0.00175895049287	0.000783282641357	0.000105353805563	0	4.58060024186e-06	0.000687090036278	2.29030012093e-05	0.00032064201693	5.03866026604e-05	9.16120048371e-06	0	0	2.74836014511e-05
0	0.00168108028876	0.00264758693979	0	0	4.58060024186e-06	1.37418007256e-05	9.16120048371e-06	1.83224009674e-05	0	0	0.00974751731467	0	0.00263384513907	1.37418007256e-05	4.58060024186e-06	4.12254021767e-05	0.00442944043387	0.00232236432262	0.00941771409726	0	0.000187804609916	8.70314045953e-05	0.000609219832167	4.58060024186e-06	0.0033163545751	0.0468961852761	0.0143601817582	1.83224009674e-05	1.37418007256e-05	4.12254021767e-05	0.00107186045659	0	0	0.00401260581187	0	0.00121385906409	0.000128256806772	0	0	0	0	0	0	0	0	0.000183224009674	0	0.000164901608707	0	0	0	5.95478031441e-05	2.74836014511e-05	0.000105353805563	0	4.58060024186e-06	1.37418007256e-05	3.2064201693e-05	0	0.000847411044743	0.000499285426362	0.000682509436036	0	0	9.16120048371e-06	0	0	0	5.95478031441e-05	0.000622961632892	0.00411795961743	0.00316977536736	0.000682509436036	2.74836014511e-05	1.37418007256e-05	7.78702041115e-05	4.58060024186e-05	0.000265674814028	6.4128403386e-05	2.29030012093e-05	0	4.58060024186e-06	2.29030012093e-05
2.74836014511e-05	0.0055700098941	0.0103842207483	0	9.16120048371e-06	0	9.16120048371e-06	0.000169482208949	2.74836014511e-05	6.87090036278e-05	9.16120048371e-06	0.00242313752794	0	0.00119095606288	9.16120048371e-06	2.74836014511e-05	0.00338048297849	0.00264758693979	0.000334383817655	0.00229488072117	0	0.00125508446627	0.00513485287112	0.0073656051889	8.70314045953e-05	0.00428286122614	0.0143601817582	0.0551092015098	0.000261094213786	5.03866026604e-05	0.000650445234344	0.000242771812818	0	2.74836014511e-05	0.00360493239034	0	0.00165817728755	0.000403092821283	0	0	0	0	4.58060024186e-06	0	2.74836014511e-05	0	0.000119095606288	0	0.00012367620653	0	0	0.000132837407014	5.95478031441e-05	1.37418007256e-05	4.58060024186e-05	4.58060024186e-06	2.74836014511e-05	0.000696251236762	0.000348125618381	1.83224009674e-05	0.000522188427572	0.000416834622009	0.00119553666312	2.29030012093e-05	0	2.74836014511e-05	9.16120048371e-06	0	0	8.24508043534e-05	0.00158030708344	0.00388434900509	0.00274377954487	0.000865733445711	0.000119095606288	1.83224009674e-05	3.66448019348e-05	0.00012367620653	0.000334383817655	0.000114515006046	4.12254021767e-05	0	4.58060024186e-06	4.58060024186e-06
0.00186430429844	2.74836014511e-05	0.000141998607498	0	0.00802521162373	0	0.00093902304958	0.0163023562608	0.00119095606288	0.0021666239144	0.00839165964308	4.58060024186e-06	0.000499285426362	0	0.000668767635311	2.74836014511e-05	0.00345377258236	9.16120048371e-05	0	1.83224009674e-05	0.00210249551101	0.00663728975045	0.00204752830811	0.00379273700026	0.0131234196929	0	1.83224009674e-05	0.000261094213786	0.0492689362014	0.000581736230716	0.00551962329144	0	0	0.000174062809191	0.0011817948624	1.83224009674e-05	1.37418007256e-05	9.16120048371e-06	0	4.58060024186e-05	0	4.58060024186e-06	8.70314045953e-05	4.58060024186e-06	0.000622961632892	1.83224009674e-05	0	1.83224009674e-05	0	9.16120048371e-06	0	0.000100773205321	0	0	0	1.37418007256e-05	4.12254021767e-05	0.000229030012093	4.58060024186e-05	0.000389351020558	0	4.58060024186e-06	2.29030012093e-05	0.000174062809191	4.12254021767e-05	0.000100773205321	0	0	2.74836014511e-05	6.4128403386e-05	0.00136043827183	0.000416834622009	0.00064128403386	0.000329803217414	0.000389351020558	2.29030012093e-05	0	9.16120048371e-05	2.29030012093e-05	2.74836014511e-05	4.58060024186e-06	1.37418007256e-05	0	0
0.00624793872989	0	6.87090036278e-05	0	4.58060024186e-05	0.000398512221041	0.00205668950859	0.0019375939023	0.00331177397486	0.000109934405805	0.000352706218623	2.29030012093e-05	4.12254021767e-05	0	0.00682967496061	8.70314045953e-05	0.000105353805563	0.000192385210158	0	9.16120048371e-06	6.87090036278e-05	0.0010397962549	0.000160321008465	0.000957345450548	0.000224449411851	0	1.37418007256e-05	5.03866026604e-05	0.000581736230716	0.0233656418337	0.00372860859687	0	6.87090036278e-05	0.0011817948624	0.00192843270182	0	4.58060024186e-06	0	0	0	0	0	4.58060024186e-06	0	5.49672029023e-05	0	0	0	0	0	0	9.16120048371e-06	0	0	0	0	0	2.74836014511e-05	4.58060024186e-06	2.29030012093e-05	0	0	0	0	0	0	0	0	0	4.58060024186e-06	0.000874894646194	0.000132837407014	0.000916120048371	0.000206127010884	0.00056799442999	0.000174062809191	0	3.66448019348e-05	4.58060024186e-06	4.58060024186e-06	0	4.58060024186e-06	0	0
0.00367822199421	7.78702041115e-05	0.000618381032651	0	0.000132837407014	1.83224009674e-05	0.000311480816446	0.0110071823812	0.000916120048371	0.000783282641357	0.000439737623218	1.83224009674e-05	5.95478031441e-05	0	0.000966506651032	0.000105353805563	0.00157114588296	0.000696251236762	4.58060024186e-06	5.95478031441e-05	8.24508043534e-05	0.014602953571	0.00158946828392	0.00605555351973	0.00188720729964	4.58060024186e-06	4.12254021767e-05	0.000650445234344	0.00551962329144	0.00372860859687	0.0415689471948	0	0	0.00069167063652	0.00696709296786	2.74836014511e-05	4.12254021767e-05	1.37418007256e-05	0	0	0	9.16120048371e-06	6.4128403386e-05	9.16120048371e-06	0.000229030012093	1.83224009674e-05	0	9.16120048371e-06	0	1.83224009674e-05	0	5.49672029023e-05	0	0	0	4.58060024186e-06	2.74836014511e-05	0.0001969658104	5.95478031441e-05	0.00012367620653	0	4.58060024186e-06	5.49672029023e-05	8.70314045953e-05	2.29030012093e-05	4.58060024186e-05	0	0	9.16120048371e-06	3.66448019348e-05	0.00296822895672	0.00109934405805	0.00268881234197	0.00120927846385	0.000545091428781	5.03866026604e-05	0	0.00012367620653	1.83224009674e-05	3.2064201693e-05	1.83224009674e-05	1.83224009674e-05	4.58060024186e-06	0
0	0	0	0	0	0	0	0	0	0	0	0.000325222617172	0	0.000861152845469	0	0	0	4.58060024186e-06	1.37418007256e-05	4.58060024186e-06	0	0	0	0	0	5.95478031441e-05	0.00107186045659	0.000242771812818	0	0	0	0.00127340686724	0	0	4.58060024186e-06	0	0	0	0	0	0	0	0	0	0	0	0	0	4.58060024186e-06	0	0	0	0	0	0	0	0	0	0	0	9.16120048371e-06	0	4.58060024186e-06	0	0	0	0	0	0	0	4.58060024186e-06	2.29030012093e-05	1.83224009674e-05	4.58060024186e-06	0	0	0	0	4.58060024186e-06	0	0	0	0	0
4.58060024186e-06	0	0	0	0	0.000549672029023	0.000595478031441	0	0.000622961632892	0	0	0	0	0	0.000279416614753	0	0	0	0	0	0	0	0	0	0	0	0	0	0	6.87090036278e-05	0	0	0.00109018285756	0	5.49672029023e-05	0	0	0	0	0	0	0	0	0	0	0	0	0	0	0	0	0	0	0	0	0	0	0	0	0	0	0	0	0	0	0	0	0	0	0	1.37418007256e-05	0	2.74836014511e-05	4.58060024186e-06	1.83224009674e-05	3.2064201693e-05	0	0	0	0	0	0	0	0
0.00032064201693	0	2.29030012093e-05	0	0	4.58060024186e-06	6.87090036278e-05	0.000229030012093	0.000114515006046	4.58060024186e-05	3.2064201693e-05	4.58060024186e-06	4.58060024186e-06	0	0.000155740408223	2.29030012093e-05	9.16120048371e-05	2.74836014511e-05	0	0	9.16120048371e-06	0.000384770420316	9.16120048371e-05	0.000238191212576	5.03866026604e-05	0	0	2.74836014511e-05	0.000174062809191	0.0011817948624	0.00069167063652	0	0	0.00268881234197	0.000783282641357	0	0	0	0	0	0	0	0	0	1.37418007256e-05	0	0	0	0	0	0	9.16120048371e-06	0	0	0	0	0	1.83224009674e-05	0	9.16120048371e-06	0	0	0	4.58060024186e-06	0	0	0	0	0	0	0.000412254021767	7.32896038697e-05	0.000453479423944	0.0001969658104	0.000105353805563	2.29030012093e-05	0	9.16120048371e-06	0	4.58060024186e-06	4.58060024186e-06	0	0	0
0.0010397962549	0.000870314045953	0.00330261277438	0	3.2064201693e-05	0.000508446626846	0.00179559529481	0.00159862948441	0.0020246253069	0.000224449411851	0.000169482208949	0.00535014108249	5.03866026604e-05	0.000283997214995	0.00131005166917	0.000265674814028	0.00113598885998	0.00811682362857	0.000256513613544	0.00499285426362	3.2064201693e-05	0.00814888783026	0.00147037267764	0.00911539448129	0.000545091428781	0.0003939316208	0.00401260581187	0.00360493239034	0.0011817948624	0.00192843270182	0.00696709296786	4.58060024186e-06	5.49672029023e-05	0.000783282641357	0.0475832753124	0	0.000485543625637	0.000105353805563	0	0	0	0	1.37418007256e-05	0	6.4128403386e-05	0	3.66448019348e-05	0	2.74836014511e-05	0	4.58060024186e-06	9.6192605079e-05	1.83224009674e-05	4.58060024186e-06	9.16120048371e-06	4.58060024186e-06	3.66448019348e-05	0.000265674814028	0.000114515006046	4.12254021767e-05	0.00012367620653	0.000114515006046	0.000338964417897	3.2064201693e-05	9.16120048371e-06	2.74836014511e-05	4.58060024186e-06	0	4.58060024186e-06	7.78702041115e-05	0.0081534684305	0.00626168053062	0.0219273333578	0.00630290593279	0.00135585767159	0.00064128403386	0.000169482208949	0.000430576422734	0.000105353805563	7.32896038697e-05	5.95478031441e-05	4.58060024186e-06	9.16120048371e-06	0
4.58060024186e-06	4.58060024186e-06	4.58060024186e-06	0	4.58060024186e-06	0	0	4.12254021767e-05	0	5.49672029023e-05	0	0	0	0	0	0	9.16120048371e-06	0	0	0	0	9.16120048371e-06	1.83224009674e-05	2.29030012093e-05	2.29030012093e-05	0	0	0	1.83224009674e-05	0	2.74836014511e-05	0	0	0	0	0.0147999193814	2.74836014511e-05	0.000105353805563	0	6.87090036278e-05	4.58060024186e-06	0.00113598885998	0.00482337205467	0.00197881930448	0.000352706218623	0.000746637839422	9.16120048371e-06	0.000526769027813	4.58060024186e-06	0.0055379456924	4.12254021767e-05	0.000151159807981	3.2064201693e-05	0	0	0.000279416614753	0.000329803217414	9.6192605079e-05	0.000471801824911	0.000801605042325	0	1.37418007256e-05	7.32896038697e-05	0.000723734838213	0.00654109714537	0.00453479423944	0	4.12254021767e-05	0.0010397962549	0.00198798050497	4.58060024186e-06	4.58060024186e-06	0	0	4.58060024186e-06	0	0	0.000499285426362	0.000132837407014	0.000856572245227	0.000229030012093	0.000485543625637	6.4128403386e-05	0
0	0.00117721426216	0.000879475246436	0	0	0	0	4.58060024186e-06	0	9.16120048371e-06	0	0.00032064201693	0	5.03866026604e-05	0	0	3.2064201693e-05	0.000448898823702	5.49672029023e-05	0.000361867419107	0	7.78702041115e-05	0.000503866026604	0.000261094213786	4.58060024186e-06	0.000242771812818	0.00121385906409	0.00165817728755	1.37418007256e-05	4.58060024186e-06	4.12254021767e-05	0	0	0	0.000485543625637	2.74836014511e-05	0.0203882516765	0.00262010333834	0	0	0	0	9.16120048371e-06	0	2.29030012093e-05	0	0.000549672029023	0	0.00032064201693	1.83224009674e-05	0	0.000192385210158	0.000755799039906	0.000210707611125	0.000833669244018	0	0.000137418007256	0.00130089046869	0.000989409652241	2.74836014511e-05	0.00311480816446	0.0049470482612	0.013237934699	1.37418007256e-05	3.2064201693e-05	0.000100773205321	2.74836014511e-05	0	1.37418007256e-05	0.000742057239181	0.000151159807981	0.00162153248562	0.000352706218623	0.000100773205321	1.37418007256e-05	9.16120048371e-06	4.58060024186e-06	0.000448898823702	0.00139708307377	0.000806185642567	0.000297739015721	0	1.37418007256e-05	2.29030012093e-05
0	0.000238191212576	0.000270255414269	0	0	0	0	0	0	4.58060024186e-06	0	9.16120048371e-06	0	4.58060024186e-06	0	4.58060024186e-06	4.58060024186e-05	0.000128256806772	0	4.12254021767e-05	0	3.2064201693e-05	0.000297739015721	0.000137418007256	9.16120048371e-06	4.58060024186e-06	0.000128256806772	0.000403092821283	9.16120048371e-06	0	1.37418007256e-05	0	0	0	0.000105353805563	0.000105353805563	0.00262010333834	0.0349453992451	0	4.58060024186e-06	0	4.12254021767e-05	0.000297739015721	0	4.12254021767e-05	2.29030012093e-05	0.000329803217414	2.29030012093e-05	6.4128403386e-05	4.58060024186e-05	4.58060024186e-06	0.00096192605079	0.00471801824911	8.70314045953e-05	0.00131463226941	1.37418007256e-05	0.00257887793616	0.00108560225732	0.0158855216388	0.000155740408223	0.000265674814028	0.0101826743376	0.0134257393089	0.000535930228297	0.000141998607498	0.00154366228151	4.58060024186e-06	0	0.000109934405805	0.00344919198212	9.6192605079e-05	0.000293158415479	5.95478031441e-05	0	9.16120048371e-06	0	0	0.00242313752794	0.00437905383121	0.00363699659203	0.00164443548683	5.95478031441e-05	9.16120048371e-05	5.49672029023e-05
0	0	0	0	0	0	0	0	0	0	0	0	0	0	0	0	0	0	0	0	0	0	0	0	0	0	0	0	0	0	0	0	0	0	0	0	0	0	0	0	0	0	0	0	0	0	0	0	0	0	0	0	0	0	0	0	0	0	0	0	0	0	0	0	0	0	0	0	0	0	0	0	0	0	0	0	0	0	0	0	0	0	0	0
0	0	0	0	0.000119095606288	0	0	1.37418007256e-05	0	2.74836014511e-05	1.83224009674e-05	0	4.58060024186e-06	0	0	0	4.58060024186e-06	0	0	0	9.16120048371e-06	0	9.16120048371e-06	0	2.29030012093e-05	0	0	0	4.58060024186e-05	0	0	0	0	0	0	6.87090036278e-05	0	4.58060024186e-06	0	0.0107231851662	0	0.00049470482612	0.000224449411851	6.4128403386e-05	0.000219868811609	0.00306900216204	0	0.00256513613544	0	7.78702041115e-05	1.37418007256e-05	1.37418007256e-05	0	0	0	0.00824966103558	9.16120048371e-06	9.16120048371e-06	9.16120048371e-06	0.00354080398695	0	0	0	0.00160779068489	8.70314045953e-05	7.78702041115e-05	0	0	3.66448019348e-05	6.87090036278e-05	0	0	0	0	0	0	0	3.2064201693e-05	4.58060024186e-06	3.2064201693e-05	0	7.78702041115e-05	4.58060024186e-06	0
0	0	0	0	0	0	0	0	0	0	0	0	0	0	0	0	0	0	0	0	0	0	0	0	0	0	0	0	0	0	0	0	0	0	0	4.58060024186e-06	0	0	0	0	0.00295906775624	0.000311480816446	0	0.000906958847887	0	4.58060024186e-06	0	0	0	0.00024735241306	0.00037102861959	0	0	0	0	4.58060024186e-06	0	0	0	0	0	0	0	0	0.000174062809191	9.16120048371e-06	0	0.00119553666312	4.58060024186e-06	0.000302319615962	0	0	0	0	0	0	0	9.16120048371e-06	0	3.2064201693e-05	4.58060024186e-06	0.00115889186119	0.000769540840632	0
4.58060024186e-06	0	0	0	0	0	0	9.16120048371e-06	0	1.83224009674e-05	0	0	2.74836014511e-05	0	0	0	0	0	0	0	0	0	4.58060024186e-06	0	4.58060024186e-06	0	0	0	4.58060024186e-06	0	9.16120048371e-06	0	0	0	0	0.00113598885998	0	4.12254021767e-05	0	0.00049470482612	0.000311480816446	0.0304014438052	0.00172688629118	0.00527227087838	0.000219868811609	0.0105628641577	4.58060024186e-06	0.00811682362857	0	0.00316061416688	0.00191927150134	3.66448019348e-05	0	0	0	0.00209333431053	8.24508043534e-05	1.83224009674e-05	9.6192605079e-05	0.00147037267764	0	9.16120048371e-06	4.58060024186e-06	0.000389351020558	0.00195133570303	0.000563413829748	0	0.000522188427572	0.000261094213786	0.00148411447836	4.58060024186e-06	4.58060024186e-06	4.58060024186e-06	0	0	0	0	0.000256513613544	4.12254021767e-05	0.000545091428781	0.000100773205321	0.00327054857268	0.000242771812818	4.58060024186e-06
2.29030012093e-05	0	0	0	0	0	0	7.32896038697e-05	9.16120048371e-06	0.000251933013302	4.58060024186e-06	0	9.16120048371e-06	0	9.16120048371e-06	0	3.66448019348e-05	9.16120048371e-06	0	0	0	4.12254021767e-05	0.000109934405805	5.49672029023e-05	0.000178643409432	0	0	4.58060024186e-06	8.70314045953e-05	4.58060024186e-06	6.4128403386e-05	0	0	0	1.37418007256e-05	0.00482337205467	9.16120048371e-06	0.000297739015721	0	0.000224449411851	0	0.00172688629118	0.0329024515372	0.00113598885998	0.00117263366192	0.00368738319469	0	0.00100315145297	0	0.00215746271391	6.87090036278e-05	0.000916120048371	3.66448019348e-05	0	4.58060024186e-06	0.000916120048371	0.00124592326578	0.000398512221041	0.00161237128513	0.00411337901719	0	2.29030012093e-05	0.000201546410642	0.0093352632929	0.00305984096156	0.00997654732676	0	9.16120048371e-06	0.000925281248855	0.00203836710763	1.37418007256e-05	1.37418007256e-05	0	0	4.58060024186e-06	0	0	0.00083824984426	0.000274836014511	0.00111766645901	0.0003939316208	0.000389351020558	7.32896038697e-05	0
0	0	0	0	0	0	0	4.58060024186e-06	0	0	0	0	0	0	0	0	0	0	0	0	0	0	4.58060024186e-06	0	1.37418007256e-05	0	0	0	4.58060024186e-06	0	9.16120048371e-06	0	0	0	0	0.00197881930448	0	0	0	6.4128403386e-05	0.000906958847887	0.00527227087838	0.00113598885998	0.0264804499982	0.000100773205321	0.0023635897248	1.37418007256e-05	0.000618381032651	0	0.0147999193814	0.000160321008465	5.03866026604e-05	0	0	0	0.000279416614753	5.95478031441e-05	3.66448019348e-05	0.000105353805563	0.000416834622009	0	4.58060024186e-06	9.16120048371e-06	0.000183224009674	0.00508446626846	0.000586316830958	0	0.00296822895672	0.000384770420316	0.00305067976108	4.58060024186e-06	4.58060024186e-06	4.58060024186e-06	0	0	0	0	0.000311480816446	6.4128403386e-05	0.000934442449339	0.000201546410642	0.00107644105684	0.000902378247646	0
