0.0259004299155	7.53576663238e-06	0.00477390816161	0	0.00015825109928	0.000101732849537	0.000211001465707	0.0064242410541	0.00377165119951	3.76788331619e-05	8.66613162724e-05	0.000124340149434	0	0	0.0145930120836	0.000116804382802	7.53576663238e-06	0.00113413287817	3.01430665295e-05	3.76788331619e-05	0	0.00207610370722	7.53576663238e-06	0.00642800893742	0.000621700747171	0	0.00142425989352	0.0013262949273	0.00423886873071	0.0165146325749	0.0149622646486	0	1.88394165809e-05	0.00437828041341	0.00119818689455	0	0	3.76788331619e-06	0	7.912554964e-05	0	1.88394165809e-05	4.89824831105e-05	6.0286133059e-05	0.000252448182185	4.89824831105e-05	2.26072998971e-05	7.53576663238e-06	2.26072998971e-05	1.88394165809e-05	0	0	0	0	0	0	0	4.14467164781e-05	3.01430665295e-05	0.000312734315244	0	0	0.000124340149434	8.28934329562e-05	3.76788331619e-06	0	0	0	0	2.63751832133e-05	0.000327805848508	1.88394165809e-05	0.000486056947788	5.27503664267e-05	0.000493592714421	4.89824831105e-05	1.88394165809e-05	0.000105500732853	3.01430665295e-05	3.39109498457e-05	7.53576663238e-06	2.26072998971e-05	0	0
7.53576663238e-06	0.0187753625646	0.000116804382802	0	1.50715332648e-05	0	3.76788331619e-06	1.13036499486e-05	1.13036499486e-05	0.00203088910743	1.13036499486e-05	0.000433306581362	1.50715332648e-05	0.000399395631516	6.0286133059e-05	1.13036499486e-05	0.000229840882288	0.000135643799383	2.63751832133e-05	0.000180858399177	7.53576663238e-06	4.89824831105e-05	0.00353050666727	0.000184626282493	0.0011642759447	0.00215522925686	0.0032592190685	0.0146043157336	7.15897830076e-05	0.000105500732853	3.39109498457e-05	0.000109268616169	3.76788331619e-06	3.01430665295e-05	0.000218537232339	3.76788331619e-06	0.00794646591384	0.000259983948817	0	3.76788331619e-06	0	1.13036499486e-05	1.13036499486e-05	0	9.79649662209e-05	1.50715332648e-05	2.26072998971e-05	1.50715332648e-05	9.79649662209e-05	3.76788331619e-06	0	0.000169554749229	0.000305198548611	0	3.39109498457e-05	1.13036499486e-05	1.13036499486e-05	0.000881684695988	0.000165786865912	8.66613162724e-05	9.41970829047e-05	0.000452145997943	0.00934058274083	1.50715332648e-05	1.13036499486e-05	3.76788331619e-06	0	0	3.76788331619e-06	8.28934329562e-05	0.000655611697017	0.000798791263032	0.000113036499486	1.88394165809e-05	2.26072998971e-05	0	3.76788331619e-06	0.000263751832133	8.66613162724e-05	0.000113036499486	1.50715332648e-05	1.13036499486e-05	7.53576663238e-06	1.88394165809e-05
0.00477390816161	0.000116804382802	0.0562431942608	0	1.13036499486e-05	7.53576663238e-06	0.000124340149434	4.52145997943e-05	0.00126977667756	0.000188394165809	7.53576663238e-06	6.78218996914e-05	1.88394165809e-05	3.76788331619e-06	0.00471362202855	2.63751832133e-05	0.000154483215964	0.00880177542662	3.76788331619e-06	0.00124716937766	2.26072998971e-05	0.00262244678807	0.000376788331619	0.0239448984744	0.000376788331619	3.39109498457e-05	0.0111077200161	0.0275017803249	0.000836470096194	0.00615295345534	0.00726824691693	0	7.53576663238e-06	0.00238883802246	0.00167294019239	0	0.000211001465707	0.00269403657108	0	7.53576663238e-06	0	6.0286133059e-05	1.88394165809e-05	1.88394165809e-05	9.04291995885e-05	2.26072998971e-05	0.000150715332648	6.40540163752e-05	6.0286133059e-05	2.63751832133e-05	0	0.00295025263658	0.000795023379716	1.88394165809e-05	0.000399395631516	3.76788331619e-05	0.000331573731825	0.00480405122814	0.00455537092927	0.000120572266118	0	0.0010474715619	0.00907306302538	3.39109498457e-05	1.13036499486e-05	1.50715332648e-05	0	0	1.50715332648e-05	0.000195929932442	0.00288243073688	0.00103616791195	0.00135643799383	0.000813862796297	8.66613162724e-05	4.52145997943e-05	7.53576663238e-06	0.00151845697642	0.000644308047068	0.000327805848508	0.000113036499486	6.0286133059e-05	2.26072998971e-05	0
0	0	0	0	0	0	0	0	0	0	0	0	0	0	0	0	0	0	0	0	0	0	0	0	0	0	0	0	0	0	0	0	0	0	0	0	0	0	0	0	0	0	0	0	0	0	0	0	0	0	0	0	0	0	0	0	0	0	0	0	0	0	0	0	0	0	0	0	0	0	0	0	0	0	0	0	0	0	0	0	0	0	0	0
0.00015825109928	1.50715332648e-05	1.13036499486e-05	0	0.0271325277599	1.13036499486e-05	0.00256592853833	0.00295778840321	0.00256216065501	0.00388468769899	0.00028635913203	0.000640540163752	0.00485680159457	3.01430665295e-05	0.00245665992216	0.00369252564987	0	0	0.000135643799383	0.000169554749229	0.00692913741847	1.13036499486e-05	3.76788331619e-06	1.88394165809e-05	0.0175508004868	7.53576663238e-06	0.000557646730796	9.04291995885e-05	0.00788241189747	0.00385831251578	7.53576663238e-06	7.53576663238e-06	1.50715332648e-05	0.000218537232339	0.00316878986892	3.76788331619e-06	7.53576663238e-06	7.53576663238e-06	0	0.00999242655453	0	0.00232855188941	8.66613162724e-05	0.000350413148406	0.00611527462218	0.00473246144513	6.78218996914e-05	0.00357948915038	3.01430665295e-05	0.000233608765604	5.65182497428e-05	0	7.53576663238e-06	0	1.50715332648e-05	0.00799544839695	0	2.26072998971e-05	2.26072998971e-05	0.00564428920765	3.76788331619e-06	3.39109498457e-05	3.39109498457e-05	0.00156743945953	7.53576663238e-05	0	0	0	0	0.000109268616169	0.000354181031722	0.000173322632545	0.00250941028858	0.000813862796297	0.00106254309517	4.89824831105e-05	0.000184626282493	0.000124340149434	4.89824831105e-05	0.000293894898663	0.000422002931413	0.000252448182185	0.000448378114627	1.50715332648e-05
0.000101732849537	0	7.53576663238e-06	0	1.13036499486e-05	0.00747924838264	0.00324037965192	0.000327805848508	0.0020723358239	6.78218996914e-05	3.01430665295e-05	3.01430665295e-05	3.76788331619e-06	0	0.000802559146348	0.00293894898663	0	1.13036499486e-05	7.53576663238e-06	4.52145997943e-05	3.76788331619e-06	2.26072998971e-05	0	0.000101732849537	0.000501128481053	0	6.40540163752e-05	2.63751832133e-05	5.27503664267e-05	0.00124340149434	0.000380556214935	0	0.00213262195696	0.000629236513804	0.00119441901123	0	0	0	0	4.89824831105e-05	0	3.76788331619e-06	7.53576663238e-06	1.13036499486e-05	6.40540163752e-05	1.88394165809e-05	0	3.76788331619e-06	0	3.76788331619e-06	3.76788331619e-06	3.76788331619e-06	0	0	0	1.88394165809e-05	0	0	3.76788331619e-06	5.27503664267e-05	0	0	0	2.63751832133e-05	3.76788331619e-06	0	0	0	0	0	0.0020007460409	3.01430665295e-05	0.000384324098251	7.53576663238e-05	0.00424263661403	0.000813862796297	3.76788331619e-06	3.76788331619e-06	0	0	0	0	3.76788331619e-06	0
0.000211001465707	3.76788331619e-06	0.000124340149434	0	0.00256592853833	0.00324037965192	0.0387225368405	0.00488317677778	0.0161981303763	0.000787487613084	0.00680102938572	0.000697058413495	0.00803312723012	3.76788331619e-06	0.0037226687164	0.00787864401415	3.76788331619e-06	0	0.000139411682699	3.01430665295e-05	0.00288996650352	3.76788331619e-05	3.76788331619e-06	3.39109498457e-05	0.00266389350455	7.53576663238e-06	0.000324037965192	0.000146947449331	0.00518837532639	0.00634134762115	0.000199697815758	0	0.00185003070825	0.000414467164781	0.0061906322885	3.76788331619e-06	3.76788331619e-06	0	0	0.000648075930385	6.0286133059e-05	0.000561414614112	4.14467164781e-05	0.00028635913203	0.000821398562929	0.000708362063444	0	0.000501128481053	0	0.000241144532236	1.13036499486e-05	3.76788331619e-06	0	0	0	0.00076111242987	0	3.76788331619e-06	3.76788331619e-06	0.000452145997943	0	3.76788331619e-06	1.50715332648e-05	0.000143179566015	2.26072998971e-05	0	0	7.53576663238e-06	0	1.13036499486e-05	0.00190278107468	0.000674451113598	0.00428785121382	0.00122079419445	0.00320646870208	0.000256216065501	0.000877916812672	4.14467164781e-05	0	0.000139411682699	0.000644308047068	0.000388091981568	0.000640540163752	0
0.0064242410541	1.13036499486e-05	4.52145997943e-05	0	0.00295778840321	0.000327805848508	0.00488317677778	0.0429425661546	0.00961940610623	0.000689522646863	0.00638656222094	0.00125470514429	0.000259983948817	1.88394165809e-05	0.0107573068677	0.0016767080757	3.76788331619e-06	0	0.000312734315244	0.000391859864884	0.000192162049126	0.000214769349023	3.76788331619e-06	0.00023737664892	0.00364354316676	7.53576663238e-06	0.00119441901123	0.000105500732853	0.0266050240956	0.00955911997317	0.00501505269385	0	7.912554964e-05	0.00503012422711	0.00491708772763	1.50715332648e-05	0	0	0	0.00313111103575	0	0.000640540163752	0.000825166446245	0.00052373578095	0.0044913169129	0.00152599274306	0.000120572266118	0.000504896364369	5.27503664267e-05	0.000467217531207	3.01430665295e-05	1.13036499486e-05	0	3.76788331619e-06	2.63751832133e-05	0.00146570661	0	7.53576663238e-06	0	0.0048869446611	0	4.89824831105e-05	4.14467164781e-05	0.00151845697642	0.000297662781979	0	0	0	0	9.79649662209e-05	0.000806327029665	6.0286133059e-05	0.0035380424339	0.000550110964164	0.00131499127735	1.13036499486e-05	4.14467164781e-05	0.000135643799383	6.0286133059e-05	0.000331573731825	0.000305198548611	0.000222305115655	0.000297662781979	7.53576663238e-06
0.00377165119951	1.13036499486e-05	0.00126977667756	0	0.00256216065501	0.0020723358239	0.0161981303763	0.00961940610623	0.0458476041914	0.000357948915038	0.00541821620868	0.000621700747171	0.000606629213907	1.50715332648e-05	0.0187828983312	0.00218914020671	2.63751832133e-05	1.88394165809e-05	0.000120572266118	7.53576663238e-06	0.000429538698046	0.000493592714421	7.53576663238e-06	0.00228710517293	0.00307082490269	3.76788331619e-06	0.0007912554964	0.000493592714421	0.00941594040716	0.0103993579527	0.00384700886583	1.13036499486e-05	0.00320646870208	0.0007912554964	0.00451769209611	4.52145997943e-05	1.13036499486e-05	1.13036499486e-05	0	0.0013489022272	3.76788331619e-06	0.000271287598766	0.000339109498457	0.000519967897634	0.00278823365398	0.000945738712364	9.04291995885e-05	0.00068198688023	0.000101732849537	0.000199697815758	1.50715332648e-05	7.53576663238e-06	0	0	3.76788331619e-06	0.000753576663238	0	1.13036499486e-05	7.53576663238e-06	0.00327052271845	0	1.13036499486e-05	5.65182497428e-05	0.00125093726097	6.0286133059e-05	0	0	0	0	0.000146947449331	0.00322530811866	0.000742273013289	0.00451769209611	0.000772416079819	0.00175206574203	0.00071212994676	0.000787487613084	0.000482289064472	9.04291995885e-05	0.000180858399177	3.39109498457e-05	0.000101732849537	3.39109498457e-05	1.50715332648e-05
3.76788331619e-05	0.00203088910743	0.000188394165809	0	0.00388468769899	6.78218996914e-05	0.000787487613084	0.000689522646863	0.000357948915038	0.0177655698358	3.01430665295e-05	5.27503664267e-05	0.00246419568879	7.53576663238e-06	0.000271287598766	0.00283344825377	0.000599093447274	2.26072998971e-05	3.76788331619e-06	4.89824831105e-05	0.00126977667756	1.50715332648e-05	0.00224189057313	0.000101732849537	0.0079351622639	0.000312734315244	0.000188394165809	0.00177844092524	0.00157120734285	0.000580254030693	0.000146947449331	1.50715332648e-05	1.88394165809e-05	0.000275055482082	0.000923131412466	6.40540163752e-05	3.39109498457e-05	1.88394165809e-05	0	0.00438204829673	0	0.00139788471031	0.000173322632545	0.000116804382802	0.00725317538366	0.00206480005727	7.53576663238e-06	0.00186510224151	1.88394165809e-05	8.28934329562e-05	5.27503664267e-05	4.89824831105e-05	0	0	3.76788331619e-06	0.00394497383205	7.53576663238e-06	0.000184626282493	1.88394165809e-05	0.00531271547583	3.76788331619e-06	1.50715332648e-05	4.52145997943e-05	0.000738505129973	4.89824831105e-05	8.28934329562e-05	0	0	3.76788331619e-06	1.88394165809e-05	0.000542575197531	0.000211001465707	0.000282591248714	7.15897830076e-05	0.00258100007159	0	3.01430665295e-05	0.000403163514832	6.0286133059e-05	3.39109498457e-05	7.53576663238e-06	2.26072998971e-05	0	0
8.66613162724e-05	1.13036499486e-05	7.53576663238e-06	0	0.00028635913203	3.01430665295e-05	0.00680102938572	0.00638656222094	0.00541821620868	3.01430665295e-05	0.02051989254	0.00112282922822	0.00138658106036	7.53576663238e-06	0.00346645265089	0.00140165259362	0	3.76788331619e-06	0.000305198548611	9.41970829047e-05	0.000361716798354	0	0	4.14467164781e-05	0.00031650219856	1.88394165809e-05	0.00063300439712	6.40540163752e-05	0.00619440017182	0.00360963221691	3.76788331619e-06	0	0.000342877381773	3.76788331619e-05	0.00162018982596	0	0	0	0	3.01430665295e-05	0	0	0	0	6.78218996914e-05	3.01430665295e-05	7.53576663238e-06	2.63751832133e-05	0	0	0	0	0	0	0	4.14467164781e-05	0	0	0	5.27503664267e-05	0	2.26072998971e-05	3.76788331619e-06	1.13036499486e-05	0	0	0	0	0	0	0.000139411682699	5.27503664267e-05	0.000629236513804	4.52145997943e-05	5.65182497428e-05	1.13036499486e-05	3.39109498457e-05	0	0	0	0	0	0	0
0.000124340149434	0.000433306581362	6.78218996914e-05	0	0.000640540163752	3.01430665295e-05	0.000697058413495	0.00125470514429	0.000621700747171	5.27503664267e-05	0.00112282922822	0.0280405876391	0.00151092120979	0.0041182964646	0.00559530672454	7.15897830076e-05	6.40540163752e-05	0.000150715332648	0.00563675344102	0.002490570872	0.00176713727529	4.14467164781e-05	6.40540163752e-05	0.000124340149434	0.000844005862826	0.000542575197531	0.0107648426344	0.00129238397745	0.00179728034182	0.0101958922536	0.00015825109928	0.000478521181156	0.000779951846451	0.000655611697017	0.0125847302761	7.53576663238e-06	7.53576663238e-06	7.53576663238e-06	0	4.89824831105e-05	3.76788331619e-06	4.52145997943e-05	0.000109268616169	8.66613162724e-05	0.000346645265089	6.40540163752e-05	0.000568950380745	7.15897830076e-05	0.000440842347994	4.89824831105e-05	0	2.26072998971e-05	0	3.76788331619e-06	3.76788331619e-06	4.14467164781e-05	3.76788331619e-06	0.000165786865912	3.76788331619e-06	0.000301430665295	0.000512432131002	0.000222305115655	7.53576663238e-05	0.000105500732853	3.01430665295e-05	0	0	7.53576663238e-06	0	0.000116804382802	0.00133759857725	0.00196683509105	0.00495476656079	8.66613162724e-05	0.000109268616169	7.53576663238e-06	0.000331573731825	0.000139411682699	0.000214769349023	9.41970829047e-05	1.50715332648e-05	3.01430665295e-05	4.14467164781e-05	0.000459681764575
0	1.50715332648e-05	1.88394165809e-05	0	0.00485680159457	3.76788331619e-06	0.00803312723012	0.000259983948817	0.000606629213907	0.00246419568879	0.00138658106036	0.00151092120979	0.0280971058888	0.000105500732853	0.00201204969085	0.00673320748603	2.63751832133e-05	0	0.000452145997943	0.000101732849537	0.0120346193119	3.76788331619e-06	3.76788331619e-06	1.50715332648e-05	0.00420118989755	1.88394165809e-05	0.000941970829047	0.000135643799383	0.00136020587714	0.00656742062012	0	1.88394165809e-05	0.000139411682699	0.000173322632545	0.00674451113598	3.76788331619e-06	1.88394165809e-05	1.13036499486e-05	0	0.000704594180127	6.40540163752e-05	0.00368122199992	6.40540163752e-05	0.000746040896606	0.000768648196503	0.00177467304193	0.000749808779922	0.00512432131002	0.000640540163752	0.000501128481053	7.15897830076e-05	6.0286133059e-05	1.88394165809e-05	0	1.13036499486e-05	0.00214769349023	1.13036499486e-05	7.912554964e-05	4.89824831105e-05	0.000357948915038	4.14467164781e-05	0.000105500732853	0.000120572266118	0.000184626282493	0.000180858399177	0	0	7.53576663238e-06	3.76788331619e-06	0.00114543652812	0.000810094912981	0.000629236513804	0.0047249256785	0.00119065112792	0.00149584967653	0	0.00094950659568	0.000599093447274	0.00071212994676	0.00169177960897	0.000881684695988	0.00181988764172	0.000934435062415	0.000143179566015
0	0.000399395631516	3.76788331619e-06	0	3.01430665295e-05	0	3.76788331619e-06	1.88394165809e-05	1.50715332648e-05	7.53576663238e-06	7.53576663238e-06	0.0041182964646	0.000105500732853	0.0198266020098	5.27503664267e-05	0	1.50715332648e-05	0	0.000184626282493	9.41970829047e-05	1.50715332648e-05	0	2.63751832133e-05	7.53576663238e-06	5.27503664267e-05	0.0043519052302	0.00310096796922	0.00792009073063	2.63751832133e-05	0.000124340149434	3.76788331619e-06	0.0026299825547	3.01430665295e-05	2.26072998971e-05	0.000320270081876	0	0.000143179566015	1.50715332648e-05	0	2.63751832133e-05	3.76788331619e-06	0.000422002931413	1.50715332648e-05	0.000162018982596	7.53576663238e-05	0.000124340149434	0.00238883802246	0.000335341615141	0.00544459139189	0.000143179566015	1.88394165809e-05	1.50715332648e-05	0	0	7.912554964e-05	9.41970829047e-05	0	7.912554964e-05	1.50715332648e-05	0.000101732849537	0.00243782050557	0.000697058413495	0.000308966431928	2.63751832133e-05	4.89824831105e-05	7.53576663238e-06	3.76788331619e-06	1.13036499486e-05	0	0.00113413287817	0.000293894898663	0.00121325842781	0.000542575197531	4.14467164781e-05	3.76788331619e-06	3.76788331619e-06	0.000388091981568	1.13036499486e-05	0.00402033149837	0.000659379580333	0.000233608765604	0.000346645265089	0.000229840882288	0.00110775769496
0.0145930120836	6.0286133059e-05	0.00471362202855	0	0.00245665992216	0.000802559146348	0.0037226687164	0.0107573068677	0.0187828983312	0.000271287598766	0.00346645265089	0.00559530672454	0.00201204969085	5.27503664267e-05	0.0554293314645	0.00110398981164	2.63751832133e-05	0.00100602484542	0.00101356061205	0.000339109498457	0.00228333728961	0.000746040896606	2.63751832133e-05	0.00504142787706	0.0037226687164	6.40540163752e-05	0.00398265266521	0.00171061902555	0.0112282922822	0.0382364798927	0.0125508193262	1.13036499486e-05	0.00315371833565	0.00837600461189	0.0163187026424	0.000139411682699	3.01430665295e-05	7.53576663238e-06	0	0.000422002931413	7.53576663238e-06	0.000139411682699	0.000203465699074	0.000478521181156	0.00232478400609	0.000124340149434	6.0286133059e-05	0.000256216065501	5.27503664267e-05	0.000486056947788	7.53576663238e-06	2.63751832133e-05	0	0	7.53576663238e-06	7.912554964e-05	0	5.27503664267e-05	3.76788331619e-06	0.00255839277169	0	6.78218996914e-05	0.000139411682699	0.00063300439712	0.000105500732853	0	0	0	0	0.000113036499486	0.00400902784843	0.00119818689455	0.007912554964	0.000957042362312	0.00177090515861	0.0003956277482	0.00121702631113	0.000606629213907	6.40540163752e-05	0.000169554749229	0.000105500732853	0.000162018982596	0.000120572266118	3.76788331619e-06
0.000116804382802	1.13036499486e-05	2.63751832133e-05	0	0.00369252564987	0.00293894898663	0.00787864401415	0.0016767080757	0.00218914020671	0.00283344825377	0.00140165259362	7.15897830076e-05	0.00673320748603	0	0.00110398981164	0.0198680487263	0	1.13036499486e-05	3.76788331619e-06	4.52145997943e-05	0.00362847163349	7.912554964e-05	1.13036499486e-05	0.000113036499486	0.00408061763143	3.76788331619e-06	0.000105500732853	0.000105500732853	0.00206103217396	0.0033986307512	0.000727201480025	0	0.000263751832133	0.00234739130599	0.00428785121382	3.76788331619e-05	7.53576663238e-06	3.76788331619e-06	0	0.00100979272874	0	0.000369252564987	0.000188394165809	7.53576663238e-05	0.00230971247282	0.000659379580333	3.76788331619e-06	0.000832702212878	0	6.0286133059e-05	3.39109498457e-05	3.76788331619e-06	0	0	3.76788331619e-06	0.00105500732853	0	0	3.76788331619e-06	0.00114166864481	0	7.53576663238e-06	1.13036499486e-05	0.000301430665295	1.13036499486e-05	0	0	0	0	0	0.00247926722205	0.000218537232339	0.00345514900095	0.000429538698046	0.00729838998346	4.89824831105e-05	0.000143179566015	0.000124340149434	3.76788331619e-06	0	7.53576663238e-06	1.50715332648e-05	7.53576663238e-06	0
7.53576663238e-06	0.000229840882288	0.000154483215964	0	0	0	3.76788331619e-06	3.76788331619e-06	2.63751832133e-05	0.000599093447274	0	6.40540163752e-05	2.63751832133e-05	1.50715332648e-05	2.63751832133e-05	0	0.0180519289679	6.0286133059e-05	0	2.26072998971e-05	3.76788331619e-06	0.00193292414121	0.00305952125275	0.00571587899066	0.00525619722608	4.89824831105e-05	0.00047475329784	0.00368498988323	0.00100225696211	8.28934329562e-05	0.000154483215964	7.53576663238e-06	0	6.40540163752e-05	0.000324037965192	3.76788331619e-06	0.000312734315244	1.88394165809e-05	0	1.50715332648e-05	0	2.26072998971e-05	0.000376788331619	0.000143179566015	0.00227580152298	0.000165786865912	5.65182497428e-05	0.000139411682699	1.50715332648e-05	9.79649662209e-05	1.50715332648e-05	0.00703087026801	1.50715332648e-05	0	2.26072998971e-05	5.27503664267e-05	0.000211001465707	0.00588166585657	0.000327805848508	0.00344761323431	0.000124340149434	5.65182497428e-05	0.00036548468167	0.000648075930385	9.04291995885e-05	0.000150715332648	0	0	7.53576663238e-06	4.14467164781e-05	0.000776183963135	0.000580254030693	0.000241144532236	6.40540163752e-05	7.53576663238e-06	3.76788331619e-05	0	0.00212885407365	0.00071212994676	0.000169554749229	5.65182497428e-05	7.912554964e-05	4.89824831105e-05	3.76788331619e-06
0.00113413287817	0.000135643799383	0.00880177542662	0	0	1.13036499486e-05	0	0	1.88394165809e-05	2.26072998971e-05	3.76788331619e-06	0.000150715332648	0	0	0.00100602484542	1.13036499486e-05	6.0286133059e-05	0.028492733637	0.000331573731825	0.0066088673366	0	0.00483796217799	7.15897830076e-05	0.0113940791482	0.000162018982596	1.50715332648e-05	0.00852295206122	0.00581384395688	0.000787487613084	0.00241898108899	0.00663901040313	0	0	0.00195929932442	0.00380179426604	0	8.66613162724e-05	0.000305198548611	0	0	0	3.76788331619e-06	0	1.13036499486e-05	1.50715332648e-05	7.53576663238e-06	2.63751832133e-05	7.53576663238e-06	0	3.76788331619e-06	0	3.76788331619e-05	0.000501128481053	0	0.000482289064472	7.53576663238e-06	0	4.52145997943e-05	2.26072998971e-05	1.50715332648e-05	0	0.00012810803275	0.000275055482082	0	0	0	0	0	0	3.01430665295e-05	0.000226072998971	0.000885452579305	0.00182742340835	0.00127731244419	3.01430665295e-05	5.65182497428e-05	0	4.89824831105e-05	0.000497360597737	7.53576663238e-05	3.39109498457e-05	1.13036499486e-05	0	0
3.01430665295e-05	2.63751832133e-05	3.76788331619e-06	0	0.000135643799383	7.53576663238e-06	0.000139411682699	0.000312734315244	0.000120572266118	3.76788331619e-06	0.000305198548611	0.00563675344102	0.000452145997943	0.000184626282493	0.00101356061205	3.76788331619e-06	0	0.000331573731825	0.00855309512775	0.00283721613709	0.000599093447274	1.50715332648e-05	7.53576663238e-06	4.14467164781e-05	0.000162018982596	7.53576663238e-06	0.00518837532639	0.000275055482082	0.000448378114627	0.00186887012483	4.89824831105e-05	4.89824831105e-05	6.78218996914e-05	6.0286133059e-05	0.00229840882288	0	3.76788331619e-06	7.53576663238e-06	0	2.26072998971e-05	0	7.53576663238e-06	1.50715332648e-05	1.88394165809e-05	3.39109498457e-05	3.76788331619e-06	3.76788331619e-05	0	5.27503664267e-05	7.53576663238e-06	0	0	0	3.76788331619e-06	3.76788331619e-06	3.76788331619e-06	0	3.76788331619e-06	0	6.0286133059e-05	3.76788331619e-06	1.50715332648e-05	7.53576663238e-06	1.88394165809e-05	0	0	0	0	0	7.53576663238e-06	0.000143179566015	0.000301430665295	0.00129615186077	1.50715332648e-05	2.63751832133e-05	3.76788331619e-06	0	3.76788331619e-06	8.66613162724e-05	1.13036499486e-05	0	0	0	0
3.76788331619e-05	0.000180858399177	0.00124716937766	0	0.000169554749229	4.52145997943e-05	3.01430665295e-05	0.000391859864884	7.53576663238e-06	4.89824831105e-05	9.41970829047e-05	0.002490570872	0.000101732849537	9.41970829047e-05	0.000339109498457	4.52145997943e-05	2.26072998971e-05	0.0066088673366	0.00283721613709	0.0220195100998	0.00020723358239	0.000828934329562	6.78218996914e-05	0.00165033289249	0.000259983948817	9.79649662209e-05	0.0168914209065	0.00439335194668	0.000629236513804	0.00127354456087	0.000749808779922	7.53576663238e-06	0	0.000497360597737	0.00527126875935	1.13036499486e-05	9.04291995885e-05	8.66613162724e-05	0	1.13036499486e-05	0	3.76788331619e-06	1.50715332648e-05	7.53576663238e-06	0.000124340149434	1.13036499486e-05	0.000342877381773	1.13036499486e-05	4.52145997943e-05	1.50715332648e-05	0	4.89824831105e-05	0.000357948915038	1.13036499486e-05	0.000606629213907	1.13036499486e-05	0	0.000116804382802	3.01430665295e-05	6.78218996914e-05	2.63751832133e-05	0.000742273013289	0.000293894898663	3.01430665295e-05	7.53576663238e-06	0	0	0	0	3.39109498457e-05	0.0011642759447	0.00179351245851	0.0014430993101	0.000267519715449	0.000113036499486	3.01430665295e-05	0	0.000165786865912	0.001024864262	0.000131875916067	2.26072998971e-05	0	0	0
0	7.53576663238e-06	2.26072998971e-05	0	0.00692913741847	3.76788331619e-06	0.00288996650352	0.000192162049126	0.000429538698046	0.00126977667756	0.000361716798354	0.00176713727529	0.0120346193119	1.50715332648e-05	0.00228333728961	0.00362847163349	3.76788331619e-06	0	0.000599093447274	0.00020723358239	0.0176826764029	7.53576663238e-06	0	2.63751832133e-05	0.00565182497428	3.01430665295e-05	0.00136397376046	9.79649662209e-05	0.00204596064069	0.00570834322403	3.76788331619e-06	0	6.78218996914e-05	0.000135643799383	0.00631874032125	7.53576663238e-06	3.76788331619e-06	0	0	0.000516200014318	5.27503664267e-05	0.00087038104604	4.14467164781e-05	0.000293894898663	0.000516200014318	0.000410699281465	7.15897830076e-05	0.000546343080847	3.39109498457e-05	0.000278823365398	1.13036499486e-05	7.53576663238e-06	0	0	0	0.000625468630487	3.76788331619e-06	7.53576663238e-06	3.76788331619e-06	0.000636772280436	0	0.000105500732853	7.53576663238e-06	0.000105500732853	4.89824831105e-05	3.76788331619e-06	0	7.53576663238e-06	0	4.52145997943e-05	0.00106254309517	0.000489824831105	0.00480405122814	0.00122079419445	0.000617932863855	5.65182497428e-05	0.000757344546554	3.76788331619e-05	3.39109498457e-05	0.000226072998971	0.0007912554964	0.000452145997943	0.000779951846451	0
0.00207610370722	4.89824831105e-05	0.00262244678807	0	1.13036499486e-05	2.26072998971e-05	3.76788331619e-05	0.000214769349023	0.000493592714421	1.50715332648e-05	0	4.14467164781e-05	3.76788331619e-06	0	0.000746040896606	7.912554964e-05	0.00193292414121	0.00483796217799	1.50715332648e-05	0.000828934329562	7.53576663238e-06	0.0491331984431	0.000354181031722	0.0335153220975	0.000738505129973	1.88394165809e-05	0.00136397376046	0.00178597669187	0.00817253891281	0.00319516505213	0.0148040135493	0	7.53576663238e-06	0.00170308325892	0.00863975644402	0	3.76788331619e-05	3.76788331619e-06	0	1.13036499486e-05	0	0	2.26072998971e-05	1.88394165809e-05	0.000410699281465	4.14467164781e-05	7.53576663238e-06	5.65182497428e-05	0	3.76788331619e-06	3.76788331619e-06	0.0025131781719	0	0	3.76788331619e-06	2.26072998971e-05	0.000222305115655	0.00322154023534	9.04291995885e-05	0.00194422779115	0	1.50715332648e-05	0.000256216065501	0.00100225696211	7.53576663238e-06	4.89824831105e-05	0	0	0	7.53576663238e-06	0.00296532416984	0.00151092120979	0.00710246005102	0.00226449787303	0.000391859864884	0.00084023797951	3.76788331619e-06	0.000327805848508	7.912554964e-05	2.63751832133e-05	4.89824831105e-05	7.53576663238e-06	0	0
7.53576663238e-06	0.00353050666727	0.000376788331619	0	3.76788331619e-06	0	3.76788331619e-06	3.76788331619e-06	7.53576663238e-06	0.00224189057313	0	6.40540163752e-05	3.76788331619e-06	2.63751832133e-05	2.63751832133e-05	1.13036499486e-05	0.00305952125275	7.15897830076e-05	7.53576663238e-06	6.78218996914e-05	0	0.000354181031722	0.0129539828411	0.00138281317704	0.00416351106439	0.000572718264061	0.000565182497428	0.00429538698046	8.66613162724e-05	5.27503664267e-05	1.13036499486e-05	2.63751832133e-05	3.76788331619e-06	2.26072998971e-05	0.000463449647891	0	1.13036499486e-05	3.76788331619e-06	0	0.000154483215964	0	0	0	0	0.000885452579305	0	3.76788331619e-06	3.76788331619e-05	0	0	7.53576663238e-06	0.000501128481053	3.76788331619e-06	0	7.53576663238e-06	0	3.76788331619e-06	0.00151468909311	0.000116804382802	0.000945738712364	7.53576663238e-06	2.26072998971e-05	0.000252448182185	9.04291995885e-05	3.76788331619e-06	3.76788331619e-06	0	0	0	3.76788331619e-06	0.000278823365398	0.000320270081876	0.000101732849537	1.50715332648e-05	1.13036499486e-05	0	0	0.000312734315244	5.65182497428e-05	1.13036499486e-05	3.76788331619e-06	0	0	0
0.00642800893742	0.000184626282493	0.0239448984744	0	1.88394165809e-05	0.000101732849537	3.39109498457e-05	0.00023737664892	0.00228710517293	0.000101732849537	4.14467164781e-05	0.000124340149434	1.50715332648e-05	7.53576663238e-06	0.00504142787706	0.000113036499486	0.00571587899066	0.0113940791482	4.14467164781e-05	0.00165033289249	2.63751832133e-05	0.0335153220975	0.00138281317704	0.0943176551709	0.00112282922822	0.000113036499486	0.0061680249886	0.024024024024	0.00496607021074	0.00784473306431	0.0165485435247	3.76788331619e-06	1.13036499486e-05	0.00142425989352	0.00798414474701	0	0.000267519715449	0.000120572266118	0	2.63751832133e-05	0	3.39109498457e-05	5.27503664267e-05	7.912554964e-05	0.000350413148406	7.53576663238e-05	2.26072998971e-05	0.00012810803275	0	5.65182497428e-05	7.53576663238e-06	0.00875656082682	2.26072998971e-05	0	3.76788331619e-06	4.14467164781e-05	0.000983417545525	0.0129276076578	0.00347022053421	0.00205349640732	1.13036499486e-05	6.40540163752e-05	0.00192538837457	0.00071212994676	2.63751832133e-05	0.000350413148406	0	0	3.76788331619e-06	2.63751832133e-05	0.010557609052	0.00363600740012	0.0122644601942	0.00545589504184	0.00112282922822	0.00205349640732	1.50715332648e-05	0.00170685114223	0.000173322632545	0.000173322632545	0.000180858399177	6.78218996914e-05	1.13036499486e-05	0
0.000621700747171	0.0011642759447	0.000376788331619	0	0.0175508004868	0.000501128481053	0.00266389350455	0.00364354316676	0.00307082490269	0.0079351622639	0.00031650219856	0.000844005862826	0.00420118989755	5.27503664267e-05	0.0037226687164	0.00408061763143	0.00525619722608	0.000162018982596	0.000162018982596	0.000259983948817	0.00565182497428	0.000738505129973	0.00416351106439	0.00112282922822	0.0619515374848	0.000109268616169	0.00133006281061	0.00168424384234	0.0191370793629	0.00651467025369	0.00164279712586	1.88394165809e-05	2.63751832133e-05	0.00271664387097	0.00731346151672	0.00194045990784	0.000233608765604	0.000101732849537	0	0.00656742062012	1.50715332648e-05	0.00164279712586	0.00277316212072	0.00131499127735	0.0227316400466	0.00249810663863	0.000195929932442	0.00177844092524	7.15897830076e-05	0.00163149347591	7.15897830076e-05	0.00020723358239	4.89824831105e-05	3.76788331619e-06	6.78218996914e-05	0.00350036360074	2.26072998971e-05	0.00130745551072	9.04291995885e-05	0.0204897494734	1.50715332648e-05	0.000199697815758	0.00052373578095	0.00297662781979	0.00187263800815	0.000116804382802	0	0	0.000131875916067	0.000380556214935	0.00267519715449	0.00104370367858	0.00396381324863	0.00137150952709	0.00333080885151	0.000150715332648	0.000135643799383	0.00434813734688	0.000538807314215	0.000723433596708	0.000384324098251	0.000233608765604	0.000335341615141	0
0	0.00215522925686	3.39109498457e-05	0	7.53576663238e-06	0	7.53576663238e-06	7.53576663238e-06	3.76788331619e-06	0.000312734315244	1.88394165809e-05	0.000542575197531	1.88394165809e-05	0.0043519052302	6.40540163752e-05	3.76788331619e-06	4.89824831105e-05	1.50715332648e-05	7.53576663238e-06	9.79649662209e-05	3.01430665295e-05	1.88394165809e-05	0.000572718264061	0.000113036499486	0.000109268616169	0.0162923274592	0.00299923511969	0.0119140470458	2.26072998971e-05	8.28934329562e-05	3.76788331619e-06	2.26072998971e-05	3.76788331619e-06	3.76788331619e-06	0.00015825109928	0	0.00349282783411	1.50715332648e-05	0	7.53576663238e-06	0	1.13036499486e-05	7.53576663238e-06	1.13036499486e-05	9.04291995885e-05	3.39109498457e-05	0.00122079419445	4.52145997943e-05	0.00333080885151	7.53576663238e-06	0	0.000109268616169	7.53576663238e-06	1.13036499486e-05	0.000165786865912	2.26072998971e-05	0	0.000346645265089	3.76788331619e-05	9.79649662209e-05	0.00382816944925	0.00261491102144	0.00533532277572	1.50715332648e-05	1.88394165809e-05	3.76788331619e-06	2.63751832133e-05	0	0	0.000263751832133	0.000403163514832	0.000380556214935	6.78218996914e-05	7.53576663238e-06	0	3.76788331619e-06	1.13036499486e-05	0.000113036499486	0.000373020448303	0.000226072998971	3.76788331619e-06	1.50715332648e-05	7.53576663238e-06	0.000324037965192
0.00142425989352	0.0032592190685	0.0111077200161	0	0.000557646730796	6.40540163752e-05	0.000324037965192	0.00119441901123	0.0007912554964	0.000188394165809	0.00063300439712	0.0107648426344	0.000941970829047	0.00310096796922	0.00398265266521	0.000105500732853	0.00047475329784	0.00852295206122	0.00518837532639	0.0168914209065	0.00136397376046	0.00136397376046	0.000565182497428	0.0061680249886	0.00133006281061	0.00299923511969	0.087848199517	0.0288657540853	0.00190278107468	0.00727578268356	0.00220797962329	0.00226826575635	0.000154483215964	0.0013262949273	0.0111604703826	0.000113036499486	0.00255839277169	0.00400525996511	0	5.65182497428e-05	0	0.000120572266118	0.000504896364369	0.000218537232339	0.00181988764172	0.000346645265089	0.00227956940629	0.000184626282493	0.000648075930385	0.000244912415552	0	0.000218537232339	0.00230594458951	0.000233608765604	0.0032592190685	0.00020723358239	1.50715332648e-05	0.0012810803275	0.000327805848508	0.000923131412466	0.000546343080847	0.00916726010829	0.00927276084114	0.000493592714421	0.000233608765604	1.13036499486e-05	0	0	2.26072998971e-05	0.000693290530179	0.00809341336317	0.00946115500695	0.00566689650755	0.000584021914009	0.000162018982596	4.14467164781e-05	6.0286133059e-05	0.00126224091092	0.00499998116058	0.000885452579305	0.000131875916067	9.79649662209e-05	6.40540163752e-05	1.88394165809e-05
0.0013262949273	0.0146043157336	0.0275017803249	0	9.04291995885e-05	2.63751832133e-05	0.000146947449331	0.000105500732853	0.000493592714421	0.00177844092524	6.40540163752e-05	0.00129238397745	0.000135643799383	0.00792009073063	0.00171061902555	0.000105500732853	0.00368498988323	0.00581384395688	0.000275055482082	0.00439335194668	9.79649662209e-05	0.00178597669187	0.00429538698046	0.024024024024	0.00168424384234	0.0119140470458	0.0288657540853	0.130233118941	0.000828934329562	0.00202335334079	0.00174076209208	0.00129991974409	2.63751832133e-05	0.000938202945731	0.0036774541166	7.912554964e-05	0.0133985930724	0.00298039570311	0	9.79649662209e-05	0	0.000312734315244	0.000203465699074	0.000124340149434	0.00117934747797	0.000312734315244	0.00241144532236	0.000418235048097	0.00397134901526	0.000154483215964	7.53576663238e-06	0.00990953312158	0.00166540442576	5.27503664267e-05	0.000957042362312	0.000233608765604	0.000301430665295	0.0152561595473	0.00485680159457	0.00100602484542	0.00330066578498	0.00943477982374	0.0307534636267	0.000229840882288	0.000150715332648	6.0286133059e-05	2.26072998971e-05	0	6.40540163752e-05	0.00105123944522	0.0119969404787	0.00610020308891	0.00395250959868	0.0017219226755	0.000282591248714	0.000173322632545	4.52145997943e-05	0.00326675483514	0.00307459278601	0.00114920441144	0.000169554749229	0.000339109498457	7.15897830076e-05	0.000162018982596
0.00423886873071	7.15897830076e-05	0.000836470096194	0	0.00788241189747	5.27503664267e-05	0.00518837532639	0.0266050240956	0.00941594040716	0.00157120734285	0.00619440017182	0.00179728034182	0.00136020587714	2.63751832133e-05	0.0112282922822	0.00206103217396	0.00100225696211	0.000787487613084	0.000448378114627	0.000629236513804	0.00204596064069	0.00817253891281	8.66613162724e-05	0.00496607021074	0.0191370793629	2.26072998971e-05	0.00190278107468	0.000828934329562	0.0719138209728	0.0140127580529	0.0167520092238	0	0.000101732849537	0.00678972573577	0.0118650645627	0.000214769349023	3.01430665295e-05	3.76788331619e-05	0	0.0045855139958	0	0.000655611697017	0.00218160444007	0.000990953312158	0.0112961141819	0.00227580152298	0.000222305115655	0.000689522646863	7.15897830076e-05	0.000990953312158	5.27503664267e-05	9.41970829047e-05	1.13036499486e-05	3.76788331619e-06	7.15897830076e-05	0.00226449787303	1.13036499486e-05	0.000165786865912	3.01430665295e-05	0.0101469097705	0	0.000162018982596	0.000233608765604	0.00255839277169	0.000685754763546	3.39109498457e-05	0	0	3.01430665295e-05	0.000275055482082	0.00160135040938	0.00055387884748	0.0071439067675	0.00133006281061	0.000587789797326	0.000324037965192	8.66613162724e-05	0.00273548328755	0.000312734315244	0.000584021914009	0.000350413148406	0.000297662781979	0.000350413148406	3.76788331619e-06
0.0165146325749	0.000105500732853	0.00615295345534	0	0.00385831251578	0.00124340149434	0.00634134762115	0.00955911997317	0.0103993579527	0.000580254030693	0.00360963221691	0.0101958922536	0.00656742062012	0.000124340149434	0.0382364798927	0.0033986307512	8.28934329562e-05	0.00241898108899	0.00186887012483	0.00127354456087	0.00570834322403	0.00319516505213	5.27503664267e-05	0.00784473306431	0.00651467025369	8.28934329562e-05	0.00727578268356	0.00202335334079	0.0140127580529	0.0749507349256	0.0216389538849	1.13036499486e-05	0.00399395631516	0.0205575713731	0.0380217105437	0.000173322632545	3.39109498457e-05	1.13036499486e-05	0	0.000482289064472	2.63751832133e-05	0.00044461023131	0.000252448182185	0.000817630679613	0.00394120594873	0.000222305115655	0.000139411682699	0.000282591248714	5.27503664267e-05	0.000693290530179	1.13036499486e-05	5.65182497428e-05	3.76788331619e-06	7.53576663238e-06	1.88394165809e-05	0.000218537232339	0	0.000678218996914	3.01430665295e-05	0.00354934608385	0	0.000169554749229	0.000222305115655	0.000723433596708	0.000131875916067	0	0	0	0	0.000109268616169	0.00809341336317	0.00197437085768	0.019709797627	0.00255462488838	0.00272794752092	0.000689522646863	0.00230971247282	0.00110398981164	0.000135643799383	0.00023737664892	0.00031650219856	0.000369252564987	0.000327805848508	0
0.0149622646486	3.39109498457e-05	0.00726824691693	0	7.53576663238e-06	0.000380556214935	0.000199697815758	0.00501505269385	0.00384700886583	0.000146947449331	3.76788331619e-06	0.00015825109928	0	3.76788331619e-06	0.0125508193262	0.000727201480025	0.000154483215964	0.00663901040313	4.89824831105e-05	0.000749808779922	3.76788331619e-06	0.0148040135493	1.13036499486e-05	0.0165485435247	0.00164279712586	3.76788331619e-06	0.00220797962329	0.00174076209208	0.0167520092238	0.0216389538849	0.0518799853806	0	3.01430665295e-05	0.0106103594184	0.00724563961703	0.000267519715449	7.53576663238e-06	1.50715332648e-05	0	4.52145997943e-05	0	3.01430665295e-05	0.000135643799383	0.000308966431928	0.00217783655676	1.50715332648e-05	3.76788331619e-05	5.27503664267e-05	3.01430665295e-05	0.000418235048097	3.76788331619e-06	1.13036499486e-05	0	0	0	3.76788331619e-06	0	0.000188394165809	4.14467164781e-05	0.00200451392421	0	3.76788331619e-06	0.000195929932442	0.000290127015347	0.00020723358239	0	0	0	1.88394165809e-05	5.65182497428e-05	0.00113036499486	0.000143179566015	0.00281837672051	0.000486056947788	0.00137527741041	0.000308966431928	7.53576663238e-06	0.000425770814729	4.14467164781e-05	5.65182497428e-05	7.53576663238e-06	2.63751832133e-05	0	7.53576663238e-06
0	0.000109268616169	0	0	7.53576663238e-06	0	0	0	1.13036499486e-05	1.50715332648e-05	0	0.000478521181156	1.88394165809e-05	0.0026299825547	1.13036499486e-05	0	7.53576663238e-06	0	4.89824831105e-05	7.53576663238e-06	0	0	2.63751832133e-05	3.76788331619e-06	1.88394165809e-05	2.26072998971e-05	0.00226826575635	0.00129991974409	0	1.13036499486e-05	0	0.0031424146857	3.76788331619e-06	0	6.40540163752e-05	0	0	0	0	7.53576663238e-06	0	4.14467164781e-05	3.76788331619e-06	3.76788331619e-06	7.53576663238e-06	1.88394165809e-05	0.000195929932442	4.89824831105e-05	0.000640540163752	0	0	0	0	0	3.76788331619e-06	1.88394165809e-05	0	0	0	2.26072998971e-05	1.88394165809e-05	3.01430665295e-05	1.50715332648e-05	1.50715332648e-05	7.53576663238e-06	7.53576663238e-06	0	0	0	0.000233608765604	0.00020723358239	0.000233608765604	3.39109498457e-05	0	0	0	7.53576663238e-06	7.53576663238e-06	0.000768648196503	0.000173322632545	0	4.14467164781e-05	0	5.65182497428e-05
1.88394165809e-05	3.76788331619e-06	7.53576663238e-06	0	1.50715332648e-05	0.00213262195696	0.00185003070825	7.912554964e-05	0.00320646870208	1.88394165809e-05	0.000342877381773	0.000779951846451	0.000139411682699	3.01430665295e-05	0.00315371833565	0.000263751832133	0	0	6.78218996914e-05	0	6.78218996914e-05	7.53576663238e-06	3.76788331619e-06	1.13036499486e-05	2.63751832133e-05	3.76788331619e-06	0.000154483215964	2.63751832133e-05	0.000101732849537	0.00399395631516	3.01430665295e-05	3.76788331619e-06	0.00743780166616	4.89824831105e-05	0.00314995045233	7.53576663238e-06	3.76788331619e-06	0	0	1.13036499486e-05	0	0	0	0	4.89824831105e-05	3.76788331619e-06	0	3.76788331619e-06	0	0	0	0	0	0	0	3.76788331619e-06	0	0	0	4.14467164781e-05	0	0	3.76788331619e-06	1.13036499486e-05	1.13036499486e-05	0	0	0	0	0	0.000489824831105	0.00015825109928	0.00099848907879	0.000263751832133	0.000576486147377	0.000655611697017	0.000357948915038	1.88394165809e-05	0	0	0	0	0	0
