0.0238887675931	5.32518225436e-06	0.000537843407691	0	5.32518225436e-05	0	0.000191706561157	0.0151128672379	0.0136431169357	0.000165080649885	0.00202889443891	0.000213007290175	0	0	0.015304573799	0	0	3.19510935262e-05	2.13007290175e-05	0.000213007290175	0.000426014580349	0.000234308019192	0.000111828827342	0.000372762757805	0.000537843407691	0	0.000596420412489	0.000165080649885	0.00116088973145	0.00800374892831	0.005192052698	0	0	0.00251348602406	0.00181056196648	0	2.66259112718e-05	0	0	5.32518225436e-06	0	1.59755467631e-05	2.13007290175e-05	5.32518225436e-06	0	3.72762757805e-05	5.32518225436e-06	1.06503645087e-05	0	1.06503645087e-05	0	2.13007290175e-05	5.32518225436e-06	5.32518225436e-06	5.32518225436e-06	5.32518225436e-06	0.000138454738613	0.000165080649885	5.32518225436e-06	0.000101178462833	0	2.66259112718e-05	5.32518225436e-06	0.000191706561157	2.66259112718e-05	0	0	0	0	5.32518225436e-05	0.000101178462833	0.000101178462833	0.00220462545331	0.00062304632376	1.06503645087e-05	0	0	2.13007290175e-05	5.32518225436e-06	4.26014580349e-05	2.66259112718e-05	0	0	0
5.32518225436e-06	0.0270572510344	0.00091593134775	0	0	0	0	7.45525515611e-05	1.59755467631e-05	0.00100645944607	1.06503645087e-05	8.52029160698e-05	0	0.000276909477227	5.8577004798e-05	5.32518225436e-06	0.00111828827342	0.00187978933579	1.06503645087e-05	0.000239633201446	0	9.05280983242e-05	0.00754045807218	0.00157092876504	0.00402051260204	0.000596420412489	0.00108633717989	0.0203794724874	0.00012247919185	4.79266402893e-05	8.52029160698e-05	0	0	0	0.000127804374105	0	0.0145004712786	0.000798777338154	0	5.32518225436e-06	0	5.32518225436e-06	0	3.19510935262e-05	7.98777338154e-05	5.32518225436e-06	3.19510935262e-05	5.32518225436e-06	1.06503645087e-05	5.32518225436e-06	0	3.72762757805e-05	0.0014590999377	1.06503645087e-05	0.000191706561157	5.32518225436e-06	2.13007290175e-05	0.000639021870524	0.00101710981058	3.72762757805e-05	0.00248153493053	0.00492579358529	0.0136218162067	1.06503645087e-05	2.13007290175e-05	0	0	1.06503645087e-05	0	6.92273693067e-05	0.00112361345567	0.000745525515611	0.000149105103122	5.32518225436e-05	0	5.32518225436e-06	2.13007290175e-05	0.000559144136708	0.000127804374105	6.39021870524e-05	0.000165080649885	5.32518225436e-06	5.32518225436e-06	0
0.000537843407691	0.00091593134775	0.0330427558883	0	0	0	0	0.00498969577234	0.000713574422085	0.000106503645087	1.06503645087e-05	4.79266402893e-05	0	0	0.000713574422085	5.32518225436e-06	4.26014580349e-05	0.00965455542716	2.13007290175e-05	0.000420689398095	5.32518225436e-06	0.00230047873388	6.92273693067e-05	0.0141862855256	7.98777338154e-05	0	0.0098835382641	0.0115396699452	0.00113426382018	5.32518225436e-06	0.00639021870524	1.06503645087e-05	0	5.32518225436e-06	0.000106503645087	0	0.00479266402893	0.000426014580349	0	0	0	1.06503645087e-05	0	1.06503645087e-05	5.8577004798e-05	0	0.000117154009596	1.06503645087e-05	0	1.59755467631e-05	0	5.32518225436e-06	0.00111828827342	0.00012247919185	0.000276909477227	0	3.72762757805e-05	0.000287559841736	0.000127804374105	3.72762757805e-05	5.32518225436e-06	0.000985158717057	0.00375425348933	2.66259112718e-05	1.59755467631e-05	0	0	5.32518225436e-06	0	0.000612395959252	0.00110763790891	0.000250283565955	0.000127804374105	5.8577004798e-05	0	0	0	0.00113426382018	0.000303535388499	0.000250283565955	2.13007290175e-05	0	5.32518225436e-06	0
0	0	0	0	0	0	0	0	0	0	0	0	0	0	0	0	0	0	0	0	0	0	0	0	0	0	0	0	0	0	0	0	0	0	0	0	0	0	0	0	0	0	0	0	0	0	0	0	0	0	0	0	0	0	0	0	0	0	0	0	0	0	0	0	0	0	0	0	0	0	0	0	0	0	0	0	0	0	0	0	0	0	0	0
5.32518225436e-05	0	0	0	0.0194795166865	5.32518225436e-06	0.000718899604339	0.00236970610319	0.000197031743411	0.00175731014394	0.000761501062374	2.13007290175e-05	0.0035359210169	0	0.000117154009596	0.00017040583214	0	0	0	1.59755467631e-05	0.00583107456853	0	2.13007290175e-05	0	0.00929244303386	0	5.32518225436e-06	5.32518225436e-06	0.00558611618483	4.79266402893e-05	0	0	0	0	2.13007290175e-05	0	0	0	0	0.00351994547013	0.000117154009596	0.000266259112718	0	3.19510935262e-05	0.00235373055643	0.00300340279146	7.98777338154e-05	0.00136857183937	0	0.000117154009596	0.000356787211042	0	0	4.79266402893e-05	0	0.00584172493304	0	0	0	0.00390335859245	0	0	0	0.00191706561157	0.000260933930464	0	0	0	0	0.000324836117516	2.13007290175e-05	0	0.000101178462833	4.26014580349e-05	0.000244958383701	0	0	0.000111828827342	0	0.000260933930464	0	0.000319510935262	1.06503645087e-05	0
0	0	0	0	5.32518225436e-06	0.00795582228802	0.00196499225186	0.000351462028788	0.00138987256839	0.00176263532619	1.06503645087e-05	0	9.58532805785e-05	0	4.26014580349e-05	0.00423351989222	0	0	0	0	5.32518225436e-06	0	6.39021870524e-05	5.32518225436e-06	0.000931906894513	0	0	0	0.00096385798804	0.000154430285377	0	0	0.00188511451804	0	0.00041536421584	0	0	0	0	5.32518225436e-06	0	0	0	0	5.32518225436e-06	5.32518225436e-06	0	0	0	0	0	0	5.32518225436e-06	0	0	5.32518225436e-06	0	0	0	1.59755467631e-05	0	0	0	0	0	0	0	0	0	5.32518225436e-06	0.000335486482025	5.32518225436e-06	6.92273693067e-05	0	0.00269454222071	0.000857354342952	0	0	0	5.32518225436e-06	0	0	0	0
0.000191706561157	0	0	0	0.000718899604339	0.00196499225186	0.0365414006294	0.010320203209	0.0171311113123	8.52029160698e-05	0.0176583043555	0.000101178462833	0.00570859537668	1.59755467631e-05	0.00326966190418	0.00382880604089	5.32518225436e-06	0	1.59755467631e-05	5.32518225436e-05	0.00539973480592	5.32518225436e-06	2.13007290175e-05	0	7.98777338154e-05	0	5.8577004798e-05	3.19510935262e-05	0.00288624878186	0.000607070776997	2.66259112718e-05	0	0.000346136846534	0.000175731014394	0.000665647781795	0	0	0	0	0	0	5.32518225436e-06	0	5.32518225436e-06	0	1.06503645087e-05	2.13007290175e-05	5.32518225436e-06	0	1.06503645087e-05	0	0	0	1.59755467631e-05	0	5.32518225436e-06	0	0	5.32518225436e-06	5.32518225436e-06	0	0	0	5.32518225436e-06	4.26014580349e-05	0	0	0	0	5.32518225436e-05	0.00012247919185	2.13007290175e-05	0.00041536421584	0.000138454738613	0.000394063486823	0.000186381378903	0	2.13007290175e-05	0	1.06503645087e-05	0	0	0	0
0.0151128672379	7.45525515611e-05	0.00498969577234	0	0.00236970610319	0.000351462028788	0.010320203209	0.0881211159452	0.0314185753007	0.000665647781795	0.0264288795284	0.00355722174591	0.000239633201446	7.45525515611e-05	0.0225521468472	0.000862679525207	2.66259112718e-05	0.00151767694249	0.000516542678673	0.00279039550129	0.00345071810083	0.00561806727835	7.45525515611e-05	0.00841911314415	0.00398856150852	0	0.00439327535985	0.00159222949405	0.0313546731137	0.00991548935762	0.0164654635305	0	0.000154430285377	0.00362112393297	0.00972910797872	5.32518225436e-06	0.000202356925666	3.72762757805e-05	0	0.00278507031903	0	0.000319510935262	0.000117154009596	0.000149105103122	0.000335486482025	0.000985158717057	0.000628371506015	0.000101178462833	0	9.05280983242e-05	0	1.59755467631e-05	4.79266402893e-05	0.000351462028788	0.00029288502399	0.00167743241012	7.45525515611e-05	0.00020768210792	0.000111828827342	0.00679493255657	1.06503645087e-05	0.00037808794006	0.000138454738613	0.00353059583464	0.000921256530005	0	0	2.66259112718e-05	0	0.00125141782978	0.00254011193533	0.000942557259022	0.0122638947318	0.00481396475794	0.000750850697865	7.98777338154e-05	5.32518225436e-06	0.000452640491621	4.26014580349e-05	0.00124076746527	0.000218332472429	4.79266402893e-05	5.8577004798e-05	5.32518225436e-06
0.0136431169357	1.59755467631e-05	0.000713574422085	0	0.000197031743411	0.00138987256839	0.0171311113123	0.0314185753007	0.0633270673689	4.26014580349e-05	0.0181428959406	0.00452107973395	0.00182121233099	4.79266402893e-05	0.0318019884231	0.00280104586579	5.32518225436e-06	0.000143779920868	0.000942557259022	0.00366905057326	0.00537310889465	0.000617721141506	5.32518225436e-06	0.000676298146304	0.000596420412489	0	0.00203954480342	0.000740200333356	0.00541038517043	0.0114384914824	0.00404713851332	0	0.000580444865726	0.00150170139573	0.00806765111536	0	4.79266402893e-05	0	0	3.19510935262e-05	0	0.000111828827342	8.52029160698e-05	0.000106503645087	1.06503645087e-05	0.000202356925666	0.000436664944858	7.45525515611e-05	0	0.000143779920868	0	1.06503645087e-05	2.13007290175e-05	0.000186381378903	9.05280983242e-05	1.59755467631e-05	5.32518225436e-06	1.06503645087e-05	5.32518225436e-06	0.00037808794006	0	0.000101178462833	3.72762757805e-05	0.000340811664279	0.000782801791391	0	0	1.06503645087e-05	0	0.000873329889715	0.00104906090411	0.000314185753007	0.0079930985638	0.00136857183937	0.000740200333356	6.92273693067e-05	1.06503645087e-05	0.000159755467631	1.59755467631e-05	0.000511217496419	3.19510935262e-05	1.06503645087e-05	7.98777338154e-05	0
0.000165080649885	0.00100645944607	0.000106503645087	0	0.00175731014394	0.00176263532619	8.52029160698e-05	0.000665647781795	4.26014580349e-05	0.0308115045237	0.000452640491621	1.59755467631e-05	0.00100645944607	4.79266402893e-05	4.79266402893e-05	0.00296080133343	9.05280983242e-05	9.58532805785e-05	0	5.32518225436e-05	0.00012247919185	0.000734875151102	0.00651802307934	0.000367437575551	0.0175518007104	0.00017040583214	0.000154430285377	0.000628371506015	0.00789192010097	0.000431339762603	7.98777338154e-05	0	1.59755467631e-05	5.32518225436e-05	0.000202356925666	2.13007290175e-05	0.00102776017509	4.79266402893e-05	0	0.00136857183937	0.000266259112718	4.26014580349e-05	0	2.66259112718e-05	0.0118219046047	9.58532805785e-05	0.000532518225436	0.00124609264752	0.000149105103122	3.19510935262e-05	0.000852029160698	0.00110231272665	2.13007290175e-05	7.98777338154e-05	3.19510935262e-05	0.00144844957319	0.00187446415354	0.0061612358683	0.000197031743411	0.00567664428315	0.000404713851332	0.000250283565955	0.00129401928781	0.00306730497851	0.00033016129977	0	0	5.32518225436e-06	9.05280983242e-05	0.002742468861	0.0034773440121	0.00275844440776	0.000181056196648	0.000133129556359	0.00190641524706	3.72762757805e-05	5.32518225436e-06	0.00331758854447	0.00033016129977	0.00313653234782	0.00172535905041	0.00117154009596	2.66259112718e-05	0
0.00202889443891	1.06503645087e-05	1.06503645087e-05	0	0.000761501062374	1.06503645087e-05	0.0176583043555	0.0264288795284	0.0181428959406	0.000452640491621	0.0453386017136	0.00289689914637	0.00110763790891	4.79266402893e-05	0.00627306469564	0.000372762757805	5.32518225436e-06	3.72762757805e-05	0.000468616038384	0.00231112909839	0.00417494288742	1.06503645087e-05	5.32518225436e-06	5.32518225436e-05	0.000713574422085	0	0.000905280983242	0.00033016129977	0.0105491860459	0.00445185236465	0.000106503645087	0	4.26014580349e-05	0.000101178462833	0.00533583261887	0	0	0	0	0.000484591585147	5.32518225436e-06	3.72762757805e-05	2.66259112718e-05	4.79266402893e-05	0.00029288502399	0.00020768210792	7.98777338154e-05	7.98777338154e-05	0	2.13007290175e-05	2.66259112718e-05	0	0	4.26014580349e-05	2.66259112718e-05	0.000718899604339	0	5.32518225436e-06	0	0.000873329889715	1.06503645087e-05	1.59755467631e-05	1.06503645087e-05	0.000213007290175	0.000138454738613	0	0	2.13007290175e-05	0	0.000133129556359	0.000489916767401	0.000346136846534	0.00666180300021	0.00129934447006	5.8577004798e-05	5.32518225436e-06	0	0.000111828827342	0	9.58532805785e-05	0	2.13007290175e-05	1.06503645087e-05	0
0.000213007290175	8.52029160698e-05	4.79266402893e-05	0	2.13007290175e-05	0	0.000101178462833	0.00355722174591	0.00452107973395	1.59755467631e-05	0.00289689914637	0.0256567281015	0.000250283565955	0.003663725391	0.00415896734066	3.19510935262e-05	2.66259112718e-05	7.98777338154e-05	0.00289157396412	0.00624643878437	0.00188511451804	6.92273693067e-05	1.06503645087e-05	0.00029288502399	0.000181056196648	0.00128869410556	0.00742330406258	0.00224190172909	0.00127271855879	0.00643814534552	9.58532805785e-05	0.00037808794006	0.000234308019192	1.59755467631e-05	0.0115077188517	0	8.52029160698e-05	5.32518225436e-06	0	1.59755467631e-05	0	0	0	6.39021870524e-05	0	0	0.00278507031903	0	0.00192771597608	1.06503645087e-05	0	0	5.32518225436e-06	5.32518225436e-05	5.32518225436e-06	0	0	2.13007290175e-05	0	1.59755467631e-05	0.000937232076768	0.000133129556359	9.58532805785e-05	2.13007290175e-05	3.72762757805e-05	0	0.000356787211042	2.66259112718e-05	0	3.72762757805e-05	0.00419091843418	0.0060440818587	0.012205317727	0.00394596005048	6.39021870524e-05	1.06503645087e-05	0.000974508352548	4.26014580349e-05	0.00191174042932	4.79266402893e-05	3.72762757805e-05	1.06503645087e-05	0	0.000633696688269
0	0	0	0	0.0035359210169	9.58532805785e-05	0.00570859537668	0.000239633201446	0.00182121233099	0.00100645944607	0.00110763790891	0.000250283565955	0.0270359503054	0	0.000548493772199	0.0024975104773	0	5.32518225436e-06	5.32518225436e-05	0.000191706561157	0.0142075862546	1.06503645087e-05	0	1.06503645087e-05	0.0012247919185	0	0.000106503645087	5.32518225436e-05	0.000910606165496	0.000388738304568	0	0	5.32518225436e-06	0	0.000346136846534	6.39021870524e-05	0	0	0	0	0	0.00041536421584	0	1.06503645087e-05	2.66259112718e-05	0.00058577004798	0.00017040583214	0.00328563745094	0	0.000133129556359	0	0	0	0.000138454738613	3.19510935262e-05	0.000436664944858	0	0	5.32518225436e-06	0	0	1.06503645087e-05	0	0	0.000335486482025	0	0	0	0	0.00037808794006	5.32518225436e-06	5.32518225436e-06	0.000282234659481	0	0.000543168589945	0	0	5.32518225436e-06	0	0.000266259112718	1.06503645087e-05	5.32518225436e-06	5.32518225436e-06	0
0	0.000276909477227	0	0	0	0	1.59755467631e-05	7.45525515611e-05	4.79266402893e-05	4.79266402893e-05	4.79266402893e-05	0.003663725391	0	0.0179245634682	5.32518225436e-06	5.32518225436e-06	0	0	0	5.32518225436e-06	5.32518225436e-06	5.32518225436e-06	2.66259112718e-05	5.32518225436e-06	5.32518225436e-06	0.010048618914	0.00414299179389	0.00434534871956	5.32518225436e-06	2.66259112718e-05	0	0.00126739337654	0	0	0.000117154009596	0	0.000133129556359	5.32518225436e-06	0	0	0	0	0	0	4.26014580349e-05	0	0.00516010160448	0	0.0067097296405	0	0	1.06503645087e-05	0	0.000452640491621	0	0	1.06503645087e-05	0.00012247919185	5.32518225436e-06	0	0.00414299179389	0.00442522645338	0.00208214626146	1.06503645087e-05	0	0	0.00279039550129	0	0	0	0.000181056196648	0.0017040583214	0.000740200333356	0.000372762757805	1.59755467631e-05	3.72762757805e-05	0.00102243499284	0	0.00132597038134	2.13007290175e-05	0	0	1.06503645087e-05	0.000473941220638
0.015304573799	5.8577004798e-05	0.000713574422085	0	0.000117154009596	4.26014580349e-05	0.00326966190418	0.0225521468472	0.0318019884231	4.79266402893e-05	0.00627306469564	0.00415896734066	0.000548493772199	5.32518225436e-06	0.0458817703036	0.000165080649885	0	7.45525515611e-05	0.00125674301203	0.00169340795689	0.0018904397003	0.000484591585147	1.59755467631e-05	0.000596420412489	0.00041536421584	0	0.00177861087296	0.000250283565955	0.00314185753007	0.0166358693626	0.00440925090661	5.32518225436e-06	0.0007934521559	0.0014697503022	0.00856821824727	0	0.000154430285377	5.32518225436e-06	0	0.000111828827342	0	4.79266402893e-05	2.66259112718e-05	0.000372762757805	1.59755467631e-05	4.79266402893e-05	0.000239633201446	3.19510935262e-05	0	0.000127804374105	0	1.06503645087e-05	1.59755467631e-05	0.00012247919185	4.79266402893e-05	2.66259112718e-05	1.59755467631e-05	2.13007290175e-05	5.32518225436e-06	0.000244958383701	3.19510935262e-05	6.92273693067e-05	0.000138454738613	0.000181056196648	0.000489916767401	0	0	0.000143779920868	0	0.000484591585147	0.00118219046047	0.000383413122314	0.00514412605771	0.000953207623531	0.000820078067172	2.13007290175e-05	0	0.000175731014394	1.59755467631e-05	0.000303535388499	3.19510935262e-05	1.06503645087e-05	3.19510935262e-05	0
0	5.32518225436e-06	5.32518225436e-06	0	0.00017040583214	0.00423351989222	0.00382880604089	0.000862679525207	0.00280104586579	0.00296080133343	0.000372762757805	3.19510935262e-05	0.0024975104773	5.32518225436e-06	0.000165080649885	0.0175837518039	0.000186381378903	5.32518225436e-06	0	5.32518225436e-06	0.00156560358278	0.00282234659481	6.92273693067e-05	0.00394596005048	0.00203421962117	0	3.19510935262e-05	3.19510935262e-05	0.00231645428065	0.000133129556359	1.59755467631e-05	0	0.000468616038384	1.06503645087e-05	0.000218332472429	0	3.19510935262e-05	5.32518225436e-06	0	1.59755467631e-05	0	0	0	0	3.72762757805e-05	5.32518225436e-06	6.39021870524e-05	0	0	0	0	0	0	4.26014580349e-05	1.06503645087e-05	1.06503645087e-05	0	4.79266402893e-05	2.13007290175e-05	4.26014580349e-05	0	4.26014580349e-05	2.66259112718e-05	0	6.39021870524e-05	0	0	0	0	0.000117154009596	0.00181056196648	9.05280983242e-05	6.39021870524e-05	3.72762757805e-05	0.00395128523274	0.000260933930464	0	0.000101178462833	2.66259112718e-05	0.000165080649885	7.98777338154e-05	1.06503645087e-05	0	0
0	0.00111828827342	4.26014580349e-05	0	0	0	5.32518225436e-06	2.66259112718e-05	5.32518225436e-06	9.05280983242e-05	5.32518225436e-06	2.66259112718e-05	0	0	0	0.000186381378903	0.0172482653219	0.000101178462833	0	6.92273693067e-05	0	0.00366905057326	0.010320203209	0.00686948510813	0.00207149589695	0	9.58532805785e-05	0.00430807244378	0.000553818954454	0	3.19510935262e-05	0	0	0	2.66259112718e-05	5.32518225436e-06	0.000133129556359	2.66259112718e-05	0	0	0	5.32518225436e-06	0	5.32518225436e-06	0	0	5.32518225436e-06	0	0	5.32518225436e-06	0	0.000138454738613	1.06503645087e-05	1.06503645087e-05	1.06503645087e-05	0	0.000564469318962	0.00359982320395	0.00247088456602	5.8577004798e-05	2.66259112718e-05	7.45525515611e-05	0.000228982836938	2.13007290175e-05	0	0	0	0	0	5.32518225436e-06	0.00254543711759	0.00100113426382	2.13007290175e-05	5.32518225436e-05	0	0	5.32518225436e-06	0.000143779920868	6.92273693067e-05	9.05280983242e-05	9.05280983242e-05	0	0	0
3.19510935262e-05	0.00187978933579	0.00965455542716	0	0	0	0	0.00151767694249	0.000143779920868	9.58532805785e-05	3.72762757805e-05	7.98777338154e-05	5.32518225436e-06	0	7.45525515611e-05	5.32518225436e-06	0.000101178462833	0.0309446340801	1.59755467631e-05	0.00533050743662	4.79266402893e-05	0.00273181849649	9.58532805785e-05	0.0102030491994	6.92273693067e-05	0	0.00468616038384	0.00756175880119	0.000410039033586	6.39021870524e-05	0.00509087423517	0	0	3.72762757805e-05	0.00489384249176	0	0.00403116296655	0.000244958383701	0	5.32518225436e-06	0	5.32518225436e-06	0	5.32518225436e-06	4.79266402893e-05	5.32518225436e-06	1.59755467631e-05	5.32518225436e-06	0	0	0	2.13007290175e-05	0.000564469318962	2.13007290175e-05	0.000319510935262	0	3.19510935262e-05	0.000175731014394	3.19510935262e-05	5.32518225436e-05	0.000335486482025	0.00293950060441	0.00367437575551	4.26014580349e-05	1.06503645087e-05	0	0	0	0	0.000228982836938	0.00193304115833	0.000804102520409	0.00248686011279	0.000181056196648	0	0	5.32518225436e-06	0.000340811664279	0.000218332472429	0.000181056196648	0.000143779920868	5.32518225436e-06	0	0
2.13007290175e-05	1.06503645087e-05	2.13007290175e-05	0	0	0	1.59755467631e-05	0.000516542678673	0.000942557259022	0	0.000468616038384	0.00289157396412	5.32518225436e-05	0	0.00125674301203	0	0	1.59755467631e-05	0.00428144653251	0.00306197979626	0.000228982836938	1.06503645087e-05	0	4.26014580349e-05	1.59755467631e-05	0	0.00132597038134	0.000143779920868	0.000197031743411	0.00159222949405	5.32518225436e-06	0	0	1.06503645087e-05	0.00179991160197	0	1.06503645087e-05	5.32518225436e-06	0	0	0	0	0	0	0	0	1.06503645087e-05	0	0	0	0	0	0	0	0	0	0	0	0	0	0	1.06503645087e-05	1.59755467631e-05	0	1.06503645087e-05	0	0	0	0	1.06503645087e-05	0.000681623328558	0.000404713851332	0.00215137363076	0.000505892314164	1.06503645087e-05	1.06503645087e-05	0	5.32518225436e-06	0	1.06503645087e-05	0	0	0	0
0.000213007290175	0.000239633201446	0.000420689398095	0	1.59755467631e-05	0	5.32518225436e-05	0.00279039550129	0.00366905057326	5.32518225436e-05	0.00231112909839	0.00624643878437	0.000191706561157	5.32518225436e-06	0.00169340795689	5.32518225436e-06	6.92273693067e-05	0.00533050743662	0.00306197979626	0.0259868894013	0.00166145686336	0.000394063486823	7.45525515611e-05	0.000777476609137	0.000181056196648	3.19510935262e-05	0.00959065324011	0.0057405464702	0.000846703978444	0.00334421445574	0.000505892314164	0	0	1.06503645087e-05	0.0160607496792	0	0.000223657654683	4.79266402893e-05	0	0	0	0	0	5.32518225436e-06	4.26014580349e-05	5.32518225436e-06	0.000149105103122	0	0	0	0	1.59755467631e-05	4.26014580349e-05	0.000197031743411	0.000117154009596	0	0	2.13007290175e-05	5.32518225436e-06	3.19510935262e-05	0.000772151426883	0.00129401928781	0.00096385798804	2.13007290175e-05	1.59755467631e-05	0	0	0	0	9.05280983242e-05	0.00725289823044	0.00301937833822	0.0110284524488	0.00118751564272	0	0	0	6.39021870524e-05	2.13007290175e-05	0.00012247919185	0.000117154009596	0	0	0
0.000426014580349	0	5.32518225436e-06	0	0.00583107456853	5.32518225436e-06	0.00539973480592	0.00345071810083	0.00537310889465	0.00012247919185	0.00417494288742	0.00188511451804	0.0142075862546	5.32518225436e-06	0.0018904397003	0.00156560358278	0	4.79266402893e-05	0.000228982836938	0.00166145686336	0.0243733591782	5.32518225436e-06	0	1.59755467631e-05	0.00132597038134	0	0.0012833689233	0.000724224786593	0.00189576488255	0.00165613168111	0	0	2.13007290175e-05	1.59755467631e-05	0.00337084036701	0	0	0	0	5.32518225436e-06	4.26014580349e-05	5.32518225436e-06	0	5.32518225436e-06	6.92273693067e-05	1.06503645087e-05	5.32518225436e-06	1.06503645087e-05	0	0	5.8577004798e-05	0	0	5.32518225436e-06	0	5.32518225436e-06	0	0	0	2.13007290175e-05	0	5.32518225436e-06	5.32518225436e-06	1.59755467631e-05	0	0	0	0	0	0	5.32518225436e-05	6.92273693067e-05	0.00329628781545	5.8577004798e-05	2.13007290175e-05	0	0	5.32518225436e-06	0	0	0	5.8577004798e-05	0	0
0.000234308019192	9.05280983242e-05	0.00230047873388	0	0	0	5.32518225436e-06	0.00561806727835	0.000617721141506	0.000734875151102	1.06503645087e-05	6.92273693067e-05	1.06503645087e-05	5.32518225436e-06	0.000484591585147	0.00282234659481	0.00366905057326	0.00273181849649	1.06503645087e-05	0.000394063486823	5.32518225436e-06	0.0359130291234	0.00395128523274	0.0218066213316	0.000628371506015	0	0.000905280983242	0.00151767694249	0.00606538258772	8.52029160698e-05	0.010948574715	0	0	3.72762757805e-05	0.00419091843418	1.59755467631e-05	9.05280983242e-05	2.13007290175e-05	0	0	0	1.59755467631e-05	0	1.59755467631e-05	5.32518225436e-06	5.32518225436e-06	3.19510935262e-05	0	0	1.59755467631e-05	0	5.32518225436e-05	2.66259112718e-05	3.19510935262e-05	3.72762757805e-05	0	0.00103308535735	0.0018904397003	0.000213007290175	4.79266402893e-05	1.06503645087e-05	0.000111828827342	0.000106503645087	0.000713574422085	5.32518225436e-06	0	0	0	0	0.000154430285377	0.00290222432863	0.000543168589945	0.00381815567638	0.00149637621348	4.26014580349e-05	0	1.06503645087e-05	0.000681623328558	0.000133129556359	0.000351462028788	0.000308860570753	1.59755467631e-05	0	0
0.000111828827342	0.00754045807218	6.92273693067e-05	0	2.13007290175e-05	6.39021870524e-05	2.13007290175e-05	7.45525515611e-05	5.32518225436e-06	0.00651802307934	5.32518225436e-06	1.06503645087e-05	0	2.66259112718e-05	1.59755467631e-05	6.92273693067e-05	0.010320203209	9.58532805785e-05	0	7.45525515611e-05	0	0.00395128523274	0.0357426232913	0.00952675105305	0.0100219930027	0.000191706561157	0.00012247919185	0.0132171023553	0.00200226852764	0.000228982836938	0.000133129556359	0	0	2.13007290175e-05	5.32518225436e-05	0	0.00300340279146	0.000686948510813	0	5.32518225436e-05	1.59755467631e-05	0	0	5.32518225436e-06	0.00116088973145	1.06503645087e-05	4.26014580349e-05	0	1.59755467631e-05	0	1.59755467631e-05	0.000953207623531	0.000681623328558	4.79266402893e-05	1.06503645087e-05	3.72762757805e-05	0.00203954480342	0.0124343005639	0.0068961110194	0.00121414155399	6.39021870524e-05	0.000191706561157	0.00441457608887	0.00172003386816	0	0	0	0	0	1.59755467631e-05	0.00210344699047	0.00160287985856	0.000101178462833	4.79266402893e-05	5.8577004798e-05	0	5.32518225436e-06	0.00136857183937	0.000117154009596	5.8577004798e-05	6.39021870524e-05	5.8577004798e-05	0	0
0.000372762757805	0.00157092876504	0.0141862855256	0	0	5.32518225436e-06	0	0.00841911314415	0.000676298146304	0.000367437575551	5.32518225436e-05	0.00029288502399	1.06503645087e-05	5.32518225436e-06	0.000596420412489	0.00394596005048	0.00686948510813	0.0102030491994	4.26014580349e-05	0.000777476609137	1.59755467631e-05	0.0218066213316	0.00952675105305	0.0849366569571	0.000234308019192	0	0.00414299179389	0.0146442511995	0.00505359795939	4.26014580349e-05	0.0130147454297	0	5.32518225436e-06	2.66259112718e-05	0.00487254176274	2.13007290175e-05	0.00335486482025	0.0017147086859	0	5.32518225436e-06	0	2.66259112718e-05	0	2.13007290175e-05	3.19510935262e-05	5.32518225436e-06	0.000213007290175	1.06503645087e-05	0	3.19510935262e-05	0	0.000106503645087	0.00173600941492	0.00017040583214	0.000255608748209	0	0.00168275759238	0.0162524562403	0.0119177578853	0.000101178462833	4.26014580349e-05	0.000820078067172	0.00491514322078	0.000575119683471	2.66259112718e-05	0	0	0	0	0.000489916767401	0.0139200264129	0.00322706044614	0.00364774984424	0.00399388669077	7.45525515611e-05	0	1.59755467631e-05	0.00200759370989	0.000426014580349	0.00096385798804	0.000740200333356	4.26014580349e-05	1.59755467631e-05	0
0.000537843407691	0.00402051260204	7.98777338154e-05	0	0.00929244303386	0.000931906894513	7.98777338154e-05	0.00398856150852	0.000596420412489	0.0175518007104	0.000713574422085	0.000181056196648	0.0012247919185	5.32518225436e-06	0.00041536421584	0.00203421962117	0.00207149589695	6.92273693067e-05	1.59755467631e-05	0.000181056196648	0.00132597038134	0.000628371506015	0.0100219930027	0.000234308019192	0.0450031152316	0.000154430285377	0.000133129556359	0.00369035130227	0.0145004712786	0.000324836117516	0.000324836117516	0	5.32518225436e-06	5.32518225436e-06	0.000303535388499	2.13007290175e-05	0.000340811664279	1.59755467631e-05	0	0.00314185753007	0.000165080649885	0.000111828827342	5.32518225436e-06	4.26014580349e-05	0.00938829631444	0.00108633717989	0.000394063486823	0.000692273693067	0	2.66259112718e-05	0.00050056713191	0.000745525515611	5.32518225436e-06	0.00017040583214	0.000154430285377	0.00357319729268	1.59755467631e-05	0.00116621491371	0.00012247919185	0.00721562195466	4.26014580349e-05	0.000271584294972	0.000468616038384	0.00264661558042	0.000452640491621	0	0	5.32518225436e-06	2.66259112718e-05	0.00217799954203	0.00218864990654	0.000591095230234	0.000521867860928	0.00029288502399	0.00191706561157	2.13007290175e-05	0	0.00195434188735	5.8577004798e-05	0.00253478675308	0.00118219046047	0.000825403249426	2.66259112718e-05	0
0	0.000596420412489	0	0	0	0	0	0	0	0.00017040583214	0	0.00128869410556	0	0.010048618914	0	0	0	0	0	3.19510935262e-05	0	0	0.000191706561157	0	0.000154430285377	0.0121414155399	0.00186913897128	0.00429742207927	0	0	0	0.000228982836938	0	0	4.79266402893e-05	0	0.000175731014394	0	0	0	0	0	0	0	4.79266402893e-05	0	0.00261998966915	0	0.00547428735748	0	0	1.59755467631e-05	0	4.26014580349e-05	0	0	1.06503645087e-05	0.000159755467631	1.06503645087e-05	5.32518225436e-06	0.00431872280829	0.0029874272447	0.0023803564677	1.06503645087e-05	0	0	0.0022525520936	0	0	0	5.8577004798e-05	0.000234308019192	0.000218332472429	0	0	0	0.000548493772199	5.32518225436e-06	0.000260933930464	5.32518225436e-06	0	0	0	0.00012247919185
0.000596420412489	0.00108633717989	0.0098835382641	0	5.32518225436e-06	0	5.8577004798e-05	0.00439327535985	0.00203954480342	0.000154430285377	0.000905280983242	0.00742330406258	0.000106503645087	0.00414299179389	0.00177861087296	3.19510935262e-05	9.58532805785e-05	0.00468616038384	0.00132597038134	0.00959065324011	0.0012833689233	0.000905280983242	0.00012247919185	0.00414299179389	0.000133129556359	0.00186913897128	0.0608242317093	0.0235799070223	0.000857354342952	0.0011555645492	0.0026838918562	0.00197031743411	0	2.66259112718e-05	0.00761501062374	0	0.00202356925666	4.26014580349e-05	0	1.59755467631e-05	0	4.79266402893e-05	0	6.92273693067e-05	0.000101178462833	5.32518225436e-05	0.00416961770517	4.26014580349e-05	0.00189576488255	2.13007290175e-05	0	1.06503645087e-05	0.000228982836938	0.00186913897128	0.000644347052778	2.13007290175e-05	3.72762757805e-05	0.000228982836938	2.66259112718e-05	3.19510935262e-05	0.0100645944607	0.0144844957319	0.010384105396	6.39021870524e-05	6.92273693067e-05	5.32518225436e-06	0.00142714884417	2.66259112718e-05	0	0.000218332472429	0.0100006922737	0.00980366053028	0.00787061937195	0.00359449802169	2.66259112718e-05	2.66259112718e-05	6.39021870524e-05	0.000495241949656	0.00151235176024	0.000308860570753	9.58532805785e-05	1.59755467631e-05	0	2.66259112718e-05
0.000165080649885	0.0203794724874	0.0115396699452	0	5.32518225436e-06	0	3.19510935262e-05	0.00159222949405	0.000740200333356	0.000628371506015	0.00033016129977	0.00224190172909	5.32518225436e-05	0.00434534871956	0.000250283565955	3.19510935262e-05	0.00430807244378	0.00756175880119	0.000143779920868	0.0057405464702	0.000724224786593	0.00151767694249	0.0132171023553	0.0146442511995	0.00369035130227	0.00429742207927	0.0235799070223	0.0928445526048	0.000702924057576	0.00012247919185	0.00151235176024	5.8577004798e-05	0	1.59755467631e-05	0.00550091326876	0	0.0176370036264	0.00203954480342	0	1.06503645087e-05	0	2.66259112718e-05	0	4.26014580349e-05	0.000154430285377	3.19510935262e-05	0.0012833689233	1.59755467631e-05	0.00206617071469	1.06503645087e-05	0	9.58532805785e-05	0.00257738821111	0.00117154009596	0.000639021870524	1.59755467631e-05	5.8577004798e-05	0.00685883474362	0.00535180816563	0.000138454738613	0.012476902022	0.0145270971899	0.027488590797	0.00012247919185	3.72762757805e-05	0	0.000564469318962	1.06503645087e-05	0	0.00116621491371	0.0128496647798	0.00473941220638	0.00403116296655	0.0014005229329	1.59755467631e-05	5.32518225436e-06	3.72762757805e-05	0.00205019516793	0.000836053613935	0.000617721141506	0.000484591585147	5.32518225436e-06	5.32518225436e-06	3.19510935262e-05
0.00116088973145	0.00012247919185	0.00113426382018	0	0.00558611618483	0.00096385798804	0.00288624878186	0.0313546731137	0.00541038517043	0.00789192010097	0.0105491860459	0.00127271855879	0.000910606165496	5.32518225436e-06	0.00314185753007	0.00231645428065	0.000553818954454	0.000410039033586	0.000197031743411	0.000846703978444	0.00189576488255	0.00606538258772	0.00200226852764	0.00505359795939	0.0145004712786	0	0.000857354342952	0.000702924057576	0.0657127490188	0.00234308019192	0.00693871247743	0	7.98777338154e-05	0.000271584294972	0.00291287469314	3.19510935262e-05	0.000340811664279	4.79266402893e-05	0	0.00420156879869	7.98777338154e-05	0.000394063486823	7.98777338154e-05	0.000276909477227	0.00588965157333	0.00139519775064	0.00135792147486	0.000713574422085	0	0.000218332472429	0.000250283565955	0.000250283565955	2.13007290175e-05	0.000649672235032	0.000457965673875	0.00337084036701	0.000234308019192	0.00160287985856	0.000159755467631	0.0105065845879	9.58532805785e-05	0.000505892314164	0.000436664944858	0.00469681074835	0.00194369152284	0	0	7.45525515611e-05	5.32518225436e-05	0.00471811147737	0.00496306986107	0.00113426382018	0.00522932897378	0.00208747144371	0.00116088973145	6.39021870524e-05	0	0.00239100683221	0.000117154009596	0.00468616038384	0.00173600941492	0.000633696688269	8.52029160698e-05	0
0.00800374892831	4.79266402893e-05	5.32518225436e-06	0	4.79266402893e-05	0.000154430285377	0.000607070776997	0.00991548935762	0.0114384914824	0.000431339762603	0.00445185236465	0.00643814534552	0.000388738304568	2.66259112718e-05	0.0166358693626	0.000133129556359	0	6.39021870524e-05	0.00159222949405	0.00334421445574	0.00165613168111	8.52029160698e-05	0.000228982836938	4.26014580349e-05	0.000324836117516	0	0.0011555645492	0.00012247919185	0.00234308019192	0.0349970977757	0.0032323856284	5.32518225436e-06	0.00136857183937	0.00658192526639	0.0132916549069	0	0.000127804374105	1.06503645087e-05	0	0.000111828827342	0	3.72762757805e-05	2.66259112718e-05	0.000367437575551	0	4.79266402893e-05	0.000143779920868	2.13007290175e-05	0	7.45525515611e-05	0	5.32518225436e-06	5.32518225436e-06	6.39021870524e-05	2.13007290175e-05	2.13007290175e-05	0.000436664944858	0.000543168589945	0	0.000298210206244	3.19510935262e-05	7.98777338154e-05	0.000228982836938	0.000628371506015	0.000287559841736	0	0	0.000143779920868	0	0.000244958383701	0.00153897767151	0.000271584294972	0.00694936284194	0.000213007290175	0.000985158717057	0.000159755467631	0	0.000202356925666	8.52029160698e-05	0.000175731014394	2.13007290175e-05	5.32518225436e-06	5.32518225436e-06	0
0.005192052698	8.52029160698e-05	0.00639021870524	0	0	0	2.66259112718e-05	0.0164654635305	0.00404713851332	7.98777338154e-05	0.000106503645087	9.58532805785e-05	0	0	0.00440925090661	1.59755467631e-05	3.19510935262e-05	0.00509087423517	5.32518225436e-06	0.000505892314164	0	0.010948574715	0.000133129556359	0.0130147454297	0.000324836117516	0	0.0026838918562	0.00151235176024	0.00693871247743	0.0032323856284	0.042079590174	0	0	0.000649672235032	0.00839781241513	0	0.000287559841736	5.8577004798e-05	0	5.32518225436e-06	0	1.59755467631e-05	0	0	1.06503645087e-05	1.06503645087e-05	2.13007290175e-05	1.06503645087e-05	0	1.06503645087e-05	0	5.32518225436e-06	4.79266402893e-05	1.59755467631e-05	7.45525515611e-05	5.32518225436e-06	0.000106503645087	0.000244958383701	0.00017040583214	2.13007290175e-05	0	0.000314185753007	0.000165080649885	9.58532805785e-05	1.06503645087e-05	0	0	0	0	0.000282234659481	0.00157092876504	0.000335486482025	0.00681090810333	0.00289157396412	0	0	0	0.000138454738613	5.8577004798e-05	0.000553818954454	0.000489916767401	2.66259112718e-05	0	5.32518225436e-06
0	0	1.06503645087e-05	0	0	0	0	0	0	0	0	0.00037808794006	0	0.00126739337654	5.32518225436e-06	0	0	0	0	0	0	0	0	0	0	0.000228982836938	0.00197031743411	5.8577004798e-05	0	5.32518225436e-06	0	0.00208747144371	0	0	5.32518225436e-06	0	0	0	0	0	0	0	0	0	0	0	0.00154430285377	0	0.000527193043182	0	0	0	0	0.000228982836938	0	0	0	0	0	0	0	0.000724224786593	5.32518225436e-06	0	0	0	0.000537843407691	0	0	0	5.8577004798e-05	0.000575119683471	5.32518225436e-06	0	0	0	0	0	0.000527193043182	0	0	0	0	0
0	0	0	0	0	0.00188511451804	0.000346136846534	0.000154430285377	0.000580444865726	1.59755467631e-05	4.26014580349e-05	0.000234308019192	5.32518225436e-06	0	0.0007934521559	0.000468616038384	0	0	0	0	2.13007290175e-05	0	0	5.32518225436e-06	5.32518225436e-06	0	0	0	7.98777338154e-05	0.00136857183937	0	0	0.00412169106488	0	0.00136857183937	0	2.66259112718e-05	0	0	1.59755467631e-05	0	0	5.32518225436e-06	2.66259112718e-05	0	1.06503645087e-05	0	0	0	1.06503645087e-05	0	0	5.32518225436e-06	0	0	1.06503645087e-05	0	0	0	2.66259112718e-05	0	0	2.66259112718e-05	1.59755467631e-05	1.06503645087e-05	0	0	1.06503645087e-05	0	5.32518225436e-06	0.000351462028788	1.06503645087e-05	0.000154430285377	0	0.000569794501217	0.000713574422085	0	0	0	0	0	5.32518225436e-06	0	0
0.00251348602406	0	5.32518225436e-06	0	0	0	0.000175731014394	0.00362112393297	0.00150170139573	5.32518225436e-05	0.000101178462833	1.59755467631e-05	0	0	0.0014697503022	1.06503645087e-05	0	3.72762757805e-05	1.06503645087e-05	1.06503645087e-05	1.59755467631e-05	3.72762757805e-05	2.13007290175e-05	2.66259112718e-05	5.32518225436e-06	0	2.66259112718e-05	1.59755467631e-05	0.000271584294972	0.00658192526639	0.000649672235032	0	0	0.00756708398345	0.00162950576983	0	1.06503645087e-05	0	0	5.32518225436e-06	0	5.32518225436e-06	0	0	0	5.32518225436e-06	0	5.32518225436e-06	0	0	0	0	0	0	1.06503645087e-05	0	8.52029160698e-05	0.000133129556359	0	1.06503645087e-05	0	3.72762757805e-05	4.26014580349e-05	8.52029160698e-05	5.32518225436e-06	0	0	0	0	5.32518225436e-06	5.32518225436e-06	1.06503645087e-05	0.000410039033586	0.000133129556359	0	0	0	7.45525515611e-05	4.26014580349e-05	5.32518225436e-06	5.32518225436e-06	0	0	0
0.00181056196648	0.000127804374105	0.000106503645087	0	2.13007290175e-05	0.00041536421584	0.000665647781795	0.00972910797872	0.00806765111536	0.000202356925666	0.00533583261887	0.0115077188517	0.000346136846534	0.000117154009596	0.00856821824727	0.000218332472429	2.66259112718e-05	0.00489384249176	0.00179991160197	0.0160607496792	0.00337084036701	0.00419091843418	5.32518225436e-05	0.00487254176274	0.000303535388499	4.79266402893e-05	0.00761501062374	0.00550091326876	0.00291287469314	0.0132916549069	0.00839781241513	5.32518225436e-06	0.00136857183937	0.00162950576983	0.0519098766155	0	0.000697598875322	0.000181056196648	0	0.00020768210792	0	6.92273693067e-05	1.06503645087e-05	0.00033016129977	0.000106503645087	5.8577004798e-05	0.000255608748209	3.19510935262e-05	0	7.98777338154e-05	0	6.39021870524e-05	7.45525515611e-05	0.000228982836938	0.000250283565955	3.19510935262e-05	0.000117154009596	0.000191706561157	2.13007290175e-05	0.000473941220638	0.000559144136708	0.00154430285377	0.00138454738613	0.000436664944858	0.000250283565955	0	0	0.000106503645087	0	0.00041536421584	0.0106397141442	0.00300872797371	0.0286761064397	0.0028702732351	0.000601745594743	0.000505892314164	5.32518225436e-05	0.000260933930464	0.000111828827342	0.000612395959252	0.000489916767401	1.06503645087e-05	0	5.32518225436e-06
0	0	0	0	0	0	0	5.32518225436e-06	0	2.13007290175e-05	0	0	6.39021870524e-05	0	0	0	5.32518225436e-06	0	0	0	0	1.59755467631e-05	0	2.13007290175e-05	2.13007290175e-05	0	0	0	3.19510935262e-05	0	0	0	0	0	0	0.0308115045237	0	0.00460095746777	0	0.000569794501217	1.06503645087e-05	0.00944687331924	0.00415896734066	0.0162737569693	2.13007290175e-05	0.00231112909839	0.000138454738613	0.00257738821111	0	0.0195380936913	0	0.000228982836938	0.00837118650386	9.58532805785e-05	0.000106503645087	6.39021870524e-05	0.00130466965232	0	0.00691741174842	0.00222060100007	0	0.000724224786593	0.000899955800987	0.00277974513678	0.00643282016327	0.0101391470123	0	0.000175731014394	0.000111828827342	0.000841378796189	0	0	0	1.06503645087e-05	0	0	0	3.19510935262e-05	0	0.000420689398095	7.98777338154e-05	0	1.06503645087e-05	0
2.66259112718e-05	0.0145004712786	0.00479266402893	0	0	0	0	0.000202356925666	4.79266402893e-05	0.00102776017509	0	8.52029160698e-05	0	0.000133129556359	0.000154430285377	3.19510935262e-05	0.000133129556359	0.00403116296655	1.06503645087e-05	0.000223657654683	0	9.05280983242e-05	0.00300340279146	0.00335486482025	0.000340811664279	0.000175731014394	0.00202356925666	0.0176370036264	0.000340811664279	0.000127804374105	0.000287559841736	0	2.66259112718e-05	1.06503645087e-05	0.000697598875322	0	0.0436664944858	0.000830728431681	0	1.06503645087e-05	0	2.13007290175e-05	0	4.26014580349e-05	0.00361579875071	2.13007290175e-05	0.00041536421584	3.19510935262e-05	0.00173600941492	1.06503645087e-05	0	0.00152300212475	0.00231645428065	7.45525515611e-05	0.000644347052778	5.32518225436e-06	0.000106503645087	0.010069919643	0.00091593134775	0.00216202399527	0.00666180300021	0.010740892607	0.0346509609291	0.00017040583214	0.000106503645087	0	0	1.06503645087e-05	0	0.000441990127112	0.00479798921118	0.0023803564677	0.000894630618733	0.00029288502399	5.32518225436e-06	3.19510935262e-05	0	0.00139519775064	0.000473941220638	0.000335486482025	0.000133129556359	5.8577004798e-05	1.06503645087e-05	6.92273693067e-05
0	0.000798777338154	0.000426014580349	0	0	0	0	3.72762757805e-05	0	4.79266402893e-05	0	5.32518225436e-06	0	5.32518225436e-06	5.32518225436e-06	5.32518225436e-06	2.66259112718e-05	0.000244958383701	5.32518225436e-06	4.79266402893e-05	0	2.13007290175e-05	0.000686948510813	0.0017147086859	1.59755467631e-05	0	4.26014580349e-05	0.00203954480342	4.79266402893e-05	1.06503645087e-05	5.8577004798e-05	0	0	0	0.000181056196648	0.00460095746777	0.000830728431681	0.0315197537636	0	5.32518225436e-06	0	0.0018904397003	0.000543168589945	0.00526660524956	1.59755467631e-05	7.98777338154e-05	1.59755467631e-05	1.59755467631e-05	0	0.00284897250608	0	0.00012247919185	0.0127591366815	5.32518225436e-06	0.000117154009596	0	0.00130466965232	0.00105971126862	0.0129934447006	0.000543168589945	0	0.00622513805535	0.0111136553649	0.00134727111035	0.000202356925666	0.00113426382018	0	5.32518225436e-06	0	0.000335486482025	0.000910606165496	0.00062304632376	0.000154430285377	3.19510935262e-05	5.32518225436e-06	1.06503645087e-05	0	0.000218332472429	0.000143779920868	0.000191706561157	3.72762757805e-05	1.06503645087e-05	0	0
0	0	0	0	0	0	0	0	0	0	0	0	0	0	0	0	0	0	0	0	0	0	0	0	0	0	0	0	0	0	0	0	0	0	0	0	0	0	0	0	0	0	0	0	0	0	0	0	0	0	0	0	0	0	0	0	0	0	0	0	0	0	0	0	0	0	0	0	0	0	0	0	0	0	0	0	0	0	0	0	0	0	0	0
