0.0218123115474	3.78626206441e-05	0.00109801599868	0	0.00033043741653	9.63775798213e-05	0.00141468518952	0.00892181024631	0.00445746306673	0.000406162657818	0.000936239346835	0.000165218708265	0.000974101967479	8.94934669769e-05	0.0133895994823	5.5072902755e-05	5.85149591772e-05	0.000395836488552	3.09785077997e-05	4.81887899106e-05	0.00129421321474	0.00187592075009	0.000234059836709	0.00235436659278	0.00107392160372	0	0.000464677616995	0.000475003786262	0.00397901722405	0.00862579339401	0.00821963073619	3.44205642219e-06	0.000123914031199	0.00139059079456	0.00197918244276	7.2283184866e-05	4.13046770663e-05	2.06523385331e-05	0	0.000268480400931	0	0.00011014580551	0.000113587861932	0.000106703749088	0.000874282331236	0.000230617780287	6.88411284438e-06	0.000326995360108	0	9.29355233991e-05	3.44205642219e-06	4.81887899106e-05	2.06523385331e-05	3.44205642219e-06	1.03261692666e-05	0.000254712175242	2.75364513775e-05	7.91672977103e-05	7.2283184866e-05	0.00112555245006	0	1.72102821109e-05	6.19570155994e-05	0.000478445842684	5.85149591772e-05	6.19570155994e-05	0	0	3.44205642219e-06	3.44205642219e-05	0.000616128099572	0.00011014580551	0.00132519172254	0.000402720601396	0.000175544877532	3.44205642219e-06	0	0.000168660764687	2.75364513775e-05	4.13046770663e-05	1.37682256888e-05	8.26093541325e-05	2.75364513775e-05	0
3.78626206441e-05	0.0209517974419	0.00343517230934	0	3.44205642219e-06	0	1.03261692666e-05	8.94934669769e-05	1.03261692666e-05	0.000719389792237	0	0.000127356087621	6.88411284438e-06	0.000454351447729	4.47467334885e-05	3.44205642219e-06	0.000547286971128	0.00184494224229	0.000106703749088	0.000309785077997	3.44205642219e-06	0.000468119673418	0.00415456210158	0.00111866833721	0.000526634632595	0.0019550880478	0.00440927427682	0.0140952210489	0.000354531811485	0.000130798144043	0.000437141165618	1.37682256888e-05	3.44205642219e-06	9.29355233991e-05	0.000719389792237	1.72102821109e-05	0.00617504922141	0.0021719376024	0	3.44205642219e-06	0	1.03261692666e-05	2.40943949553e-05	3.09785077997e-05	5.16308463328e-05	2.40943949553e-05	0.000289132739464	1.37682256888e-05	0.000326995360108	2.40943949553e-05	0	5.16308463328e-05	0.000963775798213	0.000113587861932	0.000523192576173	1.72102821109e-05	7.91672977103e-05	0.000368300037174	0.000781346807837	5.85149591772e-05	0.000526634632595	0.00278118158913	0.00503917060208	6.88411284438e-05	2.75364513775e-05	5.85149591772e-05	3.09785077997e-05	0	0	0.000399278544974	0.00107392160372	0.000698737453704	0.000530076689017	0.00014112431331	5.16308463328e-05	0	3.78626206441e-05	0.000385510319285	0.00118062535281	0.000688411284438	0.000106703749088	2.40943949553e-05	1.37682256888e-05	1.37682256888e-05
0.00109801599868	0.00343517230934	0.0534516941802	0	3.44205642219e-06	6.88411284438e-06	5.85149591772e-05	0.00187592075009	0.000206523385331	0.000144566369732	1.72102821109e-05	0.000244386005975	3.78626206441e-05	5.85149591772e-05	0.000753810356459	3.44205642219e-06	0.000378626206441	0.0170794839669	0.000227175723864	0.000791672977103	4.47467334885e-05	0.00811981109994	0.00236469276204	0.0229929369002	0.000234059836709	3.78626206441e-05	0.0165390811086	0.0237433052003	0.0018311740166	0.0012873291019	0.00797180267379	1.37682256888e-05	3.44205642219e-06	0.000519750519751	0.00326995360108	4.81887899106e-05	0.00236813481847	0.00289476945106	0	1.37682256888e-05	0	5.16308463328e-05	9.63775798213e-05	6.88411284438e-05	0.000192755159643	2.40943949553e-05	0.000106703749088	4.81887899106e-05	5.85149591772e-05	3.09785077997e-05	0	0.000475003786262	0.00163497680054	3.78626206441e-05	0.000753810356459	1.72102821109e-05	0.000254712175242	0.00107392160372	0.00229929369002	0.000216849554598	7.91672977103e-05	0.00264349933224	0.00464333411353	0.000254712175242	6.19570155994e-05	0.000165218708265	0	0	0	0.000530076689017	0.00410981536809	0.00127011881979	0.00311506106208	0.00102229075739	0.000106703749088	3.44205642219e-06	0	0.000698737453704	0.00289132739464	0.000860514105547	0.000168660764687	3.09785077997e-05	2.75364513775e-05	3.44205642219e-06
0	0	0	0	0	0	0	0	0	0	0	0	0	0	0	0	0	0	0	0	0	0	0	0	0	0	0	0	0	0	0	0	0	0	0	0	0	0	0	0	0	0	0	0	0	0	0	0	0	0	0	0	0	0	0	0	0	0	0	0	0	0	0	0	0	0	0	0	0	0	0	0	0	0	0	0	0	0	0	0	0	0	0	0
0.00033043741653	3.44205642219e-06	3.44205642219e-06	0	0.0171827456596	1.37682256888e-05	0.00091214495188	0.0015351571643	0.000444025278462	0.000657432776638	0.00164530296981	7.57252412882e-05	0.00241632360838	2.40943949553e-05	0.000795115033526	0.000165218708265	0	3.44205642219e-06	1.03261692666e-05	2.40943949553e-05	0.00332158444741	2.75364513775e-05	1.03261692666e-05	2.75364513775e-05	0.00721110820449	3.44205642219e-06	2.75364513775e-05	6.88411284438e-06	0.00509768556126	0.00148008426154	0.000268480400931	0	2.40943949553e-05	0.000636780438105	0.000829535597748	0.000144566369732	6.88411284438e-06	6.88411284438e-06	0	0.00181740579092	0	0.000354531811485	0.000103261692666	0.000237501893131	0.00140435902025	0.00311506106208	4.47467334885e-05	0.00118062535281	1.03261692666e-05	0.00022029161102	1.03261692666e-05	3.44205642219e-06	3.44205642219e-06	1.72102821109e-05	3.44205642219e-06	0.00432322286627	6.88411284438e-06	1.37682256888e-05	1.72102821109e-05	0.00182773196018	0	1.37682256888e-05	2.06523385331e-05	0.000629896325261	0.000172102821109	0	0	3.44205642219e-06	1.03261692666e-05	9.98196362435e-05	0.000154892538998	6.88411284438e-06	0.000516308463328	8.94934669769e-05	0.00022029161102	3.44205642219e-06	0	0.000137682256888	2.06523385331e-05	8.26093541325e-05	6.88411284438e-06	0.000127356087621	2.40943949553e-05	0
9.63775798213e-05	0	6.88411284438e-06	0	1.37682256888e-05	0.00519750519751	0.00177265905743	0.000165218708265	0.0011324365629	5.5072902755e-05	9.29355233991e-05	3.78626206441e-05	0.000165218708265	6.88411284438e-05	0.000457793504151	0.000974101967479	0	3.44205642219e-06	6.88411284438e-06	3.44205642219e-06	8.94934669769e-05	6.88411284438e-06	3.44205642219e-06	2.06523385331e-05	3.78626206441e-05	0	1.37682256888e-05	3.44205642219e-06	0.000103261692666	0.000777904751415	3.44205642219e-05	0	0.00234404042351	4.81887899106e-05	0.00118062535281	0	0	0	0	6.88411284438e-06	0	0	3.44205642219e-06	0	2.06523385331e-05	6.88411284438e-06	0	0	0	0	0	0	0	0	0	3.44205642219e-06	3.44205642219e-06	0	3.44205642219e-06	1.72102821109e-05	0	0	0	3.44205642219e-06	0	3.44205642219e-06	0	0	0	6.88411284438e-06	0.000120471974777	2.06523385331e-05	0.000196197216065	9.63775798213e-05	0.00119095152208	0.000684969228016	3.44205642219e-06	6.88411284438e-06	0	3.44205642219e-06	6.88411284438e-06	0	3.44205642219e-06	0
0.00141468518952	1.03261692666e-05	5.85149591772e-05	0	0.00091214495188	0.00177265905743	0.0380278393523	0.00655367542785	0.0151175118063	0.000447467334885	0.0128319863419	0.000333879472952	0.01041910479	0.000254712175242	0.0044058322204	0.00414767798874	3.44205642219e-06	2.40943949553e-05	3.78626206441e-05	9.29355233991e-05	0.00546254354201	0.000134240200465	4.13046770663e-05	0.000113587861932	0.00159023006705	3.44205642219e-06	0.000178986933954	5.16308463328e-05	0.00444025278462	0.00491525657089	0.000598917817461	0	0.00141812724594	0.00069185334086	0.00303589376437	1.37682256888e-05	3.44205642219e-06	0	0	0.000144566369732	0	3.44205642219e-05	4.13046770663e-05	2.75364513775e-05	0.00040960471424	0.00011014580551	6.88411284438e-06	0.000158334595421	3.44205642219e-06	4.13046770663e-05	1.03261692666e-05	6.88411284438e-06	0	0	0	0.000165218708265	3.44205642219e-06	1.03261692666e-05	1.03261692666e-05	0.000433699109196	3.44205642219e-06	6.88411284438e-06	1.37682256888e-05	0.000134240200465	2.75364513775e-05	1.03261692666e-05	0	0	0	3.44205642219e-06	0.00040960471424	0.000120471974777	0.00145598986659	0.000402720601396	0.00134240200465	0.00022029161102	6.88411284438e-06	1.72102821109e-05	3.44205642219e-06	1.37682256888e-05	3.44205642219e-06	2.06523385331e-05	2.40943949553e-05	0
0.00892181024631	8.94934669769e-05	0.00187592075009	0	0.0015351571643	0.000165218708265	0.00655367542785	0.0603977640401	0.0094622131046	0.00190345720147	0.0109285291404	0.000447467334885	0.00160744034916	0.000172102821109	0.00949663366882	0.000278806570197	0.000151450482576	0.000626454268838	6.88411284438e-05	0.000127356087621	0.00297049469235	0.00448499951811	0.000602359873883	0.00434731726122	0.00601327256956	1.03261692666e-05	0.000750368300037	0.00104982720877	0.0334739987058	0.0149316407595	0.0170037587256	3.44205642219e-06	0.000165218708265	0.00925913177569	0.00810948493068	0.000244386005975	4.81887899106e-05	5.85149591772e-05	0	0.00101884870097	0	0.000478445842684	0.000512866406906	0.000416488827085	0.00368644242816	0.000781346807837	4.81887899106e-05	0.00118750946566	1.37682256888e-05	0.000426814996351	2.06523385331e-05	0.000175544877532	3.78626206441e-05	1.03261692666e-05	1.72102821109e-05	0.000967217854635	5.16308463328e-05	0.000258154231664	0.000165218708265	0.00413046770663	0	4.13046770663e-05	0.00011014580551	0.00139747490741	0.000306343021575	0.000127356087621	0	0	3.09785077997e-05	0.000168660764687	0.00242664977764	0.000478445842684	0.00528011455164	0.00165218708265	0.000715947735815	1.37682256888e-05	6.88411284438e-06	0.000368300037174	8.94934669769e-05	0.000182428990376	3.09785077997e-05	0.000306343021575	8.94934669769e-05	3.44205642219e-06
0.00445746306673	1.03261692666e-05	0.000206523385331	0	0.000444025278462	0.0011324365629	0.0151175118063	0.0094622131046	0.0344859632939	0.000278806570197	0.00686690256227	0.000402720601396	0.00266415167077	0.000450909391307	0.012938690091	0.000939681403258	1.72102821109e-05	6.88411284438e-05	4.13046770663e-05	7.91672977103e-05	0.00216161143313	0.000368300037174	6.88411284438e-05	0.000433699109196	0.00127356087621	0	0.000203081328909	0.000148008426154	0.00473971169335	0.00647450813014	0.00151106276934	3.44205642219e-06	0.00122193002988	0.00101540664455	0.00356597045339	3.09785077997e-05	1.37682256888e-05	0	0	0.000196197216065	0	9.98196362435e-05	5.5072902755e-05	7.91672977103e-05	0.000681527171593	0.000172102821109	2.06523385331e-05	0.000234059836709	1.03261692666e-05	7.2283184866e-05	6.88411284438e-06	6.88411284438e-06	3.44205642219e-06	6.88411284438e-06	0	0.000213407498176	0	2.06523385331e-05	2.40943949553e-05	0.000740042130771	6.88411284438e-06	3.44205642219e-06	1.72102821109e-05	0.000240943949553	5.16308463328e-05	2.75364513775e-05	0	0	0	2.40943949553e-05	0.000567939309661	0.000175544877532	0.00191378337074	0.000574823422506	0.000309785077997	0.000137682256888	1.72102821109e-05	3.78626206441e-05	3.44205642219e-06	3.44205642219e-05	1.03261692666e-05	4.81887899106e-05	1.37682256888e-05	3.44205642219e-06
0.000406162657818	0.000719389792237	0.000144566369732	0	0.000657432776638	5.5072902755e-05	0.000447467334885	0.00190345720147	0.000278806570197	0.0189278682656	0.000137682256888	3.44205642219e-05	0.00136305434319	3.44205642219e-05	0.000505982294062	0.000616128099572	0.000626454268838	8.60514105547e-05	6.88411284438e-06	1.72102821109e-05	0.000237501893131	0.000402720601396	0.00486362572455	0.000302900965153	0.00561399402459	0.00014112431331	0.000137682256888	0.000512866406906	0.0046846387906	0.00176233288816	0.00233371425424	3.44205642219e-06	6.88411284438e-06	0.00129077115832	0.00178986933954	0.000282248626619	4.47467334885e-05	4.13046770663e-05	0	0.00127011881979	0	0.000326995360108	0.000650548663794	0.000351089755063	0.00737288485633	0.000629896325261	5.16308463328e-05	0.000884608500503	1.72102821109e-05	0.000347647698641	5.85149591772e-05	0.000223733667442	2.06523385331e-05	2.06523385331e-05	6.88411284438e-06	0.000919029064724	5.5072902755e-05	0.000499098181217	0.000117029918354	0.00453663036444	2.06523385331e-05	2.06523385331e-05	5.16308463328e-05	0.00237501893131	0.000230617780287	0.000185871046798	0	0	4.47467334885e-05	0.000192755159643	0.00083297765417	0.000123914031199	0.000629896325261	0.000244386005975	0.00115308890143	0	3.44205642219e-06	0.000437141165618	4.13046770663e-05	0.000165218708265	3.09785077997e-05	0.000316669190841	8.94934669769e-05	3.44205642219e-06
0.000936239346835	0	1.72102821109e-05	0	0.00164530296981	9.29355233991e-05	0.0128319863419	0.0109285291404	0.00686690256227	0.000137682256888	0.0291645440652	0.00018931310322	0.00441615838967	9.98196362435e-05	0.00390329198276	0.000268480400931	3.44205642219e-06	1.03261692666e-05	1.72102821109e-05	4.13046770663e-05	0.00674643058749	3.09785077997e-05	3.44205642219e-06	5.16308463328e-05	0.00196197216065	6.88411284438e-06	7.91672977103e-05	3.09785077997e-05	0.00944844487891	0.00379658823367	0.000402720601396	0	0.000103261692666	0.00113587861932	0.00197574038634	3.44205642219e-06	0	0	0	0.000223733667442	0	7.57252412882e-05	3.44205642219e-05	2.40943949553e-05	0.000316669190841	0.000557613140395	1.03261692666e-05	0.000175544877532	6.88411284438e-06	1.72102821109e-05	0	0	0	6.88411284438e-06	0	0.000636780438105	3.44205642219e-06	0	6.88411284438e-06	0.000406162657818	0	6.88411284438e-06	3.44205642219e-06	0.000103261692666	1.03261692666e-05	3.44205642219e-06	0	0	0	1.37682256888e-05	0.000268480400931	4.81887899106e-05	0.00121504591703	0.000285690683042	0.00011014580551	1.37682256888e-05	3.44205642219e-06	3.09785077997e-05	3.44205642219e-06	1.37682256888e-05	3.44205642219e-06	4.81887899106e-05	6.88411284438e-06	0
0.000165218708265	0.000127356087621	0.000244386005975	0	7.57252412882e-05	3.78626206441e-05	0.000333879472952	0.000447467334885	0.000402720601396	3.44205642219e-05	0.00018931310322	0.0225110490011	0.00061268604315	0.00634715204252	0.00101196458812	7.91672977103e-05	1.03261692666e-05	0.000726273905082	0.00157990389778	0.00430601258416	0.000505982294062	0.000172102821109	3.09785077997e-05	0.000347647698641	0.000148008426154	0.000543844914706	0.00801310735086	0.00114964684501	0.000402720601396	0.00319767041621	0.000340763585797	0.000395836488552	0.000168660764687	0.00036141592433	0.00736255868706	3.44205642219e-06	0.000113587861932	1.72102821109e-05	0	2.75364513775e-05	0	6.88411284438e-06	0	1.03261692666e-05	6.88411284438e-05	3.09785077997e-05	0.000485329955529	5.16308463328e-05	0.000433699109196	1.03261692666e-05	3.44205642219e-06	0	1.37682256888e-05	7.2283184866e-05	3.78626206441e-05	4.13046770663e-05	3.44205642219e-06	3.44205642219e-06	1.72102821109e-05	9.63775798213e-05	0.000223733667442	0.000478445842684	0.000192755159643	3.44205642219e-05	3.44205642219e-06	0	2.06523385331e-05	3.44205642219e-06	0	0.000127356087621	0.000536960801861	0.00288100122537	0.00529388277733	0.00025127011882	3.44205642219e-05	6.88411284438e-06	0.000395836488552	3.78626206441e-05	0.000271922457353	6.53990720216e-05	1.03261692666e-05	1.37682256888e-05	0	1.03261692666e-05
0.000974101967479	6.88411284438e-06	3.78626206441e-05	0	0.00241632360838	0.000165218708265	0.01041910479	0.00160744034916	0.00266415167077	0.00136305434319	0.00441615838967	0.00061268604315	0.0333259902796	0.000206523385331	0.0032114386419	0.00221668433589	3.44205642219e-06	2.06523385331e-05	7.57252412882e-05	0.000172102821109	0.0140401481461	7.91672977103e-05	2.06523385331e-05	8.94934669769e-05	0.00252646941389	3.44205642219e-06	0.000282248626619	7.91672977103e-05	0.0026366152194	0.00586182208699	0.000292574795886	6.88411284438e-06	0.000185871046798	0.000798557089948	0.0034282881965	5.85149591772e-05	3.44205642219e-06	1.03261692666e-05	0	0.000196197216065	6.88411284438e-06	0.0012253720863	6.19570155994e-05	0.000423372939929	0.000344205642219	0.00266415167077	5.85149591772e-05	0.00364857980752	1.03261692666e-05	0.000382068262863	6.88411284438e-06	0	3.44205642219e-06	1.03261692666e-05	3.44205642219e-06	0.00213407498176	6.88411284438e-06	6.88411284438e-06	1.37682256888e-05	0.000461235560573	3.44205642219e-06	2.40943949553e-05	6.88411284438e-06	0.000161776651843	0.000192755159643	0	0	6.88411284438e-06	3.44205642219e-06	0.000158334595421	0.000430257052774	0.000113587861932	0.00202737123267	0.000357973867908	0.000829535597748	4.47467334885e-05	0	0.00014112431331	3.44205642219e-05	0.000130798144043	1.72102821109e-05	0.000326995360108	5.5072902755e-05	3.44205642219e-06
8.94934669769e-05	0.000454351447729	5.85149591772e-05	0	2.40943949553e-05	6.88411284438e-05	0.000254712175242	0.000172102821109	0.000450909391307	3.44205642219e-05	9.98196362435e-05	0.00634715204252	0.000206523385331	0.0184218859716	0.000674643058749	5.16308463328e-05	3.44205642219e-06	7.2283184866e-05	0.000371742093596	0.00044058322204	0.000123914031199	5.5072902755e-05	6.19570155994e-05	8.60514105547e-05	7.91672977103e-05	0.0034902452121	0.00333191061668	0.00414767798874	0.000172102821109	0.00166595530834	0.000106703749088	0.000987870193168	0.00025127011882	0.000172102821109	0.00233027219782	6.88411284438e-06	0.000309785077997	1.37682256888e-05	0	2.06523385331e-05	0	2.40943949553e-05	3.44205642219e-06	2.06523385331e-05	5.5072902755e-05	4.13046770663e-05	0.00160399829274	3.78626206441e-05	0.00165218708265	1.37682256888e-05	3.44205642219e-06	3.44205642219e-06	1.03261692666e-05	0.000175544877532	5.16308463328e-05	3.09785077997e-05	0	1.37682256888e-05	3.44205642219e-06	9.63775798213e-05	0.000894934669769	0.00116685712712	0.00040960471424	2.40943949553e-05	6.88411284438e-06	0	0.000117029918354	6.88411284438e-06	0	0.000629896325261	0.000289132739464	0.00445057895389	0.00250925913178	0.000354531811485	2.06523385331e-05	2.06523385331e-05	0.0010395010395	3.44205642219e-05	0.0011014580551	0.000117029918354	3.09785077997e-05	3.44205642219e-05	1.72102821109e-05	5.85149591772e-05
0.0133895994823	4.47467334885e-05	0.000753810356459	0	0.000795115033526	0.000457793504151	0.0044058322204	0.00949663366882	0.012938690091	0.000505982294062	0.00390329198276	0.00101196458812	0.0032114386419	0.000674643058749	0.040234197519	0.000557613140395	4.81887899106e-05	0.000306343021575	7.57252412882e-05	0.000196197216065	0.00303589376437	0.00133551789181	0.000230617780287	0.00160744034916	0.00171070204183	1.03261692666e-05	0.000602359873883	0.000371742093596	0.00583084357919	0.020969007724	0.00624733240627	6.88411284438e-06	0.00151794688219	0.00366234803321	0.00676019881318	0.000103261692666	5.16308463328e-05	2.40943949553e-05	0	0.000388952375707	0	0.000182428990376	0.000168660764687	0.000161776651843	0.00125979265052	0.000337321529375	2.75364513775e-05	0.000447467334885	1.37682256888e-05	0.000130798144043	6.88411284438e-06	4.47467334885e-05	2.40943949553e-05	1.37682256888e-05	6.88411284438e-06	0.000426814996351	2.40943949553e-05	6.53990720216e-05	5.5072902755e-05	0.00161776651843	6.88411284438e-06	3.44205642219e-05	4.47467334885e-05	0.000609243986727	8.26093541325e-05	8.60514105547e-05	0	3.44205642219e-06	3.44205642219e-06	4.81887899106e-05	0.0010085225317	0.000313227134419	0.00373118916165	0.000888050556925	0.000357973867908	4.81887899106e-05	3.09785077997e-05	0.000178986933954	3.09785077997e-05	5.16308463328e-05	2.06523385331e-05	9.98196362435e-05	3.09785077997e-05	0
5.5072902755e-05	3.44205642219e-06	3.44205642219e-06	0	0.000165218708265	0.000974101967479	0.00414767798874	0.000278806570197	0.000939681403258	0.000616128099572	0.000268480400931	7.91672977103e-05	0.00221668433589	5.16308463328e-05	0.000557613140395	0.00790640360177	0	3.44205642219e-06	1.37682256888e-05	2.40943949553e-05	0.000368300037174	3.44205642219e-06	2.75364513775e-05	3.44205642219e-06	0.000388952375707	0	3.44205642219e-05	1.03261692666e-05	0.00033043741653	0.000994754306013	5.85149591772e-05	0	0.000357973867908	7.57252412882e-05	0.000650548663794	3.44205642219e-06	0	0	0	4.81887899106e-05	0	3.44205642219e-06	6.88411284438e-06	3.44205642219e-06	0.000106703749088	2.40943949553e-05	0	3.44205642219e-05	0	6.88411284438e-06	3.44205642219e-06	3.44205642219e-06	0	0	0	4.81887899106e-05	0	3.44205642219e-06	0	0.00011014580551	0	0	0	3.44205642219e-05	0	0	0	0	0	0	0.000216849554598	3.44205642219e-06	0.000230617780287	3.78626206441e-05	0.00384477702358	0.000117029918354	0	6.88411284438e-06	0	3.44205642219e-06	0	3.44205642219e-06	3.44205642219e-06	0
5.85149591772e-05	0.000547286971128	0.000378626206441	0	0	0	3.44205642219e-06	0.000151450482576	1.72102821109e-05	0.000626454268838	3.44205642219e-06	1.03261692666e-05	3.44205642219e-06	3.44205642219e-06	4.81887899106e-05	0	0.0194063141083	0.000196197216065	0	4.13046770663e-05	6.88411284438e-06	0.0036141592433	0.00766545965221	0.0060649034159	0.00408227891672	5.85149591772e-05	0.000285690683042	0.00588935853837	0.00290853767675	0.000144566369732	0.000468119673418	0	3.44205642219e-06	0.000168660764687	0.000578265478928	3.44205642219e-05	8.94934669769e-05	8.26093541325e-05	0	3.09785077997e-05	3.44205642219e-06	3.78626206441e-05	0.000120471974777	6.53990720216e-05	0.000430257052774	2.75364513775e-05	3.44205642219e-06	2.40943949553e-05	3.44205642219e-06	4.13046770663e-05	0	0.000967217854635	4.47467334885e-05	3.44205642219e-06	2.40943949553e-05	1.37682256888e-05	0.000340763585797	0.00216505348956	0.00100508047528	0.000354531811485	0	6.53990720216e-05	0.000296016852308	0.000605801930305	1.37682256888e-05	0.000282248626619	0	0	3.44205642219e-06	6.19570155994e-05	0.000950007572524	0.000309785077997	0.000481887899106	0.000216849554598	6.53990720216e-05	0	0	0.000151450482576	0.000185871046798	9.98196362435e-05	1.37682256888e-05	2.40943949553e-05	3.44205642219e-06	0
0.000395836488552	0.00184494224229	0.0170794839669	0	3.44205642219e-06	3.44205642219e-06	2.40943949553e-05	0.000626454268838	6.88411284438e-05	8.60514105547e-05	1.03261692666e-05	0.000726273905082	2.06523385331e-05	7.2283184866e-05	0.000306343021575	3.44205642219e-06	0.000196197216065	0.0331951921356	0.000402720601396	0.00414767798874	2.06523385331e-05	0.00424061351214	0.000963775798213	0.0134136938773	0.000148008426154	2.75364513775e-05	0.0141812724594	0.0090285139954	0.000726273905082	0.00088116644408	0.0048395313296	3.44205642219e-06	6.88411284438e-06	0.00036141592433	0.00574135011221	2.06523385331e-05	0.000963775798213	0.000901818782613	0	3.44205642219e-06	0	3.09785077997e-05	3.09785077997e-05	3.44205642219e-05	9.98196362435e-05	1.03261692666e-05	6.88411284438e-05	2.06523385331e-05	2.06523385331e-05	1.72102821109e-05	3.44205642219e-06	9.63775798213e-05	0.000547286971128	2.06523385331e-05	0.000244386005975	3.44205642219e-06	5.85149591772e-05	0.000302900965153	0.000712505679393	9.29355233991e-05	3.78626206441e-05	0.00114620478859	0.00178298522669	7.91672977103e-05	1.37682256888e-05	3.78626206441e-05	0	0	0	0.000161776651843	0.00217882171525	0.000956891685369	0.00239222921342	0.000523192576173	7.91672977103e-05	0	0	0.000216849554598	0.00100163841886	0.000289132739464	6.53990720216e-05	1.03261692666e-05	1.37682256888e-05	0
3.09785077997e-05	0.000106703749088	0.000227175723864	0	1.03261692666e-05	6.88411284438e-06	3.78626206441e-05	6.88411284438e-05	4.13046770663e-05	6.88411284438e-06	1.72102821109e-05	0.00157990389778	7.57252412882e-05	0.000371742093596	7.57252412882e-05	1.37682256888e-05	0	0.000402720601396	0.00589968470763	0.00231306191571	6.88411284438e-05	0.000103261692666	1.37682256888e-05	0.000172102821109	6.88411284438e-06	5.5072902755e-05	0.00461235560573	0.000540402858284	3.78626206441e-05	0.00036141592433	0.000154892538998	6.88411284438e-06	1.37682256888e-05	5.16308463328e-05	0.00072283184866	0	0.00011014580551	3.44205642219e-06	0	1.03261692666e-05	0	3.44205642219e-06	0	0	1.72102821109e-05	1.03261692666e-05	0.000106703749088	6.88411284438e-06	8.60514105547e-05	3.44205642219e-06	0	0	1.37682256888e-05	4.47467334885e-05	3.44205642219e-05	1.72102821109e-05	6.88411284438e-06	0	3.44205642219e-06	2.40943949553e-05	7.2283184866e-05	0.000313227134419	0.000117029918354	1.37682256888e-05	3.44205642219e-06	0	6.88411284438e-06	0	0	3.09785077997e-05	0.000285690683042	0.00039239443213	0.000674643058749	8.94934669769e-05	1.03261692666e-05	0	0	2.06523385331e-05	7.91672977103e-05	2.40943949553e-05	3.44205642219e-06	3.44205642219e-06	3.44205642219e-06	0
4.81887899106e-05	0.000309785077997	0.000791672977103	0	2.40943949553e-05	3.44205642219e-06	9.29355233991e-05	0.000127356087621	7.91672977103e-05	1.72102821109e-05	4.13046770663e-05	0.00430601258416	0.000172102821109	0.00044058322204	0.000196197216065	2.40943949553e-05	4.13046770663e-05	0.00414767798874	0.00231306191571	0.0164805661494	0.000137682256888	0.00039239443213	8.26093541325e-05	0.00083297765417	6.19570155994e-05	0.000158334595421	0.0111281684129	0.0020170450634	0.000154892538998	0.000791672977103	0.000567939309661	2.40943949553e-05	3.44205642219e-05	0.000165218708265	0.00381379851579	6.88411284438e-06	0.000265038344509	4.47467334885e-05	0	1.03261692666e-05	0	1.03261692666e-05	0	0	3.78626206441e-05	3.44205642219e-06	0.000213407498176	1.72102821109e-05	0.000165218708265	0	3.44205642219e-06	6.88411284438e-06	4.47467334885e-05	5.5072902755e-05	9.29355233991e-05	6.88411284438e-06	6.88411284438e-06	1.72102821109e-05	3.09785077997e-05	3.78626206441e-05	0.000127356087621	0.000667758945905	0.000337321529375	2.40943949553e-05	3.44205642219e-06	6.88411284438e-06	2.40943949553e-05	0	0	8.26093541325e-05	0.000891492613347	0.000939681403258	0.00190001514505	0.000216849554598	1.72102821109e-05	0	1.03261692666e-05	4.47467334885e-05	0.000223733667442	8.60514105547e-05	1.37682256888e-05	3.44205642219e-06	0	3.44205642219e-06
0.00129421321474	3.44205642219e-06	4.47467334885e-05	0	0.00332158444741	8.94934669769e-05	0.00546254354201	0.00297049469235	0.00216161143313	0.000237501893131	0.00674643058749	0.000505982294062	0.0140401481461	0.000123914031199	0.00303589376437	0.000368300037174	6.88411284438e-06	2.06523385331e-05	6.88411284438e-05	0.000137682256888	0.0232717434704	8.94934669769e-05	1.03261692666e-05	0.000130798144043	0.00195164599138	3.44205642219e-06	0.000247828062398	8.94934669769e-05	0.00524913604384	0.00583772769203	0.000378626206441	3.44205642219e-06	0.000106703749088	0.00153171510787	0.00334567884237	1.37682256888e-05	0	3.44205642219e-06	0	0.000265038344509	0	0.000168660764687	4.13046770663e-05	7.2283184866e-05	0.000488772011951	0.000468119673418	1.72102821109e-05	0.000509424350484	3.44205642219e-06	4.47467334885e-05	6.88411284438e-06	0	0	3.44205642219e-06	0	0.000588591648194	0	0	3.44205642219e-06	0.000561055196817	0	1.37682256888e-05	0	0.00022029161102	2.06523385331e-05	0	0	0	0	2.40943949553e-05	0.000509424350484	0.000113587861932	0.00220980022305	0.000423372939929	0.000206523385331	2.40943949553e-05	0	3.44205642219e-05	3.44205642219e-06	2.75364513775e-05	3.44205642219e-06	5.85149591772e-05	6.88411284438e-06	0
0.00187592075009	0.000468119673418	0.00811981109994	0	2.75364513775e-05	6.88411284438e-06	0.000134240200465	0.00448499951811	0.000368300037174	0.000402720601396	3.09785077997e-05	0.000172102821109	7.91672977103e-05	5.5072902755e-05	0.00133551789181	3.44205642219e-06	0.0036141592433	0.00424061351214	0.000103261692666	0.00039239443213	8.94934669769e-05	0.0560607729482	0.00351089755063	0.0334602304801	0.00125979265052	1.37682256888e-05	0.00295672646666	0.00498753975575	0.0117374123997	0.00527323043879	0.0222150321488	6.88411284438e-06	2.06523385331e-05	0.00349368726852	0.00637124643747	0.00018931310322	0.00022029161102	0.000237501893131	0	6.53990720216e-05	3.44205642219e-06	0.000103261692666	0.000406162657818	0.000196197216065	0.00114276273217	7.91672977103e-05	1.72102821109e-05	0.000134240200465	3.44205642219e-06	0.000172102821109	0	0.00108768982941	0.000154892538998	1.03261692666e-05	5.5072902755e-05	2.06523385331e-05	0.000733158017926	0.00230961985929	0.000956891685369	0.000956891685369	3.44205642219e-06	0.000234059836709	0.000423372939929	0.00141468518952	0.000117029918354	0.000808883259214	0	0	1.72102821109e-05	0.000172102821109	0.00408227891672	0.000839861767014	0.00503572854566	0.00209965441754	0.000626454268838	3.44205642219e-06	3.44205642219e-06	0.00040960471424	0.000320111247264	0.000223733667442	7.57252412882e-05	7.91672977103e-05	2.40943949553e-05	3.44205642219e-06
0.000234059836709	0.00415456210158	0.00236469276204	0	1.03261692666e-05	3.44205642219e-06	4.13046770663e-05	0.000602359873883	6.88411284438e-05	0.00486362572455	3.44205642219e-06	3.09785077997e-05	2.06523385331e-05	6.19570155994e-05	0.000230617780287	2.75364513775e-05	0.00766545965221	0.000963775798213	1.37682256888e-05	8.26093541325e-05	1.03261692666e-05	0.00351089755063	0.0352294474811	0.00659842216134	0.0047465958062	0.000382068262863	0.000998196362435	0.0126564414644	0.00512177995622	0.000746926243615	0.00234748247993	6.88411284438e-06	6.88411284438e-06	0.000640222494527	0.00167283942118	0.000216849554598	0.00190689925789	0.000846745879858	0	0.00011014580551	0	0.000172102821109	0.000671201002327	0.000247828062398	0.00304966199006	0.00014112431331	5.16308463328e-05	0.000165218708265	3.78626206441e-05	0.000199639272487	6.88411284438e-06	0.00411325742452	0.000285690683042	1.37682256888e-05	0.000130798144043	5.16308463328e-05	0.00128388704548	0.0100026159629	0.00445402101031	0.00201016095056	4.13046770663e-05	0.000275364513775	0.0041889826658	0.00271922457353	0.00014112431331	0.00100163841886	0	0	3.09785077997e-05	0.000368300037174	0.00145254781016	0.000444025278462	0.000733158017926	0.000292574795886	0.000230617780287	0	1.37682256888e-05	0.000695295397282	0.000712505679393	0.000567939309661	0.000106703749088	8.94934669769e-05	3.09785077997e-05	0
0.00235436659278	0.00111866833721	0.0229929369002	0	2.75364513775e-05	2.06523385331e-05	0.000113587861932	0.00434731726122	0.000433699109196	0.000302900965153	5.16308463328e-05	0.000347647698641	8.94934669769e-05	8.60514105547e-05	0.00160744034916	3.44205642219e-06	0.0060649034159	0.0134136938773	0.000172102821109	0.00083297765417	0.000130798144043	0.0334602304801	0.00659842216134	0.0813564455949	0.00107392160372	4.47467334885e-05	0.00633338381683	0.0188418168551	0.00799933912517	0.00393771254698	0.018050143878	1.03261692666e-05	1.72102821109e-05	0.00177265905743	0.00848122702427	0.000134240200465	0.000623012212416	0.000898376726191	0	4.47467334885e-05	0	8.60514105547e-05	0.000278806570197	0.000165218708265	0.000753810356459	5.16308463328e-05	3.78626206441e-05	0.000120471974777	1.03261692666e-05	0.000123914031199	3.44205642219e-06	0.00268824606573	0.000368300037174	1.37682256888e-05	0.000130798144043	3.09785077997e-05	0.00091214495188	0.00551417438835	0.00397213311121	0.000877724387658	6.88411284438e-06	0.000543844914706	0.00202048711982	0.00103261692666	9.63775798213e-05	0.00066087483306	0	0	6.88411284438e-06	0.000351089755063	0.0088736214564	0.00203425534551	0.00941402431469	0.00481543693464	0.00106703749088	3.44205642219e-06	0	0.000815767372059	0.00100163841886	0.000526634632595	0.000213407498176	9.29355233991e-05	5.16308463328e-05	3.44205642219e-06
0.00107392160372	0.000526634632595	0.000234059836709	0	0.00721110820449	3.78626206441e-05	0.00159023006705	0.00601327256956	0.00127356087621	0.00561399402459	0.00196197216065	0.000148008426154	0.00252646941389	7.91672977103e-05	0.00171070204183	0.000388952375707	0.00408227891672	0.000148008426154	6.88411284438e-06	6.19570155994e-05	0.00195164599138	0.00125979265052	0.0047465958062	0.00107392160372	0.0380312814088	5.16308463328e-05	0.000282248626619	0.00101196458812	0.0183771392381	0.0043438752048	0.00329749005246	6.88411284438e-06	3.78626206441e-05	0.00287411711253	0.00362792746899	0.000182428990376	4.81887899106e-05	4.47467334885e-05	0	0.00140780107668	0	0.000323553303686	0.000509424350484	0.000306343021575	0.00441960044609	0.000784788864259	2.75364513775e-05	0.000867398218392	0	0.000302900965153	2.40943949553e-05	0.000344205642219	2.40943949553e-05	1.37682256888e-05	1.72102821109e-05	0.00116685712712	0.000158334595421	0.000633338381683	0.000206523385331	0.00413046770663	3.44205642219e-06	1.37682256888e-05	8.94934669769e-05	0.00184150018587	0.000182428990376	0.000203081328909	0	0	6.88411284438e-06	0.000117029918354	0.0014732001487	0.000271922457353	0.00201016095056	0.000719389792237	0.000932797290413	6.88411284438e-06	1.03261692666e-05	0.00029945890873	6.53990720216e-05	0.000127356087621	1.03261692666e-05	0.000240943949553	7.57252412882e-05	0
0	0.0019550880478	3.78626206441e-05	0	3.44205642219e-06	0	3.44205642219e-06	1.03261692666e-05	0	0.00014112431331	6.88411284438e-06	0.000543844914706	3.44205642219e-06	0.0034902452121	1.03261692666e-05	0	5.85149591772e-05	2.75364513775e-05	5.5072902755e-05	0.000158334595421	3.44205642219e-06	1.37682256888e-05	0.000382068262863	4.47467334885e-05	5.16308463328e-05	0.00843303823436	0.00121504591703	0.00230961985929	3.78626206441e-05	2.40943949553e-05	2.40943949553e-05	0.000106703749088	0	3.44205642219e-06	8.26093541325e-05	3.44205642219e-06	0.000585149591772	2.06523385331e-05	0	3.44205642219e-06	0	0	3.44205642219e-06	0	1.72102821109e-05	1.37682256888e-05	0.000719389792237	1.37682256888e-05	0.000843303823436	0	0	0	2.06523385331e-05	0.000151450482576	7.91672977103e-05	1.03261692666e-05	0	1.72102821109e-05	1.03261692666e-05	2.06523385331e-05	0.000750368300037	0.000929355233991	0.000416488827085	0	0	0	5.16308463328e-05	3.44205642219e-06	0	0.000292574795886	8.60514105547e-05	0.000919029064724	0.000209965441754	4.13046770663e-05	1.03261692666e-05	0	0.000567939309661	4.13046770663e-05	0.000402720601396	7.57252412882e-05	2.06523385331e-05	1.37682256888e-05	3.44205642219e-06	1.37682256888e-05
0.000464677616995	0.00440927427682	0.0165390811086	0	2.75364513775e-05	1.37682256888e-05	0.000178986933954	0.000750368300037	0.000203081328909	0.000137682256888	7.91672977103e-05	0.00801310735086	0.000282248626619	0.00333191061668	0.000602359873883	3.44205642219e-05	0.000285690683042	0.0141812724594	0.00461235560573	0.0111281684129	0.000247828062398	0.00295672646666	0.000998196362435	0.00633338381683	0.000282248626619	0.00121504591703	0.0796354173838	0.0278187000041	0.00091214495188	0.00201016095056	0.00356252839697	0.000667758945905	6.19570155994e-05	0.000588591648194	0.00788919331966	3.09785077997e-05	0.00622668006774	0.000987870193168	0	3.78626206441e-05	0	5.5072902755e-05	2.75364513775e-05	6.53990720216e-05	0.000158334595421	5.16308463328e-05	0.00233371425424	7.91672977103e-05	0.00142156930236	4.81887899106e-05	3.44205642219e-06	0.00011014580551	0.000894934669769	0.000977544023902	0.00207556002258	6.19570155994e-05	0.00014112431331	0.000316669190841	0.00050254023764	0.000178986933954	0.00134240200465	0.0100129421321	0.00625421651912	0.000165218708265	5.16308463328e-05	8.60514105547e-05	0.000117029918354	0	3.44205642219e-06	0.000929355233991	0.0054453332599	0.00525602015668	0.00610276603654	0.00109801599868	8.60514105547e-05	6.88411284438e-06	4.81887899106e-05	0.000781346807837	0.00296705263593	0.00149385248723	0.000296016852308	4.13046770663e-05	5.5072902755e-05	2.06523385331e-05
0.000475003786262	0.0140952210489	0.0237433052003	0	6.88411284438e-06	3.44205642219e-06	5.16308463328e-05	0.00104982720877	0.000148008426154	0.000512866406906	3.09785077997e-05	0.00114964684501	7.91672977103e-05	0.00414767798874	0.000371742093596	1.03261692666e-05	0.00588935853837	0.0090285139954	0.000540402858284	0.0020170450634	8.94934669769e-05	0.00498753975575	0.0126564414644	0.0188418168551	0.00101196458812	0.00230961985929	0.0278187000041	0.103289229117	0.00300491525657	0.000922471121147	0.00323553303686	0.00110834216794	1.03261692666e-05	0.000499098181217	0.00515620052044	8.94934669769e-05	0.00938648786331	0.00393771254698	0	3.09785077997e-05	0	5.16308463328e-05	0.000144566369732	9.63775798213e-05	0.000296016852308	3.78626206441e-05	0.00169349175972	4.81887899106e-05	0.0011943935785	8.26093541325e-05	3.44205642219e-06	0.00177610111385	0.002079002079	0.000674643058749	0.00174512260605	3.44205642219e-05	0.000543844914706	0.00417521444012	0.00474315374978	0.000388952375707	0.00107736366015	0.00883920089218	0.0115928460299	0.000516308463328	7.57252412882e-05	0.000223733667442	0.000117029918354	3.44205642219e-06	0	0.00117718329639	0.00686690256227	0.00399622750616	0.00454695653371	0.00148696837439	0.000196197216065	3.44205642219e-06	7.91672977103e-05	0.00124602442483	0.00424405556856	0.00195164599138	0.000371742093596	5.5072902755e-05	3.44205642219e-05	3.44205642219e-05
0.00397901722405	0.000354531811485	0.0018311740166	0	0.00509768556126	0.000103261692666	0.00444025278462	0.0334739987058	0.00473971169335	0.0046846387906	0.00944844487891	0.000402720601396	0.0026366152194	0.000172102821109	0.00583084357919	0.00033043741653	0.00290853767675	0.000726273905082	3.78626206441e-05	0.000154892538998	0.00524913604384	0.0117374123997	0.00512177995622	0.00799933912517	0.0183771392381	3.78626206441e-05	0.00091214495188	0.00300491525657	0.0777973592543	0.0123053517093	0.0158093651471	6.88411284438e-06	0.000106703749088	0.00849843730638	0.00985804959315	0.000571381366083	9.63775798213e-05	0.000154892538998	0	0.00203769740194	3.44205642219e-06	0.000736600074348	0.00129765527117	0.000702179510127	0.00840205972656	0.00150073660007	7.2283184866e-05	0.00189657308863	1.03261692666e-05	0.000764136525726	5.16308463328e-05	0.00103261692666	6.88411284438e-05	1.72102821109e-05	2.40943949553e-05	0.00201360300698	0.000530076689017	0.00194820393496	0.000698737453704	0.00796491856095	3.44205642219e-06	8.94934669769e-05	0.000237501893131	0.00419586677865	0.000543844914706	0.000812325315637	0	0	4.13046770663e-05	0.000351089755063	0.00436108548691	0.000853629992703	0.00622323801132	0.00216849554598	0.00124258236841	1.72102821109e-05	3.44205642219e-06	0.000808883259214	0.000223733667442	0.000399278544974	7.57252412882e-05	0.000564497253239	0.000178986933954	6.88411284438e-06
0.00862579339401	0.000130798144043	0.0012873291019	0	0.00148008426154	0.000777904751415	0.00491525657089	0.0149316407595	0.00647450813014	0.00176233288816	0.00379658823367	0.00319767041621	0.00586182208699	0.00166595530834	0.020969007724	0.000994754306013	0.000144566369732	0.00088116644408	0.00036141592433	0.000791672977103	0.00583772769203	0.00527323043879	0.000746926243615	0.00393771254698	0.0043438752048	2.40943949553e-05	0.00201016095056	0.000922471121147	0.0123053517093	0.0689891368699	0.0215954619928	2.75364513775e-05	0.00257121614738	0.0238741033443	0.0292333851937	0.000316669190841	8.60514105547e-05	3.44205642219e-05	0	0.000839861767014	0	0.00044058322204	0.000667758945905	0.000423372939929	0.00382412468505	0.000767578582148	5.85149591772e-05	0.00130798144043	1.72102821109e-05	0.000402720601396	2.06523385331e-05	0.000117029918354	3.78626206441e-05	2.06523385331e-05	1.37682256888e-05	0.000867398218392	0.000144566369732	0.000223733667442	0.000168660764687	0.00427847613278	1.72102821109e-05	0.000103261692666	9.63775798213e-05	0.00177954317027	0.000282248626619	0.000275364513775	3.44205642219e-06	6.88411284438e-06	2.40943949553e-05	0.00018931310322	0.00576544450717	0.00127011881979	0.0163394418361	0.00433354903554	0.00104294309592	0.000278806570197	3.44205642219e-05	0.000533518745439	0.000123914031199	0.000213407498176	4.47467334885e-05	0.000375184150019	9.98196362435e-05	0
0.00821963073619	0.000437141165618	0.00797180267379	0	0.000268480400931	3.44205642219e-05	0.000598917817461	0.0170037587256	0.00151106276934	0.00233371425424	0.000402720601396	0.000340763585797	0.000292574795886	0.000106703749088	0.00624733240627	5.85149591772e-05	0.000468119673418	0.0048395313296	0.000154892538998	0.000567939309661	0.000378626206441	0.0222150321488	0.00234748247993	0.018050143878	0.00329749005246	2.40943949553e-05	0.00356252839697	0.00323553303686	0.0158093651471	0.0215954619928	0.0646865663422	6.88411284438e-06	6.19570155994e-05	0.0143533752805	0.0147767482205	0.000395836488552	0.00025127011882	0.000230617780287	0	0.000416488827085	0	0.000378626206441	0.000822651484903	0.000416488827085	0.00364169569468	0.000313227134419	4.47467334885e-05	0.00099131224959	6.88411284438e-06	0.000416488827085	3.44205642219e-06	0.000540402858284	0.000154892538998	1.03261692666e-05	4.81887899106e-05	0.000278806570197	0.000316669190841	0.000836419710592	0.000536960801861	0.00322176481117	1.03261692666e-05	0.000223733667442	0.000444025278462	0.00222701050516	0.000340763585797	0.000643664550949	0	3.44205642219e-06	5.5072902755e-05	0.000237501893131	0.00491869862731	0.000915587008302	0.00798557089948	0.00342484614008	0.000984428136746	1.03261692666e-05	6.88411284438e-06	0.000712505679393	0.000309785077997	0.000278806570197	6.19570155994e-05	0.000357973867908	8.94934669769e-05	3.44205642219e-06
