0.0159363986727	5.15240823561e-06	0.000159724655304	0	0.000190639104718	0	0.000963500340059	0.00387976340141	0.00215370664248	0.000273077636487	0.000324601718843	0	0.00046886914944	4.63716741205e-05	0.00489994023206	8.24385317697e-05	0.000164877063539	7.21337152985e-05	0	2.06096329424e-05	0.000247315595309	0.000870756991818	0.000314296902372	0.000798623276519	0.00103048164712	0	4.12192658849e-05	0.000123657797655	0.00167968508481	0.00723913357103	0.00530698048268	0	1.03048164712e-05	0.00176727602481	0.00201459162012	0	0	5.15240823561e-06	0	0	0	0	2.06096329424e-05	0	0.000108200572948	5.15240823561e-06	0	5.15240823561e-06	0	0	0	2.06096329424e-05	0	0	0	0	5.15240823561e-06	5.66764905917e-05	2.06096329424e-05	8.24385317697e-05	0	0	0	4.63716741205e-05	0	1.03048164712e-05	0	0	0	0	0.000674965478865	0.000103048164712	0.000999567197708	0.000303992085901	0.000298839677665	9.78957564766e-05	0	1.03048164712e-05	5.15240823561e-06	5.15240823561e-06	1.03048164712e-05	0	0	0
5.15240823561e-06	0.0115671564889	0.00177242843305	0	0	5.15240823561e-06	0	5.15240823561e-06	5.15240823561e-06	3.09144494137e-05	0	0.000159724655304	0	7.21337152985e-05	5.15240823561e-06	0	7.72861235341e-05	0.00092743348241	1.03048164712e-05	0.000360668576493	0	0.000154572247068	0.00202489643659	0.000659508254158	2.5762041178e-05	0.000654355845922	0.00250407040251	0.00666206384864	6.18288988273e-05	1.54572247068e-05	7.72861235341e-05	5.15240823561e-06	0	2.06096329424e-05	0.000855299767111	0	0.00272562395664	0.000309144494137	0	0	0	0	2.06096329424e-05	0	5.15240823561e-06	0	4.12192658849e-05	0	3.60668576493e-05	0	0	5.15240823561e-05	0.00012881020589	1.54572247068e-05	8.24385317697e-05	0	1.54572247068e-05	0.000401887842378	0.000206096329424	5.15240823561e-06	0.000133962614126	0.000489478782383	0.00106654850477	2.5762041178e-05	0	1.54572247068e-05	0	0	0	4.63716741205e-05	0.000283382452959	0.000479173965912	0.00071618474475	0.000303992085901	5.15240823561e-06	5.66764905917e-05	1.03048164712e-05	7.21337152985e-05	0.000283382452959	0.000154572247068	6.69813070629e-05	0	5.15240823561e-06	0
0.000159724655304	0.00177242843305	0.0315842624843	0	5.15240823561e-06	1.03048164712e-05	3.09144494137e-05	8.75909400054e-05	6.69813070629e-05	5.66764905917e-05	1.03048164712e-05	0.000159724655304	1.03048164712e-05	0.000139115022361	5.66764905917e-05	2.5762041178e-05	0.000772861235341	0.00666721625688	1.54572247068e-05	0.00050493600709	0	0.00252468003545	0.00175181880011	0.0121339213949	0.000149419838833	4.63716741205e-05	0.0051369510109	0.0135353764349	0.000561612497681	0.000370973392964	0.00190639104718	0	5.15240823561e-06	0.000185486696482	0.00494115949795	0	0.000479173965912	0.000103048164712	0	0	0	0	1.54572247068e-05	0	2.5762041178e-05	0	2.06096329424e-05	0	0	0	0	5.66764905917e-05	2.06096329424e-05	5.15240823561e-06	1.54572247068e-05	0	5.15240823561e-06	0.000360668576493	0.000113352981183	3.09144494137e-05	1.54572247068e-05	7.21337152985e-05	0.000231858370602	2.06096329424e-05	0	2.06096329424e-05	0	0	0	2.5762041178e-05	0.00233919333897	0.00201459162012	0.0043846994085	0.00215885905072	0.000185486696482	0.000365820984728	7.21337152985e-05	0.000133962614126	0.000113352981183	4.63716741205e-05	3.60668576493e-05	0	0	0
0	0	0	0	0	0	0	0	0	0	0	0	0	0	0	0	0	0	0	0	0	0	0	0	0	0	0	0	0	0	0	0	0	0	0	0	0	0	0	0	0	0	0	0	0	0	0	0	0	0	0	0	0	0	0	0	0	0	0	0	0	0	0	0	0	0	0	0	0	0	0	0	0	0	0	0	0	0	0	0	0	0	0	0
0.000190639104718	0	5.15240823561e-06	0	0.0177088271058	5.15240823561e-06	0.00135508336597	0.000850147358876	0.000571917314153	0.000412192658849	0.00176212361658	0	0.00349333278374	0	0.000123657797655	2.06096329424e-05	2.06096329424e-05	0	0	0	0.00914037220997	4.12192658849e-05	5.15240823561e-05	3.60668576493e-05	0.0106551802312	0	0	1.03048164712e-05	0.0039209826673	0.000180334288246	0.000123657797655	0	0	8.24385317697e-05	9.2743348241e-05	1.54572247068e-05	0	0	0	0.000242163187074	0	0	6.69813070629e-05	0	0.000221553554131	1.03048164712e-05	0	1.54572247068e-05	0	0	0	5.15240823561e-06	0	0	0	2.06096329424e-05	5.15240823561e-06	1.03048164712e-05	1.03048164712e-05	0.000170029471775	0	0	0	0.000123657797655	0	5.15240823561e-06	0	0	0	5.15240823561e-06	8.75909400054e-05	5.15240823561e-06	3.60668576493e-05	5.15240823561e-06	0.000154572247068	0	0	5.15240823561e-06	0	0	0	0	0	0
0	5.15240823561e-06	1.03048164712e-05	0	5.15240823561e-06	0.00546155272975	0.00244224150368	5.15240823561e-06	0.00181880010717	0	0	5.15240823561e-06	1.54572247068e-05	8.24385317697e-05	0.000484326374147	0.000685270295336	0	5.15240823561e-06	0	5.15240823561e-06	1.54572247068e-05	5.15240823561e-06	0	1.03048164712e-05	5.15240823561e-06	0	5.15240823561e-06	1.03048164712e-05	0	0.000458564332969	1.54572247068e-05	0	0.00176212361658	1.54572247068e-05	0.000515240823561	0	0	0	0	0	0	0	0	0	0	0	0	0	0	0	0	0	0	0	0	0	5.15240823561e-06	0	2.06096329424e-05	0	0	0	5.15240823561e-06	0	0	0	0	0	0	0	0.000103048164712	2.5762041178e-05	0.000262772820016	0.000159724655304	0.000664660662394	0.00034005894355	5.15240823561e-06	3.09144494137e-05	5.15240823561e-06	2.06096329424e-05	2.5762041178e-05	0	0	5.15240823561e-06
0.000963500340059	0	3.09144494137e-05	0	0.00135508336597	0.00244224150368	0.0499319882113	0.00141175985656	0.0224851095402	0.000262772820016	0.0115001751819	5.15240823561e-05	0.0133808041879	0.000252468003545	0.00550792440387	0.00243193668721	4.12192658849e-05	2.5762041178e-05	0	1.03048164712e-05	0.00604892726861	0.000185486696482	8.24385317697e-05	0.000149419838833	0.00194245790482	5.15240823561e-06	2.5762041178e-05	3.60668576493e-05	0.00106139609654	0.00356031409081	0.000618288988273	0	0.00193730549659	0.000587374538859	0.00261742338369	0	0	0	0	5.15240823561e-06	0	0	2.5762041178e-05	0	7.21337152985e-05	0	0	5.66764905917e-05	0	5.15240823561e-06	0	5.15240823561e-06	0	0	0	0	0	2.06096329424e-05	5.15240823561e-06	5.15240823561e-05	0	0	0	2.06096329424e-05	5.15240823561e-06	1.03048164712e-05	0	0	0	0	0.000510088415325	5.15240823561e-05	0.00123657797655	0.000329754127079	0.00192184827188	0.000556460089446	1.54572247068e-05	0	0	5.15240823561e-06	0	0	0	0
0.00387976340141	5.15240823561e-06	8.75909400054e-05	0	0.000850147358876	5.15240823561e-06	0.00141175985656	0.0219286494508	0.00135508336597	0.000649203437687	0.0014323694895	0	0.00106654850477	1.54572247068e-05	0.00171575194246	5.15240823561e-05	0.000200943921189	5.66764905917e-05	0	5.15240823561e-06	0.00121081593537	0.000741946785928	0.000365820984728	0.000530698048268	0.00269470950722	0	1.54572247068e-05	6.18288988273e-05	0.00694029389337	0.00198882957895	0.00373549597082	0	5.15240823561e-06	0.000695575111807	0.00112322499536	2.06096329424e-05	0	0	0	0	0	5.15240823561e-06	0.000118505389419	0	0.000334906535315	1.54572247068e-05	0	2.06096329424e-05	0	5.15240823561e-06	0	2.06096329424e-05	0	0	0	5.15240823561e-06	1.03048164712e-05	3.09144494137e-05	1.03048164712e-05	0.000262772820016	0	0	0	0.000118505389419	1.03048164712e-05	1.03048164712e-05	0	0	1.03048164712e-05	1.03048164712e-05	0.000489478782383	7.72861235341e-05	0.000623441396509	0.000252468003545	0.000298839677665	0.000103048164712	0	2.06096329424e-05	5.15240823561e-06	1.03048164712e-05	1.03048164712e-05	5.15240823561e-06	0	0
0.00215370664248	5.15240823561e-06	6.69813070629e-05	0	0.000571917314153	0.00181880010717	0.0224851095402	0.00135508336597	0.0463665217122	0.000206096329424	0.00441046144968	0.00012881020589	0.00343665629315	0.000453411924734	0.0156014921374	0.000721337152985	5.66764905917e-05	3.09144494137e-05	0	1.03048164712e-05	0.00167968508481	0.000237010778838	0.000123657797655	0.000221553554131	0.00122627316008	1.03048164712e-05	2.5762041178e-05	5.66764905917e-05	0.000886214216525	0.00607468930978	0.00107685332124	0	0.00233404093073	0.000700727520043	0.00382823931906	0	0	0	0	0	0	0	3.09144494137e-05	0	9.2743348241e-05	5.15240823561e-06	5.15240823561e-06	0	0	5.15240823561e-06	0	5.15240823561e-06	0	0	0	0	0	2.5762041178e-05	1.03048164712e-05	6.18288988273e-05	0	0	5.15240823561e-06	1.03048164712e-05	0	1.03048164712e-05	0	0	0	0	0.00063374621298	9.2743348241e-05	0.00175181880011	0.00042249747532	0.00125718760949	0.000984109973001	2.06096329424e-05	5.15240823561e-06	5.15240823561e-06	5.15240823561e-06	5.15240823561e-06	0	0	0
0.000273077636487	3.09144494137e-05	5.66764905917e-05	0	0.000412192658849	0	0.000262772820016	0.000649203437687	0.000206096329424	0.0136538818244	9.2743348241e-05	1.03048164712e-05	0.000917128665938	1.03048164712e-05	0.000154572247068	0.000412192658849	0.000267925228252	2.06096329424e-05	0	0	0.000324601718843	0.000319449310608	0.00217946868366	0.000309144494137	0.00557490571093	0	5.15240823561e-06	7.21337152985e-05	0.00196306753777	0.000427649883556	0.000649203437687	0	5.15240823561e-06	0.000242163187074	0.000515240823561	7.72861235341e-05	0	1.03048164712e-05	0	4.63716741205e-05	0	1.03048164712e-05	0.000644051029451	2.06096329424e-05	0.00205581088601	0.000133962614126	0	6.69813070629e-05	0	7.21337152985e-05	5.15240823561e-06	8.24385317697e-05	0	0	0	3.60668576493e-05	1.54572247068e-05	0.00021124873766	5.66764905917e-05	0.0013602357742	0	0	5.15240823561e-06	0.000767708827106	3.60668576493e-05	3.60668576493e-05	0	0	1.54572247068e-05	3.60668576493e-05	0.000901671441232	5.66764905917e-05	0.000324601718843	0.000133962614126	0.00178788565776	3.60668576493e-05	5.15240823561e-06	6.69813070629e-05	2.5762041178e-05	1.54572247068e-05	1.03048164712e-05	1.54572247068e-05	0	0
0.000324601718843	0	1.03048164712e-05	0	0.00176212361658	0	0.0115001751819	0.0014323694895	0.00441046144968	9.2743348241e-05	0.0263030440428	0	0.00702788483337	5.15240823561e-06	0.000561612497681	7.72861235341e-05	5.15240823561e-06	1.54572247068e-05	0	0	0.00789864182519	5.15240823561e-05	2.06096329424e-05	4.12192658849e-05	0.00151480802127	0	5.15240823561e-06	1.03048164712e-05	0.00117474907772	0.000298839677665	0.000226705962367	0	0	8.75909400054e-05	0.000159724655304	0	0	0	0	0	0	0	1.54572247068e-05	0	3.09144494137e-05	0	0	2.5762041178e-05	0	5.15240823561e-06	0	0	0	0	0	0	0	5.15240823561e-06	0	3.09144494137e-05	0	0	0	1.03048164712e-05	0	0	0	0	0	0	6.69813070629e-05	5.15240823561e-06	0.000108200572948	4.63716741205e-05	0.000133962614126	1.54572247068e-05	0	0	0	0	0	0	0	0
0	0.000159724655304	0.000159724655304	0	0	5.15240823561e-06	5.15240823561e-05	0	0.00012881020589	1.03048164712e-05	0	0.030332227283	5.15240823561e-06	0.00944951670411	6.69813070629e-05	5.15240823561e-06	1.03048164712e-05	0.000819232909462	0.00390552544259	0.00320479792255	0	5.66764905917e-05	2.5762041178e-05	0.000159724655304	1.54572247068e-05	0.00245254632015	0.00962985099235	0.00140145504009	1.54572247068e-05	0.000288534861194	6.18288988273e-05	0.00046886914944	3.09144494137e-05	2.06096329424e-05	0.00537911419798	0	0.000324601718843	1.03048164712e-05	0	0	0	0	5.15240823561e-06	0	0	0	0.000309144494137	0	0.000242163187074	0	0	0	1.54572247068e-05	2.5762041178e-05	0.000154572247068	0	0	5.15240823561e-06	0	5.15240823561e-06	0.00063374621298	0.000386430617671	0.000396735434142	5.15240823561e-06	5.15240823561e-06	0	0	0	0	3.60668576493e-05	0.000303992085901	0.00165392304363	0.00248346076956	0.000515240823561	3.09144494137e-05	0.000103048164712	0.000587374538859	5.15240823561e-05	0.000489478782383	0.000175181880011	2.5762041178e-05	0	0	3.60668576493e-05
0.00046886914944	0	1.03048164712e-05	0	0.00349333278374	1.54572247068e-05	0.0133808041879	0.00106654850477	0.00343665629315	0.000917128665938	0.00702788483337	5.15240823561e-06	0.0357267987057	3.60668576493e-05	0.000829537725933	0.00216401145896	2.5762041178e-05	5.15240823561e-06	0	0	0.0111910306877	0.000103048164712	9.2743348241e-05	4.12192658849e-05	0.0050648172956	5.15240823561e-06	0	5.15240823561e-06	0.00138084540714	0.000664660662394	0.00029368726943	0	5.15240823561e-06	0.000237010778838	0.000443107108262	5.15240823561e-06	0	0	0	6.69813070629e-05	0	1.03048164712e-05	8.24385317697e-05	0	0.000180334288246	6.69813070629e-05	0	0.00106139609654	0	1.03048164712e-05	0	0	0	0	0	0.00021124873766	0	0	0	0.000159724655304	0	0	0	6.18288988273e-05	5.15240823561e-06	5.15240823561e-06	0	0	0	0	0.000252468003545	1.03048164712e-05	0.000200943921189	0.000118505389419	0.000829537725933	4.63716741205e-05	5.15240823561e-06	5.15240823561e-06	0	5.15240823561e-06	0	0	0	0
4.63716741205e-05	7.21337152985e-05	0.000139115022361	0	0	8.24385317697e-05	0.000252468003545	1.54572247068e-05	0.000453411924734	1.03048164712e-05	5.15240823561e-06	0.00944951670411	3.60668576493e-05	0.0218152964696	0.000314296902372	2.5762041178e-05	3.09144494137e-05	0.000298839677665	0.000541002864739	0.000453411924734	1.54572247068e-05	7.21337152985e-05	5.15240823561e-05	0.000231858370602	4.63716741205e-05	0.00365820984728	0.0065693205004	0.00299354918489	5.15240823561e-05	0.0006801178871	0.000118505389419	0.000963500340059	9.2743348241e-05	7.21337152985e-05	0.0023288885225	0	0.000190639104718	0	0	0	0	0	5.15240823561e-06	0	0	0	0.000283382452959	0	0.000226705962367	0	0	0	5.15240823561e-06	2.5762041178e-05	9.78957564766e-05	0	0	1.03048164712e-05	1.03048164712e-05	0	0.000546155272975	0.000350363760021	0.000303992085901	5.15240823561e-06	5.15240823561e-06	5.15240823561e-06	0	0	0	7.72861235341e-05	0.000875909400054	0.000994414789473	0.00258650893428	0.00154572247068	0.000144267430597	0.000700727520043	0.00104078646359	5.15240823561e-05	0.000448259516498	0.000154572247068	3.09144494137e-05	0	0	4.12192658849e-05
0.00489994023206	5.15240823561e-06	5.66764905917e-05	0	0.000123657797655	0.000484326374147	0.00550792440387	0.00171575194246	0.0156014921374	0.000154572247068	0.000561612497681	6.69813070629e-05	0.000829537725933	0.000314296902372	0.027838461697	0.000231858370602	3.60668576493e-05	3.09144494137e-05	0	5.15240823561e-06	0.000324601718843	0.000237010778838	8.24385317697e-05	0.000298839677665	0.000494631190618	5.15240823561e-06	3.09144494137e-05	4.63716741205e-05	0.000695575111807	0.00773376476165	0.00125203520125	0	0.00126749242596	0.000917128665938	0.00290080583665	5.15240823561e-06	5.15240823561e-06	0	0	0	0	0	2.06096329424e-05	0	5.66764905917e-05	5.15240823561e-06	0	0	0	5.15240823561e-06	0	1.03048164712e-05	0	0	5.15240823561e-06	0	0	1.54572247068e-05	5.15240823561e-06	4.12192658849e-05	0	5.15240823561e-06	0	1.54572247068e-05	5.15240823561e-06	5.15240823561e-06	0	0	0	0	0.00050493600709	8.24385317697e-05	0.00140145504009	0.000324601718843	0.000752251602399	0.000649203437687	5.15240823561e-06	5.15240823561e-06	5.15240823561e-06	5.15240823561e-06	5.15240823561e-06	0	0	0
8.24385317697e-05	0	2.5762041178e-05	0	2.06096329424e-05	0.000685270295336	0.00243193668721	5.15240823561e-05	0.000721337152985	0.000412192658849	7.72861235341e-05	5.15240823561e-06	0.00216401145896	2.5762041178e-05	0.000231858370602	0.00847571154758	5.15240823561e-06	2.06096329424e-05	0	5.15240823561e-06	0.000108200572948	2.5762041178e-05	2.06096329424e-05	3.60668576493e-05	0.000103048164712	0	1.03048164712e-05	1.54572247068e-05	4.63716741205e-05	0.000206096329424	9.2743348241e-05	0	1.03048164712e-05	6.69813070629e-05	0.000303992085901	0	0	0	0	0	0	0	1.54572247068e-05	0	2.06096329424e-05	5.15240823561e-06	0	5.15240823561e-06	0	0	0	0	0	0	0	0	0	0	1.54572247068e-05	2.5762041178e-05	0	0	0	1.03048164712e-05	0	5.15240823561e-06	0	0	0	5.15240823561e-06	0.0006801178871	5.15240823561e-05	0.000412192658849	0.000319449310608	0.00395189711671	9.78957564766e-05	1.03048164712e-05	4.12192658849e-05	5.15240823561e-06	1.03048164712e-05	1.54572247068e-05	0	0	5.15240823561e-06
0.000164877063539	7.72861235341e-05	0.000772861235341	0	2.06096329424e-05	0	4.12192658849e-05	0.000200943921189	5.66764905917e-05	0.000267925228252	5.15240823561e-06	1.03048164712e-05	2.5762041178e-05	3.09144494137e-05	3.60668576493e-05	5.15240823561e-06	0.0144834195503	0.000164877063539	0	2.06096329424e-05	2.06096329424e-05	0.00292141546959	0.00252983244368	0.00632715731333	0.00299870159312	5.15240823561e-06	0.000133962614126	0.00296263473548	0.00296778714371	0.000319449310608	0.000906823849467	0	0	0.000190639104718	0.00097380515653	5.15240823561e-06	5.15240823561e-06	5.15240823561e-06	0	1.03048164712e-05	0	0	3.60668576493e-05	0	9.78957564766e-05	0	0	0	0	0	0	3.60668576493e-05	0	0	0	0	2.06096329424e-05	0.000133962614126	3.60668576493e-05	8.24385317697e-05	0	0	1.54572247068e-05	6.18288988273e-05	5.15240823561e-06	1.54572247068e-05	0	0	0	2.06096329424e-05	0.000726489561221	0.000144267430597	0.000783166051813	0.000458564332969	0.000118505389419	8.75909400054e-05	1.03048164712e-05	4.63716741205e-05	1.03048164712e-05	5.15240823561e-06	0	0	0	0
7.21337152985e-05	0.00092743348241	0.00666721625688	0	0	5.15240823561e-06	2.5762041178e-05	5.66764905917e-05	3.09144494137e-05	2.06096329424e-05	1.54572247068e-05	0.000819232909462	5.15240823561e-06	0.000298839677665	3.09144494137e-05	2.06096329424e-05	0.000164877063539	0.0293378124936	5.66764905917e-05	0.00527606603326	0	0.00206096329424	0.000401887842378	0.00965561303353	9.78957564766e-05	0.000149419838833	0.0113456029348	0.00409616454731	0.000247315595309	0.000267925228252	0.00137569299891	5.15240823561e-06	0	0.000103048164712	0.00846540673111	0	0.000396735434142	4.12192658849e-05	0	0	0	0	1.03048164712e-05	0	2.06096329424e-05	0	2.06096329424e-05	0	1.54572247068e-05	0	0	1.03048164712e-05	3.09144494137e-05	5.15240823561e-06	1.03048164712e-05	0	5.15240823561e-06	8.24385317697e-05	4.12192658849e-05	2.5762041178e-05	4.63716741205e-05	7.21337152985e-05	0.000190639104718	1.03048164712e-05	0	5.15240823561e-06	0	0	0	3.09144494137e-05	0.00162300859422	0.0021124873766	0.00473506316852	0.00183425733188	0.000164877063539	0.000262772820016	6.18288988273e-05	9.78957564766e-05	6.18288988273e-05	3.09144494137e-05	1.54572247068e-05	0	0	1.54572247068e-05
0	1.03048164712e-05	1.54572247068e-05	0	0	0	0	0	0	0	0	0.00390552544259	0	0.000541002864739	0	0	0	5.66764905917e-05	0.00584283093918	0.00152511283774	0	0	0	5.15240823561e-06	0	0.000231858370602	0.00312751179901	0.000206096329424	0	1.03048164712e-05	0	5.15240823561e-06	0	0	0.000237010778838	0	2.06096329424e-05	0	0	0	0	0	0	0	0	0	5.15240823561e-05	0	2.06096329424e-05	0	0	0	0	0	3.09144494137e-05	0	0	0	0	0	7.21337152985e-05	6.18288988273e-05	4.12192658849e-05	0	0	0	0	0	0	0	2.5762041178e-05	0.000113352981183	0.000149419838833	3.09144494137e-05	0	5.15240823561e-06	1.54572247068e-05	5.15240823561e-06	5.66764905917e-05	2.06096329424e-05	5.15240823561e-06	0	0	0
2.06096329424e-05	0.000360668576493	0.00050493600709	0	0	5.15240823561e-06	1.03048164712e-05	5.15240823561e-06	1.03048164712e-05	0	0	0.00320479792255	0	0.000453411924734	5.15240823561e-06	5.15240823561e-06	2.06096329424e-05	0.00527606603326	0.00152511283774	0.014607077348	0	9.78957564766e-05	5.15240823561e-05	0.000365820984728	5.15240823561e-06	0.000324601718843	0.00891881865584	0.00163331341069	1.03048164712e-05	5.66764905917e-05	0.000108200572948	2.06096329424e-05	0	1.54572247068e-05	0.00334906535315	0	0.000252468003545	2.06096329424e-05	0	0	0	0	0	0	5.15240823561e-06	0	3.09144494137e-05	0	4.63716741205e-05	0	0	0	5.15240823561e-06	0	3.60668576493e-05	0	0	1.03048164712e-05	1.03048164712e-05	5.15240823561e-06	9.78957564766e-05	0.000123657797655	0.000139115022361	0	0	0	0	0	0	1.54572247068e-05	0.000314296902372	0.000994414789473	0.00163846581892	0.000489478782383	2.06096329424e-05	8.24385317697e-05	4.63716741205e-05	3.60668576493e-05	7.21337152985e-05	2.06096329424e-05	0	0	0	1.03048164712e-05
0.000247315595309	0	0	0	0.00914037220997	1.54572247068e-05	0.00604892726861	0.00121081593537	0.00167968508481	0.000324601718843	0.00789864182519	0	0.0111910306877	1.54572247068e-05	0.000324601718843	0.000108200572948	2.06096329424e-05	0	0	0	0.0249788751262	3.09144494137e-05	3.60668576493e-05	2.06096329424e-05	0.00537911419798	0	0	5.15240823561e-06	0.0029368726943	0.000278230044723	0.000185486696482	0	0	0.000108200572948	0.000108200572948	1.03048164712e-05	0	0	0	0.00012881020589	0	0	3.09144494137e-05	0	0.00012881020589	1.03048164712e-05	0	0.000144267430597	0	1.03048164712e-05	0	0	0	0	0	0	0	0	0	0.00012881020589	0	0	0	5.66764905917e-05	5.15240823561e-06	0	0	0	0	0	0.00012881020589	5.15240823561e-06	5.66764905917e-05	2.5762041178e-05	0.000221553554131	5.15240823561e-06	5.15240823561e-06	5.15240823561e-06	0	5.15240823561e-06	0	0	0	0
0.000870756991818	0.000154572247068	0.00252468003545	0	4.12192658849e-05	5.15240823561e-06	0.000185486696482	0.000741946785928	0.000237010778838	0.000319449310608	5.15240823561e-05	5.66764905917e-05	0.000103048164712	7.21337152985e-05	0.000237010778838	2.5762041178e-05	0.00292141546959	0.00206096329424	0	9.78957564766e-05	3.09144494137e-05	0.0384421178459	0.00119020630243	0.0180076667835	0.00114383462831	5.15240823561e-06	0.000391583025906	0.00147874116362	0.00941860225469	0.0016642278601	0.0132056223079	0	5.15240823561e-06	0.000623441396509	0.00608499412625	0	3.09144494137e-05	0	0	5.15240823561e-06	0	0	2.5762041178e-05	0	0.000139115022361	5.15240823561e-06	0	0	0	0	0	1.03048164712e-05	5.15240823561e-06	0	0	0	5.15240823561e-06	0.000123657797655	2.5762041178e-05	7.21337152985e-05	0	0	1.54572247068e-05	5.15240823561e-05	0	2.5762041178e-05	0	0	0	1.03048164712e-05	0.00198882957895	0.000530698048268	0.00298324436842	0.00153026524598	0.00025762041178	0.000334906535315	2.06096329424e-05	9.2743348241e-05	2.5762041178e-05	1.54572247068e-05	1.03048164712e-05	1.03048164712e-05	0	0
0.000314296902372	0.00202489643659	0.00175181880011	0	5.15240823561e-05	0	8.24385317697e-05	0.000365820984728	0.000123657797655	0.00217946868366	2.06096329424e-05	2.5762041178e-05	9.2743348241e-05	5.15240823561e-05	8.24385317697e-05	2.06096329424e-05	0.00252983244368	0.000401887842378	0	5.15240823561e-05	3.60668576493e-05	0.00119020630243	0.0181519342141	0.00289565342841	0.00343665629315	1.54572247068e-05	0.000298839677665	0.0040085736073	0.00217431627543	0.000510088415325	0.00113352981183	0	0	0.000247315595309	0.00154572247068	3.60668576493e-05	0.000144267430597	5.15240823561e-05	0	1.03048164712e-05	0	1.03048164712e-05	0.000206096329424	5.15240823561e-06	0.000587374538859	5.15240823561e-06	0	5.15240823561e-06	0	1.54572247068e-05	0	0.000298839677665	2.06096329424e-05	0	0	5.15240823561e-06	6.18288988273e-05	0.00165907545187	0.00034005894355	0.000298839677665	0	5.15240823561e-06	0.000221553554131	0.000401887842378	1.54572247068e-05	8.75909400054e-05	0	0	0	4.63716741205e-05	0.00109746295418	0.000407040250613	0.00115413944478	0.000582222130624	0.000108200572948	0.000118505389419	5.15240823561e-06	0.000180334288246	4.63716741205e-05	3.60668576493e-05	2.06096329424e-05	0	0	0
0.000798623276519	0.000659508254158	0.0121339213949	0	3.60668576493e-05	1.03048164712e-05	0.000149419838833	0.000530698048268	0.000221553554131	0.000309144494137	4.12192658849e-05	0.000159724655304	4.12192658849e-05	0.000231858370602	0.000298839677665	3.60668576493e-05	0.00632715731333	0.00965561303353	5.15240823561e-06	0.000365820984728	2.06096329424e-05	0.0180076667835	0.00289565342841	0.0583922425342	0.00102017683065	3.60668576493e-05	0.00178788565776	0.00819232909462	0.00515756064384	0.00161270377775	0.00880031326642	0	0	0.000607984171802	0.00976896601472	5.15240823561e-06	0.000123657797655	4.12192658849e-05	0	5.15240823561e-06	0	0	3.60668576493e-05	0	8.75909400054e-05	5.15240823561e-06	5.15240823561e-06	0	0	5.15240823561e-06	0	6.69813070629e-05	2.5762041178e-05	0	5.15240823561e-06	0	2.06096329424e-05	0.000345211351786	0.000118505389419	8.24385317697e-05	1.54572247068e-05	2.06096329424e-05	6.69813070629e-05	6.18288988273e-05	0	1.54572247068e-05	0	0	0	3.60668576493e-05	0.00462171018734	0.00191669586365	0.00695059870984	0.00380247727788	0.000463716741205	0.000618288988273	5.66764905917e-05	0.000206096329424	5.15240823561e-05	5.15240823561e-05	4.63716741205e-05	5.15240823561e-06	5.15240823561e-06	0
0.00103048164712	2.5762041178e-05	0.000149419838833	0	0.0106551802312	5.15240823561e-06	0.00194245790482	0.00269470950722	0.00122627316008	0.00557490571093	0.00151480802127	1.54572247068e-05	0.0050648172956	4.63716741205e-05	0.000494631190618	0.000103048164712	0.00299870159312	9.78957564766e-05	0	5.15240823561e-06	0.00537911419798	0.00114383462831	0.00343665629315	0.00102017683065	0.0383030028235	0	1.54572247068e-05	0.000200943921189	0.0124533707055	0.00134477854949	0.00185486696482	0	0	0.00071618474475	0.00121081593537	6.18288988273e-05	0	0	0	0.000139115022361	0	1.03048164712e-05	0.000437954700027	1.54572247068e-05	0.00116444426125	5.66764905917e-05	0	3.09144494137e-05	0	4.63716741205e-05	0	4.63716741205e-05	0	0	0	1.54572247068e-05	3.09144494137e-05	0.000170029471775	3.09144494137e-05	0.000875909400054	0	0	0	0.000499783598854	2.06096329424e-05	7.21337152985e-05	0	0	1.03048164712e-05	4.12192658849e-05	0.000953195523588	9.78957564766e-05	0.000695575111807	0.000298839677665	0.00084499495064	7.21337152985e-05	0	6.69813070629e-05	2.06096329424e-05	2.5762041178e-05	1.54572247068e-05	0	0	0
0	0.000654355845922	4.63716741205e-05	0	0	0	5.15240823561e-06	0	1.03048164712e-05	0	0	0.00245254632015	5.15240823561e-06	0.00365820984728	5.15240823561e-06	0	5.15240823561e-06	0.000149419838833	0.000231858370602	0.000324601718843	0	5.15240823561e-06	1.54572247068e-05	3.60668576493e-05	0	0.00961439376765	0.00284412934606	0.00127779724243	1.03048164712e-05	1.54572247068e-05	0	4.12192658849e-05	0	0	0.000355516168257	0	0.00046886914944	3.60668576493e-05	0	0	0	0	0	0	0	0	0.000510088415325	0	0.000360668576493	0	0	0	1.54572247068e-05	5.66764905917e-05	0.000170029471775	0	0	0	5.15240823561e-06	0	0.00119535871066	0.000592526947095	0.000644051029451	0	1.03048164712e-05	0	0	0	0	6.18288988273e-05	3.60668576493e-05	0.000443107108262	0.000216401145896	8.24385317697e-05	0	5.15240823561e-06	0.000283382452959	1.03048164712e-05	0.000571917314153	0.000190639104718	1.54572247068e-05	0	0	7.21337152985e-05
4.12192658849e-05	0.00250407040251	0.0051369510109	0	0	5.15240823561e-06	2.5762041178e-05	1.54572247068e-05	2.5762041178e-05	5.15240823561e-06	5.15240823561e-06	0.00962985099235	0	0.0065693205004	3.09144494137e-05	1.03048164712e-05	0.000133962614126	0.0113456029348	0.00312751179901	0.00891881865584	0	0.000391583025906	0.000298839677665	0.00178788565776	1.54572247068e-05	0.00284412934606	0.0623132252015	0.021738010346	7.21337152985e-05	0.000164877063539	0.000365820984728	0.00102017683065	0	6.69813070629e-05	0.00581191648977	0	0.00161785618598	0.000133962614126	0	0	0	0	5.15240823561e-06	0	5.15240823561e-06	0	0.000278230044723	0	0.00021124873766	0	0	1.03048164712e-05	6.18288988273e-05	1.54572247068e-05	0.000164877063539	0	5.15240823561e-06	6.18288988273e-05	7.21337152985e-05	5.15240823561e-06	0.000819232909462	0.000700727520043	0.00097380515653	0	0	1.03048164712e-05	0	0	0	7.72861235341e-05	0.00110776777066	0.0027926052637	0.00404464046495	0.00141691226479	9.2743348241e-05	0.000195791512953	0.000149419838833	9.78957564766e-05	0.000437954700027	0.000164877063539	3.09144494137e-05	0	5.15240823561e-06	2.5762041178e-05
0.000123657797655	0.00666206384864	0.0135353764349	0	1.03048164712e-05	1.03048164712e-05	3.60668576493e-05	6.18288988273e-05	5.66764905917e-05	7.21337152985e-05	1.03048164712e-05	0.00140145504009	5.15240823561e-06	0.00299354918489	4.63716741205e-05	1.54572247068e-05	0.00296263473548	0.00409616454731	0.000206096329424	0.00163331341069	5.15240823561e-06	0.00147874116362	0.0040085736073	0.00819232909462	0.000200943921189	0.00127779724243	0.021738010346	0.0592475423013	0.00071618474475	0.000267925228252	0.00092743348241	0.000288534861194	5.15240823561e-06	0.00012881020589	0.00403948805672	5.15240823561e-06	0.00125718760949	0.000118505389419	0	0	0	0	5.15240823561e-06	0	2.06096329424e-05	0	6.18288988273e-05	0	6.18288988273e-05	5.15240823561e-06	0	7.72861235341e-05	3.60668576493e-05	5.15240823561e-06	4.63716741205e-05	0	5.15240823561e-06	0.000474021557676	0.000175181880011	1.54572247068e-05	0.000216401145896	0.00034005894355	0.000597679355331	2.06096329424e-05	5.15240823561e-06	1.54572247068e-05	0	0	0	5.15240823561e-05	0.00178788565776	0.00212279219307	0.00357577131551	0.00170029471775	0.000113352981183	0.00029368726943	6.69813070629e-05	0.000149419838833	0.000206096329424	6.69813070629e-05	2.5762041178e-05	1.03048164712e-05	5.15240823561e-06	1.03048164712e-05
0.00167968508481	6.18288988273e-05	0.000561612497681	0	0.0039209826673	0	0.00106139609654	0.00694029389337	0.000886214216525	0.00196306753777	0.00117474907772	1.54572247068e-05	0.00138084540714	5.15240823561e-05	0.000695575111807	4.63716741205e-05	0.00296778714371	0.000247315595309	0	1.03048164712e-05	0.0029368726943	0.00941860225469	0.00217431627543	0.00515756064384	0.0124533707055	1.03048164712e-05	7.21337152985e-05	0.00071618474475	0.044764122751	0.00225160239896	0.00626017600627	0	5.15240823561e-06	0.00112322499536	0.00281321489664	1.03048164712e-05	1.54572247068e-05	0	0	1.03048164712e-05	0	0	0.000237010778838	0	0.000793470868284	1.54572247068e-05	5.15240823561e-06	2.06096329424e-05	0	1.54572247068e-05	0	4.12192658849e-05	0	5.15240823561e-06	5.15240823561e-06	5.15240823561e-06	5.15240823561e-06	0.000164877063539	2.5762041178e-05	0.000561612497681	0	0	0	0.000278230044723	1.03048164712e-05	5.66764905917e-05	0	0	1.03048164712e-05	3.09144494137e-05	0.00163331341069	0.000267925228252	0.00153541765421	0.000793470868284	0.000479173965912	0.000149419838833	5.15240823561e-06	8.75909400054e-05	1.54572247068e-05	3.09144494137e-05	1.54572247068e-05	1.54572247068e-05	0	0
0.00723913357103	1.54572247068e-05	0.000370973392964	0	0.000180334288246	0.000458564332969	0.00356031409081	0.00198882957895	0.00607468930978	0.000427649883556	0.000298839677665	0.000288534861194	0.000664660662394	0.0006801178871	0.00773376476165	0.000206096329424	0.000319449310608	0.000267925228252	1.03048164712e-05	5.66764905917e-05	0.000278230044723	0.0016642278601	0.000510088415325	0.00161270377775	0.00134477854949	1.54572247068e-05	0.000164877063539	0.000267925228252	0.00225160239896	0.0336658354115	0.0100471960594	0	0.00158694173657	0.00790894664166	0.00934131613116	5.15240823561e-06	5.15240823561e-06	0	0	0	0	5.15240823561e-06	4.12192658849e-05	0	0.000154572247068	0	5.15240823561e-06	0	0	1.03048164712e-05	0	1.03048164712e-05	0	0	5.15240823561e-06	0	0	4.63716741205e-05	1.03048164712e-05	0.000133962614126	5.15240823561e-06	5.15240823561e-06	5.15240823561e-06	5.66764905917e-05	5.15240823561e-06	5.15240823561e-06	0	0	0	5.15240823561e-06	0.00215370664248	0.00029368726943	0.0040085736073	0.00114383462831	0.00114383462831	0.00097380515653	3.09144494137e-05	5.66764905917e-05	1.03048164712e-05	1.54572247068e-05	2.5762041178e-05	0	0	0
0.00530698048268	7.72861235341e-05	0.00190639104718	0	0.000123657797655	1.54572247068e-05	0.000618288988273	0.00373549597082	0.00107685332124	0.000649203437687	0.000226705962367	6.18288988273e-05	0.00029368726943	0.000118505389419	0.00125203520125	9.2743348241e-05	0.000906823849467	0.00137569299891	0	0.000108200572948	0.000185486696482	0.0132056223079	0.00113352981183	0.00880031326642	0.00185486696482	0	0.000365820984728	0.00092743348241	0.00626017600627	0.0100471960594	0.035252777148	0	5.15240823561e-06	0.00336967498609	0.00890851383937	5.15240823561e-06	1.03048164712e-05	5.15240823561e-06	0	0	0	5.15240823561e-06	5.66764905917e-05	0	0.000231858370602	0	0	5.15240823561e-06	0	5.15240823561e-06	0	1.03048164712e-05	0	0	0	0	1.03048164712e-05	0.000103048164712	2.06096329424e-05	0.000149419838833	0	0	1.54572247068e-05	8.75909400054e-05	0	2.06096329424e-05	0	0	0	5.15240823561e-06	0.00303992085901	0.000525545640032	0.00403433564848	0.00190123863894	0.000556460089446	0.000412192658849	5.15240823561e-06	0.000123657797655	3.60668576493e-05	2.06096329424e-05	3.09144494137e-05	0	0	0
0	5.15240823561e-06	0	0	0	0	0	0	0	0	0	0.00046886914944	0	0.000963500340059	0	0	0	5.15240823561e-06	5.15240823561e-06	2.06096329424e-05	0	0	0	0	0	4.12192658849e-05	0.00102017683065	0.000288534861194	0	0	0	0.00123142556831	0	0	1.03048164712e-05	0	1.03048164712e-05	0	0	0	0	0	0	0	0	0	0	0	0	0	0	0	0	0	0	0	0	0	0	0	0	5.15240823561e-06	5.15240823561e-06	0	0	0	0	0	0	0	5.15240823561e-06	1.54572247068e-05	1.54572247068e-05	0	0	0	0	0	1.54572247068e-05	5.15240823561e-06	5.15240823561e-06	0	0	5.15240823561e-06
1.03048164712e-05	0	5.15240823561e-06	0	0	0.00176212361658	0.00193730549659	5.15240823561e-06	0.00233404093073	5.15240823561e-06	0	3.09144494137e-05	5.15240823561e-06	9.2743348241e-05	0.00126749242596	1.03048164712e-05	0	0	0	0	0	5.15240823561e-06	0	0	0	0	0	5.15240823561e-06	5.15240823561e-06	0.00158694173657	5.15240823561e-06	0	0.00492570227324	5.15240823561e-06	0.00103563405536	0	0	0	0	0	0	0	0	0	0	0	0	0	0	0	0	0	0	0	0	0	0	0	0	0	0	0	0	0	0	0	0	0	0	0	2.5762041178e-05	5.15240823561e-06	0.000180334288246	2.5762041178e-05	7.21337152985e-05	0.000350363760021	5.15240823561e-06	0	0	0	0	0	0	0
0.00176727602481	2.06096329424e-05	0.000185486696482	0	8.24385317697e-05	1.54572247068e-05	0.000587374538859	0.000695575111807	0.000700727520043	0.000242163187074	8.75909400054e-05	2.06096329424e-05	0.000237010778838	7.21337152985e-05	0.000917128665938	6.69813070629e-05	0.000190639104718	0.000103048164712	0	1.54572247068e-05	0.000108200572948	0.000623441396509	0.000247315595309	0.000607984171802	0.00071618474475	0	6.69813070629e-05	0.00012881020589	0.00112322499536	0.00790894664166	0.00336967498609	0	5.15240823561e-06	0.0105778941077	0.00524515158385	0	5.15240823561e-06	0	0	0	0	1.03048164712e-05	4.12192658849e-05	0	8.75909400054e-05	0	0	5.15240823561e-06	0	5.15240823561e-06	0	1.03048164712e-05	0	0	0	0	0	1.03048164712e-05	1.54572247068e-05	7.72861235341e-05	0	0	5.15240823561e-06	3.60668576493e-05	0	0	0	0	0	0	0.00144782671421	0.000154572247068	0.00233919333897	0.000808928092991	0.000479173965912	0.000252468003545	0	4.12192658849e-05	0	1.03048164712e-05	1.03048164712e-05	0	0	0
0.00201459162012	0.000855299767111	0.00494115949795	0	9.2743348241e-05	0.000515240823561	0.00261742338369	0.00112322499536	0.00382823931906	0.000515240823561	0.000159724655304	0.00537911419798	0.000443107108262	0.0023288885225	0.00290080583665	0.000303992085901	0.00097380515653	0.00846540673111	0.000237010778838	0.00334906535315	0.000108200572948	0.00608499412625	0.00154572247068	0.00976896601472	0.00121081593537	0.000355516168257	0.00581191648977	0.00403948805672	0.00281321489664	0.00934131613116	0.00890851383937	1.03048164712e-05	0.00103563405536	0.00524515158385	0.0514983203149	1.03048164712e-05	0.000288534861194	4.12192658849e-05	0	0	0	1.03048164712e-05	9.2743348241e-05	1.03048164712e-05	0.000164877063539	1.54572247068e-05	5.15240823561e-05	5.15240823561e-06	1.03048164712e-05	3.09144494137e-05	5.15240823561e-06	2.06096329424e-05	2.06096329424e-05	1.03048164712e-05	3.60668576493e-05	0	5.15240823561e-06	0.000164877063539	3.09144494137e-05	0.000113352981183	9.78957564766e-05	0.000103048164712	0.000216401145896	8.75909400054e-05	5.15240823561e-06	1.54572247068e-05	0	0	0	4.63716741205e-05	0.00909400053585	0.00360668576493	0.0238556501309	0.00865604583582	0.00215370664248	0.00276169081429	0.00025762041178	0.000432802291791	0.000133962614126	7.72861235341e-05	9.2743348241e-05	1.03048164712e-05	0	1.03048164712e-05
0	0	0	0	1.54572247068e-05	0	0	2.06096329424e-05	0	7.72861235341e-05	0	0	5.15240823561e-06	0	5.15240823561e-06	0	5.15240823561e-06	0	0	0	1.03048164712e-05	0	3.60668576493e-05	5.15240823561e-06	6.18288988273e-05	0	0	5.15240823561e-06	1.03048164712e-05	5.15240823561e-06	5.15240823561e-06	0	0	0	1.03048164712e-05	0.0148543929433	0	4.63716741205e-05	0	4.12192658849e-05	0	0.000736794377692	0.00597679355331	0.00156117969539	0.000365820984728	0.00258650893428	1.03048164712e-05	0.000237010778838	0	0.00735763896045	0.000113352981183	0.000195791512953	5.15240823561e-06	0	5.15240823561e-06	0.000123657797655	0.00021124873766	0.000133962614126	0.000355516168257	0.000875909400054	5.15240823561e-06	1.54572247068e-05	3.60668576493e-05	0.00207126811071	0.00516786546032	0.00254528966839	0	5.15240823561e-06	0.00106654850477	0.00139115022361	3.60668576493e-05	5.15240823561e-06	2.06096329424e-05	2.5762041178e-05	0	0	0	0.00101502442242	0.000216401145896	0.000948043115352	0.000334906535315	0.000638898621216	0.000108200572948	1.03048164712e-05
0	0.00272562395664	0.000479173965912	0	0	0	0	0	0	0	0	0.000324601718843	0	0.000190639104718	5.15240823561e-06	0	5.15240823561e-06	0.000396735434142	2.06096329424e-05	0.000252468003545	0	3.09144494137e-05	0.000144267430597	0.000123657797655	0	0.00046886914944	0.00161785618598	0.00125718760949	1.54572247068e-05	5.15240823561e-06	1.03048164712e-05	1.03048164712e-05	0	5.15240823561e-06	0.000288534861194	0	0.0200789348942	0.00240617464603	0	0	0	0	4.12192658849e-05	0	2.5762041178e-05	5.15240823561e-06	0.000386430617671	0	0.000309144494137	1.03048164712e-05	0	0.000216401145896	0.000803775684755	8.75909400054e-05	0.000860452175347	0	7.21337152985e-05	0.00177758084129	0.000953195523588	5.15240823561e-05	0.0023288885225	0.00493600708971	0.0118659961666	6.69813070629e-05	1.03048164712e-05	8.75909400054e-05	5.15240823561e-06	0	5.15240823561e-06	0.000628593804744	5.66764905917e-05	0.000432802291791	0.000206096329424	6.18288988273e-05	0	1.54572247068e-05	2.06096329424e-05	0.000510088415325	0.00211763978484	0.0012881020589	0.000396735434142	1.54572247068e-05	5.15240823561e-06	5.15240823561e-06
5.15240823561e-06	0.000309144494137	0.000103048164712	0	0	0	0	0	0	1.03048164712e-05	0	1.03048164712e-05	0	0	0	0	5.15240823561e-06	4.12192658849e-05	0	2.06096329424e-05	0	0	5.15240823561e-05	4.12192658849e-05	0	3.60668576493e-05	0.000133962614126	0.000118505389419	0	0	5.15240823561e-06	0	0	0	4.12192658849e-05	4.63716741205e-05	0.00240617464603	0.0273438305064	0	0	0	0	0.000231858370602	1.54572247068e-05	1.03048164712e-05	3.09144494137e-05	0.000123657797655	0	4.12192658849e-05	3.60668576493e-05	0	0.000546155272975	0.0052090847262	5.15240823561e-05	0.000808928092991	0	0.000814080501226	0.000788318460048	0.00802745203108	0.000118505389419	0.000139115022361	0.010124482183	0.0093619257641	0.000298839677665	4.12192658849e-05	0.00092743348241	0	0	1.03048164712e-05	0.00121081593537	4.63716741205e-05	8.75909400054e-05	6.69813070629e-05	3.09144494137e-05	0	5.15240823561e-06	5.15240823561e-06	0.00136538818244	0.0030965973496	0.00247830836133	0.000984109973001	6.18288988273e-05	3.09144494137e-05	4.63716741205e-05
0	0	0	0	0	0	0	0	0	0	0	0	0	0	0	0	0	0	0	0	0	0	0	0	0	0	0	0	0	0	0	0	0	0	0	0	0	0	0	0	0	0	0	0	0	0	0	0	0	0	0	0	0	0	0	0	0	0	0	0	0	0	0	0	0	0	0	0	0	0	0	0	0	0	0	0	0	0	0	0	0	0	0	0
0	0	0	0	0.000242163187074	0	5.15240823561e-06	0	0	4.63716741205e-05	0	0	6.69813070629e-05	0	0	0	1.03048164712e-05	0	0	0	0.00012881020589	5.15240823561e-06	1.03048164712e-05	5.15240823561e-06	0.000139115022361	0	0	0	1.03048164712e-05	0	0	0	0	0	0	4.12192658849e-05	0	0	0	0.00960924135941	0	7.72861235341e-05	0.000901671441232	4.12192658849e-05	0.000329754127079	0.00192700068012	0	0.000906823849467	0	7.21337152985e-05	1.03048164712e-05	5.15240823561e-06	0	0	0	0.00384369654376	0	1.03048164712e-05	5.15240823561e-06	0.0024164794625	0	0	0	0.00387461099318	5.15240823561e-06	3.60668576493e-05	0	0	0	5.15240823561e-06	1.54572247068e-05	0	0	0	1.54572247068e-05	0	0	1.54572247068e-05	5.15240823561e-06	5.15240823561e-06	5.15240823561e-06	1.03048164712e-05	0	0
0	0	0	0	0	0	0	0	0	0	0	0	0	0	0	0	0	0	0	0	0	0	0	0	0	0	0	0	0	0	0	0	0	0	0	0	0	0	0	0	0.00138084540714	0.000370973392964	0	7.21337152985e-05	5.15240823561e-06	0	0	1.03048164712e-05	0	3.09144494137e-05	0.000329754127079	0	0	0	0	0	0	0	0	0	0	0	0	0	6.69813070629e-05	0	0	6.18288988273e-05	5.15240823561e-06	0.000139115022361	0	0	0	0	0	0	0	0	0	5.15240823561e-06	0	0.000881061808289	0.000345211351786	0
