0.0317881702497	3.65538827077e-05	0.000443215827831	0	0.000909277832355	0.000141646295492	0.00123826277672	0.0183637568253	0.014201183432	0.000840739302278	0.00506271275502	0.000612277535354	0.000562015946631	0.000141646295492	0.0144205067282	6.39692947385e-05	0.000164492472185	0.000530031299262	0.000137077060154	0.000319846473693	0.00104635489251	0.00102807795115	0.000379246533093	0.00177743254666	0.0038244499783	2.28461766923e-05	0.000717369948139	0.000333554179708	0.00785451554682	0.0124237508853	0.00514495899111	3.19846473693e-05	0.000150784766169	0.00467432775125	0.00773571542802	0.000324415709031	5.94000594001e-05	3.65538827077e-05	0	0.000758493066185	0	0.000233031002262	0.000891000891001	0.000164492472185	0.00206986360833	0.00086358547897	6.8538530077e-05	0.000721939183478	1.37077060154e-05	0.000392954239108	1.82769413539e-05	0.000173630942862	2.74154120308e-05	0	4.56923533847e-06	0.000694523771447	0.000187338648877	0.000392954239108	0.0001188001188	0.00349089579859	2.28461766923e-05	3.19846473693e-05	9.59539421078e-05	0.000986954833109	0.000397523474447	0.000210184825569	0	9.13847067693e-06	1.37077060154e-05	0.000424938886477	0.00139818601357	0.00044778506317	0.00445957369034	0.00189623266546	0.000502615887231	0.000534600534601	0.000123369354139	0.0003564003564	5.48308240616e-05	0.000342692650385	0.000127938589477	0.000150784766169	1.37077060154e-05	4.56923533847e-06
3.65538827077e-05	0.0227410842795	0.00402092709785	0	4.56923533847e-06	4.56923533847e-06	4.56923533847e-06	0.000109661648123	7.31077654155e-05	0.000895570126339	1.37077060154e-05	0.000173630942862	4.56923533847e-06	0.000260446414293	6.39692947385e-05	1.37077060154e-05	0.000479769710539	0.00168147860456	5.94000594001e-05	0.000557446711293	0	0.000292431061662	0.00415343492267	0.00171346325192	0.000653400653401	0.00140275524891	0.00687212994905	0.012501427886	0.000173630942862	0.000109661648123	0.000173630942862	9.13847067693e-06	0	9.13847067693e-05	0.000721939183478	2.28461766923e-05	0.00975988668296	0.00190994037148	0	1.37077060154e-05	0	9.13847067693e-06	5.48308240616e-05	1.37077060154e-05	3.65538827077e-05	1.37077060154e-05	0.000283292590985	1.37077060154e-05	0.000488908181216	4.56923533847e-05	4.56923533847e-06	6.8538530077e-05	0.00086358547897	0.000127938589477	0.00050718512257	9.13847067693e-06	0.000141646295492	0.000173630942862	0.000671677594755	7.76770007539e-05	0.00223435608051	0.00318475703091	0.00693609924379	7.31077654155e-05	5.48308240616e-05	5.02615887231e-05	0.000105092412785	0	0	0.000370108062416	0.000872723949647	0.000854447008293	0.000612277535354	0.000278723355646	5.02615887231e-05	3.19846473693e-05	9.13847067693e-06	0.000315277238354	0.000324415709031	0.000338123415046	0.000123369354139	1.37077060154e-05	0	2.28461766923e-05
0.000443215827831	0.00402092709785	0.0382079459003	0	1.37077060154e-05	4.56923533847e-06	4.11231180462e-05	0.000927554773709	0.000205615590231	9.59539421078e-05	7.76770007539e-05	0.000169061707523	1.82769413539e-05	5.48308240616e-05	0.000283292590985	4.56923533847e-06	0.000383815768431	0.00837083914007	0.000100523177446	0.000680816065431	2.74154120308e-05	0.00227547919856	0.00200589431359	0.0140138447831	0.000173630942862	4.11231180462e-05	0.00938520938521	0.0151698613237	0.000712800712801	0.000379246533093	0.000964108656416	0	1.37077060154e-05	0.000210184825569	0.00212469443239	2.74154120308e-05	0.00594000594001	0.002673002673	0	9.13847067693e-06	0	1.37077060154e-05	8.22462360924e-05	9.13847067693e-06	7.31077654155e-05	1.37077060154e-05	6.39692947385e-05	4.56923533847e-06	2.74154120308e-05	2.28461766923e-05	4.56923533847e-06	0.000251307943616	0.00128852436545	2.74154120308e-05	0.000402092709785	0	0.000333554179708	0.000895570126339	0.00206072513765	0.000114230883462	0.000127938589477	0.00253135637751	0.00572982111444	0.000246738708277	2.74154120308e-05	0.000114230883462	2.28461766923e-05	0	0	0.000351831121062	0.0039798039798	0.0032076032076	0.00222978684517	0.00132964748349	7.76770007539e-05	8.68154714309e-05	2.28461766923e-05	0.000580292887985	0.000434077357154	0.000228461766923	0.000155354001508	1.37077060154e-05	0	4.56923533847e-06
0	0	0	0	0	0	0	0	0	0	0	0	0	0	0	0	0	0	0	0	0	0	0	0	0	0	0	0	0	0	0	0	0	0	0	0	0	0	0	0	0	0	0	0	0	0	0	0	0	0	0	0	0	0	0	0	0	0	0	0	0	0	0	0	0	0	0	0	0	0	0	0	0	0	0	0	0	0	0	0	0	0	0	0
0.000909277832355	4.56923533847e-06	1.37077060154e-05	0	0.0243951474721	2.74154120308e-05	0.000758493066185	0.00247195631811	0.00136163213086	0.00086358547897	0.00423568115876	8.22462360924e-05	0.0056064517603	1.82769413539e-05	0.000735646889493	0.000365538827077	0	4.56923533847e-06	1.82769413539e-05	2.74154120308e-05	0.00514495899111	0	4.56923533847e-06	2.28461766923e-05	0.0134975211898	4.56923533847e-06	7.76770007539e-05	3.19846473693e-05	0.00807383884307	0.000676246830093	5.48308240616e-05	0	3.19846473693e-05	0.000374677297754	0.000872723949647	0.000137077060154	0	0	0	0.00421283498207	9.13847067693e-06	0.000699093006785	9.13847067693e-05	0.000210184825569	0.00245367937676	0.00375134221288	5.02615887231e-05	0.00664366818213	1.37077060154e-05	0.000347261885723	6.8538530077e-05	4.56923533847e-06	0	9.13847067693e-06	4.56923533847e-06	0.00542368234676	9.13847067693e-06	4.56923533847e-06	0	0.00313906467753	1.82769413539e-05	4.56923533847e-06	4.56923533847e-06	0.000242169472939	0.000265015649631	4.56923533847e-06	0	1.82769413539e-05	9.13847067693e-06	0.000164492472185	0.000182769413539	4.56923533847e-05	0.000543739005277	0.000265015649631	0.000488908181216	0.000109661648123	9.13847067693e-06	0.000100523177446	2.28461766923e-05	0.000146215530831	3.65538827077e-05	8.68154714309e-05	1.37077060154e-05	4.56923533847e-06
0.000141646295492	4.56923533847e-06	4.56923533847e-06	0	2.74154120308e-05	0.00641520641521	0.0024354024354	0.000159923236846	0.00233487925796	3.65538827077e-05	0.000191907884216	2.28461766923e-05	5.02615887231e-05	2.28461766923e-05	0.00141646295492	0.00114687806995	0	3.19846473693e-05	9.13847067693e-06	1.37077060154e-05	5.02615887231e-05	1.82769413539e-05	4.56923533847e-06	3.65538827077e-05	8.22462360924e-05	0	3.65538827077e-05	9.13847067693e-06	9.59539421078e-05	0.00106006259852	5.48308240616e-05	4.56923533847e-06	0.00242626396473	9.13847067693e-05	0.000836170066939	0	4.56923533847e-06	4.56923533847e-06	0	0	0	9.13847067693e-06	4.56923533847e-06	4.56923533847e-06	3.19846473693e-05	1.82769413539e-05	9.13847067693e-06	1.82769413539e-05	9.13847067693e-06	1.37077060154e-05	0	0	0	0	0	9.13847067693e-06	0	0	0	4.11231180462e-05	0	0	4.56923533847e-06	9.13847067693e-06	9.13847067693e-06	4.56923533847e-06	0	0	0	4.56923533847e-06	0.000310708003016	7.76770007539e-05	0.000612277535354	0.000488908181216	0.00123826277672	0.00146215530831	6.8538530077e-05	9.13847067693e-06	0	2.74154120308e-05	2.28461766923e-05	4.56923533847e-06	0	4.56923533847e-06
0.00123826277672	4.56923533847e-06	4.11231180462e-05	0	0.000758493066185	0.0024354024354	0.0337575106806	0.00437732745425	0.0199538507231	0.000246738708277	0.0116012885244	0.000278723355646	0.00407575792191	8.22462360924e-05	0.0053688515227	0.00173174019328	4.56923533847e-06	5.48308240616e-05	0.000100523177446	9.13847067693e-05	0.00226177149254	6.39692947385e-05	2.28461766923e-05	0.000105092412785	0.00187795572411	0	0.000233031002262	3.19846473693e-05	0.00266386420233	0.00295172602865	0.0001188001188	9.13847067693e-06	0.00182312490005	0.000214754060908	0.00209727902036	3.65538827077e-05	4.56923533847e-06	4.56923533847e-06	0	0.000137077060154	0	6.8538530077e-05	6.8538530077e-05	1.82769413539e-05	0.000351831121062	0.000159923236846	2.28461766923e-05	0.000150784766169	4.56923533847e-06	4.11231180462e-05	0	2.28461766923e-05	9.13847067693e-06	4.56923533847e-06	9.13847067693e-06	0.000164492472185	9.13847067693e-06	1.82769413539e-05	9.13847067693e-06	0.000530031299262	0	9.13847067693e-06	4.56923533847e-06	7.76770007539e-05	5.02615887231e-05	4.56923533847e-06	0	0	0	4.11231180462e-05	0.000603139064678	0.000228461766923	0.00183226337072	0.000913847067693	0.00218409449179	0.00118343195266	0.000137077060154	7.76770007539e-05	4.56923533847e-06	4.56923533847e-05	3.19846473693e-05	9.13847067693e-06	0	4.56923533847e-06
0.0183637568253	0.000109661648123	0.000927554773709	0	0.00247195631811	0.000159923236846	0.00437732745425	0.0627401704325	0.0133832903064	0.00164492472185	0.0101665486281	0.000534600534601	0.000557446711293	0.000127938589477	0.0110666879898	0.000201046354893	0.000265015649631	0.000854447008293	0.000150784766169	0.00038838500377	0.00044778506317	0.00219323296246	0.000575723652647	0.0031710493249	0.010692010692	2.28461766923e-05	0.00086358547897	0.000516323593247	0.0280459665075	0.0103356103356	0.0077448538987	9.13847067693e-06	0.000146215530831	0.00724680724681	0.00912019373558	0.000703662242124	0.000123369354139	0.0001188001188	0	0.00246281784743	4.56923533847e-06	0.000607708300016	0.00150327842636	0.000374677297754	0.0068538530077	0.0027552489091	0.000123369354139	0.00228461766923	2.28461766923e-05	0.000959539421078	4.11231180462e-05	0.000255877178954	3.19846473693e-05	0	1.82769413539e-05	0.00254963331886	0.000210184825569	0.000525462063924	0.0001188001188	0.0101574101574	2.74154120308e-05	9.59539421078e-05	0.000187338648877	0.00211098672637	0.000845308537616	0.000246738708277	0	2.28461766923e-05	2.74154120308e-05	0.000731077654155	0.00275067967376	0.000653400653401	0.00546937470014	0.00286491055722	0.00111489342259	0.000653400653401	0.000169061707523	0.000603139064678	0.000109661648123	0.000543739005277	0.000287861826323	0.000260446414293	2.74154120308e-05	2.28461766923e-05
0.014201183432	7.31077654155e-05	0.000205615590231	0	0.00136163213086	0.00233487925796	0.0199538507231	0.0133832903064	0.0569600877293	0.00056658518197	0.0151652920884	0.00139818601357	0.00291517214594	0.000187338648877	0.0249297480067	0.000772200772201	7.31077654155e-05	0.000379246533093	0.000338123415046	0.000548308240616	0.00309337232414	0.000434077357154	0.000146215530831	0.000731077654155	0.00411688103996	3.65538827077e-05	0.00109661648123	0.000278723355646	0.00735189965959	0.0121450275296	0.00133421671883	4.56923533847e-05	0.00218866372713	0.00170432478125	0.00923899385438	0.000201046354893	7.31077654155e-05	2.74154120308e-05	0	0.000630554476708	0	0.000251307943616	0.000534600534601	0.000114230883462	0.00144844760229	0.000758493066185	7.31077654155e-05	0.000699093006785	2.74154120308e-05	0.000319846473693	9.13847067693e-06	9.13847067693e-05	2.28461766923e-05	9.13847067693e-06	4.56923533847e-06	0.000621416006031	0.000100523177446	0.000164492472185	5.48308240616e-05	0.00265015649631	3.65538827077e-05	5.48308240616e-05	9.59539421078e-05	0.000639692947385	0.000315277238354	0.0001188001188	0	9.13847067693e-06	9.13847067693e-06	0.000319846473693	0.00222521760983	0.000822462360924	0.0072696534235	0.0032076032076	0.00232117155194	0.00270041808503	0.000306138767677	0.000223892531585	4.11231180462e-05	0.000274154120308	0.000105092412785	0.000100523177446	9.13847067693e-06	9.13847067693e-06
0.000840739302278	0.000895570126339	9.59539421078e-05	0	0.00086358547897	3.65538827077e-05	0.000246738708277	0.00164492472185	0.00056658518197	0.0187658495351	0.000287861826323	4.56923533847e-05	0.00224349455119	5.02615887231e-05	0.000648831418062	0.00062598524137	0.000657969888739	9.13847067693e-05	4.56923533847e-06	2.28461766923e-05	0.000365538827077	0.000708231477462	0.00335381873843	0.000575723652647	0.0088140549679	0.0001188001188	0.000137077060154	0.000315277238354	0.00384729615499	0.00178657101734	0.00186424801809	0	9.13847067693e-06	0.0018414018414	0.00255877178954	0.000498046651893	0.000164492472185	9.59539421078e-05	0	0.000909277832355	9.13847067693e-06	0.000109661648123	0.00124283201206	9.13847067693e-05	0.00625071394302	0.000525462063924	5.02615887231e-05	0.000639692947385	4.56923533847e-06	0.000310708003016	3.19846473693e-05	0.000667108359416	3.19846473693e-05	0	3.65538827077e-05	0.000936693244386	0.0002376002376	0.0011286011286	0.000146215530831	0.00382901921363	4.56923533847e-06	4.56923533847e-05	0.000164492472185	0.0016632016632	0.000392954239108	0.000306138767677	0	9.13847067693e-06	5.02615887231e-05	0.00038838500377	0.00111489342259	0.000155354001508	0.00074478536017	0.000534600534601	0.00181398642937	0.000123369354139	4.11231180462e-05	0.000543739005277	7.31077654155e-05	0.000365538827077	0.000159923236846	0.000146215530831	4.56923533847e-06	0
0.00506271275502	1.37077060154e-05	7.76770007539e-05	0	0.00423568115876	0.000191907884216	0.0116012885244	0.0101665486281	0.0151652920884	0.000287861826323	0.0464919695689	0.000420369651139	0.00437275821891	6.39692947385e-05	0.00565671334902	0.000191907884216	2.28461766923e-05	8.22462360924e-05	0.000100523177446	0.000173630942862	0.00564300564301	9.13847067693e-05	4.11231180462e-05	0.000173630942862	0.0033264033264	4.56923533847e-06	0.000370108062416	9.59539421078e-05	0.0123917662379	0.00362797285874	0.000132507824816	1.37077060154e-05	0.000246738708277	0.000913847067693	0.00440931210162	0.000205615590231	2.28461766923e-05	1.82769413539e-05	0	0.00266843343766	0	0.000895570126339	0.000146215530831	0.00026958488497	0.00132964748349	0.00390212697905	0.000100523177446	0.00513582052044	9.13847067693e-06	0.00056658518197	7.31077654155e-05	1.82769413539e-05	4.56923533847e-06	1.82769413539e-05	2.28461766923e-05	0.00379246533093	1.37077060154e-05	1.82769413539e-05	5.48308240616e-05	0.00220237143314	9.13847067693e-06	3.19846473693e-05	5.02615887231e-05	0.000196477119554	0.000456923533847	1.82769413539e-05	0	1.37077060154e-05	0	0.000315277238354	0.000767631536862	0.000242169472939	0.00298371067602	0.00102350871582	0.00080418541957	0.000552877475954	0.000141646295492	0.000246738708277	3.19846473693e-05	0.000274154120308	8.22462360924e-05	9.13847067693e-05	0	9.13847067693e-06
0.000612277535354	0.000173630942862	0.000169061707523	0	8.22462360924e-05	2.28461766923e-05	0.000278723355646	0.000534600534601	0.00139818601357	4.56923533847e-05	0.000420369651139	0.0249754403601	0.000105092412785	0.00562472870165	0.00168147860456	1.82769413539e-05	3.65538827077e-05	0.000639692947385	0.00395238856777	0.00309794155948	0.000132507824816	0.000159923236846	5.48308240616e-05	0.000424938886477	0.000246738708277	0.00196934043088	0.00987868680176	0.00115144730529	0.000374677297754	0.0026958488497	0.000141646295492	0.00106463183386	0.000155354001508	0.000255877178954	0.00634209864979	2.28461766923e-05	0.000132507824816	4.56923533847e-05	0	1.37077060154e-05	0	2.74154120308e-05	3.65538827077e-05	1.82769413539e-05	5.48308240616e-05	4.56923533847e-05	0.00106006259852	4.56923533847e-05	0.00114687806995	5.48308240616e-05	0	9.13847067693e-06	3.65538827077e-05	0.000100523177446	0.000100523177446	3.65538827077e-05	1.82769413539e-05	1.82769413539e-05	2.74154120308e-05	0.0001188001188	0.000689954536108	0.000598569829339	0.000342692650385	5.94000594001e-05	5.94000594001e-05	9.13847067693e-06	0.000127938589477	4.56923533847e-06	0	0.000137077060154	0.00126110895342	0.00460578922117	0.00485252792945	0.000845308537616	0.000114230883462	0.000429508121816	0.000516323593247	0.000169061707523	0.00137990907222	0.000164492472185	4.11231180462e-05	9.13847067693e-06	4.56923533847e-06	0.000201046354893
0.000562015946631	4.56923533847e-06	1.82769413539e-05	0	0.0056064517603	5.02615887231e-05	0.00407575792191	0.000557446711293	0.00291517214594	0.00224349455119	0.00437275821891	0.000105092412785	0.0346987731603	2.74154120308e-05	0.00123369354139	0.00177286331132	9.13847067693e-06	2.28461766923e-05	1.82769413539e-05	6.8538530077e-05	0.0112311804619	2.28461766923e-05	1.37077060154e-05	4.11231180462e-05	0.00591715976331	0	0.000146215530831	2.74154120308e-05	0.00135249366019	0.000950400950401	4.56923533847e-05	4.56923533847e-06	7.76770007539e-05	8.68154714309e-05	0.000891000891001	0.000406661945123	1.37077060154e-05	1.37077060154e-05	0	0.00143473989628	4.56923533847e-06	0.00515409746179	0.000201046354893	0.00126567818876	0.000635123712047	0.00522720522721	0.000301569532339	0.0129217975372	3.19846473693e-05	0.00203787896096	0.000470631239862	4.56923533847e-06	9.13847067693e-06	1.37077060154e-05	5.48308240616e-05	0.00272326426173	2.74154120308e-05	9.13847067693e-06	3.19846473693e-05	0.001485001485	2.28461766923e-05	9.13847067693e-05	3.65538827077e-05	0.000127938589477	0.00120170889402	0	4.56923533847e-06	7.31077654155e-05	0	0.000845308537616	0.000210184825569	5.94000594001e-05	0.00068538530077	0.000301569532339	0.00132507824816	0.000169061707523	2.74154120308e-05	0.000265015649631	0.000123369354139	0.000749354595508	0.000173630942862	0.000406661945123	5.02615887231e-05	2.28461766923e-05
0.000141646295492	0.000260446414293	5.48308240616e-05	0	1.82769413539e-05	2.28461766923e-05	8.22462360924e-05	0.000127938589477	0.000187338648877	5.02615887231e-05	6.39692947385e-05	0.00562472870165	2.74154120308e-05	0.0163304470997	0.000246738708277	4.56923533847e-06	1.82769413539e-05	9.59539421078e-05	0.000246738708277	0.000219323296246	9.13847067693e-06	6.8538530077e-05	3.65538827077e-05	0.000100523177446	8.22462360924e-05	0.00535514381668	0.00430421968884	0.00277809508579	8.22462360924e-05	0.0004158004158	8.68154714309e-05	0.0012474012474	4.11231180462e-05	0.000127938589477	0.000945831715062	9.13847067693e-06	0.000127938589477	3.19846473693e-05	0	0	0	2.74154120308e-05	2.74154120308e-05	9.13847067693e-06	4.56923533847e-05	3.19846473693e-05	0.00156267848576	3.65538827077e-05	0.00185510954742	4.56923533847e-05	0	9.13847067693e-06	9.13847067693e-06	0.000105092412785	0.000100523177446	1.82769413539e-05	4.56923533847e-06	2.28461766923e-05	9.13847067693e-06	5.94000594001e-05	0.00157638619177	0.000840739302278	0.000319846473693	3.19846473693e-05	4.56923533847e-05	1.37077060154e-05	0.000246738708277	4.56923533847e-06	0	0.0001188001188	0.000228461766923	0.00212926366773	0.00115144730529	0.000571154417308	3.65538827077e-05	0.0001782001782	0.000831600831601	5.02615887231e-05	0.00197847890156	0.000228461766923	5.02615887231e-05	1.82769413539e-05	9.13847067693e-06	0.000242169472939
0.0144205067282	6.39692947385e-05	0.000283292590985	0	0.000735646889493	0.00141646295492	0.0053688515227	0.0110666879898	0.0249297480067	0.000648831418062	0.00565671334902	0.00168147860456	0.00123369354139	0.000246738708277	0.044764798611	0.000283292590985	0.000105092412785	0.000434077357154	0.000360969591739	0.00056658518197	0.00151241689703	0.000813323890247	0.000228461766923	0.00111032418725	0.0027918027918	6.39692947385e-05	0.00132050901282	0.000383815768431	0.00495762034224	0.0196340042494	0.00251307943616	5.94000594001e-05	0.00262274108428	0.00351374197528	0.0107148568687	0.000196477119554	5.94000594001e-05	2.74154120308e-05	0	0.000502615887231	0	0.000150784766169	0.000653400653401	0.000123369354139	0.00137077060154	0.000543739005277	8.68154714309e-05	0.000420369651139	3.65538827077e-05	0.00026958488497	9.13847067693e-06	0.000137077060154	9.13847067693e-06	4.56923533847e-06	4.56923533847e-06	0.000411231180462	0.000141646295492	0.000233031002262	7.31077654155e-05	0.00232117155194	2.74154120308e-05	5.02615887231e-05	8.68154714309e-05	0.000726508418816	0.000251307943616	0.000127938589477	4.56923533847e-06	9.13847067693e-06	9.13847067693e-06	0.00026958488497	0.00206529437299	0.000854447008293	0.00724680724681	0.00312992620685	0.00131593977748	0.00239884855269	0.000251307943616	0.000278723355646	2.74154120308e-05	0.000274154120308	0.000159923236846	0.000127938589477	4.56923533847e-06	9.13847067693e-06
6.39692947385e-05	1.37077060154e-05	4.56923533847e-06	0	0.000365538827077	0.00114687806995	0.00173174019328	0.000201046354893	0.000772200772201	0.00062598524137	0.000191907884216	1.82769413539e-05	0.00177286331132	4.56923533847e-06	0.000283292590985	0.00678074524228	9.13847067693e-06	9.13847067693e-06	0	4.56923533847e-06	0.00032898494437	3.65538827077e-05	4.56923533847e-05	5.48308240616e-05	0.000808754654909	4.56923533847e-06	1.37077060154e-05	9.13847067693e-06	0.00026958488497	0.000255877178954	6.8538530077e-05	0	0.000105092412785	8.22462360924e-05	0.000297000297	4.56923533847e-06	4.56923533847e-06	0	0	0.000109661648123	0	1.37077060154e-05	2.74154120308e-05	0	0.000283292590985	9.59539421078e-05	0	0.000105092412785	0	4.56923533847e-06	0	4.56923533847e-06	0	0	0	0.000141646295492	9.13847067693e-06	1.37077060154e-05	1.37077060154e-05	0.000246738708277	0	0	9.13847067693e-06	4.56923533847e-05	0	9.13847067693e-06	0	0	0	1.37077060154e-05	0.000214754060908	1.37077060154e-05	0.00026958488497	0.000260446414293	0.00392954239108	0.000150784766169	1.37077060154e-05	4.56923533847e-06	0	9.13847067693e-06	1.37077060154e-05	0	0	4.56923533847e-06
0.000164492472185	0.000479769710539	0.000383815768431	0	0	0	4.56923533847e-06	0.000265015649631	7.31077654155e-05	0.000657969888739	2.28461766923e-05	3.65538827077e-05	9.13847067693e-06	1.82769413539e-05	0.000105092412785	9.13847067693e-06	0.0180210641749	0.000278723355646	1.82769413539e-05	3.19846473693e-05	1.37077060154e-05	0.00310708003016	0.0079230540769	0.00848507002353	0.00307509538279	4.56923533847e-06	0.000214754060908	0.00331269562039	0.00197390966622	0.000205615590231	0.000667108359416	4.56923533847e-06	0	0.0001782001782	0.000845308537616	4.56923533847e-05	0.0001188001188	8.22462360924e-05	0	9.13847067693e-06	0	4.56923533847e-06	0.000274154120308	1.82769413539e-05	0.000242169472939	0	9.13847067693e-06	9.13847067693e-06	0	1.82769413539e-05	4.56923533847e-06	0.00105549336319	4.11231180462e-05	0	0	4.56923533847e-06	0.000534600534601	0.00322131091362	0.000964108656416	0.000411231180462	0	4.56923533847e-05	0.0001782001782	0.00114230883462	3.19846473693e-05	0.000406661945123	0	0	0	0.000164492472185	0.001782001782	0.000562015946631	0.000891000891001	0.000772200772201	0.000187338648877	5.02615887231e-05	3.19846473693e-05	0.000223892531585	5.02615887231e-05	0.000100523177446	3.65538827077e-05	4.56923533847e-06	0	0
0.000530031299262	0.00168147860456	0.00837083914007	0	4.56923533847e-06	3.19846473693e-05	5.48308240616e-05	0.000854447008293	0.000379246533093	9.13847067693e-05	8.22462360924e-05	0.000639692947385	2.28461766923e-05	9.59539421078e-05	0.000434077357154	9.13847067693e-06	0.000278723355646	0.035882205113	0.000319846473693	0.00413515798131	4.11231180462e-05	0.00436818898357	0.000936693244386	0.0173996481689	0.000155354001508	4.56923533847e-05	0.0109798725183	0.00561559023097	0.000493477416554	0.000740216124832	0.00197390966622	4.56923533847e-06	3.65538827077e-05	0.000260446414293	0.00601311370542	1.37077060154e-05	0.00302483379406	0.00145301683763	0	4.56923533847e-06	0	9.13847067693e-06	6.8538530077e-05	1.37077060154e-05	4.56923533847e-05	9.13847067693e-06	5.48308240616e-05	0	3.19846473693e-05	1.37077060154e-05	4.56923533847e-06	7.76770007539e-05	0.000648831418062	9.13847067693e-06	0.000306138767677	4.56923533847e-06	0.000173630942862	0.000338123415046	0.000904708597016	8.68154714309e-05	0.0001188001188	0.0017226017226	0.00312535697151	0.000182769413539	1.37077060154e-05	5.94000594001e-05	4.56923533847e-06	4.56923533847e-06	0	0.000324415709031	0.0037650499189	0.00318932626625	0.00470631239862	0.00266386420233	0.000201046354893	0.000169061707523	4.56923533847e-05	0.000434077357154	0.000301569532339	0.000219323296246	0.000141646295492	1.37077060154e-05	0	4.56923533847e-06
0.000137077060154	5.94000594001e-05	0.000100523177446	0	1.82769413539e-05	9.13847067693e-06	0.000100523177446	0.000150784766169	0.000338123415046	4.56923533847e-06	0.000100523177446	0.00395238856777	1.82769413539e-05	0.000246738708277	0.000360969591739	0	1.82769413539e-05	0.000319846473693	0.00829773137465	0.0019602019602	2.74154120308e-05	7.31077654155e-05	2.28461766923e-05	0.000182769413539	4.56923533847e-05	0.000123369354139	0.00509926663773	0.000438646592493	9.59539421078e-05	0.000534600534601	6.8538530077e-05	4.56923533847e-05	2.74154120308e-05	8.68154714309e-05	0.00146215530831	4.56923533847e-06	0.000114230883462	5.02615887231e-05	0	9.13847067693e-06	0	0	1.37077060154e-05	0	1.37077060154e-05	4.56923533847e-06	0.0001782001782	1.37077060154e-05	0.000169061707523	9.13847067693e-06	0	4.56923533847e-06	4.11231180462e-05	3.65538827077e-05	8.22462360924e-05	1.37077060154e-05	4.56923533847e-06	1.82769413539e-05	1.37077060154e-05	3.19846473693e-05	0.000164492472185	0.000315277238354	0.000233031002262	1.82769413539e-05	4.56923533847e-06	4.56923533847e-06	3.19846473693e-05	0	0	1.37077060154e-05	0.00062598524137	0.00150327842636	0.00147586301432	0.000306138767677	2.28461766923e-05	0.000109661648123	3.19846473693e-05	5.02615887231e-05	9.59539421078e-05	1.82769413539e-05	0	4.56923533847e-06	0	4.56923533847e-06
0.000319846473693	0.000557446711293	0.000680816065431	0	2.74154120308e-05	1.37077060154e-05	9.13847067693e-05	0.00038838500377	0.000548308240616	2.28461766923e-05	0.000173630942862	0.00309794155948	6.8538530077e-05	0.000219323296246	0.00056658518197	4.56923533847e-06	3.19846473693e-05	0.00413515798131	0.0019602019602	0.0189714651253	6.39692947385e-05	0.000493477416554	7.76770007539e-05	0.00114230883462	0.000137077060154	0.000132507824816	0.0140092755477	0.00213383290306	0.000219323296246	0.000904708597016	0.000297000297	3.65538827077e-05	5.48308240616e-05	0.0001782001782	0.0041214502753	9.13847067693e-06	0.00098238559777	0.000233031002262	0	0	0	4.56923533847e-06	3.65538827077e-05	9.13847067693e-06	2.74154120308e-05	0	0.000132507824816	9.13847067693e-06	9.59539421078e-05	9.13847067693e-06	0	2.28461766923e-05	0.000214754060908	9.13847067693e-06	0.000233031002262	0	2.74154120308e-05	6.8538530077e-05	9.13847067693e-05	5.94000594001e-05	0.000324415709031	0.00106463183386	0.00103721642183	7.76770007539e-05	9.13847067693e-06	1.82769413539e-05	2.28461766923e-05	0	0	0.000127938589477	0.00189623266546	0.00238057161134	0.00332183409106	0.00068538530077	4.56923533847e-05	0.000169061707523	1.82769413539e-05	0.000260446414293	0.000146215530831	7.76770007539e-05	6.8538530077e-05	4.56923533847e-06	0	4.56923533847e-06
0.00104635489251	0	2.74154120308e-05	0	0.00514495899111	5.02615887231e-05	0.00226177149254	0.00044778506317	0.00309337232414	0.000365538827077	0.00564300564301	0.000132507824816	0.0112311804619	9.13847067693e-06	0.00151241689703	0.00032898494437	1.37077060154e-05	4.11231180462e-05	2.74154120308e-05	6.39692947385e-05	0.0193644193644	3.19846473693e-05	1.37077060154e-05	5.48308240616e-05	0.00454638916177	0	0.000127938589477	3.65538827077e-05	0.00121541660003	0.00113317036394	3.19846473693e-05	0	5.94000594001e-05	0.000123369354139	0.00115144730529	0.000109661648123	4.56923533847e-06	9.13847067693e-06	0	0.000964108656416	0	0.00104178565717	6.39692947385e-05	0.000255877178954	0.000370108062416	0.00143930913162	7.76770007539e-05	0.00334468026776	1.37077060154e-05	0.0004158004158	7.76770007539e-05	9.13847067693e-06	0	4.56923533847e-06	2.28461766923e-05	0.00141189371959	9.13847067693e-06	1.82769413539e-05	1.82769413539e-05	0.000575723652647	4.56923533847e-06	3.19846473693e-05	1.37077060154e-05	3.65538827077e-05	0.000278723355646	0	4.56923533847e-06	2.28461766923e-05	0	0.000191907884216	0.000187338648877	5.02615887231e-05	0.000840739302278	0.000310708003016	0.000562015946631	0.000169061707523	5.48308240616e-05	5.94000594001e-05	2.74154120308e-05	0.000164492472185	2.28461766923e-05	7.31077654155e-05	1.82769413539e-05	1.37077060154e-05
0.00102807795115	0.000292431061662	0.00227547919856	0	0	1.82769413539e-05	6.39692947385e-05	0.00219323296246	0.000434077357154	0.000708231477462	9.13847067693e-05	0.000159923236846	2.28461766923e-05	6.8538530077e-05	0.000813323890247	3.65538827077e-05	0.00310708003016	0.00436818898357	7.31077654155e-05	0.000493477416554	3.19846473693e-05	0.0417491032876	0.00318475703091	0.0270453039684	0.000630554476708	1.82769413539e-05	0.00145758607297	0.00150327842636	0.00883690114459	0.00243083320006	0.00837083914007	0	1.37077060154e-05	0.00187795572411	0.00586232893925	7.76770007539e-05	0.000292431061662	0.000182769413539	0	6.39692947385e-05	0	4.56923533847e-06	0.000653400653401	1.82769413539e-05	0.000424938886477	2.74154120308e-05	2.28461766923e-05	1.37077060154e-05	1.82769413539e-05	8.22462360924e-05	9.13847067693e-06	0.00109661648123	0.000114230883462	0	4.56923533847e-05	9.13847067693e-06	0.00056658518197	0.0032304493843	0.000644262182724	0.000763062301524	2.28461766923e-05	0.000169061707523	0.000338123415046	0.00174087866396	6.8538530077e-05	0.000635123712047	4.56923533847e-06	0	1.37077060154e-05	0.000383815768431	0.00398894245048	0.00125653971808	0.00518151287382	0.00365995750611	0.000639692947385	0.000351831121062	9.13847067693e-05	0.0004752004752	0.0001188001188	0.000246738708277	0.000159923236846	5.02615887231e-05	0	9.13847067693e-06
0.000379246533093	0.00415343492267	0.00200589431359	0	4.56923533847e-06	4.56923533847e-06	2.28461766923e-05	0.000575723652647	0.000146215530831	0.00335381873843	4.11231180462e-05	5.48308240616e-05	1.37077060154e-05	3.65538827077e-05	0.000228461766923	4.56923533847e-05	0.0079230540769	0.000936693244386	2.28461766923e-05	7.76770007539e-05	1.37077060154e-05	0.00318475703091	0.0313997852459	0.0103219026296	0.00312078773617	0.000173630942862	0.000520892828585	0.00992437915515	0.00224349455119	0.000470631239862	0.00121541660003	0	4.56923533847e-06	0.000374677297754	0.00132507824816	5.94000594001e-05	0.00310708003016	0.0012474012474	0	4.11231180462e-05	0	4.56923533847e-06	0.000607708300016	2.28461766923e-05	0.000575723652647	9.13847067693e-06	2.28461766923e-05	2.74154120308e-05	4.56923533847e-06	2.74154120308e-05	0	0.00303854150008	0.000219323296246	0	2.74154120308e-05	9.13847067693e-06	0.00169518631057	0.01066459528	0.00585319046858	0.00111946265792	3.19846473693e-05	0.000233031002262	0.00286947979256	0.00258618720157	5.48308240616e-05	0.000895570126339	4.56923533847e-06	0	9.13847067693e-06	0.000648831418062	0.00238971008202	0.00115601654063	0.00109661648123	0.00086358547897	0.000260446414293	6.39692947385e-05	3.19846473693e-05	0.00074478536017	0.000233031002262	0.000365538827077	0.0001782001782	1.82769413539e-05	4.56923533847e-06	0
0.00177743254666	0.00171346325192	0.0140138447831	0	2.28461766923e-05	3.65538827077e-05	0.000105092412785	0.0031710493249	0.000731077654155	0.000575723652647	0.000173630942862	0.000424938886477	4.11231180462e-05	0.000100523177446	0.00111032418725	5.48308240616e-05	0.00848507002353	0.0173996481689	0.000182769413539	0.00114230883462	5.48308240616e-05	0.0270453039684	0.0103219026296	0.0814648968495	0.000913847067693	2.74154120308e-05	0.00412601951063	0.0120810582349	0.00466062004524	0.00236229466999	0.00689497612575	4.56923533847e-06	5.02615887231e-05	0.00110575495191	0.00828402366864	9.13847067693e-05	0.00313906467753	0.00228461766923	0	5.48308240616e-05	0	3.65538827077e-05	0.000644262182724	4.11231180462e-05	0.000379246533093	3.65538827077e-05	5.48308240616e-05	4.56923533847e-05	4.11231180462e-05	9.13847067693e-05	1.37077060154e-05	0.0027552489091	0.000758493066185	4.56923533847e-06	0.000182769413539	1.37077060154e-05	0.00156724772109	0.00915674761829	0.00686299147838	0.000868154714309	7.76770007539e-05	0.00104178565717	0.00390212697905	0.00212012519705	9.59539421078e-05	0.000968677891755	9.13847067693e-06	4.56923533847e-06	4.56923533847e-06	0.000941262479724	0.00991524068447	0.00438646592493	0.0102670718055	0.00763519225058	0.00108290877522	0.000552877475954	0.000137077060154	0.00124283201206	0.000484338945877	0.000689954536108	0.000466062004524	5.02615887231e-05	1.37077060154e-05	1.82769413539e-05
0.0038244499783	0.000653400653401	0.000173630942862	0	0.0134975211898	8.22462360924e-05	0.00187795572411	0.010692010692	0.00411688103996	0.0088140549679	0.0033264033264	0.000246738708277	0.00591715976331	8.22462360924e-05	0.0027918027918	0.000808754654909	0.00307509538279	0.000155354001508	4.56923533847e-05	0.000137077060154	0.00454638916177	0.000630554476708	0.00312078773617	0.000913847067693	0.0511343126728	8.68154714309e-05	0.000365538827077	0.000552877475954	0.0244088551781	0.00428137351214	0.00277809508579	4.56923533847e-06	6.8538530077e-05	0.00333554179708	0.00521806675653	0.000689954536108	0.000127938589477	6.8538530077e-05	0	0.00182769413539	9.13847067693e-06	0.000383815768431	0.00120627812936	0.000219323296246	0.00716456101071	0.00186424801809	0.000105092412785	0.00196934043088	1.37077060154e-05	0.000630554476708	5.48308240616e-05	0.00026958488497	5.02615887231e-05	4.56923533847e-06	5.48308240616e-05	0.00241712549405	0.000233031002262	0.000699093006785	0.000137077060154	0.0073290534829	4.56923533847e-06	6.8538530077e-05	0.000132507824816	0.00185967878276	0.000616846770693	0.000251307943616	0	2.28461766923e-05	4.56923533847e-05	0.000516323593247	0.00168147860456	0.000292431061662	0.00242169472939	0.00126567818876	0.00182769413539	0.00044778506317	6.8538530077e-05	0.000644262182724	7.31077654155e-05	0.0004158004158	0.0001782001782	0.00026958488497	1.37077060154e-05	1.82769413539e-05
2.28461766923e-05	0.00140275524891	4.11231180462e-05	0	4.56923533847e-06	0	0	2.28461766923e-05	3.65538827077e-05	0.0001188001188	4.56923533847e-06	0.00196934043088	0	0.00535514381668	6.39692947385e-05	4.56923533847e-06	4.56923533847e-06	4.56923533847e-05	0.000123369354139	0.000132507824816	0	1.82769413539e-05	0.000173630942862	2.74154120308e-05	8.68154714309e-05	0.0103767334537	0.00266386420233	0.003564003564	2.74154120308e-05	0.0001188001188	3.65538827077e-05	0.000319846473693	4.56923533847e-06	3.19846473693e-05	0.000287861826323	4.56923533847e-06	0.000219323296246	9.13847067693e-06	0	0	0	1.37077060154e-05	4.56923533847e-06	9.13847067693e-06	0	1.37077060154e-05	0.00153526307372	4.56923533847e-06	0.00183226337072	3.65538827077e-05	0	0	1.82769413539e-05	6.8538530077e-05	0.000127938589477	4.56923533847e-06	0	4.56923533847e-06	9.13847067693e-06	1.37077060154e-05	0.00222064837449	0.000758493066185	0.000370108062416	0	4.56923533847e-05	4.56923533847e-06	0.000246738708277	4.56923533847e-06	0	0.000164492472185	7.76770007539e-05	0.000452354298508	0.000315277238354	4.56923533847e-05	9.13847067693e-06	0	0.000278723355646	2.28461766923e-05	0.00168604783989	0.000205615590231	1.37077060154e-05	1.82769413539e-05	4.56923533847e-06	0.000347261885723
0.000717369948139	0.00687212994905	0.00938520938521	0	7.76770007539e-05	3.65538827077e-05	0.000233031002262	0.00086358547897	0.00109661648123	0.000137077060154	0.000370108062416	0.00987868680176	0.000146215530831	0.00430421968884	0.00132050901282	1.37077060154e-05	0.000214754060908	0.0109798725183	0.00509926663773	0.0140092755477	0.000127938589477	0.00145758607297	0.000520892828585	0.00412601951063	0.000365538827077	0.00266386420233	0.0834296680451	0.0273011811473	0.000616846770693	0.00203787896096	0.000749354595508	0.00209270978502	0.000100523177446	0.000342692650385	0.0080418541957	6.39692947385e-05	0.00976902515364	0.00170889401659	0	2.74154120308e-05	0	6.39692947385e-05	0.000146215530831	3.19846473693e-05	9.59539421078e-05	5.48308240616e-05	0.00264558726097	8.22462360924e-05	0.00314363391286	0.000132507824816	4.56923533847e-06	6.8538530077e-05	0.00133878595417	0.000726508418816	0.00266843343766	3.19846473693e-05	0.0001188001188	0.000214754060908	0.000530031299262	0.000169061707523	0.00527289758059	0.0111854881086	0.0101756870988	0.000228461766923	0.0001782001782	6.39692947385e-05	0.000603139064678	0	4.56923533847e-06	0.0011286011286	0.00558817481894	0.0087546549085	0.00707774553928	0.00186881725343	0.000127938589477	0.000347261885723	0.000114230883462	0.00102350871582	0.00234401772863	0.000941262479724	0.000383815768431	2.28461766923e-05	4.56923533847e-06	0.000150784766169
0.000333554179708	0.012501427886	0.0151698613237	0	3.19846473693e-05	9.13847067693e-06	3.19846473693e-05	0.000516323593247	0.000278723355646	0.000315277238354	9.59539421078e-05	0.00115144730529	2.74154120308e-05	0.00277809508579	0.000383815768431	9.13847067693e-06	0.00331269562039	0.00561559023097	0.000438646592493	0.00213383290306	3.65538827077e-05	0.00150327842636	0.00992437915515	0.0120810582349	0.000552877475954	0.003564003564	0.0273011811473	0.08012154166	0.000964108656416	0.000603139064678	0.000543739005277	0.000397523474447	4.56923533847e-05	0.000205615590231	0.00346348038656	4.11231180462e-05	0.0104132873364	0.00280551049782	0	1.37077060154e-05	0	3.65538827077e-05	0.000137077060154	1.82769413539e-05	9.13847067693e-05	3.19846473693e-05	0.00125197048274	4.11231180462e-05	0.00157638619177	7.31077654155e-05	0	0.000776770007539	0.00121084736469	0.000370108062416	0.00133421671883	2.74154120308e-05	0.00062598524137	0.00330812638505	0.00392954239108	0.000182769413539	0.00372849603619	0.00688126841973	0.00981928674236	0.000351831121062	0.000114230883462	0.0001782001782	0.000351831121062	4.56923533847e-06	0	0.000918416303032	0.00678531447762	0.00525462063924	0.00363254209408	0.00199675584291	0.000205615590231	0.000169061707523	6.39692947385e-05	0.00116515501131	0.00114687806995	0.000868154714309	0.000406661945123	1.37077060154e-05	4.56923533847e-06	5.48308240616e-05
0.00785451554682	0.000173630942862	0.000712800712801	0	0.00807383884307	9.59539421078e-05	0.00266386420233	0.0280459665075	0.00735189965959	0.00384729615499	0.0123917662379	0.000374677297754	0.00135249366019	8.22462360924e-05	0.00495762034224	0.00026958488497	0.00197390966622	0.000493477416554	9.59539421078e-05	0.000219323296246	0.00121541660003	0.00883690114459	0.00224349455119	0.00466062004524	0.0244088551781	2.74154120308e-05	0.000616846770693	0.000964108656416	0.0727605035297	0.00617760617761	0.00505814351968	9.13847067693e-06	0.0001188001188	0.00452811222042	0.00817436202052	0.000849877772955	0.000146215530831	5.48308240616e-05	0	0.00329441867903	4.56923533847e-06	0.000667108359416	0.002079002079	0.000392954239108	0.0083982545521	0.00298827991136	0.000155354001508	0.00294258755797	1.37077060154e-05	0.00101437024514	6.8538530077e-05	0.000781339242878	5.94000594001e-05	9.13847067693e-06	6.39692947385e-05	0.00361883438807	0.000484338945877	0.00181398642937	0.000255877178954	0.0102031025108	3.19846473693e-05	0.000109661648123	0.000196477119554	0.00319389550159	0.000891000891001	0.000598569829339	4.56923533847e-06	1.82769413539e-05	5.02615887231e-05	0.000859016243632	0.00305681844143	0.000580292887985	0.00462863539787	0.00236229466999	0.00120627812936	0.00056658518197	0.000164492472185	0.000859016243632	0.000109661648123	0.000667108359416	0.000301569532339	0.000310708003016	3.19846473693e-05	2.28461766923e-05
0.0124237508853	0.000109661648123	0.000379246533093	0	0.000676246830093	0.00106006259852	0.00295172602865	0.0103356103356	0.0121450275296	0.00178657101734	0.00362797285874	0.0026958488497	0.000950400950401	0.0004158004158	0.0196340042494	0.000255877178954	0.000205615590231	0.000740216124832	0.000534600534601	0.000904708597016	0.00113317036394	0.00243083320006	0.000470631239862	0.00236229466999	0.00428137351214	0.0001188001188	0.00203787896096	0.000603139064678	0.00617760617761	0.0510794818487	0.0107331338101	7.76770007539e-05	0.00248109478879	0.0182266797651	0.0231431769893	0.000424938886477	9.13847067693e-05	8.68154714309e-05	0	0.000429508121816	4.56923533847e-06	0.000123369354139	0.00133878595417	0.000150784766169	0.00227090996322	0.000411231180462	0.000100523177446	0.000383815768431	5.02615887231e-05	0.000351831121062	1.82769413539e-05	0.00032898494437	4.56923533847e-05	4.56923533847e-06	3.65538827077e-05	0.000287861826323	0.000287861826323	0.000525462063924	0.000127938589477	0.00263644879029	5.48308240616e-05	0.000105092412785	0.000137077060154	0.00142103219026	0.000374677297754	0.000392954239108	4.56923533847e-06	1.37077060154e-05	1.82769413539e-05	0.000402092709785	0.00379246533093	0.00128395513011	0.0110895341665	0.0048114048114	0.00144844760229	0.00226177149254	0.000365538827077	0.000520892828585	8.68154714309e-05	0.00038838500377	0.000182769413539	0.000219323296246	9.13847067693e-06	1.37077060154e-05
