6957	8	97	0	199	31	271	4019	3108	184	1108	134	123	31	3156	14	36	116	30	70	229	225	83	389	837	5	157	73	1719	2719	1126	7	33	1023	1693	71	13	8	0	166	0	51	195	36	453	189	15	158	3	86	4	38	6	0	1	152	41	86	26	764	5	7	21	216	87	46	0	2	3	93	306	98	976	415	110	117	27	78	12	75	28	33	3	1
8	4977	880	0	1	1	1	24	16	196	3	38	1	57	14	3	105	368	13	122	0	64	909	375	143	307	1504	2736	38	24	38	2	0	20	158	5	2136	418	0	3	0	2	12	3	8	3	62	3	107	10	1	15	189	28	111	2	31	38	147	17	489	697	1518	16	12	11	23	0	0	81	191	187	134	61	11	7	2	69	71	74	27	3	0	5
97	880	8362	0	3	1	9	203	45	21	17	37	4	12	62	1	84	1832	22	149	6	498	439	3067	38	9	2054	3320	156	83	211	0	3	46	465	6	1300	585	0	2	0	3	18	2	16	3	14	1	6	5	1	55	282	6	88	0	73	196	451	25	28	554	1254	54	6	25	5	0	0	77	871	702	488	291	17	19	5	127	95	50	34	3	0	1
0	0	0	0	0	0	0	0	0	0	0	0	0	0	0	0	0	0	0	0	0	0	0	0	0	0	0	0	0	0	0	0	0	0	0	0	0	0	0	0	0	0	0	0	0	0	0	0	0	0	0	0	0	0	0	0	0	0	0	0	0	0	0	0	0	0	0	0	0	0	0	0	0	0	0	0	0	0	0	0	0	0	0	0
199	1	3	0	5339	6	166	541	298	189	927	18	1227	4	161	80	0	1	4	6	1126	0	1	5	2954	1	17	7	1767	148	12	0	7	82	191	30	0	0	0	922	2	153	20	46	537	821	11	1454	3	76	15	1	0	2	1	1187	2	1	0	687	4	1	1	53	58	1	0	4	2	36	40	10	119	58	107	24	2	22	5	32	8	19	3	1
31	1	1	0	6	1404	533	35	511	8	42	5	11	5	310	251	0	7	2	3	11	4	1	8	18	0	8	2	21	232	12	1	531	20	183	0	1	1	0	0	0	2	1	1	7	4	2	4	2	3	0	0	0	0	0	2	0	0	0	9	0	0	1	2	2	1	0	0	0	1	68	17	134	107	271	320	15	2	0	6	5	1	0	1
271	1	9	0	166	533	7388	958	4367	54	2539	61	892	18	1175	379	1	12	22	20	495	14	5	23	411	0	51	7	583	646	26	2	399	47	459	8	1	1	0	30	0	15	15	4	77	35	5	33	1	9	0	5	2	1	2	36	2	4	2	116	0	2	1	17	11	1	0	0	0	9	132	50	401	200	478	259	30	17	1	10	7	2	0	1
4019	24	203	0	541	35	958	13731	2929	360	2225	117	122	28	2422	44	58	187	33	85	98	480	126	694	2340	5	189	113	6138	2262	1695	2	32	1586	1996	154	27	26	0	539	1	133	329	82	1500	603	27	500	5	210	9	56	7	0	4	558	46	115	26	2223	6	21	41	462	185	54	0	5	6	160	602	143	1197	627	244	143	37	132	24	119	63	57	6	5
3108	16	45	0	298	511	4367	2929	12466	124	3319	306	638	41	5456	169	16	83	74	120	677	95	32	160	901	8	240	61	1609	2658	292	10	479	373	2022	44	16	6	0	138	0	55	117	25	317	166	16	153	6	70	2	20	5	2	1	136	22	36	12	580	8	12	21	140	69	26	0	2	2	70	487	180	1591	702	508	591	67	49	9	60	23	22	2	2
184	196	21	0	189	8	54	360	124	4107	63	10	491	11	142	137	144	20	1	5	80	155	734	126	1929	26	30	69	842	391	408	0	2	403	560	109	36	21	0	199	2	24	272	20	1368	115	11	140	1	68	7	146	7	0	8	205	52	247	32	838	1	10	36	364	86	67	0	2	11	85	244	34	163	117	397	27	9	119	16	80	35	32	1	0
1108	3	17	0	927	42	2539	2225	3319	63	10175	92	957	14	1238	42	5	18	22	38	1235	20	9	38	728	1	81	21	2712	794	29	3	54	200	965	45	5	4	0	584	0	196	32	59	291	854	22	1124	2	124	16	4	1	4	5	830	3	4	12	482	2	7	11	43	100	4	0	3	0	69	168	53	653	224	176	121	31	54	7	60	18	20	0	2
134	38	37	0	18	5	61	117	306	10	92	5466	23	1231	368	4	8	140	865	678	29	35	12	93	54	431	2162	252	82	590	31	233	34	56	1388	5	29	10	0	3	0	6	8	4	12	10	232	10	251	12	0	2	8	22	22	8	4	4	6	26	151	131	75	13	13	2	28	1	0	30	276	1008	1062	185	25	94	113	37	302	36	9	2	1	44
123	1	4	0	1227	11	892	122	638	491	957	23	7594	6	270	388	2	5	4	15	2458	5	3	9	1295	0	32	6	296	208	10	1	17	19	195	89	3	3	0	314	1	1128	44	277	139	1144	66	2828	7	446	103	1	2	3	12	596	6	2	7	325	5	20	8	28	263	0	1	16	0	185	46	13	150	66	290	37	6	58	27	164	38	89	11	5
31	57	12	0	4	5	18	28	41	11	14	1231	6	3574	54	1	4	21	54	48	2	15	8	22	18	1172	942	608	18	91	19	273	9	28	207	2	28	7	0	0	0	6	6	2	10	7	342	8	406	10	0	2	2	23	22	4	1	5	2	13	345	184	70	7	10	3	54	1	0	26	50	466	252	125	8	39	182	11	433	50	11	4	2	53
3156	14	62	0	161	310	1175	2422	5456	142	1238	368	270	54	9797	62	23	95	79	124	331	178	50	243	611	14	289	84	1085	4297	550	13	574	769	2345	43	13	6	0	110	0	33	143	27	300	119	19	92	8	59	2	30	2	1	1	90	31	51	16	508	6	11	19	159	55	28	1	2	2	59	452	187	1586	685	288	525	55	61	6	60	35	28	1	2
14	3	1	0	80	251	379	44	169	137	42	4	388	1	62	1484	2	2	0	1	72	8	10	12	177	1	3	2	59	56	15	0	23	18	65	1	1	0	0	24	0	3	6	0	62	21	0	23	0	1	0	1	0	0	0	31	2	3	3	54	0	0	2	10	0	2	0	0	0	3	47	3	59	57	860	33	3	1	0	2	3	0	0	1
36	105	84	0	0	0	1	58	16	144	5	8	2	4	23	2	3944	61	4	7	3	680	1734	1857	673	1	47	725	432	45	146	1	0	39	185	10	26	18	0	2	0	1	60	4	53	0	2	2	0	4	1	231	9	0	0	1	117	705	211	90	0	10	39	250	7	89	0	0	0	36	390	123	195	169	41	11	7	49	11	22	8	1	0	0
116	368	1832	0	1	7	12	187	83	20	18	140	5	21	95	2	61	7853	70	905	9	956	205	3808	34	10	2403	1229	108	162	432	1	8	57	1316	3	662	318	0	1	0	2	15	3	10	2	12	0	7	3	1	17	142	2	67	1	38	74	198	19	26	377	684	40	3	13	1	1	0	71	824	698	1030	583	44	37	10	95	66	48	31	3	0	1
30	13	22	0	4	2	22	33	74	1	22	865	4	54	79	0	4	70	1816	429	6	16	5	40	10	27	1116	96	21	117	15	10	6	19	320	1	25	11	0	2	0	0	3	0	3	1	39	3	37	2	0	1	9	8	18	3	1	4	3	7	36	69	51	4	1	1	7	0	0	3	137	329	323	67	5	24	7	11	21	4	0	1	0	1
70	122	149	0	6	3	20	85	120	5	38	678	15	48	124	1	7	905	429	4152	14	108	17	250	30	29	3066	467	48	198	65	8	12	39	902	2	215	51	0	0	0	1	8	2	6	0	29	2	21	2	0	5	47	2	51	0	6	15	20	13	71	233	227	17	2	4	5	0	0	28	415	521	727	150	10	37	4	57	32	17	15	1	0	1
229	0	6	0	1126	11	495	98	677	80	1235	29	2458	2	331	72	3	9	6	14	4238	7	3	12	995	0	28	8	266	248	7	0	13	27	252	24	1	2	0	211	0	228	14	56	81	315	17	732	3	91	17	2	0	1	5	309	2	4	4	126	1	7	3	8	61	0	1	5	0	42	41	11	184	68	123	37	12	13	6	36	5	16	4	3
225	64	498	0	0	4	14	480	95	155	20	35	5	15	178	8	680	956	16	108	7	9137	697	5919	138	4	319	329	1934	532	1832	0	3	411	1283	17	64	40	0	14	0	1	143	4	93	6	5	3	4	18	2	240	25	0	10	2	124	707	141	167	5	37	74	381	15	139	1	0	3	84	873	275	1134	801	140	77	20	104	26	54	35	11	0	2
83	909	439	0	1	1	5	126	32	734	9	12	3	8	50	10	1734	205	5	17	3	697	6872	2259	683	38	114	2172	491	103	266	0	1	82	290	13	680	273	0	9	0	1	133	5	126	2	5	6	1	6	0	665	48	0	6	2	371	2334	1281	245	7	51	628	566	12	196	1	0	2	142	523	253	240	189	57	14	7	163	51	80	39	4	1	0
389	375	3067	0	5	8	23	694	160	126	38	93	9	22	243	12	1857	3808	40	250	12	5919	2259	17829	200	6	903	2644	1020	517	1509	1	11	242	1813	20	687	500	0	12	0	8	141	9	83	8	12	10	9	20	3	603	166	1	40	3	343	2004	1502	190	17	228	854	464	21	212	2	1	1	206	2170	960	2247	1671	237	121	30	272	106	151	102	11	3	4
837	143	38	0	2954	18	411	2340	901	1929	728	54	1295	18	611	177	673	34	10	30	995	138	683	200	11191	19	80	121	5342	937	608	1	15	730	1142	151	28	15	0	400	2	84	264	48	1568	408	23	431	3	138	12	59	11	1	12	529	51	153	30	1604	1	15	29	407	135	55	0	5	10	113	368	64	530	277	400	98	15	141	16	91	39	59	3	4
5	307	9	0	1	0	0	5	8	26	1	431	0	1172	14	1	1	10	27	29	0	4	38	6	19	2271	583	780	6	26	8	70	1	7	63	1	48	2	0	0	0	3	1	2	0	3	336	1	401	8	0	0	4	15	28	1	0	1	2	3	486	166	81	0	10	1	54	1	0	36	17	99	69	10	2	0	61	5	369	45	3	4	1	76
157	1504	2054	0	17	8	51	189	240	30	81	2162	32	942	289	3	47	2403	1116	3066	28	319	114	903	80	583	18259	5975	135	446	164	458	22	75	1760	14	2138	374	0	6	0	14	32	7	21	12	579	18	688	29	1	15	293	159	584	7	26	47	116	37	1154	2448	2227	50	39	14	132	0	1	247	1223	1916	1549	409	28	76	25	224	513	206	84	5	1	33
73	2736	3320	0	7	2	7	113	61	69	21	252	6	608	84	2	725	1229	96	467	8	329	2172	2644	121	780	5975	17535	211	132	119	87	10	45	758	9	2279	614	0	3	0	8	30	4	20	7	274	9	345	16	0	170	265	81	292	6	137	724	860	40	816	1506	2149	77	25	39	77	1	0	201	1485	1150	795	437	45	37	14	255	251	190	89	3	1	12
1719	38	156	0	1767	21	583	6138	1609	842	2712	82	296	18	1085	59	432	108	21	48	266	1934	491	1020	5342	6	135	211	15924	1352	1107	2	26	991	1789	186	32	12	0	721	1	146	455	86	1838	654	34	644	3	222	15	171	13	2	14	792	106	397	56	2233	7	24	43	699	195	131	1	4	11	188	669	127	1013	517	264	124	36	188	24	146	66	68	7	5
2719	24	83	0	148	232	646	2262	2658	391	794	590	208	91	4297	56	45	162	117	198	248	532	103	517	937	26	446	132	1352	11179	2349	17	543	3989	5065	93	20	19	0	94	1	27	293	33	497	90	22	84	11	77	4	72	10	1	8	63	63	115	28	577	12	23	30	311	82	86	1	3	4	88	830	281	2427	1053	317	495	80	114	19	85	40	48	2	3
1126	38	211	0	12	12	26	1695	292	408	29	31	10	19	550	15	146	432	15	65	7	1832	266	1509	608	8	164	119	1107	2349	7348	0	7	1556	1901	57	31	27	0	36	0	16	229	18	358	34	7	27	3	42	2	119	17	0	7	17	93	267	59	361	3	25	45	311	46	120	0	1	5	71	605	175	906	631	168	70	15	104	16	61	36	18	3	1
7	2	0	0	0	1	2	2	10	0	3	233	1	273	13	0	1	1	10	8	0	0	0	1	1	70	458	87	2	17	0	547	1	4	34	0	3	0	0	0	0	0	1	0	1	0	42	1	42	0	0	0	0	7	9	1	0	0	0	2	45	28	8	1	0	0	5	0	0	1	12	76	31	3	1	3	3	5	44	3	1	0	0	3
33	0	3	0	7	531	399	32	479	2	54	34	17	9	574	23	0	8	6	12	13	3	1	11	15	1	22	10	26	543	7	1	1206	11	292	0	1	0	0	1	0	1	3	0	6	4	1	3	1	2	0	1	0	0	0	2	1	1	0	9	1	0	0	5	3	1	0	0	0	0	54	26	159	102	68	238	16	3	0	4	3	2	0	1
1023	20	46	0	82	20	47	1586	373	403	200	56	19	28	769	18	39	57	19	39	27	411	82	242	730	7	75	45	991	3989	1556	4	11	5028	3269	94	15	15	0	71	0	22	260	20	489	48	17	49	4	69	4	74	8	1	10	35	57	113	16	475	1	12	18	303	81	85	0	3	4	76	609	123	1208	714	165	120	29	113	10	69	32	38	2	2
1693	158	465	0	191	183	459	1996	2022	560	965	1388	195	207	2345	65	185	1316	320	902	252	1283	290	1813	1142	63	1760	758	1789	5065	1901	34	292	3269	13760	114	168	86	0	113	1	35	370	31	589	97	56	98	32	104	9	129	53	6	36	81	93	254	116	621	43	132	195	413	115	134	4	4	3	154	2288	1037	6744	2810	497	864	190	228	59	170	101	55	5	13
71	5	6	0	30	0	8	154	44	109	45	5	89	2	43	1	10	3	1	2	24	17	13	20	151	1	14	9	186	93	57	0	0	94	114	4097	9	7	0	220	1	344	1264	406	415	699	101	468	18	1896	9	37	38	8	37	259	59	38	41	1279	16	32	26	562	1549	132	5	5	70	459	40	5	51	34	12	5	2	164	42	302	98	41	8	8
13	2136	1300	0	0	1	1	27	16	36	5	29	3	28	13	1	26	662	25	215	1	64	680	687	28	48	2138	2279	32	20	31	3	1	15	168	9	8061	934	0	18	0	5	37	5	112	11	153	22	195	35	4	84	529	43	412	4	120	734	618	117	1227	2023	5604	63	43	33	26	1	0	321	210	216	140	79	12	8	4	258	300	255	109	8	2	5
8	418	585	0	0	1	1	26	6	21	4	10	3	7	6	0	18	318	11	51	2	40	273	500	15	2	374	614	12	19	27	0	0	15	86	7	934	6910	0	10	0	6	123	14	26	8	17	9	5	19	0	120	721	4	88	1	356	184	3003	97	11	1773	3202	452	16	110	0	1	0	203	122	123	74	42	10	4	1	443	241	195	106	8	3	0
0	0	0	0	0	0	0	0	0	0	0	0	0	0	0	0	0	0	0	0	0	0	0	0	0	0	0	0	0	0	0	0	0	0	0	0	0	0	0	0	0	0	0	0	0	0	0	0	0	0	0	0	0	0	0	0	0	0	0	0	0	0	0	0	0	0	0	0	0	0	0	0	0	0	0	0	0	0	0	0	0	0	0	0
166	3	2	0	922	0	30	539	138	199	584	3	314	0	110	24	2	1	2	0	211	14	9	12	400	0	6	3	721	94	36	0	1	71	113	220	18	10	0	6384	6	276	337	116	1501	2099	40	1957	9	278	55	32	3	3	9	2831	26	72	17	3795	3	14	16	1127	205	30	2	4	6	152	40	8	62	30	95	6	1	152	14	139	43	57	5	4
0	0	0	0	2	0	0	1	0	2	0	0	1	0	0	0	0	0	0	0	0	0	0	0	2	0	0	0	1	1	0	0	0	0	1	1	0	0	0	6	664	233	5	158	18	6	6	28	0	19	179	0	0	0	1	4	3	0	2	14	0	0	0	4	30	3	0	205	0	34	0	0	0	0	0	0	0	13	0	39	12	214	256	2
51	2	3	0	153	2	15	133	55	24	196	6	1128	6	33	3	1	2	0	1	228	1	1	8	84	3	14	8	146	27	16	0	1	22	35	344	5	6	0	276	233	9728	533	2468	231	4289	241	4545	44	1712	1229	9	13	16	48	713	22	8	28	797	14	60	27	204	1058	29	6	351	2	697	19	7	29	30	15	7	3	302	78	706	190	899	152	30
195	12	18	0	20	1	15	329	117	272	32	8	44	6	143	6	60	15	3	8	14	143	133	141	264	1	32	30	455	293	229	1	3	260	370	1264	37	123	0	337	5	533	10886	898	866	1141	58	305	9	1735	37	236	303	4	45	130	849	310	541	3036	9	105	104	4423	446	2119	5	11	18	572	135	23	144	106	43	19	7	532	79	412	178	93	10	7
36	3	2	0	46	1	4	82	25	20	59	4	277	2	27	0	4	3	0	2	56	4	5	9	48	2	7	4	86	33	18	0	0	20	31	406	5	14	0	116	158	2468	898	6064	112	1023	133	1047	24	3007	374	14	27	6	16	218	42	15	39	561	6	31	16	296	806	65	3	550	4	402	11	5	23	17	8	3	2	201	53	414	129	528	101	24
453	8	16	0	537	7	77	1500	317	1368	291	12	139	10	300	62	53	10	3	6	81	93	126	83	1568	0	21	20	1838	497	358	1	6	489	589	415	112	26	0	1501	18	231	866	112	7612	944	39	1697	6	295	266	370	24	4	19	1378	124	854	45	5427	17	31	103	1139	287	151	0	10	28	224	234	26	234	138	306	30	8	381	41	211	93	177	9	5
189	3	3	0	821	4	35	603	166	115	854	10	1144	7	119	21	0	2	1	0	315	6	2	8	408	3	12	7	654	90	34	0	4	48	97	699	11	8	0	2099	6	4289	1141	1023	944	11839	187	5936	36	1736	155	16	15	13	40	3663	30	11	28	2993	20	46	30	1098	1012	26	5	37	5	742	43	4	63	36	100	6	2	372	86	627	156	252	16	22
15	62	14	0	11	2	5	27	16	11	22	232	66	342	19	0	2	12	39	29	17	5	5	12	23	336	579	274	34	22	7	42	1	17	56	101	153	17	0	40	6	241	58	133	39	187	7160	244	2074	524	33	12	91	621	1340	68	33	20	52	157	681	1404	361	51	709	29	227	37	0	2328	27	49	68	55	2	5	17	357	1107	2026	363	95	41	455
158	3	1	0	1454	4	33	500	153	140	1124	10	2828	8	92	23	2	0	3	2	732	3	6	10	431	1	18	9	644	84	27	1	3	49	98	468	22	9	0	1957	28	4545	305	1047	1697	5936	244	13169	46	1833	882	13	10	18	52	3890	16	53	19	2766	25	63	44	270	1259	16	7	64	2	876	48	5	66	40	106	10	4	360	87	714	170	550	30	25
3	107	6	0	3	2	1	5	6	1	2	251	7	406	8	0	0	7	37	21	3	4	1	9	3	401	688	345	3	11	3	42	1	4	32	18	195	5	0	9	0	44	9	24	6	36	2074	46	4649	106	2	6	6	104	85	11	3	24	8	23	1345	1141	743	9	132	1	584	3	0	464	9	38	33	17	0	5	8	65	614	658	68	11	5	434
86	10	5	0	76	3	9	210	70	68	124	12	446	10	59	1	4	3	2	2	91	18	6	20	138	8	29	16	222	77	42	0	2	69	104	1896	35	19	0	278	19	1712	1735	3007	295	1736	524	1833	106	9060	120	29	66	43	130	516	84	28	87	1401	53	158	88	612	3698	130	20	209	8	1573	42	13	61	50	15	10	2	428	187	1200	279	482	51	55
4	1	1	0	15	0	0	9	2	7	16	0	103	0	2	0	1	1	0	0	17	2	0	3	12	0	1	0	15	4	2	0	0	4	9	9	4	0	0	55	179	1229	37	374	266	155	33	882	2	120	2096	2	1	5	9	76	1	9	0	164	1	6	4	34	116	1	0	93	1	76	3	1	5	7	3	1	1	66	8	85	30	860	73	3
38	15	55	0	1	0	5	56	20	146	4	2	1	2	30	1	231	17	1	5	2	240	665	603	59	0	15	170	171	72	119	0	1	74	129	37	84	120	0	32	0	9	236	14	370	16	12	13	6	29	2	5871	78	3	23	3	412	2585	1341	1940	11	75	649	1340	38	304	0	2	6	226	87	23	60	46	18	7	1	672	169	196	117	13	0	0
6	189	282	0	0	0	2	7	5	7	1	8	2	2	2	0	9	142	9	47	0	25	48	166	11	4	293	265	13	10	17	0	0	8	53	38	529	721	0	3	0	13	303	27	24	15	91	10	6	66	1	78	5728	15	1120	1	508	113	1754	89	15	1930	1773	222	52	375	3	2	0	540	54	60	44	27	4	3	0	564	386	669	320	7	1	3
0	28	6	0	2	0	1	0	2	0	4	22	3	23	1	0	0	2	8	2	1	0	0	1	1	15	159	81	2	1	0	7	0	1	6	8	43	4	0	3	0	16	4	6	4	13	621	18	104	43	5	3	15	1314	554	6	5	3	6	15	98	580	98	7	57	6	28	1	0	190	1	10	6	0	0	1	0	71	150	163	43	8	0	1
1	111	88	0	1	0	2	4	1	8	5	22	12	22	1	0	0	67	18	51	5	10	6	40	12	28	584	292	14	8	7	9	0	10	36	37	412	88	0	9	1	48	45	16	19	40	1340	52	85	130	9	23	1120	554	4809	17	57	26	127	53	154	2193	763	38	171	45	30	1	0	971	26	41	33	21	2	1	1	380	489	715	275	22	2	7
152	2	0	0	1187	2	36	558	136	205	830	8	596	4	90	31	1	1	3	0	309	2	2	3	529	1	7	6	792	63	17	1	2	35	81	259	4	1	0	2831	4	713	130	218	1378	3663	68	3890	11	516	76	3	1	6	17	6401	6	7	7	2417	8	10	7	219	357	12	2	8	2	259	39	3	56	22	149	5	2	166	23	212	63	94	5	7
41	31	73	0	2	0	2	46	22	52	3	4	6	1	31	2	117	38	1	6	2	124	371	343	51	0	26	137	106	63	93	0	1	57	93	59	120	356	0	26	3	22	849	42	124	30	33	16	3	84	1	412	508	5	57	6	8095	713	3634	370	5	150	398	2332	409	3008	0	6	14	1155	83	25	59	52	10	3	1	777	179	647	422	40	13	4
86	38	196	0	1	0	4	115	36	247	4	4	2	5	51	3	705	74	4	15	4	707	2334	2004	153	1	47	724	397	115	267	0	1	113	254	38	734	184	0	72	0	8	310	15	854	11	20	53	24	28	9	2585	113	3	26	7	713	7645	1707	1292	106	126	1011	1351	47	510	3	0	5	298	244	99	121	108	33	13	5	447	137	190	98	15	3	0
26	147	451	0	0	0	2	26	12	32	12	6	7	2	16	3	211	198	3	20	4	141	1281	1502	30	2	116	860	56	28	59	0	0	16	116	41	618	3003	0	17	2	28	541	39	45	28	52	19	8	87	0	1341	1754	6	127	7	3634	1707	14064	306	12	518	3257	1366	136	1216	1	7	2	919	218	100	151	149	29	14	4	1871	447	900	625	39	15	2
764	17	25	0	687	9	116	2223	580	838	482	26	325	13	508	54	90	19	7	13	126	167	245	190	1604	3	37	40	2233	577	361	2	9	475	621	1279	117	97	0	3795	14	797	3036	561	5427	2993	157	2766	23	1401	164	1940	89	15	53	2417	370	1292	306	16795	27	103	205	5889	1065	392	3	30	48	885	238	31	310	169	280	44	10	976	163	770	286	341	27	17
5	489	28	0	4	0	0	6	8	1	2	151	5	345	6	0	0	26	36	71	1	5	7	17	1	486	1154	816	7	12	3	45	1	1	43	16	1227	11	0	3	0	14	9	6	17	20	681	25	1345	53	1	11	15	98	154	8	5	106	12	27	3649	1084	1573	12	68	3	172	3	0	224	18	49	36	6	1	2	11	71	259	250	51	5	0	133
7	697	554	0	1	0	2	21	12	10	7	131	20	184	11	0	10	377	69	233	7	37	51	228	15	166	2448	1506	24	23	25	28	0	12	132	32	2023	1773	0	14	0	60	105	31	31	46	1404	63	1141	158	6	75	1930	580	2193	10	150	126	518	103	1084	13202	4614	163	193	75	386	6	0	1041	107	185	97	42	4	8	2	676	932	1035	388	16	2	14
21	1518	1254	0	1	1	1	41	21	36	11	75	8	70	19	2	39	684	51	227	3	74	628	854	29	81	2227	2149	43	30	45	8	0	18	195	26	5604	3202	0	16	0	27	104	16	103	30	361	44	743	88	4	649	1773	98	763	7	398	1011	3257	205	1573	4614	18936	327	118	143	228	8	1	933	228	245	180	114	16	11	3	1326	898	913	462	20	6	10
216	16	54	0	53	2	17	462	140	364	43	13	28	7	159	10	250	40	4	17	8	381	566	464	407	0	50	77	699	311	311	1	5	303	413	562	63	452	0	1127	4	204	4423	296	1139	1098	51	270	9	612	34	1340	222	7	38	219	2332	1351	1366	5889	12	163	327	13756	357	1272	2	8	23	675	197	43	175	117	64	17	8	1092	212	525	271	101	16	6
87	12	6	0	58	2	11	185	69	86	100	13	263	10	55	0	7	3	1	2	61	15	12	21	135	10	39	25	195	82	46	0	3	81	115	1549	43	16	0	205	30	1058	446	806	287	1012	709	1259	132	3698	116	38	52	57	171	357	409	47	136	1065	68	193	118	357	7214	330	23	370	257	2310	51	11	75	51	15	11	4	457	226	1546	357	386	74	75
46	11	25	0	1	1	1	54	26	67	4	2	0	3	28	2	89	13	1	4	0	139	196	212	55	1	14	39	131	86	120	0	1	85	134	132	33	110	0	30	3	29	2119	65	151	26	29	16	1	130	1	304	375	6	45	12	3008	510	1216	392	3	75	143	1272	330	6930	0	4	16	1175	65	16	58	51	13	5	4	618	130	528	275	18	17	7
0	23	5	0	0	0	0	0	0	0	0	28	1	54	1	0	0	1	7	5	1	1	1	2	0	54	132	77	1	1	0	5	0	0	4	5	26	0	0	2	0	6	5	3	0	5	227	7	584	20	0	0	3	28	30	2	0	3	1	3	172	386	228	2	23	0	803	0	0	71	1	6	5	1	0	0	0	15	93	73	12	2	0	4
2	0	0	0	4	0	0	5	2	2	3	1	16	1	2	0	0	1	0	0	5	0	0	1	5	1	0	1	4	3	1	0	0	3	4	5	1	1	0	4	205	351	11	550	10	37	37	64	3	209	93	2	2	1	1	8	6	0	7	30	3	6	8	8	370	4	0	1000	0	131	0	0	4	4	0	0	0	40	9	115	47	139	141	9
3	0	0	0	2	0	0	6	2	11	0	0	0	0	2	0	0	0	0	0	0	3	2	1	10	0	1	0	11	4	5	0	0	4	3	70	0	0	0	6	0	2	18	4	28	5	0	2	0	8	1	6	0	0	0	2	14	5	2	48	0	0	1	23	257	16	0	0	340	83	1	0	3	1	0	1	0	10	1	10	6	0	0	0
93	81	77	0	36	1	9	160	70	85	69	30	185	26	59	3	36	71	3	28	42	84	142	206	113	36	247	201	188	88	71	1	0	76	154	459	321	203	0	152	34	697	572	402	224	742	2328	876	464	1573	76	226	540	190	971	259	1155	298	919	885	224	1041	933	675	2310	1175	71	131	83	10076	90	38	115	107	20	15	7	1016	897	5044	1240	267	107	144
306	191	871	0	40	68	132	602	487	244	168	276	46	50	452	47	390	824	137	415	41	873	523	2170	368	17	1223	1485	669	830	605	12	54	609	2288	40	210	122	0	40	0	19	135	11	234	43	27	48	9	42	3	87	54	1	26	39	83	244	218	238	18	107	228	197	51	65	1	0	1	90	10652	3189	2219	1312	564	192	70	560	53	119	92	21	4	1
98	187	702	0	10	17	50	143	180	34	53	1008	13	466	187	3	123	698	329	521	11	275	253	960	64	99	1916	1150	127	281	175	76	26	123	1037	5	216	123	0	8	0	7	23	5	26	4	49	5	38	13	1	23	60	10	41	3	25	99	100	31	49	185	245	43	11	16	6	0	0	38	3189	7060	1378	923	56	115	181	221	93	45	29	6	3	6
976	134	488	0	119	134	401	1197	1591	163	653	1062	150	252	1586	59	195	1030	323	727	184	1134	240	2247	530	69	1549	795	1013	2427	906	31	159	1208	6744	51	140	74	0	62	0	29	144	23	234	63	68	66	33	61	5	60	44	6	33	56	59	121	151	310	36	97	180	175	75	58	5	4	3	115	2219	1378	10913	5062	830	968	386	180	58	180	139	26	6	14
415	61	291	0	58	107	200	627	702	117	224	185	66	125	685	57	169	583	67	150	68	801	189	1671	277	10	409	437	517	1053	631	3	102	714	2810	34	79	42	0	30	0	30	106	17	138	36	55	40	17	50	7	46	27	0	21	22	52	108	149	169	6	42	114	117	51	51	1	4	1	107	1312	923	5062	6132	807	784	345	140	35	187	150	21	4	16
110	11	17	0	107	271	478	244	508	397	176	25	290	8	288	860	41	44	5	10	123	140	57	237	400	2	28	45	264	317	168	1	68	165	497	12	12	10	0	95	0	15	43	8	306	100	2	106	0	15	3	18	4	0	2	149	10	33	29	280	1	4	16	64	15	13	0	0	0	20	564	56	830	807	3293	257	9	19	3	24	19	9	0	1
117	7	19	0	24	320	259	143	591	27	121	94	37	39	525	33	11	37	24	37	37	77	14	121	98	0	76	37	124	495	70	3	238	120	864	5	8	4	0	6	0	7	19	3	30	6	5	10	5	10	1	7	3	1	1	5	3	13	14	44	2	8	11	17	11	5	0	0	1	15	192	115	968	784	257	1636	71	19	6	27	24	5	0	2
27	2	5	0	2	15	30	37	67	9	31	113	6	182	55	3	7	10	7	4	12	20	7	30	15	61	25	14	36	80	15	3	16	29	190	2	4	1	0	1	0	3	7	2	8	2	17	4	8	2	1	1	0	0	1	2	1	5	4	10	11	2	3	8	4	4	0	0	0	7	70	181	386	345	9	71	679	8	11	24	10	2	1	3
78	69	127	0	22	2	17	132	49	119	54	37	58	11	61	1	49	95	11	57	13	104	163	272	141	5	224	255	188	114	104	5	3	113	228	164	258	443	0	152	13	302	532	201	381	372	357	360	65	428	66	672	564	71	380	166	777	447	1871	976	71	676	1326	1092	457	618	15	40	10	1016	560	221	180	140	19	19	8	10886	1687	2045	1197	586	61	17
12	71	95	0	5	0	1	24	9	16	7	302	27	433	6	0	11	66	21	32	6	26	51	106	16	369	513	251	24	19	16	44	0	10	59	42	300	241	0	14	0	78	79	53	41	86	1107	87	614	187	8	169	386	150	489	23	179	137	447	163	259	932	898	212	226	130	93	9	1	897	53	93	58	35	3	6	11	1687	5871	1350	576	42	11	145
75	74	50	0	32	6	10	119	60	80	60	36	164	50	60	2	22	48	4	17	36	54	80	151	91	45	206	190	146	85	61	3	4	69	170	302	255	195	0	139	39	706	412	414	211	627	2026	714	658	1200	85	196	669	163	715	212	647	190	900	770	250	1035	913	525	1546	528	73	115	10	5044	119	45	180	187	24	27	24	2045	1350	9123	2937	392	176	376
28	27	34	0	8	5	7	63	23	35	18	9	38	11	35	3	8	31	0	15	5	35	39	102	39	3	84	89	66	40	36	1	3	32	101	98	109	106	0	43	12	190	178	129	93	156	363	170	68	279	30	117	320	43	275	63	422	98	625	286	51	388	462	271	357	275	12	47	6	1240	92	29	139	150	19	24	10	1197	576	2937	3827	153	84	66
33	3	3	0	19	1	2	57	22	32	20	2	89	4	28	0	1	3	1	1	16	11	4	11	59	4	5	3	68	48	18	0	2	38	55	41	8	8	0	57	214	899	93	528	177	252	95	550	11	482	860	13	7	8	22	94	40	15	39	341	5	16	20	101	386	18	2	139	0	267	21	6	26	21	9	5	2	586	42	392	153	2622	153	17
3	0	0	0	3	0	0	6	2	1	0	1	11	2	1	0	0	0	0	0	4	0	1	3	3	1	1	1	7	2	3	0	0	2	5	8	2	3	0	5	256	152	10	101	9	16	41	30	5	51	73	0	1	0	2	5	13	3	15	27	0	2	6	16	74	17	0	141	0	107	4	3	6	4	0	0	1	61	11	176	84	153	618	13
1	5	1	0	1	1	1	5	2	0	2	44	5	53	2	1	0	1	1	1	3	2	0	4	4	76	33	12	5	3	1	3	1	2	13	8	5	0	0	4	2	30	7	24	5	22	455	25	434	55	3	0	3	1	7	7	4	0	2	17	133	14	10	6	75	7	4	9	0	144	1	6	14	16	1	2	3	17	145	376	66	17	13	743
