0.0267394637046	2.68954573573e-05	0.000193647292972	0	0.000457222775073	0	0.000134477286786	0.0180468518867	0.0150775933945	0	0.00128560286168	5.9170006186e-05	1.07581829429e-05	0.000123719103843	0.018267394637	2.68954573573e-05	0	0.000172130927086	1.07581829429e-05	0.000607837336274	0.000177510018558	0.000322745488287	9.68236464861e-05	0.000172130927086	0.00147925015465	5.37909147145e-06	0.000311987305344	0.00059170006186	0.00451305774455	0.00796643446922	0.00499717597698	0	0	0.00242597025362	0.00321131760846	1.07581829429e-05	4.30327317716e-05	0	0	0	0	0	0	5.37909147145e-06	0	0	5.37909147145e-06	0	0	1.07581829429e-05	0	0	1.07581829429e-05	5.37909147145e-06	0	0	0	8.06863720718e-05	0.000123719103843	5.37909147145e-06	1.07581829429e-05	3.22745488287e-05	3.22745488287e-05	5.37909147145e-06	0	5.37909147145e-06	0	0	0	2.15163658858e-05	0.000919824641618	6.45490976574e-05	0.00353944218821	0.00278636938221	1.61372744144e-05	0	1.07581829429e-05	8.60654635432e-05	3.76536403002e-05	0.000145235469729	0.000161372744144	0	1.07581829429e-05	0
2.68954573573e-05	0.0293160485194	0.000580941878917	0	0	0	0	4.30327317716e-05	2.68954573573e-05	0.00168903472204	0	1.07581829429e-05	2.15163658858e-05	0.000661628250988	2.68954573573e-05	0.00102740647105	0.00147925015465	0.000322745488287	0	0.000263575482101	0	0.000220542750329	0.00569645786827	0.000344261854173	0.00232914660714	0.00186116564912	0.000521771872731	0.0227266614669	1.61372744144e-05	5.37909147145e-06	5.37909147145e-05	0	0	0	0.000188268201501	0	0.0174820472822	0.000102202737958	0	5.37909147145e-06	0	1.07581829429e-05	1.07581829429e-05	5.37909147145e-06	0.000177510018558	0	5.37909147145e-06	0	0	0	0	0.000747693714532	0.000263575482101	1.61372744144e-05	5.37909147145e-05	0	3.22745488287e-05	0.00118340012372	0.000102202737958	0.000118340012372	0.00384605040209	0.00628277883865	0.0165030526344	0.000172130927086	1.07581829429e-05	2.68954573573e-05	0	0	5.37909147145e-06	6.45490976574e-05	0.00110271375165	0.000715419165703	0.000177510018558	3.22745488287e-05	0.000155993652672	0	0	0.000328124579758	0.000161372744144	6.45490976574e-05	2.68954573573e-05	0	0	0
0.000193647292972	0.000580941878917	0.0304348995455	0	0	0	0	0.00440009682365	0.000166751835615	3.22745488287e-05	0	0	0	0	0.000220542750329	1.07581829429e-05	4.84118232431e-05	0.00815470267072	5.37909147145e-06	5.37909147145e-06	0	0.00149000833759	0.000489497323902	0.01253866222	0.0001129609209	0	0.0102417901616	0.00931658642855	0.00294236303488	5.37909147145e-06	0.00441623409806	0	0	0	7.53072806003e-05	2.15163658858e-05	0.00540598692881	0.000849896452489	0	0	0	5.9170006186e-05	1.61372744144e-05	7.53072806003e-05	7.53072806003e-05	0	0	0	0	1.07581829429e-05	0	7.53072806003e-05	0.00180199564294	0	0.000204405475915	0	6.99281891289e-05	0.000866033726904	0.000849896452489	2.15163658858e-05	0	0.00125332831285	0.00292622576047	4.84118232431e-05	1.07581829429e-05	6.45490976574e-05	0	0	1.07581829429e-05	0.000532530055674	0.000672386433931	4.30327317716e-05	0.000102202737958	0.000139856378258	0	0	0	0.000403431860359	0.000215163658858	0.000247438207687	3.22745488287e-05	0	1.07581829429e-05	0
0	0	0	0	0	0	0	0	0	0	0	0	0	0	0	0	0	0	0	0	0	0	0	0	0	0	0	0	0	0	0	0	0	0	0	0	0	0	0	0	0	0	0	0	0	0	0	0	0	0	0	0	0	0	0	0	0	0	0	0	0	0	0	0	0	0	0	0	0	0	0	0	0	0	0	0	0	0	0	0	0	0	0	0
0.000457222775073	0	0	0	0.0190258465345	0.000123719103843	0.000290470939458	0.0037492267556	0.00134477286786	0.00114574648342	0.00152228288642	0.000236680024744	0.00396976950593	0.000107581829429	0.00118877921519	0.000537909147145	5.37909147145e-06	0	8.60654635432e-05	0.000231300933272	0.0062558833813	0	5.37909147145e-06	5.37909147145e-06	0.00886474274495	0	0.000285091847987	0.000129098195315	0.00622360883247	0.000575562787445	1.61372744144e-05	5.37909147145e-06	0	1.07581829429e-05	0.000774589171889	0	0	0	0	0.00311449396197	0	0	0	0	0.00209246658239	0.000796105537775	0	0.000623974610688	0	0	0	0	0	0	0	0.00422258680509	5.37909147145e-06	5.37909147145e-06	0	0.00350716763939	0	0	0	0.00196874747855	0	0	0	0	0	5.37909147145e-06	0.000199026384444	2.15163658858e-05	0.00122643285549	0.000419569134773	0.000311987305344	9.68236464861e-05	1.07581829429e-05	1.07581829429e-05	0	5.37909147145e-06	5.37909147145e-06	0	0	0
0	0	0	0	0.000123719103843	0.00669696888196	0.00439471773218	0.000268954573573	0.00131249831903	0	0.000311987305344	3.22745488287e-05	0.000441085500659	1.61372744144e-05	0.000225921841801	0.00308759850461	0	0	0	0	0.000301229122401	0	0	0	8.60654635432e-05	0	5.37909147145e-06	0	8.60654635432e-05	0.00059170006186	0	0	0.000860654635432	0	0.00037115731153	0	0	0	0	0	0	0	0	0	0	0	0	0	0	0	0	0	0	0	0	0	0	0	1.07581829429e-05	1.07581829429e-05	0	5.37909147145e-06	5.37909147145e-06	5.37909147145e-06	0	0	0	0	0	3.76536403002e-05	0.00121567467255	1.07581829429e-05	0.00066700734246	0	0.00265189209543	0.00132325650198	0	5.37909147145e-06	0	3.76536403002e-05	3.76536403002e-05	0	0	0
0.000134477286786	0	0	0	0.000290470939458	0.00439471773218	0.0327748043355	0.00742852532207	0.0159059734811	0	0.015072214303	0.000107581829429	0.00467980958016	5.37909147145e-05	0.000935961916032	0.00317904305963	0	0	1.07581829429e-05	3.76536403002e-05	0.00256582663188	0	0	0	0.000182889110029	0	8.06863720718e-05	3.76536403002e-05	0.00194723111267	0.000537909147145	1.61372744144e-05	0	0.000796105537775	0.000172130927086	0.000387294585944	0	0	0	0	3.76536403002e-05	0	1.07581829429e-05	1.61372744144e-05	3.76536403002e-05	1.07581829429e-05	1.07581829429e-05	0	5.37909147145e-06	0	2.68954573573e-05	1.07581829429e-05	0	0	0	0	5.9170006186e-05	0	0	0	0.000172130927086	0	0	0	0.000155993652672	1.07581829429e-05	0	0	0	0	2.15163658858e-05	0.00111885102606	3.22745488287e-05	0.000860654635432	0.000118340012372	0.00172668836234	0.00108657647723	0	9.68236464861e-05	0	4.30327317716e-05	4.30327317716e-05	5.37909147145e-06	1.61372744144e-05	0
0.0180468518867	4.30327317716e-05	0.00440009682365	0	0.0037492267556	0.000268954573573	0.00742852532207	0.0939027998171	0.0357709582851	0.00123181194696	0.022694386918	0.00267340846131	0.000516392781259	0.00070466098276	0.0264382345822	0.0010166482881	3.22745488287e-05	0.000973615556333	0.000823000995132	0.00222156477771	0.00263575482101	0.00373308948119	0.000285091847987	0.00889163820231	0.00531454237379	5.37909147145e-06	0.00564266695355	0.00320593851698	0.0383314058256	0.00981146284393	0.019020467443	3.76536403002e-05	0.000134477286786	0.00193109383825	0.0106936338452	4.30327317716e-05	0.000220542750329	8.06863720718e-05	0	0.00236680024744	1.61372744144e-05	0.000220542750329	0.000220542750329	0.000215163658858	0.00380301767032	0.000285091847987	4.84118232431e-05	6.45490976574e-05	0	0.000102202737958	1.61372744144e-05	0	0.000134477286786	2.68954573573e-05	2.15163658858e-05	0.000785347354832	6.99281891289e-05	0.000467980958016	0.000688523708346	0.00797719265216	1.07581829429e-05	5.9170006186e-05	0.000145235469729	0.00528764691644	0.000247438207687	1.07581829429e-05	5.37909147145e-06	0	0	0.000645490976574	0.00490035233049	0.000623974610688	0.0142761087652	0.00793953901186	0.000161372744144	0.000209784567387	6.99281891289e-05	0.00112423011753	0.000150614561201	0.000984373739275	0.00074231462306	5.37909147145e-06	0.000306608213873	5.37909147145e-06
0.0150775933945	2.68954573573e-05	0.000166751835615	0	0.00134477286786	0.00131249831903	0.0159059734811	0.0357709582851	0.0664317796724	0	0.0206879857992	0.00413652134155	0.00211936203975	0.000586320970388	0.034377773594	0.00153304106936	1.61372744144e-05	0.000177510018558	0.00108119738576	0.00293698394341	0.00423334498803	0.000392673677416	0.000134477286786	0.000268954573573	0.00130711922756	2.15163658858e-05	0.00394287404857	0.00229149296684	0.00807939539012	0.010177241064	0.00384067131062	0	0.000360399128587	0.000548667330088	0.00993518194777	1.07581829429e-05	5.37909147145e-05	0	0	2.15163658858e-05	0	5.9170006186e-05	4.30327317716e-05	0.000274333665044	1.07581829429e-05	1.61372744144e-05	2.68954573573e-05	3.22745488287e-05	0	0.000118340012372	1.07581829429e-05	0	1.61372744144e-05	1.07581829429e-05	5.37909147145e-06	1.07581829429e-05	5.37909147145e-06	0.0001129609209	0.000145235469729	0.000656249159517	1.07581829429e-05	3.76536403002e-05	3.76536403002e-05	0.00059170006186	4.84118232431e-05	5.37909147145e-06	0	0	0	0.000204405475915	0.00312525214491	0.000306608213873	0.0117640730481	0.00369005674942	0.000688523708346	0.000430327317716	3.76536403002e-05	0.000478739140959	4.84118232431e-05	0.000451843683602	0.000387294585944	5.37909147145e-06	9.68236464861e-05	5.37909147145e-06
0	0.00168903472204	3.22745488287e-05	0	0.00114574648342	0	0	0.00123181194696	0	0.0209192867325	0	0	0.000973615556333	0.000301229122401	0	0.00454533229338	2.68954573573e-05	1.61372744144e-05	0	0.000129098195315	6.99281891289e-05	5.37909147145e-06	0.00260885936365	3.76536403002e-05	0.0141470105699	0.000570183695974	1.07581829429e-05	0.000478739140959	0.00601920335655	0	4.30327317716e-05	0	0	0	6.99281891289e-05	1.61372744144e-05	0.000139856378258	0	0	0.0011672628493	0	0	0	0	0.00966084828273	0	4.30327317716e-05	2.68954573573e-05	0	1.07581829429e-05	3.76536403002e-05	0	0.000177510018558	4.30327317716e-05	6.45490976574e-05	0.000731556440117	1.07581829429e-05	6.45490976574e-05	5.9170006186e-05	0.00718108711439	4.84118232431e-05	0.000139856378258	9.68236464861e-05	0.00201178021032	3.22745488287e-05	1.07581829429e-05	0	0	1.61372744144e-05	0.000215163658858	0.000839138269546	0.000236680024744	2.15163658858e-05	1.61372744144e-05	0.00203329657621	0	0	0.00112423011753	0.000150614561201	0.000699281891289	0.000656249159517	1.61372744144e-05	2.15163658858e-05	0
0.00128560286168	0	0	0	0.00152228288642	0.000311987305344	0.015072214303	0.022694386918	0.0206879857992	0	0.0435598827358	0.00233990479008	0.00387832495092	0.000360399128587	0.00623436701541	0.000774589171889	5.37909147145e-06	0	0.00070466098276	0.00160296925849	0.0046905677631	5.37909147145e-06	0	2.15163658858e-05	0.000473360049488	0	0.0026949248272	0.0011672628493	0.0077620289933	0.00422258680509	5.37909147145e-05	1.61372744144e-05	1.07581829429e-05	5.37909147145e-05	0.00569645786827	5.9170006186e-05	0	0	0	0.000672386433931	0	0.000338882762701	1.61372744144e-05	0.000199026384444	0.000129098195315	0.000484118232431	1.07581829429e-05	0.000349640945644	0	0.000123719103843	0	0	0	1.07581829429e-05	0	0.00115650466636	0	0	0	0.00165676017321	0	1.07581829429e-05	0	0.00137166832522	0.000182889110029	0	5.37909147145e-06	0	0	0.000129098195315	0.000220542750329	0.0001129609209	0.00751459078562	0.000978994647804	3.76536403002e-05	9.68236464861e-05	1.07581829429e-05	8.60654635432e-05	1.61372744144e-05	0.000107581829429	3.76536403002e-05	0	2.15163658858e-05	0
5.9170006186e-05	1.07581829429e-05	0	0	0.000236680024744	3.22745488287e-05	0.000107581829429	0.00267340846131	0.00413652134155	0	0.00233990479008	0.0236464861085	0.000199026384444	0.0072348780291	0.00466367230575	2.15163658858e-05	2.15163658858e-05	1.07581829429e-05	0.00294236303488	0.00433016863452	0.00112423011753	5.37909147145e-06	0	3.76536403002e-05	0.000204405475915	0.00282402302251	0.00635270702778	0.00165138108174	0.001129609209	0.00647642613163	0	0.000935961916032	9.68236464861e-05	0	0.0099674564966	5.37909147145e-06	0.00108119738576	5.37909147145e-06	0	5.37909147145e-06	0	6.45490976574e-05	0	0.000102202737958	0.000344261854173	1.61372744144e-05	0.00308759850461	6.99281891289e-05	0.00522847691025	5.9170006186e-05	1.07581829429e-05	0.000543288238616	5.37909147145e-06	1.07581829429e-05	0	0	0	0.000935961916032	6.99281891289e-05	0.000419569134773	0.00266802936984	0.000554046421559	0.000220542750329	0.000129098195315	4.84118232431e-05	0	0.00138242650816	1.07581829429e-05	0	0.000193647292972	0.00127484467873	0.00291546757753	0.00748769532826	0.000796105537775	1.61372744144e-05	0.000285091847987	0.00131787741051	7.53072806003e-05	0.00195798929561	0.000209784567387	6.45490976574e-05	0	2.15163658858e-05	0.000328124579758
1.07581829429e-05	2.15163658858e-05	0	0	0.00396976950593	0.000441085500659	0.00467980958016	0.000516392781259	0.00211936203975	0.000973615556333	0.00387832495092	0.000199026384444	0.0285307011646	5.37909147145e-05	0.000285091847987	0.00316828487668	0	0	7.53072806003e-05	0.0001129609209	0.0135122777763	0	2.15163658858e-05	0	0.0024690029854	1.61372744144e-05	0.00044646459213	0.000129098195315	0.000882171001318	0.00029585003093	0	0	0	0	0.000650870068046	0.000274333665044	0	0	0	0.000220542750329	0	0.00251203571717	0	0.000521771872731	0	0.00151690379495	0.000554046421559	0.00509399962346	5.37909147145e-05	0.00107043920282	4.84118232431e-05	0	0	0.0001129609209	9.14445550147e-05	0.00119415830666	0	0	0	1.61372744144e-05	0	0.000107581829429	0	1.61372744144e-05	0.00142008014846	0	2.15163658858e-05	0	0	0.00176972109411	1.07581829429e-05	1.61372744144e-05	0.000683144616874	5.37909147145e-06	0.000989752830747	5.37909147145e-06	1.07581829429e-05	0.000123719103843	0.000166751835615	0.000989752830747	0	5.37909147145e-06	2.68954573573e-05	7.53072806003e-05
0.000123719103843	0.000661628250988	0	0	0.000107581829429	1.61372744144e-05	5.37909147145e-05	0.00070466098276	0.000586320970388	0.000301229122401	0.000360399128587	0.0072348780291	5.37909147145e-05	0.0232322960652	0.000532530055674	0.000193647292972	0.000134477286786	1.07581829429e-05	4.30327317716e-05	2.68954573573e-05	8.06863720718e-05	3.22745488287e-05	0.000473360049488	6.45490976574e-05	0.000166751835615	0.0125547994944	0.00518544417848	0.006594766144	0.000532530055674	0.000511013689788	1.07581829429e-05	0.00173206745381	4.30327317716e-05	0	0.00102740647105	0	0.00115112557489	0	0	5.37909147145e-06	0	0.000129098195315	5.37909147145e-06	0.000252817299158	0.000360399128587	2.15163658858e-05	0.00430327317716	0.000139856378258	0.00909066458675	0.000145235469729	1.07581829429e-05	0.000564804604502	5.37909147145e-06	9.14445550147e-05	0	0	0	0.000978994647804	6.45490976574e-05	0.000344261854173	0.00790188537156	0.00553508512412	0.00264113391248	4.30327317716e-05	0.000155993652672	0	0.00165676017321	4.84118232431e-05	0	0.000505634598316	0.000215163658858	0.00107581829429	0.00157069470966	0.000731556440117	1.61372744144e-05	0.000134477286786	0.00139856378258	5.9170006186e-05	0.00140394287405	0.000623974610688	1.61372744144e-05	0	0.000123719103843	0.000828380086603
0.018267394637	2.68954573573e-05	0.000220542750329	0	0.00118877921519	0.000225921841801	0.000935961916032	0.0264382345822	0.034377773594	0	0.00623436701541	0.00466367230575	0.000285091847987	0.000532530055674	0.0464645921304	0.000220542750329	5.37909147145e-06	0.000161372744144	0.00105968101988	0.00202253839327	0.00162986471585	0.000301229122401	9.68236464861e-05	0.000166751835615	0.00139318469111	2.15163658858e-05	0.00195798929561	0.00115112557489	0.00641187703397	0.0150775933945	0.00391597859122	0	0.000489497323902	0.00153304106936	0.00943492644092	1.07581829429e-05	4.84118232431e-05	0	0	1.61372744144e-05	0	2.15163658858e-05	3.76536403002e-05	0.000161372744144	5.37909147145e-06	0	2.15163658858e-05	1.07581829429e-05	0	8.60654635432e-05	0	0	1.61372744144e-05	5.37909147145e-06	5.37909147145e-06	5.37909147145e-06	0	0.000102202737958	0.000129098195315	0.00033350367123	1.07581829429e-05	3.22745488287e-05	3.22745488287e-05	0.000328124579758	3.76536403002e-05	5.37909147145e-06	0	0	0	0.000118340012372	0.00216777386299	0.000193647292972	0.00862268362874	0.00343723945026	0.000139856378258	0.000661628250988	3.76536403002e-05	0.00029585003093	4.84118232431e-05	0.000247438207687	0.000209784567387	0	3.76536403002e-05	5.37909147145e-06
2.68954573573e-05	0.00102740647105	1.07581829429e-05	0	0.000537909147145	0.00308759850461	0.00317904305963	0.0010166482881	0.00153304106936	0.00454533229338	0.000774589171889	2.15163658858e-05	0.00316828487668	0.000193647292972	0.000220542750329	0.0148193970038	6.45490976574e-05	5.37909147145e-06	0	0	0.0011672628493	9.14445550147e-05	0.00119953739813	8.60654635432e-05	0.00359323310293	0.000306608213873	1.61372744144e-05	0.000225921841801	0.00175896291116	0.00033350367123	5.37909147145e-05	0	0.000306608213873	1.07581829429e-05	0.000236680024744	5.37909147145e-06	3.22745488287e-05	1.07581829429e-05	0	0	0	0	0	5.37909147145e-06	3.76536403002e-05	0	0	0	0	5.37909147145e-06	0	0	4.30327317716e-05	0	0	0	0	0	4.84118232431e-05	3.76536403002e-05	0	1.61372744144e-05	1.61372744144e-05	1.07581829429e-05	5.37909147145e-06	5.37909147145e-06	0	0	0	7.53072806003e-05	0.00183964928324	5.9170006186e-05	0.000118340012372	6.45490976574e-05	0.00437858045776	0.000290470939458	0	2.68954573573e-05	5.37909147145e-06	0.000107581829429	0.0001129609209	0	0	0
0	0.00147925015465	4.84118232431e-05	0	5.37909147145e-06	0	0	3.22745488287e-05	1.61372744144e-05	2.68954573573e-05	5.37909147145e-06	2.15163658858e-05	0	0.000134477286786	5.37909147145e-06	6.45490976574e-05	0.0193216965655	0.000107581829429	5.37909147145e-06	8.06863720718e-05	0	0.00321669669993	0.0122912240123	0.00538984965439	0.00407197224389	0.000209784567387	0.000102202737958	0.004426992281	0.00118340012372	2.15163658858e-05	2.68954573573e-05	0	0	0	7.53072806003e-05	0	0.000263575482101	2.15163658858e-05	0	0	0	0	0	0	2.15163658858e-05	0	5.37909147145e-06	0	1.07581829429e-05	0	0	0.000268954573573	0.000155993652672	5.37909147145e-06	4.84118232431e-05	0	0.00115112557489	0.00378150130443	0.00130711922756	0.000145235469729	1.07581829429e-05	0.000150614561201	9.68236464861e-05	0.000656249159517	0	0	0	0	0	0.000102202737958	0.00362012856029	0.000586320970388	0.000155993652672	0.000123719103843	5.37909147145e-06	0	0	0.00110809284312	0.000279712756515	0.000242059116215	9.68236464861e-05	1.61372744144e-05	0	0
0.000172130927086	0.000322745488287	0.00815470267072	0	0	0	0	0.000973615556333	0.000177510018558	1.61372744144e-05	0	1.07581829429e-05	0	1.07581829429e-05	0.000161372744144	5.37909147145e-06	0.000107581829429	0.0273795755897	4.30327317716e-05	0.00301767031548	0	0.00195261020414	0.000150614561201	0.00838600360399	0.0001129609209	0	0.00421182862215	0.00784809445685	4.30327317716e-05	0.000209784567387	0.00474973776929	0	0	0	0.00282402302251	1.07581829429e-05	0.00169441381351	0.000306608213873	0	0	0	3.76536403002e-05	0	4.30327317716e-05	3.76536403002e-05	0	0	1.07581829429e-05	0	0	0	0	0.000946720098975	1.07581829429e-05	0.000236680024744	0	3.76536403002e-05	0.000150614561201	0.000134477286786	1.07581829429e-05	4.30327317716e-05	0.000607837336274	0.000823000995132	1.61372744144e-05	5.37909147145e-06	3.22745488287e-05	0	0	0	0.000317366396816	0.002544310266	0.000355020037116	0.00107043920282	0.000494876415373	0	5.37909147145e-06	0	0.000306608213873	0.000236680024744	0.000123719103843	2.68954573573e-05	0	1.07581829429e-05	0
1.07581829429e-05	0	5.37909147145e-06	0	8.60654635432e-05	0	1.07581829429e-05	0.000823000995132	0.00108119738576	0	0.00070466098276	0.00294236303488	7.53072806003e-05	4.30327317716e-05	0.00105968101988	0	5.37909147145e-06	4.30327317716e-05	0.00542750329469	0.00233990479008	0.000338882762701	0	0	5.37909147145e-06	6.45490976574e-05	4.30327317716e-05	0.00219466932035	7.53072806003e-05	0.000328124579758	0.00153842016083	0	0	0	0	0.00189881928942	0	5.37909147145e-06	0	0	0	0	5.37909147145e-06	5.37909147145e-06	1.61372744144e-05	0	5.37909147145e-06	1.61372744144e-05	5.37909147145e-06	5.37909147145e-06	5.37909147145e-06	0	0	0	0	0	0	0	0	0	3.22745488287e-05	0	1.61372744144e-05	5.37909147145e-06	2.15163658858e-05	0	0	1.07581829429e-05	0	0	1.61372744144e-05	0.000672386433931	0.00134477286786	0.00199026384444	0.000607837336274	0	0	3.22745488287e-05	2.15163658858e-05	1.07581829429e-05	1.07581829429e-05	5.37909147145e-06	0	0	0
0.000607837336274	0.000263575482101	5.37909147145e-06	0	0.000231300933272	0	3.76536403002e-05	0.00222156477771	0.00293698394341	0.000129098195315	0.00160296925849	0.00433016863452	0.0001129609209	2.68954573573e-05	0.00202253839327	0	8.06863720718e-05	0.00301767031548	0.00233990479008	0.0225061187165	0.00107043920282	0.000199026384444	3.76536403002e-05	0.000511013689788	0.000236680024744	0	0.00841289906135	0.00734245985853	0.000640111885103	0.00260885936365	0.000500255506845	0	0	0	0.0119093085178	0	0.00037115731153	3.76536403002e-05	0	0	0	1.61372744144e-05	0	1.07581829429e-05	0.000247438207687	0	3.22745488287e-05	1.07581829429e-05	0	0	0	0	8.60654635432e-05	4.30327317716e-05	0.000102202737958	0	0	3.76536403002e-05	1.61372744144e-05	0.000107581829429	0.000360399128587	0.000650870068046	0.000403431860359	0.000129098195315	5.37909147145e-06	5.37909147145e-06	0	0	0	3.76536403002e-05	0.00502407143433	0.0033350367123	0.00699281891289	0.00062935370216	0	0	0	0.000225921841801	6.99281891289e-05	6.99281891289e-05	4.84118232431e-05	0	0	0
0.000177510018558	0	0	0	0.0062558833813	0.000301229122401	0.00256582663188	0.00263575482101	0.00423334498803	6.99281891289e-05	0.0046905677631	0.00112423011753	0.0135122777763	8.06863720718e-05	0.00162986471585	0.0011672628493	0	0	0.000338882762701	0.00107043920282	0.020731018531	5.37909147145e-06	0	5.37909147145e-06	0.00243672843657	0	0.00177510018558	0.00077996826336	0.00124257012991	0.00156531561819	1.61372744144e-05	0	0	0	0.00298001667518	0	0	0	0	6.99281891289e-05	0	0	0	0	9.68236464861e-05	5.37909147145e-06	0	0	0	0	0	0	0	0	0	0.000166751835615	0	0	0	0.000172130927086	0	5.37909147145e-06	0	6.99281891289e-05	0	0	0	0	0	5.37909147145e-06	5.37909147145e-05	4.30327317716e-05	0.00300153304107	9.14445550147e-05	9.14445550147e-05	1.07581829429e-05	0	0	0	1.07581829429e-05	1.07581829429e-05	0	0	0
0.000322745488287	0.000220542750329	0.00149000833759	0	0	0	0	0.00373308948119	0.000392673677416	5.37909147145e-06	5.37909147145e-06	5.37909147145e-06	0	3.22745488287e-05	0.000301229122401	9.14445550147e-05	0.00321669669993	0.00195261020414	0	0.000199026384444	5.37909147145e-06	0.0353998009736	0.00398590678034	0.0204997175977	0.000123719103843	5.37909147145e-06	0.00118877921519	0.00150614561201	0.00477663322665	0.000661628250988	0.0114305693768	0	0	1.07581829429e-05	0.00342110217584	1.61372744144e-05	0.000252817299158	4.84118232431e-05	0	0	5.37909147145e-06	7.53072806003e-05	2.15163658858e-05	0.000102202737958	5.37909147145e-06	0	5.37909147145e-06	0	0	1.07581829429e-05	0	0.000177510018558	8.06863720718e-05	5.37909147145e-06	5.37909147145e-06	0	0.00062935370216	0.00146311288023	0.000462601866545	0.000188268201501	0	1.07581829429e-05	0.000172130927086	0.000785347354832	0	3.76536403002e-05	0	0	0	2.15163658858e-05	0.00302842849843	0.000102202737958	0.00328124579758	0.00256044754041	0.000166751835615	5.37909147145e-06	0	0.00037115731153	0.000242059116215	0.000172130927086	0.000161372744144	0	0	0
9.68236464861e-05	0.00569645786827	0.000489497323902	0	5.37909147145e-06	0	0	0.000285091847987	0.000134477286786	0.00260885936365	0	0	2.15163658858e-05	0.000473360049488	9.68236464861e-05	0.00119953739813	0.0122912240123	0.000150614561201	0	3.76536403002e-05	0	0.00398590678034	0.0352868400527	0.00879481455582	0.00692826981523	0.00140932196552	0.000177510018558	0.0115704257551	0.00129636104462	1.07581829429e-05	0.000344261854173	0	0	0	6.45490976574e-05	0	0.00430865226863	8.06863720718e-05	0	1.61372744144e-05	0	3.22745488287e-05	5.37909147145e-06	3.76536403002e-05	0.00166213926468	0	6.99281891289e-05	0	0	5.37909147145e-06	5.37909147145e-06	0.000769210080417	0.000172130927086	9.68236464861e-05	0.0001129609209	0	0.00194723111267	0.0131303622818	0.00568032059385	0.000860654635432	1.07581829429e-05	0.000242059116215	0.00499179688551	0.00163524380732	0.000177510018558	9.68236464861e-05	0	0	0.000123719103843	0.000355020037116	0.00200102202738	0.000613216427745	0.000166751835615	0.000139856378258	0.000182889110029	0	0	0.00253893117452	0.000710040074231	0.000860654635432	0.000414190043302	6.45490976574e-05	0	0
0.000172130927086	0.000344261854173	0.01253866222	0	5.37909147145e-06	0	0	0.00889163820231	0.000268954573573	3.76536403002e-05	2.15163658858e-05	3.76536403002e-05	0	6.45490976574e-05	0.000166751835615	8.60654635432e-05	0.00538984965439	0.00838600360399	5.37909147145e-06	0.000511013689788	5.37909147145e-06	0.0204997175977	0.00879481455582	0.0837255587531	0.000263575482101	3.22745488287e-05	0.00464215593986	0.0131518786477	0.00721874075469	0.000435706409187	0.0128883031656	0	0	5.37909147145e-06	0.0060299615395	6.45490976574e-05	0.0073854925903	0.000860654635432	0	0	3.22745488287e-05	0.00025819639063	6.99281891289e-05	0.000338882762701	0.000134477286786	2.15163658858e-05	6.45490976574e-05	1.61372744144e-05	0	6.99281891289e-05	0	0.000306608213873	0.000511013689788	5.9170006186e-05	0.000107581829429	5.37909147145e-06	0.000715419165703	0.0124794922138	0.0118501385116	6.45490976574e-05	1.07581829429e-05	9.68236464861e-05	0.00512627417229	0.000209784567387	5.37909147145e-05	0.000118340012372	0	0	5.37909147145e-06	0.000172130927086	0.0133939377639	0.00101126919663	0.00371695220677	0.00647642613163	0.000957478281918	0	5.37909147145e-06	0.00164600199026	0.000263575482101	0.000505634598316	0.000511013689788	0	3.22745488287e-05	0
0.00147925015465	0.00232914660714	0.0001129609209	0	0.00886474274495	8.60654635432e-05	0.000182889110029	0.00531454237379	0.00130711922756	0.0141470105699	0.000473360049488	0.000204405475915	0.0024690029854	0.000166751835615	0.00139318469111	0.00359323310293	0.00407197224389	0.0001129609209	6.45490976574e-05	0.000236680024744	0.00243672843657	0.000123719103843	0.00692826981523	0.000263575482101	0.0474059331379	0.000623974610688	0.000387294585944	0.00135015195933	0.0174282563675	0.00210322476534	0.0010166482881	2.15163658858e-05	0	0.000801484629246	0.00152228288642	1.07581829429e-05	0.000268954573573	1.61372744144e-05	0	0.00206557112504	0	0	0	5.37909147145e-06	0.00934886097738	0	5.9170006186e-05	5.37909147145e-06	0	5.37909147145e-06	0	1.61372744144e-05	0.000306608213873	6.99281891289e-05	0.000107581829429	0.00203329657621	0.000231300933272	0.000731556440117	0.000123719103843	0.00842903633576	5.37909147145e-06	0.000225921841801	0.000139856378258	0.00388370404239	5.37909147145e-05	2.68954573573e-05	0	0	3.76536403002e-05	0.000344261854173	0.00495414324521	0.000527150964202	0.00240445388774	0.00167289744762	0.00164600199026	5.9170006186e-05	2.68954573573e-05	0.00157069470966	0.000285091847987	0.000882171001318	0.000607837336274	3.22745488287e-05	2.68954573573e-05	0
5.37909147145e-06	0.00186116564912	0	0	0	0	0	5.37909147145e-06	2.15163658858e-05	0.000570183695974	0	0.00282402302251	1.61372744144e-05	0.0125547994944	2.15163658858e-05	0.000306608213873	0.000209784567387	0	4.30327317716e-05	0	0	5.37909147145e-06	0.00140932196552	3.22745488287e-05	0.000623974610688	0.016772007208	0.00281326483957	0.00622898792394	0	2.68954573573e-05	0	0.000968236464861	0	0	3.76536403002e-05	0	0.00126946558726	0	0	0	0	3.76536403002e-05	0	0.000177510018558	0.000403431860359	5.37909147145e-06	0.00168365563056	3.22745488287e-05	0.0070089561873	0.0001129609209	5.37909147145e-06	0.000570183695974	0	1.61372744144e-05	0	0	0	0.00102740647105	6.45490976574e-05	0.000355020037116	0.00913907640999	0.00558887603884	0.00434092681746	2.15163658858e-05	0.000107581829429	0	0.00126408649579	3.76536403002e-05	0	0.000263575482101	5.37909147145e-06	7.53072806003e-05	0.000134477286786	0	5.37909147145e-06	1.61372744144e-05	0.000618595519217	4.30327317716e-05	0.000134477286786	0.00025819639063	0	0	6.99281891289e-05	0.000263575482101
0.000311987305344	0.000521771872731	0.0102417901616	0	0.000285091847987	5.37909147145e-06	8.06863720718e-05	0.00564266695355	0.00394287404857	1.07581829429e-05	0.0026949248272	0.00635270702778	0.00044646459213	0.00518544417848	0.00195798929561	1.61372744144e-05	0.000102202737958	0.00421182862215	0.00219466932035	0.00841289906135	0.00177510018558	0.00118877921519	0.000177510018558	0.00464215593986	0.000387294585944	0.00281326483957	0.0585675479412	0.022694386918	0.00198488475297	0.00190419838089	0.0027325784675	0.00192571474678	5.37909147145e-06	0	0.00915521368441	2.15163658858e-05	0.00274871574191	0.000172130927086	0	1.07581829429e-05	0	6.99281891289e-05	1.61372744144e-05	0.0001129609209	7.53072806003e-05	2.68954573573e-05	0.00309835668756	1.07581829429e-05	0.00308759850461	3.22745488287e-05	0	1.07581829429e-05	0.000876791909846	0.00111885102606	0.000903687367204	0	4.84118232431e-05	0.00033350367123	0.000252817299158	0.000220542750329	0.00647642613163	0.0133240095748	0.00507786234905	0.000204405475915	2.68954573573e-05	5.37909147145e-05	0.00233452569861	0	5.37909147145e-06	0.000597079153331	0.00488959414755	0.00544364056911	0.00877867728141	0.00115650466636	0	0	4.30327317716e-05	0.000769210080417	0.00178047927705	0.000414190043302	9.68236464861e-05	5.37909147145e-06	1.07581829429e-05	0
0.00059170006186	0.0227266614669	0.00931658642855	0	0.000129098195315	0	3.76536403002e-05	0.00320593851698	0.00229149296684	0.000478739140959	0.0011672628493	0.00165138108174	0.000129098195315	0.006594766144	0.00115112557489	0.000225921841801	0.004426992281	0.00784809445685	7.53072806003e-05	0.00734245985853	0.00077996826336	0.00150614561201	0.0115704257551	0.0131518786477	0.00135015195933	0.00622898792394	0.022694386918	0.100508324144	0.000892929184261	0.000570183695974	0.00275409483338	0.000139856378258	0	0	0.0075361071515	1.07581829429e-05	0.0276377719803	0.000623974610688	0	5.37909147145e-06	0	3.22745488287e-05	0	2.68954573573e-05	0.000516392781259	1.61372744144e-05	0.00138242650816	1.07581829429e-05	0.00274333665044	1.61372744144e-05	0	0.000833759178075	0.00144159651435	0.000731556440117	0.000580941878917	0	6.99281891289e-05	0.00631505338748	0.00295312121783	0.00029585003093	0.0138726769049	0.0211559667572	0.0308544686802	0.000290470939458	5.9170006186e-05	0.000123719103843	6.45490976574e-05	0	1.07581829429e-05	0.000806863720718	0.0115327721148	0.00529840509938	0.00543288238616	0.000839138269546	1.07581829429e-05	0	1.61372744144e-05	0.00144159651435	0.000833759178075	0.000618595519217	0.000139856378258	5.37909147145e-06	5.37909147145e-06	0
0.00451305774455	1.61372744144e-05	0.00294236303488	0	0.00622360883247	8.60654635432e-05	0.00194723111267	0.0383314058256	0.00807939539012	0.00601920335655	0.0077620289933	0.001129609209	0.000882171001318	0.000532530055674	0.00641187703397	0.00175896291116	0.00118340012372	4.30327317716e-05	0.000328124579758	0.000640111885103	0.00124257012991	0.00477663322665	0.00129636104462	0.00721874075469	0.0174282563675	0	0.00198488475297	0.000892929184261	0.0731072321885	0.00613216427745	0.00994056103924	3.22745488287e-05	6.45490976574e-05	0.00167289744762	0.00468518867163	8.06863720718e-05	0.000172130927086	2.68954573573e-05	0	0.00426024044539	2.15163658858e-05	0.00025819639063	0.000161372744144	0.000215163658858	0.0122804658293	0.000360399128587	6.99281891289e-05	6.45490976574e-05	0	0.000150614561201	1.61372744144e-05	5.37909147145e-06	5.9170006186e-05	3.76536403002e-05	5.37909147145e-05	0.0034103439929	0.000161372744144	0.00131787741051	0.000414190043302	0.0170517199645	0	6.99281891289e-05	6.45490976574e-05	0.00833759178075	0.000451843683602	0	0	0	2.15163658858e-05	0.00153304106936	0.00484656141578	0.000505634598316	0.00741238804766	0.00537371237998	0.000661628250988	0.000155993652672	3.76536403002e-05	0.00124257012991	0.000161372744144	0.00243672843657	0.00145773378876	5.9170006186e-05	0.000328124579758	0
0.00796643446922	5.37909147145e-06	5.37909147145e-06	0	0.000575562787445	0.00059170006186	0.000537909147145	0.00981146284393	0.010177241064	0	0.00422258680509	0.00647642613163	0.00029585003093	0.000511013689788	0.0150775933945	0.00033350367123	2.15163658858e-05	0.000209784567387	0.00153842016083	0.00260885936365	0.00156531561819	0.000661628250988	1.07581829429e-05	0.000435706409187	0.00210322476534	2.68954573573e-05	0.00190419838089	0.000570183695974	0.00613216427745	0.0364056910788	0.00512627417229	0	0.00135015195933	0.00536833328851	0.0154541297975	0	5.37909147145e-06	0	0	5.37909147145e-06	0	2.15163658858e-05	3.22745488287e-05	4.84118232431e-05	0	0	5.37909147145e-06	1.07581829429e-05	0	1.61372744144e-05	0	0	0	0	0	0	0	2.15163658858e-05	1.07581829429e-05	0.000247438207687	0	0	5.37909147145e-06	0.000242059116215	5.37909147145e-06	0	0	0	0	2.15163658858e-05	0.000790726446303	0.00025819639063	0.00792340173745	0.00102740647105	0.000376536403002	0.00148462924612	3.22745488287e-05	5.9170006186e-05	1.07581829429e-05	2.68954573573e-05	1.61372744144e-05	0	0	5.37909147145e-06
0.00499717597698	5.37909147145e-05	0.00441623409806	0	1.61372744144e-05	0	1.61372744144e-05	0.019020467443	0.00384067131062	4.30327317716e-05	5.37909147145e-05	0	0	1.07581829429e-05	0.00391597859122	5.37909147145e-05	2.68954573573e-05	0.00474973776929	0	0.000500255506845	1.61372744144e-05	0.0114305693768	0.000344261854173	0.0128883031656	0.0010166482881	0	0.0027325784675	0.00275409483338	0.00994056103924	0.00512627417229	0.0484118232431	0	0	0.00110809284312	0.00907452731234	3.22745488287e-05	0.000301229122401	0.000107581829429	0	0	1.07581829429e-05	0.0001129609209	2.68954573573e-05	0.000107581829429	0.000134477286786	1.07581829429e-05	4.30327317716e-05	2.15163658858e-05	0	3.76536403002e-05	0	0	0.000570183695974	4.30327317716e-05	5.9170006186e-05	0	0.0001129609209	0.000537909147145	0.000925203733089	3.22745488287e-05	5.37909147145e-06	0.000139856378258	0.000306608213873	6.99281891289e-05	1.07581829429e-05	4.84118232431e-05	0	0	5.37909147145e-06	0.000220542750329	0.00220542750329	9.14445550147e-05	0.00477663322665	0.00267878755278	2.15163658858e-05	0	0	0.00122643285549	0.000317366396816	0.000279712756515	0.000236680024744	0	3.76536403002e-05	0
0	0	0	0	5.37909147145e-06	0	0	3.76536403002e-05	0	0	1.61372744144e-05	0.000935961916032	0	0.00173206745381	0	0	0	0	0	0	0	0	0	0	2.15163658858e-05	0.000968236464861	0.00192571474678	0.000139856378258	3.22745488287e-05	0	0	0.00217315295447	0	0	6.45490976574e-05	0	0	0	0	0	0	0	0	1.07581829429e-05	0	0	0.000511013689788	0	0.00111347193459	5.37909147145e-06	0	0	0	3.22745488287e-05	0	0	0	0	0	0	0.000634732793631	0.000790726446303	0.000182889110029	0	0	0	0.000710040074231	0	0	0	1.07581829429e-05	0.0001129609209	7.53072806003e-05	0	0	0	1.07581829429e-05	1.07581829429e-05	0.000290470939458	0	0	0	0	0
0	0	0	0	0	0.000860654635432	0.000796105537775	0.000134477286786	0.000360399128587	0	1.07581829429e-05	9.68236464861e-05	0	4.30327317716e-05	0.000489497323902	0.000306608213873	0	0	0	0	0	0	0	0	0	0	5.37909147145e-06	0	6.45490976574e-05	0.00135015195933	0	0	0.00351254673086	0	0.00081762190366	0	0	0	0	0	0	0	0	0	0	0	0	0	0	0	0	0	0	0	0	0	0	0	0	1.07581829429e-05	0	0	0	1.07581829429e-05	0	0	0	0	0	0	6.99281891289e-05	1.07581829429e-05	0.000172130927086	0	0.000430327317716	0.00130711922756	5.37909147145e-06	0	0	0	0	0	0	0
0.00242597025362	0	0	0	1.07581829429e-05	0	0.000172130927086	0.00193109383825	0.000548667330088	0	5.37909147145e-05	0	0	0	0.00153304106936	1.07581829429e-05	0	0	0	0	0	1.07581829429e-05	0	5.37909147145e-06	0.000801484629246	0	0	0	0.00167289744762	0.00536833328851	0.00110809284312	0	0	0.00634732793631	0.00284016029693	0	0	0	0	0	0	0	0	0	0	0	0	0	0	0	0	0	0	0	0	0	0	0	0	0	0	0	0	0	0	0	0	0	0	0	1.07581829429e-05	0	5.37909147145e-05	2.68954573573e-05	0	0	0	0	0	0	0	0	0	0
0.00321131760846	0.000188268201501	7.53072806003e-05	0	0.000774589171889	0.00037115731153	0.000387294585944	0.0106936338452	0.00993518194777	6.99281891289e-05	0.00569645786827	0.0099674564966	0.000650870068046	0.00102740647105	0.00943492644092	0.000236680024744	7.53072806003e-05	0.00282402302251	0.00189881928942	0.0119093085178	0.00298001667518	0.00342110217584	6.45490976574e-05	0.0060299615395	0.00152228288642	3.76536403002e-05	0.00915521368441	0.0075361071515	0.00468518867163	0.0154541297975	0.00907452731234	6.45490976574e-05	0.00081762190366	0.00284016029693	0.0478954304618	5.37909147145e-06	0.000263575482101	0.000161372744144	0	4.84118232431e-05	0	3.22745488287e-05	4.30327317716e-05	7.53072806003e-05	0.000129098195315	2.68954573573e-05	2.68954573573e-05	1.61372744144e-05	0	3.76536403002e-05	0	0	0.000172130927086	2.68954573573e-05	3.22745488287e-05	1.61372744144e-05	0	9.14445550147e-05	5.37909147145e-05	0.000451843683602	0.000172130927086	0.000268954573573	0.000457222775073	0.000424948226245	2.15163658858e-05	0	5.37909147145e-06	0	0	0.000220542750329	0.00648718431457	0.00169979290498	0.0232322960652	0.0032597294317	0.000252817299158	0.00135015195933	4.30327317716e-05	0.000344261854173	0.000118340012372	0.000268954573573	0.000236680024744	0	1.61372744144e-05	0
1.07581829429e-05	0	2.15163658858e-05	0	0	0	0	4.30327317716e-05	1.07581829429e-05	1.61372744144e-05	5.9170006186e-05	5.37909147145e-06	0.000274333665044	0	1.07581829429e-05	5.37909147145e-06	0	1.07581829429e-05	0	0	0	1.61372744144e-05	0	6.45490976574e-05	1.07581829429e-05	0	2.15163658858e-05	1.07581829429e-05	8.06863720718e-05	0	3.22745488287e-05	0	0	0	5.37909147145e-06	0.0340711653802	4.84118232431e-05	0.00197412657002	0	0	7.53072806003e-05	0.00363088674323	0.00707888437643	0.00901535730615	5.9170006186e-05	0.00286705575428	0.000225921841801	0.00108657647723	0	0.0194938274925	0	0.000430327317716	0.00422796589656	0.000220542750329	2.15163658858e-05	0.000134477286786	0.00130174013609	2.68954573573e-05	0.00270568301014	0.00776740808477	0	9.14445550147e-05	0.00139856378258	0.00653559613781	0.00889163820231	0.012242812189	0	0	0.00148462924612	0.00219466932035	2.68954573573e-05	0	4.30327317716e-05	6.45490976574e-05	5.37909147145e-06	0	0	5.37909147145e-06	0.000107581829429	0.00140394287405	0.000656249159517	1.07581829429e-05	5.37909147145e-06	0
4.30327317716e-05	0.0174820472822	0.00540598692881	0	0	0	0	0.000220542750329	5.37909147145e-05	0.000139856378258	0	0.00108119738576	0	0.00115112557489	4.84118232431e-05	3.22745488287e-05	0.000263575482101	0.00169441381351	5.37909147145e-06	0.00037115731153	0	0.000252817299158	0.00430865226863	0.0073854925903	0.000268954573573	0.00126946558726	0.00274871574191	0.0276377719803	0.000172130927086	5.37909147145e-06	0.000301229122401	0	0	0	0.000263575482101	4.84118232431e-05	0.0553669885156	0.00165138108174	0	0	0	0.000155993652672	3.22745488287e-05	0.000172130927086	0.00527688873349	5.37909147145e-06	0.000150614561201	5.37909147145e-06	0.00216239477152	2.68954573573e-05	0.0001129609209	0.00330276216347	0.00443237137248	9.68236464861e-05	0.00066700734246	0	0.000204405475915	0.0148570506441	0.00500255506845	0.00462601866545	0.0112799548156	0.0147548479062	0.0378203921358	0.000548667330088	4.30327317716e-05	0.000204405475915	5.37909147145e-06	0	1.07581829429e-05	0.00081762190366	0.00396439041446	0.00173744654528	0.000532530055674	8.60654635432e-05	0	0	0	0.00229149296684	0.00117802103225	0.000462601866545	0.000155993652672	1.61372744144e-05	3.22745488287e-05	0
0	0.000102202737958	0.000849896452489	0	0	0	0	8.06863720718e-05	0	0	0	5.37909147145e-06	0	0	0	1.07581829429e-05	2.15163658858e-05	0.000306608213873	0	3.76536403002e-05	0	4.84118232431e-05	8.06863720718e-05	0.000860654635432	1.61372744144e-05	0	0.000172130927086	0.000623974610688	2.68954573573e-05	0	0.000107581829429	0	0	0	0.000161372744144	0.00197412657002	0.00165138108174	0.0253301417391	0	0	0	0.000398052768887	0.000548667330088	0.000909066458675	0.000129098195315	0	1.07581829429e-05	0	0	0.00096285737339	0	8.06863720718e-05	0.00703047255319	1.07581829429e-05	1.61372744144e-05	0	0.00144697560582	0.000441085500659	0.0100373846857	0.000188268201501	0	0.00632043247895	0.00680455071138	0.000564804604502	1.07581829429e-05	0.00144697560582	0	0	0	0.000172130927086	0.000699281891289	0.000161372744144	6.99281891289e-05	5.37909147145e-05	0	0	0	0.000204405475915	8.60654635432e-05	0.000656249159517	0.000656249159517	0	0	0
0	0	0	0	0	0	0	0	0	0	0	0	0	0	0	0	0	0	0	0	0	0	0	0	0	0	0	0	0	0	0	0	0	0	0	0	0	0	0	0	0	0	0	0	0	0	0	0	0	0	0	0	0	0	0	0	0	0	0	0	0	0	0	0	0	0	0	0	0	0	0	0	0	0	0	0	0	0	0	0	0	0	0	0
