0.00502833082895	3.91309792136e-06	1.95654896068e-05	0	2.73916854495e-05	3.91309792136e-06	0.000117392937641	0.00121306035562	0.000324787127473	9.39143501127e-05	8.608815427e-05	3.91309792136e-06	2.34785875282e-05	3.91309792136e-06	0.00133827948911	7.82619584272e-06	4.69571750563e-05	1.56523916854e-05	0	7.82619584272e-06	1.95654896068e-05	0.000148697721012	5.47833708991e-05	9.00012521913e-05	0.00011347983972	0	3.91309792136e-06	7.82619584272e-06	0.00017217630854	0.00374874780867	0.00180002504383	0	7.82619584272e-06	0.000594790884047	0.000418701477586	0	0	0	0	3.91309792136e-06	0	0	1.17392937641e-05	0	4.69571750563e-05	3.91309792136e-06	0	0	0	0	0	0	0	0	0	0	3.91309792136e-06	0	0	3.13047833709e-05	0	0	0	7.82619584272e-06	0	3.91309792136e-06	0	0	0	0	0.000117392937641	1.17392937641e-05	0.000129132231405	4.3044077135e-05	3.52178812923e-05	1.56523916854e-05	0	0	0	0	0	0	0	0
3.91309792136e-06	0.0177693776609	0.00305612947658	0	3.91309792136e-06	0	0	3.91309792136e-05	7.82619584272e-06	2.73916854495e-05	3.91309792136e-06	0.000273916854495	0	7.82619584272e-05	1.17392937641e-05	0	0.000270003756574	0.00189393939394	3.91309792136e-05	0.00104871024293	0	0.000207394189832	0.00254742674681	0.00109566741798	4.3044077135e-05	0.000821750563486	0.00504789631856	0.00810011269722	4.3044077135e-05	4.3044077135e-05	0.000117392937641	1.17392937641e-05	0	1.56523916854e-05	0.00121306035562	0	0.00393266341097	0.00034435261708	0	0	0	3.91309792136e-06	1.17392937641e-05	0	1.95654896068e-05	0	0.000180002504383	0	4.69571750563e-05	0	0	0.000140871525169	0.000320874029552	2.73916854495e-05	0.00023087277736	0	6.65226646632e-05	0.000716096919609	0.000281743050338	1.95654896068e-05	0.000469571750563	0.00156132607062	0.0024182945154	1.17392937641e-05	3.91309792136e-06	3.13047833709e-05	3.91309792136e-06	0	3.91309792136e-06	0.000465658652642	0.000555659904833	0.000900012521913	0.000892186326071	0.000446093163035	1.95654896068e-05	5.47833708991e-05	1.56523916854e-05	0.000160437014776	0.000723923115452	0.000356091910844	9.78274480341e-05	3.91309792136e-06	0	2.34785875282e-05
1.95654896068e-05	0.00305612947658	0.0350730966692	0	0	7.82619584272e-06	4.3044077135e-05	0.000266090658653	1.56523916854e-05	6.26095667418e-05	7.82619584272e-06	0.000262177560731	0	5.08702729777e-05	3.13047833709e-05	1.17392937641e-05	0.000837402955172	0.0138993238167	2.34785875282e-05	0.00120132106186	0	0.00209742048585	0.00226177059855	0.0148971637866	0.00025826446281	5.47833708991e-05	0.00968491735537	0.011891904583	0.000598703981968	0.000309134735788	0.00159654395192	3.91309792136e-06	0	0.000140871525169	0.00506746180816	0	0.000743488605059	0.000187828700225	0	3.91309792136e-06	0	0	7.82619584272e-06	0	5.47833708991e-05	0	1.56523916854e-05	0	1.17392937641e-05	0	0	0.000246525169046	9.39143501127e-05	0	2.73916854495e-05	0	4.3044077135e-05	0.000700444527924	0.00025826446281	4.3044077135e-05	4.3044077135e-05	0.000215220385675	0.000610443275733	2.34785875282e-05	0	1.56523916854e-05	0	0	0	0.000125219133484	0.00345135236664	0.00307569496619	0.00518094164788	0.00252003506136	0.000309134735788	0.000332613323316	0.000105653643877	0.000148697721012	0.000168263210619	9.00012521913e-05	3.91309792136e-05	0	7.82619584272e-06	0
0	0	0	0	0	0	0	0	0	0	0	0	0	0	0	0	0	0	0	0	0	0	0	0	0	0	0	0	0	0	0	0	0	0	0	0	0	0	0	0	0	0	0	0	0	0	0	0	0	0	0	0	0	0	0	0	0	0	0	0	0	0	0	0	0	0	0	0	0	0	0	0	0	0	0	0	0	0	0	0	0	0	0	0
2.73916854495e-05	3.91309792136e-06	0	0	0.018461995993	0	0.000379570498372	0.00192915727523	0.00031696093163	0.000375657400451	0.00219916103181	0	0.00309917355372	0	0.000121306035562	1.17392937641e-05	7.82619584272e-06	3.91309792136e-06	0	0	0.00561138241923	0	7.82619584272e-06	3.91309792136e-06	0.00753662659654	0	0	3.91309792136e-06	0.00493441647884	0.000125219133484	6.65226646632e-05	0	0	3.52178812923e-05	5.08702729777e-05	1.95654896068e-05	0	0	0	0.00167089281242	0	9.00012521913e-05	8.608815427e-05	1.95654896068e-05	5.86964688204e-05	0.00108392812422	0	0.00351396193338	0	1.17392937641e-05	0	0	0	0	0	0.00343178687703	0	0	0	0.000203481091911	0	0	0	0.000148697721012	3.91309792136e-06	0	0	0	0	0	1.95654896068e-05	0	3.13047833709e-05	1.17392937641e-05	2.73916854495e-05	0	0	3.91309792136e-06	0	0	0	0	0	0
3.91309792136e-06	0	7.82619584272e-06	0	0	0.00368613824192	0.00203089782119	3.91309792136e-06	0.000422614575507	0	0	1.95654896068e-05	0	1.17392937641e-05	0.000391309792136	0.00048913724017	0	7.82619584272e-06	0	3.91309792136e-06	0	3.91309792136e-06	0	7.82619584272e-06	0	3.91309792136e-06	7.82619584272e-06	3.91309792136e-06	0	0.000387396694215	7.82619584272e-06	0	0.00140480215377	1.17392937641e-05	0.000469571750563	0	0	0	0	0	0	0	0	0	0	0	0	0	0	0	0	0	0	0	0	0	0	0	0	0	0	0	0	0	0	0	0	0	0	0	2.34785875282e-05	1.17392937641e-05	0.000125219133484	4.69571750563e-05	0.000363918106687	0.000943056599048	7.82619584272e-06	3.91309792136e-06	0	0	0	0	0	0
0.000117392937641	0	4.3044077135e-05	0	0.000379570498372	0.00203089782119	0.0331987227648	0.00222263961933	0.014482375407	0.000117392937641	0.00567007888805	0.000121306035562	0.00461745554721	3.13047833709e-05	0.00583051590283	0.00164350112697	4.69571750563e-05	4.3044077135e-05	0	2.73916854495e-05	0.00116610318057	0.000109566741798	5.08702729777e-05	0.000129132231405	0.000469571750563	7.82619584272e-06	3.91309792136e-05	3.13047833709e-05	0.000939143501127	0.0056974705735	0.000508702729777	0	0.00240264212372	0.000360005008765	0.00275090783872	0	0	0	0	3.91309792136e-06	0	0	0	0	2.73916854495e-05	0	0	0	0	0	0	3.91309792136e-06	0	0	0	0	0	3.91309792136e-06	3.91309792136e-06	1.56523916854e-05	0	0	3.91309792136e-06	0	0	1.17392937641e-05	0	0	0	0	0.000485224142249	7.04357625845e-05	0.00170611069371	0.000399135987979	0.00102914475332	0.00154958677686	2.73916854495e-05	1.56523916854e-05	0	0	0	0	0	0
0.00121306035562	3.91309792136e-05	0.000266090658653	0	0.00192915727523	3.91309792136e-06	0.00222263961933	0.0411657901327	0.00381918357125	0.00127175682444	0.00783793513649	1.56523916854e-05	0.00119349486602	3.91309792136e-06	0.00426918983221	0.000133045329326	0.000481311044328	0.000207394189832	0	1.95654896068e-05	0.00112305910343	0.00150654269972	0.000446093163035	0.00121697345354	0.00513007137491	0	5.47833708991e-05	0.000101740545955	0.0154723891811	0.00490311169547	0.00972013523666	0	1.95654896068e-05	0.00145175932883	0.00249264337591	1.56523916854e-05	3.91309792136e-06	0	0	0.000101740545955	0	1.95654896068e-05	9.39143501127e-05	1.56523916854e-05	0.000676965940396	5.47833708991e-05	0	7.43488605059e-05	0	1.17392937641e-05	0	1.56523916854e-05	0	0	0	7.82619584272e-05	0	3.52178812923e-05	3.91309792136e-06	0.000500876533934	0	0	0	0.000105653643877	7.82619584272e-06	1.95654896068e-05	0	0	0	1.56523916854e-05	0.000641748059103	9.39143501127e-05	0.000950882794891	0.00031696093163	0.000297395442024	5.47833708991e-05	7.82619584272e-06	2.73916854495e-05	0	1.56523916854e-05	7.82619584272e-06	1.56523916854e-05	3.91309792136e-06	0
0.000324787127473	7.82619584272e-06	1.56523916854e-05	0	0.00031696093163	0.000422614575507	0.014482375407	0.00381918357125	0.0340126471325	0.000140871525169	0.00517311545204	7.04357625845e-05	0.00125610443276	1.17392937641e-05	0.0130775732532	0.000465658652642	0.000129132231405	2.73916854495e-05	3.91309792136e-06	1.17392937641e-05	0.000586964688204	0.000140871525169	7.43488605059e-05	0.000140871525169	0.000567399198598	3.91309792136e-06	2.73916854495e-05	1.56523916854e-05	0.000986100676183	0.00719618707739	0.0010800150263	0	0.0019056786877	0.000763054094666	0.00250046957175	0	3.91309792136e-06	0	0	1.17392937641e-05	0	0	7.82619584272e-06	0	5.47833708991e-05	3.91309792136e-06	0	3.91309792136e-06	0	0	0	0	0	0	0	3.91309792136e-06	0	0	0	3.52178812923e-05	0	0	3.91309792136e-06	1.56523916854e-05	0	7.82619584272e-06	0	0	0	3.91309792136e-06	0.000457832456799	6.65226646632e-05	0.00131088780366	0.000336526421237	0.000481311044328	0.000626095667418	1.95654896068e-05	1.17392937641e-05	0	0	0	3.91309792136e-06	0	0
9.39143501127e-05	2.73916854495e-05	6.26095667418e-05	0	0.000375657400451	0	0.000117392937641	0.00127175682444	0.000140871525169	0.0145919421488	0.000129132231405	3.91309792136e-06	0.00142436764338	0	0.000176089406461	0.00014478462309	0.000704357625845	3.91309792136e-05	0	7.82619584272e-06	0.000716096919609	0.000426527673428	0.0017217630854	0.000340439519159	0.00485224142249	3.91309792136e-06	1.95654896068e-05	5.86964688204e-05	0.00194480966692	0.00068870523416	0.00129914850989	0	0	0.000367831204608	0.000712183821688	4.3044077135e-05	0	0	0	0.000270003756574	0	5.47833708991e-05	0.000313047833709	2.34785875282e-05	0.00252394815928	0.000117392937641	0	0.000180002504383	0	3.13047833709e-05	3.91309792136e-06	2.73916854495e-05	3.91309792136e-06	0	0	0.000191741798147	4.3044077135e-05	7.04357625845e-05	5.08702729777e-05	0.00184306912096	0	0	0	0.000563486100676	2.73916854495e-05	0.000105653643877	0	0	3.91309792136e-06	4.69571750563e-05	0.000266090658653	4.3044077135e-05	0.000203481091911	7.04357625845e-05	0.000872620836464	3.91309792136e-06	0	7.04357625845e-05	1.95654896068e-05	3.52178812923e-05	1.17392937641e-05	5.86964688204e-05	0	0
8.608815427e-05	3.91309792136e-06	7.82619584272e-06	0	0.00219916103181	0	0.00567007888805	0.00783793513649	0.00517311545204	0.000129132231405	0.0318995742549	0	0.00348265715001	0	0.00174524167293	0.000101740545955	1.95654896068e-05	3.91309792136e-06	0	0	0.00259829701978	5.47833708991e-05	1.56523916854e-05	2.34785875282e-05	0.00177263335838	0	0	3.91309792136e-06	0.00593616954671	0.000798271975958	0.000414788379664	0	0	0.000156523916854	0.00031696093163	0	0	0	0	5.86964688204e-05	0	1.17392937641e-05	7.82619584272e-06	3.91309792136e-06	6.26095667418e-05	0.000442180065114	0	0.000442180065114	0	3.91309792136e-06	0	0	0	0	0	0.000156523916854	0	0	0	5.08702729777e-05	0	0	0	1.17392937641e-05	0	0	0	0	0	0	7.82619584272e-05	3.91309792136e-06	0.000125219133484	3.13047833709e-05	6.26095667418e-05	1.56523916854e-05	7.82619584272e-06	3.91309792136e-06	0	0	0	7.82619584272e-06	0	0
3.91309792136e-06	0.000273916854495	0.000262177560731	0	0	1.95654896068e-05	0.000121306035562	1.56523916854e-05	7.04357625845e-05	3.91309792136e-06	0	0.0289999686952	0	0.0112540696218	8.608815427e-05	0	7.82619584272e-06	0.000653487352868	0.00225003130478	0.00435527798648	0	4.69571750563e-05	1.95654896068e-05	0.000160437014776	0	0.00291917104934	0.00874577385424	0.00142045454545	1.17392937641e-05	0.000367831204608	1.95654896068e-05	0.0008608815427	3.13047833709e-05	1.56523916854e-05	0.00639008890558	0	0.000121306035562	1.56523916854e-05	0	0	0	0	0	0	0	0	0.000356091910844	0	0.000183915602304	0	3.91309792136e-06	3.91309792136e-06	7.82619584272e-06	3.52178812923e-05	7.43488605059e-05	0	0	7.82619584272e-06	7.82619584272e-06	0	0.000504789631856	0.000277829952417	0.000289569246181	0	0	3.91309792136e-06	0	0	0	5.08702729777e-05	0.000504789631856	0.00270395066366	0.0039561419985	0.000739575507137	6.26095667418e-05	0.000129132231405	0.000277829952417	2.73916854495e-05	0.000410875281743	0.000129132231405	2.73916854495e-05	0	0	0.000125219133484
2.34785875282e-05	0	0	0	0.00309917355372	0	0.00461745554721	0.00119349486602	0.00125610443276	0.00142436764338	0.00348265715001	0	0.0258460117706	0	0.000434353869271	0.000727836213373	3.91309792136e-06	0	0	0	0.0105184072126	7.82619584272e-06	3.91309792136e-06	1.17392937641e-05	0.00140480215377	0	0	0	0.00110740671175	0.000387396694215	0.000133045329326	0	0	7.43488605059e-05	0.000148697721012	3.91309792136e-06	0	0	0	6.26095667418e-05	0	0.000117392937641	2.34785875282e-05	2.34785875282e-05	3.52178812923e-05	0.000888273228149	0	0.00280960430754	0	1.95654896068e-05	0	0	0	0	0	0.00025826446281	0	0	0	5.47833708991e-05	0	0	0	7.82619584272e-06	3.91309792136e-06	0	0	0	0	0	5.86964688204e-05	1.56523916854e-05	5.86964688204e-05	1.56523916854e-05	0.000590877786126	7.82619584272e-06	0	3.91309792136e-06	0	0	0	3.91309792136e-06	0	0
3.91309792136e-06	7.82619584272e-05	5.08702729777e-05	0	0	1.17392937641e-05	3.13047833709e-05	3.91309792136e-06	1.17392937641e-05	0	0	0.0112540696218	0	0.0221872652141	2.34785875282e-05	0	3.91309792136e-06	9.39143501127e-05	0.000367831204608	0.000731749311295	0	3.91309792136e-06	7.82619584272e-06	3.13047833709e-05	0	0.00639791510143	0.00544311920862	0.00230090157776	3.91309792136e-06	8.608815427e-05	3.91309792136e-06	0.00140088905585	1.56523916854e-05	0	0.00149480340596	0	8.21750563486e-05	7.82619584272e-06	0	0	0	0	0	0	0	0	0.000450006260957	0	0.000500876533934	0	0	0	3.91309792136e-06	4.3044077135e-05	7.43488605059e-05	0	0	3.91309792136e-06	3.91309792136e-06	0	0.000606530177811	0.000270003756574	0.00025826446281	0	0	0	0	0	0	3.91309792136e-05	0.000168263210619	0.00123653894315	0.00124827823691	0.000207394189832	1.17392937641e-05	4.3044077135e-05	0.000540007513148	1.17392937641e-05	0.000496963436013	8.608815427e-05	7.82619584272e-06	3.91309792136e-06	0	0.000164350112697
0.00133827948911	1.17392937641e-05	3.13047833709e-05	0	0.000121306035562	0.000391309792136	0.00583051590283	0.00426918983221	0.0130775732532	0.000176089406461	0.00174524167293	8.608815427e-05	0.000434353869271	2.34785875282e-05	0.0277634297521	0.00025826446281	0.000117392937641	5.08702729777e-05	3.91309792136e-06	1.95654896068e-05	0.000183915602304	0.000226959679439	9.39143501127e-05	0.000226959679439	0.000414788379664	7.82619584272e-06	5.08702729777e-05	2.34785875282e-05	0.000696531430003	0.012490608565	0.00149871650388	0	0.00264134109692	0.00107610192837	0.00319308790383	0	3.91309792136e-06	0	0	1.56523916854e-05	0	0	1.56523916854e-05	0	9.00012521913e-05	3.91309792136e-06	3.91309792136e-06	7.82619584272e-06	0	0	0	0	3.91309792136e-06	0	0	3.91309792136e-06	0	0	0	7.04357625845e-05	3.91309792136e-06	0	0	1.95654896068e-05	0	7.82619584272e-06	0	0	0	3.91309792136e-06	0.000630008765339	7.82619584272e-05	0.00161610944152	0.000383483596294	0.000473484848485	0.000696531430003	7.82619584272e-06	1.56523916854e-05	3.91309792136e-06	0	0	3.91309792136e-06	0	0
7.82619584272e-06	0	1.17392937641e-05	0	1.17392937641e-05	0.00048913724017	0.00164350112697	0.000133045329326	0.000465658652642	0.00014478462309	0.000101740545955	0	0.000727836213373	0	0.00025826446281	0.00528268219384	3.91309792136e-06	3.91309792136e-06	0	3.91309792136e-06	5.08702729777e-05	1.56523916854e-05	3.91309792136e-06	1.56523916854e-05	1.95654896068e-05	0	7.82619584272e-06	0	5.08702729777e-05	0.000238698973203	3.91309792136e-05	0	1.56523916854e-05	3.13047833709e-05	7.82619584272e-05	0	0	0	0	0	0	0	0	0	7.82619584272e-06	0	0	0	0	0	0	0	3.91309792136e-06	0	0	0	0	0	3.91309792136e-06	3.91309792136e-06	0	0	0	0	0	0	0	0	0	0	0.000195654896068	1.95654896068e-05	9.39143501127e-05	6.26095667418e-05	0.00281351740546	2.34785875282e-05	3.91309792136e-06	1.56523916854e-05	3.91309792136e-06	3.91309792136e-06	3.91309792136e-06	0	0	0
4.69571750563e-05	0.000270003756574	0.000837402955172	0	7.82619584272e-06	0	4.69571750563e-05	0.000481311044328	0.000129132231405	0.000704357625845	1.95654896068e-05	7.82619584272e-06	3.91309792136e-06	3.91309792136e-06	0.000117392937641	3.91309792136e-06	0.021944653143	0.000352178812923	3.91309792136e-06	2.73916854495e-05	3.91309792136e-06	0.00421440646131	0.00687531304783	0.00729792762334	0.00689487853744	3.91309792136e-06	9.78274480341e-05	0.00302482469321	0.00458223766592	0.000637834961182	0.00205046331079	0	1.56523916854e-05	0.000434353869271	0.00203872401703	3.91309792136e-06	2.73916854495e-05	1.56523916854e-05	0	1.95654896068e-05	0	3.91309792136e-06	6.26095667418e-05	3.91309792136e-06	0.000536094415227	3.91309792136e-06	0	1.95654896068e-05	0	0	0	0.00017217630854	3.91309792136e-06	0	3.91309792136e-06	0	5.47833708991e-05	0.000305221637866	8.608815427e-05	0.000262177560731	7.82619584272e-06	3.91309792136e-06	5.47833708991e-05	0.000121306035562	7.82619584272e-06	7.04357625845e-05	0	0	0	3.91309792136e-05	0.00106827573253	0.000446093163035	0.0011543638868	0.000610443275733	9.00012521913e-05	0.00011347983972	1.17392937641e-05	2.34785875282e-05	0	1.56523916854e-05	3.91309792136e-06	2.34785875282e-05	0	0
1.56523916854e-05	0.00189393939394	0.0138993238167	0	3.91309792136e-06	7.82619584272e-06	4.3044077135e-05	0.000207394189832	2.73916854495e-05	3.91309792136e-05	3.91309792136e-06	0.000653487352868	0	9.39143501127e-05	5.08702729777e-05	3.91309792136e-06	0.000352178812923	0.0345683070373	7.43488605059e-05	0.0064292198848	0	0.00261394941147	0.000786532682194	0.012885831455	0.000176089406461	0.000187828700225	0.0121579952417	0.0054587716003	0.000391309792136	0.000273916854495	0.00175698096669	3.91309792136e-06	7.82619584272e-06	0.000125219133484	0.00823315802655	0	0.00060261707989	9.78274480341e-05	0	0	0	0	0	0	2.34785875282e-05	0	3.13047833709e-05	0	2.34785875282e-05	0	0	8.608815427e-05	3.13047833709e-05	7.82619584272e-06	3.52178812923e-05	0	3.91309792136e-06	0.000187828700225	9.39143501127e-05	1.17392937641e-05	8.608815427e-05	0.000211307287754	0.000410875281743	1.56523916854e-05	0	3.91309792136e-06	3.91309792136e-06	0	0	3.13047833709e-05	0.00299743300776	0.00330656774355	0.00518485474581	0.00230090157776	0.000238698973203	0.000238698973203	0.000148697721012	0.000105653643877	0.000136958427248	4.3044077135e-05	1.17392937641e-05	0	0	7.82619584272e-06
0	3.91309792136e-05	2.34785875282e-05	0	0	0	0	0	3.91309792136e-06	0	0	0.00225003130478	0	0.000367831204608	3.91309792136e-06	0	3.91309792136e-06	7.43488605059e-05	0.00450788880541	0.00194480966692	0	3.91309792136e-06	3.91309792136e-06	3.91309792136e-06	3.91309792136e-06	0.000211307287754	0.00221090032557	0.000203481091911	0	7.82619584272e-06	0	1.56523916854e-05	0	0	0.000301308539945	0	7.82619584272e-06	0	0	0	0	0	3.91309792136e-06	0	0	0	3.13047833709e-05	0	7.82619584272e-06	0	0	0	0	7.82619584272e-06	7.82619584272e-06	0	0	0	0	0	6.26095667418e-05	2.73916854495e-05	2.34785875282e-05	3.91309792136e-06	0	0	0	0	0	0	3.13047833709e-05	0.000160437014776	0.000187828700225	3.13047833709e-05	3.91309792136e-06	0	7.82619584272e-06	0	2.73916854495e-05	0	0	0	0	7.82619584272e-06
7.82619584272e-06	0.00104871024293	0.00120132106186	0	0	3.91309792136e-06	2.73916854495e-05	1.95654896068e-05	1.17392937641e-05	7.82619584272e-06	0	0.00435527798648	0	0.000731749311295	1.95654896068e-05	3.91309792136e-06	2.73916854495e-05	0.0064292198848	0.00194480966692	0.0244764274981	0	0.00011347983972	0.000109566741798	0.000653487352868	7.82619584272e-06	0.000735662409216	0.0148110756324	0.00302091159529	2.34785875282e-05	5.86964688204e-05	6.26095667418e-05	5.47833708991e-05	3.91309792136e-06	1.95654896068e-05	0.00635487102429	0	0.000438266967193	1.56523916854e-05	0	0	0	0	3.91309792136e-06	0	0	0	0.000156523916854	0	0.000117392937641	0	0	1.17392937641e-05	2.34785875282e-05	3.13047833709e-05	8.21750563486e-05	0	0	1.56523916854e-05	2.34785875282e-05	0	0.000375657400451	0.00034435261708	0.00043044077135	3.91309792136e-06	0	0	1.17392937641e-05	0	0	5.08702729777e-05	0.001044797145	0.00255133984473	0.00275873403456	0.000841316053093	5.86964688204e-05	6.26095667418e-05	9.00012521913e-05	2.73916854495e-05	0.000191741798147	3.52178812923e-05	3.91309792136e-06	0	0	4.3044077135e-05
1.95654896068e-05	0	0	0	0.00561138241923	0	0.00116610318057	0.00112305910343	0.000586964688204	0.000716096919609	0.00259829701978	0	0.0105184072126	0	0.000183915602304	5.08702729777e-05	3.91309792136e-06	0	0	0	0.0168106686702	3.91309792136e-06	7.82619584272e-06	3.91309792136e-06	0.00275873403456	0	0	0	0.00172567618332	0.000211307287754	9.00012521913e-05	0	0	5.08702729777e-05	9.78274480341e-05	0	0	0	0	6.26095667418e-05	0	1.56523916854e-05	0	3.91309792136e-06	1.95654896068e-05	0.000109566741798	0	0.000457832456799	0	0	0	0	0	0	0	0.000168263210619	0	0	0	2.73916854495e-05	0	0	0	7.82619584272e-06	0	0	0	0	0	0	1.56523916854e-05	3.91309792136e-06	4.69571750563e-05	7.82619584272e-06	8.608815427e-05	7.82619584272e-06	0	0	0	0	0	0	0	0
0.000148697721012	0.000207394189832	0.00209742048585	0	0	3.91309792136e-06	0.000109566741798	0.00150654269972	0.000140871525169	0.000426527673428	5.47833708991e-05	4.69571750563e-05	7.82619584272e-06	3.91309792136e-06	0.000226959679439	1.56523916854e-05	0.00421440646131	0.00261394941147	3.91309792136e-06	0.00011347983972	3.91309792136e-06	0.0367557287754	0.00169437139995	0.0192250500877	0.001940896569	0	0.000465658652642	0.000802185073879	0.00580312421738	0.00294264963686	0.0144080265465	0	7.82619584272e-06	0.00196828825445	0.00498528675182	3.91309792136e-06	3.13047833709e-05	1.56523916854e-05	0	3.91309792136e-06	0	0	2.34785875282e-05	0	0.00031696093163	7.82619584272e-06	0	7.82619584272e-06	0	0	0	9.00012521913e-05	3.91309792136e-06	0	3.91309792136e-06	7.82619584272e-06	2.34785875282e-05	0.000183915602304	5.47833708991e-05	0.000207394189832	0	7.82619584272e-06	3.52178812923e-05	6.26095667418e-05	0	3.91309792136e-05	0	0	0	3.52178812923e-05	0.00172567618332	0.000708270723767	0.00229307538192	0.00112697220135	0.000207394189832	0.000160437014776	2.34785875282e-05	5.86964688204e-05	2.73916854495e-05	2.34785875282e-05	1.17392937641e-05	1.95654896068e-05	0	0
5.47833708991e-05	0.00254742674681	0.00226177059855	0	7.82619584272e-06	0	5.08702729777e-05	0.000446093163035	7.43488605059e-05	0.0017217630854	1.56523916854e-05	1.95654896068e-05	3.91309792136e-06	7.82619584272e-06	9.39143501127e-05	3.91309792136e-06	0.00687531304783	0.000786532682194	3.91309792136e-06	0.000109566741798	7.82619584272e-06	0.00169437139995	0.0239520723767	0.00421831955923	0.00413614450288	1.56523916854e-05	0.000504789631856	0.00498528675182	0.002289162284	0.000594790884047	0.00168654520411	0	3.91309792136e-06	0.000414788379664	0.00195654896068	2.34785875282e-05	0.00025826446281	0.000180002504383	0	3.91309792136e-05	0	3.91309792136e-06	0.000148697721012	3.91309792136e-06	0.00145958552467	2.34785875282e-05	7.82619584272e-06	2.73916854495e-05	3.91309792136e-06	1.17392937641e-05	0	0.00106436263461	4.69571750563e-05	0	3.91309792136e-06	7.82619584272e-06	0.000262177560731	0.0032048271976	0.0010252316554	0.000610443275733	3.91309792136e-06	7.04357625845e-05	0.000590877786126	0.000418701477586	2.34785875282e-05	0.000207394189832	0	0	3.91309792136e-06	0.000246525169046	0.00119740796394	0.000551746806912	0.00137741046832	0.000669139744553	0.000136958427248	9.00012521913e-05	2.73916854495e-05	0.000234785875282	0.000250438266967	0.000195654896068	6.26095667418e-05	2.73916854495e-05	7.82619584272e-06	0
9.00012521913e-05	0.00109566741798	0.0148971637866	0	3.91309792136e-06	7.82619584272e-06	0.000129132231405	0.00121697345354	0.000140871525169	0.000340439519159	2.34785875282e-05	0.000160437014776	1.17392937641e-05	3.13047833709e-05	0.000226959679439	1.56523916854e-05	0.00729792762334	0.012885831455	3.91309792136e-06	0.000653487352868	3.91309792136e-06	0.0192250500877	0.00421831955923	0.0610678061608	0.00160045704984	2.34785875282e-05	0.00256699223641	0.00734879789632	0.00356874530428	0.00215611695467	0.00846011770599	0	3.91309792136e-06	0.00105653643877	0.00876142624593	3.91309792136e-06	0.000234785875282	9.39143501127e-05	0	7.82619584272e-06	0	3.91309792136e-06	1.56523916854e-05	3.91309792136e-06	0.000293482344102	3.91309792136e-06	3.91309792136e-06	3.91309792136e-06	0	0	0	0.000367831204608	1.17392937641e-05	0	1.17392937641e-05	7.82619584272e-06	3.91309792136e-05	0.000974361382419	0.000320874029552	0.000129132231405	1.56523916854e-05	5.08702729777e-05	0.000242612071124	7.82619584272e-05	3.91309792136e-06	4.3044077135e-05	0	0	0	0.000109566741798	0.00497746055597	0.00274308164288	0.00738792887553	0.00377222639619	0.000606530177811	0.000536094415227	9.00012521913e-05	0.000183915602304	9.00012521913e-05	8.21750563486e-05	3.91309792136e-05	1.95654896068e-05	7.82619584272e-06	0
0.00011347983972	4.3044077135e-05	0.00025826446281	0	0.00753662659654	0	0.000469571750563	0.00513007137491	0.000567399198598	0.00485224142249	0.00177263335838	0	0.00140480215377	0	0.000414788379664	1.95654896068e-05	0.00689487853744	0.000176089406461	3.91309792136e-06	7.82619584272e-06	0.00275873403456	0.001940896569	0.00413614450288	0.00160045704984	0.0358204983722	0	4.3044077135e-05	0.000187828700225	0.0145175932883	0.00129132231405	0.0026922113699	0	0	0.000657400450789	0.0016669797145	2.73916854495e-05	0	0	0	0.000363918106687	0	2.34785875282e-05	9.78274480341e-05	1.17392937641e-05	0.0010800150263	3.52178812923e-05	0	7.04357625845e-05	0	1.56523916854e-05	0	3.13047833709e-05	0	0	0	5.08702729777e-05	5.08702729777e-05	7.43488605059e-05	3.13047833709e-05	0.000997839969947	0	0	0	0.000254351364889	1.17392937641e-05	5.08702729777e-05	0	0	0	3.91309792136e-05	0.000594790884047	0.000105653643877	0.000571312296519	0.00025826446281	0.000180002504383	5.86964688204e-05	0	3.52178812923e-05	3.91309792136e-06	1.17392937641e-05	0	2.34785875282e-05	0	0
0	0.000821750563486	5.47833708991e-05	0	0	3.91309792136e-06	7.82619584272e-06	0	3.91309792136e-06	3.91309792136e-06	0	0.00291917104934	0	0.00639791510143	7.82619584272e-06	0	3.91309792136e-06	0.000187828700225	0.000211307287754	0.000735662409216	0	0	1.56523916854e-05	2.34785875282e-05	0	0.0118723390934	0.00333787252692	0.00147132481843	3.91309792136e-06	1.95654896068e-05	0	0.000105653643877	0	0	0.00060261707989	0	0.000626095667418	3.91309792136e-06	0	0	0	0	3.91309792136e-06	3.91309792136e-06	0	0	0.000806098171801	0	0.000375657400451	3.91309792136e-06	0	3.91309792136e-06	7.82619584272e-06	9.00012521913e-05	0.000164350112697	0	0	0	7.82619584272e-06	0	0.0015574129727	0.000731749311295	0.000817837465565	3.91309792136e-06	3.91309792136e-06	0	3.91309792136e-06	0	0	0.000117392937641	0.000105653643877	0.000559573002755	0.000414788379664	0.000101740545955	7.82619584272e-06	7.82619584272e-06	0.00011347983972	1.95654896068e-05	0.000821750563486	0.000180002504383	3.13047833709e-05	7.82619584272e-06	3.91309792136e-06	0.000254351364889
3.91309792136e-06	0.00504789631856	0.00968491735537	0	0	7.82619584272e-06	3.91309792136e-05	5.47833708991e-05	2.73916854495e-05	1.95654896068e-05	0	0.00874577385424	0	0.00544311920862	5.08702729777e-05	7.82619584272e-06	9.78274480341e-05	0.0121579952417	0.00221090032557	0.0148110756324	0	0.000465658652642	0.000504789631856	0.00256699223641	4.3044077135e-05	0.00333787252692	0.0663230966692	0.0232594540446	0.000101740545955	0.000164350112697	0.00031696093163	0.00124045204107	7.82619584272e-06	6.65226646632e-05	0.00757184447784	0	0.0018508953168	7.04357625845e-05	0	0	0	3.91309792136e-06	3.91309792136e-06	0	0	0	0.000676965940396	0	0.00034435261708	0	0	5.86964688204e-05	0.000129132231405	8.21750563486e-05	0.000266090658653	0	1.17392937641e-05	0.000125219133484	7.82619584272e-05	0	0.00130306160781	0.0013734973704	0.0017217630854	3.91309792136e-06	0	3.91309792136e-06	1.56523916854e-05	0	0	0.000305221637866	0.00213263836714	0.00470354370148	0.00475050087653	0.00175306786877	0.00017217630854	0.000168263210619	0.000203481091911	0.000133045329326	0.000720010017531	0.000254351364889	6.26095667418e-05	7.82619584272e-06	0	0.000101740545955
7.82619584272e-06	0.00810011269722	0.011891904583	0	3.91309792136e-06	3.91309792136e-06	3.13047833709e-05	0.000101740545955	1.56523916854e-05	5.86964688204e-05	3.91309792136e-06	0.00142045454545	0	0.00230090157776	2.34785875282e-05	0	0.00302482469321	0.0054587716003	0.000203481091911	0.00302091159529	0	0.000802185073879	0.00498528675182	0.00734879789632	0.000187828700225	0.00147132481843	0.0232594540446	0.0607978024042	0.000320874029552	0.000160437014776	0.000536094415227	0.000614356373654	3.91309792136e-06	5.08702729777e-05	0.00366657275232	0	0.00169045830203	0.000168263210619	0	0	0	3.91309792136e-06	1.17392937641e-05	0	4.69571750563e-05	3.91309792136e-06	0.000176089406461	0	8.21750563486e-05	0	0	0.000223046581518	0.00014478462309	2.34785875282e-05	0.000117392937641	0	3.52178812923e-05	0.00077479338843	0.000273916854495	3.91309792136e-05	0.000453919358878	0.000856968444778	0.00137741046832	7.82619584272e-06	0	4.69571750563e-05	0	0	0	0.000266090658653	0.00196828825445	0.00262960180316	0.00310699974956	0.00146741172051	0.000129132231405	0.000176089406461	8.21750563486e-05	0.000176089406461	0.000496963436013	0.000215220385675	6.65226646632e-05	7.82619584272e-06	3.91309792136e-06	4.69571750563e-05
0.00017217630854	4.3044077135e-05	0.000598703981968	0	0.00493441647884	0	0.000939143501127	0.0154723891811	0.000986100676183	0.00194480966692	0.00593616954671	1.17392937641e-05	0.00110740671175	3.91309792136e-06	0.000696531430003	5.08702729777e-05	0.00458223766592	0.000391309792136	0	2.34785875282e-05	0.00172567618332	0.00580312421738	0.002289162284	0.00356874530428	0.0145175932883	3.91309792136e-06	0.000101740545955	0.000320874029552	0.0447384485349	0.00222263961933	0.00861272852492	0	7.82619584272e-06	0.00101740545955	0.00301699849737	2.73916854495e-05	0	0	0	0.000868707738542	0	3.13047833709e-05	9.78274480341e-05	7.82619584272e-06	0.00107610192837	0.000180002504383	0	0.000277829952417	0	1.17392937641e-05	0	5.08702729777e-05	0	0	0	0.000438266967193	4.3044077135e-05	9.39143501127e-05	1.95654896068e-05	0.000798271975958	0	0	1.56523916854e-05	0.000254351364889	3.91309792136e-06	6.65226646632e-05	0	0	0	3.52178812923e-05	0.00117392937641	0.00025826446281	0.00115827698472	0.000532181317305	0.000250438266967	8.21750563486e-05	0	5.47833708991e-05	1.17392937641e-05	2.73916854495e-05	1.17392937641e-05	2.73916854495e-05	3.91309792136e-06	0
0.00374874780867	4.3044077135e-05	0.000309134735788	0	0.000125219133484	0.000387396694215	0.0056974705735	0.00490311169547	0.00719618707739	0.00068870523416	0.000798271975958	0.000367831204608	0.000387396694215	8.608815427e-05	0.012490608565	0.000238698973203	0.000637834961182	0.000273916854495	7.82619584272e-06	5.86964688204e-05	0.000211307287754	0.00294264963686	0.000594790884047	0.00215611695467	0.00129132231405	1.95654896068e-05	0.000164350112697	0.000160437014776	0.00222263961933	0.0444958364638	0.011692336589	0	0.00241438141748	0.0105731905835	0.0124358251941	3.91309792136e-06	3.91309792136e-06	3.91309792136e-06	0	4.3044077135e-05	0	0	3.91309792136e-05	3.91309792136e-06	0.000324787127473	1.17392937641e-05	3.91309792136e-06	1.17392937641e-05	0	0	0	1.17392937641e-05	3.91309792136e-06	0	0	1.95654896068e-05	1.56523916854e-05	1.95654896068e-05	1.17392937641e-05	0.000277829952417	3.91309792136e-06	7.82619584272e-06	3.91309792136e-06	0.000101740545955	3.91309792136e-06	4.69571750563e-05	0	0	0	2.34785875282e-05	0.00290351865765	0.000360005008765	0.0056426872026	0.00142045454545	0.000943056599048	0.00117001627849	3.52178812923e-05	5.47833708991e-05	1.17392937641e-05	1.17392937641e-05	3.91309792136e-06	3.91309792136e-06	0	0
0.00180002504383	0.000117392937641	0.00159654395192	0	6.65226646632e-05	7.82619584272e-06	0.000508702729777	0.00972013523666	0.0010800150263	0.00129914850989	0.000414788379664	1.95654896068e-05	0.000133045329326	3.91309792136e-06	0.00149871650388	3.91309792136e-05	0.00205046331079	0.00175698096669	0	6.26095667418e-05	9.00012521913e-05	0.0144080265465	0.00168654520411	0.00846011770599	0.0026922113699	0	0.00031696093163	0.000536094415227	0.00861272852492	0.011692336589	0.0424884172302	0	1.95654896068e-05	0.00452745429502	0.00847968319559	3.91309792136e-06	1.95654896068e-05	7.82619584272e-06	0	7.04357625845e-05	0	1.17392937641e-05	7.04357625845e-05	7.82619584272e-06	0.000727836213373	1.95654896068e-05	0	3.52178812923e-05	0	0	3.91309792136e-06	2.34785875282e-05	0	0	0	2.73916854495e-05	3.52178812923e-05	0.000101740545955	3.13047833709e-05	0.000540007513148	0	3.91309792136e-06	1.95654896068e-05	0.000223046581518	3.91309792136e-06	3.52178812923e-05	0	0	0	2.34785875282e-05	0.00242220761332	0.000614356373654	0.00299351990984	0.0012639306286	0.000348265715001	0.000156523916854	2.34785875282e-05	5.47833708991e-05	1.56523916854e-05	2.34785875282e-05	7.82619584272e-06	1.95654896068e-05	0	0
0	1.17392937641e-05	3.91309792136e-06	0	0	0	0	0	0	0	0	0.0008608815427	0	0.00140088905585	0	0	0	3.91309792136e-06	1.56523916854e-05	5.47833708991e-05	0	0	0	0	0	0.000105653643877	0.00124045204107	0.000614356373654	0	0	0	0.00217568244428	0	0	2.34785875282e-05	0	3.91309792136e-06	0	0	0	0	0	0	0	0	0	1.56523916854e-05	0	1.56523916854e-05	0	0	0	0	0	3.91309792136e-06	0	0	0	0	0	2.34785875282e-05	1.17392937641e-05	1.17392937641e-05	0	0	0	0	0	0	0	0	2.34785875282e-05	2.34785875282e-05	3.91309792136e-06	0	0	7.82619584272e-06	0	1.17392937641e-05	3.91309792136e-06	0	0	0	0
7.82619584272e-06	0	0	0	0	0.00140480215377	0.00240264212372	1.95654896068e-05	0.0019056786877	0	0	3.13047833709e-05	0	1.56523916854e-05	0.00264134109692	1.56523916854e-05	1.56523916854e-05	7.82619584272e-06	0	3.91309792136e-06	0	7.82619584272e-06	3.91309792136e-06	3.91309792136e-06	0	0	7.82619584272e-06	3.91309792136e-06	7.82619584272e-06	0.00241438141748	1.95654896068e-05	0	0.00566616579013	2.34785875282e-05	0.00143610693714	0	0	0	0	0	0	0	0	0	0	0	0	0	0	0	0	0	0	0	0	0	0	0	3.91309792136e-06	3.91309792136e-06	0	0	0	0	0	0	0	0	0	0	3.52178812923e-05	1.56523916854e-05	0.000348265715001	9.00012521913e-05	5.86964688204e-05	0.000903925619835	7.82619584272e-06	3.91309792136e-06	3.91309792136e-06	0	0	0	0	0
0.000594790884047	1.56523916854e-05	0.000140871525169	0	3.52178812923e-05	1.17392937641e-05	0.000360005008765	0.00145175932883	0.000763054094666	0.000367831204608	0.000156523916854	1.56523916854e-05	7.43488605059e-05	0	0.00107610192837	3.13047833709e-05	0.000434353869271	0.000125219133484	0	1.95654896068e-05	5.08702729777e-05	0.00196828825445	0.000414788379664	0.00105653643877	0.000657400450789	0	6.65226646632e-05	5.08702729777e-05	0.00101740545955	0.0105731905835	0.00452745429502	0	2.34785875282e-05	0.0131597483095	0.00678139869772	3.91309792136e-06	0	0	0	2.34785875282e-05	0	0	3.91309792136e-05	0	0.000226959679439	7.82619584272e-06	0	1.17392937641e-05	0	0	0	1.17392937641e-05	3.91309792136e-06	0	0	1.17392937641e-05	1.56523916854e-05	1.17392937641e-05	7.82619584272e-06	0.000207394189832	0	0	0	7.82619584272e-05	3.91309792136e-06	2.73916854495e-05	0	0	0	1.56523916854e-05	0.00174915477085	0.00017217630854	0.00220698722765	0.000645661157025	0.000199567993989	8.608815427e-05	1.95654896068e-05	3.13047833709e-05	0	3.91309792136e-06	0	0	0	0
0.000418701477586	0.00121306035562	0.00506746180816	0	5.08702729777e-05	0.000469571750563	0.00275090783872	0.00249264337591	0.00250046957175	0.000712183821688	0.00031696093163	0.00639008890558	0.000148697721012	0.00149480340596	0.00319308790383	7.82619584272e-05	0.00203872401703	0.00823315802655	0.000301308539945	0.00635487102429	9.78274480341e-05	0.00498528675182	0.00195654896068	0.00876142624593	0.0016669797145	0.00060261707989	0.00757184447784	0.00366657275232	0.00301699849737	0.0124358251941	0.00847968319559	2.34785875282e-05	0.00143610693714	0.00678139869772	0.0569394878537	3.91309792136e-06	0.000406962183822	6.65226646632e-05	0	1.56523916854e-05	0	3.91309792136e-06	5.86964688204e-05	7.82619584272e-06	0.000465658652642	1.56523916854e-05	9.00012521913e-05	2.34785875282e-05	3.13047833709e-05	0	1.17392937641e-05	5.47833708991e-05	2.73916854495e-05	3.91309792136e-06	3.91309792136e-05	1.56523916854e-05	2.73916854495e-05	0.000160437014776	7.43488605059e-05	0.00031696093163	0.000180002504383	0.000226959679439	0.000309134735788	0.000148697721012	3.91309792136e-06	5.47833708991e-05	3.91309792136e-06	0	3.91309792136e-06	0.000121306035562	0.0106710180316	0.00620617330328	0.0255094853494	0.00823707112447	0.00158871775607	0.00203481091911	0.000379570498372	0.000301308539945	0.000136958427248	0.00011347983972	3.91309792136e-05	7.82619584272e-06	0	1.56523916854e-05
0	0	0	0	1.95654896068e-05	0	0	1.56523916854e-05	0	4.3044077135e-05	0	0	3.91309792136e-06	0	0	0	3.91309792136e-06	0	0	0	0	3.91309792136e-06	2.34785875282e-05	3.91309792136e-06	2.73916854495e-05	0	0	0	2.73916854495e-05	3.91309792136e-06	3.91309792136e-06	0	0	3.91309792136e-06	3.91309792136e-06	0.0183719947408	3.91309792136e-06	3.91309792136e-05	0	0.000180002504383	3.91309792136e-06	0.00193698347107	0.00535703105435	0.00325961056849	0.000277829952417	0.00133827948911	0	0.000583051590283	0	0.00907056098172	7.04357625845e-05	8.21750563486e-05	2.34785875282e-05	0	0	0.000246525169046	0.000160437014776	8.21750563486e-05	0.000168263210619	0.00156132607062	0	3.91309792136e-06	3.52178812923e-05	0.00103305785124	0.00438658276985	0.00190176558978	0	1.95654896068e-05	0.000160437014776	0.00107610192837	0	0	0	0	0	0	0	0.000817837465565	0.000136958427248	0.000540007513148	0.000156523916854	0.000911751815677	0.000109566741798	0
0	0.00393266341097	0.000743488605059	0	0	0	0	3.91309792136e-06	3.91309792136e-06	0	0	0.000121306035562	0	8.21750563486e-05	3.91309792136e-06	0	2.73916854495e-05	0.00060261707989	7.82619584272e-06	0.000438266967193	0	3.13047833709e-05	0.00025826446281	0.000234785875282	0	0.000626095667418	0.0018508953168	0.00169045830203	0	3.91309792136e-06	1.95654896068e-05	3.91309792136e-06	0	0	0.000406962183822	3.91309792136e-06	0.0150028174305	0.000813924367643	0	0	0	7.82619584272e-06	1.56523916854e-05	0	0.000117392937641	0	0.000266090658653	3.91309792136e-06	7.04357625845e-05	0	0	0.00025826446281	0.000849142248936	5.47833708991e-05	0.000579138492362	0	0.000121306035562	0.00253177435512	0.000563486100676	5.47833708991e-05	0.00136567117456	0.00371352992737	0.00735662409216	3.13047833709e-05	0	5.47833708991e-05	3.91309792136e-06	0	0	0.00111131980967	0.000129132231405	0.000348265715001	0.000223046581518	0.000109566741798	1.95654896068e-05	1.17392937641e-05	0	0.000422614575507	0.00147132481843	0.000888273228149	0.000320874029552	2.34785875282e-05	2.34785875282e-05	2.34785875282e-05
0	0.00034435261708	0.000187828700225	0	0	0	0	0	0	0	0	1.56523916854e-05	0	7.82619584272e-06	0	0	1.56523916854e-05	9.78274480341e-05	0	1.56523916854e-05	0	1.56523916854e-05	0.000180002504383	9.39143501127e-05	0	3.91309792136e-06	7.04357625845e-05	0.000168263210619	0	3.91309792136e-06	7.82619584272e-06	0	0	0	6.65226646632e-05	3.91309792136e-05	0.000813924367643	0.0192133107939	0	1.17392937641e-05	0	1.95654896068e-05	0.000176089406461	2.34785875282e-05	6.26095667418e-05	1.95654896068e-05	5.86964688204e-05	7.82619584272e-06	0	4.69571750563e-05	3.91309792136e-06	0.000970448284498	0.00201915852742	0	0.000203481091911	3.91309792136e-06	0.00103697094916	0.00122871274731	0.00690270473328	0.000152610818933	2.73916854495e-05	0.0040657087403	0.00599095291761	0.000250438266967	4.69571750563e-05	0.000669139744553	0	0	2.34785875282e-05	0.00217568244428	2.34785875282e-05	1.95654896068e-05	5.86964688204e-05	3.91309792136e-05	1.56523916854e-05	1.17392937641e-05	0	0.0011347983972	0.00174915477085	0.00151828199349	0.000704357625845	0.000109566741798	4.69571750563e-05	1.56523916854e-05
0	0	0	0	0	0	0	0	0	0	0	0	0	0	0	0	0	0	0	0	0	0	0	0	0	0	0	0	0	0	0	0	0	0	0	0	0	0	0	0	0	0	0	0	0	0	0	0	0	0	0	0	0	0	0	0	0	0	0	0	0	0	0	0	0	0	0	0	0	0	0	0	0	0	0	0	0	0	0	0	0	0	0	0
3.91309792136e-06	0	3.91309792136e-06	0	0.00167089281242	0	3.91309792136e-06	0.000101740545955	1.17392937641e-05	0.000270003756574	5.86964688204e-05	0	6.26095667418e-05	0	1.56523916854e-05	0	1.95654896068e-05	0	0	0	6.26095667418e-05	3.91309792136e-06	3.91309792136e-05	7.82619584272e-06	0.000363918106687	0	0	0	0.000868707738542	4.3044077135e-05	7.04357625845e-05	0	0	2.34785875282e-05	1.56523916854e-05	0.000180002504383	0	1.17392937641e-05	0	0.0167832769847	0	0.000406962183822	0.00100957926371	0.000226959679439	0.00198785374405	0.00411657901327	0	0.00334961182069	0	0.000164350112697	7.82619584272e-06	3.91309792136e-05	0	0	0	0.00676183320811	6.65226646632e-05	5.08702729777e-05	4.3044077135e-05	0.00880055722514	0	0	1.17392937641e-05	0.00403440395692	5.08702729777e-05	0.00011347983972	0	3.91309792136e-06	7.82619584272e-06	9.00012521913e-05	7.82619584272e-06	0	0	0	1.95654896068e-05	0	0	5.86964688204e-05	7.82619584272e-06	3.52178812923e-05	1.17392937641e-05	5.86964688204e-05	7.82619584272e-06	0
0	0	0	0	0	0	0	0	0	0	0	0	0	0	0	0	0	0	0	0	0	0	0	0	0	0	0	0	0	0	0	0	0	0	0	3.91309792136e-06	0	0	0	0	0.000782619584272	0.000195654896068	0	6.26095667418e-05	0	0	3.91309792136e-06	0	0	3.91309792136e-05	0.000289569246181	0	0	0	0	0	0	0	0	0	0	0	0	0	2.73916854495e-05	0	0	0.000215220385675	0	4.69571750563e-05	0	0	0	0	0	0	0	3.91309792136e-06	0	1.17392937641e-05	0	0.000348265715001	0.000207394189832	0
