0.0180579672371	3.5221313121e-06	0.000162018040357	0	3.16991818089e-05	2.11327878726e-05	7.74868888662e-05	0.00801637086634	0.00555440107918	0.000197239353478	0.000560018878624	8.45311514904e-05	2.81770504968e-05	3.5221313121e-06	0.0108622529665	3.5221313121e-06	0	0.000595240191745	0	0.000102141808051	8.10090201783e-05	0.000165540171669	0	7.0442626242e-05	0.000877010696713	0	0.000496620515006	6.69204949299e-05	0.00360666246359	0.00797058315928	0.00863978810858	0	0	0.000943931191643	0.00389547723118	0	3.5221313121e-06	0	0	0	0	0	0	0	0.000137363121172	0	0	0	0	3.5221313121e-06	0	0	7.0442626242e-06	0	0	0	1.05663939363e-05	5.98762323057e-05	1.05663939363e-05	1.76106565605e-05	0	3.5221313121e-06	2.11327878726e-05	0.000193717222165	0	0	0	0	0	0	0.000387434444331	0.000109186070675	0.00235982797911	0.000901665615897	8.10090201783e-05	0	3.5221313121e-06	0	0	3.16991818089e-05	2.46549191847e-05	0	0	0
3.5221313121e-06	0.0212314075493	0.000574107403872	0	0	0	0	1.05663939363e-05	3.5221313121e-06	0.00371937066558	0	1.40885252484e-05	3.5221313121e-06	0.000355735262522	7.0442626242e-06	3.87434444331e-05	0.000799523807847	0.000102141808051	0	2.11327878726e-05	0	2.11327878726e-05	0.00451889447342	4.57877070573e-05	0.00111651562594	0.00202522550446	0.00121161317136	0.0181847639644	3.5221313121e-05	0	1.40885252484e-05	0	0	0	7.0442626242e-06	5.28319696815e-05	0.011341262825	3.5221313121e-06	0	0	3.5221313121e-06	0	0	3.5221313121e-06	8.45311514904e-05	0	3.5221313121e-06	6.69204949299e-05	3.5221313121e-06	5.98762323057e-05	7.0442626242e-06	7.0442626242e-06	8.80532828025e-05	0	7.0442626242e-06	6.33983636178e-05	5.28319696815e-05	0.000260637717095	4.93098383694e-05	3.5221313121e-05	0.000309947555465	0.000401522969579	0.0114927144714	2.81770504968e-05	1.05663939363e-05	7.0442626242e-06	0	0	0	0.000299381161528	0.000380390181707	0.000334602474649	1.05663939363e-05	7.0442626242e-06	6.33983636178e-05	0	1.76106565605e-05	0.000154973777732	2.11327878726e-05	0.00036982378777	5.28319696815e-05	3.5221313121e-06	0	0
0.000162018040357	0.000574107403872	0.0463054603602	0	1.76106565605e-05	5.28319696815e-05	3.5221313121e-06	0.00085587790884	0.000264159848407	0.000112708201987	4.57877070573e-05	3.5221313121e-06	7.0442626242e-06	0	0.000292336898904	0	0.000123274595923	0.0102212250677	3.5221313121e-06	0.000119752464611	3.5221313121e-06	0.00135249842385	0.000605806585681	0.0116335997239	6.69204949299e-05	0	0.00807624709864	0.0244964232757	0.00112708201987	9.15754141146e-05	0.00189490664591	0	3.16991818089e-05	1.76106565605e-05	0.00129614432285	1.76106565605e-05	0.00501551498843	0.00265920914064	0	7.0442626242e-06	3.5221313121e-06	1.76106565605e-05	2.46549191847e-05	2.46549191847e-05	0.000109186070675	4.22655757452e-05	1.05663939363e-05	4.57877070573e-05	0	2.11327878726e-05	3.5221313121e-06	5.63541009936e-05	0.000820656595719	6.33983636178e-05	0.000144407383796	4.93098383694e-05	0.00028529263628	0.00128557792892	0.00270147471638	7.39647575541e-05	0	0.00177867631261	0.00780504298761	0.000186672959541	0	3.87434444331e-05	0	0	0	0.00085587790884	0.0068399790081	0.0015708705652	0.00199000419134	0.000869966434089	7.0442626242e-06	0	6.69204949299e-05	0.00338829032224	0.00110947136331	0.00122922382792	0.000193717222165	1.76106565605e-05	3.16991818089e-05	0
0	0	0	0	0	0	0	0	0	0	0	0	0	0	0	0	0	0	0	0	0	0	0	0	0	0	0	0	0	0	0	0	0	0	0	0	0	0	0	0	0	0	0	0	0	0	0	0	0	0	0	0	0	0	0	0	0	0	0	0	0	0	0	0	0	0	0	0	0	0	0	0	0	0	0	0	0	0	0	0	0	0	0	0
3.16991818089e-05	0	1.76106565605e-05	0	0.0185651541461	0.000313469686777	0.000443788545325	0.000102141808051	0.000154973777732	0.00269090832244	0.00164835745406	0.000176106565605	0.00283883783755	2.11327878726e-05	4.93098383694e-05	0.000408567232204	0	7.0442626242e-06	2.46549191847e-05	0.000250071323159	0.00846720367429	2.11327878726e-05	0	2.81770504968e-05	0.00922446190639	0	0.000450832807949	0.000105663939363	0.00779799872499	0.00170823368637	7.39647575541e-05	0	1.05663939363e-05	6.33983636178e-05	0.00186672959541	0	7.0442626242e-06	0	0	0.00150395007027	3.5221313121e-06	0	3.5221313121e-06	0	0.00307482063546	5.28319696815e-05	0	5.98762323057e-05	0	0	2.11327878726e-05	0	7.0442626242e-06	0	3.5221313121e-06	0.000454354939261	1.76106565605e-05	7.0442626242e-06	4.22655757452e-05	0.00294450177692	0	3.5221313121e-06	2.11327878726e-05	0.00144055170665	0	0	0	0	0	0	0.000746691838165	5.98762323057e-05	0.00226473043368	0.0010178959492	0.000827700858343	0	3.5221313121e-06	5.63541009936e-05	7.0442626242e-06	5.28319696815e-05	3.87434444331e-05	2.81770504968e-05	3.5221313121e-06	0
2.11327878726e-05	0	5.28319696815e-05	0	0.000313469686777	0.0140850031171	0.00672727080611	0.000577629535184	0.00263103209014	0.00070442626242	0.00148281728239	0.000824178727031	0.0016307467975	0.000232460666599	0.00121513530267	0.0035503083626	3.5221313121e-06	3.5221313121e-06	4.22655757452e-05	1.40885252484e-05	0.00026768197972	1.76106565605e-05	0	8.80532828025e-05	0.000686815605859	2.81770504968e-05	5.98762323057e-05	6.69204949299e-05	0.000672727080611	0.00106016152494	5.98762323057e-05	0	0.00208510173676	3.5221313121e-06	0.00348690999898	0	0	7.0442626242e-06	0	0	0	0	3.16991818089e-05	3.5221313121e-06	1.05663939363e-05	0	4.22655757452e-05	0	2.11327878726e-05	0	0	3.5221313121e-06	0	3.5221313121e-06	1.05663939363e-05	0	3.5221313121e-06	0	0.000112708201987	4.22655757452e-05	2.46549191847e-05	1.40885252484e-05	4.22655757452e-05	6.33983636178e-05	0	0	1.05663939363e-05	0	0	2.81770504968e-05	0.0015426935147	0.000172584434293	0.00241970421141	0.00118695825218	0.00544521500851	0.00171175581768	0.000137363121172	0.000243027060535	1.05663939363e-05	2.81770504968e-05	7.0442626242e-06	7.0442626242e-06	3.5221313121e-06	0
7.74868888662e-05	0	3.5221313121e-06	0	0.000443788545325	0.00672727080611	0.0430017011894	0.00838971678542	0.0173394524495	0.000524797565503	0.0198331214184	0.00405045100891	0.0116159890673	0.000655116424051	0.00420190265533	0.00505778056417	0	1.40885252484e-05	0.00100732955526	0.000827700858343	0.0018632074641	6.69204949299e-05	0	1.76106565605e-05	0.000940409060331	0	0.00214497796907	8.80532828025e-05	0.00612850848305	0.00855173482578	0.000366301656458	0	0.000183150828229	2.11327878726e-05	0.00859400040152	0	0	3.5221313121e-06	0	7.0442626242e-06	0	0	3.16991818089e-05	0	7.0442626242e-06	3.87434444331e-05	1.05663939363e-05	7.0442626242e-06	3.5221313121e-06	0	0	0	0	3.5221313121e-06	1.40885252484e-05	5.63541009936e-05	0	0	1.05663939363e-05	0.00013384098986	3.5221313121e-06	2.11327878726e-05	7.0442626242e-06	8.80532828025e-05	0	0	3.5221313121e-06	0	0	2.46549191847e-05	0.00117639185824	0.00127148940367	0.0077733438058	0.000958019716891	0.00564245436198	0.000288814767592	3.5221313121e-06	0.000112708201987	3.5221313121e-06	4.93098383694e-05	0	7.0442626242e-06	1.40885252484e-05	0
0.00801637086634	1.05663939363e-05	0.00085587790884	0	0.000102141808051	0.000577629535184	0.00838971678542	0.0607426766085	0.0217104174078	0.00150747220158	0.0208756722868	0.00133136563597	0.000753736100789	0.000102141808051	0.018744782843	0.000623417242242	0	0.000834745120968	0.000376868050395	0.000947453322955	0.00141237465615	0.00326501572632	0	0.00185616320148	0.00631518144259	3.5221313121e-06	0.00176458778736	0.00070442626242	0.0335377343538	0.0130671071679	0.0131199391376	0	1.05663939363e-05	0.000753736100789	0.00789661840173	1.05663939363e-05	1.05663939363e-05	7.0442626242e-06	0	0.000214850010038	0	1.76106565605e-05	7.0442626242e-06	2.11327878726e-05	0.00178219844392	5.98762323057e-05	7.0442626242e-06	5.28319696815e-05	0	1.40885252484e-05	0	0	3.87434444331e-05	0	1.40885252484e-05	0.00013384098986	3.87434444331e-05	5.63541009936e-05	0.00015145164642	0.0020076148479	0	2.46549191847e-05	0.000172584434293	0.00108481644413	7.0442626242e-06	0	3.5221313121e-06	3.5221313121e-06	0	2.11327878726e-05	0.00150747220158	0.000299381161528	0.00842493809854	0.00430052233207	0.00130671071679	0	1.40885252484e-05	0.000190195090853	7.0442626242e-06	0.00028529263628	0.00020076148479	2.11327878726e-05	1.05663939363e-05	0
0.00555440107918	3.5221313121e-06	0.000264159848407	0	0.000154973777732	0.00263103209014	0.0173394524495	0.0217104174078	0.0589252568514	0.000235982797911	0.0194069435297	0.00794240610878	0.00421599118058	0.000531841828127	0.0322239793744	0.00117991398955	0	0.000623417242242	0.00204635829233	0.00205340255495	0.00191251730247	0.000331080343337	0	8.10090201783e-05	0.00230347387811	7.0442626242e-06	0.00264512061539	0.000176106565605	0.0113377406936	0.019466819762	0.00552270189737	0	0.000563541009936	0.000257115585783	0.0151733416925	0	3.5221313121e-06	3.5221313121e-06	0	2.81770504968e-05	0	0	3.16991818089e-05	7.0442626242e-06	5.63541009936e-05	8.45311514904e-05	4.93098383694e-05	7.0442626242e-06	1.05663939363e-05	1.05663939363e-05	0	3.5221313121e-06	1.40885252484e-05	0	2.11327878726e-05	9.50975454267e-05	1.05663939363e-05	5.28319696815e-05	1.40885252484e-05	0.000154973777732	7.0442626242e-06	2.81770504968e-05	4.22655757452e-05	0.000147929515108	0	0	7.0442626242e-06	3.5221313121e-06	0	4.22655757452e-05	0.0015426935147	0.000803045939159	0.00991832177487	0.00202522550446	0.00235630584779	3.5221313121e-06	9.86196767388e-05	0.00015145164642	7.0442626242e-06	0.000193717222165	5.28319696815e-05	0	3.5221313121e-05	0
0.000197239353478	0.00371937066558	0.000112708201987	0	0.00269090832244	0.00070442626242	0.000524797565503	0.00150747220158	0.000235982797911	0.0359222172521	0.000690337737172	2.46549191847e-05	0.0014546402319	8.10090201783e-05	0.000264159848407	0.00271556324163	0.00161665827225	3.5221313121e-06	0	6.69204949299e-05	0.000862922171464	0.00142294105009	0.00761484789676	0.00147929515108	0.019963440277	0.000672727080611	0.000641027898802	0.0031135640799	0.0140850031171	0.000524797565503	0.000165540171669	0	2.11327878726e-05	0.000341646737274	0.00108481644413	0	0.000538886090751	1.05663939363e-05	0	0.000796001676535	3.16991818089e-05	3.5221313121e-06	0	0	0.0114574931583	2.81770504968e-05	0	8.45311514904e-05	0	0	6.69204949299e-05	0.00213441157513	0	0	0	0.000147929515108	0.000746691838165	0.00459638136229	0.000574107403872	0.00790014053304	3.87434444331e-05	0.000116230333299	0.000517753302879	0.00524445352372	0	0	0	0	0	0	0.000697381999796	0.000144407383796	0.000366301656458	0.000176106565605	0.00339181245355	0	3.5221313121e-06	0.000239504929223	7.0442626242e-06	0	0	3.5221313121e-05	0	0
0.000560018878624	0	4.57877070573e-05	0	0.00164835745406	0.00148281728239	0.0198331214184	0.0208756722868	0.0194069435297	0.000690337737172	0.0632081685269	0.00573050764479	0.00832984055312	0.000348690999898	0.00841437170461	0.000767824626038	0	0.000116230333299	0.00140533039353	0.00386730018069	0.00687167818991	0.00013384098986	0	7.39647575541e-05	0.000887577090649	3.5221313121e-06	0.00508595761467	0.000228938535286	0.0196781476407	0.0166667253689	0.000690337737172	0	1.05663939363e-05	1.76106565605e-05	0.0153494482581	6.69204949299e-05	0	7.0442626242e-06	0	0.00198648206002	3.5221313121e-06	6.33983636178e-05	1.76106565605e-05	6.33983636178e-05	0.00100380742395	0.000295859030216	2.81770504968e-05	0.000556496747312	3.5221313121e-06	9.86196767388e-05	3.16991818089e-05	0	3.5221313121e-06	3.5221313121e-06	0.00013384098986	0.00163426892881	1.40885252484e-05	0	8.80532828025e-05	0.00257467798914	0	0.000105663939363	0.000105663939363	0.00185264107016	4.93098383694e-05	0	1.40885252484e-05	7.0442626242e-06	0	0.000193717222165	0.0012820557976	0.000683293474547	0.0131833375012	0.00350452065554	0.00179276483786	0	7.0442626242e-06	0.000193717222165	0	0.000373345919083	0.000158495909044	3.87434444331e-05	2.11327878726e-05	0
8.45311514904e-05	1.40885252484e-05	3.5221313121e-06	0	0.000176106565605	0.000824178727031	0.00405045100891	0.00133136563597	0.00794240610878	2.46549191847e-05	0.00573050764479	0.0308045604556	0.00418781413009	0.00611089782649	0.0036383616454	0.000260637717095	7.0442626242e-06	0.000214850010038	0.0042793895442	0.00643141177589	0.00190195090853	7.0442626242e-06	7.0442626242e-06	0	0.000376868050395	0.000662160686675	0.00816430038145	0.000246549191847	0.00141237465615	0.0139687727838	0.000232460666599	2.11327878726e-05	0.00139476399959	0	0.0193012795903	0	0	0	0	0	0	0	1.40885252484e-05	0	2.11327878726e-05	0	0.000549452484688	0	0.000767824626038	1.40885252484e-05	0	0	0	0	1.40885252484e-05	0	0	0	3.5221313121e-06	0.000105663939363	0.000979152504764	3.16991818089e-05	0.000102141808051	5.98762323057e-05	0	3.5221313121e-06	2.46549191847e-05	0	0	4.57877070573e-05	0.000373345919083	0.00453298299867	0.0154445458036	0.000162018040357	0.000359257393834	0	0.00104255086838	9.50975454267e-05	3.5221313121e-06	2.46549191847e-05	7.0442626242e-06	1.40885252484e-05	0	2.81770504968e-05
2.81770504968e-05	3.5221313121e-06	7.0442626242e-06	0	0.00283883783755	0.0016307467975	0.0116159890673	0.000753736100789	0.00421599118058	0.0014546402319	0.00832984055312	0.00418781413009	0.0390498698572	0.000422655757452	0.00154973777732	0.00252184601946	0	4.93098383694e-05	0.000947453322955	0.00201465911052	0.0138490203192	1.76106565605e-05	3.5221313121e-06	1.05663939363e-05	0.0012503566158	0	0.00453298299867	0.000376868050395	0.00500142646318	0.00680123556366	9.50975454267e-05	0	4.57877070573e-05	2.46549191847e-05	0.0109397398554	1.40885252484e-05	0	0	0	9.50975454267e-05	0	0.000309947555465	0.000130318858548	0.000288814767592	0.000264159848407	9.86196767388e-05	0.00118695825218	0.00296563456479	0.000232460666599	8.10090201783e-05	0	0	0	0.000186672959541	0.000334602474649	0.00196887140346	0	3.5221313121e-06	0	0.000711470525044	7.0442626242e-06	0.00026768197972	1.05663939363e-05	0.000514231171567	3.5221313121e-06	1.05663939363e-05	0.000443788545325	0	0	0.00136658694909	0.000690337737172	0.000841789383592	0.00772403396743	0.000475487727133	0.00300085587791	0	3.5221313121e-06	0.000447310676637	0	0.000429700020076	1.05663939363e-05	9.50975454267e-05	2.46549191847e-05	3.5221313121e-06
3.5221313121e-06	0.000355735262522	0	0	2.11327878726e-05	0.000232460666599	0.000655116424051	0.000102141808051	0.000531841828127	8.10090201783e-05	0.000348690999898	0.00611089782649	0.000422655757452	0.0248979462452	8.80532828025e-05	4.93098383694e-05	3.5221313121e-05	0	3.5221313121e-06	1.40885252484e-05	8.10090201783e-05	0	9.50975454267e-05	0	3.87434444331e-05	0.00623417242242	0.00212032304988	0.00705482901814	6.33983636178e-05	0.00129966645416	7.0442626242e-06	0.000119752464611	0.00036982378777	0	0.00248662470634	0	8.10090201783e-05	0	0	1.05663939363e-05	1.76106565605e-05	7.0442626242e-06	3.5221313121e-06	0.00013384098986	0	3.16991818089e-05	0.00243027060535	1.40885252484e-05	0.00806568070471	9.15754141146e-05	0	0	0	7.0442626242e-06	2.11327878726e-05	3.87434444331e-05	0	0	0	7.39647575541e-05	0.00559666665493	0.00216963288825	0.00344112229192	2.81770504968e-05	7.0442626242e-06	0	0.00130671071679	6.69204949299e-05	0	0.000176106565605	8.80532828025e-05	0.00568471993773	0.00463160267541	0.000655116424051	9.15754141146e-05	3.5221313121e-06	0.00191956156509	4.22655757452e-05	0.000412089363516	0.000123274595923	0.000109186070675	1.76106565605e-05	0.000130318858548	0.00015145164642
0.0108622529665	7.0442626242e-06	0.000292336898904	0	4.93098383694e-05	0.00121513530267	0.00420190265533	0.018744782843	0.0322239793744	0.000264159848407	0.00841437170461	0.0036383616454	0.00154973777732	8.80532828025e-05	0.046495655451	0.000658638555363	0	0.000760780363414	0.000380390181707	0.0013982861309	0.000658638555363	0.000355735262522	0	7.74868888662e-05	0.00240913781748	7.0442626242e-06	0.00144055170665	0.000137363121172	0.00762893642201	0.0169801950556	0.00840380531067	0	0.000975630373452	0.000482531989758	0.00860808892677	0	7.0442626242e-06	0	0	3.5221313121e-06	0	0	7.0442626242e-06	0	0.000165540171669	1.40885252484e-05	0	3.5221313121e-06	0	3.5221313121e-06	0	0	1.40885252484e-05	0	3.5221313121e-06	1.76106565605e-05	1.40885252484e-05	5.98762323057e-05	1.76106565605e-05	4.93098383694e-05	3.5221313121e-06	3.5221313121e-06	4.22655757452e-05	0.000232460666599	0	0	0	0	0	7.0442626242e-06	0.000806568070471	0.000253593454471	0.00495563875612	0.00156734843388	0.00133136563597	0	1.05663939363e-05	1.76106565605e-05	3.5221313121e-06	6.33983636178e-05	2.81770504968e-05	0	0	0
3.5221313121e-06	3.87434444331e-05	0	0	0.000408567232204	0.0035503083626	0.00505778056417	0.000623417242242	0.00117991398955	0.00271556324163	0.000767824626038	0.000260637717095	0.00252184601946	4.93098383694e-05	0.000658638555363	0.0115349800471	0	0	4.93098383694e-05	2.11327878726e-05	0.000309947555465	0	3.5221313121e-06	3.5221313121e-06	0.00140533039353	0	0.000105663939363	4.22655757452e-05	0.00198648206002	0.000598762323057	1.05663939363e-05	0	0.000109186070675	3.5221313121e-06	0.000524797565503	0	0	0	0	0	0	0	0	0	2.11327878726e-05	0	0	0	0	0	0	0	3.5221313121e-06	0	0	0	0	0	3.5221313121e-06	1.40885252484e-05	0	7.0442626242e-06	1.05663939363e-05	0	0	0	0	0	0	0	0.000119752464611	0.000112708201987	0.000493098383694	8.80532828025e-05	0.00739647575541	3.5221313121e-05	0	0	0	7.0442626242e-06	3.5221313121e-06	0	0	0
0	0.000799523807847	0.000123274595923	0	0	3.5221313121e-06	0	0	0	0.00161665827225	0	7.0442626242e-06	0	3.5221313121e-05	0	0	0.0184700566007	3.5221313121e-06	0	0	0	0.00085587790884	0.0128346465013	0.00675192572529	0.0018350304136	0.000109186070675	1.05663939363e-05	0.00421599118058	0.00057058527256	3.5221313121e-06	0	0	0	0	3.5221313121e-06	0	0.000447310676637	3.5221313121e-06	0	0	0	0	0	0	1.76106565605e-05	0	0	0	0	0	0	0.00607567651337	0	0	0	0	0.000221894272662	0.00787196348254	0.00489928465513	3.87434444331e-05	0	0	0.000549452484688	0.000169062302981	0	0	0	0	0	0	0.000246549191847	0.000281770504968	3.5221313121e-06	3.5221313121e-06	0	0	7.0442626242e-06	0	0	0	0	0	0	0
0.000595240191745	0.000102141808051	0.0102212250677	0	7.0442626242e-06	3.5221313121e-06	1.40885252484e-05	0.000834745120968	0.000623417242242	3.5221313121e-06	0.000116230333299	0.000214850010038	4.93098383694e-05	0	0.000760780363414	0	3.5221313121e-06	0.0289836185673	7.0442626242e-06	0.00383207886756	5.63541009936e-05	0.00148633941371	7.0442626242e-06	0.00622360602848	3.16991818089e-05	0	0.0126409292791	0.00571641911954	0.000243027060535	0.000264159848407	0.00288462554461	0	0	1.76106565605e-05	0.00743521919984	7.0442626242e-06	0.000126796727236	0.000130318858548	0	3.5221313121e-06	0	1.76106565605e-05	8.10090201783e-05	2.11327878726e-05	3.5221313121e-06	4.22655757452e-05	3.5221313121e-06	1.05663939363e-05	0	1.05663939363e-05	0	0	5.63541009936e-05	0	0.000116230333299	2.11327878726e-05	4.22655757452e-05	0	8.10090201783e-05	1.05663939363e-05	0	0.000598762323057	0.00117991398955	0.000140885252484	0	3.5221313121e-06	0	0	0	0.000214850010038	0.00170471155506	0.000736125444229	0.00352565344341	0.00100028529264	3.5221313121e-06	0	0	0.000792479545222	0.000648072161426	0.00020076148479	8.80532828025e-05	3.5221313121e-06	3.5221313121e-06	0
0	0	3.5221313121e-06	0	2.46549191847e-05	4.22655757452e-05	0.00100732955526	0.000376868050395	0.00204635829233	0	0.00140533039353	0.0042793895442	0.000947453322955	3.5221313121e-06	0.000380390181707	4.93098383694e-05	0	7.0442626242e-06	0.00511765679648	0.0014546402319	0.00026768197972	7.0442626242e-06	0	0	5.98762323057e-05	0	0.00184207467623	1.40885252484e-05	0.000211327878726	0.0028247493123	7.0442626242e-05	0	2.81770504968e-05	0	0.00347986573635	0	0	0	0	0	0	0	3.5221313121e-06	0	0	0	3.5221313121e-06	0	3.5221313121e-06	0	0	0	0	0	0	0	0	0	0	0	0	0	0	7.0442626242e-06	0	3.5221313121e-06	3.5221313121e-06	0	0	3.5221313121e-06	7.74868888662e-05	7.0442626242e-05	0.0026768197972	2.46549191847e-05	5.28319696815e-05	0	0	0	0	0	0	3.5221313121e-06	0	0
0.000102141808051	2.11327878726e-05	0.000119752464611	0	0.000250071323159	1.40885252484e-05	0.000827700858343	0.000947453322955	0.00205340255495	6.69204949299e-05	0.00386730018069	0.00643141177589	0.00201465911052	1.40885252484e-05	0.0013982861309	2.11327878726e-05	0	0.00383207886756	0.0014546402319	0.0211327878726	0.00236335011042	0.000154973777732	0	0.000207805747414	0.000461399201885	3.5221313121e-06	0.0152473064501	0.000972108242139	0.00181389762573	0.00571641911954	0.000528319696815	0	3.5221313121e-06	0	0.0137468785111	1.05663939363e-05	2.11327878726e-05	0	0	0	0	3.5221313121e-06	1.40885252484e-05	0	7.0442626242e-05	3.5221313121e-06	1.40885252484e-05	1.76106565605e-05	2.46549191847e-05	1.05663939363e-05	0	0	3.5221313121e-06	3.16991818089e-05	0.000147929515108	2.11327878726e-05	0	0	3.5221313121e-06	0.000119752464611	0	0.000641027898802	0.000172584434293	7.39647575541e-05	0	0	2.11327878726e-05	0	0	8.80532828025e-05	0.00103198447445	0.0009897188987	0.0101190832597	0.000845311514904	5.63541009936e-05	0	3.5221313121e-06	0.000183150828229	1.40885252484e-05	0.000162018040357	2.11327878726e-05	4.22655757452e-05	0	0
8.10090201783e-05	0	3.5221313121e-06	0	0.00846720367429	0.00026768197972	0.0018632074641	0.00141237465615	0.00191251730247	0.000862922171464	0.00687167818991	0.00190195090853	0.0138490203192	8.10090201783e-05	0.000658638555363	0.000309947555465	0	5.63541009936e-05	0.00026768197972	0.00236335011042	0.0259440192449	1.76106565605e-05	0	3.87434444331e-05	0.00195478287822	0	0.00357496328178	0.000299381161528	0.00892860287617	0.00395535346349	7.74868888662e-05	0	1.76106565605e-05	1.05663939363e-05	0.00799171594715	7.0442626242e-06	3.5221313121e-06	0	0	0.00104255086838	3.5221313121e-06	7.0442626242e-06	8.80532828025e-05	7.0442626242e-06	0.0010178959492	0.000105663939363	1.40885252484e-05	0.000362779525146	7.0442626242e-06	3.87434444331e-05	2.81770504968e-05	0	7.0442626242e-06	0	0.000140885252484	0.000940409060331	1.76106565605e-05	3.5221313121e-06	4.93098383694e-05	0.00178924270655	0	9.86196767388e-05	2.81770504968e-05	0.00117991398955	1.05663939363e-05	1.05663939363e-05	1.05663939363e-05	0	0	0.000172584434293	0.000556496747312	0.000207805747414	0.00582560519021	0.00110242710069	0.000753736100789	0	0	0.000408567232204	7.0442626242e-06	0.000232460666599	5.98762323057e-05	0.000109186070675	3.5221313121e-06	0
0.000165540171669	2.11327878726e-05	0.00135249842385	0	2.11327878726e-05	1.76106565605e-05	6.69204949299e-05	0.00326501572632	0.000331080343337	0.00142294105009	0.00013384098986	7.0442626242e-06	1.76106565605e-05	0	0.000355735262522	0	0.00085587790884	0.00148633941371	7.0442626242e-06	0.000154973777732	1.76106565605e-05	0.0387751436149	0.00266977553457	0.0130037088043	0.000214850010038	0	0.000651594292738	0.00149338367633	0.0121936186025	0.000313469686777	0.0114645374209	0	1.05663939363e-05	0.000119752464611	0.00407158379679	3.5221313121e-06	2.81770504968e-05	1.40885252484e-05	0	0	0	7.0442626242e-06	3.5221313121e-06	7.0442626242e-06	3.87434444331e-05	3.5221313121e-06	0	3.5221313121e-06	0	0	0	0.00217315501957	4.22655757452e-05	3.5221313121e-06	1.76106565605e-05	7.0442626242e-06	0.00244788126191	0.00449423955424	0.00146520662583	0.00021837214135	0	3.5221313121e-05	0.000158495909044	0.00206396894889	0	0	0	0	0	1.05663939363e-05	0.00507539122074	0.00133488776729	0.00434631003913	0.00380037968576	0.000412089363516	0	1.05663939363e-05	0.000144407383796	7.0442626242e-06	0.000169062302981	0.000130318858548	0	7.0442626242e-06	0
0	0.00451889447342	0.000605806585681	0	0	0	0	0	0	0.00761484789676	0	7.0442626242e-06	3.5221313121e-06	9.50975454267e-05	0	3.5221313121e-06	0.0128346465013	7.0442626242e-06	0	0	0	0.00266977553457	0.0297549653246	0.00854116843184	0.00342703376667	0.000729081181605	0.000278248373656	0.0116159890673	0.00110242710069	0	0	0	0	0	0	0	0.00341646737274	2.81770504968e-05	0	0	1.05663939363e-05	0	0	0	0.000362779525146	0	0	1.05663939363e-05	0	0	1.05663939363e-05	0.00942874552249	7.0442626242e-06	0	0	0	0.00124331235317	0.0139687727838	0.00450128381686	0.000422655757452	4.93098383694e-05	0.000102141808051	0.00414202642303	0.000785435282598	0	0	0	0	0	0	1.76106565605e-05	3.5221313121e-06	0	0	4.93098383694e-05	0	7.0442626242e-06	0.000246549191847	7.0442626242e-06	0	0	1.05663939363e-05	0	0
7.0442626242e-05	4.57877070573e-05	0.0116335997239	0	2.81770504968e-05	8.80532828025e-05	1.76106565605e-05	0.00185616320148	8.10090201783e-05	0.00147929515108	7.39647575541e-05	0	1.05663939363e-05	0	7.74868888662e-05	3.5221313121e-06	0.00675192572529	0.00622360602848	0	0.000207805747414	3.87434444331e-05	0.0130037088043	0.00854116843184	0.0664309186775	0.000299381161528	0	0.0011658254643	0.0127782924003	0.00277543947393	0.000799523807847	0.00515640024091	0	1.76106565605e-05	0.00028529263628	0.00235278371648	7.0442626242e-06	7.39647575541e-05	0.000581151666496	0	0	0	1.76106565605e-05	3.16991818089e-05	1.76106565605e-05	5.28319696815e-05	1.05663939363e-05	0	7.0442626242e-06	0	3.5221313121e-06	0	0.00925968321951	0.000130318858548	1.05663939363e-05	5.28319696815e-05	1.05663939363e-05	0.00111651562594	0.0134651080062	0.0136588252283	5.63541009936e-05	0	9.86196767388e-05	0.00272612963557	0.000524797565503	3.5221313121e-06	2.46549191847e-05	0	0	0	4.57877070573e-05	0.0158812900863	0.00213088944382	0.00311708621121	0.0022999517468	5.28319696815e-05	0	7.74868888662e-05	0.000496620515006	0.000137363121172	0.000531841828127	0.000468443464509	1.05663939363e-05	2.11327878726e-05	0
0.000877010696713	0.00111651562594	6.69204949299e-05	0	0.00922446190639	0.000686815605859	0.000940409060331	0.00631518144259	0.00230347387811	0.019963440277	0.000887577090649	0.000376868050395	0.0012503566158	3.87434444331e-05	0.00240913781748	0.00140533039353	0.0018350304136	3.16991818089e-05	5.98762323057e-05	0.000461399201885	0.00195478287822	0.000214850010038	0.00342703376667	0.000299381161528	0.0479045079759	0.000119752464611	0.000630461504866	0.00172584434293	0.0286490160926	0.00894269140142	0.00041913362614	0	1.40885252484e-05	0.000831222989656	0.00268386405982	0	0.000475487727133	3.5221313121e-06	0	0.00149690580764	2.81770504968e-05	0	7.0442626242e-06	0	0.00965768405778	4.93098383694e-05	0	4.57877070573e-05	0	0	4.22655757452e-05	0.000679771343235	3.5221313121e-06	0	0	0.00036982378777	1.40885252484e-05	0.00308890916071	2.46549191847e-05	0.00711118311913	7.0442626242e-06	1.05663939363e-05	0.000517753302879	0.00681884622022	0	0	0	0	0	0	0.00217315501957	0.000309947555465	0.00297267882741	0.00115878120168	0.00219780993875	0	7.0442626242e-06	0.000140885252484	3.5221313121e-06	7.74868888662e-05	5.28319696815e-05	2.11327878726e-05	0	0
0	0.00202522550446	0	0	0	2.81770504968e-05	0	3.5221313121e-06	7.0442626242e-06	0.000672727080611	3.5221313121e-06	0.000662160686675	0	0.00623417242242	7.0442626242e-06	0	0.000109186070675	0	0	3.5221313121e-06	0	0	0.000729081181605	0	0.000119752464611	0.0112989972492	0.000112708201987	0.00564949862461	0	1.40885252484e-05	0	0	3.16991818089e-05	0	9.86196767388e-05	0	0.00143702957534	0	0	0	0	0	0	7.0442626242e-06	0	0	0.000102141808051	0	0.002211898464	3.5221313121e-06	0	0	0	2.46549191847e-05	0	0	0	0	3.5221313121e-06	0	0.00439914200881	0.000739647575541	0.00289166980723	0	0	0	3.87434444331e-05	7.0442626242e-06	0	3.5221313121e-06	0	0.000288814767592	0.000165540171669	0	0	0	0.000665682817987	7.0442626242e-06	1.40885252484e-05	6.69204949299e-05	1.05663939363e-05	0	7.0442626242e-06	2.11327878726e-05
0.000496620515006	0.00121161317136	0.00807624709864	0	0.000450832807949	5.98762323057e-05	0.00214497796907	0.00176458778736	0.00264512061539	0.000641027898802	0.00508595761467	0.00816430038145	0.00453298299867	0.00212032304988	0.00144055170665	0.000105663939363	1.05663939363e-05	0.0126409292791	0.00184207467623	0.0152473064501	0.00357496328178	0.000651594292738	0.000278248373656	0.0011658254643	0.000630461504866	0.000112708201987	0.0739471468975	0.021611797731	0.0026486427467	0.00694212081615	0.00185616320148	0.000211327878726	2.11327878726e-05	2.46549191847e-05	0.0187483049743	0.000102141808051	0.00364188377671	1.76106565605e-05	0	7.0442626242e-06	3.5221313121e-06	2.46549191847e-05	0.000112708201987	2.46549191847e-05	0.000158495909044	6.69204949299e-05	0.000243027060535	0.000105663939363	0.00106720578757	0.000109186070675	3.5221313121e-06	7.0442626242e-06	9.50975454267e-05	8.80532828025e-05	0.000450832807949	0.000140885252484	5.63541009936e-05	7.0442626242e-06	0.000387434444331	0.000214850010038	0.000309947555465	0.011228554623	0.00715344869487	0.000253593454471	1.76106565605e-05	3.5221313121e-06	0.000278248373656	0	0	0.000609328716993	0.00961894061334	0.0096647283204	0.0198753869942	0.00263807635276	0.000176106565605	0	5.98762323057e-05	0.00175402139343	0.000933364797706	0.000859400040152	0.00021837214135	6.69204949299e-05	1.05663939363e-05	2.81770504968e-05
6.69204949299e-05	0.0181847639644	0.0244964232757	0	0.000105663939363	6.69204949299e-05	8.80532828025e-05	0.00070442626242	0.000176106565605	0.0031135640799	0.000228938535286	0.000246549191847	0.000376868050395	0.00705482901814	0.000137363121172	4.22655757452e-05	0.00421599118058	0.00571641911954	1.40885252484e-05	0.000972108242139	0.000299381161528	0.00149338367633	0.0116159890673	0.0127782924003	0.00172584434293	0.00564949862461	0.021611797731	0.109531239544	0.00158143695913	0.000264159848407	0.0011341262825	0.000119752464611	4.22655757452e-05	2.11327878726e-05	0.00167653450456	0.000429700020076	0.0242146527707	0.00132432137335	0	2.81770504968e-05	3.5221313121e-06	1.05663939363e-05	1.40885252484e-05	1.76106565605e-05	0.000257115585783	2.11327878726e-05	0.000760780363414	0.000426177888764	0.00364188377671	0.000461399201885	7.0442626242e-06	0.00286349275674	0.00050366477763	0.000119752464611	0.00013384098986	0.000521275434191	0.000228938535286	0.00612850848305	0.00306425424153	0.000140885252484	0.00453298299867	0.0126655841983	0.0343372581617	0.000214850010038	3.5221313121e-05	3.87434444331e-05	0.00115173693906	7.0442626242e-06	0	0.000968586110827	0.0121196538449	0.00526558631159	0.00326501572632	0.00127501153498	7.74868888662e-05	3.5221313121e-06	0.00035221313121	0.00170823368637	0.00085587790884	0.00185616320148	0.000257115585783	3.5221313121e-06	1.40885252484e-05	2.11327878726e-05
0.00360666246359	3.5221313121e-05	0.00112708201987	0	0.00779799872499	0.000672727080611	0.00612850848305	0.0335377343538	0.0113377406936	0.0140850031171	0.0196781476407	0.00141237465615	0.00500142646318	6.33983636178e-05	0.00762893642201	0.00198648206002	0.00057058527256	0.000243027060535	0.000211327878726	0.00181389762573	0.00892860287617	0.0121936186025	0.00110242710069	0.00277543947393	0.0286490160926	0	0.0026486427467	0.00158143695913	0.0926320535082	0.016927363086	0.0111193685523	0	2.11327878726e-05	0.00235278371648	0.0119611579359	6.69204949299e-05	6.33983636178e-05	1.76106565605e-05	0	0.00303959932234	1.40885252484e-05	5.63541009936e-05	9.50975454267e-05	4.93098383694e-05	0.0109714390372	0.000278248373656	3.16991818089e-05	0.000549452484688	3.5221313121e-06	8.80532828025e-05	4.22655757452e-05	0.00168357876718	3.16991818089e-05	3.5221313121e-06	0.00015145164642	0.00183150828229	0.00106368365625	0.00551213550344	0.000243027060535	0.0111475456028	0	0.000123274595923	0.000257115585783	0.010168393098	4.57877070573e-05	1.05663939363e-05	2.46549191847e-05	0	0	0.000221894272662	0.00577981748316	0.0011940025148	0.0107389783706	0.00527263057421	0.00307129850415	0	1.05663939363e-05	0.000873488565401	7.0442626242e-06	0.000542408222063	0.00026768197972	0.000102141808051	1.05663939363e-05	0
0.00797058315928	0	9.15754141146e-05	0	0.00170823368637	0.00106016152494	0.00855173482578	0.0130671071679	0.019466819762	0.000524797565503	0.0166667253689	0.0139687727838	0.00680123556366	0.00129966645416	0.0169801950556	0.000598762323057	3.5221313121e-06	0.000264159848407	0.0028247493123	0.00571641911954	0.00395535346349	0.000313469686777	0	0.000799523807847	0.00894269140142	1.40885252484e-05	0.00694212081615	0.000264159848407	0.016927363086	0.0690901278181	0.00942522339118	0	0.00123274595923	0.00445901824112	0.0347599139191	7.0442626242e-06	3.5221313121e-06	7.0442626242e-06	0	0.000214850010038	7.0442626242e-06	7.0442626242e-06	0.000211327878726	7.0442626242e-05	0.00166596811062	0.000348690999898	0.000158495909044	6.69204949299e-05	2.11327878726e-05	2.46549191847e-05	0	3.5221313121e-06	1.05663939363e-05	3.5221313121e-06	7.39647575541e-05	0.000443788545325	2.11327878726e-05	1.40885252484e-05	0.000116230333299	0.00269443045376	2.11327878726e-05	8.10090201783e-05	0.000172584434293	0.00165187958537	1.05663939363e-05	3.5221313121e-06	1.40885252484e-05	3.5221313121e-05	0	0.000137363121172	0.00508947974598	0.00181389762573	0.0237039437304	0.00648424374558	0.00147225088846	3.5221313121e-06	5.98762323057e-05	0.000947453322955	0	0.000609328716993	0.000324036080713	7.0442626242e-05	0.000109186070675	1.76106565605e-05
0.00863978810858	1.40885252484e-05	0.00189490664591	0	7.39647575541e-05	5.98762323057e-05	0.000366301656458	0.0131199391376	0.00552270189737	0.000165540171669	0.000690337737172	0.000232460666599	9.50975454267e-05	7.0442626242e-06	0.00840380531067	1.05663939363e-05	0	0.00288462554461	7.0442626242e-05	0.000528319696815	7.74868888662e-05	0.0114645374209	0	0.00515640024091	0.00041913362614	0	0.00185616320148	0.0011341262825	0.0111193685523	0.00942522339118	0.0426389216643	0	1.40885252484e-05	0.000405045100891	0.0106861464009	0	1.05663939363e-05	0	0	0	0	0	3.5221313121e-06	0	0.000162018040357	0	0	0	0	0	0	0	3.5221313121e-05	0	0	0	4.22655757452e-05	2.81770504968e-05	5.63541009936e-05	1.40885252484e-05	0	2.11327878726e-05	8.45311514904e-05	0.000176106565605	0	0	0	0	0	0	0.00109890496938	0.000109186070675	0.00817134464407	0.00293393538298	0.000186672959541	0	1.40885252484e-05	2.46549191847e-05	1.05663939363e-05	0.000116230333299	5.63541009936e-05	0	0	0
0	0	0	0	0	0	0	0	0	0	0	2.11327878726e-05	0	0.000119752464611	0	0	0	0	0	0	0	0	0	0	0	0	0.000211327878726	0.000119752464611	0	0	0	0.000225416403974	0	0	3.5221313121e-06	0	0	0	0	0	0	0	0	0	0	0	2.11327878726e-05	0	3.87434444331e-05	3.5221313121e-06	0	0	0	0	0	0	0	0	0	0	2.11327878726e-05	1.76106565605e-05	1.40885252484e-05	0	0	0	1.40885252484e-05	0	0	3.5221313121e-06	0	1.40885252484e-05	1.40885252484e-05	0	0	0	1.05663939363e-05	0	1.76106565605e-05	0	0	0	0	1.05663939363e-05
0	0	3.16991818089e-05	0	1.05663939363e-05	0.00208510173676	0.000183150828229	1.05663939363e-05	0.000563541009936	2.11327878726e-05	1.05663939363e-05	0.00139476399959	4.57877070573e-05	0.00036982378777	0.000975630373452	0.000109186070675	0	0	2.81770504968e-05	3.5221313121e-06	1.76106565605e-05	1.05663939363e-05	0	1.76106565605e-05	1.40885252484e-05	3.16991818089e-05	2.11327878726e-05	4.22655757452e-05	2.11327878726e-05	0.00123274595923	1.40885252484e-05	0	0.00369119361508	0	0.0025605894639	0	0	3.5221313121e-06	0	0	0	0	3.5221313121e-06	0	0	0	2.81770504968e-05	0	0	0	0	0	0	0	0	0	7.0442626242e-06	0	1.05663939363e-05	0	7.0442626242e-06	3.5221313121e-06	3.5221313121e-06	3.5221313121e-06	0	0	0	0	0	0	0.000514231171567	0.000221894272662	0.0011940025148	0.000479009858446	0.000147929515108	7.0442626242e-06	0.000140885252484	5.28319696815e-05	7.0442626242e-06	3.5221313121e-06	0	0	0	0
0.000943931191643	0	1.76106565605e-05	0	6.33983636178e-05	3.5221313121e-06	2.11327878726e-05	0.000753736100789	0.000257115585783	0.000341646737274	1.76106565605e-05	0	2.46549191847e-05	0	0.000482531989758	3.5221313121e-06	0	1.76106565605e-05	0	0	1.05663939363e-05	0.000119752464611	0	0.00028529263628	0.000831222989656	0	2.46549191847e-05	2.11327878726e-05	0.00235278371648	0.00445901824112	0.000405045100891	0	0	0.00494507236219	0.00336011327174	7.0442626242e-06	0	0	0	0	0	0	0	0	0.000211327878726	0	3.5221313121e-06	0	0	0	0	0	3.5221313121e-06	0	0	0	3.5221313121e-06	0	1.40885252484e-05	0.00020076148479	0	0	1.40885252484e-05	2.81770504968e-05	3.5221313121e-06	0	0	0	0	0	4.93098383694e-05	3.5221313121e-06	0.00127501153498	0.000891099221961	0.00015145164642	0	0	2.46549191847e-05	0	2.81770504968e-05	2.11327878726e-05	3.5221313121e-06	0	0
0.00389547723118	7.0442626242e-06	0.00129614432285	0	0.00186672959541	0.00348690999898	0.00859400040152	0.00789661840173	0.0151733416925	0.00108481644413	0.0153494482581	0.0193012795903	0.0109397398554	0.00248662470634	0.00860808892677	0.000524797565503	3.5221313121e-06	0.00743521919984	0.00347986573635	0.0137468785111	0.00799171594715	0.00407158379679	0	0.00235278371648	0.00268386405982	9.86196767388e-05	0.0187483049743	0.00167653450456	0.0119611579359	0.0347599139191	0.0106861464009	3.5221313121e-06	0.0025605894639	0.00336011327174	0.0773706585329	1.40885252484e-05	1.40885252484e-05	2.11327878726e-05	0	0.000112708201987	7.0442626242e-06	1.76106565605e-05	0.000461399201885	8.10090201783e-05	0.00161313614094	0.000278248373656	0.000302903292841	7.74868888662e-05	5.98762323057e-05	3.5221313121e-05	0	1.05663939363e-05	2.11327878726e-05	7.0442626242e-06	0.000214850010038	0.000355735262522	0.000123274595923	0.00026768197972	0.000313469686777	0.00222246485793	0.000130318858548	0.000271204111032	0.000324036080713	0.00244083699929	7.0442626242e-06	3.5221313121e-05	2.81770504968e-05	3.5221313121e-05	0	0.000320513949401	0.00598762323057	0.00287405915067	0.0459497250977	0.0127923809255	0.001658923848	0.000648072161426	0.000943931191643	0.00203931402971	3.16991818089e-05	0.000972108242139	0.000447310676637	0.000225416403974	0.000144407383796	2.81770504968e-05
0	5.28319696815e-05	1.76106565605e-05	0	0	0	0	1.05663939363e-05	0	0	6.69204949299e-05	0	1.40885252484e-05	0	0	0	0	7.0442626242e-06	0	1.05663939363e-05	7.0442626242e-06	3.5221313121e-06	0	7.0442626242e-06	0	0	0.000102141808051	0.000429700020076	6.69204949299e-05	7.0442626242e-06	0	0	0	7.0442626242e-06	1.40885252484e-05	0.0298535850014	6.33983636178e-05	7.0442626242e-06	0	0.00078895741391	3.87434444331e-05	0.00431461085732	0.00516696663485	0.00726263476555	3.5221313121e-06	0.00787900774517	0.000338124605962	0.00241265994879	1.05663939363e-05	0.0235736248719	0	0	0.00133488776729	0.000123274595923	0.00108481644413	0.00781913151286	0.000271204111032	0	0.000743169706853	7.39647575541e-05	0	0.0014546402319	0.000253593454471	0.00230347387811	0.0139969498343	0.00241265994879	2.11327878726e-05	0	0.000700904131108	0.00518457729141	2.46549191847e-05	2.81770504968e-05	3.87434444331e-05	4.57877070573e-05	0	0	0	0.000500142646318	0.000394478706955	0.00378276902919	0.000792479545222	0.000306425424153	0.000334602474649	0
3.5221313121e-06	0.011341262825	0.00501551498843	0	7.0442626242e-06	0	0	1.05663939363e-05	3.5221313121e-06	0.000538886090751	0	0	0	8.10090201783e-05	7.0442626242e-06	0	0.000447310676637	0.000126796727236	0	2.11327878726e-05	3.5221313121e-06	2.81770504968e-05	0.00341646737274	7.39647575541e-05	0.000475487727133	0.00143702957534	0.00364188377671	0.0242146527707	6.33983636178e-05	3.5221313121e-06	1.05663939363e-05	0	0	0	1.40885252484e-05	6.33983636178e-05	0.0406911830487	0.000528319696815	0	0	0.000729081181605	0	7.0442626242e-06	1.05663939363e-05	0.00367710508983	7.0442626242e-06	3.87434444331e-05	0.000774868888662	9.15754141146e-05	7.39647575541e-05	0.000774868888662	0.00106368365625	0.000560018878624	4.93098383694e-05	5.63541009936e-05	7.74868888662e-05	0.000119752464611	0.00822065448244	0.0010777721815	0.00121513530267	0.00633279209916	0.00327558212025	0.0327699097278	0.000211327878726	1.05663939363e-05	3.87434444331e-05	3.5221313121e-06	7.0442626242e-06	0	0.000334602474649	0.0004367442827	0.000390956575643	3.16991818089e-05	1.76106565605e-05	0	0	1.76106565605e-05	0.00145816236321	0.000221894272662	0.000588195929121	0.000140885252484	0.000542408222063	7.0442626242e-06	1.40885252484e-05
0	3.5221313121e-06	0.00265920914064	0	0	7.0442626242e-06	3.5221313121e-06	7.0442626242e-06	3.5221313121e-06	1.05663939363e-05	7.0442626242e-06	0	0	0	0	0	3.5221313121e-06	0.000130318858548	0	0	0	1.40885252484e-05	2.81770504968e-05	0.000581151666496	3.5221313121e-06	0	1.76106565605e-05	0.00132432137335	1.76106565605e-05	7.0442626242e-06	0	0	3.5221313121e-06	0	2.11327878726e-05	7.0442626242e-06	0.000528319696815	0.0168287434092	0	0	0	0	3.5221313121e-06	3.5221313121e-06	7.0442626242e-06	0	0	0	0	1.05663939363e-05	0	0	0.0051528781096	3.5221313121e-06	0.00138067547434	0	0.000253593454471	0.000169062302981	0.00448015102899	7.0442626242e-06	0	0.00344112229192	0.00463512480672	7.0442626242e-06	3.5221313121e-06	7.0442626242e-06	0	0	0	0.000954497585579	0.000186672959541	9.50975454267e-05	2.81770504968e-05	2.81770504968e-05	0	0	0	0.000306425424153	0.000172584434293	0.000577629535184	0.000147929515108	0	6.33983636178e-05	0
