0.0166501534521	0	4.0276133169e-06	0	8.0552266338e-05	1.20828399507e-05	0.00131702955463	0.00526006299187	0.00287571590827	0.0002859605455	0.000745108463627	0	0.000503451664613	0	0.00774107279508	9.26351062887e-05	0.000104717946239	8.0552266338e-06	0	0	0.000269850092232	0.000370540425155	0.000108745559556	0.000213463505796	0.000447065078176	0	4.0276133169e-06	8.0552266338e-06	0.000906212996303	0.0077451004084	0.00242865083009	0	8.0552266338e-06	0.00124050490161	0.00141771988755	4.0276133169e-06	0	4.0276133169e-06	0	1.20828399507e-05	0	4.0276133169e-06	2.81932932183e-05	1.20828399507e-05	0.000100690332923	0	0	1.61104532676e-05	0	8.0552266338e-06	0	0	0	0	0	4.0276133169e-06	8.0552266338e-06	8.0552266338e-06	1.20828399507e-05	7.65246530211e-05	0	0	0	3.62485198521e-05	0	0	0	0	0	8.0552266338e-06	0.000523589731197	9.26351062887e-05	0.000398733718373	0.000132911239458	0.000173187372627	2.41656799014e-05	0	1.20828399507e-05	0	0	0	4.0276133169e-06	0	0
0	0.0134280627985	0.00153854828706	0	0	0	0	4.0276133169e-06	4.0276133169e-06	1.61104532676e-05	0	0.000269850092232	0	9.66627196056e-05	0	0	0.000149021692725	0.00131702955463	2.81932932183e-05	0.000869964476451	0	7.24970397042e-05	0.00213866267127	0.000507479277929	2.41656799014e-05	0.000261794865599	0.00348388551912	0.00556616160396	2.01380665845e-05	1.20828399507e-05	4.83313598028e-05	0	0	1.20828399507e-05	0.000902185382986	0	0.00323014588015	0.000487341211345	0	0	0	4.0276133169e-06	4.0276133169e-06	0	1.20828399507e-05	0	0.000157076919359	4.0276133169e-06	5.23589731197e-05	0	0	5.63865864366e-05	0.000253739638965	3.22209065352e-05	0.000108745559556	0	2.41656799014e-05	0.000422899398275	0.00016915975931	2.01380665845e-05	0.00035040235857	0.000720942783725	0.00140160943428	1.20828399507e-05	0	0	4.0276133169e-06	4.0276133169e-06	0	0.000177214985944	0.000382623265106	0.000700804717141	0.000535672571148	0.000165132145993	8.0552266338e-06	4.0276133169e-06	1.20828399507e-05	0.000112773172873	0.000418871784958	0.000165132145993	7.24970397042e-05	0	0	4.0276133169e-06
4.0276133169e-06	0.00153854828706	0.0267393248109	0	0	0	8.0552266338e-06	6.84694263873e-05	1.20828399507e-05	6.44418130704e-05	4.0276133169e-06	7.24970397042e-05	0	1.20828399507e-05	8.0552266338e-06	4.0276133169e-06	0.00113981456868	0.0068147217322	4.0276133169e-06	0.000447065078176	0	0.00118009070185	0.00230782243058	0.0102099997583	0.000140966466092	1.20828399507e-05	0.00308515180075	0.00968238241383	0.000390678491739	8.45798796549e-05	0.000479285984711	0	0	5.23589731197e-05	0.00274683228213	0	0.000559838251049	0.000281932932183	0	0	0	0	2.41656799014e-05	0	2.81932932183e-05	0	4.0276133169e-06	0	0	4.0276133169e-06	0	9.26351062887e-05	0.000104717946239	4.0276133169e-06	1.61104532676e-05	4.0276133169e-06	2.41656799014e-05	0.000628307677437	0.000189297825894	2.01380665845e-05	1.20828399507e-05	0.000108745559556	0.000370540425155	2.01380665845e-05	4.0276133169e-06	1.61104532676e-05	0	0	0	6.84694263873e-05	0.00206213801825	0.00230782243058	0.00219907687103	0.000745108463627	4.0276133169e-05	2.81932932183e-05	2.01380665845e-05	0.000181242599261	0.000144994079408	5.23589731197e-05	2.01380665845e-05	1.20828399507e-05	0	4.0276133169e-06
0	0	0	0	0	0	0	0	0	0	0	0	0	0	0	0	0	0	0	0	0	0	0	0	0	0	0	0	0	0	0	0	0	0	0	0	0	0	0	0	0	0	0	0	0	0	0	0	0	0	0	0	0	0	0	0	0	0	0	0	0	0	0	0	0	0	0	0	0	0	0	0	0	0	0	0	0	0	0	0	0	0	0	0
8.0552266338e-05	0	0	0	0.0147289818999	0	0.000245684412331	0.0014781340873	8.0552266338e-05	0.000132911239458	0.00134925046116	0	0.00154257590037	0	0.000100690332923	8.0552266338e-06	4.0276133169e-06	0	0	0	0.0039309505973	2.01380665845e-05	1.20828399507e-05	1.20828399507e-05	0.00782968028805	0	0	0	0.0036933214116	0.00011680078619	7.65246530211e-05	0	0	2.01380665845e-05	5.23589731197e-05	0	0	0	0	0.00316167645377	0	6.44418130704e-05	6.84694263873e-05	8.0552266338e-06	3.22209065352e-05	0.000628307677437	0	0.000539700184465	0	1.61104532676e-05	4.0276133169e-06	4.0276133169e-06	0	0	0	0.00181242599261	0	4.0276133169e-06	0	6.84694263873e-05	0	0	0	0.000165132145993	0	0	0	0	0	4.0276133169e-06	2.01380665845e-05	0	8.0552266338e-06	4.0276133169e-06	1.61104532676e-05	0	0	0	0	0	0	0	0	0
1.20828399507e-05	0	0	0	0	0.00475661132726	0.00242865083009	1.20828399507e-05	0.00111162127546	0	8.0552266338e-06	8.0552266338e-06	4.0276133169e-06	4.0276133169e-06	0.000245684412331	0.000861909249817	0	0	4.0276133169e-06	0	0	0	4.0276133169e-06	0	4.0276133169e-06	0	0	0	8.0552266338e-06	0.000483313598028	4.0276133169e-06	0	0.000773301756845	1.61104532676e-05	0.000539700184465	0	0	0	0	0	0	0	0	0	0	0	0	0	0	0	0	0	0	0	0	0	0	0	0	0	0	0	0	0	0	0	0	0	0	0	1.20828399507e-05	8.0552266338e-06	8.86074929718e-05	2.01380665845e-05	0.00105523468903	0.00159896248681	0	4.0276133169e-06	0	0	0	0	0	0
0.00131702955463	0	8.0552266338e-06	0	0.000245684412331	0.00242865083009	0.0338843108351	0.00319792497362	0.0124493527625	0.000165132145993	0.00799884004736	3.62485198521e-05	0.0063636290407	8.0552266338e-06	0.00477272178053	0.00326236678669	4.0276133169e-06	8.0552266338e-06	0	4.0276133169e-06	0.00176812224612	4.0276133169e-05	2.81932932183e-05	4.0276133169e-05	0.000451092691493	0	1.20828399507e-05	2.01380665845e-05	0.000789412210113	0.00418066262294	0.000249712025648	0	0.00051956211788	0.000237629185697	0.00210241415142	0	4.0276133169e-06	4.0276133169e-06	0	4.0276133169e-06	0	0	4.0276133169e-06	0	4.43037464859e-05	0	0	8.0552266338e-06	0	0	0	0	0	0	0	4.0276133169e-06	0	8.0552266338e-06	8.0552266338e-06	2.81932932183e-05	0	0	4.0276133169e-06	8.0552266338e-06	0	0	0	0	0	0	0.000322209065352	8.0552266338e-05	0.00103912423576	0.000217491119113	0.00157882442023	0.00154660351369	1.20828399507e-05	1.61104532676e-05	0	4.0276133169e-06	4.0276133169e-06	0	0	0
0.00526006299187	4.0276133169e-06	6.84694263873e-05	0	0.0014781340873	1.20828399507e-05	0.00319792497362	0.046897529462	0.00360068630531	0.00226754629742	0.00931184198867	0	0.0023601814037	0	0.00465592099434	0.000108745559556	0.00051956211788	3.62485198521e-05	0	0	0.00219907687103	0.00140160943428	0.000757191303577	0.000938433902838	0.00613002746832	0	8.0552266338e-06	3.62485198521e-05	0.0163964138131	0.00652070596006	0.00656500970655	0	0	0.00184867451246	0.00263003149594	4.0276133169e-06	4.0276133169e-06	0	0	0.000128883626141	0	1.20828399507e-05	0.000181242599261	8.0552266338e-06	0.000813577890014	1.61104532676e-05	0	6.84694263873e-05	0	8.0552266338e-06	4.0276133169e-06	2.01380665845e-05	0	0	0	4.83313598028e-05	1.61104532676e-05	6.04141997535e-05	2.81932932183e-05	0.000644418130704	0	0	8.0552266338e-06	0.000213463505796	1.61104532676e-05	3.62485198521e-05	0	0	1.61104532676e-05	5.23589731197e-05	0.00112370411542	0.000253739638965	0.000547755411098	0.000209435892479	0.000314153838718	2.41656799014e-05	4.0276133169e-06	4.83313598028e-05	4.0276133169e-06	1.61104532676e-05	4.0276133169e-06	4.0276133169e-05	0	0
0.00287571590827	4.0276133169e-06	1.20828399507e-05	0	8.0552266338e-05	0.00111162127546	0.0124493527625	0.00360068630531	0.0323296520948	0.000157076919359	0.00391484014403	2.81932932183e-05	0.00126064296819	4.0276133169e-06	0.0122600549366	0.000761218916894	2.01380665845e-05	8.0552266338e-06	0	4.0276133169e-06	0.000410816558324	9.66627196056e-05	4.0276133169e-05	5.23589731197e-05	0.000314153838718	0	8.0552266338e-06	1.61104532676e-05	0.000640390517387	0.00559435489718	0.000575948704317	0	0.000491368824662	0.000394706105056	0.0019533924587	0	4.0276133169e-06	4.0276133169e-06	0	4.0276133169e-06	0	0	1.61104532676e-05	0	5.23589731197e-05	0	0	4.0276133169e-06	0	0	0	0	0	0	0	0	4.0276133169e-06	4.0276133169e-06	8.0552266338e-06	4.0276133169e-05	0	0	0	1.61104532676e-05	0	0	0	0	0	0	0.000410816558324	7.24970397042e-05	0.000773301756845	0.000225546345746	0.000672611423922	0.000781356983479	1.20828399507e-05	3.22209065352e-05	0	0	0	0	0	0
0.0002859605455	1.61104532676e-05	6.44418130704e-05	0	0.000132911239458	0	0.000165132145993	0.00226754629742	0.000157076919359	0.0165937668656	0.000229573959063	0	0.000946489129472	0	0.000253739638965	0.000281932932183	0.000608169610852	2.81932932183e-05	0	0	0.000132911239458	0.000567893477683	0.00235212617707	0.000487341211345	0.0054332503645	0	4.0276133169e-06	5.63865864366e-05	0.0022635186841	0.00102301378249	0.00117203547522	0	0	0.000354429971887	0.0010713451423	6.44418130704e-05	1.20828399507e-05	1.20828399507e-05	0	0.000426927011591	0	6.44418130704e-05	0.000632335290753	2.41656799014e-05	0.00279919125525	9.26351062887e-05	0	0.00022151873243	0	3.22209065352e-05	1.61104532676e-05	8.45798796549e-05	0	0	0	0.00016915975931	6.44418130704e-05	0.000144994079408	0.000136938852775	0.00210241415142	0	4.0276133169e-06	8.0552266338e-06	0.000680666650556	6.04141997535e-05	7.65246530211e-05	0	0	1.61104532676e-05	0.000124856012824	0.000942461516155	0.000177214985944	0.000241656799014	9.66627196056e-05	0.00102301378249	4.0276133169e-06	0	0.000112773172873	2.01380665845e-05	7.65246530211e-05	1.61104532676e-05	9.66627196056e-05	8.0552266338e-06	0
0.000745108463627	0	4.0276133169e-06	0	0.00134925046116	8.0552266338e-06	0.00799884004736	0.00931184198867	0.00391484014403	0.000229573959063	0.0338802832218	0	0.00683083218546	0	0.00204602756499	7.24970397042e-05	1.20828399507e-05	4.0276133169e-06	0	0	0.00584003930951	2.41656799014e-05	3.22209065352e-05	1.61104532676e-05	0.00158285203354	0	8.0552266338e-06	0	0.00488146734008	0.00075316369026	0.000257767252282	0	0	0.000217491119113	0.00022151873243	0	0	0	0	1.20828399507e-05	0	4.0276133169e-06	1.20828399507e-05	0	6.04141997535e-05	0	0	8.0552266338e-06	0	0	0	0	0	0	0	0	0	4.0276133169e-06	0	5.23589731197e-05	0	0	0	1.61104532676e-05	4.0276133169e-06	4.0276133169e-06	0	0	4.0276133169e-06	4.0276133169e-06	0.000136938852775	3.22209065352e-05	6.04141997535e-05	2.41656799014e-05	0.000140966466092	8.0552266338e-06	0	1.20828399507e-05	0	4.0276133169e-06	4.0276133169e-06	0	0	0
0	0.000269850092232	7.24970397042e-05	0	0	8.0552266338e-06	3.62485198521e-05	0	2.81932932183e-05	0	0	0.0265298889184	0	0.00702415762467	2.41656799014e-05	0	0	0.000942461516155	0.00286363306832	0.00632738052085	0	1.20828399507e-05	8.0552266338e-06	6.84694263873e-05	4.0276133169e-06	0.00302876521431	0.00786995642122	0.00134522284784	4.0276133169e-06	8.86074929718e-05	4.0276133169e-06	0.000261794865599	4.0276133169e-06	1.20828399507e-05	0.00342749893268	0	0.000426927011591	2.01380665845e-05	0	0	0	0	0	0	0	0	0.000165132145993	0	0.000136938852775	0	0	0	8.0552266338e-06	2.41656799014e-05	6.84694263873e-05	0	0	4.0276133169e-06	4.0276133169e-06	0	0.000563865864366	0.000197353052528	0.000273877705549	0	4.0276133169e-06	0	0	0	0	2.41656799014e-05	0.000165132145993	0.00328250485327	0.00336305711961	0.000189297825894	2.01380665845e-05	1.61104532676e-05	0.000841771183232	1.61104532676e-05	0.000201380665845	2.81932932183e-05	4.0276133169e-06	4.0276133169e-06	0	4.0276133169e-06
0.000503451664613	0	0	0	0.00154257590037	4.0276133169e-06	0.0063636290407	0.0023601814037	0.00126064296819	0.000946489129472	0.00683083218546	0	0.0298889184247	0	0.000833715956598	0.00100690332923	8.0552266338e-06	0	0	0	0.0102704139581	2.41656799014e-05	2.41656799014e-05	8.0552266338e-06	0.00216685596449	0	0	0	0.000998848102591	0.000483313598028	0.000157076919359	0	8.0552266338e-06	8.45798796549e-05	0.000140966466092	0	0	0	0	0.000112773172873	0	0.000100690332923	1.61104532676e-05	2.01380665845e-05	2.01380665845e-05	0.000479285984711	0	0.00277099796203	0	0	0	0	0	0	0	0.000986765262641	0	0	0	4.0276133169e-05	0	0	0	2.41656799014e-05	0	0	0	0	0	0	4.83313598028e-05	0	2.81932932183e-05	8.0552266338e-06	0.00112773172873	8.0552266338e-06	0	4.0276133169e-06	0	4.0276133169e-06	4.0276133169e-06	0	0	0
0	9.66627196056e-05	1.20828399507e-05	0	0	4.0276133169e-06	8.0552266338e-06	0	4.0276133169e-06	0	0	0.00702415762467	0	0.0165414078925	0	0	0	6.84694263873e-05	0.000527617344514	0.000664556197289	0	4.0276133169e-06	0	4.0276133169e-06	0	0.00590850873589	0.00429343579582	0.00169965281973	4.0276133169e-06	1.20828399507e-05	0	0.000382623265106	4.0276133169e-06	4.0276133169e-06	0.000555810637732	0	0.00033831951862	4.0276133169e-06	0	0	0	0	0	0	0	0	0.000245684412331	0	0.000173187372627	0	0	0	4.0276133169e-06	3.22209065352e-05	6.84694263873e-05	0	0	0	0	0	0.000632335290753	0.000193325439211	0.000241656799014	0	4.0276133169e-06	0	4.0276133169e-06	0	0	4.83313598028e-05	0.000144994079408	0.00181645360592	0.00107940036893	9.66627196056e-05	0	2.01380665845e-05	0.0010713451423	2.01380665845e-05	0.000269850092232	5.23589731197e-05	1.61104532676e-05	0	0	2.01380665845e-05
0.00774107279508	0	8.0552266338e-06	0	0.000100690332923	0.000245684412331	0.00477272178053	0.00465592099434	0.0122600549366	0.000253739638965	0.00204602756499	2.41656799014e-05	0.000833715956598	0	0.030730689608	0.000334291905303	4.0276133169e-05	1.20828399507e-05	0	4.0276133169e-06	0.000306098612084	0.000185270212577	8.86074929718e-05	0.000140966466092	0.00045512030481	0	0	1.61104532676e-05	0.000845798796549	0.012417131856	0.00117203547522	0	0.000314153838718	0.00107537275561	0.00217088357781	0	4.0276133169e-06	4.0276133169e-06	0	4.0276133169e-06	0	4.0276133169e-06	2.41656799014e-05	4.0276133169e-06	8.0552266338e-05	0	0	4.0276133169e-06	0	0	0	0	0	0	0	4.0276133169e-06	8.0552266338e-06	0	1.20828399507e-05	5.23589731197e-05	0	0	0	2.41656799014e-05	4.0276133169e-06	0	0	0	0	0	0.000608169610852	9.26351062887e-05	0.000829688343282	0.000201380665845	0.000652473357338	0.000386650878422	0	1.20828399507e-05	0	0	0	0	0	0
9.26351062887e-05	0	4.0276133169e-06	0	8.0552266338e-06	0.000861909249817	0.00326236678669	0.000108745559556	0.000761218916894	0.000281932932183	7.24970397042e-05	0	0.00100690332923	0	0.000334291905303	0.00751955406265	4.0276133169e-06	0	0	0	1.20828399507e-05	1.20828399507e-05	8.0552266338e-06	8.0552266338e-06	5.23589731197e-05	0	0	0	2.41656799014e-05	0.000330264291986	3.22209065352e-05	0	3.62485198521e-05	2.01380665845e-05	0.000165132145993	0	0	0	0	4.0276133169e-06	0	0	4.0276133169e-06	0	4.0276133169e-06	0	0	4.0276133169e-06	0	0	0	0	0	0	0	4.0276133169e-06	0	0	0	8.0552266338e-06	0	0	0	0	0	0	0	0	0	0	0.000108745559556	8.0552266338e-06	6.04141997535e-05	1.61104532676e-05	0.00332278098644	0.000120828399507	0	0	0	0	0	0	0	0
0.000104717946239	0.000149021692725	0.00113981456868	0	4.0276133169e-06	0	4.0276133169e-06	0.00051956211788	2.01380665845e-05	0.000608169610852	1.20828399507e-05	0	8.0552266338e-06	0	4.0276133169e-05	4.0276133169e-06	0.0222002046028	0.000225546345746	0	1.20828399507e-05	4.0276133169e-06	0.00416857978299	0.0051956211788	0.00898963292332	0.00501840619286	0	6.04141997535e-05	0.00329458769322	0.00434176715562	0.000378595651789	0.00132105716794	0	0	0.00022151873243	0.00140160943428	0	2.01380665845e-05	2.81932932183e-05	0	8.0552266338e-06	0	0	9.66627196056e-05	0	0.000273877705549	4.0276133169e-06	0	8.0552266338e-06	0	0	0	0.000173187372627	1.61104532676e-05	0	0	4.0276133169e-06	4.43037464859e-05	0.000378595651789	0.000209435892479	0.000136938852775	0	4.0276133169e-06	7.65246530211e-05	0.00011680078619	4.0276133169e-06	2.41656799014e-05	0	0	0	4.0276133169e-05	0.00108745559556	0.000696777103824	0.000652473357338	0.000298043385451	6.04141997535e-05	1.20828399507e-05	0	6.84694263873e-05	2.81932932183e-05	1.61104532676e-05	1.61104532676e-05	1.61104532676e-05	0	0
8.0552266338e-06	0.00131702955463	0.0068147217322	0	0	0	8.0552266338e-06	3.62485198521e-05	8.0552266338e-06	2.81932932183e-05	4.0276133169e-06	0.000942461516155	0	6.84694263873e-05	1.20828399507e-05	0	0.000225546345746	0.0283825910442	7.65246530211e-05	0.00619446928139	0	0.000930378676204	0.000680666650556	0.00763232723553	5.23589731197e-05	7.65246530211e-05	0.00708457182443	0.00350805119902	0.000149021692725	4.43037464859e-05	0.000378595651789	4.0276133169e-06	0	1.61104532676e-05	0.00646431937363	0	0.000559838251049	0.000124856012824	0	0	0	0	0	0	1.61104532676e-05	0	1.20828399507e-05	0	1.20828399507e-05	0	0	2.01380665845e-05	5.63865864366e-05	0	2.01380665845e-05	4.0276133169e-06	4.0276133169e-06	0.000201380665845	6.84694263873e-05	1.20828399507e-05	4.43037464859e-05	0.00011680078619	0.000261794865599	8.0552266338e-06	0	0	0	0	0	5.23589731197e-05	0.00171979088632	0.00229171197732	0.00308917941406	0.000898157769669	5.23589731197e-05	2.41656799014e-05	2.41656799014e-05	0.000100690332923	7.24970397042e-05	4.83313598028e-05	3.22209065352e-05	8.0552266338e-06	0	0
0	2.81932932183e-05	4.0276133169e-06	0	0	4.0276133169e-06	0	0	0	0	0	0.00286363306832	0	0.000527617344514	0	0	0	7.65246530211e-05	0.00568699000346	0.00247295457658	0	0	0	0	0	0.000289988158817	0.00245281650999	0.000257767252282	0	0	0	8.0552266338e-06	0	0	0.000173187372627	0	4.0276133169e-05	0	0	0	0	0	0	0	0	0	1.20828399507e-05	0	2.01380665845e-05	0	0	0	0	4.0276133169e-06	8.0552266338e-06	0	0	4.0276133169e-06	0	0	4.0276133169e-05	2.41656799014e-05	4.0276133169e-05	0	0	0	0	0	0	4.0276133169e-06	1.61104532676e-05	0.000358457585204	0.000209435892479	2.41656799014e-05	0	4.0276133169e-06	1.61104532676e-05	0	1.61104532676e-05	0	0	0	0	0
0	0.000869964476451	0.000447065078176	0	0	0	4.0276133169e-06	0	4.0276133169e-06	0	0	0.00632738052085	0	0.000664556197289	4.0276133169e-06	0	1.20828399507e-05	0.00619446928139	0.00247295457658	0.0224217233352	0	4.0276133169e-05	4.0276133169e-05	0.000237629185697	4.0276133169e-06	0.000668583810606	0.0123325519763	0.00206616563157	4.0276133169e-06	3.62485198521e-05	2.41656799014e-05	1.20828399507e-05	0	4.0276133169e-06	0.00417260739631	0	0.000547755411098	3.62485198521e-05	0	0	0	0	0	0	4.0276133169e-06	0	7.65246530211e-05	0	4.0276133169e-05	0	0	4.0276133169e-06	2.01380665845e-05	8.0552266338e-06	7.24970397042e-05	0	0	2.41656799014e-05	8.0552266338e-06	0	0.000237629185697	0.000136938852775	0.000253739638965	0	0	0	0	0	0	1.61104532676e-05	0.000322209065352	0.00203797233835	0.00196547529865	0.0002859605455	1.20828399507e-05	8.0552266338e-06	5.63865864366e-05	1.61104532676e-05	8.86074929718e-05	1.61104532676e-05	4.0276133169e-06	0	0	4.0276133169e-06
0.000269850092232	0	0	0	0.0039309505973	0	0.00176812224612	0.00219907687103	0.000410816558324	0.000132911239458	0.00584003930951	0	0.0102704139581	0	0.000306098612084	1.20828399507e-05	4.0276133169e-06	0	0	0	0.0184303585381	8.0552266338e-06	1.20828399507e-05	8.0552266338e-06	0.00256156206955	0	0	0	0.00227962913737	0.000197353052528	7.65246530211e-05	0	4.0276133169e-06	8.45798796549e-05	6.44418130704e-05	0	0	0	0	0.00075316369026	0	5.23589731197e-05	1.20828399507e-05	2.41656799014e-05	8.0552266338e-06	0.00022151873243	0	0.000459147918127	0	4.0276133169e-06	0	0	0	0	0	0.000938433902838	0	0	0	2.01380665845e-05	0	0	0	1.20828399507e-05	0	0	0	0	0	0	2.81932932183e-05	8.0552266338e-06	8.0552266338e-06	8.0552266338e-06	3.62485198521e-05	0	0	0	0	0	0	0	0	0
0.000370540425155	7.24970397042e-05	0.00118009070185	0	2.01380665845e-05	0	4.0276133169e-05	0.00140160943428	9.66627196056e-05	0.000567893477683	2.41656799014e-05	1.20828399507e-05	2.41656799014e-05	4.0276133169e-06	0.000185270212577	1.20828399507e-05	0.00416857978299	0.000930378676204	0	4.0276133169e-05	8.0552266338e-06	0.0384194034299	0.00179631553934	0.0205609659828	0.00229976720395	0	0.000112773172873	0.000809550276697	0.00987168023972	0.00209435892479	0.0138066584503	0	0	0.000825660729965	0.00515131743232	1.20828399507e-05	1.20828399507e-05	2.81932932183e-05	0	8.0552266338e-06	0	4.0276133169e-06	4.43037464859e-05	0	0.000241656799014	8.0552266338e-06	0	8.0552266338e-06	0	0	0	4.83313598028e-05	0	0	0	8.0552266338e-06	3.22209065352e-05	0.000245684412331	7.24970397042e-05	0.00011680078619	0	0	2.81932932183e-05	6.84694263873e-05	1.61104532676e-05	2.81932932183e-05	0	0	0	1.61104532676e-05	0.0026219762693	0.00126467058151	0.00187284019236	0.000724970397042	0.000104717946239	1.20828399507e-05	8.0552266338e-06	0.000124856012824	1.20828399507e-05	4.0276133169e-06	0	8.0552266338e-06	0	0
0.000108745559556	0.00213866267127	0.00230782243058	0	1.20828399507e-05	4.0276133169e-06	2.81932932183e-05	0.000757191303577	4.0276133169e-05	0.00235212617707	3.22209065352e-05	8.0552266338e-06	2.41656799014e-05	0	8.86074929718e-05	8.0552266338e-06	0.0051956211788	0.000680666650556	0	4.0276133169e-05	1.20828399507e-05	0.00179631553934	0.0226472696809	0.0039551162772	0.00425718727596	0	0.000273877705549	0.0045512030481	0.00262600388262	0.000612197224169	0.00157479680691	0	0	0.000318181452035	0.00181242599261	1.20828399507e-05	0.000362485198521	0.000418871784958	0	4.0276133169e-05	0	8.0552266338e-06	0.000289988158817	4.0276133169e-06	0.000978710036007	1.20828399507e-05	0	1.61104532676e-05	0	1.20828399507e-05	0	0.000555810637732	0.000132911239458	0	8.0552266338e-06	1.61104532676e-05	0.000209435892479	0.00277099796203	0.000902185382986	0.000483313598028	8.0552266338e-06	4.43037464859e-05	0.000620252450803	0.000378595651789	1.61104532676e-05	0.000136938852775	0	0	4.0276133169e-06	0.00023360157238	0.00131702955463	0.00101898616918	0.000890102543035	0.000318181452035	5.23589731197e-05	1.20828399507e-05	4.0276133169e-06	0.000213463505796	0.000273877705549	0.000112773172873	3.62485198521e-05	4.0276133169e-05	0	4.0276133169e-06
0.000213463505796	0.000507479277929	0.0102099997583	0	1.20828399507e-05	0	4.0276133169e-05	0.000938433902838	5.23589731197e-05	0.000487341211345	1.61104532676e-05	6.84694263873e-05	8.0552266338e-06	4.0276133169e-06	0.000140966466092	8.0552266338e-06	0.00898963292332	0.00763232723553	0	0.000237629185697	8.0552266338e-06	0.0205609659828	0.0039551162772	0.0593468822245	0.00180034315265	1.20828399507e-05	0.000559838251049	0.00763232723553	0.00472036280741	0.00131300194131	0.00759607871567	0	0	0.000535672571148	0.00869561715119	4.0276133169e-06	0.000144994079408	0.000136938852775	0	1.20828399507e-05	0	4.0276133169e-06	8.0552266338e-05	0	0.000257767252282	0	0	4.0276133169e-06	0	0	0	0.000140966466092	4.0276133169e-05	0	4.0276133169e-06	0	6.84694263873e-05	0.000813577890014	0.00022151873243	0.000120828399507	8.0552266338e-06	3.22209065352e-05	0.000181242599261	0.000100690332923	4.0276133169e-06	6.44418130704e-05	0	0	0	4.83313598028e-05	0.00579976317634	0.00361276914526	0.0048613292735	0.00184867451246	0.000185270212577	6.04141997535e-05	2.81932932183e-05	0.000265822478915	4.43037464859e-05	3.22209065352e-05	1.20828399507e-05	8.0552266338e-06	4.0276133169e-06	0
0.000447065078176	2.41656799014e-05	0.000140966466092	0	0.00782968028805	4.0276133169e-06	0.000451092691493	0.00613002746832	0.000314153838718	0.0054332503645	0.00158285203354	4.0276133169e-06	0.00216685596449	0	0.00045512030481	5.23589731197e-05	0.00501840619286	5.23589731197e-05	0	4.0276133169e-06	0.00256156206955	0.00229976720395	0.00425718727596	0.00180034315265	0.0394826933456	0	8.0552266338e-06	0.000173187372627	0.0165454355058	0.00144591318077	0.00238434708361	0	0	0.000612197224169	0.00159090726018	2.01380665845e-05	4.0276133169e-06	1.20828399507e-05	0	0.000386650878422	0	1.61104532676e-05	0.000237629185697	1.20828399507e-05	0.000849826409866	3.22209065352e-05	0	6.44418130704e-05	0	2.01380665845e-05	0	5.23589731197e-05	4.0276133169e-06	0	0	7.24970397042e-05	4.83313598028e-05	0.000189297825894	8.86074929718e-05	0.00120022876844	0	0	1.20828399507e-05	0.000322209065352	1.61104532676e-05	2.81932932183e-05	0	0	4.0276133169e-06	2.81932932183e-05	0.000757191303577	0.00035040235857	0.00033831951862	0.000136938852775	0.000209435892479	8.0552266338e-06	0	6.04141997535e-05	2.01380665845e-05	8.0552266338e-06	0	2.41656799014e-05	0	0
0	0.000261794865599	1.20828399507e-05	0	0	0	0	0	0	0	0	0.00302876521431	0	0.00590850873589	0	0	0	7.65246530211e-05	0.000289988158817	0.000668583810606	0	0	0	1.20828399507e-05	0	0.0111605165011	0.00258572774945	0.00182450883256	0	1.61104532676e-05	0	2.41656799014e-05	4.0276133169e-06	0	0.000374568038472	0	0.000898157769669	2.01380665845e-05	0	0	0	0	0	0	0	0	0.000527617344514	0	0.000390678491739	0	0	4.0276133169e-06	1.20828399507e-05	5.63865864366e-05	0.000161104532676	0	0	0	0	0	0.00177617747275	0.000471230758077	0.000696777103824	0	4.0276133169e-06	0	4.0276133169e-06	0	0	8.45798796549e-05	4.0276133169e-06	0.0012163392217	0.000592059157584	3.62485198521e-05	0	0	0.000571921091	1.20828399507e-05	0.000656500970655	8.86074929718e-05	8.0552266338e-06	0	0	2.01380665845e-05
4.0276133169e-06	0.00348388551912	0.00308515180075	0	0	0	1.20828399507e-05	8.0552266338e-06	8.0552266338e-06	4.0276133169e-06	8.0552266338e-06	0.00786995642122	0	0.00429343579582	0	0	6.04141997535e-05	0.00708457182443	0.00245281650999	0.0123325519763	0	0.000112773172873	0.000273877705549	0.000559838251049	8.0552266338e-06	0.00258572774945	0.0497732453703	0.0159574039616	8.0552266338e-06	3.62485198521e-05	5.23589731197e-05	0.000346374745253	4.0276133169e-06	0	0.00456731350137	0	0.00205408279162	0.000177214985944	0	0	0	0	0	0	8.0552266338e-06	0	0.00023360157238	0	0.000157076919359	0	0	2.41656799014e-05	8.45798796549e-05	3.62485198521e-05	0.000132911239458	0	2.01380665845e-05	9.66627196056e-05	5.63865864366e-05	4.0276133169e-06	0.000873992089767	0.000543727797782	0.000998848102591	4.0276133169e-06	0	4.0276133169e-06	0	4.0276133169e-06	0	7.65246530211e-05	0.000700804717141	0.00331875337313	0.00257767252282	0.000410816558324	2.01380665845e-05	1.20828399507e-05	0.000144994079408	6.04141997535e-05	0.000330264291986	0.000104717946239	2.81932932183e-05	4.0276133169e-06	0	8.0552266338e-06
8.0552266338e-06	0.00556616160396	0.00968238241383	0	0	0	2.01380665845e-05	3.62485198521e-05	1.61104532676e-05	5.63865864366e-05	0	0.00134522284784	0	0.00169965281973	1.61104532676e-05	0	0.00329458769322	0.00350805119902	0.000257767252282	0.00206616563157	0	0.000809550276697	0.0045512030481	0.00763232723553	0.000173187372627	0.00182450883256	0.0159574039616	0.052528132879	0.000358457585204	6.44418130704e-05	0.000326236678669	1.61104532676e-05	0	2.41656799014e-05	0.00266628001579	0	0.00162715578003	0.000422899398275	0	0	0	4.0276133169e-06	1.61104532676e-05	4.0276133169e-06	3.22209065352e-05	0	8.86074929718e-05	0	6.04141997535e-05	4.0276133169e-06	0	0.000136938852775	0.000189297825894	2.01380665845e-05	6.04141997535e-05	0	4.0276133169e-05	0.000745108463627	0.000302070998768	1.20828399507e-05	0.000289988158817	0.000370540425155	0.000861909249817	2.01380665845e-05	4.0276133169e-06	0	0	0	0	9.26351062887e-05	0.00151035499384	0.00240851276351	0.00191311632553	0.000584003930951	5.63865864366e-05	2.01380665845e-05	2.01380665845e-05	0.000120828399507	0.000265822478915	0.00011680078619	4.83313598028e-05	4.0276133169e-06	4.0276133169e-06	0
0.000906212996303	2.01380665845e-05	0.000390678491739	0	0.0036933214116	8.0552266338e-06	0.000789412210113	0.0163964138131	0.000640390517387	0.0022635186841	0.00488146734008	4.0276133169e-06	0.000998848102591	4.0276133169e-06	0.000845798796549	2.41656799014e-05	0.00434176715562	0.000149021692725	0	4.0276133169e-06	0.00227962913737	0.00987168023972	0.00262600388262	0.00472036280741	0.0165454355058	0	8.0552266338e-06	0.000358457585204	0.0499826812627	0.00270655614896	0.00831299388608	0	0	0.00104717946239	0.00300459953441	2.01380665845e-05	8.0552266338e-06	1.61104532676e-05	0	0.000100690332923	0	8.0552266338e-06	0.000193325439211	8.0552266338e-06	0.000821633116648	1.20828399507e-05	0	3.22209065352e-05	0	8.0552266338e-06	4.0276133169e-06	7.24970397042e-05	0	0	0	2.41656799014e-05	4.83313598028e-05	0.00022151873243	0.000112773172873	0.000620252450803	0	0	1.61104532676e-05	0.000265822478915	2.41656799014e-05	5.63865864366e-05	0	0	8.0552266338e-06	6.04141997535e-05	0.00154660351369	0.000700804717141	0.000829688343282	0.000326236678669	0.000181242599261	1.20828399507e-05	4.0276133169e-06	9.66627196056e-05	8.0552266338e-06	1.20828399507e-05	0	1.61104532676e-05	0	0
0.0077451004084	1.20828399507e-05	8.45798796549e-05	0	0.00011680078619	0.000483313598028	0.00418066262294	0.00652070596006	0.00559435489718	0.00102301378249	0.00075316369026	8.86074929718e-05	0.000483313598028	1.20828399507e-05	0.012417131856	0.000330264291986	0.000378595651789	4.43037464859e-05	0	3.62485198521e-05	0.000197353052528	0.00209435892479	0.000612197224169	0.00131300194131	0.00144591318077	1.61104532676e-05	3.62485198521e-05	6.44418130704e-05	0.00270655614896	0.0451173243759	0.00957363685427	0	0.00133716762121	0.00863923056475	0.0099602877327	4.0276133169e-06	4.0276133169e-06	4.0276133169e-06	0	3.62485198521e-05	0	4.0276133169e-06	0.000124856012824	1.20828399507e-05	0.000366512811838	2.01380665845e-05	0	2.41656799014e-05	0	4.0276133169e-06	0	2.41656799014e-05	0	0	0	1.61104532676e-05	1.61104532676e-05	8.86074929718e-05	3.62485198521e-05	0.000289988158817	0	0	4.0276133169e-06	0.000112773172873	1.20828399507e-05	1.61104532676e-05	0	0	4.0276133169e-06	2.01380665845e-05	0.00310931748065	0.000588031544267	0.00306501373416	0.000833715956598	0.00122036683502	0.000833715956598	2.41656799014e-05	8.45798796549e-05	1.61104532676e-05	1.61104532676e-05	8.0552266338e-06	1.20828399507e-05	0	4.0276133169e-06
0.00242865083009	4.83313598028e-05	0.000479285984711	0	7.65246530211e-05	4.0276133169e-06	0.000249712025648	0.00656500970655	0.000575948704317	0.00117203547522	0.000257767252282	4.0276133169e-06	0.000157076919359	0	0.00117203547522	3.22209065352e-05	0.00132105716794	0.000378595651789	0	2.41656799014e-05	7.65246530211e-05	0.0138066584503	0.00157479680691	0.00759607871567	0.00238434708361	0	5.23589731197e-05	0.000326236678669	0.00831299388608	0.00957363685427	0.0360390839596	0	0	0.00239642992356	0.00765649291543	1.20828399507e-05	4.0276133169e-06	8.0552266338e-06	0	4.0276133169e-05	0	0	0.00011680078619	4.0276133169e-06	0.000443037464859	1.20828399507e-05	0	1.20828399507e-05	0	4.0276133169e-06	4.0276133169e-06	4.0276133169e-05	0	0	0	4.0276133169e-06	3.62485198521e-05	0.000165132145993	7.65246530211e-05	0.000310126225401	0	0	1.61104532676e-05	0.000153049306042	1.20828399507e-05	4.0276133169e-05	0	0	0	3.62485198521e-05	0.00296029578792	0.00111162127546	0.00177617747275	0.000720942783725	0.000205408279162	3.22209065352e-05	2.01380665845e-05	0.000112773172873	1.20828399507e-05	2.01380665845e-05	1.20828399507e-05	8.0552266338e-06	0	0
0	0	0	0	0	0	0	0	0	0	0	0.000261794865599	0	0.000382623265106	0	0	0	4.0276133169e-06	8.0552266338e-06	1.20828399507e-05	0	0	0	0	0	2.41656799014e-05	0.000346374745253	1.61104532676e-05	0	0	0	0.000511506891246	0	0	4.0276133169e-06	0	4.0276133169e-06	0	0	0	0	0	0	0	0	0	8.0552266338e-06	0	4.0276133169e-06	0	0	0	0	0	0	0	0	0	0	0	8.0552266338e-06	0	0	0	0	0	0	0	0	0	0	8.0552266338e-06	0	0	0	0	0	0	0	4.0276133169e-06	0	0	0	0
8.0552266338e-06	0	0	0	0	0.000773301756845	0.00051956211788	0	0.000491368824662	0	0	4.0276133169e-06	8.0552266338e-06	4.0276133169e-06	0.000314153838718	3.62485198521e-05	0	0	0	0	4.0276133169e-06	0	0	0	0	4.0276133169e-06	4.0276133169e-06	0	0	0.00133716762121	0	0	0.00276697034871	8.0552266338e-06	0.000555810637732	0	0	0	0	0	0	0	0	0	0	0	0	0	0	0	0	0	0	0	0	0	0	0	0	0	0	0	0	0	0	0	0	0	0	0	1.61104532676e-05	8.0552266338e-06	4.83313598028e-05	2.01380665845e-05	0.000140966466092	0.000483313598028	4.0276133169e-06	0	0	0	0	0	0	0
0.00124050490161	1.20828399507e-05	5.23589731197e-05	0	2.01380665845e-05	1.61104532676e-05	0.000237629185697	0.00184867451246	0.000394706105056	0.000354429971887	0.000217491119113	1.20828399507e-05	8.45798796549e-05	4.0276133169e-06	0.00107537275561	2.01380665845e-05	0.00022151873243	1.61104532676e-05	0	4.0276133169e-06	8.45798796549e-05	0.000825660729965	0.000318181452035	0.000535672571148	0.000612197224169	0	0	2.41656799014e-05	0.00104717946239	0.00863923056475	0.00239642992356	0	8.0552266338e-06	0.0107053961963	0.00438204328879	0	4.0276133169e-06	4.0276133169e-06	0	1.20828399507e-05	0	4.0276133169e-06	3.62485198521e-05	4.0276133169e-06	0.000136938852775	0	0	8.0552266338e-06	0	0	0	1.61104532676e-05	0	0	0	4.0276133169e-06	4.0276133169e-06	3.22209065352e-05	2.01380665845e-05	0.000100690332923	0	0	8.0552266338e-06	2.01380665845e-05	0	4.0276133169e-06	0	0	0	8.0552266338e-06	0.00187284019236	0.000314153838718	0.000986765262641	0.000366512811838	0.000310126225401	4.83313598028e-05	0	4.43037464859e-05	4.0276133169e-06	4.0276133169e-06	4.0276133169e-06	0	0	4.0276133169e-06
0.00141771988755	0.000902185382986	0.00274683228213	0	5.23589731197e-05	0.000539700184465	0.00210241415142	0.00263003149594	0.0019533924587	0.0010713451423	0.00022151873243	0.00342749893268	0.000140966466092	0.000555810637732	0.00217088357781	0.000165132145993	0.00140160943428	0.00646431937363	0.000173187372627	0.00417260739631	6.44418130704e-05	0.00515131743232	0.00181242599261	0.00869561715119	0.00159090726018	0.000374568038472	0.00456731350137	0.00266628001579	0.00300459953441	0.0099602877327	0.00765649291543	4.0276133169e-06	0.000555810637732	0.00438204328879	0.0504337739542	1.20828399507e-05	0.000471230758077	9.26351062887e-05	0	2.81932932183e-05	0	8.0552266338e-06	9.26351062887e-05	4.0276133169e-06	0.000370540425155	0	4.0276133169e-05	1.61104532676e-05	2.81932932183e-05	0	4.0276133169e-06	6.44418130704e-05	2.81932932183e-05	0	2.41656799014e-05	4.0276133169e-06	2.41656799014e-05	0.000265822478915	0.000149021692725	0.00023360157238	0.000112773172873	9.66627196056e-05	0.000217491119113	0.000124856012824	4.0276133169e-06	3.62485198521e-05	0	0	0	0.000120828399507	0.0109027492489	0.00592059157584	0.0191875498417	0.00461967247449	0.00124856012824	0.00128078103477	0.000261794865599	0.000463175531444	9.66627196056e-05	0.000108745559556	8.0552266338e-05	2.41656799014e-05	4.0276133169e-06	4.0276133169e-06
4.0276133169e-06	0	0	0	0	0	0	4.0276133169e-06	0	6.44418130704e-05	0	0	0	0	0	0	0	0	0	0	0	1.20828399507e-05	1.20828399507e-05	4.0276133169e-06	2.01380665845e-05	0	0	0	2.01380665845e-05	4.0276133169e-06	1.20828399507e-05	0	0	0	1.20828399507e-05	0.014869948366	4.0276133169e-06	3.62485198521e-05	0	0.000149021692725	8.0552266338e-06	0.00115592502195	0.00464383815439	0.00215074551122	0.000217491119113	0.000229573959063	0	0.000579976317634	0	0.004575368728	6.04141997535e-05	5.23589731197e-05	1.20828399507e-05	0	0	0.000241656799014	9.26351062887e-05	6.44418130704e-05	0.00016915975931	0.00092232344957	0	0	2.41656799014e-05	0.000648445744021	0.00540505707128	0.000849826409866	0	2.41656799014e-05	0.000511506891246	0.00138549898101	8.0552266338e-06	4.0276133169e-06	0	0	0	0	0	0.000584003930951	2.81932932183e-05	0.000495396437979	0.000112773172873	0.000785384596796	6.04141997535e-05	0
0	0.00323014588015	0.000559838251049	0	0	0	4.0276133169e-06	4.0276133169e-06	4.0276133169e-06	1.20828399507e-05	0	0.000426927011591	0	0.00033831951862	4.0276133169e-06	0	2.01380665845e-05	0.000559838251049	4.0276133169e-05	0.000547755411098	0	1.20828399507e-05	0.000362485198521	0.000144994079408	4.0276133169e-06	0.000898157769669	0.00205408279162	0.00162715578003	8.0552266338e-06	4.0276133169e-06	4.0276133169e-06	4.0276133169e-06	0	4.0276133169e-06	0.000471230758077	4.0276133169e-06	0.0182652263921	0.0019775581386	0	0	0	4.0276133169e-06	2.01380665845e-05	4.0276133169e-06	6.04141997535e-05	0	0.000829688343282	0	0.000535672571148	4.0276133169e-06	0	0.000177214985944	0.00104315184908	0.000241656799014	0.000813577890014	0	0.000104717946239	0.00200977904513	0.00063636290407	3.22209065352e-05	0.00388664685081	0.00401955809027	0.00927156585551	2.41656799014e-05	4.0276133169e-06	3.22209065352e-05	1.61104532676e-05	4.0276133169e-06	0	0.000777329370162	9.66627196056e-05	0.000374568038472	0.000249712025648	4.43037464859e-05	0	0	8.0552266338e-06	0.000298043385451	0.00159493487349	0.000837743569915	0.000249712025648	1.20828399507e-05	1.61104532676e-05	2.41656799014e-05
4.0276133169e-06	0.000487341211345	0.000281932932183	0	0	0	4.0276133169e-06	0	4.0276133169e-06	1.20828399507e-05	0	2.01380665845e-05	0	4.0276133169e-06	4.0276133169e-06	0	2.81932932183e-05	0.000124856012824	0	3.62485198521e-05	0	2.81932932183e-05	0.000418871784958	0.000136938852775	1.20828399507e-05	2.01380665845e-05	0.000177214985944	0.000422899398275	1.61104532676e-05	4.0276133169e-06	8.0552266338e-06	0	0	4.0276133169e-06	9.26351062887e-05	3.62485198521e-05	0.0019775581386	0.0322007684686	0	1.20828399507e-05	0	1.20828399507e-05	0.000362485198521	1.20828399507e-05	0.000157076919359	0	0.000124856012824	8.0552266338e-06	4.0276133169e-06	4.0276133169e-06	4.0276133169e-06	0.00158687964686	0.00697179865156	5.23589731197e-05	0.000443037464859	4.0276133169e-06	0.00244878889668	0.00260586581603	0.0117203547522	0.000201380665845	7.65246530211e-05	0.00671403139927	0.0100045914792	0.000410816558324	4.83313598028e-05	0.00104315184908	0	0	1.20828399507e-05	0.00376179083799	4.43037464859e-05	0.00011680078619	8.45798796549e-05	4.0276133169e-05	0	4.0276133169e-06	4.0276133169e-06	0.00212657983132	0.00305695850753	0.0030730689608	0.00134925046116	0.000273877705549	0.000108745559556	1.20828399507e-05
0	0	0	0	0	0	0	0	0	0	0	0	0	0	0	0	0	0	0	0	0	0	0	0	0	0	0	0	0	0	0	0	0	0	0	0	0	0	0	0	0	0	0	0	0	0	0	0	0	0	0	0	0	0	0	0	0	0	0	0	0	0	0	0	0	0	0	0	0	0	0	0	0	0	0	0	0	0	0	0	0	0	0	0
1.20828399507e-05	0	0	0	0.00316167645377	0	4.0276133169e-06	0.000128883626141	4.0276133169e-06	0.000426927011591	1.20828399507e-05	0	0.000112773172873	0	4.0276133169e-06	4.0276133169e-06	8.0552266338e-06	0	0	0	0.00075316369026	8.0552266338e-06	4.0276133169e-05	1.20828399507e-05	0.000386650878422	0	0	0	0.000100690332923	3.62485198521e-05	4.0276133169e-05	0	0	1.20828399507e-05	2.81932932183e-05	0.000149021692725	0	1.20828399507e-05	0	0.0183860547917	0	0.000749136076944	0.00132911239458	0.000201380665845	0.0014298027275	0.00413233126314	0	0.00294821294797	0	0.000128883626141	3.22209065352e-05	5.23589731197e-05	4.0276133169e-06	0	0	0.00830493865945	2.81932932183e-05	8.0552266338e-05	5.63865864366e-05	0.00834521479262	0	0	0	0.00306501373416	7.24970397042e-05	7.24970397042e-05	0	0	5.23589731197e-05	0.000144994079408	4.0276133169e-06	0	0	0	2.41656799014e-05	0	0	6.84694263873e-05	2.01380665845e-05	5.23589731197e-05	1.61104532676e-05	0.000120828399507	4.0276133169e-06	0
0	0	0	0	0	0	0	0	0	0	0	0	0	0	0	0	0	0	0	0	0	0	0	0	0	0	0	0	0	0	0	0	0	0	0	8.0552266338e-06	0	0	0	0	0.00270655614896	0.00063636290407	0	0.00113578695537	0	0	0	0	0	0.000140966466092	0.000479285984711	0	0	0	0	0	0	0	0	0	0	0	0	0	0.000100690332923	0	0	0.000692749490507	0	7.24970397042e-05	0	0	0	0	0	0	0	4.0276133169e-06	0	1.20828399507e-05	0	0.000789412210113	0.00023360157238	0
4.0276133169e-06	4.0276133169e-06	0	0	6.44418130704e-05	0	0	1.20828399507e-05	0	6.44418130704e-05	4.0276133169e-06	0	0.000100690332923	0	4.0276133169e-06	0	0	0	0	0	5.23589731197e-05	4.0276133169e-06	8.0552266338e-06	4.0276133169e-06	1.61104532676e-05	0	0	4.0276133169e-06	8.0552266338e-06	4.0276133169e-06	0	0	0	4.0276133169e-06	8.0552266338e-06	0.00115592502195	4.0276133169e-06	1.20828399507e-05	0	0.000749136076944	0.00063636290407	0.0353543896958	0.00287974352158	0.016001707708	0.000406788945007	0.00709665466438	2.41656799014e-05	0.0102986072513	4.0276133169e-06	0.00461564486117	0.000737053236993	4.43037464859e-05	4.0276133169e-06	0	0	0.00312542793391	5.63865864366e-05	1.61104532676e-05	6.84694263873e-05	0.0011921735418	0	1.20828399507e-05	8.0552266338e-06	0.000733025623676	0.00270252853564	9.66627196056e-05	0	0.000640390517387	0.000140966466092	0.00134522284784	0	0	4.0276133169e-06	0	4.0276133169e-06	0	0	0.00022151873243	2.41656799014e-05	0.000620252450803	0.000124856012824	0.00205811040494	0.00033831951862	0
