0.0205501573328	0	2.76831935332e-05	0	0.000272218069743	5.07525214775e-05	0.00202548699351	0.00918159252185	0.00636252064705	0.000364495381521	0.0016563777464	2.30693279443e-05	0.000198396220321	4.61386558887e-06	0.00695770930801	5.99802526553e-05	0.000193782354732	3.69109247109e-05	0	4.61386558887e-06	0.000235307145032	0.000549050005075	0.000267604204154	0.000498297483598	0.000848951268352	0	0	5.99802526553e-05	0.00189629875702	0.00739602653895	0.00336812187987	0	4.61386558887e-06	0.000512139080364	0.00115808026281	0	0	0	0	0	0	4.61386558887e-06	1.84554623555e-05	4.61386558887e-06	0.000156871430022	0	0	9.22773117774e-06	0	0	4.61386558887e-06	2.30693279443e-05	0	0	0	4.61386558887e-06	0	4.15247902998e-05	9.22773117774e-06	6.9207983833e-05	4.61386558887e-06	4.61386558887e-06	0	1.84554623555e-05	4.61386558887e-06	2.30693279443e-05	0	0	4.61386558887e-06	9.22773117774e-06	0.00131956555842	0.000175326892377	0.000798198746874	0.00028605966651	0.000632099585675	6.45941182441e-05	0	4.61386558887e-06	0	4.61386558887e-06	4.61386558887e-06	9.22773117774e-06	0	0
0	0.0120468030525	0.00192859581615	0	0	4.61386558887e-06	9.22773117774e-06	2.76831935332e-05	0	9.22773117774e-06	4.61386558887e-06	0.000346039919165	0	3.22970591221e-05	0	1.84554623555e-05	0.000110732774133	0.00106580295103	3.69109247109e-05	0.00069207983833	0	0.000189168489144	0.001739427327	0.000812040343641	4.61386558887e-06	0.000212237817088	0.00213160590206	0.00531055929279	1.38415967666e-05	9.22773117774e-06	0.000106118908544	0	0	4.61386558887e-06	0.000927386983362	0	0.00146720925726	0.000276831935332	0	0	0	0	0	4.61386558887e-06	4.61386558887e-06	0	8.76634461885e-05	0	1.38415967666e-05	0	0	1.84554623555e-05	9.22773117774e-05	9.22773117774e-06	8.76634461885e-05	0	1.84554623555e-05	0.000138415967666	0.000106118908544	9.22773117774e-06	0.000258376472977	0.000401406306231	0.000899703789829	1.84554623555e-05	0	4.61386558887e-06	0	0	0	6.45941182441e-05	0.000373723112698	0.00107503068221	0.000645941182441	0.000235307145032	2.76831935332e-05	4.61386558887e-06	9.22773117774e-06	5.53663870664e-05	0.000115346639722	8.30495805996e-05	3.69109247109e-05	4.61386558887e-06	0	4.61386558887e-06
2.76831935332e-05	0.00192859581615	0.0234799619817	0	0	4.61386558887e-06	2.30693279443e-05	0.000147643698844	2.30693279443e-05	1.84554623555e-05	9.22773117774e-06	0.000179940757966	0	9.22773117774e-06	4.61386558887e-06	2.76831935332e-05	0.000299901263276	0.00381566684199	1.84554623555e-05	0.000945842445718	0	0.00121806051546	0.000858178999529	0.00726683830247	3.69109247109e-05	3.22970591221e-05	0.00255608153623	0.0101735736235	0.000175326892377	5.99802526553e-05	0.000715149166274	0	0	1.38415967666e-05	0.00255608153623	0	0.00069207983833	0.000212237817088	0	0	0	0	0	0	4.61386558887e-06	0	0	0	0	0	0	3.22970591221e-05	5.99802526553e-05	0	9.22773117774e-06	0	1.84554623555e-05	0.00028605966651	0.000133802102077	4.61386558887e-06	3.22970591221e-05	0.000129188236488	0.000590574795375	1.38415967666e-05	0	9.22773117774e-06	0	0	0	2.76831935332e-05	0.00125497144017	0.00257915086418	0.00209930884293	0.000673624375975	0.000110732774133	3.22970591221e-05	9.22773117774e-06	5.07525214775e-05	7.38218494219e-05	3.22970591221e-05	1.84554623555e-05	0	4.61386558887e-06	0
0	0	0	0	0	0	0	0	0	0	0	0	0	0	0	0	0	0	0	0	0	0	0	0	0	0	0	0	0	0	0	0	0	0	0	0	0	0	0	0	0	0	0	0	0	0	0	0	0	0	0	0	0	0	0	0	0	0	0	0	0	0	0	0	0	0	0	0	0	0	0	0	0	0	0	0	0	0	0	0	0	0	0	0
0.000272218069743	0	0	0	0.0151657761906	4.61386558887e-06	0.000299901263276	0.00272679456302	0.00020301008591	0.000175326892377	0.00449390508356	0	0.00129649623047	0	0.000133802102077	4.61386558887e-06	1.38415967666e-05	0	0	0	0.00373261726139	1.84554623555e-05	3.22970591221e-05	5.07525214775e-05	0.00271756683184	0	0	0	0.00853103747382	7.38218494219e-05	0.000119960505311	0	0	2.30693279443e-05	2.76831935332e-05	1.38415967666e-05	0	0	0	0.000147643698844	0	4.61386558887e-06	9.22773117774e-06	9.22773117774e-06	2.30693279443e-05	9.22773117774e-06	0	9.22773117774e-06	0	4.61386558887e-06	0	0	0	0	0	4.61386558887e-06	0	9.22773117774e-06	4.61386558887e-06	3.22970591221e-05	0	0	0	1.84554623555e-05	9.22773117774e-06	4.61386558887e-06	0	0	0	4.61386558887e-06	6.9207983833e-05	9.22773117774e-06	3.69109247109e-05	2.30693279443e-05	5.53663870664e-05	0	0	0	0	0	0	4.61386558887e-06	0	0
5.07525214775e-05	4.61386558887e-06	4.61386558887e-06	0	4.61386558887e-06	0.00540283660456	0.00358497356255	3.22970591221e-05	0.00147643698844	0	9.22773117774e-06	1.84554623555e-05	0	0	0.000701307569508	0.000821268074818	4.61386558887e-06	0	0	9.22773117774e-06	0	4.61386558887e-06	4.61386558887e-06	9.22773117774e-06	9.22773117774e-06	0	0	0	1.84554623555e-05	0.000253762607388	4.61386558887e-06	0	0.000470614290065	0	0.000544436139486	0	0	0	0	0	0	0	0	0	0	0	0	0	0	0	0	0	0	0	0	0	0	0	0	0	0	0	0	0	0	0	0	0	0	0	4.61386558887e-05	0	0.000221465548266	2.76831935332e-05	0.000613644123319	0.000853565133941	0	0	0	0	0	0	0	0
0.00202548699351	9.22773117774e-06	2.30693279443e-05	0	0.000299901263276	0.00358497356255	0.0388810453174	0.00447083575561	0.0178787291569	0.000106118908544	0.00743293746367	6.45941182441e-05	0.00444315256208	4.61386558887e-06	0.00491376685214	0.00195166514409	4.61386558887e-05	1.84554623555e-05	0	1.84554623555e-05	0.00135647648313	0.000119960505311	5.53663870664e-05	0.000110732774133	0.000438317230942	4.61386558887e-06	1.84554623555e-05	9.22773117774e-06	0.00116730799398	0.00206701178381	0.000392178575054	0	0.000641327316853	5.99802526553e-05	0.00194243741291	0	4.61386558887e-06	9.22773117774e-06	0	0	0	0	0	4.61386558887e-06	3.22970591221e-05	4.61386558887e-06	0	1.38415967666e-05	0	4.61386558887e-06	0	0	0	0	0	9.22773117774e-06	0	9.22773117774e-06	4.61386558887e-06	2.30693279443e-05	0	4.61386558887e-06	0	4.61386558887e-06	0	4.61386558887e-06	0	0	0	4.61386558887e-06	0.000724376897452	7.38218494219e-05	0.0014072290046	0.000318356725632	0.00264835884801	0.000752060090985	4.61386558887e-06	4.61386558887e-06	4.61386558887e-06	0	0	4.61386558887e-06	0	0
0.00918159252185	2.76831935332e-05	0.000147643698844	0	0.00272679456302	3.22970591221e-05	0.00447083575561	0.0527964639334	0.00566582694313	0.00179479371407	0.0127111996973	3.22970591221e-05	0.00115346639722	9.22773117774e-06	0.0041432512988	0.000115346639722	0.000830495805996	0.000124574370899	0	3.22970591221e-05	0.00164715001523	0.00216851682677	0.00097813950484	0.00167483320876	0.00707766981332	4.61386558887e-06	2.30693279443e-05	0.000221465548266	0.0177864518451	0.00241766556857	0.011290129096	0	4.61386558887e-06	0.00024453487621	0.0019055264882	2.76831935332e-05	4.61386558887e-06	1.84554623555e-05	0	1.84554623555e-05	0	2.30693279443e-05	0.000101505042955	1.84554623555e-05	0.000636713451264	2.76831935332e-05	0	3.22970591221e-05	0	3.69109247109e-05	4.61386558887e-06	7.38218494219e-05	0	0	0	3.22970591221e-05	4.15247902998e-05	0.000226079413855	5.99802526553e-05	0.000364495381521	0	0	4.61386558887e-06	0.000156871430022	4.61386558887e-05	8.30495805996e-05	0	0	3.22970591221e-05	5.07525214775e-05	0.00225156640737	0.000378336978287	0.00131495169283	0.000525980677131	0.000913545386596	5.53663870664e-05	0	5.99802526553e-05	1.38415967666e-05	1.84554623555e-05	1.38415967666e-05	6.45941182441e-05	4.61386558887e-06	4.61386558887e-06
0.00636252064705	0	2.30693279443e-05	0	0.00020301008591	0.00147643698844	0.0178787291569	0.00566582694313	0.0419077411437	0.000166099161199	0.00361265675608	2.76831935332e-05	0.00057211933302	4.61386558887e-06	0.0165730051952	0.000258376472977	7.38218494219e-05	9.22773117774e-06	0	4.61386558887e-06	0.000433703365354	0.000235307145032	0.000152257564433	0.000212237817088	0.000521366811542	0	9.22773117774e-06	4.61386558887e-06	0.00125497144017	0.00329430003045	0.00093661471454	0	0.000585960929786	0.000124574370899	0.00209930884293	0	4.61386558887e-06	9.22773117774e-06	0	0	0	0	9.22773117774e-06	4.61386558887e-06	6.45941182441e-05	0	0	9.22773117774e-06	0	0	0	4.61386558887e-06	0	0	0	4.61386558887e-06	0	1.38415967666e-05	4.61386558887e-06	2.30693279443e-05	0	4.61386558887e-06	0	4.61386558887e-06	0	9.22773117774e-06	0	0	4.61386558887e-06	9.22773117774e-06	0.000950456311307	0.000115346639722	0.00137493194548	0.000346039919165	0.00193782354732	0.000452158827709	4.61386558887e-06	4.61386558887e-06	4.61386558887e-06	4.61386558887e-06	4.61386558887e-06	9.22773117774e-06	0	0
0.000364495381521	9.22773117774e-06	1.84554623555e-05	0	0.000175326892377	0	0.000106118908544	0.00179479371407	0.000166099161199	0.0130341702886	0.000170713026788	0	0.00118576345634	0	0.000115346639722	0.000281445800921	0.000770515553341	1.84554623555e-05	0	0	0.000106118908544	0.000318356725632	0.00232538825679	0.000442931096531	0.00655630300178	0	0	0.000106118908544	0.0021962000203	0.000147643698844	0.000627485720086	0	0	2.30693279443e-05	0.000230693279443	4.15247902998e-05	0	1.84554623555e-05	0	3.22970591221e-05	0	2.76831935332e-05	0.000230693279443	1.38415967666e-05	0.00191475421938	3.69109247109e-05	0	5.53663870664e-05	0	5.53663870664e-05	4.61386558887e-06	0.000147643698844	4.61386558887e-06	0	0	8.30495805996e-05	8.76634461885e-05	0.000424475634176	0.000106118908544	0.00093661471454	0	0	2.76831935332e-05	0.00044754496212	7.38218494219e-05	0.000198396220321	0	0	6.45941182441e-05	0.000133802102077	0.00032758445681	6.45941182441e-05	0.000175326892377	7.84357150108e-05	0.000848951268352	0	4.61386558887e-06	0.000138415967666	1.84554623555e-05	4.61386558887e-05	2.76831935332e-05	0.000110732774133	1.38415967666e-05	0
0.0016563777464	4.61386558887e-06	9.22773117774e-06	0	0.00449390508356	9.22773117774e-06	0.00743293746367	0.0127111996973	0.00361265675608	0.000170713026788	0.0416862755954	0	0.00517214332512	0	0.00137954581107	3.22970591221e-05	2.30693279443e-05	9.22773117774e-06	0	0	0.00850335428028	7.38218494219e-05	4.15247902998e-05	8.30495805996e-05	0.00119499118752	0	0	1.38415967666e-05	0.00938921647335	0.000336812187987	0.000419861768587	0	4.61386558887e-06	3.69109247109e-05	0.000262990338565	0	0	0	0	1.84554623555e-05	0	4.61386558887e-06	1.38415967666e-05	0	6.9207983833e-05	0	0	4.61386558887e-06	0	0	4.61386558887e-06	9.22773117774e-06	0	0	0	4.61386558887e-06	0	1.38415967666e-05	0	4.15247902998e-05	0	0	0	1.84554623555e-05	4.61386558887e-06	4.61386558887e-06	0	0	0	0	0.00020301008591	2.30693279443e-05	0.000189168489144	8.30495805996e-05	0.000207623951499	1.84554623555e-05	0	9.22773117774e-06	0	0	0	3.22970591221e-05	0	0
2.30693279443e-05	0.000346039919165	0.000179940757966	0	0	1.84554623555e-05	6.45941182441e-05	3.22970591221e-05	2.76831935332e-05	0	0	0.0338473179599	0	0.00534285635191	4.15247902998e-05	9.22773117774e-06	1.38415967666e-05	0.00105196135426	0.00297594330482	0.00716071939392	0	7.38218494219e-05	1.84554623555e-05	0.000152257564433	9.22773117774e-06	0.00332198322398	0.0104411778276	0.00279138868126	1.38415967666e-05	3.22970591221e-05	6.45941182441e-05	0.000456772693298	0	0	0.00641327316853	0	0.000350653784754	1.84554623555e-05	0	0	0	0	0	0	0	0	0.000276831935332	0	0.000226079413855	0	0	0	4.61386558887e-06	5.53663870664e-05	0.000106118908544	0	0	4.61386558887e-06	9.22773117774e-06	0	0.000945842445718	0.000262990338565	0.000336812187987	0	0	0	9.22773117774e-06	0	0	1.38415967666e-05	0.000498297483598	0.00561968828724	0.00699462023272	0.000853565133941	9.68911773662e-05	5.53663870664e-05	0.00129649623047	9.22773117774e-06	0.000119960505311	2.76831935332e-05	0	0	0	2.30693279443e-05
0.000198396220321	0	0	0	0.00129649623047	0	0.00444315256208	0.00115346639722	0.00057211933302	0.00118576345634	0.00517214332512	0	0.0233600014764	0	0.000133802102077	0.00106118908544	1.38415967666e-05	0	0	0	0.0102658509352	1.38415967666e-05	9.22773117774e-06	1.38415967666e-05	0.000396792440643	0	0	0	0.000613644123319	0.000101505042955	6.45941182441e-05	0	0	9.22773117774e-06	7.84357150108e-05	0	0	0	0	9.22773117774e-06	0	4.61386558887e-05	0	0	2.30693279443e-05	0.000143029833255	0	0.00130572396165	0	0	0	4.61386558887e-06	0	0	0	6.9207983833e-05	0	0	0	2.30693279443e-05	0	0	0	4.61386558887e-06	0	4.61386558887e-06	0	0	0	4.61386558887e-06	0.000138415967666	4.61386558887e-06	7.84357150108e-05	9.22773117774e-06	0.00139800127343	0	0	4.61386558887e-06	0	4.61386558887e-06	0	9.22773117774e-06	0	0
4.61386558887e-06	3.22970591221e-05	9.22773117774e-06	0	0	0	4.61386558887e-06	9.22773117774e-06	4.61386558887e-06	0	0	0.00534285635191	0	0.00883093873709	0	0	0	4.61386558887e-05	9.22773117774e-05	0.00028605966651	0	9.22773117774e-06	0	9.22773117774e-06	0	0.00253762607388	0.00141645673578	0.000830495805996	0	0	4.61386558887e-06	0.000498297483598	0	0	0.00028605966651	0	5.07525214775e-05	4.61386558887e-06	0	0	0	0	0	0	0	0	0.000230693279443	0	0.000715149166274	0	0	0	0	2.76831935332e-05	2.30693279443e-05	0	0	0	0	0	0.000341426053576	6.9207983833e-05	6.45941182441e-05	0	0	0	4.61386558887e-06	0	0	4.61386558887e-06	2.76831935332e-05	0.00119499118752	0.000752060090985	4.15247902998e-05	0	0	0.000576733198608	0	4.61386558887e-05	2.30693279443e-05	0	0	0	1.38415967666e-05
0.00695770930801	0	4.61386558887e-06	0	0.000133802102077	0.000701307569508	0.00491376685214	0.0041432512988	0.0165730051952	0.000115346639722	0.00137954581107	4.15247902998e-05	0.000133802102077	0	0.0282876099253	8.30495805996e-05	5.99802526553e-05	1.38415967666e-05	0	4.61386558887e-06	0.000129188236488	0.000212237817088	8.30495805996e-05	0.00020301008591	0.000304515128865	0	4.61386558887e-06	3.69109247109e-05	0.000752060090985	0.00736834334542	0.00100120883278	0	0.000175326892377	0.000207623951499	0.00160562522493	0	4.61386558887e-06	4.61386558887e-06	0	0	0	0	9.22773117774e-06	4.61386558887e-06	6.45941182441e-05	0	0	0	0	0	0	1.38415967666e-05	0	0	0	4.61386558887e-06	0	1.38415967666e-05	4.61386558887e-06	3.69109247109e-05	0	4.61386558887e-06	0	0	0	0	0	0	0	0	0.00057211933302	5.07525214775e-05	0.000867406730707	0.000198396220321	0.000830495805996	0.00028605966651	0	0	0	0	0	0	0	0
5.99802526553e-05	1.84554623555e-05	2.76831935332e-05	0	4.61386558887e-06	0.000821268074818	0.00195166514409	0.000115346639722	0.000258376472977	0.000281445800921	3.22970591221e-05	9.22773117774e-06	0.00106118908544	0	8.30495805996e-05	0.00779743284519	4.61386558887e-05	1.38415967666e-05	0	2.30693279443e-05	2.76831935332e-05	0.000119960505311	4.61386558887e-05	0.00016148529561	0.000106118908544	0	9.22773117774e-06	6.45941182441e-05	6.9207983833e-05	7.38218494219e-05	0.000119960505311	0	9.22773117774e-06	9.22773117774e-06	0.000410634037409	0	0	4.61386558887e-06	0	0	0	0	0	0	4.61386558887e-06	0	0	4.61386558887e-06	0	0	0	4.61386558887e-06	0	0	0	0	0	9.22773117774e-06	9.22773117774e-06	9.22773117774e-06	4.61386558887e-06	4.61386558887e-06	1.84554623555e-05	0	0	0	0	0	0	2.76831935332e-05	0.00134263488636	0.000119960505311	0.000549050005075	0.000433703365354	0.00300824036394	3.69109247109e-05	0	0.000101505042955	9.22773117774e-06	5.53663870664e-05	8.76634461885e-05	2.30693279443e-05	1.38415967666e-05	9.22773117774e-06
0.000193782354732	0.000110732774133	0.000299901263276	0	1.38415967666e-05	4.61386558887e-06	4.61386558887e-05	0.000830495805996	7.38218494219e-05	0.000770515553341	2.30693279443e-05	1.38415967666e-05	1.38415967666e-05	0	5.99802526553e-05	4.61386558887e-05	0.0184277791619	0.000110732774133	0	1.38415967666e-05	4.61386558887e-06	0.00350192398195	0.0053474702175	0.00812963116758	0.00413863743321	0	1.84554623555e-05	0.00324816137456	0.0031512701972	0.000138415967666	0.00140261513902	0	0	1.38415967666e-05	0.00100120883278	9.22773117774e-06	2.30693279443e-05	1.84554623555e-05	0	0	0	4.61386558887e-06	4.15247902998e-05	4.61386558887e-06	0.000129188236488	1.38415967666e-05	0	0	0	9.22773117774e-06	0	9.22773117774e-05	4.61386558887e-06	0	0	0	4.15247902998e-05	0.000410634037409	6.9207983833e-05	6.45941182441e-05	0	0	7.84357150108e-05	0.000101505042955	2.30693279443e-05	5.53663870664e-05	0	0	1.84554623555e-05	3.22970591221e-05	0.000955070176896	0.000535208408309	0.000613644123319	0.000281445800921	0.000156871430022	4.61386558887e-06	0	5.07525214775e-05	1.38415967666e-05	9.22773117774e-06	1.38415967666e-05	0	0	0
3.69109247109e-05	0.00106580295103	0.00381566684199	0	0	0	1.84554623555e-05	0.000124574370899	9.22773117774e-06	1.84554623555e-05	9.22773117774e-06	0.00105196135426	0	4.61386558887e-05	1.38415967666e-05	1.38415967666e-05	0.000110732774133	0.023466120385	9.68911773662e-05	0.00716071939392	0	0.00164253614964	0.00032758445681	0.00830495805996	2.30693279443e-05	0.000147643698844	0.00387103322906	0.00284214120274	9.68911773662e-05	9.22773117774e-05	0.000784357150108	4.61386558887e-06	0	7.38218494219e-05	0.00767285847429	0	0.000433703365354	6.9207983833e-05	0	0	0	0	0	0	4.61386558887e-06	0	9.22773117774e-06	0	4.61386558887e-06	0	0	4.61386558887e-06	1.38415967666e-05	0	1.84554623555e-05	0	4.61386558887e-06	8.76634461885e-05	3.69109247109e-05	4.61386558887e-06	5.53663870664e-05	0.000115346639722	0.000272218069743	0	0	4.61386558887e-06	0	0	0	2.76831935332e-05	0.0017809521173	0.00317433952514	0.00434164751912	0.00131495169283	0.000156871430022	2.76831935332e-05	9.22773117774e-06	3.69109247109e-05	4.61386558887e-05	1.84554623555e-05	1.84554623555e-05	4.61386558887e-06	4.61386558887e-06	0
0	3.69109247109e-05	1.84554623555e-05	0	0	0	0	0	0	0	0	0.00297594330482	0	9.22773117774e-05	0	0	0	9.68911773662e-05	0.00459541012651	0.00216851682677	0	4.61386558887e-06	0	9.22773117774e-06	0	0.000198396220321	0.00200703153116	0.000304515128865	0	0	0	1.38415967666e-05	0	0	0.000276831935332	0	5.99802526553e-05	0	0	0	0	0	0	0	0	0	1.84554623555e-05	0	1.84554623555e-05	0	0	0	0	9.22773117774e-06	1.38415967666e-05	0	0	4.61386558887e-06	4.61386558887e-06	0	9.22773117774e-05	2.76831935332e-05	4.61386558887e-05	0	0	0	4.61386558887e-06	0	0	0	3.22970591221e-05	0.000221465548266	0.000276831935332	5.07525214775e-05	0	0	4.61386558887e-06	0	4.61386558887e-06	0	0	0	0	0
4.61386558887e-06	0.00069207983833	0.000945842445718	0	0	9.22773117774e-06	1.84554623555e-05	3.22970591221e-05	4.61386558887e-06	0	0	0.00716071939392	0	0.00028605966651	4.61386558887e-06	2.30693279443e-05	1.38415967666e-05	0.00716071939392	0.00216851682677	0.0208131476714	0	0.000221465548266	5.07525214775e-05	0.000756673956574	4.61386558887e-06	0.000567505467431	0.00947226605395	0.00233461598797	3.69109247109e-05	9.22773117774e-06	0.000143029833255	2.76831935332e-05	0	1.38415967666e-05	0.00503372735745	0	0.000419861768587	3.69109247109e-05	0	0	0	0	0	0	0	0	7.84357150108e-05	0	5.99802526553e-05	0	0	0	9.22773117774e-06	9.22773117774e-06	5.07525214775e-05	0	4.61386558887e-06	1.38415967666e-05	2.30693279443e-05	0	0.000350653784754	0.00020301008591	0.000295287397688	0	0	0	0	0	0	9.22773117774e-06	0.000664396644797	0.00235768531591	0.00310051767572	0.000705921435097	5.99802526553e-05	1.38415967666e-05	1.84554623555e-05	1.84554623555e-05	4.15247902998e-05	2.76831935332e-05	9.22773117774e-06	4.61386558887e-06	0	4.61386558887e-06
0.000235307145032	0	0	0	0.00373261726139	0	0.00135647648313	0.00164715001523	0.000433703365354	0.000106118908544	0.00850335428028	0	0.0102658509352	0	0.000129188236488	2.76831935332e-05	4.61386558887e-06	0	0	0	0.0198350081665	1.38415967666e-05	0	1.38415967666e-05	0.000378336978287	0	0	0	0.00210853657411	7.84357150108e-05	7.84357150108e-05	0	0	4.61386558887e-06	3.69109247109e-05	0	0	0	0	9.22773117774e-06	0	0	4.61386558887e-06	0	0	0	0	0	0	0	0	0	0	0	0	0	0	0	0	4.61386558887e-06	0	0	0	1.38415967666e-05	0	0	0	0	0	0	3.69109247109e-05	9.22773117774e-06	4.15247902998e-05	4.61386558887e-06	7.84357150108e-05	4.61386558887e-06	0	0	0	0	0	0	0	0
0.000549050005075	0.000189168489144	0.00121806051546	0	1.84554623555e-05	4.61386558887e-06	0.000119960505311	0.00216851682677	0.000235307145032	0.000318356725632	7.38218494219e-05	7.38218494219e-05	1.38415967666e-05	9.22773117774e-06	0.000212237817088	0.000119960505311	0.00350192398195	0.00164253614964	4.61386558887e-06	0.000221465548266	1.38415967666e-05	0.0411141562624	0.00175326892377	0.0196089287527	0.00122267438105	1.84554623555e-05	0.000207623951499	0.00143491219814	0.00615951056114	0.00137493194548	0.0143814190405	0	0	0.000719763031863	0.00840184923733	4.61386558887e-06	6.9207983833e-05	2.30693279443e-05	0	4.61386558887e-06	0	0	2.76831935332e-05	4.61386558887e-06	7.84357150108e-05	4.61386558887e-06	0	0	0	4.61386558887e-06	0	5.99802526553e-05	4.61386558887e-06	0	0	4.61386558887e-06	2.76831935332e-05	0.000309128994454	5.99802526553e-05	7.84357150108e-05	0	9.22773117774e-06	8.76634461885e-05	8.76634461885e-05	9.22773117774e-06	5.07525214775e-05	0	0	4.61386558887e-06	4.15247902998e-05	0.00326661683692	0.00147643698844	0.00324816137456	0.00129188236488	0.000373723112698	5.99802526553e-05	9.22773117774e-06	3.69109247109e-05	3.22970591221e-05	4.15247902998e-05	2.30693279443e-05	9.22773117774e-06	9.22773117774e-06	0
0.000267604204154	0.001739427327	0.000858178999529	0	3.22970591221e-05	4.61386558887e-06	5.53663870664e-05	0.00097813950484	0.000152257564433	0.00232538825679	4.15247902998e-05	1.84554623555e-05	9.22773117774e-06	0	8.30495805996e-05	4.61386558887e-05	0.0053474702175	0.00032758445681	0	5.07525214775e-05	0	0.00175326892377	0.0182939770599	0.00419400382028	0.00251455674593	0	0.000101505042955	0.00517214332512	0.00188707102585	0.000221465548266	0.00160562522493	0	0	3.69109247109e-05	0.00133802102077	2.76831935332e-05	0.00016148529561	0.000166099161199	0	0	4.61386558887e-06	4.61386558887e-06	0.000101505042955	4.61386558887e-06	0.000396792440643	1.38415967666e-05	0	1.38415967666e-05	0	3.22970591221e-05	0	0.000359881515932	1.84554623555e-05	0	9.22773117774e-06	4.61386558887e-06	0.000170713026788	0.00183170463878	0.000475228155653	0.000207623951499	0	2.30693279443e-05	0.00044754496212	0.000276831935332	8.30495805996e-05	0.000221465548266	0	9.22773117774e-06	4.61386558887e-05	0.000193782354732	0.00133802102077	0.000825881940407	0.000991981101607	0.000442931096531	0.000175326892377	4.61386558887e-06	4.61386558887e-06	0.00016148529561	6.9207983833e-05	9.68911773662e-05	5.07525214775e-05	2.76831935332e-05	1.38415967666e-05	4.61386558887e-06
0.000498297483598	0.000812040343641	0.00726683830247	0	5.07525214775e-05	9.22773117774e-06	0.000110732774133	0.00167483320876	0.000212237817088	0.000442931096531	8.30495805996e-05	0.000152257564433	1.38415967666e-05	9.22773117774e-06	0.00020301008591	0.00016148529561	0.00812963116758	0.00830495805996	9.22773117774e-06	0.000756673956574	1.38415967666e-05	0.0196089287527	0.00419400382028	0.0595742324835	0.00155948656904	1.84554623555e-05	0.000627485720086	0.00836955217821	0.003894102557	0.00114423866604	0.00706844208215	0	0	0.000590574795375	0.0101412765643	9.22773117774e-06	0.000355267650343	0.000179940757966	0	0	0	0	3.22970591221e-05	4.61386558887e-06	8.30495805996e-05	4.61386558887e-06	0	0	0	4.61386558887e-06	0	0.000156871430022	3.69109247109e-05	0	1.38415967666e-05	0	5.53663870664e-05	0.00089508992424	0.000295287397688	6.9207983833e-05	1.38415967666e-05	5.07525214775e-05	0.000378336978287	5.99802526553e-05	1.38415967666e-05	6.9207983833e-05	0	0	4.61386558887e-06	9.68911773662e-05	0.00525980677131	0.00373723112698	0.00587806476022	0.00227002186972	0.000562891601842	6.9207983833e-05	4.61386558887e-06	0.000115346639722	0.000124574370899	9.68911773662e-05	5.99802526553e-05	9.22773117774e-06	1.38415967666e-05	0
0.000848951268352	4.61386558887e-06	3.69109247109e-05	0	0.00271756683184	9.22773117774e-06	0.000438317230942	0.00707766981332	0.000521366811542	0.00655630300178	0.00119499118752	9.22773117774e-06	0.000396792440643	0	0.000304515128865	0.000106118908544	0.00413863743321	2.30693279443e-05	0	4.61386558887e-06	0.000378336978287	0.00122267438105	0.00251455674593	0.00155948656904	0.0297409775858	0	4.61386558887e-06	0.000129188236488	0.0141184287019	0.000364495381521	0.00160101135934	0	0	4.15247902998e-05	0.000567505467431	4.15247902998e-05	0	0	0	4.61386558887e-05	0	3.22970591221e-05	0.000166099161199	3.22970591221e-05	0.000959684042484	4.15247902998e-05	0	5.53663870664e-05	0	3.69109247109e-05	0	0.000110732774133	0	0	0	4.61386558887e-05	7.38218494219e-05	0.000359881515932	7.38218494219e-05	0.000655168913619	0	0	1.38415967666e-05	0.000332198322398	5.99802526553e-05	0.000119960505311	0	0	3.69109247109e-05	6.9207983833e-05	0.000705921435097	0.000179940757966	0.000322970591221	0.000147643698844	0.000484455886831	9.22773117774e-06	0	8.30495805996e-05	9.22773117774e-06	9.22773117774e-06	9.22773117774e-06	9.68911773662e-05	0	0
0	0.000212237817088	3.22970591221e-05	0	0	0	4.61386558887e-06	4.61386558887e-06	0	0	0	0.00332198322398	0	0.00253762607388	0	0	0	0.000147643698844	0.000198396220321	0.000567505467431	0	1.84554623555e-05	0	1.84554623555e-05	0	0.00965220681191	0.00211776430529	0.00286521053069	0	0	1.38415967666e-05	2.30693279443e-05	0	4.61386558887e-06	0.000456772693298	0	0.000304515128865	1.38415967666e-05	0	0	0	0	0	0	0	0	0.000313742860043	0	0.000318356725632	0	0	4.61386558887e-06	4.61386558887e-06	5.07525214775e-05	8.76634461885e-05	0	0	0	4.61386558887e-06	0	0.00122267438105	0.000239921010621	0.000299901263276	0	0	0	2.30693279443e-05	0	0	3.22970591221e-05	6.9207983833e-05	0.00162869455287	0.000655168913619	5.99802526553e-05	0	0	0.000558277736253	4.61386558887e-06	0.000138415967666	5.07525214775e-05	9.22773117774e-06	0	0	2.30693279443e-05
0	0.00213160590206	0.00255608153623	0	0	0	1.84554623555e-05	2.30693279443e-05	9.22773117774e-06	0	0	0.0104411778276	0	0.00141645673578	4.61386558887e-06	9.22773117774e-06	1.84554623555e-05	0.00387103322906	0.00200703153116	0.00947226605395	0	0.000207623951499	0.000101505042955	0.000627485720086	4.61386558887e-06	0.00211776430529	0.0445053474702	0.0132233387777	2.30693279443e-05	4.61386558887e-06	0.000115346639722	0.000964297908073	0	4.61386558887e-06	0.00357574583137	0	0.00105196135426	8.76634461885e-05	0	0	0	0	0	0	0	0	0.000170713026788	0	0.000152257564433	0	0	4.61386558887e-06	5.07525214775e-05	4.61386558887e-05	0.000156871430022	0	1.38415967666e-05	4.15247902998e-05	4.61386558887e-05	0	0.000862792865118	0.000466000424476	0.000770515553341	4.61386558887e-06	0	0	1.38415967666e-05	0	0	3.69109247109e-05	0.00069207983833	0.00353422104107	0.00300362649835	0.000659782779208	4.15247902998e-05	4.61386558887e-06	6.9207983833e-05	2.76831935332e-05	0.000115346639722	5.07525214775e-05	1.84554623555e-05	0	0	4.61386558887e-06
5.99802526553e-05	0.00531055929279	0.0101735736235	0	0	0	9.22773117774e-06	0.000221465548266	4.61386558887e-06	0.000106118908544	1.38415967666e-05	0.00279138868126	0	0.000830495805996	3.69109247109e-05	6.45941182441e-05	0.00324816137456	0.00284214120274	0.000304515128865	0.00233461598797	0	0.00143491219814	0.00517214332512	0.00836955217821	0.000129188236488	0.00286521053069	0.0132233387777	0.0525842261163	0.000322970591221	3.69109247109e-05	0.000964297908073	0.000156871430022	0	1.84554623555e-05	0.0033588941487	0	0.00129188236488	0.000341426053576	0	0	0	0	1.38415967666e-05	4.61386558887e-06	9.22773117774e-06	0	8.76634461885e-05	0	7.38218494219e-05	0	0	9.68911773662e-05	9.22773117774e-05	1.84554623555e-05	9.68911773662e-05	0	1.38415967666e-05	0.000655168913619	0.000290673532099	9.22773117774e-06	0.000466000424476	0.000364495381521	0.00105657521985	1.84554623555e-05	4.61386558887e-06	1.38415967666e-05	4.61386558887e-06	0	4.61386558887e-06	0.000124574370899	0.00146720925726	0.00322970591221	0.00248225968681	0.000807426478052	0.000152257564433	2.30693279443e-05	4.15247902998e-05	8.30495805996e-05	0.000143029833255	0.000110732774133	6.9207983833e-05	4.61386558887e-06	4.61386558887e-06	9.22773117774e-06
0.00189629875702	1.38415967666e-05	0.000175326892377	0	0.00853103747382	1.84554623555e-05	0.00116730799398	0.0177864518451	0.00125497144017	0.0021962000203	0.00938921647335	1.38415967666e-05	0.000613644123319	0	0.000752060090985	6.9207983833e-05	0.0031512701972	9.68911773662e-05	0	3.69109247109e-05	0.00210853657411	0.00615951056114	0.00188707102585	0.003894102557	0.0141184287019	0	2.30693279443e-05	0.000322970591221	0.050826343327	0.000664396644797	0.00565659921195	0	0	0.000106118908544	0.00143491219814	2.30693279443e-05	0	2.30693279443e-05	0	7.84357150108e-05	0	1.84554623555e-05	0.000143029833255	1.38415967666e-05	0.000590574795375	2.76831935332e-05	0	4.61386558887e-05	0	1.38415967666e-05	0	0.000101505042955	4.61386558887e-06	0	4.61386558887e-06	3.69109247109e-05	2.76831935332e-05	0.000332198322398	8.30495805996e-05	0.00040602017182	0	4.61386558887e-06	2.30693279443e-05	0.000272218069743	3.22970591221e-05	7.84357150108e-05	0	0	1.84554623555e-05	3.22970591221e-05	0.00149950631638	0.000429089499765	0.000770515553341	0.000322970591221	0.000452158827709	9.22773117774e-06	0	4.61386558887e-05	9.22773117774e-06	1.38415967666e-05	0	5.99802526553e-05	0	0
0.00739602653895	9.22773117774e-06	5.99802526553e-05	0	7.38218494219e-05	0.000253762607388	0.00206701178381	0.00241766556857	0.00329430003045	0.000147643698844	0.000336812187987	3.22970591221e-05	0.000101505042955	0	0.00736834334542	7.38218494219e-05	0.000138415967666	9.22773117774e-05	0	9.22773117774e-06	7.84357150108e-05	0.00137493194548	0.000221465548266	0.00114423866604	0.000364495381521	0	4.61386558887e-06	3.69109247109e-05	0.000664396644797	0.0264882023457	0.00435548911589	0	2.76831935332e-05	0.00171635799906	0.00247764582122	0	9.22773117774e-06	4.61386558887e-06	0	0	0	0	1.84554623555e-05	0	4.61386558887e-05	0	0	0	0	4.61386558887e-06	0	1.38415967666e-05	0	0	0	0	4.61386558887e-06	4.15247902998e-05	9.22773117774e-06	3.22970591221e-05	0	9.22773117774e-06	0	9.22773117774e-06	4.61386558887e-06	4.61386558887e-06	0	0	0	0	0.00125497144017	0.000239921010621	0.00114885253163	0.000369109247109	0.000899703789829	0.000152257564433	0	0	0	0	0	4.61386558887e-06	0	0
0.00336812187987	0.000106118908544	0.000715149166274	0	0.000119960505311	4.61386558887e-06	0.000392178575054	0.011290129096	0.00093661471454	0.000627485720086	0.000419861768587	6.45941182441e-05	6.45941182441e-05	4.61386558887e-06	0.00100120883278	0.000119960505311	0.00140261513902	0.000784357150108	0	0.000143029833255	7.84357150108e-05	0.0143814190405	0.00160562522493	0.00706844208215	0.00160101135934	1.38415967666e-05	0.000115346639722	0.000964297908073	0.00565659921195	0.00435548911589	0.043453386116	0	0	0.000696693703919	0.00818038368906	9.22773117774e-06	1.38415967666e-05	2.76831935332e-05	0	4.61386558887e-06	0	0	3.69109247109e-05	4.61386558887e-06	0.000193782354732	4.61386558887e-06	0	4.61386558887e-06	0	0	0	4.15247902998e-05	0	0	0	4.61386558887e-06	4.15247902998e-05	0.000267604204154	7.84357150108e-05	0.000138415967666	4.61386558887e-06	0	2.76831935332e-05	0.000119960505311	4.61386558887e-06	5.99802526553e-05	0	0	9.22773117774e-06	4.15247902998e-05	0.00380643911082	0.00127804076812	0.0029436462457	0.00129649623047	0.000599802526553	6.9207983833e-05	4.61386558887e-06	5.07525214775e-05	9.22773117774e-06	2.30693279443e-05	1.84554623555e-05	9.22773117774e-06	4.61386558887e-06	0
0	0	0	0	0	0	0	0	0	0	0	0.000456772693298	0	0.000498297483598	0	0	0	4.61386558887e-06	1.38415967666e-05	2.76831935332e-05	0	0	0	0	0	2.30693279443e-05	0.000964297908073	0.000156871430022	0	0	0	0.00118576345634	0	0	2.30693279443e-05	0	0	0	0	0	0	0	0	0	0	0	4.61386558887e-06	0	4.61386558887e-06	0	0	0	0	0	0	0	0	0	0	0	4.61386558887e-06	0	0	0	0	0	0	0	0	0	0	5.53663870664e-05	3.22970591221e-05	0	0	0	9.22773117774e-06	0	0	0	0	0	0	0
4.61386558887e-06	0	0	0	0	0.000470614290065	0.000641327316853	4.61386558887e-06	0.000585960929786	0	4.61386558887e-06	0	0	0	0.000175326892377	9.22773117774e-06	0	0	0	0	0	0	0	0	0	0	0	0	0	2.76831935332e-05	0	0	0.00100582269837	0	2.76831935332e-05	0	4.61386558887e-06	4.61386558887e-06	0	0	0	0	0	0	0	0	0	0	0	0	0	0	0	0	0	0	0	0	0	0	0	4.61386558887e-06	0	0	0	0	0	0	0	0	0	0	4.61386558887e-06	0	4.61386558887e-06	0.000106118908544	0	0	0	0	0	0	0	0
0.000512139080364	4.61386558887e-06	1.38415967666e-05	0	2.30693279443e-05	0	5.99802526553e-05	0.00024453487621	0.000124574370899	2.30693279443e-05	3.69109247109e-05	0	9.22773117774e-06	0	0.000207623951499	9.22773117774e-06	1.38415967666e-05	7.38218494219e-05	0	1.38415967666e-05	4.61386558887e-06	0.000719763031863	3.69109247109e-05	0.000590574795375	4.15247902998e-05	4.61386558887e-06	4.61386558887e-06	1.84554623555e-05	0.000106118908544	0.00171635799906	0.000696693703919	0	0	0.00286982439628	0.000452158827709	0	0	4.61386558887e-06	0	0	0	0	4.61386558887e-06	4.61386558887e-06	9.22773117774e-06	0	0	0	0	4.61386558887e-06	0	4.61386558887e-06	0	0	0	0	0	9.22773117774e-06	0	9.22773117774e-06	0	0	4.61386558887e-06	0	0	0	0	0	0	4.61386558887e-06	0.000226079413855	6.9207983833e-05	0.000175326892377	8.76634461885e-05	0.000106118908544	1.38415967666e-05	0	4.61386558887e-06	0	4.61386558887e-06	4.61386558887e-06	0	0	0
0.00115808026281	0.000927386983362	0.00255608153623	0	2.76831935332e-05	0.000544436139486	0.00194243741291	0.0019055264882	0.00209930884293	0.000230693279443	0.000262990338565	0.00641327316853	7.84357150108e-05	0.00028605966651	0.00160562522493	0.000410634037409	0.00100120883278	0.00767285847429	0.000276831935332	0.00503372735745	3.69109247109e-05	0.00840184923733	0.00133802102077	0.0101412765643	0.000567505467431	0.000456772693298	0.00357574583137	0.0033588941487	0.00143491219814	0.00247764582122	0.00818038368906	2.30693279443e-05	2.76831935332e-05	0.000452158827709	0.0497928374351	4.61386558887e-06	0.000433703365354	6.9207983833e-05	0	0	0	0	1.38415967666e-05	9.22773117774e-06	5.99802526553e-05	0	3.69109247109e-05	4.61386558887e-06	2.30693279443e-05	4.61386558887e-06	0	2.76831935332e-05	3.22970591221e-05	0	3.69109247109e-05	4.61386558887e-06	2.30693279443e-05	0.000267604204154	9.22773117774e-05	3.22970591221e-05	0.000170713026788	0.000129188236488	0.000272218069743	4.61386558887e-05	0	3.22970591221e-05	0	0	0	5.07525214775e-05	0.0094907215163	0.00626562946968	0.0227555850843	0.00654246140501	0.00225156640737	0.000696693703919	0.000143029833255	0.000152257564433	7.84357150108e-05	8.30495805996e-05	5.53663870664e-05	0	9.22773117774e-06	0
0	0	0	0	1.38415967666e-05	0	0	2.76831935332e-05	0	4.15247902998e-05	0	0	0	0	0	0	9.22773117774e-06	0	0	0	0	4.61386558887e-06	2.76831935332e-05	9.22773117774e-06	4.15247902998e-05	0	0	0	2.30693279443e-05	0	9.22773117774e-06	0	0	0	4.61386558887e-06	0.0138139135731	0	6.45941182441e-05	0	0.000110732774133	0	0.00104273362308	0.00464616264799	0.00161946682169	0.000175326892377	0.00073360462863	4.61386558887e-06	0.000452158827709	0	0.00517214332512	4.61386558887e-05	0.000179940757966	1.84554623555e-05	0	0	0.000230693279443	0.000493683618009	0.000184554623555	0.000521366811542	0.000761287822163	0	0	6.45941182441e-05	0.000862792865118	0.00579501517962	0.0040602017182	0	3.22970591221e-05	0.00137954581107	0.00158255589698	1.38415967666e-05	0	9.22773117774e-06	4.61386558887e-06	0	0	0	0.000498297483598	9.68911773662e-05	0.000742832359808	0.000189168489144	0.000262990338565	3.22970591221e-05	4.61386558887e-06
0	0.00146720925726	0.00069207983833	0	0	0	4.61386558887e-06	4.61386558887e-06	4.61386558887e-06	0	0	0.000350653784754	0	5.07525214775e-05	4.61386558887e-06	0	2.30693279443e-05	0.000433703365354	5.99802526553e-05	0.000419861768587	0	6.9207983833e-05	0.00016148529561	0.000355267650343	0	0.000304515128865	0.00105196135426	0.00129188236488	0	9.22773117774e-06	1.38415967666e-05	0	4.61386558887e-06	0	0.000433703365354	0	0.0191798392529	0.00275909162214	0	0	0	0	2.76831935332e-05	4.61386558887e-06	4.61386558887e-06	0	0.000622871854497	0	0.000290673532099	0	0	8.76634461885e-05	0.000867406730707	0.000156871430022	0.000968911773662	0	0.000152257564433	0.00135186261754	0.00109810001015	9.22773117774e-06	0.00305899288542	0.00424475634176	0.0124020707029	3.69109247109e-05	0	5.99802526553e-05	1.84554623555e-05	0	0	0.000710535300686	0.000152257564433	0.00093661471454	0.000304515128865	0.000110732774133	0	4.61386558887e-06	1.84554623555e-05	0.000387564709465	0.000991981101607	0.000728990763041	0.000318356725632	4.61386558887e-06	1.84554623555e-05	2.76831935332e-05
0	0.000276831935332	0.000212237817088	0	0	0	9.22773117774e-06	1.84554623555e-05	9.22773117774e-06	1.84554623555e-05	0	1.84554623555e-05	0	4.61386558887e-06	4.61386558887e-06	4.61386558887e-06	1.84554623555e-05	6.9207983833e-05	0	3.69109247109e-05	0	2.30693279443e-05	0.000166099161199	0.000179940757966	0	1.38415967666e-05	8.76634461885e-05	0.000341426053576	2.30693279443e-05	4.61386558887e-06	2.76831935332e-05	0	4.61386558887e-06	4.61386558887e-06	6.9207983833e-05	6.45941182441e-05	0.00275909162214	0.0355544482278	0	9.22773117774e-06	0	1.84554623555e-05	0.000239921010621	3.22970591221e-05	7.84357150108e-05	9.22773117774e-06	0.000419861768587	0	7.38218494219e-05	7.38218494219e-05	4.61386558887e-06	0.0010796445478	0.00604416392142	4.61386558887e-05	0.00151796177874	4.61386558887e-06	0.00200241766557	0.00142568446696	0.0161808266202	0.000156871430022	0.000212237817088	0.0100397715214	0.0131541307939	0.000484455886831	0.00016148529561	0.00130572396165	1.38415967666e-05	1.38415967666e-05	8.30495805996e-05	0.00321586431544	5.53663870664e-05	0.000216851682677	8.76634461885e-05	2.30693279443e-05	1.38415967666e-05	0	0	0.00249610128358	0.00337734961105	0.00327123070251	0.00152718950992	5.07525214775e-05	0.000133802102077	8.30495805996e-05
0	0	0	0	0	0	0	0	0	0	0	0	0	0	0	0	0	0	0	0	0	0	0	0	0	0	0	0	0	0	0	0	0	0	0	0	0	0	0	0	0	0	0	0	0	0	0	0	0	0	0	0	0	0	0	0	0	0	0	0	0	0	0	0	0	0	0	0	0	0	0	0	0	0	0	0	0	0	0	0	0	0	0	0
0	0	0	0	0.000147643698844	0	0	1.84554623555e-05	0	3.22970591221e-05	1.84554623555e-05	0	9.22773117774e-06	0	0	0	0	0	0	0	9.22773117774e-06	4.61386558887e-06	0	0	4.61386558887e-05	0	0	0	7.84357150108e-05	0	4.61386558887e-06	0	0	0	0	0.000110732774133	0	9.22773117774e-06	0	0.0118161097731	0	0.000553663870664	0.000276831935332	9.22773117774e-05	0.000313742860043	0.00360342902491	0	0.00244073489651	0	0.000110732774133	9.22773117774e-06	0	0	0	0	0.00898781016711	1.38415967666e-05	1.38415967666e-05	1.84554623555e-05	0.0040602017182	0	0	4.61386558887e-06	0.0016563777464	0.000147643698844	5.53663870664e-05	0	4.61386558887e-06	8.30495805996e-05	9.22773117774e-05	4.61386558887e-06	4.61386558887e-06	0	0	1.38415967666e-05	0	0	2.30693279443e-05	4.61386558887e-06	4.61386558887e-05	1.84554623555e-05	0.000115346639722	9.22773117774e-06	4.61386558887e-06
0	0	0	0	0	0	0	0	0	0	0	0	0	0	0	0	0	0	0	0	0	0	4.61386558887e-06	0	0	0	0	0	0	0	0	0	0	0	0	0	0	0	0	0	0.0038525777667	0.00164253614964	4.61386558887e-06	0.00101043656396	0	0	0	4.61386558887e-06	0	0.000346039919165	0.000355267650343	4.61386558887e-06	0	0	0	0	4.61386558887e-06	0	9.22773117774e-06	0	0	0	0	4.61386558887e-06	0.000382950843876	9.22773117774e-06	0	0.00127342690253	2.30693279443e-05	0.000539822273898	0	0	0	0	0	0	0	2.76831935332e-05	9.22773117774e-06	7.84357150108e-05	2.30693279443e-05	0.000853565133941	0.000549050005075	0
4.61386558887e-06	0	0	0	4.61386558887e-06	0	0	2.30693279443e-05	0	2.76831935332e-05	4.61386558887e-06	0	4.61386558887e-05	0	0	0	4.61386558887e-06	0	0	0	0	0	4.61386558887e-06	0	3.22970591221e-05	0	0	0	1.84554623555e-05	0	0	0	0	0	0	0.00104273362308	0	1.84554623555e-05	0	0.000553663870664	0.00164253614964	0.0357067057922	0.0018640016979	0.00811117570523	0.000110732774133	0.011862248429	0	0.00854026520499	0	0.00394946894407	0.00163792228405	6.45941182441e-05	9.22773117774e-06	0	0	0.00258837859535	5.53663870664e-05	3.22970591221e-05	4.61386558887e-05	0.00129649623047	0	4.61386558887e-06	9.22773117774e-06	0.000507525214775	0.00286521053069	0.000341426053576	0	0.00234384371914	0.000415247902998	0.0018640016979	4.61386558887e-06	0	0	0	9.22773117774e-06	0	0	0.000272218069743	4.61386558887e-05	0.000595188660964	0.000124574370899	0.00296671557364	0.000516752945953	1.84554623555e-05
