0.0317111346343	0	0.00208090184476	0	1.80947986501e-05	9.04739932506e-06	0.000741886744655	0.015335341856	0.0118792353138	0	0.00112187751631	5.42843959504e-05	0	0	0.0241927457952	0	0	2.71421979752e-05	9.04739932506e-06	7.23791946005e-05	0	0.000343801174352	0	0.00173710067041	0.00221661283464	0	0.00112187751631	0.00234327642519	0.00821503858716	0.0070026870776	0.00581747776602	9.04739932506e-06	0	0.000361895973003	0.00414370889088	0	0	0	0	0	0	0	0	0	0	0	0	0	0	0	0	0	0	0	0	0	1.80947986501e-05	0	9.95213925757e-05	0	0	0	0.000126663590551	0	0	0	0	0	0	0	0.000135710989876	0	0.00497606962879	0.00067855494938	0	0	0	0	0	0	9.04739932506e-06	0	0	0
0	0.0125125532666	0	0	0	0	0	0	0	0.00307611577052	0	9.04739932506e-06	0	9.04739932506e-06	0	0	0.00110378271766	0	0	0	0	0	0.00208090184476	0	0.00464131585376	0.00110378271766	0.000533796560179	0.00848646056691	0.000886645133856	0	0	0	0	0	0	0	0.00331134815297	0	0	0	0	0	0	0	0	0	0	0	8.14265939256e-05	0	0	0	0	0	0	0	0	0	0	0	0.00137520469741	0.000244279781777	0.0033565851496	0	0	0	0	0	0	0	8.14265939256e-05	4.52369966253e-05	0	0	0	0	0	0	0	0	0	0	0	0
0.00208090184476	0	0.0253598603082	0	0	0	9.04739932506e-06	0.002922309982	0.000398085570303	0	0	0	0	0	0.00204471224746	0	0	0.00244279781777	0	0	0	0.00180043246569	0	0.0129196862362	0	0	0.00903835192574	0.00637841652417	0.000452369966253	0	0.000298564177727	0	0	0	0	0	0	1.80947986501e-05	0	0	0	0	0	0	0	0	0	0	0	0	0	9.04739932506e-06	0	0	0	0	0	0	1.80947986501e-05	0	0	0	4.52369966253e-05	0	0	0	0	0	0	0	1.80947986501e-05	0	8.14265939256e-05	2.71421979752e-05	1.80947986501e-05	0	0	9.04739932506e-06	0	0	0	0	0	0
0	0	0	0	0	0	0	0	0	0	0	0	0	0	0	0	0	0	0	0	0	0	0	0	0	0	0	0	0	0	0	0	0	0	0	0	0	0	0	0	0	0	0	0	0	0	0	0	0	0	0	0	0	0	0	0	0	0	0	0	0	0	0	0	0	0	0	0	0	0	0	0	0	0	0	0	0	0	0	0	0	0	0	0
1.80947986501e-05	0	0	0	0.0118249509179	0	0.000117616191226	0.00103140352306	0.000162853187851	0.000759981543305	0.000560938758154	0	0.000868550335206	0	0.000126663590551	0.000108568791901	0	0	0	1.80947986501e-05	0.0034289643442	0	0	0	0.00567271937682	0	9.04739932506e-06	9.04739932506e-06	0.00384514471315	0	0	0	0	0	4.52369966253e-05	0	0	0	0	0.00420704068615	0	0.00173710067041	0	0	0.00166472147581	0.00106759312036	0.000307611577052	0.00248803481439	0.000144758389201	0.000859502935881	3.61895973003e-05	0	0	9.95213925757e-05	0	0.00298564177727	0	0	0	0.00209899664341	0	6.33317952754e-05	0	0.00073283934533	0.00131187290213	0	0	0	0	0.000316658976377	4.52369966253e-05	0	0.000171900587176	4.52369966253e-05	0	0.000425227768278	0	0	0	0.000307611577052	0	0	0	0
9.04739932506e-06	0	0	0	0	0.0100335658515	0.00448751006523	5.42843959504e-05	9.04739932506e-05	0.00205375964679	0	0	0.000425227768278	1.80947986501e-05	0	0.00560034018221	0	0	0	0	0	0	0	0	0.00265993540157	0	0	0	0.00190900125759	7.23791946005e-05	0	0	0.000859502935881	0	0.000298564177727	0	0	0	0	0	0	0	0	0	2.71421979752e-05	0	0	1.80947986501e-05	0	0	1.80947986501e-05	0	0	0	0	0	0	0	0	0	0	0	0	0	0	0	0	0	0	0	0.00122139890888	0	0.000434275167603	0.000479512164228	0.00542843959504	0.00066046015073	1.80947986501e-05	0	0	0	0	9.04739932506e-06	0	0
0.000741886744655	0	9.04739932506e-06	0	0.000117616191226	0.00448751006523	0.0406861547648	0.0100245184522	0.0260474626569	0.00119425671091	0.018981443784	0.000343801174352	0.00588985696062	0.000316658976377	0.00926453690887	0.00367324412598	0	0	4.52369966253e-05	0.000280469379077	0.00277755159279	3.61895973003e-05	0	1.80947986501e-05	0.00173710067041	0	0.000597128355454	0.000271421979752	0.00679459689312	0.00230708682789	5.42843959504e-05	0.000271421979752	0.00104045092238	0	0.00199947525084	0	0	0	0	9.04739932506e-06	0	0	0	0	1.80947986501e-05	9.04739932506e-06	9.04739932506e-06	9.04739932506e-06	9.04739932506e-06	0	9.04739932506e-06	0	0	0	0	0	0	0	0	0.000135710989876	0	0	9.04739932506e-06	0.000135710989876	1.80947986501e-05	0	0	0	0	1.80947986501e-05	0.00146567869066	0	0.00161043707986	0.000787123741281	0.00272326719684	0.000470464764903	3.61895973003e-05	0	0	1.80947986501e-05	0	9.04739932506e-06	0	0
0.015335341856	0	0.002922309982	0	0.00103140352306	5.42843959504e-05	0.0100245184522	0.0759167277366	0.0209899664341	0.00132996770078	0.0125668376625	0.000560938758154	0.000126663590551	1.80947986501e-05	0.0237946602249	0.000189995385826	0	9.04739932506e-06	6.33317952754e-05	0.000823313338581	0.000434275167603	0.00378181291788	0	0.00807028019796	0.00146567869066	0	0.00180947986501	0.00113092491563	0.0392566656715	0.00622461073564	0.0113725809516	3.61895973003e-05	3.61895973003e-05	0	0.00470464764903	0	0	0	0	0.00290421518335	0	0	0	0	0.00251517701237	0.000389038170978	0	0	0	0	0	0	0	0	0	0.000271421979752	1.80947986501e-05	0	5.42843959504e-05	0.00515701761529	0	0	4.52369966253e-05	0.00245184521709	9.04739932506e-06	0	0	0	0	9.04739932506e-06	0.00123044630821	0	0.00513892281664	0.000959024328457	0.000162853187851	0.00166472147581	0	0	0	9.04739932506e-06	0	0	0	0
0.0118792353138	0	0.000398085570303	0	0.000162853187851	9.04739932506e-05	0.0260474626569	0.0209899664341	0.0667788544183	0	0.0210894878267	0.00513892281664	0.0041889458875	0.00284088338807	0.0305259253228	0.000416180368953	0	9.04739932506e-06	8.14265939256e-05	0.000244279781777	0.00312135276715	0.000180947986501	0	0.000524749160854	0.000379990771653	0	0.00505749622271	0.00304897357255	0.0104045092238	0.00626080033294	0.000171900587176	0.00263279320359	0.00254231921034	0	0.0115535289381	0	0	0	0	9.04739932506e-06	0	0	0	0	0	2.71421979752e-05	4.52369966253e-05	0	4.52369966253e-05	0	0	0	0	0	0	0	1.80947986501e-05	0	8.14265939256e-05	0.000886645133856	0	0	9.95213925757e-05	0.000859502935881	7.23791946005e-05	0	0	0	0	7.23791946005e-05	0.00313040016647	8.14265939256e-05	0.00574509857142	0.000823313338581	0.00207185444544	0.00135710989876	4.52369966253e-05	0	0	7.23791946005e-05	2.71421979752e-05	0	0	0
0	0.00307611577052	0	0	0.000759981543305	0.00205375964679	0.00119425671091	0.00132996770078	0	0.0304444987288	0	0	0.00067855494938	0	1.80947986501e-05	0.00247898741507	0	0	0	0	4.52369966253e-05	0	0.00522034941056	0	0.0177329026771	0.000633317952754	9.04739932506e-06	0.00076902894263	0.0103683196265	0.000126663590551	0	0	0	0	9.95213925757e-05	0	0	0	0	0.00188185905961	3.61895973003e-05	0	0	0	0.0120601833003	0.000389038170978	0	0.000615223154104	0	0	0.000189995385826	0.000307611577052	0	0	0	0.000597128355454	0.000488559563553	0.00181852726434	5.42843959504e-05	0.0111463959685	0	0	8.14265939256e-05	0.00626984773227	0	0	0	1.80947986501e-05	0	9.04739932506e-06	0.00182757466366	0	0.000117616191226	5.42843959504e-05	0.00265088800224	0	0	0.000805218539931	7.23791946005e-05	0	0	0.000208090184476	0	0
0.00112187751631	0	0	0	0.000560938758154	0	0.018981443784	0.0125668376625	0.0210894878267	0	0.0415004207041	0.000298564177727	0.00153805788526	0	0.00897502013046	0.000199042785151	0	0	8.14265939256e-05	0.00066046015073	0.00186376426096	0	0	0	1.80947986501e-05	0	0.000832360737906	0.000425227768278	0.00575414597074	0.00104045092238	0	0	0	0	0.00112187751631	0	0	0	0	0.000542843959504	0	0.000199042785151	0	8.14265939256e-05	0	0.00112187751631	0.000515701761529	0.00169186367379	0.000298564177727	0.000569986157479	0	0	0	0.000488559563553	0.000407132969628	0.00245184521709	0	0	0	0.000271421979752	0	9.04739932506e-05	0	0	0.00189090645894	0	0	0	0	0.00149282088864	0.000162853187851	0	0.00173710067041	0.000144758389201	7.23791946005e-05	0.000759981543305	0	0.000235232382452	0	0.00113997231496	0.000126663590551	0	1.80947986501e-05	0
5.42843959504e-05	9.04739932506e-06	0	0	0	0	0.000343801174352	0.000560938758154	0.00513892281664	0	0.000298564177727	0.0238760868188	0.000126663590551	0.00720172986275	0.00178233766704	0	0	0	0.00373657592125	0.00476797944431	0.00071474454668	0	0	0	0	0.000189995385826	0.00473178984701	0.00123949370753	0.000271421979752	0.00374562332058	0	0.00262374580427	0.00163757927784	0	0.0118701879145	0	0	0	0	0	0	0	0	0	0	0	4.52369966253e-05	0	0.000153805788526	0	0	0	0	0	0	0	0	0	0	0	1.80947986501e-05	0.000126663590551	0.000126663590551	0	0	0	0	0	0	0	0.000262374580427	0.00223470763329	0.00256946140832	0	0	0.000497606962879	0.000370943372328	0	0.000180947986501	0	0	0	0	0
0	0	0	0	0.000868550335206	0.000425227768278	0.00588985696062	0.000126663590551	0.0041889458875	0.00067855494938	0.00153805788526	0.000126663590551	0.0138696631653	0	0.00391752390775	0.00189090645894	0	0	9.04739932506e-06	0.000597128355454	0.0069664974803	0	0	0	0.00189090645894	0	0.000868550335206	0.000533796560179	0.000298564177727	9.95213925757e-05	0	9.04739932506e-06	0	0	0.000787123741281	0	0	0	0	9.04739932506e-05	0	0.000153805788526	0	0	1.80947986501e-05	0	0	0.000759981543305	0	0	0	0	0	0	0	0	0	0	0	0.000108568791901	0	0	0	4.52369966253e-05	0.000135710989876	0	0	0	0	0	9.04739932506e-06	0	0.00071474454668	1.80947986501e-05	0.000379990771653	5.42843959504e-05	0	0	0	0	0	0	0	0
0	9.04739932506e-06	0	0	0	1.80947986501e-05	0.000316658976377	1.80947986501e-05	0.00284088338807	0	0	0.00720172986275	0	0.0199585629111	5.42843959504e-05	0	0	0	0	0	0	0	0	0	9.04739932506e-06	0.000542843959504	0.00480416904161	0.00204471224746	9.04739932506e-06	0.00075093414398	0	0.00584461996399	0.00173710067041	0	0.00465036325308	0	0.000904739932506	0	0	0	0	0	0	0	9.04739932506e-06	0	0.000705697147355	0	0.00509368582001	0	0	0	0	0	0	0	0	0	0	9.04739932506e-06	0.00208994924409	0.00121235150956	0.00284088338807	9.04739932506e-06	0	0	0	0	0	9.04739932506e-06	0.000723791946005	0.00809742239593	0.00244279781777	0.000244279781777	0	0.000615223154104	0.00230708682789	9.04739932506e-06	0.00142044169404	3.61895973003e-05	0	0	0	9.04739932506e-06
0.0241927457952	0	0.00204471224746	0	0.000126663590551	0	0.00926453690887	0.0237946602249	0.0305259253228	1.80947986501e-05	0.00897502013046	0.00178233766704	0.00391752390775	5.42843959504e-05	0.0557410272417	0.000135710989876	0	2.71421979752e-05	4.52369966253e-05	0.000244279781777	0.00305802097187	0.000298564177727	0	0.00170091107311	0.00265088800224	0	0.00214423364004	0.00280469379077	0.0103230826299	0.0132544400112	0.00359181753205	0.000144758389201	0.000153805788526	1.80947986501e-05	0.00552796098761	0	0	0	0	0	0	0	0	0	1.80947986501e-05	1.80947986501e-05	9.04739932506e-06	0	9.04739932506e-06	0	0	0	0	0	0	0	1.80947986501e-05	0	9.95213925757e-05	0.000597128355454	0	0	0.000126663590551	0.000569986157479	2.71421979752e-05	0	0	0	0	2.71421979752e-05	0.000959024328457	6.33317952754e-05	0.00438798867266	0.000379990771653	0.000334753775027	7.23791946005e-05	0	0	0	2.71421979752e-05	2.71421979752e-05	0	0	0
0	0	0	0	0.000108568791901	0.00560034018221	0.00367324412598	0.000189995385826	0.000416180368953	0.00247898741507	0.000199042785151	0	0.00189090645894	0	0.000135710989876	0.00869455075139	0	0	0	0	0.000108568791901	0	0	0	0.00332944295162	0	0	0	0.00221661283464	0	0	0	0	0	0	0	0	0	0	1.80947986501e-05	0	0	0	0	2.71421979752e-05	0	0	1.80947986501e-05	0	0	1.80947986501e-05	0	0	0	0	0	0	0	0	1.80947986501e-05	0	0	0	0	0	0	0	0	0	0	0	0	2.71421979752e-05	0	0.00427941988076	4.52369966253e-05	0	0	0	0	0	9.04739932506e-06	0	0
0	0.00110378271766	0	0	0	0	0	0	0	0	0	0	0	0	0	0	0.0193976241529	0	0	0	0	0.00267803020022	0.0106849786029	0.00286802558605	0.00389038170978	4.52369966253e-05	9.04739932506e-06	0.00320277936107	0.00135710989876	0	0	0	0	0	6.33317952754e-05	0	0	0	0	0	0	0	0	0	0	0	0	0	0	0	0	0.00584461996399	0	0	0	0	1.80947986501e-05	0.00641460612147	0.00185471686164	0	0	0	0.00238851342182	0	0	0	0	0	0	0	0.00269612499887	9.04739932506e-06	9.04739932506e-05	0	9.04739932506e-06	1.80947986501e-05	0	9.04739932506e-06	0.000334753775027	0	0	0	0	0
2.71421979752e-05	0	0.00244279781777	0	0	0	0	9.04739932506e-06	9.04739932506e-06	0	0	0	0	0	2.71421979752e-05	0	0	0.0241565561979	0.000180947986501	0.00446036786726	0	0.00261469840494	0	0.0040441874983	0	0	0.0103683196265	0.00724696685938	1.80947986501e-05	0.000352848573677	0.00269612499887	0	0	0	0.00436989387401	0	0	0	0	0	0	0	0	0	0	0	0	0	0	0	0	0	0	0	0	0	0	0	0	0	0	0	0	0	0	0	0	0	0	0	0	0	0.000262374580427	0	0	0	0	0	0	0	0	0	0	0
9.04739932506e-06	0	0	0	0	0	4.52369966253e-05	6.33317952754e-05	8.14265939256e-05	0	8.14265939256e-05	0.00373657592125	9.04739932506e-06	0	4.52369966253e-05	0	0	0.000180947986501	0.00475893204498	0.0033203955523	7.23791946005e-05	0	0	0	0	0	0.000597128355454	0	9.04739932506e-06	7.23791946005e-05	0	0	0	0	0.000877597734531	0	0	0	0	0	0	0	0	0	0	0	0	0	0	0	0	0	0	0	0	0	0	0	0	0	0	0	0	0	0	0	0	0	0	0	0	0	0.000108568791901	0	0	0	0	0	0	0	0	0	0	0
7.23791946005e-05	0	0	0	1.80947986501e-05	0	0.000280469379077	0.000823313338581	0.000244279781777	0	0.00066046015073	0.00476797944431	0.000597128355454	0	0.000244279781777	0	0	0.00446036786726	0.0033203955523	0.013498719793	0.00176424286839	0.000208090184476	0	0.000189995385826	0	0	0.00607985234644	0.00188185905961	0.000488559563553	0.000461417365578	0.000171900587176	0	0	0	0.00560938758154	0	0	0	0	0	0	0	0	0	0	0	0	0	0	0	0	0	0	0	0	0	0	0	0	0	0	0	0	0	0	0	0	0	0	0	9.04739932506e-06	0	0.00243375041844	3.61895973003e-05	0	0	0	0	0	0	0	0	0	0
0	0	0	0	0.0034289643442	0	0.00277755159279	0.000434275167603	0.00312135276715	4.52369966253e-05	0.00186376426096	0.00071474454668	0.0069664974803	0	0.00305802097187	0.000108568791901	0	0	7.23791946005e-05	0.00176424286839	0.0131820608166	0	0	0	0.00282278858942	0	0.00217137583802	0.00120330411023	0.00161948447919	0.000226184983127	0	2.71421979752e-05	0	0	0.00226184983127	0	0	0	0	0.000117616191226	0	0	0	0	3.61895973003e-05	0	0	0	0	0	0	0	0	0	0	0	0	0	0	0.000144758389201	0	0	0	7.23791946005e-05	0	0	0	0	0	0	9.04739932506e-06	0	0.00162853187851	1.80947986501e-05	9.04739932506e-06	0.000135710989876	0	0	0	0	0	0	0	0
0.000343801174352	0	0.00180043246569	0	0	0	3.61895973003e-05	0.00378181291788	0.000180947986501	0	0	0	0	0	0.000298564177727	0	0.00267803020022	0.00261469840494	0	0.000208090184476	0	0.0526649114712	0.000796171140606	0.0231522948728	0.000271421979752	0	0.00198138045219	0.000940929529807	0.0130644446254	0.00196328565354	0.0205466438672	0	0	0	0.0126754064544	0	0	0	0	0	0	0	0	0	0	0	0	0	0	0	0	0.000633317952754	0	0	0	0	0	0.000787123741281	0.000533796560179	0	0	0	0	0	0	0	0	0	0	0	0.00661364890662	2.71421979752e-05	0.00690316568502	0.000940929529807	7.23791946005e-05	8.14265939256e-05	0	0	8.14265939256e-05	0	0	0	0	0
0	0.00208090184476	0	0	0	0	0	0	0	0.00522034941056	0	0	0	0	0	0	0.0106849786029	0	0	0	0	0.000796171140606	0.0329234861439	0.00791647440943	0.0117706665219	0	0	0.00441513087063	0.00135710989876	0	0	0	0	0	0	0	0.000497606962879	0	0	0	0	0	0	0	0.000506654362204	0	0	0	0	0	0	0.0120420885017	0	0	0	0	0.000434275167603	0.0151001094735	0.00341991694487	0.000479512164228	0	0	0.00531082340381	0.000470464764903	0	0	0	0	0	0	0.000244279781777	9.04739932506e-06	0	0	0	0	0	7.23791946005e-05	0.000551891358829	0	0	0	0	0
0.00173710067041	0	0.0129196862362	0	0	0	1.80947986501e-05	0.00807028019796	0.000524749160854	0	0	0	0	0	0.00170091107311	0	0.00286802558605	0.0040441874983	0	0.000189995385826	0	0.0231522948728	0.00791647440943	0.0685883342833	9.04739932506e-05	0	0.00284088338807	0.00461417365578	0.00827837038243	0.00222566023397	0.0102054664387	0	0	0	0.0068941182857	0	0	1.80947986501e-05	0	0	0	0	0	0	0	0	0	0	0	0	0	0.00922834731157	0	0	0	0	4.52369966253e-05	0.0101964190393	0.00219851803599	9.04739932506e-06	0	0	0.00439703607198	0	0	0	0	0	0	0	0.00919215771427	9.04739932506e-05	0.00664983850392	0.00143853649269	0.000434275167603	0.000162853187851	0	6.33317952754e-05	0.000217137583802	9.04739932506e-06	0	9.04739932506e-06	0	0
0.00221661283464	0.00464131585376	0	0	0.00567271937682	0.00265993540157	0.00173710067041	0.00146567869066	0.000379990771653	0.0177329026771	1.80947986501e-05	0	0.00189090645894	9.04739932506e-06	0.00265088800224	0.00332944295162	0.00389038170978	0	0	0	0.00282278858942	0.000271421979752	0.0117706665219	9.04739932506e-05	0.0530629970415	0.000425227768278	8.14265939256e-05	0.00271421979752	0.022292791937	0.00429751467941	1.80947986501e-05	4.52369966253e-05	9.04739932506e-06	9.04739932506e-06	0.00106759312036	0	0	0	0	0.00139329949606	0	0	0	0	0.0066046015073	0.000289516778402	0	3.61895973003e-05	0	0	0	0.00132996770078	0	0	0	0.000180947986501	0.000497606962879	0.00170995847244	0.000995213925757	0.00878502474464	0	0	4.52369966253e-05	0.00516606501461	0	0	0	0	0	0	0.00273231459617	9.04739932506e-06	0.00178233766704	0.00101330872441	0.00341086954555	0.000407132969628	0	0.000144758389201	0.000208090184476	0	0	0	0	0
0	0.00110378271766	0	0	0	0	0	0	0	0.000633317952754	0	0.000189995385826	0	0.000542843959504	0	0	4.52369966253e-05	0	0	0	0	0	0	0	0.000425227768278	0.00300373657592	4.52369966253e-05	0.00121235150956	6.33317952754e-05	0	0	9.04739932506e-06	0	0	0	0	0.000280469379077	0	0	0	0	0	0	0	0	0	0.000117616191226	0	0.000307611577052	0	0	0	0	0	0	0	0	0	0	0	0.000443322566928	7.23791946005e-05	0.000235232382452	0	0	0	0	0	0	9.04739932506e-06	0	0.000108568791901	0	0	0	0	0.000126663590551	0	0	1.80947986501e-05	0	0	0	9.04739932506e-06
0.00112187751631	0.000533796560179	0.00903835192574	0	9.04739932506e-06	0	0.000597128355454	0.00180947986501	0.00505749622271	9.04739932506e-06	0.000832360737906	0.00473178984701	0.000868550335206	0.00480416904161	0.00214423364004	0	9.04739932506e-06	0.0103683196265	0.000597128355454	0.00607985234644	0.00217137583802	0.00198138045219	0	0.00284088338807	8.14265939256e-05	4.52369966253e-05	0.0521401623103	0.0237222810303	0.000416180368953	0.00189995385826	0.00214423364004	0.00863121895611	0.00069664974803	0	0.0116801925287	0	0.0030670683712	0	0	0	0	0	0	0	1.80947986501e-05	0	0.000126663590551	0	0.00219851803599	9.04739932506e-06	0	9.04739932506e-06	0	3.61895973003e-05	8.14265939256e-05	0	0	9.04739932506e-06	0	1.80947986501e-05	0.003646101928	0.0033565851496	0.00648698531607	1.80947986501e-05	9.04739932506e-06	0	0	0	0	9.04739932506e-06	0.00623365813497	0.00257850880764	0.00661364890662	0.000515701761529	0	0.000334753775027	9.95213925757e-05	3.61895973003e-05	0.000135710989876	6.33317952754e-05	0	0	0	0
0.00234327642519	0.00848646056691	0.00637841652417	0	9.04739932506e-06	0	0.000271421979752	0.00113092491563	0.00304897357255	0.00076902894263	0.000425227768278	0.00123949370753	0.000533796560179	0.00204471224746	0.00280469379077	0	0.00320277936107	0.00724696685938	0	0.00188185905961	0.00120330411023	0.000940929529807	0.00441513087063	0.00461417365578	0.00271421979752	0.00121235150956	0.0237222810303	0.114540075455	0.000787123741281	0.000895692533181	0.00134806249943	0.00428846728008	0	0	0.0067131702992	0	0.0251517701237	0.000144758389201	0	0	0	0	0	0	0	0	0.000217137583802	0	0.00331134815297	1.80947986501e-05	0	0.000741886744655	0	0.000189995385826	0.000280469379077	0	0.000126663590551	0.00748219924183	0.00066046015073	2.71421979752e-05	0.0071112558695	0.00490369043418	0.0508011472102	0	1.80947986501e-05	0	0	0	0	3.61895973003e-05	0.0143401279302	0.00293135738132	0.0128563544409	0.00201757004949	0.000189995385826	8.14265939256e-05	7.23791946005e-05	0.000208090184476	0.000180947986501	7.23791946005e-05	9.04739932506e-06	9.04739932506e-06	0	2.71421979752e-05
0.00821503858716	0.000886645133856	0.000452369966253	0	0.00384514471315	0.00190900125759	0.00679459689312	0.0392566656715	0.0104045092238	0.0103683196265	0.00575414597074	0.000271421979752	0.000298564177727	9.04739932506e-06	0.0103230826299	0.00221661283464	0.00135710989876	1.80947986501e-05	9.04739932506e-06	0.000488559563553	0.00161948447919	0.0130644446254	0.00135710989876	0.00827837038243	0.022292791937	6.33317952754e-05	0.000416180368953	0.000787123741281	0.0930072650617	0.00726506165803	0.0118068561192	3.61895973003e-05	2.71421979752e-05	1.80947986501e-05	0.00572700377277	0	0	0	0	0.0041889458875	0	0	0	0	0.00865836115409	0.00069664974803	0	0.000117616191226	0	0	2.71421979752e-05	0.000316658976377	0	0	0	0.000470464764903	0.000443322566928	0.00157424748256	0.000117616191226	0.012747785649	0	0	1.80947986501e-05	0.00687602348705	9.04739932506e-06	0	0	0	0	9.04739932506e-06	0.00704792407422	9.04739932506e-06	0.00750029404048	0.00223470763329	0.00278659899212	0.00222566023397	0	0.000325706375702	2.71421979752e-05	9.04739932506e-06	0	2.71421979752e-05	0	0
0.0070026870776	0	0	0	0	7.23791946005e-05	0.00230708682789	0.00622461073564	0.00626080033294	0.000126663590551	0.00104045092238	0.00374562332058	9.95213925757e-05	0.00075093414398	0.0132544400112	0	0	0.000352848573677	7.23791946005e-05	0.000461417365578	0.000226184983127	0.00196328565354	0	0.00222566023397	0.00429751467941	0	0.00189995385826	0.000895692533181	0.00726506165803	0.0328782491473	0.00537415519909	0.000434275167603	0.00142948909336	0.00206280704611	0.00979833346904	0	0	0	0	0	0	0	0	0	0.000226184983127	0	0	0	0	0	0	0	0	0	0	0	0	0	0	0.000253327181102	0	0	9.04739932506e-06	0.000244279781777	0	0	0	0	0	0	0.000235232382452	0	0.00450560486388	0.00124854110686	0	0.000208090184476	0	9.04739932506e-06	0	0	0	0	0	0
0.00581747776602	0	0.000298564177727	0	0	0	5.42843959504e-05	0.0113725809516	0.000171900587176	0	0	0	0	0	0.00359181753205	0	0	0.00269612499887	0	0.000171900587176	0	0.0205466438672	0	0.0102054664387	1.80947986501e-05	0	0.00214423364004	0.00134806249943	0.0118068561192	0.00537415519909	0.050656388821	0	0	0.00113997231496	0.0150367776783	0	0	0	0	0	0	0	0	0	0	0	0	0	0	0	0	0	0	0	0	0	0	0	0	0	0	0	0	0	0	0	0	0	0	0	0	0	0.00683078649042	0.000180947986501	0	0	0	0	0	0	0	0	0	0
9.04739932506e-06	0	0	0	0	0	0.000271421979752	3.61895973003e-05	0.00263279320359	0	0	0.00262374580427	9.04739932506e-06	0.00584461996399	0.000144758389201	0	0	0	0	0	2.71421979752e-05	0	0	0	4.52369966253e-05	9.04739932506e-06	0.00863121895611	0.00428846728008	3.61895973003e-05	0.000434275167603	0	0.0103864144252	0.00069664974803	0	0.00274136199549	0	0.000922834731157	0	0	0	0	0	0	0	9.04739932506e-06	0	0.000135710989876	0	0.00197233305286	0	0	0	0	0	0	0	0	0	0	9.04739932506e-06	0.00137520469741	0.000542843959504	0.00140234689538	9.04739932506e-06	0	0	0	0	0	9.04739932506e-06	0.00255136660967	0.00202661744881	0.00219851803599	0.000316658976377	0	0.000334753775027	9.95213925757e-05	0	0.000108568791901	6.33317952754e-05	0	0	0	0
0	0	0	0	0	0.000859502935881	0.00104045092238	3.61895973003e-05	0.00254231921034	0	0	0.00163757927784	0	0.00173710067041	0.000153805788526	0	0	0	0	0	0	0	0	0	9.04739932506e-06	0	0.00069664974803	0	2.71421979752e-05	0.00142948909336	0	0.00069664974803	0.00516606501461	0	0.0035737227334	0	0	0	0	0	0	0	0	0	0	0	0	0	0	0	0	0	0	0	0	0	0	0	0	0	0	0	0	0	0	0	0	0	0	0	9.04739932506e-05	0	0.000334753775027	0.000588080956129	1.80947986501e-05	0.00143853649269	7.23791946005e-05	0	0	0	0	0	0	0
0.000361895973003	0	0	0	0	0	0	0	0	0	0	0	0	0	1.80947986501e-05	0	0	0	0	0	0	0	0	0	9.04739932506e-06	0	0	0	1.80947986501e-05	0.00206280704611	0.00113997231496	0	0	0.00244279781777	0.000886645133856	0	0	0	0	0	0	0	0	0	0	0	0	0	0	0	0	0	0	0	0	0	0	0	0	0	0	0	0	0	0	0	0	0	0	0	0	0	0.000624270553429	9.04739932506e-06	0	0	0	0	0	0	0	0	0	0
0.00414370889088	0	0	0	4.52369966253e-05	0.000298564177727	0.00199947525084	0.00470464764903	0.0115535289381	9.95213925757e-05	0.00112187751631	0.0118701879145	0.000787123741281	0.00465036325308	0.00552796098761	0	6.33317952754e-05	0.00436989387401	0.000877597734531	0.00560938758154	0.00226184983127	0.0126754064544	0	0.0068941182857	0.00106759312036	0	0.0116801925287	0.0067131702992	0.00572700377277	0.00979833346904	0.0150367776783	0.00274136199549	0.0035737227334	0.000886645133856	0.0542029693565	0	9.04739932506e-06	0	0	0	0	0	0	0	0.000199042785151	0	0	0	0	0	0	0	0	0	0	0	0	0	0	0.000208090184476	0	0	0.000153805788526	0.000208090184476	0	0	0	0	0	0	0.000398085570303	0.000298564177727	0.0264998326231	0.00177329026771	0	0.00154710528459	0.000117616191226	0	0	0	0	0	0	0
0	0	0	0	0	0	0	0	0	0	0	0	0	0	0	0	0	0	0	0	0	0	0	0	0	0	0	0	0	0	0	0	0	0	0	0.0190447755793	0	0	0	0	0	0	0.00365514932733	0.0067855494938	0	0.000271421979752	0	0	0	0.0144125071248	0	0	0	0	0	0	0.00447846266591	0	0.00748219924183	4.52369966253e-05	0	0	0	0.000162853187851	0.00370943372328	0.00617032633969	0	0	0	0	0	0	0	0	0	0	0	0	0	0	0	0	0	0
0	0.00331134815297	0	0	0	0	0	0	0	0	0	0	0	0.000904739932506	0	0	0	0	0	0	0	0	0.000497606962879	0	0	0.000280469379077	0.0030670683712	0.0251517701237	0	0	0	0.000922834731157	0	0	9.04739932506e-06	0	0.0383066887423	0	0	0	0	0	0	0	0.00461417365578	0	9.04739932506e-05	0	0.00325706375702	0	0	0.00167376887514	0	0	0	0	0	0.00846836576826	0	0.0070750662722	0.00917406291561	0.00242470301912	0.0334120457075	0	0	0	0	0	0	1.80947986501e-05	0.000398085570303	9.95213925757e-05	0.000162853187851	3.61895973003e-05	0	0	9.04739932506e-06	0	3.61895973003e-05	3.61895973003e-05	0	0	0	1.80947986501e-05
0	0	1.80947986501e-05	0	0	0	0	0	0	0	0	0	0	0	0	0	0	0	0	0	0	0	0	1.80947986501e-05	0	0	0	0.000144758389201	0	0	0	0	0	0	0	0	0	0.0309963900877	0	0	0	0	4.52369966253e-05	3.61895973003e-05	0	0	0	0	0	5.42843959504e-05	0	1.80947986501e-05	0.00557319798424	0	0.000135710989876	0	0.00655031711135	0	0.0177148078785	0	0	0.00672221769852	0.0067855494938	0.000126663590551	2.71421979752e-05	0	0	0	0	0.00180947986501	1.80947986501e-05	0	0.000162853187851	1.80947986501e-05	3.61895973003e-05	0	0	0.000162853187851	0	0.00209899664341	3.61895973003e-05	0	0	0
0	0	0	0	0	0	0	0	0	0	0	0	0	0	0	0	0	0	0	0	0	0	0	0	0	0	0	0	0	0	0	0	0	0	0	0	0	0	0	0	0	0	0	0	0	0	0	0	0	0	0	0	0	0	0	0	0	0	0	0	0	0	0	0	0	0	0	0	0	0	0	0	0	0	0	0	0	0	0	0	0	0	0	0
0	0	0	0	0.00420704068615	0	9.04739932506e-06	0.00290421518335	9.04739932506e-06	0.00188185905961	0.000542843959504	0	9.04739932506e-05	0	0	1.80947986501e-05	0	0	0	0	0.000117616191226	0	0	0	0.00139329949606	0	0	0	0.0041889458875	0	0	0	0	0	0	0	0	0	0	0.0186014530123	0.000226184983127	0.00211709144206	0	0.000244279781777	0.0037184811226	0.00426132508211	0.000759981543305	0.00490369043418	0.00066046015073	0.00163757927784	0.00064236535208	0	0	9.04739932506e-05	1.80947986501e-05	0.00907454152304	0	0	0	0.0117073347266	0	3.61895973003e-05	0	0.00564557717884	0.00256041400899	0	0	2.71421979752e-05	0	0.00177329026771	0	0	0	0	4.52369966253e-05	0	0	0.00177329026771	0	0.00175519546906	0.000398085570303	0.000389038170978	0.000171900587176	0
0	0	0	0	0	0	0	0	0	3.61895973003e-05	0	0	0	0	0	0	0	0	0	0	0	0	0	0	0	0	0	0	0	0	0	0	0	0	0	0	0	0	0	0.000226184983127	0.00655936451067	0.00121235150956	0	4.52369966253e-05	0.0030670683712	1.80947986501e-05	0	0.000217137583802	0	0	0.00500321182676	0	0	0	0	0.000117616191226	0	0	0	0.00254231921034	0	0	0	0.00121235150956	0	0	0	0.00116711451293	0	0.000171900587176	0	0	0	0	0	0	0	9.04739932506e-06	0	9.04739932506e-06	0	0.0041165666929	0.00178233766704	0
0	0	0	0	0.00173710067041	0	0	0	0	0	0.000199042785151	0	0.000153805788526	0	0	0	0	0	0	0	0	0	0	0	0	0	0	0	0	0	0	0	0	0	0	0	0	0	0	0.00211709144206	0.00121235150956	0.0288521564476	0.000904739932506	0.00781695301686	0	0.00943643749604	0.00209899664341	0.0101421346434	0.000940929529807	0.00827837038243	0.00360086493138	0	0	0.00142948909336	0.000470464764903	0.00387228691113	9.04739932506e-06	0	1.80947986501e-05	0.000280469379077	0	0.000298564177727	9.04739932506e-06	0.000425227768278	0.00778981081888	3.61895973003e-05	0	0.000199042785151	0	0.00301278397525	0	0	0	0	0	0	0	0.000524749160854	1.80947986501e-05	0.00348324874015	0.000361895973003	0.00234327642519	0.000560938758154	0
0	0	0	0	0	0	0	0	0	0	0	0	0	0	0	0	0	0	0	0	0	0	0	0	0	0	0	0	0	0	0	0	0	0	0	0.00365514932733	0	4.52369966253e-05	0	0	0	0.000904739932506	0.0444408254847	0.00688507088637	0	0.00508463842069	0.000117616191226	0	0.000108568791901	0.0110830641732	0	0	0	9.04739932506e-06	0	0	0.00534701300111	0	0.000325706375702	0.000533796560179	0	0	0	0.017868613667	0.00491273783351	0.00634222692687	0	0	0.000977119127107	0.00176424286839	0	0	0	0	0	0	0	1.80947986501e-05	9.04739932506e-06	0.00104045092238	0.000389038170978	9.04739932506e-06	4.52369966253e-05	0
0	0	0	0	0	0	0	0	0	0	8.14265939256e-05	0	0	0	0	0	0	0	0	0	0	0	0	0	0	0	0	0	0	0	0	0	0	0	0	0.0067855494938	0	3.61895973003e-05	0	0.000244279781777	4.52369966253e-05	0.00781695301686	0.00688507088637	0.0381528829538	0	0.0112278225624	4.52369966253e-05	0.00145663129134	3.61895973003e-05	0.0293769056085	0.000316658976377	0	0	2.71421979752e-05	2.71421979752e-05	0.000669507550055	0.00334753775027	0	0.00742791484588	0.00130282550281	0	9.04739932506e-06	1.80947986501e-05	0.00275040939482	0.00142948909336	0.00639651132282	0	0.000253327181102	0	0.000904739932506	9.04739932506e-06	0	0	0	0	0	0	0.00171900587176	2.71421979752e-05	0.00215328103937	0.000895692533181	0.000687602348705	0.00152901048594	0
0	0	0	0	0.00166472147581	2.71421979752e-05	1.80947986501e-05	0.00251517701237	0	0.0120601833003	0	0	1.80947986501e-05	9.04739932506e-06	1.80947986501e-05	2.71421979752e-05	0	0	0	0	3.61895973003e-05	0	0.000506654362204	0	0.0066046015073	0	1.80947986501e-05	0	0.00865836115409	0.000226184983127	0	9.04739932506e-06	0	0	0.000199042785151	0	0.00461417365578	0	0	0.0037184811226	0.0030670683712	0	0	0	0.0344253544319	0.000904739932506	0	0.00138425209673	7.23791946005e-05	0	0.00410751929358	0.000117616191226	0	0	0	0.00104949832171	0.000199042785151	0.00990690226095	9.04739932506e-06	0.0294221426051	0.000379990771653	0	0.00256041400899	0.0099611866569	0	0	0	0.000253327181102	0	2.71421979752e-05	0.00290421518335	6.33317952754e-05	0.000226184983127	0.000153805788526	8.14265939256e-05	0	0	0.00155615268391	0.000560938758154	0	0	0.00265993540157	0.000560938758154	0
0	0	0	0	0.00106759312036	0	9.04739932506e-06	0.000389038170978	2.71421979752e-05	0.000389038170978	0.00112187751631	0	0	0	1.80947986501e-05	0	0	0	0	0	0	0	0	0	0.000289516778402	0	0	0	0.00069664974803	0	0	0	0	0	0	0.000271421979752	0	0	0	0.00426132508211	1.80947986501e-05	0.00943643749604	0.00508463842069	0.0112278225624	0.000904739932506	0.0413737571135	0.000814265939256	0.00532891820246	0.000524749160854	0.0137701417727	0.00149282088864	0	0	0.000778076341956	0.000479512164228	0.00639651132282	0	0	0	0.00783504781551	0	4.52369966253e-05	0	0.0101059450461	0.00694840268165	0	0	9.04739932506e-06	0	0.00452369966253	9.04739932506e-05	0	0	0	9.04739932506e-06	0	0	0.00121235150956	0	0.0038270499145	0.000986166526432	0.000913787331831	0.000361895973003	0
0	0	0	0	0.000307611577052	0	9.04739932506e-06	0	4.52369966253e-05	0	0.000515701761529	4.52369966253e-05	0	0.000705697147355	9.04739932506e-06	0	0	0	0	0	0	0	0	0	0	0.000117616191226	0.000126663590551	0.000217137583802	0	0	0	0.000135710989876	0	0	0	0	9.04739932506e-05	0	0	0.000759981543305	0	0.00209899664341	0.000117616191226	4.52369966253e-05	0	0.000814265939256	0.0250160591338	0.00281374119009	0.00927358430819	0.000416180368953	0	2.71421979752e-05	0	0.00557319798424	0.00144758389201	0.00168281627446	0	0	2.71421979752e-05	0.000968071727782	0.000931882130482	0.00239756082114	0.000262374580427	0.000949976929132	0.00706601887287	0	0	9.04739932506e-06	3.61895973003e-05	0.0114992445422	0	0.000515701761529	0	0	0	0	0.000389038170978	9.04739932506e-05	0.000597128355454	0.0104135566231	0.000470464764903	0	0	0.000189995385826
0	0	0	0	0.00248803481439	1.80947986501e-05	9.04739932506e-06	0	0	0.000615223154104	0.00169186367379	0	0.000759981543305	0	0	1.80947986501e-05	0	0	0	0	0	0	0	0	3.61895973003e-05	0	0	0	0.000117616191226	0	0	0	0	0	0	0	0	0	0	0.00490369043418	0.000217137583802	0.0101421346434	0	0.00145663129134	0.00138425209673	0.00532891820246	0.00281374119009	0.0243555989831	0.00133901510011	0.00741886744655	0.00195423825421	0	0	0.00227089723059	0.00120330411023	0.0131549186186	0	0	0	0.00159234228121	0	0.000488559563553	0	0.000569986157479	0.0105130780157	0	0	4.52369966253e-05	0	0.00483131123958	0	0	0	0	7.23791946005e-05	0	0	1.80947986501e-05	0	0.00436989387401	0.000117616191226	0.000968071727782	7.23791946005e-05	0
0	8.14265939256e-05	0	0	0.000144758389201	0	9.04739932506e-06	0	4.52369966253e-05	0	0.000298564177727	0.000153805788526	0	0.00509368582001	9.04739932506e-06	0	0	0	0	0	0	0	0	0	0	0.000307611577052	0.00219851803599	0.00331134815297	0	0	0	0.00197233305286	0	0	0	0	0.00325706375702	0	0	0.00066046015073	0	0.000940929529807	0.000108568791901	3.61895973003e-05	7.23791946005e-05	0.000524749160854	0.00927358430819	0.00133901510011	0.0215780473903	0.000117616191226	0	9.04739932506e-06	0	0	0	0.00112187751631	0	7.23791946005e-05	9.04739932506e-06	0.000895692533181	0.00626984773227	0.00212613884139	0.00532891820246	0.000832360737906	0.00348324874015	0	1.80947986501e-05	9.04739932506e-06	3.61895973003e-05	0.00437894127333	1.80947986501e-05	0.00305802097187	9.04739932506e-06	0	0	0	0.00130282550281	0.00138425209673	0.00294040478065	0.00656841191	0.000271421979752	0	0	0.000180947986501
0	0	0	0	0.000859502935881	0	0	0	0	0	0.000569986157479	0	0	0	0	0	0	0	0	0	0	0	0	0	0	0	9.04739932506e-06	1.80947986501e-05	0	0	0	0	0	0	0	0.0144125071248	0	5.42843959504e-05	0	0.00163757927784	0	0.00827837038243	0.0110830641732	0.0293769056085	0	0.0137701417727	0.000416180368953	0.00741886744655	0.000117616191226	0.0637660704431	0.000434275167603	0	0	9.04739932506e-06	0	0.00484035863891	0.00615223154104	0	0.0106125994083	0.00160138968054	0	1.80947986501e-05	6.33317952754e-05	0.00442417826996	0.0157424748256	0.0133449140045	0	9.95213925757e-05	0	0.00265993540157	0.000262374580427	1.80947986501e-05	0	0	0	0	0	0.00286802558605	0.000416180368953	0.0038994291091	0.00240660822047	0.000841408137231	0.00161043707986	9.04739932506e-06
0	0	0	0	3.61895973003e-05	1.80947986501e-05	9.04739932506e-06	0	0	0.000189995385826	0	0	0	0	0	1.80947986501e-05	0	0	0	0	0	0	0	0	0	0	0	0	2.71421979752e-05	0	0	0	0	0	0	0	0	0	0	0.00064236535208	0.00500321182676	0.00360086493138	0	0.000316658976377	0.00410751929358	0.00149282088864	0	0.00195423825421	0	0.000434275167603	0.010160229442	0	0	0	0	0.000968071727782	0	0	0	0.00316658976377	0	0	0	0.00130282550281	0.000117616191226	0	0	0.000560938758154	0	2.71421979752e-05	0	0	0	0	2.71421979752e-05	0	0	0	0	0	0	0.00508463842069	0.00103140352306	0
0	0	9.04739932506e-06	0	0	0	0	0	0	0.000307611577052	0	0	0	0	0	0	0.00584461996399	0	0	0	0	0.000633317952754	0.0120420885017	0.00922834731157	0.00132996770078	0	9.04739932506e-06	0.000741886744655	0.000316658976377	0	0	0	0	0	0	0	0.00167376887514	1.80947986501e-05	0	0	0	0	0	0	0.000117616191226	0	2.71421979752e-05	0	9.04739932506e-06	0	0	0.0320549358087	0	3.61895973003e-05	1.80947986501e-05	0	0.00165567407649	0.0232789584634	0.0070026870776	0.00475893204498	0	7.23791946005e-05	0.0136615729808	0.000850455536556	0	0	0	0	0	0	0.000868550335206	0	2.71421979752e-05	0	0	0	0	0.0034651539415	0.00158329488189	9.04739932506e-05	2.71421979752e-05	0	0	0
0	0	0	0	0	0	0	0	0	0	0	0	0	0	0	0	0	0	0	0	0	0	0	0	0	0	0	0	0	0	0	0	0	0	0	0	0	0.00557319798424	0	0	0	0	0	0	0	0	0	0	0	0	0	0	0.0188095431968	0.000162853187851	0.000633317952754	0	0.00436989387401	0	0.00981642826769	0	0	0.00380895511585	0.00599842575252	0	0	0.000226184983127	0	0	9.04739932506e-06	0.00185471686164	0	0	0	0	0	0	0	0	0	0.00067855494938	0	0	0	0
0	0	0	0	9.95213925757e-05	0	0	0	0	0	0.000488559563553	0	0	0	0	0	0	0	0	0	0	0	0	0	0	0	3.61895973003e-05	0.000189995385826	0	0	0	0	0	0	0	0	0	0	0	9.04739932506e-05	0	0.00142948909336	9.04739932506e-06	2.71421979752e-05	0	0.000778076341956	0.00557319798424	0.00227089723059	0	9.04739932506e-06	0	3.61895973003e-05	0.000162853187851	0.0148829718897	0.00592604655792	0.00104045092238	2.71421979752e-05	0	5.42843959504e-05	0.000262374580427	0	0.00432465687738	0.00171900587176	0.000189995385826	0.00312135276715	0	0	0	0	0.00528368120584	9.04739932506e-06	0.000135710989876	0	0	0	0	0	0.000687602348705	0.000949976929132	0.00595318875589	0.000705697147355	0	0	0
0	0	0	0	0	0	0	0	0	0	0.000407132969628	0	0	0	0	0	0	0	0	0	0	0	0	0	0	0	8.14265939256e-05	0.000280469379077	0	0	0	0	0	0	0	0	0	0.000135710989876	0	1.80947986501e-05	0	0.000470464764903	0	2.71421979752e-05	0	0.000479512164228	0.00144758389201	0.00120330411023	0	0	0	1.80947986501e-05	0.000633317952754	0.00592604655792	0.0199404681124	0.00071474454668	4.52369966253e-05	0	0.000199042785151	0.000117616191226	0	0.0099249970596	0.00675840729582	7.23791946005e-05	0.00178233766704	0	0	0	0	0.00669507550055	1.80947986501e-05	0	0	0	0	0	0	0.00104045092238	0.00178233766704	0.00706601887287	0.000922834731157	0	0	0
0	0	0	0	0.00298564177727	0	0	0.000271421979752	0	0.000597128355454	0.00245184521709	0	0	0	0	0	0	0	0	0	0	0	0	0	0.000180947986501	0	0	0	0.000470464764903	0	0	0	0	0	0	0	0	0	0	0.00907454152304	0.000117616191226	0.00387228691113	0	0.000669507550055	0.00104949832171	0.00639651132282	0.00168281627446	0.0131549186186	0.00112187751631	0.00484035863891	0.000968071727782	0	0	0.00104045092238	0.00071474454668	0.0191262021732	0	0	0	0.00329325335432	0	0.000235232382452	0	0.00100426132508	0.00664983850392	0	0	3.61895973003e-05	0	0.00343801174352	0	0	0	0	4.52369966253e-05	0	0	0.000542843959504	0	0.00303992617322	0.000289516778402	0.000615223154104	9.04739932506e-05	0
1.80947986501e-05	0	0	0	0	0	0	1.80947986501e-05	1.80947986501e-05	0.000488559563553	0	0	0	0	1.80947986501e-05	0	1.80947986501e-05	0	0	0	0	0	0.000434275167603	4.52369966253e-05	0.000497606962879	0	0	0.000126663590551	0.000443322566928	0	0	0	0	0	0	0.00447846266591	0	0.00655031711135	0	0	0	9.04739932506e-06	0.00534701300111	0.00334753775027	0.000199042785151	0	0	0	0	0.00615223154104	0	0.00165567407649	0.00436989387401	2.71421979752e-05	4.52369966253e-05	0	0.0704068615476	0.00158329488189	0.0361081707063	0.00170995847244	0	4.52369966253e-05	0.000624270553429	0.0136887151788	0.00142044169404	0.015724380027	0	0	0.00166472147581	0.00654126971202	0.000352848573677	0	0.000208090184476	9.95213925757e-05	0.000180947986501	0	0	0.0070388766749	0.000325706375702	0.00663174370527	0.00184566946231	5.42843959504e-05	4.52369966253e-05	0
0	0	0	0	0	0	0	0	0	0.00181852726434	0	0	0	0	0	0	0.00641460612147	0	0	0	0	0.000787123741281	0.0151001094735	0.0101964190393	0.00170995847244	0	9.04739932506e-06	0.00748219924183	0.00157424748256	0	0	0	0	0	0	0	0.00846836576826	0	0	0	0	0	0	0	0.00990690226095	0	0	0	7.23791946005e-05	0	0	0.0232789584634	0	0	0	0	0.00158329488189	0.0495526061034	0.00362800712935	0.0139510897592	0.000379990771653	0	0.0222204127424	0.00215328103937	0	0	0	0	0	0	0.00514797021596	0.00143853649269	0	0	0	0	0	0.00104949832171	0.00247898741507	0	0	0	0	0
9.95213925757e-05	0	1.80947986501e-05	0	0	0	0	5.42843959504e-05	8.14265939256e-05	5.42843959504e-05	0	0	0	0	9.95213925757e-05	0	0.00185471686164	0	0	0	0	0.000533796560179	0.00341991694487	0.00219851803599	0.000995213925757	0	0	0.00066046015073	0.000117616191226	0	0	0	0	0	0	0.00748219924183	0	0.0177148078785	0	0	0	1.80947986501e-05	0.000325706375702	0.00742791484588	9.04739932506e-06	0	2.71421979752e-05	0	9.04739932506e-06	0.0106125994083	0	0.0070026870776	0.00981642826769	5.42843959504e-05	0.000199042785151	0	0.0361081707063	0.00362800712935	0.0855883976151	0.00157424748256	0	0.00218947063667	0.00854074496286	0.00209899664341	0.0036099123307	0.00778076341956	0	0	0.00327515855567	0.00641460612147	0.000651412751405	0	0.00132996770078	0.00066046015073	0.00101330872441	0	0	0.0118792353138	0.000949976929132	0.00702982927557	0.00114901971428	1.80947986501e-05	1.80947986501e-05	0
0	0	0	0	0.00209899664341	0	0.000135710989876	0.00515701761529	0.000886645133856	0.0111463959685	0.000271421979752	0	0.000108568791901	9.04739932506e-06	0.000597128355454	1.80947986501e-05	0	0	0	0	0.000144758389201	0	0.000479512164228	9.04739932506e-06	0.00878502474464	0	1.80947986501e-05	2.71421979752e-05	0.012747785649	0.000253327181102	0	9.04739932506e-06	0	0	0.000208090184476	4.52369966253e-05	0.0070750662722	0	0	0.0117073347266	0.00254231921034	0.000280469379077	0.000533796560179	0.00130282550281	0.0294221426051	0.00783504781551	0.000968071727782	0.00159234228121	0.000895692533181	0.00160138968054	0.00316658976377	0.00475893204498	0	0.000262374580427	0.000117616191226	0.00329325335432	0.00170995847244	0.0139510897592	0.00157424748256	0.0699635389807	0.000379990771653	3.61895973003e-05	0.0040441874983	0.029946891766	0.00502130662541	0.00308516316985	0	0.000208090184476	0.00203566484814	0.00568176677614	0.00275945679414	0	0.000262374580427	0.000171900587176	9.04739932506e-05	3.61895973003e-05	0	0.00760886283238	0.000199042785151	0.00526558640719	0.00178233766704	0.00249708221372	0.000913787331831	0
