0.00707136044204	0	0	0	0	0	1.82722492042e-05	0.0017358636744	0.000197340291406	0.00136676424048	0.000146177993634	0.000157141343156	7.3088996817e-06	0	0.00221094215371	0	3.65444984085e-06	7.3088996817e-06	1.09633495225e-05	4.01989482493e-05	1.09633495225e-05	0	7.67434466578e-05	0	0.000314282686313	0	1.46177993634e-05	3.65444984085e-06	0.000416607281857	0.00542685801366	0.0013594553408	0	0	8.77067961804e-05	0.000573748625013	0.00034351828504	0	3.65444984085e-06	0	0	0	0	1.46177993634e-05	0	0.000241193689496	7.3088996817e-06	2.19266990451e-05	7.3088996817e-06	2.19266990451e-05	0.000193685841565	0	0.000204649191088	0	0	0	7.3088996817e-06	0.000266774838382	0.000116942394907	0.000208303640928	7.67434466578e-05	3.65444984085e-06	3.65444984085e-06	3.65444984085e-06	8.03978964987e-05	0.000405643932334	0.000434879531061	0	3.65444984085e-06	0	9.13612460212e-05	8.03978964987e-05	3.65444984085e-06	0.000668764320875	8.40523463395e-05	2.55811488859e-05	0	0	0.000277738187905	7.3088996817e-06	5.11622977719e-05	7.3088996817e-06	0	0	0
0	0.010882951626	0.000836869013554	0	3.65444984085e-06	0	1.09633495225e-05	2.92355987268e-05	1.82722492042e-05	0.00353750744594	1.82722492042e-05	1.46177993634e-05	0	0.000588366424377	3.65444984085e-06	0	0.000296010437109	6.21256472944e-05	0	1.09633495225e-05	0	3.65444984085e-06	0.00390660687987	7.67434466578e-05	0.00126809409477	0.00111095275162	0.00119135064812	0.00778397816101	4.7507847931e-05	0	0	7.3088996817e-06	0	0	1.82722492042e-05	3.65444984085e-06	0.00359963309324	0	0	0	0	0	0	3.65444984085e-06	2.55811488859e-05	0	4.01989482493e-05	0	3.65444984085e-05	3.65444984085e-06	0	7.3088996817e-06	0.000105979045385	0	5.11622977719e-05	0	0	0.000168104692679	7.3088996817e-06	2.19266990451e-05	0.000116942394907	0.00017175914252	0.00336574830342	3.65444984085e-06	3.65444984085e-06	3.65444984085e-06	0	0	0	0.000197340291406	0.00021561254061	9.50156958621e-05	7.3088996817e-06	3.65444984085e-06	0	0	0.000193685841565	0.000200994741247	0.00017175914252	0.000142523543793	0	0	0	1.46177993634e-05
0	0.000836869013554	0.038232854235	0	0	0	0.000160795792997	0.0019149317166	0.000369099433926	0.000398335032653	0.000277738187905	0.000135214644111	3.65444984085e-06	1.09633495225e-05	0.000142523543793	3.65444984085e-06	0.000979392557347	0.00874509846915	7.3088996817e-06	0.000354481634562	7.3088996817e-06	0.00038737168313	0.000124251294589	0.0120962289732	0.0012790574443	1.82722492042e-05	0.00678631335446	0.0136895691038	0.00274814628032	1.82722492042e-05	0.000712617718965	0	0	0	0.00133021974207	1.82722492042e-05	0.00565708835363	0.00243751804385	0	0	0	7.3088996817e-06	4.38533980902e-05	2.19266990451e-05	4.01989482493e-05	0	1.82722492042e-05	2.19266990451e-05	6.21256472944e-05	0.000153486893316	0	8.40523463395e-05	0.00159699458045	2.92355987268e-05	0.000200994741247	1.82722492042e-05	1.46177993634e-05	0.000975738107507	0.00017175914252	4.7507847931e-05	0.000113287945066	0.00202091076199	0.00565708835363	0.000149832443475	0.000190031391724	8.03978964987e-05	0	0	0	0.000274083738064	0.00651588406623	0.00235712014735	0.00300395776918	0.000153486893316	5.84711974536e-05	0	3.65444984085e-06	0.000595675324058	0.00021561254061	0.000285047087586	2.92355987268e-05	3.65444984085e-06	0	1.09633495225e-05
0	0	0	0	0	0	0	0	0	0	0	0	0	0	0	0	0	0	0	0	0	0	0	0	0	0	0	0	0	0	0	0	0	0	0	0	0	0	0	0	0	0	0	0	0	0	0	0	0	0	0	0	0	0	0	0	0	0	0	0	0	0	0	0	0	0	0	0	0	0	0	0	0	0	0	0	0	0	0	0	0	0	0	0
0	3.65444984085e-06	0	0	0.0135872445083	0	0.000277738187905	0.000200994741247	4.7507847931e-05	0.00273352848095	0.00221094215371	0.000211958090769	0.00180529822138	4.38533980902e-05	4.38533980902e-05	0.000412952832016	0	0	3.65444984085e-06	7.3088996817e-06	0.00523682662194	3.65444984085e-06	9.13612460212e-05	7.3088996817e-06	0.00573017735045	0	3.65444984085e-06	1.09633495225e-05	0.00376042888623	3.65444984085e-05	0	0	2.92355987268e-05	0	0.000274083738064	1.09633495225e-05	3.65444984085e-06	7.3088996817e-06	0	0.0016371935287	0	1.09633495225e-05	0.000160795792997	0	8.03978964987e-05	3.65444984085e-06	0	3.28900485676e-05	0	1.46177993634e-05	0	1.09633495225e-05	0	0	0	0.0011182616513	1.82722492042e-05	3.28900485676e-05	3.28900485676e-05	0.00160430348013	0	3.65444984085e-06	7.3088996817e-06	0.000650492071671	2.92355987268e-05	1.46177993634e-05	0	0	3.65444984085e-06	0.000668764320875	0.000270429288223	4.38533980902e-05	0.000332554935517	4.7507847931e-05	2.92355987268e-05	1.09633495225e-05	0	0.00030331933679	7.3088996817e-06	0.000456806230106	1.09633495225e-05	4.38533980902e-05	0	0
0	0	0	0	0	0.00473616699374	0.0017979893217	5.84711974536e-05	0.00118769619828	1.09633495225e-05	0.000361790534244	0	0.000102324595544	0	0.00047507847931	0.00160795792997	0	0	3.65444984085e-06	0	0	0	0	0	1.09633495225e-05	0	7.3088996817e-06	0	5.48167476127e-05	2.19266990451e-05	0	0	0.00243020914416	0	8.03978964987e-05	0	0	0	0	3.65444984085e-06	0	0	3.65444984085e-06	3.65444984085e-06	0	0	0	0	0	3.65444984085e-06	0	0	0	0	0	0	3.65444984085e-06	0	3.65444984085e-06	1.09633495225e-05	0	0	0	0	7.3088996817e-06	3.65444984085e-06	0	0	0	7.3088996817e-06	0.000175413592361	0	8.40523463395e-05	5.48167476127e-05	0.000814942314509	0.00073088996817	0	3.65444984085e-06	0	7.3088996817e-06	0	0	0	0
1.82722492042e-05	1.09633495225e-05	0.000160795792997	0	0.000277738187905	0.0017979893217	0.0486224551325	0.015016134396	0.0267834628836	0.00203187411151	0.026911368628	0.00136310979064	0.00732351748106	1.46177993634e-05	0.00432686861156	0.00411856497064	5.84711974536e-05	0.000142523543793	0.000142523543793	0.000369099433926	0.00304050226759	4.7507847931e-05	3.65444984085e-06	0.000164450242838	0.00131194749286	0	0.000310628236472	3.65444984085e-05	0.00562785275491	0.000434879531061	0.000105979045385	0	0.0056095805057	1.82722492042e-05	0.00187473276836	0.000354481634562	1.09633495225e-05	0.000237539239655	0	0.000939193609098	3.65444984085e-06	8.40523463395e-05	0.000358136084403	0.000135214644111	0.000131560194271	5.84711974536e-05	5.84711974536e-05	0.000164450242838	1.82722492042e-05	0.000285047087586	3.65444984085e-06	0	1.46177993634e-05	3.65444984085e-06	7.3088996817e-06	0.000186376941883	0.000471424029469	0	0.000526240777082	0.00203552856135	0	5.84711974536e-05	0	0.000888031311326	0.00140330873889	0.0017358636744	3.65444984085e-06	0	0.000153486893316	0.000822251214191	0.00111095275162	0.000157141343156	0.00249233479146	0.000953811408462	0.00221094215371	0.000124251294589	0	0.000350827184721	4.38533980902e-05	0.000507968527878	0.000248502589178	5.11622977719e-05	1.09633495225e-05	2.55811488859e-05
0.0017358636744	2.92355987268e-05	0.0019149317166	0	0.000200994741247	5.84711974536e-05	0.015016134396	0.079769331126	0.0251499238047	0.00764145461721	0.0269515675763	0.00131194749286	0.000219266990451	5.84711974536e-05	0.0179068042202	0.000570094175172	6.94345469761e-05	0.0048129104404	0.000131560194271	0.00314282686313	0.000277738187905	0.000986701457029	2.19266990451e-05	0.00337671165294	0.0069873080957	3.65444984085e-06	0.00139234538936	0.000661455421194	0.0318521848128	0.00440361205822	0.013225453974	0	0.00143619878745	0.000149832443475	0.00594578989106	0.000840523463395	8.40523463395e-05	0.000825905664032	0	0.00115480614971	3.65444984085e-06	8.40523463395e-05	0.000898994660849	0.000263120388541	0.00191127726676	0.000102324595544	0.000186376941883	0.000248502589178	5.48167476127e-05	0.00109633495225	0	0.000193685841565	5.48167476127e-05	3.65444984085e-06	1.82722492042e-05	0.000317937136154	0.000610293123422	2.19266990451e-05	0.000964774757984	0.00330362265613	2.19266990451e-05	9.50156958621e-05	4.01989482493e-05	0.00161161237981	0.00346076399928	0.00323053365931	1.46177993634e-05	3.65444984085e-05	0.000526240777082	0.00305877451679	0.00497736068324	0.000274083738064	0.00587270089424	0.00296375882093	0.000409298382175	0.000149832443475	0	0.00168470137663	9.50156958621e-05	0.0018162615709	0.000237539239655	9.13612460212e-05	1.46177993634e-05	2.55811488859e-05
0.000197340291406	1.82722492042e-05	0.000369099433926	0	4.7507847931e-05	0.00118769619828	0.0267834628836	0.0251499238047	0.0587927890396	0.00310262791488	0.0242728558429	0.00323418810915	0.00373119328751	1.82722492042e-05	0.0219120812457	0.00138138203984	6.57800971353e-05	0.00090630356053	0.000292355987268	0.00191858616645	0.00273352848095	0.00017175914252	0.000157141343156	0.000376408333607	0.00112557055098	0	0.000888031311326	0.000255811488859	0.00821520324223	0.00148736108523	0.00272987403111	0	0.0033547849539	3.28900485676e-05	0.0060298422374	0.00064683762183	3.28900485676e-05	0.00030331933679	0	0.000942848058939	3.65444984085e-06	0.000113287945066	0.000577403074854	0.000266774838382	0.000350827184721	9.86701457029e-05	7.67434466578e-05	0.000211958090769	2.19266990451e-05	0.000613947573263	3.65444984085e-06	0.000157141343156	2.19266990451e-05	3.65444984085e-06	1.46177993634e-05	0.000237539239655	0.000599329773899	0.000116942394907	0.000665109871034	0.00317937136154	0	8.03978964987e-05	7.3088996817e-06	0.00153486893316	0.00209034530897	0.00277007297936	7.3088996817e-06	0	0.000153486893316	0.00122424069668	0.00194051286549	0.000277738187905	0.00562054385523	0.00202821966167	0.00198071181374	9.50156958621e-05	0	0.000964774757984	5.84711974536e-05	0.000789361165623	0.000314282686313	4.7507847931e-05	1.09633495225e-05	4.38533980902e-05
0.00136676424048	0.00353750744594	0.000398335032653	0	0.00273352848095	1.09633495225e-05	0.00203187411151	0.00764145461721	0.00310262791488	0.0455417539167	0.00216343430578	0.000285047087586	0.002916250973	0.000708963269125	0.00315379021265	0.00219997880419	0.000504314078037	0.000328900485676	2.19266990451e-05	0.000288701537427	0.000606638673581	0.000182722492042	0.00858430267615	0.000793015615464	0.0208632541414	0.000829560113873	0.000836869013554	0.00341691060119	0.0060481144866	0.00332554935517	0.00248502589178	7.3088996817e-06	0.000336209385358	0.00017175914252	0.00120231399764	0.00164084797854	0.000482387378992	0.00017175914252	0	0.00261293163621	0	0.000146177993634	0.00148370663538	0.000204649191088	0.00801786295082	0.000168104692679	0.000200994741247	0.000453151780265	6.57800971353e-05	0.00099035590687	1.46177993634e-05	0.0036142508926	5.11622977719e-05	3.65444984085e-06	0.000138869093952	0.0017979893217	0.00193685841565	0.00228768560037	0.00151659668395	0.0057521040495	5.48167476127e-05	0.000263120388541	0.000738198867851	0.00250329814098	0.00444015655663	0.00461922459883	0	1.09633495225e-05	0.00124616739573	0.00562054385523	0.00799593625178	0.000518931877401	0.00125347629541	0.000518931877401	0.00213054425721	2.19266990451e-05	0.000325246035836	0.00484945493881	0.000394680582812	0.00314648131297	0.000230230339973	0.000248502589178	7.3088996817e-06	1.82722492042e-05
0.000146177993634	1.82722492042e-05	0.000277738187905	0	0.00221094215371	0.000361790534244	0.026911368628	0.0269515675763	0.0242728558429	0.00216343430578	0.0737614155877	0.00566805170316	0.00926403034655	0.000138869093952	0.00956004078366	0.000102324595544	6.21256472944e-05	0.000285047087586	0.000358136084403	0.001216931797	0.011686930591	9.50156958621e-05	1.09633495225e-05	0.000277738187905	0.001216931797	0	0.000588366424377	6.21256472944e-05	0.0107477369819	0.00276276407968	0.00012790574443	0	0.00175413592361	1.09633495225e-05	0.00803248075019	0.000222921440292	2.92355987268e-05	0.000361790534244	0	0.00174682702393	0	6.94345469761e-05	0.000168104692679	8.77067961804e-05	0.00103420930496	2.19266990451e-05	0.000113287945066	9.50156958621e-05	5.84711974536e-05	0.000339863835199	3.65444984085e-06	0.000263120388541	3.28900485676e-05	0	1.09633495225e-05	0.000807633414828	0.000445842880584	7.3088996817e-06	0.000529895226923	0.00272987403111	0	8.03978964987e-05	1.82722492042e-05	0.00104151820464	0.00144716213698	0.00060298422374	5.84711974536e-05	1.09633495225e-05	0.000391026132971	0.000975738107507	0.00392487912907	0.000676073220557	0.00972083657666	0.0021561254061	0.00141792653825	0.000292355987268	0	0.000416607281857	5.48167476127e-05	0.000489696278674	0.000420261731698	2.92355987268e-05	0	4.38533980902e-05
0.000157141343156	1.46177993634e-05	0.000135214644111	0	0.000211958090769	0	0.00136310979064	0.00131194749286	0.00323418810915	0.000285047087586	0.00566805170316	0.0339242578726	0.00206476416008	0.00433052306141	0.0029966488695	3.65444984085e-06	0.000200994741247	0.00215977985594	0.00270063843239	0.0103274752502	0.0021743976553	0.00102324595544	1.82722492042e-05	0.000913612460212	0.000179068042202	0.00090264911069	0.00500659628196	0.000624910922785	0.00094650250878	0.0021561254061	0.000942848058939	1.46177993634e-05	6.21256472944e-05	0.000105979045385	0.0165875478276	0.000116942394907	0.000270429288223	1.46177993634e-05	0	8.40523463395e-05	0	2.19266990451e-05	8.03978964987e-05	8.77067961804e-05	5.11622977719e-05	7.3088996817e-06	0.000482387378992	1.46177993634e-05	0.00125347629541	0.000197340291406	0	4.01989482493e-05	0	4.38533980902e-05	0.00012790574443	7.67434466578e-05	3.28900485676e-05	1.09633495225e-05	2.55811488859e-05	0.000288701537427	0.000511622977719	0.00055913082565	0.000683382120239	0.00021561254061	0.00038737168313	4.7507847931e-05	0.000555476375809	7.3088996817e-06	7.3088996817e-06	0.000332554935517	0.00128636634398	0.00596771659011	0.0191237360172	0.00213419870706	4.01989482493e-05	3.65444984085e-06	0.000288701537427	0.000182722492042	4.01989482493e-05	0.000164450242838	7.67434466578e-05	1.09633495225e-05	3.65444984085e-06	2.55811488859e-05
7.3088996817e-06	0	3.65444984085e-06	0	0.00180529822138	0.000102324595544	0.00732351748106	0.000219266990451	0.00373119328751	0.002916250973	0.00926403034655	0.00206476416008	0.0269917665245	5.48167476127e-05	0.00132291084239	0.00190031391724	1.82722492042e-05	0	5.48167476127e-05	6.21256472944e-05	0.0102580407033	0	0.000113287945066	3.65444984085e-06	0.00339498390215	0	9.13612460212e-05	3.28900485676e-05	0.00112191610114	0.000493350728515	1.82722492042e-05	0	0.00043122508122	0	0.0027737274292	4.38533980902e-05	0	2.55811488859e-05	0	0.000997664806552	7.3088996817e-06	0.000942848058939	0.000124251294589	0.000186376941883	5.48167476127e-05	2.92355987268e-05	3.65444984085e-05	0.00272256513143	1.46177993634e-05	0.001216931797	9.86701457029e-05	1.82722492042e-05	0	0	3.65444984085e-06	0.00225845000164	3.28900485676e-05	4.7507847931e-05	5.84711974536e-05	0.000913612460212	0	3.28900485676e-05	3.65444984085e-06	0.000263120388541	0.00157506788141	3.28900485676e-05	7.3088996817e-06	1.82722492042e-05	3.65444984085e-06	0.000581057524695	0.000679727670398	0.000204649191088	0.00283950752634	0.000365444984085	0.00111095275162	1.46177993634e-05	0	0.000186376941883	1.09633495225e-05	0.000376408333607	0.000164450242838	2.55811488859e-05	0	7.3088996817e-06
0	0.000588366424377	1.09633495225e-05	0	4.38533980902e-05	0	1.46177993634e-05	5.84711974536e-05	1.82722492042e-05	0.000708963269125	0.000138869093952	0.00433052306141	5.48167476127e-05	0.0152207835871	2.55811488859e-05	3.65444984085e-06	0.000244848139337	2.19266990451e-05	1.09633495225e-05	5.11622977719e-05	5.48167476127e-05	0	0.000610293123422	1.09633495225e-05	0.000230230339973	0.00479098374135	0.00350827184721	0.00174317257408	2.92355987268e-05	7.3088996817e-06	7.3088996817e-06	0.000149832443475	0	0	0.000358136084403	3.65444984085e-05	0.00034351828504	0	0	1.09633495225e-05	0	0	7.3088996817e-06	1.46177993634e-05	3.65444984085e-05	2.19266990451e-05	0.00124251294589	3.28900485676e-05	0.00373484773735	8.40523463395e-05	0	1.46177993634e-05	3.65444984085e-06	0.00017175914252	0.000274083738064	4.38533980902e-05	7.3088996817e-06	7.3088996817e-06	1.09633495225e-05	0.000197340291406	0.00183087937027	0.00111460720146	0.00167373802711	4.01989482493e-05	0.000146177993634	2.19266990451e-05	0.00162257572934	3.65444984085e-06	7.3088996817e-06	0.000449497330424	0.000570094175172	0.00398700477637	0.000650492071671	3.65444984085e-05	2.92355987268e-05	0	0.00131560194271	0.000255811488859	0.00012790574443	0.000200994741247	4.7507847931e-05	0	0	6.21256472944e-05
0.00221094215371	3.65444984085e-06	0.000142523543793	0	4.38533980902e-05	0.00047507847931	0.00432686861156	0.0179068042202	0.0219120812457	0.00315379021265	0.00956004078366	0.0029966488695	0.00132291084239	2.55811488859e-05	0.0460716491436	0.000745507767533	6.21256472944e-05	0.000782052265942	0.000255811488859	0.00210861755817	0.00108171715289	0.00012790574443	0.000281392637745	0.000361790534244	0.00094650250878	1.09633495225e-05	0.00111095275162	0.000420261731698	0.00529895226923	0.00826271109016	0.00420627176682	0	0.00436706755981	8.03978964987e-05	0.00786072160767	0.000464115129788	1.09633495225e-05	3.28900485676e-05	0	8.77067961804e-05	0	2.19266990451e-05	0.000252157039019	0.000116942394907	0.000639528722149	3.65444984085e-05	0.000135214644111	7.67434466578e-05	5.11622977719e-05	0.000471424029469	0	0.000376408333607	3.65444984085e-06	3.65444984085e-06	7.3088996817e-06	7.3088996817e-05	0.00038737168313	0.000244848139337	0.000321591585995	0.000968429207825	3.65444984085e-06	4.01989482493e-05	2.19266990451e-05	0.000493350728515	0.00105979045385	0.00127174854462	3.65444984085e-06	3.65444984085e-06	3.65444984085e-05	0.000588366424377	0.0035155807469	0.000292355987268	0.00670226100812	0.00271891068159	0.00152025113379	0.000332554935517	1.46177993634e-05	0.000997664806552	2.92355987268e-05	0.000486041828833	0.000405643932334	0	7.3088996817e-06	0.000116942394907
0	0	3.65444984085e-06	0	0.000412952832016	0.00160795792997	0.00411856497064	0.000570094175172	0.00138138203984	0.00219997880419	0.000102324595544	3.65444984085e-06	0.00190031391724	3.65444984085e-06	0.000745507767533	0.00919459579958	2.55811488859e-05	0	0	1.46177993634e-05	0.000102324595544	1.09633495225e-05	3.65444984085e-06	7.3088996817e-06	0.00198436626358	0	1.82722492042e-05	1.09633495225e-05	0.000292355987268	1.46177993634e-05	3.28900485676e-05	0	0.00222921440292	0	2.55811488859e-05	2.19266990451e-05	0	3.65444984085e-06	0	0	0	0	1.09633495225e-05	7.3088996817e-06	0	7.3088996817e-06	0	1.46177993634e-05	0	2.19266990451e-05	0	0	0	0	0	7.3088996817e-06	4.38533980902e-05	3.65444984085e-06	1.82722492042e-05	2.19266990451e-05	0	3.65444984085e-06	0	3.65444984085e-05	8.40523463395e-05	4.01989482493e-05	0	0	3.65444984085e-06	4.38533980902e-05	0.000917266910053	0	6.57800971353e-05	5.11622977719e-05	0.00240097354544	0.000482387378992	0	3.28900485676e-05	0	3.28900485676e-05	0	7.3088996817e-06	0	0
3.65444984085e-06	0.000296010437109	0.000979392557347	0	0	0	5.84711974536e-05	6.94345469761e-05	6.57800971353e-05	0.000504314078037	6.21256472944e-05	0.000200994741247	1.82722492042e-05	0.000244848139337	6.21256472944e-05	2.55811488859e-05	0.0340010013193	0.000120596844748	1.46177993634e-05	0.0002594659387	1.82722492042e-05	0.00177240817281	0.014902846451	0.00619429248024	0.016624092326	0.000233884789814	0.00135580089095	0.00512719312671	0.00347172734881	3.65444984085e-05	4.38533980902e-05	3.65444984085e-06	0	1.09633495225e-05	0.000252157039019	3.28900485676e-05	0.000639528722149	0.000263120388541	0	8.77067961804e-05	0	3.65444984085e-06	2.19266990451e-05	3.28900485676e-05	0.000142523543793	2.19266990451e-05	2.19266990451e-05	5.48167476127e-05	0.000105979045385	8.03978964987e-05	0	0.00504314078037	1.82722492042e-05	3.65444984085e-06	4.01989482493e-05	0.000153486893316	0.00438899425886	0.0103457474994	0.0103347841499	0.000208303640928	0.000548167476127	0.000116942394907	0.00230595784958	0.000190031391724	0.000175413592361	0.000467769579629	2.55811488859e-05	3.65444984085e-06	3.65444984085e-06	0.000233884789814	0.00655973746432	0.00125347629541	0.00090264911069	0.000442188430743	0.000164450242838	3.65444984085e-06	4.01989482493e-05	0.00116576949923	4.01989482493e-05	0.000153486893316	2.19266990451e-05	1.46177993634e-05	0	0
7.3088996817e-06	6.21256472944e-05	0.00874509846915	0	0	0	0.000142523543793	0.0048129104404	0.00090630356053	0.000328900485676	0.000285047087586	0.00215977985594	0	2.19266990451e-05	0.000782052265942	0	0.000120596844748	0.0366431685542	9.86701457029e-05	0.00746969547469	7.3088996817e-06	0.00106344490369	5.11622977719e-05	0.00843812468252	0.000255811488859	1.46177993634e-05	0.0047507847931	0.00157141343156	0.0036142508926	0.000146177993634	0.00582153859647	0	3.65444984085e-06	5.11622977719e-05	0.00623449142849	2.55811488859e-05	0.00540493131462	0.00169566472615	0	0	3.65444984085e-06	7.3088996817e-06	3.65444984085e-06	1.09633495225e-05	6.21256472944e-05	1.09633495225e-05	5.11622977719e-05	4.7507847931e-05	1.09633495225e-05	1.82722492042e-05	0	7.3088996817e-06	0.000909958010371	2.55811488859e-05	0.00103055485512	5.11622977719e-05	4.01989482493e-05	5.84711974536e-05	0.000157141343156	5.48167476127e-05	3.65444984085e-05	0.00474347589342	0.00198071181374	4.7507847931e-05	5.84711974536e-05	4.01989482493e-05	2.19266990451e-05	7.3088996817e-06	0	0.00060298422374	0.00187473276836	0.00859892047552	0.00392122467923	0.000365444984085	0	0	0	0.000778397816101	0.000588366424377	0.000442188430743	5.48167476127e-05	0	7.3088996817e-06	0
1.09633495225e-05	0	7.3088996817e-06	0	3.65444984085e-06	3.65444984085e-06	0.000142523543793	0.000131560194271	0.000292355987268	2.19266990451e-05	0.000358136084403	0.00270063843239	5.48167476127e-05	1.09633495225e-05	0.000255811488859	0	1.46177993634e-05	9.86701457029e-05	0.00443650210679	0.00175048147377	4.38533980902e-05	4.7507847931e-05	0	2.55811488859e-05	1.09633495225e-05	1.09633495225e-05	0.00130098414334	2.92355987268e-05	0.000105979045385	8.77067961804e-05	2.92355987268e-05	0	7.3088996817e-06	7.3088996817e-06	0.000851486812918	7.3088996817e-06	2.55811488859e-05	0	0	7.3088996817e-06	0	0	3.65444984085e-06	0	0	0	1.82722492042e-05	0	6.57800971353e-05	3.65444984085e-06	0	0	0	1.09633495225e-05	1.09633495225e-05	3.65444984085e-06	0	0	0	2.55811488859e-05	1.09633495225e-05	6.57800971353e-05	2.19266990451e-05	7.3088996817e-06	1.46177993634e-05	7.3088996817e-06	2.19266990451e-05	0	0	1.46177993634e-05	0.000237539239655	0.000540858576446	0.00202821966167	0.000193685841565	3.65444984085e-06	0	0	3.65444984085e-05	1.46177993634e-05	7.3088996817e-06	1.09633495225e-05	0	0	1.46177993634e-05
4.01989482493e-05	1.09633495225e-05	0.000354481634562	0	7.3088996817e-06	0	0.000369099433926	0.00314282686313	0.00191858616645	0.000288701537427	0.001216931797	0.0103274752502	6.21256472944e-05	5.11622977719e-05	0.00210861755817	1.46177993634e-05	0.0002594659387	0.00746969547469	0.00175048147377	0.0249562379632	0.000124251294589	0.00156775898172	1.09633495225e-05	0.00173220922456	0.00030331933679	5.84711974536e-05	0.00289797872379	0.00109633495225	0.00237539239655	0.000555476375809	0.00340229280183	0	2.92355987268e-05	0.000190031391724	0.0111424175647	0	0.000226575890133	3.28900485676e-05	0	0	0	0	7.3088996817e-06	1.82722492042e-05	3.65444984085e-05	0	5.84711974536e-05	0	7.3088996817e-05	2.92355987268e-05	0	1.09633495225e-05	0	1.09633495225e-05	0.000453151780265	0	7.3088996817e-06	0	3.28900485676e-05	1.82722492042e-05	4.01989482493e-05	0.000895340211008	0.00021561254061	1.09633495225e-05	1.82722492042e-05	1.46177993634e-05	5.11622977719e-05	0	0	8.40523463395e-05	0.0035155807469	0.00252887928987	0.0113763023546	0.00198802071342	1.09633495225e-05	0	2.19266990451e-05	0.000244848139337	2.92355987268e-05	5.48167476127e-05	4.7507847931e-05	0	0	2.55811488859e-05
1.09633495225e-05	0	7.3088996817e-06	0	0.00523682662194	0	0.00304050226759	0.000277738187905	0.00273352848095	0.000606638673581	0.011686930591	0.0021743976553	0.0102580407033	5.48167476127e-05	0.00108171715289	0.000102324595544	1.82722492042e-05	7.3088996817e-06	4.38533980902e-05	0.000124251294589	0.0207645839957	3.65444984085e-06	7.3088996817e-06	7.3088996817e-06	0.00122424069668	0	8.03978964987e-05	7.3088996817e-06	0.00179068042202	0.000529895226923	3.65444984085e-05	0	9.86701457029e-05	7.3088996817e-06	0.00287970647459	2.19266990451e-05	0	1.82722492042e-05	0	0.000219266990451	0	2.55811488859e-05	8.77067961804e-05	3.65444984085e-05	8.40523463395e-05	3.65444984085e-06	2.92355987268e-05	4.7507847931e-05	7.3088996817e-06	0.000186376941883	3.65444984085e-06	6.21256472944e-05	3.65444984085e-06	0	0	0.000222921440292	5.48167476127e-05	3.65444984085e-06	2.92355987268e-05	0.000533549676764	0	2.55811488859e-05	1.09633495225e-05	0.000296010437109	0.000668764320875	4.7507847931e-05	7.3088996817e-06	7.3088996817e-06	0	0.000460460679947	0.000950156958621	0.000222921440292	0.00289797872379	0.000288701537427	0.000701654369443	2.19266990451e-05	0	0.000164450242838	7.3088996817e-06	0.000321591585995	5.84711974536e-05	7.3088996817e-06	0	0
0	3.65444984085e-06	0.00038737168313	0	3.65444984085e-06	0	4.7507847931e-05	0.000986701457029	0.00017175914252	0.000182722492042	9.50156958621e-05	0.00102324595544	0	0	0.00012790574443	1.09633495225e-05	0.00177240817281	0.00106344490369	4.7507847931e-05	0.00156775898172	3.65444984085e-06	0.0370341946872	0.000347172734881	0.0176985005792	0.00117307839891	0	0.000522586327241	0.000347172734881	0.0062710359269	0.000274083738064	0.0142742810784	0	7.3088996817e-06	0.00168104692679	0.0076487635169	4.7507847931e-05	3.28900485676e-05	0.00290894207332	0	0	0	6.21256472944e-05	0.000248502589178	0.000270429288223	7.3088996817e-06	1.46177993634e-05	7.3088996817e-06	0.000109633495225	0	5.48167476127e-05	3.65444984085e-06	0.000917266910053	2.55811488859e-05	0	0.000153486893316	0	0.00123520404621	0.000453151780265	0.00751720332263	5.84711974536e-05	0	6.21256472944e-05	0.000263120388541	0.000274083738064	0.000138869093952	0.000200994741247	0	0	0.000142523543793	0.000157141343156	0.00531722451843	0.00122058624684	0.00688863795	0.00110364385194	1.09633495225e-05	7.3088996817e-06	0	0.000281392637745	1.46177993634e-05	4.38533980902e-05	1.09633495225e-05	3.65444984085e-06	3.65444984085e-06	0
7.67434466578e-05	0.00390660687987	0.000124251294589	0	9.13612460212e-05	0	3.65444984085e-06	2.19266990451e-05	0.000157141343156	0.00858430267615	1.09633495225e-05	1.82722492042e-05	0.000113287945066	0.000610293123422	0.000281392637745	3.65444984085e-06	0.014902846451	5.11622977719e-05	0	1.09633495225e-05	7.3088996817e-06	0.000347172734881	0.0312820906377	0.00459729789979	0.0104517265448	0.000847832363077	0.000599329773899	0.00814942314509	0.000460460679947	0.000204649191088	0.000204649191088	7.3088996817e-06	3.65444984085e-06	3.65444984085e-06	6.21256472944e-05	7.3088996817e-06	0.00196974846422	8.03978964987e-05	0	3.65444984085e-06	0	0	0	0	0.000420261731698	0	1.46177993634e-05	7.3088996817e-06	5.84711974536e-05	2.92355987268e-05	7.3088996817e-06	0.00661820866178	6.57800971353e-05	3.65444984085e-06	1.46177993634e-05	3.65444984085e-06	0.00247406254225	0.0163573174876	0.00851486812918	0.000398335032653	0.000116942394907	5.11622977719e-05	0.00558034490698	0.000116942394907	3.28900485676e-05	2.55811488859e-05	3.65444984085e-06	0	0	0.000211958090769	0.000800324515146	0.000168104692679	5.84711974536e-05	2.55811488859e-05	2.92355987268e-05	3.65444984085e-06	0.000328900485676	0.000394680582812	0.000263120388541	0.000197340291406	3.65444984085e-06	1.09633495225e-05	0	1.09633495225e-05
0	7.67434466578e-05	0.0120962289732	0	7.3088996817e-06	0	0.000164450242838	0.00337671165294	0.000376408333607	0.000793015615464	0.000277738187905	0.000913612460212	3.65444984085e-06	1.09633495225e-05	0.000361790534244	7.3088996817e-06	0.00619429248024	0.00843812468252	2.55811488859e-05	0.00173220922456	7.3088996817e-06	0.0176985005792	0.00459729789979	0.0678192801465	0.000939193609098	1.09633495225e-05	0.00321226141011	0.00674611440621	0.00406009377318	0.000851486812918	0.00446939215536	0	3.65444984085e-05	0.00141427208841	0.00534280566732	5.11622977719e-05	0.000537204126605	0.0096258208808	0	0	0	9.13612460212e-05	0.000350827184721	0.000361790534244	5.11622977719e-05	2.19266990451e-05	2.55811488859e-05	0.000135214644111	1.82722492042e-05	0.000135214644111	3.65444984085e-06	0.0026567850343	0.00189300501756	1.46177993634e-05	0.000182722492042	2.19266990451e-05	0.000274083738064	0.0058507741952	0.0124287839087	0.000109633495225	1.09633495225e-05	0.00145447103666	0.00397604142684	0.000442188430743	0.000391026132971	0.000328900485676	7.3088996817e-06	0	0.000372753883767	0.000884376861485	0.0135543544597	0.00603349668724	0.00572286845077	0.000668764320875	9.50156958621e-05	1.82722492042e-05	0	0.00125713074525	0.000252157039019	0.000533549676764	0.00012790574443	3.65444984085e-06	0	3.65444984085e-06
0.000314282686313	0.00126809409477	0.0012790574443	0	0.00573017735045	1.09633495225e-05	0.00131194749286	0.0069873080957	0.00112557055098	0.0208632541414	0.001216931797	0.000179068042202	0.00339498390215	0.000230230339973	0.00094650250878	0.00198436626358	0.016624092326	0.000255811488859	1.09633495225e-05	0.00030331933679	0.00122424069668	0.00117307839891	0.0104517265448	0.000939193609098	0.065465814449	0.000197340291406	0.00060298422374	0.00401989482493	0.0209290342385	0.000822251214191	0.00100497370623	7.3088996817e-06	0.000135214644111	0.000193685841565	0.000825905664032	0.000445842880584	0.000807633414828	0.000573748625013	0	0.00222921440292	0	0.000102324595544	0.00123520404621	0.000372753883767	0.00301126666886	5.48167476127e-05	1.09633495225e-05	0.000339863835199	2.55811488859e-05	0.00137407314016	1.09633495225e-05	0.0026567850343	4.7507847931e-05	0	8.77067961804e-05	0.00143254433761	0.00709694159093	0.00471424029469	0.00818962209334	0.00370195768878	4.38533980902e-05	0.000376408333607	0.00112191610114	0.00187473276836	0.00318302581138	0.00142888988777	3.65444984085e-06	1.09633495225e-05	0.000577403074854	0.00417338171825	0.00926037589671	0.000606638673581	0.00187473276836	0.00105613600401	0.00160064903029	1.46177993634e-05	7.67434466578e-05	0.00436706755981	0.000274083738064	0.00306242896663	8.77067961804e-05	0.00012790574443	1.46177993634e-05	0
0	0.00111095275162	1.82722492042e-05	0	0	0	0	3.65444984085e-06	0	0.000829560113873	0	0.00090264911069	0	0.00479098374135	1.09633495225e-05	0	0.000233884789814	1.46177993634e-05	1.09633495225e-05	5.84711974536e-05	0	0	0.000847832363077	1.09633495225e-05	0.000197340291406	0.0114786269501	0.00341325615135	0.00289066982411	3.65444984085e-06	0	3.65444984085e-06	1.82722492042e-05	0	0	3.65444984085e-05	1.46177993634e-05	0.00102324595544	0	0	0	0	0	0	0	2.19266990451e-05	7.3088996817e-06	0.000723581068488	1.82722492042e-05	0.00344249175008	0	0	3.65444984085e-06	3.65444984085e-06	0.000131560194271	0.000252157039019	1.82722492042e-05	0	2.19266990451e-05	3.65444984085e-06	7.3088996817e-06	0.00366541319037	0.00120596844748	0.00258004158764	3.65444984085e-06	2.19266990451e-05	7.3088996817e-06	0.00081859676435	3.65444984085e-06	0	9.50156958621e-05	2.55811488859e-05	0.00103055485512	0.000179068042202	1.46177993634e-05	0	0	0.00149101553507	0.000131560194271	0.000193685841565	5.48167476127e-05	1.09633495225e-05	3.65444984085e-06	3.65444984085e-06	5.11622977719e-05
1.46177993634e-05	0.00119135064812	0.00678631335446	0	3.65444984085e-06	7.3088996817e-06	0.000310628236472	0.00139234538936	0.000888031311326	0.000836869013554	0.000588366424377	0.00500659628196	9.13612460212e-05	0.00350827184721	0.00111095275162	1.82722492042e-05	0.00135580089095	0.0047507847931	0.00130098414334	0.00289797872379	8.03978964987e-05	0.000522586327241	0.000599329773899	0.00321226141011	0.00060298422374	0.00341325615135	0.0689704318463	0.0252376306009	0.0016189212795	0.000138869093952	0.00090630356053	0.000168104692679	4.7507847931e-05	7.3088996817e-06	0.00248137144194	9.13612460212e-05	0.018783872182	0.000493350728515	0	0	0	3.65444984085e-06	1.46177993634e-05	2.55811488859e-05	8.77067961804e-05	5.11622977719e-05	0.000997664806552	0.000116942394907	0.00230595784958	0.000113287945066	3.65444984085e-06	5.48167476127e-05	0.000237539239655	0.000507968527878	0.00424281626523	0.000116942394907	1.82722492042e-05	0.000175413592361	0.000200994741247	0.000142523543793	0.00810922419684	0.0132108361747	0.0166277467759	9.13612460212e-05	0.00021561254061	8.03978964987e-05	0.000869759062122	1.46177993634e-05	1.46177993634e-05	0.00073088996817	0.00514911982576	0.0105430877908	0.00457537120074	0.00100131925639	2.55811488859e-05	3.65444984085e-06	0.000222921440292	0.00210130865849	0.00176875372297	0.000613947573263	0.000350827184721	5.84711974536e-05	3.65444984085e-05	5.48167476127e-05
3.65444984085e-06	0.00778397816101	0.0136895691038	0	1.09633495225e-05	0	3.65444984085e-05	0.000661455421194	0.000255811488859	0.00341691060119	6.21256472944e-05	0.000624910922785	3.28900485676e-05	0.00174317257408	0.000420261731698	1.09633495225e-05	0.00512719312671	0.00157141343156	2.92355987268e-05	0.00109633495225	7.3088996817e-06	0.000347172734881	0.00814942314509	0.00674611440621	0.00401989482493	0.00289066982411	0.0252376306009	0.0774560643768	0.0012973296935	3.28900485676e-05	0.000467769579629	0.000116942394907	3.65444984085e-06	0	0.00149466998491	6.94345469761e-05	0.0197376835904	0.00150563333443	0	0	0	0	5.48167476127e-05	4.01989482493e-05	8.03978964987e-05	2.55811488859e-05	0.000442188430743	8.40523463395e-05	0.000888031311326	0.000190031391724	3.65444984085e-06	0.000697999919602	0.000789361165623	0.000277738187905	0.00237904684639	7.67434466578e-05	3.65444984085e-05	0.00819693099302	0.000588366424377	0.000135214644111	0.0048933083369	0.00704212484332	0.0262060598087	0.000281392637745	0.000288701537427	6.94345469761e-05	0.000270429288223	1.09633495225e-05	7.3088996817e-06	0.000935539159257	0.00859892047552	0.0035155807469	0.00304781116727	0.0002594659387	0.000116942394907	0	0.000168104692679	0.0018162615709	0.00122058624684	0.000968429207825	0.00017175914252	2.19266990451e-05	2.19266990451e-05	2.92355987268e-05
0.000416607281857	4.7507847931e-05	0.00274814628032	0	0.00376042888623	5.48167476127e-05	0.00562785275491	0.0318521848128	0.00821520324223	0.0060481144866	0.0107477369819	0.00094650250878	0.00112191610114	2.92355987268e-05	0.00529895226923	0.000292355987268	0.00347172734881	0.0036142508926	0.000105979045385	0.00237539239655	0.00179068042202	0.0062710359269	0.000460460679947	0.00406009377318	0.0209290342385	3.65444984085e-06	0.0016189212795	0.0012973296935	0.0724165780463	0.00159699458045	0.00895705655992	0	0.000763780016737	0.000226575890133	0.00433417751125	0.000866104612281	0.000208303640928	0.00130829304302	0	0.00268967508286	3.65444984085e-06	0.000182722492042	0.000529895226923	0.000555476375809	0.00140696318873	8.40523463395e-05	9.86701457029e-05	0.000471424029469	4.7507847931e-05	0.0011365339005	0	0.000763780016737	7.67434466578e-05	7.3088996817e-06	8.40523463395e-05	0.00217074320546	0.00430494191252	0.000380062783448	0.00592386319202	0.00360328754308	2.19266990451e-05	0.000288701537427	0.000270429288223	0.00205014636072	0.00426108851443	0.00291259652316	0	3.28900485676e-05	0.000676073220557	0.00288336092443	0.00863911942377	0.000380062783448	0.00639163277164	0.00365444984085	0.000310628236472	0.000131560194271	0	0.00260196828668	0.000142523543793	0.00188935056772	0.000255811488859	8.77067961804e-05	2.55811488859e-05	3.28900485676e-05
0.00542685801366	0	1.82722492042e-05	0	3.65444984085e-05	2.19266990451e-05	0.000434879531061	0.00440361205822	0.00148736108523	0.00332554935517	0.00276276407968	0.0021561254061	0.000493350728515	7.3088996817e-06	0.00826271109016	1.46177993634e-05	3.65444984085e-05	0.000146177993634	8.77067961804e-05	0.000555476375809	0.000529895226923	0.000274083738064	0.000204649191088	0.000851486812918	0.000822251214191	0	0.000138869093952	3.28900485676e-05	0.00159699458045	0.0226210445149	0.00456440785122	0	0.000142523543793	0.00150563333443	0.00574844959966	0.000793015615464	0	7.3088996817e-06	0	0	0	7.3088996817e-06	4.01989482493e-05	3.28900485676e-05	0.0010378637548	1.46177993634e-05	3.65444984085e-05	2.55811488859e-05	2.55811488859e-05	0.000423916181538	0	0.00073088996817	7.3088996817e-06	0	0	1.82722492042e-05	0.000445842880584	0.000222921440292	0.000321591585995	0.000434879531061	7.3088996817e-06	7.3088996817e-06	7.3088996817e-06	0.000412952832016	0.000979392557347	0.000983047007188	3.65444984085e-06	3.65444984085e-06	6.21256472944e-05	0.000211958090769	0.000573748625013	0.000109633495225	0.00398700477637	0.000460460679947	6.57800971353e-05	7.3088996817e-06	0	0.000712617718965	1.82722492042e-05	0.000113287945066	2.19266990451e-05	0	0	1.09633495225e-05
0.0013594553408	0	0.000712617718965	0	0	0	0.000105979045385	0.013225453974	0.00272987403111	0.00248502589178	0.00012790574443	0.000942848058939	1.82722492042e-05	7.3088996817e-06	0.00420627176682	3.28900485676e-05	4.38533980902e-05	0.00582153859647	2.92355987268e-05	0.00340229280183	3.65444984085e-05	0.0142742810784	0.000204649191088	0.00446939215536	0.00100497370623	3.65444984085e-06	0.00090630356053	0.000467769579629	0.00895705655992	0.00456440785122	0.0414597334444	0	4.38533980902e-05	0.00126078519509	0.0115626792964	0.000482387378992	3.65444984085e-06	0.000160795792997	0	0	0	0	8.77067961804e-05	5.84711974536e-05	0.000551821925968	1.09633495225e-05	3.28900485676e-05	2.19266990451e-05	2.92355987268e-05	0.000577403074854	0	0.00111095275162	1.46177993634e-05	0	0.000124251294589	2.19266990451e-05	0.00138869093952	0.000266774838382	0.00347903624849	0.0002594659387	1.09633495225e-05	6.94345469761e-05	1.09633495225e-05	0.000266774838382	0.00104882710432	0.00069069101992	0	7.3088996817e-06	3.28900485676e-05	0.000412952832016	0.00131194749286	0.000164450242838	0.00572286845077	0.00158603123093	0.000200994741247	3.65444984085e-06	0	0.000639528722149	1.82722492042e-05	0.000270429288223	8.77067961804e-05	7.3088996817e-06	3.65444984085e-06	7.3088996817e-06
0	7.3088996817e-06	0	0	0	0	0	0	0	7.3088996817e-06	0	1.46177993634e-05	0	0.000149832443475	0	0	3.65444984085e-06	0	0	0	0	0	7.3088996817e-06	0	7.3088996817e-06	1.82722492042e-05	0.000168104692679	0.000116942394907	0	0	0	0.000186376941883	0	0	0	0	0	0	0	0	0	0	0	0	0	0	0	0	1.09633495225e-05	0	0	0	0	3.65444984085e-05	3.65444984085e-05	0	0	0	0	0	2.19266990451e-05	5.11622977719e-05	2.19266990451e-05	0	0	0	1.09633495225e-05	0	0	0	0	4.38533980902e-05	0	0	0	0	1.09633495225e-05	0	0	0	0	0	0	0
0	0	0	0	2.92355987268e-05	0.00243020914416	0.0056095805057	0.00143619878745	0.0033547849539	0.000336209385358	0.00175413592361	6.21256472944e-05	0.00043122508122	0	0.00436706755981	0.00222921440292	0	3.65444984085e-06	7.3088996817e-06	2.92355987268e-05	9.86701457029e-05	7.3088996817e-06	3.65444984085e-06	3.65444984085e-05	0.000135214644111	0	4.7507847931e-05	3.65444984085e-06	0.000763780016737	0.000142523543793	4.38533980902e-05	0	0.0112301243609	0	0.000241193689496	0.000109633495225	0	3.65444984085e-06	0	8.77067961804e-05	0	7.3088996817e-06	9.50156958621e-05	5.84711974536e-05	3.28900485676e-05	1.09633495225e-05	0	4.01989482493e-05	0	0.000116942394907	0	0	0	3.65444984085e-06	3.65444984085e-06	4.7507847931e-05	3.28900485676e-05	0	2.92355987268e-05	0.000285047087586	0	0	0	0.000131560194271	0.000277738187905	0.000336209385358	0	0	1.82722492042e-05	0.000168104692679	0.00145081658682	1.09633495225e-05	0.00138138203984	0.000782052265942	0.00199898406294	0.000920921359894	0	0.000168104692679	7.3088996817e-06	0.00012790574443	2.92355987268e-05	0	7.3088996817e-06	0
8.77067961804e-05	0	0	0	0	0	1.82722492042e-05	0.000149832443475	3.28900485676e-05	0.00017175914252	1.09633495225e-05	0.000105979045385	0	0	8.03978964987e-05	0	1.09633495225e-05	5.11622977719e-05	7.3088996817e-06	0.000190031391724	7.3088996817e-06	0.00168104692679	3.65444984085e-06	0.00141427208841	0.000193685841565	0	7.3088996817e-06	0	0.000226575890133	0.00150563333443	0.00126078519509	0	0	0.00329996820629	0.000617602023103	0	0	0	0	0	0	0	0	0	3.28900485676e-05	0	3.65444984085e-06	0	0	0	0	2.55811488859e-05	0	0	0	0	5.84711974536e-05	0	5.84711974536e-05	2.55811488859e-05	0	0	0	3.65444984085e-06	0	0	0	0	0	0	2.19266990451e-05	3.65444984085e-06	0.000493350728515	2.92355987268e-05	3.65444984085e-06	0	0	3.65444984085e-06	0	0	7.3088996817e-06	0	0	7.3088996817e-06
