0.0434215453494	1.23450185793e-05	0.0035677103694	0	0.000337430507833	4.11500619308e-06	0.000489685736977	0.0235172603935	0.0127647492109	0.000329200495447	0.0128347043162	0.0044606667133	0.000464995699819	0.00021398032204	0.0202705205071	6.58400990893e-05	7.40701114755e-05	0.00163777246485	0.00115631674026	0.000320970483061	0.000942336418216	0.000868266306741	4.11500619308e-06	0.0024978087592	0.00286404431039	0	0.000806541213845	0.000835346257196	0.0132955850099	0.0167028101377	0.0106866710834	2.88050433516e-05	0.000222210334427	0.00132091698798	0.00978959973335	0	1.64600247723e-05	4.11500619308e-05	0	0.000119335179599	0	4.52650681239e-05	0.000201635303461	2.88050433516e-05	0.000658400990893	0.000222210334427	8.23001238617e-06	6.17250928963e-05	0	2.88050433516e-05	0	2.88050433516e-05	4.11500619308e-06	0	2.05750309654e-05	9.8760148634e-05	4.11500619308e-06	0.000255130383971	6.99551052824e-05	0.000929991399637	4.11500619308e-06	2.46900371585e-05	0.000102875154827	0.000683091028052	2.46900371585e-05	0	0	0	0	2.88050433516e-05	0.00332080999782	0.000230440346813	0.0105961409472	0.00290930937851	0.000197520297268	0	0	0.000189290284882	4.52650681239e-05	0.000119335179599	6.99551052824e-05	0	4.11500619308e-06	0
1.23450185793e-05	0.0205421109159	0.0007736211643	0	0	0	0	1.64600247723e-05	4.11500619308e-06	0.00327965993589	0	8.23001238617e-05	8.23001238617e-06	0.000358005538798	8.23001238617e-06	5.76100867032e-05	6.99551052824e-05	0.000460880693625	8.64151300548e-05	8.23001238617e-06	0	1.64600247723e-05	0.00584330879418	4.9380074317e-05	0.00391748589582	0.00232909350529	0.00528366795192	0.0133861151461	0.00016048524153	4.11500619308e-06	2.05750309654e-05	9.05301362479e-05	0	0	4.11500619308e-06	0	0.0113080370186	2.05750309654e-05	0	0	0	0	1.64600247723e-05	4.11500619308e-06	1.23450185793e-05	4.11500619308e-06	1.64600247723e-05	0	0.00033331550164	0	0	4.11500619308e-06	9.8760148634e-05	0	9.8760148634e-05	0	8.23001238617e-06	2.05750309654e-05	8.23001238617e-06	0.000123450185793	0.00120569681457	0.0014855172357	0.0105385308605	4.52650681239e-05	0	4.11500619308e-06	5.76100867032e-05	4.11500619308e-06	0	8.64151300548e-05	0.000271590408744	5.76100867032e-05	5.76100867032e-05	4.11500619308e-06	7.40701114755e-05	0	6.99551052824e-05	0.000325085489254	0.000176945266303	7.40701114755e-05	8.23001238617e-06	0	4.11500619308e-06	1.23450185793e-05
0.0035677103694	0.0007736211643	0.0449811326966	0	0	0	0	0.00630007448161	0.00143202215519	0.000123450185793	3.29200495447e-05	8.64151300548e-05	1.64600247723e-05	0	0.00187644282405	0	0.000119335179599	0.00223444836284	1.23450185793e-05	0.000193405291075	0	0.0035101002827	0.000502030755556	0.0181554073239	8.23001238617e-05	0	0.00960442445466	0.0120158180838	0.00518902280948	0.000259245390164	0.00570339858361	0	0	2.05750309654e-05	0.000855921288162	2.88050433516e-05	0.00302452955192	0.00185998279927	0	2.88050433516e-05	0	8.23001238617e-06	4.52650681239e-05	8.23001238617e-06	0.00010699016102	8.23001238617e-06	4.52650681239e-05	4.11500619308e-06	0	4.11500619308e-06	0	9.05301362479e-05	0.000707781065211	4.9380074317e-05	0.000271590408744	2.05750309654e-05	2.05750309654e-05	0.00229205844955	0.000938221412023	0.000189290284882	0	0.000942336418216	0.00711073070165	0.000209865315847	1.64600247723e-05	0.000144025216758	0	4.11500619308e-06	0	0.000127565191986	0.00284346927942	0.00082711624481	0.00205338809035	0.00121392682696	0.00010699016102	0	4.11500619308e-06	0.00237435857341	0.000962911449182	0.000707781065211	0.000374465563571	4.11500619308e-06	3.29200495447e-05	0
0	0	0	0	0	0	0	0	0	0	0	0	0	0	0	0	0	0	0	0	0	0	0	0	0	0	0	0	0	0	0	0	0	0	0	0	0	0	0	0	0	0	0	0	0	0	0	0	0	0	0	0	0	0	0	0	0	0	0	0	0	0	0	0	0	0	0	0	0	0	0	0	0	0	0	0	0	0	0	0	0	0	0	0
0.000337430507833	0	0	0	0.0239657960685	0	0.000518490780329	0.00265417899454	0.000181060272496	0.00281466423607	0.00103286655446	9.46451424409e-05	0.00524663289618	0	0.000168715253916	0.000415615625502	4.11500619308e-06	0	1.23450185793e-05	8.23001238617e-06	0.00288873434755	2.05750309654e-05	2.46900371585e-05	1.64600247723e-05	0.00836992259673	0	0	0	0.0136700505734	0.000358005538798	4.11500619308e-06	0	0.000144025216758	7.81851176686e-05	0.000168715253916	0	3.29200495447e-05	0	0	0.00720949085028	1.64600247723e-05	0.000716011077597	1.64600247723e-05	9.46451424409e-05	0.00472814211585	0.00294222942806	0.000193405291075	0.00169949755774	2.88050433516e-05	0.000358005538798	3.29200495447e-05	0	0	1.23450185793e-05	0	0.00257599387687	0	6.58400990893e-05	0	0.00485570730784	2.46900371585e-05	3.70350557378e-05	3.70350557378e-05	0.00264183397596	0.000464995699819	0	4.11500619308e-06	0	0	0.000234555353006	0.000646055972314	8.23001238617e-06	0.000127565191986	4.11500619308e-05	0.000456765687432	0	0	4.52650681239e-05	1.64600247723e-05	0.000209865315847	8.23001238617e-06	2.05750309654e-05	0	4.11500619308e-06
4.11500619308e-06	0	0	0	0	0.00655520486558	0.00395040594536	1.64600247723e-05	0.000592560891804	0	4.11500619308e-06	0	8.23001238617e-06	0	8.23001238617e-05	0.00115631674026	0	0	0	0	0	8.23001238617e-06	0	8.23001238617e-06	0	0	0	4.11500619308e-06	1.23450185793e-05	1.23450185793e-05	4.11500619308e-06	0	0.00060079090419	0	0.000152255229144	0	0	0	0	0	0	0	0	0	0	0	0	0	0	0	0	0	0	0	0	0	0	0	0	0	0	8.23001238617e-06	0	0	0	0	0	0	0	0	0.000925876393444	2.05750309654e-05	0.00027982042113	3.70350557378e-05	0.00205338809035	0.00104521157304	0	0	0	0	0	0	0	0
0.000489685736977	0	0	0	0.000518490780329	0.00395040594536	0.038425927831	0.00714365075119	0.015920958961	0.000876496319127	0.0159456489982	0.00171184257632	0.00905712863098	8.64151300548e-05	0.00299160950237	0.00415204124882	4.11500619308e-06	4.11500619308e-06	2.05750309654e-05	0	0.00171184257632	2.05750309654e-05	0	8.23001238617e-06	0.0019011328612	0	0	1.23450185793e-05	0.00421376634172	0.00365824050565	4.11500619308e-06	0	0.00236612856102	3.29200495447e-05	0.0018435227745	0	0	0	0	6.17250928963e-05	0	5.34950805101e-05	0	3.29200495447e-05	8.23001238617e-06	9.05301362479e-05	0	8.23001238617e-05	0	4.52650681239e-05	0	0	0	0	0	8.23001238617e-05	0	0	0	0.000119335179599	0	4.11500619308e-06	0	8.23001238617e-06	8.23001238617e-06	0	0	0	0	4.11500619308e-06	0.00185998279927	0.000102875154827	0.00144436717377	4.11500619308e-05	0.00469110706012	0.000464995699819	1.23450185793e-05	2.05750309654e-05	0	4.11500619308e-06	0	0	0	0
0.0235172603935	1.64600247723e-05	0.00630007448161	0	0.00265417899454	1.64600247723e-05	0.00714365075119	0.0727738845247	0.0195174743738	0.00132503199417	0.0269615205771	0.00348129523935	0.000839461263389	0.000197520297268	0.0105467608729	0.000325085489254	0.000115220173406	0.000271590408744	0.000991716492533	0.000403270606922	0.000395040594536	0.00289696435993	2.88050433516e-05	0.0056499035031	0.00102875154827	0	0.00162542744627	0.000246900371585	0.0369198355644	0.00883491829655	0.00832054252242	2.88050433516e-05	0.000185175278689	0.00294222942806	0.00688440536103	0	8.23001238617e-06	0.00010699016102	0	0.00306567961385	0	0.000325085489254	0.000329200495447	0.000144025216758	0.00485159230165	0.00179825770638	2.46900371585e-05	0.000555525836066	0	0.000283935427323	0	4.9380074317e-05	1.23450185793e-05	0	2.05750309654e-05	0.000876496319127	4.11500619308e-06	0.000559640842259	0.000152255229144	0.00643586968598	0	4.11500619308e-05	0.000144025216758	0.00270355906886	0.000127565191986	0	0	0	0	6.58400990893e-05	0.00477340718398	0.000255130383971	0.00736174607943	0.00290519437232	0.000551410829873	0	4.11500619308e-06	0.000526720792715	8.23001238617e-05	0.000176945266303	9.8760148634e-05	4.11500619308e-06	1.64600247723e-05	0
0.0127647492109	4.11500619308e-06	0.00143202215519	0	0.000181060272496	0.000592560891804	0.015920958961	0.0195174743738	0.0503100657166	0.000255130383971	0.0173776711534	0.000617250928963	0.001427907149	1.23450185793e-05	0.0161184792583	0.0007736211643	2.46900371585e-05	0.000102875154827	2.88050433516e-05	2.46900371585e-05	0.00104109656685	0.000218095328233	4.11500619308e-06	0.00088061132532	0.00138675708707	4.11500619308e-06	0.000300395452095	6.99551052824e-05	0.0113244970434	0.00476929217778	0.00130034195701	0	0.00194639792933	0.00027982042113	0.00116043174645	0	4.11500619308e-06	6.17250928963e-05	0	6.58400990893e-05	0	5.34950805101e-05	0.000131680198179	3.29200495447e-05	0.000366235551185	0.000123450185793	0	6.58400990893e-05	0	4.52650681239e-05	0	3.70350557378e-05	1.23450185793e-05	0	4.11500619308e-06	8.64151300548e-05	4.11500619308e-06	0.000382695575957	0.00010699016102	0.000530835798908	0	8.23001238617e-06	6.99551052824e-05	0.000382695575957	8.23001238617e-06	0	0	0	0	1.23450185793e-05	0.00104521157304	3.70350557378e-05	0.00127153691366	0.00054729582368	0.00116454675264	0	8.23001238617e-06	0.000296280445902	5.76100867032e-05	6.17250928963e-05	3.70350557378e-05	0	4.11500619308e-06	0
0.000329200495447	0.00327965993589	0.000123450185793	0	0.00281466423607	0	0.000876496319127	0.00132503199417	0.000255130383971	0.0362367445363	2.46900371585e-05	0.000135795204372	0.00333727002259	0.00016048524153	0.000370350557378	0.00234966853625	0.000209865315847	3.70350557378e-05	6.17250928963e-05	0.000102875154827	1.23450185793e-05	1.64600247723e-05	0.00737409109801	5.34950805101e-05	0.0202005654019	0.00102052153588	0.00120569681457	0.00392160090201	0.0117524576874	0.00093410640583	8.23001238617e-05	1.23450185793e-05	8.23001238617e-06	0.000419730631695	0.000539065811294	6.17250928963e-05	0.000144025216758	1.23450185793e-05	0	0.00135795204372	4.11500619308e-05	6.58400990893e-05	6.17250928963e-05	8.23001238617e-06	0.0114808672787	0.000144025216758	1.23450185793e-05	9.05301362479e-05	0.00010699016102	2.88050433516e-05	8.23001238617e-05	0.00170772757013	8.23001238617e-06	4.11500619308e-06	2.05750309654e-05	0.000119335179599	0.000246900371585	0.00487216733261	4.52650681239e-05	0.0117195376379	0.000164600247723	9.05301362479e-05	0.000242785365392	0.00879788324081	8.64151300548e-05	4.52650681239e-05	1.23450185793e-05	0	1.64600247723e-05	4.52650681239e-05	0.00284346927942	0.000818886232424	0.000222210334427	3.70350557378e-05	0.00285169929181	0	2.88050433516e-05	0.000942336418216	0.00022632534062	0.000230440346813	3.70350557378e-05	2.05750309654e-05	8.23001238617e-06	0
0.0128347043162	0	3.29200495447e-05	0	0.00103286655446	4.11500619308e-06	0.0159456489982	0.0269615205771	0.0173776711534	2.46900371585e-05	0.0589227736788	0.00595852896759	0.00758807142005	0.000230440346813	0.00513964273516	1.64600247723e-05	2.88050433516e-05	1.64600247723e-05	0.000814771226231	0.00017283026011	0.00869912309218	3.29200495447e-05	0	0.000119335179599	0.00066663100328	0	9.05301362479e-05	6.99551052824e-05	0.0114973273035	0.00695024546012	0	2.88050433516e-05	0.000637825959928	0.000452650681239	0.00919703884154	0	0	0	0	0.0029134243847	4.11500619308e-06	0.00229617345574	2.46900371585e-05	0.000555525836066	0.00328377494208	0.00378169069144	0.000407385613115	0.00302041454572	0.000123450185793	0.00139910210565	4.52650681239e-05	0	0	3.70350557378e-05	1.23450185793e-05	0.0037487706419	0	4.11500619308e-06	0	0.00437425158325	4.11500619308e-06	0.000176945266303	8.23001238617e-06	0.000485570730784	0.00110693666594	0	2.05750309654e-05	1.64600247723e-05	0	0.000543180817487	0.00302041454572	0.000218095328233	0.00698316550966	0.00172007258871	0.000123450185793	0	1.23450185793e-05	0.000312740470674	3.70350557378e-05	0.000485570730784	4.11500619308e-06	7.40701114755e-05	8.23001238617e-06	1.23450185793e-05
0.0044606667133	8.23001238617e-05	8.64151300548e-05	0	9.46451424409e-05	0	0.00171184257632	0.00348129523935	0.000617250928963	0.000135795204372	0.00595852896759	0.0407467913239	0.00201635303461	0.0095180093246	0.00229617345574	3.29200495447e-05	6.17250928963e-05	0.0013085719694	0.00848102776395	0.00657577989655	0.00175710764445	0.000115220173406	3.70350557378e-05	0.000419730631695	0.000864151300548	0.00153078230383	0.00505322760511	0.000469110706012	0.00207807812751	0.0101270302412	0.00010699016102	0.000703666059017	0.00155135733479	0.000892956343899	0.0153736631374	0	0.000131680198179	0	0	0.00021398032204	0	0.000164600247723	5.34950805101e-05	8.64151300548e-05	0.000205750309654	0.000345660520219	0.000761276145721	0.000222210334427	0.00244842868489	0.000131680198179	0	0	0	0	0	0.000288050433516	0	8.23001238617e-06	0	0.000678976021859	0.00242785365392	0.000156370235337	0.000855921288162	0.000230440346813	7.40701114755e-05	1.23450185793e-05	4.11500619308e-06	0	0	3.70350557378e-05	0.00678976021859	0.00635356956212	0.0169702855403	0.0019011328612	2.88050433516e-05	0	0.00155547234099	0.000148140222951	0.000271590408744	4.11500619308e-05	4.11500619308e-06	1.23450185793e-05	4.11500619308e-06	4.9380074317e-05
0.000464995699819	8.23001238617e-06	1.64600247723e-05	0	0.00524663289618	8.23001238617e-06	0.00905712863098	0.000839461263389	0.001427907149	0.00333727002259	0.00758807142005	0.00201635303461	0.0401624604445	6.99551052824e-05	0.0014855172357	0.0030368745705	1.23450185793e-05	4.11500619308e-06	4.11500619308e-06	0	0.0106496360277	1.64600247723e-05	8.23001238617e-06	6.99551052824e-05	0.00825881742952	0	0	2.46900371585e-05	0.00355125034463	0.00351421528889	4.11500619308e-06	0	0.000864151300548	4.9380074317e-05	0.00298337948999	0	0	0	0	0.000300395452095	0.000152255229144	0.0026747540255	0.000152255229144	0.0010740166164	0.00027982042113	0.0007736211643	0.000242785365392	0.00596675897997	4.52650681239e-05	0.000489685736977	0.00129622695082	4.11500619308e-06	0	0	0	0.000892956343899	4.11500619308e-06	0	4.11500619308e-06	0.000502030755556	0	0	8.23001238617e-06	4.52650681239e-05	0.000502030755556	0	0	0.000662515997087	0	0.000502030755556	0.000860036294355	4.52650681239e-05	0.00220564331949	0.00027982042113	0.00262125894499	0	8.23001238617e-06	0.000185175278689	2.88050433516e-05	0.000497915749363	2.05750309654e-05	0.000193405291075	7.40701114755e-05	2.05750309654e-05
0.00021398032204	0.000358005538798	0	0	0	0	8.64151300548e-05	0.000197520297268	1.23450185793e-05	0.00016048524153	0.000230440346813	0.0095180093246	6.99551052824e-05	0.016645200051	4.52650681239e-05	4.11500619308e-06	0	4.11500619308e-06	0.000115220173406	0	4.11500619308e-05	0	0.000164600247723	1.23450185793e-05	0.000139910210565	0.00203281305938	0.00367470053042	0.00120981182077	2.46900371585e-05	0.000263360396357	0	0.0013085719694	0.000222210334427	0	0.000456765687432	0	0.000325085489254	0	0	8.23001238617e-06	0	0	0	0	8.23001238617e-06	0	0.000707781065211	0	0.00569105356504	0	0	0	0	0	8.23001238617e-06	0	0	8.23001238617e-06	0	1.23450185793e-05	0.00550999329254	0.000296280445902	0.00271178908124	0	0	0	8.23001238617e-05	0	0	4.11500619308e-06	0.000584330879418	0.00365824050565	0.00170361256394	0.000580215873225	0	0	0.00108636163497	0	0.000366235551185	0	0	0	0	4.52650681239e-05
0.0202705205071	8.23001238617e-06	0.00187644282405	0	0.000168715253916	8.23001238617e-05	0.00299160950237	0.0105467608729	0.0161184792583	0.000370350557378	0.00513964273516	0.00229617345574	0.0014855172357	4.52650681239e-05	0.0381790274594	0.000139910210565	2.46900371585e-05	0.000744816120948	9.05301362479e-05	3.70350557378e-05	0.000917646381058	0.000567870854646	4.11500619308e-06	0.0013661820561	0.00268709904408	4.11500619308e-06	0.000415615625502	0.000419730631695	0.00790081189072	0.0140856661989	0.00583919378799	0	0.00417673128598	0.000851806281968	0.00423022636649	0	8.23001238617e-06	8.23001238617e-06	0	5.34950805101e-05	0	2.88050433516e-05	0.000308625464481	2.05750309654e-05	0.000802426207651	0.000111105167213	4.11500619308e-06	3.70350557378e-05	0	2.88050433516e-05	0	0	0	0	0	4.9380074317e-05	4.11500619308e-06	2.05750309654e-05	0	0.000888841337706	0	0	1.23450185793e-05	0.0006542859847	4.11500619308e-06	0	0	0	0	4.11500619308e-06	0.00122215683935	4.11500619308e-05	0.0039298309144	0.00049380074317	0.000765391151914	0	8.23001238617e-06	2.88050433516e-05	4.11500619308e-06	8.23001238617e-06	4.11500619308e-06	0	0	0
6.58400990893e-05	5.76100867032e-05	0	0	0.000415615625502	0.00115631674026	0.00415204124882	0.000325085489254	0.0007736211643	0.00234966853625	1.64600247723e-05	3.29200495447e-05	0.0030368745705	4.11500619308e-06	0.000139910210565	0.0100447301173	8.23001238617e-06	0	4.11500619308e-06	4.11500619308e-06	0.000115220173406	0	0.000139910210565	4.11500619308e-06	0.00182294774354	0	0	0.000148140222951	0.0011892367898	0.000308625464481	1.23450185793e-05	0	4.11500619308e-05	2.05750309654e-05	4.11500619308e-05	0	0	0	0	1.23450185793e-05	0	0	0	0	1.64600247723e-05	0	0	4.11500619308e-06	0	0	0	0	0	0	0	0	0	0	0	2.05750309654e-05	0	0	0	4.11500619308e-06	0	0	0	0	0	0	0.000909416368672	0	6.17250928963e-05	4.11500619308e-06	0.00717657080074	0.000111105167213	0	0	0	0	0	0	0	0
7.40701114755e-05	6.99551052824e-05	0.000119335179599	0	4.11500619308e-06	0	4.11500619308e-06	0.000115220173406	2.46900371585e-05	0.000209865315847	2.88050433516e-05	6.17250928963e-05	1.23450185793e-05	0	2.46900371585e-05	8.23001238617e-06	0.025447198298	0.00010699016102	3.70350557378e-05	0.000168715253916	4.11500619308e-06	0.00326731491731	0.0147811022456	0.011443832223	0.00265006398835	0	0.000189290284882	0.00559640842259	0.00151432227906	6.17250928963e-05	1.64600247723e-05	0	0	2.46900371585e-05	0.000123450185793	0	2.88050433516e-05	0.000230440346813	0	0	8.23001238617e-06	0	8.23001238617e-06	0	6.58400990893e-05	0	0	0	0	0	8.23001238617e-06	0.00480632723352	0	0	4.52650681239e-05	0	0.000580215873225	0.00894602346377	0.00406562611877	0.00026747540255	8.23001238617e-06	4.52650681239e-05	0.000238670359199	0.00141144712423	8.23001238617e-06	4.11500619308e-05	0	0	0	0	0.00349364025793	0.000753046133334	0.000263360396357	0.00027982042113	2.88050433516e-05	0	0	0.00027982042113	0.000102875154827	4.52650681239e-05	3.29200495447e-05	0	8.23001238617e-06	0
0.00163777246485	0.000460880693625	0.00223444836284	0	0	0	4.11500619308e-06	0.000271590408744	0.000102875154827	3.70350557378e-05	1.64600247723e-05	0.0013085719694	4.11500619308e-06	4.11500619308e-06	0.000744816120948	0	0.00010699016102	0.0258916189669	0.000197520297268	0.00554291334208	0	0.0020204680408	2.46900371585e-05	0.00778970672351	6.99551052824e-05	4.11500619308e-05	0.00890898840803	0.00146905721093	0.000358005538798	0.00187644282405	0.00537008308198	0	0	9.05301362479e-05	0.00530835798908	0	0.00128799693844	4.11500619308e-05	0	2.05750309654e-05	0	0	4.11500619308e-06	0	4.11500619308e-05	0	0	2.05750309654e-05	2.88050433516e-05	0	0	1.64600247723e-05	0	1.23450185793e-05	0.000419730631695	8.23001238617e-06	0	7.40701114755e-05	2.05750309654e-05	6.17250928963e-05	0.000119335179599	0.00124273187031	0.0017241875949	1.64600247723e-05	0	4.11500619308e-06	1.64600247723e-05	0	0	1.64600247723e-05	0.0020821931337	0.00158016237814	0.0039257159082	0.000242785365392	0	0	0	0.00016048524153	0.000181060272496	2.46900371585e-05	8.23001238617e-06	0	0	0
0.00115631674026	8.64151300548e-05	1.23450185793e-05	0	1.23450185793e-05	0	2.05750309654e-05	0.000991716492533	2.88050433516e-05	6.17250928963e-05	0.000814771226231	0.00848102776395	4.11500619308e-06	0.000115220173406	9.05301362479e-05	4.11500619308e-06	3.70350557378e-05	0.000197520297268	0.0145465468926	0.00346483521458	1.23450185793e-05	8.64151300548e-05	1.64600247723e-05	0.000144025216758	0.000181060272496	3.29200495447e-05	0.00758395641385	0.000283935427323	0.000555525836066	0.00109047664117	1.64600247723e-05	6.17250928963e-05	8.23001238617e-06	0.000646055972314	0.00197931797887	0	0.000288050433516	4.11500619308e-06	0	0	0	0	1.64600247723e-05	0	9.46451424409e-05	0	2.05750309654e-05	0	0.00027982042113	0	0	0	0	4.11500619308e-06	4.9380074317e-05	0	0	1.23450185793e-05	4.11500619308e-06	0.00010699016102	0.000201635303461	0.00243196866011	0.00104109656685	9.05301362479e-05	4.11500619308e-06	1.23450185793e-05	0.000144025216758	0	0	0	0.00400801603206	0.00209042314609	0.00397921098871	0.000320970483061	1.23450185793e-05	0	0	4.11500619308e-06	2.46900371585e-05	4.11500619308e-06	0	0	0	1.23450185793e-05
0.000320970483061	8.23001238617e-06	0.000193405291075	0	8.23001238617e-06	0	0	0.000403270606922	2.46900371585e-05	0.000102875154827	0.00017283026011	0.00657577989655	0	0	3.70350557378e-05	4.11500619308e-06	0.000168715253916	0.00554291334208	0.00346483521458	0.0146000419731	0	9.05301362479e-05	8.23001238617e-06	0.000436190656467	0.000148140222951	4.11500619308e-06	0.00609843917815	0.000374465563571	0.000353890532605	0.000567870854646	6.99551052824e-05	0	0	0.000427960644081	0.00415204124882	0	2.05750309654e-05	4.11500619308e-06	0	8.23001238617e-06	0	0	1.64600247723e-05	0	9.8760148634e-05	0	0	0	0	0	0	4.11500619308e-06	0	4.11500619308e-06	5.76100867032e-05	0	4.11500619308e-06	5.34950805101e-05	8.23001238617e-06	9.05301362479e-05	1.64600247723e-05	0.000687206034245	0.000230440346813	7.81851176686e-05	0	4.11500619308e-06	0	0	0	4.11500619308e-06	0.00413146621786	0.0024401986725	0.00606551912861	0.000551410829873	8.23001238617e-06	0	0	4.52650681239e-05	1.23450185793e-05	2.05750309654e-05	4.11500619308e-06	0	0	0
0.000942336418216	0	0	0	0.00288873434755	0	0.00171184257632	0.000395040594536	0.00104109656685	1.23450185793e-05	0.00869912309218	0.00175710764445	0.0106496360277	4.11500619308e-05	0.000917646381058	0.000115220173406	4.11500619308e-06	0	1.23450185793e-05	0	0.0209988766033	4.11500619308e-06	0	1.23450185793e-05	0.00248546374062	0	0	0	0.00363355046849	0.00212334319563	0	0	0.000456765687432	0	0.00305744960146	0	0	0	0	0.00233732351767	4.11500619308e-06	0.00204515807796	2.88050433516e-05	0.000555525836066	0.00210276816467	0.00259656890784	0.000456765687432	0.00302452955192	7.40701114755e-05	0.00116454675264	4.11500619308e-05	0	0	2.05750309654e-05	4.11500619308e-06	0.00352656030747	0	0	0	0.002855814298	8.23001238617e-06	0.000102875154827	0	0.000444420668853	0.00112751169691	0	2.46900371585e-05	2.46900371585e-05	0	0.000646055972314	0.000753046133334	2.05750309654e-05	0.00220564331949	0.000234555353006	0.000218095328233	0	8.23001238617e-06	0.00021398032204	2.05750309654e-05	0.000489685736977	4.11500619308e-06	4.11500619308e-05	1.64600247723e-05	2.46900371585e-05
0.000868266306741	1.64600247723e-05	0.0035101002827	0	2.05750309654e-05	8.23001238617e-06	2.05750309654e-05	0.00289696435993	0.000218095328233	1.64600247723e-05	3.29200495447e-05	0.000115220173406	1.64600247723e-05	0	0.000567870854646	0	0.00326731491731	0.0020204680408	8.64151300548e-05	9.05301362479e-05	4.11500619308e-06	0.0380802673108	0.00513552772897	0.0195092443614	0.000646055972314	0	0.000757161139528	0.00195051293552	0.0110241015913	0.000983486480147	0.00966203454136	0	8.23001238617e-06	0.00022632534062	0.0039298309144	0	2.46900371585e-05	8.23001238617e-06	0	0	1.23450185793e-05	2.88050433516e-05	2.05750309654e-05	3.29200495447e-05	0.000139910210565	0	1.23450185793e-05	8.23001238617e-06	1.23450185793e-05	6.99551052824e-05	1.23450185793e-05	0.00169538255155	4.11500619308e-06	0	3.70350557378e-05	0	0.00115631674026	0.0045841168991	8.23001238617e-05	0.000255130383971	0	6.99551052824e-05	0.000127565191986	0.00173653261348	6.99551052824e-05	0.000316855476867	0	4.11500619308e-06	0	6.58400990893e-05	0.00298337948999	0.000872381312934	0.0023825885858	0.000678976021859	6.17250928963e-05	0	0	0.000818886232424	0.000539065811294	7.40701114755e-05	4.52650681239e-05	1.64600247723e-05	8.23001238617e-06	0
4.11500619308e-06	0.00584330879418	0.000502030755556	0	2.46900371585e-05	0	0	2.88050433516e-05	4.11500619308e-06	0.00737409109801	0	3.70350557378e-05	8.23001238617e-06	0.000164600247723	4.11500619308e-06	0.000139910210565	0.0147811022456	2.46900371585e-05	1.64600247723e-05	8.23001238617e-06	0	0.00513552772897	0.0381872574718	0.00740701114755	0.0112998070062	0.00127153691366	0.000765391151914	0.0148099072889	0.00301629953953	0	0	1.23450185793e-05	0	0	8.23001238617e-06	3.29200495447e-05	0.00278997419891	8.23001238617e-06	0	4.11500619308e-05	1.64600247723e-05	1.64600247723e-05	3.70350557378e-05	1.23450185793e-05	0.000695436046631	0	2.05750309654e-05	4.11500619308e-06	0.000135795204372	3.29200495447e-05	1.64600247723e-05	0.00778559171732	4.11500619308e-06	0	2.05750309654e-05	0	0.00200400801603	0.017369441141	0.00371585059236	0.00116454675264	0.000168715253916	8.64151300548e-05	0.0035101002827	0.00371585059236	4.11500619308e-05	0.000489685736977	8.23001238617e-06	0	0	2.46900371585e-05	0.000674861015666	0.000201635303461	6.17250928963e-05	4.52650681239e-05	0.00027982042113	0	2.88050433516e-05	0.00127976692605	0.000399155600729	0.000139910210565	7.81851176686e-05	2.05750309654e-05	8.23001238617e-06	8.23001238617e-06
0.0024978087592	4.9380074317e-05	0.0181554073239	0	1.64600247723e-05	8.23001238617e-06	8.23001238617e-06	0.0056499035031	0.00088061132532	5.34950805101e-05	0.000119335179599	0.000419730631695	6.99551052824e-05	1.23450185793e-05	0.0013661820561	4.11500619308e-06	0.011443832223	0.00778970672351	0.000144025216758	0.000436190656467	1.23450185793e-05	0.0195092443614	0.00740701114755	0.0708521766325	0.000259245390164	0	0.00389691086485	0.0109171114303	0.00706135062733	0.00113985671548	0.00972787464045	0	3.70350557378e-05	0.00021398032204	0.00417673128598	0	0.000518490780329	0.00110282165975	0	2.05750309654e-05	4.11500619308e-06	3.70350557378e-05	4.11500619308e-05	4.9380074317e-05	0.000127565191986	5.34950805101e-05	3.29200495447e-05	1.23450185793e-05	3.29200495447e-05	8.64151300548e-05	4.11500619308e-06	0.00471168209108	3.70350557378e-05	0	0.000119335179599	2.46900371585e-05	0.0013661820561	0.0111928168452	0.00550587828635	0.000246900371585	4.9380074317e-05	0.000156370235337	0.00254718883352	0.000691321040438	0.000111105167213	6.99551052824e-05	0	8.23001238617e-06	0	0.00016048524153	0.010592025941	0.0022015283133	0.00539888812533	0.00463761197961	0.000390925588343	0	0	0.00179414270018	0.000518490780329	0.000448535675046	0.000242785365392	8.23001238617e-06	4.52650681239e-05	4.11500619308e-06
0.00286404431039	0.00391748589582	8.23001238617e-05	0	0.00836992259673	0	0.0019011328612	0.00102875154827	0.00138675708707	0.0202005654019	0.00066663100328	0.000864151300548	0.00825881742952	0.000139910210565	0.00268709904408	0.00182294774354	0.00265006398835	6.99551052824e-05	0.000181060272496	0.000148140222951	0.00248546374062	0.000646055972314	0.0112998070062	0.000259245390164	0.0548159974981	0.000864151300548	0.000905301362479	0.00515198775374	0.0215091373713	0.00482690226449	0.00132503199417	8.23001238617e-06	0.000427960644081	0.00209453815228	0.00496269746886	1.64600247723e-05	6.58400990893e-05	8.23001238617e-06	0	0.000658400990893	2.46900371585e-05	0.000131680198179	0.000119335179599	4.11500619308e-06	0.00568693855884	9.8760148634e-05	2.46900371585e-05	0.000341545514026	0.000115220173406	8.23001238617e-06	6.58400990893e-05	0.00133737701275	4.11500619308e-06	4.11500619308e-06	8.23001238617e-06	7.81851176686e-05	0.000275705414937	0.00374465563571	5.76100867032e-05	0.00658812491513	0.000119335179599	5.34950805101e-05	0.000201635303461	0.00633299453116	5.34950805101e-05	5.76100867032e-05	4.11500619308e-06	0	8.23001238617e-06	5.76100867032e-05	0.00318089978725	0.000304510458288	0.0022015283133	0.000637825959928	0.00253484381494	0	2.05750309654e-05	0.00098760148634	0.000316855476867	9.46451424409e-05	3.29200495447e-05	3.70350557378e-05	1.23450185793e-05	4.11500619308e-06
0	0.00232909350529	0	0	0	0	0	0	4.11500619308e-06	0.00102052153588	0	0.00153078230383	0	0.00203281305938	4.11500619308e-06	0	0	4.11500619308e-05	3.29200495447e-05	4.11500619308e-06	0	0	0.00127153691366	0	0.000864151300548	0.00786789184118	0.00166246250201	0.00183117775592	4.11500619308e-06	4.11500619308e-06	0	4.11500619308e-06	0	0	8.23001238617e-06	0	0.00181060272496	0	0	8.23001238617e-06	0	0	0	0	1.64600247723e-05	0	5.76100867032e-05	0	0.00143613716139	0	0	0	0	0	4.11500619308e-06	0	0	1.64600247723e-05	0	1.64600247723e-05	0.00265829400073	0.000909416368672	0.0027940892051	0	0	0	3.70350557378e-05	0	0	0	4.11500619308e-06	0.000596675897997	0.000144025216758	0	0	0	0.00104109656685	0	6.99551052824e-05	0	0	0	0	2.05750309654e-05
0.000806541213845	0.00528366795192	0.00960442445466	0	0	0	0	0.00162542744627	0.000300395452095	0.00120569681457	9.05301362479e-05	0.00505322760511	0	0.00367470053042	0.000415615625502	0	0.000189290284882	0.00890898840803	0.00758395641385	0.00609843917815	0	0.000757161139528	0.000765391151914	0.00389691086485	0.000905301362479	0.00166246250201	0.0725064091221	0.0197067646587	0.000205750309654	4.9380074317e-05	0.00252249879636	0.0026747540255	0	0	0.000814771226231	0	0.0106372910091	0.000497915749363	0	8.23001238617e-05	0	4.11500619308e-06	4.11500619308e-06	0	0.000320970483061	0	6.99551052824e-05	8.23001238617e-05	0.00571985860839	8.23001238617e-06	0	5.34950805101e-05	9.46451424409e-05	3.29200495447e-05	0.000999946504919	2.46900371585e-05	1.23450185793e-05	0.000473225712205	4.11500619308e-05	0.000374465563571	0.00607786414719	0.0147152621465	0.0184804928131	0.000135795204372	4.11500619308e-06	1.64600247723e-05	0.00121804183315	0	0	0.000222210334427	0.00323439486776	0.004283721447	0.00164600247723	0.000292165439709	1.64600247723e-05	0	3.70350557378e-05	0.000888841337706	0.00114397172168	0.000329200495447	6.99551052824e-05	0	4.11500619308e-06	4.9380074317e-05
0.000835346257196	0.0133861151461	0.0120158180838	0	0	4.11500619308e-06	1.23450185793e-05	0.000246900371585	6.99551052824e-05	0.00392160090201	6.99551052824e-05	0.000469110706012	2.46900371585e-05	0.00120981182077	0.000419730631695	0.000148140222951	0.00559640842259	0.00146905721093	0.000283935427323	0.000374465563571	0	0.00195051293552	0.0148099072889	0.0109171114303	0.00515198775374	0.00183117775592	0.0197067646587	0.0810573919914	0.000633710953735	0.000329200495447	0.00140733211803	0.0010122915235	4.11500619308e-06	8.23001238617e-05	0.00207807812751	4.11500619308e-06	0.0179949220824	0.000423845637888	0	8.23001238617e-06	4.11500619308e-06	4.11500619308e-06	4.52650681239e-05	8.23001238617e-06	9.46451424409e-05	8.23001238617e-06	6.17250928963e-05	8.23001238617e-06	0.00134972203133	4.11500619308e-06	4.11500619308e-06	0.0021398032204	0.000209865315847	2.88050433516e-05	0.000201635303461	0	2.05750309654e-05	0.00914354376103	0.00378580569764	0.00026747540255	0.00284758428561	0.00328788994827	0.0223280236037	0.000148140222951	8.23001238617e-06	1.64600247723e-05	0.000341545514026	4.11500619308e-06	0	0.00010699016102	0.00724652590602	0.000876496319127	0.00302864455811	0.00186821281166	0.000411500619308	0	0.000111105167213	0.000995831498726	0.000353890532605	0.000448535675046	0.000271590408744	0	8.23001238617e-06	2.88050433516e-05
0.0132955850099	0.00016048524153	0.00518902280948	0	0.0136700505734	1.23450185793e-05	0.00421376634172	0.0369198355644	0.0113244970434	0.0117524576874	0.0114973273035	0.00207807812751	0.00355125034463	2.46900371585e-05	0.00790081189072	0.0011892367898	0.00151432227906	0.000358005538798	0.000555525836066	0.000353890532605	0.00363355046849	0.0110241015913	0.00301629953953	0.00706135062733	0.0215091373713	4.11500619308e-06	0.000205750309654	0.000633710953735	0.0923695440162	0.013575405431	0.0080942171818	0	0.000205750309654	0.00616016427105	0.00921761387251	4.11500619308e-05	6.58400990893e-05	0.000115220173406	0	0.0092217288787	3.29200495447e-05	0.00209865315847	0.000436190656467	0.000259245390164	0.0165834749581	0.00522194285902	0.000551410829873	0.00255541884591	0.000102875154827	0.000958796442989	4.52650681239e-05	0.0010122915235	1.64600247723e-05	4.9380074317e-05	8.23001238617e-06	0.00374054062951	0.000222210334427	0.00455942686194	0.000234555353006	0.0191430088102	2.05750309654e-05	0.000201635303461	0.000259245390164	0.012999304564	0.00141967713661	0.000209865315847	1.23450185793e-05	4.11500619308e-06	1.64600247723e-05	0.000781851176686	0.00611489920292	0.000366235551185	0.0066663100328	0.00257187887068	0.00201635303461	0	4.11500619308e-06	0.0020821931337	0.000695436046631	0.000855921288162	0.000111105167213	9.46451424409e-05	3.29200495447e-05	2.46900371585e-05
0.0167028101377	4.11500619308e-06	0.000259245390164	0	0.000358005538798	1.23450185793e-05	0.00365824050565	0.00883491829655	0.00476929217778	0.00093410640583	0.00695024546012	0.0101270302412	0.00351421528889	0.000263360396357	0.0140856661989	0.000308625464481	6.17250928963e-05	0.00187644282405	0.00109047664117	0.000567870854646	0.00212334319563	0.000983486480147	0	0.00113985671548	0.00482690226449	4.11500619308e-06	4.9380074317e-05	0.000329200495447	0.013575405431	0.045948159152	0.00984309481386	0	0.00171184257632	0.0089830585195	0.0159333039796	0	1.64600247723e-05	8.23001238617e-06	0	0.000189290284882	0	0.000127565191986	0.0006542859847	5.76100867032e-05	0.0019628579541	0.000382695575957	8.23001238617e-06	0.000189290284882	0	0.000102875154827	0	0	0	0	4.11500619308e-06	0.00022632534062	0	1.23450185793e-05	8.23001238617e-06	0.0023784735796	0	2.05750309654e-05	4.9380074317e-05	0.00164600247723	6.17250928963e-05	0	0	0	0	3.29200495447e-05	0.00134972203133	0.000102875154827	0.010612600972	0.00132914700037	0.000283935427323	0	2.05750309654e-05	0.000139910210565	4.11500619308e-06	8.23001238617e-05	4.9380074317e-05	8.23001238617e-06	4.11500619308e-06	0
0.0106866710834	2.05750309654e-05	0.00570339858361	0	4.11500619308e-06	4.11500619308e-06	4.11500619308e-06	0.00832054252242	0.00130034195701	8.23001238617e-05	0	0.00010699016102	4.11500619308e-06	0	0.00583919378799	1.23450185793e-05	1.64600247723e-05	0.00537008308198	1.64600247723e-05	6.99551052824e-05	0	0.00966203454136	0	0.00972787464045	0.00132503199417	0	0.00252249879636	0.00140733211803	0.0080942171818	0.00984309481386	0.0372778411032	0	4.11500619308e-06	0.00201635303461	0.00579804372606	0	2.46900371585e-05	4.11500619308e-06	0	4.11500619308e-06	0	0	6.17250928963e-05	0	0.000144025216758	1.23450185793e-05	0	0	0	0	0	0	0	0	0	0	0	0	0	0.000144025216758	0	0	2.88050433516e-05	9.46451424409e-05	0	0	0	0	0	4.11500619308e-06	0.000201635303461	6.99551052824e-05	0.00500796253698	0.000506145761749	2.05750309654e-05	0	0	4.11500619308e-06	4.11500619308e-06	4.11500619308e-06	0	0	0	0
2.88050433516e-05	9.05301362479e-05	0	0	0	0	0	2.88050433516e-05	0	1.23450185793e-05	2.88050433516e-05	0.000703666059017	0	0.0013085719694	0	0	0	0	6.17250928963e-05	0	0	0	1.23450185793e-05	0	8.23001238617e-06	4.11500619308e-06	0.0026747540255	0.0010122915235	0	0	0	0.0029751494776	0	0	1.23450185793e-05	0	0.000164600247723	0	0	0	0	0	0	0	0	0	4.11500619308e-06	0	0.000588445885611	0	0	0	0	0	1.64600247723e-05	0	0	0	0	0	0.00038681058215	0.000218095328233	0.000283935427323	0	0	0	3.70350557378e-05	0	0	0	4.9380074317e-05	7.81851176686e-05	6.58400990893e-05	4.9380074317e-05	0	0	0	0	2.05750309654e-05	0	0	0	0	4.11500619308e-06
0.000222210334427	0	0	0	0.000144025216758	0.00060079090419	0.00236612856102	0.000185175278689	0.00194639792933	8.23001238617e-06	0.000637825959928	0.00155135733479	0.000864151300548	0.000222210334427	0.00417673128598	4.11500619308e-05	0	0	8.23001238617e-06	0	0.000456765687432	8.23001238617e-06	0	3.70350557378e-05	0.000427960644081	0	0	4.11500619308e-06	0.000205750309654	0.00171184257632	4.11500619308e-06	0	0.00680210523717	1.23450185793e-05	0.00260891392642	0	0	0	0	2.88050433516e-05	0	2.05750309654e-05	0	1.23450185793e-05	0	4.9380074317e-05	4.11500619308e-06	3.29200495447e-05	0	2.05750309654e-05	0	0	0	0	0	4.11500619308e-05	0	0	0	5.34950805101e-05	8.23001238617e-06	0	0	4.11500619308e-06	8.23001238617e-06	0	0	0	0	4.11500619308e-06	0.00125919189508	4.11500619308e-05	0.0018435227745	9.05301362479e-05	0.000699551052824	0.00016048524153	1.64600247723e-05	1.23450185793e-05	0	8.23001238617e-06	4.11500619308e-06	0	0	0
0.00132091698798	0	2.05750309654e-05	0	7.81851176686e-05	0	3.29200495447e-05	0.00294222942806	0.00027982042113	0.000419730631695	0.000452650681239	0.000892956343899	4.9380074317e-05	0	0.000851806281968	2.05750309654e-05	2.46900371585e-05	9.05301362479e-05	0.000646055972314	0.000427960644081	0	0.00022632534062	0	0.00021398032204	0.00209453815228	0	0	8.23001238617e-05	0.00616016427105	0.0089830585195	0.00201635303461	0	1.23450185793e-05	0.0106578660401	0.00479809722114	0	4.11500619308e-06	4.11500619308e-06	0	2.46900371585e-05	0	0	0.000271590408744	0	0.000995831498726	4.52650681239e-05	0	0	0	0	0	4.11500619308e-06	0	0	4.11500619308e-06	4.11500619308e-06	0	0	8.23001238617e-06	0.00104521157304	0	8.23001238617e-06	2.88050433516e-05	0.000864151300548	0	0	0	0	0	0	0.000497915749363	0	0.00344426018361	0.00136206704991	0.000337430507833	0	0	1.23450185793e-05	4.11500619308e-06	4.11500619308e-05	4.11500619308e-05	0	0	0
0.00978959973335	4.11500619308e-06	0.000855921288162	0	0.000168715253916	0.000152255229144	0.0018435227745	0.00688440536103	0.00116043174645	0.000539065811294	0.00919703884154	0.0153736631374	0.00298337948999	0.000456765687432	0.00423022636649	4.11500619308e-05	0.000123450185793	0.00530835798908	0.00197931797887	0.00415204124882	0.00305744960146	0.0039298309144	8.23001238617e-06	0.00417673128598	0.00496269746886	8.23001238617e-06	0.000814771226231	0.00207807812751	0.00921761387251	0.0159333039796	0.00579804372606	1.23450185793e-05	0.00260891392642	0.00479809722114	0.0465777550995	0	4.9380074317e-05	1.64600247723e-05	0	0.000238670359199	0	0.000176945266303	0.000156370235337	9.8760148634e-05	0.000790081189072	0.000407385613115	2.05750309654e-05	0.000238670359199	0	0.000152255229144	0	5.34950805101e-05	0	0	1.23450185793e-05	0.000329200495447	0	0.000135795204372	5.34950805101e-05	0.00134149201895	1.64600247723e-05	8.64151300548e-05	0.000111105167213	0.000707781065211	8.23001238617e-05	0	0	0	0	4.52650681239e-05	0.00447712673808	0.000362120544991	0.0270726257443	0.00318501479345	0.000707781065211	6.17250928963e-05	3.29200495447e-05	0.000304510458288	7.40701114755e-05	9.05301362479e-05	4.9380074317e-05	8.23001238617e-06	1.23450185793e-05	0
0	0	2.88050433516e-05	0	0	0	0	0	0	6.17250928963e-05	0	0	0	0	0	0	0	0	0	0	0	0	3.29200495447e-05	0	1.64600247723e-05	0	0	4.11500619308e-06	4.11500619308e-05	0	0	0	0	0	0	0.00996242999346	0	2.05750309654e-05	0	0	0	0	0.00619719932678	8.23001238617e-05	1.64600247723e-05	0	0	0	0	0.00234555353006	0	4.52650681239e-05	0.000835346257196	0	0.000275705414937	0	0.000567870854646	5.76100867032e-05	0.000123450185793	0.000366235551185	0	0.000617250928963	6.17250928963e-05	0.00151432227906	0.0036911605552	0.00112751169691	0	0	0.000271590408744	0.00141967713661	4.9380074317e-05	4.11500619308e-05	0	0	0	0	0	3.29200495447e-05	1.64600247723e-05	1.64600247723e-05	1.64600247723e-05	0	4.11500619308e-06	0
1.64600247723e-05	0.0113080370186	0.00302452955192	0	3.29200495447e-05	0	0	8.23001238617e-06	4.11500619308e-06	0.000144025216758	0	0.000131680198179	0	0.000325085489254	8.23001238617e-06	0	2.88050433516e-05	0.00128799693844	0.000288050433516	2.05750309654e-05	0	2.46900371585e-05	0.00278997419891	0.000518490780329	6.58400990893e-05	0.00181060272496	0.0106372910091	0.0179949220824	6.58400990893e-05	1.64600247723e-05	2.46900371585e-05	0.000164600247723	0	4.11500619308e-06	4.9380074317e-05	0	0.0441334414208	0.000201635303461	0	0.00128799693844	0.000218095328233	0	2.88050433516e-05	4.11500619308e-06	0.00584330879418	4.11500619308e-06	0.000119335179599	0.00130445696321	0.00286815931658	0	0.00027982042113	0.00138264208088	0.000127565191986	0	0.000283935427323	0.000135795204372	1.64600247723e-05	0.015451848255	4.9380074317e-05	0.00748519626522	0.0077938217297	0.00383107076576	0.0377304917844	0.000325085489254	4.11500619308e-06	8.23001238617e-06	0.000135795204372	4.11500619308e-06	0	0.000181060272496	0.000304510458288	7.40701114755e-05	0.000102875154827	3.70350557378e-05	1.64600247723e-05	0	0.000127565191986	0.000860036294355	0.00044030566266	0.000230440346813	6.58400990893e-05	4.11500619308e-06	8.23001238617e-06	0.000370350557378
