0.0278867102397	2.96127080822e-05	0.000524567971741	0	0.000469572942446	4.65342555577e-05	0.00256361444254	0.0134483998562	0.0105928887197	0.000579563001036	0.00275398185164	0.000630327643463	0.00149332656471	0.000160754701017	0.0153859170421	0.000148063540411	0.000109990058591	0.000448421008101	0.000109990058591	0.000207288956575	0.00251708018698	0.0013452630243	8.88381242465e-05	0.00159908623644	0.00109567019904	3.3843094951e-05	0.000465342555577	0.000236901664657	0.0045942001396	0.015745499926	0.0107578738076	1.26911606066e-05	0.000427269073757	0.00393849017493	0.0056814095649	5.49950292954e-05	2.11519343444e-05	2.11519343444e-05	0	0.000181906635362	4.23038686888e-06	5.07646424265e-05	0.000156524314149	5.07646424265e-05	0.000655709964676	0.000101529284853	8.46077373776e-06	0.000105759671722	4.23038686888e-06	4.23038686888e-05	0	4.23038686888e-06	4.23038686888e-06	0	1.26911606066e-05	0.000105759671722	1.26911606066e-05	0.000118450832329	1.69215474755e-05	0.000638788417201	4.23038686888e-06	8.46077373776e-06	4.23038686888e-06	0.000262283985871	2.96127080822e-05	4.23038686888e-05	0	0	0	7.19165767709e-05	0.000833386213169	0.000109990058591	0.00284705036276	0.00123950335258	0.000283435920215	0.00015229392728	8.46077373776e-05	7.61469636398e-05	2.11519343444e-05	9.72988979842e-05	8.88381242465e-05	5.49950292954e-05	3.3843094951e-05	0
2.96127080822e-05	0.022810245997	0.00175984093745	0	0	4.23038686888e-06	8.46077373776e-06	3.3843094951e-05	2.53823212133e-05	0.00129872876875	0	0.00037650443133	0	0.000740317702054	3.80734818199e-05	1.26911606066e-05	0.000435729847495	0.00124796412632	0.000105759671722	0.000571102227299	8.46077373776e-06	0.000194597795968	0.00358736806481	0.000571102227299	0.000537259132348	0.00336738794763	0.00728049580134	0.0153055396916	9.72988979842e-05	8.88381242465e-05	0.000169215474755	0.000249592825264	4.23038686888e-06	5.92254161643e-05	0.000478033716183	0	0.0078981322842	0.00240285974152	0	4.23038686888e-06	0	4.23038686888e-06	4.65342555577e-05	2.11519343444e-05	2.11519343444e-05	4.23038686888e-06	0.000334200562641	1.26911606066e-05	0.000655709964676	2.11519343444e-05	0	0.000672631512152	0.000583793387905	7.61469636398e-05	0.000634558030332	0	0.000173445861624	0.00109143981217	0.00163292933139	1.69215474755e-05	0.00108297903843	0.00283858958902	0.00525837087802	8.03773505087e-05	0	8.03773505087e-05	0.00011422044546	0	0	0.000245362438395	0.00113797406773	0.000693783446496	0.00045265139497	0.000143833153542	5.92254161643e-05	1.69215474755e-05	8.46077373776e-06	0.000427269073757	0.000727626541447	0.000304587854559	4.23038686888e-05	1.26911606066e-05	8.46077373776e-06	1.26911606066e-05
0.000524567971741	0.00175984093745	0.0335046640015	0	8.46077373776e-06	0	3.80734818199e-05	0.000435729847495	0.000211519343444	0.000253823212133	1.26911606066e-05	6.34558030332e-05	4.23038686888e-06	1.69215474755e-05	0.000334200562641	2.53823212133e-05	0.00116758677581	0.00521183662246	2.11519343444e-05	0.000562641453561	1.26911606066e-05	0.00190790447786	0.00109143981217	0.0145440700552	0.000258053599002	1.69215474755e-05	0.00941261078326	0.0112443682975	0.000592254161643	0.000575332614168	0.00202635531019	0	1.69215474755e-05	0.000215749730313	0.00129872876875	2.96127080822e-05	0.00328278021025	0.00182329674049	0	1.69215474755e-05	0	1.26911606066e-05	0.000118450832329	1.69215474755e-05	6.76861899021e-05	4.23038686888e-06	8.46077373776e-06	8.46077373776e-06	0	2.96127080822e-05	0	0.00128603760814	0.000258053599002	4.23038686888e-06	5.49950292954e-05	8.46077373776e-06	0.000926454724285	0.00317702053853	0.00351968187491	9.30685111153e-05	1.26911606066e-05	0.000203058569706	0.00235632548597	0.000287666307084	4.23038686888e-06	0.000131141992935	0	0	0	0.000156524314149	0.00417116145271	0.00101529284853	0.00251708018698	0.000748778475792	0.000313048628297	0.00015229392728	1.69215474755e-05	0.000647249190939	0.000516107198003	0.000203058569706	0.000105759671722	2.11519343444e-05	8.46077373776e-06	8.46077373776e-06
0	0	0	0	0	0	0	0	0	0	0	0	0	0	0	0	0	0	0	0	0	0	0	0	0	0	0	0	0	0	0	0	0	0	0	0	0	0	0	0	0	0	0	0	0	0	0	0	0	0	0	0	0	0	0	0	0	0	0	0	0	0	0	0	0	0	0	0	0	0	0	0	0	0	0	0	0	0	0	0	0	0	0	0
0.000469572942446	0	8.46077373776e-06	0	0.0184910210039	0	0.000461112168708	0.00196289950716	0.000380734818199	0.000901072403071	0.00155678236775	4.65342555577e-05	0.00235632548597	1.69215474755e-05	0.000541489519217	0.000245362438395	4.23038686888e-06	8.46077373776e-06	4.23038686888e-06	1.26911606066e-05	0.00505108192144	2.96127080822e-05	4.23038686888e-06	2.53823212133e-05	0.00827040632866	0	1.26911606066e-05	8.46077373776e-06	0.00575332614168	0.00102375362227	0.000203058569706	0	2.53823212133e-05	0.000672631512152	0.000778391183874	1.69215474755e-05	0	0	0	0.00343507413753	2.11519343444e-05	0.000236901664657	8.03773505087e-05	0.000173445861624	0.000803773505087	0.00151024811219	8.46077373776e-06	0.00197559066777	0	0.00011422044546	0	0	8.46077373776e-06	0	1.26911606066e-05	0.0040230979123	0	4.23038686888e-06	0	0.000896842016202	0	4.23038686888e-06	0	0.000448421008101	2.11519343444e-05	0	0	0	0	3.3843094951e-05	0.000169215474755	4.23038686888e-06	0.000478033716183	0.000181906635362	0.000143833153542	4.23038686888e-06	0	7.61469636398e-05	8.46077373776e-06	8.03773505087e-05	2.96127080822e-05	0.00011422044546	3.80734818199e-05	8.46077373776e-06
4.65342555577e-05	4.23038686888e-06	0	0	0	0.00543604712651	0.00237747742031	7.61469636398e-05	0.000588023774774	4.23038686888e-05	1.69215474755e-05	1.69215474755e-05	5.07646424265e-05	1.26911606066e-05	0.000418808300019	0.00154832159401	1.26911606066e-05	1.26911606066e-05	0	8.46077373776e-06	2.53823212133e-05	2.96127080822e-05	4.23038686888e-06	6.34558030332e-05	1.26911606066e-05	0	8.46077373776e-06	1.69215474755e-05	4.65342555577e-05	0.00041457791315	4.65342555577e-05	0	0.00185713983544	4.23038686888e-05	0.000444190621232	0	0	0	0	4.23038686888e-06	4.23038686888e-06	8.46077373776e-06	1.26911606066e-05	8.46077373776e-06	4.23038686888e-06	4.23038686888e-06	0	4.23038686888e-06	0	4.23038686888e-06	0	0	4.23038686888e-06	0	0	0	4.23038686888e-06	0	1.26911606066e-05	4.23038686888e-06	0	0	1.26911606066e-05	8.46077373776e-06	0	1.69215474755e-05	0	0	0	2.11519343444e-05	0.000169215474755	8.46077373776e-06	0.000296127080822	0.000194597795968	0.00121835141824	0.00052879835861	2.11519343444e-05	4.23038686888e-05	4.23038686888e-06	2.53823212133e-05	2.53823212133e-05	1.69215474755e-05	1.26911606066e-05	0
0.00256361444254	8.46077373776e-06	3.80734818199e-05	0	0.000461112168708	0.00237747742031	0.0344988049157	0.00949298813376	0.0134907037249	0.000418808300019	0.007517397466	0.000211519343444	0.00463227362142	7.61469636398e-05	0.00447997969414	0.00320663324661	2.11519343444e-05	6.34558030332e-05	3.3843094951e-05	6.76861899021e-05	0.00288935423144	0.000131141992935	1.26911606066e-05	0.000126911606066	0.000782621570743	4.23038686888e-06	0.000131141992935	5.49950292954e-05	0.00329547137086	0.00493686147598	0.000972988979842	0	0.00225902658798	0.00111682213338	0.00312202550923	1.69215474755e-05	4.23038686888e-06	0	0	0.000122681219197	4.23038686888e-06	4.65342555577e-05	4.65342555577e-05	5.07646424265e-05	0.000308818241428	7.19165767709e-05	8.46077373776e-06	9.72988979842e-05	0	3.3843094951e-05	4.23038686888e-06	0	0	0	4.23038686888e-06	0.00011422044546	8.46077373776e-06	2.96127080822e-05	8.46077373776e-06	0.000296127080822	0	8.46077373776e-06	0	0.000105759671722	1.69215474755e-05	1.26911606066e-05	0	4.23038686888e-06	0	9.72988979842e-05	0.000554180679823	6.76861899021e-05	0.00175561055058	0.00110413097278	0.00174714977685	0.000397656365675	0.00011422044546	8.88381242465e-05	1.69215474755e-05	0.000143833153542	0.000143833153542	6.76861899021e-05	2.53823212133e-05	0
0.0134483998562	3.3843094951e-05	0.000435729847495	0	0.00196289950716	7.61469636398e-05	0.00949298813376	0.0588658332805	0.0123358081097	0.00180214480614	0.0117943185904	0.000702244220234	0.00225056581424	0.000258053599002	0.0104702075005	0.000748778475792	0.000283435920215	0.000389195591937	9.72988979842e-05	0.000181906635362	0.00416270067898	0.00225902658798	0.000139602766673	0.00192905641221	0.00445459737293	3.80734818199e-05	0.000456881781839	0.000253823212133	0.0263764621275	0.0167734839351	0.0153224612391	1.26911606066e-05	0.000444190621232	0.0112020644288	0.0118154705248	7.61469636398e-05	8.46077373776e-06	0	0	0.00140448844047	8.46077373776e-06	0.000143833153542	0.000389195591937	0.0001903674091	0.00335892717389	0.000626097256594	2.53823212133e-05	0.000562641453561	0	0.000131141992935	1.26911606066e-05	1.26911606066e-05	8.46077373776e-06	8.46077373776e-06	1.69215474755e-05	0.000862998921251	2.53823212133e-05	0.000249592825264	5.07646424265e-05	0.00320240285974	1.26911606066e-05	2.11519343444e-05	2.53823212133e-05	0.00104067516974	5.07646424265e-05	8.46077373776e-05	0	0	0	0.000135372379804	0.00233094316475	0.000186137022231	0.0064978742306	0.00287666307084	0.000926454724285	0.000270744759608	0.000156524314149	0.000224210504051	3.3843094951e-05	0.000228440890919	0.000169215474755	0.000186137022231	7.19165767709e-05	4.23038686888e-06
0.0105928887197	2.53823212133e-05	0.000211519343444	0	0.000380734818199	0.000588023774774	0.0134907037249	0.0123358081097	0.0382088541997	0.000448421008101	0.00362544154663	0.000473803329314	0.00204750724454	0.000291896693953	0.0196416862322	0.000909533176809	7.19165767709e-05	0.000177676248493	5.49950292954e-05	0.000118450832329	0.00237324703344	0.000545719906085	2.53823212133e-05	0.000579563001036	0.000769930410136	2.11519343444e-05	0.000317279015166	0.000131141992935	0.0038200393426	0.0130549738774	0.00411616642342	1.26911606066e-05	0.00258053599002	0.00207288956575	0.00655286925989	4.23038686888e-05	1.26911606066e-05	1.69215474755e-05	0	0.000143833153542	0	0.000101529284853	8.88381242465e-05	8.03773505087e-05	0.000456881781839	0.000118450832329	1.69215474755e-05	0.00011422044546	4.23038686888e-06	5.49950292954e-05	0	4.23038686888e-06	0	4.23038686888e-06	1.26911606066e-05	0.000118450832329	8.46077373776e-06	6.76861899021e-05	1.26911606066e-05	0.00045265139497	0	8.46077373776e-06	4.23038686888e-06	0.000173445861624	2.53823212133e-05	4.23038686888e-05	0	4.23038686888e-06	0	0.000241132051526	0.00123950335258	0.000186137022231	0.00372274044461	0.00220826194555	0.000812234278825	0.000511876811134	0.00033843094951	0.000181906635362	3.80734818199e-05	0.000313048628297	0.000317279015166	0.000109990058591	5.92254161643e-05	1.26911606066e-05
0.000579563001036	0.00129872876875	0.000253823212133	0	0.000901072403071	4.23038686888e-05	0.000418808300019	0.00180214480614	0.000448421008101	0.0248281405335	0.000291896693953	5.07646424265e-05	0.00396387249614	2.11519343444e-05	0.000634558030332	0.00144679230916	0.00162446855765	0.000160754701017	8.46077373776e-06	3.3843094951e-05	0.00177253209806	0.00213634536878	0.00476341561436	0.00144256192229	0.00888804281152	0.00011422044546	0.000283435920215	0.0010745182647	0.00508915540326	0.00161177739704	0.00308818241428	0	3.3843094951e-05	0.00142987076168	0.00278782494659	0.000351122110117	5.92254161643e-05	3.80734818199e-05	0	0.00135795418491	8.46077373776e-06	0.000203058569706	0.00110413097278	0.000262283985871	0.00562641453561	0.000630327643463	4.23038686888e-06	0.000926454724285	4.23038686888e-06	0.000253823212133	3.80734818199e-05	0.000126911606066	8.46077373776e-06	0	8.46077373776e-06	0.000812234278825	8.46077373776e-05	0.00296127080822	0.000139602766673	0.00431499460626	0	2.53823212133e-05	8.03773505087e-05	0.00265668295366	0.000135372379804	0.000600714935381	0	4.23038686888e-06	1.26911606066e-05	8.88381242465e-05	0.00160331662331	0.00011422044546	0.00120142987076	0.000486494489921	0.00169215474755	5.07646424265e-05	3.3843094951e-05	0.000351122110117	4.65342555577e-05	0.000207288956575	0.000105759671722	0.000177676248493	3.80734818199e-05	8.46077373776e-06
0.00275398185164	0	1.26911606066e-05	0	0.00155678236775	1.69215474755e-05	0.007517397466	0.0117943185904	0.00362544154663	0.000291896693953	0.0276201958669	0.000211519343444	0.00330816253146	0.000109990058591	0.00269898682234	0.000325739788904	1.26911606066e-05	8.46077373776e-06	4.23038686888e-06	3.3843094951e-05	0.00600714935381	8.03773505087e-05	1.26911606066e-05	6.76861899021e-05	0.000875690081858	0	3.3843094951e-05	2.53823212133e-05	0.00610021786492	0.00385811282442	0.000372274044461	4.23038686888e-06	0.00015229392728	0.00169638513442	0.0029231973264	3.3843094951e-05	0	0	0	0.000757239249529	1.26911606066e-05	6.34558030332e-05	4.65342555577e-05	8.03773505087e-05	0.000287666307084	0.000630327643463	2.11519343444e-05	0.000541489519217	0	8.46077373776e-05	4.23038686888e-06	4.23038686888e-06	4.23038686888e-06	0	2.11519343444e-05	0.000884150855596	0	4.23038686888e-06	1.26911606066e-05	0.000444190621232	0	1.26911606066e-05	8.46077373776e-06	0.000131141992935	1.69215474755e-05	2.11519343444e-05	0	4.23038686888e-06	0	8.03773505087e-05	0.000325739788904	2.96127080822e-05	0.00159908623644	0.000769930410136	0.000241132051526	9.30685111153e-05	5.49950292954e-05	8.03773505087e-05	1.69215474755e-05	0.000131141992935	8.88381242465e-05	8.88381242465e-05	3.80734818199e-05	4.23038686888e-06
0.000630327643463	0.00037650443133	6.34558030332e-05	0	4.65342555577e-05	1.69215474755e-05	0.000211519343444	0.000702244220234	0.000473803329314	5.07646424265e-05	0.000211519343444	0.0279163229477	0.000236901664657	0.00754277978721	0.00173022822937	3.80734818199e-05	3.3843094951e-05	0.000541489519217	0.00508069462952	0.00342661336379	0.000308818241428	0.00011422044546	4.23038686888e-05	0.000249592825264	0.000109990058591	0.00332931446581	0.00793620576602	0.00187406138291	0.000325739788904	0.00310933434863	0.000363813270724	0.00120142987076	0.000473803329314	0.00056687184043	0.00742009856801	4.23038686888e-06	3.3843094951e-05	1.26911606066e-05	0	1.26911606066e-05	4.23038686888e-06	1.69215474755e-05	2.11519343444e-05	1.26911606066e-05	3.80734818199e-05	4.23038686888e-06	0.000727626541447	1.69215474755e-05	0.00142140998794	1.26911606066e-05	0	1.26911606066e-05	4.23038686888e-05	7.61469636398e-05	0.000228440890919	4.23038686888e-06	1.69215474755e-05	2.53823212133e-05	2.11519343444e-05	3.80734818199e-05	0.000228440890919	0.000888381242465	0.000258053599002	2.53823212133e-05	4.23038686888e-06	1.69215474755e-05	0.000122681219197	0	0	9.72988979842e-05	0.000917993950547	0.00231402161728	0.00321509402035	0.000668401125283	6.34558030332e-05	2.53823212133e-05	0.000511876811134	0.000135372379804	0.00173022822937	0.000173445861624	6.34558030332e-05	2.96127080822e-05	1.69215474755e-05	0.000126911606066
0.00149332656471	0	4.23038686888e-06	0	0.00235632548597	5.07646424265e-05	0.00463227362142	0.00225056581424	0.00204750724454	0.00396387249614	0.00330816253146	0.000236901664657	0.0289950715993	6.76861899021e-05	0.00239862935465	0.00239439896779	8.46077373776e-06	2.11519343444e-05	4.23038686888e-05	5.49950292954e-05	0.0150390253189	3.80734818199e-05	0	4.23038686888e-05	0.00265668295366	1.26911606066e-05	0.000105759671722	6.76861899021e-05	0.00219557078495	0.00375658353956	0.000266514372739	0	0.000173445861624	0.000647249190939	0.00282166804154	8.46077373776e-06	0	0	0	0.000101529284853	2.11519343444e-05	0.000989910527318	3.3843094951e-05	0.000325739788904	0.000224210504051	0.00139179727986	2.96127080822e-05	0.00346891723248	0	0.000143833153542	2.11519343444e-05	4.23038686888e-06	4.23038686888e-06	0	4.23038686888e-06	0.00148486579098	8.46077373776e-06	1.26911606066e-05	8.46077373776e-06	0.000122681219197	4.23038686888e-06	2.11519343444e-05	4.23038686888e-06	6.34558030332e-05	3.80734818199e-05	4.23038686888e-06	0	4.23038686888e-06	0	9.72988979842e-05	0.000329970175773	2.53823212133e-05	0.00141294921421	0.00064301880407	0.00104913594348	6.76861899021e-05	4.65342555577e-05	7.61469636398e-05	1.26911606066e-05	0.0001903674091	0.000118450832329	0.000232671277788	3.80734818199e-05	4.23038686888e-06
0.000160754701017	0.000740317702054	1.69215474755e-05	0	1.69215474755e-05	1.26911606066e-05	7.61469636398e-05	0.000258053599002	0.000291896693953	2.11519343444e-05	0.000109990058591	0.00754277978721	6.76861899021e-05	0.0183641093978	0.00056687184043	1.26911606066e-05	2.11519343444e-05	2.96127080822e-05	0.000427269073757	0.000211519343444	9.30685111153e-05	6.76861899021e-05	2.53823212133e-05	0.000109990058591	6.76861899021e-05	0.00641326649322	0.00397656365675	0.00306280009307	0.000169215474755	0.0010195232354	0.000160754701017	0.00272436914356	0.0001903674091	0.000283435920215	0.00183598790109	8.46077373776e-06	6.34558030332e-05	8.46077373776e-06	0	0	0	2.11519343444e-05	1.69215474755e-05	2.96127080822e-05	1.26911606066e-05	2.11519343444e-05	0.00106605749096	2.53823212133e-05	0.0019840514415	4.23038686888e-05	0	1.26911606066e-05	3.3843094951e-05	8.03773505087e-05	0.000228440890919	0	1.69215474755e-05	1.26911606066e-05	1.26911606066e-05	1.69215474755e-05	0.000287666307084	0.00110836135965	0.000291896693953	1.69215474755e-05	2.11519343444e-05	1.26911606066e-05	0.000169215474755	8.46077373776e-06	0	0.00037650443133	0.000469572942446	0.000850307760645	0.00177676248493	0.00134949341117	2.11519343444e-05	0.000143833153542	0.00109143981217	0.000109990058591	0.00230979123041	0.000439960234363	0.000194597795968	6.76861899021e-05	4.23038686888e-05	0.000304587854559
0.0153859170421	3.80734818199e-05	0.000334200562641	0	0.000541489519217	0.000418808300019	0.00447997969414	0.0104702075005	0.0196416862322	0.000634558030332	0.00269898682234	0.00173022822937	0.00239862935465	0.00056687184043	0.0447024980434	0.000511876811134	0.000122681219197	0.000355352496986	0.000249592825264	0.000355352496986	0.00284705036276	0.000972988979842	6.76861899021e-05	0.0011422044546	0.00104490555661	6.76861899021e-05	0.000846077373776	0.000359582883855	0.00412462719716	0.0309706622671	0.00761469636398	1.26911606066e-05	0.00436575924868	0.00546142944772	0.0141717960107	4.23038686888e-05	2.96127080822e-05	2.53823212133e-05	0	0.00015229392728	8.46077373776e-06	0.000160754701017	0.00015229392728	0.000131141992935	0.000571102227299	0.000122681219197	2.96127080822e-05	0.000139602766673	1.26911606066e-05	6.76861899021e-05	0	1.69215474755e-05	0	4.23038686888e-06	2.96127080822e-05	9.30685111153e-05	2.96127080822e-05	5.92254161643e-05	2.11519343444e-05	0.000537259132348	1.26911606066e-05	2.53823212133e-05	2.53823212133e-05	0.000203058569706	2.53823212133e-05	7.19165767709e-05	0	1.26911606066e-05	0	0.000406117139412	0.00229286968293	0.000334200562641	0.00689976098314	0.00355775535673	0.000617636482856	0.000609175709119	0.000541489519217	0.000211519343444	5.92254161643e-05	0.000524567971741	0.000511876811134	0.000224210504051	0.00011422044546	2.96127080822e-05
0.000148063540411	1.26911606066e-05	2.53823212133e-05	0	0.000245362438395	0.00154832159401	0.00320663324661	0.000748778475792	0.000909533176809	0.00144679230916	0.000325739788904	3.80734818199e-05	0.00239439896779	1.26911606066e-05	0.000511876811134	0.0102502273833	0.00015229392728	5.92254161643e-05	4.23038686888e-06	2.96127080822e-05	0.000879920468727	0.000228440890919	6.76861899021e-05	0.000503416037397	0.000355352496986	0	5.49950292954e-05	0.000181906635362	0.00060494532225	0.000922224337416	0.000444190621232	0	0.000181906635362	0.000579563001036	0.00107874865156	4.23038686888e-06	8.46077373776e-06	2.11519343444e-05	0	2.11519343444e-05	0	4.23038686888e-06	5.49950292954e-05	4.23038686888e-06	0.000126911606066	2.11519343444e-05	0	4.23038686888e-05	0	4.23038686888e-06	4.23038686888e-06	2.53823212133e-05	2.53823212133e-05	0	8.46077373776e-06	2.53823212133e-05	8.46077373776e-05	2.96127080822e-05	0.000148063540411	8.88381242465e-05	4.23038686888e-06	0	4.65342555577e-05	4.65342555577e-05	8.46077373776e-06	7.61469636398e-05	0	4.23038686888e-06	0	7.19165767709e-05	0.000676861899021	2.53823212133e-05	0.00136641495865	0.000850307760645	0.00398502443048	6.34558030332e-05	4.23038686888e-06	0.0001903674091	2.96127080822e-05	8.03773505087e-05	5.49950292954e-05	1.26911606066e-05	4.23038686888e-06	0
0.000109990058591	0.000435729847495	0.00116758677581	0	4.23038686888e-06	1.26911606066e-05	2.11519343444e-05	0.000283435920215	7.19165767709e-05	0.00162446855765	1.26911606066e-05	3.3843094951e-05	8.46077373776e-06	2.11519343444e-05	0.000122681219197	0.00015229392728	0.0213423017535	0.000499185650528	2.11519343444e-05	0.000169215474755	2.11519343444e-05	0.00564333608308	0.0064301880407	0.00805888698521	0.00469995981132	1.69215474755e-05	0.000511876811134	0.00618905598917	0.00288089345771	0.000291896693953	0.00126065528693	0	2.11519343444e-05	0.000224210504051	0.00136218457178	6.76861899021e-05	0.00011422044546	4.65342555577e-05	0	4.23038686888e-05	0	8.46077373776e-06	0.000266514372739	5.07646424265e-05	0.000262283985871	2.53823212133e-05	4.23038686888e-06	5.07646424265e-05	4.23038686888e-06	5.07646424265e-05	0	0.000549950292954	2.11519343444e-05	0	1.26911606066e-05	2.11519343444e-05	0.00037650443133	0.00230133045667	0.000533028745479	0.000427269073757	4.23038686888e-06	4.23038686888e-05	0.000122681219197	0.000888381242465	2.11519343444e-05	0.000363813270724	0	0	4.23038686888e-06	6.76861899021e-05	0.00294011887387	0.000384965205068	0.00188252215665	0.000892611629334	0.000384965205068	8.46077373776e-05	2.96127080822e-05	0.000245362438395	9.30685111153e-05	9.30685111153e-05	5.07646424265e-05	2.53823212133e-05	1.26911606066e-05	4.23038686888e-06
0.000448421008101	0.00124796412632	0.00521183662246	0	8.46077373776e-06	1.26911606066e-05	6.34558030332e-05	0.000389195591937	0.000177676248493	0.000160754701017	8.46077373776e-06	0.000541489519217	2.11519343444e-05	2.96127080822e-05	0.000355352496986	5.92254161643e-05	0.000499185650528	0.0327431943651	0.000279205533346	0.00860883727817	1.69215474755e-05	0.00441229350424	0.000516107198003	0.0113755102904	0.000211519343444	5.49950292954e-05	0.0124500285551	0.00746663282357	0.00045265139497	0.000862998921251	0.00368043657592	0	1.69215474755e-05	0.000372274044461	0.00649364384373	1.26911606066e-05	0.00119719948389	0.000951837045498	0	1.26911606066e-05	4.23038686888e-06	1.26911606066e-05	5.07646424265e-05	2.53823212133e-05	7.19165767709e-05	2.11519343444e-05	1.26911606066e-05	2.11519343444e-05	4.23038686888e-06	2.53823212133e-05	0	0.000181906635362	0.000266514372739	0	8.88381242465e-05	1.69215474755e-05	0.00015229392728	0.000329970175773	0.000714935380841	6.76861899021e-05	2.11519343444e-05	0.000482264103052	0.00107874865156	0.000105759671722	4.23038686888e-06	5.92254161643e-05	0	0	0	0.00011422044546	0.00380311779512	0.00149332656471	0.00468303826385	0.00172176745563	0.000270744759608	0.000173445861624	4.65342555577e-05	0.000406117139412	0.000418808300019	0.000126911606066	7.19165767709e-05	4.65342555577e-05	2.53823212133e-05	8.46077373776e-06
0.000109990058591	0.000105759671722	2.11519343444e-05	0	4.23038686888e-06	0	3.3843094951e-05	9.72988979842e-05	5.49950292954e-05	8.46077373776e-06	4.23038686888e-06	0.00508069462952	4.23038686888e-05	0.000427269073757	0.000249592825264	4.23038686888e-06	2.11519343444e-05	0.000279205533346	0.00805042621148	0.00390041669311	3.3843094951e-05	3.3843094951e-05	1.69215474755e-05	0.000126911606066	1.26911606066e-05	0.000516107198003	0.00369312773653	0.00107874865156	3.80734818199e-05	0.000397656365675	8.03773505087e-05	0.000164985087886	2.11519343444e-05	7.61469636398e-05	0.00129872876875	0	2.53823212133e-05	0	0	0	0	0	0	0	8.46077373776e-06	0	3.3843094951e-05	0	8.88381242465e-05	4.23038686888e-06	0	1.26911606066e-05	8.46077373776e-06	0	6.34558030332e-05	0	8.46077373776e-06	1.26911606066e-05	1.26911606066e-05	8.46077373776e-06	3.80734818199e-05	0.000253823212133	8.46077373776e-05	8.46077373776e-06	0	0	2.11519343444e-05	0	0	1.26911606066e-05	0.000596484548512	0.000778391183874	0.000841846986907	0.000258053599002	1.69215474755e-05	4.23038686888e-06	5.07646424265e-05	8.03773505087e-05	0.000101529284853	3.3843094951e-05	2.11519343444e-05	8.46077373776e-06	0	0
0.000207288956575	0.000571102227299	0.000562641453561	0	1.26911606066e-05	8.46077373776e-06	6.76861899021e-05	0.000181906635362	0.000118450832329	3.3843094951e-05	3.3843094951e-05	0.00342661336379	5.49950292954e-05	0.000211519343444	0.000355352496986	2.96127080822e-05	0.000169215474755	0.00860883727817	0.00390041669311	0.0202424011676	7.61469636398e-05	0.000638788417201	0.000101529284853	0.00149332656471	7.61469636398e-05	0.000423038686888	0.0118197009116	0.0033166233052	0.000122681219197	0.000693783446496	0.000655709964676	7.19165767709e-05	5.49950292954e-05	0.000186137022231	0.00541489519217	4.23038686888e-06	0.000520337584872	0.000321509402035	0	0	4.23038686888e-06	8.46077373776e-06	2.11519343444e-05	8.46077373776e-06	4.23038686888e-06	0	3.3843094951e-05	0	6.34558030332e-05	4.23038686888e-06	0	3.3843094951e-05	0.000164985087886	8.46077373776e-06	0.000169215474755	0	3.80734818199e-05	5.92254161643e-05	0.000194597795968	1.26911606066e-05	5.92254161643e-05	0.000609175709119	0.000533028745479	3.3843094951e-05	0	2.11519343444e-05	2.11519343444e-05	0	0	8.03773505087e-05	0.00287666307084	0.00160331662331	0.00308818241428	0.00105759671722	6.76861899021e-05	3.80734818199e-05	4.65342555577e-05	0.000313048628297	0.000317279015166	8.03773505087e-05	3.80734818199e-05	1.69215474755e-05	8.46077373776e-06	4.23038686888e-06
0.00251708018698	8.46077373776e-06	1.26911606066e-05	0	0.00505108192144	2.53823212133e-05	0.00288935423144	0.00416270067898	0.00237324703344	0.00177253209806	0.00600714935381	0.000308818241428	0.0150390253189	9.30685111153e-05	0.00284705036276	0.000879920468727	2.11519343444e-05	1.69215474755e-05	3.3843094951e-05	7.61469636398e-05	0.0244093322334	5.92254161643e-05	8.46077373776e-06	6.34558030332e-05	0.00349006916683	8.46077373776e-06	0.000169215474755	8.88381242465e-05	0.00422192609514	0.00484802335174	0.000389195591937	4.23038686888e-06	0.000224210504051	0.00141717960107	0.00395118133553	0	0	0	0	0.000126911606066	0	3.80734818199e-05	4.23038686888e-06	1.69215474755e-05	0.0001903674091	4.23038686888e-05	4.23038686888e-06	7.61469636398e-05	0	8.46077373776e-06	0	0	0	0	4.23038686888e-06	9.72988979842e-05	8.46077373776e-06	8.46077373776e-06	4.23038686888e-06	0.000148063540411	0	1.26911606066e-05	8.46077373776e-06	6.34558030332e-05	0	0	0	0	0	5.92254161643e-05	0.000435729847495	5.49950292954e-05	0.00214480614252	0.00098144975358	0.000482264103052	0.00011422044546	5.92254161643e-05	6.34558030332e-05	4.23038686888e-06	7.19165767709e-05	7.19165767709e-05	2.53823212133e-05	1.69215474755e-05	0
0.0013452630243	0.000194597795968	0.00190790447786	0	2.96127080822e-05	2.96127080822e-05	0.000131141992935	0.00225902658798	0.000545719906085	0.00213634536878	8.03773505087e-05	0.00011422044546	3.80734818199e-05	6.76861899021e-05	0.000972988979842	0.000228440890919	0.00564333608308	0.00441229350424	3.3843094951e-05	0.000638788417201	5.92254161643e-05	0.0512046026609	0.00239016858092	0.0292785075195	0.00449690124162	3.3843094951e-05	0.00163292933139	0.00145525308289	0.00950990968124	0.00450536201536	0.0193286376039	0	2.96127080822e-05	0.00269052604861	0.00693783446496	0.000122681219197	0.000109990058591	9.30685111153e-05	0	7.19165767709e-05	0	3.3843094951e-05	0.000554180679823	0.00011422044546	0.000549950292954	3.3843094951e-05	0	0.000109990058591	0	0.000139602766673	4.23038686888e-06	0.000274975146477	5.92254161643e-05	0	1.26911606066e-05	2.53823212133e-05	0.000186137022231	0.00269898682234	0.000241132051526	0.000879920468727	0	2.96127080822e-05	8.88381242465e-05	0.00151870888593	5.07646424265e-05	0.000638788417201	0	4.23038686888e-06	4.23038686888e-06	0.000139602766673	0.00339700065571	0.000418808300019	0.00583793387905	0.00219557078495	0.000723396154578	0.000342661336379	7.19165767709e-05	0.000317279015166	6.76861899021e-05	0.000118450832329	0.000118450832329	7.61469636398e-05	3.3843094951e-05	8.46077373776e-06
8.88381242465e-05	0.00358736806481	0.00109143981217	0	4.23038686888e-06	4.23038686888e-06	1.26911606066e-05	0.000139602766673	2.53823212133e-05	0.00476341561436	1.26911606066e-05	4.23038686888e-05	0	2.53823212133e-05	6.76861899021e-05	6.76861899021e-05	0.0064301880407	0.000516107198003	1.69215474755e-05	0.000101529284853	8.46077373776e-06	0.00239016858092	0.0206400575333	0.00434460731434	0.00308395202741	0.000156524314149	0.000698013833365	0.0086046068913	0.000909533176809	0.000245362438395	0.000884150855596	0	8.46077373776e-06	0.000207288956575	0.000808003891956	5.49950292954e-05	0.000638788417201	0.000160754701017	0	4.65342555577e-05	0	8.46077373776e-06	0.000249592825264	3.80734818199e-05	0.000186137022231	3.3843094951e-05	4.23038686888e-06	2.96127080822e-05	0	3.80734818199e-05	0	0.00151870888593	4.23038686888e-05	4.23038686888e-06	2.96127080822e-05	2.53823212133e-05	0.00090530278994	0.0044588277598	0.0017133066819	0.00045265139497	2.53823212133e-05	7.61469636398e-05	0.000554180679823	0.00106605749096	2.53823212133e-05	0.000499185650528	0	0	4.23038686888e-06	8.46077373776e-05	0.00181483596675	0.000355352496986	0.000901072403071	0.000313048628297	0.000215749730313	5.07646424265e-05	2.53823212133e-05	0.00030035746769	9.72988979842e-05	8.88381242465e-05	4.23038686888e-05	1.69215474755e-05	1.69215474755e-05	8.46077373776e-06
0.00159908623644	0.000571102227299	0.0145440700552	0	2.53823212133e-05	6.34558030332e-05	0.000126911606066	0.00192905641221	0.000579563001036	0.00144256192229	6.76861899021e-05	0.000249592825264	4.23038686888e-05	0.000109990058591	0.0011422044546	0.000503416037397	0.00805888698521	0.0113755102904	0.000126911606066	0.00149332656471	6.34558030332e-05	0.0292785075195	0.00434460731434	0.0736129619054	0.00156101275462	1.26911606066e-05	0.00491993992851	0.0134610910168	0.00384965205068	0.00351122110117	0.0117816274298	0	8.03773505087e-05	0.00163292933139	0.00913763563678	8.88381242465e-05	0.000545719906085	0.000359582883855	0	5.07646424265e-05	4.23038686888e-06	4.65342555577e-05	0.000406117139412	9.30685111153e-05	0.000321509402035	4.65342555577e-05	8.46077373776e-06	6.76861899021e-05	4.23038686888e-06	6.34558030332e-05	4.23038686888e-06	0.00137910611925	0.000118450832329	4.23038686888e-06	3.80734818199e-05	3.3843094951e-05	0.00116758677581	0.00499185650528	0.00243670283647	0.000706474607103	2.11519343444e-05	0.000126911606066	0.000499185650528	0.00150178733845	4.23038686888e-05	0.000651479577807	0	8.46077373776e-06	0	0.000211519343444	0.010355987055	0.00158639507583	0.0118112401379	0.00453497472344	0.0019163652516	0.00086722930812	0.000122681219197	0.000896842016202	0.000228440890919	0.000274975146477	0.000207288956575	9.30685111153e-05	5.07646424265e-05	4.23038686888e-06
0.00109567019904	0.000537259132348	0.000258053599002	0	0.00827040632866	1.26911606066e-05	0.000782621570743	0.00445459737293	0.000769930410136	0.00888804281152	0.000875690081858	0.000109990058591	0.00265668295366	6.76861899021e-05	0.00104490555661	0.000355352496986	0.00469995981132	0.000211519343444	1.26911606066e-05	7.61469636398e-05	0.00349006916683	0.00449690124162	0.00308395202741	0.00156101275462	0.0422869471413	1.26911606066e-05	0.000186137022231	0.000765700023267	0.0177591640756	0.00263553101931	0.0042007741608	0	5.07646424265e-05	0.00220403155869	0.00395964210927	0.000342661336379	3.3843094951e-05	2.11519343444e-05	0	0.00287243268397	1.26911606066e-05	0.000143833153542	0.00114643484147	0.000308818241428	0.00526260126489	0.000706474607103	8.46077373776e-06	0.000723396154578	8.46077373776e-06	0.000274975146477	8.46077373776e-06	8.03773505087e-05	2.11519343444e-05	0	1.69215474755e-05	0.000884150855596	0.000105759671722	0.00136641495865	0.000109990058591	0.00631173720837	8.46077373776e-06	2.11519343444e-05	3.3843094951e-05	0.00304587854559	0.000131141992935	0.000393425978806	0	8.46077373776e-06	8.46077373776e-06	9.30685111153e-05	0.0017936840324	0.000160754701017	0.00215326691626	0.000913763563678	0.000871459694989	7.61469636398e-05	8.46077373776e-06	0.000372274044461	5.92254161643e-05	0.000186137022231	0.000101529284853	0.000186137022231	5.49950292954e-05	0
3.3843094951e-05	0.00336738794763	1.69215474755e-05	0	0	0	4.23038686888e-06	3.80734818199e-05	2.11519343444e-05	0.00011422044546	0	0.00332931446581	1.26911606066e-05	0.00641326649322	6.76861899021e-05	0	1.69215474755e-05	5.49950292954e-05	0.000516107198003	0.000423038686888	8.46077373776e-06	3.3843094951e-05	0.000156524314149	1.26911606066e-05	1.26911606066e-05	0.0166719546503	0.00519068468811	0.00831271019735	3.80734818199e-05	0.000109990058591	4.23038686888e-05	0.00104913594348	1.26911606066e-05	3.3843094951e-05	0.00041457791315	0	0.000296127080822	3.3843094951e-05	0	0	0	0	0	8.46077373776e-06	0	4.23038686888e-06	0.00122681219197	4.23038686888e-06	0.00207711995262	1.69215474755e-05	0	4.23038686888e-06	0.000109990058591	0.000139602766673	0.000833386213169	4.23038686888e-06	4.23038686888e-06	2.11519343444e-05	8.46077373776e-06	0	0.000846077373776	0.00269898682234	0.000778391183874	0	1.26911606066e-05	0	0.000186137022231	0	0	0.000173445861624	0.000228440890919	0.00045265139497	0.000304587854559	9.30685111153e-05	1.26911606066e-05	4.23038686888e-06	0.000156524314149	5.49950292954e-05	0.0017936840324	0.000397656365675	2.11519343444e-05	8.46077373776e-06	8.46077373776e-06	0.000321509402035
0.000465342555577	0.00728049580134	0.00941261078326	0	1.26911606066e-05	8.46077373776e-06	0.000131141992935	0.000456881781839	0.000317279015166	0.000283435920215	3.3843094951e-05	0.00793620576602	0.000105759671722	0.00397656365675	0.000846077373776	5.49950292954e-05	0.000511876811134	0.0124500285551	0.00369312773653	0.0118197009116	0.000169215474755	0.00163292933139	0.000698013833365	0.00491993992851	0.000186137022231	0.00519068468811	0.0890369524293	0.0352814264865	0.000334200562641	0.00162023817078	0.00167946358695	0.00212365420818	0.000131141992935	0.000469572942446	0.00773314719631	3.80734818199e-05	0.00687437866193	0.00429807305878	0	2.53823212133e-05	0	5.07646424265e-05	0.000177676248493	5.49950292954e-05	6.76861899021e-05	3.3843094951e-05	0.000833386213169	5.07646424265e-05	0.00132411108996	8.46077373776e-05	0	0.000211519343444	0.00234363432536	0.000253823212133	0.00307972164054	3.3843094951e-05	0.000325739788904	0.000427269073757	0.00167100281321	0.000126911606066	0.00173445861624	0.00991179643378	0.00751316707913	0.000211519343444	4.23038686888e-06	0.000245362438395	0.000219980117182	4.23038686888e-06	0	0.000837616600038	0.00962836051357	0.00709435877911	0.00656133003363	0.00238170780718	0.000173445861624	9.72988979842e-05	0.000215749730313	0.00151447849906	0.00397233326988	0.000930685111153	0.000262283985871	8.46077373776e-05	3.3843094951e-05	3.80734818199e-05
0.000236901664657	0.0153055396916	0.0112443682975	0	8.46077373776e-06	1.69215474755e-05	5.49950292954e-05	0.000253823212133	0.000131141992935	0.0010745182647	2.53823212133e-05	0.00187406138291	6.76861899021e-05	0.00306280009307	0.000359582883855	0.000181906635362	0.00618905598917	0.00746663282357	0.00107874865156	0.0033166233052	8.88381242465e-05	0.00145525308289	0.0086046068913	0.0134610910168	0.000765700023267	0.00831271019735	0.0352814264865	0.0938892061679	0.00045265139497	0.00068109228589	0.000956067432367	0.000909533176809	4.23038686888e-05	0.000363813270724	0.00404001945978	2.53823212133e-05	0.00968758592973	0.00384119127694	0	1.69215474755e-05	0	2.53823212133e-05	0.000139602766673	3.3843094951e-05	6.76861899021e-05	1.26911606066e-05	0.000372274044461	1.69215474755e-05	0.000473803329314	5.49950292954e-05	0	0.00249592825264	0.00129449838188	0.000173445861624	0.00203058569706	4.23038686888e-06	0.00173445861624	0.00549104215581	0.00572794382046	0.00015229392728	0.00173868900311	0.00635827146393	0.00801658311653	0.000393425978806	1.69215474755e-05	0.000279205533346	8.88381242465e-05	4.23038686888e-06	0	0.000583793387905	0.0115362649914	0.0044038327305	0.00553334602449	0.00190790447786	0.000562641453561	0.000258053599002	0.000126911606066	0.00149755695158	0.00183598790109	0.000710704993972	0.000177676248493	5.49950292954e-05	2.53823212133e-05	1.69215474755e-05
0.0045942001396	9.72988979842e-05	0.000592254161643	0	0.00575332614168	4.65342555577e-05	0.00329547137086	0.0263764621275	0.0038200393426	0.00508915540326	0.00610021786492	0.000325739788904	0.00219557078495	0.000169215474755	0.00412462719716	0.00060494532225	0.00288089345771	0.00045265139497	3.80734818199e-05	0.000122681219197	0.00422192609514	0.00950990968124	0.000909533176809	0.00384965205068	0.0177591640756	3.80734818199e-05	0.000334200562641	0.00045265139497	0.0641115129979	0.0100133257186	0.0147302070774	8.46077373776e-06	0.000194597795968	0.00911648370243	0.00995410030247	0.000355352496986	1.26911606066e-05	2.11519343444e-05	0	0.00442921505172	1.26911606066e-05	0.000325739788904	0.00144679230916	0.000494955263659	0.00887112126404	0.00168369397381	5.49950292954e-05	0.00170061552129	1.26911606066e-05	0.000393425978806	1.69215474755e-05	7.19165767709e-05	3.80734818199e-05	8.46077373776e-06	3.3843094951e-05	0.0025424625082	8.46077373776e-05	0.00119719948389	0.000135372379804	0.00883304778222	1.26911606066e-05	2.96127080822e-05	3.3843094951e-05	0.0033716183345	0.000160754701017	0.000334200562641	0	8.46077373776e-06	8.46077373776e-06	0.000169215474755	0.00321932440722	0.000258053599002	0.00533874822853	0.00232248239101	0.00107028787783	0.000253823212133	6.76861899021e-05	0.000439960234363	6.34558030332e-05	0.00033843094951	0.000198828182837	0.000342661336379	0.000118450832329	1.69215474755e-05
0.015745499926	8.88381242465e-05	0.000575332614168	0	0.00102375362227	0.00041457791315	0.00493686147598	0.0167734839351	0.0130549738774	0.00161177739704	0.00385811282442	0.00310933434863	0.00375658353956	0.0010195232354	0.0309706622671	0.000922224337416	0.000291896693953	0.000862998921251	0.000397656365675	0.000693783446496	0.00484802335174	0.00450536201536	0.000245362438395	0.00351122110117	0.00263553101931	0.000109990058591	0.00162023817078	0.00068109228589	0.0100133257186	0.0661801721767	0.019971656408	3.80734818199e-05	0.00399348520422	0.0220360852	0.0305772362883	0.000109990058591	5.07646424265e-05	5.07646424265e-05	0	0.000317279015166	1.69215474755e-05	0.000279205533346	0.000427269073757	0.000279205533346	0.00148909617785	0.000236901664657	3.80734818199e-05	0.000304587854559	1.26911606066e-05	0.000169215474755	4.23038686888e-06	3.3843094951e-05	8.46077373776e-06	4.23038686888e-06	5.07646424265e-05	0.000173445861624	7.19165767709e-05	0.000249592825264	8.88381242465e-05	0.00139179727986	1.69215474755e-05	6.76861899021e-05	5.07646424265e-05	0.000596484548512	5.49950292954e-05	0.000135372379804	0	2.11519343444e-05	0	0.000719165767709	0.00524567971741	0.000651479577807	0.0156778137361	0.0076400786852	0.00124373373945	0.000922224337416	0.000820695052563	0.000482264103052	0.000105759671722	0.000913763563678	0.000888381242465	0.000389195591937	0.000207288956575	4.23038686888e-05
0.0107578738076	0.000169215474755	0.00202635531019	0	0.000203058569706	4.65342555577e-05	0.000972988979842	0.0153224612391	0.00411616642342	0.00308818241428	0.000372274044461	0.000363813270724	0.000266514372739	0.000160754701017	0.00761469636398	0.000444190621232	0.00126065528693	0.00368043657592	8.03773505087e-05	0.000655709964676	0.000389195591937	0.0193286376039	0.000884150855596	0.0117816274298	0.0042007741608	4.23038686888e-05	0.00167946358695	0.000956067432367	0.0147302070774	0.019971656408	0.0586077796815	0	0.000215749730313	0.0152759269835	0.0154620640058	0.000249592825264	8.03773505087e-05	8.46077373776e-05	0	0.000346891723248	4.23038686888e-06	9.30685111153e-05	0.000786851957612	0.000139602766673	0.00268206527487	0.0001903674091	1.69215474755e-05	0.000346891723248	4.23038686888e-06	0.000194597795968	8.46077373776e-06	8.46077373776e-05	3.80734818199e-05	0	8.46077373776e-06	0.000126911606066	0.000135372379804	0.0012098906445	0.000156524314149	0.00230133045667	0	2.11519343444e-05	6.76861899021e-05	0.00134949341117	9.72988979842e-05	0.000359582883855	4.23038686888e-06	4.23038686888e-06	0	0.000177676248493	0.0044588277598	0.000461112168708	0.00826617594179	0.00331239291833	0.000968758592973	0.000423038686888	0.000101529284853	0.000384965205068	7.61469636398e-05	0.000211519343444	0.000156524314149	0.000186137022231	5.92254161643e-05	4.23038686888e-06
