0.0241425031175	0	0.00214275567061	0	0.000130222720313	2.36768582388e-05	0.000248607011507	0.015871387306	0.0101336953262	1.9730715199e-05	0.000670844316765	1.9730715199e-05	7.89228607959e-06	1.9730715199e-05	0.0122330434234	2.36768582388e-05	0.000134168863353	0.00279781541521	1.18384291194e-05	1.57845721592e-05	3.15691443183e-05	0.00269521569618	0	0.00557590011523	0.00114438148154	0	0.00057219074077	0.000694521175004	0.00795542436822	0.00552065411267	0.0118699982637	3.94614303979e-06	1.57845721592e-05	0.000848420753555	0.00512998595173	0	0	3.94614303979e-06	0	0	0	0	0	0	0	0	0	0	0	0	0	0	3.55152873581e-05	0	2.36768582388e-05	0	0	0	2.76230012786e-05	0	0	7.89228607959e-06	4.34075734377e-05	3.94614303979e-06	0	0	0	0	0	0	4.34075734377e-05	3.94614303979e-06	0.00407241961707	0.00134168863353	3.15691443183e-05	0	0	3.94614303979e-06	3.94614303979e-06	5.52460025571e-05	6.31382886367e-05	3.94614303979e-06	0	0
0	0.0241188262592	3.15691443183e-05	0	0	0.000146007292472	7.89228607959e-06	0	3.94614303979e-06	0.00751345634777	0	1.18384291194e-05	3.94614303979e-06	0.00302669171152	7.89228607959e-06	0.000359099016621	0.00232427825044	3.94614303979e-06	0	3.94614303979e-06	0	0.000828690038357	0.0103704639086	0.00204410209461	0.00499187094534	0.00587975312929	0.00255315454675	0.0148138209714	0.000106545862074	7.89228607959e-06	0	5.91921455969e-05	7.49767177561e-05	3.94614303979e-06	2.76230012786e-05	0	0.00692942717788	0	0	5.52460025571e-05	0	0	0	0	0.00162186478935	1.18384291194e-05	0.000213091724149	1.9730715199e-05	0.00115227376762	0	3.94614303979e-06	0.000213091724149	3.94614303979e-06	7.89228607959e-06	1.18384291194e-05	4.73537164775e-05	0.00037882973182	0.00292803813553	0.000264391583666	0.000781336321879	0.00240714725427	0.00037882973182	0.00591921455969	8.68151468754e-05	0	0	6.31382886367e-05	0	0	1.18384291194e-05	0.000134168863353	0.00018941486591	1.18384291194e-05	0	0.000730036462362	0.000102599719035	0.000939182043471	0.00018941486591	5.52460025571e-05	1.57845721592e-05	0	3.94614303979e-06	0	3.94614303979e-06
0.00214275567061	3.15691443183e-05	0.0387353400786	0	3.94614303979e-06	0	3.94614303979e-06	0.00312139914448	0.000323583729263	4.73537164775e-05	6.31382886367e-05	0	2.36768582388e-05	0.000134168863353	0.000497214023014	3.94614303979e-06	5.52460025571e-05	0.0103901946238	1.18384291194e-05	3.55152873581e-05	4.34075734377e-05	0.00283333070257	0.000134168863353	0.0144626142408	0.000264391583666	0	0.0121659589917	0.020429182517	0.00316086057487	0.000118384291194	0.00422631919562	1.57845721592e-05	0	9.07612899152e-05	0.000785282464919	0	0.00391457389547	0.000110492005114	0	0	0	3.55152873581e-05	0	3.94614303979e-06	0.000169684150711	7.89228607959e-05	4.34075734377e-05	0	2.76230012786e-05	3.55152873581e-05	0	5.91921455969e-05	0.00101810490427	5.91921455969e-05	0.000552460025571	0	3.94614303979e-05	0.00385932789292	0.00058008302685	3.94614303979e-06	1.9730715199e-05	0.00038277587486	0.00544173125187	3.15691443183e-05	0	0	1.18384291194e-05	0	0	3.55152873581e-05	0.00496424794406	0.00132590406137	0.00116805833978	0.0003867220179	0	0	0	0.00252158540243	0.000848420753555	0.000319637586223	0.000244660868467	8.28690038357e-05	3.94614303979e-06	0
0	0	0	0	0	0	0	0	0	0	0	0	0	0	0	0	0	0	0	0	0	0	0	0	0	0	0	0	0	0	0	0	0	0	0	0	0	0	0	0	0	0	0	0	0	0	0	0	0	0	0	0	0	0	0	0	0	0	0	0	0	0	0	0	0	0	0	0	0	0	0	0	0	0	0	0	0	0	0	0	0	0	0	0
0.000130222720313	0	3.94614303979e-06	0	0.0186021182896	7.89228607959e-06	0.000962858901709	0.00238347039603	0.00339368301422	0.00163370321847	0.00181917194134	0.000335422158382	0.00518128581125	0.000134168863353	0.00255710068979	0.00191782551734	0	1.9730715199e-05	0.000418291162218	0.00037488358878	0.00952204315502	7.89228607959e-06	0	2.76230012786e-05	0.00594289141793	0	0.000899720613073	0.000331476015343	0.00464855650088	0.00327135257999	2.76230012786e-05	3.94614303979e-06	3.55152873581e-05	0.000840528467476	0.00299906871024	0	0	0	0	0.00249790854419	3.94614303979e-06	3.15691443183e-05	1.18384291194e-05	3.94614303979e-05	0.00449465692232	0.00293987656465	0	0.00135352706265	0	2.76230012786e-05	6.70844316765e-05	0	0	0	0	0.00140877306521	0	0	0	0.00438811106025	0	0	0	0.00380408189036	0	1.18384291194e-05	0	0	0	1.18384291194e-05	0.000280176155825	3.15691443183e-05	0.00263996969362	0.000864205325715	0.000153899578552	0	0	7.89228607959e-06	9.86535759948e-05	0.000122330434234	7.89228607959e-05	5.91921455969e-05	0	8.68151468754e-05
2.36768582388e-05	0.000146007292472	0	0	7.89228607959e-06	0.00585213012801	0.00236373968084	0.000540621596452	0.00226508610484	0.00019730715199	0.000102599719035	0	1.57845721592e-05	0.000114438148154	0.00057613688381	0.0018349565135	0	3.94614303979e-06	0	0	1.18384291194e-05	1.57845721592e-05	0.000102599719035	3.94614303979e-06	5.52460025571e-05	5.91921455969e-05	7.89228607959e-06	5.12998595173e-05	0.000217037867189	0.000430129591337	9.86535759948e-05	0	0.00318059129007	0.000299906871024	0.000856313039635	0	0	0	0	1.18384291194e-05	3.94614303979e-06	3.94614303979e-06	0	0	5.91921455969e-05	3.94614303979e-06	0	5.91921455969e-05	3.94614303979e-06	0	7.89228607959e-06	0	3.94614303979e-06	0	3.94614303979e-06	4.73537164775e-05	0	0	0	3.55152873581e-05	3.94614303979e-06	7.89228607959e-06	7.89228607959e-06	7.89228607959e-06	0	0	0	0	0	3.94614303979e-06	0.00018941486591	3.94614303979e-06	0.000611652171168	0.000240714725427	0.00221378624532	0.00149558821208	3.94614303979e-05	3.94614303979e-06	0	6.31382886367e-05	3.15691443183e-05	3.94614303979e-06	7.89228607959e-06	4.34075734377e-05
0.000248607011507	7.89228607959e-06	3.94614303979e-06	0	0.000962858901709	0.00236373968084	0.0396547914069	0.00549697725443	0.0253618613167	0.000114438148154	0.0131485486086	8.68151468754e-05	0.00831846952788	0.00018941486591	0.00515366280997	0.00344892901678	0	5.52460025571e-05	0.000749767177561	0.000307799157104	0.000844474610516	5.12998595173e-05	3.94614303979e-06	9.4707432955e-05	0.000299906871024	3.94614303979e-06	0.00147191135384	5.12998595173e-05	0.00293198427857	0.00483402522375	0.000398560447019	7.89228607959e-06	0.00185074108566	0.00143244992344	0.00277019241393	0	0	1.18384291194e-05	0	1.9730715199e-05	0	0	0	0	0.000110492005114	1.57845721592e-05	0	0.000260445440626	0	0	7.89228607959e-06	0	3.94614303979e-06	0	3.94614303979e-06	8.28690038357e-05	0	0	3.94614303979e-06	6.70844316765e-05	0	0	2.76230012786e-05	1.18384291194e-05	3.94614303979e-06	0	0	0	3.94614303979e-06	2.76230012786e-05	0.000509052452133	1.18384291194e-05	0.00320032200527	0.000607706028128	0.0018744179439	5.91921455969e-05	7.89228607959e-06	3.94614303979e-06	3.94614303979e-06	0.000126276577273	7.49767177561e-05	4.34075734377e-05	0	8.68151468754e-05
0.015871387306	0	0.00312139914448	0	0.00238347039603	0.000540621596452	0.00549697725443	0.0586396855713	0.0217866557227	4.73537164775e-05	0.00692548103484	0.000694521175004	0.000327529872303	0.000110492005114	0.0145573216738	0.00056824459773	0.000118384291194	0.00434864962985	0.000410398876138	0.000422237305258	0.000678736602844	0.00575347655202	7.89228607959e-06	0.00926159771439	0.00316086057487	7.89228607959e-06	0.00202042523637	0.00145612678168	0.0272126024024	0.015070320269	0.0193163701798	3.94614303979e-05	0.000220984010228	0.010516471201	0.0122685587107	7.89228607959e-06	0	2.36768582388e-05	0	0.000130222720313	0	3.94614303979e-06	3.94614303979e-06	1.57845721592e-05	0.00058008302685	0.000516944738213	3.94614303979e-06	1.57845721592e-05	0	1.57845721592e-05	7.89228607959e-06	7.89228607959e-06	5.91921455969e-05	0	5.52460025571e-05	1.57845721592e-05	0	7.89228607959e-06	3.55152873581e-05	0.000548513882531	0	1.9730715199e-05	0.000102599719035	0.000540621596452	7.89228607959e-06	7.89228607959e-06	0	0	3.94614303979e-06	1.18384291194e-05	0.00109308162202	0.000153899578552	0.0105598787745	0.00488137894022	0.000430129591337	1.18384291194e-05	7.89228607959e-06	8.28690038357e-05	1.9730715199e-05	0.000173630293751	0.000177576436791	5.52460025571e-05	0	1.18384291194e-05
0.0101336953262	3.94614303979e-06	0.000323583729263	0	0.00339368301422	0.00226508610484	0.0253618613167	0.0217866557227	0.064156393541	9.07612899152e-05	0.0137483623506	0.00194939466166	0.00848815367859	0.00163764936151	0.0315730904614	0.0015074266412	0.000110492005114	0.000986535759948	0.00277019241393	0.00177181822487	0.00172446450839	0.00136931163481	3.94614303979e-06	0.00283333070257	0.00170473379319	7.89228607959e-06	0.00634934415103	0.000698467318043	0.0125092734361	0.0226192919041	0.00484980979591	0.000339368301422	0.0023203321074	0.00389878932332	0.0163567628999	7.89228607959e-06	0	1.57845721592e-05	0	5.12998595173e-05	0	0.000110492005114	1.18384291194e-05	2.76230012786e-05	9.86535759948e-05	0.000149953435512	1.18384291194e-05	0.000986535759948	3.94614303979e-06	2.36768582388e-05	5.12998595173e-05	0	1.57845721592e-05	0	2.76230012786e-05	9.4707432955e-05	3.94614303979e-06	0	7.89228607959e-06	0.000138115006393	0.000146007292472	1.9730715199e-05	7.10305747163e-05	0.000122330434234	7.89228607959e-06	1.18384291194e-05	0	0	3.94614303979e-06	7.10305747163e-05	0.00277413855697	0.00018152257983	0.0150663741259	0.00410398876138	0.0011207046233	0.000102599719035	7.49767177561e-05	3.15691443183e-05	3.55152873581e-05	0.00124698120057	0.000292014584945	0.00037488358878	0.00018941486591	0.000990481902988
1.9730715199e-05	0.00751345634777	4.73537164775e-05	0	0.00163370321847	0.00019730715199	0.000114438148154	4.73537164775e-05	9.07612899152e-05	0.0420185310877	4.34075734377e-05	2.36768582388e-05	0.00307009928496	0.00186257951478	0.000122330434234	0.00395008918283	0.00196912537686	1.9730715199e-05	7.89228607959e-06	3.94614303979e-06	0.00213091724149	0.0026675926949	0.0106388016353	0.00107729704986	0.0200542989282	0.00274256941266	0.000434075734377	0.00458936435528	0.00499187094534	0.00778574021751	0.00545751582403	4.73537164775e-05	7.49767177561e-05	0.00795542436822	0.00454990292488	0.000974697330829	0.00018941486591	1.57845721592e-05	0	0.00112465076634	1.9730715199e-05	0.000173630293751	0.000635329029407	0.00142850378041	0.0193597777532	0.000307799157104	6.31382886367e-05	0.00190598708822	3.15691443183e-05	0.000224930153268	0.000402506590059	0.000276230012786	8.68151468754e-05	3.94614303979e-05	0.000106545862074	0.00174024908055	0.000931289757391	0.00367385917005	0.000130222720313	0.00859075339763	9.07612899152e-05	0.000453806449576	0.000390668160939	0.00510630909349	0.000524837024292	0.00133379634745	1.57845721592e-05	0	0.000268337726706	0.000599813742049	0.00127065805881	0.000410398876138	0.00352785187757	0.00265970040882	0.00273467712658	0.000110492005114	0.000501160166054	0.00361466702445	0.00147980363992	0.00194150237558	0.000477483307815	0.000453806449576	0.000126276577273	8.28690038357e-05
0.000670844316765	0	6.31382886367e-05	0	0.00181917194134	0.000102599719035	0.0131485486086	0.00692548103484	0.0137483623506	4.34075734377e-05	0.0393272615346	0.00102994333339	0.0091826748536	0.000173630293751	0.00936419743343	0.000102599719035	7.89228607959e-06	0.000801067037078	0.000773444035799	0.00281359998737	0.00240714725427	7.89228607959e-06	7.89228607959e-06	3.15691443183e-05	0.000485375593895	0	0.00394219689675	0.00102599719035	0.00309772228624	0.0135944627721	3.55152873581e-05	1.18384291194e-05	6.70844316765e-05	0.00213091724149	0.00920635171184	0	7.89228607959e-06	0	0	0.000477483307815	0	1.18384291194e-05	0	0	0.000789228607959	0.00215854024277	1.9730715199e-05	0.000473537164775	0	1.18384291194e-05	3.94614303979e-06	7.89228607959e-06	0	3.94614303979e-06	1.57845721592e-05	0.000177576436791	0	7.89228607959e-06	0	0.000785282464919	3.94614303979e-06	8.68151468754e-05	2.76230012786e-05	0.00095891275867	0	1.18384291194e-05	0	0	0	3.15691443183e-05	0.000895774470033	0.000126276577273	0.00686628888924	0.00107729704986	9.4707432955e-05	3.94614303979e-06	0	9.07612899152e-05	9.86535759948e-05	0.000153899578552	8.28690038357e-05	6.31382886367e-05	3.15691443183e-05	0.000106545862074
1.9730715199e-05	1.18384291194e-05	0	0	0.000335422158382	0	8.68151468754e-05	0.000694521175004	0.00194939466166	2.36768582388e-05	0.00102994333339	0.0183377267059	0.000319637586223	0.00528783167332	0.00410004261834	0	0	9.07612899152e-05	0.00232822439348	0.00395798146891	9.86535759948e-05	0	1.18384291194e-05	0	9.4707432955e-05	0.000252553154547	0.00533123924676	0.000106545862074	0.000509052452133	0.00656243587518	2.36768582388e-05	0.00134563477657	0.0018349565135	0.000335422158382	0.00966015816141	7.89228607959e-06	0	0	0	3.15691443183e-05	0	0	0	1.18384291194e-05	1.18384291194e-05	6.31382886367e-05	0.000169684150711	0.000118384291194	0.00019730715199	0	0	0	0	0	0	0	0	0	0	8.28690038357e-05	0.000149953435512	0.000130222720313	1.18384291194e-05	8.28690038357e-05	0	0	9.07612899152e-05	0	0	0	5.52460025571e-05	0.00111675848026	0.00522863952773	0.000327529872303	0	0	0.000284122298865	0	7.89228607959e-06	0	0	0	0	0
7.89228607959e-06	3.94614303979e-06	2.36768582388e-05	0	0.00518128581125	1.57845721592e-05	0.00831846952788	0.000327529872303	0.00848815367859	0.00307009928496	0.0091826748536	0.000319637586223	0.0395442994018	0.00019730715199	0.00776206335927	0.00453411835272	0	0.00056429845469	0.00163764936151	0.00254131611763	0.0138391236406	0	3.94614303979e-06	2.36768582388e-05	0.00162581093239	0	0.00675579688413	0.00143244992344	0.000698467318043	0.0120633592726	4.34075734377e-05	0	4.34075734377e-05	0.000820797752277	0.0103744100516	0	3.94614303979e-06	0	0	0.000363045159661	0	0.000228876296308	7.89228607959e-06	7.89228607959e-06	0.000611652171168	0.000406452733099	7.89228607959e-06	0.00457752592616	0	0.000106545862074	0.000224930153268	0	0	3.94614303979e-06	1.18384291194e-05	0.000722144176282	0	0	0	0.000347260587502	3.94614303979e-06	7.10305747163e-05	1.18384291194e-05	0.000102599719035	0.000130222720313	3.94614303979e-06	0	0	0	3.55152873581e-05	0.000497214023014	7.10305747163e-05	0.00834609252916	0.000844474610516	0.000406452733099	0	0	7.89228607959e-06	7.89228607959e-06	3.94614303979e-05	1.18384291194e-05	3.94614303979e-05	1.18384291194e-05	2.36768582388e-05
1.9730715199e-05	0.00302669171152	0.000134168863353	0	0.000134168863353	0.000114438148154	0.00018941486591	0.000110492005114	0.00163764936151	0.00186257951478	0.000173630293751	0.00528783167332	0.00019730715199	0.0343748520196	0.00249001625811	9.07612899152e-05	0.000122330434234	7.89228607959e-06	0.000177576436791	0.000339368301422	7.89228607959e-05	0.000205199438069	0.00215459409973	0.000927343614351	0.000943128186511	0.0091432134232	0.00695310403612	0.00554038482787	0.000161791864632	0.00447492620713	1.9730715199e-05	0.00435654191593	0.00211513266933	9.86535759948e-05	0.00440784177545	7.89228607959e-06	0.0003867220179	0	0	1.18384291194e-05	0	5.52460025571e-05	1.18384291194e-05	1.57845721592e-05	3.15691443183e-05	3.94614303979e-05	0.00535886224804	5.12998595173e-05	0.00764762521112	9.86535759948e-05	5.12998595173e-05	0	1.9730715199e-05	1.18384291194e-05	2.36768582388e-05	3.15691443183e-05	1.9730715199e-05	4.73537164775e-05	3.55152873581e-05	3.55152873581e-05	0.00803434722902	0.00352390573454	0.00125881962969	2.76230012786e-05	0	7.89228607959e-06	0.00245844711379	1.57845721592e-05	0	0.000138115006393	0.002280870677	0.00850788439379	0.00632961343583	0.0023400628226	9.07612899152e-05	3.55152873581e-05	0.00453806449576	7.49767177561e-05	0.000682682745884	0.00127460420185	0.000311745300144	9.86535759948e-05	0.000205199438069	0.0010615124777
0.0122330434234	7.89228607959e-06	0.000497214023014	0	0.00255710068979	0.00057613688381	0.00515366280997	0.0145573216738	0.0315730904614	0.000122330434234	0.00936419743343	0.00410004261834	0.00776206335927	0.00249001625811	0.0544015279466	0.000544567739491	0.000122330434234	0.00121146591322	0.0034607674459	0.00206383280981	0.00191782551734	0.000797120894038	7.89228607959e-06	0.00183101037046	0.00220589395924	2.36768582388e-05	0.0091826748536	0.000883936040914	0.00810932394677	0.0367267532714	0.00439994948937	0.000978643473869	0.000903666756113	0.00414345019178	0.0221418085963	1.57845721592e-05	0	0	0	8.28690038357e-05	0	0.000134168863353	1.9730715199e-05	4.73537164775e-05	0.000149953435512	0.000228876296308	1.9730715199e-05	0.00095891275867	7.89228607959e-06	3.15691443183e-05	8.68151468754e-05	0	0	0	0	8.68151468754e-05	3.94614303979e-06	0	0	0.000224930153268	0.000161791864632	0	2.76230012786e-05	0.000209145581109	7.89228607959e-06	1.57845721592e-05	0	0	3.94614303979e-06	7.10305747163e-05	0.00273467712658	0.000268337726706	0.0190953861696	0.00499187094534	0.000315691443183	2.76230012786e-05	6.70844316765e-05	4.73537164775e-05	3.55152873581e-05	0.00117595062586	0.000161791864632	0.000430129591337	0.000228876296308	0.000970751187789
2.36768582388e-05	0.000359099016621	3.94614303979e-06	0	0.00191782551734	0.0018349565135	0.00344892901678	0.00056824459773	0.0015074266412	0.00395008918283	0.000102599719035	0	0.00453411835272	9.07612899152e-05	0.000544567739491	0.01725253737	7.89228607959e-06	3.15691443183e-05	0	0	0.00305826085584	0.000323583729263	0.000264391583666	5.12998595173e-05	0.00238741653907	0.000110492005114	6.31382886367e-05	0.000173630293751	0.000619544457247	0.00305036856976	0.000883936040914	0	0.000434075734377	0.00190993323126	0.00314507600271	2.36768582388e-05	0	3.94614303979e-06	0	9.07612899152e-05	7.89228607959e-06	1.57845721592e-05	4.34075734377e-05	9.86535759948e-05	0.001487695926	6.70844316765e-05	1.57845721592e-05	0.000398560447019	0	6.31382886367e-05	3.15691443183e-05	0	7.89228607959e-06	0	1.18384291194e-05	0.000268337726706	1.18384291194e-05	3.94614303979e-06	3.15691443183e-05	0.000745821034521	0	7.89228607959e-06	0.000110492005114	0.000584029169889	1.18384291194e-05	9.4707432955e-05	0	0	7.89228607959e-06	3.94614303979e-05	0.000110492005114	1.9730715199e-05	0.00200069452118	0.000370937445741	0.00604943728	0.000438021877417	1.18384291194e-05	0.000244660868467	9.07612899152e-05	0.000430129591337	0.000335422158382	0.00018546872287	4.73537164775e-05	7.89228607959e-05
0.000134168863353	0.00232427825044	5.52460025571e-05	0	0	0	0	0.000118384291194	0.000110492005114	0.00196912537686	7.89228607959e-06	0	0	0.000122330434234	0.000122330434234	7.89228607959e-06	0.021123703692	0.00018152257983	0	3.94614303979e-06	0	0.00552854639875	0.010808485786	0.00998768803372	0.00672422773981	0.000236768582388	7.49767177561e-05	0.0053154546746	0.00306220699888	6.31382886367e-05	0.000102599719035	0	0	1.9730715199e-05	0.000260445440626	0	5.91921455969e-05	0	0	0	0	3.94614303979e-06	0	0	0.000106545862074	7.89228607959e-06	3.94614303979e-06	0	0	3.94614303979e-06	0	0.000619544457247	5.12998595173e-05	0	1.57845721592e-05	0	0.000560352311651	0.00359888245229	0.000520890881253	1.18384291194e-05	2.76230012786e-05	2.36768582388e-05	8.68151468754e-05	0.000236768582388	0	1.18384291194e-05	3.94614303979e-06	0	0	1.57845721592e-05	0.00204015595157	0.000457752592616	0.000355152873581	0.000110492005114	0	0	7.49767177561e-05	0.00205988666677	0.00134168863353	3.15691443183e-05	3.55152873581e-05	1.18384291194e-05	0	0
0.00279781541521	3.94614303979e-06	0.0103901946238	0	1.9730715199e-05	3.94614303979e-06	5.52460025571e-05	0.00434864962985	0.000986535759948	1.9730715199e-05	0.000801067037078	9.07612899152e-05	0.00056429845469	7.89228607959e-06	0.00121146591322	3.15691443183e-05	0.00018152257983	0.0328832099506	0	0.0054141082506	0.000311745300144	0.00320426814831	7.89228607959e-06	0.012394835288	0.000264391583666	0	0.0121304437043	0.00702018846779	0.00423026533866	0.00142850378041	0.00838555395956	3.94614303979e-06	0	0.00102205104731	0.006842612031	0	0.000457752592616	2.36768582388e-05	0	3.94614303979e-06	0	1.18384291194e-05	3.94614303979e-06	3.94614303979e-06	3.55152873581e-05	7.89228607959e-06	3.94614303979e-06	1.9730715199e-05	3.94614303979e-06	1.18384291194e-05	0	0	0.000457752592616	0	0.000773444035799	0	0	7.49767177561e-05	9.07612899152e-05	7.89228607959e-06	0	0.000390668160939	0.000512998595173	7.89228607959e-06	0	0	0	0	0	2.76230012786e-05	0.000694521175004	7.10305747163e-05	0.00486559436806	0.00106545862074	7.89228607959e-06	0	0	0.000366991302701	0.000126276577273	0.000359099016621	0.000398560447019	1.57845721592e-05	3.94614303979e-06	0
1.18384291194e-05	0	1.18384291194e-05	0	0.000418291162218	0	0.000749767177561	0.000410398876138	0.00277019241393	7.89228607959e-06	0.000773444035799	0.00232822439348	0.00163764936151	0.000177576436791	0.0034607674459	0	0	0	0.00617966000032	0.00178365665399	0.000394614303979	0	3.94614303979e-06	1.57845721592e-05	4.73537164775e-05	0	0.00377645888908	0.000173630293751	0.000394614303979	0.00357125945101	1.57845721592e-05	5.52460025571e-05	1.18384291194e-05	0.000213091724149	0.00391457389547	3.94614303979e-06	7.89228607959e-06	0	0	3.94614303979e-05	0	0	0	3.94614303979e-06	7.89228607959e-06	5.52460025571e-05	7.89228607959e-06	0.000118384291194	3.94614303979e-06	0	3.94614303979e-06	0	0	0	0	0	0	1.18384291194e-05	7.89228607959e-06	4.73537164775e-05	7.89228607959e-06	3.15691443183e-05	3.55152873581e-05	4.34075734377e-05	0	0	3.94614303979e-06	0	0	1.9730715199e-05	0.000272283869746	0.000276230012786	0.00333843701166	0.00018546872287	0	0	0	3.94614303979e-06	0	1.18384291194e-05	3.94614303979e-06	7.89228607959e-06	0	0
1.57845721592e-05	3.94614303979e-06	3.55152873581e-05	0	0.00037488358878	0	0.000307799157104	0.000422237305258	0.00177181822487	3.94614303979e-06	0.00281359998737	0.00395798146891	0.00254131611763	0.000339368301422	0.00206383280981	0	3.94614303979e-06	0.0054141082506	0.00178365665399	0.0162817861822	0.000883936040914	3.15691443183e-05	0	0.00018941486591	5.52460025571e-05	1.57845721592e-05	0.00944706643726	0.00225324767572	0.000402506590059	0.00497608637318	0.000173630293751	4.34075734377e-05	0	0.00102205104731	0.00965226587533	0	0.000122330434234	0	0	3.94614303979e-05	0	0	0	0	1.18384291194e-05	8.28690038357e-05	3.15691443183e-05	0.000343314444462	8.68151468754e-05	0	3.94614303979e-06	0	7.89228607959e-06	0	8.28690038357e-05	0	0	1.18384291194e-05	2.36768582388e-05	0.000114438148154	6.70844316765e-05	0.000264391583666	0.000327529872303	0.000106545862074	0	0	2.76230012786e-05	0	0	1.9730715199e-05	0.000639275172446	0.000280176155825	0.00526020867204	0.00037882973182	0	0	0	2.36768582388e-05	0	5.91921455969e-05	6.31382886367e-05	1.57845721592e-05	3.94614303979e-06	0
3.15691443183e-05	0	4.34075734377e-05	0	0.00952204315502	1.18384291194e-05	0.000844474610516	0.000678736602844	0.00172446450839	0.00213091724149	0.00240714725427	9.86535759948e-05	0.0138391236406	7.89228607959e-05	0.00191782551734	0.00305826085584	0	0.000311745300144	0.000394614303979	0.000883936040914	0.0206817356716	0	0	1.18384291194e-05	0.00359888245229	0	0.00187047180086	0.000540621596452	0.00187836408694	0.00349628273326	2.76230012786e-05	0	1.9730715199e-05	0.000781336321879	0.0037291051726	0	0	0	0	0.00117200448282	0	1.9730715199e-05	7.89228607959e-06	7.89228607959e-06	0.00229270910612	0.00100626647515	7.89228607959e-06	0.00247028554291	0	1.57845721592e-05	5.91921455969e-05	0	0	0	0	0.0011996274841	0	0	0	0.00202042523637	0	2.36768582388e-05	7.89228607959e-06	0.00131801177529	0	3.94614303979e-06	0	0	0	7.89228607959e-06	0.000252553154547	4.73537164775e-05	0.00320032200527	0.000524837024292	0.000505106309093	0	0	0	7.89228607959e-06	1.9730715199e-05	7.89228607959e-06	2.36768582388e-05	7.89228607959e-06	1.18384291194e-05
0.00269521569618	0.000828690038357	0.00283333070257	0	7.89228607959e-06	1.57845721592e-05	5.12998595173e-05	0.00575347655202	0.00136931163481	0.0026675926949	7.89228607959e-06	0	0	0.000205199438069	0.000797120894038	0.000323583729263	0.00552854639875	0.00320426814831	0	3.15691443183e-05	0	0.0496148564393	0.00207172509589	0.0273507174088	0.00372121288652	0.000228876296308	0.000698467318043	0.00150348049816	0.0170039303585	0.00297933799504	0.0169092229255	1.57845721592e-05	7.89228607959e-06	0.00264391583666	0.00684655817404	0.000272283869746	5.52460025571e-05	7.89228607959e-05	0	1.9730715199e-05	0	1.9730715199e-05	6.31382886367e-05	0.00018941486591	0.0012193581993	3.94614303979e-06	1.9730715199e-05	1.18384291194e-05	1.57845721592e-05	3.15691443183e-05	3.94614303979e-06	0.000347260587502	0.000126276577273	0	0.000102599719035	1.57845721592e-05	0.0011404353385	0.00297933799504	0.000584029169889	0.00037488358878	4.34075734377e-05	7.49767177561e-05	0.000477483307815	0.000473537164775	0.00019336100895	7.49767177561e-05	7.89228607959e-06	0	7.10305747163e-05	0.000114438148154	0.00542594667972	0.000536675453412	0.00555616940003	0.00459331049832	0.00038277587486	7.89228607959e-06	0.000110492005114	0.00163370321847	0.000962858901709	0.000887882183953	0.000785282464919	1.18384291194e-05	3.94614303979e-06	3.94614303979e-06
0	0.0103704639086	0.000134168863353	0	0	0.000102599719035	3.94614303979e-06	7.89228607959e-06	3.94614303979e-06	0.0106388016353	7.89228607959e-06	1.18384291194e-05	3.94614303979e-06	0.00215459409973	7.89228607959e-06	0.000264391583666	0.010808485786	7.89228607959e-06	3.94614303979e-06	0	0	0.00207172509589	0.0340039145739	0.013685224062	0.00803434722902	0.00339762915726	0.000497214023014	0.0137246854924	0.000394614303979	1.18384291194e-05	3.94614303979e-06	5.52460025571e-05	5.52460025571e-05	3.94614303979e-06	3.15691443183e-05	0	0.000295960727984	7.89228607959e-06	0	5.52460025571e-05	0	3.94614303979e-06	0	0	0.000248607011507	1.18384291194e-05	7.49767177561e-05	1.9730715199e-05	4.73537164775e-05	3.94614303979e-06	3.94614303979e-06	0.00424604991082	3.94614303979e-05	3.94614303979e-06	7.89228607959e-06	4.73537164775e-05	0.00164159550455	0.0123356431424	0.00470380250343	0.000228876296308	0.000169684150711	9.4707432955e-05	0.00242293182643	0.00056824459773	0	7.89228607959e-06	2.76230012786e-05	0	0	1.57845721592e-05	0.000730036462362	0.000331476015343	5.52460025571e-05	2.76230012786e-05	0.000512998595173	7.49767177561e-05	0.000509052452133	0.00196912537686	0.00109702776506	0	3.94614303979e-06	7.89228607959e-06	0	0
0.00557590011523	0.00204410209461	0.0144626142408	0	2.76230012786e-05	3.94614303979e-06	9.4707432955e-05	0.00926159771439	0.00283333070257	0.00107729704986	3.15691443183e-05	0	2.36768582388e-05	0.000927343614351	0.00183101037046	5.12998595173e-05	0.00998768803372	0.012394835288	1.57845721592e-05	0.00018941486591	1.18384291194e-05	0.0273507174088	0.013685224062	0.0852090666582	0.00162581093239	0.000370937445741	0.00596656827617	0.022812652913	0.0131485486086	0.0015271573564	0.0152439505627	0.000134168863353	0	0.000797120894038	0.00563114611778	1.9730715199e-05	0.000276230012786	0.000134168863353	0	0	0	1.18384291194e-05	1.18384291194e-05	3.15691443183e-05	0.000351206730542	5.52460025571e-05	0.000106545862074	7.89228607959e-06	5.52460025571e-05	0	1.18384291194e-05	0.00319242971919	0.000359099016621	9.07612899152e-05	0.000232822439348	1.18384291194e-05	0.00166132621975	0.0131406563225	0.00701229618171	3.94614303979e-05	0.000138115006393	0.000307799157104	0.00331081401039	0.000430129591337	0	1.9730715199e-05	3.94614303979e-05	0	0	5.52460025571e-05	0.0149598282639	0.00174419522359	0.00711094975771	0.00575742269506	1.57845721592e-05	3.94614303979e-06	0.000122330434234	0.00387905860812	0.00117200448282	0.00102205104731	0.00095496661563	1.9730715199e-05	3.94614303979e-06	3.94614303979e-06
0.00114438148154	0.00499187094534	0.000264391583666	0	0.00594289141793	5.52460025571e-05	0.000299906871024	0.00316086057487	0.00170473379319	0.0200542989282	0.000485375593895	9.4707432955e-05	0.00162581093239	0.000943128186511	0.00220589395924	0.00238741653907	0.00672422773981	0.000264391583666	4.73537164775e-05	5.52460025571e-05	0.00359888245229	0.00372121288652	0.00803434722902	0.00162581093239	0.0560431234511	0.00122330434234	0.000793174750998	0.00421842690954	0.0194623774723	0.00572979969378	0.0029951225672	2.76230012786e-05	2.36768582388e-05	0.00416712705002	0.00510630909349	0.000142061149433	0.000252553154547	3.94614303979e-06	0	0.00277808470001	1.18384291194e-05	9.4707432955e-05	0.000138115006393	0.000363045159661	0.0150269126955	0.00372515902956	1.9730715199e-05	0.000631382886367	7.89228607959e-06	7.10305747163e-05	0.000134168863353	0.00018941486591	8.68151468754e-05	7.89228607959e-06	5.12998595173e-05	0.00118384291194	0.000146007292472	0.00306220699888	5.91921455969e-05	0.0105914479188	4.73537164775e-05	0.000161791864632	0.000264391583666	0.00893406784209	0.000134168863353	0.000840528467476	1.18384291194e-05	0	9.4707432955e-05	0.000134168863353	0.00233217053652	0.000516944738213	0.00354758259277	0.00176392593879	0.00161002636024	1.18384291194e-05	0.000110492005114	0.00392246618155	0.00203226366549	0.000655059744606	0.000268337726706	0.000110492005114	6.31382886367e-05	3.55152873581e-05
0	0.00587975312929	0	0	0	5.91921455969e-05	3.94614303979e-06	7.89228607959e-06	7.89228607959e-06	0.00274256941266	0	0.000252553154547	0	0.0091432134232	2.36768582388e-05	0.000110492005114	0.000236768582388	0	0	1.57845721592e-05	0	0.000228876296308	0.00339762915726	0.000370937445741	0.00122330434234	0.0146954366802	0.000485375593895	0.00509447066437	3.15691443183e-05	1.9730715199e-05	0	0.000295960727984	3.94614303979e-05	0	1.9730715199e-05	0	0.000114438148154	0	0	0	0	0	0	0	7.89228607959e-06	0	0.00240714725427	0	0.00269916183922	4.73537164775e-05	0	1.18384291194e-05	0	3.94614303979e-06	0	0	5.12998595173e-05	0.000102599719035	4.34075734377e-05	3.94614303979e-06	0.003074045428	0.000220984010228	0.000134168863353	0	0	0	0.000165738007671	3.94614303979e-06	0	7.10305747163e-05	5.12998595173e-05	0.00194150237558	0.00018546872287	0	0.000213091724149	3.94614303979e-05	0.00344892901678	5.12998595173e-05	0.000213091724149	1.9730715199e-05	0	0	4.73537164775e-05	3.94614303979e-06
0.00057219074077	0.00255315454675	0.0121659589917	0	0.000899720613073	7.89228607959e-06	0.00147191135384	0.00202042523637	0.00634934415103	0.000434075734377	0.00394219689675	0.00533123924676	0.00675579688413	0.00695310403612	0.0091826748536	6.31382886367e-05	7.49767177561e-05	0.0121304437043	0.00377645888908	0.00944706643726	0.00187047180086	0.000698467318043	0.000497214023014	0.00596656827617	0.000793174750998	0.000485375593895	0.0857575805408	0.0399033984184	0.00162581093239	0.0146007292472	0.00076949789276	0.00234400896564	0.00019336100895	0.00125487348665	0.0179233816867	1.18384291194e-05	0.0100034726059	1.57845721592e-05	0	0.000153899578552	0	4.34075734377e-05	1.57845721592e-05	3.15691443183e-05	0.00037882973182	0.000548513882531	0.000678736602844	0.000899720613073	0.00265575426578	3.55152873581e-05	3.55152873581e-05	2.36768582388e-05	0.000540621596452	0.00018546872287	0.00133379634745	9.07612899152e-05	3.15691443183e-05	0.000449860306536	0.000303853014064	0.000730036462362	0.00647956687134	0.00776206335927	0.0131327640364	0.000607706028128	0	3.94614303979e-06	0.0011207046233	0	0	0.000307799157104	0.0111912616609	0.00811327008981	0.0184600571402	0.00244660868467	3.15691443183e-05	7.89228607959e-06	5.12998595173e-05	0.0011009739081	0.000970751187789	0.000998374189068	0.000603759885088	0.000149953435512	3.15691443183e-05	1.18384291194e-05
0.000694521175004	0.0148138209714	0.020429182517	0	0.000331476015343	5.12998595173e-05	5.12998595173e-05	0.00145612678168	0.000698467318043	0.00458936435528	0.00102599719035	0.000106545862074	0.00143244992344	0.00554038482787	0.000883936040914	0.000173630293751	0.0053154546746	0.00702018846779	0.000173630293751	0.00225324767572	0.000540621596452	0.00150348049816	0.0137246854924	0.022812652913	0.00421842690954	0.00509447066437	0.0399033984184	0.112528214923	0.00155083421464	0.00277019241393	0.00137720392089	0.000883936040914	2.76230012786e-05	0.000430129591337	0.00425788833994	7.89228607959e-06	0.0245844711379	0.000153899578552	0	6.31382886367e-05	3.94614303979e-06	5.12998595173e-05	1.57845721592e-05	1.57845721592e-05	0.000584029169889	0.000213091724149	0.000536675453412	0.000311745300144	0.00236768582388	3.55152873581e-05	3.55152873581e-05	0.0016060802172	0.00125487348665	0.000244660868467	0.00183890265654	9.86535759948e-05	0.000434075734377	0.0103191640491	0.00395008918283	0.000477483307815	0.0057810995533	0.00740296434265	0.0310679841523	0.00019336100895	0	3.94614303979e-06	0.000710305747163	0	0	0.000209145581109	0.0157845721592	0.00574558426594	0.00683471974492	0.00173630293751	0.000339368301422	3.55152873581e-05	0.000445914163497	0.00340946758638	0.00110886619418	0.000998374189068	0.000611652171168	0.000122330434234	1.57845721592e-05	1.18384291194e-05
0.00795542436822	0.000106545862074	0.00316086057487	0	0.00464855650088	0.000217037867189	0.00293198427857	0.0272126024024	0.0125092734361	0.00499187094534	0.00309772228624	0.000509052452133	0.000698467318043	0.000161791864632	0.00810932394677	0.000619544457247	0.00306220699888	0.00423026533866	0.000394614303979	0.000402506590059	0.00187836408694	0.0170039303585	0.000394614303979	0.0131485486086	0.0194623774723	3.15691443183e-05	0.00162581093239	0.00155083421464	0.0675816456995	0.0110768235127	0.0194584313292	3.55152873581e-05	0.000122330434234	0.00756475620728	0.0117752908307	0.000126276577273	0.000114438148154	2.76230012786e-05	0	0.000722144176282	1.9730715199e-05	0.000118384291194	7.10305747163e-05	0.00037882973182	0.00803040108598	0.00263996969362	3.94614303979e-06	0.000430129591337	0	5.91921455969e-05	0.000126276577273	1.18384291194e-05	0.000118384291194	7.89228607959e-06	6.70844316765e-05	0.000347260587502	7.89228607959e-05	0.00167316464887	0.000157845721592	0.00389878932332	0	0.000114438148154	0.000248607011507	0.00321610657743	0.000110492005114	0.0007537133206	0	0	9.4707432955e-05	0.000118384291194	0.00168105693495	0.000390668160939	0.00852366896595	0.00320032200527	0.000414345019178	1.57845721592e-05	2.36768582388e-05	0.00289646899121	0.001487695926	0.000584029169889	0.000398560447019	0.000110492005114	4.34075734377e-05	7.89228607959e-06
0.00552065411267	7.89228607959e-06	0.000118384291194	0	0.00327135257999	0.000430129591337	0.00483402522375	0.015070320269	0.0226192919041	0.00778574021751	0.0135944627721	0.00656243587518	0.0120633592726	0.00447492620713	0.0367267532714	0.00305036856976	6.31382886367e-05	0.00142850378041	0.00357125945101	0.00497608637318	0.00349628273326	0.00297933799504	1.18384291194e-05	0.0015271573564	0.00572979969378	1.9730715199e-05	0.0146007292472	0.00277019241393	0.0110768235127	0.0858878032611	0.0178681356842	0.00138509620697	0.00335027544078	0.0281833535902	0.0450846842296	0.000801067037078	3.15691443183e-05	3.55152873581e-05	0	0.000355152873581	3.94614303979e-06	0.000244660868467	0.000536675453412	0.00110492005114	0.00842501538996	0.000714251890203	5.52460025571e-05	0.00190598708822	2.36768582388e-05	0.000276230012786	0.000161791864632	3.94614303979e-06	6.31382886367e-05	3.55152873581e-05	0.000130222720313	0.000268337726706	6.70844316765e-05	4.73537164775e-05	2.76230012786e-05	0.00435259577289	0.000165738007671	0.000422237305258	0.000288068441905	0.00318848357615	0.000370937445741	0.000244660868467	0	0	0.000149953435512	0.000828690038357	0.0041947500513	0.000868151468754	0.0359217400912	0.012888103168	0.00141271920825	4.34075734377e-05	0.000102599719035	0.000911559042192	0.000327529872303	0.00336606001294	0.000773444035799	0.00132195791833	0.000363045159661	0.00120751977018
0.0118699982637	0	0.00422631919562	0	2.76230012786e-05	9.86535759948e-05	0.000398560447019	0.0193163701798	0.00484980979591	0.00545751582403	3.55152873581e-05	2.36768582388e-05	4.34075734377e-05	1.9730715199e-05	0.00439994948937	0.000883936040914	0.000102599719035	0.00838555395956	1.57845721592e-05	0.000173630293751	2.76230012786e-05	0.0169092229255	3.94614303979e-06	0.0152439505627	0.0029951225672	0	0.00076949789276	0.00137720392089	0.0194584313292	0.0178681356842	0.0557826780105	7.89228607959e-06	3.55152873581e-05	0.011704260256	0.0124185121462	0.000453806449576	2.36768582388e-05	1.9730715199e-05	0	0.000106545862074	3.94614303979e-06	2.36768582388e-05	0.000284122298865	0.00056429845469	0.00458541821224	7.89228607959e-06	3.94614303979e-06	4.73537164775e-05	7.89228607959e-06	9.4707432955e-05	2.36768582388e-05	0	7.49767177561e-05	1.9730715199e-05	8.28690038357e-05	0.000122330434234	6.31382886367e-05	3.55152873581e-05	5.91921455969e-05	0.00172446450839	3.94614303979e-06	0.000205199438069	0.00018546872287	0.000852366896595	0.000264391583666	0.00018546872287	0	0	9.86535759948e-05	0.000307799157104	0.00058008302685	3.55152873581e-05	0.0072096033337	0.00289252284817	0.00101810490427	1.9730715199e-05	0	0.000244660868467	9.86535759948e-05	0.00109702776506	0.000335422158382	7.49767177561e-05	4.73537164775e-05	2.36768582388e-05
3.94614303979e-06	5.91921455969e-05	1.57845721592e-05	0	3.94614303979e-06	0	7.89228607959e-06	3.94614303979e-05	0.000339368301422	4.73537164775e-05	1.18384291194e-05	0.00134563477657	0	0.00435654191593	0.000978643473869	0	0	3.94614303979e-06	5.52460025571e-05	4.34075734377e-05	0	1.57845721592e-05	5.52460025571e-05	0.000134168863353	2.76230012786e-05	0.000295960727984	0.00234400896564	0.000883936040914	3.55152873581e-05	0.00138509620697	7.89228607959e-06	0.00496030180102	0.000323583729263	1.18384291194e-05	0.00144428835256	0	3.55152873581e-05	0	0	0	0	0	0	0	3.94614303979e-06	3.94614303979e-06	0.000485375593895	0	0.000666898173725	0	0	0	0	0	7.89228607959e-06	0	0	0	3.94614303979e-06	0	0.000686628888924	0.000505106309093	0.000161791864632	0	0	0	0.000343314444462	0	0	3.94614303979e-06	0.000438021877417	0.000907612899152	0.00159424178808	0.000213091724149	0	0	7.49767177561e-05	7.89228607959e-06	1.18384291194e-05	1.57845721592e-05	1.18384291194e-05	0	0	0
1.57845721592e-05	7.49767177561e-05	0	0	3.55152873581e-05	0.00318059129007	0.00185074108566	0.000220984010228	0.0023203321074	7.49767177561e-05	6.70844316765e-05	0.0018349565135	4.34075734377e-05	0.00211513266933	0.000903666756113	0.000434075734377	0	0	1.18384291194e-05	0	1.9730715199e-05	7.89228607959e-06	5.52460025571e-05	0	2.36768582388e-05	3.94614303979e-05	0.00019336100895	2.76230012786e-05	0.000122330434234	0.00335027544078	3.55152873581e-05	0.000323583729263	0.00883936040914	8.68151468754e-05	0.00430129591337	0	0	0	0	3.94614303979e-06	0	1.18384291194e-05	0	0	0	0	0	1.18384291194e-05	3.94614303979e-06	0	0	0	0	0	0	1.57845721592e-05	0	0	0	0	3.94614303979e-06	7.89228607959e-06	7.89228607959e-06	0	0	0	0	0	0	3.94614303979e-06	0.000319637586223	8.28690038357e-05	0.00244266254163	0.000501160166054	0.000560352311651	0.00110492005114	6.31382886367e-05	3.94614303979e-06	0	0.000153899578552	6.70844316765e-05	3.94614303979e-06	1.57845721592e-05	0.000134168863353
0.000848420753555	3.94614303979e-06	9.07612899152e-05	0	0.000840528467476	0.000299906871024	0.00143244992344	0.010516471201	0.00389878932332	0.00795542436822	0.00213091724149	0.000335422158382	0.000820797752277	9.86535759948e-05	0.00414345019178	0.00190993323126	1.9730715199e-05	0.00102205104731	0.000213091724149	0.00102205104731	0.000781336321879	0.00264391583666	3.94614303979e-06	0.000797120894038	0.00416712705002	0	0.00125487348665	0.000430129591337	0.00756475620728	0.0281833535902	0.011704260256	1.18384291194e-05	8.68151468754e-05	0.0313836755955	0.0159503101668	0.000793174750998	2.76230012786e-05	3.55152873581e-05	0	0.000153899578552	3.94614303979e-06	5.52460025571e-05	0.000477483307815	0.00102205104731	0.0075568639212	9.4707432955e-05	3.94614303979e-06	4.73537164775e-05	7.89228607959e-06	0.000146007292472	2.36768582388e-05	0	6.31382886367e-05	3.55152873581e-05	0.000118384291194	0.000138115006393	6.31382886367e-05	2.76230012786e-05	2.36768582388e-05	0.00316086057487	3.94614303979e-06	0.000347260587502	0.000240714725427	0.00191782551734	0.000355152873581	0.000248607011507	0	0	0.000149953435512	0.000469591021735	0.000741874891481	0.000319637586223	0.0130696257478	0.00893406784209	0.00140088077913	3.55152873581e-05	0	0.000284122298865	9.86535759948e-05	0.00151926507032	0.000390668160939	0.000201253295029	6.70844316765e-05	3.55152873581e-05
