0.0174396973412	3.91639284553e-06	6.26622855285e-05	0	8.22442497562e-05	7.83278569107e-06	0.00209527017236	0.00626622855285	0.00409654691643	0.000234983570732	0.00103392771122	3.91639284553e-06	0.000650121212359	1.56655713821e-05	0.00877663636684	9.79098211383e-05	7.04950712196e-05	3.52475356098e-05	0	0	0.000466050748618	0.000426886820163	0.000109658999675	0.000469967141464	0.000603124498212	3.91639284553e-06	7.83278569107e-06	1.56655713821e-05	0.00203260788683	0.00527929755578	0.00266706352781	0	3.91639284553e-06	0.000810693319025	0.00107309163968	7.83278569107e-06	0	0	0	2.74147499187e-05	0	0	2.34983570732e-05	0	0.000164488499512	1.17491785366e-05	0	0	0	3.91639284553e-06	0	1.17491785366e-05	0	0	0	1.17491785366e-05	7.83278569107e-06	3.13311427643e-05	3.91639284553e-06	0.000129240963903	0	0	0	1.95819642277e-05	3.91639284553e-06	1.56655713821e-05	0	0	0	7.83278569107e-06	0.000689285140814	0.000140990142439	0.000669703176586	0.000211485213659	0.000297645856261	3.13311427643e-05	0	1.17491785366e-05	0	3.91639284553e-06	0	3.91639284553e-06	3.91639284553e-06	0
3.91639284553e-06	0.0144593223857	0.00212268492228	0	0	0	0	7.83278569107e-06	0	1.17491785366e-05	0	0.000270231106342	0	7.83278569107e-05	0	0	0.000160572106667	0.00134332274602	4.69967141464e-05	0.000638372033822	0	0.000101826213984	0.00145689813854	0.00077152939057	3.13311427643e-05	0.000415137641627	0.004386359987	0.0072335775857	2.74147499187e-05	1.95819642277e-05	4.69967141464e-05	0	0	3.91639284553e-06	0.000532629426993	0	0.00348558963252	0.000387722891708	0	0	0	0	3.91639284553e-06	0	3.91639284553e-06	0	0.000101826213984	0	0.000105742606829	0	0	2.74147499187e-05	0.000199736035122	1.56655713821e-05	0.000144906535285	0	1.56655713821e-05	0.000270231106342	0.000203652427968	0	0.000293729463415	0.000591375319676	0.00124932931773	0	0	1.95819642277e-05	3.91639284553e-06	0	0	0.000246732749269	0.000340726177561	0.0011435867109	0.000634455640976	0.00018407046374	0	1.56655713821e-05	1.56655713821e-05	6.65786783741e-05	0.000411221248781	0.000195819642277	5.48294998375e-05	0	0	7.83278569107e-06
6.26622855285e-05	0.00212268492228	0.0330661047948	0	0	0	2.34983570732e-05	0.000266314713496	3.52475356098e-05	8.22442497562e-05	7.83278569107e-06	0.000176237678049	3.91639284553e-06	0.000101826213984	3.52475356098e-05	1.95819642277e-05	0.000795027747643	0.00708867105042	3.13311427643e-05	0.00073628185496	3.91639284553e-06	0.00198561117269	0.00187595217301	0.0132804881392	0.000121408178212	5.09131069919e-05	0.0074489791922	0.0127439423194	0.000372057320326	0.000156655713821	0.000986930997074	0	0	5.48294998375e-05	0.00288638152716	0	0.00126107849626	0.00021931799935	0	0	0	0	0	0	2.34983570732e-05	0	3.91639284553e-06	0	1.17491785366e-05	0	0	6.65786783741e-05	5.48294998375e-05	0	1.56655713821e-05	0	3.13311427643e-05	0.000665786783741	0.00025456553496	1.95819642277e-05	3.13311427643e-05	0.00011357539252	0.000583542533984	3.91639284553e-06	0	1.17491785366e-05	0	0	0	0.00011357539252	0.00270231106342	0.00391247645269	0.00304695363383	0.00104567688976	3.91639284553e-05	5.09131069919e-05	6.26622855285e-05	0.00018407046374	0.000164488499512	9.00770354473e-05	6.26622855285e-05	0	0	0
0	0	0	0	0	0	0	0	0	0	0	0	0	0	0	0	0	0	0	0	0	0	0	0	0	0	0	0	0	0	0	0	0	0	0	0	0	0	0	0	0	0	0	0	0	0	0	0	0	0	0	0	0	0	0	0	0	0	0	0	0	0	0	0	0	0	0	0	0	0	0	0	0	0	0	0	0	0	0	0	0	0	0	0
8.22442497562e-05	0	0	0	0.0159005549529	0	0.000426886820163	0.00131199160325	7.83278569107e-05	0.00011357539252	0.00157047353106	0	0.00215401606504	0	6.26622855285e-05	7.83278569107e-06	0	3.91639284553e-06	0	3.91639284553e-06	0.00608215808911	3.91639284553e-06	7.83278569107e-06	7.83278569107e-06	0.00542028769822	0	3.91639284553e-06	0	0.00444902227253	3.91639284553e-05	1.56655713821e-05	0	0	1.17491785366e-05	1.56655713821e-05	7.83278569107e-06	0	0	0	0.00278847170602	0	6.65786783741e-05	1.95819642277e-05	1.17491785366e-05	3.91639284553e-05	0.00151172763838	0	0.000716699890733	0	1.17491785366e-05	0	0	0	0	0	0.00213051770797	0	0	0	0.000152739320976	0	0	0	0.000211485213659	1.17491785366e-05	0	0	0	3.91639284553e-06	3.91639284553e-06	3.91639284553e-06	3.91639284553e-06	1.17491785366e-05	1.17491785366e-05	2.74147499187e-05	1.17491785366e-05	0	0	0	0	0	3.91639284553e-06	0	0
7.83278569107e-06	0	0	0	0	0.00331718474017	0.00211876852943	7.83278569107e-06	0.000509131069919	3.91639284553e-06	0	0	0	1.95819642277e-05	0.000289813070569	0.000505214677074	0	0	0	0	0	0	0	0	0	0	0	0	0	0.000278063892033	3.91639284553e-06	0	0.000936017890083	0	0.000375973713171	0	0	0	0	0	0	0	0	0	0	0	0	0	0	0	0	0	0	0	0	0	0	0	0	0	0	0	0	0	0	0	0	0	0	0	3.91639284553e-06	3.91639284553e-06	4.69967141464e-05	1.95819642277e-05	0.000176237678049	0.000399472070244	3.91639284553e-06	0	0	0	0	0	0	0
0.00209527017236	0	2.34983570732e-05	0	0.000426886820163	0.00211876852943	0.0450815980449	0.00341509456131	0.0176276841977	0.000187986856586	0.0106956688612	3.13311427643e-05	0.00979881489952	0.00021931799935	0.00670094815871	0.00229500620748	7.83278569107e-06	2.34983570732e-05	0	7.83278569107e-06	0.00345817488261	7.44114640651e-05	1.95819642277e-05	0.000109658999675	0.000751947426342	7.83278569107e-06	3.91639284553e-06	1.17491785366e-05	0.00159788828098	0.00318794377626	0.000309395034797	0	0.00194253085138	0.000180154070895	0.00206002263675	7.83278569107e-06	0	0	0	4.30803213009e-05	0	0	3.91639284553e-06	3.91639284553e-06	7.04950712196e-05	3.91639284553e-06	0	3.91639284553e-06	0	3.91639284553e-06	0	3.91639284553e-06	0	0	0	7.83278569107e-06	3.91639284553e-06	7.83278569107e-06	0	7.44114640651e-05	0	0	0	7.83278569107e-06	0	7.83278569107e-06	0	0	0	0	0.000383806498862	6.65786783741e-05	0.00121408178212	0.000281980284878	0.00140990142439	0.000963432640001	7.83278569107e-06	7.83278569107e-06	3.91639284553e-06	3.91639284553e-06	3.91639284553e-06	3.91639284553e-06	0	0
0.00626622855285	7.83278569107e-06	0.000266314713496	0	0.00131199160325	7.83278569107e-06	0.00341509456131	0.0443335670114	0.00281197006309	0.00169188170927	0.00907819861595	3.91639284553e-06	0.00201694231545	1.17491785366e-05	0.00300778970537	0.00011357539252	0.00036814092748	7.04950712196e-05	0	0	0.00314877984781	0.00138248667447	0.000489549105692	0.00162138663805	0.00524796641301	0	1.17491785366e-05	0.00011357539252	0.0212033508657	0.00270622745626	0.00884321504521	0	3.91639284553e-06	0.0008772719974	0.00156655713821	7.04950712196e-05	1.17491785366e-05	0	0	0.00014882292813	0	2.74147499187e-05	0.000199736035122	2.34983570732e-05	0.00108092442537	7.83278569107e-05	0	3.52475356098e-05	0	4.69967141464e-05	7.83278569107e-06	5.48294998375e-05	0	0	0	7.04950712196e-05	3.52475356098e-05	0.000180154070895	2.74147499187e-05	0.000802860533334	0	0	0	0.000176237678049	1.95819642277e-05	8.61606426017e-05	0	0	7.83278569107e-06	4.30803213009e-05	0.00123366374634	0.000313311427643	0.0009203523187	0.000305478641952	0.000317227820488	3.91639284553e-05	7.83278569107e-06	5.48294998375e-05	0	2.34983570732e-05	7.83278569107e-06	2.34983570732e-05	0	0
0.00409654691643	0	3.52475356098e-05	0	7.83278569107e-05	0.000509131069919	0.0176276841977	0.00281197006309	0.0342958521483	9.00770354473e-05	0.00266706352781	2.34983570732e-05	0.00149606206699	0.000223234392195	0.0140794322797	0.000904686747318	1.56655713821e-05	2.74147499187e-05	0	1.17491785366e-05	0.000634455640976	7.04950712196e-05	2.74147499187e-05	0.000160572106667	0.000348558963252	3.91639284553e-06	1.17491785366e-05	1.56655713821e-05	0.000928185104391	0.00412787805919	0.00051696385561	0	0.00152347681691	0.000246732749269	0.00203260788683	3.91639284553e-06	0	0	0	1.17491785366e-05	0	0	3.91639284553e-06	0	5.8745892683e-05	3.91639284553e-06	0	3.91639284553e-06	0	7.83278569107e-06	0	7.83278569107e-06	0	0	0	3.91639284553e-06	3.91639284553e-06	1.17491785366e-05	0	4.30803213009e-05	0	0	0	3.91639284553e-06	3.91639284553e-06	7.83278569107e-06	0	0	0	0	0.00047388353431	7.04950712196e-05	0.00123758013919	0.000278063892033	0.000983014604229	0.000634455640976	1.17491785366e-05	3.91639284553e-06	3.91639284553e-06	3.91639284553e-06	3.91639284553e-06	0	0	0
0.000234983570732	1.17491785366e-05	8.22442497562e-05	0	0.00011357539252	3.91639284553e-06	0.000187986856586	0.00169188170927	9.00770354473e-05	0.0132530733893	0.000234983570732	3.91639284553e-06	0.000787194961952	3.91639284553e-06	7.44114640651e-05	0.000258481927805	0.00033289339187	1.95819642277e-05	0	0	0.000211485213659	0.000258481927805	0.00222842752911	0.000509131069919	0.00543986966245	0	3.91639284553e-06	7.44114640651e-05	0.00269447827773	0.000321144213334	0.000744114640651	0	0	0.000168404892358	0.00040338846309	0.00018407046374	7.83278569107e-06	1.56655713821e-05	0	0.000340726177561	0	5.48294998375e-05	0.000352475356098	5.48294998375e-05	0.00251432420683	0.000140990142439	0	9.00770354473e-05	0	7.04950712196e-05	3.91639284553e-06	0.00018407046374	0	0	0	0.000133157356748	0.000140990142439	0.000704950712196	0.00011357539252	0.00156264074537	0	3.91639284553e-06	7.83278569107e-06	0.000352475356098	7.44114640651e-05	0.000246732749269	0	0	3.13311427643e-05	0.000129240963903	0.000642288426668	0.000109658999675	0.000203652427968	7.83278569107e-05	0.000826358890408	1.56655713821e-05	0	8.61606426017e-05	3.91639284553e-06	6.65786783741e-05	3.52475356098e-05	3.52475356098e-05	7.83278569107e-06	0
0.00103392771122	0	7.83278569107e-06	0	0.00157047353106	0	0.0106956688612	0.00907819861595	0.00266706352781	0.000234983570732	0.0326274687961	3.91639284553e-06	0.00629364330277	7.83278569107e-06	0.000959516247156	5.48294998375e-05	7.83278569107e-06	0	0	0	0.00676752683708	3.52475356098e-05	1.95819642277e-05	5.8745892683e-05	0.00138640306732	0	0	7.83278569107e-06	0.00507564512781	0.000477799927155	0.000274147499187	0	3.91639284553e-06	0.000125324571057	0.000246732749269	3.91639284553e-06	0	0	0	6.26622855285e-05	0	1.56655713821e-05	3.13311427643e-05	3.91639284553e-06	0.000117491785366	0.000207568820813	0	7.44114640651e-05	0	0	3.91639284553e-06	3.91639284553e-06	0	0	0	0.000211485213659	7.83278569107e-06	7.83278569107e-06	3.91639284553e-06	0.000109658999675	0	0	0	2.34983570732e-05	3.91639284553e-06	1.95819642277e-05	0	0	3.91639284553e-06	7.83278569107e-06	0.000125324571057	1.17491785366e-05	0.000121408178212	3.13311427643e-05	0.000140990142439	1.17491785366e-05	0	0	0	0	0	3.91639284553e-06	3.91639284553e-06	0
3.91639284553e-06	0.000270231106342	0.000176237678049	0	0	0	3.13311427643e-05	3.91639284553e-06	2.34983570732e-05	3.91639284553e-06	3.91639284553e-06	0.0273716695974	0	0.00716308251448	3.52475356098e-05	7.83278569107e-06	0	0.000575709748293	0.00319186016911	0.00453126652228	0	2.34983570732e-05	3.91639284553e-06	0.000109658999675	0	0.00296079299122	0.00937584447221	0.00142556699577	7.83278569107e-06	4.30803213009e-05	7.83278569107e-06	7.04950712196e-05	7.83278569107e-06	3.91639284553e-06	0.00261615042082	0	0.000352475356098	7.83278569107e-06	0	0	0	0	0	0	0	0	0.000223234392195	0	0.000195819642277	0	0	0	2.34983570732e-05	1.95819642277e-05	7.04950712196e-05	0	3.91639284553e-06	0	7.83278569107e-06	0	0.000560044176911	0.000180154070895	0.000215401606504	0	0	0	7.83278569107e-06	0	0	8.22442497562e-05	0.000375973713171	0.00437069441562	0.00444510587968	0.00036814092748	1.17491785366e-05	3.52475356098e-05	0.000763696604879	2.74147499187e-05	0.00025456553496	7.44114640651e-05	7.83278569107e-06	0	0	7.83278569107e-06
0.000650121212359	0	3.91639284553e-06	0	0.00215401606504	0	0.00979881489952	0.00201694231545	0.00149606206699	0.000787194961952	0.00629364330277	0	0.0288442333074	1.17491785366e-05	0.000677535962277	0.00113967031805	1.17491785366e-05	0	0	0	0.0105272639688	3.52475356098e-05	1.17491785366e-05	2.74147499187e-05	0.00278455531317	0	0	0	0.00163313581659	0.000301562249106	0.000109658999675	0	0	9.00770354473e-05	0.000227150785041	1.56655713821e-05	0	0	0	7.44114640651e-05	0	3.91639284553e-06	1.95819642277e-05	3.91639284553e-06	6.65786783741e-05	0.000109658999675	0	0.000732365462115	0	1.17491785366e-05	0	0	0	0	0	0.000501298284228	0	3.91639284553e-06	0	5.09131069919e-05	0	0	0	7.83278569107e-06	7.83278569107e-06	3.91639284553e-06	0	0	0	0	0.000121408178212	1.17491785366e-05	0.000172321285203	5.8745892683e-05	0.000783278569107	1.17491785366e-05	0	7.83278569107e-06	0	0	0	0	0	0
1.56655713821e-05	7.83278569107e-05	0.000101826213984	0	0	1.95819642277e-05	0.00021931799935	1.17491785366e-05	0.000223234392195	3.91639284553e-06	7.83278569107e-06	0.00716308251448	1.17491785366e-05	0.0204396542608	0.000199736035122	1.95819642277e-05	0	0.000133157356748	0.000422970427318	0.000520880248456	0	3.13311427643e-05	1.56655713821e-05	0.000109658999675	1.17491785366e-05	0.00541245491253	0.00527538116293	0.00225584227903	3.13311427643e-05	0.000317227820488	3.91639284553e-05	0.000285896677724	1.95819642277e-05	2.74147499187e-05	0.00136682110309	0	0.000274147499187	0	0	3.91639284553e-06	0	0	0	0	3.91639284553e-06	0	0.000207568820813	0	0.000610957283903	0	0	3.91639284553e-06	7.83278569107e-06	1.17491785366e-05	2.34983570732e-05	0	3.91639284553e-06	0	1.17491785366e-05	3.91639284553e-06	0.000603124498212	0.000172321285203	0.000180154070895	0	0	0	3.52475356098e-05	0	0	5.8745892683e-05	0.000759780212034	0.00241641438569	0.00281980284878	0.00134723913886	0.000101826213984	0.000407304855935	0.00140990142439	7.04950712196e-05	0.000274147499187	9.79098211383e-05	7.44114640651e-05	0	7.83278569107e-06	7.04950712196e-05
0.00877663636684	0	3.52475356098e-05	0	6.26622855285e-05	0.000289813070569	0.00670094815871	0.00300778970537	0.0140794322797	7.44114640651e-05	0.000959516247156	3.52475356098e-05	0.000677535962277	0.000199736035122	0.0292867856989	0.000415137641627	3.52475356098e-05	3.52475356098e-05	0	1.17491785366e-05	0.000340726177561	0.000129240963903	2.74147499187e-05	0.000195819642277	0.000309395034797	7.83278569107e-06	1.17491785366e-05	7.83278569107e-06	0.000908603140164	0.00728840708554	0.00095559985431	0	0.00101042935415	0.000340726177561	0.00225975867187	0	0	0	0	7.83278569107e-06	0	0	1.56655713821e-05	0	5.09131069919e-05	3.91639284553e-06	0	0	0	0	0	0	0	0	0	7.83278569107e-06	0	7.83278569107e-06	0	3.52475356098e-05	0	0	0	3.91639284553e-06	0	7.83278569107e-06	0	0	0	3.91639284553e-06	0.000477799927155	9.00770354473e-05	0.00140990142439	0.000321144213334	0.000795027747643	0.000528713034147	3.91639284553e-06	7.83278569107e-06	3.91639284553e-06	7.83278569107e-06	3.91639284553e-06	0	0	0
9.79098211383e-05	0	1.95819642277e-05	0	7.83278569107e-06	0.000505214677074	0.00229500620748	0.00011357539252	0.000904686747318	0.000258481927805	5.48294998375e-05	7.83278569107e-06	0.00113967031805	1.95819642277e-05	0.000415137641627	0.00743723001367	3.91639284553e-06	2.34983570732e-05	0	0	5.09131069919e-05	3.52475356098e-05	0	5.8745892683e-05	8.61606426017e-05	0	1.17491785366e-05	1.95819642277e-05	5.48294998375e-05	0.000168404892358	6.65786783741e-05	0	3.13311427643e-05	3.13311427643e-05	0.000266314713496	0	0	3.91639284553e-06	0	0	0	0	3.91639284553e-06	0	1.17491785366e-05	3.91639284553e-06	0	0	0	0	0	0	0	0	0	0	0	3.91639284553e-06	0	7.83278569107e-06	0	0	3.91639284553e-06	0	3.91639284553e-06	0	0	0	0	1.17491785366e-05	0.00055221139122	4.30803213009e-05	0.000278063892033	0.000125324571057	0.00251040781399	6.26622855285e-05	0	2.34983570732e-05	3.91639284553e-06	1.56655713821e-05	1.56655713821e-05	7.83278569107e-06	0	0
7.04950712196e-05	0.000160572106667	0.000795027747643	0	0	0	7.83278569107e-06	0.00036814092748	1.56655713821e-05	0.00033289339187	7.83278569107e-06	0	1.17491785366e-05	0	3.52475356098e-05	3.91639284553e-06	0.0139227765659	0.000121408178212	0	1.56655713821e-05	1.17491785366e-05	0.00309395034797	0.00332501752586	0.00741764804944	0.00178979153041	0	3.91639284553e-05	0.00194644724423	0.00273755859903	0.000180154070895	0.000677535962277	0	0	0.000105742606829	0.000720616283578	3.91639284553e-06	3.91639284553e-05	7.83278569107e-06	0	0	0	0	1.56655713821e-05	0	9.39934282928e-05	3.91639284553e-06	0	0	0	0	0	5.09131069919e-05	0	0	0	0	4.69967141464e-05	0.000274147499187	3.91639284553e-05	4.69967141464e-05	0	0	3.91639284553e-05	1.95819642277e-05	3.91639284553e-06	3.91639284553e-05	0	0	0	1.17491785366e-05	0.000857690033172	0.000501298284228	0.000505214677074	0.000215401606504	1.17491785366e-05	2.34983570732e-05	3.91639284553e-06	7.04950712196e-05	1.17491785366e-05	3.91639284553e-06	7.83278569107e-06	0	0	3.91639284553e-06
3.52475356098e-05	0.00134332274602	0.00708867105042	0	3.91639284553e-06	0	2.34983570732e-05	7.04950712196e-05	2.74147499187e-05	1.95819642277e-05	0	0.000575709748293	0	0.000133157356748	3.52475356098e-05	2.34983570732e-05	0.000121408178212	0.0259461026017	0.000133157356748	0.00637980394537	3.91639284553e-06	0.00125324571057	0.000317227820488	0.00694768090798	3.52475356098e-05	8.22442497562e-05	0.0108993212891	0.0034660076683	0.000133157356748	6.26622855285e-05	0.000466050748618	0	0	7.83278569107e-06	0.00344642570407	0	0.000744114640651	7.04950712196e-05	0	0	0	0	0	0	3.91639284553e-06	0	3.13311427643e-05	0	2.74147499187e-05	0	0	3.91639284553e-06	5.09131069919e-05	1.17491785366e-05	3.13311427643e-05	0	7.83278569107e-06	0.000105742606829	6.26622855285e-05	3.91639284553e-06	6.65786783741e-05	0.000117491785366	0.000223234392195	0	0	3.91639284553e-06	0	0	0	5.8745892683e-05	0.00178195874472	0.00323102409757	0.00308220116943	0.000885104783091	1.95819642277e-05	2.34983570732e-05	5.48294998375e-05	0.000109658999675	9.00770354473e-05	4.30803213009e-05	3.91639284553e-05	0	3.91639284553e-06	0
0	4.69967141464e-05	3.13311427643e-05	0	0	0	0	0	0	0	0	0.00319186016911	0	0.000422970427318	0	0	0	0.000133157356748	0.00652079408781	0.00303128806244	0	3.91639284553e-06	0	1.17491785366e-05	0	0.000207568820813	0.00389289448846	0.000301562249106	3.91639284553e-06	0	3.91639284553e-06	1.17491785366e-05	0	0	0.000203652427968	0	6.65786783741e-05	0	0	0	0	3.91639284553e-06	0	0	0	0	1.56655713821e-05	0	7.83278569107e-06	3.91639284553e-06	0	0	0	0	1.56655713821e-05	0	0	0	0	0	6.26622855285e-05	7.83278569107e-06	2.74147499187e-05	0	3.91639284553e-06	0	3.91639284553e-06	0	0	3.91639284553e-06	3.13311427643e-05	0.00040338846309	0.000266314713496	3.13311427643e-05	0	3.91639284553e-06	1.56655713821e-05	3.91639284553e-06	2.74147499187e-05	1.17491785366e-05	3.91639284553e-06	0	0	0
0	0.000638372033822	0.00073628185496	0	3.91639284553e-06	0	7.83278569107e-06	0	1.17491785366e-05	0	0	0.00453126652228	0	0.000520880248456	1.17491785366e-05	0	1.56655713821e-05	0.00637980394537	0.00303128806244	0.0201772559402	3.91639284553e-06	7.44114640651e-05	1.17491785366e-05	0.000336809784716	7.83278569107e-06	0.000391639284553	0.012802688212	0.00186028660163	3.91639284553e-06	0	1.56655713821e-05	0	0	3.91639284553e-06	0.00194644724423	0	0.000399472070244	2.74147499187e-05	0	0	0	3.91639284553e-06	0	0	0	0	6.65786783741e-05	0	5.8745892683e-05	3.91639284553e-06	0	0	1.56655713821e-05	2.34983570732e-05	5.09131069919e-05	0	0	0	7.83278569107e-06	0	0.000191903249431	0.000109658999675	0.000176237678049	0	7.83278569107e-06	0	3.91639284553e-06	0	0	3.91639284553e-05	0.000411221248781	0.00179370792325	0.00161355385236	0.000305478641952	7.83278569107e-06	1.17491785366e-05	2.74147499187e-05	3.52475356098e-05	9.79098211383e-05	5.48294998375e-05	2.34983570732e-05	3.91639284553e-06	0	7.83278569107e-06
0.000466050748618	0	3.91639284553e-06	0	0.00608215808911	0	0.00345817488261	0.00314877984781	0.000634455640976	0.000211485213659	0.00676752683708	0	0.0105272639688	0	0.000340726177561	5.09131069919e-05	1.17491785366e-05	3.91639284553e-06	0	3.91639284553e-06	0.0215049131148	3.52475356098e-05	7.83278569107e-06	2.74147499187e-05	0.00314877984781	0	3.91639284553e-06	0	0.00472708616456	0.00018407046374	0.000140990142439	0	0	4.69967141464e-05	0.000117491785366	1.17491785366e-05	0	0	0	0.000195819642277	0	1.56655713821e-05	2.34983570732e-05	7.83278569107e-06	6.65786783741e-05	0.000274147499187	0	0.000238899963578	0	7.83278569107e-06	0	0	0	0	0	0.000485632712846	3.91639284553e-06	7.83278569107e-06	0	5.48294998375e-05	0	0	0	2.34983570732e-05	7.83278569107e-06	3.91639284553e-06	0	0	0	3.91639284553e-06	5.8745892683e-05	7.83278569107e-06	7.83278569107e-05	2.74147499187e-05	0.000101826213984	3.91639284553e-06	0	0	0	3.91639284553e-06	3.91639284553e-06	3.91639284553e-06	0	0
0.000426886820163	0.000101826213984	0.00198561117269	0	3.91639284553e-06	0	7.44114640651e-05	0.00138248667447	7.04950712196e-05	0.000258481927805	3.52475356098e-05	2.34983570732e-05	3.52475356098e-05	3.13311427643e-05	0.000129240963903	3.52475356098e-05	0.00309395034797	0.00125324571057	3.91639284553e-06	7.44114640651e-05	3.52475356098e-05	0.0331914293659	0.000932101497237	0.0194918871922	0.00126107849626	3.91639284553e-06	0.000317227820488	0.000751947426342	0.00571793355448	0.000943850675774	0.0106956688612	0	0	0.000301562249106	0.00452343373659	3.91639284553e-06	6.26622855285e-05	2.34983570732e-05	0	7.83278569107e-06	0	3.91639284553e-06	1.56655713821e-05	0	0.00014882292813	0	0	3.91639284553e-06	3.91639284553e-06	0	3.91639284553e-06	4.69967141464e-05	0	0	0	0	3.52475356098e-05	0.000195819642277	1.95819642277e-05	6.65786783741e-05	3.91639284553e-06	7.83278569107e-06	2.34983570732e-05	3.13311427643e-05	3.91639284553e-06	2.74147499187e-05	0	0	0	1.95819642277e-05	0.00247907667122	0.00132374078179	0.0023655012787	0.000873355604554	7.44114640651e-05	6.26622855285e-05	1.17491785366e-05	0.000101826213984	1.17491785366e-05	2.34983570732e-05	1.56655713821e-05	1.17491785366e-05	0	0
0.000109658999675	0.00145689813854	0.00187595217301	0	7.83278569107e-06	0	1.95819642277e-05	0.000489549105692	2.74147499187e-05	0.00222842752911	1.95819642277e-05	3.91639284553e-06	1.17491785366e-05	1.56655713821e-05	2.74147499187e-05	0	0.00332501752586	0.000317227820488	0	1.17491785366e-05	7.83278569107e-06	0.000932101497237	0.0156420730251	0.00390072727415	0.00285113399155	0	0.000195819642277	0.00312136509789	0.00169971449496	0.00018407046374	0.000728449069269	0	0	0.000117491785366	0.000834191676099	3.13311427643e-05	0.000724532676424	0.000140990142439	0	3.91639284553e-06	0	3.91639284553e-06	5.48294998375e-05	3.91639284553e-06	0.000379890106017	7.83278569107e-06	3.91639284553e-06	7.83278569107e-06	3.91639284553e-06	1.17491785366e-05	0	0.000340726177561	2.34983570732e-05	0	1.17491785366e-05	3.91639284553e-06	0.000168404892358	0.00207568820813	0.000458217962927	0.000187986856586	0	2.74147499187e-05	0.000583542533984	6.65786783741e-05	1.95819642277e-05	9.39934282928e-05	0	0	3.91639284553e-06	0.000144906535285	0.00100259656846	0.000802860533334	0.000751947426342	0.000281980284878	3.91639284553e-05	1.56655713821e-05	3.91639284553e-06	0.000129240963903	0.000109658999675	0.000144906535285	6.65786783741e-05	7.83278569107e-06	3.91639284553e-06	3.91639284553e-06
0.000469967141464	0.00077152939057	0.0132804881392	0	7.83278569107e-06	0	0.000109658999675	0.00162138663805	0.000160572106667	0.000509131069919	5.8745892683e-05	0.000109658999675	2.74147499187e-05	0.000109658999675	0.000195819642277	5.8745892683e-05	0.00741764804944	0.00694768090798	1.17491785366e-05	0.000336809784716	2.74147499187e-05	0.0194918871922	0.00390072727415	0.0613307119611	0.00163313581659	7.83278569107e-06	0.00157830631675	0.00718658087155	0.00529887952001	0.00121408178212	0.00669311537302	0	0	0.000383806498862	0.00777403979838	3.91639284553e-06	0.000536545819838	0.000121408178212	0	1.95819642277e-05	0	0	3.13311427643e-05	0	0.000160572106667	3.91639284553e-06	7.83278569107e-06	0	0	3.91639284553e-06	0	0.00018407046374	3.52475356098e-05	0	0	3.91639284553e-06	7.83278569107e-05	0.000959516247156	0.00025456553496	0.000105742606829	7.83278569107e-06	3.91639284553e-05	0.000289813070569	3.13311427643e-05	3.91639284553e-06	5.09131069919e-05	0	0	0	9.79098211383e-05	0.006313225267	0.00474666812879	0.0056513548761	0.00227542424325	0.000129240963903	0.000129240963903	4.30803213009e-05	0.000328976999025	0.00011357539252	0.000105742606829	8.61606426017e-05	3.91639284553e-06	7.83278569107e-06	3.91639284553e-06
0.000603124498212	3.13311427643e-05	0.000121408178212	0	0.00542028769822	0	0.000751947426342	0.00524796641301	0.000348558963252	0.00543986966245	0.00138640306732	0	0.00278455531317	1.17491785366e-05	0.000309395034797	8.61606426017e-05	0.00178979153041	3.52475356098e-05	0	7.83278569107e-06	0.00314877984781	0.00126107849626	0.00285113399155	0.00163313581659	0.0336731456859	0	3.52475356098e-05	0.000109658999675	0.0157556484176	0.000861606426017	0.00189161774439	0	0	0.000336809784716	0.000795027747643	9.39934282928e-05	2.34983570732e-05	7.83278569107e-06	0	0.000121408178212	3.91639284553e-06	3.52475356098e-05	0.000125324571057	2.34983570732e-05	0.00109658999675	5.8745892683e-05	0	3.13311427643e-05	0	3.13311427643e-05	7.83278569107e-06	9.79098211383e-05	0	0	0	5.09131069919e-05	4.69967141464e-05	0.000278063892033	3.91639284553e-05	0.000932101497237	0	3.91639284553e-06	1.56655713821e-05	0.000207568820813	4.30803213009e-05	7.04950712196e-05	0	0	7.83278569107e-06	4.69967141464e-05	0.000728449069269	0.000215401606504	0.000485632712846	0.000160572106667	0.00021931799935	3.13311427643e-05	0	3.13311427643e-05	1.17491785366e-05	2.34983570732e-05	7.83278569107e-06	1.17491785366e-05	7.83278569107e-06	0
3.91639284553e-06	0.000415137641627	5.09131069919e-05	0	0	0	7.83278569107e-06	0	3.91639284553e-06	0	0	0.00296079299122	0	0.00541245491253	7.83278569107e-06	0	0	8.22442497562e-05	0.000207568820813	0.000391639284553	0	3.91639284553e-06	0	7.83278569107e-06	0	0.0105390131473	0.0022362603148	0.0014020686387	0	3.91639284553e-06	0	2.34983570732e-05	0	0	0.000180154070895	0	0.000379890106017	3.91639284553e-06	0	0	7.83278569107e-06	0	0	0	0	0	0.000536545819838	0	0.000595291712521	0	0	0	7.83278569107e-06	3.13311427643e-05	7.04950712196e-05	0	3.91639284553e-06	0	0	0	0.00133940635317	0.000297645856261	0.000383806498862	0	0	3.91639284553e-06	1.95819642277e-05	3.91639284553e-06	0	8.61606426017e-05	3.13311427643e-05	0.00149606206699	0.000716699890733	1.95819642277e-05	3.91639284553e-06	0	0.000650121212359	0	0.000501298284228	0.000101826213984	7.83278569107e-06	0	3.91639284553e-06	7.44114640651e-05
7.83278569107e-06	0.004386359987	0.0074489791922	0	3.91639284553e-06	0	3.91639284553e-06	1.17491785366e-05	1.17491785366e-05	3.91639284553e-06	0	0.00937584447221	0	0.00527538116293	1.17491785366e-05	1.17491785366e-05	3.91639284553e-05	0.0108993212891	0.00389289448846	0.012802688212	3.91639284553e-06	0.000317227820488	0.000195819642277	0.00157830631675	3.52475356098e-05	0.0022362603148	0.0659912194472	0.0217868933997	5.48294998375e-05	3.13311427643e-05	0.000105742606829	0.000278063892033	0	1.56655713821e-05	0.00353650273952	0	0.00246732749269	0.000191903249431	0	0	0	3.91639284553e-06	0	0	0	0	0.000301562249106	0	0.000281980284878	3.91639284553e-06	0	7.83278569107e-06	0.000137073749594	3.52475356098e-05	0.000164488499512	0	3.91639284553e-06	6.65786783741e-05	6.26622855285e-05	0	0.000892937568782	0.000638372033822	0.00101826213984	0	3.91639284553e-06	0	3.91639284553e-06	0	0	0.000207568820813	0.00134332274602	0.00594900073237	0.00404563380944	0.000845940854635	1.95819642277e-05	3.91639284553e-05	0.000125324571057	9.39934282928e-05	0.000481716320001	0.000144906535285	5.48294998375e-05	0	7.83278569107e-06	2.74147499187e-05
1.56655713821e-05	0.0072335775857	0.0127439423194	0	0	0	1.17491785366e-05	0.00011357539252	1.56655713821e-05	7.44114640651e-05	7.83278569107e-06	0.00142556699577	0	0.00225584227903	7.83278569107e-06	1.95819642277e-05	0.00194644724423	0.0034660076683	0.000301562249106	0.00186028660163	0	0.000751947426342	0.00312136509789	0.00718658087155	0.000109658999675	0.0014020686387	0.0217868933997	0.0574064863298	0.000285896677724	5.09131069919e-05	0.00033289339187	6.65786783741e-05	0	2.74147499187e-05	0.00193861445854	0	0.0021500996722	0.000246732749269	0	0	0	0	3.91639284553e-06	0	7.83278569107e-06	0	7.44114640651e-05	0	0.000117491785366	0	0	6.26622855285e-05	0.000101826213984	1.95819642277e-05	7.44114640651e-05	0	1.95819642277e-05	0.000610957283903	0.000227150785041	3.91639284553e-06	0.000289813070569	0.00036814092748	0.000892937568782	0	0	1.95819642277e-05	3.91639284553e-06	0	0	0.000176237678049	0.00148431288846	0.00347775684683	0.00206002263675	0.000642288426668	3.52475356098e-05	3.13311427643e-05	3.91639284553e-05	0.000125324571057	0.000305478641952	0.000164488499512	9.00770354473e-05	0	3.91639284553e-06	7.83278569107e-06
0.00203260788683	2.74147499187e-05	0.000372057320326	0	0.00444902227253	0	0.00159788828098	0.0212033508657	0.000928185104391	0.00269447827773	0.00507564512781	7.83278569107e-06	0.00163313581659	3.13311427643e-05	0.000908603140164	5.48294998375e-05	0.00273755859903	0.000133157356748	3.91639284553e-06	3.91639284553e-06	0.00472708616456	0.00571793355448	0.00169971449496	0.00529887952001	0.0157556484176	0	5.48294998375e-05	0.000285896677724	0.0532355279493	0.00209135377951	0.00918785761562	0	3.91639284553e-06	0.00080677692618	0.00199736035122	9.00770354473e-05	2.34983570732e-05	3.91639284553e-06	0	0.000109658999675	0	3.13311427643e-05	0.000207568820813	2.34983570732e-05	0.00150781124553	8.22442497562e-05	0	3.13311427643e-05	0	5.8745892683e-05	7.83278569107e-06	0.000137073749594	0	0	0	3.91639284553e-05	0.000133157356748	0.000454301570082	8.61606426017e-05	0.000889021175936	0	0	3.91639284553e-06	0.000231067177886	5.09131069919e-05	0.000164488499512	0	0	7.83278569107e-06	7.04950712196e-05	0.00180545710179	0.000603124498212	0.00111617196098	0.000422970427318	0.000211485213659	5.09131069919e-05	0	0.000109658999675	3.91639284553e-06	5.8745892683e-05	3.13311427643e-05	3.13311427643e-05	3.91639284553e-06	0
0.00527929755578	1.95819642277e-05	0.000156655713821	0	3.91639284553e-05	0.000278063892033	0.00318794377626	0.00270622745626	0.00412787805919	0.000321144213334	0.000477799927155	4.30803213009e-05	0.000301562249106	0.000317227820488	0.00728840708554	0.000168404892358	0.000180154070895	6.26622855285e-05	0	0	0.00018407046374	0.000943850675774	0.00018407046374	0.00121408178212	0.000861606426017	3.91639284553e-06	3.13311427643e-05	5.09131069919e-05	0.00209135377951	0.0314055542283	0.00639546951676	0	0.000642288426668	0.00536545819838	0.00582367616131	1.95819642277e-05	1.17491785366e-05	0	0	1.95819642277e-05	0	3.91639284553e-06	4.30803213009e-05	7.83278569107e-06	0.000223234392195	1.17491785366e-05	0	0	0	0	0	1.95819642277e-05	3.91639284553e-06	0	0	0	1.17491785366e-05	0.000101826213984	1.17491785366e-05	0.000105742606829	0	0	1.17491785366e-05	2.74147499187e-05	0	3.13311427643e-05	0	0	0	7.83278569107e-06	0.0017976243161	0.000313311427643	0.00256132092098	0.000661870390895	0.000583542533984	0.000466050748618	1.95819642277e-05	4.30803213009e-05	1.17491785366e-05	0	3.91639284553e-06	3.91639284553e-06	0	0
0.00266706352781	4.69967141464e-05	0.000986930997074	0	1.56655713821e-05	3.91639284553e-06	0.000309395034797	0.00884321504521	0.00051696385561	0.000744114640651	0.000274147499187	7.83278569107e-06	0.000109658999675	3.91639284553e-05	0.00095559985431	6.65786783741e-05	0.000677535962277	0.000466050748618	3.91639284553e-06	1.56655713821e-05	0.000140990142439	0.0106956688612	0.000728449069269	0.00669311537302	0.00189161774439	0	0.000105742606829	0.00033289339187	0.00918785761562	0.00639546951676	0.0329329474381	0	0	0.00139815224586	0.00449993537952	1.56655713821e-05	4.30803213009e-05	7.83278569107e-06	0	1.95819642277e-05	0	3.91639284553e-06	5.8745892683e-05	7.83278569107e-06	0.000446468784391	3.13311427643e-05	0	3.91639284553e-06	3.91639284553e-06	1.17491785366e-05	0	4.69967141464e-05	0	0	0	3.91639284553e-06	4.30803213009e-05	0.000223234392195	3.91639284553e-05	0.000258481927805	0	7.83278569107e-06	1.56655713821e-05	7.83278569107e-05	3.91639284553e-06	7.44114640651e-05	0	0	0	3.13311427643e-05	0.00251824059968	0.000939934282928	0.00202869149399	0.000748031033497	0.000176237678049	4.69967141464e-05	1.17491785366e-05	9.79098211383e-05	1.17491785366e-05	3.52475356098e-05	2.74147499187e-05	1.56655713821e-05	0	0
0	0	0	0	0	0	0	0	0	0	0	7.04950712196e-05	0	0.000285896677724	0	0	0	0	1.17491785366e-05	0	0	0	0	0	0	2.34983570732e-05	0.000278063892033	6.65786783741e-05	0	0	0	0.000336809784716	0	0	3.91639284553e-06	0	0	0	0	0	0	0	0	0	0	0	0	0	3.91639284553e-06	0	0	0	0	0	0	0	0	0	0	0	3.91639284553e-06	0	0	0	0	0	0	0	0	0	0	7.83278569107e-06	3.91639284553e-06	0	0	0	0	0	0	0	0	0	0	0
3.91639284553e-06	0	0	0	0	0.000936017890083	0.00194253085138	3.91639284553e-06	0.00152347681691	0	3.91639284553e-06	7.83278569107e-06	0	1.95819642277e-05	0.00101042935415	3.13311427643e-05	0	0	0	0	0	0	0	0	0	0	0	0	3.91639284553e-06	0.000642288426668	0	0	0.00370099123903	0	0.000532629426993	0	0	0	0	0	0	0	0	0	0	0	0	0	0	0	0	0	0	0	0	0	0	0	0	0	0	0	0	0	0	0	0	0	0	0	7.83278569107e-06	3.91639284553e-06	8.61606426017e-05	1.95819642277e-05	1.17491785366e-05	0.000187986856586	0	0	0	0	0	0	0	0
0.000810693319025	3.91639284553e-06	5.48294998375e-05	0	1.17491785366e-05	0	0.000180154070895	0.0008772719974	0.000246732749269	0.000168404892358	0.000125324571057	3.91639284553e-06	9.00770354473e-05	2.74147499187e-05	0.000340726177561	3.13311427643e-05	0.000105742606829	7.83278569107e-06	0	3.91639284553e-06	4.69967141464e-05	0.000301562249106	0.000117491785366	0.000383806498862	0.000336809784716	0	1.56655713821e-05	2.74147499187e-05	0.00080677692618	0.00536545819838	0.00139815224586	0	0	0.00708475465757	0.00304303724098	1.56655713821e-05	3.91639284553e-06	3.91639284553e-06	0	3.91639284553e-06	0	0	1.95819642277e-05	0	0.00011357539252	7.83278569107e-06	0	0	0	0	0	1.17491785366e-05	3.91639284553e-06	0	0	0	3.91639284553e-06	4.30803213009e-05	3.91639284553e-06	5.09131069919e-05	0	3.91639284553e-06	0	2.74147499187e-05	3.91639284553e-06	7.83278569107e-06	0	0	0	3.91639284553e-06	0.00126499488911	0.000199736035122	0.00102217853268	0.000309395034797	0.000176237678049	3.52475356098e-05	3.91639284553e-06	2.34983570732e-05	1.17491785366e-05	3.91639284553e-06	3.91639284553e-06	0	0	0
0.00107309163968	0.000532629426993	0.00288638152716	0	1.56655713821e-05	0.000375973713171	0.00206002263675	0.00156655713821	0.00203260788683	0.00040338846309	0.000246732749269	0.00261615042082	0.000227150785041	0.00136682110309	0.00225975867187	0.000266314713496	0.000720616283578	0.00344642570407	0.000203652427968	0.00194644724423	0.000117491785366	0.00452343373659	0.000834191676099	0.00777403979838	0.000795027747643	0.000180154070895	0.00353650273952	0.00193861445854	0.00199736035122	0.00582367616131	0.00449993537952	3.91639284553e-06	0.000532629426993	0.00304303724098	0.0382749072794	3.91639284553e-05	0.000360308141789	5.09131069919e-05	0	7.83278569107e-06	0	3.91639284553e-06	4.69967141464e-05	0	0.000246732749269	3.91639284553e-06	1.56655713821e-05	7.83278569107e-06	2.34983570732e-05	3.91639284553e-06	3.91639284553e-06	4.30803213009e-05	1.95819642277e-05	3.91639284553e-06	3.91639284553e-06	0	1.95819642277e-05	0.000274147499187	5.8745892683e-05	0.00011357539252	8.22442497562e-05	6.26622855285e-05	0.000176237678049	3.13311427643e-05	7.83278569107e-06	3.91639284553e-05	0	0	0	6.26622855285e-05	0.00751555787058	0.00455084848651	0.0171694662348	0.004386359987	0.000720616283578	0.000916435925855	0.000180154070895	0.000293729463415	7.83278569107e-05	8.22442497562e-05	5.8745892683e-05	7.83278569107e-06	3.91639284553e-06	0
7.83278569107e-06	0	0	0	7.83278569107e-06	0	7.83278569107e-06	7.04950712196e-05	3.91639284553e-06	0.00018407046374	3.91639284553e-06	0	1.56655713821e-05	0	0	0	3.91639284553e-06	0	0	0	1.17491785366e-05	3.91639284553e-06	3.13311427643e-05	3.91639284553e-06	9.39934282928e-05	0	0	0	9.00770354473e-05	1.95819642277e-05	1.56655713821e-05	0	0	1.56655713821e-05	3.91639284553e-05	0.0184383775168	7.83278569107e-06	3.13311427643e-05	0	0.000344642570407	2.34983570732e-05	0.00183678824456	0.00519313691318	0.00308611756228	0.000818526104717	0.00155872435252	7.83278569107e-06	0.000446468784391	0	0.00646204819513	0.000109658999675	0.000336809784716	4.30803213009e-05	0	3.91639284553e-06	0.00033289339187	0.000810693319025	0.000266314713496	0.000489549105692	0.00208352099382	7.83278569107e-06	1.95819642277e-05	4.30803213009e-05	0.000912519533009	0.0074998922992	0.00439810916553	0	1.95819642277e-05	0.00110442278244	0.00281197006309	3.91639284553e-05	3.91639284553e-06	1.56655713821e-05	0	0	0	0	0.00110050638959	0.000160572106667	0.00152347681691	0.000544378605529	0.00084202446179	9.79098211383e-05	3.91639284553e-06
0	0.00348558963252	0.00126107849626	0	0	0	0	1.17491785366e-05	0	7.83278569107e-06	0	0.000352475356098	0	0.000274147499187	0	0	3.91639284553e-05	0.000744114640651	6.65786783741e-05	0.000399472070244	0	6.26622855285e-05	0.000724532676424	0.000536545819838	2.34983570732e-05	0.000379890106017	0.00246732749269	0.0021500996722	2.34983570732e-05	1.17491785366e-05	4.30803213009e-05	0	0	3.91639284553e-06	0.000360308141789	7.83278569107e-06	0.024974837176	0.00258090288521	0	3.91639284553e-06	7.83278569107e-06	3.91639284553e-06	1.56655713821e-05	0	3.52475356098e-05	0	0.00065795399805	0	0.000791111354798	7.83278569107e-06	7.83278569107e-06	0.000156655713821	0.00131199160325	0.000152739320976	0.000904686747318	0	0.000156655713821	0.00319577656196	0.00112792113951	2.74147499187e-05	0.00360699781074	0.00415137641627	0.012422798106	7.83278569107e-06	7.83278569107e-06	0.000101826213984	2.34983570732e-05	3.91639284553e-06	0	0.00162921942374	0.000227150785041	0.00112400474667	0.000415137641627	0.000101826213984	7.83278569107e-06	7.83278569107e-06	3.13311427643e-05	0.000383806498862	0.0018407046374	0.00126107849626	0.000466050748618	0	1.95819642277e-05	1.56655713821e-05
0	0.000387722891708	0.00021931799935	0	0	0	0	0	0	1.56655713821e-05	0	7.83278569107e-06	0	0	0	3.91639284553e-06	7.83278569107e-06	7.04950712196e-05	0	2.74147499187e-05	0	2.34983570732e-05	0.000140990142439	0.000121408178212	7.83278569107e-06	3.91639284553e-06	0.000191903249431	0.000246732749269	3.91639284553e-06	0	7.83278569107e-06	0	0	3.91639284553e-06	5.09131069919e-05	3.13311427643e-05	0.00258090288521	0.0244108766062	0	1.17491785366e-05	7.83278569107e-06	7.83278569107e-06	5.8745892683e-05	0	2.74147499187e-05	7.83278569107e-06	7.44114640651e-05	0	5.09131069919e-05	1.17491785366e-05	3.91639284553e-06	0.000399472070244	0.00292946184846	7.83278569107e-06	0.000352475356098	7.83278569107e-06	0.000881188390245	0.00130024242472	0.00726490872846	7.04950712196e-05	0.000109658999675	0.00681060715838	0.00720616283578	6.65786783741e-05	2.74147499187e-05	0.000454301570082	0	0	7.83278569107e-06	0.00221276195773	9.00770354473e-05	0.000144906535285	5.09131069919e-05	7.83278569107e-06	3.91639284553e-06	0	0	0.000943850675774	0.00212660131512	0.00195819642277	0.000869439211708	3.91639284553e-05	5.8745892683e-05	1.56655713821e-05
0	0	0	0	0	0	0	0	0	0	0	0	0	0	0	0	0	0	0	0	0	0	0	0	0	0	0	0	0	0	0	0	0	0	0	0	0	0	0	0	0	0	0	0	0	0	0	0	0	0	0	0	0	0	0	0	0	0	0	0	0	0	0	0	0	0	0	0	0	0	0	0	0	0	0	0	0	0	0	0	0	0	0	0
2.74147499187e-05	0	0	0	0.00278847170602	0	4.30803213009e-05	0.00014882292813	1.17491785366e-05	0.000340726177561	6.26622855285e-05	0	7.44114640651e-05	3.91639284553e-06	7.83278569107e-06	0	0	0	0	0	0.000195819642277	7.83278569107e-06	3.91639284553e-06	1.95819642277e-05	0.000121408178212	0	0	0	0.000109658999675	1.95819642277e-05	1.95819642277e-05	0	0	3.91639284553e-06	7.83278569107e-06	0.000344642570407	3.91639284553e-06	1.17491785366e-05	0	0.0193626462283	0	0.000571793355448	0.00132374078179	0.000227150785041	0.00142165060293	0.00560435816196	0	0.00222842752911	0	0.00040338846309	2.34983570732e-05	4.30803213009e-05	0	0	0	0.00943459036489	8.22442497562e-05	5.09131069919e-05	4.69967141464e-05	0.00784845126245	0	0	7.83278569107e-06	0.00503648119936	0.000152739320976	0.000180154070895	0	0	3.13311427643e-05	0.000121408178212	3.91639284553e-05	0	7.83278569107e-06	3.91639284553e-06	3.91639284553e-05	3.91639284553e-06	0	5.48294998375e-05	1.17491785366e-05	7.04950712196e-05	3.52475356098e-05	9.39934282928e-05	0	0
