0.0108333958818	0	4.16989833788e-05	0	0	0	0	0.00491214024202	0.000475368410518	0	0	0	0	0	0.00642998323701	0	5.83785767303e-05	0.0008256398709	0	0	0	0.000191815323542	0	0.00115089194125	5.83785767303e-05	0	4.16989833788e-05	0	0.000300232680327	0.00389468504758	0.005195693329	0	0	0.000191815323542	1.66795933515e-05	0	0	0	0	0	0	0	0	0	0	0	0	0	0	0	0	0	0	0	0	0	0	0	0	0	0	0	0	0	0	0	0	0	0	0	8.33979667576e-06	8.33979667576e-06	8.33979667576e-06	0	0	0	0	0	0	0	0	0	0	0
0	0.0282552311375	0	0	0	0	0	0	0	0.00197653181215	0	0	0	0.00115923173793	0	0	0.00105081438115	0.000833979667576	0	0	0	0	0.00554596478938	0	0.00261869615619	0.00289390944649	0.0025102787994	0.0258283503048	0	0	0	0	0	0	0	0	0.0145195860125	0	0	0	0	0	0	0	0	0	0	0	8.33979667576e-06	0	0	0.000158456136839	0	0	0	0	0	0.00410317996447	0	0	8.33979667576e-06	0	0.0194901048312	0	0	0	0	0	0	0	0	0	0	0	0	0	0	0	0	0	0	0	0	0
4.16989833788e-05	0	0.0384631422686	0	0	0	0	0.000500387800545	0.000934057227685	0	0	0	0	0	0.00452016979826	0	8.33979667576e-06	0.00742241904142	0	0	0	0.00186811445537	0.0016512797418	0.0171716413554	0	0	0.0147864595061	0.0199237742584	3.3359186703e-05	0.000900698040982	0.00351105440049	0	0	0	0.000567106173951	0	0	0	0	0	0	0	0	0	0	0	0	0	0	0	0	0.00723894351456	0.000208494916894	0	0.000141776543488	0	0.000316912273679	0.00727230270126	0.0014094256382	8.33979667576e-06	0	0	0.00607971177663	4.16989833788e-05	0	0	0	0	0	0	0.00180973587864	8.33979667576e-06	0.00158456136839	0.000683863327412	1.66795933515e-05	0	0	0.0005504265806	2.50193900273e-05	0	0.000150116340164	0	0	0
0	0	0	0	0	0	0	0	0	0	0	0	0	0	0	0	0	0	0	0	0	0	0	0	0	0	0	0	0	0	0	0	0	0	0	0	0	0	0	0	0	0	0	0	0	0	0	0	0	0	0	0	0	0	0	0	0	0	0	0	0	0	0	0	0	0	0	0	0	0	0	0	0	0	0	0	0	0	0	0	0	0	0	0
0	0	0	0	0.0142777319089	0	0.000150116340164	0	0.000450349020491	0.0002752132903	0.000158456136839	4.16989833788e-05	0.00241020123929	0	0.000241854103597	5.83785767303e-05	0	0	0	6.67183734061e-05	0.00317746253346	0	0	0	0.00960744577047	0	5.00387800545e-05	0	0.00564604234949	0.000858999057603	0	0	0	0.000283553086976	0.000525407190573	0	0	0	0	0.00116757153461	2.50193900273e-05	0.000266873493624	0	8.33979667576e-06	0.00331089928028	0.00236850225592	0	0.00228510428916	0	0	4.16989833788e-05	0	0	0	1.66795933515e-05	0.00236016245924	0	0	0	0.00226842469581	0	0	0	0.00124262970469	0	0	0	0	0	0	9.17377634333e-05	8.33979667576e-06	0.000358611257058	8.33979667576e-06	0.000416989833788	0	0	0	0	1.66795933515e-05	0	0	0	0
0	0	0	0	0	0.00256031757946	0.00033359186703	0	8.33979667576e-06	0.000208494916894	0	0	8.33979667576e-06	7.50581700818e-05	0	0.000358611257058	0	0	0	0	0	0	0	0	0	0	0	0	0	0.000425329630464	0	0	0.00193483282878	0	0.000725562310791	0	0	0	0	0	0	0	0	0	0	0	0	0	0	0	0	0	0	0	0	0	0	0	0	0	0	0	0	0	0	0	0	0	0	0	0.000241854103597	2.50193900273e-05	0.000308572477003	0.000191815323542	0.00130100828142	0.000400310240436	0	0	0	0	0	0	0	0
0	0	0	0	0.000150116340164	0.00033359186703	0.0263704370887	0.00492881983537	0.013477111428	0.000600465360655	0.00656341998382	0.00108417356785	0.00771431192508	0	0.00790612724862	0.00219336652572	0	0	5.83785767303e-05	0.00112587255123	0.00442009223815	0	1.66795933515e-05	0	0.0010674939745	0	0.000458688817167	0	0.00222672571243	0.00603801279325	4.16989833788e-05	0	0.000600465360655	2.50193900273e-05	0.00132602767145	0	0	0	0	0	0	0	0	0	7.50581700818e-05	8.33979667576e-06	0	3.3359186703e-05	0	0	0	0	0	0	0	0	0	0	0	2.50193900273e-05	0	0	0	8.33979667576e-06	0	0	0	0	0	0	0.000542086783924	0	5.83785767303e-05	0	0.00133436746812	6.67183734061e-05	0	0	0	0	0	0	0	0
0.00491214024202	0	0.000500387800545	0	0	0	0.00492881983537	0.0539668242888	0.00753083639821	0	0.00356943297722	0	7.50581700818e-05	0	0.0111503081555	8.33979667576e-06	0	0.00564604234949	0	0	0.000391970443761	0.0133436746812	0	0.0155787401903	8.33979667576e-05	0	3.3359186703e-05	0	0.0143361104856	0.00934057227685	0.0183141935	0	0	0.00768929253505	0.000567106173951	0	0	0	0	0	0	0	0	0	0	0	0	0	0	0	0	0	0	0	0	0	0	0	0	0	0	0	0	0	0	0	0	0	0	0	8.33979667576e-06	0	0.000567106173951	8.33979667576e-05	0	0	0	0	0	0	0	0	0	0
0.000475368410518	0	0.000934057227685	0	0.000450349020491	8.33979667576e-06	0.013477111428	0.00753083639821	0.0309573252604	6.67183734061e-05	0.00405314118442	0	0.00262703595286	0	0.0163126422978	0.00115923173793	0	0.000742241904142	0	0	0.00300232680327	0.000166795933515	1.66795933515e-05	0.00301900639662	0.00156788177504	0	0.000592125563979	0	0.00349437480714	0.0044034126448	0.0014094256382	0	0.000567106173951	5.83785767303e-05	0.000575445970627	0	0	0	0	0	0	0	0	0	2.50193900273e-05	0	0	5.00387800545e-05	0	0	0	0	0	0	0	0	0	0	0	1.66795933515e-05	0	0	0	0	0	0	0	0	0	0	0.00178471648861	0	0.000625484750682	0	0.000325252070355	8.33979667576e-06	0	0	0	0	0	0	0	0
0	0.00197653181215	0	0	0.0002752132903	0.000208494916894	0.000600465360655	0	6.67183734061e-05	0.0253529818943	0	0	0.000291892883651	0.000116757153461	0	0.00180973587864	0.000625484750682	0	0	0	0	0	0.00798952521538	0	0.0175052332224	0.00088401844763	0	0.00206826957559	0.0052624117024	0	0	0	0.0002752132903	0	0	0	0	0	0	0.00281051147973	0	8.33979667576e-06	0	0	0.0148281584895	0.00060880515733	0	0.000450349020491	0	0	8.33979667576e-06	0	0	0	0	0.000458688817167	0	0.00173467770856	0	0.014377809469	0	0	0	0.00552094539935	0	0	0	0	0	0	0.00169297872518	0	0	0	0.00348603501047	5.00387800545e-05	0	0	0	0	0	0	0	0
0	0	0	0	0.000158456136839	0	0.00656341998382	0.00356943297722	0.00405314118442	0	0.0182057761432	3.3359186703e-05	0.00296896761657	0.000341931663706	0.00193483282878	6.67183734061e-05	0	0	0	0.000133436746812	0.00722226392121	0	0	0	0.000291892883651	0	0.000150116340164	0	0.00428665549134	0.00151784299499	0	0	0	2.50193900273e-05	0.00111753275455	0	0	0	0	0	0	0	0	0	0	8.33979667576e-06	0	0	0	0	0	0	0	0	0	0	0	0	0	8.33979667576e-06	0	0	0	0	0	0	0	0	0	0	1.66795933515e-05	8.33979667576e-06	0.00105081438115	0.000416989833788	0	0	0	0	0	0	0	0	0	0
0	0	0	0	4.16989833788e-05	0	0.00108417356785	0	0	0	3.3359186703e-05	0.0169548066418	0.00328587989025	0.00249359920605	0.00287722985314	0	0	0	0.00262703595286	0.00744743843145	0.00243522062932	0	0	0	0.000175135730191	0	0.00848157321924	0	0.000241854103597	0.00975756211064	0	0.000650504140709	0.0010674939745	8.33979667576e-06	0.0121761031466	0	0	0	0	0	0	0	0	0	0	4.16989833788e-05	0	5.00387800545e-05	0	0	0	0	0	0	0	0	0	0	0	0.000250193900273	0	0	0	0.000250193900273	0	0	0	0	0	0	0.000191815323542	2.50193900273e-05	8.33979667576e-05	0	0	0	0	1.66795933515e-05	0	0	0	8.33979667576e-06	0	0
0	0	0	0	0.00241020123929	8.33979667576e-06	0.00771431192508	7.50581700818e-05	0.00262703595286	0.000291892883651	0.00296896761657	0.00328587989025	0.0271960769596	0.000366951053733	0.00838983545581	0.00101745519444	0	0	0.000100077560109	0.00503723719216	0.0161291667709	0	0	0	0.00345267582376	0	0.00395306362431	0	0.000433669427139	0.0151200513731	0	0	8.33979667576e-06	0	0.00781438948518	0	0	0	0	8.33979667576e-06	0	8.33979667576e-06	0	0	0.000316912273679	8.33979667576e-05	0	0.000467028613842	0	0	0	0	0	0	0	4.16989833788e-05	0	0	0	5.83785767303e-05	0	0	0	3.3359186703e-05	0	0	0	0	0	0	0.000633824547358	8.33979667576e-06	0.0022350655091	0.000433669427139	0.00118425112796	8.33979667576e-06	0	0	0	0	0	0	0	0
0	0.00115923173793	0	0	0	7.50581700818e-05	0	0	0	0.000116757153461	0.000341931663706	0.00249359920605	0.000366951053733	0.023559925609	0.00021683471357	0	0	0	0	0	0.000450349020491	0	0.0005504265806	0	0.000258533696948	0.00788110785859	0.00389468504758	0.00914875695331	0	0.00226008489913	0	0.00316078294011	0.000650504140709	0	0.00296896761657	0	5.83785767303e-05	0	0	0	0	0	0	0	0	0	0.00253529818943	0	0.000708882717439	0	0	0	0	0.00105915417782	9.17377634333e-05	0	0	0	0	0	0.000592125563979	0.00534580966916	0.000341931663706	0	0	0	1.66795933515e-05	0	0	0	0.0005504265806	0.00179305628529	0.00115089194125	0.00112587255123	0	0	0.000291892883651	0	0.00286055025978	2.50193900273e-05	0	0	0	0.000508727597221
0.00642998323701	0	0.00452016979826	0	0.000241854103597	0	0.00790612724862	0.0111503081555	0.0163126422978	0	0.00193483282878	0.00287722985314	0.00838983545581	0.00021683471357	0.0613892433302	0.00146780421493	0.000266873493624	0.00768095273837	0.000967416414388	0.00215166754235	0.00683029347745	0.00118425112796	0	0.0109584928319	0.00120927051798	0	0.00539584844921	2.50193900273e-05	0.00365283094398	0.0305736946133	0.0210246274196	1.66795933515e-05	0.00076726129417	0.000750581700818	0.00768929253505	0	0	0	0	0	0	0	0	0	4.16989833788e-05	0	0	0.000225174510245	0	0	0	0	1.66795933515e-05	0	8.33979667576e-06	0	8.33979667576e-06	0	1.66795933515e-05	8.33979667576e-06	0	0	8.33979667576e-06	1.66795933515e-05	0	0	0	0	0	8.33979667576e-06	0.00336927785701	0.000400310240436	0.00368619013068	0.00109251336452	0.000308572477003	0	3.3359186703e-05	0.000116757153461	0	3.3359186703e-05	1.66795933515e-05	8.33979667576e-05	0	0
0	0	0	0	5.83785767303e-05	0.000358611257058	0.00219336652572	8.33979667576e-06	0.00115923173793	0.00180973587864	6.67183734061e-05	0	0.00101745519444	0	0.00146780421493	0.00613809035336	0	0	0	0	2.50193900273e-05	0	1.66795933515e-05	0	0.0008256398709	0	0	0	0.000150116340164	0.00107583377117	0	0	0.000383630647085	0	0	0	0	0	0	0	0	0	0	0	7.50581700818e-05	0	0	0	0	0	0	0	0	0	0	0	0	0	0	1.66795933515e-05	0	0	0	0	0	0	0	0	0	0	0.000975756211064	0	0	0	0.00353607379052	0.000100077560109	0	0	0	0	0	0	0	0
5.83785767303e-05	0.00105081438115	8.33979667576e-06	0	0	0	0	0	0	0.000625484750682	0	0	0	0	0.000266873493624	0	0.0205409192124	0	0	0	0	0.00423661671128	0.00803956399543	0.00424495650796	0.00894026203641	0	0	0.00286889005646	0.00154286238502	0.000650504140709	0.000758921497494	0	0	0	0.00154286238502	0	5.00387800545e-05	0	0	0	0	0	0	0	0.00188479404872	0	0	0	0	0	0	0.0040948401678	0	0	0	0	0	0.00894026203641	0	0.00370286972404	0	0	5.83785767303e-05	0.00695539042758	0	0	0	0	0	0	0.00156788177504	0.000416989833788	4.16989833788e-05	2.50193900273e-05	0	0	0	0	0	0	0	2.50193900273e-05	0	0
0.0008256398709	0.000833979667576	0.00742241904142	0	0	0	0	0.00564604234949	0.000742241904142	0	0	0	0	0	0.00768095273837	0	0	0.0497051881875	0	0.00808960277548	0	0.00489546064867	0	0.0189229986573	0	0	0.0265872718023	0.00575445970627	0.00021683471357	0.00308572477003	0.0113754826657	0	0	0	0.0085316119993	0	0.000166795933515	0	0	0	0	0	0	0	0	0	2.50193900273e-05	0	0	0	0	2.50193900273e-05	0.0032692002969	8.33979667576e-06	0.00331089928028	0	4.16989833788e-05	0	9.17377634333e-05	2.50193900273e-05	0	0.00155954197837	0.00795616602867	0.000166795933515	0	0	0	0	0	0	0.00125096950136	0.000258533696948	0.00116757153461	0.000792280684197	1.66795933515e-05	0	0	0.000433669427139	0.000575445970627	5.83785767303e-05	0.000300232680327	0	0	0
0	0	0	0	0	0	5.83785767303e-05	0	0	0	0	0.00262703595286	0.000100077560109	0	0.000967416414388	0	0	0	0.00705546798769	0.000967416414388	5.00387800545e-05	8.33979667576e-06	0	8.33979667576e-06	1.66795933515e-05	0	0.00434503406807	4.16989833788e-05	0.000125096950136	0.00203491038888	3.3359186703e-05	0	0.0002752132903	3.3359186703e-05	0.00207660937226	0	0	0	0	0	0	0	0	0	0	8.33979667576e-06	0.000183475526867	0	0	0	0	0	0	0.000408650037112	0.000200155120218	0	0	0	0	4.16989833788e-05	0	0.000325252070355	0	4.16989833788e-05	0	0	0	0	0	0	0.00171799811521	0.00155954197837	4.16989833788e-05	4.16989833788e-05	0	0	0	0	0.000775601090845	0	0	8.33979667576e-06	0	0
0	0	0	0	6.67183734061e-05	0	0.00112587255123	0	0	0	0.000133436746812	0.00744743843145	0.00503723719216	0	0.00215166754235	0	0	0.00808960277548	0.000967416414388	0.0272544555364	0.00417823813455	0	0	2.50193900273e-05	0.000416989833788	0	0.0197319589348	0.000116757153461	0.000300232680327	0.0082897578957	1.66795933515e-05	0	0	5.83785767303e-05	0.0164627586379	0	0	0	0	0	0	0	0	0	0	2.50193900273e-05	1.66795933515e-05	9.17377634333e-05	0	0	0	0	0.00228510428916	8.33979667576e-06	0.0027187737163	0	8.33979667576e-06	0	0	0.000450349020491	0	0.000900698040982	0.000158456136839	0.000525407190573	0	0	0	0	0	0	0.0024769196127	0.000950736821036	0.00110919295788	0.000133436746812	0	0	0	0.000166795933515	0.000467028613842	6.67183734061e-05	1.66795933515e-05	0	0	0
0	0	0	0	0.00317746253346	0	0.00442009223815	0.000391970443761	0.00300232680327	0	0.00722226392121	0.00243522062932	0.0161291667709	0.000450349020491	0.00683029347745	2.50193900273e-05	0	0	5.00387800545e-05	0.00417823813455	0.024744176737	0	0	0	0.00236850225592	0	0.00369452992736	0	0.00487044125864	0.0126014327771	0	0	0	0.000158456136839	0.00732234148131	0	0	0	0	8.33979667576e-06	0	1.66795933515e-05	0	0	0.000191815323542	0.000200155120218	0	0.000425329630464	0	0	0	0	0	0	0	0.000116757153461	0	0	0	0.000166795933515	0	0	0	5.83785767303e-05	0	0	0	0	0	0	0.00033359186703	8.33979667576e-06	0.00267707473292	0.000567106173951	0.000400310240436	0	0	0	0	0	0	0	0	0
0.000191815323542	0	0.00186811445537	0	0	0	0	0.0133436746812	0.000166795933515	0	0	0	0	0	0.00118425112796	0	0.00423661671128	0.00489546064867	8.33979667576e-06	0	0	0.0660011508919	0.000900698040982	0.0480622482424	0.00125930929804	0	0.000442009223815	0.000266873493624	0.0127932481006	0.00203491038888	0.0238601582893	0.000108417356785	0	0.000166795933515	0.00763925375499	0	0	0	0	0	0	0	0	0	3.3359186703e-05	0	0	0	0	0	0	0.00286055025978	8.33979667576e-06	0	8.33979667576e-06	0	8.33979667576e-06	0.00548758621265	8.33979667576e-06	0.00321082172017	0	0	8.33979667576e-06	0.00628820669352	0	0	0	0	0	0	0.00452850959494	0.000875678650954	0.00448681061156	0.00306904517668	0.000475368410518	0.000717222514115	0	1.66795933515e-05	0	0	8.33979667576e-06	0	0	0
0	0.00554596478938	0.0016512797418	0	0	0	1.66795933515e-05	0	1.66795933515e-05	0.00798952521538	0	0	0	0.0005504265806	0	1.66795933515e-05	0.00803956399543	0	0	0	0	0.000900698040982	0.0295895986056	0.0035444135872	0.00984096007739	0.00132602767145	0	0.0129016654574	0.000283553086976	0	0	0	1.66795933515e-05	0	0	0	0.000283553086976	0	0	0	0	0	0	0	0.00555430458605	0	0	0	0	0	0	0.00706380778437	0	0	0	0	0	0.013118500171	0.000708882717439	0.00565438214616	0	0	0.00423661671128	0.00352773399385	0	0	0	0	0	0	0	0	0	0	2.50193900273e-05	0	0	0	0	0	0	0	0	0
0.00115089194125	0	0.0171716413554	0	0	0	0	0.0155787401903	0.00301900639662	0	0	0	0	0	0.0109584928319	0	0.00424495650796	0.0189229986573	8.33979667576e-06	2.50193900273e-05	0	0.0480622482424	0.0035444135872	0.109626627303	0.000300232680327	0	0.00747245782148	0.019239910931	0.005812838283	0.00373622891074	0.0232346735387	0.000108417356785	0	3.3359186703e-05	0.0085316119993	0	0	0	0	0	0	0	0	0	0	0	0	0	0	0	0	0.0148114788961	0.000400310240436	0	3.3359186703e-05	0	0.00130100828142	0.0167212923349	0.00531245048246	0.0038863452509	0	0	0.000925717431009	0.00585453726638	0	0	0	0	0	0	0.0111753275455	0.00105915417782	0.0124096174535	0.00937393146355	0.00335259826365	0.000892358244306	0	0.00216000733902	1.66795933515e-05	0	4.16989833788e-05	1.66795933515e-05	0	0
5.83785767303e-05	0.00261869615619	0	0	0.00960744577047	0	0.0010674939745	8.33979667576e-05	0.00156788177504	0.0175052332224	0.000291892883651	0.000175135730191	0.00345267582376	0.000258533696948	0.00120927051798	0.0008256398709	0.00894026203641	0	1.66795933515e-05	0.000416989833788	0.00236850225592	0.00125930929804	0.00984096007739	0.000300232680327	0.0608221371563	0.000358611257058	0.000433669427139	0.00281885127641	0.0227176061448	0.00728898229461	0.000950736821036	0	3.3359186703e-05	0.00391970443761	0.0057794790963	0	0.000108417356785	0	0	0.00512063515891	7.50581700818e-05	0.000416989833788	8.33979667576e-06	5.00387800545e-05	0.0214332774567	0.00943231004028	1.66795933515e-05	0.00335259826365	0	0	0.000125096950136	0.000300232680327	0	8.33979667576e-06	3.3359186703e-05	0.00552928519603	0	0.00447847081488	0	0.0252112053508	0	8.33979667576e-06	0.000125096950136	0.0140608971953	0	0	0	0	0	8.33979667576e-06	0.00282719107308	0.000467028613842	0.0030273461933	0.000959076617712	0.00209328896562	3.3359186703e-05	0	4.16989833788e-05	1.66795933515e-05	5.83785767303e-05	0	5.00387800545e-05	0	0
0	0.00289390944649	0	0	0	0	0	0	0	0.00088401844763	0	0	0	0.00788110785859	0	0	0	0	0	0	0	0	0.00132602767145	0	0.000358611257058	0.014069236992	2.50193900273e-05	0.011625676566	0	0	0	8.33979667576e-06	0	0	8.33979667576e-06	0	0.0016846389285	0	0	0	0	0	0	0	8.33979667576e-06	0	0.00135104706147	0	0.000633824547358	0	0	0	0	1.66795933515e-05	0	0	0	8.33979667576e-06	0	8.33979667576e-06	0.00190147364207	0.00320248192349	0.00256865737613	0	0	0	0	0	0	0	0	8.33979667576e-05	0	0	0	0	0.000308572477003	0	0.00149282360496	1.66795933515e-05	0	0	0	0.000450349020491
4.16989833788e-05	0.0025102787994	0.0147864595061	0	5.00387800545e-05	0	0.000458688817167	3.3359186703e-05	0.000592125563979	0	0.000150116340164	0.00848157321924	0.00395306362431	0.00389468504758	0.00539584844921	0	0	0.0265872718023	0.00434503406807	0.0197319589348	0.00369452992736	0.000442009223815	0	0.00747245782148	0.000433669427139	2.50193900273e-05	0.106040514732	0.0313075967208	0.000533746987248	0.00933223248017	0.00306070538	0.00180973587864	0.000900698040982	0.000166795933515	0.0131101603743	0	0.00325252070355	0	0	0	0	0	0	0	0	3.3359186703e-05	0.000658843937385	8.33979667576e-05	0	0	0	8.33979667576e-06	0.00319414212681	0.00148448380828	0.00969918353391	0	3.3359186703e-05	0	2.50193900273e-05	0.000508727597221	0	0.0082897578957	0.0130601215942	0.000642164344033	0	0	0	0	0	0	0.0063299056769	0.00543754743259	0.00125930929804	0.000400310240436	1.66795933515e-05	0	0	0.000316912273679	0.00468696573178	8.33979667576e-05	3.3359186703e-05	8.33979667576e-06	0	0
0	0.0258283503048	0.0199237742584	0	0	0	0	0	0	0.00206826957559	0	0	0	0.00914875695331	2.50193900273e-05	0	0.00286889005646	0.00575445970627	4.16989833788e-05	0.000116757153461	0	0.000266873493624	0.0129016654574	0.019239910931	0.00281885127641	0.011625676566	0.0313075967208	0.135621773541	0.000141776543488	2.50193900273e-05	0.000141776543488	0.00253529818943	0	2.50193900273e-05	0.00102579499112	0	0.0201823079553	0	0	0	0	0	0	0	8.33979667576e-06	0	0.00152618279166	0	0.000183475526867	0	0	0.0224674122445	0.00021683471357	0.00122595011134	0.00261869615619	0	0.000425329630464	0.0270459606195	0.00552094539935	0.000325252070355	0.00147614401161	0.00867338854279	0.0456103480197	3.3359186703e-05	0	0	0	0	0	0	0.010107833571	0.00169297872518	0.00474534430851	0.00250193900273	0	0	0	0.000892358244306	0.00173467770856	1.66795933515e-05	0.000133436746812	0	0	6.67183734061e-05
0.000300232680327	0	3.3359186703e-05	0	0.00564604234949	0	0.00222672571243	0.0143361104856	0.00349437480714	0.0052624117024	0.00428665549134	0.000241854103597	0.000433669427139	0	0.00365283094398	0.000150116340164	0.00154286238502	0.00021683471357	0.000125096950136	0.000300232680327	0.00487044125864	0.0127932481006	0.000283553086976	0.005812838283	0.0227176061448	0	0.000533746987248	0.000141776543488	0.0775767886779	0.0149198962529	0.0210830059963	3.3359186703e-05	0	0.0142026737388	0.0131018205776	0	0	0	0	0.00331923907695	4.16989833788e-05	0.000125096950136	0.000400310240436	6.67183734061e-05	0.0130768011876	0.00686365266415	8.33979667576e-06	0.000575445970627	0	0	7.50581700818e-05	0	0	8.33979667576e-06	3.3359186703e-05	0.00254363798611	0	0.000133436746812	0	0.0216918111536	0	0	8.33979667576e-06	0.0163209820945	0	0	0	0	0	0	0.00445345142485	0.000808960277548	0.0096658243472	0.00341097684038	0.00122595011134	0.000116757153461	0	0.000100077560109	2.50193900273e-05	5.00387800545e-05	0	6.67183734061e-05	0	0
0.00389468504758	0	0.000900698040982	0	0.000858999057603	0.000425329630464	0.00603801279325	0.00934057227685	0.0044034126448	0	0.00151784299499	0.00975756211064	0.0151200513731	0.00226008489913	0.0305736946133	0.00107583377117	0.000650504140709	0.00308572477003	0.00203491038888	0.0082897578957	0.0126014327771	0.00203491038888	0	0.00373622891074	0.00728898229461	0	0.00933223248017	2.50193900273e-05	0.0149198962529	0.0721309014486	0.0264371554621	0.000316912273679	0.00268541452959	0.015587079987	0.0278882800837	0	0	0	0	0	0	8.33979667576e-06	5.00387800545e-05	8.33979667576e-06	3.3359186703e-05	6.67183734061e-05	0	0.000308572477003	0	0	0	0	8.33979667576e-06	0	8.33979667576e-06	0	0	0	0	0.000792280684197	0	0	0	0.000783940887521	0	0	0	0	0	8.33979667576e-06	0.00533746987248	0.000533746987248	0.0105998815749	0.00328587989025	0.0002752132903	7.50581700818e-05	3.3359186703e-05	0.0002752132903	0	6.67183734061e-05	1.66795933515e-05	0.000183475526867	0	0
0.005195693329	0	0.00351105440049	0	0	0	4.16989833788e-05	0.0183141935	0.0014094256382	0	0	0	0	0	0.0210246274196	0	0.000758921497494	0.0113754826657	3.3359186703e-05	1.66795933515e-05	0	0.0238601582893	0	0.0232346735387	0.000950736821036	0	0.00306070538	0.000141776543488	0.0210830059963	0.0264371554621	0.074307588381	3.3359186703e-05	0	0.0151033717798	0.0174301750523	0	0	0	0	0	0	7.50581700818e-05	0	0.000100077560109	0	0	0	0	0	0	0	0	8.33979667576e-06	0	8.33979667576e-06	0	8.33979667576e-06	0	1.66795933515e-05	8.33979667576e-06	0	0	8.33979667576e-06	1.66795933515e-05	0	0	0	0	0	0	0.00286055025978	0.000433669427139	0.0117757929062	0.00306070538	0.000483708207194	0.000141776543488	0	0.000133436746812	8.33979667576e-06	0	8.33979667576e-06	0.000175135730191	0	0
0	0	0	0	0	0	0	0	0	0	0	0.000650504140709	0	0.00316078294011	1.66795933515e-05	0	0	0	0	0	0	0.000108417356785	0	0.000108417356785	0	8.33979667576e-06	0.00180973587864	0.00253529818943	3.3359186703e-05	0.000316912273679	3.3359186703e-05	0.00484542186861	0.000116757153461	3.3359186703e-05	0.000500387800545	0	0	0	0	0	0	0	0	0	0	0	0.000266873493624	0	0	0	0	0	0	0.000208494916894	0	0	0	0	0	0	0	0.00101745519444	0	0	0	0	0	0	0	0	0.00127598889139	0.00157622157172	0.000158456136839	0.000158456136839	0	0	0	0	0.000266873493624	0	0	0	0	0
0	0	0	0	0	0.00193483282878	0.000600465360655	0	0.000567106173951	0.0002752132903	0	0.0010674939745	8.33979667576e-06	0.000650504140709	0.00076726129417	0.000383630647085	0	0	0.0002752132903	0	0	0	1.66795933515e-05	0	3.3359186703e-05	0	0.000900698040982	0	0	0.00268541452959	0	0.000116757153461	0.00562102295946	0	0.00274379310632	0	0	0	0	0	0	0	0	0	1.66795933515e-05	0	0	0	0	0	0	0	0	0	0	0	0	0	0	1.66795933515e-05	0	0	0	0	0	0	0	0	0	0	0.000650504140709	4.16989833788e-05	0.000433669427139	0.000258533696948	0.000800620480873	0.00021683471357	0	0	0	0	0	0	0	0
0.000191815323542	0	0	0	0.000283553086976	0	2.50193900273e-05	0.00768929253505	5.83785767303e-05	0	2.50193900273e-05	8.33979667576e-06	0	0	0.000750581700818	0	0	0	3.3359186703e-05	5.83785767303e-05	0.000158456136839	0.000166795933515	0	3.3359186703e-05	0.00391970443761	0	0.000166795933515	2.50193900273e-05	0.0142026737388	0.015587079987	0.0151033717798	3.3359186703e-05	0	0.0208828508761	0.00949902841369	0	0	0	0	0	0	8.33979667576e-05	0	0.000108417356785	0	0	0	0	0	0	0	0	0	0	0	0	0	0	0	1.66795933515e-05	0	0	0	1.66795933515e-05	0	0	0	0	0	0	0.00170131852185	0.000316912273679	0.0084982528126	0.00294394822654	0.000400310240436	5.00387800545e-05	0	7.50581700818e-05	8.33979667576e-06	0	0	0.000233514306921	0	0
1.66795933515e-05	0	0.000567106173951	0	0.000525407190573	0.000725562310791	0.00132602767145	0.000567106173951	0.000575445970627	0	0.00111753275455	0.0121761031466	0.00781438948518	0.00296896761657	0.00768929253505	0	0.00154286238502	0.0085316119993	0.00207660937226	0.0164627586379	0.00732234148131	0.00763925375499	0	0.0085316119993	0.0057794790963	8.33979667576e-06	0.0131101603743	0.00102579499112	0.0131018205776	0.0278882800837	0.0174301750523	0.000500387800545	0.00274379310632	0.00949902841369	0.0671353632398	0	0	0	0	0	0	8.33979667576e-05	5.83785767303e-05	0.000108417356785	0	6.67183734061e-05	0	0.000116757153461	0	0	0	0.000166795933515	0.00049204800387	0	0.000425329630464	0	0.000391970443761	0	0.000867338854279	0.0008256398709	0	0	0.000667183734061	0.00125930929804	0	0	0	0	0	0	0.00986597946742	0.00229344408583	0.0264037962754	0.011959268433	0.00246857981602	0.00103413478779	5.00387800545e-05	0.00111753275455	4.16989833788e-05	6.67183734061e-05	0.000400310240436	0.0002752132903	0	0
0	0	0	0	0	0	0	0	0	0	0	0	0	0	0	0	0	0	0	0	0	0	0	0	0	0	0	0	0	0	0	0	0	0	0	0.0146697023527	0	0	0	0	0	0.00114255214458	0.0117174143294	0.00254363798611	0	0.00177637669194	0	0	0	0.00882350488295	0	0	0	0	0	0	0.0022017063224	0	0.00289390944649	0	0	0	0	0.000241854103597	0.00603801279325	0.00152618279166	0	0	0	0	0	0	0	0	0	0	0	8.33979667576e-06	0	0	0	0	0	0
0	0.0145195860125	0	0	0	0	0	0	0	0	0	0	0	5.83785767303e-05	0	0	5.00387800545e-05	0.000166795933515	0	0	0	0	0.000283553086976	0	0.000108417356785	0.0016846389285	0.00325252070355	0.0201823079553	0	0	0	0	0	0	0	0	0.0316912273679	0	0	0	0	0	0	0	0.00191815323542	0	8.33979667576e-06	0	0.000208494916894	0	0	0.000675523530736	0	8.33979667576e-06	0	0	0	0.00780604968851	0	0.0030273461933	0.00452016979826	0.00129266848474	0.0288723760915	0.000617144954006	0	0	0	0	0	0	0	0	0	0	0	0	0	0	2.50193900273e-05	0	0	0	0	2.50193900273e-05
0	0	0	0	0	0	0	0	0	0	0	0	0	0	0	0	0	0	0	0	0	0	0	0	0	0	0	0	0	0	0	0	0	0	0	0	0	0.0177053883426	0	0	0	0	0	0	0	0	0	0	0	0	0	0	0.0018931338454	0	8.33979667576e-06	0	0.000833979667576	0	0.00910705796993	0	0	0.00586287706306	0.00773099151843	0.000300232680327	0	0	0	0	0	0	0	0	0	0	0	0	0	0	0	0	0	0	0	0
0	0	0	0	0	0	0	0	0	0	0	0	0	0	0	0	0	0	0	0	0	0	0	0	0	0	0	0	0	0	0	0	0	0	0	0	0	0	0	0	0	0	0	0	0	0	0	0	0	0	0	0	0	0	0	0	0	0	0	0	0	0	0	0	0	0	0	0	0	0	0	0	0	0	0	0	0	0	0	0	0	0	0	0
0	0	0	0	0.00116757153461	0	0	0	0	0.00281051147973	0	0	8.33979667576e-06	0	0	0	0	0	0	0	8.33979667576e-06	0	0	0	0.00512063515891	0	0	0	0.00331923907695	0	0	0	0	0	0	0	0	0	0	0.0124679960303	0.000133436746812	0.000483708207194	8.33979667576e-06	5.00387800545e-05	0.00850659260927	0.00341931663706	0	0.00130100828142	0	5.83785767303e-05	0.000542086783924	0	0	0	0	0.00294394822654	0	0	0	0.00958242638044	0	0	0	0.00423661671128	0.000283553086976	0	0	0	0	0	0	0	0	0	0	0	0	0	0	8.33979667576e-06	0	0	0	0
0	0	0	0	2.50193900273e-05	0	0	0	0	0	0	0	0	0	0	0	0	0	0	0	0	0	0	0	7.50581700818e-05	0	0	0	4.16989833788e-05	0	0	0	0	0	0	0	0	0	0	0.000133436746812	0.002443560426	0.00139274604485	0	8.33979667576e-06	0.000475368410518	8.33979667576e-05	0	0.000391970443761	0	0	0.00190147364207	0	0	0	0	0.000208494916894	0	0	0	0.000183475526867	0	0	0	2.50193900273e-05	0	0	0	0	0	0	0	0	0	0	0	0	0	1.66795933515e-05	0	0	0	0.000166795933515	0.000225174510245	0
0	0	0	0	0.000266873493624	0	0	0	0	8.33979667576e-06	0	0	8.33979667576e-06	0	0	0	0	0	0	0	1.66795933515e-05	0	0	0	0.000416989833788	0	0	0	0.000125096950136	8.33979667576e-06	7.50581700818e-05	0	0	8.33979667576e-05	8.33979667576e-05	0.00114255214458	0	0	0	0.000483708207194	0.00139274604485	0.0355775726188	0.00454518918829	0.0182474751266	0.00266873493624	0.0124679960303	0.00265205534289	0.00909037837658	0	0.00100911539777	0.00408650037112	0	8.33979667576e-06	0.00088401844763	0.00173467770856	0.00350271460382	0	0	0	0.00123428990801	0	0.0002752132903	0	8.33979667576e-05	0.000692203124088	0	0	8.33979667576e-06	1.66795933515e-05	0.00127598889139	8.33979667576e-05	0	7.50581700818e-05	0	0	0	0	0.00190147364207	8.33979667576e-06	0.00390302484425	0.000158456136839	0.00436171366142	0.00226842469581	4.16989833788e-05
0	0	0	0	0	0	0	0	0	0	0	0	0	0	0	0	0	0	0	0	0	0	0	0	8.33979667576e-06	0	0	0	0.000400310240436	5.00387800545e-05	0	0	0	0	5.83785767303e-05	0.0117174143294	0	0	0	8.33979667576e-06	0	0.00454518918829	0.0757670527993	0.0102329305212	0	0.011033551002	5.00387800545e-05	0	0	0.0257282727447	0.000108417356785	5.00387800545e-05	1.66795933515e-05	0	3.3359186703e-05	8.33979667576e-06	0.0130184226109	0	0.0116089969727	0.00122595011134	0	4.16989833788e-05	6.67183734061e-05	0.0249693512472	0.00761423436497	0.0087734661029	0	0	0.00171799811521	0.00129266848474	8.33979667576e-06	0	0	0	0	0	0	0.0030273461933	0.000116757153461	0.00165961953848	0.000250193900273	8.33979667576e-06	0	0
0	0	0	0	8.33979667576e-06	0	0	0	0	0	0	0	0	0	0	0	0	0	0	0	0	0	0	0	5.00387800545e-05	0	0	0	6.67183734061e-05	8.33979667576e-06	0.000100077560109	0	0	0.000108417356785	0.000108417356785	0.00254363798611	0	0	0	5.00387800545e-05	8.33979667576e-06	0.0182474751266	0.0102329305212	0.0330339346327	5.00387800545e-05	0.0131852185444	0.00268541452959	0.00364449114731	0	0.00652172100044	0.000692203124088	0	8.33979667576e-06	0.000683863327412	0.000733902107467	0.0019264930321	0.000341931663706	0	0.000742241904142	8.33979667576e-06	0	0.000467028613842	0	0.000900698040982	0.00105915417782	0.000158456136839	0	0.000250193900273	2.50193900273e-05	0.00210996855897	0.000108417356785	0	0.000100077560109	0	8.33979667576e-06	0	0	0.00115089194125	8.33979667576e-06	0.00359445236725	9.17377634333e-05	0.0019598522188	0.00159290116507	0.000141776543488
0	0	0	0	0.00331089928028	0	7.50581700818e-05	0	2.50193900273e-05	0.0148281584895	0	0	0.000316912273679	0	4.16989833788e-05	7.50581700818e-05	0.00188479404872	0	0	0	0.000191815323542	3.3359186703e-05	0.00555430458605	0	0.0214332774567	8.33979667576e-06	0	8.33979667576e-06	0.0130768011876	3.3359186703e-05	0	0	1.66795933515e-05	0	0	0	0.00191815323542	0	0	0.00850659260927	0.000475368410518	0.00266873493624	0	5.00387800545e-05	0.0459939786668	0.00284387066643	0	0.00604635258992	0	0	0.00286889005646	0.000191815323542	0	0	0	0.00434503406807	0	0.00848157321924	0	0.0386049188121	0.000225174510245	0	0.00174301750523	0.0153619054767	0	0	0	0	0	0	0.000233514306921	0	0	0	0.000442009223815	0	0	4.16989833788e-05	0	0	0	5.00387800545e-05	8.33979667576e-06	0
0	0	0	0	0.00236850225592	0	8.33979667576e-06	0	0	0.00060880515733	8.33979667576e-06	4.16989833788e-05	8.33979667576e-05	0	0	0	0	0	8.33979667576e-06	2.50193900273e-05	0.000200155120218	0	0	0	0.00943231004028	0	3.3359186703e-05	0	0.00686365266415	6.67183734061e-05	0	0	0	0	6.67183734061e-05	0.00177637669194	0	0	0	0.00341931663706	8.33979667576e-05	0.0124679960303	0.011033551002	0.0131852185444	0.00284387066643	0.0517150791864	0.0025102787994	0.00451183000158	0	0.00431167488137	0.000150116340164	2.50193900273e-05	0.000783940887521	0.000717222514115	0.00346101562044	0.00669685673063	0	0	8.33979667576e-06	0.00889022325636	0	0.000175135730191	2.50193900273e-05	0.00992435804415	0.00575445970627	0	0	0	0.00049204800387	0.00100077560109	8.33979667576e-06	0	0	0	2.50193900273e-05	0	0	0.00246857981602	3.3359186703e-05	0.00557932397608	2.50193900273e-05	0	0.000283553086976	0
0	0	0	0	0	0	0	0	0	0	0	0	0	0.00253529818943	0	0	0	2.50193900273e-05	0.000183475526867	1.66795933515e-05	0	0	0	0	1.66795933515e-05	0.00135104706147	0.000658843937385	0.00152618279166	8.33979667576e-06	0	0	0.000266873493624	0	0	0	0	8.33979667576e-06	0	0	0	0	0.00265205534289	5.00387800545e-05	0.00268541452959	0	0.0025102787994	0.0319831202515	0.00184309506534	0.00336927785701	0.000867338854279	0	8.33979667576e-05	0.000458688817167	0.00669685673063	0.00846489362589	0.00176803689526	7.50581700818e-05	0	3.3359186703e-05	1.66795933515e-05	0.000842319464251	0.00373622891074	0.00100911539777	0.000125096950136	0.000350271460382	0	0.000375290850409	0.000433669427139	0	0.00502055759881	5.00387800545e-05	6.67183734061e-05	0	0	0	0	1.66795933515e-05	0.00256031757946	0.00593793523314	0.0142276931288	0.000291892883651	0	0.00033359186703	0.00353607379052
0	0	0	0	0.00228510428916	0	3.3359186703e-05	0	5.00387800545e-05	0.000450349020491	0	5.00387800545e-05	0.000467028613842	0	0.000225174510245	0	0	0	0	9.17377634333e-05	0.000425329630464	0	0	0	0.00335259826365	0	8.33979667576e-05	0	0.000575445970627	0.000308572477003	0	0	0	0	0.000116757153461	0	0	0	0	0.00130100828142	0.000391970443761	0.00909037837658	0	0.00364449114731	0.00604635258992	0.00451183000158	0.00184309506534	0.0202240069387	0	0.000183475526867	0.00253529818943	0	0.000375290850409	0.0008256398709	0.00242688083265	0.00859833037271	0	0	0	0.00279383188638	0	4.16989833788e-05	0	0.000617144954006	0.000358611257058	0	0	0	0	0.000567106173951	0	0	5.83785767303e-05	0	4.16989833788e-05	0	0	4.16989833788e-05	0	0.00353607379052	0	6.67183734061e-05	0.000250193900273	0
0	8.33979667576e-06	0	0	0	0	0	0	0	0	0	0	0	0.000708882717439	0	0	0	0	0	0	0	0	0	0	0	0.000633824547358	0	0.000183475526867	0	0	0	0	0	0	0	0	0.000208494916894	0	0	0	0	0	0	0	0	0	0.00336927785701	0	0.00591291584311	0	0	0	0	0	0	0	0	0	0	0	0.00160958075842	0.00112587255123	0.00121761031466	0	0	0	0.000175135730191	0	0	0.000225174510245	0	8.33979667576e-06	0	0	0	0	1.66795933515e-05	0	0.000858999057603	8.33979667576e-05	0	0	0	0.00234348286589
0	0	0	0	0	0	0	0	0	0	0	0	0	0	0	0	0	0	0	0	0	0	0	0	0	0	0	0	0	0	0	0	0	0	0	0.00882350488295	0	0	0	5.83785767303e-05	0	0.00100911539777	0.0257282727447	0.00652172100044	0	0.00431167488137	0.000867338854279	0.000183475526867	0	0.0361780379794	0	0	0.000658843937385	1.66795933515e-05	0.000975756211064	0.000308572477003	0.00477036369853	0	0.00551260560268	0	0	5.83785767303e-05	0	0.00185143486202	0.0065717597805	0.00109251336452	0	0	8.33979667576e-06	0.000992435804415	0	0	0	0	0	0	0	0.00033359186703	0	0.00162626035177	8.33979667576e-06	0	0	0
0	0	0	0	4.16989833788e-05	0	0	0	0	8.33979667576e-06	0	0	0	0	0	0	0	0	0	0	0	0	0	0	0.000125096950136	0	0	0	7.50581700818e-05	0	0	0	0	0	0	0	0	0	0	0.000542086783924	0.00190147364207	0.00408650037112	0.000108417356785	0.000692203124088	0.00286889005646	0.000150116340164	0	0.00253529818943	0	0	0.00621314852344	0	0	0	0	0.000617144954006	0	0	0	0.00138440624818	0	0	0	0.000100077560109	0	0	0	0	0	0	0	0	0	0	0	0	0	0.000141776543488	0	0	0	0.000717222514115	2.50193900273e-05	0
0	0.000158456136839	0.00723894351456	0	0	0	0	0	0	0	0	0	0	0	0	0	0.0040948401678	2.50193900273e-05	0	0	0	0.00286055025978	0.00706380778437	0.0148114788961	0.000300232680327	0	8.33979667576e-06	0.0224674122445	0	0	0	0	0	0	0.000166795933515	0	0.000675523530736	0	0	0	0	0	5.00387800545e-05	0	0.000191815323542	2.50193900273e-05	8.33979667576e-05	0	0	0	0	0.0474451032884	5.83785767303e-05	2.50193900273e-05	0.000150116340164	0	0.000858999057603	0.0332424295496	0.00597963421652	0.00955740699042	0	4.16989833788e-05	0.012576413387	0.00640496384698	0	0	0	0	0	0	3.3359186703e-05	0.00021683471357	0.000366951053733	0.000316912273679	0.000100077560109	0	0	0.00676357510404	0.00402812179439	0.000166795933515	0.000266873493624	1.66795933515e-05	0	0
0	0	0.000208494916894	0	0	0	0	0	0	0	0	0	0	0	1.66795933515e-05	0	0	0.0032692002969	0	0.00228510428916	0	8.33979667576e-06	0	0.000400310240436	0	0	0.00319414212681	0.00021683471357	0	8.33979667576e-06	8.33979667576e-06	0	0	0	0.00049204800387	0	0	0.0018931338454	0	0	0	8.33979667576e-06	1.66795933515e-05	8.33979667576e-06	0	0.000783940887521	0.000458688817167	0.000375290850409	0	0.000658843937385	0	5.83785767303e-05	0.0289974730416	0.000200155120218	0.0107416581184	0.000583785767303	0.000266873493624	0	0.0033025594836	8.33979667576e-06	0	0.00390302484425	0.00789778745194	0.000542086783924	0.000992435804415	0	0	0	0	0.00497885861543	0	9.17377634333e-05	0.000875678650954	0.000675523530736	0.000350271460382	0	0	0.00248525940938	0.00321082172017	0.00860667016938	0.000967416414388	0	0	0
0	0	0	0	0	0	0	0	0	0	0	0	0	0.00105915417782	0	0	0	8.33979667576e-06	0.000408650037112	8.33979667576e-06	0	0	0	0	8.33979667576e-06	1.66795933515e-05	0.00148448380828	0.00122595011134	8.33979667576e-06	0	0	0.000208494916894	0	0	0	0	8.33979667576e-06	0	0	0	0	0.00088401844763	0	0.000683863327412	0	0.000717222514115	0.00669685673063	0.0008256398709	0	1.66795933515e-05	0	2.50193900273e-05	0.000200155120218	0.00906535898655	0.00322750131352	0.000842319464251	4.16989833788e-05	0	2.50193900273e-05	8.33979667576e-06	8.33979667576e-06	0.00114255214458	0.0002752132903	5.00387800545e-05	0	0	0	0	0	0.000258533696948	1.66795933515e-05	0	0	0	0	0	0	0.000842319464251	0.00184309506534	0.00296062781989	9.17377634333e-05	0	0	0
0	0	0.000141776543488	0	1.66795933515e-05	0	0	0	0	0	0	0	0	9.17377634333e-05	8.33979667576e-06	0	0	0.00331089928028	0.000200155120218	0.0027187737163	0	8.33979667576e-06	0	3.3359186703e-05	3.3359186703e-05	0	0.00969918353391	0.00261869615619	3.3359186703e-05	8.33979667576e-06	8.33979667576e-06	0	0	0	0.000425329630464	0	0	8.33979667576e-06	0	0	0	0.00173467770856	3.3359186703e-05	0.000733902107467	0	0.00346101562044	0.00846489362589	0.00242688083265	0	0.000975756211064	0	0.000150116340164	0.0107416581184	0.00322750131352	0.0441008448214	0.00286889005646	0.000125096950136	0	0.00021683471357	5.83785767303e-05	0	0.00847323342257	0.00253529818943	0.000583785767303	0.00145112462158	0	0	0	0	0.00232680327254	8.33979667576e-06	0.000308572477003	0.000458688817167	0.000416989833788	1.66795933515e-05	0	0	0.00606303218328	0.0130601215942	0.0130517817976	0.00135104706147	0	0	0
0	0	0	0	0.00236016245924	0	0	0	0	0.000458688817167	0	0	4.16989833788e-05	0	0	0	0	0	0	0	0.000116757153461	0	0	0	0.00552928519603	0	0	0	0.00254363798611	0	0	0	0	0	0	0	0	0	0	0.00294394822654	0.000208494916894	0.00350271460382	8.33979667576e-06	0.0019264930321	0.00434503406807	0.00669685673063	0.00176803689526	0.00859833037271	0	0.000308572477003	0.000617144954006	0	0.000583785767303	0.000842319464251	0.00286889005646	0.0166212147748	0	0	0	0.00399476260769	0	6.67183734061e-05	0	0.00197653181215	0.000917377634333	0	0	0	0	0.000567106173951	8.33979667576e-06	0	0	0	3.3359186703e-05	0	0	0.000358611257058	0	0.00372788911406	0	1.66795933515e-05	0.000133436746812	0
0	0	0.000316912273679	0	0	0	0	0	0	0	0	0	0	0	8.33979667576e-06	0	0	4.16989833788e-05	0	8.33979667576e-06	0	8.33979667576e-06	0	0.00130100828142	0	0	3.3359186703e-05	0.000425329630464	0	0	8.33979667576e-06	0	0	0	0.000391970443761	0.0022017063224	0	0.000833979667576	0	0	0	0	0.0130184226109	0.000341931663706	0	0	7.50581700818e-05	0	0	0.00477036369853	0	0.000858999057603	0.000266873493624	4.16989833788e-05	0.000125096950136	0	0.0510145362656	8.33979667576e-06	0.0270292810261	0	0	0.000150116340164	0.000416989833788	0.0159039922607	0.0013760664515	0.0147947993028	0	0	0.000283553086976	0.00175969709858	2.50193900273e-05	0	0.0014094256382	0.000808960277548	0.000408650037112	0	0	0.00356943297722	0.000542086783924	0.00421993711793	0.0011008531612	0	0	0
0	0.00410317996447	0.00727230270126	0	0	0	0	0	0	0.00173467770856	0	0	0	0	0	0	0.00894026203641	0	0	0	0	0.00548758621265	0.013118500171	0.0167212923349	0.00447847081488	8.33979667576e-06	0	0.0270459606195	0.000133436746812	0	0	0	0	0	0	0	0.00780604968851	0	0	0	0	0	0	0	0.00848157321924	0	0	0	0	0	0	0.0332424295496	0	0	0	0	8.33979667576e-06	0.0588622849375	0.00439507284812	0.0169965056252	0.000233514306921	0	0.0177387475293	0.0112003469355	0	0	0	0	0	0	0	0.000316912273679	0	0	0	0	0	8.33979667576e-06	8.33979667576e-06	0	0	0	0	0
0	0	0.0014094256382	0	0	0	0	0	0	0	0	0	0	0	1.66795933515e-05	0	0	9.17377634333e-05	0	0	0	8.33979667576e-06	0.000708882717439	0.00531245048246	0	0	2.50193900273e-05	0.00552094539935	0	0	1.66795933515e-05	0	0	0	0.000867338854279	0.00289390944649	0	0.00910705796993	0	0	0	0	0.0116089969727	0.000742241904142	0	8.33979667576e-06	3.3359186703e-05	0	0	0.00551260560268	0	0.00597963421652	0.0033025594836	2.50193900273e-05	0.00021683471357	0	0.0270292810261	0.00439507284812	0.0703044859766	0	0	0.000992435804415	0.00901532020649	0.00610473116665	0.00158456136839	0.0052290525157	0	0	0.000358611257058	0.00246857981602	0.000191815323542	2.50193900273e-05	0.00264371554621	0.00151784299499	0.000992435804415	0	0	0.0107333183217	0.00351105440049	0.00470364532513	0.000467028613842	8.33979667576e-06	0	0
0	0	8.33979667576e-06	0	0.00226842469581	0	2.50193900273e-05	0	1.66795933515e-05	0.014377809469	8.33979667576e-06	0.000250193900273	5.83785767303e-05	0	8.33979667576e-06	1.66795933515e-05	0.00370286972404	2.50193900273e-05	4.16989833788e-05	0.000450349020491	0.000166795933515	0.00321082172017	0.00565438214616	0.0038863452509	0.0252112053508	8.33979667576e-06	0.000508727597221	0.000325252070355	0.0216918111536	0.000792280684197	8.33979667576e-06	0	1.66795933515e-05	1.66795933515e-05	0.0008256398709	0	0.0030273461933	0	0	0.00958242638044	0.000183475526867	0.00123428990801	0.00122595011134	8.33979667576e-06	0.0386049188121	0.00889022325636	1.66795933515e-05	0.00279383188638	0	0	0.00138440624818	0.00955740699042	8.33979667576e-06	8.33979667576e-06	5.83785767303e-05	0.00399476260769	0	0.0169965056252	0	0.0751999466253	0.000208494916894	8.33979667576e-06	0.00228510428916	0.0361279991994	0	0	0	0	0	1.66795933515e-05	4.16989833788e-05	0.000191815323542	1.66795933515e-05	8.33979667576e-06	3.3359186703e-05	0	0	0.00649670161041	0.00116757153461	0.000108417356785	0	1.66795933515e-05	8.33979667576e-06	0
