0.0191274520608	0	4.13268679744e-05	0	0.000168751377562	1.37756226581e-05	0.00214210932334	0.0063608937624	0.00550336125193	0.000179083094556	0.0012432499449	3.44390566454e-06	0.000564800528984	3.44390566454e-06	0.00785899272647	2.75512453163e-05	4.4770773639e-05	3.78829623099e-05	0	6.88781132907e-06	0.000306507604144	0.000389161340093	5.85463962971e-05	0.000402936962751	0.000578576151642	0	1.03317169936e-05	3.09951509808e-05	0.00150154286974	0.00762825104695	0.0051176438175	0	1.72195283227e-05	0.00108138637866	0.00171162111527	6.88781132907e-06	0	0	0	3.44390566454e-06	0	0	3.44390566454e-06	0	7.23220189553e-05	0	0	1.37756226581e-05	0	3.44390566454e-06	0	3.44390566454e-06	0	0	0	3.44390566454e-06	0	3.09951509808e-05	6.88781132907e-06	5.1658584968e-05	0	0	3.44390566454e-06	1.03317169936e-05	3.44390566454e-06	0	0	0	0	3.44390566454e-06	0.000316839321137	3.78829623099e-05	0.00066811769892	0.000192858717214	1.72195283227e-05	2.75512453163e-05	3.44390566454e-06	3.44390566454e-06	0	0	0	3.44390566454e-06	0	0
0	0.0105245757108	0.00120536698259	0	0	0	0	3.44390566454e-06	0	2.75512453163e-05	0	0.000299619792815	0	0.000117092792594	3.44390566454e-06	0	7.92098302843e-05	0.00074388362354	5.51024906326e-05	0.000533805378003	0	7.92098302843e-05	0.000891971567115	0.000495922415693	1.72195283227e-05	0.00198024575711	0.00317183711704	0.00630579127177	3.09951509808e-05	3.44390566454e-06	2.41073396518e-05	0	0	3.44390566454e-06	0.000430488208067	0	0.00246928036147	0.000130868415252	0	0	0	6.88781132907e-06	3.44390566454e-06	6.88781132907e-06	6.88781132907e-06	0	0.00015153184924	0	6.88781132907e-05	3.44390566454e-06	3.44390566454e-06	3.78829623099e-05	0.000110204981265	1.37756226581e-05	0.000120536698259	0	2.75512453163e-05	0.000351278377783	0.000137756226581	3.44390566454e-06	0.000358166189112	0.0005923517743	0.00106072294468	1.37756226581e-05	3.44390566454e-06	3.44390566454e-06	0	0	0	0.000148087943575	0.000106761075601	0.000444263830725	0.000306507604144	9.98732642715e-05	0	0	3.44390566454e-06	5.51024906326e-05	0.000227297773859	0.000148087943575	2.41073396518e-05	3.44390566454e-06	3.44390566454e-06	0
4.13268679744e-05	0.00120536698259	0.0352828135332	0	1.03317169936e-05	0	1.72195283227e-05	0.000127424509588	1.37756226581e-05	0.000110204981265	1.37756226581e-05	0.000148087943575	3.44390566454e-06	3.09951509808e-05	5.1658584968e-05	6.88781132907e-06	0.000950517963412	0.0118642550143	2.06634339872e-05	0.000995288737051	3.44390566454e-06	0.00244517302182	0.00122603041657	0.0154321412828	0.000123980603923	8.26537359489e-05	0.00631612298876	0.0144781794137	0.000354722283447	0.000227297773859	0.00104005951069	0	0	0.000168751377562	0.00436687238263	3.44390566454e-06	0.000609571302623	7.57659246198e-05	0	0	0	3.44390566454e-06	3.44390566454e-06	0	3.44390566454e-05	0	1.03317169936e-05	0	0	0	0	7.57659246198e-05	2.06634339872e-05	3.44390566454e-06	6.88781132907e-06	0	1.72195283227e-05	0.000406380868415	0.000110204981265	2.06634339872e-05	4.4770773639e-05	9.29854529425e-05	0.000378829623099	3.09951509808e-05	3.44390566454e-06	2.06634339872e-05	0	0	0	5.1658584968e-05	0.00208700683271	0.0025243828521	0.00409135992947	0.00194580670046	6.19903019616e-05	3.78829623099e-05	5.51024906326e-05	3.09951509808e-05	5.85463962971e-05	5.51024906326e-05	2.06634339872e-05	1.37756226581e-05	0	0
0	0	0	0	0	0	0	0	0	0	0	0	0	0	0	0	0	0	0	0	0	0	0	0	0	0	0	0	0	0	0	0	0	0	0	0	0	0	0	0	0	0	0	0	0	0	0	0	0	0	0	0	0	0	0	0	0	0	0	0	0	0	0	0	0	0	0	0	0	0	0	0	0	0	0	0	0	0	0	0	0	0	0	0
0.000168751377562	0	1.03317169936e-05	0	0.0170438891338	0	0.000323727132466	0.00192858717214	9.6429358607e-05	0.00130524024686	0.00152909411505	0	0.00267591470134	0	0.00018252700022	1.03317169936e-05	0	3.44390566454e-06	0	0	0.00422567225039	1.37756226581e-05	0	2.41073396518e-05	0.0074870509147	0	0	0	0.00551713687459	0.000213522151201	0.000223853868195	0	0	6.88781132907e-05	8.26537359489e-05	0	0	0	0	0.00107105466167	0	1.37756226581e-05	2.41073396518e-05	0	2.06634339872e-05	0.000385717434428	0	0.000368497906105	0	0	0	3.44390566454e-06	0	0	0	0.00101250826537	0	0	0	4.4770773639e-05	0	0	0	6.54342076262e-05	3.44390566454e-06	0	0	0	0	0	2.06634339872e-05	3.44390566454e-06	2.75512453163e-05	6.88781132907e-06	3.44390566454e-06	3.44390566454e-06	0	0	0	0	0	0	0	0
1.37756226581e-05	0	0	0	0	0.00422911615605	0.00112271324664	6.88781132907e-06	0.00105383513335	0	0	6.88781132907e-06	0	0	0.000313395415473	0.000406380868415	0	0	0	0	0	0	0	3.44390566454e-06	0	0	0	0	3.44390566454e-06	0.00066811769892	3.44390566454e-06	0	0.00201468481375	0	0.000650898170597	0	0	0	0	0	0	0	0	0	0	0	0	0	0	0	0	0	0	0	0	0	0	0	0	0	0	0	0	0	0	0	0	0	0	0	3.44390566454e-06	0	7.57659246198e-05	1.03317169936e-05	0.000740439717875	0.0011261571523	0	0	0	0	0	0	0	0
0.00214210932334	0	1.72195283227e-05	0	0.000323727132466	0.00112271324664	0.0348867643818	0.00222131915363	0.01513252149	8.60976416134e-05	0.00801396848138	2.41073396518e-05	0.00588563478069	6.88781132907e-06	0.00513486334582	0.000127424509588	6.88781132907e-06	1.72195283227e-05	3.44390566454e-06	0	0.00132245977518	5.1658584968e-05	1.03317169936e-05	8.60976416134e-05	0.000313395415473	3.44390566454e-06	1.37756226581e-05	3.44390566454e-06	0.000764547057527	0.0031856127397	0.000606127396958	0	0.00104005951069	0.000282400264492	0.00137756226581	0	0	0	0	0	0	0	3.44390566454e-06	0	3.44390566454e-06	0	0	0	0	0	0	0	0	0	0	0	0	3.44390566454e-06	0	0	3.44390566454e-06	0	0	3.44390566454e-06	0	3.44390566454e-06	0	0	0	0	0.000127424509588	0	0.000571688340313	6.54342076262e-05	6.88781132907e-05	0.00033405884946	0	0	0	0	0	0	0	0
0.0063608937624	3.44390566454e-06	0.000127424509588	0	0.00192858717214	6.88781132907e-06	0.00222131915363	0.0443885001102	0.00245894864448	0.00105039122768	0.00663640621556	3.44390566454e-06	0.00109171809566	0	0.00455628719418	2.06634339872e-05	0.000251405113511	0.00011364888693	0	6.88781132907e-06	0.00133279149218	0.00125358166189	0.000241073396518	0.00128113290721	0.00475947762839	0	1.37756226581e-05	0.000103317169936	0.0188243883624	0.00417056975975	0.0123050749394	0	3.44390566454e-06	0.00155664536037	0.00276545624862	1.72195283227e-05	0	3.44390566454e-06	0	6.88781132907e-05	0	1.03317169936e-05	5.85463962971e-05	1.03317169936e-05	0.000533805378003	1.37756226581e-05	0	2.75512453163e-05	0	1.03317169936e-05	3.44390566454e-06	3.09951509808e-05	0	0	0	0	3.44390566454e-06	6.54342076262e-05	1.37756226581e-05	0.000358166189112	0	0	0	7.23220189553e-05	0	1.37756226581e-05	0	0	0	1.03317169936e-05	0.000575132245978	6.19903019616e-05	0.00088852766145	0.00033405884946	5.51024906326e-05	3.44390566454e-05	6.88781132907e-06	2.06634339872e-05	6.88781132907e-06	3.44390566454e-06	1.03317169936e-05	6.88781132907e-06	3.44390566454e-06	0
0.00550336125193	0	1.37756226581e-05	0	9.6429358607e-05	0.00105383513335	0.01513252149	0.00245894864448	0.0340981099846	7.23220189553e-05	0.00369531077805	3.78829623099e-05	0.00105383513335	1.03317169936e-05	0.0144402964514	6.19903019616e-05	1.37756226581e-05	1.37756226581e-05	6.88781132907e-06	0	0.00033405884946	0.00011364888693	6.88781132907e-06	0.000103317169936	0.000254849019176	3.44390566454e-06	1.03317169936e-05	1.37756226581e-05	0.000551024906326	0.00659852325325	0.00135689883183	0	0.00172539673793	0.000513141944016	0.00229019726692	0	0	0	0	0	0	0	0	0	1.03317169936e-05	0	0	6.88781132907e-06	0	0	0	0	0	0	0	0	0	0	0	1.03317169936e-05	0	0	0	0	0	0	0	0	0	0	0.000230741679524	2.41073396518e-05	0.000788654397179	0.000127424509588	2.75512453163e-05	0.000471815076041	3.44390566454e-06	3.44390566454e-06	0	0	0	0	0	0
0.000179083094556	2.75512453163e-05	0.000110204981265	0	0.00130524024686	0	8.60976416134e-05	0.00105039122768	7.23220189553e-05	0.0146572625083	4.4770773639e-05	3.44390566454e-06	0.00251749504078	0	0.000123980603923	4.82146793035e-05	0.000461483359048	4.4770773639e-05	0	0	0.00115370839762	0.000423600396738	0.00208356292704	0.000619903019616	0.00517274630813	0	3.44390566454e-06	0.000144644037911	0.00199402137977	0.00037194181177	0.000981513114393	0	0	0.000189414811549	0.000740439717875	2.06634339872e-05	1.37756226581e-05	3.44390566454e-06	0	0.000144644037911	0	3.09951509808e-05	0.000203190434208	1.37756226581e-05	0.00190103592682	3.78829623099e-05	0	6.19903019616e-05	0	1.37756226581e-05	3.44390566454e-06	0.000196302622879	3.44390566454e-06	0	0	1.37756226581e-05	3.78829623099e-05	0.000464927264712	2.75512453163e-05	0.00105039122768	0	3.44390566454e-06	1.37756226581e-05	0.000313395415473	3.44390566454e-06	7.23220189553e-05	0	3.44390566454e-06	0	1.72195283227e-05	0.000203190434208	4.82146793035e-05	0.000189414811549	0.000106761075601	0.00037194181177	0	0	4.82146793035e-05	1.72195283227e-05	3.44390566454e-05	1.72195283227e-05	1.72195283227e-05	0	0
0.0012432499449	0	1.37756226581e-05	0	0.00152909411505	0	0.00801396848138	0.00663640621556	0.00369531077805	4.4770773639e-05	0.0277888748071	0	0.00369186687238	0	0.0029032124752	6.88781132907e-06	0	1.03317169936e-05	0	0	0.00441508706194	4.4770773639e-05	6.88781132907e-06	4.4770773639e-05	0.000681893321578	0	3.44390566454e-06	1.03317169936e-05	0.00447363345823	0.000644010359268	0.000423600396738	0	0	0.000161863566233	0.000265180736169	0	0	0	0	0	0	3.44390566454e-06	3.44390566454e-06	3.44390566454e-06	1.37756226581e-05	0	0	0	0	0	0	3.44390566454e-06	0	0	0	0	0	3.44390566454e-06	0	1.37756226581e-05	0	0	0	0	0	0	0	0	0	0	4.4770773639e-05	3.44390566454e-06	0.000103317169936	3.44390566454e-06	3.44390566454e-06	3.44390566454e-06	0	0	0	0	0	0	0	0
3.44390566454e-06	0.000299619792815	0.000148087943575	0	0	6.88781132907e-06	2.41073396518e-05	3.44390566454e-06	3.78829623099e-05	3.44390566454e-06	0	0.0261220244655	0	0.00831703217985	4.82146793035e-05	0	3.44390566454e-06	0.000337502755125	0.00210422636103	0.00467337998678	0	2.75512453163e-05	1.03317169936e-05	0.000130868415252	3.44390566454e-06	0.00245550473881	0.00788998787745	0.00284122217324	6.88781132907e-06	0.00015153184924	2.06634339872e-05	0.000127424509588	1.72195283227e-05	1.03317169936e-05	0.0039811549482	0	0.000110204981265	6.88781132907e-06	0	0	0	0	0	0	0	0	8.26537359489e-05	0	0.00022040996253	0	0	0	0	1.03317169936e-05	1.03317169936e-05	0	3.44390566454e-06	6.88781132907e-06	3.44390566454e-06	0	0.00022040996253	4.13268679744e-05	9.29854529425e-05	0	0	0	6.88781132907e-06	0	0	3.44390566454e-05	0.000117092792594	0.0020491238704	0.0021076702667	0.000213522151201	3.44390566454e-06	2.75512453163e-05	0.000241073396518	3.44390566454e-06	0.000106761075601	1.72195283227e-05	3.44390566454e-06	0	0	3.44390566454e-06
0.000564800528984	0	3.44390566454e-06	0	0.00267591470134	0	0.00588563478069	0.00109171809566	0.00105383513335	0.00251749504078	0.00369186687238	0	0.0270622107119	0	0.000671561604585	0.000389161340093	0	6.88781132907e-06	0	0	0.0113166740137	1.03317169936e-05	0	2.06634339872e-05	0.00078176658585	0	0	3.44390566454e-06	0.000626790830946	0.000406380868415	0.000154975754904	0	0	7.57659246198e-05	0.000137756226581	0	0	0	0	0	0	0	0	0	0	6.88781132907e-06	0	0.000427044302402	0	0	0	0	0	0	0	3.44390566454e-06	0	0	0	0	0	0	0	0	0	0	0	0	0	0	9.6429358607e-05	3.44390566454e-06	4.82146793035e-05	1.03317169936e-05	0.000471815076041	6.88781132907e-06	0	0	0	0	0	0	0	0
3.44390566454e-06	0.000117092792594	3.09951509808e-05	0	0	0	6.88781132907e-06	0	1.03317169936e-05	0	0	0.00831703217985	0	0.0212041271765	6.88781132907e-06	0	0	5.51024906326e-05	0.000433932113732	0.000416712585409	0	3.44390566454e-06	3.44390566454e-06	2.06634339872e-05	0	0.00457695062817	0.00551713687459	0.0054482587613	0	3.09951509808e-05	3.44390566454e-06	0.000657785981926	6.88781132907e-06	3.44390566454e-06	0.000664673793255	0	3.78829623099e-05	0	0	0	0	0	3.44390566454e-06	0	0	0	0.000120536698259	0	0.00103317169936	0	0	0	3.44390566454e-06	6.88781132907e-06	1.37756226581e-05	0	0	0	0	0	0.000179083094556	6.19903019616e-05	8.95415472779e-05	6.88781132907e-06	0	0	4.82146793035e-05	0	0	3.44390566454e-05	6.19903019616e-05	0.000898859378444	0.000664673793255	7.57659246198e-05	3.44390566454e-06	0	0.000513141944016	1.72195283227e-05	0.000127424509588	2.75512453163e-05	3.44390566454e-06	0	3.44390566454e-06	2.75512453163e-05
0.00785899272647	3.44390566454e-06	5.1658584968e-05	0	0.00018252700022	0.000313395415473	0.00513486334582	0.00455628719418	0.0144402964514	0.000123980603923	0.0029032124752	4.82146793035e-05	0.000671561604585	6.88781132907e-06	0.0370564249504	0.000123980603923	3.78829623099e-05	4.4770773639e-05	6.88781132907e-06	1.37756226581e-05	0.000289288075821	0.000223853868195	2.75512453163e-05	0.000278956358827	0.000396049151422	3.44390566454e-06	3.09951509808e-05	1.37756226581e-05	0.00100906435971	0.01780154838	0.00283433436191	0	0.000978069208728	0.0016702942473	0.00421189662773	0	3.44390566454e-06	0	0	3.44390566454e-06	0	0	6.88781132907e-06	0	3.78829623099e-05	0	0	6.88781132907e-06	0	0	0	6.88781132907e-06	0	0	0	0	0	1.72195283227e-05	6.88781132907e-06	3.44390566454e-05	0	0	1.37756226581e-05	3.44390566454e-06	0	3.44390566454e-06	0	0	0	3.44390566454e-06	0.000599239585629	5.85463962971e-05	0.00180805047388	0.000365054000441	4.4770773639e-05	0.000389161340093	3.44390566454e-06	6.88781132907e-06	3.44390566454e-06	0	6.88781132907e-06	0	0	0
2.75512453163e-05	0	6.88781132907e-06	0	1.03317169936e-05	0.000406380868415	0.000127424509588	2.06634339872e-05	6.19903019616e-05	4.82146793035e-05	6.88781132907e-06	0	0.000389161340093	0	0.000123980603923	0.00345423738153	0	3.44390566454e-06	0	0	1.72195283227e-05	1.03317169936e-05	3.44390566454e-06	1.37756226581e-05	1.37756226581e-05	0	0	0	3.44390566454e-06	8.26537359489e-05	2.75512453163e-05	0	6.88781132907e-06	1.72195283227e-05	6.54342076262e-05	0	0	0	0	0	0	0	0	0	3.44390566454e-06	0	0	0	0	0	0	0	0	0	0	0	0	0	0	0	3.44390566454e-06	0	0	0	0	0	0	0	0	0	9.98732642715e-05	1.37756226581e-05	4.4770773639e-05	3.78829623099e-05	0.00249338770112	6.88781132907e-06	3.44390566454e-06	6.88781132907e-06	0	6.88781132907e-06	3.44390566454e-06	0	0	0
4.4770773639e-05	7.92098302843e-05	0.000950517963412	0	0	0	6.88781132907e-06	0.000251405113511	1.37756226581e-05	0.000461483359048	0	3.44390566454e-06	0	0	3.78829623099e-05	0	0.0139650374697	0.000306507604144	0	1.03317169936e-05	0	0.00351278377783	0.00293765153185	0.00720809455587	0.00180460656822	3.44390566454e-06	5.1658584968e-05	0.0028067831166	0.00229708507825	0.000203190434208	0.000798986114172	0	3.44390566454e-06	0.000103317169936	0.00125013775623	3.44390566454e-06	1.72195283227e-05	6.88781132907e-06	0	3.44390566454e-06	0	0	2.41073396518e-05	0	0.000175639188891	0	0	6.88781132907e-06	0	3.44390566454e-06	0	6.19903019616e-05	0	0	0	0	2.06634339872e-05	0.00018252700022	2.75512453163e-05	7.57659246198e-05	0	1.03317169936e-05	3.44390566454e-06	6.54342076262e-05	3.44390566454e-06	2.75512453163e-05	0	0	0	1.72195283227e-05	0.0004855906987	0.000172195283227	0.000712888472559	0.000323727132466	1.37756226581e-05	1.72195283227e-05	3.44390566454e-06	2.06634339872e-05	1.37756226581e-05	1.72195283227e-05	1.37756226581e-05	3.44390566454e-06	0	0
3.78829623099e-05	0.00074388362354	0.0118642550143	0	3.44390566454e-06	0	1.72195283227e-05	0.00011364888693	1.37756226581e-05	4.4770773639e-05	1.03317169936e-05	0.000337502755125	6.88781132907e-06	5.51024906326e-05	4.4770773639e-05	3.44390566454e-06	0.000306507604144	0.0272447377121	6.54342076262e-05	0.00464582874146	0	0.00244517302182	0.000392605245757	0.0141475644699	6.54342076262e-05	0.000120536698259	0.0061473716112	0.0044667456469	0.000213522151201	0.000130868415252	0.00109171809566	3.44390566454e-06	0	0.000106761075601	0.00612670817721	3.44390566454e-06	0.000265180736169	2.41073396518e-05	0	0	0	0	1.03317169936e-05	0	1.03317169936e-05	0	2.06634339872e-05	0	3.44390566454e-06	0	0	3.44390566454e-05	1.03317169936e-05	0	3.44390566454e-06	0	3.44390566454e-06	0.000127424509588	2.75512453163e-05	1.03317169936e-05	2.41073396518e-05	3.44390566454e-05	0.000161863566233	6.88781132907e-06	0	1.03317169936e-05	0	0	0	2.06634339872e-05	0.00163585519065	0.00254849019176	0.00404658915583	0.00174261626626	4.13268679744e-05	2.06634339872e-05	4.82146793035e-05	1.72195283227e-05	1.72195283227e-05	2.06634339872e-05	3.44390566454e-06	3.44390566454e-06	0	0
0	5.51024906326e-05	2.06634339872e-05	0	0	0	3.44390566454e-06	0	6.88781132907e-06	0	0	0.00210422636103	0	0.000433932113732	6.88781132907e-06	0	0	6.54342076262e-05	0.00580298104474	0.00183904562486	0	3.44390566454e-06	0	1.37756226581e-05	0	0.000320283226802	0.00375730108001	0.000568244434648	0	1.37756226581e-05	0	0	3.44390566454e-06	0	0.000275512453163	0	2.41073396518e-05	0	0	0	0	0	0	0	0	0	6.88781132907e-06	0	1.37756226581e-05	0	0	0	0	0	0	0	0	0	0	0	2.06634339872e-05	1.72195283227e-05	3.44390566454e-05	0	0	0	0	0	0	3.44390566454e-06	6.88781132907e-06	0.000234185585188	0.000158419660569	1.72195283227e-05	0	3.44390566454e-06	1.37756226581e-05	0	2.06634339872e-05	6.88781132907e-06	0	0	0	0
6.88781132907e-06	0.000533805378003	0.000995288737051	0	0	0	0	6.88781132907e-06	0	0	0	0.00467337998678	0	0.000416712585409	1.37756226581e-05	0	1.03317169936e-05	0.00464582874146	0.00183904562486	0.0179083094556	0	0.000120536698259	3.44390566454e-05	0.000740439717875	3.44390566454e-06	0.00055446881199	0.00997010689883	0.00225575821027	1.03317169936e-05	3.09951509808e-05	6.19903019616e-05	3.44390566454e-06	0	1.03317169936e-05	0.00277923187128	0	0.000144644037911	1.03317169936e-05	0	0	0	0	3.44390566454e-06	0	3.44390566454e-06	0	2.75512453163e-05	0	2.41073396518e-05	0	0	3.44390566454e-06	0	0	6.88781132907e-06	0	0	1.72195283227e-05	3.44390566454e-06	3.44390566454e-06	8.60976416134e-05	4.82146793035e-05	6.88781132907e-05	0	0	0	0	0	0	1.37756226581e-05	0.000272068547498	0.0012914646242	0.00130179634119	0.000385717434428	3.44390566454e-06	6.88781132907e-06	2.41073396518e-05	3.44390566454e-06	5.85463962971e-05	1.03317169936e-05	0	0	0	0
0.000306507604144	0	3.44390566454e-06	0	0.00422567225039	0	0.00132245977518	0.00133279149218	0.00033405884946	0.00115370839762	0.00441508706194	0	0.0113166740137	0	0.000289288075821	1.72195283227e-05	0	0	0	0	0.0191446715892	1.03317169936e-05	0	2.06634339872e-05	0.00132245977518	0	0	0	0.0020009091911	0.000189414811549	0.000137756226581	0	0	4.4770773639e-05	7.57659246198e-05	0	0	0	0	0	0	0	0	0	6.88781132907e-06	0	0	0.000158419660569	0	0	0	0	0	0	0	0	0	0	0	6.88781132907e-06	0	0	0	0	0	0	0	0	0	0	1.03317169936e-05	0	3.09951509808e-05	3.44390566454e-06	3.44390566454e-06	6.88781132907e-06	0	0	0	0	0	0	0	0
0.000389161340093	7.92098302843e-05	0.00244517302182	0	1.37756226581e-05	0	5.1658584968e-05	0.00125358166189	0.00011364888693	0.000423600396738	4.4770773639e-05	2.75512453163e-05	1.03317169936e-05	3.44390566454e-06	0.000223853868195	1.03317169936e-05	0.00351278377783	0.00244517302182	3.44390566454e-06	0.000120536698259	1.03317169936e-05	0.0433243332599	0.00105039122768	0.0258533998237	0.00136034273749	0	0.000223853868195	0.00152220630372	0.00478014106238	0.00120192307692	0.0136103151862	0	6.88781132907e-06	0.000854088604805	0.0086717544633	0	2.75512453163e-05	3.44390566454e-06	0	1.03317169936e-05	0	0	1.72195283227e-05	0	0.000272068547498	0	0	6.88781132907e-06	0	0	0	6.19903019616e-05	0	0	0	0	2.06634339872e-05	0.000216966056866	1.03317169936e-05	0.000148087943575	0	3.44390566454e-06	3.09951509808e-05	8.60976416134e-05	0	1.03317169936e-05	0	0	0	1.37756226581e-05	0.0017288406436	0.000685337227243	0.00334747630593	0.00148087943575	5.51024906326e-05	5.85463962971e-05	1.72195283227e-05	2.06634339872e-05	6.88781132907e-06	1.03317169936e-05	6.88781132907e-06	3.44390566454e-06	0	0
5.85463962971e-05	0.000891971567115	0.00122603041657	0	0	0	1.03317169936e-05	0.000241073396518	6.88781132907e-06	0.00208356292704	6.88781132907e-06	1.03317169936e-05	0	3.44390566454e-06	2.75512453163e-05	3.44390566454e-06	0.00293765153185	0.000392605245757	0	3.44390566454e-05	0	0.00105039122768	0.0116266255235	0.00247961207847	0.00134312320917	1.37756226581e-05	0.000137756226581	0.00287221732422	0.000950517963412	0.000161863566233	0.000606127396958	0	0	0.000117092792594	0.00103317169936	1.03317169936e-05	0.000365054000441	9.29854529425e-05	0	1.37756226581e-05	0	0	8.95415472779e-05	6.88781132907e-06	0.000616459113952	6.88781132907e-06	0	1.03317169936e-05	3.44390566454e-06	3.44390566454e-06	0	0.000385717434428	2.41073396518e-05	0	1.03317169936e-05	3.44390566454e-06	6.88781132907e-05	0.00163585519065	0.000241073396518	0.000309951509808	1.37756226581e-05	4.82146793035e-05	0.000299619792815	0.000244517302182	6.88781132907e-06	0.000103317169936	0	0	0	3.78829623099e-05	0.000420156491073	0.00022040996253	0.000623346925281	0.000320283226802	1.72195283227e-05	6.88781132907e-06	6.88781132907e-06	9.98732642715e-05	7.92098302843e-05	7.92098302843e-05	4.4770773639e-05	1.37756226581e-05	3.44390566454e-06	3.44390566454e-06
0.000402936962751	0.000495922415693	0.0154321412828	0	2.41073396518e-05	3.44390566454e-06	8.60976416134e-05	0.00128113290721	0.000103317169936	0.000619903019616	4.4770773639e-05	0.000130868415252	2.06634339872e-05	2.06634339872e-05	0.000278956358827	1.37756226581e-05	0.00720809455587	0.0141475644699	1.37756226581e-05	0.000740439717875	2.06634339872e-05	0.0258533998237	0.00247961207847	0.0652689001543	0.00160830394534	4.4770773639e-05	0.00191481154948	0.00898170597311	0.00480080449636	0.00127424509588	0.00795197817941	0	6.88781132907e-06	0.000661229887591	0.0128078851664	3.44390566454e-06	0.000216966056866	3.78829623099e-05	0	1.37756226581e-05	0	1.03317169936e-05	2.41073396518e-05	6.88781132907e-06	0.000292731981486	3.44390566454e-06	3.44390566454e-06	6.88781132907e-06	0	0	0	0.000117092792594	3.44390566454e-06	0	0	0	3.78829623099e-05	0.000478702887371	6.19903019616e-05	0.000158419660569	1.03317169936e-05	3.44390566454e-05	0.000172195283227	0.000148087943575	1.03317169936e-05	3.44390566454e-05	0	0	3.44390566454e-06	3.09951509808e-05	0.00429455036368	0.00266558298435	0.00768335353758	0.00357133017412	0.000137756226581	9.6429358607e-05	9.29854529425e-05	6.88781132907e-05	5.1658584968e-05	3.78829623099e-05	2.75512453163e-05	1.03317169936e-05	0	0
0.000578576151642	1.72195283227e-05	0.000123980603923	0	0.0074870509147	0	0.000313395415473	0.00475947762839	0.000254849019176	0.00517274630813	0.000681893321578	3.44390566454e-06	0.00078176658585	0	0.000396049151422	1.37756226581e-05	0.00180460656822	6.54342076262e-05	0	3.44390566454e-06	0.00132245977518	0.00136034273749	0.00134312320917	0.00160830394534	0.0317975810007	0	1.03317169936e-05	0.000244517302182	0.0125805873926	0.00102628388803	0.00218688009698	0	0	0.000557912717655	0.00133279149218	3.44390566454e-06	3.44390566454e-06	3.44390566454e-06	0	7.23220189553e-05	0	1.37756226581e-05	7.23220189553e-05	1.03317169936e-05	0.000640566453604	1.72195283227e-05	0	3.44390566454e-05	0	3.44390566454e-06	3.44390566454e-06	3.44390566454e-05	0	0	0	6.88781132907e-06	1.03317169936e-05	8.95415472779e-05	6.88781132907e-06	0.000416712585409	0	0	0	8.60976416134e-05	3.44390566454e-06	6.88781132907e-06	0	0	3.44390566454e-06	1.03317169936e-05	0.000299619792815	0.000103317169936	0.00040982477408	0.000161863566233	9.6429358607e-05	1.03317169936e-05	0	1.03317169936e-05	3.44390566454e-06	3.44390566454e-06	3.44390566454e-06	3.44390566454e-06	0	0
0	0.00198024575711	8.26537359489e-05	0	0	0	3.44390566454e-06	0	3.44390566454e-06	0	0	0.00245550473881	0	0.00457695062817	3.44390566454e-06	0	3.44390566454e-06	0.000120536698259	0.000320283226802	0.00055446881199	0	0	1.37756226581e-05	4.4770773639e-05	0	0.0141613400926	0.00340946660789	0.00455973109985	0	2.06634339872e-05	0	2.41073396518e-05	3.44390566454e-06	0	0.000437376019396	0	0.00055446881199	1.03317169936e-05	0	0	0	3.44390566454e-06	0	3.44390566454e-06	0	0	0.000471815076041	0	0.000458039453383	0	0	3.44390566454e-06	1.72195283227e-05	4.13268679744e-05	7.92098302843e-05	0	0	6.88781132907e-06	3.44390566454e-06	0	0.00127424509588	0.000399493057086	0.000444263830725	0	3.44390566454e-06	0	3.44390566454e-06	0	0	0.00011364888693	4.82146793035e-05	0.00105039122768	0.000420156491073	4.13268679744e-05	0	0	0.000451151642054	1.03317169936e-05	0.000637122547939	0.00011364888693	3.44390566454e-06	0	0	4.13268679744e-05
1.03317169936e-05	0.00317183711704	0.00631612298876	0	0	0	1.37756226581e-05	1.37756226581e-05	1.03317169936e-05	3.44390566454e-06	3.44390566454e-06	0.00788998787745	0	0.00551713687459	3.09951509808e-05	0	5.1658584968e-05	0.0061473716112	0.00375730108001	0.00997010689883	0	0.000223853868195	0.000137756226581	0.00191481154948	1.03317169936e-05	0.00340946660789	0.0574960050694	0.0212075710822	2.41073396518e-05	8.95415472779e-05	0.000117092792594	0.000327171038131	3.44390566454e-06	2.41073396518e-05	0.00402248181618	0	0.00110549371832	3.78829623099e-05	0	0	0	0	6.88781132907e-06	0	3.44390566454e-06	0	0.000230741679524	0	0.000244517302182	0	0	6.88781132907e-06	5.51024906326e-05	1.37756226581e-05	9.98732642715e-05	0	0	6.88781132907e-05	2.75512453163e-05	3.44390566454e-06	0.000613015208287	0.000423600396738	0.000640566453604	1.03317169936e-05	0	1.03317169936e-05	3.44390566454e-06	0	0	0.000120536698259	0.000599239585629	0.00337158364558	0.0027482367203	0.000767990963192	6.88781132907e-06	2.06634339872e-05	7.57659246198e-05	2.06634339872e-05	0.000327171038131	0.000117092792594	2.06634339872e-05	0	0	1.72195283227e-05
3.09951509808e-05	0.00630579127177	0.0144781794137	0	0	0	3.44390566454e-06	0.000103317169936	1.37756226581e-05	0.000144644037911	1.03317169936e-05	0.00284122217324	3.44390566454e-06	0.0054482587613	1.37756226581e-05	0	0.0028067831166	0.0044667456469	0.000568244434648	0.00225575821027	0	0.00152220630372	0.00287221732422	0.00898170597311	0.000244517302182	0.00455973109985	0.0212075710822	0.0661470960987	0.000413268679744	0.00015153184924	0.000644010359268	0.000282400264492	0	7.57659246198e-05	0.00321316398501	0	0.00125358166189	6.54342076262e-05	0	0	0	0	0	0	3.44390566454e-05	0	0.000185970905885	0	0.000216966056866	0	0	9.6429358607e-05	6.88781132907e-05	1.37756226581e-05	0.000106761075601	0	2.41073396518e-05	0.000420156491073	0.000134312320917	1.03317169936e-05	0.000427044302402	0.000413268679744	0.000716332378223	3.78829623099e-05	0	1.37756226581e-05	6.88781132907e-06	0	0	0.000127424509588	0.00114682058629	0.00221787524796	0.00250027551245	0.000991844831386	3.09951509808e-05	2.06634339872e-05	3.78829623099e-05	5.85463962971e-05	0.000289288075821	0.000123980603923	3.09951509808e-05	0	3.44390566454e-06	1.03317169936e-05
0.00150154286974	3.09951509808e-05	0.000354722283447	0	0.00551713687459	3.44390566454e-06	0.000764547057527	0.0188243883624	0.000551024906326	0.00199402137977	0.00447363345823	6.88781132907e-06	0.000626790830946	0	0.00100906435971	3.44390566454e-06	0.00229708507825	0.000213522151201	0	1.03317169936e-05	0.0020009091911	0.00478014106238	0.000950517963412	0.00480080449636	0.0125805873926	0	2.41073396518e-05	0.000413268679744	0.0482250110205	0.00246239255014	0.00915390125634	0	0	0.00121569869958	0.00345079347587	1.72195283227e-05	6.88781132907e-06	6.88781132907e-06	0	0.000368497906105	0	1.37756226581e-05	0.000130868415252	1.37756226581e-05	0.000833425170818	6.88781132907e-05	0	4.13268679744e-05	0	1.03317169936e-05	3.44390566454e-06	8.26537359489e-05	0	0	0	0.000144644037911	1.37756226581e-05	0.000141200132246	2.06634339872e-05	0.000502810227022	0	0	3.44390566454e-06	0.000161863566233	3.44390566454e-06	4.13268679744e-05	0	0	0	2.41073396518e-05	0.000843756887811	0.000175639188891	0.00109516200132	0.000495922415693	6.54342076262e-05	3.09951509808e-05	6.88781132907e-06	3.44390566454e-05	1.72195283227e-05	2.41073396518e-05	1.72195283227e-05	1.03317169936e-05	6.88781132907e-06	3.44390566454e-06
0.00762825104695	3.44390566454e-06	0.000227297773859	0	0.000213522151201	0.00066811769892	0.0031856127397	0.00417056975975	0.00659852325325	0.00037194181177	0.000644010359268	0.00015153184924	0.000406380868415	3.09951509808e-05	0.01780154838	8.26537359489e-05	0.000203190434208	0.000130868415252	1.37756226581e-05	3.09951509808e-05	0.000189414811549	0.00120192307692	0.000161863566233	0.00127424509588	0.00102628388803	2.06634339872e-05	8.95415472779e-05	0.00015153184924	0.00246239255014	0.0488724652854	0.0128009973551	0	0.00298242230549	0.00646421093233	0.0115921864668	3.44390566454e-06	0	3.44390566454e-06	0	1.03317169936e-05	0	0	2.41073396518e-05	0	0.000196302622879	3.44390566454e-06	0	0	0	0	0	1.03317169936e-05	0	0	0	6.88781132907e-06	1.03317169936e-05	4.82146793035e-05	1.03317169936e-05	0.000123980603923	6.88781132907e-06	0	1.03317169936e-05	3.78829623099e-05	6.88781132907e-06	1.03317169936e-05	0	0	0	3.44390566454e-06	0.00185282124752	0.000216966056866	0.0046905995151	0.0011847035486	0.000110204981265	0.000960849680406	6.88781132907e-06	1.37756226581e-05	3.44390566454e-06	6.88781132907e-06	1.37756226581e-05	3.44390566454e-06	0	0
0.0051176438175	2.41073396518e-05	0.00104005951069	0	0.000223853868195	3.44390566454e-06	0.000606127396958	0.0123050749394	0.00135689883183	0.000981513114393	0.000423600396738	2.06634339872e-05	0.000154975754904	3.44390566454e-06	0.00283433436191	2.75512453163e-05	0.000798986114172	0.00109171809566	0	6.19903019616e-05	0.000137756226581	0.0136103151862	0.000606127396958	0.00795197817941	0.00218688009698	0	0.000117092792594	0.000644010359268	0.00915390125634	0.0128009973551	0.0474260249063	0	6.88781132907e-06	0.00480424840203	0.0115267522592	3.44390566454e-06	1.03317169936e-05	3.44390566454e-06	0	4.13268679744e-05	0	3.44390566454e-06	7.92098302843e-05	6.88781132907e-06	0.000537249283668	3.44390566454e-06	0	2.06634339872e-05	0	6.88781132907e-06	3.44390566454e-06	4.82146793035e-05	0	0	0	6.88781132907e-06	2.75512453163e-05	0.000137756226581	2.06634339872e-05	0.000323727132466	0	0	1.37756226581e-05	0.000127424509588	6.88781132907e-06	2.41073396518e-05	0	0	0	6.88781132907e-06	0.00206978730439	0.000464927264712	0.00334403240026	0.00132590368085	7.92098302843e-05	7.92098302843e-05	1.72195283227e-05	3.78829623099e-05	1.03317169936e-05	1.37756226581e-05	3.44390566454e-06	1.03317169936e-05	0	0
0	0	0	0	0	0	0	0	0	0	0	0.000127424509588	0	0.000657785981926	0	0	0	3.44390566454e-06	0	3.44390566454e-06	0	0	0	0	0	2.41073396518e-05	0.000327171038131	0.000282400264492	0	0	0	0.00078176658585	0	0	3.44390566454e-06	0	0	0	0	0	0	0	0	0	0	0	0	0	0	0	0	0	0	0	0	0	0	0	0	0	0	0	0	0	0	0	3.44390566454e-06	0	0	0	0	0	0	0	0	0	0	0	0	0	0	0	0	0
1.72195283227e-05	0	0	0	0	0.00201468481375	0.00104005951069	3.44390566454e-06	0.00172539673793	0	0	1.72195283227e-05	0	6.88781132907e-06	0.000978069208728	6.88781132907e-06	3.44390566454e-06	0	3.44390566454e-06	0	0	6.88781132907e-06	0	6.88781132907e-06	0	3.44390566454e-06	3.44390566454e-06	0	0	0.00298242230549	6.88781132907e-06	0	0.00570310778047	3.44390566454e-06	0.00139133788847	0	0	0	0	0	0	0	0	0	0	0	0	0	0	0	0	0	0	0	0	0	0	0	0	0	0	0	0	0	0	0	0	0	0	0	6.88781132907e-06	0	0.00018252700022	2.41073396518e-05	3.09951509808e-05	0.000947074057747	0	0	0	0	0	0	0	0
0.00108138637866	3.44390566454e-06	0.000168751377562	0	6.88781132907e-05	0	0.000282400264492	0.00155664536037	0.000513141944016	0.000189414811549	0.000161863566233	1.03317169936e-05	7.57659246198e-05	3.44390566454e-06	0.0016702942473	1.72195283227e-05	0.000103317169936	0.000106761075601	0	1.03317169936e-05	4.4770773639e-05	0.000854088604805	0.000117092792594	0.000661229887591	0.000557912717655	0	2.41073396518e-05	7.57659246198e-05	0.00121569869958	0.00646421093233	0.00480424840203	0	3.44390566454e-06	0.00925033061494	0.00606471787525	0	0	6.88781132907e-06	0	1.37756226581e-05	0	3.44390566454e-06	2.41073396518e-05	3.44390566454e-06	0.000137756226581	3.44390566454e-06	0	3.44390566454e-06	0	3.44390566454e-06	0	3.44390566454e-06	0	0	0	0	6.88781132907e-06	2.75512453163e-05	1.37756226581e-05	9.98732642715e-05	0	0	3.44390566454e-06	2.41073396518e-05	3.44390566454e-06	0	0	0	0	3.44390566454e-06	0.00144988428477	0.000172195283227	0.00249683160679	0.000829981265153	6.19903019616e-05	6.54342076262e-05	6.88781132907e-06	2.41073396518e-05	3.44390566454e-06	1.72195283227e-05	1.72195283227e-05	3.44390566454e-06	0	0
0.00171162111527	0.000430488208067	0.00436687238263	0	8.26537359489e-05	0.000650898170597	0.00137756226581	0.00276545624862	0.00229019726692	0.000740439717875	0.000265180736169	0.0039811549482	0.000137756226581	0.000664673793255	0.00421189662773	6.54342076262e-05	0.00125013775623	0.00612670817721	0.000275512453163	0.00277923187128	7.57659246198e-05	0.0086717544633	0.00103317169936	0.0128078851664	0.00133279149218	0.000437376019396	0.00402248181618	0.00321316398501	0.00345079347587	0.0115921864668	0.0115267522592	3.44390566454e-06	0.00139133788847	0.00606471787525	0.05340464514	6.88781132907e-06	0.000179083094556	2.41073396518e-05	0	2.06634339872e-05	0	6.88781132907e-06	4.82146793035e-05	6.88781132907e-06	0.000361610094776	3.44390566454e-06	2.75512453163e-05	3.44390566454e-06	2.75512453163e-05	6.88781132907e-06	0	8.26537359489e-05	3.44390566454e-06	0	1.37756226581e-05	3.44390566454e-06	2.41073396518e-05	0.000196302622879	4.13268679744e-05	0.000206634339872	7.57659246198e-05	4.82146793035e-05	0.000110204981265	9.98732642715e-05	1.03317169936e-05	1.37756226581e-05	0	0	3.44390566454e-06	3.09951509808e-05	0.00804496363236	0.00445641392991	0.022616128499	0.0071667676879	0.000330614943795	0.00164618690765	0.000189414811549	0.000103317169936	5.51024906326e-05	5.51024906326e-05	4.4770773639e-05	1.03317169936e-05	3.44390566454e-06	0
6.88781132907e-06	0	3.44390566454e-06	0	0	0	0	1.72195283227e-05	0	2.06634339872e-05	0	0	0	0	0	0	3.44390566454e-06	3.44390566454e-06	0	0	0	0	1.03317169936e-05	3.44390566454e-06	3.44390566454e-06	0	0	0	1.72195283227e-05	3.44390566454e-06	3.44390566454e-06	0	0	0	6.88781132907e-06	0.0145746087723	3.44390566454e-06	1.72195283227e-05	0	0.000106761075601	0	0.00143955256778	0.00636778157373	0.00263114392771	0.000196302622879	0.000468371170377	3.44390566454e-06	0.000179083094556	0	0.00297209058849	0.000303063698479	0.000137756226581	1.37756226581e-05	0	0	6.88781132907e-05	0.000230741679524	8.60976416134e-05	0.000165307471898	0.000833425170818	0	6.88781132907e-06	2.06634339872e-05	0.000788654397179	0.00351278377783	0.00212833370068	0	6.88781132907e-06	0.000513141944016	0.000430488208067	3.44390566454e-06	0	3.44390566454e-06	6.88781132907e-06	0	0	0	0.000375385717434	0.000117092792594	0.000254849019176	9.29854529425e-05	0.000358166189112	5.85463962971e-05	3.44390566454e-06
0	0.00246928036147	0.000609571302623	0	0	0	0	0	0	1.37756226581e-05	0	0.000110204981265	0	3.78829623099e-05	3.44390566454e-06	0	1.72195283227e-05	0.000265180736169	2.41073396518e-05	0.000144644037911	0	2.75512453163e-05	0.000365054000441	0.000216966056866	3.44390566454e-06	0.00055446881199	0.00110549371832	0.00125358166189	6.88781132907e-06	0	1.03317169936e-05	0	0	0	0.000179083094556	3.44390566454e-06	0.0161829127177	0.00123636213357	0	0	0	1.37756226581e-05	2.41073396518e-05	6.88781132907e-06	4.82146793035e-05	0	0.000513141944016	0	0.000189414811549	3.44390566454e-06	3.44390566454e-06	0.000392605245757	0.000988400925722	9.29854529425e-05	0.000619903019616	0	0.000165307471898	0.00255193409742	0.00111926934097	5.51024906326e-05	0.00179771875689	0.00358166189112	0.00941908199251	7.92098302843e-05	1.37756226581e-05	8.95415472779e-05	0	0	3.44390566454e-06	0.000878195944457	5.51024906326e-05	0.000189414811549	0.00011364888693	5.1658584968e-05	3.44390566454e-06	0	0	0.000437376019396	0.00118814745426	0.000950517963412	0.000237629490853	2.75512453163e-05	2.06634339872e-05	1.72195283227e-05
0	0.000130868415252	7.57659246198e-05	0	0	0	0	3.44390566454e-06	0	3.44390566454e-06	0	6.88781132907e-06	0	0	0	0	6.88781132907e-06	2.41073396518e-05	0	1.03317169936e-05	0	3.44390566454e-06	9.29854529425e-05	3.78829623099e-05	3.44390566454e-06	1.03317169936e-05	3.78829623099e-05	6.54342076262e-05	6.88781132907e-06	3.44390566454e-06	3.44390566454e-06	0	0	6.88781132907e-06	2.41073396518e-05	1.72195283227e-05	0.00123636213357	0.0181631584748	0	3.44390566454e-06	0	2.06634339872e-05	0.000130868415252	3.44390566454e-06	2.75512453163e-05	6.88781132907e-06	8.26537359489e-05	6.88781132907e-06	1.03317169936e-05	6.88781132907e-06	2.06634339872e-05	0.000771434868856	0.00300308573948	1.03317169936e-05	0.000375385717434	0	0.000823093453824	0.000702556755565	0.00783144148115	6.88781132907e-05	2.41073396518e-05	0.00625068878113	0.00509353647785	0.00029617588715	2.06634339872e-05	0.000482146793035	0	0	0	0.00122603041657	2.75512453163e-05	1.72195283227e-05	1.37756226581e-05	1.03317169936e-05	0	0	0	0.000833425170818	0.00138445007714	0.00127080119021	0.000523473661009	6.54342076262e-05	4.13268679744e-05	2.41073396518e-05
0	0	0	0	0	0	0	0	0	0	0	0	0	0	0	0	0	0	0	0	0	0	0	0	0	0	0	0	0	0	0	0	0	0	0	0	0	0	0	0	0	0	0	0	0	0	0	0	0	0	0	0	0	0	0	0	0	0	0	0	0	0	0	0	0	0	0	0	0	0	0	0	0	0	0	0	0	0	0	0	0	0	0	0
3.44390566454e-06	0	0	0	0.00107105466167	0	0	6.88781132907e-05	0	0.000144644037911	0	0	0	0	3.44390566454e-06	0	3.44390566454e-06	0	0	0	0	1.03317169936e-05	1.37756226581e-05	1.37756226581e-05	7.23220189553e-05	0	0	0	0.000368497906105	1.03317169936e-05	4.13268679744e-05	0	0	1.37756226581e-05	2.06634339872e-05	0.000106761075601	0	3.44390566454e-06	0	0.0186349735508	0	0.000344390566454	0.00131212805819	0.000175639188891	0.0014085574168	0.00440475534494	0	0.00188726030417	0	6.54342076262e-05	4.82146793035e-05	5.51024906326e-05	0	0	0	0.00904369627507	3.44390566454e-05	5.51024906326e-05	2.06634339872e-05	0.00544481485563	0	0	0	0.00452184813754	5.1658584968e-05	6.88781132907e-05	0	0	1.72195283227e-05	2.06634339872e-05	3.44390566454e-06	0	1.03317169936e-05	3.44390566454e-06	0	0	0	3.44390566454e-05	1.37756226581e-05	4.13268679744e-05	2.06634339872e-05	3.44390566454e-05	3.44390566454e-06	0
0	0	0	0	0	0	0	0	0	0	0	0	0	0	0	0	0	0	0	0	0	0	0	0	0	0	0	0	0	0	0	0	0	0	0	0	0	0	0	0	0.00141544522812	0.00044770773639	0	0.000241073396518	3.44390566454e-06	0	0	3.44390566454e-06	0	6.88781132907e-05	0.000427044302402	0	0	0	0	0	0	0	0	0	0	0	0	0	2.41073396518e-05	0	0	0.00037194181177	0	2.06634339872e-05	0	0	0	0	0	0	0	3.44390566454e-06	0	6.88781132907e-06	0	4.13268679744e-05	0.000313395415473	0
0	6.88781132907e-06	3.44390566454e-06	0	1.37756226581e-05	0	0	1.03317169936e-05	0	3.09951509808e-05	3.44390566454e-06	0	0	0	0	0	0	0	0	0	0	0	0	1.03317169936e-05	1.37756226581e-05	3.44390566454e-06	0	0	1.37756226581e-05	0	3.44390566454e-06	0	0	3.44390566454e-06	6.88781132907e-06	0.00143955256778	1.37756226581e-05	2.06634339872e-05	0	0.000344390566454	0.00044770773639	0.0431349184483	0.00285844170156	0.017811880097	0.000165307471898	0.009701482257	6.19903019616e-05	0.0071185530086	3.44390566454e-06	0.00494544853427	0.00438064800529	6.88781132907e-05	1.72195283227e-05	0	1.37756226581e-05	0.00120536698259	7.57659246198e-05	4.4770773639e-05	0.000106761075601	0.000984957020057	3.44390566454e-06	2.75512453163e-05	3.78829623099e-05	0.00116404011461	0.00380207185365	0.000299619792815	0	0.000953961869076	0.000265180736169	0.00252093894644	3.44390566454e-06	3.44390566454e-06	3.44390566454e-06	3.44390566454e-06	0	0	0	0.00070600066123	9.6429358607e-05	0.00153942583205	0.000320283226802	0.00230397288957	0.000950517963412	3.44390566454e-06
3.44390566454e-06	3.44390566454e-06	3.44390566454e-06	0	2.41073396518e-05	0	3.44390566454e-06	5.85463962971e-05	0	0.000203190434208	3.44390566454e-06	0	0	3.44390566454e-06	6.88781132907e-06	0	2.41073396518e-05	1.03317169936e-05	0	3.44390566454e-06	0	1.72195283227e-05	8.95415472779e-05	2.41073396518e-05	7.23220189553e-05	0	6.88781132907e-06	0	0.000130868415252	2.41073396518e-05	7.92098302843e-05	0	0	2.41073396518e-05	4.82146793035e-05	0.00636778157373	2.41073396518e-05	0.000130868415252	0	0.00131212805819	0	0.00285844170156	0.0434827529204	0.0024864998898	0.00134656711483	0.00766613400926	1.37756226581e-05	0.000633678642275	3.44390566454e-06	0.00206634339872	0.000365054000441	0.000754215340533	3.09951509808e-05	0	6.88781132907e-06	0.00113993277496	0.00164274300198	0.000564800528984	0.000754215340533	0.007545597311	0	3.78829623099e-05	0.000117092792594	0.0136757493939	0.00108483028433	0.00682237712145	0	0	0.000227297773859	0.000712888472559	2.41073396518e-05	3.44390566454e-06	1.72195283227e-05	1.72195283227e-05	3.44390566454e-06	0	0	0.000967737491735	0.00037194181177	0.000644010359268	0.000254849019176	0.000613015208287	6.88781132907e-05	6.88781132907e-06
