0.0221095942896	5.41391459342e-05	0.00138679504585	0	0.000187404735926	0.000516404161218	0.0018282373127	0.00843737766635	0.00717968366081	0.000653834300897	0.00190736375676	0.000462265015284	0.000832909937448	4.99745962469e-05	0.016191769184	3.74809471852e-05	9.16200931193e-05	0.000882884533695	2.08227484362e-05	0.000237379332173	0.000978669176502	0.00077044169214	0.00024154388186	0.0013701368471	0.000799593539951	8.32909937448e-06	0.000762112592765	0.000391467670601	0.00226551502986	0.00702559532238	0.00540558549404	2.08227484362e-05	0.000812087189012	0.000633011552461	0.00272361549546	5.83036956214e-05	1.6658198749e-05	2.49872981235e-05	0	6.24682453086e-05	0	3.74809471852e-05	0.0001957338353	4.58100465597e-05	0.000624682453086	3.74809471852e-05	0	3.33163974979e-05	4.16454968724e-06	2.91518478107e-05	0	3.33163974979e-05	4.16454968724e-06	0	4.16454968724e-06	5.83036956214e-05	3.74809471852e-05	8.32909937448e-05	6.24682453086e-05	0.000549720558716	4.16454968724e-06	2.49872981235e-05	4.99745962469e-05	0.000462265015284	2.08227484362e-05	2.08227484362e-05	0	0	0	4.16454968724e-05	0.000887049083383	0.000149923788741	0.00188237645863	0.00036231582279	0.000224885683111	0.000266531179984	8.32909937448e-06	7.07973446831e-05	1.24936490617e-05	4.99745962469e-05	2.49872981235e-05	1.6658198749e-05	4.16454968724e-06	0
5.41391459342e-05	0.0247041087447	0.000778770791514	0	0	8.32909937448e-06	2.49872981235e-05	0.000149923788741	2.91518478107e-05	0.00216140128768	1.6658198749e-05	0.000366480372477	3.74809471852e-05	0.000116607391243	7.07973446831e-05	7.49618943704e-05	0.00077044169214	0.00173661721958	2.91518478107e-05	0.0011744030118	1.24936490617e-05	0.000216556583737	0.0046684601994	0.000587201505901	0.00123687125711	0.000887049083383	0.00739624024454	0.0142635826788	0.000299847577481	0.000104113742181	0.000191569285613	1.6658198749e-05	1.24936490617e-05	3.74809471852e-05	0.00112442841556	2.49872981235e-05	0.00867059244884	0.0013368204496	0	2.49872981235e-05	0	2.49872981235e-05	4.99745962469e-05	1.6658198749e-05	0.000104113742181	1.24936490617e-05	3.74809471852e-05	2.08227484362e-05	0.000137430139679	2.08227484362e-05	4.16454968724e-06	7.49618943704e-05	0.000641340651835	6.66327949959e-05	0.000520568710905	2.08227484362e-05	7.91264440576e-05	0.000628847002774	0.000503910512156	0.000158252888115	0.00125352945586	0.00439776446973	0.00746287303954	9.57846428066e-05	3.74809471852e-05	2.49872981235e-05	1.24936490617e-05	0	0	0.000274860279358	0.00114525116399	0.000691315248082	0.000749618943704	0.000108278291868	0.00016658198749	2.08227484362e-05	0	0.000458100465597	0.000416454968724	0.000562214207778	0.000229050232798	2.08227484362e-05	1.24936490617e-05	4.16454968724e-06
0.00138679504585	0.000778770791514	0.027602635327	0	0	4.16454968724e-05	7.07973446831e-05	0.0022863377783	0.000391467670601	0.000108278291868	3.33163974979e-05	0.000158252888115	1.24936490617e-05	4.16454968724e-06	0.000903707282132	0	0.000366480372477	0.00530147175186	2.49872981235e-05	0.000578872406527	1.24936490617e-05	0.0024487552161	0.001078618369	0.011398372494	0.000312341226543	0	0.00597612880119	0.0113067524009	0.00105779562056	0.00100365647463	0.00335662704792	4.16454968724e-06	4.99745962469e-05	0.000129101040305	0.00196566745238	2.91518478107e-05	0.000907871831819	0.000674657049333	0	0	0	0	4.99745962469e-05	1.24936490617e-05	0.000124936490617	4.16454968724e-06	8.32909937448e-06	0	8.32909937448e-06	1.24936490617e-05	0	0.00016658198749	0.000366480372477	4.16454968724e-06	4.58100465597e-05	0	0.000129101040305	0.00104113742181	0.00103697287212	0.000124936490617	2.49872981235e-05	0.000495581412782	0.00229050232798	0.000154088338428	2.08227484362e-05	7.49618943704e-05	0	0	0	6.66327949959e-05	0.00261950175328	0.00101615012369	0.0023821224211	0.000474758664346	4.16454968724e-05	5.83036956214e-05	4.16454968724e-06	0.000199898384988	0.000104113742181	0.000179075636551	0.000158252888115	1.6658198749e-05	4.16454968724e-06	4.16454968724e-06
0	0	0	0	0	0	0	0	0	0	0	0	0	0	0	0	0	0	0	0	0	0	0	0	0	0	0	0	0	0	0	0	0	0	0	0	0	0	0	0	0	0	0	0	0	0	0	0	0	0	0	0	0	0	0	0	0	0	0	0	0	0	0	0	0	0	0	0	0	0	0	0	0	0	0	0	0	0	0	0	0	0	0	0
0.000187404735926	0	0	0	0.0198857247566	0.000108278291868	0.00206561664487	0.000978669176502	0.000695479797769	0.000633011552461	0.00246541341485	4.99745962469e-05	0.00536393999717	4.16454968724e-06	0.000599695154963	0.000220721133424	4.16454968724e-06	4.16454968724e-06	4.16454968724e-06	4.16454968724e-06	0.00800009994919	1.24936490617e-05	1.24936490617e-05	1.24936490617e-05	0.00217805948643	0	2.91518478107e-05	2.49872981235e-05	0.00494332047876	0.000420619518411	8.32909937448e-06	4.16454968724e-06	0.000104113742181	0.000183240186239	0.000391467670601	0.000187404735926	8.32909937448e-06	0	0	0.00586368595964	0	0.000403961319663	0.000341493074354	0.000308176676856	0.000791264440576	0.00128684585336	1.24936490617e-05	0.00226551502986	8.32909937448e-06	0.000233214782486	3.33163974979e-05	4.16454968724e-06	0	0	0	0.0063009636768	4.16454968724e-06	1.6658198749e-05	2.08227484362e-05	0.0012077194093	0	8.32909937448e-06	1.6658198749e-05	0.00067882159902	0.000199898384988	0	0	8.32909937448e-06	4.16454968724e-06	0.000249872981235	0.000158252888115	2.08227484362e-05	0.000245708431547	4.16454968724e-05	0.000337328524667	5.41391459342e-05	0	0.000162417437802	8.32909937448e-06	0.000183240186239	6.24682453086e-05	0.000104113742181	8.32909937448e-06	0
0.000516404161218	8.32909937448e-06	4.16454968724e-05	0	0.000108278291868	0.00977003356627	0.00584702776089	0.00048308776372	0.00409375234256	0.000137430139679	0.000399796769975	0.000358151273103	0.000578872406527	5.83036956214e-05	0.00201564204863	0.00159085798053	1.24936490617e-05	2.91518478107e-05	1.24936490617e-05	2.49872981235e-05	0.000349822173728	3.33163974979e-05	2.49872981235e-05	4.16454968724e-05	0.000108278291868	8.32909937448e-06	0.000124936490617	4.58100465597e-05	0.000229050232798	0.00048308776372	0.00012077194093	1.6658198749e-05	0.00383971481164	4.99745962469e-05	0.00115774481305	4.16454968724e-06	0	0	0	1.24936490617e-05	0	4.16454968724e-06	1.6658198749e-05	2.08227484362e-05	7.07973446831e-05	4.16454968724e-06	4.16454968724e-06	4.16454968724e-06	0	1.24936490617e-05	0	0	0	4.16454968724e-06	4.16454968724e-06	8.32909937448e-06	4.16454968724e-06	0	4.16454968724e-06	5.41391459342e-05	0	4.16454968724e-06	4.16454968724e-06	6.24682453086e-05	0	0	0	0	0	0	0.000412290419037	4.58100465597e-05	0.000674657049333	0.000212392034049	0.00127018765461	0.00133265589992	4.16454968724e-06	1.24936490617e-05	0	1.24936490617e-05	2.49872981235e-05	8.32909937448e-06	0	0
0.0018282373127	2.49872981235e-05	7.07973446831e-05	0	0.00206561664487	0.00584702776089	0.0444815552094	0.00629263457742	0.0189237137788	0.000653834300897	0.0141053297907	0.000862061785259	0.0127185347448	0.000116607391243	0.00643839381648	0.00272778004514	3.33163974979e-05	5.83036956214e-05	5.83036956214e-05	9.16200931193e-05	0.00710472176644	7.49618943704e-05	3.74809471852e-05	0.000129101040305	0.000608024254337	8.32909937448e-06	0.000345657624041	0.000116607391243	0.00315256411324	0.0021863885858	0.000299847577481	2.91518478107e-05	0.0038522084607	0.000424784068099	0.00278191919108	2.49872981235e-05	4.16454968724e-06	4.16454968724e-06	0	0.0001957338353	0	1.24936490617e-05	4.16454968724e-05	2.91518478107e-05	0.000466429564971	5.41391459342e-05	0	7.07973446831e-05	1.24936490617e-05	2.08227484362e-05	0	4.16454968724e-06	0	0	4.16454968724e-06	0.000104113742181	1.24936490617e-05	8.32909937448e-06	1.24936490617e-05	0.000399796769975	4.16454968724e-06	1.6658198749e-05	2.49872981235e-05	0.000208227484362	4.16454968724e-06	8.32909937448e-06	0	4.16454968724e-06	0	1.6658198749e-05	0.00111609931618	0.000158252888115	0.00185738916051	0.000420619518411	0.0024820716136	0.00157836433146	4.16454968724e-06	1.24936490617e-05	4.16454968724e-06	2.91518478107e-05	2.91518478107e-05	2.08227484362e-05	0	0
0.00843737766635	0.000149923788741	0.0022863377783	0	0.000978669176502	0.00048308776372	0.00629263457742	0.0631179150598	0.00884133898602	0.0040146258985	0.0157336687184	0.000491416863095	0.00150756698678	4.58100465597e-05	0.0118523084099	0.000212392034049	0.000279024829045	0.000978669176502	4.16454968724e-05	0.000224885683111	0.00296099482763	0.00206561664487	0.000608024254337	0.00302762762263	0.00423534703193	1.24936490617e-05	0.00108278291868	0.000745454394016	0.020839406635	0.010586285305	0.00979918541408	8.32909937448e-06	0.000670492499646	0.00533895269904	0.00705891171988	0.000204062934675	7.07973446831e-05	3.74809471852e-05	0	0.00129933950242	4.16454968724e-06	0.000170746537177	0.000874555434321	0.000274860279358	0.00435611897286	0.000587201505901	1.24936490617e-05	0.000308176676856	1.24936490617e-05	0.000245708431547	1.6658198749e-05	2.91518478107e-05	2.49872981235e-05	0	1.24936490617e-05	0.000837074487136	4.58100465597e-05	0.000179075636551	0.000141594689366	0.00426449887974	2.08227484362e-05	4.58100465597e-05	8.32909937448e-05	0.00219888223486	0.000179075636551	7.91264440576e-05	0	4.16454968724e-06	0	0.00024154388186	0.00276109644264	0.000416454968724	0.00503910512156	0.00117023846212	0.000866226334946	0.000449771366222	4.16454968724e-05	0.000274860279358	4.99745962469e-05	0.00016658198749	0.000124936490617	8.74555434321e-05	0	0
0.00717968366081	2.91518478107e-05	0.000391467670601	0	0.000695479797769	0.00409375234256	0.0189237137788	0.00884133898602	0.0429490009245	0.000745454394016	0.00750451853641	0.00109527656774	0.00353153813478	0.000129101040305	0.0198315856106	0.000424784068099	4.16454968724e-05	0.000258202080609	4.58100465597e-05	0.000104113742181	0.00299014667544	0.00031650577623	0.000137430139679	0.000445606816535	0.000807922639325	2.49872981235e-05	0.000562214207778	0.000233214782486	0.00358567728072	0.00400629679913	0.00162417437802	3.74809471852e-05	0.00459349830503	0.000645505201523	0.00341076619385	2.91518478107e-05	8.32909937448e-06	1.24936490617e-05	0	0.00016658198749	0	2.49872981235e-05	0.000162417437802	5.41391459342e-05	0.000628847002774	8.74555434321e-05	4.16454968724e-06	4.58100465597e-05	2.91518478107e-05	4.16454968724e-05	0	8.32909937448e-06	4.16454968724e-06	4.16454968724e-06	8.32909937448e-06	0.000108278291868	2.49872981235e-05	2.49872981235e-05	3.74809471852e-05	0.000628847002774	1.6658198749e-05	2.08227484362e-05	3.74809471852e-05	0.00040812586935	4.16454968724e-06	1.24936490617e-05	0	0	0	4.99745962469e-05	0.0014367696421	0.0001957338353	0.00237795787142	0.000620517903399	0.00128684585336	0.00153671883459	2.91518478107e-05	6.24682453086e-05	2.49872981235e-05	7.07973446831e-05	4.16454968724e-05	8.32909937448e-06	4.16454968724e-06	0
0.000653834300897	0.00216140128768	0.000108278291868	0	0.000633011552461	0.000137430139679	0.000653834300897	0.0040146258985	0.000745454394016	0.0279441284014	0.000795428990263	9.57846428066e-05	0.00149090878803	8.32909937448e-06	0.00109944111743	0.000849568136197	0.000837074487136	0.00012077194093	1.24936490617e-05	7.91264440576e-05	0.000732960744955	0.00060385970465	0.00613438168931	0.000520568710905	0.00922447755724	0.000108278291868	0.000428948617786	0.00149507333772	0.00615520443774	0.00144926329116	0.00124520035649	0	9.99491924938e-05	0.00101615012369	0.00170746537177	0.000599695154963	9.99491924938e-05	6.24682453086e-05	0	0.00262366630296	1.6658198749e-05	0.000333163974979	0.00203230024737	0.000612188804025	0.0113150815002	0.001011985574	2.91518478107e-05	0.000870390884634	2.91518478107e-05	0.000474758664346	6.24682453086e-05	9.99491924938e-05	4.99745962469e-05	4.16454968724e-06	2.08227484362e-05	0.00152006063584	0.000266531179984	0.000737125294642	0.000295683027794	0.00915784476225	3.33163974979e-05	0.000112442841556	0.000187404735926	0.00525982625499	0.000458100465597	0.00043727771716	4.16454968724e-06	1.24936490617e-05	2.49872981235e-05	0.000687150698395	0.00137430139679	0.000208227484362	0.0011410866143	0.000341493074354	0.00219471768518	0.000116607391243	0	0.000662163400272	9.57846428066e-05	0.000541391459342	0.0001957338353	0.000199898384988	1.24936490617e-05	4.16454968724e-06
0.00190736375676	1.6658198749e-05	3.33163974979e-05	0	0.00246541341485	0.000399796769975	0.0141053297907	0.0157336687184	0.00750451853641	0.000795428990263	0.04021289178	0.000445606816535	0.00618852083524	6.66327949959e-05	0.00505576332031	7.07973446831e-05	3.74809471852e-05	3.74809471852e-05	4.16454968724e-05	5.83036956214e-05	0.00832077027511	9.57846428066e-05	5.41391459342e-05	0.000145759239053	0.00067882159902	4.16454968724e-06	0.000170746537177	6.66327949959e-05	0.00818334013543	0.00366896827446	0.000229050232798	8.32909937448e-06	0.000533062359967	0.00175327541833	0.003035956722	4.99745962469e-05	4.16454968724e-06	4.16454968724e-06	0	0.00154088338428	0	7.49618943704e-05	0.000133265589992	8.74555434321e-05	0.000828745387761	0.000333163974979	0	0.000258202080609	0	6.24682453086e-05	8.32909937448e-06	0	0	0	0	0.00113692206462	1.24936490617e-05	2.08227484362e-05	2.49872981235e-05	0.00084540358651	0	4.16454968724e-06	1.6658198749e-05	0.000349822173728	2.91518478107e-05	1.24936490617e-05	0	0	0	5.83036956214e-05	0.000795428990263	0.000112442841556	0.0021863885858	0.000383138571226	0.000399796769975	0.000333163974979	1.24936490617e-05	4.58100465597e-05	8.32909937448e-06	6.66327949959e-05	4.58100465597e-05	4.58100465597e-05	0	0
0.000462265015284	0.000366480372477	0.000158252888115	0	4.99745962469e-05	0.000358151273103	0.000862061785259	0.000491416863095	0.00109527656774	9.57846428066e-05	0.000445606816535	0.0319962352471	0.000512239611531	0.00585535686026	0.00211142669143	8.32909937448e-06	8.32909937448e-05	0.000899542732444	0.00239461607016	0.00550137013685	0.000466429564971	0.000262366630296	9.99491924938e-05	0.000566378757465	0.000124936490617	0.00159502253021	0.0129892304745	0.00203230024737	0.000324834875605	0.00210309759206	0.000291518478107	0.00158252888115	0.000562214207778	0.000224885683111	0.0119605867018	1.6658198749e-05	0.000312341226543	1.6658198749e-05	0	2.08227484362e-05	0	8.32909937448e-06	2.49872981235e-05	2.08227484362e-05	9.57846428066e-05	1.6658198749e-05	0.000583036956214	8.32909937448e-06	0.0013368204496	1.6658198749e-05	0	4.16454968724e-06	2.08227484362e-05	0.000112442841556	0.000104113742181	8.32909937448e-06	1.24936490617e-05	2.08227484362e-05	3.33163974979e-05	0.000108278291868	0.000841239036823	0.000995327375251	0.000849568136197	5.83036956214e-05	5.41391459342e-05	4.16454968724e-06	7.91264440576e-05	0	0	0.000174911086864	0.00220304678455	0.00325251330574	0.00604692614588	0.000587201505901	8.74555434321e-05	0.000595530605276	0.000145759239053	6.66327949959e-05	0.000932859129942	0.000212392034049	4.99745962469e-05	0	0	0.000220721133424
0.000832909937448	3.74809471852e-05	1.24936490617e-05	0	0.00536393999717	0.000578872406527	0.0127185347448	0.00150756698678	0.00353153813478	0.00149090878803	0.00618852083524	0.000512239611531	0.0341368137863	4.99745962469e-05	0.00320253870949	0.00187821190895	1.24936490617e-05	1.24936490617e-05	4.16454968724e-05	4.58100465597e-05	0.0146800376475	2.49872981235e-05	4.16454968724e-05	4.99745962469e-05	0.00219471768518	1.24936490617e-05	0.000204062934675	9.57846428066e-05	0.00184906006114	0.00199898384988	8.32909937448e-05	1.24936490617e-05	0.00060385970465	0.000441442266848	0.0021530721883	8.74555434321e-05	1.6658198749e-05	4.16454968724e-06	0	0.000578872406527	8.32909937448e-06	0.00206978119456	0.000387303120914	0.000691315248082	0.000641340651835	0.00260700810421	5.41391459342e-05	0.00512239611531	4.16454968724e-05	0.000383138571226	0.000170746537177	8.32909937448e-06	4.16454968724e-06	4.16454968724e-06	4.16454968724e-05	0.00222386953299	8.32909937448e-06	1.6658198749e-05	2.49872981235e-05	0.000645505201523	4.16454968724e-06	7.07973446831e-05	4.58100465597e-05	0.000254037530922	0.000478923214033	4.16454968724e-06	4.16454968724e-06	8.32909937448e-06	0	0.000624682453086	0.000753783493391	8.74555434321e-05	0.00150756698678	0.000237379332173	0.00196566745238	0.000424784068099	1.24936490617e-05	0.000179075636551	5.41391459342e-05	0.000449771366222	6.24682453086e-05	0.000237379332173	1.24936490617e-05	1.24936490617e-05
4.99745962469e-05	0.000116607391243	4.16454968724e-06	0	4.16454968724e-06	5.83036956214e-05	0.000116607391243	4.58100465597e-05	0.000129101040305	8.32909937448e-06	6.66327949959e-05	0.00585535686026	4.99745962469e-05	0.0137180266698	0.000212392034049	0	4.16454968724e-06	3.74809471852e-05	4.58100465597e-05	0.00012077194093	5.41391459342e-05	1.24936490617e-05	3.74809471852e-05	3.33163974979e-05	1.6658198749e-05	0.00345241169072	0.00321919690824	0.00212808489018	3.33163974979e-05	0.00016658198749	1.24936490617e-05	0.0014034532446	7.91264440576e-05	2.08227484362e-05	0.000862061785259	0	0.000129101040305	1.24936490617e-05	0	4.16454968724e-06	0	2.08227484362e-05	1.6658198749e-05	2.49872981235e-05	1.6658198749e-05	2.08227484362e-05	0.000795428990263	2.08227484362e-05	0.00189070555801	2.91518478107e-05	4.16454968724e-06	4.16454968724e-06	1.24936490617e-05	0.000158252888115	9.57846428066e-05	1.24936490617e-05	0	1.24936490617e-05	1.24936490617e-05	1.24936490617e-05	0.0010453019715	0.00103280832244	0.00060385970465	2.08227484362e-05	4.16454968724e-05	0	0.000104113742181	1.24936490617e-05	0	0.000199898384988	0.000183240186239	0.00093702367963	0.000782935341202	0.000224885683111	8.32909937448e-06	9.16200931193e-05	0.000304012127169	3.74809471852e-05	0.00135347864835	0.000324834875605	0.00012077194093	8.32909937448e-06	0	0.000308176676856
0.016191769184	7.07973446831e-05	0.000903707282132	0	0.000599695154963	0.00201564204863	0.00643839381648	0.0118523084099	0.0198315856106	0.00109944111743	0.00505576332031	0.00211142669143	0.00320253870949	0.000212392034049	0.0449063392775	0.000170746537177	0.000108278291868	0.000699644347457	0.000104113742181	0.000353986723416	0.00326084240511	0.000691315248082	0.000333163974979	0.00109111201806	0.00132849135023	4.16454968724e-05	0.00112442841556	0.000508075061844	0.00396048675257	0.0163999966684	0.00439359992004	7.91264440576e-05	0.00461015650378	0.0019906547505	0.00740456934392	9.16200931193e-05	2.49872981235e-05	1.24936490617e-05	0	0.000145759239053	0	5.83036956214e-05	0.000312341226543	0.000112442841556	0.00102447922306	0.000104113742181	8.32909937448e-06	5.83036956214e-05	3.33163974979e-05	7.07973446831e-05	0	2.08227484362e-05	4.16454968724e-06	4.16454968724e-06	1.24936490617e-05	0.000112442841556	3.33163974979e-05	7.49618943704e-05	6.66327949959e-05	0.000941188229317	1.6658198749e-05	4.16454968724e-05	7.91264440576e-05	0.000691315248082	3.74809471852e-05	2.08227484362e-05	4.16454968724e-06	0	0	9.57846428066e-05	0.00274443824389	0.000395632220288	0.00453935915909	0.000899542732444	0.00108694746837	0.0012077194093	3.33163974979e-05	9.57846428066e-05	2.91518478107e-05	0.000116607391243	7.91264440576e-05	2.49872981235e-05	8.32909937448e-06	4.16454968724e-06
3.74809471852e-05	7.49618943704e-05	0	0	0.000220721133424	0.00159085798053	0.00272778004514	0.000212392034049	0.000424784068099	0.000849568136197	7.07973446831e-05	8.32909937448e-06	0.00187821190895	0	0.000170746537177	0.00799593539951	1.24936490617e-05	0	0	0	0.000224885683111	8.32909937448e-06	9.57846428066e-05	1.24936490617e-05	0.000370644922165	0	8.32909937448e-06	4.58100465597e-05	0.00031650577623	0.000108278291868	2.08227484362e-05	0	0.000149923788741	2.08227484362e-05	0.000145759239053	8.32909937448e-06	0	0	0	8.32909937448e-05	0	4.16454968724e-06	1.24936490617e-05	1.24936490617e-05	0.000249872981235	2.08227484362e-05	0	3.33163974979e-05	0	4.16454968724e-06	0	0	8.32909937448e-06	0	4.16454968724e-06	2.91518478107e-05	1.6658198749e-05	4.16454968724e-06	8.32909937448e-06	0.0001957338353	0	8.32909937448e-06	4.16454968724e-06	9.16200931193e-05	4.16454968724e-06	8.32909937448e-06	0	0	0	4.16454968724e-06	0.000320670325918	8.32909937448e-06	0.000108278291868	2.08227484362e-05	0.00393549945444	2.08227484362e-05	0	0	0	1.24936490617e-05	1.6658198749e-05	8.32909937448e-06	0	0
9.16200931193e-05	0.00077044169214	0.000366480372477	0	4.16454968724e-06	1.24936490617e-05	3.33163974979e-05	0.000279024829045	4.16454968724e-05	0.000837074487136	3.74809471852e-05	8.32909937448e-05	1.24936490617e-05	4.16454968724e-06	0.000108278291868	1.24936490617e-05	0.0196983200207	0.000304012127169	8.32909937448e-06	0.000104113742181	1.6658198749e-05	0.00253621075953	0.00979502086439	0.00675489959271	0.00480589033908	2.08227484362e-05	0.00031650577623	0.00599695154963	0.0028402228867	0.000262366630296	0.000707973446831	0	4.16454968724e-06	0.00012077194093	0.000862061785259	0.00012077194093	9.57846428066e-05	9.99491924938e-05	0	1.6658198749e-05	0	1.24936490617e-05	0.000279024829045	4.99745962469e-05	0.00115358026337	1.6658198749e-05	4.16454968724e-06	8.32909937448e-06	8.32909937448e-06	5.41391459342e-05	0	0.000941188229317	4.58100465597e-05	0	0	4.16454968724e-06	0.000662163400272	0.00304428582137	0.0013368204496	0.000853732685885	4.16454968724e-06	8.74555434321e-05	0.000445606816535	0.001011985574	6.66327949959e-05	0.000337328524667	0	0	2.08227484362e-05	0.000124936490617	0.002023971148	0.000895378182757	0.0011410866143	0.000499745962469	7.91264440576e-05	7.91264440576e-05	8.32909937448e-06	0.000212392034049	5.83036956214e-05	0.000108278291868	9.57846428066e-05	2.08227484362e-05	0	0
0.000882884533695	0.00173661721958	0.00530147175186	0	4.16454968724e-06	2.91518478107e-05	5.83036956214e-05	0.000978669176502	0.000258202080609	0.00012077194093	3.74809471852e-05	0.000899542732444	1.24936490617e-05	3.74809471852e-05	0.000699644347457	0	0.000304012127169	0.0315422993312	0.000258202080609	0.00688400063301	3.74809471852e-05	0.00342325984291	0.000499745962469	0.00913285746412	0.000249872981235	4.16454968724e-05	0.00704641807081	0.00633844462398	0.000991162825564	0.00134098499929	0.00378141111602	8.32909937448e-06	4.16454968724e-05	0.000149923788741	0.00852483320979	8.32909937448e-06	0.000903707282132	0.000424784068099	0	8.32909937448e-06	0	0	3.74809471852e-05	8.32909937448e-06	7.91264440576e-05	4.16454968724e-06	2.91518478107e-05	0	2.49872981235e-05	8.32909937448e-06	0	5.83036956214e-05	0.000245708431547	1.6658198749e-05	0.00028735392842	8.32909937448e-06	5.83036956214e-05	0.0001957338353	0.000262366630296	6.66327949959e-05	9.57846428066e-05	0.0018282373127	0.00180325001458	9.16200931193e-05	8.32909937448e-06	1.24936490617e-05	0	0	0	0.000108278291868	0.0026444890514	0.00135764319804	0.00312757681512	0.000562214207778	3.74809471852e-05	3.74809471852e-05	4.16454968724e-06	0.00016658198749	0.000170746537177	0.000229050232798	0.000116607391243	4.16454968724e-06	4.16454968724e-06	4.16454968724e-06
2.08227484362e-05	2.91518478107e-05	2.49872981235e-05	0	4.16454968724e-06	1.24936490617e-05	5.83036956214e-05	4.16454968724e-05	4.58100465597e-05	1.24936490617e-05	4.16454968724e-05	0.00239461607016	4.16454968724e-05	4.58100465597e-05	0.000104113742181	0	8.32909937448e-06	0.000258202080609	0.00432696712504	0.00224469228142	4.16454968724e-05	3.33163974979e-05	2.08227484362e-05	6.24682453086e-05	1.24936490617e-05	5.83036956214e-05	0.00243626156704	0.000162417437802	4.99745962469e-05	0.000133265589992	6.66327949959e-05	1.6658198749e-05	1.6658198749e-05	2.91518478107e-05	0.00114525116399	0	2.49872981235e-05	4.16454968724e-06	0	4.16454968724e-06	0	0	0	0	1.24936490617e-05	0	2.08227484362e-05	0	8.74555434321e-05	0	0	0	8.32909937448e-06	4.16454968724e-06	2.08227484362e-05	4.16454968724e-06	0	4.16454968724e-06	4.16454968724e-06	8.32909937448e-06	6.24682453086e-05	0.000133265589992	9.99491924938e-05	0	0	0	0	0	0	8.32909937448e-06	0.000374809471852	0.000353986723416	0.000674657049333	0.00012077194093	0	3.74809471852e-05	8.32909937448e-06	1.24936490617e-05	2.08227484362e-05	2.49872981235e-05	1.24936490617e-05	0	0	0
0.000237379332173	0.0011744030118	0.000578872406527	0	4.16454968724e-06	2.49872981235e-05	9.16200931193e-05	0.000224885683111	0.000104113742181	7.91264440576e-05	5.83036956214e-05	0.00550137013685	4.58100465597e-05	0.00012077194093	0.000353986723416	0	0.000104113742181	0.00688400063301	0.00224469228142	0.0202313823806	5.83036956214e-05	0.000524733260593	0.000208227484362	0.00119939030993	9.16200931193e-05	0.000149923788741	0.0110568794196	0.00296515937732	0.000308176676856	0.000533062359967	0.000695479797769	2.08227484362e-05	2.08227484362e-05	0.00012077194093	0.00695896252738	1.24936490617e-05	0.000941188229317	0.000108278291868	0	8.32909937448e-06	0	1.24936490617e-05	2.91518478107e-05	4.16454968724e-06	3.74809471852e-05	1.6658198749e-05	3.74809471852e-05	8.32909937448e-06	0.00012077194093	1.24936490617e-05	0	2.91518478107e-05	4.58100465597e-05	3.74809471852e-05	0.000237379332173	8.32909937448e-06	4.99745962469e-05	5.41391459342e-05	0.000116607391243	4.16454968724e-05	0.000299847577481	0.00146592148991	0.00107445381931	3.74809471852e-05	2.08227484362e-05	8.32909937448e-06	0	0	0	7.91264440576e-05	0.00250289436203	0.00181574366364	0.00350238628697	0.000516404161218	2.08227484362e-05	7.07973446831e-05	2.08227484362e-05	0.000133265589992	0.000141594689366	0.000183240186239	8.32909937448e-05	4.16454968724e-06	0	4.16454968724e-06
0.000978669176502	1.24936490617e-05	1.24936490617e-05	0	0.00800009994919	0.000349822173728	0.00710472176644	0.00296099482763	0.00299014667544	0.000732960744955	0.00832077027511	0.000466429564971	0.0146800376475	5.41391459342e-05	0.00326084240511	0.000224885683111	1.6658198749e-05	3.74809471852e-05	4.16454968724e-05	5.83036956214e-05	0.026244992129	6.24682453086e-05	2.08227484362e-05	9.16200931193e-05	0.00225718593049	4.16454968724e-06	0.000204062934675	6.24682453086e-05	0.00380223386445	0.00227384412923	0.000129101040305	4.16454968724e-06	0.00043727771716	0.000841239036823	0.00239045152048	0.00016658198749	8.32909937448e-06	0	0	0.00243626156704	4.16454968724e-06	0.000462265015284	0.000295683027794	0.000274860279358	0.000782935341202	0.00100365647463	2.49872981235e-05	0.00231132507642	1.24936490617e-05	0.000220721133424	4.16454968724e-05	1.24936490617e-05	0	0	8.32909937448e-06	0.00339827254479	4.16454968724e-06	2.49872981235e-05	2.49872981235e-05	0.000999491924938	0	2.08227484362e-05	2.49872981235e-05	0.00040812586935	0.000216556583737	4.16454968724e-06	0	1.24936490617e-05	4.16454968724e-06	0.000274860279358	0.00064966975121	0.000112442841556	0.00181157911395	0.000308176676856	0.000445606816535	0.000353986723416	1.24936490617e-05	0.000116607391243	1.6658198749e-05	0.000191569285613	5.83036956214e-05	8.74555434321e-05	0	8.32909937448e-06
0.00077044169214	0.000216556583737	0.0024487552161	0	1.24936490617e-05	3.33163974979e-05	7.49618943704e-05	0.00206561664487	0.00031650577623	0.00060385970465	9.57846428066e-05	0.000262366630296	2.49872981235e-05	1.24936490617e-05	0.000691315248082	8.32909937448e-06	0.00253621075953	0.00342325984291	3.33163974979e-05	0.000524733260593	6.24682453086e-05	0.0417537751643	0.00293600752951	0.01944011794	0.0015658706824	1.24936490617e-05	0.00108694746837	0.00131183315148	0.00855814960728	0.00224885683111	0.0118939539068	4.16454968724e-06	3.74809471852e-05	0.000999491924938	0.00528481355311	0.000179075636551	5.83036956214e-05	9.16200931193e-05	0	1.6658198749e-05	0	2.08227484362e-05	0.000333163974979	5.41391459342e-05	0.00113692206462	1.6658198749e-05	1.24936490617e-05	1.24936490617e-05	1.24936490617e-05	9.99491924938e-05	4.16454968724e-06	0.000370644922165	5.41391459342e-05	8.32909937448e-06	2.49872981235e-05	8.32909937448e-06	0.000516404161218	0.00152838973522	0.000624682453086	0.000803758089638	1.24936490617e-05	0.000104113742181	0.000262366630296	0.000949517328691	0.000104113742181	0.000295683027794	0	4.16454968724e-06	8.32909937448e-06	0.000133265589992	0.00299431122513	0.00102031467337	0.00495997867751	0.00155337703334	0.000170746537177	0.000124936490617	4.16454968724e-06	0.000204062934675	5.41391459342e-05	0.000162417437802	0.000154088338428	2.91518478107e-05	4.16454968724e-06	4.16454968724e-06
0.00024154388186	0.0046684601994	0.001078618369	0	1.24936490617e-05	2.49872981235e-05	3.74809471852e-05	0.000608024254337	0.000137430139679	0.00613438168931	5.41391459342e-05	9.99491924938e-05	4.16454968724e-05	3.74809471852e-05	0.000333163974979	9.57846428066e-05	0.00979502086439	0.000499745962469	2.08227484362e-05	0.000208227484362	2.08227484362e-05	0.00293600752951	0.0323044119239	0.00616353353712	0.00718384821049	0.000187404735926	0.000920365480881	0.00869974429665	0.00310675406668	0.000816251738699	0.00157419978178	8.32909937448e-06	2.08227484362e-05	0.000458100465597	0.00131183315148	0.000399796769975	0.000458100465597	0.000333163974979	0	4.58100465597e-05	0	1.24936490617e-05	0.000820416288387	0.000133265589992	0.00356901908197	2.08227484362e-05	1.6658198749e-05	2.08227484362e-05	1.24936490617e-05	0.000212392034049	4.16454968724e-06	0.00231965417579	0.000158252888115	4.16454968724e-06	2.49872981235e-05	2.08227484362e-05	0.00146592148991	0.00921614845787	0.00390218305695	0.00229883142736	4.99745962469e-05	0.000237379332173	0.00281107103889	0.0024487552161	0.000249872981235	0.000741289844329	4.16454968724e-06	4.16454968724e-06	2.91518478107e-05	0.000374809471852	0.00198232565113	0.000862061785259	0.00110360566712	0.000366480372477	0.000266531179984	6.24682453086e-05	0	0.00055804965809	0.000179075636551	0.000349822173728	0.000220721133424	3.74809471852e-05	4.16454968724e-06	0
0.0013701368471	0.000587201505901	0.011398372494	0	1.24936490617e-05	4.16454968724e-05	0.000129101040305	0.00302762762263	0.000445606816535	0.000520568710905	0.000145759239053	0.000566378757465	4.99745962469e-05	3.33163974979e-05	0.00109111201806	1.24936490617e-05	0.00675489959271	0.00913285746412	6.24682453086e-05	0.00119939030993	9.16200931193e-05	0.01944011794	0.00616353353712	0.064567178351	0.00114941571368	1.6658198749e-05	0.00296099482763	0.0089121363307	0.00430614437661	0.00183656641207	0.00575540766777	1.24936490617e-05	4.16454968724e-05	0.000766277142453	0.0072130000583	0.000174911086864	0.000333163974979	0.000299847577481	0	3.33163974979e-05	0	2.08227484362e-05	0.000291518478107	4.58100465597e-05	0.00089121363307	2.08227484362e-05	1.6658198749e-05	0	2.08227484362e-05	9.16200931193e-05	4.16454968724e-06	0.00147841513897	0.000162417437802	1.6658198749e-05	4.99745962469e-05	2.49872981235e-05	0.00084540358651	0.0048641940347	0.00286937473451	0.000974504626815	4.58100465597e-05	0.000308176676856	0.00155754158303	0.00106612471993	0.000124936490617	0.000370644922165	0	0	1.24936490617e-05	0.0001957338353	0.00917866751068	0.0028402228867	0.00911203471569	0.00291934933076	0.000229050232798	0.000262366630296	1.6658198749e-05	0.000491416863095	0.000149923788741	0.000328999425292	0.000383138571226	5.83036956214e-05	1.24936490617e-05	8.32909937448e-06
0.000799593539951	0.00123687125711	0.000312341226543	0	0.00217805948643	0.000108278291868	0.000608024254337	0.00423534703193	0.000807922639325	0.00922447755724	0.00067882159902	0.000124936490617	0.00219471768518	1.6658198749e-05	0.00132849135023	0.000370644922165	0.00480589033908	0.000249872981235	1.24936490617e-05	9.16200931193e-05	0.00225718593049	0.0015658706824	0.00718384821049	0.00114941571368	0.0398422468578	6.24682453086e-05	0.000345657624041	0.00192818650519	0.0157170105197	0.00229883142736	0.00249872981235	8.32909937448e-06	9.16200931193e-05	0.00159502253021	0.00318588051074	0.00048308776372	0.000141594689366	8.74555434321e-05	0	0.000778770791514	0	0.000137430139679	0.00166165532521	0.000412290419037	0.00619684993462	0.000478923214033	3.33163974979e-05	0.000179075636551	2.91518478107e-05	0.000399796769975	1.6658198749e-05	0.000129101040305	4.99745962469e-05	1.24936490617e-05	1.6658198749e-05	0.000383138571226	0.000254037530922	0.000862061785259	0.00028735392842	0.00628430547805	2.91518478107e-05	9.99491924938e-05	0.000233214782486	0.00386053756007	0.000345657624041	0.000353986723416	4.16454968724e-06	1.24936490617e-05	4.16454968724e-05	0.000516404161218	0.00251538801109	0.000616353353712	0.00207811029393	0.000691315248082	0.000757948043078	0.000162417437802	4.16454968724e-06	0.000478923214033	6.66327949959e-05	0.000358151273103	0.000124936490617	7.91264440576e-05	4.16454968724e-06	4.16454968724e-06
8.32909937448e-06	0.000887049083383	0	0	0	8.32909937448e-06	8.32909937448e-06	1.24936490617e-05	2.49872981235e-05	0.000108278291868	4.16454968724e-06	0.00159502253021	1.24936490617e-05	0.00345241169072	4.16454968724e-05	0	2.08227484362e-05	4.16454968724e-05	5.83036956214e-05	0.000149923788741	4.16454968724e-06	1.24936490617e-05	0.000187404735926	1.6658198749e-05	6.24682453086e-05	0.00828328932792	0.00222803408267	0.00222803408267	0	4.58100465597e-05	1.6658198749e-05	0.000137430139679	1.24936490617e-05	1.24936490617e-05	0.000245708431547	0	0.000516404161218	8.32909937448e-06	0	0	0	1.24936490617e-05	4.16454968724e-06	1.6658198749e-05	8.32909937448e-06	1.6658198749e-05	0.000749618943704	2.08227484362e-05	0.00188654100832	8.32909937448e-06	0	0	4.16454968724e-06	0.000154088338428	0.000162417437802	8.32909937448e-06	0	1.24936490617e-05	0	4.16454968724e-06	0.00223636318205	0.000978669176502	0.000895378182757	0	2.08227484362e-05	0	0.000108278291868	4.16454968724e-06	0	0.00016658198749	7.49618943704e-05	0.000162417437802	0.000137430139679	4.16454968724e-06	1.6658198749e-05	1.6658198749e-05	0.000129101040305	4.58100465597e-05	0.000974504626815	0.000233214782486	3.33163974979e-05	4.16454968724e-06	0	0.000187404735926
0.000762112592765	0.00739624024454	0.00597612880119	0	2.91518478107e-05	0.000124936490617	0.000345657624041	0.00108278291868	0.000562214207778	0.000428948617786	0.000170746537177	0.0129892304745	0.000204062934675	0.00321919690824	0.00112442841556	8.32909937448e-06	0.00031650577623	0.00704641807081	0.00243626156704	0.0110568794196	0.000204062934675	0.00108694746837	0.000920365480881	0.00296099482763	0.000345657624041	0.00222803408267	0.0753700202397	0.0227217830936	0.000737125294642	0.00132432680054	0.00153671883459	0.00186571825988	0.00016658198749	0.00024154388186	0.00811670734044	6.24682453086e-05	0.0061052298415	0.001011985574	0	3.33163974979e-05	4.16454968724e-06	3.33163974979e-05	8.74555434321e-05	6.24682453086e-05	0.000170746537177	3.74809471852e-05	0.000712137996518	2.91518478107e-05	0.00254870440859	4.58100465597e-05	8.32909937448e-06	0.000112442841556	0.000620517903399	0.000595530605276	0.0018615537102	2.08227484362e-05	0.000129101040305	0.000333163974979	0.000337328524667	0.000191569285613	0.00491833318063	0.00967841347315	0.00905373102006	0.000187404735926	0.000104113742181	2.49872981235e-05	0.000158252888115	4.16454968724e-06	0	0.000591366055588	0.0052223453078	0.0048308776372	0.00550137013685	0.00089121363307	9.57846428066e-05	0.000279024829045	3.33163974979e-05	0.000762112592765	0.00147425058928	0.00119939030993	0.000383138571226	3.33163974979e-05	4.16454968724e-06	6.66327949959e-05
0.000391467670601	0.0142635826788	0.0113067524009	0	2.49872981235e-05	4.58100465597e-05	0.000116607391243	0.000745454394016	0.000233214782486	0.00149507333772	6.66327949959e-05	0.00203230024737	9.57846428066e-05	0.00212808489018	0.000508075061844	4.58100465597e-05	0.00599695154963	0.00633844462398	0.000162417437802	0.00296515937732	6.24682453086e-05	0.00131183315148	0.00869974429665	0.0089121363307	0.00192818650519	0.00222803408267	0.0227217830936	0.0809796686684	0.00128268130367	0.00055804965809	0.00112442841556	0.000254037530922	6.66327949959e-05	0.000141594689366	0.00510157336687	5.41391459342e-05	0.00687567153364	0.00212392034049	0	2.08227484362e-05	0	2.49872981235e-05	0.000154088338428	4.16454968724e-05	0.000245708431547	3.33163974979e-05	0.000279024829045	1.6658198749e-05	0.000962010977753	3.33163974979e-05	8.32909937448e-06	0.00089121363307	0.00107028926962	0.00028735392842	0.000916200931193	1.6658198749e-05	0.000320670325918	0.00439359992004	0.00353570268447	0.000333163974979	0.00236129967267	0.00571792672058	0.010465513364	0.000345657624041	6.24682453086e-05	8.32909937448e-05	7.91264440576e-05	0	1.24936490617e-05	0.000478923214033	0.00704641807081	0.00332331065042	0.00507658606875	0.001011985574	0.000199898384988	0.000162417437802	2.91518478107e-05	0.000837074487136	0.00101615012369	0.000962010977753	0.000508075061844	4.58100465597e-05	1.6658198749e-05	3.74809471852e-05
0.00226551502986	0.000299847577481	0.00105779562056	0	0.00494332047876	0.000229050232798	0.00315256411324	0.020839406635	0.00358567728072	0.00615520443774	0.00818334013543	0.000324834875605	0.00184906006114	3.33163974979e-05	0.00396048675257	0.00031650577623	0.0028402228867	0.000991162825564	4.99745962469e-05	0.000308176676856	0.00380223386445	0.00855814960728	0.00310675406668	0.00430614437661	0.0157170105197	0	0.000737125294642	0.00128268130367	0.0631220796095	0.00522650985749	0.00732127835017	1.6658198749e-05	0.000258202080609	0.00311091861637	0.00611772349056	0.000495581412782	0.000112442841556	8.74555434321e-05	0	0.00371477832102	8.32909937448e-06	0.000208227484362	0.00153255428491	0.00048308776372	0.00746287303954	0.000862061785259	3.33163974979e-05	0.000720467095893	2.08227484362e-05	0.00040812586935	4.99745962469e-05	0.000149923788741	3.74809471852e-05	0	2.08227484362e-05	0.00231965417579	0.000258202080609	0.000778770791514	0.000374809471852	0.0063967483196	1.6658198749e-05	9.99491924938e-05	0.000233214782486	0.0038855248582	0.000345657624041	0.000374809471852	4.16454968724e-06	4.16454968724e-06	2.49872981235e-05	0.000516404161218	0.00357734818134	0.00084540358651	0.00484753583595	0.00154504793397	0.000878719984008	0.000262366630296	1.6658198749e-05	0.000553885108403	9.16200931193e-05	0.000412290419037	0.000149923788741	0.00012077194093	1.6658198749e-05	0
0.00702559532238	0.000104113742181	0.00100365647463	0	0.000420619518411	0.00048308776372	0.0021863885858	0.010586285305	0.00400629679913	0.00144926329116	0.00366896827446	0.00210309759206	0.00199898384988	0.00016658198749	0.0163999966684	0.000108278291868	0.000262366630296	0.00134098499929	0.000133265589992	0.000533062359967	0.00227384412923	0.00224885683111	0.000816251738699	0.00183656641207	0.00229883142736	4.58100465597e-05	0.00132432680054	0.00055804965809	0.00522650985749	0.0459266539509	0.0120605358943	6.66327949959e-05	0.00113275751493	0.0131807997601	0.0146758730978	0.000145759239053	2.08227484362e-05	2.91518478107e-05	0	0.000162417437802	0	8.74555434321e-05	0.000474758664346	0.000158252888115	0.00144926329116	0.000154088338428	1.6658198749e-05	5.41391459342e-05	3.33163974979e-05	0.000104113742181	0	2.91518478107e-05	8.32909937448e-06	0	1.24936490617e-05	0.000133265589992	2.91518478107e-05	0.000129101040305	9.99491924938e-05	0.00112442841556	1.24936490617e-05	5.41391459342e-05	0.000116607391243	0.000899542732444	7.91264440576e-05	6.66327949959e-05	4.16454968724e-06	0	0	0.000124936490617	0.00326917150449	0.000570543307152	0.00715886091237	0.00142011144335	0.000491416863095	0.000699644347457	4.58100465597e-05	0.000149923788741	3.74809471852e-05	0.00012077194093	9.99491924938e-05	2.91518478107e-05	0	8.32909937448e-06
