0.00958526783332	8.21007951462e-06	8.21007951462e-05	0	0.000114941113205	2.05251987866e-05	0.0007019617985	0.00247944401342	0.00129308752355	0.000246302385439	0.00133824296088	9.03108746608e-05	9.03108746608e-05	0	0.00510666945809	1.64201590292e-05	2.87352783012e-05	0.000135466311991	1.23151192719e-05	5.74705566023e-05	0.000217567107137	7.79957553889e-05	2.87352783012e-05	0.000110836073447	0.000311983021556	0	5.3365516845e-05	4.10503975731e-05	0.000755327315345	0.00453196389207	0.00324708644803	0	8.21007951462e-06	0.000192936868594	0.000513129969664	2.87352783012e-05	4.10503975731e-06	1.23151192719e-05	0	4.10503975731e-05	0	4.10503975731e-06	2.05251987866e-05	8.21007951462e-06	0.000114941113205	2.46302385439e-05	0	1.23151192719e-05	0	4.51554373304e-05	0	1.23151192719e-05	0	0	0	1.64201590292e-05	4.10503975731e-06	3.69453578158e-05	2.05251987866e-05	7.38907156316e-05	0	0	8.21007951462e-06	5.3365516845e-05	4.51554373304e-05	4.92604770877e-05	0	8.21007951462e-06	0	6.15755963597e-05	0.00016830663005	5.74705566023e-05	0.000500814850392	7.38907156316e-05	7.38907156316e-05	0	4.10503975731e-06	3.69453578158e-05	4.10503975731e-06	4.51554373304e-05	1.23151192719e-05	1.23151192719e-05	4.10503975731e-06	0
8.21007951462e-06	0.0171385409868	0.00191294852691	0	1.23151192719e-05	8.21007951462e-06	1.64201590292e-05	9.03108746608e-05	4.92604770877e-05	0.00121509176816	2.05251987866e-05	0.000184726789079	6.5680636117e-05	0.000295562862526	2.05251987866e-05	5.3365516845e-05	0.000500814850392	0.00155581006802	3.69453578158e-05	0.000669121480442	0	0.000127256232477	0.0031157251758	0.000406398935974	0.00105089017787	0.00203199467987	0.00544738775795	0.00909266306244	0.000225777186652	2.87352783012e-05	8.62058349035e-05	0	4.10503975731e-06	4.10503975731e-06	0.000365348538401	1.64201590292e-05	0.00792272673161	0.000303772942041	0	1.23151192719e-05	0	4.10503975731e-06	0	8.21007951462e-06	8.21007951462e-05	0	6.15755963597e-05	4.10503975731e-06	0.000127256232477	2.46302385439e-05	0	2.87352783012e-05	0.000960579303211	4.92604770877e-05	0.00042692413476	4.10503975731e-06	4.10503975731e-05	0.000238092305924	0.000155991510778	6.5680636117e-05	0.000435134214275	0.00313214533483	0.00405577928022	3.69453578158e-05	2.05251987866e-05	4.51554373304e-05	2.46302385439e-05	4.10503975731e-06	8.21007951462e-06	0.000229882226409	0.000903108746608	0.000816902911705	0.00038176869743	9.44159144181e-05	6.5680636117e-05	0	3.28403180585e-05	0.000242197345681	0.000242197345681	0.000217567107137	7.79957553889e-05	8.21007951462e-06	8.21007951462e-06	0
8.21007951462e-05	0.00191294852691	0.037347651712	0	4.10503975731e-06	1.23151192719e-05	0.000135466311991	0.00192526364618	0.000340718299857	0.00038176869743	0.000496709810635	0.000197041908351	4.92604770877e-05	2.87352783012e-05	0.000418714055246	4.92604770877e-05	0.000599335804567	0.00926096969249	8.21007951462e-05	0.000767642434617	2.87352783012e-05	0.00212230555453	0.00142034375603	0.0122453335961	0.000685541639471	4.92604770877e-05	0.00779957553889	0.0145195256216	0.00275448167716	0.000205251987866	0.000829218030977	8.21007951462e-06	4.10503975731e-06	2.87352783012e-05	0.00147370927287	5.3365516845e-05	0.00587431189271	0.00141213367651	0	1.64201590292e-05	0	4.10503975731e-06	4.92604770877e-05	2.46302385439e-05	0.000143676391506	0	4.10503975731e-05	8.21007951462e-06	5.3365516845e-05	5.3365516845e-05	0	0.00021346206738	0.00119456656938	4.10503975731e-05	0.00021346206738	8.21007951462e-06	0.000127256232477	0.00213872571356	0.000989314581512	0.00010673103369	7.79957553889e-05	0.00157633526681	0.00391620792847	9.03108746608e-05	7.38907156316e-05	0.000147781431263	8.21007951462e-06	4.10503975731e-06	2.46302385439e-05	0.000410503975731	0.00363706522498	0.00250817929172	0.00193347372569	0.00064038620214	0.000102625993933	2.05251987866e-05	2.05251987866e-05	0.000492604770877	0.00038176869743	0.000406398935974	0.000221672146895	4.10503975731e-06	1.64201590292e-05	4.10503975731e-06
0	0	0	0	0	0	0	0	0	0	0	0	0	0	0	0	0	0	0	0	0	0	0	0	0	0	0	0	0	0	0	0	0	0	0	0	0	0	0	0	0	0	0	0	0	0	0	0	0	0	0	0	0	0	0	0	0	0	0	0	0	0	0	0	0	0	0	0	0	0	0	0	0	0	0	0	0	0	0	0	0	0	0	0
0.000114941113205	1.23151192719e-05	4.10503975731e-06	0	0.0187230863331	4.92604770877e-05	0.00107962545617	0.00183084773176	0.00110836073447	0.00193757876545	0.00366169546352	0.000123151192719	0.00245070873511	4.10503975731e-06	0.000537760208208	0.000229882226409	4.51554373304e-05	1.23151192719e-05	2.05251987866e-05	6.5680636117e-05	0.00911318826123	2.87352783012e-05	7.38907156316e-05	2.46302385439e-05	0.00532834160499	0	2.05251987866e-05	2.46302385439e-05	0.00781599569792	0.000804587792433	0.000160096550535	0	0	7.38907156316e-05	0.000377663657673	5.74705566023e-05	4.10503975731e-06	0	0	0.00074711723583	0	4.92604770877e-05	2.46302385439e-05	4.92604770877e-05	0.00065680636117	0.000110836073447	4.10503975731e-06	0.000184726789079	0	9.44159144181e-05	1.23151192719e-05	0	0	0	0	9.85209541754e-05	4.10503975731e-06	1.23151192719e-05	4.10503975731e-06	0.000529550128693	0	0	4.10503975731e-06	0.000201146948108	9.44159144181e-05	1.64201590292e-05	0	8.21007951462e-06	0	8.21007951462e-05	0.000336613260099	0.000110836073447	0.000681436599713	0.000123151192719	0.000307877981798	8.21007951462e-06	4.10503975731e-06	0.000176516709564	4.10503975731e-06	5.3365516845e-05	1.64201590292e-05	0.000246302385439	8.21007951462e-06	0
2.05251987866e-05	8.21007951462e-06	1.23151192719e-05	0	4.92604770877e-05	0.00753274795466	0.0039038928092	0.000217567107137	0.00207304507744	0.000155991510778	0.000562390446751	5.74705566023e-05	0.000250407425196	0	0.000480289651605	0.00139571351749	8.21007951462e-06	2.87352783012e-05	1.64201590292e-05	3.28403180585e-05	0.000123151192719	8.21007951462e-06	8.21007951462e-06	2.87352783012e-05	0.000143676391506	4.10503975731e-06	2.05251987866e-05	1.64201590292e-05	0.00021346206738	0.000311983021556	4.51554373304e-05	0	0.000628071082868	4.10503975731e-06	0.000558285406994	0	4.10503975731e-06	0	0	1.23151192719e-05	0	4.10503975731e-06	4.10503975731e-06	8.21007951462e-06	8.21007951462e-06	4.10503975731e-06	0	8.21007951462e-06	0	8.21007951462e-06	0	0	0	0	0	8.21007951462e-06	0	0	4.10503975731e-06	2.05251987866e-05	0	0	4.10503975731e-06	8.21007951462e-06	4.10503975731e-06	0	0	0	0	1.64201590292e-05	0.000287352783012	4.92604770877e-05	0.00085384826952	0.000254512464953	0.00165843606195	0.0011535161718	8.21007951462e-06	4.10503975731e-06	1.23151192719e-05	2.46302385439e-05	8.21007951462e-06	0	4.10503975731e-06	8.21007951462e-06
0.0007019617985	1.64201590292e-05	0.000135466311991	0	0.00107962545617	0.0039038928092	0.0478770786895	0.00543917767844	0.0241992093693	0.00159275542584	0.0225284581881	0.000985209541754	0.0101599733993	5.74705566023e-05	0.00807050816287	0.00398188856459	7.38907156316e-05	0.000160096550535	0.00015188647102	0.000307877981798	0.00476595115824	0.000184726789079	7.79957553889e-05	0.000233987266167	0.00149833951142	1.23151192719e-05	0.00016830663005	0.000139571351749	0.00440881269935	0.00293099838672	0.000537760208208	4.10503975731e-06	0.000402293896216	5.3365516845e-05	0.00290226310842	9.44159144181e-05	4.10503975731e-06	0	0	0.000287352783012	1.23151192719e-05	5.3365516845e-05	6.97856758743e-05	7.38907156316e-05	0.000467974532333	8.62058349035e-05	4.10503975731e-06	0.000291457822769	4.10503975731e-06	0.000119046152962	1.23151192719e-05	1.64201590292e-05	4.10503975731e-06	0	4.10503975731e-06	8.21007951462e-05	2.87352783012e-05	4.51554373304e-05	2.46302385439e-05	0.000451554373304	4.10503975731e-06	4.10503975731e-06	1.64201590292e-05	0.000209357027623	0.000164201590292	8.62058349035e-05	0	4.10503975731e-06	4.10503975731e-06	0.000160096550535	0.00144497399457	0.000439239254032	0.0049424678678	0.000714276917772	0.00323477132876	0.000570600526266	2.87352783012e-05	0.000176516709564	3.69453578158e-05	0.000123151192719	4.51554373304e-05	0.000123151192719	3.28403180585e-05	1.23151192719e-05
0.00247944401342	9.03108746608e-05	0.00192526364618	0	0.00183084773176	0.000217567107137	0.00543917767844	0.0611897226225	0.00915834369856	0.00483984187387	0.0223847817966	0.00048849973112	0.00080869283219	3.28403180585e-05	0.00944569648157	0.000480289651605	0.000332508220342	0.00224956178701	9.85209541754e-05	0.000517235009421	0.00135055808016	0.00234808274118	0.000377663657673	0.00274216655788	0.00698677766694	8.21007951462e-06	0.000841533150249	0.000673226520199	0.0278485897136	0.00644901745873	0.0113463298892	0	4.10503975731e-05	0.000660911400927	0.00394904824653	0.000521340049178	0.00015188647102	7.79957553889e-05	0	0.000948264183939	1.23151192719e-05	0.000192936868594	0.000311983021556	0.000373558617915	0.001826742692	0.000431029174518	6.97856758743e-05	0.000180621749322	8.21007951462e-06	0.000706066838257	8.21007951462e-06	0.000155991510778	2.46302385439e-05	4.10503975731e-06	1.23151192719e-05	0.000328403180585	9.44159144181e-05	0.000398188856459	0.000254512464953	0.00191705356666	1.64201590292e-05	0.000102625993933	0.000135466311991	0.00104268009836	0.000944159144181	0.00055007532748	4.10503975731e-06	4.10503975731e-05	7.38907156316e-05	0.000960579303211	0.0030582546192	0.000796377712918	0.00412145991634	0.000919528905637	0.000956474263453	7.79957553889e-05	1.23151192719e-05	0.000463869492576	8.21007951462e-05	0.00065680636117	0.000258617504711	0.000233987266167	9.03108746608e-05	4.10503975731e-06
0.00129308752355	4.92604770877e-05	0.000340718299857	0	0.00110836073447	0.00207304507744	0.0241992093693	0.00915834369856	0.0459723402421	0.00142034375603	0.0217320804752	0.00147781431263	0.00548843815552	8.21007951462e-05	0.0170194948338	0.000570600526266	9.85209541754e-05	0.000398188856459	0.000266827584225	0.000587020685295	0.00451554373304	0.000439239254032	5.74705566023e-05	0.000480289651605	0.00164612094268	2.87352783012e-05	0.000311983021556	0.00016830663005	0.0049424678678	0.00403525408144	0.00135055808016	1.64201590292e-05	0.000369453578158	7.38907156316e-05	0.00442933789814	0.00016830663005	4.51554373304e-05	1.23151192719e-05	0	0.000270932623982	1.23151192719e-05	6.97856758743e-05	7.79957553889e-05	0.000102625993933	0.00053365516845	0.00015188647102	8.21007951462e-06	0.000258617504711	1.64201590292e-05	0.000205251987866	8.21007951462e-06	2.46302385439e-05	1.64201590292e-05	4.10503975731e-06	8.21007951462e-06	9.03108746608e-05	4.51554373304e-05	6.97856758743e-05	5.3365516845e-05	0.00048849973112	1.64201590292e-05	3.69453578158e-05	4.51554373304e-05	0.000279142703497	0.000258617504711	0.000143676391506	4.10503975731e-06	4.10503975731e-06	2.46302385439e-05	0.000225777186652	0.00175285197637	0.000697856758743	0.00644491241898	0.000833323070734	0.0024999692122	0.000353033419129	8.21007951462e-05	0.000184726789079	4.92604770877e-05	0.000172411669807	7.79957553889e-05	0.000127256232477	3.28403180585e-05	2.46302385439e-05
0.000246302385439	0.00121509176816	0.00038176869743	0	0.00193757876545	0.000155991510778	0.00159275542584	0.00483984187387	0.00142034375603	0.0363049716137	0.00253280953026	0.000164201590292	0.00283247743254	4.10503975731e-05	0.000796377712918	0.00169948645953	0.00156402014754	0.000336613260099	3.69453578158e-05	0.000172411669807	0.000919528905637	0.000554180367237	0.00497941322562	0.000714276917772	0.0202706863216	0.00032019310107	0.000591125725053	0.00126024720549	0.010927615834	0.00162559574389	0.00200736444132	0	1.23151192719e-05	0.000242197345681	0.000759432355102	0.00173232677758	0.000184726789079	0.000209357027623	0	0.00264775064346	1.64201590292e-05	0.000611650923839	0.00129308752355	0.00110836073447	0.00986851557657	0.00108783553569	0.000114941113205	0.000599335804567	3.28403180585e-05	0.00209767531599	4.92604770877e-05	0.0007019617985	9.03108746608e-05	8.21007951462e-06	5.3365516845e-05	0.000927738985152	0.000574705566023	0.00343591827687	0.000623966043111	0.00607135380106	1.64201590292e-05	0.000184726789079	0.000258617504711	0.0034523384359	0.00270111616031	0.00318140581192	8.21007951462e-06	0.000147781431263	0.000316088061313	0.00264775064346	0.00174874693661	0.000484394691363	0.00114941113205	0.000221672146895	0.00151475967045	3.69453578158e-05	1.23151192719e-05	0.00183495277152	0.000258617504711	0.00176106205589	0.000681436599713	0.0010098397803	0.000270932623982	2.05251987866e-05
0.00133824296088	2.05251987866e-05	0.000496709810635	0	0.00366169546352	0.000562390446751	0.0225284581881	0.0223847817966	0.0217320804752	0.00253280953026	0.0708776164497	0.00155581006802	0.0138421940616	0.000114941113205	0.0122207033575	0.000648596281655	0.00010673103369	0.000525445088936	0.000303772942041	0.000784062593646	0.0151475967045	0.000665016440684	0.000114941113205	0.000623966043111	0.00332508220342	2.05251987866e-05	0.000459764452819	0.000250407425196	0.0164201590292	0.00610419411912	0.00163380582341	1.23151192719e-05	0.000119046152962	0.000307877981798	0.00486036707266	0.000246302385439	4.51554373304e-05	1.23151192719e-05	0	0.000825112991219	1.23151192719e-05	0.00016830663005	0.000139571351749	0.000205251987866	0.00129308752355	0.000340718299857	0	0.000558285406994	4.10503975731e-06	0.000324298140827	2.46302385439e-05	2.46302385439e-05	1.23151192719e-05	1.23151192719e-05	4.10503975731e-06	0.000279142703497	5.3365516845e-05	0.000119046152962	8.21007951462e-05	0.0012889824838	8.21007951462e-06	4.51554373304e-05	4.92604770877e-05	0.000623966043111	0.000394083816702	0.000188831828836	8.21007951462e-06	1.23151192719e-05	2.05251987866e-05	0.000348928379371	0.00231113738337	0.000784062593646	0.00709761374039	0.000923633945395	0.00181032253297	0.000180621749322	3.69453578158e-05	0.000316088061313	5.74705566023e-05	0.000287352783012	0.000127256232477	0.00032019310107	6.97856758743e-05	1.64201590292e-05
9.03108746608e-05	0.000184726789079	0.000197041908351	0	0.000123151192719	5.74705566023e-05	0.000985209541754	0.00048849973112	0.00147781431263	0.000164201590292	0.00155581006802	0.0291663074757	0.000541865247965	0.00426513630785	0.000607545884082	3.28403180585e-05	8.62058349035e-05	0.0007019617985	0.00548843815552	0.00765179410763	0.000574705566023	0.000201146948108	9.03108746608e-05	0.000307877981798	0.000233987266167	0.00256564984832	0.0059523076481	0.00159686046559	0.000599335804567	0.000981104501997	0.000192936868594	0.000229882226409	5.74705566023e-05	8.21007951462e-06	0.00706887846209	1.23151192719e-05	0.000303772942041	4.10503975731e-06	0	2.46302385439e-05	4.10503975731e-06	8.21007951462e-06	2.05251987866e-05	2.05251987866e-05	5.3365516845e-05	1.23151192719e-05	0.000993419621269	4.10503975731e-05	0.00202788964011	4.92604770877e-05	0	1.23151192719e-05	1.64201590292e-05	0.000131361272234	0.00010673103369	3.28403180585e-05	8.21007951462e-06	4.51554373304e-05	2.87352783012e-05	5.74705566023e-05	0.00142444879579	0.00121509176816	0.000771747474374	3.28403180585e-05	7.38907156316e-05	2.87352783012e-05	0.000504919890149	2.05251987866e-05	0	0.000176516709564	0.001826742692	0.00683489119592	0.010098397803	0.0012889824838	0.000180621749322	1.23151192719e-05	0.000779957553889	0.000147781431263	0.000398188856459	0.000119046152962	5.3365516845e-05	4.10503975731e-06	1.23151192719e-05	2.46302385439e-05
9.03108746608e-05	6.5680636117e-05	4.92604770877e-05	0	0.00245070873511	0.000250407425196	0.0101599733993	0.00080869283219	0.00548843815552	0.00283247743254	0.0138421940616	0.000541865247965	0.0306851721859	4.92604770877e-05	0.00137108327894	0.00217156603162	2.87352783012e-05	3.28403180585e-05	8.62058349035e-05	0.000205251987866	0.00994651133196	4.10503975731e-05	0.000176516709564	6.5680636117e-05	0.00210178035574	2.46302385439e-05	0.000110836073447	9.85209541754e-05	0.00199504932205	0.000931844024909	7.38907156316e-05	8.21007951462e-06	4.10503975731e-05	1.64201590292e-05	0.00146549919336	1.23151192719e-05	2.46302385439e-05	0	0	7.38907156316e-05	0	2.05251987866e-05	8.21007951462e-06	1.23151192719e-05	0.000225777186652	4.10503975731e-06	0	0.00105499521763	4.10503975731e-06	1.23151192719e-05	4.10503975731e-06	0	0	4.10503975731e-06	4.10503975731e-06	1.23151192719e-05	0	1.64201590292e-05	0	8.21007951462e-05	1.23151192719e-05	2.46302385439e-05	2.05251987866e-05	2.87352783012e-05	2.05251987866e-05	1.23151192719e-05	0	0	4.10503975731e-06	2.05251987866e-05	0.000365348538401	0.000205251987866	0.00211820051477	0.000176516709564	0.000833323070734	6.97856758743e-05	2.05251987866e-05	0.000110836073447	1.23151192719e-05	2.05251987866e-05	1.23151192719e-05	8.21007951462e-05	1.23151192719e-05	4.10503975731e-06
0	0.000295562862526	2.87352783012e-05	0	4.10503975731e-06	0	5.74705566023e-05	3.28403180585e-05	8.21007951462e-05	4.10503975731e-05	0.000114941113205	0.00426513630785	4.92604770877e-05	0.011957980813	3.28403180585e-05	4.10503975731e-06	2.05251987866e-05	5.3365516845e-05	0.000254512464953	0.000291457822769	3.69453578158e-05	2.46302385439e-05	0.00010673103369	3.69453578158e-05	2.46302385439e-05	0.00433081694396	0.00372737609964	0.00251228433147	2.87352783012e-05	6.97856758743e-05	1.23151192719e-05	0.000295562862526	0	0	0.000734802116558	4.10503975731e-06	0.000197041908351	0	0	8.21007951462e-06	0	4.10503975731e-06	0	4.10503975731e-06	0	4.10503975731e-06	0.000558285406994	4.10503975731e-06	0.00137108327894	1.64201590292e-05	0	0	2.05251987866e-05	0.00010673103369	9.03108746608e-05	4.10503975731e-06	4.10503975731e-06	8.21007951462e-06	8.21007951462e-06	8.21007951462e-06	0.0010960456152	0.000985209541754	0.000574705566023	0	2.05251987866e-05	0	0.000311983021556	0	0	6.15755963597e-05	0.000192936868594	0.00226187690628	0.00085384826952	0.000131361272234	2.05251987866e-05	0	0.000738907156316	4.51554373304e-05	0.000229882226409	4.10503975731e-05	8.21007951462e-06	0	4.10503975731e-06	4.10503975731e-06
0.00510666945809	2.05251987866e-05	0.000418714055246	0	0.000537760208208	0.000480289651605	0.00807050816287	0.00944569648157	0.0170194948338	0.000796377712918	0.0122207033575	0.000607545884082	0.00137108327894	3.28403180585e-05	0.0327992676609	0.000155991510778	8.21007951462e-05	0.000615755963597	0.000119046152962	0.000316088061313	0.0016543310222	0.000472079572091	4.10503975731e-05	0.000504919890149	0.00097699946224	1.23151192719e-05	0.000287352783012	0.000155991510778	0.00303772942041	0.0053078164062	0.002807847194	0	0.000812797871947	0.000127256232477	0.00291457822769	0.000123151192719	3.28403180585e-05	1.23151192719e-05	0	0.000131361272234	0	3.69453578158e-05	8.62058349035e-05	6.15755963597e-05	0.000328403180585	8.62058349035e-05	8.21007951462e-06	8.62058349035e-05	1.23151192719e-05	0.000155991510778	0	1.23151192719e-05	8.21007951462e-06	8.21007951462e-06	4.10503975731e-06	5.74705566023e-05	4.92604770877e-05	0.00010673103369	5.74705566023e-05	0.000266827584225	8.21007951462e-06	2.46302385439e-05	3.69453578158e-05	0.000172411669807	0.000176516709564	0.000147781431263	4.10503975731e-06	0	1.64201590292e-05	0.000155991510778	0.00110015065496	0.000373558617915	0.00311162013604	0.000484394691363	0.00087026842855	0.000139571351749	3.69453578158e-05	9.03108746608e-05	2.46302385439e-05	0.000123151192719	4.92604770877e-05	5.74705566023e-05	1.64201590292e-05	8.21007951462e-06
1.64201590292e-05	5.3365516845e-05	4.92604770877e-05	0	0.000229882226409	0.00139571351749	0.00398188856459	0.000480289651605	0.000570600526266	0.00169948645953	0.000648596281655	3.28403180585e-05	0.00217156603162	4.10503975731e-06	0.000155991510778	0.00927738985152	0.00010673103369	4.10503975731e-05	0	2.46302385439e-05	0.000279142703497	0.000233987266167	0.000127256232477	0.000229882226409	0.00123561696695	1.23151192719e-05	2.05251987866e-05	7.38907156316e-05	0.000997524661026	0.000209357027623	0.000250407425196	0	2.05251987866e-05	8.21007951462e-06	0.00021346206738	3.69453578158e-05	1.64201590292e-05	1.23151192719e-05	0	2.87352783012e-05	0	0	1.64201590292e-05	1.64201590292e-05	9.03108746608e-05	1.64201590292e-05	4.10503975731e-06	1.23151192719e-05	0	4.10503975731e-05	0	1.64201590292e-05	4.10503975731e-06	0	4.10503975731e-06	1.23151192719e-05	3.69453578158e-05	4.51554373304e-05	0.000119046152962	7.79957553889e-05	4.10503975731e-06	1.23151192719e-05	2.05251987866e-05	4.10503975731e-05	3.28403180585e-05	7.79957553889e-05	0	0	1.23151192719e-05	6.15755963597e-05	0.000706066838257	8.62058349035e-05	0.000279142703497	7.79957553889e-05	0.00153117982948	0.000123151192719	4.10503975731e-06	5.74705566023e-05	2.46302385439e-05	0.000131361272234	0.000176516709564	5.3365516845e-05	1.64201590292e-05	0
2.87352783012e-05	0.000500814850392	0.000599335804567	0	4.51554373304e-05	8.21007951462e-06	7.38907156316e-05	0.000332508220342	9.85209541754e-05	0.00156402014754	0.00010673103369	8.62058349035e-05	2.87352783012e-05	2.05251987866e-05	8.21007951462e-05	0.00010673103369	0.0230990587144	0.00027503766374	1.64201590292e-05	8.62058349035e-05	8.21007951462e-06	0.00509845937858	0.00930612512982	0.00947443175987	0.0090680328239	9.03108746608e-05	0.000336613260099	0.00396957344532	0.00452375381256	0.000143676391506	0.000689646679228	0	0	4.92604770877e-05	0.000591125725053	7.79957553889e-05	0.000201146948108	0.000160096550535	0	4.10503975731e-06	4.10503975731e-06	4.10503975731e-06	4.10503975731e-05	1.64201590292e-05	0.000439239254032	2.05251987866e-05	1.64201590292e-05	8.21007951462e-06	4.10503975731e-06	7.79957553889e-05	0	0.00103447001884	4.92604770877e-05	0	8.21007951462e-06	8.21007951462e-06	0.000862058349035	0.00433902702348	0.00167896126074	0.000307877981798	1.64201590292e-05	9.85209541754e-05	0.000398188856459	0.000459764452819	0.000172411669807	0.000800482752675	4.10503975731e-06	4.10503975731e-06	8.62058349035e-05	0.00032019310107	0.00339076283954	0.00202788964011	0.000829218030977	0.000348928379371	8.21007951462e-05	1.64201590292e-05	8.21007951462e-06	0.000291457822769	0.000184726789079	0.000291457822769	0.000201146948108	2.87352783012e-05	2.87352783012e-05	0
0.000135466311991	0.00155581006802	0.00926096969249	0	1.23151192719e-05	2.87352783012e-05	0.000160096550535	0.00224956178701	0.000398188856459	0.000336613260099	0.000525445088936	0.0007019617985	3.28403180585e-05	5.3365516845e-05	0.000615755963597	4.10503975731e-05	0.00027503766374	0.0308904241738	0.00027503766374	0.00603030340349	4.51554373304e-05	0.00240144825803	0.000730697076801	0.00892025139263	0.000447449333547	0.000127256232477	0.0077790503401	0.00512308961712	0.00209357027623	0.000299667902284	0.0020771501172	8.21007951462e-06	4.10503975731e-06	3.28403180585e-05	0.00613292939742	1.23151192719e-05	0.00338255276002	0.000283247743254	0	4.10503975731e-06	4.10503975731e-06	0	2.05251987866e-05	1.64201590292e-05	9.44159144181e-05	4.10503975731e-06	4.51554373304e-05	8.21007951462e-06	5.74705566023e-05	2.05251987866e-05	0	5.74705566023e-05	0.000455659413061	2.87352783012e-05	0.000262722544468	8.21007951462e-06	6.97856758743e-05	0.000373558617915	0.000270932623982	2.87352783012e-05	0.000131361272234	0.00162970078365	0.00172411669807	4.51554373304e-05	3.28403180585e-05	9.85209541754e-05	2.46302385439e-05	1.23151192719e-05	4.10503975731e-06	0.000180621749322	0.00305004453968	0.00322245620949	0.00344412835638	0.000862058349035	7.38907156316e-05	1.23151192719e-05	1.64201590292e-05	0.000217567107137	0.000176516709564	0.000147781431263	9.03108746608e-05	0	1.23151192719e-05	8.21007951462e-06
1.23151192719e-05	3.69453578158e-05	8.21007951462e-05	0	2.05251987866e-05	1.64201590292e-05	0.00015188647102	9.85209541754e-05	0.000266827584225	3.69453578158e-05	0.000303772942041	0.00548843815552	8.62058349035e-05	0.000254512464953	0.000119046152962	0	1.64201590292e-05	0.00027503766374	0.00821418455438	0.00467564028358	9.85209541754e-05	6.97856758743e-05	3.28403180585e-05	0.000110836073447	6.15755963597e-05	0.000262722544468	0.00169538141977	0.000521340049178	0.000135466311991	0.000160096550535	4.51554373304e-05	1.23151192719e-05	8.21007951462e-06	4.10503975731e-06	0.00114120105253	4.10503975731e-06	0.000114941113205	0	0	1.23151192719e-05	0	0	4.10503975731e-06	8.21007951462e-06	8.21007951462e-06	4.10503975731e-06	6.15755963597e-05	4.10503975731e-06	0.000205251987866	1.64201590292e-05	0	4.10503975731e-06	8.21007951462e-06	8.21007951462e-06	2.46302385439e-05	4.10503975731e-06	4.10503975731e-06	1.64201590292e-05	8.21007951462e-06	1.23151192719e-05	0.000197041908351	0.000311983021556	0.000192936868594	8.21007951462e-06	1.64201590292e-05	8.21007951462e-06	3.69453578158e-05	8.21007951462e-06	0	2.87352783012e-05	0.000632176122626	0.00125614216574	0.00236039786045	0.000439239254032	8.21007951462e-06	0	4.10503975731e-06	4.92604770877e-05	5.74705566023e-05	2.46302385439e-05	1.23151192719e-05	0	4.10503975731e-06	1.23151192719e-05
5.74705566023e-05	0.000669121480442	0.000767642434617	0	6.5680636117e-05	3.28403180585e-05	0.000307877981798	0.000517235009421	0.000587020685295	0.000172411669807	0.000784062593646	0.00765179410763	0.000205251987866	0.000291457822769	0.000316088061313	2.46302385439e-05	8.62058349035e-05	0.00603030340349	0.00467564028358	0.0234767223721	0.000266827584225	0.000455659413061	0.000192936868594	0.000857953309278	0.000209357027623	0.00042692413476	0.00550896335431	0.00236039786045	0.000607545884082	0.000365348538401	0.000439239254032	1.23151192719e-05	1.23151192719e-05	8.21007951462e-06	0.00582505141562	1.64201590292e-05	0.00160096550535	5.3365516845e-05	0	1.23151192719e-05	4.10503975731e-06	4.10503975731e-06	4.10503975731e-06	8.21007951462e-06	5.3365516845e-05	8.21007951462e-06	0.000110836073447	1.64201590292e-05	0.000209357027623	3.69453578158e-05	0	2.46302385439e-05	7.79957553889e-05	5.3365516845e-05	0.000262722544468	4.10503975731e-06	3.28403180585e-05	0.00010673103369	7.38907156316e-05	2.46302385439e-05	0.000545970287722	0.00141623871627	0.00101804985981	3.28403180585e-05	7.38907156316e-05	5.3365516845e-05	6.15755963597e-05	1.64201590292e-05	0	0.000139571351749	0.00364527530449	0.00350159891299	0.00699498774646	0.00153938990899	6.97856758743e-05	8.21007951462e-06	4.10503975731e-05	0.00016830663005	8.21007951462e-05	0.00010673103369	4.92604770877e-05	0	8.21007951462e-06	4.10503975731e-06
0.000217567107137	0	2.87352783012e-05	0	0.00911318826123	0.000123151192719	0.00476595115824	0.00135055808016	0.00451554373304	0.000919528905637	0.0151475967045	0.000574705566023	0.00994651133196	3.69453578158e-05	0.0016543310222	0.000279142703497	8.21007951462e-06	4.51554373304e-05	9.85209541754e-05	0.000266827584225	0.0269906364043	6.97856758743e-05	1.23151192719e-05	6.15755963597e-05	0.0021633559521	8.21007951462e-06	0.000110836073447	2.87352783012e-05	0.00762716386908	0.00148602439215	0.000110836073447	8.21007951462e-06	3.28403180585e-05	8.62058349035e-05	0.00151475967045	3.28403180585e-05	1.23151192719e-05	0	0	0.000496709810635	0	4.51554373304e-05	2.05251987866e-05	5.3365516845e-05	0.000545970287722	5.74705566023e-05	4.10503975731e-06	0.000599335804567	0	4.92604770877e-05	8.21007951462e-06	4.10503975731e-06	4.10503975731e-06	4.10503975731e-06	0	7.38907156316e-05	4.10503975731e-06	1.64201590292e-05	4.10503975731e-06	0.000385873737187	4.10503975731e-06	1.64201590292e-05	1.23151192719e-05	0.000155991510778	8.21007951462e-05	2.46302385439e-05	0	8.21007951462e-06	4.10503975731e-06	9.03108746608e-05	0.000578810605781	0.000295562862526	0.00240555329778	0.000242197345681	0.000738907156316	4.51554373304e-05	2.46302385439e-05	0.000188831828836	8.21007951462e-06	7.79957553889e-05	3.28403180585e-05	0.000209357027623	8.21007951462e-06	8.21007951462e-06
7.79957553889e-05	0.000127256232477	0.00212230555453	0	2.87352783012e-05	8.21007951462e-06	0.000184726789079	0.00234808274118	0.000439239254032	0.000554180367237	0.000665016440684	0.000201146948108	4.10503975731e-05	2.46302385439e-05	0.000472079572091	0.000233987266167	0.00509845937858	0.00240144825803	6.97856758743e-05	0.000455659413061	6.97856758743e-05	0.0415306872247	0.00232755754239	0.0211327446706	0.00265185568322	1.64201590292e-05	0.000796377712918	0.00167896126074	0.0115023214	0.000685541639471	0.0113381198097	0	1.23151192719e-05	0.000147781431263	0.00644901745873	9.85209541754e-05	0.00021346206738	0.000192936868594	0	1.23151192719e-05	8.21007951462e-06	4.10503975731e-06	1.23151192719e-05	3.28403180585e-05	0.000246302385439	1.64201590292e-05	8.21007951462e-06	8.21007951462e-06	1.64201590292e-05	8.62058349035e-05	0	0.000611650923839	4.10503975731e-05	4.10503975731e-06	3.28403180585e-05	1.64201590292e-05	0.000648596281655	0.00247533897366	0.00116583129108	0.000229882226409	1.64201590292e-05	0.000172411669807	0.000385873737187	0.000262722544468	0.000143676391506	0.000582915645538	4.10503975731e-06	8.21007951462e-06	4.51554373304e-05	0.000254512464953	0.0067117400032	0.00255333472905	0.0042979766259	0.00144086895482	0.000135466311991	3.28403180585e-05	8.21007951462e-06	0.000394083816702	0.000147781431263	0.000336613260099	0.000336613260099	7.38907156316e-05	3.69453578158e-05	2.46302385439e-05
2.87352783012e-05	0.0031157251758	0.00142034375603	0	7.38907156316e-05	8.21007951462e-06	7.79957553889e-05	0.000377663657673	5.74705566023e-05	0.00497941322562	0.000114941113205	9.03108746608e-05	0.000176516709564	0.00010673103369	4.10503975731e-05	0.000127256232477	0.00930612512982	0.000730697076801	3.28403180585e-05	0.000192936868594	1.23151192719e-05	0.00232755754239	0.0282549886496	0.00766000418714	0.00716329437651	0.000734802116558	0.00141623871627	0.00714276917772	0.00252459945075	0.00016830663005	0.000812797871947	0	0	6.15755963597e-05	0.00055007532748	0.000176516709564	0.00130540264282	0.00101394482006	0	4.10503975731e-05	4.10503975731e-06	1.64201590292e-05	8.21007951462e-05	9.03108746608e-05	0.000771747474374	2.05251987866e-05	3.69453578158e-05	4.10503975731e-05	3.69453578158e-05	0.000172411669807	8.21007951462e-06	0.00275858671691	0.000147781431263	8.21007951462e-06	6.97856758743e-05	1.23151192719e-05	0.00133824296088	0.0117445187457	0.00477005619799	0.000619861003354	9.44159144181e-05	0.000344823339614	0.00250817929172	0.000714276917772	0.000217567107137	0.00116583129108	0	1.23151192719e-05	9.44159144181e-05	0.000517235009421	0.00178979733419	0.00100573474054	0.000521340049178	0.000147781431263	0.000135466311991	0	2.05251987866e-05	0.000582915645538	0.000295562862526	0.000541865247965	0.000406398935974	9.03108746608e-05	9.03108746608e-05	8.21007951462e-06
0.000110836073447	0.000406398935974	0.0122453335961	0	2.46302385439e-05	2.87352783012e-05	0.000233987266167	0.00274216655788	0.000480289651605	0.000714276917772	0.000623966043111	0.000307877981798	6.5680636117e-05	3.69453578158e-05	0.000504919890149	0.000229882226409	0.00947443175987	0.00892025139263	0.000110836073447	0.000857953309278	6.15755963597e-05	0.0211327446706	0.00766000418714	0.064157666367	0.00331276708415	4.92604770877e-05	0.00193757876545	0.0101394482006	0.00674868536102	0.000673226520199	0.00482342171484	0	1.23151192719e-05	7.38907156316e-05	0.0067404752815	0.000119046152962	0.00123151192719	0.00138339839821	0	2.05251987866e-05	8.21007951462e-06	8.21007951462e-06	7.79957553889e-05	4.92604770877e-05	0.000295562862526	1.23151192719e-05	2.46302385439e-05	2.87352783012e-05	2.46302385439e-05	0.000123151192719	0	0.00223314162798	0.000225777186652	1.23151192719e-05	7.79957553889e-05	1.23151192719e-05	0.000628071082868	0.00843585670127	0.00447449333547	0.000307877981798	3.69453578158e-05	0.000451554373304	0.00279553207473	0.000398188856459	0.00016830663005	0.000554180367237	4.10503975731e-06	1.23151192719e-05	5.74705566023e-05	0.000431029174518	0.0115474768373	0.00477826627751	0.00513129969664	0.00176106205589	0.000250407425196	4.92604770877e-05	2.87352783012e-05	0.000759432355102	0.000373558617915	0.000677331559956	0.0007019617985	7.79957553889e-05	6.5680636117e-05	2.05251987866e-05
0.000311983021556	0.00105089017787	0.000685541639471	0	0.00532834160499	0.000143676391506	0.00149833951142	0.00698677766694	0.00164612094268	0.0202706863216	0.00332508220342	0.000233987266167	0.00210178035574	2.46302385439e-05	0.00097699946224	0.00123561696695	0.0090680328239	0.000447449333547	6.15755963597e-05	0.000209357027623	0.0021633559521	0.00265185568322	0.00716329437651	0.00331276708415	0.0527661810405	0.000225777186652	0.000599335804567	0.00218388115089	0.0235711382865	0.00199915436181	0.00224545674725	0	0	0.000410503975731	0.00118635648986	0.000878478508064	0.000238092305924	0.000135466311991	0	0.00205251987866	0	0.000422819095003	0.000738907156316	0.000615755963597	0.00509845937858	0.000911318826123	4.92604770877e-05	0.000402293896216	2.05251987866e-05	0.00110015065496	2.46302385439e-05	0.000619861003354	8.21007951462e-05	4.10503975731e-06	2.87352783012e-05	0.000693751718985	0.000722486997287	0.00317730077216	0.000833323070734	0.00430208166566	2.05251987866e-05	0.000139571351749	0.000283247743254	0.002385028099	0.00145318407409	0.00170769653904	4.10503975731e-06	7.38907156316e-05	0.000209357027623	0.00156402014754	0.00393673312726	0.0016543310222	0.00184316285103	0.000587020685295	0.00115762121156	4.10503975731e-05	1.64201590292e-05	0.000964684342968	0.000201146948108	0.00105089017787	0.000480289651605	0.000587020685295	0.000172411669807	1.64201590292e-05
0	0.00203199467987	4.92604770877e-05	0	0	4.10503975731e-06	1.23151192719e-05	8.21007951462e-06	2.87352783012e-05	0.00032019310107	2.05251987866e-05	0.00256564984832	2.46302385439e-05	0.00433081694396	1.23151192719e-05	1.23151192719e-05	9.03108746608e-05	0.000127256232477	0.000262722544468	0.00042692413476	8.21007951462e-06	1.64201590292e-05	0.000734802116558	4.92604770877e-05	0.000225777186652	0.0128775097187	0.00328403180585	0.00470848060163	2.46302385439e-05	2.87352783012e-05	2.46302385439e-05	5.74705566023e-05	0	4.10503975731e-06	0.000402293896216	4.10503975731e-06	0.000779957553889	0	0	0	0	4.10503975731e-06	0	1.23151192719e-05	0	0	0.000882583547822	0	0.00259438512662	2.87352783012e-05	0	4.10503975731e-06	3.69453578158e-05	0.000176516709564	0.00016830663005	4.10503975731e-06	4.10503975731e-06	2.46302385439e-05	2.46302385439e-05	0	0.00354675435032	0.00191705356666	0.00173643181734	0	3.69453578158e-05	1.23151192719e-05	0.000513129969664	0	0	0.000114941113205	0.000135466311991	0.00106320529714	0.000410503975731	7.79957553889e-05	2.05251987866e-05	0	0.000636281162383	7.79957553889e-05	0.000246302385439	0.000114941113205	2.87352783012e-05	0	4.10503975731e-06	2.05251987866e-05
5.3365516845e-05	0.00544738775795	0.00779957553889	0	2.05251987866e-05	2.05251987866e-05	0.00016830663005	0.000841533150249	0.000311983021556	0.000591125725053	0.000459764452819	0.0059523076481	0.000110836073447	0.00372737609964	0.000287352783012	2.05251987866e-05	0.000336613260099	0.0077790503401	0.00169538141977	0.00550896335431	0.000110836073447	0.000796377712918	0.00141623871627	0.00193757876545	0.000599335804567	0.00328403180585	0.0552538351334	0.020771501172	0.00105499521763	0.000307877981798	0.000566495486509	0.000455659413061	4.10503975731e-06	1.64201590292e-05	0.00293920846623	2.46302385439e-05	0.00941696120327	0.00016830663005	0	1.23151192719e-05	0	8.21007951462e-06	1.23151192719e-05	4.10503975731e-06	9.03108746608e-05	4.10503975731e-06	0.000562390446751	8.21007951462e-06	0.00146960423312	4.92604770877e-05	0	6.5680636117e-05	0.0007019617985	0.000361243498643	0.00137108327894	8.21007951462e-06	5.74705566023e-05	0.000324298140827	0.000229882226409	5.3365516845e-05	0.00358780474789	0.00827165511098	0.00602209332397	5.74705566023e-05	9.03108746608e-05	8.21007951462e-05	0.000266827584225	4.10503975731e-06	4.10503975731e-06	0.00048849973112	0.00321014109022	0.00566084982533	0.00405988431998	0.000911318826123	5.3365516845e-05	1.23151192719e-05	0.000188831828836	0.000344823339614	0.000607545884082	0.00038176869743	0.000119046152962	8.21007951462e-06	1.23151192719e-05	1.23151192719e-05
4.10503975731e-05	0.00909266306244	0.0145195256216	0	2.46302385439e-05	1.64201590292e-05	0.000139571351749	0.000673226520199	0.00016830663005	0.00126024720549	0.000250407425196	0.00159686046559	9.85209541754e-05	0.00251228433147	0.000155991510778	7.38907156316e-05	0.00396957344532	0.00512308961712	0.000521340049178	0.00236039786045	2.87352783012e-05	0.00167896126074	0.00714276917772	0.0101394482006	0.00218388115089	0.00470848060163	0.020771501172	0.0737388291606	0.00151065463069	0.000242197345681	0.000541865247965	7.79957553889e-05	1.23151192719e-05	3.28403180585e-05	0.0028365824723	7.79957553889e-05	0.00990135589463	0.00178158725467	0	3.28403180585e-05	0	4.10503975731e-06	3.69453578158e-05	5.74705566023e-05	0.00016830663005	1.23151192719e-05	0.000291457822769	2.46302385439e-05	0.000972894422482	0.000102625993933	8.21007951462e-06	0.00108783553569	0.00130540264282	0.000254512464953	0.000771747474374	1.23151192719e-05	0.000266827584225	0.00449912357401	0.00212641059429	0.000164201590292	0.00239734321827	0.0053078164062	0.0100121919681	0.000102625993933	0.000131361272234	0.00021346206738	0.00015188647102	2.05251987866e-05	1.23151192719e-05	0.000714276917772	0.00658858881048	0.00432260686445	0.00355085939007	0.000960579303211	0.000160096550535	2.05251987866e-05	0.000114941113205	0.000841533150249	0.000755327315345	0.000681436599713	0.000340718299857	3.28403180585e-05	5.74705566023e-05	4.10503975731e-06
0.000755327315345	0.000225777186652	0.00275448167716	0	0.00781599569792	0.00021346206738	0.00440881269935	0.0278485897136	0.0049424678678	0.010927615834	0.0164201590292	0.000599335804567	0.00199504932205	2.87352783012e-05	0.00303772942041	0.000997524661026	0.00452375381256	0.00209357027623	0.000135466311991	0.000607545884082	0.00762716386908	0.0115023214	0.00252459945075	0.00674868536102	0.0235711382865	2.46302385439e-05	0.00105499521763	0.00151065463069	0.082847912382	0.00486447211241	0.00907213786366	0	3.69453578158e-05	0.000825112991219	0.00476184611848	0.000940054104424	0.000283247743254	0.000192936868594	0	0.00167896126074	1.64201590292e-05	0.000385873737187	0.000599335804567	0.000652701321412	0.00456069917037	0.000628071082868	6.97856758743e-05	0.000402293896216	8.21007951462e-06	0.00123972200671	3.69453578158e-05	0.000734802116558	9.44159144181e-05	8.21007951462e-06	6.5680636117e-05	0.000582915645538	0.00080869283219	0.00329224188536	0.0010385750586	0.0035098089925	3.69453578158e-05	0.000250407425196	0.00038176869743	0.00200736444132	0.00166254110171	0.00214693579307	4.10503975731e-06	9.85209541754e-05	0.00021346206738	0.00172822173783	0.00804177288457	0.00299257398308	0.00619039995402	0.0016830663005	0.0014326588753	5.74705566023e-05	2.46302385439e-05	0.00120277664889	0.000242197345681	0.00133824296088	0.000714276917772	0.000652701321412	0.000217567107137	2.05251987866e-05
0.00453196389207	2.87352783012e-05	0.000205251987866	0	0.000804587792433	0.000311983021556	0.00293099838672	0.00644901745873	0.00403525408144	0.00162559574389	0.00610419411912	0.000981104501997	0.000931844024909	6.97856758743e-05	0.0053078164062	0.000209357027623	0.000143676391506	0.000299667902284	0.000160096550535	0.000365348538401	0.00148602439215	0.000685541639471	0.00016830663005	0.000673226520199	0.00199915436181	2.87352783012e-05	0.000307877981798	0.000242197345681	0.00486447211241	0.030192567415	0.00869857924574	4.10503975731e-06	0.000270932623982	0.00410503975731	0.00463869492576	0.000209357027623	2.87352783012e-05	4.51554373304e-05	0	0.000201146948108	0	5.3365516845e-05	0.000155991510778	0.000114941113205	0.000648596281655	0.000114941113205	2.05251987866e-05	6.5680636117e-05	2.05251987866e-05	0.000254512464953	0	6.15755963597e-05	1.23151192719e-05	8.21007951462e-06	8.21007951462e-06	8.21007951462e-05	5.74705566023e-05	0.000197041908351	9.44159144181e-05	0.000447449333547	8.21007951462e-06	5.74705566023e-05	3.69453578158e-05	0.000270932623982	0.000357138458886	0.000455659413061	8.21007951462e-06	1.23151192719e-05	4.51554373304e-05	0.000373558617915	0.00116172625132	0.000566495486509	0.00426103126809	0.000480289651605	0.000398188856459	0.000131361272234	2.87352783012e-05	0.000155991510778	5.3365516845e-05	0.000311983021556	0.000135466311991	6.15755963597e-05	5.74705566023e-05	8.21007951462e-06
