0.0251247826818	0.000133734248478	0.00102673390767	0	0.000340806633219	8.62801603085e-06	0.000983593827517	0.0118721500585	0.00690241282468	0.000888685651178	0.00338218228409	0.000996535851564	6.90241282468e-05	6.47101202314e-05	0.0132310625833	1.72560320617e-05	0.00019844436871	0.00267468496956	0.000224328416802	0.00163500903785	0.00167383510999	0.000642787194299	0.000323550601157	0.00116478216417	0.00136754054089	0	0.00166952110197	0.000327864609172	0.00164363705388	0.0090335327843	0.00591450498915	0	0.00015099028054	0.000379632705358	0.00342100835623	0	0.000280410521003	4.31400801543e-06	0	0	0	0	3.88260721388e-05	8.62801603085e-06	0.000582391082083	0	5.17680961851e-05	1.72560320617e-05	0	3.45120641234e-05	0	8.62801603085e-06	3.45120641234e-05	4.74540881697e-05	0.000289038537034	0	4.74540881697e-05	1.72560320617e-05	0.000112164208401	0.000271782504972	0	0.000379632705358	0.000211386392756	0.000418458777496	1.72560320617e-05	0	1.29420240463e-05	0	4.31400801543e-06	6.47101202314e-05	0.000332178617188	0.000176874328633	0.00155735689357	0.000629845170252	0.000142362264509	3.88260721388e-05	4.31400801543e-06	0.000125106232447	8.62801603085e-06	8.19661522931e-05	8.19661522931e-05	2.15700400771e-05	8.62801603085e-06	0
0.000133734248478	0.0211817793557	0.00236839040047	0	8.62801603085e-06	0	1.29420240463e-05	5.17680961851e-05	1.29420240463e-05	0.00138048256494	7.76521442777e-05	0.000112164208401	1.29420240463e-05	0.00104398993973	0.00015099028054	0	0.000168246312602	0.00118203819623	0.000133734248478	0.000875743627132	6.90241282468e-05	0.000138048256494	0.00556938434792	0.00040551675345	0.00421909983909	0.00299392156271	0.00557369835593	0.0144778108998	0.000215700400771	0.000176874328633	0.000228642424818	4.31400801543e-06	1.72560320617e-05	1.29420240463e-05	0.00107850200386	2.15700400771e-05	0.00412419166275	2.15700400771e-05	0	4.31400801543e-06	0	0	2.58840480926e-05	4.31400801543e-06	4.31400801543e-05	3.0198056108e-05	3.88260721388e-05	0	3.45120641234e-05	2.58840480926e-05	0	1.29420240463e-05	2.15700400771e-05	3.45120641234e-05	0.000491796913759	0	4.31400801543e-06	0.000237270440848	3.88260721388e-05	5.17680961851e-05	5.60821042005e-05	0.00108713001989	0.00276527913789	0.000142362264509	4.31400801543e-06	4.31400801543e-06	4.31400801543e-06	0	0	7.76521442777e-05	0.00218288805581	0.000767893426746	0.00113458410806	0.000172560320617	0	8.62801603085e-06	4.31400801543e-06	1.29420240463e-05	9.92221843548e-05	6.0396112216e-05	0	0	0	4.31400801543e-06
0.00102673390767	0.00236839040047	0.0574970988296	0	4.31400801543e-05	4.31400801543e-06	0.000125106232447	0.00122086426837	0.000798091482854	0.000685927274453	0.000427086793527	0.000526308977882	8.62801603085e-05	0.000211386392756	0.001117328076	9.0594168324e-05	0.00131145843669	0.0101724309004	0.000125106232447	0.00153147284548	0.00019844436871	0.00125106232447	0.00143656466914	0.0155218008395	0.0012855743886	3.45120641234e-05	0.0074934319228	0.0255173574113	0.00108281601187	0.000569449058036	0.000845545571024	8.62801603085e-06	0.000133734248478	1.72560320617e-05	0.00387829320587	0.000168246312602	0.0117297877939	0.00475835084102	0	0	0	1.29420240463e-05	0.000133734248478	4.31400801543e-05	0.000129420240463	3.0198056108e-05	0.000120792224432	0	2.15700400771e-05	0.000314922585126	0	0.000427086793527	0.00208797987947	6.47101202314e-05	0.000949081763394	0	0.000465912865666	0.00786875062014	0.00342963637226	0.000116478216417	4.31400801543e-06	0.00142362264509	0.0110654305596	0.000371004689327	0.000418458777496	0.000431400801543	2.15700400771e-05	0	0.000232956432833	0.000504738937805	0.0101034067721	0.00290332739438	0.00612589138191	0.00169971915808	8.19661522931e-05	0.000220014408787	2.58840480926e-05	0.000681613266437	0.0007549514027	0.000133734248478	3.88260721388e-05	1.29420240463e-05	0	0
0	0	0	0	0	0	0	0	0	0	0	0	0	0	0	0	0	0	0	0	0	0	0	0	0	0	0	0	0	0	0	0	0	0	0	0	0	0	0	0	0	0	0	0	0	0	0	0	0	0	0	0	0	0	0	0	0	0	0	0	0	0	0	0	0	0	0	0	0	0	0	0	0	0	0	0	0	0	0	0	0	0	0	0
0.000340806633219	8.62801603085e-06	4.31400801543e-05	0	0.0224759817604	0.000194130360694	0.000276096512987	0.00145813470921	0.000448656833604	0.00230799428825	0.00428380995932	0.000133734248478	0.00496973723377	0.000120792224432	0.00100084985958	0.000250212464895	1.29420240463e-05	0	4.31400801543e-06	0.000250212464895	0.0121051064913	0	1.72560320617e-05	3.45120641234e-05	0.00770913232357	0	0.000250212464895	0.000133734248478	0.00940453747363	0.00142793665311	0.000181188336648	0	8.62801603085e-05	1.72560320617e-05	0.0019024775348	4.31400801543e-06	8.62801603085e-06	0	0	0.00358494066082	0	2.58840480926e-05	3.45120641234e-05	5.60821042005e-05	0.00123812030043	0.00102673390767	8.62801603085e-06	0.000138048256494	0	7.33381362623e-05	4.74540881697e-05	1.29420240463e-05	0	4.31400801543e-06	0	0.000332178617188	4.31400801543e-06	2.15700400771e-05	2.15700400771e-05	0.00329158811577	0	3.0198056108e-05	0	0.0026013468333	9.49081763394e-05	4.31400801543e-06	4.31400801543e-06	0	0	0.000112164208401	8.62801603085e-05	4.31400801543e-06	0.00132008645272	1.72560320617e-05	0.000418458777496	0	0	2.58840480926e-05	4.31400801543e-06	0.00010353619237	3.88260721388e-05	0.000138048256494	4.31400801543e-06	0
8.62801603085e-06	0	4.31400801543e-06	0	0.000194130360694	0.00181619737449	0.000422772785512	8.62801603085e-06	9.0594168324e-05	0.000202758376725	0	0	0.000345120641234	0	4.74540881697e-05	0.000936139739348	8.62801603085e-06	0	0	0	0.000237270440848	0	8.62801603085e-06	4.31400801543e-06	5.17680961851e-05	0	0	4.31400801543e-06	4.31400801543e-06	8.62801603085e-06	0	0	0.000582391082083	0	8.62801603085e-05	0	4.31400801543e-06	0	0	3.88260721388e-05	0	0	0	0	4.31400801543e-06	4.31400801543e-06	0	0	0	4.31400801543e-06	0	4.31400801543e-06	0	0	0	0	0	8.62801603085e-06	0	8.62801603085e-06	0	0	4.31400801543e-06	4.31400801543e-06	4.31400801543e-06	0	0	0	0	4.31400801543e-06	2.15700400771e-05	0	3.0198056108e-05	1.29420240463e-05	0.00115184014012	0.000543565009944	0	0	0	4.31400801543e-06	0	0	0	0
0.000983593827517	1.29420240463e-05	0.000125106232447	0	0.000276096512987	0.000422772785512	0.0415870372687	0.00600509915747	0.0133993088959	0.000138048256494	0.0221222331031	0.00274802310583	0.0115485994573	0.00307157370698	0.0115874255294	0.000737695370638	4.74540881697e-05	2.15700400771e-05	0.000703183306515	0.000237270440848	0.00294215346652	4.74540881697e-05	6.90241282468e-05	0.000129420240463	0.000388260721388	5.60821042005e-05	0.000323550601157	0.000163932304586	0.0012596903405	0.00546153414753	7.33381362623e-05	4.74540881697e-05	0.00341669434822	8.62801603085e-06	0.00676436456819	1.72560320617e-05	0	0	0	0	0	0	2.15700400771e-05	8.62801603085e-06	6.47101202314e-05	4.31400801543e-06	1.72560320617e-05	0.000250212464895	0	0.000107850200386	0	0	0	2.15700400771e-05	0	0	0	0	0	6.0396112216e-05	0	4.74540881697e-05	0	6.0396112216e-05	0.00015099028054	4.31400801543e-05	0	0	4.31400801543e-06	5.17680961851e-05	0.00103967593172	8.62801603085e-05	0.0029637235066	7.33381362623e-05	0.00144519268517	0.00147539074128	0	5.17680961851e-05	0	1.72560320617e-05	0	4.31400801543e-06	0	0
0.0118721500585	5.17680961851e-05	0.00122086426837	0	0.00145813470921	8.62801603085e-06	0.00600509915747	0.0595807647011	0.00632864975863	0.00194993162297	0.0159661436651	0.00345552042036	0.000949081763394	0.00180756935846	0.0149480377735	9.92221843548e-05	4.74540881697e-05	0.00393437531007	0.00096202378744	0.00293783945851	0.00317510989935	0.00294215346652	0.000189816352679	0.00298097953866	0.00455127845628	3.0198056108e-05	0.00265311492949	0.000306294569095	0.019300871861	0.0108195321027	0.0178039110797	3.45120641234e-05	0.000742009378653	0.000289038537034	0.0083605475339	0.000129420240463	0.000336492625203	0	0	3.45120641234e-05	0	8.62801603085e-06	0.000250212464895	0.000129420240463	0.001678149118	1.29420240463e-05	6.90241282468e-05	6.90241282468e-05	0	0.000392574729404	0	3.45120641234e-05	1.72560320617e-05	8.62801603085e-05	0.000362376673296	0	0.000159618296571	6.90241282468e-05	8.62801603085e-05	0.00121655026035	0	0.000521994969867	0.000220014408787	0.00154441486952	0.000366690681311	0.000194130360694	8.62801603085e-06	4.31400801543e-06	2.15700400771e-05	7.76521442777e-05	0.000517680961851	0.00035806266528	0.00457716250437	0.000836917554993	0.000582391082083	6.90241282468e-05	0	0.000189816352679	2.15700400771e-05	0.000107850200386	3.88260721388e-05	2.15700400771e-05	0	0
0.00690241282468	1.29420240463e-05	0.000798091482854	0	0.000448656833604	9.0594168324e-05	0.0133993088959	0.00632864975863	0.0297148872103	0.000371004689327	0.00842957166214	4.31400801543e-05	0.00344257839631	0.000116478216417	0.0174933025026	0.000220014408787	0.000125106232447	0.00137185454891	3.0198056108e-05	0.000672985250407	0.000957709779425	0.000232956432833	0.000181188336648	0.000724753346592	0.000517680961851	0	0.000871429619116	0.000138048256494	0.00115184014012	0.00214837599168	0.000716125330561	0	0.00252800869704	4.31400801543e-06	0.00119929422829	4.31400801543e-06	9.92221843548e-05	4.31400801543e-06	0	1.72560320617e-05	0	3.0198056108e-05	1.72560320617e-05	4.31400801543e-05	0.000319236593142	0	4.31400801543e-06	9.0594168324e-05	0	8.62801603085e-05	0	8.62801603085e-06	2.58840480926e-05	0	3.0198056108e-05	0	4.31400801543e-06	1.72560320617e-05	7.76521442777e-05	9.49081763394e-05	0	4.31400801543e-05	7.76521442777e-05	0.000241584448864	0.000215700400771	4.31400801543e-06	0	0	0	0.00030198056108	0.000526308977882	7.76521442777e-05	0.000802405490869	0.00025452647291	0.000336492625203	0.000427086793527	0	0.000181188336648	8.62801603085e-06	0.00015099028054	8.19661522931e-05	3.45120641234e-05	8.62801603085e-06	0
0.000888685651178	0.00138048256494	0.000685927274453	0	0.00230799428825	0.000202758376725	0.000138048256494	0.00194993162297	0.000371004689327	0.0206166443057	0.000168246312602	8.19661522931e-05	0.00169109114205	0.000181188336648	0.000457284849635	0.00165226506991	0.000332178617188	0.000172560320617	0	0.000138048256494	0.00105261795576	0.000146676272525	0.00242015849665	0.000289038537034	0.0116780196978	0.000362376673296	0.000612589138191	0.00157029891762	0.00504738937805	0.00151421681341	0.00223897016001	0	1.29420240463e-05	0.0011734101802	0.00102673390767	0.000168246312602	1.72560320617e-05	4.31400801543e-06	0	0.000267468496956	0	8.62801603085e-06	0.00114321212409	9.0594168324e-05	0.00752794398692	0.000366690681311	4.31400801543e-06	0.000125106232447	4.31400801543e-06	0.000569449058036	3.45120641234e-05	0.000319236593142	0	0	4.31400801543e-06	0.00025452647291	0.000215700400771	0.000431400801543	0.00010353619237	0.00534505593111	4.31400801543e-06	8.62801603085e-06	1.72560320617e-05	0.0050603314021	0.000496110921774	0.000146676272525	0	0	8.62801603085e-06	1.29420240463e-05	0.00147107673326	9.0594168324e-05	0.000621217154221	0.000181188336648	0.00166520709395	2.15700400771e-05	0	7.76521442777e-05	4.31400801543e-06	2.15700400771e-05	0	0.000133734248478	0	0
0.00338218228409	7.76521442777e-05	0.000427086793527	0	0.00428380995932	0	0.0221222331031	0.0159661436651	0.00842957166214	0.000168246312602	0.0537999939604	0.00408536559061	0.0143138785952	0.00356768462876	0.0126961255894	9.92221843548e-05	8.62801603085e-06	0.000129420240463	0.000793777474839	0.00116909617218	0.0140507241062	9.92221843548e-05	4.74540881697e-05	0.000440028817574	0.00203621178328	5.60821042005e-05	0.00121223625233	0.00050042492979	0.00685495873651	0.0101120347882	0.000310608577111	3.88260721388e-05	0.00160912498975	5.60821042005e-05	0.0101724309004	0	7.33381362623e-05	0	0	0.000120792224432	0	1.29420240463e-05	1.29420240463e-05	1.72560320617e-05	7.33381362623e-05	8.62801603085e-06	9.49081763394e-05	0.000418458777496	8.62801603085e-06	0.00010353619237	0	0	0	9.49081763394e-05	4.31400801543e-06	4.31400801543e-06	0	0	1.72560320617e-05	0.000232956432833	0	0.00020707238474	3.88260721388e-05	0.000172560320617	0.000125106232447	8.62801603085e-06	2.58840480926e-05	0	0	4.74540881697e-05	0.000668671242391	9.0594168324e-05	0.00552624426776	0.000168246312602	0.000582391082083	0.000276096512987	0	6.0396112216e-05	8.62801603085e-06	3.0198056108e-05	0	4.31400801543e-06	0	0
0.000996535851564	0.000112164208401	0.000526308977882	0	0.000133734248478	0	0.00274802310583	0.00345552042036	4.31400801543e-05	8.19661522931e-05	0.00408536559061	0.0238392082932	0.00100516386759	0.00493522516965	0.00115184014012	0	3.0198056108e-05	0.00165657907792	0.00357631264479	0.00795071677243	0.00194561761496	0.00110007204393	5.60821042005e-05	0.000828289538962	0.000314922585126	0.00035806266528	0.00694123889682	0.00164795106189	0.000409830761466	0.00499130727385	0.00120792224432	0.000383946713373	3.0198056108e-05	1.72560320617e-05	0.011186222784	4.31400801543e-06	0.000232956432833	0	0	4.31400801543e-06	0	0	1.72560320617e-05	3.0198056108e-05	0.000133734248478	8.62801603085e-06	0.000366690681311	4.31400801543e-05	0.000116478216417	3.88260721388e-05	0	4.31400801543e-06	0	0.000327864609172	2.15700400771e-05	0	4.31400801543e-06	0	2.58840480926e-05	7.33381362623e-05	0	0.000979279819502	6.0396112216e-05	7.76521442777e-05	3.45120641234e-05	4.31400801543e-06	0.000112164208401	0	8.62801603085e-06	8.19661522931e-05	0.00412850567076	0.00294646747454	0.00677730659224	0.00159618296571	0	4.74540881697e-05	0.000232956432833	9.49081763394e-05	0.000237270440848	8.19661522931e-05	6.47101202314e-05	0	0	4.31400801543e-06
6.90241282468e-05	1.29420240463e-05	8.62801603085e-05	0	0.00496973723377	0.000345120641234	0.0115485994573	0.000949081763394	0.00344257839631	0.00169109114205	0.0143138785952	0.00100516386759	0.0358882326803	0.00175580126228	0.00432695003947	0.00147970474929	1.29420240463e-05	3.0198056108e-05	0.000133734248478	0.000228642424818	0.0126529855092	8.62801603085e-06	3.88260721388e-05	9.49081763394e-05	0.00228642424818	4.31400801543e-05	0.000306294569095	0.000250212464895	0.00210092190351	0.00213111995962	4.31400801543e-06	8.62801603085e-06	0.000690241282468	8.62801603085e-06	0.00354611458868	0	8.62801603085e-06	0	0	0.000690241282468	0	8.62801603085e-06	0	8.62801603085e-06	0.000116478216417	8.62801603085e-06	2.15700400771e-05	0.0023209363123	8.62801603085e-06	3.0198056108e-05	3.88260721388e-05	2.15700400771e-05	0	2.15700400771e-05	4.31400801543e-06	3.45120641234e-05	0	1.72560320617e-05	0	0.000202758376725	0	6.0396112216e-05	4.31400801543e-06	0.000112164208401	3.45120641234e-05	0	8.62801603085e-06	0	0	1.29420240463e-05	0.000211386392756	6.0396112216e-05	0.00269194100163	9.92221843548e-05	0.00154441486952	0.000340806633219	0	4.31400801543e-05	4.31400801543e-06	4.31400801543e-06	0	6.90241282468e-05	0	0
6.47101202314e-05	0.00104398993973	0.000211386392756	0	0.000120792224432	0	0.00307157370698	0.00180756935846	0.000116478216417	0.000181188336648	0.00356768462876	0.00493522516965	0.00175580126228	0.0297364572503	0.000970651803471	4.31400801543e-06	1.29420240463e-05	8.62801603085e-05	0.00109575803592	0.000608275130175	0.000888685651178	6.0396112216e-05	0.000435714809558	9.92221843548e-05	0.000431400801543	0.00889979853583	0.00650552408726	0.00582391082083	0.000742009378653	0.00298960755469	0.000120792224432	0.00447794032001	0.000163932304586	0.000133734248478	0.00705771711324	0	0.00166520709395	2.58840480926e-05	0	3.0198056108e-05	0	8.62801603085e-06	4.31400801543e-06	1.72560320617e-05	2.58840480926e-05	1.29420240463e-05	0.00116046815615	0.000112164208401	0.00334767021997	5.60821042005e-05	0	0	0	0.000340806633219	5.17680961851e-05	0	0	1.29420240463e-05	4.31400801543e-06	3.88260721388e-05	0.00108713001989	0.00327001807569	0.000931825731332	8.62801603085e-06	7.33381362623e-05	0	0.000517680961851	0	0	9.92221843548e-05	0.00106555997981	0.00395163134213	0.00469364072078	0.000681613266437	4.31400801543e-06	0.000237270440848	0.000884371643163	4.74540881697e-05	0.00153578685349	0.00010353619237	8.62801603085e-06	0	0	0.000241584448864
0.0132310625833	0.00015099028054	0.001117328076	0	0.00100084985958	4.74540881697e-05	0.0115874255294	0.0149480377735	0.0174933025026	0.000457284849635	0.0126961255894	0.00115184014012	0.00432695003947	0.000970651803471	0.0442660362463	0.000245898456879	0.000163932304586	0.00144087867715	0.000168246312602	0.000616903146206	0.00191110555083	0.00055650703399	0.00034943464925	0.00108713001989	0.0012596903405	4.31400801543e-06	0.000798091482854	0.000504738937805	0.00239858845658	0.0107246239264	0.00532779989905	0	0.00479717691315	2.15700400771e-05	0.00660474627162	0	0.00019844436871	0	0	2.58840480926e-05	0	7.33381362623e-05	0.000125106232447	0.000129420240463	0.000327864609172	6.47101202314e-05	5.60821042005e-05	8.62801603085e-05	1.29420240463e-05	0.000250212464895	4.31400801543e-06	5.60821042005e-05	3.88260721388e-05	1.29420240463e-05	0.000241584448864	1.72560320617e-05	0	8.62801603085e-06	0.000125106232447	0.000263154488941	0	0.000267468496956	0.00019844436871	0.000189816352679	0.000694555290484	4.74540881697e-05	4.31400801543e-06	0	0	0.000815347514916	0.00246761258482	0.000327864609172	0.00278253516995	0.00110870005996	0.000828289538962	0.000793777474839	4.31400801543e-06	0.000772207434761	6.0396112216e-05	0.000539251001928	0.000116478216417	5.60821042005e-05	0	0
1.72560320617e-05	0	9.0594168324e-05	0	0.000250212464895	0.000936139739348	0.000737695370638	9.92221843548e-05	0.000220014408787	0.00165226506991	9.92221843548e-05	0	0.00147970474929	4.31400801543e-06	0.000245898456879	0.00481874695323	4.74540881697e-05	8.62801603085e-06	0	0	0.000513366953836	0	0.000138048256494	8.62801603085e-05	0.000552193025975	0	0	0.000120792224432	5.17680961851e-05	0.000129420240463	3.0198056108e-05	0	6.90241282468e-05	0	2.15700400771e-05	0	0	0	0	3.88260721388e-05	0	0	0	0	3.0198056108e-05	4.31400801543e-06	0	4.31400801543e-06	0	0	0	0.00015099028054	0	0	0	0	8.62801603085e-05	0.00019844436871	5.60821042005e-05	1.72560320617e-05	0	0	0	4.31400801543e-06	0	0	0	0	0	0	4.31400801543e-06	3.0198056108e-05	4.31400801543e-06	0	0.00256683476918	3.88260721388e-05	0	0	0	0	0	0	0	0
0.00019844436871	0.000168246312602	0.00131145843669	0	1.29420240463e-05	8.62801603085e-06	4.74540881697e-05	4.74540881697e-05	0.000125106232447	0.000332178617188	8.62801603085e-06	3.0198056108e-05	1.29420240463e-05	1.29420240463e-05	0.000163932304586	4.74540881697e-05	0.0216735762695	0.000116478216417	1.29420240463e-05	9.92221843548e-05	1.29420240463e-05	0.00589293494907	0.00890411254384	0.00556938434792	0.00872292420719	4.31400801543e-06	0.000228642424818	0.00311902779515	0.0048101189372	0.000155304288555	0.00128126038058	0	4.31400801543e-06	4.74540881697e-05	0.00168677713403	8.62801603085e-06	2.58840480926e-05	4.31400801543e-06	0	0	0	0	4.31400801543e-05	4.31400801543e-06	0.00186796547068	1.29420240463e-05	0	0	0	4.74540881697e-05	0	0.00481874695323	3.0198056108e-05	0	1.72560320617e-05	1.29420240463e-05	0.0011475261321	0.0052026936666	0.000854173587055	0.00055650703399	0	3.0198056108e-05	0.000120792224432	0.00169971915808	0.000163932304586	0.000168246312602	0	0	0.000120792224432	0.000133734248478	0.00433126404749	0.000444342825589	0.00126400434852	0.000332178617188	0.000284724529018	2.58840480926e-05	0	0.000345120641234	0.000146676272525	3.0198056108e-05	3.45120641234e-05	4.31400801543e-06	4.31400801543e-06	0
0.00267468496956	0.00118203819623	0.0101724309004	0	0	0	2.15700400771e-05	0.00393437531007	0.00137185454891	0.000172560320617	0.000129420240463	0.00165657907792	3.0198056108e-05	8.62801603085e-05	0.00144087867715	8.62801603085e-06	0.000116478216417	0.0323334900756	0.00055650703399	0.00801542689266	8.62801603085e-05	0.00278684917797	0.000297666553064	0.00809307903694	0.000194130360694	6.90241282468e-05	0.00864527206292	0.00521132168264	0.00113027010004	0.00116478216417	0.00536662597119	4.31400801543e-06	4.31400801543e-06	8.62801603085e-06	0.00844682769421	5.17680961851e-05	0.00275233711384	0.000496110921774	0	0	0	0	3.88260721388e-05	2.15700400771e-05	0.000573763066052	0	0.00010353619237	0	8.62801603085e-06	3.88260721388e-05	0	0.00020707238474	0.000621217154221	0.000107850200386	0.0015099028054	0	0.000465912865666	0.00143656466914	0.00143656466914	3.88260721388e-05	4.31400801543e-06	0.00176442927831	0.00212680595161	0.000487482905743	0.000332178617188	0.000371004689327	1.29420240463e-05	0	0.000245898456879	0.000176874328633	0.00181619737449	0.00203189777527	0.00342100835623	0.00159186895769	1.72560320617e-05	8.19661522931e-05	4.31400801543e-06	3.45120641234e-05	0.000172560320617	2.15700400771e-05	2.58840480926e-05	0	0	4.31400801543e-06
0.000224328416802	0.000133734248478	0.000125106232447	0	4.31400801543e-06	0	0.000703183306515	0.00096202378744	3.0198056108e-05	0	0.000793777474839	0.00357631264479	0.000133734248478	0.00109575803592	0.000168246312602	0	1.29420240463e-05	0.00055650703399	0.00825269733351	0.00428812396733	0.000388260721388	0.000194130360694	7.33381362623e-05	0.000138048256494	6.47101202314e-05	0.000181188336648	0.00406379555053	0.00110438605195	0.000176874328633	0.000560821042005	0.000340806633219	7.76521442777e-05	8.62801603085e-06	0	0.0015659849096	4.31400801543e-06	0.000112164208401	0	0	0	0	0	1.29420240463e-05	0	6.90241282468e-05	0	5.60821042005e-05	8.62801603085e-06	8.62801603085e-06	4.31400801543e-06	0	4.31400801543e-06	2.15700400771e-05	4.74540881697e-05	2.58840480926e-05	0	2.15700400771e-05	8.62801603085e-06	0	4.31400801543e-06	8.62801603085e-06	0.000189816352679	2.58840480926e-05	3.45120641234e-05	5.17680961851e-05	4.74540881697e-05	2.15700400771e-05	0	8.62801603085e-06	8.62801603085e-06	0.00129420240463	0.0016220670138	0.00141930863708	0.000457284849635	0	1.29420240463e-05	3.88260721388e-05	4.31400801543e-06	8.62801603085e-05	8.62801603085e-06	8.62801603085e-06	0	0	0
0.00163500903785	0.000875743627132	0.00153147284548	0	0.000250212464895	0	0.000237270440848	0.00293783945851	0.000672985250407	0.000138048256494	0.00116909617218	0.00795071677243	0.000228642424818	0.000608275130175	0.000616903146206	0	9.92221843548e-05	0.00801542689266	0.00428812396733	0.02795477194	0.00105261795576	0.00219583007985	0.00019844436871	0.00160049697372	0.000396888737419	0.000211386392756	0.0187012247469	0.00413713368679	0.000733381362623	0.00241584448864	0.00317079589134	2.58840480926e-05	1.29420240463e-05	4.31400801543e-05	0.00988770637136	2.58840480926e-05	0.00169109114205	8.62801603085e-06	0	4.31400801543e-06	0	0	2.58840480926e-05	3.0198056108e-05	0.000237270440848	0	0.000107850200386	0	2.58840480926e-05	2.15700400771e-05	0	8.62801603085e-06	0.000129420240463	0.000133734248478	0.000625531162237	0	3.45120641234e-05	3.0198056108e-05	6.0396112216e-05	8.19661522931e-05	4.31400801543e-06	0.000983593827517	0.0012036082363	0.000159618296571	6.0396112216e-05	8.62801603085e-05	2.58840480926e-05	0	4.31400801543e-06	2.58840480926e-05	0.00529328783493	0.00203621178328	0.00599647114144	0.00183345340656	4.31400801543e-06	2.58840480926e-05	1.29420240463e-05	7.33381362623e-05	0.000211386392756	2.15700400771e-05	8.62801603085e-06	0	0	4.31400801543e-06
0.00167383510999	6.90241282468e-05	0.00019844436871	0	0.0121051064913	0.000237270440848	0.00294215346652	0.00317510989935	0.000957709779425	0.00105261795576	0.0140507241062	0.00194561761496	0.0126529855092	0.000888685651178	0.00191110555083	0.000513366953836	1.29420240463e-05	8.62801603085e-05	0.000388260721388	0.00105261795576	0.0286838392946	8.62801603085e-06	3.45120641234e-05	0.000129420240463	0.00477560687308	1.29420240463e-05	0.00103104791569	0.00050905294582	0.00512935553034	0.00562546645212	2.15700400771e-05	3.0198056108e-05	0.000129420240463	8.62801603085e-06	0.00563409446815	0	6.47101202314e-05	0	0	0.00207503785542	0	2.15700400771e-05	1.29420240463e-05	2.58840480926e-05	0.000332178617188	0.000504738937805	7.76521442777e-05	0.000677299258422	8.62801603085e-06	3.88260721388e-05	4.31400801543e-05	1.72560320617e-05	0	6.90241282468e-05	4.31400801543e-06	0.000112164208401	0	1.72560320617e-05	4.31400801543e-06	0.000867115611101	0	0.000194130360694	3.0198056108e-05	0.000785149458808	5.17680961851e-05	8.62801603085e-06	2.58840480926e-05	0	0	3.45120641234e-05	0.000422772785512	5.17680961851e-05	0.0034382643883	8.19661522931e-05	0.00114321212409	0.000142362264509	0	4.31400801543e-05	0	2.15700400771e-05	0	7.76521442777e-05	0	0
0.000642787194299	0.000138048256494	0.00125106232447	0	0	0	4.74540881697e-05	0.00294215346652	0.000232956432833	0.000146676272525	9.92221843548e-05	0.00110007204393	8.62801603085e-06	6.0396112216e-05	0.00055650703399	0	0.00589293494907	0.00278684917797	0.000194130360694	0.00219583007985	8.62801603085e-06	0.0523461732592	0.00386966518984	0.0255691255074	0.00281704723407	1.72560320617e-05	0.00156167090158	0.00216994603176	0.0171524958693	0.00178168531037	0.0165442207392	0	1.29420240463e-05	1.72560320617e-05	0.00953827172211	0.000228642424818	0.00034943464925	3.45120641234e-05	0	0	0	0	0.00020707238474	8.19661522931e-05	0.00257114877719	0	5.60821042005e-05	0	4.31400801543e-06	0.000220014408787	0	0.00526740378684	0.00030198056108	4.31400801543e-05	0.000142362264509	0	0.00355474260471	0.00876606428735	0.00265311492949	0.000780835450792	0	0.000267468496956	0.000297666553064	0.00170403316609	0.00144950669318	0.00144519268517	8.62801603085e-06	0	0.00135891252486	0.000677299258422	0.00505601739408	0.000521994969867	0.00773933037968	0.00199738571114	0.00129851641264	4.74540881697e-05	0	0.000461598857651	0.000120792224432	0.000513366953836	0.000366690681311	4.74540881697e-05	0	0
0.000323550601157	0.00556938434792	0.00143656466914	0	1.72560320617e-05	8.62801603085e-06	6.90241282468e-05	0.000189816352679	0.000181188336648	0.00242015849665	4.74540881697e-05	5.60821042005e-05	3.88260721388e-05	0.000435714809558	0.00034943464925	0.000138048256494	0.00890411254384	0.000297666553064	7.33381362623e-05	0.00019844436871	3.45120641234e-05	0.00386966518984	0.027393950898	0.00712242723347	0.0118505800184	0.00128126038058	0.00180756935846	0.00732518561019	0.0024331005207	0.000672985250407	0.000974965811486	0	5.17680961851e-05	0.000189816352679	0.00137616855692	8.62801603085e-06	5.17680961851e-05	4.31400801543e-06	0	0	0	0	9.92221843548e-05	8.62801603085e-06	0.00299823557072	8.62801603085e-06	3.0198056108e-05	8.62801603085e-06	2.58840480926e-05	1.29420240463e-05	0	0.00651415210329	0	1.29420240463e-05	1.72560320617e-05	4.31400801543e-06	0.00214837599168	0.00851153781444	0.00034943464925	0.00110007204393	1.29420240463e-05	3.88260721388e-05	6.0396112216e-05	0.00245898456879	0.000133734248478	0.00015099028054	4.31400801543e-06	0	0.000116478216417	8.19661522931e-05	0.00256252076116	0.000517680961851	0.000914569699271	0.000168246312602	0.000228642424818	4.74540881697e-05	0	0.000112164208401	7.33381362623e-05	8.62801603085e-06	0	4.31400801543e-06	0	4.31400801543e-06
0.00116478216417	0.00040551675345	0.0155218008395	0	3.45120641234e-05	4.31400801543e-06	0.000129420240463	0.00298097953866	0.000724753346592	0.000289038537034	0.000440028817574	0.000828289538962	9.49081763394e-05	9.92221843548e-05	0.00108713001989	8.62801603085e-05	0.00556938434792	0.00809307903694	0.000138048256494	0.00160049697372	0.000129420240463	0.0255691255074	0.00712242723347	0.085564034978	0.00160912498975	2.15700400771e-05	0.00192404757488	0.0186106305786	0.00616471745405	0.00262291687338	0.0074114657705	4.31400801543e-06	0.000120792224432	2.58840480926e-05	0.00763579418731	0.000319236593142	0.000578077074067	0.000815347514916	0	0	0	1.72560320617e-05	0.000634159178268	0.000276096512987	0.00110007204393	1.72560320617e-05	6.90241282468e-05	0	8.62801603085e-06	0.000552193025975	0	0.0116089955695	0.000478854889712	4.74540881697e-05	0.000138048256494	0	0.00282998925812	0.0180325535045	0.00928805925721	0.000621217154221	4.31400801543e-06	0.000314922585126	0.00300686358675	0.00161343899777	0.000983593827517	0.0011475261321	1.72560320617e-05	0	0.000651415210329	0.000815347514916	0.0128039757898	0.00115184014012	0.0132353765913	0.0028515592982	0.00213543396764	0.000228642424818	3.0198056108e-05	0.000884371643163	0.000470226873682	0.00100516386759	0.000616903146206	0.000125106232447	8.62801603085e-06	0
0.00136754054089	0.00421909983909	0.0012855743886	0	0.00770913232357	5.17680961851e-05	0.000388260721388	0.00455127845628	0.000517680961851	0.0116780196978	0.00203621178328	0.000314922585126	0.00228642424818	0.000431400801543	0.0012596903405	0.000552193025975	0.00872292420719	0.000194130360694	6.47101202314e-05	0.000396888737419	0.00477560687308	0.00281704723407	0.0118505800184	0.00160912498975	0.0574669007735	0.000862801603085	0.00154872887754	0.00405085352649	0.0228038463695	0.0050042492979	0.00511209949828	0	0.000125106232447	0.0029637235066	0.0101940009405	0.000116478216417	6.90241282468e-05	8.62801603085e-06	0	0.00143225066112	0	7.76521442777e-05	0.000655729218345	0.000289038537034	0.00604392522961	0.0011734101802	4.74540881697e-05	0.000138048256494	2.58840480926e-05	0.000599647114144	6.0396112216e-05	0.000569449058036	0	2.58840480926e-05	2.15700400771e-05	0.00034943464925	0.00100516386759	0.00141499462906	0.000448656833604	0.00637178983879	8.62801603085e-06	8.19661522931e-05	5.60821042005e-05	0.00664357234376	0.000651415210329	0.000220014408787	4.31400801543e-06	0	7.76521442777e-05	0.000362376673296	0.00738989573043	0.000677299258422	0.00625962563038	0.00135028450883	0.00176011527029	8.19661522931e-05	0	0.000625531162237	0.00010353619237	0.000224328416802	0.000116478216417	0.000172560320617	8.62801603085e-06	0
0	0.00299392156271	3.45120641234e-05	0	0	0	5.60821042005e-05	3.0198056108e-05	0	0.000362376673296	5.60821042005e-05	0.00035806266528	4.31400801543e-05	0.00889979853583	4.31400801543e-06	0	4.31400801543e-06	6.90241282468e-05	0.000181188336648	0.000211386392756	1.29420240463e-05	1.72560320617e-05	0.00128126038058	2.15700400771e-05	0.000862801603085	0.0143699606994	0.00308882973905	0.00494816719369	1.72560320617e-05	1.72560320617e-05	1.29420240463e-05	0.00124674831646	0	0	0.000189816352679	0	0.00156167090158	3.0198056108e-05	0	0	0	0	4.31400801543e-06	4.31400801543e-06	8.62801603085e-06	0	0.00090594168324	4.31400801543e-06	0.0023770184165	1.29420240463e-05	0	0	0	0.000116478216417	6.0396112216e-05	0	0	3.45120641234e-05	4.31400801543e-06	0	0.00155304288555	0.00172991721419	0.000836917554993	0	1.29420240463e-05	0	0.000289038537034	0	0	5.60821042005e-05	9.0594168324e-05	0.000763579418731	0.000483168897728	1.29420240463e-05	0	0	0.000448656833604	2.15700400771e-05	0.000901627675224	5.60821042005e-05	4.31400801543e-06	0	0	0.000250212464895
0.00166952110197	0.00557369835593	0.0074934319228	0	0.000250212464895	0	0.000323550601157	0.00265311492949	0.000871429619116	0.000612589138191	0.00121223625233	0.00694123889682	0.000306294569095	0.00650552408726	0.000798091482854	0	0.000228642424818	0.00864527206292	0.00406379555053	0.0187012247469	0.00103104791569	0.00156167090158	0.00180756935846	0.00192404757488	0.00154872887754	0.00308882973905	0.0773113376445	0.0231403389947	0.00085848759507	0.0022648542081	0.00229073825619	0.0019024775348	2.58840480926e-05	4.74540881697e-05	0.00909824290454	0.000379632705358	0.0144734968918	0.000155304288555	0	1.29420240463e-05	0	0	6.90241282468e-05	7.33381362623e-05	0.000258840480926	4.31400801543e-05	0.00115615414813	4.31400801543e-06	0.00171697519014	0.00050905294582	0	0.00010353619237	0.000746323386669	0.00193698959893	0.00920609310492	0	7.33381362623e-05	0.000517680961851	0.000396888737419	0.00015099028054	0.00106987398783	0.0158237814006	0.0086970401591	0.000310608577111	0.000340806633219	0.000271782504972	0.000263154488941	0	4.31400801543e-06	0.000759265410715	0.0063200217426	0.00609137931778	0.0067686785762	0.00179462733442	1.29420240463e-05	4.74540881697e-05	9.92221843548e-05	0.000461598857651	0.00209229388748	0.000677299258422	2.58840480926e-05	0	0	4.74540881697e-05
0.000327864609172	0.0144778108998	0.0255173574113	0	0.000133734248478	4.31400801543e-06	0.000163932304586	0.000306294569095	0.000138048256494	0.00157029891762	0.00050042492979	0.00164795106189	0.000250212464895	0.00582391082083	0.000504738937805	0.000120792224432	0.00311902779515	0.00521132168264	0.00110438605195	0.00413713368679	0.00050905294582	0.00216994603176	0.00732518561019	0.0186106305786	0.00405085352649	0.00494816719369	0.0231403389947	0.0861507400681	0.000901627675224	0.00112595609203	0.000353748657265	0.00132440046074	8.19661522931e-05	3.45120641234e-05	0.00451245238414	9.0594168324e-05	0.0101034067721	0.000953395771409	0	8.62801603085e-06	0	1.29420240463e-05	0.000181188336648	3.0198056108e-05	0.000125106232447	6.47101202314e-05	0.000478854889712	0	0.00143656466914	0.000237270440848	0	0.00437009011963	0.000133734248478	0.000478854889712	0.00131145843669	0	0.00020707238474	0.0107116819023	0.00174717324625	0.000116478216417	0.000892999659193	0.00519837965859	0.0102285130046	0.00040551675345	0.000224328416802	0.000163932304586	0.000194130360694	0	1.72560320617e-05	0.000263154488941	0.0110568025435	0.002795477194	0.00637178983879	0.00157892693365	0.000189816352679	0.000228642424818	0.000112164208401	0.000776521442777	0.00168677713403	0.000220014408787	4.31400801543e-05	1.29420240463e-05	0	6.0396112216e-05
0.00164363705388	0.000215700400771	0.00108281601187	0	0.00940453747363	4.31400801543e-06	0.0012596903405	0.019300871861	0.00115184014012	0.00504738937805	0.00685495873651	0.000409830761466	0.00210092190351	0.000742009378653	0.00239858845658	5.17680961851e-05	0.0048101189372	0.00113027010004	0.000176874328633	0.000733381362623	0.00512935553034	0.0171524958693	0.0024331005207	0.00616471745405	0.0228038463695	1.72560320617e-05	0.00085848759507	0.000901627675224	0.0728333973245	0.00826132534954	0.0217943684939	4.31400801543e-06	0.00034943464925	0.00368416284517	0.0149652938055	0.000319236593142	9.0594168324e-05	8.62801603085e-06	0	0.00124674831646	0	0.000138048256494	0.00116478216417	0.000271782504972	0.00480580492919	0.000560821042005	3.88260721388e-05	4.31400801543e-05	0	0.00125537633249	1.72560320617e-05	0.00153147284548	1.29420240463e-05	4.31400801543e-05	2.58840480926e-05	0.000146676272525	0.00206209583137	0.00290332739438	0.000996535851564	0.00381358308564	0	0.000142362264509	7.33381362623e-05	0.00511209949828	0.00213111995962	0.00155735689357	4.31400801543e-06	0	0.000849859579039	0.000560821042005	0.00454696444826	0.000293352545049	0.011466633305	0.00216563202374	0.00175148725426	2.58840480926e-05	0	0.00050042492979	0.000116478216417	0.000194130360694	0.000133734248478	4.74540881697e-05	4.31400801543e-06	0
0.0090335327843	0.000176874328633	0.000569449058036	0	0.00142793665311	8.62801603085e-06	0.00546153414753	0.0108195321027	0.00214837599168	0.00151421681341	0.0101120347882	0.00499130727385	0.00213111995962	0.00298960755469	0.0107246239264	0.000129420240463	0.000155304288555	0.00116478216417	0.000560821042005	0.00241584448864	0.00562546645212	0.00178168531037	0.000672985250407	0.00262291687338	0.0050042492979	1.72560320617e-05	0.0022648542081	0.00112595609203	0.00826132534954	0.0474972282499	0.00597058709335	4.31400801543e-06	0.00149696078135	0.00401634146236	0.0218418225821	3.0198056108e-05	0.000310608577111	8.62801603085e-06	0	1.72560320617e-05	0	7.76521442777e-05	0.000220014408787	0.000176874328633	0.000949081763394	9.0594168324e-05	0.000211386392756	4.31400801543e-05	3.45120641234e-05	0.000418458777496	4.31400801543e-06	9.0594168324e-05	8.62801603085e-06	0.00019844436871	0.000133734248478	2.15700400771e-05	0.000112164208401	0.000176874328633	0.000457284849635	0.000806719498885	0	0.000582391082083	0.000280410521003	0.000521994969867	0.000578077074067	7.76521442777e-05	4.31400801543e-05	0	8.62801603085e-06	0.000379632705358	0.00361082470891	0.000440028817574	0.00963317989845	0.00133734248478	0.0012855743886	0.000655729218345	0	0.000711811322545	5.17680961851e-05	0.000362376673296	1.29420240463e-05	1.29420240463e-05	0	0
0.00591450498915	0.000228642424818	0.000845545571024	0	0.000181188336648	0	7.33381362623e-05	0.0178039110797	0.000716125330561	0.00223897016001	0.000310608577111	0.00120792224432	4.31400801543e-06	0.000120792224432	0.00532779989905	3.0198056108e-05	0.00128126038058	0.00536662597119	0.000340806633219	0.00317079589134	2.15700400771e-05	0.0165442207392	0.000974965811486	0.0074114657705	0.00511209949828	1.29420240463e-05	0.00229073825619	0.000353748657265	0.0217943684939	0.00597058709335	0.0524971635397	0	6.90241282468e-05	0.00158755494968	0.0127910337657	0.00019844436871	0.00045297084162	4.31400801543e-06	0	8.62801603085e-06	0	8.62801603085e-06	0.000448656833604	6.90241282468e-05	0.00333472819592	0	4.74540881697e-05	0	0	0.000228642424818	0	0.000759265410715	3.0198056108e-05	5.60821042005e-05	0.000711811322545	0	0.00176011527029	0.00271782504972	0.000884371643163	0.00130283042066	0	0.000862801603085	0.00034943464925	0.00284724529018	0.00141930863708	0.00144087867715	0	0	0.00111301406798	0.000366690681311	0.000806719498885	0.000651415210329	0.00525014775477	0.00155735689357	0.000465912865666	4.31400801543e-05	4.31400801543e-06	0.000129420240463	5.60821042005e-05	8.62801603085e-05	5.17680961851e-05	8.62801603085e-06	0	0
0	4.31400801543e-06	8.62801603085e-06	0	0	0	4.74540881697e-05	3.45120641234e-05	0	0	3.88260721388e-05	0.000383946713373	8.62801603085e-06	0.00447794032001	0	0	0	4.31400801543e-06	7.76521442777e-05	2.58840480926e-05	3.0198056108e-05	0	0	4.31400801543e-06	0	0.00124674831646	0.0019024775348	0.00132440046074	4.31400801543e-06	4.31400801543e-06	0	0.00454265044024	4.31400801543e-06	0	7.76521442777e-05	0	0.000258840480926	0	0	0	0	0	0	0	0	0	0.000245898456879	4.31400801543e-06	0.000974965811486	4.31400801543e-06	0	0	0	0.000224328416802	1.29420240463e-05	0	0	0	0	0	0.000146676272525	0.00156167090158	0.000228642424818	0	1.29420240463e-05	0	0.000142362264509	0	0	2.15700400771e-05	1.29420240463e-05	0.00060396112216	0.000107850200386	2.15700400771e-05	0	4.31400801543e-06	0	0	0.00045297084162	1.72560320617e-05	0	0	0	4.31400801543e-06
0.00015099028054	1.72560320617e-05	0.000133734248478	0	8.62801603085e-05	0.000582391082083	0.00341669434822	0.000742009378653	0.00252800869704	1.29420240463e-05	0.00160912498975	3.0198056108e-05	0.000690241282468	0.000163932304586	0.00479717691315	6.90241282468e-05	4.31400801543e-06	4.31400801543e-06	8.62801603085e-06	1.29420240463e-05	0.000129420240463	1.29420240463e-05	5.17680961851e-05	0.000120792224432	0.000125106232447	0	2.58840480926e-05	8.19661522931e-05	0.00034943464925	0.00149696078135	6.90241282468e-05	4.31400801543e-06	0.00735969767432	0	0.0019283615829	0	1.29420240463e-05	0	0	0	0	0	4.31400801543e-06	4.31400801543e-06	2.15700400771e-05	0	8.62801603085e-06	3.0198056108e-05	0	1.29420240463e-05	0	4.31400801543e-06	0	8.62801603085e-06	0	0	0	8.62801603085e-06	8.62801603085e-06	4.31400801543e-06	0	0	8.62801603085e-06	1.29420240463e-05	3.0198056108e-05	0	0	0	0	3.45120641234e-05	0.000780835450792	7.76521442777e-05	0.000750637394684	0.000448656833604	0.000513366953836	0.00176874328633	0	1.29420240463e-05	4.31400801543e-06	8.62801603085e-06	0	4.31400801543e-06	0	0
0.000379632705358	1.29420240463e-05	1.72560320617e-05	0	1.72560320617e-05	0	8.62801603085e-06	0.000289038537034	4.31400801543e-06	0.0011734101802	5.60821042005e-05	1.72560320617e-05	8.62801603085e-06	0.000133734248478	2.15700400771e-05	0	4.74540881697e-05	8.62801603085e-06	0	4.31400801543e-05	8.62801603085e-06	1.72560320617e-05	0.000189816352679	2.58840480926e-05	0.0029637235066	0	4.74540881697e-05	3.45120641234e-05	0.00368416284517	0.00401634146236	0.00158755494968	0	0	0.00677730659224	0.00408967959862	0	4.31400801543e-06	0	0	0	0	0	6.0396112216e-05	1.29420240463e-05	0.000668671242391	0	0	0	0	5.60821042005e-05	0	4.31400801543e-06	0	0	0	0	4.31400801543e-06	8.62801603085e-06	4.74540881697e-05	0.000491796913759	0	0	8.62801603085e-06	0.000396888737419	3.88260721388e-05	4.31400801543e-06	0	0	0	4.31400801543e-06	0.000892999659193	0.000120792224432	0.00292921144247	0.000849859579039	0.000409830761466	0	0	8.62801603085e-06	0	4.31400801543e-06	0	0	0	0
