0.0228391255279	0	0.000814436468138	0	2.32696133754e-05	0	0	0.00449103538145	0.00809782545463	0	8.14436468138e-05	0	9.30784535015e-05	0	0.0150089006271	0	0	2.32696133754e-05	0	0	9.30784535015e-05	0.00543345472315	0	0.00705069285274	0.000267600553817	0	0	0	0.00454920941489	0.0130193486835	0.0183829945665	0	0	0.00372313814006	0.00015125248694	0	0	0	0	0	0	0	0	0	0	0	0	4.65392267507e-05	0	0	0	0	0	0	0	0	0	0	1.16348066877e-05	0	0	0	0	0	0	0	0	0	0	0	0	0	8.14436468138e-05	1.16348066877e-05	0	0	0	1.16348066877e-05	0	0	0	0	0	0
0	0.03319410348	0.00300178012542	0	0	0	0	0	0	0.00317630222574	0	0	0	9.30784535015e-05	0	0	0.00162887293628	0	0	0	0	0	0.00833052158838	0	0.00315303261236	0.00363005968656	0.0120187553084	0.0311580123096	0	0	0	0	0	0	0	0	0.0161374768758	0	0	0	0	0	0	0	1.16348066877e-05	0	0	0	0	0	0	0	0	0	0	0	0	0.00117511547546	0	3.49044200631e-05	0.00090751492164	0.00257129227798	0.0168472000838	2.32696133754e-05	0	0	0.000127982873565	0	0	0	0	0	0	0	0	0	0	0	0	0	0	0	0	0
0.000814436468138	0.00300178012542	0.0755797042432	0	0	2.32696133754e-05	0	0	0.0010354977952	0.000186156907003	0	0	0	0	0.00108203702195	0	0.000209426520378	0.004060547534	0	0	0	0.0022687873041	0.00615481273779	0.0307042548488	0.000139617680252	0	0.00888899230939	0.0343692189554	0.000395583427381	0.000465392267507	0.000500296687571	0	0	0	0.000488661880883	0	0.013077522717	0.000197791713691	0	0	0	0	0	0	0	0	0	0	0	0	0	0.00611990831772	0	0	1.16348066877e-05	0	0	0.0135545497912	0.00786512932088	0	0	1.16348066877e-05	0.0249682951518	3.49044200631e-05	0	0	0	0	0	0	0.00809782545463	0.00182666464997	0.00221061327066	0.00204772597703	4.65392267507e-05	0	0	0.00090751492164	0.00015125248694	0	0.000209426520378	1.16348066877e-05	0	0
0	0	0	0	0	0	0	0	0	0	0	0	0	0	0	0	0	0	0	0	0	0	0	0	0	0	0	0	0	0	0	0	0	0	0	0	0	0	0	0	0	0	0	0	0	0	0	0	0	0	0	0	0	0	0	0	0	0	0	0	0	0	0	0	0	0	0	0	0	0	0	0	0	0	0	0	0	0	0	0	0	0	0	0
2.32696133754e-05	0	0	0	0.0253406089658	2.32696133754e-05	0.00315303261236	0.00122165470221	0.00574759450372	0.000791166854763	0.0031181281923	0.00109367182864	0.00342063316618	0	0.00287379725186	0.000232696133754	0	0.000139617680252	0.000116348066877	0.000895880114952	0.00945909783709	1.16348066877e-05	0	2.32696133754e-05	0.0182433768863	0	0.00110530663533	0	0.00891226192277	0.00357188565312	3.49044200631e-05	0	1.16348066877e-05	0.00275744918498	0.00383948620694	0	0	0	0	0.00136127238246	0	0	3.49044200631e-05	0	0.00361842487987	0.00147762044934	0	0.000186156907003	0	0	0	0	0	0	0	0	0	0	0	0.00719031053299	0	0	0	0.00596865583078	0	0	0	0	0	0	3.49044200631e-05	0	0.00349044200631	5.81740334384e-05	0.000395583427381	0	0	0	0	0	0	0	0	0
0	0	2.32696133754e-05	0	2.32696133754e-05	0.00890062711608	0.00152415967609	0	0.00247821382448	0.00134963757577	0	0.000174522100315	5.81740334384e-05	1.16348066877e-05	3.49044200631e-05	0.00112857624871	0	0	0	0	0	0.00108203702195	0	0.00108203702195	0.0014194464159	0.000104713260189	9.30784535015e-05	0	0.000104713260189	3.49044200631e-05	0	1.16348066877e-05	0.00228042211079	3.49044200631e-05	0.00210590001047	0	0	0	0	0	0	0	0	0	1.16348066877e-05	0	1.16348066877e-05	1.16348066877e-05	1.16348066877e-05	0	0	0	0	0	0	0	0	0	1.16348066877e-05	0	0	0	1.16348066877e-05	0	0	0	0	0	0	0	0.00260619669804	0.000162887293628	0.00252475305123	0.00140781160921	0.00433978289451	0.00168704696971	0.000104713260189	1.16348066877e-05	1.16348066877e-05	0	0	0	0	1.16348066877e-05
0	0	0	0	0.00315303261236	0.00152415967609	0.0317513874507	0.000395583427381	0.0173940359981	6.98088401261e-05	0.0144504299061	0.00119838508883	0.0126819392896	0	0.00735319782662	0.000465392267507	0	5.81740334384e-05	0.000267600553817	0.000349044200631	0.00102386298852	0	0	0	0.00261783150473	0	0.000942419341703	0	0.00390929504706	0.00344390277956	0	0.000139617680252	0.000232696133754	0.000116348066877	0.00474700112858	0	0	0	0	0	0	0	0	0	1.16348066877e-05	1.16348066877e-05	0	0.000698088401261	0	0	0	0	0	0	0	0	0	0	0	2.32696133754e-05	0	0	1.16348066877e-05	3.49044200631e-05	0	0	0	0	0	0	0.00336245913274	0	0.00340899835949	4.65392267507e-05	0.000500296687571	0.000127982873565	0	1.16348066877e-05	1.16348066877e-05	0	0	0	0	0
0.00449103538145	0	0	0	0.00122165470221	0	0.000395583427381	0.0367543543264	0.0126586696762	0	0.00379294698019	1.16348066877e-05	5.81740334384e-05	0	0.00710886688618	0	0	3.49044200631e-05	0	8.14436468138e-05	5.81740334384e-05	0.00331591990599	0	0.0029319712853	0.00129146354233	0	5.81740334384e-05	0	0.0194301271684	0.000442122654132	0.011995485695	0	0	0.000232696133754	0.000186156907003	0	0	0	0	0	0	0	0	0	0	0	0	5.81740334384e-05	0	0	0	0	0	0	0	0	0	0	0	0	0	0	0	0	0	0	0	0	0	0	0	0	9.30784535015e-05	0	0	0	0	0	0	0	0	0	0	0
0.00809782545463	0	0.0010354977952	0	0.00574759450372	0.00247821382448	0.0173940359981	0.0126586696762	0.0522868212545	6.98088401261e-05	0.0104829608256	0.00139617680252	0.00894716634283	0.0007562624347	0.026224854274	9.30784535015e-05	0	1.16348066877e-05	0	1.16348066877e-05	0.00299014531874	0.00897043595621	0	0.00931948015684	0.00573595969703	0	0.000686453594574	0	0.00990122049122	0.00431651328113	0.00634096964479	0.000477027074195	0.00267600553817	0.000186156907003	0.00525893262283	0	0	0	0	0	0	0	0	0	1.16348066877e-05	0	1.16348066877e-05	0.000674818787886	0	0	0	0	0	0	0	0	0	0	0	3.49044200631e-05	0	0	0	3.49044200631e-05	0	0	1.16348066877e-05	0	0	0	0.00366496410662	0.000104713260189	0.00394419946713	0.000698088401261	0.000523566300946	0.000814436468138	0	0	1.16348066877e-05	0	0	0	0	0
0	0.00317630222574	0.000186156907003	0	0.000791166854763	0.00134963757577	6.98088401261e-05	0	6.98088401261e-05	0.0316932134173	0	0	0.00102386298852	0	0	0.00184993426334	1.16348066877e-05	0	0	0	0.000744627628012	0	0.00748118070018	0	0.0213266006585	0.000500296687571	0.000558470721009	0.00322284145249	0.00785349451419	0	0	0	0	0.000244330940441	0.000360679007318	0	0	0	0	0	1.16348066877e-05	1.16348066877e-05	0	1.16348066877e-05	0.0131473315571	0	0	5.81740334384e-05	0	0	1.16348066877e-05	4.65392267507e-05	0	1.16348066877e-05	1.16348066877e-05	0	0	0.00312976299899	0	0.00792330335431	0	0	1.16348066877e-05	0.0113904757472	1.16348066877e-05	0	0	2.32696133754e-05	0	3.49044200631e-05	0.00181502984328	2.32696133754e-05	0.000290870167192	0	0.00304831935217	0	0	0.000349044200631	0.00030250497388	3.49044200631e-05	3.49044200631e-05	1.16348066877e-05	2.32696133754e-05	0
8.14436468138e-05	0	0	0	0.0031181281923	0	0.0144504299061	0.00379294698019	0.0104829608256	0	0.0325658239188	0.00297851051205	0.0131356967504	0	0.00783022490081	4.65392267507e-05	0	0.000255965747129	0.00111694144202	0.00242003979104	0.00735319782662	0.000127982873565	0	0.000139617680252	0.00182666464997	0	0.00215243923722	0	0.00525893262283	0.00611990831772	9.30784535015e-05	0	0	0.000383948620694	0.00558470721009	0	0	0	0	0.000255965747129	0	0	2.32696133754e-05	0	0	0	0	0.00101222818183	0	0	0	0	0	0	0	0	0	0	0	0.000395583427381	0	0	0	0.000395583427381	0	0	0	0	0	0	0	0	0.00368823372	0	1.16348066877e-05	0	0	0	0	0	0	0	0	0
0	0	0	0	0.00109367182864	0.000174522100315	0.00119838508883	1.16348066877e-05	0.00139617680252	0	0.00297851051205	0.0300294360609	0.00422343482763	0.00340899835949	0.00556143759671	0	0	0.00131473315571	0.00665510942536	0.00522402820277	0.00287379725186	0	0	0	0.00121001989552	0.000849340888201	0.0121234685686	0	0.000895880114952	0.0139384984118	0	0.00182666464997	0.00292033647861	0.000872610501577	0.0200816763429	0	0	0	0	0	0	0	0	0	0	0	0.000197791713691	0.000698088401261	8.14436468138e-05	0	0	0	0	3.49044200631e-05	1.16348066877e-05	0	0	0	0	0.000267600553817	0	0	0	0.000465392267507	0	0	1.16348066877e-05	0	0	5.81740334384e-05	0.00080280166145	0.000826071274826	0.00837706081513	0	0	0	0.00104713260189	0.000383948620694	0.000197791713691	0.000186156907003	0	6.98088401261e-05	0	0.000116348066877
9.30784535015e-05	0	0	0	0.00342063316618	5.81740334384e-05	0.0126819392896	5.81740334384e-05	0.00894716634283	0.00102386298852	0.0131356967504	0.00422343482763	0.0312394559564	0	0.0105527696657	0.000663183981198	0	0.000186156907003	0.00180339503659	0.00238513537098	0.0110414315466	0.000197791713691	0	0.000209426520378	0.000558470721009	0	0.00300178012542	0	0.000186156907003	0.00812109506801	0.000104713260189	0.000139617680252	0	9.30784535015e-05	0.00724848456643	0	0	0	0	0.000674818787886	0	0	3.49044200631e-05	0	0	1.16348066877e-05	0	0.00363005968656	0	0	0	0	0	0	0	0	0	0	0	0.00060500994776	0	0	0	0.000616644754447	0	0	0	0	0	0	0.000267600553817	0	0.00458411383495	0	0.000407218234069	0	0	0	0	0	0	0	0	0
0	9.30784535015e-05	0	0	0	1.16348066877e-05	0	0	0.0007562624347	0	0	0.00340899835949	0	0.0201049459563	0.0013263679624	0	0	0	0	0	0	0	4.65392267507e-05	0	0	0.00550326356328	0.000698088401261	0.00791166854763	0	0.00136127238246	0	0.00269927515154	0.00176849061653	0	0.00246657901779	0	0	0	0	0	0	0	0	0	0	0	0.00257129227798	0	0.0056661508569	0	0	0	0	0	0	0	0	0	0	0	0.00136127238246	0.0024549442111	0.000965688955078	0	0	0	0.00134963757577	0	0	2.32696133754e-05	0	0.00233859614423	0.000104713260189	0	0	0	0.000430487847444	0	0.00390929504706	0	0	0	0	0.000581740334384
0.0150089006271	0	0.00108203702195	0	0.00287379725186	3.49044200631e-05	0.00735319782662	0.00710886688618	0.026224854274	0	0.00783022490081	0.00556143759671	0.0105527696657	0.0013263679624	0.045410650502	0	0	1.16348066877e-05	0.000919149728327	1.16348066877e-05	0.00349044200631	0.0067132834588	0	0.00758589396037	0.00280398841173	0	0.00282725802511	0	0.00610827351104	0.0156604498016	0.0139617680252	0.00060500994776	0.00211753481716	0.00015125248694	0.00591048179734	0	0	0	0	0	0	0	0	0	0	0	1.16348066877e-05	0.00184993426334	0	0	0	0	0	0	0	0	0	0	0	0	0	0	0	0	0	0	1.16348066877e-05	0	0	0	1.16348066877e-05	0	0.00180339503659	0	0	0	0	0	1.16348066877e-05	0	0	0	0	0
0	0	0	0	0.000232696133754	0.00112857624871	0.000465392267507	0	9.30784535015e-05	0.00184993426334	4.65392267507e-05	0	0.000663183981198	0	0	0.00796984258107	0	0	0	0	0.000209426520378	0.000465392267507	0	0.000418853040757	0.00349044200631	0	0	0	0.00168704696971	0.000558470721009	2.32696133754e-05	0	0	0.000837706081513	0.00180339503659	0	0	0	0	0	1.16348066877e-05	1.16348066877e-05	0	0	9.30784535015e-05	0	0	8.14436468138e-05	0	0	1.16348066877e-05	0	0	0	0	0	0	0	2.32696133754e-05	0.000104713260189	0	0	3.49044200631e-05	0	0	0	0	0	0	0	0.000686453594574	0	0.00260619669804	0.00240840498435	0.00510768013589	0	0	0.000104713260189	1.16348066877e-05	0	0	5.81740334384e-05	0	0
0	0.00162887293628	0.000209426520378	0	0	0	0	0	0	1.16348066877e-05	0	0	0	0	0	0	0.0202212940232	0	0	0	0	0.000814436468138	0.0139850376386	0.00997102933135	0.00468882709514	0	0.000255965747129	0.00564288124353	0.00145435083596	1.16348066877e-05	0	0	0	1.16348066877e-05	1.16348066877e-05	0	0	0	0	0	0	0	0	0	4.65392267507e-05	0	0	0	0	0	0	0.00629443041804	0	0	0	0	0.000197791713691	0.00675982268555	0.00231532653085	0.00119838508883	0	0	0	0.00178012542322	0	0	0	0	0	0	0.00138454199583	0.000290870167192	0	0	0	0	0	0	0	0	0	0	0	0
2.32696133754e-05	0	0.004060547534	0	0.000139617680252	0	5.81740334384e-05	3.49044200631e-05	1.16348066877e-05	0	0.000255965747129	0.00131473315571	0.000186156907003	0	1.16348066877e-05	0	0	0.0199071542426	0.000174522100315	0.0062362563846	0.000116348066877	0	0	0.00315303261236	0.000232696133754	0	0.00764406799381	0.00060500994776	0.00030250497388	0.000639914367823	8.14436468138e-05	0	0	0.000267600553817	0.0129146354233	0	0	4.65392267507e-05	0	0	0	0	0	0	0	0	0	0	0	0	0	0	0	0	0	0	0	0	8.14436468138e-05	0	0	2.32696133754e-05	0.000314139780568	0	0	0	0	0	0	0	6.98088401261e-05	0	0.00860975694889	0.000546835914321	0	0	0	4.65392267507e-05	0	0	0.00015125248694	0	0	0
0	0	0	0	0.000116348066877	0	0.000267600553817	0	0	0	0.00111694144202	0.00665510942536	0.00180339503659	0	0.000919149728327	0	0	0.000174522100315	0.00721358014637	0.00108203702195	0.00133800276908	0	0	0	0.000116348066877	0	0.00191974310347	0	8.14436468138e-05	0.00328101548593	0	0	0	4.65392267507e-05	0.00445613096138	0	0	0	0	0	0	0	0	0	0	0	0	0.00045375746082	0	0	0	0	0	0	0	0	0	0	0	1.16348066877e-05	0	0	0	1.16348066877e-05	0	0	0	0	0	0	1.16348066877e-05	0	0.00105876740858	0	0	0	0	0	0	0	0	0	0	0
0	0	0	0	0.000895880114952	0	0.000349044200631	8.14436468138e-05	1.16348066877e-05	0	0.00242003979104	0.00522402820277	0.00238513537098	0	1.16348066877e-05	0	0	0.0062362563846	0.00108203702195	0.0133334884641	0.00178012542322	0	0	0	0.00108203702195	0	0.00736483263331	0.000197791713691	0.000988958568453	0.00426997405438	2.32696133754e-05	0	0	0.0007562624347	0.0111694144202	0	0	0	0	0	0	0	0	0	0	0	0	0.000139617680252	0	0	0	0	0	0	0	0	0	0	1.16348066877e-05	0.00015125248694	0	1.16348066877e-05	3.49044200631e-05	0.00015125248694	0	0	0	0	0	0	6.98088401261e-05	0	0.00618971715785	0.000104713260189	0	0	0	1.16348066877e-05	0	0	3.49044200631e-05	0	0	0
9.30784535015e-05	0	0	0	0.00945909783709	0	0.00102386298852	5.81740334384e-05	0.00299014531874	0.000744627628012	0.00735319782662	0.00287379725186	0.0110414315466	0	0.00349044200631	0.000209426520378	0	0.000116348066877	0.00133800276908	0.00178012542322	0.0198838846293	0.000197791713691	0	0.000209426520378	0.00371150333337	0	0.00172195138978	0	0.00147762044934	0.00475863593526	0.000104713260189	0	0	0.000465392267507	0.00435141770119	0	0	0	0	0.00161723812959	0	0	4.65392267507e-05	0	0.00065154917451	0.000477027074195	0	0.00235023095091	0	0	0	0	0	0	0	0	0	0	0	0.00155906409615	0	0	0	0.00118675028214	0	0	0	0	0	0	0	0	0.00286216244517	0	0.000383948620694	0	0	0	0	0	0	0	0	0
0.00543345472315	0	0.0022687873041	0	1.16348066877e-05	0.00108203702195	0	0.00331591990599	0.00897043595621	0	0.000127982873565	0	0.000197791713691	0	0.0067132834588	0.000465392267507	0.000814436468138	0	0	0	0.000197791713691	0.0488312836682	0.00080280166145	0.0350673073567	0.000511931494258	0	2.32696133754e-05	8.14436468138e-05	0.0085981221422	0.00395583427381	0.0136476282447	0	0	0.000814436468138	0.00656203097186	0	0	8.14436468138e-05	0	0	0	0	0	0	0	0	0	0.00015125248694	0	0	0	0.0015125248694	0	0	0	0	0.000325774587255	0.00173358619647	0.000535201107634	0.00136127238246	0	0	0.000442122654132	0.00190810829678	0	0	0	0	0	0	0.00301341493211	0.00030250497388	0.00929621054346	0.00539855030309	0.00350207681299	2.32696133754e-05	0	0.00015125248694	0	2.32696133754e-05	0.00060500994776	0	0	0
0	0.00833052158838	0.00615481273779	0	0	0	0	0	0	0.00748118070018	0	0	0	4.65392267507e-05	0	0	0.0139850376386	0	0	0	0	0.00080280166145	0.0468417317246	0.0187436735739	0.0100524729782	0.00166377735634	0.00137290718915	0.0197559017557	0.00627116080466	0	0	0	0	0	0	0	0	0	0	0	0	0	0	1.16348066877e-05	0.00300178012542	0	0	0	0	0	0	0.0149158221736	0	0	0	0	0.000116348066877	0.0257361923932	0.00822580832819	0.00323447625918	0	0	0.0035951552665	0.0064224132916	0	0	0	1.16348066877e-05	0	2.32696133754e-05	0.000325774587255	3.49044200631e-05	0	0	0	0	0	0.000116348066877	0.000104713260189	2.32696133754e-05	2.32696133754e-05	0	1.16348066877e-05	0
0.00705069285274	0	0.0307042548488	0	2.32696133754e-05	0.00108203702195	0	0.0029319712853	0.00931948015684	0	0.000139617680252	0	0.000209426520378	0	0.00758589396037	0.000418853040757	0.00997102933135	0.00315303261236	0	0	0.000209426520378	0.0350673073567	0.0187436735739	0.11057720276	8.14436468138e-05	0	0.00162887293628	0.010168821045	0.00664347461867	0.00666674423204	0.0114021105539	0	0	0.00104713260189	0.0061431779311	0	0	0.000360679007318	0	0	0	0	0	0	0	0	0	0.000162887293628	0	0	0	0.0155673713481	0	0	0	0	0.000290870167192	0.024921755925	0.0193835879417	0.0014194464159	0	4.65392267507e-05	0.00578249892378	0.00194301271684	1.16348066877e-05	0	0	1.16348066877e-05	0	1.16348066877e-05	0.0110879707734	0.000860975694889	0.0143922558727	0.0126004956428	0.00374640775344	1.16348066877e-05	0	0.00183829945665	4.65392267507e-05	8.14436468138e-05	0.00116348066877	0	1.16348066877e-05	0
0.000267600553817	0.00315303261236	0.000139617680252	0	0.0182433768863	0.0014194464159	0.00261783150473	0.00129146354233	0.00573595969703	0.0213266006585	0.00182666464997	0.00121001989552	0.000558470721009	0	0.00280398841173	0.00349044200631	0.00468882709514	0.000232696133754	0.000116348066877	0.00108203702195	0.00371150333337	0.000511931494258	0.0100524729782	8.14436468138e-05	0.0765104887782	0.000721358014637	0.00205936078372	0.00375804256012	0.0341714272417	0.0135429149845	0.00719031053299	0	1.16348066877e-05	0.0160443984223	0.0116580763011	0	0	0	0	8.14436468138e-05	0	0	1.16348066877e-05	0	0.0181502984328	0.00147762044934	0	0.000186156907003	0	0	0	0.00065154917451	0	0	0	0	3.49044200631e-05	0.00350207681299	0	0.0217803581193	0	0	2.32696133754e-05	0.0192788746815	0	0	0	0	0	0	0.00278071879836	0.000174522100315	0.00943582822371	0.00162887293628	0.00464228786839	0	0	0.000139617680252	1.16348066877e-05	0	0	0	0	0
0	0.00363005968656	0	0	0	0.000104713260189	0	0	0	0.000500296687571	0	0.000849340888201	0	0.00550326356328	0	0	0	0	0	0	0	0	0.00166377735634	0	0.000721358014637	0.0114719193941	5.81740334384e-05	0.00710886688618	0	0	0	1.16348066877e-05	4.65392267507e-05	0	0.000558470721009	0	5.81740334384e-05	0	0	0	0	0	0	0	0	0	0.000535201107634	0	0.00276908399167	0	0	0	0	0	0	0	0	0	0	0	0.000686453594574	0.000209426520378	0.000372313814006	0	0	0	5.81740334384e-05	0	0	1.16348066877e-05	0	0.000116348066877	1.16348066877e-05	0	0	0	0.000523566300946	0	0.00115184586208	0	0	0	0	0.000511931494258
0	0.0120187553084	0.00888899230939	0	0.00110530663533	9.30784535015e-05	0.000942419341703	5.81740334384e-05	0.000686453594574	0.000558470721009	0.00215243923722	0.0121234685686	0.00300178012542	0.000698088401261	0.00282725802511	0	0.000255965747129	0.00764406799381	0.00191974310347	0.00736483263331	0.00172195138978	2.32696133754e-05	0.00137290718915	0.00162887293628	0.00205936078372	5.81740334384e-05	0.0840498435119	0.0314256128634	0.00123328950889	0.0096336199374	4.65392267507e-05	0.00176849061653	0.00060500994776	0.00122165470221	0.016056033229	0	0.0121234685686	0.000127982873565	0	0	0	0	0	0	0	0	0.000267600553817	0.00030250497388	0.000186156907003	0	0	0	0	0.00190810829678	0.000814436468138	0	0	2.32696133754e-05	0.00030250497388	0.000267600553817	0.00100059337514	0.00886572269602	0.0181968376595	0.000488661880883	0	0	0.000267600553817	0	0	5.81740334384e-05	0.0100292033648	0.00779532048075	0.0160909376491	0.00196628233022	0	8.14436468138e-05	0.000221061327066	0.000639914367823	0.000267600553817	0.000186156907003	0.000628279561135	6.98088401261e-05	0	0
0	0.0311580123096	0.0343692189554	0	0	0	0	0	0	0.00322284145249	0	0	0	0.00791166854763	0	0	0.00564288124353	0.00060500994776	0	0.000197791713691	0	8.14436468138e-05	0.0197559017557	0.010168821045	0.00375804256012	0.00710886688618	0.0314256128634	0.118104922687	0.000127982873565	0	0	0.000407218234069	0	0	0.000698088401261	0	0.0335780521007	0.000127982873565	0	0	0	0	0	0	0	0	0.00109367182864	0	0.00232696133754	0	0	0.00658530058523	0	0.00107040221527	0.000558470721009	0	0	0.0177547150054	0.00296687570536	1.16348066877e-05	0.00388602543369	0.0117744243679	0.0565335256955	4.65392267507e-05	0	0	0.00186156907003	0	0	0	0.00545672433653	0.00229205691747	0.00109367182864	0.000826071274826	1.16348066877e-05	0	0	0.000279235360504	0.00109367182864	0	0.000325774587255	0	0	0
0.00454920941489	0	0.000395583427381	0	0.00891226192277	0.000104713260189	0.00390929504706	0.0194301271684	0.00990122049122	0.00785349451419	0.00525893262283	0.000895880114952	0.000186156907003	0	0.00610827351104	0.00168704696971	0.00145435083596	0.00030250497388	8.14436468138e-05	0.000988958568453	0.00147762044934	0.0085981221422	0.00627116080466	0.00664347461867	0.0341714272417	0	0.00123328950889	0.000127982873565	0.0980581507638	0.0239327973566	0.0261201410139	0	1.16348066877e-05	0.0223039244203	0.0170449917975	0	0	0	0	0	0	0	0	0	0.0120652945351	0	0	0.000116348066877	0	0	0	0.00134963757577	0	0	0	0	0.000325774587255	0.0069925188193	0	0.0152648663742	0	0	1.16348066877e-05	0.0158233370953	0	0	0	1.16348066877e-05	0	1.16348066877e-05	0.00773714644731	0.000395583427381	0.0132869492373	0.00268764034486	0.00111694144202	1.16348066877e-05	0	0.000116348066877	4.65392267507e-05	1.16348066877e-05	1.16348066877e-05	0	1.16348066877e-05	0
0.0130193486835	0	0.000465392267507	0	0.00357188565312	3.49044200631e-05	0.00344390277956	0.000442122654132	0.00431651328113	0	0.00611990831772	0.0139384984118	0.00812109506801	0.00136127238246	0.0156604498016	0.000558470721009	1.16348066877e-05	0.000639914367823	0.00328101548593	0.00426997405438	0.00475863593526	0.00395583427381	0	0.00666674423204	0.0135429149845	0	0.0096336199374	0	0.0239327973566	0.0626534340132	0.025445322226	0.0007562624347	0.00215243923722	0.0231649001152	0.0304482891017	0	0	0	0	0	0	0	0	0	0	1.16348066877e-05	9.30784535015e-05	0.00111694144202	3.49044200631e-05	0	0	0	0	3.49044200631e-05	1.16348066877e-05	0	0	0	1.16348066877e-05	0.000663183981198	0	0	2.32696133754e-05	0.000849340888201	0	0	2.32696133754e-05	0	0	5.81740334384e-05	0.00271090995823	3.49044200631e-05	0.0174056708048	0.00121001989552	0	0	0	0.000860975694889	3.49044200631e-05	0.000162887293628	0	0.000209426520378	0	0
0.0183829945665	0	0.000500296687571	0	3.49044200631e-05	0	0	0.011995485695	0.00634096964479	0	9.30784535015e-05	0	0.000104713260189	0	0.0139617680252	2.32696133754e-05	0	8.14436468138e-05	0	2.32696133754e-05	0.000104713260189	0.0136476282447	0	0.0114021105539	0.00719031053299	0	4.65392267507e-05	0	0.0261201410139	0.025445322226	0.0553235058	0	0	0.0145551431663	0.00594538621741	0	0	0	0	0	0	0	0	0	0	0	0	4.65392267507e-05	0	0	0	0	0	0	0	0	0	0	1.16348066877e-05	0	0	0	0	0	0	0	0	0	0	0	1.16348066877e-05	0	0.00219897846397	0.000127982873565	0	0	0	1.16348066877e-05	0	0	0	0	0	0
0	0	0	0	0	1.16348066877e-05	0.000139617680252	0	0.000477027074195	0	0	0.00182666464997	0.000139617680252	0.00269927515154	0.00060500994776	0	0	0	0	0	0	0	0	0	0	1.16348066877e-05	0.00176849061653	0.000407218234069	0	0.0007562624347	0	0.00426997405438	0.000570105527697	0	0.00110530663533	0	0	0	0	0	0	0	0	0	0	0	0.000197791713691	2.32696133754e-05	0.000558470721009	0	0	0	0	0	0	0	0	0	0	1.16348066877e-05	0	6.98088401261e-05	0	1.16348066877e-05	0	0	4.65392267507e-05	0	0	0	2.32696133754e-05	0.00152415967609	0.000488661880883	1.16348066877e-05	0	1.16348066877e-05	0.000349044200631	0	0.000663183981198	0	0	0	0	0
0	0	0	0	1.16348066877e-05	0.00228042211079	0.000232696133754	0	0.00267600553817	0	0	0.00292033647861	0	0.00176849061653	0.00211753481716	0	0	0	0	0	0	0	0	0	1.16348066877e-05	4.65392267507e-05	0.00060500994776	0	1.16348066877e-05	0.00215243923722	0	0.000570105527697	0.00603846467091	1.16348066877e-05	0.00510768013589	0	0	0	0	0	0	0	0	0	0	0	1.16348066877e-05	0	0	0	0	0	0	0	0	0	0	0	0	0	0	0	0	0	0	0	1.16348066877e-05	0	0	0	0.000639914367823	0.000232696133754	0.00147762044934	0.000337409393943	0.000442122654132	0.00130309834902	4.65392267507e-05	0	1.16348066877e-05	0	0	0	0	0
0.00372313814006	0	0	0	0.00275744918498	3.49044200631e-05	0.000116348066877	0.000232696133754	0.000186156907003	0.000244330940441	0.000383948620694	0.000872610501577	9.30784535015e-05	0	0.00015125248694	0.000837706081513	1.16348066877e-05	0.000267600553817	4.65392267507e-05	0.0007562624347	0.000465392267507	0.000814436468138	0	0.00104713260189	0.0160443984223	0	0.00122165470221	0	0.0223039244203	0.0231649001152	0.0145551431663	0	1.16348066877e-05	0.0301225145144	0.0173707663847	0	0	0	0	0	0	0	0	0	0.00015125248694	0	0	0	0	0	0	0	0	0	0	0	0	0	1.16348066877e-05	0.000162887293628	0	0	1.16348066877e-05	0.000407218234069	0	0	0	0	0	0	0.00174522100315	0	0.0119489464683	0.00225715249741	1.16348066877e-05	0	0	0.000616644754447	0	0	0	8.14436468138e-05	0	0
0.00015125248694	0	0.000488661880883	0	0.00383948620694	0.00210590001047	0.00474700112858	0.000186156907003	0.00525893262283	0.000360679007318	0.00558470721009	0.0200816763429	0.00724848456643	0.00246657901779	0.00591048179734	0.00180339503659	1.16348066877e-05	0.0129146354233	0.00445613096138	0.0111694144202	0.00435141770119	0.00656203097186	0	0.0061431779311	0.0116580763011	0.000558470721009	0.016056033229	0.000698088401261	0.0170449917975	0.0304482891017	0.00594538621741	0.00110530663533	0.00510768013589	0.0173707663847	0.0758589396037	0	0	0.000104713260189	0	0	0	0	0	0	0.000174522100315	1.16348066877e-05	0.000209426520378	0.000744627628012	8.14436468138e-05	0	0	0	0	4.65392267507e-05	2.32696133754e-05	0	0	6.98088401261e-05	0.000221061327066	0.000860975694889	0	0.000197791713691	0.000558470721009	0.00146598564265	1.16348066877e-05	0	2.32696133754e-05	1.16348066877e-05	0	6.98088401261e-05	0.00783022490081	0.000546835914321	0.0427579145772	0.00518912378271	0.00045375746082	0.00115184586208	0.000581740334384	0.00178012542322	0.000279235360504	0.000197791713691	0.000477027074195	0.000255965747129	1.16348066877e-05	0.000116348066877
0	0	0	0	0	0	0	0	0	0	0	0	0	0	0	0	0	0	0	0	0	0	0	0	0	0	0	0	0	0	0	0	0	0	0	0.0225598901674	0	0	0	1.16348066877e-05	0	9.30784535015e-05	0.007562624347	0.00426997405438	0	0.000593375141072	0	0	0	0.0158466067086	0	0	0.000290870167192	0	0	0	0.00265273592479	0	0.00432814808782	0.000395583427381	0	0	0	0.00478190554864	0.00823744313488	0.00500296687571	0	0	0.000500296687571	0.000337409393943	0	0	0	0	0	0	0	0	0	3.49044200631e-05	0	0	0	0
0	0.0161374768758	0.013077522717	0	0	0	0	0	0	0	0	0	0	0	0	0	0	0	0	0	0	0	0	0	0	5.81740334384e-05	0.0121234685686	0.0335780521007	0	0	0	0	0	0	0	0	0.043362924525	8.14436468138e-05	0	2.32696133754e-05	0	0	0	0	0.00105876740858	0	0	0	1.16348066877e-05	0	0	0.000383948620694	0	1.16348066877e-05	0	0	0	0.00443286134801	0	0.00240840498435	0.00210590001047	0.00361842487987	0.0407799974403	0.000127982873565	0	0	0.000186156907003	0	0	0	0	0	0	0	0	0	0	0.000162887293628	4.65392267507e-05	0	0	0	0	0
0	0	0.000197791713691	0	0	0	0	0	0	0	0	0	0	0	0	0	0	4.65392267507e-05	0	0	0	8.14436468138e-05	0	0.000360679007318	0	0	0.000127982873565	0.000127982873565	0	0	0	0	0	0	0.000104713260189	0	8.14436468138e-05	0.0308904117558	0	0	0	1.16348066877e-05	3.49044200631e-05	0.000477027074195	0	0	0	0	0	0.000430487847444	0	0	0.00853994810876	0	0.00105876740858	0	0.000407218234069	0	0.0139152287985	0	0	0.00606173428428	0.00367659891331	3.49044200631e-05	0	9.30784535015e-05	0	0	0	0.000337409393943	0	0	0.000558470721009	0.00060500994776	0.000209426520378	1.16348066877e-05	0	0	0	0.00190810829678	0.000791166854763	0	0	0
0	0	0	0	0	0	0	0	0	0	0	0	0	0	0	0	0	0	0	0	0	0	0	0	0	0	0	0	0	0	0	0	0	0	0	0	0	0	0	0	0	0	0	0	0	0	0	0	0	0	0	0	0	0	0	0	0	0	0	0	0	0	0	0	0	0	0	0	0	0	0	0	0	0	0	0	0	0	0	0	0	0	0	0
0	0	0	0	0.00136127238246	0	0	0	0	0	0.000255965747129	0	0.000674818787886	0	0	0	0	0	0	0	0.00161723812959	0	0	0	8.14436468138e-05	0	0	0	0	0	0	0	0	0	0	1.16348066877e-05	2.32696133754e-05	0	0	0.0117511547546	0	0.000860975694889	0	0.000162887293628	0.000267600553817	0.0032112066458	0.0007562624347	0.00318793703243	0	0.000221061327066	0.000383948620694	0	1.16348066877e-05	0.0010354977952	0.00101222818183	0.00687617075242	0	2.32696133754e-05	0	0.00159396851621	0	9.30784535015e-05	0	0.00389766024038	0.000395583427381	0	0	0	0	0.00118675028214	0	0	0	0	0	0	0	0.000174522100315	0	0.00172195138978	0	0	0	0
0	0	0	0	0	0	0	0	0	1.16348066877e-05	0	0	0	0	0	1.16348066877e-05	0	0	0	0	0	0	0	0	0	0	0	0	0	0	0	0	0	0	0	0	0	0	0	0	0.0039674690805	0.00286216244517	0	0.000546835914321	1.16348066877e-05	0	0	0.000127982873565	0	0	0.00117511547546	0	0	0	0	0	0	0	0	1.16348066877e-05	0	0	0	1.16348066877e-05	0	0	0	0.00030250497388	0	0.000558470721009	0	0	0	0	1.16348066877e-05	0	0	0.000663183981198	0	0.000221061327066	2.32696133754e-05	0.00116348066877	0.00161723812959	0
0	0	0	0	0	0	0	0	0	1.16348066877e-05	0	0	0	0	0	1.16348066877e-05	0	0	0	0	0	0	0	0	0	0	0	0	0	0	0	0	0	0	0	9.30784535015e-05	0	1.16348066877e-05	0	0.000860975694889	0.00286216244517	0.0346368195092	0.00282725802511	0.0194766663952	0.000162887293628	0.0149041873669	0.000279235360504	0.00712050169286	1.16348066877e-05	0.00222224807735	0.00764406799381	0	3.49044200631e-05	0.00015125248694	0.00015125248694	0.00259456189135	1.16348066877e-05	0	3.49044200631e-05	0.000663183981198	0	2.32696133754e-05	1.16348066877e-05	0.0033042850993	0.00202445636366	0	1.16348066877e-05	0.000314139780568	0	0.00203609117035	0	0	0	0	1.16348066877e-05	0	0	0.00361842487987	0	0.00297851051205	0.000325774587255	0.0046306530617	0.00127982873565	0
0	0	0	0	3.49044200631e-05	0	0	0	0	0	2.32696133754e-05	0	3.49044200631e-05	0	0	0	0	0	0	0	4.65392267507e-05	0	0	0	1.16348066877e-05	0	0	0	0	0	0	0	0	0	0	0.007562624347	0	3.49044200631e-05	0	0	0	0.00282725802511	0.0603962815158	0.0126703044829	0	0.0109483530931	8.14436468138e-05	2.32696133754e-05	0	0.0191508918079	0.00140781160921	0	6.98088401261e-05	0.000267600553817	0.000337409393943	2.32696133754e-05	0.00527056742952	0	0.00186156907003	0.000139617680252	0	0.000139617680252	3.49044200631e-05	0.0220363238665	0.00559634201678	0.0137058022781	0	1.16348066877e-05	0.00147762044934	0.00200118675028	0	0	0	0	0	0	0	0.00215243923722	0	0.00124492431558	1.16348066877e-05	0	1.16348066877e-05	0
0	0	0	0	0	0	0	0	0	1.16348066877e-05	0	0	0	0	0	0	0	0	0	0	0	0	1.16348066877e-05	0	0	0	0	0	0	0	0	0	0	0	0	0.00426997405438	0	0.000477027074195	0	0.000162887293628	0.000546835914321	0.0194766663952	0.0126703044829	0.0442820742533	1.16348066877e-05	0.0164865210765	4.65392267507e-05	0.00130309834902	0	0.0155557365414	0.00493315803558	0	0.000511931494258	0.000162887293628	0.000162887293628	0.000674818787886	0.00416526079419	1.16348066877e-05	0.0063293348381	0.000407218234069	0	3.49044200631e-05	3.49044200631e-05	0.00855158291545	0.00210590001047	0.00188483868341	1.16348066877e-05	0.000174522100315	2.32696133754e-05	0.000558470721009	1.16348066877e-05	0	0	0	0	0	0	0.00253638785792	2.32696133754e-05	0.00188483868341	0.000337409393943	0.00315303261236	1.16348066877e-05	0
0	1.16348066877e-05	0	0	0.00361842487987	1.16348066877e-05	1.16348066877e-05	0	1.16348066877e-05	0.0131473315571	0	0	0	0	0	9.30784535015e-05	4.65392267507e-05	0	0	0	0.00065154917451	0	0.00300178012542	0	0.0181502984328	0	0	0	0.0120652945351	0	0	0	0	0.00015125248694	0.000174522100315	0	0.00105876740858	0	0	0.000267600553817	1.16348066877e-05	0.000162887293628	0	1.16348066877e-05	0.0411174068343	0.000500296687571	0	0.00144271602927	0	0	0.00222224807735	0.0007562624347	0	0	0	0	0	0.00964525474409	0	0.0332871819335	6.98088401261e-05	0	0.000162887293628	0.0171846094777	0	0	0	1.16348066877e-05	0	2.32696133754e-05	0.000360679007318	0	0.000162887293628	0	0.000418853040757	0	0	0.000127982873565	6.98088401261e-05	2.32696133754e-05	2.32696133754e-05	0.000221061327066	1.16348066877e-05	0
0	0	0	0	0.00147762044934	0	1.16348066877e-05	0	0	0	0	0	1.16348066877e-05	0	0	0	0	0	0	0	0.000477027074195	0	0	0	0.00147762044934	0	0	0	0	1.16348066877e-05	0	0	0	0	1.16348066877e-05	0.000593375141072	0	0	0	0.0032112066458	0	0.0149041873669	0.0109483530931	0.0164865210765	0.000500296687571	0.0431884024247	0.00133800276908	0.00442122654132	0	0.007748781254	0.00459574864164	0	0.000209426520378	0.00212916962385	0.00228042211079	0.00580576853716	0	0	0	0.00167541216303	0	0.000325774587255	3.49044200631e-05	0.0119722160816	0.00447940057476	0	0	4.65392267507e-05	2.32696133754e-05	0.00193137791016	0	0	0	0	0	0	0	0.00144271602927	1.16348066877e-05	0.00364169449325	4.65392267507e-05	1.16348066877e-05	4.65392267507e-05	0
0	0	0	0	0	1.16348066877e-05	0	0	1.16348066877e-05	0	0	0.000197791713691	0	0.00257129227798	1.16348066877e-05	0	0	0	0	0	0	0	0	0	0	0.000535201107634	0.000267600553817	0.00109367182864	0	9.30784535015e-05	0	0.000197791713691	1.16348066877e-05	0	0.000209426520378	0	0	0	0	0.0007562624347	0	0.000279235360504	8.14436468138e-05	4.65392267507e-05	0	0.00133800276908	0.0247239642113	0.000535201107634	0.00478190554864	0.000581740334384	1.16348066877e-05	0	0	0.0062362563846	0.00550326356328	0.00111694144202	0	0	0	2.32696133754e-05	0.000290870167192	0.00134963757577	4.65392267507e-05	0.000639914367823	0.00503787129577	0	0.00109367182864	0.00200118675028	0	0.00964525474409	0	0.000814436468138	8.14436468138e-05	0	0	0	0.000116348066877	0.000349044200631	0.00494479284227	0.00929621054346	2.32696133754e-05	0	5.81740334384e-05	0.00247821382448
4.65392267507e-05	0	0	0	0.000186156907003	1.16348066877e-05	0.000698088401261	5.81740334384e-05	0.000674818787886	5.81740334384e-05	0.00101222818183	0.000698088401261	0.00363005968656	0	0.00184993426334	8.14436468138e-05	0	0	0.00045375746082	0.000139617680252	0.00235023095091	0.00015125248694	0	0.000162887293628	0.000186156907003	0	0.00030250497388	0	0.000116348066877	0.00111694144202	4.65392267507e-05	2.32696133754e-05	0	0	0.000744627628012	0	0	0	0	0.00318793703243	0.000127982873565	0.00712050169286	2.32696133754e-05	0.00130309834902	0.00144271602927	0.00442122654132	0.000535201107634	0.0218850713795	1.16348066877e-05	0.00180339503659	0.00423506963432	0	0	0.000325774587255	0.000127982873565	0.00762079838043	0	0	0	0.00215243923722	0	0	0	0.0013263679624	0.00184993426334	0	1.16348066877e-05	0	0	0.00126819392896	2.32696133754e-05	0	0.000360679007318	0	9.30784535015e-05	0	0	2.32696133754e-05	0	0.00133800276908	0	0.000221061327066	4.65392267507e-05	0
0	0	0	0	0	1.16348066877e-05	0	0	0	0	0	8.14436468138e-05	0	0.0056661508569	0	0	0	0	0	0	0	0	0	0	0	0.00276908399167	0.000186156907003	0.00232696133754	0	3.49044200631e-05	0	0.000558470721009	0	0	8.14436468138e-05	0	1.16348066877e-05	0	0	0	0	1.16348066877e-05	0	0	0	0	0.00478190554864	1.16348066877e-05	0.0108552746396	2.32696133754e-05	0	0	0	0	0	1.16348066877e-05	0	0	0	0	0.00108203702195	0.000127982873565	0.000581740334384	0	0.000279235360504	0	0.000616644754447	9.30784535015e-05	0	0.00045375746082	0	0.00105876740858	3.49044200631e-05	0	0	0	4.65392267507e-05	1.16348066877e-05	0.00426997405438	0.00116348066877	0	0	0	0.00126819392896
0	0	0	0	0	0	0	0	0	0	0	0	0	0	0	0	0	0	0	0	0	0	0	0	0	0	0	0	0	0	0	0	0	0	0	0.0158466067086	0	0.000430487847444	0	0.000221061327066	0	0.00222224807735	0.0191508918079	0.0155557365414	0	0.007748781254	0.000581740334384	0.00180339503659	2.32696133754e-05	0.0466439400109	0.00060500994776	0	0.000732992821324	0.000488661880883	0.00080280166145	0.00237350056429	0.00450267018813	0	0.00945909783709	0.000314139780568	0	0.00015125248694	1.16348066877e-05	0.00564288124353	0.00955217629059	0.00643404809829	4.65392267507e-05	5.81740334384e-05	2.32696133754e-05	0.00109367182864	0	0	0	0	0	0	0	4.65392267507e-05	0	0.00108203702195	0	4.65392267507e-05	0	0
0	0	0	0	0	0	0	0	0	1.16348066877e-05	0	0	0	0	0	1.16348066877e-05	0	0	0	0	0	0	0	0	0	0	0	0	0	0	0	0	0	0	0	0	0	0	0	0.000383948620694	0.00117511547546	0.00764406799381	0.00140781160921	0.00493315803558	0.00222224807735	0.00459574864164	1.16348066877e-05	0.00423506963432	0	0.00060500994776	0.0126121304495	0	2.32696133754e-05	9.30784535015e-05	0.000116348066877	0.000721358014637	0	0	0	0.00225715249741	0	2.32696133754e-05	0	0.00153579448277	0.00080280166145	0	0	0	0	0.000535201107634	0	0	0	0	1.16348066877e-05	0	0	0	0	0.00080280166145	1.16348066877e-05	0.000767897241387	0.000383948620694	0
0	0	0.00611990831772	0	0	0	0	0	0	4.65392267507e-05	0	0	0	0	0	0	0.00629443041804	0	0	0	0	0.0015125248694	0.0149158221736	0.0155673713481	0.00065154917451	0	0	0.00658530058523	0.00134963757577	0	0	0	0	0	0	0	0.000383948620694	0	0	0	0	0	0	0	0.0007562624347	0	0	0	0	0	0	0.0337758438144	0	0	0	0	0.0015125248694	0.028982303459	0.00748118070018	0.00719031053299	0	0	0.00420016521425	0.00484007958208	0	0	0	0	0	0	0	6.98088401261e-05	0	0	0	0	0	0.00109367182864	0.00153579448277	0	0	0	0	0
0	0	0	0	0	0	0	0	0	0	0	0	0	0	0	0	0	0	0	0	0	0	0	0	0	0	0	0	0	0	0	0	0	0	0	0.000290870167192	0	0.00853994810876	0	1.16348066877e-05	0	3.49044200631e-05	6.98088401261e-05	0.000511931494258	0	0.000209426520378	0	0	0	0.000732992821324	2.32696133754e-05	0	0.0225715249741	0	0.00508441052252	5.81740334384e-05	0.000535201107634	0	0.00744627628012	1.16348066877e-05	0	0.00372313814006	0.00136127238246	0.000314139780568	0.000244330940441	0.00030250497388	0	1.16348066877e-05	0	0.00653876135848	0	0	0	0	0	0	0	0	0	0.00501460168239	0.00015125248694	0	9.30784535015e-05	0
0	0	0	0	0	0	0	0	0	1.16348066877e-05	0	3.49044200631e-05	0	0	0	0	0	0	0	0	0	0	0	0	0	0	0.00190810829678	0.00107040221527	0	3.49044200631e-05	0	0	0	0	4.65392267507e-05	0	1.16348066877e-05	0	0	0.0010354977952	0	0.00015125248694	0.000267600553817	0.000162887293628	0	0.00212916962385	0.0062362563846	0.000325774587255	0	0.000488661880883	9.30784535015e-05	0	0	0.0170566266041	0.0115184586208	0.00140781160921	0.000174522100315	1.16348066877e-05	0	5.81740334384e-05	1.16348066877e-05	0.00432814808782	0.000349044200631	0.00123328950889	0.00252475305123	0	3.49044200631e-05	2.32696133754e-05	0	0.00425833924769	1.16348066877e-05	0	3.49044200631e-05	0	0	0	0	0.00430487847444	0.00450267018813	0.00796984258107	0.000104713260189	0	2.32696133754e-05	0
0	0	1.16348066877e-05	0	0	0	0	0	0	1.16348066877e-05	0	1.16348066877e-05	0	0	0	0	0	0	0	0	0	0	0	0	0	0	0.000814436468138	0.000558470721009	0	1.16348066877e-05	0	0	0	0	2.32696133754e-05	0	0	0.00105876740858	0	0.00101222818183	0	0.00015125248694	0.000337409393943	0.000162887293628	0	0.00228042211079	0.00550326356328	0.000127982873565	0	0.00080280166145	0.000116348066877	0	0.00508441052252	0.0115184586208	0.0283656587046	0.00146598564265	0.000267600553817	1.16348066877e-05	0	5.81740334384e-05	0	0.00908678402308	0.00112857624871	0.00211753481716	0.00349044200631	0	0	3.49044200631e-05	0	0.0105760392791	1.16348066877e-05	0	1.16348066877e-05	1.16348066877e-05	0	0	0	0.0039674690805	0.00445613096138	0.0106807525393	0.000465392267507	0	0.000116348066877	0
0	0	0	0	0	0	0	0	0	0	0	0	0	0	0	0	0	0	0	0	0	0	0	0	0	0	0	0	0	0	0	0	0	0	0	0	0	0	0	0.00687617075242	0	0.00259456189135	2.32696133754e-05	0.000674818787886	0	0.00580576853716	0.00111694144202	0.00762079838043	1.16348066877e-05	0.00237350056429	0.000721358014637	0	5.81740334384e-05	0.00140781160921	0.00146598564265	0.0150903442739	0	0	0	0.00154742928946	0	0.000104713260189	0	0.00371150333337	0.00257129227798	0	1.16348066877e-05	0	0	0.00200118675028	0	0	0	0	0	0	0	5.81740334384e-05	0	0.00266437073148	0	0	0	0
0	0	0	0	0	0	0	0	0	0	0	0	0	0	0	0	0.000197791713691	0	0	0	0	0.000325774587255	0.000116348066877	0.000290870167192	3.49044200631e-05	0	0	0	0.000325774587255	0	0	0	0	0	0	0.00265273592479	0	0.000407218234069	0	0	0	1.16348066877e-05	0.00527056742952	0.00416526079419	0	0	0	0	0	0.00450267018813	0	0.0015125248694	0.000535201107634	0.000174522100315	0.000267600553817	0	0.0460389300632	0.000523566300946	0.0129495398434	0.000267600553817	0	0.000162887293628	8.14436468138e-05	0.0126819392896	0.000965688955078	0.0119838508883	0	0	0.000628279561135	0.00414199118082	0	2.32696133754e-05	1.16348066877e-05	1.16348066877e-05	3.49044200631e-05	0	0	0.00579413373047	0.0031181281923	0.00585230776391	0.000895880114952	0.000500296687571	5.81740334384e-05	0
0	0.00117511547546	0.0135545497912	0	0	0	0	0	0	0.00312976299899	0	0	0	0	0	0	0.00675982268555	0	0	0	0	0.00173358619647	0.0257361923932	0.024921755925	0.00350207681299	0	2.32696133754e-05	0.0177547150054	0.0069925188193	0	0	0	0	0	6.98088401261e-05	0	0.00443286134801	0	0	2.32696133754e-05	0	0	0	1.16348066877e-05	0.00964525474409	0	0	0	0	0	0	0.028982303459	0	1.16348066877e-05	1.16348066877e-05	0	0.000523566300946	0.0659344494991	0.0147645696867	0.0156139105749	8.14436468138e-05	0	0.0170333569908	0.0100873773982	2.32696133754e-05	0	0	3.49044200631e-05	0	4.65392267507e-05	0.000674818787886	0.000116348066877	0	0	0	0	0	0.000383948620694	0.000349044200631	4.65392267507e-05	4.65392267507e-05	0	3.49044200631e-05	0
1.16348066877e-05	0	0.00786512932088	0	0	1.16348066877e-05	0	0	0	0	0	0	0	0	0	2.32696133754e-05	0.00231532653085	8.14436468138e-05	0	1.16348066877e-05	0	0.000535201107634	0.00822580832819	0.0193835879417	0	0	0.00030250497388	0.00296687570536	0	1.16348066877e-05	1.16348066877e-05	0	0	1.16348066877e-05	0.000221061327066	0.00432814808782	0	0.0139152287985	0	0	0	3.49044200631e-05	0.00186156907003	0.0063293348381	0	0	0	0	0	0.00945909783709	0	0.00748118070018	0.00744627628012	0	0	0	0.0129495398434	0.0147645696867	0.0728222550582	0	0	0	0.00534037626965	0.000209426520378	0.00102386298852	0.00297851051205	0	0	0.000279235360504	0.00411872156744	0.000244330940441	8.14436468138e-05	0.00413035637413	0.00430487847444	0.000616644754447	0	0	0.00760916357375	0.000639914367823	0.00239677017766	0.000814436468138	2.32696133754e-05	0	0
