0.0283781560984	8.22436055597e-05	0.00705238917674	0	8.63557858377e-05	0.000690846286701	0.00116374701867	0.00794884447734	0.00577761329057	0.000460564191134	0.00119664446089	0.00319927625627	9.45801463936e-05	4.93461633358e-05	0.0192244427996	7.40192450037e-05	2.87852619459e-05	0.0047248951394	1.64487211119e-05	0.00270170244264	0.000941689283658	0.0084423061107	3.28974422239e-05	0.00986923266716	0.000686734106423	1.2336540834e-05	0.00627107492392	0.0019985196151	0.00527181511637	0.014215807221	0.0144995476602	0	7.81314252817e-05	0.00345011925323	0.00624228966198	8.22436055597e-06	0.000143926309729	1.64487211119e-05	0	0.00100337198783	0	0.000127477588617	9.45801463936e-05	8.63557858377e-05	0.00165309647175	0.000477012912246	4.93461633358e-05	0.000308413520849	4.11218027798e-06	7.81314252817e-05	0	5.34583436138e-05	3.70096225019e-05	0.000300189160293	1.2336540834e-05	0.000567480878362	0.00012336540834	3.70096225019e-05	5.34583436138e-05	0.00259067357513	5.34583436138e-05	0.000180935932231	0.000131589768895	0.00140636565507	2.87852619459e-05	5.75705238918e-05	0	4.11218027798e-06	0	5.75705238918e-05	0.000596266140308	0.000189160292787	0.00446993996217	0.000234394275845	6.16827041698e-05	2.87852619459e-05	0	4.52339830578e-05	2.87852619459e-05	9.45801463936e-05	1.2336540834e-05	3.28974422239e-05	6.16827041698e-05	0
8.22436055597e-05	0.0283946048195	0.00112262521589	0	6.16827041698e-05	0	0	0.000250842996957	8.22436055597e-06	0.00314993009294	2.05609013899e-05	9.04679661156e-05	0	0.000226169915289	5.34583436138e-05	4.11218027798e-06	0.0016818817337	0.00107327905255	4.11218027798e-06	0.000152150670285	2.87852619459e-05	0.000481125092524	0.0065753762645	0.0012706637059	0.00305946212682	0.0020725388601	0.00571181840612	0.0234312032239	0.000583929599474	8.22436055597e-05	8.22436055597e-05	8.22436055597e-06	0	4.93461633358e-05	0.00104038161033	0	0.0124352331606	0.00185870548565	0	4.52339830578e-05	0	1.2336540834e-05	0	4.11218027798e-05	9.86923266716e-05	0	0.000160375030841	0	0.000148038490007	2.87852619459e-05	0	0.000160375030841	0.00104449379061	2.05609013899e-05	0.000209721194177	0	2.05609013899e-05	0.0012336540834	0.000115141047784	0.000148038490007	0.000189160292787	0.00224936261206	0.00944979027881	6.57948844477e-05	4.11218027798e-06	8.22436055597e-06	0	0	4.11218027798e-06	0.000148038490007	0.00189982728843	0.00136524385229	0.000604490500864	0.000131589768895	0.000176823751953	0	4.11218027798e-05	0.000620939221975	9.86923266716e-05	0.000185048112509	4.11218027798e-05	2.46730816679e-05	0	1.64487211119e-05
0.00705238917674	0.00112262521589	0.0561723825973	0	4.11218027798e-06	4.93461633358e-05	0.000152150670285	0.000892343120322	0.00193272473065	2.87852619459e-05	0.000135701949173	0.000275516078625	2.05609013899e-05	3.28974422239e-05	0.00579406201168	9.86923266716e-05	0.000324862241961	0.0139978616663	2.05609013899e-05	0.000217945554733	3.28974422239e-05	0.00771033802122	0.000546919976972	0.0243728925076	0.000226169915289	4.11218027798e-06	0.0136812237849	0.0183156509581	0.00149272144091	0.00366395262768	0.00671107821367	0	4.11218027798e-06	8.22436055597e-05	0.00120898100173	0.000168599391397	0.00384488855991	0.00639855251254	0	1.2336540834e-05	0	5.34583436138e-05	2.05609013899e-05	2.05609013899e-05	5.75705238918e-05	4.11218027798e-06	3.28974422239e-05	4.11218027798e-06	4.11218027798e-06	1.64487211119e-05	0	0.000789538613373	0.00513200098692	1.64487211119e-05	0.000925240562546	0	0.00248786906818	0.00338432436878	0.00632453326754	4.52339830578e-05	1.2336540834e-05	0.00228226005428	0.00195739781232	8.63557858377e-05	0.000662061024755	0.000657948844477	4.11218027798e-06	0	0	0.00111028867506	0.00367628916852	0.00168599391397	0.00225758697261	0.00185870548565	0.000119253228062	0	4.11218027798e-06	0.000493461633358	0.000588041779752	0.000764865531705	0.000287852619459	8.22436055597e-06	0	2.46730816679e-05
0	0	0	0	0	0	0	0	0	0	0	0	0	0	0	0	0	0	0	0	0	0	0	0	0	0	0	0	0	0	0	0	0	0	0	0	0	0	0	0	0	0	0	0	0	0	0	0	0	0	0	0	0	0	0	0	0	0	0	0	0	0	0	0	0	0	0	0	0	0	0	0	0	0	0	0	0	0	0	0	0	0	0	0
8.63557858377e-05	6.16827041698e-05	4.11218027798e-06	0	0.0235915782548	1.64487211119e-05	0.000135701949173	0.00166954519286	0.000172711571675	0.00104449379061	0.000826548235875	0.000148038490007	0.00408339501604	3.70096225019e-05	0.000440003289744	9.86923266716e-05	8.22436055597e-06	4.11218027798e-06	0	6.16827041698e-05	0.00686734106423	4.11218027798e-06	6.99070647257e-05	4.11218027798e-06	0.0149724483921	1.2336540834e-05	0.000115141047784	5.34583436138e-05	0.00860268114154	0.000670285385311	4.52339830578e-05	0	4.11218027798e-06	0.000238506456123	0.000719631548647	0	0	0	0	0.00542807796694	4.11218027798e-06	2.87852619459e-05	0	0	0.00625873838309	0.00248786906818	2.05609013899e-05	0.00398059050909	1.64487211119e-05	0	9.86923266716e-05	0	0	0	0	0.00882062669627	0	0	0	0.00634098198865	0	8.22436055597e-06	0	0.000209721194177	0	0	4.11218027798e-06	0	0	4.11218027798e-06	0.000156262850563	0.000172711571675	0.000522246895304	4.52339830578e-05	0.000180935932231	4.11218027798e-06	0	0	2.46730816679e-05	4.11218027798e-06	0	0	0	0
0.000690846286701	0	4.93461633358e-05	0	1.64487211119e-05	0.00766510403816	0.00436302327494	0.000682621926145	0.00197795871371	2.46730816679e-05	0.00114729829756	2.87852619459e-05	0.000349535323629	8.22436055597e-06	0.00218767990789	0.00203141705732	8.22436055597e-06	3.70096225019e-05	0	0	0.000291964799737	3.70096225019e-05	0	4.93461633358e-05	0.000148038490007	0	2.87852619459e-05	0	0.000460564191134	0.000830660416153	0.000374208405296	0	0.00169421827453	5.34583436138e-05	0.000522246895304	0	0	0	0	0.000135701949173	0	2.46730816679e-05	1.2336540834e-05	8.22436055597e-06	0.000189160292787	3.70096225019e-05	4.11218027798e-06	3.28974422239e-05	4.11218027798e-06	1.2336540834e-05	0	8.22436055597e-06	0	0	0	2.05609013899e-05	1.64487211119e-05	0	0	0.000250842996957	4.11218027798e-06	0	4.11218027798e-06	0.000131589768895	0	4.11218027798e-06	0	0	0	2.46730816679e-05	0.000217945554733	2.46730816679e-05	0.000485237272802	9.45801463936e-05	0.00180524714203	0.000682621926145	0	8.22436055597e-06	4.11218027798e-06	2.46730816679e-05	4.11218027798e-06	1.64487211119e-05	1.64487211119e-05	0
0.00116374701867	0	0.000152150670285	0	0.000135701949173	0.00436302327494	0.0250966362365	0.00295665761987	0.0093387614113	5.75705238918e-05	0.00816679003208	0.000370096225019	0.00609425117197	0.000111028867506	0.00560490171889	0.00270992680319	4.11218027798e-06	4.11218027798e-05	0	4.52339830578e-05	0.00212188502344	6.57948844477e-05	0	0.000242618636401	0.000320750061683	0	7.40192450037e-05	3.70096225019e-05	0.00138580475368	0.00318693971544	0.000357759684185	0	0.000390657126408	4.11218027798e-05	0.000842996956987	0	4.11218027798e-06	0	0	0.000275516078625	0	1.64487211119e-05	1.2336540834e-05	8.22436055597e-06	0.000320750061683	4.93461633358e-05	0.000143926309729	5.75705238918e-05	0.000135701949173	8.22436055597e-06	0	1.64487211119e-05	4.11218027798e-06	8.22436055597e-06	0	0.000172711571675	1.64487211119e-05	4.11218027798e-06	8.22436055597e-06	0.000440003289744	4.11218027798e-06	1.2336540834e-05	8.22436055597e-06	0.000193272473065	4.11218027798e-06	1.2336540834e-05	8.22436055597e-06	0	0	2.87852619459e-05	0.000213833374455	0.000259067357513	0.000904679661156	0.000172711571675	0.00320750061683	0.000139814129451	0	1.64487211119e-05	0.000148038490007	4.11218027798e-05	1.64487211119e-05	8.22436055597e-06	2.05609013899e-05	0
0.00794884447734	0.000250842996957	0.000892343120322	0	0.00166954519286	0.000682621926145	0.00295665761987	0.059186610741	0.00852454971626	0.00245908380623	0.0131713134304	0.00144748745785	0.000908791841434	6.57948844477e-05	0.013919730241	0.000995147627272	0.000193272473065	0.000320750061683	0	0.00114318611728	0.000526359075582	0.0056789209639	0.000452339830578	0.00793650793651	0.00733612961592	0.000106916687228	0.00156674068591	0.000662061024755	0.0354387696357	0.013668887244	0.0106793321819	0	6.16827041698e-05	0.00893987992434	0.00780080598733	4.11218027798e-06	1.2336540834e-05	8.22436055597e-06	0	0.00426021876799	0	0.000649724483921	8.22436055597e-06	0.000328974422239	0.00590509087918	0.00128711242701	4.11218027798e-05	0.0012706637059	2.46730816679e-05	0.000324862241961	2.05609013899e-05	8.22436055597e-06	0	8.22436055597e-06	4.11218027798e-06	0.00332675384489	8.22436055597e-06	2.87852619459e-05	2.05609013899e-05	0.00654247882227	0	2.05609013899e-05	2.46730816679e-05	0.00168599391397	8.63557858377e-05	1.64487211119e-05	1.64487211119e-05	4.11218027798e-06	8.22436055597e-06	0.000164487211119	0.00183403240398	0.000328974422239	0.00443704251994	0.00095813800477	0.0018299202237	3.28974422239e-05	0	2.87852619459e-05	4.11218027798e-06	0.000263179537791	1.2336540834e-05	0.000254955177235	4.93461633358e-05	0
0.00577761329057	8.22436055597e-06	0.00193272473065	0	0.000172711571675	0.00197795871371	0.0093387614113	0.00852454971626	0.0349658689037	0.000283740439181	0.00887408503989	0.00117197137923	0.00230282095567	0.000312525701127	0.0214326836088	0.000382432765852	4.11218027798e-05	0.00133234641007	2.46730816679e-05	0.000217945554733	0.0014762727198	0.00278394604819	2.46730816679e-05	0.00421087260465	0.00053047125586	1.2336540834e-05	0.00120486882145	0.000242618636401	0.00354058721934	0.00969240891521	0.00398470268937	4.11218027798e-06	0.000357759684185	0.00012336540834	0.00328974422239	8.22436055597e-06	2.87852619459e-05	4.11218027798e-06	0	0.00087589439921	0	6.57948844477e-05	4.11218027798e-05	4.52339830578e-05	0.000962250185048	0.000304301340571	0.000131589768895	0.000209721194177	0.000148038490007	4.11218027798e-05	0	3.70096225019e-05	8.22436055597e-06	4.52339830578e-05	0	0.00046878855169	5.34583436138e-05	2.87852619459e-05	2.46730816679e-05	0.00170655481536	1.2336540834e-05	5.34583436138e-05	2.87852619459e-05	0.000723743728925	3.28974422239e-05	3.28974422239e-05	2.05609013899e-05	4.11218027798e-06	0	5.75705238918e-05	0.00201908051649	0.000316637881405	0.0029319845382	0.000316637881405	0.00101982070894	0.000238506456123	0	3.28974422239e-05	0.000139814129451	8.22436055597e-05	1.64487211119e-05	2.87852619459e-05	4.52339830578e-05	0
0.000460564191134	0.00314993009294	2.87852619459e-05	0	0.00104449379061	2.46730816679e-05	5.75705238918e-05	0.00245908380623	0.000283740439181	0.0222427831236	0.000678509745867	5.75705238918e-05	0.000764865531705	0.00012336540834	0.000514022534748	0.00012336540834	0.00139814129451	2.05609013899e-05	4.11218027798e-06	5.75705238918e-05	0.000514022534748	0.000423554568632	0.00583518381446	0.000185048112509	0.0133933711654	0.00115552265811	0.000982811086438	0.00173122789703	0.00924006908463	0.00188749074759	0.00197384653343	4.11218027798e-06	0	0.00140636565507	0.00226169915289	0.000156262850563	4.93461633358e-05	0	0	0.00180113496176	2.46730816679e-05	0.000205609013899	0.000213833374455	0.000238506456123	0.0122131754256	0.00105683033144	0.000135701949173	0.00221646516983	8.63557858377e-05	0.000131589768895	0.000185048112509	2.46730816679e-05	0	2.87852619459e-05	4.93461633358e-05	0.00269759026236	1.2336540834e-05	6.99070647257e-05	0	0.00949502426186	2.87852619459e-05	4.11218027798e-05	9.86923266716e-05	0.00330208076322	4.11218027798e-05	2.05609013899e-05	0	0	1.2336540834e-05	0.000106916687228	0.00138991693396	0.000291964799737	0.000431778929188	0.000135701949173	0.000497573813636	0	4.11218027798e-06	0.000259067357513	3.28974422239e-05	0.000176823751953	2.46730816679e-05	3.28974422239e-05	3.28974422239e-05	0
0.00119664446089	2.05609013899e-05	0.000135701949173	0	0.000826548235875	0.00114729829756	0.00816679003208	0.0131713134304	0.00887408503989	0.000678509745867	0.0348918496587	0.00144337527757	0.00293609671848	0.000135701949173	0.00660416152644	0.000633275762809	1.64487211119e-05	8.63557858377e-05	0	0.00114318611728	0.00324451023933	0.000559256517806	2.87852619459e-05	0.000764865531705	0.00130356114812	4.11218027798e-06	0.0013076733284	0.000361871864463	0.00883296323711	0.00570770622584	0.000382432765852	0	5.75705238918e-05	0.00372974751213	0.00388189818242	0	4.11218027798e-06	1.2336540834e-05	0	0.000324862241961	0	0	0	8.22436055597e-06	0.000653836664199	0.000744304630315	9.04679661156e-05	0.000707295007813	5.34583436138e-05	8.22436055597e-06	4.11218027798e-06	0	0	4.52339830578e-05	0	0.00112262521589	4.11218027798e-06	0	0	0.00117197137923	0	7.40192450037e-05	8.22436055597e-06	9.86923266716e-05	4.11218027798e-06	1.64487211119e-05	4.11218027798e-05	0	0	1.64487211119e-05	0.000600378320586	0.000201496833621	0.00199029525454	0.000374208405296	0.001139073937	1.2336540834e-05	0	0	6.16827041698e-05	2.05609013899e-05	8.22436055597e-06	0	0	0
0.00319927625627	9.04679661156e-05	0.000275516078625	0	0.000148038490007	2.87852619459e-05	0.000370096225019	0.00144748745785	0.00117197137923	5.75705238918e-05	0.00144337527757	0.0347890451517	0.00218767990789	0.00768977711983	0.0116292458261	0	8.63557858377e-05	0.00125421498478	0.00125421498478	0.00855744715848	0.00223291389094	0.00050991035447	9.86923266716e-05	0.000703182827535	0.000296076980015	0.00205609013899	0.0125832716506	0.00244263508512	0.00137758039312	0.015947035118	0.000838884776709	0.000234394275845	8.22436055597e-05	0.00204375359816	0.0193313594868	0	0.000106916687228	2.46730816679e-05	0	0.000160375030841	0	0.000209721194177	0.000312525701127	0.000287852619459	0.000308413520849	0.000226169915289	0.00140636565507	0.000238506456123	0.00217534336705	0.000250842996957	0	5.34583436138e-05	1.64487211119e-05	0.000505798174192	1.64487211119e-05	0.000283740439181	2.46730816679e-05	6.16827041698e-05	2.05609013899e-05	0.000546919976972	0.000731968089481	0.00059215396003	0.000143926309729	0.000567480878362	2.46730816679e-05	0.000119253228062	0.000242618636401	0	0	0.000209721194177	0.00266469282013	0.00656715190394	0.0112550374208	0.000263179537791	1.64487211119e-05	4.11218027798e-06	0.00100748416811	7.40192450037e-05	0.00099925980755	0.000213833374455	1.2336540834e-05	0.000185048112509	4.52339830578e-05	0.000197384653343
9.45801463936e-05	0	2.05609013899e-05	0	0.00408339501604	0.000349535323629	0.00609425117197	0.000908791841434	0.00230282095567	0.000764865531705	0.00293609671848	0.00218767990789	0.0328563204211	0.000929352742824	0.00679332181923	0.000678509745867	8.22436055597e-06	8.22436055597e-06	0	1.64487211119e-05	0.0132329961346	4.52339830578e-05	8.22436055597e-06	0.00010280450695	0.00414096553993	2.05609013899e-05	4.52339830578e-05	2.46730816679e-05	0.00323217369849	0.00569536968501	2.46730816679e-05	0	1.2336540834e-05	0.000119253228062	0.00413274117937	0	0	0	0	0.000596266140308	8.22436055597e-06	0.000731968089481	8.22436055597e-06	0.000217945554733	0.000226169915289	0.000748416810593	0.000505798174192	0.0053787318036	0.000382432765852	0.000106916687228	0.000230282095567	0	0	2.46730816679e-05	0	0.00305946212682	0	4.11218027798e-06	0	0.000148038490007	0	2.46730816679e-05	2.05609013899e-05	2.05609013899e-05	2.46730816679e-05	4.11218027798e-06	2.05609013899e-05	0	0	0.000296076980015	0.000275516078625	0.00174767661814	0.00386956164158	0.000135701949173	0.00150917016202	4.11218027798e-06	0	5.75705238918e-05	0.00040710584752	0.000226169915289	0	1.64487211119e-05	2.87852619459e-05	0
4.93461633358e-05	0.000226169915289	3.28974422239e-05	0	3.70096225019e-05	8.22436055597e-06	0.000111028867506	6.57948844477e-05	0.000312525701127	0.00012336540834	0.000135701949173	0.00768977711983	0.000929352742824	0.0170038654495	0.00203964141788	0	1.2336540834e-05	4.93461633358e-05	5.75705238918e-05	9.04679661156e-05	0.000365984044741	5.75705238918e-05	0.000152150670285	5.75705238918e-05	9.45801463936e-05	0.00555966773583	0.00371329879102	0.00163664775064	0.000164487211119	0.00309647174932	0.000119253228062	0.000707295007813	4.11218027798e-06	2.05609013899e-05	0.00327740768155	0	7.81314252817e-05	0	0	0	0	2.87852619459e-05	0.000160375030841	0.000189160292787	0	8.22436055597e-06	0.00193683691093	1.64487211119e-05	0.00428900402994	0.000164487211119	0	0	4.11218027798e-06	2.46730816679e-05	0	8.22436055597e-06	0	0	0	4.11218027798e-06	0.00294843325931	0.000353647503907	0.000259067357513	2.87852619459e-05	1.2336540834e-05	7.81314252817e-05	0.000263179537791	0	0	0.000160375030841	0.000172711571675	0.00345011925323	0.00317049099433	0.000271403898347	4.11218027798e-06	0	0.00133234641007	5.34583436138e-05	0.000493461633358	0.000222057735011	1.2336540834e-05	6.99070647257e-05	1.64487211119e-05	0.000974586725882
0.0192244427996	5.34583436138e-05	0.00579406201168	0	0.000440003289744	0.00218767990789	0.00560490171889	0.013919730241	0.0214326836088	0.000514022534748	0.00660416152644	0.0116292458261	0.00679332181923	0.00203964141788	0.0604613866272	0.000242618636401	0.000119253228062	0.00333909038572	0.000180935932231	0.00313348137182	0.00577761329057	0.0080310880829	7.40192450037e-05	0.0107739123283	0.00101159634838	0.000164487211119	0.00613126079447	0.0013076733284	0.00755818735093	0.031922855498	0.0116827041698	4.11218027798e-06	0.000213833374455	0.00140225347479	0.0178962085698	4.11218027798e-06	0.000115141047784	3.70096225019e-05	0	0.00128711242701	0	0.000180935932231	9.04679661156e-05	0.000139814129451	0.00166954519286	0.000637387943087	0.000773089892261	0.00042766674891	0.000690846286701	0.000131589768895	4.11218027798e-06	5.75705238918e-05	2.05609013899e-05	0.00040710584752	0	0.00091701620199	9.86923266716e-05	4.52339830578e-05	7.40192450037e-05	0.0029689941607	5.34583436138e-05	0.000440003289744	0.000164487211119	0.00152561888313	3.70096225019e-05	4.11218027798e-05	0.000168599391397	4.11218027798e-06	0	8.63557858377e-05	0.00287441401431	0.00280450694958	0.0118924253639	0.000818323875319	0.00046878855169	0.000152150670285	8.63557858377e-05	5.34583436138e-05	0.000785426433095	0.000119253228062	1.2336540834e-05	4.93461633358e-05	6.99070647257e-05	3.28974422239e-05
7.40192450037e-05	4.11218027798e-06	9.86923266716e-05	0	9.86923266716e-05	0.00203141705732	0.00270992680319	0.000995147627272	0.000382432765852	0.00012336540834	0.000633275762809	0	0.000678509745867	0	0.000242618636401	0.00778024508594	4.52339830578e-05	2.05609013899e-05	0	0	0.000259067357513	0.000119253228062	1.64487211119e-05	0.000415330208076	0.000653836664199	0	1.2336540834e-05	3.70096225019e-05	0.00119253228062	0.000954025824492	0.000460564191134	0	0.000164487211119	0.000892343120322	0.00113084957645	0	4.11218027798e-06	0	0	0.000242618636401	0	0.000111028867506	1.64487211119e-05	4.93461633358e-05	0.000411218027798	5.75705238918e-05	1.2336540834e-05	0.000156262850563	4.11218027798e-06	4.11218027798e-05	0	0	8.22436055597e-06	0	4.11218027798e-06	6.16827041698e-05	0	4.11218027798e-06	4.11218027798e-06	0.000501685993914	4.11218027798e-06	8.22436055597e-06	4.52339830578e-05	0.000180935932231	2.05609013899e-05	0	4.11218027798e-06	0	0	6.16827041698e-05	9.86923266716e-05	8.22436055597e-06	0.00145159963813	0.00138580475368	0.00461797845218	4.11218027798e-06	0	1.64487211119e-05	4.11218027798e-06	0.000127477588617	7.81314252817e-05	8.22436055597e-06	1.64487211119e-05	0
2.87852619459e-05	0.0016818817337	0.000324862241961	0	8.22436055597e-06	8.22436055597e-06	4.11218027798e-06	0.000193272473065	4.11218027798e-05	0.00139814129451	1.64487211119e-05	8.63557858377e-05	8.22436055597e-06	1.2336540834e-05	0.000119253228062	4.52339830578e-05	0.0255818735093	0.000242618636401	0	0.00012336540834	2.05609013899e-05	0.00694958466979	0.0157825479069	0.00927707870713	0.00949913644214	0.000156262850563	0.000641500123365	0.0039230199852	0.00260712229624	0.00145571181841	0.0011020643145	0	8.22436055597e-06	0.00162842339008	0.00209721194177	0	4.52339830578e-05	2.46730816679e-05	0	0.000197384653343	0	8.22436055597e-06	1.2336540834e-05	8.22436055597e-06	0.00252487869068	0	8.22436055597e-06	4.11218027798e-06	8.22436055597e-06	8.22436055597e-06	0	0.00224525043178	4.11218027798e-06	0	4.11218027798e-06	0	0.00206020231927	0.00433012583272	0.00053047125586	0.00198207089399	8.22436055597e-06	4.11218027798e-05	6.57948844477e-05	0.00268525372152	6.99070647257e-05	0.000444115470022	0	0	0	4.52339830578e-05	0.00257422485402	0.00118430792006	0.0004482276503	0.000197384653343	1.64487211119e-05	8.22436055597e-06	4.11218027798e-06	6.16827041698e-05	4.11218027798e-05	8.22436055597e-06	4.11218027798e-06	0	0	0
0.0047248951394	0.00107327905255	0.0139978616663	0	4.11218027798e-06	3.70096225019e-05	4.11218027798e-05	0.000320750061683	0.00133234641007	2.05609013899e-05	8.63557858377e-05	0.00125421498478	8.22436055597e-06	4.93461633358e-05	0.00333909038572	2.05609013899e-05	0.000242618636401	0.0326219261452	3.28974422239e-05	0.00436713545522	0	0.00690846286701	0.000378320585574	0.0130726211037	0.00012336540834	3.70096225019e-05	0.0126202812731	0.00687145324451	0.000670285385311	0.00419031170327	0.00702771609507	0	4.11218027798e-06	0.000291964799737	0.00419442388354	2.05609013899e-05	0.000382432765852	0.000143926309729	0	2.46730816679e-05	0	8.22436055597e-06	4.11218027798e-06	1.2336540834e-05	4.93461633358e-05	4.11218027798e-06	0.000164487211119	8.22436055597e-06	0	1.2336540834e-05	0	1.64487211119e-05	0.000912904021712	5.75705238918e-05	0.000616827041698	0	0.000111028867506	0.000106916687228	7.40192450037e-05	5.75705238918e-05	8.22436055597e-06	0.000723743728925	0.000374208405296	4.52339830578e-05	4.11218027798e-05	4.52339830578e-05	0	0	0	0.00046878855169	0.00142281437618	0.000797762973929	0.00139814129451	0.000518134715026	4.11218027798e-06	0	0	0.000135701949173	0.000279628258903	0.000440003289744	9.04679661156e-05	4.11218027798e-06	0	4.11218027798e-06
1.64487211119e-05	4.11218027798e-06	2.05609013899e-05	0	0	0	0	0	2.46730816679e-05	4.11218027798e-06	0	0.00125421498478	0	5.75705238918e-05	0.000180935932231	0	0	3.28974422239e-05	0.00196562217288	0.00104449379061	4.11218027798e-06	2.87852619459e-05	4.11218027798e-06	2.46730816679e-05	4.11218027798e-06	6.16827041698e-05	0.000900567480878	8.22436055597e-06	0	0.000205609013899	2.05609013899e-05	0	0	4.11218027798e-06	0.000279628258903	0	0	0	0	0	0	0	0	0	0	0	4.11218027798e-06	0	2.46730816679e-05	0	0	0	0	0	8.22436055597e-06	0	0	0	0	0	4.11218027798e-06	1.2336540834e-05	8.22436055597e-06	0	0	0	4.11218027798e-06	0	0	0	0.000172711571675	0.000246730816679	0.000106916687228	4.11218027798e-06	0	0	0	4.11218027798e-06	0	0	0	0	0	0
0.00270170244264	0.000152150670285	0.000217945554733	0	6.16827041698e-05	0	4.52339830578e-05	0.00114318611728	0.000217945554733	5.75705238918e-05	0.00114318611728	0.00855744715848	1.64487211119e-05	9.04679661156e-05	0.00313348137182	0	0.00012336540834	0.00436713545522	0.00104449379061	0.0209268854347	0.000172711571675	0.000444115470022	0.000176823751953	0.000719631548647	0.000259067357513	0.000345423143351	0.013150752529	0.00279628258903	0.00106094251172	0.00610658771281	0.00118019573978	4.11218027798e-06	0	0.00277572168764	0.010280450695	0	0.000213833374455	4.11218027798e-05	0	0.000143926309729	0	4.93461633358e-05	1.64487211119e-05	4.11218027798e-05	0.000172711571675	0.000238506456123	0.000333086602517	9.04679661156e-05	9.45801463936e-05	3.70096225019e-05	0	4.93461633358e-05	3.70096225019e-05	0.00040710584752	0.000460564191134	0.00012336540834	4.11218027798e-05	0.000160375030841	6.16827041698e-05	0.000402993667242	4.11218027798e-05	0.000781314252817	0.000481125092524	0.000328974422239	4.11218027798e-06	2.46730816679e-05	0	0	0	0.000131589768895	0.0024097376429	0.00281684349042	0.00313348137182	0.000172711571675	4.11218027798e-06	0	4.52339830578e-05	8.63557858377e-05	0.000168599391397	0.000226169915289	0.000111028867506	1.2336540834e-05	4.11218027798e-06	4.11218027798e-06
0.000941689283658	2.87852619459e-05	3.28974422239e-05	0	0.00686734106423	0.000291964799737	0.00212188502344	0.000526359075582	0.0014762727198	0.000514022534748	0.00324451023933	0.00223291389094	0.0132329961346	0.000365984044741	0.00577761329057	0.000259067357513	2.05609013899e-05	0	4.11218027798e-06	0.000172711571675	0.024940373386	2.46730816679e-05	2.05609013899e-05	2.46730816679e-05	0.00511555226581	2.87852619459e-05	0.000694958466979	0.000230282095567	0.00439592071716	0.00539106834444	3.28974422239e-05	0	2.05609013899e-05	0.00120486882145	0.00538695616416	0	8.22436055597e-06	0	0	0.000172711571675	0	4.11218027798e-06	0	8.22436055597e-06	0.000514022534748	0.000559256517806	0.000209721194177	0.000949913644214	0.000176823751953	8.22436055597e-06	4.11218027798e-06	0	0	0.000135701949173	0	0.00111851303561	0	0	0	0.000534583436138	1.2336540834e-05	0.000160375030841	1.64487211119e-05	8.22436055597e-06	0	4.11218027798e-06	8.63557858377e-05	0	0	8.22436055597e-06	0.000435891109466	0.00141459001563	0.00522658113332	0.000176823751953	0.000567480878362	0	1.64487211119e-05	0	0.000160375030841	1.64487211119e-05	4.11218027798e-06	4.11218027798e-06	0	0
0.0084423061107	0.000481125092524	0.00771033802122	0	4.11218027798e-06	3.70096225019e-05	6.57948844477e-05	0.0056789209639	0.00278394604819	0.000423554568632	0.000559256517806	0.00050991035447	4.52339830578e-05	5.75705238918e-05	0.0080310880829	0.000119253228062	0.00694958466979	0.00690846286701	2.87852619459e-05	0.000444115470022	2.46730816679e-05	0.0625257011267	0.00971708199687	0.038210379143	0.00169833045481	8.63557858377e-05	0.00365161608685	0.00148038490007	0.0079200592154	0.00852043753598	0.0207130520602	2.46730816679e-05	4.11218027798e-06	0.00455629574801	0.00777613290567	0.00146804835924	0.000152150670285	4.93461633358e-05	0	7.40192450037e-05	0	0.000111028867506	0.000304301340571	0.000201496833621	0.00490994325191	2.87852619459e-05	2.05609013899e-05	0	8.22436055597e-06	0.000575705238918	0	0.00188749074759	0.000193272473065	8.22436055597e-06	4.93461633358e-05	4.11218027798e-06	0.00439592071716	0.00419442388354	0.000921128382268	0.00160786248869	8.22436055597e-06	6.57948844477e-05	0.000185048112509	0.00391068344436	0.00185048112509	0.00438769635661	8.22436055597e-06	0	1.2336540834e-05	0.000111028867506	0.0025783370343	0.00121720536228	0.00501685993914	0.0022411382515	2.05609013899e-05	0	2.46730816679e-05	0.000180935932231	8.22436055597e-05	0.000127477588617	4.11218027798e-06	0	0	0
3.28974422239e-05	0.0065753762645	0.000546919976972	0	6.99070647257e-05	0	0	0.000452339830578	2.46730816679e-05	0.00583518381446	2.87852619459e-05	9.86923266716e-05	8.22436055597e-06	0.000152150670285	7.40192450037e-05	1.64487211119e-05	0.0157825479069	0.000378320585574	4.11218027798e-06	0.000176823751953	2.05609013899e-05	0.00971708199687	0.0460687556542	0.0173205033309	0.00854099843737	0.0015502919648	0.00191216382926	0.0148202977219	0.00210954848261	0.000542807796694	0.000522246895304	4.11218027798e-06	0	0.000801875154207	0.00116785919895	0.000505798174192	0.000567480878362	7.40192450037e-05	0	0.000193272473065	4.11218027798e-06	9.45801463936e-05	0.000115141047784	0.000111028867506	0.00516489842915	1.2336540834e-05	0.00010280450695	1.64487211119e-05	8.63557858377e-05	0.000164487211119	8.22436055597e-06	0.00907969405379	0.000205609013899	1.2336540834e-05	0.000106916687228	4.11218027798e-06	0.00518957151082	0.0186364010198	0.00356526030101	0.00297310634098	2.46730816679e-05	0.00010280450695	0.00348712887573	0.00429722839049	0.00109383995394	0.00426844312855	0	0	4.11218027798e-06	0.000423554568632	0.00284151657209	0.00152150670285	0.000365984044741	0.000168599391397	0.000226169915289	0	4.11218027798e-06	0.000402993667242	0.000209721194177	0.000222057735011	1.2336540834e-05	3.28974422239e-05	0	0
0.00986923266716	0.0012706637059	0.0243728925076	0	4.11218027798e-06	4.93461633358e-05	0.000242618636401	0.00793650793651	0.00421087260465	0.000185048112509	0.000764865531705	0.000703182827535	0.00010280450695	5.75705238918e-05	0.0107739123283	0.000415330208076	0.00927707870713	0.0130726211037	2.46730816679e-05	0.000719631548647	2.46730816679e-05	0.038210379143	0.0173205033309	0.102014968336	0.00177234969981	2.46730816679e-05	0.00513200098692	0.0201003371988	0.00832716506292	0.00671930257422	0.0138251500946	2.05609013899e-05	8.22436055597e-06	0.00231926967678	0.00789127395345	0.000337198782795	0.000588041779752	0.000312525701127	0	8.63557858377e-05	0	0.000148038490007	4.52339830578e-05	0.000106916687228	0.000353647503907	1.64487211119e-05	2.46730816679e-05	8.22436055597e-06	0	4.93461633358e-05	0	0.00997203717411	0.000271403898347	4.11218027798e-06	0.000152150670285	8.22436055597e-06	0.00507031828275	0.0210461386627	0.00990213010938	0.000423554568632	2.05609013899e-05	8.63557858377e-05	0.00228226005428	0.000394769306686	0.00136935603257	0.00411629245826	8.22436055597e-06	0	4.11218027798e-06	0.000880006579488	0.00753351426927	0.00288263837487	0.00907146969323	0.00553088247389	0.000250842996957	8.22436055597e-06	4.52339830578e-05	0.000493461633358	0.000143926309729	0.000477012912246	0.000189160292787	6.99070647257e-05	0	2.05609013899e-05
0.000686734106423	0.00305946212682	0.000226169915289	0	0.0149724483921	0.000148038490007	0.000320750061683	0.00733612961592	0.00053047125586	0.0133933711654	0.00130356114812	0.000296076980015	0.00414096553993	9.45801463936e-05	0.00101159634838	0.000653836664199	0.00949913644214	0.00012336540834	4.11218027798e-06	0.000259067357513	0.00511555226581	0.00169833045481	0.00854099843737	0.00177234969981	0.0567768730981	0.000814211695041	0.00130356114812	0.00328563204211	0.0271568385558	0.00477424130274	0.00382021547825	0	4.11218027798e-05	0.00364750390657	0.00512377662637	0.000168599391397	0.000106916687228	2.46730816679e-05	0	0.00540751706555	4.11218027798e-06	0.000752528990871	0.000226169915289	0.000629163582531	0.0165062916358	0.00208898758122	0.000139814129451	0.00450694958467	9.45801463936e-05	0.000485237272802	6.99070647257e-05	6.16827041698e-05	0	4.11218027798e-05	2.87852619459e-05	0.00710995970063	0.000189160292787	0.000501685993914	3.28974422239e-05	0.0144954354799	3.70096225019e-05	2.05609013899e-05	0.000160375030841	0.00347890451517	0.000106916687228	2.46730816679e-05	0	8.22436055597e-06	8.22436055597e-06	0.000308413520849	0.00177646188009	0.000645612303643	0.00289908709598	0.00113084957645	0.00108150341311	6.57948844477e-05	8.22436055597e-06	0.000291964799737	3.70096225019e-05	0.000444115470022	1.2336540834e-05	0.000185048112509	9.04679661156e-05	0
1.2336540834e-05	0.0020725388601	4.11218027798e-06	0	1.2336540834e-05	0	0	0.000106916687228	1.2336540834e-05	0.00115552265811	4.11218027798e-06	0.00205609013899	2.05609013899e-05	0.00555966773583	0.000164487211119	0	0.000156262850563	3.70096225019e-05	6.16827041698e-05	0.000345423143351	2.87852619459e-05	8.63557858377e-05	0.0015502919648	2.46730816679e-05	0.000814211695041	0.0115881240234	0.00299777942265	0.00256188831318	0.000164487211119	0.000267291718069	1.2336540834e-05	0.000259067357513	8.22436055597e-06	8.22436055597e-06	0.000419442388354	0	0.000185048112509	0	0	0	0	4.11218027798e-06	0	8.22436055597e-06	0	4.11218027798e-06	0.002278147874	4.11218027798e-06	0.00360638210379	8.22436055597e-06	0	4.11218027798e-06	0	3.70096225019e-05	8.22436055597e-06	0	0	4.11218027798e-06	0	0	0.00253721523152	0.000542807796694	0.000341310963073	0	4.11218027798e-06	4.11218027798e-06	9.45801463936e-05	0	0	2.87852619459e-05	0.000180935932231	0.00178879842092	0.0004482276503	4.11218027798e-06	5.75705238918e-05	0	0.000970474545604	4.11218027798e-06	0.000567480878362	3.28974422239e-05	0	0	0	0.0013446829509
0.00627107492392	0.00571181840612	0.0136812237849	0	0.000115141047784	2.87852619459e-05	7.40192450037e-05	0.00156674068591	0.00120486882145	0.000982811086438	0.0013076733284	0.0125832716506	4.52339830578e-05	0.00371329879102	0.00613126079447	1.2336540834e-05	0.000641500123365	0.0126202812731	0.000900567480878	0.013150752529	0.000694958466979	0.00365161608685	0.00191216382926	0.00513200098692	0.00130356114812	0.00299777942265	0.0992762562711	0.0348013816926	0.00169010609425	0.0109260629986	0.00527592729665	0.000949913644214	8.22436055597e-06	0.00428900402994	0.0143556213504	2.05609013899e-05	0.0131795377909	0.00057159305864	0	0.000279628258903	0	7.40192450037e-05	4.93461633358e-05	0.000106916687228	0.000382432765852	0.000620939221975	0.00175178879842	0.000275516078625	0.00680154617978	0.000111028867506	0	0.000111028867506	0.00393946870631	0.00155851632536	0.00443704251994	0.00053047125586	0.000164487211119	0.000419442388354	0.000176823751953	0.000818323875319	0.00774734764372	0.0156221728761	0.0110412040464	0.000534583436138	4.52339830578e-05	0.000106916687228	0.000834772596431	4.11218027798e-06	0	0.00200674397566	0.00935109795213	0.0119212106259	0.00903857225101	0.000740192450037	0.000127477588617	4.11218027798e-06	0.000176823751953	0.00147216053952	0.00113084957645	0.00145571181841	0.000349535323629	3.70096225019e-05	2.05609013899e-05	0.000119253228062
0.0019985196151	0.0234312032239	0.0183156509581	0	5.34583436138e-05	0	3.70096225019e-05	0.000662061024755	0.000242618636401	0.00173122789703	0.000361871864463	0.00244263508512	2.46730816679e-05	0.00163664775064	0.0013076733284	3.70096225019e-05	0.0039230199852	0.00687145324451	8.22436055597e-06	0.00279628258903	0.000230282095567	0.00148038490007	0.0148202977219	0.0201003371988	0.00328563204211	0.00256188831318	0.0348013816926	0.103265071141	0.00141459001563	0.00268525372152	0.00057159305864	0.000115141047784	0	0.00145982399868	0.00562546262028	5.75705238918e-05	0.0220248375689	0.00483592400691	0	0.000164487211119	0	3.70096225019e-05	2.46730816679e-05	8.63557858377e-05	0.000345423143351	0.000119253228062	0.000222057735011	6.57948844477e-05	0.0017929106012	6.99070647257e-05	0	0.00493461633358	0.00298133070154	0.00010280450695	0.00087589439921	0.00010280450695	0.000390657126408	0.0120404638539	0.00222057735011	0.000563368698084	0.0045192861255	0.0090221235299	0.020207253886	0.000304301340571	0.000168599391397	0.000279628258903	0.000119253228062	4.11218027798e-06	4.11218027798e-06	0.000740192450037	0.0108068097705	0.00601200756641	0.00501274775886	0.00136524385229	0.000160375030841	0	4.52339830578e-05	0.0013076733284	0.000394769306686	0.000814211695041	0.000234394275845	8.22436055597e-05	1.2336540834e-05	9.45801463936e-05
0.00527181511637	0.000583929599474	0.00149272144091	0	0.00860268114154	0.000460564191134	0.00138580475368	0.0354387696357	0.00354058721934	0.00924006908463	0.00883296323711	0.00137758039312	0.00323217369849	0.000164487211119	0.00755818735093	0.00119253228062	0.00260712229624	0.000670285385311	0	0.00106094251172	0.00439592071716	0.0079200592154	0.00210954848261	0.00832716506292	0.0271568385558	0.000164487211119	0.00169010609425	0.00141459001563	0.074068591167	0.00957726786742	0.0112180277983	0	7.40192450037e-05	0.00540340488527	0.00897277736656	0.000143926309729	3.70096225019e-05	2.46730816679e-05	0	0.00545275104861	0	0.00157496504647	0.0011020643145	0.00109383995394	0.0165021794555	0.00314993009294	0.000106916687228	0.00440003289744	4.93461633358e-05	0.00100748416811	2.87852619459e-05	5.34583436138e-05	0	2.87852619459e-05	2.05609013899e-05	0.00652191792088	2.05609013899e-05	8.22436055597e-05	3.28974422239e-05	0.0137840282918	8.22436055597e-06	5.34583436138e-05	0.000106916687228	0.00464265153384	0.000213833374455	0.000678509745867	2.05609013899e-05	1.2336540834e-05	8.22436055597e-06	0.00042766674891	0.00280039476931	0.000764865531705	0.0060325684678	0.00106094251172	0.00226992351345	3.70096225019e-05	4.11218027798e-06	0.000287852619459	2.87852619459e-05	0.000682621926145	2.46730816679e-05	0.000690846286701	0.000115141047784	0
0.014215807221	8.22436055597e-05	0.00366395262768	0	0.000670285385311	0.000830660416153	0.00318693971544	0.013668887244	0.00969240891521	0.00188749074759	0.00570770622584	0.015947035118	0.00569536968501	0.00309647174932	0.031922855498	0.000954025824492	0.00145571181841	0.00419031170327	0.000205609013899	0.00610658771281	0.00539106834444	0.00852043753598	0.000542807796694	0.00671930257422	0.00477424130274	0.000267291718069	0.0109260629986	0.00268525372152	0.00957726786742	0.0847767086109	0.023402417962	1.64487211119e-05	0.000797762973929	0.0248745785015	0.0500699070647	5.34583436138e-05	0.000168599391397	4.11218027798e-05	0	0.00406283411465	0	0.00180935932231	0.00176001315898	0.00145982399868	0.00752940208899	0.00131589768895	0.0011020643145	0.00252899087096	0.000921128382268	0.00143103873674	1.2336540834e-05	0.000201496833621	1.64487211119e-05	0.000263179537791	1.2336540834e-05	0.00118019573978	0.000139814129451	6.57948844477e-05	6.57948844477e-05	0.0110124187844	0.00010280450695	0.000279628258903	0.000291964799737	0.00710995970063	0.000316637881405	0.000477012912246	6.16827041698e-05	8.22436055597e-06	4.11218027798e-06	0.00099925980755	0.0110041944239	0.00524302985443	0.0289209638951	0.00329796858294	0.000308413520849	0.000254955177235	0.000152150670285	0.000464676371412	0.0008964553006	0.00104860597089	6.16827041698e-05	0.000859445678099	0.00042766674891	0.000131589768895
0.0144995476602	8.22436055597e-05	0.00671107821367	0	4.52339830578e-05	0.000374208405296	0.000357759684185	0.0106793321819	0.00398470268937	0.00197384653343	0.000382432765852	0.000838884776709	2.46730816679e-05	0.000119253228062	0.0116827041698	0.000460564191134	0.0011020643145	0.00702771609507	2.05609013899e-05	0.00118019573978	3.28974422239e-05	0.0207130520602	0.000522246895304	0.0138251500946	0.00382021547825	1.2336540834e-05	0.00527592729665	0.00057159305864	0.0112180277983	0.023402417962	0.0519491734518	0	1.2336540834e-05	0.01020643145	0.0113002714039	0.000176823751953	0.000135701949173	1.2336540834e-05	0	0.00277160950736	0	0.000222057735011	0.000908791841434	0.000423554568632	0.00788304959289	0.000168599391397	3.28974422239e-05	0.000222057735011	4.11218027798e-06	0.000411218027798	4.11218027798e-06	0.000378320585574	2.05609013899e-05	2.46730816679e-05	8.22436055597e-06	0.000131589768895	0.00061271486142	0.000213833374455	7.81314252817e-05	0.00658360062505	5.75705238918e-05	5.75705238918e-05	0.00012336540834	0.00393535652603	0.000201496833621	0.0013816925734	0	0	0	0.000160375030841	0.00308824738877	0.000493461633358	0.00500041121803	0.00178879842092	6.16827041698e-05	3.28974422239e-05	4.11218027798e-06	0.000345423143351	3.70096225019e-05	0.000234394275845	2.05609013899e-05	8.63557858377e-05	0.000106916687228	0
0	8.22436055597e-06	0	0	0	0	0	0	4.11218027798e-06	4.11218027798e-06	0	0.000234394275845	0	0.000707295007813	4.11218027798e-06	0	0	0	0	4.11218027798e-06	0	2.46730816679e-05	4.11218027798e-06	2.05609013899e-05	0	0.000259067357513	0.000949913644214	0.000115141047784	0	1.64487211119e-05	0	0.00105271815116	0	4.11218027798e-06	2.05609013899e-05	0	0	0	0	0	0	0	0	0	0	0	1.2336540834e-05	0	0.00055103215725	0	0	0	0	0	4.11218027798e-06	0	0	0	0	0	0.000542807796694	2.46730816679e-05	1.2336540834e-05	0	0	0	2.87852619459e-05	0	0	0	6.57948844477e-05	6.57948844477e-05	4.52339830578e-05	4.11218027798e-06	0	0	8.22436055597e-06	4.11218027798e-06	2.05609013899e-05	0	0	0	0	4.11218027798e-06
7.81314252817e-05	0	4.11218027798e-06	0	4.11218027798e-06	0.00169421827453	0.000390657126408	6.16827041698e-05	0.000357759684185	0	5.75705238918e-05	8.22436055597e-05	1.2336540834e-05	4.11218027798e-06	0.000213833374455	0.000164487211119	8.22436055597e-06	4.11218027798e-06	0	0	2.05609013899e-05	4.11218027798e-06	0	8.22436055597e-06	4.11218027798e-05	8.22436055597e-06	8.22436055597e-06	0	7.40192450037e-05	0.000797762973929	1.2336540834e-05	0	0.00243441072457	4.93461633358e-05	0.000497573813636	0	0	0	0	3.70096225019e-05	0	8.22436055597e-06	0	4.11218027798e-06	0	2.87852619459e-05	8.22436055597e-06	1.64487211119e-05	0	4.11218027798e-06	0	0	0	0	0	1.64487211119e-05	0	0	0	6.99070647257e-05	4.11218027798e-06	0	0	4.93461633358e-05	0	0	0	0	0	4.11218027798e-06	0.000222057735011	4.11218027798e-06	0.00046878855169	7.40192450037e-05	0.000148038490007	0.0004482276503	4.11218027798e-06	0	4.11218027798e-06	0	0	1.2336540834e-05	0	8.22436055597e-06
