0.0224750339183	7.41383272911e-06	2.59484145519e-05	0	2.96553309164e-05	0	0.00150500804401	0.00579761719416	0.00616089499789	0.000140862821853	0.00219078757145	3.70691636455e-06	0.000126035156395	0	0.0102570375807	2.59484145519e-05	6.30175781974e-05	1.11207490937e-05	0	1.11207490937e-05	6.6724494562e-05	0.00016310432004	0.000174225069134	0.000129742072759	0.00045595071284	3.70691636455e-06	1.11207490937e-05	3.3362247281e-05	0.000722848691088	0.00788090419104	0.00212035616052	0	3.70691636455e-06	0.000733969440181	0.00137155905488	3.70691636455e-06	0	0	0	0	0	0	1.48276654582e-05	0	4.07760800101e-05	0	0	0	0	0	0	7.41383272911e-06	0	0	0	0	3.70691636455e-06	2.59484145519e-05	7.41383272911e-06	1.85345818228e-05	0	0	0	1.48276654582e-05	3.70691636455e-06	1.85345818228e-05	0	0	3.70691636455e-06	3.70691636455e-06	0.000934142923867	0.000107500574572	0.000819228516566	0.000189052734592	0.00021129423278	3.70691636455e-06	3.70691636455e-06	1.85345818228e-05	0	7.41383272911e-06	7.41383272911e-06	3.70691636455e-06	3.70691636455e-06	0
7.41383272911e-06	0.00943410214779	0.0019350103423	0	0	0	0	2.59484145519e-05	0	2.96553309164e-05	0	3.70691636455e-05	0	1.11207490937e-05	0	3.70691636455e-06	0.00016310432004	0.000296553309164	3.70691636455e-06	9.26729091138e-05	0	0.000222414981873	0.00186457893137	0.00101198816752	1.85345818228e-05	4.07760800101e-05	0.00122698931667	0.0046225247066	5.93106618328e-05	7.41383272911e-06	0.000137155905488	0	0	3.70691636455e-06	0.000311380974622	3.70691636455e-06	0.00229828814602	0.000266897978248	0	0	0	3.70691636455e-06	0	7.41383272911e-06	1.11207490937e-05	0	5.93106618328e-05	0	2.96553309164e-05	7.41383272911e-06	3.70691636455e-06	3.3362247281e-05	0.000177931985499	1.11207490937e-05	7.78452436556e-05	0	1.48276654582e-05	0.000192759650957	0.00016310432004	0	0.000196466567321	0.000289139476435	0.00108241957845	3.70691636455e-06	7.41383272911e-06	1.48276654582e-05	0	0	0	0.000181638901863	0.000433709214653	0.000934142923867	0.000337329389174	0.000133448989124	1.48276654582e-05	0	0	5.18968291037e-05	7.78452436556e-05	0.000118621323666	5.93106618328e-05	3.70691636455e-06	1.11207490937e-05	3.70691636455e-06
2.59484145519e-05	0.0019350103423	0.0317386179133	0	1.11207490937e-05	0	3.70691636455e-06	0.00016310432004	7.41383272911e-06	9.63798254784e-05	0	0.000166811236405	0	7.04314109265e-05	2.59484145519e-05	3.70691636455e-06	0.000366984720091	0.00415916016103	1.11207490937e-05	0.000963798254784	0	0.00120845473484	0.000948970589326	0.00904487592951	8.89659927493e-05	7.04314109265e-05	0.0116174758865	0.01096135169	0.000296553309164	6.30175781974e-05	0.000826642349295	0	0	1.11207490937e-05	0.00199802792049	3.70691636455e-06	0.000860004596576	0.000100086741843	0	0	0	0	3.70691636455e-06	0	3.70691636455e-06	0	2.59484145519e-05	0	3.70691636455e-06	0	0	7.41383272911e-06	5.93106618328e-05	1.11207490937e-05	7.04314109265e-05	0	1.11207490937e-05	0.000133448989124	5.93106618328e-05	3.70691636455e-06	9.63798254784e-05	0.000151983570947	0.000437416131017	3.70691636455e-06	3.70691636455e-06	1.11207490937e-05	0	0	0	7.04314109265e-05	0.00264303136793	0.00402941808827	0.00199802792049	0.000685779527442	4.81899127392e-05	7.41383272911e-06	3.70691636455e-06	2.96553309164e-05	1.85345818228e-05	4.81899127392e-05	2.96553309164e-05	3.70691636455e-06	0	0
0	0	0	0	0	0	0	0	0	0	0	0	0	0	0	0	0	0	0	0	0	0	0	0	0	0	0	0	0	0	0	0	0	0	0	0	0	0	0	0	0	0	0	0	0	0	0	0	0	0	0	0	0	0	0	0	0	0	0	0	0	0	0	0	0	0	0	0	0	0	0	0	0	0	0	0	0	0	0	0	0	0	0	0
2.96553309164e-05	0	1.11207490937e-05	0	0.0123736868249	0	2.59484145519e-05	0.00123811006576	2.96553309164e-05	0.000745090189275	0.000863711512941	0	0.000511554458308	0	6.30175781974e-05	0	1.85345818228e-05	0	0	0	0.00293217084436	1.11207490937e-05	0.000207587316415	2.96553309164e-05	0.00528976965222	0	0	1.85345818228e-05	0.00327691406626	3.70691636455e-05	8.52590763847e-05	0	0	0	1.85345818228e-05	3.70691636455e-06	0	0	0	0.00262820370247	0	2.59484145519e-05	3.3362247281e-05	0	8.15521600202e-05	0.000226121898238	0	0.000215001149144	0	0	0	3.70691636455e-06	0	0	0	0.000533795956496	7.41383272911e-06	2.22414981873e-05	7.41383272911e-06	0.000704314109265	0	0	0	0.000585692785599	7.41383272911e-06	1.11207490937e-05	0	0	3.70691636455e-06	7.41383272911e-06	4.07760800101e-05	1.85345818228e-05	1.85345818228e-05	3.70691636455e-06	3.70691636455e-06	0	0	1.11207490937e-05	0	3.70691636455e-06	3.70691636455e-06	0	0	0
0	0	0	0	0	0.000255777229154	7.78452436556e-05	0	7.41383272911e-05	0	0	0	0	0	7.41383272911e-06	8.52590763847e-05	0	0	0	0	0	0	0	0	0	0	0	0	0	2.22414981873e-05	0	0	2.22414981873e-05	0	7.41383272911e-06	0	0	0	0	0	0	0	0	0	0	0	0	0	0	0	0	0	0	0	0	0	0	0	0	0	0	0	0	0	0	0	0	0	0	0	0	0	0	0	0.000129742072759	2.59484145519e-05	0	0	0	0	0	0	0	0
0.00150500804401	0	3.70691636455e-06	0	2.59484145519e-05	7.78452436556e-05	0.0342556141248	0.0026356175352	0.012028943603	4.44829963746e-05	0.011521096061	1.48276654582e-05	0.0023946679715	7.41383272911e-06	0.00443717888837	0.00123811006576	1.85345818228e-05	0	7.41383272911e-06	3.70691636455e-06	0.000344743221903	1.48276654582e-05	1.48276654582e-05	1.85345818228e-05	0.000129742072759	0	3.70691636455e-06	1.48276654582e-05	0.000526382123767	0.00295070542618	8.89659927493e-05	0	0.000418881549194	1.48276654582e-05	0.00209440774597	0	0	0	0	0	0	0	0	0	1.48276654582e-05	0	0	0	0	0	0	0	0	0	0	3.70691636455e-06	0	3.70691636455e-06	0	1.11207490937e-05	0	0	0	0	0	0	0	0	0	0	0.000296553309164	5.93106618328e-05	0.00126035156395	0.00020388040005	0.00114543715665	0.00132707605851	0	3.70691636455e-06	0	0	0	3.70691636455e-06	0	0
0.00579761719416	2.59484145519e-05	0.00016310432004	0	0.00123811006576	0	0.0026356175352	0.0621316251863	0.00378105469184	0.00195354492412	0.0161695691822	1.11207490937e-05	0.000615348116516	3.70691636455e-06	0.00802547392926	4.07760800101e-05	0.000493019876486	4.44829963746e-05	3.70691636455e-06	7.41383272911e-06	0.00104164349844	0.00177561293862	0.00135302447306	0.00121216165121	0.00881875403127	0	3.3362247281e-05	0.00024465648006	0.0200692451977	0.00283949793525	0.00947858514416	0	3.70691636455e-06	0.00016310432004	0.00129000689486	5.56037454683e-05	7.41383272911e-06	7.41383272911e-06	0	1.85345818228e-05	0	1.48276654582e-05	9.26729091138e-05	7.41383272911e-06	0.000507847541944	3.70691636455e-06	0	3.70691636455e-05	0	1.48276654582e-05	7.41383272911e-06	5.56037454683e-05	0	0	0	7.41383272911e-06	2.59484145519e-05	0.00024465648006	5.93106618328e-05	0.000263191061883	0	0	3.70691636455e-06	0.000129742072759	4.44829963746e-05	6.30175781974e-05	0	0	2.22414981873e-05	4.81899127392e-05	0.00216854607326	0.000574572036506	0.000904487592951	0.000329915556445	0.000274311810977	0	3.70691636455e-06	5.18968291037e-05	0	2.59484145519e-05	2.96553309164e-05	2.59484145519e-05	7.41383272911e-06	0
0.00616089499789	0	7.41383272911e-06	0	2.96553309164e-05	7.41383272911e-05	0.012028943603	0.00378105469184	0.0320499988879	8.15521600202e-05	0.00726184915816	1.48276654582e-05	0.000396640051007	3.70691636455e-06	0.0137526597125	0.000307674058258	1.85345818228e-05	0	0	3.70691636455e-06	7.41383272911e-05	3.3362247281e-05	3.70691636455e-05	3.70691636455e-05	0.000233535730967	0	0	1.11207490937e-05	0.00041517463283	0.00315458582623	0.000289139476435	0	7.04314109265e-05	8.52590763847e-05	0.00140492130217	0	0	0	0	0	0	0	0	0	1.85345818228e-05	0	0	0	0	0	0	3.70691636455e-06	0	0	0	0	3.70691636455e-06	1.85345818228e-05	3.70691636455e-06	7.41383272911e-06	0	0	0	0	0	0	0	0	0	0	0.000366984720091	4.81899127392e-05	0.000897073760222	0.000166811236405	0.000207587316415	0.000129742072759	0	7.41383272911e-06	0	0	3.70691636455e-06	0	0	0
0.000140862821853	2.96553309164e-05	9.63798254784e-05	0	0.000745090189275	0	4.44829963746e-05	0.00195354492412	8.15521600202e-05	0.0128444652032	0.00025207031279	0	0.00127517922941	0	0.00012232824003	0.000285432560071	0.000281725643706	1.48276654582e-05	0	0	0.000926729091138	0.000185345818228	0.0028654463498	0.000329915556445	0.00580503102689	3.70691636455e-06	2.22414981873e-05	0.000170518152769	0.00175337144043	0.000177931985499	0.00053750287286	0	0	1.48276654582e-05	0.000248363396425	8.15521600202e-05	3.70691636455e-06	1.85345818228e-05	0	5.18968291037e-05	0	2.96553309164e-05	0.000140862821853	4.07760800101e-05	0.00159026712039	3.70691636455e-06	0	7.78452436556e-05	0	3.3362247281e-05	1.11207490937e-05	7.04314109265e-05	7.41383272911e-06	0	0	3.3362247281e-05	6.6724494562e-05	0.000452243796475	8.52590763847e-05	0.000771038603827	3.70691636455e-06	0	2.22414981873e-05	0.000359570887362	5.93106618328e-05	0.00012232824003	0	0	5.56037454683e-05	0.000137155905488	0.00159397403676	0.00049672679285	0.000233535730967	0.000107500574572	9.63798254784e-05	0	0	0.000114914407301	3.70691636455e-06	4.07760800101e-05	1.85345818228e-05	5.93106618328e-05	0	0
0.00219078757145	0	0	0	0.000863711512941	0	0.011521096061	0.0161695691822	0.00726184915816	0.00025207031279	0.0500137155905	7.41383272911e-06	0.00385148610277	3.70691636455e-06	0.00592365235056	1.11207490937e-05	2.59484145519e-05	0	0	3.70691636455e-06	0.00397010742644	5.93106618328e-05	8.89659927493e-05	4.07760800101e-05	0.00107871266208	0	3.70691636455e-06	3.70691636455e-06	0.00693564051808	0.000574572036506	0.000326208640081	0	0	2.59484145519e-05	0.0002928463928	7.41383272911e-06	0	0	0	0	0	0	3.70691636455e-06	0	6.6724494562e-05	0	0	0	0	3.70691636455e-06	0	7.41383272911e-06	0	0	0	0	3.70691636455e-06	1.48276654582e-05	3.70691636455e-06	3.3362247281e-05	0	0	0	7.41383272911e-06	7.41383272911e-06	3.70691636455e-06	0	0	3.70691636455e-06	3.70691636455e-06	0.000289139476435	3.70691636455e-05	0.000192759650957	7.41383272911e-05	7.04314109265e-05	0	0	7.41383272911e-06	0	3.70691636455e-06	3.70691636455e-06	0	0	0
3.70691636455e-06	3.70691636455e-05	0.000166811236405	0	0	0	1.48276654582e-05	1.11207490937e-05	1.48276654582e-05	0	7.41383272911e-06	0.0245620278315	3.70691636455e-06	0.00624986099064	4.07760800101e-05	0	0	0.000485606043756	0.00187940659683	0.00570123736868	0	1.48276654582e-05	2.22414981873e-05	7.78452436556e-05	0	0.00167923311314	0.00703202034356	0.000923022174774	3.70691636455e-06	6.6724494562e-05	1.48276654582e-05	0.000100086741843	0	0	0.00171259536042	0	0.00037439855282	3.70691636455e-06	0	0	0	0	0	0	0	0	0.000103793658207	0	6.6724494562e-05	0	0	0	1.11207490937e-05	1.85345818228e-05	4.44829963746e-05	0	0	0	3.70691636455e-06	0	0.000303967141893	0.00012232824003	0.000196466567321	0	0	0	0	0	0	2.96553309164e-05	0.000237242647331	0.00350674288087	0.00311010282986	0.000259484145519	7.41383272911e-06	3.70691636455e-06	0.000359570887362	7.41383272911e-06	4.81899127392e-05	2.59484145519e-05	3.70691636455e-06	0	0	1.48276654582e-05
0.000126035156395	0	0	0	0.000511554458308	0	0.0023946679715	0.000615348116516	0.000396640051007	0.00127517922941	0.00385148610277	3.70691636455e-06	0.0185827717355	0	0.00016310432004	0.000526382123767	7.41383272911e-06	0	0	3.70691636455e-06	0.00279130802251	7.41383272911e-06	5.56037454683e-05	3.70691636455e-06	0.000860004596576	0	3.70691636455e-06	3.70691636455e-06	0.000485606043756	2.59484145519e-05	2.96553309164e-05	0	0	3.70691636455e-06	2.22414981873e-05	3.70691636455e-06	0	0	0	0.000926729091138	0	3.70691636455e-05	0	0	4.07760800101e-05	4.07760800101e-05	0	0.00176819910589	0	3.70691636455e-06	0	3.70691636455e-06	0	0	0	0.000919315258409	0	1.11207490937e-05	3.70691636455e-06	0.000233535730967	0	0	0	2.96553309164e-05	7.41383272911e-06	0	0	0	0	3.70691636455e-06	2.22414981873e-05	3.70691636455e-06	1.85345818228e-05	7.41383272911e-06	0.000137155905488	0	0	1.48276654582e-05	0	3.70691636455e-06	0	3.70691636455e-06	0	0
0	1.11207490937e-05	7.04314109265e-05	0	0	0	7.41383272911e-06	3.70691636455e-06	3.70691636455e-06	0	3.70691636455e-06	0.00624986099064	0	0.0162844835895	1.48276654582e-05	0	0	0.000159397403676	0.000315087890987	0.00065983111289	0	0	3.70691636455e-06	2.96553309164e-05	0	0.00475597369572	0.00429631606652	0.00131595530942	3.70691636455e-06	2.22414981873e-05	0	0.000181638901863	0	0	0.000285432560071	0	0.000352157054633	7.41383272911e-06	0	0	0	0	0	0	0	0	0.000159397403676	0	0.000133448989124	0	0	0	1.11207490937e-05	1.48276654582e-05	5.93106618328e-05	0	0	0	1.48276654582e-05	0	0.000392933134643	0.000151983570947	0.000218708065509	3.70691636455e-06	0	7.41383272911e-06	0	0	0	4.44829963746e-05	0.000192759650957	0.00226121898238	0.000878539178399	0.000166811236405	0	3.70691636455e-06	0.000696900276536	2.96553309164e-05	9.63798254784e-05	5.93106618328e-05	3.3362247281e-05	0	0	3.70691636455e-05
0.0102570375807	0	2.59484145519e-05	0	6.30175781974e-05	7.41383272911e-06	0.00443717888837	0.00802547392926	0.0137526597125	0.00012232824003	0.00592365235056	4.07760800101e-05	0.00016310432004	1.48276654582e-05	0.036331487289	0.000159397403676	2.96553309164e-05	7.41383272911e-06	0	1.48276654582e-05	9.63798254784e-05	0.000107500574572	5.93106618328e-05	8.89659927493e-05	0.000411467716465	0	1.48276654582e-05	1.85345818228e-05	0.000763624771098	0.00782900736194	0.000693193360171	0	6.30175781974e-05	0.000100086741843	0.00260966912065	1.11207490937e-05	0	0	0	3.70691636455e-06	0	3.70691636455e-06	7.41383272911e-06	0	3.70691636455e-05	0	0	7.41383272911e-06	0	3.70691636455e-06	0	1.11207490937e-05	0	0	0	0	0	1.85345818228e-05	3.70691636455e-06	3.3362247281e-05	0	0	0	1.48276654582e-05	3.70691636455e-06	7.41383272911e-06	0	0	0	0	0.000645003447432	0.000118621323666	0.00167181928041	0.000270604894612	0.000315087890987	0.000133448989124	0	1.48276654582e-05	0	0	0	0	0	0
2.59484145519e-05	3.70691636455e-06	3.70691636455e-06	0	0	8.52590763847e-05	0.00123811006576	4.07760800101e-05	0.000307674058258	0.000285432560071	1.11207490937e-05	0	0.000526382123767	0	0.000159397403676	0.00389596909915	7.41383272911e-06	0	0	0	1.48276654582e-05	7.41383272911e-06	3.70691636455e-06	1.11207490937e-05	4.81899127392e-05	0	0	3.70691636455e-06	1.11207490937e-05	0.00021129423278	1.85345818228e-05	0	1.11207490937e-05	3.70691636455e-06	0.000107500574572	3.70691636455e-06	3.70691636455e-06	0	0	0	0	0	0	0	0	0	0	0	0	0	0	0	0	0	0	0	0	0	0	3.70691636455e-06	0	3.70691636455e-06	0	0	3.70691636455e-06	0	0	0	3.70691636455e-06	3.70691636455e-06	0.000185345818228	1.48276654582e-05	9.63798254784e-05	3.70691636455e-05	0.00184233743318	3.70691636455e-05	0	0	0	3.70691636455e-06	0	0	0	0
6.30175781974e-05	0.00016310432004	0.000366984720091	0	1.85345818228e-05	0	1.85345818228e-05	0.000493019876486	1.85345818228e-05	0.000281725643706	2.59484145519e-05	0	7.41383272911e-06	0	2.96553309164e-05	7.41383272911e-06	0.0162622420913	4.81899127392e-05	0	3.70691636455e-06	7.41383272911e-06	0.00194242417503	0.00364019186999	0.00596442843057	0.00394045209552	0	2.59484145519e-05	0.00354751896088	0.00261708295337	8.15521600202e-05	0.000971212087513	0	0	7.41383272911e-06	0.00049672679285	0	4.07760800101e-05	1.85345818228e-05	0	0	0	3.70691636455e-06	1.11207490937e-05	0	4.07760800101e-05	0	0	3.70691636455e-06	0	0	3.70691636455e-06	3.70691636455e-05	7.41383272911e-06	0	3.70691636455e-06	0	1.85345818228e-05	0.000307674058258	5.56037454683e-05	1.48276654582e-05	0	3.70691636455e-06	2.96553309164e-05	3.3362247281e-05	3.70691636455e-06	1.11207490937e-05	0	0	3.70691636455e-06	2.96553309164e-05	0.00128259306214	0.000908194509315	0.000507847541944	0.000266897978248	5.18968291037e-05	0	0	2.59484145519e-05	0	2.96553309164e-05	7.41383272911e-06	7.41383272911e-06	3.70691636455e-06	0
1.11207490937e-05	0.000296553309164	0.00415916016103	0	0	0	0	4.44829963746e-05	0	1.48276654582e-05	0	0.000485606043756	0	0.000159397403676	7.41383272911e-06	0	4.81899127392e-05	0.0183900120845	5.18968291037e-05	0.00515632066309	0	0.000444829963746	8.52590763847e-05	0.00528606273585	7.41383272911e-06	8.52590763847e-05	0.00727296990725	0.00179414752044	6.6724494562e-05	1.85345818228e-05	0.000248363396425	7.41383272911e-06	0	0	0.00243173713515	0	0.000318794807352	1.85345818228e-05	0	0	0	0	0	0	0	0	1.85345818228e-05	0	1.48276654582e-05	0	0	0	1.11207490937e-05	0	1.85345818228e-05	0	0	0	0	0	8.89659927493e-05	4.81899127392e-05	0.000170518152769	0	0	0	0	0	0	7.41383272911e-06	0.00104164349844	0.00206104549869	0.00165328469859	0.000441123047382	1.48276654582e-05	7.41383272911e-06	7.41383272911e-06	7.41383272911e-06	1.85345818228e-05	7.41383272911e-06	0	3.70691636455e-06	0	0
0	3.70691636455e-06	1.11207490937e-05	0	0	0	7.41383272911e-06	3.70691636455e-06	0	0	0	0.00187940659683	0	0.000315087890987	0	0	0	5.18968291037e-05	0.00375881319366	0.00139380055307	0	0	0	7.41383272911e-06	0	0.000144569738218	0.00190906192774	0.000129742072759	0	1.11207490937e-05	0	0	0	0	0.000107500574572	0	4.07760800101e-05	3.70691636455e-06	0	0	0	0	0	0	0	0	1.48276654582e-05	0	7.41383272911e-06	0	0	0	0	3.70691636455e-06	1.11207490937e-05	0	0	0	0	0	2.59484145519e-05	1.85345818228e-05	2.22414981873e-05	0	0	0	0	0	0	3.70691636455e-06	1.85345818228e-05	0.000218708065509	0.000174225069134	2.22414981873e-05	0	0	7.41383272911e-06	0	7.41383272911e-06	0	0	0	0	0
1.11207490937e-05	9.26729091138e-05	0.000963798254784	0	0	0	3.70691636455e-06	7.41383272911e-06	3.70691636455e-06	0	3.70691636455e-06	0.00570123736868	3.70691636455e-06	0.00065983111289	1.48276654582e-05	0	3.70691636455e-06	0.00515632066309	0.00139380055307	0.0180600965281	0	7.41383272911e-05	3.3362247281e-05	0.000507847541944	0	0.000337329389174	0.00837763098389	0.000997160502065	1.48276654582e-05	2.59484145519e-05	2.59484145519e-05	3.70691636455e-06	0	0	0.00187569968046	0	0.000311380974622	3.70691636455e-06	0	0	0	0	0	0	0	0	4.81899127392e-05	0	2.22414981873e-05	0	0	0	0	7.41383272911e-06	1.11207490937e-05	0	0	3.70691636455e-06	0	0	0.000148276654582	8.15521600202e-05	0.000137155905488	0	0	0	0	0	0	1.11207490937e-05	0.000378105469184	0.00164587086586	0.00166069853132	0.00025207031279	7.41383272911e-06	3.70691636455e-06	2.22414981873e-05	1.11207490937e-05	1.11207490937e-05	1.85345818228e-05	0	0	0	0
6.6724494562e-05	0	0	0	0.00293217084436	0	0.000344743221903	0.00104164349844	7.41383272911e-05	0.000926729091138	0.00397010742644	0	0.00279130802251	0	9.63798254784e-05	1.48276654582e-05	7.41383272911e-06	0	0	0	0.0123514453267	3.70691636455e-06	0.000103793658207	1.11207490937e-05	0.00159768095312	0	0	1.11207490937e-05	0.00158656020403	2.22414981873e-05	5.18968291037e-05	0	0	0	3.70691636455e-06	3.70691636455e-06	0	0	0	2.96553309164e-05	0	0	7.41383272911e-06	0	4.07760800101e-05	3.70691636455e-06	0	0	0	0	0	0	0	0	0	0	0	1.85345818228e-05	3.70691636455e-06	2.96553309164e-05	0	0	0	1.85345818228e-05	0	1.48276654582e-05	0	0	7.41383272911e-06	3.70691636455e-06	1.11207490937e-05	1.11207490937e-05	3.70691636455e-06	7.41383272911e-06	3.70691636455e-06	0	0	0	0	0	0	0	0	0
0.00016310432004	0.000222414981873	0.00120845473484	0	1.11207490937e-05	0	1.48276654582e-05	0.00177561293862	3.3362247281e-05	0.000185345818228	5.93106618328e-05	1.48276654582e-05	7.41383272911e-06	0	0.000107500574572	7.41383272911e-06	0.00194242417503	0.000444829963746	0	7.41383272911e-05	3.70691636455e-06	0.0339590608157	0.00121216165121	0.0113802332392	0.00113802332392	0	0.000222414981873	0.00107871266208	0.00583839327417	0.000226121898238	0.015750687633	0	0	2.59484145519e-05	0.00333993164446	3.70691636455e-06	7.04314109265e-05	1.48276654582e-05	0	0	0	0	7.41383272911e-06	0	4.07760800101e-05	0	0	0	0	0	0	1.11207490937e-05	0	0	0	0	3.70691636455e-06	0.000140862821853	4.07760800101e-05	1.11207490937e-05	3.70691636455e-06	7.41383272911e-06	4.81899127392e-05	1.85345818228e-05	0	7.41383272911e-06	0	0	0	1.11207490937e-05	0.00251328929517	0.00157543945494	0.00147905962946	0.000563451287412	7.41383272911e-05	0	3.70691636455e-06	4.44829963746e-05	3.70691636455e-06	1.48276654582e-05	3.70691636455e-06	7.41383272911e-06	0	0
0.000174225069134	0.00186457893137	0.000948970589326	0	0.000207587316415	0	1.48276654582e-05	0.00135302447306	3.70691636455e-05	0.0028654463498	8.89659927493e-05	2.22414981873e-05	5.56037454683e-05	3.70691636455e-06	5.93106618328e-05	3.70691636455e-06	0.00364019186999	8.52590763847e-05	0	3.3362247281e-05	0.000103793658207	0.00121216165121	0.0216150293217	0.00320277573897	0.00469295611752	0	0.000185345818228	0.00605339442332	0.00356976045906	0.0002928463928	0.0015791463713	0	0	2.96553309164e-05	0.000778452436556	4.44829963746e-05	0.000474485294663	0.000259484145519	0	7.41383272911e-06	0	1.85345818228e-05	6.6724494562e-05	7.41383272911e-06	0.000656124196526	0	1.11207490937e-05	2.59484145519e-05	3.70691636455e-06	3.70691636455e-06	1.11207490937e-05	0.000366984720091	8.52590763847e-05	0	1.85345818228e-05	1.11207490937e-05	0.000126035156395	0.00290992934617	0.000622761949245	0.000285432560071	3.70691636455e-06	2.22414981873e-05	0.00041517463283	0.000248363396425	8.52590763847e-05	0.000166811236405	0	0	5.93106618328e-05	0.000266897978248	0.00174225069134	0.00130854147669	0.000633882698339	0.000341036305539	0.000100086741843	0	3.70691636455e-06	0.000170518152769	4.81899127392e-05	0.000189052734592	9.26729091138e-05	2.59484145519e-05	1.48276654582e-05	0
0.000129742072759	0.00101198816752	0.00904487592951	0	2.96553309164e-05	0	1.85345818228e-05	0.00121216165121	3.70691636455e-05	0.000329915556445	4.07760800101e-05	7.78452436556e-05	3.70691636455e-06	2.96553309164e-05	8.89659927493e-05	1.11207490937e-05	0.00596442843057	0.00528606273585	7.41383272911e-06	0.000507847541944	1.11207490937e-05	0.0113802332392	0.00320277573897	0.0535686483842	0.00134190372397	1.85345818228e-05	0.00247992704789	0.00867418429305	0.00338441464084	0.00025207031279	0.00562709904139	0	0	2.59484145519e-05	0.00536761489587	0	0.000329915556445	7.41383272911e-05	0	0	0	0	0	0	3.70691636455e-05	0	0	0	3.70691636455e-06	0	0	5.56037454683e-05	2.22414981873e-05	3.70691636455e-06	1.11207490937e-05	0	1.11207490937e-05	0.000389226218278	8.52590763847e-05	1.11207490937e-05	1.11207490937e-05	4.44829963746e-05	0.000222414981873	1.11207490937e-05	3.70691636455e-06	2.22414981873e-05	0	0	7.41383272911e-06	3.70691636455e-05	0.00592735926692	0.00541580480861	0.00335105239356	0.00138267980398	0.000215001149144	3.70691636455e-06	1.11207490937e-05	5.18968291037e-05	4.07760800101e-05	4.44829963746e-05	2.96553309164e-05	1.48276654582e-05	1.48276654582e-05	0
0.00045595071284	1.85345818228e-05	8.89659927493e-05	0	0.00528976965222	0	0.000129742072759	0.00881875403127	0.000233535730967	0.00580503102689	0.00107871266208	0	0.000860004596576	0	0.000411467716465	4.81899127392e-05	0.00394045209552	7.41383272911e-06	0	0	0.00159768095312	0.00113802332392	0.00469295611752	0.00134190372397	0.0340776821393	0	1.48276654582e-05	0.000355863970997	0.0153651683311	0.000500433709215	0.00169035386224	0	0	5.18968291037e-05	0.000433709214653	6.30175781974e-05	7.41383272911e-06	1.11207490937e-05	0	3.3362247281e-05	0	3.3362247281e-05	0.00012232824003	2.59484145519e-05	0.00109354032754	3.70691636455e-06	0	8.52590763847e-05	0	1.48276654582e-05	2.59484145519e-05	5.18968291037e-05	7.41383272911e-06	0	0	2.22414981873e-05	6.30175781974e-05	0.00037439855282	9.63798254784e-05	0.000563451287412	0	0	7.41383272911e-06	0.00021129423278	5.18968291037e-05	8.15521600202e-05	0	0	4.07760800101e-05	0.000103793658207	0.000826642349295	0.000348450138268	0.000296553309164	0.000140862821853	0.000100086741843	3.70691636455e-06	0	7.78452436556e-05	0	4.07760800101e-05	2.22414981873e-05	5.18968291037e-05	7.41383272911e-06	0
3.70691636455e-06	4.07760800101e-05	7.04314109265e-05	0	0	0	0	0	0	3.70691636455e-06	0	0.00167923311314	0	0.00475597369572	0	0	0	8.52590763847e-05	0.000144569738218	0.000337329389174	0	0	0	1.85345818228e-05	0	0.00902634134769	0.00164957778223	0.000860004596576	0	3.70691636455e-06	0	7.41383272911e-06	0	0	0.000155690487311	0	0.000800693934743	1.48276654582e-05	0	0	0	0	0	0	0	0	0.000370691636455	0	0.000255777229154	0	0	0	0	3.3362247281e-05	8.89659927493e-05	0	0	0	0	0	0.00110466107664	0.000341036305539	0.000404053883736	0	0	0	0	0	0	4.07760800101e-05	4.07760800101e-05	0.00136043830579	0.000359570887362	3.70691636455e-05	0	0	0.000526382123767	3.70691636455e-06	0.000207587316415	3.3362247281e-05	3.70691636455e-06	0	0	7.04314109265e-05
1.11207490937e-05	0.00122698931667	0.0116174758865	0	0	0	3.70691636455e-06	3.3362247281e-05	0	2.22414981873e-05	3.70691636455e-06	0.00703202034356	3.70691636455e-06	0.00429631606652	1.48276654582e-05	0	2.59484145519e-05	0.00727296990725	0.00190906192774	0.00837763098389	0	0.000222414981873	0.000185345818228	0.00247992704789	1.48276654582e-05	0.00164957778223	0.0560226270175	0.0161955175967	3.3362247281e-05	4.44829963746e-05	0.000170518152769	0.000478192211027	0	3.70691636455e-06	0.00252811696063	3.70691636455e-06	0.00189794117865	4.81899127392e-05	0	0	0	0	0	1.11207490937e-05	0	0	0.000189052734592	0	0.000100086741843	7.41383272911e-06	0	3.70691636455e-06	4.81899127392e-05	5.56037454683e-05	0.000151983570947	0	3.70691636455e-06	2.22414981873e-05	2.96553309164e-05	0	0.000689486443807	0.00049672679285	0.00101569508389	0	1.11207490937e-05	3.70691636455e-06	0	0	3.70691636455e-06	0.000118621323666	0.0015272495422	0.00582356560871	0.00319906882261	0.000730262523817	2.59484145519e-05	0	6.30175781974e-05	2.96553309164e-05	8.89659927493e-05	7.04314109265e-05	2.22414981873e-05	7.41383272911e-06	0	1.48276654582e-05
3.3362247281e-05	0.0046225247066	0.01096135169	0	1.85345818228e-05	0	1.48276654582e-05	0.00024465648006	1.11207490937e-05	0.000170518152769	3.70691636455e-06	0.000923022174774	3.70691636455e-06	0.00131595530942	1.85345818228e-05	3.70691636455e-06	0.00354751896088	0.00179414752044	0.000129742072759	0.000997160502065	1.11207490937e-05	0.00107871266208	0.00605339442332	0.00867418429305	0.000355863970997	0.000860004596576	0.0161955175967	0.0549921042681	0.000663538029255	5.18968291037e-05	0.000730262523817	0.00025207031279	0	0	0.00161621553495	3.70691636455e-06	0.00141974896762	0.00016310432004	0	0	0	3.70691636455e-06	3.70691636455e-06	3.70691636455e-06	1.11207490937e-05	0	4.81899127392e-05	3.70691636455e-06	2.22414981873e-05	3.70691636455e-06	0	6.6724494562e-05	7.41383272911e-05	2.22414981873e-05	7.41383272911e-05	0	2.96553309164e-05	0.000567158203777	0.000177931985499	3.70691636455e-06	0.000174225069134	0.000218708065509	0.000730262523817	2.59484145519e-05	1.11207490937e-05	3.70691636455e-05	0	0	3.70691636455e-06	0.00012232824003	0.00259484145519	0.00463735237206	0.00170518152769	0.000652417280161	5.93106618328e-05	0	1.85345818228e-05	5.18968291037e-05	6.30175781974e-05	9.63798254784e-05	4.81899127392e-05	0	1.11207490937e-05	7.41383272911e-06
0.000722848691088	5.93106618328e-05	0.000296553309164	0	0.00327691406626	0	0.000526382123767	0.0200692451977	0.00041517463283	0.00175337144043	0.00693564051808	3.70691636455e-06	0.000485606043756	3.70691636455e-06	0.000763624771098	1.11207490937e-05	0.00261708295337	6.6724494562e-05	0	1.48276654582e-05	0.00158656020403	0.00583839327417	0.00356976045906	0.00338441464084	0.0153651683311	0	3.3362247281e-05	0.000663538029255	0.051055359089	0.000693193360171	0.00668727712165	0	3.70691636455e-06	3.70691636455e-05	0.00106388499663	3.70691636455e-05	2.59484145519e-05	7.41383272911e-06	0	0.000196466567321	0	2.96553309164e-05	4.81899127392e-05	3.70691636455e-06	0.00041517463283	5.56037454683e-05	0	5.93106618328e-05	0	3.70691636455e-06	7.41383272911e-06	4.07760800101e-05	0	0	0	7.04314109265e-05	3.3362247281e-05	0.000407760800101	0.000107500574572	0.000233535730967	0	0	2.59484145519e-05	0.000341036305539	2.59484145519e-05	5.93106618328e-05	0	0	2.22414981873e-05	8.15521600202e-05	0.00220932215327	0.001108367993	0.00078957318565	0.000352157054633	0.00016310432004	3.70691636455e-06	0	6.6724494562e-05	7.41383272911e-06	5.56037454683e-05	2.22414981873e-05	3.3362247281e-05	3.70691636455e-06	0
0.00788090419104	7.41383272911e-06	6.30175781974e-05	0	3.70691636455e-05	2.22414981873e-05	0.00295070542618	0.00283949793525	0.00315458582623	0.000177931985499	0.000574572036506	6.6724494562e-05	2.59484145519e-05	2.22414981873e-05	0.00782900736194	0.00021129423278	8.15521600202e-05	1.85345818228e-05	1.11207490937e-05	2.59484145519e-05	2.22414981873e-05	0.000226121898238	0.0002928463928	0.00025207031279	0.000500433709215	3.70691636455e-06	4.44829963746e-05	5.18968291037e-05	0.000693193360171	0.0318127562406	0.0031582927426	0	0.000355863970997	0.00305079216803	0.00559002987775	3.70691636455e-06	3.70691636455e-06	0	0	0	0	0	1.11207490937e-05	0	5.93106618328e-05	0	0	0	0	0	0	7.41383272911e-06	0	0	0	0	1.11207490937e-05	4.07760800101e-05	1.48276654582e-05	2.59484145519e-05	0	0	3.70691636455e-06	1.85345818228e-05	3.70691636455e-06	1.85345818228e-05	0	0	3.70691636455e-06	3.70691636455e-06	0.00168294002951	0.000326208640081	0.0028024287716	0.000470778378298	0.000485606043756	0.000392933134643	3.70691636455e-06	2.96553309164e-05	3.70691636455e-06	7.41383272911e-06	7.41383272911e-06	3.70691636455e-06	3.70691636455e-06	0
0.00212035616052	0.000137155905488	0.000826642349295	0	8.52590763847e-05	0	8.89659927493e-05	0.00947858514416	0.000289139476435	0.00053750287286	0.000326208640081	1.48276654582e-05	2.96553309164e-05	0	0.000693193360171	1.85345818228e-05	0.000971212087513	0.000248363396425	0	2.59484145519e-05	5.18968291037e-05	0.015750687633	0.0015791463713	0.00562709904139	0.00169035386224	0	0.000170518152769	0.000730262523817	0.00668727712165	0.0031582927426	0.0409206497483	0	0	0.000144569738218	0.00318053424079	7.41383272911e-06	5.93106618328e-05	2.22414981873e-05	0	0	0	0	1.11207490937e-05	0	0.000129742072759	0	0	0	0	3.70691636455e-06	3.70691636455e-06	7.41383272911e-06	7.41383272911e-06	0	0	0	2.22414981873e-05	0.000170518152769	4.44829963746e-05	3.3362247281e-05	0	3.70691636455e-06	4.81899127392e-05	1.85345818228e-05	1.48276654582e-05	4.07760800101e-05	0	0	1.11207490937e-05	4.07760800101e-05	0.00333993164446	0.00155690487311	0.00171630227679	0.000645003447432	0.000155690487311	3.70691636455e-06	3.70691636455e-06	5.18968291037e-05	3.70691636455e-06	2.22414981873e-05	1.48276654582e-05	2.22414981873e-05	0	0
0	0	0	0	0	0	0	0	0	0	0	0.000100086741843	0	0.000181638901863	0	0	0	7.41383272911e-06	0	3.70691636455e-06	0	0	0	0	0	7.41383272911e-06	0.000478192211027	0.00025207031279	0	0	0	0.000518968291037	0	0	0	0	7.41383272911e-06	0	0	0	0	0	0	0	0	0	0	0	0	0	0	0	0	0	0	0	0	0	0	0	0	3.70691636455e-06	7.41383272911e-06	0	0	0	0	0	0	0	0	1.48276654582e-05	0	0	0	0	0	0	0	0	0	0	0	0
3.70691636455e-06	0	0	0	0	2.22414981873e-05	0.000418881549194	3.70691636455e-06	7.04314109265e-05	0	0	0	0	0	6.30175781974e-05	1.11207490937e-05	0	0	0	0	0	0	0	0	0	0	0	0	3.70691636455e-06	0.000355863970997	0	0	0.000934142923867	0	0.000348450138268	0	0	0	0	0	0	0	0	0	0	0	0	0	0	0	0	0	0	0	0	0	0	0	0	0	0	0	0	0	0	0	0	0	0	0	3.70691636455e-06	3.70691636455e-06	3.3362247281e-05	0	4.07760800101e-05	0.000185345818228	0	0	0	0	0	0	0	0
0.000733969440181	3.70691636455e-06	1.11207490937e-05	0	0	0	1.48276654582e-05	0.00016310432004	8.52590763847e-05	1.48276654582e-05	2.59484145519e-05	0	3.70691636455e-06	0	0.000100086741843	3.70691636455e-06	7.41383272911e-06	0	0	0	0	2.59484145519e-05	2.96553309164e-05	2.59484145519e-05	5.18968291037e-05	0	3.70691636455e-06	0	3.70691636455e-05	0.00305079216803	0.000144569738218	0	0	0.00313975816078	0.000200173483686	0	0	0	0	0	0	0	0	0	0	0	0	0	0	0	0	0	0	0	0	0	3.70691636455e-06	3.70691636455e-06	0	0	0	0	0	0	0	0	0	0	0	0	0.000144569738218	1.85345818228e-05	9.26729091138e-05	2.22414981873e-05	2.22414981873e-05	0	0	7.41383272911e-06	0	3.70691636455e-06	3.70691636455e-06	0	0	0
0.00137155905488	0.000311380974622	0.00199802792049	0	1.85345818228e-05	7.41383272911e-06	0.00209440774597	0.00129000689486	0.00140492130217	0.000248363396425	0.0002928463928	0.00171259536042	2.22414981873e-05	0.000285432560071	0.00260966912065	0.000107500574572	0.00049672679285	0.00243173713515	0.000107500574572	0.00187569968046	3.70691636455e-06	0.00333993164446	0.000778452436556	0.00536761489587	0.000433709214653	0.000155690487311	0.00252811696063	0.00161621553495	0.00106388499663	0.00559002987775	0.00318053424079	0	0.000348450138268	0.000200173483686	0.0336995766702	3.70691636455e-06	0.00025207031279	1.85345818228e-05	0	0	0	3.70691636455e-06	7.41383272911e-06	0	3.70691636455e-05	0	7.41383272911e-06	0	3.70691636455e-06	0	0	1.48276654582e-05	1.85345818228e-05	7.41383272911e-06	7.41383272911e-06	0	7.41383272911e-06	0.000118621323666	2.59484145519e-05	1.11207490937e-05	4.44829963746e-05	5.18968291037e-05	0.000126035156395	1.11207490937e-05	0	1.85345818228e-05	0	0	7.41383272911e-06	5.18968291037e-05	0.00609417050333	0.0036179503718	0.0144050769927	0.00271716969522	0.000711727941994	0.000589399701964	5.56037454683e-05	8.52590763847e-05	1.85345818228e-05	5.56037454683e-05	5.56037454683e-05	2.22414981873e-05	1.11207490937e-05	0
3.70691636455e-06	3.70691636455e-06	3.70691636455e-06	0	3.70691636455e-06	0	0	5.56037454683e-05	0	8.15521600202e-05	7.41383272911e-06	0	3.70691636455e-06	0	1.11207490937e-05	3.70691636455e-06	0	0	0	0	3.70691636455e-06	3.70691636455e-06	4.44829963746e-05	0	6.30175781974e-05	0	3.70691636455e-06	3.70691636455e-06	3.70691636455e-05	3.70691636455e-06	7.41383272911e-06	0	0	0	3.70691636455e-06	0.0168331072114	2.22414981873e-05	0.000114914407301	0	0.000137155905488	0	0.00144199046581	0.00386260685186	0.00336958697538	0.000422588465559	0.000385519301914	1.11207490937e-05	0.00126035156395	0	0.00245027171697	0.000641296531068	0.000192759650957	8.52590763847e-05	0	7.41383272911e-06	0.000396640051007	0.000567158203777	0.000281725643706	0.000711727941994	0.00160880170222	0	1.85345818228e-05	3.70691636455e-05	0.00178302677135	0.00717288316541	0.0041517463283	0	7.41383272911e-06	0.0014531112149	0.00191647576047	2.59484145519e-05	1.48276654582e-05	0	3.70691636455e-06	3.70691636455e-06	0	0	0.000467071461934	2.22414981873e-05	0.000607934283787	0.00020388040005	0.000541209789225	0.000126035156395	0
0	0.00229828814602	0.000860004596576	0	0	0	0	7.41383272911e-06	0	3.70691636455e-06	0	0.00037439855282	0	0.000352157054633	0	3.70691636455e-06	4.07760800101e-05	0.000318794807352	4.07760800101e-05	0.000311380974622	0	7.04314109265e-05	0.000474485294663	0.000329915556445	7.41383272911e-06	0.000800693934743	0.00189794117865	0.00141974896762	2.59484145519e-05	3.70691636455e-06	5.93106618328e-05	7.41383272911e-06	0	0	0.00025207031279	2.22414981873e-05	0.0204028676705	0.00167181928041	0	0	0	7.41383272911e-06	1.85345818228e-05	2.22414981873e-05	4.81899127392e-05	0	0.00111207490937	0	0.000685779527442	1.48276654582e-05	3.70691636455e-06	0.000189052734592	0.00103422966571	0.000281725643706	0.00125293773122	0	0.000129742072759	0.00190164809502	0.000904487592951	2.96553309164e-05	0.00510071691762	0.00425553998651	0.0109650586063	4.44829963746e-05	4.44829963746e-05	7.78452436556e-05	0	0	1.85345818228e-05	0.00130112764396	0.000192759650957	0.00121586856757	0.000326208640081	9.26729091138e-05	1.11207490937e-05	0	1.48276654582e-05	0.000337329389174	0.000945263672961	0.00101569508389	0.000441123047382	2.96553309164e-05	7.41383272911e-05	2.96553309164e-05
0	0.000266897978248	0.000100086741843	0	0	0	0	7.41383272911e-06	0	1.85345818228e-05	0	3.70691636455e-06	0	7.41383272911e-06	0	0	1.85345818228e-05	1.85345818228e-05	3.70691636455e-06	3.70691636455e-06	0	1.48276654582e-05	0.000259484145519	7.41383272911e-05	1.11207490937e-05	1.48276654582e-05	4.81899127392e-05	0.00016310432004	7.41383272911e-06	0	2.22414981873e-05	0	0	0	1.85345818228e-05	0.000114914407301	0.00167181928041	0.0289102407271	0	7.41383272911e-06	0	4.44829963746e-05	0.00020388040005	7.04314109265e-05	7.41383272911e-05	3.70691636455e-06	0.000140862821853	2.22414981873e-05	4.07760800101e-05	2.59484145519e-05	7.41383272911e-06	0.000845176931118	0.00638701689612	2.59484145519e-05	0.000530089040131	3.70691636455e-06	0.00204251091687	0.00108983341118	0.0127592061268	0.00012232824003	7.04314109265e-05	0.00364019186999	0.00852961455484	0.000270604894612	0.000263191061883	0.00107500574572	0	1.11207490937e-05	0.000126035156395	0.00416657399376	3.3362247281e-05	4.81899127392e-05	2.96553309164e-05	1.85345818228e-05	0	0	0	0.00170888844406	0.0015791463713	0.00328062098263	0.00174225069134	0.00020388040005	0.000329915556445	1.48276654582e-05
0	0	0	0	0	0	0	0	0	0	0	0	0	0	0	0	0	0	0	0	0	0	0	0	0	0	0	0	0	0	0	0	0	0	0	0	0	0	0	0	0	0	0	0	0	0	0	0	0	0	0	0	0	0	0	0	0	0	0	0	0	0	0	0	0	0	0	0	0	0	0	0	0	0	0	0	0	0	0	0	0	0	0	0
0	0	0	0	0.00262820370247	0	0	1.85345818228e-05	0	5.18968291037e-05	0	0	0.000926729091138	0	3.70691636455e-06	0	0	0	0	0	2.96553309164e-05	0	7.41383272911e-06	0	3.3362247281e-05	0	0	0	0.000196466567321	0	0	0	0	0	0	0.000137155905488	0	7.41383272911e-06	0	0.0177005256407	0	0.000841470014754	0.000663538029255	0.000189052734592	0.00041517463283	0.00285803251707	3.70691636455e-06	0.00474855986299	0	0.000103793658207	0.000111207490937	7.41383272911e-06	7.41383272911e-06	0	3.70691636455e-06	0.00853702838757	1.48276654582e-05	2.96553309164e-05	4.07760800101e-05	0.00761400621279	0	3.70691636455e-06	0	0.0053750287286	0.000129742072759	9.26729091138e-05	0	0	4.07760800101e-05	0.000111207490937	3.70691636455e-06	0	0	0	0	0	0	2.59484145519e-05	0	4.81899127392e-05	1.48276654582e-05	6.30175781974e-05	1.11207490937e-05	3.70691636455e-06
0	0	0	0	0	0	0	0	0	0	0	0	0	0	0	0	0	0	0	0	0	0	0	0	0	0	0	0	0	0	0	0	0	0	0	0	0	0	0	0	0.00294699850982	0.00105276424753	0	0.000893366843857	3.70691636455e-06	0	0	3.70691636455e-06	0	0.00021129423278	0.000678365694713	0	0	0	0	0	0	3.70691636455e-06	0	0	0	0	0	0	0.000129742072759	0	0	0.00107871266208	0	4.44829963746e-05	0	0	0	0	0	0	0	1.11207490937e-05	3.70691636455e-06	1.48276654582e-05	7.41383272911e-06	0.000174225069134	3.70691636455e-05	0
0	3.70691636455e-06	0	0	2.59484145519e-05	0	0	1.48276654582e-05	0	2.96553309164e-05	0	0	3.70691636455e-05	0	3.70691636455e-06	0	3.70691636455e-06	0	0	0	0	0	1.85345818228e-05	0	3.3362247281e-05	0	0	3.70691636455e-06	2.96553309164e-05	0	0	0	0	0	3.70691636455e-06	0.00144199046581	7.41383272911e-06	4.44829963746e-05	0	0.000841470014754	0.00105276424753	0.0333770749464	0.00107129882936	0.0125738603086	0.00016310432004	0.00363648495363	9.63798254784e-05	0.0119251499448	3.70691636455e-06	0.00497097484487	0.00398122817553	3.3362247281e-05	3.3362247281e-05	0	0	0.00396640051007	7.04314109265e-05	5.18968291037e-05	0.000137155905488	0.00167923311314	3.70691636455e-06	3.70691636455e-06	2.96553309164e-05	0.00106017808026	0.00330286248082	0.000396640051007	0	0.00126035156395	0.000470778378298	0.00179414752044	1.11207490937e-05	3.70691636455e-06	0	0	0	0	0	0.000363277803726	2.96553309164e-05	0.000793280102014	0.000189052734592	0.00144199046581	0.000507847541944	1.11207490937e-05
1.48276654582e-05	0	3.70691636455e-06	0	3.3362247281e-05	0	0	9.26729091138e-05	0	0.000140862821853	3.70691636455e-06	0	0	0	7.41383272911e-06	0	1.11207490937e-05	0	0	0	7.41383272911e-06	7.41383272911e-06	6.6724494562e-05	0	0.00012232824003	0	0	3.70691636455e-06	4.81899127392e-05	1.11207490937e-05	1.11207490937e-05	0	0	0	7.41383272911e-06	0.00386260685186	1.85345818228e-05	0.00020388040005	0	0.000663538029255	0	0.00107129882936	0.0277573897378	0.000889659927493	0.00102310891662	0.00125664464758	7.41383272911e-06	0.00204251091687	0	0.000567158203777	0.000322501723716	0.000615348116516	9.63798254784e-05	0	0	0.00149018037855	0.00108241957845	0.000607934283787	0.00149018037855	0.00541951172498	0	2.59484145519e-05	8.89659927493e-05	0.0128481721195	0.00241690946969	0.00664650104164	0	0	0.000737676356546	0.00166069853132	2.96553309164e-05	7.41383272911e-06	1.11207490937e-05	7.41383272911e-06	3.70691636455e-06	0	0	0.000474485294663	5.56037454683e-05	0.000645003447432	0.000285432560071	0.000289139476435	7.78452436556e-05	0
