0.0255582843109	3.56959278086e-05	0.00661802501571	0	0.000142783711234	0	0.000192758010166	0.00508310011994	0.00435847278542	3.92655205894e-05	0.00267005540008	0.00188831458107	0.000778171226227	6.42526700554e-05	0.018340567708	7.13918556171e-06	6.78222628363e-05	0.00314838083271	0.000281997829688	0.00265220743618	0.00169198697813	0.000171340453481	5.35438917128e-05	0.00315908961106	0.00024987149466	0	0.00437989034211	0.000385516020332	0.0016598606431	0.0177194585642	0.0120652235993	7.13918556171e-06	0.000271289051345	0.000424781540922	0.00245944942601	1.07087783426e-05	1.07087783426e-05	1.42783711234e-05	0	8.21006339597e-05	0	3.21263350277e-05	4.28351133703e-05	7.13918556171e-06	4.9974298932e-05	0.000135644525673	0	2.85567422468e-05	3.56959278086e-06	1.07087783426e-05	7.13918556171e-06	0	0	0	0	0	6.06830772745e-05	3.56959278086e-06	1.78479639043e-05	0.000660374664458	0	3.21263350277e-05	7.13918556171e-05	0.000242732309098	1.42783711234e-05	1.42783711234e-05	0	0	0	0.000117796561768	0.000132074932892	8.21006339597e-05	0.0014349762979	0.000271289051345	4.9974298932e-05	7.13918556171e-06	2.4987149466e-05	0.000281997829688	7.4961448398e-05	0.000192758010166	2.14175566851e-05	3.92655205894e-05	0	0
3.56959278086e-05	0.0326046604603	0.00041764235536	0	3.56959278086e-06	1.07087783426e-05	1.07087783426e-05	3.56959278086e-05	7.13918556171e-06	0.00395867839397	0	0.000189188417385	5.71134844937e-05	0.00240947512708	9.9948597864e-05	3.56959278086e-06	0.000360528870866	0.000317693757496	9.28094123022e-05	0.0001677708607	7.13918556171e-06	7.13918556171e-05	0.00743546176252	0.00029270660803	0.00148852018962	0.00425495459478	0.00714275515449	0.0271253355417	0.00020703638129	0.000271289051345	0.000271289051345	3.56959278086e-06	2.85567422468e-05	0.000214175566851	0.000742475298418	1.07087783426e-05	0.0144247244274	0.00102447312811	0	3.21263350277e-05	0	0.000107087783426	7.4961448398e-05	0.000114226968987	0.000467616654292	0.000142783711234	6.06830772745e-05	8.92398195214e-05	0.00109229539094	2.4987149466e-05	0	9.63790050831e-05	0.000381946427552	3.21263350277e-05	3.92655205894e-05	7.85310411788e-05	5.35438917128e-05	0.000628248329431	0.00041764235536	0.000631817922211	0.000599691587184	0.000574704437718	0.0150565423496	0.000224884345194	1.42783711234e-05	4.9974298932e-05	2.4987149466e-05	0	0	0.000142783711234	0.0019025929522	0.00211319892627	0.000289137015249	9.28094123022e-05	1.07087783426e-05	1.42783711234e-05	4.28351133703e-05	0.000246301901879	0.00041764235536	0.0001677708607	2.85567422468e-05	3.56959278086e-06	7.13918556171e-06	0
0.00661802501571	0.00041764235536	0.0487178022731	0	0.000139214118453	0	0.000153492489577	0.00131361014335	0.00195970643669	3.92655205894e-05	2.85567422468e-05	0.000146353304015	4.28351133703e-05	0	0.00573990519162	2.4987149466e-05	0.00049974298932	0.00634316637158	2.14175566851e-05	0.00151350733908	2.4987149466e-05	0.000289137015249	0.0012315095094	0.0186725398367	0.000531869324347	0	0.00928808041579	0.0155348677823	0.00261651150837	0.00680721343309	0.00702495859272	0	3.56959278086e-06	0.000142783711234	0.000785310411788	0.000149922896796	0.000178479639043	0.00345893540465	0	3.56959278086e-05	0	7.13918556171e-06	0.000160631675139	7.13918556171e-06	0.000110657376207	2.4987149466e-05	0	4.64047061511e-05	0	7.13918556171e-06	3.56959278086e-06	0.000799588782912	0.000414072762579	0	0	2.14175566851e-05	0.00237020960649	0.00245231024045	0.00914172711177	0.000706779370609	0	0.000189188417385	0.00520803586727	0.00146353304015	0.000203466788509	0.000410503169798	0	3.56959278086e-06	0	6.42526700554e-05	0.00273430807014	0.000938802901365	0.00261651150837	0.00339111314181	0.000753184076761	7.13918556171e-06	1.78479639043e-05	0.000121366154549	0.00391941287338	0.000117796561768	0.000128505340111	2.14175566851e-05	3.56959278086e-06	0
0	0	0	0	0	0	0	0	0	0	0	0	0	0	0	0	0	0	0	0	0	0	0	0	0	0	0	0	0	0	0	0	0	0	0	0	0	0	0	0	0	0	0	0	0	0	0	0	0	0	0	0	0	0	0	0	0	0	0	0	0	0	0	0	0	0	0	0	0	0	0	0	0	0	0	0	0	0	0	0	0	0	0	0
0.000142783711234	3.56959278086e-06	0.000139214118453	0	0.0248657833114	0	0.000774601633446	0.00127791421555	0.000114226968987	0.000378376834771	0.00169555657091	0.000214175566851	0.0042692329659	2.14175566851e-05	0.000763892855103	0.000317693757496	0	7.13918556171e-06	4.64047061511e-05	7.85310411788e-05	0.00637886229939	3.56959278086e-06	3.56959278086e-06	0.000146353304015	0.00958792620938	0	0.000339111314181	1.78479639043e-05	0.00512593523331	0.00152064652464	0.000246301901879	0	5.35438917128e-05	0.000339111314181	0.00142069792678	7.13918556171e-06	7.13918556171e-06	7.13918556171e-06	0	0.00842066937004	0	0.000888828602433	2.4987149466e-05	0.000738905705637	0.00420141070307	0.00768533325718	0.000203466788509	0.00285567422468	2.14175566851e-05	8.21006339597e-05	1.42783711234e-05	0	1.07087783426e-05	0	1.07087783426e-05	0.0088383117254	0	3.56959278086e-06	3.21263350277e-05	0.00522945342395	0	1.07087783426e-05	4.28351133703e-05	0.00515806156834	1.42783711234e-05	3.56959278086e-06	3.56959278086e-06	7.13918556171e-06	0	0.000531869324347	0.000346250499743	7.13918556171e-06	0.00121366154549	0.000364098463647	0.000678222628363	3.21263350277e-05	0.000278428236907	2.85567422468e-05	2.4987149466e-05	0.00079244959735	0.0001677708607	8.21006339597e-05	6.06830772745e-05	0
0	1.07087783426e-05	0	0	0	0.00321263350277	0.0014920897824	0	0.000385516020332	4.28351133703e-05	0	0	1.42783711234e-05	0	0.000171340453481	0.00101733394254	3.56959278086e-06	0	0	0	1.78479639043e-05	7.13918556171e-06	0	7.13918556171e-06	2.4987149466e-05	0	2.85567422468e-05	3.21263350277e-05	1.42783711234e-05	3.56959278086e-05	0	0	0.00113156091153	0	8.21006339597e-05	0	0	0	0	0	0	0	0	0	0	0	0	0	0	0	0	0	0	0	0	0	0	0	0	0	0	0	0	0	0	0	0	0	0	0	0.000171340453481	4.64047061511e-05	0.000107087783426	3.56959278086e-06	0.000974498829174	0.000296276200811	0	0	0	0	0	0	0	0
0.000192758010166	1.07087783426e-05	0.000153492489577	0	0.000774601633446	0.0014920897824	0.0337005254441	0.00400151350734	0.00748543606145	0.000281997829688	0.00997344222971	0.000403363984237	0.0080173053858	8.21006339597e-05	0.00700354103604	0.00476897595522	1.42783711234e-05	3.56959278086e-06	0	0	0.00180978353989	3.56959278086e-05	3.56959278086e-06	0.000110657376207	0.00111371294763	0	0.000224884345194	5.35438917128e-05	0.00329473413673	0.00319121594608	7.4961448398e-05	1.78479639043e-05	0.0029270660803	0.000142783711234	0.00163487349363	0	0	0	0	0.000271289051345	0	7.13918556171e-06	1.07087783426e-05	3.56959278086e-06	3.21263350277e-05	0.000353389685305	0	1.78479639043e-05	0	0	0	0	0	0	0	1.78479639043e-05	7.13918556171e-06	3.56959278086e-06	3.56959278086e-06	0.00041764235536	0	0	0	0.000392655205894	3.56959278086e-06	7.13918556171e-06	0	3.56959278086e-06	0	3.56959278086e-06	0.000735336112856	5.71134844937e-05	0.00147781141127	0.000521160546005	0.0020703638129	0.000646096293335	7.13918556171e-06	1.78479639043e-05	0	1.78479639043e-05	1.78479639043e-05	2.14175566851e-05	0	0
0.00508310011994	3.56959278086e-05	0.00131361014335	0	0.00127791421555	0	0.00400151350734	0.0457657490433	0.0046047746873	0.000510451767662	0.00714632474727	0.000228453937975	0.000549717288252	3.56959278086e-06	0.00641812781998	0.000796019190131	7.13918556171e-06	0.000160631675139	2.14175566851e-05	5.71134844937e-05	0.000135644525673	0.000217745159632	2.4987149466e-05	0.00277357359072	0.00102090353532	0	0.000592552401622	0.000232023530756	0.0242339653892	0.0128933691245	0.00879190701925	0	0.000356959278086	0.00932020675081	0.00657875949512	2.4987149466e-05	2.85567422468e-05	7.13918556171e-06	0	0.00342680906962	0	0.000339111314181	0.000110657376207	0.000264149865783	0.00240233594152	0.00328045576561	1.78479639043e-05	0.00128148380833	0	0.000146353304015	0	3.56959278086e-06	7.13918556171e-06	0	0	0.000339111314181	8.21006339597e-05	3.56959278086e-06	0.000174910046262	0.00591838483066	3.56959278086e-06	3.56959278086e-06	7.4961448398e-05	0.00381946427552	0.000196327602947	4.64047061511e-05	0	3.21263350277e-05	0	0.000164201267919	0.00155991204523	0.000139214118453	0.00354460563139	0.00205251584899	0.000339111314181	4.9974298932e-05	2.4987149466e-05	0.00037480724199	3.21263350277e-05	0.000281997829688	0.000199897195728	0.0003355417214	1.42783711234e-05	0
0.00435847278542	7.13918556171e-06	0.00195970643669	0	0.000114226968987	0.000385516020332	0.00748543606145	0.0046047746873	0.0242518133531	1.78479639043e-05	0.0040086526929	0.000303415386373	0.000981638014735	2.85567422468e-05	0.0132860243303	0.00128862299389	1.07087783426e-05	7.13918556171e-06	0	2.14175566851e-05	0.000449768690388	7.4961448398e-05	1.42783711234e-05	0.00110300416928	0.000228453937975	0	0.000110657376207	5.35438917128e-05	0.00149922896796	0.00312696327603	0.000949511679708	0	0.00163844308641	8.21006339597e-05	0.00087455023131	0	0	3.56959278086e-06	0	0.000239162716317	0	7.13918556171e-06	1.07087783426e-05	0	4.28351133703e-05	0.00029270660803	0	1.42783711234e-05	0	0	3.56959278086e-06	0	0	0	0	3.56959278086e-06	1.07087783426e-05	7.13918556171e-06	1.42783711234e-05	0.000371237649209	0	0	5.71134844937e-05	0.000303415386373	0	7.13918556171e-06	0	0	0	1.42783711234e-05	0.000392655205894	4.9974298932e-05	0.000910246159118	0.000235593123536	0.00024987149466	0.000160631675139	3.56959278086e-06	4.64047061511e-05	1.07087783426e-05	1.42783711234e-05	0	1.07087783426e-05	0	0
3.92655205894e-05	0.00395867839397	3.92655205894e-05	0	0.000378376834771	4.28351133703e-05	0.000281997829688	0.000510451767662	1.78479639043e-05	0.0256118282026	0.000128505340111	3.92655205894e-05	0.00170983494203	0.000606830772745	0.00058541321606	0.00162059512251	0.00190973213776	4.28351133703e-05	1.42783711234e-05	7.4961448398e-05	0.000392655205894	0.000253441087441	0.00692500999486	0.000399794391456	0.0102697184305	0.00136358444229	0.000817436746816	0.00344822662631	0.00436918156377	0.00154563367411	0.0012672054372	0	6.42526700554e-05	0.0020132503284	0.00315908961106	0.000253441087441	3.92655205894e-05	7.13918556171e-06	0	0.000674653035582	0	4.9974298932e-05	0.000182049231824	5.35438917128e-05	0.00598263750071	0.000221314752413	3.56959278086e-06	7.13918556171e-05	0.000185618824604	0.000185618824604	0	0.00114940887544	1.42783711234e-05	3.56959278086e-06	0	0.00029270660803	0.000107087783426	0.00230952652921	0.000110657376207	0.00621823062425	4.64047061511e-05	7.85310411788e-05	0.000135644525673	0.00145639385459	0.00021060597407	8.92398195214e-05	7.13918556171e-06	0	0	5.35438917128e-05	0.00250228453938	0.000717488148952	0.00104946027757	0.000824575932378	0.00214532526129	1.42783711234e-05	0	0.000524730138786	0.000221314752413	0.000135644525673	1.07087783426e-05	3.56959278086e-06	0	0
0.00267005540008	0	2.85567422468e-05	0	0.00169555657091	0	0.00997344222971	0.00714632474727	0.0040086526929	0.000128505340111	0.0339361185676	0.000631817922211	0.00291992689474	2.14175566851e-05	0.00483679821806	0.00102804272089	0	4.64047061511e-05	0.000135644525673	0.000149922896796	0.00405148780627	7.13918556171e-06	7.13918556171e-06	3.92655205894e-05	0.00104232109201	0	0.000556856473813	2.4987149466e-05	0.0074211833914	0.00577560111942	5.71134844937e-05	7.13918556171e-06	0.000171340453481	0.0022738306014	0.00254511965275	7.13918556171e-06	1.07087783426e-05	3.56959278086e-06	0	0.000224884345194	0	0.000324832943058	0	0.000389085613113	0.000267719458564	0.00319835513165	0.000114226968987	0.000578274030499	4.28351133703e-05	0.000174910046262	0	0	0	4.28351133703e-05	5.71134844937e-05	0.0022559826375	0	3.56959278086e-06	3.56959278086e-06	0.000674653035582	0	8.21006339597e-05	0.000160631675139	0.00149922896796	4.64047061511e-05	3.56959278086e-06	3.56959278086e-06	1.07087783426e-05	0	0.000364098463647	0.000439059912045	1.78479639043e-05	0.00130647095779	0.000510451767662	6.06830772745e-05	2.4987149466e-05	3.56959278086e-06	0.000260580273002	3.21263350277e-05	0.000496173396539	1.42783711234e-05	3.92655205894e-05	3.56959278086e-06	0
0.00188831458107	0.000189188417385	0.000146353304015	0	0.000214175566851	0	0.000403363984237	0.000228453937975	0.000303415386373	3.92655205894e-05	0.000631817922211	0.033750499743	0.00213818607573	0.00642169741276	0.0041764235536	2.85567422468e-05	1.42783711234e-05	0.00147781141127	0.00440130789879	0.00615397795419	0.00201681992118	0.000117796561768	5.35438917128e-05	0.000560426066594	0.000492603803758	0.000646096293335	0.0170483751214	0.00137072362785	0.000285567422468	0.00737834827803	0.000635387514992	0.000953081272488	0.000149922896796	0.000103518190645	0.0128505340111	0	7.85310411788e-05	1.78479639043e-05	0	6.06830772745e-05	0	0.00033197212862	3.92655205894e-05	0.000467616654292	3.56959278086e-06	0.000182049231824	0.000324832943058	0.000703209777829	0.000381946427552	3.56959278086e-05	0	0	3.21263350277e-05	0.000192758010166	0.000142783711234	0.000107087783426	1.42783711234e-05	7.13918556171e-06	2.85567422468e-05	0.000660374664458	6.42526700554e-05	0.000517590953224	0.00020703638129	0.000160631675139	9.9948597864e-05	0	2.14175566851e-05	3.92655205894e-05	0	0.000271289051345	0.00164201267919	0.00488677251699	0.00655020275287	0.000317693757496	0.000328402535839	7.13918556171e-06	0.000178479639043	7.13918556171e-05	0.000556856473813	0.000174910046262	7.13918556171e-06	0.000128505340111	0	5.71134844937e-05
0.000778171226227	5.71134844937e-05	4.28351133703e-05	0	0.0042692329659	1.42783711234e-05	0.0080173053858	0.000549717288252	0.000981638014735	0.00170983494203	0.00291992689474	0.00213818607573	0.0344608487064	0.000371237649209	0.00593623279456	0.00151707693186	3.56959278086e-06	2.4987149466e-05	0.000164201267919	0.00024987149466	0.0104267805129	3.56959278086e-06	1.78479639043e-05	3.92655205894e-05	0.00534011080016	8.21006339597e-05	0.00152421611743	0.0001677708607	0.00121723113827	0.00553286881033	7.85310411788e-05	1.07087783426e-05	0.000278428236907	0.000107087783426	0.00365883260038	0	4.64047061511e-05	0	0	0.0011743960249	0	0.00414786681135	4.9974298932e-05	0.00393726083728	0.00079244959735	0.00733551316466	0.000856702267405	0.00924167570964	0.000314124164715	8.92398195214e-05	0	0	0	3.21263350277e-05	1.42783711234e-05	0.0070106802216	3.56959278086e-06	1.07087783426e-05	3.56959278086e-06	0.000899537380776	9.63790050831e-05	0.000217745159632	0.000574704437718	0.000910246159118	0.000174910046262	1.07087783426e-05	2.4987149466e-05	4.9974298932e-05	0	0.00302344508538	0.000306984979154	8.21006339597e-05	0.00254511965275	0.000149922896796	0.00146710263293	4.9974298932e-05	0.000171340453481	9.63790050831e-05	0.000849563081844	0.0024237534982	4.9974298932e-05	8.92398195214e-05	2.4987149466e-05	0.000142783711234
6.42526700554e-05	0.00240947512708	0	0	2.14175566851e-05	0	8.21006339597e-05	3.56959278086e-06	2.85567422468e-05	0.000606830772745	2.14175566851e-05	0.00642169741276	0.000371237649209	0.0187046661717	0.000242732309098	3.56959278086e-06	2.85567422468e-05	1.78479639043e-05	0.000378376834771	0.000221314752413	9.9948597864e-05	0	0.000824575932378	7.13918556171e-06	3.56959278086e-05	0.00751042321092	0.00614326917585	0.00509380889828	7.13918556171e-06	0.000428351133703	3.56959278086e-06	0.00099948597864	3.21263350277e-05	7.13918556171e-06	0.000963790050831	0	0.00046047746873	1.42783711234e-05	0	2.4987149466e-05	0	0.000360528870866	1.42783711234e-05	0.000406933577018	3.56959278086e-06	0.000321263350277	0.000785310411788	0.000339111314181	0.00409789251242	0	0	0	1.42783711234e-05	1.42783711234e-05	3.56959278086e-06	0.000353389685305	0	3.56959278086e-06	0	1.78479639043e-05	0.00166343023588	0.000153492489577	0.000938802901365	3.21263350277e-05	0	0	0.000114226968987	0	0	0.000435490319264	0.000117796561768	0.00106373864869	0.000385516020332	5.71134844937e-05	3.92655205894e-05	0	0.000139214118453	0	0.00252013250328	0.000271289051345	0	0	0	0.000242732309098
0.018340567708	9.9948597864e-05	0.00573990519162	0	0.000763892855103	0.000171340453481	0.00700354103604	0.00641812781998	0.0132860243303	0.00058541321606	0.00483679821806	0.0041764235536	0.00593623279456	0.000242732309098	0.0513450225598	0.00226312182306	9.9948597864e-05	0.00218459078188	0.000474755839854	0.00260937232281	0.0047546975841	0.000264149865783	0.000139214118453	0.00274501684848	0.00208107259124	1.07087783426e-05	0.00539008509909	0.000685361813924	0.00386229938889	0.0327188874293	0.0105338682963	1.42783711234e-05	0.00516877034668	0.00467259695014	0.0130361528357	2.14175566851e-05	5.35438917128e-05	1.42783711234e-05	0	0.000260580273002	0	4.9974298932e-05	0.00021060597407	3.21263350277e-05	0.000364098463647	0.000328402535839	1.42783711234e-05	9.9948597864e-05	1.07087783426e-05	2.4987149466e-05	1.07087783426e-05	0	3.56959278086e-06	0	3.56959278086e-06	1.78479639043e-05	8.92398195214e-05	1.42783711234e-05	3.21263350277e-05	0.00170983494203	3.56959278086e-06	4.28351133703e-05	0.00012493574733	0.000824575932378	3.21263350277e-05	2.85567422468e-05	0	1.07087783426e-05	0	0.000228453937975	0.00323405105946	0.00106373864869	0.00761037180878	0.00257010680222	0.00104946027757	0.00133502770004	9.63790050831e-05	0.000424781540922	0.000128505340111	0.000621109143869	0.000389085613113	0.000203466788509	2.4987149466e-05	0
7.13918556171e-06	3.56959278086e-06	2.4987149466e-05	0	0.000317693757496	0.00101733394254	0.00476897595522	0.000796019190131	0.00128862299389	0.00162059512251	0.00102804272089	2.85567422468e-05	0.00151707693186	3.56959278086e-06	0.00226312182306	0.00959506539494	3.92655205894e-05	3.56959278086e-06	0	0	0.000114226968987	3.21263350277e-05	7.4961448398e-05	4.64047061511e-05	0.000803158375693	0	4.28351133703e-05	1.07087783426e-05	0.000653235478897	0.00155991204523	0.000107087783426	0	0.000699640185048	0.000196327602947	0.000321263350277	0	0	0	0	3.21263350277e-05	0	1.42783711234e-05	3.56959278086e-06	7.13918556171e-06	1.42783711234e-05	4.64047061511e-05	0	1.07087783426e-05	0	0	0	7.4961448398e-05	0	0	0	3.56959278086e-06	2.4987149466e-05	7.4961448398e-05	3.56959278086e-06	8.92398195214e-05	0	0	0	0.000132074932892	0	0	0	0	0	7.13918556171e-06	0.00176694842652	7.13918556171e-06	0.000174910046262	8.56702267405e-05	0.00465117939345	2.4987149466e-05	1.07087783426e-05	3.56959278086e-06	0	1.42783711234e-05	1.42783711234e-05	1.42783711234e-05	1.42783711234e-05	0
6.78222628363e-05	0.000360528870866	0.00049974298932	0	0	3.56959278086e-06	1.42783711234e-05	7.13918556171e-06	1.07087783426e-05	0.00190973213776	0	1.42783711234e-05	3.56959278086e-06	2.85567422468e-05	9.9948597864e-05	3.92655205894e-05	0.0207893083557	0.000239162716317	7.13918556171e-06	0.000146353304015	0	0.00122080073105	0.00829216402993	0.00361956707979	0.0064895196756	3.56959278086e-05	0.00114226968987	0.00454766120281	0.0030020275287	0.000235593123536	0.000285567422468	3.56959278086e-06	7.85310411788e-05	0.000146353304015	0.000549717288252	5.35438917128e-05	0.000135644525673	6.42526700554e-05	0	2.4987149466e-05	0	1.07087783426e-05	7.85310411788e-05	2.14175566851e-05	0.00329116454395	1.78479639043e-05	0	7.13918556171e-06	1.78479639043e-05	3.21263350277e-05	0	0.00186332743161	7.13918556171e-06	0	0	1.42783711234e-05	0.00191330173054	0.00508310011994	0.00029270660803	0.00452624364612	3.56959278086e-06	4.9974298932e-05	0.00024987149466	0.00429778970815	0.000164201267919	0.000296276200811	0	3.56959278086e-06	0	1.07087783426e-05	0.00124578788052	0.000599691587184	0.00046047746873	0.000696070592267	9.63790050831e-05	2.85567422468e-05	0	0.000899537380776	0.000410503169798	2.14175566851e-05	7.13918556171e-06	2.14175566851e-05	0	0
0.00314838083271	0.000317693757496	0.00634316637158	0	7.13918556171e-06	0	3.56959278086e-06	0.000160631675139	7.13918556171e-06	4.28351133703e-05	4.64047061511e-05	0.00147781141127	2.4987149466e-05	1.78479639043e-05	0.00218459078188	3.56959278086e-06	0.000239162716317	0.0251763378834	0.000617539551088	0.00670012564967	3.92655205894e-05	0.00260937232281	0.000303415386373	0.0119831229653	0.00012493574733	3.56959278086e-06	0.00905248729225	0.0031697983894	0.00163130390085	0.00435133359986	0.00703209777829	0	0	0.00062467873665	0.00477968473357	0	0.000264149865783	0.000389085613113	0	3.56959278086e-06	0	0	0.00012493574733	3.56959278086e-06	2.4987149466e-05	0	3.56959278086e-06	0	3.56959278086e-06	3.56959278086e-06	0	1.42783711234e-05	7.4961448398e-05	0	0	0	0.000135644525673	7.85310411788e-05	0.000360528870866	6.06830772745e-05	0	7.13918556171e-05	0.000428351133703	0.000146353304015	0	5.71134844937e-05	0	0	0	7.13918556171e-06	0.000260580273002	0.000392655205894	0.00193471928722	0.00185975783883	3.92655205894e-05	0	0	0.0001677708607	0.000353389685305	1.42783711234e-05	3.92655205894e-05	7.13918556171e-06	3.56959278086e-06	0
0.000281997829688	9.28094123022e-05	2.14175566851e-05	0	4.64047061511e-05	0	0	2.14175566851e-05	0	1.42783711234e-05	0.000135644525673	0.00440130789879	0.000164201267919	0.000378376834771	0.000474755839854	0	7.13918556171e-06	0.000617539551088	0.00672868239191	0.00420141070307	0.000174910046262	4.64047061511e-05	1.07087783426e-05	0.000232023530756	0.000103518190645	0.000107087783426	0.00229524815809	0.000174910046262	6.06830772745e-05	0.000774601633446	0.0001677708607	2.14175566851e-05	1.42783711234e-05	7.13918556171e-06	0.00134930607116	0	1.07087783426e-05	0	0	0	0	3.56959278086e-06	1.07087783426e-05	1.07087783426e-05	0	0	4.64047061511e-05	3.56959278086e-06	8.92398195214e-05	0	0	0	3.56959278086e-06	4.28351133703e-05	5.35438917128e-05	0	0	0	0	3.56959278086e-05	2.4987149466e-05	0.000253441087441	6.78222628363e-05	1.42783711234e-05	0	0	1.07087783426e-05	0	0	1.42783711234e-05	0.000474755839854	0.000810297561254	0.000767462447884	7.13918556171e-05	0	3.56959278086e-06	3.56959278086e-06	3.56959278086e-06	1.78479639043e-05	7.13918556171e-06	0	0	0	0
0.00265220743618	0.0001677708607	0.00151350733908	0	7.85310411788e-05	0	0	5.71134844937e-05	2.14175566851e-05	7.4961448398e-05	0.000149922896796	0.00615397795419	0.00024987149466	0.000221314752413	0.00260937232281	0	0.000146353304015	0.00670012564967	0.00420141070307	0.0261793934548	0.000264149865783	0.00049974298932	0.000260580273002	0.00267362499286	0.00029270660803	6.78222628363e-05	0.0187118053572	0.0025915243589	0.000446199097607	0.00383731223942	0.00341966988406	1.78479639043e-05	2.4987149466e-05	0.000267719458564	0.00667870809298	0	0.000171340453481	8.92398195214e-05	0	3.56959278086e-06	0	4.9974298932e-05	7.85310411788e-05	6.42526700554e-05	0.000149922896796	6.06830772745e-05	3.92655205894e-05	2.14175566851e-05	4.9974298932e-05	7.13918556171e-06	0	1.07087783426e-05	0.000185618824604	4.64047061511e-05	0.000132074932892	7.13918556171e-06	3.92655205894e-05	7.13918556171e-05	6.06830772745e-05	0.000214175566851	3.21263350277e-05	0.000753184076761	0.000349820092524	0.000142783711234	7.13918556171e-06	0	7.13918556171e-06	0	0	4.64047061511e-05	0.00235593123536	0.00217031241076	0.00305557142041	0.00113156091153	7.13918556171e-06	3.56959278086e-06	3.56959278086e-06	0.000203466788509	0.000128505340111	0.000217745159632	7.13918556171e-06	2.85567422468e-05	0	0
0.00169198697813	7.13918556171e-06	2.4987149466e-05	0	0.00637886229939	1.78479639043e-05	0.00180978353989	0.000135644525673	0.000449768690388	0.000392655205894	0.00405148780627	0.00201681992118	0.0104267805129	9.9948597864e-05	0.0047546975841	0.000114226968987	0	3.92655205894e-05	0.000174910046262	0.000264149865783	0.0236378433948	3.56959278086e-06	3.56959278086e-06	3.92655205894e-05	0.00479396310469	1.07087783426e-05	0.0015670512308	7.13918556171e-05	0.00217031241076	0.00683220058256	2.85567422468e-05	0	0.0001677708607	0.000396224798675	0.00467616654292	7.13918556171e-06	7.13918556171e-06	3.56959278086e-06	0	0.00215960363242	0	0.000978068421954	2.4987149466e-05	0.000963790050831	0.00058541321606	0.00354817522417	0.000121366154549	0.00378019875493	4.28351133703e-05	0.000160631675139	0	0	3.56959278086e-06	0	3.56959278086e-06	0.00459049631618	0	3.56959278086e-06	0	0.000753184076761	0	2.85567422468e-05	4.64047061511e-05	0.000870980638529	9.9948597864e-05	1.07087783426e-05	7.13918556171e-06	3.21263350277e-05	0	0.000556856473813	0.000399794391456	9.63790050831e-05	0.00299488834314	0.000628248329431	6.78222628363e-05	0.000107087783426	8.56702267405e-05	0.000128505340111	0.000164201267919	0.000571134844937	3.56959278086e-05	0.000107087783426	1.07087783426e-05	0
0.000171340453481	7.13918556171e-05	0.000289137015249	0	3.56959278086e-06	7.13918556171e-06	3.56959278086e-05	0.000217745159632	7.4961448398e-05	0.000253441087441	7.13918556171e-06	0.000117796561768	3.56959278086e-06	0	0.000264149865783	3.21263350277e-05	0.00122080073105	0.00260937232281	4.64047061511e-05	0.00049974298932	3.56959278086e-06	0.0335434633617	0.000553286881033	0.020132503284	0.0001677708607	0	0.000592552401622	0.000246301901879	0.0063395967788	0.00254511965275	0.0112620652236	0	0.000203466788509	0.00144925466903	0.00646096293335	0.000185618824604	4.28351133703e-05	6.78222628363e-05	0	7.13918556171e-06	0	0.000107087783426	0.00126363584442	8.92398195214e-05	9.28094123022e-05	0.00012493574733	2.4987149466e-05	0	0	3.56959278086e-05	0	0.000103518190645	1.42783711234e-05	0	0	0	0.00199183277172	0.000349820092524	0.000139214118453	0.000174910046262	0	2.85567422468e-05	7.13918556171e-05	0.00310197612656	0.000296276200811	0.000653235478897	0	0	0	4.9974298932e-05	0.000431920726484	0.000246301901879	0.00400151350734	0.00104946027757	0.000110657376207	5.71134844937e-05	1.42783711234e-05	0.00046047746873	1.78479639043e-05	0.000103518190645	6.42526700554e-05	9.63790050831e-05	3.56959278086e-06	0
5.35438917128e-05	0.00743546176252	0.0012315095094	0	3.56959278086e-06	0	3.56959278086e-06	2.4987149466e-05	1.42783711234e-05	0.00692500999486	7.13918556171e-06	5.35438917128e-05	1.78479639043e-05	0.000824575932378	0.000139214118453	7.4961448398e-05	0.00829216402993	0.000303415386373	1.07087783426e-05	0.000260580273002	3.56959278086e-06	0.000553286881033	0.03669898338	0.00422639785253	0.00544005939802	0.00189902335942	0.00194542806557	0.0170697926781	0.00103518190645	0.000414072762579	0.000492603803758	3.56959278086e-06	3.92655205894e-05	0.000428351133703	0.00103518190645	4.9974298932e-05	0.00116725683934	6.42526700554e-05	0	5.35438917128e-05	0	4.28351133703e-05	3.92655205894e-05	6.06830772745e-05	0.00407647495574	4.9974298932e-05	3.56959278086e-06	3.56959278086e-05	0.000257010680222	3.92655205894e-05	0	0.00703923696385	1.78479639043e-05	3.56959278086e-06	0	3.56959278086e-05	0.00074961448398	0.0146317608087	0.00359457993032	0.00554357758867	5.71134844937e-05	7.4961448398e-05	0.00526871894454	0.00322334228111	0.000149922896796	0.000364098463647	7.13918556171e-06	3.56959278086e-06	0	3.92655205894e-05	0.00278785196185	0.00184904906048	0.000539008509909	0.00071034896339	0.000110657376207	1.42783711234e-05	0	0.000956650865269	0.000449768690388	4.64047061511e-05	3.56959278086e-06	3.92655205894e-05	0	0
0.00315908961106	0.00029270660803	0.0186725398367	0	0.000146353304015	7.13918556171e-06	0.000110657376207	0.00277357359072	0.00110300416928	0.000399794391456	3.92655205894e-05	0.000560426066594	3.92655205894e-05	7.13918556171e-06	0.00274501684848	4.64047061511e-05	0.00361956707979	0.0119831229653	0.000232023530756	0.00267362499286	3.92655205894e-05	0.020132503284	0.00422639785253	0.0756111142841	0.000556856473813	0	0.00492603803758	0.00847421326175	0.00948083842595	0.00403363984237	0.0102304529099	0	0.000203466788509	0.000556856473813	0.0101554914615	0.000242732309098	0.000196327602947	0.000603261179965	0	7.13918556171e-06	0	2.4987149466e-05	0.00037480724199	4.28351133703e-05	0.0001677708607	4.9974298932e-05	7.13918556171e-06	6.78222628363e-05	0	1.07087783426e-05	0	0.00373736364156	4.9974298932e-05	0	0	1.07087783426e-05	0.00457264835228	0.00711419841225	0.00683933976812	0.00153849448855	0	5.71134844937e-05	0.001417128334	0.00420498029585	0.000349820092524	0.000949511679708	0	3.56959278086e-06	0	4.9974298932e-05	0.00316265920384	0.00131004055057	0.0102732880233	0.00560783025872	0.00114940887544	7.85310411788e-05	3.56959278086e-06	0.000257010680222	0.00066751385002	3.21263350277e-05	5.71134844937e-05	3.21263350277e-05	3.56959278086e-06	0
0.00024987149466	0.00148852018962	0.000531869324347	0	0.00958792620938	2.4987149466e-05	0.00111371294763	0.00102090353532	0.000228453937975	0.0102697184305	0.00104232109201	0.000492603803758	0.00534011080016	3.56959278086e-05	0.00208107259124	0.000803158375693	0.0064895196756	0.00012493574733	0.000103518190645	0.00029270660803	0.00479396310469	0.0001677708607	0.00544005939802	0.000556856473813	0.0499029070764	9.9948597864e-05	0.00136358444229	0.00296633160089	0.0175017134045	0.00360528870866	0.00109229539094	0	0.000135644525673	0.00140641955566	0.00372665486321	0.000389085613113	6.06830772745e-05	3.56959278086e-05	0	0.00342323947684	0	0.000221314752413	0.000967359643612	9.9948597864e-05	0.0133359986293	0.00219172996745	3.56959278086e-06	0.00029270660803	1.07087783426e-05	0.00020703638129	1.07087783426e-05	0.000253441087441	1.78479639043e-05	0	0	0.00118153521046	0.000428351133703	0.0017526700554	4.28351133703e-05	0.0154599063339	3.56959278086e-06	8.56702267405e-05	0.000278428236907	0.00736763949969	0.000271289051345	0.000353389685305	0	7.13918556171e-06	0	8.92398195214e-05	0.00158846878748	0.000503312582101	0.00172054372037	0.000574704437718	0.00133502770004	9.63790050831e-05	1.42783711234e-05	0.00128505340111	0.00037480724199	0.00020703638129	1.42783711234e-05	4.28351133703e-05	1.07087783426e-05	0
0	0.00425495459478	0	0	0	0	0	0	0	0.00136358444229	0	0.000646096293335	8.21006339597e-05	0.00751042321092	1.07087783426e-05	0	3.56959278086e-05	3.56959278086e-06	0.000107087783426	6.78222628363e-05	1.07087783426e-05	0	0.00189902335942	0	9.9948597864e-05	0.0135823005312	0.00470115369239	0.00614326917585	7.13918556171e-06	2.85567422468e-05	7.13918556171e-06	7.13918556171e-06	0	1.07087783426e-05	0.000603261179965	0	0.000788880004569	0	0	7.13918556171e-06	0	0.000153492489577	0	0.000157062082358	3.56959278086e-06	0.00012493574733	0.000892398195214	0.000132074932892	0.00493674681592	0	0	0	3.56959278086e-06	4.64047061511e-05	3.56959278086e-06	0.000121366154549	0	0	0	3.56959278086e-06	0.00271289051345	0.000185618824604	0.00151350733908	1.07087783426e-05	0	0	0.000214175566851	0	0	0.000164201267919	0.00012493574733	0.000224884345194	3.56959278086e-05	7.13918556171e-06	0	0	0.000353389685305	0	0.00192401050888	0.000160631675139	0	0	0	0.000360528870866
0.00437989034211	0.00714275515449	0.00928808041579	0	0.000339111314181	2.85567422468e-05	0.000224884345194	0.000592552401622	0.000110657376207	0.000817436746816	0.000556856473813	0.0170483751214	0.00152421611743	0.00614326917585	0.00539008509909	4.28351133703e-05	0.00114226968987	0.00905248729225	0.00229524815809	0.0187118053572	0.0015670512308	0.000592552401622	0.00194542806557	0.00492603803758	0.00136358444229	0.00470115369239	0.113348849163	0.0392191158833	0.00176694842652	0.00902036095722	0.00448340853275	0.00189545376663	8.56702267405e-05	0.000631817922211	0.0122758295734	2.4987149466e-05	0.0115190759038	0.00504740419213	0	0.000139214118453	0	0.000778171226227	0.00157062082358	0.00235950082815	0.000838854303501	0.00138143240619	0.00122080073105	0.000942372494146	0.00526871894454	0.00135644525673	0	6.78222628363e-05	0.00559712148038	0.000796019190131	0.00186689702439	0.000353389685305	0.000778171226227	0.000503312582101	0.00138500199897	0.00189545376663	0.00330901250785	0.010212604946	0.0195363812896	0.00143854589068	0.000199897195728	0.00118510480324	0.000514021360443	4.64047061511e-05	0	0.00101733394254	0.0125078531041	0.0138750071392	0.00731766520075	0.00170269575647	0.000103518190645	1.78479639043e-05	0.00012493574733	0.000753184076761	0.00482251984694	0.00119224398881	0.000178479639043	0.00020703638129	1.42783711234e-05	0.000189188417385
0.000385516020332	0.0271253355417	0.0155348677823	0	1.78479639043e-05	3.21263350277e-05	5.35438917128e-05	0.000232023530756	5.35438917128e-05	0.00344822662631	2.4987149466e-05	0.00137072362785	0.0001677708607	0.00509380889828	0.000685361813924	1.07087783426e-05	0.00454766120281	0.0031697983894	0.000174910046262	0.0025915243589	7.13918556171e-05	0.000246301901879	0.0170697926781	0.00847421326175	0.00296633160089	0.00614326917585	0.0392191158833	0.108515620538	0.00221671711691	0.001417128334	0.00096022045805	0.000517590953224	7.13918556171e-05	0.000721057741733	0.00441201667714	3.92655205894e-05	0.0179978868011	0.00298774915758	0	0.000128505340111	0	0.000310554571934	0.000221314752413	0.000371237649209	0.00134573647838	0.000396224798675	0.000306984979154	0.000264149865783	0.00340182192016	9.63790050831e-05	0	0.00389085613113	0.00104946027757	0.000139214118453	0.000164201267919	0.000246301901879	0.00105659946313	0.0102340225027	0.00831001199383	0.00197398480781	0.00243446227654	0.00280569992575	0.0291885601691	0.0010066251642	5.35438917128e-05	0.000146353304015	0.000264149865783	3.56959278086e-06	0	0.00041764235536	0.0151600605403	0.00989848078131	0.00325546861614	0.002834256668	0.000410503169798	3.21263350277e-05	5.35438917128e-05	0.000717488148952	0.00189545376663	0.000485464618196	9.28094123022e-05	0.000114226968987	2.14175566851e-05	0.000185618824604
0.0016598606431	0.00020703638129	0.00261651150837	0	0.00512593523331	1.42783711234e-05	0.00329473413673	0.0242339653892	0.00149922896796	0.00436918156377	0.0074211833914	0.000285567422468	0.00121723113827	7.13918556171e-06	0.00386229938889	0.000653235478897	0.0030020275287	0.00163130390085	6.06830772745e-05	0.000446199097607	0.00217031241076	0.0063395967788	0.00103518190645	0.00948083842595	0.0175017134045	7.13918556171e-06	0.00176694842652	0.00221671711691	0.0842423896282	0.0106088297447	0.0146567479582	0	0.000514021360443	0.0087811982409	0.0105695642241	0.000381946427552	9.9948597864e-05	0.000221314752413	0	0.00673582157747	0	0.000824575932378	0.00190616254498	0.000563995659375	0.0149994288652	0.00616111713976	0.000114226968987	0.00186689702439	3.56959278086e-06	0.000367668056428	7.13918556171e-06	0.000232023530756	1.78479639043e-05	0	0	0.0019204409161	0.000681792221143	0.000735336112856	0.000489034210977	0.0231773659261	3.56959278086e-06	4.9974298932e-05	0.000478325432635	0.0163130390085	0.00049974298932	0.000599691587184	0	5.71134844937e-05	0	0.000563995659375	0.00434062482152	0.0015848991947	0.00627891370152	0.00243446227654	0.000892398195214	0.000139214118453	0.000146353304015	0.00145996344737	0.000356959278086	0.000628248329431	0.00020703638129	0.00071034896339	9.28094123022e-05	0
0.0177194585642	0.000271289051345	0.00680721343309	0	0.00152064652464	3.56959278086e-05	0.00319121594608	0.0128933691245	0.00312696327603	0.00154563367411	0.00577560111942	0.00737834827803	0.00553286881033	0.000428351133703	0.0327188874293	0.00155991204523	0.000235593123536	0.00435133359986	0.000774601633446	0.00383731223942	0.00683220058256	0.00254511965275	0.000414072762579	0.00403363984237	0.00360528870866	2.85567422468e-05	0.00902036095722	0.001417128334	0.0106088297447	0.0727911359872	0.0268861728254	5.35438917128e-05	0.00461905305843	0.0185297561254	0.032365497744	4.9974298932e-05	0.000149922896796	7.85310411788e-05	0	0.000371237649209	0	0.000956650865269	0.000389085613113	0.00112799131875	0.000953081272488	0.000521160546005	4.64047061511e-05	0.0018276315038	2.4987149466e-05	0.000164201267919	2.4987149466e-05	0	2.14175566851e-05	1.07087783426e-05	7.13918556171e-06	0.00024987149466	0.000189188417385	1.42783711234e-05	0.000110657376207	0.00462976183677	3.56959278086e-05	8.56702267405e-05	0.000228453937975	0.00169912616369	0.000271289051345	9.9948597864e-05	0	9.9948597864e-05	0	0.00128862299389	0.00646096293335	0.00196327602947	0.0157918784625	0.0048475069964	0.0021060597407	0.000903106973556	0.00046047746873	0.000953081272488	0.000385516020332	0.00193114969444	0.0011743960249	0.000910246159118	0.000392655205894	0
0.0120652235993	0.000271289051345	0.00702495859272	0	0.000246301901879	0	7.4961448398e-05	0.00879190701925	0.000949511679708	0.0012672054372	5.71134844937e-05	0.000635387514992	7.85310411788e-05	3.56959278086e-06	0.0105338682963	0.000107087783426	0.000285567422468	0.00703209777829	0.0001677708607	0.00341966988406	2.85567422468e-05	0.0112620652236	0.000492603803758	0.0102304529099	0.00109229539094	7.13918556171e-06	0.00448340853275	0.00096022045805	0.0146567479582	0.0268861728254	0.04832871666	0	0.000314124164715	0.0128076988977	0.0114298360843	0.000128505340111	7.13918556171e-05	7.13918556171e-05	0	0.000260580273002	0	0.000271289051345	0.00137072362785	0.000235593123536	0.00131004055057	0.000239162716317	2.4987149466e-05	0.000360528870866	7.13918556171e-06	9.28094123022e-05	7.13918556171e-06	7.13918556171e-06	1.07087783426e-05	0	0	1.78479639043e-05	0.000317693757496	8.21006339597e-05	0.000110657376207	0.00321263350277	0	7.13918556171e-05	0.000153492489577	0.00196684562225	0.000232023530756	0.000399794391456	0	1.42783711234e-05	0	0.000446199097607	0.00204894625621	0.000671083442801	0.00405505739905	0.00217745159632	0.000178479639043	5.35438917128e-05	9.9948597864e-05	0.000985207607516	0.000260580273002	0.000653235478897	0.000110657376207	0.000303415386373	3.56959278086e-06	0
7.13918556171e-06	3.56959278086e-06	0	0	0	0	1.78479639043e-05	0	0	0	7.13918556171e-06	0.000953081272488	1.07087783426e-05	0.00099948597864	1.42783711234e-05	0	3.56959278086e-06	0	2.14175566851e-05	1.78479639043e-05	0	0	3.56959278086e-06	0	0	7.13918556171e-06	0.00189545376663	0.000517590953224	0	5.35438917128e-05	0	0.00195970643669	0	0	0.000149922896796	0	2.14175566851e-05	7.13918556171e-06	0	0	0	0	0	0	0	0	2.4987149466e-05	0	0.000189188417385	0	0	0	3.56959278086e-06	3.56959278086e-06	3.56959278086e-06	0	0	0	0	0	3.56959278086e-06	3.56959278086e-05	7.4961448398e-05	0	0	0	4.28351133703e-05	0	0	0	4.9974298932e-05	0.000185618824604	0.000153492489577	0	1.07087783426e-05	0	0	0	0.000224884345194	3.56959278086e-06	0	0	0	0
0.000271289051345	2.85567422468e-05	3.56959278086e-06	0	5.35438917128e-05	0.00113156091153	0.0029270660803	0.000356959278086	0.00163844308641	6.42526700554e-05	0.000171340453481	0.000149922896796	0.000278428236907	3.21263350277e-05	0.00516877034668	0.000699640185048	7.85310411788e-05	0	1.42783711234e-05	2.4987149466e-05	0.0001677708607	0.000203466788509	3.92655205894e-05	0.000203466788509	0.000135644525673	0	8.56702267405e-05	7.13918556171e-05	0.000514021360443	0.00461905305843	0.000314124164715	0	0.00933448512194	0.000464047061511	0.00413715803301	3.56959278086e-06	7.13918556171e-06	0	0	1.07087783426e-05	0	1.07087783426e-05	9.28094123022e-05	1.07087783426e-05	4.9974298932e-05	1.42783711234e-05	7.13918556171e-06	1.42783711234e-05	0	7.13918556171e-06	0	0	0	0	3.56959278086e-06	3.56959278086e-06	1.42783711234e-05	1.07087783426e-05	3.56959278086e-06	0.000239162716317	0	0	7.13918556171e-06	0.000157062082358	3.56959278086e-06	1.42783711234e-05	0	3.56959278086e-06	0	1.42783711234e-05	0.0013421668856	0.000196327602947	0.00289850933805	0.00170269575647	0.000257010680222	0.00160988634417	5.71134844937e-05	0.000103518190645	0	0.00029270660803	0.000296276200811	8.21006339597e-05	2.4987149466e-05	0
0.000424781540922	0.000214175566851	0.000142783711234	0	0.000339111314181	0	0.000142783711234	0.00932020675081	8.21006339597e-05	0.0020132503284	0.0022738306014	0.000103518190645	0.000107087783426	7.13918556171e-06	0.00467259695014	0.000196327602947	0.000146353304015	0.00062467873665	7.13918556171e-06	0.000267719458564	0.000396224798675	0.00144925466903	0.000428351133703	0.000556856473813	0.00140641955566	1.07087783426e-05	0.000631817922211	0.000721057741733	0.0087811982409	0.0185297561254	0.0128076988977	0	0.000464047061511	0.0226454966017	0.0148102404478	5.35438917128e-05	3.56959278086e-05	3.56959278086e-06	0	0.000142783711234	0	5.71134844937e-05	0.00012493574733	5.71134844937e-05	0.00139214118453	6.06830772745e-05	3.21263350277e-05	9.9948597864e-05	3.56959278086e-06	5.71134844937e-05	3.56959278086e-06	0	3.56959278086e-06	0	0	1.07087783426e-05	0.00012493574733	3.56959278086e-06	3.21263350277e-05	0.00244517105489	0	3.56959278086e-05	8.21006339597e-05	0.00119938317437	6.06830772745e-05	6.06830772745e-05	0	7.13918556171e-06	0	0.000178479639043	0.00310197612656	0.000785310411788	0.00529727568679	0.00332329087898	0.000246301901879	6.42526700554e-05	8.21006339597e-05	0.000353389685305	4.9974298932e-05	0.000392655205894	0.00020703638129	0.0001677708607	1.42783711234e-05	0
