3050	0	0	0	0	0	74	1920	343	8	462	105	112	15	1667	0	0	0	10	82	166	45	9	0	348	0	5	0	669	685	753	0	0	24	361	0	0	0	0	0	0	0	0	0	9	0	0	0	0	0	0	0	0	0	0	0	0	9	4	1	0	0	0	1	0	0	0	0	0	4	44	11	368	72	3	0	0	0	0	12	8	5	4	0
0	1391	117	0	67	0	0	0	0	185	0	0	10	0	0	0	9	23	0	0	2	0	554	62	407	60	117	855	0	0	0	0	0	0	0	0	635	1	0	0	2	0	0	0	36	0	0	0	0	0	3	0	253	0	30	0	0	36	30	29	0	16	313	0	0	0	0	0	0	1	16	0	0	0	0	0	0	39	0	21	12	3	0	0
0	117	3393	0	3	0	0	0	0	0	0	0	0	0	0	0	0	133	0	0	1	0	52	926	50	0	1201	2252	0	0	0	0	0	0	0	0	200	0	0	0	0	0	0	0	0	0	0	0	0	0	0	0	14	0	61	0	0	0	0	0	0	124	85	0	0	0	0	0	0	0	10	0	1	4	0	0	0	0	0	0	0	0	0	0
0	0	0	0	0	0	0	0	0	0	0	0	0	0	0	0	0	0	0	0	0	0	0	0	0	0	0	0	0	0	0	0	0	0	0	0	0	0	0	0	0	0	0	0	0	0	0	0	0	0	0	0	0	0	0	0	0	0	0	0	0	0	0	0	0	0	0	0	0	0	0	0	0	0	0	0	0	0	0	0	0	0	0	0
0	67	3	0	1375	0	63	113	12	467	51	0	205	0	0	133	0	0	0	0	192	0	72	0	568	12	3	34	386	0	0	0	0	0	0	0	0	0	0	469	0	0	0	2	220	7	2	85	1	2	12	0	0	0	0	184	0	0	0	480	0	0	0	157	2	0	0	0	0	12	3	0	1	2	126	0	0	1	0	10	3	4	1	0
0	0	0	0	0	5	0	0	0	0	0	0	0	0	0	1	0	0	0	0	0	0	0	0	0	0	0	0	0	0	0	0	0	0	0	0	0	0	0	0	0	0	0	0	0	0	0	0	0	0	0	0	0	0	0	0	0	0	0	0	0	0	0	0	0	0	0	0	0	0	0	0	0	0	4	0	0	0	0	0	0	0	0	0
74	0	0	0	63	0	2181	460	928	76	989	22	201	4	184	183	0	0	0	24	92	0	0	0	70	0	1	0	168	62	0	0	23	0	62	0	21	0	0	0	0	0	0	0	0	0	0	0	0	0	0	0	7	0	22	0	0	0	0	0	0	20	0	0	0	0	0	0	0	2	151	0	186	42	251	30	0	0	0	0	0	0	0	0
1920	0	0	0	113	0	460	9576	906	287	2244	198	26	11	2326	4	0	3	7	199	53	685	2	152	647	0	1	3	4075	1012	1604	0	2	66	480	0	0	0	0	653	0	13	0	1	193	163	3	159	0	1	12	3	0	0	1	328	0	3	94	1005	0	1	4	546	3	0	0	0	0	23	303	5	630	241	22	0	0	36	0	126	113	95	13	4
343	0	0	0	12	0	928	906	2722	16	1339	35	181	77	1165	24	0	11	51	32	206	0	0	0	2	0	36	0	343	155	0	0	0	0	409	0	4	0	0	0	0	0	0	0	0	0	0	0	0	0	0	0	2	0	7	0	0	0	0	0	0	7	0	0	0	0	0	0	0	0	138	18	600	229	63	0	0	0	0	0	0	0	0	0
8	185	0	0	467	0	76	287	16	2682	66	9	212	1	10	266	3	19	0	3	55	0	525	5	1406	37	10	49	861	4	0	0	1	3	0	0	20	0	0	152	0	3	0	0	929	0	0	79	0	0	3	0	17	0	23	59	0	48	0	818	0	15	0	300	0	0	0	0	0	179	548	188	8	0	251	0	0	161	5	132	93	38	21	2
462	0	0	0	51	0	989	2244	1339	66	4557	340	300	42	709	0	0	1	21	339	645	0	0	0	7	0	9	0	605	169	0	0	2	0	881	0	0	0	0	251	0	11	0	1	48	76	0	82	0	1	8	0	0	0	1	203	0	0	0	292	0	1	0	183	0	0	0	0	0	2	249	16	959	169	77	0	0	14	0	2	0	9	0	2
105	0	0	0	0	0	22	198	35	9	340	1919	17	209	115	0	0	23	158	803	102	0	0	3	4	3	284	0	9	409	0	1	1	0	907	0	7	0	0	0	0	0	0	0	0	0	0	0	1	0	0	0	10	0	7	0	0	0	0	0	0	3	0	0	0	0	0	0	0	0	134	238	1104	61	0	0	25	5	3	0	0	0	0	0
112	10	0	0	205	0	201	26	181	212	300	17	1897	19	1	196	0	0	4	17	494	0	22	0	211	0	0	7	74	3	0	0	0	0	150	0	0	0	0	344	0	268	0	140	1	1	9	561	2	83	47	0	0	0	0	494	0	0	0	10	4	0	0	13	3	0	0	0	0	61	22	3	157	45	141	0	0	16	2	45	14	8	1	31
15	0	0	0	0	0	4	11	77	1	42	209	19	1403	66	0	0	0	0	0	26	0	0	0	2	474	195	26	5	101	0	22	1	0	129	0	29	0	0	0	0	0	0	0	0	0	33	0	504	0	0	0	0	19	0	0	0	0	0	0	37	135	107	0	0	0	1	0	0	2	9	379	323	152	0	0	64	0	86	0	0	0	2	17
1667	0	0	0	0	0	184	2326	1165	10	709	115	1	66	4046	0	0	12	95	33	23	75	10	10	264	0	72	2	834	555	600	1	0	0	384	0	4	0	0	0	0	0	0	0	8	0	0	0	0	0	0	2	2	0	7	0	0	11	54	1	0	7	3	1	0	0	0	0	0	3	86	34	553	222	11	0	0	0	0	73	69	53	4	0
0	0	0	0	133	1	183	4	24	266	0	0	196	0	0	511	0	0	0	0	5	0	0	0	258	0	0	0	21	0	0	0	0	0	0	0	0	0	0	0	0	0	0	0	0	0	0	0	0	0	0	0	0	0	0	0	0	0	0	0	0	0	0	0	0	0	0	0	0	0	2	0	0	0	336	2	0	0	0	0	0	0	0	0
0	9	0	0	0	0	0	0	0	3	0	0	0	0	0	0	2363	0	0	0	0	48	1381	250	516	0	0	508	7	0	0	0	0	0	0	0	0	0	0	0	0	0	0	0	8	0	0	0	0	0	0	874	0	0	0	0	64	1364	896	5	0	0	500	33	0	0	0	0	0	1	390	95	1	0	0	0	0	104	0	1	1	0	0	0
0	23	133	0	0	0	0	3	11	19	1	23	0	0	12	0	0	2005	5	386	0	4	1	588	5	0	580	19	7	0	35	0	0	0	462	0	330	0	0	0	0	0	0	0	7	0	0	0	0	0	0	0	282	71	449	0	0	6	0	0	2	375	40	0	0	0	0	0	0	3	272	116	426	17	0	0	0	10	0	1	1	1	1	0
10	0	0	0	0	0	0	7	51	0	21	158	4	0	95	0	0	5	406	72	11	0	0	0	0	0	111	6	0	95	0	6	0	0	117	0	3	0	0	0	0	0	0	0	0	0	0	0	0	0	0	0	3	7	2	0	0	0	0	0	0	2	0	0	0	0	0	0	0	0	32	56	173	15	0	0	0	1	0	0	0	0	0	0
82	0	0	0	0	0	24	199	32	3	339	803	17	0	33	0	0	386	72	1700	97	1	0	3	2	0	288	3	7	25	7	3	0	0	792	0	13	0	0	0	0	0	0	0	0	0	0	0	0	0	0	0	28	48	41	0	0	0	0	0	0	24	0	0	0	0	0	0	0	2	304	40	1038	73	0	0	0	15	0	0	0	0	0	0
166	2	1	0	192	0	92	53	206	55	645	102	494	26	23	5	0	0	11	97	1248	0	11	0	66	0	7	1	11	12	0	0	0	0	256	0	0	0	0	35	0	0	0	0	18	0	0	13	0	0	1	0	0	0	0	16	0	0	0	33	0	0	0	9	0	0	0	0	0	0	88	10	268	59	27	0	0	0	0	0	0	1	0	0
45	0	0	0	0	0	0	685	0	0	0	0	0	0	75	0	48	4	0	1	0	3212	0	938	35	0	1	1	1091	0	1381	0	0	0	329	0	9	0	0	0	0	0	0	0	0	0	0	0	0	0	0	0	7	0	7	0	0	0	10	0	0	2	2	0	0	0	0	0	0	0	350	0	153	42	0	0	0	0	0	10	10	9	0	0
9	554	52	0	72	0	0	2	0	525	0	0	22	0	10	0	1381	1	0	0	11	0	4292	151	1358	56	52	1559	254	1	2	0	0	1	0	0	124	4	0	0	1	0	0	0	138	0	0	0	0	0	1	1274	19	0	0	0	94	2189	980	78	0	0	854	47	1	0	0	0	1	86	28	20	0	1	0	0	0	38	0	160	79	30	20	0
0	62	926	0	0	0	0	152	0	5	0	3	0	0	10	0	250	588	0	3	0	938	151	7015	12	0	414	1275	183	0	585	0	0	0	192	0	422	0	0	0	0	0	0	0	8	0	0	0	0	0	0	123	491	0	327	0	0	314	219	0	0	71	146	0	0	0	0	0	0	81	1894	376	22	16	0	0	0	83	0	72	73	3	0	0
348	407	50	0	568	0	70	647	2	1406	7	4	211	2	264	258	516	5	0	2	66	35	1358	12	4933	54	52	295	2475	272	20	0	0	7	1	0	1	0	0	195	0	3	0	0	493	9	3	7	0	0	4	178	1	0	2	13	101	416	135	1016	0	1	0	486	2	0	0	0	1	135	716	63	26	14	243	0	0	181	1	162	45	35	30	0
0	60	0	0	12	0	0	0	0	37	0	3	0	474	0	0	0	0	0	0	0	0	56	0	54	782	160	189	0	1	0	94	0	0	1	0	33	0	0	0	0	0	0	0	0	0	21	0	342	0	0	0	0	39	0	0	0	0	0	0	56	87	97	0	0	0	0	0	0	0	0	7	12	0	0	0	34	0	3	0	0	0	0	13
5	117	1201	0	3	0	1	1	36	10	9	284	0	195	72	0	0	580	111	288	7	1	52	414	52	160	5797	1628	2	61	3	363	0	0	85	0	1362	0	0	0	0	0	0	0	0	0	0	0	311	0	0	0	15	690	617	0	0	0	0	0	349	1659	669	0	0	0	2	0	0	1	188	276	257	56	0	0	0	3	5	0	0	0	0	0
0	855	2252	0	34	0	0	3	0	49	0	0	7	26	2	0	508	19	6	3	1	1	1559	1275	295	189	1628	7961	0	0	3	152	0	0	0	0	1200	5	0	0	0	0	0	0	0	0	0	0	60	0	0	304	233	213	194	0	0	888	430	0	211	555	1300	0	0	0	0	0	0	22	200	2	0	1	0	0	0	46	0	219	198	15	0	0
669	0	0	0	386	0	168	4075	343	861	605	9	74	5	834	21	7	7	0	7	11	1091	254	183	2475	0	2	0	8013	388	596	0	0	11	71	0	1	0	0	518	0	1	0	0	625	93	5	76	0	0	7	80	1	0	2	140	43	270	23	1391	0	1	0	770	5	0	0	0	1	82	802	24	258	140	50	0	0	117	0	116	37	26	10	0
685	0	0	0	0	0	62	1012	155	4	169	409	3	101	555	0	0	0	95	25	12	0	1	0	272	1	61	0	388	2896	127	1	21	164	679	0	0	0	0	0	0	0	0	0	4	0	0	0	0	0	0	0	0	0	0	0	0	1	0	0	0	0	0	0	0	0	0	0	0	0	34	54	665	29	0	0	15	0	0	3	3	1	3	0
753	0	0	0	0	0	0	1604	0	0	0	0	0	0	600	0	0	35	0	7	0	1381	2	585	20	0	3	3	596	127	4342	0	0	9	441	0	0	0	0	0	0	0	0	0	0	0	0	0	0	0	0	3	0	0	0	0	0	3	99	0	0	0	4	0	0	0	0	0	0	0	213	0	642	129	0	0	0	0	0	111	111	87	8	0
0	0	0	0	0	0	0	0	0	0	0	1	0	22	1	0	0	0	6	3	0	0	0	0	0	94	363	152	0	1	0	363	0	0	1	0	85	0	0	0	0	0	0	0	0	0	0	0	145	0	0	0	0	173	0	0	0	0	0	0	51	150	68	0	0	0	0	0	0	0	1	2	1	0	0	0	0	0	0	0	0	0	0	0
0	0	0	0	0	0	23	2	0	1	2	1	0	1	0	0	0	0	0	0	0	0	0	0	0	0	0	0	0	21	0	0	133	0	70	0	1	0	0	0	0	0	0	0	0	0	0	0	0	0	0	0	0	0	1	0	0	0	0	0	0	1	0	0	0	0	0	0	0	0	13	1	19	10	9	6	0	0	0	0	0	0	0	0
24	0	0	0	0	0	0	66	0	3	0	0	0	0	0	0	0	0	0	0	0	0	1	0	7	0	0	0	11	164	9	0	0	168	22	0	0	0	0	0	0	0	0	0	3	0	0	0	0	0	0	0	0	0	0	0	0	1	0	0	0	0	0	0	0	0	0	0	0	0	0	0	16	0	0	0	0	0	0	3	3	1	3	0
361	0	0	0	0	0	62	480	409	0	881	907	150	129	384	0	0	462	117	792	256	329	0	192	1	1	85	0	71	679	441	1	70	22	3346	0	28	0	0	1	0	0	0	0	0	0	0	0	0	0	0	0	28	0	24	1	0	0	0	1	0	3	0	1	0	0	0	0	0	0	45	72	2268	145	0	16	16	0	0	0	0	0	0	0
0	0	0	0	0	0	0	0	0	0	0	0	0	0	0	0	0	0	0	0	0	0	0	0	0	0	0	0	0	0	0	0	0	0	0	3471	0	16	0	0	0	0	1265	378	0	0	0	0	0	1826	0	41	86	0	0	0	306	0	507	559	0	2	0	975	1088	1566	0	0	30	1	0	0	0	0	0	0	0	0	0	0	0	0	0	0
0	635	200	0	0	0	21	0	4	20	0	7	0	29	4	0	0	330	3	13	0	9	124	422	1	33	1362	1200	1	0	0	85	1	0	28	0	4766	1	0	0	21	2	0	0	603	0	3	0	280	0	43	72	831	377	934	0	0	1058	45	754	855	1605	2401	1	0	0	0	0	0	32	404	7	109	115	0	0	0	46	0	31	20	35	0	12
0	1	0	0	0	0	0	0	0	0	0	0	0	0	0	0	0	0	0	0	0	0	4	0	0	0	0	5	0	0	0	0	0	0	0	16	1	3547	0	0	0	0	48	66	0	0	0	0	0	39	0	0	520	0	1	0	144	2	2077	0	0	527	1841	36	0	3	0	0	0	0	0	0	0	0	0	0	0	0	0	0	0	0	0	0
0	0	0	0	0	0	0	0	0	0	0	0	0	0	0	0	0	0	0	0	0	0	0	0	0	0	0	0	0	0	0	0	0	0	0	0	0	0	0	0	0	0	0	0	0	0	0	0	0	0	0	0	0	0	0	0	0	0	0	0	0	0	0	0	0	0	0	0	0	0	0	0	0	0	0	0	0	0	0	0	0	0	0	0
0	0	0	0	469	0	0	653	0	152	251	0	344	0	0	0	0	0	0	0	35	0	0	0	195	0	0	0	518	0	0	0	0	0	1	0	0	0	0	2969	0	364	37	258	153	186	79	1276	30	164	48	0	0	16	3	1541	0	0	0	1994	2	4	0	1043	277	0	0	0	0	286	13	0	1	7	5	0	0	29	4	156	26	26	21	26
0	2	0	0	0	0	0	0	0	0	0	0	0	0	0	0	0	0	0	0	0	0	1	0	0	0	0	0	0	0	0	0	0	0	0	0	21	0	0	0	291	57	0	71	88	0	0	0	1	0	177	0	0	0	0	0	0	37	0	45	1	0	16	0	0	0	0	73	0	2	0	0	0	0	0	0	0	0	0	0	0	41	0	0
0	0	0	0	0	0	0	13	0	3	11	0	268	0	0	0	0	0	0	0	0	0	0	0	3	0	0	0	1	0	0	0	0	0	0	0	2	0	0	364	57	3138	195	1541	8	660	47	2126	17	377	448	0	0	8	17	1627	0	5	0	257	8	9	2	605	46	0	0	54	0	239	27	4	0	0	0	0	0	158	20	185	26	282	6	79
0	0	0	0	0	0	0	0	0	0	0	0	0	0	0	0	0	0	0	0	0	0	0	0	0	0	0	0	0	0	0	0	0	0	0	1265	0	48	0	37	0	195	4397	910	0	410	0	524	0	632	0	0	0	0	0	195	245	0	252	584	0	0	0	1981	170	532	0	0	0	0	0	0	0	0	0	0	0	0	0	0	0	0	0	0
0	0	0	0	2	0	0	1	0	0	1	0	140	0	0	0	0	0	0	0	0	0	0	0	0	0	0	0	0	0	0	0	0	0	0	378	0	66	0	258	71	1541	910	5491	0	888	120	2000	51	2547	421	0	5	6	0	1492	234	0	308	931	73	2	0	1076	289	216	0	287	14	439	1	0	0	0	0	0	0	152	4	165	3	314	282	126
9	36	0	0	220	0	0	193	0	929	48	0	1	0	8	0	8	7	0	0	18	0	138	8	493	0	0	0	625	4	0	0	0	3	0	0	603	0	0	153	88	8	0	0	2709	0	0	219	89	0	318	0	1	2	9	69	0	1237	0	1636	204	9	402	182	11	8	0	0	14	216	342	120	0	0	2	0	0	156	0	300	139	296	77	0
0	0	0	0	7	0	0	163	0	0	76	0	1	0	0	0	0	0	0	0	0	0	0	0	9	0	0	0	93	0	0	0	0	0	0	0	0	0	0	186	0	660	410	888	0	2279	65	1430	29	230	49	0	0	15	1	1225	0	0	0	736	0	4	0	1212	111	0	0	0	0	99	6	0	0	5	2	0	0	7	2	40	6	6	5	5
0	0	0	0	2	0	0	3	0	0	0	0	9	33	0	0	0	0	0	0	0	0	0	0	3	21	0	0	5	0	0	0	0	0	0	0	3	0	0	79	0	47	0	120	0	65	2849	348	569	361	80	0	1	982	204	287	0	0	1	204	43	134	0	144	692	1	21	57	1	1487	15	29	0	0	0	0	1	293	312	527	150	5	90	72
0	0	0	0	85	0	0	159	0	79	82	0	561	0	0	0	0	0	0	0	13	0	0	0	7	0	0	0	76	0	0	0	0	0	0	0	0	0	0	1276	0	2126	524	2000	219	1430	348	5276	84	674	449	0	0	182	50	3669	0	0	0	1695	5	11	0	1184	509	0	0	0	0	636	27	2	0	2	5	0	0	92	14	298	48	124	21	79
0	0	0	0	1	0	0	0	0	0	0	1	2	504	0	0	0	0	0	0	0	0	0	0	0	342	311	60	0	0	0	145	0	0	0	0	280	0	0	30	1	17	0	51	89	29	569	84	2003	85	25	0	0	32	0	60	0	89	0	150	361	392	366	49	128	0	28	10	1	323	0	52	0	0	0	0	1	0	119	58	0	5	41	62
0	0	0	0	2	0	0	1	0	0	1	0	83	0	0	0	0	0	0	0	0	0	0	0	0	0	0	0	0	0	0	0	0	0	0	1826	0	39	0	164	0	377	632	2547	0	230	361	674	85	5715	240	27	61	75	4	590	385	0	566	1195	68	7	0	1878	1838	1101	0	185	408	933	1	0	0	0	0	0	0	139	3	156	0	212	214	126
0	3	0	0	12	0	0	12	0	3	8	0	47	0	0	0	0	0	0	0	1	0	1	0	4	0	0	0	7	0	0	0	0	0	0	0	43	0	0	48	177	448	0	421	318	49	80	449	25	240	1134	0	0	39	0	317	0	79	0	170	8	2	30	2	73	0	0	0	0	101	24	0	0	0	2	0	0	60	0	25	3	383	0	8
0	0	0	0	0	0	0	3	0	0	0	0	0	0	2	0	874	0	0	0	0	0	1274	123	178	0	0	304	80	0	3	0	0	0	0	41	72	0	0	0	0	0	0	0	0	0	0	0	0	27	0	2716	5	0	7	0	174	1803	1156	294	0	0	585	162	74	76	0	0	42	85	4	8	0	0	0	0	0	344	1	192	92	55	18	0
0	253	14	0	0	0	7	0	2	17	0	10	0	0	2	0	0	282	3	28	0	7	19	491	1	0	15	233	1	0	0	0	0	0	28	86	831	520	0	0	0	0	0	5	1	0	1	0	0	61	0	5	3258	1	864	0	187	32	1155	0	0	681	786	0	170	178	0	0	11	387	512	60	71	79	0	0	0	51	0	11	14	0	1	0
0	0	0	0	0	0	0	0	0	0	0	0	0	19	0	0	0	71	7	48	0	0	0	0	0	39	690	213	0	0	0	173	0	0	0	0	377	0	0	16	0	8	0	6	2	15	982	182	32	75	39	0	1	2212	624	167	0	2	1	44	295	486	114	28	334	0	0	2	0	583	13	29	0	0	0	0	0	383	214	284	162	8	0	0
0	30	61	0	0	0	22	1	7	23	1	7	0	0	7	0	0	449	2	41	0	7	0	327	2	0	617	194	2	0	0	0	1	0	24	0	934	1	0	3	0	17	0	0	9	1	204	50	0	4	0	7	864	624	3377	50	12	17	33	12	218	1768	239	1	101	0	0	0	0	820	516	151	110	117	0	0	0	358	162	126	140	18	7	3
0	0	0	0	184	0	0	328	0	59	203	0	494	0	0	0	0	0	0	0	16	0	0	0	13	0	0	0	140	0	0	0	0	0	1	0	0	0	0	1541	0	1627	195	1492	69	1225	287	3669	60	590	317	0	0	167	50	4329	0	0	0	1384	4	7	0	1211	421	0	0	0	0	544	21	2	1	6	5	0	0	65	13	265	41	63	17	70
0	0	0	0	0	0	0	0	0	0	0	0	0	0	0	0	64	0	0	0	0	0	94	0	101	0	0	0	43	0	0	0	0	0	0	306	0	144	0	0	0	0	245	234	0	0	0	0	0	385	0	174	187	0	12	0	3622	138	2340	44	0	25	0	620	314	767	0	0	79	793	0	0	0	0	0	0	0	96	0	535	143	79	43	0
9	36	0	0	0	0	0	3	0	48	0	0	0	0	11	0	1364	6	0	0	0	0	2189	314	416	0	0	888	270	1	3	0	0	1	0	0	1058	2	0	0	37	5	0	0	1237	0	0	0	89	0	79	1803	32	2	17	0	138	5226	1416	1205	207	8	2024	102	16	8	0	0	19	191	197	144	0	2	0	0	0	227	4	392	222	115	64	0
4	30	0	0	0	0	0	94	0	0	0	0	0	0	54	0	896	0	0	0	0	10	980	219	135	0	0	430	23	0	99	0	0	0	0	507	45	2077	0	0	0	0	252	308	0	0	1	0	0	566	0	1156	1155	1	33	0	2340	1416	9310	0	0	265	1909	259	325	431	0	0	42	949	19	15	0	27	0	0	0	757	4	1592	989	468	370	0
1	29	0	0	480	0	0	1005	0	818	292	0	10	0	1	0	5	0	0	0	33	0	78	0	1016	0	0	0	1391	0	0	0	0	0	1	559	754	0	0	1994	45	257	584	931	1636	736	204	1695	150	1195	170	294	0	44	12	1384	44	1205	0	8745	182	10	530	3641	1953	832	0	0	1017	1774	139	5	1	11	7	0	0	91	15	782	232	237	111	28
0	0	0	0	0	0	0	0	0	0	0	0	4	37	0	0	0	2	0	0	0	0	0	0	0	56	349	211	0	0	0	51	0	0	0	0	855	0	0	2	1	8	0	73	204	0	43	5	361	68	8	0	0	295	218	4	0	207	0	182	1160	320	394	0	5	0	0	21	0	102	0	1	0	0	0	0	1	4	1	78	5	10	84	127
0	16	124	0	0	0	20	1	7	15	1	3	0	135	7	0	0	375	2	24	0	2	0	71	1	87	1659	555	1	0	0	150	1	0	3	2	1605	527	0	4	0	9	0	2	9	4	134	11	392	7	2	0	681	486	1768	7	25	8	265	10	320	7052	3437	7	21	2	1	1	0	269	339	139	71	88	0	0	0	187	175	65	48	10	6	1
0	313	85	0	0	0	0	4	0	0	0	0	0	107	3	0	500	40	0	0	0	2	854	146	0	97	669	1300	0	0	4	68	0	0	0	0	2401	1841	0	0	16	2	0	0	402	0	0	0	366	0	30	585	786	114	239	0	0	2024	1909	530	394	3437	9411	1	0	0	1	0	0	12	8	9	0	0	0	0	0	55	0	84	90	75	6	0
1	0	0	0	157	0	0	546	0	300	183	0	13	0	1	0	33	0	0	0	9	0	47	0	486	0	0	0	770	0	0	0	0	0	1	975	1	36	0	1043	0	605	1981	1076	182	1212	144	1184	49	1878	2	162	0	28	1	1211	620	102	259	3641	0	7	1	8264	1664	1360	0	0	878	1306	3	0	1	8	0	0	0	53	8	454	107	49	41	9
0	0	0	0	2	0	0	3	0	0	0	0	3	0	0	0	0	0	0	0	0	0	1	0	2	0	0	0	5	0	0	0	0	0	0	1088	0	0	0	277	0	46	170	289	11	111	692	509	128	1838	73	74	170	334	101	421	314	16	325	1953	5	21	0	1664	4870	1585	0	184	1113	2048	4	0	0	0	0	0	0	17	2	71	3	11	37	20
0	0	0	0	0	0	0	0	0	0	0	0	0	0	0	0	0	0	0	0	0	0	0	0	0	0	0	0	0	0	0	0	0	0	0	1566	0	3	0	0	0	0	532	216	8	0	1	0	0	1101	0	76	178	0	0	0	767	8	431	832	0	2	0	1360	1585	3513	0	0	471	393	0	0	0	0	0	0	0	0	0	16	0	0	0	0
0	0	0	0	0	0	0	0	0	0	0	0	0	1	0	0	0	0	0	0	0	0	0	0	0	0	2	0	0	0	0	0	0	0	0	0	0	0	0	0	0	0	0	0	0	0	21	0	28	0	0	0	0	0	0	0	0	0	0	0	0	1	1	0	0	0	31	0	0	0	0	1	0	0	0	0	0	0	16	6	0	0	0	0
0	0	0	0	0	0	0	0	0	0	0	0	0	0	0	0	0	0	0	0	0	0	0	0	0	0	0	0	0	0	0	0	0	0	0	0	0	0	0	0	73	54	0	287	0	0	57	0	10	185	0	0	0	2	0	0	0	0	0	0	21	1	0	0	184	0	0	429	0	179	0	0	0	0	0	0	0	0	0	19	0	0	40	31
0	0	0	0	0	0	0	0	0	0	0	0	0	0	0	0	0	0	0	0	0	0	1	0	1	0	0	0	1	0	0	0	0	0	0	30	0	0	0	0	0	0	0	14	14	0	1	0	1	408	0	42	11	0	0	0	79	19	42	1017	0	0	0	878	1113	471	0	0	1246	880	0	0	0	0	0	0	0	1	0	21	1	0	0	0
4	1	0	0	12	0	2	23	0	179	2	0	61	2	3	0	1	3	0	2	0	0	86	81	135	0	1	22	82	0	0	0	0	0	0	1	32	0	0	286	2	239	0	439	216	99	1487	636	323	933	101	85	387	583	820	544	793	191	949	1774	102	269	12	1306	2048	393	0	179	880	6540	531	154	4	16	14	0	0	244	46	2072	352	221	450	281
44	16	10	0	3	0	151	303	138	548	249	134	22	9	86	2	390	272	32	304	88	350	28	1894	716	0	188	200	802	34	213	1	13	0	45	0	404	0	0	13	0	27	0	1	342	6	15	27	0	1	24	4	512	13	516	21	0	197	19	139	0	339	8	3	4	0	0	0	0	531	7749	1351	428	432	355	7	0	961	23	416	302	77	76	8
11	0	0	0	0	0	0	5	18	188	16	238	3	379	34	0	95	116	56	40	10	0	20	376	63	7	276	2	24	54	0	2	1	0	72	0	7	0	0	0	0	4	0	0	120	0	29	2	52	0	0	8	60	29	151	2	0	144	15	5	1	139	9	0	0	0	1	0	0	154	1351	2187	265	77	0	0	16	334	60	142	115	26	32	10
368	0	1	0	1	0	186	630	600	8	959	1104	157	323	553	0	1	426	173	1038	268	153	0	22	26	12	257	0	258	665	642	1	19	16	2268	0	109	0	0	1	0	0	0	0	0	0	0	0	0	0	0	0	71	0	110	1	0	0	0	1	0	71	0	1	0	0	0	0	0	4	428	265	4286	619	83	3	55	2	0	0	1	0	0	0
72	0	4	0	2	0	42	241	229	0	169	61	45	152	222	0	0	17	15	73	59	42	1	16	14	0	56	1	140	29	129	0	10	0	145	0	115	0	0	7	0	0	0	0	0	5	0	2	0	0	0	0	79	0	117	6	0	2	27	11	0	88	0	8	0	0	0	0	0	16	432	77	619	1105	0	0	0	7	0	41	43	24	2	0
3	0	0	0	126	4	251	22	63	251	77	0	141	0	11	336	0	0	0	0	27	0	0	0	243	0	0	0	50	0	0	0	9	0	0	0	0	0	0	5	0	0	0	0	2	2	0	5	0	0	2	0	0	0	0	5	0	0	0	7	0	0	0	0	0	0	0	0	0	14	355	0	83	0	793	34	0	19	0	19	6	3	5	0
0	0	0	0	0	0	30	0	0	0	0	0	0	0	0	2	0	0	0	0	0	0	0	0	0	0	0	0	0	0	0	0	6	0	16	0	0	0	0	0	0	0	0	0	0	0	0	0	0	0	0	0	0	0	0	0	0	0	0	0	0	0	0	0	0	0	0	0	0	0	7	0	3	0	34	71	0	0	0	0	0	0	0	0
0	0	0	0	0	0	0	0	0	0	0	25	0	64	0	0	0	0	0	0	0	0	0	0	0	34	0	0	0	15	0	0	0	0	16	0	0	0	0	0	0	0	0	0	0	0	1	0	1	0	0	0	0	0	0	0	0	0	0	0	1	0	0	0	0	0	0	0	0	0	0	16	55	0	0	0	95	0	0	0	0	0	0	1
0	39	0	0	1	0	0	36	0	161	14	5	16	0	0	0	104	10	1	15	0	0	38	83	181	0	3	46	117	0	0	0	0	0	0	0	46	0	0	29	0	158	0	152	156	7	293	92	0	139	60	344	51	383	358	65	96	227	757	91	4	187	55	53	17	0	0	0	1	244	961	334	2	7	19	0	0	3461	176	429	305	557	62	33
0	0	0	0	0	0	0	0	0	5	0	3	2	86	0	0	0	0	0	0	0	0	0	0	1	3	5	0	0	0	0	0	0	0	0	0	0	0	0	4	0	20	0	4	0	2	312	14	119	3	0	1	0	214	162	13	0	4	4	15	1	175	0	8	2	0	16	0	0	46	23	60	0	0	0	0	0	176	780	193	47	18	1	19
12	21	0	0	10	0	0	126	0	132	2	0	45	0	73	0	1	1	0	0	0	10	160	72	162	0	0	219	116	3	111	0	0	3	0	0	31	0	0	156	0	185	0	165	300	40	527	298	58	156	25	192	11	284	126	265	535	392	1592	782	78	65	84	454	71	16	6	19	21	2072	416	142	0	41	19	0	0	429	193	4362	2055	824	712	249
8	12	0	0	3	0	0	113	0	93	0	0	14	0	69	0	1	1	0	0	0	10	79	73	45	0	0	198	37	3	111	0	0	3	0	0	20	0	0	26	0	26	0	3	139	6	150	48	0	0	3	92	14	162	140	41	143	222	989	232	5	48	90	107	3	0	0	0	1	352	302	115	1	43	6	0	0	305	47	2055	2219	722	522	26
5	3	0	0	4	0	0	95	0	38	9	0	8	0	53	0	0	1	0	0	1	9	30	3	35	0	0	15	26	1	87	0	0	1	0	0	35	0	0	26	41	282	0	314	296	6	5	124	5	212	383	55	0	8	18	63	79	115	468	237	10	10	75	49	11	0	0	0	0	221	77	26	0	24	3	0	0	557	18	824	722	1764	168	25
4	0	0	0	1	0	0	13	0	21	0	0	1	2	4	0	0	1	0	0	0	0	20	0	30	0	0	0	10	3	8	0	0	3	0	0	0	0	0	21	0	6	0	282	77	5	90	21	41	214	0	18	1	0	7	17	43	64	370	111	84	6	6	41	37	0	0	40	0	450	76	32	0	2	5	0	0	62	1	712	522	168	1017	119
0	0	0	0	0	0	0	4	0	2	2	0	31	17	0	0	0	0	0	0	0	0	0	0	0	13	0	0	0	0	0	0	0	0	0	0	12	0	0	26	0	79	0	126	0	5	72	79	62	126	8	0	0	0	3	70	0	0	0	28	127	1	0	9	20	0	0	31	0	281	8	10	0	0	0	0	1	33	19	249	26	25	119	338
