0.0311876885321	0	0	0	0	0	0.000756684902091	0.0196329055678	0.00350733677591	8.1803773199e-05	0.00472416790224	0.00107367452324	0.00114525282479	0.000153382074748	0.0170458612403	0	0	0	0.000102254716499	0.00083848867529	0.00169742829388	0.000460146224245	9.20292448489e-05	0	0.00355846413416	0	5.11273582494e-05	0	0.00684084053377	0.00700444808017	0.00769978015236	0	0	0.000245411319597	0.00369139526561	0	0	0	0	0	0	0	0	0	9.20292448489e-05	0	0	0	0	0	0	0	0	0	0	0	0	9.20292448489e-05	4.09018865995e-05	1.02254716499e-05	0	0	0	1.02254716499e-05	0	0	0	0	0	4.09018865995e-05	0.000449920752595	0.000112480188149	0.00376297356716	0.000736233958791	3.06764149496e-05	0	0	0	0	0.000122705659799	8.1803773199e-05	5.11273582494e-05	4.09018865995e-05	0
0	0.014223631065	0.00119638018304	0	0.000685106600542	0	0	0	0	0.00189171225523	0	0	0.000102254716499	0	0	0	9.20292448489e-05	0.000235185847947	0	0	2.04509432998e-05	0	0.00566491129403	0.000633979242293	0.0041617669615	0.000613528298993	0.00119638018304	0.00874277826065	0	0	0	0	0	0	0	0	0.00649317449767	1.02254716499e-05	0	0	2.04509432998e-05	0	0	0	0.000368116979396	0	0	0	0	0	3.06764149496e-05	0	0.00258704432742	0	0.000306764149496	0	0	0.000368116979396	0.000306764149496	0.000296538677847	0	0.000163607546398	0.00320057262641	0	0	0	0	0	0	1.02254716499e-05	0.000163607546398	0	0	0	0	0	0	0.000398793394345	0	0.000214734904647	0.000122705659799	3.06764149496e-05	0	0
0	0.00119638018304	0.034695025308	0	3.06764149496e-05	0	0	0	0	0	0	0	0	0	0	0	0	0.00135998772943	0	0	1.02254716499e-05	0	0.000531724525794	0.00946878674779	0.000511273582494	0	0.0122807914515	0.0230277621555	0	0	0	0	0	0	0	0	0.00204509432998	0	0	0	0	0	0	0	0	0	0	0	0	0	0	0	0.000143156603098	0	0.000623753770643	0	0	0	0	0	0	0.00126795848459	0.00086916509024	0	0	0	0	0	0	0	0.000102254716499	0	1.02254716499e-05	4.09018865995e-05	0	0	0	0	0	0	0	0	0	0
0	0	0	0	0	0	0	0	0	0	0	0	0	0	0	0	0	0	0	0	0	0	0	0	0	0	0	0	0	0	0	0	0	0	0	0	0	0	0	0	0	0	0	0	0	0	0	0	0	0	0	0	0	0	0	0	0	0	0	0	0	0	0	0	0	0	0	0	0	0	0	0	0	0	0	0	0	0	0	0	0	0	0	0
0	0.000685106600542	3.06764149496e-05	0	0.0140600235186	0	0.000644204713942	0.00115547829644	0.000122705659799	0.00477529526049	0.000521499054144	0	0.00209622168823	0	0	0.00135998772943	0	0	0	0	0.00196329055678	0	0.000736233958791	0	0.00580806789713	0.000122705659799	3.06764149496e-05	0.000347666036096	0.00394703205685	0	0	0	0	0	0	0	0	0	0	0.00479574620379	0	0	0	2.04509432998e-05	0.00224960376297	7.15783015492e-05	2.04509432998e-05	0.00086916509024	1.02254716499e-05	2.04509432998e-05	0.000122705659799	0	0	0	0	0.00188148678358	0	0	0	0.00490822639194	0	0	0	0.00160539904903	2.04509432998e-05	0	0	0	0	0.000122705659799	3.06764149496e-05	0	1.02254716499e-05	2.04509432998e-05	0.00128840942788	0	0	1.02254716499e-05	0	0.000102254716499	3.06764149496e-05	4.09018865995e-05	1.02254716499e-05	0
0	0	0	0	0	5.11273582494e-05	0	0	0	0	0	0	0	0	0	1.02254716499e-05	0	0	0	0	0	0	0	0	0	0	0	0	0	0	0	0	0	0	0	0	0	0	0	0	0	0	0	0	0	0	0	0	0	0	0	0	0	0	0	0	0	0	0	0	0	0	0	0	0	0	0	0	0	0	0	0	0	0	4.09018865995e-05	0	0	0	0	0	0	0	0	0
0.000756684902091	0	0	0	0.000644204713942	0	0.0223017536684	0.00470371695894	0.00948923769109	0.000777135845391	0.0101129914617	0.000224960376297	0.00205531980163	4.09018865995e-05	0.00188148678358	0.00187126131193	0	0	0	0.000245411319597	0.000940743391789	0	0	0	0.000715783015492	0	1.02254716499e-05	0	0.00171787923718	0.000633979242293	0	0	0.000235185847947	0	0.000633979242293	0	0.000214734904647	0	0	0	0	0	0	0	0	0	0	0	0	0	0	0	7.15783015492e-05	0	0.000224960376297	0	0	0	0	0	0	0.000204509432998	0	0	0	0	0	0	0	2.04509432998e-05	0.00154404621913	0	0.00190193772688	0.000429469809295	0.00256659338412	0.000306764149496	0	0	0	0	0	0	0	0
0.0196329055678	0	0	0	0.00115547829644	0	0.00470371695894	0.0979191165192	0.00926427731479	0.00293471036352	0.0229459583823	0.00202464338668	0.000265862262897	0.000112480188149	0.0237844470576	4.09018865995e-05	0	3.06764149496e-05	7.15783015492e-05	0.00203486885833	0.000541949997444	0.00700444808017	2.04509432998e-05	0.00155427169078	0.00661588015747	0	1.02254716499e-05	3.06764149496e-05	0.0416687969733	0.0103481773097	0.0164016565264	0	2.04509432998e-05	0.000674881128892	0.00490822639194	0	0	0	0	0.00667723298737	0	0.000132931131448	0	1.02254716499e-05	0.00197351602843	0.00166675187893	3.06764149496e-05	0.00162584999233	0	1.02254716499e-05	0.000122705659799	3.06764149496e-05	0	0	1.02254716499e-05	0.00335395470116	0	3.06764149496e-05	0.000961194335089	0.0102765990081	0	1.02254716499e-05	4.09018865995e-05	0.00558310752083	3.06764149496e-05	0	0	0	0	0.000235185847947	0.00309831790991	5.11273582494e-05	0.00644204713942	0.00246433866762	0.000224960376297	0	0	0.000368116979396	0	0.00128840942788	0.00115547829644	0.000971419806739	0.000132931131448	4.09018865995e-05
0.00350733677591	0	0	0	0.000122705659799	0	0.00948923769109	0.00926427731479	0.027833733831	0.000163607546398	0.0136919065392	0.000357891507746	0.00185081036863	0.000787361317041	0.0119126744721	0.000245411319597	0	0.000112480188149	0.000521499054144	0.000327215092796	0.00210644715988	0	0	0	2.04509432998e-05	0	0.000368116979396	0	0.00350733677591	0.00158494810573	0	0	0	0	0.0041822179048	0	4.09018865995e-05	0	0	0	0	0	0	0	0	0	0	0	0	0	0	0	2.04509432998e-05	0	7.15783015492e-05	0	0	0	0	0	0	7.15783015492e-05	0	0	0	0	0	0	0	0	0.00141111508768	0.000184058489698	0.00613528298993	0.00234163300782	0.000644204713942	0	0	0	0	0	0	0	0	0
8.1803773199e-05	0.00189171225523	0	0	0.00477529526049	0	0.000777135845391	0.00293471036352	0.000163607546398	0.027424714965	0.000674881128892	9.20292448489e-05	0.00216779998977	1.02254716499e-05	0.000102254716499	0.00271997545887	3.06764149496e-05	0.000194283961348	0	3.06764149496e-05	0.000562400940743	0	0.00536837261619	5.11273582494e-05	0.0143770131397	0.000378342451046	0.000102254716499	0.000501048110844	0.00880413109055	4.09018865995e-05	0	0	1.02254716499e-05	3.06764149496e-05	0	0	0.000204509432998	0	0	0.00155427169078	0	3.06764149496e-05	0	0	0.00949946316274	0	0	0.000807812260341	0	0	3.06764149496e-05	0	0.000173833018048	0	0.000235185847947	0.000603302827343	0	0.000490822639194	0	0.0083644358096	0	0.000153382074748	0	0.00306764149496	0	0	0	0	0	0.00183035942533	0.00560355846413	0.00192238867018	8.1803773199e-05	0	0.00256659338412	0	0	0.00164630093563	5.11273582494e-05	0.00134976225778	0.000950968863439	0.000388567922695	0.000214734904647	2.04509432998e-05
0.00472416790224	0	0	0	0.000521499054144	0	0.0101129914617	0.0229459583823	0.0136919065392	0.000674881128892	0.0465974743085	0.00347666036096	0.00306764149496	0.000429469809295	0.00724985939976	0	0	1.02254716499e-05	0.000214734904647	0.00346643488931	0.00659542921417	0	0	0	7.15783015492e-05	0	9.20292448489e-05	0	0.00618641034818	0.00172810470883	0	0	2.04509432998e-05	0	0.00900864052354	0	0	0	0	0.00256659338412	0	0.000112480188149	0	1.02254716499e-05	0.000490822639194	0.000777135845391	0	0.00083848867529	0	1.02254716499e-05	8.1803773199e-05	0	0	0	1.02254716499e-05	0.00207577074493	0	0	0	0.00298583772176	0	1.02254716499e-05	0	0.00187126131193	0	0	0	0	0	2.04509432998e-05	0.00254614244082	0.000163607546398	0.00980622731223	0.00172810470883	0.000787361317041	0	0	0.000143156603098	0	2.04509432998e-05	0	9.20292448489e-05	0	2.04509432998e-05
0.00107367452324	0	0	0	0	0	0.000224960376297	0.00202464338668	0.000357891507746	9.20292448489e-05	0.00347666036096	0.0196226800961	0.000173833018048	0.00213712357482	0.00117592923974	0	0	0.000235185847947	0.00161562452068	0.00821105373485	0.00104299810829	0	0	3.06764149496e-05	4.09018865995e-05	3.06764149496e-05	0.00290403394857	0	9.20292448489e-05	0.0041822179048	0	1.02254716499e-05	1.02254716499e-05	0	0.00927450278644	0	7.15783015492e-05	0	0	0	0	0	0	0	0	0	0	0	1.02254716499e-05	0	0	0	0.000102254716499	0	7.15783015492e-05	0	0	0	0	0	0	3.06764149496e-05	0	0	0	0	0	0	0	0	0.00137021320108	0.00243366225267	0.0112889207015	0.000623753770643	0	0	0.000255636791247	5.11273582494e-05	3.06764149496e-05	0	0	0	0	0
0.00114525282479	0.000102254716499	0	0	0.00209622168823	0	0.00205531980163	0.000265862262897	0.00185081036863	0.00216779998977	0.00306764149496	0.000173833018048	0.0193977197198	0.000194283961348	1.02254716499e-05	0.00200419244338	0	0	4.09018865995e-05	0.000173833018048	0.00505138299504	0	0.000224960376297	0	0.00215757451812	0	0	7.15783015492e-05	0.000756684902091	3.06764149496e-05	0	0	0	0	0.00153382074748	0	0	0	0	0.00351756224756	0	0.00274042640217	0	0.00143156603098	1.02254716499e-05	1.02254716499e-05	9.20292448489e-05	0.00573648959558	2.04509432998e-05	0.00084871414694	0.000480597167544	0	0	0	0	0.00505138299504	0	0	0	0.000102254716499	4.09018865995e-05	0	0	0.000132931131448	3.06764149496e-05	0	0	0	0	0.000623753770643	0.000224960376297	3.06764149496e-05	0.00160539904903	0.000460146224245	0.00144179150263	0	0	0.000163607546398	2.04509432998e-05	0.000460146224245	0.000143156603098	8.1803773199e-05	1.02254716499e-05	0.000316989621146
0.000153382074748	0	0	0	0	0	4.09018865995e-05	0.000112480188149	0.000787361317041	1.02254716499e-05	0.000429469809295	0.00213712357482	0.000194283961348	0.0143463367248	0.000674881128892	0	0	0	0	0	0.000265862262897	0	0	0	2.04509432998e-05	0.00484687356204	0.00199396697173	0.000265862262897	5.11273582494e-05	0.00103277263664	0	0.000224960376297	1.02254716499e-05	0	0.00131908584283	0	0.000296538677847	0	0	0	0	0	0	0	0	0	0.000337440564446	0	0.00515363771154	0	0	0	0	0.000194283961348	0	0	0	0	0	0	0.000378342451046	0.00138043867273	0.00109412546654	0	0	0	1.02254716499e-05	0	0	2.04509432998e-05	9.20292448489e-05	0.0038754537553	0.00330282734291	0.00155427169078	0	0	0.000654430185592	0	0.00087939056189	0	0	0	2.04509432998e-05	0.000173833018048
0.0170458612403	0	0	0	0	0	0.00188148678358	0.0237844470576	0.0119126744721	0.000102254716499	0.00724985939976	0.00117592923974	1.02254716499e-05	0.000674881128892	0.0413722582954	0	0	0.000122705659799	0.000971419806739	0.000337440564446	0.000235185847947	0.000766910373741	0.000102254716499	0.000102254716499	0.00269952451557	0	0.000736233958791	2.04509432998e-05	0.008528043356	0.00567513676568	0.00613528298993	1.02254716499e-05	0	0	0.00392658111355	0	4.09018865995e-05	0	0	0	0	0	0	0	8.1803773199e-05	0	0	0	0	0	0	2.04509432998e-05	2.04509432998e-05	0	7.15783015492e-05	0	0	0.000112480188149	0.000552175469094	1.02254716499e-05	0	7.15783015492e-05	3.06764149496e-05	1.02254716499e-05	0	0	0	0	0	3.06764149496e-05	0.00087939056189	0.000347666036096	0.00565468582238	0.00227005470627	0.000112480188149	0	0	0	0	0.000746459430441	0.000705557543842	0.000541949997444	4.09018865995e-05	0
0	0	0	0	0.00135998772943	1.02254716499e-05	0.00187126131193	4.09018865995e-05	0.000245411319597	0.00271997545887	0	0	0.00200419244338	0	0	0.00522521601309	0	0	0	0	5.11273582494e-05	0	0	0	0.00263817168567	0	0	0	0.000214734904647	0	0	0	0	0	0	0	0	0	0	0	0	0	0	0	0	0	0	0	0	0	0	0	0	0	0	0	0	0	0	0	0	0	0	0	0	0	0	0	0	0	2.04509432998e-05	0	0	0	0.00343575847436	2.04509432998e-05	0	0	0	0	0	0	0	0
0	9.20292448489e-05	0	0	0	0	0	0	0	3.06764149496e-05	0	0	0	0	0	0	0.0241627895087	0	0	0	0	0.000490822639194	0.0141213763485	0.00255636791247	0.00527634337134	0	0	0.00519453959814	7.15783015492e-05	0	0	0	0	0	0	0	0	0	0	0	0	0	0	0	8.1803773199e-05	0	0	0	0	0	0	0.00893706222199	0	0	0	0	0.000654430185592	0.0139475433304	0.00916202259829	5.11273582494e-05	0	0	0.00511273582494	0.000337440564446	0	0	0	0	0	1.02254716499e-05	0.00398793394345	0.000971419806739	1.02254716499e-05	0	0	0	0	0.00106344905159	0	1.02254716499e-05	1.02254716499e-05	0	0	0
0	0.000235185847947	0.00135998772943	0	0	0	0	3.06764149496e-05	0.000112480188149	0.000194283961348	1.02254716499e-05	0.000235185847947	0	0	0.000122705659799	0	0	0.020502070658	5.11273582494e-05	0.00394703205685	0	4.09018865995e-05	1.02254716499e-05	0.00601257733013	5.11273582494e-05	0	0.00593077355693	0.000194283961348	7.15783015492e-05	0	0.000357891507746	0	0	0	0.00472416790224	0	0.00337440564446	0	0	0	0	0	0	0	7.15783015492e-05	0	0	0	0	0	0	0	0.00288358300527	0.000726008487141	0.0045912367708	0	0	6.13528298993e-05	0	0	2.04509432998e-05	0.0038345518687	0.000409018865995	0	0	0	0	0	0	3.06764149496e-05	0.00278132828877	0.00118615471139	0.00435605092285	0.000173833018048	0	0	0	0.000102254716499	0	1.02254716499e-05	1.02254716499e-05	1.02254716499e-05	1.02254716499e-05	0
0.000102254716499	0	0	0	0	0	0	7.15783015492e-05	0.000521499054144	0	0.000214734904647	0.00161562452068	4.09018865995e-05	0	0.000971419806739	0	0	5.11273582494e-05	0.00415154148985	0.000736233958791	0.000112480188149	0	0	0	0	0	0.00113502735314	6.13528298993e-05	0	0.000971419806739	0	6.13528298993e-05	0	0	0.00119638018304	0	3.06764149496e-05	0	0	0	0	0	0	0	0	0	0	0	0	0	0	0	3.06764149496e-05	7.15783015492e-05	2.04509432998e-05	0	0	0	0	0	0	2.04509432998e-05	0	0	0	0	0	0	0	0	0.000327215092796	0.000572626412393	0.00176900659543	0.000153382074748	0	0	0	1.02254716499e-05	0	0	0	0	0	0
0.00083848867529	0	0	0	0	0	0.000245411319597	0.00203486885833	0.000327215092796	3.06764149496e-05	0.00346643488931	0.00821105373485	0.000173833018048	0	0.000337440564446	0	0	0.00394703205685	0.000736233958791	0.0173833018048	0.000991870750038	1.02254716499e-05	0	3.06764149496e-05	2.04509432998e-05	0	0.00294493583517	3.06764149496e-05	7.15783015492e-05	0.000255636791247	7.15783015492e-05	3.06764149496e-05	0	0	0.0080985735467	0	0.000132931131448	0	0	0	0	0	0	0	0	0	0	0	0	0	0	0	0.000286313206197	0.000490822639194	0.000419244337645	0	0	0	0	0	0	0.000245411319597	0	0	0	0	0	0	0	2.04509432998e-05	0.00310854338156	0.000409018865995	0.0106140395726	0.000746459430441	0	0	0	0.000153382074748	0	0	0	0	0	0
0.00169742829388	2.04509432998e-05	1.02254716499e-05	0	0.00196329055678	0	0.000940743391789	0.000541949997444	0.00210644715988	0.000562400940743	0.00659542921417	0.00104299810829	0.00505138299504	0.000265862262897	0.000235185847947	5.11273582494e-05	0	0	0.000112480188149	0.000991870750038	0.0127613886191	0	0.000112480188149	0	0.000674881128892	0	7.15783015492e-05	1.02254716499e-05	0.000112480188149	0.000122705659799	0	0	0	0	0.00261772074237	0	0	0	0	0.000357891507746	0	0	0	0	0.000184058489698	0	0	0.000132931131448	0	0	1.02254716499e-05	0	0	0	0	0.000163607546398	0	0	0	0.000337440564446	0	0	0	9.20292448489e-05	0	0	0	0	0	0	0.000899841505189	0.000102254716499	0.00274042640217	0.000603302827343	0.000276087734547	0	0	0	0	0	0	1.02254716499e-05	0	0
0.000460146224245	0	0	0	0	0	0	0.00700444808017	0	0	0	0	0	0	0.000766910373741	0	0.000490822639194	4.09018865995e-05	0	1.02254716499e-05	0	0.0328442149394	0	0.00959149240759	0.000357891507746	0	1.02254716499e-05	1.02254716499e-05	0.01115598957	0	0.0141213763485	0	0	0	0.00336418017281	0	9.20292448489e-05	0	0	0	0	0	0	0	0	0	0	0	0	0	0	0	7.15783015492e-05	0	7.15783015492e-05	0	0	0	0.000102254716499	0	0	2.04509432998e-05	2.04509432998e-05	0	0	0	0	0	0	0	0.00357891507746	0	0.00156449716243	0.000429469809295	0	0	0	0	0	0.000102254716499	0.000102254716499	9.20292448489e-05	0	0
9.20292448489e-05	0.00566491129403	0.000531724525794	0	0.000736233958791	0	0	2.04509432998e-05	0	0.00536837261619	0	0	0.000224960376297	0	0.000102254716499	0	0.0141213763485	1.02254716499e-05	0	0	0.000112480188149	0	0.0438877243213	0.00154404621913	0.0138861905005	0.000572626412393	0.000531724525794	0.0159415103022	0.00259726979907	1.02254716499e-05	2.04509432998e-05	0	0	1.02254716499e-05	0	0	0.00126795848459	4.09018865995e-05	0	0	1.02254716499e-05	0	0	0	0.00141111508768	0	0	0	0	0	1.02254716499e-05	0.0130272508819	0.000194283961348	0	0	0	0.000961194335089	0.0223835574416	0.0100209622169	0.000797586788691	0	0	0.008732552789	0.000480597167544	1.02254716499e-05	0	0	0	1.02254716499e-05	0.00087939056189	0.000286313206197	0.000204509432998	0	1.02254716499e-05	0	0	0	0.000388567922695	0	0.00163607546398	0.000807812260341	0.000306764149496	0.000204509432998	0
0	0.000633979242293	0.00946878674779	0	0	0	0	0.00155427169078	0	5.11273582494e-05	0	3.06764149496e-05	0	0	0.000102254716499	0	0.00255636791247	0.00601257733013	0	3.06764149496e-05	0	0.00959149240759	0.00154404621913	0.0717316836239	0.000122705659799	0	0.00423334526305	0.0130374763536	0.00187126131193	0	0.00598190091518	0	0	0	0.00196329055678	0	0.00431514903625	0	0	0	0	0	0	0	8.1803773199e-05	0	0	0	0	0	0	0.00125773301294	0.00502070658009	0	0.00334372922951	0	0	0.00321079809806	0.00223937829132	0	0	0.000726008487141	0.00149291886088	0	0	0	0	0	0	0.00082826320364	0.0193670433049	0.00384477734035	0.000224960376297	0.000163607546398	0	0	0	0.00084871414694	0	0.000736233958791	0.000746459430441	3.06764149496e-05	0	0
0.00355846413416	0.0041617669615	0.000511273582494	0	0.00580806789713	0	0.000715783015492	0.00661588015747	2.04509432998e-05	0.0143770131397	7.15783015492e-05	4.09018865995e-05	0.00215757451812	2.04509432998e-05	0.00269952451557	0.00263817168567	0.00527634337134	5.11273582494e-05	0	2.04509432998e-05	0.000674881128892	0.000357891507746	0.0138861905005	0.000122705659799	0.0504422516489	0.000552175469094	0.000531724525794	0.00301651413671	0.0253080423335	0.00278132828877	0.000204509432998	0	0	7.15783015492e-05	1.02254716499e-05	0	1.02254716499e-05	0	0	0.00199396697173	0	3.06764149496e-05	0	0	0.00504115752339	9.20292448489e-05	3.06764149496e-05	7.15783015492e-05	0	0	4.09018865995e-05	0.00182013395368	1.02254716499e-05	0	2.04509432998e-05	0.000132931131448	0.00103277263664	0.00425379620635	0.00138043867273	0.0103890791963	0	1.02254716499e-05	0	0.00496957922184	2.04509432998e-05	0	0	0	1.02254716499e-05	0.00138043867273	0.00732143770131	0.000644204713942	0.000265862262897	0.000143156603098	0.00248478961092	0	0	0.00185081036863	1.02254716499e-05	0.00165652640728	0.000460146224245	0.000357891507746	0.000306764149496	0
0	0.000613528298993	0	0	0.000122705659799	0	0	0	0	0.000378342451046	0	3.06764149496e-05	0	0.00484687356204	0	0	0	0	0	0	0	0	0.000572626412393	0	0.000552175469094	0.00799631883021	0.00163607546398	0.00193261414183	0	1.02254716499e-05	0	0.000961194335089	0	0	1.02254716499e-05	0	0.000337440564446	0	0	0	0	0	0	0	0	0	0.000214734904647	0	0.00349711130426	0	0	0	0	0.000398793394345	0	0	0	0	0	0	0.000572626412393	0.00088961603354	0.000991870750038	0	0	0	0	0	0	0	0	7.15783015492e-05	0.000122705659799	0	0	0	0.000347666036096	0	3.06764149496e-05	0	0	0	0	0.000132931131448
5.11273582494e-05	0.00119638018304	0.0122807914515	0	3.06764149496e-05	0	1.02254716499e-05	1.02254716499e-05	0.000368116979396	0.000102254716499	9.20292448489e-05	0.00290403394857	0	0.00199396697173	0.000736233958791	0	0	0.00593077355693	0.00113502735314	0.00294493583517	7.15783015492e-05	1.02254716499e-05	0.000531724525794	0.00423334526305	0.000531724525794	0.00163607546398	0.0592770591544	0.016647067846	2.04509432998e-05	0.000623753770643	3.06764149496e-05	0.00371184620891	0	0	0.00086916509024	0	0.0139270923871	0	0	0	0	0	0	0	0	0	0	0	0.00318012168311	0	0	0	0.000153382074748	0.00705557543842	0.00630911600798	0	0	0	0	0	0.00356868960581	0.0169640574672	0.00684084053377	0	0	0	2.04509432998e-05	0	0	1.02254716499e-05	0.00192238867018	0.00282223017537	0.00262794621402	0.000572626412393	0	0	0	3.06764149496e-05	5.11273582494e-05	0	0	0	0	0
0	0.00874277826065	0.0230277621555	0	0.000347666036096	0	0	3.06764149496e-05	0	0.000501048110844	0	0	7.15783015492e-05	0.000265862262897	2.04509432998e-05	0	0.00519453959814	0.000194283961348	6.13528298993e-05	3.06764149496e-05	1.02254716499e-05	1.02254716499e-05	0.0159415103022	0.0130374763536	0.00301651413671	0.00193261414183	0.016647067846	0.0814049798047	0	0	3.06764149496e-05	0.00155427169078	0	0	0	0	0.0122705659799	5.11273582494e-05	0	0	0	0	0	0	0	0	0	0	0.000613528298993	0	0	0.00310854338156	0.00238253489442	0.00217802546142	0.00198374150008	0	0	0.00908021882509	0.00439695280945	0	0.00215757451812	0.00567513676568	0.0132931131448	0	0	0	0	0	0	0.000224960376297	0.00204509432998	2.04509432998e-05	0	1.02254716499e-05	0	0	0	0.000470371695894	0	0.00223937829132	0.00202464338668	0.000153382074748	0	0
0.00684084053377	0	0	0	0.00394703205685	0	0.00171787923718	0.0416687969733	0.00350733677591	0.00880413109055	0.00618641034818	9.20292448489e-05	0.000756684902091	5.11273582494e-05	0.008528043356	0.000214734904647	7.15783015492e-05	7.15783015492e-05	0	7.15783015492e-05	0.000112480188149	0.01115598957	0.00259726979907	0.00187126131193	0.0253080423335	0	2.04509432998e-05	0	0.0819367043305	0.00396748300015	0.00609438110333	0	0	0.000112480188149	0.000726008487141	0	1.02254716499e-05	0	0	0.00529679431464	0	1.02254716499e-05	0	0	0.00639091978117	0.000950968863439	5.11273582494e-05	0.000777135845391	0	0	7.15783015492e-05	0.00081803773199	1.02254716499e-05	0	2.04509432998e-05	0.00143156603098	0.000439695280945	0.00276087734547	0.000235185847947	0.014223631065	0	1.02254716499e-05	0	0.00787361317041	5.11273582494e-05	0	0	0	1.02254716499e-05	0.00083848867529	0.0082008282632	0.000245411319597	0.00263817168567	0.00143156603098	0.000511273582494	0	0	0.00119638018304	0	0.00118615471139	0.000378342451046	0.000265862262897	0.000102254716499	0
0.00700444808017	0	0	0	0	0	0.000633979242293	0.0103481773097	0.00158494810573	4.09018865995e-05	0.00172810470883	0.0041822179048	3.06764149496e-05	0.00103277263664	0.00567513676568	0	0	0	0.000971419806739	0.000255636791247	0.000122705659799	0	1.02254716499e-05	0	0.00278132828877	1.02254716499e-05	0.000623753770643	0	0.00396748300015	0.0296129658981	0.00129863489953	1.02254716499e-05	0.000214734904647	0.00167697735058	0.00694309525027	0	0	0	0	0	0	0	0	0	4.09018865995e-05	0	0	0	0	0	0	0	0	0	0	0	0	1.02254716499e-05	0	0	0	0	0	0	0	0	0	0	0	0	0.000347666036096	0.000552175469094	0.00679993864717	0.000296538677847	0	0	0.000153382074748	0	0	3.06764149496e-05	3.06764149496e-05	1.02254716499e-05	3.06764149496e-05	0
0.00769978015236	0	0	0	0	0	0	0.0164016565264	0	0	0	0	0	0	0.00613528298993	0	0	0.000357891507746	0	7.15783015492e-05	0	0.0141213763485	2.04509432998e-05	0.00598190091518	0.000204509432998	0	3.06764149496e-05	3.06764149496e-05	0.00609438110333	0.00129863489953	0.0443989979038	0	0	9.20292448489e-05	0.0045094329976	0	0	0	0	0	0	0	0	0	0	0	0	0	0	0	0	3.06764149496e-05	0	0	0	0	0	3.06764149496e-05	0.00101232169334	0	0	0	4.09018865995e-05	0	0	0	0	0	0	0	0.00217802546142	0	0.00656475279922	0.00131908584283	0	0	0	0	0	0.00113502735314	0.00113502735314	0.00088961603354	8.1803773199e-05	0
0	0	0	0	0	0	0	0	0	0	0	1.02254716499e-05	0	0.000224960376297	1.02254716499e-05	0	0	0	6.13528298993e-05	3.06764149496e-05	0	0	0	0	0	0.000961194335089	0.00371184620891	0.00155427169078	0	1.02254716499e-05	0	0.00371184620891	0	0	1.02254716499e-05	0	0.00086916509024	0	0	0	0	0	0	0	0	0	0	0	0.00148269338923	0	0	0	0	0.00176900659543	0	0	0	0	0	0	0.000521499054144	0.00153382074748	0.000695332072192	0	0	0	0	0	0	0	1.02254716499e-05	2.04509432998e-05	1.02254716499e-05	0	0	0	0	0	0	0	0	0	0	0
0	0	0	0	0	0	0.000235185847947	2.04509432998e-05	0	1.02254716499e-05	2.04509432998e-05	1.02254716499e-05	0	1.02254716499e-05	0	0	0	0	0	0	0	0	0	0	0	0	0	0	0	0.000214734904647	0	0	0.00135998772943	0	0.000715783015492	0	1.02254716499e-05	0	0	0	0	0	0	0	0	0	0	0	0	0	0	0	0	0	1.02254716499e-05	0	0	0	0	0	0	1.02254716499e-05	0	0	0	0	0	0	0	0	0.000132931131448	1.02254716499e-05	0.000194283961348	0.000102254716499	9.20292448489e-05	6.13528298993e-05	0	0	0	0	0	0	0	0
0.000245411319597	0	0	0	0	0	0	0.000674881128892	0	3.06764149496e-05	0	0	0	0	0	0	0	0	0	0	0	0	1.02254716499e-05	0	7.15783015492e-05	0	0	0	0.000112480188149	0.00167697735058	9.20292448489e-05	0	0	0.00171787923718	0.000224960376297	0	0	0	0	0	0	0	0	0	3.06764149496e-05	0	0	0	0	0	0	0	0	0	0	0	0	1.02254716499e-05	0	0	0	0	0	0	0	0	0	0	0	0	0	0	0.000163607546398	0	0	0	0	0	0	3.06764149496e-05	3.06764149496e-05	1.02254716499e-05	3.06764149496e-05	0
0.00369139526561	0	0	0	0	0	0.000633979242293	0.00490822639194	0.0041822179048	0	0.00900864052354	0.00927450278644	0.00153382074748	0.00131908584283	0.00392658111355	0	0	0.00472416790224	0.00119638018304	0.0080985735467	0.00261772074237	0.00336418017281	0	0.00196329055678	1.02254716499e-05	1.02254716499e-05	0.00086916509024	0	0.000726008487141	0.00694309525027	0.0045094329976	1.02254716499e-05	0.000715783015492	0.000224960376297	0.0342144281405	0	0.000286313206197	0	0	1.02254716499e-05	0	0	0	0	0	0	0	0	0	0	0	0	0.000286313206197	0	0.000245411319597	1.02254716499e-05	0	0	0	1.02254716499e-05	0	3.06764149496e-05	0	1.02254716499e-05	0	0	0	0	0	0	0.000460146224245	0.000736233958791	0.0231913697019	0.00148269338923	0	0.000163607546398	0.000163607546398	0	0	0	0	0	0	0
0	0	0	0	0	0	0	0	0	0	0	0	0	0	0	0	0	0	0	0	0	0	0	0	0	0	0	0	0	0	0	0	0	0	0	0.0354926120967	0	0.000163607546398	0	0	0	0	0.0129352216371	0.00386522828365	0	0	0	0	0	0.0186717112327	0	0.000419244337645	0.00087939056189	0	0	0	0.00312899432486	0	0.00518431412649	0.00571603865228	0	2.04509432998e-05	0	0.00996983485863	0.0111253131551	0.0160130886037	0	0	0.000306764149496	1.02254716499e-05	0	0	0	0	0	0	0	0	0	0	0	0	0	0
0	0.00649317449767	0.00204509432998	0	0	0	0.000214734904647	0	4.09018865995e-05	0.000204509432998	0	7.15783015492e-05	0	0.000296538677847	4.09018865995e-05	0	0	0.00337440564446	3.06764149496e-05	0.000132931131448	0	9.20292448489e-05	0.00126795848459	0.00431514903625	1.02254716499e-05	0.000337440564446	0.0139270923871	0.0122705659799	1.02254716499e-05	0	0	0.00086916509024	1.02254716499e-05	0	0.000286313206197	0	0.0487345978833	1.02254716499e-05	0	0	0.000214734904647	2.04509432998e-05	0	0	0.00616595940488	0	3.06764149496e-05	0	0.00286313206197	0	0.000439695280945	0.000736233958791	0.00849736694105	0.003855002812	0.00955059052099	0	0	0.0108185490056	0.000460146224245	0.00771000562401	0.00874277826065	0.0164118819981	0.0245513574314	1.02254716499e-05	0	0	0	0	0	0.000327215092796	0.00413109054655	7.15783015492e-05	0.00111457640984	0.00117592923974	0	0	0	0.000470371695894	0	0.000316989621146	0.000204509432998	0.000357891507746	0	0.000122705659799
0	1.02254716499e-05	0	0	0	0	0	0	0	0	0	0	0	0	0	0	0	0	0	0	0	0	4.09018865995e-05	0	0	0	0	5.11273582494e-05	0	0	0	0	0	0	0	0.000163607546398	1.02254716499e-05	0.0362697479421	0	0	0	0	0.000490822639194	0.000674881128892	0	0	0	0	0	0.000398793394345	0	0	0.00531724525794	0	1.02254716499e-05	0	0.00147246791758	2.04509432998e-05	0.0212383046168	0	0	0.00538882355949	0.0188250933074	0.000368116979396	0	3.06764149496e-05	0	0	0	0	0	0	0	0	0	0	0	0	0	0	0	0	0	0
0	0	0	0	0	0	0	0	0	0	0	0	0	0	0	0	0	0	0	0	0	0	0	0	0	0	0	0	0	0	0	0	0	0	0	0	0	0	0	0	0	0	0	0	0	0	0	0	0	0	0	0	0	0	0	0	0	0	0	0	0	0	0	0	0	0	0	0	0	0	0	0	0	0	0	0	0	0	0	0	0	0	0	0
0	0	0	0	0.00479574620379	0	0	0.00667723298737	0	0.00155427169078	0.00256659338412	0	0.00351756224756	0	0	0	0	0	0	0	0.000357891507746	0	0	0	0.00199396697173	0	0	0	0.00529679431464	0	0	0	0	0	1.02254716499e-05	0	0	0	0	0.0303594253285	0	0.00372207168056	0.000378342451046	0.00263817168567	0.00156449716243	0.00190193772688	0.000807812260341	0.0130477018252	0.000306764149496	0.00167697735058	0.000490822639194	0	0	0.000163607546398	3.06764149496e-05	0.0157574518125	0	0	0	0.0203895904699	2.04509432998e-05	4.09018865995e-05	0	0.0106651669308	0.00283245564702	0	0	0	0	0.00292448489187	0.000132931131448	0	1.02254716499e-05	7.15783015492e-05	5.11273582494e-05	0	0	0.000296538677847	4.09018865995e-05	0.00159517357738	0.000265862262897	0.000265862262897	0.000214734904647	0.000265862262897
0	2.04509432998e-05	0	0	0	0	0	0	0	0	0	0	0	0	0	0	0	0	0	0	0	0	1.02254716499e-05	0	0	0	0	0	0	0	0	0	0	0	0	0	0.000214734904647	0	0	0	0.00297561225012	0.000582851884043	0	0.000726008487141	0.000899841505189	0	0	0	1.02254716499e-05	0	0.00180990848203	0	0	0	0	0	0	0.000378342451046	0	0.000460146224245	1.02254716499e-05	0	0.000163607546398	0	0	0	0	0.000746459430441	0	2.04509432998e-05	0	0	0	0	0	0	0	0	0	0	0	0.000419244337645	0	0
0	0	0	0	0	0	0	0.000132931131448	0	3.06764149496e-05	0.000112480188149	0	0.00274042640217	0	0	0	0	0	0	0	0	0	0	0	3.06764149496e-05	0	0	0	1.02254716499e-05	0	0	0	0	0	0	0	2.04509432998e-05	0	0	0.00372207168056	0.000582851884043	0.0320875300373	0.00199396697173	0.0157574518125	8.1803773199e-05	0.00674881128892	0.000480597167544	0.0217393527276	0.000173833018048	0.003855002812	0.00458101129915	0	0	8.1803773199e-05	0.000173833018048	0.0166368423744	0	5.11273582494e-05	0	0.00262794621402	8.1803773199e-05	9.20292448489e-05	2.04509432998e-05	0.00618641034818	0.000470371695894	0	0	0.000552175469094	0	0.00244388772432	0.000276087734547	4.09018865995e-05	0	0	0	0	0	0.00161562452068	0.000204509432998	0.00189171225523	0.000265862262897	0.00288358300527	6.13528298993e-05	0.000807812260341
0	0	0	0	0	0	0	0	0	0	0	0	0	0	0	0	0	0	0	0	0	0	0	0	0	0	0	0	0	0	0	0	0	0	0	0.0129352216371	0	0.000490822639194	0	0.000378342451046	0	0.00199396697173	0.0449613988445	0.00930517920139	0	0.00419244337645	0	0.00535814714454	0	0.00646249808272	0	0	0	0	0	0.00199396697173	0.00250524055422	0	0.00257681885577	0.00597167544353	0	0	0	0.0202566593384	0.00173833018048	0.00543995091774	0	0	0	0	0	0	0	0	0	0	0	0	0	0	0	0	0	0
0	0	0	0	2.04509432998e-05	0	0	1.02254716499e-05	0	0	1.02254716499e-05	0	0.00143156603098	0	0	0	0	0	0	0	0	0	0	0	0	0	0	0	0	0	0	0	0	0	0	0.00386522828365	0	0.000674881128892	0	0.00263817168567	0.000726008487141	0.0157574518125	0.00930517920139	0.0561480648295	0	0.00908021882509	0.00122705659799	0.0204509432998	0.000521499054144	0.0260442762922	0.0043049235646	0	5.11273582494e-05	6.13528298993e-05	0	0.0152564037016	0.00239276036607	0	0.00314944526816	0.00951991410604	0.000746459430441	2.04509432998e-05	0	0.0110026074953	0.00295516130682	0.00220870187637	0	0.00293471036352	0.000143156603098	0.0044889820543	1.02254716499e-05	0	0	0	0	0	0	0.00155427169078	4.09018865995e-05	0.00168720282223	3.06764149496e-05	0.00321079809806	0.00288358300527	0.00128840942788
9.20292448489e-05	0.000368116979396	0	0	0.00224960376297	0	0	0.00197351602843	0	0.00949946316274	0.000490822639194	0	1.02254716499e-05	0	8.1803773199e-05	0	8.1803773199e-05	7.15783015492e-05	0	0	0.000184058489698	0	0.00141111508768	8.1803773199e-05	0.00504115752339	0	0	0	0.00639091978117	4.09018865995e-05	0	0	0	3.06764149496e-05	0	0	0.00616595940488	0	0	0.00156449716243	0.000899841505189	8.1803773199e-05	0	0	0.0277008026995	0	0	0.00223937829132	0.000910066976839	0	0.00325169998466	0	1.02254716499e-05	2.04509432998e-05	9.20292448489e-05	0.000705557543842	0	0.0126489084309	0	0.0167288716192	0.00208599621658	9.20292448489e-05	0.00411063960325	0.00186103584028	0.000112480188149	8.1803773199e-05	0	0	0.000143156603098	0.00220870187637	0.00349711130426	0.00122705659799	0	0	2.04509432998e-05	0	0	0.00159517357738	0	0.00306764149496	0.00142134055933	0.00302673960836	0.000787361317041	0
0	0	0	0	7.15783015492e-05	0	0	0.00166675187893	0	0	0.000777135845391	0	1.02254716499e-05	0	0	0	0	0	0	0	0	0	0	0	9.20292448489e-05	0	0	0	0.000950968863439	0	0	0	0	0	0	0	0	0	0	0.00190193772688	0	0.00674881128892	0.00419244337645	0.00908021882509	0	0.0233038498901	0.000664655657242	0.0146224244593	0.000296538677847	0.00235185847947	0.000501048110844	0	0	0.000153382074748	1.02254716499e-05	0.0125262027711	0	0	0	0.00752594713431	0	4.09018865995e-05	0	0.0123932716397	0.00113502735314	0	0	0	0	0.00101232169334	6.13528298993e-05	0	0	5.11273582494e-05	2.04509432998e-05	0	0	7.15783015492e-05	2.04509432998e-05	0.000409018865995	6.13528298993e-05	6.13528298993e-05	5.11273582494e-05	5.11273582494e-05
0	0	0	0	2.04509432998e-05	0	0	3.06764149496e-05	0	0	0	0	9.20292448489e-05	0.000337440564446	0	0	0	0	0	0	0	0	0	0	3.06764149496e-05	0.000214734904647	0	0	5.11273582494e-05	0	0	0	0	0	0	0	3.06764149496e-05	0	0	0.000807812260341	0	0.000480597167544	0	0.00122705659799	0	0.000664655657242	0.0291323687305	0.00355846413416	0.00581829336878	0.00369139526561	0.00081803773199	0	1.02254716499e-05	0.0100414131602	0.00208599621658	0.00293471036352	0	0	1.02254716499e-05	0.00208599621658	0.000439695280945	0.00137021320108	0	0.00147246791758	0.00707602638172	1.02254716499e-05	0.000214734904647	0.000582851884043	1.02254716499e-05	0.0152052763434	0.000153382074748	0.000296538677847	0	0	0	0	1.02254716499e-05	0.00299606319341	0.00319034715476	0.00538882355949	0.00153382074748	5.11273582494e-05	0.000920292448489	0.000736233958791
0	0	0	0	0.00086916509024	0	0	0.00162584999233	0	0.000807812260341	0.00083848867529	0	0.00573648959558	0	0	0	0	0	0	0	0.000132931131448	0	0	0	7.15783015492e-05	0	0	0	0.000777135845391	0	0	0	0	0	0	0	0	0	0	0.0130477018252	0	0.0217393527276	0.00535814714454	0.0204509432998	0.00223937829132	0.0146224244593	0.00355846413416	0.0539495884248	0.00085893961859	0.00689196789202	0.0045912367708	0	0	0.00186103584028	0.000511273582494	0.0375172554834	0	0	0	0.0173321744465	5.11273582494e-05	0.000112480188149	0	0.0121069584335	0.00520476506979	0	0	0	0	0.00650339996932	0.000276087734547	2.04509432998e-05	0	2.04509432998e-05	5.11273582494e-05	0	0	0.000940743391789	0.000143156603098	0.00304719055166	0.000490822639194	0.00126795848459	0.000214734904647	0.000807812260341
0	0	0	0	1.02254716499e-05	0	0	0	0	0	0	1.02254716499e-05	2.04509432998e-05	0.00515363771154	0	0	0	0	0	0	0	0	0	0	0	0.00349711130426	0.00318012168311	0.000613528298993	0	0	0	0.00148269338923	0	0	0	0	0.00286313206197	0	0	0.000306764149496	1.02254716499e-05	0.000173833018048	0	0.000521499054144	0.000910066976839	0.000296538677847	0.00581829336878	0.00085893961859	0.0204816197147	0.00086916509024	0.000255636791247	0	0	0.000327215092796	0	0.000613528298993	0	0.000910066976839	0	0.00153382074748	0.00369139526561	0.00400838488675	0.00374252262386	0.000501048110844	0.00130886037118	0	0.000286313206197	0.000102254716499	1.02254716499e-05	0.00330282734291	0	0.000531724525794	0	0	0	0	1.02254716499e-05	0	0.00121683112634	0.000593077355693	0	5.11273582494e-05	0.000419244337645	0.000633979242293
0	0	0	0	2.04509432998e-05	0	0	1.02254716499e-05	0	0	1.02254716499e-05	0	0.00084871414694	0	0	0	0	0	0	0	0	0	0	0	0	0	0	0	0	0	0	0	0	0	0	0.0186717112327	0	0.000398793394345	0	0.00167697735058	0	0.003855002812	0.00646249808272	0.0260442762922	0	0.00235185847947	0.00369139526561	0.00689196789202	0.00086916509024	0.0584385704791	0.00245411319597	0.000276087734547	0.000623753770643	0.000766910373741	4.09018865995e-05	0.00603302827343	0.0039368065852	0	0.00578761695383	0.0122194386216	0.000695332072192	7.15783015492e-05	0	0.0192034357585	0.0187944168925	0.0112582442865	0	0.00189171225523	0.00417199243315	0.00954036504934	1.02254716499e-05	0	0	0	0	0	0	0.00142134055933	3.06764149496e-05	0.00159517357738	0	0.00216779998977	0.00218825093307	0.00128840942788
0	3.06764149496e-05	0	0	0.000122705659799	0	0	0.000122705659799	0	3.06764149496e-05	8.1803773199e-05	0	0.000480597167544	0	0	0	0	0	0	0	1.02254716499e-05	0	1.02254716499e-05	0	4.09018865995e-05	0	0	0	7.15783015492e-05	0	0	0	0	0	0	0	0.000439695280945	0	0	0.000490822639194	0.00180990848203	0.00458101129915	0	0.0043049235646	0.00325169998466	0.000501048110844	0.00081803773199	0.0045912367708	0.000255636791247	0.00245411319597	0.011595684851	0	0	0.000398793394345	0	0.00324147451301	0	0.000807812260341	0	0.00173833018048	8.1803773199e-05	2.04509432998e-05	0.000306764149496	2.04509432998e-05	0.000746459430441	0	0	0	0	0.00103277263664	0.000245411319597	0	0	0	2.04509432998e-05	0	0	0.000613528298993	0	0.000255636791247	3.06764149496e-05	0.0039163556419	0	8.1803773199e-05
0	0	0	0	0	0	0	3.06764149496e-05	0	0	0	0	0	0	2.04509432998e-05	0	0.00893706222199	0	0	0	0	0	0.0130272508819	0.00125773301294	0.00182013395368	0	0	0.00310854338156	0.00081803773199	0	3.06764149496e-05	0	0	0	0	0.000419244337645	0.000736233958791	0	0	0	0	0	0	0	0	0	0	0	0	0.000276087734547	0	0.0277723810011	5.11273582494e-05	0	7.15783015492e-05	0	0.00177923206708	0.0184365253847	0.0118206452273	0.00300628866506	0	0	0.00598190091518	0.00165652640728	0.000756684902091	0.000777135845391	0	0	0.000429469809295	0.00086916509024	4.09018865995e-05	8.1803773199e-05	0	0	0	0	0	0.00351756224756	1.02254716499e-05	0.00196329055678	0.000940743391789	0.000562400940743	0.000184058489698	0
0	0.00258704432742	0.000143156603098	0	0	0	7.15783015492e-05	0	2.04509432998e-05	0.000173833018048	0	0.000102254716499	0	0	2.04509432998e-05	0	0	0.00288358300527	3.06764149496e-05	0.000286313206197	0	7.15783015492e-05	0.000194283961348	0.00502070658009	1.02254716499e-05	0	0.000153382074748	0.00238253489442	1.02254716499e-05	0	0	0	0	0	0.000286313206197	0.00087939056189	0.00849736694105	0.00531724525794	0	0	0	0	0	5.11273582494e-05	1.02254716499e-05	0	1.02254716499e-05	0	0	0.000623753770643	0	5.11273582494e-05	0.0333145866353	1.02254716499e-05	0.0088348075055	0	0.00191216319853	0.000327215092796	0.0118104197556	0	0	0.00696354619357	0.00803722071681	0	0.00173833018048	0.00182013395368	0	0	0.000112480188149	0.0039572575285	0.00523544148474	0.000613528298993	0.000726008487141	0.000807812260341	0	0	0	0.000521499054144	0	0.000112480188149	0.000143156603098	0	1.02254716499e-05	0
0	0	0	0	0	0	0	0	0	0	0	0	0	0.000194283961348	0	0	0	0.000726008487141	7.15783015492e-05	0.000490822639194	0	0	0	0	0	0.000398793394345	0.00705557543842	0.00217802546142	0	0	0	0.00176900659543	0	0	0	0	0.003855002812	0	0	0.000163607546398	0	8.1803773199e-05	0	6.13528298993e-05	2.04509432998e-05	0.000153382074748	0.0100414131602	0.00186103584028	0.000327215092796	0.000766910373741	0.000398793394345	0	1.02254716499e-05	0.0226187432895	0.00638069430953	0.00170765376553	0	2.04509432998e-05	1.02254716499e-05	0.000449920752595	0.00301651413671	0.00496957922184	0.00116570376809	0.000286313206197	0.00341530753106	0	0	2.04509432998e-05	0	0.00596144997188	0.000132931131448	0.000296538677847	0	0	0	0	0	0.0039163556419	0.00218825093307	0.00290403394857	0.00165652640728	8.1803773199e-05	0	0
0	0.000306764149496	0.000623753770643	0	0	0	0.000224960376297	1.02254716499e-05	7.15783015492e-05	0.000235185847947	1.02254716499e-05	7.15783015492e-05	0	0	7.15783015492e-05	0	0	0.0045912367708	2.04509432998e-05	0.000419244337645	0	7.15783015492e-05	0	0.00334372922951	2.04509432998e-05	0	0.00630911600798	0.00198374150008	2.04509432998e-05	0	0	0	1.02254716499e-05	0	0.000245411319597	0	0.00955059052099	1.02254716499e-05	0	3.06764149496e-05	0	0.000173833018048	0	0	9.20292448489e-05	1.02254716499e-05	0.00208599621658	0.000511273582494	0	4.09018865995e-05	0	7.15783015492e-05	0.0088348075055	0.00638069430953	0.0345314177616	0.000511273582494	0.000122705659799	0.000173833018048	0.000337440564446	0.000122705659799	0.00222915281967	0.018078633877	0.00244388772432	1.02254716499e-05	0.00103277263664	0	0	0	0	0.0083848867529	0.00527634337134	0.00154404621913	0.00112480188149	0.00119638018304	0	0	0	0.00366071885066	0.00165652640728	0.00128840942788	0.00143156603098	0.000184058489698	7.15783015492e-05	3.06764149496e-05
0	0	0	0	0.00188148678358	0	0	0.00335395470116	0	0.000603302827343	0.00207577074493	0	0.00505138299504	0	0	0	0	0	0	0	0.000163607546398	0	0	0	0.000132931131448	0	0	0	0.00143156603098	0	0	0	0	0	1.02254716499e-05	0	0	0	0	0.0157574518125	0	0.0166368423744	0.00199396697173	0.0152564037016	0.000705557543842	0.0125262027711	0.00293471036352	0.0375172554834	0.000613528298993	0.00603302827343	0.00324147451301	0	0	0.00170765376553	0.000511273582494	0.0442660667723	0	0	0	0.0141520527634	4.09018865995e-05	7.15783015492e-05	0	0.012383046168	0.0043049235646	0	0	0	0	0.00556265657753	0.000214734904647	2.04509432998e-05	1.02254716499e-05	6.13528298993e-05	5.11273582494e-05	0	0	0.000664655657242	0.000132931131448	0.00270974998722	0.000419244337645	0.000644204713942	0.000173833018048	0.000715783015492
0	0	0	0	0	0	0	0	0	0	0	0	0	0	0	0	0.000654430185592	0	0	0	0	0	0.000961194335089	0	0.00103277263664	0	0	0	0.000439695280945	0	0	0	0	0	0	0.00312899432486	0	0.00147246791758	0	0	0	0	0.00250524055422	0.00239276036607	0	0	0	0	0	0.0039368065852	0	0.00177923206708	0.00191216319853	0	0.000122705659799	0	0.0370366583159	0.00141111508768	0.0239276036607	0.000449920752595	0	0.000255636791247	0	0.00633979242293	0.00321079809806	0.00784293675546	0	0	0.000807812260341	0.00810879901835	0	0	0	0	0	0	0	0.000981645278388	0	0.00547062733269	0.00146224244593	0.000807812260341	0.000439695280945	0
