0.0250368042999	0	5.92820938436e-05	0	0	0	5.92820938436e-05	0.0125776842438	0.00209463398247	0.000167965932557	0.000286530120244	0.000118564187687	0	0	0.0194741678276	0	0	0.00139312920532	0	0.000652103032279	0	2.96410469218e-05	0	0.000592820938436	2.96410469218e-05	0	0.000810188615862	0	0.00568120066001	0.00744978312634	0.00721265475097	0	0	0	0.0023120016599	0	0	0	0	0	0	0	0	0	0.000177846281531	0	0	0	0	0	0	0	0	0	0	0	0	0	9.88034897393e-06	0.000158085583583	0	9.88034897393e-06	1.97606979479e-05	0.000128444536661	9.88034897393e-06	1.97606979479e-05	0	0	0	5.92820938436e-05	0.000414974656905	0	0.00411022517315	0.00115600082995	0	0	0	0.000167965932557	9.88034897393e-06	2.96410469218e-05	2.96410469218e-05	0	0	0
0	0.032970724526	4.94017448696e-05	0	0	0	0	0	0	0.00266769422296	0	0	0	0.000474256750748	0	0	0.00110659908508	0.00055329954254	0	0	0	0	0.00713361195917	0.000405094307931	0.0038632164488	0.00119552222585	0.00537490984182	0.0285443281857	9.88034897393e-05	0	0	0	0	0	0	0	0.0176364229185	0	0	0	0	0	0	0	0	0	9.88034897393e-05	0	2.96410469218e-05	0	0	0	0	0	8.89231407653e-05	0	0	0.00172906107044	0	0	0.000266769422296	2.96410469218e-05	0.0190888342176	0	0	0	0	0	0	9.88034897393e-06	9.88034897393e-06	0	0	0	0	0	0	0	2.96410469218e-05	9.88034897393e-06	0	0	0	0
5.92820938436e-05	4.94017448696e-05	0.0228532471767	0	0	0	0	0.000671863730227	0	0	0	0	0	0	5.92820938436e-05	0	0	0.00444615703827	9.88034897393e-06	0	0	0.000484137099722	0.000128444536661	0.0151762160239	0	0	0.00691624428175	0.00410034482418	0.00284554050449	0	0.0029937457391	0	0	0	0	0	2.96410469218e-05	0	0	0	0	0	0	0	0	0	0	0	0	0	0	0	0	0	0	0	0	0.000167965932557	0.000177846281531	0	0	0	0.000335931865113	0	0	0	0	0	0	0	0	0	7.90427917914e-05	0.000148205234609	0	0	0	0	0	0.000118564187687	0.000118564187687	0	0	0
0	0	0	0	0	0	0	0	0	0	0	0	0	0	0	0	0	0	0	0	0	0	0	0	0	0	0	0	0	0	0	0	0	0	0	0	0	0	0	0	0	0	0	0	0	0	0	0	0	0	0	0	0	0	0	0	0	0	0	0	0	0	0	0	0	0	0	0	0	0	0	0	0	0	0	0	0	0	0	0	0	0	0	0
0	0	0	0	0.0154726264932	9.88034897393e-06	3.95213958957e-05	0.0048117299503	0	0.000582940589462	0.00247996759246	0.000158085583583	0.00078054756894	0	1.97606979479e-05	4.94017448696e-05	0	0	0.000158085583583	0.000128444536661	0.00319135271858	0	0	0	0.00540455088874	0	0.000167965932557	0	0.00968274199445	0.000306290818192	0	0	9.88034897393e-06	9.88034897393e-05	0.000207487328452	0	0	0	0	0.00948513501497	0	6.91624428175e-05	0	7.90427917914e-05	0.000217367677426	0.000701504777149	9.88034897393e-06	0.00150181304404	0	0.000365572912035	0.000237128375374	0	0	0	0.000148205234609	0.00365572912035	0	0	0	0.00744978312634	0	0.000296410469218	1.97606979479e-05	0.00396201993854	0.000395213958957	0	0	0	0	0.000701504777149	0.000108683838713	0	0.000316171167166	7.90427917914e-05	0.000177846281531	9.88034897393e-06	0	8.89231407653e-05	0	0.000316171167166	9.88034897393e-06	9.88034897393e-06	0	0
0	0	0	0	9.88034897393e-06	0.00333955795319	0.000997915246367	3.95213958957e-05	0.000108683838713	0	1.97606979479e-05	1.97606979479e-05	0	0.000335931865113	0	0.000533538844592	0	0	0	0	0	0	0	0	0	0	0	0	5.92820938436e-05	5.92820938436e-05	0	0	0.00220331782119	0	0.000414974656905	0	0	0	0	0	0	0	0	0	0	0	0	0	0	0	0	0	0	0	0	0	0	0	0	0	0	0	0	0	0	0	0	0	0	0	7.90427917914e-05	0	0.000256889073322	0.000582940589462	0.000454496052801	0.00118564187687	0	9.88034897393e-06	0	0	0	0	0	0
5.92820938436e-05	0	0	0	3.95213958957e-05	0.000997915246367	0.0326347926609	0.00877374988885	0.0221319817016	9.88034897393e-06	0.0176660639654	0.00121528292379	0.005305747399	4.94017448696e-05	0.0114710851587	0.0016302575807	0	0	0.000721265475097	0.000424855005879	0.00306290818192	0	0	0	1.97606979479e-05	0	0.000632342334331	0	0.00604677357204	0.00369525051625	9.88034897393e-06	0	0.000642222683305	0.00027664977127	0.00187726630505	0	0	0	0	0	0	0	0	0	0	0	0	0	0	0	0	0	0	0	0	0	0	0	0	0	0	0	0	0	0	0	0	0	0	0	0.00082994931381	0	0.00197606979479	2.96410469218e-05	0.000671863730227	8.89231407653e-05	0	9.88034897393e-06	0	0	0	0	0	0
0.0125776842438	0	0.000671863730227	0	0.0048117299503	3.95213958957e-05	0.00877374988885	0.088666251692	0.0194148857338	0.000859590360732	0.0231891790418	0.000958393850471	0	0	0.035638418749	0	0	0.0015907361848	0.000484137099722	0.00193654839889	0.000335931865113	0.00128444536661	0	0.00233176235785	0.00804260406478	0	0.00148205234609	0.000207487328452	0.0504688225588	0.00827973244015	0.0128148126192	0	0.000118564187687	0.0020847536335	0.00556263647232	0	0	0.000138324885635	0	0.0057602434518	0	0	0	0	0.000523658495618	0.000918872454575	0	0.00032605151614	0	0	0	0	0	0	0	0.00189702700299	0	0	1.97606979479e-05	0.00781535603838	0	9.88034897393e-05	0.000355692563061	0.00324075446345	0	0	0	0	0	0.000523658495618	0.00273685666578	0.000217367677426	0.00930728873344	0.00342848109395	0.000158085583583	8.89231407653e-05	0	0.000335931865113	0	0.000622461985357	0.000375453261009	0	0	0
0.00209463398247	0	0	0	0	0.000108683838713	0.0221319817016	0.0194148857338	0.0474948375177	9.88034897393e-06	0.0218454515813	0.00290482259833	0.00273685666578	0.000820068964836	0.0312317831066	0.00129432571558	0	0	0.00115600082995	0.000721265475097	0.00341860074498	9.88034897393e-06	0	0.000494017448696	0	0	0.000997915246367	9.88034897393e-06	0.0117674956279	0.00697552637559	0.000671863730227	0	0.00144253095019	0.000395213958957	0.00337907934908	0	0	9.88034897393e-06	0	0	0	0	0	0	0	0	0	0	0	0	0	0	0	0	0	0	0	0	0	0	0	0	1.97606979479e-05	0	0	0	0	0	0	0	0.00103743664226	0.000118564187687	0.00469316576261	0.000918872454575	0.000335931865113	0.000138324885635	0	1.97606979479e-05	0	1.97606979479e-05	1.97606979479e-05	0	0	0
0.000167965932557	0.00266769422296	0	0	0.000582940589462	0	9.88034897393e-06	0.000859590360732	9.88034897393e-06	0.0264990959481	0	2.96410469218e-05	9.88034897393e-05	9.88034897393e-06	0.000177846281531	0.000187726630505	0	0	9.88034897393e-06	9.88034897393e-06	0	0	0.00776595429351	0	0.0136151208861	2.96410469218e-05	0.000750906522018	0.00176858246633	0.0113129995751	0.000395213958957	0.000187726630505	0	0	0.000434735354853	0.000543419193566	7.90427917914e-05	0	0	0	0.00228236061298	0	0	0	0	0.0114612048098	0	0	0.000256889073322	0	6.91624428175e-05	2.96410469218e-05	0.000148205234609	0	0	0	6.91624428175e-05	0	0.000859590360732	0	0.0111055122467	0	9.88034897393e-06	0	0.00216379642529	0.00027664977127	0.000316171167166	9.88034897393e-06	0	0.000138324885635	0.000711385126123	0.000355692563061	0	0.000385333609983	0.000286530120244	0.00102755629329	0	0	0.000711385126123	4.94017448696e-05	0.000345812214087	8.89231407653e-05	0.000108683838713	2.96410469218e-05	0
0.000286530120244	0	0	0	0.00247996759246	1.97606979479e-05	0.0176660639654	0.0231891790418	0.0218454515813	0	0.0548161761073	0.00354704528164	0.00148205234609	9.88034897393e-06	0.0188714665402	0	0	0	0.00222307851913	0.002272480264	0.00492041378902	0	0	0	2.96410469218e-05	0	0.00188714665402	0	0.0167175504639	0.00731145824071	0	0	4.94017448696e-05	0.000513778146644	0.00517730286234	0	0	0	0	0.00663959451048	0	0.00235152305579	0	0.00205511258658	0	0.000731145824071	9.88034897393e-06	0.00560215786822	0	0.00101767594431	1.97606979479e-05	0	0	0	0.00143265060122	0.00849710011758	0	0	0	0.00515754216439	0	0.000879351058679	1.97606979479e-05	0.000820068964836	0.00213415537837	0	0	0	0	0.00337907934908	0.000958393850471	1.97606979479e-05	0.00483149064825	0.000484137099722	0	3.95213958957e-05	0	0.000266769422296	0	0.000938633152523	2.96410469218e-05	0	9.88034897393e-06	0
0.000118564187687	0	0	0	0.000158085583583	1.97606979479e-05	0.00121528292379	0.000958393850471	0.00290482259833	2.96410469218e-05	0.00354704528164	0.0285048067898	0.00118564187687	0.00349764353677	0.00404106273034	0.000197606979479	0	0.000128444536661	0.00901087826422	0.00773631324658	0.00225271956606	2.96410469218e-05	0	1.97606979479e-05	4.94017448696e-05	0.000148205234609	0.0102064004901	0.000395213958957	0.000582940589462	0.0071632530061	1.97606979479e-05	0.00112635978303	0.000128444536661	0.0002272480264	0.0127555305253	0	0	0	0	9.88034897393e-06	0	0	0	0	1.97606979479e-05	0	2.96410469218e-05	0	0.000375453261009	0	0	0	0	0	0.000108683838713	9.88034897393e-06	0	0	0	1.97606979479e-05	5.92820938436e-05	0.000306290818192	0.000474256750748	0	9.88034897393e-06	1.97606979479e-05	0.000187726630505	0	9.88034897393e-06	1.97606979479e-05	0.000958393850471	0.00397190028752	0.0158184387073	0.00149193269506	0	0	0.000454496052801	9.88034897393e-06	3.95213958957e-05	0.000247008724348	0.000414974656905	0	0	0
0	0	0	0	0.00078054756894	0	0.005305747399	0	0.00273685666578	9.88034897393e-05	0.00148205234609	0.00118564187687	0.0174684569859	1.97606979479e-05	0.00266769422296	0.00123504362174	0	0	0.000849710011758	0.000701504777149	0.00618509845768	0	0	0	0.000256889073322	0	0.000523658495618	0	0.000434735354853	0.00226259991503	0	0	9.88034897393e-06	0	0.00188714665402	0	0	0	0	0.000454496052801	0	0.00401142168341	0	0.00212427502939	0	0.000128444536661	0.000138324885635	0.00471292646056	0	0.00219343747221	0.00289494224936	0	0	3.95213958957e-05	9.88034897393e-06	0.00395213958957	0	0	0	0	0	0.000256889073322	0	0	0.000997915246367	0	0	9.88034897393e-06	0	0.000296410469218	0	9.88034897393e-06	0.00165001827865	9.88034897393e-06	0.000365572912035	0	0	0.000118564187687	0	9.88034897393e-06	0	0	9.88034897393e-06	0
0	0.000474256750748	0	0	0	0.000335931865113	4.94017448696e-05	0	0.000820068964836	9.88034897393e-06	9.88034897393e-06	0.00349764353677	1.97606979479e-05	0.0162531740621	0.000484137099722	2.96410469218e-05	0	0	0	0	0	0	0	0	0	0.00673839800022	0.00459436227288	0.00582940589462	9.88034897393e-06	0.00108683838713	0	0.0018575056071	0.000879351058679	1.97606979479e-05	0.000790427917914	0	0	0	0	0	0	0	0	0	0	0	0.000908992105601	0	0.0054934740295	0	0	0	0	0	0	0	0	0	0	0	0.00170930037249	0.000612581636383	0.000158085583583	0	9.88034897393e-06	9.88034897393e-06	0.0027664977127	0	9.88034897393e-06	8.89231407653e-05	0.000118564187687	0.0038632164488	0.0018179842112	0.0002272480264	7.90427917914e-05	0.000266769422296	0.000790427917914	9.88034897393e-06	0.00239104445169	0	0	0	0	2.96410469218e-05
0.0194741678276	0	5.92820938436e-05	0	1.97606979479e-05	0	0.0114710851587	0.035638418749	0.0312317831066	0.000177846281531	0.0188714665402	0.00404106273034	0.00266769422296	0.000484137099722	0.0662773809171	0.00133384711148	0	0.00144253095019	0.00212427502939	0.00220331782119	0.00498957623183	2.96410469218e-05	0	0.00108683838713	4.94017448696e-05	0	0.00241080514964	9.88034897393e-06	0.0150971732322	0.0155911906809	0.0070842102143	0	0.000464376401775	0.000375453261009	0.00703480846944	0	0	9.88034897393e-06	0	0	0	0	0	0	0.000177846281531	0	0	0	0	0	0	0	0	0	0	0	0	0	9.88034897393e-06	0.000158085583583	0	9.88034897393e-06	3.95213958957e-05	0.000128444536661	9.88034897393e-06	1.97606979479e-05	0	0	0	5.92820938436e-05	0.00110659908508	7.90427917914e-05	0.00922824594165	0.00162037723172	0.000217367677426	0	0	0.000138324885635	9.88034897393e-06	4.94017448696e-05	4.94017448696e-05	0	0	0
0	0	0	0	4.94017448696e-05	0.000533538844592	0.0016302575807	0	0.00129432571558	0.000187726630505	0	0.000197606979479	0.00123504362174	2.96410469218e-05	0.00133384711148	0.00430783215263	0	0	0	0	5.92820938436e-05	0	0	0	0.0002272480264	0	3.95213958957e-05	0	3.95213958957e-05	0.000355692563061	0	0	0.000158085583583	0	0.000365572912035	0	0	0	0	0	0	0	0	0	0	0	0	0	0	0	0	0	0	0	0	0	0	0	0	0	0	0	0	0	0	0	0	0	0	0	0.000167965932557	9.88034897393e-06	0.00027664977127	9.88034897393e-06	0.00141288990327	0.000108683838713	0	0	0	0	0	0	0	0
0	0.00110659908508	0	0	0	0	0	0	0	0	0	0	0	0	0	0	0.0137238047248	0	0	0	0	0.0020452322376	0.0123701969154	0.00546383298258	0.00275661736373	0	5.92820938436e-05	0.00314195097371	0.0015907361848	0	0	0	0	0	0	0	0	0	0	0	0	0	0	0	0	0	0	0	0	0	0	0.000790427917914	0	0	0	0	0.00161049688275	0.00492041378902	0.00147217199711	0.000484137099722	0	0	6.91624428175e-05	0.00320123306755	0	0	0	0	0	0	9.88034897393e-06	2.96410469218e-05	0	0	0	0	0	0	0	0	0	0	0	0
0.00139312920532	0.00055329954254	0.00444615703827	0	0	0	0	0.0015907361848	0	0	0	0.000128444536661	0	0	0.00144253095019	0	0	0.0320320913735	0.000128444536661	0.00312219027576	0	0.00182786456018	0	0.00754858661608	0	0	0.0148304038099	0.00283566015552	0.000217367677426	1.97606979479e-05	0.00230212131092	0	0	0	0.00811176650759	0	0.00155121478891	9.88034897393e-06	0	0	0	0	0	0	9.88034897393e-06	0	0	0	0	0	0	0	9.88034897393e-05	0	0.00173894141941	0	0	0	7.90427917914e-05	0	0	0.000997915246367	0.00151169339301	0	9.88034897393e-06	9.88034897393e-06	0	0	9.88034897393e-06	0.000247008724348	0.000899111756627	0.00139312920532	0.00450543913211	0.00131408641353	0	0	0	0.000434735354853	1.97606979479e-05	0.00202547153965	0.00205511258658	0	0	0
0	0	9.88034897393e-06	0	0.000158085583583	0	0.000721265475097	0.000484137099722	0.00115600082995	9.88034897393e-06	0.00222307851913	0.00901087826422	0.000849710011758	0	0.00212427502939	0	0	0.000128444536661	0.0128543340151	0.00596773078025	0.00174882176838	5.92820938436e-05	0	1.97606979479e-05	3.95213958957e-05	0	0.00692612463072	3.95213958957e-05	0.000454496052801	0.00321111341653	2.96410469218e-05	0	0	0.000148205234609	0.00573060240488	0	0	0	0	9.88034897393e-06	0	0	0	0	1.97606979479e-05	0	0	0	0	0	0	0	0	0	0.000108683838713	9.88034897393e-06	0	0	0	2.96410469218e-05	0	7.90427917914e-05	0.000177846281531	9.88034897393e-06	0	0	0	0	0	0	0.00112635978303	0.000879351058679	0.00858602325834	0.00118564187687	0	0	0	0	0	0.000365572912035	0.000543419193566	0	0	0
0.000652103032279	0	0	0	0.000128444536661	0	0.000424855005879	0.00193654839889	0.000721265475097	9.88034897393e-06	0.002272480264	0.00773631324658	0.000701504777149	0	0.00220331782119	0	0	0.00312219027576	0.00596773078025	0.0196124927132	0.0014030095543	9.88034897393e-06	0	0.000237128375374	4.94017448696e-05	0	0.00909980140499	9.88034897393e-05	0.000681744079201	0.00329015620832	0.000197606979479	0	0	0.000296410469218	0.0132199069271	0	0.000207487328452	0	0	0	0	0	0	0	9.88034897393e-06	0	0	0	0	0	0	0	0	0	0.000128444536661	0	0	0	0	0	0	0.00050389779767	0.000177846281531	0	0	0	0	0	0	9.88034897393e-06	0.000424855005879	0.000335931865113	0.0115797689974	0.00130420606456	0	0	0	3.95213958957e-05	0	0.000375453261009	0.000533538844592	0	0	0
0	0	0	0	0.00319135271858	0	0.00306290818192	0.000335931865113	0.00341860074498	0	0.00492041378902	0.00225271956606	0.00618509845768	0	0.00498957623183	5.92820938436e-05	0	0	0.00174882176838	0.0014030095543	0.0133483514638	0	0	0	0.000424855005879	0	0.00122516327277	0	0.00239104445169	0.00395213958957	0	0	9.88034897393e-06	0	0.00294434399423	0	0	0	0	0.000563179891514	0	9.88034897393e-06	0	1.97606979479e-05	0	9.88034897393e-06	0	0.000108683838713	0	2.96410469218e-05	0	0	0	0	1.97606979479e-05	0.000543419193566	0	0	0	0.000523658495618	0	1.97606979479e-05	0	9.88034897393e-06	1.97606979479e-05	0	0	0	0	6.91624428175e-05	0	0	0.0027269763168	0	1.97606979479e-05	0	0	9.88034897393e-05	0	3.95213958957e-05	0	0	0	0
2.96410469218e-05	0	0.000484137099722	0	0	0	0	0.00128444536661	9.88034897393e-06	0	0	2.96410469218e-05	0	0	2.96410469218e-05	0	0.0020452322376	0.00182786456018	5.92820938436e-05	9.88034897393e-06	0	0.0392151050775	0.00338895969806	0.0179328333877	0.000207487328452	0	0.000128444536661	5.92820938436e-05	0.00857614290937	0	0.0160950884785	0	0	8.89231407653e-05	0.00477220855441	0	0	3.95213958957e-05	0	0	0	0	0	0	0	0	0	0	0	0	0	1.97606979479e-05	0	0	0	0	7.90427917914e-05	0.00284554050449	0.000533538844592	0.00032605151614	0	0	0.000513778146644	0.0034482417919	0	0	0	0	0	0	0.00351740423472	0.00110659908508	0.00239104445169	0.00431771250161	0.000405094307931	9.88034897393e-06	0	0	0	0.000563179891514	0.000582940589462	0	0	0
0	0.00713361195917	0.000128444536661	0	0	0	0	0	0	0.00776595429351	0	0	0	0	0	0	0.0123701969154	0	0	0	0	0.00338895969806	0.0613668474771	0.01819960281	0.0138522492614	0.000177846281531	0.00122516327277	0.0225370760095	0.0129136161089	0	0.000148205234609	0	0	0	0	0	0.000237128375374	9.88034897393e-06	0	0	0	0	0	0	0.00218355712324	0	0	0	0	0	0	0.00452519983006	0	0	0	0	0.0029542243432	0.0321605359101	0.0191481163115	0.00696564602662	0	0	0.00967286164547	0.0108980249182	0	0	0	0	0	0	0.000375453261009	0	0	0	0	0	0	6.91624428175e-05	0	0.00032605151614	0.00032605151614	0	0	0
0.000592820938436	0.000405094307931	0.0151762160239	0	0	0	0	0.00233176235785	0.000494017448696	0	0	1.97606979479e-05	0	0	0.00108683838713	0	0.00546383298258	0.00754858661608	1.97606979479e-05	0.000237128375374	0	0.0179328333877	0.01819960281	0.080712570768	0	0	0.00336919900011	0.0131112230884	0.00843781802373	1.97606979479e-05	0.0127752912233	0	0	9.88034897393e-06	0.00342848109395	0	2.96410469218e-05	0.000207487328452	0	0	0	0	0	0	0	0	0	0	0	0	0	0.00268745492091	0	0	9.88034897393e-06	0	0.00290482259833	0.013625001235	0.0123701969154	0.000187726630505	0	0	0.00304314748397	0.00379405400599	0	0	0	0	0	0	0.0084872197686	0.00209463398247	0.00244044619656	0.00574048275385	0.000750906522018	9.88034897393e-06	0	0	2.96410469218e-05	0.00301350643705	0.00306290818192	0	0	0
2.96410469218e-05	0.0038632164488	0	0	0.00540455088874	0	1.97606979479e-05	0.00804260406478	0	0.0136151208861	2.96410469218e-05	4.94017448696e-05	0.000256889073322	0	4.94017448696e-05	0.0002272480264	0.00275661736373	0	3.95213958957e-05	4.94017448696e-05	0.000424855005879	0.000207487328452	0.0138522492614	0	0.0429893983856	0.000158085583583	0.000810188615862	0.0034877631878	0.0221221013526	0.00108683838713	2.96410469218e-05	0	0	0.000414974656905	0.000424855005879	0.000167965932557	9.88034897393e-06	0	0	0.00613569671281	0	0	0	0	0.00496981553388	0.000217367677426	0	0.000167965932557	0	9.88034897393e-05	1.97606979479e-05	0.000247008724348	0	0	0	6.91624428175e-05	0	0.003033267135	0	0.0110363498039	0	0	0	0.00513778146644	0.000306290818192	0.000158085583583	0	0	7.90427917914e-05	0.000513778146644	0.000661983381253	9.88034897393e-06	0.000988034897393	0.000681744079201	0.00144253095019	0	0	0.000563179891514	9.88034897393e-06	0.000266769422296	0.000118564187687	0.000108683838713	5.92820938436e-05	0
0	0.00119552222585	0	0	0	0	0	0	0	2.96410469218e-05	0	0.000148205234609	0	0.00673839800022	0	0	0	0	0	0	0	0	0.000177846281531	0	0.000158085583583	0.0118366580708	0.00425843040776	0.00667911590637	0	0	0	3.95213958957e-05	0	0	0	0	0.000128444536661	0	0	0	0	0	0	0	0	0	0.00106707768918	0	0.00677791939611	0	0	0	0	0	0	0	0	0	0	0	0.00361620772446	0.000355692563061	0.00103743664226	0	0	0	0.00323087411447	0	0	9.88034897393e-05	0	0.00153145409096	7.90427917914e-05	0	0	0	0.000247008724348	0	0.00273685666578	0	0	0	0	2.96410469218e-05
0.000810188615862	0.00537490984182	0.00691624428175	0	0.000167965932557	0	0.000632342334331	0.00148205234609	0.000997915246367	0.000750906522018	0.00188714665402	0.0102064004901	0.000523658495618	0.00459436227288	0.00241080514964	3.95213958957e-05	5.92820938436e-05	0.0148304038099	0.00692612463072	0.00909980140499	0.00122516327277	0.000128444536661	0.00122516327277	0.00336919900011	0.000810188615862	0.00425843040776	0.0859491557242	0.0264793352501	0.00167965932557	0.00262817282706	0.00103743664226	0.00235152305579	0	0.000306290818192	0.00601713252512	0	0.0126863680825	9.88034897393e-06	0	9.88034897393e-06	0	0	0	0	4.94017448696e-05	0	5.92820938436e-05	0	0.00750906522018	0	0	0	9.88034897393e-05	0	0.00198595014376	9.88034897393e-06	0	0	6.91624428175e-05	3.95213958957e-05	0.00779559534043	0.00513778146644	0.0168855163964	9.88034897393e-06	1.97606979479e-05	2.96410469218e-05	0.00436711424648	0	1.97606979479e-05	0.000217367677426	0.00457460157493	0.00833901453399	0.01174773493	0.00380393435496	0	0	0.000187726630505	0.000513778146644	0.000237128375374	0.00171918072146	0.0018575056071	0	0	0
0	0.0285443281857	0.00410034482418	0	0	0	0	0.000207487328452	9.88034897393e-06	0.00176858246633	0	0.000395213958957	0	0.00582940589462	9.88034897393e-06	0	0.00314195097371	0.00283566015552	3.95213958957e-05	9.88034897393e-05	0	5.92820938436e-05	0.0225370760095	0.0131112230884	0.0034877631878	0.00667911590637	0.0264793352501	0.0980328225193	0.00078054756894	9.88034897393e-06	0.000612581636383	0.000395213958957	0	0	1.97606979479e-05	0	0.0221122210036	0.000118564187687	0	0	0	0	0	0	0	0	0.000444615703827	0	0.00613569671281	0	0	0.000750906522018	0.000128444536661	0	0.0002272480264	0	0.000128444536661	0.0130025392497	0.0129926589007	0	0.00375453261009	0.00173894141941	0.0386222841391	7.90427917914e-05	0	0	0.00356680597959	0	0	1.97606979479e-05	0.00658031241663	0.002272480264	0.000908992105601	0.00137336850738	0	5.92820938436e-05	2.96410469218e-05	0.0002272480264	0.00147217199711	0.00175870211736	0.00179822351325	0	9.88034897393e-06	0
0.00568120066001	9.88034897393e-05	0.00284554050449	0	0.00968274199445	5.92820938436e-05	0.00604677357204	0.0504688225588	0.0117674956279	0.0113129995751	0.0167175504639	0.000582940589462	0.000434735354853	9.88034897393e-06	0.0150971732322	3.95213958957e-05	0.0015907361848	0.000217367677426	0.000454496052801	0.000681744079201	0.00239104445169	0.00857614290937	0.0129136161089	0.00843781802373	0.0221221013526	0	0.00167965932557	0.00078054756894	0.120609419925	0.0085267411645	0.0142474632204	0	0.000138324885635	0.00352728458369	0.00376441295907	0.000316171167166	0	0.000158085583583	0	0.0119848633054	0	0	0	0	0.0113031192262	0.00143265060122	0	0.000602701287409	0	9.88034897393e-05	2.96410469218e-05	0.00111647943405	0	0	9.88034897393e-06	0.00275661736373	0	0.00892195512345	0.000197606979479	0.0257481894261	0	0.000118564187687	0.000474256750748	0.0149687286955	0.000810188615862	0.000592820938436	0	0	0.000316171167166	0.00186738595607	0.00635306439023	0.000770667219966	0.00863542500321	0.00801296301785	0.000721265475097	0.000138324885635	0	0.00146229164814	3.95213958957e-05	0.00124492397071	0.000681744079201	3.95213958957e-05	0.000128444536661	0
0.00744978312634	0	0	0	0.000306290818192	5.92820938436e-05	0.00369525051625	0.00827973244015	0.00697552637559	0.000395213958957	0.00731145824071	0.0071632530061	0.00226259991503	0.00108683838713	0.0155911906809	0.000355692563061	0	1.97606979479e-05	0.00321111341653	0.00329015620832	0.00395213958957	0	0	1.97606979479e-05	0.00108683838713	0	0.00262817282706	9.88034897393e-06	0.0085267411645	0.0384147968106	0.00495005483594	0	0.000711385126123	0.00461412297082	0.0114612048098	0	0	0	0	9.88034897393e-06	0	0	0	0	0.000454496052801	0	0	0	0	9.88034897393e-06	0	0	0	0	0	0	0	0	0	0.000414974656905	0	9.88034897393e-06	9.88034897393e-06	0.000266769422296	3.95213958957e-05	5.92820938436e-05	0	0	1.97606979479e-05	0.000138324885635	0.00111647943405	0.000128444536661	0.0109573070121	0.00259853178014	1.97606979479e-05	6.91624428175e-05	0	0.000306290818192	1.97606979479e-05	3.95213958957e-05	1.97606979479e-05	0	0	0
0.00721265475097	0	0.0029937457391	0	0	0	9.88034897393e-06	0.0128148126192	0.000671863730227	0.000187726630505	0	1.97606979479e-05	0	0	0.0070842102143	0	0	0.00230212131092	2.96410469218e-05	0.000197606979479	0	0.0160950884785	0.000148205234609	0.0127752912233	2.96410469218e-05	0	0.00103743664226	0.000612581636383	0.0142474632204	0.00495005483594	0.0478801711276	0	0	0.000642222683305	0.00616533775973	0	0	6.91624428175e-05	0	0	0	0	0	0	0.000266769422296	0	0	0	0	9.88034897393e-06	0	0	0	0	0	0	0	0.000158085583583	0.000158085583583	0.0002272480264	0	0	0.000434735354853	0.000128444536661	9.88034897393e-06	9.88034897393e-06	0	0	0	4.94017448696e-05	0.000197606979479	0	0.00501921727875	0.00142277025225	0.000148205234609	0	0	8.89231407653e-05	0	0.000296410469218	0.000286530120244	0	0	0
0	0	0	0	0	0	0	0	0	0	0	0.00112635978303	0	0.0018575056071	0	0	0	0	0	0	0	0	0	0	0	3.95213958957e-05	0.00235152305579	0.000395213958957	0	0	0	0.00293446364526	0	0	0	0	0	0	0	0	0	0	0	0	0	0	0	0	0.000533538844592	0	0	0	0	0	0	0	0	0	0	0	0	0.000652103032279	0.000543419193566	0	0	0	0.000355692563061	0	0	0	0	0.00144253095019	6.91624428175e-05	0	0	0	0.000256889073322	0	0	0	0	0	0	0
0	0	0	0	9.88034897393e-06	0.00220331782119	0.000642222683305	0.000118564187687	0.00144253095019	0	4.94017448696e-05	0.000128444536661	9.88034897393e-06	0.000879351058679	0.000464376401775	0.000158085583583	0	0	0	0	9.88034897393e-06	0	0	0	0	0	0	0	0.000138324885635	0.000711385126123	0	0	0.00389285749573	0	0.000464376401775	0	0	0	0	0	0	0	0	0	0	0	0	0	0	0	0	0	0	0	0	0	0	0	0	0	0	0	0	0	0	0	0	0	0	0	0.000118564187687	5.92820938436e-05	0.000612581636383	0.000849710011758	0.000138324885635	0.00129432571558	0	9.88034897393e-06	0	0	0	0	0	0
0	0	0	0	9.88034897393e-05	0	0.00027664977127	0.0020847536335	0.000395213958957	0.000434735354853	0.000513778146644	0.0002272480264	0	1.97606979479e-05	0.000375453261009	0	0	0	0.000148205234609	0.000296410469218	0	8.89231407653e-05	0	9.88034897393e-06	0.000414974656905	0	0.000306290818192	0	0.00352728458369	0.00461412297082	0.000642222683305	0	0	0.00717313335507	0.00229224096195	1.97606979479e-05	0	0	0	0	0	0	0	0	0.000602701287409	0	0	0	0	1.97606979479e-05	0	0	0	0	0	0	0	0	0	0.000444615703827	0	0	0	0.000395213958957	6.91624428175e-05	7.90427917914e-05	0	0	2.96410469218e-05	0.000148205234609	0.000513778146644	3.95213958957e-05	0.00179822351325	0.000879351058679	0	1.97606979479e-05	0	5.92820938436e-05	0	7.90427917914e-05	3.95213958957e-05	0	9.88034897393e-06	0
0.0023120016599	0	0	0	0.000207487328452	0.000414974656905	0.00187726630505	0.00556263647232	0.00337907934908	0.000543419193566	0.00517730286234	0.0127555305253	0.00188714665402	0.000790427917914	0.00703480846944	0.000365572912035	0	0.00811176650759	0.00573060240488	0.0132199069271	0.00294434399423	0.00477220855441	0	0.00342848109395	0.000424855005879	0	0.00601713252512	1.97606979479e-05	0.00376441295907	0.0114612048098	0.00616533775973	0	0.000464376401775	0.00229224096195	0.0429301162917	0	0	0	0	1.97606979479e-05	0	0	0	0	0.000464376401775	0	0	0	0	0	0	0	0	0	0	1.97606979479e-05	0	0	0	0.000434735354853	0	9.88034897393e-06	9.88034897393e-06	0.000286530120244	4.94017448696e-05	8.89231407653e-05	9.88034897393e-06	0	2.96410469218e-05	0.000197606979479	0.00122516327277	7.90427917914e-05	0.0246514706899	0.00239104445169	4.94017448696e-05	0.000345812214087	0	0.000247008724348	3.95213958957e-05	0.000128444536661	4.94017448696e-05	0	9.88034897393e-06	0
0	0	0	0	0	0	0	0	0	7.90427917914e-05	0	0	0	0	0	0	0	0	0	0	0	0	0	0	0.000167965932557	0	0	0	0.000316171167166	0	0	0	0	1.97606979479e-05	0	0.0285937299305	0	0	0	0	0	0	0.010611494798	0.00412010552213	0.000464376401775	0	0	0	0	0.0159468832439	0	0	0	0	0	0	0.000138324885635	0	0.00410034482418	0.000523658495618	0	0	0	0.00297398504115	0.00263805317604	0.0146821985753	0	0	9.88034897393e-06	0.000474256750748	6.91624428175e-05	0	2.96410469218e-05	2.96410469218e-05	0	0	0	6.91624428175e-05	0	0.000444615703827	0.000217367677426	1.97606979479e-05	5.92820938436e-05	0
0	0.0176364229185	2.96410469218e-05	0	0	0	0	0	0	0	0	0	0	0	0	0	0	0.00155121478891	0	0.000207487328452	0	0	0.000237128375374	2.96410469218e-05	9.88034897393e-06	0.000128444536661	0.0126863680825	0.0221122210036	0	0	0	0	0	0	0	0	0.0442837241011	0	0	0	0	0	0	0	0.00284554050449	0	0	0	0.000889231407653	0	0	0.000197606979479	4.94017448696e-05	0	0.000612581636383	0	9.88034897393e-06	0.00710397091225	0	0.00378417365701	0.00968274199445	0.000958393850471	0.0404501486993	0	0	0	0.000158085583583	0	0	0	0	0	0	0	0	0	0	0	0	9.88034897393e-06	0	0	0	0
0	0	0	0	0	0	0	0.000138324885635	9.88034897393e-06	0	0	0	0	0	9.88034897393e-06	0	0	9.88034897393e-06	0	0	0	3.95213958957e-05	9.88034897393e-06	0.000207487328452	0	0	9.88034897393e-06	0.000118564187687	0.000158085583583	0	6.91624428175e-05	0	0	0	0	0	0	0.0226754008952	0	0	0	0	8.89231407653e-05	0	0	0	0	0	0	0	0	0	0.00438687494442	0	0.000543419193566	0	0.000484137099722	0	0.00944561361907	0	0	0.00810188615862	0.00946537431702	0	0	0.000405094307931	0	0	0	9.88034897393e-06	0	0	2.96410469218e-05	0.000345812214087	1.97606979479e-05	0	0	9.88034897393e-06	0	0.000652103032279	0.000681744079201	0	0	0
0	0	0	0	0	0	0	0	0	0	0	0	0	0	0	0	0	0	0	0	0	0	0	0	0	0	0	0	0	0	0	0	0	0	0	0	0	0	0	0	0	0	0	0	0	0	0	0	0	0	0	0	0	0	0	0	0	0	0	0	0	0	0	0	0	0	0	0	0	0	0	0	0	0	0	0	0	0	0	0	0	0	0	0
0	0	0	0	0.00948513501497	0	0	0.0057602434518	0	0.00228236061298	0.00663959451048	9.88034897393e-06	0.000454496052801	0	0	0	0	0	9.88034897393e-06	0	0.000563179891514	0	0	0	0.00613569671281	0	9.88034897393e-06	0	0.0119848633054	9.88034897393e-06	0	0	0	0	1.97606979479e-05	0	0	0	0	0.0308069281007	0	0.00392249854265	0	0.00403118238136	0.00196618944581	0.0048117299503	7.90427917914e-05	0.0101273576983	0	0.00238116410272	0.00112635978303	0	0	1.97606979479e-05	0.000849710011758	0.0161642509213	0	0	0	0.0180217565284	0	0.000869470709705	1.97606979479e-05	0.00661983381253	0.00261829247809	0	0	0	0	0.00374465226112	5.92820938436e-05	0	3.95213958957e-05	2.96410469218e-05	0	0	0	5.92820938436e-05	0	0.00108683838713	0.000108683838713	2.96410469218e-05	3.95213958957e-05	0
0	0	0	0	0	0	0	0	0	0	0	0	0	0	0	0	0	0	0	0	0	0	0	0	0	0	0	0	0	0	0	0	0	0	0	0	0	0	0	0	0.00250960863938	0.00165001827865	0	8.89231407653e-05	9.88034897393e-06	0	0	0	0	0	0.000523658495618	0	0	0	0	0	0	0	0	9.88034897393e-06	0	0	0	0	0	0	0	0.000237128375374	0	0	0	0	0	0	0	0	0	0	0	0	0	0.000681744079201	0.000582940589462	0
0	0	0	0	6.91624428175e-05	0	0	0	0	0	0.00235152305579	0	0.00401142168341	0	0	0	0	0	0	0	9.88034897393e-06	0	0	0	0	0	0	0	0	0	0	0	0	0	0	0	0	0	0	0.00392249854265	0.00165001827865	0.0430091590835	0.000652103032279	0.0165989862762	0.000266769422296	0.0181600814141	0.00101767594431	0.0317455612532	0	0.00909980140499	0.0105719734021	0	0	0.000414974656905	0.00166977897659	0.0203238778394	0	0	0	0.000187726630505	0	0.0013634881584	0	0.00226259991503	0.00642222683305	0	0	0.00126468466866	0	0.00455484087698	0	0	0	0	0	0	0	0.00221319817016	9.88034897393e-06	0.00173894141941	0	0.00285542085346	0.00152157374198	0
0	0	0	0	0	0	0	0	0	0	0	0	0	0	0	0	0	0	0	0	0	0	0	0	0	0	0	0	0	0	0	0	0	0	0	0.010611494798	0	8.89231407653e-05	0	0	0	0.000652103032279	0.0418827993005	0.0080327237158	0	0.00267757457193	0	0.00186738595607	0	0.00867494639911	0	0	0	0	0	9.88034897393e-06	0.00405094307931	0	0.00405094307931	0.000395213958957	0	0	5.92820938436e-05	0.0178933119918	0.000711385126123	0.00540455088874	0	0	0	0.000148205234609	0	0	0	0	0	0	0	0	0	2.96410469218e-05	0	0	0	0
0	0	0	0	7.90427917914e-05	0	0	0	0	0	0.00205511258658	0	0.00212427502939	0	0	0	0	0	0	0	1.97606979479e-05	0	0	0	0	0	0	0	0	0	0	0	0	0	0	0.00412010552213	0	0	0	0.00403118238136	8.89231407653e-05	0.0165989862762	0.0080327237158	0.0358854274733	0.000266769422296	0.00732133858968	0	0.0166088666252	0	0.00902075861319	0.00542431158669	0	7.90427917914e-05	0	0	0.0103348450267	7.90427917914e-05	0	0.000642222683305	0.00118564187687	0	0	0	0.00707432986533	7.90427917914e-05	0.000770667219966	0	0.00241080514964	0	0.00100779559534	0	0	0	0	0	0	0	0.00263805317604	0.000108683838713	0.00200571084171	0	0.00137336850738	0.00200571084171	9.88034897393e-06
0.000177846281531	0	0	0	0.000217367677426	0	0	0.000523658495618	0	0.0114612048098	0	1.97606979479e-05	0	0	0.000177846281531	0	0	9.88034897393e-06	1.97606979479e-05	9.88034897393e-06	0	0	0.00218355712324	0	0.00496981553388	0	4.94017448696e-05	0	0.0113031192262	0.000454496052801	0.000266769422296	0	0	0.000602701287409	0.000464376401775	0.000464376401775	0.00284554050449	0	0	0.00196618944581	9.88034897393e-06	0.000266769422296	0	0.000266769422296	0.0298979359951	4.94017448696e-05	0	0.000810188615862	5.92820938436e-05	0.00027664977127	0.0016302575807	4.94017448696e-05	0	0	0	0.000108683838713	0	0.00600725217615	0	0.0227643240359	0.00165989862762	9.88034897393e-06	0.00230212131092	0.00274673701475	0.00114612048098	0.000918872454575	9.88034897393e-06	9.88034897393e-06	0.000454496052801	0.00206499293555	0.000464376401775	1.97606979479e-05	0.000533538844592	0.000424855005879	3.95213958957e-05	0	0	0.00143265060122	2.96410469218e-05	0.000978154548419	0.000335931865113	0.000849710011758	0.000187726630505	0
0	0	0	0	0.000701504777149	0	0	0.000918872454575	0	0	0.000731145824071	0	0.000128444536661	0	0	0	0	0	0	0	9.88034897393e-06	0	0	0	0.000217367677426	0	0	0	0.00143265060122	0	0	0	0	0	0	0	0	0	0	0.0048117299503	0	0.0181600814141	0.00267757457193	0.00732133858968	4.94017448696e-05	0.0336524686052	0.000869470709705	0.0176858246633	0	0.00310242957781	0.00132396676251	0	0	0.000454496052801	0.00150181304404	0.0131803855312	5.92820938436e-05	0	7.90427917914e-05	0.00419914831392	0	0.000691624428175	9.88034897393e-06	0.00659019276561	0.00327039551037	0	0	5.92820938436e-05	0	0.00508837972157	9.88034897393e-06	0	0	0	0	0	0	0.00133384711148	9.88034897393e-06	0.00135360780943	5.92820938436e-05	0.000148205234609	0.0002272480264	0
0	9.88034897393e-05	0	0	9.88034897393e-06	0	0	0	0	0	9.88034897393e-06	2.96410469218e-05	0.000138324885635	0.000908992105601	0	0	0	0	0	0	0	0	0	0	0	0.00106707768918	5.92820938436e-05	0.000444615703827	0	0	0	0	0	0	0	0	0	0	0	7.90427917914e-05	0	0.00101767594431	0	0	0	0.000869470709705	0.0199385442294	0.00194642874786	0.00588868798846	0.00146229164814	0.000247008724348	0	0	0.0031814723696	0.00132396676251	0.00194642874786	0	0	0	0	0.000948513501497	0.00451531948108	0.000138324885635	0	0.00473268715851	0	0.00353716493267	0.00102755629329	0	0.00862554465424	0	0.000286530120244	0	0	0	0	1.97606979479e-05	0	0.00131408641353	0.000296410469218	0	0	0	0.0002272480264
0	0	0	0	0.00150181304404	0	0	0.00032605151614	0	0.000256889073322	0.00560215786822	0	0.00471292646056	0	0	0	0	0	0	0	0.000108683838713	0	0	0	0.000167965932557	0	0	0	0.000602701287409	0	0	0	0	0	0	0	0	0	0	0.0101273576983	0	0.0317455612532	0.00186738595607	0.0166088666252	0.000810188615862	0.0176858246633	0.00194642874786	0.0477122051951	0	0.0115698886485	0.0100581952555	0	0	0.00108683838713	0.00289494224936	0.0287024137693	0	0	9.88034897393e-06	0.00379405400599	0	0.00251948898835	0	0.0048117299503	0.00930728873344	0	0	0.000128444536661	0	0.00891207477448	0.000177846281531	0	0	0	0	0	0	0.00187726630505	3.95213958957e-05	0.00178834316428	2.96410469218e-05	0.000464376401775	0.000306290818192	0
0	2.96410469218e-05	0	0	0	0	0	0	0	0	0	0.000375453261009	0	0.0054934740295	0	0	0	0	0	0	0	0	0	0	0	0.00677791939611	0.00750906522018	0.00613569671281	0	0	0	0.000533538844592	0	0	0	0	0.000889231407653	0	0	0	0	0	0	0	5.92820938436e-05	0	0.00588868798846	0	0.0218059301855	3.95213958957e-05	0	0	0	0	0	0	0	0.000138324885635	0	5.92820938436e-05	0.00564167926411	0.00393237889162	0.00347788283882	9.88034897393e-06	0.00331979725524	0	0.00947525466599	0.00166977897659	0	0.00424855005879	0	0.00164013792967	0	9.88034897393e-06	0	0	9.88034897393e-06	0.000335931865113	0.00412010552213	0.00105719734021	0.000128444536661	0	0	0.000247008724348
0	0	0	0	0.000365572912035	0	0	0	0	6.91624428175e-05	0.00101767594431	0	0.00219343747221	0	0	0	0	0	0	0	2.96410469218e-05	0	0	0	9.88034897393e-05	0	0	0	9.88034897393e-05	9.88034897393e-06	9.88034897393e-06	0	0	1.97606979479e-05	0	0.0159468832439	0	0	0	0.00238116410272	0	0.00909980140499	0.00867494639911	0.00902075861319	0.00027664977127	0.00310242957781	0.00146229164814	0.0115698886485	3.95213958957e-05	0.044728339805	0.00539467053976	0	0	0.000820068964836	0.000306290818192	0.0101767594431	0.000128444536661	0	0.00327039551037	0.00313207062473	0	0.00151169339301	0	0.00619497880665	0.0125480431969	0.00672851765124	9.88034897393e-05	0.00027664977127	6.91624428175e-05	0.00426831075674	0	0	9.88034897393e-06	0	0	0	0	0.00146229164814	0.000247008724348	0.00221319817016	7.90427917914e-05	0.00100779559534	0.000424855005879	6.91624428175e-05
0	0	0	0	0.000237128375374	0	0	0	0	2.96410469218e-05	1.97606979479e-05	0	0.00289494224936	0	0	0	0	0	0	0	0	0	0	0	1.97606979479e-05	0	0	0	2.96410469218e-05	0	0	0	0	0	0	0	0	0	0	0.00112635978303	0.000523658495618	0.0105719734021	0	0.00542431158669	0.0016302575807	0.00132396676251	0.000247008724348	0.0100581952555	0	0.00539467053976	0.013634881584	0	0	2.96410469218e-05	0	0.00645186787997	0	0	0	0.00101767594431	0	0.000582940589462	0	2.96410469218e-05	0.00317159202063	0	0	0.000395213958957	0	0.000681744079201	0	0	0	0	0	0	0	0.000760786870992	9.88034897393e-06	0.000573060240488	0	0.00196618944581	0.000365572912035	0
0	0	0	0	0	0	0	0	0	0.000148205234609	0	0	0	0	0	0	0.000790427917914	0	0	0	0	1.97606979479e-05	0.00452519983006	0.00268745492091	0.000247008724348	0	0	0.000750906522018	0.00111647943405	0	0	0	0	0	0	0	0.000197606979479	0	0	0	0	0	0	0	4.94017448696e-05	0	0	0	0	0	0	0.0157887976603	0	0	0	0	0.00142277025225	0.0137139243758	0.00457460157493	0.00321111341653	0	0	0.0034482417919	0.00138324885635	0	0	0	0	0	0	0	0	0	0	0	0	0	0	0	0	0	0	0	0
0	0	0	0	0	0	0	0	0	0	0	0	0	0	0	0	0	9.88034897393e-05	0	0	0	0	0	0	0	0	9.88034897393e-05	0.000128444536661	0	0	0	0	0	0	0	0	4.94017448696e-05	0.00438687494442	0	0	0	0	0	7.90427917914e-05	0	0	0	0	0	0	0	0	0.016668148719	2.96410469218e-05	0.00289494224936	0	0.000869470709705	0	0.00434735354853	0	0	0.0036754898183	0.00633330369229	0	0	0	0	0	0	0.00506861902362	0	0	0	0	0	0	0	1.97606979479e-05	0	0.00114612048098	9.88034897393e-06	0	0	0
0	0	0	0	0	0	0	0	0	0	0	0	3.95213958957e-05	0	0	0	0	0	0	0	0	0	0	0	0	0	0	0	0	0	0	0	0	0	0	0	0	0	0	1.97606979479e-05	0	0.000414974656905	0	0	0	0.000454496052801	0.0031814723696	0.00108683838713	0	0.000820068964836	2.96410469218e-05	0	2.96410469218e-05	0.00383357540188	0.000661983381253	0.00108683838713	0	0	0	0	0	0.000701504777149	0	0	0.000859590360732	0	0	0	0	0.0016302575807	0	0	0	0	0	0	0	0	0	6.91624428175e-05	0	0	0	0
0	8.89231407653e-05	0	0	0.000148205234609	0	0	0	0	0	0.00143265060122	0.000108683838713	9.88034897393e-06	0	0	0	0	0.00173894141941	0.000108683838713	0.000128444536661	1.97606979479e-05	0	0	9.88034897393e-06	0	0	0.00198595014376	0.0002272480264	9.88034897393e-06	0	0	0	0	0	0	0	0.000612581636383	0.000543419193566	0	0.000849710011758	0	0.00166977897659	0	0	0	0.00150181304404	0.00132396676251	0.00289494224936	0	0.000306290818192	0	0	0.00289494224936	0.000661983381253	0.0184367311853	0.00305302783294	0	0	7.90427917914e-05	0.000879351058679	0	0.00586892729051	0.00280601910859	0.000187726630505	0.00237128375374	0	0	0	0	0.0101174773493	9.88034897393e-06	9.88034897393e-06	0.000108683838713	0.000158085583583	0	0	0	0.000167965932557	0	0.00448567843416	0.000820068964836	0	0	0
0	0	0	0	0.00365572912035	0	0	0.00189702700299	0	6.91624428175e-05	0.00849710011758	9.88034897393e-06	0.00395213958957	0	0	0	0	0	9.88034897393e-06	0	0.000543419193566	0	0	0	6.91624428175e-05	0	9.88034897393e-06	0	0.00275661736373	0	0	0	0	0	1.97606979479e-05	0	0	0	0	0.0161642509213	0	0.0203238778394	9.88034897393e-06	0.0103348450267	0.000108683838713	0.0131803855312	0.00194642874786	0.0287024137693	0	0.0101767594431	0.00645186787997	0	0	0.00108683838713	0.00305302783294	0.0378022151742	0	0	0	0.00715337265712	0	0.00261829247809	1.97606979479e-05	0.00165989862762	0.00956417780676	0	0	1.97606979479e-05	0	0.00946537431702	1.97606979479e-05	0	2.96410469218e-05	1.97606979479e-05	0	0	0	0.00106707768918	9.88034897393e-06	0.00160061653378	2.96410469218e-05	3.95213958957e-05	4.94017448696e-05	0
0	0	0	0	0	0	0	0	0	0	0	0	0	0	0	0	0.00161049688275	0	0	0	0	7.90427917914e-05	0.0029542243432	0.00290482259833	0	0	0	0.000128444536661	0	0	0	0	0	0	0	0.000138324885635	9.88034897393e-06	0.000484137099722	0	0	0	0	0.00405094307931	7.90427917914e-05	0	5.92820938436e-05	0	0	0	0.000128444536661	0	0.00142277025225	0.000869470709705	0	0	0	0.0442343223563	0.00453508017903	0.026163164083	0	0	0.000148205234609	0.000355692563061	0.00895159617038	0.000167965932557	0.00925788698857	0	0	0	0.00620485915563	0	0	0	0	0	0	0	0.00431771250161	0.000395213958957	0.00704468881841	0.00347788283882	0.000128444536661	8.89231407653e-05	0
0	0.00172906107044	0.000167965932557	0	0	0	0	0	0	0.000859590360732	0	0	0	0	0	0	0.00492041378902	0	0	0	0	0.00284554050449	0.0321605359101	0.013625001235	0.003033267135	0	0	0.0130025392497	0.00892195512345	0	0.000158085583583	0	0	0	0	0	0.00710397091225	0	0	0	0	0	0	0	0.00600725217615	0	0	0	0.000138324885635	0	0	0.0137139243758	0	0	0	0	0.00453508017903	0.0597859916412	0.0182193635079	0.0154331050973	0.00192666804992	0	0.0184070901384	0.0113426406221	0	0	0	0	0	0	0	0	0	0	0	0	0	1.97606979479e-05	0	4.94017448696e-05	4.94017448696e-05	0	0	0
