0.0121405750799	4.40674231574e-06	1.7626969263e-05	0	3.08471962102e-05	0	0.00135727663325	0.00406742315743	0.00291285667071	0.000158642723367	0.00141897102567	0	0.000215930373471	4.40674231574e-06	0.00445962322353	4.40674231574e-06	0.000101355073262	8.81348463149e-06	0	4.40674231574e-06	5.28809077889e-05	0.00020711688884	7.93213616834e-05	0.000189489919577	0.000299658477471	0	1.32202269472e-05	1.32202269472e-05	0.00105321141346	0.00443758951195	0.00259557122397	0	8.81348463149e-06	0.000471521427785	0.000784400132202	0	0	0	0	4.40674231574e-06	0	0	1.32202269472e-05	0	9.69483309463e-05	4.40674231574e-06	0	0	0	4.40674231574e-06	0	0	0	0	0	4.40674231574e-06	1.32202269472e-05	2.64404538945e-05	2.20337115787e-05	3.96606808417e-05	0	0	4.40674231574e-06	2.64404538945e-05	0	4.40674231574e-06	0	0	0	0	0.000326098931365	7.49146193676e-05	0.000304065219786	0.000114575300209	0.000127795527157	8.81348463149e-06	0	4.40674231574e-06	4.40674231574e-06	0	0	0	0	4.40674231574e-06
4.40674231574e-06	0.013859204583	0.00184201828798	0	0	0	8.81348463149e-06	4.40674231574e-06	4.40674231574e-06	3.08471962102e-05	0	0.000189489919577	0	0.000105761815578	4.40674231574e-06	0	0.000185083177261	0.000705078770519	4.40674231574e-05	0.000418640519996	0	0.000233557342734	0.0015688002644	0.00148066541809	1.32202269472e-05	0.000608130439573	0.00353420733723	0.00712570232456	4.84741654732e-05	2.64404538945e-05	9.69483309463e-05	8.81348463149e-06	0	1.32202269472e-05	0.000868128236201	8.81348463149e-06	0.00328742976754	0.000409827035364	0	0	0	0	2.20337115787e-05	0	4.40674231574e-06	0	0.000114575300209	0	6.61011347361e-05	4.40674231574e-06	0	1.7626969263e-05	0.000189489919577	1.7626969263e-05	0.000233557342734	0	3.52539385259e-05	0.00038338658147	0.000193896661893	0	0.000317285446734	0.000727112482098	0.00153795306819	1.7626969263e-05	0	1.7626969263e-05	4.40674231574e-06	0	0	0.000255591054313	0.000370166354522	0.000674231574309	0.000577283243362	0.000132202269472	8.81348463149e-06	4.40674231574e-06	4.40674231574e-06	8.81348463149e-05	0.000304065219786	0.000242370827366	9.25415886306e-05	4.40674231574e-06	0	4.40674231574e-06
1.7626969263e-05	0.00184201828798	0.0228269251955	0	0	0	1.7626969263e-05	0.000105761815578	2.20337115787e-05	4.84741654732e-05	1.32202269472e-05	8.81348463149e-05	0	3.52539385259e-05	3.08471962102e-05	4.40674231574e-06	0.000528809077889	0.0043935220888	2.64404538945e-05	0.000273218023576	4.40674231574e-06	0.00136168337556	0.000943042855569	0.0124710807536	0.000149829238735	3.08471962102e-05	0.0056538503911	0.00724468436708	0.000330505673681	9.25415886306e-05	0.000665418089677	0	0	3.96606808417e-05	0.00370607028754	0	0.000647791120414	0.000105761815578	0	0	0	0	0	0	4.40674231574e-06	0	1.7626969263e-05	0	0	0	0	2.20337115787e-05	4.84741654732e-05	8.81348463149e-06	3.96606808417e-05	0	8.81348463149e-06	0.000251184311997	5.72876501047e-05	4.40674231574e-06	8.81348463149e-06	0.000118982042525	0.000361352869891	4.40674231574e-06	0	0	0	0	0	8.81348463149e-05	0.0015952407183	0.00193896661893	0.00222540486945	0.000740332709045	7.05078770519e-05	1.32202269472e-05	4.40674231574e-06	3.08471962102e-05	9.25415886306e-05	6.61011347361e-05	1.7626969263e-05	0	4.40674231574e-06	0
0	0	0	0	0	0	0	0	0	0	0	0	0	0	0	0	0	0	0	0	0	0	0	0	0	0	0	0	0	0	0	0	0	0	0	0	0	0	0	0	0	0	0	0	0	0	0	0	0	0	0	0	0	0	0	0	0	0	0	0	0	0	0	0	0	0	0	0	0	0	0	0	0	0	0	0	0	0	0	0	0	0	0	0
3.08471962102e-05	0	0	0	0.0117131210752	0	0.00017626969263	0.000537622562521	3.52539385259e-05	3.08471962102e-05	0.00178473063788	0	0.000630164151151	0	5.28809077889e-05	0	8.81348463149e-06	0	0	0	0.00256031728545	8.81348463149e-06	4.40674231574e-06	4.40674231574e-06	0.00181557783409	0	0	0	0.00342403877933	8.81348463149e-06	1.32202269472e-05	0	0	4.40674231574e-06	1.32202269472e-05	3.08471962102e-05	0	0	0	0.0027718409166	0	1.7626969263e-05	4.84741654732e-05	4.40674231574e-06	2.64404538945e-05	0.000515588850942	0	0.00153795306819	0	1.7626969263e-05	0	0	0	0	0	0.00227387903492	0	0	0	0.000295251735155	0	0	0	0.000167456207998	1.32202269472e-05	1.32202269472e-05	0	0	0	0	0	0	0	0	4.40674231574e-06	0	0	0	0	0	0	4.40674231574e-06	0	0
0	0	0	0	0	0.00283353530902	0.00151591935662	4.40674231574e-06	0.000669824831993	0	4.40674231574e-06	0	0	0	0.000215930373471	0.000603723697257	0	0	0	0	0	0	0	0	0	0	0	0	0	0.000458301200837	0	0	0.000696265285887	0	0.000149829238735	0	0	0	0	0	0	0	0	0	0	0	0	0	0	0	0	0	0	0	0	0	0	0	0	0	0	0	0	0	0	0	0	0	0	0	8.81348463149e-06	0	2.64404538945e-05	8.81348463149e-06	0.000771179905255	0.000735925966729	0	0	0	0	0	0	0	0
0.00135727663325	8.81348463149e-06	1.7626969263e-05	0	0.00017626969263	0.00151591935662	0.0409694833095	0.00343285226396	0.0167852814807	0.000141015754104	0.0128500605927	2.20337115787e-05	0.00642062355404	1.7626969263e-05	0.00668502809298	0.000876941720833	5.72876501047e-05	0	0	4.40674231574e-06	0.00127795527157	4.84741654732e-05	3.52539385259e-05	7.05078770519e-05	0.000330505673681	0	2.20337115787e-05	8.81348463149e-06	0.00127795527157	0.00462707943153	0.000348132642944	0	0.00184201828798	0.000136609011788	0.00211964305387	4.40674231574e-06	0	0	0	0	0	0	4.40674231574e-06	0	7.49146193676e-05	0	0	4.40674231574e-06	0	4.40674231574e-06	0	0	0	0	0	0	0	8.81348463149e-06	0	3.08471962102e-05	0	0	0	8.81348463149e-06	4.40674231574e-06	4.40674231574e-06	0	0	0	8.81348463149e-06	0.000299658477471	4.84741654732e-05	0.00106643164041	0.000374573096838	0.000806433843781	0.00085931475157	4.40674231574e-06	8.81348463149e-06	8.81348463149e-06	4.40674231574e-06	1.32202269472e-05	0	0	4.40674231574e-06
0.00406742315743	4.40674231574e-06	0.000105761815578	0	0.000537622562521	4.40674231574e-06	0.00343285226396	0.0437060702875	0.00256913077008	0.00178032389556	0.012519554919	0	0.0012603283023	0	0.00460063897764	3.96606808417e-05	0.000616943924204	5.28809077889e-05	0	4.40674231574e-06	0.000907788917043	0.00125151481767	0.000502368623995	0.00089016194778	0.00408945686901	0	3.08471962102e-05	5.72876501047e-05	0.0195439021703	0.00263963864713	0.00687011127024	0	0	0.000440674231574	0.00222099812713	3.96606808417e-05	0	0	0	7.49146193676e-05	0	8.81348463149e-06	0.000118982042525	8.81348463149e-06	0.000771179905255	2.20337115787e-05	0	8.81348463149e-06	0	2.20337115787e-05	4.40674231574e-06	2.20337115787e-05	0	0	0	3.08471962102e-05	5.72876501047e-05	0.000171862950314	4.40674231574e-05	0.000471521427785	0	0	1.32202269472e-05	0.000171862950314	2.20337115787e-05	8.81348463149e-05	0	0	8.81348463149e-06	2.64404538945e-05	0.00101355073262	0.000295251735155	0.000810840586097	0.000299658477471	0.000242370827366	8.81348463149e-06	4.40674231574e-06	2.20337115787e-05	1.32202269472e-05	1.32202269472e-05	8.81348463149e-06	2.20337115787e-05	8.81348463149e-06	0
0.00291285667071	4.40674231574e-06	2.20337115787e-05	0	3.52539385259e-05	0.000669824831993	0.0167852814807	0.00256913077008	0.039678307811	9.25415886306e-05	0.00559656274099	3.08471962102e-05	0.000674231574309	4.40674231574e-06	0.016454775807	3.08471962102e-05	5.28809077889e-05	0	0	4.40674231574e-06	0.000114575300209	9.69483309463e-05	2.64404538945e-05	7.05078770519e-05	0.000171862950314	0	1.32202269472e-05	1.32202269472e-05	0.000784400132202	0.00687451801256	0.000572876501047	0	0.00172303624546	0.000251184311997	0.0023796408505	0	0	0	0	0	0	0	4.40674231574e-06	0	5.28809077889e-05	0	0	4.40674231574e-06	0	0	0	0	0	0	0	0	0	8.81348463149e-06	0	2.20337115787e-05	0	0	0	8.81348463149e-06	0	0	0	0	0	0	0.000392200066101	0.000114575300209	0.00112371929051	0.000308471962102	0.000528809077889	0.000409827035364	8.81348463149e-06	4.40674231574e-06	4.40674231574e-06	0	0	0	0	4.40674231574e-06
0.000158642723367	3.08471962102e-05	4.84741654732e-05	0	3.08471962102e-05	0	0.000141015754104	0.00178032389556	9.25415886306e-05	0.0140575079872	0.000453894458522	0	0.00153795306819	8.81348463149e-06	0.000105761815578	0.000167456207998	0.000542029304836	1.7626969263e-05	0	0	0.000264404538945	0.000282031508208	0.00183320480335	0.000361352869891	0.00516910873637	0	4.40674231574e-06	7.93213616834e-05	0.0027718409166	0.000423047262311	0.000753552935992	0	0	8.81348463149e-05	0.000616943924204	7.49146193676e-05	1.32202269472e-05	1.32202269472e-05	0	0.000180676434945	0	2.64404538945e-05	0.000361352869891	1.7626969263e-05	0.00239726781976	6.61011347361e-05	4.40674231574e-06	7.05078770519e-05	0	3.52539385259e-05	4.40674231574e-06	8.37281039991e-05	1.7626969263e-05	0	0	8.37281039991e-05	0.000171862950314	0.000727112482098	0.000304065219786	0.00118541368293	0	4.40674231574e-06	3.96606808417e-05	0.00050677536631	7.05078770519e-05	0.000220337115787	0	0	2.64404538945e-05	0.000105761815578	0.000392200066101	0.000105761815578	0.000149829238735	0.000105761815578	0.000396606808417	4.40674231574e-06	4.40674231574e-06	5.72876501047e-05	1.32202269472e-05	4.40674231574e-05	1.7626969263e-05	3.08471962102e-05	4.40674231574e-06	4.40674231574e-06
0.00141897102567	0	1.32202269472e-05	0	0.00178473063788	4.40674231574e-06	0.0128500605927	0.012519554919	0.00559656274099	0.000453894458522	0.0450545334362	0	0.00907348242812	0	0.00425691307701	2.64404538945e-05	7.49146193676e-05	4.40674231574e-06	0	4.40674231574e-06	0.00490470419742	6.61011347361e-05	4.84741654732e-05	8.81348463149e-05	0.000912195659359	0	4.40674231574e-06	4.40674231574e-06	0.00870772281591	0.000947449597885	0.000519995593258	0	0	0.000158642723367	0.000568469758731	4.40674231574e-06	0	0	0	2.64404538945e-05	0	4.40674231574e-06	1.7626969263e-05	0	0.00020711688884	8.81348463149e-06	0	0	0	4.40674231574e-06	0	0	0	0	0	1.32202269472e-05	1.32202269472e-05	4.40674231574e-06	4.40674231574e-06	0.000127795527157	0	0	4.40674231574e-06	3.52539385259e-05	4.40674231574e-06	1.32202269472e-05	0	0	0	0	0.000233557342734	6.16943924204e-05	0.000255591054313	0.000114575300209	0.000158642723367	4.40674231574e-06	4.40674231574e-06	4.40674231574e-06	0	0	0	0	0	0
0	0.000189489919577	8.81348463149e-05	0	0	0	2.20337115787e-05	0	3.08471962102e-05	0	0	0.0311997355955	0	0.0097961881679	2.64404538945e-05	0	8.81348463149e-06	0.00071389225515	0.00288641621681	0.00425250633469	0	8.81348463149e-06	8.81348463149e-06	0.000114575300209	0	0.00340641181007	0.00869009584665	0.00115015974441	8.81348463149e-06	0.000110168557894	1.32202269472e-05	0.000907788917043	0	0	0.00437148837722	0	0.000141015754104	4.40674231574e-06	0	0	0	0	0	4.40674231574e-06	0	0	0.000370166354522	0	0.000431860746943	4.40674231574e-06	0	0	2.20337115787e-05	2.20337115787e-05	6.16943924204e-05	0	0	0	4.40674231574e-06	0	0.000753552935992	0.000334912415996	0.000189489919577	0	0	0	1.7626969263e-05	0	0	0.000246777569682	0.000123388784841	0.00297014432081	0.00330505673681	0.000295251735155	4.40674231574e-06	4.40674231574e-06	0.000700672028203	0	0.000132202269472	5.28809077889e-05	1.32202269472e-05	0	0	5.72876501047e-05
0.000215930373471	0	0	0	0.000630164151151	0	0.00642062355404	0.0012603283023	0.000674231574309	0.00153795306819	0.00907348242812	0	0.0295428004847	0	0.000471521427785	0.00103999118652	2.64404538945e-05	0	0	0	0.00919687121296	1.7626969263e-05	2.20337115787e-05	8.81348463149e-06	0.00131320921009	0	0	0	0.00102236421725	0.000163049465682	6.61011347361e-05	0	0	2.64404538945e-05	7.49146193676e-05	0	0	0	0	8.81348463149e-06	0	0	1.7626969263e-05	0	8.81348463149e-05	8.81348463149e-06	0	0	0	0	0	0	0	0	0	0	0	8.81348463149e-06	0	3.08471962102e-05	0	0	0	1.7626969263e-05	0	4.40674231574e-06	0	0	0	0	8.81348463149e-06	4.40674231574e-06	3.08471962102e-05	8.81348463149e-06	0.000484741654732	0	0	0	0	0	0	4.40674231574e-06	0	0
4.40674231574e-06	0.000105761815578	3.52539385259e-05	0	0	0	1.7626969263e-05	0	4.40674231574e-06	8.81348463149e-06	0	0.0097961881679	0	0.0180544232676	4.40674231574e-06	4.40674231574e-06	8.81348463149e-06	0.000118982042525	0.000374573096838	0.000669824831993	0	1.7626969263e-05	1.7626969263e-05	7.05078770519e-05	4.40674231574e-06	0.00305827916713	0.00488267048584	0.00242370827366	4.40674231574e-06	2.64404538945e-05	0	0.00120744739451	0	0	0.00068304505894	0	6.61011347361e-05	8.81348463149e-06	0	0	0	0	0	4.40674231574e-06	0	0	0.00023796408505	0	0.000392200066101	4.40674231574e-06	0	0	1.32202269472e-05	8.81348463149e-06	3.96606808417e-05	0	0	1.32202269472e-05	0	0	0.000533215820205	0.000189489919577	0.000132202269472	0	4.40674231574e-06	0	1.32202269472e-05	0	0	0.000224743858103	0.000242370827366	0.00111490580588	0.00103999118652	0.000330505673681	8.81348463149e-06	0	0.000440674231574	4.84741654732e-05	0.000149829238735	0.000110168557894	9.69483309463e-05	4.40674231574e-06	1.7626969263e-05	0.000118982042525
0.00445962322353	4.40674231574e-06	3.08471962102e-05	0	5.28809077889e-05	0.000215930373471	0.00668502809298	0.00460063897764	0.016454775807	0.000105761815578	0.00425691307701	2.64404538945e-05	0.000471521427785	4.40674231574e-06	0.0311644816569	4.40674231574e-06	7.93213616834e-05	1.32202269472e-05	0	8.81348463149e-06	0.000149829238735	0.000154235981051	5.72876501047e-05	0.000167456207998	0.000264404538945	0	1.7626969263e-05	1.7626969263e-05	0.00112371929051	0.0101707612647	0.000881348463149	0	0.00123829459072	0.000334912415996	0.00278065440123	4.40674231574e-06	0	0	0	8.81348463149e-06	0	0	4.40674231574e-06	0	6.16943924204e-05	8.81348463149e-06	0	0	0	4.40674231574e-06	0	4.40674231574e-06	0	0	0	4.40674231574e-06	4.40674231574e-06	1.32202269472e-05	8.81348463149e-06	4.40674231574e-05	0	0	4.40674231574e-06	2.20337115787e-05	4.40674231574e-06	4.40674231574e-06	0	0	0	0	0.000440674231574	0.000127795527157	0.0013440564063	0.000409827035364	0.00044508097389	0.000264404538945	0	4.40674231574e-06	0	0	0	0	0	0
4.40674231574e-06	0	4.40674231574e-06	0	0	0.000603723697257	0.000876941720833	3.96606808417e-05	3.08471962102e-05	0.000167456207998	2.64404538945e-05	0	0.00103999118652	4.40674231574e-06	4.40674231574e-06	0.00374573096838	8.81348463149e-06	0	0	0	2.20337115787e-05	4.40674231574e-06	2.64404538945e-05	1.7626969263e-05	8.81348463149e-05	0	4.40674231574e-06	0	4.40674231574e-05	3.96606808417e-05	4.40674231574e-06	0	0	8.81348463149e-06	5.72876501047e-05	0	0	0	0	0	0	0	0	0	0	0	0	0	0	0	0	0	0	0	0	0	0	4.40674231574e-06	4.40674231574e-06	0	0	0	0	0	0	0	0	0	0	8.81348463149e-06	0.000141015754104	1.32202269472e-05	7.05078770519e-05	3.52539385259e-05	0.00180676434945	3.08471962102e-05	0	8.81348463149e-06	4.40674231574e-06	8.81348463149e-06	4.40674231574e-06	0	4.40674231574e-06	0
0.000101355073262	0.000185083177261	0.000528809077889	0	8.81348463149e-06	0	5.72876501047e-05	0.000616943924204	5.28809077889e-05	0.000542029304836	7.49146193676e-05	8.81348463149e-06	2.64404538945e-05	8.81348463149e-06	7.93213616834e-05	8.81348463149e-06	0.0205927068415	7.49146193676e-05	0	8.81348463149e-06	4.40674231574e-06	0.00387352649554	0.00462267268921	0.00724468436708	0.00697587308582	0	5.28809077889e-05	0.00294370386692	0.00507216040542	0.000304065219786	0.00118541368293	0	0	6.61011347361e-05	0.00165693511072	8.81348463149e-06	4.40674231574e-05	4.40674231574e-05	0	0	0	0	3.08471962102e-05	0	0.000158642723367	0	0	0	0	0	0	0.000123388784841	4.40674231574e-06	0	0	0	3.08471962102e-05	0.000356946127575	0.000136609011788	8.81348463149e-05	0	1.32202269472e-05	0.000343725900628	6.16943924204e-05	4.40674231574e-06	4.84741654732e-05	0	0	0	2.64404538945e-05	0.000929822628622	0.000564063016415	0.000824060813044	0.00041423377768	6.61011347361e-05	4.40674231574e-06	4.40674231574e-06	3.08471962102e-05	1.32202269472e-05	3.08471962102e-05	1.7626969263e-05	0	0	0
8.81348463149e-06	0.000705078770519	0.0043935220888	0	0	0	0	5.28809077889e-05	0	1.7626969263e-05	4.40674231574e-06	0.00071389225515	0	0.000118982042525	1.32202269472e-05	0	7.49146193676e-05	0.0181645918255	0.000969483309463	0.00305827916713	0	0.00106643164041	0.000154235981051	0.00779552715655	3.52539385259e-05	0.000105761815578	0.00732400572877	0.00217252396166	0.000101355073262	6.16943924204e-05	0.000370166354522	4.40674231574e-06	0	1.32202269472e-05	0.00396606808417	0	0.000343725900628	3.08471962102e-05	0	0	0	0	0	0	8.81348463149e-06	0	1.7626969263e-05	0	1.7626969263e-05	0	0	0	2.64404538945e-05	0	2.64404538945e-05	0	0	4.40674231574e-05	1.7626969263e-05	4.40674231574e-06	5.72876501047e-05	0.000101355073262	0.000149829238735	0	0	0	0	0	0	4.40674231574e-05	0.000841687782307	0.00137931034483	0.00168778230693	0.000502368623995	3.08471962102e-05	4.40674231574e-06	8.81348463149e-06	2.64404538945e-05	3.96606808417e-05	3.08471962102e-05	2.20337115787e-05	0	0	0
0	4.40674231574e-05	2.64404538945e-05	0	0	0	0	0	0	0	0	0.00288641621681	0	0.000374573096838	0	0	0	0.000969483309463	0.00630164151151	0.00306709265176	0	0	0	1.7626969263e-05	0	0.000224743858103	0.00282031508208	0.000224743858103	0	4.40674231574e-06	4.40674231574e-06	2.20337115787e-05	0	0	0.000453894458522	0	4.40674231574e-05	0	0	0	0	0	0	0	0	0	3.52539385259e-05	0	4.84741654732e-05	0	0	0	4.40674231574e-06	4.40674231574e-06	8.81348463149e-06	0	0	0	0	0	0.000118982042525	5.72876501047e-05	2.20337115787e-05	0	0	0	0	0	0	1.32202269472e-05	1.7626969263e-05	0.000193896661893	0.00017626969263	3.52539385259e-05	4.40674231574e-06	0	0	0	1.32202269472e-05	0	0	0	0	4.40674231574e-06
4.40674231574e-06	0.000418640519996	0.000273218023576	0	0	0	4.40674231574e-06	4.40674231574e-06	4.40674231574e-06	0	4.40674231574e-06	0.00425250633469	0	0.000669824831993	8.81348463149e-06	0	8.81348463149e-06	0.00305827916713	0.00306709265176	0.0151812272777	0	1.32202269472e-05	1.32202269472e-05	0.000246777569682	4.40674231574e-06	0.000678638316624	0.00852263963865	0.00132642943704	4.40674231574e-06	1.7626969263e-05	3.08471962102e-05	4.84741654732e-05	0	4.40674231574e-06	0.00294370386692	0	0.000264404538945	0	0	0	0	0	0	0	0	0	8.81348463149e-05	0	9.69483309463e-05	0	0	0	2.20337115787e-05	8.81348463149e-06	5.72876501047e-05	0	0	4.40674231574e-06	8.81348463149e-06	0	0.000277624765892	0.000215930373471	0.000180676434945	0	0	0	4.40674231574e-06	0	0	5.72876501047e-05	0.00017626969263	0.000885755205464	0.00105321141346	0.000220337115787	1.7626969263e-05	0	1.32202269472e-05	4.40674231574e-06	3.52539385259e-05	3.08471962102e-05	4.40674231574e-06	0	0	4.40674231574e-06
5.28809077889e-05	0	4.40674231574e-06	0	0.00256031728545	0	0.00127795527157	0.000907788917043	0.000114575300209	0.000264404538945	0.00490470419742	0	0.00919687121296	0	0.000149829238735	2.20337115787e-05	4.40674231574e-06	0	0	0	0.0159083397598	0	0	4.40674231574e-06	0.000903382174727	0	0	0	0.00189930593809	6.16943924204e-05	4.84741654732e-05	0	0	8.81348463149e-06	3.96606808417e-05	0	0	0	0	8.81348463149e-06	0	0	4.40674231574e-06	4.40674231574e-06	1.7626969263e-05	0	0	4.40674231574e-06	0	0	0	0	0	0	0	0	0	0	4.40674231574e-06	2.20337115787e-05	0	0	0	4.40674231574e-06	0	8.81348463149e-06	0	0	0	0	4.40674231574e-06	4.40674231574e-06	8.81348463149e-06	4.40674231574e-06	4.40674231574e-06	0	0	0	0	0	0	0	0	0
0.00020711688884	0.000233557342734	0.00136168337556	0	8.81348463149e-06	0	4.84741654732e-05	0.00125151481767	9.69483309463e-05	0.000282031508208	6.61011347361e-05	8.81348463149e-06	1.7626969263e-05	1.7626969263e-05	0.000154235981051	4.40674231574e-06	0.00387352649554	0.00106643164041	0	1.32202269472e-05	0	0.0339539495428	0.00138812382946	0.0150049575851	0.00160846094525	0	0.000370166354522	0.00107083838273	0.00626638757299	0.00133083617935	0.0115676985788	0	4.40674231574e-06	0.000154235981051	0.00671587528919	4.40674231574e-06	7.49146193676e-05	3.96606808417e-05	0	0	0	0	2.64404538945e-05	4.40674231574e-06	8.81348463149e-05	0	0	0	0	4.40674231574e-06	0	2.20337115787e-05	0	0	0	0	2.20337115787e-05	0.000220337115787	7.05078770519e-05	4.84741654732e-05	0	8.81348463149e-06	6.16943924204e-05	4.40674231574e-05	4.40674231574e-06	1.32202269472e-05	0	0	0	2.20337115787e-05	0.00185523851493	0.000956263082516	0.00188608571114	0.000740332709045	0.00014542249642	8.81348463149e-06	8.81348463149e-06	3.96606808417e-05	4.40674231574e-06	2.64404538945e-05	1.7626969263e-05	0	4.40674231574e-06	0
7.93213616834e-05	0.0015688002644	0.000943042855569	0	4.40674231574e-06	0	3.52539385259e-05	0.000502368623995	2.64404538945e-05	0.00183320480335	4.84741654732e-05	8.81348463149e-06	2.20337115787e-05	1.7626969263e-05	5.72876501047e-05	2.64404538945e-05	0.00462267268921	0.000154235981051	0	1.32202269472e-05	0	0.00138812382946	0.0171025669274	0.00388674672249	0.00239286107745	4.40674231574e-06	0.000211523631156	0.00248099592376	0.00199184752672	0.000405420293048	0.00122066762146	0	0	8.81348463149e-05	0.00180676434945	2.64404538945e-05	0.000497961881679	0.000273218023576	0	0	0	4.40674231574e-06	8.37281039991e-05	0	0.00041423377768	8.81348463149e-06	8.81348463149e-06	0	0	1.32202269472e-05	0	0.000198303404208	5.28809077889e-05	0	1.7626969263e-05	4.40674231574e-06	0.000127795527157	0.00217693070398	0.000405420293048	0.000215930373471	0	4.40674231574e-05	0.000696265285887	0.000158642723367	2.64404538945e-05	0.000110168557894	0	0	8.81348463149e-06	0.000211523631156	0.00105761815578	0.000824060813044	0.000898975432412	0.000361352869891	6.61011347361e-05	0	4.40674231574e-06	7.93213616834e-05	0.000101355073262	0.000127795527157	6.16943924204e-05	4.40674231574e-06	0	0
0.000189489919577	0.00148066541809	0.0124710807536	0	4.40674231574e-06	0	7.05078770519e-05	0.00089016194778	7.05078770519e-05	0.000361352869891	8.81348463149e-05	0.000114575300209	8.81348463149e-06	7.05078770519e-05	0.000167456207998	1.7626969263e-05	0.00724468436708	0.00779552715655	1.7626969263e-05	0.000246777569682	4.40674231574e-06	0.0150049575851	0.00388674672249	0.0578825603173	0.00164812162609	1.7626969263e-05	0.00371488377217	0.00944364878264	0.00364437589512	0.000929822628622	0.00487385700121	0	0	0.000185083177261	0.0111622782858	4.40674231574e-06	0.000634570893467	0.000171862950314	0	0	0	4.40674231574e-06	2.20337115787e-05	0	9.69483309463e-05	0	8.81348463149e-06	0	4.40674231574e-06	0	0	7.93213616834e-05	3.52539385259e-05	0	3.08471962102e-05	0	5.28809077889e-05	0.000793213616834	0.000141015754104	4.84741654732e-05	2.64404538945e-05	7.49146193676e-05	0.000519995593258	5.72876501047e-05	4.40674231574e-06	2.64404538945e-05	0	0	0	8.81348463149e-05	0.00427454004627	0.00347251294481	0.00498843230142	0.00180235760714	0.000304065219786	5.28809077889e-05	1.7626969263e-05	0.000105761815578	7.05078770519e-05	7.05078770519e-05	3.96606808417e-05	0	4.40674231574e-06	0
0.000299658477471	1.32202269472e-05	0.000149829238735	0	0.00181557783409	0	0.000330505673681	0.00408945686901	0.000171862950314	0.00516910873637	0.000912195659359	0	0.00131320921009	4.40674231574e-06	0.000264404538945	8.81348463149e-05	0.00697587308582	3.52539385259e-05	0	4.40674231574e-06	0.000903382174727	0.00160846094525	0.00239286107745	0.00164812162609	0.0342800484742	0	2.20337115787e-05	0.000295251735155	0.0147273328192	0.00065219786273	0.00167015533767	0	0	0.000154235981051	0.00130880246778	3.08471962102e-05	8.81348463149e-06	0	0	7.93213616834e-05	0	1.7626969263e-05	0.000127795527157	0	0.000863721493886	1.32202269472e-05	0	1.32202269472e-05	0	8.81348463149e-06	0	3.08471962102e-05	0	0	0	2.64404538945e-05	4.84741654732e-05	0.000282031508208	0.000110168557894	0.000533215820205	0	4.40674231574e-06	3.08471962102e-05	0.00017626969263	4.40674231574e-06	9.25415886306e-05	0	0	1.32202269472e-05	3.08471962102e-05	0.000603723697257	0.000277624765892	0.000409827035364	0.000193896661893	0.000163049465682	8.81348463149e-06	4.40674231574e-06	1.7626969263e-05	1.32202269472e-05	1.32202269472e-05	8.81348463149e-06	8.81348463149e-06	4.40674231574e-06	0
0	0.000608130439573	3.08471962102e-05	0	0	0	0	0	0	0	0	0.00340641181007	0	0.00305827916713	0	0	0	0.000105761815578	0.000224743858103	0.000678638316624	0	0	4.40674231574e-06	1.7626969263e-05	0	0.0100473724799	0.00255150380082	0.00124710807536	0	0	0	0.000101355073262	0	0	0.00041423377768	0	0.000282031508208	1.32202269472e-05	0	0	0	0	0	4.40674231574e-06	0	0	0.000594910212625	0	0.000656604605046	4.40674231574e-06	4.40674231574e-06	0	1.32202269472e-05	4.40674231574e-05	6.61011347361e-05	0	0	4.40674231574e-06	8.81348463149e-06	0	0.00154676655283	0.000643384378098	0.000365759612207	0	0	4.40674231574e-06	1.32202269472e-05	0	0	0.000304065219786	8.81348463149e-06	0.000700672028203	0.00038338658147	2.20337115787e-05	0	0	0.000282031508208	8.81348463149e-06	0.000233557342734	9.69483309463e-05	1.7626969263e-05	0	0	7.49146193676e-05
1.32202269472e-05	0.00353420733723	0.0056538503911	0	0	0	2.20337115787e-05	3.08471962102e-05	1.32202269472e-05	4.40674231574e-06	4.40674231574e-06	0.00869009584665	0	0.00488267048584	1.7626969263e-05	4.40674231574e-06	5.28809077889e-05	0.00732400572877	0.00282031508208	0.00852263963865	0	0.000370166354522	0.000211523631156	0.00371488377217	2.20337115787e-05	0.00255150380082	0.0531629392971	0.0162652858874	4.84741654732e-05	7.49146193676e-05	0.000180676434945	0.00177151041093	4.40674231574e-06	8.81348463149e-06	0.0043097939848	4.40674231574e-06	0.00149829238735	5.72876501047e-05	0	0	0	0	8.81348463149e-06	0	0	0	0.000273218023576	0	0.000304065219786	0	0	4.40674231574e-06	7.05078770519e-05	3.52539385259e-05	0.000277624765892	0	1.32202269472e-05	7.05078770519e-05	3.08471962102e-05	4.40674231574e-06	0.000916602401675	0.000850501266938	0.000797620359149	4.40674231574e-06	0	8.81348463149e-06	1.32202269472e-05	0	0	0.000211523631156	0.00092100914399	0.0026043847086	0.00262201167787	0.000630164151151	3.52539385259e-05	1.32202269472e-05	4.84741654732e-05	8.81348463149e-06	0.000202710146524	0.000132202269472	3.08471962102e-05	0	4.40674231574e-06	4.40674231574e-06
1.32202269472e-05	0.00712570232456	0.00724468436708	0	0	0	8.81348463149e-06	5.72876501047e-05	1.32202269472e-05	7.93213616834e-05	4.40674231574e-06	0.00115015974441	0	0.00242370827366	1.7626969263e-05	0	0.00294370386692	0.00217252396166	0.000224743858103	0.00132642943704	0	0.00107083838273	0.00248099592376	0.00944364878264	0.000295251735155	0.00124710807536	0.0162652858874	0.0502236421725	0.000458301200837	9.69483309463e-05	0.00041423377768	0.000339319158312	0	4.40674231574e-05	0.00308471962102	8.81348463149e-06	0.00172744298777	0.000224743858103	0	0	0	0	4.40674231574e-06	0	1.7626969263e-05	0	8.81348463149e-05	0	9.69483309463e-05	4.40674231574e-06	0	4.84741654732e-05	9.25415886306e-05	1.32202269472e-05	0.000149829238735	0	2.64404538945e-05	0.00044508097389	0.000114575300209	1.7626969263e-05	0.000348132642944	0.00050677536631	0.000960669824832	8.81348463149e-06	0	1.32202269472e-05	0	0	0	0.000141015754104	0.00125151481767	0.0019874407844	0.00189049245345	0.000519995593258	7.49146193676e-05	8.81348463149e-06	4.40674231574e-06	6.16943924204e-05	0.000215930373471	0.000123388784841	2.64404538945e-05	0	4.40674231574e-06	0
0.00105321141346	4.84741654732e-05	0.000330505673681	0	0.00342403877933	0	0.00127795527157	0.0195439021703	0.000784400132202	0.0027718409166	0.00870772281591	8.81348463149e-06	0.00102236421725	4.40674231574e-06	0.00112371929051	4.40674231574e-05	0.00507216040542	0.000101355073262	0	4.40674231574e-06	0.00189930593809	0.00626638757299	0.00199184752672	0.00364437589512	0.0147273328192	0	4.84741654732e-05	0.000458301200837	0.0597554258015	0.00163049465682	0.00629282802688	0	0	0.000317285446734	0.00297895780544	4.40674231574e-05	1.32202269472e-05	8.81348463149e-06	0	0.00174506995703	0	1.32202269472e-05	0.000163049465682	8.81348463149e-06	0.00104439792883	0.00017626969263	0	0.000282031508208	0	8.81348463149e-06	0	3.08471962102e-05	0	0	0	0.000788806874518	7.93213616834e-05	0.000374573096838	0.000132202269472	0.000727112482098	0	4.40674231574e-06	5.28809077889e-05	0.000299658477471	1.7626969263e-05	8.81348463149e-05	0	0	4.40674231574e-06	3.96606808417e-05	0.00152913958356	0.000542029304836	0.00107083838273	0.000542029304836	0.00020711688884	8.81348463149e-06	0	2.20337115787e-05	1.7626969263e-05	3.08471962102e-05	2.20337115787e-05	1.32202269472e-05	1.32202269472e-05	0
0.00443758951195	2.64404538945e-05	9.25415886306e-05	0	8.81348463149e-06	0.000458301200837	0.00462707943153	0.00263963864713	0.00687451801256	0.000423047262311	0.000947449597885	0.000110168557894	0.000163049465682	2.64404538945e-05	0.0101707612647	3.96606808417e-05	0.000304065219786	6.16943924204e-05	4.40674231574e-06	1.7626969263e-05	6.16943924204e-05	0.00133083617935	0.000405420293048	0.000929822628622	0.00065219786273	0	7.49146193676e-05	9.69483309463e-05	0.00163049465682	0.0397355954611	0.00831111600749	0	0.00172303624546	0.00367081634901	0.00972127354853	1.32202269472e-05	0	0	0	1.32202269472e-05	0	0	4.40674231574e-05	0	0.000220337115787	4.40674231574e-06	0	0	0	8.81348463149e-06	0	1.32202269472e-05	0	0	0	8.81348463149e-06	3.08471962102e-05	9.69483309463e-05	6.61011347361e-05	8.37281039991e-05	0	0	0	5.72876501047e-05	8.81348463149e-06	3.52539385259e-05	0	0	0	2.20337115787e-05	0.00200066101135	0.000396606808417	0.0039175939187	0.00144981822188	0.0010355844442	0.0004759281701	1.32202269472e-05	1.7626969263e-05	0	4.40674231574e-06	8.81348463149e-06	4.40674231574e-06	4.40674231574e-06	0
0.00259557122397	9.69483309463e-05	0.000665418089677	0	1.32202269472e-05	0	0.000348132642944	0.00687011127024	0.000572876501047	0.000753552935992	0.000519995593258	1.32202269472e-05	6.61011347361e-05	0	0.000881348463149	4.40674231574e-06	0.00118541368293	0.000370166354522	4.40674231574e-06	3.08471962102e-05	4.84741654732e-05	0.0115676985788	0.00122066762146	0.00487385700121	0.00167015533767	0	0.000180676434945	0.00041423377768	0.00629282802688	0.00831111600749	0.040824060813	0	0	0.00130880246778	0.00876501046601	1.7626969263e-05	3.52539385259e-05	8.81348463149e-06	0	0	0	0	6.61011347361e-05	0	0.000343725900628	0	0	0	0	8.81348463149e-06	0	1.7626969263e-05	8.81348463149e-06	0	0	0	4.84741654732e-05	0.000277624765892	9.25415886306e-05	0.000167456207998	0	4.40674231574e-06	3.08471962102e-05	8.37281039991e-05	8.81348463149e-06	4.84741654732e-05	0	0	8.81348463149e-06	5.28809077889e-05	0.00237082736587	0.000894568690096	0.00197862729977	0.000793213616834	0.000304065219786	1.32202269472e-05	8.81348463149e-06	5.28809077889e-05	1.32202269472e-05	2.20337115787e-05	1.7626969263e-05	8.81348463149e-06	4.40674231574e-06	0
0	8.81348463149e-06	0	0	0	0	0	0	0	0	0	0.000907788917043	0	0.00120744739451	0	0	0	4.40674231574e-06	2.20337115787e-05	4.84741654732e-05	0	0	0	0	0	0.000101355073262	0.00177151041093	0.000339319158312	0	0	0	0.00218133744629	0	0	4.40674231574e-05	0	0	0	0	0	0	0	0	0	0	0	0	0	4.40674231574e-06	0	0	0	0	0	0	0	0	0	0	0	8.81348463149e-06	8.81348463149e-06	4.40674231574e-06	0	0	0	0	0	0	0	0	3.08471962102e-05	1.7626969263e-05	0	0	0	0	0	0	0	0	0	0	0
8.81348463149e-06	0	0	0	0	0.000696265285887	0.00184201828798	0	0.00172303624546	0	0	0	0	0	0.00123829459072	0	0	0	0	0	0	4.40674231574e-06	0	0	0	0	4.40674231574e-06	0	0	0.00172303624546	0	0	0.00407182989975	0	0.000405420293048	0	0	0	0	0	0	0	0	0	0	0	0	0	0	0	0	0	0	0	0	0	0	0	0	0	0	0	0	0	0	0	0	0	0	0	1.7626969263e-05	4.40674231574e-06	7.49146193676e-05	1.7626969263e-05	3.52539385259e-05	0.000361352869891	0	0	0	0	0	0	0	0
0.000471521427785	1.32202269472e-05	3.96606808417e-05	0	4.40674231574e-06	0	0.000136609011788	0.000440674231574	0.000251184311997	8.81348463149e-05	0.000158642723367	0	2.64404538945e-05	0	0.000334912415996	8.81348463149e-06	6.61011347361e-05	1.32202269472e-05	0	4.40674231574e-06	8.81348463149e-06	0.000154235981051	8.81348463149e-05	0.000185083177261	0.000154235981051	0	8.81348463149e-06	4.40674231574e-05	0.000317285446734	0.00367081634901	0.00130880246778	0	0	0.00479894238184	0.00217252396166	4.40674231574e-06	0	0	0	4.40674231574e-06	0	0	8.81348463149e-06	0	3.96606808417e-05	0	0	0	0	0	0	0	0	0	0	4.40674231574e-06	4.40674231574e-06	8.81348463149e-06	1.32202269472e-05	1.32202269472e-05	0	0	0	1.32202269472e-05	4.40674231574e-06	8.81348463149e-06	0	0	0	0	0.0004759281701	8.81348463149e-05	0.000392200066101	0.000180676434945	0.000114575300209	0	0	1.32202269472e-05	0	0	0	0	0	0
0.000784400132202	0.000868128236201	0.00370607028754	0	1.32202269472e-05	0.000149829238735	0.00211964305387	0.00222099812713	0.0023796408505	0.000616943924204	0.000568469758731	0.00437148837722	7.49146193676e-05	0.00068304505894	0.00278065440123	5.72876501047e-05	0.00165693511072	0.00396606808417	0.000453894458522	0.00294370386692	3.96606808417e-05	0.00671587528919	0.00180676434945	0.0111622782858	0.00130880246778	0.00041423377768	0.0043097939848	0.00308471962102	0.00297895780544	0.00972127354853	0.00876501046601	4.40674231574e-05	0.000405420293048	0.00217252396166	0.0515809188058	8.81348463149e-06	0.000409827035364	6.61011347361e-05	0	4.40674231574e-06	0	0	5.72876501047e-05	4.40674231574e-06	0.00026881128126	0	4.40674231574e-05	0	4.40674231574e-05	8.81348463149e-06	0	2.64404538945e-05	3.08471962102e-05	8.81348463149e-06	3.52539385259e-05	0	3.08471962102e-05	0.000418640519996	0.000101355073262	0.000114575300209	0.000123388784841	0.000127795527157	0.00026881128126	7.05078770519e-05	1.7626969263e-05	4.84741654732e-05	0	0	4.40674231574e-06	6.61011347361e-05	0.00901178803569	0.00516910873637	0.0208967720613	0.00601079651867	0.00170540927619	0.000308471962102	9.69483309463e-05	0.00017626969263	8.37281039991e-05	6.16943924204e-05	4.40674231574e-05	8.81348463149e-06	8.81348463149e-06	4.40674231574e-06
0	8.81348463149e-06	0	0	3.08471962102e-05	0	4.40674231574e-06	3.96606808417e-05	0	7.49146193676e-05	4.40674231574e-06	0	0	0	4.40674231574e-06	0	8.81348463149e-06	0	0	0	0	4.40674231574e-06	2.64404538945e-05	4.40674231574e-06	3.08471962102e-05	0	4.40674231574e-06	8.81348463149e-06	4.40674231574e-05	1.32202269472e-05	1.7626969263e-05	0	0	4.40674231574e-06	8.81348463149e-06	0.0210774484962	3.08471962102e-05	7.05078770519e-05	0	0.00017626969263	3.08471962102e-05	0.00257353751239	0.0059623223532	0.00280709485513	0.000467114685469	0.000674231574309	4.40674231574e-06	0.000511182108626	0	0.00868128236201	0.000643384378098	0.000114575300209	4.40674231574e-05	0	0	0.00017626969263	0.000779993389887	0.000282031508208	0.000876941720833	0.00148947890272	0	8.81348463149e-06	0.000127795527157	0.00144981822188	0.00681723036245	0.00471080753553	0	3.08471962102e-05	0.00121626087915	0.00164812162609	4.40674231574e-06	8.81348463149e-06	0	4.40674231574e-06	4.40674231574e-06	4.40674231574e-06	0	0.000638977635783	0.000127795527157	0.000854908009254	0.000348132642944	0.000740332709045	0.000215930373471	1.32202269472e-05
0	0.00328742976754	0.000647791120414	0	0	0	0	0	0	1.32202269472e-05	0	0.000141015754104	0	6.61011347361e-05	0	0	4.40674231574e-05	0.000343725900628	4.40674231574e-05	0.000264404538945	0	7.49146193676e-05	0.000497961881679	0.000634570893467	8.81348463149e-06	0.000282031508208	0.00149829238735	0.00172744298777	1.32202269472e-05	0	3.52539385259e-05	0	0	0	0.000409827035364	3.08471962102e-05	0.0184466233337	0.00158202049135	0	4.40674231574e-06	0	0	4.84741654732e-05	0	5.72876501047e-05	4.40674231574e-06	0.000378979839154	0	0.00044508097389	1.32202269472e-05	0	0.000141015754104	0.00092100914399	8.37281039991e-05	0.00130880246778	0	0.000149829238735	0.00253828357387	0.000757959678308	6.16943924204e-05	0.00241489478903	0.0035826815027	0.00939517461716	6.16943924204e-05	1.32202269472e-05	4.84741654732e-05	3.08471962102e-05	0	8.81348463149e-06	0.0013440564063	9.69483309463e-05	0.000330505673681	0.000286438250523	5.72876501047e-05	0	0	1.32202269472e-05	0.00041423377768	0.00116778671367	0.00100473724799	0.00038338658147	2.20337115787e-05	3.52539385259e-05	2.64404538945e-05
0	0.000409827035364	0.000105761815578	0	0	0	0	0	0	1.32202269472e-05	0	4.40674231574e-06	0	8.81348463149e-06	0	0	4.40674231574e-05	3.08471962102e-05	0	0	0	3.96606808417e-05	0.000273218023576	0.000171862950314	0	1.32202269472e-05	5.72876501047e-05	0.000224743858103	8.81348463149e-06	0	8.81348463149e-06	0	0	0	6.61011347361e-05	7.05078770519e-05	0.00158202049135	0.0274628181117	0	1.32202269472e-05	0	8.81348463149e-06	0.000211523631156	0	7.49146193676e-05	1.7626969263e-05	9.25415886306e-05	0	1.32202269472e-05	2.20337115787e-05	0	0.000594910212625	0.00499283904374	4.40674231574e-05	0.000815247328412	0	0.00198303404208	0.00149388564504	0.0102500826264	0.000136609011788	5.72876501047e-05	0.00622232014983	0.0109375344277	0.000409827035364	5.72876501047e-05	0.000744739451361	4.40674231574e-06	0	1.32202269472e-05	0.00340641181007	4.84741654732e-05	7.05078770519e-05	5.72876501047e-05	1.7626969263e-05	0	0	4.40674231574e-06	0.00165693511072	0.00208879585766	0.00272336675113	0.00134846314862	0.000110168557894	0.000167456207998	3.08471962102e-05
0	0	0	0	0	0	0	0	0	0	0	0	0	0	0	0	0	0	0	0	0	0	0	0	0	0	0	0	0	0	0	0	0	0	0	0	0	0	0	0	0	0	0	0	0	0	0	0	0	0	0	0	0	0	0	0	0	0	0	0	0	0	0	0	0	0	0	0	0	0	0	0	0	0	0	0	0	0	0	0	0	0	0	0
4.40674231574e-06	0	0	0	0.0027718409166	0	0	7.49146193676e-05	0	0.000180676434945	2.64404538945e-05	0	8.81348463149e-06	0	8.81348463149e-06	0	0	0	0	0	8.81348463149e-06	0	0	0	7.93213616834e-05	0	0	0	0.00174506995703	1.32202269472e-05	0	0	0	4.40674231574e-06	4.40674231574e-06	0.00017626969263	4.40674231574e-06	1.32202269472e-05	0	0.0217825272667	0	0.000449487716206	0.00119422716757	4.84741654732e-05	0.000907788917043	0.00552164812163	0	0.00417318497301	0	0.000136609011788	4.84741654732e-05	3.52539385259e-05	0	0	4.40674231574e-06	0.0124843009805	7.49146193676e-05	7.49146193676e-05	0.000123388784841	0.00743417428666	0	8.81348463149e-06	1.7626969263e-05	0.00392640740333	7.05078770519e-05	0.000229150600419	0	0	0	0.000110168557894	1.32202269472e-05	0	4.40674231574e-06	4.40674231574e-06	8.81348463149e-06	0	0	4.84741654732e-05	1.32202269472e-05	9.25415886306e-05	3.96606808417e-05	6.16943924204e-05	1.7626969263e-05	0
0	0	0	0	0	0	0	0	0	0	0	0	0	0	0	0	0	0	0	0	0	0	0	0	0	0	0	0	0	0	0	0	0	0	0	3.08471962102e-05	0	0	0	0	0.004591825493	0.00103999118652	4.40674231574e-06	0.00116337997136	4.40674231574e-06	0	0	4.40674231574e-06	0	0.000326098931365	0.00111490580588	0	0	0	0	0	0	4.40674231574e-06	0	0	0	0	0	0	0.000304065219786	4.40674231574e-06	0	0.00148947890272	0	0.000334912415996	0	0	0	0	0	0	0	1.7626969263e-05	1.7626969263e-05	6.61011347361e-05	2.64404538945e-05	0.000251184311997	0.00122066762146	0
0	0	0	0	1.7626969263e-05	0	0	8.81348463149e-06	0	2.64404538945e-05	4.40674231574e-06	0	0	0	0	0	0	0	0	0	0	0	4.40674231574e-06	4.40674231574e-06	1.7626969263e-05	0	0	0	1.32202269472e-05	0	0	0	0	0	0	0.00257353751239	0	8.81348463149e-06	0	0.000449487716206	0.00103999118652	0.0306797400022	0.00354302082186	0.00975652748706	0.000229150600419	0.00620909992288	1.32202269472e-05	0.00449047041974	0	0.00498843230142	0.00373251074143	2.20337115787e-05	4.40674231574e-06	0	8.81348463149e-06	0.000863721493886	0.000127795527157	3.96606808417e-05	0.000141015754104	0.00139693731409	0	1.32202269472e-05	1.32202269472e-05	0.0010355844442	0.00273218023576	0.000550842789468	0	0.0011193125482	0.00020711688884	0.0012030406522	0	0	0	0	0	0	0	0.00023796408505	5.72876501047e-05	0.000722705739782	0.000193896661893	0.00148507216041	0.00104880467115	4.40674231574e-06
1.32202269472e-05	2.20337115787e-05	0	0	4.84741654732e-05	0	4.40674231574e-06	0.000118982042525	4.40674231574e-06	0.000361352869891	1.7626969263e-05	0	1.7626969263e-05	0	4.40674231574e-06	0	3.08471962102e-05	0	0	0	4.40674231574e-06	2.64404538945e-05	8.37281039991e-05	2.20337115787e-05	0.000127795527157	0	8.81348463149e-06	4.40674231574e-06	0.000163049465682	4.40674231574e-05	6.61011347361e-05	0	0	8.81348463149e-06	5.72876501047e-05	0.0059623223532	4.84741654732e-05	0.000211523631156	0	0.00119422716757	4.40674231574e-06	0.00354302082186	0.0408284675554	0.000832874297675	0.0018464250303	0.00556571554478	0	0.000951856340201	0	0.00373251074143	0.000277624765892	0.000511182108626	7.49146193676e-05	0	1.7626969263e-05	0.000943042855569	0.00246777569682	0.000987110278726	0.00311997355955	0.00734603944034	0	2.20337115787e-05	0.000365759612207	0.0154324115897	0.00181117109177	0.0113914288862	0	8.81348463149e-06	0.000462707943153	0.00121626087915	4.40674231574e-05	4.40674231574e-06	2.64404538945e-05	1.32202269472e-05	4.40674231574e-06	0	0	0.00071389225515	0.000246777569682	0.000687451801256	0.000286438250523	0.000233557342734	0.000101355073262	8.81348463149e-06
