0.0112988051362	3.18545394311e-05	0.00023572359179	0	0	0	5.09672630898e-05	0.00299432670653	0.000385439927117	1.27418157725e-05	0.000793178031835	6.37090788623e-06	0.000159272697156	0	0.00452971550711	0	0	0.000219796322075	9.55636182934e-06	1.27418157725e-05	9.55636182934e-05	0.000229352683904	1.27418157725e-05	0.000407738104719	0.000331287210084	0	8.91927104072e-05	0.000140159973497	0.00162139605705	0.00735839860859	0.00803690029848	0	0	0.000280319946994	0.00138248701131	0	6.37090788623e-06	0	0	0	0	0	0	0	3.18545394311e-05	0	0	0	0	0	0	6.37090788623e-06	3.18545394311e-06	0	0	0	0	6.37090788623e-06	3.18545394311e-06	3.18545394311e-06	0	0	1.27418157725e-05	2.54836315449e-05	0	0	0	0	0	0	0.000156087243213	4.45963552036e-05	0.00205461779331	0.000586123525533	7.96363485779e-05	2.22981776018e-05	3.18545394311e-06	3.18545394311e-06	3.18545394311e-06	0	0	0	0	0
3.18545394311e-05	0.0281275583177	0.00373016656739	0	0	0	0	5.41527170329e-05	3.18545394311e-06	0.00279682856205	3.50399933743e-05	0	0	0.000350399933743	3.18545394311e-05	0	0.00171695967534	0.000551083532159	0	0.000156087243213	2.22981776018e-05	0.000191127236587	0.00376520656076	0.000936523459276	0.00276497402262	0.00189215964221	0.0110439688208	0.0177652766407	0.000385439927117	7.32654406916e-05	6.05236249192e-05	0.000267578131222	3.18545394311e-06	9.55636182934e-06	0.000251650861506	0	0.011426223294	0.000465076275695	0	1.27418157725e-05	0	3.82254473174e-05	9.55636182934e-06	0	2.54836315449e-05	0.000111490888009	6.37090788623e-05	6.37090788623e-06	6.68945328054e-05	9.55636182934e-06	0	0.000111490888009	0.00225848684567	6.37090788623e-05	0.00014334542744	6.05236249192e-05	5.09672630898e-05	0.00148760699143	0.000563825347931	8.60072564641e-05	0.000506487176955	0.00303255215384	0.0104228053019	8.91927104072e-05	0	6.37090788623e-06	0	0	3.18545394311e-06	8.60072564641e-05	0.00274586129896	0.00122958522204	0.000133789065611	7.96363485779e-05	3.82254473174e-05	3.18545394311e-06	0	0.00189215964221	0.000242094499677	0.000226167229961	0.000117861795895	0.000124232703781	0	0
0.00023572359179	0.00373016656739	0.0538055025531	0	0	0	1.91127236587e-05	0.00504894449984	0.000551083532159	5.41527170329e-05	0.000140159973497	7.00799867485e-05	3.18545394311e-06	6.37090788623e-06	0.00107031252489	0	0.000273949039108	0.00822484208112	1.59272697156e-05	0.000251650861506	3.18545394311e-06	0.00275860311474	0.00163095241887	0.0190522000338	0.000541527170329	6.37090788623e-06	0.0100469217366	0.0261621332348	0.00480685000016	0.000592494433419	0.00504257359195	2.22981776018e-05	3.18545394311e-06	0.000321730848255	0.00148442153749	1.27418157725e-05	0.00490241361845	0.000653018058338	0	2.54836315449e-05	0	0.000299432670653	6.68945328054e-05	1.59272697156e-05	0.000181570874758	0.000563825347931	0.000232538137847	9.23781643503e-05	3.18545394311e-06	4.45963552036e-05	1.91127236587e-05	0.00267259585827	0.000732654406916	0.000178385420814	0.000242094499677	0.000350399933743	0.000152901789269	0.00572426073578	0.00502346086829	0.000277134493051	9.55636182934e-06	8.91927104072e-05	0.00768968581868	0.000302618124596	3.18545394311e-06	2.22981776018e-05	0	0	0	0.00023572359179	0.00907854373788	0.00229352683904	0.00291150490401	0.00194949781319	1.59272697156e-05	0	3.50399933743e-05	0.00364734476487	0.00120728704444	0.000350399933743	0.00010193452618	0.00043959264415	6.37090788623e-06	0
0	0	0	0	0	0	0	0	0	0	0	0	0	0	0	0	0	0	0	0	0	0	0	0	0	0	0	0	0	0	0	0	0	0	0	0	0	0	0	0	0	0	0	0	0	0	0	0	0	0	0	0	0	0	0	0	0	0	0	0	0	0	0	0	0	0	0	0	0	0	0	0	0	0	0	0	0	0	0	0	0	0	0	0
0	0	0	0	0.0187304691855	9.55636182934e-06	0.000293061762767	0.000305803578539	3.18545394311e-06	0.00168191968196	0.00162458151099	0.000850516202811	0.0062211915509	3.18545394311e-06	3.82254473174e-05	0.000340843571913	0	0	0.000242094499677	0.000277134493051	0.0110917506299	3.18545394311e-06	3.18545394311e-06	3.18545394311e-06	0.0060810315774	0	0.000509672630898	9.55636182934e-06	0.00449786096768	0.00150671971509	1.59272697156e-05	2.54836315449e-05	1.27418157725e-05	4.45963552036e-05	0.00153220334664	0	0	0	0	0.00244961408225	0	9.55636182934e-05	0	2.8669085488e-05	0.000461890821752	0.000407738104719	1.91127236587e-05	0.000302618124596	6.37090788623e-06	2.8669085488e-05	5.73381709761e-05	0	0	1.59272697156e-05	1.91127236587e-05	0.00100023253814	0	0	0	0.000535156262443	3.18545394311e-06	3.18545394311e-06	3.18545394311e-06	0.00209284324063	1.91127236587e-05	0	0	0	0	1.59272697156e-05	0.000487374453296	1.59272697156e-05	0.0005319708085	7.96363485779e-05	0.00179978147786	6.37090788623e-06	1.27418157725e-05	0	0	2.54836315449e-05	0	0	0	0
0	0	0	0	9.55636182934e-06	0.00576567163704	0.00193357054347	0.000127418157725	0.00137611610343	6.37090788623e-05	0.000465076275695	3.18545394311e-05	0.000168829058985	0	5.09672630898e-05	0.000598865341305	0	0	0	0	2.22981776018e-05	0	0	0	1.91127236587e-05	0	1.59272697156e-05	0	6.37090788623e-06	0.000455519913865	0	0	0.00262162859518	0	0.000544712624273	0	0	0	0	0	0	0	0	0	0	0	0	0	0	0	0	0	0	0	0	0	0	0	0	0	0	0	0	0	0	0	0	0	0	0	0.000321730848255	0	4.45963552036e-05	3.18545394311e-06	0.00128055248513	0.000882370742243	0	0	0	0	0	0	0	0
5.09672630898e-05	0	1.91127236587e-05	0	0.000293061762767	0.00193357054347	0.0347978988746	0.00422391192857	0.0134458010939	4.77818091467e-05	0.0134075756466	0.00183163601729	0.0111140488075	0	0.0033988793573	0.00244961408225	0	0	7.64508946347e-05	5.73381709761e-05	0.00179978147786	5.09672630898e-05	0	6.37090788623e-05	0.00033765811797	0	0.000949265275048	9.55636182934e-06	0.000410923558662	0.00576248618309	4.14109012605e-05	2.54836315449e-05	0.00144301063623	2.22981776018e-05	0.00254517770055	0	0	0	0	0	0	0	0	0	6.37090788623e-06	0	0	0	0	0	0	0	0	0	0	0	0	0	0	6.37090788623e-06	0	0	0	0	0	0	0	0	0	0	0.000216610868132	9.55636182934e-06	0.000375883565287	3.50399933743e-05	0.00211514141823	7.96363485779e-05	6.37090788623e-06	0	0	0	0	0	0	0
0.00299432670653	5.41527170329e-05	0.00504894449984	0	0.000305803578539	0.000127418157725	0.00422391192857	0.0532576044749	0.00652062422155	0.00192719963558	0.0103208707757	0.000863258018584	0.000121047249838	1.27418157725e-05	0.00802734393665	6.05236249192e-05	3.18545394311e-06	0.00142389791257	0.000105119980123	0.000242094499677	9.23781643503e-05	0.00561276984777	0	0.00946079821105	0.0008791852883	0	0.00169147604379	0.000512858084841	0.0257289114985	0.0151850589468	0.0232347010611	4.14109012605e-05	0.000111490888009	0.0125506885359	0.0107604634198	0	2.8669085488e-05	0	0	0.000299432670653	0	0	4.77818091467e-05	3.18545394311e-06	0.00142389791257	0.00077725076212	3.18545394311e-06	0	3.18545394311e-06	0	0	3.18545394311e-06	5.73381709761e-05	6.37090788623e-06	3.18545394311e-06	7.00799867485e-05	2.22981776018e-05	3.82254473174e-05	7.64508946347e-05	0.00201002143811	0	0.000117861795895	8.91927104072e-05	0.00217566504315	3.18545394311e-06	9.55636182934e-06	0	0	0	6.37090788623e-06	0.00386714108694	0.000866443472527	0.00660663147802	0.00269807948982	9.87490722365e-05	0.000146530881383	1.91127236587e-05	0.000124232703781	6.05236249192e-05	3.18545394311e-05	1.59272697156e-05	9.55636182934e-06	3.18545394311e-06	0
0.000385439927117	3.18545394311e-06	0.000551083532159	0	3.18545394311e-06	0.00137611610343	0.0134458010939	0.00652062422155	0.0308606778009	1.27418157725e-05	0.0124041576545	0.000273949039108	0.00148442153749	0	0.012541132174	0.000442778098093	0	6.68945328054e-05	1.27418157725e-05	3.18545394311e-06	0.000394996288946	0.00038862538106	0	0.000809105301551	3.50399933743e-05	0	0.000248465407563	5.09672630898e-05	0.00126462521542	0.00459979549386	0.000522414446671	0	0.00107349797883	7.32654406916e-05	0.000640276242566	0	3.18545394311e-06	0	0	0	0	0	3.18545394311e-06	0	0.000156087243213	6.37090788623e-06	0	0	0	0	0	0	0	0	0	3.18545394311e-06	9.55636182934e-06	0	1.91127236587e-05	4.14109012605e-05	0	0	1.59272697156e-05	9.87490722365e-05	0	0	0	0	0	0	7.96363485779e-05	6.37090788623e-06	0.000270763585165	4.14109012605e-05	0.000187941782644	4.77818091467e-05	0	4.77818091467e-05	1.27418157725e-05	0	0	0	0	0
1.27418157725e-05	0.00279682856205	5.41527170329e-05	0	0.00168191968196	6.37090788623e-05	4.77818091467e-05	0.00192719963558	1.27418157725e-05	0.0349093897626	0.000410923558662	0.00072628349903	0.00229671229299	7.00799867485e-05	0.000229352683904	0.000442778098093	0.00315678485763	3.18545394311e-06	1.91127236587e-05	0	0.00140478518891	0.00180933783969	0.00988446358548	0.00424939556011	0.0162362587481	0.000369512657401	0.000767694400291	0.00238271954945	0.00823121298901	0.00267578131222	0.000130603611668	6.68945328054e-05	0.000191127236587	0.000586123525533	0.00274904675291	6.37090788623e-06	5.73381709761e-05	0	0	0.00169784695168	3.18545394311e-06	2.22981776018e-05	0.000251650861506	1.59272697156e-05	0.012041015905	0.00292106126584	6.37090788623e-06	8.2821802521e-05	2.8669085488e-05	6.37090788623e-06	3.18545394311e-05	0.00438637007967	1.91127236587e-05	6.37090788623e-06	1.91127236587e-05	0.00140797064286	0.000181570874758	0.00550127895976	0.000165643605042	0.0148346590131	3.18545394311e-05	1.91127236587e-05	0.000162458151099	0.00922507461926	3.18545394311e-06	6.37090788623e-06	0	0	0	1.59272697156e-05	0.00242413045071	0.000589308979476	0.000646647150452	0.000394996288946	0.00169466149774	1.27418157725e-05	0	0.000691243505656	0.000105119980123	6.68945328054e-05	6.37090788623e-05	0.000506487176955	6.37090788623e-05	0
0.000793178031835	3.50399933743e-05	0.000140159973497	0	0.00162458151099	0.000465076275695	0.0134075756466	0.0103208707757	0.0124041576545	0.000410923558662	0.0460266240241	0.00383528654751	0.00555543167679	6.05236249192e-05	0.00774702398965	0.000264392677278	0	2.8669085488e-05	0.000649832604395	0.00118498886684	0.00315678485763	5.73381709761e-05	0	0.000200683598416	0.000468261729638	9.55636182934e-06	0.00275223220685	0.000340843571913	0.00184119237912	0.0144587754478	0.000382254473174	0.000127418157725	0.000579752617647	0.00205143233937	0.010585263453	0	1.27418157725e-05	0	0	7.32654406916e-05	0	0	0	0	0.000379069019231	0.000401367196832	3.18545394311e-06	0	1.59272697156e-05	0	0	0	3.82254473174e-05	6.37090788623e-06	3.18545394311e-06	0.000172014512928	0	0	1.27418157725e-05	0.00043959264415	6.37090788623e-06	8.2821802521e-05	2.22981776018e-05	0.000449149005979	0	0	0	0	0	3.18545394311e-06	0.00186986146461	0.000458705367808	0.00647284241241	0.00096200709082	0.000136974519554	0.000226167229961	9.55636182934e-06	1.91127236587e-05	1.91127236587e-05	9.55636182934e-06	6.37090788623e-06	3.18545394311e-06	0	0
6.37090788623e-06	0	7.00799867485e-05	0	0.000850516202811	3.18545394311e-05	0.00183163601729	0.000863258018584	0.000273949039108	0.00072628349903	0.00383528654751	0.0291405326716	0.00436407190207	0.00120091613655	0.00115631978135	0.000229352683904	3.18545394311e-06	0.000108305434066	0.00436407190207	0.00591538797236	0.00418568648125	0.000136974519554	3.18545394311e-06	0.000216610868132	0.0014780506296	0.000653018058338	0.0161375096758	0.000586123525533	0.000379069019231	0.0116715032476	0.000356770841629	0.00225848684567	0.000187941782644	0.000264392677278	0.0146084917831	0	3.18545394311e-06	0	0	2.22981776018e-05	0	3.18545394311e-06	9.55636182934e-05	0	5.41527170329e-05	0.000200683598416	9.23781643503e-05	3.18545394311e-06	0.00100978889997	0	0	9.55636182934e-06	3.18545394311e-06	9.55636182934e-06	3.18545394311e-06	2.22981776018e-05	0	1.27418157725e-05	1.59272697156e-05	0.000637090788623	6.05236249192e-05	0.000105119980123	0.000461890821752	0.000458705367808	0	0	0.000146530881383	0	0	3.18545394311e-06	0.00360911931755	0.00438318462573	0.00560958439382	0.00043003628232	0.000321730848255	3.18545394311e-06	0.000366327203458	6.05236249192e-05	0.000700799867485	6.37090788623e-06	0	0.00010193452618	0	9.55636182934e-06
0.000159272697156	0	3.18545394311e-06	0	0.0062211915509	0.000168829058985	0.0111140488075	0.000121047249838	0.00148442153749	0.00229671229299	0.00555543167679	0.00436407190207	0.0360943786294	3.18545394311e-05	0.00417613011942	0.0030516648775	0	3.18545394311e-06	0.000522414446671	0.00100660344602	0.0166567386685	9.55636182934e-06	0	9.55636182934e-06	0.004647577303	6.37090788623e-06	0.00264392677278	0.000124232703781	0.00246872680591	0.00909765646153	3.82254473174e-05	8.91927104072e-05	7.64508946347e-05	2.8669085488e-05	0.00598228250517	0	0	0	0	3.82254473174e-05	0	0	0	0	3.18545394311e-05	0	0	6.37090788623e-06	1.27418157725e-05	0	0	0	0	0	0	2.8669085488e-05	0	0	0	3.50399933743e-05	9.55636182934e-06	0	9.55636182934e-06	3.18545394311e-05	0	0	6.37090788623e-06	0	0	0	0.000474632637524	1.27418157725e-05	0.00244005772043	3.82254473174e-05	0.00485781726325	0.000117861795895	6.37090788623e-06	0	3.18545394311e-06	0	0	3.18545394311e-06	0	0
0	0.000350399933743	6.37090788623e-06	0	3.18545394311e-06	0	0	1.27418157725e-05	0	7.00799867485e-05	6.05236249192e-05	0.00120091613655	3.18545394311e-05	0.0129074593775	1.91127236587e-05	0	0.000162458151099	9.55636182934e-06	0	1.59272697156e-05	4.77818091467e-05	3.82254473174e-05	3.82254473174e-05	0.000136974519554	0.000114676341952	0.00666078419505	0.00465076275695	0.00293698853555	5.41527170329e-05	0.000156087243213	1.59272697156e-05	0.0035167411532	3.50399933743e-05	6.37090788623e-06	0.000258021769392	0	7.64508946347e-05	0	0	0	0	0	0	0	0	0	0.0014334542744	0	0.00219477776681	0	0	0	0	0	4.45963552036e-05	0	0	6.37090788623e-06	0	0	0.000442778098093	0.000191127236587	0.000382254473174	0	0	0	1.59272697156e-05	0	0	3.18545394311e-06	0.000136974519554	0.000729468952973	0.00028669085488	8.91927104072e-05	3.18545394311e-06	3.50399933743e-05	0.000496930815126	3.18545394311e-06	0.00131877793245	1.27418157725e-05	0	0	0	0.000522414446671
0.00452971550711	3.18545394311e-05	0.00107031252489	0	3.82254473174e-05	5.09672630898e-05	0.0033988793573	0.00802734393665	0.012541132174	0.000229352683904	0.00774702398965	0.00115631978135	0.00417613011942	1.91127236587e-05	0.0374386401934	0.000226167229961	3.18545394311e-06	0.000353585387686	6.68945328054e-05	6.68945328054e-05	0.00193357054347	0.000630719880737	1.27418157725e-05	0.00162458151099	0.000379069019231	0	0.000697614413542	0.000210239960246	0.00364734476487	0.018816476442	0.00640913333355	1.59272697156e-05	0.000184756328701	0.00196861053684	0.00367601385035	0	3.18545394311e-06	0	0	0	0	3.18545394311e-06	6.37090788623e-06	0	0.000375883565287	2.22981776018e-05	3.18545394311e-06	3.18545394311e-06	0	0	0	9.55636182934e-06	6.37090788623e-06	3.18545394311e-06	3.18545394311e-06	6.37090788623e-06	1.27418157725e-05	6.37090788623e-06	4.45963552036e-05	0.000222981776018	0	6.37090788623e-06	4.45963552036e-05	0.000270763585165	3.18545394311e-06	3.18545394311e-06	0	0	0	3.18545394311e-06	0.000592494433419	0.000111490888009	0.00251013770717	0.00072628349903	0.000611607157078	5.73381709761e-05	2.54836315449e-05	0.000108305434066	2.8669085488e-05	3.18545394311e-06	0	4.14109012605e-05	0	0
0	0	0	0	0.000340843571913	0.000598865341305	0.00244961408225	6.05236249192e-05	0.000442778098093	0.000442778098093	0.000264392677278	0.000229352683904	0.0030516648775	0	0.000226167229961	0.0065907042083	0	0	0	0	0.000653018058338	1.59272697156e-05	0	9.55636182934e-06	0.000573381709761	0	0.000165643605042	0	0.000200683598416	0.000904668919844	3.18545394311e-06	9.55636182934e-06	0.000385439927117	3.18545394311e-06	0.000331287210084	0	0	0	0	0	0	0	0	0	3.18545394311e-06	0	0	0	0	0	0	0	0	0	0	0	0	0	0	3.18545394311e-06	0	0	0	3.18545394311e-06	0	0	0	0	0	0	0.000522414446671	0	3.18545394311e-05	1.27418157725e-05	0.00320775212072	0.000114676341952	0	0	0	0	0	0	0	0
0	0.00171695967534	0.000273949039108	0	0	0	0	3.18545394311e-06	0	0.00315678485763	0	3.18545394311e-06	0	0.000162458151099	3.18545394311e-06	0	0.0171186294903	9.55636182934e-06	0	0	0	0.00290194854218	0.00883326378426	0.00789036941709	0.00275541766079	0.000703985321428	0.000375883565287	0.00431629009292	0.00208965778668	9.55636182934e-06	3.18545394311e-06	0.000114676341952	3.18545394311e-06	3.18545394311e-06	3.82254473174e-05	0	1.59272697156e-05	0	0	0	0	0	0	0	0.000840959840982	3.18545394311e-06	0	0	0	0	0	0.00536748989415	1.27418157725e-05	0	0	0	0.000302618124596	0.00658433330042	0.00171695967534	0.0012932943009	3.18545394311e-06	9.55636182934e-06	5.73381709761e-05	0.000573381709761	0	3.18545394311e-06	0	0	0	6.37090788623e-06	0.000410923558662	0.000270763585165	0.000105119980123	5.41527170329e-05	3.50399933743e-05	0	0	3.50399933743e-05	1.59272697156e-05	3.18545394311e-06	0	0	6.37090788623e-06	0
0.000219796322075	0.000551083532159	0.00822484208112	0	0	0	0	0.00142389791257	6.68945328054e-05	3.18545394311e-06	2.8669085488e-05	0.000108305434066	3.18545394311e-06	9.55636182934e-06	0.000353585387686	0	9.55636182934e-06	0.0257766933077	1.27418157725e-05	0.00403915559987	6.37090788623e-06	0.000780436216063	6.37090788623e-05	0.0075654531149	4.77818091467e-05	0	0.00648239877424	0.00408693740902	0.000863258018584	0.000710356229314	0.0030516648775	3.18545394311e-06	0	0.000165643605042	0.00760367856221	0	0.000308989032482	6.37090788623e-05	0	0	0	0	0	3.18545394311e-06	9.55636182934e-06	1.59272697156e-05	6.37090788623e-06	0	0	0	0	6.68945328054e-05	0.00112446524192	3.18545394311e-06	1.91127236587e-05	3.18545394311e-06	2.8669085488e-05	0.000136974519554	0.000242094499677	1.27418157725e-05	0	0.00122958522204	0.00033765811797	2.54836315449e-05	0	3.18545394311e-06	0	0	0	2.22981776018e-05	0.00248146862169	0.00107031252489	0.00368238475824	0.00140797064286	9.55636182934e-06	9.55636182934e-06	4.14109012605e-05	0.000181570874758	9.87490722365e-05	5.09672630898e-05	3.50399933743e-05	2.22981776018e-05	3.18545394311e-06	0
9.55636182934e-06	0	1.59272697156e-05	0	0.000242094499677	0	7.64508946347e-05	0.000105119980123	1.27418157725e-05	1.91127236587e-05	0.000649832604395	0.00436407190207	0.000522414446671	0	6.68945328054e-05	0	0	1.27418157725e-05	0.00644098787298	0.00265029768067	0.000764508946347	0.000121047249838	0	0.000130603611668	0.000130603611668	0	0.00424621010617	1.59272697156e-05	6.05236249192e-05	0.00135700337977	7.96363485779e-05	1.59272697156e-05	0	6.05236249192e-05	0.00154175970847	0	0	0	0	0	0	0	0	0	3.18545394311e-06	3.18545394311e-06	0	0	0	0	0	3.18545394311e-06	0	0	0	0	0	9.55636182934e-06	3.18545394311e-06	1.59272697156e-05	0	0	3.18545394311e-06	1.27418157725e-05	0	0	0	0	0	0	0.0015736142479	0.00162776696493	0.00111809433403	0.000229352683904	0	0	6.37090788623e-06	3.18545394311e-06	0	0	0	0	0	0
1.27418157725e-05	0.000156087243213	0.000251650861506	0	0.000277134493051	0	5.73381709761e-05	0.000242094499677	3.18545394311e-06	0	0.00118498886684	0.00591538797236	0.00100660344602	1.59272697156e-05	6.68945328054e-05	0	0	0.00403915559987	0.00265029768067	0.0168765349906	0.00145893790595	0.00024527995362	0	0.00067531623594	0.000391810835003	0	0.0101520417167	0.00115950523529	0.000210239960246	0.00264392677278	0.000541527170329	1.91127236587e-05	0	0.000229352683904	0.00901483465901	0	6.05236249192e-05	0	0	0	0	0	3.18545394311e-06	0	0	0	0	0	1.27418157725e-05	0	0	6.37090788623e-06	0.000716727137201	0	9.55636182934e-06	0	0	0	9.55636182934e-06	3.18545394311e-06	1.59272697156e-05	0.000707170775371	7.64508946347e-05	6.37090788623e-06	0	0	0	0	0	0	0.0024973958914	0.00207373051697	0.00581663890013	0.000891927104072	0	0	9.55636182934e-06	6.68945328054e-05	1.91127236587e-05	9.55636182934e-06	1.27418157725e-05	0	0	0
9.55636182934e-05	2.22981776018e-05	3.18545394311e-06	0	0.0110917506299	2.22981776018e-05	0.00179978147786	9.23781643503e-05	0.000394996288946	0.00140478518891	0.00315678485763	0.00418568648125	0.0166567386685	4.77818091467e-05	0.00193357054347	0.000653018058338	0	6.37090788623e-06	0.000764508946347	0.00145893790595	0.0262385841294	9.55636182934e-06	6.37090788623e-06	1.27418157725e-05	0.00724372226664	1.91127236587e-05	0.00273630493714	0.000210239960246	0.00387351199483	0.00846375112685	2.54836315449e-05	9.23781643503e-05	0.000127418157725	0.000121047249838	0.00695703141176	0	0	0	0	0.000621163518907	0	5.09672630898e-05	0	0	0.000407738104719	9.87490722365e-05	9.55636182934e-06	0.000207054506302	1.91127236587e-05	0	5.09672630898e-05	0	3.18545394311e-06	9.55636182934e-06	9.55636182934e-06	0.000305803578539	0	0	0	0.000382254473174	1.27418157725e-05	9.55636182934e-06	1.59272697156e-05	0.00049055990724	1.27418157725e-05	0	6.37090788623e-06	0	0	1.27418157725e-05	0.000662574420168	5.09672630898e-05	0.00371423929767	0.000108305434066	0.00301343943019	0.000191127236587	1.27418157725e-05	0	6.37090788623e-06	1.27418157725e-05	0	3.18545394311e-06	0	0
0.000229352683904	0.000191127236587	0.00275860311474	0	3.18545394311e-06	0	5.09672630898e-05	0.00561276984777	0.00038862538106	0.00180933783969	5.73381709761e-05	0.000136974519554	9.55636182934e-06	3.82254473174e-05	0.000630719880737	1.59272697156e-05	0.00290194854218	0.000780436216063	0.000121047249838	0.00024527995362	9.55636182934e-06	0.0429367336992	0.00206417415514	0.0287646491063	0.00184437783306	9.55636182934e-05	0.000516043538784	0.000503301723012	0.0124837940031	0.000723098045087	0.013942731909	3.50399933743e-05	0	0.000643461696509	0.00550127895976	3.18545394311e-06	4.14109012605e-05	0	0	0	0	0	3.18545394311e-06	3.18545394311e-06	0.000627534426793	0	0	0	0	0	0	0.00252287952295	2.22981776018e-05	0	0	0	0.000324916302198	0.00307714850905	0.000114676341952	0.00133470520216	0	1.59272697156e-05	8.2821802521e-05	0.000617978064964	0	1.59272697156e-05	0	0	0	1.59272697156e-05	0.00399455924467	0.00139841428103	0.00561276984777	0.00230945410876	0.000528785354557	3.18545394311e-06	4.14109012605e-05	9.55636182934e-05	1.59272697156e-05	1.27418157725e-05	1.59272697156e-05	3.18545394311e-06	9.55636182934e-06	0
1.27418157725e-05	0.00376520656076	0.00163095241887	0	3.18545394311e-06	0	0	0	0	0.00988446358548	0	3.18545394311e-06	0	3.82254473174e-05	1.27418157725e-05	0	0.00883326378426	6.37090788623e-05	0	0	6.37090788623e-06	0.00206417415514	0.0272961548385	0.00759412220038	0.00853064565966	0.000197498144473	0.000417294466548	0.00942257276373	0.00295291580527	6.37090788623e-06	1.59272697156e-05	1.91127236587e-05	0	0	3.18545394311e-05	0	0.000369512657401	0	0	0	0	0	3.18545394311e-06	0	0.00272993402925	3.18545394311e-06	0	0	6.37090788623e-06	0	0	0.00939708913219	9.55636182934e-06	0	6.37090788623e-06	0	0.000302618124596	0.0117957359514	0.00326827574564	0.00279364310811	9.55636182934e-06	1.59272697156e-05	0.00150034880721	0.00119773068261	0	0	0	0	0	6.37090788623e-06	0.000318545394311	5.41527170329e-05	2.54836315449e-05	1.27418157725e-05	0.000207054506302	0	3.18545394311e-06	0.000117861795895	5.41527170329e-05	9.55636182934e-06	9.55636182934e-06	0	0	0
0.000407738104719	0.000936523459276	0.0190522000338	0	3.18545394311e-06	0	6.37090788623e-05	0.00946079821105	0.000809105301551	0.00424939556011	0.000200683598416	0.000216610868132	9.55636182934e-06	0.000136974519554	0.00162458151099	9.55636182934e-06	0.00789036941709	0.0075654531149	0.000130603611668	0.00067531623594	1.27418157725e-05	0.0287646491063	0.00759412220038	0.0823567262453	0.00117224705107	0.000538341716386	0.00328738846929	0.00953406365174	0.0115122305504	0.00102571616968	0.0129138302854	0.000117861795895	6.37090788623e-06	0.00062434897285	0.00847330748868	6.37090788623e-06	0.000130603611668	0.000130603611668	0	0	0	0	2.22981776018e-05	6.37090788623e-06	0.0005319708085	3.50399933743e-05	1.91127236587e-05	0	0	3.18545394311e-06	3.18545394311e-06	0.0123340776677	0.000111490888009	2.54836315449e-05	2.54836315449e-05	3.18545394311e-06	0.000417294466548	0.0155482006963	0.00730424589156	0.00170421785957	0	5.41527170329e-05	0.00154175970847	0.000665759874111	3.18545394311e-06	2.54836315449e-05	0	0	0	2.54836315449e-05	0.00933975096121	0.00272356312136	0.0119358959248	0.00766738764108	0.000786807123949	4.14109012605e-05	0.000105119980123	0.000707170775371	0.00014334542744	0.000140159973497	0.000121047249838	2.22981776018e-05	1.27418157725e-05	0
0.000331287210084	0.00276497402262	0.000541527170329	0	0.0060810315774	1.91127236587e-05	0.00033765811797	0.0008791852883	3.50399933743e-05	0.0162362587481	0.000468261729638	0.0014780506296	0.004647577303	0.000114676341952	0.000379069019231	0.000573381709761	0.00275541766079	4.77818091467e-05	0.000130603611668	0.000391810835003	0.00724372226664	0.00184437783306	0.00853064565966	0.00117224705107	0.0491324416186	0.000465076275695	0.00143663972834	0.00396589015918	0.0188387746196	0.00267578131222	0.00108942524855	5.73381709761e-05	9.55636182934e-06	0.000751767130575	0.00305803578539	0	0.000181570874758	3.18545394311e-06	0	0.00106712707094	0	6.37090788623e-06	0.000181570874758	2.54836315449e-05	0.0125729867135	0.000519228992728	9.55636182934e-06	0.000121047249838	1.27418157725e-05	2.22981776018e-05	0	0.00105757070911	8.60072564641e-05	9.55636182934e-06	7.64508946347e-05	0.000105119980123	0.000328101756141	0.00221389049046	0.000187941782644	0.0127418157725	1.27418157725e-05	0.000146530881383	0.000318545394311	0.00995454357223	0	0	3.18545394311e-06	0	0	1.27418157725e-05	0.00463802094117	0.00168510513591	0.00202913416176	0.00132514884034	0.00350081388348	5.41527170329e-05	0	0.000723098045087	0.000162458151099	5.41527170329e-05	5.41527170329e-05	4.14109012605e-05	1.91127236587e-05	0
0	0.00189215964221	6.37090788623e-06	0	0	0	0	0	0	0.000369512657401	9.55636182934e-06	0.000653018058338	6.37090788623e-06	0.00666078419505	0	0	0.000703985321428	0	0	0	1.91127236587e-05	9.55636182934e-05	0.000197498144473	0.000538341716386	0.000465076275695	0.013716564679	0.00608740248529	0.00601095159066	0.000124232703781	1.59272697156e-05	3.18545394311e-06	0.00333835573238	0	0	1.91127236587e-05	0	0.000184756328701	0	0	0	0	0	0	0	0	0	0.0015736142479	0	0.00373016656739	0	0	0	0	0	4.45963552036e-05	0	3.18545394311e-06	9.55636182934e-06	3.18545394311e-06	0	0.00196861053684	0.000261207223335	0.00121684340627	0	0	0	1.91127236587e-05	0	0	0	3.82254473174e-05	0.00010193452618	1.91127236587e-05	0	1.27418157725e-05	0	0.000178385420814	9.55636182934e-06	0.00134744701794	2.8669085488e-05	0	3.18545394311e-06	0	0.000735839860859
8.91927104072e-05	0.0110439688208	0.0100469217366	0	0.000509672630898	1.59272697156e-05	0.000949265275048	0.00169147604379	0.000248465407563	0.000767694400291	0.00275223220685	0.0161375096758	0.00264392677278	0.00465076275695	0.000697614413542	0.000165643605042	0.000375883565287	0.00648239877424	0.00424621010617	0.0101520417167	0.00273630493714	0.000516043538784	0.000417294466548	0.00328738846929	0.00143663972834	0.00608740248529	0.0952450728991	0.0287742054682	0.000997047084195	0.0075654531149	0.00125506885359	0.00715771501018	2.54836315449e-05	0.000487374453296	0.0141561573232	3.18545394311e-06	0.00702074049062	0.000175199966871	0	3.18545394311e-05	0	7.32654406916e-05	0.000149716335326	9.55636182934e-06	0.000133789065611	0.000359956295572	0.000926967097446	2.54836315449e-05	0.00683598416192	4.14109012605e-05	0	0.000248465407563	0.00716090046412	0.000318545394311	0.00329694483112	0.000114676341952	7.64508946347e-05	0.000535156262443	0.0018985305501	0.000656203512282	0.00484188999353	0.0103463544072	0.0113370305835	0.000535156262443	3.18545394311e-06	1.27418157725e-05	0.000344029025856	0	3.18545394311e-06	0.000175199966871	0.0117798086816	0.0107317943344	0.00817706027197	0.00162458151099	0.000181570874758	6.37090788623e-06	2.8669085488e-05	0.00337021027181	0.00486418817114	0.000465076275695	0.000124232703781	0.000493745361183	3.18545394311e-06	0.000226167229961
0.000140159973497	0.0177652766407	0.0261621332348	0	9.55636182934e-06	0	9.55636182934e-06	0.000512858084841	5.09672630898e-05	0.00238271954945	0.000340843571913	0.000586123525533	0.000124232703781	0.00293698853555	0.000210239960246	0	0.00431629009292	0.00408693740902	1.59272697156e-05	0.00115950523529	0.000210239960246	0.000503301723012	0.00942257276373	0.00953406365174	0.00396589015918	0.00601095159066	0.0287742054682	0.0795821958608	0.00111490888009	0.000885556196186	0.000710356229314	0.00237634864156	6.37090788623e-06	0.000219796322075	0.00288602127246	0	0.00933656550727	7.96363485779e-05	0	6.37090788623e-06	0	0.000207054506302	6.37090788623e-06	6.37090788623e-06	3.50399933743e-05	0.000264392677278	0.000264392677278	5.73381709761e-05	0.00208965778668	3.18545394311e-06	1.27418157725e-05	0.00506168631561	0.00107668343277	8.60072564641e-05	0.00072628349903	0.000210239960246	3.50399933743e-05	0.00859435473852	0.00285735218697	0.000124232703781	0.00300069761441	0.00292424671978	0.012881975746	0.000111490888009	0	0	1.91127236587e-05	0	0	8.91927104072e-05	0.0127577430422	0.00392129380397	0.0034211775349	0.00183800692518	4.14109012605e-05	0	3.18545394311e-05	0.00177748330026	0.000471447183581	0.000207054506302	8.91927104072e-05	0.000181570874758	0	0.00010193452618
0.00162139605705	0.000385439927117	0.00480685000016	0	0.00449786096768	6.37090788623e-06	0.000410923558662	0.0257289114985	0.00126462521542	0.00823121298901	0.00184119237912	0.000379069019231	0.00246872680591	5.41527170329e-05	0.00364734476487	0.000200683598416	0.00208965778668	0.000863258018584	6.05236249192e-05	0.000210239960246	0.00387351199483	0.0124837940031	0.00295291580527	0.0115122305504	0.0188387746196	0.000124232703781	0.000997047084195	0.00111490888009	0.0721919427128	0.00990357630914	0.0221038649113	3.18545394311e-05	2.54836315449e-05	0.00867080563316	0.0112096124258	6.37090788623e-06	0.000136974519554	6.37090788623e-06	0	0.00162458151099	0	5.09672630898e-05	0.000203869052359	4.14109012605e-05	0.0105757070911	0.00166280695831	2.54836315449e-05	0.000121047249838	0	3.50399933743e-05	6.37090788623e-06	0.00105757070911	0.000114676341952	2.22981776018e-05	1.91127236587e-05	0.00100023253814	0.000344029025856	0.00216610868132	0.00014334542744	0.0103272416836	0	0.00019431269053	0.000280319946994	0.00972519088833	2.8669085488e-05	6.37090788623e-06	0	0	0	2.8669085488e-05	0.00680731507643	0.00263437041096	0.00822802753506	0.0039085519882	0.0018985305501	0.00019431269053	2.22981776018e-05	0.000516043538784	0.000191127236587	0.000105119980123	9.55636182934e-05	0.000114676341952	6.37090788623e-05	0
0.00735839860859	7.32654406916e-05	0.000592494433419	0	0.00150671971509	0.000455519913865	0.00576248618309	0.0151850589468	0.00459979549386	0.00267578131222	0.0144587754478	0.0116715032476	0.00909765646153	0.000156087243213	0.018816476442	0.000904668919844	9.55636182934e-06	0.000710356229314	0.00135700337977	0.00264392677278	0.00846375112685	0.000723098045087	6.37090788623e-06	0.00102571616968	0.00267578131222	1.59272697156e-05	0.0075654531149	0.000885556196186	0.00990357630914	0.0735712442702	0.0217311667999	0.000308989032482	0.00349762842954	0.0159623097089	0.0359765168335	0	4.14109012605e-05	0	0	8.60072564641e-05	3.18545394311e-06	1.27418157725e-05	0.000191127236587	6.37090788623e-06	0.00138248701131	0.000449149005979	6.37090788623e-06	9.55636182934e-06	3.18545394311e-05	3.18545394311e-06	0	1.91127236587e-05	5.73381709761e-05	6.37090788623e-06	1.59272697156e-05	3.50399933743e-05	0	2.8669085488e-05	5.41527170329e-05	0.00307077760116	1.59272697156e-05	0.00014334542744	0.000140159973497	0.00205780324725	9.55636182934e-06	1.91127236587e-05	6.37090788623e-06	0	0	3.18545394311e-06	0.00650788240578	0.00111490888009	0.0185871237581	0.00368875566613	0.00177748330026	0.00068487259777	6.68945328054e-05	0.000436407190207	7.00799867485e-05	3.18545394311e-05	2.8669085488e-05	0.000442778098093	3.18545394311e-06	0
0.00803690029848	6.05236249192e-05	0.00504257359195	0	1.59272697156e-05	0	4.14109012605e-05	0.0232347010611	0.000522414446671	0.000130603611668	0.000382254473174	0.000356770841629	3.82254473174e-05	1.59272697156e-05	0.00640913333355	3.18545394311e-06	3.18545394311e-06	0.0030516648775	7.96363485779e-05	0.000541527170329	2.54836315449e-05	0.013942731909	1.59272697156e-05	0.0129138302854	0.00108942524855	3.18545394311e-06	0.00125506885359	0.000710356229314	0.0221038649113	0.0217311667999	0.0565195093127	1.59272697156e-05	1.27418157725e-05	0.0132228193179	0.0132068920482	0	1.59272697156e-05	0	0	0	0	0	3.18545394311e-06	3.18545394311e-06	0.000401367196832	1.27418157725e-05	0	0	0	0	0	2.22981776018e-05	1.59272697156e-05	0	0	0	2.22981776018e-05	7.32654406916e-05	4.77818091467e-05	0.000254836315449	0	6.37090788623e-06	4.14109012605e-05	0.00043959264415	3.18545394311e-06	1.27418157725e-05	0	0	0	3.18545394311e-06	0.0022457450299	0.000907854373788	0.00959458727666	0.00259614496364	0.000359956295572	0.000136974519554	1.59272697156e-05	3.82254473174e-05	3.18545394311e-05	1.59272697156e-05	6.37090788623e-06	3.18545394311e-06	3.18545394311e-06	0
0	0.000267578131222	2.22981776018e-05	0	2.54836315449e-05	0	2.54836315449e-05	4.14109012605e-05	0	6.68945328054e-05	0.000127418157725	0.00225848684567	8.91927104072e-05	0.0035167411532	1.59272697156e-05	9.55636182934e-06	0.000114676341952	3.18545394311e-06	1.59272697156e-05	1.91127236587e-05	9.23781643503e-05	3.50399933743e-05	1.91127236587e-05	0.000117861795895	5.73381709761e-05	0.00333835573238	0.00715771501018	0.00237634864156	3.18545394311e-05	0.000308989032482	1.59272697156e-05	0.00786807123949	0	3.18545394311e-06	0.000372698111344	0	5.09672630898e-05	0	0	3.18545394311e-06	0	0	0	0	9.55636182934e-06	6.37090788623e-06	0.000576567163704	0	0.00228397047721	0	0	0	0	3.18545394311e-06	2.22981776018e-05	0	0	1.27418157725e-05	6.37090788623e-06	2.8669085488e-05	0.000653018058338	0.000210239960246	0.000767694400291	1.91127236587e-05	0	0	7.00799867485e-05	0	0	0	0.00067531623594	0.0008791852883	0.000353585387686	0.000105119980123	3.18545394311e-06	0	3.18545394311e-06	1.27418157725e-05	0.00134107611005	6.37090788623e-06	0	6.37090788623e-06	0	7.64508946347e-05
0	3.18545394311e-06	3.18545394311e-06	0	1.27418157725e-05	0.00262162859518	0.00144301063623	0.000111490888009	0.00107349797883	0.000191127236587	0.000579752617647	0.000187941782644	7.64508946347e-05	3.50399933743e-05	0.000184756328701	0.000385439927117	3.18545394311e-06	0	0	0	0.000127418157725	0	0	6.37090788623e-06	9.55636182934e-06	0	2.54836315449e-05	6.37090788623e-06	2.54836315449e-05	0.00349762842954	1.27418157725e-05	0	0.00763871855559	6.05236249192e-05	0.00304529396962	0	3.18545394311e-06	0	0	0	0	0	9.55636182934e-06	0	0.000557454440045	3.18545394311e-06	3.18545394311e-06	0	3.18545394311e-06	0	0	1.59272697156e-05	0	0	0	0	0	1.59272697156e-05	2.8669085488e-05	0.000554268986102	0	3.18545394311e-06	2.22981776018e-05	0.000254836315449	3.18545394311e-06	9.55636182934e-06	0	0	0	0	0.000579752617647	3.82254473174e-05	0.000917410735617	0.000191127236587	0.000267578131222	0.00122321431416	6.37090788623e-06	5.73381709761e-05	1.27418157725e-05	0	0	6.37090788623e-06	0	0
0.000280319946994	9.55636182934e-06	0.000321730848255	0	4.45963552036e-05	0	2.22981776018e-05	0.0125506885359	7.32654406916e-05	0.000586123525533	0.00205143233937	0.000264392677278	2.8669085488e-05	6.37090788623e-06	0.00196861053684	3.18545394311e-06	3.18545394311e-06	0.000165643605042	6.05236249192e-05	0.000229352683904	0.000121047249838	0.000643461696509	0	0.00062434897285	0.000751767130575	0	0.000487374453296	0.000219796322075	0.00867080563316	0.0159623097089	0.0132228193179	3.18545394311e-06	6.05236249192e-05	0.0206704106369	0.0124487540097	0	6.37090788623e-06	0	0	1.91127236587e-05	0	0	1.59272697156e-05	6.37090788623e-06	0.000567010801874	7.00799867485e-05	0	0	0	0	0	0	6.37090788623e-06	0	0	0	0	0	3.18545394311e-06	0.000799548939722	0	6.37090788623e-06	6.37090788623e-06	0.00072628349903	0	0	0	0	0	0	0.00432266100081	0.00154494516241	0.0071003768392	0.00233175228636	0.000127418157725	0.000219796322075	2.22981776018e-05	1.59272697156e-05	0	3.18545394311e-06	0	3.18545394311e-06	3.18545394311e-06	0
0.00138248701131	0.000251650861506	0.00148442153749	0	0.00153220334664	0.000544712624273	0.00254517770055	0.0107604634198	0.000640276242566	0.00274904675291	0.010585263453	0.0146084917831	0.00598228250517	0.000258021769392	0.00367601385035	0.000331287210084	3.82254473174e-05	0.00760367856221	0.00154175970847	0.00901483465901	0.00695703141176	0.00550127895976	3.18545394311e-05	0.00847330748868	0.00305803578539	1.91127236587e-05	0.0141561573232	0.00288602127246	0.0112096124258	0.0359765168335	0.0132068920482	0.000372698111344	0.00304529396962	0.0124487540097	0.0723862554033	0	0.000114676341952	2.22981776018e-05	0	0.000108305434066	0	9.55636182934e-06	0.000197498144473	1.59272697156e-05	0.00251013770717	0.000452334459922	6.37090788623e-06	9.55636182934e-06	3.82254473174e-05	3.18545394311e-06	0	0.000203869052359	0.000547898078216	6.37090788623e-06	1.91127236587e-05	3.50399933743e-05	1.91127236587e-05	0.000251650861506	0.00010193452618	0.0038416574554	2.22981776018e-05	0.000573381709761	0.000210239960246	0.00270126494376	1.27418157725e-05	1.91127236587e-05	6.37090788623e-06	0	0	6.37090788623e-06	0.0125570594438	0.00410286467873	0.0328675137851	0.00655884966887	0.000984305268422	0.00125188339964	0.000124232703781	0.000509672630898	7.00799867485e-05	7.96363485779e-05	6.37090788623e-05	0.000379069019231	1.91127236587e-05	0
0	0	1.27418157725e-05	0	0	0	0	0	0	6.37090788623e-06	0	0	0	0	0	0	0	0	0	0	0	3.18545394311e-06	0	6.37090788623e-06	0	0	3.18545394311e-06	0	6.37090788623e-06	0	0	0	0	0	0	0.0126749212397	0	0	0	0	0	9.87490722365e-05	0.00647284241241	0.00124551249176	6.37090788623e-06	0.00181570874758	1.91127236587e-05	0	0	0.00579434072252	0	0	0.000385439927117	1.91127236587e-05	9.55636182934e-06	0	0.000694428959599	0	0.000452334459922	0.00146849426778	0	4.14109012605e-05	0.000563825347931	0.00369831202796	0.00677227508306	0.00284779582514	0	0	2.8669085488e-05	0.000847330748868	3.18545394311e-06	0	3.18545394311e-06	0	0	0	0	0.000328101756141	0	0.000630719880737	0.000318545394311	0.000181570874758	0.000175199966871	0
6.37090788623e-06	0.011426223294	0.00490241361845	0	0	0	0	2.8669085488e-05	3.18545394311e-06	5.73381709761e-05	1.27418157725e-05	3.18545394311e-06	0	7.64508946347e-05	3.18545394311e-06	0	1.59272697156e-05	0.000308989032482	0	6.05236249192e-05	0	4.14109012605e-05	0.000369512657401	0.000130603611668	0.000181570874758	0.000184756328701	0.00702074049062	0.00933656550727	0.000136974519554	4.14109012605e-05	1.59272697156e-05	5.09672630898e-05	3.18545394311e-06	6.37090788623e-06	0.000114676341952	0	0.027155994865	0.000238909045734	0	0.000133789065611	0	0.000168829058985	3.18545394311e-06	0	0.00427487919166	0.00023572359179	0.00014334542744	0.000178385420814	0.00157998515578	3.18545394311e-06	0	0.000748581676632	0.00109579615643	6.05236249192e-05	0.000414109012605	0.000172014512928	6.37090788623e-05	0.00936523459276	0.000277134493051	0.00431947554686	0.00479092273044	0.00163413787282	0.0184469637846	0.00014334542744	0	6.37090788623e-06	0	0	3.18545394311e-06	0.000105119980123	0.00137611610343	0.000713541683258	5.73381709761e-05	4.45963552036e-05	0	3.18545394311e-06	0	0.00147486517566	0.000156087243213	0.000178385420814	6.68945328054e-05	0.000114676341952	0	0
0	0.000465076275695	0.000653018058338	0	0	0	0	0	0	0	0	0	0	0	0	0	0	6.37090788623e-05	0	0	0	0	0	0.000130603611668	3.18545394311e-06	0	0.000175199966871	7.96363485779e-05	6.37090788623e-06	0	0	0	0	0	2.22981776018e-05	0	0.000238909045734	0.0169211313458	0	0	0	6.37090788623e-06	0.00308670487088	0.000121047249838	0	2.8669085488e-05	3.18545394311e-06	0	0	0.000184756328701	0	0.000111490888009	0.000732654406916	3.18545394311e-06	9.55636182934e-06	0	0.000643461696509	0.000105119980123	0.00687420960924	6.37090788623e-06	0	0.00227122866144	0.00459661003991	0.00121684340627	0	0.00111172342615	0	0	0	6.68945328054e-05	0.000277134493051	0.000111490888009	2.22981776018e-05	3.18545394311e-06	0	0	0	8.2821802521e-05	1.91127236587e-05	0.000203869052359	5.73381709761e-05	1.91127236587e-05	2.22981776018e-05	0
0	0	0	0	0	0	0	0	0	0	0	0	0	0	0	0	0	0	0	0	0	0	0	0	0	0	0	0	0	0	0	0	0	0	0	0	0	0	0	0	0	0	0	0	0	0	0	0	0	0	0	0	0	0	0	0	0	0	0	0	0	0	0	0	0	0	0	0	0	0	0	0	0	0	0	0	0	0	0	0	0	0	0	0
