3547	10	74	0	0	0	16	940	121	4	249	2	50	0	1422	0	0	69	3	4	30	72	4	128	104	0	28	44	509	2310	2523	0	0	88	434	0	2	0	0	0	0	0	0	0	10	0	0	0	0	0	0	2	1	0	0	0	0	2	1	1	0	0	4	8	0	0	0	0	0	0	49	14	645	184	25	7	1	1	1	0	0	0	0	0
10	8830	1171	0	0	0	0	17	1	878	11	0	0	110	10	0	539	173	0	49	7	60	1182	294	868	594	3467	5577	121	23	19	84	1	3	79	0	3587	146	0	4	0	12	3	0	8	35	20	2	21	3	0	35	709	20	45	19	16	467	177	27	159	952	3272	28	0	2	0	0	1	27	862	386	42	25	12	1	0	594	76	71	37	39	0	0
74	1171	16891	0	0	0	6	1585	173	17	44	22	1	2	336	0	86	2582	5	79	1	866	512	5981	170	2	3154	8213	1509	186	1583	7	1	101	466	4	1539	205	0	8	0	94	21	5	57	177	73	29	1	14	6	839	230	56	76	110	48	1797	1577	87	3	28	2414	95	1	7	0	0	0	74	2850	720	914	612	5	0	11	1145	379	110	32	138	2	0
0	0	0	0	0	0	0	0	0	0	0	0	0	0	0	0	0	0	0	0	0	0	0	0	0	0	0	0	0	0	0	0	0	0	0	0	0	0	0	0	0	0	0	0	0	0	0	0	0	0	0	0	0	0	0	0	0	0	0	0	0	0	0	0	0	0	0	0	0	0	0	0	0	0	0	0	0	0	0	0	0	0	0	0
0	0	0	0	5880	3	92	96	1	528	510	267	1953	1	12	107	0	0	76	87	3482	1	1	1	1909	0	160	3	1412	473	5	8	4	14	481	0	0	0	0	769	0	30	0	9	145	128	6	95	2	9	18	0	0	5	6	314	0	0	0	168	1	1	1	657	6	0	0	0	0	5	153	5	167	25	565	2	4	0	0	8	0	0	0	0
0	0	0	0	3	1810	607	40	432	20	146	10	53	0	16	188	0	0	0	0	7	0	0	0	6	0	5	0	2	143	0	0	823	0	171	0	0	0	0	0	0	0	0	0	0	0	0	0	0	0	0	0	0	0	0	0	0	0	0	0	0	0	0	0	0	0	0	0	0	0	101	0	14	1	402	277	0	0	0	0	0	0	0	0
16	0	6	0	92	607	10924	1326	4221	15	4209	575	3489	0	1067	769	0	0	24	18	565	16	0	20	106	0	298	3	129	1809	13	8	453	7	799	0	0	0	0	0	0	0	0	0	2	0	0	0	0	0	0	0	0	0	0	0	0	0	0	2	0	0	0	0	0	0	0	0	0	0	68	3	118	11	664	25	2	0	0	0	0	0	0	0
940	17	1585	0	96	40	1326	16719	2047	605	3240	271	38	4	2520	19	1	447	33	76	29	1762	0	2970	276	0	531	161	8077	4767	7294	13	35	3940	3378	0	9	0	0	94	0	0	15	1	447	244	1	0	1	0	0	1	18	2	1	22	7	12	24	631	0	37	28	683	1	3	0	0	0	2	1214	272	2074	847	31	46	6	39	19	10	5	3	1	0
121	1	173	0	1	432	4221	2047	9688	4	3894	86	466	0	3937	139	0	21	4	1	124	122	0	254	11	0	78	16	397	1444	164	0	337	23	201	0	1	0	0	0	0	0	1	0	49	2	0	0	0	0	0	0	0	0	0	1	3	0	6	13	0	0	5	31	0	0	0	0	0	0	25	2	85	13	59	15	0	15	4	0	0	0	0	0
4	878	17	0	528	20	15	605	4	10959	129	228	721	22	72	139	991	1	6	0	441	568	3103	1334	5097	116	241	748	2584	840	41	21	60	184	863	2	18	0	0	533	1	7	79	5	3780	917	2	26	9	2	10	1377	6	2	6	442	57	1727	52	4657	10	6	51	2896	1	2	0	0	0	5	761	185	203	124	532	4	0	217	33	21	20	159	20	0
249	11	44	0	510	146	4209	3240	3894	129	14449	1204	1744	19	2432	83	0	9	204	372	991	18	0	63	147	3	864	107	578	4539	120	40	182	644	3323	0	4	0	0	23	0	0	0	0	119	126	1	0	5	0	0	0	12	2	1	54	0	0	4	138	2	26	7	141	0	0	0	0	0	1	587	144	2032	302	43	71	3	6	6	3	2	1	0	0
2	0	22	0	267	10	575	271	86	228	1204	9148	1370	377	363	72	1	34	1370	1857	1314	43	1	68	464	205	5066	184	119	3664	112	709	59	83	4586	0	1	0	0	7	0	1	30	0	17	63	29	1	317	0	0	3	1	3	1	7	0	4	5	200	19	33	145	144	0	0	46	0	0	1	1133	1376	1761	135	101	1	115	19	220	2	0	32	0	3
50	0	1	0	1953	53	3489	38	466	721	1744	1370	11331	10	1311	958	0	1	164	316	5229	3	0	3	1459	2	830	39	775	2856	12	28	24	9	1878	0	0	0	0	12	0	0	0	0	10	0	0	2	4	0	0	0	0	0	0	9	0	0	0	11	3	0	3	10	0	0	2	0	0	0	149	4	766	12	1525	37	2	0	1	0	0	1	0	0
0	110	2	0	1	0	0	4	0	22	19	377	10	4052	6	0	51	3	0	5	15	12	12	43	36	2091	1460	922	17	49	5	1104	11	2	81	0	24	0	0	0	0	0	0	0	0	0	450	0	689	0	0	0	0	0	14	0	0	2	0	0	139	60	120	0	0	0	5	0	0	1	43	229	90	28	1	11	156	1	414	4	0	0	0	164
1422	10	336	0	12	16	1067	2520	3937	72	2432	363	1311	6	11753	71	1	111	21	21	607	198	4	510	119	0	219	66	1145	5907	2012	5	58	618	1154	0	1	0	0	0	0	1	2	0	118	7	1	1	0	0	0	3	2	1	1	2	4	2	14	70	0	2	14	85	1	1	0	0	0	1	186	35	788	228	192	18	8	34	9	1	0	13	0	0
0	0	0	0	107	188	769	19	139	139	83	72	958	0	71	2069	0	0	0	0	205	5	0	3	180	0	52	0	63	284	1	3	121	1	104	0	0	0	0	0	0	0	0	0	1	0	0	0	0	0	0	0	0	0	0	0	0	0	0	1	0	0	0	1	0	0	0	0	0	0	164	0	10	4	1007	36	0	0	0	0	0	0	0	0
0	539	86	0	0	0	0	1	0	991	0	1	0	51	1	0	5374	3	0	0	0	911	2773	2477	865	221	118	1355	656	3	1	36	1	1	12	0	5	0	0	0	0	0	0	0	264	1	0	0	0	0	0	1685	4	0	0	0	95	2067	539	406	1	3	18	180	0	1	0	0	0	2	129	85	33	17	11	0	0	11	5	1	0	0	2	0
69	173	2582	0	0	0	0	447	21	1	9	34	1	3	111	0	3	8092	4	1268	2	245	20	2375	15	0	2035	1283	271	223	958	1	0	52	2387	0	97	20	0	0	0	0	0	1	3	5	2	0	0	0	0	21	353	1	6	1	9	43	76	4	0	386	106	8	0	1	0	0	0	7	779	336	1156	442	3	3	13	57	31	16	11	7	1	0
3	0	5	0	76	0	24	33	4	6	204	1370	164	0	21	0	0	4	2022	832	240	38	0	41	41	0	1333	5	19	426	25	5	0	19	484	0	0	0	0	0	0	0	0	0	1	1	0	0	0	0	0	1	0	0	0	0	0	3	1	5	0	0	1	4	0	0	0	0	0	0	494	511	351	72	0	0	2	1	0	0	0	0	0	0
4	49	79	0	87	0	18	76	1	0	372	1857	316	5	21	0	0	1268	832	5298	458	77	0	212	123	0	3187	364	66	830	170	6	0	72	2830	0	19	0	0	0	0	0	1	0	0	0	0	0	4	0	0	2	225	0	3	0	0	0	3	1	5	222	24	2	0	0	0	0	0	0	784	651	1826	280	0	0	3	21	6	3	4	0	0	0
30	7	1	0	3482	7	565	29	124	441	991	1314	5229	15	607	205	0	2	240	458	8237	3	2	4	2274	6	859	66	1216	2657	8	29	40	38	2184	0	0	0	0	195	0	16	0	0	128	31	3	65	6	0	16	0	1	3	3	96	0	0	0	120	4	3	5	154	4	0	2	0	0	4	208	16	1166	34	946	60	4	0	2	4	0	1	0	0
72	60	866	0	1	0	16	1762	122	568	18	43	3	12	198	5	911	245	38	77	3	13479	648	9030	579	30	162	158	3919	227	4377	11	0	202	1727	1	13	0	0	0	0	0	1	1	197	0	0	0	0	0	0	792	7	0	0	0	102	966	36	419	0	5	26	194	0	5	0	0	0	5	1254	439	1762	725	166	1	13	30	5	4	5	1	3	0
4	1182	512	0	1	0	0	0	0	3103	0	1	0	12	4	0	2773	20	0	0	2	648	8569	2384	2678	62	131	2958	927	2	5	6	0	0	10	0	116	0	0	0	0	0	1	0	857	1	0	0	2	0	0	2950	3	0	2	0	95	3703	1026	877	3	5	471	376	0	0	0	0	0	2	100	17	8	4	65	0	1	37	17	3	3	0	0	0
128	294	5981	0	1	0	20	2970	254	1334	63	68	3	43	510	3	2477	2375	41	212	4	9030	2384	25854	368	169	1032	2993	3614	322	4054	37	2	196	2660	2	41	41	0	0	0	0	7	2	167	11	6	0	0	1	1	3872	35	8	8	1	131	4881	2293	535	0	17	484	209	1	8	0	0	0	8	2932	855	3747	2407	247	13	33	222	45	44	38	7	4	0
104	868	170	0	1909	6	106	276	11	5097	147	464	1459	36	119	180	865	15	41	123	2274	579	2678	368	15424	146	451	1245	5914	840	342	18	3	236	960	0	57	1	0	335	0	2	57	8	3947	163	3	38	4	7	0	332	27	3	24	33	103	695	59	4000	4	46	100	3125	0	0	1	0	0	4	1456	529	637	416	1099	17	0	227	51	17	17	13	6	0
0	594	2	0	0	0	0	0	0	116	3	205	2	2091	0	0	221	0	0	0	6	30	62	169	146	4306	1911	1887	39	5	1	1048	0	0	6	0	58	0	0	0	0	0	0	0	0	0	494	0	1171	0	0	0	0	0	14	0	1	3	1	0	618	82	382	0	0	0	6	0	0	0	12	32	6	0	4	0	56	3	423	9	0	1	0	231
28	3467	3154	0	160	5	298	531	78	241	864	5066	830	1460	219	52	118	2035	1333	3187	859	162	131	1032	451	1911	29900	9033	313	2375	394	2247	8	153	4444	1	2204	55	0	10	0	23	47	3	42	113	291	8	2146	13	0	78	2248	100	1035	36	24	168	596	206	1520	3248	3559	168	1	4	108	0	1	55	3698	3369	2567	510	57	2	9	1058	1527	146	39	155	1	71
44	5577	8213	0	3	0	3	161	16	748	107	184	39	922	66	0	1355	1283	5	364	66	158	2958	2993	1245	1887	9033	24983	350	278	223	746	2	69	906	0	2931	25	0	2	0	65	2	2	11	83	83	18	656	1	4	1589	338	27	228	66	11	2698	897	39	942	918	4044	35	0	0	6	0	0	28	4005	1231	1074	577	13	0	10	558	148	65	28	57	0	32
509	121	1509	0	1412	2	129	8077	397	2584	578	119	775	17	1145	63	656	271	19	66	1216	3919	927	3614	5914	39	313	350	22663	3109	6939	10	8	2722	3519	2	43	2	0	510	0	16	64	13	3320	522	8	38	0	11	2	332	36	7	6	314	108	680	45	3242	0	61	88	3053	9	2	0	0	0	9	2137	827	2583	1227	596	61	7	162	60	33	30	36	20	0
2310	23	186	0	473	143	1809	4767	1444	840	4539	3664	2856	49	5907	284	3	223	426	830	2657	227	2	322	840	5	2375	278	3109	23096	6822	97	1098	5011	11294	0	13	0	0	27	1	4	60	2	434	141	2	3	10	1	0	6	18	2	5	11	0	9	17	964	5	45	44	646	3	6	2	0	0	1	2043	350	5835	1158	558	215	21	137	22	10	9	139	1	0
2523	19	1583	0	5	0	13	7294	164	41	120	112	12	5	2012	1	1	958	25	170	8	4377	5	4054	342	1	394	223	6939	6822	17743	5	4	4151	4146	0	5	0	0	0	0	0	1	1	126	4	0	0	0	0	0	7	5	0	0	0	7	23	15	80	0	2	13	138	1	4	0	0	0	1	705	285	3012	815	113	43	5	12	10	5	2	1	1	0
0	84	7	0	8	0	8	13	0	21	40	709	28	1104	5	3	36	1	5	6	29	11	6	37	18	1048	2247	746	10	97	5	2470	0	1	117	0	16	0	0	1	0	0	0	0	3	2	181	0	717	0	0	0	0	1	7	0	0	4	2	9	205	66	241	6	0	0	22	0	0	0	212	276	111	33	1	0	1	4	421	2	0	2	0	24
0	1	1	0	4	823	453	35	337	60	182	59	24	11	58	121	1	0	0	0	40	0	0	2	3	0	8	2	8	1098	4	0	2398	19	956	0	1	0	0	0	0	0	3	0	175	1	1	0	1	0	0	5	0	0	0	0	0	5	9	174	0	1	7	80	1	3	0	0	0	0	182	12	288	60	84	384	2	18	4	0	0	2	0	0
88	3	101	0	14	0	7	3940	23	184	644	83	9	2	618	1	1	52	19	72	38	202	0	196	236	0	153	69	2722	5011	4151	1	19	6489	3908	0	2	0	0	6	0	0	5	2	178	22	0	0	0	0	0	0	2	0	0	0	0	0	1	251	0	2	2	228	0	0	0	0	0	0	1357	485	2229	732	40	69	7	5	0	1	0	1	1	0
434	79	466	0	481	171	799	3378	201	863	3323	4586	1878	81	1154	104	12	2387	484	2830	2184	1727	10	2660	960	6	4444	906	3519	11294	4146	117	956	3908	22724	0	36	7	0	34	0	3	62	5	788	142	2	3	12	1	0	64	172	2	6	11	6	79	32	1206	7	180	66	848	4	6	2	0	0	2	3942	1288	10318	2059	309	393	39	160	22	25	20	119	6	0
0	0	4	0	0	0	0	0	0	2	0	0	0	0	0	0	0	0	0	0	0	1	0	2	0	0	1	0	2	0	0	0	0	0	0	3979	0	0	0	0	0	31	2032	391	2	570	6	0	0	1819	0	0	121	6	3	0	218	0	142	461	0	13	177	1161	2126	894	0	0	9	266	1	0	1	0	0	0	0	103	0	198	100	57	55	0
2	3587	1539	0	0	0	0	9	1	18	4	1	0	24	1	0	5	97	0	19	0	13	116	41	57	58	2204	2931	43	13	5	16	1	2	36	0	8525	75	0	42	0	53	1	0	1342	74	45	56	496	1	0	235	344	19	130	54	20	2940	87	1356	1504	513	5791	45	0	2	0	0	1	33	432	224	18	14	0	1	0	463	49	56	21	36	0	0
0	146	205	0	0	0	0	0	0	0	0	0	0	0	0	0	0	20	0	0	0	0	0	41	1	0	55	25	2	0	0	0	0	0	7	0	75	5312	0	0	0	2	969	38	0	9	1	0	0	58	0	35	230	1	3	0	202	33	2158	2	0	713	1443	382	0	349	0	0	0	21	87	35	7	1	0	0	0	26	6	64	18	6	7	0
0	0	0	0	0	0	0	0	0	0	0	0	0	0	0	0	0	0	0	0	0	0	0	0	0	0	0	0	0	0	0	0	0	0	0	0	0	0	0	0	0	0	0	0	0	0	0	0	0	0	0	0	0	0	0	0	0	0	0	0	0	0	0	0	0	0	0	0	0	0	0	0	0	0	0	0	0	0	0	0	0	0	0	0
0	4	8	0	769	0	0	94	0	533	23	7	12	0	0	0	0	0	0	0	195	0	0	0	335	0	10	2	510	27	0	1	0	6	34	0	42	0	0	6755	0	650	2	295	1075	1071	207	2008	4	133	282	3	2	137	134	3755	2	47	18	2257	1	1	42	3734	132	0	0	0	0	207	76	4	15	11	40	0	0	169	12	300	5	149	8	0
0	0	0	0	0	0	0	0	0	1	0	0	0	0	0	0	0	0	0	0	0	0	0	0	0	0	0	0	0	1	0	0	0	0	0	0	0	0	0	0	849	339	0	322	9	5	0	12	0	0	328	0	0	0	0	0	5	0	8	8	0	0	0	7	0	0	0	44	0	21	1	0	0	0	0	0	0	10	0	13	8	42	197	0
0	12	94	0	30	0	0	0	0	7	0	1	0	0	1	0	0	0	0	0	16	0	0	0	2	0	23	65	16	4	0	0	0	0	3	31	53	2	0	650	339	16199	1939	8716	295	7282	611	5515	25	2895	1135	3	7	381	378	2483	48	0	81	220	0	56	36	1050	983	19	0	27	3	604	5	1	0	0	0	0	0	971	52	1099	126	1468	446	0
0	3	21	0	0	0	0	15	1	79	0	30	0	0	2	0	0	0	0	1	0	1	1	7	57	0	47	2	64	60	1	0	3	5	62	2032	1	969	0	2	0	1939	20716	4034	53	3853	24	22	0	5581	2	27	740	21	137	3	1311	7	1672	912	0	734	810	5885	1243	4054	0	0	103	460	16	3	14	11	0	2	0	329	14	1280	458	243	284	0
0	0	5	0	9	0	0	1	0	5	0	0	0	0	0	0	0	1	0	0	0	1	0	2	8	0	3	2	13	2	1	0	0	2	5	391	0	38	0	295	322	8716	4034	17494	228	6069	810	2330	35	6475	398	127	140	300	162	1320	405	7	342	533	0	383	123	1900	643	209	0	255	15	1324	5	1	2	2	0	0	0	880	13	2416	697	1494	987	0
10	8	57	0	145	0	2	447	49	3780	119	17	10	0	118	1	264	3	1	0	128	197	857	167	3947	0	42	11	3320	434	126	3	175	178	788	2	1342	0	0	1075	9	295	53	228	12187	824	10	837	317	11	192	199	5	2	27	938	77	2471	58	9699	736	39	424	5310	5	6	0	2	0	7	628	385	130	68	134	28	0	406	63	22	20	364	54	1
0	35	177	0	128	0	0	244	2	917	126	63	0	0	7	0	1	5	1	0	31	0	1	11	163	0	113	83	522	141	4	2	1	22	142	570	74	9	0	1071	5	7282	3853	6069	824	19883	379	3571	23	3478	38	30	47	225	380	2657	52	11	233	2476	0	55	307	4079	1752	52	0	7	33	511	83	3	43	38	34	2	0	1249	220	1341	219	539	214	5
0	20	73	0	6	0	0	1	0	2	1	29	0	450	1	0	0	2	0	0	3	0	0	6	3	494	291	83	8	2	0	181	1	0	2	6	45	1	0	207	0	611	24	810	10	379	8632	454	2185	258	94	3	45	2287	1229	380	21	22	65	145	334	931	200	126	67	3	2	6	0	2468	24	11	0	0	0	0	0	713	1222	4055	346	518	2	779
0	2	29	0	95	0	0	0	0	26	0	1	2	0	1	0	0	0	0	0	65	0	0	0	38	0	8	18	38	3	0	0	0	0	3	0	56	0	0	2008	12	5515	22	2330	837	3571	454	10923	17	1607	1157	1	1	290	319	4908	1	38	13	754	7	32	37	1608	541	0	0	6	0	457	1	0	0	0	0	0	0	270	23	624	5	282	2	0
0	21	1	0	2	0	0	1	0	9	5	317	4	689	0	0	0	0	0	4	6	0	2	0	4	1171	2146	656	0	10	0	717	1	0	12	0	496	0	0	4	0	25	0	35	317	23	2185	17	6953	9	2	74	6	37	74	19	0	438	8	206	1859	1023	2172	9	0	0	181	1	0	118	11	24	3	0	0	0	0	84	1672	570	100	11	1	668
0	3	14	0	9	0	0	0	0	2	0	0	0	0	0	0	0	0	0	0	0	0	0	1	7	0	13	1	11	1	0	0	0	0	1	1819	1	58	0	133	0	2895	5581	6475	11	3478	258	1607	9	12772	73	50	532	133	105	938	518	1	380	339	0	404	470	1375	2771	1156	0	66	25	727	4	1	0	0	0	0	0	224	10	949	235	193	137	0
0	0	6	0	18	0	0	0	0	10	0	0	0	0	0	0	0	0	0	0	16	0	0	1	0	0	0	4	2	0	0	0	0	0	0	0	0	0	0	282	328	1135	2	398	192	38	94	1157	2	73	2387	0	0	73	37	402	3	0	5	153	0	11	2	272	84	0	0	0	0	39	6	0	0	0	0	0	0	63	0	107	3	179	25	0
2	35	839	0	0	0	0	1	0	1377	0	3	0	0	3	0	1685	21	1	2	0	792	2950	3872	332	0	78	1589	332	6	7	0	5	0	64	0	235	35	0	3	0	3	27	127	199	30	3	1	74	50	0	10320	23	1	8	3	395	7288	3250	1596	149	10	1602	373	0	0	0	0	0	3	75	80	52	41	4	1	1	795	161	32	24	13	8	0
1	709	230	0	0	0	0	18	0	6	12	1	0	0	2	0	4	353	0	225	1	7	3	35	27	0	2248	338	36	18	5	0	0	2	172	121	344	230	0	2	0	7	740	140	5	47	45	1	6	532	0	23	8741	37	648	8	406	13	2036	32	13	3545	1273	84	45	134	0	0	4	875	386	299	56	41	1	1	0	771	757	1002	402	76	31	0
0	20	56	0	5	0	0	2	0	2	2	3	0	0	1	0	0	1	0	0	3	0	0	8	3	0	100	27	7	2	0	1	0	0	2	6	19	1	0	137	0	381	21	300	2	225	2287	290	37	133	73	1	37	3183	1157	236	19	6	71	99	5	499	236	71	25	4	2	1	0	958	23	7	0	0	0	0	0	676	370	1993	344	418	1	0
0	45	76	0	6	0	0	1	0	6	1	1	0	14	1	0	0	6	0	3	3	0	2	8	24	14	1035	228	6	5	0	7	0	0	6	3	130	3	0	134	0	378	137	162	27	380	1229	319	74	105	37	8	648	1157	6162	309	156	10	266	184	144	1213	802	133	25	43	1	0	0	1295	28	11	1	1	1	0	0	1051	625	2650	273	528	5	0
0	19	110	0	314	0	0	22	1	442	54	7	9	0	2	0	0	1	0	0	96	0	0	1	33	0	36	66	314	11	0	0	0	0	11	0	54	0	0	3755	0	2483	3	1320	938	2657	380	4908	19	938	402	3	8	236	309	8257	1	0	41	1331	0	11	70	2592	513	0	0	6	0	461	62	1	1	0	15	0	0	421	95	586	6	247	2	0
0	16	48	0	0	0	0	7	3	57	0	0	0	0	4	0	95	9	0	0	0	102	95	131	103	1	24	11	108	0	7	0	0	0	6	218	20	202	0	2	5	48	1311	405	77	52	21	1	0	518	3	395	406	19	156	1	10583	205	4017	29	0	145	440	1667	365	4188	0	0	520	2682	15	3	8	1	0	0	0	662	47	1861	775	205	408	0
2	467	1797	0	0	0	0	12	0	1727	0	4	0	2	2	0	2067	43	3	0	0	966	3703	4881	695	3	168	2698	680	9	23	4	5	0	79	0	2940	33	0	47	0	0	7	7	2471	11	22	38	438	1	0	7288	13	6	10	0	205	13781	3154	3327	970	28	3476	345	1	10	0	0	0	23	139	237	56	35	9	0	1	196	35	44	29	10	13	0
1	177	1577	0	0	0	0	24	6	52	4	5	0	0	14	0	539	76	1	3	0	36	1026	2293	59	1	596	897	45	17	15	2	9	1	32	142	87	2158	0	18	8	81	1672	342	58	233	65	13	8	380	5	3250	2036	71	266	41	4017	3154	21127	300	9	341	4037	1156	62	1456	0	0	8	1251	255	185	138	126	6	1	0	3026	686	2192	1371	347	671	0
1	27	87	0	168	0	2	631	13	4657	138	200	11	0	70	1	406	4	5	1	120	419	877	535	4000	0	206	39	3242	964	80	9	174	251	1206	461	1356	2	0	2257	8	220	912	533	9699	2476	145	754	206	339	153	1596	32	99	184	1331	29	3327	300	20599	612	32	843	10102	719	17	0	2	64	177	674	341	225	165	119	23	0	1344	203	574	142	509	227	11
0	159	3	0	1	0	0	0	0	10	2	19	3	139	0	0	1	0	0	5	4	0	3	0	4	618	1520	942	0	5	0	205	0	0	7	0	1504	0	0	1	0	0	0	0	736	0	334	7	1859	0	0	149	13	5	144	0	0	970	9	612	4109	275	2102	0	0	0	0	0	0	0	8	5	2	0	0	0	0	13	47	23	1	0	0	124
0	952	28	0	1	0	0	37	0	6	26	33	0	60	2	0	3	386	0	222	3	5	5	17	46	82	3248	918	61	45	2	66	1	2	180	13	513	713	0	1	0	56	734	383	39	55	931	32	1023	404	11	10	3545	499	1213	11	145	28	341	32	275	13359	4000	96	17	172	46	0	1	543	649	484	38	27	0	0	0	498	841	904	165	31	9	0
4	3272	2414	0	1	0	0	28	5	51	7	145	3	120	14	0	18	106	1	24	5	26	471	484	100	382	3559	4044	88	44	13	241	7	2	66	177	5791	1443	0	42	0	36	810	123	424	307	200	37	2172	470	2	1602	1273	236	802	70	440	3476	4037	843	2102	4000	26066	390	72	257	12	0	6	758	554	304	86	68	1	2	0	3432	593	1004	399	205	64	2
8	28	95	0	657	0	0	683	31	2896	141	144	10	0	85	1	180	8	4	2	154	194	376	209	3125	0	168	35	3053	646	138	6	80	228	848	1161	45	382	0	3734	7	1050	5885	1900	5310	4079	126	1608	9	1375	272	373	84	71	133	2592	1667	345	1156	10102	0	96	390	24864	1919	2023	0	2	139	411	616	336	209	157	84	23	0	1629	274	1332	460	365	422	17
0	0	1	0	6	0	0	1	0	1	0	0	0	0	1	0	0	0	0	0	4	0	0	1	0	0	1	0	9	3	1	0	1	0	4	2126	0	0	0	132	0	983	1243	643	5	1752	67	541	0	2771	84	0	45	25	25	513	365	1	62	719	0	17	72	1919	7562	1016	0	29	472	481	0	0	1	0	0	0	0	96	3	256	93	67	49	0
0	2	7	0	0	0	0	3	0	2	0	0	0	0	1	0	1	1	0	0	0	5	0	8	0	0	4	0	2	6	4	0	3	0	6	894	2	349	0	0	0	19	4054	209	6	52	3	0	0	1156	0	0	134	4	43	0	4188	10	1456	17	0	172	257	2023	1016	10662	0	0	191	1541	2	0	1	0	0	0	0	164	3	758	268	142	132	0
0	0	0	0	0	0	0	0	0	0	0	46	2	5	0	0	0	0	0	0	2	0	0	0	1	6	108	6	0	2	0	22	0	0	2	0	0	0	0	0	0	0	0	0	0	0	2	0	181	0	0	0	0	2	1	0	0	0	0	0	0	46	12	0	0	0	196	0	0	0	1	5	0	0	0	0	0	1	67	2	0	0	0	0
0	0	0	0	0	0	0	0	0	0	0	0	0	0	0	0	0	0	0	0	0	0	0	0	0	0	0	0	0	0	0	0	0	0	0	0	0	0	0	0	44	27	0	255	2	7	6	6	1	66	0	0	0	1	0	6	0	0	0	2	0	0	0	2	29	0	0	317	0	118	0	0	0	0	0	0	0	2	0	4	0	6	20	0
0	1	0	0	0	0	0	0	0	0	0	0	0	0	0	0	0	0	0	0	0	0	0	0	0	0	1	0	0	0	0	0	0	0	0	9	1	0	0	0	0	3	103	15	0	33	0	0	0	25	0	0	4	0	0	0	520	0	8	64	0	1	6	139	472	191	0	0	930	345	0	0	0	0	0	0	0	18	0	59	32	27	29	0
0	27	74	0	5	0	0	2	0	5	1	1	0	1	1	0	2	7	0	0	4	5	2	8	4	0	55	28	9	1	1	0	0	0	2	266	33	21	0	207	21	604	460	1324	7	511	2468	457	118	727	39	3	875	958	1295	461	2682	23	1251	177	0	543	758	411	481	1541	0	118	345	8429	16	3	2	2	0	0	0	454	78	4376	294	562	202	7
49	862	2850	0	153	101	68	1214	25	761	587	1133	149	43	186	164	129	779	494	784	208	1254	100	2932	1456	12	3698	4005	2137	2043	705	212	182	1357	3942	1	432	87	0	76	1	5	16	5	628	83	24	1	11	4	6	75	386	23	28	62	15	139	255	674	8	649	554	616	0	2	1	0	0	16	17974	6445	3660	2441	1046	114	29	453	172	63	53	35	4	0
14	386	720	0	5	0	3	272	2	185	144	1376	4	229	35	0	85	336	511	651	16	439	17	855	529	32	3369	1231	827	350	285	276	12	485	1288	0	224	35	0	4	0	1	3	1	385	3	11	0	24	1	0	80	299	7	11	1	3	237	185	341	5	484	304	336	0	0	5	0	0	3	6445	8833	861	566	26	7	150	237	100	24	19	12	1	1
645	42	914	0	167	14	118	2074	85	203	2032	1761	766	90	788	10	33	1156	351	1826	1166	1762	8	3747	637	6	2567	1074	2583	5835	3012	111	288	2229	10318	1	18	7	0	15	0	0	14	2	130	43	0	0	3	0	0	52	56	0	1	1	8	56	138	225	2	38	86	209	1	1	0	0	0	2	3660	861	16801	6006	684	242	170	55	9	28	34	10	2	0
184	25	612	0	25	1	11	847	13	124	302	135	12	28	228	4	17	442	72	280	34	725	4	2407	416	0	510	577	1227	1158	815	33	60	732	2059	0	14	1	0	11	0	0	11	2	68	38	0	0	0	0	0	41	41	0	1	0	1	35	126	165	0	27	68	157	0	0	0	0	0	2	2441	566	6006	6659	683	180	114	39	1	26	29	2	1	0
25	12	5	0	565	402	664	31	59	532	43	101	1525	1	192	1007	11	3	0	0	946	166	65	247	1099	4	57	13	596	558	113	1	84	40	309	0	0	0	0	40	0	0	0	0	134	34	0	0	0	0	0	4	1	0	1	15	0	9	6	119	0	0	1	84	0	0	0	0	0	0	1046	26	684	683	4875	147	0	8	0	0	1	0	0	0
7	1	0	0	2	277	25	46	15	4	71	1	37	11	18	36	0	3	0	0	60	1	0	13	17	0	2	0	61	215	43	0	384	69	393	0	1	0	0	0	0	0	2	0	28	2	0	0	0	0	0	1	1	0	0	0	0	0	1	23	0	0	2	23	0	0	0	0	0	0	114	7	242	180	147	835	1	9	0	0	1	0	0	0
1	0	11	0	4	0	2	6	0	0	3	115	2	156	8	0	0	13	2	3	4	13	1	33	0	56	9	10	7	21	5	1	2	7	39	0	0	0	0	0	0	0	0	0	0	0	0	0	0	0	0	1	0	0	0	0	0	1	0	0	0	0	0	0	0	0	0	0	0	0	29	150	170	114	0	1	468	0	0	0	0	0	0	0
1	594	1145	0	0	0	0	39	15	217	6	19	0	1	34	0	11	57	1	21	0	30	37	222	227	3	1058	558	162	137	12	4	18	5	160	103	463	26	0	169	10	971	329	880	406	1249	713	270	84	224	63	795	771	676	1051	421	662	196	3026	1344	13	498	3432	1629	96	164	1	2	18	454	453	237	55	39	8	9	0	14747	1718	2421	1760	2338	575	14
1	76	379	0	0	0	0	19	4	33	6	220	1	414	9	0	5	31	0	6	2	5	17	45	51	423	1527	148	60	22	10	421	4	0	22	0	49	6	0	12	0	52	14	13	63	220	1222	23	1672	10	0	161	757	370	625	95	47	35	686	203	47	841	593	274	3	3	67	0	0	78	172	100	9	1	0	0	0	1718	6046	494	153	173	6	297
0	71	110	0	8	0	0	10	0	21	3	2	0	4	1	0	1	16	0	3	4	4	3	44	17	9	146	65	33	10	5	2	0	1	25	198	56	64	0	300	13	1099	1280	2416	22	1341	4055	624	570	949	107	32	1002	1993	2650	586	1861	44	2192	574	23	904	1004	1332	256	758	2	4	59	4376	63	24	28	26	0	0	0	2421	494	14142	4127	1492	1381	152
0	37	32	0	0	0	0	5	0	20	2	0	0	0	0	0	0	11	0	4	0	5	3	38	17	0	39	28	30	9	2	0	0	0	20	100	21	18	0	5	8	126	458	697	20	219	346	5	100	235	3	24	402	344	273	6	775	29	1371	142	1	165	399	460	93	268	0	0	32	294	53	19	34	29	1	1	0	1760	153	4127	4549	735	1123	4
0	39	138	0	0	0	0	3	0	159	1	32	1	0	13	0	0	7	0	0	1	1	0	7	13	1	155	57	36	139	1	2	2	1	119	57	36	6	0	149	42	1468	243	1494	364	539	518	282	11	193	179	13	76	418	528	247	205	10	347	509	0	31	205	365	67	142	0	6	27	562	35	12	10	2	0	0	0	2338	173	1492	735	4519	602	4
0	0	2	0	0	0	0	1	0	20	0	0	0	0	0	0	2	1	0	0	0	3	0	4	6	0	1	0	20	1	1	0	0	1	6	55	0	7	0	8	197	446	284	987	54	214	2	2	1	137	25	8	31	1	5	2	408	13	671	227	0	9	64	422	49	132	0	20	29	202	4	1	2	1	0	0	0	575	6	1381	1123	602	2513	29
0	0	0	0	0	0	0	0	0	0	0	3	0	164	0	0	0	0	0	0	0	0	0	0	0	231	71	32	0	0	0	24	0	0	0	0	0	0	0	0	0	0	0	0	1	5	779	0	668	0	0	0	0	0	0	0	0	0	0	11	124	0	2	17	0	0	0	0	0	7	0	1	0	0	0	0	0	14	297	152	4	4	29	985
