0.0195892063303	0.000110817964444	0.00052425421641	0	7.67201292308e-05	3.40978352137e-05	0.000959001615385	0.00763365285846	0.0062399038441	0.000903592633163	0.000699005621881	0.000221635928889	8.95068174359e-05	0.000191800323077	0.00627400167932	6.39334410257e-05	0.000208849240684	0.000826872503932	4.26222940171e-05	0.000272782681709	7.67201292308e-05	0.00108686849744	0.000247209305299	0.00120621092068	0.00144915799658	1.27866882051e-05	0.000302618287521	0.000511467528205	0.00176456297231	0.00671301130769	0.00542581802838	0	0.000132129111453	0.000144915799658	0.00257864878804	1.27866882051e-05	8.52445880342e-05	2.13111470086e-05	0	5.11467528205e-05	0	4.26222940171e-06	5.54089822222e-05	4.26222940171e-06	0.000588187657436	8.52445880342e-06	1.27866882051e-05	2.13111470086e-05	8.52445880342e-06	1.27866882051e-05	0	4.68845234188e-05	2.55733764103e-05	0	8.52445880342e-06	3.83600646154e-05	2.9835605812e-05	0.000183275864274	5.11467528205e-05	0.000332453893333	2.9835605812e-05	5.54089822222e-05	0.000115080193846	0.000387862875556	5.9671211624e-05	0.000102293505641	0	0	5.11467528205e-05	0.000115080193846	0.000490156381197	0.000102293505641	0.00166653169607	0.000528516445812	0.00032392943453	0.000272782681709	1.27866882051e-05	0.000140653570256	5.11467528205e-05	8.52445880342e-05	4.68845234188e-05	4.26222940171e-06	4.26222940171e-06	0
0.000110817964444	0.019320685878	0.00126588213231	0	2.55733764103e-05	0	4.68845234188e-05	0.000281307140513	0.000115080193846	0.00168358061368	3.83600646154e-05	0.000306880516923	6.81956704274e-05	0.000456058545983	5.54089822222e-05	1.70489176068e-05	0.000281307140513	0.00169210507248	0.000102293505641	0.00103998397402	4.26222940171e-06	0.000204587011282	0.00355896155043	0.000831134733334	0.00151735366701	0.000639334410257	0.00393403773778	0.00962837621846	0.000281307140513	7.24578998291e-05	0.000234422617094	2.55733764103e-05	4.26222940171e-06	8.52445880342e-06	0.00106555735043	1.70489176068e-05	0.00798741789881	0.000439009628376	0	8.52445880342e-06	0	0	2.13111470086e-05	8.52445880342e-06	4.68845234188e-05	4.26222940171e-06	0.000110817964444	4.26222940171e-06	0.000187538093675	2.13111470086e-05	4.26222940171e-06	8.09823586325e-05	0.00103998397402	9.80312762393e-05	0.000379338416752	1.27866882051e-05	3.83600646154e-05	0.000191800323077	0.000230160387692	8.09823586325e-05	0.00214390138906	0.0039937089494	0.00632514843214	6.81956704274e-05	3.40978352137e-05	7.67201292308e-05	3.83600646154e-05	0	8.52445880342e-06	0.000208849240684	0.00082261027453	0.000370813957949	0.000792774668718	0.000332453893333	5.9671211624e-05	3.83600646154e-05	3.40978352137e-05	0.000277044911111	0.000409174022564	0.000213111470086	4.68845234188e-05	8.52445880342e-06	0	2.9835605812e-05
0.00052425421641	0.00126588213231	0.0320732762479	0	2.13111470086e-05	4.26222940171e-06	0.000379338416752	0.00270651567009	0.000929166009573	0.000255733764103	0.000166226946667	0.00029835605812	1.70489176068e-05	0.000157702487863	0.000507205298804	1.27866882051e-05	0.000681956704274	0.00426222940171	9.37690468376e-05	0.000737365686496	1.70489176068e-05	0.00325208103351	0.00128719327932	0.0152118967347	0.000720316768889	2.55733764103e-05	0.00478222138872	0.0162518807087	0.00239963515316	0.000161964717265	0.00208423017744	1.70489176068e-05	2.13111470086e-05	2.55733764103e-05	0.00212259024205	3.83600646154e-05	0.00285143146974	0.000456058545983	0	4.26222940171e-06	0	0	5.9671211624e-05	0	0.000136391340855	0	2.13111470086e-05	0	2.9835605812e-05	1.70489176068e-05	0	0.000345240581539	0.000558352051624	1.27866882051e-05	0.000102293505641	4.26222940171e-06	0.00012360465265	0.000809823586325	0.00077146352171	0.000132129111453	0.000102293505641	0.00101441059761	0.00255307541162	0.000242947075898	3.83600646154e-05	0.000153440258462	8.52445880342e-06	0	3.83600646154e-05	0.000161964717265	0.0032307698865	0.000703267851282	0.00289405376376	0.00139374901436	0.000183275864274	0.000136391340855	8.52445880342e-06	0.000328191663932	0.000353765040342	0.000187538093675	0.000140653570256	4.26222940171e-06	0	0
0	0	0	0	0	0	0	0	0	0	0	0	0	0	0	0	0	0	0	0	0	0	0	0	0	0	0	0	0	0	0	0	0	0	0	0	0	0	0	0	0	0	0	0	0	0	0	0	0	0	0	0	0	0	0	0	0	0	0	0	0	0	0	0	0	0	0	0	0	0	0	0	0	0	0	0	0	0	0	0	0	0	0	0
7.67201292308e-05	2.55733764103e-05	2.13111470086e-05	0	0.0180079192222	3.40978352137e-05	0.00132981557333	0.00180718526633	0.00208423017744	0.00106555735043	0.00656809550804	9.37690468376e-05	0.00296224943419	0.000196062552479	0.000562614281026	8.52445880342e-05	8.52445880342e-06	8.52445880342e-06	2.13111470086e-05	2.55733764103e-05	0.00657661996684	2.13111470086e-05	0.00012360465265	3.40978352137e-05	0.0039979711788	0	2.55733764103e-05	3.40978352137e-05	0.00430058946633	0.000302618287521	8.09823586325e-05	4.26222940171e-06	0.000136391340855	1.70489176068e-05	0.000302618287521	1.27866882051e-05	0	0	0	0.000686218933675	0	1.27866882051e-05	8.52445880342e-06	8.52445880342e-06	0.000251471534701	4.68845234188e-05	0	0.000754414604103	0	2.55733764103e-05	1.27866882051e-05	4.26222940171e-06	0	0	0	0.000588187657436	4.26222940171e-06	2.55733764103e-05	8.52445880342e-06	0.000694743392479	0	0	8.52445880342e-06	0.000132129111453	2.9835605812e-05	2.13111470086e-05	0	0	1.70489176068e-05	3.83600646154e-05	0.000302618287521	3.40978352137e-05	0.000439009628376	6.39334410257e-05	0.00059671211624	0.000230160387692	0	1.27866882051e-05	4.26222940171e-06	2.9835605812e-05	1.70489176068e-05	1.27866882051e-05	0	0
3.40978352137e-05	0	4.26222940171e-06	0	3.40978352137e-05	0.0052382799347	0.00303470733402	0.000196062552479	0.00122325983829	0.000136391340855	0.000302618287521	7.67201292308e-05	0.000251471534701	0.000132129111453	9.37690468376e-05	0.000976050532992	8.52445880342e-06	0	1.70489176068e-05	2.13111470086e-05	5.11467528205e-05	2.13111470086e-05	4.26222940171e-06	2.13111470086e-05	0.00012360465265	0	1.70489176068e-05	4.26222940171e-06	7.67201292308e-05	8.95068174359e-05	1.70489176068e-05	4.26222940171e-06	0.00213537693026	0	0.000264258222906	0	0	4.26222940171e-06	0	0	0	0	0	0	2.9835605812e-05	0	0	0	0	4.26222940171e-06	0	4.26222940171e-06	8.52445880342e-06	0	0	0	0	1.70489176068e-05	8.52445880342e-06	2.13111470086e-05	0	4.26222940171e-06	0	1.70489176068e-05	4.26222940171e-06	8.52445880342e-06	0	0	8.52445880342e-06	8.52445880342e-06	0.000153440258462	8.52445880342e-06	0.000161964717265	6.81956704274e-05	0.000686218933675	0.000464583004786	4.26222940171e-06	8.52445880342e-06	0	8.52445880342e-06	8.52445880342e-06	0	0	0
0.000959001615385	4.68845234188e-05	0.000379338416752	0	0.00132981557333	0.00303470733402	0.0518713318188	0.0102378750229	0.0291451246489	0.00101014836821	0.0214475383494	0.000592449886838	0.00854150772103	0.000860970339146	0.00686218933675	0.00157702487863	0.000144915799658	0.00017475140547	8.95068174359e-05	0.000230160387692	0.00370387735009	0.000328191663932	0.000136391340855	0.000703267851282	0.00196062552479	4.26222940171e-06	0.000277044911111	0.000285569369915	0.00381895754393	0.000941952697778	0.000865232568547	8.52445880342e-06	0.00462025667145	3.40978352137e-05	0.0017432518253	1.70489176068e-05	4.26222940171e-05	1.70489176068e-05	0	0.000187538093675	0	2.55733764103e-05	7.67201292308e-05	2.55733764103e-05	0.000575400969231	3.83600646154e-05	1.27866882051e-05	6.39334410257e-05	4.26222940171e-06	4.68845234188e-05	1.27866882051e-05	3.83600646154e-05	2.13111470086e-05	4.26222940171e-06	4.26222940171e-06	0.000132129111453	1.27866882051e-05	8.52445880342e-05	4.26222940171e-05	0.000724578998291	2.9835605812e-05	5.9671211624e-05	7.67201292308e-05	0.000396387334359	0.000119342423248	0.00012360465265	0	8.52445880342e-06	9.80312762393e-05	0.000208849240684	0.0017347273665	0.000166226946667	0.00171767844889	0.000451796316581	0.00529368891692	0.00131702888513	1.27866882051e-05	7.67201292308e-05	2.9835605812e-05	0.000132129111453	5.54089822222e-05	2.13111470086e-05	4.26222940171e-06	4.26222940171e-06
0.00763365285846	0.000281307140513	0.00270651567009	0	0.00180718526633	0.000196062552479	0.0102378750229	0.0723172462588	0.0199003490766	0.00446255418359	0.0206803370571	0.000716054539487	0.0010058861388	0.000993099450599	0.0123689897238	0.000481631922393	0.000899330403761	0.00207996794803	0.000136391340855	0.000618023263248	0.000750152374701	0.00327339218051	0.000916379321368	0.00587761434496	0.00931297124274	3.40978352137e-05	0.00114227747966	0.0019819366718	0.0264641823552	0.0047310746359	0.0115719528256	1.70489176068e-05	0.000758676833505	0.000328191663932	0.00482910591214	0.000110817964444	0.000259995993504	6.39334410257e-05	0	0.000984574991795	4.26222940171e-06	4.68845234188e-05	0.000294093828718	2.55733764103e-05	0.00277044911111	0.000234422617094	3.83600646154e-05	0.000144915799658	3.40978352137e-05	0.000183275864274	5.9671211624e-05	0.000157702487863	7.24578998291e-05	8.52445880342e-06	1.27866882051e-05	0.000814085815727	0.00012360465265	0.000528516445812	0.000247209305299	0.00342683243898	6.39334410257e-05	0.000191800323077	0.000315404975727	0.00188390539556	0.000464583004786	0.000319667205128	8.52445880342e-06	3.83600646154e-05	0.000234422617094	0.00064785886906	0.00355469932103	0.000413436251966	0.00583072982154	0.00155145150222	0.00281733363453	0.00193931437778	2.55733764103e-05	0.000413436251966	0.000115080193846	0.000460320775385	0.000204587011282	0.00012360465265	2.55733764103e-05	8.52445880342e-06
0.0062399038441	0.000115080193846	0.000929166009573	0	0.00208423017744	0.00122325983829	0.0291451246489	0.0199003490766	0.0625737898465	0.00154718927282	0.0232760347627	0.0017517762841	0.00461599444205	0.00254028872342	0.0226793226465	0.000213111470086	0.000362289499145	0.00064785886906	0.000225898158291	0.000618023263248	0.00470123903009	0.0010058861388	0.00034950281094	0.00179013634872	0.00337142345675	3.83600646154e-05	0.00067343224547	0.000814085815727	0.00605236575043	0.00369535289128	0.00261274662325	8.52445880342e-06	0.00485894151795	0.000119342423248	0.00517860872308	6.39334410257e-05	0.000110817964444	2.9835605812e-05	0	0.000319667205128	0	2.55733764103e-05	0.00014917802906	2.13111470086e-05	0.00105277066222	8.09823586325e-05	2.55733764103e-05	9.37690468376e-05	3.40978352137e-05	8.95068174359e-05	1.70489176068e-05	5.54089822222e-05	3.83600646154e-05	4.26222940171e-06	8.52445880342e-06	0.000225898158291	4.68845234188e-05	0.00017475140547	8.09823586325e-05	0.0012573576735	8.52445880342e-05	0.000132129111453	0.000187538093675	0.000826872503932	0.000208849240684	0.000183275864274	8.52445880342e-06	1.27866882051e-05	0.000140653570256	0.000306880516923	0.00263405777026	0.000311142746325	0.00515729757607	0.000959001615385	0.00668743793128	0.00208423017744	1.70489176068e-05	0.000157702487863	5.9671211624e-05	0.000196062552479	7.24578998291e-05	2.55733764103e-05	2.13111470086e-05	4.26222940171e-06
0.000903592633163	0.00168358061368	0.000255733764103	0	0.00106555735043	0.000136391340855	0.00101014836821	0.00446255418359	0.00154718927282	0.0248871574766	0.00167931838427	0.00012360465265	0.00251045311761	0.000217373699487	0.00107834403863	0.00158128710803	0.000988837221197	9.37690468376e-05	4.26222940171e-06	8.52445880342e-05	0.000413436251966	0.000439009628376	0.00514877311727	0.000652121098462	0.0148709183826	0.000119342423248	0.000242947075898	0.000652121098462	0.00477369692992	0.00138096232615	0.00127440659111	0	9.37690468376e-05	0.000221635928889	0.000963263844787	0.000277044911111	0.000191800323077	0.000119342423248	0	0.00117211308547	8.52445880342e-06	5.9671211624e-05	0.000396387334359	5.9671211624e-05	0.0069644828424	0.000238684846496	4.26222940171e-05	0.000208849240684	1.27866882051e-05	0.000294093828718	0.000115080193846	0.000600974345641	8.52445880342e-05	8.52445880342e-06	2.55733764103e-05	0.000963263844787	0.000579663198633	0.00295372497539	0.000366551728547	0.00540876911077	2.13111470086e-05	0.000136391340855	0.00029835605812	0.00350355256821	0.000699005621881	0.00132981557333	4.26222940171e-06	5.11467528205e-05	0.000494418610598	0.000993099450599	0.00182423418393	0.00017475140547	0.00119342423248	0.000460320775385	0.000733103457094	0.000421960710769	2.13111470086e-05	0.000818348045128	0.000289831599316	0.000699005621881	0.000336716122735	0.000217373699487	2.55733764103e-05	4.26222940171e-06
0.000699005621881	3.83600646154e-05	0.000166226946667	0	0.00656809550804	0.000302618287521	0.0214475383494	0.0206803370571	0.0232760347627	0.00167931838427	0.0635327914619	0.000903592633163	0.00864380122667	0.0015003047494	0.00914248206667	0.000277044911111	0.000217373699487	0.000132129111453	9.80312762393e-05	0.00032392943453	0.00837954300376	0.000264258222906	0.000196062552479	0.000396387334359	0.00353765040342	2.55733764103e-05	0.000294093828718	0.000268520452308	0.0114312992554	0.00245930636479	0.00044753408718	4.26222940171e-06	0.00138522455556	8.95068174359e-05	0.00238684846496	1.70489176068e-05	3.83600646154e-05	4.26222940171e-06	0	0.000592449886838	0	3.83600646154e-05	0.000106555735043	1.70489176068e-05	0.00097178830359	0.000136391340855	8.52445880342e-06	0.000166226946667	2.13111470086e-05	5.9671211624e-05	3.83600646154e-05	2.9835605812e-05	1.27866882051e-05	0	0	0.000494418610598	4.26222940171e-06	8.09823586325e-05	2.55733764103e-05	0.00152587812581	4.26222940171e-05	3.83600646154e-05	7.24578998291e-05	0.000626547722051	0.000106555735043	7.24578998291e-05	1.27866882051e-05	4.26222940171e-06	5.54089822222e-05	0.000153440258462	0.00196488775419	0.000179013634872	0.00359305938564	0.000468845234188	0.00435173621915	0.00171341621949	1.70489176068e-05	5.9671211624e-05	3.40978352137e-05	9.80312762393e-05	4.68845234188e-05	7.24578998291e-05	4.26222940171e-06	0
0.000221635928889	0.000306880516923	0.00029835605812	0	9.37690468376e-05	7.67201292308e-05	0.000592449886838	0.000716054539487	0.0017517762841	0.00012360465265	0.000903592633163	0.0336886611911	0.000157702487863	0.0136050362503	0.00067343224547	1.70489176068e-05	8.52445880342e-05	0.00138522455556	0.00621433046769	0.00860117893265	0.000242947075898	0.000375076187351	8.09823586325e-05	0.000558352051624	0.000277044911111	0.00129997996752	0.0107408180923	0.00233143948274	0.000413436251966	0.000507205298804	0.000289831599316	0.000643596639658	0.000264258222906	2.55733764103e-05	0.00979460316513	2.13111470086e-05	0.000191800323077	8.52445880342e-06	0	2.13111470086e-05	0	0	1.70489176068e-05	0	7.67201292308e-05	4.26222940171e-06	0.000541303134017	0	0.00131276665573	2.13111470086e-05	0	8.52445880342e-06	3.83600646154e-05	9.80312762393e-05	6.81956704274e-05	1.27866882051e-05	4.26222940171e-06	5.9671211624e-05	1.70489176068e-05	8.95068174359e-05	0.00236979954735	0.00116358862667	0.00101867282701	7.67201292308e-05	3.83600646154e-05	2.9835605812e-05	0.000272782681709	4.26222940171e-06	3.40978352137e-05	0.000132129111453	0.00239963515316	0.00206291903043	0.0079661067518	0.00260848439385	0.000699005621881	0.000345240581539	0.000613761033846	5.54089822222e-05	0.000259995993504	0.000166226946667	3.40978352137e-05	0	0	6.39334410257e-05
8.95068174359e-05	6.81956704274e-05	1.70489176068e-05	0	0.00296224943419	0.000251471534701	0.00854150772103	0.0010058861388	0.00461599444205	0.00251045311761	0.00864380122667	0.000157702487863	0.0282244830981	0.000285569369915	0.000916379321368	0.00230586610633	3.40978352137e-05	1.27866882051e-05	2.13111470086e-05	6.39334410257e-05	0.011533592761	2.55733764103e-05	0.000127866882051	3.40978352137e-05	0.00233996394154	8.52445880342e-06	4.26222940171e-05	5.9671211624e-05	0.00126588213231	0.000328191663932	5.9671211624e-05	0	0.000456058545983	1.70489176068e-05	0.000443271857778	0	8.52445880342e-06	8.52445880342e-06	0	5.11467528205e-05	0	4.26222940171e-06	0	4.26222940171e-06	0.000110817964444	3.40978352137e-05	0	0.000268520452308	8.52445880342e-06	0	4.26222940171e-06	4.26222940171e-06	0	0	0	3.83600646154e-05	1.27866882051e-05	1.70489176068e-05	1.70489176068e-05	0.000102293505641	4.26222940171e-06	8.52445880342e-06	1.70489176068e-05	3.40978352137e-05	4.26222940171e-06	1.27866882051e-05	4.26222940171e-06	0	4.26222940171e-06	1.27866882051e-05	0.000242947075898	8.52445880342e-06	0.000507205298804	4.68845234188e-05	0.000843921421539	0.000234422617094	0	4.26222940171e-06	0	4.26222940171e-06	4.26222940171e-06	1.27866882051e-05	0	0
0.000191800323077	0.000456058545983	0.000157702487863	0	0.000196062552479	0.000132129111453	0.000860970339146	0.000993099450599	0.00254028872342	0.000217373699487	0.0015003047494	0.0136050362503	0.000285569369915	0.0261913996735	0.000903592633163	4.26222940171e-05	7.24578998291e-05	0.000366551728547	0.00120621092068	0.00190521654256	0.000353765040342	0.000251471534701	0.000166226946667	0.000328191663932	0.000404911793163	0.00289405376376	0.00641891747898	0.00268094229368	0.000605236575043	0.000566876510428	0.000183275864274	0.00117211308547	0.000421960710769	2.55733764103e-05	0.00614613479727	1.70489176068e-05	0.000136391340855	1.70489176068e-05	0	2.9835605812e-05	0	0	3.40978352137e-05	0	0.00012360465265	1.27866882051e-05	0.000741627915898	0	0.0017475140547	3.40978352137e-05	0	2.9835605812e-05	8.52445880342e-06	8.95068174359e-05	4.68845234188e-05	2.55733764103e-05	2.55733764103e-05	5.9671211624e-05	2.9835605812e-05	0.000144915799658	0.00281307140513	0.00107834403863	0.000865232568547	0.000106555735043	6.39334410257e-05	6.81956704274e-05	0.000259995993504	8.52445880342e-06	5.11467528205e-05	0.000132129111453	0.00092064155077	0.00210980355385	0.00569433848069	0.00110391741504	0.00117211308547	0.000980312762393	0.0010016239094	6.39334410257e-05	0.000392125104957	0.000230160387692	3.83600646154e-05	0	0	0.000140653570256
0.00627400167932	5.54089822222e-05	0.000507205298804	0	0.000562614281026	9.37690468376e-05	0.00686218933675	0.0123689897238	0.0226793226465	0.00107834403863	0.00914248206667	0.00067343224547	0.000916379321368	0.000903592633163	0.0359007582506	9.80312762393e-05	0.000225898158291	0.000417698481368	9.80312762393e-05	0.000238684846496	0.00101867282701	0.000537040904616	0.000204587011282	0.000984574991795	0.00200751004821	1.27866882051e-05	0.000306880516923	0.00047310746359	0.00345666804479	0.00930444678393	0.0019989855894	0	0.00082261027453	0.000626547722051	0.00235701285915	2.9835605812e-05	5.11467528205e-05	2.55733764103e-05	0	0.000132129111453	0	4.26222940171e-06	8.95068174359e-05	4.26222940171e-06	0.000699005621881	2.55733764103e-05	1.27866882051e-05	4.68845234188e-05	8.52445880342e-06	4.68845234188e-05	4.26222940171e-06	4.68845234188e-05	2.13111470086e-05	0	4.26222940171e-06	9.80312762393e-05	4.68845234188e-05	0.000179013634872	3.83600646154e-05	0.000635072180855	2.9835605812e-05	3.83600646154e-05	5.54089822222e-05	0.000515729757607	0.000110817964444	0.000127866882051	0	0	9.80312762393e-05	0.000217373699487	0.000903592633163	0.000157702487863	0.00207144348923	0.000370813957949	0.00185406978974	0.00052425421641	1.27866882051e-05	0.000110817964444	4.26222940171e-05	0.000157702487863	6.81956704274e-05	1.27866882051e-05	2.13111470086e-05	0
6.39334410257e-05	1.70489176068e-05	1.27866882051e-05	0	8.52445880342e-05	0.000976050532992	0.00157702487863	0.000481631922393	0.000213111470086	0.00158128710803	0.000277044911111	1.70489176068e-05	0.00230586610633	4.26222940171e-05	9.80312762393e-05	0.00612482365026	0.000102293505641	8.52445880342e-06	4.26222940171e-06	4.26222940171e-06	0.000119342423248	0.000196062552479	9.80312762393e-05	0.00029835605812	0.00131702888513	0	8.52445880342e-06	5.9671211624e-05	0.00052425421641	6.81956704274e-05	5.11467528205e-05	0	0.000140653570256	8.52445880342e-06	0.000115080193846	0	1.27866882051e-05	0	0	1.27866882051e-05	0	8.52445880342e-06	4.26222940171e-06	4.26222940171e-06	6.81956704274e-05	0	8.52445880342e-06	0	0	8.52445880342e-06	4.26222940171e-06	1.27866882051e-05	1.27866882051e-05	4.26222940171e-06	0	4.26222940171e-06	2.13111470086e-05	5.11467528205e-05	5.11467528205e-05	5.11467528205e-05	0	1.27866882051e-05	2.55733764103e-05	5.9671211624e-05	2.13111470086e-05	8.52445880342e-06	0	0	4.26222940171e-06	2.9835605812e-05	0.000358027269744	4.26222940171e-06	0.000311142746325	0.000161964717265	0.000600974345641	0.000127866882051	4.26222940171e-06	3.83600646154e-05	8.52445880342e-06	3.83600646154e-05	3.83600646154e-05	8.52445880342e-06	0	0
0.000208849240684	0.000281307140513	0.000681956704274	0	8.52445880342e-06	8.52445880342e-06	0.000144915799658	0.000899330403761	0.000362289499145	0.000988837221197	0.000217373699487	8.52445880342e-05	3.40978352137e-05	7.24578998291e-05	0.000225898158291	0.000102293505641	0.0230629232927	0.000187538093675	1.27866882051e-05	0.000119342423248	2.13111470086e-05	0.0049825461706	0.00574974746291	0.00837101854496	0.00782545318154	8.52445880342e-06	0.000251471534701	0.00351207702701	0.00536188458735	0.000264258222906	0.00130424219692	4.26222940171e-06	2.55733764103e-05	6.39334410257e-05	0.00121473537949	3.83600646154e-05	0.000289831599316	0.000110817964444	0	2.13111470086e-05	0	0	8.95068174359e-05	0	0.000251471534701	0	1.70489176068e-05	4.26222940171e-06	4.26222940171e-06	2.55733764103e-05	0	0.00280454694633	9.80312762393e-05	1.27866882051e-05	8.52445880342e-06	1.70489176068e-05	0.000677694474872	0.00252323980581	0.000865232568547	0.000464583004786	2.9835605812e-05	0.000119342423248	0.00127866882051	0.000784250209915	8.52445880342e-05	0.00049868084	4.26222940171e-06	0	6.39334410257e-05	0.000153440258462	0.00335437453915	0.000826872503932	0.00161964717265	0.000737365686496	0.000277044911111	0.000230160387692	1.27866882051e-05	0.000443271857778	0.000251471534701	0.000191800323077	0.000153440258462	0	0	4.26222940171e-06
0.000826872503932	0.00169210507248	0.00426222940171	0	8.52445880342e-06	0	0.00017475140547	0.00207996794803	0.00064785886906	9.37690468376e-05	0.000132129111453	0.00138522455556	1.27866882051e-05	0.000366551728547	0.000417698481368	8.52445880342e-06	0.000187538093675	0.0289831599316	0.000609498804445	0.00801299127522	3.40978352137e-05	0.00252750203521	0.000242947075898	0.0077316841347	0.000230160387692	6.39334410257e-05	0.00591597440957	0.00899330403761	0.000912117091966	0.000413436251966	0.00303470733402	2.13111470086e-05	8.52445880342e-06	2.55733764103e-05	0.00849462319761	8.52445880342e-06	0.00211832801265	0.000115080193846	0	0	0	0	4.26222940171e-06	0	5.54089822222e-05	4.26222940171e-06	4.68845234188e-05	0	8.09823586325e-05	8.52445880342e-06	0	4.26222940171e-05	0.000387862875556	2.9835605812e-05	0.00012360465265	0	2.55733764103e-05	0.000115080193846	0.000132129111453	5.9671211624e-05	0.000630809951453	0.00167079392547	0.00190095431316	8.09823586325e-05	1.70489176068e-05	2.13111470086e-05	2.13111470086e-05	0	1.27866882051e-05	0.000102293505641	0.0017432518253	0.00105277066222	0.00311995192205	0.00127440659111	0.000136391340855	8.09823586325e-05	2.9835605812e-05	0.000144915799658	0.000157702487863	8.52445880342e-05	5.54089822222e-05	0	0	4.26222940171e-06
4.26222940171e-05	0.000102293505641	9.37690468376e-05	0	2.13111470086e-05	1.70489176068e-05	8.95068174359e-05	0.000136391340855	0.000225898158291	4.26222940171e-06	9.80312762393e-05	0.00621433046769	2.13111470086e-05	0.00120621092068	9.80312762393e-05	4.26222940171e-06	1.27866882051e-05	0.000609498804445	0.00950050933641	0.00357601046804	3.83600646154e-05	0.000106555735043	4.26222940171e-06	0.000161964717265	4.68845234188e-05	0.000157702487863	0.00563040503966	0.000775725751111	9.37690468376e-05	5.11467528205e-05	8.52445880342e-05	5.54089822222e-05	2.55733764103e-05	1.27866882051e-05	0.00111244187385	8.52445880342e-06	8.52445880342e-05	0	0	0	0	0	0	0	1.27866882051e-05	0	6.81956704274e-05	0	0.000217373699487	0	0	4.26222940171e-06	4.26222940171e-06	3.40978352137e-05	2.55733764103e-05	0	8.52445880342e-06	4.26222940171e-06	1.27866882051e-05	8.52445880342e-06	0.00064785886906	0.000468845234188	0.000549827592821	2.13111470086e-05	1.27866882051e-05	4.26222940171e-06	6.39334410257e-05	4.26222940171e-06	4.26222940171e-06	2.55733764103e-05	0.000575400969231	0.000306880516923	0.00129997996752	0.000566876510428	8.52445880342e-05	5.54089822222e-05	2.9835605812e-05	1.70489176068e-05	5.54089822222e-05	5.11467528205e-05	1.27866882051e-05	0	0	8.52445880342e-06
0.000272782681709	0.00103998397402	0.000737365686496	0	2.55733764103e-05	2.13111470086e-05	0.000230160387692	0.000618023263248	0.000618023263248	8.52445880342e-05	0.00032392943453	0.00860117893265	6.39334410257e-05	0.00190521654256	0.000238684846496	4.26222940171e-06	0.000119342423248	0.00801299127522	0.00357601046804	0.02393668032	7.24578998291e-05	0.00059671211624	0.000127866882051	0.00127014436171	0.000179013634872	0.000366551728547	0.0109965518564	0.00417272258427	0.000340978352137	0.000230160387692	0.000630809951453	9.80312762393e-05	4.68845234188e-05	2.13111470086e-05	0.00691333608958	1.70489176068e-05	0.000933428238975	3.40978352137e-05	0	0	0	0	4.26222940171e-06	0	6.39334410257e-05	8.52445880342e-06	0.000166226946667	4.26222940171e-06	0.000306880516923	8.52445880342e-06	0	3.40978352137e-05	0.000110817964444	0.00012360465265	0.000132129111453	8.52445880342e-06	2.13111470086e-05	8.52445880342e-05	5.11467528205e-05	5.11467528205e-05	0.00185833201915	0.00161112271385	0.00203734565402	6.81956704274e-05	2.13111470086e-05	1.70489176068e-05	8.52445880342e-05	4.26222940171e-06	1.70489176068e-05	8.52445880342e-05	0.00269799121128	0.00105277066222	0.00527663999932	0.00218226145368	0.000272782681709	0.00017475140547	2.55733764103e-05	8.95068174359e-05	0.000140653570256	0.000106555735043	4.68845234188e-05	0	0	8.52445880342e-06
7.67201292308e-05	4.26222940171e-06	1.70489176068e-05	0	0.00657661996684	5.11467528205e-05	0.00370387735009	0.000750152374701	0.00470123903009	0.000413436251966	0.00837954300376	0.000242947075898	0.011533592761	0.000353765040342	0.00101867282701	0.000119342423248	2.13111470086e-05	3.40978352137e-05	3.83600646154e-05	7.24578998291e-05	0.0197810066533	1.70489176068e-05	4.26222940171e-05	2.9835605812e-05	0.00129571773812	0	5.9671211624e-05	4.26222940171e-05	0.00119342423248	0.000370813957949	5.11467528205e-05	0	0.000319667205128	4.26222940171e-06	0.000532778675214	4.26222940171e-06	0	0	0	2.13111470086e-05	0	0	0	0	8.95068174359e-05	2.13111470086e-05	0	0.000281307140513	4.26222940171e-06	4.26222940171e-06	0	0	0	0	0	2.13111470086e-05	0	8.52445880342e-06	4.26222940171e-06	0.000102293505641	4.26222940171e-06	4.26222940171e-06	4.26222940171e-06	3.40978352137e-05	0	1.27866882051e-05	4.26222940171e-06	0	4.26222940171e-06	1.27866882051e-05	0.00032392943453	3.40978352137e-05	0.000699005621881	5.9671211624e-05	0.00118063754427	0.000311142746325	0	8.52445880342e-06	0	8.52445880342e-06	8.52445880342e-06	4.26222940171e-06	0	0
0.00108686849744	0.000204587011282	0.00325208103351	0	2.13111470086e-05	2.13111470086e-05	0.000328191663932	0.00327339218051	0.0010058861388	0.000439009628376	0.000264258222906	0.000375076187351	2.55733764103e-05	0.000251471534701	0.000537040904616	0.000196062552479	0.0049825461706	0.00252750203521	0.000106555735043	0.00059671211624	1.70489176068e-05	0.0462068289439	0.00219504814188	0.0253346915638	0.00170915399009	1.70489176068e-05	0.00079703689812	0.00340552129197	0.011077534215	0.00111244187385	0.0138096232615	4.26222940171e-06	7.24578998291e-05	0.000144915799658	0.00914248206667	3.83600646154e-05	0.000328191663932	8.95068174359e-05	0	8.52445880342e-06	0	0	5.9671211624e-05	4.26222940171e-06	0.00017475140547	0	1.27866882051e-05	0	4.26222940171e-06	2.55733764103e-05	0	0.000694743392479	0.00014917802906	1.70489176068e-05	4.26222940171e-05	0	0.000366551728547	0.00164522054906	0.000541303134017	0.00029835605812	4.26222940171e-05	0.000187538093675	0.000528516445812	0.00044753408718	7.24578998291e-05	0.000319667205128	8.52445880342e-06	4.26222940171e-06	2.9835605812e-05	0.000136391340855	0.0042281315665	0.000835396962735	0.00704120297163	0.00319240982188	0.000592449886838	0.000775725751111	4.26222940171e-05	0.000285569369915	0.000140653570256	0.000157702487863	0.000106555735043	0	4.26222940171e-06	4.26222940171e-06
0.000247209305299	0.00355896155043	0.00128719327932	0	0.00012360465265	4.26222940171e-06	0.000136391340855	0.000916379321368	0.00034950281094	0.00514877311727	0.000196062552479	8.09823586325e-05	0.000127866882051	0.000166226946667	0.000204587011282	9.80312762393e-05	0.00574974746291	0.000242947075898	4.26222940171e-06	0.000127866882051	4.26222940171e-05	0.00219504814188	0.0257396033569	0.00587761434496	0.0067172735371	0.000234422617094	0.000528516445812	0.0057241740865	0.0022504571241	0.000277044911111	0.000976050532992	1.27866882051e-05	2.9835605812e-05	4.26222940171e-05	0.00103572174462	0.00012360465265	0.00197767444239	0.000468845234188	0	2.55733764103e-05	0	0	0.000115080193846	1.27866882051e-05	0.000311142746325	4.26222940171e-06	1.70489176068e-05	0	3.83600646154e-05	6.39334410257e-05	4.26222940171e-06	0.00360584607385	0.000259995993504	1.27866882051e-05	3.83600646154e-05	2.9835605812e-05	0.00115506416786	0.0084690498212	0.00259143547624	0.000792774668718	9.80312762393e-05	0.000306880516923	0.00283012032274	0.00118489977368	0.00012360465265	0.000686218933675	1.27866882051e-05	0	6.39334410257e-05	0.000238684846496	0.00260422216445	0.000839659192137	0.00103145951521	0.000528516445812	0.000242947075898	0.000179013634872	2.55733764103e-05	0.000630809951453	0.000400649563761	0.000311142746325	0.00017475140547	8.52445880342e-06	0	4.26222940171e-06
0.00120621092068	0.000831134733334	0.0152118967347	0	3.40978352137e-05	2.13111470086e-05	0.000703267851282	0.00587761434496	0.00179013634872	0.000652121098462	0.000396387334359	0.000558352051624	3.40978352137e-05	0.000328191663932	0.000984574991795	0.00029835605812	0.00837101854496	0.0077316841347	0.000161964717265	0.00127014436171	2.9835605812e-05	0.0253346915638	0.00587761434496	0.0700071179231	0.00338421014496	3.83600646154e-05	0.00253602649402	0.0153695992226	0.00805987579864	0.000664907786667	0.00859691670325	1.27866882051e-05	6.81956704274e-05	0.000132129111453	0.00950050933641	4.68845234188e-05	0.00165374500786	0.000370813957949	0	2.55733764103e-05	0	0	8.52445880342e-05	0	0.00032392943453	0	8.52445880342e-06	0	2.9835605812e-05	3.83600646154e-05	0	0.0019989855894	0.000302618287521	3.40978352137e-05	8.95068174359e-05	8.52445880342e-06	0.000481631922393	0.00365699282667	0.00158981156684	0.000383600646154	0.000136391340855	0.000537040904616	0.00216947476547	0.000626547722051	9.37690468376e-05	0.00032392943453	1.70489176068e-05	0	5.9671211624e-05	0.000247209305299	0.00954739385983	0.00190947877197	0.00940674028958	0.0049740217118	0.000950477156582	0.00082261027453	7.24578998291e-05	0.000643596639658	0.000387862875556	0.000379338416752	0.000277044911111	4.26222940171e-06	4.26222940171e-06	0
0.00144915799658	0.00151735366701	0.000720316768889	0	0.0039979711788	0.00012360465265	0.00196062552479	0.00931297124274	0.00337142345675	0.0148709183826	0.00353765040342	0.000277044911111	0.00233996394154	0.000404911793163	0.00200751004821	0.00131702888513	0.00782545318154	0.000230160387692	4.68845234188e-05	0.000179013634872	0.00129571773812	0.00170915399009	0.0067172735371	0.00338421014496	0.0510828193795	0.000106555735043	0.000460320775385	0.00191374100137	0.0200580515645	0.00222914597709	0.00285143146974	1.27866882051e-05	0.000204587011282	0.000383600646154	0.00245078190598	0.000196062552479	0.000289831599316	0.000110817964444	0	0.000724578998291	4.26222940171e-06	5.11467528205e-05	0.000251471534701	6.39334410257e-05	0.00358453492684	0.00014917802906	4.26222940171e-05	0.000110817964444	2.13111470086e-05	0.000204587011282	5.11467528205e-05	0.000468845234188	0.000119342423248	1.70489176068e-05	2.9835605812e-05	0.000639334410257	0.000511467528205	0.00192652768957	0.000456058545983	0.00329044109812	3.40978352137e-05	0.000170489176068	0.000430485169573	0.00220357260068	0.000515729757607	0.000890805944958	0	2.9835605812e-05	0.000328191663932	0.000643596639658	0.00467992788308	0.000750152374701	0.00293667605778	0.00105703289162	0.00142358462017	0.000933428238975	1.27866882051e-05	0.000549827592821	0.000277044911111	0.000443271857778	0.000183275864274	9.80312762393e-05	4.26222940171e-06	1.27866882051e-05
1.27866882051e-05	0.000639334410257	2.55733764103e-05	0	0	0	4.26222940171e-06	3.40978352137e-05	3.83600646154e-05	0.000119342423248	2.55733764103e-05	0.00129997996752	8.52445880342e-06	0.00289405376376	1.27866882051e-05	0	8.52445880342e-06	6.39334410257e-05	0.000157702487863	0.000366551728547	0	1.70489176068e-05	0.000234422617094	3.83600646154e-05	0.000106555735043	0.00683661596034	0.00183275864274	0.00156423819043	1.70489176068e-05	4.26222940171e-06	1.27866882051e-05	7.67201292308e-05	4.26222940171e-06	0	0.000319667205128	4.26222940171e-06	7.67201292308e-05	8.52445880342e-06	0	0	0	0	0	0	0	0	0.000383600646154	0	0.00101014836821	1.27866882051e-05	0	4.26222940171e-06	8.52445880342e-06	7.67201292308e-05	6.39334410257e-05	0	0	8.52445880342e-06	4.26222940171e-06	1.70489176068e-05	0.00255307541162	0.0010058861388	0.00141932239077	1.27866882051e-05	1.70489176068e-05	8.52445880342e-06	0.000161964717265	0	8.52445880342e-06	6.39334410257e-05	0.000106555735043	0.000375076187351	0.000302618287521	8.09823586325e-05	2.13111470086e-05	1.70489176068e-05	0.000183275864274	2.13111470086e-05	0.000166226946667	0.000106555735043	2.55733764103e-05	0	0	0.00012360465265
0.000302618287521	0.00393403773778	0.00478222138872	0	2.55733764103e-05	1.70489176068e-05	0.000277044911111	0.00114227747966	0.00067343224547	0.000242947075898	0.000294093828718	0.0107408180923	4.26222940171e-05	0.00641891747898	0.000306880516923	8.52445880342e-06	0.000251471534701	0.00591597440957	0.00563040503966	0.0109965518564	5.9671211624e-05	0.00079703689812	0.000528516445812	0.00253602649402	0.000460320775385	0.00183275864274	0.0576509148875	0.0194400283012	0.000600974345641	0.000247209305299	0.000878019256752	0.0012360465265	8.09823586325e-05	1.70489176068e-05	0.00652547321402	4.26222940171e-05	0.00370387735009	8.09823586325e-05	0	8.52445880342e-06	0	0	1.70489176068e-05	0	6.39334410257e-05	8.52445880342e-06	0.000677694474872	1.27866882051e-05	0.00196062552479	3.40978352137e-05	0	5.54089822222e-05	0.000311142746325	0.000353765040342	0.000609498804445	2.13111470086e-05	3.83600646154e-05	0.000115080193846	0.00014917802906	8.95068174359e-05	0.00721169214769	0.00636777072616	0.00754840827043	0.000102293505641	6.81956704274e-05	5.11467528205e-05	0.000532778675214	0	2.55733764103e-05	0.000285569369915	0.00379338416752	0.00222488374769	0.00588613880376	0.00245078190598	0.000289831599316	0.00020032478188	5.9671211624e-05	0.000242947075898	0.000613761033846	0.000421960710769	0.000110817964444	0	0	6.39334410257e-05
0.000511467528205	0.00962837621846	0.0162518807087	0	3.40978352137e-05	4.26222940171e-06	0.000285569369915	0.0019819366718	0.000814085815727	0.000652121098462	0.000268520452308	0.00233143948274	5.9671211624e-05	0.00268094229368	0.00047310746359	5.9671211624e-05	0.00351207702701	0.00899330403761	0.000775725751111	0.00417272258427	4.26222940171e-05	0.00340552129197	0.0057241740865	0.0153695992226	0.00191374100137	0.00156423819043	0.0194400283012	0.0800063080995	0.00205439457162	0.000277044911111	0.00168358061368	0.000255733764103	2.9835605812e-05	4.26222940171e-05	0.00702841628342	6.81956704274e-05	0.00789791108137	0.000724578998291	0	1.27866882051e-05	0	0	5.54089822222e-05	4.26222940171e-06	0.000166226946667	0	0.000213111470086	0	0.000839659192137	6.81956704274e-05	4.26222940171e-06	0.000873757027351	0.00121899760889	0.000136391340855	0.000464583004786	8.52445880342e-06	0.000208849240684	0.00190521654256	0.00143210907897	0.000251471534701	0.00288126707556	0.00503795515282	0.0089719928906	0.000417698481368	7.24578998291e-05	0.00020032478188	0.000217373699487	0	3.40978352137e-05	0.000375076187351	0.00850314765641	0.00280454694633	0.00765922623487	0.00345666804479	0.00049868084	0.000277044911111	9.37690468376e-05	0.00059671211624	0.000716054539487	0.000434747398975	0.000213111470086	8.52445880342e-06	4.26222940171e-06	5.11467528205e-05
0.00176456297231	0.000281307140513	0.00239963515316	0	0.00430058946633	7.67201292308e-05	0.00381895754393	0.0264641823552	0.00605236575043	0.00477369692992	0.0114312992554	0.000413436251966	0.00126588213231	0.000605236575043	0.00345666804479	0.00052425421641	0.00536188458735	0.000912117091966	9.37690468376e-05	0.000340978352137	0.00119342423248	0.011077534215	0.0022504571241	0.00805987579864	0.0200580515645	1.70489176068e-05	0.000600974345641	0.00205439457162	0.0706890746274	0.00268094229368	0.00915100652547	4.26222940171e-06	0.000353765040342	0.000426222940171	0.00479074584752	0.000157702487863	0.000259995993504	6.39334410257e-05	0	0.00077146352171	0	4.68845234188e-05	0.000285569369915	3.83600646154e-05	0.00240389738256	0.000196062552479	3.83600646154e-05	0.000115080193846	8.52445880342e-06	0.000166226946667	3.40978352137e-05	0.000554089822222	0.000115080193846	2.9835605812e-05	2.55733764103e-05	0.000694743392479	0.000507205298804	0.00173046513709	0.000485894151795	0.00296224943419	3.40978352137e-05	0.000144915799658	0.000379338416752	0.00201177227761	0.000490156381197	0.000882281486154	4.26222940171e-06	3.83600646154e-05	0.000264258222906	0.000592449886838	0.00518287095248	0.000592449886838	0.00580515644513	0.00207570571863	0.00193931437778	0.00143210907897	3.40978352137e-05	0.000575400969231	0.000225898158291	0.000439009628376	0.000191800323077	5.11467528205e-05	8.52445880342e-06	4.26222940171e-06
0.00671301130769	7.24578998291e-05	0.000161964717265	0	0.000302618287521	8.95068174359e-05	0.000941952697778	0.0047310746359	0.00369535289128	0.00138096232615	0.00245930636479	0.000507205298804	0.000328191663932	0.000566876510428	0.00930444678393	6.81956704274e-05	0.000264258222906	0.000413436251966	5.11467528205e-05	0.000230160387692	0.000370813957949	0.00111244187385	0.000277044911111	0.000664907786667	0.00222914597709	4.26222940171e-06	0.000247209305299	0.000277044911111	0.00268094229368	0.0252494469757	0.00311142746325	0	0.000430485169573	0.00218652368308	0.00309437854564	2.9835605812e-05	4.68845234188e-05	8.52445880342e-06	0	7.24578998291e-05	4.26222940171e-06	1.27866882051e-05	8.09823586325e-05	4.26222940171e-06	0.000809823586325	3.40978352137e-05	2.13111470086e-05	2.9835605812e-05	1.70489176068e-05	5.11467528205e-05	8.52445880342e-06	5.9671211624e-05	2.13111470086e-05	0	1.27866882051e-05	6.39334410257e-05	3.83600646154e-05	0.000272782681709	4.68845234188e-05	0.000588187657436	2.9835605812e-05	2.55733764103e-05	7.24578998291e-05	0.000490156381197	0.000127866882051	0.000187538093675	0	1.27866882051e-05	9.80312762393e-05	0.000179013634872	0.000720316768889	0.000132129111453	0.00196914998359	0.000392125104957	0.000618023263248	0.000426222940171	8.52445880342e-06	0.000153440258462	4.68845234188e-05	0.000144915799658	5.9671211624e-05	1.70489176068e-05	4.26222940171e-06	0
0.00542581802838	0.000234422617094	0.00208423017744	0	8.09823586325e-05	1.70489176068e-05	0.000865232568547	0.0115719528256	0.00261274662325	0.00127440659111	0.00044753408718	0.000289831599316	5.9671211624e-05	0.000183275864274	0.0019989855894	5.11467528205e-05	0.00130424219692	0.00303470733402	8.52445880342e-05	0.000630809951453	5.11467528205e-05	0.0138096232615	0.000976050532992	0.00859691670325	0.00285143146974	1.27866882051e-05	0.000878019256752	0.00168358061368	0.00915100652547	0.00311142746325	0.0398774182824	4.26222940171e-06	7.24578998291e-05	0.000213111470086	0.00820052936889	4.26222940171e-05	0.000217373699487	4.26222940171e-05	0	1.70489176068e-05	0	0	4.26222940171e-05	4.26222940171e-06	0.000626547722051	8.52445880342e-06	3.40978352137e-05	4.26222940171e-06	1.27866882051e-05	6.39334410257e-05	4.26222940171e-06	0.000170489176068	7.24578998291e-05	1.27866882051e-05	2.9835605812e-05	4.26222940171e-06	0.000191800323077	0.000639334410257	0.000191800323077	0.000451796316581	3.83600646154e-05	0.000144915799658	0.000259995993504	0.000532778675214	0.000144915799658	0.000251471534701	0	0	6.39334410257e-05	0.00020032478188	0.00109113072684	0.000238684846496	0.00359305938564	0.00118063754427	0.000302618287521	0.000340978352137	2.13111470086e-05	0.000247209305299	0.000136391340855	0.000161964717265	7.24578998291e-05	0	4.26222940171e-06	8.52445880342e-06
