0.0178023127999	0	2.8392843381e-05	0	0.000101403012075	3.6505084347e-05	0.00239311108497	0.00606390012209	0.00522428318211	0.000219030506082	0.000762550650805	2.0280602415e-05	0.000239311108497	0	0.00483895173622	1.6224481932e-05	6.8954048211e-05	2.0280602415e-05	0	4.056120483e-06	0.000292040674776	0.000186581542218	6.8954048211e-05	0.00020280602415	0.000555688506171	0	1.2168361449e-05	4.056120483e-05	0.00106675968703	0.00676155284517	0.0025066824585	0	2.0280602415e-05	0.00036505084347	0.00137908096422	4.056120483e-06	4.056120483e-06	4.056120483e-06	0	0	0	0	1.2168361449e-05	0	4.4617325313e-05	4.056120483e-06	0	0	0	0	0	8.11224096601e-06	0	0	0	0	8.11224096601e-06	2.0280602415e-05	8.11224096601e-06	2.4336722898e-05	0	0	4.056120483e-06	1.6224481932e-05	0	8.11224096601e-06	0	0	0	4.056120483e-06	0.000661147638729	5.6785686762e-05	0.000669259879695	0.000194693783184	0.000969412795438	0.000105459132558	8.11224096601e-06	4.056120483e-06	4.056120483e-06	1.2168361449e-05	4.056120483e-06	0	0	0
0	0.00834343983354	0.000851785301431	0	0	4.056120483e-06	4.056120483e-06	1.2168361449e-05	0	3.2448963864e-05	0	0.000494846698926	0	0.000117627494007	0	0	0.000141964216905	0.000470509976028	5.2729566279e-05	0.000575969108586	0	8.51785301431e-05	0.00090451486771	0.000385331445885	2.8392843381e-05	0.00103431072317	0.00199155515715	0.00236066212111	4.4617325313e-05	4.056120483e-06	4.4617325313e-05	8.11224096601e-06	0	0	0.000705764964042	4.056120483e-06	0.00249045797656	0.000239311108497	0	0	0	0	0	0	4.056120483e-06	0	0.00020280602415	0	0.000210918265116	0	0	4.8673445796e-05	0.000133851975939	1.6224481932e-05	6.4897927728e-05	0	2.0280602415e-05	0.000141964216905	0.000158188698837	8.11224096601e-06	0.00113976985572	0.000880178144812	0.0018130858559	0	1.2168361449e-05	1.2168361449e-05	1.2168361449e-05	0	4.056120483e-06	0.000117627494007	0.000154132578354	0.000636810915831	0.000336658000089	8.11224096601e-05	1.6224481932e-05	4.056120483e-06	4.056120483e-06	9.32907711091e-05	0.000292040674776	0.000174413180769	4.8673445796e-05	0	0	8.11224096601e-06
2.8392843381e-05	0.000851785301431	0.0271597827542	0	0	4.056120483e-06	2.8392843381e-05	0.000219030506082	2.0280602415e-05	6.4897927728e-05	0	0.000227142747048	4.056120483e-06	8.11224096601e-06	1.2168361449e-05	8.11224096601e-06	0.00064897927728	0.00257158038622	2.0280602415e-05	0.000677372120661	0	0.00160622371127	0.00098563727737	0.00839616939982	0.000141964216905	4.8673445796e-05	0.00587326245939	0.0091627761711	0.0004056120483	5.6785686762e-05	0.000665203759212	0	0	6.4897927728e-05	0.00318405457916	0	0.00119655554249	0.000186581542218	0	0	0	0	0	0	0	0	2.0280602415e-05	0	4.056120483e-06	0	0	3.2448963864e-05	8.11224096601e-05	0	2.0280602415e-05	0	1.6224481932e-05	0.000223086626565	0.000190637662701	4.056120483e-06	6.4897927728e-05	0.000158188698837	0.000705764964042	4.056120483e-06	0	1.6224481932e-05	0	0	0	4.8673445796e-05	0.00150482069919	0.00206862144633	0.0020767336873	0.000665203759212	0.000223086626565	8.92346506261e-05	8.11224096601e-06	5.2729566279e-05	0.000117627494007	4.8673445796e-05	2.0280602415e-05	4.056120483e-06	0	0
0	0	0	0	0	0	0	0	0	0	0	0	0	0	0	0	0	0	0	0	0	0	0	0	0	0	0	0	0	0	0	0	0	0	0	0	0	0	0	0	0	0	0	0	0	0	0	0	0	0	0	0	0	0	0	0	0	0	0	0	0	0	0	0	0	0	0	0	0	0	0	0	0	0	0	0	0	0	0	0	0	0	0	0
0.000101403012075	0	0	0	0.0164556807995	0	0.000754438409839	0.00154538190402	0.00020280602415	0.000113571373524	0.00326517698882	0	0.00306642708515	0	4.8673445796e-05	4.056120483e-06	0	0	0	0	0.00806762364069	8.11224096601e-06	0	4.056120483e-06	0.00821364397808	0	0	0	0.00621397657996	5.6785686762e-05	6.4897927728e-05	0	0	1.6224481932e-05	5.2729566279e-05	0	0	0	0	0.000790943494186	0	4.056120483e-06	4.056120483e-06	0	8.11224096601e-06	4.4617325313e-05	0	0.000150076457871	0	0	0	0	0	0	0	0.000580025229069	4.056120483e-06	0	0	2.8392843381e-05	0	0	0	5.2729566279e-05	0	0	0	0	0	0	2.0280602415e-05	4.056120483e-06	2.8392843381e-05	4.056120483e-06	2.8392843381e-05	0	0	0	0	0	0	4.056120483e-06	0	0
3.6505084347e-05	4.056120483e-06	4.056120483e-06	0	0	0.00775935848398	0.00420619694087	1.2168361449e-05	0.00257969262719	0	0	8.11224096601e-06	8.11224096601e-06	0	0.000778775132737	0.00137096872325	0	0	4.056120483e-06	4.056120483e-06	4.056120483e-06	8.11224096601e-06	0	1.2168361449e-05	0	0	0	0	4.056120483e-06	0.000259591710912	8.11224096601e-06	0	0.00212946325358	4.056120483e-06	0.00044617325313	0	0	0	0	0	0	0	0	0	0	0	0	0	0	0	0	0	0	0	0	0	0	0	0	0	0	0	0	0	0	0	0	0	0	0	3.2448963864e-05	1.6224481932e-05	0.000133851975939	3.6505084347e-05	0.000421836530232	0.00107081580751	4.056120483e-06	0	0	0	0	0	0	0
0.00239311108497	4.056120483e-06	2.8392843381e-05	0	0.000754438409839	0.00420619694087	0.0497118126397	0.0052972933508	0.0232415703676	0.000287984554293	0.0115923923404	4.8673445796e-05	0.00568668091717	0	0.00611257356789	0.00251073857898	1.6224481932e-05	2.4336722898e-05	4.056120483e-06	2.0280602415e-05	0.00253101918139	6.4897927728e-05	2.0280602415e-05	0.000109515253041	0.00113165761476	4.056120483e-06	2.0280602415e-05	3.2448963864e-05	0.00180091749445	0.00153321354258	0.000539464024239	0	0.00149670845823	0.000109515253041	0.00208078980778	0	0	0	0	0	0	0	0	0	2.0280602415e-05	0	0	0	0	0	0	8.11224096601e-06	0	0	0	0	0	1.2168361449e-05	0	1.6224481932e-05	0	0	0	0	0	0	0	0	0	0	0.000673316000178	8.92346506261e-05	0.00157377474741	0.000450229373613	0.00330979431413	0.00123306062683	4.056120483e-06	8.11224096601e-06	4.056120483e-06	0	0	0	0	0
0.00606390012209	1.2168361449e-05	0.000219030506082	0	0.00154538190402	1.2168361449e-05	0.0052972933508	0.05559318734	0.00603145115823	0.00247017737415	0.00968601571341	1.6224481932e-05	0.00178469301252	0	0.00369106963953	6.4897927728e-05	0.000535407903756	8.92346506261e-05	0	8.11224096601e-06	0.0022917080729	0.00150482069919	0.000555688506171	0.00153726966306	0.00692379766449	4.056120483e-06	4.4617325313e-05	0.000263647831395	0.021112107114	0.00340714120572	0.0128579019311	0	1.2168361449e-05	0.000519183421824	0.00297719243452	1.6224481932e-05	8.11224096601e-06	8.11224096601e-06	0	1.2168361449e-05	0	2.0280602415e-05	8.92346506261e-05	8.11224096601e-06	0.000490790578443	1.6224481932e-05	8.11224096601e-06	4.056120483e-06	4.056120483e-06	0	4.056120483e-06	6.8954048211e-05	0	0	0	0	4.056120483e-05	0.000137908096422	5.2729566279e-05	0.000401555927817	4.056120483e-06	0	1.2168361449e-05	0.000109515253041	3.2448963864e-05	6.0841807245e-05	0	0	2.8392843381e-05	3.6505084347e-05	0.00151698906064	0.00028392843381	0.00134257587987	0.000340714120572	0.00112760149427	9.73468915921e-05	8.11224096601e-06	5.6785686762e-05	2.0280602415e-05	2.4336722898e-05	4.056120483e-06	5.2729566279e-05	0	0
0.00522428318211	0	2.0280602415e-05	0	0.00020280602415	0.00257969262719	0.0232415703676	0.00603145115823	0.0456516360362	0.000129795855456	0.00365456455519	4.4617325313e-05	0.000794999614669	0	0.0147723907991	0.000389387566368	5.2729566279e-05	3.2448963864e-05	4.056120483e-06	2.0280602415e-05	0.000738213927907	0.000101403012075	3.6505084347e-05	0.000125739734973	0.00052729566279	8.11224096601e-06	2.4336722898e-05	2.4336722898e-05	0.00113571373524	0.00213351937406	0.000859897542397	0	0.00115193821717	0.000105459132558	0.00208484592826	0	0	0	0	0	0	4.056120483e-06	0	0	2.8392843381e-05	4.056120483e-06	0	0	0	0	0	1.2168361449e-05	0	0	0	0	4.056120483e-06	1.2168361449e-05	4.056120483e-06	2.0280602415e-05	0	0	0	0	0	0	0	0	0	4.056120483e-06	0.000632754795348	8.11224096601e-05	0.00145209113292	0.000393443686851	0.00236877436207	0.00100591787978	4.056120483e-06	1.2168361449e-05	4.056120483e-06	0	0	0	0	0
0.000219030506082	3.2448963864e-05	6.4897927728e-05	0	0.000113571373524	0	0.000287984554293	0.00247017737415	0.000129795855456	0.0170113693057	0.000178469301252	4.056120483e-06	0.00170357060286	0	5.2729566279e-05	0.000393443686851	0.00131823915698	1.6224481932e-05	0	4.056120483e-06	0.000150076457871	0.000312321277191	0.00356532990456	0.000531351783273	0.0081852511347	0	2.8392843381e-05	0.000373163084436	0.00381275325402	0.000292040674776	0.000965356674955	0	0	0.000113571373524	0.00052729566279	2.4336722898e-05	2.8392843381e-05	2.8392843381e-05	0	3.2448963864e-05	0	2.4336722898e-05	0.000190637662701	1.2168361449e-05	0.00177252465107	3.2448963864e-05	0	4.056120483e-05	0	8.11224096601e-06	1.2168361449e-05	0.000292040674776	8.11224096601e-06	0	0	3.2448963864e-05	0.000125739734973	0.000636810915831	0.00016224481932	0.00116410657862	0	4.056120483e-06	4.4617325313e-05	0.000340714120572	6.0841807245e-05	0.000194693783184	0	0	4.4617325313e-05	8.11224096601e-05	0.000454285494096	0.000109515253041	0.000231198867531	5.2729566279e-05	0.00048673445796	8.11224096601e-06	0	0.000150076457871	4.4617325313e-05	5.2729566279e-05	2.0280602415e-05	9.32907711091e-05	0	4.056120483e-06
0.000762550650805	0	0	0	0.00326517698882	0	0.0115923923404	0.00968601571341	0.00365456455519	0.000178469301252	0.0392551340345	0	0.00586515021842	0	0.00106675968703	8.11224096601e-06	1.2168361449e-05	4.056120483e-06	0	0	0.00726045566458	3.6505084347e-05	1.6224481932e-05	5.2729566279e-05	0.00180902973542	0	0	0	0.00626265002576	0.000308265156708	0.00036505084347	0	8.11224096601e-06	4.056120483e-05	0.000178469301252	0	0	0	0	0	0	4.056120483e-06	0	4.056120483e-06	0	0	0	0	0	0	0	0	0	0	0	0	0	8.11224096601e-06	0	8.11224096601e-06	0	0	0	0	0	4.056120483e-06	0	0	0	0	5.6785686762e-05	0	7.30101686941e-05	1.6224481932e-05	0.000129795855456	8.11224096601e-06	0	4.056120483e-06	0	0	0	0	0	0
2.0280602415e-05	0.000494846698926	0.000227142747048	0	0	8.11224096601e-06	4.8673445796e-05	1.6224481932e-05	4.4617325313e-05	4.056120483e-06	0	0.029350087815	0	0.00542708920626	2.8392843381e-05	4.056120483e-06	4.056120483e-06	0.00182119809687	0.00441711520599	0.00868821007459	0	7.30101686941e-05	2.0280602415e-05	0.000178469301252	4.056120483e-06	0.00273382520554	0.00930474038801	0.00202400412102	2.0280602415e-05	3.6505084347e-05	4.4617325313e-05	0.00024336722898	8.11224096601e-06	4.056120483e-06	0.0067291038813	0	0.000239311108497	1.6224481932e-05	0	0	0	0	0	0	0	0	0.000214974385599	0	0.000271760072361	0	0	0	3.2448963864e-05	1.2168361449e-05	2.8392843381e-05	0	0	4.056120483e-06	8.11224096601e-06	0	0.000827448578533	0.000316377397674	0.000519183421824	0	0	0	1.2168361449e-05	0	0	1.2168361449e-05	0.00028392843381	0.00270137624168	0.00459558450724	0.000442117132647	9.73468915921e-05	8.51785301431e-05	0.000616530313416	4.056120483e-06	0.000194693783184	4.8673445796e-05	0	0	0	2.4336722898e-05
0.000239311108497	0	4.056120483e-06	0	0.00306642708515	8.11224096601e-06	0.00568668091717	0.00178469301252	0.000794999614669	0.00170357060286	0.00586515021842	0	0.02804807314	0	0.000158188698837	0.00158594310885	1.6224481932e-05	0	0	0	0.0113693057139	1.2168361449e-05	2.4336722898e-05	1.6224481932e-05	0.00360183498891	0	0	4.056120483e-06	0.00228359583193	0.000141964216905	0.00012168361449	0	0	1.2168361449e-05	0.000129795855456	4.056120483e-06	0	0	0	1.6224481932e-05	0	0.000125739734973	3.2448963864e-05	0	7.30101686941e-05	0.000336658000089	0	0.00177252465107	0	0	4.056120483e-06	0	0	0	0	0.000332601879606	0	4.056120483e-06	0	9.73468915921e-05	0	0	0	5.6785686762e-05	8.11224096601e-06	0	0	0	4.056120483e-06	8.11224096601e-06	0.000239311108497	1.2168361449e-05	6.8954048211e-05	1.2168361449e-05	0.000458341614579	8.11224096601e-06	0	4.056120483e-06	0	0	0	8.11224096601e-06	0	0
0	0.000117627494007	8.11224096601e-06	0	0	0	0	0	0	0	0	0.00542708920626	0	0.0114666526054	0	4.056120483e-06	0	3.6505084347e-05	0.000178469301252	0.000287984554293	0	4.056120483e-06	0	0	0	0.00253913142236	0.00317594233819	0.00119655554249	0	0	0	0.000470509976028	0	0	0.000360994722987	0	4.4617325313e-05	0	0	0	0	0	0	0	0	0	0.000141964216905	0	0.000146020337388	0	0	0	0	8.11224096601e-06	0	0	0	0	0	0	0.000332601879606	6.4897927728e-05	0.000129795855456	0	0	0	0	0	0	8.11224096601e-06	1.2168361449e-05	0.00114382597621	0.000701708843559	2.8392843381e-05	4.056120483e-06	0	0.000498902819409	0	0.000101403012075	2.4336722898e-05	0	0	0	1.2168361449e-05
0.00483895173622	0	1.2168361449e-05	0	4.8673445796e-05	0.000778775132737	0.00611257356789	0.00369106963953	0.0147723907991	5.2729566279e-05	0.00106675968703	2.8392843381e-05	0.000158188698837	0	0.0239797842955	0.000117627494007	2.8392843381e-05	2.4336722898e-05	0	1.2168361449e-05	0.000158188698837	6.0841807245e-05	0	5.6785686762e-05	0.00024336722898	4.056120483e-06	1.6224481932e-05	1.2168361449e-05	0.000482678337477	0.0034842074949	0.00103025460268	0	0.000969412795438	9.32907711091e-05	0.00126145347021	4.056120483e-06	0	0	0	0	0	4.056120483e-06	0	0	8.11224096601e-06	4.056120483e-06	0	0	0	0	0	0	0	0	0	0	4.056120483e-06	4.056120483e-06	0	4.056120483e-06	0	0	0	0	4.056120483e-06	4.056120483e-06	0	0	0	4.056120483e-06	0.00032448963864	4.056120483e-05	0.000859897542397	0.000219030506082	0.00126145347021	0.000539464024239	0	4.056120483e-06	4.056120483e-06	0	0	0	0	0
1.6224481932e-05	0	8.11224096601e-06	0	4.056120483e-06	0.00137096872325	0.00251073857898	6.4897927728e-05	0.000389387566368	0.000393443686851	8.11224096601e-06	4.056120483e-06	0.00158594310885	4.056120483e-06	0.000117627494007	0.00730507298989	1.6224481932e-05	4.056120483e-06	0	4.056120483e-06	1.2168361449e-05	1.6224481932e-05	8.11224096601e-06	2.0280602415e-05	6.0841807245e-05	0	8.11224096601e-06	8.11224096601e-06	4.056120483e-05	4.4617325313e-05	3.6505084347e-05	0	2.8392843381e-05	8.11224096601e-06	0.000113571373524	0	0	4.056120483e-06	0	0	0	0	0	0	4.056120483e-06	0	0	0	0	0	0	0	0	0	0	0	0	0	4.056120483e-06	4.056120483e-06	0	0	4.056120483e-06	4.056120483e-06	4.056120483e-06	0	0	0	4.056120483e-06	4.056120483e-06	0.000462397735062	1.2168361449e-05	0.000129795855456	5.2729566279e-05	0.000600305831484	2.8392843381e-05	0	4.056120483e-06	0	0	0	0	0	0
6.8954048211e-05	0.000141964216905	0.00064897927728	0	0	0	1.6224481932e-05	0.000535407903756	5.2729566279e-05	0.00131823915698	1.2168361449e-05	4.056120483e-06	1.6224481932e-05	0	2.8392843381e-05	1.6224481932e-05	0.0212053978851	9.73468915921e-05	0	2.4336722898e-05	4.056120483e-06	0.00322461578399	0.00676966508613	0.00830693474919	0.00585703797746	4.056120483e-06	6.4897927728e-05	0.00468887527835	0.00422647754329	0.000113571373524	0.000941019952057	0	0	5.6785686762e-05	0.00126145347021	0	0.000158188698837	6.8954048211e-05	0	4.056120483e-06	0	0	4.056120483e-06	0	7.70662891771e-05	0	4.056120483e-06	0	0	0	0	0.000146020337388	2.0280602415e-05	0	4.056120483e-06	0	5.6785686762e-05	0.000584081349552	0.000259591710912	5.2729566279e-05	4.056120483e-06	2.0280602415e-05	0.000227142747048	2.8392843381e-05	0	2.0280602415e-05	0	0	0	3.6505084347e-05	0.00105459132558	0.000442117132647	0.000750382289356	0.00028392843381	0.00016224481932	3.2448963864e-05	1.2168361449e-05	8.92346506261e-05	4.8673445796e-05	2.0280602415e-05	8.11224096601e-06	0	0	0
2.0280602415e-05	0.000470509976028	0.00257158038622	0	0	0	2.4336722898e-05	8.92346506261e-05	3.2448963864e-05	1.6224481932e-05	4.056120483e-06	0.00182119809687	0	3.6505084347e-05	2.4336722898e-05	4.056120483e-06	9.73468915921e-05	0.0201508065596	0.000831504699016	0.00681833853193	4.056120483e-06	0.00101808624123	0.000150076457871	0.00511071180858	5.2729566279e-05	0.000109515253041	0.00587326245939	0.00182119809687	0.000178469301252	7.30101686941e-05	0.000470509976028	0	0	5.2729566279e-05	0.00805545527924	0	0.000417780409749	3.6505084347e-05	0	0	0	0	0	0	0	0	2.4336722898e-05	0	1.6224481932e-05	0	0	4.056120483e-06	8.11224096601e-06	0	4.056120483e-06	0	0	2.8392843381e-05	1.2168361449e-05	4.056120483e-06	8.51785301431e-05	0.000125739734973	0.000267703951878	0	0	4.056120483e-06	0	0	0	4.056120483e-06	0.00103431072317	0.00120061166297	0.00285956494052	0.000730101686941	0.000154132578354	0.000113571373524	4.056120483e-06	2.0280602415e-05	3.6505084347e-05	1.2168361449e-05	0	0	0	4.056120483e-06
0	5.2729566279e-05	2.0280602415e-05	0	0	4.056120483e-06	4.056120483e-06	0	4.056120483e-06	0	0	0.00441711520599	0	0.000178469301252	0	0	0	0.000831504699016	0.00715499653202	0.00453879882048	0	8.11224096601e-06	0	3.6505084347e-05	0	0.00016224481932	0.00301369751887	0.000316377397674	0	2.0280602415e-05	1.2168361449e-05	2.4336722898e-05	0	4.056120483e-06	0.00074227004839	0	4.056120483e-05	0	0	0	0	0	0	0	0	0	1.2168361449e-05	0	4.056120483e-06	0	0	0	0	0	0	0	0	0	0	0	8.51785301431e-05	4.8673445796e-05	5.6785686762e-05	0	0	0	0	0	0	0	2.0280602415e-05	0.000137908096422	0.000271760072361	3.6505084347e-05	4.056120483e-06	1.6224481932e-05	1.6224481932e-05	0	1.6224481932e-05	0	0	0	0	0
4.056120483e-06	0.000575969108586	0.000677372120661	0	0	4.056120483e-06	2.0280602415e-05	8.11224096601e-06	2.0280602415e-05	4.056120483e-06	0	0.00868821007459	0	0.000287984554293	1.2168361449e-05	4.056120483e-06	2.4336722898e-05	0.00681833853193	0.00453879882048	0.0206253726561	0	0.000141964216905	3.6505084347e-05	0.000523239542307	8.11224096601e-06	0.000539464024239	0.0107041019546	0.00196721843426	2.8392843381e-05	3.2448963864e-05	8.51785301431e-05	2.8392843381e-05	0	1.2168361449e-05	0.00753627185742	0	0.000434004891681	8.11224096601e-06	0	0	0	0	0	0	0	0	6.8954048211e-05	0	4.4617325313e-05	0	0	0	1.6224481932e-05	8.11224096601e-06	8.11224096601e-06	0	0	4.056120483e-06	8.11224096601e-06	0	0.00036505084347	0.000239311108497	0.000462397735062	0	0	0	0	0	0	8.11224096601e-06	0.000502958939892	0.000924795470125	0.00266892727782	0.000482678337477	6.0841807245e-05	8.51785301431e-05	2.4336722898e-05	1.2168361449e-05	7.70662891771e-05	1.6224481932e-05	0	0	0	8.11224096601e-06
0.000292040674776	0	0	0	0.00806762364069	4.056120483e-06	0.00253101918139	0.0022917080729	0.000738213927907	0.000150076457871	0.00726045566458	0	0.0113693057139	0	0.000158188698837	1.2168361449e-05	4.056120483e-06	4.056120483e-06	0	0	0.0214649895961	8.11224096601e-06	8.11224096601e-06	1.2168361449e-05	0.00495657923023	0	0	0	0.00423864590474	0.000137908096422	0.000141964216905	0	0	1.6224481932e-05	0.000109515253041	0	0	0	0	0	0	0	0	0	8.11224096601e-06	0	0	0	0	0	0	0	0	0	0	0	0	0	0	8.11224096601e-06	0	0	0	0	0	0	0	0	0	0	4.4617325313e-05	4.056120483e-06	7.30101686941e-05	1.2168361449e-05	5.6785686762e-05	0	0	0	0	0	0	4.056120483e-06	0	0
0.000186581542218	8.51785301431e-05	0.00160622371127	0	8.11224096601e-06	8.11224096601e-06	6.4897927728e-05	0.00150482069919	0.000101403012075	0.000312321277191	3.6505084347e-05	7.30101686941e-05	1.2168361449e-05	4.056120483e-06	6.0841807245e-05	1.6224481932e-05	0.00322461578399	0.00101808624123	8.11224096601e-06	0.000141964216905	8.11224096601e-06	0.0410519954085	0.0012168361449	0.0222153718854	0.001671121639	8.11224096601e-06	0.000421836530232	0.00149670845823	0.00681428241144	0.00208890204875	0.0117465249188	0	0	0.00102214236172	0.00777558296592	0	0.000109515253041	3.2448963864e-05	0	0	0	0	8.11224096601e-06	0	3.2448963864e-05	0	4.056120483e-06	4.056120483e-06	0	0	0	3.2448963864e-05	2.4336722898e-05	0	0	4.056120483e-06	3.2448963864e-05	0.000178469301252	7.70662891771e-05	2.4336722898e-05	0	2.4336722898e-05	8.51785301431e-05	2.4336722898e-05	0	1.2168361449e-05	0	0	0	4.056120483e-06	0.00194693783184	0.00086395366288	0.00221058566324	0.000709821084525	0.000360994722987	0.000105459132558	1.2168361449e-05	5.2729566279e-05	4.4617325313e-05	3.6505084347e-05	1.2168361449e-05	0	0	0
6.8954048211e-05	0.00090451486771	0.00098563727737	0	0	0	2.0280602415e-05	0.000555688506171	3.6505084347e-05	0.00356532990456	1.6224481932e-05	2.0280602415e-05	2.4336722898e-05	0	0	8.11224096601e-06	0.00676966508613	0.000150076457871	0	3.6505084347e-05	8.11224096601e-06	0.0012168361449	0.0167720581972	0.00318811069964	0.00232415703676	8.11224096601e-06	0.000174413180769	0.00505392612182	0.00182119809687	0.000125739734973	0.000746326168873	0	0	6.4897927728e-05	0.00100591787978	4.056120483e-06	0.000989693397853	0.000397499807334	0	4.056120483e-06	0	1.2168361449e-05	4.056120483e-05	4.056120483e-06	0.000227142747048	4.056120483e-06	8.11224096601e-06	8.11224096601e-06	8.11224096601e-06	0	4.056120483e-06	0.000454285494096	0.000129795855456	0	1.6224481932e-05	8.11224096601e-06	0.000170357060286	0.00227142747048	0.000786887373703	0.000182525421735	4.056120483e-06	8.11224096601e-05	0.0010261984822	9.73468915921e-05	3.2448963864e-05	0.000146020337388	0	0	2.0280602415e-05	0.000174413180769	0.00094507607254	0.000442117132647	0.000616530313416	0.000263647831395	0.000154132578354	5.2729566279e-05	4.056120483e-06	0.000300152915742	0.000210918265116	0.00016224481932	8.51785301431e-05	2.0280602415e-05	0	1.2168361449e-05
0.00020280602415	0.000385331445885	0.00839616939982	0	4.056120483e-06	1.2168361449e-05	0.000109515253041	0.00153726966306	0.000125739734973	0.000531351783273	5.2729566279e-05	0.000178469301252	1.6224481932e-05	0	5.6785686762e-05	2.0280602415e-05	0.00830693474919	0.00511071180858	3.6505084347e-05	0.000523239542307	1.2168361449e-05	0.0222153718854	0.00318811069964	0.0555526261352	0.00187798378363	4.056120483e-05	0.00173601956673	0.00766201159239	0.00440900296502	0.000701708843559	0.00519183421824	0	0	0.000482678337477	0.00970224019534	4.056120483e-06	0.000596249711001	0.000178469301252	0	0	0	0	1.2168361449e-05	0	4.4617325313e-05	0	1.2168361449e-05	0	4.056120483e-06	0	0	7.30101686941e-05	6.0841807245e-05	0	0	0	7.30101686941e-05	0.000640867036314	0.000255535590429	2.8392843381e-05	2.8392843381e-05	8.11224096601e-05	0.000470509976028	2.8392843381e-05	0	4.056120483e-05	0	0	4.056120483e-06	5.6785686762e-05	0.00402772763962	0.00213351937406	0.00421025306136	0.00147642785581	0.000653035397763	0.000214974385599	2.4336722898e-05	0.000117627494007	0.000113571373524	7.70662891771e-05	3.2448963864e-05	4.056120483e-06	0	4.056120483e-06
0.000555688506171	2.8392843381e-05	0.000141964216905	0	0.00821364397808	0	0.00113165761476	0.00692379766449	0.00052729566279	0.0081852511347	0.00180902973542	4.056120483e-06	0.00360183498891	0	0.00024336722898	6.0841807245e-05	0.00585703797746	5.2729566279e-05	0	8.11224096601e-06	0.00495657923023	0.001671121639	0.00232415703676	0.00187798378363	0.0439845705177	0	2.8392843381e-05	0.000401555927817	0.0199317760535	0.000555688506171	0.00204022860295	0	0	0.000146020337388	0.00105459132558	4.056120483e-06	1.2168361449e-05	2.8392843381e-05	0	2.0280602415e-05	0	2.8392843381e-05	7.30101686941e-05	8.11224096601e-06	0.000636810915831	8.11224096601e-06	0	3.2448963864e-05	0	1.2168361449e-05	1.6224481932e-05	0.000129795855456	1.2168361449e-05	0	0	1.2168361449e-05	5.2729566279e-05	0.000300152915742	8.11224096601e-05	0.000547576265205	0	8.11224096601e-06	2.8392843381e-05	0.000174413180769	2.4336722898e-05	9.32907711091e-05	0	0	8.11224096601e-06	4.056120483e-05	0.000661147638729	0.000190637662701	0.000515127301341	0.000158188698837	0.00028392843381	2.8392843381e-05	8.11224096601e-06	6.8954048211e-05	4.4617325313e-05	3.2448963864e-05	1.6224481932e-05	3.6505084347e-05	0	4.056120483e-06
0	0.00103431072317	4.8673445796e-05	0	0	0	4.056120483e-06	4.056120483e-06	8.11224096601e-06	0	0	0.00273382520554	0	0.00253913142236	4.056120483e-06	0	4.056120483e-06	0.000109515253041	0.00016224481932	0.000539464024239	0	8.11224096601e-06	8.11224096601e-06	4.056120483e-05	0	0.0090451486771	0.00171168284383	0.000941019952057	4.056120483e-06	0	1.2168361449e-05	5.6785686762e-05	0	0	0.000393443686851	0	0.00024336722898	1.2168361449e-05	0	0	0	0	0	0	0	0	0.000539464024239	0	0.00052729566279	0	0	0	1.2168361449e-05	2.8392843381e-05	8.11224096601e-06	0	0	1.2168361449e-05	2.0280602415e-05	0	0.00147642785581	0.000373163084436	0.000661147638729	0	0	0	2.8392843381e-05	0	0	4.4617325313e-05	4.056120483e-05	0.00113976985572	0.000498902819409	2.8392843381e-05	4.056120483e-06	4.056120483e-06	0.000681428241144	4.056120483e-05	0.000369106963953	0.000129795855456	2.4336722898e-05	0	0	0.000117627494007
1.2168361449e-05	0.00199155515715	0.00587326245939	0	0	0	2.0280602415e-05	4.4617325313e-05	2.4336722898e-05	2.8392843381e-05	0	0.00930474038801	0	0.00317594233819	1.6224481932e-05	8.11224096601e-06	6.4897927728e-05	0.00587326245939	0.00301369751887	0.0107041019546	0	0.000421836530232	0.000174413180769	0.00173601956673	2.8392843381e-05	0.00171168284383	0.0521170920861	0.0174737670408	8.11224096601e-05	2.0280602415e-05	0.000154132578354	0.000799055735152	0	2.8392843381e-05	0.0063721652788	0	0.00129390243408	8.11224096601e-05	0	0	0	0	0	0	4.056120483e-06	0	0.000206862144633	0	0.000133851975939	4.056120483e-06	0	0	0.000101403012075	3.6505084347e-05	5.2729566279e-05	0	4.056120483e-06	4.056120483e-05	5.2729566279e-05	0	0.00090451486771	0.000681428241144	0.00120466778345	0	0	0	8.11224096601e-06	0	0	4.8673445796e-05	0.000880178144812	0.0024336722898	0.00300152915742	0.000620586433899	0.000101403012075	8.11224096601e-05	3.6505084347e-05	2.4336722898e-05	0.000182525421735	7.70662891771e-05	8.11224096601e-06	0	0	1.2168361449e-05
4.056120483e-05	0.00236066212111	0.0091627761711	0	0	0	3.2448963864e-05	0.000263647831395	2.4336722898e-05	0.000373163084436	0	0.00202400412102	4.056120483e-06	0.00119655554249	1.2168361449e-05	8.11224096601e-06	0.00468887527835	0.00182119809687	0.000316377397674	0.00196721843426	0	0.00149670845823	0.00505392612182	0.00766201159239	0.000401555927817	0.000941019952057	0.0174737670408	0.0530662242791	0.000523239542307	4.4617325313e-05	0.000575969108586	0.000438061012164	0	4.056120483e-05	0.00323272802495	0	0.00177252465107	0.000336658000089	0	0	0	0	1.2168361449e-05	0	1.6224481932e-05	0	8.51785301431e-05	0	4.4617325313e-05	0	0	0.000117627494007	0.00012168361449	2.0280602415e-05	3.2448963864e-05	0	4.056120483e-05	0.000644923156797	0.000369106963953	2.4336722898e-05	0.000279872313327	0.000312321277191	0.00123306062683	2.0280602415e-05	0	2.4336722898e-05	4.056120483e-06	0	0	8.92346506261e-05	0.0014318105305	0.00225520298855	0.00197127455474	0.000661147638729	0.000154132578354	7.30101686941e-05	1.6224481932e-05	9.32907711091e-05	0.000263647831395	0.000101403012075	5.2729566279e-05	8.11224096601e-06	0	4.056120483e-06
0.00106675968703	4.4617325313e-05	0.0004056120483	0	0.00621397657996	4.056120483e-06	0.00180091749445	0.021112107114	0.00113571373524	0.00381275325402	0.00626265002576	2.0280602415e-05	0.00228359583193	0	0.000482678337477	4.056120483e-05	0.00422647754329	0.000178469301252	0	2.8392843381e-05	0.00423864590474	0.00681428241144	0.00182119809687	0.00440900296502	0.0199317760535	4.056120483e-06	8.11224096601e-05	0.000523239542307	0.0601035933171	0.00111543313283	0.0094264240025	0	0	0.000340714120572	0.00313943725384	1.6224481932e-05	3.6505084347e-05	3.2448963864e-05	0	1.2168361449e-05	0	1.6224481932e-05	0.000129795855456	8.11224096601e-06	0.000588137470035	1.2168361449e-05	0	1.6224481932e-05	0	1.2168361449e-05	8.11224096601e-06	0.00016224481932	1.2168361449e-05	0	0	2.0280602415e-05	5.6785686762e-05	0.000352882482021	0.00012168361449	0.00048673445796	8.11224096601e-06	4.056120483e-06	6.8954048211e-05	0.000206862144633	4.056120483e-05	0.000113571373524	0	0	1.6224481932e-05	2.8392843381e-05	0.00174413180769	0.00048673445796	0.00149265233775	0.000498902819409	0.00056785686762	0.00012168361449	1.2168361449e-05	0.00012168361449	4.056120483e-05	4.4617325313e-05	2.0280602415e-05	4.4617325313e-05	0	8.11224096601e-06
0.00676155284517	4.056120483e-06	5.6785686762e-05	0	5.6785686762e-05	0.000259591710912	0.00153321354258	0.00340714120572	0.00213351937406	0.000292040674776	0.000308265156708	3.6505084347e-05	0.000141964216905	0	0.0034842074949	4.4617325313e-05	0.000113571373524	7.30101686941e-05	2.0280602415e-05	3.2448963864e-05	0.000137908096422	0.00208890204875	0.000125739734973	0.000701708843559	0.000555688506171	0	2.0280602415e-05	4.4617325313e-05	0.00111543313283	0.0236877436207	0.00457936002531	0	0.000482678337477	0.00175224404866	0.00231604479579	0	8.11224096601e-06	4.056120483e-06	0	0	0	4.056120483e-06	4.056120483e-06	0	5.6785686762e-05	4.056120483e-06	4.056120483e-06	0	0	0	0	1.2168361449e-05	0	0	0	0	8.11224096601e-06	4.056120483e-05	1.2168361449e-05	4.056120483e-05	0	4.056120483e-06	1.2168361449e-05	0	4.056120483e-06	0	0	0	4.056120483e-06	0	0.0010018617593	9.32907711091e-05	0.000920739349642	0.000223086626565	0.000916683229159	0.000251479469946	0	8.11224096601e-06	4.056120483e-06	2.0280602415e-05	1.6224481932e-05	4.056120483e-06	0	4.056120483e-06
0.0025066824585	4.4617325313e-05	0.000665203759212	0	6.4897927728e-05	8.11224096601e-06	0.000539464024239	0.0128579019311	0.000859897542397	0.000965356674955	0.00036505084347	4.4617325313e-05	0.00012168361449	0	0.00103025460268	3.6505084347e-05	0.000941019952057	0.000470509976028	1.2168361449e-05	8.51785301431e-05	0.000141964216905	0.0117465249188	0.000746326168873	0.00519183421824	0.00204022860295	1.2168361449e-05	0.000154132578354	0.000575969108586	0.0094264240025	0.00457936002531	0.0439480654333	0	8.11224096601e-06	0.0010505352051	0.00833127147209	8.11224096601e-06	5.2729566279e-05	2.0280602415e-05	0	0	0	4.056120483e-06	1.6224481932e-05	0	0.000154132578354	0	0	0	0	0	0	2.4336722898e-05	1.2168361449e-05	0	0	0	2.8392843381e-05	0.000137908096422	4.8673445796e-05	9.73468915921e-05	4.056120483e-06	4.056120483e-06	4.4617325313e-05	5.6785686762e-05	8.11224096601e-06	2.0280602415e-05	0	0	4.056120483e-06	8.11224096601e-06	0.00227548359096	0.000620586433899	0.00246612125367	0.000653035397763	0.000620586433899	0.000125739734973	8.11224096601e-06	5.6785686762e-05	5.6785686762e-05	1.6224481932e-05	4.056120483e-06	4.056120483e-06	0	0
0	8.11224096601e-06	0	0	0	0	0	0	0	0	0	0.00024336722898	0	0.000470509976028	0	0	0	0	2.4336722898e-05	2.8392843381e-05	0	0	0	0	0	5.6785686762e-05	0.000799055735152	0.000438061012164	0	0	0	0.000973468915921	0	0	2.0280602415e-05	0	4.056120483e-06	0	0	0	0	0	0	0	0	0	0	0	4.056120483e-06	0	0	0	0	0	0	0	0	4.056120483e-06	0	0	1.6224481932e-05	0	4.056120483e-06	0	0	0	0	0	0	0	4.056120483e-06	2.0280602415e-05	2.4336722898e-05	4.056120483e-06	0	0	0	0	0	0	0	0	0	0
2.0280602415e-05	0	0	0	0	0.00212946325358	0.00149670845823	1.2168361449e-05	0.00115193821717	0	8.11224096601e-06	8.11224096601e-06	0	0	0.000969412795438	2.8392843381e-05	0	0	0	0	0	0	0	0	0	0	0	0	0	0.000482678337477	8.11224096601e-06	0	0.00381680937451	0	0.000381275325402	0	0	0	0	0	0	0	0	0	0	0	0	0	0	0	0	0	0	0	0	0	0	0	0	0	0	0	0	0	0	0	0	0	0	0	4.056120483e-06	0	8.11224096601e-05	4.056120483e-06	8.11224096601e-05	0.000543520144722	0	0	0	0	0	0	0	0
0.00036505084347	0	6.4897927728e-05	0	1.6224481932e-05	4.056120483e-06	0.000109515253041	0.000519183421824	0.000105459132558	0.000113571373524	4.056120483e-05	4.056120483e-06	1.2168361449e-05	0	9.32907711091e-05	8.11224096601e-06	5.6785686762e-05	5.2729566279e-05	4.056120483e-06	1.2168361449e-05	1.6224481932e-05	0.00102214236172	6.4897927728e-05	0.000482678337477	0.000146020337388	0	2.8392843381e-05	4.056120483e-05	0.000340714120572	0.00175224404866	0.0010505352051	0	0	0.00388170730223	0.00158188698837	0	8.11224096601e-06	4.056120483e-06	0	0	0	0	0	0	2.4336722898e-05	0	0	0	0	0	0	0	0	0	0	0	0	0	8.11224096601e-06	1.2168361449e-05	0	0	8.11224096601e-06	4.056120483e-06	0	4.056120483e-06	0	0	0	0	0.000511071180858	6.8954048211e-05	0.000502958939892	0.000174413180769	0.000231198867531	5.6785686762e-05	8.11224096601e-06	0	0	4.056120483e-06	4.056120483e-06	0	0	0
0.00137908096422	0.000705764964042	0.00318405457916	0	5.2729566279e-05	0.00044617325313	0.00208078980778	0.00297719243452	0.00208484592826	0.00052729566279	0.000178469301252	0.0067291038813	0.000129795855456	0.000360994722987	0.00126145347021	0.000113571373524	0.00126145347021	0.00805545527924	0.00074227004839	0.00753627185742	0.000109515253041	0.00777558296592	0.00100591787978	0.00970224019534	0.00105459132558	0.000393443686851	0.0063721652788	0.00323272802495	0.00313943725384	0.00231604479579	0.00833127147209	2.0280602415e-05	0.000381275325402	0.00158188698837	0.0516749749535	0	0.000685484361627	6.8954048211e-05	0	0	0	0	8.11224096601e-06	0	6.4897927728e-05	0	5.6785686762e-05	0	3.6505084347e-05	0	0	3.6505084347e-05	4.056120483e-05	4.056120483e-06	1.2168361449e-05	0	1.6224481932e-05	0.000154132578354	4.056120483e-05	3.6505084347e-05	0.000247423349463	0.000231198867531	0.000547576265205	3.2448963864e-05	4.056120483e-06	1.2168361449e-05	4.056120483e-06	0	0	4.4617325313e-05	0.00760928202611	0.00360589110939	0.0205361380054	0.00474566096511	0.00277033028989	0.00153726966306	0.00016224481932	0.000109515253041	0.000137908096422	9.32907711091e-05	4.056120483e-05	0	4.056120483e-06	1.2168361449e-05
4.056120483e-06	4.056120483e-06	0	0	0	0	0	1.6224481932e-05	0	2.4336722898e-05	0	0	4.056120483e-06	0	4.056120483e-06	0	0	0	0	0	0	0	4.056120483e-06	4.056120483e-06	4.056120483e-06	0	0	0	1.6224481932e-05	0	8.11224096601e-06	0	0	0	0	0.0121926981719	4.056120483e-06	5.2729566279e-05	0	6.0841807245e-05	0	0.00082339245805	0.00425081426619	0.0013831370847	9.32907711091e-05	0.000235254988014	1.6224481932e-05	0.000393443686851	0	0.00478216604946	0.000101403012075	6.0841807245e-05	1.6224481932e-05	0	0	0.000113571373524	0.000259591710912	6.0841807245e-05	0.000210918265116	0.00068954048211	0	4.056120483e-06	4.056120483e-05	0.000543520144722	0.00564206359186	0.00174007568721	0	0	0.00108298416896	0.00108298416896	8.11224096601e-06	0	0	0	0	0	0	0.000251479469946	4.4617325313e-05	0.00048673445796	0.000113571373524	0.000186581542218	3.6505084347e-05	0
4.056120483e-06	0.00249045797656	0.00119655554249	0	0	0	0	8.11224096601e-06	0	2.8392843381e-05	0	0.000239311108497	0	4.4617325313e-05	0	0	0.000158188698837	0.000417780409749	4.056120483e-05	0.000434004891681	0	0.000109515253041	0.000989693397853	0.000596249711001	1.2168361449e-05	0.00024336722898	0.00129390243408	0.00177252465107	3.6505084347e-05	8.11224096601e-06	5.2729566279e-05	4.056120483e-06	0	8.11224096601e-06	0.000685484361627	4.056120483e-06	0.0229698102952	0.00260402935009	0	0	0	0	4.8673445796e-05	8.11224096601e-06	8.92346506261e-05	0	0.000401555927817	4.056120483e-06	0.000223086626565	2.8392843381e-05	0	0.000434004891681	0.00175224404866	6.4897927728e-05	0.000478622216994	0	0.000214974385599	0.00297719243452	0.00167923387996	8.51785301431e-05	0.00236877436207	0.00490790578443	0.0152510130161	8.92346506261e-05	6.0841807245e-05	0.000158188698837	1.2168361449e-05	0	8.11224096601e-06	0.00106270356655	0.000239311108497	0.00128173407263	0.000385331445885	0.000101403012075	2.4336722898e-05	1.6224481932e-05	0	0.00068954048211	0.00204022860295	0.00122900450635	0.000519183421824	4.056120483e-06	3.6505084347e-05	4.056120483e-05
4.056120483e-06	0.000239311108497	0.000186581542218	0	0	0	0	8.11224096601e-06	0	2.8392843381e-05	0	1.6224481932e-05	0	0	0	4.056120483e-06	6.8954048211e-05	3.6505084347e-05	0	8.11224096601e-06	0	3.2448963864e-05	0.000397499807334	0.000178469301252	2.8392843381e-05	1.2168361449e-05	8.11224096601e-05	0.000336658000089	3.2448963864e-05	4.056120483e-06	2.0280602415e-05	0	0	4.056120483e-06	6.8954048211e-05	5.2729566279e-05	0.00260402935009	0.0352152380334	0	1.6224481932e-05	0	3.6505084347e-05	0.000393443686851	2.4336722898e-05	6.8954048211e-05	8.11224096601e-06	0.000129795855456	2.0280602415e-05	4.4617325313e-05	9.32907711091e-05	0	0.00112354537379	0.00942236788202	2.0280602415e-05	0.000604361951967	8.11224096601e-06	0.00319216682012	0.00131012691601	0.0196600159811	0.000312321277191	9.32907711091e-05	0.00516344137486	0.0100835155207	0.000588137470035	0.00024336722898	0.00187798378363	0	0	9.73468915921e-05	0.0032692331093	5.2729566279e-05	0.000141964216905	2.4336722898e-05	0	8.11224096601e-06	4.056120483e-06	0	0.00225114686807	0.00300152915742	0.00374379920581	0.00176441241011	6.8954048211e-05	8.51785301431e-05	8.11224096601e-05
0	0	0	0	0	0	0	0	0	0	0	0	0	0	0	0	0	0	0	0	0	0	0	0	0	0	0	0	0	0	0	0	0	0	0	0	0	0	0	0	0	0	0	0	0	0	0	0	0	0	0	0	0	0	0	0	0	0	0	0	0	0	0	0	0	0	0	0	0	0	0	0	0	0	0	0	0	0	0	0	0	0	0	0
0	0	0	0	0.000790943494186	0	0	1.2168361449e-05	0	3.2448963864e-05	0	0	1.6224481932e-05	0	0	0	4.056120483e-06	0	0	0	0	0	4.056120483e-06	0	2.0280602415e-05	0	0	0	1.2168361449e-05	0	0	0	0	0	0	6.0841807245e-05	0	1.6224481932e-05	0	0.0105175204124	0	0.000292040674776	0.00036505084347	4.056120483e-05	0.000275816192844	0.00205645308488	0	0.00130201467504	0	4.4617325313e-05	8.11224096601e-06	5.2729566279e-05	8.11224096601e-06	0	0	0.00559744626654	2.8392843381e-05	1.6224481932e-05	3.2448963864e-05	0.00404800824204	0	4.056120483e-06	0	0.00241339168739	8.51785301431e-05	9.32907711091e-05	0	0	3.2448963864e-05	6.0841807245e-05	0	0	0	0	0	0	0	2.4336722898e-05	8.11224096601e-06	3.2448963864e-05	8.11224096601e-06	6.0841807245e-05	0	0
0	0	0	0	0	0	0	0	0	0	0	0	0	0	0	0	0	0	0	0	0	0	0	0	0	0	0	0	0	0	0	0	0	0	0	0	0	0	0	0	0.00259186098864	0.000434004891681	0	0.000478622216994	4.056120483e-06	0	0	4.056120483e-06	0	0.000109515253041	0.000515127301341	0	0	0	0	0	0	0	0	0	0	0	0	0	0.000105459132558	0	0	0.00090451486771	0	0.000125739734973	0	0	0	0	0	0	0	1.6224481932e-05	0	2.0280602415e-05	0	0.00130201467504	0.000535407903756	0
0	0	0	0	4.056120483e-06	0	0	2.0280602415e-05	4.056120483e-06	2.4336722898e-05	4.056120483e-06	0	0.000125739734973	0	4.056120483e-06	0	0	0	0	0	0	0	1.2168361449e-05	0	2.8392843381e-05	0	0	0	1.6224481932e-05	4.056120483e-06	4.056120483e-06	0	0	0	0	0.00082339245805	0	3.6505084347e-05	0	0.000292040674776	0.000434004891681	0.0334102644185	0.00294068735018	0.00870037843604	0.000146020337388	0.0101484134485	3.6505084347e-05	0.00790132270089	4.056120483e-06	0.00377219204919	0.00260808547057	2.8392843381e-05	8.11224096601e-06	0	0	0.00227142747048	6.0841807245e-05	3.2448963864e-05	0.000113571373524	0.00296502407308	0	4.056120483e-06	1.6224481932e-05	0.00163867267513	0.00237283048256	0.000296096795259	0	0.000981581156887	0.000296096795259	0.0013831370847	4.056120483e-06	0	0	0	0	0	0	0.000129795855456	2.8392843381e-05	0.00052729566279	0.000113571373524	0.00201589188005	0.000754438409839	1.2168361449e-05
1.2168361449e-05	0	0	0	4.056120483e-06	0	0	8.92346506261e-05	0	0.000190637662701	0	0	3.2448963864e-05	0	0	0	4.056120483e-06	0	0	0	0	8.11224096601e-06	4.056120483e-05	1.2168361449e-05	7.30101686941e-05	0	0	1.2168361449e-05	0.000129795855456	4.056120483e-06	1.6224481932e-05	0	0	0	8.11224096601e-06	0.00425081426619	4.8673445796e-05	0.000393443686851	0	0.00036505084347	0	0.00294068735018	0.0345216414308	0.00275004968748	0.000620586433899	0.00509043120617	1.2168361449e-05	0.0016224481932	0	0.0032935698322	0.000174413180769	0.000462397735062	0.000129795855456	0	4.056120483e-06	0.000831504699016	0.000965356674955	0.00032448963864	0.00129795855456	0.00487140070009	4.056120483e-06	3.2448963864e-05	0.000133851975939	0.0117951983646	0.00366267679615	0.00635999691735	0	8.11224096601e-06	0.000815280217084	0.00144397889195	1.6224481932e-05	4.056120483e-06	0	0	1.2168361449e-05	0	0	0.000490790578443	0.000198749903667	0.000734157807424	0.000251479469946	0.000279872313327	4.056120483e-05	4.056120483e-06
0	0	0	0	0	0	0	8.11224096601e-06	0	1.2168361449e-05	4.056120483e-06	0	0	0	0	0	0	0	0	0	0	0	4.056120483e-06	0	8.11224096601e-06	0	0	0	8.11224096601e-06	0	0	0	0	0	0	0.0013831370847	8.11224096601e-06	2.4336722898e-05	0	4.056120483e-05	0.000478622216994	0.00870037843604	0.00275004968748	0.0239716720545	8.51785301431e-05	0.00189015214508	4.056120483e-05	0.00120872390393	1.6224481932e-05	0.0108095610872	0.000360994722987	1.6224481932e-05	1.6224481932e-05	0	0	0.000328545759123	3.6505084347e-05	2.4336722898e-05	6.0841807245e-05	0.000762550650805	4.056120483e-06	0	8.11224096601e-06	0.000628698674865	0.00471321200125	0.000279872313327	0	0.0020037235186	0.000255535590429	0.00211729489213	4.056120483e-06	0	0	0	0	0	0	0.000166300939803	4.056120483e-05	0.000620586433899	0.000113571373524	0.000600305831484	0.00056785686762	0
