4238	0	18	0	24	3	366	964	527	43	67	0	76	0	1788	40	29	5	0	0	24	158	26	115	141	0	1	9	313	1941	956	0	2	612	505	0	0	0	0	5	0	1	1	0	25	1	0	1	0	0	0	0	0	0	0	0	0	5	0	17	0	0	0	1	1	2	0	0	0	0	104	20	175	41	30	7	1	2	3	0	1	0	0	0
0	3105	622	0	0	0	0	1	0	3	0	34	0	20	2	1	15	178	7	135	0	38	282	204	3	320	803	1603	2	6	12	6	0	4	183	0	506	106	0	0	0	1	0	0	0	0	34	0	6	0	0	25	64	0	25	0	10	109	66	0	32	92	260	1	0	3	0	0	0	41	96	219	143	68	1	0	2	24	138	49	16	2	2	1
18	622	10439	0	1	0	0	18	2	22	1	29	1	8	12	12	139	1545	3	252	1	733	283	4735	32	16	1854	3664	108	78	326	0	1	63	1236	0	226	60	0	1	0	1	4	0	9	0	6	1	0	0	0	58	20	0	7	0	16	202	63	7	4	19	146	3	1	9	0	0	0	31	757	1048	1146	505	29	34	15	34	47	28	11	1	2	0
0	0	0	0	0	0	0	0	0	0	0	0	0	0	0	0	0	0	0	0	0	0	0	0	0	0	0	0	0	0	0	0	0	0	0	0	0	0	0	0	0	0	0	0	0	0	0	0	0	0	0	0	0	0	0	0	0	0	0	0	0	0	0	0	0	0	0	0	0	0	0	0	0	0	0	0	0	0	0	0	0	0	0	0
24	0	1	0	4054	0	128	355	43	39	156	0	609	0	20	34	3	0	0	0	1434	3	2	4	2313	0	1	2	902	27	13	0	0	12	11	1	0	0	0	810	0	44	15	6	5	209	0	167	0	3	0	0	0	0	0	333	0	0	0	14	0	0	0	112	0	0	0	0	0	1	3	0	3	0	13	0	0	0	0	0	0	1	0	0
3	0	0	0	0	1501	561	2	455	0	1	2	1	0	179	168	0	0	0	0	0	1	0	1	0	0	1	0	1	279	1	0	541	1	283	0	0	0	0	0	0	0	0	0	0	0	0	0	0	0	0	0	0	0	0	0	0	0	1	0	0	0	0	0	0	0	0	0	0	0	4	0	17	4	351	160	0	0	0	0	1	0	0	0
366	0	0	0	128	561	9606	724	3650	43	1139	12	1420	1	1283	758	7	0	0	0	182	36	6	26	234	0	3	5	442	1004	143	0	390	158	527	0	0	0	0	5	0	0	0	0	12	0	0	1	0	0	0	1	0	0	0	0	0	1	0	9	0	0	0	3	0	0	0	0	0	0	80	8	172	32	302	40	1	0	0	0	0	0	0	0
964	1	18	0	355	2	724	9239	442	150	1176	0	396	0	480	47	75	6	0	1	248	239	64	164	1222	0	4	15	4005	936	1618	0	3	402	464	2	0	0	0	20	0	3	18	3	117	3	0	9	0	0	1	1	0	0	0	2	1	13	1	82	0	0	0	14	0	2	0	0	0	2	111	23	140	38	50	7	0	3	1	1	0	2	0	0
527	0	2	0	43	455	3650	442	9436	13	568	24	229	1	4003	121	10	2	0	0	55	38	4	32	113	0	5	8	204	1946	179	0	716	217	926	0	0	0	0	2	0	0	1	0	7	0	0	1	0	0	0	0	0	0	0	1	0	0	0	6	0	0	0	1	0	0	0	0	0	0	104	17	296	59	75	62	1	1	1	0	0	0	0	0
43	3	22	0	39	0	43	150	13	3282	9	0	526	0	17	191	164	3	0	1	173	105	493	86	1039	0	4	24	338	106	187	0	0	73	119	11	3	0	0	51	0	9	53	10	524	18	0	28	0	9	1	17	0	0	0	10	9	66	7	318	0	0	0	83	3	10	0	0	1	8	61	7	33	10	210	0	0	7	4	4	1	3	0	0
67	0	1	0	156	1	1139	1176	568	9	4820	0	740	0	117	25	2	1	0	0	259	2	1	2	259	0	0	1	1251	59	28	0	1	22	27	0	0	0	0	0	0	0	0	0	2	0	0	0	0	0	0	0	0	0	0	0	0	0	0	0	0	0	0	0	0	1	0	0	0	0	6	0	12	0	12	1	0	0	0	0	0	0	0	0
0	34	29	0	0	2	12	0	24	0	0	7510	0	2090	31	2	0	62	892	521	0	9	0	20	0	752	2389	627	0	73	3	147	9	1	991	0	27	4	0	0	0	0	0	0	0	0	102	0	66	0	0	0	8	8	24	0	0	0	0	0	118	49	43	0	0	0	0	0	0	14	41	247	396	51	3	4	85	3	114	19	1	0	0	11
76	0	1	0	609	1	1420	396	229	526	740	0	6800	0	110	735	3	0	0	0	2009	10	0	9	652	0	1	0	464	79	29	0	0	25	32	2	0	0	0	71	0	66	15	5	6	163	0	706	0	2	0	0	0	0	0	194	0	0	0	11	0	0	0	10	1	0	0	0	1	0	16	2	15	3	186	0	0	0	0	0	0	1	0	0
0	20	8	0	0	0	1	0	1	0	0	2090	0	4571	1	0	0	13	104	93	0	1	0	7	0	906	1442	998	0	2	0	343	0	0	95	1	17	2	0	0	0	0	0	0	0	0	76	0	55	0	0	1	4	2	6	0	1	1	1	0	100	34	18	1	2	2	0	0	0	9	24	102	70	23	1	2	49	7	98	29	16	2	2	15
1788	2	12	0	20	179	1283	480	4003	17	117	31	110	1	9375	88	21	6	0	0	30	88	11	103	105	0	8	12	228	4666	455	0	536	678	1645	0	0	0	0	2	0	0	1	0	17	0	0	1	0	0	0	0	0	0	0	0	0	2	0	9	0	0	0	1	0	0	0	0	0	0	216	29	610	130	75	54	2	2	1	0	0	0	0	0
40	1	12	0	34	168	758	47	121	191	25	2	735	0	88	2336	3	5	0	1	92	7	2	22	60	0	4	4	23	74	15	0	3	24	74	0	0	0	0	0	0	1	0	0	2	0	0	1	0	0	0	0	0	0	0	0	2	2	1	1	0	0	2	0	1	2	0	0	0	3	159	19	89	52	856	9	1	16	2	2	4	4	0	0
29	15	139	0	3	0	7	75	10	164	2	0	3	0	21	3	4626	21	0	2	1	935	833	1498	1290	0	7	600	802	103	311	0	0	88	280	2	5	8	0	3	0	0	17	0	75	2	0	0	0	6	0	744	3	0	0	0	53	76	170	335	0	2	28	91	3	29	0	0	0	12	152	95	164	61	7	8	2	22	14	13	6	5	1	0
5	178	1545	0	0	0	0	6	2	3	1	62	0	13	6	5	21	6024	30	1648	0	470	31	2302	9	34	1950	658	27	42	171	2	1	30	1315	0	65	17	0	1	0	0	0	0	4	0	4	1	1	0	0	6	9	0	5	0	1	21	5	4	4	19	40	2	0	0	0	0	0	15	366	622	739	279	9	14	11	11	25	15	4	2	0	0
0	7	3	0	0	0	0	0	0	0	0	892	0	104	0	0	0	30	2143	871	0	1	0	2	0	94	1259	145	0	0	0	13	0	0	62	0	5	0	0	0	0	0	0	0	0	0	14	0	8	0	0	0	1	0	6	0	0	0	0	0	16	17	11	0	0	0	0	0	0	2	7	43	25	5	0	0	1	2	9	0	0	0	0	1
0	135	252	0	0	0	0	1	0	1	0	521	0	93	0	1	2	1648	871	5199	0	42	5	176	0	156	3597	628	3	2	12	8	0	1	781	0	62	20	0	0	0	0	0	0	0	0	28	0	11	0	0	0	13	0	11	0	0	5	7	1	31	41	39	1	0	0	0	0	0	13	121	385	320	93	4	3	10	9	50	12	1	0	0	3
24	0	1	0	1434	0	182	248	55	173	259	0	2009	0	30	92	1	0	0	0	3401	4	1	4	1109	0	1	1	561	22	12	0	0	10	8	0	0	0	0	31	0	3	0	0	3	5	0	12	0	0	0	0	0	0	0	20	0	0	0	3	0	0	0	2	0	0	0	0	0	0	2	0	2	0	24	0	0	0	0	0	0	0	0	0
158	38	733	0	3	1	36	239	38	105	2	9	10	1	88	7	935	470	1	42	4	12638	301	7324	510	1	86	399	1899	837	3959	1	0	551	1583	0	2	1	0	1	0	0	8	1	61	1	0	2	0	0	0	11	0	0	0	2	6	43	8	42	0	0	3	19	0	5	0	0	0	3	588	285	724	287	37	35	10	17	7	5	3	2	0	0
26	282	283	0	2	0	6	64	4	493	1	0	0	0	11	2	833	31	0	5	1	301	3356	643	714	0	25	516	344	84	233	0	0	77	243	0	23	5	0	4	0	0	14	2	96	3	0	1	0	1	0	35	1	0	0	0	19	189	18	64	0	1	11	27	0	5	0	0	0	4	137	125	150	67	12	7	3	17	12	6	2	1	1	0
115	204	4735	0	4	1	26	164	32	86	2	20	9	7	103	22	1498	2302	2	176	4	7324	643	19965	360	7	453	3217	1060	707	2175	1	5	418	2814	0	50	16	0	3	0	0	8	0	52	0	0	3	0	0	0	83	5	0	1	1	15	175	41	48	0	5	47	22	2	11	0	0	0	17	1462	972	1950	851	65	87	33	34	15	14	7	3	1	0
141	3	32	0	2313	0	234	1222	113	1039	259	0	652	0	105	60	1290	9	0	0	1109	510	714	360	9629	0	4	58	3342	293	515	0	0	200	333	5	0	0	0	154	0	2	34	3	187	4	0	6	0	3	0	9	0	0	0	6	6	30	4	353	0	1	0	56	1	6	0	0	0	3	107	37	119	39	63	3	1	3	1	2	0	2	0	0
0	320	16	0	0	0	0	0	0	0	0	752	0	906	0	0	0	34	94	156	0	1	0	7	0	3534	1137	1245	0	2	0	36	0	0	87	0	194	18	0	0	0	0	0	0	0	0	247	0	140	0	0	0	30	10	64	0	1	0	4	0	374	172	149	0	0	1	1	0	0	38	18	124	63	14	1	0	15	6	288	80	10	1	2	31
1	803	1854	0	1	1	3	4	5	4	0	2389	1	1442	8	4	7	1950	1259	3597	1	86	25	453	4	1137	17621	6404	8	28	32	340	2	10	1175	0	355	71	0	0	0	1	0	1	0	0	175	0	60	0	0	3	75	9	76	0	3	18	28	1	189	218	227	1	0	1	0	0	0	56	253	968	696	210	5	9	16	17	261	73	8	1	0	8
9	1603	3664	0	2	0	5	15	8	24	1	627	0	998	12	4	600	658	145	628	1	399	516	3217	58	1245	6404	18673	94	66	149	92	1	43	792	0	489	111	0	0	0	1	2	0	12	0	120	0	31	0	0	170	90	5	65	0	21	211	103	8	148	176	397	7	0	7	0	0	0	72	383	747	641	258	14	23	7	34	265	68	18	3	3	7
313	2	108	0	902	1	442	4005	204	338	1251	0	464	0	228	23	802	27	0	3	561	1899	344	1060	3342	0	8	94	12310	669	2123	0	3	455	816	2	0	0	0	19	0	2	20	1	215	3	0	8	0	1	0	9	1	0	0	3	9	44	2	146	0	0	1	49	1	8	0	0	0	4	284	81	280	96	58	19	4	10	3	3	1	5	0	0
1941	6	78	0	27	279	1004	936	1946	106	59	73	79	2	4666	74	103	42	0	2	22	837	84	707	293	2	28	66	669	12669	2918	0	708	3470	4419	0	1	0	0	10	0	2	8	2	80	1	0	5	0	1	0	2	0	0	0	2	0	16	1	49	1	1	1	11	1	3	0	0	0	0	758	122	1673	367	124	129	10	6	3	0	2	1	0	0
956	12	326	0	13	1	143	1618	179	187	28	3	29	0	455	15	311	171	0	12	12	3959	233	2175	515	0	32	149	2123	2918	10363	0	3	1758	2158	0	4	0	0	10	0	1	15	2	121	2	0	6	0	2	0	6	0	0	0	1	2	26	7	81	0	0	3	20	1	3	0	0	0	3	573	184	686	228	52	21	6	11	5	3	1	1	0	0
0	6	0	0	0	0	0	0	0	0	0	147	0	343	0	0	0	2	13	8	0	1	0	1	0	36	340	92	0	0	0	441	0	0	3	0	0	0	0	0	0	0	0	0	0	0	7	0	1	0	0	0	0	0	2	0	0	0	0	0	2	2	1	0	0	0	0	0	0	0	0	5	3	0	0	0	0	0	6	1	0	0	0	0
2	0	1	0	0	541	390	3	716	0	1	9	0	0	536	3	0	1	0	0	0	0	0	5	0	0	2	1	3	708	3	0	1643	3	372	0	0	0	0	0	0	0	0	0	0	0	0	0	0	0	0	0	0	0	0	0	0	0	0	0	0	0	0	0	0	0	0	0	0	0	9	0	40	13	16	60	0	0	0	0	0	0	0	0
612	4	63	0	12	1	158	402	217	73	22	1	25	0	678	24	88	30	0	1	10	551	77	418	200	0	10	43	455	3470	1758	0	3	4235	2356	0	1	0	0	4	0	1	7	2	55	1	0	4	0	1	1	2	0	0	0	1	0	11	1	32	0	0	1	6	0	2	0	0	0	1	576	87	818	209	45	34	8	6	2	1	3	3	0	0
505	183	1236	0	11	283	527	464	926	119	27	991	32	95	1645	74	280	1315	62	781	8	1583	243	2814	333	87	1175	792	816	4419	2158	3	372	2356	14262	1	73	17	0	11	0	1	11	1	83	2	14	4	9	1	3	12	15	4	11	2	6	54	19	57	21	17	54	13	2	5	0	0	0	9	2603	1230	5671	1716	217	262	66	62	41	14	12	7	1	1
0	0	0	0	1	0	0	2	0	11	0	0	2	1	0	0	2	0	0	0	0	0	0	0	5	0	0	0	2	0	0	0	0	0	1	4167	1	4	0	25	1	300	1581	841	52	179	1	61	0	1694	48	44	4	0	1	20	60	27	58	322	0	1	12	296	1280	238	0	2	199	127	3	0	1	1	1	0	1	244	34	119	37	278	29	1
0	506	226	0	0	0	0	0	0	3	0	27	0	17	0	0	5	65	5	62	0	2	23	50	0	194	355	489	0	1	4	0	0	1	73	1	3225	474	0	0	0	1	2	2	9	0	133	0	19	0	0	112	287	11	120	0	38	471	266	5	233	352	1394	9	4	20	0	0	0	162	28	84	61	27	2	0	2	83	321	201	57	7	6	3
0	106	60	0	0	0	0	0	0	0	0	4	0	2	0	0	8	17	0	20	0	1	5	16	0	18	71	111	0	0	0	0	0	0	17	4	474	6755	0	0	0	2	8	3	4	0	119	0	15	4	1	206	1806	10	194	0	187	168	1949	9	14	1371	2578	23	8	104	0	0	0	551	9	28	12	7	3	2	0	262	741	586	186	19	16	4
0	0	0	0	0	0	0	0	0	0	0	0	0	0	0	0	0	0	0	0	0	0	0	0	0	0	0	0	0	0	0	0	0	0	0	0	0	0	0	0	0	0	0	0	0	0	0	0	0	0	0	0	0	0	0	0	0	0	0	0	0	0	0	0	0	0	0	0	0	0	0	0	0	0	0	0	0	0	0	0	0	0	0	0
5	0	1	0	810	0	5	20	2	51	0	0	71	0	2	0	3	1	0	0	31	1	4	3	154	0	0	0	19	10	10	0	0	4	11	25	0	0	0	5022	0	318	353	86	440	1547	0	1034	0	51	4	9	2	0	0	1767	4	14	7	2053	0	0	1	1206	10	18	0	0	0	14	7	3	4	1	8	1	1	19	3	8	4	14	0	0
0	0	0	0	0	0	0	0	0	0	0	0	0	0	0	0	0	0	0	0	0	0	0	0	0	0	0	0	0	0	0	0	0	0	0	1	0	0	0	0	866	650	1	251	0	1	0	4	0	76	67	0	0	0	0	0	0	0	1	0	0	0	0	0	29	0	0	176	0	46	0	0	0	0	0	0	0	3	0	13	1	157	132	0
1	1	1	0	44	0	0	3	0	9	0	0	66	0	0	1	0	0	0	0	3	0	0	0	2	0	1	1	2	2	1	0	0	1	1	300	1	2	0	318	650	11393	853	4336	64	3219	15	2207	1	1737	1013	8	2	0	1	925	15	6	13	358	2	1	8	339	877	45	0	172	11	207	4	2	1	0	2	0	0	175	22	274	70	1395	394	2
1	0	4	0	15	0	0	18	1	53	0	0	15	0	1	0	17	0	0	0	0	8	14	8	34	0	0	2	20	8	15	0	0	7	11	1581	2	8	0	353	1	853	13176	1807	399	2479	3	375	0	1692	40	177	13	0	2	277	357	110	189	2414	0	0	16	3913	460	1795	0	0	41	253	12	4	6	2	2	1	0	343	100	182	68	318	32	0
0	0	0	0	6	0	0	3	0	10	0	0	5	0	0	0	0	0	0	0	0	1	2	0	3	0	1	0	1	2	2	0	0	2	1	841	2	3	0	86	251	4336	1807	10161	50	1956	9	337	0	4529	296	24	4	0	0	113	26	9	23	426	2	0	5	397	1111	121	0	322	19	207	6	2	1	0	1	0	1	212	31	250	70	960	268	5
25	0	9	0	5	0	12	117	7	524	2	0	6	0	17	2	75	4	0	0	3	61	96	52	187	0	0	12	215	80	121	0	0	55	83	52	9	4	0	440	0	64	399	50	3840	87	0	656	0	42	42	145	4	0	0	141	76	722	68	2457	0	2	14	655	17	105	0	0	4	54	38	10	17	5	26	3	1	83	32	32	11	50	3	0
1	0	0	0	209	0	0	3	0	18	0	0	163	0	0	0	2	0	0	0	5	1	3	0	4	0	0	0	3	1	2	0	0	1	2	179	0	0	0	1547	1	3219	2479	1956	87	11180	0	2561	0	988	69	9	0	0	0	2227	9	4	7	865	0	0	0	1880	111	42	0	0	4	31	4	0	1	0	1	0	0	61	4	43	11	160	11	0
0	34	6	0	0	0	0	0	0	0	0	102	0	76	0	0	0	4	14	28	0	0	0	0	0	247	175	120	0	0	0	7	0	0	14	1	133	119	0	0	0	15	3	9	0	0	9889	1	2270	12	1	8	481	858	2038	0	7	2	40	2	770	1689	701	4	16	4	14	1	0	1703	5	22	6	1	0	0	0	56	1307	1839	90	28	34	572
1	0	1	0	167	0	1	9	1	28	0	0	706	0	1	1	0	1	0	0	12	2	1	3	6	0	0	0	8	5	6	0	0	4	4	61	0	0	0	1034	4	2207	375	337	656	2561	1	7477	0	171	368	3	2	0	0	2511	5	6	5	529	0	0	2	326	68	12	0	0	4	15	4	1	2	1	2	0	0	58	3	18	6	111	11	0
0	6	0	0	0	0	0	0	0	0	0	66	0	55	0	0	0	1	8	11	0	0	0	0	0	140	60	31	0	0	0	1	0	0	9	0	19	15	0	0	0	1	0	0	0	0	2270	0	4782	0	0	0	32	46	98	0	0	0	7	0	938	665	619	0	1	0	48	0	0	247	2	10	4	1	0	0	0	16	444	405	20	1	6	529
0	0	0	0	3	0	0	0	0	9	0	0	2	0	0	0	6	0	0	0	0	0	1	0	3	0	0	0	1	1	2	0	0	1	1	1694	0	4	0	51	76	1737	1692	4529	42	988	12	171	0	9036	182	30	4	1	2	56	34	13	32	347	1	1	5	296	3045	110	0	186	91	194	2	0	2	1	1	0	1	230	31	255	65	759	170	6
0	0	0	0	0	0	0	1	0	1	0	0	0	0	0	0	0	0	0	0	0	0	0	0	0	0	0	0	0	0	0	0	0	1	3	48	0	1	0	4	67	1013	40	296	42	69	1	368	0	182	1634	1	1	0	0	7	4	1	1	24	0	0	3	15	124	7	0	13	5	38	2	0	3	2	0	0	0	75	3	32	9	414	39	0
0	25	58	0	0	0	1	1	0	17	0	0	0	1	0	0	744	6	0	0	0	11	35	83	9	0	3	170	9	2	6	0	0	2	12	44	112	206	0	9	0	8	177	24	145	9	8	3	0	30	1	7314	60	0	5	2	868	1751	2351	1696	0	11	1567	1093	46	520	0	0	2	422	17	18	16	8	0	1	0	475	410	327	175	69	23	1
0	64	20	0	0	0	0	0	0	0	0	8	0	4	0	0	3	9	1	13	0	0	1	5	0	30	75	90	1	0	0	0	0	0	15	4	287	1806	0	2	0	2	13	4	4	0	481	2	32	4	1	60	5810	41	1537	1	151	54	1473	9	43	788	973	18	8	78	0	0	0	934	4	14	6	2	1	0	1	224	670	678	181	18	9	6
0	0	0	0	0	0	0	0	0	0	0	8	0	2	0	0	0	0	0	0	0	0	0	0	0	10	9	5	0	0	0	0	0	0	4	0	11	10	0	0	0	0	0	0	0	0	858	0	46	1	0	0	41	1027	384	0	1	0	2	0	28	204	62	0	0	0	0	0	0	45	0	1	1	0	0	0	0	3	55	66	5	1	0	1
0	25	7	0	0	0	0	0	0	0	0	24	0	6	0	0	0	5	6	11	0	0	0	1	0	64	76	65	0	0	0	2	0	0	11	1	120	194	0	0	0	1	2	0	0	0	2038	0	98	2	0	5	1537	384	4077	0	8	4	72	2	111	847	409	2	3	6	2	0	0	547	1	2	3	1	0	0	0	41	399	445	50	1	6	11
0	0	0	0	333	0	0	2	1	10	0	0	194	0	0	0	0	0	0	0	20	2	0	1	6	0	0	0	3	2	1	0	0	1	2	20	0	0	0	1767	0	925	277	113	141	2227	0	2511	0	56	7	2	1	0	0	4432	1	1	2	352	0	0	0	475	14	3	0	0	1	5	2	1	2	1	1	0	0	16	0	4	1	19	1	0
0	10	16	0	0	0	0	1	0	9	0	0	0	1	0	2	53	1	0	0	0	6	19	15	6	1	3	21	9	0	2	0	0	0	6	60	38	187	0	4	0	15	357	26	76	9	7	5	0	34	4	868	151	1	8	1	9228	340	3884	406	1	21	230	1630	246	3958	0	0	33	1008	9	10	6	3	3	0	1	505	323	443	202	88	26	0
5	109	202	0	0	0	1	13	0	66	0	0	0	1	2	2	76	21	0	5	0	43	189	175	30	0	18	211	44	16	26	0	0	11	54	27	471	168	0	14	0	6	110	9	722	4	2	6	0	13	1	1751	54	0	4	1	340	4255	884	607	1	19	901	354	16	239	0	0	1	238	40	43	50	22	3	4	0	312	295	189	96	46	16	0
0	66	63	0	0	1	0	1	0	7	0	0	0	1	0	1	170	5	0	7	0	8	18	41	4	4	28	103	2	1	7	0	0	1	19	58	266	1949	0	7	1	13	189	23	68	7	40	5	7	32	1	2351	1473	2	72	2	3884	884	13276	363	5	159	1888	475	139	1539	0	1	22	1530	16	22	16	8	4	1	2	988	889	1033	474	119	54	3
17	0	7	0	14	0	9	82	6	318	0	0	11	0	9	1	335	4	0	1	3	42	64	48	353	0	1	8	146	49	81	0	0	32	57	322	5	9	0	2053	0	358	2414	426	2457	865	2	529	0	347	24	1696	9	0	2	352	406	607	363	12085	0	2	39	5018	134	464	0	0	11	185	31	7	16	6	19	3	1	316	107	130	59	177	12	0
0	32	4	0	0	0	0	0	0	0	0	118	0	100	0	0	0	4	16	31	0	0	0	0	0	374	189	148	0	1	0	2	0	0	21	0	233	14	0	0	0	2	0	2	0	0	770	0	938	1	0	0	43	28	111	0	1	1	5	0	2396	320	327	0	2	0	2	0	0	122	2	25	11	5	0	1	3	9	304	187	9	3	5	314
0	92	19	0	0	0	0	0	0	0	0	49	0	34	0	0	2	19	17	41	0	0	1	5	1	172	218	176	0	1	0	2	0	0	17	1	352	1371	0	0	0	1	0	0	2	0	1689	0	665	1	0	11	788	204	847	0	21	19	159	2	320	7950	2742	1	3	6	47	0	0	350	8	19	13	5	0	1	0	56	712	504	68	3	6	25
0	260	146	0	0	0	0	0	0	0	0	43	0	18	0	2	28	40	11	39	0	3	11	47	0	149	227	397	1	1	3	1	0	1	54	12	1394	2578	0	1	0	8	16	5	14	0	701	2	619	5	3	1567	973	62	409	0	230	901	1888	39	327	2742	14939	54	14	128	7	0	1	647	26	57	38	16	4	0	2	305	1057	749	213	27	22	14
1	1	3	0	112	0	3	14	1	83	0	0	10	1	1	0	91	2	0	1	2	19	27	22	56	0	1	7	49	11	20	0	0	6	13	296	9	23	0	1206	0	339	3913	397	655	1880	4	326	0	296	15	1093	18	0	2	475	1630	354	475	5018	0	1	54	12633	131	1189	0	0	12	259	10	6	8	1	1	1	0	415	187	201	98	161	18	0
1	0	1	0	0	0	0	0	0	3	0	0	1	2	0	1	3	0	0	0	0	0	0	2	1	0	0	0	1	1	1	0	0	0	2	1280	4	8	0	10	29	877	460	1111	17	111	16	68	1	3045	124	46	8	0	3	14	246	16	139	134	2	3	14	131	7684	1105	0	80	411	238	1	1	4	3	2	0	1	228	40	260	72	600	125	4
2	3	9	0	0	0	0	2	0	10	1	0	0	2	0	2	29	0	0	0	0	5	5	11	6	1	1	7	8	3	3	0	0	2	5	238	20	104	0	18	0	45	1795	121	105	42	4	12	0	110	7	520	78	0	6	3	3958	239	1539	464	0	6	128	1189	1105	9568	0	1	15	1107	11	6	6	2	2	0	0	624	300	464	230	153	39	1
0	0	0	0	0	0	0	0	0	0	0	0	0	0	0	0	0	0	0	0	0	0	0	0	0	1	0	0	0	0	0	0	0	0	0	0	0	0	0	0	0	0	0	0	0	0	14	0	48	0	0	0	0	0	2	0	0	0	0	0	2	47	7	0	0	0	62	0	0	0	0	0	0	0	0	0	0	0	2	2	0	0	0	0
0	0	0	0	0	0	0	0	0	0	0	0	0	0	0	0	0	0	0	0	0	0	0	0	0	0	0	0	0	0	0	0	0	0	0	2	0	0	0	0	176	172	0	322	0	0	1	0	0	186	13	0	0	0	0	0	0	0	1	0	0	0	0	0	80	1	0	549	0	76	0	0	0	0	0	0	0	4	0	9	3	42	53	1
0	0	0	0	0	0	0	0	0	1	0	0	1	0	0	0	0	0	0	0	0	0	0	0	0	0	0	0	0	0	0	0	0	0	0	199	0	0	0	0	0	11	41	19	4	4	0	4	0	91	5	2	0	0	0	1	33	1	22	11	0	0	1	12	411	15	0	0	581	14	1	0	0	0	0	0	0	22	10	11	6	21	0	0
0	41	31	0	1	0	0	2	0	8	0	14	0	9	0	3	12	15	2	13	0	3	4	17	3	38	56	72	4	0	3	0	0	1	9	127	162	551	0	14	46	207	253	207	54	31	1703	15	247	194	38	422	934	45	547	5	1008	238	1530	185	122	350	647	259	238	1107	0	76	14	8894	29	24	15	12	5	0	0	1340	1129	3864	1093	505	366	159
104	96	757	0	3	4	80	111	104	61	6	41	16	24	216	159	152	366	7	121	2	588	137	1462	107	18	253	383	284	758	573	0	9	576	2603	3	28	9	0	7	0	4	12	6	38	4	5	4	2	2	2	17	4	0	1	2	9	40	16	31	2	8	26	10	1	11	0	0	1	29	8345	2111	3442	1813	477	203	112	304	40	46	49	31	8	0
20	219	1048	0	0	0	8	23	17	7	0	247	2	102	29	19	95	622	43	385	0	285	125	972	37	124	968	747	81	122	184	5	0	87	1230	0	84	28	0	3	0	2	4	2	10	0	22	1	10	0	0	18	14	1	2	1	10	43	22	7	25	19	57	6	1	6	0	0	0	24	2111	5999	1935	1057	37	59	217	80	54	27	15	5	1	6
175	143	1146	0	3	17	172	140	296	33	12	396	15	70	610	89	164	739	25	320	2	724	150	1950	119	63	696	641	280	1673	686	3	40	818	5671	1	61	12	0	4	0	1	6	1	17	1	6	2	4	2	3	16	6	1	3	2	6	50	16	16	11	13	38	8	4	6	0	0	0	15	3442	1935	9520	3537	282	393	296	118	24	22	24	12	2	2
41	68	505	0	0	4	32	38	59	10	0	51	3	23	130	52	61	279	5	93	0	287	67	851	39	14	210	258	96	367	228	0	13	209	1716	1	27	7	0	1	0	0	2	0	5	0	1	1	1	1	2	8	2	0	1	1	3	22	8	6	5	5	16	1	3	2	0	0	0	12	1813	1057	3537	3925	164	317	204	85	12	14	15	8	2	2
30	1	29	0	13	351	302	50	75	210	12	3	186	1	75	856	7	9	0	4	24	37	12	65	63	1	5	14	58	124	52	0	16	45	217	1	2	3	0	8	0	2	2	1	26	1	0	2	0	1	0	0	1	0	0	1	3	3	4	19	0	0	4	1	2	2	0	0	0	5	477	37	282	164	2557	116	2	18	2	6	7	3	2	0
7	0	34	0	0	160	40	7	62	0	1	4	0	2	54	9	8	14	0	3	0	35	7	87	3	0	9	23	19	129	21	0	60	34	262	0	0	2	0	1	0	0	1	0	3	0	0	0	0	0	0	1	0	0	0	0	0	4	1	3	1	1	0	1	0	0	0	0	0	0	203	59	393	317	116	757	9	7	1	0	0	0	1	1
1	2	15	0	0	0	1	0	1	0	0	85	0	49	2	1	2	11	1	10	0	10	3	33	1	15	16	7	4	10	6	0	0	8	66	1	2	0	0	1	0	0	0	1	1	0	0	0	0	1	0	0	1	0	0	0	1	0	2	1	3	0	2	0	1	0	0	0	0	0	112	217	296	204	2	9	521	6	4	5	5	2	0	0
2	24	34	0	0	0	0	3	1	7	0	3	0	7	2	16	22	11	2	9	0	17	17	34	3	6	17	34	10	6	11	0	0	6	62	244	83	262	0	19	3	175	343	212	83	61	56	58	16	230	75	475	224	3	41	16	505	312	988	316	9	56	305	415	228	624	0	4	22	1340	304	80	118	85	18	7	6	8140	1982	1972	1526	1633	229	23
3	138	47	0	0	0	0	1	1	4	0	114	0	98	1	2	14	25	9	50	0	7	12	15	1	288	261	265	3	3	5	6	0	2	41	34	321	741	0	3	0	22	100	31	32	4	1307	3	444	31	3	410	670	55	399	0	323	295	889	107	304	712	1057	187	40	300	2	0	10	1129	40	54	24	12	2	1	4	1982	8024	2251	950	195	101	239
0	49	28	0	0	0	0	1	0	4	0	19	0	29	0	2	13	15	0	12	0	5	6	14	2	80	73	68	3	0	3	1	0	1	14	119	201	586	0	8	13	274	182	250	32	43	1839	18	405	255	32	327	678	66	445	4	443	189	1033	130	187	504	749	201	260	464	2	9	11	3864	46	27	22	14	6	0	5	1972	2251	9240	2686	792	581	359
1	16	11	0	0	1	0	0	0	1	0	1	0	16	0	4	6	4	0	1	0	3	2	7	0	10	8	18	1	2	1	0	0	3	12	37	57	186	0	4	1	70	68	70	11	11	90	6	20	65	9	175	181	5	50	1	202	96	474	59	9	68	213	98	72	230	0	3	6	1093	49	15	24	15	7	0	5	1526	950	2686	3557	373	415	43
0	2	1	0	1	0	0	2	0	3	0	0	1	2	0	4	5	2	0	0	0	2	1	3	2	1	1	3	5	1	1	0	0	3	7	278	7	19	0	14	157	1395	318	960	50	160	28	111	1	759	414	69	18	1	1	19	88	46	119	177	3	3	27	161	600	153	0	42	21	505	31	5	12	8	3	0	2	1633	195	792	373	4413	526	9
0	2	2	0	0	0	0	0	0	0	0	0	0	2	0	0	1	0	0	0	0	0	1	1	0	2	0	3	0	0	0	0	0	0	1	29	6	16	0	0	132	394	32	268	3	11	34	11	6	170	39	23	9	0	6	1	26	16	54	12	5	6	22	18	125	39	0	53	0	366	8	1	2	2	2	1	0	229	101	581	415	526	1366	10
0	1	0	0	0	0	0	0	0	0	0	11	0	15	0	0	0	0	1	3	0	0	0	0	0	31	8	7	0	0	0	0	0	0	1	1	3	4	0	0	0	2	0	5	0	0	572	0	529	6	0	1	6	1	11	0	0	0	3	0	314	25	14	0	4	1	0	1	0	159	0	6	2	2	0	1	0	23	239	359	43	9	10	915
