0.0071441578999	0	7.00407637245e-06	0	7.00407637245e-06	7.00407637245e-06	0.000220628405732	0.00196814546066	0.000567330186168	8.40489164694e-05	0.000248644711222	0	4.55264964209e-05	0	0.00142883157998	2.80163054898e-05	1.75101909311e-05	0	0	0	7.00407637245e-06	4.20244582347e-05	2.10122291173e-05	2.80163054898e-05	0.00018560802387	0	3.50203818622e-06	7.00407637245e-06	0.000273158978526	0.00437404569459	0.00145684788547	0	3.50203818622e-06	0.000434252735092	0.000175101909311	0	0	0	0	0	0	0	0	0	1.40081527449e-05	0	0	0	0	0	0	0	0	0	0	0	0	0	0	1.05061145587e-05	0	0	0	0	0	3.50203818622e-06	0	0	0	0	0.000210122291173	2.10122291173e-05	0.000126073374704	6.3036687352e-05	0.000143583565635	0	0	0	0	0	0	0	0	0
0	0.0086185159763	0.0014498438091	0	0	0	1.05061145587e-05	2.45142673036e-05	1.05061145587e-05	2.80163054898e-05	7.00407637245e-06	0.000133077451077	3.50203818622e-06	5.60326109796e-05	0	3.50203818622e-06	9.10529928418e-05	0.000595346491658	1.05061145587e-05	0.000276661016712	0	0.000105061145587	0.000679395408128	0.000441256811464	1.05061145587e-05	0.000381722162298	0.00139030915993	0.00341448723157	3.85224200485e-05	3.50203818622e-06	3.85224200485e-05	0	0	3.50203818622e-06	0.00039923235323	7.00407637245e-06	0.00201717399527	0.000147085603821	0	0	0	0	0	0	3.50203818622e-06	0	5.95346491658e-05	3.50203818622e-06	3.50203818622e-05	0	0	7.00407637245e-06	8.75509546556e-05	2.10122291173e-05	0.000105061145587	0	2.45142673036e-05	0.000283665093084	5.60326109796e-05	0	0.00018560802387	0.000476277193327	0.00106461960861	3.50203818622e-06	7.00407637245e-06	1.05061145587e-05	7.00407637245e-06	0	0	9.45550310281e-05	0.000262652863967	0.000928040119349	0.000409738467788	0.00012957541289	3.50203818622e-06	0	1.05061145587e-05	8.05468782832e-05	0.000154089680194	0.000108563183773	2.45142673036e-05	7.00407637245e-06	7.00407637245e-06	7.00407637245e-06
7.00407637245e-06	0.0014498438091	0.0333674198383	0	7.00407637245e-06	0	1.40081527449e-05	0.000262652863967	3.1518343676e-05	0.000182105985684	1.05061145587e-05	0.000136579489263	7.00407637245e-06	1.75101909311e-05	3.50203818622e-05	7.00407637245e-06	0.000998080883074	0.00665387255383	1.05061145587e-05	0.000668889293569	7.00407637245e-06	0.00206270049169	0.00147786011459	0.0115462199	0.000241640634849	4.90285346071e-05	0.00438455180915	0.01229915811	0.000549819995237	5.25305727934e-05	0.00106111757043	0	0	4.55264964209e-05	0.00369815232465	0	0.00119769705969	0.000178603947497	0	3.50203818622e-06	0	0	0	0	1.40081527449e-05	0	2.45142673036e-05	0	7.00407637245e-06	0	0	4.20244582347e-05	4.90285346071e-05	3.50203818622e-06	2.45142673036e-05	3.50203818622e-06	1.05061145587e-05	0.000514799613375	0.000105061145587	7.00407637245e-06	5.60326109796e-05	0.000266154902153	0.0007879585919	0	3.50203818622e-06	3.50203818622e-06	0	0	0	8.05468782832e-05	0.00267555717428	0.00346351576618	0.00303626710746	0.000945550310281	0.000108563183773	2.80163054898e-05	1.05061145587e-05	0.000105061145587	0.000164595794753	8.75509546556e-05	2.45142673036e-05	3.50203818622e-06	0	0
0	0	0	0	0	0	0	0	0	0	0	0	0	0	0	0	0	0	0	0	0	0	0	0	0	0	0	0	0	0	0	0	0	0	0	0	0	0	0	0	0	0	0	0	0	0	0	0	0	0	0	0	0	0	0	0	0	0	0	0	0	0	0	0	0	0	0	0	0	0	0	0	0	0	0	0	0	0	0	0	0	0	0	0
7.00407637245e-06	0	7.00407637245e-06	0	0.0108212979954	0	0.000108563183773	0.00114866852508	0.00012957541289	0.000584840377099	0.00252146749408	0	0.000623362797148	0	5.95346491658e-05	1.40081527449e-05	5.95346491658e-05	0	0	0	0.00407987448695	1.75101909311e-05	5.60326109796e-05	3.50203818622e-05	0.00424096824352	0	0	7.00407637245e-06	0.00349853614804	3.1518343676e-05	9.45550310281e-05	0	0	0	2.80163054898e-05	1.40081527449e-05	0	3.50203818622e-06	0	0.000164595794753	0	3.50203818622e-06	3.50203818622e-06	0	5.25305727934e-05	3.50203818622e-06	0	1.05061145587e-05	0	1.05061145587e-05	0	7.00407637245e-06	0	0	3.50203818622e-06	4.55264964209e-05	1.40081527449e-05	1.40081527449e-05	1.75101909311e-05	0.000133077451077	0	0	7.00407637245e-06	7.00407637245e-06	1.05061145587e-05	1.40081527449e-05	0	0	0	0	2.80163054898e-05	1.05061145587e-05	1.40081527449e-05	1.05061145587e-05	2.80163054898e-05	0	0	1.75101909311e-05	0	0	0	3.50203818622e-06	0	0
7.00407637245e-06	0	0	0	0	0.00560326109796	0.00174751705493	7.00407637245e-06	0.00241990838668	7.00407637245e-06	1.75101909311e-05	7.00407637245e-06	1.75101909311e-05	0	0.00108212979954	0.00130275820528	0	0	0	1.05061145587e-05	3.50203818622e-06	0	0	3.50203818622e-06	0	0	7.00407637245e-06	0	7.00407637245e-06	0.000381722162298	0	0	0.00155840699287	0	0.000381722162298	0	0	0	0	0	0	0	0	0	0	0	0	0	0	0	0	0	0	0	0	0	0	0	0	0	0	0	0	0	0	0	0	0	0	0	2.80163054898e-05	3.50203818622e-06	0.00018560802387	5.95346491658e-05	0.000402734391416	0.000801966744645	0	0	0	0	0	0	0	0
0.000220628405732	1.05061145587e-05	1.40081527449e-05	0	0.000108563183773	0.00174751705493	0.0370585680866	0.00418843767072	0.017244036029	0.000164595794753	0.0125583089358	3.50203818622e-06	0.00446860072562	0	0.00430050289268	0.00286466723633	3.50203818622e-05	3.50203818622e-06	0	1.05061145587e-05	0.000819476935577	2.10122291173e-05	1.40081527449e-05	3.1518343676e-05	0.000339697704064	0	7.00407637245e-06	2.10122291173e-05	0.000998080883074	0.00154790087831	0.000273158978526	0	0.00107862776136	4.55264964209e-05	0.000959558463025	0	3.50203818622e-06	0	0	0	0	3.50203818622e-06	0	0	2.10122291173e-05	0	0	3.50203818622e-06	0	0	0	0	0	0	0	7.00407637245e-06	0	3.50203818622e-06	3.50203818622e-06	1.40081527449e-05	0	3.50203818622e-06	0	0	0	0	0	0	0	0	0.000465771078768	4.55264964209e-05	0.000773950439156	0.000259150825781	0.0015514029165	0.000196114138429	0	3.50203818622e-06	0	0	0	3.50203818622e-06	0	0
0.00196814546066	2.45142673036e-05	0.000262652863967	0	0.00114866852508	7.00407637245e-06	0.00418843767072	0.06217168392	0.00878311177105	0.00288217742726	0.0153564374466	0	0.00166346813846	0	0.00718618235813	0.000203118214801	0.00123271744155	9.45550310281e-05	0	2.10122291173e-05	0.00140431731268	0.00208021068262	0.00097356661577	0.00138680712174	0.00969013966128	0	3.1518343676e-05	0.000168097832939	0.0242060879432	0.0034319974225	0.0123446846064	0	7.00407637245e-06	0.000276661016712	0.00208721475899	3.1518343676e-05	7.00407637245e-06	1.75101909311e-05	0	7.00407637245e-06	0	3.50203818622e-06	6.3036687352e-05	1.05061145587e-05	0.000462269040582	7.00407637245e-06	0	1.75101909311e-05	0	1.75101909311e-05	0	7.35428019107e-05	3.50203818622e-06	0	3.50203818622e-06	2.45142673036e-05	6.3036687352e-05	0.000175101909311	0.000122571336518	0.000255648787594	0	3.50203818622e-06	2.80163054898e-05	8.75509546556e-05	5.60326109796e-05	0.000150587642008	0	0	4.55264964209e-05	9.45550310281e-05	0.00252146749408	0.000525305727934	0.0012467255943	0.000647877064452	0.00126073374704	3.50203818622e-05	0	7.35428019107e-05	1.40081527449e-05	1.40081527449e-05	3.50203818622e-06	2.80163054898e-05	0	0
0.000567330186168	1.05061145587e-05	3.1518343676e-05	0	0.00012957541289	0.00241990838668	0.017244036029	0.00878311177105	0.0421960581058	0.000283665093084	0.00922086654433	1.05061145587e-05	0.00154089680194	0	0.0162214408786	0.00163194979478	7.70448400969e-05	3.50203818622e-06	0	3.50203818622e-06	0.000364211971367	5.95346491658e-05	7.00407637245e-05	6.65387255383e-05	0.000917534004791	0	1.05061145587e-05	3.50203818622e-05	0.00170899463488	0.00332693627691	0.000766946362783	0	0.00162844775659	0.000112065221959	0.00156541106924	3.50203818622e-06	7.00407637245e-06	0	0	0	0	0	3.50203818622e-06	3.50203818622e-06	4.20244582347e-05	0	0	0	0	3.50203818622e-06	0	0	0	0	0	0	0	1.40081527449e-05	3.50203818622e-06	1.75101909311e-05	0	7.00407637245e-06	0	0	7.00407637245e-06	1.05061145587e-05	0	0	0	3.50203818622e-06	0.000728423942735	5.95346491658e-05	0.00112415425778	0.000409738467788	0.00177553336042	0.000378220124112	0	7.00407637245e-06	0	0	0	3.50203818622e-06	0	0
8.40489164694e-05	2.80163054898e-05	0.000182105985684	0	0.000584840377099	7.00407637245e-06	0.000164595794753	0.00288217742726	0.000283665093084	0.0195939036519	0.000549819995237	7.00407637245e-06	0.00235336966114	0	0.00021362432936	0.000511297575189	0.00110664406685	7.35428019107e-05	0	7.00407637245e-06	0.000140081527449	0.000423746620533	0.0035090422626	0.000507795537003	0.0104991104823	0	1.75101909311e-05	0.000206620252987	0.00361410340818	0.000276661016712	0.00100158292126	0	0	3.50203818622e-05	0.000549819995237	0.00012957541289	1.75101909311e-05	8.40489164694e-05	0	3.85224200485e-05	0	2.80163054898e-05	0.000280163054898	1.05061145587e-05	0.00190160673512	1.05061145587e-05	3.50203818622e-06	9.10529928418e-05	3.50203818622e-06	4.90285346071e-05	1.05061145587e-05	0.000276661016712	2.10122291173e-05	0	7.00407637245e-06	6.65387255383e-05	0.000255648787594	0.000668889293569	0.000462269040582	0.000812472859204	0	7.00407637245e-06	9.10529928418e-05	0.00047277515514	0.000206620252987	0.000542815918865	0	3.50203818622e-06	0.000140081527449	0.000353705856809	0.00184207208595	0.000273158978526	0.000413240505974	0.000196114138429	0.000546317957051	0	0	0.000339697704064	3.85224200485e-05	0.000147085603821	5.60326109796e-05	0.000143583565635	0	3.50203818622e-06
0.000248644711222	7.00407637245e-06	1.05061145587e-05	0	0.00252146749408	1.75101909311e-05	0.0125583089358	0.0153564374466	0.00922086654433	0.000549819995237	0.0513854063065	0	0.00509896759914	0	0.00332343423873	0.000105061145587	8.05468782832e-05	1.05061145587e-05	0	3.50203818622e-06	0.00632117892614	5.95346491658e-05	7.00407637245e-05	4.20244582347e-05	0.00181755781865	0	3.50203818622e-06	1.40081527449e-05	0.00753988821494	0.000588342415286	0.000567330186168	0	7.00407637245e-06	7.00407637245e-05	0.000248644711222	3.50203818622e-06	0	0	0	0	0	3.50203818622e-06	7.00407637245e-06	3.50203818622e-06	4.90285346071e-05	0	0	1.05061145587e-05	0	3.50203818622e-06	0	1.05061145587e-05	0	0	0	1.05061145587e-05	3.50203818622e-06	7.00407637245e-06	7.00407637245e-06	4.20244582347e-05	0	0	0	7.00407637245e-06	1.05061145587e-05	1.75101909311e-05	0	0	7.00407637245e-06	7.00407637245e-06	0.000294171207643	2.80163054898e-05	0.000171599871125	0.000101559107401	0.000385224200485	0	0	7.00407637245e-06	3.50203818622e-06	0	0	0	0	0
0	0.000133077451077	0.000136579489263	0	0	7.00407637245e-06	3.50203818622e-06	0	1.05061145587e-05	7.00407637245e-06	0	0.0298618796139	0	0.0052880776612	1.75101909311e-05	0	1.40081527449e-05	0.000963060501212	0.00245843080673	0.00745583929847	0	2.45142673036e-05	1.40081527449e-05	8.75509546556e-05	3.50203818622e-06	0.00338296888789	0.00852396094527	0.00125372967067	0	3.50203818622e-05	7.00407637245e-06	1.05061145587e-05	0	0	0.00646476249177	0	0.00044475884965	1.05061145587e-05	0	0	0	0	0	0	0	0	0.000224130443918	0	0.00021362432936	0	0	0	1.40081527449e-05	2.80163054898e-05	9.80570692143e-05	0	0	3.50203818622e-06	7.00407637245e-06	0	0.000773950439156	0.000406236429602	0.000507795537003	0	0	0	3.1518343676e-05	0	0	3.1518343676e-05	0.000283665093084	0.00449311499293	0.00447910684018	0.000385224200485	7.00407637245e-06	7.00407637245e-06	0.00028716713127	1.05061145587e-05	0.000101559107401	2.80163054898e-05	0	0	0	7.00407637245e-06
4.55264964209e-05	3.50203818622e-06	7.00407637245e-06	0	0.000623362797148	1.75101909311e-05	0.00446860072562	0.00166346813846	0.00154089680194	0.00235336966114	0.00509896759914	0	0.0219682855422	0	0.000539313880679	0.00122571336518	3.85224200485e-05	0	0	0	0.00478728620057	3.1518343676e-05	3.1518343676e-05	2.80163054898e-05	0.00292069984731	0	0	7.00407637245e-06	0.000921036042977	0.000199616176615	0.00012957541289	0	0	1.05061145587e-05	0.000136579489263	1.05061145587e-05	3.50203818622e-06	7.00407637245e-06	0	0.000238138596663	0	2.45142673036e-05	3.50203818622e-06	3.50203818622e-06	8.40489164694e-05	2.10122291173e-05	0	0.00114166444871	0	3.50203818622e-06	0	2.10122291173e-05	0	0	0	0.000469273116954	0	3.50203818622e-06	7.00407637245e-06	0.000150587642008	0	3.50203818622e-06	0	3.1518343676e-05	3.50203818622e-06	1.40081527449e-05	0	0	3.50203818622e-06	3.50203818622e-06	0.000210122291173	1.75101909311e-05	0.000105061145587	4.90285346071e-05	0.000301175284015	3.50203818622e-06	0	1.75101909311e-05	0	3.50203818622e-06	0	1.40081527449e-05	0	0
0	5.60326109796e-05	1.75101909311e-05	0	0	0	0	0	0	0	0	0.0052880776612	0	0.0118754114895	0	0	3.50203818622e-06	4.20244582347e-05	0.000143583565635	0.000248644711222	0	3.50203818622e-06	3.50203818622e-06	1.75101909311e-05	0	0.00310280583299	0.00277361424349	0.00101909311219	0	0	0	3.1518343676e-05	0	0	0.000409738467788	0	7.35428019107e-05	7.00407637245e-06	0	0	0	0	0	0	0	0	0.00012957541289	0	0.000336195665878	0	0	3.50203818622e-06	0	1.05061145587e-05	7.00407637245e-06	0	3.50203818622e-06	0	3.50203818622e-06	0	0.000262652863967	0.000140081527449	0.000122571336518	0	0	0	2.10122291173e-05	0	0	7.00407637245e-06	0.000122571336518	0.00107862776136	0.000661885217196	8.75509546556e-05	7.00407637245e-06	0	0.000738930057293	3.50203818622e-05	5.60326109796e-05	4.90285346071e-05	3.1518343676e-05	0	0	3.50203818622e-05
0.00142883157998	0	3.50203818622e-05	0	5.95346491658e-05	0.00108212979954	0.00430050289268	0.00718618235813	0.0162214408786	0.00021362432936	0.00332343423873	1.75101909311e-05	0.000539313880679	0	0.0289618558001	0.000850995279253	5.25305727934e-05	7.00407637245e-06	0	0	0.000122571336518	8.05468782832e-05	6.3036687352e-05	6.3036687352e-05	0.000570832224355	0	0	2.80163054898e-05	0.00110664406685	0.00605852606217	0.000907027890232	0	0.0015759171838	0.000143583565635	0.0011941950215	0	3.50203818622e-06	0	0	0	0	0	0	0	3.1518343676e-05	0	0	0	0	0	0	0	0	0	0	0	3.50203818622e-06	1.40081527449e-05	7.00407637245e-06	2.10122291173e-05	0	3.50203818622e-06	0	3.50203818622e-06	7.00407637245e-06	1.05061145587e-05	0	0	3.50203818622e-06	3.50203818622e-06	0.000560326109796	6.65387255383e-05	0.000759942286411	0.000297673245829	0.00115217056327	0.000241640634849	0	3.50203818622e-06	0	0	0	0	0	0
2.80163054898e-05	3.50203818622e-06	7.00407637245e-06	0	1.40081527449e-05	0.00130275820528	0.00286466723633	0.000203118214801	0.00163194979478	0.000511297575189	0.000105061145587	0	0.00122571336518	0	0.000850995279253	0.00762043509322	2.45142673036e-05	3.50203818622e-06	0	3.50203818622e-06	1.05061145587e-05	2.10122291173e-05	2.10122291173e-05	2.80163054898e-05	0.000143583565635	0	0	1.40081527449e-05	7.35428019107e-05	0.000570832224355	5.25305727934e-05	0	0.000259150825781	3.50203818622e-06	0.000476277193327	0	0	0	0	0	0	0	0	0	3.50203818622e-06	0	0	0	0	0	0	0	0	0	0	0	0	0	0	7.00407637245e-06	0	0	0	0	0	0	0	0	0	0	0.00044475884965	3.50203818622e-05	0.000434252735092	0.000168097832939	0.00171249667306	0.000427248658719	0	7.00407637245e-06	0	0	0	0	0	0
1.75101909311e-05	9.10529928418e-05	0.000998080883074	0	5.95346491658e-05	0	3.50203818622e-05	0.00123271744155	7.70448400969e-05	0.00110664406685	8.05468782832e-05	1.40081527449e-05	3.85224200485e-05	3.50203818622e-06	5.25305727934e-05	2.45142673036e-05	0.0220313222295	0.00018560802387	0	1.05061145587e-05	3.50203818622e-06	0.00256349195232	0.00553322033423	0.00695854987603	0.00788308795719	0	3.50203818622e-05	0.00304677322202	0.00398882149411	0.000112065221959	0.00120470113606	0	0	2.80163054898e-05	0.00118018686876	1.40081527449e-05	4.90285346071e-05	8.40489164694e-05	0	3.50203818622e-06	0	1.05061145587e-05	2.10122291173e-05	3.50203818622e-06	0.000119069298332	0	0	1.05061145587e-05	0	3.50203818622e-06	0	0.000161093756566	2.45142673036e-05	0	3.50203818622e-06	0	7.00407637245e-05	0.000773950439156	0.000262652863967	4.20244582347e-05	0	1.75101909311e-05	0.000231134520291	4.90285346071e-05	3.1518343676e-05	6.65387255383e-05	0	0	2.80163054898e-05	8.75509546556e-05	0.00164945998571	0.000956056424839	0.000879011584742	0.000409738467788	0.000164595794753	7.00407637245e-06	0	9.80570692143e-05	6.3036687352e-05	6.65387255383e-05	2.80163054898e-05	1.40081527449e-05	3.50203818622e-06	0
0	0.000595346491658	0.00665387255383	0	0	0	3.50203818622e-06	9.45550310281e-05	3.50203818622e-06	7.35428019107e-05	1.05061145587e-05	0.000963060501212	0	4.20244582347e-05	7.00407637245e-06	3.50203818622e-06	0.00018560802387	0.0236632720243	0.00012957541289	0.00612506478771	0	0.00114166444871	0.000234636558477	0.00629666465883	7.35428019107e-05	0.000154089680194	0.00459467410033	0.00232185131747	0.00021362432936	3.50203818622e-05	0.000588342415286	0	0	3.85224200485e-05	0.00572233039629	0	0.000504293498816	4.20244582347e-05	0	0	0	0	0	0	0	0	2.80163054898e-05	0	3.1518343676e-05	0	0	3.50203818622e-06	1.75101909311e-05	7.00407637245e-06	3.85224200485e-05	0	3.50203818622e-06	8.05468782832e-05	1.40081527449e-05	0	8.40489164694e-05	0.000133077451077	0.000301175284015	0	0	3.50203818622e-06	3.50203818622e-06	0	0	2.80163054898e-05	0.00167047221483	0.00226932074467	0.00315533640579	0.000735428019107	3.85224200485e-05	7.00407637245e-06	1.40081527449e-05	4.20244582347e-05	5.60326109796e-05	2.10122291173e-05	3.50203818622e-06	0	0	0
0	1.05061145587e-05	1.05061145587e-05	0	0	0	0	0	0	0	0	0.00245843080673	0	0.000143583565635	0	0	0	0.00012957541289	0.00399932760867	0.0016774762912	0	3.50203818622e-06	0	1.05061145587e-05	0	0.000143583565635	0.00194012915517	0.000147085603821	0	3.50203818622e-06	0	0	0	0	0.000283665093084	0	3.85224200485e-05	3.50203818622e-06	0	0	0	0	0	0	0	0	1.05061145587e-05	0	3.50203818622e-06	0	0	0	0	0	1.05061145587e-05	0	0	0	0	0	3.1518343676e-05	1.40081527449e-05	2.10122291173e-05	0	0	0	0	0	0	0	1.40081527449e-05	0.000217126367546	0.000175101909311	2.10122291173e-05	0	3.50203818622e-06	3.50203818622e-06	0	7.00407637245e-06	0	0	0	0	0
0	0.000276661016712	0.000668889293569	0	0	1.05061145587e-05	1.05061145587e-05	2.10122291173e-05	3.50203818622e-06	7.00407637245e-06	3.50203818622e-06	0.00745583929847	0	0.000248644711222	0	3.50203818622e-06	1.05061145587e-05	0.00612506478771	0.0016774762912	0.0195728914228	0	6.65387255383e-05	3.1518343676e-05	0.000525305727934	1.05061145587e-05	0.000493787384258	0.00674842758485	0.00115917463964	3.50203818622e-05	1.40081527449e-05	4.55264964209e-05	0	0	7.00407637245e-06	0.00471724543684	0	0.000374718085926	3.50203818622e-06	0	0	0	0	0	0	0	0	5.25305727934e-05	0	3.85224200485e-05	0	0	0	3.50203818622e-06	7.00407637245e-06	3.50203818622e-05	0	0	1.05061145587e-05	0	0	0.000189110062056	0.000154089680194	0.000234636558477	0	0	0	7.00407637245e-06	0	0	1.40081527449e-05	0.00050079146063	0.00189810469693	0.00252496953227	0.000409738467788	7.00407637245e-06	3.50203818622e-06	7.00407637245e-06	4.20244582347e-05	5.60326109796e-05	1.75101909311e-05	7.00407637245e-06	0	0	0
7.00407637245e-06	0	7.00407637245e-06	0	0.00407987448695	3.50203818622e-06	0.000819476935577	0.00140431731268	0.000364211971367	0.000140081527449	0.00632117892614	0	0.00478728620057	0	0.000122571336518	1.05061145587e-05	3.50203818622e-06	0	0	0	0.0158992533655	1.40081527449e-05	1.40081527449e-05	7.00407637245e-06	0.00132377043439	0	0	3.50203818622e-06	0.00258800621962	4.55264964209e-05	4.90285346071e-05	0	0	0	2.10122291173e-05	7.00407637245e-06	0	0	0	0	0	0	3.50203818622e-06	0	2.10122291173e-05	0	0	0	0	3.50203818622e-06	0	3.50203818622e-06	0	0	3.50203818622e-06	0	0	3.50203818622e-06	0	1.40081527449e-05	0	0	0	3.50203818622e-06	3.50203818622e-06	3.50203818622e-06	0	0	0	0	2.45142673036e-05	7.00407637245e-06	1.75101909311e-05	3.50203818622e-06	2.80163054898e-05	0	0	0	0	0	0	3.50203818622e-06	0	0
4.20244582347e-05	0.000105061145587	0.00206270049169	0	1.75101909311e-05	0	2.10122291173e-05	0.00208021068262	5.95346491658e-05	0.000423746620533	5.95346491658e-05	2.45142673036e-05	3.1518343676e-05	3.50203818622e-06	8.05468782832e-05	2.10122291173e-05	0.00256349195232	0.00114166444871	3.50203818622e-06	6.65387255383e-05	1.40081527449e-05	0.031574376287	0.00108563183773	0.0151778334991	0.00128875005253	3.50203818622e-06	0.000133077451077	0.000924538081163	0.00537212657767	0.000227632482105	0.013521369437	0	0	0.000553322033423	0.00502892683542	0	5.25305727934e-05	3.1518343676e-05	0	3.50203818622e-06	0	3.50203818622e-06	3.50203818622e-06	0	6.3036687352e-05	0	0	0	0	0	0	3.1518343676e-05	1.75101909311e-05	0	7.00407637245e-06	0	2.80163054898e-05	0.00021362432936	7.70448400969e-05	2.45142673036e-05	3.50203818622e-06	3.1518343676e-05	7.70448400969e-05	3.50203818622e-06	1.05061145587e-05	2.10122291173e-05	0	0	7.00407637245e-06	1.75101909311e-05	0.00252847157045	0.00112415425778	0.00219227590458	0.00084399120288	0.000217126367546	7.00407637245e-06	3.50203818622e-06	5.25305727934e-05	1.75101909311e-05	2.45142673036e-05	3.50203818622e-06	0	0	0
2.10122291173e-05	0.000679395408128	0.00147786011459	0	5.60326109796e-05	0	1.40081527449e-05	0.00097356661577	7.00407637245e-05	0.0035090422626	7.00407637245e-05	1.40081527449e-05	3.1518343676e-05	3.50203818622e-06	6.3036687352e-05	2.10122291173e-05	0.00553322033423	0.000234636558477	0	3.1518343676e-05	1.40081527449e-05	0.00108563183773	0.0168938322103	0.00283665093084	0.00349153207167	1.05061145587e-05	0.000105061145587	0.00298023449648	0.00225181055374	9.80570692143e-05	0.000879011584742	0	0	2.10122291173e-05	0.000893019737487	3.50203818622e-05	0.000609354644403	0.000402734391416	0	7.00407637245e-06	0	7.00407637245e-06	5.95346491658e-05	1.05061145587e-05	0.000269656940339	0	7.00407637245e-06	2.10122291173e-05	7.00407637245e-06	1.40081527449e-05	0	0.000388726238671	0.000101559107401	0	4.55264964209e-05	1.05061145587e-05	0.000217126367546	0.00306078137476	0.000833485088321	0.00012957541289	3.50203818622e-06	0.000143583565635	0.00106111757043	0.000101559107401	6.3036687352e-05	0.000175101909311	0	0	5.60326109796e-05	0.000290669169457	0.00120119909787	0.000886015661115	0.000731925980921	0.000325689551319	0.000119069298332	0	0	0.000255648787594	0.000245142673036	0.000238138596663	7.00407637245e-05	1.75101909311e-05	7.00407637245e-06	0
2.80163054898e-05	0.000441256811464	0.0115462199	0	3.50203818622e-05	3.50203818622e-06	3.1518343676e-05	0.00138680712174	6.65387255383e-05	0.000507795537003	4.20244582347e-05	8.75509546556e-05	2.80163054898e-05	1.75101909311e-05	6.3036687352e-05	2.80163054898e-05	0.00695854987603	0.00629666465883	1.05061145587e-05	0.000525305727934	7.00407637245e-06	0.0151778334991	0.00283665093084	0.0455755249555	0.00199966380433	1.40081527449e-05	0.000696905599059	0.00573633854904	0.00348803003348	0.000497289422444	0.00419193970891	0	0	0.0006863994845	0.00776051662067	1.05061145587e-05	0.000367714009554	0.000119069298332	0	7.00407637245e-06	0	3.50203818622e-06	1.05061145587e-05	0	6.3036687352e-05	0	0	0	7.00407637245e-06	0	0	9.45550310281e-05	5.25305727934e-05	3.50203818622e-06	1.75101909311e-05	7.00407637245e-06	3.85224200485e-05	0.000773950439156	0.00021362432936	1.75101909311e-05	7.00407637245e-06	0.000105061145587	0.000392228276857	1.75101909311e-05	2.80163054898e-05	4.20244582347e-05	0	0	1.05061145587e-05	5.95346491658e-05	0.00465070671131	0.00308529564206	0.00432501715999	0.00158642329836	0.000318685474946	3.50203818622e-05	1.40081527449e-05	0.000150587642008	8.75509546556e-05	7.00407637245e-05	2.80163054898e-05	0	0	0
0.00018560802387	1.05061145587e-05	0.000241640634849	0	0.00424096824352	0	0.000339697704064	0.00969013966128	0.000917534004791	0.0104991104823	0.00181755781865	3.50203818622e-06	0.00292069984731	0	0.000570832224355	0.000143583565635	0.00788308795719	7.35428019107e-05	0	1.05061145587e-05	0.00132377043439	0.00128875005253	0.00349153207167	0.00199966380433	0.046563099724	0	7.00407637245e-06	0.000339697704064	0.0192331937187	0.000553322033423	0.00245142673036	0	0	5.95346491658e-05	0.00106111757043	8.40489164694e-05	1.05061145587e-05	4.20244582347e-05	0	1.40081527449e-05	0	1.05061145587e-05	0.00012957541289	1.05061145587e-05	0.000987574768515	3.50203818622e-06	3.50203818622e-06	4.20244582347e-05	3.50203818622e-06	4.55264964209e-05	3.50203818622e-06	0.000147085603821	1.05061145587e-05	0	7.00407637245e-06	3.1518343676e-05	0.000133077451077	0.000416742544161	0.000245142673036	0.000423746620533	0	0	8.40489164694e-05	0.000234636558477	0.000115567260145	0.000294171207643	0	0	5.60326109796e-05	0.00018560802387	0.00146385196184	0.000402734391416	0.000574334262541	0.000308179360388	0.000504293498816	3.50203818622e-06	0	0.000182105985684	2.80163054898e-05	7.70448400969e-05	1.75101909311e-05	8.75509546556e-05	3.50203818622e-06	3.50203818622e-06
0	0.000381722162298	4.90285346071e-05	0	0	0	0	0	0	0	0	0.00338296888789	0	0.00310280583299	0	0	0	0.000154089680194	0.000143583565635	0.000493787384258	0	3.50203818622e-06	1.05061145587e-05	1.40081527449e-05	0	0.0118298849931	0.00170549259669	0.00052880776612	0	0	0	0	0	0	0.00052880776612	0	0.000808970821018	1.05061145587e-05	0	0	0	0	0	0	0	0	0.000609354644403	0	0.00055682407161	0	0	3.50203818622e-06	7.00407637245e-06	9.45550310281e-05	0.000140081527449	0	0	0	3.50203818622e-06	0	0.00224480647737	0.000693403560872	0.00106111757043	0	0	0	7.35428019107e-05	0	0	7.70448400969e-05	4.20244582347e-05	0.00232185131747	0.000647877064452	4.20244582347e-05	7.00407637245e-06	0	0.000710913751804	1.40081527449e-05	0.00018560802387	9.80570692143e-05	1.05061145587e-05	0	0	2.10122291173e-05
3.50203818622e-06	0.00139030915993	0.00438455180915	0	0	7.00407637245e-06	7.00407637245e-06	3.1518343676e-05	1.05061145587e-05	1.75101909311e-05	3.50203818622e-06	0.00852396094527	0	0.00277361424349	0	0	3.50203818622e-05	0.00459467410033	0.00194012915517	0.00674842758485	0	0.000133077451077	0.000105061145587	0.000696905599059	7.00407637245e-06	0.00170549259669	0.047088405452	0.0146840461148	3.85224200485e-05	2.45142673036e-05	8.40489164694e-05	3.50203818622e-05	0	1.40081527449e-05	0.00368764621009	0	0.00159692941292	3.1518343676e-05	0	0	0	0	0	0	0	0	0.00021362432936	0	0.000178603947497	0	0	3.50203818622e-06	3.50203818622e-05	1.75101909311e-05	9.45550310281e-05	0	3.50203818622e-06	3.50203818622e-05	1.75101909311e-05	0	0.000857999355625	0.000644375026265	0.00102959922675	0	0	0	3.1518343676e-05	0	0	8.40489164694e-05	0.000766946362783	0.0045771639094	0.00300124672559	0.000493787384258	1.05061145587e-05	1.05061145587e-05	4.55264964209e-05	4.20244582347e-05	0.000203118214801	6.65387255383e-05	1.40081527449e-05	0	0	0
7.00407637245e-06	0.00341448723157	0.01229915811	0	7.00407637245e-06	0	2.10122291173e-05	0.000168097832939	3.50203818622e-05	0.000206620252987	1.40081527449e-05	0.00125372967067	7.00407637245e-06	0.00101909311219	2.80163054898e-05	1.40081527449e-05	0.00304677322202	0.00232185131747	0.000147085603821	0.00115917463964	3.50203818622e-06	0.000924538081163	0.00298023449648	0.00573633854904	0.000339697704064	0.00052880776612	0.0146840461148	0.0461428551417	0.000318685474946	3.50203818622e-05	0.000434252735092	4.55264964209e-05	0	3.1518343676e-05	0.00210822698811	7.00407637245e-06	0.00141832546542	0.000196114138429	0	3.50203818622e-06	0	0	3.50203818622e-06	0	1.40081527449e-05	0	8.05468782832e-05	3.50203818622e-06	2.10122291173e-05	0	0	5.60326109796e-05	6.3036687352e-05	1.75101909311e-05	6.65387255383e-05	0	2.45142673036e-05	0.000703909675431	0.000154089680194	1.05061145587e-05	0.000199616176615	0.00037121604774	0.00101909311219	1.05061145587e-05	1.05061145587e-05	1.05061145587e-05	1.05061145587e-05	0	0	0.000105061145587	0.0014743580764	0.00321487105495	0.001880594506	0.000525305727934	6.3036687352e-05	1.05061145587e-05	3.50203818622e-06	7.70448400969e-05	0.000178603947497	0.000112065221959	2.80163054898e-05	7.00407637245e-06	7.00407637245e-06	0
0.000273158978526	3.85224200485e-05	0.000549819995237	0	0.00349853614804	7.00407637245e-06	0.000998080883074	0.0242060879432	0.00170899463488	0.00361410340818	0.00753988821494	0	0.000921036042977	0	0.00110664406685	7.35428019107e-05	0.00398882149411	0.00021362432936	0	3.50203818622e-05	0.00258800621962	0.00537212657767	0.00225181055374	0.00348803003348	0.0192331937187	0	3.85224200485e-05	0.000318685474946	0.0547263507361	0.000984072730329	0.0100753638618	0	3.50203818622e-06	0.00012957541289	0.00260901844874	2.10122291173e-05	2.45142673036e-05	3.1518343676e-05	0	1.40081527449e-05	0	7.00407637245e-06	8.40489164694e-05	1.40081527449e-05	0.000486783307885	3.50203818622e-06	0	1.05061145587e-05	0	1.75101909311e-05	0	0.000119069298332	2.10122291173e-05	0	3.50203818622e-06	1.75101909311e-05	0.000126073374704	0.000413240505974	0.000234636558477	0.000224130443918	0	7.00407637245e-06	4.90285346071e-05	0.000140081527449	8.05468782832e-05	0.00021362432936	0	0	5.95346491658e-05	0.000122571336518	0.00310980990937	0.000938546233908	0.00152688864919	0.000805468782832	0.000637370949893	7.00407637245e-06	0	0.000119069298332	3.85224200485e-05	2.80163054898e-05	3.50203818622e-06	1.05061145587e-05	3.50203818622e-06	0
0.00437404569459	3.50203818622e-06	5.25305727934e-05	0	3.1518343676e-05	0.000381722162298	0.00154790087831	0.0034319974225	0.00332693627691	0.000276661016712	0.000588342415286	3.50203818622e-05	0.000199616176615	0	0.00605852606217	0.000570832224355	0.000112065221959	3.50203818622e-05	3.50203818622e-06	1.40081527449e-05	4.55264964209e-05	0.000227632482105	9.80570692143e-05	0.000497289422444	0.000553322033423	0	2.45142673036e-05	3.50203818622e-05	0.000984072730329	0.0225601299957	0.00454564556572	0	0.000367714009554	0.00214324736997	0.00221679017188	0	0	3.50203818622e-06	0	0	0	0	7.00407637245e-06	0	2.45142673036e-05	0	0	0	0	0	0	7.00407637245e-06	0	0	0	0	3.50203818622e-06	2.10122291173e-05	1.05061145587e-05	2.10122291173e-05	0	0	0	2.10122291173e-05	3.50203818622e-06	1.05061145587e-05	0	0	3.50203818622e-06	1.75101909311e-05	0.00104710941768	9.10529928418e-05	0.00128524801434	0.000560326109796	0.00118719094513	0.000182105985684	0	1.40081527449e-05	3.50203818622e-06	7.00407637245e-06	0	3.50203818622e-06	0	0
0.00145684788547	3.85224200485e-05	0.00106111757043	0	9.45550310281e-05	0	0.000273158978526	0.0123446846064	0.000766946362783	0.00100158292126	0.000567330186168	7.00407637245e-06	0.00012957541289	0	0.000907027890232	5.25305727934e-05	0.00120470113606	0.000588342415286	0	4.55264964209e-05	4.90285346071e-05	0.013521369437	0.000879011584742	0.00419193970891	0.00245142673036	0	8.40489164694e-05	0.000434252735092	0.0100753638618	0.00454564556572	0.0376959390365	0	0	0.000637370949893	0.00500441256811	0	4.55264964209e-05	2.80163054898e-05	0	3.50203818622e-06	0	0	1.05061145587e-05	0	0.000112065221959	0	0	3.50203818622e-06	0	0	0	3.1518343676e-05	7.00407637245e-06	0	7.00407637245e-06	7.00407637245e-06	2.80163054898e-05	0.000199616176615	8.05468782832e-05	8.05468782832e-05	0	1.40081527449e-05	4.90285346071e-05	3.85224200485e-05	1.05061145587e-05	3.50203818622e-05	0	0	7.00407637245e-06	2.80163054898e-05	0.00313782621486	0.000886015661115	0.00214324736997	0.000952554386653	0.00063036687352	2.80163054898e-05	0	7.00407637245e-05	1.75101909311e-05	1.75101909311e-05	3.50203818622e-06	1.05061145587e-05	0	0
0	0	0	0	0	0	0	0	0	0	0	1.05061145587e-05	0	3.1518343676e-05	0	0	0	0	0	0	0	0	0	0	0	0	3.50203818622e-05	4.55264964209e-05	0	0	0	5.60326109796e-05	0	0	0	0	0	0	0	0	0	0	0	0	0	0	0	0	0	0	0	0	0	0	0	0	0	0	0	0	0	0	0	0	0	0	0	0	0	0	0	3.50203818622e-06	0	0	0	0	0	0	0	0	0	0	0	0
3.50203818622e-06	0	0	0	0	0.00155840699287	0.00107862776136	7.00407637245e-06	0.00162844775659	0	7.00407637245e-06	0	0	0	0.0015759171838	0.000259150825781	0	0	0	0	0	0	0	0	0	0	0	0	3.50203818622e-06	0.000367714009554	0	0	0.00355456875902	3.50203818622e-06	0.000192612100242	0	0	0	0	0	0	0	0	0	0	0	0	0	0	0	0	0	0	0	0	0	0	0	0	0	0	0	0	0	0	0	0	0	0	0	1.05061145587e-05	3.50203818622e-06	5.95346491658e-05	3.1518343676e-05	7.35428019107e-05	0.000220628405732	0	0	0	0	0	0	0	0
0.000434252735092	3.50203818622e-06	4.55264964209e-05	0	0	0	4.55264964209e-05	0.000276661016712	0.000112065221959	3.50203818622e-05	7.00407637245e-05	0	1.05061145587e-05	0	0.000143583565635	3.50203818622e-06	2.80163054898e-05	3.85224200485e-05	0	7.00407637245e-06	0	0.000553322033423	2.10122291173e-05	0.0006863994845	5.95346491658e-05	0	1.40081527449e-05	3.1518343676e-05	0.00012957541289	0.00214324736997	0.000637370949893	0	3.50203818622e-06	0.00297673245829	0.000308179360388	0	0	0	0	0	0	0	0	0	3.50203818622e-06	0	0	0	0	0	0	3.50203818622e-06	0	0	0	0	0	0	0	7.00407637245e-06	0	0	0	7.00407637245e-06	0	0	0	0	0	0	0.000136579489263	1.75101909311e-05	0.000122571336518	3.85224200485e-05	4.20244582347e-05	0	0	7.00407637245e-06	0	0	0	3.50203818622e-06	0	0
0.000175101909311	0.00039923235323	0.00369815232465	0	2.80163054898e-05	0.000381722162298	0.000959558463025	0.00208721475899	0.00156541106924	0.000549819995237	0.000248644711222	0.00646476249177	0.000136579489263	0.000409738467788	0.0011941950215	0.000476277193327	0.00118018686876	0.00572233039629	0.000283665093084	0.00471724543684	2.10122291173e-05	0.00502892683542	0.000893019737487	0.00776051662067	0.00106111757043	0.00052880776612	0.00368764621009	0.00210822698811	0.00260901844874	0.00221679017188	0.00500441256811	0	0.000192612100242	0.000308179360388	0.0447735582109	3.50203818622e-06	0.000409738467788	7.70448400969e-05	0	0	0	0	0	3.50203818622e-06	4.20244582347e-05	3.50203818622e-06	5.95346491658e-05	0	4.55264964209e-05	0	0	2.80163054898e-05	3.1518343676e-05	2.45142673036e-05	3.85224200485e-05	0	1.40081527449e-05	0.000241640634849	0.000101559107401	7.00407637245e-06	0.000154089680194	0.000147085603821	0.000346701780436	0	7.00407637245e-06	7.00407637245e-06	0	0	7.00407637245e-06	5.25305727934e-05	0.00937495622452	0.00465070671131	0.0211137882247	0.00612506478771	0.00219577794276	0.000360709933181	9.45550310281e-05	0.000178603947497	6.3036687352e-05	5.25305727934e-05	1.75101909311e-05	1.40081527449e-05	0	7.00407637245e-06
0	7.00407637245e-06	0	0	1.40081527449e-05	0	0	3.1518343676e-05	3.50203818622e-06	0.00012957541289	3.50203818622e-06	0	1.05061145587e-05	0	0	0	1.40081527449e-05	0	0	0	7.00407637245e-06	0	3.50203818622e-05	1.05061145587e-05	8.40489164694e-05	0	0	7.00407637245e-06	2.10122291173e-05	0	0	0	0	0	3.50203818622e-06	0.0207005477188	2.10122291173e-05	0.000101559107401	0	0.000241640634849	2.10122291173e-05	0.0021362432936	0.0042970008545	0.0025179654559	0.000308179360388	0.000360709933181	3.50203818622e-06	0.00245142673036	0	0.00891969126031	0.000521803689747	0.000266154902153	0.000112065221959	0	1.05061145587e-05	0.000868505470184	0.000546317957051	0.000168097832939	0.00087200750837	0.00169848852032	0	4.55264964209e-05	8.75509546556e-05	0.0012957541289	0.012656366005	0.00495188199532	0	5.60326109796e-05	0.00191211284968	0.00356157283539	1.05061145587e-05	0	0	0	7.00407637245e-06	0	0	0.000679395408128	0.000115567260145	0.00119069298332	0.000234636558477	0.000416742544161	0.00012957541289	1.75101909311e-05
0	0.00201717399527	0.00119769705969	0	0	0	3.50203818622e-06	7.00407637245e-06	7.00407637245e-06	1.75101909311e-05	0	0.00044475884965	3.50203818622e-06	7.35428019107e-05	3.50203818622e-06	0	4.90285346071e-05	0.000504293498816	3.85224200485e-05	0.000374718085926	0	5.25305727934e-05	0.000609354644403	0.000367714009554	1.05061145587e-05	0.000808970821018	0.00159692941292	0.00141832546542	2.45142673036e-05	0	4.55264964209e-05	0	0	0	0.000409738467788	2.10122291173e-05	0.0252216790172	0.00158642329836	0	0	0	0	1.05061145587e-05	7.00407637245e-06	1.40081527449e-05	0	0.000780954515528	3.50203818622e-06	0.000329191589505	7.00407637245e-06	0	0.000115567260145	0.000865003431997	0.000192612100242	0.00158292126017	0	0.000136579489263	0.00243391653943	0.000654881140824	3.50203818622e-06	0.00327090366593	0.00679045204309	0.0167782649502	1.40081527449e-05	3.85224200485e-05	8.75509546556e-05	4.20244582347e-05	0	3.50203818622e-06	0.00115917463964	0.000210122291173	0.00307829156569	0.000339697704064	8.75509546556e-05	1.05061145587e-05	0	1.75101909311e-05	0.000626864835334	0.00222029221007	0.00126073374704	0.000378220124112	2.45142673036e-05	1.40081527449e-05	5.25305727934e-05
0	0.000147085603821	0.000178603947497	0	3.50203818622e-06	0	0	1.75101909311e-05	0	8.40489164694e-05	0	1.05061145587e-05	7.00407637245e-06	7.00407637245e-06	0	0	8.40489164694e-05	4.20244582347e-05	3.50203818622e-06	3.50203818622e-06	0	3.1518343676e-05	0.000402734391416	0.000119069298332	4.20244582347e-05	1.05061145587e-05	3.1518343676e-05	0.000196114138429	3.1518343676e-05	3.50203818622e-06	2.80163054898e-05	0	0	0	7.70448400969e-05	0.000101559107401	0.00158642329836	0.0263738495805	0	0	0	2.10122291173e-05	0.00012957541289	1.40081527449e-05	5.60326109796e-05	0	0.000136579489263	1.05061145587e-05	1.75101909311e-05	3.85224200485e-05	1.05061145587e-05	0.000745934133666	0.00309930379481	3.50203818622e-06	0.000717917828176	3.50203818622e-06	0.00169148444395	0.00166346813846	0.0116442769692	7.35428019107e-05	3.85224200485e-05	0.00554722848698	0.00835586311233	0.000206620252987	0.000220628405732	0.00097356661577	7.00407637245e-06	3.50203818622e-06	8.75509546556e-05	0.00218877386639	5.95346491658e-05	0.000161093756566	6.3036687352e-05	1.75101909311e-05	7.00407637245e-06	0	0	0.00162844775659	0.00227632482105	0.00249695322678	0.000836987126508	0.000105061145587	7.00407637245e-05	5.60326109796e-05
0	0	0	0	0	0	0	0	0	0	0	0	0	0	0	0	0	0	0	0	0	0	0	0	0	0	0	0	0	0	0	0	0	0	0	0	0	0	0	0	0	0	0	0	0	0	0	0	0	0	0	0	0	0	0	0	0	0	0	0	0	0	0	0	0	0	0	0	0	0	0	0	0	0	0	0	0	0	0	0	0	0	0	0
0	0	3.50203818622e-06	0	0.000164595794753	0	0	7.00407637245e-06	0	3.85224200485e-05	0	0	0.000238138596663	0	0	0	3.50203818622e-06	0	0	0	0	3.50203818622e-06	7.00407637245e-06	7.00407637245e-06	1.40081527449e-05	0	0	3.50203818622e-06	1.40081527449e-05	0	3.50203818622e-06	0	0	0	0	0.000241640634849	0	0	0	0.0168658159049	0	0.000773950439156	0.000497289422444	0.000150587642008	0.000252146749408	0.00159692941292	0	0.00405886225783	0	0.000164595794753	2.45142673036e-05	2.45142673036e-05	3.50203818622e-06	0	0	0.00897572387129	4.20244582347e-05	7.00407637245e-06	3.50203818622e-05	0.00875509546556	0	0	0	0.00306778545113	0.000273158978526	0.00018560802387	0	0	7.35428019107e-05	0.000168097832939	0	0	0	0	0	0	0	2.10122291173e-05	1.05061145587e-05	5.25305727934e-05	1.05061145587e-05	5.60326109796e-05	3.50203818622e-06	0
0	0	0	0	0	0	0	0	0	0	0	0	0	0	0	0	0	0	0	0	0	0	0	0	0	0	0	0	0	0	0	0	0	0	0	2.10122291173e-05	0	0	0	0	0.00490985753709	0.00210822698811	3.50203818622e-06	0.00148486419096	0	0	0	0	0	0.000476277193327	0.00039923235323	0	0	0	0	0	0	0	0	0	0	0	0	3.50203818622e-06	0.000749436171852	3.50203818622e-06	0	0.00239889615756	7.00407637245e-06	0.000794962668273	0	0	0	0	0	0	0	2.10122291173e-05	3.50203818622e-06	8.05468782832e-05	3.50203818622e-05	0.000570832224355	0.000486783307885	0
0	0	0	0	3.50203818622e-06	0	3.50203818622e-06	3.50203818622e-06	0	2.80163054898e-05	3.50203818622e-06	0	2.45142673036e-05	0	0	0	1.05061145587e-05	0	0	0	0	3.50203818622e-06	7.00407637245e-06	3.50203818622e-06	1.05061145587e-05	0	0	0	7.00407637245e-06	0	0	0	0	0	0	0.0021362432936	0	2.10122291173e-05	0	0.000773950439156	0.00210822698811	0.0322222533515	0.00137980304537	0.0096341070503	0.000150587642008	0.00318685474946	1.40081527449e-05	0.0117563421912	0	0.00375418493563	0.00313082213848	1.75101909311e-05	3.50203818622e-06	0	0	0.00445459257288	7.00407637245e-05	2.10122291173e-05	9.10529928418e-05	0.00212923921722	0	0	1.05061145587e-05	0.000917534004791	0.00343549946069	0.000514799613375	0	0.00189110062056	0.000224130443918	0.00231834927928	3.50203818622e-06	0	0	0	0	0	0	0.000227632482105	4.20244582347e-05	0.000623362797148	0.000164595794753	0.000598848529844	0.000458767002395	7.00407637245e-06
0	0	0	0	3.50203818622e-06	0	0	6.3036687352e-05	3.50203818622e-06	0.000280163054898	7.00407637245e-06	0	3.50203818622e-06	0	0	0	2.10122291173e-05	0	0	0	3.50203818622e-06	3.50203818622e-06	5.95346491658e-05	1.05061145587e-05	0.00012957541289	0	0	3.50203818622e-06	8.40489164694e-05	7.00407637245e-06	1.05061145587e-05	0	0	0	0	0.0042970008545	1.05061145587e-05	0.00012957541289	0	0.000497289422444	3.50203818622e-06	0.00137980304537	0.0278341995041	0.000773950439156	0.000647877064452	0.00133427654895	1.05061145587e-05	0.00290318965638	0	0.00226581870649	0.000140081527449	0.000493787384258	0.000147085603821	0	7.00407637245e-06	0.00171599871125	0.000956056424839	0.000234636558477	0.00121870928881	0.00334094442966	0	4.20244582347e-05	6.3036687352e-05	0.00839088349419	0.00317634863491	0.00695854987603	0	3.50203818622e-06	0.000693403560872	0.00157241514561	1.05061145587e-05	7.00407637245e-06	0	0	7.00407637245e-06	0	0	0.000430750696906	9.10529928418e-05	0.000563828147982	0.000140081527449	0.000168097832939	3.50203818622e-05	0
