0.0117751619853	0.000114679838465	0.00153179498521	0	0	0	5.3244210716e-05	0.00227721393524	0.00083552453739	4.91485021994e-05	0.000274412470613	3.27656681329e-05	7.37227532991e-05	4.09570851662e-06	0.00806445006922	4.09570851662e-06	4.50527936828e-05	0.000384996600562	9.01055873656e-05	2.45742510997e-05	5.73399192326e-05	0.000258029636547	4.09570851662e-06	0.000163828340665	0.000651217654142	0	0.000683983322275	0.00187173879209	0.000843715954423	0.00557835499963	0.0063852095774	4.09570851662e-06	0	2.45742510997e-05	0.00198232292204	0	8.60098788489e-05	4.09570851662e-06	0	1.63828340665e-05	0	5.3244210716e-05	9.01055873656e-05	5.3244210716e-05	0.000352230932429	2.45742510997e-05	0	4.09570851662e-06	0	6.55313362659e-05	0	0	4.09570851662e-06	0	8.19141703323e-06	8.19141703323e-06	1.22871255498e-05	8.19141703323e-06	8.19141703323e-06	0.000151541215115	0	4.09570851662e-06	9.82970043988e-05	0.000147445506598	5.73399192326e-05	2.86699596163e-05	0	0	5.3244210716e-05	0	9.42012958822e-05	3.68613766495e-05	0.000393188017595	0.000147445506598	9.82970043988e-05	4.91485021994e-05	0	3.68613766495e-05	4.09570851662e-06	8.19141703323e-06	8.19141703323e-06	4.09570851662e-06	0	0
0.000114679838465	0.0203761498702	0.000139254089565	0	2.04785425831e-05	0	3.27656681329e-05	0.000102392712915	3.68613766495e-05	0.00450527936828	3.68613766495e-05	5.3244210716e-05	3.68613766495e-05	0.000360422349462	0.000204785425831	8.19141703323e-06	0.000139254089565	0.00108945846542	2.86699596163e-05	0.000110584129949	3.68613766495e-05	2.45742510997e-05	0.00526298544385	0.000471006479411	0.00294481442345	0.00255572211437	0.00529575111198	0.011836597613	0.000417762268695	0.000339943806879	0.000245742510997	0	1.22871255498e-05	6.96270447825e-05	0.000864194497006	4.09570851662e-05	0.00614765848344	6.14356277492e-05	0	4.50527936828e-05	0	4.09570851662e-06	1.22871255498e-05	0	0.000102392712915	2.45742510997e-05	0	0	4.50527936828e-05	1.22871255498e-05	0	0.000262125345063	7.37227532991e-05	0	5.3244210716e-05	8.19141703323e-06	6.96270447825e-05	0.000602069151943	9.01055873656e-05	0.000102392712915	0.000196594008798	0.000221168259897	0.00610670139827	0.000135158381048	2.86699596163e-05	0	0	0	4.09570851662e-06	0.000139254089565	0.000802758869257	0.000151541215115	0.00029079530468	2.86699596163e-05	0.000106488421432	8.19141703323e-06	2.04785425831e-05	0.000368613766495	0.000188402591764	0.000184306883248	8.19141703323e-06	4.09570851662e-06	0	0
0.00153179498521	0.000139254089565	0.0566149788252	0	4.09570851662e-06	0	0.000163828340665	0.00234684098002	0.00283832600202	9.42012958822e-05	3.68613766495e-05	4.91485021994e-05	8.19141703323e-05	8.19141703323e-06	0.00414485701882	2.86699596163e-05	0.000819141703323	0.00461176778971	0.000389092309079	0.000868290205523	8.19141703323e-05	0.00167104907478	0.00370252049902	0.0208143906814	0.000884673039589	0	0.0118980332408	0.0272733230121	0.00248609506959	0.00113860696762	0.00803987581812	0	8.19141703323e-06	0.000151541215115	0.00342401231989	0.000147445506598	0.00120004259537	0.0031045470556	0	3.68613766495e-05	0	4.09570851662e-06	0.000827333120356	0.000585686317876	0.000298986721713	4.50527936828e-05	2.45742510997e-05	0	4.09570851662e-06	0.000516059273094	0	0.00499676439027	0.000528346398644	1.63828340665e-05	0.000135158381048	4.09570851662e-06	0.000274412470613	0.00857231792528	0.0111730928333	0.000348135223912	1.22871255498e-05	0.00056930348381	0.00708967144226	0.00122461684647	4.50527936828e-05	0.00081095028629	0	0	4.09570851662e-06	0.000229359676931	0.00485341459219	0.000286699596163	0.00488208455181	0.000245742510997	0.00120004259537	0.00058159060936	0	0.0010362142547	0.000462815062378	0.000372709475012	6.55313362659e-05	8.19141703323e-06	0	0
0	0	0	0	0	0	0	0	0	0	0	0	0	0	0	0	0	0	0	0	0	0	0	0	0	0	0	0	0	0	0	0	0	0	0	0	0	0	0	0	0	0	0	0	0	0	0	0	0	0	0	0	0	0	0	0	0	0	0	0	0	0	0	0	0	0	0	0	0	0	0	0	0	0	0	0	0	0	0	0	0	0	0	0
0	2.04785425831e-05	4.09570851662e-06	0	0.0139172175395	8.19141703323e-06	0.000380900892045	0.000327656681329	0.000139254089565	0.000978874335471	0.00192907871133	2.04785425831e-05	0.00245742510997	4.09570851662e-06	0.000192498300281	0.000188402591764	0	2.04785425831e-05	1.22871255498e-05	0	0.00723711694886	0	8.19141703323e-06	0	0.00391140163337	0	9.01055873656e-05	6.96270447825e-05	0.0027605075402	0.000245742510997	0	1.22871255498e-05	6.14356277492e-05	0	0.000188402591764	4.09570851662e-06	0	0	0	0.00348954365616	0	0.000139254089565	1.63828340665e-05	0.000118775546982	0.000679887613758	0.000237551093964	4.09570851662e-06	0.000962491501405	0	2.04785425831e-05	4.91485021994e-05	0	0	4.09570851662e-06	0	0.00214205555419	0	4.09570851662e-06	0	0.00121232972092	0	0	4.09570851662e-06	0.000167924049181	2.04785425831e-05	0	0	0	0	4.09570851662e-06	0.000131062672532	2.86699596163e-05	0.000139254089565	5.73399192326e-05	0.000483293604961	2.86699596163e-05	0	4.09570851662e-06	0	1.22871255498e-05	0	0.000102392712915	0	0
0	0	0	0	8.19141703323e-06	0.0057913318425	0.00344449086247	4.50527936828e-05	0.00111403271652	4.91485021994e-05	1.22871255498e-05	4.50527936828e-05	8.19141703323e-05	1.22871255498e-05	0.000622547694526	0.00132291385087	4.09570851662e-06	0	0	0	4.09570851662e-05	4.09570851662e-06	0	8.19141703323e-06	2.04785425831e-05	0	4.09570851662e-06	0	0.000114679838465	0.000442336519795	6.96270447825e-05	0	0.00211338559457	5.73399192326e-05	0.000733131824474	0	4.09570851662e-06	0	0	0	0	0	0	0	0	0	0	0	0	0	0	0	0	0	0	0	0	0	0	0	0	4.09570851662e-06	0	0	0	0	0	0	0	0	0.00029079530468	8.19141703323e-06	0.000122871255498	1.63828340665e-05	0.00130243530828	0.000352230932429	0	0	0	0	0	0	0	0
5.3244210716e-05	3.27656681329e-05	0.000163828340665	0	0.000380900892045	0.00344449086247	0.0519581582418	0.00319465264296	0.0254589241393	0.00128605247422	0.0117342049001	0.00541862236748	0.0165753323667	0.000937917250305	0.00923991841349	0.00659409071175	4.09570851662e-06	9.01055873656e-05	0.0017242932855	3.68613766495e-05	0.00777775047305	1.22871255498e-05	8.19141703323e-06	2.86699596163e-05	0.000511963564577	4.09570851662e-06	0.00162190057258	0.000356326640946	0.00297348438306	0.00887540035551	7.37227532991e-05	0.000401379434628	0.00378443466935	3.68613766495e-05	0.00855183938269	0	0.000114679838465	8.19141703323e-06	0	0.000192498300281	0	3.68613766495e-05	0.000364518057979	2.04785425831e-05	0.00175296324511	0.00148674219153	0	2.04785425831e-05	0	4.09570851662e-06	4.09570851662e-06	0	4.50527936828e-05	0	4.09570851662e-06	0.00054472923271	0	0	4.09570851662e-06	0.00178163320473	0	6.14356277492e-05	0.000143349798082	0.000950204375855	0.000200689717314	0.000155636923631	0	0	0.000200689717314	0	0.000524250690127	0.000188402591764	0.00209290705199	0.000196594008798	0.00328885393884	0.000217072551381	8.19141703323e-06	0	0	4.09570851662e-06	0	8.19141703323e-06	0	0
0.00227721393524	0.000102392712915	0.00234684098002	0	0.000327656681329	4.50527936828e-05	0.00319465264296	0.0407932568255	0.00704052294006	0.00106488421432	0.0039441673015	5.3244210716e-05	0.000122871255498	1.63828340665e-05	0.00582000180211	0.000602069151943	0.000163828340665	0.000516059273094	7.78184618157e-05	8.60098788489e-05	0.000192498300281	0.00109764988245	0.000204785425831	0.00106897992284	0.00109764988245	0	0.00288747450421	0.00118775546982	0.0170176688865	0.0065080808329	0.00892864456622	4.09570851662e-06	6.55313362659e-05	0.00371890333309	0.0039687415526	0.000282603887647	4.09570851662e-05	0.000102392712915	0	0.000692174739308	0	0.000790471743707	0.00116727692724	0.000389092309079	0.00527936827792	0.000716748990408	0	1.63828340665e-05	0	0.000511963564577	0	1.22871255498e-05	1.22871255498e-05	0	1.63828340665e-05	0.000204785425831	2.86699596163e-05	9.01055873656e-05	0.000114679838465	0.00407522997403	4.09570851662e-06	0.000110584129949	6.96270447825e-05	0.00292843158938	0.000626643403042	0.000319465264296	0	0	0.000421857977211	6.96270447825e-05	0.000389092309079	8.19141703323e-05	0.00320693976851	0.00158094348741	0.00124919109757	0.000327656681329	0	7.78184618157e-05	3.27656681329e-05	0.000135158381048	9.42012958822e-05	1.63828340665e-05	0	0
0.00083552453739	3.68613766495e-05	0.00283832600202	0	0.000139254089565	0.00111403271652	0.0254589241393	0.00704052294006	0.0590601168096	0.00251066932069	0.0068766945994	0.0025147650292	0.00670877055022	0.000769993201124	0.0271504517566	0.00219529976491	2.45742510997e-05	0.000126966964015	0.000233455385447	0.000102392712915	0.00318646122593	0.000524250690127	2.45742510997e-05	0.000274412470613	0.00105669279729	0	0.00334619385808	0.00143349798082	0.00500086009879	0.00899008019397	0.0029325272979	0.000425953685728	0.00477559613037	0.000131062672532	0.00669648342467	0.000172019757698	3.27656681329e-05	4.09570851662e-05	0	0.000466910770894	0	0.000483293604961	0.0011836597613	0.00111812842504	0.00398102867815	0.00191679158578	3.27656681329e-05	3.27656681329e-05	2.45742510997e-05	0.00100344858657	0	3.27656681329e-05	2.45742510997e-05	0	0	0.000606164860459	4.91485021994e-05	4.50527936828e-05	0.000200689717314	0.00312092988966	0	0.000131062672532	7.78184618157e-05	0.00221168259897	0.000790471743707	0.000593877734909	2.04785425831e-05	0	0.000593877734909	7.37227532991e-05	0.00116318121872	0.000180211174731	0.00129424389125	0.000331752389846	0.0016259962811	0.000593877734909	8.19141703323e-06	4.91485021994e-05	4.09570851662e-05	0.000184306883248	3.68613766495e-05	2.04785425831e-05	4.09570851662e-06	0
4.91485021994e-05	0.00450527936828	9.42012958822e-05	0	0.000978874335471	4.91485021994e-05	0.00128605247422	0.00106488421432	0.00251066932069	0.0272528444696	0.000733131824474	0.000180211174731	0.00029079530468	0.000167924049181	0.00317417410038	0.000655313362659	0.000483293604961	0.000114679838465	0.000167924049181	2.45742510997e-05	0.000671696196725	7.78184618157e-05	0.00448889653421	0.000167924049181	0.00818732132472	0.00169562332588	0.00077408890964	0.00146216794043	0.00655313362659	0.00350592649022	0.000921534416239	0	4.91485021994e-05	0.00216662980529	0.00179801603879	0.000720844698924	9.42012958822e-05	0.000573399192326	0	0.00353869215836	8.19141703323e-06	0.000675791905242	0.00158913490445	0.0014048280212	0.011717822066	0.00337076810918	6.14356277492e-05	0.000393188017595	4.09570851662e-05	0.00146626364895	5.73399192326e-05	0.000143349798082	2.86699596163e-05	4.09570851662e-06	8.19141703323e-06	0.00332981102401	0.000692174739308	0.000589782026393	0.000364518057979	0.00987475323356	3.27656681329e-05	0.000102392712915	0.000380900892045	0.00605345718756	0.000925630124755	0.000417762268695	3.27656681329e-05	0	0.000294891013196	0.000180211174731	0.00156865636186	0.000344039515396	0.000696270447825	0.000122871255498	0.00209700276051	2.04785425831e-05	8.19141703323e-06	0.00108126704839	0.000135158381048	0.000348135223912	0.000114679838465	0.000233455385447	8.19141703323e-06	0
0.000274412470613	3.68613766495e-05	3.68613766495e-05	0	0.00192907871133	1.22871255498e-05	0.0117342049001	0.0039441673015	0.0068766945994	0.000733131824474	0.0327492852989	0.000974778626955	0.00489027596884	8.60098788489e-05	0.00364927628831	0.000757706075574	1.22871255498e-05	1.63828340665e-05	0.000434145102761	2.45742510997e-05	0.00423086689766	7.78184618157e-05	1.63828340665e-05	0.000184306883248	0.000200689717314	0	0.000696270447825	0.00053244210716	0.00343629944544	0.00347316082209	2.45742510997e-05	3.27656681329e-05	0.00027850817913	4.09570851662e-05	0.00360422349462	0	7.78184618157e-05	4.09570851662e-06	0	4.50527936828e-05	0	1.63828340665e-05	0.000114679838465	8.19141703323e-06	0.000430049394245	0.00081095028629	0	1.22871255498e-05	0	0	0	4.09570851662e-06	8.19141703323e-06	0	0	0.000626643403042	8.19141703323e-06	1.63828340665e-05	0	0.000872385914039	1.22871255498e-05	1.22871255498e-05	0.000118775546982	0.000540633524193	0	0	0	0	0	0	0.000716748990408	0.000262125345063	0.00203966284127	0.000671696196725	0.00025393392803	0.000122871255498	2.86699596163e-05	0	4.09570851662e-06	0	0	8.19141703323e-06	0	0
3.27656681329e-05	5.3244210716e-05	4.91485021994e-05	0	2.04785425831e-05	4.50527936828e-05	0.00541862236748	5.3244210716e-05	0.0025147650292	0.000180211174731	0.000974778626955	0.0333513544508	0.00545957945265	0.00987065752505	0.0026622105358	1.63828340665e-05	2.04785425831e-05	0.00054472923271	0.00536128244825	0.00361651062017	0.00397283726112	0.000139254089565	8.19141703323e-05	0.000176115466215	0.000102392712915	0.00347725653061	0.00760573071536	0.00158913490445	0.000339943806879	0.00862556213599	0.00052015498161	0.00161370915555	0.000364518057979	8.60098788489e-05	0.0155964580313	4.09570851662e-06	0.000237551093964	0	0	6.96270447825e-05	0	1.63828340665e-05	9.42012958822e-05	2.45742510997e-05	0.000327656681329	0.000151541215115	0.000765897492607	2.86699596163e-05	0.00311273847263	0.000118775546982	0	8.19141703323e-06	8.19141703323e-06	0.000135158381048	8.19141703323e-06	3.27656681329e-05	1.22871255498e-05	9.42012958822e-05	8.19141703323e-06	0.000344039515396	0.00052015498161	0.00109355417394	0.00141301943823	0.00024164680248	6.96270447825e-05	0	0.000344039515396	0	4.09570851662e-06	0.000208881134347	0.0014294022723	0.00212976842864	0.00291204875531	1.63828340665e-05	3.27656681329e-05	0	4.50527936828e-05	6.14356277492e-05	0.00209700276051	6.14356277492e-05	1.22871255498e-05	4.09570851662e-06	0	0
7.37227532991e-05	3.68613766495e-05	8.19141703323e-05	0	0.00245742510997	8.19141703323e-05	0.0165753323667	0.000122871255498	0.00670877055022	0.00029079530468	0.00489027596884	0.00545957945265	0.0354401657943	0.000696270447825	0.00509506139467	0.00297758009158	8.19141703323e-06	0.000135158381048	0.00341172519434	0.000139254089565	0.0174272397382	8.19141703323e-06	1.22871255498e-05	2.86699596163e-05	0.00166695336626	4.09570851662e-06	0.00174477182808	0.000536537815677	0.000458719353861	0.0080849286118	6.96270447825e-05	0.000360422349462	0.000778184618157	1.63828340665e-05	0.00917438707722	0	8.60098788489e-05	1.22871255498e-05	0	3.27656681329e-05	0	2.86699596163e-05	6.14356277492e-05	2.04785425831e-05	0.000245742510997	0.000163828340665	0	0.000155636923631	0	0	4.09570851662e-06	0	6.96270447825e-05	0	4.09570851662e-06	0.000172019757698	0	0	4.09570851662e-06	0.000204785425831	0	4.09570851662e-05	0.000110584129949	9.01055873656e-05	3.68613766495e-05	8.19141703323e-06	0	0	3.68613766495e-05	4.09570851662e-06	0.000204785425831	0.000196594008798	0.00403017718035	0.000184306883248	0.00136796664455	0.000102392712915	4.09570851662e-06	0	0	4.09570851662e-06	4.09570851662e-06	1.63828340665e-05	0	0
4.09570851662e-06	0.000360422349462	8.19141703323e-06	0	4.09570851662e-06	1.22871255498e-05	0.000937917250305	1.63828340665e-05	0.000769993201124	0.000167924049181	8.60098788489e-05	0.00987065752505	0.000696270447825	0.0205194996682	0.000393188017595	1.22871255498e-05	0	3.68613766495e-05	8.19141703323e-05	3.68613766495e-05	0.000425953685728	8.19141703323e-06	2.86699596163e-05	4.09570851662e-06	4.91485021994e-05	0.00702823581451	0.00501314722434	0.00480426608999	8.60098788489e-05	0.00147035935747	8.19141703323e-06	0.00121232972092	5.3244210716e-05	8.19141703323e-06	0.00220758689046	8.19141703323e-06	0.000339943806879	4.09570851662e-06	0	8.19141703323e-06	4.09570851662e-06	2.86699596163e-05	1.63828340665e-05	4.91485021994e-05	6.96270447825e-05	3.27656681329e-05	0.00100344858657	2.86699596163e-05	0.00514420989687	0.000122871255498	0	8.19141703323e-06	8.19141703323e-06	0.000675791905242	0.00053244210716	0	1.22871255498e-05	9.01055873656e-05	4.09570851662e-06	8.60098788489e-05	0.00219529976491	0.00143759368933	0.00391549734189	3.68613766495e-05	7.78184618157e-05	4.09570851662e-06	0.000417762268695	8.19141703323e-06	0	0.000356326640946	0.000491485021994	0.00104440567174	0.000516059273094	0.000221168259897	4.09570851662e-05	0.000110584129949	0.000479197896444	0.00050786785606	0.00235503239705	0.000466910770894	0.000483293604961	0	6.14356277492e-05	1.22871255498e-05
0.00806445006922	0.000204785425831	0.00414485701882	0	0.000192498300281	0.000622547694526	0.00923991841349	0.00582000180211	0.0271504517566	0.00317417410038	0.00364927628831	0.0026622105358	0.00509506139467	0.000393188017595	0.0562545564757	0.00029079530468	0.000704461864858	0.000430049394245	0.000339943806879	0.000102392712915	0.00294071871493	0.00077408890964	0.00078637603519	0.00054472923271	0.00284651741905	2.04785425831e-05	0.00250247790365	0.00345677798802	0.00451347078531	0.0278631050385	0.00937507679453	4.50527936828e-05	0.00337895952621	0.00554149362298	0.0104030996322	0.000442336519795	0.000122871255498	0.000442336519795	0	0.000131062672532	0	0.000229359676931	0.00131881814235	0.00082323741184	0.00558654641666	0.00024164680248	6.14356277492e-05	2.04785425831e-05	3.27656681329e-05	0.00127786105718	0	3.68613766495e-05	5.3244210716e-05	0	2.04785425831e-05	7.37227532991e-05	0.00131062672532	0.00053244210716	0.000188402591764	0.00082323741184	0	0.000126966964015	0.000409570851662	0.00338305523473	0.000831428828873	0.000643026237109	2.45742510997e-05	0	0.00054472923271	0.000159732632148	0.0014539765234	0.000372709475012	0.00229359676931	0.000466910770894	0.000958395792888	0.00030308243023	0	0.000495580730511	8.19141703323e-05	0.000286699596163	6.55313362659e-05	6.14356277492e-05	4.09570851662e-06	0
4.09570851662e-06	8.19141703323e-06	2.86699596163e-05	0	0.000188402591764	0.00132291385087	0.00659409071175	0.000602069151943	0.00219529976491	0.000655313362659	0.000757706075574	1.63828340665e-05	0.00297758009158	1.22871255498e-05	0.00029079530468	0.0139786531672	4.91485021994e-05	1.22871255498e-05	0	4.09570851662e-06	0.00050786785606	9.42012958822e-05	3.27656681329e-05	0.000114679838465	0.00131881814235	0	5.73399192326e-05	6.96270447825e-05	0.0014785507745	0.00174477182808	0.000778184618157	0	0.000114679838465	0.000888768748106	0.00161370915555	0	1.22871255498e-05	8.19141703323e-06	0	0.000331752389846	0	2.86699596163e-05	8.19141703323e-05	1.22871255498e-05	0.000974778626955	0.000421857977211	0	4.09570851662e-05	0	1.22871255498e-05	8.19141703323e-06	2.45742510997e-05	0	0	0	0.000282603887647	1.63828340665e-05	4.91485021994e-05	1.22871255498e-05	0.00107717133987	0	0	1.63828340665e-05	0.000860098788489	0	0	0	0	0	4.09570851662e-06	0.000708557573375	4.09570851662e-06	0.00186764308358	0.000102392712915	0.007024140106	3.27656681329e-05	0	8.19141703323e-06	0	4.09570851662e-06	4.09570851662e-06	0	4.09570851662e-06	0
4.50527936828e-05	0.000139254089565	0.000819141703323	0	0	4.09570851662e-06	4.09570851662e-06	0.000163828340665	2.45742510997e-05	0.000483293604961	1.22871255498e-05	2.04785425831e-05	8.19141703323e-06	0	0.000704461864858	4.91485021994e-05	0.017988351805	0.000184306883248	1.63828340665e-05	7.78184618157e-05	8.19141703323e-06	0.00200689717314	0.00586915030431	0.00323970543664	0.00971911630993	2.04785425831e-05	0.000466910770894	0.00333800244104	0.00358784066056	0.0017242932855	0.00124919109757	0	0	0.00142121085527	0.00264173199322	0.000196594008798	0.000106488421432	8.60098788489e-05	0	4.50527936828e-05	0	5.73399192326e-05	0.000151541215115	8.19141703323e-05	0.00202328000721	3.27656681329e-05	3.68613766495e-05	0	8.19141703323e-06	0.000204785425831	0	0.00131881814235	8.19141703323e-05	0	3.27656681329e-05	0	0.000909247290689	0.00191679158578	0.000155636923631	0.000495580730511	8.19141703323e-06	6.96270447825e-05	0.000270316762097	0.00145807223192	0.000135158381048	0.00029079530468	8.19141703323e-06	0	1.22871255498e-05	7.78184618157e-05	0.00178982462176	0.000204785425831	0.000610260568976	0.000188402591764	0.000384996600562	9.42012958822e-05	0	0.000978874335471	0.000118775546982	0.000131062672532	8.19141703323e-06	0.000196594008798	0	0
0.000384996600562	0.00108945846542	0.00461176778971	0	2.04785425831e-05	0	9.01055873656e-05	0.000516059273094	0.000126966964015	0.000114679838465	1.63828340665e-05	0.00054472923271	0.000135158381048	3.68613766495e-05	0.000430049394245	1.22871255498e-05	0.000184306883248	0.0273060886803	0.00024164680248	0.00408751709958	0.000143349798082	0.00235093668854	0.000237551093964	0.00597973443426	0.000372709475012	4.09570851662e-06	0.00933821541789	0.0079129088541	0.000995257169538	0.000950204375855	0.00559883354221	0	1.22871255498e-05	0.000643026237109	0.00645074091367	1.22871255498e-05	0.00119185117834	0.0013311052679	0	1.63828340665e-05	0	4.09570851662e-06	8.19141703323e-06	8.19141703323e-06	7.78184618157e-05	1.22871255498e-05	1.63828340665e-05	0	0	4.09570851662e-06	0	3.27656681329e-05	0.00145807223192	0	5.3244210716e-05	0	4.09570851662e-05	0.000139254089565	0.000233455385447	2.86699596163e-05	4.09570851662e-06	0.00176115466215	0.00128605247422	7.78184618157e-05	1.63828340665e-05	1.22871255498e-05	0	0	4.09570851662e-06	0.000188402591764	0.00118775546982	0.000221168259897	0.00138434947862	0.000339943806879	7.37227532991e-05	6.55313362659e-05	0	8.19141703323e-05	0.000102392712915	0.000143349798082	1.63828340665e-05	4.09570851662e-06	0	0
9.01055873656e-05	2.86699596163e-05	0.000389092309079	0	1.22871255498e-05	0	0.0017242932855	7.78184618157e-05	0.000233455385447	0.000167924049181	0.000434145102761	0.00536128244825	0.00341172519434	8.19141703323e-05	0.000339943806879	0	1.63828340665e-05	0.00024164680248	0.0128236633655	0.00192498300281	0.00229359676931	0.000102392712915	8.19141703323e-06	4.50527936828e-05	3.27656681329e-05	3.27656681329e-05	0.00516059273094	0.000614356277492	0.000176115466215	0.00307587709598	0.000634834820076	1.63828340665e-05	0	7.37227532991e-05	0.00555787645705	4.09570851662e-06	2.45742510997e-05	8.19141703323e-06	0	4.09570851662e-06	0	1.63828340665e-05	5.3244210716e-05	4.50527936828e-05	0.00027850817913	0.000126966964015	1.63828340665e-05	2.04785425831e-05	5.3244210716e-05	7.37227532991e-05	0	0	0	7.78184618157e-05	0.000159732632148	4.09570851662e-05	1.63828340665e-05	2.45742510997e-05	1.22871255498e-05	0.000184306883248	0.000135158381048	0.000225263968414	0.000167924049181	9.82970043988e-05	3.68613766495e-05	1.22871255498e-05	4.09570851662e-06	0	2.04785425831e-05	1.22871255498e-05	0.00123690397202	0.000880577331073	0.00296938867455	9.42012958822e-05	8.19141703323e-06	1.22871255498e-05	0	5.73399192326e-05	8.19141703323e-06	4.91485021994e-05	2.04785425831e-05	0	0	0
2.45742510997e-05	0.000110584129949	0.000868290205523	0	0	0	3.68613766495e-05	8.60098788489e-05	0.000102392712915	2.45742510997e-05	2.45742510997e-05	0.00361651062017	0.000139254089565	3.68613766495e-05	0.000102392712915	4.09570851662e-06	7.78184618157e-05	0.00408751709958	0.00192498300281	0.0141179072568	9.42012958822e-05	0.000819141703323	2.04785425831e-05	0.000741323241508	0.000155636923631	0	0.00910885574095	0.00244923369294	0.000405475143145	0.000282603887647	0.00267859336987	2.45742510997e-05	8.19141703323e-06	0.000139254089565	0.00569713054661	4.09570851662e-06	0.000323560972813	6.14356277492e-05	0	0	0	4.09570851662e-06	4.09570851662e-06	8.19141703323e-06	4.09570851662e-05	4.09570851662e-06	4.09570851662e-06	0	0	1.22871255498e-05	0	1.22871255498e-05	6.55313362659e-05	1.22871255498e-05	0.000229359676931	0	0	1.63828340665e-05	2.04785425831e-05	0	2.04785425831e-05	0.000778184618157	0.000323560972813	0	4.09570851662e-06	1.63828340665e-05	0	0	0	5.3244210716e-05	0.000978874335471	0.000364518057979	0.00181030316434	0.000126966964015	1.22871255498e-05	0	4.09570851662e-06	4.91485021994e-05	2.45742510997e-05	6.55313362659e-05	1.22871255498e-05	0	0	0
5.73399192326e-05	3.68613766495e-05	8.19141703323e-05	0	0.00723711694886	4.09570851662e-05	0.00777775047305	0.000192498300281	0.00318646122593	0.000671696196725	0.00423086689766	0.00397283726112	0.0174272397382	0.000425953685728	0.00294071871493	0.00050786785606	8.19141703323e-06	0.000143349798082	0.00229359676931	9.42012958822e-05	0.0272077916759	8.19141703323e-06	1.63828340665e-05	3.68613766495e-05	0.00309225993005	4.09570851662e-06	0.00126147822312	0.00052015498161	0.00132291385087	0.00552920649743	6.55313362659e-05	0.000188402591764	0.000380900892045	1.63828340665e-05	0.00704052294006	0	9.01055873656e-05	1.22871255498e-05	0	0.000155636923631	0	1.63828340665e-05	9.42012958822e-05	1.63828340665e-05	0.000442336519795	0.000471006479411	4.09570851662e-06	7.37227532991e-05	0	0	4.09570851662e-06	0	7.78184618157e-05	4.09570851662e-06	4.09570851662e-06	0.000348135223912	0	4.09570851662e-06	4.09570851662e-06	0.000667600488208	0	3.68613766495e-05	0.000106488421432	0.00025393392803	8.19141703323e-06	4.09570851662e-06	0	0	8.19141703323e-06	4.09570851662e-06	0.000188402591764	0.000184306883248	0.00394826301002	0.000294891013196	0.000614356277492	0.000245742510997	3.27656681329e-05	0	0	8.19141703323e-06	0	8.19141703323e-06	0	0
0.000258029636547	2.45742510997e-05	0.00167104907478	0	0	4.09570851662e-06	1.22871255498e-05	0.00109764988245	0.000524250690127	7.78184618157e-05	7.78184618157e-05	0.000139254089565	8.19141703323e-06	8.19141703323e-06	0.00077408890964	9.42012958822e-05	0.00200689717314	0.00235093668854	0.000102392712915	0.000819141703323	8.19141703323e-06	0.0446555099567	0.000716748990408	0.0210109846902	0.000929725833272	0	0.00168743190885	0.00185945166654	0.00534080390567	0.0012328082635	0.0127990891144	0	0	0.00119185117834	0.0115785679765	0.000397283726112	3.27656681329e-05	0.00027850817913	0	4.09570851662e-06	0	1.22871255498e-05	4.91485021994e-05	2.45742510997e-05	0.000643026237109	0	8.19141703323e-06	0	4.09570851662e-06	0.000110584129949	0	0.000974778626955	0.000315369555779	0	0.000110584129949	0	0.00269497620393	0.00452166220234	0.00122052113795	0.000376805183529	4.09570851662e-06	0.000167924049181	0.000376805183529	0.0014539765234	0.000294891013196	0.000946108667338	0	0	1.22871255498e-05	9.01055873656e-05	0.0011836597613	0.000122871255498	0.00825285266098	0.00260077490805	0.00143349798082	0.000851907371456	0	0.00027850817913	0.000106488421432	0.000434145102761	3.68613766495e-05	2.04785425831e-05	0	0
4.09570851662e-06	0.00526298544385	0.00370252049902	0	8.19141703323e-06	0	8.19141703323e-06	0.000204785425831	2.45742510997e-05	0.00448889653421	1.63828340665e-05	8.19141703323e-05	1.22871255498e-05	2.86699596163e-05	0.00078637603519	3.27656681329e-05	0.00586915030431	0.000237551093964	8.19141703323e-06	2.04785425831e-05	1.63828340665e-05	0.000716748990408	0.0282603887647	0.00471416050263	0.00757706075574	0.000724940407441	0.00129424389125	0.00970682918438	0.00202737571573	0.0015522735278	0.000180211174731	8.19141703323e-06	0	0.0014539765234	0.00192498300281	0.000102392712915	0.000827333120356	4.50527936828e-05	0	9.01055873656e-05	0	8.19141703323e-06	2.04785425831e-05	1.63828340665e-05	0.00162190057258	9.01055873656e-05	4.09570851662e-06	0	0	9.01055873656e-05	0	0.00669648342467	4.09570851662e-05	0	8.19141703323e-06	4.91485021994e-05	0.00167104907478	0.0113573997166	0.00141711514675	0.00160551773851	4.09570851662e-06	2.45742510997e-05	0.00167104907478	0.00228950106079	0.000122871255498	0.000204785425831	0	0	2.04785425831e-05	2.04785425831e-05	0.00251886073772	0.000405475143145	0.00105259708877	0.000184306883248	0.000262125345063	8.19141703323e-05	1.22871255498e-05	0.00110174559097	0.000204785425831	3.27656681329e-05	8.19141703323e-06	0	4.09570851662e-06	4.09570851662e-06
0.000163828340665	0.000471006479411	0.0208143906814	0	0	8.19141703323e-06	2.86699596163e-05	0.00106897992284	0.000274412470613	0.000167924049181	0.000184306883248	0.000176115466215	2.86699596163e-05	4.09570851662e-06	0.00054472923271	0.000114679838465	0.00323970543664	0.00597973443426	4.50527936828e-05	0.000741323241508	3.68613766495e-05	0.0210109846902	0.00471416050263	0.0711752226018	0.0012082340124	0	0.00430458965096	0.0145356695255	0.00170791045143	0.000647121945625	0.00465682058339	0	0	0.00024164680248	0.00866242351264	0.000180211174731	0.000233455385447	0.000946108667338	0	2.45742510997e-05	0	8.19141703323e-06	0.000712653281891	0.000397283726112	0.000258029636547	2.45742510997e-05	1.63828340665e-05	0	4.09570851662e-06	0.000393188017595	0	0.00654084650104	0.00052015498161	1.63828340665e-05	0.000167924049181	4.09570851662e-06	0.00230178818634	0.0147281678258	0.0108863932372	0.00139254089565	0	0.000724940407441	0.00149083790005	0.0014294022723	9.42012958822e-05	0.00125328680608	0	0	2.04785425831e-05	0.000172019757698	0.00452166220234	0.000389092309079	0.0109969773671	0.00319465264296	0.0030308243023	0.00244513798442	0	0.000626643403042	0.000348135223912	0.000528346398644	6.14356277492e-05	4.91485021994e-05	0	0
0.000651217654142	0.00294481442345	0.000884673039589	0	0.00391140163337	2.04785425831e-05	0.000511963564577	0.00109764988245	0.00105669279729	0.00818732132472	0.000200689717314	0.000102392712915	0.00166695336626	4.91485021994e-05	0.00284651741905	0.00131881814235	0.00971911630993	0.000372709475012	3.27656681329e-05	0.000155636923631	0.00309225993005	0.000929725833272	0.00757706075574	0.0012082340124	0.0493901490019	0.000360422349462	0.0012819567657	0.00357555353501	0.0159732632148	0.00494352017956	0.00439469523833	1.22871255498e-05	6.96270447825e-05	0.00223216114156	0.00439879094685	0.000565207775293	0.00131062672532	0.000151541215115	0	0.00303492001081	8.19141703323e-06	0.000450527936828	0.00177344178769	0.000384996600562	0.00821189557582	0.000778184618157	6.14356277492e-05	0.000114679838465	0.000188402591764	0.000712653281891	1.22871255498e-05	6.96270447825e-05	6.96270447825e-05	2.04785425831e-05	3.68613766495e-05	0.00104850138025	0.000815045994807	0.00194955725391	0.000122871255498	0.0125861122716	0.000389092309079	0.000245742510997	0.00110584129949	0.00629100828152	0.000802758869257	0.00054472923271	2.45742510997e-05	0	0.000405475143145	0.000245742510997	0.002465616527	0.000139254089565	0.00109355417394	0.000352230932429	0.00283832600202	7.37227532991e-05	0	0.00151950785966	0.000114679838465	0.000368613766495	0.000167924049181	0.000270316762097	0	0
0	0.00255572211437	0	0	0	0	4.09570851662e-06	0	0	0.00169562332588	0	0.00347725653061	4.09570851662e-06	0.00702823581451	2.04785425831e-05	0	2.04785425831e-05	4.09570851662e-06	3.27656681329e-05	0	4.09570851662e-06	0	0.000724940407441	0	0.000360422349462	0.0124140925139	0.00105669279729	0.00289566592125	0	2.86699596163e-05	0	7.78184618157e-05	0	2.86699596163e-05	4.09570851662e-05	4.09570851662e-06	0.000606164860459	1.22871255498e-05	0	0	0	0	4.09570851662e-06	4.09570851662e-06	3.68613766495e-05	2.04785425831e-05	0.00078637603519	2.45742510997e-05	0.00440698236388	0.000106488421432	0	0	8.19141703323e-06	6.14356277492e-05	4.09570851662e-06	0	0	6.14356277492e-05	0	6.14356277492e-05	0.00117956405279	0.000888768748106	0.00267449766135	8.19141703323e-06	6.96270447825e-05	0	0.000262125345063	0	0	0.000274412470613	6.96270447825e-05	0.000196594008798	1.63828340665e-05	0	3.68613766495e-05	4.09570851662e-06	0.000307178138746	5.3244210716e-05	0.00199461004759	0.000106488421432	2.86699596163e-05	4.09570851662e-06	0	2.45742510997e-05
0.000683983322275	0.00529575111198	0.0118980332408	0	9.01055873656e-05	4.09570851662e-06	0.00162190057258	0.00288747450421	0.00334619385808	0.00077408890964	0.000696270447825	0.00760573071536	0.00174477182808	0.00501314722434	0.00250247790365	5.73399192326e-05	0.000466910770894	0.00933821541789	0.00516059273094	0.00910885574095	0.00126147822312	0.00168743190885	0.00129424389125	0.00430458965096	0.0012819567657	0.00105669279729	0.0978300936279	0.0427264312453	0.0026867847869	0.00339534236027	0.00747466804282	0.00242056373332	4.09570851662e-05	0.000454623645344	0.0110215516182	0.000122871255498	0.00757296504722	0.00126966964015	0	6.55313362659e-05	0	4.09570851662e-05	0.000131062672532	0.000180211174731	0.000905151582172	0.000143349798082	0.000364518057979	1.63828340665e-05	0.000679887613758	0.000307178138746	0	0.000233455385447	0.0042882068169	0.00117546834427	0.00642207095405	1.22871255498e-05	0.000200689717314	0.000499676439027	0.000425953685728	0.000331752389846	0.00444384374053	0.0128564290337	0.0105874065155	0.000499676439027	0.000163828340665	0.000131062672532	2.45742510997e-05	0	3.68613766495e-05	0.000782280326674	0.00752791225354	0.00523431548424	0.00580361896805	0.000421857977211	0.000167924049181	6.55313362659e-05	2.86699596163e-05	0.00250247790365	0.00121232972092	0.00196594008798	0.000933821541789	8.19141703323e-06	0	2.86699596163e-05
0.00187173879209	0.011836597613	0.0272733230121	0	6.96270447825e-05	0	0.000356326640946	0.00118775546982	0.00143349798082	0.00146216794043	0.00053244210716	0.00158913490445	0.000536537815677	0.00480426608999	0.00345677798802	6.96270447825e-05	0.00333800244104	0.0079129088541	0.000614356277492	0.00244923369294	0.00052015498161	0.00185945166654	0.00970682918438	0.0145356695255	0.00357555353501	0.00289566592125	0.0427264312453	0.110395727357	0.00255572211437	0.00335848098363	0.00419810122953	0.000176115466215	3.68613766495e-05	0.000454623645344	0.00899827161101	0.000221168259897	0.0141506729249	0.00147445506598	0	0.000131062672532	0	2.86699596163e-05	0.000163828340665	0.000143349798082	0.0011836597613	0.000233455385447	0.000212976842864	8.19141703323e-06	0.00102392712915	0.000294891013196	0	0.00688488601643	0.00206423709237	0.000802758869257	0.00326427968774	8.19141703323e-05	0.000438240811278	0.0126516436078	0.00694632164418	0.000794567452224	0.00477150042186	0.00582000180211	0.0199420047674	0.000933821541789	0.000176115466215	0.000135158381048	1.22871255498e-05	0	2.86699596163e-05	0.000401379434628	0.0115089409317	0.00294481442345	0.0083060968717	0.000876481622556	0.00114679838465	0.000503772147544	1.63828340665e-05	0.00435373815316	0.00175296324511	0.00163828340665	0.000864194497006	3.27656681329e-05	4.09570851662e-06	3.68613766495e-05
0.000843715954423	0.000417762268695	0.00248609506959	0	0.0027605075402	0.000114679838465	0.00297348438306	0.0170176688865	0.00500086009879	0.00655313362659	0.00343629944544	0.000339943806879	0.000458719353861	8.60098788489e-05	0.00451347078531	0.0014785507745	0.00358784066056	0.000995257169538	0.000176115466215	0.000405475143145	0.00132291385087	0.00534080390567	0.00202737571573	0.00170791045143	0.0159732632148	0	0.0026867847869	0.00255572211437	0.0612963736597	0.0101532614127	0.0105833108069	4.09570851662e-06	8.19141703323e-05	0.0051278270628	0.0091211428665	0.000344039515396	0.000135158381048	0.000307178138746	0	0.00344858657099	4.09570851662e-06	0.00104850138025	0.00192907871133	0.000360422349462	0.0112550070037	0.00246971223552	8.19141703323e-06	0.000307178138746	8.19141703323e-06	0.000528346398644	3.68613766495e-05	5.73399192326e-05	4.50527936828e-05	0	2.45742510997e-05	0.00247790365255	0.000200689717314	0.000118775546982	0.000221168259897	0.0095143308841	1.63828340665e-05	9.42012958822e-05	0.000282603887647	0.00603297864498	0.000675791905242	0.000647121945625	4.09570851662e-06	0	0.000438240811278	0.000114679838465	0.00324380114516	0.000442336519795	0.00509915710319	0.00232636243744	0.00336667240066	0.000397283726112	8.19141703323e-06	0.000671696196725	5.3244210716e-05	0.000217072551381	0.000143349798082	0.000151541215115	0	0
0.00557835499963	0.000339943806879	0.00113860696762	0	0.000245742510997	0.000442336519795	0.00887540035551	0.0065080808329	0.00899008019397	0.00350592649022	0.00347316082209	0.00862556213599	0.0080849286118	0.00147035935747	0.0278631050385	0.00174477182808	0.0017242932855	0.000950204375855	0.00307587709598	0.000282603887647	0.00552920649743	0.0012328082635	0.0015522735278	0.000647121945625	0.00494352017956	2.86699596163e-05	0.00339534236027	0.00335848098363	0.0101532614127	0.0669033986189	0.0146994978661	0.000610260568976	0.00297348438306	0.0164770353623	0.0323233316131	0.000675791905242	0.000434145102761	0.000540633524193	0	0.00054472923271	0	0.000204785425831	0.00134339239345	0.000638930528592	0.00846582950385	0.000606164860459	5.3244210716e-05	6.55313362659e-05	8.19141703323e-06	0.0013311052679	4.09570851662e-06	0.000106488421432	0.000167924049181	8.19141703323e-06	4.91485021994e-05	0.000348135223912	0.00182259028989	0.0012082340124	0.000180211174731	0.00226083110117	2.04785425831e-05	0.000282603887647	0.000913342999205	0.00538995240787	0.000815045994807	0.00055701635826	4.09570851662e-06	0	0.000413666560178	0.000159732632148	0.00404656001442	0.000864194497006	0.0123649440117	0.00318236551741	0.00351002219874	0.00079866316074	8.19141703323e-06	0.000700366156341	9.01055873656e-05	0.00026622105358	0.000106488421432	9.01055873656e-05	8.19141703323e-06	0
0.0063852095774	0.000245742510997	0.00803987581812	0	0	6.96270447825e-05	7.37227532991e-05	0.00892864456622	0.0029325272979	0.000921534416239	2.45742510997e-05	0.00052015498161	6.96270447825e-05	8.19141703323e-06	0.00937507679453	0.000778184618157	0.00124919109757	0.00559883354221	0.000634834820076	0.00267859336987	6.55313362659e-05	0.0127990891144	0.000180211174731	0.00465682058339	0.00439469523833	0	0.00747466804282	0.00419810122953	0.0105833108069	0.0146994978661	0.052134273708	0	0	0.00620090269416	0.0165630452412	0.000147445506598	0.000172019757698	6.55313362659e-05	0	0.000131062672532	0	0.000344039515396	0.000753610367057	0.000417762268695	0.0028833787957	0.000126966964015	1.22871255498e-05	1.22871255498e-05	0	0.000503772147544	0	6.55313362659e-05	8.19141703323e-05	0	2.04785425831e-05	4.09570851662e-05	0.00104850138025	0.00120413830389	0.000638930528592	0.00130243530828	8.19141703323e-06	0.000511963564577	0.000225263968414	0.0015522735278	0.000458719353861	0.000499676439027	0	0	0.000335848098363	3.68613766495e-05	0.00107717133987	0.00025393392803	0.00535718673973	0.00237141523112	0.00219120405639	0.000597973443426	0	0.000114679838465	2.86699596163e-05	8.19141703323e-05	5.73399192326e-05	8.19141703323e-06	0	0
4.09570851662e-06	0	0	0	1.22871255498e-05	0	0.000401379434628	4.09570851662e-06	0.000425953685728	0	3.27656681329e-05	0.00161370915555	0.000360422349462	0.00121232972092	4.50527936828e-05	0	0	0	1.63828340665e-05	2.45742510997e-05	0.000188402591764	0	8.19141703323e-06	0	1.22871255498e-05	7.78184618157e-05	0.00242056373332	0.000176115466215	4.09570851662e-06	0.000610260568976	0	0.00265401911877	0	0	0.00083552453739	0	8.19141703323e-06	0	0	0	0	0	0	0	0	0	2.86699596163e-05	0	0.000110584129949	0	0	4.09570851662e-06	0	0.000159732632148	4.09570851662e-05	0	0	4.09570851662e-06	0	0	5.3244210716e-05	0.000184306883248	0.000221168259897	0	0	0	4.09570851662e-06	0	0	4.09570851662e-06	0.000102392712915	0.000176115466215	0.000135158381048	0	4.09570851662e-06	0	0	1.63828340665e-05	5.3244210716e-05	4.09570851662e-06	0	0	0	0
0	1.22871255498e-05	8.19141703323e-06	0	6.14356277492e-05	0.00211338559457	0.00378443466935	6.55313362659e-05	0.00477559613037	4.91485021994e-05	0.00027850817913	0.000364518057979	0.000778184618157	5.3244210716e-05	0.00337895952621	0.000114679838465	0	1.22871255498e-05	0	8.19141703323e-06	0.000380900892045	0	0	0	6.96270447825e-05	0	4.09570851662e-05	3.68613766495e-05	8.19141703323e-05	0.00297348438306	0	0	0.00887949606402	0	0.00208881134347	0	2.04785425831e-05	0	0	8.19141703323e-06	0	0	1.63828340665e-05	0	4.91485021994e-05	3.68613766495e-05	0	0	0	4.09570851662e-06	0	0	0	0	0	1.63828340665e-05	0	0	0	4.91485021994e-05	0	1.63828340665e-05	1.22871255498e-05	2.45742510997e-05	4.09570851662e-06	4.09570851662e-06	0	0	0	0	0.000618451986009	6.14356277492e-05	0.000172019757698	4.50527936828e-05	0.000630739111559	0.000528346398644	4.09570851662e-06	0	0	0	0	0	0	0
