0.0177218403374	0	0.000712779253242	0	0	0	0	0.00488204967974	9.76409935948e-05	0	0.000253866583346	0.000165989689111	0	0	0.00685439775035	0	0	9.76409935948e-06	0.000126933291673	3.90563974379e-05	0	0.00137673800969	0	0.00340767067646	0	0	0.00018551788783	0	0.00436455241369	0.0110724886736	0.0131229495391	0	0	0	0.000761599750039	0	0	0	0	0	0	0	0	0	0	0	0	0	0	0	0	0	0	0	0	0	0	0	0	0	0	0	0	0	0	0	0	0	0	0	0.000156225589752	0	0.00211880956101	0.000429620371817	0	0	0	0	0	0	0	0	0	0
0	0.0351702858928	0.00347601937197	0	0	0	0	0	0	0.0025289017341	0	0	0	3.90563974379e-05	0	0	0.00100570223403	0.00660053116701	0	0.000136697391033	0	0	0.00582916731761	3.90563974379e-05	0.00540931104515	0.00164036869239	0.00897320731136	0.0232873769723	0	0	0	2.92922980784e-05	0	0	0.000136697391033	0	0.0134939853148	0.000175753788471	0	0	0	0	0	0	0	0	0	0	4.88204967974e-05	0	0	0	0.00297805030464	0	0.000175753788471	0	0	0.00289993750976	0.00147437900328	0	0.000263630682706	0.00530190595219	0.0131327136385	9.76409935948e-06	0	0	0	0	0	4.88204967974e-05	0.000507733166693	0	0.000126933291673	0.000146461490392	0	0	0	1.9528198719e-05	0	0.00018551788783	7.81127948758e-05	0	0	0
0.000712779253242	0.00347601937197	0.0590337447274	0	0	0	0	0.00401304483674	0	0	0	0	0	0	0.00105452273082	0	0.000165989689111	0.00499921887205	0	0.000322215278863	0	0.00223597875332	0.00246055303859	0.0236095922512	1.9528198719e-05	0	0.00714732073114	0.0360588189345	0.00310498359631	0	0.00395446024059	0	0	0	0.000458912669895	0	0.00572176222465	0	0	0	0	0	0	0	0	0	0	0	0	0	0	0.00360295266365	0.000263630682706	0	0	0	0	0.0102718325262	0.00544836744259	0	0	0.000205046086549	0.0115314013435	0	0	0	0	0	0	0	0.00482346508358	0	0.00102523043274	0.000800656147477	0	0	0	0	0	0	0	0	0	0
0	0	0	0	0	0	0	0	0	0	0	0	0	0	0	0	0	0	0	0	0	0	0	0	0	0	0	0	0	0	0	0	0	0	0	0	0	0	0	0	0	0	0	0	0	0	0	0	0	0	0	0	0	0	0	0	0	0	0	0	0	0	0	0	0	0	0	0	0	0	0	0	0	0	0	0	0	0	0	0	0	0	0	0
0	0	0	0	0.0173703327605	0.000302687080144	0	0	0	0.0019528198719	0.000576081862209	0.000156225589752	0.00707897203562	0	0	0.000732307451961	0	0	4.88204967974e-05	0	0.0110236681768	0	0	0	0.00657123886893	0	0.000156225589752	0	0.00690321824715	0.000156225589752	0	0	0	0	0.000156225589752	0	0	0	0	0.00220668645524	0	0.000253866583346	0	0	0.000781127948758	0.000790892048117	0.000156225589752	0.00074207155132	1.9528198719e-05	0	0	0	0	0.000165989689111	0	0.00171848148727	0	0	0	0.000537025464771	0	6.83486955163e-05	0	0.00174777378535	0	0	0	0	0	0.000244102483987	0.000673722855804	0	0	0	0.00196258397125	5.85845961569e-05	0	0	0	0.000244102483987	0	0	0	0
0	0	0	0	0.000302687080144	0.00319286049055	0.000507733166693	0	0.000146461490392	0	0	0	6.83486955163e-05	0	9.76409935948e-06	0.000546789564131	0	0	0	0	6.83486955163e-05	0	0	0	0.00075183565068	0	0	0	7.81127948758e-05	4.88204967974e-05	0	0	0.00160131229495	0	1.9528198719e-05	0	0	0	0	0	0	0	0	0	0	0	0	0	0	0	0	0	0	0	0	0	0	0	0	0	0	0	0	0	0	0	0	0	0	0	0.000888533041712	0	9.76409935948e-06	0	0.00124980471801	0.00055655366349	0	0	0	0	0	0	0	0
0	0	0	0	0	0.000507733166693	0.020807295735	0.00502851117013	0.00951023277613	0	0.00871934072801	0.000605374160287	0.00513591626308	0	0.00189423527574	0.00109357912826	0	0	2.92922980784e-05	0	0.000732307451961	1.9528198719e-05	0	0	3.90563974379e-05	0	0.000312451179503	0	0.000400328073738	0.00491134197782	9.76409935948e-06	0	0.00213833775973	0	0.000888533041712	0	0	0	0	0	0	0	0	0	0	0	0	0	0	0	0	0	0	0	0	0	0	0	0	0	0	0	0	0	0	0	0	0	0	0	0	0	1.9528198719e-05	0	0.000458912669895	0	0	0	0	0	0	0	0	0
0.00488204967974	0	0.00401304483674	0	0	0	0.00502851117013	0.0661224808624	0.00631737228558	0.00320262458991	0.0119805499141	0.000107405092954	0	0	0.0101839556319	4.88204967974e-05	0	0	5.85845961569e-05	3.90563974379e-05	0	0.00571199812529	0	0.010076550539	0.000165989689111	0	0.000136697391033	0	0.0302687080144	0.0244883611936	0.026753632245	0	0.000605374160287	0.017194578972	0.00995938134666	0	0	0	0	0.000888533041712	0	0	0	0	0.000839712544915	0.00142555850648	0	0	0	0	0	0	0	0	0	0	0	0	9.76409935948e-06	0.00326120918606	0	0	0.000126933291673	0.00320262458991	0	0	0	0	0	0	0.00220668645524	0.000410092173098	0.00720590532729	0.00313427589439	9.76409935948e-05	4.88204967974e-05	0	9.76409935948e-06	0	3.90563974379e-05	9.76409935948e-06	0	0	0
9.76409935948e-05	0	0	0	0	0.000146461490392	0.00951023277613	0.00631737228558	0.0166868458053	0	0.00827995625683	9.76409935948e-06	6.83486955163e-05	0	0.00450124980472	0.000156225589752	0	0	0	9.76409935948e-06	0	4.88204967974e-05	0	1.9528198719e-05	0	0	9.76409935948e-06	0	0.000634666458366	0.00237267614435	9.76409935948e-06	0	0.000898297141072	0	9.76409935948e-06	0	0	0	0	0	0	0	0	0	0	0	0	0	0	0	0	0	0	0	0	0	0	0	0	0	0	0	0	0	0	0	0	0	0	0	0	0	9.76409935948e-06	0	3.90563974379e-05	0	0	0	0	0	0	0	0	0
0	0.0025289017341	0	0	0.0019528198719	0	0	0.00320262458991	0	0.0401499765662	0.00229456334948	0.00112287142634	0.00174777378535	1.9528198719e-05	0	0.000205046086549	0.00328073738478	0	0	0	0.00183565067958	0.00129862521481	0.0122344164974	0.00314403999375	0.0201726292767	5.85845961569e-05	7.81127948758e-05	0.00136697391033	0.0115997500391	0.00343696297454	9.76409935948e-06	0	0.000458912669895	9.76409935948e-06	0.00381776284955	0	0	0	0	0.00253866583346	0	0.000107405092954	0	0	0.0189423527574	0.00586822371504	0.00093735353851	9.76409935948e-05	0	0	0	0.00212857366037	2.92922980784e-05	0.000585845961569	0.000224574285268	0.00291946570848	0	0.0073718950164	0.000273394782065	0.0266266989533	0	9.76409935948e-06	0	0.0151636463053	0	0	0	0	0	0.000205046086549	0.00304639900016	9.76409935948e-06	0.00191376347446	1.9528198719e-05	0.000693251054523	9.76409935948e-06	0	0.000361271676301	0	0.00093735353851	0	0.000839712544915	0	0
0.000253866583346	0	0	0	0.000576081862209	0	0.00871934072801	0.0119805499141	0.00827995625683	0.00229456334948	0.0403843149508	0.0037591782534	0.00352483986877	1.9528198719e-05	0.00812373066708	0	0	0	0.00114239962506	0.00246055303859	0.00309521949695	1.9528198719e-05	0	0	3.90563974379e-05	0	0.00263630682706	0	0.00241173254179	0.0195867833151	9.76409935948e-06	3.90563974379e-05	0.000576081862209	0.00354436806749	0.0120488986096	0	0	0	0	0.00055655366349	0	0	0	0	0.00201140446805	0.00145485080456	0	0	0	0	0	0	0	0	0	0.000419856272457	0	0	0	0.00224574285268	0	0	0	0.00183565067958	0	0	0	0	0	0	0.00183565067958	4.88204967974e-05	0.00883650992032	0.00105452273082	4.88204967974e-05	4.88204967974e-05	0	2.92922980784e-05	0	0	0	2.92922980784e-05	0	0
0.000165989689111	0	0	0	0.000156225589752	0	0.000605374160287	0.000107405092954	9.76409935948e-06	0.00112287142634	0.0037591782534	0.0293411185752	0.00433526011561	0.00124980471801	0.000917825339791	9.76409935948e-05	0	1.9528198719e-05	0.00496992657397	0.0077819871895	0.00473558818935	2.92922980784e-05	0	0.000205046086549	0.00159154819559	0.000126933291673	0.0139236056866	9.76409935948e-06	0	0.0128690829558	0.000205046086549	0.00232385564756	0.000654194657085	0.000312451179503	0.018063583815	0	9.76409935948e-06	0	0	0	0	0.000117169192314	0	0	3.90563974379e-05	0	0.000761599750039	7.81127948758e-05	0.000156225589752	0	0	9.76409935948e-06	4.88204967974e-05	0.000439384471176	0.000224574285268	0	0	2.92922980784e-05	0	0.00119122012186	1.9528198719e-05	4.88204967974e-05	0	1.9528198719e-05	0	0	0	0	0	0.00019528198719	0.00249960943603	0.0022164505546	0.0089146227152	0.000146461490392	9.76409935948e-06	0	0.000244102483987	0.000146461490392	0.000117169192314	0.000761599750039	0	0.000507733166693	0	0
0	0	0	0	0.00707897203562	6.83486955163e-05	0.00513591626308	0	6.83486955163e-05	0.00174777378535	0.00352483986877	0.00433526011561	0.0247031713795	9.76409935948e-06	0.00132791751289	0.0019528198719	0	0	0.00104475863146	0.00123027651929	0.0135720981097	9.76409935948e-06	0	0	0.00507733166693	0	0.00167942508983	0	0.00547765974067	0.00726448992345	9.76409935948e-06	9.76409935948e-06	1.9528198719e-05	0	0.00491134197782	0	0	0	0	0.000488204967974	0	0	0	0	0.000322215278863	0.000244102483987	0	0.000273394782065	0	0	0	0	0	0	0	0.000859240743634	0	0	0	0.000322215278863	0	0	0	0.000468676769255	0	0	0	0	0	0	0.000537025464771	0	0.00177706608342	0	0.00290970160912	6.83486955163e-05	0	0	0	0	0	0	0	0
0	3.90563974379e-05	0	0	0	0	0	0	0	1.9528198719e-05	1.9528198719e-05	0.00124980471801	9.76409935948e-06	0.00974457116076	0	0	0	0	0	0	0	0	0	0	1.9528198719e-05	0.00452077800344	0.00435478831433	0.00133768161225	0	0.000244102483987	0	0.00390563974379	0.000205046086549	0	0.000312451179503	0	6.83486955163e-05	0	0	0	0	0	0	0	0	0	0.000888533041712	0	0.00199187626933	0	0	0	0	0	9.76409935948e-06	0	0	0	0	9.76409935948e-06	0.000351507576941	0	7.81127948758e-05	0	0	0	0	0	0	0	9.76409935948e-06	0.000829948445555	0.000205046086549	8.78768942353e-05	0	9.76409935948e-05	0.000234338384627	0	0.00165989689111	1.9528198719e-05	0	0	0	0.000605374160287
0.00685439775035	0	0.00105452273082	0	0	9.76409935948e-06	0.00189423527574	0.0101839556319	0.00450124980472	0	0.00812373066708	0.000917825339791	0.00132791751289	0	0.0282182471489	1.9528198719e-05	0	0	0.000146461490392	0.000107405092954	0.00018551788783	0.000781127948758	0	0.00213833775973	0	0	0.000263630682706	0	0.00388611154507	0.015427276988	0.00717661302921	9.76409935948e-06	0.000146461490392	0.00237267614435	0.0010838150289	0	0	0	0	0	0	0	0	0	0	0	0	0	0	0	0	0	0	0	0	0	0	0	0	0	0	0	0	0	0	0	0	0	0	0	0.000107405092954	0	0.00127909701609	0.000400328073738	0	0	0	0	0	0	0	0	0	0
0	0	0	0	0.000732307451961	0.000546789564131	0.00109357912826	4.88204967974e-05	0.000156225589752	0.000205046086549	0	9.76409935948e-05	0.0019528198719	0	1.9528198719e-05	0.00472582408999	0	0	0	0	0.000654194657085	0	0	0	0.000761599750039	0	8.78768942353e-05	0	0.000663958756444	0.000908061240431	5.85845961569e-05	0	0.000390563974379	8.78768942353e-05	0.000205046086549	0	0	0	0	0	0	0	0	0	0	0	0	0	0	0	0	0	0	0	0	0	0	0	0	0	0	0	0	0	0	0	0	0	0	0	0.00116192782378	0	9.76409935948e-05	9.76409935948e-05	0.00273394782065	9.76409935948e-06	0	0	0	0	0	0	0	0
0	0.00100570223403	0.000165989689111	0	0	0	0	0	0	0.00328073738478	0	0	0	0	0	0	0.020153101078	0	0	0	0	0.00278276831745	0.0108674425871	0.00817255116388	0.0037591782534	0	1.9528198719e-05	0.00353460396813	0.00263630682706	0	0	0	0	0	0	0	0	0	0	0	0	0	0	0	0.00074207155132	0	0	0	0	0	0	0.00666887986252	0	0	0	0	0	0.0104768786127	0.00333932198094	0.00331002968286	0	0	0.000117169192314	0.000478440868614	0	0	0	0	0	0	0.000615138259647	0.000478440868614	0	0	0	0	0	0	0	0	0	0	0	0
9.76409935948e-06	0.00660053116701	0.00499921887205	0	0	0	0	0	0	0	0	1.9528198719e-05	0	0	0	0	0	0.0295754569599	0	0.00465747539447	0	2.92922980784e-05	0	0.00585845961569	0	0	0.00413021402906	0.00533119825027	0	0	9.76409935948e-06	9.76409935948e-06	0	0	0.00805538197157	0	0.00196258397125	0.000175753788471	0	0	0	0	0	0	0	0	0	0	0	0	0	3.90563974379e-05	0.00583893141697	0	9.76409935948e-06	0	0	0	0.0019528198719	0	0	0.00538001874707	0.0022652710514	5.85845961569e-05	0	0	0	0	0	7.81127948758e-05	0.0013962662084	0.000400328073738	0.00295852210592	0.00130838931417	0	0	0	3.90563974379e-05	7.81127948758e-05	0.000410092173098	0.000361271676301	0	0	0
0.000126933291673	0	0	0	4.88204967974e-05	0	2.92922980784e-05	5.85845961569e-05	0	0	0.00114239962506	0.00496992657397	0.00104475863146	0	0.000146461490392	0	0	0	0.00665911576316	0.00171848148727	0.00141579440712	9.76409935948e-06	0	6.83486955163e-05	0.000273394782065	0	0.00499921887205	2.92922980784e-05	0	0.00229456334948	0.000107405092954	0	0	0.000234338384627	0.0028901734104	0	0	0	0	0	0	0	0	0	0	0	0	0	0	0	0	0	0	0	0	0	0	0	0	0	0	0	0	0	0	0	0	0	0	0	0.00127909701609	0.000429620371817	0.00310498359631	3.90563974379e-05	0	0	0	0	0	0	0	0	0	0
3.90563974379e-05	0.000136697391033	0.000322215278863	0	0	0	0	3.90563974379e-05	9.76409935948e-06	0	0.00246055303859	0.0077819871895	0.00123027651929	0	0.000107405092954	0	0	0.00465747539447	0.00171848148727	0.0178780659272	0.00165013279175	9.76409935948e-06	0	0.000361271676301	1.9528198719e-05	0	0.010076550539	0.00038079987502	0	0.00315380409311	4.88204967974e-05	0	0	0.000253866583346	0.0131131854398	0	6.83486955163e-05	0	0	0	0	0	0	0	0	0	0	0	0	0	0	1.9528198719e-05	0.00128886111545	0	0	0	0	0	2.92922980784e-05	0	0	0.00129862521481	7.81127948758e-05	0	0	0	0	0	0	0	0.00141579440712	0.00055655366349	0.00780151538822	0.000634666458366	0	0	0	0	0	0	0	0	0	0
0	0	0	0	0.0110236681768	6.83486955163e-05	0.000732307451961	0	0	0.00183565067958	0.00309521949695	0.00473558818935	0.0135720981097	0	0.00018551788783	0.000654194657085	0	0	0.00141579440712	0.00165013279175	0.0217348851742	0	0	0	0.00746953601	0	0.00205046086549	0	0.00769411029527	0.00591704421184	0	0	0	0	0.00559482893298	0	0	0	0	0.00056631776285	0	5.85845961569e-05	0	0	0.00106428683018	0.000595610060928	3.90563974379e-05	0.000175753788471	0	0	0	0	0	4.88204967974e-05	0	0.000800656147477	0	0	0	0.0010349945321	0	1.9528198719e-05	0	0.00102523043274	0	0	0	0	0	5.85845961569e-05	0.000800656147477	0	0.00251913763474	9.76409935948e-06	0.00244102483987	8.78768942353e-05	0	2.92922980784e-05	0	5.85845961569e-05	0	2.92922980784e-05	0	0
0.00137673800969	0	0.00223597875332	0	0	0	1.9528198719e-05	0.00571199812529	4.88204967974e-05	0.00129862521481	1.9528198719e-05	2.92922980784e-05	9.76409935948e-06	0	0.000781127948758	0	0.00278276831745	2.92922980784e-05	9.76409935948e-06	9.76409935948e-06	0	0.0480100765505	0.00136697391033	0.0337154350883	0.00165989689111	0	3.90563974379e-05	6.83486955163e-05	0.0215298390876	0.00266559912514	0.0180245274176	0	0	0.0010349945321	0.00423761912201	0	0	0	0	0	0	0	0	0	3.90563974379e-05	0	0	0	0	0	0	0.00215786595844	0	0	0	0	9.76409935948e-06	0.00367130135916	0.000478440868614	0.00197234807061	0	0	0.000419856272457	0.000214810185908	0	0	0	0	0	0	0.00312451179503	0.00106428683018	0.00563388533042	0.00321238868927	0.000322215278863	0	0	0	0	0.000117169192314	9.76409935948e-06	0	0	0
0	0.00582916731761	0.00246055303859	0	0	0	0	0	0	0.0122344164974	0	0	0	0	0	0	0.0108674425871	0	0	0	0	0.00136697391033	0.0397008279956	0.00647359787533	0.0137185596001	0	0	0.0161791126387	0.00530190595219	0	0	0	0	0	0	0	0.00143532260584	0	0	0	0	0	0	0	0.00584869551633	0	0	0	0	0	0	0.0123125292923	0	0	0	0	0	0.0218813466646	0.00563388533042	0.00764528979847	0	0	0.00373965005468	0.000488204967974	0	0	0	0	0	0	0	0	0	0	0	0	0	0	0	0	0	0	0	0
0.00340767067646	3.90563974379e-05	0.0236095922512	0	0	0	0	0.010076550539	1.9528198719e-05	0.00314403999375	0	0.000205046086549	0	0	0.00213833775973	0	0.00817255116388	0.00585845961569	6.83486955163e-05	0.000361271676301	0	0.0337154350883	0.00647359787533	0.101702858928	0.00150367130136	0	0.00138650210905	0.0138845492892	0.0173898609592	0.00177706608342	0.0156518512732	9.76409935948e-06	0	0.000117169192314	0.0082408998594	0	1.9528198719e-05	0	0	0	0	0	0	0	0	0	0	0	0	0	0	0.0116485705359	0.000156225589752	0	0	0	9.76409935948e-06	0.01844438369	0.0121855960006	0.00299757850336	0	0.000165989689111	0.00107405092954	0.00018551788783	0	0	0	0	0	0	0.0123515856897	0.00142555850648	0.0112091860647	0.00624902359006	0.000253866583346	0	0	0	0	0.00018551788783	0.000165989689111	0	0	0
0	0.00540931104515	1.9528198719e-05	0	0.00657123886893	0.00075183565068	3.90563974379e-05	0.000165989689111	0	0.0201726292767	3.90563974379e-05	0.00159154819559	0.00507733166693	1.9528198719e-05	0	0.000761599750039	0.0037591782534	0	0.000273394782065	1.9528198719e-05	0.00746953601	0.00165989689111	0.0137185596001	0.00150367130136	0.0535267926886	8.78768942353e-05	0.000761599750039	0.00512615216372	0.0176046711451	0.00204069676613	8.78768942353e-05	0	0	9.76409935948e-05	0.00210904546165	0	0.000126933291673	0	0	0.00131815341353	0	0	0	0	0.0212857366037	0.00126933291673	0	0	0	0	0	0.000595610060928	1.9528198719e-05	0	1.9528198719e-05	0.001493907202	0	0.00614161849711	0.000117169192314	0.0223109670364	1.9528198719e-05	1.9528198719e-05	4.88204967974e-05	0.0123418215904	0	0	0	0	0	0	0.00442313700984	0.00140603030776	0.000312451179503	0.000263630682706	0.00331002968286	1.9528198719e-05	0	0.00019528198719	6.83486955163e-05	0	1.9528198719e-05	0	0	0
0	0.00164036869239	0	0	0	0	0	0	0	5.85845961569e-05	0	0.000126933291673	0	0.00452077800344	0	0	0	0	0	0	0	0	0	0	8.78768942353e-05	0.00970551476332	0.00503827526949	0.00384705514763	0	0	0	0.00304639900016	0	0	0	0	0.000302687080144	0	0	0	0	0	0	0	0	0	0.00126933291673	0	0.00342719887518	0	0	0	0	0	0	0	0	0	0	0	0.00184541477894	1.9528198719e-05	0.00100570223403	0	0	0	0	0	0	0	0	1.9528198719e-05	0	0	0	0	2.92922980784e-05	0	0.00160131229495	0	0	0	0	0.000761599750039
0.00018551788783	0.00897320731136	0.00714732073114	0	0.000156225589752	0	0.000312451179503	0.000136697391033	9.76409935948e-06	7.81127948758e-05	0.00263630682706	0.0139236056866	0.00167942508983	0.00435478831433	0.000263630682706	8.78768942353e-05	1.9528198719e-05	0.00413021402906	0.00499921887205	0.010076550539	0.00205046086549	3.90563974379e-05	0	0.00138650210905	0.000761599750039	0.00503827526949	0.0912064521169	0.0313622871426	0.000156225589752	0.00441337291048	0.000214810185908	0.00714732073114	0	0.000322215278863	0.0122539446961	0	0.00573152632401	0	0	0	0	0	0	0	3.90563974379e-05	0	0.000722543352601	0	0.00749882830808	0	0	1.9528198719e-05	0.00369082955788	0.000263630682706	0.00370059365724	0	0	9.76409935948e-06	5.85845961569e-05	4.88204967974e-05	0.00342719887518	0.0150367130136	0.00832877675363	4.88204967974e-05	0	0	0	0	0	0	0.0135232776129	0.0101351351351	0.00864122793314	0.00056631776285	0	0	0	7.81127948758e-05	0.00276324011873	3.90563974379e-05	3.90563974379e-05	0	0	0.000234338384627
0	0.0232873769723	0.0360588189345	0	0	0	0	0	0	0.00136697391033	0	9.76409935948e-06	0	0.00133768161225	0	0	0.00353460396813	0.00533119825027	2.92922980784e-05	0.00038079987502	0	6.83486955163e-05	0.0161791126387	0.0138845492892	0.00512615216372	0.00384705514763	0.0313622871426	0.10426105296	5.85845961569e-05	0	0	0.000449148570536	0	0	0.000546789564131	0	0.0147340259334	0	0	0	0	0	0	0	0	0	4.88204967974e-05	0	0.00178683018278	0	0	0.0132596469302	0.000478440868614	0	0.00280229651617	0	0	0.0235021871583	0.0113068270583	0	0.00296828620528	0.00578034682081	0.0246738790814	0	0	0	0	0	0	0	0.00796750507733	0.000146461490392	0.000859240743634	0.000644430557725	0	0	0	0	9.76409935948e-05	0	0	0	0	0
0.00436455241369	0	0.00310498359631	0	0.00690321824715	7.81127948758e-05	0.000400328073738	0.0302687080144	0.000634666458366	0.0115997500391	0.00241173254179	0	0.00547765974067	0	0.00388611154507	0.000663958756444	0.00263630682706	0	0	0	0.00769411029527	0.0215298390876	0.00530190595219	0.0173898609592	0.0176046711451	0	0.000156225589752	5.85845961569e-05	0.0911381034213	0.0133865802218	0.0277300421809	0	0.000205046086549	0.00654194657085	0.0099984377441	0	0	0	0	0.00376894235276	0	0.000488204967974	0	0	0.0130546008436	0.00360295266365	0.000302687080144	0.00107405092954	5.85845961569e-05	0	0	0.000663958756444	0	0.000136697391033	0	0.00253866583346	0	0.00564364942978	0.000214810185908	0.0161107639431	0	8.78768942353e-05	2.92922980784e-05	0.0119122012186	0	0	0	0	0	0.000429620371817	0.0071082643337	0.00204069676613	0.00851429464146	0.00624902359006	0.00294875800656	7.81127948758e-05	0	8.78768942353e-05	2.92922980784e-05	0.00038079987502	9.76409935948e-06	0	0	0
0.0110724886736	0	0	0	0.000156225589752	4.88204967974e-05	0.00491134197782	0.0244883611936	0.00237267614435	0.00343696297454	0.0195867833151	0.0128690829558	0.00726448992345	0.000244102483987	0.015427276988	0.000908061240431	0	0	0.00229456334948	0.00315380409311	0.00591704421184	0.00266559912514	0	0.00177706608342	0.00204069676613	0	0.00441337291048	0	0.0133865802218	0.0880624121231	0.0299953132323	5.85845961569e-05	0.00422785502265	0.0226917669114	0.0390954538353	0	0	0	0	8.78768942353e-05	0	0.000126933291673	0	0	0.000810420246836	0.000615138259647	0.00093735353851	0.000107405092954	0	0	0	1.9528198719e-05	0.000156225589752	0.000605374160287	0.000244102483987	0	0	5.85845961569e-05	0	0.00406186533354	0	0.000126933291673	0	0.00242149664115	0	0	0	0	0	0.000205046086549	0.00910990470239	0.000888533041712	0.0209635213248	0.00370059365724	0.00112287142634	0.000283158881425	0	0.000771363849399	0.000146461490392	0.00093735353851	9.76409935948e-06	0.00109357912826	0	0
0.0131229495391	0	0.00395446024059	0	0	0	9.76409935948e-06	0.026753632245	9.76409935948e-06	9.76409935948e-06	9.76409935948e-06	0.000205046086549	9.76409935948e-06	0	0.00717661302921	5.85845961569e-05	0	9.76409935948e-06	0.000107405092954	4.88204967974e-05	0	0.0180245274176	0	0.0156518512732	8.78768942353e-05	0	0.000214810185908	0	0.0277300421809	0.0299953132323	0.0688661927824	0	0	0.0159935947508	0.0121953601	0	0	0	0	0	0	0	0	0	0	0	0	0	0	0	0	0	0	0	0	0	0	0	0	0	0	0	0	0	0	0	0	0	0	0	0.000956881737229	1.9528198719e-05	0.00917825339791	0.00203093266677	6.83486955163e-05	9.76409935948e-06	0	0	0	0	0	0	0	0
0	2.92922980784e-05	0	0	0	0	0	0	0	0	3.90563974379e-05	0.00232385564756	9.76409935948e-06	0.00390563974379	9.76409935948e-06	0	0	9.76409935948e-06	0	0	0	0	0	9.76409935948e-06	0	0.00304639900016	0.00714732073114	0.000449148570536	0	5.85845961569e-05	0	0.00792844867989	0	0	8.78768942353e-05	0	0.000136697391033	0	0	0	0	0	0	0	0	0	0.000478440868614	0	0.00259725042962	0	0	0	0	0	0	0	0	0	0	0	0.000634666458366	0.000107405092954	0.000244102483987	0	0	0	0	0	0	0	0.000351507576941	0.00074207155132	6.83486955163e-05	9.76409935948e-06	0	0	0	0	0.00170871738791	0	0	0	0	0.000205046086549
0	0	0	0	0	0.00160131229495	0.00213833775973	0.000605374160287	0.000898297141072	0.000458912669895	0.000576081862209	0.000654194657085	1.9528198719e-05	0.000205046086549	0.000146461490392	0.000390563974379	0	0	0	0	0	0	0	0	0	0	0	0	0.000205046086549	0.00422785502265	0	0	0.0093735353851	0	0.0047941727855	0	0	0	0	0	0	0	0	0	0	0	0	0	0	0	0	0	0	0	0	0	0	0	0	0	0	0	0	0	0	0	0	0	0	0	0.00233361974691	0	0.00233361974691	0.000439384471176	0.000351507576941	0.00119122012186	0	0	0	0	0	0	0	0
0	0	0	0	0	0	0	0.017194578972	0	9.76409935948e-06	0.00354436806749	0.000312451179503	0	0	0.00237267614435	8.78768942353e-05	0	0	0.000234338384627	0.000253866583346	0	0.0010349945321	0	0.000117169192314	9.76409935948e-05	0	0.000322215278863	0	0.00654194657085	0.0226917669114	0.0159935947508	0	0	0.0263923605687	0.0140798312764	0	0	0	0	0	0	0	0	0	5.85845961569e-05	0	0	0	0	0	0	0	0	0	0	0	0	0	0	5.85845961569e-05	0	0	0	5.85845961569e-05	0	0	0	0	0	0	0.00104475863146	7.81127948758e-05	0.00903179190751	0.00287064521169	0.000146461490392	3.90563974379e-05	0	0	0	0	0	0	0	0
0.000761599750039	0.000136697391033	0.000458912669895	0	0.000156225589752	1.9528198719e-05	0.000888533041712	0.00995938134666	9.76409935948e-06	0.00381776284955	0.0120488986096	0.018063583815	0.00491134197782	0.000312451179503	0.0010838150289	0.000205046086549	0	0.00805538197157	0.0028901734104	0.0131131854398	0.00559482893298	0.00423761912201	0	0.0082408998594	0.00210904546165	0	0.0122539446961	0.000546789564131	0.0099984377441	0.0390954538353	0.0121953601	8.78768942353e-05	0.0047941727855	0.0140798312764	0.0763943133885	0	4.88204967974e-05	0	0	8.78768942353e-05	0	0.000126933291673	0	0	0.000703015153882	0.000615138259647	0.00093735353851	0.000107405092954	0	0	0	5.85845961569e-05	0.00162084049367	0.000605374160287	0.000253866583346	0	0	5.85845961569e-05	0.000126933291673	0.00394469614123	0	0.00147437900328	0.000117169192314	0.00230432744884	0	0	0	0	0	0.000205046086549	0.0131424777379	0.0014450867052	0.0365860803	0.00820184346196	0.000497969067333	0.000790892048117	0	0.000761599750039	0.000146461490392	0.000956881737229	3.90563974379e-05	0.00109357912826	0	0
0	0	0	0	0	0	0	0	0	0	0	0	0	0	0	0	0	0	0	0	0	0	0	0	0	0	0	0	0	0	0	0	0	0	0	0.0158178409623	0	0	0	0	0	9.76409935948e-05	0.0130741290423	0.00269489142322	0	0.0022164505546	0	0	0	0.00903179190751	0	0	0	0	0	0	0.00145485080456	0	0.00220668645524	9.76409935948e-06	0	0	0	0.00283158881425	0.0063857209811	0.00553624433682	0	0	0	0	0	0	0	0	0	0	0	0	0	0	0	0	0	0
0	0.0134939853148	0.00572176222465	0	0	0	0	0	0	0	0	9.76409935948e-06	0	6.83486955163e-05	0	0	0	0.00196258397125	0	6.83486955163e-05	0	0	0.00143532260584	1.9528198719e-05	0.000126933291673	0.000302687080144	0.00573152632401	0.0147340259334	0	0	0	0.000136697391033	0	0	4.88204967974e-05	0	0.0274371192001	9.76409935948e-06	0	0	0	0	0	0	0.00336861427902	0	5.85845961569e-05	0	0.000839712544915	0	0	0.000654194657085	0.000302687080144	0	0.000165989689111	0	0	0.0116290423371	3.90563974379e-05	0.00493087017653	0.0026753632245	0.0019528198719	0.021676300578	0.000107405092954	0	0	0	0	0	0	0.000722543352601	0	4.88204967974e-05	0.000117169192314	0	0	0	0	6.83486955163e-05	0	0	0	0	9.76409935948e-06
0	0.000175753788471	0	0	0	0	0	0	0	0	0	0	0	0	0	0	0	0.000175753788471	0	0	0	0	0	0	0	0	0	0	0	0	0	0	0	0	0	0	9.76409935948e-06	0.0205827214498	0	0	0	0	0.000839712544915	0.000214810185908	0	0	0	0	0	0.000615138259647	0	0	0.000703015153882	0	0	0	0.00019528198719	0	0.00833854085299	0	0	0.00301710670208	0.00668840806124	9.76409935948e-05	0	4.88204967974e-05	0	0	0	0	0	0	0	0	0	0	0	0	0	0	0	0	0	0
0	0	0	0	0	0	0	0	0	0	0	0	0	0	0	0	0	0	0	0	0	0	0	0	0	0	0	0	0	0	0	0	0	0	0	0	0	0	0	0	0	0	0	0	0	0	0	0	0	0	0	0	0	0	0	0	0	0	0	0	0	0	0	0	0	0	0	0	0	0	0	0	0	0	0	0	0	0	0	0	0	0	0	0
0	0	0	0	0.00220668645524	0	0	0.000888533041712	0	0.00253866583346	0.00055655366349	0	0.000488204967974	0	0	0	0	0	0	0	0.00056631776285	0	0	0	0.00131815341353	0	0	0	0.00376894235276	8.78768942353e-05	0	0	0	0	8.78768942353e-05	0	0	0	0	0.0207877675363	2.92922980784e-05	0.000947117637869	0	0	0.00394469614123	0.00469653179191	0.000546789564131	0.00583893141697	0.000117169192314	0	0.000468676769255	0	2.92922980784e-05	0.000400328073738	2.92922980784e-05	0.012087955007	0	0	0	0.00831901265427	0	0.000253866583346	0	0.0138064364943	0	0	0	0	0	0.000849476644274	0.000263630682706	0	0	0	1.9528198719e-05	0	0	0.000869004842993	2.92922980784e-05	0.000781127948758	0	0.00056631776285	0	0
0	0	0	0	0	0	0	0	0	0	0	0	0	0	0	0	0	0	0	0	0	0	0	0	0	0	0	0	0	0	0	0	0	0	0	0	0	0	0	2.92922980784e-05	0.00238244024371	0.000527261365412	0	0.000507733166693	7.81127948758e-05	1.9528198719e-05	0	0.000165989689111	0	0	0.00174777378535	0	0	0	0	3.90563974379e-05	0	0	0	7.81127948758e-05	0	0	0	0.000107405092954	0	0	0	1.9528198719e-05	0	9.76409935948e-06	0	0	0	0	0	0	0	0	0	0	0	0	6.83486955163e-05	0
0	0	0	0	0.000253866583346	0	0	0	0	0.000107405092954	0	0.000117169192314	0	0	0	0	0	0	0	0	5.85845961569e-05	0	0	0	0	0	0	0	0.000488204967974	0.000126933291673	0	0	0	0	0.000126933291673	9.76409935948e-05	0	0	0	0.000947117637869	0.000527261365412	0.0450808467427	0.00510662396501	0.0252499609436	0.000449148570536	0.0218227620684	0.00395446024059	0.0177316044368	0.000761599750039	0.00425714732073	0.00352483986877	0	0	0.00152319950008	0.000497969067333	0.00789915638182	0	0	0	0.000136697391033	0	0.000820184346196	0	0.00153296359944	0.00338814247774	0	0	0	0	0.00459889079831	0	0	0.000107405092954	0	0	0	0	0.00196258397125	0	0.00544836744259	0.000117169192314	0.0044329011092	0.00104475863146	0
0	0	0	0	0	0	0	0	0	0	0	0	0	0	0	0	0	0	0	0	0	0	0	0	0	0	0	0	0	0	0	0	0	0	0	0.0130741290423	0	0.000839712544915	0	0	0	0.00510662396501	0.0782494922668	0.017790189033	0	0.0155249179816	0.000107405092954	0	0	0.026509529761	0	0	3.90563974379e-05	0.000117169192314	0.000205046086549	0	0.00533119825027	0	0.00953952507421	0.00352483986877	0	7.81127948758e-05	0.00104475863146	0.0281108420559	0.00867052023121	0.0120684268083	0	0	0.000234338384627	0.000429620371817	0	0	0	0	0	0	0	0.000331979378222	9.76409935948e-06	0.00304639900016	0.000820184346196	9.76409935948e-06	0.000107405092954	0
0	0	0	0	0	0	0	0	0	0	0	0	0	0	0	0	0	0	0	0	0	0	0	0	0	0	0	0	0	0	0	0	0	0	0	0.00269489142322	0	0.000214810185908	0	0	0.000507733166693	0.0252499609436	0.017790189033	0.049679737541	0.000449148570536	0.0193231526324	0.000615138259647	0.00663958756444	0.000244102483987	0.0183369785971	0.00239220434307	0	0	4.88204967974e-05	3.90563974379e-05	0.00309521949695	0.000205046086549	0	0.001493907202	4.88204967974e-05	0	0.000205046086549	0.000234338384627	0.0071570848305	0.00290970160912	0.000732307451961	0	0.0010838150289	0	0.00127909701609	0	0	0	0	0	0	0	0.00223597875332	0	0.00189423527574	0.000517497266052	0.00311474769567	0.00183565067958	0
0	0	0	0	0.000781127948758	0	0	0.000839712544915	0	0.0189423527574	0.00201140446805	3.90563974379e-05	0.000322215278863	0	0	0	0.00074207155132	0	0	0	0.00106428683018	3.90563974379e-05	0.00584869551633	0	0.0212857366037	0	3.90563974379e-05	0	0.0130546008436	0.000810420246836	0	0	0	5.85845961569e-05	0.000703015153882	0	0.00336861427902	0	0	0.00394469614123	7.81127948758e-05	0.000449148570536	0	0.000449148570536	0.0478440868614	0.00466723949383	9.76409935948e-06	0.00259725042962	4.88204967974e-05	0	0.00117169192314	3.90563974379e-05	0	0	0	0.00477464458678	0	0.0125663958756	0	0.0434892985471	0.000683486955163	0	0.00125956881737	0.0216177159819	0	0	0	0	0	0	0.00134744571161	0.000400328073738	0.000351507576941	0.000302687080144	0.000468676769255	0	0	0.000331979378222	2.92922980784e-05	0	1.9528198719e-05	0.000888533041712	0.000126933291673	0
0	0	0	0	0.000790892048117	0	0	0.00142555850648	0	0.00586822371504	0.00145485080456	0	0.000244102483987	0	0	0	0	0	0	0	0.000595610060928	0	0	0	0.00126933291673	0	0	0	0.00360295266365	0.000615138259647	0	0	0	0	0.000615138259647	0.0022164505546	0	0	0	0.00469653179191	1.9528198719e-05	0.0218227620684	0.0155249179816	0.0193231526324	0.00466723949383	0.0658197937822	0.00171848148727	0.0124199343853	0.000322215278863	0.010320653023	0.000761599750039	0	0.000361271676301	0.000351507576941	0.000331979378222	0.0120293704109	1.9528198719e-05	0	0.000429620371817	0.0114142321512	0	0.000781127948758	9.76409935948e-05	0.0164134510233	0.00574129042337	0	0	0	0	0.00177706608342	0.00074207155132	0	0.000214810185908	0	0.000429620371817	0	0	0.00582916731761	0.000322215278863	0.00354436806749	0.000244102483987	0.00208951726293	0.000214810185908	0
0	0	0	0	0.000156225589752	0	0	0	0	0.00093735353851	0	0.000761599750039	0	0.000888533041712	0	0	0	0	0	0	3.90563974379e-05	0	0	0	0	0.00126933291673	0.000722543352601	4.88204967974e-05	0.000302687080144	0.00093735353851	0	0.000478440868614	0	0	0.00093735353851	0	5.85845961569e-05	0	0	0.000546789564131	0	0.00395446024059	0.000107405092954	0.000615138259647	9.76409935948e-06	0.00171848148727	0.0251913763474	0.00281206061553	0.00639548508046	8.78768942353e-05	0	0	0	0.00766481799719	0.0023140915482	0.00172824558663	7.81127948758e-05	9.76409935948e-06	9.76409935948e-06	0.000800656147477	0.000517497266052	0.00229456334948	5.85845961569e-05	0.000693251054523	0.000244102483987	0.000146461490392	0	3.90563974379e-05	0	0.00673722855804	0	9.76409935948e-06	0.000722543352601	0	0	0	0	0.00382752694891	0.00516520856116	0.0130155444462	0.00198211216997	0.000136697391033	0	0.0033002655835
0	0	0	0	0.00074207155132	0	0	0	0	9.76409935948e-05	0	7.81127948758e-05	0.000273394782065	0	0	0	0	0	0	0	0.000175753788471	0	0	0	0	0	0	0	0.00107405092954	0.000107405092954	0	0	0	0	0.000107405092954	0	0	0	0	0.00583893141697	0.000165989689111	0.0177316044368	0	0.00663958756444	0.00259725042962	0.0124199343853	0.00281206061553	0.0298390876426	0.000419856272457	0.00193329167318	0.00450124980472	0	0	0.0011814560225	0.000244102483987	0.0140603030776	0	0	0	0.00201140446805	0	0.000693251054523	0	0.00671770035932	0.00200164036869	0	0	0	0	0.00361271676301	0	0	7.81127948758e-05	0	0	0	0	8.78768942353e-05	0	0.00367130135916	1.9528198719e-05	0.000546789564131	1.9528198719e-05	0
0	4.88204967974e-05	0	0	1.9528198719e-05	0	0	0	0	0	0	0.000156225589752	0	0.00199187626933	0	0	0	0	0	0	0	0	0	0	0	0.00342719887518	0.00749882830808	0.00178683018278	5.85845961569e-05	0	0	0.00259725042962	0	0	0	0	0.000839712544915	0	0	0.000117169192314	0	0.000761599750039	0	0.000244102483987	4.88204967974e-05	0.000322215278863	0.00639548508046	0.000419856272457	0.0178780659272	3.90563974379e-05	0	0	0	7.81127948758e-05	0	0.000156225589752	0	4.88204967974e-05	0	4.88204967974e-05	0.00439384471176	0.002987814404	0.00440360881112	0.000136697391033	0.000126933291673	0	0.000361271676301	0	0	0.00109357912826	0	9.76409935948e-06	0	0	0	0	0	0.000156225589752	0.00581940321825	0.00241173254179	0.000165989689111	0	0	0.00315380409311
0	0	0	0	0	0	0	0	0	0	0	0	0	0	0	0	0	0	0	0	0	0	0	0	0	0	0	0	0	0	0	0	0	0	0	0.00903179190751	0	0.000615138259647	0	0	0	0.00425714732073	0.026509529761	0.0183369785971	0	0.010320653023	8.78768942353e-05	0.00193329167318	3.90563974379e-05	0.0377773004218	0	0	0	9.76409935948e-06	8.78768942353e-05	0.00119122012186	0.00228479925012	0	0.00558506483362	0	0	8.78768942353e-05	0.000468676769255	0.00649312607405	0.00805538197157	0.00322215278863	0	0.00037103577566	0	0.000165989689111	0	0	0	0	0	0	0	9.76409935948e-06	0	0.000712779253242	0.000341743477582	0	0	0
0	0	0	0	0	0	0	0	0	0	0	0	0	0	0	0	0	0	0	0	0	0	0	0	0	0	0	0	0	0	0	0	0	0	0	0	0	0	0	0.000468676769255	0.00174777378535	0.00352483986877	0	0.00239220434307	0.00117169192314	0.000761599750039	0	0.00450124980472	0	0	0.00894391501328	0	0	0	0	0.00107405092954	0	0	0	0.00112287142634	0	0	0	0.00161107639431	0	0	0	0	0	9.76409935948e-06	0	0	0	0	0	0	0	0.000126933291673	0	1.9528198719e-05	0	0.000703015153882	8.78768942353e-05	0
0	0	0.00360295266365	0	0	0	0	0	0	0.00212857366037	0	9.76409935948e-06	0	0	0	0	0.00666887986252	3.90563974379e-05	0	1.9528198719e-05	0	0.00215786595844	0.0123125292923	0.0116485705359	0.000595610060928	0	1.9528198719e-05	0.0132596469302	0.000663958756444	1.9528198719e-05	0	0	0	0	5.85845961569e-05	0	0.000654194657085	0	0	0	0	0	0	0	3.90563974379e-05	0	0	0	0	0	0	0.0385193719731	2.92922980784e-05	0	2.92922980784e-05	0	0.000302687080144	0.0310400718638	0.017301984065	0.00499921887205	0	2.92922980784e-05	0.00613185439775	0.000722543352601	0	0	0	0	0	0	7.81127948758e-05	0.00018551788783	4.88204967974e-05	3.90563974379e-05	0	0	0	0.00276324011873	0.00158178409623	0.000214810185908	7.81127948758e-05	5.85845961569e-05	9.76409935948e-06	0
0	0.00297805030464	0.000263630682706	0	0	0	0	0	0	2.92922980784e-05	0	4.88204967974e-05	0	0	0	0	0	0.00583893141697	0	0.00128886111545	0	0	0	0.000156225589752	1.9528198719e-05	0	0.00369082955788	0.000478440868614	0	0.000156225589752	0	0	0	0	0.00162084049367	0	0.000302687080144	0.000703015153882	0	2.92922980784e-05	0	0	3.90563974379e-05	0	0	0.000361271676301	0	0	0	0	0	2.92922980784e-05	0.0286771598188	0.000107405092954	0.00219692235588	0	0.000126933291673	0	0.00733283861897	0.000898297141072	0	0.00983244805499	0.00268512732386	0.000673722855804	0	0	0	0	0	0.00250937353539	0.00358342446493	0.00120098422122	0.000986174035307	0.000449148570536	0	0	0	0.00524332135604	0.00158178409623	0.0037103577566	0.000234338384627	0.000156225589752	0	0
0	0	0	0	0.000165989689111	0	0	0	0	0.000585845961569	0	0.000439384471176	0	0	0	0	0	0	0	0	4.88204967974e-05	0	0	0	0	0	0.000263630682706	0	0.000136697391033	0.000605374160287	0	0	0	0	0.000605374160287	0	0	0	0	0.000400328073738	0	0.00152319950008	0.000117169192314	4.88204967974e-05	0	0.000351507576941	0.00766481799719	0.0011814560225	7.81127948758e-05	9.76409935948e-06	0	0	0.000107405092954	0.0108869707858	0.00236291204499	0.00109357912826	0.000107405092954	0	1.9528198719e-05	0.000419856272457	0	0.00092758943915	3.90563974379e-05	0.000468676769255	1.9528198719e-05	0.000136697391033	0.000117169192314	0	0	0.00198211216997	0	0	0.000419856272457	0	0	0	0	0.00289993750976	0.00236291204499	0.00554600843618	0.000898297141072	0.000136697391033	0	0
0	0.000175753788471	0	0	0	0	0	0	0	0.000224574285268	0	0.000224574285268	0	9.76409935948e-06	0	0	0	9.76409935948e-06	0	0	0	0	0	0	1.9528198719e-05	0	0.00370059365724	0.00280229651617	0	0.000244102483987	0	0	0	0	0.000253866583346	0	0.000165989689111	0	0	2.92922980784e-05	0	0.000497969067333	0.000205046086549	3.90563974379e-05	0	0.000331979378222	0.0023140915482	0.000244102483987	0	8.78768942353e-05	0	2.92922980784e-05	0.00219692235588	0.00236291204499	0.0202800343696	0.000654194657085	0.000146461490392	0	2.92922980784e-05	0.000537025464771	0	0.00609279800031	0.000429620371817	0.000488204967974	2.92922980784e-05	0.000175753788471	0	0	0	0.0036615372598	4.88204967974e-05	9.76409935948e-06	0.000214810185908	0	0	0	0	0.00565341352914	0.00307569129823	0.00618067489455	0.000292922980784	0.000136697391033	0	0
0	0	0	0	0.00171848148727	0	0	0	0	0.00291946570848	0.000419856272457	0	0.000859240743634	0	0	0	0	0	0	0	0.000800656147477	0	0	0	0.001493907202	0	0	0	0.00253866583346	0	0	0	0	0	0	0	0	0	0	0.012087955007	3.90563974379e-05	0.00789915638182	0	0.00309521949695	0.00477464458678	0.0120293704109	0.00172824558663	0.0140603030776	0.000156225589752	0.00119122012186	0.00107405092954	0	0	0.00109357912826	0.000654194657085	0.0279448523668	0	0	0	0.00531167005155	0	0.000341743477582	0	0.0129081393532	0.00196258397125	0	0	0	0	0.00220668645524	0.000292922980784	0	0	0	0.000361271676301	0	0	0.00019528198719	0	0.00256795813154	0	0.000634666458366	0	0
0	0	0	0	0	0	0	0	0	0	0	0	0	0	0	0	0	0	0	0	0	9.76409935948e-06	0	9.76409935948e-06	0	0	0	0	0	0	0	0	0	0	0	0.00145485080456	0	0.00019528198719	0	0	0	0	0.00533119825027	0.000205046086549	0	1.9528198719e-05	7.81127948758e-05	0	0	0.00228479925012	0	0.000302687080144	0.000126933291673	0.000107405092954	0.000146461490392	0	0.0361271676301	9.76409935948e-06	0.0159057178566	2.92922980784e-05	0	1.9528198719e-05	0.000956881737229	0.00738165911576	0.000439384471176	0.0136404468052	0	0	0.00128886111545	0.00660053116701	0	0	0	0	0	0	0	0.000595610060928	1.9528198719e-05	0.00478440868614	0.000615138259647	0.000136697391033	0	0
0	0.00289993750976	0.0102718325262	0	0	0	0	0	0	0.0073718950164	0	2.92922980784e-05	0	0	0	0	0.0104768786127	0	0	0	0	0.00367130135916	0.0218813466646	0.01844438369	0.00614161849711	0	9.76409935948e-06	0.0235021871583	0.00564364942978	5.85845961569e-05	0	0	0	0	5.85845961569e-05	0	0.0116290423371	0	0	0	0	0	0	0	0.0125663958756	0	9.76409935948e-06	0	4.88204967974e-05	0	0	0.0310400718638	0	0	0	0	9.76409935948e-06	0.0670598344009	0.0199968754882	0.0200359318856	0.000683486955163	0	0.0159154819559	0.00110334322762	0	0	0	0	0	0	0.000126933291673	0.000331979378222	2.92922980784e-05	0	0	0	0	0	9.76409935948e-06	0	0	0	0	0
0	0.00147437900328	0.00544836744259	0	0	0	0	9.76409935948e-06	0	0.000273394782065	0	0	0	0	0	0	0.00333932198094	0.0019528198719	0	2.92922980784e-05	0	0.000478440868614	0.00563388533042	0.0121855960006	0.000117169192314	0	5.85845961569e-05	0.0113068270583	0.000214810185908	0	0	0	0	0	0.000126933291673	0.00220668645524	3.90563974379e-05	0.00833854085299	0	0	0	0	0.00953952507421	0.001493907202	0	0.000429620371817	9.76409935948e-06	0	0	0.00558506483362	0	0.017301984065	0.00733283861897	1.9528198719e-05	2.92922980784e-05	0	0.0159057178566	0.0199968754882	0.0869883611936	1.9528198719e-05	0	0.000829948445555	0.0167844867989	0.00308545539759	0.000439384471176	0.00365177316044	0	0	0	0.00337837837838	0.00162084049367	0.000908061240431	0.000468676769255	0.000429620371817	1.9528198719e-05	0	0	0.00746953601	0.00176730198406	0.00183565067958	0.000263630682706	0.000244102483987	0	0
0	0	0	0	0.000537025464771	0	0	0.00326120918606	0	0.0266266989533	0.00224574285268	0.00119122012186	0.000322215278863	9.76409935948e-06	0	0	0.00331002968286	0	0	0	0.0010349945321	0.00197234807061	0.00764528979847	0.00299757850336	0.0223109670364	0	4.88204967974e-05	0	0.0161107639431	0.00406186533354	0	0	0	5.85845961569e-05	0.00394469614123	9.76409935948e-06	0.00493087017653	0	0	0.00831901265427	7.81127948758e-05	0.000136697391033	0.00352483986877	4.88204967974e-05	0.0434892985471	0.0114142321512	0.000800656147477	0.00201140446805	4.88204967974e-05	0	0.00112287142634	0.00499921887205	0.000898297141072	0.000419856272457	0.000537025464771	0.00531167005155	2.92922980784e-05	0.0200359318856	1.9528198719e-05	0.0837466802062	0.000683486955163	0.00074207155132	0.00206998906421	0.0379530542103	0.000205046086549	0	0	0	9.76409935948e-05	0.000214810185908	0.00323191688799	0.00037103577566	0.00164036869239	0.000331979378222	0.000468676769255	0	0	0.00895367911264	0.00109357912826	0.00126933291673	0.00018551788783	0.00281206061553	0.000234338384627	0
0	0.000263630682706	0	0	0	0	0	0	0	0	0	1.9528198719e-05	0	0.000351507576941	0	0	0	0	0	0	0	0	0	0	1.9528198719e-05	0.00184541477894	0.00342719887518	0.00296828620528	0	0	0	0.000634666458366	0	0	0	0	0.0026753632245	0	0	0	0	0	0	0	0.000683486955163	0	0.000517497266052	0	0.00439384471176	0	0	0	0	0	0	0	0	0.000683486955163	0	0.000683486955163	0.00765505389783	0.000107405092954	0.00452077800344	0	0	0	0	0	0	0	0	0	0	0	0	0	0	0	0.000351507576941	0	0	0	0	0.000146461490392
