0.0322715307815	0	0.000162343309716	0	0	0	1.1595950694e-05	0.0122105360808	0.0115611628419	0	1.1595950694e-05	0.0011711910201	0	3.47878520821e-05	0.0252559806116	0	0.000556605633313	1.1595950694e-05	0.000197131161798	0.00109001936524	0	0.00322367429294	0	0.0114799911871	0.00124076672426	0	0.000255110915268	0.00011595950694	0.00955506337187	0.00724746918376	0.010877001751	0	0	0.000313090668738	0.00141470598467	0	0	0	0	0	0	0	0	0	0	0	0	0	0	0	0	0	0	0	0	0	0	0	2.3191901388e-05	0	0	0	3.47878520821e-05	0	0	0	0	0	0	0	4.63838027761e-05	0	5.79797534701e-05	3.47878520821e-05	0	0	0	0	0	3.47878520821e-05	3.47878520821e-05	0	0	0
0	0.0192724700535	0.00113640316801	0	0	0	0	0	0	0.00243514964574	0	0	0	0	0	0	0.000336282570127	0	0	0	0	0	0.00625021742408	0	0.00121757482287	0.00301494718044	0.000301494718044	0.017962127625	0	0	0	0	0	0	0	0	0.00921878080174	0	0	0	0	0	0	0	4.63838027761e-05	0	0	0	0.000139151408328	0	0	0	0	1.1595950694e-05	0	0	0	0.000881292252745	0	4.63838027761e-05	0.000649373238865	0.000382666372903	0.011294455976	0	0	0	0.000127555457634	0	0	0	0	0	0	0	0	0	0	0	0	0	0	0	0	0
0.000162343309716	0.00113640316801	0.0496538608718	0	0	0	0	2.3191901388e-05	3.47878520821e-05	0	0	2.3191901388e-05	0	0	0.000162343309716	1.1595950694e-05	0.000742140844417	0.00613425791714	4.63838027761e-05	4.63838027761e-05	0	0.0013567262312	0.00170460475202	0.0170112596681	0.000660969189559	0	0.00551967253035	0.0326194093023	2.3191901388e-05	0.00011595950694	0.000104363556246	0	0	3.47878520821e-05	0.00140311003398	0	0.00151906954092	0	0	0	0	0	0	0	5.79797534701e-05	0	0	0	0	0	0	0.00168141285063	0	0	0	0	2.3191901388e-05	0.000150747359022	0.00131034242842	4.63838027761e-05	0	0	0.0125120307988	0	0	0	0	0	0	0	0.0134397068544	0.00346718925751	0.00509062235467	6.95757041641e-05	0	0	0	0.000974059858297	0.000139151408328	0.000614585386783	0.0013567262312	0	0	0
0	0	0	0	0	0	0	0	0	0	0	0	0	0	0	0	0	0	0	0	0	0	0	0	0	0	0	0	0	0	0	0	0	0	0	0	0	0	0	0	0	0	0	0	0	0	0	0	0	0	0	0	0	0	0	0	0	0	0	0	0	0	0	0	0	0	0	0	0	0	0	0	0	0	0	0	0	0	0	0	0	0	0	0
0	0	0	0	0.00975219453367	0	0	4.63838027761e-05	0	0	0.000765332745805	0	0.00121757482287	0	0	0	0	0	0	0	0.00315409858877	0	0	0	0.00381506777833	0	0	0	0.00282941196934	1.1595950694e-05	0	0	0	0	1.1595950694e-05	0	0	0	0	0.00274824031448	1.1595950694e-05	0.000127555457634	0	1.1595950694e-05	0.000487029929149	0.000139151408328	4.63838027761e-05	0.00218003873048	0	0	1.1595950694e-05	0	0	2.3191901388e-05	0	0.00365272446862	0	0	0	0.000649373238865	0	0	0	0.000150747359022	0	0	0	0	0	0.00023191901388	0	0	1.1595950694e-05	0.000150747359022	0	0	0	0.00023191901388	2.3191901388e-05	0.000278302816656	8.11716548581e-05	2.3191901388e-05	0	0
0	0	0	0	0	0.00763013555666	0.00299175527906	0.000266706865962	0.00234238204019	0.00160024119577	0.000220323063186	0	0.000324686619432	0	0	0.00409337059499	0	0	0	0	0	0	0	0	0.00141470598467	0	0	0	0.00169300880133	0	0	0	0.000371070422209	0	0.000313090668738	0	0	0	0	0.000104363556246	0	0	0	0	6.95757041641e-05	0	0	1.1595950694e-05	0	0	0	0	0	0	0	0.000104363556246	0.000521817781231	0	6.95757041641e-05	0.000197131161798	0	0	0	0.000185535211104	0	0	0	0	0	0	3.47878520821e-05	0	1.1595950694e-05	1.1595950694e-05	0.00346718925751	0.000359474471515	0	3.47878520821e-05	0	0	0.000498625879843	0.00028989876735	0	0
1.1595950694e-05	0	0	0	0	0.00299175527906	0.0274939990955	0.00780407481707	0.0139151408328	0.000579797534701	0.0108190219975	0.00245834154713	0.00477753168594	0.000962463907603	0.000974059858297	0.00187854401243	0	0	0.00204088732215	0.00141470598467	0.00017393926041	0	0	0	0.000463838027761	0	0.000776928696499	0	0.00634298502963	0.0017509885548	0	0	0.000904484154133	0	0.00361793661653	0	0	0	0	0.000139151408328	0	0	0	0	0.000139151408328	0	0	0.000127555457634	0	0	0	0	0	0	0	0.00011595950694	0	0	0	0.000139151408328	0	0	0	0	0	0	0	0	0	0	0.000243514964574	0	0.00241195774436	0.00122917077357	0.00345559330682	0.000405858274291	0	0	0	0	0	3.47878520821e-05	0	0
0.0122105360808	0	2.3191901388e-05	0	4.63838027761e-05	0.000266706865962	0.00780407481707	0.0689495228266	0.0165938054431	0	0.0120018089683	0.000811716548581	0.000950867956909	0.000162343309716	0.0132541716433	0.00119438292148	0.000243514964574	0	0.000220323063186	0.000637777288171	3.47878520821e-05	0.00536892517133	0	0.00746779224695	0.0017393926041	0	0.000255110915268	1.1595950694e-05	0.0320048239155	0.00536892517133	0.0169068961119	0	0	0.00498625879843	0.00528775351647	0	0	0	0	0.00237716989227	0	0	0	0	0.00126395862565	0.000417454224985	0	0.000150747359022	0	0	0	0	0	0	0	0.00245834154713	0	0	0	0.00257430105407	0	0	0	0.00186694806174	0	0	0	0	0	0	0.00156545334369	9.27676055521e-05	0.00355995686306	0.00184375616035	0.000197131161798	0	0	4.63838027761e-05	0	0	0	0	0	0
0.0115611628419	0	3.47878520821e-05	0	0	0.00234238204019	0.0139151408328	0.0165938054431	0.0538284031216	0.000927676055521	0.00805918573234	0.00497466284773	0.00176258450549	0.00354836091237	0.0251052332525	0.00194811971659	0.000162343309716	0	0.000602989436089	0.00187854401243	0.000405858274291	0.00206407922354	0	0.0077576910143	0.00102044366107	0	0.000498625879843	0	0.00888249823162	0.0065864999942	0.00267866461032	0	0.00111321126663	0.000324686619432	0.00665607569837	0	0	0	0	0.000127555457634	0	0	0	0	0.000127555457634	0	0	0.00011595950694	0	0	0	0	0	0	0	0.000104363556246	0	0	0	0.000127555457634	0	0	0	0	0	0	0	0	0	0	0.00240036179366	0	0.0017509885548	0.00242355369505	0.00396581513735	0.000417454224985	0	0	0	0	0	3.47878520821e-05	0	0
0	0.00243514964574	0	0	0	0.00160024119577	0.000579797534701	0	0.000927676055521	0.0199566311444	0	9.27676055521e-05	0.000487029929149	0	4.63838027761e-05	0.00308452288461	0.00104363556246	0	0.000150747359022	0.00017393926041	0	0	0.00551967253035	1.1595950694e-05	0.0115379709405	0.000429050175679	0.000162343309716	0.00246993749783	0.00758375175389	0.000463838027761	0	0	0	0.00150747359022	0.00182056425896	0	3.47878520821e-05	0	0	0.00404698679221	0	0	0	3.47878520821e-05	0.00768811531013	0	1.1595950694e-05	0.000336282570127	0	0	0	1.1595950694e-05	0	1.1595950694e-05	2.3191901388e-05	0.00234238204019	0	0.000788524647193	0	0.00598351055811	0	1.1595950694e-05	8.11716548581e-05	0.00162343309716	5.79797534701e-05	0	0	0	0	0.000185535211104	0.000521817781231	0	0.00119438292148	0.000382666372903	0.00323527024363	0	0	0.000742140844417	0	0.000939272006215	0.000313090668738	0.000162343309716	0.000104363556246	0
1.1595950694e-05	0	0	0	0.000765332745805	0.000220323063186	0.0108190219975	0.0120018089683	0.00805918573234	0	0.0337558124703	0.00485870334079	0.00277143221587	0.000637777288171	0.000881292252745	0.000626181337477	0	0	0.00294537147628	0.00419773415123	0.00721268133168	0	0	0	0.000313090668738	0	0.00212205897701	0	0.0077460950636	0.00714310562751	0	0	0	0	0.00847663995733	0	0	0	0	0.00164662499855	0	3.47878520821e-05	0	2.3191901388e-05	0.00120597887218	0.00158864524508	0	0.000718948943029	0	1.1595950694e-05	0	0	0	0	5.79797534701e-05	0.00307292693391	0	0	0	0.00199450351937	0	5.79797534701e-05	0	0.000811716548581	5.79797534701e-05	0	0	0	0	5.79797534701e-05	0.000371070422209	0	0.00654011619143	0.00235397799089	0.000382666372903	0	0	3.47878520821e-05	0	9.27676055521e-05	0	0	0	0
0.0011711910201	0	2.3191901388e-05	0	0	0	0.00245834154713	0.000811716548581	0.00497466284773	9.27676055521e-05	0.00485870334079	0.0362953256723	0.00570520774146	0.00744460034556	0.00598351055811	0	8.11716548581e-05	1.1595950694e-05	0.0142514234029	0.0165938054431	0.00578637939631	6.95757041641e-05	0	3.47878520821e-05	0.00017393926041	0.000545009682619	0.0119554251655	0.000301494718044	0.00133353432981	0.0133121513967	1.1595950694e-05	0.0013567262312	0.000846504400663	0.000197131161798	0.0208611152985	0	0	0	0	0	0	0	0	0	9.27676055521e-05	0	0.000266706865962	0	0.000788524647193	0	0	0	0	0	0	0	0	0	0	4.63838027761e-05	0.000150747359022	0.000382666372903	0	0	0	0	0.000313090668738	0	0	0	0.00236557394158	0.00429050175679	0.0139267367835	0.000371070422209	0.000139151408328	0	8.11716548581e-05	9.27676055521e-05	0.00023191901388	5.79797534701e-05	4.63838027761e-05	0	0	2.3191901388e-05
0	0	0	0	0.00121757482287	0.000324686619432	0.00477753168594	0.000950867956909	0.00176258450549	0.000487029929149	0.00277143221587	0.00570520774146	0.0234702042047	0.000371070422209	0.000417454224985	0.000800120597887	0	0	0.00463838027761	0.00491668309426	0.00869696302051	0	0	0	0.00166981689994	0	0.00404698679221	0	0.00199450351937	0.00563563203729	0	0	0	0	0.00829110474622	0	0	0	0	0.000440646126373	0	0.00448763291858	0	0.00102044366107	0.000510221830537	0.000266706865962	0.00258589700477	0.00605308626228	6.95757041641e-05	0.000649373238865	0	0	0	0.000556605633313	2.3191901388e-05	0.00413975439776	0	0	0	0.000521817781231	0	2.3191901388e-05	0	3.47878520821e-05	0.000394262323597	0	0	0	0	0.00397741108805	0.000208727112492	0	0.00732864083862	0.0017393926041	0.00143789788606	0	0	0.000417454224985	1.1595950694e-05	0.00287579577212	0.000394262323597	0.000139151408328	1.1595950694e-05	0
3.47878520821e-05	0	0	0	0	0	0.000962463907603	0.000162343309716	0.00354836091237	0	0.000637777288171	0.00744460034556	0.000371070422209	0.0162459269223	0.00304973503253	5.79797534701e-05	0	0	0.000405858274291	9.27676055521e-05	0.000266706865962	0	0	0	0	0.00242355369505	0.000869696302051	0.0027134524624	0.00011595950694	0.00322367429294	0	0.00149587763953	0.000904484154133	0	0.00437167341164	0	0	0	0	0	0	0	0	0	0	0	0.000788524647193	0	0.00242355369505	0	0	0	0	0	0	0	0	0	0	0	0.00102044366107	0.000858100351357	4.63838027761e-05	0	0	0	0.000730544893723	0	0	0	0	0.00260908890615	0.00168141285063	0.000347878520821	0.000556605633313	1.1595950694e-05	3.47878520821e-05	0	0.000962463907603	0	0	0	0	2.3191901388e-05
0.0252559806116	0	0.000162343309716	0	0	0	0.000974059858297	0.0132541716433	0.0251052332525	4.63838027761e-05	0.000881292252745	0.00598351055811	0.000417454224985	0.00304973503253	0.0464765703816	0.000104363556246	0.000568201584007	1.1595950694e-05	0.000510221830537	0.00158864524508	0.000278302816656	0.00335122975057	0	0.012314899637	0.00125236267495	0	0.000521817781231	0.00011595950694	0.00848823590802	0.0122337279822	0.00812876143651	0	0.0013567262312	0.000834908449969	0.00707352992335	0	0	0	0	4.63838027761e-05	0	0	0	0	4.63838027761e-05	0	0	3.47878520821e-05	0	0	0	0	0	0	0	3.47878520821e-05	0	0	2.3191901388e-05	4.63838027761e-05	0	0	3.47878520821e-05	0	0	0	0	0	0	0	0.000417454224985	0	0.000602989436089	0.000382666372903	0.000730544893723	0	0	0	0	3.47878520821e-05	3.47878520821e-05	0	0	0
0	0	1.1595950694e-05	0	0	0.00409337059499	0.00187854401243	0.00119438292148	0.00194811971659	0.00308452288461	0.000626181337477	0	0.000800120597887	5.79797534701e-05	0.000104363556246	0.0147268573814	9.27676055521e-05	0	0	0	0.000220323063186	4.63838027761e-05	0	1.1595950694e-05	0.00272504841309	0	0	1.1595950694e-05	0.00384985563041	0.000672565140253	0	0	0	0.00162343309716	0.00223801848395	0	0	0	0	0.000278302816656	0	0	0	0	0.000834908449969	0	0	0.000127555457634	0	0	0	0	0	0	1.1595950694e-05	0.00028989876735	0.00120597887218	0	0.00114799911871	0.000417454224985	0	1.1595950694e-05	8.11716548581e-05	0.000185535211104	0	0	0	0	0	0	0.000185535211104	0	0.00166981689994	0.00125236267495	0.0044528450665	0	0	0.000405858274291	0	0.000475433978455	0.00227280633603	0.00103203961177	6.95757041641e-05	0
0.000556605633313	0.000336282570127	0.000742140844417	0	0	0	0	0.000243514964574	0.000162343309716	0.00104363556246	0	8.11716548581e-05	0	0	0.000568201584007	9.27676055521e-05	0.0267866461032	0.000324686619432	0.000104363556246	0.000104363556246	0	0.00491668309426	0.0165590175911	0.00449922886928	0.0157588969932	0	0.000104363556246	0.00390783538388	0.00390783538388	0.000139151408328	0.000266706865962	0	0	0	0.000846504400663	0	0	0	0	0	0	0	0	0	0.00199450351937	0	0	0	0	0	0	0.00240036179366	0	0	0	0	0.00017393926041	0.00487029929149	2.3191901388e-05	0.00401219894013	0	0	0.000243514964574	0.00437167341164	0	0	0	0	0	0	0.00591393485395	0.00122917077357	0.000846504400663	9.27676055521e-05	1.1595950694e-05	0	0	0.000765332745805	0.000382666372903	1.1595950694e-05	2.3191901388e-05	0	0	0
1.1595950694e-05	0	0.00613425791714	0	0	0	0	0	0	0	0	1.1595950694e-05	0	0	1.1595950694e-05	0	0.000324686619432	0.0243167086054	0	0.0023307860895	0	0.000811716548581	0	0.0098797499913	0.000382666372903	0	0.00648213643796	0.00107842341454	0.000985655808992	0.00128715052704	0.00195971566729	0	0	1.1595950694e-05	0.00664447974767	0	0	0	0	0	0	0	0	0	0	0	0	0	0	0	0	0	0	0	4.63838027761e-05	0	0	0	0	0	0	4.63838027761e-05	0	0	0	0	0	0	0	0	0.00171620070271	0.000463838027761	0.00509062235467	0.000185535211104	0	0	0	0	0	0	0	0	0	0
0.000197131161798	0	4.63838027761e-05	0	0	0	0.00204088732215	0.000220323063186	0.000602989436089	0.000150747359022	0.00294537147628	0.0142514234029	0.00463838027761	0.000405858274291	0.000510221830537	0	0.000104363556246	0	0.0207103679395	0.0119670211162	0.00453401672136	6.95757041641e-05	0	3.47878520821e-05	0.000220323063186	0	0.016257522873	0.00182056425896	0.000475433978455	0.00599510650881	0	0	0	0.000208727112492	0.0085230237601	0	0	0	0	0	0	0	0	0	0.000150747359022	0	0	0	0	0	0	0	0	0.000104363556246	0	0	0	0	0	4.63838027761e-05	0	8.11716548581e-05	0	0	0	0	0	0	0	0	0.00360634066584	0.0025163213006	0.00935793221007	0.000429050175679	9.27676055521e-05	0	0	0.000139151408328	0	5.79797534701e-05	4.63838027761e-05	0	0	0
0.00109001936524	0	4.63838027761e-05	0	0	0	0.00141470598467	0.000637777288171	0.00187854401243	0.00017393926041	0.00419773415123	0.0165938054431	0.00491668309426	9.27676055521e-05	0.00158864524508	0	0.000104363556246	0.0023307860895	0.0119670211162	0.0246413952248	0.00543850087549	0.000127555457634	0	9.27676055521e-05	0.000266706865962	0	0.0114799911871	0.000104363556246	0.00119438292148	0.00843025615455	1.1595950694e-05	0	0	0.000243514964574	0.0167793406542	0	0	0	0	0	0	0	0	0	0.00017393926041	0	0	0	0	0	0	0	0	5.79797534701e-05	0	0	0	0	0	4.63838027761e-05	0	4.63838027761e-05	0	0	0	0	0	0	0	0	0.00403539084152	0.00170460475202	0.012314899637	0.000753736795111	0	0	0	8.11716548581e-05	0	5.79797534701e-05	4.63838027761e-05	0	0	0
0	0	0	0	0.00315409858877	0	0.00017393926041	3.47878520821e-05	0.000405858274291	0	0.00721268133168	0.00578637939631	0.00869696302051	0.000266706865962	0.000278302816656	0.000220323063186	0	0	0.00453401672136	0.00543850087549	0.0174171179424	0	0	0	0.00237716989227	0	0.00420933010193	0	0.00277143221587	0.00754896390181	0	0	0	0	0.00932314435799	0	0	0	0	0.00110161531593	0	0.000452242077067	0	0	0.000429050175679	0.000382666372903	0.000266706865962	0.000718948943029	0	0	0	0	0	0.000197131161798	0.000139151408328	0.00229599823742	0	0	0	0.000568201584007	0	8.11716548581e-05	0	2.3191901388e-05	5.79797534701e-05	0	0	0	0	0.000429050175679	0.000185535211104	0	0.00783886266916	0.0017393926041	0	0	0	0	0	0.000417454224985	0	0	0	0
0.00322367429294	0	0.0013567262312	0	0	0	0	0.00536892517133	0.00206407922354	0	0	6.95757041641e-05	0	0	0.00335122975057	4.63838027761e-05	0.00491668309426	0.000811716548581	6.95757041641e-05	0.000127555457634	0	0.0471607314726	0.00313090668738	0.028421675151	0.00287579577212	0	9.27676055521e-05	0.00142630193536	0.0122105360808	0.000371070422209	0.0186115008639	0	0	0.000255110915268	0.00461518837622	0	0	0	0	0	0	0	0	0	0	0	0	0	0	0	0	0.000510221830537	0	0	0	0	0.00028989876735	0.000892888203439	5.79797534701e-05	0.000139151408328	0	0	3.47878520821e-05	0.00260908890615	0	0	0	0	0	0	0.00765332745805	0.00190173591382	0.0042673098554	0.000255110915268	0	0	0	0.000127555457634	0.000127555457634	1.1595950694e-05	5.79797534701e-05	0	0	0
0	0.00625021742408	0.00170460475202	0	0	0	0	0	0	0.00551967253035	0	0	0	0	0	0	0.0165590175911	0	0	0	0	0.00313090668738	0.0485174577038	0.0121873441794	0.0115843547433	0.00180896830827	1.1595950694e-05	0.0235281839582	0.000974059858297	0	0	0	0	0	2.3191901388e-05	0	0.000347878520821	0	0	0	0	0	0	0	0.0032932499971	0	0	0	0	0	0	0.0139963124877	0	0	0	0	0.000765332745805	0.0160603917112	9.27676055521e-05	0.00599510650881	0	0	0.00592553080464	0.00648213643796	0	0	0	0	0	0	1.1595950694e-05	0	0	0	0	0	0	0.000162343309716	4.63838027761e-05	0	0	0	0	0
0.0114799911871	0	0.0170112596681	0	0	0	0	0.00746779224695	0.0077576910143	1.1595950694e-05	0	3.47878520821e-05	0	0	0.012314899637	1.1595950694e-05	0.00449922886928	0.0098797499913	3.47878520821e-05	9.27676055521e-05	0	0.028421675151	0.0121873441794	0.107390099377	0.000405858274291	0	0.0032932499971	0.0209074991013	0.00335122975057	0.000730544893723	0.0151906954092	0	0	2.3191901388e-05	0.00578637939631	0	0	0	0	0	0	0	0	0	1.1595950694e-05	0	0	0	0	0	0	0.0209654788548	0	0	0	0	0.00190173591382	0.00688799471225	0.00676043925461	0.000684161090947	0	0	0.00212205897701	0.00418613820054	0	0	0	0	0	0	0.0183911778007	0.00195971566729	0.00875494277398	0.0011595950694	0	0	0	6.95757041641e-05	0.000150747359022	0.0015422614423	0.00184375616035	0	0	0
0.00124076672426	0.00121757482287	0.000660969189559	0	0.00381506777833	0.00141470598467	0.000463838027761	0.0017393926041	0.00102044366107	0.0115379709405	0.000313090668738	0.00017393926041	0.00166981689994	0	0.00125236267495	0.00272504841309	0.0157588969932	0.000382666372903	0.000220323063186	0.000266706865962	0.00237716989227	0.00287579577212	0.0115843547433	0.000405858274291	0.0573883599847	0.00011595950694	0.000278302816656	0.00206407922354	0.030961188353	0.00111321126663	0.00102044366107	0	0	0.00120597887218	0.00627340932546	0	0	0	0	0.00976379048436	1.1595950694e-05	1.1595950694e-05	0	0	0.0129294850238	0.000162343309716	3.47878520821e-05	0.00111321126663	0	0	2.3191901388e-05	0	0	3.47878520821e-05	3.47878520821e-05	0.00681841900808	1.1595950694e-05	0.00176258450549	2.3191901388e-05	0.0159212403029	0	2.3191901388e-05	0.000197131161798	0.008337488549	4.63838027761e-05	0	0	0	2.3191901388e-05	3.47878520821e-05	0.00974059858297	0.000939272006215	0.00380347182764	0.000916080104827	0.00228440228672	0	0	0.00147268573814	0.000417454224985	0.000127555457634	4.63838027761e-05	2.3191901388e-05	0	0
0	0.00301494718044	0	0	0	0	0	0	0	0.000429050175679	0	0.000545009682619	0	0.00242355369505	0	0	0	0	0	0	0	0	0.00180896830827	0	0.00011595950694	0.00759534770458	0.00011595950694	0.00495147094635	0	0	0	1.1595950694e-05	0	0	0	0	0.000371070422209	0	0	0	0	0	0	0	0	0	0.000255110915268	0	0.00125236267495	0	0	0	0	0	0	0	0	0	0	0	0.000904484154133	0.00023191901388	9.27676055521e-05	0	0	0	0.000266706865962	0	0	0	0	0.00028989876735	0	0	0	0	0	0	0.000208727112492	0	0	0	0	4.63838027761e-05
0.000255110915268	0.000301494718044	0.00551967253035	0	0	0	0.000776928696499	0.000255110915268	0.000498625879843	0.000162343309716	0.00212205897701	0.0119554251655	0.00404698679221	0.000869696302051	0.000521817781231	0	0.000104363556246	0.00648213643796	0.016257522873	0.0114799911871	0.00420933010193	9.27676055521e-05	1.1595950694e-05	0.0032932499971	0.000278302816656	0.00011595950694	0.0610294885026	0.0195043890673	0.000591393485395	0.00517179400953	0	0.000533413731925	0	0.000220323063186	0.00758375175389	0	0.00389623943319	0	0	0	0	0	0	0	0.000197131161798	0	0	0	0.000510221830537	0	0	0	0	0.00131034242842	0.000162343309716	0	0	3.47878520821e-05	0	9.27676055521e-05	0.00273664436379	0.00429050175679	0.00681841900808	0	0	0	0.00228440228672	0	0	0	0.00751417604972	0.00845344805594	0.00926516460452	0.000672565140253	0	0	0	0.000150747359022	0.000255110915268	5.79797534701e-05	4.63838027761e-05	0	0	0
0.00011595950694	0.017962127625	0.0326194093023	0	0	0	0	1.1595950694e-05	0	0.00246993749783	0	0.000301494718044	0	0.0027134524624	0.00011595950694	1.1595950694e-05	0.00390783538388	0.00107842341454	0.00182056425896	0.000104363556246	0	0.00142630193536	0.0235281839582	0.0209074991013	0.00206407922354	0.00495147094635	0.0195043890673	0.122058977005	5.79797534701e-05	0.00011595950694	0.000104363556246	1.1595950694e-05	0	4.63838027761e-05	0.000498625879843	0	0.0181012790334	0	0	0	0	0	0	0	0.000185535211104	0	0.000429050175679	0	0.00298015932836	0	0	0.0198522675882	0	0.00120597887218	0.00023191901388	0	3.47878520821e-05	0.00903324559064	0.0040701786936	0.000197131161798	0.00611106601575	0.00321207834224	0.0463722068254	1.1595950694e-05	0	0	0.00221482658256	0	0	0	0.0146572816772	0.00487029929149	0.00391943133458	0.000104363556246	0	0	0	0.00153066549161	0.00111321126663	0.000579797534701	0.00124076672426	0	0	0
0.00955506337187	0	2.3191901388e-05	0	0.00282941196934	0.00169300880133	0.00634298502963	0.0320048239155	0.00888249823162	0.00758375175389	0.0077460950636	0.00133353432981	0.00199450351937	0.00011595950694	0.00848823590802	0.00384985563041	0.00390783538388	0.000985655808992	0.000475433978455	0.00119438292148	0.00277143221587	0.0122105360808	0.000974059858297	0.00335122975057	0.030961188353	0	0.000591393485395	5.79797534701e-05	0.0939735844243	0.0117003142503	0.0179041478716	0	0	0.00793163027471	0.0164546540348	0	0	0	0	0.0134049190023	0	0.000475433978455	0	0	0.0139383327342	0.000301494718044	0.000243514964574	0.00200609947007	0	1.1595950694e-05	0	0	0	0.000243514964574	0.000278302816656	0.00972900263228	0	0.000104363556246	3.47878520821e-05	0.0164314621334	0	0.000185535211104	0	0.00752577200042	0.000127555457634	0	0	0	0	0.000498625879843	0.0073634286907	0.000104363556246	0.00810556953512	0.00257430105407	0.0028989876735	0	0	0.00240036179366	2.3191901388e-05	0.000707352992335	0.000139151408328	0	0	0
0.00724746918376	0	0.00011595950694	0	1.1595950694e-05	0	0.0017509885548	0.00536892517133	0.0065864999942	0.000463838027761	0.00714310562751	0.0133121513967	0.00563563203729	0.00322367429294	0.0122337279822	0.000672565140253	0.000139151408328	0.00128715052704	0.00599510650881	0.00843025615455	0.00754896390181	0.000371070422209	0	0.000730544893723	0.00111321126663	0	0.00517179400953	0.00011595950694	0.0117003142503	0.0450734603476	0.0110509410114	0	0.000765332745805	0.00801280192957	0.0249196980414	0	0	0	0	0	0	0	0	0	0.000440646126373	0	0	0	0	0	0	0	0	0	0	0	0	0	2.3191901388e-05	0.000278302816656	0	0	3.47878520821e-05	0	3.47878520821e-05	0	0	0	0	9.27676055521e-05	0.000660969189559	6.95757041641e-05	0.0120481927711	0.0025163213006	0.000359474471515	0	0	5.79797534701e-05	0	0.000255110915268	9.27676055521e-05	0	3.47878520821e-05	0
0.010877001751	0	0.000104363556246	0	0	0	0	0.0169068961119	0.00267866461032	0	0	1.1595950694e-05	0	0	0.00812876143651	0	0.000266706865962	0.00195971566729	0	1.1595950694e-05	0	0.0186115008639	0	0.0151906954092	0.00102044366107	0	0	0.000104363556246	0.0179041478716	0.0110509410114	0.0511845263634	0	0	0.00259749295546	0.00412815844707	0	0	0	0	0	0	0	0	0	2.3191901388e-05	0	0	0	0	0	0	0	0	0	0	0	0	0	2.3191901388e-05	2.3191901388e-05	0	0	3.47878520821e-05	0	0	0	0	0	0	0	5.79797534701e-05	0	0.000313090668738	6.95757041641e-05	0	0	0	1.1595950694e-05	0	4.63838027761e-05	4.63838027761e-05	0	0	0
0	0	0	0	0	0	0	0	0	0	0	0.0013567262312	0	0.00149587763953	0	0	0	0	0	0	0	0	0	0	0	1.1595950694e-05	0.000533413731925	1.1595950694e-05	0	0	0	0.00186694806174	0	0	0	0	0	0	0	0	0	0	0	0	0	0	6.95757041641e-05	0	0.000463838027761	0	0	0	0	0	0	0	0	0	0	0	0	0.000440646126373	0	0	0	0	0.000429050175679	0	0	0	0	0.000718948943029	9.27676055521e-05	0	0	0	0	0	6.95757041641e-05	0	0	0	0	0
0	0	0	0	0	0.000371070422209	0.000904484154133	0	0.00111321126663	0	0	0.000846504400663	0	0.000904484154133	0.0013567262312	0	0	0	0	0	0	0	0	0	0	0	0	0	0	0.000765332745805	0	0	0.00293377552559	0	0.00230759418811	0	0	0	0	0	0	0	0	0	0	0	0	0	0	0	0	0	0	0	0	0	0	0	0	0	0	0	0	0	0	0	0	0	0	0	0	0	0	1.1595950694e-05	0	0.000278302816656	0	0	0	0	0	0	0	0
0.000313090668738	0	3.47878520821e-05	0	0	0	0	0.00498625879843	0.000324686619432	0.00150747359022	0	0.000197131161798	0	0	0.000834908449969	0.00162343309716	0	1.1595950694e-05	0.000208727112492	0.000243514964574	0	0.000255110915268	0	2.3191901388e-05	0.00120597887218	0	0.000220323063186	4.63838027761e-05	0.00793163027471	0.00801280192957	0.00259749295546	0	0	0.0141470598467	0.00956665932256	0	0	0	0	0	0	0	0	0	0.00172779665341	0	0	0	0	0	0	0	0	0	0	0	0	0	0	0.000579797534701	0	0	0.000127555457634	0	3.47878520821e-05	0	0	0	0	0.00011595950694	0.00124076672426	0	0.00453401672136	0.00205248327284	1.1595950694e-05	0	0	0.000487029929149	0	0.000753736795111	0.000347878520821	2.3191901388e-05	0.000150747359022	0
0.00141470598467	0	0.00140311003398	0	1.1595950694e-05	0.000313090668738	0.00361793661653	0.00528775351647	0.00665607569837	0.00182056425896	0.00847663995733	0.0208611152985	0.00829110474622	0.00437167341164	0.00707352992335	0.00223801848395	0.000846504400663	0.00664447974767	0.0085230237601	0.0167793406542	0.00932314435799	0.00461518837622	2.3191901388e-05	0.00578637939631	0.00627340932546	0	0.00758375175389	0.000498625879843	0.0164546540348	0.0249196980414	0.00412815844707	0	0.00230759418811	0.00956665932256	0.0653199902594	0	0	0	0	3.47878520821e-05	0	0	0	0	0.00202929137145	0	0	0	0	0	0	0	0	0	1.1595950694e-05	4.63838027761e-05	0	0	0	0.000649373238865	0	1.1595950694e-05	4.63838027761e-05	4.63838027761e-05	3.47878520821e-05	0	0	0	0	0.00011595950694	0.00306133098322	0.00011595950694	0.0333731460974	0.00492827904496	0.000220323063186	0.00028989876735	0	0.00103203961177	2.3191901388e-05	0.000695757041641	0.000278302816656	1.1595950694e-05	9.27676055521e-05	0
0	0	0	0	0	0	0	0	0	0	0	0	0	0	0	0	0	0	0	0	0	0	0	0	0	0	0	0	0	0	0	0	0	0	0	0.0234238204019	0	0	0	0	0	0	0.0120250008697	0.00215684682909	0	1.1595950694e-05	0	0	0	0.0145065343182	0	0	2.3191901388e-05	0	0	0	0.00143789788606	0	0.0054269049248	0.00129874647773	0	0	0	0.000811716548581	0.00413975439776	0.00438326936234	0	0	0	0.000208727112492	0	0	0	0	0	0	0	0	0	2.3191901388e-05	0	0	0	0
0	0.00921878080174	0.00151906954092	0	0	0	0	0	0	3.47878520821e-05	0	0	0	0	0	0	0	0	0	0	0	0	0.000347878520821	0	0	0.000371070422209	0.00389623943319	0.0181012790334	0	0	0	0	0	0	0	0	0.0270185651171	0	0	0	0	0	0	0	0.0038730475318	0	6.95757041641e-05	0	0.0019365237659	0	0	0	0	0.000927676055521	0	0	0	0.00557765228382	0	0.00405858274291	0.00665607569837	0.00263228080754	0.0216264480443	0	0	0	0.00119438292148	0	0	0	0	0	0	0	0	0	0	0	0	0	0	0	0	2.3191901388e-05
0	0	0	0	0	0	0	0	0	0	0	0	0	0	0	0	0	0	0	0	0	0	0	0	0	0	0	0	0	0	0	0	0	0	0	0	0	0.0216728318471	0	0	0	0	6.95757041641e-05	0	0	0	0	0	0	0	0	0	0.00431369365817	0	0.00308452288461	0	9.27676055521e-05	0	0.0138919489314	0	0	0.00393102728527	0.00829110474622	2.3191901388e-05	0	5.79797534701e-05	0	0	0	0	0	0	0	0	0	0	0	0	0	0	0	0	0	0
0	0	0	0	0	0	0	0	0	0	0	0	0	0	0	0	0	0	0	0	0	0	0	0	0	0	0	0	0	0	0	0	0	0	0	0	0	0	0	0	0	0	0	0	0	0	0	0	0	0	0	0	0	0	0	0	0	0	0	0	0	0	0	0	0	0	0	0	0	0	0	0	0	0	0	0	0	0	0	0	0	0	0	0
0	0	0	0	0.00274824031448	0.000104363556246	0.000139151408328	0.00237716989227	0.000127555457634	0.00404698679221	0.00164662499855	0	0.000440646126373	0	4.63838027761e-05	0.000278302816656	0	0	0	0	0.00110161531593	0	0	0	0.00976379048436	0	0	0	0.0134049190023	0	0	0	0	0	3.47878520821e-05	0	0	0	0	0.0279230492712	0.00017393926041	0.00229599823742	1.1595950694e-05	0.000858100351357	0.0119786170669	0.00448763291858	0.00147268573814	0.00513700615745	5.79797534701e-05	0.00160024119577	0.000301494718044	0	0	0.00129874647773	0.00133353432981	0.0199566311444	0	0	0	0.0157936848453	0	0.000962463907603	3.47878520821e-05	0.00997251759686	0.00256270510338	0	0	0	0	0.00333963379988	0	0	0	0	0.000313090668738	0	0	0.00143789788606	5.79797534701e-05	0.00403539084152	0.000197131161798	0.000382666372903	0.00023191901388	0
0	0	0	0	1.1595950694e-05	0	0	0	0	0	0	0	0	0	0	0	0	0	0	0	0	0	0	0	1.1595950694e-05	0	0	0	0	0	0	0	0	0	0	0	0	0	0	0.00017393926041	0.00594872270603	0.00191333186451	1.1595950694e-05	0.00137991813259	0.00208727112492	3.47878520821e-05	0	0.00110161531593	0	0	0.00386145158111	0	0	0	0	6.95757041641e-05	0	0	0	0.00143789788606	0	0	0	0.000324686619432	4.63838027761e-05	0	0	0.000637777288171	0	5.79797534701e-05	0	0	0	0	0	0	0	0.000521817781231	0	0.000359474471515	9.27676055521e-05	0.00372230017278	0.000266706865962	0
0	0	0	0	0.000127555457634	0	0	0	0	0	3.47878520821e-05	0	0.00448763291858	0	0	0	0	0	0	0	0.000452242077067	0	0	0	1.1595950694e-05	0	0	0	0.000475433978455	0	0	0	0	0	0	0	0	0	0	0.00229599823742	0.00191333186451	0.036040214757	0.00336282570127	0.0166285932952	0.000394262323597	0.0119438292148	0.00491668309426	0.0178229762167	0.000185535211104	0.00277143221587	0.00282941196934	0	0	0.00198290756868	0.000800120597887	0.00938112411146	1.1595950694e-05	0	0.000104363556246	0.00028989876735	0	0.000533413731925	0	0.001553857393	0.00122917077357	0.000162343309716	0	0	0	0.0112480721732	0	0	0	0	0	0	0	0.00270185651171	0.00011595950694	0.00687639876155	0.00212205897701	0.00284100792003	0.000255110915268	0
0	0	0	0	0	0	0	0	0	0	0	0	0	0	0	0	0	0	0	0	0	0	0	0	0	0	0	0	0	0	0	0	0	0	0	0.0120250008697	0	6.95757041641e-05	0	1.1595950694e-05	1.1595950694e-05	0.00336282570127	0.0564838758306	0.00812876143651	0	0.00827950879553	0.000660969189559	0	1.1595950694e-05	0.0158284726973	1.1595950694e-05	0	0	0.00011595950694	0	0	0.00250472534991	0	0.00169300880133	0.00788524647193	0	0	0.000487029929149	0.0265431311386	0.00264387675824	0.00788524647193	0	0	0	0.00122917077357	0	0	0	0	0	0	0	0.000336282570127	0	0.000579797534701	0.000127555457634	0.000127555457634	9.27676055521e-05	0
0	0	0	0	1.1595950694e-05	0	0	0	0	3.47878520821e-05	2.3191901388e-05	0	0.00102044366107	0	0	0	0	0	0	0	0	0	0	0	0	0	0	0	0	0	0	0	0	0	0	0.00215684682909	0	0	0	0.000858100351357	0.00137991813259	0.0166285932952	0.00812876143651	0.0463722068254	0.000162343309716	0.0117814859051	0.000521817781231	0.00839546830247	0.000452242077067	0.0121757482287	0.0011711910201	0	0	0	0	0.00339761355335	0.00149587763953	0	0.00374549207417	0.00156545334369	1.1595950694e-05	0	0	0.00549648062896	0.000788524647193	0.00158864524508	0	0.00147268573814	0	0.00590233890325	0.000150747359022	0	0	0	0	0	0	0.0071662975289	0.00011595950694	0.00358314876445	0.00273664436379	0.00560084418521	0.00323527024363	2.3191901388e-05
0	4.63838027761e-05	5.79797534701e-05	0	0.000487029929149	6.95757041641e-05	0.000139151408328	0.00126395862565	0.000127555457634	0.00768811531013	0.00120597887218	9.27676055521e-05	0.000510221830537	0	4.63838027761e-05	0.000834908449969	0.00199450351937	0	0.000150747359022	0.00017393926041	0.000429050175679	0	0.0032932499971	1.1595950694e-05	0.0129294850238	0	0.000197131161798	0.000185535211104	0.0139383327342	0.000440646126373	2.3191901388e-05	0	0	0.00172779665341	0.00202929137145	0	0.0038730475318	0	0	0.0119786170669	0.00208727112492	0.000394262323597	0	0.000162343309716	0.0399944339437	0.000533413731925	1.1595950694e-05	0.00476593573524	1.1595950694e-05	3.47878520821e-05	0.00381506777833	0	0	1.1595950694e-05	0.000104363556246	0.00890569013301	0	0.00844185210524	0	0.0337558124703	0.000602989436089	0.000394262323597	0.00390783538388	0.00625021742408	0.000301494718044	0	0	0	2.3191901388e-05	0.000452242077067	0.00144949383675	1.1595950694e-05	0.00112480721732	0.000417454224985	0.000336282570127	0	0	0.00389623943319	1.1595950694e-05	0.00222642253325	0.000800120597887	0.00275983626518	0.000347878520821	0
0	0	0	0	0.000139151408328	0	0	0.000417454224985	0	0	0.00158864524508	0	0.000266706865962	0	0	0	0	0	0	0	0.000382666372903	0	0	0	0.000162343309716	0	0	0	0.000301494718044	0	0	0	0	0	0	1.1595950694e-05	0	0	0	0.00448763291858	3.47878520821e-05	0.0119438292148	0.00827950879553	0.0117814859051	0.000533413731925	0.0391943133458	0.00192492781521	0.0121989401301	0.000707352992335	0.00778088291569	5.79797534701e-05	0	0	0.000916080104827	0.00153066549161	0.0109465774552	1.1595950694e-05	0	0	0.000846504400663	0	0.00126395862565	4.63838027761e-05	0.00263228080754	0.00300335122975	0	0	0	0	0.00641256073379	0	0	0	0	0	0	0	0.0019365237659	5.79797534701e-05	0.00393102728527	0.00119438292148	0.000150747359022	0.000602989436089	0
0	0	0	0	4.63838027761e-05	0	0	0	0	1.1595950694e-05	0	0.000266706865962	0.00258589700477	0.000788524647193	0	0	0	0	0	0	0.000266706865962	0	0	0	3.47878520821e-05	0.000255110915268	0	0.000429050175679	0.000243514964574	0	0	6.95757041641e-05	0	0	0	0	6.95757041641e-05	0	0	0.00147268573814	0	0.00491668309426	0.000660969189559	0.000521817781231	1.1595950694e-05	0.00192492781521	0.0315061980356	0.00654011619143	0.0073634286907	0.00448763291858	0	0	0	0.010877001751	0.00248153344852	0.0060067024595	0.000150747359022	0	8.11716548581e-05	0.00102044366107	0.00122917077357	0.00170460475202	4.63838027761e-05	0.00163502904786	0.00568201584007	6.95757041641e-05	0.000985655808992	0.000429050175679	0	0.014819624987	0.00028989876735	0.000927676055521	0	0	0	0	0	0.00272504841309	0.00534573326994	0.0157241091411	0.000394262323597	0	0.000243514964574	0.00180896830827
0	0	0	0	0.00218003873048	1.1595950694e-05	0.000127555457634	0.000150747359022	0.00011595950694	0.000336282570127	0.000718948943029	0	0.00605308626228	0	3.47878520821e-05	0.000127555457634	0	0	0	0	0.000718948943029	0	0	0	0.00111321126663	0	0	0	0.00200609947007	0	0	0	0	0	0	0	0	0	0	0.00513700615745	0.00110161531593	0.0178229762167	0	0.00839546830247	0.00476593573524	0.0121989401301	0.00654011619143	0.0370026786646	0.000776928696499	0.00416294629915	0.00211046302631	0	0	0.00274824031448	0.00224961443464	0.0182984101952	0	0	0	0.00374549207417	0	0.00170460475202	3.47878520821e-05	0.000336282570127	0.00311931073669	0	0	0	0	0.0140658881918	1.1595950694e-05	0	0	0	0.000255110915268	0	0	0.00282941196934	0.000150747359022	0.0100652852024	0.00218003873048	0.00258589700477	0.000382666372903	0
0	0.000139151408328	0	0	0	0	0	0	0	0	0	0.000788524647193	6.95757041641e-05	0.00242355369505	0	0	0	0	0	0	0	0	0	0	0	0.00125236267495	0.000510221830537	0.00298015932836	0	0	0	0.000463838027761	0	0	0	0	0.0019365237659	0	0	5.79797534701e-05	0	0.000185535211104	1.1595950694e-05	0.000452242077067	1.1595950694e-05	0.000707352992335	0.0073634286907	0.000776928696499	0.0158052807959	0.00106682746385	0	0	0	0	0	0.000382666372903	0	1.1595950694e-05	0	1.1595950694e-05	0.00554286443174	0.00360634066584	0.0023191901388	3.47878520821e-05	0.000916080104827	0	0.00440646126373	0.000243514964574	0	0.00238876584297	0	0.00114799911871	0	0	0	0	1.1595950694e-05	0	0.00281781601865	0.0025163213006	0	0	0.000243514964574	0.00120597887218
0	0	0	0	0	0	0	0	0	0	1.1595950694e-05	0	0.000649373238865	0	0	0	0	0	0	0	0	0	0	0	0	0	0	0	1.1595950694e-05	0	0	0	0	0	0	0.0145065343182	0	0	0	0.00160024119577	0	0.00277143221587	0.0158284726973	0.0121757482287	3.47878520821e-05	0.00778088291569	0.00448763291858	0.00416294629915	0.00106682746385	0.049039275485	0	0	2.3191901388e-05	0.000521817781231	4.63838027761e-05	0.00505583450259	0.000962463907603	0	0.00577478344562	0.00529934946717	0	3.47878520821e-05	0	0.00905643749203	0.015271867064	0.0056240360866	0	1.1595950694e-05	0	0.00533413731925	0.000104363556246	0	0	0	0	0	0	0.00103203961177	0	0.0030961188353	0.000301494718044	0.000185535211104	0.000301494718044	0
0	0	0	0	1.1595950694e-05	0	0	0	0	0	0	0	0	0	0	0	0	0	0	0	0	0	0	0	2.3191901388e-05	0	0	0	0	0	0	0	0	0	0	0	0	0	0	0.000301494718044	0.00386145158111	0.00282941196934	1.1595950694e-05	0.0011711910201	0.00381506777833	5.79797534701e-05	0	0.00211046302631	0	0	0.00739821654278	0	0	0	1.1595950694e-05	9.27676055521e-05	0	0	0	0.00267866461032	0	1.1595950694e-05	0	0.000568201584007	6.95757041641e-05	0	0	0	0	6.95757041641e-05	0	0	0	0	0	0	0	0.000185535211104	0	0.000510221830537	0.000185535211104	0.0036875123207	6.95757041641e-05	0
0	0	0.00168141285063	0	0	0	0	0	0	1.1595950694e-05	0	0	0	0	0	0	0.00240036179366	0	0	0	0	0.000510221830537	0.0139963124877	0.0209654788548	0	0	0	0.0198522675882	0	0	0	0	0	0	0	0	0	0	0	0	0	0	0	0	0	0	0	0	0	0	0	0.0392870809513	0	0	1.1595950694e-05	0	0.00396581513735	0.0143441910085	0.00725906513446	0.00149587763953	0	1.1595950694e-05	0.00238876584297	0.00375708802486	0	0	0	0	0	0	0	0	0	0	0	0	0	0.00497466284773	0.00146108978745	0	0	0	0	0
0	0	0	0	0	0	0	0	0	0	0	0	0	0	0	0	0	0	0	0	0	0	0	0	0	0	0	0	0	0	0	0	0	0	0	2.3191901388e-05	0	0.00431369365817	0	0	0	0	0	0	0	0	0	0	0	2.3191901388e-05	0	0	0.0165590175911	0	0.00497466284773	0	0.000591393485395	0	0.00881292252745	0	0	0.000382666372903	0.00808237763373	0	0	0.000104363556246	0	0	0	0.00288739172281	0	0	0	0	0	0	0	0	0	0.000626181337477	0	0	0	0
0	1.1595950694e-05	0	0	2.3191901388e-05	0	0	0	0	1.1595950694e-05	0	0	0.000556605633313	0	0	0	0	0	0.000104363556246	5.79797534701e-05	0.000197131161798	0	0	0	3.47878520821e-05	0	0.00131034242842	0.00120597887218	0.000243514964574	0	0	0	0	0	0	0	0.000927676055521	0	0	0.00129874647773	0	0.00198290756868	0.00011595950694	0	1.1595950694e-05	0.000916080104827	0.010877001751	0.00274824031448	0	0.000521817781231	0	0	0	0.019933439243	0.00228440228672	0.00287579577212	1.1595950694e-05	0	0	0.000150747359022	0.000916080104827	0.00536892517133	0.000765332745805	0.000429050175679	0.00134513028051	0	0	0	0	0.00518338996023	0.000347878520821	5.79797534701e-05	0	0	0	0	0	0.00324686619432	0.00568201584007	0.00892888203439	5.79797534701e-05	0	0	0
0	0	0	0	0	0	0	0	0	2.3191901388e-05	5.79797534701e-05	0	2.3191901388e-05	0	0	1.1595950694e-05	0	4.63838027761e-05	0	0	0.000139151408328	0	0	0	3.47878520821e-05	0	0.000162343309716	0.00023191901388	0.000278302816656	0	0	0	0	0	1.1595950694e-05	0	0	0.00308452288461	0	0.00133353432981	0	0.000800120597887	0	0	0.000104363556246	0.00153066549161	0.00248153344852	0.00224961443464	0	4.63838027761e-05	1.1595950694e-05	1.1595950694e-05	0.00497466284773	0.00228440228672	0.0312510871204	0.00250472534991	0.000278302816656	0	0.000753736795111	0.000545009682619	0	0.0153298468175	0.0102856082656	0.000521817781231	0.000823312499275	0	0	0	0	0.00750258009903	0.000301494718044	0.00011595950694	1.1595950694e-05	0	0	0	0	0.00324686619432	0.0033048459478	0.00776928696499	0.000997251759686	1.1595950694e-05	0	0
0	0	0	0	0.00365272446862	0.000104363556246	0.00011595950694	0.00245834154713	0.000104363556246	0.00234238204019	0.00307292693391	0	0.00413975439776	0	3.47878520821e-05	0.00028989876735	0	0	0	0	0.00229599823742	0	0	0	0.00681841900808	0	0	0	0.00972900263228	0	0	0	0	0	4.63838027761e-05	0	0	0	0	0.0199566311444	6.95757041641e-05	0.00938112411146	0	0.00339761355335	0.00890569013301	0.0109465774552	0.0060067024595	0.0182984101952	0.000382666372903	0.00505583450259	9.27676055521e-05	0	0	0.00287579577212	0.00250472534991	0.0397393230284	0	0	0	0.0112712640746	0	0.00190173591382	4.63838027761e-05	0.00982177023783	0.00545009682619	0	0	0	0	0.0109465774552	0	0	0	0	0.000278302816656	0	0	0.00164662499855	6.95757041641e-05	0.0103667799205	0.000521817781231	0.000243514964574	0.000545009682619	0
0	0	2.3191901388e-05	0	0	0.000521817781231	0	0	0	0	0	0	0	0	0	0.00120597887218	0.00017393926041	0	0	0	0	0.00028989876735	0.000765332745805	0.00190173591382	1.1595950694e-05	0	0	3.47878520821e-05	0	0	0	0	0	0	0	0.00143789788606	0	9.27676055521e-05	0	0	0	1.1595950694e-05	0.00250472534991	0.00149587763953	0	1.1595950694e-05	0.000150747359022	0	0	0.000962463907603	0	0.00396581513735	0.000591393485395	1.1595950694e-05	0.000278302816656	0	0.0474506302399	0.000649373238865	0.0155037860779	0.000475433978455	0	4.63838027761e-05	0.00120597887218	0.0113988195322	0.00028989876735	0.0219859225159	0	0	0.000278302816656	0.00282941196934	6.95757041641e-05	0	1.1595950694e-05	0	0	0	0	0.0056124401359	0.000962463907603	0.00314250263808	0.00318888644085	0.00111321126663	0.000255110915268	0
0	0.000881292252745	0.000150747359022	0	0	0	0	0	0	0.000788524647193	0	0	0	0	0	0	0.00487029929149	0	0	0	0	0.000892888203439	0.0160603917112	0.00688799471225	0.00176258450549	0	3.47878520821e-05	0.00903324559064	0.000104363556246	0	0	0	0	0	0	0	0.00557765228382	0	0	0	0	0	0	0	0.00844185210524	0	0	0	1.1595950694e-05	0	0	0.0143441910085	0	0	0	0	0.000649373238865	0.0362837297216	0	0.0149007966418	0.000962463907603	0.000301494718044	0.0107030624906	0.00343240140543	0	0	0	0	0	0	0	0	0	0	0	0	0	0	0	0	0	0	0	0
