0.0231491581463	5.8175894818e-05	0.000969598246966	0	0.00030057545656	2.9087947409e-05	0.00044116720237	0.0107576925501	0.00691808349211	0.000741742658929	0.000959902264497	0.000111503798401	0.000121199780871	9.69598246966e-06	0.0140543265898	3.39359386438e-05	0.00015028772828	0.000552671000771	1.93919649393e-05	6.30238860528e-05	0.00015028772828	0.00256943535446	0.00028118349162	0.00400444075997	0.0020603962748	4.84799123483e-06	0.000218159605567	0.000446015193605	0.00453287180457	0.00980263827683	0.00999655792622	0	6.78718772876e-05	0.000819310518687	0.00168710094972	4.84799123483e-05	2.42399561742e-05	3.39359386438e-05	0	3.87839298787e-05	0	4.84799123483e-06	0.000106655807166	9.69598246966e-06	0.000552671000771	1.45439737045e-05	0	2.42399561742e-05	0	3.87839298787e-05	0	5.8175894818e-05	9.69598246966e-06	0	0	3.39359386438e-05	3.39359386438e-05	0.000159983710749	6.78718772876e-05	0.000489647114718	0	4.84799123483e-06	7.27198685225e-05	0.000358751351378	4.84799123483e-05	5.33279035832e-05	0	0	1.93919649393e-05	6.78718772876e-05	0.000412079254961	8.24158509921e-05	0.00103262213302	0.000363599342612	0.000135743754575	7.75678597573e-05	0	6.30238860528e-05	9.69598246966e-06	6.30238860528e-05	9.69598246966e-06	4.84799123483e-06	0	0
5.8175894818e-05	0.0178503037267	0.00402383272491	0	4.84799123483e-06	0	4.84799123483e-06	4.36319211135e-05	3.87839298787e-05	0.000925966325853	9.69598246966e-06	9.69598246966e-05	9.69598246966e-06	7.27198685225e-05	6.30238860528e-05	4.84799123483e-06	0.000688414755346	0.00151257326527	9.69598246966e-06	0.000135743754575	0	0.000329663403969	0.00349540168031	0.00245793155606	0.000610846895589	0.00131380562464	0.00398989678627	0.00934692710076	0.000198767640628	0.000101807815931	0.000169679693219	0	0	3.87839298787e-05	0.000557518992006	2.42399561742e-05	0.00694717143951	0.00187617260788	0	0	0	9.69598246966e-06	1.45439737045e-05	1.93919649393e-05	5.33279035832e-05	1.93919649393e-05	1.45439737045e-05	9.69598246966e-06	2.42399561742e-05	3.87839298787e-05	0	0.000208463623098	0.0010714060629	0	0.000159983710749	1.45439737045e-05	0.000135743754575	0.00159498911626	0.00250156347717	4.36319211135e-05	4.84799123483e-05	0.000547823009536	0.0059436372539	6.78718772876e-05	3.87839298787e-05	3.87839298787e-05	0	4.84799123483e-06	0	0.000538127027066	0.000523583053362	0.00042177523743	0.000470255149779	0.000159983710749	2.9087947409e-05	2.42399561742e-05	1.45439737045e-05	0.000334511395203	0.000814462527452	0.000358751351378	0.000106655807166	0	9.69598246966e-06	0
0.000969598246966	0.00402383272491	0.0387402979575	0	4.84799123483e-06	9.69598246966e-06	2.9087947409e-05	0.000596302921884	0.000412079254961	0.000198767640628	4.84799123483e-05	0.000218159605567	4.36319211135e-05	3.39359386438e-05	0.00087263842227	4.84799123483e-06	0.000295727465325	0.00946327889039	3.39359386438e-05	0.000324815412734	1.93919649393e-05	0.00178406077442	0.000804766544982	0.018456302631	0.000339359386438	8.24158509921e-05	0.0106558847342	0.0175012483577	0.000809614536217	0.000615694886824	0.0020458523011	0	2.42399561742e-05	8.7263842227e-05	0.00259367531064	4.84799123483e-05	0.00468315953285	0.00219614002938	0	4.84799123483e-06	0	9.69598246966e-06	8.24158509921e-05	2.42399561742e-05	0.000106655807166	1.45439737045e-05	1.45439737045e-05	1.45439737045e-05	0	4.84799123483e-05	0	0.000533279035832	0.00135258955452	4.84799123483e-06	0.000155135719515	1.45439737045e-05	0.000203615631863	0.00121684579994	0.00261791526681	6.30238860528e-05	1.93919649393e-05	0.000513887070892	0.00419836040936	0.000155135719515	6.30238860528e-05	0.00013089576334	0	4.84799123483e-06	1.45439737045e-05	0.000921118334618	0.00312695434647	0.00190041256405	0.00259852330187	0.00109564601907	4.84799123483e-05	5.8175894818e-05	4.36319211135e-05	0.00056236698324	0.00155135719515	0.000489647114718	0.00014059174581	4.84799123483e-06	9.69598246966e-06	4.84799123483e-06
0	0	0	0	0	0	0	0	0	0	0	0	0	0	0	0	0	0	0	0	0	0	0	0	0	0	0	0	0	0	0	0	0	0	0	0	0	0	0	0	0	0	0	0	0	0	0	0	0	0	0	0	0	0	0	0	0	0	0	0	0	0	0	0	0	0	0	0	0	0	0	0	0	0	0	0	0	0	0	0	0	0	0	0
0.00030057545656	4.84799123483e-06	4.84799123483e-06	0	0.0192659171672	2.42399561742e-05	0.000727198685225	0.00218159605567	0.00119260584377	0.000790222571278	0.00350024967155	5.33279035832e-05	0.00125078173859	4.84799123483e-06	0.00116351789636	5.33279035832e-05	9.69598246966e-06	9.69598246966e-06	4.84799123483e-06	9.69598246966e-06	0.00605998904354	2.42399561742e-05	1.93919649393e-05	1.93919649393e-05	0.010054733821	0	2.9087947409e-05	2.9087947409e-05	0.00673385982518	0.000775678597573	5.33279035832e-05	0	9.69598246966e-06	0.00028118349162	0.00111988597525	8.7263842227e-05	4.84799123483e-06	0	0	0.00333541796956	0	9.21118334618e-05	0.000203615631863	0.000126047772106	0.001197453835	0.000727198685225	4.84799123483e-06	0.000373295325082	0	0.000164831701984	1.45439737045e-05	4.84799123483e-06	0	0	4.84799123483e-06	0.0023803636963	9.69598246966e-06	2.42399561742e-05	9.69598246966e-06	0.00141076544934	4.84799123483e-06	4.84799123483e-06	1.45439737045e-05	0.000673870781642	0.000101807815931	1.45439737045e-05	0	4.84799123483e-06	4.84799123483e-06	0.000116351789636	0.000232703579272	3.87839298787e-05	0.000833854492391	0.000203615631863	0.000174527684454	6.30238860528e-05	4.84799123483e-06	5.8175894818e-05	1.45439737045e-05	0.000116351789636	2.42399561742e-05	2.9087947409e-05	4.84799123483e-06	0
2.9087947409e-05	0	9.69598246966e-06	0	2.42399561742e-05	0.00647691628974	0.00288455478472	5.33279035832e-05	0.00176466880948	4.84799123483e-06	0.000145439737045	7.27198685225e-05	8.7263842227e-05	1.45439737045e-05	0.000625390869293	0.00149318130033	4.84799123483e-06	4.84799123483e-06	4.84799123483e-06	9.69598246966e-06	4.36319211135e-05	1.93919649393e-05	0	3.87839298787e-05	4.36319211135e-05	4.84799123483e-06	2.42399561742e-05	9.69598246966e-06	5.33279035832e-05	0.000397535281256	9.69598246966e-06	0	0.00307847443412	0	0.00113927794019	0	0	0	0	4.84799123483e-06	0	4.84799123483e-06	0	0	4.84799123483e-06	4.84799123483e-06	0	0	0	0	0	0	0	0	0	4.84799123483e-06	0	0	0	9.69598246966e-06	0	0	0	9.69598246966e-06	0	0	0	0	0	0	0.000198767640628	2.9087947409e-05	0.000353903360143	0.000155135719515	0.00141561344057	0.00174527684454	0	4.84799123483e-06	4.84799123483e-06	4.84799123483e-06	4.84799123483e-06	0	0	0
0.00044116720237	4.84799123483e-06	2.9087947409e-05	0	0.000727198685225	0.00288455478472	0.041062485759	0.00214766011703	0.0152033005124	0.000155135719515	0.0183351028501	0.000751438641399	0.0104474211111	6.78718772876e-05	0.00682112366741	0.00241914762618	1.45439737045e-05	7.27198685225e-05	7.75678597573e-05	0.000232703579272	0.00220098802061	7.75678597573e-05	1.93919649393e-05	0.00015028772828	0.00100838217685	5.8175894818e-05	0.000513887070892	0.000116351789636	0.0020603962748	0.0027972909425	0.00014059174581	0	0.00222037998555	5.33279035832e-05	0.00355842556637	0	1.93919649393e-05	9.69598246966e-06	0	2.42399561742e-05	0	4.84799123483e-06	2.9087947409e-05	4.84799123483e-06	0.000155135719515	1.93919649393e-05	0	4.84799123483e-06	0	4.84799123483e-06	0	0	0	0	0	2.42399561742e-05	0	1.45439737045e-05	4.84799123483e-06	0.000135743754575	9.69598246966e-06	4.84799123483e-06	2.9087947409e-05	5.8175894818e-05	0	4.84799123483e-06	0	0	0	9.69598246966e-06	0.00073204667646	0.000101807815931	0.0020603962748	0.000387839298787	0.00282153089867	0.000824158509921	1.93919649393e-05	1.93919649393e-05	1.45439737045e-05	2.42399561742e-05	1.93919649393e-05	0	4.84799123483e-06	0
0.0107576925501	4.36319211135e-05	0.000596302921884	0	0.00218159605567	5.33279035832e-05	0.00214766011703	0.0504578927721	0.0097977902856	0.00192465252023	0.00869729627529	0.000227855588037	0.000315119430264	3.39359386438e-05	0.0145245817396	0.000101807815931	0.000174527684454	0.000295727465325	1.45439737045e-05	8.7263842227e-05	0.000635086851763	0.00253065142458	0.000271487509151	0.00286031482855	0.00825128108168	1.45439737045e-05	0.000266639517916	0.000305423447794	0.0240993644283	0.00505645485793	0.00865366435417	0	5.33279035832e-05	0.00134774156328	0.00376204119823	0.00014059174581	3.87839298787e-05	3.39359386438e-05	0	0.000353903360143	0	2.42399561742e-05	0.000499343097188	0.000101807815931	0.0021428121258	0.000266639517916	4.84799123483e-06	0.000116351789636	9.69598246966e-06	0.000218159605567	1.93919649393e-05	0.000101807815931	1.45439737045e-05	0	9.69598246966e-06	0.000319967421499	2.42399561742e-05	0.000208463623098	8.7263842227e-05	0.00245793155606	4.84799123483e-06	4.84799123483e-06	5.33279035832e-05	0.00120230182624	0.00014059174581	6.78718772876e-05	0	4.84799123483e-06	4.36319211135e-05	0.000174527684454	0.00106171008043	0.000116351789636	0.00266639517916	0.000809614536217	0.000460559167309	0.00015028772828	1.93919649393e-05	0.000145439737045	1.93919649393e-05	0.000164831701984	4.84799123483e-05	1.93919649393e-05	9.69598246966e-06	4.84799123483e-06
0.00691808349211	3.87839298787e-05	0.000412079254961	0	0.00119260584377	0.00176466880948	0.0152033005124	0.0097977902856	0.0487029199451	0.00058175894818	0.0137876870719	0.00102292615055	0.00373295325082	0.000208463623098	0.0274396303891	0.000528431044597	0.000106655807166	0.000276335500385	0.000116351789636	0.000227855588037	0.00157559715132	0.00119260584377	0.000126047772106	0.00175012483577	0.00274396303891	8.7263842227e-05	0.000698110737816	0.000237551570507	0.00590970131526	0.00629754061405	0.00303969050424	0	0.00375719320699	0.000247247552976	0.0050806948141	5.33279035832e-05	2.42399561742e-05	1.93919649393e-05	0	0.000116351789636	4.84799123483e-06	9.69598246966e-06	0.000116351789636	4.84799123483e-06	0.00058175894818	3.87839298787e-05	1.45439737045e-05	1.45439737045e-05	1.45439737045e-05	4.84799123483e-05	4.84799123483e-06	2.9087947409e-05	9.69598246966e-06	9.69598246966e-06	4.84799123483e-06	9.21118334618e-05	9.69598246966e-06	9.69598246966e-05	3.39359386438e-05	0.000576910956945	1.93919649393e-05	2.42399561742e-05	5.33279035832e-05	0.000271487509151	4.36319211135e-05	3.87839298787e-05	0	0	1.45439737045e-05	5.33279035832e-05	0.001279869686	0.000193919649393	0.00303969050424	0.000785374580043	0.00168225295849	0.00135743754575	5.33279035832e-05	6.78718772876e-05	2.42399561742e-05	5.33279035832e-05	2.42399561742e-05	9.69598246966e-06	0	4.84799123483e-06
0.000741742658929	0.000925966325853	0.000198767640628	0	0.000790222571278	4.84799123483e-06	0.000155135719515	0.00192465252023	0.00058175894818	0.022935846532	0.000266639517916	2.42399561742e-05	0.000324815412734	4.84799123483e-06	0.000795070562512	0.00072235069399	0.00164346902861	0.000106655807166	0	1.45439737045e-05	0.000266639517916	0.00134774156328	0.0070004993431	0.00149802929156	0.0089639357932	0.000116351789636	0.000111503798401	0.000392687290021	0.00465891957667	0.00138167750193	0.0022543159242	0	1.93919649393e-05	0.000363599342612	0.00111018999278	0.000455711176074	3.39359386438e-05	3.87839298787e-05	0	0.000601150913119	4.84799123483e-06	4.36319211135e-05	0.000848398466096	0.000155135719515	0.00676779576383	0.000266639517916	4.84799123483e-06	0.000213311614333	0	0.000412079254961	4.36319211135e-05	0.000669022790407	2.42399561742e-05	0	0	0.000644782834233	0.000344207377673	0.00318997823252	0.000334511395203	0.00485283922607	9.69598246966e-06	2.42399561742e-05	7.27198685225e-05	0.00354388159266	0.000339359386438	0.000683566764111	0	4.84799123483e-06	0.000184223666924	0.000596302921884	0.00111988597525	0.000116351789636	0.000979294229436	0.000368447333847	0.00245793155606	6.30238860528e-05	9.69598246966e-06	0.000479951132248	0.000135743754575	0.00042177523743	8.7263842227e-05	7.75678597573e-05	4.84799123483e-06	4.84799123483e-06
0.000959902264497	9.69598246966e-06	4.84799123483e-05	0	0.00350024967155	0.000145439737045	0.0183351028501	0.00869729627529	0.0137876870719	0.000266639517916	0.051631106651	0.000804766544982	0.00846944068725	7.75678597573e-05	0.00869244828405	0.000184223666924	3.39359386438e-05	0.000116351789636	0.000111503798401	0.000247247552976	0.00478011935754	9.21118334618e-05	3.87839298787e-05	0.000198767640628	0.00382021709305	2.9087947409e-05	0.000659326807937	0.000111503798401	0.0107383005852	0.0034517697592	0.000223007596802	0	0.000363599342612	0.00044116720237	0.00504675887546	7.75678597573e-05	2.9087947409e-05	4.84799123483e-06	0	0.000746590650164	4.84799123483e-06	0.000184223666924	0.000106655807166	9.69598246966e-05	0.000368447333847	0.00118775785253	0	0.000509039079657	0	0.000121199780871	4.84799123483e-06	0	4.84799123483e-06	4.84799123483e-06	9.69598246966e-06	0.00103747012425	0	9.69598246966e-06	1.45439737045e-05	0.000460559167309	1.45439737045e-05	9.69598246966e-06	2.9087947409e-05	0.00028118349162	0.000106655807166	0	0	9.69598246966e-06	0	7.75678597573e-05	0.000785374580043	0.000116351789636	0.003117258364	0.000576910956945	0.000402383272491	0.000218159605567	1.93919649393e-05	3.39359386438e-05	9.69598246966e-06	7.27198685225e-05	2.42399561742e-05	1.45439737045e-05	0	0
0.000111503798401	9.69598246966e-05	0.000218159605567	0	5.33279035832e-05	7.27198685225e-05	0.000751438641399	0.000227855588037	0.00102292615055	2.42399561742e-05	0.000804766544982	0.0343043859777	0.000693262746581	0.00989959810153	0.00254034740705	3.87839298787e-05	6.78718772876e-05	0.000683566764111	0.00371356128588	0.00422744835677	0.000218159605567	0.00015028772828	4.36319211135e-05	0.00044116720237	0.000164831701984	0.00429047224283	0.013108968299	0.00180345273936	0.000256943535446	0.00330148203092	0.000106655807166	1.93919649393e-05	0.000499343097188	4.36319211135e-05	0.0107722365238	9.69598246966e-06	0.000135743754575	1.93919649393e-05	0	9.69598246966e-06	0	9.69598246966e-06	9.69598246966e-06	9.69598246966e-06	9.69598246966e-06	1.45439737045e-05	0.000533279035832	1.45439737045e-05	0.00103747012425	1.93919649393e-05	0	4.84799123483e-06	3.39359386438e-05	0.000252095544211	0.000189071658158	1.45439737045e-05	0	1.93919649393e-05	1.93919649393e-05	2.42399561742e-05	0.000945358290792	0.00112473396648	0.000882334404739	2.9087947409e-05	2.42399561742e-05	9.69598246966e-06	3.87839298787e-05	0	0	0.000116351789636	0.00126047772106	0.00203130832739	0.00484799123483	0.000591454930649	0.00013089576334	4.36319211135e-05	0.000237551570507	0.000101807815931	0.000693262746581	0.000169679693219	3.87839298787e-05	0	4.84799123483e-06	0.000193919649393
0.000121199780871	9.69598246966e-06	4.36319211135e-05	0	0.00125078173859	8.7263842227e-05	0.0104474211111	0.000315119430264	0.00373295325082	0.000324815412734	0.00846944068725	0.000693262746581	0.0290006835668	3.87839298787e-05	0.00337904989068	0.00138652549316	1.45439737045e-05	0.000121199780871	8.7263842227e-05	0.000242399561742	0.00751923440522	3.39359386438e-05	1.45439737045e-05	7.75678597573e-05	0.001197453835	6.30238860528e-05	0.000533279035832	0.000116351789636	0.000969598246966	0.0020603962748	5.33279035832e-05	0	0.000256943535446	7.27198685225e-05	0.00359720949625	4.36319211135e-05	1.45439737045e-05	4.84799123483e-06	0	8.24158509921e-05	0	0.000368447333847	3.87839298787e-05	0.000261791526681	0.000155135719515	0.000698110737816	1.93919649393e-05	0.00243369159989	1.45439737045e-05	0.000261791526681	9.69598246966e-06	4.84799123483e-06	0	9.69598246966e-06	9.69598246966e-06	0.00181314872183	0	0	0	0.000174527684454	4.84799123483e-06	1.93919649393e-05	2.9087947409e-05	0.000101807815931	0.000179375675689	4.84799123483e-06	0	9.69598246966e-06	0	0.000174527684454	0.000538127027066	7.75678597573e-05	0.00216705208197	0.000397535281256	0.00127502169476	0.000179375675689	9.69598246966e-06	7.27198685225e-05	3.39359386438e-05	0.000213311614333	3.39359386438e-05	5.8175894818e-05	4.84799123483e-06	0
9.69598246966e-06	7.27198685225e-05	3.39359386438e-05	0	4.84799123483e-06	1.45439737045e-05	6.78718772876e-05	3.39359386438e-05	0.000208463623098	4.84799123483e-06	7.75678597573e-05	0.00989959810153	3.87839298787e-05	0.0163619704176	0.000470255149779	0	1.45439737045e-05	9.21118334618e-05	0.000465407158544	0.000324815412734	0	1.45439737045e-05	2.42399561742e-05	2.42399561742e-05	2.42399561742e-05	0.0050661508404	0.00445045595358	0.00262761124928	3.39359386438e-05	0.000644782834233	1.45439737045e-05	7.75678597573e-05	0.000116351789636	0	0.00190041256405	4.84799123483e-06	5.33279035832e-05	4.84799123483e-06	0	4.84799123483e-06	0	9.69598246966e-06	4.84799123483e-06	0	0	9.69598246966e-06	0.000518735062127	9.69598246966e-06	0.00087263842227	9.69598246966e-06	0	0	1.93919649393e-05	0.000184223666924	0.000121199780871	9.69598246966e-06	0	0	0	0	0.000741742658929	0.000950206282027	0.000591454930649	0	9.69598246966e-06	0	3.39359386438e-05	4.84799123483e-06	0	8.24158509921e-05	6.78718772876e-05	0.000460559167309	0.000649630825467	2.9087947409e-05	2.9087947409e-05	4.84799123483e-06	0.000218159605567	1.45439737045e-05	0.000509039079657	0.00015028772828	9.69598246966e-06	4.84799123483e-06	0	0.00015028772828
0.0140543265898	6.30238860528e-05	0.00087263842227	0	0.00116351789636	0.000625390869293	0.00682112366741	0.0145245817396	0.0274396303891	0.000795070562512	0.00869244828405	0.00254034740705	0.00337904989068	0.000470255149779	0.0552574040946	0.000368447333847	0.000179375675689	0.000591454930649	0.00030057545656	0.000523583053362	0.00152226924774	0.00222037998555	0.000247247552976	0.00348085770661	0.00349055368908	0.000261791526681	0.00156105317762	0.000586606939415	0.00769861008091	0.0202161234492	0.00676779576383	0	0.00340813783809	0.00116351789636	0.01079647648	6.78718772876e-05	5.33279035832e-05	3.39359386438e-05	0	0.00014059174581	4.84799123483e-06	0	0.000145439737045	1.93919649393e-05	0.000736894667694	3.39359386438e-05	4.36319211135e-05	2.9087947409e-05	5.33279035832e-05	4.84799123483e-05	4.84799123483e-06	5.33279035832e-05	1.93919649393e-05	2.9087947409e-05	1.93919649393e-05	0.000111503798401	1.93919649393e-05	0.000174527684454	6.78718772876e-05	0.000775678597573	4.36319211135e-05	8.24158509921e-05	0.000101807815931	0.000475103141014	5.33279035832e-05	4.36319211135e-05	0	0	9.69598246966e-06	6.30238860528e-05	0.00211372417839	0.000319967421499	0.00520674258621	0.00128956566847	0.00159498911626	0.000935662308323	7.75678597573e-05	9.69598246966e-05	6.30238860528e-05	8.7263842227e-05	2.42399561742e-05	9.69598246966e-06	0	4.84799123483e-06
3.39359386438e-05	4.84799123483e-06	4.84799123483e-06	0	5.33279035832e-05	0.00149318130033	0.00241914762618	0.000101807815931	0.000528431044597	0.00072235069399	0.000184223666924	3.87839298787e-05	0.00138652549316	0	0.000368447333847	0.00717017903632	1.45439737045e-05	4.84799123483e-06	0	0	6.78718772876e-05	4.84799123483e-06	2.42399561742e-05	3.87839298787e-05	0.000252095544211	4.84799123483e-06	3.39359386438e-05	4.84799123483e-06	0.000126047772106	0.000286031482855	4.84799123483e-05	0	0.000412079254961	1.93919649393e-05	0.000310271439029	0	0	4.84799123483e-06	0	2.42399561742e-05	0	0	0	4.84799123483e-06	0.000106655807166	1.45439737045e-05	0	2.42399561742e-05	0	4.84799123483e-06	0	0	0	0	0	4.84799123483e-05	9.69598246966e-06	0	1.45439737045e-05	9.69598246966e-05	0	0	0	2.42399561742e-05	0	0	0	0	0	4.84799123483e-06	0.000349055368908	4.84799123483e-06	0.000223007596802	0.000179375675689	0.00433895215517	0.000227855588037	4.84799123483e-06	1.45439737045e-05	4.84799123483e-06	4.84799123483e-06	4.84799123483e-06	4.84799123483e-06	0	0
0.00015028772828	0.000688414755346	0.000295727465325	0	9.69598246966e-06	4.84799123483e-06	1.45439737045e-05	0.000174527684454	0.000106655807166	0.00164346902861	3.39359386438e-05	6.78718772876e-05	1.45439737045e-05	1.45439737045e-05	0.000179375675689	1.45439737045e-05	0.0198913080365	0.000256943535446	1.93919649393e-05	2.9087947409e-05	1.93919649393e-05	0.00420805639183	0.00800888151994	0.00926451124976	0.00496434302447	9.69598246966e-05	0.000189071658158	0.00228340387161	0.00228825186284	0.000174527684454	0.00104231811549	0	9.69598246966e-06	4.36319211135e-05	0.0013089576334	5.33279035832e-05	6.30238860528e-05	5.8175894818e-05	0	4.84799123483e-06	0	0	0.000111503798401	9.69598246966e-06	0.000455711176074	9.69598246966e-06	0	0	0	2.9087947409e-05	0	0.00199252439752	1.93919649393e-05	0	4.84799123483e-06	4.84799123483e-06	0.000557518992006	0.00309786639906	0.000955054273262	0.000397535281256	4.84799123483e-06	1.45439737045e-05	0.000193919649393	0.00102777414178	2.9087947409e-05	0.00042177523743	0	0	2.9087947409e-05	0.000155135719515	0.00162407706367	0.000392687290021	0.00117321387883	0.000736894667694	9.69598246966e-05	7.75678597573e-05	1.45439737045e-05	0.000193919649393	8.24158509921e-05	0.000116351789636	5.8175894818e-05	9.69598246966e-06	0	0
0.000552671000771	0.00151257326527	0.00946327889039	0	9.69598246966e-06	4.84799123483e-06	7.27198685225e-05	0.000295727465325	0.000276335500385	0.000106655807166	0.000116351789636	0.000683566764111	0.000121199780871	9.21118334618e-05	0.000591454930649	4.84799123483e-06	0.000256943535446	0.0317737345531	9.21118334618e-05	0.00502251891929	5.33279035832e-05	0.00162407706367	0.000353903360143	0.0118824265166	0.000203615631863	0.000227855588037	0.010714060629	0.00726229086978	0.0004314712199	0.000780526588808	0.00166770898478	0	2.42399561742e-05	5.33279035832e-05	0.00584667742921	1.45439737045e-05	0.00212342016086	0.000809614536217	0	0	0	9.69598246966e-06	2.9087947409e-05	4.84799123483e-06	4.84799123483e-05	9.69598246966e-06	2.42399561742e-05	4.84799123483e-06	1.93919649393e-05	3.39359386438e-05	0	0.000155135719515	0.000654478816702	4.84799123483e-06	0.000155135719515	4.84799123483e-06	0.000121199780871	0.000271487509151	0.000678718772876	5.8175894818e-05	9.21118334618e-05	0.000751438641399	0.0017113409059	9.69598246966e-05	3.39359386438e-05	4.36319211135e-05	0	0	0	0.000382991307552	0.00298636260066	0.00203615631863	0.00434864813764	0.0016143810812	4.36319211135e-05	6.30238860528e-05	4.36319211135e-05	0.000334511395203	0.0008629424398	0.000319967421499	0.000101807815931	4.84799123483e-06	0	4.84799123483e-06
1.93919649393e-05	9.69598246966e-06	3.39359386438e-05	0	4.84799123483e-06	4.84799123483e-06	7.75678597573e-05	1.45439737045e-05	0.000116351789636	0	0.000111503798401	0.00371356128588	8.7263842227e-05	0.000465407158544	0.00030057545656	0	1.93919649393e-05	9.21118334618e-05	0.00601150913119	0.00159983710749	1.45439737045e-05	2.9087947409e-05	9.69598246966e-06	6.78718772876e-05	9.69598246966e-06	0.000363599342612	0.00403352870738	0.000295727465325	1.45439737045e-05	0.000344207377673	1.93919649393e-05	0	3.87839298787e-05	0	0.00121684579994	0	1.93919649393e-05	0	0	0	0	4.84799123483e-06	0	0	0	4.84799123483e-06	6.78718772876e-05	4.84799123483e-06	4.84799123483e-05	0	0	0	4.84799123483e-06	4.84799123483e-05	2.42399561742e-05	4.84799123483e-06	4.84799123483e-06	4.84799123483e-06	4.84799123483e-06	0	0.000101807815931	0.000227855588037	0.000101807815931	4.84799123483e-06	4.84799123483e-06	0	0	0	0	2.42399561742e-05	0.000256943535446	0.000373295325082	0.000615694886824	5.8175894818e-05	4.84799123483e-06	4.84799123483e-06	4.84799123483e-06	2.9087947409e-05	0.000106655807166	2.9087947409e-05	1.45439737045e-05	0	0	1.93919649393e-05
6.30238860528e-05	0.000135743754575	0.000324815412734	0	9.69598246966e-06	9.69598246966e-06	0.000232703579272	8.7263842227e-05	0.000227855588037	1.45439737045e-05	0.000247247552976	0.00422744835677	0.000242399561742	0.000324815412734	0.000523583053362	0	2.9087947409e-05	0.00502251891929	0.00159983710749	0.0165413460932	7.27198685225e-05	0.000145439737045	2.9087947409e-05	0.000625390869293	6.30238860528e-05	0.000567214974475	0.0108546523748	0.0019488924764	0.00014059174581	0.000635086851763	0.000121199780871	0	3.87839298787e-05	1.93919649393e-05	0.00480435931372	1.45439737045e-05	0.0004314712199	4.84799123483e-05	0	0	0	0	1.45439737045e-05	0	0	9.69598246966e-06	3.87839298787e-05	9.69598246966e-06	2.9087947409e-05	1.93919649393e-05	0	1.93919649393e-05	7.27198685225e-05	1.93919649393e-05	0.000159983710749	4.84799123483e-06	4.84799123483e-06	3.39359386438e-05	6.78718772876e-05	9.69598246966e-06	0.000286031482855	0.000780526588808	0.000416927246196	1.45439737045e-05	2.42399561742e-05	0	0	0	0	9.69598246966e-05	0.00113927794019	0.00125078173859	0.002477323521	0.000446015193605	2.9087947409e-05	1.45439737045e-05	1.45439737045e-05	0.000101807815931	0.000203615631863	9.21118334618e-05	1.93919649393e-05	0	0	1.45439737045e-05
0.00015028772828	0	1.93919649393e-05	0	0.00605998904354	4.36319211135e-05	0.00220098802061	0.000635086851763	0.00157559715132	0.000266639517916	0.00478011935754	0.000218159605567	0.00751923440522	0	0.00152226924774	6.78718772876e-05	1.93919649393e-05	5.33279035832e-05	1.45439737045e-05	7.27198685225e-05	0.0179036316302	2.42399561742e-05	1.45439737045e-05	3.87839298787e-05	0.0028118349162	0	0.000169679693219	2.42399561742e-05	0.00277789897756	0.000998686194375	2.42399561742e-05	0	7.27198685225e-05	0.000179375675689	0.00189071658158	4.36319211135e-05	4.84799123483e-06	4.84799123483e-06	0	0.000921118334618	0	0.000218159605567	8.24158509921e-05	0.000227855588037	0.000460559167309	0.000630238860528	2.42399561742e-05	0.000950206282027	9.69598246966e-06	0.000208463623098	1.45439737045e-05	4.84799123483e-06	4.84799123483e-06	1.93919649393e-05	1.93919649393e-05	0.00207978823974	4.84799123483e-06	4.84799123483e-06	4.84799123483e-06	0.000523583053362	0	2.42399561742e-05	9.69598246966e-06	0.000261791526681	0.000169679693219	9.69598246966e-06	0	9.69598246966e-06	1.45439737045e-05	0.000193919649393	0.000305423447794	4.36319211135e-05	0.001197453835	0.000242399561742	0.000232703579272	8.7263842227e-05	4.84799123483e-06	3.87839298787e-05	3.39359386438e-05	0.000198767640628	2.9087947409e-05	3.87839298787e-05	0	0
0.00256943535446	0.000329663403969	0.00178406077442	0	2.42399561742e-05	1.93919649393e-05	7.75678597573e-05	0.00253065142458	0.00119260584377	0.00134774156328	9.21118334618e-05	0.00015028772828	3.39359386438e-05	1.45439737045e-05	0.00222037998555	4.84799123483e-06	0.00420805639183	0.00162407706367	2.9087947409e-05	0.000145439737045	2.42399561742e-05	0.0433458896306	0.00350024967155	0.025330754202	0.00181314872183	7.27198685225e-05	0.000542975018301	0.00129926165093	0.00860518444183	0.00161922907243	0.0156638596797	0	4.84799123483e-05	0.00029087947409	0.00596302921884	8.7263842227e-05	0.000155135719515	7.27198685225e-05	0	4.84799123483e-06	0	4.84799123483e-06	0.000159983710749	2.9087947409e-05	0.000436319211135	3.39359386438e-05	4.84799123483e-06	0	0	8.24158509921e-05	0	0.000984142220671	6.30238860528e-05	4.84799123483e-06	9.69598246966e-06	0	0.000630238860528	0.00282153089867	0.000896878378444	0.000528431044597	4.84799123483e-06	4.36319211135e-05	0.000252095544211	0.0013089576334	6.30238860528e-05	0.000557518992006	0	0	2.42399561742e-05	0.000213311614333	0.00335965792574	0.000809614536217	0.00501282293682	0.00251125945964	0.000203615631863	0.000266639517916	3.87839298787e-05	0.000286031482855	0.000121199780871	0.000169679693219	8.7263842227e-05	9.69598246966e-06	9.69598246966e-06	0
0.00028118349162	0.00349540168031	0.000804766544982	0	1.93919649393e-05	0	1.93919649393e-05	0.000271487509151	0.000126047772106	0.0070004993431	3.87839298787e-05	4.36319211135e-05	1.45439737045e-05	2.42399561742e-05	0.000247247552976	2.42399561742e-05	0.00800888151994	0.000353903360143	9.69598246966e-06	2.9087947409e-05	1.45439737045e-05	0.00350024967155	0.0271778388625	0.00886697596851	0.00572547764834	0.000368447333847	0.000319967421499	0.00487223119101	0.00360205748748	0.000407231263726	0.00189556457282	0	1.45439737045e-05	0.000121199780871	0.00111988597525	0.000169679693219	0.000203615631863	0.00015028772828	0	1.93919649393e-05	0	4.84799123483e-06	0.000286031482855	4.36319211135e-05	0.00161922907243	4.36319211135e-05	0	2.42399561742e-05	4.84799123483e-06	0.00015028772828	9.69598246966e-06	0.00405776866355	9.21118334618e-05	0	9.69598246966e-06	2.9087947409e-05	0.00101323016808	0.00941479897804	0.00241914762618	0.00117321387883	2.9087947409e-05	4.84799123483e-05	0.000858094448565	0.00249671548594	0.000111503798401	0.000950206282027	0	4.84799123483e-06	0.000106655807166	0.000412079254961	0.00124593374735	0.000339359386438	0.00101323016808	0.000509039079657	0.00015028772828	4.36319211135e-05	1.45439737045e-05	0.000567214974475	0.00030057545656	0.000266639517916	9.69598246966e-05	2.42399561742e-05	0	0
0.00400444075997	0.00245793155606	0.018456302631	0	1.93919649393e-05	3.87839298787e-05	0.00015028772828	0.00286031482855	0.00175012483577	0.00149802929156	0.000198767640628	0.00044116720237	7.75678597573e-05	2.42399561742e-05	0.00348085770661	3.87839298787e-05	0.00926451124976	0.0118824265166	6.78718772876e-05	0.000625390869293	3.87839298787e-05	0.025330754202	0.00886697596851	0.0856737011019	0.00223492395926	0.00013089576334	0.00319482622375	0.0165655860494	0.00573032563957	0.0029087947409	0.0111115959102	0	8.24158509921e-05	0.000412079254961	0.00920148736371	7.75678597573e-05	0.00160953308996	0.000892030387209	0	9.69598246966e-06	0	9.69598246966e-06	0.000232703579272	1.93919649393e-05	0.000494495105953	3.87839298787e-05	9.69598246966e-06	1.93919649393e-05	4.84799123483e-06	6.78718772876e-05	4.84799123483e-06	0.00430501621653	0.000601150913119	4.84799123483e-06	7.75678597573e-05	1.93919649393e-05	0.00123623776488	0.00815432125699	0.00472679145396	0.000601150913119	2.42399561742e-05	0.000242399561742	0.00284577085485	0.00145924536168	7.75678597573e-05	0.000751438641399	0	4.84799123483e-06	2.9087947409e-05	0.000727198685225	0.00965719853979	0.00350994565402	0.0109710041644	0.00652054821085	0.000392687290021	0.000538127027066	0.000116351789636	0.00108110204537	0.000727198685225	0.000654478816702	0.000339359386438	3.39359386438e-05	1.45439737045e-05	4.84799123483e-06
0.0020603962748	0.000610846895589	0.000339359386438	0	0.010054733821	4.36319211135e-05	0.00100838217685	0.00825128108168	0.00274396303891	0.0089639357932	0.00382021709305	0.000164831701984	0.001197453835	2.42399561742e-05	0.00349055368908	0.000252095544211	0.00496434302447	0.000203615631863	9.69598246966e-06	6.30238860528e-05	0.0028118349162	0.00181314872183	0.00572547764834	0.00223492395926	0.0516989785282	6.30238860528e-05	0.000184223666924	0.00071265471152	0.0235806293662	0.00406261665479	0.00454741577827	0	4.36319211135e-05	0.00136713352822	0.00401898473368	0.000271487509151	5.8175894818e-05	3.39359386438e-05	0	0.000935662308323	0	6.30238860528e-05	0.00072235069399	0.000159983710749	0.00458135171692	0.000368447333847	4.84799123483e-06	0.000198767640628	0	0.000271487509151	2.42399561742e-05	0.00030057545656	2.42399561742e-05	4.84799123483e-06	4.84799123483e-06	0.000901726369679	0.00015028772828	0.00104231811549	0.000203615631863	0.00490131913841	4.84799123483e-06	4.84799123483e-06	9.21118334618e-05	0.00246762753853	0.000232703579272	0.00028118349162	0	9.69598246966e-06	9.69598246966e-05	0.000334511395203	0.00210887618715	0.000256943535446	0.00326754609228	0.00120714981747	0.00101807815931	0.000213311614333	9.69598246966e-06	0.000266639517916	7.27198685225e-05	0.000242399561742	8.24158509921e-05	7.27198685225e-05	0	0
4.84799123483e-06	0.00131380562464	8.24158509921e-05	0	0	4.84799123483e-06	5.8175894818e-05	1.45439737045e-05	8.7263842227e-05	0.000116351789636	2.9087947409e-05	0.00429047224283	6.30238860528e-05	0.0050661508404	0.000261791526681	4.84799123483e-06	9.69598246966e-05	0.000227855588037	0.000363599342612	0.000567214974475	0	7.27198685225e-05	0.000368447333847	0.00013089576334	6.30238860528e-05	0.0146506295117	0.0060551410523	0.00368447333847	4.36319211135e-05	0.000295727465325	9.69598246966e-06	2.9087947409e-05	7.75678597573e-05	4.84799123483e-06	0.00109564601907	2.9087947409e-05	0.00159498911626	4.84799123483e-05	0	4.84799123483e-06	0	9.69598246966e-06	1.45439737045e-05	1.45439737045e-05	9.69598246966e-06	2.9087947409e-05	0.000780526588808	1.93919649393e-05	0.0014059174581	1.93919649393e-05	0	1.93919649393e-05	0.00013089576334	0.000310271439029	0.000402383272491	2.42399561742e-05	0	1.93919649393e-05	4.84799123483e-05	9.69598246966e-06	0.00279244295126	0.00279244295126	0.00208463623098	1.45439737045e-05	2.42399561742e-05	0	5.8175894818e-05	0	0	0.000252095544211	0.000174527684454	0.00058175894818	0.000509039079657	4.36319211135e-05	1.93919649393e-05	4.84799123483e-06	0.000126047772106	6.30238860528e-05	0.000916270343383	0.000319967421499	2.42399561742e-05	0	4.84799123483e-06	0.000252095544211
0.000218159605567	0.00398989678627	0.0106558847342	0	2.9087947409e-05	2.42399561742e-05	0.000513887070892	0.000266639517916	0.000698110737816	0.000111503798401	0.000659326807937	0.013108968299	0.000533279035832	0.00445045595358	0.00156105317762	3.39359386438e-05	0.000189071658158	0.010714060629	0.00403352870738	0.0108546523748	0.000169679693219	0.000542975018301	0.000319967421499	0.00319482622375	0.000184223666924	0.0060551410523	0.076384949896	0.0269354393007	0.000397535281256	0.00190041256405	0.000416927246196	9.69598246966e-05	0.000164831701984	1.93919649393e-05	0.00924996727606	3.87839298787e-05	0.00845489671355	0.00144954937921	0	0	0	2.42399561742e-05	5.33279035832e-05	3.39359386438e-05	3.39359386438e-05	3.39359386438e-05	0.000387839298787	4.36319211135e-05	0.000596302921884	8.7263842227e-05	0	0.000106655807166	0.00180830073059	0.000329663403969	0.00116351789636	3.39359386438e-05	0.000116351789636	0.00013089576334	0.000741742658929	3.87839298787e-05	0.00310271439029	0.00731561877336	0.0070004993431	7.75678597573e-05	8.7263842227e-05	7.75678597573e-05	9.69598246966e-06	0	4.84799123483e-06	0.00116351789636	0.00366992936477	0.00430986420777	0.00606483703477	0.00121199780871	0.000101807815931	5.33279035832e-05	6.30238860528e-05	0.000702958729051	0.00239975566124	0.00109079802784	0.000213311614333	4.84799123483e-06	1.45439737045e-05	9.21118334618e-05
0.000446015193605	0.00934692710076	0.0175012483577	0	2.9087947409e-05	9.69598246966e-06	0.000116351789636	0.000305423447794	0.000237551570507	0.000392687290021	0.000111503798401	0.00180345273936	0.000116351789636	0.00262761124928	0.000586606939415	4.84799123483e-06	0.00228340387161	0.00726229086978	0.000295727465325	0.0019488924764	2.42399561742e-05	0.00129926165093	0.00487223119101	0.0165655860494	0.00071265471152	0.00368447333847	0.0269354393007	0.0744602973758	0.000620542878058	0.000620542878058	0.000955054273262	7.27198685225e-05	5.33279035832e-05	7.27198685225e-05	0.00399959276874	2.9087947409e-05	0.00686475558852	0.0020458523011	0	4.84799123483e-06	0	0	3.39359386438e-05	1.93919649393e-05	0.000106655807166	9.69598246966e-06	0.00014059174581	9.69598246966e-06	0.000159983710749	2.42399561742e-05	0	0.00145439737045	0.00136713352822	9.21118334618e-05	0.000387839298787	1.45439737045e-05	0.000305423447794	0.0032287621624	0.00363599342612	0.000106655807166	0.001197453835	0.00254034740705	0.00666113995666	0.000193919649393	2.42399561742e-05	0.000101807815931	4.84799123483e-06	4.84799123483e-06	1.45439737045e-05	0.000945358290792	0.00396565683009	0.00287001081102	0.00357781753131	0.00129926165093	5.33279035832e-05	4.84799123483e-05	4.36319211135e-05	0.000664174799172	0.00153196523021	0.000678718772876	0.000179375675689	9.69598246966e-06	0	1.93919649393e-05
0.00453287180457	0.000198767640628	0.000809614536217	0	0.00673385982518	5.33279035832e-05	0.0020603962748	0.0240993644283	0.00590970131526	0.00465891957667	0.0107383005852	0.000256943535446	0.000969598246966	3.39359386438e-05	0.00769861008091	0.000126047772106	0.00228825186284	0.0004314712199	1.45439737045e-05	0.00014059174581	0.00277789897756	0.00860518444183	0.00360205748748	0.00573032563957	0.0235806293662	4.36319211135e-05	0.000397535281256	0.000620542878058	0.0693553626055	0.00542975018301	0.010219565523	0	8.7263842227e-05	0.00176466880948	0.00608422899971	0.000315119430264	4.84799123483e-05	3.39359386438e-05	0	0.000596302921884	0	4.84799123483e-05	0.000683566764111	0.000135743754575	0.00389293696157	0.000295727465325	4.84799123483e-06	0.00015028772828	4.84799123483e-06	0.000295727465325	2.42399561742e-05	0.000489647114718	3.39359386438e-05	4.84799123483e-06	4.84799123483e-06	0.000576910956945	0.000387839298787	0.00198282841505	0.000387839298787	0.00380567311934	1.45439737045e-05	2.42399561742e-05	9.21118334618e-05	0.00262276325804	0.000247247552976	0.00056236698324	0	4.84799123483e-06	9.69598246966e-05	0.000402383272491	0.00229794784531	0.000378143316317	0.00464437560297	0.00175012483577	0.000693262746581	0.000295727465325	2.9087947409e-05	0.000378143316317	0.000101807815931	0.000315119430264	8.7263842227e-05	3.87839298787e-05	4.84799123483e-06	9.69598246966e-06
0.00980263827683	0.000101807815931	0.000615694886824	0	0.000775678597573	0.000397535281256	0.0027972909425	0.00505645485793	0.00629754061405	0.00138167750193	0.0034517697592	0.00330148203092	0.0020603962748	0.000644782834233	0.0202161234492	0.000286031482855	0.000174527684454	0.000780526588808	0.000344207377673	0.000635086851763	0.000998686194375	0.00161922907243	0.000407231263726	0.0029087947409	0.00406261665479	0.000295727465325	0.00190041256405	0.000620542878058	0.00542975018301	0.0479078493826	0.0101759336019	0	0.00246277954729	0.00642843637739	0.0170455371817	0.000106655807166	1.93919649393e-05	3.87839298787e-05	0	0.000116351789636	0	4.84799123483e-06	0.000213311614333	4.84799123483e-05	0.000993838203141	4.84799123483e-05	3.39359386438e-05	3.39359386438e-05	4.84799123483e-05	0.000106655807166	0	7.75678597573e-05	1.45439737045e-05	2.9087947409e-05	1.45439737045e-05	9.69598246966e-05	6.30238860528e-05	0.000179375675689	8.7263842227e-05	0.00101323016808	4.36319211135e-05	7.75678597573e-05	6.78718772876e-05	0.000698110737816	7.75678597573e-05	0.000101807815931	4.84799123483e-06	0	3.87839298787e-05	0.000159983710749	0.00233188378395	0.000358751351378	0.00771800204585	0.00205554828357	0.000930814317088	0.00056236698324	8.24158509921e-05	0.000179375675689	9.69598246966e-05	0.000179375675689	5.33279035832e-05	9.69598246966e-06	4.84799123483e-06	4.84799123483e-06
0.00999655792622	0.000169679693219	0.0020458523011	0	5.33279035832e-05	9.69598246966e-06	0.00014059174581	0.00865366435417	0.00303969050424	0.0022543159242	0.000223007596802	0.000106655807166	5.33279035832e-05	1.45439737045e-05	0.00676779576383	4.84799123483e-05	0.00104231811549	0.00166770898478	1.93919649393e-05	0.000121199780871	2.42399561742e-05	0.0156638596797	0.00189556457282	0.0111115959102	0.00454741577827	9.69598246966e-06	0.000416927246196	0.000955054273262	0.010219565523	0.0101759336019	0.0432634737796	0	3.87839298787e-05	0.00143985339675	0.00535703031449	0.000208463623098	8.24158509921e-05	5.8175894818e-05	0	2.42399561742e-05	0	9.69598246966e-06	0.000407231263726	6.78718772876e-05	0.00119260584377	5.33279035832e-05	4.84799123483e-06	2.42399561742e-05	0	0.000164831701984	0	0.000402383272491	3.39359386438e-05	4.84799123483e-06	9.69598246966e-06	1.45439737045e-05	0.000271487509151	0.0010714060629	0.000358751351378	0.000988990211906	0	9.69598246966e-06	0.000164831701984	0.00125562972982	0.00013089576334	0.000407231263726	0	0	6.78718772876e-05	0.000319967421499	0.00172103688837	0.000504191088423	0.00323361015363	0.00133804558081	0.000198767640628	0.00015028772828	9.69598246966e-06	0.000261791526681	9.21118334618e-05	0.000295727465325	7.75678597573e-05	9.69598246966e-06	4.84799123483e-06	0
0	0	0	0	0	0	0	0	0	0	0	1.93919649393e-05	0	7.75678597573e-05	0	0	0	0	0	0	0	0	0	0	0	2.9087947409e-05	9.69598246966e-05	7.27198685225e-05	0	0	0	0.000101807815931	0	0	0	0	0	0	0	0	0	0	0	0	0	0	0	0	9.69598246966e-06	0	0	0	0	0	0	0	0	0	0	0	9.69598246966e-06	9.69598246966e-06	4.84799123483e-06	0	0	0	0	0	0	0	0	4.84799123483e-06	0	0	0	0	0	0	4.84799123483e-06	0	0	0	0	0
