0.0376127185604	0	0.0055133428478	0	0.000578043899444	7.97301930268e-06	0.000263109636988	0.00833579168095	0.00590003428398	0.000127568308843	0.00135541328146	0.0016225094281	0.000370745397575	0.000526219273977	0.0214314758856	1.99325482567e-05	1.99325482567e-05	0.0014909546096	9.16897219808e-05	0.00286231392966	0.00424164626903	0.0124538561508	0	0.0140125814245	0.00169426660182	0	0.00335664112643	0.00279852977524	0.0084793060284	0.0175207099176	0.021666679955	0	0	0.00159460386054	0.00790126212896	0	0	0	0	0.000466421629207	0	2.79055675594e-05	0	7.97301930268e-06	0.000410610494088	7.57436833755e-05	7.57436833755e-05	0.000211285011521	0	1.1959528954e-05	0	1.59460386054e-05	0	8.37167026781e-05	1.59460386054e-05	7.17571737241e-05	2.3919057908e-05	0	6.37841544214e-05	0.00077338287236	0	3.98650965134e-05	3.98650965134e-05	0.000454462100253	1.1959528954e-05	0	0	0	0	0.000139527837797	0.00179791585275	0.000203311992218	0.00647409167378	0.000151487366751	2.79055675594e-05	0	0	6.77706640728e-05	3.58785868621e-05	0.000115608779889	3.18920772107e-05	2.79055675594e-05	0	2.79055675594e-05
0	0.0243456144407	0.00083318051713	0	0	0	0	0	0	0.00365562935028	0	0	0	0	0	0	0.00185771349752	0	0	0	0	2.79055675594e-05	0.0080447764764	0.000334866810713	0.0031134640377	0.00159460386054	0.00657375441506	0.021586949762	3.58785868621e-05	0	0	0	0	0	7.97301930268e-06	0	0.0100061392249	0.00107237109621	0	0	0	0	0	0.00011959528954	2.3919057908e-05	0	7.97301930268e-06	0	7.17571737241e-05	0.000283042185245	0	1.99325482567e-05	0.000203311992218	3.98650965134e-06	2.79055675594e-05	0	2.79055675594e-05	4.38516061647e-05	0.000175406424659	1.1959528954e-05	0.00017939293431	0.000426556532693	0.00967127241415	7.97301930268e-06	0.000302974733502	7.97301930268e-06	0	0	0	0.0011959528954	2.3919057908e-05	1.59460386054e-05	3.98650965134e-06	0	2.3919057908e-05	0	0	0.000155473876402	1.1959528954e-05	0.000609935976655	2.79055675594e-05	0	0	0
0.0055133428478	0.00083318051713	0.0592714254961	0	1.1959528954e-05	0	2.3919057908e-05	0.000151487366751	0.000398650965134	4.38516061647e-05	2.79055675594e-05	0.000131554818494	0	0	0.00320515375968	3.98650965134e-06	0.000139527837797	0.011457228738	2.3919057908e-05	0.000195338972916	5.18246254674e-05	0.00841552187398	0.000546151822234	0.0256771086643	0.000175406424659	0	0.0102054647074	0.019151192365	0.000183379443962	0.00456455355078	0.00844342744154	3.98650965134e-06	0	0.00056608437049	0.0035719126476	0	0.00103649250935	0.00308157196049	0	3.98650965134e-06	0	3.98650965134e-06	3.18920772107e-05	0.000167433405356	0.000103649250935	3.18920772107e-05	1.59460386054e-05	2.3919057908e-05	0	1.1959528954e-05	0	0.00139129186832	0.000346826339667	1.59460386054e-05	7.97301930268e-06	1.1959528954e-05	0.00111622270238	0.00324103234654	0.00338056018434	0.000155473876402	0	0.000526219273977	0.00343637131945	0.000151487366751	0.000231217559778	4.38516061647e-05	0	0	0	0.00727936662335	0.00878626727155	0.00299386874816	0.00261913684093	0.000223244540475	3.98650965134e-06	0	0	0.00293407110339	0.000757436833755	0.00291015204548	0.000171419915008	1.1959528954e-05	1.59460386054e-05	7.97301930268e-06
0	0	0	0	0	0	0	0	0	0	0	0	0	0	0	0	0	0	0	0	0	0	0	0	0	0	0	0	0	0	0	0	0	0	0	0	0	0	0	0	0	0	0	0	0	0	0	0	0	0	0	0	0	0	0	0	0	0	0	0	0	0	0	0	0	0	0	0	0	0	0	0	0	0	0	0	0	0	0	0	0	0	0	0
0.000578043899444	0	1.1959528954e-05	0	0.0223882382019	1.99325482567e-05	0.000382704926529	0.00109230364447	0.000434529551996	0.00257528523477	0.00062588201526	0.00204109294149	0.00417387560495	0.000346826339667	0.00251150108034	5.58111351188e-05	0	3.58785868621e-05	0.000291015204548	0.000908924200505	0.0078813295807	1.59460386054e-05	0	3.18920772107e-05	0.0136338630076	3.98650965134e-06	0.00161054989914	0.000354799358969	0.00676112036867	0.00247562249348	0.000115608779889	3.98650965134e-06	3.98650965134e-06	0.000187365953613	0.00315731564386	0	0	0	0	0.00486752828429	0	0.000295001714199	0	3.98650965134e-06	0.00461637817625	0.00169426660182	0.000199325482567	0.00344035782911	2.3919057908e-05	7.97301930268e-06	4.78381158161e-05	3.98650965134e-06	0	0.000131554818494	1.99325482567e-05	0.00702024349601	0	0	0	0.00364366982132	1.1959528954e-05	7.17571737241e-05	4.78381158161e-05	0.000143514347448	1.1959528954e-05	0	3.98650965134e-06	0	0	0.000231217559778	0.000334866810713	6.77706640728e-05	0.00305765290258	7.17571737241e-05	0.000275069165942	0	3.98650965134e-06	1.59460386054e-05	8.77032123295e-05	8.77032123295e-05	3.98650965134e-06	0.000211285011521	3.98650965134e-06	3.98650965134e-05
7.97301930268e-06	0	0	0	1.99325482567e-05	0.00562895162769	0.00279055675594	0.000171419915008	0.000717571737241	2.3919057908e-05	0.000159460386054	0	4.78381158161e-05	1.1959528954e-05	0.000211285011521	0.00167034754391	0	0	0	0	4.38516061647e-05	0	0	3.98650965134e-06	5.58111351188e-05	0	3.98650965134e-06	0	0.000107635760586	0.000243177088732	3.98650965134e-05	0	0.00245967645488	3.18920772107e-05	0.00105642505761	0	0	0	0	0	0	0	0	0	0	0	0	0	0	0	0	0	0	0	0	0	0	0	0	0	0	0	0	0	0	0	0	0	0	0	0.000247163598383	7.97301930268e-06	0.000330880301061	0.000362772378272	0.0022284588951	0.000701625698636	0	0	0	0	0	0	0	0
0.000263109636988	0	2.3919057908e-05	0	0.000382704926529	0.00279055675594	0.027407253853	0.00338853320364	0.011867839232	4.38516061647e-05	0.0112339841975	0.000470408138858	0.00620300901748	2.3919057908e-05	0.00434529551996	0.00257927174442	0	1.59460386054e-05	9.56762316322e-05	4.78381158161e-05	0.00241981135836	3.98650965134e-05	0	0.000131554818494	0.000657774092471	0	5.18246254674e-05	2.3919057908e-05	0.00157068480263	0.00229224304952	0.000621895505609	0	0.000932843258414	0.000562097860839	0.00122385846296	0	0	0	0	2.79055675594e-05	0	0	3.98650965134e-06	0	1.59460386054e-05	3.98650965134e-06	3.98650965134e-06	3.98650965134e-06	0	0	0	0	0	3.98650965134e-06	0	0	0	0	0	4.38516061647e-05	0	0	0	2.79055675594e-05	0	3.98650965134e-06	0	0	0	1.1959528954e-05	0.000374731907226	4.38516061647e-05	0.00106041156726	0.000402637474785	0.00246366296453	0.000199325482567	0	1.1959528954e-05	0	1.1959528954e-05	0	0	0	0
0.00833579168095	0	0.000151487366751	0	0.00109230364447	0.000171419915008	0.00338853320364	0.0488506892675	0.010392830661	0.00131953469459	0.0135979844207	0.000115608779889	8.37167026781e-05	5.58111351188e-05	0.0113974310932	0.000701625698636	1.99325482567e-05	3.58785868621e-05	7.97301930268e-06	7.17571737241e-05	0.000123581799192	0.00414597003739	0	0.0046203646859	0.00398252314169	0	0.000103649250935	5.18246254674e-05	0.0286311123159	0.0090772824761	0.0104526283058	3.98650965134e-06	9.96627412835e-05	0.00700828396706	0.0062588201526	0	7.97301930268e-06	0	0	0.0014829815903	0	1.99325482567e-05	1.1959528954e-05	1.59460386054e-05	0.00315731564386	0.000211285011521	0.000123581799192	0.000243177088732	0	2.79055675594e-05	0	3.98650965134e-06	0	0.000107635760586	3.98650965134e-06	0.000394664455483	1.1959528954e-05	7.17571737241e-05	3.98650965134e-06	0.00302974733502	0	3.98650965134e-06	1.1959528954e-05	0.0013514267718	3.98650965134e-06	3.98650965134e-06	0	0	0	0.000123581799192	0.000761423343406	0.000103649250935	0.00538976104861	0.00095277580667	0.00150690064821	3.98650965134e-06	3.98650965134e-06	0.000430543042345	0.000115608779889	6.37841544214e-05	0	0.000151487366751	3.98650965134e-06	4.38516061647e-05
0.00590003428398	0	0.000398650965134	0	0.000434529551996	0.000717571737241	0.011867839232	0.010392830661	0.039709622637	5.58111351188e-05	0.0151886017716	0.00144710300344	0.00249156853209	0.00020729850187	0.0224320898081	0.000426556532693	7.97301930268e-06	4.38516061647e-05	0.00011959528954	0.000474394648509	0.00355198009934	0.00221251285649	0	0.00284636789106	0.00102453298039	0	0.000251150108034	0.000283042185245	0.00515455697918	0.0080368034571	0.00317724819212	3.98650965134e-06	0.000605949467004	0.00159460386054	0.00373535954331	0	0	0	0	0.000159460386054	0	1.1959528954e-05	0	3.98650965134e-06	0.000191352463264	1.1959528954e-05	1.1959528954e-05	3.18920772107e-05	3.98650965134e-06	7.97301930268e-06	0	0	0	1.1959528954e-05	0	1.59460386054e-05	1.1959528954e-05	0	0	0.000211285011521	0	0	0	0.00017939293431	3.98650965134e-06	3.98650965134e-06	0	0	0	1.99325482567e-05	0.0011800068568	9.16897219808e-05	0.00269089401465	0.000829194007479	0.000741490795149	0.000163446895705	4.78381158161e-05	7.57436833755e-05	7.97301930268e-06	1.99325482567e-05	0	2.79055675594e-05	0	3.98650965134e-06
0.000127568308843	0.00365562935028	4.38516061647e-05	0	0.00257528523477	2.3919057908e-05	4.38516061647e-05	0.00131953469459	5.58111351188e-05	0.027909554069	0.000219258030824	0.000322907281759	0.00065378758282	0.000283042185245	0.000263109636988	0.00032689379141	0.00277062420768	3.98650965134e-06	3.98650965134e-06	6.37841544214e-05	0.000362772378272	0.00138730535867	0.00918093172704	0.000426556532693	0.0166277317557	0.000574057389793	0.001040479019	0.00411407796018	0.00904937690854	0.000474394648509	0.000151487366751	3.98650965134e-06	3.98650965134e-06	0.000478381158161	0.00210089058626	0	0.000302974733502	7.97301930268e-06	0	0.00276265118838	0	0.000275069165942	1.99325482567e-05	7.57436833755e-05	0.0147022475941	0.00106439807691	0.000223244540475	0.00270285354361	3.98650965134e-05	0.00011959528954	8.37167026781e-05	7.57436833755e-05	0	0.000295001714199	1.99325482567e-05	0.00314535611491	0.00092088372946	0.00109230364447	3.98650965134e-06	0.00749463814452	5.18246254674e-05	2.3919057908e-05	0.000414597003739	0.00423765975937	2.79055675594e-05	3.98650965134e-06	0	0	0	9.16897219808e-05	0.00158663084123	7.17571737241e-05	0.00106838458656	0.000342839830015	0.00196136274846	0	1.1959528954e-05	0.00191352463264	0.000287028694896	0.000103649250935	2.79055675594e-05	0.000418583513391	4.38516061647e-05	7.57436833755e-05
0.00135541328146	0	2.79055675594e-05	0	0.00062588201526	0.000159460386054	0.0112339841975	0.0135979844207	0.0151886017716	0.000219258030824	0.0355158144838	0.001040479019	0.00357589915725	6.37841544214e-05	0.0092088372946	0.000187365953613	3.98650965134e-06	7.17571737241e-05	0.000115608779889	0.000358785868621	0.00183778094927	0.00017939293431	0	0.00032689379141	0.000873045613643	0	0.000430543042345	3.58785868621e-05	0.00619104948853	0.00689267518717	0.00131554818494	0	7.17571737241e-05	0.00349218245457	0.00550138331885	0	0	1.1959528954e-05	0	7.17571737241e-05	0	0	3.98650965134e-06	0	0.000279055675594	0.000163446895705	1.1959528954e-05	9.16897219808e-05	0	0	0	0	0	1.1959528954e-05	0	0.000219258030824	0	0	7.97301930268e-06	0.000334866810713	0	0	2.3919057908e-05	7.57436833755e-05	0	3.98650965134e-06	0	0	0	2.3919057908e-05	0.000597976447701	7.17571737241e-05	0.00414198352774	0.000745477304801	0.000103649250935	3.98650965134e-06	0	6.77706640728e-05	7.97301930268e-06	3.98650965134e-05	3.18920772107e-05	1.59460386054e-05	0	3.98650965134e-06
0.0016225094281	0	0.000131554818494	0	0.00204109294149	0	0.000470408138858	0.000115608779889	0.00144710300344	0.000322907281759	0.001040479019	0.0371343374022	0.00716774435311	0.00863876641445	0.0164323927828	1.59460386054e-05	3.98650965134e-06	0.000514259745023	0.00374731907226	0.00897363322517	0.0120791242436	0.000139527837797	0	0.000243177088732	0.00117602034715	0.000841153536433	0.00757038182789	0.00110027666377	0.0020729850187	0.0181027403267	0.00026709614664	0.000801288439919	3.58785868621e-05	0.000291015204548	0.0243775065179	0	7.57436833755e-05	0	0	0.000554124841536	0	0.000374731907226	6.77706640728e-05	0.000171419915008	0.000167433405356	0.00023919057908	0.000426556532693	0.000940816277716	0.000765409853057	0.000203311992218	0	0	0	0.000227231050126	4.38516061647e-05	0.000306961243153	7.97301930268e-06	0	3.98650965134e-06	0.00180588887206	0.000251150108034	0.000143514347448	0.000115608779889	0.000960748825973	5.97976447701e-05	0	7.97301930268e-06	0	0	0.000382704926529	0.0026709614664	0.0043094169331	0.0206182279167	0.000458448609904	4.38516061647e-05	0	0.000530205783628	0.000793315420617	0.000227231050126	0.000302974733502	2.3919057908e-05	0.000689666169682	1.59460386054e-05	0.000231217559778
0.000370745397575	0	0	0	0.00417387560495	4.78381158161e-05	0.00620300901748	8.37167026781e-05	0.00249156853209	0.00065378758282	0.00357589915725	0.00716774435311	0.0362214266921	0.00050628672572	0.0100180987538	0.000546151822234	0	8.77032123295e-05	0.00153480621577	0.00203311992218	0.0156151583043	2.79055675594e-05	0	5.58111351188e-05	0.00288623298757	3.18920772107e-05	0.00228427003022	0.000306961243153	0.00259920429267	0.00915701266913	1.59460386054e-05	3.98650965134e-06	2.79055675594e-05	0.000163446895705	0.00813247968873	0.00011959528954	0	3.98650965134e-06	0	0.000518246254674	0	0.00322109979828	2.3919057908e-05	0.00146703555169	0.000131554818494	0.000530205783628	0.000677706640728	0.00804078996675	8.37167026781e-05	0.00128764261738	1.59460386054e-05	0	3.98650965134e-06	0.000259123127337	4.38516061647e-05	0.0050548942379	5.58111351188e-05	0	6.77706640728e-05	0.000123581799192	3.98650965134e-05	7.57436833755e-05	0.00011959528954	8.77032123295e-05	0.000482367667812	0.000103649250935	0	0	0	0.000881018632946	0.000187365953613	0.000103649250935	0.00707206812148	0.000115608779889	0.00150690064821	0	7.97301930268e-06	9.96627412835e-05	0.00017939293431	0.000450475590601	1.1959528954e-05	0.00020729850187	3.98650965134e-06	0.000259123127337
0.000526219273977	0	0	0	0.000346826339667	1.1959528954e-05	2.3919057908e-05	5.58111351188e-05	0.00020729850187	0.000283042185245	6.37841544214e-05	0.00863876641445	0.00050628672572	0.0212361369127	0.00142318394553	0	0	0	7.97301930268e-06	2.79055675594e-05	0.000737504285498	0	0	3.98650965134e-06	0.000235204069429	0.00582429060061	0.00350414198353	0.00105243854795	0.000406623984437	0.00289819251652	2.3919057908e-05	0.00167832056321	1.99325482567e-05	4.78381158161e-05	0.00564888417595	0	9.56762316322e-05	0	0	0.000466421629207	0	0.000502300216069	6.37841544214e-05	0.000167433405356	6.37841544214e-05	0.000227231050126	0.00273873213047	0.00102054647074	0.00736308332602	0.000231217559778	0	0	0	0.00017939293431	2.3919057908e-05	0.000322907281759	3.98650965134e-06	0	0	0.00158264433158	0.00360779123446	0.00050628672572	0.000322907281759	0.000865072594341	7.17571737241e-05	0	4.78381158161e-05	3.98650965134e-06	0	0.000394664455483	0.000586016918747	0.00316528866316	0.00569273578211	0.00129162912703	0	1.59460386054e-05	0.00131156167529	0.000673720131076	0.00106041156726	0.000346826339667	3.98650965134e-06	0.000701625698636	3.58785868621e-05	0.0010325059997
0.0214314758856	0	0.00320515375968	0	0.00251150108034	0.000211285011521	0.00434529551996	0.0113974310932	0.0224320898081	0.000263109636988	0.0092088372946	0.0164323927828	0.0100180987538	0.00142318394553	0.0656817330155	0.000107635760586	1.99325482567e-05	0.000661760602122	0.0029819092192	0.0077497747622	0.0170503017788	0.00710794670834	3.98650965134e-06	0.00958356920182	0.00309353148944	7.97301930268e-06	0.00497516404487	0.00266697495675	0.0104725608541	0.0365443339738	0.0121189893401	1.1959528954e-05	0.000366758887923	0.00189757859404	0.0234087846727	0	1.1959528954e-05	0	0	0.00038669143618	0	0.000107635760586	1.99325482567e-05	4.38516061647e-05	0.000442502571299	5.97976447701e-05	7.17571737241e-05	0.000275069165942	0.000123581799192	5.58111351188e-05	0	7.97301930268e-06	0	7.57436833755e-05	7.97301930268e-06	0.000115608779889	2.79055675594e-05	0	3.18920772107e-05	0.000689666169682	0.000111622270238	0.000107635760586	7.17571737241e-05	0.000402637474785	2.79055675594e-05	0	3.98650965134e-06	0	0	0.000123581799192	0.00240386531976	0.000354799358969	0.0170662478174	0.00129561563669	0.000302974733502	0	0.00017939293431	0.000115608779889	2.79055675594e-05	8.77032123295e-05	1.59460386054e-05	4.78381158161e-05	7.97301930268e-06	3.98650965134e-05
1.99325482567e-05	0	3.98650965134e-06	0	5.58111351188e-05	0.00167034754391	0.00257927174442	0.000701625698636	0.000426556532693	0.00032689379141	0.000187365953613	1.59460386054e-05	0.000546151822234	0	0.000107635760586	0.00646611865447	0	0	0	0	0.000219258030824	3.58785868621e-05	3.98650965134e-06	5.18246254674e-05	0.000462435119555	0	0	0	0.000865072594341	0.000131554818494	2.79055675594e-05	0	0.00065378758282	5.97976447701e-05	0.000223244540475	0	0	0	0	3.98650965134e-06	0	0	0	0	3.98650965134e-06	0	0	0	0	0	0	0	0	0	0	0	3.98650965134e-06	0	0	7.97301930268e-06	0	0	0	3.98650965134e-06	0	0	0	0	0	3.98650965134e-06	0.000183379443962	0	0.00020729850187	5.58111351188e-05	0.004767865543	0	0	3.98650965134e-06	0	3.98650965134e-06	0	7.97301930268e-06	0	0
1.99325482567e-05	0.00185771349752	0.000139527837797	0	0	0	0	1.99325482567e-05	7.97301930268e-06	0.00277062420768	3.98650965134e-06	3.98650965134e-06	0	0	1.99325482567e-05	0	0.021666679955	0	0	2.3919057908e-05	2.3919057908e-05	0.00574057389793	0.0156669829298	0.00641828053866	0.00786139703244	7.57436833755e-05	0.000478381158161	0.00426157881728	0.000673720131076	7.97301930268e-05	3.98650965134e-06	0	0	1.99325482567e-05	0.000107635760586	0	3.58785868621e-05	7.97301930268e-06	0	7.97301930268e-06	0	3.58785868621e-05	2.3919057908e-05	3.18920772107e-05	0.00239987881011	3.98650965134e-06	1.59460386054e-05	1.1959528954e-05	3.98650965134e-06	0	0	0.00122784497261	0	1.99325482567e-05	3.98650965134e-06	0	0.00216068823103	0.00466022978242	0.0008929781619	0.000518246254674	3.98650965134e-06	1.1959528954e-05	0.000498313706417	0.00255136617686	0	7.97301930268e-06	0	0	0	1.59460386054e-05	0.00201318737393	0.000785342401314	5.97976447701e-05	2.3919057908e-05	2.3919057908e-05	0	0	0.000203311992218	1.59460386054e-05	3.98650965134e-06	0	1.1959528954e-05	3.98650965134e-06	0
0.0014909546096	0	0.011457228738	0	3.58785868621e-05	0	1.59460386054e-05	3.58785868621e-05	4.38516061647e-05	3.98650965134e-06	7.17571737241e-05	0.000514259745023	8.77032123295e-05	0	0.000661760602122	0	0	0.0241662215064	0	0.00384299530389	0.000514259745023	0.00218859379859	7.97301930268e-06	0.00805274949571	2.79055675594e-05	0	0.00927660795867	0.00463232421486	0.000191352463264	0.00142717045518	0.00310947752805	0	0	0.000175406424659	0.00682091801344	0	9.56762316322e-05	3.98650965134e-06	0	0	0	0	0	0	1.1959528954e-05	0	1.1959528954e-05	0	0	0	0	1.1959528954e-05	0	1.1959528954e-05	1.59460386054e-05	0	2.3919057908e-05	5.97976447701e-05	3.98650965134e-05	3.98650965134e-06	0	0.000163446895705	0.000171419915008	7.97301930268e-06	3.98650965134e-06	0	0	0	0	0.000227231050126	0.001040479019	0.000183379443962	0.00233210814603	8.37167026781e-05	0	0	0	2.79055675594e-05	3.98650965134e-06	0.000223244540475	3.58785868621e-05	0	0	0
9.16897219808e-05	0	2.3919057908e-05	0	0.000291015204548	0	9.56762316322e-05	7.97301930268e-06	0.00011959528954	3.98650965134e-06	0.000115608779889	0.00374731907226	0.00153480621577	7.97301930268e-06	0.0029819092192	0	0	0	0.00464428374381	0.00277859722698	0.00235602720394	3.18920772107e-05	0	3.18920772107e-05	0.000183379443962	0	0.00115608779889	3.58785868621e-05	0.00017939293431	0.00295400365164	2.79055675594e-05	0	0	3.18920772107e-05	0.00316130215351	0	0	0	0	3.98650965134e-06	0	0	0	0	7.97301930268e-06	0	1.99325482567e-05	0	1.99325482567e-05	0	0	0	0	3.58785868621e-05	3.98650965134e-06	0	0	0	0	7.97301930268e-06	0	5.18246254674e-05	0	0	0	0	3.98650965134e-06	0	0	0	0.000334866810713	0.000430543042345	0.0026709614664	5.97976447701e-05	0	0	3.98650965134e-06	0	0	0	0	0	0	0
0.00286231392966	0	0.000195338972916	0	0.000908924200505	0	4.78381158161e-05	7.17571737241e-05	0.000474394648509	6.37841544214e-05	0.000358785868621	0.00897363322517	0.00203311992218	2.79055675594e-05	0.0077497747622	0	2.3919057908e-05	0.00384299530389	0.00277859722698	0.0217185045805	0.00699233792845	0.000259123127337	0	0.000542165312582	0.000374731907226	0	0.011182159572	0.000394664455483	0.00150291413856	0.00826403450723	0.000418583513391	7.97301930268e-06	0	0.00062588201526	0.0135979844207	0	3.98650965134e-06	3.98650965134e-06	0	3.98650965134e-05	0	7.97301930268e-06	0	1.59460386054e-05	6.37841544214e-05	1.59460386054e-05	7.97301930268e-05	4.78381158161e-05	0.000131554818494	3.98650965134e-05	0	1.1959528954e-05	3.98650965134e-06	0.000107635760586	0.000187365953613	2.3919057908e-05	2.79055675594e-05	0	7.97301930268e-06	0.000127568308843	9.16897219808e-05	0.000538178802931	7.97301930268e-05	5.58111351188e-05	3.98650965134e-06	1.1959528954e-05	2.3919057908e-05	0	0	9.56762316322e-05	0.00224839144336	0.0020969040766	0.0107316839814	0.000211285011521	7.97301930268e-06	0	3.98650965134e-06	6.77706640728e-05	1.99325482567e-05	4.38516061647e-05	3.18920772107e-05	1.1959528954e-05	0	0
0.00424164626903	0	5.18246254674e-05	0	0.0078813295807	4.38516061647e-05	0.00241981135836	0.000123581799192	0.00355198009934	0.000362772378272	0.00183778094927	0.0120791242436	0.0156151583043	0.000737504285498	0.0170503017788	0.000219258030824	2.3919057908e-05	0.000514259745023	0.00235602720394	0.00699233792845	0.0331438412412	3.58785868621e-05	0	0.000103649250935	0.00486354177463	3.98650965134e-06	0.00603158910248	0.00105642505761	0.00541368010652	0.0160457013466	7.57436833755e-05	7.97301930268e-06	2.3919057908e-05	0.000434529551996	0.0171380049911	2.3919057908e-05	1.1959528954e-05	0	0	4.78381158161e-05	0	0.00011959528954	3.98650965134e-06	5.97976447701e-05	0.000235204069429	0.000155473876402	0.000107635760586	0.000358785868621	7.57436833755e-05	0	0	7.97301930268e-06	3.98650965134e-06	0.000107635760586	1.59460386054e-05	0.000474394648509	2.79055675594e-05	0	3.18920772107e-05	0.000231217559778	7.17571737241e-05	0.0001475008571	9.96627412835e-05	3.18920772107e-05	3.98650965134e-06	2.3919057908e-05	7.97301930268e-06	0	0	0.000123581799192	0.00119993940505	0.000255136617686	0.015264345455	0.000306961243153	0.000829194007479	0	7.97301930268e-06	4.78381158161e-05	2.3919057908e-05	0.00011959528954	2.3919057908e-05	7.97301930268e-06	0	1.1959528954e-05
0.0124538561508	2.79055675594e-05	0.00841552187398	0	1.59460386054e-05	0	3.98650965134e-05	0.00414597003739	0.00221251285649	0.00138730535867	0.00017939293431	0.000139527837797	2.79055675594e-05	0	0.00710794670834	3.58785868621e-05	0.00574057389793	0.00218859379859	3.18920772107e-05	0.000259123127337	3.58785868621e-05	0.058095405149	0.00625483364295	0.033717898631	0.00265501542779	0	0.000924870239111	0.00429347089449	0.00770592315604	0.00733916426812	0.0261196112356	0	0	0.00355198009934	0.00745078653835	0	0	1.1959528954e-05	0	2.3919057908e-05	0	3.98650965134e-06	3.98650965134e-06	3.98650965134e-06	0.00145108951309	0	1.1959528954e-05	1.1959528954e-05	0	0	0	0.000271082656291	0	1.1959528954e-05	3.98650965134e-06	0	0.00441306618403	0.00319319423072	0.00106439807691	0.000211285011521	0	3.98650965134e-06	6.37841544214e-05	0.00190953812299	7.97301930268e-06	0	0	0	0	8.77032123295e-05	0.00455658053148	0.00145108951309	0.0047598925237	0.000964735335624	1.99325482567e-05	0	0	0.000183379443962	4.38516061647e-05	8.77032123295e-05	4.78381158161e-05	3.18920772107e-05	0	7.97301930268e-06
0	0.0080447764764	0.000546151822234	0	0	0	0	0	0	0.00918093172704	0	0	0	0	3.98650965134e-06	3.98650965134e-06	0.0156669829298	7.97301930268e-06	0	0	0	0.00625483364295	0.0418942299259	0.0126053435175	0.0096752589238	0.000904937690854	0.00139129186832	0.0188402446122	0.000291015204548	3.98650965134e-06	0	0	0	0	1.1959528954e-05	0	0.0014909546096	0.000753450324103	0	3.98650965134e-06	0	3.98650965134e-06	7.97301930268e-06	7.97301930268e-06	0.00255535268651	3.98650965134e-06	1.59460386054e-05	7.97301930268e-06	1.1959528954e-05	0	3.98650965134e-06	0.00630267175877	7.97301930268e-06	1.99325482567e-05	3.98650965134e-06	3.98650965134e-06	0.00369150793714	0.0138491345288	0.00286630043931	0.000590003428398	2.3919057908e-05	1.1959528954e-05	0.00456854006044	0.00260717731198	0	7.97301930268e-06	0	0	0	0.000107635760586	0.000111622270238	2.3919057908e-05	7.97301930268e-06	3.98650965134e-06	0.000306961243153	0	0	0.000801288439919	3.18920772107e-05	8.77032123295e-05	3.58785868621e-05	0	3.98650965134e-06	0
0.0140125814245	0.000334866810713	0.0256771086643	0	3.18920772107e-05	3.98650965134e-06	0.000131554818494	0.0046203646859	0.00284636789106	0.000426556532693	0.00032689379141	0.000243177088732	5.58111351188e-05	3.98650965134e-06	0.00958356920182	5.18246254674e-05	0.00641828053866	0.00805274949571	3.18920772107e-05	0.000542165312582	0.000103649250935	0.033717898631	0.0126053435175	0.0986860464189	0.000845140046084	3.98650965134e-06	0.00106439807691	0.0183299713769	0.00697639188984	0.00809660110187	0.018808352535	0	0	0.0026789344857	0.00577645248479	0	0.000171419915008	5.18246254674e-05	0	0.000107635760586	0	7.17571737241e-05	5.58111351188e-05	7.97301930268e-05	0.000338853320364	3.98650965134e-05	7.57436833755e-05	5.97976447701e-05	7.97301930268e-06	2.3919057908e-05	0	0.00720760944962	3.98650965134e-06	8.37167026781e-05	2.79055675594e-05	1.59460386054e-05	0.0020969040766	0.0160576608756	0.00606348117969	0.000450475590601	3.98650965134e-06	2.79055675594e-05	0.00217663426963	0.000510273235372	9.96627412835e-05	3.98650965134e-06	0	0	0	0.00193744369055	0.0162769189064	0.00376326511086	0.00662956555018	0.00137135932006	3.18920772107e-05	0	0	0.00271879958221	0.000163446895705	0.00188960557474	0.000562097860839	0.000107635760586	3.58785868621e-05	1.59460386054e-05
0.00169426660182	0.0031134640377	0.000175406424659	0	0.0136338630076	5.58111351188e-05	0.000657774092471	0.00398252314169	0.00102453298039	0.0166277317557	0.000873045613643	0.00117602034715	0.00288623298757	0.000235204069429	0.00309353148944	0.000462435119555	0.00786139703244	2.79055675594e-05	0.000183379443962	0.000374731907226	0.00486354177463	0.00265501542779	0.0096752589238	0.000845140046084	0.0571426293423	0.000259123127337	0.0013434537525	0.00434529551996	0.0267853583474	0.00612726533411	0.00388286040041	0	1.99325482567e-05	0.00466022978242	0.00538577453896	0	0.000255136617686	7.97301930268e-06	0	0.00590003428398	0	3.18920772107e-05	0.000103649250935	1.59460386054e-05	0.0167792191225	0.00194940321951	6.77706640728e-05	0.00290217902618	1.1959528954e-05	3.98650965134e-06	0.00011959528954	4.78381158161e-05	0	0.000127568308843	1.99325482567e-05	0.00555320794432	0.000255136617686	0.000900951181203	1.1959528954e-05	0.0109629015412	1.59460386054e-05	4.38516061647e-05	0.00032689379141	0.00499908310278	3.98650965134e-06	1.1959528954e-05	3.98650965134e-06	0	0	7.97301930268e-06	0.00366360236958	0.000302974733502	0.00322508630793	0.000414597003739	0.00262710986023	0	0	0.00130757516564	0.000111622270238	4.38516061647e-05	3.18920772107e-05	0.000171419915008	3.18920772107e-05	0
0	0.00159460386054	0	0	3.98650965134e-06	0	0	0	0	0.000574057389793	0	0.000841153536433	3.18920772107e-05	0.00582429060061	7.97301930268e-06	0	7.57436833755e-05	0	0	0	3.98650965134e-06	0	0.000904937690854	3.98650965134e-06	0.000259123127337	0.0126531816334	0.00310947752805	0.00429745740414	0	1.1959528954e-05	0	7.17571737241e-05	0	0	3.98650965134e-05	0	0.00135939979111	0	0	3.98650965134e-06	0	7.57436833755e-05	0	5.58111351188e-05	2.3919057908e-05	0	0.00190953812299	7.97301930268e-05	0.00486354177463	1.1959528954e-05	7.97301930268e-06	0	0	2.79055675594e-05	0	2.3919057908e-05	0	2.3919057908e-05	0	7.97301930268e-06	0.00399846918029	0.000546151822234	0.00171021264042	7.97301930268e-06	0	0	1.99325482567e-05	2.3919057908e-05	0	0.000199325482567	1.59460386054e-05	0.00140723790692	7.97301930268e-05	0	0	0	0.000761423343406	8.37167026781e-05	0.00104446552865	0.000131554818494	7.97301930268e-06	3.18920772107e-05	0	0.00116007430854
0.00335664112643	0.00657375441506	0.0102054647074	0	0.00161054989914	3.98650965134e-06	5.18246254674e-05	0.000103649250935	0.000251150108034	0.001040479019	0.000430543042345	0.00757038182789	0.00228427003022	0.00350414198353	0.00497516404487	0	0.000478381158161	0.00927660795867	0.00115608779889	0.011182159572	0.00603158910248	0.000924870239111	0.00139129186832	0.00106439807691	0.0013434537525	0.00310947752805	0.093116892436	0.0358227757269	0.00224839144336	0.00615517090167	0.000709598717938	0.00230021606882	3.98650965134e-06	0.000805274949571	0.0128166285291	0	0.0103290465066	0.000167433405356	0	0.000131554818494	0	9.16897219808e-05	1.59460386054e-05	0.000314934262456	0.000223244540475	0.000247163598383	0.00397455012239	0.000195338972916	0.00839957583537	0.0012039259147	0	5.58111351188e-05	0.000518246254674	0.00283839487175	0.00112020921203	7.17571737241e-05	0.0001475008571	9.96627412835e-05	0.000151487366751	0.000430543042345	0.00886599746458	0.0157307670842	0.0138491345288	0.000271082656291	0.00117203383749	3.18920772107e-05	0.000518246254674	7.97301930268e-06	0	0.00501104263173	0.0124100045446	0.01109046985	0.011708378846	0.000629868524912	1.1959528954e-05	0	7.97301930268e-06	0.00384698181354	0.00105243854795	0.00353603406074	0.000398650965134	5.18246254674e-05	0	0.000211285011521
0.00279852977524	0.021586949762	0.019151192365	0	0.000354799358969	0	2.3919057908e-05	5.18246254674e-05	0.000283042185245	0.00411407796018	3.58785868621e-05	0.00110027666377	0.000306961243153	0.00105243854795	0.00266697495675	0	0.00426157881728	0.00463232421486	3.58785868621e-05	0.000394664455483	0.00105642505761	0.00429347089449	0.0188402446122	0.0183299713769	0.00434529551996	0.00429745740414	0.0358227757269	0.100591598032	0.000578043899444	0.00295400365164	0.00375927860121	0.000135541328146	0	0.000426556532693	0.00287825996827	0	0.018030983153	0.00306163941223	0	4.38516061647e-05	0	5.18246254674e-05	1.59460386054e-05	0.000338853320364	0.000247163598383	0.000187365953613	0.000881018632946	7.57436833755e-05	0.00448482335776	0.00100858694179	0	0.00273075911117	0.000494327196766	0.000817234478525	0.000426556532693	5.18246254674e-05	0.000358785868621	0.00692058075473	0.00118399336645	0.000306961243153	0.00716774435311	0.00907329596645	0.0249316313595	0.000195338972916	0.00103649250935	2.3919057908e-05	5.97976447701e-05	7.97301930268e-06	0	0.00457651307974	0.00961944778868	0.00291015204548	0.00275069165942	0.000227231050126	2.3919057908e-05	0	0	0.0038748873811	0.000590003428398	0.00318522121142	0.000378718416877	7.97301930268e-06	7.97301930268e-06	0.000183379443962
0.0084793060284	3.58785868621e-05	0.000183379443962	0	0.00676112036867	0.000107635760586	0.00157068480263	0.0286311123159	0.00515455697918	0.00904937690854	0.00619104948853	0.0020729850187	0.00259920429267	0.000406623984437	0.0104725608541	0.000865072594341	0.000673720131076	0.000191352463264	0.00017939293431	0.00150291413856	0.00541368010652	0.00770592315604	0.000291015204548	0.00697639188984	0.0267853583474	0	0.00224839144336	0.000578043899444	0.0700070959872	0.0143673807834	0.0142916371001	3.98650965134e-06	5.58111351188e-05	0.00900552530238	0.0112658762747	0	2.79055675594e-05	7.97301930268e-06	0	0.00533394991349	0	4.78381158161e-05	0.000163446895705	2.79055675594e-05	0.0154955630148	0.00214474219242	0.000215271521172	0.00141521092623	1.1959528954e-05	3.58785868621e-05	5.97976447701e-05	7.97301930268e-06	0	0.000263109636988	3.18920772107e-05	0.00407819937332	1.59460386054e-05	0.000211285011521	1.1959528954e-05	0.0111582405141	7.97301930268e-06	6.37841544214e-05	9.96627412835e-05	0.00504293470894	7.97301930268e-06	0	7.97301930268e-06	0	0	0.0001475008571	0.00275069165942	0.00026709614664	0.00836768375816	0.000881018632946	0.00310549101839	3.98650965134e-06	3.98650965134e-06	0.00161852291844	0.000243177088732	0.000107635760586	1.99325482567e-05	0.000199325482567	1.59460386054e-05	5.97976447701e-05
0.0175207099176	0	0.00456455355078	0	0.00247562249348	0.000243177088732	0.00229224304952	0.0090772824761	0.0080368034571	0.000474394648509	0.00689267518717	0.0181027403267	0.00915701266913	0.00289819251652	0.0365443339738	0.000131554818494	7.97301930268e-05	0.00142717045518	0.00295400365164	0.00826403450723	0.0160457013466	0.00733916426812	3.98650965134e-06	0.00809660110187	0.00612726533411	1.1959528954e-05	0.00615517090167	0.00295400365164	0.0143673807834	0.0708681820719	0.0221809397001	1.1959528954e-05	0.000538178802931	0.0161852291844	0.0392192819499	0	1.1959528954e-05	0	0	0.000900951181203	0	0.000430543042345	8.77032123295e-05	0.000175406424659	0.00108034411551	0.000243177088732	0.000247163598383	0.000825207497827	0.000151487366751	0.000263109636988	0	2.79055675594e-05	3.98650965134e-06	0.000215271521172	3.98650965134e-05	0.00026709614664	3.98650965134e-05	0	9.16897219808e-05	0.00213676917312	0.000139527837797	0.00011959528954	8.77032123295e-05	0.00123183148226	7.17571737241e-05	2.3919057908e-05	0	0	0	0.000422570023042	0.00570469531107	0.000841153536433	0.026789344857	0.00275069165942	0.000183379443962	7.97301930268e-06	0.000167433405356	0.000629868524912	0.000151487366751	0.000310947752805	5.58111351188e-05	0.000745477304801	3.58785868621e-05	0.000175406424659
0.021666679955	0	0.00844342744154	0	0.000115608779889	3.98650965134e-05	0.000621895505609	0.0104526283058	0.00317724819212	0.000151487366751	0.00131554818494	0.00026709614664	1.59460386054e-05	2.3919057908e-05	0.0121189893401	2.79055675594e-05	3.98650965134e-06	0.00310947752805	2.79055675594e-05	0.000418583513391	7.57436833755e-05	0.0261196112356	0	0.018808352535	0.00388286040041	0	0.000709598717938	0.00375927860121	0.0142916371001	0.0221809397001	0.0542882884319	3.98650965134e-06	3.98650965134e-05	0.00965133986589	0.00876234821365	0	0	0	0	0.000701625698636	0	3.98650965134e-06	7.97301930268e-06	3.98650965134e-06	0.000928856748762	3.18920772107e-05	1.59460386054e-05	4.38516061647e-05	0	3.98650965134e-06	0	7.97301930268e-06	0	1.1959528954e-05	0	7.97301930268e-06	1.99325482567e-05	0	9.16897219808e-05	0.000912910710157	0	0	3.98650965134e-06	0.000649801073168	3.98650965134e-06	3.98650965134e-06	0	0	0	0.000123581799192	0.00218460728893	0.00017939293431	0.00484360922638	0.000765409853057	3.98650965134e-06	3.98650965134e-06	0	0.0001475008571	2.79055675594e-05	8.77032123295e-05	1.1959528954e-05	3.18920772107e-05	3.98650965134e-06	1.1959528954e-05
0	0	3.98650965134e-06	0	3.98650965134e-06	0	0	3.98650965134e-06	3.98650965134e-06	3.98650965134e-06	0	0.000801288439919	3.98650965134e-06	0.00167832056321	1.1959528954e-05	0	0	0	0	7.97301930268e-06	7.97301930268e-06	0	0	0	0	7.17571737241e-05	0.00230021606882	0.000135541328146	3.98650965134e-06	1.1959528954e-05	3.98650965134e-06	0.00233609465569	0	3.98650965134e-06	1.99325482567e-05	0	6.37841544214e-05	0	0	0	0	0	0	0	3.98650965134e-06	0	0.00023919057908	0	0.00107237109621	0	0	0	0	0	0	0	0	0	3.98650965134e-06	3.98650965134e-06	0.000434529551996	6.77706640728e-05	4.78381158161e-05	0	0	0	7.97301930268e-06	0	0	0	7.97301930268e-05	0.000215271521172	0.000111622270238	1.59460386054e-05	0	0	0	3.98650965134e-06	7.97301930268e-06	0	0	0	0	3.98650965134e-06
0	0	0	0	3.98650965134e-06	0.00245967645488	0.000932843258414	9.96627412835e-05	0.000605949467004	3.98650965134e-06	7.17571737241e-05	3.58785868621e-05	2.79055675594e-05	1.99325482567e-05	0.000366758887923	0.00065378758282	0	0	0	0	2.3919057908e-05	0	0	0	1.99325482567e-05	0	3.98650965134e-06	0	5.58111351188e-05	0.000538178802931	3.98650965134e-05	0	0.00313339658595	2.3919057908e-05	0.000885005142597	0	0	0	0	0	0	0	0	0	0	0	0	0	0	0	0	0	0	0	0	0	0	0	0	0	0	0	0	0	0	7.97301930268e-06	0	0	0	0	0.00011959528954	7.97301930268e-06	7.97301930268e-05	0.00017939293431	0.000924870239111	0.000259123127337	0	0	0	0	0	0	0	0
0.00159460386054	0	0.00056608437049	0	0.000187365953613	3.18920772107e-05	0.000562097860839	0.00700828396706	0.00159460386054	0.000478381158161	0.00349218245457	0.000291015204548	0.000163446895705	4.78381158161e-05	0.00189757859404	5.97976447701e-05	1.99325482567e-05	0.000175406424659	3.18920772107e-05	0.00062588201526	0.000434529551996	0.00355198009934	0	0.0026789344857	0.00466022978242	0	0.000805274949571	0.000426556532693	0.00900552530238	0.0161852291844	0.00965133986589	3.98650965134e-06	2.3919057908e-05	0.019860791083	0.0136338630076	0	0	7.97301930268e-06	0	0.00106838458656	0	0	1.99325482567e-05	0	0.0016225094281	5.58111351188e-05	1.59460386054e-05	1.59460386054e-05	0	0	0	1.1959528954e-05	3.98650965134e-06	1.99325482567e-05	0	3.98650965134e-05	1.1959528954e-05	0	5.18246254674e-05	0.00153480621577	0	0	3.18920772107e-05	0.00032689379141	0	3.98650965134e-06	0	0	0	5.97976447701e-05	0.000817234478525	0.000175406424659	0.00883011887772	0.00124777752087	3.98650965134e-06	7.97301930268e-06	0	0.000143514347448	2.3919057908e-05	7.17571737241e-05	2.79055675594e-05	1.1959528954e-05	3.98650965134e-06	7.97301930268e-06
0.00790126212896	7.97301930268e-06	0.0035719126476	0	0.00315731564386	0.00105642505761	0.00122385846296	0.0062588201526	0.00373535954331	0.00210089058626	0.00550138331885	0.0243775065179	0.00813247968873	0.00564888417595	0.0234087846727	0.000223244540475	0.000107635760586	0.00682091801344	0.00316130215351	0.0135979844207	0.0171380049911	0.00745078653835	1.1959528954e-05	0.00577645248479	0.00538577453896	3.98650965134e-05	0.0128166285291	0.00287825996827	0.0112658762747	0.0392192819499	0.00876234821365	1.99325482567e-05	0.000885005142597	0.0136338630076	0.0736069142023	0	1.99325482567e-05	7.17571737241e-05	0	0.00171818565973	0	0.000817234478525	0.00020729850187	0.000279055675594	0.00392671200657	0.000394664455483	0.00053419229328	0.00157467131228	0.000287028694896	0.000406623984437	0	7.57436833755e-05	3.98650965134e-06	0.000502300216069	9.16897219808e-05	0.000526219273977	9.16897219808e-05	1.1959528954e-05	0.000330880301061	0.00453266147357	0.000259123127337	0.000171419915008	0.000283042185245	0.00214474219242	0.000115608779889	3.98650965134e-05	7.97301930268e-06	0	0	0.000737504285498	0.00843146791258	0.00129960214634	0.0428509922423	0.00524624670116	0.000143514347448	0.000231217559778	0.000358785868621	0.00208494454765	0.000382704926529	0.000793315420617	0.000334866810713	0.0011959528954	4.78381158161e-05	0.000338853320364
0	0	0	0	0	0	0	0	0	0	0	0	0.00011959528954	0	0	0	0	0	0	0	2.3919057908e-05	0	0	0	0	0	0	0	0	0	0	0	0	0	0	0.0120990567918	0	6.37841544214e-05	0	0	0	0.000586016918747	0.00368353491784	0.00220453983719	0	0.000191352463264	7.97301930268e-06	0.000474394648509	0	0.00615915741132	0	0	4.38516061647e-05	3.98650965134e-06	0	0.00053419229328	0.00173811820798	0	0.0029739361999	0.000641828053866	0	0	0.000135541328146	0.00140723790692	0.00340447924224	0.00369948095644	0	0	0.00026709614664	0.00294603063234	0	0	0	0	0	0	0	7.97301930268e-06	0	4.78381158161e-05	0	1.1959528954e-05	0	0
0	0.0100061392249	0.00103649250935	0	0	0	0	7.97301930268e-06	0	0.000302974733502	0	7.57436833755e-05	0	9.56762316322e-05	1.1959528954e-05	0	3.58785868621e-05	9.56762316322e-05	0	3.98650965134e-06	1.1959528954e-05	0	0.0014909546096	0.000171419915008	0.000255136617686	0.00135939979111	0.0103290465066	0.018030983153	2.79055675594e-05	1.1959528954e-05	0	6.37841544214e-05	0	0	1.99325482567e-05	0	0.0359503440358	0.000988654393532	0	0.000155473876402	0	1.59460386054e-05	0	0.000243177088732	0.00605152165073	9.56762316322e-05	0.000163446895705	0.000163446895705	0.0038589413425	0.000960748825973	9.16897219808e-05	0.000275069165942	0.000163446895705	0.000219258030824	0.000139527837797	1.99325482567e-05	3.98650965134e-05	0.0084713330091	7.17571737241e-05	0.00256731221546	0.00814443921769	0.00237994626185	0.0292450348022	1.99325482567e-05	0.00100061392249	0	0	0	0	0.00294603063234	0.000107635760586	7.57436833755e-05	1.99325482567e-05	0	0	0	0	0.00152284668681	0.000291015204548	0.00195338972916	0.000195338972916	0	3.98650965134e-06	4.78381158161e-05
0	0.00107237109621	0.00308157196049	0	0	0	0	0	0	7.97301930268e-06	1.1959528954e-05	0	3.98650965134e-06	0	0	0	7.97301930268e-06	3.98650965134e-06	0	3.98650965134e-06	0	1.1959528954e-05	0.000753450324103	5.18246254674e-05	7.97301930268e-06	0	0.000167433405356	0.00306163941223	7.97301930268e-06	0	0	0	0	7.97301930268e-06	7.17571737241e-05	6.37841544214e-05	0.000988654393532	0.021586949762	0	3.98650965134e-06	0	3.98650965134e-06	0.000107635760586	7.17571737241e-05	1.59460386054e-05	7.97301930268e-06	7.97301930268e-06	7.97301930268e-06	0	5.18246254674e-05	0	3.58785868621e-05	0.00332474904922	7.97301930268e-06	3.98650965134e-05	7.97301930268e-06	0.000115608779889	6.37841544214e-05	0.00757038182789	4.38516061647e-05	0	0.00359184519586	0.0127568308843	4.38516061647e-05	3.98650965134e-06	0.000338853320364	0	0	0	0.000697639188984	0.00011959528954	4.38516061647e-05	4.78381158161e-05	3.98650965134e-06	0	0	0	0.000546151822234	7.57436833755e-05	0.000235204069429	0.000155473876402	0	0	0
