3932	19	327	0	12	1	82	1540	1329	119	286	43	12	5	1983	7	15	178	13	36	8	203	27	464	125	4	229	114	433	1413	1055	2	9	57	506	22	15	13	0	24	0	3	31	3	143	8	2	5	1	19	0	1	8	1	5	9	21	54	37	76	1	9	29	58	24	34	1	0	7	26	127	28	290	87	17	0	0	29	8	27	12	4	5	0
19	5143	542	0	7	0	5	37	23	150	10	61	3	42	25	4	193	337	16	168	0	84	959	660	351	274	1282	2853	99	38	73	5	0	3	244	10	2283	408	0	1	0	3	14	2	21	3	12	0	17	5	0	27	229	16	163	1	41	161	196	32	80	684	1631	36	4	10	2	2	2	174	248	116	203	30	11	1	7	117	77	128	57	2	9	4
327	542	6370	0	3	0	25	488	194	40	30	18	2	6	250	4	172	933	9	65	2	439	180	3789	173	8	2067	2258	395	127	414	2	3	10	380	7	697	398	0	4	0	0	13	3	39	3	5	1	4	6	0	24	180	2	53	2	39	222	208	27	6	246	694	34	7	20	0	1	4	126	463	206	321	82	14	3	2	73	67	121	57	2	7	4
0	0	0	0	0	0	0	0	0	0	0	0	0	0	0	0	0	0	0	0	0	0	0	0	0	0	0	0	0	0	0	0	0	0	0	0	0	0	0	0	0	0	0	0	0	0	0	0	0	0	0	0	0	0	0	0	0	0	0	0	0	0	0	0	0	0	0	0	0	0	0	0	0	0	0	0	0	0	0	0	0	0	0	0
12	7	3	0	3218	3	55	169	46	127	481	7	257	0	38	10	0	0	0	1	718	1	12	2	544	2	6	6	1167	52	10	0	1	3	46	38	1	0	0	945	0	29	20	22	160	208	4	554	2	30	7	0	1	1	1	825	6	5	1	385	0	1	3	94	29	8	0	2	5	24	14	2	39	15	17	3	0	6	2	23	10	6	1	0
1	0	0	0	3	690	309	8	112	23	8	1	32	1	20	266	0	2	1	1	2	0	1	2	14	1	4	1	12	54	3	0	128	0	28	0	0	3	0	1	1	0	1	0	4	0	2	0	1	0	0	1	4	0	1	0	0	1	5	4	1	2	3	2	0	0	0	1	0	2	11	4	17	8	259	187	1	5	0	14	20	1	3	1
82	5	25	0	55	309	9848	1454	4363	118	4766	121	1888	23	1834	315	5	18	24	35	436	23	4	62	114	6	49	19	590	1222	56	5	590	10	689	17	4	3	0	57	0	2	17	6	109	19	1	21	1	14	1	1	1	0	0	36	2	9	6	102	1	4	5	39	19	15	0	0	4	20	166	52	543	191	284	192	11	9	3	16	5	4	2	2
1540	37	488	0	169	8	1454	15231	2649	719	4881	165	176	24	2891	76	60	281	29	99	113	627	83	1146	848	10	353	188	6824	2081	2304	6	49	232	1676	144	39	34	0	511	2	29	177	38	997	166	11	81	4	111	4	23	22	3	10	240	70	180	93	925	5	29	75	332	157	135	2	4	51	140	596	122	1221	443	110	8	5	103	29	163	71	31	42	3
1329	23	194	0	46	112	4363	2649	11484	207	3669	222	449	30	5824	32	17	102	34	68	217	138	28	368	212	12	194	106	1039	2217	413	10	513	31	1291	52	10	8	0	112	0	13	69	17	318	48	6	17	1	52	1	4	4	3	3	52	18	55	34	262	1	14	39	126	65	55	0	1	19	63	332	95	957	345	165	98	10	39	12	64	23	14	10	3
119	150	40	0	127	23	118	719	207	5500	315	21	423	5	212	203	128	27	3	14	80	84	838	103	1800	27	52	78	1574	406	470	0	7	52	373	231	20	35	0	427	2	23	285	36	2356	100	18	119	4	127	13	56	21	5	17	254	291	789	310	989	5	21	72	484	226	423	0	4	85	222	331	49	260	135	255	4	1	207	57	225	95	71	41	3
286	10	30	0	481	8	4766	4881	3669	315	13907	239	2442	31	2438	54	10	39	38	81	1229	29	14	99	285	16	115	45	3056	1691	148	9	68	69	1234	48	8	5	0	507	0	19	56	15	472	166	5	95	0	37	7	2	3	2	0	295	7	23	13	690	5	7	8	123	56	31	0	1	13	37	205	63	918	252	72	6	9	19	4	31	19	21	8	2
43	61	18	0	7	1	121	165	222	21	239	7367	42	1882	293	0	13	317	1003	1166	41	29	13	58	29	790	2084	256	89	825	44	436	27	7	2177	11	59	8	0	15	0	3	5	6	27	10	359	0	500	9	1	2	5	36	32	4	2	20	8	40	417	313	140	19	15	2	51	2	2	191	215	843	1850	141	16	3	170	20	184	54	11	4	5	47
12	3	2	0	257	32	1888	176	449	423	2442	42	6991	6	240	470	3	3	9	8	2481	2	11	4	386	4	15	2	418	306	5	2	11	2	216	2	1	1	0	41	0	0	2	1	44	7	0	17	0	2	1	0	0	0	0	28	1	4	4	51	0	0	1	7	1	2	0	0	2	3	20	8	140	29	237	9	3	5	0	1	0	3	3	0
5	42	6	0	0	1	23	24	30	5	31	1882	6	3775	40	0	5	20	95	113	5	7	12	13	10	900	933	681	18	109	7	397	8	0	254	1	33	3	0	5	0	0	3	5	5	2	254	0	378	4	0	1	4	48	29	1	1	6	6	8	324	275	103	3	4	2	40	1	0	144	60	334	342	61	6	2	110	19	125	54	22	4	12	44
1983	25	250	0	38	20	1834	2891	5824	212	2438	293	240	40	9810	21	22	142	42	79	122	181	38	429	213	10	227	113	998	3564	590	9	412	85	1667	57	15	12	0	89	1	13	74	16	312	38	5	14	3	54	0	8	7	3	7	43	24	55	42	257	5	16	40	118	66	59	1	2	19	55	420	103	1156	355	155	26	17	36	10	54	20	16	12	4
7	4	4	0	10	266	315	76	32	203	54	0	470	0	21	1476	14	3	0	0	38	12	20	21	147	0	6	8	131	46	32	0	7	3	72	3	2	9	0	10	1	0	3	0	31	2	2	5	1	4	0	3	7	0	2	8	10	20	25	18	2	5	18	7	4	4	0	1	1	9	155	11	59	45	612	52	0	15	8	40	51	2	5	0
15	193	172	0	0	0	5	60	17	128	10	13	3	5	22	14	5326	56	1	19	0	967	1495	1328	2403	11	156	1378	1215	76	315	1	2	11	314	19	57	47	0	2	0	1	25	4	67	1	2	0	0	11	0	109	28	3	14	0	131	684	247	42	2	30	342	57	12	86	0	0	4	33	460	180	238	105	28	1	1	49	17	46	32	5	2	2
178	337	933	0	0	2	18	281	102	27	39	317	3	20	142	3	56	5513	485	1105	1	422	77	2524	79	43	2039	938	150	162	679	5	3	12	1428	3	331	120	0	1	0	0	4	1	28	0	20	0	16	4	0	7	83	8	77	1	17	75	48	19	42	288	384	13	5	9	1	1	1	65	514	321	653	133	16	6	2	48	34	59	25	1	4	2
13	16	9	0	0	1	24	29	34	3	38	1003	9	95	42	0	1	485	2101	1164	5	8	4	32	7	114	845	92	16	124	19	37	3	4	410	2	19	1	0	0	0	1	2	1	4	1	40	0	69	2	0	2	5	13	24	0	2	10	4	3	74	109	62	3	2	1	9	0	0	14	88	137	343	25	1	0	5	5	15	13	3	0	1	3
36	168	65	0	1	1	35	99	68	14	81	1166	8	113	79	0	19	1105	1164	4814	8	63	35	169	39	323	2298	499	66	215	95	39	4	8	1361	4	201	10	0	2	1	0	0	3	16	1	78	0	97	7	0	3	29	52	141	0	4	27	16	18	256	464	303	7	6	4	13	1	2	51	415	365	935	102	7	1	3	43	41	63	22	1	5	1
8	0	2	0	718	2	436	113	217	80	1229	41	2481	5	122	38	0	1	5	8	3905	1	0	2	190	2	13	1	567	186	1	2	6	2	149	1	0	0	0	34	0	1	2	0	30	8	0	5	0	0	2	0	0	0	0	18	0	0	0	41	1	0	1	5	1	0	0	0	1	4	12	6	98	20	22	3	1	2	1	2	1	6	1	0
203	84	439	0	1	0	23	627	138	84	29	29	2	7	181	12	967	422	8	63	1	9213	443	4078	404	7	308	428	2103	405	3390	1	2	33	1503	29	61	44	0	6	1	6	19	8	89	3	3	2	1	15	1	83	36	5	20	2	189	773	310	50	3	31	229	56	29	125	0	1	8	57	606	190	744	276	59	8	0	77	38	68	37	9	6	2
27	959	180	0	12	1	4	83	28	838	14	13	11	12	38	20	1495	77	4	35	0	443	5974	1177	1465	98	229	1401	580	116	314	1	1	16	314	36	272	174	0	4	0	3	44	8	202	6	5	2	2	22	2	238	79	3	30	1	286	2170	583	107	8	60	1033	140	35	159	0	2	11	101	354	127	221	99	44	1	2	137	79	120	75	14	12	2
464	660	3789	0	2	2	62	1146	368	103	99	58	4	13	429	21	1328	2524	32	169	2	4078	1177	16919	544	22	1678	3291	1617	378	1583	1	8	26	2295	24	840	578	0	7	0	3	43	9	130	11	11	3	6	17	2	201	230	6	76	4	175	1856	592	85	10	231	1634	115	24	89	0	2	7	219	1632	576	1501	452	114	22	3	233	143	286	169	15	18	7
125	351	173	0	544	14	114	848	212	1800	285	29	386	10	213	147	2403	79	7	39	190	404	1465	544	10178	47	201	795	4175	449	754	1	9	62	692	119	52	42	0	130	0	15	137	28	769	48	13	23	2	81	5	50	18	6	12	57	163	563	231	384	4	29	127	226	121	219	0	4	31	124	620	184	507	246	166	5	2	103	27	129	52	26	18	2
4	274	8	0	2	1	6	10	12	27	16	790	4	900	10	0	11	43	114	323	2	7	98	22	47	2753	805	474	19	29	7	115	0	1	139	4	63	5	0	3	0	0	1	3	5	1	275	0	512	3	0	2	8	58	42	1	1	7	2	8	749	457	247	3	7	3	53	1	0	128	28	119	133	15	0	0	82	17	80	67	13	0	1	32
229	1282	2067	0	6	4	49	353	194	52	115	2084	15	933	227	6	156	2039	845	2298	13	308	229	1678	201	805	15707	5113	244	349	413	669	5	16	1564	19	1528	148	0	7	0	1	8	4	53	1	294	0	378	12	0	17	172	124	586	3	37	143	95	40	642	1748	1522	20	16	24	51	1	6	226	909	814	1304	203	12	4	13	162	207	201	86	3	8	9
114	2853	2258	0	6	1	19	188	106	78	45	256	2	681	113	8	1378	938	92	499	1	428	1401	3291	795	474	5113	16254	513	122	234	129	4	11	1099	20	1885	472	0	2	1	1	19	3	58	1	78	0	100	11	1	54	257	51	314	2	76	843	311	46	183	1069	2043	49	15	39	12	2	2	219	1183	533	953	202	37	7	5	178	128	208	102	4	11	6
433	99	395	0	1167	12	590	6824	1039	1574	3056	89	418	18	998	131	1215	150	16	66	567	2103	580	1617	4175	19	244	513	19786	1375	2530	3	30	219	1704	289	41	56	0	1302	2	64	315	72	1829	361	21	287	5	212	16	79	41	4	15	661	278	908	391	1570	7	49	127	603	272	392	1	8	82	250	1112	229	1290	629	207	12	6	208	46	279	118	64	48	2
1413	38	127	0	52	54	1222	2081	2217	406	1691	825	306	109	3564	46	76	162	124	215	186	405	116	378	449	29	349	122	1375	12029	2452	25	591	1016	4310	107	30	20	0	80	1	15	99	25	550	39	11	11	6	74	5	24	12	3	12	32	102	296	137	295	10	35	57	210	112	151	0	3	31	105	711	239	2611	694	188	47	38	92	39	99	37	20	22	9
1055	73	414	0	10	3	56	2304	413	470	148	44	5	7	590	32	315	679	19	95	1	3390	314	1583	754	7	413	234	2530	2452	11910	1	6	280	2496	99	46	45	0	19	1	12	92	20	527	11	6	2	2	60	1	82	44	3	19	7	285	920	388	176	7	36	124	227	85	278	0	1	25	106	459	142	789	290	44	4	2	141	50	109	66	13	14	2
2	5	2	0	0	0	5	6	10	0	9	436	2	397	9	0	1	5	37	39	2	1	1	1	1	115	669	129	3	25	1	863	1	0	49	0	6	0	0	0	0	0	0	0	0	0	47	0	78	0	0	0	0	8	7	0	0	0	0	2	55	64	29	1	0	0	7	0	0	10	9	31	50	6	0	0	2	1	9	11	1	0	0	3
9	0	3	0	1	128	590	49	513	7	68	27	11	8	412	7	2	3	3	4	6	2	1	8	9	0	5	4	30	591	6	1	1221	0	173	0	2	0	0	1	0	0	1	0	4	0	0	0	0	0	0	0	0	0	0	0	0	3	1	3	0	0	0	3	0	1	0	0	0	2	27	9	84	45	30	73	3	2	1	2	0	0	0	0
57	3	10	0	3	0	10	232	31	52	69	7	2	0	85	3	11	12	4	8	2	33	16	26	62	1	16	11	219	1016	280	0	0	1164	488	16	0	6	0	9	0	2	17	2	84	3	0	1	0	9	0	3	2	1	1	1	18	41	24	36	1	5	6	31	18	21	0	0	2	10	98	23	126	50	4	0	0	12	3	12	4	5	0	0
506	244	380	0	46	28	689	1676	1291	373	1234	2177	216	254	1667	72	314	1428	410	1361	149	1503	314	2295	692	139	1564	1099	1704	4310	2496	49	173	488	14089	94	237	124	0	72	2	18	85	26	468	39	43	7	24	72	6	54	55	19	65	31	155	641	260	281	58	196	415	175	107	170	1	6	31	179	1742	812	7618	1639	228	42	66	156	68	193	99	19	26	14
22	10	7	0	38	0	17	144	52	231	48	11	2	1	57	3	19	3	2	4	1	29	36	24	119	4	19	20	289	107	99	0	0	16	94	7425	24	255	0	497	12	440	1717	1024	642	914	72	203	13	3627	10	16	207	22	79	377	520	271	591	1730	15	150	101	988	2921	1952	2	33	288	650	50	11	66	29	4	1	0	194	69	444	146	53	64	4
15	2283	697	0	1	0	4	39	10	20	8	59	1	33	15	2	57	331	19	201	0	61	272	840	52	63	1528	1885	41	30	46	6	2	0	237	24	7451	704	0	3	1	5	28	6	505	6	117	17	250	15	8	133	499	49	492	3	101	1276	485	441	839	1384	4198	90	18	41	23	1	8	423	200	110	186	39	8	1	1	285	217	324	140	6	14	14
13	408	398	0	0	3	3	34	8	35	5	8	1	3	12	9	47	120	1	10	0	44	174	578	42	5	148	472	56	20	45	0	0	6	124	255	704	7695	0	17	0	43	458	79	85	59	27	10	9	251	0	69	1474	15	321	12	546	502	3425	201	24	2329	2974	727	91	376	2	1	13	369	76	38	87	31	8	0	0	382	265	470	278	20	28	3
0	0	0	0	0	0	0	0	0	0	0	0	0	0	0	0	0	0	0	0	0	0	0	0	0	0	0	0	0	0	0	0	0	0	0	0	0	0	0	0	0	0	0	0	0	0	0	0	0	0	0	0	0	0	0	0	0	0	0	0	0	0	0	0	0	0	0	0	0	0	0	0	0	0	0	0	0	0	0	0	0	0	0	0
24	1	4	0	945	1	57	511	112	427	507	15	41	5	89	10	2	1	0	2	34	6	4	7	130	3	7	2	1302	80	19	0	1	9	72	497	3	17	0	6824	3	247	236	203	930	2158	39	1358	14	406	54	5	12	8	11	3442	28	19	49	3861	4	26	30	1500	343	48	1	12	41	304	30	4	61	21	12	1	0	119	22	344	96	70	59	3
0	0	0	0	0	1	0	2	0	2	0	0	0	0	1	1	0	0	0	1	0	1	0	0	0	0	0	1	2	1	1	0	0	0	2	12	1	0	0	3	950	228	3	242	25	10	6	24	0	54	301	0	0	0	1	6	0	2	3	8	0	1	2	3	31	3	0	331	1	75	0	0	2	1	0	0	0	15	5	32	15	99	224	0
3	3	0	0	29	0	2	29	13	23	19	3	0	0	13	0	1	0	1	0	1	6	3	3	15	0	1	1	64	15	12	0	0	2	18	440	5	43	0	247	228	7277	968	2619	104	2793	32	1514	4	998	807	8	33	9	20	570	68	21	119	601	3	33	32	646	374	100	1	268	13	264	9	3	17	9	3	0	0	106	26	281	110	349	272	6
31	14	13	0	20	1	17	177	69	285	56	5	2	3	74	3	25	4	2	0	2	19	44	43	137	1	8	19	315	99	92	0	1	17	85	1717	28	458	0	236	3	968	11135	560	814	1756	26	193	3	1766	27	43	146	12	68	191	997	245	1340	1909	6	179	260	4956	551	3092	1	10	82	370	64	10	74	25	8	1	1	184	44	343	157	36	43	5
3	2	3	0	22	0	6	38	17	36	15	6	1	5	16	0	4	1	1	3	0	8	8	9	28	3	4	3	72	25	20	0	0	2	26	1024	6	79	0	203	242	2619	560	5912	118	939	70	471	16	2239	352	8	53	8	29	329	99	46	175	499	16	47	56	312	509	205	2	464	11	462	19	6	24	10	3	1	0	169	48	446	182	346	445	17
143	21	39	0	160	4	109	997	318	2356	472	27	44	5	312	31	67	28	4	16	30	89	202	130	769	5	53	58	1829	550	527	0	4	84	468	642	505	85	0	930	25	104	814	118	8468	268	51	723	53	391	331	195	77	19	53	608	492	1976	513	4093	141	109	503	1296	664	1123	4	16	252	626	304	41	351	143	46	2	1	609	162	639	272	289	106	12
8	3	3	0	208	0	19	166	48	100	166	10	7	2	38	2	1	0	1	1	8	3	6	11	48	1	1	1	361	39	11	0	0	3	39	914	6	59	0	2158	10	2793	1756	939	268	10066	60	3349	12	1234	237	5	31	16	23	2839	75	20	131	2034	5	43	35	2027	589	144	1	37	25	373	18	3	39	10	5	0	1	122	35	389	94	97	63	4
2	12	5	0	4	2	1	11	6	18	5	359	0	254	5	2	2	20	40	78	0	3	5	11	13	275	294	78	21	11	6	47	0	0	43	72	117	27	0	39	6	32	26	70	51	60	6486	22	1627	123	5	9	93	982	412	33	23	36	48	106	873	1311	369	37	170	24	111	35	15	1924	10	98	41	11	1	2	4	264	704	1250	257	23	72	419
5	0	1	0	554	0	21	81	17	119	95	0	17	0	14	5	0	0	0	0	5	2	2	3	23	0	0	0	287	11	2	0	0	1	7	203	17	10	0	1358	24	1514	193	471	723	3349	22	7276	5	321	532	3	12	10	8	2928	9	30	22	880	8	15	14	222	198	21	0	21	4	95	4	1	6	3	5	0	0	30	11	92	25	204	30	3
1	17	4	0	2	1	1	4	1	4	0	500	0	378	3	1	0	16	69	97	0	1	2	6	2	512	378	100	5	6	2	78	0	0	24	13	250	9	0	14	0	4	3	16	53	12	1627	5	4773	25	1	9	15	103	46	8	8	79	17	52	1901	1141	1038	8	30	6	534	6	4	688	11	97	27	1	1	2	3	56	342	276	53	9	19	187
19	5	6	0	30	0	14	111	52	127	37	9	2	4	54	4	11	4	2	7	0	15	22	17	81	3	12	11	212	74	60	0	0	9	72	3627	15	251	0	406	54	998	1766	2239	391	1234	123	321	25	8999	97	20	185	29	87	391	383	155	552	1302	21	165	118	862	2750	1006	0	211	54	801	37	9	57	21	5	1	0	225	86	654	219	158	224	23
0	0	0	0	7	0	1	4	1	13	7	1	1	0	0	0	0	0	0	0	2	1	2	2	5	0	0	1	16	5	1	0	0	0	6	10	8	0	0	54	301	807	27	352	331	237	5	532	1	97	1733	1	2	2	1	109	3	20	9	136	1	3	10	19	96	6	0	55	1	39	3	2	6	4	0	0	0	13	8	54	22	432	53	1
1	27	24	0	0	1	1	23	4	56	2	2	0	1	8	3	109	7	2	3	0	83	238	201	50	2	17	54	79	24	82	0	0	3	54	16	133	69	0	5	0	8	43	8	195	5	9	3	9	20	1	4695	66	7	35	1	653	1736	1728	583	18	52	2048	298	14	130	1	0	4	136	47	16	37	21	4	0	0	312	106	205	133	31	21	4
8	229	180	0	1	4	1	22	4	21	3	5	0	4	7	7	28	83	5	29	0	36	79	230	18	8	172	257	41	12	44	0	0	2	55	207	499	1474	0	12	0	33	146	53	77	31	93	12	15	185	2	66	6527	308	1635	9	686	327	3092	122	28	1035	1895	166	79	375	1	3	10	1708	56	31	47	16	5	0	1	500	355	662	335	17	35	5
1	16	2	0	1	0	0	3	3	5	2	36	0	48	3	0	3	8	13	52	0	5	3	6	6	58	124	51	4	3	3	8	0	1	19	22	49	15	0	8	0	9	12	8	19	16	982	10	103	29	2	7	308	2045	619	8	14	22	43	33	127	544	214	17	28	11	13	3	8	375	9	9	15	1	0	0	0	166	208	395	115	4	13	9
5	163	53	0	1	1	0	10	3	17	0	32	0	29	7	2	14	77	24	141	0	20	30	76	12	42	586	314	15	12	19	7	0	1	65	79	492	321	0	11	1	20	68	29	53	23	412	8	46	87	1	35	1635	619	5597	4	158	131	464	82	169	2292	1332	101	48	130	4	3	8	1132	52	35	51	11	2	0	0	632	498	921	392	13	29	4
9	1	2	0	825	0	36	240	52	254	295	4	28	1	43	8	0	1	0	0	18	2	1	4	57	1	3	2	661	32	7	0	0	1	31	377	3	12	0	3442	6	570	191	329	608	2839	33	2928	8	391	109	1	9	8	4	5976	14	4	24	1977	1	16	14	501	265	22	0	16	9	174	11	2	24	8	8	0	0	50	16	183	41	72	38	3
21	41	39	0	6	0	2	70	18	291	7	2	1	1	24	10	131	17	2	4	0	189	286	175	163	1	37	76	278	102	285	0	0	18	155	520	101	546	0	28	0	68	997	99	492	75	23	9	8	383	3	653	686	14	158	14	10804	1615	7170	535	15	224	1148	2222	482	3438	1	5	221	933	101	50	72	38	9	0	0	435	176	691	362	55	61	4
54	161	222	0	5	1	9	180	55	789	23	20	4	6	55	20	684	75	10	27	0	773	2170	1856	563	7	143	843	908	296	920	0	3	41	641	271	1276	502	0	19	2	21	245	46	1976	20	36	30	79	155	20	1736	327	22	131	4	1615	11278	2679	1622	275	254	4056	790	211	1001	9	6	62	467	424	175	363	158	44	0	1	743	345	548	305	53	52	9
37	196	208	0	1	5	6	93	34	310	13	8	4	6	42	25	247	48	4	16	0	310	583	592	231	2	95	311	391	137	388	0	1	24	260	591	485	3425	0	49	3	119	1340	175	513	131	48	22	17	552	9	1728	3092	43	464	24	7170	2679	18606	864	36	1127	4386	3080	341	2330	1	8	149	1734	212	97	149	81	25	0	0	1219	487	1706	1007	138	143	7
76	32	27	0	385	4	102	925	262	989	690	40	51	8	257	18	42	19	3	18	41	50	107	85	384	8	40	46	1570	295	176	2	3	36	281	1730	441	201	0	3861	8	601	1909	499	4093	2034	106	880	52	1302	136	583	122	33	82	1977	535	1622	864	15504	111	185	806	5458	1331	1135	4	35	332	1132	120	20	231	75	27	3	1	714	180	1188	433	176	196	17
1	80	6	0	0	1	1	5	1	5	5	417	0	324	5	2	2	42	74	256	1	3	8	10	4	749	642	183	7	10	7	55	0	1	58	15	839	24	0	4	0	3	6	16	141	5	873	8	1901	21	1	18	28	127	169	1	15	275	36	111	4135	1079	1574	16	28	10	117	5	3	579	25	65	47	5	1	0	1	89	194	246	63	6	7	137
9	684	246	0	1	2	4	29	14	21	7	313	0	275	16	5	30	288	109	464	0	31	60	231	29	457	1748	1069	49	35	36	64	0	5	196	150	1384	2329	0	26	1	33	179	47	109	43	1311	15	1141	165	3	52	1035	544	2292	16	224	254	1127	185	1079	14349	5191	299	100	181	280	8	9	987	146	102	154	25	5	0	4	755	888	1138	463	17	48	33
29	1631	694	0	3	3	5	75	39	72	8	140	1	103	40	18	342	384	62	303	1	229	1033	1634	127	247	1522	2043	127	57	124	29	0	6	415	101	4198	2974	0	30	2	32	260	56	503	35	369	14	1038	118	10	2048	1895	214	1332	14	1148	4056	4386	806	1574	5191	26696	741	88	264	404	9	21	1730	389	178	378	114	38	1	3	1984	1034	2059	1231	109	112	29
58	36	34	0	94	2	39	332	126	484	123	19	7	3	118	7	57	13	3	7	5	56	140	115	226	3	20	49	603	210	227	1	3	31	175	988	90	727	0	1500	3	646	4956	312	1296	2027	37	222	8	862	19	298	166	17	101	501	2222	790	3080	5458	16	299	741	13269	675	2009	2	17	172	703	110	19	122	44	15	1	0	433	131	729	323	77	102	7
24	4	7	0	29	0	19	157	65	226	56	15	1	4	66	4	12	5	2	6	1	29	35	24	121	7	16	15	272	112	85	0	0	18	107	2921	18	91	0	343	31	374	551	509	664	589	170	198	30	2750	96	14	79	28	48	265	482	211	341	1331	28	100	88	675	8040	1466	2	442	1159	1478	59	17	84	42	7	0	2	361	118	882	249	205	222	25
34	10	20	0	8	0	15	135	55	423	31	2	2	2	59	4	86	9	1	4	0	125	159	89	219	3	24	39	392	151	278	0	1	21	170	1952	41	376	0	48	3	100	3092	205	1123	144	24	21	6	1006	6	130	375	11	130	22	3438	1001	2330	1135	10	181	264	2009	1466	9987	0	8	528	744	115	32	93	50	9	0	1	309	137	466	231	31	56	4
1	2	0	0	0	0	0	2	0	0	0	51	0	40	1	0	0	1	9	13	0	0	0	0	0	53	51	12	1	0	0	7	0	0	1	2	23	2	0	1	0	1	1	2	4	1	111	0	534	0	0	1	1	13	4	0	1	9	1	4	117	280	404	2	2	0	725	0	0	24	2	4	6	1	0	0	0	15	45	24	6	1	1	3
0	2	1	0	2	1	0	4	1	4	1	2	0	1	2	1	0	1	0	1	0	1	2	2	4	1	1	2	8	3	1	0	0	0	6	33	1	1	0	12	331	268	10	464	16	37	35	21	6	211	55	0	3	3	3	16	5	6	8	35	5	8	9	17	442	8	0	1125	1	295	0	1	5	4	0	0	1	38	23	145	55	73	271	6
7	2	4	0	5	0	4	51	19	85	13	2	2	0	19	1	4	1	0	2	1	8	11	7	31	0	6	2	82	31	25	0	0	2	31	288	8	13	0	41	1	13	82	11	252	25	15	4	4	54	1	4	10	8	8	9	221	62	149	332	3	9	21	172	1159	528	0	1	1583	534	21	3	23	16	3	0	0	94	30	166	47	4	13	2
26	174	126	0	24	2	20	140	63	222	37	191	3	144	55	9	33	65	14	51	4	57	101	219	124	128	226	219	250	105	106	10	2	10	179	650	423	369	0	304	75	264	370	462	626	373	1924	95	688	801	39	136	1708	375	1132	174	933	467	1734	1132	579	987	1730	703	1478	744	24	295	534	11691	134	157	155	87	15	2	5	1261	1002	5582	1835	172	884	544
127	248	463	0	14	11	166	596	332	331	205	215	20	60	420	155	460	514	88	415	12	606	354	1632	620	28	909	1183	1112	711	459	9	27	98	1742	50	200	76	0	30	0	9	64	19	304	18	10	4	11	37	3	47	56	9	52	11	101	424	212	120	25	146	389	110	59	115	2	0	21	134	9755	2398	2082	934	487	33	36	310	70	170	145	17	24	6
28	116	206	0	2	4	52	122	95	49	63	843	8	334	103	11	180	321	137	365	6	190	127	576	184	119	814	533	229	239	142	31	9	23	812	11	110	38	0	4	0	3	10	6	41	3	98	1	97	9	2	16	31	9	35	2	50	175	97	20	65	102	178	19	17	32	4	1	3	157	2398	4924	1016	462	37	9	155	84	72	63	40	4	13	56
290	203	321	0	39	17	543	1221	957	260	918	1850	140	342	1156	59	238	653	343	935	98	744	221	1501	507	133	1304	953	1290	2611	789	50	84	126	7618	66	186	87	0	61	2	17	74	24	351	39	41	6	27	57	6	37	47	15	51	24	72	363	149	231	47	154	378	122	84	93	6	5	23	155	2082	1016	10910	2690	343	62	136	143	67	199	116	19	31	20
87	30	82	0	15	8	191	443	345	135	252	141	29	61	355	45	105	133	25	102	20	276	99	452	246	15	203	202	629	694	290	6	45	50	1639	29	39	31	0	21	1	9	25	10	143	10	11	3	1	21	4	21	16	1	11	8	38	158	81	75	5	25	114	44	42	50	1	4	16	87	934	462	2690	3515	235	61	67	68	26	119	72	12	18	16
17	11	14	0	17	259	284	110	165	255	72	16	237	6	155	612	28	16	1	7	22	59	44	114	166	0	12	37	207	188	44	0	30	4	228	4	8	8	0	12	0	3	8	3	46	5	1	5	1	5	0	4	5	0	2	8	9	44	25	27	1	5	38	15	7	9	0	0	3	15	487	37	343	235	2011	85	2	21	1	26	26	4	2	0
0	1	3	0	3	187	192	8	98	4	6	3	9	2	26	52	1	6	0	1	3	8	1	22	5	0	4	7	12	47	4	0	73	0	42	1	1	0	0	1	0	0	1	1	2	0	2	0	2	1	0	0	0	0	0	0	0	0	0	3	0	0	1	1	0	0	0	0	0	2	33	9	62	61	85	432	1	2	0	1	0	0	0	1
0	7	2	0	0	1	11	5	10	1	9	170	3	110	17	0	1	2	5	3	1	0	2	3	2	82	13	5	6	38	2	2	3	0	66	0	1	0	0	0	0	0	1	0	1	1	4	0	3	0	0	0	1	0	0	0	0	1	0	1	1	4	3	0	2	1	0	1	0	5	36	155	136	67	2	1	350	3	3	4	1	0	2	4
29	117	73	0	6	5	9	103	39	207	19	20	5	19	36	15	49	48	5	43	2	77	137	233	103	17	162	178	208	92	141	1	2	12	156	194	285	382	0	119	15	106	184	169	609	122	264	30	56	225	13	312	500	166	632	50	435	743	1219	714	89	755	1984	433	361	309	15	38	94	1261	310	84	143	68	21	2	3	8879	2176	2420	1545	266	395	71
8	77	67	0	2	0	3	29	12	57	4	184	0	125	10	8	17	34	15	41	1	38	79	143	27	80	207	128	46	39	50	9	1	3	68	69	217	265	0	22	5	26	44	48	162	35	704	11	342	86	8	106	355	208	498	16	176	345	487	180	194	888	1034	131	118	137	45	23	30	1002	70	72	67	26	1	0	3	2176	5364	1335	689	36	105	160
27	128	121	0	23	14	16	163	64	225	31	54	1	54	54	40	46	59	13	63	2	68	120	286	129	67	201	208	279	99	109	11	2	12	193	444	324	470	0	344	32	281	343	446	639	389	1250	92	276	654	54	205	662	395	921	183	691	548	1706	1188	246	1138	2059	729	882	466	24	145	166	5582	170	63	199	119	26	1	4	2420	1335	10748	4212	464	1009	372
12	57	57	0	10	20	5	71	23	95	19	11	0	22	20	51	32	25	3	22	1	37	75	169	52	13	86	102	118	37	66	1	0	4	99	146	140	278	0	96	15	110	157	182	272	94	257	25	53	219	22	133	335	115	392	41	362	305	1007	433	63	463	1231	323	249	231	6	55	47	1835	145	40	116	72	26	0	1	1545	689	4212	5025	354	782	82
4	2	2	0	6	1	4	31	14	71	21	4	3	4	16	2	5	1	0	1	6	9	14	15	26	0	3	4	64	20	13	0	0	5	19	53	6	20	0	70	99	349	36	346	289	97	23	204	9	158	432	31	17	4	13	72	55	53	138	176	6	17	109	77	205	31	1	73	4	172	17	4	19	12	4	0	0	266	36	464	354	1841	219	7
5	9	7	0	1	3	2	42	10	41	8	5	3	12	12	5	2	4	1	5	1	6	12	18	18	1	8	11	48	22	14	0	0	0	26	64	14	28	0	59	224	272	43	445	106	63	72	30	19	224	53	21	35	13	29	38	61	52	143	196	7	48	112	102	222	56	1	271	13	884	24	13	31	18	2	0	2	395	105	1009	782	219	1942	45
0	4	4	0	0	1	2	3	3	3	2	47	0	44	4	0	2	2	3	1	0	2	2	7	2	32	9	6	2	9	2	3	0	0	14	4	14	3	0	3	0	6	5	17	12	4	419	3	187	23	1	4	5	9	4	3	4	9	7	17	137	33	29	7	25	4	3	6	2	544	6	56	20	16	0	1	4	71	160	372	82	7	45	770
