0.0156679206374	4.02774309443e-06	3.22219447555e-05	0	4.83329171332e-05	8.05548618887e-06	0.00173192953061	0.00551398029628	0.00497426272163	0.000294025245894	0.00127679456094	4.02774309443e-06	0.000112776806644	4.02774309443e-06	0.0041969083044	0	7.65271187943e-05	3.22219447555e-05	0	0	5.63884033221e-05	0.00031819170446	0.000128887779022	0.000257775558044	0.000624300179637	0	0	2.8194201661e-05	0.000632355665826	0.00500648466638	0.00266636592852	0	4.02774309443e-06	0.000185276182344	0.000692771812243	0	0	0	0	0	0	0	1.61109723777e-05	0	6.04161464165e-05	0	0	0	0	0	0	1.61109723777e-05	0	0	0	0	0	2.8194201661e-05	0	1.20832292833e-05	0	0	4.02774309443e-06	2.01387154722e-05	0	8.05548618887e-06	0	0	0	4.02774309443e-06	0.000406802052538	6.04161464165e-05	0.00028194201661	9.2638091172e-05	0.000378607850877	6.04161464165e-05	0	8.05548618887e-06	4.02774309443e-06	0	0	0	0	0
4.02774309443e-06	0.00973505505925	0.00116804549739	0	0	0	0	3.22219447555e-05	0	3.22219447555e-05	4.02774309443e-06	0.000157081980683	0	5.23606602276e-05	0	0	0.00010874906355	0.000805548618887	2.01387154722e-05	0.00028194201661	0	0.000237636842572	0.00105124094765	0.000841798306737	2.8194201661e-05	0.000124860035927	0.0012284616438	0.00387871659994	4.43051740388e-05	4.02774309443e-06	0.000136943265211	0	0	4.02774309443e-06	0.000978741571948	0	0.00215081481243	0.000177220696155	0	0	0	0	0	0	0	0	5.63884033221e-05	0	6.4443889511e-05	0	0	4.02774309443e-05	0.000136943265211	1.20832292833e-05	4.43051740388e-05	0	1.20832292833e-05	0.00018124843925	0.000124860035927	8.05548618887e-06	0.00042694076801	0.000531662088465	0.00111165709406	4.02774309443e-06	4.02774309443e-06	1.20832292833e-05	0	0	0	6.84716326054e-05	0.000298052988988	0.000616244693448	0.000632355665826	0.000225553613288	4.02774309443e-05	3.62496878499e-05	4.02774309443e-06	4.83329171332e-05	0.000124860035927	7.65271187943e-05	4.02774309443e-05	4.02774309443e-06	0	0
3.22219447555e-05	0.00116804549739	0.0232803550858	0	0	4.02774309443e-06	1.20832292833e-05	0.000213470384005	2.01387154722e-05	5.23606602276e-05	1.20832292833e-05	0.0001449987514	0	7.65271187943e-05	8.05548618887e-06	8.05548618887e-06	0.000495412400615	0.00317788930151	8.05548618887e-06	0.000418885281821	0	0.00202998251959	0.000785409903415	0.0111004599683	0.0001449987514	1.61109723777e-05	0.00262608849757	0.010021024819	0.000519578859182	6.04161464165e-05	0.000938464141003	0	0	1.20832292833e-05	0.0037659397933	0	0.000362496878499	4.83329171332e-05	0	0	0	0	0	0	4.02774309443e-06	0	1.61109723777e-05	0	1.20832292833e-05	0	0	1.61109723777e-05	2.01387154722e-05	0	8.05548618887e-06	0	4.02774309443e-06	8.86103480776e-05	2.8194201661e-05	0	4.83329171332e-05	7.24993756998e-05	0.000197359411627	8.05548618887e-06	0	4.02774309443e-06	0	0	0	8.05548618887e-06	0.00154262560517	0.00147012622947	0.00248511748927	0.00109151837859	0.000257775558044	0.000173192953061	1.61109723777e-05	2.41664585666e-05	2.8194201661e-05	2.01387154722e-05	1.61109723777e-05	0	0	0
0	0	0	0	0	0	0	0	0	0	0	0	0	0	0	0	0	0	0	0	0	0	0	0	0	0	0	0	0	0	0	0	0	0	0	0	0	0	0	0	0	0	0	0	0	0	0	0	0	0	0	0	0	0	0	0	0	0	0	0	0	0	0	0	0	0	0	0	0	0	0	0	0	0	0	0	0	0	0	0	0	0	0	0
4.83329171332e-05	0	0	0	0.0158129193887	0	0.000378607850877	0.00105124094765	0.000177220696155	0.000439023997293	0.00474870910834	0	0.0018084566494	0	7.24993756998e-05	8.05548618887e-06	1.20832292833e-05	0	0	0	0.00512328921612	2.01387154722e-05	6.04161464165e-05	1.20832292833e-05	0.00306108475177	0	0	0	0.00370955138997	2.8194201661e-05	3.22219447555e-05	0	0	4.02774309443e-06	2.41664585666e-05	0	0	0	0	0.000386663337066	0	0	8.05548618887e-06	0	3.62496878499e-05	8.05548618887e-06	0	0.000692771812243	0	0	0	0	0	0	0	0.000402774309443	0	0	0	0.000217498127099	0	0	0	2.8194201661e-05	0	0	0	0	0	0	1.20832292833e-05	4.02774309443e-06	4.02774309443e-06	0	1.61109723777e-05	0	0	0	0	0	0	0	0	0
8.05548618887e-06	0	4.02774309443e-06	0	0	0.00496217949234	0.00341955388717	8.05548618887e-06	0.00103110223218	4.02774309443e-06	8.05548618887e-06	1.20832292833e-05	0	0.000100693577361	0.000229581356383	0.000946519627192	0	0	8.05548618887e-06	0	0	8.05548618887e-06	0	1.20832292833e-05	0	0	0	0	4.02774309443e-06	0.000161109723777	4.02774309443e-06	0	0.00112776806644	0	0.000209442640911	0	0	0	0	0	0	0	0	0	0	0	0	0	0	0	0	0	0	0	0	0	0	0	0	0	0	0	0	0	0	0	0	0	0	0	3.22219447555e-05	0	0.000124860035927	2.8194201661e-05	0.000261803301138	0.000277914273516	0	0	0	0	0	0	0	0
0.00173192953061	0	1.20832292833e-05	0	0.000378607850877	0.00341955388717	0.051990107863	0.00319802801698	0.0228493865747	0.000253747814949	0.0147415397256	4.02774309443e-05	0.00706466138764	0.000374580107782	0.00660147093178	0.0018809560251	2.8194201661e-05	1.61109723777e-05	4.02774309443e-06	4.02774309443e-06	0.00117610098357	8.86103480776e-05	5.63884033221e-05	0.00010874906355	0.000495412400615	4.02774309443e-06	4.02774309443e-06	8.05548618887e-06	0.000596105977976	0.00136943265211	0.000269858787327	0	0.00239247939809	6.04161464165e-05	0.000845826049831	0	0	0	0	0	0	0	4.02774309443e-06	0	1.20832292833e-05	0	0	0	0	0	0	0	0	0	0	0	4.02774309443e-06	8.05548618887e-06	0	1.20832292833e-05	0	0	0	4.02774309443e-06	0	0	0	0	0	4.02774309443e-06	0.000688744069148	5.63884033221e-05	0.000845826049831	0.000261803301138	0.0026784491578	0.000865964765303	4.02774309443e-06	8.05548618887e-06	4.02774309443e-06	4.02774309443e-06	4.02774309443e-06	0	0	0
0.00551398029628	3.22219447555e-05	0.000213470384005	0	0.00105124094765	8.05548618887e-06	0.00319802801698	0.0490216612024	0.00582814425765	0.00239650714119	0.0121355899435	0	0.000692771812243	2.8194201661e-05	0.00333899902529	2.01387154722e-05	0.000523606602276	9.2638091172e-05	0	4.02774309443e-06	0.000547773060843	0.00149832043113	0.000724993756998	0.00111568483716	0.00859117602043	0	8.05548618887e-06	0.000165137466872	0.0154463947672	0.00228775807764	0.00771715576894	0	0	0.000289997502799	0.00210248189529	3.22219447555e-05	4.02774309443e-06	0	0	1.61109723777e-05	0	4.02774309443e-06	0.000100693577361	0	0.000531662088465	0	0	4.02774309443e-06	0	0	0	6.04161464165e-05	0	0	0	8.05548618887e-06	2.41664585666e-05	0.000185276182344	1.20832292833e-05	0.000257775558044	4.02774309443e-06	0	8.05548618887e-06	0.000157081980683	1.20832292833e-05	7.24993756998e-05	0	0	8.05548618887e-06	8.05548618887e-06	0.00116401775429	0.000225553613288	0.000825687334359	0.000298052988988	0.000769298931037	0.000104721320455	4.02774309443e-06	2.01387154722e-05	1.20832292833e-05	0	0	1.61109723777e-05	0	0
0.00497426272163	0	2.01387154722e-05	0	0.000177220696155	0.00103110223218	0.0228493865747	0.00582814425765	0.043930593931	0.000306108475177	0.00871603605636	3.62496878499e-05	0.00143387654162	0.000269858787327	0.0157565309854	3.62496878499e-05	4.43051740388e-05	2.41664585666e-05	0	1.20832292833e-05	0.000346385906121	0.000136943265211	7.65271187943e-05	0.000132915522116	0.000773326674131	0	8.05548618887e-06	1.61109723777e-05	0.000801520875792	0.00231192453621	0.000720966013904	0	0.00120026744214	0.000104721320455	0.000753187958659	4.02774309443e-06	0	0	0	0	0	0	1.20832292833e-05	0	5.23606602276e-05	0	0	4.02774309443e-06	0	0	0	0	0	0	0	0	8.05548618887e-06	2.41664585666e-05	0	2.8194201661e-05	0	0	0	8.05548618887e-06	4.02774309443e-06	1.20832292833e-05	0	0	0	4.02774309443e-06	0.000769298931037	5.63884033221e-05	0.000688744069148	0.000201387154722	0.00209039866601	0.000664577610582	4.02774309443e-06	8.05548618887e-06	4.02774309443e-06	4.02774309443e-06	0	0	0	0
0.000294025245894	3.22219447555e-05	5.23606602276e-05	0	0.000439023997293	4.02774309443e-06	0.000253747814949	0.00239650714119	0.000306108475177	0.0142984879852	0.000495412400615	0	0.000874020251492	8.05548618887e-06	0.000136943265211	0.000322219447555	0.000563884033221	4.43051740388e-05	0	0	0.000394718823255	0.000410829795632	0.00312150089819	0.000422913024916	0.00938061366694	0	8.05548618887e-06	0.000112776806644	0.00208637092292	0.000334302676838	0.000720966013904	0	0	8.05548618887e-05	0.000696799555337	7.65271187943e-05	1.61109723777e-05	0	0	3.62496878499e-05	0	1.20832292833e-05	0.000277914273516	4.02774309443e-06	0.00164331918253	2.41664585666e-05	0	2.01387154722e-05	0	2.8194201661e-05	0	0.000197359411627	4.02774309443e-06	0	0	2.8194201661e-05	7.24993756998e-05	0.000829715077453	6.84716326054e-05	0.000733049243187	0	4.02774309443e-06	2.01387154722e-05	0.000523606602276	8.45826049831e-05	0.000269858787327	0	0	3.62496878499e-05	8.86103480776e-05	0.000475273685143	0.000132915522116	0.000249720071855	0.000120832292833	0.000237636842572	3.22219447555e-05	4.02774309443e-06	5.63884033221e-05	2.01387154722e-05	4.02774309443e-05	2.8194201661e-05	3.22219447555e-05	0	0
0.00127679456094	4.02774309443e-06	1.20832292833e-05	0	0.00474870910834	8.05548618887e-06	0.0147415397256	0.0121355899435	0.00871603605636	0.000495412400615	0.0526667687028	0	0.00800715327174	8.05548618887e-06	0.00445065611935	3.62496878499e-05	4.02774309443e-05	8.05548618887e-06	0	8.05548618887e-06	0.00561870161674	7.24993756998e-05	5.63884033221e-05	8.86103480776e-05	0.00212262061077	0	0	1.20832292833e-05	0.00637591731849	0.000559856290126	0.000362496878499	0	8.05548618887e-06	6.4443889511e-05	0.000213470384005	8.05548618887e-06	0	0	0	0	0	0	1.61109723777e-05	0	6.84716326054e-05	0	0	1.61109723777e-05	0	0	0	8.05548618887e-06	0	0	0	0	4.02774309443e-06	1.20832292833e-05	0	4.43051740388e-05	0	0	0	2.41664585666e-05	0	8.05548618887e-06	0	0	0	0	0.000261803301138	2.01387154722e-05	0.000157081980683	4.02774309443e-05	0.000410829795632	4.83329171332e-05	4.02774309443e-06	0	0	0	0	0	0	0
4.02774309443e-06	0.000157081980683	0.0001449987514	0	0	1.20832292833e-05	4.02774309443e-05	0	3.62496878499e-05	0	0	0.0330315211175	0	0.0110360160788	1.20832292833e-05	8.05548618887e-06	0	0.00106735192003	0.004990373694	0.00731840920259	0	5.23606602276e-05	2.41664585666e-05	0.00018124843925	8.05548618887e-06	0.00158693077921	0.00921547620007	0.00190915022676	1.20832292833e-05	3.62496878499e-05	1.61109723777e-05	0.000451107226577	0	0	0.00640411152015	0	0.000116804549739	4.02774309443e-06	0	0	0	0	0	0	0	0	0.000153054237589	0	0.000298052988988	0	0	0	8.05548618887e-06	8.05548618887e-06	4.02774309443e-06	0	0	0	8.05548618887e-06	0	0.00081763184817	0.000201387154722	0.000269858787327	0	0	0	0	0	0	1.61109723777e-05	0.000418885281821	0.00149832043113	0.00479704202547	0.000680688582959	6.4443889511e-05	9.2638091172e-05	0.000551800803938	1.20832292833e-05	6.04161464165e-05	2.01387154722e-05	0	0	0	8.05548618887e-06
0.000112776806644	0	0	0	0.0018084566494	0	0.00706466138764	0.000692771812243	0.00143387654162	0.000874020251492	0.00800715327174	0	0.0270261561637	0	0.000370552364688	0.00120429518524	8.05548618887e-06	4.02774309443e-06	0	4.02774309443e-06	0.00880464640443	0	8.05548618887e-06	4.02774309443e-06	0.000970686085759	0	0	0	0.000467218198954	6.4443889511e-05	2.8194201661e-05	0	0	0	3.22219447555e-05	4.02774309443e-06	0	0	0	0	0	0	8.05548618887e-06	0	2.8194201661e-05	0	0	0.000128887779022	0	4.02774309443e-06	0	4.02774309443e-06	0	0	0	0	0	4.02774309443e-06	0	1.61109723777e-05	0	0	0	4.02774309443e-06	0	4.02774309443e-06	0	0	0	0	3.22219447555e-05	8.05548618887e-06	2.41664585666e-05	4.02774309443e-06	0.000112776806644	4.02774309443e-06	0	4.02774309443e-06	0	0	0	4.02774309443e-06	0	0
4.02774309443e-06	5.23606602276e-05	7.65271187943e-05	0	0	0.000100693577361	0.000374580107782	2.8194201661e-05	0.000269858787327	8.05548618887e-06	8.05548618887e-06	0.0110360160788	0	0.0215846752431	7.24993756998e-05	8.05548618887e-06	1.61109723777e-05	0.000153054237589	0.000805548618887	0.00089013122387	0	0.000100693577361	2.41664585666e-05	0.000132915522116	2.01387154722e-05	0.00263011624067	0.00501856789567	0.00184470633725	4.83329171332e-05	0.000273886530422	4.83329171332e-05	0.00074513247247	5.23606602276e-05	0	0.00256164460806	0	2.01387154722e-05	4.02774309443e-06	0	0	0	0	0	0	0	0	4.02774309443e-05	0	0.000197359411627	0	0	4.02774309443e-06	8.05548618887e-06	4.02774309443e-06	4.02774309443e-06	0	0	4.02774309443e-06	4.02774309443e-06	0	0.000386663337066	8.86103480776e-05	0.000116804549739	0	0	4.02774309443e-06	0	0	0	2.01387154722e-05	0.000604161464165	0.00099888028742	0.0030369182932	0.00105929643384	0.000302080732083	0.000575967262504	0.000628327922732	2.01387154722e-05	3.62496878499e-05	3.22219447555e-05	2.41664585666e-05	0	0	3.62496878499e-05
0.0041969083044	0	8.05548618887e-06	0	7.24993756998e-05	0.000229581356383	0.00660147093178	0.00333899902529	0.0157565309854	0.000136943265211	0.00445065611935	1.20832292833e-05	0.000370552364688	7.24993756998e-05	0.026869074183	8.05548618887e-06	4.02774309443e-05	1.20832292833e-05	0	4.02774309443e-06	0.000140971008305	6.84716326054e-05	3.62496878499e-05	6.04161464165e-05	0.000443051740388	0	4.02774309443e-06	1.20832292833e-05	0.000451107226577	0.00617050242067	0.00042694076801	0	0.000422913024916	0.00039069108016	0.000430968511104	4.02774309443e-06	0	0	0	0	0	0	0	0	2.41664585666e-05	0	0	0	0	0	0	0	0	0	0	0	4.02774309443e-06	8.05548618887e-06	0	4.02774309443e-06	0	0	0	4.02774309443e-06	4.02774309443e-06	1.61109723777e-05	0	0	0	4.02774309443e-06	0.000487356914427	4.02774309443e-05	0.000326247190649	0.000104721320455	0.00105526869074	0.000257775558044	0	8.05548618887e-06	4.02774309443e-06	4.02774309443e-06	0	0	0	0
0	0	8.05548618887e-06	0	8.05548618887e-06	0.000946519627192	0.0018809560251	2.01387154722e-05	3.62496878499e-05	0.000322219447555	3.62496878499e-05	8.05548618887e-06	0.00120429518524	8.05548618887e-06	8.05548618887e-06	0.00459565487075	0	4.02774309443e-06	0	4.02774309443e-06	2.8194201661e-05	1.20832292833e-05	4.02774309443e-06	1.61109723777e-05	0.000136943265211	0	4.02774309443e-06	4.02774309443e-06	2.01387154722e-05	1.61109723777e-05	1.61109723777e-05	0	1.61109723777e-05	0	6.4443889511e-05	0	0	4.02774309443e-06	0	0	0	0	0	0	8.05548618887e-06	0	0	0	0	0	0	0	0	0	0	0	4.02774309443e-06	0	8.05548618887e-06	8.05548618887e-06	0	0	0	0	0	0	0	0	0	0	0.00018124843925	1.61109723777e-05	9.2638091172e-05	8.05548618887e-05	0.000221525870194	1.61109723777e-05	0	8.05548618887e-06	4.02774309443e-06	0	0	0	0	0
7.65271187943e-05	0.00010874906355	0.000495412400615	0	1.20832292833e-05	0	2.8194201661e-05	0.000523606602276	4.43051740388e-05	0.000563884033221	4.02774309443e-05	0	8.05548618887e-06	1.61109723777e-05	4.02774309443e-05	0	0.0162680543584	0.0001449987514	0	1.20832292833e-05	4.02774309443e-06	0.00443051740388	0.00362899652809	0.00725799305617	0.00449093355029	0	3.62496878499e-05	0.00197762185937	0.00348399777669	0.000136943265211	0.000878047994587	0	0	3.22219447555e-05	0.00153859786207	4.02774309443e-06	1.20832292833e-05	2.01387154722e-05	0	0	0	0	1.61109723777e-05	0	8.05548618887e-05	0	4.02774309443e-06	0	0	0	0	0.000503467886804	4.02774309443e-06	0	0	0	2.8194201661e-05	0.000193331668533	0.000116804549739	2.8194201661e-05	0	8.05548618887e-06	8.45826049831e-05	4.02774309443e-05	4.02774309443e-06	3.62496878499e-05	0	0	0	2.01387154722e-05	0.000906242196248	0.000370552364688	0.000696799555337	0.000330274933744	0.00018124843925	3.22219447555e-05	0	2.01387154722e-05	1.20832292833e-05	1.61109723777e-05	8.05548618887e-06	0	0	0
3.22219447555e-05	0.000805548618887	0.00317788930151	0	0	0	1.61109723777e-05	9.2638091172e-05	2.41664585666e-05	4.43051740388e-05	8.05548618887e-06	0.00106735192003	4.02774309443e-06	0.000153054237589	1.20832292833e-05	4.02774309443e-06	0.0001449987514	0.0232602163704	0.000169165209966	0.00515148341778	4.02774309443e-06	0.00207025995054	0.000169165209966	0.00745938021089	6.04161464165e-05	3.62496878499e-05	0.00533273185703	0.003113445412	0.000233609099477	7.65271187943e-05	0.000861937022209	0	0	4.02774309443e-06	0.0087563134873	0	0.000269858787327	2.01387154722e-05	0	0	0	0	0	0	0	0	2.41664585666e-05	0	2.41664585666e-05	0	0	1.61109723777e-05	8.05548618887e-06	4.02774309443e-06	4.02774309443e-06	0	0	2.41664585666e-05	2.01387154722e-05	0	0.000128887779022	8.45826049831e-05	0.000157081980683	0	0	0	0	0	0	8.05548618887e-06	0.00127276681784	0.00155873657755	0.00356858038167	0.0014459597709	0.000149026494494	0.000173192953061	3.62496878499e-05	2.41664585666e-05	1.20832292833e-05	8.05548618887e-06	4.02774309443e-06	0	0	0
0	2.01387154722e-05	8.05548618887e-06	0	0	8.05548618887e-06	4.02774309443e-06	0	0	0	0	0.004990373694	0	0.000805548618887	0	0	0	0.000169165209966	0.00785007129105	0.00318997253079	0	4.02774309443e-06	4.02774309443e-06	2.01387154722e-05	0	0.000100693577361	0.00397538243421	0.00039069108016	0	4.02774309443e-06	0	2.41664585666e-05	0	0	0.000434996254199	0	8.05548618887e-06	0	0	0	0	0	0	0	0	0	2.01387154722e-05	0	4.02774309443e-05	0	0	0	0	4.02774309443e-06	4.02774309443e-06	0	0	0	0	0	0.00010874906355	2.01387154722e-05	4.02774309443e-05	0	0	0	0	0	0	8.05548618887e-06	4.02774309443e-05	0.000100693577361	0.000350413649216	4.83329171332e-05	4.02774309443e-06	1.20832292833e-05	1.20832292833e-05	0	8.05548618887e-06	4.02774309443e-06	0	0	0	0
0	0.00028194201661	0.000418885281821	0	0	0	4.02774309443e-06	4.02774309443e-06	1.20832292833e-05	0	8.05548618887e-06	0.00731840920259	4.02774309443e-06	0.00089013122387	4.02774309443e-06	4.02774309443e-06	1.20832292833e-05	0.00515148341778	0.00318997253079	0.0180040116321	4.02774309443e-06	0.000100693577361	2.41664585666e-05	0.000443051740388	4.02774309443e-06	0.000201387154722	0.00923561491554	0.00200178831793	2.41664585666e-05	8.05548618887e-06	4.43051740388e-05	2.8194201661e-05	0	0	0.00397538243421	0	0.000201387154722	4.02774309443e-06	0	0	0	0	0	0	0	0	7.65271187943e-05	0	9.2638091172e-05	0	0	0	8.05548618887e-06	4.02774309443e-06	8.05548618887e-06	0	0	0	4.02774309443e-06	0	0.000362496878499	0.0001449987514	0.000225553613288	0	0	0	4.02774309443e-06	0	0	1.61109723777e-05	0.000366524621594	0.000692771812243	0.00196151088699	0.000507495629899	3.22219447555e-05	4.43051740388e-05	2.41664585666e-05	4.02774309443e-06	3.22219447555e-05	1.61109723777e-05	0	0	0	4.02774309443e-06
5.63884033221e-05	0	0	0	0.00512328921612	0	0.00117610098357	0.000547773060843	0.000346385906121	0.000394718823255	0.00561870161674	0	0.00880464640443	0	0.000140971008305	2.8194201661e-05	4.02774309443e-06	4.02774309443e-06	0	4.02774309443e-06	0.0165781905767	0	1.61109723777e-05	8.05548618887e-06	0.00167151338419	0	0	0	0.000640411152015	2.8194201661e-05	2.41664585666e-05	0	0	0	2.41664585666e-05	4.02774309443e-06	0	0	0	4.02774309443e-06	0	0	0	0	2.8194201661e-05	0	0	0.000104721320455	0	4.02774309443e-06	0	0	0	0	0	0	0	0	0	1.61109723777e-05	0	0	0	4.02774309443e-06	0	0	0	0	0	0	1.61109723777e-05	4.02774309443e-06	1.61109723777e-05	8.05548618887e-06	1.61109723777e-05	8.05548618887e-06	0	4.02774309443e-06	0	0	0	0	0	0
0.00031819170446	0.000237636842572	0.00202998251959	0	2.01387154722e-05	8.05548618887e-06	8.86103480776e-05	0.00149832043113	0.000136943265211	0.000410829795632	7.24993756998e-05	5.23606602276e-05	0	0.000100693577361	6.84716326054e-05	1.20832292833e-05	0.00443051740388	0.00207025995054	4.02774309443e-06	0.000100693577361	0	0.0388314711734	0.00132512747807	0.0204851013783	0.00194539991461	0	0.000277914273516	0.00183262310797	0.00729827048712	0.000777354417226	0.0126189191149	0	0	0.000265831044233	0.00863950893756	0	4.43051740388e-05	8.05548618887e-06	0	4.02774309443e-06	0	0	1.20832292833e-05	0	6.4443889511e-05	0	4.02774309443e-06	0	8.05548618887e-06	0	0	2.01387154722e-05	0	0	0	0	1.20832292833e-05	0.000120832292833	2.8194201661e-05	2.01387154722e-05	8.05548618887e-06	4.02774309443e-06	2.41664585666e-05	3.22219447555e-05	0	3.62496878499e-05	0	0	4.02774309443e-06	1.61109723777e-05	0.002388451655	0.000946519627192	0.00314163961366	0.00140568233996	0.000439023997293	0.000253747814949	2.01387154722e-05	3.62496878499e-05	1.61109723777e-05	1.61109723777e-05	1.20832292833e-05	0	0	0
0.000128887779022	0.00105124094765	0.000785409903415	0	6.04161464165e-05	0	5.63884033221e-05	0.000724993756998	7.65271187943e-05	0.00312150089819	5.63884033221e-05	2.41664585666e-05	8.05548618887e-06	2.41664585666e-05	3.62496878499e-05	4.02774309443e-06	0.00362899652809	0.000169165209966	4.02774309443e-06	2.41664585666e-05	1.61109723777e-05	0.00132512747807	0.0153457011898	0.00288789179871	0.00412038118561	0	8.05548618887e-05	0.00225956387598	0.0018084566494	0.000221525870194	0.000878047994587	0	0	5.63884033221e-05	0.00160706949468	1.20832292833e-05	0.000434996254199	0.000100693577361	0	0	0	0	8.86103480776e-05	0	0.000233609099477	0	1.20832292833e-05	0	0	4.02774309443e-06	0	0.000410829795632	1.61109723777e-05	0	0	0	0.000104721320455	0.00196956637318	0.000326247190649	0.000161109723777	0	2.8194201661e-05	0.000378607850877	0.000277914273516	2.8194201661e-05	0.000177220696155	0	0	2.01387154722e-05	0.00010874906355	0.0010109635167	0.000616244693448	0.000833742820548	0.000402774309443	0.000185276182344	8.86103480776e-05	0	0.000112776806644	0.000112776806644	7.65271187943e-05	5.63884033221e-05	0	0	0
0.000257775558044	0.000841798306737	0.0111004599683	0	1.20832292833e-05	1.20832292833e-05	0.00010874906355	0.00111568483716	0.000132915522116	0.000422913024916	8.86103480776e-05	0.00018124843925	4.02774309443e-06	0.000132915522116	6.04161464165e-05	1.61109723777e-05	0.00725799305617	0.00745938021089	2.01387154722e-05	0.000443051740388	8.05548618887e-06	0.0204851013783	0.00288789179871	0.0559413238386	0.00199373283175	4.02774309443e-06	0.0012324893869	0.00971088860068	0.0050669008128	0.000366524621594	0.00578383908361	0	0	0.000185276182344	0.0108668508688	0	0.000225553613288	3.62496878499e-05	0	0	0	0	1.61109723777e-05	0	4.83329171332e-05	0	2.01387154722e-05	0	4.02774309443e-06	0	0	5.23606602276e-05	4.02774309443e-06	0	0	0	8.05548618887e-06	0.000253747814949	6.04161464165e-05	1.20832292833e-05	2.41664585666e-05	3.22219447555e-05	0.000116804549739	4.02774309443e-05	0	2.41664585666e-05	0	0	4.02774309443e-06	4.02774309443e-05	0.00432579608342	0.00212262061077	0.00550995255319	0.0025294226633	0.000741104729376	0.000362496878499	4.43051740388e-05	6.04161464165e-05	4.83329171332e-05	4.02774309443e-05	3.22219447555e-05	0	0	0
0.000624300179637	2.8194201661e-05	0.0001449987514	0	0.00306108475177	0	0.000495412400615	0.00859117602043	0.000773326674131	0.00938061366694	0.00212262061077	8.05548618887e-06	0.000970686085759	2.01387154722e-05	0.000443051740388	0.000136943265211	0.00449093355029	6.04161464165e-05	0	4.02774309443e-06	0.00167151338419	0.00194539991461	0.00412038118561	0.00199373283175	0.0402935419167	0	8.05548618887e-06	0.000322219447555	0.0150194539991	0.000704855041526	0.00192928894223	0	0	0.000128887779022	0.00162720821015	5.63884033221e-05	4.02774309443e-06	8.05548618887e-06	0	1.61109723777e-05	0	4.02774309443e-06	0.000185276182344	4.02774309443e-06	0.000942491884098	8.05548618887e-06	0	1.61109723777e-05	0	2.41664585666e-05	0	0.000112776806644	0	0	0	1.20832292833e-05	3.62496878499e-05	0.000410829795632	6.04161464165e-05	0.000471245942049	0	4.02774309443e-06	1.20832292833e-05	0.000310136218271	5.23606602276e-05	0.000161109723777	0	0	3.22219447555e-05	4.02774309443e-05	0.000938464141003	0.000273886530422	0.000632355665826	0.000249720071855	0.000322219447555	6.04161464165e-05	4.02774309443e-06	2.8194201661e-05	8.05548618887e-06	1.20832292833e-05	4.02774309443e-06	2.41664585666e-05	0	0
0	0.000124860035927	1.61109723777e-05	0	0	0	4.02774309443e-06	0	0	0	0	0.00158693077921	0	0.00263011624067	0	0	0	3.62496878499e-05	0.000100693577361	0.000201387154722	0	0	0	4.02774309443e-06	0	0.00443857289007	0.000672633096771	0.00053568983156	0	8.05548618887e-06	8.05548618887e-06	3.62496878499e-05	0	0	0.000193331668533	0	1.20832292833e-05	4.02774309443e-06	0	0	0	0	0	0	0	0	8.05548618887e-05	0	0.000149026494494	0	0	0	1.20832292833e-05	4.02774309443e-06	4.02774309443e-06	0	4.02774309443e-06	0	8.05548618887e-06	0	0.000346385906121	5.23606602276e-05	8.86103480776e-05	0	0	0	0	0	0	1.20832292833e-05	4.02774309443e-05	0.000322219447555	0.000273886530422	2.8194201661e-05	4.02774309443e-06	8.05548618887e-06	0.000237636842572	4.02774309443e-06	5.23606602276e-05	2.41664585666e-05	4.02774309443e-06	0	0	2.8194201661e-05
0	0.0012284616438	0.00262608849757	0	0	0	4.02774309443e-06	8.05548618887e-06	8.05548618887e-06	8.05548618887e-06	0	0.00921547620007	0	0.00501856789567	4.02774309443e-06	4.02774309443e-06	3.62496878499e-05	0.00533273185703	0.00397538243421	0.00923561491554	0	0.000277914273516	8.05548618887e-05	0.0012324893869	8.05548618887e-06	0.000672633096771	0.0434351815304	0.0140286291979	3.22219447555e-05	2.8194201661e-05	0.000128887779022	0.000886103480776	0	0	0.00443051740388	0	0.000434996254199	2.41664585666e-05	0	0	0	0	0	0	0	0	0.000136943265211	0	0.000197359411627	0	0	0	1.61109723777e-05	8.05548618887e-06	2.01387154722e-05	0	4.02774309443e-06	8.05548618887e-06	1.20832292833e-05	0	0.000805548618887	0.000261803301138	0.000467218198954	4.02774309443e-06	0	0	0	0	0	2.41664585666e-05	0.000592078234882	0.00138554362449	0.00274289304731	0.000716938270809	8.05548618887e-05	8.86103480776e-05	5.63884033221e-05	1.61109723777e-05	6.84716326054e-05	2.8194201661e-05	1.20832292833e-05	0	0	1.20832292833e-05
2.8194201661e-05	0.00387871659994	0.010021024819	0	0	0	8.05548618887e-06	0.000165137466872	1.61109723777e-05	0.000112776806644	1.20832292833e-05	0.00190915022676	0	0.00184470633725	1.20832292833e-05	4.02774309443e-06	0.00197762185937	0.003113445412	0.00039069108016	0.00200178831793	0	0.00183262310797	0.00225956387598	0.00971088860068	0.000322219447555	0.00053568983156	0.0140286291979	0.0521471898436	0.000588050491787	5.63884033221e-05	0.000628327922732	0.000273886530422	0	1.61109723777e-05	0.00438621222984	0	0.000813604105076	0.00010874906355	0	0	0	0	4.02774309443e-06	0	0	0	4.02774309443e-05	0	8.05548618887e-05	0	0	3.22219447555e-05	3.22219447555e-05	0	2.01387154722e-05	0	8.05548618887e-06	0.000165137466872	6.04161464165e-05	8.05548618887e-06	0.000378607850877	0.000241664585666	0.000527634345371	1.20832292833e-05	0	8.05548618887e-06	0	0	0	4.02774309443e-05	0.0016674856411	0.00222331418813	0.00302886280701	0.0012324893869	0.000249720071855	0.000257775558044	2.01387154722e-05	4.43051740388e-05	6.84716326054e-05	6.04161464165e-05	4.02774309443e-05	0	0	4.02774309443e-06
0.000632355665826	4.43051740388e-05	0.000519578859182	0	0.00370955138997	4.02774309443e-06	0.000596105977976	0.0154463947672	0.000801520875792	0.00208637092292	0.00637591731849	1.20832292833e-05	0.000467218198954	4.83329171332e-05	0.000451107226577	2.01387154722e-05	0.00348399777669	0.000233609099477	0	2.41664585666e-05	0.000640411152015	0.00729827048712	0.0018084566494	0.0050669008128	0.0150194539991	0	3.22219447555e-05	0.000588050491787	0.0482765287299	0.000612216950354	0.00595703203667	0	0	0.000116804549739	0.00308927895343	2.01387154722e-05	8.05548618887e-06	8.05548618887e-06	0	1.20832292833e-05	0	0	7.65271187943e-05	0	0.000382635593971	4.02774309443e-06	0	4.02774309443e-06	0	0	0	8.05548618887e-05	0	0	0	4.02774309443e-06	3.22219447555e-05	0.000285969759705	2.41664585666e-05	0.000177220696155	0	8.05548618887e-06	8.05548618887e-06	0.000120832292833	2.41664585666e-05	9.66658342664e-05	0	0	1.61109723777e-05	2.01387154722e-05	0.00152651463279	0.000487356914427	0.00125262810237	0.000539717574654	0.000358469135405	8.86103480776e-05	1.20832292833e-05	4.02774309443e-05	2.8194201661e-05	4.02774309443e-06	8.05548618887e-06	4.02774309443e-06	0	0
0.00500648466638	4.02774309443e-06	6.04161464165e-05	0	2.8194201661e-05	0.000161109723777	0.00136943265211	0.00228775807764	0.00231192453621	0.000334302676838	0.000559856290126	3.62496878499e-05	6.4443889511e-05	0.000273886530422	0.00617050242067	1.61109723777e-05	0.000136943265211	7.65271187943e-05	4.02774309443e-06	8.05548618887e-06	2.8194201661e-05	0.000777354417226	0.000221525870194	0.000366524621594	0.000704855041526	8.05548618887e-06	2.8194201661e-05	5.63884033221e-05	0.000612216950354	0.020726765964	0.00190915022676	0	0.000169165209966	0.00194539991461	0.00182053987868	4.02774309443e-06	4.02774309443e-06	0	0	0	0	0	8.05548618887e-06	0	7.24993756998e-05	0	0	0	0	4.02774309443e-06	4.02774309443e-06	3.62496878499e-05	0	0	0	0	4.02774309443e-06	4.83329171332e-05	0	4.02774309443e-05	0	4.02774309443e-06	0	2.8194201661e-05	8.05548618887e-06	1.20832292833e-05	0	0	0	4.02774309443e-06	0.00113179580954	0.000136943265211	0.000769298931037	0.000249720071855	0.000954575113381	0.000298052988988	0	4.02774309443e-06	4.02774309443e-06	4.02774309443e-06	4.02774309443e-06	4.02774309443e-06	0	0
0.00266636592852	0.000136943265211	0.000938464141003	0	3.22219447555e-05	4.02774309443e-06	0.000269858787327	0.00771715576894	0.000720966013904	0.000720966013904	0.000362496878499	1.61109723777e-05	2.8194201661e-05	4.83329171332e-05	0.00042694076801	1.61109723777e-05	0.000878047994587	0.000861937022209	0	4.43051740388e-05	2.41664585666e-05	0.0126189191149	0.000878047994587	0.00578383908361	0.00192928894223	8.05548618887e-06	0.000128887779022	0.000628327922732	0.00595703203667	0.00190915022676	0.0328381894489	0	0	0.000157081980683	0.00823270688502	0	2.41664585666e-05	0	0	0	0	0	3.62496878499e-05	0	0.000128887779022	0	0	0	0	0	0	3.62496878499e-05	4.02774309443e-06	0	0	0	4.02774309443e-06	9.66658342664e-05	2.01387154722e-05	4.83329171332e-05	4.02774309443e-06	0	1.20832292833e-05	5.63884033221e-05	0	2.01387154722e-05	0	0	0	8.05548618887e-06	0.00199373283175	0.000616244693448	0.00232400776549	0.000938464141003	0.00046319045586	0.00018124843925	1.20832292833e-05	2.41664585666e-05	2.01387154722e-05	1.20832292833e-05	1.20832292833e-05	0	0	0
0	0	0	0	0	0	0	0	0	0	0	0.000451107226577	0	0.00074513247247	0	0	0	0	2.41664585666e-05	2.8194201661e-05	0	0	0	0	0	3.62496878499e-05	0.000886103480776	0.000273886530422	0	0	0	0.00110360160788	0	0	1.61109723777e-05	0	0	0	0	0	0	0	0	0	0	0	0	0	0	0	0	0	0	0	0	0	0	0	0	0	4.02774309443e-06	4.02774309443e-06	4.02774309443e-06	0	0	0	0	0	0	0	0	8.05548618887e-06	8.05548618887e-06	0	0	0	4.02774309443e-06	0	4.02774309443e-06	0	0	0	0	0
4.02774309443e-06	0	0	0	0	0.00112776806644	0.00239247939809	0	0.00120026744214	0	8.05548618887e-06	0	0	5.23606602276e-05	0.000422913024916	1.61109723777e-05	0	0	0	0	0	0	0	0	0	0	0	0	0	0.000169165209966	0	0	0.00310538992581	0	8.86103480776e-05	0	0	0	0	0	0	0	0	0	0	0	0	0	0	0	0	0	0	0	0	0	0	0	0	0	0	0	0	0	0	0	0	0	0	0	8.05548618887e-06	0	3.22219447555e-05	4.02774309443e-06	6.4443889511e-05	7.24993756998e-05	0	0	0	0	0	0	0	0
0.000185276182344	4.02774309443e-06	1.20832292833e-05	0	4.02774309443e-06	0	6.04161464165e-05	0.000289997502799	0.000104721320455	8.05548618887e-05	6.4443889511e-05	0	0	0	0.00039069108016	0	3.22219447555e-05	4.02774309443e-06	0	0	0	0.000265831044233	5.63884033221e-05	0.000185276182344	0.000128887779022	0	0	1.61109723777e-05	0.000116804549739	0.00194539991461	0.000157081980683	0	0	0.00259789429591	0.000495412400615	0	0	0	0	0	0	0	0	0	1.20832292833e-05	0	0	0	0	0	0	8.05548618887e-06	0	0	0	0	0	8.05548618887e-06	0	1.20832292833e-05	0	0	0	4.02774309443e-06	0	0	0	0	0	0	0.000249720071855	3.22219447555e-05	0.000132915522116	3.22219447555e-05	0.000161109723777	2.01387154722e-05	0	0	0	0	0	0	0	0
0.000692771812243	0.000978741571948	0.0037659397933	0	2.41664585666e-05	0.000209442640911	0.000845826049831	0.00210248189529	0.000753187958659	0.000696799555337	0.000213470384005	0.00640411152015	3.22219447555e-05	0.00256164460806	0.000430968511104	6.4443889511e-05	0.00153859786207	0.0087563134873	0.000434996254199	0.00397538243421	2.41664585666e-05	0.00863950893756	0.00160706949468	0.0108668508688	0.00162720821015	0.000193331668533	0.00443051740388	0.00438621222984	0.00308927895343	0.00182053987868	0.00823270688502	1.61109723777e-05	8.86103480776e-05	0.000495412400615	0.0473380645889	4.02774309443e-06	0.00028194201661	3.62496878499e-05	0	4.02774309443e-06	0	0	1.61109723777e-05	0	0.000104721320455	0	4.02774309443e-05	0	7.24993756998e-05	0	0	5.63884033221e-05	8.05548618887e-06	0	0	0	8.05548618887e-06	0.000165137466872	4.43051740388e-05	2.8194201661e-05	0.000205414897816	0.000104721320455	0.000185276182344	3.22219447555e-05	8.05548618887e-06	3.22219447555e-05	0	0	4.02774309443e-06	3.62496878499e-05	0.00845020501212	0.00372969010545	0.0204246852319	0.00642425023562	0.00219109224337	0.00138957136758	0.000153054237589	0.0001449987514	5.63884033221e-05	8.05548618887e-05	6.04161464165e-05	0	0	0
0	0	0	0	0	0	0	3.22219447555e-05	4.02774309443e-06	7.65271187943e-05	8.05548618887e-06	0	4.02774309443e-06	0	4.02774309443e-06	0	4.02774309443e-06	0	0	0	4.02774309443e-06	0	1.20832292833e-05	0	5.63884033221e-05	0	0	0	2.01387154722e-05	4.02774309443e-06	0	0	0	0	4.02774309443e-06	0.0168319383916	8.05548618887e-06	0.000116804549739	0	0.000225553613288	2.01387154722e-05	0.000785409903415	0.00362496878499	0.00123651712999	0.000257775558044	0.000285969759705	1.20832292833e-05	0.000567911776315	4.02774309443e-06	0.00482926397023	7.65271187943e-05	0.000153054237589	3.62496878499e-05	0	0	0.000414857538727	0.000547773060843	0.000157081980683	0.000511523372993	0.00149832043113	0	3.62496878499e-05	6.4443889511e-05	0.00132512747807	0.00695188458099	0.0053528705725	0	1.61109723777e-05	0.00139359911067	0.00192123345605	8.05548618887e-06	0	4.02774309443e-06	4.02774309443e-06	4.02774309443e-06	0	0	0.000459162712766	9.2638091172e-05	0.000588050491787	0.0001449987514	8.45826049831e-05	1.61109723777e-05	4.02774309443e-06
0	0.00215081481243	0.000362496878499	0	0	0	0	4.02774309443e-06	0	1.61109723777e-05	0	0.000116804549739	0	2.01387154722e-05	0	0	1.20832292833e-05	0.000269858787327	8.05548618887e-06	0.000201387154722	0	4.43051740388e-05	0.000434996254199	0.000225553613288	4.02774309443e-06	1.20832292833e-05	0.000434996254199	0.000813604105076	8.05548618887e-06	4.02774309443e-06	2.41664585666e-05	0	0	0	0.00028194201661	8.05548618887e-06	0.0136822432918	0.00131707199188	0	0	0	0	8.05548618887e-06	0	3.22219447555e-05	0	0.000153054237589	0	0.000173192953061	0	0	0.000362496878499	0.00100290803051	6.4443889511e-05	0.000338330419932	0	0.000165137466872	0.00251331169093	0.000914297682437	5.63884033221e-05	0.00247706200308	0.00385455014137	0.00871200831326	8.45826049831e-05	8.05548618887e-06	8.86103480776e-05	8.05548618887e-06	0	8.05548618887e-06	0.000422913024916	0.000120832292833	0.000237636842572	0.000221525870194	6.84716326054e-05	8.05548618887e-06	4.02774309443e-06	0	0.00031819170446	0.000882075737681	0.00046319045586	0.000221525870194	4.02774309443e-06	8.05548618887e-06	1.20832292833e-05
0	0.000177220696155	4.83329171332e-05	0	0	0	0	0	0	0	0	4.02774309443e-06	0	4.02774309443e-06	0	4.02774309443e-06	2.01387154722e-05	2.01387154722e-05	0	4.02774309443e-06	0	8.05548618887e-06	0.000100693577361	3.62496878499e-05	8.05548618887e-06	4.02774309443e-06	2.41664585666e-05	0.00010874906355	8.05548618887e-06	0	0	0	0	0	3.62496878499e-05	0.000116804549739	0.00131707199188	0.0291447490313	0	8.05548618887e-06	4.02774309443e-06	1.20832292833e-05	0.000185276182344	8.05548618887e-06	3.62496878499e-05	0	6.04161464165e-05	8.05548618887e-06	2.01387154722e-05	8.05548618887e-06	0	0.00129290553331	0.0053568983156	8.05548618887e-06	0.000306108475177	8.05548618887e-06	0.00283955888158	0.000974713828853	0.0153457011898	0.000169165209966	6.04161464165e-05	0.00870395282707	0.0100129693328	0.000579995005599	0.000104721320455	0.00125262810237	0	0	6.4443889511e-05	0.00184067859416	3.62496878499e-05	2.41664585666e-05	2.01387154722e-05	2.01387154722e-05	1.61109723777e-05	4.02774309443e-06	0	0.00154665334826	0.00217900901409	0.00175609598917	0.000986797058136	4.02774309443e-06	2.41664585666e-05	6.04161464165e-05
0	0	0	0	0	0	0	0	0	0	0	0	0	0	0	0	0	0	0	0	0	0	0	0	0	0	0	0	0	0	0	0	0	0	0	0	0	0	0	0	0	0	0	0	0	0	0	0	0	0	0	0	0	0	0	0	0	0	0	0	0	0	0	0	0	0	0	0	0	0	0	0	0	0	0	0	0	0	0	0	0	0	0	0
0	0	0	0	0.000386663337066	0	0	1.61109723777e-05	0	3.62496878499e-05	0	0	0	0	0	0	0	0	0	0	4.02774309443e-06	4.02774309443e-06	0	0	1.61109723777e-05	0	0	0	1.20832292833e-05	0	0	0	0	0	4.02774309443e-06	0.000225553613288	0	8.05548618887e-06	0	0.0134164122476	0	0.000398746566349	0.000765271187943	3.22219447555e-05	0.000165137466872	0.00164734692562	4.02774309443e-06	0.002601922039	0	0.00010874906355	1.20832292833e-05	2.41664585666e-05	0	0	0	0.00840187209499	2.01387154722e-05	1.20832292833e-05	2.8194201661e-05	0.00644841669419	0	0	0	0.00322622221864	0.000120832292833	0.000233609099477	0	0	6.84716326054e-05	8.86103480776e-05	0	0	0	0	0	0	0	1.61109723777e-05	0	2.8194201661e-05	4.02774309443e-06	2.41664585666e-05	4.02774309443e-06	0
0	0	0	0	0	0	0	0	0	0	0	0	0	0	0	0	0	0	0	0	0	0	0	0	0	0	0	0	0	0	0	0	0	0	0	2.01387154722e-05	0	4.02774309443e-06	0	0	0.00399149340658	0.000439023997293	4.02774309443e-06	0.000592078234882	0	0	8.05548618887e-06	0	0	0.000314163961366	0.000306108475177	4.02774309443e-06	0	0	0	0	0	0	4.02774309443e-06	4.02774309443e-06	0	0	0	0	0.000455134969671	0	0	0.00111568483716	4.02774309443e-06	0.000374580107782	0	0	0	0	0	0	0	4.02774309443e-06	4.02774309443e-06	6.4443889511e-05	1.20832292833e-05	0.00165540241181	0.00105929643384	0
0	0	0	0	0	0	0	4.02774309443e-06	0	1.20832292833e-05	0	0	0	0	0	0	0	0	0	0	0	0	0	0	4.02774309443e-06	0	0	0	0	0	0	0	0	0	0	0.000785409903415	0	1.20832292833e-05	0	0.000398746566349	0.000439023997293	0.0236670184229	0.000543745317749	0.00475273685143	5.23606602276e-05	0.00500648466638	1.61109723777e-05	0.00753187958659	0	0.00229984130692	0.00198970508865	8.05548618887e-06	4.02774309443e-06	0	0	0.00177623470465	2.8194201661e-05	2.01387154722e-05	2.8194201661e-05	0.00118818421286	0	8.05548618887e-06	8.05548618887e-06	0.000555828547032	0.00208637092292	0.000237636842572	0	0.000265831044233	0.000165137466872	0.000869992508398	0	0	0	0	0	0	0	8.86103480776e-05	1.20832292833e-05	0.000229581356383	2.01387154722e-05	0.000531662088465	0.000120832292833	4.02774309443e-06
1.61109723777e-05	0	0	0	8.05548618887e-06	0	4.02774309443e-06	0.000100693577361	1.20832292833e-05	0.000277914273516	1.61109723777e-05	0	8.05548618887e-06	0	0	0	1.61109723777e-05	0	0	0	0	1.20832292833e-05	8.86103480776e-05	1.61109723777e-05	0.000185276182344	0	0	4.02774309443e-06	7.65271187943e-05	8.05548618887e-06	3.62496878499e-05	0	0	0	1.61109723777e-05	0.00362496878499	8.05548618887e-06	0.000185276182344	0	0.000765271187943	4.02774309443e-06	0.000543745317749	0.0297086330645	0.000265831044233	0.00099888028742	0.00139762685377	1.20832292833e-05	0.000563884033221	0	0.00168762435657	5.63884033221e-05	0.000769298931037	5.23606602276e-05	0	4.02774309443e-06	0.000849853792926	0.00107943514931	0.000696799555337	0.00116401775429	0.00611814176045	0	3.22219447555e-05	8.05548618887e-05	0.0123651712999	0.00142179331234	0.00817229073861	0	0	0.000704855041526	0.00113985129572	1.61109723777e-05	4.02774309443e-06	4.02774309443e-06	0	1.20832292833e-05	0	0	0.000451107226577	0.000165137466872	0.000418885281821	0.000169165209966	5.23606602276e-05	4.02774309443e-06	0
0	0	0	0	0	0	0	0	0	4.02774309443e-06	0	0	0	0	0	0	0	0	0	0	0	0	0	0	4.02774309443e-06	0	0	0	0	0	0	0	0	0	0	0.00123651712999	0	8.05548618887e-06	0	3.22219447555e-05	0.000592078234882	0.00475273685143	0.000265831044233	0.0158934742506	1.20832292833e-05	0.000724993756998	4.43051740388e-05	0.000543745317749	4.02774309443e-06	0.00888520126632	0.000217498127099	8.05548618887e-06	0	0	0	0.00018124843925	2.01387154722e-05	1.61109723777e-05	2.8194201661e-05	0.000237636842572	0	0	1.20832292833e-05	0.000161109723777	0.00374580107782	0.000217498127099	0	0.00149429268804	0.000124860035927	0.00162318046706	0	0	0	0	0	0	0	8.86103480776e-05	2.01387154722e-05	0.000378607850877	5.23606602276e-05	0.000209442640911	0.000555828547032	0
