0.0128947525521	0	5.22356874216e-05	0	4.10423258313e-05	3.73112053012e-06	0.000652946092771	0.00379454957913	0.00238045489822	0.000149244821205	0.0012760432213	0	0.000111933615904	7.46224106024e-06	0.00598471733031	0.000115664736434	5.22356874216e-05	3.73112053012e-06	0	0	7.83535311325e-05	0.000227598352337	0.000171631544385	0.000268640678168	0.000294758521879	0	1.11933615904e-05	1.86556026506e-05	0.00101486478419	0.00629440033431	0.00220882335383	0	3.73112053012e-06	0.000518625753686	0.000455196704674	3.73112053012e-06	3.73112053012e-06	3.73112053012e-06	0	3.73112053012e-06	0	0	3.73112053012e-06	0	6.71601695421e-05	0	0	3.73112053012e-06	0	0	3.73112053012e-06	0	3.73112053012e-06	0	0	0	3.73112053012e-06	2.61178437108e-05	1.11933615904e-05	3.35800847711e-05	0	1.11933615904e-05	3.73112053012e-06	1.49244821205e-05	7.46224106024e-06	1.11933615904e-05	0	0	3.73112053012e-06	7.46224106024e-06	0.000194018267566	4.85045668915e-05	0.000223867231807	9.32780132529e-05	0.000227598352337	3.73112053012e-06	0	3.73112053012e-06	0	3.73112053012e-06	0	0	0	0
0	0.016166945257	0.00185436690347	0	0	0	0	2.23867231807e-05	0	2.61178437108e-05	0	0.000100740254313	0	2.98489642409e-05	3.73112053012e-06	3.73112053012e-06	0.000231329472867	0.000880544445108	1.49244821205e-05	0.000395498776192	0	0.000167900423855	0.00274237358964	0.0011641096054	4.47734463614e-05	0.000212673870217	0.00425720852486	0.00763014148409	0.000111933615904	2.23867231807e-05	0.000156707062265	0	0	1.11933615904e-05	0.000843233239807	0	0.00344755536983	0.000466390066265	0	0	0	0	1.11933615904e-05	0	1.11933615904e-05	0	4.85045668915e-05	0	2.61178437108e-05	0	0	5.59668079518e-05	0.000186556026506	1.11933615904e-05	8.20846516626e-05	0	4.10423258313e-05	0.000611903766939	0.000361918691421	1.49244821205e-05	0.000272371798699	0.000458927825204	0.00168273535908	2.23867231807e-05	0	1.86556026506e-05	0	0	0	0.000253716196048	0.000473852307325	0.0013506656319	0.000772341949734	0.00030595188347	1.11933615904e-05	3.73112053012e-06	0	0.000108202495373	0.000529819115277	0.000287296280819	9.32780132529e-05	0	1.11933615904e-05	3.73112053012e-06
5.22356874216e-05	0.00185436690347	0.0237448510537	0	3.73112053012e-06	0	7.46224106024e-06	0.000257447316578	4.10423258313e-05	7.08912900722e-05	1.49244821205e-05	1.49244821205e-05	0	1.49244821205e-05	6.3429049012e-05	7.46224106024e-06	0.000455196704674	0.00190287147036	1.11933615904e-05	0.000253716196048	3.73112053012e-06	0.00161557518954	0.00158199510477	0.0105739955824	0.000145513700675	0	0.00532804011701	0.00686526177542	0.000615634887469	0.000141782580144	0.0012760432213	0	0	4.85045668915e-05	0.00216031878694	0	0.000570861441108	0.000130589218554	0	0	0	0	3.73112053012e-06	0	1.11933615904e-05	0	1.11933615904e-05	0	0	0	0	2.61178437108e-05	4.10423258313e-05	3.73112053012e-06	1.49244821205e-05	0	3.73112053012e-05	0.000335800847711	0.000175362664916	1.49244821205e-05	2.61178437108e-05	6.71601695421e-05	0.000294758521879	2.23867231807e-05	0	7.46224106024e-06	0	0	0	5.59668079518e-05	0.00160811294848	0.00269013790221	0.00202226732732	0.000970091337831	9.70091337831e-05	1.49244821205e-05	1.11933615904e-05	0.000111933615904	0.000111933615904	5.96979284819e-05	3.73112053012e-05	3.73112053012e-06	0	0
0	0	0	0	0	0	0	0	0	0	0	0	0	0	0	0	0	0	0	0	0	0	0	0	0	0	0	0	0	0	0	0	0	0	0	0	0	0	0	0	0	0	0	0	0	0	0	0	0	0	0	0	0	0	0	0	0	0	0	0	0	0	0	0	0	0	0	0	0	0	0	0	0	0	0	0	0	0	0	0	0	0	0	0
4.10423258313e-05	0	3.73112053012e-06	0	0.0119395856964	0	9.70091337831e-05	0.00150364157364	0.000130589218554	7.46224106024e-05	0.00172377768491	0	0.000977553578891	0	0.000167900423855	3.73112053012e-06	3.73112053012e-06	0	0	0	0.00409303922154	7.46224106024e-06	1.49244821205e-05	3.73112053012e-06	0.00257074204525	0	3.73112053012e-06	0	0.0041005014626	2.98489642409e-05	3.73112053012e-05	0	0	7.46224106024e-06	2.23867231807e-05	1.11933615904e-05	0	3.73112053012e-06	0	0.00341770640559	0	0.000100740254313	2.98489642409e-05	1.11933615904e-05	2.98489642409e-05	0.000406692137783	0	0.000507432392096	0	7.46224106024e-06	1.11933615904e-05	0	3.73112053012e-06	0	0	0.00171258432332	0	3.73112053012e-06	0	0.000261178437108	0	0	0	0.000477583427855	0	7.46224106024e-06	0	3.73112053012e-06	0	3.73112053012e-06	7.46224106024e-06	3.73112053012e-06	1.49244821205e-05	3.73112053012e-06	1.11933615904e-05	3.73112053012e-06	0	7.46224106024e-06	0	0	0	0	0	0
3.73112053012e-06	0	0	0	0	0.0041005014626	0.00179466897499	0	0.000776073070264	0	3.73112053012e-06	7.46224106024e-06	0	6.71601695421e-05	0.000451465584144	0.000548474717927	0	0	0	3.73112053012e-06	0	0	0	3.73112053012e-06	0	0	3.73112053012e-06	0	0	0.000563399200048	3.73112053012e-06	0	0.0017834756134	3.73112053012e-06	0.000425347740433	0	0	0	0	0	0	0	0	0	0	0	0	0	0	0	0	0	0	0	0	0	0	3.73112053012e-06	0	0	0	0	0	0	0	0	0	0	0	0	2.98489642409e-05	3.73112053012e-06	0.000171631544385	2.61178437108e-05	0.000529819115277	0.00101859590472	0	0	0	0	0	0	0	0
0.000652946092771	0	7.46224106024e-06	0	9.70091337831e-05	0.00179466897499	0.0340875171632	0.00234687481344	0.0150923825443	0.000108202495373	0.00863008178616	2.23867231807e-05	0.00396618112352	0.000126858098024	0.00638767834756	0.00245880842935	7.46224106024e-06	0	0	0	0.000533550235807	4.10423258313e-05	2.98489642409e-05	3.73112053012e-05	0.000175362664916	3.73112053012e-06	1.11933615904e-05	3.73112053012e-06	0.000809653155036	0.00294758521879	0.000235060593397	0	0.0013879768372	0.000175362664916	0.00118649632858	0	0	0	0	3.73112053012e-06	0	0	0	0	1.49244821205e-05	0	0	0	0	0	0	0	0	0	0	3.73112053012e-06	0	3.73112053012e-06	3.73112053012e-06	1.11933615904e-05	0	0	0	7.46224106024e-06	0	1.11933615904e-05	0	0	0	0	0.000242522834458	5.22356874216e-05	0.000749955226554	0.000175362664916	0.00104471374843	0.000805922034505	0	0	0	0	0	3.73112053012e-06	0	0
0.00379454957913	2.23867231807e-05	0.000257447316578	0	0.00150364157364	0	0.00234687481344	0.0505081786162	0.00456316040833	0.00198868724255	0.0150401468569	0	0.000888006686168	3.73112053012e-06	0.00898080711599	0.000223867231807	0.000406692137783	3.35800847711e-05	0	7.46224106024e-06	0.00220136111277	0.0015111038147	0.000996209181541	0.00163049967166	0.00532804011701	0	5.96979284819e-05	0.000115664736434	0.0209614351382	0.00383186078443	0.010775476091	0	3.73112053012e-06	0.000667870574891	0.00122007641335	2.61178437108e-05	1.49244821205e-05	1.11933615904e-05	0	5.22356874216e-05	0	2.98489642409e-05	8.95468927228e-05	1.11933615904e-05	0.000701450659662	4.47734463614e-05	0	5.59668079518e-05	0	1.11933615904e-05	1.49244821205e-05	2.23867231807e-05	7.46224106024e-06	0	0	8.58157721927e-05	3.73112053012e-05	0.000111933615904	3.35800847711e-05	0.000503701271566	0	3.73112053012e-06	7.46224106024e-06	0.000227598352337	1.49244821205e-05	7.46224106024e-05	0	0	7.46224106024e-06	6.71601695421e-05	0.000835770998746	0.000309683004	0.000690257298072	0.000287296280819	0.000496239030506	1.49244821205e-05	3.73112053012e-06	8.20846516626e-05	3.73112053012e-06	2.23867231807e-05	3.73112053012e-06	1.11933615904e-05	0	0
0.00238045489822	0	4.10423258313e-05	0	0.000130589218554	0.000776073070264	0.0150923825443	0.00456316040833	0.0383932302549	0.000126858098024	0.00708539788669	1.49244821205e-05	0.000693988418602	0.000138051459614	0.0199204525103	0.00102605814578	3.35800847711e-05	3.73112053012e-06	0	3.73112053012e-06	0.000440272222554	9.32780132529e-05	7.08912900722e-05	0.000111933615904	0.000309683004	0	1.11933615904e-05	3.73112053012e-06	0.00128723658289	0.00551459614351	0.000548474717927	0	0.00138424571667	0.00030595188347	0.00153722165841	0	3.73112053012e-06	0	0	0	0	3.73112053012e-06	7.46224106024e-06	0	2.98489642409e-05	3.73112053012e-06	0	3.73112053012e-06	0	0	0	0	0	0	0	1.11933615904e-05	3.73112053012e-06	1.49244821205e-05	1.11933615904e-05	2.23867231807e-05	0	0	3.73112053012e-06	2.23867231807e-05	0	1.49244821205e-05	0	0	0	3.73112053012e-06	0.00031341412453	6.3429049012e-05	0.000902931168288	0.000212673870217	0.000824577637156	0.000376843173542	7.46224106024e-06	1.49244821205e-05	0	0	0	0	0	0
0.000149244821205	2.61178437108e-05	7.08912900722e-05	0	7.46224106024e-05	0	0.000108202495373	0.00198868724255	0.000126858098024	0.0157229419139	0.00033206972718	0	0.00064175273118	0	0.000283565160289	0.000246253954988	0.000395498776192	1.11933615904e-05	0	0	8.95468927228e-05	0.000350725329831	0.00320130141484	0.000462658945735	0.00732045848009	0	3.73112053012e-06	0.000134320339084	0.00343263088771	0.000343263088771	0.0009663602173	0	0	0.000123126977494	0.000294758521879	5.96979284819e-05	3.73112053012e-06	7.46224106024e-06	0	8.95468927228e-05	0	2.61178437108e-05	0.000231329472867	1.49244821205e-05	0.00198495612202	2.98489642409e-05	0	7.83535311325e-05	0	2.98489642409e-05	1.49244821205e-05	5.96979284819e-05	0	0	0	0.000100740254313	8.95468927228e-05	0.000354456450361	0.000115664736434	0.00117903408752	0	0	7.46224106024e-06	0.000462658945735	7.46224106024e-05	0.000261178437108	0	0	4.10423258313e-05	0.000126858098024	0.000440272222554	0.000108202495373	0.000182824905976	8.20846516626e-05	0.00101113366366	7.46224106024e-06	3.73112053012e-06	0.000108202495373	7.46224106024e-06	3.73112053012e-05	3.73112053012e-06	4.85045668915e-05	3.73112053012e-06	0
0.0012760432213	0	1.49244821205e-05	0	0.00172377768491	3.73112053012e-06	0.00863008178616	0.0150401468569	0.00708539788669	0.00033206972718	0.0431242910871	0	0.00315652796848	7.46224106024e-06	0.00760775476091	0.000201480508626	4.85045668915e-05	1.11933615904e-05	0	3.73112053012e-06	0.00321622589696	0.000100740254313	0.000100740254313	9.32780132529e-05	0.00124992537759	0	1.11933615904e-05	1.11933615904e-05	0.00846591248284	0.00108575607426	0.000563399200048	0	3.73112053012e-06	0.000208942749687	0.000283565160289	0	0	0	0	0.000701450659662	0	2.98489642409e-05	1.49244821205e-05	0	0.000126858098024	0.000361918691421	0	0.000145513700675	0	0	0	0	0	0	0	0.000555936958988	3.73112053012e-06	1.49244821205e-05	7.46224106024e-06	0.000111933615904	0	0	0	2.61178437108e-05	3.73112053012e-06	1.49244821205e-05	0	0	0	1.11933615904e-05	0.000130589218554	2.98489642409e-05	0.000160438182795	3.73112053012e-05	0.000272371798699	1.11933615904e-05	0	2.23867231807e-05	0	3.73112053012e-06	3.73112053012e-06	3.73112053012e-06	0	0
0	0.000100740254313	1.49244821205e-05	0	0	7.46224106024e-06	2.23867231807e-05	0	1.49244821205e-05	0	0	0.0261887350009	0	0.0069995821145	1.86556026506e-05	3.73112053012e-06	3.73112053012e-06	0.00063055936959	0.00430571309176	0.00620858456212	0	7.46224106024e-06	1.86556026506e-05	4.85045668915e-05	0	0.00203719180944	0.00801817801922	0.00128723658289	0	4.85045668915e-05	7.46224106024e-06	0.000488776789445	1.11933615904e-05	0	0.00317518357113	0	0.000354456450361	7.46224106024e-06	0	0	0	0	0	0	0	0	0.000339531968241	0	0.000298489642409	0	0	0	1.86556026506e-05	2.23867231807e-05	2.61178437108e-05	0	3.73112053012e-06	7.46224106024e-06	1.11933615904e-05	0	0.0010782938332	0.000388036535132	0.000585785923228	0	0	3.73112053012e-06	1.11933615904e-05	0	0	5.59668079518e-05	0.000126858098024	0.00329457942809	0.00306324995523	0.000138051459614	7.46224106024e-06	3.73112053012e-06	0.000410423258313	1.86556026506e-05	0.000205211629156	5.59668079518e-05	1.49244821205e-05	0	0	0
0.000111933615904	0	0	0	0.000977553578891	0	0.00396618112352	0.000888006686168	0.000693988418602	0.00064175273118	0.00315652796848	0	0.0189205122082	0	0.000421616619903	0.000910393409349	0	0	0	0	0.0051414840905	1.11933615904e-05	7.46224106024e-06	3.73112053012e-06	0.000828308757686	0	0	0	0.000888006686168	9.70091337831e-05	5.22356874216e-05	0	0	3.73112053012e-06	2.98489642409e-05	7.46224106024e-06	0	0	0	0.00031714524506	0	8.58157721927e-05	1.11933615904e-05	3.73112053012e-06	3.35800847711e-05	0.000231329472867	0	0.00161184406901	0	3.73112053012e-06	0	0	0	0	0	0.000604441525879	0	3.73112053012e-06	0	3.35800847711e-05	0	0	0	1.86556026506e-05	3.73112053012e-06	0	0	0	0	0	0.000100740254313	1.49244821205e-05	2.98489642409e-05	1.11933615904e-05	0.00095889797624	0	0	3.73112053012e-06	0	0	0	0	0	0
7.46224106024e-06	2.98489642409e-05	1.49244821205e-05	0	0	6.71601695421e-05	0.000126858098024	3.73112053012e-06	0.000138051459614	0	7.46224106024e-06	0.0069995821145	0	0.0179280341472	0.000160438182795	2.61178437108e-05	0	5.59668079518e-05	0.000462658945735	0.000559668079518	0	1.11933615904e-05	1.11933615904e-05	5.22356874216e-05	3.73112053012e-06	0.00404826577518	0.00355202674467	0.00140663243985	7.46224106024e-06	0.000358187570891	3.73112053012e-06	0.000985015819951	4.85045668915e-05	3.73112053012e-06	0.000895468927228	0	0.000194018267566	0	0	0	0	0	0	0	0	0	0.00030222076294	0	0.000343263088771	0	0	0	1.49244821205e-05	1.49244821205e-05	1.49244821205e-05	0	0	0	0	0	0.00094770461465	0.000227598352337	0.00030595188347	0	0	0	2.23867231807e-05	0	0	8.58157721927e-05	0.000152975941735	0.00203346068891	0.0017349710465	0.000249985075518	4.10423258313e-05	0.000119395856964	0.000846964360337	1.86556026506e-05	0.000231329472867	3.35800847711e-05	7.46224106024e-06	0	0	1.11933615904e-05
0.00598471733031	3.73112053012e-06	6.3429049012e-05	0	0.000167900423855	0.000451465584144	0.00638767834756	0.00898080711599	0.0199204525103	0.000283565160289	0.00760775476091	1.86556026506e-05	0.000421616619903	0.000160438182795	0.0412736553042	0.00117903408752	7.08912900722e-05	1.86556026506e-05	0	2.23867231807e-05	0.000384305414602	0.000171631544385	0.000197749388096	0.000227598352337	0.00064175273118	0	3.73112053012e-05	2.61178437108e-05	0.00221255447436	0.0114097665811	0.00134320339084	0	0.000671601695421	0.000712644021252	0.00249611963465	0	7.46224106024e-06	0	0	3.73112053012e-06	0	3.73112053012e-06	7.46224106024e-06	0	8.95468927228e-05	3.73112053012e-06	0	7.46224106024e-06	0	0	3.73112053012e-06	3.73112053012e-06	0	0	0	1.49244821205e-05	3.73112053012e-06	2.23867231807e-05	1.11933615904e-05	5.59668079518e-05	0	7.46224106024e-06	7.46224106024e-06	2.98489642409e-05	3.73112053012e-06	1.86556026506e-05	0	0	0	1.49244821205e-05	0.000675332815951	0.000123126977494	0.00148871709152	0.000391767655662	0.00143275028357	0.000287296280819	7.46224106024e-06	2.23867231807e-05	0	3.73112053012e-06	3.73112053012e-06	3.73112053012e-06	0	0
0.000115664736434	3.73112053012e-06	7.46224106024e-06	0	3.73112053012e-06	0.000548474717927	0.00245880842935	0.000223867231807	0.00102605814578	0.000246253954988	0.000201480508626	3.73112053012e-06	0.000910393409349	2.61178437108e-05	0.00117903408752	0.00818607844308	7.46224106024e-06	7.46224106024e-06	0	0	1.86556026506e-05	3.73112053012e-06	2.23867231807e-05	3.35800847711e-05	5.96979284819e-05	3.73112053012e-06	0	0	8.95468927228e-05	0.000876813324578	8.58157721927e-05	0	7.46224106024e-05	6.71601695421e-05	0.000436541102024	0	3.73112053012e-06	3.73112053012e-06	0	3.73112053012e-06	0	0	0	0	1.11933615904e-05	0	0	0	3.73112053012e-06	0	0	0	0	0	0	3.73112053012e-06	0	3.73112053012e-06	3.73112053012e-06	1.49244821205e-05	0	3.73112053012e-06	0	0	0	0	0	0	0	0	0.00030222076294	4.47734463614e-05	0.000361918691421	8.58157721927e-05	0.0025520864426	9.70091337831e-05	0	0	0	0	0	3.73112053012e-06	0	0
5.22356874216e-05	0.000231329472867	0.000455196704674	0	3.73112053012e-06	0	7.46224106024e-06	0.000406692137783	3.35800847711e-05	0.000395498776192	4.85045668915e-05	3.73112053012e-06	0	0	7.08912900722e-05	7.46224106024e-06	0.0175399976121	5.96979284819e-05	0	1.49244821205e-05	3.73112053012e-06	0.00335427735658	0.00496612142559	0.00855172825503	0.00322368813802	0	0.000104471374843	0.00377216285595	0.00326473046385	0.000149244821205	0.000988746940481	0	0	4.47734463614e-05	0.000548474717927	1.11933615904e-05	2.61178437108e-05	1.11933615904e-05	0	7.46224106024e-06	0	3.73112053012e-06	2.23867231807e-05	0	9.70091337831e-05	3.73112053012e-06	0	7.46224106024e-06	0	0	0	1.86556026506e-05	1.49244821205e-05	0	0	1.11933615904e-05	2.23867231807e-05	0.000350725329831	7.46224106024e-05	7.08912900722e-05	0	3.73112053012e-06	1.86556026506e-05	4.47734463614e-05	7.46224106024e-06	3.35800847711e-05	0	0	3.73112053012e-06	4.47734463614e-05	0.000865619962987	0.000559668079518	0.00062682824906	0.000391767655662	6.3429049012e-05	7.46224106024e-06	3.73112053012e-06	5.59668079518e-05	1.11933615904e-05	3.35800847711e-05	1.86556026506e-05	3.73112053012e-06	3.73112053012e-06	3.73112053012e-06
3.73112053012e-06	0.000880544445108	0.00190287147036	0	0	0	0	3.35800847711e-05	3.73112053012e-06	1.11933615904e-05	1.11933615904e-05	0.00063055936959	0	5.59668079518e-05	1.86556026506e-05	7.46224106024e-06	5.96979284819e-05	0.0214688675303	0.000231329472867	0.0044848068772	0	0.000570861441108	0.000194018267566	0.0034811354546	1.49244821205e-05	0.000108202495373	0.00958151752134	0.00192898931407	9.70091337831e-05	3.35800847711e-05	0.00031714524506	0	0	7.46224106024e-06	0.00452958032356	0	0.000391767655662	3.73112053012e-05	0	0	0	0	0	0	3.73112053012e-06	0	4.47734463614e-05	0	1.86556026506e-05	0	0	3.73112053012e-06	1.11933615904e-05	7.46224106024e-06	1.86556026506e-05	0	7.46224106024e-06	2.23867231807e-05	2.98489642409e-05	3.73112053012e-06	0.000108202495373	8.95468927228e-05	0.000197749388096	0	0	0	0	0	0	3.35800847711e-05	0.000761148588144	0.00204092292997	0.001858098024	0.000596979284819	3.73112053012e-05	3.73112053012e-06	3.73112053012e-06	5.96979284819e-05	7.83535311325e-05	4.47734463614e-05	0	0	0	3.73112053012e-06
0	1.49244821205e-05	1.11933615904e-05	0	0	0	0	0	0	0	0	0.00430571309176	0	0.000462658945735	0	0	0	0.000231329472867	0.00793609336756	0.0039027520745	0	3.73112053012e-06	0	1.49244821205e-05	0	0.000242522834458	0.00408930810101	0.000264909557638	0	3.73112053012e-06	3.73112053012e-06	1.86556026506e-05	0	0	0.000492507909976	0	7.46224106024e-05	0	0	0	0	0	0	0	0	0	3.35800847711e-05	0	5.22356874216e-05	0	0	0	0	0	3.73112053012e-06	0	0	0	0	0	0.000164169303325	4.85045668915e-05	0.000119395856964	0	0	0	0	0	0	3.73112053012e-06	1.86556026506e-05	0.000414154378843	0.000283565160289	2.23867231807e-05	0	0	1.49244821205e-05	3.73112053012e-06	1.11933615904e-05	1.11933615904e-05	0	0	0	0
0	0.000395498776192	0.000253716196048	0	0	3.73112053012e-06	0	7.46224106024e-06	3.73112053012e-06	0	3.73112053012e-06	0.00620858456212	0	0.000559668079518	2.23867231807e-05	0	1.49244821205e-05	0.0044848068772	0.0039027520745	0.0202935645633	0	3.35800847711e-05	4.10423258313e-05	0.000190287147036	0	0.000533550235807	0.0123201599904	0.00151856605576	3.73112053012e-06	3.35800847711e-05	3.73112053012e-05	2.61178437108e-05	3.73112053012e-06	0	0.00456316040833	0	0.000511163512626	3.73112053012e-06	0	0	0	0	0	0	0	0	0.000130589218554	0	0.000138051459614	0	0	0	0	7.46224106024e-06	1.86556026506e-05	0	0	3.73112053012e-06	0	0	0.000526087994747	0.000220136111277	0.000436541102024	0	0	0	7.46224106024e-06	0	0	3.73112053012e-05	0.000350725329831	0.00205584741209	0.00202226732732	0.000287296280819	1.11933615904e-05	7.46224106024e-06	7.46224106024e-06	2.98489642409e-05	0.000130589218554	4.85045668915e-05	3.73112053012e-06	0	0	3.73112053012e-06
7.83535311325e-05	0	3.73112053012e-06	0	0.00409303922154	0	0.000533550235807	0.00220136111277	0.000440272222554	8.95468927228e-05	0.00321622589696	0	0.0051414840905	0	0.000384305414602	1.86556026506e-05	3.73112053012e-06	0	0	0	0.0126708853203	1.11933615904e-05	1.86556026506e-05	7.46224106024e-06	0.00160065070742	0	3.73112053012e-06	0	0.0036788848427	9.32780132529e-05	5.22356874216e-05	0	0	7.46224106024e-06	2.98489642409e-05	3.73112053012e-06	0	0	0	2.61178437108e-05	0	3.73112053012e-06	3.73112053012e-06	0	3.35800847711e-05	0	0	3.73112053012e-06	0	0	3.73112053012e-06	0	0	0	0	7.46224106024e-06	0	0	0	3.73112053012e-05	0	0	0	7.46224106024e-06	0	3.73112053012e-06	0	0	0	0	2.61178437108e-05	1.11933615904e-05	2.23867231807e-05	3.73112053012e-06	1.86556026506e-05	0	0	3.73112053012e-06	0	0	0	0	0	0
0.000227598352337	0.000167900423855	0.00161557518954	0	7.46224106024e-06	0	4.10423258313e-05	0.0015111038147	9.32780132529e-05	0.000350725329831	0.000100740254313	7.46224106024e-06	1.11933615904e-05	1.11933615904e-05	0.000171631544385	3.73112053012e-06	0.00335427735658	0.000570861441108	3.73112053012e-06	3.35800847711e-05	1.11933615904e-05	0.0333786042624	0.00180213121605	0.0163124589577	0.00132081666766	0	0.000488776789445	0.00106710047161	0.00671228583368	0.000414154378843	0.0136111276939	0	0	0.000167900423855	0.00309683004	0	5.96979284819e-05	1.49244821205e-05	0	0	0	0	1.86556026506e-05	0	0.000104471374843	0	0	3.73112053012e-06	0	0	0	1.11933615904e-05	1.11933615904e-05	0	0	0	1.11933615904e-05	0.000220136111277	5.96979284819e-05	5.59668079518e-05	3.73112053012e-06	1.86556026506e-05	3.35800847711e-05	4.10423258313e-05	0	4.47734463614e-05	0	0	0	3.73112053012e-05	0.00155587726106	0.00128723658289	0.00168273535908	0.000873082204048	0.000134320339084	1.86556026506e-05	1.11933615904e-05	7.83535311325e-05	1.49244821205e-05	3.73112053012e-05	1.11933615904e-05	3.73112053012e-06	0	0
0.000171631544385	0.00274237358964	0.00158199510477	0	1.49244821205e-05	0	2.98489642409e-05	0.000996209181541	7.08912900722e-05	0.00320130141484	0.000100740254313	1.86556026506e-05	7.46224106024e-06	1.11933615904e-05	0.000197749388096	2.23867231807e-05	0.00496612142559	0.000194018267566	0	4.10423258313e-05	1.86556026506e-05	0.00180213121605	0.0246253954988	0.00549594054086	0.00407438361889	0	0.000380574294072	0.0071600202973	0.00351471553937	0.000414154378843	0.00203346068891	0	0	0.000123126977494	0.00126111873918	3.73112053012e-05	0.000425347740433	0.000272371798699	0	1.11933615904e-05	0	1.49244821205e-05	0.000111933615904	1.86556026506e-05	0.000746224106024	3.73112053012e-06	0	2.98489642409e-05	0	0	0	0.00031714524506	8.58157721927e-05	0	3.73112053012e-06	2.23867231807e-05	0.000208942749687	0.00318264581219	0.000828308757686	0.000473852307325	0	3.73112053012e-05	0.000406692137783	0.000429078860964	4.10423258313e-05	0.000294758521879	0	0	2.23867231807e-05	0.000335800847711	0.00175735776969	0.00144767476569	0.00129469882395	0.000708912900722	0.000130589218554	1.86556026506e-05	1.11933615904e-05	0.000287296280819	0.000190287147036	0.000227598352337	0.000115664736434	3.73112053012e-06	1.86556026506e-05	3.73112053012e-06
0.000268640678168	0.0011641096054	0.0105739955824	0	3.73112053012e-06	3.73112053012e-06	3.73112053012e-05	0.00163049967166	0.000111933615904	0.000462658945735	9.32780132529e-05	4.85045668915e-05	3.73112053012e-06	5.22356874216e-05	0.000227598352337	3.35800847711e-05	0.00855172825503	0.0034811354546	1.49244821205e-05	0.000190287147036	7.46224106024e-06	0.0163124589577	0.00549594054086	0.0582614470778	0.0014737926094	7.46224106024e-06	0.00225732792072	0.00789505104173	0.00514894633156	0.000611903766939	0.00823458300997	0	0	0.000186556026506	0.00681675720852	3.73112053012e-06	0.000309683004	0.000100740254313	0	3.73112053012e-06	0	0	1.86556026506e-05	0	0.000134320339084	0	3.73112053012e-06	3.73112053012e-06	0	0	0	6.3429049012e-05	4.10423258313e-05	0	3.73112053012e-06	3.73112053012e-06	2.23867231807e-05	0.000757417467614	0.000197749388096	0.000104471374843	2.61178437108e-05	3.73112053012e-05	0.000194018267566	7.83535311325e-05	0	2.23867231807e-05	0	0	3.73112053012e-06	8.58157721927e-05	0.00457808489045	0.00426840188645	0.00456316040833	0.00249611963465	0.000268640678168	4.10423258313e-05	2.23867231807e-05	0.000216404990747	0.000108202495373	9.32780132529e-05	4.47734463614e-05	7.46224106024e-06	1.11933615904e-05	0
0.000294758521879	4.47734463614e-05	0.000145513700675	0	0.00257074204525	0	0.000175362664916	0.00532804011701	0.000309683004	0.00732045848009	0.00124992537759	0	0.000828308757686	3.73112053012e-06	0.00064175273118	5.96979284819e-05	0.00322368813802	1.49244821205e-05	0	0	0.00160065070742	0.00132081666766	0.00407438361889	0.0014737926094	0.0315354307206	0	1.11933615904e-05	0.000268640678168	0.0158833800967	0.00063055936959	0.00184317354188	0	0	0.000186556026506	0.000574592561638	5.96979284819e-05	7.46224106024e-06	3.73112053012e-06	0	6.71601695421e-05	0	2.23867231807e-05	0.000126858098024	3.73112053012e-06	0.000843233239807	1.49244821205e-05	0	5.22356874216e-05	0	3.73112053012e-06	3.73112053012e-06	3.35800847711e-05	3.73112053012e-06	0	0	5.22356874216e-05	4.47734463614e-05	0.000205211629156	7.08912900722e-05	0.000656677213301	0	0	3.73112053012e-06	0.000216404990747	3.35800847711e-05	0.000104471374843	0	0	2.23867231807e-05	7.83535311325e-05	0.000499970151036	0.000194018267566	0.00030595188347	0.000138051459614	0.000346994209301	0	7.46224106024e-06	0.000108202495373	1.49244821205e-05	4.10423258313e-05	7.46224106024e-06	2.23867231807e-05	0	3.73112053012e-06
0	0.000212673870217	0	0	0	0	3.73112053012e-06	0	0	0	0	0.00203719180944	0	0.00404826577518	0	3.73112053012e-06	0	0.000108202495373	0.000242522834458	0.000533550235807	0	0	0	7.46224106024e-06	0	0.00937630589219	0.00183571130082	0.00191779595248	0	7.46224106024e-06	0	7.83535311325e-05	0	0	0.000223867231807	0	0.00032833860665	3.73112053012e-06	0	0	0	0	0	0	0	0	0.00062682824906	0	0.000589517043759	0	0	0	1.49244821205e-05	2.98489642409e-05	4.10423258313e-05	0	0	0	3.73112053012e-06	0	0.00199614948361	0.000436541102024	0.000589517043759	0	3.73112053012e-06	0	2.61178437108e-05	0	0	9.32780132529e-05	1.86556026506e-05	0.00119022744911	0.000395498776192	1.49244821205e-05	0	3.73112053012e-06	0.000402961017253	7.46224106024e-06	0.000451465584144	8.20846516626e-05	1.11933615904e-05	0	0	1.86556026506e-05
1.11933615904e-05	0.00425720852486	0.00532804011701	0	3.73112053012e-06	3.73112053012e-06	1.11933615904e-05	5.96979284819e-05	1.11933615904e-05	3.73112053012e-06	1.11933615904e-05	0.00801817801922	0	0.00355202674467	3.73112053012e-05	0	0.000104471374843	0.00958151752134	0.00408930810101	0.0123201599904	3.73112053012e-06	0.000488776789445	0.000380574294072	0.00225732792072	1.11933615904e-05	0.00183571130082	0.0607538355919	0.0177414781207	8.58157721927e-05	6.71601695421e-05	0.00030595188347	0.000828308757686	3.73112053012e-06	1.11933615904e-05	0.00538773804549	0	0.00247373291147	9.70091337831e-05	0	0	0	0	0	0	3.73112053012e-06	0	0.000268640678168	0	0.000276102919229	0	0	0	7.46224106024e-05	2.98489642409e-05	0.000115664736434	0	7.46224106024e-06	7.83535311325e-05	7.46224106024e-05	0	0.00141036356038	0.000757417467614	0.00156333950212	3.73112053012e-06	0	0	1.11933615904e-05	0	0	0.000152975941735	0.00132081666766	0.00547355381768	0.00386917198973	0.000985015819951	4.85045668915e-05	1.11933615904e-05	5.96979284819e-05	0.000100740254313	0.000402961017253	0.000167900423855	3.35800847711e-05	0	3.73112053012e-06	7.46224106024e-06
1.86556026506e-05	0.00763014148409	0.00686526177542	0	0	0	3.73112053012e-06	0.000115664736434	3.73112053012e-06	0.000134320339084	1.11933615904e-05	0.00128723658289	0	0.00140663243985	2.61178437108e-05	0	0.00377216285595	0.00192898931407	0.000264909557638	0.00151856605576	0	0.00106710047161	0.0071600202973	0.00789505104173	0.000268640678168	0.00191779595248	0.0177414781207	0.0536647065847	0.00062309712853	9.70091337831e-05	0.000787266431855	0.000108202495373	0	3.35800847711e-05	0.00223867231807	0	0.00163796191272	0.000276102919229	0	0	0	0	1.11933615904e-05	0	2.23867231807e-05	0	8.95468927228e-05	0	7.46224106024e-05	0	0	7.08912900722e-05	0.000100740254313	1.49244821205e-05	3.73112053012e-05	0	4.47734463614e-05	0.000772341949734	0.00030595188347	1.86556026506e-05	0.000432809981494	0.000294758521879	0.0009663602173	3.73112053012e-05	0	2.23867231807e-05	0	0	0	0.000152975941735	0.00174989552863	0.0035184466599	0.00222001671542	0.0010036714226	5.96979284819e-05	1.11933615904e-05	1.49244821205e-05	0.000152975941735	0.00032460748612	0.000179093785446	6.71601695421e-05	0	1.11933615904e-05	3.73112053012e-06
0.00101486478419	0.000111933615904	0.000615634887469	0	0.0041005014626	0	0.000809653155036	0.0209614351382	0.00128723658289	0.00343263088771	0.00846591248284	0	0.000888006686168	7.46224106024e-06	0.00221255447436	8.95468927228e-05	0.00326473046385	9.70091337831e-05	0	3.73112053012e-06	0.0036788848427	0.00671228583368	0.00351471553937	0.00514894633156	0.0158833800967	0	8.58157721927e-05	0.00062309712853	0.0582390603546	0.00154095277894	0.00940615485643	0	0	0.000432809981494	0.00160438182795	5.59668079518e-05	2.23867231807e-05	7.46224106024e-06	0	7.83535311325e-05	0	2.23867231807e-05	0.000141782580144	7.46224106024e-06	0.00102978926631	2.98489642409e-05	0	7.46224106024e-05	0	1.11933615904e-05	3.73112053012e-06	5.59668079518e-05	0	0	0	6.3429049012e-05	4.10423258313e-05	0.000380574294072	7.46224106024e-05	0.000794728672915	3.73112053012e-06	0	2.23867231807e-05	0.000343263088771	5.22356874216e-05	0.000149244821205	0	0	1.86556026506e-05	0.000119395856964	0.00139917019879	0.000783535311325	0.00100740254313	0.000481314548385	0.000369380932482	1.11933615904e-05	1.11933615904e-05	0.000130589218554	1.86556026506e-05	4.47734463614e-05	1.49244821205e-05	2.98489642409e-05	3.73112053012e-06	0
0.00629440033431	2.23867231807e-05	0.000141782580144	0	2.98489642409e-05	0.000563399200048	0.00294758521879	0.00383186078443	0.00551459614351	0.000343263088771	0.00108575607426	4.85045668915e-05	9.70091337831e-05	0.000358187570891	0.0114097665811	0.000876813324578	0.000149244821205	3.35800847711e-05	3.73112053012e-06	3.35800847711e-05	9.32780132529e-05	0.000414154378843	0.000414154378843	0.000611903766939	0.00063055936959	7.46224106024e-06	6.71601695421e-05	9.70091337831e-05	0.00154095277894	0.0338226076055	0.0048318010865	0	0.000447734463614	0.00420497283744	0.00464897618053	3.73112053012e-06	1.49244821205e-05	0	0	3.73112053012e-06	0	7.46224106024e-06	1.11933615904e-05	0	0.000126858098024	3.73112053012e-06	0	3.73112053012e-06	0	3.73112053012e-06	3.73112053012e-06	0	0	0	0	1.11933615904e-05	3.73112053012e-06	4.85045668915e-05	0	9.32780132529e-05	3.73112053012e-06	7.46224106024e-06	1.11933615904e-05	3.73112053012e-05	7.46224106024e-06	2.98489642409e-05	0	0	3.73112053012e-06	1.86556026506e-05	0.00129469882395	0.000249985075518	0.00245507730882	0.000667870574891	0.00138424571667	0.000417885499373	3.73112053012e-06	2.23867231807e-05	7.46224106024e-06	1.11933615904e-05	3.73112053012e-06	3.73112053012e-06	0	0
0.00220882335383	0.000156707062265	0.0012760432213	0	3.73112053012e-05	3.73112053012e-06	0.000235060593397	0.010775476091	0.000548474717927	0.0009663602173	0.000563399200048	7.46224106024e-06	5.22356874216e-05	3.73112053012e-06	0.00134320339084	8.58157721927e-05	0.000988746940481	0.00031714524506	3.73112053012e-06	3.73112053012e-05	5.22356874216e-05	0.0136111276939	0.00203346068891	0.00823458300997	0.00184317354188	0	0.00030595188347	0.000787266431855	0.00940615485643	0.0048318010865	0.0409191988538	0	0	0.00063802161065	0.00350352217778	3.73112053012e-06	4.47734463614e-05	3.73112053012e-06	0	7.46224106024e-06	0	0	2.23867231807e-05	0	0.000261178437108	7.46224106024e-06	0	1.11933615904e-05	0	3.73112053012e-06	0	1.86556026506e-05	3.73112053012e-06	0	0	1.49244821205e-05	3.73112053012e-05	0.000272371798699	7.83535311325e-05	0.000152975941735	3.73112053012e-06	0	3.35800847711e-05	8.95468927228e-05	1.49244821205e-05	7.08912900722e-05	0	0	7.46224106024e-06	7.08912900722e-05	0.00196256939884	0.00114172288222	0.00194764491672	0.000906662288819	0.000291027401349	3.35800847711e-05	7.46224106024e-06	0.000108202495373	1.11933615904e-05	3.35800847711e-05	1.11933615904e-05	0	0	0
0	0	0	0	0	0	0	0	0	0	0	0.000488776789445	0	0.000985015819951	0	0	0	0	1.86556026506e-05	2.61178437108e-05	0	0	0	0	0	7.83535311325e-05	0.000828308757686	0.000108202495373	0	0	0	0.00122380753388	0	0	1.11933615904e-05	0	7.46224106024e-06	0	0	0	0	0	0	0	0	0	3.73112053012e-06	0	3.73112053012e-06	0	0	0	0	0	0	0	0	0	0	0	1.11933615904e-05	3.73112053012e-06	3.73112053012e-06	0	0	0	0	0	0	0	0	4.10423258313e-05	1.11933615904e-05	0	0	0	3.73112053012e-06	0	3.73112053012e-06	0	0	0	0	0
3.73112053012e-06	0	0	0	0	0.0017834756134	0.0013879768372	3.73112053012e-06	0.00138424571667	0	3.73112053012e-06	1.11933615904e-05	0	4.85045668915e-05	0.000671601695421	7.46224106024e-05	0	0	0	3.73112053012e-06	0	0	0	0	0	0	3.73112053012e-06	0	0	0.000447734463614	0	0	0.00344009312877	3.73112053012e-06	0.000216404990747	0	0	0	0	0	0	0	0	0	0	0	0	0	0	0	0	0	0	0	0	0	0	0	0	0	0	0	0	0	0	0	0	0	0	0	1.49244821205e-05	0	0.000126858098024	2.98489642409e-05	8.95468927228e-05	0.000499970151036	0	0	0	0	0	0	0	0
0.000518625753686	1.11933615904e-05	4.85045668915e-05	0	7.46224106024e-06	3.73112053012e-06	0.000175362664916	0.000667870574891	0.00030595188347	0.000123126977494	0.000208942749687	0	3.73112053012e-06	3.73112053012e-06	0.000712644021252	6.71601695421e-05	4.47734463614e-05	7.46224106024e-06	0	0	7.46224106024e-06	0.000167900423855	0.000123126977494	0.000186556026506	0.000186556026506	0	1.11933615904e-05	3.35800847711e-05	0.000432809981494	0.00420497283744	0.00063802161065	0	3.73112053012e-06	0.0053765446839	0.0011641096054	0	3.73112053012e-06	0	0	0	0	0	3.73112053012e-06	0	1.49244821205e-05	0	0	0	0	0	0	0	0	0	0	0	0	1.49244821205e-05	0	1.86556026506e-05	0	0	0	1.86556026506e-05	0	7.46224106024e-06	0	0	0	7.46224106024e-06	0.000608172646409	0.000104471374843	0.000447734463614	0.000190287147036	0.000197749388096	0	0	3.73112053012e-06	0	7.46224106024e-06	0	0	0	0
0.000455196704674	0.000843233239807	0.00216031878694	0	2.23867231807e-05	0.000425347740433	0.00118649632858	0.00122007641335	0.00153722165841	0.000294758521879	0.000283565160289	0.00317518357113	2.98489642409e-05	0.000895468927228	0.00249611963465	0.000436541102024	0.000548474717927	0.00452958032356	0.000492507909976	0.00456316040833	2.98489642409e-05	0.00309683004	0.00126111873918	0.00681675720852	0.000574592561638	0.000223867231807	0.00538773804549	0.00223867231807	0.00160438182795	0.00464897618053	0.00350352217778	1.11933615904e-05	0.000216404990747	0.0011641096054	0.0376059638231	3.73112053012e-06	0.000373112053012	4.47734463614e-05	0	7.46224106024e-06	0	7.46224106024e-06	1.49244821205e-05	0	7.46224106024e-05	0	7.08912900722e-05	0	4.85045668915e-05	7.46224106024e-06	3.73112053012e-06	1.11933615904e-05	2.98489642409e-05	3.73112053012e-06	1.86556026506e-05	3.73112053012e-06	1.86556026506e-05	0.000190287147036	6.3429049012e-05	5.22356874216e-05	0.000227598352337	8.95468927228e-05	0.000227598352337	5.59668079518e-05	1.11933615904e-05	3.73112053012e-05	7.46224106024e-06	0	0	0.000100740254313	0.00514894633156	0.00455569816727	0.0149356754821	0.00371992716853	0.00120888305176	0.000496239030506	5.22356874216e-05	0.000186556026506	0.000104471374843	0.000108202495373	4.85045668915e-05	7.46224106024e-06	3.73112053012e-06	7.46224106024e-06
3.73112053012e-06	0	0	0	1.11933615904e-05	0	0	2.61178437108e-05	0	5.96979284819e-05	0	0	7.46224106024e-06	0	0	0	1.11933615904e-05	0	0	0	3.73112053012e-06	0	3.73112053012e-05	3.73112053012e-06	5.96979284819e-05	0	0	0	5.59668079518e-05	3.73112053012e-06	3.73112053012e-06	0	0	0	3.73112053012e-06	0.0169877917736	1.11933615904e-05	1.49244821205e-05	0	0.000201480508626	0	0.00145140588622	0.00534669571966	0.00273118022805	0.000249985075518	0.000339531968241	0	0.00163423079219	0	0.00651826756612	0.000432809981494	7.46224106024e-05	2.23867231807e-05	0	3.73112053012e-06	0.000619366008	0.000227598352337	7.83535311325e-05	0.000246253954988	0.00152229717629	0	0	1.11933615904e-05	0.00110068055638	0.00508178616202	0.00320503253537	0	3.73112053012e-06	0.000432809981494	0.00161930631007	7.46224106024e-06	0	3.73112053012e-06	0	0	0	0	0.000339531968241	2.98489642409e-05	0.000399229896723	0.000152975941735	0.00031714524506	5.22356874216e-05	0
3.73112053012e-06	0.00344755536983	0.000570861441108	0	0	0	0	1.49244821205e-05	3.73112053012e-06	3.73112053012e-06	0	0.000354456450361	0	0.000194018267566	7.46224106024e-06	3.73112053012e-06	2.61178437108e-05	0.000391767655662	7.46224106024e-05	0.000511163512626	0	5.96979284819e-05	0.000425347740433	0.000309683004	7.46224106024e-06	0.00032833860665	0.00247373291147	0.00163796191272	2.23867231807e-05	1.49244821205e-05	4.47734463614e-05	7.46224106024e-06	0	3.73112053012e-06	0.000373112053012	1.11933615904e-05	0.0226590949794	0.00161930631007	0	0	0	1.11933615904e-05	2.98489642409e-05	3.73112053012e-06	1.11933615904e-05	0	0.000511163512626	3.73112053012e-06	0.000361918691421	1.49244821205e-05	3.73112053012e-06	0.000156707062265	0.000899200047758	6.71601695421e-05	0.000671601695421	0	0.000160438182795	0.00191406483195	0.0011267984001	1.86556026506e-05	0.0042497462838	0.00357814458838	0.0129246015163	7.08912900722e-05	1.11933615904e-05	8.95468927228e-05	4.47734463614e-05	0	0	0.00115291624381	0.000152975941735	0.000876813324578	0.000346994209301	0.000138051459614	7.46224106024e-06	0	0	0.000402961017253	0.00177228225181	0.00117157184646	0.000395498776192	1.49244821205e-05	2.98489642409e-05	1.11933615904e-05
3.73112053012e-06	0.000466390066265	0.000130589218554	0	3.73112053012e-06	0	0	1.11933615904e-05	0	7.46224106024e-06	0	7.46224106024e-06	0	0	0	3.73112053012e-06	1.11933615904e-05	3.73112053012e-05	0	3.73112053012e-06	0	1.49244821205e-05	0.000272371798699	0.000100740254313	3.73112053012e-06	3.73112053012e-06	9.70091337831e-05	0.000276102919229	7.46224106024e-06	0	3.73112053012e-06	0	0	0	4.47734463614e-05	1.49244821205e-05	0.00161930631007	0.024401528267	0	7.46224106024e-06	0	1.86556026506e-05	7.46224106024e-05	3.73112053012e-06	2.61178437108e-05	0	4.47734463614e-05	1.49244821205e-05	7.46224106024e-06	1.49244821205e-05	3.73112053012e-06	0.000485045668915	0.00496239030506	7.46224106024e-06	0.000559668079518	1.11933615904e-05	0.00124992537759	0.000992478061011	0.010902334189	7.46224106024e-05	7.83535311325e-05	0.00493627246135	0.00985388932004	0.000216404990747	3.35800847711e-05	0.000514894633156	0	7.46224106024e-06	7.46224106024e-06	0.00290654289296	4.85045668915e-05	9.70091337831e-05	5.59668079518e-05	2.98489642409e-05	0	0	0	0.0010782938332	0.0019327204346	0.00238045489822	0.000996209181541	5.96979284819e-05	0.000138051459614	7.46224106024e-06
0	0	0	0	0	0	0	0	0	0	0	0	0	0	0	0	0	0	0	0	0	0	0	0	0	0	0	0	0	0	0	0	0	0	0	0	0	0	0	0	0	0	0	0	0	0	0	0	0	0	0	0	0	0	0	0	0	0	0	0	0	0	0	0	0	0	0	0	0	0	0	0	0	0	0	0	0	0	0	0	0	0	0	0
3.73112053012e-06	0	0	0	0.00341770640559	0	3.73112053012e-06	5.22356874216e-05	0	8.95468927228e-05	0.000701450659662	0	0.00031714524506	0	3.73112053012e-06	3.73112053012e-06	7.46224106024e-06	0	0	0	2.61178437108e-05	0	1.11933615904e-05	3.73112053012e-06	6.71601695421e-05	0	0	0	7.83535311325e-05	3.73112053012e-06	7.46224106024e-06	0	0	0	7.46224106024e-06	0.000201480508626	0	7.46224106024e-06	0	0.0206144409289	0	0.00124619425706	0.000511163512626	0.000141782580144	0.000738761864963	0.00425347740433	0	0.0042497462838	0	0.000167900423855	0.000100740254313	1.86556026506e-05	7.46224106024e-06	0	0	0.0105739955824	2.61178437108e-05	1.86556026506e-05	2.98489642409e-05	0.00600337293296	0	3.73112053012e-06	3.73112053012e-06	0.00452958032356	8.95468927228e-05	8.58157721927e-05	0	3.73112053012e-06	2.61178437108e-05	0.000115664736434	3.73112053012e-06	0	3.73112053012e-06	3.73112053012e-06	7.46224106024e-06	0	0	5.59668079518e-05	0	3.35800847711e-05	1.11933615904e-05	6.3429049012e-05	7.46224106024e-06	0
0	0	0	0	0	0	0	0	0	0	0	0	0	0	0	0	0	0	0	0	0	0	0	0	0	0	0	0	0	0	0	0	0	0	0	0	0	0	0	0	0.0032833860665	0.00179466897499	0	0.000470121186795	0	0	3.73112053012e-06	0	0	8.20846516626e-05	0.000458927825204	0	0	0	0	0	0	0	0	0	0	0	0	0	0.000138051459614	0	0	0.000705181780192	0	0.000138051459614	0	0	0	0	0	0	0	0	3.73112053012e-06	2.23867231807e-05	3.73112053012e-06	0.000701450659662	0.000929049011999	0
