0.0286814342413	0.00037314698599	0.00575833644289	0	1.27209199769e-05	5.08836799077e-05	0.000424030665898	0.00749686217307	0.00700922690729	0.000597883238916	0.00103887513145	0.000212015332949	8.48061331796e-06	5.51239865667e-05	0.0159562739577	7.63255198616e-05	0.000101767359815	0.00220919976933	2.12015332949e-05	0.00122120831779	1.27209199769e-05	0.00100919298484	7.63255198616e-05	0.00655551409478	0.00012296889311	8.90464398385e-05	0.00380779537976	0.000775976118593	0.00229400590251	0.012521625564	0.0166474439431	1.69612266359e-05	4.24030665898e-05	0.00217951762271	0.00235337019573	4.24030665898e-05	0.000318022999423	9.75270531565e-05	0	8.48061331796e-05	0	0.000127209199769	2.96821466128e-05	5.51239865667e-05	0.00106855727806	8.90464398385e-05	5.93642932257e-05	4.24030665898e-05	7.20852132026e-05	0.000228976559585	8.48061331796e-06	4.24030665898e-06	0.000101767359815	1.27209199769e-05	5.93642932257e-05	0.000101767359815	1.27209199769e-05	0.000322263306082	3.39224532718e-05	0.00121696801113	0.000233216866244	0.000254418399539	0.00012296889311	0.000245937786221	0.000190813799654	1.69612266359e-05	1.69612266359e-05	0	3.39224532718e-05	0.000318022999423	8.05658265206e-05	0.000144170426405	0.00164947929034	0.000432511279216	0.000275619932834	0.000182333186336	1.69612266359e-05	0.000453712812511	0.000296821466128	0.000407069439262	8.05658265206e-05	8.48061331796e-06	0	8.48061331796e-06
0.00037314698599	0.024258794396	0.00226432375589	0	1.69612266359e-05	0.000669968452118	0.00037314698599	8.48061331796e-05	0.000474914345805	0.00258658706198	2.54418399539e-05	0.000360426066013	5.08836799077e-05	0.000156891346382	0.000483394959123	0.00113640218461	0.000199294412972	0.00325231520744	7.20852132026e-05	0.000843821025137	1.69612266359e-05	0.000114488279792	0.00415974083246	0.000928627158316	0.0016749211303	0.000928627158316	0.00423606635232	0.0125343464839	0.000301061772787	0.00062332507887	0.000733573052003	1.27209199769e-05	0	0.000212015332949	0.0028325248482	1.69612266359e-05	0.0118134943519	0.00251874215543	0	4.24030665898e-06	0	8.48061331796e-06	9.75270531565e-05	0.000152651039723	0.000254418399539	0.000169612266359	3.39224532718e-05	1.27209199769e-05	1.69612266359e-05	0.000212015332949	1.27209199769e-05	6.36045998847e-05	0.0026459513552	4.24030665898e-05	0.00058092201228	1.27209199769e-05	7.20852132026e-05	0.000385867905967	0.000992231758201	0.000258658706198	9.32867464975e-05	0.00382899691306	0.00227704467587	8.05658265206e-05	2.54418399539e-05	2.96821466128e-05	8.48061331796e-06	0	0	0.000894704705044	0.00318447030089	0.000945588384952	0.00196326198311	0.000699650598731	0.00118728586451	8.48061331796e-06	1.27209199769e-05	0.00186573492995	0.0020056650497	0.000759014891957	4.24030665898e-05	1.69612266359e-05	0	0
0.00575833644289	0.00226432375589	0.0415210828047	0	1.27209199769e-05	2.12015332949e-05	6.78449065436e-05	0.00233216866244	0.00261626920859	0.000161131653041	9.75270531565e-05	6.36045998847e-05	2.54418399539e-05	2.12015332949e-05	0.00342192747379	6.78449065436e-05	0.000262899012857	0.00703042844058	1.69612266359e-05	6.78449065436e-05	4.24030665898e-06	8.48061331796e-05	0.00159435530378	0.0194545269514	0.000267139319516	3.39224532718e-05	0.0062332507887	0.0127718036568	0.000699650598731	0.000771735811934	0.00572017368296	4.24030665898e-06	4.24030665898e-05	0.000275619932834	0.00213287424947	3.39224532718e-05	0.00271379626175	0.00142474303742	0	0.000364666372672	0	2.54418399539e-05	9.32867464975e-05	4.66433732488e-05	0.000169612266359	0.000161131653041	2.54418399539e-05	5.51239865667e-05	1.69612266359e-05	8.90464398385e-05	0	0.000190813799654	0.00133993690424	8.48061331796e-06	0.000203534719631	0	0.00053851894569	0.00298093558126	0.00264171104854	0.000682689372095	6.78449065436e-05	0.00086926286509	0.00183181247668	0.000551239865667	2.12015332949e-05	4.24030665898e-05	8.48061331796e-06	0	0	0.00192509922318	0.0026459513552	0.000767495505275	0.00314630754096	0.00221344007599	0.000390108212626	0.000301061772787	2.12015332949e-05	0.00107279758472	0.000665728145459	0.00211591302283	0.000301061772787	0	0	0
0	0	0	0	0	0	0	0	0	0	0	0	0	0	0	0	0	0	0	0	0	0	0	0	0	0	0	0	0	0	0	0	0	0	0	0	0	0	0	0	0	0	0	0	0	0	0	0	0	0	0	0	0	0	0	0	0	0	0	0	0	0	0	0	0	0	0	0	0	0	0	0	0	0	0	0	0	0	0	0	0	0	0	0
1.27209199769e-05	1.69612266359e-05	1.27209199769e-05	0	0.0283082872553	0.000178092879677	0.000983751144883	0.00120848739781	0.000436751585875	0.00494419756437	0.0040834153126	1.27209199769e-05	0.00635621968181	0.000148410733064	0.000186573492995	0.000814138878524	0.000131449506428	0	0	0	0.00684385494759	0	5.93642932257e-05	0.000254418399539	0.0125470674039	1.69612266359e-05	1.27209199769e-05	0.000258658706198	0.00826011737169	0.000212015332949	6.78449065436e-05	0	2.54418399539e-05	9.32867464975e-05	0.000182333186336	0.000127209199769	2.12015332949e-05	2.54418399539e-05	0	0.00876047355745	3.81627599308e-05	0.00124665015774	7.20852132026e-05	0.000483394959123	0.00533006547033	0.00447352352522	8.90464398385e-05	0.0086926286509	0.000178092879677	0.000597883238916	0.000118728586451	4.24030665898e-06	4.24030665898e-06	0	0	0.00974846500899	1.27209199769e-05	0.000381627599308	2.12015332949e-05	0.00416398113912	1.69612266359e-05	4.66433732488e-05	6.36045998847e-05	0.00106855727806	0.000860782251772	8.48061331796e-06	2.12015332949e-05	0.000161131653041	5.93642932257e-05	0.000809898571865	9.75270531565e-05	3.81627599308e-05	0.000262899012857	6.78449065436e-05	0.00209895179619	5.93642932257e-05	4.24030665898e-06	0.000716611825367	0.000491875572441	0.00108975881136	0.000716611825367	8.90464398385e-05	9.32867464975e-05	8.48061331796e-05
5.08836799077e-05	0.000669968452118	2.12015332949e-05	0	0.000178092879677	0.00501628277757	0.00225584314258	5.08836799077e-05	0.0018911767699	0.00133993690424	5.08836799077e-05	0	0.000254418399539	4.24030665898e-05	5.93642932257e-05	0.00296397435463	0	2.96821466128e-05	0	0	9.32867464975e-05	4.24030665898e-05	0.000254418399539	3.39224532718e-05	0.000169612266359	2.12015332949e-05	2.96821466128e-05	0.000589402625598	0.00028834085281	0.000127209199769	0.000339224532718	0	0.00120848739781	0.000407069439262	0.000763255198616	0	1.27209199769e-05	2.12015332949e-05	0	0	0	4.24030665898e-06	0	4.24030665898e-06	0.000139930119746	0	0	0	4.24030665898e-06	8.48061331796e-06	0	0	0	0	0	0	0	1.69612266359e-05	4.24030665898e-06	0.000135689813087	0	0	2.54418399539e-05	1.27209199769e-05	4.24030665898e-06	0	0	0	0	0	7.20852132026e-05	2.12015332949e-05	0.000725092438685	0.000602123545575	0.00214559516944	0.000169612266359	0	7.63255198616e-05	8.48061331796e-06	1.27209199769e-05	2.54418399539e-05	0	0	0
0.000424030665898	0.00037314698599	6.78449065436e-05	0	0.000983751144883	0.00225584314258	0.0501077037891	0.00326503612741	0.0267351334849	0.00122120831779	0.0149004375996	0.00241697479562	0.0092820312765	0.000928627158316	0.011190169273	0.00296397435463	6.36045998847e-05	3.39224532718e-05	0.000284100546151	0.000135689813087	0.00259930798195	4.66433732488e-05	0.000220495946267	0.000224736252926	0.000708131212049	0.00110247973133	0.00161131653041	0.00149682825062	0.00214135486278	0.00640286305506	0.000504596492418	0.000275619932834	0.00588978594932	0.000597883238916	0.00913362054344	3.81627599308e-05	5.93642932257e-05	1.27209199769e-05	0	0.000326503612741	4.24030665898e-06	0.000445232199193	4.66433732488e-05	9.75270531565e-05	0.00106855727806	0.000237457172903	0.000589402625598	7.20852132026e-05	0.000818379185183	0.000555480172326	3.81627599308e-05	4.24030665898e-06	2.12015332949e-05	4.24030665898e-05	3.39224532718e-05	0.000279860239493	1.69612266359e-05	2.54418399539e-05	1.27209199769e-05	0.00173428542352	0.000267139319516	0.000241697479562	0.000114488279792	0.000275619932834	0.000619084772211	2.54418399539e-05	8.48061331796e-05	4.24030665898e-06	0	0.000525798025713	0.0039180433529	0.000835340411819	0.0031420672343	0.000712371518708	0.00577953797619	0.00332440042064	0.000237457172903	0.000309542386105	0.000699650598731	0.00110247973133	0.000216255639608	2.54418399539e-05	4.24030665898e-06	0.000424030665898
0.00749686217307	8.48061331796e-05	0.00233216866244	0	0.00120848739781	5.08836799077e-05	0.00326503612741	0.0452313511313	0.00893008582381	0.00221768038265	0.00825163675837	0.000110247973133	8.90464398385e-05	0.000279860239493	0.00806506326538	0.000275619932834	0	0.000292581159469	8.48061331796e-06	4.24030665898e-06	0.000173852573018	0.00111944095797	3.39224532718e-05	0.00414701991248	0.00146290579735	4.66433732488e-05	0.0004961158791	0.000161131653041	0.0202983479765	0.00938803894298	0.00780640455918	2.54418399539e-05	0.000169612266359	0.00447352352522	0.00340920655382	0	8.48061331796e-05	8.48061331796e-06	0	0.00160707622375	0	0.000216255639608	1.69612266359e-05	4.66433732488e-05	0.00322263306082	0.00193357983649	2.12015332949e-05	0.00193782014315	0.000110247973133	0.000106007666474	3.39224532718e-05	0	4.66433732488e-05	0	0	0.00337104379389	4.24030665898e-06	2.96821466128e-05	8.48061331796e-06	0.00417670205909	4.24030665898e-06	1.69612266359e-05	5.51239865667e-05	0.0012296889311	5.51239865667e-05	1.27209199769e-05	4.24030665898e-06	0	0	8.05658265206e-05	0.000725092438685	8.48061331796e-05	0.00239153295566	0.000606363852234	0.000848061331796	0.00118304555785	0.00012296889311	0.000212015332949	0.000118728586451	0.000139930119746	8.05658265206e-05	4.24030665898e-05	0	6.78449065436e-05
0.00700922690729	0.000474914345805	0.00261626920859	0	0.000436751585875	0.0018911767699	0.0267351334849	0.00893008582381	0.0645713898029	0.00181061094338	0.0147817090132	0.00412581837919	0.00458801180501	0.00100919298484	0.0246277010753	0.00144170426405	0.000169612266359	0.000402829132603	0.000504596492418	0.000339224532718	0.00175124665016	0.000394348519285	0.000597883238916	0.00328623766071	0.000865022558431	0.00152651039723	0.00284524576817	0.00186149462329	0.00504596492418	0.00900641134367	0.0019123783032	0.000368906679331	0.00363394280674	0.000818379185183	0.0100198446352	0.000258658706198	5.08836799077e-05	2.12015332949e-05	0	0.000614844465552	4.24030665898e-06	0.000797177651888	4.66433732488e-05	0.000216255639608	0.00297245496794	0.000462193425829	0.000517317412395	0.000118728586451	0.000771735811934	0.000928627158316	5.08836799077e-05	0	1.27209199769e-05	2.96821466128e-05	3.81627599308e-05	0.000530038332372	2.54418399539e-05	0.0001653719597	1.27209199769e-05	0.00375691169985	0.000313782692764	0.000279860239493	0.000245937786221	0.000631805692188	0.000653007225483	1.69612266359e-05	5.51239865667e-05	4.24030665898e-06	4.66433732488e-05	0.000614844465552	0.00253146307541	0.000593642932257	0.0022431222226	0.000572441398962	0.00335408256725	0.00239577326232	0.000156891346382	0.000517317412395	0.000589402625598	0.00109823942468	0.000284100546151	1.27209199769e-05	4.24030665898e-06	0.000347705146036
0.000597883238916	0.00258658706198	0.000161131653041	0	0.00494419756437	0.00133993690424	0.00122120831779	0.00221768038265	0.00181061094338	0.0303605956783	0.00358305912684	7.63255198616e-05	0.00119576647783	0.00028834085281	0.000669968452118	0.00303181926117	0.0010134332915	0.000228976559585	4.24030665898e-06	1.69612266359e-05	0.000691169985413	0.00012296889311	0.00326503612741	0.00012296889311	0.0112876963262	0.000106007666474	0.000334984226059	0.00211591302283	0.00685233556091	0.00305302079446	0.00420214389905	1.69612266359e-05	4.24030665898e-05	0.00307846263442	0.00409189592591	0.00020777502629	0.000139930119746	4.24030665898e-05	0	0.00527494148377	0	0.000411309745921	0.000258658706198	9.32867464975e-05	0.0138827640015	0.00382899691306	4.24030665898e-05	0.00657671562807	8.90464398385e-05	0.000449472505852	4.66433732488e-05	0	1.27209199769e-05	4.24030665898e-06	2.96821466128e-05	0.00929475219648	4.66433732488e-05	0.00139930119746	7.63255198616e-05	0.0151039723193	6.78449065436e-05	0.000139930119746	0.000262899012857	0.00257810644866	0.000508836799077	5.08836799077e-05	1.69612266359e-05	4.24030665898e-06	0.000144170426405	0.000390108212626	0.00120000678449	0.00028834085281	0.00298517588792	0.00209471148953	0.00490603480444	0.000941348078293	0.000190813799654	0.00133145629092	0.000267139319516	0.000500356185759	0.000322263306082	8.48061331796e-06	0	5.51239865667e-05
0.00103887513145	2.54418399539e-05	9.75270531565e-05	0	0.0040834153126	5.08836799077e-05	0.0149004375996	0.00825163675837	0.0147817090132	0.00358305912684	0.0434928254011	0.000513077105736	0.00208623087622	0.000262899012857	0.00586010380271	0.000101767359815	0	1.27209199769e-05	1.69612266359e-05	3.39224532718e-05	0.0028113233149	4.24030665898e-06	0	8.05658265206e-05	0.000712371518708	0.000178092879677	0.00041555005258	0.00118728586451	0.0064707079616	0.003494012687	3.39224532718e-05	6.78449065436e-05	0.00106007666474	0.000161131653041	0.00509260829743	4.24030665898e-06	3.39224532718e-05	4.24030665898e-06	0	0.00114064249126	0	4.66433732488e-05	2.12015332949e-05	1.27209199769e-05	0.00128057261101	0.00369754740663	0.000135689813087	0.00284100546151	0.00028834085281	8.05658265206e-05	0	0	0	2.54418399539e-05	2.12015332949e-05	0.00469825977815	7.20852132026e-05	2.96821466128e-05	4.24030665898e-06	0.00457105057838	2.96821466128e-05	3.81627599308e-05	1.27209199769e-05	0.000326503612741	7.20852132026e-05	1.27209199769e-05	4.24030665898e-06	0	0	0.000148410733064	0.000881983785067	0.000195054106313	0.00240001356898	0.00025017809288	0.000351945452695	0.00230672682248	3.81627599308e-05	0.000127209199769	0.000148410733064	0.00028834085281	0.000245937786221	8.48061331796e-06	0	2.12015332949e-05
0.000212015332949	0.000360426066013	6.36045998847e-05	0	1.27209199769e-05	0	0.00241697479562	0.000110247973133	0.00412581837919	7.63255198616e-05	0.000513077105736	0.0350164523898	0.000983751144883	0.00932019403643	0.00513077105736	0	0.000224736252926	0.00200990535636	0.00394772549951	0.00533430577699	0.000500356185759	0.000233216866244	0.000385867905967	0.00128481291767	0.000296821466128	0.00870958987754	0.01285660979	0.00419790359239	0.000326503612741	0.00573289460294	0.000305302079446	0.00321839275416	0.000890464398385	0.000127209199769	0.0130855863496	2.54418399539e-05	0.000245937786221	0.000118728586451	0	2.12015332949e-05	0	2.96821466128e-05	6.78449065436e-05	2.96821466128e-05	0.000178092879677	7.63255198616e-05	0.00364666372672	4.24030665898e-05	0.00276043963499	0.000228976559585	4.24030665898e-06	8.48061331796e-06	6.36045998847e-05	0.000852301638454	0.000216255639608	1.69612266359e-05	8.90464398385e-05	0.000139930119746	0.000101767359815	0.00020777502629	0.00156891346382	0.00170460327691	0.00138233997083	2.54418399539e-05	0.000254418399539	3.39224532718e-05	0.000568201092303	0	8.48061331796e-06	0.000708131212049	0.000733573052003	0.0019123783032	0.00372722955324	0.000661487838801	8.48061331796e-06	1.69612266359e-05	0.000436751585875	0.000377387292649	0.000619084772211	0.00123392923776	0.000148410733064	4.24030665898e-06	0	4.24030665898e-06
8.48061331796e-06	5.08836799077e-05	2.54418399539e-05	0	0.00635621968181	0.000254418399539	0.0092820312765	8.90464398385e-05	0.00458801180501	0.00119576647783	0.00208623087622	0.000983751144883	0.0341132670715	0.000504596492418	0.00247633908884	0.00197598290308	0.000144170426405	8.48061331796e-06	2.54418399539e-05	3.39224532718e-05	0.0124198582041	3.39224532718e-05	6.36045998847e-05	0.000186573492995	0.00424030665898	0.000318022999423	0.000644526612165	0.00102615421147	0.00101767359815	0.00104735574477	0.000186573492995	0.000156891346382	0.000576681705621	0.000279860239493	0.00351097391363	3.39224532718e-05	1.69612266359e-05	2.12015332949e-05	0	7.20852132026e-05	4.66433732488e-05	0.00391380304624	2.54418399539e-05	0.000979510838224	0.000292581159469	0.00410461684589	0.000241697479562	0.00583890226941	0.000398588825944	0.0015095491706	0.000377387292649	4.24030665898e-06	1.27209199769e-05	3.39224532718e-05	8.48061331796e-06	0.000805658265206	2.54418399539e-05	0.000228976559585	5.08836799077e-05	0.000228976559585	5.08836799077e-05	8.90464398385e-05	9.75270531565e-05	2.12015332949e-05	0.00192509922318	0	6.78449065436e-05	8.05658265206e-05	0	0.000932867464975	0.000521557719054	0.000343464839377	0.00183605278334	0.000339224532718	0.00185725431663	0.000640286305506	0.000131449506428	0.000797177651888	0.000593642932257	0.00126361138438	0.000322263306082	0.000190813799654	0.000101767359815	0.000262899012857
5.51239865667e-05	0.000156891346382	2.12015332949e-05	0	0.000148410733064	4.24030665898e-05	0.000928627158316	0.000279860239493	0.00100919298484	0.00028834085281	0.000262899012857	0.00932019403643	0.000504596492418	0.0215068353743	0.00179364971675	4.66433732488e-05	8.48061331796e-06	0.000245937786221	7.20852132026e-05	0.000131449506428	0.000271379626175	5.51239865667e-05	2.12015332949e-05	0.000237457172903	4.66433732488e-05	0.00935835679636	0.00280708300824	0.00338376471386	0.000530038332372	0.00267563350181	0.000419790359239	0.00159435530378	0.00140354150412	0.000754774585298	0.00429543064554	6.78449065436e-05	0.000279860239493	7.63255198616e-05	0	0.000284100546151	3.39224532718e-05	0.000432511279216	0.000139930119746	6.36045998847e-05	0.000394348519285	0.000898945011703	0.0025526646087	0.00041555005258	0.00544455375013	0.000491875572441	5.08836799077e-05	8.48061331796e-06	2.96821466128e-05	0.000343464839377	0.000118728586451	0.000271379626175	0.000144170426405	0.000106007666474	4.24030665898e-05	0.000797177651888	0.00146290579735	0.00110247973133	0.000979510838224	0.000339224532718	0.0010643169714	3.39224532718e-05	0.000563960785644	9.75270531565e-05	3.39224532718e-05	0.00230248651582	0.000432511279216	0.00111520065131	0.00451592659181	0.00184453339666	0.0001653719597	0.00157315377048	0.00168764205027	0.000301061772787	0.00133145629092	0.00371026832661	0.00230248651582	4.66433732488e-05	0.000106007666474	0.00102615421147
0.0159562739577	0.000483394959123	0.00342192747379	0	0.000186573492995	5.93642932257e-05	0.011190169273	0.00806506326538	0.0246277010753	0.000669968452118	0.00586010380271	0.00513077105736	0.00247633908884	0.00179364971675	0.0526942908511	0.000106007666474	0.000233216866244	0.00103039451813	0.000508836799077	0.00100495267818	0.00121696801113	0.000508836799077	0.000407069439262	0.00398164795278	0.00041555005258	0.00216255639608	0.00503748431087	0.00246361816887	0.00453712812511	0.0266248855117	0.00943044200957	0.000394348519285	0.00707283150717	0.00329895858068	0.0128014858035	5.08836799077e-05	0.000224736252926	9.32867464975e-05	0	0.000186573492995	0	0.000237457172903	8.05658265206e-05	6.78449065436e-05	0.00130177414431	0.000224736252926	0.000627565385529	0.000118728586451	0.000962549611588	0.000305302079446	1.27209199769e-05	8.48061331796e-06	8.05658265206e-05	4.24030665898e-05	7.63255198616e-05	0.000190813799654	8.48061331796e-06	0.00028834085281	3.39224532718e-05	0.00172156450354	0.00037314698599	0.000428270972557	0.000301061772787	0.000318022999423	0.000462193425829	2.96821466128e-05	2.96821466128e-05	0	3.81627599308e-05	0.000725092438685	0.00338376471386	0.0011576037179	0.00405373316598	0.00131873537094	0.00287492791479	0.00293429220801	0.000139930119746	0.000631805692188	0.000784456731911	0.00118304555785	0.000491875572441	2.12015332949e-05	0	0.000173852573018
7.63255198616e-05	0.00113640218461	6.78449065436e-05	0	0.000814138878524	0.00296397435463	0.00296397435463	0.000275619932834	0.00144170426405	0.00303181926117	0.000101767359815	0	0.00197598290308	4.66433732488e-05	0.000106007666474	0.00892584551715	8.48061331796e-06	5.08836799077e-05	0	0	0.000491875572441	7.63255198616e-05	0.000508836799077	6.36045998847e-05	0.000750534278639	3.81627599308e-05	6.36045998847e-05	0.000992231758201	0.00086926286509	0.00091166593168	0.000699650598731	0	0.000186573492995	0.000771735811934	0.00185301400997	1.27209199769e-05	1.27209199769e-05	2.12015332949e-05	0	2.54418399539e-05	0	4.24030665898e-06	8.48061331796e-06	1.27209199769e-05	0.000585162318939	1.27209199769e-05	0	8.48061331796e-06	4.24030665898e-06	1.69612266359e-05	0	0	0	0	0	1.27209199769e-05	4.24030665898e-06	9.32867464975e-05	2.12015332949e-05	0.000500356185759	0	4.24030665898e-06	8.05658265206e-05	6.36045998847e-05	1.27209199769e-05	8.48061331796e-06	0	0	1.27209199769e-05	1.69612266359e-05	0.000178092879677	7.20852132026e-05	0.00181485125004	0.0010855185047	0.00603819668238	0.000228976559585	4.66433732488e-05	0.000322263306082	3.81627599308e-05	8.90464398385e-05	0.000110247973133	0	0	8.48061331796e-06
0.000101767359815	0.000199294412972	0.000262899012857	0	0.000131449506428	0	6.36045998847e-05	0	0.000169612266359	0.0010134332915	0	0.000224736252926	0.000144170426405	8.48061331796e-06	0.000233216866244	8.48061331796e-06	0.0199972862037	0.00012296889311	2.96821466128e-05	8.48061331796e-05	0.00012296889311	0.00258658706198	0.00734845144001	0.00623749109536	0.00610604158893	4.24030665898e-06	0.000873503171749	0.00710675396045	0.00157739407714	0.0003307439194	0.000470674039147	1.69612266359e-05	4.24030665898e-06	0.000411309745921	0.00124240985108	3.39224532718e-05	7.63255198616e-05	8.48061331796e-06	0	1.27209199769e-05	0	0.000262899012857	2.54418399539e-05	4.24030665898e-06	0.00173852573018	0.000428270972557	8.48061331796e-06	0.000424030665898	1.27209199769e-05	3.81627599308e-05	0	0.00086926286509	3.39224532718e-05	0	1.69612266359e-05	4.24030665898e-06	0.000445232199193	0.00625021201533	0.00208623087622	0.00163675837037	4.24030665898e-06	7.20852132026e-05	0.00020777502629	0.000907425625021	3.81627599308e-05	8.48061331796e-06	8.48061331796e-06	0	4.24030665898e-06	1.69612266359e-05	0.00157739407714	0.000309542386105	0.000602123545575	0.000644526612165	0.00012296889311	2.12015332949e-05	4.24030665898e-06	0.00338376471386	0.00323111367414	8.05658265206e-05	8.05658265206e-05	0	0	0
0.00220919976933	0.00325231520744	0.00703042844058	0	0	2.96821466128e-05	3.39224532718e-05	0.000292581159469	0.000402829132603	0.000228976559585	1.27209199769e-05	0.00200990535636	8.48061331796e-06	0.000245937786221	0.00103039451813	5.08836799077e-05	0.00012296889311	0.0363606296007	0.000284100546151	0.00915906238339	8.48061331796e-06	0.00128905322433	0.000258658706198	0.0105117202076	0.0001653719597	0.000144170426405	0.0107746192205	0.00861206282438	0.000695410292072	0.00320991214085	0.00515197259066	1.27209199769e-05	3.39224532718e-05	0.00150530886394	0.00887496183724	0.000131449506428	0.0046304148716	0.00196326198311	0	8.48061331796e-06	0	4.24030665898e-06	0.000339224532718	0.000216255639608	0.000228976559585	0.000178092879677	0.000114488279792	4.24030665898e-06	5.51239865667e-05	0.000525798025713	4.24030665898e-06	2.54418399539e-05	0.00171308389023	0.000139930119746	0.00245089724889	0	7.63255198616e-05	6.78449065436e-05	0.00109823942468	0.000245937786221	0.000322263306082	0.00487635265782	0.000949828691611	7.63255198616e-05	4.66433732488e-05	5.08836799077e-05	1.27209199769e-05	0	1.27209199769e-05	0.00124665015774	0.000699650598731	0.000309542386105	0.00440143831202	0.00200990535636	0.000220495946267	0.000262899012857	3.81627599308e-05	0.00086926286509	0.000971030224906	0.00142474303742	0.000144170426405	0	0	4.24030665898e-06
2.12015332949e-05	7.20852132026e-05	1.69612266359e-05	0	0	0	0.000284100546151	8.48061331796e-06	0.000504596492418	4.24030665898e-06	1.69612266359e-05	0.00394772549951	2.54418399539e-05	7.20852132026e-05	0.000508836799077	0	2.96821466128e-05	0.000284100546151	0.00809050510533	0.00245937786221	1.69612266359e-05	4.24030665898e-06	6.36045998847e-05	0.000262899012857	6.36045998847e-05	0.000513077105736	0.00494843787103	0.000491875572441	3.81627599308e-05	0.000559720478985	8.48061331796e-06	3.81627599308e-05	0	8.48061331796e-06	0.0013950608908	0	3.81627599308e-05	2.54418399539e-05	0	0	0	4.24030665898e-06	0	0	4.24030665898e-06	8.48061331796e-06	0.0003307439194	4.24030665898e-06	4.66433732488e-05	1.69612266359e-05	0	4.24030665898e-06	8.48061331796e-06	0.000542759252349	0.000233216866244	4.24030665898e-06	4.24030665898e-06	1.27209199769e-05	8.48061331796e-06	8.48061331796e-06	5.08836799077e-05	0.000920146544998	0.00045795311917	8.48061331796e-06	2.12015332949e-05	0	8.48061331796e-05	0	0	5.51239865667e-05	0.000114488279792	0.000453712812511	0.000521557719054	9.32867464975e-05	0	4.24030665898e-06	8.05658265206e-05	0.000267139319516	0.000343464839377	0.000279860239493	9.75270531565e-05	0	0	0
0.00122120831779	0.000843821025137	6.78449065436e-05	0	0	0	0.000135689813087	4.24030665898e-06	0.000339224532718	1.69612266359e-05	3.39224532718e-05	0.00533430577699	3.39224532718e-05	0.000131449506428	0.00100495267818	0	8.48061331796e-05	0.00915906238339	0.00245937786221	0.0257217001934	2.12015332949e-05	0.000619084772211	0.000237457172903	0.00121696801113	0.00012296889311	0.000292581159469	0.0150234064928	0.00352793514027	0.000178092879677	0.00230248651582	0.00226008344924	3.39224532718e-05	8.48061331796e-06	0.000907425625021	0.00706859120052	2.54418399539e-05	0.0023152074358	0.000542759252349	0	4.24030665898e-06	0	0	0.000182333186336	0.000182333186336	4.66433732488e-05	0.000156891346382	0.000313782692764	0	8.48061331796e-05	0.000318022999423	0	4.24030665898e-06	0.000224736252926	9.32867464975e-05	0.00337528410055	4.24030665898e-06	1.69612266359e-05	2.96821466128e-05	0.000254418399539	5.51239865667e-05	0.000606363852234	0.00341768716714	0.0003307439194	8.48061331796e-06	3.39224532718e-05	4.24030665898e-05	2.12015332949e-05	0	4.24030665898e-06	0.00070389090539	0.00053851894569	0.000551239865667	0.00109399911802	0.000411309745921	1.27209199769e-05	4.24030665898e-06	4.66433732488e-05	0.000309542386105	0.000725092438685	0.000784456731911	1.27209199769e-05	0	0	0
1.27209199769e-05	1.69612266359e-05	4.24030665898e-06	0	0.00684385494759	9.32867464975e-05	0.00259930798195	0.000173852573018	0.00175124665016	0.000691169985413	0.0028113233149	0.000500356185759	0.0124198582041	0.000271379626175	0.00121696801113	0.000491875572441	0.00012296889311	8.48061331796e-06	1.69612266359e-05	2.12015332949e-05	0.0196326198311	0	5.93642932257e-05	8.90464398385e-05	0.00417670205909	0.000101767359815	0.000351945452695	0.000669968452118	0.00170884358357	0.000500356185759	1.27209199769e-05	8.48061331796e-05	0.000368906679331	5.93642932257e-05	0.00177668849011	4.24030665898e-06	4.24030665898e-06	0	0	0.000640286305506	0	0.0018190915567	4.24030665898e-06	0.000326503612741	0.000212015332949	0.00214559516944	7.20852132026e-05	0.00271379626175	0.000161131653041	0.000809898571865	0.000114488279792	0	4.24030665898e-06	0	4.24030665898e-06	0.000720852132026	0	0.00020777502629	8.48061331796e-06	0.000262899012857	2.54418399539e-05	1.69612266359e-05	1.69612266359e-05	1.27209199769e-05	0.00083110010516	0	8.48061331796e-06	0	0	0.000301061772787	0.000216255639608	9.75270531565e-05	0.000966789918247	7.20852132026e-05	0.000678449065436	0.000466433732488	5.93642932257e-05	0.0004961158791	0.000394348519285	0.000440991892534	0.000148410733064	5.08836799077e-05	0	0.000139930119746
0.00100919298484	0.000114488279792	8.48061331796e-05	0	0	4.24030665898e-05	4.66433732488e-05	0.00111944095797	0.000394348519285	0.00012296889311	4.24030665898e-06	0.000233216866244	3.39224532718e-05	5.51239865667e-05	0.000508836799077	7.63255198616e-05	0.00258658706198	0.00128905322433	4.24030665898e-06	0.000619084772211	0	0.0304496421181	0.00143322365073	0.0163167000237	0.000411309745921	1.27209199769e-05	0.000873503171749	0.000937107771634	0.00501204247091	0.00155619254384	0.0106855727806	3.81627599308e-05	2.54418399539e-05	0.000682689372095	0.00722124224024	2.12015332949e-05	0.000114488279792	6.78449065436e-05	0	4.24030665898e-06	0	0	1.27209199769e-05	0	0.000199294412972	4.24030665898e-06	2.96821466128e-05	0	8.48061331796e-06	1.69612266359e-05	0	0.000127209199769	8.48061331796e-06	0	2.96821466128e-05	4.24030665898e-06	0.000245937786221	0.00294701312799	0.000156891346382	0.000275619932834	2.54418399539e-05	0.000135689813087	0.000216255639608	0.000474914345805	2.54418399539e-05	4.24030665898e-06	8.48061331796e-06	0	8.48061331796e-06	4.24030665898e-06	0.000699650598731	0.000228976559585	0.00504172461752	0.00168340174361	0.000809898571865	0.000381627599308	2.96821466128e-05	0.00203110688965	0.00231944774246	2.96821466128e-05	2.54418399539e-05	0	0	0
7.63255198616e-05	0.00415974083246	0.00159435530378	0	5.93642932257e-05	0.000254418399539	0.000220495946267	3.39224532718e-05	0.000597883238916	0.00326503612741	0	0.000385867905967	6.36045998847e-05	2.12015332949e-05	0.000407069439262	0.000508836799077	0.00734845144001	0.000258658706198	6.36045998847e-05	0.000237457172903	5.93642932257e-05	0.00143322365073	0.0292793174802	0.00222616099596	0.00721276162692	0.000101767359815	0.00231096712914	0.0122926490044	0.000576681705621	0.000686929678754	0.0015095491706	4.24030665898e-05	4.24030665898e-06	0.000877743478408	0.00217951762271	1.27209199769e-05	0.00147138641067	0.000275619932834	0	3.81627599308e-05	0	0.000106007666474	7.63255198616e-05	4.24030665898e-06	0.00162403745039	0.000279860239493	8.05658265206e-05	0.000190813799654	0.000258658706198	3.81627599308e-05	3.81627599308e-05	0.00209471148953	0.000178092879677	1.69612266359e-05	0.000152651039723	2.12015332949e-05	0.000648766918824	0.0099435191153	0.00267563350181	0.0021498354761	0.000292581159469	0.000296821466128	0.0029766952746	0.00099647206486	2.12015332949e-05	8.90464398385e-05	4.24030665898e-05	0	0	0.000169612266359	0.00540215068354	0.001653719597	0.000729332745344	0.000962549611588	0.000627565385529	1.27209199769e-05	4.24030665898e-06	0.00268411411513	0.00234488958241	0.000173852573018	5.51239865667e-05	5.51239865667e-05	0	0
0.00655551409478	0.000928627158316	0.0194545269514	0	0.000254418399539	3.39224532718e-05	0.000224736252926	0.00414701991248	0.00328623766071	0.00012296889311	8.05658265206e-05	0.00128481291767	0.000186573492995	0.000237457172903	0.00398164795278	6.36045998847e-05	0.00623749109536	0.0105117202076	0.000262899012857	0.00121696801113	8.90464398385e-05	0.0163167000237	0.00222616099596	0.0695707113538	0.000602123545575	6.36045998847e-05	0.00310390447437	0.0146799416534	0.0029046100614	0.00284524576817	0.00835340411819	5.93642932257e-05	0.000127209199769	0.000759014891957	0.00976542623563	0.000182333186336	0.000640286305506	0.000301061772787	0	0.000402829132603	0	0.000351945452695	0.000279860239493	2.12015332949e-05	0.000254418399539	0.000835340411819	6.78449065436e-05	0.000669968452118	2.12015332949e-05	0.000131449506428	4.24030665898e-06	0.00126361138438	0.0001653719597	2.96821466128e-05	0.000110247973133	8.48061331796e-06	0.00173852573018	0.0116523626989	0.00784456731911	0.00101767359815	8.90464398385e-05	0.000398588825944	0.00176820787679	0.00108975881136	0.000135689813087	3.39224532718e-05	1.27209199769e-05	0	8.48061331796e-06	0.00107279758472	0.00260778859527	0.00103463482479	0.012110315818	0.00602547576241	0.00151378947725	0.00139082058414	0.000144170426405	0.00429119033889	0.00402405101937	0.00131873537094	0.000203534719631	4.24030665898e-06	0	4.24030665898e-06
0.00012296889311	0.0016749211303	0.000267139319516	0	0.0125470674039	0.000169612266359	0.000708131212049	0.00146290579735	0.000865022558431	0.0112876963262	0.000712371518708	0.000296821466128	0.00424030665898	4.66433732488e-05	0.00041555005258	0.000750534278639	0.00610604158893	0.0001653719597	6.36045998847e-05	0.00012296889311	0.00417670205909	0.000411309745921	0.00721276162692	0.000602123545575	0.046889311035	1.27209199769e-05	0.00165795990366	0.00416822144577	0.0136877098952	0.000848061331796	0.00106855727806	3.39224532718e-05	3.81627599308e-05	0.000606363852234	0.00235337019573	0.000258658706198	0.000190813799654	4.24030665898e-05	0	0.00561416601649	0	0.000368906679331	0.000822619491842	0.000118728586451	0.0159435530378	0.000928627158316	2.96821466128e-05	0.00441839953865	6.78449065436e-05	0.000551239865667	2.54418399539e-05	2.12015332949e-05	6.78449065436e-05	1.27209199769e-05	3.81627599308e-05	0.00621628956206	0.000148410733064	0.00117032463788	0.000182333186336	0.0131915940161	5.51239865667e-05	0.000156891346382	0.000402829132603	0.00322687336748	0.000228976559585	0.000267139319516	3.39224532718e-05	0	2.12015332949e-05	0.000245937786221	0.00152227009057	0.000144170426405	0.000852301638454	0.000381627599308	0.00203110688965	0.000156891346382	2.96821466128e-05	0.00320567183419	0.000669968452118	0.00045795311917	0.000546999559008	3.39224532718e-05	0	1.27209199769e-05
8.90464398385e-05	0.000928627158316	3.39224532718e-05	0	1.69612266359e-05	2.12015332949e-05	0.00110247973133	4.66433732488e-05	0.00152651039723	0.000106007666474	0.000178092879677	0.00870958987754	0.000318022999423	0.00935835679636	0.00216255639608	3.81627599308e-05	4.24030665898e-06	0.000144170426405	0.000513077105736	0.000292581159469	0.000101767359815	1.27209199769e-05	0.000101767359815	6.36045998847e-05	1.27209199769e-05	0.0206757352692	0.00505020523084	0.00267139319516	0.000224736252926	0.00202262627633	6.78449065436e-05	0.00144594457071	0.000920146544998	4.24030665898e-05	0.00353217544693	8.48061331796e-06	0.00062332507887	9.32867464975e-05	0	5.93642932257e-05	0	2.96821466128e-05	4.66433732488e-05	2.96821466128e-05	0.000110247973133	9.75270531565e-05	0.00419366328573	4.24030665898e-05	0.00453288781845	0.000224736252926	4.24030665898e-06	8.48061331796e-06	6.36045998847e-05	0.000559720478985	0.000368906679331	2.12015332949e-05	8.90464398385e-05	9.75270531565e-05	5.51239865667e-05	0.000173852573018	0.00388412089962	0.00300213711456	0.0025526646087	4.66433732488e-05	0.000305302079446	3.81627599308e-05	0.000784456731911	0	4.24030665898e-06	0.000873503171749	0.000203534719631	0.00211167271617	0.00166220021032	0.000241697479562	3.81627599308e-05	2.12015332949e-05	0.000449472505852	0.000474914345805	0.00120424709115	0.00133993690424	0.000135689813087	4.24030665898e-06	0	4.24030665898e-06
0.00380779537976	0.00423606635232	0.0062332507887	0	1.27209199769e-05	2.96821466128e-05	0.00161131653041	0.0004961158791	0.00284524576817	0.000334984226059	0.00041555005258	0.01285660979	0.000644526612165	0.00280708300824	0.00503748431087	6.36045998847e-05	0.000873503171749	0.0107746192205	0.00494843787103	0.0150234064928	0.000351945452695	0.000873503171749	0.00231096712914	0.00310390447437	0.00165795990366	0.00505020523084	0.083483157502	0.0226856406255	0.000691169985413	0.00641134366837	0.00535550731029	0.00440143831202	5.51239865667e-05	0.000924386851657	0.0122036025645	0.000139930119746	0.00748838155975	0.00186997523661	0	4.24030665898e-05	0	2.54418399539e-05	0.000390108212626	0.000339224532718	0.000356185759354	0.000343464839377	0.00170460327691	2.96821466128e-05	0.00053851894569	0.00070389090539	0	9.32867464975e-05	0.00114488279792	0.00148410733064	0.00638166152176	2.12015332949e-05	0.000237457172903	0.000305302079446	0.000775976118593	0.000424030665898	0.00619084772211	0.0133908884291	0.00356185759354	0.000144170426405	0.000351945452695	0.000139930119746	0.000440991892534	0	4.24030665898e-06	0.00218375792937	0.00378235353981	0.00387139997965	0.00452016689847	0.00155619254384	0.000135689813087	4.24030665898e-05	0.000326503612741	0.00245937786221	0.00263323043523	0.00311238508769	0.000296821466128	0	0	0
0.000775976118593	0.0125343464839	0.0127718036568	0	0.000258658706198	0.000589402625598	0.00149682825062	0.000161131653041	0.00186149462329	0.00211591302283	0.00118728586451	0.00419790359239	0.00102615421147	0.00338376471386	0.00246361816887	0.000992231758201	0.00710675396045	0.00861206282438	0.000491875572441	0.00352793514027	0.000669968452118	0.000937107771634	0.0122926490044	0.0146799416534	0.00416822144577	0.00267139319516	0.0226856406255	0.0904669425693	0.00125513077106	0.0034007259405	0.00159435530378	0.000203534719631	6.78449065436e-05	0.00111096034465	0.0131534312561	0.000233216866244	0.00607211913566	0.00132721598426	0	5.08836799077e-05	0	0.000364666372672	0.000390108212626	8.48061331796e-05	0.000674208758777	0.000860782251772	0.000169612266359	0.000619084772211	0.000144170426405	0.000241697479562	1.27209199769e-05	0.00192933952983	0.00103463482479	7.20852132026e-05	0.00103887513145	1.27209199769e-05	0.000987991451542	0.0116057193256	0.00615268496218	0.00104311543811	0.000733573052003	0.00305726110112	0.00426998880559	0.000631805692188	0.000161131653041	0.000114488279792	1.69612266359e-05	0	0	0.00189541707656	0.0104523559144	0.0054784762034	0.00945164354286	0.00480002713796	0.0014162624241	0.000377387292649	4.24030665898e-05	0.00370178771329	0.00297245496794	0.00210319210285	0.000152651039723	2.12015332949e-05	0	4.24030665898e-06
0.00229400590251	0.000301061772787	0.000699650598731	0	0.00826011737169	0.00028834085281	0.00214135486278	0.0202983479765	0.00504596492418	0.00685233556091	0.0064707079616	0.000326503612741	0.00101767359815	0.000530038332372	0.00453712812511	0.00086926286509	0.00157739407714	0.000695410292072	3.81627599308e-05	0.000178092879677	0.00170884358357	0.00501204247091	0.000576681705621	0.0029046100614	0.0136877098952	0.000224736252926	0.000691169985413	0.00125513077106	0.0682731775162	0.00971454255572	0.0152184605991	4.66433732488e-05	0.000131449506428	0.00663183961464	0.0120679127515	0.000131449506428	0.000114488279792	0.000127209199769	0	0.00757318769293	0	0.000517317412395	0.000508836799077	0.000186573492995	0.0130516638963	0.00416398113912	0.000106007666474	0.00607211913566	0.000309542386105	0.000555480172326	3.39224532718e-05	2.54418399539e-05	0.000101767359815	0	5.08836799077e-05	0.00994775942196	5.93642932257e-05	0.000619084772211	0.000241697479562	0.0129583771498	3.39224532718e-05	0.0001653719597	0.000241697479562	0.00374419077988	0.000339224532718	0.000212015332949	4.24030665898e-05	8.48061331796e-06	4.24030665898e-06	0.00045795311917	0.00268411411513	0.0004961158791	0.00873927202415	0.00365090403338	0.00301061772787	0.0014883476373	0.000301061772787	0.0013441772109	0.000513077105736	0.000720852132026	0.000665728145459	3.81627599308e-05	0	5.93642932257e-05
0.012521625564	0.00062332507887	0.000771735811934	0	0.000212015332949	0.000127209199769	0.00640286305506	0.00938803894298	0.00900641134367	0.00305302079446	0.003494012687	0.00573289460294	0.00104735574477	0.00267563350181	0.0266248855117	0.00091166593168	0.0003307439194	0.00320991214085	0.000559720478985	0.00230248651582	0.000500356185759	0.00155619254384	0.000686929678754	0.00284524576817	0.000848061331796	0.00202262627633	0.00641134366837	0.0034007259405	0.00971454255572	0.0604964551036	0.0202093015367	0.000402829132603	0.00659367685471	0.0177244818345	0.0296143017063	0.000364666372672	0.000559720478985	0.000135689813087	0	0.000474914345805	0	0.000301061772787	0.000517317412395	0.000139930119746	0.00682689372095	0.000381627599308	0.000686929678754	0.000224736252926	0.00130177414431	0.000491875572441	1.27209199769e-05	1.27209199769e-05	0.000148410733064	3.39224532718e-05	0.000131449506428	0.000318022999423	0.000305302079446	0.000920146544998	0.000114488279792	0.00661487838801	0.000665728145459	0.00058092201228	0.000508836799077	0.00151378947725	0.00102615421147	0.000212015332949	3.39224532718e-05	4.24030665898e-06	0.00012296889311	0.00142474303742	0.00424030665898	0.0015604328505	0.015829064758	0.0065427931748	0.00608059974897	0.00580073950948	0.000750534278639	0.00302333864785	0.00144170426405	0.00233216866244	0.00128481291767	6.36045998847e-05	0	0.000377387292649
