0.0345319843629	5.12452598135e-05	0.00288437605236	0	0.00105784857758	0.000369697945797	0.00244879134394	0.0128332772076	0.00695837420753	0.000369697945797	0.00671678941127	0.000538075228041	0.00263913088039	5.49056355144e-05	0.025399346989	0.000109811271029	0.000212301790656	0.00109811271029	4.75848841125e-05	0.000150075403739	0.00210105565235	0.00349199841872	0.000336754564488	0.00500007320751	0.00217426316637	7.32075140192e-06	0.000629584620565	0.000508792222434	0.00626290282435	0.0182689351235	0.00908139211409	4.02641327106e-05	0.000501471471032	0.00214864053646	0.00423505468601	4.39245084115e-05	2.56226299067e-05	5.85660112154e-05	0	6.58867626173e-05	0	9.8830143926e-05	0.000274528177572	0.000164716906543	0.00124086736263	5.12452598135e-05	1.83018785048e-05	7.32075140192e-06	3.66037570096e-06	0.000139094276637	3.66037570096e-05	5.49056355144e-05	2.92830056077e-05	0	1.46415028038e-05	3.66037570096e-05	4.02641327106e-05	0.000117132022431	6.95471383183e-05	0.000922414676642	1.46415028038e-05	2.19622542058e-05	7.32075140192e-05	0.000475848841125	6.22263869164e-05	0.000131773525235	3.66037570096e-06	0	7.32075140192e-06	7.68678897202e-05	0.00120426360562	0.000355056442993	0.00326139474956	0.000980980687858	0.000124452773833	3.66037570096e-05	7.32075140192e-06	0.000142754652338	2.19622542058e-05	8.05282654212e-05	4.75848841125e-05	0.000197660287852	3.29433813087e-05	0
5.12452598135e-05	0.0232470460768	0.00476580916265	0	3.66037570096e-06	0	0	8.78490168231e-05	1.09811271029e-05	0.000702792134585	3.66037570096e-06	0.000197660287852	1.46415028038e-05	0.0007613581458	6.95471383183e-05	3.66037570096e-06	0.00141656539627	0.00145682952898	7.68678897202e-05	0.000801622278511	3.66037570096e-06	0.000289169680376	0.00423505468601	0.000706452510286	0.000852867538324	0.00178992371777	0.00660331776454	0.017320897817	0.000208641414955	0.000139094276637	0.000248905547665	0.000230603669161	0	3.66037570096e-05	0.000402641327106	3.66037570096e-06	0.00883614694212	0.00202418776263	0	0	0	2.56226299067e-05	2.92830056077e-05	4.02641327106e-05	6.58867626173e-05	3.66037570096e-06	0.000413622454209	3.66037570096e-06	0.000208641414955	2.56226299067e-05	1.83018785048e-05	0.000223282917759	0.00178626334207	0.000252565923366	0.000991961814961	3.66037570096e-06	0.000245245171964	0.00087482979253	0.000775999648604	9.5169768225e-05	0.000644226123369	0.00240852721123	0.00601033690098	9.1509392524e-05	3.29433813087e-05	6.95471383183e-05	4.02641327106e-05	0	0	0.00110543346169	0.000944376930848	0.00110909383739	0.000377018697199	0.000237924420563	2.19622542058e-05	0	1.09811271029e-05	0.000567358233649	0.000274528177572	0.000768678897202	0.000237924420563	5.85660112154e-05	3.29433813087e-05	1.46415028038e-05
0.00288437605236	0.00476580916265	0.0578815209593	0	5.85660112154e-05	1.83018785048e-05	4.75848841125e-05	0.00225113105609	0.000387999824302	0.000296490431778	0.000131773525235	0.00030381118318	7.32075140192e-05	5.12452598135e-05	0.00230603669161	6.95471383183e-05	0.0015190559159	0.0158567475366	4.75848841125e-05	0.000772339272903	6.58867626173e-05	0.00802354353651	0.00199856513273	0.0251760640712	0.000743056267295	7.32075140192e-06	0.0095242975739	0.0233092724637	0.00326139474956	0.00352128142433	0.00660697814024	3.66037570096e-05	5.49056355144e-05	0.000805282654212	0.00337486639629	2.92830056077e-05	0.00319550798694	0.00310765897012	0	2.19622542058e-05	3.66037570096e-06	4.75848841125e-05	0.000157396155141	0.00011347164673	0.000453886586919	2.56226299067e-05	0.000135433900936	0	2.56226299067e-05	6.58867626173e-05	4.39245084115e-05	0.00157030117571	0.00243414984114	4.02641327106e-05	0.000501471471032	1.09811271029e-05	0.00101392406917	0.0030564137103	0.00323943249535	0.000391660200003	5.49056355144e-05	0.000757697770099	0.00488660156078	0.000387999824302	0.000117132022431	0.000278188553273	3.66037570096e-06	0	7.32075140192e-06	0.00180456522057	0.00598837464677	0.00445101685237	0.00404105477386	0.00311131934582	3.66037570096e-06	2.92830056077e-05	4.02641327106e-05	0.00120792398132	0.000545395979443	0.00120060322992	0.000538075228041	0.000230603669161	0.000117132022431	1.09811271029e-05
0	0	0	0	0	0	0	0	0	0	0	0	0	0	0	0	0	0	0	0	0	0	0	0	0	0	0	0	0	0	0	0	0	0	0	0	0	0	0	0	0	0	0	0	0	0	0	0	0	0	0	0	0	0	0	0	0	0	0	0	0	0	0	0	0	0	0	0	0	0	0	0	0	0	0	0	0	0	0	0	0	0	0	0
0.00105784857758	3.66037570096e-06	5.85660112154e-05	0	0.0194805194805	4.39245084115e-05	0.000614943117762	0.00207177264674	0.000468528089723	0.000666188377575	0.00369331908227	7.68678897202e-05	0.00468894127293	7.32075140192e-06	0.00138362201496	0.000161056530842	1.83018785048e-05	4.02641327106e-05	3.66037570096e-06	7.32075140192e-06	0.00893497708605	8.05282654212e-05	2.19622542058e-05	9.8830143926e-05	0.00923878826923	0	4.75848841125e-05	1.83018785048e-05	0.00741226079445	0.00222184805048	0.000300150807479	3.66037570096e-06	6.22263869164e-05	0.00111275421309	0.0011273957159	0	7.32075140192e-06	3.66037570096e-06	0	0.00129943337384	0	0.000120792398132	0.000124452773833	9.1509392524e-05	0.000918754300941	0.000157396155141	0	0.000475848841125	0	4.02641327106e-05	7.32075140192e-05	0	7.32075140192e-06	0	0	0.000918754300941	0	1.46415028038e-05	0	0.00108347120748	0	3.66037570096e-06	7.32075140192e-06	0.000450226211218	0	3.66037570096e-06	0	0	0	2.19622542058e-05	0.000402641327106	3.66037570096e-05	0.00072475438879	0.000256226299067	0.000333094188788	2.19622542058e-05	0	1.83018785048e-05	0	2.19622542058e-05	3.66037570096e-06	0.000106150895328	7.32075140192e-06	0
0.000369697945797	0	1.83018785048e-05	0	4.39245084115e-05	0.00639833672528	0.00131041450094	0.000223282917759	0.00120060322992	1.09811271029e-05	0.00030381118318	7.32075140192e-05	0.000259886674768	1.09811271029e-05	0.00160690493272	0.000622263869164	3.66037570096e-06	1.09811271029e-05	3.66037570096e-06	1.09811271029e-05	9.5169768225e-05	4.02641327106e-05	7.32075140192e-06	7.68678897202e-05	6.95471383183e-05	0	2.92830056077e-05	1.09811271029e-05	0.000128113149534	0.00221452729908	8.78490168231e-05	3.66037570096e-06	0.00324309287105	8.78490168231e-05	0.00170573507665	0	0	3.66037570096e-06	0	3.66037570096e-06	0	0	0	0	2.56226299067e-05	0	3.66037570096e-06	0	0	0	0	3.66037570096e-06	7.32075140192e-06	0	3.66037570096e-06	3.66037570096e-06	7.32075140192e-06	1.83018785048e-05	1.46415028038e-05	2.19622542058e-05	0	0	7.32075140192e-06	7.32075140192e-06	0	3.66037570096e-06	0	0	0	1.09811271029e-05	0.000183018785048	4.75848841125e-05	0.000560037482247	0.000241584796263	0.000980980687858	0.00160324455702	7.32075140192e-06	7.32075140192e-06	3.66037570096e-06	1.83018785048e-05	2.19622542058e-05	1.09811271029e-05	3.66037570096e-06	0
0.00244879134394	0	4.75848841125e-05	0	0.000614943117762	0.00131041450094	0.0238144043105	0.00100660331776	0.00617139343182	7.68678897202e-05	0.0100184482935	0.000204981039254	0.0101026369347	1.83018785048e-05	0.00567358233649	0.00275626290282	1.09811271029e-05	4.75848841125e-05	1.46415028038e-05	5.49056355144e-05	0.0034334324075	8.78490168231e-05	1.09811271029e-05	0.000117132022431	0.000673509128977	3.66037570096e-06	0.000135433900936	3.29433813087e-05	0.000907773173839	0.00405935665237	0.000186679160749	3.66037570096e-06	0.000830905284118	0.000373358321498	0.00188143311029	0	3.66037570096e-06	3.66037570096e-06	0	1.09811271029e-05	0	3.66037570096e-06	0	1.09811271029e-05	6.22263869164e-05	0	7.32075140192e-06	2.19622542058e-05	0	7.32075140192e-06	1.46415028038e-05	3.66037570096e-06	1.46415028038e-05	0	7.32075140192e-06	1.83018785048e-05	1.46415028038e-05	7.32075140192e-06	2.56226299067e-05	7.32075140192e-05	7.32075140192e-06	3.66037570096e-06	7.32075140192e-06	3.29433813087e-05	3.66037570096e-06	1.46415028038e-05	0	0	0	2.56226299067e-05	0.000395320575704	8.41886411221e-05	0.00130675412524	0.000395320575704	0.000435584708414	3.29433813087e-05	1.46415028038e-05	4.02641327106e-05	7.32075140192e-06	2.92830056077e-05	2.56226299067e-05	2.19622542058e-05	7.32075140192e-06	0
0.0128332772076	8.78490168231e-05	0.00225113105609	0	0.00207177264674	0.000223282917759	0.00100660331776	0.0509560901331	0.00405569627667	0.00146781065609	0.0064678838636	0.000428263957013	0.000574678985051	2.56226299067e-05	0.0109518440973	0.000139094276637	0.000871169416829	0.000420943205611	5.12452598135e-05	0.000124452773833	0.000662528001874	0.00263181012899	0.000948037306549	0.00440709234396	0.00643128010659	3.66037570096e-06	0.000406301702807	0.000889471295334	0.0291548924582	0.0135982957291	0.0123208246094	2.19622542058e-05	0.000366037570096	0.00758429845239	0.00656671400753	0.000186679160749	2.92830056077e-05	5.12452598135e-05	0	0.000355056442993	0	0.000387999824302	0.000893131671035	0.000666188377575	0.00471822427854	0.000219622542058	2.92830056077e-05	3.66037570096e-05	7.32075140192e-06	0.000413622454209	0.000193999912151	0.000183018785048	4.02641327106e-05	0	1.09811271029e-05	0.000161056530842	0.000135433900936	0.000292830056077	0.000168377282244	0.00413256416639	1.09811271029e-05	3.66037570096e-05	9.1509392524e-05	0.00159592380562	0.000256226299067	0.000256226299067	0	0	2.92830056077e-05	0.000193999912151	0.00250735735516	0.000519773349537	0.00396784725984	0.00155199929721	0.000241584796263	3.29433813087e-05	1.83018785048e-05	0.000501471471032	6.22263869164e-05	0.000248905547665	8.41886411221e-05	0.000636905371967	0.00011347164673	3.66037570096e-06
0.00695837420753	1.09811271029e-05	0.000387999824302	0	0.000468528089723	0.00120060322992	0.00617139343182	0.00405569627667	0.0265889690918	8.41886411221e-05	0.00755501544679	0.000333094188788	0.00235728195142	5.85660112154e-05	0.0165302566655	0.000530754476639	4.39245084115e-05	0.000124452773833	4.02641327106e-05	8.78490168231e-05	0.0011603390972	0.000516112973836	8.05282654212e-05	0.000772339272903	0.000948037306549	7.32075140192e-06	0.000219622542058	0.000124452773833	0.00207543302245	0.00758795882809	0.00100660331776	2.19622542058e-05	0.00293562131217	0.000578339360752	0.00326139474956	0	3.66037570096e-06	1.09811271029e-05	0	2.92830056077e-05	0	5.49056355144e-05	5.49056355144e-05	5.85660112154e-05	0.000307471558881	1.46415028038e-05	3.66037570096e-06	7.32075140192e-06	7.32075140192e-06	2.92830056077e-05	7.32075140192e-06	2.92830056077e-05	1.09811271029e-05	0	3.66037570096e-06	7.32075140192e-06	2.92830056077e-05	2.56226299067e-05	1.09811271029e-05	0.000234264044862	1.46415028038e-05	7.32075140192e-06	3.66037570096e-06	0.00011347164673	7.32075140192e-06	3.29433813087e-05	0	0	3.66037570096e-06	1.83018785048e-05	0.00068449025608	0.000172037657945	0.00218158391777	0.000743056267295	0.000157396155141	0.000193999912151	1.46415028038e-05	2.56226299067e-05	7.32075140192e-06	3.66037570096e-05	1.83018785048e-05	6.95471383183e-05	2.19622542058e-05	3.66037570096e-06
0.000369697945797	0.000702792134585	0.000296490431778	0	0.000666188377575	1.09811271029e-05	7.68678897202e-05	0.00146781065609	8.41886411221e-05	0.0185141802955	0.000241584796263	1.83018785048e-05	0.00158860305422	4.39245084115e-05	0.000409962078508	0.000212301790656	0.00112007496449	0.000142754652338	1.46415028038e-05	4.75848841125e-05	0.00091509392524	0.000757697770099	0.00385071523741	0.000669848753276	0.00670946865986	5.49056355144e-05	0.000186679160749	0.0011347164673	0.00382509260751	0.000929735428044	0.00288071567666	7.32075140192e-06	1.46415028038e-05	0.00060762236636	0.000735735515893	0.000168377282244	7.32075140192e-05	4.75848841125e-05	0	0.00030381118318	0	0.00019033953645	0.000922414676642	0.000311131934582	0.00662894039444	0.000215962166357	4.39245084115e-05	0.000186679160749	1.09811271029e-05	0.000208641414955	0.00022694329346	0.000278188553273	3.29433813087e-05	7.32075140192e-06	3.29433813087e-05	0.000446565835517	0.000139094276637	0.00034407531589	0.000102490519627	0.00323211174395	2.56226299067e-05	4.39245084115e-05	8.78490168231e-05	0.00147147103179	0.00019033953645	0.000929735428044	0	0	2.56226299067e-05	0.00019033953645	0.00111275421309	0.000223282917759	0.000428263957013	0.000212301790656	0.00104686745048	0	3.66037570096e-06	0.000556377106546	5.49056355144e-05	0.000201320663553	9.1509392524e-05	0.000395320575704	0.000131773525235	3.66037570096e-06
0.00671678941127	3.66037570096e-06	0.000131773525235	0	0.00369331908227	0.00030381118318	0.0100184482935	0.0064678838636	0.00755501544679	0.000241584796263	0.0439574517929	0.000450226211218	0.00867143003558	3.29433813087e-05	0.00907041098698	0.000552716730845	2.19622542058e-05	6.22263869164e-05	2.56226299067e-05	0.000109811271029	0.00997086340942	0.000201320663553	2.92830056077e-05	0.000263547050469	0.00452422436639	3.66037570096e-06	0.000215962166357	6.58867626173e-05	0.00690346857201	0.00847743012343	0.000545395979443	7.32075140192e-06	0.000464867714022	0.00302347032899	0.00441807347106	1.09811271029e-05	7.32075140192e-06	1.46415028038e-05	0	0.00045754696262	0	6.58867626173e-05	8.41886411221e-05	7.32075140192e-05	0.000680829880379	0.00011347164673	3.66037570096e-06	4.75848841125e-05	3.66037570096e-06	2.92830056077e-05	5.49056355144e-05	3.66037570096e-06	7.32075140192e-06	0	3.66037570096e-06	0.000161056530842	7.32075140192e-06	7.32075140192e-06	1.46415028038e-05	0.00072475438879	1.46415028038e-05	1.09811271029e-05	3.66037570096e-06	0.000245245171964	1.46415028038e-05	1.46415028038e-05	3.66037570096e-06	0	7.32075140192e-06	2.19622542058e-05	0.000984641063559	0.000208641414955	0.00271233839441	0.000743056267295	0.000237924420563	3.29433813087e-05	7.32075140192e-06	2.92830056077e-05	3.66037570096e-06	1.46415028038e-05	3.66037570096e-06	6.95471383183e-05	7.32075140192e-06	0
0.000538075228041	0.000197660287852	0.00030381118318	0	7.68678897202e-05	7.32075140192e-05	0.000204981039254	0.000428263957013	0.000333094188788	1.83018785048e-05	0.000450226211218	0.0217902165478	0.000285509304675	0.0038141114804	0.00164716906543	3.29433813087e-05	4.39245084115e-05	0.000541735603742	0.00204248964114	0.00320648911404	0.000241584796263	0.000117132022431	5.85660112154e-05	0.000307471558881	0.000164716906543	0.000885810919633	0.00922048639072	0.00117498060001	0.000292830056077	0.00333460226358	0.000314792310283	0.00186679160749	0.000270867801871	0.000516112973836	0.00674607241687	0	0.000164716906543	1.83018785048e-05	0	0	0	1.09811271029e-05	1.83018785048e-05	1.83018785048e-05	7.68678897202e-05	3.66037570096e-06	0.000497811095331	3.66037570096e-06	0.000424603581312	1.46415028038e-05	3.66037570096e-06	1.46415028038e-05	2.19622542058e-05	7.32075140192e-05	9.5169768225e-05	0	3.66037570096e-06	2.19622542058e-05	1.83018785048e-05	3.66037570096e-05	0.00079796190281	0.000307471558881	0.000142754652338	2.19622542058e-05	0	7.32075140192e-06	5.85660112154e-05	0	0	4.02641327106e-05	0.00118596172711	0.00319550798694	0.00706086472716	0.000929735428044	2.19622542058e-05	2.56226299067e-05	0.000406301702807	5.49056355144e-05	0.000139094276637	7.68678897202e-05	3.66037570096e-05	1.83018785048e-05	3.66037570096e-06	5.49056355144e-05
0.00263913088039	1.46415028038e-05	7.32075140192e-05	0	0.00468894127293	0.000259886674768	0.0101026369347	0.000574678985051	0.00235728195142	0.00158860305422	0.00867143003558	0.000285509304675	0.0342574561853	1.46415028038e-05	0.00566992196079	0.00198758400562	1.46415028038e-05	4.75848841125e-05	1.09811271029e-05	8.41886411221e-05	0.0148025593347	9.5169768225e-05	7.32075140192e-06	0.000142754652338	0.00146048990468	3.66037570096e-06	0.000168377282244	4.75848841125e-05	0.00100660331776	0.00481705442247	0.000183018785048	3.66037570096e-06	0.000508792222434	0.000633244996266	0.0022804140617	3.66037570096e-06	7.32075140192e-06	3.66037570096e-06	0	6.58867626173e-05	0	0.000124452773833	1.09811271029e-05	5.12452598135e-05	0.000201320663553	4.39245084115e-05	1.09811271029e-05	0.00105052782618	3.66037570096e-06	1.09811271029e-05	4.02641327106e-05	1.09811271029e-05	7.32075140192e-06	0	1.09811271029e-05	0.000300150807479	7.32075140192e-06	1.09811271029e-05	2.92830056077e-05	0.00022694329346	1.46415028038e-05	1.09811271029e-05	2.92830056077e-05	8.41886411221e-05	1.09811271029e-05	0	0	0	0	2.92830056077e-05	0.000658867626173	0.000106150895328	0.00158494267852	0.000406301702807	0.00130309374954	4.02641327106e-05	1.09811271029e-05	4.39245084115e-05	3.66037570096e-06	4.02641327106e-05	2.56226299067e-05	5.49056355144e-05	7.32075140192e-06	0
5.49056355144e-05	0.0007613581458	5.12452598135e-05	0	7.32075140192e-06	1.09811271029e-05	1.83018785048e-05	2.56226299067e-05	5.85660112154e-05	4.39245084115e-05	3.29433813087e-05	0.0038141114804	1.46415028038e-05	0.0166144453067	0.000219622542058	1.09811271029e-05	4.02641327106e-05	9.1509392524e-05	0.000150075403739	0.000307471558881	2.19622542058e-05	4.02641327106e-05	0.000135433900936	8.41886411221e-05	4.75848841125e-05	0.00337486639629	0.00471456390284	0.00525263913088	3.66037570096e-05	0.000406301702807	4.02641327106e-05	0.00311497972152	4.02641327106e-05	4.75848841125e-05	0.000819924157015	0	0.000274528177572	7.32075140192e-06	0	0	0	8.78490168231e-05	3.66037570096e-06	6.58867626173e-05	1.46415028038e-05	3.66037570096e-06	0.00181188597198	3.66037570096e-06	0.00170939545235	3.66037570096e-05	7.32075140192e-06	7.32075140192e-06	1.09811271029e-05	0.00011347164673	7.68678897202e-05	3.66037570096e-06	0	7.32075140192e-06	7.32075140192e-06	1.09811271029e-05	0.00298320619628	0.000497811095331	0.000263547050469	7.32075140192e-06	0	3.66037570096e-06	0.000186679160749	0	0	0.000120792398132	0.0003806790729	0.00327237587666	0.00165815019254	0.00045754696262	0	3.66037570096e-06	0.000750377018697	4.02641327106e-05	0.000424603581312	0.000204981039254	0.000124452773833	8.78490168231e-05	9.5169768225e-05	0.000183018785048
0.025399346989	6.95471383183e-05	0.00230603669161	0	0.00138362201496	0.00160690493272	0.00567358233649	0.0109518440973	0.0165302566655	0.000409962078508	0.00907041098698	0.00164716906543	0.00566992196079	0.000219622542058	0.0553009560901	0.000710112885987	0.000219622542058	0.00091509392524	0.000168377282244	0.000446565835517	0.0034370927832	0.00282581004114	0.000333094188788	0.00411060191218	0.00260984787479	2.92830056077e-05	0.00108347120748	0.000567358233649	0.00605792178509	0.0342574561853	0.00695471383183	7.68678897202e-05	0.00360547006545	0.00491222419069	0.0115009004524	5.49056355144e-05	3.66037570096e-05	4.75848841125e-05	0	5.49056355144e-05	0	9.5169768225e-05	0.000333094188788	0.000168377282244	0.00135433900936	4.75848841125e-05	2.56226299067e-05	2.19622542058e-05	2.19622542058e-05	0.000124452773833	5.85660112154e-05	6.95471383183e-05	2.19622542058e-05	3.66037570096e-06	7.32075140192e-06	3.29433813087e-05	4.75848841125e-05	0.00011347164673	6.58867626173e-05	0.00101758444487	4.02641327106e-05	2.92830056077e-05	6.58867626173e-05	0.000497811095331	6.58867626173e-05	0.000161056530842	0	0	1.09811271029e-05	7.68678897202e-05	0.00271965914581	0.000757697770099	0.0083712792281	0.00221818767478	0.000420943205611	0.000289169680376	3.29433813087e-05	0.000164716906543	4.02641327106e-05	0.000102490519627	5.49056355144e-05	0.000237924420563	4.39245084115e-05	7.32075140192e-06
0.000109811271029	3.66037570096e-06	6.95471383183e-05	0	0.000161056530842	0.000622263869164	0.00275626290282	0.000139094276637	0.000530754476639	0.000212301790656	0.000552716730845	3.29433813087e-05	0.00198758400562	1.09811271029e-05	0.000710112885987	0.00719995900379	3.29433813087e-05	3.66037570096e-05	0	7.32075140192e-06	0.000351396067292	9.5169768225e-05	1.83018785048e-05	0.000201320663553	0.000161056530842	3.66037570096e-06	3.66037570096e-05	4.02641327106e-05	0.000179358409347	0.000585660112154	0.000117132022431	3.66037570096e-06	0.000292830056077	0.000106150895328	0.000406301702807	7.32075140192e-06	7.32075140192e-06	2.19622542058e-05	0	0	0	7.32075140192e-06	1.46415028038e-05	1.09811271029e-05	1.83018785048e-05	3.66037570096e-06	2.19622542058e-05	7.32075140192e-06	7.32075140192e-06	3.66037570096e-06	3.66037570096e-06	3.66037570096e-05	2.92830056077e-05	7.32075140192e-06	1.83018785048e-05	0	4.75848841125e-05	2.92830056077e-05	5.85660112154e-05	2.92830056077e-05	0	1.83018785048e-05	7.68678897202e-05	2.92830056077e-05	7.32075140192e-06	2.19622542058e-05	0	0	0	6.22263869164e-05	0.000424603581312	6.95471383183e-05	0.000442905459816	0.000358716818694	0.00168011244674	0.000245245171964	3.66037570096e-06	0.00011347164673	1.46415028038e-05	0.000179358409347	0.000157396155141	8.41886411221e-05	1.09811271029e-05	3.66037570096e-06
0.000212301790656	0.00141656539627	0.0015190559159	0	1.83018785048e-05	3.66037570096e-06	1.09811271029e-05	0.000871169416829	4.39245084115e-05	0.00112007496449	2.19622542058e-05	4.39245084115e-05	1.46415028038e-05	4.02641327106e-05	0.000219622542058	3.29433813087e-05	0.0257617241834	0.000435584708414	7.32075140192e-06	7.68678897202e-05	3.66037570096e-06	0.00476580916265	0.0111238817552	0.0103039575982	0.00740860041875	5.12452598135e-05	0.000391660200003	0.00672411016267	0.00274162140002	0.000523433725238	0.00149343328599	3.66037570096e-06	7.32075140192e-06	0.00030381118318	0.000808943029913	7.68678897202e-05	9.8830143926e-05	0.000131773525235	0	3.66037570096e-06	0	3.66037570096e-05	0.000318452685984	8.05282654212e-05	0.00123354661122	1.46415028038e-05	2.19622542058e-05	7.32075140192e-06	3.66037570096e-06	8.05282654212e-05	3.29433813087e-05	0.00223648955329	0.000102490519627	1.09811271029e-05	4.75848841125e-05	0	0.000732075140192	0.00294294206357	0.00130675412524	0.000863848665427	1.46415028038e-05	4.02641327106e-05	0.000307471558881	0.000834565659819	0.000135433900936	0.000765018521501	0	0	4.39245084115e-05	0.000409962078508	0.00254030073647	0.00130309374954	0.00103588632337	0.00087482979253	1.09811271029e-05	3.66037570096e-06	7.32075140192e-06	0.000453886586919	0.000175698033646	0.000256226299067	0.000139094276637	0.00015373577944	7.32075140192e-05	3.66037570096e-06
0.00109811271029	0.00145682952898	0.0158567475366	0	4.02641327106e-05	1.09811271029e-05	4.75848841125e-05	0.000420943205611	0.000124452773833	0.000142754652338	6.22263869164e-05	0.000541735603742	4.75848841125e-05	9.1509392524e-05	0.00091509392524	3.66037570096e-05	0.000435584708414	0.0356044744433	0.000183018785048	0.00490124306359	3.66037570096e-05	0.00612746892341	0.000702792134585	0.0139240691665	0.000296490431778	3.29433813087e-05	0.0122622585982	0.00771607197763	0.000541735603742	0.00206811227104	0.00517211086546	4.02641327106e-05	3.66037570096e-05	0.000377018697199	0.00392758312713	1.46415028038e-05	0.000893131671035	0.000677169504678	0	1.46415028038e-05	0	2.19622542058e-05	6.22263869164e-05	4.02641327106e-05	0.000270867801871	1.09811271029e-05	8.78490168231e-05	0	3.66037570096e-05	3.29433813087e-05	1.09811271029e-05	0.000193999912151	0.000435584708414	2.56226299067e-05	0.000183018785048	1.09811271029e-05	0.00015373577944	0.00034407531589	0.000369697945797	0.000168377282244	6.22263869164e-05	0.000402641327106	0.000991961814961	0.000124452773833	4.39245084115e-05	0.000120792398132	7.32075140192e-06	0	3.66037570096e-06	0.000333094188788	0.00352128142433	0.0030454325832	0.00370430020937	0.00218524429347	3.66037570096e-06	4.02641327106e-05	3.29433813087e-05	0.000256226299067	8.78490168231e-05	0.00030381118318	0.00015373577944	6.95471383183e-05	2.92830056077e-05	3.66037570096e-06
4.75848841125e-05	7.68678897202e-05	4.75848841125e-05	0	3.66037570096e-06	3.66037570096e-06	1.46415028038e-05	5.12452598135e-05	4.02641327106e-05	1.46415028038e-05	2.56226299067e-05	0.00204248964114	1.09811271029e-05	0.000150075403739	0.000168377282244	0	7.32075140192e-06	0.000183018785048	0.00449860173648	0.00286241379815	1.09811271029e-05	3.66037570096e-05	1.09811271029e-05	6.95471383183e-05	2.19622542058e-05	1.83018785048e-05	0.00306373446171	0.000336754564488	4.02641327106e-05	0.000281848928974	7.32075140192e-05	6.58867626173e-05	2.56226299067e-05	5.85660112154e-05	0.000556377106546	0	8.41886411221e-05	3.66037570096e-06	0	0	0	0	3.66037570096e-06	3.66037570096e-06	7.32075140192e-06	3.66037570096e-06	8.05282654212e-05	0	6.22263869164e-05	3.66037570096e-06	0	0	1.09811271029e-05	1.09811271029e-05	2.56226299067e-05	0	0	0	3.66037570096e-06	0	0.000117132022431	0.000109811271029	5.85660112154e-05	3.66037570096e-06	0	3.66037570096e-06	1.46415028038e-05	0	0	1.83018785048e-05	0.000307471558881	0.000497811095331	0.000629584620565	0.000193999912151	0	3.66037570096e-06	2.19622542058e-05	2.19622542058e-05	2.19622542058e-05	2.56226299067e-05	1.46415028038e-05	3.66037570096e-06	0	3.66037570096e-06
0.000150075403739	0.000801622278511	0.000772339272903	0	7.32075140192e-06	1.09811271029e-05	5.49056355144e-05	0.000124452773833	8.78490168231e-05	4.75848841125e-05	0.000109811271029	0.00320648911404	8.41886411221e-05	0.000307471558881	0.000446565835517	7.32075140192e-06	7.68678897202e-05	0.00490124306359	0.00286241379815	0.0189936895123	5.49056355144e-05	0.000318452685984	0.000109811271029	0.000629584620565	5.85660112154e-05	0.000106150895328	0.0131736921478	0.00287339492526	0.000117132022431	0.00083822603552	0.00030381118318	0.000146415028038	6.95471383183e-05	0.00015373577944	0.0030307910804	0	0.000819924157015	0.00011347164673	0	0	0	1.09811271029e-05	3.66037570096e-06	1.09811271029e-05	3.29433813087e-05	0	0.000314792310283	0	0.000128113149534	7.32075140192e-06	0	2.56226299067e-05	9.5169768225e-05	0.000150075403739	0.000373358321498	0	1.09811271029e-05	2.19622542058e-05	4.02641327106e-05	1.46415028038e-05	0.000322113061685	0.000732075140192	0.000673509128977	2.19622542058e-05	7.32075140192e-06	1.46415028038e-05	2.56226299067e-05	0	0	9.5169768225e-05	0.00184482935328	0.00253664036077	0.00269037614021	0.000768678897202	0	1.09811271029e-05	2.56226299067e-05	8.41886411221e-05	6.95471383183e-05	0.000168377282244	7.32075140192e-05	1.46415028038e-05	1.46415028038e-05	1.09811271029e-05
0.00210105565235	3.66037570096e-06	6.58867626173e-05	0	0.00893497708605	9.5169768225e-05	0.0034334324075	0.000662528001874	0.0011603390972	0.00091509392524	0.00997086340942	0.000241584796263	0.0148025593347	2.19622542058e-05	0.0034370927832	0.000351396067292	3.66037570096e-06	3.66037570096e-05	1.09811271029e-05	5.49056355144e-05	0.0256665544151	8.05282654212e-05	7.32075140192e-06	0.000106150895328	0.00423871506171	3.66037570096e-06	0.000124452773833	2.92830056077e-05	0.00269769689161	0.00399713026545	0.000230603669161	1.09811271029e-05	0.000215962166357	0.00132505600375	0.00211569715516	7.32075140192e-06	3.66037570096e-06	0	0	0.000274528177572	0	5.49056355144e-05	8.41886411221e-05	5.49056355144e-05	0.000567358233649	0.000102490519627	0	0.000237924420563	3.66037570096e-06	1.83018785048e-05	5.49056355144e-05	0	3.66037570096e-06	0	3.66037570096e-06	0.000208641414955	3.66037570096e-06	7.32075140192e-06	0	0.000640565747668	3.66037570096e-06	7.32075140192e-06	7.32075140192e-06	0.000234264044862	1.09811271029e-05	3.66037570096e-06	0	0	3.66037570096e-06	1.46415028038e-05	0.000563697857948	8.05282654212e-05	0.00134701825795	0.000333094188788	0.00064788649907	2.19622542058e-05	0	3.66037570096e-06	0	1.09811271029e-05	3.66037570096e-06	7.32075140192e-05	3.66037570096e-06	0
0.00349199841872	0.000289169680376	0.00802354353651	0	8.05282654212e-05	4.02641327106e-05	8.78490168231e-05	0.00263181012899	0.000516112973836	0.000757697770099	0.000201320663553	0.000117132022431	9.5169768225e-05	4.02641327106e-05	0.00282581004114	9.5169768225e-05	0.00476580916265	0.00612746892341	3.66037570096e-05	0.000318452685984	8.05282654212e-05	0.0573507664827	0.00386535674022	0.041446434062	0.00204615001684	2.56226299067e-05	0.00184116897758	0.00275626290282	0.00560403519817	0.00649716686921	0.0199783305759	2.92830056077e-05	6.58867626173e-05	0.00307837596451	0.00482437517387	9.1509392524e-05	0.000142754652338	0.000135433900936	0	3.66037570096e-05	0	4.39245084115e-05	0.000486829968228	0.000168377282244	0.00216328203927	3.66037570096e-05	4.02641327106e-05	1.09811271029e-05	7.32075140192e-06	0.000135433900936	3.66037570096e-05	0.001138376843	6.22263869164e-05	7.32075140192e-06	2.92830056077e-05	1.46415028038e-05	0.000552716730845	0.00173867845796	0.000435584708414	0.00118596172711	1.46415028038e-05	5.12452598135e-05	0.00030381118318	0.00123720698693	0.00022694329346	0.00105418820188	0	0	5.85660112154e-05	0.000362377194395	0.00392758312713	0.00143852765048	0.00477312991405	0.00284411191965	3.66037570096e-05	1.09811271029e-05	2.92830056077e-05	0.000538075228041	0.000109811271029	0.000285509304675	0.000157396155141	0.000186679160749	5.85660112154e-05	1.09811271029e-05
0.000336754564488	0.00423505468601	0.00199856513273	0	2.19622542058e-05	7.32075140192e-06	1.09811271029e-05	0.000948037306549	8.05282654212e-05	0.00385071523741	2.92830056077e-05	5.85660112154e-05	7.32075140192e-06	0.000135433900936	0.000333094188788	1.83018785048e-05	0.0111238817552	0.000702792134585	1.09811271029e-05	0.000109811271029	7.32075140192e-06	0.00386535674022	0.0267024407385	0.00618603493463	0.00523799762808	0.000241584796263	0.000746716642996	0.00940716555147	0.00230237631591	0.000611282742061	0.00251101773086	3.66037570096e-05	0	0.000307471558881	0.000765018521501	0.000124452773833	0.000472188465424	0.000450226211218	0	1.83018785048e-05	0	3.66037570096e-05	0.000600301614958	0.00019033953645	0.00368233795517	2.92830056077e-05	6.95471383183e-05	1.46415028038e-05	3.29433813087e-05	0.00015373577944	3.29433813087e-05	0.00362011156825	0.000208641414955	2.19622542058e-05	6.95471383183e-05	1.83018785048e-05	0.00125916924113	0.00728780802062	0.00193633874581	0.00192901799441	6.58867626173e-05	8.05282654212e-05	0.00161788605983	0.00184482935328	0.000285509304675	0.00167645207104	0	0	8.41886411221e-05	0.000885810919633	0.0015227162916	0.000977320312157	0.000695471383183	0.00049415071963	6.58867626173e-05	7.32075140192e-06	3.66037570096e-06	0.000944376930848	0.000259886674768	0.000472188465424	0.000263547050469	0.00022694329346	0.000120792398132	3.66037570096e-06
0.00500007320751	0.000706452510286	0.0251760640712	0	9.8830143926e-05	7.68678897202e-05	0.000117132022431	0.00440709234396	0.000772339272903	0.000669848753276	0.000263547050469	0.000307471558881	0.000142754652338	8.41886411221e-05	0.00411060191218	0.000201320663553	0.0103039575982	0.0139240691665	6.95471383183e-05	0.000629584620565	0.000106150895328	0.041446434062	0.00618603493463	0.0872487152081	0.00210837640375	4.39245084115e-05	0.00332728151217	0.0126539187982	0.00742324192155	0.00681195917949	0.0157798796468	3.29433813087e-05	0.000106150895328	0.00193267837011	0.00764652483931	8.05282654212e-05	0.000325773437386	0.000581999736453	0	5.12452598135e-05	3.66037570096e-06	0.000102490519627	0.00045754696262	0.000219622542058	0.00183018785048	4.75848841125e-05	9.1509392524e-05	1.83018785048e-05	1.83018785048e-05	0.000183018785048	6.22263869164e-05	0.00331264000937	0.000230603669161	2.19622542058e-05	9.5169768225e-05	2.19622542058e-05	0.00138728239066	0.00564795970658	0.00312962122432	0.00144950877758	3.66037570096e-05	0.000128113149534	0.00109079195889	0.00144584840188	0.000270867801871	0.0011530183458	0	0	5.85660112154e-05	0.000991961814961	0.00965607109914	0.00460475263181	0.00948037306549	0.0068558836879	4.02641327106e-05	5.12452598135e-05	5.49056355144e-05	0.00105784857758	0.000472188465424	0.000783320400006	0.000538075228041	0.000355056442993	0.000139094276637	1.46415028038e-05
0.00217426316637	0.000852867538324	0.000743056267295	0	0.00923878826923	6.95471383183e-05	0.000673509128977	0.00643128010659	0.000948037306549	0.00670946865986	0.00452422436639	0.000164716906543	0.00146048990468	4.75848841125e-05	0.00260984787479	0.000161056530842	0.00740860041875	0.000296490431778	2.19622542058e-05	5.85660112154e-05	0.00423871506171	0.00204615001684	0.00523799762808	0.00210837640375	0.0491917890452	2.92830056077e-05	0.000347735691591	0.00247075359815	0.0191254630375	0.00512086560565	0.00426067731592	1.46415028038e-05	7.32075140192e-05	0.00312962122432	0.0034187909047	0.000285509304675	0.000161056530842	9.1509392524e-05	0	0.00105784857758	0	0.000431924332714	0.00139460314207	0.0007613581458	0.00687418556641	0.000420943205611	5.49056355144e-05	0.000168377282244	1.09811271029e-05	0.000512452598135	0.00034407531589	0.000435584708414	8.78490168231e-05	1.09811271029e-05	5.12452598135e-05	0.000585660112154	0.000215962166357	0.000841886411221	0.000256226299067	0.00898622234586	1.83018785048e-05	5.49056355144e-05	0.000197660287852	0.00263181012899	0.000289169680376	0.000783320400006	0	0	5.12452598135e-05	0.000285509304675	0.00238656495703	0.000691811007482	0.00207543302245	0.00091143354954	0.000556377106546	2.92830056077e-05	1.09811271029e-05	0.000754037394398	7.68678897202e-05	0.000406301702807	0.000135433900936	0.000680829880379	0.000168377282244	1.09811271029e-05
7.32075140192e-06	0.00178992371777	7.32075140192e-06	0	0	0	3.66037570096e-06	3.66037570096e-06	7.32075140192e-06	5.49056355144e-05	3.66037570096e-06	0.000885810919633	3.66037570096e-06	0.00337486639629	2.92830056077e-05	3.66037570096e-06	5.12452598135e-05	3.29433813087e-05	1.83018785048e-05	0.000106150895328	3.66037570096e-06	2.56226299067e-05	0.000241584796263	4.39245084115e-05	2.92830056077e-05	0.00651546874771	0.00112007496449	0.00235728195142	1.09811271029e-05	6.58867626173e-05	1.09811271029e-05	0.000300150807479	0	7.32075140192e-06	0.000157396155141	0	0.000186679160749	3.66037570096e-06	0	0	0	7.32075140192e-06	0	3.66037570096e-06	7.32075140192e-06	3.66037570096e-06	0.000377018697199	3.66037570096e-06	0.000391660200003	3.66037570096e-06	3.66037570096e-06	1.09811271029e-05	3.66037570096e-06	2.56226299067e-05	2.56226299067e-05	0	3.66037570096e-06	2.19622542058e-05	1.09811271029e-05	7.32075140192e-06	0.000699131758884	0.000135433900936	0.00011347164673	3.66037570096e-06	0	0	4.02641327106e-05	0	0	4.02641327106e-05	6.58867626173e-05	0.00107981083178	0.000377018697199	2.19622542058e-05	0	0	0.000640565747668	0	7.32075140192e-05	5.49056355144e-05	1.09811271029e-05	7.32075140192e-06	0	4.02641327106e-05
0.000629584620565	0.00660331776454	0.0095242975739	0	4.75848841125e-05	2.92830056077e-05	0.000135433900936	0.000406301702807	0.000219622542058	0.000186679160749	0.000215962166357	0.00922048639072	0.000168377282244	0.00471456390284	0.00108347120748	3.66037570096e-05	0.000391660200003	0.0122622585982	0.00306373446171	0.0131736921478	0.000124452773833	0.00184116897758	0.000746716642996	0.00332728151217	0.000347735691591	0.00112007496449	0.0698399683744	0.0229834990263	0.000446565835517	0.00221452729908	0.00180090484487	0.00501105433462	0.000128113149534	0.000398980951405	0.00555278993836	7.32075140192e-06	0.0072292420094	0.00135067863365	0	1.09811271029e-05	0	6.22263869164e-05	5.85660112154e-05	6.58867626173e-05	0.000117132022431	7.32075140192e-06	0.00285143267105	0	0.00196196137572	4.02641327106e-05	3.66037570096e-05	0.000106150895328	0.000966339185054	0.00106882970468	0.00216328203927	7.32075140192e-06	0.000128113149534	0.000201320663553	0.00030381118318	0.000106150895328	0.00414354529349	0.00603229915519	0.00520871462247	8.78490168231e-05	3.29433813087e-05	6.58867626173e-05	0.000464867714022	0	0	0.000695471383183	0.00536611077761	0.00795765677389	0.00624094057014	0.00235362157572	1.09811271029e-05	2.92830056077e-05	0.000120792398132	0.000527094100939	0.000387999824302	0.000882150543932	0.000351396067292	0.000106150895328	5.12452598135e-05	7.68678897202e-05
0.000508792222434	0.017320897817	0.0233092724637	0	1.83018785048e-05	1.09811271029e-05	3.29433813087e-05	0.000889471295334	0.000124452773833	0.0011347164673	6.58867626173e-05	0.00117498060001	4.75848841125e-05	0.00525263913088	0.000567358233649	4.02641327106e-05	0.00672411016267	0.00771607197763	0.000336754564488	0.00287339492526	2.92830056077e-05	0.00275626290282	0.00940716555147	0.0126539187982	0.00247075359815	0.00235728195142	0.0229834990263	0.0854368292362	0.00194365949721	0.00102856557197	0.0015263766673	0.00239388570843	3.66037570096e-05	0.000347735691591	0.00312962122432	2.56226299067e-05	0.00817727931595	0.00329433813087	0	0	3.66037570096e-06	9.5169768225e-05	0.000146415028038	0.000139094276637	0.000318452685984	2.56226299067e-05	0.00194365949721	3.66037570096e-06	0.00156298042431	8.41886411221e-05	5.12452598135e-05	0.0026647535103	0.00254762148787	0.000497811095331	0.00133969750655	7.32075140192e-06	0.00126648999253	0.00527460138509	0.00396418688414	0.000300150807479	0.00319916836264	0.00374090396638	0.00822486420006	0.000358716818694	0.000150075403739	0.000296490431778	0.000307471558881	0	0	0.00222184805048	0.00650448762061	0.00634343108977	0.00360547006545	0.00236094232712	4.39245084115e-05	2.56226299067e-05	6.58867626173e-05	0.00142022577197	0.000673509128977	0.00165448981683	0.00072109401309	0.000263547050469	0.000157396155141	6.58867626173e-05
0.00626290282435	0.000208641414955	0.00326139474956	0	0.00741226079445	0.000128113149534	0.000907773173839	0.0291548924582	0.00207543302245	0.00382509260751	0.00690346857201	0.000292830056077	0.00100660331776	3.66037570096e-05	0.00605792178509	0.000179358409347	0.00274162140002	0.000541735603742	4.02641327106e-05	0.000117132022431	0.00269769689161	0.00560403519817	0.00230237631591	0.00742324192155	0.0191254630375	1.09811271029e-05	0.000446565835517	0.00194365949721	0.0652608383725	0.0103002972225	0.0155968608618	2.56226299067e-05	0.000212301790656	0.00604694065799	0.00627754432715	0.000420943205611	4.02641327106e-05	8.05282654212e-05	0	0.000658867626173	0	0.000622263869164	0.00172403695515	0.00111641458879	0.00897890159446	0.000395320575704	5.49056355144e-05	8.05282654212e-05	1.46415028038e-05	0.000746716642996	0.000355056442993	0.000424603581312	8.78490168231e-05	7.32075140192e-06	4.02641327106e-05	0.000311131934582	0.000252565923366	0.000618603493463	0.000322113061685	0.00662528001874	2.19622542058e-05	6.95471383183e-05	0.000168377282244	0.00290267793086	0.000475848841125	0.00072109401309	0	3.66037570096e-06	4.02641327106e-05	0.00034407531589	0.00375920584489	0.000995622190662	0.0038141114804	0.00174965958506	0.000377018697199	3.66037570096e-05	2.19622542058e-05	0.000999282566363	0.00011347164673	0.000501471471032	0.000186679160749	0.00107249008038	0.000252565923366	7.32075140192e-06
0.0182689351235	0.000139094276637	0.00352128142433	0	0.00222184805048	0.00221452729908	0.00405935665237	0.0135982957291	0.00758795882809	0.000929735428044	0.00847743012343	0.00333460226358	0.00481705442247	0.000406301702807	0.0342574561853	0.000585660112154	0.000523433725238	0.00206811227104	0.000281848928974	0.00083822603552	0.00399713026545	0.00649716686921	0.000611282742061	0.00681195917949	0.00512086560565	6.58867626173e-05	0.00221452729908	0.00102856557197	0.0103002972225	0.0730318159856	0.0215376506245	0.000161056530842	0.00525263913088	0.0213582922151	0.0277456478133	0.000204981039254	8.41886411221e-05	8.05282654212e-05	0	0.000150075403739	0	0.000270867801871	0.0007613581458	0.000479509216826	0.00332362113647	0.000124452773833	4.75848841125e-05	3.66037570096e-05	2.92830056077e-05	0.000366037570096	0.000146415028038	0.000204981039254	4.75848841125e-05	3.66037570096e-06	2.92830056077e-05	6.22263869164e-05	9.8830143926e-05	0.000204981039254	0.000131773525235	0.00241218758693	5.12452598135e-05	5.12452598135e-05	0.000139094276637	0.00121890510842	0.000234264044862	0.00034407531589	3.66037570096e-06	0	2.92830056077e-05	0.000193999912151	0.00703158172155	0.00162520681123	0.0177162183927	0.00556011068976	0.000527094100939	0.00079796190281	0.000117132022431	0.000483169592527	5.85660112154e-05	0.000281848928974	0.00015373577944	0.000574678985051	0.000146415028038	1.09811271029e-05
