8334	0	308	0	19	2	243	1809	2665	11	520	758	1186	38	6066	1	1	55	259	291	1372	578	0	1143	300	0	302	153	1446	5871	4662	3	67	602	2044	0	0	0	0	5	0	0	1	0	22	34	1	20	0	1	1	0	0	0	0	31	15	3	33	21	0	0	0	6	0	0	0	0	0	1	92	3	908	234	60	5	1	10	2	1	0	1	0	0
0	5712	201	0	0	2	0	0	0	927	0	6	0	249	0	32	183	41	0	13	0	0	1339	54	762	1348	892	5119	3	1	0	3	0	1	57	0	2491	107	0	2	0	0	1	0	19	0	12	0	30	0	0	32	37	0	4	0	28	475	114	22	88	64	2515	14	0	0	3	0	2	2	26	2	44	33	33	1	0	103	33	43	27	0	0	0
308	201	10529	0	0	2	1	142	44	1	1	317	42	6	263	0	8	2050	156	170	44	618	11	4430	24	0	2158	5669	141	313	609	1	1	37	548	0	349	667	0	0	0	0	11	0	25	2	2	0	1	1	1	3	177	0	43	0	322	345	903	21	6	124	1423	40	0	2	0	0	0	40	619	62	1091	596	51	7	0	319	45	27	18	4	0	0
0	0	0	0	0	0	0	0	0	0	0	0	0	0	0	0	0	0	0	0	0	0	0	0	0	0	0	0	0	0	0	0	0	0	0	0	0	0	0	0	0	0	0	0	0	0	0	0	0	0	0	0	0	0	0	0	0	0	0	0	0	0	0	0	0	0	0	0	0	0	0	0	0	0	0	0	0	0	0	0	0	0	0	0
19	0	0	0	4951	157	130	3	163	55	205	131	986	38	142	261	0	0	15	8	1743	1	0	0	2221	0	16	0	1638	210	0	0	3	77	206	0	0	0	0	1402	3	57	8	5	1345	1437	31	1088	0	1	35	0	0	4	7	1763	0	0	1	1332	0	0	0	569	2	0	0	0	0	21	363	0	53	7	672	0	1	5	1	38	1	7	0	0
2	2	2	0	157	1630	741	27	241	103	9	1	173	12	102	663	5	0	0	1	144	4	2	30	184	0	1	2	81	49	9	0	293	24	106	0	0	0	0	51	8	159	0	42	200	81	37	180	0	7	4	0	0	13	29	83	1	0	0	37	0	0	0	16	0	0	0	0	0	46	651	1	168	76	1045	37	2	10	6	61	8	12	3	3
243	0	1	0	130	741	10079	874	5740	121	1814	508	2970	557	2778	411	0	5	7	9	931	51	1	190	188	0	18	2	611	1622	265	3	485	553	1712	0	1	0	0	80	11	64	17	22	275	179	84	112	0	6	28	0	0	22	21	169	0	0	1	263	0	0	2	67	3	0	0	1	0	47	427	5	824	219	865	496	32	129	34	156	62	111	10	22
1809	0	142	0	3	27	874	8451	1924	28	749	121	7	19	1668	14	0	12	50	24	41	382	0	775	225	0	57	25	3553	2269	3555	0	11	1318	1154	0	0	0	0	7	0	0	0	0	15	1	3	2	0	0	1	0	0	0	0	1	0	1	2	12	0	0	0	9	0	0	0	0	0	0	45	5	473	66	35	25	0	12	2	3	0	4	0	2
2665	0	44	0	163	241	5740	1924	14457	310	1407	1729	3256	1455	9874	133	1	10	69	23	2196	97	11	412	551	0	133	16	1322	5915	1118	16	730	1788	5292	1	3	0	0	168	17	135	59	48	830	323	299	211	1	20	105	0	0	72	66	292	1	0	4	818	1	6	7	244	16	0	0	12	0	190	428	42	2960	640	472	868	94	360	122	560	208	480	22	50
11	927	1	0	55	103	121	28	310	4733	21	14	781	105	289	596	246	0	2	9	54	128	1613	67	2327	565	157	808	242	520	10	0	8	438	823	29	29	0	0	203	2	8	17	10	979	201	89	90	3	9	20	105	1	16	17	176	1	327	8	864	13	9	78	438	33	0	0	0	0	52	396	37	749	279	597	134	1	118	26	128	3	110	0	0
520	0	1	0	205	9	1814	749	1407	21	6151	292	1162	47	983	6	0	2	102	111	1860	0	0	4	33	0	159	5	1104	1025	9	1	23	503	840	0	1	0	0	114	0	4	2	1	571	791	15	498	0	1	5	0	0	2	1	769	0	0	0	688	0	0	1	45	2	0	0	0	0	13	47	4	355	33	16	18	5	12	5	24	4	27	0	1
758	6	317	0	131	1	508	121	1729	14	292	10818	2086	3094	3967	29	8	162	2056	2099	1721	31	1	356	248	140	3685	557	493	5136	241	437	242	705	6909	0	37	4	0	79	0	13	15	12	195	168	280	54	109	3	88	0	1	51	47	149	21	48	51	259	44	61	116	98	16	0	2	0	0	211	878	314	2164	901	94	13	42	213	51	392	84	487	0	3
1186	0	42	0	986	173	2970	7	3256	781	1162	2086	11046	662	4478	788	0	2	463	209	5747	2	0	27	1257	0	480	51	227	3216	7	56	158	109	2970	0	1	1	0	231	7	109	15	14	505	533	76	525	0	5	85	0	0	17	15	673	1	2	4	472	0	0	5	63	5	0	0	0	1	53	551	12	720	148	870	39	23	47	29	127	40	111	1	13
38	249	6	0	38	12	557	19	1455	105	47	3094	662	9789	1843	28	10	0	6	26	309	1	79	31	110	2359	3121	3223	43	1980	44	1561	247	88	2473	0	462	15	0	27	37	186	8	110	59	49	793	165	1865	18	139	0	1	25	23	57	4	9	12	89	1239	961	1042	31	27	0	97	29	0	79	280	137	1181	618	66	364	399	125	285	610	406	290	115	186
6066	0	263	0	142	102	2778	1668	9874	289	983	3967	4478	1843	18005	94	2	86	655	378	3587	423	11	1021	744	0	874	186	1495	12406	3616	133	911	2309	8362	1	5	2	0	168	12	137	65	49	769	341	526	242	1	19	222	0	0	104	94	305	11	4	25	860	1	6	15	256	22	0	0	12	0	353	473	45	3623	743	379	518	110	509	158	878	290	898	19	52
1	32	0	0	261	663	411	14	133	596	6	29	788	28	94	2772	5	1	0	2	280	54	176	46	444	18	9	30	288	95	2	2	15	128	678	9	1	0	0	68	9	229	13	55	523	118	50	292	1	10	5	1	0	22	47	138	19	2	8	171	1	6	9	216	1	0	0	0	0	69	690	3	763	714	1922	19	3	95	13	80	7	26	1	0
1	183	8	0	0	5	0	0	1	246	0	8	0	10	2	5	5497	3	1	14	0	931	3131	1026	963	60	50	881	677	4	1	0	0	2	16	16	15	0	0	0	0	0	21	0	822	5	1	0	2	8	0	1700	7	7	8	0	687	2651	1684	782	2	20	40	927	0	3	0	0	0	5	195	90	94	62	35	2	0	157	99	3	0	1	0	0
55	41	2050	0	0	0	5	12	10	0	2	162	2	0	86	1	3	6725	50	1095	5	556	0	2600	16	0	1195	1707	149	373	805	0	0	126	1809	0	83	20	0	1	0	0	2	0	4	1	0	0	0	0	0	0	6	0	16	0	79	42	148	1	0	60	146	7	0	0	0	0	0	8	146	101	371	101	12	2	0	58	17	3	2	0	0	0
259	0	156	0	15	0	7	50	69	2	102	2056	463	6	655	0	1	50	2712	889	522	5	0	123	97	0	1008	161	218	1110	86	2	4	400	1515	0	0	1	0	22	0	0	1	1	57	54	43	11	0	1	0	0	0	10	9	42	8	33	23	55	0	0	20	32	5	0	0	0	0	41	255	22	850	446	0	0	2	20	10	50	0	55	0	0
291	13	170	0	8	1	9	24	23	9	111	2099	209	26	378	2	14	1095	889	6742	315	32	3	324	37	4	4235	791	158	601	124	6	0	237	2972	0	69	8	0	2	0	1	8	1	75	26	8	3	14	0	1	0	14	29	65	22	18	15	42	17	5	728	191	73	0	0	3	0	0	5	1230	630	1085	538	0	1	0	73	25	14	5	5	0	0
1372	0	44	0	1743	144	931	41	2196	54	1860	1721	5747	309	3587	280	0	5	522	315	9476	2	0	27	1111	0	542	59	828	3116	18	41	73	264	2582	0	2	1	0	563	4	103	20	10	1047	1607	93	1139	0	9	37	0	0	16	20	1838	0	2	5	1158	0	0	9	104	4	0	0	0	0	67	525	14	701	179	516	39	22	65	20	118	16	104	1	5
578	0	618	0	1	4	51	382	97	128	0	31	2	1	423	54	931	556	5	32	2	11723	764	7523	354	0	48	205	2920	1205	2951	0	0	821	2056	0	11	4	0	2	0	0	1	0	425	3	1	0	0	1	0	627	3	2	5	1	311	1147	110	638	0	15	20	1521	0	0	0	0	0	1	407	152	1151	508	281	21	2	85	22	5	1	1	0	0
0	1339	11	0	0	2	1	0	11	1613	0	1	0	79	11	176	3131	0	0	3	0	764	7867	1050	1766	567	187	3325	324	31	1	0	0	39	302	21	64	0	0	3	0	0	24	0	875	4	7	1	0	8	0	2575	5	3	6	1	593	3957	1285	1159	15	16	942	1035	0	2	0	0	0	4	95	36	220	195	176	16	0	181	71	9	8	4	0	0
1143	54	4430	0	0	30	190	775	412	67	4	356	27	31	1021	46	1026	2600	123	324	27	7523	1050	22668	254	23	734	3804	1230	2033	3678	0	1	995	2965	0	42	51	0	4	0	1	7	0	39	4	2	1	0	1	0	1248	20	4	9	2	832	2610	2574	463	0	46	272	548	1	1	0	0	0	14	1795	471	3924	1853	947	32	5	292	31	57	26	4	0	0
300	762	24	0	2221	184	188	225	551	2327	33	248	1257	110	744	444	963	16	97	37	1111	354	1766	254	9779	404	242	812	2077	1913	589	10	16	1815	2440	27	27	0	0	891	3	21	25	4	2057	867	54	670	0	9	27	4	7	12	15	1021	5	258	24	1656	8	17	39	1081	14	3	0	0	0	35	806	74	1482	530	992	171	4	212	112	56	1	50	0	0
0	1348	0	0	0	0	0	0	0	565	0	140	0	2359	0	18	60	0	0	4	0	0	567	23	404	4821	2033	2918	0	0	0	104	0	0	31	0	1171	35	0	0	0	0	1	2	3	0	264	0	953	2	0	0	0	4	3	0	4	5	6	6	1152	510	1549	7	6	0	46	2	0	6	6	4	21	20	18	0	0	8	71	32	6	0	0	70
302	892	2158	0	16	1	18	57	133	157	159	3685	480	3121	874	9	50	1195	1008	4235	542	48	187	734	242	2033	26402	8555	239	1372	110	1105	7	451	3307	2	3191	338	0	14	0	6	35	6	131	66	720	21	2314	9	27	1	285	154	356	54	73	45	154	101	1655	5771	5539	163	7	7	158	0	0	145	2037	1237	2155	1172	14	9	22	740	479	297	74	167	0	14
153	5119	5669	0	0	2	2	25	16	808	5	557	51	3223	186	30	881	1707	161	791	59	205	3325	3804	812	2918	8555	28817	97	268	249	793	2	92	1571	1	5627	875	0	8	0	0	28	1	115	12	372	0	1719	12	6	1207	256	20	103	3	461	3312	1815	76	1666	1983	8310	107	1	4	105	0	2	74	1780	165	1243	568	38	15	5	789	314	179	93	25	0	13
1446	3	141	0	1638	81	611	3553	1322	242	1104	493	227	43	1495	288	677	149	218	158	828	2920	324	1230	2077	0	239	97	15883	3989	3957	2	18	3091	4566	1	11	6	0	1142	2	23	5	2	2512	1413	30	920	2	2	22	149	4	7	8	1612	131	471	73	2235	0	19	25	2315	5	1	0	0	0	23	792	157	1846	488	489	145	1	144	63	39	3	35	0	0
5871	1	313	0	210	49	1622	2269	5915	520	1025	5136	3216	1980	12406	95	4	373	1110	601	3116	1205	31	2033	1913	0	1372	268	3989	22448	6498	153	744	7313	14980	2	7	8	0	307	24	175	148	66	1509	783	934	380	1	28	261	0	0	209	183	674	20	7	47	1585	0	6	35	512	76	0	0	6	0	712	1197	113	6544	1332	355	694	155	978	227	1441	340	1603	32	26
4662	0	609	0	0	9	265	3555	1118	10	9	241	7	44	3616	2	1	805	86	124	18	2951	1	3678	589	0	110	249	3957	6498	13189	0	19	2377	4365	0	0	2	0	1	0	2	0	0	7	0	2	2	0	0	1	0	0	0	0	1	19	4	47	6	0	0	3	7	0	0	0	0	0	1	126	3	1354	216	77	17	2	14	3	4	3	1	0	1
3	3	1	0	0	0	3	0	16	0	1	437	56	1561	133	2	0	0	2	6	41	0	0	0	10	104	1105	793	2	153	0	1689	1	11	177	0	84	0	0	0	0	3	0	2	8	0	58	6	179	0	18	0	0	10	9	0	1	3	3	19	162	155	208	6	0	0	0	0	0	26	23	24	81	18	2	1	1	30	13	53	12	75	0	2
67	0	1	0	3	293	485	11	730	8	23	242	158	247	911	15	0	0	4	0	73	0	0	1	16	0	7	2	18	744	19	1	1836	65	612	0	0	0	0	4	20	73	0	26	15	6	25	53	0	1	40	0	0	1	1	11	0	0	0	20	0	0	0	12	4	0	0	3	0	13	56	9	233	95	54	202	7	39	13	114	91	59	23	5
602	1	37	0	77	24	553	1318	1788	438	503	705	109	88	2309	128	2	126	400	237	264	821	39	995	1815	0	451	92	3091	7313	2377	11	65	9293	8299	15	34	5	0	144	2	14	147	17	1263	243	272	65	1	19	24	1	0	75	68	202	8	9	22	937	0	16	47	762	38	0	0	0	0	215	741	73	4337	1110	243	647	9	687	95	378	8	501	0	1
2044	57	548	0	206	106	1712	1154	5292	823	840	6909	2970	2473	8362	678	16	1809	1515	2972	2582	2056	302	2965	2440	31	3307	1571	4566	14980	4365	177	612	8299	27659	24	173	79	0	314	30	204	303	84	2244	749	944	378	21	40	249	1	20	212	258	633	97	21	128	1866	15	253	335	1327	86	0	0	12	0	703	2530	434	11591	3454	987	1500	198	1425	297	1510	384	1569	37	55
0	0	0	0	0	0	0	0	1	29	0	0	0	0	1	9	16	0	0	0	0	0	21	0	27	0	2	1	1	2	0	0	0	15	24	5324	3	0	0	14	0	19	3013	748	87	1065	2	0	0	2855	0	0	0	1	0	2	1020	4	272	818	1	0	3	955	2078	655	0	0	30	375	1	0	23	22	10	9	0	69	10	18	6	1	0	0
0	2491	349	0	0	0	1	0	3	29	1	37	1	462	5	1	15	83	0	69	2	11	64	42	27	1171	3191	5627	11	7	0	84	0	34	173	3	9650	191	0	4	0	1	14	2	900	4	48	0	477	6	1	26	90	1	56	1	47	1363	113	928	936	1136	7967	72	3	4	7	0	1	26	386	128	92	16	1	2	0	519	248	131	52	2	0	0
0	107	667	0	0	0	0	0	0	0	0	4	1	15	2	0	0	20	1	8	1	4	0	51	0	35	338	875	6	8	2	0	0	5	79	0	191	6009	0	1	0	0	0	0	2	1	2	0	1	0	0	1	1676	1	200	0	28	100	2037	2	1	1286	2936	4	0	0	0	0	0	32	95	40	17	2	0	0	0	49	36	6	0	2	0	0
0	0	0	0	0	0	0	0	0	0	0	0	0	0	0	0	0	0	0	0	0	0	0	0	0	0	0	0	0	0	0	0	0	0	0	0	0	0	0	0	0	0	0	0	0	0	0	0	0	0	0	0	0	0	0	0	0	0	0	0	0	0	0	0	0	0	0	0	0	0	0	0	0	0	0	0	0	0	0	0	0	0	0	0
5	2	0	0	1402	51	80	7	168	203	114	79	231	27	168	68	0	1	22	2	563	2	3	4	891	0	14	8	1142	307	1	0	4	144	314	14	4	1	0	5684	11	176	27	65	2360	2524	384	1426	2	11	367	0	0	58	77	3045	0	0	4	3309	0	5	8	1868	16	1	0	2	0	177	115	5	264	31	147	28	4	270	66	576	20	265	9	13
0	0	0	0	3	8	11	0	17	2	0	0	7	37	12	9	0	0	0	0	4	0	0	0	3	0	0	0	2	24	0	0	20	2	30	0	0	0	0	11	1242	798	5	226	21	104	0	124	0	12	488	0	0	0	0	35	0	0	0	5	0	0	0	17	1	0	0	51	0	16	13	0	36	24	10	24	6	48	2	97	88	337	547	5
0	0	0	0	57	159	64	0	135	8	4	13	109	186	137	229	0	0	0	1	103	0	0	1	21	0	6	0	23	175	2	3	73	14	204	19	1	0	0	176	798	10809	524	4029	377	4487	500	3793	3	514	1821	0	0	110	213	1112	15	0	12	46	0	9	6	73	22	10	0	18	2	416	337	0	223	137	316	96	66	347	106	1000	315	1272	334	29
1	1	11	0	8	0	17	0	59	17	2	15	15	8	65	13	21	2	1	8	20	1	24	7	25	1	35	28	5	148	0	0	0	147	303	3013	14	0	0	27	5	524	18624	2097	87	7197	1040	36	3	6940	35	0	3	68	343	367	2803	3	2120	754	0	31	37	6692	1463	3409	0	0	50	1939	164	20	218	37	18	23	3	393	148	1555	92	233	4	14
0	0	0	0	5	42	22	0	48	10	1	12	14	110	49	55	0	0	1	1	10	0	0	0	4	2	6	1	2	66	0	2	26	17	84	748	2	0	0	65	226	4029	2097	8287	102	3940	36	818	9	3581	432	0	0	5	14	382	433	0	301	165	0	7	11	180	398	152	0	121	10	309	75	0	120	45	68	45	52	243	37	393	189	637	187	33
22	19	25	0	1345	200	275	15	830	979	571	195	505	59	769	523	822	4	57	75	1047	425	875	39	2057	3	131	115	2512	1509	7	8	15	1263	2244	87	900	2	0	2360	21	377	87	102	10046	3126	306	3049	24	48	690	16	10	95	119	3534	9	1580	34	7630	94	45	795	2671	77	5	0	0	0	259	795	41	2041	803	709	494	3	1030	196	454	13	538	5	1
34	0	2	0	1437	81	179	1	323	201	791	168	533	49	341	118	5	1	54	26	1607	3	4	4	867	0	66	12	1413	783	0	0	6	243	749	1065	4	1	0	2524	104	4487	7197	3940	3126	22429	2315	4388	5	5154	344	0	0	260	1048	7094	741	4	564	3336	0	35	24	2129	827	603	0	3	4	2268	252	3	627	111	207	58	12	480	128	3190	71	438	46	31
1	12	2	0	31	37	84	3	299	89	15	280	76	793	526	50	1	0	43	8	93	1	7	2	54	264	720	372	30	934	2	58	25	272	944	2	48	2	0	384	0	500	1040	36	306	2315	11647	868	1457	337	144	0	4	1037	1924	1359	16	2	54	881	429	481	183	758	501	2	152	6	2	3212	149	107	720	168	79	129	24	670	2952	7016	291	1562	0	753
20	0	0	0	1088	180	112	2	211	90	498	54	525	165	242	292	0	0	11	3	1139	0	1	1	670	0	21	0	920	380	2	6	53	65	378	0	0	0	0	1426	124	3793	36	818	3049	4388	868	11011	4	35	1846	0	0	182	378	5283	4	0	6	3048	0	5	3	453	14	1	0	1	2	720	489	0	363	153	419	89	63	266	111	1417	253	541	32	30
0	30	1	0	0	0	0	0	1	3	0	109	0	1865	1	1	2	0	0	14	0	0	0	0	0	953	2314	1719	2	1	0	179	0	1	21	0	477	1	0	2	0	3	3	9	24	5	1457	4	5227	9	1	0	2	46	5	2	1	65	2	34	2291	1735	1993	10	17	0	258	3	0	14	3	56	3	2	1	1	0	26	477	191	13	5	0	429
1	0	1	0	1	7	6	0	20	9	1	3	5	18	19	10	8	0	1	0	9	1	8	1	9	2	9	12	2	28	0	0	1	19	40	2855	6	0	0	11	12	514	6940	3581	48	5154	337	35	9	10777	10	0	3	22	171	530	1654	4	1322	203	1	21	24	936	2047	1407	0	31	12	993	13	0	44	15	14	12	8	184	84	528	79	92	6	54
1	0	1	0	35	4	28	1	105	20	5	88	85	139	222	5	0	0	0	1	37	0	0	0	27	0	27	6	22	261	1	18	40	24	249	0	1	0	0	367	488	1821	35	432	690	344	144	1846	1	10	3770	0	1	16	13	578	4	0	3	615	0	0	0	107	17	0	0	8	0	53	69	3	181	84	17	55	43	447	27	402	233	1237	154	6
0	32	3	0	0	0	0	0	0	105	0	0	0	0	0	1	1700	0	0	0	0	627	2575	1248	4	0	1	1207	149	0	0	0	0	1	1	0	26	1	0	0	0	0	0	0	16	0	0	0	0	0	0	5406	0	0	1	0	688	4565	1860	967	0	2	1175	421	0	0	0	0	0	0	3	3	2	2	2	0	0	74	3	2	0	0	0	0
0	37	177	0	0	0	0	0	0	1	0	1	0	1	0	0	7	6	0	14	0	3	5	20	7	0	285	256	4	0	0	0	0	0	20	0	90	1676	0	0	0	0	3	0	10	0	4	0	2	3	1	0	4105	3	816	0	16	35	1246	4	0	865	1327	20	0	3	0	0	0	77	16	48	1	1	0	0	0	218	198	54	30	0	0	0
0	0	0	0	4	13	22	0	72	16	2	51	17	25	104	22	7	0	10	29	16	2	3	4	12	4	154	20	7	209	0	10	1	75	212	1	1	1	0	58	0	110	68	5	95	260	1037	182	46	22	16	0	3	2207	778	167	10	3	12	165	9	274	47	83	10	2	2	0	4	731	54	2	174	21	31	21	1	182	640	1049	69	268	0	1
0	4	43	0	7	29	21	0	66	17	1	47	15	23	94	47	8	16	9	65	20	5	6	9	15	3	356	103	8	183	0	9	1	68	258	0	56	200	0	77	0	213	343	14	119	1048	1924	378	5	171	13	1	816	778	5869	496	29	5	94	171	0	1711	423	203	5	18	0	0	1	2216	83	60	179	35	68	21	1	649	642	2571	167	239	0	2
31	0	0	0	1763	83	169	1	292	176	769	149	673	57	305	138	0	0	42	22	1838	1	1	2	1021	0	54	3	1612	674	1	0	11	202	633	2	1	0	0	3045	35	1112	367	382	3534	7094	1359	5283	2	530	578	0	0	167	496	10347	1	1	4	3750	0	12	5	918	76	0	0	1	1	981	262	0	518	109	242	65	16	256	80	1755	57	311	14	17
15	28	322	0	0	1	0	0	1	1	0	21	1	4	11	19	687	79	8	18	0	311	593	832	5	4	73	461	131	20	19	1	0	8	97	1020	47	28	0	0	0	15	2803	433	9	741	16	4	1	1654	4	688	16	10	29	1	14256	1021	5663	187	1	51	536	2445	1321	3796	0	0	917	2380	254	77	157	115	60	5	0	1772	239	812	550	1	0	3
3	475	345	0	0	0	0	1	0	327	0	48	2	9	4	2	2651	42	33	15	2	1147	3957	2610	258	5	45	3312	471	7	4	3	0	9	21	4	1363	100	0	0	0	0	3	0	1580	4	2	0	65	4	0	4565	35	3	5	1	1021	10958	3495	2820	217	50	3163	1218	4	0	0	0	2	19	160	18	83	70	12	3	0	195	37	56	53	0	0	0
33	114	903	0	1	0	1	2	4	8	0	51	4	12	25	8	1684	148	23	42	5	110	1285	2574	24	6	154	1815	73	47	47	3	0	22	128	272	113	2037	0	4	0	12	2120	301	34	564	54	6	2	1322	3	1860	1246	12	94	4	5663	3495	18258	118	1	259	2694	945	40	1414	0	0	48	502	447	49	220	156	59	7	0	3075	1169	311	273	4	0	2
21	22	21	0	1332	37	263	12	818	864	688	259	472	89	860	171	782	1	55	17	1158	638	1159	463	1656	6	101	76	2235	1585	6	19	20	937	1866	818	928	2	0	3309	5	46	754	165	7630	3336	881	3048	34	203	615	967	4	165	171	3750	187	2820	118	14973	103	38	1035	4780	549	25	0	0	34	579	277	20	1705	455	248	338	4	1292	263	1312	224	1096	0	25
0	88	6	0	0	0	0	0	1	13	0	44	0	1239	1	1	2	0	0	5	0	0	15	0	8	1152	1655	1666	0	0	0	162	0	0	15	1	936	1	0	0	0	0	0	0	94	0	429	0	2291	1	0	0	0	9	0	0	1	217	1	103	3401	1106	1835	2	2	0	88	0	0	0	5	10	2	2	1	0	0	7	110	25	2	0	0	107
0	64	124	0	0	0	0	0	6	9	0	61	0	961	6	6	20	60	0	728	0	15	16	46	17	510	5771	1983	19	6	0	155	0	16	253	0	1136	1286	0	5	0	9	31	7	45	35	481	5	1735	21	0	2	865	274	1711	12	51	50	259	38	1106	15176	4674	84	1	14	176	0	2	529	255	216	47	17	10	1	0	1120	1069	995	340	7	0	26
0	2515	1423	0	0	0	2	0	7	78	1	116	5	1042	15	9	40	146	20	191	9	20	942	272	39	1549	5539	8310	25	35	3	208	0	47	335	3	7967	2936	0	8	0	6	37	11	795	24	183	3	1993	24	0	1175	1327	47	423	5	536	3163	2694	1035	1835	4674	24538	158	3	16	61	0	2	307	636	229	187	76	20	3	0	1815	854	644	248	12	0	30
6	14	40	0	569	16	67	9	244	438	45	98	63	31	256	216	927	7	32	73	104	1521	1035	548	1081	7	163	107	2315	512	7	6	12	762	1327	955	72	4	0	1868	17	73	6692	180	2671	2129	758	453	10	936	107	421	20	83	203	918	2445	1218	945	4780	2	84	158	17815	580	2268	0	1	23	1084	628	127	1118	493	200	151	5	1944	366	1579	299	430	10	33
0	0	0	0	2	0	3	0	16	33	2	16	5	27	22	1	0	0	5	0	4	0	0	1	14	6	7	1	5	76	0	0	4	38	86	2078	3	0	0	16	1	22	1463	398	77	827	501	14	17	2047	17	0	0	10	5	76	1321	4	40	549	2	1	3	580	6232	1255	0	130	521	1205	1	0	69	25	5	15	13	90	186	635	73	147	21	79
0	0	2	0	0	0	0	0	0	0	0	0	0	0	0	0	3	0	0	0	0	0	2	1	3	0	7	4	1	0	0	0	0	0	0	655	4	0	0	1	0	10	3409	152	5	603	2	1	0	1407	0	0	3	2	18	0	3796	0	1414	25	0	14	16	2268	1255	7851	0	0	318	1435	1	0	1	1	1	0	0	111	13	196	52	0	0	0
0	3	0	0	0	0	0	0	0	0	0	2	0	97	0	0	0	0	0	3	0	0	0	0	0	46	158	105	0	0	0	0	0	0	0	0	7	0	0	0	0	0	0	0	0	0	152	0	258	0	0	0	0	2	0	0	0	0	0	0	88	176	61	0	0	0	314	0	0	0	0	7	0	0	0	0	0	0	29	3	0	0	0	7
0	0	0	0	0	0	1	0	12	0	0	0	0	29	12	0	0	0	0	0	0	0	0	0	0	2	0	0	0	6	0	0	3	0	12	0	0	0	0	2	51	18	0	121	0	3	6	1	3	31	8	0	0	0	0	1	0	0	0	0	0	0	0	1	130	0	0	367	0	194	0	0	30	12	0	11	20	2	2	53	47	6	192	14
0	2	0	0	0	0	0	0	0	0	0	0	1	0	0	0	0	0	0	0	0	0	0	0	0	0	0	2	0	0	0	0	0	0	0	30	1	0	0	0	0	2	50	10	0	4	2	2	0	12	0	0	0	4	1	1	917	2	48	34	0	2	2	23	521	318	0	0	1053	672	0	0	0	0	0	0	0	8	8	43	53	0	0	0
1	2	40	0	21	46	47	0	190	52	13	211	53	79	353	69	5	8	41	5	67	1	4	14	35	6	145	74	23	712	1	26	13	215	703	375	26	32	0	177	16	416	1939	309	259	2268	3212	720	14	993	53	0	77	731	2216	981	2380	19	502	579	0	529	307	1084	1205	1435	0	194	672	9319	153	7	545	74	106	58	7	540	648	5061	221	1075	121	27
92	26	619	0	363	651	427	45	428	396	47	878	551	280	473	690	195	146	255	1230	525	407	95	1795	806	6	2037	1780	792	1197	126	23	56	741	2530	1	386	95	0	115	13	337	164	75	795	252	149	489	3	13	69	3	16	54	83	262	254	160	447	277	5	255	636	628	1	1	0	0	0	153	11889	1367	3320	1310	1456	212	79	494	55	231	35	196	2	1
3	2	62	0	0	1	5	5	42	37	4	314	12	137	45	3	90	101	22	630	14	152	36	471	74	4	1237	165	157	113	3	24	9	73	434	0	128	40	0	5	0	0	20	0	41	3	107	0	56	0	3	3	48	2	60	0	77	18	49	20	10	216	229	127	0	0	7	0	0	7	1367	3180	336	79	2	28	63	68	107	12	1	17	0	6
908	44	1091	0	53	168	824	473	2960	749	355	2164	720	1181	3623	763	94	371	850	1085	701	1151	220	3924	1482	21	2155	1243	1846	6544	1354	81	233	4337	11591	23	92	17	0	264	36	223	218	120	2041	627	720	363	3	44	181	2	1	174	179	518	157	83	220	1705	2	47	187	1118	69	1	0	30	0	545	3320	336	17552	6545	2091	1458	509	1285	257	1328	435	1147	109	68
234	33	596	0	7	76	219	66	640	279	33	901	148	618	743	714	62	101	446	538	179	508	195	1853	530	20	1172	568	488	1332	216	18	95	1110	3454	22	16	2	0	31	24	137	37	45	803	111	168	153	2	15	84	2	1	21	35	109	115	70	156	455	2	17	76	493	25	1	0	12	0	74	1310	79	6545	6659	1820	995	237	477	111	430	240	210	29	59
60	33	51	0	672	1045	865	35	472	597	16	94	870	66	379	1922	35	12	0	0	516	281	176	947	992	18	14	38	489	355	77	2	54	243	987	10	1	0	0	147	10	316	18	68	709	207	79	419	1	14	17	2	0	31	68	242	60	12	59	248	1	10	20	200	5	1	0	0	0	106	1456	2	2091	1820	5557	239	7	178	16	159	19	40	2	1
5	1	7	0	0	37	496	25	868	134	18	13	39	364	518	19	2	2	0	1	39	21	16	32	171	0	9	15	145	694	17	1	202	647	1500	9	2	0	0	28	24	96	23	45	494	58	129	89	1	12	55	0	0	21	21	65	5	3	7	338	0	1	3	151	15	0	0	11	0	58	212	28	1458	995	239	1796	41	293	80	298	163	175	28	50
1	0	0	0	1	2	32	0	94	1	5	42	23	399	110	3	0	0	2	0	22	2	0	5	4	0	22	5	1	155	2	1	7	9	198	0	0	0	0	4	6	66	3	52	3	12	24	63	0	8	43	0	0	1	1	16	0	0	0	4	0	0	0	5	13	0	0	20	0	7	79	63	509	237	7	41	631	28	27	190	172	61	76	21
10	103	319	0	5	10	129	12	360	118	12	213	47	125	509	95	157	58	20	73	65	85	181	292	212	8	740	789	144	978	14	30	39	687	1425	69	519	49	0	270	48	347	393	243	1030	480	670	266	26	184	447	74	218	182	649	256	1772	195	3075	1292	7	1120	1815	1944	90	111	0	2	8	540	494	68	1285	477	178	293	28	14628	3327	2517	1490	1573	45	120
2	33	45	0	1	6	34	2	122	26	5	51	29	285	158	13	99	17	10	25	20	22	71	31	112	71	479	314	63	227	3	13	13	95	297	10	248	36	0	66	2	106	148	37	196	128	2952	111	477	84	27	3	198	640	642	80	239	37	1169	263	110	1069	854	366	186	13	29	2	8	648	55	107	257	111	16	80	27	3327	7804	2399	546	332	3	561
1	43	27	0	38	61	156	3	560	128	24	392	127	610	878	80	3	3	50	14	118	5	9	57	56	32	297	179	39	1441	4	53	114	378	1510	18	131	6	0	576	97	1000	1555	393	454	3190	7016	1417	191	528	402	2	54	1049	2571	1755	812	56	311	1312	25	995	644	1579	635	196	3	53	43	5061	231	12	1328	430	159	298	190	2517	2399	13842	2406	2109	195	607
0	27	18	0	1	8	62	0	208	3	4	84	40	406	290	7	0	2	0	5	16	1	8	26	1	6	74	93	3	340	3	12	91	8	384	6	52	0	0	20	88	315	92	189	13	71	291	253	13	79	233	0	30	69	167	57	550	53	273	224	2	340	248	299	73	52	0	47	53	221	35	1	435	240	19	163	172	1490	546	2406	3068	301	212	183
1	0	4	0	7	12	111	4	480	110	27	487	111	290	898	26	1	0	55	5	104	1	4	4	50	0	167	25	35	1603	1	75	59	501	1569	1	2	2	0	265	337	1272	233	637	538	438	1562	541	5	92	1237	0	0	268	239	311	1	0	4	1096	0	7	12	430	147	0	0	6	0	1075	196	17	1147	210	40	175	61	1573	332	2109	301	4895	179	29
0	0	0	0	0	3	10	0	22	0	0	0	1	115	19	1	0	0	0	0	1	0	0	0	0	0	0	0	0	32	0	0	23	0	37	0	0	0	0	9	547	334	4	187	5	46	0	32	0	6	154	0	0	0	0	14	0	0	0	0	0	0	0	10	21	0	0	192	0	121	2	0	109	29	2	28	76	45	3	195	212	179	900	15
0	0	0	0	0	3	22	2	50	0	1	3	13	186	52	0	0	0	0	0	5	0	0	0	0	70	14	13	0	26	1	2	5	1	55	0	0	0	0	13	5	29	14	33	1	31	753	30	429	54	6	0	0	1	2	17	3	0	2	25	107	26	30	33	79	0	7	14	0	27	1	6	68	59	1	50	21	120	561	607	183	29	15	1232
