0.00961212914626	4.51425052156e-05	0.00105117547859	0	0	0	0	0.00482057466409	0.000699708830841	0	0	0	0	0	0.00559122171741	0	4.51425052156e-05	0.000648117396309	0	3.22446465826e-06	0	6.44892931651e-05	0	0.00102537976133	1.2897858633e-05	0	0.00107052226654	0.000116080727697	4.83669698738e-05	0.00324703591086	0.00435947621796	0	0	0.000315997536509	0.000216039132103	0	2.25712526078e-05	0	0	0	0	0	0	0	0	0	0	0	0	0	0	0	3.22446465826e-06	0	0	0	0	0	0	0	0	0	5.15914345321e-05	0	0	0	0	0	0	0	4.51425052156e-05	0	0.000187018950179	1.93467879495e-05	3.22446465826e-06	3.22446465826e-06	0	0	0	0	0	0	0	0
4.51425052156e-05	0.0263728964399	0.000380486829674	0	0	6.44892931651e-06	0	4.51425052156e-05	3.22446465826e-06	0.00413053922722	0	1.2897858633e-05	0	0.00355980898271	0.000109631798381	4.83669698738e-05	0.000844809740463	0.00170574180422	0	0.000180570020862	0	0.000106407333722	0.00712284243009	0.000299875213218	0.00157031428857	0.00593301497119	0.00376295025618	0.0228872501443	3.22446465826e-06	3.22446465826e-05	0.000138651980305	0.000209590202787	0	2.25712526078e-05	0.000251508243344	0	0.0105988153317	0	0	2.5795717266e-05	3.22446465826e-06	3.22446465826e-06	0	0	0.000435302728864	0	0	0	1.61223232913e-05	0	3.22446465826e-06	0.000167672162229	3.22446465826e-05	0	2.25712526078e-05	0	6.44892931651e-06	0.00216684025035	2.25712526078e-05	0.000473996304764	0.000374037900358	0.000106407333722	0.0130655307952	3.54691112408e-05	0	0	0	0	0	3.22446465826e-06	0.000183794485521	6.44892931651e-06	0.000106407333722	3.86935758991e-05	8.06116164564e-05	2.90201819243e-05	0	1.2897858633e-05	1.61223232913e-05	3.22446465826e-06	0	0	0	3.22446465826e-06
0.00105117547859	0.000380486829674	0.0419180405573	0	6.44892931651e-06	3.22446465826e-06	9.02850104311e-05	0.00567828226319	0.00482702359341	1.61223232913e-05	6.44892931651e-06	6.44892931651e-06	1.93467879495e-05	0	0.00593301497119	0	0.000116080727697	0.0076161855228	9.67339397477e-06	0.000228936990736	3.22446465826e-06	0.00266018334306	0.000857707599096	0.0209428979554	9.35094750894e-05	0	0.014435928275	0.0196015206575	0.000338568789117	0.00122529657014	0.00452714838019	3.22446465826e-06	9.02850104311e-05	0.000538485597929	0.0035146664775	6.44892931651e-06	0.000151549838938	0	0	0	0	6.44892931651e-06	3.86935758991e-05	6.44892931651e-06	0	0	7.09382224816e-05	0	0	3.22446465826e-06	0	0.00280850871734	0.000345017718433	6.44892931651e-06	0.000212814667445	0	0.000564281315195	0.00387903098388	0.00168317055161	9.67339397477e-06	0	7.41626871399e-05	0.00259246958524	6.12648285068e-05	3.22446465826e-06	0	0	0	0	1.2897858633e-05	0.00409829458064	0.000187018950179	0.00453359730951	0.00182182253191	0.000309548607192	0.000151549838938	0	0.000883503316362	0.000180570020862	0.000309548607192	0.000299875213218	0	0	0
0	0	0	0	0	0	0	0	0	0	0	0	0	0	0	0	0	0	0	0	0	0	0	0	0	0	0	0	0	0	0	0	0	0	0	0	0	0	0	0	0	0	0	0	0	0	0	0	0	0	0	0	0	0	0	0	0	0	0	0	0	0	0	0	0	0	0	0	0	0	0	0	0	0	0	0	0	0	0	0	0	0	0	0
0	0	6.44892931651e-06	0	0.0180989201268	9.67339397477e-05	0.001151133883	1.93467879495e-05	0.000544934527245	0.000486894163397	0.000409507011598	0.000664239719601	0.0043175581774	0	0.00120272531753	0.000232161455394	0	0	0.000528812203954	0.000783544911956	0.00573954709169	3.22446465826e-06	0	6.44892931651e-06	0.0123916176817	0	0.000899625639653	5.15914345321e-05	0.00602652444628	0.00344050379036	0	0	0.000141876444963	0.00100280850872	0.00281495764666	0	0	0	0	0.00113178709505	6.44892931651e-06	0.000335344324459	0	0.000112856263039	0.00210235095718	0.00187018950179	0	0.00203786166402	0	0	4.83669698738e-05	0	3.22446465826e-06	0	0	0.00234418580655	0	6.44892931651e-06	0	0.00113501155971	0	3.22446465826e-06	0	0.000261181637319	0	0	0	0	0	0	0.000383711294332	2.25712526078e-05	0.00148970267211	2.25712526078e-05	0.000586852567802	0.000112856263039	0	0.000109631798381	3.22446465826e-06	2.5795717266e-05	6.44892931651e-06	1.2897858633e-05	3.22446465826e-06	0
0	6.44892931651e-06	3.22446465826e-06	0	9.67339397477e-05	0.00271822370691	0.000496567557371	0	0.000154774303596	1.2897858633e-05	2.5795717266e-05	0	1.93467879495e-05	1.93467879495e-05	3.54691112408e-05	0.000161223232913	0	6.44892931651e-06	0	1.2897858633e-05	9.99584044059e-05	0	0	0	0.000241834849369	0	3.86935758991e-05	9.67339397477e-06	0.000286977354585	0.000819014023197	0	3.22446465826e-06	0.00222165614954	0.000299875213218	0.000993135114743	0	0	0	0	0	0	9.67339397477e-06	0	0	0	0	0	0	0	0	0	0	0	0	0	0	0	0	0	0	0	0	0	0	0	0	0	0	0	3.22446465826e-06	0.000290201819243	6.44892931651e-05	0.000728729012766	0.00022248806142	0.000883503316362	0.0003321198598	9.67339397477e-06	0	0	0	0	9.67339397477e-06	9.67339397477e-06	0
0	0	9.02850104311e-05	0	0.001151133883	0.000496567557371	0.0335634526278	0.0029503851623	0.0134008751197	5.80403638486e-05	0.00910911265957	0.000935094750894	0.00994747347072	3.22446465826e-06	0.00830622095967	0.0026182653025	0	0	0.00112856263039	0.000132203050988	0.00605232016354	4.51425052156e-05	0	0.000151549838938	0.00174443538012	0	0.000709382224816	1.61223232913e-05	0.00197659683551	0.00665529505464	6.12648285068e-05	3.22446465826e-06	0.00120272531753	0.00025795717266	0.00225712526078	0	0	0	0	6.44892931651e-06	0	0	0	0	6.44892931651e-06	0	0	0.000109631798381	0	0	0	0	0	0	0	3.22446465826e-06	0	0	0	6.44892931651e-06	0	0	0	6.44892931651e-06	0	0	0	0	0	0	0.00060942382041	5.15914345321e-05	0.000651341860968	0.000135427515647	0.00131880604523	7.41626871399e-05	3.22446465826e-06	0	0	0	0	0	0	0
0.00482057466409	4.51425052156e-05	0.00567828226319	0	1.93467879495e-05	0	0.0029503851623	0.0468869405957	0.00659403022613	1.2897858633e-05	0.00314062857714	6.77137578234e-05	0.000122529657014	9.67339397477e-06	0.0119692128114	0.000109631798381	6.44892931651e-06	0.00357270684135	6.44892931651e-05	0.000125754121672	0.000335344324459	0.00763553231075	0	0.0112888507686	0.000180570020862	0	0.00389515330717	0.000515914345321	0.0111630966469	0.0105536728265	0.016747869435	3.22446465826e-06	4.51425052156e-05	0.00844164847531	0.00358882916464	0	2.25712526078e-05	0	0	6.77137578234e-05	0	3.22446465826e-06	0.000132203050988	0	9.67339397477e-05	0.000164447697571	0	0	0	0	0	0	6.44892931651e-06	0	3.22446465826e-06	0	3.22446465826e-06	0	3.22446465826e-06	0.000680362042892	0	0	5.80403638486e-05	0.00062877060836	0	0	0	0	0	0	0.000112856263039	2.25712526078e-05	0.00303099677876	0.00207655523992	0.000357915577066	7.09382224816e-05	0	6.44892931651e-06	0	0	0	3.22446465826e-06	3.22446465826e-06	0
0.000699708830841	3.22446465826e-06	0.00482702359341	0	0.000544934527245	0.000154774303596	0.0134008751197	0.00659403022613	0.0394835697403	1.93467879495e-05	0.00440461872318	9.02850104311e-05	0.00410796797462	0	0.0243092390586	0.00139619319702	4.19180405573e-05	0.000303099677876	7.73871517981e-05	0.000116080727697	0.00299230320286	0.000509465416004	0	0.00465612696652	0.00188308736042	0	0.00133170390386	0.000267630566635	0.00157998768255	0.00939931447881	0.00342438146707	3.22446465826e-06	0.000928645821577	0.00149937606609	0.00230226776599	0	3.22446465826e-06	0	0	1.2897858633e-05	0	0	2.5795717266e-05	3.22446465826e-06	0.000145100909621	1.61223232913e-05	6.44892931651e-06	9.02850104311e-05	0	0	3.22446465826e-06	3.22446465826e-06	0	0	1.2897858633e-05	6.44892931651e-06	0	3.22446465826e-06	0	0.000806116164564	0	3.22446465826e-06	1.93467879495e-05	0.000673913113575	0	0	0	0	0	9.02850104311e-05	0.00148970267211	6.77137578234e-05	0.00150904946006	0.000322446465826	0.000719055618791	4.83669698738e-05	0	3.54691112408e-05	0	0.000225712526078	0	3.22446465826e-05	0	0
0	0.00413053922722	1.61223232913e-05	0	0.000486894163397	1.2897858633e-05	5.80403638486e-05	1.2897858633e-05	1.93467879495e-05	0.0239577724108	3.22446465826e-06	0	0.00109631798381	0.00138329533839	1.61223232913e-05	0.00149937606609	0.00165092590503	3.22446465826e-06	0	3.22446465826e-06	2.25712526078e-05	1.93467879495e-05	0.00748075800715	7.41626871399e-05	0.0140780126979	0.00227002311941	9.02850104311e-05	0.00407572332803	0.00170574180422	0.000141876444963	0.000248283778686	0.000106407333722	3.22446465826e-06	0.000254732708002	0.000267630566635	0	2.25712526078e-05	0	0	0.00118015406492	0.000238610384711	0.000303099677876	9.67339397477e-06	6.44892931651e-06	0.00957666003502	0.000251508243344	0	0.000593301497119	6.44892931651e-06	0	0.000293426283901	0.000122529657014	0	0	0	0.000551383456562	0	0.0012285210348	0	0.00814499772675	1.2897858633e-05	3.86935758991e-05	3.54691112408e-05	0.0028891203338	0	0	0	0	0	3.22446465826e-06	0.00098023725611	0	0.000235385920053	0.000212814667445	0.00321156679962	0	0	6.12648285068e-05	0	3.22446465826e-05	0	8.06116164564e-05	0	3.22446465826e-06
0	0	6.44892931651e-06	0	0.000409507011598	2.5795717266e-05	0.00910911265957	0.00314062857714	0.00440461872318	3.22446465826e-06	0.0239706702695	0.000386935758991	0.00528167311022	0	0.00283107996995	0.000283752889926	0	0	0.000190243414837	0.000557832385878	0.0108374257164	3.22446465826e-06	0	9.67339397477e-06	0.000877054387045	0	0.000654566325626	4.83669698738e-05	0.00358560469998	0.00349854415421	9.67339397477e-06	6.44892931651e-06	6.77137578234e-05	0.000238610384711	0.00225390079612	0	0	0	0	3.22446465826e-06	0	0	0	0	6.44892931651e-06	3.22446465826e-06	0	9.67339397477e-06	0	0	0	0	0	0	0	3.22446465826e-06	0	0	0	3.22446465826e-06	0	0	0	3.22446465826e-06	0	0	0	0	0	0	0.000141876444963	4.19180405573e-05	0.00141553998497	8.06116164564e-05	3.86935758991e-05	1.61223232913e-05	3.22446465826e-06	3.22446465826e-06	0	0	0	3.22446465826e-06	0	0
0	1.2897858633e-05	6.44892931651e-06	0	0.000664239719601	0	0.000935094750894	6.77137578234e-05	9.02850104311e-05	0	0.000386935758991	0.018276265683	0.00396609152965	0.0022861454427	0.000867380993071	3.22446465826e-06	6.44892931651e-06	3.22446465826e-06	0.00688100758072	0.00353401326545	0.00343083039638	9.67339397477e-06	9.67339397477e-06	2.25712526078e-05	0.000631995073018	9.35094750894e-05	0.00735822835014	0.000325670930484	0.000515914345321	0.00818369130265	1.2897858633e-05	0.000370813435699	0.00135427515647	0.000154774303596	0.0105311015739	0	3.22446465826e-06	0	0	1.2897858633e-05	0	3.22446465826e-06	0	3.22446465826e-06	7.73871517981e-05	0	6.44892931651e-06	3.86935758991e-05	1.2897858633e-05	0	0	6.44892931651e-06	0	0	1.93467879495e-05	0	0	6.44892931651e-06	3.22446465826e-06	0.000145100909621	6.44892931651e-06	2.5795717266e-05	9.67339397477e-06	0.000116080727697	0	0	0	0	0	3.22446465826e-06	0.000712606689474	0.000254732708002	0.000661015254942	3.22446465826e-05	0	6.44892931651e-06	0	6.44892931651e-06	1.93467879495e-05	1.93467879495e-05	0	6.44892931651e-06	0	0
0	0	1.93467879495e-05	0	0.0043175581774	1.93467879495e-05	0.00994747347072	0.000122529657014	0.00410796797462	0.00109631798381	0.00528167311022	0.00396609152965	0.0383646805039	3.22446465826e-06	0.008048263787	0.00280528425268	3.22446465826e-06	6.44892931651e-06	0.00253442922139	0.00259891851455	0.0172283146691	2.25712526078e-05	0	3.86935758991e-05	0.00575244495033	3.22446465826e-06	0.00343405486104	0.000161223232913	0.00100603297338	0.0145616823967	2.25712526078e-05	6.44892931651e-06	0.000151549838938	0.000490118628055	0.00862221849617	0	3.22446465826e-06	0	0	0.000125754121672	0	1.61223232913e-05	0	0	6.77137578234e-05	1.2897858633e-05	0	0.000586852567802	0	0	0	3.22446465826e-06	0	0	6.44892931651e-06	3.86935758991e-05	0	0	0	9.67339397477e-06	3.22446465826e-06	6.44892931651e-06	3.22446465826e-06	3.22446465826e-06	0	0	0	0	0	0	0.00075774919469	0.000264406101977	0.00314062857714	0.000296650748559	0.00208945309855	2.25712526078e-05	6.44892931651e-06	3.22446465826e-06	6.44892931651e-06	0	0	0	0	0
0	0.00355980898271	0	0	0	1.93467879495e-05	3.22446465826e-06	9.67339397477e-06	0	0.00138329533839	0	0.0022861454427	3.22446465826e-06	0.0258505331652	0.000154774303596	2.5795717266e-05	0.000145100909621	0	3.22446465826e-05	3.22446465826e-06	6.44892931651e-06	3.22446465826e-06	0.00276014174747	3.86935758991e-05	0.000199916808812	0.0125657387732	0.00135427515647	0.0105859174731	1.2897858633e-05	0.00116725620629	6.44892931651e-06	0.00274079495952	0.000464322910789	1.61223232913e-05	0.00151872285404	2.25712526078e-05	0.000270855031293	0	0	0	6.44892931651e-06	0.000328895395142	5.80403638486e-05	0.000122529657014	9.67339397477e-06	6.77137578234e-05	0.00274401942418	3.22446465826e-06	0.0018540671785	1.93467879495e-05	1.2897858633e-05	6.44892931651e-06	9.67339397477e-06	0.000673913113575	0.000419180405573	3.22446465826e-06	0	2.90201819243e-05	0	9.67339397477e-06	0.00174443538012	0.00617484982056	0.00073840240674	3.22446465826e-06	0	0	0.000532036668612	0	0	0.000161223232913	0.000241834849369	0.00104472654927	0.000602974891094	0.00055460792122	2.5795717266e-05	3.22446465826e-06	0.000435302728864	0	0.00345340164899	0.000161223232913	0.000154774303596	0.000254732708002	0.000383711294332	0.000496567557371
0.00559122171741	0.000109631798381	0.00593301497119	0	0.00120272531753	3.54691112408e-05	0.00830622095967	0.0119692128114	0.0243092390586	1.61223232913e-05	0.00283107996995	0.000867380993071	0.008048263787	0.000154774303596	0.0566957620861	0.00102537976133	0.000164447697571	0.00253442922139	0.000686810972208	0.000415955940915	0.00599750426435	0.00123496996411	0	0.0046883716131	0.00255377600934	0	0.00384356187264	0.000454649516814	0.00234096134189	0.0279915776983	0.0151098413886	1.2897858633e-05	0.00123819442877	0.00261181637319	0.00725182101642	0	5.15914345321e-05	0	0	0.000112856263039	0	5.80403638486e-05	5.15914345321e-05	2.90201819243e-05	0.000490118628055	4.51425052156e-05	1.2897858633e-05	0.000151549838938	0	0	3.22446465826e-06	6.44892931651e-06	6.44892931651e-06	3.22446465826e-06	2.25712526078e-05	9.67339397477e-06	0	6.44892931651e-06	1.2897858633e-05	0.00145100909621	0	6.44892931651e-06	0.000187018950179	0.00111888923641	0	0	0	0	0	0.000174121091546	0.0023248390186	0.000267630566635	0.00433368050069	0.000870605457729	0.000706157760158	9.35094750894e-05	9.67339397477e-06	7.09382224816e-05	3.22446465826e-06	0.00040628254694	1.93467879495e-05	8.70605457729e-05	7.41626871399e-05	0
0	4.83669698738e-05	0	0	0.000232161455394	0.000161223232913	0.0026182653025	0.000109631798381	0.00139619319702	0.00149937606609	0.000283752889926	3.22446465826e-06	0.00280528425268	2.5795717266e-05	0.00102537976133	0.0078709182308	0	0	3.22446465826e-06	0	0.000145100909621	3.22446465826e-06	6.77137578234e-05	2.25712526078e-05	0.000770647053323	2.90201819243e-05	6.44892931651e-06	6.77137578234e-05	0.000167672162229	0.000596525961777	0.000141876444963	6.44892931651e-06	0.000141876444963	0.000154774303596	0.000174121091546	0	0	0	0	0	0	3.22446465826e-06	0	0	5.48158991903e-05	0	0	2.90201819243e-05	0	0	9.67339397477e-06	0	0	0	0	1.61223232913e-05	0	0	0	2.90201819243e-05	0	0	0	2.25712526078e-05	0	0	0	0	0	3.22446465826e-06	0.000486894163397	0	0.000183794485521	0.000141876444963	0.0045110260569	2.90201819243e-05	0	9.67339397477e-06	0	1.93467879495e-05	0	1.2897858633e-05	0	0
4.51425052156e-05	0.000844809740463	0.000116080727697	0	0	0	0	6.44892931651e-06	4.19180405573e-05	0.00165092590503	0	6.44892931651e-06	3.22446465826e-06	0.000145100909621	0.000164447697571	0	0.0249218873437	0.000141876444963	0	0.000457873981472	3.22446465826e-06	0.00732920816821	0.00864478974878	0.0067971714996	0.00799667235247	0.000157998768255	0.000509465416004	0.00268275459567	0.00110921584244	0.000419180405573	0.00127043907535	1.2897858633e-05	3.22446465826e-06	0.000341793253775	0.00228936990736	0	8.06116164564e-05	0	0	0	0	5.15914345321e-05	0.000164447697571	3.86935758991e-05	0.00176055770341	6.44892931651e-06	0	0	0	3.22446465826e-06	1.2897858633e-05	0.00735177942082	9.67339397477e-06	0	0	0	1.93467879495e-05	0.00784189804888	8.06116164564e-05	0.00610068713342	0	0	0.000267630566635	0.0056621599399	0	0	0	0	0	0	0.00208622863389	0.000428853799548	0.000822238487855	0.000386935758991	0.000116080727697	3.22446465826e-05	0	0.000245059314027	2.25712526078e-05	0.000309548607192	3.22446465826e-06	0.00012897858633	0	0
0.000648117396309	0.00170574180422	0.0076161855228	0	0	6.44892931651e-06	0	0.00357270684135	0.000303099677876	3.22446465826e-06	0	3.22446465826e-06	6.44892931651e-06	0	0.00253442922139	0	0.000141876444963	0.042430730438	3.22446465826e-06	0.00613293178	0	0.00413053922722	0	0.014426254881	4.83669698738e-05	0	0.0232129210748	0.00687778311606	0.000312773071851	0.00193145433029	0.00684553846948	3.22446465826e-06	1.2897858633e-05	0.000206365738128	0.0100893499157	2.25712526078e-05	0.00100280850872	4.19180405573e-05	0	0	0	0	2.90201819243e-05	0	0	6.44892931651e-06	9.67339397477e-06	0	0	2.5795717266e-05	0	0.000103182869064	0.00179925127931	0	0.000438527193523	0	0.000145100909621	9.67339397477e-06	0.000454649516814	5.48158991903e-05	0	0.00105762440791	0.00481735019943	0.000135427515647	1.93467879495e-05	0	0	0	0	7.73871517981e-05	0.00239900170574	0.000335344324459	0.00472384072434	0.00207333077526	0.000764198124006	0.000206365738128	0	0.000964114932818	0.00107052226654	0.000254732708002	0.000190243414837	0	0	0
0	0	9.67339397477e-06	0	0.000528812203954	0	0.00112856263039	6.44892931651e-05	7.73871517981e-05	0	0.000190243414837	0.00688100758072	0.00253442922139	3.22446465826e-05	0.000686810972208	3.22446465826e-06	0	3.22446465826e-06	0.0111437498589	0.001915332007	0.00195080111824	0	0	9.67339397477e-06	0.000399833617624	1.2897858633e-05	0.00571052690977	0.000428853799548	0.000438527193523	0.00530101989817	1.61223232913e-05	4.51425052156e-05	0.000793218305931	0.000132203050988	0.00581048531418	0	3.22446465826e-06	0	0	2.25712526078e-05	0	3.22446465826e-06	3.22446465826e-06	3.22446465826e-06	9.67339397477e-05	0	0	2.90201819243e-05	0	0	0	6.44892931651e-06	0	1.2897858633e-05	5.80403638486e-05	0	0	6.44892931651e-06	0	0.000183794485521	3.22446465826e-06	0.000370813435699	7.41626871399e-05	0.000157998768255	0	0	0	0	0	3.22446465826e-06	0.00113823602436	0.000764198124006	0.000728729012766	9.99584044059e-05	3.22446465826e-06	3.22446465826e-06	0	6.44892931651e-06	0.00012897858633	1.93467879495e-05	0	9.67339397477e-06	0	0
3.22446465826e-06	0.000180570020862	0.000228936990736	0	0.000783544911956	1.2897858633e-05	0.000132203050988	0.000125754121672	0.000116080727697	3.22446465826e-06	0.000557832385878	0.00353401326545	0.00259891851455	3.22446465826e-06	0.000415955940915	0	0.000457873981472	0.00613293178	0.001915332007	0.0283978602453	0.00299230320286	0.000345017718433	6.44892931651e-06	0.000793218305931	0.00165737483434	3.22446465826e-06	0.0227163535174	0.00153484517733	0.00119950085287	0.00600395319367	0.000396609152965	2.5795717266e-05	7.41626871399e-05	0.000306324142534	0.0132138561695	0	0.000248283778686	2.25712526078e-05	0	3.86935758991e-05	0	0	1.93467879495e-05	3.22446465826e-06	0.000403058082282	1.2897858633e-05	9.67339397477e-06	2.5795717266e-05	0	0	3.22446465826e-06	9.67339397477e-06	0.000274079495952	3.54691112408e-05	0.000348242183092	0	3.54691112408e-05	6.44892931651e-06	4.83669698738e-05	0.000657790790284	0	0.00123819442877	0.000570730244511	0.000773871517981	0	0	0	0	0	6.12648285068e-05	0.00695839473251	0.00440139425852	0.00355980898271	0.000470771840105	9.67339397477e-06	6.44892931651e-06	0	0.000235385920053	0.000544934527245	0.000235385920053	3.22446465826e-06	7.41626871399e-05	0	0
0	0	3.22446465826e-06	0	0.00573954709169	9.99584044059e-05	0.00605232016354	0.000335344324459	0.00299230320286	2.25712526078e-05	0.0108374257164	0.00343083039638	0.0172283146691	6.44892931651e-06	0.00599750426435	0.000145100909621	3.22446465826e-06	0	0.00195080111824	0.00299230320286	0.0292716901676	6.44892931651e-06	0	1.2897858633e-05	0.00389192884251	3.22446465826e-06	0.00354046219476	0.000170896626888	0.00446265908703	0.0137716885554	1.93467879495e-05	1.61223232913e-05	0.000241834849369	0.000931870286236	0.00965404718682	0	3.22446465826e-06	0	0	0.000135427515647	0	1.61223232913e-05	3.22446465826e-06	0	5.48158991903e-05	2.25712526078e-05	0	0.000199916808812	0	0	0	0	0	0	6.44892931651e-06	7.73871517981e-05	0	0	0	9.67339397477e-06	3.22446465826e-06	6.44892931651e-06	3.22446465826e-06	3.22446465826e-06	0	0	0	0	0	0	0.000644892931651	0.000286977354585	0.00471416733037	0.000319222001167	0.000341793253775	8.06116164564e-05	6.44892931651e-06	3.22446465826e-06	3.22446465826e-06	3.22446465826e-06	3.22446465826e-06	3.22446465826e-06	3.22446465826e-06	0
6.44892931651e-05	0.000106407333722	0.00266018334306	0	3.22446465826e-06	0	4.51425052156e-05	0.00763553231075	0.000509465416004	1.93467879495e-05	3.22446465826e-06	9.67339397477e-06	2.25712526078e-05	3.22446465826e-06	0.00123496996411	3.22446465826e-06	0.00732920816821	0.00413053922722	0	0.000345017718433	6.44892931651e-06	0.0525394271416	0.00230549223065	0.0358302512825	0.0023248390186	0	0.00190565861303	0.00114790941834	0.00852548455643	0.00142521337895	0.0188179757456	3.22446465826e-06	9.67339397477e-06	0.000673913113575	0.00674235560041	0	2.5795717266e-05	0	0	0	0	2.5795717266e-05	7.73871517981e-05	2.5795717266e-05	0.000151549838938	0	0	0	0	0	0	0.00474963644161	2.5795717266e-05	0	6.44892931651e-06	0	2.25712526078e-05	0.00608778927479	2.25712526078e-05	0.00473351411832	0	3.22446465826e-06	0.000261181637319	0.00301164999081	0	0	0	0	0	3.22446465826e-06	0.00346307504297	0.000519138809979	0.00329540288074	0.00100280850872	0.000264406101977	0.000177345556204	0	5.48158991903e-05	2.25712526078e-05	6.44892931651e-06	3.22446465826e-06	0	0	0
0	0.00712284243009	0.000857707599096	0	0	0	0	0	0	0.00748075800715	0	9.67339397477e-06	0	0.00276014174747	0	6.77137578234e-05	0.00864478974878	0	0	6.44892931651e-06	0	0.00230549223065	0.025682861003	0.00475930983558	0.00640378681129	0.00403702975214	9.67339397477e-05	0.0108857926863	0.000232161455394	0	2.25712526078e-05	0.000167672162229	0	1.93467879495e-05	4.19180405573e-05	0	0.000306324142534	0	0	2.5795717266e-05	3.22446465826e-06	1.61223232913e-05	3.22446465826e-06	3.22446465826e-06	0.00262148976716	0	0	6.44892931651e-06	6.12648285068e-05	0	9.67339397477e-06	0.00604587123423	0	0	0	0	0	0.00910911265957	9.99584044059e-05	0.00421115084368	8.06116164564e-05	9.02850104311e-05	0.00211202435116	0.00217006471501	0	0	0	0	0	3.22446465826e-06	9.99584044059e-05	6.44892931651e-06	1.61223232913e-05	0	7.41626871399e-05	0	0	2.90201819243e-05	0	6.44892931651e-06	0	1.2897858633e-05	0	3.22446465826e-06
0.00102537976133	0.000299875213218	0.0209428979554	0	6.44892931651e-06	0	0.000151549838938	0.0112888507686	0.00465612696652	7.41626871399e-05	9.67339397477e-06	2.25712526078e-05	3.86935758991e-05	3.86935758991e-05	0.0046883716131	2.25712526078e-05	0.0067971714996	0.014426254881	9.67339397477e-06	0.000793218305931	1.2897858633e-05	0.0358302512825	0.00475930983558	0.0853999464739	0.00100603297338	3.54691112408e-05	0.00870283011263	0.0169348883852	0.00409829458064	0.0012897858633	0.0135395271	1.2897858633e-05	0.000119305192355	0.000422404870231	0.0101506147442	0	0.000122529657014	3.22446465826e-06	0	9.67339397477e-06	0	6.44892931651e-06	6.77137578234e-05	6.44892931651e-06	2.5795717266e-05	0	4.19180405573e-05	0	0	0	0	0.0133686304731	0.000280528425268	6.44892931651e-06	0.000235385920053	0	0.000377262365016	0.01457780472	0.00301809892013	0.00569118012182	0	1.61223232913e-05	0.000657790790284	0.00180570020862	0	0	3.22446465826e-06	0	0	6.44892931651e-06	0.0085738515263	0.000735177942082	0.00935094750894	0.00420147744971	0.00139296873237	0.000428853799548	0	0.000912523498286	0.000141876444963	0.000319222001167	0.000283752889926	3.22446465826e-06	0	0
1.2897858633e-05	0.00157031428857	9.35094750894e-05	0	0.0123916176817	0.000241834849369	0.00174443538012	0.000180570020862	0.00188308736042	0.0140780126979	0.000877054387045	0.000631995073018	0.00575244495033	0.000199916808812	0.00255377600934	0.000770647053323	0.00799667235247	4.83669698738e-05	0.000399833617624	0.00165737483434	0.00389192884251	0.0023248390186	0.00640378681129	0.00100603297338	0.0555091590919	0.000303099677876	0.00180247574396	0.00176378216807	0.0162996688475	0.00749365586578	0.00075774919469	1.61223232913e-05	0.00035146664775	0.00319222001167	0.00722280083449	3.22446465826e-06	2.5795717266e-05	0	0	0.00446588355168	0.000238610384711	0.00106729780188	0.000280528425268	0.000483669698738	0.0142650316481	0.00591044371858	6.44892931651e-06	0.00272144817157	0	3.86935758991e-05	0.000348242183092	0.000802891699906	9.67339397477e-06	0	3.22446465826e-06	0.00524620399898	0	0.00258924512058	0	0.016992928749	0	6.44892931651e-06	4.51425052156e-05	0.00933160072099	0	0	0	0	0	3.54691112408e-05	0.00210235095718	0.000422404870231	0.00428208906616	0.000828687417172	0.00184761824918	0.000235385920053	0	0.000515914345321	9.67339397477e-06	0.000538485597929	6.12648285068e-05	0.000325670930484	3.86935758991e-05	6.44892931651e-06
0	0.00593301497119	0	0	0	0	0	0	0	0.00227002311941	0	9.35094750894e-05	3.22446465826e-06	0.0125657387732	0	2.90201819243e-05	0.000157998768255	0	1.2897858633e-05	3.22446465826e-06	3.22446465826e-06	0	0.00403702975214	3.54691112408e-05	0.000303099677876	0.0211460392288	0.000212814667445	0.0164512186864	0	1.2897858633e-05	0	0.000680362042892	3.22446465826e-06	0	4.83669698738e-05	0	0.00344695271967	0	0	3.22446465826e-06	3.22446465826e-06	3.22446465826e-06	0	0	0.000125754121672	0	0.00161868125844	0	0.00127688800467	0	3.22446465826e-06	2.25712526078e-05	0	3.22446465826e-05	9.67339397477e-05	0	0	0.000151549838938	0	0.000125754121672	0.00359527809395	0.00523008167569	0.0039241734891	0	0	0	0.000354691112408	0	0	1.2897858633e-05	0	6.77137578234e-05	0	0	2.90201819243e-05	0	0.000319222001167	0	0.001660599299	2.25712526078e-05	0	0	0	0.000486894163397
0.00107052226654	0.00376295025618	0.014435928275	0	0.000899625639653	3.86935758991e-05	0.000709382224816	0.00389515330717	0.00133170390386	9.02850104311e-05	0.000654566325626	0.00735822835014	0.00343405486104	0.00135427515647	0.00384356187264	6.44892931651e-06	0.000509465416004	0.0232129210748	0.00571052690977	0.0227163535174	0.00354046219476	0.00190565861303	9.67339397477e-05	0.00870283011263	0.00180247574396	0.000212814667445	0.0944606921636	0.0261794285604	0.00148002927814	0.00911556158889	0.00397898938829	0.00148970267211	0.000670688648917	0.000806116164564	0.0156773471684	2.25712526078e-05	0.00333732092129	7.41626871399e-05	0	7.41626871399e-05	0	3.22446465826e-06	3.54691112408e-05	6.44892931651e-06	0.000496567557371	1.61223232913e-05	8.06116164564e-05	3.22446465826e-05	1.93467879495e-05	2.5795717266e-05	3.22446465826e-06	0.000116080727697	0.00179925127931	0.000522363274637	0.0022635741901	0	0.000116080727697	7.41626871399e-05	0.000348242183092	0.000851258669779	8.70605457729e-05	0.00632317519484	0.00951217074185	0.000947992609527	1.93467879495e-05	0	3.22446465826e-06	0	0	0.000132203050988	0.0105407749678	0.00727116780437	0.0056847311925	0.00132525497454	0.000345017718433	0.000196692344154	0	0.000896401174995	0.00311160839522	0.000399833617624	8.38360811146e-05	8.70605457729e-05	0	0
0.000116080727697	0.0228872501443	0.0196015206575	0	5.15914345321e-05	9.67339397477e-06	1.61223232913e-05	0.000515914345321	0.000267630566635	0.00407572332803	4.83669698738e-05	0.000325670930484	0.000161223232913	0.0105859174731	0.000454649516814	6.77137578234e-05	0.00268275459567	0.00687778311606	0.000428853799548	0.00153484517733	0.000170896626888	0.00114790941834	0.0108857926863	0.0169348883852	0.00176378216807	0.0164512186864	0.0261794285604	0.119630863286	0.000212814667445	0.000731953477424	0.000457873981472	0.00162513018776	7.41626871399e-05	0.000157998768255	0.0032825050221	6.44892931651e-06	0.0148744554685	9.67339397477e-06	0	6.44892931651e-05	3.22446465826e-06	9.67339397477e-06	6.44892931651e-05	6.44892931651e-06	0.000690035436867	3.22446465826e-06	0.000580403638486	3.22446465826e-06	0.000335344324459	3.22446465826e-06	3.22446465826e-06	0.0107535896353	0.000451425052156	0.000444976122839	0.00160900786447	0	0.000844809740463	0.0149228224384	0.00502371593756	0.000977012791451	0.00339536128514	0.00842552615202	0.0283172486288	0.000348242183092	3.22446465826e-06	0	0.000183794485521	0	0	2.90201819243e-05	0.011134076465	0.00125754121672	0.00471416733037	0.0022248806142	0.000464322910789	1.93467879495e-05	1.2897858633e-05	0.00170896626888	0.00170574180422	0.000348242183092	0.00025795717266	3.22446465826e-06	0	8.06116164564e-05
4.83669698738e-05	3.22446465826e-06	0.000338568789117	0	0.00602652444628	0.000286977354585	0.00197659683551	0.0111630966469	0.00157998768255	0.00170574180422	0.00358560469998	0.000515914345321	0.00100603297338	1.2897858633e-05	0.00234096134189	0.000167672162229	0.00110921584244	0.000312773071851	0.000438527193523	0.00119950085287	0.00446265908703	0.00852548455643	0.000232161455394	0.00409829458064	0.0162996688475	0	0.00148002927814	0.000212814667445	0.0518880852806	0.0098023725611	0.00993135114743	3.22446465826e-06	0.00040628254694	0.00717765832928	0.0103892251289	3.22446465826e-06	0	0	0	0.0034372793257	1.2897858633e-05	0.000422404870231	0.000528812203954	0.000199916808812	0.00532359115078	0.00506885844278	9.67339397477e-06	0.000760973659348	0	6.44892931651e-06	2.90201819243e-05	6.44892931651e-05	6.44892931651e-06	3.22446465826e-06	9.67339397477e-06	0.00231194115997	9.67339397477e-06	0.000167672162229	9.67339397477e-06	0.0137555662321	0	3.22446465826e-06	9.67339397477e-06	0.0100538808044	0	0	0	0	0	0.000219263596761	0.00244414421096	0.000157998768255	0.00700031277307	0.00275691728281	0.000731953477424	0.000328895395142	0	0.000248283778686	9.67339397477e-06	0.000544934527245	5.48158991903e-05	0.000154774303596	3.86935758991e-05	3.22446465826e-06
0.00324703591086	3.22446465826e-05	0.00122529657014	0	0.00344050379036	0.000819014023197	0.00665529505464	0.0105536728265	0.00939931447881	0.000141876444963	0.00349854415421	0.00818369130265	0.0145616823967	0.00116725620629	0.0279915776983	0.000596525961777	0.000419180405573	0.00193145433029	0.00530101989817	0.00600395319367	0.0137716885554	0.00142521337895	0	0.0012897858633	0.00749365586578	1.2897858633e-05	0.00911556158889	0.000731953477424	0.0098023725611	0.0740111373009	0.0208268172277	7.41626871399e-05	0.00514302112992	0.0177893715196	0.0348693608144	1.2897858633e-05	9.67339397477e-06	0	0	0.000390160223649	0	0.000187018950179	0.000254732708002	0.000138651980305	0.00193790325961	9.99584044059e-05	1.93467879495e-05	0.000225712526078	3.22446465826e-06	1.2897858633e-05	6.44892931651e-05	2.25712526078e-05	3.22446465826e-05	9.67339397477e-06	4.19180405573e-05	1.61223232913e-05	3.22446465826e-06	1.2897858633e-05	2.25712526078e-05	0.00383066401401	3.22446465826e-06	1.61223232913e-05	0.000122529657014	0.0030277723141	0	0	0	0	0	0.000512689880663	0.00641346020527	0.00124141889343	0.0181763072786	0.00614905410329	0.00100280850872	0.00042562933489	6.77137578234e-05	0.000503016486688	1.61223232913e-05	0.00146068249019	3.54691112408e-05	0.000532036668612	0.000183794485521	0
0.00435947621796	0.000138651980305	0.00452714838019	0	0	0	6.12648285068e-05	0.016747869435	0.00342438146707	0.000248283778686	9.67339397477e-06	1.2897858633e-05	2.25712526078e-05	6.44892931651e-06	0.0151098413886	0.000141876444963	0.00127043907535	0.00684553846948	1.61223232913e-05	0.000396609152965	1.93467879495e-05	0.0188179757456	2.25712526078e-05	0.0135395271	0.00075774919469	0	0.00397898938829	0.000457873981472	0.00993135114743	0.0208268172277	0.0589657852055	6.44892931651e-06	9.67339397477e-06	0.0146358450838	0.0153097581974	0	5.80403638486e-05	0	0	0.000135427515647	0	3.54691112408e-05	0.000232161455394	0.000145100909621	0.000548158991903	9.67339397477e-06	3.22446465826e-06	3.22446465826e-06	0	3.22446465826e-06	6.12648285068e-05	6.44892931651e-06	3.54691112408e-05	3.22446465826e-06	1.61223232913e-05	3.22446465826e-06	2.5795717266e-05	0	4.51425052156e-05	0.00125754121672	0	0	0.000245059314027	0.00102537976133	0	0	0	0	0	0.000219263596761	0.0022248806142	8.06116164564e-05	0.0100829009864	0.0058395054961	0.00164447697571	0.000315997536509	0	0.000438527193523	2.25712526078e-05	0.000986686185426	9.67339397477e-06	0.000357915577066	0	0
0	0.000209590202787	3.22446465826e-06	0	0	3.22446465826e-06	3.22446465826e-06	3.22446465826e-06	3.22446465826e-06	0.000106407333722	6.44892931651e-06	0.000370813435699	6.44892931651e-06	0.00274079495952	1.2897858633e-05	6.44892931651e-06	1.2897858633e-05	3.22446465826e-06	4.51425052156e-05	2.5795717266e-05	1.61223232913e-05	3.22446465826e-06	0.000167672162229	1.2897858633e-05	1.61223232913e-05	0.000680362042892	0.00148970267211	0.00162513018776	3.22446465826e-06	7.41626871399e-05	6.44892931651e-06	0.00439816979386	3.54691112408e-05	3.22446465826e-06	9.35094750894e-05	0	0	0	0	0	0	0	0	0	0	0	0.000264406101977	0	7.41626871399e-05	0	0	0	0	0.00035146664775	0.000254732708002	0	1.61223232913e-05	0	1.93467879495e-05	0	3.86935758991e-05	0.00113501155971	2.5795717266e-05	0	0	0	9.67339397477e-06	0	0	0	0.000602974891094	0.000835136346488	0.000251508243344	0.000141876444963	6.44892931651e-06	0	6.44892931651e-06	1.93467879495e-05	0.00035146664775	0	0	0	0	3.22446465826e-06
0	0	9.02850104311e-05	0	0.000141876444963	0.00222165614954	0.00120272531753	4.51425052156e-05	0.000928645821577	3.22446465826e-06	6.77137578234e-05	0.00135427515647	0.000151549838938	0.000464322910789	0.00123819442877	0.000141876444963	3.22446465826e-06	1.2897858633e-05	0.000793218305931	7.41626871399e-05	0.000241834849369	9.67339397477e-06	0	0.000119305192355	0.00035146664775	3.22446465826e-06	0.000670688648917	7.41626871399e-05	0.00040628254694	0.00514302112992	9.67339397477e-06	3.54691112408e-05	0.00853193348574	0.000390160223649	0.00459486213801	3.22446465826e-06	0	0	0	0	0	4.19180405573e-05	3.22446465826e-06	6.44892931651e-06	0	0	0	0	0	3.22446465826e-06	0	0	0	0	3.22446465826e-06	0	0	0	0	0	0	0	0	0	0	0	0	0	0	1.2897858633e-05	0.00143488677292	0.000228936990736	0.00180570020862	0.000719055618791	0.000593301497119	0.000312773071851	3.86935758991e-05	0	0	0	3.22446465826e-06	3.22446465826e-05	4.51425052156e-05	0
0.000315997536509	2.25712526078e-05	0.000538485597929	0	0.00100280850872	0.000299875213218	0.00025795717266	0.00844164847531	0.00149937606609	0.000254732708002	0.000238610384711	0.000154774303596	0.000490118628055	1.61223232913e-05	0.00261181637319	0.000154774303596	0.000341793253775	0.000206365738128	0.000132203050988	0.000306324142534	0.000931870286236	0.000673913113575	1.93467879495e-05	0.000422404870231	0.00319222001167	0	0.000806116164564	0.000157998768255	0.00717765832928	0.0177893715196	0.0146358450838	3.22446465826e-06	0.000390160223649	0.0220392159392	0.0121788030142	3.22446465826e-06	3.22446465826e-06	0	0	0.000183794485521	0	3.54691112408e-05	0.000235385920053	0.000141876444963	0.000777095982639	1.61223232913e-05	0	0	0	6.44892931651e-06	3.86935758991e-05	6.44892931651e-06	2.90201819243e-05	0	9.67339397477e-06	0	6.44892931651e-06	0	1.2897858633e-05	0.00165092590503	0	0	6.44892931651e-05	0.00118660299424	0	0	0	0	0	0.000151549838938	0.00135105069181	7.73871517981e-05	0.010482734604	0.00586852567802	0.00121884764082	0.000393384688307	0	0.000261181637319	0	0.000712606689474	0	0.000235385920053	9.67339397477e-06	0
0.000216039132103	0.000251508243344	0.0035146664775	0	0.00281495764666	0.000993135114743	0.00225712526078	0.00358882916464	0.00230226776599	0.000267630566635	0.00225390079612	0.0105311015739	0.00862221849617	0.00151872285404	0.00725182101642	0.000174121091546	0.00228936990736	0.0100893499157	0.00581048531418	0.0132138561695	0.00965404718682	0.00674235560041	4.19180405573e-05	0.0101506147442	0.00722280083449	4.83669698738e-05	0.0156773471684	0.0032825050221	0.0103892251289	0.0348693608144	0.0153097581974	9.35094750894e-05	0.00459486213801	0.0121788030142	0.073869260856	2.90201819243e-05	0.000251508243344	9.67339397477e-06	0	0.000386935758991	0	0.000219263596761	0.000370813435699	0.000245059314027	0.00202496380538	9.35094750894e-05	1.93467879495e-05	0.000135427515647	1.2897858633e-05	3.86935758991e-05	6.77137578234e-05	6.44892931651e-05	0.000673913113575	9.67339397477e-06	0.000357915577066	1.2897858633e-05	0.000241834849369	1.61223232913e-05	0.000612648285068	0.0036307472052	3.22446465826e-06	7.41626871399e-05	0.000802891699906	0.00319222001167	6.44892931651e-06	0	0	0	0	0.000457873981472	0.0135846696052	0.00213459560376	0.0359173118283	0.0147067833063	0.00301809892013	0.00130268372194	9.02850104311e-05	0.00176700663272	0.000248283778686	0.00170251733956	0.000435302728864	0.000573954709169	0.000190243414837	0
0	0	6.44892931651e-06	0	0	0	0	0	0	0	0	0	0	2.25712526078e-05	0	0	0	2.25712526078e-05	0	0	0	0	0	0	3.22446465826e-06	0	2.25712526078e-05	6.44892931651e-06	3.22446465826e-06	1.2897858633e-05	0	0	3.22446465826e-06	3.22446465826e-06	2.90201819243e-05	0.0221295009496	0	2.5795717266e-05	0	9.67339397477e-06	0	0.00266018334306	0.0162545263423	0.00505596058414	0	0.00347919736626	0.00114790941834	6.44892931651e-06	0	0.0108438746457	3.22446465826e-06	6.44892931651e-06	0.000577179173828	0.000112856263039	0.000870605457729	1.2897858633e-05	0.00208945309855	0	0.00575244495033	5.15914345321e-05	0	3.54691112408e-05	9.35094750894e-05	0.00148002927814	0.00988298417755	0.003321198598	0	0	6.12648285068e-05	0.00143811123758	1.2897858633e-05	0	2.5795717266e-05	2.5795717266e-05	0	0	0	0.000354691112408	0.000116080727697	0.00223455400817	4.51425052156e-05	4.19180405573e-05	5.15914345321e-05	0
2.25712526078e-05	0.0105988153317	0.000151549838938	0	0	0	0	2.25712526078e-05	3.22446465826e-06	2.25712526078e-05	0	3.22446465826e-06	3.22446465826e-06	0.000270855031293	5.15914345321e-05	0	8.06116164564e-05	0.00100280850872	3.22446465826e-06	0.000248283778686	3.22446465826e-06	2.5795717266e-05	0.000306324142534	0.000122529657014	2.5795717266e-05	0.00344695271967	0.00333732092129	0.0148744554685	0	9.67339397477e-06	5.80403638486e-05	0	0	3.22446465826e-06	0.000251508243344	0	0.0282043923658	0	0	0.000296650748559	0	4.19180405573e-05	0	0	0.00562991529331	0	0.000328895395142	6.44892931651e-06	0.000883503316362	0	5.15914345321e-05	0.00102860422598	1.93467879495e-05	2.5795717266e-05	8.06116164564e-05	0	0	0.00936384536757	2.90201819243e-05	0.00598138194106	0.00575244495033	0.00207333077526	0.0241028733205	0.000325670930484	0	0	3.22446465826e-06	0	0	5.15914345321e-05	0.000164447697571	6.44892931651e-06	8.70605457729e-05	2.90201819243e-05	9.67339397477e-06	9.67339397477e-06	0	3.86935758991e-05	6.77137578234e-05	2.5795717266e-05	0	0	0	0.00012897858633
0	0	0	0	0	0	0	0	0	0	0	0	0	0	0	0	0	4.19180405573e-05	0	2.25712526078e-05	0	0	0	3.22446465826e-06	0	0	7.41626871399e-05	9.67339397477e-06	0	0	0	0	0	0	9.67339397477e-06	2.5795717266e-05	0	0.0172928039622	0	0	0	0.000225712526078	0.00209267756321	0.000570730244511	0	1.61223232913e-05	6.44892931651e-06	0	0	0.000164447697571	0	4.51425052156e-05	0.00130913265125	0	0.000251508243344	0	0.00145745802553	0	0.00758716534087	3.22446465826e-05	0	0.00548158991903	0.00600072872901	0.00261181637319	2.5795717266e-05	9.67339397477e-05	0	0	0	0	1.61223232913e-05	0	3.22446465826e-06	3.22446465826e-06	3.22446465826e-06	0	0	0.00022248806142	0.000177345556204	0.000154774303596	1.2897858633e-05	1.2897858633e-05	0	0
0	0	0	0	0	0	0	0	0	0	0	0	0	0	0	0	0	0	0	0	0	0	0	0	0	0	0	0	0	0	0	0	0	0	0	0	0	0	0	0	0	0	0	0	0	0	0	0	0	0	0	0	0	0	0	0	0	0	0	0	0	0	0	0	0	0	0	0	0	0	0	0	0	0	0	0	0	0	0	0	0	0	0	0
0	2.5795717266e-05	0	0	0.00113178709505	0	6.44892931651e-06	6.77137578234e-05	1.2897858633e-05	0.00118015406492	3.22446465826e-06	1.2897858633e-05	0.000125754121672	0	0.000112856263039	0	0	0	2.25712526078e-05	3.86935758991e-05	0.000135427515647	0	2.5795717266e-05	9.67339397477e-06	0.00446588355168	3.22446465826e-06	7.41626871399e-05	6.44892931651e-05	0.0034372793257	0.000390160223649	0.000135427515647	0	0	0.000183794485521	0.000386935758991	9.67339397477e-06	0.000296650748559	0	0	0.015964324523	0.000112856263039	0.000931870286236	4.51425052156e-05	0.000254732708002	0.0060555446282	0.00596525961777	3.22446465826e-06	0.00187341396645	3.22446465826e-06	3.22446465826e-06	0.000760973659348	1.61223232913e-05	0	9.67339397477e-06	9.67339397477e-06	0.00504306272551	0	0.000435302728864	1.61223232913e-05	0.011124403071	0.000112856263039	4.83669698738e-05	0.000290201819243	0.00498502236166	6.44892931651e-06	0	0	0	0	1.2897858633e-05	3.86935758991e-05	0	0.000193467879495	0.000154774303596	9.67339397477e-06	0	0	0.000370813435699	2.25712526078e-05	0.000106407333722	6.44892931651e-05	0.00012897858633	4.83669698738e-05	1.61223232913e-05
