0.0157455283261	0	0	0	0	0	0	0.0108086880908	0.000822806705875	0.00169236379276	2.80502286094e-05	0	0	0	0.00530149320717	9.35007620312e-06	0	0	0	0	0	0	0	0	0.00327252667109	0	0	0	0.00771381286757	0.0054043440454	0.00331927705211	0	0	9.35007620312e-06	0	0	0	0	0	0	0	0	0	0	0.00151471234491	0	0	0	0	0	0	0.000430103505344	0	0	0	0	0	0.0011874596778	0	0.00165496348795	0	0	0	0	0	0	0	0	0	7.4800609625e-05	0	0	0	0	0	0	0	2.80502286094e-05	0	7.4800609625e-05	4.67503810156e-05	0	0	0
0	0.0145206683434	9.35007620312e-06	0	0	0	0	0	0	0.0057035464839	0	0	2.80502286094e-05	1.87001524062e-05	0	0	4.67503810156e-05	0	0	0	0	0	0.005385643893	1.87001524062e-05	0.00427298482483	0.00134641097325	0.00057035464839	0.0106403867192	9.35007620312e-06	0	0	0	0	0	0	0	0.00759226187693	0	0	0	0	0	0	0	0.000205701676469	0	0	0	6.54505334218e-05	0	0	0.000158951295453	0	3.74003048125e-05	0	0	0	0.000439453581547	0	0.000121550990641	0.000757356172453	0.00042075342914	0.00723695898122	0	0	0	0	0	0	0	0	0	0	0	0	0	0	0	0	0	0	0	0	0
0	9.35007620312e-06	0.023384540584	0	0	0	1.87001524062e-05	0	0	0	1.87001524062e-05	0	0	0	0	0	0	0.00385223139569	0	3.74003048125e-05	0	4.67503810156e-05	0	0.0110330899197	0	0	0.00386158147189	0.00977082963226	0	0	0	0	0	0	0.000177651447859	0	0.000121550990641	0	0	0	0	0	0	0	0	0	0	0	0	0	0	0	0	0	0	0	0	0	9.35007620312e-06	0	0	0	0.000121550990641	0	0	0	0	0	0	0	0.0002992024385	0	0.000224401828875	3.74003048125e-05	0	0	0	9.35007620312e-06	0	9.35007620312e-06	9.35007620312e-06	0	0	0
0	0	0	0	0	0	0	0	0	0	0	0	0	0	0	0	0	0	0	0	0	0	0	0	0	0	0	0	0	0	0	0	0	0	0	0	0	0	0	0	0	0	0	0	0	0	0	0	0	0	0	0	0	0	0	0	0	0	0	0	0	0	0	0	0	0	0	0	0	0	0	0	0	0	0	0	0	0	0	0	0	0	0	0
0	0	0	0	0.0199156623126	2.80502286094e-05	0.000476853886359	0.000654505334218	5.61004572187e-05	0.012660003179	0.00472178848258	0	0.00612429991304	0	1.87001524062e-05	0.000280502286094	0	0	0	0	0.00885452216436	0	0	0	0.0151658236015	0	0	0	0.00865817056409	0	0	0	0	0	0	0	0	0	0	0.00153341249731	0	0	0	0	0.00446933642509	2.80502286094e-05	0	6.54505334218e-05	0	0	9.35007620312e-06	0	0	0	0	0.000757356172453	0	2.80502286094e-05	0	0.0104346850427	0	0	0	0.00376808070986	0	0	0	0	0	9.35007620312e-06	0	0	0.000411403352937	0	0.000252452057484	0	0	0.000542304419781	0	9.35007620312e-06	9.35007620312e-06	9.35007620312e-06	0	0
0	0	0	0	2.80502286094e-05	0.00460958756814	0.002393619508	0.000411403352937	0.00156146272592	0	0.001196809754	0	0.000345952819515	0	0.000598404877	0.00142121158287	0	0	0	0	2.80502286094e-05	0	0	0	0.000140251143047	0	0	0	0.000289852362297	0	0	0	8.41506858281e-05	0	1.87001524062e-05	0	0	0	0	0	0	0	0	0	0	0	0	0	0	0	0	0	0	0	0	0	0	0	0	0	0	0	0	0	0	0	0	0	0	0	6.54505334218e-05	0	9.35007620312e-06	9.35007620312e-06	0.00126226028742	0.000345952819515	0	0	0	0	0	0	0	0
0	0	1.87001524062e-05	0	0.000476853886359	0.002393619508	0.0323045132818	0.00156146272592	0.0156894278688	0.000233751905078	0.0258997110826	0.00592794831278	0.0056941964077	0.000205701676469	0.00438518573926	0.0014960121925	0	0.00124356013502	0.00266477171789	0.0030013744612	0.000523604267375	0	0	1.87001524062e-05	0.000832156782078	0	0.00227206851736	1.87001524062e-05	0.00611494983684	0.000233751905078	0	1.87001524062e-05	6.54505334218e-05	0	0.00190741554544	0	0	0	0	0	0	0	0	0	0	5.61004572187e-05	0	0.00297332423259	0	0	0	0	0	0	0	0.000364652971922	0	0	0	2.80502286094e-05	0	0	0	9.35007620312e-06	0	0	0	0	0	0	8.41506858281e-05	0.000177651447859	0.010724537405	0.000532954343578	0.000561004572187	0.000130901066844	0	8.41506858281e-05	0	0	0	5.61004572187e-05	0	0
0.0108086880908	0	0	0	0.000654505334218	0.000411403352937	0.00156146272592	0.0724163401932	0.0112668418248	0.00220661798394	0.0161662817552	0.000102850838234	0	0	0.0202616151322	0.000832156782078	0	0.000177651447859	6.54505334218e-05	8.41506858281e-05	0	0.00866752064029	0	0.0074987611149	0.00503969107348	0	0.000130901066844	0	0.0271619713701	0.00501164084487	0.0290600368393	0	0	0.000121550990641	0.00474983871119	0	9.35007620312e-06	0	0	0	9.35007620312e-06	9.35007620312e-06	0.000121550990641	0.000177651447859	0.000729305943843	0	0	0	0	0.000317902590906	0	0.000243101981281	0	0	0	0	0.000121550990641	0.000654505334218	0.000607754953203	0.0018045647072	0	0	0.000289852362297	0.00103785845855	0	0.000308552514703	0	3.74003048125e-05	0	0.000495554038765	0.00284242316575	9.35007620312e-06	0.00657310357079	0.00170171386897	0.000121550990641	0	0	0.000140251143047	9.35007620312e-06	0.00112200914437	0.0011874596778	0	3.74003048125e-05	0
0.000822806705875	0	0	0	5.61004572187e-05	0.00156146272592	0.0156894278688	0.0112668418248	0.0385503641855	0	0.0244036988901	0.00374938055745	0.000411403352937	0.000140251143047	0.0188030032445	0.000504904114969	0	0.00044880365775	0.00235621920319	0.00115940944919	5.61004572187e-05	0.000252452057484	0	0	0.00215051752672	0	0.00143056165908	0	0.0112948920534	0.000383353124328	0.00134641097325	0	8.41506858281e-05	0	0.00128096043983	0	0	0	0	0	0	0	0	0	0	0	0	2.80502286094e-05	0	9.35007620312e-06	0	0	0	0	0	0	0	0	3.74003048125e-05	2.80502286094e-05	0	0	1.87001524062e-05	2.80502286094e-05	0	9.35007620312e-06	0	0	0	0	0.000776056324859	5.61004572187e-05	0.00483398939701	0.000383353124328	0.000289852362297	0	0	0	0	9.35007620312e-06	2.80502286094e-05	0	0	0
0.00169236379276	0.0057035464839	0	0	0.012660003179	0	0.000233751905078	0.00220661798394	0	0.0580172228404	0.00291722377537	0	0.00675075501865	9.35007620312e-06	0.000252452057484	0.00192611569784	0.0023842694318	0	0	0	0.00665725425662	0.000308552514703	0.0153621752017	0.000392703200531	0.0459088741573	0.00107525876336	0	0.00451608680611	0.0251517049864	0.000935007620312	0	0	0	0	0.000458153733953	0	3.74003048125e-05	0	0	0.000906957391703	4.67503810156e-05	8.41506858281e-05	0	0.000121550990641	0.012519752036	0	0	6.54505334218e-05	0	8.41506858281e-05	9.35007620312e-05	0.00761096202934	0	9.35007620312e-06	0	1.87001524062e-05	0.00266477171789	0.0115286439584	0.00305747491842	0.035212386981	0	0	0.000140251143047	0.0127909042459	4.67503810156e-05	0.0002992024385	0	5.61004572187e-05	5.61004572187e-05	0.00170171386897	0.000439453581547	0	0.000953707772718	0.000402053276734	0.00142121158287	1.87001524062e-05	0	0.00227206851736	0	0.00167366364036	0.000972407925125	0.000757356172453	2.80502286094e-05	0
2.80502286094e-05	0	1.87001524062e-05	0	0.00472178848258	0.001196809754	0.0258997110826	0.0161662817552	0.0244036988901	0.00291722377537	0.0758758683883	0.00639545212293	0.00566614617909	0	0.0135015100373	0.000663855410422	0	0.00135576104945	0.0027021720227	0.00369328010023	0.00455348711092	0.000252452057484	0	3.74003048125e-05	0.00486203962562	0	0.00227206851736	1.87001524062e-05	0.0190835055306	0.00106590868716	0.00113135922058	0	0	0	0.00333797720451	0	0	0	0	0.000822806705875	0	0	0	0	0.000355302895719	0.000476853886359	0	0.0041981842152	0	9.35007620312e-06	0	0	0	0	0	0.00260867126067	0	0	3.74003048125e-05	0.00288917354676	0	0	1.87001524062e-05	0.00192611569784	0	9.35007620312e-06	0	0	0	9.35007620312e-06	0.0015053622687	0.000233751905078	0.0138007124758	0.00185131508822	0.00151471234491	3.74003048125e-05	0	5.61004572187e-05	0	9.35007620312e-06	2.80502286094e-05	3.74003048125e-05	0	0
0	0	0	0	0	0	0.00592794831278	0.000102850838234	0.00374938055745	0	0.00639545212293	0.0299389440024	0.000243101981281	0.00469373825397	0.000860207010687	0	0	0.00205701676469	0.00579704724594	0.00716215837159	0	0.000336602743312	0	0.000374003048125	1.87001524062e-05	0.000102850838234	0.00873297117372	3.74003048125e-05	0.00265542164169	0.00367457994783	6.54505334218e-05	0.00111265906817	4.67503810156e-05	0	0.00901347345981	0	0	0	0	0	0	0	0	0	0	0	3.74003048125e-05	0.00143056165908	0.000673205486625	0	0	0	0	0	0	0.000261802133687	0	0	0	1.87001524062e-05	0.000355302895719	0.000130901066844	1.87001524062e-05	1.87001524062e-05	0	0	0.000374003048125	0	0	0	0.0026834718703	0.00207571691709	0.0181297977579	0.00140251143047	0	9.35007620312e-06	0.000944357696515	0	0	0	0	0	0	0
0	2.80502286094e-05	0	0	0.00612429991304	0.000345952819515	0.0056941964077	0	0.000411403352937	0.00675075501865	0.00566614617909	0.000243101981281	0.021636076334	0	3.74003048125e-05	0.00281437293714	9.35007620312e-05	2.80502286094e-05	5.61004572187e-05	9.35007620312e-05	0.00761096202934	0	2.80502286094e-05	0	0.00741461042907	0	0.000177651447859	2.80502286094e-05	0.00271152209891	0	0	0	0	0	2.80502286094e-05	0	0	0	0	0.000981758001328	9.35007620312e-06	9.35007620312e-06	0	9.35007620312e-06	0.00181391478341	3.74003048125e-05	0	0.00193546577405	0	0	5.61004572187e-05	1.87001524062e-05	0	0	0	0.000411403352937	0	3.74003048125e-05	0	0.0039083318529	0	0	0	0.0014960121925	9.35007620312e-06	0	0	9.35007620312e-06	0	1.87001524062e-05	0.00071995586764	1.87001524062e-05	0.00276762255612	0.000140251143047	0.000944357696515	0	0	0.00115005937298	9.35007620312e-06	9.35007620312e-06	0	0.000439453581547	0	0
0	1.87001524062e-05	0	0	0	0	0.000205701676469	0	0.000140251143047	9.35007620312e-06	0	0.00469373825397	0	0.0208226197044	0.000878907163093	0	0	0	0	0	0	0	9.35007620312e-06	0	1.87001524062e-05	0.00158951295453	0.00589054800797	0.00216921767912	0	0.00086955708689	0	0.00187001524062	0.000430103505344	0	0.00225336836495	0	9.35007620312e-06	0	0	0	0	0	0	0	0	0	0.000551654495984	0	0.00608689960823	0	0	0	0	0	0	0	0	0	0	1.87001524062e-05	0.00313227552805	0.00322577629008	0.0015053622687	1.87001524062e-05	0	0	0.0038989817767	0	0	9.35007620312e-06	0.00262737141308	0.00670400463764	0.00415143383419	9.35007620312e-06	0	3.74003048125e-05	0.00111265906817	9.35007620312e-06	0	0	0	0	0	0
0.00530149320717	0	0	0	1.87001524062e-05	0.000598404877	0.00438518573926	0.0202616151322	0.0188030032445	0.000252452057484	0.0135015100373	0.000860207010687	3.74003048125e-05	0.000878907163093	0.0393077203579	0.000523604267375	0	1.87001524062e-05	9.35007620312e-05	6.54505334218e-05	1.87001524062e-05	0.000252452057484	0	2.80502286094e-05	0.0029826743088	0	0.000168301371656	0	0.0116221447205	0.00428233490103	0.00491814008284	2.80502286094e-05	0.000439453581547	0	0.00317902590906	0	0	0	0	0	0	0	0	0	0.000130901066844	0	0	9.35007620312e-06	0	9.35007620312e-06	0	0	0	0	0	0	0	7.4800609625e-05	3.74003048125e-05	0.000243101981281	0	0	1.87001524062e-05	3.74003048125e-05	0	9.35007620312e-06	0	0	0	7.4800609625e-05	0.000860207010687	9.35007620312e-06	0.00233751905078	0.000804106553468	0.000121550990641	0	0	4.67503810156e-05	0	8.41506858281e-05	5.61004572187e-05	0	0	0
9.35007620312e-06	0	0	0	0.000280502286094	0.00142121158287	0.0014960121925	0.000832156782078	0.000504904114969	0.00192611569784	0.000663855410422	0	0.00281437293714	0	0.000523604267375	0.0104627352713	0.000121550990641	0	0	0	5.61004572187e-05	9.35007620312e-06	0	0	0.00121550990641	0	0	0	0.00315097568045	0.000187001524062	0	0	9.35007620312e-06	0	2.80502286094e-05	0	0	0	0	2.80502286094e-05	9.35007620312e-06	9.35007620312e-06	0	1.87001524062e-05	1.87001524062e-05	0	0	0.000102850838234	0	0	4.67503810156e-05	0.000130901066844	0	0	0	5.61004572187e-05	2.80502286094e-05	0.00014960121925	8.41506858281e-05	0.000364652971922	0	0	9.35007620312e-06	0.000130901066844	0	9.35007620312e-06	0	1.87001524062e-05	0	0.00100980822994	0.00171106394517	0	1.87001524062e-05	0	0.00227206851736	0.000158951295453	0	0.0011874596778	2.80502286094e-05	0.000813456629672	0.00042075342914	0.000383353124328	9.35007620312e-06	0
0	4.67503810156e-05	0	0	0	0	0	0	0	0.0023842694318	0	0	9.35007620312e-05	0	0	0.000121550990641	0.0177557947097	0	0	0	0	0.00380548101467	0.0100139316135	0.0063019513609	0.00728370936223	0	0	0.00217856775533	0.00309487522323	0	0	0	0	0	1.87001524062e-05	0	2.80502286094e-05	0	0	0	0	0	0	0	0	0	0	0	0	0	0	0.00416078391039	0	9.35007620312e-06	9.35007620312e-06	0	0.0017858645548	0.0054043440454	0.0038989817767	0.00130901066844	0	9.35007620312e-06	0.00258997110826	0.00195416592645	0	0	0	0	0	0	0.00230011874597	0.000458153733953	1.87001524062e-05	0	0	0	0	0.000308552514703	9.35007620312e-06	0	0	0	0	0
0	0	0.00385223139569	0	0	0	0.00124356013502	0.000177651447859	0.00044880365775	0	0.00135576104945	0.00205701676469	2.80502286094e-05	0	1.87001524062e-05	0	0	0.019148956064	0	0.00581574739834	0	6.54505334218e-05	0	0.00528279305476	0	0	0.00344082804275	0.0012061598302	2.80502286094e-05	0.000589054800797	0.000140251143047	0	0	0	0.00702190722854	0	0.000495554038765	0	0	0	0	0	0	0	0	0	0	0.00057035464839	0	0	0	0	0	1.87001524062e-05	0.000551654495984	0	0	0	0	0	0	0.000607754953203	0.000467503810156	0	0	0	0	0	0	0	0.0002992024385	0.000906957391703	0.00753616141972	0.000280502286094	0	0	0	0.000439453581547	0.000411403352937	0	0	0	0	0
0	0	0	0	0	0	0.00266477171789	6.54505334218e-05	0.00235621920319	0	0.0027021720227	0.00579704724594	5.61004572187e-05	0	9.35007620312e-05	0	0	0	0.00966797879403	0.00163626333555	0	0.000130901066844	0	0.00014960121925	0	0	0.00611494983684	0.000514254191172	0.00201961645987	0.00102850838234	4.67503810156e-05	2.80502286094e-05	0	0	0.00103785845855	0	0.000495554038765	0	0	0	0	0	0	0	0	0	0	0.000289852362297	0	0	0	0	0	6.54505334218e-05	4.67503810156e-05	7.4800609625e-05	0	0	0	0	0.000626455105609	0.000280502286094	0.000804106553468	0	0	0	0	0	0	1.87001524062e-05	0.00129031051603	0.000317902590906	0.00506774130209	0.000645155258015	0	0	0	1.87001524062e-05	1.87001524062e-05	0	0	0	0	0
0	0	3.74003048125e-05	0	0	0	0.0030013744612	8.41506858281e-05	0.00115940944919	0	0.00369328010023	0.00716215837159	9.35007620312e-05	0	6.54505334218e-05	0	0	0.00581574739834	0.00163626333555	0.0136137109517	0	2.80502286094e-05	0	0.000112200914437	0	0	0.00151471234491	0.000140251143047	0.000280502286094	0.000691905639031	7.4800609625e-05	0	0	0	0.00684425578068	0	2.80502286094e-05	0	0	0	0	0	0	0	0	0	0	0.00136511112566	0	0	0	0	0	0	0	0.000158951295453	0	0	0	0	9.35007620312e-06	9.35007620312e-06	5.61004572187e-05	0	0	0	0	0	0	1.87001524062e-05	0.000617105029406	0.000383353124328	0.00954642780339	0.000224401828875	0	0	0	1.87001524062e-05	1.87001524062e-05	0	0	0	0	0
0	0	0	0	0.00885452216436	2.80502286094e-05	0.000523604267375	0	5.61004572187e-05	0.00665725425662	0.00455348711092	0	0.00761096202934	0	1.87001524062e-05	5.61004572187e-05	0	0	0	0	0.015558526802	0	0	0	0.00701255715234	0	0	0	0.00452543688231	0	0	0	0	0	0	0	0	0	0	0.00145861188769	0	0	0	0	0.00190741554544	3.74003048125e-05	0	0.000532954343578	0	0	9.35007620312e-06	0	0	0	0	0.000785406401062	0	0	0	0.00621780067508	0	0	0	0.00349692849997	0	0	0	0	0	0	3.74003048125e-05	0	0.000776056324859	0.000252452057484	0.000308552514703	0	0	0.000579704724594	0	0	0	3.74003048125e-05	0	0
0	0	4.67503810156e-05	0	0	0	0	0.00866752064029	0.000252452057484	0.000308552514703	0.000252452057484	0.000336602743312	0	0	0.000252452057484	9.35007620312e-06	0.00380548101467	6.54505334218e-05	0.000130901066844	2.80502286094e-05	0	0.0606539443296	0.00431973520584	0.038344662509	0.000822806705875	0	0.000271152209891	0.000430103505344	0.0148011706295	0.000140251143047	0.0229637871549	0	0	0.0014960121925	0.00536694374059	0	0	0	0	0	0	0	3.74003048125e-05	5.61004572187e-05	0	0	0	0	0	8.41506858281e-05	0	0.00322577629008	0	0	9.35007620312e-06	0	0.000963057848921	0.00445063627269	0.00512384175931	0.000345952819515	0	9.35007620312e-06	0.00259932118447	0.000635805181812	0	8.41506858281e-05	0	0	0	0	0.0173256912044	0.00294527400398	0.00441323596787	0.00074800609625	9.35007620312e-05	0	0	0.000121550990641	0.000102850838234	0.000158951295453	0.000514254191172	0	0	0
0	0.005385643893	0	0	0	0	0	0	0	0.0153621752017	0	0	2.80502286094e-05	9.35007620312e-06	0	0	0.0100139316135	0	0	0	0	0.00431973520584	0.0448897158512	0.0119774476162	0.0157455283261	0.000925657544109	0	0.0119493973876	0.00460023749194	0	0	0	0	0	0	0	0.00687230600929	0	0	0	0	0	0	0	0.000458153733953	0	0	0	0	0	0	0.0121831492927	0	0	0	0	0.00374003048125	0.0256659591776	0.00976147955606	0.00618040037026	0	0	0.0158764293929	0.00545109442642	0	0	0	0	0	0	0	0	0	0	0	0	0	4.67503810156e-05	4.67503810156e-05	0	0	0	0	0
0	1.87001524062e-05	0.0110330899197	0	0	0	1.87001524062e-05	0.0074987611149	0	0.000392703200531	3.74003048125e-05	0.000374003048125	0	0	2.80502286094e-05	0	0.0063019513609	0.00528279305476	0.00014960121925	0.000112200914437	0	0.038344662509	0.0119774476162	0.0906022384082	0.00101915830614	0	0.00128096043983	0.013164907294	0.00863947041168	1.87001524062e-05	0.0122579499023	0	0	0.000121550990641	0.0068910061617	0	0.00262737141308	0	0	0	0	0	1.87001524062e-05	5.61004572187e-05	0	0	0	0	0	0.000121550990641	0	0.00711540799058	0	0	9.35007620312e-06	0	0.000916307467906	0.0101635328328	0.00885452216436	0.000355302895719	0	9.35007620312e-06	0.0134173593515	0.000626455105609	0	6.54505334218e-05	0	0	0	0	0.0206823685613	0.00369328010023	0.00606819945583	0.00101915830614	0	0	0	0.000598404877	0.00057035464839	0.000140251143047	0.00044880365775	0	0	0
0.00327252667109	0.00427298482483	0	0	0.0151658236015	0.000140251143047	0.000832156782078	0.00503969107348	0.00215051752672	0.0459088741573	0.00486203962562	1.87001524062e-05	0.00741461042907	1.87001524062e-05	0.0029826743088	0.00121550990641	0.00728370936223	0	0	0	0.00701255715234	0.000822806705875	0.0157455283261	0.00101915830614	0.0714158820394	0.000542304419781	1.87001524062e-05	0.00464698787295	0.0393170704341	0.0015053622687	0	1.87001524062e-05	0	0	0.000140251143047	0	6.54505334218e-05	0	0	0.000878907163093	0	0	0	8.41506858281e-05	0.0100326317659	0	0	0	0	8.41506858281e-05	9.35007620312e-06	0.00617105029406	0	1.87001524062e-05	9.35007620312e-06	0	0.00304812484222	0.0114912436536	0.00327252667109	0.0321829622911	0	9.35007620312e-06	0.000402053276734	0.0143336668194	6.54505334218e-05	0.000308552514703	0	1.87001524062e-05	7.4800609625e-05	0.00123421005881	0.0036091294144	0.0008976073155	0.000168301371656	7.4800609625e-05	0.000374003048125	0	0	0.0021037671457	9.35007620312e-06	0.00112200914437	0.00074800609625	4.67503810156e-05	0	0
0	0.00134641097325	0	0	0	0	0	0	0	0.00107525876336	0	0.000102850838234	0	0.00158951295453	0	0	0	0	0	0	0	0	0.000925657544109	0	0.000542304419781	0.00507709137829	5.61004572187e-05	0.00159886303073	0	0	0	0	0	0	0	0	0.000177651447859	0	0	0	0	0	0	0	0	0	1.87001524062e-05	0	0.00105655861095	0	0	0	0	0	0	0	0	0	0	0	0.000991108077531	0.00014960121925	0.000140251143047	0	0	0	0.000467503810156	0	0	0	0	0.000589054800797	0	0	0	0	3.74003048125e-05	0	0	0	0	0	0	0
0	0.00057035464839	0.00386158147189	0	0	0	0.00227206851736	0.000130901066844	0.00143056165908	0	0.00227206851736	0.00873297117372	0.000177651447859	0.00589054800797	0.000168301371656	0	0	0.00344082804275	0.00611494983684	0.00151471234491	0	0.000271152209891	0	0.00128096043983	1.87001524062e-05	5.61004572187e-05	0.0439827584595	0.0100606819946	0.00132771082084	0.000168301371656	4.67503810156e-05	0.00266477171789	0	0	0.000860207010687	0	0.00253387065105	0	0	0	0	0	0	0	9.35007620312e-06	0	0	0.000467503810156	0.00170171386897	0	0	0	0	0.00044880365775	0.000121550990641	0.000102850838234	0	2.80502286094e-05	0	1.87001524062e-05	0.00535759366439	0.00597469869379	0.00792886462025	1.87001524062e-05	0	0	0.00071995586764	0	0	4.67503810156e-05	0.00781666370581	0.00347822834756	0.010818038167	0.00134641097325	0	9.35007620312e-06	0	6.54505334218e-05	3.74003048125e-05	0	0	0	0	0
0	0.0106403867192	0.00977082963226	0	0	0	1.87001524062e-05	0	0	0.00451608680611	1.87001524062e-05	3.74003048125e-05	2.80502286094e-05	0.00216921767912	0	0	0.00217856775533	0.0012061598302	0.000514254191172	0.000140251143047	0	0.000430103505344	0.0119493973876	0.013164907294	0.00464698787295	0.00159886303073	0.0100606819946	0.0825144224925	0.000430103505344	0	0	0	0	0	0.0014960121925	0	0.0270404203794	9.35007620312e-06	0	0	0	0	0	0	0.000205701676469	0	0	0	0.00138381127806	0	0	0.000776056324859	0	9.35007620312e-06	0.000841506858281	0	0	0.00661050387561	7.4800609625e-05	0.000102850838234	0.00287047339436	0.00313227552805	0.0348664341614	1.87001524062e-05	0	0	0.000532954343578	0	0	2.80502286094e-05	0.00819066675393	0.00207571691709	0.00044880365775	8.41506858281e-05	0	0	0	0.000738656020047	0.000654505334218	1.87001524062e-05	4.67503810156e-05	0	0	0
0.00771381286757	9.35007620312e-06	0	0	0.00865817056409	0.000289852362297	0.00611494983684	0.0271619713701	0.0112948920534	0.0251517049864	0.0190835055306	0.00265542164169	0.00271152209891	0	0.0116221447205	0.00315097568045	0.00309487522323	2.80502286094e-05	0.00201961645987	0.000280502286094	0.00452543688231	0.0148011706295	0.00460023749194	0.00863947041168	0.0393170704341	0	0.00132771082084	0.000430103505344	0.107030322297	0.00601209899861	0.0210189713046	1.87001524062e-05	0	0.000841506858281	0.00173911417378	9.35007620312e-06	9.35007620312e-06	0	0	0.000336602743312	9.35007620312e-06	9.35007620312e-06	0.000112200914437	0.000252452057484	0.00503034099728	3.74003048125e-05	0	7.4800609625e-05	0	0.000261802133687	0	0.00505839122589	9.35007620312e-06	1.87001524062e-05	9.35007620312e-06	0.000289852362297	0.00162691325934	0.00814391637292	0.00319772606147	0.0226365344878	0	9.35007620312e-06	0.000626455105609	0.00992978092771	6.54505334218e-05	0.000383353124328	0	6.54505334218e-05	7.4800609625e-05	0.00152406242111	0.0110330899197	0.00105655861095	0.00680685547587	0.00317902590906	0.00157081280212	3.74003048125e-05	0	0.00127161036362	9.35007620312e-06	0.00193546577405	0.00258062103206	2.80502286094e-05	4.67503810156e-05	0
0.0054043440454	0	0	0	0	0	0.000233751905078	0.00501164084487	0.000383353124328	0.000935007620312	0.00106590868716	0.00367457994783	0	0.00086955708689	0.00428233490103	0.000187001524062	0	0.000589054800797	0.00102850838234	0.000691905639031	0	0.000140251143047	0	1.87001524062e-05	0.0015053622687	0	0.000168301371656	0	0.00601209899861	0.0209348206188	0.00456283718712	0	0.000252452057484	0.00207571691709	0.00619910052267	0	0	0	0	0	0	0	0	0	0.000729305943843	0	0	9.35007620312e-05	0	0	0	0.000252452057484	0	0	0	0	0	0.000523604267375	0	0.000878907163093	0	0	0	0	0	0	0	0	0	0.000102850838234	2.80502286094e-05	0	0.00265542164169	2.80502286094e-05	9.35007620312e-06	0	0	5.61004572187e-05	0	0.000102850838234	4.67503810156e-05	0	0	0
0.00331927705211	0	0	0	0	0	0	0.0290600368393	0.00134641097325	0	0.00113135922058	6.54505334218e-05	0	0	0.00491814008284	0	0	0.000140251143047	4.67503810156e-05	7.4800609625e-05	0	0.0229637871549	0	0.0122579499023	0	0	4.67503810156e-05	0	0.0210189713046	0.00456283718712	0.0639451711531	0	0	0.00258062103206	0.0128750549317	9.35007620312e-06	0	0	0	0	0	0	0.000215051752672	0.00014960121925	0	0	0	0	0	0.000374003048125	0	0	0	0	0	0	0.000243101981281	0	0.0012061598302	0	0	0	0.000476853886359	0	0	0.000327252667109	0	0	0	0	0.00423558452001	0	0.00947162719376	0.000878907163093	0.000224401828875	0	0	0	0	0.000916307467906	0.00143991173528	0	0	0
0	0	0	0	0	0	1.87001524062e-05	0	0	0	0	0.00111265906817	0	0.00187001524062	2.80502286094e-05	0	0	0	2.80502286094e-05	0	0	0	0	0	1.87001524062e-05	0	0.00266477171789	0	1.87001524062e-05	0	0	0.00273957232751	0	0	1.87001524062e-05	0	0	0	0	0	0	0	0	0	0	0	0	0	0	0	0	0	0	0	0	0	0	0	0	1.87001524062e-05	0	0	0	1.87001524062e-05	0	0	0	0	0	9.35007620312e-06	0.00200091630747	1.87001524062e-05	0.00229076866976	9.35007620312e-05	0	0	0	9.35007620312e-06	0	0	0	0	0	0
0	0	0	0	0	8.41506858281e-05	6.54505334218e-05	0	8.41506858281e-05	0	0	4.67503810156e-05	0	0.000430103505344	0.000439453581547	9.35007620312e-06	0	0	0	0	0	0	0	0	0	0	0	0	0	0.000252452057484	0	0	0.00169236379276	0	0.000963057848921	0	0	0	0	0	0	0	0	0	0	0	0	0	0	0	0	0	0	0	0	0	0	0	0	0	0	0	0	0	0	0	0	0	0	0	0	0	0.000187001524062	1.87001524062e-05	9.35007620312e-06	0.000364652971922	0	0	0	0	0	0	0	0
9.35007620312e-06	0	0	0	0	0	0	0.000121550990641	0	0	0	0	0	0	0	0	0	0	0	0	0	0.0014960121925	0	0.000121550990641	0	0	0	0	0.000841506858281	0.00207571691709	0.00258062103206	0	0	0.00545109442642	0.00332862712831	0	0	0	0	0	0	0	0	0	0	0	0	0	0	0	0	0	0	0	0	0	0	0	0	0	0	0	0	0	0	0	0	0	0	0	0	0	0.000177651447859	0	0	0	0	0	0	0	0	0	0	0
0	0	0.000177651447859	0	0	1.87001524062e-05	0.00190741554544	0.00474983871119	0.00128096043983	0.000458153733953	0.00333797720451	0.00901347345981	2.80502286094e-05	0.00225336836495	0.00317902590906	2.80502286094e-05	1.87001524062e-05	0.00702190722854	0.00103785845855	0.00684425578068	0	0.00536694374059	0	0.0068910061617	0.000140251143047	0	0.000860207010687	0.0014960121925	0.00173911417378	0.00619910052267	0.0128750549317	1.87001524062e-05	0.000963057848921	0.00332862712831	0.0449458163084	0	0	0	0	0	0	0	0	0	0.000196351600266	0	0	0.000598404877	0	0	0	8.41506858281e-05	0	0	0	0	0	0.000168301371656	0	0.000476853886359	0	0	0	0	0	0	0	0	0	4.67503810156e-05	0.00117810960159	0.000430103505344	0.0256285588728	0.000991108077531	0	0.000158951295453	7.4800609625e-05	3.74003048125e-05	0	4.67503810156e-05	1.87001524062e-05	0	0	0
0	0	0	0	0	0	0	0	0	0	0	0	0	0	0	0	0	0	0	0	0	0	0	0	0	0	0	0	9.35007620312e-06	0	9.35007620312e-06	0	0	0	0	0.0208600200092	0	0.000561004572187	0	3.74003048125e-05	0	0	0.00295462408019	0.00579704724594	0	0	0	0	0	0.0179801965386	0	0.000944357696515	0.00252452057484	0	9.35007620312e-06	0	0.00199156623126	0	0.00342212789034	0.00372133032884	0	9.35007620312e-06	0.000140251143047	0.00491814008284	0.0108273882432	0.0158296790119	0	0	9.35007620312e-05	0.000243101981281	9.35007620312e-06	0	0	0	0	0	0	0	0	0.00136511112566	0.000224401828875	0	0	0
0	0.00759226187693	0.000121550990641	0	0	0	0	9.35007620312e-06	0	3.74003048125e-05	0	0	0	9.35007620312e-06	0	0	2.80502286094e-05	0.000495554038765	0.000495554038765	2.80502286094e-05	0	0	0.00687230600929	0.00262737141308	6.54505334218e-05	0.000177651447859	0.00253387065105	0.0270404203794	9.35007620312e-06	0	0	0	0	0	0	0	0.0433656534301	9.35007620312e-06	0	0	0	0	0	0	0.00343147796655	0	0	0	0.000392703200531	0	0	0.0030013744612	0	0.0002992024385	0.000607754953203	0	0	0.0125945526456	0	0.00308552514703	0.00486203962562	0.00235621920319	0.0365400978018	0	0	0	9.35007620312e-06	0	0	0	0.000130901066844	0.0002992024385	4.67503810156e-05	0	0	0	0	0.000579704724594	0.000486203962562	9.35007620312e-06	0	0	0	0
0	0	0	0	0	0	0	0	0	0	0	0	0	0	0	0	0	0	0	0	0	0	0	0	0	0	0	9.35007620312e-06	0	0	0	0	0	0	0	0.000561004572187	9.35007620312e-06	0.0344363306561	0	0	0	0	2.80502286094e-05	0.000233751905078	0	0	0	0	0	0.000953707772718	0	0	0.0110798403007	0	0.00278632270853	0	0.00345952819515	0	0.0133425587419	0	0	0.00919112490767	0.0164000336603	0	0.000261802133687	0.00335667735692	0	0	1.87001524062e-05	0.000243101981281	0	0	0	0	0	0	0	0.000589054800797	1.87001524062e-05	0.000757356172453	0.000168301371656	0	0	0
0	0	0	0	0	0	0	0	0	0	0	0	0	0	0	0	0	0	0	0	0	0	0	0	0	0	0	0	0	0	0	0	0	0	0	0	0	0	0	0	0	0	0	0	0	0	0	0	0	0	0	0	0	0	0	0	0	0	0	0	0	0	0	0	0	0	0	0	0	0	0	0	0	0	0	0	0	0	0	0	0	0	0	0
0	0	0	0	0.00153341249731	0	0	0	0	0.000906957391703	0.000822806705875	0	0.000981758001328	0	0	2.80502286094e-05	0	0	0	0	0.00145861188769	0	0	0	0.000878907163093	0	0	0	0.000336602743312	0	0	0	0	0	0	3.74003048125e-05	0	0	0	0.0170264887659	9.35007620312e-06	0.000598404877	0	0.00225336836495	0.000626455105609	0.000467503810156	0.000392703200531	0.00566614617909	0	0.000804106553468	0.000121550990641	0	0	0.00253387065105	0.00190741554544	0.00836831820179	0	0	0	0.0102102832138	0	0.000551654495984	0	0.00819066675393	0.00370263017644	0	0	9.35007620312e-05	0	0.00395508223392	0	0	0	0	0.000205701676469	0	0	0.000673205486625	0.000486203962562	0.00362782956681	0.000392703200531	0.000822806705875	5.61004572187e-05	0
0	0	0	0	0	0	0	9.35007620312e-06	0	4.67503810156e-05	0	0	9.35007620312e-06	0	0	9.35007620312e-06	0	0	0	0	0	0	0	0	0	0	0	0	9.35007620312e-06	0	0	0	0	0	0	0	0	0	0	9.35007620312e-06	0.00475918878739	0.00187936531683	0	0.00172976409758	0.000514254191172	0	0	0	0	7.4800609625e-05	0.00172976409758	0	0	0	0	9.35007620312e-06	0	0	0	0.00114070929678	0	0	0	0.000121550990641	9.35007620312e-06	0	0	0.00129031051603	0	0.000364652971922	0	0	0	0	3.74003048125e-05	0	0	0.00133706089705	0	0.000168301371656	0.000130901066844	0.00292657385158	0.00130901066844	0
0	0	0	0	0	0	0	9.35007620312e-06	0	8.41506858281e-05	0	0	9.35007620312e-06	0	0	9.35007620312e-06	0	0	0	0	0	0	0	0	0	0	0	0	9.35007620312e-06	0	0	0	0	0	0	0	0	0	0	0.000598404877	0.00187936531683	0.0283587811241	0.00363717964301	0.0154369758114	0.000158951295453	0.00440388589167	6.54505334218e-05	0.00731175959084	0	0.000850856934484	0.00415143383419	0	0	0.00014960121925	0	0.00451608680611	0	0	0	0.00202896653608	0	0	0	0.00912567437425	0.000140251143047	9.35007620312e-06	0	0.000991108077531	0	0.000411403352937	0	0	0	0	7.4800609625e-05	0	0	0.0008976073155	2.80502286094e-05	0.000467503810156	0.000187001524062	0.003590429262	0.00086955708689	0
0	0	0	0	0	0	0	0.000121550990641	0	0	0	0	0	0	0	0	0	0	0	0	0	3.74003048125e-05	0	1.87001524062e-05	0	0	0	0	0.000112200914437	0	0.000215051752672	0	0	0	0	0.00295462408019	0	2.80502286094e-05	0	0	0	0.00363717964301	0.0391487690625	0.00661985395181	0	0.00258997110826	2.80502286094e-05	1.87001524062e-05	0	0.00594664846518	9.35007620312e-06	1.87001524062e-05	4.67503810156e-05	9.35007620312e-05	0.000327252667109	6.54505334218e-05	0.00249647034623	0	0.00183261493581	0.000663855410422	0	0.000102850838234	0	0.0101074323756	0.00602144907481	0.0068816560855	0	9.35007620312e-05	0.00489008985423	0.00673205486625	0.000252452057484	0	1.87001524062e-05	2.80502286094e-05	9.35007620312e-06	0	0	0.000102850838234	9.35007620312e-06	0.00147731204009	0.000916307467906	0	5.61004572187e-05	0
0	0	0	0	0	0	0	0.000177651447859	0	0.000121550990641	0	0	9.35007620312e-06	0	0	1.87001524062e-05	0	0	0	0	0	5.61004572187e-05	0	5.61004572187e-05	8.41506858281e-05	0	0	0	0.000252452057484	0	0.00014960121925	0	0	0	0	0.00579704724594	0	0.000233751905078	0	0.00225336836495	0.00172976409758	0.0154369758114	0.00661985395181	0.0577086703257	6.54505334218e-05	0.00467503810156	0.00345017811895	0.0127909042459	0.000476853886359	0.028770184477	0.00199156623126	0.000925657544109	0.000187001524062	0.00145861188769	2.80502286094e-05	0.0102944338996	0.00319772606147	0	0.0023842694318	0.0111078905293	0	0	9.35007620312e-06	0.0212059728287	0.00725565913362	0.00584379762695	0	0.00525474282615	0	0.00804106553468	0.000243101981281	0	9.35007620312e-06	5.61004572187e-05	1.87001524062e-05	0	0	0.00252452057484	2.80502286094e-05	0.00827481743976	0.00256192087966	0.00350627857617	0.00232816897458	9.35007620312e-06
0.00151471234491	0.000205701676469	0	0	0.00446933642509	0	0	0.000729305943843	0	0.012519752036	0.000355302895719	0	0.00181391478341	0	0.000130901066844	1.87001524062e-05	0	0	0	0	0.00190741554544	0	0.000458153733953	0	0.0100326317659	0	9.35007620312e-06	0.000205701676469	0.00503034099728	0.000729305943843	0	0	0	0	0.000196351600266	0	0.00343147796655	0	0	0.000626455105609	0.000514254191172	0.000158951295453	0	6.54505334218e-05	0.0246842011762	0	0	0.001196809754	3.74003048125e-05	0	0.000963057848921	0.00129966059223	0	0	0	0.000317902590906	0	0.00834961804939	0	0.0183448495105	0.00172976409758	9.35007620312e-06	0.00211311722191	0.000953707772718	0	0	0	0	0	0	0.000121550990641	0	0.000486203962562	0.000280502286094	1.87001524062e-05	0	0	0.00142121158287	0	0	0	0.00128096043983	0	0
0	0	0	0	2.80502286094e-05	0	5.61004572187e-05	0	0	0	0.000476853886359	0	3.74003048125e-05	0	0	0	0	0	0	0	3.74003048125e-05	0	0	0	0	0	0	0	3.74003048125e-05	0	0	0	0	0	0	0	0	0	0	0.000467503810156	0	0.00440388589167	0.00258997110826	0.00467503810156	0	0.0200559134557	0.000112200914437	0.00550719488364	0	0.00484333947322	0	0	0	0.000196351600266	0.000673205486625	0.00963057848921	0	0	0	0.003590429262	0	0.000458153733953	0	0.00592794831278	0.00184196501201	0	0	0	0	0.000972407925125	0	0	3.74003048125e-05	3.74003048125e-05	1.87001524062e-05	0	0	0	2.80502286094e-05	0.000551654495984	0	0	0	0
0	0	0	0	0	0	0	0	0	0	0	3.74003048125e-05	0	0.000551654495984	0	0	0	0	0	0	0	0	0	0	0	1.87001524062e-05	0	0	0	0	0	0	0	0	0	0	0	0	0	0.000392703200531	0	6.54505334218e-05	2.80502286094e-05	0.00345017811895	0	0.000112200914437	0.0222251311348	0.001196809754	0.00496489046386	0.006582453647	0	0	0	0.00547914465503	0.00142121158287	0.00112200914437	0	0	0	0.000467503810156	0.000813456629672	0.00174846424998	0	6.54505334218e-05	0.00681620555208	0	0.000514254191172	2.80502286094e-05	0	0.00883582201195	0	0.000402053276734	0	0	0	0	9.35007620312e-05	0.00235621920319	0.00409533337697	0.00534824358819	0.000327252667109	0.000215051752672	9.35007620312e-06	0.00141186150667
0	0	0	0	6.54505334218e-05	0	0.00297332423259	0	2.80502286094e-05	6.54505334218e-05	0.0041981842152	0.00143056165908	0.00193546577405	0	9.35007620312e-06	0.000102850838234	0	0.00057035464839	0.000289852362297	0.00136511112566	0.000532954343578	0	0	0	0	0	0.000467503810156	0	7.4800609625e-05	9.35007620312e-05	0	0	0	0	0.000598404877	0	0	0	0	0.00566614617909	0	0.00731175959084	1.87001524062e-05	0.0127909042459	0.001196809754	0.00550719488364	0.001196809754	0.0341277781414	0	0.0053949939692	0.0015053622687	0	0	0.00397378238633	0.00323512636628	0.023291039822	0	0	0	0.0123234004357	0	0.00155211264972	0	0.00751746126731	0.00756421164832	0	0	9.35007620312e-06	0	0.006582453647	0	9.35007620312e-05	0.00294527400398	0.000336602743312	3.74003048125e-05	0	0	0.000205701676469	0.000832156782078	0.00474983871119	0.0002992024385	0.00309487522323	0	0
0	6.54505334218e-05	0	0	0	0	0	0	0	0	0	0.000673205486625	0	0.00608689960823	0	0	0	0	0	0	0	0	0	0	0	0.00105655861095	0.00170171386897	0.00138381127806	0	0	0	0	0	0	0	0	0.000392703200531	0	0	0	0	0	0	0.000476853886359	3.74003048125e-05	0	0.00496489046386	0	0.0168114370132	0.000514254191172	0	0	0	0	0	0	0	3.74003048125e-05	0	0	0.00674140494245	0.00397378238633	0.00277697263233	0	0.000374003048125	0	0.00440388589167	0	0	0.000607754953203	0	0.00374003048125	0	0	0	0	0.000280502286094	5.61004572187e-05	0.000589054800797	0.000411403352937	9.35007620312e-06	0	0	0.00143056165908
0	0	0	0	0	0	0	0.000317902590906	9.35007620312e-06	8.41506858281e-05	9.35007620312e-06	0	0	0	9.35007620312e-06	0	0	0	0	0	0	8.41506858281e-05	0	0.000121550990641	8.41506858281e-05	0	0	0	0.000261802133687	0	0.000374003048125	0	0	0	0	0.0179801965386	0	0.000953707772718	0	0.000804106553468	7.4800609625e-05	0.000850856934484	0.00594664846518	0.028770184477	0	0.00484333947322	0.006582453647	0.0053949939692	0.000514254191172	0.058045273069	9.35007620312e-06	0.00104720853475	0.00314162560425	0.00326317659489	0.00215051752672	0.00582509747454	0.00428233490103	0	0.00605884937962	0.00994848108012	0	0.000532954343578	0.000168301371656	0.0129031051603	0.0259184112351	0.0175033426522	0	0.00225336836495	0.00129031051603	0.014408467429	0.000542304419781	0	9.35007620312e-05	6.54505334218e-05	2.80502286094e-05	0	0	0.00145861188769	0.00014960121925	0.00851791942104	0.00235621920319	0.000916307467906	0.000542304419781	9.35007620312e-06
0	0	0	0	9.35007620312e-06	0	0	0	0	9.35007620312e-05	0	0	5.61004572187e-05	0	0	4.67503810156e-05	0	0	0	0	9.35007620312e-06	0	0	0	9.35007620312e-06	0	0	0	0	0	0	0	0	0	0	0	0	0	0	0.000121550990641	0.00172976409758	0.00415143383419	9.35007620312e-06	0.00199156623126	0.000963057848921	0	0	0.0015053622687	0	9.35007620312e-06	0.00715280829539	0	0	0	0	0.000327252667109	0	0	0	0.00175781432619	0	0	0	0.000243101981281	0	0	0	4.67503810156e-05	0	0	0	0	0	0	7.4800609625e-05	0	0	0.00193546577405	0	0	0	0.00511449168311	0	0
0.000430103505344	0.000158951295453	0	0	0	0	0	0.000243101981281	0	0.00761096202934	0	0	1.87001524062e-05	0	0	0.000130901066844	0.00416078391039	0	0	0	0	0.00322577629008	0.0121831492927	0.00711540799058	0.00617105029406	0	0	0.000776056324859	0.00505839122589	0.000252452057484	0	0	0	0	8.41506858281e-05	0.000944357696515	0.0030013744612	0	0	0	0	0	1.87001524062e-05	0.000925657544109	0.00129966059223	0	0	0	0	0.00104720853475	0	0.0405232302643	2.80502286094e-05	3.74003048125e-05	2.80502286094e-05	0	0.00255257080345	0.0289010855438	0.0122392497499	0.0197099606362	2.80502286094e-05	4.67503810156e-05	0.0143430168956	0.00925657544109	0.00241231966041	0.00314162560425	0	0	0.0020850669933	0.00272087217511	0.000532954343578	1.87001524062e-05	0.000392703200531	0.000336602743312	9.35007620312e-05	9.35007620312e-06	0	0.000906957391703	6.54505334218e-05	0.00106590868716	0.00152406242111	9.35007620312e-06	9.35007620312e-06	0
0	0	0	0	0	0	0	0	0	0	0	0	0	0	0	0	0	0	0	0	0	0	0	0	0	0	0	0	9.35007620312e-06	0	0	0	0	0	0	0.00252452057484	0	0.0110798403007	0	0	0	0	4.67503810156e-05	0.000187001524062	0	0	0	0	0	0.00314162560425	0	2.80502286094e-05	0.0362689455919	0	0.00734915989565	0	0.00165496348795	0	0.0140064141523	0.000158951295453	0	0.00853661957345	0.0104346850427	8.41506858281e-05	0.00205701676469	0.00968667894643	0	0	0.000187001524062	0.00356237903339	9.35007620312e-06	0	0	0	0	0	0	5.61004572187e-05	0	0.00287982347056	0.000776056324859	0	0	0
0	3.74003048125e-05	0	0	0	0	0	0	0	9.35007620312e-06	0	0	0	0	0	0	9.35007620312e-06	1.87001524062e-05	6.54505334218e-05	0	0	0	0	0	1.87001524062e-05	0	0.00044880365775	9.35007620312e-06	1.87001524062e-05	0	0	0	0	0	0	0	0.0002992024385	0	0	0.00253387065105	0	0.00014960121925	9.35007620312e-05	0.00145861188769	0	0.000196351600266	0.00547914465503	0.00397378238633	0	0.00326317659489	0	3.74003048125e-05	0	0.0196258099504	0.00734915989565	0.00430103505344	8.41506858281e-05	9.35007620312e-06	0.000168301371656	0.00439453581547	0.000271152209891	0.00708735776197	0.000598404877	0.00186066516442	0.00842441865901	0	0	0	0.000102850838234	0.00936877635553	2.80502286094e-05	1.87001524062e-05	0	0	1.87001524062e-05	0	0	0.00464698787295	0.00728370936223	0.00751746126731	5.61004572187e-05	0.000121550990641	0	0
0	0	0	0	0	0	0	0	0	0	0	0	0	0	0	0	9.35007620312e-06	0.000551654495984	4.67503810156e-05	0	0	9.35007620312e-06	0	9.35007620312e-06	9.35007620312e-06	0	0.000121550990641	0.000841506858281	9.35007620312e-06	0	0	0	0	0	0	9.35007620312e-06	0.000607754953203	0.00278632270853	0	0.00190741554544	0	0	0.000327252667109	2.80502286094e-05	0	0.000673205486625	0.00142121158287	0.00323512636628	0	0.00215051752672	0	2.80502286094e-05	0.00734915989565	0.00734915989565	0.040691531636	0.00415143383419	8.41506858281e-05	2.80502286094e-05	0.000280502286094	0.00523604267375	9.35007620312e-06	0.0242727978233	0.00925657544109	0.002992024385	0.00921917513628	1.87001524062e-05	0	0	0.000252452057484	0.0134828098849	0.000243101981281	0.000561004572187	5.61004572187e-05	0	0	0	0	0.00647960280876	0.00752681134351	0.00781666370581	0.000327252667109	0	0	0
0	0	0	0	0.000757356172453	0	0.000364652971922	0	0	1.87001524062e-05	0.00260867126067	0.000261802133687	0.000411403352937	0	0	5.61004572187e-05	0	0	7.4800609625e-05	0.000158951295453	0.000785406401062	0	0	0	0	0	0.000102850838234	0	0.000289852362297	0	0	0	0	0	0	0	0	0	0	0.00836831820179	9.35007620312e-06	0.00451608680611	6.54505334218e-05	0.0102944338996	0.000317902590906	0.00963057848921	0.00112200914437	0.023291039822	0	0.00582509747454	0.000327252667109	0	0	0.00430103505344	0.00415143383419	0.0351469364475	0	0	0	0.0129685556937	0	0.00214116745051	0	0.0133986591991	0.009574478032	0	0	0.000121550990641	0	0.00866752064029	0	9.35007620312e-06	0.000364652971922	2.80502286094e-05	0	0	0	0.000635805181812	0.000841506858281	0.00680685547587	0.000850856934484	0.00168301371656	2.80502286094e-05	0
0	0	0	0	0	0	0	0.000121550990641	0	0.00266477171789	0	0	0	0	0	2.80502286094e-05	0.0017858645548	0	0	0	0	0.000963057848921	0.00374003048125	0.000916307467906	0.00304812484222	0	0	0	0.00162691325934	0	0.000243101981281	0	0	0	0	0.00199156623126	0	0.00345952819515	0	0	0	0	0.00249647034623	0.00319772606147	0	0	0	0	0	0.00428233490103	0	0.00255257080345	0.00165496348795	8.41506858281e-05	8.41506858281e-05	0	0.0411777355985	0.00396443231012	0.0308646015465	0.00189806546923	0	0.000467503810156	0.000261802133687	0.0111826911389	0.00142121158287	0.0134267094277	0	0	0.000626455105609	0.00199156623126	0.0002992024385	0	0	6.54505334218e-05	5.61004572187e-05	0	0	0.0033099269759	0.000317902590906	0.000925657544109	0.00158016287833	0	0	0
