1684	0	0	0	0	0	0	1156	88	181	3	0	0	0	567	1	0	0	0	0	0	0	0	0	350	0	0	0	825	578	355	0	0	1	0	0	0	0	0	0	0	0	0	0	162	0	0	0	0	0	0	46	0	0	0	0	0	127	0	177	0	0	0	0	0	0	0	0	0	8	0	0	0	0	0	0	0	3	0	8	5	0	0	0
0	1553	1	0	0	0	0	0	0	610	0	0	3	2	0	0	5	0	0	0	0	0	576	2	457	144	61	1138	1	0	0	0	0	0	0	0	812	0	0	0	0	0	0	0	22	0	0	0	7	0	0	17	0	4	0	0	0	47	0	13	81	45	774	0	0	0	0	0	0	0	0	0	0	0	0	0	0	0	0	0	0	0	0	0
0	1	2501	0	0	0	2	0	0	0	2	0	0	0	0	0	0	412	0	4	0	5	0	1180	0	0	413	1045	0	0	0	0	0	0	19	0	13	0	0	0	0	0	0	0	0	0	0	0	0	0	0	0	0	0	0	0	0	0	1	0	0	0	13	0	0	0	0	0	0	0	32	0	24	4	0	0	0	1	0	1	1	0	0	0
0	0	0	0	0	0	0	0	0	0	0	0	0	0	0	0	0	0	0	0	0	0	0	0	0	0	0	0	0	0	0	0	0	0	0	0	0	0	0	0	0	0	0	0	0	0	0	0	0	0	0	0	0	0	0	0	0	0	0	0	0	0	0	0	0	0	0	0	0	0	0	0	0	0	0	0	0	0	0	0	0	0	0	0
0	0	0	0	2130	3	51	70	6	1354	505	0	655	0	2	30	0	0	0	0	947	0	0	0	1622	0	0	0	926	0	0	0	0	0	0	0	0	0	0	164	0	0	0	0	478	3	0	7	0	0	1	0	0	0	0	81	0	3	0	1116	0	0	0	403	0	0	0	0	0	1	0	0	44	0	27	0	0	58	0	1	1	1	0	0
0	0	0	0	3	493	256	44	167	0	128	0	37	0	64	152	0	0	0	0	3	0	0	0	15	0	0	0	31	0	0	0	9	0	2	0	0	0	0	0	0	0	0	0	0	0	0	0	0	0	0	0	0	0	0	0	0	0	0	0	0	0	0	0	0	0	0	0	0	0	7	0	1	1	135	37	0	0	0	0	0	0	0	0
0	0	2	0	51	256	3455	167	1678	25	2770	634	609	22	469	160	0	133	285	321	56	0	0	2	89	0	243	2	654	25	0	2	7	0	204	0	0	0	0	0	0	0	0	0	0	6	0	318	0	0	0	0	0	0	0	39	0	0	0	3	0	0	0	1	0	0	0	0	0	0	9	19	1147	57	60	14	0	9	0	0	0	6	0	0
1156	0	0	0	70	44	167	7745	1205	236	1729	11	0	0	2167	89	0	19	7	9	0	927	0	802	539	0	14	0	2905	536	3108	0	0	13	508	0	1	0	0	0	1	1	13	19	78	0	0	0	0	34	0	26	0	0	0	0	13	70	65	193	0	0	31	111	0	33	0	4	0	53	304	1	703	182	13	0	0	15	1	120	127	0	4	0
88	0	0	0	6	167	1678	1205	4123	0	2610	401	44	15	2011	54	0	48	252	124	6	27	0	0	230	0	153	0	1208	41	144	0	9	0	137	0	0	0	0	0	0	0	0	0	0	0	0	3	0	1	0	0	0	0	0	0	0	0	4	3	0	0	2	3	0	1	0	0	0	0	83	6	517	41	31	0	0	0	0	1	3	0	0	0
181	610	0	0	1354	0	25	236	0	6205	312	0	722	1	27	206	255	0	0	0	712	33	1643	42	4910	115	0	483	2690	100	0	0	0	0	49	0	4	0	0	97	5	9	0	13	1339	0	0	7	0	9	10	814	0	1	0	2	285	1233	327	3766	0	0	15	1368	5	32	0	6	6	182	47	0	102	43	152	2	0	243	0	179	104	81	3	0
3	0	2	0	505	128	2770	1729	2610	312	8115	684	606	0	1444	71	0	145	289	395	487	27	0	4	520	0	243	2	2041	114	121	0	0	0	357	0	0	0	0	88	0	0	0	0	38	51	0	449	0	1	0	0	0	0	0	279	0	0	4	309	0	0	2	206	0	1	0	0	0	1	161	25	1476	198	162	4	0	6	0	1	3	4	0	0
0	0	0	0	0	0	634	11	401	0	684	3202	26	502	92	0	0	220	620	766	0	36	0	40	2	11	934	4	284	393	7	119	5	0	964	0	0	0	0	0	0	0	0	0	0	0	4	153	72	0	0	0	0	0	0	28	0	0	0	2	38	14	2	2	0	0	40	0	0	0	287	222	1939	150	0	1	101	0	0	0	0	0	0	0
0	3	0	0	655	37	609	0	44	722	606	26	2314	0	4	301	10	3	6	10	814	0	3	0	793	0	19	3	290	0	0	0	0	0	3	0	0	0	0	105	1	1	0	1	194	4	0	207	0	0	6	2	0	0	0	44	0	4	0	418	0	0	0	160	1	0	0	1	0	2	77	2	296	15	101	0	0	123	1	1	0	47	0	0
0	2	0	0	0	0	22	0	15	1	0	502	0	2227	94	0	0	0	0	0	0	0	1	0	2	170	630	232	0	93	0	200	46	0	241	0	1	0	0	0	0	0	0	0	0	0	59	0	651	0	0	0	0	0	0	0	0	0	0	2	335	345	161	2	0	0	417	0	0	1	281	717	444	1	0	4	119	1	0	0	0	0	0	0
567	0	0	0	2	64	469	2167	2011	27	1444	92	4	94	4204	56	0	2	10	7	2	27	0	3	319	0	18	0	1243	458	526	3	47	0	340	0	0	0	0	0	0	0	0	0	14	0	0	1	0	1	0	0	0	0	0	0	0	8	4	26	0	0	2	4	0	1	0	0	0	8	92	1	250	86	13	0	0	5	0	9	6	0	0	0
1	0	0	0	30	152	160	89	54	206	71	0	301	0	56	1119	13	0	0	0	6	1	0	0	130	0	0	0	337	20	0	0	1	0	3	0	0	0	0	3	1	1	0	2	2	0	0	11	0	0	5	14	0	0	0	6	3	16	9	39	0	0	1	14	0	1	0	2	0	108	183	0	2	0	243	17	0	127	3	87	45	41	1	0
0	5	0	0	0	0	0	0	0	255	0	0	10	0	0	13	1899	0	0	0	0	407	1071	674	779	0	0	233	331	0	0	0	0	0	2	0	3	0	0	0	0	0	0	0	0	0	0	0	0	0	0	445	0	1	1	0	191	578	417	140	0	1	277	209	0	0	0	0	0	0	246	49	2	0	0	0	0	33	1	0	0	0	0	0
0	0	412	0	0	0	133	19	48	0	145	220	3	0	2	0	0	2048	0	622	0	7	0	565	0	0	368	129	3	63	15	0	0	0	751	0	53	0	0	0	0	0	0	0	0	0	0	61	0	0	0	0	0	2	59	0	0	0	0	0	0	65	50	0	0	0	0	0	0	0	32	97	806	30	0	0	0	47	44	0	0	0	0	0
0	0	0	0	0	0	285	7	252	0	289	620	6	0	10	0	0	0	1034	175	0	14	0	16	0	0	654	55	216	110	5	3	0	0	111	0	53	0	0	0	0	0	0	0	0	0	0	31	0	0	0	0	0	7	5	8	0	0	0	0	67	30	86	0	0	0	0	0	0	2	138	34	542	69	0	0	0	2	2	0	0	0	0	0
0	0	4	0	0	0	321	9	124	0	395	766	10	0	7	0	0	622	175	1456	0	3	0	12	0	0	162	15	30	74	8	0	0	0	732	0	3	0	0	0	0	0	0	0	0	0	0	146	0	0	0	0	0	0	0	17	0	0	0	0	1	1	6	0	0	0	0	0	0	2	66	41	1021	24	0	0	0	2	2	0	0	0	0	0
0	0	0	0	947	3	56	0	6	712	487	0	814	0	2	6	0	0	0	0	1664	0	0	0	750	0	0	0	484	0	0	0	0	0	0	0	0	0	0	156	0	0	0	0	204	4	0	57	0	0	1	0	0	0	0	84	0	0	0	665	0	0	0	374	0	0	0	0	0	0	4	0	83	27	33	0	0	62	0	0	0	4	0	0
0	0	5	0	0	0	0	927	27	33	27	36	0	0	27	1	407	7	14	3	0	6487	462	4101	88	0	29	46	1583	15	2456	0	0	160	574	0	0	0	0	0	0	0	4	6	0	0	0	0	0	9	0	345	0	0	1	0	103	476	548	37	0	1	278	68	0	9	0	0	0	0	1853	315	472	80	10	0	0	13	11	17	55	0	0	0
0	576	0	0	0	0	0	0	0	1643	0	0	3	1	0	0	1071	0	0	0	0	462	4801	1281	1684	99	0	1278	492	0	0	0	0	0	0	0	735	0	0	0	0	0	0	0	49	0	0	0	0	0	0	1303	0	0	0	0	400	2745	1044	661	0	0	1698	583	0	0	0	0	0	0	0	0	0	0	0	0	0	5	5	0	0	0	0	0
0	2	1180	0	0	0	2	802	0	42	4	40	0	0	3	0	674	565	16	12	0	4101	1281	9690	109	0	137	1408	924	2	1311	0	0	13	737	0	281	0	0	0	0	0	2	6	0	0	0	0	0	13	0	761	0	0	1	0	98	1087	947	38	0	1	1435	67	0	7	0	0	0	0	2212	395	649	109	0	0	0	64	61	15	48	0	0	0
350	457	0	0	1622	15	89	539	230	4910	520	2	793	2	319	130	779	0	0	0	750	88	1684	109	7638	58	2	497	4205	161	0	2	0	0	15	0	7	0	0	94	0	0	0	9	1073	0	0	0	0	9	1	660	0	2	1	0	326	1229	350	3442	0	1	43	1533	7	33	0	2	8	132	386	96	18	8	40	0	0	225	1	120	80	5	0	0
0	144	0	0	0	0	0	0	0	115	0	11	0	170	0	0	0	0	0	0	0	0	99	0	58	543	6	171	0	0	0	0	0	0	0	0	19	0	0	0	0	0	0	0	0	0	2	0	113	0	0	0	0	0	0	0	0	0	0	0	106	16	15	0	0	0	50	0	0	0	0	63	0	0	0	0	4	0	0	0	0	0	0	0
0	61	413	0	0	0	243	14	153	0	243	934	19	630	18	0	0	368	654	162	0	29	0	137	2	6	4704	1076	142	18	5	285	0	0	92	0	271	0	0	0	0	0	0	0	1	0	0	50	182	0	0	0	0	48	13	11	0	3	0	2	573	639	848	2	0	0	77	0	0	5	836	372	1157	144	0	1	0	7	4	0	0	0	0	0
0	1138	1045	0	0	0	2	0	0	483	2	4	3	232	0	0	233	129	55	15	0	46	1278	1408	497	171	1076	8825	46	0	0	0	0	0	160	0	2892	1	0	0	0	0	0	0	22	0	0	0	148	0	0	83	0	1	90	0	0	707	8	11	307	335	3729	2	0	0	57	0	0	3	876	222	48	9	0	0	0	79	70	2	5	0	0	0
825	1	0	0	926	31	654	2905	1208	2690	2041	284	290	0	1243	337	331	3	216	30	484	1583	492	924	4205	0	142	46	11447	643	2248	2	0	90	186	1	1	0	0	36	1	1	12	27	538	4	0	8	0	28	0	541	1	2	1	31	174	871	342	2421	0	1	67	1062	7	41	0	7	8	163	1180	113	728	340	168	4	0	136	1	207	276	3	5	0
578	0	0	0	0	0	25	536	41	100	114	393	0	93	458	20	0	63	110	74	0	15	0	2	161	0	18	0	643	2239	488	0	27	222	663	0	0	0	0	0	0	0	0	0	78	0	0	10	0	0	0	27	0	0	0	0	0	56	0	94	0	0	0	0	0	0	0	0	0	11	3	0	284	3	1	0	0	6	0	11	5	0	0	0
355	0	0	0	0	0	0	3108	144	0	121	7	0	0	526	0	0	15	5	8	0	2456	0	1311	0	0	5	0	2248	488	6839	0	0	276	1377	1	0	0	0	0	0	0	23	16	0	0	0	0	0	40	0	0	0	0	0	0	26	0	129	0	0	0	51	0	0	35	0	0	0	0	453	0	1013	94	24	0	0	0	0	98	154	0	0	0
0	0	0	0	0	0	2	0	0	0	0	119	0	200	3	0	0	0	3	0	0	0	0	0	2	0	285	0	2	0	0	293	0	0	2	0	0	0	0	0	0	0	0	0	0	0	0	0	0	0	0	0	0	0	0	0	0	0	0	2	0	0	0	2	0	0	0	0	0	1	214	2	245	10	0	0	0	1	0	0	0	0	0	0
0	0	0	0	0	9	7	0	9	0	0	5	0	46	47	1	0	0	0	0	0	0	0	0	0	0	0	0	0	27	0	0	181	0	103	0	0	0	0	0	0	0	0	0	0	0	0	0	0	0	0	0	0	0	0	0	0	0	0	0	0	0	0	0	0	0	0	0	0	0	0	0	20	2	1	39	0	0	0	0	0	0	0	0
1	0	0	0	0	0	0	13	0	0	0	0	0	0	0	0	0	0	0	0	0	160	0	13	0	0	0	0	90	222	276	0	0	583	356	0	0	0	0	0	0	0	0	0	0	0	0	0	0	0	0	0	0	0	0	0	0	0	0	0	0	0	0	0	0	0	0	0	0	0	0	0	19	0	0	0	0	0	0	0	0	0	0	0
0	0	19	0	0	2	204	508	137	49	357	964	3	241	340	3	2	751	111	732	0	574	0	737	15	0	92	160	186	663	1377	2	103	356	4807	0	0	0	0	0	0	0	0	0	21	0	0	64	0	0	0	9	0	0	0	0	0	18	0	51	0	0	0	0	0	0	0	0	0	5	126	46	2741	106	0	17	8	4	0	5	2	0	0	0
0	0	0	0	0	0	0	0	0	0	0	0	0	0	0	0	0	0	0	0	0	0	0	0	0	0	0	0	1	0	1	0	0	0	0	2231	0	60	0	4	0	0	316	620	0	0	0	0	0	1923	0	101	270	0	1	0	213	0	366	398	0	1	15	526	1158	1693	0	0	10	26	1	0	0	0	0	0	0	0	0	146	24	0	0	0
0	812	13	0	0	0	0	1	0	4	0	0	0	1	0	0	3	53	53	3	0	0	735	281	7	19	271	2892	1	0	0	0	0	0	0	0	4638	1	0	0	0	0	0	0	367	0	0	0	42	0	0	321	0	32	65	0	0	1347	0	330	520	252	3908	0	0	0	1	0	0	0	14	32	5	0	0	0	0	62	52	1	0	0	0	0
0	0	0	0	0	0	0	0	0	0	0	0	0	0	0	0	0	0	0	0	0	0	0	0	0	0	0	1	0	0	0	0	0	0	0	60	1	3683	0	0	0	0	3	25	0	0	0	0	0	102	0	0	1185	0	298	0	370	0	1427	0	0	983	1754	0	28	359	0	0	2	26	0	0	0	0	0	0	0	63	2	81	18	0	0	0
0	0	0	0	0	0	0	0	0	0	0	0	0	0	0	0	0	0	0	0	0	0	0	0	0	0	0	0	0	0	0	0	0	0	0	0	0	0	0	0	0	0	0	0	0	0	0	0	0	0	0	0	0	0	0	0	0	0	0	0	0	0	0	0	0	0	0	0	0	0	0	0	0	0	0	0	0	0	0	0	0	0	0	0
0	0	0	0	164	0	0	0	0	97	88	0	105	0	0	3	0	0	0	0	156	0	0	0	94	0	0	0	36	0	0	0	0	0	0	4	0	0	0	1821	1	64	0	241	67	50	42	606	0	86	13	0	0	271	204	895	0	0	0	1092	0	59	0	876	396	0	0	10	0	423	0	0	0	0	22	0	0	72	52	388	42	88	6	0
0	0	0	0	0	0	0	1	0	5	0	0	1	0	0	1	0	0	0	0	0	0	0	0	0	0	0	0	1	0	0	0	0	0	0	0	0	0	0	1	509	201	0	185	55	0	0	0	0	8	185	0	0	0	0	1	0	0	0	122	0	0	0	13	1	0	0	138	0	39	0	0	0	0	4	0	0	143	0	18	14	313	140	0
0	0	0	0	0	0	0	1	0	9	0	0	1	0	0	1	0	0	0	0	0	0	0	0	0	0	0	0	1	0	0	0	0	0	0	0	0	0	0	64	201	3033	389	1651	17	471	7	782	0	91	444	0	0	16	0	483	0	0	0	217	0	0	0	976	15	1	0	106	0	44	0	0	0	0	8	0	0	96	3	50	20	384	93	0
0	0	0	0	0	0	0	13	0	0	0	0	0	0	0	0	0	0	0	0	0	4	0	2	0	0	0	0	12	0	23	0	0	0	0	316	0	3	0	0	0	389	4187	708	0	277	3	2	0	636	1	2	5	10	35	7	267	0	196	71	0	11	0	1081	644	736	0	10	523	720	27	0	2	3	1	0	0	11	1	158	98	0	6	0
0	0	0	0	0	0	0	19	0	13	0	0	1	0	0	2	0	0	0	0	0	6	0	6	9	0	0	0	27	0	16	0	0	0	0	620	0	25	0	241	185	1651	708	6172	7	500	369	1368	51	3077	213	99	20	156	3	1101	342	0	255	1188	0	0	1	2268	776	625	0	562	0	860	26	0	1	6	2	0	0	270	3	885	274	375	249	1
162	22	0	0	478	0	0	78	0	1339	38	0	194	0	14	2	0	0	0	0	204	0	49	0	1073	0	1	22	538	78	0	0	0	0	21	0	367	0	0	67	55	17	0	7	2640	0	0	128	4	0	103	139	0	0	0	34	0	893	0	1962	185	1	226	102	0	0	0	0	0	0	13	0	52	30	2	0	0	152	0	0	0	137	0	0
0	0	0	0	3	0	6	0	0	0	51	0	4	0	0	0	0	0	0	0	4	0	0	0	0	0	0	0	4	0	0	0	0	0	0	0	0	0	0	50	0	471	277	500	0	2145	12	589	0	518	0	0	0	21	72	1030	0	0	0	384	0	49	0	634	197	0	0	0	0	104	0	0	4	4	2	0	0	0	3	59	0	0	0	0
0	0	0	0	0	0	0	0	0	0	0	4	0	59	0	0	0	0	0	0	0	0	0	0	0	2	0	0	0	0	0	0	0	0	0	0	0	0	0	42	0	7	3	369	0	12	2377	128	531	704	0	0	0	586	152	120	0	0	0	50	87	187	0	7	729	0	55	3	0	945	0	43	0	0	0	0	10	252	438	572	35	23	1	151
0	0	0	0	7	0	318	0	3	7	449	153	207	0	1	11	0	61	31	146	57	0	0	0	0	0	50	0	8	10	0	0	0	0	64	0	0	0	0	606	0	782	2	1368	128	589	128	3650	0	577	161	0	0	425	346	2491	0	0	0	1318	0	166	0	804	809	0	0	1	0	704	0	10	315	36	4	0	0	22	89	508	32	331	0	0
0	7	0	0	0	0	0	0	0	0	0	72	0	651	0	0	0	0	0	0	0	0	0	0	0	113	182	148	0	0	0	0	0	0	0	0	42	0	0	0	0	0	0	51	4	0	531	0	1798	55	0	0	0	0	0	0	0	4	0	0	721	425	297	0	40	0	471	0	0	65	0	400	0	0	0	0	30	6	63	44	1	0	0	153
0	0	0	0	0	0	0	34	1	9	1	0	0	0	1	0	0	0	0	0	0	9	0	13	9	0	0	0	28	0	40	0	0	0	0	1923	0	102	0	86	8	91	636	3077	0	518	704	577	55	6208	1	112	336	349	230	623	458	0	648	1064	0	57	18	1380	2772	1872	0	241	138	1541	58	0	10	7	3	0	0	156	16	911	252	98	58	1
0	0	0	0	1	0	0	0	0	10	0	0	6	0	0	5	0	0	0	0	1	0	0	0	1	0	0	0	0	0	0	0	0	0	0	0	0	0	0	13	185	444	1	213	103	0	0	161	0	1	765	0	0	0	0	35	0	0	0	188	0	0	0	26	0	0	0	5	0	0	0	0	0	0	8	0	0	207	0	0	0	547	0	0
46	17	0	0	0	0	0	26	0	814	0	0	2	0	0	14	445	0	0	0	0	345	1303	761	660	0	0	83	541	27	0	0	0	0	9	101	321	0	0	0	0	0	2	99	139	0	0	0	0	112	0	4334	3	4	3	0	273	3091	1309	2108	3	5	1534	990	258	336	0	0	223	291	57	2	42	36	10	1	0	97	7	114	163	1	1	0
0	0	0	0	0	0	0	0	0	0	0	0	0	0	0	0	0	0	0	0	0	0	0	0	0	0	0	0	1	0	0	0	0	0	0	270	0	1185	0	0	0	0	5	20	0	0	0	0	0	336	0	3	3879	0	786	0	177	0	1498	17	0	913	1116	9	220	1036	0	0	20	381	1	0	0	0	0	0	0	6	0	308	83	0	0	0
0	4	0	0	0	0	0	0	0	1	0	0	0	0	0	0	1	2	7	0	0	0	0	0	2	0	48	1	2	0	0	0	0	0	0	0	32	0	0	271	0	16	10	156	0	21	586	425	0	349	0	4	0	2099	786	460	9	1	18	470	29	758	64	199	901	0	0	0	11	1002	3	2	0	0	2	0	0	497	779	804	6	13	0	0
0	0	0	0	0	0	0	0	0	0	0	0	0	0	0	0	1	59	5	0	0	1	0	1	1	0	13	90	1	0	0	0	0	0	0	1	65	298	0	204	0	0	35	3	0	72	152	346	0	230	0	3	786	786	4352	444	9	3	30	560	1	2596	990	320	986	2	0	0	27	1442	26	60	6	0	0	0	0	693	805	836	35	0	0	0
0	0	0	0	81	0	39	0	0	2	279	28	44	0	0	6	0	0	8	17	84	0	0	0	0	0	11	0	31	0	0	0	0	0	0	0	0	0	0	895	1	483	7	1101	34	1030	120	2491	0	623	35	0	0	460	444	3759	0	0	0	1387	0	229	0	1433	1024	0	0	13	0	927	0	1	39	3	0	0	0	68	90	728	91	180	3	0
0	0	0	0	0	0	0	13	0	285	0	0	0	0	0	3	191	0	0	0	0	103	400	98	326	0	0	0	174	0	26	0	0	0	0	213	0	370	0	0	0	0	267	342	0	0	0	0	0	458	0	273	177	9	9	0	4404	424	3301	203	0	50	28	1196	152	1436	0	0	67	213	32	0	0	7	6	0	0	354	34	99	169	0	0	0
127	47	0	0	3	0	0	70	0	1233	0	0	4	0	8	16	578	0	0	0	0	476	2745	1087	1229	0	3	707	871	56	0	0	0	0	18	0	1347	0	0	0	0	0	0	0	893	0	0	0	4	0	0	3091	0	1	3	0	424	6098	1170	2107	192	4	2748	691	0	0	0	0	0	41	138	11	63	47	10	1	0	183	29	4	25	0	0	0
0	0	1	0	0	0	0	65	4	327	4	0	0	0	4	9	417	0	0	0	0	548	1044	947	350	0	0	8	342	0	129	0	0	0	0	366	0	1427	0	0	0	0	196	255	0	0	0	0	0	648	0	1309	1498	18	30	0	3301	1170	9833	283	0	237	1698	681	394	2326	0	0	207	520	219	0	8	66	117	0	0	1189	49	584	643	0	0	0
177	13	0	0	1116	0	3	193	3	3766	309	2	418	2	26	39	140	0	0	0	665	37	661	38	3442	0	2	11	2421	94	0	2	0	0	51	398	330	0	0	1092	122	217	71	1188	1962	384	50	1318	0	1064	188	2108	17	470	560	1387	203	2107	283	10370	7	229	251	3808	1993	1136	0	80	679	2289	127	2	117	64	84	2	0	608	26	1297	550	321	48	0
0	81	0	0	0	0	0	0	0	0	0	38	0	335	0	0	0	0	67	1	0	0	0	0	0	106	573	307	0	0	0	0	0	0	0	0	520	0	0	0	0	0	0	0	185	0	87	0	721	0	0	3	0	29	1	0	0	192	0	7	1545	344	736	0	0	0	192	0	0	0	0	131	0	0	0	0	26	0	0	5	0	0	0	46
0	45	0	0	0	0	0	0	0	0	0	14	0	345	0	0	1	65	30	1	0	1	0	1	1	16	639	335	1	0	0	0	0	0	0	1	252	983	0	59	0	0	11	0	1	49	187	166	425	57	0	5	913	758	2596	229	50	4	237	229	344	7142	2973	151	349	20	323	0	5	486	31	362	6	0	0	0	0	972	1110	363	16	0	0	0
0	774	13	0	0	0	0	31	2	15	2	2	0	161	2	1	277	50	86	6	0	278	1698	1435	43	15	848	3729	67	0	51	0	0	0	0	15	3908	1754	0	0	0	0	0	1	226	0	0	0	297	18	0	1534	1116	64	990	0	28	2748	1698	251	736	2973	14512	17	3	21	124	0	0	43	159	245	8	14	22	0	0	1908	693	2	16	0	0	0
0	0	0	0	403	0	1	111	3	1368	206	2	160	2	4	14	209	0	0	0	374	68	583	67	1533	0	2	2	1062	0	0	2	0	0	0	526	0	0	0	876	13	976	1081	2268	102	634	7	804	0	1380	26	990	9	199	320	1433	1196	691	681	3808	0	151	17	9065	1410	1559	0	89	481	1593	67	2	0	1	41	0	0	381	33	1047	522	73	46	0
0	0	0	0	0	0	0	0	0	5	0	0	1	0	0	0	0	0	0	0	0	0	0	0	7	0	0	0	7	0	0	0	0	0	0	1158	0	28	0	396	1	15	644	776	0	197	729	809	40	2772	0	258	220	901	986	1024	152	0	394	1993	0	349	3	1410	6115	2132	0	126	1453	3763	4	0	3	0	7	0	0	54	92	1259	75	27	6	1
0	0	0	0	0	0	0	33	1	32	1	0	0	0	1	1	0	0	0	0	0	9	0	7	33	0	0	0	41	0	35	0	0	0	0	1693	0	359	0	0	0	1	736	625	0	0	0	0	0	1872	0	336	1036	0	2	0	1436	0	2326	1136	0	20	21	1559	2132	6507	0	2	1131	1282	45	0	10	6	4	0	0	13	0	395	133	0	1	0
0	0	0	0	0	0	0	0	0	0	0	40	0	417	0	0	0	0	0	0	0	0	0	0	0	50	77	57	0	0	0	0	0	0	0	0	1	0	0	0	0	0	0	0	0	0	55	0	471	0	0	0	0	0	0	0	0	0	0	0	192	323	124	0	0	0	505	0	0	0	0	289	0	0	0	0	6	0	0	0	0	0	0	0
0	0	0	0	0	0	0	4	0	6	0	0	1	0	0	2	0	0	0	0	0	0	0	0	2	0	0	0	7	0	0	0	0	0	0	0	0	0	0	10	138	106	10	562	0	0	3	1	0	241	5	0	0	0	0	13	0	0	0	80	0	0	0	89	126	2	0	709	0	360	0	0	0	0	2	0	0	151	3	253	136	32	215	1
0	0	0	0	0	0	0	0	0	6	0	0	0	0	0	0	0	0	0	0	0	0	0	0	8	0	0	0	8	0	0	0	0	0	0	10	0	2	0	0	0	0	523	0	0	0	0	0	0	138	0	223	20	11	27	0	67	0	207	679	0	5	0	481	1453	1131	0	0	1605	1459	0	0	0	0	0	0	0	1	1	35	3	0	0	0
8	0	0	0	1	0	0	53	0	182	1	0	2	1	8	108	0	0	2	2	0	0	0	0	132	0	5	3	163	11	0	1	0	0	5	26	0	26	0	423	39	44	720	860	0	104	945	704	65	1541	0	291	381	1002	1442	927	213	41	520	2289	0	486	43	1593	3763	1282	0	360	1459	7197	310	2	11	6	141	0	0	609	204	2923	802	56	161	1
0	0	32	0	0	7	9	304	83	47	161	287	77	281	92	183	246	32	138	66	4	1853	0	2212	386	0	836	876	1180	3	453	214	0	0	126	1	14	0	0	0	0	0	27	26	13	0	0	0	0	58	0	57	1	3	26	0	32	138	219	127	0	31	159	67	4	45	0	0	0	310	6512	570	1116	430	345	43	0	384	95	268	262	0	0	1
0	0	0	0	0	0	19	1	6	0	25	222	2	717	1	0	49	97	34	41	0	315	0	395	96	63	372	222	113	0	0	2	0	0	46	0	32	0	0	0	0	0	0	0	0	0	43	10	400	0	0	2	0	2	60	1	0	11	0	2	131	362	245	2	0	0	289	0	0	2	570	1887	197	14	0	3	96	10	5	0	5	0	0	0
0	0	24	0	44	1	1147	703	517	102	1476	1939	296	444	250	2	2	806	542	1021	83	472	0	649	18	0	1157	48	728	284	1013	245	20	19	2741	0	5	0	0	0	0	0	2	1	52	4	0	315	0	10	0	42	0	0	6	39	0	63	8	117	0	6	8	0	3	10	0	0	0	11	1116	197	6389	710	69	20	25	13	2	24	24	0	0	0
0	0	4	0	0	1	57	182	41	43	198	150	15	1	86	0	0	30	69	24	27	80	0	109	8	0	144	9	340	3	94	10	2	0	106	0	0	0	0	0	0	0	3	6	30	4	0	36	0	7	0	36	0	0	0	3	7	47	66	64	0	0	14	1	0	6	0	0	0	6	430	14	710	1118	52	40	2	1	0	34	67	0	0	0
0	0	0	0	27	135	60	13	31	152	162	0	101	0	13	243	0	0	0	0	33	10	0	0	40	0	0	0	168	1	24	0	1	0	0	0	0	0	0	22	4	8	1	2	2	2	0	4	0	3	8	10	0	2	0	0	6	10	117	84	0	0	22	41	7	4	0	2	0	141	345	0	69	52	1247	43	0	234	2	110	84	68	1	0
0	0	0	0	0	37	14	0	0	2	4	1	0	4	0	17	0	0	0	0	0	0	0	0	0	0	1	0	4	0	0	0	39	0	17	0	0	0	0	0	0	0	0	0	0	0	0	0	0	0	0	1	0	0	0	0	0	1	0	2	0	0	0	0	0	0	0	0	0	0	43	3	20	40	43	178	2	0	0	0	0	0	0	0
0	0	0	0	0	0	0	0	0	0	0	101	0	119	0	0	0	0	0	0	0	0	0	0	0	4	0	0	0	0	0	0	0	0	8	0	0	0	0	0	0	0	0	0	0	0	10	0	30	0	0	0	0	0	0	0	0	0	0	0	26	0	0	0	0	0	6	0	0	0	0	96	25	2	0	2	176	0	0	0	0	0	0	0
3	0	1	0	58	0	9	15	0	243	6	0	123	1	5	127	33	47	2	2	62	13	5	64	225	0	7	79	136	6	0	1	0	0	4	0	62	63	0	72	143	96	11	270	152	0	252	22	6	156	207	97	6	497	693	68	354	183	1189	608	0	972	1908	381	54	13	0	151	1	609	384	10	13	1	234	0	0	6348	2291	755	265	390	56	54
0	0	0	0	0	0	0	1	0	0	0	0	1	0	0	3	1	44	2	2	0	11	5	61	1	0	4	70	1	0	0	0	0	0	0	0	52	2	0	52	0	3	1	3	0	3	438	89	63	16	0	7	0	779	805	90	34	29	49	26	0	1110	693	33	92	0	0	3	1	204	95	5	2	0	2	0	0	2291	2801	253	43	3	2	129
8	0	1	0	1	0	0	120	1	179	1	0	1	0	9	87	0	0	0	0	0	17	0	15	120	0	0	2	207	11	98	0	0	0	5	146	1	81	0	388	18	50	158	885	0	59	572	508	44	911	0	114	308	804	836	728	99	4	584	1297	5	363	2	1047	1259	395	0	253	35	2923	268	0	24	34	110	0	0	755	253	4691	1294	53	92	48
5	0	1	0	1	0	0	127	3	104	3	0	0	0	6	45	0	0	0	0	0	55	0	48	80	0	0	5	276	5	154	0	0	0	2	24	0	18	0	42	14	20	98	274	0	0	35	32	1	252	0	163	83	6	35	91	169	25	643	550	0	16	16	522	75	133	0	136	3	802	262	5	24	67	84	0	0	265	43	1294	1969	15	81	16
0	0	0	0	1	0	6	0	0	81	4	0	47	0	0	41	0	0	0	0	4	0	0	0	5	0	0	0	3	0	0	0	0	0	0	0	0	0	0	88	313	384	0	375	137	0	23	331	0	98	547	1	0	13	0	180	0	0	0	321	0	0	0	73	27	0	0	32	0	56	0	0	0	0	68	0	0	390	3	53	15	1195	45	0
0	0	0	0	0	0	0	4	0	3	0	0	0	0	0	1	0	0	0	0	0	0	0	0	0	0	0	0	5	0	0	0	0	0	0	0	0	0	0	6	140	93	6	249	0	0	1	0	0	58	0	1	0	0	0	3	0	0	0	48	0	0	0	46	6	1	0	215	0	161	0	0	0	0	1	0	0	56	2	92	81	45	354	0
0	0	0	0	0	0	0	0	0	0	0	0	0	0	0	0	0	0	0	0	0	0	0	0	0	0	0	0	0	0	0	0	0	0	0	0	0	0	0	0	0	0	0	1	0	0	151	0	153	1	0	0	0	0	0	0	0	0	0	0	46	0	0	0	1	0	0	1	0	1	1	0	0	0	0	0	0	54	129	48	16	0	0	291
