0.0316554156642	3.73735722127e-05	0.000588633762351	0	0.0012473429726	7.47471444255e-05	0.00113055055944	0.0176730279601	0.015108266567	0.000770829926888	0.00460629277522	0.00042512438392	0.000420452687393	4.67169652659e-05	0.0151643269253	4.67169652659e-05	0.000228913129803	0.000443811170026	0.000135479199271	0.000196211254117	0.000957697787952	0.00137347877882	0.000256943308963	0.00176122959053	0.00301324425965	3.27018756862e-05	0.000640022424143	0.000289645184649	0.00742332578076	0.0141272102964	0.0069748429142	9.34339305319e-06	5.13886617925e-05	0.00341968185747	0.00617598280816	0.000252271612436	7.00754478989e-05	2.80301791596e-05	0	0.00045315456308	0	0.000130807502745	0.000532573404032	0.000121464109691	0.00187802200369	0.000593305458877	4.20452687393e-05	0.000499871528346	4.20452687393e-05	0.000369064025601	3.27018756862e-05	0.000158837681904	3.73735722127e-05	4.67169652659e-06	1.40150895798e-05	0.000560603583191	0.000144822592324	0.000252271612436	0.000107449020112	0.00249001424867	9.34339305319e-06	7.47471444255e-05	8.87622340053e-05	0.00082221858868	0.000256943308963	0.000130807502745	9.34339305319e-06	2.3358482633e-05	1.86867861064e-05	0.000317675363808	0.000803531802574	0.000158837681904	0.00338230828525	0.0010371166289	0.000551260190138	0.000228913129803	1.86867861064e-05	0.000284973488122	3.27018756862e-05	0.000247599915909	6.07320548457e-05	0.000112120716638	1.40150895798e-05	9.34339305319e-06
3.73735722127e-05	0.0150755646913	0.00188736539674	0	4.67169652659e-06	0	4.67169652659e-06	8.40905374787e-05	3.73735722127e-05	0.000953026091425	1.40150895798e-05	7.47471444255e-05	9.34339305319e-06	0.000140150895798	3.27018756862e-05	1.86867861064e-05	0.000513886617925	0.00063067903109	3.73735722127e-05	0.000121464109691	0	0.000200882950644	0.00405036088856	0.000682067692883	0.000574618672771	0.00114456564902	0.00325150078251	0.00987129476069	0.000214898040223	9.34339305319e-05	0.000102777323585	4.67169652659e-06	0	3.73735722127e-05	0.000509214921399	1.86867861064e-05	0.00506411903483	0.000752143140782	0	0	0	9.34339305319e-06	1.86867861064e-05	0	4.67169652659e-05	9.34339305319e-06	6.54037513723e-05	1.40150895798e-05	7.47471444255e-05	3.73735722127e-05	0	4.67169652659e-05	0.000551260190138	1.40150895798e-05	0.000168181074957	0	7.47471444255e-05	0.000177524468011	0.000406437597814	3.27018756862e-05	0.00020555464717	0.00109784868375	0.0040924061573	7.47471444255e-05	3.73735722127e-05	2.80301791596e-05	1.86867861064e-05	0	0	0.000154165985378	0.000429796080447	0.000420452687393	0.000387750811707	0.000121464109691	8.40905374787e-05	9.34339305319e-06	9.34339305319e-06	0.00020555464717	0.000135479199271	0.000172852771484	7.00754478989e-05	0	0	0
0.000588633762351	0.00188736539674	0.0446567470977	0	1.40150895798e-05	9.34339305319e-06	5.13886617925e-05	0.00134544859966	0.000383079115181	0.000275630095069	4.67169652659e-05	0.00021956973675	4.20452687393e-05	6.54037513723e-05	0.000387750811707	9.34339305319e-06	0.000481184742239	0.00908644974422	0.000130807502745	0.000537245100558	4.67169652659e-06	0.00295718390133	0.00227044451192	0.0170003036603	0.000308331970755	5.60603583191e-05	0.00932937796361	0.0184999182453	0.000831561981734	0.000513886617925	0.00135946368924	4.67169652659e-06	1.40150895798e-05	0.00019153955759	0.00282170470206	4.20452687393e-05	0.0074139823877	0.00277031604027	0	3.27018756862e-05	0	4.67169652659e-06	0.000121464109691	4.67169652659e-06	0.000144822592324	2.3358482633e-05	8.40905374787e-05	1.86867861064e-05	7.00754478989e-05	6.07320548457e-05	4.67169652659e-06	0.000406437597814	0.00128004484829	1.40150895798e-05	0.000387750811707	9.34339305319e-06	0.000331690453388	0.00163976548083	0.00286842166733	0.000186867861064	0.000130807502745	0.00246665576604	0.00739062390507	0.000308331970755	8.87622340053e-05	9.34339305319e-05	1.86867861064e-05	0	1.40150895798e-05	0.000518558314452	0.00503608885567	0.00290112354301	0.00324682908598	0.00156034663988	0.000196211254117	8.40905374787e-05	3.73735722127e-05	0.000719441265095	0.00041110929434	0.00061666394151	0.000294316881175	3.27018756862e-05	9.34339305319e-06	4.67169652659e-06
0	0	0	0	0	0	0	0	0	0	0	0	0	0	0	0	0	0	0	0	0	0	0	0	0	0	0	0	0	0	0	0	0	0	0	0	0	0	0	0	0	0	0	0	0	0	0	0	0	0	0	0	0	0	0	0	0	0	0	0	0	0	0	0	0	0	0	0	0	0	0	0	0	0	0	0	0	0	0	0	0	0	0	0
0.0012473429726	4.67169652659e-06	1.40150895798e-05	0	0.0270678096751	5.13886617925e-05	0.000892294036579	0.00316741024503	0.00208357665086	0.000859592160893	0.00337763658873	0.000121464109691	0.00589100932003	2.3358482633e-05	0.0011772675247	0.000336362149915	0	4.67169652659e-06	2.3358482633e-05	2.3358482633e-05	0.00578356029992	2.3358482633e-05	3.73735722127e-05	1.86867861064e-05	0.0146551120039	1.40150895798e-05	7.94188409521e-05	2.3358482633e-05	0.00930601948097	0.00135479199271	9.81056270585e-05	0	2.3358482633e-05	0.000406437597814	0.00134544859966	0.000275630095069	9.34339305319e-06	4.67169652659e-06	0	0.00460162107869	9.34339305319e-06	0.000682067692883	0.000298988577702	0.00020555464717	0.00274695755764	0.00440073812805	5.60603583191e-05	0.0073252201537	2.80301791596e-05	0.000499871528346	0.000102777323585	4.67169652659e-06	1.40150895798e-05	4.67169652659e-06	9.34339305319e-06	0.00630211861437	1.40150895798e-05	1.40150895798e-05	1.86867861064e-05	0.00393356847539	4.67169652659e-06	2.80301791596e-05	3.27018756862e-05	0.000392422508234	0.000359720632548	9.34339305319e-06	4.67169652659e-06	4.67169652659e-06	4.67169652659e-06	0.000298988577702	0.00020555464717	9.34339305319e-06	0.000719441265095	0.000182196164537	0.000476513045713	7.47471444255e-05	1.86867861064e-05	0.000200882950644	2.80301791596e-05	0.000196211254117	8.40905374787e-05	0.000116792413165	1.40150895798e-05	0
7.47471444255e-05	0	9.34339305319e-06	0	5.13886617925e-05	0.00629744691785	0.00215365209876	0.000196211254117	0.00203218798907	9.34339305319e-05	9.81056270585e-05	6.07320548457e-05	5.60603583191e-05	9.34339305319e-06	0.000892294036579	0.00112120716638	0	2.80301791596e-05	1.40150895798e-05	1.40150895798e-05	4.67169652659e-05	4.67169652659e-05	4.67169652659e-06	8.40905374787e-05	0.000112120716638	4.67169652659e-06	3.73735722127e-05	9.34339305319e-06	0.000149494288851	0.000780173319941	5.60603583191e-05	0	0.00183130503842	4.67169652659e-05	0.000766158230361	4.67169652659e-06	4.67169652659e-06	0	0	2.3358482633e-05	0	4.67169652659e-06	1.86867861064e-05	0	5.60603583191e-05	1.40150895798e-05	4.67169652659e-06	4.67169652659e-06	0	0	0	9.34339305319e-06	0	0	0	2.3358482633e-05	0	9.34339305319e-06	4.67169652659e-06	5.60603583191e-05	0	0	4.67169652659e-06	1.40150895798e-05	0	4.67169652659e-06	0	0	0	9.34339305319e-06	0.00020555464717	3.73735722127e-05	0.000485856438766	0.000322347060335	0.00128471654481	0.00105113171848	9.34339305319e-06	1.40150895798e-05	9.34339305319e-06	9.34339305319e-06	1.40150895798e-05	0	0	0
0.00113055055944	4.67169652659e-06	5.13886617925e-05	0	0.000892294036579	0.00215365209876	0.032940132209	0.0046203078648	0.0206629137371	0.000495199831819	0.00964238163089	0.000481184742239	0.00501740206956	6.07320548457e-05	0.00480250402934	0.00200415780991	9.34339305319e-06	7.00754478989e-05	7.00754478989e-05	0.000140150895798	0.00304127443881	0.000102777323585	1.40150895798e-05	0.000149494288851	0.00181728994884	2.80301791596e-05	0.000350377239495	7.94188409521e-05	0.00304594613534	0.00361122141506	0.000126135806218	0	0.000999743056691	0.000172852771484	0.00266286702016	4.67169652659e-05	2.80301791596e-05	9.34339305319e-06	0	0.000116792413165	0	2.3358482633e-05	0.000116792413165	1.40150895798e-05	0.0004391394735	0.000158837681904	4.67169652659e-06	0.000163509378431	1.40150895798e-05	3.73735722127e-05	9.34339305319e-06	4.67169652659e-06	9.34339305319e-06	0	4.67169652659e-06	0.000158837681904	9.34339305319e-06	4.67169652659e-06	1.40150895798e-05	0.000495199831819	9.34339305319e-06	1.40150895798e-05	2.80301791596e-05	0.000158837681904	1.86867861064e-05	1.40150895798e-05	0	4.67169652659e-06	0	2.3358482633e-05	0.000560603583191	9.34339305319e-05	0.00183597673495	0.000560603583191	0.00255541800005	0.00065870921025	2.3358482633e-05	7.47471444255e-05	1.40150895798e-05	4.20452687393e-05	1.86867861064e-05	2.3358482633e-05	1.40150895798e-05	9.34339305319e-06
0.0176730279601	8.40905374787e-05	0.00134544859966	0	0.00316741024503	0.000196211254117	0.0046203078648	0.0609095793137	0.0154446287169	0.00182196164537	0.0100441475322	0.000504543224872	0.000523230010978	7.47471444255e-05	0.0112260867534	0.000182196164537	0.000214898040223	0.000710097872042	0.000112120716638	0.000214898040223	0.000551260190138	0.00269556889584	0.000509214921399	0.00342902525052	0.00904440447549	3.73735722127e-05	0.000803531802574	0.000443811170026	0.0262642778725	0.0124874448156	0.00965172502394	1.40150895798e-05	7.94188409521e-05	0.00521828502021	0.00876410268389	0.000649365817197	0.000112120716638	0.000107449020112	0	0.00163042208778	4.67169652659e-06	0.000369064025601	0.00157903342599	0.000327018756862	0.00612926584289	0.00206956156128	0.000107449020112	0.0015977202121	4.20452687393e-05	0.000808203499101	7.00754478989e-05	0.000331690453388	5.13886617925e-05	1.86867861064e-05	3.73735722127e-05	0.00188269370022	0.000266286702016	0.000495199831819	0.000210226343697	0.00807736329448	2.80301791596e-05	0.000130807502745	0.000168181074957	0.00226110111887	0.000593305458877	0.000242928219383	4.67169652659e-06	2.3358482633e-05	5.60603583191e-05	0.000686739389409	0.00248534255215	0.000289645184649	0.00517623975147	0.00217701058139	0.00150428628156	0.000574618672771	4.20452687393e-05	0.000537245100558	0.000121464109691	0.000565275279718	0.000182196164537	0.000308331970755	3.27018756862e-05	4.67169652659e-06
0.015108266567	3.73735722127e-05	0.000383079115181	0	0.00208357665086	0.00203218798907	0.0206629137371	0.0154446287169	0.0592931723155	0.000789516712994	0.0163649529327	0.00163509378431	0.00439606643152	0.000163509378431	0.0242601200626	0.00120996940039	0.000121464109691	0.000327018756862	0.000303660274229	0.000457826259606	0.0054285113639	0.000626007334564	0.000121464109691	0.000878278947	0.00418584008783	7.00754478989e-05	0.00134544859966	0.000298988577702	0.00900235920675	0.0134778444792	0.0023358482633	1.40150895798e-05	0.0014061806545	0.0011585807386	0.0101983135176	0.000210226343697	5.60603583191e-05	1.86867861064e-05	0	0.000490528135292	0	0.000126135806218	0.000448482866553	9.34339305319e-05	0.00177991637663	0.000710097872042	3.73735722127e-05	0.000574618672771	2.80301791596e-05	0.000280301791596	2.80301791596e-05	0.000102777323585	2.3358482633e-05	4.67169652659e-06	2.3358482633e-05	0.000668052603303	0.000112120716638	0.000112120716638	4.67169652659e-05	0.00242928219383	9.34339305319e-06	6.07320548457e-05	6.07320548457e-05	0.000677395996356	0.000238256522856	0.000112120716638	4.67169652659e-06	1.86867861064e-05	1.40150895798e-05	0.000228913129803	0.00177524468011	0.000317675363808	0.0066057788886	0.00181728994884	0.0033028894443	0.00170984092873	6.54037513723e-05	0.000214898040223	4.20452687393e-05	0.00021956973675	9.81056270585e-05	0.000102777323585	2.3358482633e-05	9.34339305319e-06
0.000770829926888	0.000953026091425	0.000275630095069	0	0.000859592160893	9.34339305319e-05	0.000495199831819	0.00182196164537	0.000789516712994	0.0237602485343	0.000224241433276	6.07320548457e-05	0.00226110111887	9.34339305319e-06	0.000761486533835	0.000784845016468	0.00219102567097	0.000186867861064	1.40150895798e-05	2.80301791596e-05	0.000228913129803	0.00217233888487	0.00617131111163	0.00260680666184	0.00858657821588	6.07320548457e-05	0.000149494288851	0.000686739389409	0.00451753054122	0.00245731237299	0.00282637639859	4.67169652659e-06	9.34339305319e-06	0.00183597673495	0.00298988577702	0.000565275279718	8.87622340053e-05	6.54037513723e-05	0	0.000635350727617	4.67169652659e-06	8.40905374787e-05	0.00112587886291	0.000130807502745	0.00666183924692	0.000415780990867	4.67169652659e-05	0.000499871528346	1.40150895798e-05	0.000392422508234	3.73735722127e-05	0.00182196164537	0.000116792413165	4.67169652659e-06	3.73735722127e-05	0.000728784658149	0.000826890285207	0.00389152320665	0.000770829926888	0.00341033846441	1.86867861064e-05	6.54037513723e-05	0.000182196164537	0.00273761416458	0.000327018756862	0.000663380906776	0	2.80301791596e-05	5.60603583191e-05	0.000565275279718	0.0011772675247	0.000140150895798	0.00113055055944	0.000569946976244	0.00177991637663	6.54037513723e-05	0	0.000752143140782	0.000224241433276	0.000490528135292	0.000256943308963	0.000144822592324	3.27018756862e-05	2.80301791596e-05
0.00460629277522	1.40150895798e-05	4.67169652659e-05	0	0.00337763658873	9.81056270585e-05	0.00964238163089	0.0100441475322	0.0163649529327	0.000224241433276	0.0389853075144	0.000476513045713	0.00262549344795	4.20452687393e-05	0.00548924341875	0.000149494288851	4.67169652659e-06	5.60603583191e-05	0.000116792413165	0.000140150895798	0.00470907009881	6.07320548457e-05	1.40150895798e-05	0.000130807502745	0.00203218798907	2.3358482633e-05	0.000448482866553	9.34339305319e-05	0.0122351732031	0.00400831561982	0.000182196164537	1.40150895798e-05	8.40905374787e-05	0.000331690453388	0.00380743266917	0.000210226343697	4.67169652659e-06	4.67169652659e-06	0	0.00199014272033	1.40150895798e-05	0.000350377239495	0.000130807502745	0.000121464109691	0.000999743056691	0.00238256522856	3.73735722127e-05	0.00312536497629	2.3358482633e-05	0.000350377239495	5.13886617925e-05	9.34339305319e-06	4.67169652659e-06	4.67169652659e-06	9.34339305319e-06	0.00255074630352	1.86867861064e-05	1.40150895798e-05	2.3358482633e-05	0.00174254280442	4.67169652659e-06	1.86867861064e-05	1.86867861064e-05	0.00019153955759	0.000242928219383	1.40150895798e-05	0	9.34339305319e-06	4.67169652659e-06	0.000228913129803	0.000373735722127	5.13886617925e-05	0.00220036906403	0.000415780990867	0.000588633762351	0.000210226343697	9.34339305319e-06	0.000126135806218	1.86867861064e-05	0.000182196164537	5.60603583191e-05	8.40905374787e-05	2.3358482633e-05	4.67169652659e-06
0.00042512438392	7.47471444255e-05	0.00021956973675	0	0.000121464109691	6.07320548457e-05	0.000481184742239	0.000504543224872	0.00163509378431	6.07320548457e-05	0.000476513045713	0.0259699609913	0.000210226343697	0.00666183924692	0.00151830137114	5.60603583191e-05	9.34339305319e-06	0.000738128051202	0.00378874588307	0.00322814229988	0.00021956973675	0.00020555464717	6.54037513723e-05	0.00061666394151	0.000256943308963	0.00206021816823	0.0112073999673	0.00104178832543	0.000467169652659	0.00292448202565	0.000210226343697	0.00102777323585	0.000130807502745	0.000154165985378	0.00718039756137	3.27018756862e-05	8.87622340053e-05	3.73735722127e-05	0	9.34339305319e-06	0	1.86867861064e-05	2.80301791596e-05	0	8.40905374787e-05	3.73735722127e-05	0.00108383359417	2.3358482633e-05	0.00119595431081	4.67169652659e-05	0	3.73735722127e-05	4.67169652659e-05	8.87622340053e-05	0.000172852771484	1.86867861064e-05	3.27018756862e-05	4.20452687393e-05	8.40905374787e-05	0.000121464109691	0.000420452687393	0.000537245100558	0.00039709420476	4.67169652659e-05	5.60603583191e-05	1.86867861064e-05	0.000168181074957	0	0	0.000172852771484	0.00122398448997	0.00379808927612	0.00512017939315	0.000775501623415	0.00023358482633	0.000149494288851	0.000327018756862	0.000140150895798	0.00113055055944	0.000196211254117	6.54037513723e-05	9.34339305319e-06	9.34339305319e-06	0.000303660274229
0.000420452687393	9.34339305319e-06	4.20452687393e-05	0	0.00589100932003	5.60603583191e-05	0.00501740206956	0.000523230010978	0.00439606643152	0.00226110111887	0.00262549344795	0.000210226343697	0.036364485763	3.27018756862e-05	0.00164910887389	0.00218168227792	4.67169652659e-06	9.34339305319e-06	5.13886617925e-05	3.73735722127e-05	0.012819135269	1.86867861064e-05	2.3358482633e-05	6.07320548457e-05	0.00654037513723	2.3358482633e-05	0.000154165985378	5.60603583191e-05	0.00147158440588	0.00135012029619	5.13886617925e-05	0	2.3358482633e-05	5.60603583191e-05	0.00109317698722	0.000378407418654	3.73735722127e-05	9.34339305319e-06	0	0.00141552404756	1.40150895798e-05	0.00496601340777	0.000163509378431	0.000896965733106	0.000728784658149	0.00554530377707	0.000238256522856	0.0123286071337	4.20452687393e-05	0.00178458807316	0.000541916797085	1.86867861064e-05	1.86867861064e-05	1.40150895798e-05	8.40905374787e-05	0.00200882950644	1.40150895798e-05	9.34339305319e-06	3.27018756862e-05	0.00119595431081	3.27018756862e-05	0.000102777323585	7.94188409521e-05	0.000112120716638	0.00128938824134	1.86867861064e-05	4.67169652659e-06	3.27018756862e-05	0	0.000995071360164	0.000200882950644	1.40150895798e-05	0.000742799747728	0.00019153955759	0.00126602975871	8.40905374787e-05	9.34339305319e-06	0.000317675363808	9.34339305319e-05	0.000756814837308	0.000144822592324	0.000504543224872	6.54037513723e-05	2.80301791596e-05
4.67169652659e-05	0.000140150895798	6.54037513723e-05	0	2.3358482633e-05	9.34339305319e-06	6.07320548457e-05	7.47471444255e-05	0.000163509378431	9.34339305319e-06	4.20452687393e-05	0.00666183924692	3.27018756862e-05	0.0170283338394	0.000168181074957	9.34339305319e-06	0	5.13886617925e-05	0.000270958398542	0.000200882950644	3.27018756862e-05	2.3358482633e-05	4.67169652659e-06	6.54037513723e-05	4.20452687393e-05	0.00557800565275	0.00559202074233	0.00270024059237	6.54037513723e-05	0.000364392329074	2.80301791596e-05	0.00105113171848	1.86867861064e-05	4.20452687393e-05	0.000808203499101	0	7.94188409521e-05	1.40150895798e-05	0	0	4.67169652659e-06	2.3358482633e-05	9.34339305319e-06	1.40150895798e-05	1.40150895798e-05	1.40150895798e-05	0.00187335030716	1.86867861064e-05	0.00227978790498	3.27018756862e-05	0	1.40150895798e-05	3.27018756862e-05	0.000116792413165	0.00021956973675	4.67169652659e-06	1.86867861064e-05	9.34339305319e-06	1.40150895798e-05	2.3358482633e-05	0.00102777323585	0.000696082782462	0.000387750811707	2.80301791596e-05	6.54037513723e-05	1.40150895798e-05	0.000280301791596	1.40150895798e-05	0	0.00023358482633	0.000266286702016	0.00178458807316	0.000808203499101	0.000130807502745	1.86867861064e-05	4.20452687393e-05	0.000574618672771	5.13886617925e-05	0.00173319941137	0.000327018756862	7.00754478989e-05	9.34339305319e-06	4.67169652659e-06	0.00045315456308
0.0151643269253	3.27018756862e-05	0.000387750811707	0	0.0011772675247	0.000892294036579	0.00480250402934	0.0112260867534	0.0242601200626	0.000761486533835	0.00548924341875	0.00151830137114	0.00164910887389	0.000168181074957	0.0446614187942	0.000350377239495	0.000163509378431	0.000392422508234	0.000247599915909	0.000420452687393	0.00212095022307	0.000873607250473	0.000144822592324	0.00116325243512	0.00279834621943	6.54037513723e-05	0.00120529770386	0.000336362149915	0.00561070752844	0.0190184765598	0.00379808927612	4.20452687393e-05	0.00156501833641	0.0025647613931	0.0099787437808	0.00021956973675	4.67169652659e-05	3.73735722127e-05	0	0.000303660274229	0	0.000112120716638	0.000448482866553	0.000116792413165	0.00154165985378	0.000448482866553	5.13886617925e-05	0.000336362149915	3.27018756862e-05	0.000308331970755	1.86867861064e-05	0.000140150895798	3.27018756862e-05	1.40150895798e-05	9.34339305319e-06	0.000392422508234	9.81056270585e-05	0.000163509378431	8.40905374787e-05	0.00179860316274	9.34339305319e-06	6.07320548457e-05	6.54037513723e-05	0.000621335638037	0.000242928219383	0.000126135806218	9.34339305319e-06	4.20452687393e-05	1.40150895798e-05	0.000275630095069	0.00159304851557	0.000289645184649	0.00575553012076	0.00192941066548	0.0014762561024	0.0016164069982	7.00754478989e-05	0.00023358482633	6.54037513723e-05	0.000284973488122	0.000135479199271	0.000107449020112	1.86867861064e-05	9.34339305319e-06
4.67169652659e-05	1.86867861064e-05	9.34339305319e-06	0	0.000336362149915	0.00112120716638	0.00200415780991	0.000182196164537	0.00120996940039	0.000784845016468	0.000149494288851	5.60603583191e-05	0.00218168227792	9.34339305319e-06	0.000350377239495	0.00652636004765	4.67169652659e-06	0	4.67169652659e-06	9.34339305319e-06	0.000355048936021	9.34339305319e-06	3.73735722127e-05	4.67169652659e-06	0.000761486533835	0	3.73735722127e-05	1.40150895798e-05	0.000210226343697	0.000355048936021	5.60603583191e-05	0	5.60603583191e-05	2.80301791596e-05	0.000238256522856	4.67169652659e-06	4.67169652659e-06	0	0	7.47471444255e-05	0	4.67169652659e-06	1.86867861064e-05	0	0.000214898040223	6.07320548457e-05	0	7.47471444255e-05	0	0	9.34339305319e-06	0	0	0	0	0.000102777323585	0	0	0	0.000158837681904	4.67169652659e-06	0	4.67169652659e-06	2.80301791596e-05	0	0	0	0	0	4.67169652659e-06	0.000172852771484	4.67169652659e-06	0.000149494288851	2.3358482633e-05	0.00372801382822	3.27018756862e-05	0	0	0	0	0	0	0	4.67169652659e-06
0.000228913129803	0.000513886617925	0.000481184742239	0	0	0	9.34339305319e-06	0.000214898040223	0.000121464109691	0.00219102567097	4.67169652659e-06	9.34339305319e-06	4.67169652659e-06	0	0.000163509378431	4.67169652659e-06	0.0192987783514	0.000247599915909	4.67169652659e-06	1.86867861064e-05	0	0.00361122141506	0.00966574011352	0.00960500805868	0.0032328139964	1.40150895798e-05	0.00020555464717	0.00399430053024	0.00206956156128	0.000345705542968	0.000840905374787	0	0	0.000149494288851	0.000943682698372	2.3358482633e-05	0.000135479199271	0.000107449020112	0	1.40150895798e-05	0	0	0.000135479199271	1.40150895798e-05	0.000364392329074	4.67169652659e-06	9.34339305319e-06	4.67169652659e-06	0	3.73735722127e-05	4.67169652659e-06	0.00116792413165	4.20452687393e-05	0	9.34339305319e-06	0	0.000499871528346	0.00365793838032	0.00136880708229	0.000429796080447	4.67169652659e-06	3.73735722127e-05	0.000261615005489	0.00109784868375	2.3358482633e-05	0.000322347060335	0	0	4.67169652659e-06	0.000144822592324	0.00184064843148	0.000509214921399	0.00122398448997	0.000845577071313	0.000186867861064	4.67169652659e-05	9.34339305319e-06	0.000261615005489	0.000102777323585	0.000149494288851	7.94188409521e-05	2.3358482633e-05	4.67169652659e-06	0
0.000443811170026	0.00063067903109	0.00908644974422	0	4.67169652659e-06	2.80301791596e-05	7.00754478989e-05	0.000710097872042	0.000327018756862	0.000186867861064	5.60603583191e-05	0.000738128051202	9.34339305319e-06	5.13886617925e-05	0.000392422508234	0	0.000247599915909	0.0353320408306	0.000294316881175	0.00350844409147	1.86867861064e-05	0.00487257947724	0.000523230010978	0.0181168391301	0.000186867861064	8.87622340053e-05	0.0108943963	0.00674125808787	0.000640022424143	0.000752143140782	0.00251337273131	0	1.40150895798e-05	0.000242928219383	0.00621335638037	3.27018756862e-05	0.00217233888487	0.000775501623415	0	1.40150895798e-05	0	4.67169652659e-06	0.000116792413165	4.67169652659e-06	0.000121464109691	1.86867861064e-05	4.20452687393e-05	1.40150895798e-05	6.54037513723e-05	2.3358482633e-05	0	0.000126135806218	0.000434467776973	1.40150895798e-05	0.00023358482633	0	0.000116792413165	0.000313003667282	0.000663380906776	0.000116792413165	8.87622340053e-05	0.00122865618649	0.00227044451192	0.000200882950644	2.80301791596e-05	6.54037513723e-05	2.3358482633e-05	4.67169652659e-06	4.67169652659e-06	0.00021956973675	0.00287776506038	0.00167246735652	0.00492396813903	0.00246198406951	0.000256943308963	0.000140150895798	3.73735722127e-05	0.000313003667282	0.000172852771484	0.000261615005489	0.000182196164537	4.67169652659e-06	0	9.34339305319e-06
0.000135479199271	3.73735722127e-05	0.000130807502745	0	2.3358482633e-05	1.40150895798e-05	7.00754478989e-05	0.000112120716638	0.000303660274229	1.40150895798e-05	0.000116792413165	0.00378874588307	5.13886617925e-05	0.000270958398542	0.000247599915909	4.67169652659e-06	4.67169652659e-06	0.000294316881175	0.0082922613347	0.00176590128705	5.60603583191e-05	7.94188409521e-05	9.34339305319e-06	0.000182196164537	5.13886617925e-05	0.000186867861064	0.00494265492514	0.000537245100558	0.000102777323585	0.000485856438766	8.40905374787e-05	2.3358482633e-05	9.34339305319e-06	5.60603583191e-05	0.00128004484829	1.86867861064e-05	5.60603583191e-05	3.73735722127e-05	0	0	0	9.34339305319e-06	1.86867861064e-05	0	1.86867861064e-05	0	0.000149494288851	9.34339305319e-06	0.00023358482633	1.40150895798e-05	4.67169652659e-06	0	1.86867861064e-05	3.27018756862e-05	9.34339305319e-05	0	0	9.34339305319e-06	2.80301791596e-05	2.80301791596e-05	0.000196211254117	0.000303660274229	0.000214898040223	4.67169652659e-06	3.27018756862e-05	4.67169652659e-06	3.27018756862e-05	0	0	6.07320548457e-05	0.000518558314452	0.0012473429726	0.00130807502745	0.000294316881175	4.20452687393e-05	2.3358482633e-05	1.86867861064e-05	5.13886617925e-05	7.94188409521e-05	5.13886617925e-05	2.3358482633e-05	9.34339305319e-06	4.67169652659e-06	9.34339305319e-06
0.000196211254117	0.000121464109691	0.000537245100558	0	2.3358482633e-05	1.40150895798e-05	0.000140150895798	0.000214898040223	0.000457826259606	2.80301791596e-05	0.000140150895798	0.00322814229988	3.73735722127e-05	0.000200882950644	0.000420452687393	9.34339305319e-06	1.86867861064e-05	0.00350844409147	0.00176590128705	0.0176029525122	7.47471444255e-05	0.000317675363808	3.27018756862e-05	0.000784845016468	9.81056270585e-05	0.000144822592324	0.01300600313	0.00223307093971	0.000186867861064	0.00083623367826	0.000228913129803	3.73735722127e-05	9.34339305319e-06	6.54037513723e-05	0.00341968185747	9.34339305319e-06	0.000569946976244	0.000149494288851	0	4.67169652659e-06	0	0	1.40150895798e-05	4.67169652659e-06	4.20452687393e-05	9.34339305319e-06	7.00754478989e-05	4.67169652659e-06	0.000172852771484	3.27018756862e-05	0	4.20452687393e-05	0.000140150895798	3.27018756862e-05	0.000177524468011	1.86867861064e-05	2.3358482633e-05	3.27018756862e-05	0.000107449020112	5.13886617925e-05	0.000327018756862	0.000831561981734	0.000831561981734	3.73735722127e-05	2.3358482633e-05	9.34339305319e-06	3.73735722127e-05	0	0	9.34339305319e-05	0.00147158440588	0.00161173530167	0.00267688210974	0.000583962065824	5.13886617925e-05	9.34339305319e-05	9.34339305319e-06	0.000196211254117	0.000102777323585	0.000107449020112	7.00754478989e-05	0	0	4.67169652659e-06
0.000957697787952	0	4.67169652659e-06	0	0.00578356029992	4.67169652659e-05	0.00304127443881	0.000551260190138	0.0054285113639	0.000228913129803	0.00470907009881	0.00021956973675	0.012819135269	3.27018756862e-05	0.00212095022307	0.000355048936021	0	1.86867861064e-05	5.60603583191e-05	7.47471444255e-05	0.0223867697554	1.86867861064e-05	4.67169652659e-06	5.60603583191e-05	0.00409707785382	9.34339305319e-06	0.000186867861064	4.67169652659e-05	0.00180794655579	0.0014762561024	5.13886617925e-05	0	5.13886617925e-05	5.13886617925e-05	0.00156501833641	0.000107449020112	1.40150895798e-05	9.34339305319e-06	0	0.000920324215739	0	0.00128938824134	6.54037513723e-05	0.000289645184649	0.000350377239495	0.00190605218285	5.13886617925e-05	0.00375137231085	4.67169652659e-06	0.000481184742239	9.34339305319e-05	4.67169652659e-06	4.67169652659e-06	9.34339305319e-06	2.3358482633e-05	0.00127070145523	4.67169652659e-06	0	1.86867861064e-05	0.000649365817197	0	2.80301791596e-05	2.80301791596e-05	6.54037513723e-05	0.000322347060335	4.67169652659e-06	0	9.34339305319e-06	0	0.000280301791596	0.000163509378431	2.3358482633e-05	0.000934339305319	0.000196211254117	0.000509214921399	8.40905374787e-05	9.34339305319e-06	0.000116792413165	3.73735722127e-05	0.000224241433276	3.73735722127e-05	0.000154165985378	2.80301791596e-05	4.67169652659e-06
0.00137347877882	0.000200882950644	0.00295718390133	0	2.3358482633e-05	4.67169652659e-05	0.000102777323585	0.00269556889584	0.000626007334564	0.00217233888487	6.07320548457e-05	0.00020555464717	1.86867861064e-05	2.3358482633e-05	0.000873607250473	9.34339305319e-06	0.00361122141506	0.00487257947724	7.94188409521e-05	0.000317675363808	1.86867861064e-05	0.0470579991124	0.0032842026582	0.0279040433533	0.000953026091425	1.40150895798e-05	0.00157436172946	0.00159304851557	0.00865198196725	0.0036719534699	0.0109644717479	4.67169652659e-06	9.34339305319e-06	0.00237789353204	0.00678330335661	0.000102777323585	0.000303660274229	0.00021956973675	0	2.3358482633e-05	0	1.40150895798e-05	0.000537245100558	2.3358482633e-05	0.00110252038028	1.86867861064e-05	4.20452687393e-05	2.80301791596e-05	2.3358482633e-05	7.94188409521e-05	4.67169652659e-06	0.00120062600733	0.000126135806218	9.34339305319e-06	4.67169652659e-05	9.34339305319e-06	0.000705426175516	0.00324215738946	0.000775501623415	0.000892294036579	2.80301791596e-05	0.000182196164537	0.000415780990867	0.0021256219196	0.000116792413165	0.000747471444255	0	4.67169652659e-06	4.20452687393e-05	0.000308331970755	0.00329821774778	0.000882950643526	0.00625072995258	0.00359253462895	0.000700754478989	0.000256943308963	5.13886617925e-05	0.000471841349186	0.000186867861064	0.000298988577702	0.000149494288851	2.80301791596e-05	9.34339305319e-06	1.40150895798e-05
0.000256943308963	0.00405036088856	0.00227044451192	0	3.73735722127e-05	4.67169652659e-06	1.40150895798e-05	0.000509214921399	0.000121464109691	0.00617131111163	1.40150895798e-05	6.54037513723e-05	2.3358482633e-05	4.67169652659e-06	0.000144822592324	3.73735722127e-05	0.00966574011352	0.000523230010978	9.34339305319e-06	3.27018756862e-05	4.67169652659e-06	0.0032842026582	0.0297587068744	0.0083623367826	0.00327485926514	0.000121464109691	0.000513886617925	0.00957697787952	0.00245264067646	0.000509214921399	0.00135946368924	4.67169652659e-06	0	0.000378407418654	0.00143888253019	7.94188409521e-05	0.00297119899091	0.000887622340053	0	2.3358482633e-05	0	1.40150895798e-05	0.000284973488122	1.86867861064e-05	0.00101375814627	2.3358482633e-05	4.20452687393e-05	1.86867861064e-05	1.40150895798e-05	6.54037513723e-05	0	0.00308331970755	0.000168181074957	4.67169652659e-06	5.60603583191e-05	4.67169652659e-06	0.00106514680806	0.0102216720002	0.00554997547359	0.0010371166289	2.3358482633e-05	0.000186867861064	0.00318609703114	0.00213029361613	7.47471444255e-05	0.000654037513723	0	0	9.34339305319e-06	0.0004391394735	0.00162575039125	0.000812875195627	0.00105580341501	0.000724112961622	0.000266286702016	2.3358482633e-05	4.67169652659e-06	0.000738128051202	0.000266286702016	0.000415780990867	0.000172852771484	3.27018756862e-05	4.67169652659e-06	4.67169652659e-06
0.00176122959053	0.000682067692883	0.0170003036603	0	1.86867861064e-05	8.40905374787e-05	0.000149494288851	0.00342902525052	0.000878278947	0.00260680666184	0.000130807502745	0.00061666394151	6.07320548457e-05	6.54037513723e-05	0.00116325243512	4.67169652659e-06	0.00960500805868	0.0181168391301	0.000182196164537	0.000784845016468	5.60603583191e-05	0.0279040433533	0.0083623367826	0.0832029151386	0.00104178832543	5.13886617925e-05	0.00482586251197	0.0115390904207	0.00375604400738	0.00294316881175	0.00773632944804	4.67169652659e-06	1.86867861064e-05	0.00117259582818	0.00919389876434	0.000107449020112	0.00269089719932	0.00180794655579	0	3.27018756862e-05	0	2.3358482633e-05	0.0004391394735	4.20452687393e-05	0.000626007334564	4.20452687393e-05	7.94188409521e-05	3.73735722127e-05	5.60603583191e-05	0.000116792413165	9.34339305319e-06	0.00295251220481	0.000467169652659	1.86867861064e-05	0.000158837681904	4.67169652659e-06	0.00118661091775	0.00896498563453	0.00629744691785	0.000999743056691	8.87622340053e-05	0.000738128051202	0.00354581766368	0.0021956973675	0.000130807502745	0.000710097872042	4.67169652659e-06	9.34339305319e-06	1.86867861064e-05	0.000569946976244	0.00932003457055	0.00375137231085	0.0117493167644	0.00817079722501	0.00135479199271	0.000504543224872	9.81056270585e-05	0.00108383359417	0.000387750811707	0.00065870921025	0.00039709420476	5.60603583191e-05	1.86867861064e-05	1.86867861064e-05
0.00301324425965	0.000574618672771	0.000308331970755	0	0.0146551120039	0.000112120716638	0.00181728994884	0.00904440447549	0.00418584008783	0.00858657821588	0.00203218798907	0.000256943308963	0.00654037513723	4.20452687393e-05	0.00279834621943	0.000761486533835	0.0032328139964	0.000186867861064	5.13886617925e-05	9.81056270585e-05	0.00409707785382	0.000953026091425	0.00327485926514	0.00104178832543	0.0485389269113	5.13886617925e-05	0.000341033846441	0.000789516712994	0.0230361355726	0.005358435916	0.00352713087758	0	3.73735722127e-05	0.00278433112985	0.00531639064726	0.000462497956133	7.94188409521e-05	3.73735722127e-05	0	0.00142953913714	1.40150895798e-05	0.000238256522856	0.000971712877531	0.00021956973675	0.00630211861437	0.00165378057041	6.54037513723e-05	0.00149961458504	9.34339305319e-06	0.000518558314452	8.40905374787e-05	0.000415780990867	4.20452687393e-05	4.67169652659e-06	1.40150895798e-05	0.00206956156128	0.000130807502745	0.000518558314452	0.000177524468011	0.00596108476793	9.34339305319e-06	6.07320548457e-05	0.000130807502745	0.00162575039125	0.000383079115181	0.000154165985378	0	4.67169652659e-05	4.20452687393e-05	0.0004391394735	0.00181728994884	0.00019153955759	0.0024946859452	0.00102777323585	0.0015276447642	0.000210226343697	2.80301791596e-05	0.000476513045713	0.000116792413165	0.000359720632548	0.000154165985378	0.000210226343697	2.80301791596e-05	4.67169652659e-06
3.27018756862e-05	0.00114456564902	5.60603583191e-05	0	1.40150895798e-05	4.67169652659e-06	2.80301791596e-05	3.73735722127e-05	7.00754478989e-05	6.07320548457e-05	2.3358482633e-05	0.00206021816823	2.3358482633e-05	0.00557800565275	6.54037513723e-05	0	1.40150895798e-05	8.87622340053e-05	0.000186867861064	0.000144822592324	9.34339305319e-06	1.40150895798e-05	0.000121464109691	5.13886617925e-05	5.13886617925e-05	0.0115390904207	0.00354581766368	0.00471374179533	4.20452687393e-05	0.000116792413165	1.40150895798e-05	0.000228913129803	4.67169652659e-06	1.86867861064e-05	0.000256943308963	0	0.000303660274229	3.73735722127e-05	0	0	0	2.3358482633e-05	0	4.67169652659e-06	0	4.67169652659e-06	0.00176590128705	1.86867861064e-05	0.00235920674593	4.20452687393e-05	4.67169652659e-06	4.67169652659e-06	3.73735722127e-05	9.81056270585e-05	0.000154165985378	4.67169652659e-06	1.86867861064e-05	1.40150895798e-05	2.3358482633e-05	1.40150895798e-05	0.00184064843148	0.000892294036579	0.00064469412067	2.3358482633e-05	6.54037513723e-05	4.67169652659e-06	0.000294316881175	9.34339305319e-06	0	0.000172852771484	9.34339305319e-05	0.000462497956133	0.000284973488122	2.80301791596e-05	9.34339305319e-06	4.67169652659e-06	0.000168181074957	2.80301791596e-05	0.00155100324683	0.000196211254117	2.3358482633e-05	1.40150895798e-05	4.67169652659e-06	0.000565275279718
0.000640022424143	0.00325150078251	0.00932937796361	0	7.94188409521e-05	3.73735722127e-05	0.000350377239495	0.000803531802574	0.00134544859966	0.000149494288851	0.000448482866553	0.0112073999673	0.000154165985378	0.00559202074233	0.00120529770386	3.73735722127e-05	0.00020555464717	0.0108943963	0.00494265492514	0.01300600313	0.000186867861064	0.00157436172946	0.000513886617925	0.00482586251197	0.000341033846441	0.00354581766368	0.0885660227512	0.0287356053351	0.000719441265095	0.00244796897994	0.00104178832543	0.00155100324683	3.73735722127e-05	0.000341033846441	0.00898367242064	8.87622340053e-05	0.0084137254444	0.0013874938684	0	1.86867861064e-05	0	8.40905374787e-05	0.000154165985378	5.60603583191e-05	0.000130807502745	9.81056270585e-05	0.00225175772582	0.000102777323585	0.00412977972951	0.000266286702016	4.67169652659e-06	0.000116792413165	0.00166779565999	0.000532573404032	0.00246198406951	4.20452687393e-05	0.000168181074957	0.000261615005489	0.000766158230361	0.000228913129803	0.00550793020485	0.01000677396	0.0104786153091	0.000228913129803	0.000317675363808	7.47471444255e-05	0.000789516712994	9.34339305319e-06	0	0.00132676181355	0.0060078017332	0.00799794445353	0.0082922613347	0.00216299549181	0.00021956973675	0.000228913129803	7.47471444255e-05	0.000995071360164	0.00177991637663	0.00136413538577	0.000392422508234	3.73735722127e-05	9.34339305319e-06	0.000130807502745
0.000289645184649	0.00987129476069	0.0184999182453	0	2.3358482633e-05	9.34339305319e-06	7.94188409521e-05	0.000443811170026	0.000298988577702	0.000686739389409	9.34339305319e-05	0.00104178832543	5.60603583191e-05	0.00270024059237	0.000336362149915	1.40150895798e-05	0.00399430053024	0.00674125808787	0.000537245100558	0.00223307093971	4.67169652659e-05	0.00159304851557	0.00957697787952	0.0115390904207	0.000789516712994	0.00471374179533	0.0287356053351	0.0817313307328	0.000770829926888	0.000714769568569	0.000747471444255	0.00020555464717	1.40150895798e-05	0.00023358482633	0.00377473079349	5.13886617925e-05	0.0110999509472	0.00255541800005	0	9.34339305319e-06	0	5.60603583191e-05	0.000121464109691	9.34339305319e-06	0.000135479199271	6.54037513723e-05	0.000878278947	7.47471444255e-05	0.00213496531265	0.000144822592324	4.67169652659e-06	0.000999743056691	0.00149027119198	0.000186867861064	0.00113522225596	9.34339305319e-06	0.000448482866553	0.0040410174955	0.00440073812805	0.000238256522856	0.00318609703114	0.00587232253393	0.011506388545	0.000345705542968	0.000182196164537	9.81056270585e-05	0.000392422508234	1.40150895798e-05	4.67169652659e-06	0.000971712877531	0.0066571675504	0.004480156969	0.00434000607321	0.0019153955759	0.000238256522856	7.47471444255e-05	5.60603583191e-05	0.00107449020112	0.000868935553946	0.000967041181005	0.000294316881175	5.13886617925e-05	9.34339305319e-06	5.13886617925e-05
0.00742332578076	0.000214898040223	0.000831561981734	0	0.00930601948097	0.000149494288851	0.00304594613534	0.0262642778725	0.00900235920675	0.00451753054122	0.0122351732031	0.000467169652659	0.00147158440588	6.54037513723e-05	0.00561070752844	0.000210226343697	0.00206956156128	0.000640022424143	0.000102777323585	0.000186867861064	0.00180794655579	0.00865198196725	0.00245264067646	0.00375604400738	0.0230361355726	4.20452687393e-05	0.000719441265095	0.000770829926888	0.0720982924949	0.00914251010254	0.00749340122866	4.67169652659e-06	4.67169652659e-05	0.00432599098363	0.00960033636215	0.00082221858868	0.000126135806218	9.81056270585e-05	0	0.00326084417556	1.40150895798e-05	0.000401765901287	0.00190605218285	0.000327018756862	0.00861460839504	0.00269556889584	0.000135479199271	0.00296185559786	2.80301791596e-05	0.000854920464367	0.000116792413165	0.000892294036579	0.000116792413165	0	6.07320548457e-05	0.00332624792693	0.000476513045713	0.00139683726145	0.000341033846441	0.00872672911168	2.3358482633e-05	0.000135479199271	0.000186867861064	0.0030739763145	0.000728784658149	0.000593305458877	0	3.73735722127e-05	9.81056270585e-05	0.000798860106048	0.00320945551377	0.000513886617925	0.00560603583191	0.00225175772582	0.00144355422672	0.000481184742239	5.60603583191e-05	0.000854920464367	0.000238256522856	0.000705426175516	0.000252271612436	0.00039709420476	5.60603583191e-05	1.86867861064e-05
0.0141272102964	9.34339305319e-05	0.000513886617925	0	0.00135479199271	0.000780173319941	0.00361122141506	0.0124874448156	0.0134778444792	0.00245731237299	0.00400831561982	0.00292448202565	0.00135012029619	0.000364392329074	0.0190184765598	0.000355048936021	0.000345705542968	0.000752143140782	0.000485856438766	0.00083623367826	0.0014762561024	0.0036719534699	0.000509214921399	0.00294316881175	0.005358435916	0.000116792413165	0.00244796897994	0.000714769568569	0.00914251010254	0.0572890145056	0.0141038518138	6.54037513723e-05	0.0015463315503	0.0171544696457	0.0260073345635	0.000597977155404	0.000112120716638	8.87622340053e-05	0	0.000364392329074	0	0.000154165985378	0.00110252038028	0.000158837681904	0.00326084417556	0.0004391394735	0.000126135806218	0.000341033846441	9.34339305319e-05	0.000532573404032	2.3358482633e-05	0.000527901707505	7.94188409521e-05	1.86867861064e-05	5.13886617925e-05	0.000369064025601	0.000303660274229	0.000406437597814	0.000256943308963	0.00278433112985	2.80301791596e-05	0.000186867861064	0.000200882950644	0.00176122959053	0.000495199831819	0.000359720632548	3.27018756862e-05	3.27018756862e-05	8.87622340053e-05	0.00064469412067	0.00356450444979	0.000672724299829	0.0122865618649	0.00390086659971	0.00195744084464	0.00181728994884	0.000107449020112	0.000663380906776	0.000168181074957	0.000555931886665	0.000256943308963	0.000270958398542	3.27018756862e-05	9.34339305319e-06
