0.0237468181468	0	0	0	0	0	6.61164310351e-05	0.0090579510518	0.014181974457	0	0.00218184222416	0.000143252267243	2.2038810345e-05	0	0.0121654233104	0	0	0.000286504534485	0	0.000341601560348	0.00013223286207	0.00035262096552	0	0.00115703754311	0	0	8.81552413801e-05	0	0.00512402340522	0.0121764427156	0.0114491619742	0	1.10194051725e-05	0.000584028474143	0.000947668844836	0	0	0	0	0	0	0	0	0	0	0	0	0	0	0	0	0	0	0	0	0	0	0	0	0	0	0	0	0	0	0	0	0	0	0	0	0	0.000738300146558	0	0	0	0	0	0	0	0	0	0	0
0	0.0311849166382	0.000793397172421	0	0	0	0	0	0	0.000286504534485	0	0	0	0	0	0	0.00474936362935	0.000650144905178	0	0	0	0	0.00716261336213	4.407762069e-05	0.00052893144828	0.00327276333624	0.00442980087935	0.0287606475002	0	0	0	0	0	0	0	0	0.0151957597329	5.50970258625e-05	0	0	0	0	0	0	8.81552413801e-05	0	0	0	0	0	0	0	0.000506892637935	0	2.2038810345e-05	0	3.30582155175e-05	0.00133334802587	0	8.81552413801e-05	0.000418737396555	0.00022038810345	0.020187550276	4.407762069e-05	0	0	0	0	0	9.91746465526e-05	7.71358362076e-05	0	0.00013223286207	2.2038810345e-05	6.61164310351e-05	0	0	2.2038810345e-05	4.407762069e-05	0.000253446318968	0.000121213456898	0	0	0
0	0.000793397172421	0.0362648624227	0	0	2.2038810345e-05	0	3.30582155175e-05	0	0	0	0.00030854334483	0	0	0	0	9.91746465526e-05	0.0161324091726	0.000143252267243	0.000672183715523	0	0.000209368698278	0	0.0140277027846	5.50970258625e-05	0	0.00559785782763	0.0131020727501	5.50970258625e-05	0	0	0	2.2038810345e-05	0	4.407762069e-05	0	2.2038810345e-05	7.71358362076e-05	0	0	0	0	0	0	2.2038810345e-05	0	0	0	0	0	0	0.00061708668966	1.10194051725e-05	0	0	0	1.10194051725e-05	0.000363640370693	0.00265567664657	2.2038810345e-05	0	0	0.00163087196553	0	0	0	0	0	0	0	0.00762542837938	0.000297523939658	0.0065345072673	0.00159781375001	0.00253446318968	4.407762069e-05	0	0.000187329887933	4.407762069e-05	0.000143252267243	9.91746465526e-05	0	0	0
0	0	0	0	0	0	0	0	0	0	0	0	0	0	0	0	0	0	0	0	0	0	0	0	0	0	0	0	0	0	0	0	0	0	0	0	0	0	0	0	0	0	0	0	0	0	0	0	0	0	0	0	0	0	0	0	0	0	0	0	0	0	0	0	0	0	0	0	0	0	0	0	0	0	0	0	0	0	0	0	0	0	0	0
0	0	0	0	0.0174437183881	6.61164310351e-05	0.00030854334483	0.000253446318968	4.407762069e-05	0.00219286162933	0.00013223286207	0.000198349293105	0.00207164817243	0	7.71358362076e-05	0.000661164310351	0	0	4.407762069e-05	0.000187329887933	0.00400004407762	0	0	0	0.00732790443972	0	0.000110194051725	0	0.0102700856208	0.000231407508623	0	0	7.71358362076e-05	6.61164310351e-05	0.000253446318968	0	0	0	0	0.00996154227595	0	0	0	0	0.00520115924142	0.000462815017245	0	0.000727280741386	0	0	0	0	0	0	0	0.00759237016386	0	0	0	0.00567499366384	0	0	0	0.00260057962071	0	0	0	0	0	0	1.10194051725e-05	0	0.000143252267243	5.50970258625e-05	0.000793397172421	1.10194051725e-05	0	0	0	0	0	0	0	0
0	0	2.2038810345e-05	0	6.61164310351e-05	0.00714057455179	0.00368048132762	0.000187329887933	0.00134436743105	0.000980727060353	2.2038810345e-05	2.2038810345e-05	8.81552413801e-05	0.0004407762069	0.000121213456898	0.00458407255176	0	0	1.10194051725e-05	0	6.61164310351e-05	0	0	0	0.00249038556899	0	1.10194051725e-05	7.71358362076e-05	0.000506892637935	0.000495873232763	2.2038810345e-05	0	0.00231407508623	0.000418737396555	0.00217082281898	0	0	0	0	0.000253446318968	0	0	0	0	0.00026446572414	0	0	2.2038810345e-05	0	0	0	0	0	0	0	0.000165291077588	0	0	0	0.00026446572414	0	0	0	0	0	0	0	0	0	0	0.00240223032761	1.10194051725e-05	0.00052893144828	0.00109092111208	0.0043306262328	0.00147660029312	1.10194051725e-05	4.407762069e-05	0	0	0	0	0	0
6.61164310351e-05	0	0	0	0.00030854334483	0.00368048132762	0.0367717550607	0.00632513856902	0.0171461944484	0.000826455387938	0.0123527531984	0.00435266504314	0.010347221457	0.000154271672415	0.0102260080001	0.00422043218107	0	0	0.00233611389657	0.00369150073279	0.00460611136211	0	0	0	0.00223693925002	0	3.30582155175e-05	0	0.00274383188795	0.00380169478452	5.50970258625e-05	0	0.00578518771557	9.91746465526e-05	0.00519013983625	0	0	0	0	9.91746465526e-05	0	0	0	0	9.91746465526e-05	0	0	0	0	0	0	0	0	0	0	6.61164310351e-05	0	0	0	9.91746465526e-05	0	0	0	0	0	0	0	0	0	0	0.00326174393106	1.10194051725e-05	0.000330582155175	0.00030854334483	0.00453999493107	0.000639125500006	0	0	0	0	0	0	0	0
0.0090579510518	0	3.30582155175e-05	0	0.000253446318968	0.000187329887933	0.00632513856902	0.0617417271816	0.018457503664	2.2038810345e-05	0.0146227506639	0.00323970512072	0	3.30582155175e-05	0.00939955261215	8.81552413801e-05	0	0.000275485129313	0.00116805694829	0.00236917211209	0.00212674519829	0.00812130161214	0	0.00953178547422	0.000319562750003	0	0.00142150326725	0	0.0220718685605	0.0183252708019	0.0142480908881	0	0.0015647555345	0.0110965410087	0.0122095009311	0	0	0	0	0.00295320058623	0	0	0	0	0.00284300653451	0.00209368698278	1.10194051725e-05	0	0	0	0	0	0	1.10194051725e-05	1.10194051725e-05	0.00315154987934	0	0	0	0.00350417084486	0	0	0	0.00230305568105	0	0	0	0	0	1.10194051725e-05	5.50970258625e-05	6.61164310351e-05	0.00667775953454	0.00103582408622	8.81552413801e-05	0.000628106094833	2.2038810345e-05	0	0	1.10194051725e-05	0	0	0	0
0.014181974457	0	0	0	4.407762069e-05	0.00134436743105	0.0171461944484	0.018457503664	0.0439674266383	3.30582155175e-05	0.0143142073191	0.000187329887933	0.000760338956903	0.00061708668966	0.0186007559312	0.000319562750003	0	0.000165291077588	6.61164310351e-05	0.00030854334483	1.10194051725e-05	0.00035262096552	0	0.0010027658707	9.91746465526e-05	0	7.71358362076e-05	0	0.00792295231903	0.00863921365525	0.00675489537075	0	0.00744911789662	0.00114601813794	0.00341601560348	0	0	0	0	6.61164310351e-05	0	0	0	0	9.91746465526e-05	2.2038810345e-05	0	0	0	0	0	0	0	0	0	5.50970258625e-05	0	0	0	9.91746465526e-05	0	0	0	3.30582155175e-05	0	0	0	0	0	0	0.00138844505174	1.10194051725e-05	0.00182922125864	0.00157577493967	0.000903591224146	0.00201655114657	0	5.50970258625e-05	0	0	0	1.10194051725e-05	0	0
0	0.000286504534485	0	0	0.00219286162933	0.000980727060353	0.000826455387938	2.2038810345e-05	3.30582155175e-05	0.0182591543708	5.50970258625e-05	0	0.000606067284488	0	1.10194051725e-05	0.00131130921553	0.00240223032761	0	0	0	0.000319562750003	0	0.00317358868968	0	0.0124849860605	0	0	0.00017631048276	0.00598353700867	2.2038810345e-05	0	0	5.50970258625e-05	2.2038810345e-05	8.81552413801e-05	0	0	0	0	0.00689814763799	0	0	0	0	0.0134657131208	0	0	0.000121213456898	0	0	0	1.10194051725e-05	0	0	2.2038810345e-05	0.00487057708625	0	0.00155373612932	0	0.0133224608536	0	0	0	0.00175208542243	2.2038810345e-05	0	0	0	0	3.30582155175e-05	0.000881552413801	0	4.407762069e-05	4.407762069e-05	0.00214878400864	6.61164310351e-05	0	0	0	2.2038810345e-05	0	0	0	0
0.00218184222416	0	0	0	0.00013223286207	2.2038810345e-05	0.0123527531984	0.0146227506639	0.0143142073191	5.50970258625e-05	0.0406726244917	0.00394494705176	0.00414329634486	0	0.0100166393018	2.2038810345e-05	0	0	0.00147660029312	0.00322868571555	0.0098623676294	0	0	0	9.91746465526e-05	0	0.000991746465526	0	0.0111846962501	0.00682101180178	0	0	0.00247936616381	0.000154271672415	0.00775766124145	0	0	0	0	0.00413227693969	0	0	0	0	0.00379067537934	0.00255650200002	1.10194051725e-05	6.61164310351e-05	0	0	0	0	0	1.10194051725e-05	1.10194051725e-05	0.00613780868109	0	0	0	0.00615984749143	0	0	0	0.00196145412071	0	0	0	0	0	1.10194051725e-05	8.81552413801e-05	0	0.00307441404313	5.50970258625e-05	0.000242426913795	2.2038810345e-05	0	0	0	1.10194051725e-05	0	0	0	0
0.000143252267243	0	0.00030854334483	0	0.000198349293105	2.2038810345e-05	0.00435266504314	0.00323970512072	0.000187329887933	0	0.00394494705176	0.0410583036728	0.00638023559488	0.00446285909487	0.00385679181038	6.61164310351e-05	3.30582155175e-05	0.000110194051725	0.0134657131208	0.0162646420346	0.00790091350869	0.000584028474143	0	0.000407717991383	0.000716261336213	0.00258956021554	0.0105345513449	9.91746465526e-05	0.00429756801728	0.0131130921553	0.00138844505174	0.00148761969829	0.00182922125864	0.00284300653451	0.0238790510088	0	0	0	0	1.10194051725e-05	0	0	0	0	8.81552413801e-05	1.10194051725e-05	0.000584028474143	0	0.00412125753452	0	0	0	1.10194051725e-05	3.30582155175e-05	0	1.10194051725e-05	0	0	0	0.000110194051725	0.000242426913795	7.71358362076e-05	0.00013223286207	1.10194051725e-05	0	0	0.000143252267243	0	0	0	0.0036474231121	0.0046501889828	0.00960892131043	0.000595047879315	0	0.000297523939658	0.00101378527587	0.000451795612073	0.00167494958622	8.81552413801e-05	0	0.000198349293105	0	0.000925630034491
2.2038810345e-05	0	0	0	0.00207164817243	8.81552413801e-05	0.010347221457	0	0.000760338956903	0.000606067284488	0.00414329634486	0.00638023559488	0.0262151649054	0	0.00404412169831	0.0012011151638	0	0	0.00334989917244	0.00451795612073	0.0112177544656	0	0	0	0.0013223286207	0	0.000319562750003	0	0.00192839590519	0.00613780868109	0	0	0.000385679181038	0	0.00706343871558	0	0	0	0	7.71358362076e-05	0	0.0010027658707	0	0.000848494198283	0.00052893144828	0	0.000165291077588	0.00375761716383	1.10194051725e-05	0.000495873232763	0.000991746465526	0	0	1.10194051725e-05	1.10194051725e-05	0.000628106094833	0	0	0	0.00026446572414	0	9.91746465526e-05	0	5.50970258625e-05	9.91746465526e-05	0	0	4.407762069e-05	0	7.71358362076e-05	0.000121213456898	1.10194051725e-05	3.30582155175e-05	2.2038810345e-05	0.00122315397415	4.407762069e-05	0	4.407762069e-05	0	0.00017631048276	0	0.000198349293105	0	0
0	0	0	0	0	0.0004407762069	0.000154271672415	3.30582155175e-05	0.00061708668966	0	0	0.00446285909487	0	0.0144574595863	0.000242426913795	4.407762069e-05	0	0	0.000110194051725	1.10194051725e-05	0	0	0	0	0	0.00620392511212	0.00598353700867	0.00287606475002	4.407762069e-05	0.00035262096552	0	0.00204960936209	0.000859513603456	4.407762069e-05	0.00113499873277	0	0.000275485129313	0	0	0	0	0	0	0	0	0	0.000341601560348	0	0.00531135329315	0	0	0	0	1.10194051725e-05	1.10194051725e-05	0	0	0	0	0	0.00150965850863	0.00102480468104	0.00269975426726	0	0	0	6.61164310351e-05	0	0	0	0.00039669858621	0.000561989663798	0.00030854334483	0.000947668844836	4.407762069e-05	0.000738300146558	0.00052893144828	0	0.00102480468104	1.10194051725e-05	0	0	0	0.000870533008628
0.0121654233104	0	0	0	7.71358362076e-05	0.000121213456898	0.0102260080001	0.00939955261215	0.0186007559312	1.10194051725e-05	0.0100166393018	0.00385679181038	0.00404412169831	0.000242426913795	0.0482319364401	0.000837474793111	0	0.00017631048276	0.00152067791381	0.00104684349139	0.00154271672415	0.000209368698278	0	0.000539950853453	8.81552413801e-05	0	6.61164310351e-05	0	0.0106778036122	0.0262702619313	0.0142370714829	0	0.008495961388	0.00636921618971	0.00758135075869	0	0	0	0	0.000209368698278	0	0	0	1.10194051725e-05	0.000187329887933	0.000187329887933	0	0	0	0	0	0	0	0	0	0.000209368698278	0	0	0	0.000231407508623	0	0	0	0.000198349293105	0	0	0	1.10194051725e-05	0	0	0.00193941531036	0	0.0022038810345	0.000771358362076	0.000793397172421	0.000661164310351	0	2.2038810345e-05	0	1.10194051725e-05	0	1.10194051725e-05	1.10194051725e-05	0
0	0	0	0	0.000661164310351	0.00458407255176	0.00422043218107	8.81552413801e-05	0.000319562750003	0.00131130921553	2.2038810345e-05	6.61164310351e-05	0.0012011151638	4.407762069e-05	0.000837474793111	0.00931139737077	0	0	4.407762069e-05	6.61164310351e-05	0.00061708668966	0	0	0	0.00331684095693	0	1.10194051725e-05	0	0.00109092111208	0.00048485382759	6.61164310351e-05	0	0.000958688250008	0.000407717991383	0.000793397172421	0	0	0	0	0.000683203120696	0	0	0	0	0.000694222525868	0	0	2.2038810345e-05	0	0	0	0	0	0	0	0.000517912043108	0	0	2.2038810345e-05	0.000694222525868	0	0	0	0	0	0	0	0	0	0	0.00195043471553	1.10194051725e-05	0.000561989663798	0.00057300906897	0.00728382681903	0.000385679181038	0	0	0	0	0	0	0	0
0	0.00474936362935	9.91746465526e-05	0	0	0	0	0	0	0.00240223032761	0	3.30582155175e-05	0	0	0	0	0.0279672503278	0.000121213456898	8.81552413801e-05	0.000209368698278	0	0.0013223286207	0.013796295276	0.00512402340522	0.0119560546122	0.00117907635346	0.00145456148277	0.00723974919834	0.00333887976727	1.10194051725e-05	0	0	0	1.10194051725e-05	7.71358362076e-05	0	1.10194051725e-05	0	0	0	0	0	0	0	0.00725076860351	0	0	0	0	0	0	0.00491465470694	1.10194051725e-05	0	2.2038810345e-05	0	0.00360334549141	0.0120001322329	0	0.00519013983625	0	1.10194051725e-05	0.000121213456898	0.00679897299144	0	0	0	0	0	0	0.00329480214658	0.000363640370693	0.00048485382759	0.000330582155175	9.91746465526e-05	4.407762069e-05	0	0.000209368698278	0.000253446318968	0	0	0	0	0
0.000286504534485	0.000650144905178	0.0161324091726	0	0	0	0	0.000275485129313	0.000165291077588	0	0	0.000110194051725	0	0	0.00017631048276	0	0.000121213456898	0.038898500259	0	0.00602761462936	0	0.00121213456898	0	0.014821099957	0.000198349293105	0	0.0108651335001	0.00487057708625	0.00030854334483	0.000429756801728	0.0052893144828	0	0	0.000165291077588	0.00620392511212	0	2.2038810345e-05	5.50970258625e-05	0	0	0	0	0	0	6.61164310351e-05	0	0	0	0	0	0	0	8.81552413801e-05	0	9.91746465526e-05	0	1.10194051725e-05	3.30582155175e-05	0.000330582155175	6.61164310351e-05	0	0	0.00245732735347	1.10194051725e-05	0	0	0	0	0	0	0.00533339210349	0.00269975426726	0.0048485382759	0.000848494198283	0	0	0	3.30582155175e-05	0.000154271672415	0.000154271672415	0.000110194051725	0	0	0
0	0	0.000143252267243	0	4.407762069e-05	1.10194051725e-05	0.00233611389657	0.00116805694829	6.61164310351e-05	0	0.00147660029312	0.0134657131208	0.00334989917244	0.000110194051725	0.00152067791381	4.407762069e-05	8.81552413801e-05	0	0.017245369095	0.0062920803535	0.00390086943107	0	0	0.000198349293105	0.00022038810345	0	0.00716261336213	0.00017631048276	0.00121213456898	0.00533339210349	0.00030854334483	0.000242426913795	0.00052893144828	0.000826455387938	0.00823149566386	0	0	0	0	0	0	0	0	0	8.81552413801e-05	0	0	0	0.00048485382759	0	0	0	1.10194051725e-05	0	1.10194051725e-05	0	0	0	0	7.71358362076e-05	0	0.000154271672415	0.000121213456898	0	0	0	8.81552413801e-05	0	0	0	0.00479344125004	0.00428654861211	0.00317358868968	0.00022038810345	1.10194051725e-05	0.000209368698278	0.000154271672415	0.00013223286207	0.000154271672415	0	0	2.2038810345e-05	0	0
0.000341601560348	0	0.000672183715523	0	0.000187329887933	0	0.00369150073279	0.00236917211209	0.00030854334483	0	0.00322868571555	0.0162646420346	0.00451795612073	1.10194051725e-05	0.00104684349139	6.61164310351e-05	0.000209368698278	0.00602761462936	0.0062920803535	0.0384687434572	0.00622596392247	0.00255650200002	0	0.00334989917244	0.00103582408622	0	0.0222591984485	0.00135538683622	0.00401106348279	0.00743809849144	0.00211572579312	0	0.000297523939658	0.00280994831899	0.020760559345	0	0	0	0	1.10194051725e-05	0	0	0	0	0.00013223286207	1.10194051725e-05	6.61164310351e-05	0	0	0	0	0	5.50970258625e-05	3.30582155175e-05	0.000187329887933	1.10194051725e-05	4.407762069e-05	9.91746465526e-05	0	0.000165291077588	0	1.10194051725e-05	0.00113499873277	5.50970258625e-05	0	0	0	0	0	0	0.00865023306042	0.00514606221556	0.0130690145346	0.00175208542243	0	0.000198349293105	0	0.00039669858621	9.91746465526e-05	7.71358362076e-05	0	0.000198349293105	0	0
0.00013223286207	0	0	0	0.00400004407762	6.61164310351e-05	0.00460611136211	0.00212674519829	1.10194051725e-05	0.000319562750003	0.0098623676294	0.00790091350869	0.0112177544656	0	0.00154271672415	0.00061708668966	0	0	0.00390086943107	0.00622596392247	0.0236807017157	0	0	0	0.00127825100001	0	0.000881552413801	0	0.00706343871558	0.00610475046557	0	0	6.61164310351e-05	0	0.00938853320698	0	0	0	0	0.00224795865519	0	0	0	0	0.00211572579312	0.00186227947415	1.10194051725e-05	0.000110194051725	0	0	0	0	0	1.10194051725e-05	1.10194051725e-05	0.00366946192245	0	0	0	0.00369150073279	0	0	0	0.000760338956903	0	0	0	0	0	1.10194051725e-05	7.71358362076e-05	0	0.00102480468104	1.10194051725e-05	0.000870533008628	3.30582155175e-05	0	0	0	1.10194051725e-05	0	0	0	0
0.00035262096552	0	0.000209368698278	0	0	0	0	0.00812130161214	0.00035262096552	0	0	0.000584028474143	0	0	0.000209368698278	0	0.0013223286207	0.00121213456898	0	0.00255650200002	0	0.0531355717418	0	0.0316256928451	0.000187329887933	0	0.00190635709484	7.71358362076e-05	0.00696426406903	0.000550970258625	0.0153720702156	0	0	0.000319562750003	0.0076144089742	0	0	0	0	0	0	0	0	0	2.2038810345e-05	0	0	0	0	0	0	6.61164310351e-05	0	0	0	0	0.000418737396555	0.000297523939658	0.00159781375001	4.407762069e-05	0	0	0	0.00026446572414	0	0	0	0	0	0	0.00262261843106	3.30582155175e-05	0.0135759071725	0.00522319805177	0.00258956021554	0.00135538683622	0	0.00017631048276	0	0	0	0	0	0
0	0.00716261336213	0	0	0	0	0	0	0	0.00317358868968	0	0	0	0	0	0	0.013796295276	0	0	0	0	0	0.0315485570089	0.00748217611213	0.00624800273281	0.00141048386208	0.00114601813794	0.0169698839657	0.00111295992242	0	0	0	0	0	0	0	1.10194051725e-05	0	0	1.10194051725e-05	0	0	0	0	0.00338295738796	0	0	0	0	0	0	0.011625472457	0	0	0	0	0.000815435982766	0.0143472655346	0	0.00355926787072	0	0	0.00328378274141	0.00146558088794	0	0	0	0	0	0	0	0	0	0	1.10194051725e-05	0	0	0	0	0	0	0	0	0
0.00115703754311	4.407762069e-05	0.0140277027846	0	0	0	0	0.00953178547422	0.0010027658707	0	0	0.000407717991383	0	0	0.000539950853453	0	0.00512402340522	0.014821099957	0.000198349293105	0.00334989917244	0	0.0316256928451	0.00748217611213	0.104364786389	3.30582155175e-05	0	0.00300829761209	0.0134877519312	0.00275485129313	0.00126723159484	0.0151296433019	0	0	9.91746465526e-05	0.00636921618971	0	0	8.81552413801e-05	0	0	0	0	0	0	4.407762069e-05	0	0	0	0	0	0	0.0138073146812	2.2038810345e-05	0	3.30582155175e-05	0	0.0011239793276	0.0145676536381	0.00813232101731	0.00110194051725	0	0	0.000154271672415	0.000903591224146	0	0	0	0	0	0	0.0161764867932	0.000286504534485	0.0191186679743	0.00699732228454	0.00857309722421	0.00131130921553	0	0.000881552413801	0	0.000319562750003	0.000341601560348	0	0	0
0	0.00052893144828	5.50970258625e-05	0	0.00732790443972	0.00249038556899	0.00223693925002	0.000319562750003	9.91746465526e-05	0.0124849860605	9.91746465526e-05	0.000716261336213	0.0013223286207	0	8.81552413801e-05	0.00331684095693	0.0119560546122	0.000198349293105	0.00022038810345	0.00103582408622	0.00127825100001	0.000187329887933	0.00624800273281	3.30582155175e-05	0.0462043658883	0	0.00116805694829	0.000606067284488	0.0208927922071	0.00122315397415	0.000672183715523	0	6.61164310351e-05	0.00265567664657	0.00404412169831	0	6.61164310351e-05	0	0	0.0101378527587	3.30582155175e-05	0	0	0.000374659775865	0.0243198272157	0.000815435982766	0.000231407508623	0	6.61164310351e-05	4.407762069e-05	3.30582155175e-05	0.000517912043108	0	0.00035262096552	0.000870533008628	0.00838576733628	0.00153169731898	0.00591742057764	4.407762069e-05	0.0218845386726	0	6.61164310351e-05	2.2038810345e-05	0.00895877640525	0.000286504534485	0	0	0.000286504534485	0.000110194051725	0.00039669858621	0.00569703247419	0.000286504534485	0.00430858742245	0.00340499619831	0.00458407255176	0.000606067284488	0	0.000561989663798	0.00013223286207	0.00180718244829	0.000275485129313	0.000154271672415	0.000286504534485	0
0	0.00327276333624	0	0	0	0	0	0	0	0	0	0.00258956021554	0	0.00620392511212	0	0	0.00117907635346	0	0	0	0	0	0.00141048386208	0	0	0.0142480908881	0.00744911789662	0.00692018644834	0	0	0	0.00104684349139	0	0	0	0	0.00400004407762	0	0	0	0	0	0	0	0	0	0.000506892637935	0	0.00507994578453	0	0	0	0	0	0	0	0	0	0	0	0.00199451233622	0.00039669858621	0.00488159649142	0	0	0	2.2038810345e-05	0	0	0	0	0	0	0	0	0	2.2038810345e-05	0	0.000837474793111	0	0	0	0	0.00110194051725
8.81552413801e-05	0.00442980087935	0.00559785782763	0	0.000110194051725	1.10194051725e-05	3.30582155175e-05	0.00142150326725	7.71358362076e-05	0	0.000991746465526	0.0105345513449	0.000319562750003	0.00598353700867	6.61164310351e-05	1.10194051725e-05	0.00145456148277	0.0108651335001	0.00716261336213	0.0222591984485	0.000881552413801	0.00190635709484	0.00114601813794	0.00300829761209	0.00116805694829	0.00744911789662	0.0917696062767	0.0360775325348	0.0029642199914	0.00245732735347	0.000870533008628	0.00322868571555	4.407762069e-05	0.00224795865519	0.00787887469834	0	0.00925630034491	0	0	1.10194051725e-05	0	0	0	0	0.000319562750003	1.10194051725e-05	2.2038810345e-05	0	0.0042094127759	0	0	1.10194051725e-05	0.00448489790521	0.000859513603456	0.00852901960352	1.10194051725e-05	5.50970258625e-05	0.00039669858621	3.30582155175e-05	0.000330582155175	0.00149863910346	0.00740504027593	0.018270173776	6.61164310351e-05	0	0	0.00048485382759	0	0	0	0.0216861893795	0.0134877519312	0.0110083857673	0.0016418913707	1.10194051725e-05	1.10194051725e-05	0	0.000848494198283	0.000892571818973	2.2038810345e-05	2.2038810345e-05	2.2038810345e-05	0	1.10194051725e-05
0	0.0287606475002	0.0131020727501	0	0	7.71358362076e-05	0	0	0	0.00017631048276	0	9.91746465526e-05	0	0.00287606475002	0	0	0.00723974919834	0.00487057708625	0.00017631048276	0.00135538683622	0	7.71358362076e-05	0.0169698839657	0.0134877519312	0.000606067284488	0.00692018644834	0.0360775325348	0.125753451829	0.000253446318968	0.000110194051725	0	9.91746465526e-05	7.71358362076e-05	0.000121213456898	0.000462815017245	0	0.024463079483	8.81552413801e-05	0	0	0	0	0	0	0.000187329887933	0	0	0	0.000286504534485	0	0	0.0205181324312	0.00922324212939	0.000253446318968	0.00827557328455	0	8.81552413801e-05	0.0257633692933	0.00203858995691	0.00026446572414	0.00111295992242	0.00395596645693	0.0471520347332	9.91746465526e-05	0	0	0	0	0	0.000110194051725	0.0130910533449	0.00282096772416	0.00444082028452	0.00111295992242	0.000837474793111	0.000121213456898	0	0.00169698839657	0.000859513603456	0.000473834422418	0.000253446318968	0	0	0
0.00512402340522	0	5.50970258625e-05	0	0.0102700856208	0.000506892637935	0.00274383188795	0.0220718685605	0.00792295231903	0.00598353700867	0.0111846962501	0.00429756801728	0.00192839590519	4.407762069e-05	0.0106778036122	0.00109092111208	0.00333887976727	0.00030854334483	0.00121213456898	0.00401106348279	0.00706343871558	0.00696426406903	0.00111295992242	0.00275485129313	0.0208927922071	0	0.0029642199914	0.000253446318968	0.0946456710267	0.0257192916726	0.023184828483	0	0.00152067791381	0.0221269655864	0.0239892450606	0	0	0	0	0.0236145852847	0	0	0	0.000550970258625	0.0273281248278	0.00411023812935	0.000539950853453	0.000385679181038	4.407762069e-05	5.50970258625e-05	0	0	0	0.000606067284488	0.000539950853453	0.0179285722157	1.10194051725e-05	6.61164310351e-05	0.000110194051725	0.0281876384313	0	4.407762069e-05	1.10194051725e-05	0.0149753716294	6.61164310351e-05	0	0	0.000297523939658	5.50970258625e-05	0.000242426913795	0.00394494705176	0.000154271672415	0.0166943988364	0.00731688503455	0.00159781375001	0.00173004661208	3.30582155175e-05	0.00103582408622	3.30582155175e-05	0.00229203627588	0.000275485129313	0.000121213456898	0.00026446572414	0
0.0121764427156	0	0	0	0.000231407508623	0.000495873232763	0.00380169478452	0.0183252708019	0.00863921365525	2.2038810345e-05	0.00682101180178	0.0131130921553	0.00613780868109	0.00035262096552	0.0262702619313	0.00048485382759	1.10194051725e-05	0.000429756801728	0.00533339210349	0.00743809849144	0.00610475046557	0.000550970258625	0	0.00126723159484	0.00122315397415	0	0.00245732735347	0.000110194051725	0.0257192916726	0.0673616238195	0.0289589967934	0	0.00563091604315	0.0247385646123	0.0346890874831	0	0	0	0	0.000253446318968	0	0	0	5.50970258625e-05	0.000506892637935	0.00022038810345	5.50970258625e-05	0	0	0	0	0	0	2.2038810345e-05	0	0.000242426913795	0	0	0	0.000418737396555	0	0	1.10194051725e-05	0.000231407508623	0	0	0	5.50970258625e-05	0	0	0.00246834675864	8.81552413801e-05	0.0126943547587	0.00362538430176	0.000330582155175	0.00211572579312	3.30582155175e-05	0.00123417337932	1.10194051725e-05	0.00022038810345	0	0.000550970258625	5.50970258625e-05	0
0.0114491619742	0	0	0	0	2.2038810345e-05	5.50970258625e-05	0.0142480908881	0.00675489537075	0	0	0.00138844505174	0	0	0.0142370714829	6.61164310351e-05	0	0.0052893144828	0.00030854334483	0.00211572579312	0	0.0153720702156	0	0.0151296433019	0.000672183715523	0	0.000870533008628	0	0.023184828483	0.0289589967934	0.0651908010006	0	0	0.0165842047846	0.0174767766036	0	0	0	0	0	0	0	0	1.10194051725e-05	3.30582155175e-05	0	0	0	0	0	0	0	0	0	0	0	0	0	0	0	0	0	0	0	0	0	0	1.10194051725e-05	0	0	0.000595047879315	1.10194051725e-05	0.00791193291386	0.0012011151638	0	0.000341601560348	0	0.000418737396555	0	2.2038810345e-05	1.10194051725e-05	0	1.10194051725e-05	0
0	0	0	0	0	0	0	0	0	0	0	0.00148761969829	0	0.00204960936209	0	0	0	0	0.000242426913795	0	0	0	0	0	0	0.00104684349139	0.00322868571555	9.91746465526e-05	0	0	0	0.00325072452589	0	0	0	0	0	0	0	0	0	0	0	0	0	0	1.10194051725e-05	0	0.00147660029312	0	0	0	0	0	0	0	0	0	0	0	0.000154271672415	0.000275485129313	0.000694222525868	0	0	0	0.000143252267243	0	0	0	0	1.10194051725e-05	0	0	0	0	0	0	5.50970258625e-05	0	0	0	0	1.10194051725e-05
1.10194051725e-05	0	2.2038810345e-05	0	7.71358362076e-05	0.00231407508623	0.00578518771557	0.0015647555345	0.00744911789662	5.50970258625e-05	0.00247936616381	0.00182922125864	0.000385679181038	0.000859513603456	0.008495961388	0.000958688250008	0	0	0.00052893144828	0.000297523939658	6.61164310351e-05	0	0	0	6.61164310351e-05	0	4.407762069e-05	7.71358362076e-05	0.00152067791381	0.00563091604315	0	0	0.0135318295518	0.00106888230173	0.00643533262075	0	0	0	0	0.000242426913795	0	0	0	1.10194051725e-05	0.000253446318968	0.000165291077588	0	2.2038810345e-05	0	0	0	0	0	0	0	0.00022038810345	0	0	0	0.00030854334483	0	0	0	0.00017631048276	0	0	0	1.10194051725e-05	0	0	0.0017631048276	2.2038810345e-05	0.00207164817243	0.00233611389657	0.000947668844836	0.00300829761209	1.10194051725e-05	9.91746465526e-05	0	1.10194051725e-05	0	2.2038810345e-05	1.10194051725e-05	0
0.000584028474143	0	0	0	6.61164310351e-05	0.000418737396555	9.91746465526e-05	0.0110965410087	0.00114601813794	2.2038810345e-05	0.000154271672415	0.00284300653451	0	4.407762069e-05	0.00636921618971	0.000407717991383	1.10194051725e-05	0.000165291077588	0.000826455387938	0.00280994831899	0	0.000319562750003	0	9.91746465526e-05	0.00265567664657	0	0.00224795865519	0.000121213456898	0.0221269655864	0.0247385646123	0.0165842047846	0	0.00106888230173	0.0288818609571	0.019735754664	0	0	0	0	7.71358362076e-05	0	0	0	6.61164310351e-05	0.000429756801728	4.407762069e-05	1.10194051725e-05	0	0	0	0	0	0	1.10194051725e-05	0	6.61164310351e-05	0	0	0	0.000242426913795	0	0	1.10194051725e-05	5.50970258625e-05	0	0	0	6.61164310351e-05	0	0	0.00192839590519	8.81552413801e-05	0.0115262978104	0.0046501889828	0.000209368698278	0.00165291077588	3.30582155175e-05	0.00130028981036	1.10194051725e-05	0.000187329887933	1.10194051725e-05	0.000187329887933	6.61164310351e-05	0
0.000947668844836	0	4.407762069e-05	0	0.000253446318968	0.00217082281898	0.00519013983625	0.0122095009311	0.00341601560348	8.81552413801e-05	0.00775766124145	0.0238790510088	0.00706343871558	0.00113499873277	0.00758135075869	0.000793397172421	7.71358362076e-05	0.00620392511212	0.00823149566386	0.020760559345	0.00938853320698	0.0076144089742	0	0.00636921618971	0.00404412169831	0	0.00787887469834	0.000462815017245	0.0239892450606	0.0346890874831	0.0174767766036	0	0.00643533262075	0.019735754664	0.0782818543455	0	0	0	0	0.000286504534485	0	0	0	5.50970258625e-05	0.00113499873277	0.00022038810345	7.71358362076e-05	1.10194051725e-05	0	0	0	0	0	4.407762069e-05	0	0.00026446572414	0	0	0.000143252267243	0.0010027658707	0	0	2.2038810345e-05	0.000231407508623	0	0	0	5.50970258625e-05	0	0	0.00548766377591	0.000418737396555	0.0325843810951	0.00892571818973	0.000826455387938	0.00406616050866	7.71358362076e-05	0.00241324973278	3.30582155175e-05	0.000231407508623	1.10194051725e-05	0.00052893144828	5.50970258625e-05	0
0	0	0	0	0	0	0	0	0	0	0	0	0	0	0	0	0	0	0	0	0	0	0	0	0	0	0	0	0	0	0	0	0	0	0	0.0105676095604	0	0	0	0	0	9.91746465526e-05	0.00686508942247	0.000584028474143	0	0.000297523939658	6.61164310351e-05	0	0	0.00777970005179	0	0	0.000154271672415	1.10194051725e-05	1.10194051725e-05	0	0.000110194051725	0	0.000517912043108	0.0020826675776	0	0	0	0.00179616304312	0.00334989917244	0.00113499873277	0	1.10194051725e-05	3.30582155175e-05	0.00131130921553	0	0	0	0	0	0	0	0	0	0.000760338956903	1.10194051725e-05	0	1.10194051725e-05	0
0	0.0151957597329	2.2038810345e-05	0	0	0	0	0	0	0	0	0	0	0.000275485129313	0	0	1.10194051725e-05	2.2038810345e-05	0	0	0	0	1.10194051725e-05	0	6.61164310351e-05	0.00400004407762	0.00925630034491	0.024463079483	0	0	0	0	0	0	0	0	0.0303915194658	2.2038810345e-05	0	0	0	0	0	0	0.00121213456898	0	0	0	0.000110194051725	0	0	0	0.000495873232763	0	0.000121213456898	0	0	0.00406616050866	0	0.00114601813794	0.00268873486209	0.000330582155175	0.0280003085433	0	0	0	0	0	0	0	0	0	0	0	0	0	0	0	0	0	0	0	0	2.2038810345e-05
0	5.50970258625e-05	7.71358362076e-05	0	0	0	0	0	0	0	0	0	0	0	0	0	0	5.50970258625e-05	0	0	0	0	0	8.81552413801e-05	0	0	0	8.81552413801e-05	0	0	0	0	0	0	0	0	2.2038810345e-05	0.0271628337502	0	0	0	0	0	0	0	0	0	0	0	0	0	0	0.00734994325006	0	2.2038810345e-05	0	1.10194051725e-05	0	0.0108210558794	0	0	0.0043306262328	0.013223286207	0	0	0	0	0	0	1.10194051725e-05	1.10194051725e-05	0	0.000231407508623	6.61164310351e-05	0.000154271672415	0	0	4.407762069e-05	0	0.000330582155175	4.407762069e-05	0	0	0
0	0	0	0	0	0	0	0	0	0	0	0	0	0	0	0	0	0	0	0	0	0	0	0	0	0	0	0	0	0	0	0	0	0	0	0	0	0	0	0	0	0	0	0	0	0	0	0	0	0	0	0	0	0	0	0	0	0	0	0	0	0	0	0	0	0	0	0	0	0	0	0	0	0	0	0	0	0	0	0	0	0	0	0
0	0	0	0	0.00996154227595	0.000253446318968	9.91746465526e-05	0.00295320058623	6.61164310351e-05	0.00689814763799	0.00413227693969	1.10194051725e-05	7.71358362076e-05	0	0.000209368698278	0.000683203120696	0	0	0	1.10194051725e-05	0.00224795865519	0	1.10194051725e-05	0	0.0101378527587	0	1.10194051725e-05	0	0.0236145852847	0.000253446318968	0	0	0.000242426913795	7.71358362076e-05	0.000286504534485	0	0	0	0	0.0402538870952	0.00039669858621	0	0.000110194051725	0.000187329887933	0.0250360885519	0.0087383883018	0.00035262096552	0.00179616304312	0	2.2038810345e-05	0.00109092111208	0	0	0.000286504534485	6.61164310351e-05	0.0291242878709	0	0	0	0.0282537548623	0	0	0	0.0159891569053	0	0	0	7.71358362076e-05	0	8.81552413801e-05	0.000110194051725	0	0.00026446572414	0.000198349293105	0.00119009575863	8.81552413801e-05	0	0.000297523939658	0	0.000584028474143	0	0.000275485129313	0.000319562750003	0
0	0	0	0	0	0	0	0	0	0	0	0	0	0	0	0	0	0	0	0	0	0	0	0	3.30582155175e-05	0	0	0	0	0	0	0	0	0	0	0	0	0	0	0.00039669858621	0.00251242437933	1.10194051725e-05	0	9.91746465526e-05	0.00126723159484	0	0	0.00022038810345	0	0	0.00212674519829	0	0	0	0	0.000154271672415	0	0	0	0.00116805694829	0	0	0	9.91746465526e-05	0	0	0	0.00026446572414	0	0	0	0	0	0	0	0	0	0	0	0	0	0.0013223286207	0.000980727060353	0
0	0	0	0	0	0	0	0	0	0	0	0	0.0010027658707	0	0	0	0	0	0	0	0	0	0	0	0	0	0	0	0	0	0	0	0	0	0	9.91746465526e-05	0	0	0	0	1.10194051725e-05	0.0263363783623	0.00342703500865	0.0131902279915	8.81552413801e-05	0.0177963393536	0.00155373612932	0.00564193544832	2.2038810345e-05	0.00340499619831	0.00366946192245	0	0	0.000705241931041	0.000429756801728	0.000815435982766	0	0	0	0	0	8.81552413801e-05	0	4.407762069e-05	0.00141048386208	0	0	0.000991746465526	0	0.000859513603456	0	0	0	0	0	0	0	0.000914610629318	0	0.00152067791381	0	0.0029642199914	0.000209368698278	0
0	0	0	0	0	0	0	0	0	0	0	0	0	0	0	0	0	0	0	0	0	0	0	0	0	0	0	0	0	0	0	0	0	0	0	0.00686508942247	0	0	0	0.000110194051725	0	0.00342703500865	0.0690035151903	0.0096199407156	0	0.0209809474485	0.000969707655181	0	1.10194051725e-05	0.0258294857244	0.000297523939658	0	0.000661164310351	0.000253446318968	0.000749319551731	0	0.00180718244829	0	0.00260057962071	0.0142921685087	0	1.10194051725e-05	0	0.0320885078623	0.00577416831039	0.00913508688801	0	1.10194051725e-05	0	0.00510198459487	0	0	0	0	0	0	0	1.10194051725e-05	0	0.00368048132762	8.81552413801e-05	2.2038810345e-05	1.10194051725e-05	0
0	0	0	0	0	0	0	0	0	0	0	0	0.000848494198283	0	1.10194051725e-05	0	0	0	0	0	0	0	0	0	0.000374659775865	0	0	0	0.000550970258625	5.50970258625e-05	1.10194051725e-05	0	1.10194051725e-05	6.61164310351e-05	5.50970258625e-05	0.000584028474143	0	0	0	0.000187329887933	9.91746465526e-05	0.0131902279915	0.0096199407156	0.0360995713451	0.000749319551731	0.0160883315519	0.00186227947415	0.00423145158624	0.000253446318968	0.0127274129742	0.00303033642244	0	0.00013223286207	0.000672183715523	0.0004407762069	0.00265567664657	0.000275485129313	0	0.000705241931041	0.00340499619831	0	0.000187329887933	0	0.00405514110348	0.00218184222416	0.000319562750003	0	0.00507994578453	0	0.0027658706983	4.407762069e-05	0	3.30582155175e-05	3.30582155175e-05	0	1.10194051725e-05	0	0.0036474231121	0	0.00582926533626	0.00169698839657	0.00498077113797	0.00251242437933	0
0	8.81552413801e-05	2.2038810345e-05	0	0.00520115924142	0.00026446572414	9.91746465526e-05	0.00284300653451	9.91746465526e-05	0.0134657131208	0.00379067537934	8.81552413801e-05	0.00052893144828	0	0.000187329887933	0.000694222525868	0.00725076860351	6.61164310351e-05	8.81552413801e-05	0.00013223286207	0.00211572579312	2.2038810345e-05	0.00338295738796	4.407762069e-05	0.0243198272157	0	0.000319562750003	0.000187329887933	0.0273281248278	0.000506892637935	3.30582155175e-05	0	0.000253446318968	0.000429756801728	0.00113499873277	0	0.00121213456898	0	0	0.0250360885519	0.00126723159484	8.81552413801e-05	0	0.000749319551731	0.0626453184057	0.00419839337073	0.000650144905178	0.00406616050866	6.61164310351e-05	7.71358362076e-05	0.00339397679313	0.00052893144828	0	0.000738300146558	0.000848494198283	0.0201434726553	0.00210470638795	0.0132453250174	0	0.053532270328	0	6.61164310351e-05	0.000672183715523	0.0202757055174	0.000286504534485	0	0	0.000429756801728	0.000110194051725	0.000429756801728	0.000815435982766	7.71358362076e-05	0.000584028474143	0.0004407762069	0.00137742564656	0.000242426913795	0	0.000639125500006	5.50970258625e-05	0.00294218118106	0.000341601560348	0.000881552413801	0.000991746465526	0
0	0	0	0	0.000462815017245	0	0	0.00209368698278	2.2038810345e-05	0	0.00255650200002	1.10194051725e-05	0	0	0.000187329887933	0	0	0	0	1.10194051725e-05	0.00186227947415	0	0	0	0.000815435982766	0	1.10194051725e-05	0	0.00411023812935	0.00022038810345	0	0	0.000165291077588	4.407762069e-05	0.00022038810345	0.000297523939658	0	0	0	0.0087383883018	0	0.0177963393536	0.0209809474485	0.0160883315519	0.00419839337073	0.0599676029488	0.00559785782763	0.00535543091384	2.2038810345e-05	0.0194272113191	0.00142150326725	0	0.000121213456898	0.00275485129313	0.00266669605175	0.0137301788449	0.000881552413801	0	0.0013223286207	0.00952076606905	0	3.30582155175e-05	0	0.0112508126811	0.00546562496556	0.00229203627588	0	0.000121213456898	0	0.00631411916385	0	0	0.00022038810345	0.000165291077588	0	1.10194051725e-05	0	0.000892571818973	0	0.0070964969311	6.61164310351e-05	0.000385679181038	6.61164310351e-05	0
0	0	0	0	0	0	0	1.10194051725e-05	0	0	1.10194051725e-05	0.000584028474143	0.000165291077588	0.000341601560348	0	0	0	0	0	6.61164310351e-05	1.10194051725e-05	0	0	0	0.000231407508623	0.000506892637935	2.2038810345e-05	0	0.000539950853453	5.50970258625e-05	0	1.10194051725e-05	0	1.10194051725e-05	7.71358362076e-05	6.61164310351e-05	0	0	0	0.00035262096552	0	0.00155373612932	0.000969707655181	0.00186227947415	0.000650144905178	0.00559785782763	0.0314824405779	0.0028870841552	0.0058513041466	0.00211572579312	0	0	0	0.00774664183627	0.00806620458628	0.00337193798279	0.000628106094833	0	4.407762069e-05	0.00286504534485	0.000462815017245	0.00230305568105	1.10194051725e-05	0.00249038556899	0.00353722906038	0	0.000165291077588	0.00022038810345	0	0.0120552292587	6.61164310351e-05	0	1.10194051725e-05	1.10194051725e-05	0	0	1.10194051725e-05	0.00170800780174	0.00228101687071	0.0178183781639	0.00160883315519	2.2038810345e-05	0.00013223286207	0.00268873486209
0	0	0	0	0.000727280741386	2.2038810345e-05	0	0	0	0.000121213456898	6.61164310351e-05	0	0.00375761716383	0	0	2.2038810345e-05	0	0	0	0	0.000110194051725	0	0	0	0	0	0	0	0.000385679181038	0	0	0	2.2038810345e-05	0	1.10194051725e-05	0	0	0	0	0.00179616304312	0.00022038810345	0.00564193544832	0	0.00423145158624	0.00406616050866	0.00535543091384	0.0028870841552	0.0221600238019	1.10194051725e-05	0.00228101687071	0.00535543091384	0	0	0.00154271672415	0.000980727060353	0.00644635202592	0	0	0	0.00323970512072	0	0.000121213456898	0	0.000385679181038	0.00182922125864	0	0	6.61164310351e-05	0	0.00148761969829	0.00013223286207	1.10194051725e-05	1.10194051725e-05	1.10194051725e-05	0.00030854334483	2.2038810345e-05	0	0.000451795612073	0	0.00292014237071	0	0.00110194051725	0	0
0	0	0	0	0	0	0	0	0	0	0	0.00412125753452	1.10194051725e-05	0.00531135329315	0	0	0	0	0.00048485382759	0	0	0	0	0	6.61164310351e-05	0.00507994578453	0.0042094127759	0.000286504534485	4.407762069e-05	0	0	0.00147660029312	0	0	0	0	0.000110194051725	0	0	0	0	2.2038810345e-05	1.10194051725e-05	0.000253446318968	6.61164310351e-05	2.2038810345e-05	0.0058513041466	1.10194051725e-05	0.0223804119054	0.000330582155175	0	0	0	0.000760338956903	3.30582155175e-05	1.10194051725e-05	4.407762069e-05	0	0	0.000253446318968	0.00193941531036	0.00544358615522	0.00212674519829	0.000121213456898	0.000319562750003	0	0.00196145412071	0.00013223286207	0	0.000473834422418	0	0.00026446572414	0	0	0	0	3.30582155175e-05	0.00297523939658	0.00921222272422	0.0062920803535	0.00123417337932	2.2038810345e-05	0.000121213456898	0.00350417084486
0	0	0	0	0	0	0	0	0	0	0	0	0.000495873232763	0	0	0	0	0	0	0	0	0	0	0	4.407762069e-05	0	0	0	5.50970258625e-05	0	0	0	0	0	0	0.00777970005179	0	0	0	2.2038810345e-05	0	0.00340499619831	0.0258294857244	0.0127274129742	7.71358362076e-05	0.0194272113191	0.00211572579312	0.00228101687071	0.000330582155175	0.0454330075263	0.000286504534485	0	0.000330582155175	0.00039669858621	0.00030854334483	0.00202757055174	0.00114601813794	0	0.00235815270692	0.00569703247419	0	0.000110194051725	0	0.0072948462242	0.010986346957	0.00361436489658	0	7.71358362076e-05	3.30582155175e-05	0.00483751887073	0	0	0	0	0	0	0	0.000980727060353	0	0.00427552920693	0.000506892637935	0.00048485382759	2.2038810345e-05	0
0	0	0	0	0	0	0	0	0	0	0	0	0.000991746465526	0	0	0	0	0	0	0	0	0	0	0	3.30582155175e-05	0	0	0	0	0	0	0	0	0	0	0	0	0	0	0.00109092111208	0.00212674519829	0.00366946192245	0.000297523939658	0.00303033642244	0.00339397679313	0.00142150326725	0	0.00535543091384	0	0.000286504534485	0.00987338703457	0	0	0	0	0.000749319551731	0	0	0	0.00275485129313	0	0	0	0.000143252267243	2.2038810345e-05	0	0	0.000110194051725	0	0	0	0	0	0	0	0	0	0	0	0	0	0.00269975426726	0.000727280741386	0
0	0	0.00061708668966	0	0	0	0	0	0	1.10194051725e-05	0	0	0	0	0	0	0.00491465470694	0	0	0	0	6.61164310351e-05	0.011625472457	0.0138073146812	0.000517912043108	0	1.10194051725e-05	0.0205181324312	0	0	0	0	0	0	0	0	0	0	0	0	0	0	0	0	0.00052893144828	0	0	0	0	0	0	0.0435046116211	2.2038810345e-05	0	3.30582155175e-05	0	0.000418737396555	0.0296201611037	0.0025234437845	0.00507994578453	0	1.10194051725e-05	0.00483751887073	0.00201655114657	0	0	0	0	0	0	0.00039669858621	1.10194051725e-05	0	1.10194051725e-05	0	1.10194051725e-05	0	0.00755931194834	0.00207164817243	0	0	0	0	0
0	0.000506892637935	1.10194051725e-05	0	0	0	0	0	0	0	0	1.10194051725e-05	0	0	0	0	1.10194051725e-05	8.81552413801e-05	1.10194051725e-05	5.50970258625e-05	0	0	0	2.2038810345e-05	0	0	0.00448489790521	0.00922324212939	0	0	0	0	0	0	0	0.000154271672415	0.000495873232763	0.00734994325006	0	0	0	0	0.000661164310351	0.00013223286207	0	0.000121213456898	0	0	0	0.000330582155175	0	2.2038810345e-05	0.0325182646641	2.2038810345e-05	0.00922324212939	0	0.00171902720691	4.407762069e-05	0.00667775953454	3.30582155175e-05	0	0.00394494705176	0.007537273138	0.000209368698278	1.10194051725e-05	0.0004407762069	0	0	0	0.00385679181038	0.000110194051725	3.30582155175e-05	5.50970258625e-05	1.10194051725e-05	2.2038810345e-05	0	0	0.000639125500006	0.000914610629318	0.0020826675776	0.000187329887933	0	0	0
