0.0253721095065	0	0.00384291662975	0	0	1.10746876938e-05	1.10746876938e-05	0.00830601577036	0.0155488615221	0	0	7.75228138566e-05	0	0	0.0180960396917	0	0	1.10746876938e-05	1.10746876938e-05	7.75228138566e-05	0	0.00270222379729	0	0.00452954726677	0	0	8.85975015505e-05	0	0.00273544786037	0.00740896606716	0.0165345087269	0	1.10746876938e-05	0.00260255160804	0.000398688756977	0	0	0	0	0	0	0	0	0	0	0	0	0	0	0	0	0	0	0	0	0	0	0	5.5373438469e-05	0	0	0	0.000177195003101	0	0	0	0	0	0	0	0.000265792504651	0	0.000609107823159	2.21493753876e-05	0	1.10746876938e-05	0	0	0	1.10746876938e-05	3.32240630814e-05	0	0	0
0	0.0229910516523	0.000365464693896	0	0	0	0	0	0	0.000996721892443	0	0	0	0.000188269690795	0	0	4.42987507752e-05	0.000143970940019	0	0	0	0	0.00486178789758	0	0.00106317001861	0.00187162222025	0.000885975015505	0.0184504296979	0	0	0	0	0	0	0	0	0.00819526889342	0	0	0	0	0	0	0	1.10746876938e-05	0	0	0	2.21493753876e-05	0	0	0	0	0	0	0	0	0.00252502879419	0	1.10746876938e-05	3.32240630814e-05	1.10746876938e-05	0.0143749446266	0	0	0	0	0	0	0	3.32240630814e-05	2.21493753876e-05	0	0	0	0	0	1.10746876938e-05	2.21493753876e-05	0	0	0	0	0
0.00384291662975	0.000365464693896	0.0484628333481	0	0	0	0	0.00147293346328	0.00434127757597	0	0	0	0	0	0.00387614069283	0	0	0.0101554886152	0	0	0	0.0073314432533	0	0.0228581554	0	0	0.00630149729778	0.019170284398	0.00211526534952	0.00228138566492	0.00654514042704	0	0	0.00102994595552	0.00209311597413	0	0	3.32240630814e-05	0	0	0	1.10746876938e-05	0	1.10746876938e-05	0	0	0	0	0	1.10746876938e-05	0	1.10746876938e-05	0.000132896252326	0	2.21493753876e-05	0	0	0	0	0.000132896252326	0	0	0.00262470098343	8.85975015505e-05	1.10746876938e-05	0	0	0	0	0	0.00147293346328	0	0.000420838132365	2.21493753876e-05	0	0	0	0.000564809072384	0.000310091255427	7.75228138566e-05	0	1.10746876938e-05	0	0
0	0	0	0	0	0	0	0	0	0	0	0	0	0	0	0	0	0	0	0	0	0	0	0	0	0	0	0	0	0	0	0	0	0	0	0	0	0	0	0	0	0	0	0	0	0	0	0	0	0	0	0	0	0	0	0	0	0	0	0	0	0	0	0	0	0	0	0	0	0	0	0	0	0	0	0	0	0	0	0	0	0	0	0
0	0	0	0	0.0137769114911	0	7.75228138566e-05	0.000365464693896	6.64481261628e-05	0.000564809072384	0.00093027376628	0	0.00523832727917	0	3.32240630814e-05	0	0	0	0	0	0.00727606981483	0	0	0	0.00702135199787	0	0	0	0.0039315141313	0.000132896252326	0	0	1.10746876938e-05	0	0.000575883760078	0	0	0	0	0.00169442721715	0	0.000775228138566	0	3.32240630814e-05	0.000996721892443	0.000365464693896	0	0.00163905377868	0	1.10746876938e-05	3.32240630814e-05	0	0	0	0	0.00194914503411	0	0	0	1.10746876938e-05	0	0	0	0.000398688756977	1.10746876938e-05	0	0	0	0	0	0.000188269690795	3.32240630814e-05	0.000686630637016	8.85975015505e-05	0	0	4.42987507752e-05	0	0	0	0	0.000742004075485	0	0
1.10746876938e-05	0	0	0	0	0.00460707008062	0.00168335252946	0.000310091255427	0.000110746876938	6.64481261628e-05	6.64481261628e-05	2.21493753876e-05	1.10746876938e-05	5.5373438469e-05	1.10746876938e-05	0.00078630282626	0	0	1.10746876938e-05	1.10746876938e-05	6.64481261628e-05	0	0	0	0.000254717816958	3.32240630814e-05	1.10746876938e-05	0	0.00046513688314	0.000376539381589	1.10746876938e-05	0	0.0019712944095	5.5373438469e-05	0.000885975015505	0	0	0	0	0	0	2.21493753876e-05	0	0	0.000132896252326	2.21493753876e-05	0	4.42987507752e-05	0	0	0	0	0	0	0	4.42987507752e-05	0	0	0	0	0	0	0	0	0	0	0	0	0	0	0.000797377513954	6.64481261628e-05	0.000730929387791	0.000631257198547	0.00265792504651	0.00159475502791	0	0	0	0	0	7.75228138566e-05	0	0
1.10746876938e-05	0	0	0	7.75228138566e-05	0.00168335252946	0.0342318596616	0.0075086382564	0.0163573137238	0.000287941880039	0.0102883848675	0.00208204128644	0.00913661734739	0.000243643129264	0.00276867192345	0.00218171347568	0	0	0.00198236909719	0.00141756002481	0.00511650571454	0.000110746876938	0	0	5.5373438469e-05	0.000276867192345	0.00201559316027	1.10746876938e-05	0.00479533977142	0.00423053069903	0.000542659696997	0.000121821564632	0.00235890847878	0.00032116594312	0.00613537698237	0	0	0	0	0	0	0	0	0	0.000199344378489	0	0	8.85975015505e-05	0	0	0	0	0	0	0	0	0	0	0	0.000177195003101	0	0	0	0	0	0	0	0	0	0	0.00176087534332	0.000631257198547	0.00622397448392	0.00203774253566	0.00171657659254	0.00137326127403	0.000199344378489	0.000199344378489	0	0	0	0	0	0
0.00830601577036	0	0.00147293346328	0	0.000365464693896	0.000310091255427	0.0075086382564	0.0658057942766	0.0199565872242	0	0.00377646850359	0.00187162222025	0.000598033135466	0	0.0147736333835	0.000332240630814	0	0	0.000830601577036	0.00153938158944	0.000631257198547	0.00756401169487	0	0.00523832727917	0.00176087534332	4.42987507752e-05	0.000863825640117	2.21493753876e-05	0.0423385310534	0.0126362186586	0.0158589527775	0	0.000420838132365	0.00471781695756	0.0123261274032	0	0	0	0	0.000431912820058	0	0.000188269690795	0	0.000254717816958	0.00115176752016	0.000365464693896	0	0.000398688756977	0	3.32240630814e-05	4.42987507752e-05	4.42987507752e-05	0	0	0	0	0	0	9.96721892443e-05	0.00120714095862	0	0	0.000310091255427	0.000431912820058	4.42987507752e-05	0	0	0	0	0	0.00395366350669	0.000132896252326	0.00756401169487	0.00212634003721	0.000110746876938	0.000730929387791	3.32240630814e-05	0.000420838132365	0	0	1.10746876938e-05	1.10746876938e-05	0	0
0.0155488615221	0	0.00434127757597	0	6.64481261628e-05	0.000110746876938	0.0163573137238	0.0199565872242	0.0526933640471	0.000121821564632	0.00460707008062	0.000221493753876	0.00180517409409	2.21493753876e-05	0.0225591388323	0.000564809072384	0	1.10746876938e-05	0.00032116594312	3.32240630814e-05	0.0016169044033	0.0041197838221	0	0.00522725259148	0.000188269690795	4.42987507752e-05	0.000265792504651	0	0.00908124390892	0.00589173385311	0.0163794630991	1.10746876938e-05	0.000575883760078	0.000719854700097	0.0033888544343	0	0	0	0	0	0	0	0	0	0.000631257198547	0	0	0.000332240630814	0	0	0	0	0	0	0	0	0	0	5.5373438469e-05	0.000564809072384	0	0	0.000199344378489	0	0	0	0	0	0	0	0.00337777974661	9.96721892443e-05	0.0044630991406	0.00046513688314	0.000686630637016	0.000188269690795	0	0.000642331886241	0	1.10746876938e-05	3.32240630814e-05	0	0	0
0	0.000996721892443	0	0	0.000564809072384	6.64481261628e-05	0.000287941880039	0	0.000121821564632	0.0200673341012	0	0	0.00169442721715	0	0	0.00101887126783	1.10746876938e-05	0	0	0	0.000487286258528	0	0.00284619473731	0	0.0123261274032	7.75228138566e-05	0	0.000974572517055	0.006257198547	0	0	0	0	0	0	0	0	0	0	0.00208204128644	0	3.32240630814e-05	0	3.32240630814e-05	0.00986754673518	1.10746876938e-05	0	0.000155045627713	0	0	9.96721892443e-05	0	0	0	0	7.75228138566e-05	0	0.000110746876938	0	0.00946885797821	0	0	0	0.000409763444671	1.10746876938e-05	0	0	0	0	0	0.000343315318508	0	0	0	0.00141756002481	0	0	0	0	0	0	0.000155045627713	0	0
0	0	0	0	0.00093027376628	6.64481261628e-05	0.0102883848675	0.00377646850359	0.00460707008062	0	0.0231571719678	0.00352175068663	0.00614645167006	9.96721892443e-05	0.00241428191725	0.00069770532471	0	0	0.00243643129264	0.00291264286347	0.00800699920262	1.10746876938e-05	0	0	0.00023256844157	6.64481261628e-05	0.00355497474971	3.32240630814e-05	0.00389829006822	0.0059028085408	1.10746876938e-05	0.00023256844157	0.000210419066182	1.10746876938e-05	0.0069659785594	0	0	0	0	4.42987507752e-05	0	0	0	0	4.42987507752e-05	0	0	0	0	0	0	0	0	0	0	0	0	0	0	4.42987507752e-05	0	0	0	4.42987507752e-05	0	0	0	0	0	0	0.000221493753876	0.000276867192345	0.00650084167626	0.000509435633915	0	0.000121821564632	1.10746876938e-05	0	0	0	0	0	0	0
7.75228138566e-05	0	0	0	0	2.21493753876e-05	0.00208204128644	0.00187162222025	0.000221493753876	0	0.00352175068663	0.0238881013555	0.00219278816337	0.00223708691415	0.000586958447772	0	0	4.42987507752e-05	0.00918091609817	0.00832816514574	0.00431912820058	0	0	1.10746876938e-05	8.85975015505e-05	2.21493753876e-05	0.0082174182688	6.64481261628e-05	0.0026911491096	0.0109528661292	0.000310091255427	0.000631257198547	0.00573668822539	0.000265792504651	0.0188048197041	0	0	0	0	0	0	0	0	0	0	0	7.75228138566e-05	0	8.85975015505e-05	0	0	0	0	0	0	0	0	0	0	0	0	0	0	0	0	0	0	0	0	0	0.000132896252326	0.000409763444671	0.0114512270754	1.10746876938e-05	0	6.64481261628e-05	0.000376539381589	0	2.21493753876e-05	0	0	0	0	0
0	0	0	0	0.00523832727917	1.10746876938e-05	0.00913661734739	0.000598033135466	0.00180517409409	0.00169442721715	0.00614645167006	0.00219278816337	0.0220054044476	0.000166120315407	0.00127358908479	0.00170550190485	0	0	0.00241428191725	0.00132896252326	0.0127026667848	1.10746876938e-05	0	0	0.00388721538053	0.000188269690795	0.00274652254806	0	0.00249180473111	0.00240320722956	1.10746876938e-05	0.000265792504651	3.32240630814e-05	1.10746876938e-05	0.00702135199787	0	0	0	0	3.32240630814e-05	0	0	0	0	5.5373438469e-05	0.00023256844157	1.10746876938e-05	0.000177195003101	0	0	0	0	0	0	0	0.000121821564632	0	0	0	0	0	0	0	2.21493753876e-05	0	0	0	0	0	1.10746876938e-05	0.000287941880039	0.000575883760078	0.00712102418712	0.00102994595552	0.000564809072384	0	0.000166120315407	0	0	1.10746876938e-05	0	3.32240630814e-05	0	0
0	0.000188269690795	0	0	0	5.5373438469e-05	0.000243643129264	0	2.21493753876e-05	0	9.96721892443e-05	0.00223708691415	0.000166120315407	0.016313014973	1.10746876938e-05	0	0	0	0.000753078763179	0	0.000155045627713	0	0	0	2.21493753876e-05	0.00251395410649	0.00270222379729	0.00119606627093	3.32240630814e-05	0.00023256844157	0	0.00270222379729	0.000177195003101	0	0.000498360946221	0	0	0	0	0	0	0	0	0	0	0	0.00163905377868	0	0.00636794542394	0	0	0	0	0	0	0	0	0	0	0	0.00101887126783	0.000398688756977	0.000132896252326	0	0	0	0.00358819881279	0	0	0	0.000343315318508	0.00218171347568	0.00115176752016	0.00032116594312	4.42987507752e-05	9.96721892443e-05	0.000908124390892	0	0.00397581288208	0	0	0	0	9.96721892443e-05
0.0180960396917	0	0.00387614069283	0	3.32240630814e-05	1.10746876938e-05	0.00276867192345	0.0147736333835	0.0225591388323	0	0.00241428191725	0.000586958447772	0.00127358908479	1.10746876938e-05	0.0380637016036	0.000177195003101	0	0	0.000299016567733	0.000276867192345	0.00135111189864	0.00277974661115	0	0.00451847257907	0.000221493753876	5.5373438469e-05	0.000476211570834	0	0.00782980419952	0.0132342517941	0.0145853636927	0	0.000863825640117	0.00425268007442	0.00344422787277	0	0	0	0	0	0	0	0	0	0	0	0	0	0	0	0	0	0	0	0	0	0	0	5.5373438469e-05	0	0	0	0.000177195003101	0	0	0	0	0	0	0	0.000631257198547	0.000121821564632	0.00294586692655	0.000409763444671	0.000121821564632	2.21493753876e-05	1.10746876938e-05	0	0	1.10746876938e-05	3.32240630814e-05	0	0	0
0	0	0	0	0	0.00078630282626	0.00218171347568	0.000332240630814	0.000564809072384	0.00101887126783	0.00069770532471	0	0.00170550190485	0	0.000177195003101	0.00635687073625	0	0	0	0	3.32240630814e-05	0	0	0	0.00112961814477	0	0	0	0.00121821564632	0.000276867192345	3.32240630814e-05	0	0	1.10746876938e-05	0.000132896252326	0	0	0	0	1.10746876938e-05	0	5.5373438469e-05	0	0	0.000332240630814	5.5373438469e-05	0	0.000121821564632	0	0	0	0	0	0	0	0.000110746876938	0	0	0	0	0	0	0	1.10746876938e-05	0	0	0	0	0	0	0.00137326127403	0	9.96721892443e-05	5.5373438469e-05	0.00427482944981	0	0	0	0	0	0	0.000188269690795	0	0
0	4.42987507752e-05	0	0	0	0	0	0	0	1.10746876938e-05	0	0	0	0	0	0	0.0196354212811	0	0	0	0	0.00093027376628	0.0161136705945	0.00753078763179	0.00526047665456	0	0	0.000764153450873	0.0016169044033	0	0	0	0	0	0	0	0	0	0	0	0	0	0	0	0.00188269690795	0	0	0	0	0	0	0.0104655798706	0	0	0	0	0.000155045627713	0.0121710817755	0.000631257198547	0.00594710729157	0	0	1.10746876938e-05	0.00780765482413	0	0	0	0	0	0	0.000166120315407	6.64481261628e-05	0	0	0	0	0	0	0	0	0	0	0	0
1.10746876938e-05	0.000143970940019	0.0101554886152	0	0	0	0	0	1.10746876938e-05	0	0	4.42987507752e-05	0	0	0	0	0	0.0219278816337	0	0.00136218658634	0	5.5373438469e-05	0	0.00609107823159	0	0	0.00424160538673	0.00236998316647	0.00023256844157	5.5373438469e-05	7.75228138566e-05	0	0	1.10746876938e-05	0.00664481261628	0	0	3.32240630814e-05	0	0	0	1.10746876938e-05	0	1.10746876938e-05	0	0	0	0	0	1.10746876938e-05	0	0	0.000132896252326	0	2.21493753876e-05	0	0	0	0	0.000132896252326	0	0	0.00233675910339	8.85975015505e-05	1.10746876938e-05	0	0	0	0	0	0.00221493753876	0	0.00233675910339	0.000121821564632	0	0	0	0.000531585009303	0.000265792504651	7.75228138566e-05	1.10746876938e-05	1.10746876938e-05	0	0
1.10746876938e-05	0	0	0	0	1.10746876938e-05	0.00198236909719	0.000830601577036	0.00032116594312	0	0.00243643129264	0.00918091609817	0.00241428191725	0.000753078763179	0.000299016567733	0	0	0	0.0150615752636	0.00389829006822	0.00374324444051	1.10746876938e-05	0	0	0.000121821564632	0	0.00952423141667	0.000564809072384	0.000963497829361	0.00664481261628	0.000121821564632	0.000830601577036	0.00399796225746	6.64481261628e-05	0.00985647204749	0	0	0	0	0	0	0	0	0	0	0	0	0	0	0	0	0	0	0	0	0	0	0	0	0	0	1.10746876938e-05	1.10746876938e-05	0	0	0	0	0	0	0	0.00108531939399	0.00147293346328	0.00656728980243	4.42987507752e-05	0	0.000132896252326	0.000188269690795	0	0	0	0	0	0	0
7.75228138566e-05	0	0	0	0	1.10746876938e-05	0.00141756002481	0.00153938158944	3.32240630814e-05	0	0.00291264286347	0.00832816514574	0.00132896252326	0	0.000276867192345	0	0	0.00136218658634	0.00389829006822	0.020798263489	0.00320058474351	1.10746876938e-05	0	4.42987507752e-05	6.64481261628e-05	0	0.0159364755914	0.00110746876938	0.00245858066803	0.00382076725436	0.000442987507752	0	4.42987507752e-05	0.000310091255427	0.0120492602109	0	0	0	0	0	0	0	0	0	0	0	0	0	0	0	0	0	0	0	0	0	0	0	0	0	0	0.000254717816958	0.000476211570834	0	0	0	0	0	0	0	0.00426375476212	0.00415300788518	0.00941348453974	1.10746876938e-05	0	1.10746876938e-05	0	1.10746876938e-05	1.10746876938e-05	0	0	0	0	0
0	0	0	0	0.00727606981483	6.64481261628e-05	0.00511650571454	0.000631257198547	0.0016169044033	0.000487286258528	0.00800699920262	0.00431912820058	0.0127026667848	0.000155045627713	0.00135111189864	3.32240630814e-05	0	0	0.00374324444051	0.00320058474351	0.0220829272615	0	0	0	0.00477319039603	0.000155045627713	0.00476211570834	4.42987507752e-05	0.00244750598033	0.00493931071144	0	0.00032116594312	0.000188269690795	0	0.01099716488	0	0	0	0	1.10746876938e-05	0	0	0	0	1.10746876938e-05	0	0	0	0	0	0	0	0	0	0	0	0	0	0	1.10746876938e-05	0	0	0	1.10746876938e-05	0	0	0	0	0	0	0.00078630282626	0.000520510321609	0.0108531939399	0.000897049703198	0	9.96721892443e-05	0.000155045627713	0	0	0	0	0	0	0
0.00270222379729	0	0.0073314432533	0	0	0	0.000110746876938	0.00756401169487	0.0041197838221	0	1.10746876938e-05	0	1.10746876938e-05	0	0.00277974661115	0	0.00093027376628	5.5373438469e-05	1.10746876938e-05	1.10746876938e-05	0	0.0502458580668	0.00023256844157	0.0311198724196	0.000897049703198	0	1.10746876938e-05	5.5373438469e-05	0.0169774962346	0.00454062195446	0.018915566581	0	0	0.00420838132365	0.00547089572074	0	0	0	0	0	0	0	3.32240630814e-05	0	0	0	0	0	0	0	0	0.00203774253566	0	0	0	0	5.5373438469e-05	0.00120714095862	0.00135111189864	0.000420838132365	0	0	0.000420838132365	0.00223708691415	0	0	0	0	0	0	0.00434127757597	6.64481261628e-05	0.00271329848498	0.000598033135466	0	0	0	0.000177195003101	0	0	6.64481261628e-05	0	0	0
0	0.00486178789758	0	0	0	0	0	0	0	0.00284619473731	0	0	0	0	0	0	0.0161136705945	0	0	0	0	0.00023256844157	0.0418955435457	0.00967927704439	0.0108974926907	0.000121821564632	0	0.0131788783556	0.00273544786037	0	0	0	0	0	0	0	0	0	0	3.32240630814e-05	0	0	0	0	0.00544874634535	0	0	0	0	0	0	0.0169221227961	0	0	0	0	9.96721892443e-05	0.0228581554	0.000985647204749	0.0103105342429	0	0	0.00472889164526	0.00650084167626	0	0	0	0	0	0	2.21493753876e-05	0	0	0	0	0	0	0	0	0	0	0	0	0
0.00452954726677	0	0.0228581554	0	0	0	0	0.00523832727917	0.00522725259148	0	0	1.10746876938e-05	0	0	0.00451847257907	0	0.00753078763179	0.00609107823159	0	4.42987507752e-05	0	0.0311198724196	0.00967927704439	0.087202090901	0.000110746876938	0	0.000177195003101	0.0152055462036	0.0106981483122	0.00307876317888	0.0130238327279	0	0	0.00140648533711	0.00818419420572	0	0	0	0	0	0	0	0	0	0	0	0	0	0	0	0	0.0175866040578	0	0	0	0	0.000498360946221	0.0130238327279	0.00943563391512	0.00183839815717	0	0	0.00126251439709	0.00402011163285	0	0	0	0	0	0	0.0116394967662	0.000409763444671	0.00616860104545	0.000221493753876	0	0	0	0.000221493753876	0	7.75228138566e-05	0.000188269690795	0	0	0
0	0.00106317001861	0	0	0.00702135199787	0.000254717816958	5.5373438469e-05	0.00176087534332	0.000188269690795	0.0123261274032	0.00023256844157	8.85975015505e-05	0.00388721538053	2.21493753876e-05	0.000221493753876	0.00112961814477	0.00526047665456	0	0.000121821564632	6.64481261628e-05	0.00477319039603	0.000897049703198	0.0108974926907	0.000110746876938	0.0512758040223	8.85975015505e-05	0.000210419066182	0.0016169044033	0.0234561885355	0.000830601577036	0.000199344378489	3.32240630814e-05	4.42987507752e-05	0.000265792504651	0.00355497474971	1.10746876938e-05	0	0	0	0.000952423141667	0	0.000132896252326	1.10746876938e-05	1.10746876938e-05	0.0169664215469	0.000254717816958	0.000121821564632	0.000686630637016	0	0	2.21493753876e-05	0.00249180473111	2.21493753876e-05	0.000110746876938	9.96721892443e-05	0.000287941880039	0	0.00595818197927	1.10746876938e-05	0.0194914503411	0	0	0.000177195003101	0.0080402232657	1.10746876938e-05	0	0	0	1.10746876938e-05	2.21493753876e-05	0.00601355541774	0.000287941880039	0.0021374147249	0.000531585009303	0.00221493753876	0.000132896252326	2.21493753876e-05	0.00180517409409	9.96721892443e-05	0.000310091255427	0.000210419066182	0.000952423141667	0	0
0	0.00187162222025	0	0	0	3.32240630814e-05	0.000276867192345	4.42987507752e-05	4.42987507752e-05	7.75228138566e-05	6.64481261628e-05	2.21493753876e-05	0.000188269690795	0.00251395410649	5.5373438469e-05	0	0	0	0	0	0.000155045627713	0	0.000121821564632	0	8.85975015505e-05	0.00651191636396	0.00122929033401	0.00344422787277	3.32240630814e-05	0.000254717816958	2.21493753876e-05	0	7.75228138566e-05	4.42987507752e-05	0.000332240630814	0	0.000155045627713	0	0	0	0	0	0	0	0	0	0.00032116594312	0	0.00169442721715	0	0	0	0	0	0	0	0	0	0	0	0.00122929033401	0.000143970940019	0.000564809072384	0	0	0	3.32240630814e-05	0	0	0	0	0.000764153450873	0.000454062195446	0.000476211570834	0	9.96721892443e-05	0.000409763444671	0	0.000398688756977	0	0	0	0	3.32240630814e-05
8.85975015505e-05	0.000885975015505	0.00630149729778	0	0	1.10746876938e-05	0.00201559316027	0.000863825640117	0.000265792504651	0	0.00355497474971	0.0082174182688	0.00274652254806	0.00270222379729	0.000476211570834	0	0	0.00424160538673	0.00952423141667	0.0159364755914	0.00476211570834	1.10746876938e-05	0	0.000177195003101	0.000210419066182	0.00122929033401	0.0829604855143	0.03399929122	0.00139541064942	0.00468459289448	0.00046513688314	0.00277974661115	0.000985647204749	0.000343315318508	0.0132342517941	0	0.00243643129264	2.21493753876e-05	0	0	0	1.10746876938e-05	0	1.10746876938e-05	0	0	2.21493753876e-05	0	0.00684415699477	1.10746876938e-05	0	0	0.000143970940019	1.10746876938e-05	0.000520510321609	0	0	0	0	5.5373438469e-05	0.00124036502171	0.00713209887481	0.0146739611943	3.32240630814e-05	1.10746876938e-05	0	0.0025028794188	0	0	0	0.00743111544254	0.00852750952423	0.0105209533091	4.42987507752e-05	0	4.42987507752e-05	1.10746876938e-05	0.00046513688314	0.00134003721095	4.42987507752e-05	0	1.10746876938e-05	0	1.10746876938e-05
0	0.0184504296979	0.019170284398	0	0	0	1.10746876938e-05	2.21493753876e-05	0	0.000974572517055	3.32240630814e-05	6.64481261628e-05	0	0.00119606627093	0	0	0.000764153450873	0.00236998316647	0.000564809072384	0.00110746876938	4.42987507752e-05	5.5373438469e-05	0.0131788783556	0.0152055462036	0.0016169044033	0.00344422787277	0.03399929122	0.108011429078	8.85975015505e-05	3.32240630814e-05	1.10746876938e-05	0.000110746876938	0	1.10746876938e-05	0.000310091255427	0	0.00954638079206	1.10746876938e-05	0	0	0	0	0	0	1.10746876938e-05	0	2.21493753876e-05	0	0.00580313635155	0	0	0.0122153805263	1.10746876938e-05	0	0	0	0	0.0157260565252	0.00433020288828	1.10746876938e-05	0.00141756002481	0.00181624878178	0.0312195446088	0	0	0	0.00169442721715	0	0	0	0.00780765482413	0.00151723221405	0.000841676264729	4.42987507752e-05	0	0	0	2.21493753876e-05	0.000653406573935	1.10746876938e-05	2.21493753876e-05	0	0	1.10746876938e-05
0.00273544786037	0	0.00211526534952	0	0.0039315141313	0.00046513688314	0.00479533977142	0.0423385310534	0.00908124390892	0.006257198547	0.00389829006822	0.0026911491096	0.00249180473111	3.32240630814e-05	0.00782980419952	0.00121821564632	0.0016169044033	0.00023256844157	0.000963497829361	0.00245858066803	0.00244750598033	0.0169774962346	0.00273544786037	0.0106981483122	0.0234561885355	3.32240630814e-05	0.00139541064942	8.85975015505e-05	0.115099229202	0.0122153805263	0.0186386993887	3.32240630814e-05	0.000332240630814	0.00532692478072	0.0177305749978	0	0	0	0	0.00729821919022	0	0.00145078408789	4.42987507752e-05	0.000808452201648	0.0225923628954	0.00134003721095	2.21493753876e-05	0.00177195003101	0	5.5373438469e-05	0.000343315318508	0.00311198724196	2.21493753876e-05	2.21493753876e-05	4.42987507752e-05	0.00101887126783	0	0.0046513688314	0.000598033135466	0.0246965535572	0	0	0.000863825640117	0.0124368742801	8.85975015505e-05	0	0	0	0	0	0.0155710108975	0.00109639408169	0.0118609905201	0.00311198724196	0.00110746876938	0.000642331886241	3.32240630814e-05	0.0026800744219	7.75228138566e-05	0.000121821564632	0.000354390006202	0.000941348453974	0	0
0.00740896606716	0	0.00228138566492	0	0.000132896252326	0.000376539381589	0.00423053069903	0.0126362186586	0.00589173385311	0	0.0059028085408	0.0109528661292	0.00240320722956	0.00023256844157	0.0132342517941	0.000276867192345	0	5.5373438469e-05	0.00664481261628	0.00382076725436	0.00493931071144	0.00454062195446	0	0.00307876317888	0.000830601577036	0.000254717816958	0.00468459289448	3.32240630814e-05	0.0122153805263	0.0459931779924	0.0129020111633	0.000166120315407	0.0078741029503	0.00974572517055	0.0263466820236	0	0	0	0	0	0	0	0	0	6.64481261628e-05	0	0	0	0	0	0	4.42987507752e-05	0	0	0	0	0	0	1.10746876938e-05	1.10746876938e-05	0	0	0.000210419066182	0	0	0	0	0	0	0	0.00341100380969	0.000719854700097	0.0144524674404	0.00223708691415	0.000155045627713	0.00093027376628	0.000110746876938	7.75228138566e-05	1.10746876938e-05	0	0	0	0	0
0.0165345087269	0	0.00654514042704	0	0	1.10746876938e-05	0.000542659696997	0.0158589527775	0.0163794630991	0	1.10746876938e-05	0.000310091255427	1.10746876938e-05	0	0.0145853636927	3.32240630814e-05	0	7.75228138566e-05	0.000121821564632	0.000442987507752	0	0.018915566581	0	0.0130238327279	0.000199344378489	2.21493753876e-05	0.00046513688314	1.10746876938e-05	0.0186386993887	0.0129020111633	0.0507885177638	0	1.10746876938e-05	0.00885975015505	0.00991184548596	0	0	0	0	0	0	0	0	0	1.10746876938e-05	0	0	0	0	0	0	2.21493753876e-05	0	0	0	0	0	0	6.64481261628e-05	0	0	0	0.000365464693896	0	0	0	0	0	0	0	0.00130681314787	5.5373438469e-05	0.00529370071764	0.000885975015505	6.64481261628e-05	1.10746876938e-05	2.21493753876e-05	1.10746876938e-05	0	1.10746876938e-05	5.5373438469e-05	0	0	0
0	0	0	0	0	0	0.000121821564632	0	1.10746876938e-05	0	0.00023256844157	0.000631257198547	0.000265792504651	0.00270222379729	0	0	0	0	0.000830601577036	0	0.00032116594312	0	0	0	3.32240630814e-05	0	0.00277974661115	0.000110746876938	3.32240630814e-05	0.000166120315407	0	0.00371002037743	1.10746876938e-05	0	0.000376539381589	0	0	0	0	0	0	0	0	0	0	0	0	0	0.00122929033401	0	0	0	0	0	0	0	0	0	0	0	0	7.75228138566e-05	9.96721892443e-05	0	0	0	0.000874900327811	0	0	0	0.000132896252326	0.000143970940019	0.000575883760078	0	0	0	0	0	0.000265792504651	0	0	0	0	0
1.10746876938e-05	0	0	0	1.10746876938e-05	0.0019712944095	0.00235890847878	0.000420838132365	0.000575883760078	0	0.000210419066182	0.00573668822539	3.32240630814e-05	0.000177195003101	0.000863825640117	0	0	0	0.00399796225746	4.42987507752e-05	0.000188269690795	0	0	0	4.42987507752e-05	7.75228138566e-05	0.000985647204749	0	0.000332240630814	0.0078741029503	1.10746876938e-05	1.10746876938e-05	0.0107092229999	8.85975015505e-05	0.00801807389032	0	0	0	0	0	0	0	0	0	0	0	0	0	0	0	0	0	0	0	0	0	0	0	0	0	0	0	0	0	0	0	0	0	0	0	0.000730929387791	0.000166120315407	0.00244750598033	0.000897049703198	0.000520510321609	0.00184947284487	3.32240630814e-05	0	0	0	0	0	0	0
0.00260255160804	0	0.00102994595552	0	0	5.5373438469e-05	0.00032116594312	0.00471781695756	0.000719854700097	0	1.10746876938e-05	0.000265792504651	1.10746876938e-05	0	0.00425268007442	1.10746876938e-05	0	1.10746876938e-05	6.64481261628e-05	0.000310091255427	0	0.00420838132365	0	0.00140648533711	0.000265792504651	4.42987507752e-05	0.000343315318508	1.10746876938e-05	0.00532692478072	0.00974572517055	0.00885975015505	0	8.85975015505e-05	0.0122043058386	0.00714317356251	0	0	0	0	0	0	0	0	0	0	0	0	0	0	0	0	2.21493753876e-05	0	0	0	0	0	0	1.10746876938e-05	0	0	0	8.85975015505e-05	0	0	0	0	0	0	0	0.000354390006202	8.85975015505e-05	0.00274652254806	0.000520510321609	0	7.75228138566e-05	3.32240630814e-05	0	0	0	0	0	0	0
0.000398688756977	0	0.00209311597413	0	0.000575883760078	0.000885975015505	0.00613537698237	0.0123261274032	0.0033888544343	0	0.0069659785594	0.0188048197041	0.00702135199787	0.000498360946221	0.00344422787277	0.000132896252326	0	0.00664481261628	0.00985647204749	0.0120492602109	0.01099716488	0.00547089572074	0	0.00818419420572	0.00355497474971	0.000332240630814	0.0132342517941	0.000310091255427	0.0177305749978	0.0263466820236	0.00991184548596	0.000376539381589	0.00801807389032	0.00714317356251	0.0677106405599	0	0	0	0	0	0	0	0	0	0.000121821564632	0	0	1.10746876938e-05	0	0	0	5.5373438469e-05	0	0	3.32240630814e-05	0	0	0	2.21493753876e-05	0.000121821564632	0	0	0.000376539381589	0	0	0	0	0	0	0	0.0104212811199	0.00105209533091	0.0346305484185	0.00459599539293	0.00023256844157	0.00182732346948	0.00023256844157	0.000121821564632	0	0	7.75228138566e-05	0	0	0
0	0	0	0	0	0	0	0	0	0	0	0	0	0	0	0	0	0	0	0	0	0	0	0	1.10746876938e-05	0	0	0	0	0	0	0	0	0	0	0.0172100646762	0	0	0	0	0	0	0.00888189953043	0.00193807034642	0	0	4.42987507752e-05	0	0	0.0130127580402	0	0	0	3.32240630814e-05	1.10746876938e-05	0	0.000874900327811	0	0.00249180473111	0.000498360946221	0	0	0	0.000642331886241	0.00543767165766	0.0075086382564	0	0	0.000265792504651	0.000819526889342	0	0	0	0	0	0	0	0	0	0.000398688756977	0	0	0	0
0	0.00819526889342	0	0	0	0	0	0	0	0	0	0	0	0	0	0	0	0	0	0	0	0	0	0	0	0.000155045627713	0.00243643129264	0.00954638079206	0	0	0	0	0	0	0	0	0.0213076991229	0	0	0.000143970940019	0	0	0	0	0.00406441038363	0	0	1.10746876938e-05	0.000586958447772	0	0	0.000476211570834	0	0	0	0	0	0.00773013201028	0	0.00615752635776	0.00316736068043	1.10746876938e-05	0.0179077700009	0	0	0	0	0	0	0	3.32240630814e-05	2.21493753876e-05	0	0	0	0	0	1.10746876938e-05	0	0	0	0	0	0
0	0	3.32240630814e-05	0	0	0	0	0	0	0	0	0	0	0	0	0	0	3.32240630814e-05	0	0	0	0	0	0	0	0	2.21493753876e-05	1.10746876938e-05	0	0	0	0	0	0	0	0	0	0.0241095951094	0	0	0	0	0	0	0	0	0	0	0	0	0	0	0.00384291662975	0	0.000121821564632	0	0.000742004075485	0	0.00931381235049	0	0	0.00126251439709	0.0102883848675	0	0	0	0	0	0	0	0	0	0	0	0	0	0	3.32240630814e-05	1.10746876938e-05	3.32240630814e-05	0	0	0	0
0	0	0	0	0	0	0	0	0	0	0	0	0	0	0	0	0	0	0	0	0	0	0	0	0	0	0	0	0	0	0	0	0	0	0	0	0	0	0	0	0	0	0	0	0	0	0	0	0	0	0	0	0	0	0	0	0	0	0	0	0	0	0	0	0	0	0	0	0	0	0	0	0	0	0	0	0	0	0	0	0	0	0	0
0	0	0	0	0.00169442721715	0	0	0.000431912820058	0	0.00208204128644	4.42987507752e-05	0	3.32240630814e-05	0	0	1.10746876938e-05	0	0	0	0	1.10746876938e-05	0	3.32240630814e-05	0	0.000952423141667	0	0	0	0.00729821919022	0	0	0	0	0	0	0	0.000143970940019	0	0	0.0321608930628	0	0.00705457606096	0.000343315318508	0.00423053069903	0.010454505183	0.0103769823691	0.000454062195446	0.0075086382564	0	0.000841676264729	0.000996721892443	0	0	0.000265792504651	0.000199344378489	0.0101665633029	0	0.000365464693896	1.10746876938e-05	0.015227695579	0	0	1.10746876938e-05	0.0158257287145	0.00114069283246	0	0	0	0	0.000586958447772	0	0	0	0	1.10746876938e-05	0	0	0.000564809072384	0	0.000642331886241	4.42987507752e-05	0.000299016567733	0	0
0	0	0	0	0	0	0	0	0	0	0	0	0	0	0	0	0	0	0	0	0	0	0	0	0	0	0	0	0	0	0	0	0	0	0	0	0	0	0	0	0.00230353504031	0.000409763444671	0	0	5.5373438469e-05	0	0	3.32240630814e-05	0	9.96721892443e-05	0.00093027376628	0	0	0	0	0	0	0	0	4.42987507752e-05	0	0	0	0	4.42987507752e-05	0	0	0.000276867192345	0	0	0	0	0	0	0	0	0	2.21493753876e-05	0	0	0	0.00110746876938	0.000985647204749	0
0	0	1.10746876938e-05	0	0.000775228138566	2.21493753876e-05	0	0.000188269690795	0	3.32240630814e-05	0	0	0	0	0	5.5373438469e-05	0	1.10746876938e-05	0	0	0	0	0	0	0.000132896252326	0	1.10746876938e-05	0	0.00145078408789	0	0	0	0	0	0	0	0	0	0	0.00705457606096	0.000409763444671	0.0302671214672	0.00110746876938	0.0146628865066	0.00174980065562	0.0133892974218	0.000609107823159	0.00640116948702	0	0.00341100380969	0.00367679631434	0	0	0.000110746876938	0.000110746876938	0.00390936475591	0	0	0	0.00323380880659	0	0	4.42987507752e-05	0.00668911136706	0.00183839815717	0	0	0	0	0.000719854700097	2.21493753876e-05	0	0	0	6.64481261628e-05	0	0	0.00274652254806	1.10746876938e-05	0.00131788783556	0.000310091255427	0.00448524851599	0.000730929387791	0
0	0	0	0	0	0	0	0	0	0	0	0	0	0	0	0	0	0	0	0	0	3.32240630814e-05	0	0	1.10746876938e-05	0	0	0	4.42987507752e-05	0	0	0	0	0	0	0.00888189953043	0	0	0	0.000343315318508	0	0.00110746876938	0.0581310357048	0.0108642686276	5.5373438469e-05	0.00331133162045	0.000276867192345	0.000586958447772	0	0.0181181890671	0	0	0	0.000221493753876	0.000188269690795	0	0.00441880038983	0	0.00300124036502	0.00823956764419	0	1.10746876938e-05	0	0.0197793922211	0.0032116594312	0.00959067954284	0	0	0.000343315318508	0.00162797909099	0	0	3.32240630814e-05	2.21493753876e-05	0	0	0	0.000442987507752	0	0.00301231505272	0.000830601577036	0.000121821564632	0	0
0	0	1.10746876938e-05	0	3.32240630814e-05	0	0	0.000254717816958	0	3.32240630814e-05	0	0	0	0	0	0	0	1.10746876938e-05	0	0	0	0	0	0	1.10746876938e-05	0	1.10746876938e-05	0	0.000808452201648	0	0	0	0	0	0	0.00193807034642	0	0	0	0.00423053069903	0	0.0146628865066	0.0108642686276	0.0369230087712	0.00093027376628	0.0119606627093	0.00114069283246	0.00155045627713	0	0.016058297156	0.00229246035262	0	0	0.000620182510853	0.00032116594312	0.000586958447772	0.000276867192345	0	0.000332240630814	0.00502790821299	0	0	4.42987507752e-05	0.00639009479933	0.00359927350049	0.00139541064942	0	0	0	0.00135111189864	0	0	0	0	0	0	0	0.00287941880039	2.21493753876e-05	0.0025028794188	0.000520510321609	0.00273544786037	0.000531585009303	0
0	1.10746876938e-05	0	0	0.000996721892443	0.000132896252326	0.000199344378489	0.00115176752016	0.000631257198547	0.00986754673518	4.42987507752e-05	0	5.5373438469e-05	0	0	0.000332240630814	0.00188269690795	0	0	0	1.10746876938e-05	0	0.00544874634535	0	0.0169664215469	0	0	1.10746876938e-05	0.0225923628954	6.64481261628e-05	1.10746876938e-05	0	0	0	0.000121821564632	0	0.00406441038363	0	0	0.010454505183	5.5373438469e-05	0.00174980065562	5.5373438469e-05	0.00093027376628	0.0502347833791	0.00188269690795	5.5373438469e-05	0.00503898290068	7.75228138566e-05	5.5373438469e-05	0.00234783379109	0	2.21493753876e-05	3.32240630814e-05	5.5373438469e-05	0.00165012846638	0	0.0109750155046	0	0.0442766013998	0.0014286347125	0	0.00270222379729	0.00860503233809	0.000110746876938	0	0	0	0	3.32240630814e-05	0.000509435633915	0	0	0	0.000365464693896	0	0	0.00318951005582	1.10746876938e-05	6.64481261628e-05	1.10746876938e-05	0.00283512004961	0	0
0	0	0	0	0.000365464693896	2.21493753876e-05	0	0.000365464693896	0	1.10746876938e-05	0	0	0.00023256844157	0	0	5.5373438469e-05	0	0	0	0	0	0	0	0	0.000254717816958	0	0	0	0.00134003721095	0	0	0	0	0	0	0	0	0	0	0.0103769823691	0	0.0133892974218	0.00331133162045	0.0119606627093	0.00188269690795	0.0538451315673	0.00601355541774	0.0111965092584	0	0.00475104102064	0.00118499158324	2.21493753876e-05	0	0.00366572162665	0.00208204128644	0.0107756711261	3.32240630814e-05	0	7.75228138566e-05	0.00552626915921	0	0	0.000287941880039	0.0108974926907	0.00650084167626	0	0	0	0	0.00771905732258	0.00032116594312	0	0	0	5.5373438469e-05	0	0	0.00342207849739	0	0.0103548329937	0.00104102064322	0.000897049703198	0.0012514397094	0
0	0	0	0	0	0	0	0	0	0	0	7.75228138566e-05	1.10746876938e-05	0.00163905377868	0	0	0	0	0	0	0	0	0	0	0.000121821564632	0.00032116594312	2.21493753876e-05	2.21493753876e-05	2.21493753876e-05	0	0	0	0	0	0	4.42987507752e-05	0	0	0	0.000454062195446	0	0.000609107823159	0.000276867192345	0.00114069283246	5.5373438469e-05	0.00601355541774	0.0356604943741	0.00243643129264	0.0041197838221	0.00186054753256	0	5.5373438469e-05	0	0.0134225214849	0.00633472136086	0.00230353504031	2.21493753876e-05	0	0	0.000775228138566	0.000575883760078	0.00188269690795	0.000177195003101	0.000852750952423	0.00497253477452	4.42987507752e-05	0.00121821564632	0.000343315318508	3.32240630814e-05	0.0146518118189	2.21493753876e-05	0.000941348453974	0	0	1.10746876938e-05	0	0.000343315318508	0.00189377159564	0.00571453885	0.0171879153008	0.000653406573935	5.5373438469e-05	0	0.00233675910339
0	0	0	0	0.00163905377868	4.42987507752e-05	8.85975015505e-05	0.000398688756977	0.000332240630814	0.000155045627713	0	0	0.000177195003101	0	0	0.000121821564632	0	0	0	0	0	0	0	0	0.000686630637016	0	0	0	0.00177195003101	0	0	0	0	0	1.10746876938e-05	0	1.10746876938e-05	0	0	0.0075086382564	3.32240630814e-05	0.00640116948702	0.000586958447772	0.00155045627713	0.00503898290068	0.0111965092584	0.00243643129264	0.0286502170639	0	0.00134003721095	0.0021374147249	2.21493753876e-05	0	0.000974572517055	0.000376539381589	0.0135886418003	3.32240630814e-05	3.32240630814e-05	8.85975015505e-05	0.00579206166386	0	1.10746876938e-05	0.000365464693896	0.00310091255427	0.00153938158944	0	0	0	0	0.0028683441127	0.000343315318508	0	0	0	0.000132896252326	0	0	0.00373216975281	0	0.00462921945601	0.00100779658014	0.00192699565872	0.0012514397094	0
0	2.21493753876e-05	0	0	0	0	0	0	0	0	0	8.85975015505e-05	0	0.00636794542394	0	0	0	0	0	0	0	0	0	0	0	0.00169442721715	0.00684415699477	0.00580313635155	0	0	0	0.00122929033401	0	0	0	0	0.000586958447772	0	0	0	0	0	0	0	7.75228138566e-05	0	0.0041197838221	0	0.0193364047134	0	0	0	0	0	0	0	0	7.75228138566e-05	0	7.75228138566e-05	0.00348852662355	0.000265792504651	0.00592495791619	0	0	0	0.00420838132365	0	0	0	0	0.00155045627713	0	0	0	0	0.000343315318508	0	0.00466244351909	5.5373438469e-05	0	0	0	0.00246965535572
0	0	1.10746876938e-05	0	1.10746876938e-05	0	0	3.32240630814e-05	0	0	0	0	0	0	0	0	0	1.10746876938e-05	0	0	0	0	0	0	0	0	1.10746876938e-05	0	5.5373438469e-05	0	0	0	0	0	0	0.0130127580402	0	0	0	0.000841676264729	9.96721892443e-05	0.00341100380969	0.0181181890671	0.016058297156	5.5373438469e-05	0.00475104102064	0.00186054753256	0.00134003721095	0	0.0443541242137	0.000132896252326	0	0	0.000398688756977	0.000166120315407	0.00124036502171	0.000885975015505	0	0.00262470098343	0.00315628599274	0	0	4.42987507752e-05	0.00361034818818	0.0169553468592	0.00606892885621	0	0.000564809072384	0.000509435633915	0.00356604943741	0	0	0	0	0	0	0	0.00108531939399	2.21493753876e-05	0.00312306192965	0.000243643129264	0.000852750952423	0.000343315318508	0
0	0	0	0	3.32240630814e-05	0	0	4.42987507752e-05	0	9.96721892443e-05	0	0	0	0	0	0	0	0	0	0	0	0	0	0	2.21493753876e-05	0	0	0	0.000343315318508	0	0	0	0	0	0	0	0	0	0	0.000996721892443	0.00093027376628	0.00367679631434	0	0.00229246035262	0.00234783379109	0.00118499158324	0	0.0021374147249	0	0.000132896252326	0.00864933108886	0	0	0	0	6.64481261628e-05	0	0	0	0.00177195003101	0	0	0	0.000664481261628	0.00023256844157	0	0	0	0	0	0	0	0	0	0	0	0	0.000609107823159	0	0	0	0.00292371755117	7.75228138566e-05	0
0	0	1.10746876938e-05	0	0	0	0	4.42987507752e-05	0	0	0	0	0	0	0	0	0.0104655798706	0	0	0	0	0.00203774253566	0.0169221227961	0.0175866040578	0.00249180473111	0	0	0.0122153805263	0.00311198724196	4.42987507752e-05	2.21493753876e-05	0	0	2.21493753876e-05	5.5373438469e-05	0	0.000476211570834	0	0	0	0	0	0	0	0	2.21493753876e-05	5.5373438469e-05	2.21493753876e-05	0	0	0	0.0439997342075	1.10746876938e-05	5.5373438469e-05	1.10746876938e-05	0	0.000852750952423	0.0311752458581	0.0102440861168	0.00596925666696	2.21493753876e-05	0	0.00549304509613	0.00742004075485	0	0	0	0	0	0	0.00100779658014	0	0.000586958447772	2.21493753876e-05	0	0	0	0.00249180473111	0.000819526889342	0.000166120315407	0.000177195003101	0	1.10746876938e-05	0
0	0	0.000132896252326	0	0	0	0	0	0	0	0	0	0	0	0	0	0	0.000132896252326	0	0	0	0	0	0	2.21493753876e-05	0	0.000143970940019	1.10746876938e-05	2.21493753876e-05	0	0	0	0	0	0	0	0	0.00384291662975	0	0	0	0	0	0	2.21493753876e-05	0	0	0	0	0	0	1.10746876938e-05	0.0185390271994	0	0.00382076725436	0	7.75228138566e-05	0	0.00613537698237	0.000132896252326	0	0.000409763444671	0.00376539381589	8.85975015505e-05	0	0	0	0	0	0.00466244351909	0	0	0	0	0	0	0	0.0019602197218	7.75228138566e-05	0.00545982103305	4.42987507752e-05	5.5373438469e-05	0	0
0	0	0	0	0	0	0	0	0	0	0	0	0	0	0	0	0	0	0	0	0	0	0	0	0.000110746876938	0	1.10746876938e-05	0	2.21493753876e-05	0	0	0	0	0	0	3.32240630814e-05	0	0	0	0.000265792504651	0	0.000110746876938	0.000221493753876	0.000620182510853	3.32240630814e-05	0.00366572162665	0.0134225214849	0.000974572517055	0	0.000398688756977	0	5.5373438469e-05	0	0.0174647824931	0.00640116948702	0.00124036502171	1.10746876938e-05	0	0	0.000598033135466	0	0.00348852662355	0.00069770532471	0.000609107823159	0.00243643129264	1.10746876938e-05	0.000243643129264	3.32240630814e-05	3.32240630814e-05	0.00664481261628	1.10746876938e-05	0	0	0	0	0	0	0.00215956410029	0.00186054753256	0.00914769203508	0.000653406573935	5.5373438469e-05	0	0
0	0	2.21493753876e-05	0	0	0	0	0	0	0	0	0	0	0	0	0	0	2.21493753876e-05	0	0	0	0	0	0	9.96721892443e-05	0	0.000520510321609	0	4.42987507752e-05	0	0	0	0	0	3.32240630814e-05	1.10746876938e-05	0	0.000121821564632	0	0.000199344378489	0	0.000110746876938	0.000188269690795	0.00032116594312	5.5373438469e-05	0.00208204128644	0.00633472136086	0.000376539381589	0	0.000166120315407	0	1.10746876938e-05	0.00382076725436	0.00640116948702	0.0272880304775	0.000908124390892	1.10746876938e-05	0	0	0.000764153450873	0	0.00480641445911	0.000586958447772	0.000609107823159	0.00149508283866	0	0	0	3.32240630814e-05	0.00949100735359	5.5373438469e-05	2.21493753876e-05	0	0	0	0	0	0.00563701603615	0.00458492070524	0.00890404890582	5.5373438469e-05	5.5373438469e-05	0	0
0	0	0	0	0.00194914503411	4.42987507752e-05	0	0	0	7.75228138566e-05	0	0	0.000121821564632	0	0	0.000110746876938	0	0	0	0	0	0	0	0	0.000287941880039	0	0	0	0.00101887126783	0	0	0	0	0	0	0	0	0	0	0.0101665633029	0	0.00390936475591	0	0.000586958447772	0.00165012846638	0.0107756711261	0.00230353504031	0.0135886418003	0	0.00124036502171	6.64481261628e-05	0	0	0.00124036502171	0.000908124390892	0.0229024541508	2.21493753876e-05	0	3.32240630814e-05	0.00158368034021	0	0	7.75228138566e-05	0.00211526534952	0.0021374147249	0	0	0	0	0.00307876317888	0.000287941880039	0	0	0	0.000121821564632	0	0	0.00147293346328	0	0.00386506600514	0.000332240630814	0.000775228138566	0.00023256844157	0
0	0	0	0	0	0	0	0	0	0	0	0	0	0	0	0	0.000155045627713	0	0	0	0	5.5373438469e-05	9.96721892443e-05	0.000498360946221	0	0	0	0	0	0	0	0	0	0	0	0.000874900327811	0	0.000742004075485	0	0	0	0	0.00441880038983	0.000276867192345	0	3.32240630814e-05	2.21493753876e-05	3.32240630814e-05	0	0.000885975015505	0	0.000852750952423	7.75228138566e-05	1.10746876938e-05	1.10746876938e-05	2.21493753876e-05	0.0322162665013	0.000177195003101	0.0208425622397	0.000132896252326	0	0	0.000476211570834	0.00541552228227	0.000387614069283	0.00763045982103	0	0	0	0.00485071320989	5.5373438469e-05	0	1.10746876938e-05	0	0	0	0	0.00262470098343	0.000254717816958	0.00425268007442	0.00129573846018	0.00055373438469	2.21493753876e-05	0
0	0.00252502879419	0	0	0	0	0	0	0	0.000110746876938	0	0	0	0	0	0	0.0121710817755	0	0	0	0	0.00120714095862	0.0228581554	0.0130238327279	0.00595818197927	0	0	0.0157260565252	0.0046513688314	0	0	0	0	0	0	0	0.00773013201028	0	0	0.000365464693896	0	0	0	0	0.0109750155046	0	0	3.32240630814e-05	7.75228138566e-05	0	0	0.0311752458581	0	0	0	0	0.000177195003101	0.0581421103925	0.00349960131124	0.0220607778861	0.0017940994064	0	0.0163573137238	0.010454505183	0	0	0	0	0	0	1.10746876938e-05	0	0	0	0	0	0	1.10746876938e-05	0	1.10746876938e-05	1.10746876938e-05	0	0	0
