0.0101326928471	0	0	0	3.9503675817e-06	0	0.00196728305569	0.00328670582798	0.00251243378196	2.37022054902e-05	0.00201073709909	0.000146163600523	0.000106659924706	1.18511027451e-05	0.00571618189072	1.97518379085e-05	0	0	2.76525730719e-05	1.97518379085e-05	4.74044109804e-05	0	0	0	0.000841428294903	0	4.74044109804e-05	0	0.00100734373333	0.00361853670484	0.00360273523451	0	0	0.000122461395033	0.000189617643922	0	0	0	0	3.9503675817e-06	0	0	0	7.90073516341e-06	3.9503675817e-06	0	0	7.90073516341e-06	0	0	0	0	0	0	0	7.90073516341e-06	0	0	0	1.18511027451e-05	0	0	0	1.97518379085e-05	3.9503675817e-06	0	0	7.90073516341e-06	0	1.97518379085e-05	3.9503675817e-06	7.90073516341e-06	0.000304178303791	3.55533082353e-05	1.18511027451e-05	0	3.9503675817e-06	7.90073516341e-06	0	7.90073516341e-06	0	0	0	0
0	0.0276762752774	0.000158014703268	0	0	0.00013826286536	7.90073516341e-05	1.58014703268e-05	3.55533082353e-05	0.00452317088105	7.90073516341e-06	0.000359483449935	0.000367384185098	0.00194753121778	0	0.000809825354249	0.000553051461438	0.00374099809987	3.9503675817e-05	6.32058813073e-05	0	1.58014703268e-05	0.00538830138144	0.000150113968105	0.00306943561098	0.00430590066406	0.0114521156194	0.0191000272575	0.000114560659869	0	5.13547785621e-05	3.9503675817e-06	0	0	0.000122461395033	3.9503675817e-06	0.017669994193	0	0	3.9503675817e-06	0.000126411762615	4.34540433987e-05	0	7.90073516341e-06	0.00177766541177	0	7.90073516341e-06	1.18511027451e-05	0.00154064335686	1.18511027451e-05	0.000300227936209	0.000288376833464	0.00016196507085	3.9503675817e-06	0.00034763234719	7.90073516341e-06	0	0.00222800731608	3.9503675817e-06	0.000446391536732	0.00300622972968	0.00143003306458	0.0163821743613	1.18511027451e-05	1.18511027451e-05	3.9503675817e-06	8.69080867975e-05	0	3.9503675817e-06	6.32058813073e-05	0.000778222413596	0.000687363959216	0.000493795947713	9.08584543792e-05	0.000474044109804	3.16029406536e-05	3.55533082353e-05	0.000588604769674	0.000316029406536	5.92555137256e-05	3.16029406536e-05	0.000316029406536	0	1.97518379085e-05
0	0.000158014703268	0.0301176024429	0	0	3.9503675817e-06	1.97518379085e-05	0.00432960286955	0.000398987125752	5.92555137256e-05	0.000726867635033	5.13547785621e-05	1.18511027451e-05	1.18511027451e-05	0.000726867635033	0	4.34540433987e-05	0.00994307520315	3.16029406536e-05	0.000114560659869	1.58014703268e-05	0.00188037496889	5.92555137256e-05	0.0107726523953	0.000146163600523	0	0.00637589327687	0.0144820475545	0.00338151464994	3.9503675817e-06	0.00191197790954	0	0	0	0.000312079038955	0	0.00074266910536	0	0	7.90073516341e-06	0	3.9503675817e-06	0	1.18511027451e-05	3.16029406536e-05	0	3.9503675817e-06	3.9503675817e-06	0	3.9503675817e-06	3.9503675817e-06	1.18511027451e-05	3.55533082353e-05	0	0	3.9503675817e-06	0	0.000620207710327	3.9503675817e-05	3.9503675817e-06	0	0	0.00124831615582	7.90073516341e-06	7.90073516341e-06	0	0	0	0	2.76525730719e-05	0.00215295033203	9.08584543792e-05	0.000616257342746	0.000237022054902	1.58014703268e-05	3.9503675817e-06	3.9503675817e-06	7.90073516341e-05	3.55533082353e-05	2.76525730719e-05	1.97518379085e-05	3.9503675817e-06	3.9503675817e-06	3.9503675817e-06
0	0	0	0	0	0	0	0	0	0	0	0	0	0	0	0	0	0	0	0	0	0	0	0	0	0	0	0	0	0	0	0	0	0	0	0	0	0	0	0	0	0	0	0	0	0	0	0	0	0	0	0	0	0	0	0	0	0	0	0	0	0	0	0	0	0	0	0	0	0	0	0	0	0	0	0	0	0	0	0	0	0	0	0
3.9503675817e-06	0	0	0	0.0155407460664	7.50569840524e-05	0.000296277568628	0.000521448520785	0.000624158077909	0.00281266171817	0.00163150181124	9.48088219609e-05	0.00154459372445	0.000154064335686	2.37022054902e-05	0.000553051461438	7.90073516341e-06	0	1.97518379085e-05	4.34540433987e-05	0.00799554398537	1.18511027451e-05	0	7.90073516341e-06	0.00596110468079	7.90073516341e-06	0.000142213232941	0.000130362130196	0.00582284181543	7.50569840524e-05	0	0	0	1.18511027451e-05	0.000181716908758	0	7.90073516341e-06	0	0	0.000481944844968	0	9.08584543792e-05	0	0.000276525730719	0.00177766541177	0	2.76525730719e-05	0.000553051461438	1.58014703268e-05	0.000260724260392	1.97518379085e-05	0	3.9503675817e-06	0	3.9503675817e-06	8.29577192158e-05	0	3.9503675817e-06	0	0.000248873157647	0	3.9503675817e-06	7.90073516341e-06	0.00020936948183	0.000213319849412	3.9503675817e-06	0	1.58014703268e-05	3.9503675817e-06	9.48088219609e-05	0.000715016532288	0.00018566727634	0.00145373527007	0.000853279397648	0.000327880509281	3.9503675817e-06	0.000110610292288	0.000691314326798	3.9503675817e-06	7.90073516341e-05	3.9503675817e-06	0.00140633085909	0	1.58014703268e-05
0	0.00013826286536	3.9503675817e-06	0	7.50569840524e-05	0.00952433623949	0.0040372756685	5.53051461438e-05	0.00147348710798	0.00118906064209	0.00016196507085	1.18511027451e-05	0.000165915438432	0.000146163600523	0	0.0033894153851	1.58014703268e-05	3.9503675817e-06	3.9503675817e-06	7.90073516341e-06	3.55533082353e-05	0	9.87591895426e-05	3.55533082353e-05	0.000963889689936	1.18511027451e-05	7.50569840524e-05	0.000158014703268	0.00034763234719	1.18511027451e-05	1.18511027451e-05	0	0.000264674627974	3.9503675817e-06	1.58014703268e-05	3.9503675817e-06	7.90073516341e-06	0	0	2.37022054902e-05	0	1.58014703268e-05	0	9.87591895426e-05	1.58014703268e-05	0	0.000169865806013	7.90073516341e-06	7.90073516341e-05	6.7156248889e-05	3.9503675817e-06	1.18511027451e-05	0	0	0	1.58014703268e-05	0	1.58014703268e-05	1.18511027451e-05	3.55533082353e-05	3.9503675817e-06	0	2.37022054902e-05	2.37022054902e-05	5.92555137256e-05	7.90073516341e-06	3.9503675817e-06	1.97518379085e-05	0	0.000114560659869	0.000462193007059	0.000146163600523	0.00071896689987	0.000651810650981	0.00348027383948	0.00103104593882	1.58014703268e-05	3.9503675817e-06	0.000229121319739	0.000351582714772	8.29577192158e-05	3.9503675817e-06	1.18511027451e-05	0.000229121319739
0.00196728305569	7.90073516341e-05	1.97518379085e-05	0	0.000296277568628	0.0040372756685	0.0517893189961	0.0133680438965	0.0331238321726	0.00169075732497	0.0257247936921	0.00176581430902	0.0105119281349	0.000292327201046	0.00901473882145	0.00531324439739	2.76525730719e-05	2.37022054902e-05	0.000628108445491	0.00117325917177	0.00407282897674	8.29577192158e-05	0.000118511027451	6.32058813073e-05	0.00184877202824	3.9503675817e-05	0.000387136023007	0.000213319849412	0.00591765063739	0.00538435101386	0.0022240569485	7.90073516341e-06	7.11066164707e-05	0.000995492630589	0.00221615621334	0	1.58014703268e-05	0	0	3.9503675817e-05	0	3.55533082353e-05	0	0.00016196507085	0.000110610292288	0	0.00016196507085	0.000541200358693	7.90073516341e-05	0.000114560659869	0	7.90073516341e-06	0	0	0	9.48088219609e-05	0	1.18511027451e-05	1.58014703268e-05	0.000197518379085	0	3.9503675817e-06	2.37022054902e-05	0.000177766541177	0.000154064335686	0	1.18511027451e-05	2.37022054902e-05	3.9503675817e-06	0.000244922790066	0.0017697646766	0.000300227936209	0.00474439146563	0.00137867828601	0.00352372788288	0.00013826286536	9.87591895426e-05	0.000130362130196	0.00020936948183	0.000300227936209	7.90073516341e-06	0.000114560659869	0	0.000142213232941
0.00328670582798	1.58014703268e-05	0.00432960286955	0	0.000521448520785	5.53051461438e-05	0.0133680438965	0.065757818765	0.0172749574348	0.0033025072983	0.0324443689485	0.00178556614693	0.00013826286536	0.000217270216994	0.0133719942641	0.00069526469438	2.76525730719e-05	0.00243737679791	0.00074266910536	0.00146953674039	0.000181716908758	0.00270995216105	0	0.00284031429124	0.00522633631059	3.9503675817e-06	0.00167100548706	0.00113770586353	0.0283517881339	0.00969025167792	0.0121631817841	3.9503675817e-06	0	0.00174211210353	0.00432565250197	3.9503675817e-06	2.76525730719e-05	0	0	0.00183692092549	3.9503675817e-06	3.55533082353e-05	1.18511027451e-05	0.000304178303791	0.0013826286536	3.9503675817e-06	2.76525730719e-05	0.000197518379085	1.18511027451e-05	0.000106659924706	1.18511027451e-05	2.37022054902e-05	6.7156248889e-05	0	7.90073516341e-06	0.000173816173595	0	1.58014703268e-05	3.9503675817e-05	0.00270600179347	0	1.18511027451e-05	7.50569840524e-05	0.00215690069961	0.000154064335686	0	0	0.000106659924706	3.9503675817e-05	0.00055700182902	0.00223590805124	0.000410838228497	0.00772296862223	0.00200283636392	0.00037133455268	4.34540433987e-05	0.00016196507085	0.000213319849412	3.9503675817e-05	0.000422689331242	8.69080867975e-05	7.50569840524e-05	2.76525730719e-05	5.13547785621e-05
0.00251243378196	3.55533082353e-05	0.000398987125752	0	0.000624158077909	0.00147348710798	0.0331238321726	0.0172749574348	0.0524806333229	0.000596505504837	0.0269415069072	0.00306943561098	0.00808640243975	0.000387136023007	0.0160898471603	0.00158409740026	7.50569840524e-05	0.000335781244445	0.00137472791843	0.00186062313098	0.00527769108916	0.000268624995556	3.9503675817e-05	0.000304178303791	0.00111795402562	2.76525730719e-05	0.000778222413596	0.000154064335686	0.00541200358693	0.0066287168021	0.00251243378196	7.90073516341e-06	3.55533082353e-05	0.00113770586353	0.00322349994667	0	2.37022054902e-05	0	0	4.34540433987e-05	0	4.74044109804e-05	0	0.000201468746667	2.76525730719e-05	0	0.000134312497778	0.000462193007059	5.92555137256e-05	0.000134312497778	0	1.18511027451e-05	0	0	3.9503675817e-06	0.000130362130196	0	1.18511027451e-05	1.97518379085e-05	0.000193568011503	0	3.9503675817e-06	3.55533082353e-05	0.000205419114249	0.000177766541177	0	1.18511027451e-05	4.34540433987e-05	3.9503675817e-06	0.000316029406536	0.00162755144366	0.000493795947713	0.00843008441936	0.00212529775896	0.00231491540288	4.74044109804e-05	0.000268624995556	0.000102709557124	0.000142213232941	0.000276525730719	1.18511027451e-05	1.18511027451e-05	0	0.000122461395033
2.37022054902e-05	0.00452317088105	5.92555137256e-05	0	0.00281266171817	0.00118906064209	0.00169075732497	0.0033025072983	0.000596505504837	0.0482023852319	0.00131942277229	0.000118511027451	0.00385555875974	0.000541200358693	0.000434540433987	0.00497746315295	0.00343681979608	0.000335781244445	4.34540433987e-05	0.000110610292288	0.00146558637281	0.000288376833464	0.0063047866604	0.000900683808628	0.0352372788288	0.00206604224523	0.00156039519477	0.00486685286066	0.0171524960398	0.00034763234719	0.000189617643922	7.90073516341e-06	3.9503675817e-06	1.97518379085e-05	7.11066164707e-05	8.29577192158e-05	0.000612306975164	5.92555137256e-05	0	0.00518288226719	0.000146163600523	0.000553051461438	0.000165915438432	0.00216085106719	0.0162755144366	3.9503675817e-06	0.000118511027451	0.00109425182013	1.97518379085e-05	0.00117325917177	0.000244922790066	0.00124041542065	6.32058813073e-05	2.76525730719e-05	0.000355533082353	0.000659711386144	0.00283636392366	0.00450341904314	0.0025045330468	0.00914115058406	0.000169865806013	0.000537249991112	0.000861180132811	0.00890412852916	0.00124041542065	0.000221220584575	1.58014703268e-05	0.000470093742223	0.00171050916288	0.00451922051347	0.004448113897	0.000726867635033	0.000675512856471	0.000560952196602	0.0039503675817	0.000102709557124	1.58014703268e-05	0.0062178785736	0.0020502407749	0.00378840251085	0.00124041542065	0.00180136761726	0.000699215061962	5.92555137256e-05
0.00201073709909	7.90073516341e-06	0.000726867635033	0	0.00163150181124	0.00016196507085	0.0257247936921	0.0324443689485	0.0269415069072	0.00131942277229	0.0767200888043	0.0048589521255	0.0128702975812	0.000699215061962	0.0139566486662	0.000675512856471	7.90073516341e-05	0.00071896689987	0.00203838967216	0.0039503675817	0.0126411762615	0.000339731612026	3.9503675817e-06	0.000477994477386	0.00143398343216	1.58014703268e-05	0.00146953674039	0.000612306975164	0.0184166136659	0.0104842755618	0.00338151464994	7.90073516341e-06	0	0.00162360107608	0.00700005135478	0	1.58014703268e-05	0	0	0.000576753666929	0	7.11066164707e-05	0	0.000379235287844	0.000181716908758	3.9503675817e-06	7.90073516341e-05	0.000418738963661	1.97518379085e-05	0.000229121319739	3.9503675817e-06	3.9503675817e-06	5.53051461438e-05	0	7.90073516341e-06	0.00055700182902	0	1.58014703268e-05	3.9503675817e-05	0.000983641527844	0	7.90073516341e-06	6.32058813073e-05	0.00111005329046	0.000240972422484	0	1.18511027451e-05	9.48088219609e-05	7.90073516341e-06	0.000477994477386	0.00503671866667	0.000841428294903	0.0170418857475	0.0054831102034	0.00158804776784	0.000106659924706	0.00085722976523	0.000150113968105	5.92555137256e-05	0.000316029406536	3.9503675817e-05	0.000173816173595	7.90073516341e-06	0.000118511027451
0.000146163600523	0.000359483449935	5.13547785621e-05	0	9.48088219609e-05	1.18511027451e-05	0.00176581430902	0.00178556614693	0.00306943561098	0.000118511027451	0.0048589521255	0.0274471539577	0.00114560659869	0.00539225174903	0.00170260842771	3.9503675817e-05	2.37022054902e-05	7.90073516341e-05	0.00622972967635	0.00696054767896	0.000501696682876	0.000134312497778	5.92555137256e-05	0.000252823525229	0.00013826286536	0.00160384923817	0.00331040803347	0.000983641527844	0.00144978490249	0.00204234003974	0.000114560659869	5.92555137256e-05	0.000335781244445	5.53051461438e-05	0.00909374617308	0	0.00018566727634	0	0	2.37022054902e-05	0	0	0	1.58014703268e-05	3.9503675817e-06	0	0.000450341904314	0	0.000944137852027	7.90073516341e-06	0	0	0	1.18511027451e-05	4.34540433987e-05	7.90073516341e-06	0	3.55533082353e-05	7.90073516341e-06	2.37022054902e-05	0.000600455872419	0.000181716908758	0.000280476098301	8.29577192158e-05	7.90073516341e-06	0	4.74044109804e-05	7.90073516341e-06	0	1.58014703268e-05	0.00238207165177	0.00435330507504	0.0121118270055	0.00121276284758	0.000154064335686	2.76525730719e-05	0.00102314520366	3.9503675817e-06	0.000327880509281	1.58014703268e-05	0	0	0	3.9503675817e-06
0.000106659924706	0.000367384185098	1.18511027451e-05	0	0.00154459372445	0.000165915438432	0.0105119281349	0.00013826286536	0.00808640243975	0.00385555875974	0.0128702975812	0.00114560659869	0.0304454829522	0.000181716908758	0.000770321678432	0.00277710840994	5.13547785621e-05	1.97518379085e-05	0.000604406240001	0.000801924619086	0.00980876270537	0.000110610292288	0.000474044109804	9.87591895426e-05	0.0031958473736	7.11066164707e-05	0.000201468746667	0.000391086390589	0.00124436578824	0.000687363959216	2.76525730719e-05	3.9503675817e-06	0	0	0.00122461395033	0	1.97518379085e-05	0	0	1.97518379085e-05	0	2.76525730719e-05	0	7.90073516341e-05	0.000150113968105	0	2.37022054902e-05	0.000762420943269	0	8.69080867975e-05	3.9503675817e-06	0	0	0	3.9503675817e-06	3.16029406536e-05	0	1.18511027451e-05	3.9503675817e-06	7.90073516341e-05	7.90073516341e-06	3.9503675817e-06	1.58014703268e-05	6.32058813073e-05	6.7156248889e-05	0	0	7.90073516341e-06	3.9503675817e-06	3.9503675817e-05	0.000778222413596	0.000237022054902	0.00392271500863	0.000900683808628	0.000754520208105	3.9503675817e-06	0.00018566727634	0.00016196507085	1.97518379085e-05	3.16029406536e-05	0	0.000130362130196	0	1.97518379085e-05
1.18511027451e-05	0.00194753121778	1.18511027451e-05	0	0.000154064335686	0.000146163600523	0.000292327201046	0.000217270216994	0.000387136023007	0.000541200358693	0.000699215061962	0.00539225174903	0.000181716908758	0.0213793893522	0.000521448520785	1.97518379085e-05	7.11066164707e-05	0.000106659924706	7.50569840524e-05	1.58014703268e-05	0.000406887860915	9.87591895426e-05	0.000592555137256	5.13547785621e-05	0.00018566727634	0.00696844841412	0.00395431794929	0.00590184916706	0.000794023883922	0.000319979774118	7.50569840524e-05	0.000181716908758	7.90073516341e-06	7.90073516341e-06	0.000932286749282	0	0.00102314520366	0	0	2.37022054902e-05	0	8.29577192158e-05	0	0.00016196507085	7.50569840524e-05	0	0.000833527559739	4.34540433987e-05	0.00637589327687	0.000150113968105	3.9503675817e-06	0	0	3.9503675817e-06	0.000233071687321	8.69080867975e-05	0	7.90073516341e-05	7.90073516341e-06	0.000106659924706	0.00229516356497	0.00150904041621	0.00316029406536	0.000126411762615	8.69080867975e-05	0	0.00216480143477	1.18511027451e-05	0	0.000110610292288	0.00112980512837	0.00513547785621	0.0037567995702	0.002030488937	0.000300227936209	5.13547785621e-05	0.00115350733386	3.55533082353e-05	0.000845378662485	0.000446391536732	3.9503675817e-06	7.90073516341e-06	0	0.00090463417621
0.00571618189072	0	0.000726867635033	0	2.37022054902e-05	0	0.00901473882145	0.0133719942641	0.0160898471603	0.000434540433987	0.0139566486662	0.00170260842771	0.000770321678432	0.000521448520785	0.0320848854986	7.50569840524e-05	0	0.000730818002615	8.69080867975e-05	0.000217270216994	0.000576753666929	6.7156248889e-05	0	0.000272575363138	0.0009283363817	7.90073516341e-06	0.000659711386144	7.11066164707e-05	0.00240577385726	0.00434145397229	0.00483129955242	7.90073516341e-06	0.000667612121308	0.00048589521255	0.00248873157647	0	3.9503675817e-06	0	0	3.55533082353e-05	0	3.16029406536e-05	0	0.000150113968105	1.58014703268e-05	0	3.9503675817e-06	0.000146163600523	3.9503675817e-06	7.50569840524e-05	0	0	5.53051461438e-05	0	0	0.000102709557124	0	3.9503675817e-06	0	0.000118511027451	0	3.9503675817e-06	1.58014703268e-05	0.000177766541177	0.000110610292288	0	3.9503675817e-06	3.9503675817e-05	0	0.000280476098301	0.000525398888367	0.000244922790066	0.0033894153851	0.000501696682876	0.000434540433987	3.9503675817e-06	4.34540433987e-05	5.92555137256e-05	1.18511027451e-05	0.00013826286536	1.18511027451e-05	0	3.9503675817e-06	1.58014703268e-05
1.97518379085e-05	0.000809825354249	0	0	0.000553051461438	0.0033894153851	0.00531324439739	0.00069526469438	0.00158409740026	0.00497746315295	0.000675512856471	3.9503675817e-05	0.00277710840994	1.97518379085e-05	7.50569840524e-05	0.0142213232941	3.9503675817e-05	4.74044109804e-05	1.18511027451e-05	7.90073516341e-06	8.69080867975e-05	4.74044109804e-05	0.000639959548236	4.34540433987e-05	0.00440070948602	0.000102709557124	0.00018566727634	0.000837477927321	0.00217665253752	4.74044109804e-05	7.11066164707e-05	0	0	0	4.74044109804e-05	1.58014703268e-05	6.7156248889e-05	0	0	0.000130362130196	0	0.000114560659869	1.97518379085e-05	0.0003239301417	0.000154064335686	0	0.000142213232941	6.32058813073e-05	0	0.000252823525229	0	1.97518379085e-05	3.9503675817e-06	3.9503675817e-06	2.76525730719e-05	0.000106659924706	3.9503675817e-06	3.9503675817e-06	5.92555137256e-05	0.00020936948183	1.18511027451e-05	3.55533082353e-05	8.29577192158e-05	0.000240972422484	0.000351582714772	0	1.97518379085e-05	3.9503675817e-05	0	0.00108635108497	0.000221220584575	3.9503675817e-05	0.000154064335686	6.32058813073e-05	0.00339336575268	4.74044109804e-05	0	0.000576753666929	0.000165915438432	0.000430590066406	4.34540433987e-05	7.50569840524e-05	0	7.90073516341e-06
0	0.000553051461438	4.34540433987e-05	0	7.90073516341e-06	1.58014703268e-05	2.76525730719e-05	2.76525730719e-05	7.50569840524e-05	0.00343681979608	7.90073516341e-05	2.37022054902e-05	5.13547785621e-05	7.11066164707e-05	0	3.9503675817e-05	0.019898001509	0.000134312497778	1.18511027451e-05	7.50569840524e-05	5.13547785621e-05	0.00270600179347	0.00978901086746	0.00778617450354	0.00491820763922	7.90073516341e-06	0.000458242639478	0.00330645766589	0.0043612058102	0	3.16029406536e-05	0	0	0	3.9503675817e-05	0	9.87591895426e-05	9.87591895426e-05	0	3.9503675817e-06	0	0	3.9503675817e-06	7.90073516341e-06	0.000205419114249	0	1.58014703268e-05	7.90073516341e-06	1.58014703268e-05	0	0	0.00299437862693	2.76525730719e-05	0	1.18511027451e-05	3.9503675817e-06	0.0038002536136	0.00704745576576	0.00581099071269	0.000130362130196	3.9503675817e-06	1.97518379085e-05	0.000205419114249	0.00141818196183	0	6.7156248889e-05	0	3.9503675817e-06	3.9503675817e-06	1.58014703268e-05	0.00203443930458	0.000762420943269	0.000466143374641	0.000596505504837	5.13547785621e-05	0	3.9503675817e-06	5.13547785621e-05	4.34540433987e-05	4.74044109804e-05	2.37022054902e-05	3.9503675817e-06	7.90073516341e-06	2.76525730719e-05
0	0.00374099809987	0.00994307520315	0	0	3.9503675817e-06	2.37022054902e-05	0.00243737679791	0.000335781244445	0.000335781244445	0.00071896689987	7.90073516341e-05	1.97518379085e-05	0.000106659924706	0.000730818002615	4.74044109804e-05	0.000134312497778	0.036141913005	2.37022054902e-05	0.00343681979608	7.90073516341e-06	0.0022240569485	6.32058813073e-05	0.00958359175321	0.000304178303791	0.000304178303791	0.0126095733208	0.00769136568158	0.00176186394144	1.58014703268e-05	0.00511572601831	0	0	0	0.00672352562406	3.9503675817e-06	0.00813380685073	3.9503675817e-06	0	3.16029406536e-05	4.74044109804e-05	1.97518379085e-05	0	3.9503675817e-06	0.00107449998222	0	3.9503675817e-06	2.37022054902e-05	0.000608356607582	1.18511027451e-05	0.000110610292288	0.000205419114249	0.00131942277229	0	0.000454292271896	1.97518379085e-05	7.90073516341e-06	0.00110610292288	0.000106659924706	0.000264674627974	0.00154854409203	0.0016631047519	0.00468908631948	5.92555137256e-05	1.58014703268e-05	0	1.18511027451e-05	3.9503675817e-06	1.58014703268e-05	0.000189617643922	0.00208579408314	0.00300622972968	0.00327090435765	0.000205419114249	1.58014703268e-05	3.9503675817e-06	7.90073516341e-06	0.00189617643922	0.00126016725856	0.000240972422484	0.000102709557124	0.000118511027451	0	1.18511027451e-05
2.76525730719e-05	3.9503675817e-05	3.16029406536e-05	0	1.97518379085e-05	3.9503675817e-06	0.000628108445491	0.00074266910536	0.00137472791843	4.34540433987e-05	0.00203838967216	0.00622972967635	0.000604406240001	7.50569840524e-05	8.69080867975e-05	1.18511027451e-05	1.18511027451e-05	2.37022054902e-05	0.00921620756811	0.00346447236915	0.00020936948183	3.9503675817e-05	0	5.92555137256e-05	7.50569840524e-05	7.90073516341e-06	0.0031089392868	0.000940187484445	0.000521448520785	0.000438490801569	2.76525730719e-05	3.9503675817e-06	0	2.76525730719e-05	0.00205814151007	0	0.000146163600523	0	0	1.58014703268e-05	0	0	0	3.9503675817e-06	0	0	0	0	3.55533082353e-05	3.9503675817e-06	0	0	0	0	1.18511027451e-05	3.9503675817e-06	0	7.90073516341e-06	3.9503675817e-06	1.58014703268e-05	4.34540433987e-05	7.90073516341e-05	0.000165915438432	5.13547785621e-05	3.9503675817e-06	0	3.9503675817e-06	3.9503675817e-06	0	3.9503675817e-06	0.000703165429543	0.000778222413596	0.00357113229386	0.000363433817517	5.13547785621e-05	3.9503675817e-06	3.9503675817e-06	3.9503675817e-06	0	3.9503675817e-06	0	0	0	0
1.97518379085e-05	6.32058813073e-05	0.000114560659869	0	4.34540433987e-05	7.90073516341e-06	0.00117325917177	0.00146953674039	0.00186062313098	0.000110610292288	0.0039503675817	0.00696054767896	0.000801924619086	1.58014703268e-05	0.000217270216994	7.90073516341e-06	7.50569840524e-05	0.00343681979608	0.00346447236915	0.0214386448659	0.00018566727634	0.00039503675817	0	0.000600455872419	0.000248873157647	0	0.00367384185098	0.000754520208105	0.00135497608052	0.00100339336575	0.000758470575687	0	0	2.76525730719e-05	0.00981271307295	0	0.000655761018563	0	0	2.76525730719e-05	0	0	0	7.90073516341e-06	0	0	0	7.90073516341e-06	3.9503675817e-06	3.9503675817e-06	0	4.34540433987e-05	1.18511027451e-05	0	8.29577192158e-05	7.90073516341e-06	0	8.29577192158e-05	7.11066164707e-05	2.76525730719e-05	1.18511027451e-05	0.00048589521255	0.000327880509281	9.08584543792e-05	7.90073516341e-06	0	0	3.9503675817e-06	0	0.000102709557124	0.00487475359582	0.00159989887059	0.0117839464962	0.00102314520366	7.90073516341e-05	0	0	4.74044109804e-05	3.55533082353e-05	0.000110610292288	1.18511027451e-05	3.9503675817e-06	0	0
4.74044109804e-05	0	1.58014703268e-05	0	0.00799554398537	3.55533082353e-05	0.00407282897674	0.000181716908758	0.00527769108916	0.00146558637281	0.0126411762615	0.000501696682876	0.00980876270537	0.000406887860915	0.000576753666929	8.69080867975e-05	5.13547785621e-05	7.90073516341e-06	0.00020936948183	0.00018566727634	0.0236706025496	0.000114560659869	3.9503675817e-06	0.000114560659869	0.00242552569517	7.90073516341e-06	0.000272575363138	0.000225170952157	0.00638379401203	0.000564902564184	1.97518379085e-05	3.9503675817e-06	0	0	0.000608356607582	0	0	0	0	0.00050959741804	0	5.92555137256e-05	0	0.000351582714772	0.000900683808628	0	7.90073516341e-05	0.000778222413596	1.97518379085e-05	0.000343681979608	3.9503675817e-06	0	0	0	0	0.000284426465883	0	3.9503675817e-06	3.9503675817e-06	0.000398987125752	0	0	0	0.000466143374641	0.000280476098301	0	3.9503675817e-06	2.76525730719e-05	7.90073516341e-06	0.000142213232941	0.00242947606275	0.000430590066406	0.00624948151425	0.0025479870902	0.000691314326798	5.13547785621e-05	0.000410838228497	0.000513547785621	2.37022054902e-05	0.000110610292288	0	0.000873031235556	0	8.69080867975e-05
0	1.58014703268e-05	0.00188037496889	0	1.18511027451e-05	0	8.29577192158e-05	0.00270995216105	0.000268624995556	0.000288376833464	0.000339731612026	0.000134312497778	0.000110610292288	9.87591895426e-05	6.7156248889e-05	4.74044109804e-05	0.00270600179347	0.0022240569485	3.9503675817e-05	0.00039503675817	0.000114560659869	0.0372480159279	0.000592555137256	0.019605674308	0.000264674627974	3.9503675817e-06	0.000481944844968	0.000616257342746	0.01329693728	0.000189617643922	0.0116022295875	0	0	4.34540433987e-05	0.00614282158955	3.9503675817e-06	5.53051461438e-05	3.9503675817e-05	0	7.90073516341e-06	0	0	0	1.18511027451e-05	1.97518379085e-05	0	3.16029406536e-05	7.90073516341e-06	2.76525730719e-05	3.9503675817e-06	0	0.00018566727634	2.37022054902e-05	0	0	3.9503675817e-06	0.000351582714772	0.000892783073465	0.000940187484445	2.37022054902e-05	0	1.18511027451e-05	7.50569840524e-05	0.000150113968105	7.90073516341e-06	2.76525730719e-05	0	0	0	2.76525730719e-05	0.00547915983582	0.00170260842771	0.00495771131504	0.00284031429124	0.000442441169151	0	1.58014703268e-05	5.53051461438e-05	5.53051461438e-05	5.92555137256e-05	7.90073516341e-06	0	0	4.34540433987e-05
0	0.00538830138144	5.92555137256e-05	0	0	9.87591895426e-05	0.000118511027451	0	3.9503675817e-05	0.0063047866604	3.9503675817e-06	5.92555137256e-05	0.000474044109804	0.000592555137256	0	0.000639959548236	0.00978901086746	6.32058813073e-05	0	0	3.9503675817e-06	0.000592555137256	0.0289561943739	0.0103894667399	0.00754125171347	0.00201073709909	0.00169075732497	0.0108477093794	5.13547785621e-05	0	0	0	0	0	0	0	0.000892783073465	0	0	0	0	0	0	0	5.92555137256e-05	0	0	0	3.9503675817e-06	0	0	0.00598480688628	0	0	5.92555137256e-05	0	0.00165915438432	0.0136919740382	0.00998652924655	6.32058813073e-05	0.00013826286536	0.000126411762615	0.00365013964549	7.90073516341e-05	0	0	0	0	0	0	0.000158014703268	0.00013826286536	1.18511027451e-05	7.90073516341e-06	0.000450341904314	0	0	7.90073516341e-06	4.34540433987e-05	0	0	0	0	0
0	0.000150113968105	0.0107726523953	0	7.90073516341e-06	3.55533082353e-05	6.32058813073e-05	0.00284031429124	0.000304178303791	0.000900683808628	0.000477994477386	0.000252823525229	9.87591895426e-05	5.13547785621e-05	0.000272575363138	4.34540433987e-05	0.00778617450354	0.00958359175321	5.92555137256e-05	0.000600455872419	0.000114560659869	0.019605674308	0.0103894667399	0.0655840025914	0.000592555137256	0	0.000948088219609	0.00951643550432	0.00648255320158	0.000173816173595	0.00597690615112	0	0	0	0.00494586021229	0	0.000213319849412	2.76525730719e-05	0	2.37022054902e-05	3.9503675817e-06	0	0	7.90073516341e-06	9.08584543792e-05	0	1.97518379085e-05	3.16029406536e-05	1.58014703268e-05	3.9503675817e-06	0	0.00741879031844	5.13547785621e-05	0	1.18511027451e-05	2.76525730719e-05	0.00173816173595	0.0143516854243	0.0131231211064	0.000114560659869	0	3.16029406536e-05	0.00410443191739	0.000134312497778	1.97518379085e-05	1.18511027451e-05	0	0	0	6.7156248889e-05	0.0109859722447	0.00324720215216	0.00261119297151	0.00190407717438	0.00112980512837	3.9503675817e-06	7.90073516341e-06	0.000426639698824	0.000106659924706	7.50569840524e-05	7.90073516341e-05	7.90073516341e-06	0	1.97518379085e-05
0.000841428294903	0.00306943561098	0.000146163600523	0	0.00596110468079	0.000963889689936	0.00184877202824	0.00522633631059	0.00111795402562	0.0352372788288	0.00143398343216	0.00013826286536	0.0031958473736	0.00018566727634	0.0009283363817	0.00440070948602	0.00491820763922	0.000304178303791	7.50569840524e-05	0.000248873157647	0.00242552569517	0.000264674627974	0.00754125171347	0.000592555137256	0.0614558684686	0.000616257342746	0.00116140806902	0.00494190984471	0.0288692862871	0.00119696137726	0.0023544190787	7.90073516341e-06	0	0	0.000106659924706	7.11066164707e-05	0.000624158077909	0.000130362130196	0	0.00518288226719	0.000134312497778	0.000118511027451	9.08584543792e-05	0.000786123148759	0.0145452534358	3.9503675817e-06	7.11066164707e-05	0.000391086390589	1.58014703268e-05	0.000402937493334	0.00020936948183	0.000829577192158	6.7156248889e-05	2.37022054902e-05	0.000355533082353	0.00018566727634	0.00203838967216	0.00357508266144	0.00173026100079	0.00896338404289	7.11066164707e-05	0.000497746315295	0.000983641527844	0.00841823331661	0.000505647050458	0.000268624995556	3.9503675817e-06	0.000201468746667	0.00163940254641	0.00223985841883	0.00644699989334	0.00135892644811	0.0009283363817	0.00067156248889	0.00346052200157	4.34540433987e-05	7.11066164707e-05	0.00468118558432	0.00174211210353	0.0025479870902	0.0011219043932	0.00136287681569	0.000592555137256	3.55533082353e-05
0	0.00430590066406	0	0	7.90073516341e-06	1.18511027451e-05	3.9503675817e-05	3.9503675817e-06	2.76525730719e-05	0.00206604224523	1.58014703268e-05	0.00160384923817	7.11066164707e-05	0.00696844841412	7.90073516341e-06	0.000102709557124	7.90073516341e-06	0.000304178303791	7.90073516341e-06	0	7.90073516341e-06	3.9503675817e-06	0.00201073709909	0	0.000616257342746	0.0136445696272	0.00278105877752	0.00672352562406	1.18511027451e-05	3.9503675817e-06	0	3.9503675817e-05	0	0	4.74044109804e-05	0	0.00120091174484	0	0	0	0	0	0	3.9503675817e-06	0.000102709557124	0	0.00048589521255	0	0.00286006612915	0	7.90073516341e-06	0	0	3.9503675817e-06	0.000118511027451	0	0	0.000102709557124	0	1.58014703268e-05	0.00420319110693	0.000410838228497	0.00339731612026	0	0	0	0.00034763234719	0	0	3.9503675817e-06	1.18511027451e-05	0.000327880509281	0.000154064335686	4.34540433987e-05	7.90073516341e-05	0	0.000955988954772	0	0.000177766541177	7.90073516341e-06	0	7.90073516341e-06	0	5.92555137256e-05
4.74044109804e-05	0.0114521156194	0.00637589327687	0	0.000142213232941	7.50569840524e-05	0.000387136023007	0.00167100548706	0.000778222413596	0.00156039519477	0.00146953674039	0.00331040803347	0.000201468746667	0.00395431794929	0.000659711386144	0.00018566727634	0.000458242639478	0.0126095733208	0.0031089392868	0.00367384185098	0.000272575363138	0.000481944844968	0.00169075732497	0.000948088219609	0.00116140806902	0.00278105877752	0.0643909915818	0.025554927886	0.00165520401673	0.000438490801569	0.000600455872419	0.000545150726275	1.58014703268e-05	1.18511027451e-05	0.00151299078379	3.9503675817e-06	0.018689189029	7.90073516341e-06	0	2.76525730719e-05	0.000130362130196	3.55533082353e-05	0	2.37022054902e-05	0.00158409740026	0	1.18511027451e-05	3.55533082353e-05	0.00245317826824	3.16029406536e-05	0.000272575363138	0.000225170952157	0.000387136023007	5.53051461438e-05	0.0029785771566	2.37022054902e-05	0	0.00188827570405	0.000114560659869	0.000406887860915	0.00720152010145	0.0103065090207	0.015931832457	0.000106659924706	3.16029406536e-05	0	0.000351582714772	7.90073516341e-06	7.90073516341e-06	0.000146163600523	0.00691709363556	0.00839058074354	0.00411233265255	0.000821676456994	0.000154064335686	2.37022054902e-05	2.76525730719e-05	0.00143003306458	0.00101129410092	0.00020936948183	6.7156248889e-05	0.000316029406536	3.9503675817e-06	2.37022054902e-05
0	0.0191000272575	0.0144820475545	0	0.000130362130196	0.000158014703268	0.000213319849412	0.00113770586353	0.000154064335686	0.00486685286066	0.000612306975164	0.000983641527844	0.000391086390589	0.00590184916706	7.11066164707e-05	0.000837477927321	0.00330645766589	0.00769136568158	0.000940187484445	0.000754520208105	0.000225170952157	0.000616257342746	0.0108477093794	0.00951643550432	0.00494190984471	0.00672352562406	0.025554927886	0.0892427540383	0.00290352017255	5.13547785621e-05	0.00053329962353	0.000126411762615	0	0	0.000979691160262	1.97518379085e-05	0.0159120806191	2.37022054902e-05	0	8.69080867975e-05	3.16029406536e-05	0.000177766541177	0	0.000327880509281	0.000955988954772	0	4.34540433987e-05	0.000106659924706	0.00247688047373	0.000292327201046	0.000122461395033	0.00102314520366	0.000240972422484	3.9503675817e-06	0.00197913415843	9.08584543792e-05	1.58014703268e-05	0.00666031974275	0.00190407717438	0.000229121319739	0.0060243105621	0.00568457895007	0.0224696908047	0.00020936948183	0.000221220584575	2.76525730719e-05	0.000912534911374	3.55533082353e-05	7.90073516341e-06	0.00050959741804	0.0145887074792	0.00399777199268	0.00316029406536	0.00108240071739	0.000553051461438	5.92555137256e-05	2.76525730719e-05	0.00154064335686	0.000564902564184	0.000339731612026	9.48088219609e-05	0.000118511027451	3.16029406536e-05	2.76525730719e-05
0.00100734373333	0.000114560659869	0.00338151464994	0	0.00582284181543	0.00034763234719	0.00591765063739	0.0283517881339	0.00541200358693	0.0171524960398	0.0184166136659	0.00144978490249	0.00124436578824	0.000794023883922	0.00240577385726	0.00217665253752	0.0043612058102	0.00176186394144	0.000521448520785	0.00135497608052	0.00638379401203	0.01329693728	5.13547785621e-05	0.00648255320158	0.0288692862871	1.18511027451e-05	0.00165520401673	0.00290352017255	0.0892901584492	0.00402542456576	0.00844983625726	3.9503675817e-06	0	0.000738718737779	0.00532904586772	4.74044109804e-05	0.000493795947713	0.000193568011503	0	0.00352767825046	0.000102709557124	0.000205419114249	8.29577192158e-05	0.00071896689987	0.0110649795964	0	0.000114560659869	0.000991542263008	4.74044109804e-05	0.000406887860915	0.000205419114249	0.000908584543792	0.000114560659869	2.76525730719e-05	0.000296277568628	0.000450341904314	0.00158409740026	0.0028719172319	0.00136682718327	0.00619022600053	0	0.000422689331242	0.000948088219609	0.00624158077909	0.000422689331242	0.000256773892811	7.90073516341e-06	0.000150113968105	0.000663661753726	0.00146953674039	0.0128505457433	0.00352767825046	0.0142173729266	0.00704350539818	0.00150904041621	8.29577192158e-05	0.000541200358693	0.00434540433987	0.00175001283869	0.00181321872	0.000817726089413	0.00186062313098	0.000367384185098	0.000197518379085
0.00361853670484	0	3.9503675817e-06	0	7.50569840524e-05	1.18511027451e-05	0.00538435101386	0.00969025167792	0.0066287168021	0.00034763234719	0.0104842755618	0.00204234003974	0.000687363959216	0.000319979774118	0.00434145397229	4.74044109804e-05	0	1.58014703268e-05	0.000438490801569	0.00100339336575	0.000564902564184	0.000189617643922	0	0.000173816173595	0.00119696137726	3.9503675817e-06	0.000438490801569	5.13547785621e-05	0.00402542456576	0.0241169940863	0.00701585282511	3.9503675817e-06	7.90073516341e-06	0.0039503675817	0.00374889883504	0	0	0	0	5.53051461438e-05	3.9503675817e-06	1.58014703268e-05	0	0.000134312497778	1.18511027451e-05	0	7.90073516341e-06	7.11066164707e-05	7.90073516341e-06	4.34540433987e-05	0	3.9503675817e-06	0	0	7.90073516341e-06	7.50569840524e-05	0	0	3.9503675817e-06	0.00013826286536	0	7.90073516341e-06	7.90073516341e-06	0.000201468746667	5.92555137256e-05	0	3.9503675817e-06	3.16029406536e-05	3.9503675817e-06	0.00018566727634	0.000375284920262	8.69080867975e-05	0.00410048154981	0.0003239301417	0.000244922790066	7.90073516341e-06	4.34540433987e-05	4.74044109804e-05	7.90073516341e-06	0.00013826286536	1.58014703268e-05	0	1.18511027451e-05	3.9503675817e-06
0.00360273523451	5.13547785621e-05	0.00191197790954	0	0	1.18511027451e-05	0.0022240569485	0.0121631817841	0.00251243378196	0.000189617643922	0.00338151464994	0.000114560659869	2.76525730719e-05	7.50569840524e-05	0.00483129955242	7.11066164707e-05	3.16029406536e-05	0.00511572601831	2.76525730719e-05	0.000758470575687	1.97518379085e-05	0.0116022295875	0	0.00597690615112	0.0023544190787	0	0.000600455872419	0.00053329962353	0.00844983625726	0.00701585282511	0.0426876720879	0	0	0.00161570034092	0.0102907075503	0	7.11066164707e-05	3.9503675817e-06	0	3.9503675817e-06	0	0	0	0	0.000130362130196	0	0	1.58014703268e-05	0	0	0	3.9503675817e-06	5.92555137256e-05	0	3.9503675817e-06	3.9503675817e-06	1.18511027451e-05	1.58014703268e-05	7.90073516341e-06	7.90073516341e-06	0	7.90073516341e-06	9.08584543792e-05	2.76525730719e-05	3.9503675817e-06	3.9503675817e-06	0	0	0	2.37022054902e-05	0.000517498153203	0.000252823525229	0.00537249991112	0.00148138784314	3.16029406536e-05	1.18511027451e-05	3.9503675817e-05	0.000106659924706	3.16029406536e-05	3.9503675817e-05	2.37022054902e-05	3.9503675817e-06	1.18511027451e-05	1.58014703268e-05
0	3.9503675817e-06	0	0	0	0	7.90073516341e-06	3.9503675817e-06	7.90073516341e-06	7.90073516341e-06	7.90073516341e-06	5.92555137256e-05	3.9503675817e-06	0.000181716908758	7.90073516341e-06	0	0	0	3.9503675817e-06	0	3.9503675817e-06	0	0	0	7.90073516341e-06	3.9503675817e-05	0.000545150726275	0.000126411762615	3.9503675817e-06	3.9503675817e-06	0	0.000608356607582	0	0	7.90073516341e-06	0	7.90073516341e-06	0	0	0	0	0	0	0	3.9503675817e-06	0	0	0	0.000122461395033	0	0	0	0	7.90073516341e-06	6.32058813073e-05	0	0	3.9503675817e-06	0	0	9.87591895426e-05	0.00016196507085	0.000142213232941	7.90073516341e-06	0	0	3.16029406536e-05	0	0	0	1.18511027451e-05	9.48088219609e-05	4.34540433987e-05	7.90073516341e-06	0	0	0	0	0	0	0	0	0	0
0	0	0	0	0	0.000264674627974	7.11066164707e-05	0	3.55533082353e-05	3.9503675817e-06	0	0.000335781244445	0	7.90073516341e-06	0.000667612121308	0	0	0	0	0	0	0	0	0	0	0	1.58014703268e-05	0	0	7.90073516341e-06	0	0	0.00123646505307	0	0.000438490801569	0	0	0	0	0	0	0	0	0	0	0	0	0	0	0	0	0	0	0	0	0	0	0	0	0	0	0	0	0	0	0	0	0	0	0	0	6.32058813073e-05	0.000383185655425	0	3.9503675817e-06	7.90073516341e-05	3.16029406536e-05	0	0	0	0	0	0	0
0.000122461395033	0	0	0	1.18511027451e-05	3.9503675817e-06	0.000995492630589	0.00174211210353	0.00113770586353	1.97518379085e-05	0.00162360107608	5.53051461438e-05	0	7.90073516341e-06	0.00048589521255	0	0	0	2.76525730719e-05	2.76525730719e-05	0	4.34540433987e-05	0	0	0	0	1.18511027451e-05	0	0.000738718737779	0.0039503675817	0.00161570034092	0	0	0.00431380139922	0.000379235287844	0	0	0	0	3.9503675817e-06	3.9503675817e-06	0	0	0	3.9503675817e-06	0	0	7.90073516341e-06	0	0	0	0	0	0	0	3.9503675817e-06	0	0	0	0	0	0	0	3.9503675817e-06	3.9503675817e-06	0	0	0	0	7.90073516341e-06	7.90073516341e-06	3.9503675817e-06	0.000146163600523	3.9503675817e-06	0	0	0	3.9503675817e-06	0	0	0	0	0	0
0.000189617643922	0.000122461395033	0.000312079038955	0	0.000181716908758	1.58014703268e-05	0.00221615621334	0.00432565250197	0.00322349994667	7.11066164707e-05	0.00700005135478	0.00909374617308	0.00122461395033	0.000932286749282	0.00248873157647	4.74044109804e-05	3.9503675817e-05	0.00672352562406	0.00205814151007	0.00981271307295	0.000608356607582	0.00614282158955	0	0.00494586021229	0.000106659924706	4.74044109804e-05	0.00151299078379	0.000979691160262	0.00532904586772	0.00374889883504	0.0102907075503	7.90073516341e-06	0.000438490801569	0.000379235287844	0.038389672159	3.9503675817e-06	0.000363433817517	3.9503675817e-06	0	2.37022054902e-05	0	0	0	1.18511027451e-05	3.9503675817e-05	0	7.90073516341e-06	0	1.18511027451e-05	3.9503675817e-06	0	2.76525730719e-05	0.000150113968105	0	3.9503675817e-06	7.90073516341e-06	3.16029406536e-05	1.58014703268e-05	3.55533082353e-05	3.9503675817e-05	7.90073516341e-06	0.000106659924706	0.000197518379085	5.13547785621e-05	0	3.55533082353e-05	3.9503675817e-06	3.9503675817e-06	0	2.37022054902e-05	0.000801924619086	0.000549101093857	0.0237575106364	0.00163545217883	0.000118511027451	7.90073516341e-06	0.000442441169151	0.000122461395033	0.000142213232941	5.53051461438e-05	4.34540433987e-05	0	1.97518379085e-05	1.97518379085e-05
