0.0221437512084	0	0	0	0	0	0	0.00986088921001	0.00486429828935	0	0.000152645343808	0	0	0	0.0133106739801	0	0	1.01763562539e-05	0	0	0	0.000437583318917	0	0	0.00212685845706	0	1.01763562539e-05	0	0.00972859657871	0.00945383495985	0.0134327902551	0	0	1.01763562539e-05	0.000518994168948	0	0	0	0	0	0	0	0	0	1.01763562539e-05	0	0	0	0	0	0	0	4.07054250155e-05	0	0	0	0	0	3.05290687616e-05	0	0	0	0	0	0	0	0	0	0	0	0.000284937975109	0	0.000407054250155	0.000254408906347	3.05290687616e-05	0	0	2.03527125078e-05	0	4.07054250155e-05	0	0	0	0
0	0.0211566446518	0.000590228662725	0	0	0	0	0	0	0.00255426541972	0	0	0	0	0	0	0.0001322926313	0.000590228662725	0	0	0	0	0.00291043788861	0	0.0010379883379	0.000885342994088	0.000508817812694	0.0185922028758	0	0	0	0	0	0	1.01763562539e-05	0	0.012425330986	0	0	0	0	0	0	0	2.03527125078e-05	0	0	0	0	0	0	0	0	0	0	0	0	0.000193350768824	0	0	0.000172998056316	1.01763562539e-05	0.0147251874994	0	0	0	0	0	0	0	0	0	0	0	0	0	0	0	0	0	0	0	0	0
0	0.000590228662725	0.0382223940896	0	3.05290687616e-05	0	0	0	0	0	0	0	0	0	0	0	0	0.0102068853226	0	0	0	5.08817812694e-05	6.10581375233e-05	0.0100644163351	4.07054250155e-05	0	0.0079884396593	0.0197930129138	4.07054250155e-05	4.07054250155e-05	1.01763562539e-05	0	0	0	0.00054952323771	0	0.00276796890106	6.10581375233e-05	0	0	0	0	0	0	0	0	0	0	0	0	0	0	1.01763562539e-05	0	9.15872062849e-05	0	0	0.000875166637834	7.12344937772e-05	0	0	9.15872062849e-05	0.00758138540914	0	0	0	0	0	0	1.01763562539e-05	0.00205562396328	0.000172998056316	0.00049864145644	6.10581375233e-05	0	0	0	6.10581375233e-05	1.01763562539e-05	4.07054250155e-05	1.01763562539e-05	0	0	0
0	0	0	0	0	0	0	0	0	0	0	0	0	0	0	0	0	0	0	0	0	0	0	0	0	0	0	0	0	0	0	0	0	0	0	0	0	0	0	0	0	0	0	0	0	0	0	0	0	0	0	0	0	0	0	0	0	0	0	0	0	0	0	0	0	0	0	0	0	0	0	0	0	0	0	0	0	0	0	0	0	0	0	0
0	0	3.05290687616e-05	0	0.0225711581711	0.000244232550093	0.000325643400124	0	0	0.00871096095332	0.00181139141319	0.000254408906347	0.0041926587766	6.10581375233e-05	0	0.000264585262601	0	0	7.12344937772e-05	0.000172998056316	0.00950471674112	0	0	4.07054250155e-05	0.0139110789991	0	0.000284937975109	3.05290687616e-05	0.0114178717169	0.0014552189443	0	0	0	0	0.00165874606938	0	0	0	0	0.00790702880926	1.01763562539e-05	1.01763562539e-05	0	0	0.00526117618326	0.000671639512756	0	0.000203527125078	0	0	2.03527125078e-05	0	0	0	0	0.00350066655133	0	0	0	0.00829373034691	0	0	0	0.00962683301617	0	0	0	0	0	0	0.000793755787803	0.000203527125078	0.00142468987554	3.05290687616e-05	0.00193350768824	0	0	2.03527125078e-05	0	0	0	5.08817812694e-05	0	0
0	0	0	0	0.000244232550093	0.0112448736605	0.00380595723895	0	0.000915872062849	0.000936224775357	4.07054250155e-05	0.00202509489452	0.000651286800248	0.000122116275047	0.00110922283167	0.00309361230118	0	0	0.000203527125078	0	0.000193350768824	0	0	0	0.000590228662725	3.05290687616e-05	0.000305290687616	0	0.000305290687616	0.00177068598818	0	0	0.00328696307	0	0.00497623820815	0	0	0	0	8.1410850031e-05	0	0	0	0	2.03527125078e-05	0	1.01763562539e-05	0	2.03527125078e-05	0	0	0	0	0	0	6.10581375233e-05	0	0	0	4.07054250155e-05	3.05290687616e-05	0	1.01763562539e-05	7.12344937772e-05	0	0	0	0	0	0	0.00135345538177	0.000203527125078	0.00263567626975	0.000518994168948	0.00421301148911	0.00189280226322	5.08817812694e-05	2.03527125078e-05	0	0	0	0	0	0
0	0	0	0	0.000325643400124	0.00380595723895	0.023690557359	0.00359225375762	0.0101458271851	0.000478288743932	0.0105325287228	0.000630934087741	0.00328696307	0	0.00148574801307	0.00343960841381	0	0.000234056193839	0.000193350768824	0.000946401131611	0.00031546704387	0.000111939918793	0	0	0.000437583318917	0	0.00081410850031	0	0.00292061424486	0.00286973246359	0.00036634882514	0	3.05290687616e-05	0	0.00218791659458	0	0	0	0	8.1410850031e-05	0	0	0	0	2.03527125078e-05	0	0	0	0	1.01763562539e-05	0	0	2.03527125078e-05	0	0	6.10581375233e-05	0	0	3.05290687616e-05	5.08817812694e-05	0	0	0	7.12344937772e-05	0	0	0	0	0	0	0.00135345538177	4.07054250155e-05	0.00280867432607	5.08817812694e-05	0.0024932072822	0	0	4.07054250155e-05	0	3.05290687616e-05	0	1.01763562539e-05	0	0
0.00986088921001	0	0	0	0	0	0.00359225375762	0.0588905736412	0.0122523329297	0.000478288743932	0.0123133910672	0	0	7.12344937772e-05	0.0136363173802	0	0	3.05290687616e-05	0	9.15872062849e-05	0	0.00491518007062	0	0.00197421311325	0.00405018978904	0	0.000172998056316	0	0.0325541636562	0.0145216603743	0.0168011641752	0	0	0.0010379883379	0.00540364517081	0	0	0	0	0.000518994168948	0	0	0	0	0.00139416080678	0.000854813925326	0	0	0	0	0	0	5.08817812694e-05	0	0	0.00102781198164	1.01763562539e-05	0	7.12344937772e-05	0.00218791659458	0	0	0	0.0011702809692	0	0	0	0	0	0	0.00150610072557	0	0.00516958897697	0.0022286220196	0.000122116275047	1.01763562539e-05	0	0.00031546704387	0	9.15872062849e-05	0	0	2.03527125078e-05	0
0.00486429828935	0	0	0	0	0.000915872062849	0.0101458271851	0.0122523329297	0.0378153398394	1.01763562539e-05	0.00707256759645	0.00466077116428	0.000284937975109	0.000539346881456	0.019599662145	0.000162821700062	0	0	0.00259497084474	0.000824284856564	0	0.000244232550093	0	1.01763562539e-05	0.00136363173802	0	0.00128222088799	0	0.00775438346546	0.0100135345538	0.00516958897697	0	0.000162821700062	0	0.00635004630242	0	0	0	0	0	0	0	0	3.05290687616e-05	0	1.01763562539e-05	0	0	0	3.05290687616e-05	0	0	3.05290687616e-05	0	0	1.01763562539e-05	0	0	4.07054250155e-05	1.01763562539e-05	0	0	0	0	0	0	0	0	0	0	0.000559699593963	0.00086499028158	0.0035311956201	0.000345996112632	0.000356172468886	0	1.01763562539e-05	2.03527125078e-05	0	4.07054250155e-05	0	3.05290687616e-05	0	0
0	0.00255426541972	0	0	0.00871096095332	0.000936224775357	0.000478288743932	0.000478288743932	1.01763562539e-05	0.0505561378693	7.12344937772e-05	1.01763562539e-05	0.00164856971313	1.01763562539e-05	1.01763562539e-05	0.00137380809427	0.00128222088799	0	0	0	0.00121098639421	0.00229985651338	0.00882290087211	0.000926048419103	0.0361362410575	0.000234056193839	0	0.00165874606938	0.0290433207486	0.000152645343808	1.01763562539e-05	0	0	0	0.000152645343808	0	3.05290687616e-05	0	0	0.00475235837056	1.01763562539e-05	1.01763562539e-05	0	0	0.0200983036014	0	0	0.000234056193839	0	0	2.03527125078e-05	0.00344978477007	0	0	0	0.00189280226322	0	0.00781544160298	0.000111939918793	0.0221742802772	0	0	2.03527125078e-05	0.0171980420691	0	0	0	0	0	0	0.000661463156502	1.01763562539e-05	0.000111939918793	0.000101763562539	0.0045895366705	0	0	0.000946401131611	0	0	0	5.08817812694e-05	0	0
0.000152645343808	0	0	0	0.00181139141319	4.07054250155e-05	0.0105325287228	0.0123133910672	0.00707256759645	7.12344937772e-05	0.0510446029695	0.00252373635096	0.00529170525202	0.000559699593963	0.00383648630771	0.000335819756378	0	0.00049864145644	0.000478288743932	0.00408071885781	0.00613634282109	0.000111939918793	0	0	0.000834461212818	0	0.00457936031425	0	0.0145928948681	0.0138601972178	0.000122116275047	0	0	0	0.0128934433737	0	0	0	0	0.00606510832731	0	0	0	0	0.00272726347604	0.00295114331363	0	0.000478288743932	0	0	0	0	2.03527125078e-05	0	0	0.00515941262072	0	0	3.05290687616e-05	0.0069504513214	0	0	0	0.00674692419632	0	0	0	0	0	0	0.000356172468886	3.05290687616e-05	0.0112754027293	0.00208615303205	9.15872062849e-05	0	0	0.000193350768824	0	3.05290687616e-05	0	0	0	0
0	0	0	0	0.000254408906347	0.00202509489452	0.000630934087741	0	0.00466077116428	1.01763562539e-05	0.00252373635096	0.0246776639157	0.00385683902022	0.00404001343279	0.00287990881985	0	0	0	0.00535276338954	0.00599387383354	0.00202509489452	0	0	0	1.01763562539e-05	0	0.0043249514079	0	0	0.0153662979434	0	0	0.00309361230118	0	0.0175236854692	0	0	0	0	1.01763562539e-05	0	0	0	0	0	0	0.000468112387678	0	0.000590228662725	0	0	0	0	0	0	1.01763562539e-05	0	0	0	1.01763562539e-05	0.000712344937772	0	1.01763562539e-05	1.01763562539e-05	0	0	0	0	0	0	0	0.00395860258276	0.00916889698475	0	0	0	0.00031546704387	0	5.08817812694e-05	0	0	0	0	0
0	0	0	0	0.0041926587766	0.000651286800248	0.00328696307	0	0.000284937975109	0.00164856971313	0.00529170525202	0.00385683902022	0.0261023537912	0.000152645343808	7.12344937772e-05	0.00161804064437	0	0	0.00135345538177	0.00382630995146	0.0117333387607	0	0	0	0.00205562396328	0	0.0047218293018	0	0.00210650574455	0.00922995512227	0	0	0	0	0.0111125810292	0	0	0	0	0.00136363173802	0	0.000284937975109	0	0.000284937975109	0.000234056193839	0.000172998056316	0	0.00136363173802	0	5.08817812694e-05	0	0	0	0	0	0.00177068598818	0	0	0	0.00068181586901	0	0	0	0.00120081003796	0	0	0	0	0	0	0.00144504258805	0.000559699593963	0.00915872062849	6.10581375233e-05	0.0014348662318	0	0	3.05290687616e-05	0	0	0	4.07054250155e-05	0	0
0	0	0	0	6.10581375233e-05	0.000122116275047	0	7.12344937772e-05	0.000539346881456	1.01763562539e-05	0.000559699593963	0.00404001343279	0.000152645343808	0.0242400805967	0.000702168581518	0	0	0	0	0	0.000152645343808	0	0	0	6.10581375233e-05	0.00388736808898	0.00104816469415	0.00817161407187	9.15872062849e-05	0.0014552189443	0	0.000111939918793	0.000142468987554	4.07054250155e-05	0.00291043788861	0	0.000122116275047	0	0	2.03527125078e-05	0	2.03527125078e-05	7.12344937772e-05	2.03527125078e-05	2.03527125078e-05	0.000111939918793	0.00223879837585	0	0.00968789115369	0	0	0	0	0	0	5.08817812694e-05	0	0	0	0.0001322926313	0.0053832924583	0.0053832924583	0.00512888355196	0.000203527125078	0	0	0.00248303092595	0	0	2.03527125078e-05	0	0.00495588549564	0.00386701537647	0.000946401131611	0	0	0.0010379883379	6.10581375233e-05	0.000427406962663	0	3.05290687616e-05	0.000122116275047	0.000305290687616	1.01763562539e-05
0.0133106739801	0	0	0	0	0.00110922283167	0.00148574801307	0.0136363173802	0.019599662145	1.01763562539e-05	0.00383648630771	0.00287990881985	7.12344937772e-05	0.000702168581518	0.0364008263201	1.01763562539e-05	0	0	0.000793755787803	0	0	0.000437583318917	0	0	0.00287990881985	0	0.000610581375233	0	0.0107564085604	0.0128323852361	0.00857866832202	0	0.00135345538177	0	0.00365331189514	0	0	0	0	0	0	0	0	0	1.01763562539e-05	0	0	0	1.01763562539e-05	0	0	0	3.05290687616e-05	0	0	0	0	0	3.05290687616e-05	0	1.01763562539e-05	0	0	0	0	0	0	0	0	0	9.15872062849e-05	0.00106851740666	0.0023609146509	0.000142468987554	4.07054250155e-05	0	5.08817812694e-05	2.03527125078e-05	0	3.05290687616e-05	0	0	0	0
0	0	0	0	0.000264585262601	0.00309361230118	0.00343960841381	0	0.000162821700062	0.00137380809427	0.000335819756378	0	0.00161804064437	0	1.01763562539e-05	0.0061770482461	0	0	0	0	0.000213703481331	0	0	0	0.000630934087741	0	1.01763562539e-05	0	0.000325643400124	0.000305290687616	0	0	0	0	0.000529170525202	0	0	0	0	8.1410850031e-05	0	0	0	0	2.03527125078e-05	0	0	0	0	0	0	0	0	0	0	6.10581375233e-05	0	0	0	4.07054250155e-05	0	0	0	7.12344937772e-05	0	0	0	0	0	0	0.000651286800248	1.01763562539e-05	0.000518994168948	0	0.0036838409639	0.00018317441257	0	0	0	0	0	0	0	0
0	0.0001322926313	0	0	0	0	0	0	0	0.00128222088799	0	0	0	0	0	0	0.0279544506294	0	0	0	0	0.000875166637834	0.0197930129138	0.0132903212676	0.0035311956201	0	0	0.00493553278313	0.000488465100186	1.01763562539e-05	0	0	0	0	0	0	0	0	0	0	0	0	0	0	0	0	0	0	0	0	0	0.0159870556748	0	0	0	0	0	0.0149388909807	0.00644163350871	0.000376525181394	0	0	1.01763562539e-05	1.01763562539e-05	0	0	0	0	0	0	0.000213703481331	0.000284937975109	0	0	0	0	0	1.01763562539e-05	1.01763562539e-05	0	0	0	0	0
1.01763562539e-05	0.000590228662725	0.0102068853226	0	0	0	0.000234056193839	3.05290687616e-05	0	0	0.00049864145644	0	0	0	0	0	0	0.0280053324107	0	0.00263567626975	0	0.000518994168948	0	0.00678762962134	2.03527125078e-05	0	0.0112754027293	0.00109904647542	9.15872062849e-05	0.000580052306471	7.12344937772e-05	0	0	3.05290687616e-05	0.00580052306471	0	0.00102781198164	0	0	0	0	0	0	0	0	0	0	0	0	0	0	0	0	0	0.00106851740666	0	0	0	0	0	0	0.00157733521935	0.00360243011387	1.01763562539e-05	0	0	0	0	0	0.000142468987554	0.00208615303205	0.00129239724424	0.00244232550093	0.000529170525202	0	0	0	0.000447759675171	0.000223879837585	0.000407054250155	9.15872062849e-05	0	0	0
0	0	0	0	7.12344937772e-05	0.000203527125078	0.000193350768824	0	0.00259497084474	0	0.000478288743932	0.00535276338954	0.00135345538177	0	0.000793755787803	0	0	0	0.00603457925855	0.00206580031954	0.000834461212818	0	0	0	0	0	0.00123133910672	0	0	0.00552576144586	0	0	0.00036634882514	0	0.00568858314592	0	0	0	0	0	0	0	0	0	0	0	0	0	0	0	0	0	0	0	0	0	0	0	0	0	0	0	0	0	0	0	0	0	0	0	0	4.07054250155e-05	0.00227950380087	0	0	0	0	0	0	0	0	0	0	0
0	0	0	0	0.000172998056316	0	0.000946401131611	9.15872062849e-05	0.000824284856564	0	0.00408071885781	0.00599387383354	0.00382630995146	0	0	0	0	0.00263567626975	0.00206580031954	0.0198947764763	0.00185209683821	0	0	0	0	0	0.0125576236173	0.000661463156502	9.15872062849e-05	0.00724556565276	0	0	0	0	0.01314785228	0	0	0	0	0	0	0	0	0	0	0	0	0	0	0	0	0	0	2.03527125078e-05	0	0	0	0	0	0	0	4.07054250155e-05	2.03527125078e-05	1.01763562539e-05	0	0	0	0	0	0	0.00178086234443	0.00167909878189	0.00893484079091	0.00031546704387	0	0	0	2.03527125078e-05	1.01763562539e-05	0	0	0	0	0
0	0	0	0	0.00950471674112	0.000193350768824	0.00031546704387	0	0	0.00121098639421	0.00613634282109	0.00202509489452	0.0117333387607	0.000152645343808	0	0.000213703481331	0	0	0.000834461212818	0.00185209683821	0.0228255670775	0	0	0	0.0032666103575	0	0.00267638169477	0	0.00626863545239	0.00536293974579	0	0	0	0	0.00659427885251	0	0	0	0	0.00606510832731	0	0	0	0	0.00114992825669	0.00205562396328	0	0.000122116275047	0	0	0	0	0	0	0	0.00490500371437	0	0	0	0.00424354055787	0	0	0	0.00529170525202	0	0	0	0	0	0	0.000732697650279	0.00054952323771	0.00497623820815	6.10581375233e-05	0.00068181586901	0	0	1.01763562539e-05	0	0	0	4.07054250155e-05	0	0
0.000437583318917	0	5.08817812694e-05	0	0	0	0.000111939918793	0.00491518007062	0.000244232550093	0.00229985651338	0.000111939918793	0	0	0	0.000437583318917	0	0.000875166637834	0.000518994168948	0	0	0	0.0465670062178	0.00362278282638	0.0135549065302	0.0011702809692	0	4.07054250155e-05	5.08817812694e-05	0.0206681795516	0.000264585262601	0.0135956119552	0	0	3.05290687616e-05	0.00184192048195	0	0	0	0	0	0	0	0	0	0	0	0	0	0	0	0	0.00457936031425	0.000325643400124	0	0	0	0.000203527125078	0.00606510832731	0.00154680615059	0.00160786428811	0	0	7.12344937772e-05	0.00369401732016	0	0	0	0	0	0	0.00793755787803	0.000854813925326	0.00286973246359	0.00293079060112	0.00049864145644	0	0	0	0	0.000691992225264	7.12344937772e-05	1.01763562539e-05	0	0
0	0.00291043788861	6.10581375233e-05	0	0	0	0	0	0	0.00882290087211	0	0	0	0	0	0	0.0197930129138	0	0	0	0	0.00362278282638	0.0429136943226	0.0105630577915	0.0102272380351	0.000234056193839	0	0.0166994006126	0.00465059480802	0	0	0	0	0	0	0	0.00467094752053	0	0	0	0	0	0	0	0.00068181586901	0	0	0	0	0	0	0.0177780943755	0	0	0	0	0	0.0231410341213	0.00347013748257	0.00212685845706	0	0	0.00677745326508	0.00252373635096	0	0	0	0	0	0	0	0	0	0	0	0	0	0	0	0	0	0	0	0
0	0	0.0100644163351	0	4.07054250155e-05	0	0	0.00197421311325	1.01763562539e-05	0.000926048419103	0	0	0	0	0	0	0.0132903212676	0.00678762962134	0	0	0	0.0135549065302	0.0105630577915	0.0822656639564	0.000407054250155	0	1.01763562539e-05	0.0167502823939	0.00253391270722	0.00146539530056	0.00553593780211	0	0	0.000518994168948	0.00371437003267	0	0.0001322926313	0.000101763562539	0	0	0	0	0	0	0	0	0	0	0	0	0	0.0206071214141	0.000152645343808	0	0	0	2.03527125078e-05	0.0230290942025	0.0181139141319	0.000295114331363	0	0	0.00641110443994	0.000172998056316	0	0	0	0	0	0	0.00479306379558	0.000915872062849	0.00342943205756	0.00113975190043	0	0	0	8.1410850031e-05	1.01763562539e-05	0.000172998056316	2.03527125078e-05	0	0	0
0.00212685845706	0.0010379883379	4.07054250155e-05	0	0.0139110789991	0.000590228662725	0.000437583318917	0.00405018978904	0.00136363173802	0.0361362410575	0.000834461212818	1.01763562539e-05	0.00205562396328	6.10581375233e-05	0.00287990881985	0.000630934087741	0.0035311956201	2.03527125078e-05	0	0	0.0032666103575	0.0011702809692	0.0102272380351	0.000407054250155	0.0707358523207	1.01763562539e-05	2.03527125078e-05	0.00376525181394	0.0451423163422	0.00888395900964	0.00120081003796	0	0	0.000376525181394	0.00207597667579	0	0	0	0	0.00678762962134	1.01763562539e-05	1.01763562539e-05	0	0	0.0158038812623	8.1410850031e-05	0	0.000152645343808	0	0	2.03527125078e-05	0.00280867432607	2.03527125078e-05	0	0	0.00250338363845	0	0.0101967089664	1.01763562539e-05	0.0186227319446	0	0	0	0.021604404327	0	0	0	0	0	0	0.00383648630771	0.000111939918793	0.00175033327567	0.000712344937772	0.00345996112632	0	0	0.000691992225264	1.01763562539e-05	2.03527125078e-05	0	4.07054250155e-05	0	0
0	0.000885342994088	0	0	0	3.05290687616e-05	0	0	0	0.000234056193839	0	0	0	0.00388736808898	0	0	0	0	0	0	0	0	0.000234056193839	0	1.01763562539e-05	0.00626863545239	0	0.00307325958867	0	4.07054250155e-05	0	0	0	0	0.000407054250155	0	0.000956577487865	0	0	0	0	0	0	0	0	0	2.03527125078e-05	0	0.00155698250684	0	0	0	0	0	0	0	0	0	0	0	0.0028900851761	0.00018317441257	0.00227950380087	0	0	0	0	0	0	0	0	0.000101763562539	0.000407054250155	0	0	0	0.000407054250155	0	0	0	0	0	0	0
1.01763562539e-05	0.000508817812694	0.0079884396593	0	0.000284937975109	0.000305290687616	0.00081410850031	0.000172998056316	0.00128222088799	0	0.00457936031425	0.0043249514079	0.0047218293018	0.00104816469415	0.000610581375233	1.01763562539e-05	0	0.0112754027293	0.00123133910672	0.0125576236173	0.00267638169477	4.07054250155e-05	0	1.01763562539e-05	2.03527125078e-05	0	0.0680492942697	0.0237719682091	0.00031546704387	0.00913836791598	7.12344937772e-05	0.000152645343808	0.000396877893901	4.07054250155e-05	0.0162923463625	0	0.00226932744462	0	0	0	0	0	0	0	0	0	0.000295114331363	0	0.00099728291288	0	0	0	1.01763562539e-05	2.03527125078e-05	0.00176050963192	0	0	0	0	0	8.1410850031e-05	0.00895519350341	0.00670621877131	3.05290687616e-05	0	0	0.000244232550093	0	0	0.000244232550093	0.00545452695208	0.00574964128344	0.0129137960862	0.0010379883379	1.01763562539e-05	0	0	0.00086499028158	0.000661463156502	0.000702168581518	0.000122116275047	0	0	0
0	0.0185922028758	0.0197930129138	0	3.05290687616e-05	0	0	0	0	0.00165874606938	0	0	0	0.00817161407187	0	0	0.00493553278313	0.00109904647542	0	0.000661463156502	0	5.08817812694e-05	0.0166994006126	0.0167502823939	0.00376525181394	0.00307325958867	0.0237719682091	0.121068110352	0.000111939918793	0.000101763562539	1.01763562539e-05	0.000142468987554	0	0	0.000518994168948	0	0.0285446792921	7.12344937772e-05	0	0	0	0	0	0	0	0	0.000407054250155	0	0.00237109100715	0	0	0.00753050362787	0	3.05290687616e-05	2.03527125078e-05	0	0	0.01322926313	0.00373472274517	0	0.00387719173273	0.014552189443	0.0599896201166	0	0	0	0.00185209683821	0	0	0	0.00219809295084	0.000427406962663	0.000793755787803	4.07054250155e-05	0	0	8.1410850031e-05	7.12344937772e-05	0.000162821700062	0	0	0	0	0
0.00972859657871	0	4.07054250155e-05	0	0.0114178717169	0.000305290687616	0.00292061424486	0.0325541636562	0.00775438346546	0.0290433207486	0.0145928948681	0	0.00210650574455	9.15872062849e-05	0.0107564085604	0.000325643400124	0.000488465100186	9.15872062849e-05	0	9.15872062849e-05	0.00626863545239	0.0206681795516	0.00465059480802	0.00253391270722	0.0451423163422	0	0.00031546704387	0.000111939918793	0.11792361627	0.0201084799577	0.0168215168877	0	0	0.00227950380087	0.0065535734275	0	0	0	0	0.00881272451586	0	0	0	0	0.0201593617389	0.000712344937772	0	0.000101763562539	0	0	1.01763562539e-05	0.00489482735812	0.000539346881456	0	0	0.00319537586372	0.000172998056316	0.0141247824804	0.00102781198164	0.0244639604343	0	0	0	0.029460551355	0	0	0	0	0	0	0.00908748613471	0.000488465100186	0.00658410249626	0.00567840678966	0.00416212970784	0	0	0.00148574801307	1.01763562539e-05	0.000803932144056	2.03527125078e-05	5.08817812694e-05	0	0
0.00945383495985	0	4.07054250155e-05	0	0.0014552189443	0.00177068598818	0.00286973246359	0.0145216603743	0.0100135345538	0.000152645343808	0.0138601972178	0.0153662979434	0.00922995512227	0.0014552189443	0.0128323852361	0.000305290687616	1.01763562539e-05	0.000580052306471	0.00552576144586	0.00724556565276	0.00536293974579	0.000264585262601	0	0.00146539530056	0.00888395900964	4.07054250155e-05	0.00913836791598	0.000101763562539	0.0201084799577	0.0729542979841	0.0131682049925	0	0.00293079060112	0.00387719173273	0.0390772080149	0	0	0	0	0.000101763562539	0	0	0	2.03527125078e-05	0.000518994168948	0.000824284856564	0	4.07054250155e-05	1.01763562539e-05	3.05290687616e-05	0	0	0.000244232550093	0	0	0.000875166637834	0	0	0.000213703481331	0.00135345538177	1.01763562539e-05	0	3.05290687616e-05	0.000702168581518	0	0	0	0	0	3.05290687616e-05	0.00436565683291	0.00207597667579	0.0259700611599	0.00477271108307	0.000641110443994	0	0.000101763562539	0.000793755787803	1.01763562539e-05	0.000325643400124	7.12344937772e-05	4.07054250155e-05	4.07054250155e-05	0
0.0134327902551	0	1.01763562539e-05	0	0	0	0.00036634882514	0.0168011641752	0.00516958897697	1.01763562539e-05	0.000122116275047	0	0	0	0.00857866832202	0	0	7.12344937772e-05	0	0	0	0.0135956119552	0	0.00553593780211	0.00120081003796	0	7.12344937772e-05	1.01763562539e-05	0.0168215168877	0.0131682049925	0.0521741785136	0	0	0.00018317441257	0.0107157031353	0	0	0	0	0	0	0	0	0	1.01763562539e-05	0	0	0	0	0	0	0	0.000427406962663	0	0	0	7.12344937772e-05	0	0.00049864145644	0	0	0	3.05290687616e-05	0	0	0	0	0	0	3.05290687616e-05	0.00099728291288	0	0.00730662379029	0.00255426541972	0.000600405018979	0	0	3.05290687616e-05	0	0.000580052306471	7.12344937772e-05	2.03527125078e-05	0	0
0	0	0	0	0	0	0	0	0	0	0	0	0	0.000111939918793	0	0	0	0	0	0	0	0	0	0	0	0	0.000152645343808	0.000142468987554	0	0	0	0.000172998056316	0	0	0	0	0	0	0	0	0	0	0	0	0	0	1.01763562539e-05	0	4.07054250155e-05	0	0	0	0	0	0	0	0	0	0	0	0	3.05290687616e-05	0	0	0	0	2.03527125078e-05	0	0	0	0	0	0	0	0	0	0	0	0	0	0	0	0	0
0	0	0	0	0	0.00328696307	3.05290687616e-05	0	0.000162821700062	0	0	0.00309361230118	0	0.000142468987554	0.00135345538177	0	0	0	0.00036634882514	0	0	0	0	0	0	0	0.000396877893901	0	0	0.00293079060112	0	0	0.00515941262072	0	0.00492535642688	0	0	0	0	0	0	0	0	0	0	0	0	0	1.01763562539e-05	0	0	0	0	0	0	0	0	0	0	0	1.01763562539e-05	0	1.01763562539e-05	0	0	0	0	0	0	0	7.12344937772e-05	0.000223879837585	0.00137380809427	0.000234056193839	1.01763562539e-05	0.000356172468886	2.03527125078e-05	0	0	0	0	0	0	0
1.01763562539e-05	0	0	0	0	0	0	0.0010379883379	0	0	0	0	0	4.07054250155e-05	0	0	0	3.05290687616e-05	0	0	0	3.05290687616e-05	0	0.000518994168948	0.000376525181394	0	4.07054250155e-05	0	0.00227950380087	0.00387719173273	0.00018317441257	0	0	0.00491518007062	0.00307325958867	0	0	0	0	0	0	0	0	0	1.01763562539e-05	0	0	0	0	0	0	0	8.1410850031e-05	0	0	0	0	0	2.03527125078e-05	0	0	0	0	0	0	0	0	0	0	0	0.000162821700062	0	0.00187244955071	0.000610581375233	9.15872062849e-05	0	0	3.05290687616e-05	0	8.1410850031e-05	1.01763562539e-05	0	0	0
0.000518994168948	1.01763562539e-05	0.00054952323771	0	0.00165874606938	0.00497623820815	0.00218791659458	0.00540364517081	0.00635004630242	0.000152645343808	0.0128934433737	0.0175236854692	0.0111125810292	0.00291043788861	0.00365331189514	0.000529170525202	0	0.00580052306471	0.00568858314592	0.01314785228	0.00659427885251	0.00184192048195	0	0.00371437003267	0.00207597667579	0.000407054250155	0.0162923463625	0.000518994168948	0.0065535734275	0.0390772080149	0.0107157031353	0	0.00492535642688	0.00307325958867	0.0756917378164	0	0	0	0	0.000691992225264	0	0	0	2.03527125078e-05	0.000457936031425	0.00114992825669	2.03527125078e-05	4.07054250155e-05	5.08817812694e-05	3.05290687616e-05	0	0	0.000620757731487	0	0	0.00137380809427	3.05290687616e-05	1.01763562539e-05	0.000559699593963	0.00296131966988	6.10581375233e-05	0	0.000162821700062	0.00137380809427	0	0	0	0	0	3.05290687616e-05	0.00416212970784	0.00258479448849	0.0429238706789	0.00915872062849	0.00101763562539	0.00121098639421	0.00099728291288	0.00153662979434	0	0.000753050362787	8.1410850031e-05	5.08817812694e-05	4.07054250155e-05	0
0	0	0	0	0	0	0	0	0	0	0	0	0	0	0	0	0	0	0	0	0	0	0	0	0	0	0	0	0	0	0	0	0	0	0	0.0319537586372	0	0	0	7.12344937772e-05	0	0.00338872663254	0.00842602297821	0.00522047075824	0	0.0104409415165	0.00259497084474	0.00224897473211	0	0.0244232550093	0	0	0.000417230606409	0.00160786428811	0.00199456582576	0.00429442233914	0.000284937975109	0	0.000793755787803	0	0	0.00113975190043	0	0.00327678671375	0.0136363173802	0.00371437003267	1.01763562539e-05	0	0.000152645343808	0.0074796218466	0	0	0	0	0	0	0	0.000478288743932	0.000223879837585	0.00543417423957	0.00054952323771	0.000122116275047	1.01763562539e-05	1.01763562539e-05
0	0.012425330986	0.00276796890106	0	0	0	0	0	0	3.05290687616e-05	0	0	0	0.000122116275047	0	0	0	0.00102781198164	0	0	0	0	0.00467094752053	0.0001322926313	0	0.000956577487865	0.00226932744462	0.0285446792921	0	0	0	0	0	0	0	0	0.0416009443659	0	0	0	0	0	0	0	0.00388736808898	0	0	0	0	0	0	0.000488465100186	0	0	0	0	0	0.00907730977846	0	0.00198438946951	0.00503729634567	0.00036634882514	0.0364618844577	0	0	0	0	0	0	0	0	0	0	0	0	0	0	4.07054250155e-05	0	0	0	0	0	0
0	0	6.10581375233e-05	0	0	0	0	0	0	0	0	0	0	0	0	0	0	0	0	0	0	0	0	0.000101763562539	0	0	0	7.12344937772e-05	0	0	0	0	0	0	0	0	0	0.0263465863413	0	0	0	0	0	0	0	0	0	0	0	0	0	0	0.0116010461294	0	0.00395860258276	0	0.000122116275047	0	0.00788667609676	0	0	0.00450812582047	0.00868043188456	0	0	0	0	0	0	0.00110922283167	0	0	5.08817812694e-05	2.03527125078e-05	0	0	0	0.000172998056316	0	0.000783579431549	3.05290687616e-05	0	0	0
0	0	0	0	0	0	0	0	0	0	0	0	0	0	0	0	0	0	0	0	0	0	0	0	0	0	0	0	0	0	0	0	0	0	0	0	0	0	0	0	0	0	0	0	0	0	0	0	0	0	0	0	0	0	0	0	0	0	0	0	0	0	0	0	0	0	0	0	0	0	0	0	0	0	0	0	0	0	0	0	0	0	0	0
0	0	0	0	0.00790702880926	8.1410850031e-05	8.1410850031e-05	0.000518994168948	0	0.00475235837056	0.00606510832731	1.01763562539e-05	0.00136363173802	2.03527125078e-05	0	8.1410850031e-05	0	0	0	0	0.00606510832731	0	0	0	0.00678762962134	0	0	0	0.00881272451586	0.000101763562539	0	0	0	0	0.000691992225264	7.12344937772e-05	0	0	0	0.0265094080414	0	0.00225915108836	0	0.00254408906347	0.00370419367641	0.00191315497573	0.000122116275047	0.0056275250084	1.01763562539e-05	0.00140433716304	5.08817812694e-05	0	0	2.03527125078e-05	0	0.0147251874994	0	0	0	0.0115196352794	0	3.05290687616e-05	0	0.0169029277377	9.15872062849e-05	0	0	0	0	0.000417230606409	0	1.01763562539e-05	0.000671639512756	0.000610581375233	0.000335819756378	0	0	0.000386701537647	0.000101763562539	0.000335819756378	0.000111939918793	0.000274761618855	0	2.03527125078e-05
0	0	0	0	1.01763562539e-05	0	0	0	0	1.01763562539e-05	0	0	0	0	0	0	0	0	0	0	0	0	0	0	1.01763562539e-05	0	0	0	0	0	0	0	0	0	0	0	0	0	0	0	0.00373472274517	0.000803932144056	0	8.1410850031e-05	0.000763226719041	0	1.01763562539e-05	0.000651286800248	0	0	0.00204544760703	0	0	0	0	0	0	0	0	0.000580052306471	0	0	0	0.000427406962663	0	0	0	0.000702168581518	0	0.00036634882514	0	0	0	0	0	0	0	5.08817812694e-05	0	3.05290687616e-05	1.01763562539e-05	0.00126186817548	0.000885342994088	0
0	0	0	0	1.01763562539e-05	0	0	0	0	1.01763562539e-05	0	0	0.000284937975109	2.03527125078e-05	0	0	0	0	0	0	0	0	0	0	1.01763562539e-05	0	0	0	0	0	0	0	0	0	0	0.00338872663254	0	0	0	0.00225915108836	0.000803932144056	0.0324320473811	0.00166892242564	0.0235989701527	0.000193350768824	0.00757120905289	0.000122116275047	0.00871096095332	0	0.0070827439527	0.000987106556626	0	0.000264585262601	8.1410850031e-05	5.08817812694e-05	0.0062889881649	0.000345996112632	0	0.000783579431549	1.01763562539e-05	0	5.08817812694e-05	0	0.0010379883379	0.000987106556626	0.0020963293883	0	5.08817812694e-05	0	0.00102781198164	0	0	0	0	0	0	0	0.00226932744462	7.12344937772e-05	0.0011702809692	0.000213703481331	0.00414177699533	0.000234056193839	0
0	0	0	0	0	0	0	0	0	0	0	0	0	7.12344937772e-05	0	0	0	0	0	0	0	0	0	0	0	0	0	0	0	0	0	0	0	0	0	0.00842602297821	0	0	0	0	0	0.00166892242564	0.0416111207221	0.00618722460236	0	0.00484394557685	0	0	0	0.0117943968982	0	0	6.10581375233e-05	0	0	0	0.000875166637834	0	0.000356172468886	0.00497623820815	0	0	0	0.0137279045865	0.00468112387678	0.0101967089664	0	0	0.000213703481331	0.00204544760703	0	0	0	0	0	0	0	0.00054952323771	4.07054250155e-05	0.0013025736005	0.000895519350341	0.000203527125078	0.00018317441257	0
0	0	0	0	0	0	0	0	3.05290687616e-05	0	0	0	0.000284937975109	2.03527125078e-05	0	0	0	0	0	0	0	0	0	0	0	0	0	0	0	2.03527125078e-05	0	0	0	0	2.03527125078e-05	0.00522047075824	0	0	0	0.00254408906347	8.1410850031e-05	0.0235989701527	0.00618722460236	0.0437379791792	0	0.0090467807097	0.00232020922588	0.00908748613471	0.000457936031425	0.0162414645812	0.000111939918793	0	0.000345996112632	0.000213703481331	2.03527125078e-05	0.00725574200902	0.000600405018979	0	0.00116010461294	0	4.07054250155e-05	0.000122116275047	0	0.0015671588631	0.00102781198164	0.00456918395799	2.03527125078e-05	0.0018317441257	0	0.00389754444524	0	1.01763562539e-05	0	0	0	0	0	0.00449794946421	7.12344937772e-05	0.00466077116428	0.00165874606938	0.00576999399595	0.00394842622651	0.000488465100186
1.01763562539e-05	2.03527125078e-05	0	0	0.00526117618326	2.03527125078e-05	2.03527125078e-05	0.00139416080678	0	0.0200983036014	0.00272726347604	0	0.000234056193839	2.03527125078e-05	1.01763562539e-05	2.03527125078e-05	0	0	0	0	0.00114992825669	0	0.00068181586901	0	0.0158038812623	0	0	0	0.0201593617389	0.000518994168948	1.01763562539e-05	0	0	1.01763562539e-05	0.000457936031425	0	0.00388736808898	0	0	0.00370419367641	0.000763226719041	0.000193350768824	0	0	0.0397284948151	0.000172998056316	0	0.00316484679496	0	0	0.00329713942626	0.000264585262601	0	0	0	0.000926048419103	0	0.0081207322906	0	0.0304985396929	0.000244232550093	0	0.00127204453173	0.0189789044135	0	0	0	0	0	0	0.000203527125078	0	0.000437583318917	0.000457936031425	0.000213703481331	0	0	0.000885342994088	0	0	0	0.000844637569072	0	0
0	0	0	0	0.000671639512756	0	0	0.000854813925326	1.01763562539e-05	0	0.00295114331363	0	0.000172998056316	0.000111939918793	0	0	0	0	0	0	0.00205562396328	0	0	0	8.1410850031e-05	0	0	0	0.000712344937772	0.000824284856564	0	0	0	0	0.00114992825669	0.0104409415165	0	0	0	0.00191315497573	0	0.00757120905289	0.00484394557685	0.0090467807097	0.000172998056316	0.0453560198235	0.00370419367641	0.00871096095332	2.03527125078e-05	0.0122014511484	0	0	2.03527125078e-05	0.00303255416366	0.00277814525731	0.0169436331627	0	0	2.03527125078e-05	0.00378560452644	0	0.00168927513814	0	0.00195386040074	0.00622793002737	7.12344937772e-05	3.05290687616e-05	1.01763562539e-05	0	0.00700133310267	0	0	0.0011702809692	0.000620757731487	0	0	0	0.000447759675171	0.000193350768824	0.00571911221468	0.000742874006533	0.000142468987554	0.000356172468886	3.05290687616e-05
0	0	0	0	0	1.01763562539e-05	0	0	0	0	0	0.000468112387678	0	0.00223879837585	0	0	0	0	0	0	0	0	0	0	0	2.03527125078e-05	0.000295114331363	0.000407054250155	0	0	0	1.01763562539e-05	0	0	2.03527125078e-05	0.00259497084474	0	0	0	0.000122116275047	1.01763562539e-05	0.000122116275047	0	0.00232020922588	0	0.00370419367641	0.0304578342679	0.00295114331363	0.00722521294025	0.0081207322906	0	0	0	0.00596334476477	0.00319537586372	0.00369401732016	0	0	0	0	0.00279849796982	0.00264585262601	0.000193350768824	8.1410850031e-05	0.000437583318917	0	0.000620757731487	0.000712344937772	0	0.0155494723559	0	0.00195386040074	2.03527125078e-05	0	0	0	0	0.000773403075295	0.00216756388208	0.00641110443994	0.000641110443994	0	0.00167909878189	0.00186227319446
0	0	0	0	0.000203527125078	0	0	0	0	0.000234056193839	0.000478288743932	0	0.00136363173802	0	0	0	0	0	0	0	0.000122116275047	0	0	0	0.000152645343808	0	0	0	0.000101763562539	4.07054250155e-05	0	0	0	0	4.07054250155e-05	0.00224897473211	0	0	0	0.0056275250084	0.000651286800248	0.00871096095332	0	0.00908748613471	0.00316484679496	0.00871096095332	0.00295114331363	0.0316077625246	7.12344937772e-05	0.00729644743403	0.00260514720099	0	0	0.00376525181394	0.00167909878189	0.0212991136394	0	0	0	0.00276796890106	1.01763562539e-05	0.00149592436932	0	0.00396877893901	0.000824284856564	0	2.03527125078e-05	0	0	0.00678762962134	0	0	4.07054250155e-05	1.01763562539e-05	3.05290687616e-05	0	0	0.000284937975109	0.000437583318917	0.00730662379029	0.000417230606409	0.00123133910672	2.03527125078e-05	0.000101763562539
0	0	0	0	0	2.03527125078e-05	0	0	0	0	0	0.000590228662725	0	0.00968789115369	1.01763562539e-05	0	0	0	0	0	0	0	0	0	0	0.00155698250684	0.00099728291288	0.00237109100715	0	1.01763562539e-05	0	4.07054250155e-05	1.01763562539e-05	0	5.08817812694e-05	0	0	0	0	1.01763562539e-05	0	0	0	0.000457936031425	0	2.03527125078e-05	0.00722521294025	7.12344937772e-05	0.0178289761568	0.0014348662318	0	0	0	0	0	7.12344937772e-05	0	0	0	0	0.00670621877131	0.00266620533852	0.000702168581518	0	2.03527125078e-05	0	0.00245250185719	0.000152645343808	0	0.00204544760703	0	0.00226932744462	5.08817812694e-05	0	0	0	1.01763562539e-05	0	0.00112957554418	0.000691992225264	0	0	0	0.00149592436932
0	0	0	0	0	0	1.01763562539e-05	0	3.05290687616e-05	0	0	0	5.08817812694e-05	0	0	0	0	0	0	0	0	0	0	0	0	0	0	0	0	3.05290687616e-05	0	0	0	0	3.05290687616e-05	0.0244232550093	0	0	0	0.00140433716304	0	0.0070827439527	0.0117943968982	0.0162414645812	0	0.0122014511484	0.0081207322906	0.00729644743403	0.0014348662318	0.0554916706524	0	0	0.000305290687616	0.00218791659458	0.00250338363845	0.00833443577193	0.000172998056316	0	0.00054952323771	0	0.000142468987554	0.0018317441257	1.01763562539e-05	0.00200474218201	0.0142163696867	0.0054952323771	0	0.000600405018979	0	0.0121200402984	1.01763562539e-05	4.07054250155e-05	1.01763562539e-05	0	0	0	0	0.00303255416366	8.1410850031e-05	0.00789685245301	0.00136363173802	0.00298167238239	0.00184192048195	0.000742874006533
0	0	0	0	2.03527125078e-05	0	0	0	0	2.03527125078e-05	0	0	0	0	0	0	0	0	0	0	0	0	0	0	2.03527125078e-05	0	0	0	1.01763562539e-05	0	0	0	0	0	0	0	0	0	0	5.08817812694e-05	0.00204544760703	0.000987106556626	0	0.000111939918793	0.00329713942626	0	0	0.00260514720099	0	0	0.00585140484598	0	0	0	0	5.08817812694e-05	0	0	0	0.00223879837585	0	0	0	0.00200474218201	0	0	0	0	0	0	0	0	0	0	0	0	0	4.07054250155e-05	0	0	0	0.00160786428811	5.08817812694e-05	0
0	0	0	0	0	0	0	0	0	0.00344978477007	0	0	0	0	0	0	0.0159870556748	0	0	0	0	0.00457936031425	0.0177780943755	0.0206071214141	0.00280867432607	0	0	0.00753050362787	0.00489482735812	0	0	0	0	0	0	0	0.000488465100186	0	0	0	0	0	0	0	0.000264585262601	0	0	0	0	0	0	0.0410412447719	0	0	0	0	0.000396877893901	0.0317298787996	0.0109192302604	0.00557664322713	0	0	0.00240162007592	0.00338872663254	0	0	0	0	0	0	1.01763562539e-05	0	0	0	0	0	0	0.000152645343808	0.000590228662725	0	0	0	0	0
4.07054250155e-05	0	1.01763562539e-05	0	0	0	2.03527125078e-05	5.08817812694e-05	3.05290687616e-05	0	2.03527125078e-05	0	0	0	3.05290687616e-05	0	0	0	0	0	0	0.000325643400124	0	0.000152645343808	2.03527125078e-05	0	1.01763562539e-05	0	0.000539346881456	0.000244232550093	0.000427406962663	0	0	8.1410850031e-05	0.000620757731487	0.000417230606409	0	0.0116010461294	0	0	0	0.000264585262601	6.10581375233e-05	0.000345996112632	0	2.03527125078e-05	0	0	0	0.000305290687616	0	0	0.0252577162221	0	0.0076119144779	0	0.000539346881456	0	0.00887378265338	0	0	0.00424354055787	0.00528152889576	6.10581375233e-05	8.1410850031e-05	0.000559699593963	0	0	0	0.00389754444524	2.03527125078e-05	0	0.00101763562539	0.00106851740666	0	0	0	0	0	0.00174015691941	1.01763562539e-05	0	0	0
0	0	0	0	0	0	0	0	0	0	0	0	0	0	0	0	0	0	0	2.03527125078e-05	0	0	0	0	0	0	2.03527125078e-05	3.05290687616e-05	0	0	0	0	0	0	0	0.00160786428811	0	0	0	2.03527125078e-05	0	8.1410850031e-05	0	0.000213703481331	0	0.00303255416366	0.00596334476477	0.00376525181394	0	0.00218791659458	0	0	0	0.0152645343808	0.00216756388208	0.00428424598288	1.01763562539e-05	0	4.07054250155e-05	0	0	0.00570893585843	0.000345996112632	2.03527125078e-05	0.000234056193839	0	2.03527125078e-05	0	0	0.0061566955336	0	0	0	0	0	0	0	0.00155698250684	0.00252373635096	0.00651286800248	0.000478288743932	0	0	0
0	0	9.15872062849e-05	0	0	0	0	0	0	0	0	0	0	0	0	0	0	0.00106851740666	0	0	0	0	0	0	0	0	0.00176050963192	2.03527125078e-05	0	0	0	0	0	0	0	0.00199456582576	0	0.00395860258276	0	0	0	5.08817812694e-05	0	2.03527125078e-05	0	0.00277814525731	0.00319537586372	0.00167909878189	0	0.00250338363845	0	0	0.0076119144779	0.00216756388208	0.0241179643217	0.00207597667579	5.08817812694e-05	0	0.0001322926313	0	0	0.0108988775479	0.00356172468886	3.05290687616e-05	0.000274761618855	6.10581375233e-05	0	0	0	0.00895519350341	0.000142468987554	0.000111939918793	0	0	0	0	0	0.00154680615059	0.00158751157561	0.00535276338954	0.000142468987554	0	0	0
0	0	0	0	0.00350066655133	6.10581375233e-05	6.10581375233e-05	0.00102781198164	1.01763562539e-05	0.00189280226322	0.00515941262072	1.01763562539e-05	0.00177068598818	5.08817812694e-05	0	6.10581375233e-05	0	0	0	0	0.00490500371437	0	0	0	0.00250338363845	0	0	0	0.00319537586372	0.000875166637834	0	0	0	0	0.00137380809427	0.00429442233914	0	0	0	0.0147251874994	0	0.0062889881649	0	0.00725574200902	0.000926048419103	0.0169436331627	0.00369401732016	0.0212991136394	7.12344937772e-05	0.00833443577193	5.08817812694e-05	0	0	0.00428424598288	0.00207597667579	0.040084667284	0	0	0	0.00597352112103	1.01763562539e-05	0.00182156776944	0	0.00719468387149	0.00239144371966	0	3.05290687616e-05	0	0	0.00829373034691	0	1.01763562539e-05	0.00138398445053	0.000803932144056	0.000162821700062	0	0	0.000478288743932	0.000468112387678	0.00883307722837	0.000630934087741	0.000345996112632	9.15872062849e-05	0.000101763562539
0	0	0	0	0	0	0	1.01763562539e-05	0	0	0	0	0	0	0	0	0	0	0	0	0	0.000203527125078	0	2.03527125078e-05	0	0	0	0	0.000172998056316	0	7.12344937772e-05	0	0	0	3.05290687616e-05	0.000284937975109	0	0.000122116275047	0	0	0	0.000345996112632	0.000875166637834	0.000600405018979	0	0	0	0	0	0.000172998056316	0	0.000396877893901	0.000539346881456	1.01763562539e-05	5.08817812694e-05	0	0.0292672005862	0	0.0171980420691	0	0	4.07054250155e-05	8.1410850031e-05	0.00269673440728	0.000284937975109	0.00877201909084	0	0	0	0.00142468987554	4.07054250155e-05	0	0.000305290687616	0.000244232550093	8.1410850031e-05	0	0	0.00430459869539	0.000437583318917	0.0024932072822	0.000671639512756	0.00153662979434	0.000447759675171	0
0	0.000193350768824	0.000875166637834	0	0	0	0	0	0	0.00781544160298	0	0	0	0	0	0	0.0149388909807	0	0	0	0	0.00606510832731	0.0231410341213	0.0230290942025	0.0101967089664	0	0	0.01322926313	0.0141247824804	0	0	0	0	0	1.01763562539e-05	0	0.00907730977846	0	0	0	0	0	0	0	0.0081207322906	0	0	0	0	0	0	0.0317298787996	0	0	0	0	0	0.0667161916004	0.0105325287228	0.0121810984359	0.000244232550093	0	0.011865631392	0.0127306216736	0	0	0	0	0	0	3.05290687616e-05	1.01763562539e-05	0	0	0	0	0	0	0	0	0	0	0	0
3.05290687616e-05	0	7.12344937772e-05	0	0	0	3.05290687616e-05	7.12344937772e-05	4.07054250155e-05	0.000111939918793	3.05290687616e-05	0	0	0	3.05290687616e-05	0	0.00644163350871	0	0	0	0	0.00154680615059	0.00347013748257	0.0181139141319	1.01763562539e-05	0	0	0.00373472274517	0.00102781198164	0.000213703481331	0.00049864145644	0	0	2.03527125078e-05	0.000559699593963	0.000793755787803	0	0.00788667609676	0	0	0	0.000783579431549	0.000356172468886	0.00116010461294	0	2.03527125078e-05	0	0	0	0.00054952323771	0	0.0109192302604	0.00887378265338	4.07054250155e-05	0.0001322926313	0	0.0171980420691	0.0105325287228	0.076119144779	0	0	6.10581375233e-05	0.00760173812165	0.000386701537647	0.00036634882514	0.00739821099657	0	0	0	0.00397895529527	0.000457936031425	0	0.00250338363845	0.00171980420691	0.000162821700062	0	0	0.0077442071092	0.00189280226322	0.00405018978904	0.00054952323771	0.00181139141319	0.000457936031425	0
0	0	0	0	0.00829373034691	4.07054250155e-05	5.08817812694e-05	0.00218791659458	1.01763562539e-05	0.0221742802772	0.0069504513214	1.01763562539e-05	0.00068181586901	0.0001322926313	0	4.07054250155e-05	0.000376525181394	0	0	0	0.00424354055787	0.00160786428811	0.00212685845706	0.000295114331363	0.0186227319446	0	0	0	0.0244639604343	0.00135345538177	0	0	0	0	0.00296131966988	0	0.00198438946951	0	0	0.0115196352794	0.000580052306471	1.01763562539e-05	0.00497623820815	0	0.0304985396929	0.00378560452644	0	0.00276796890106	0	0	0.00223879837585	0.00557664322713	0	0	0	0.00597352112103	0	0.0121810984359	0	0.0638668118493	5.08817812694e-05	0	0.00118045732545	0.0339585008192	0	0	0	0	0	0	0.000345996112632	1.01763562539e-05	0.00277814525731	0.00235073829465	0.000213703481331	5.08817812694e-05	0	0.00170962785065	0	5.08817812694e-05	5.08817812694e-05	0.00031546704387	8.1410850031e-05	0
