0.0169416477346	0.000322776874278	0.00367469056871	0	0	0	2.48289903291e-05	0.00542927255197	0.00629828721348	0.0011545480503	0.000484165311418	0.000248289903291	8.2763301097e-06	1.24144951646e-05	0.0107964726281	4.13816505485e-06	5.79343107679e-05	0.00142766694392	0.000107592291426	0.000376573019991	4.13816505485e-06	0.000252428068346	0.00013655944681	0.00137800896327	0.000376573019991	8.2763301097e-06	0.00532995659065	0.00127455483689	0.000686935399105	0.00602103015481	0.00411747422958	1.24144951646e-05	4.96579806582e-05	3.31053204388e-05	0.00205666803226	0.000177941097359	5.37961457131e-05	5.37961457131e-05	0	4.13816505485e-06	0	0	2.48289903291e-05	8.2763301097e-06	0.000500717971637	0	4.13816505485e-06	0	0	0.000120006786591	0	0	0	0	1.65526602194e-05	0	5.79343107679e-05	0.000107592291426	2.48289903291e-05	8.2763301097e-06	0	0.000240013573181	0.00013655944681	1.65526602194e-05	0.000140697611865	5.79343107679e-05	0	0	0.000111730456481	3.72434854937e-05	0.000302086049004	0.000161388437139	0.00121248236107	0.000463474486143	0.000244151738236	1.65526602194e-05	1.24144951646e-05	4.96579806582e-05	8.2763301097e-06	9.10396312067e-05	7.86251360422e-05	4.13816505485e-06	0	0
0.000322776874278	0.0270511849636	0.00124144951646	0	3.31053204388e-05	4.13816505485e-05	8.2763301097e-06	7.44869709873e-05	0.000206908252743	0.000600033932953	0.00042623100065	0.000579343107679	1.65526602194e-05	0.000471750816253	0.000256566233401	9.10396312067e-05	0.000782113195367	0.000922810807232	1.65526602194e-05	0.00106764658415	3.31053204388e-05	0.0001282831167	0.00666244573831	0.00181665445908	0.00436576413287	0.00261945847972	0.00490786375505	0.0170119965405	0.000608310263063	0.000657968243721	0.000960054292726	7.03488059325e-05	0	1.65526602194e-05	0.00241668839203	0	0.0119758496687	0.001282831167	0	4.55198156034e-05	0	0	8.2763301097e-06	0	5.37961457131e-05	0	4.13816505485e-06	4.13816505485e-06	4.96579806582e-05	4.13816505485e-06	0	0.000285533388785	0.00112558089492	0	0.000657968243721	4.13816505485e-06	0.000161388437139	0.000302086049004	0.00102212676855	5.37961457131e-05	0.00028139522373	0.00208149702259	0.0109992427158	2.48289903291e-05	3.72434854937e-05	1.24144951646e-05	4.55198156034e-05	0	8.2763301097e-06	0.000397263845266	0.00265670196521	0.000761422370093	0.0020897733527	9.51777962616e-05	9.51777962616e-05	2.8967155384e-05	3.72434854937e-05	0.000293809718894	0.000186217427468	9.93159613164e-05	2.06908252743e-05	0	4.13816505485e-06	0
0.00367469056871	0.00124144951646	0.0330225571377	0	0	0	7.44869709873e-05	0.00414230321991	0.00263187297489	7.03488059325e-05	0.000124144951646	2.8967155384e-05	4.13816505485e-06	1.65526602194e-05	0.00308293296586	0	0.000157250272084	0.00376159203486	0	6.62106408776e-05	4.13816505485e-06	0.00171733849776	7.86251360422e-05	0.0201363111569	0.000591757602844	3.72434854937e-05	0.0137842277977	0.00783354644883	0.00132835098261	0.000438645495814	0.00180837812897	4.13816505485e-06	4.13816505485e-06	0	0.000240013573181	2.48289903291e-05	0.00305396581048	0.00613276061129	0	0	0	0	0.000169664767249	4.13816505485e-06	0.000252428068346	0	4.96579806582e-05	0	4.13816505485e-05	8.69014661519e-05	0	0.00055451411735	0.00151870657513	2.06908252743e-05	3.31053204388e-05	0	0.000364158524827	0.000629001088337	0.00181251629402	0.000111730456481	3.31053204388e-05	0.00292982085883	0.0055906609891	0.000248289903291	0.000115868621536	8.69014661519e-05	8.2763301097e-06	0	0	0.000686935399105	0.00168837134238	0.000355882194717	0.000467612651198	2.8967155384e-05	4.13816505485e-06	0	0	0.000790389525477	0.000471750816253	0.000583481272734	6.62106408776e-05	8.2763301097e-06	2.06908252743e-05	4.13816505485e-06
0	0	0	0	0	0	0	0	0	0	0	0	0	0	0	0	0	0	0	0	0	0	0	0	0	0	0	0	0	0	0	0	0	0	0	0	0	0	0	0	0	0	0	0	0	0	0	0	0	0	0	0	0	0	0	0	0	0	0	0	0	0	0	0	0	0	0	0	0	0	0	0	0	0	0	0	0	0	0	0	0	0	0	0
0	3.31053204388e-05	0	0	0.0133993784476	3.72434854937e-05	9.93159613164e-05	0.000529685127021	0.000115868621536	0.000798665855586	0.00203597720699	0.000124144951646	0.00158491721601	8.2763301097e-06	0.000132421281755	9.93159613164e-05	0	0	2.8967155384e-05	8.2763301097e-06	0.00341812433531	0	6.20724758228e-05	0	0.00250772802324	3.31053204388e-05	7.86251360422e-05	1.65526602194e-05	0.00515615365834	9.10396312067e-05	0	0	4.13816505485e-06	0	0.000297947883949	4.13816505485e-06	0	4.13816505485e-06	0	0.0036664142386	0	4.13816505485e-05	8.2763301097e-06	7.86251360422e-05	0.00100143594327	0.00056279044746	8.2763301097e-06	0.00235461591621	0	1.65526602194e-05	1.24144951646e-05	0	0	0	0	0.00353399295684	0	4.13816505485e-06	4.13816505485e-06	0.00156422639073	0	0	0	0.000360020359772	4.96579806582e-05	1.24144951646e-05	0	4.13816505485e-05	1.65526602194e-05	0.000111730456481	1.24144951646e-05	0	0.00028967155384	4.13816505485e-06	6.20724758228e-05	1.65526602194e-05	0	2.8967155384e-05	0	0.000115868621536	7.44869709873e-05	1.65526602194e-05	7.44869709873e-05	0
0	4.13816505485e-05	0	0	3.72434854937e-05	0.00366227607354	0.00150215391491	2.48289903291e-05	0.000434507330759	0.000740731544818	9.51777962616e-05	1.65526602194e-05	0.00108833740943	0	3.31053204388e-05	0.00197804289622	0	4.13816505485e-06	0	1.24144951646e-05	4.13816505485e-05	0	5.79343107679e-05	4.13816505485e-06	0.000575204942624	1.65526602194e-05	4.13816505485e-06	8.2763301097e-06	0.000397263845266	0.0001282831167	8.2763301097e-06	0	0.000380711185046	0	0.000157250272084	0	4.13816505485e-06	4.13816505485e-06	0	0	4.13816505485e-06	0	0	0	4.13816505485e-06	0	0	4.13816505485e-06	0	0	4.13816505485e-06	0	0	0	0	0	0	8.2763301097e-06	0	0	0	0	4.13816505485e-05	0	8.2763301097e-06	0	0	0	0	4.13816505485e-06	4.96579806582e-05	8.2763301097e-06	0.000132421281755	6.20724758228e-05	0.00189527959512	0.00115868621536	4.13816505485e-06	8.2763301097e-06	0	5.37961457131e-05	4.96579806582e-05	0	0	0
2.48289903291e-05	8.2763301097e-06	7.44869709873e-05	0	9.93159613164e-05	0.00150215391491	0.0413899268786	0.00633966886403	0.016374719122	0.000529685127021	0.0206784107791	0.00136145630305	0.00866945578991	6.62106408776e-05	0.00837150790596	0.00147732492458	0	5.79343107679e-05	0.000306224214059	9.51777962616e-05	0.00169664767249	4.13816505485e-06	8.2763301097e-06	8.69014661519e-05	0.000360020359772	3.31053204388e-05	0.00069107356416	0.000140697611865	0.00271877444104	0.00449404724957	8.2763301097e-06	1.65526602194e-05	0.00317811076213	0	0.00232978692588	2.06908252743e-05	1.24144951646e-05	1.24144951646e-05	0	0.000608310263063	0	0.0001282831167	2.48289903291e-05	3.72434854937e-05	0.000484165311418	0.000107592291426	2.06908252743e-05	0	4.13816505485e-06	2.48289903291e-05	0	0	0	4.13816505485e-06	4.13816505485e-06	8.2763301097e-06	1.24144951646e-05	1.24144951646e-05	2.06908252743e-05	0.000732455214709	0	1.65526602194e-05	2.06908252743e-05	0.000107592291426	8.2763301097e-05	8.2763301097e-06	0	0	2.48289903291e-05	5.37961457131e-05	0.00111730456481	0.000351744029662	0.00204839170215	0.000335191369443	0.00151043024502	0.000926948972287	7.44869709873e-05	5.37961457131e-05	4.13816505485e-06	3.31053204388e-05	1.65526602194e-05	4.13816505485e-06	0	4.13816505485e-06
0.00542927255197	7.44869709873e-05	0.00414230321991	0	0.000529685127021	2.48289903291e-05	0.00633966886403	0.0623621473766	0.0109040649195	0.00266084013027	0.0188327891646	0.00118351520569	0.000107592291426	2.8967155384e-05	0.0141608008177	0.000115868621536	1.65526602194e-05	0.00204839170215	0.000244151738236	0.000182079262413	0.000148973941975	0.00230909610061	4.96579806582e-05	0.00719626903039	0.00171733849776	2.8967155384e-05	0.00416713221024	0.000931087137342	0.0261614794768	0.00674107087435	0.00794113874026	4.96579806582e-05	0.000103454126371	0.000595895767899	0.00595895767899	0.000430369165705	8.2763301097e-05	0.000177941097359	0	0.0027684324217	0	0.000624862923283	0.000765560535148	0.000244151738236	0.00576032575635	0.000488303476472	0.00027311889362	7.03488059325e-05	2.8967155384e-05	0.000749007874928	0	1.24144951646e-05	4.13816505485e-05	4.55198156034e-05	0.000198631922633	0.000198631922633	0.00015311210703	0.000480027146363	0.000260704398456	0.00386504616123	1.65526602194e-05	0.000368296689882	0.000401402010321	0.000939363467451	0.00120834419602	0.000678659068996	4.13816505485e-06	7.86251360422e-05	0.000211046417797	0.000951777962616	0.00162629886656	0.000194493757578	0.00547893053262	0.00134490364283	6.20724758228e-05	2.06908252743e-05	1.24144951646e-05	0.00126214034173	0.000438645495814	0.00096419245778	0.000678659068996	0.00015311210703	0.000219322747907	8.2763301097e-06
0.00629828721348	0.000206908252743	0.00263187297489	0	0.000115868621536	0.000434507330759	0.016374719122	0.0109040649195	0.0477006285873	0.000976606952945	0.0151580985959	0.00112971905997	0.00158491721601	2.8967155384e-05	0.0266787501086	6.62106408776e-05	3.31053204388e-05	0.000223460912962	0.000517270631856	0.000223460912962	0.000608310263063	0.000223460912962	7.03488059325e-05	0.00135317997294	0.000629001088337	4.13816505485e-06	0.00404298725859	0.000811080350751	0.00326087406322	0.0086156596442	0.00101798860349	5.37961457131e-05	0.00249945169313	4.13816505485e-06	0.00370365772409	0.000120006786591	5.37961457131e-05	0.000194493757578	0	0.000604172098008	0	0.000430369165705	0.000124144951646	0.000107592291426	0.00170906216765	0.000343467699553	0.000169664767249	1.24144951646e-05	1.65526602194e-05	0.000260704398456	0	0	0	8.2763301097e-06	3.72434854937e-05	1.65526602194e-05	5.37961457131e-05	2.8967155384e-05	8.69014661519e-05	0.00124972584657	4.13816505485e-06	0.000517270631856	0.000459336321089	0.000339329534498	0.000583481272734	2.8967155384e-05	1.24144951646e-05	2.8967155384e-05	0.000111730456481	0.000380711185046	0.00186631243974	0.000285533388785	0.00344709149069	0.00121662052613	0.000889705486793	0.000322776874278	5.37961457131e-05	0.000260704398456	2.48289903291e-05	0.000297947883949	0.000186217427468	2.8967155384e-05	7.03488059325e-05	0
0.0011545480503	0.000600033932953	7.03488059325e-05	0	0.000798665855586	0.000740731544818	0.000529685127021	0.00266084013027	0.000976606952945	0.0325549444865	0.0014938775848	0.000120006786591	0.00166354235205	0	0.00103454126371	0.00139869978854	0.000657968243721	0.000339329534498	7.03488059325e-05	0.000120006786591	0.000442783660869	0.000169664767249	0.00504442320186	0.000413816505485	0.00969985888857	9.51777962616e-05	0.000587619437789	0.00027311889362	0.0107550909776	0.00197804289622	0.00338501901487	4.13816505485e-06	0.000111730456481	1.24144951646e-05	0.0011917915358	0.00134076547777	0.000140697611865	0.00150215391491	0	0.00333536103421	4.13816505485e-06	0.000148973941975	0.000666244573831	0.000148973941975	0.0166519761807	0.000140697611865	0.00014483577692	0.00100143594327	8.2763301097e-06	0.000798665855586	8.2763301097e-06	0.000244151738236	0.000157250272084	7.86251360422e-05	0.000318638709224	0.0017876873037	0.00183734528435	0.00531754209548	0.00313672911158	0.00531340393043	8.2763301097e-06	0.000587619437789	0.00110489006965	0.00156422639073	0.00160560804128	0.00182079262413	4.13816505485e-06	4.96579806582e-05	0.00110075190459	0.00164285152678	0.00386918432629	0.00069934989427	0.00136145630305	0.000678659068996	0.00167595684721	0.000331053204388	4.13816505485e-06	0.00353399295684	0.00107178474921	0.00225943811995	0.00159733171117	0.000393125680211	0.0001282831167	3.72434854937e-05
0.000484165311418	0.00042623100065	0.000124144951646	0	0.00203597720699	9.51777962616e-05	0.0206784107791	0.0188327891646	0.0151580985959	0.0014938775848	0.0640174133986	0.00679072885501	0.00974951686923	0.000111730456481	0.0127289957087	0.00028967155384	8.2763301097e-06	0.000314500544169	0.00127869300195	0.00188286509996	0.00316983443202	2.06908252743e-05	8.2763301097e-06	0.000268980728565	0.000777975030312	0.000343467699553	0.00324845956806	0.000761422370093	0.0138504384386	0.0111192495024	0.00026484256351	0.000103454126371	0.000446921825924	0.00027311889362	0.0111233876674	6.20724758228e-05	0.000388987515156	4.13816505485e-05	0	0.00647622831084	0	0.000393125680211	8.69014661519e-05	7.03488059325e-05	0.00395608579244	0.00139456162348	0.000107592291426	0.000902119981958	2.48289903291e-05	0.000120006786591	0	0	4.13816505485e-06	8.2763301097e-06	0.00026484256351	0.00345950598586	2.06908252743e-05	2.48289903291e-05	5.79343107679e-05	0.00713833471962	0.000111730456481	0.000484165311418	0.000223460912962	0.000314500544169	0.000306224214059	2.8967155384e-05	1.24144951646e-05	8.2763301097e-06	7.03488059325e-05	0.000260704398456	0.000786251360422	0.000169664767249	0.0104819720839	0.000980745118	0.000157250272084	2.06908252743e-05	2.06908252743e-05	0.000173802932304	3.31053204388e-05	0.000165526602194	6.62106408776e-05	3.72434854937e-05	2.8967155384e-05	0
0.000248289903291	0.000579343107679	2.8967155384e-05	0	0.000124144951646	1.65526602194e-05	0.00136145630305	0.00118351520569	0.00112971905997	0.000120006786591	0.00679072885501	0.0375910913583	0.00202770087688	0.00841702772157	0.00219736564413	2.06908252743e-05	4.55198156034e-05	0.00108833740943	0.00532995659065	0.00386090799618	0.00133248914766	3.72434854937e-05	5.37961457131e-05	7.86251360422e-05	0.000194493757578	0.00379055919024	0.0124020806694	0.00148146308964	0.000724178884599	0.0102254058505	0.000173802932304	0.00287602471312	9.51777962616e-05	0	0.0155926059267	7.44869709873e-05	0.000525546961966	4.55198156034e-05	0	0.000335191369443	0	0.0001282831167	4.55198156034e-05	9.10396312067e-05	0.000231737243072	0.000107592291426	0.00219736564413	4.13816505485e-06	0.00413816505485	0.000455198156034	0	0	0	0.00014483577692	0.00026484256351	4.13816505485e-05	3.72434854937e-05	3.31053204388e-05	4.13816505485e-06	0.000384849350101	0.0023463395861	0.00195735207094	0.00068279723405	3.72434854937e-05	0.000860738331409	1.24144951646e-05	0.000401402010321	1.65526602194e-05	3.72434854937e-05	0.00160974620634	0.000939363467451	0.00311190012125	0.0140407940311	0.00028139522373	8.2763301097e-06	4.13816505485e-06	0.000744869709873	0.00014483577692	0.00056279044746	0.000111730456481	8.2763301097e-06	1.24144951646e-05	0.000120006786591	0.000550375952295
8.2763301097e-06	1.65526602194e-05	4.13816505485e-06	0	0.00158491721601	0.00108833740943	0.00866945578991	0.000107592291426	0.00158491721601	0.00166354235205	0.00974951686923	0.00202770087688	0.0295671893169	4.55198156034e-05	0.00162629886656	0.00249531352808	0	4.13816505485e-06	0.000376573019991	0.000252428068346	0.0107012948318	0	2.8967155384e-05	0	0.00161388437139	4.55198156034e-05	0.00117937704063	0.000111730456481	0.00185803610963	0.0031532817718	0	1.65526602194e-05	0.000318638709224	0	0.00273946526631	0	4.13816505485e-06	4.13816505485e-06	0	0.000103454126371	0	4.13816505485e-06	0	0	0.00015311210703	6.20724758228e-05	4.13816505485e-06	9.51777962616e-05	4.13816505485e-06	4.13816505485e-06	4.13816505485e-06	0	0	0	4.13816505485e-06	9.93159613164e-05	4.13816505485e-06	1.65526602194e-05	4.13816505485e-06	0.000107592291426	0	8.2763301097e-06	8.2763301097e-06	0	1.24144951646e-05	4.13816505485e-06	0	0	0	4.13816505485e-06	9.93159613164e-05	2.06908252743e-05	0.00251600435335	6.20724758228e-05	0.00133248914766	0.000215184582852	0	0	0	0	0	8.69014661519e-05	0	4.13816505485e-06
1.24144951646e-05	0.000471750816253	1.65526602194e-05	0	8.2763301097e-06	0	6.62106408776e-05	2.8967155384e-05	2.8967155384e-05	0	0.000111730456481	0.00841702772157	4.55198156034e-05	0.017049240026	7.03488059325e-05	0	7.03488059325e-05	3.31053204388e-05	0.000206908252743	0.000277257058675	2.48289903291e-05	0	0.000157250272084	2.8967155384e-05	0.000132421281755	0.00594654318382	0.00364158524827	0.00280981407224	4.96579806582e-05	0.00041795467054	4.13816505485e-06	0.00208563518765	5.79343107679e-05	0	0.000566928612515	0	0.00013655944681	4.13816505485e-06	0	3.31053204388e-05	0	4.13816505485e-06	0	4.13816505485e-06	3.31053204388e-05	4.13816505485e-06	0.00152698290524	0	0.00454784339528	3.31053204388e-05	0	0	8.2763301097e-06	0.00040967834043	0.000194493757578	0	0	0	0	3.72434854937e-05	0.00241668839203	0.00140697611865	0.00127041667184	8.2763301097e-06	5.37961457131e-05	0	0.000980745118	8.2763301097e-06	0	0.00112144272986	0.000111730456481	0.0011545480503	0.000968330622835	0.000148973941975	0	0	0.000492441641527	4.13816505485e-06	7.44869709873e-05	3.31053204388e-05	0	4.13816505485e-06	2.8967155384e-05	0.000446921825924
0.0107964726281	0.000256566233401	0.00308293296586	0	0.000132421281755	3.31053204388e-05	0.00837150790596	0.0141608008177	0.0266787501086	0.00103454126371	0.0127289957087	0.00219736564413	0.00162629886656	7.03488059325e-05	0.0470343840134	8.2763301097e-05	3.72434854937e-05	0.00112144272986	0.000405540175375	0.000422092835595	0.000600033932953	0.000190355592523	6.62106408776e-05	0.0023008197705	0.000802804020641	4.13816505485e-06	0.00496165990077	0.00115040988525	0.00293395902389	0.017425813046	0.00228426711028	5.37961457131e-05	0.00190769409029	8.2763301097e-06	0.00736179563258	0.000169664767249	5.37961457131e-05	0.00014483577692	0	0.000405540175375	0	0.000397263845266	0.000173802932304	9.51777962616e-05	0.00184562161446	0.000318638709224	0.000202770087688	1.24144951646e-05	1.65526602194e-05	0.00055451411735	0	0	0	1.24144951646e-05	4.96579806582e-05	1.65526602194e-05	7.44869709873e-05	6.62106408776e-05	0.000111730456481	0.00122075869118	4.13816505485e-06	0.000413816505485	0.000326915039333	0.00041795467054	0.00111730456481	5.37961457131e-05	1.24144951646e-05	1.65526602194e-05	0.000186217427468	0.00042623100065	0.00290085370345	0.00070762622438	0.0059299905236	0.00118765337074	0.000955916127671	4.13816505485e-05	4.13816505485e-05	0.000293809718894	4.13816505485e-05	0.000260704398456	0.00014483577692	2.8967155384e-05	6.20724758228e-05	0
4.13816505485e-06	9.10396312067e-05	0	0	9.93159613164e-05	0.00197804289622	0.00147732492458	0.000115868621536	6.62106408776e-05	0.00139869978854	0.00028967155384	2.06908252743e-05	0.00249531352808	0	8.2763301097e-05	0.00629001088337	0.000186217427468	4.13816505485e-06	0	1.24144951646e-05	0.000240013573181	2.06908252743e-05	0.000260704398456	8.2763301097e-06	0.00126214034173	2.48289903291e-05	8.2763301097e-06	1.24144951646e-05	0.000943501632506	0.000157250272084	1.24144951646e-05	0	2.06908252743e-05	0	0.000211046417797	8.2763301097e-06	4.13816505485e-06	2.48289903291e-05	0	0	0	0	0	0	0.000103454126371	0	0	0	0	1.65526602194e-05	0	4.13816505485e-06	8.2763301097e-06	0	0	0	4.13816505485e-06	8.2763301097e-05	2.06908252743e-05	3.72434854937e-05	0	8.2763301097e-06	0.000173802932304	2.06908252743e-05	1.65526602194e-05	2.48289903291e-05	0	0	4.13816505485e-06	1.24144951646e-05	0.000902119981958	8.2763301097e-06	0.000277257058675	0.00015311210703	0.00279326141202	0.000525546961966	4.13816505485e-06	3.72434854937e-05	0	0.000206908252743	0.000194493757578	0	0	0
5.79343107679e-05	0.000782113195367	0.000157250272084	0	0	0	0	1.65526602194e-05	3.31053204388e-05	0.000657968243721	8.2763301097e-06	4.55198156034e-05	0	7.03488059325e-05	3.72434854937e-05	0.000186217427468	0.0212618920518	0.000120006786591	0	2.06908252743e-05	0	0.00301258415993	0.00987366182088	0.00436162596781	0.0101012608989	8.2763301097e-05	0.00082763301097	0.00731213765192	0.00305810397554	0.000268980728565	0.000285533388785	4.13816505485e-05	0	2.06908252743e-05	0.000351744029662	0	0.000140697611865	0.000277257058675	0	0	0	0	0	0	0.00013655944681	0	0	0	5.37961457131e-05	0	0	0.000430369165705	6.62106408776e-05	0	7.44869709873e-05	0	0.000529685127021	0.00328570305355	0.00109247557448	2.8967155384e-05	8.2763301097e-06	0.00015311210703	0.00192010858545	5.37961457131e-05	0	0.000120006786591	4.55198156034e-05	0	0	4.13816505485e-06	0.00205252986721	0.000740731544818	0.00013655944681	2.8967155384e-05	4.13816505485e-06	4.13816505485e-06	0	0.000322776874278	0.0001282831167	1.24144951646e-05	4.13816505485e-06	0	0	0
0.00142766694392	0.000922810807232	0.00376159203486	0	0	4.13816505485e-06	5.79343107679e-05	0.00204839170215	0.000223460912962	0.000339329534498	0.000314500544169	0.00108833740943	4.13816505485e-06	3.31053204388e-05	0.00112144272986	4.13816505485e-06	0.000120006786591	0.0233061455889	0.00222219463446	0.00564859529987	0	0.00177527280853	0.000148973941975	0.0107509528125	0.000649691913612	4.55198156034e-05	0.00983228017033	0.00225943811995	0.00100971227338	0.00103867942877	0.00470095550231	1.24144951646e-05	0	1.65526602194e-05	0.00662520225282	5.37961457131e-05	0.000612448428118	0.00161388437139	0	4.13816505485e-06	0	4.13816505485e-06	8.2763301097e-06	8.2763301097e-06	0.00015311210703	0	2.8967155384e-05	0	0	6.62106408776e-05	0	1.24144951646e-05	0.000604172098008	4.13816505485e-06	0.00015311210703	0	0.000115868621536	0.000211046417797	0.000368296689882	7.44869709873e-05	0	0.00393539496716	0.0012373113514	4.96579806582e-05	3.72434854937e-05	2.48289903291e-05	0	0	1.24144951646e-05	0.00014483577692	0.00132835098261	0.00100143594327	0.00230909610061	9.93159613164e-05	7.44869709873e-05	4.13816505485e-06	0	9.10396312067e-05	0.000467612651198	3.72434854937e-05	8.2763301097e-06	0	0	0
0.000107592291426	1.65526602194e-05	0	0	2.8967155384e-05	0	0.000306224214059	0.000244151738236	0.000517270631856	7.03488059325e-05	0.00127869300195	0.00532995659065	0.000376573019991	0.000206908252743	0.000405540175375	0	0	0.00222219463446	0.00973710237407	0.00427886266672	0.000219322747907	0.000103454126371	0	7.03488059325e-05	3.72434854937e-05	0.00028139522373	0.00365399974343	7.03488059325e-05	0.000277257058675	0.00214770766347	0.000475888981308	8.2763301097e-05	4.13816505485e-06	0	0.00359606543267	4.96579806582e-05	3.31053204388e-05	8.2763301097e-06	0	1.65526602194e-05	0	1.24144951646e-05	4.13816505485e-06	8.2763301097e-06	6.20724758228e-05	8.2763301097e-06	0.000115868621536	0	9.10396312067e-05	7.86251360422e-05	0	0	4.13816505485e-06	9.93159613164e-05	1.24144951646e-05	0	3.31053204388e-05	1.65526602194e-05	4.13816505485e-06	2.06908252743e-05	6.62106408776e-05	0.000368296689882	3.31053204388e-05	0	0.000124144951646	1.24144951646e-05	0	0	3.31053204388e-05	8.2763301097e-06	0.000744869709873	0.00096419245778	0.002942235354	0.000107592291426	1.65526602194e-05	0	0	5.79343107679e-05	1.24144951646e-05	0	0	0	8.2763301097e-06	0
0.000376573019991	0.00106764658415	6.62106408776e-05	0	8.2763301097e-06	1.24144951646e-05	9.51777962616e-05	0.000182079262413	0.000223460912962	0.000120006786591	0.00188286509996	0.00386090799618	0.000252428068346	0.000277257058675	0.000422092835595	1.24144951646e-05	2.06908252743e-05	0.00564859529987	0.00427886266672	0.0237365147546	0.000194493757578	0.000442783660869	5.37961457131e-05	0.000686935399105	0.000235875408127	0.00238772123665	0.0104281759382	0.00109247557448	0.000757284205038	0.00148560125469	0.00168837134238	8.2763301097e-05	0	2.06908252743e-05	0.00765146718642	2.06908252743e-05	0.00138628529338	0.000124144951646	0	3.72434854937e-05	0	4.13816505485e-06	0	8.2763301097e-06	7.86251360422e-05	8.2763301097e-06	0.000322776874278	0	0.000591757602844	2.48289903291e-05	0	4.13816505485e-06	0.000120006786591	0.000285533388785	0.000620724758228	4.13816505485e-06	6.20724758228e-05	7.86251360422e-05	9.10396312067e-05	9.10396312067e-05	0.00168837134238	0.00418368487045	0.00247876086786	2.8967155384e-05	6.20724758228e-05	2.8967155384e-05	3.72434854937e-05	4.13816505485e-06	8.2763301097e-06	0.000107592291426	0.00207735885754	0.00187458876985	0.00556169383372	0.000591757602844	7.03488059325e-05	8.2763301097e-06	2.06908252743e-05	0.0001282831167	0.000115868621536	2.48289903291e-05	1.65526602194e-05	0	8.2763301097e-06	0
4.13816505485e-06	3.31053204388e-05	4.13816505485e-06	0	0.00341812433531	4.13816505485e-05	0.00169664767249	0.000148973941975	0.000608310263063	0.000442783660869	0.00316983443202	0.00133248914766	0.0107012948318	2.48289903291e-05	0.000600033932953	0.000240013573181	0	0	0.000219322747907	0.000194493757578	0.0153856976739	0	1.24144951646e-05	0	0.000571066777569	1.65526602194e-05	0.000877290991628	0.0001282831167	0.00212701683819	0.00164698969183	0	4.13816505485e-06	4.96579806582e-05	0	0.00171320033271	4.13816505485e-06	3.31053204388e-05	4.13816505485e-06	0	0.0001282831167	0	0	0	0	0.000198631922633	3.31053204388e-05	4.13816505485e-06	0.000103454126371	4.13816505485e-06	4.13816505485e-06	4.13816505485e-06	0	0	0	2.48289903291e-05	0.0001282831167	4.13816505485e-06	1.65526602194e-05	4.13816505485e-06	0.000157250272084	0	2.8967155384e-05	1.24144951646e-05	0	4.13816505485e-06	4.13816505485e-06	0	0	0	4.13816505485e-06	8.69014661519e-05	2.48289903291e-05	0.00159733171117	3.72434854937e-05	5.37961457131e-05	0	0	0	0	0	0	6.20724758228e-05	0	4.13816505485e-06
0.000252428068346	0.0001282831167	0.00171733849776	0	0	0	4.13816505485e-06	0.00230909610061	0.000223460912962	0.000169664767249	2.06908252743e-05	3.72434854937e-05	0	0	0.000190355592523	2.06908252743e-05	0.00301258415993	0.00177527280853	0.000103454126371	0.000442783660869	0	0.0437445427948	0.00263601113994	0.0148684270421	0.000666244573831	1.24144951646e-05	0.00199459555644	0.000955916127671	0.00846254753717	0.00109247557448	0.0173844313954	4.13816505485e-06	0	1.65526602194e-05	0.00537961457131	1.65526602194e-05	0.000140697611865	5.37961457131e-05	0	4.13816505485e-06	9.51777962616e-05	2.48289903291e-05	7.44869709873e-05	1.65526602194e-05	0.000579343107679	1.65526602194e-05	4.55198156034e-05	0.000148973941975	8.2763301097e-06	8.2763301097e-05	0.000148973941975	0.000649691913612	0.000550375952295	3.72434854937e-05	0.000115868621536	0	0.00861979780926	0.0142518404489	0.00714247288467	0.00014483577692	4.13816505485e-06	9.93159613164e-05	0.00170906216765	7.44869709873e-05	0.000140697611865	0.00403471092848	8.2763301097e-06	8.2763301097e-06	4.13816505485e-06	0.000285533388785	0.00236703041137	0.000211046417797	0.00172147666282	0.000190355592523	0.0001282831167	0	0	0.00069107356416	0.000525546961966	0.000388987515156	0.000140697611865	2.48289903291e-05	3.31053204388e-05	0
0.00013655944681	0.00666244573831	7.86251360422e-05	0	6.20724758228e-05	5.79343107679e-05	8.2763301097e-06	4.96579806582e-05	7.03488059325e-05	0.00504442320186	8.2763301097e-06	5.37961457131e-05	2.8967155384e-05	0.000157250272084	6.62106408776e-05	0.000260704398456	0.00987366182088	0.000148973941975	0	5.37961457131e-05	1.24144951646e-05	0.00263601113994	0.0339826114304	0.00734110480731	0.0117027307751	0.0017049240026	0.00132421281755	0.00974537870417	0.00183734528435	0.00027311889362	0.00112144272986	2.06908252743e-05	0	3.31053204388e-05	0.000542099622186	4.96579806582e-05	0.000757284205038	0.00159319354612	0	1.24144951646e-05	9.51777962616e-05	1.65526602194e-05	4.96579806582e-05	4.13816505485e-06	0.00155595006062	8.2763301097e-06	1.65526602194e-05	0.000173802932304	9.10396312067e-05	4.55198156034e-05	0.000165526602194	0.0014938775848	0.000480027146363	1.24144951646e-05	0.000140697611865	0	0.00193252308062	0.0138628529338	0.00412988872474	0.000235875408127	8.2763301097e-05	0.00042623100065	0.00739903911807	0.000310362379114	4.13816505485e-06	0.00028139522373	5.37961457131e-05	4.13816505485e-06	0	3.72434854937e-05	0.00211460234303	0.000525546961966	0.000161388437139	3.72434854937e-05	0.000331053204388	8.2763301097e-05	0	0.00114627172019	0.000384849350101	7.03488059325e-05	3.72434854937e-05	8.2763301097e-06	4.13816505485e-06	0
0.00137800896327	0.00181665445908	0.0201363111569	0	0	4.13816505485e-06	8.69014661519e-05	0.00719626903039	0.00135317997294	0.000413816505485	0.000268980728565	7.86251360422e-05	0	2.8967155384e-05	0.0023008197705	8.2763301097e-06	0.00436162596781	0.0107509528125	7.03488059325e-05	0.000686935399105	0	0.0148684270421	0.00734110480731	0.08110389691	0.00141939061381	7.86251360422e-05	0.0106061170356	0.0138214712832	0.00539616723153	0.00101798860349	0.00598792483437	1.24144951646e-05	4.13816505485e-06	2.8967155384e-05	0.00712592022445	7.44869709873e-05	0.00433265881243	0.0092115554121	0	2.06908252743e-05	9.51777962616e-05	2.06908252743e-05	0.000198631922633	1.65526602194e-05	0.00069934989427	1.65526602194e-05	5.37961457131e-05	0.000169664767249	5.79343107679e-05	0.000148973941975	0.000165526602194	0.00152284474019	0.00216012215863	2.8967155384e-05	0.000211046417797	0	0.00145663409931	0.0175913396482	0.00764732902137	0.000504856136692	5.79343107679e-05	0.00329397938366	0.0153277633632	0.000351744029662	0.000173802932304	0.000202770087688	1.24144951646e-05	4.13816505485e-06	1.65526602194e-05	0.00117523887558	0.00482923861901	0.00104281759382	0.0040967834043	0.000471750816253	0.000302086049004	4.96579806582e-05	0	0.00148146308964	0.000931087137342	0.00148560125469	0.000235875408127	1.65526602194e-05	4.96579806582e-05	4.13816505485e-06
0.000376573019991	0.00436576413287	0.000591757602844	0	0.00250772802324	0.000575204942624	0.000360020359772	0.00171733849776	0.000629001088337	0.00969985888857	0.000777975030312	0.000194493757578	0.00161388437139	0.000132421281755	0.000802804020641	0.00126214034173	0.0101012608989	0.000649691913612	3.72434854937e-05	0.000235875408127	0.000571066777569	0.000666244573831	0.0117027307751	0.00141939061381	0.0445390704854	0.00100971227338	0.00327328855839	0.00869014661519	0.0131924701949	0.00100143594327	0.00127869300195	7.03488059325e-05	1.65526602194e-05	6.62106408776e-05	0.00142352877887	7.86251360422e-05	0.000297947883949	0.000993159613164	0	0.000488303476472	0	0.000107592291426	0.000115868621536	0.00014483577692	0.00411333606452	0.000103454126371	7.03488059325e-05	8.69014661519e-05	4.96579806582e-05	0.000248289903291	0	7.03488059325e-05	9.51777962616e-05	1.65526602194e-05	0.000157250272084	0.000140697611865	0.00110489006965	0.00380297368541	0.00188700326501	0.000798665855586	1.24144951646e-05	0.00054623778724	0.00104281759382	0.000430369165705	0.000422092835595	0.000347605864608	4.13816505485e-05	0.00013655944681	6.20724758228e-05	0.000939363467451	0.0050775285223	0.00166768051711	0.00158077905095	0.000753146039983	0.000757284205038	0.000169664767249	4.13816505485e-06	0.00118351520569	0.000310362379114	0.000955916127671	0.000657968243721	0.000115868621536	0.00026484256351	1.65526602194e-05
8.2763301097e-06	0.00261945847972	3.72434854937e-05	0	3.31053204388e-05	1.65526602194e-05	3.31053204388e-05	2.8967155384e-05	4.13816505485e-06	9.51777962616e-05	0.000343467699553	0.00379055919024	4.55198156034e-05	0.00594654318382	4.13816505485e-06	2.48289903291e-05	8.2763301097e-05	4.55198156034e-05	0.00028139522373	0.00238772123665	1.65526602194e-05	1.24144951646e-05	0.0017049240026	7.86251360422e-05	0.00100971227338	0.0149180850227	0.00362089442299	0.00268153095554	0.000326915039333	0.00013655944681	0.000186217427468	0.00117110071052	0	0	0.000947639797561	0	0.000161388437139	1.24144951646e-05	0	4.13816505485e-06	0	0	0	0	1.65526602194e-05	4.13816505485e-06	0.000624862923283	0	0.00427058633661	1.24144951646e-05	0	0	2.8967155384e-05	3.31053204388e-05	2.06908252743e-05	4.13816505485e-06	4.13816505485e-06	1.65526602194e-05	1.65526602194e-05	8.2763301097e-06	0.00427886266672	0.00198218106127	0.00249531352808	0	4.13816505485e-06	0	0.00112971905997	0	0	0.000558652282405	0.00028139522373	0.000318638709224	0.0010635084191	9.51777962616e-05	1.65526602194e-05	8.2763301097e-06	0.000314500544169	1.65526602194e-05	2.48289903291e-05	1.24144951646e-05	0	4.13816505485e-06	4.13816505485e-06	0.000190355592523
0.00532995659065	0.00490786375505	0.0137842277977	0	7.86251360422e-05	4.13816505485e-06	0.00069107356416	0.00416713221024	0.00404298725859	0.000587619437789	0.00324845956806	0.0124020806694	0.00117937704063	0.00364158524827	0.00496165990077	8.2763301097e-06	0.00082763301097	0.00983228017033	0.00365399974343	0.0104281759382	0.000877290991628	0.00199459555644	0.00132421281755	0.0106061170356	0.00327328855839	0.00362089442299	0.0848406599546	0.0242496472214	0.00275187976148	0.0059672340091	0.00519339714384	0.00411747422958	8.2763301097e-06	5.79343107679e-05	0.0116613491246	0.000103454126371	0.00751076957456	0.00150629207997	0	0.000256566233401	4.13816505485e-06	9.93159613164e-05	8.69014661519e-05	7.03488059325e-05	0.000794527690531	8.69014661519e-05	0.00117523887558	1.24144951646e-05	0.00194907574083	0.00028967155384	4.13816505485e-06	0.000107592291426	0.000943501632506	0.000943501632506	0.00316983443202	3.31053204388e-05	0.000525546961966	0.00127455483689	0.000823494845915	0.000575204942624	0.00279326141202	0.0150629207997	0.00890119303299	0.000206908252743	0.000616586593173	0.000244151738236	0.00084418567119	8.2763301097e-06	3.31053204388e-05	0.00083590934108	0.00610379345591	0.00457681055067	0.00922810807232	0.00056279044746	0.000140697611865	0	2.8967155384e-05	0.00156422639073	0.00142352877887	0.000248289903291	6.20724758228e-05	1.65526602194e-05	8.69014661519e-05	2.48289903291e-05
0.00127455483689	0.0170119965405	0.00783354644883	0	1.65526602194e-05	8.2763301097e-06	0.000140697611865	0.000931087137342	0.000811080350751	0.00027311889362	0.000761422370093	0.00148146308964	0.000111730456481	0.00280981407224	0.00115040988525	1.24144951646e-05	0.00731213765192	0.00225943811995	7.03488059325e-05	0.00109247557448	0.0001282831167	0.000955916127671	0.00974537870417	0.0138214712832	0.00869014661519	0.00268153095554	0.0242496472214	0.0774912788171	0.00283464306257	0.00179182546875	0.00233392509094	0.000823494845915	0	0.000103454126371	0.00479199513352	4.13816505485e-05	0.0137718133025	0.00306224214059	0	6.20724758228e-05	4.13816505485e-06	1.24144951646e-05	6.20724758228e-05	1.24144951646e-05	0.000446921825924	1.65526602194e-05	0.000202770087688	8.2763301097e-06	0.000860738331409	5.37961457131e-05	4.13816505485e-06	0.000227599078017	0.00120834419602	0.00015311210703	0.00112144272986	8.2763301097e-06	0.00042623100065	0.00542927255197	0.00188286509996	0.000422092835595	0.000686935399105	0.00559893731921	0.0163788572871	0.000173802932304	9.51777962616e-05	0.000198631922633	0.000537961457131	4.13816505485e-06	1.65526602194e-05	0.000566928612515	0.00709281490402	0.00132835098261	0.0035381311219	0.000215184582852	7.86251360422e-05	8.2763301097e-06	4.13816505485e-06	0.00135317997294	0.00114213355514	0.000248289903291	9.51777962616e-05	8.2763301097e-06	2.48289903291e-05	0
0.000686935399105	0.000608310263063	0.00132835098261	0	0.00515615365834	0.000397263845266	0.00271877444104	0.0261614794768	0.00326087406322	0.0107550909776	0.0138504384386	0.000724178884599	0.00185803610963	4.96579806582e-05	0.00293395902389	0.000943501632506	0.00305810397554	0.00100971227338	0.000277257058675	0.000757284205038	0.00212701683819	0.00846254753717	0.00183734528435	0.00539616723153	0.0131924701949	0.000326915039333	0.00275187976148	0.00283464306257	0.0865373076271	0.0025573860039	0.00839219873124	3.72434854937e-05	8.2763301097e-05	0.000343467699553	0.00580998373701	0.000604172098008	0.000335191369443	0.000997297778219	0	0.0104323141033	0	0.000744869709873	0.000711764389434	0.00041795467054	0.0142145969634	0.00156422639073	0.00026484256351	0.0020897733527	1.65526602194e-05	0.000728317049654	4.13816505485e-06	0.000211046417797	0.000285533388785	0.000107592291426	0.000471750816253	0.00446094192913	0.00253669517862	0.00702246609808	0.00341398617025	0.0108171634534	1.65526602194e-05	0.000608310263063	0.00131593648744	0.00193252308062	0.00108419924437	0.00266911646038	4.13816505485e-06	0.00014483577692	0.000182079262413	0.0013655944681	0.00640587950491	0.00163457519667	0.00634794519414	0.00247048453775	0.000657968243721	5.79343107679e-05	8.2763301097e-06	0.0033726045197	0.00140283795359	0.00180837812897	0.00156836455579	0.000310362379114	0.000368296689882	1.65526602194e-05
0.00602103015481	0.000657968243721	0.000438645495814	0	9.10396312067e-05	0.0001282831167	0.00449404724957	0.00674107087435	0.0086156596442	0.00197804289622	0.0111192495024	0.0102254058505	0.0031532817718	0.00041795467054	0.017425813046	0.000157250272084	0.000268980728565	0.00103867942877	0.00214770766347	0.00148560125469	0.00164698969183	0.00109247557448	0.00027311889362	0.00101798860349	0.00100143594327	0.00013655944681	0.0059672340091	0.00179182546875	0.0025573860039	0.0529767890322	0.00976606952945	0.000124144951646	0.00253255701357	0.00277670875181	0.0219736564413	0.000293809718894	0.000277257058675	7.86251360422e-05	0	0.000124144951646	0	4.55198156034e-05	0.000235875408127	4.55198156034e-05	0.00191183225534	6.20724758228e-05	0.000132421281755	4.13816505485e-06	4.13816505485e-06	0.000864876496464	0	4.13816505485e-06	1.65526602194e-05	1.24144951646e-05	0.000190355592523	2.06908252743e-05	0.000360020359772	0.00196562840105	0.00028967155384	0.000653830078667	8.2763301097e-06	0.000351744029662	0.000240013573181	0.000550375952295	0.00141939061381	0.000926948972287	0	4.13816505485e-06	0.000198631922633	0.000339329534498	0.0035381311219	0.000943501632506	0.0157746851891	0.00138628529338	0.000600033932953	0.000120006786591	0.000161388437139	0.000471750816253	0.000103454126371	0.000260704398456	0.00014483577692	3.72434854937e-05	1.65526602194e-05	4.13816505485e-06
0.00411747422958	0.000960054292726	0.00180837812897	0	0	8.2763301097e-06	8.2763301097e-06	0.00794113874026	0.00101798860349	0.00338501901487	0.00026484256351	0.000173802932304	0	4.13816505485e-06	0.00228426711028	1.24144951646e-05	0.000285533388785	0.00470095550231	0.000475888981308	0.00168837134238	0	0.0173844313954	0.00112144272986	0.00598792483437	0.00127869300195	0.000186217427468	0.00519339714384	0.00233392509094	0.00839219873124	0.00976606952945	0.0539533959852	2.48289903291e-05	0	0.000521408796911	0.0114585790369	0.000802804020641	0.000194493757578	0.000504856136692	0	8.2763301097e-06	0	1.24144951646e-05	0.000612448428118	4.55198156034e-05	0.00395608579244	6.20724758228e-05	0.000124144951646	8.2763301097e-06	8.2763301097e-06	0.000790389525477	0	0.0001282831167	0.000173802932304	2.48289903291e-05	0.00013655944681	0	0.00602930648492	0.011922053523	0.00300016966477	0.000604172098008	4.13816505485e-06	0.000194493757578	0.000488303476472	0.000877290991628	0.00096419245778	0.00629414904843	0	2.06908252743e-05	9.51777962616e-05	0.000914534477122	0.000235875408127	0.0001282831167	0.00271877444104	0.000132421281755	2.48289903291e-05	0	4.13816505485e-06	0.00125386401162	0.000525546961966	0.00122075869118	0.000521408796911	0.000173802932304	0.000186217427468	8.2763301097e-06
1.24144951646e-05	7.03488059325e-05	4.13816505485e-06	0	0	0	1.65526602194e-05	4.96579806582e-05	5.37961457131e-05	4.13816505485e-06	0.000103454126371	0.00287602471312	1.65526602194e-05	0.00208563518765	5.37961457131e-05	0	4.13816505485e-05	1.24144951646e-05	8.2763301097e-05	8.2763301097e-05	4.13816505485e-06	4.13816505485e-06	2.06908252743e-05	1.24144951646e-05	7.03488059325e-05	0.00117110071052	0.00411747422958	0.000823494845915	3.72434854937e-05	0.000124144951646	2.48289903291e-05	0.00510649567769	0	0	0.000120006786591	1.65526602194e-05	0.000157250272084	4.13816505485e-06	0	8.2763301097e-06	0	0	4.13816505485e-06	0	0.000107592291426	4.13816505485e-06	0.000480027146363	4.13816505485e-06	0.000943501632506	4.55198156034e-05	0	0	0	7.44869709873e-05	4.13816505485e-06	4.13816505485e-06	4.13816505485e-06	8.2763301097e-06	0	2.48289903291e-05	0.000488303476472	0.000732455214709	0.000517270631856	0	0.000240013573181	0	0.000496579806582	0	4.13816505485e-06	0.000277257058675	0.000115868621536	0.000132421281755	0.000186217427468	3.31053204388e-05	0	0	0	1.24144951646e-05	4.55198156034e-05	2.06908252743e-05	0	0	0	1.24144951646e-05
4.96579806582e-05	0	4.13816505485e-06	0	4.13816505485e-06	0.000380711185046	0.00317811076213	0.000103454126371	0.00249945169313	0.000111730456481	0.000446921825924	9.51777962616e-05	0.000318638709224	5.79343107679e-05	0.00190769409029	2.06908252743e-05	0	0	4.13816505485e-06	0	4.96579806582e-05	0	0	4.13816505485e-06	1.65526602194e-05	0	8.2763301097e-06	0	8.2763301097e-05	0.00253255701357	0	0	0.0055451411735	0	0.000451059990979	1.24144951646e-05	0	0	0	2.48289903291e-05	0	0	0	0	3.72434854937e-05	0	0	0	0	8.2763301097e-06	0	0	0	0	0	0	4.13816505485e-06	0	4.13816505485e-06	2.48289903291e-05	0	0	0	0	2.48289903291e-05	4.13816505485e-06	0	0	2.06908252743e-05	4.13816505485e-06	0.000277257058675	8.2763301097e-06	0.000190355592523	0.00015311210703	0.000248289903291	0.000293809718894	4.13816505485e-06	4.13816505485e-06	0	8.2763301097e-06	0	0	0	0
