0.0319900466038	0.000113873600304	0.0024419560954	0	0.000143396385568	5.06104890239e-05	0.00166171105628	0.00886105311993	0.0140359756226	0.001054385188	0.00134961304064	0.000274140148879	0.000303662934143	8.01332742878e-05	0.0201050167647	2.10877037599e-05	0.000295227852639	0.00113873600304	6.32631112798e-05	0.000320533097151	0.000619978490542	0.00333607473482	0.000438624238207	0.004778473672	0.00155205499673	3.37403260159e-05	0.00131165517387	0.00053141013475	0.00407836190717	0.0151451888404	0.0158199953607	4.21754075199e-06	0.000362708504671	0.00146348664094	0.00376626389152	8.43508150398e-05	0.0001054385188	9.27858965437e-05	0	8.43508150398e-06	0	1.2652622256e-05	0.000253052445119	4.21754075199e-05	0.000514539971742	5.90455705278e-05	1.6870163008e-05	2.95227852639e-05	8.43508150398e-06	5.06104890239e-05	0	0.000151831467072	2.95227852639e-05	0	2.10877037599e-05	4.21754075199e-05	0.000198224415343	0.000501887349487	0.000269922608127	0.000522975053246	4.21754075199e-06	1.2652622256e-05	0.000261487526623	0.000392231289935	0.0001054385188	7.16981927838e-05	4.21754075199e-06	0	4.63929482719e-05	5.48280297758e-05	0.000881466017165	0.000404883912191	0.00252630691044	0.000881466017165	0.000177136711583	0.000109656059552	4.63929482719e-05	0.000122308681808	5.90455705278e-05	8.43508150398e-05	4.21754075199e-05	2.95227852639e-05	4.21754075199e-06	8.43508150398e-06
0.000113873600304	0.0246051327471	0.00319689589001	0	4.21754075199e-06	4.21754075199e-06	2.10877037599e-05	4.21754075199e-05	0.000101220978048	0.000590455705278	2.10877037599e-05	8.85683557917e-05	4.21754075199e-06	0.000307880474895	6.32631112798e-05	0	0.000556715379262	0.00121043419582	7.16981927838e-05	0.000590455705278	8.43508150398e-06	0.000223529659855	0.00384217962506	0.00129056747011	0.00078446257987	0.000383796208431	0.0082832500369	0.0137323126885	0.0001054385188	0.000143396385568	0.000295227852639	2.53052445119e-05	2.53052445119e-05	1.2652622256e-05	0.00072119946859	3.37403260159e-05	0.0116572826385	0.00137491828515	0	0	0	4.21754075199e-06	6.74806520318e-05	2.10877037599e-05	6.74806520318e-05	2.95227852639e-05	0.000130743763312	3.37403260159e-05	0.000113873600304	2.10877037599e-05	4.21754075199e-06	7.16981927838e-05	0.000970034372957	5.48280297758e-05	0.00108390797326	1.6870163008e-05	8.01332742878e-05	0.000345838341663	0.000244617363615	0.000101220978048	0.0014761392632	0.00323485375677	0.00855739018578	7.59157335358e-05	2.95227852639e-05	2.10877037599e-05	8.43508150398e-06	0	4.21754075199e-06	0.00076337487611	0.00120621665507	0.00109234305476	0.00078446257987	0.000303662934143	4.63929482719e-05	1.2652622256e-05	2.95227852639e-05	0.000409101452943	0.00133274287763	0.00053141013475	0.000109656059552	4.21754075199e-06	1.2652622256e-05	2.10877037599e-05
0.0024419560954	0.00319689589001	0.0359334472069	0	1.2652622256e-05	8.43508150398e-06	0.000194006874591	0.000544062757006	0.00155627253748	0.000244617363615	6.32631112798e-05	0.000130743763312	5.06104890239e-05	5.90455705278e-05	0.00177558465659	4.21754075199e-06	0.000556715379262	0.00453807384914	6.74806520318e-05	0.000527192593998	6.32631112798e-05	0.00227747200607	0.00112608338078	0.0128930220788	0.000354273423167	5.90455705278e-05	0.00969612618882	0.0107167710508	0.000653718816558	0.0013791358259	0.00407836190717	8.43508150398e-06	4.63929482719e-05	0.000101220978048	0.00187680563463	5.48280297758e-05	0.0038295270028	0.00188102317539	0	0	4.21754075199e-06	0	8.43508150398e-05	3.37403260159e-05	5.90455705278e-05	2.53052445119e-05	3.37403260159e-05	0	2.95227852639e-05	5.06104890239e-05	0	0.000139178844816	0.00063684865355	1.2652622256e-05	0.000227747200607	4.21754075199e-06	0.000172919170831	0.000940511587693	0.000662153898062	7.16981927838e-05	0.00014761392632	0.00113873600304	0.00483330170178	9.27858965437e-05	3.79578667679e-05	5.06104890239e-05	4.21754075199e-06	0	1.2652622256e-05	0.000337403260159	0.00261065772548	0.0020202020202	0.00232386495435	0.00113030092153	6.74806520318e-05	2.53052445119e-05	2.53052445119e-05	0.000358490963919	0.000881466017165	0.000413318993695	0.00014761392632	3.79578667679e-05	2.53052445119e-05	4.21754075199e-06
0	0	0	0	0	0	0	0	0	0	0	0	0	0	0	0	0	0	0	0	0	0	0	0	0	0	0	0	0	0	0	0	0	0	0	0	0	0	0	0	0	0	0	0	0	0	0	0	0	0	0	0	0	0	0	0	0	0	0	0	0	0	0	0	0	0	0	0	0	0	0	0	0	0	0	0	0	0	0	0	0	0	0	0
0.000143396385568	4.21754075199e-06	1.2652622256e-05	0	0.014352291179	2.10877037599e-05	0.000565150460766	0.000666371438814	0.000400666371439	0.000776027498366	0.00176714957508	6.32631112798e-05	0.00332342211257	0	0.000400666371439	0.000164484089328	0	8.43508150398e-06	4.21754075199e-06	1.6870163008e-05	0.00554184854811	4.21754075199e-06	1.2652622256e-05	2.10877037599e-05	0.00662153898062	1.2652622256e-05	3.37403260159e-05	2.10877037599e-05	0.00511165939141	0.000518757512494	4.63929482719e-05	0	3.79578667679e-05	8.85683557917e-05	0.000485017186479	8.43508150398e-06	0	0	0	0.000577803083022	0	4.21754075199e-05	1.2652622256e-05	1.2652622256e-05	0.000544062757006	0.000202441956095	1.6870163008e-05	0.000708546846334	0	1.2652622256e-05	1.2652622256e-05	4.21754075199e-06	0	0	0	0.00129478501086	0	1.6870163008e-05	0	0.00067902406107	4.21754075199e-06	0	0	0.000430189156703	1.6870163008e-05	0	4.21754075199e-06	4.21754075199e-06	0	2.53052445119e-05	8.85683557917e-05	2.53052445119e-05	0.000328968178655	8.01332742878e-05	0.000194006874591	2.53052445119e-05	4.21754075199e-06	0	1.6870163008e-05	1.2652622256e-05	0	8.43508150398e-06	0	0
5.06104890239e-05	4.21754075199e-06	8.43508150398e-06	0	2.10877037599e-05	0.00393918306236	0.00123995698108	5.90455705278e-05	0.000860378313405	7.16981927838e-05	9.27858965437e-05	3.37403260159e-05	9.27858965437e-05	4.21754075199e-06	0.000219312119103	0.000746504713102	8.43508150398e-06	4.21754075199e-06	8.43508150398e-06	1.6870163008e-05	7.59157335358e-05	2.53052445119e-05	4.21754075199e-06	3.37403260159e-05	2.95227852639e-05	1.2652622256e-05	2.10877037599e-05	1.6870163008e-05	5.06104890239e-05	0.000303662934143	3.79578667679e-05	0	0.00171653908606	4.21754075199e-06	0.000337403260159	0	4.21754075199e-06	8.43508150398e-06	0	0	0	4.21754075199e-06	4.21754075199e-06	4.21754075199e-06	8.43508150398e-06	8.43508150398e-06	0	0	4.21754075199e-06	0	0	0	4.21754075199e-06	0	4.21754075199e-06	0	0	4.21754075199e-06	2.10877037599e-05	4.21754075199e-06	4.21754075199e-06	4.21754075199e-06	1.6870163008e-05	8.43508150398e-06	4.21754075199e-06	0	0	0	4.21754075199e-06	1.6870163008e-05	8.85683557917e-05	1.2652622256e-05	0.000282575230383	0.00012652622256	0.000995339617469	0.000932076506189	1.2652622256e-05	1.6870163008e-05	2.10877037599e-05	3.79578667679e-05	3.37403260159e-05	2.10877037599e-05	1.2652622256e-05	0
0.00166171105628	2.10877037599e-05	0.000194006874591	0	0.000565150460766	0.00123995698108	0.0394340060311	0.00616604457941	0.0192657261551	0.000261487526623	0.0144492946163	0.000506104890239	0.00773496973915	0.000113873600304	0.00417536534447	0.000953164209949	2.95227852639e-05	8.01332742878e-05	9.27858965437e-05	5.90455705278e-05	0.00420067058898	0.000362708504671	6.74806520318e-05	0.000619978490542	0.00104173256574	5.06104890239e-05	0.000307880474895	0.000109656059552	0.00389700765484	0.00332342211257	0.00115560616604	0	0.00292275574113	0.000177136711583	0.00258113494022	1.2652622256e-05	1.2652622256e-05	2.53052445119e-05	0	1.2652622256e-05	0	8.43508150398e-06	4.63929482719e-05	0	0.000185571793087	2.53052445119e-05	8.43508150398e-06	2.10877037599e-05	0	2.95227852639e-05	4.21754075199e-06	2.95227852639e-05	8.43508150398e-06	4.21754075199e-06	8.43508150398e-06	3.79578667679e-05	1.2652622256e-05	8.43508150398e-05	3.79578667679e-05	0.000312098015647	8.43508150398e-06	0	4.21754075199e-05	0.000202441956095	3.37403260159e-05	8.43508150398e-06	0	0	1.2652622256e-05	3.37403260159e-05	0.000974251913709	0.000202441956095	0.00240821576938	0.000548280297758	0.000839290609646	0.000999557158221	6.74806520318e-05	2.95227852639e-05	3.37403260159e-05	4.63929482719e-05	0	1.2652622256e-05	8.43508150398e-06	4.21754075199e-06
0.00886105311993	4.21754075199e-05	0.000544062757006	0	0.000666371438814	5.90455705278e-05	0.00616604457941	0.0453512157061	0.0109656059552	0.00149722696696	0.0109866936589	0.000396448830687	0.000809767824382	0.000101220978048	0.0105185466355	0.000156049007824	0.000227747200607	0.000118091141056	6.32631112798e-05	8.85683557917e-05	0.00109234305476	0.00150987958921	0.000194006874591	0.00166592859704	0.00316315556399	5.90455705278e-05	0.000404883912191	0.000358490963919	0.0204677252694	0.0072204297674	0.0102275363236	0	0.000438624238207	0.00177980219734	0.00376626389152	0.000164484089328	4.63929482719e-05	2.53052445119e-05	0	0.000194006874591	4.21754075199e-06	4.63929482719e-05	0.000400666371439	0.000118091141056	0.0019147635014	0.000303662934143	1.2652622256e-05	0.000231964741359	4.21754075199e-06	0.000210877037599	8.43508150398e-06	0.000130743763312	2.53052445119e-05	8.43508150398e-06	1.6870163008e-05	0.000468147023471	0.000101220978048	0.000257269985871	0.000130743763312	0.00264861559225	4.21754075199e-06	4.21754075199e-06	0.000113873600304	0.00156470761899	0.000248834904367	6.74806520318e-05	0	1.2652622256e-05	6.32631112798e-05	0.000210877037599	0.00131587271462	0.000282575230383	0.00290166803737	0.000733852090846	0.000282575230383	0.000202441956095	5.48280297758e-05	0.000130743763312	5.48280297758e-05	0.000219312119103	7.59157335358e-05	5.48280297758e-05	2.95227852639e-05	0
0.0140359756226	0.000101220978048	0.00155627253748	0	0.000400666371439	0.000860378313405	0.0192657261551	0.0109656059552	0.0512009447291	0.000729634550094	0.0103709327091	0.000771809957614	0.00337403260159	0.000185571793087	0.0233736108475	0.000210877037599	0.000227747200607	0.000603108327534	0.000122308681808	0.000299445393391	0.00389279011408	0.00221842643555	0.000307880474895	0.00339512030535	0.00173762678982	9.70034372957e-05	0.00113030092153	0.000548280297758	0.00627570063896	0.0104257607389	0.00830433774066	8.43508150398e-06	0.00344573079437	0.000328968178655	0.00467725269395	5.48280297758e-05	9.70034372957e-05	6.32631112798e-05	0	3.37403260159e-05	0	2.95227852639e-05	0.000181354252335	3.79578667679e-05	0.000421754075199	7.59157335358e-05	3.37403260159e-05	3.79578667679e-05	0	8.01332742878e-05	4.21754075199e-06	6.74806520318e-05	1.6870163008e-05	4.21754075199e-06	2.10877037599e-05	7.16981927838e-05	0.000101220978048	0.000286792771135	0.00016870163008	0.000649501275806	8.43508150398e-06	1.2652622256e-05	0.000181354252335	0.000425971615951	7.59157335358e-05	3.79578667679e-05	4.21754075199e-06	4.21754075199e-06	3.37403260159e-05	5.48280297758e-05	0.00114717108454	0.000485017186479	0.0038210919213	0.000961599291453	0.000501887349487	0.000822420446638	0.0001054385188	0.000101220978048	7.16981927838e-05	8.43508150398e-05	4.21754075199e-05	3.79578667679e-05	2.10877037599e-05	0
0.001054385188	0.000590455705278	0.000244617363615	0	0.000776027498366	7.16981927838e-05	0.000261487526623	0.00149722696696	0.000729634550094	0.0277176778221	0.000388013749183	6.74806520318e-05	0.00122308681808	3.37403260159e-05	0.00120621665507	0.000948946669197	0.00256004723646	0.000122308681808	1.6870163008e-05	5.48280297758e-05	0.000425971615951	0.00150566204846	0.0069926825668	0.00228168954683	0.00991965584867	4.21754075199e-05	0.000447059319711	0.0014761392632	0.00466038253095	0.00256004723646	0.0042428459965	8.43508150398e-06	5.06104890239e-05	0.000978469454461	0.00190211087915	0.000472364564223	0.000164484089328	0.000253052445119	0	0.000472364564223	1.6870163008e-05	0.000122308681808	0.00102486240273	0.000210877037599	0.00557980641488	0.000544062757006	5.48280297758e-05	0.000653718816558	1.6870163008e-05	0.000392231289935	4.63929482719e-05	0.00194006874591	8.85683557917e-05	0	3.37403260159e-05	0.00118512895131	0.00156892515974	0.00716138419687	0.00262752788849	0.00536471183653	2.95227852639e-05	5.06104890239e-05	0.000788680120622	0.00316737310474	0.000577803083022	0.000489234727231	4.21754075199e-06	1.2652622256e-05	0.000231964741359	0.000632631112798	0.00187680563463	0.000341620800911	0.00121043419582	0.000485017186479	0.00176714957508	2.53052445119e-05	1.2652622256e-05	0.000818202905886	0.000388013749183	0.000480799645727	0.000206659496847	0.00016870163008	6.32631112798e-05	4.21754075199e-06
0.00134961304064	2.10877037599e-05	6.32631112798e-05	0	0.00176714957508	9.27858965437e-05	0.0144492946163	0.0109866936589	0.0103709327091	0.000388013749183	0.037122793699	0.000447059319711	0.00536892937728	7.59157335358e-05	0.00496826300584	0.000223529659855	1.6870163008e-05	4.21754075199e-05	8.01332742878e-05	0.000109656059552	0.00758735581283	9.27858965437e-05	3.79578667679e-05	0.000151831467072	0.0013707007444	6.74806520318e-05	0.000383796208431	0.000101220978048	0.00836338331119	0.00376204635077	0.000345838341663	4.21754075199e-06	0.000569368001518	0.000366926045423	0.00354273423167	8.43508150398e-06	1.6870163008e-05	1.2652622256e-05	0	7.59157335358e-05	0	1.2652622256e-05	4.21754075199e-05	0	0.000248834904367	6.74806520318e-05	1.2652622256e-05	5.06104890239e-05	8.43508150398e-06	0	0	1.6870163008e-05	0	8.43508150398e-06	8.43508150398e-06	0.000172919170831	4.21754075199e-06	4.63929482719e-05	8.43508150398e-06	0.000501887349487	1.6870163008e-05	1.2652622256e-05	2.95227852639e-05	0.000282575230383	1.6870163008e-05	4.21754075199e-06	0	4.21754075199e-06	8.43508150398e-06	3.79578667679e-05	0.000683241601822	0.000257269985871	0.00259378756247	0.000459711941967	0.000223529659855	0.000164484089328	4.63929482719e-05	2.10877037599e-05	2.95227852639e-05	4.21754075199e-05	1.2652622256e-05	4.21754075199e-06	8.43508150398e-06	4.21754075199e-06
0.000274140148879	8.85683557917e-05	0.000130743763312	0	6.32631112798e-05	3.37403260159e-05	0.000506104890239	0.000396448830687	0.000771809957614	6.74806520318e-05	0.000447059319711	0.0202484131503	0.000417536534447	0.00401931633664	0.000733852090846	1.2652622256e-05	4.63929482719e-05	0.000379578667679	0.00243773855465	0.0028721452521	0.000463929482719	0.000109656059552	7.59157335358e-05	0.000253052445119	0.000151831467072	0.0016870163008	0.00701798781131	0.000999557158221	0.000400666371439	0.00219733873179	0.000236182282111	0.000366926045423	0.000341620800911	3.79578667679e-05	0.00653297062483	4.21754075199e-06	6.32631112798e-05	2.10877037599e-05	0	4.21754075199e-06	0	1.2652622256e-05	3.37403260159e-05	4.21754075199e-06	5.06104890239e-05	8.43508150398e-06	0.000425971615951	4.21754075199e-06	0.000472364564223	1.2652622256e-05	0	8.43508150398e-06	4.21754075199e-06	8.43508150398e-05	7.16981927838e-05	1.2652622256e-05	1.2652622256e-05	2.53052445119e-05	2.53052445119e-05	5.90455705278e-05	0.000485017186479	0.000354273423167	0.000253052445119	2.10877037599e-05	1.2652622256e-05	8.43508150398e-06	8.43508150398e-05	4.21754075199e-06	4.21754075199e-06	8.43508150398e-05	0.000653718816558	0.00281731722233	0.00484173678328	0.000485017186479	2.53052445119e-05	0.000113873600304	0.000729634550094	3.79578667679e-05	0.000544062757006	0.000101220978048	2.10877037599e-05	4.21754075199e-06	4.21754075199e-06	8.01332742878e-05
0.000303662934143	4.21754075199e-06	5.06104890239e-05	0	0.00332342211257	9.27858965437e-05	0.00773496973915	0.000809767824382	0.00337403260159	0.00122308681808	0.00536892937728	0.000417536534447	0.0284557474537	0.000134961304064	0.00185993547163	0.00140444107041	8.43508150398e-06	3.37403260159e-05	5.06104890239e-05	0.00012652622256	0.0151831467072	3.37403260159e-05	2.53052445119e-05	9.70034372957e-05	0.00275405411105	5.06104890239e-05	0.000303662934143	8.01332742878e-05	0.00238712806562	0.00234073511735	0.00014761392632	1.2652622256e-05	0.000404883912191	8.85683557917e-05	0.0025473946142	8.43508150398e-06	4.21754075199e-06	8.43508150398e-06	0	7.59157335358e-05	4.21754075199e-06	0.000181354252335	2.95227852639e-05	3.79578667679e-05	0.000113873600304	0.000451276860463	1.6870163008e-05	0.00137491828515	4.21754075199e-06	6.32631112798e-05	1.2652622256e-05	8.43508150398e-06	0	4.21754075199e-06	0	0.000198224415343	8.43508150398e-06	1.6870163008e-05	0	0.00014761392632	4.21754075199e-06	8.43508150398e-06	4.21754075199e-06	0.000113873600304	5.06104890239e-05	0	0	8.43508150398e-06	4.21754075199e-06	6.74806520318e-05	0.000379578667679	0.000177136711583	0.00176293203433	0.000236182282111	0.000974251913709	0.000118091141056	4.21754075199e-05	2.10877037599e-05	2.53052445119e-05	5.48280297758e-05	1.2652622256e-05	1.6870163008e-05	4.21754075199e-06	0
8.01332742878e-05	0.000307880474895	5.90455705278e-05	0	0	4.21754075199e-06	0.000113873600304	0.000101220978048	0.000185571793087	3.37403260159e-05	7.59157335358e-05	0.00401931633664	0.000134961304064	0.0163514054955	0.000181354252335	0	2.10877037599e-05	8.01332742878e-05	0.000269922608127	0.000337403260159	0.000139178844816	3.37403260159e-05	0.00014761392632	9.70034372957e-05	4.21754075199e-05	0.00565150460766	0.00415849518146	0.00333607473482	6.32631112798e-05	0.000497669808735	8.43508150398e-05	0.00140444107041	0.000109656059552	2.53052445119e-05	0.00133696041838	8.43508150398e-06	0.000113873600304	1.2652622256e-05	0	0	0	4.21754075199e-06	1.2652622256e-05	0	1.2652622256e-05	8.43508150398e-06	0.000923641424685	1.2652622256e-05	0.0011766938698	1.2652622256e-05	0	4.21754075199e-06	8.43508150398e-06	0.000118091141056	7.59157335358e-05	4.21754075199e-06	8.43508150398e-06	2.10877037599e-05	1.6870163008e-05	2.10877037599e-05	0.00115138862529	0.000632631112798	0.000539845216254	8.43508150398e-06	1.2652622256e-05	8.43508150398e-06	0.000177136711583	8.43508150398e-06	0	0.00012652622256	0.000320533097151	0.00212985807975	0.00184728284937	0.000421754075199	4.21754075199e-06	3.79578667679e-05	0.00120199911432	4.21754075199e-05	0.00112608338078	0.00016870163008	3.79578667679e-05	4.21754075199e-06	1.2652622256e-05	0.000134961304064
0.0201050167647	6.32631112798e-05	0.00177558465659	0	0.000400666371439	0.000219312119103	0.00417536534447	0.0105185466355	0.0233736108475	0.00120621665507	0.00496826300584	0.000733852090846	0.00185993547163	0.000181354252335	0.0512178148921	0.000109656059552	0.000278357689631	0.000860378313405	0.000101220978048	0.000379578667679	0.00276248919255	0.00260644018473	0.000434406697455	0.00374939372852	0.00214672824276	7.59157335358e-05	0.00135804812214	0.000501887349487	0.00651188292107	0.0247358765104	0.0127243204487	1.2652622256e-05	0.00373252356551	0.00284262246684	0.00611121654963	0.000101220978048	8.01332742878e-05	7.59157335358e-05	0	3.37403260159e-05	0	2.53052445119e-05	0.000328968178655	5.48280297758e-05	0.000754939794606	9.70034372957e-05	2.53052445119e-05	5.90455705278e-05	8.43508150398e-06	7.16981927838e-05	8.43508150398e-06	0.00016870163008	2.10877037599e-05	0	8.43508150398e-06	8.01332742878e-05	0.000198224415343	0.000518757512494	0.000278357689631	0.000889901098669	1.6870163008e-05	2.10877037599e-05	0.000227747200607	0.000607325868286	0.000122308681808	8.43508150398e-05	8.43508150398e-06	4.21754075199e-06	3.79578667679e-05	0.000113873600304	0.00129478501086	0.000455494401215	0.00401931633664	0.000894118639421	0.000362708504671	0.000400666371439	8.85683557917e-05	0.000177136711583	0.000101220978048	0.00014761392632	6.32631112798e-05	6.32631112798e-05	2.53052445119e-05	4.21754075199e-06
2.10877037599e-05	0	4.21754075199e-06	0	0.000164484089328	0.000746504713102	0.000953164209949	0.000156049007824	0.000210877037599	0.000948946669197	0.000223529659855	1.2652622256e-05	0.00140444107041	0	0.000109656059552	0.0054026697033	4.21754075199e-06	0	0	4.21754075199e-06	0.000337403260159	2.10877037599e-05	2.95227852639e-05	8.43508150398e-06	0.000518757512494	0	1.2652622256e-05	4.21754075199e-06	0.000282575230383	0.000160266548576	0.000160266548576	0	5.48280297758e-05	8.85683557917e-05	0.000181354252335	0	0	2.10877037599e-05	0	4.21754075199e-06	0	0	2.10877037599e-05	0	7.16981927838e-05	1.2652622256e-05	4.21754075199e-06	1.2652622256e-05	0	4.21754075199e-06	0	4.21754075199e-06	4.21754075199e-06	0	8.43508150398e-06	8.43508150398e-06	1.2652622256e-05	1.6870163008e-05	2.53052445119e-05	8.01332742878e-05	0	0	2.10877037599e-05	3.79578667679e-05	1.6870163008e-05	0	0	0	8.43508150398e-06	8.43508150398e-06	0.00016870163008	1.6870163008e-05	0.000269922608127	0.000160266548576	0.0029607136079	4.63929482719e-05	0	2.53052445119e-05	4.21754075199e-06	1.2652622256e-05	2.10877037599e-05	1.6870163008e-05	8.43508150398e-06	0
0.000295227852639	0.000556715379262	0.000556715379262	0	0	8.43508150398e-06	2.95227852639e-05	0.000227747200607	0.000227747200607	0.00256004723646	1.6870163008e-05	4.63929482719e-05	8.43508150398e-06	2.10877037599e-05	0.000278357689631	4.21754075199e-06	0.0200544062757	0.000223529659855	1.6870163008e-05	0.000118091141056	4.21754075199e-06	0.00292697328188	0.00593407983805	0.00712764387086	0.00560511165939	3.79578667679e-05	0.000653718816558	0.00530988380675	0.00209611775374	0.00053141013475	0.00207924759073	0	1.6870163008e-05	0.000134961304064	0.0017038864638	0.00012652622256	0.00014761392632	0.000261487526623	0	0	0	1.6870163008e-05	0.000206659496847	3.37403260159e-05	0.000156049007824	4.63929482719e-05	2.53052445119e-05	2.95227852639e-05	4.21754075199e-06	6.74806520318e-05	8.43508150398e-06	0.000873030935661	5.48280297758e-05	0	1.6870163008e-05	1.2652622256e-05	0.000759157335358	0.00351742898716	0.00172075662681	0.000248834904367	1.2652622256e-05	8.43508150398e-05	0.000974251913709	0.000269922608127	0.000134961304064	0.000253052445119	4.21754075199e-06	4.21754075199e-06	5.06104890239e-05	0.000189789333839	0.00261065772548	0.000788680120622	0.00140444107041	0.000801332742878	0.0001054385188	2.10877037599e-05	3.37403260159e-05	0.000312098015647	0.000206659496847	0.000206659496847	0.000130743763312	1.6870163008e-05	2.10877037599e-05	0
0.00113873600304	0.00121043419582	0.00453807384914	0	8.43508150398e-06	4.21754075199e-06	8.01332742878e-05	0.000118091141056	0.000603108327534	0.000122308681808	4.21754075199e-05	0.000379578667679	3.37403260159e-05	8.01332742878e-05	0.000860378313405	0	0.000223529659855	0.0257227810464	0.000231964741359	0.0043482845153	3.79578667679e-05	0.00374517618776	0.000362708504671	0.00916893359482	0.000278357689631	5.06104890239e-05	0.00787414858396	0.00356382193543	0.000236182282111	0.00147192172244	0.00400666371439	8.43508150398e-06	3.37403260159e-05	9.70034372957e-05	0.00591299213429	2.10877037599e-05	0.000927858965437	0.000366926045423	0	4.21754075199e-06	0	0	3.37403260159e-05	1.2652622256e-05	2.10877037599e-05	1.2652622256e-05	2.53052445119e-05	8.43508150398e-06	2.10877037599e-05	1.2652622256e-05	0	5.06104890239e-05	0.000248834904367	1.6870163008e-05	0.000236182282111	8.43508150398e-06	6.74806520318e-05	0.000248834904367	0.000164484089328	4.21754075199e-05	0.0001054385188	0.00063684865355	0.00114295354379	4.63929482719e-05	2.10877037599e-05	2.10877037599e-05	0	0	0	0.000210877037599	0.00193585120516	0.0023365175766	0.0035047763649	0.00129478501086	7.16981927838e-05	2.95227852639e-05	3.79578667679e-05	0.000122308681808	0.000375361126927	0.000156049007824	6.32631112798e-05	1.6870163008e-05	8.43508150398e-06	0
6.32631112798e-05	7.16981927838e-05	6.74806520318e-05	0	4.21754075199e-06	8.43508150398e-06	9.27858965437e-05	6.32631112798e-05	0.000122308681808	1.6870163008e-05	8.01332742878e-05	0.00243773855465	5.06104890239e-05	0.000269922608127	0.000101220978048	0	1.6870163008e-05	0.000231964741359	0.00659201619536	0.0024419560954	6.32631112798e-05	5.48280297758e-05	3.37403260159e-05	0.000118091141056	4.63929482719e-05	0.000160266548576	0.00384217962506	0.00053141013475	8.01332742878e-05	0.000316315556399	7.59157335358e-05	5.48280297758e-05	2.95227852639e-05	8.43508150398e-06	0.00104595010649	0	1.2652622256e-05	1.2652622256e-05	0	4.21754075199e-06	0	1.2652622256e-05	8.43508150398e-06	0	1.2652622256e-05	1.2652622256e-05	0.0001054385188	1.2652622256e-05	0.000130743763312	0	0	0	8.43508150398e-06	3.79578667679e-05	2.95227852639e-05	4.21754075199e-06	0	8.43508150398e-06	4.21754075199e-06	1.6870163008e-05	0.000160266548576	0.000160266548576	0.000156049007824	4.21754075199e-06	4.21754075199e-06	0	3.37403260159e-05	0	0	1.6870163008e-05	0.000278357689631	0.000653718816558	0.00109656059552	0.000198224415343	0	3.37403260159e-05	6.74806520318e-05	8.43508150398e-06	6.74806520318e-05	2.53052445119e-05	4.21754075199e-06	4.21754075199e-06	0	1.2652622256e-05
0.000320533097151	0.000590455705278	0.000527192593998	0	1.6870163008e-05	1.6870163008e-05	5.90455705278e-05	8.85683557917e-05	0.000299445393391	5.48280297758e-05	0.000109656059552	0.0028721452521	0.00012652622256	0.000337403260159	0.000379578667679	4.21754075199e-06	0.000118091141056	0.0043482845153	0.0024419560954	0.0196115644967	0.000156049007824	0.000455494401215	0.000274140148879	0.00119778157356	0.000164484089328	0.000312098015647	0.0125303135742	0.00301554163767	0.000181354252335	0.000847725691149	0.00065793635731	4.63929482719e-05	5.90455705278e-05	6.32631112798e-05	0.00598469032707	4.21754075199e-06	0.000400666371439	8.43508150398e-05	0	0	0	4.21754075199e-06	4.21754075199e-06	8.43508150398e-06	4.21754075199e-06	0	0.000177136711583	4.21754075199e-06	0.000139178844816	1.6870163008e-05	0	1.2652622256e-05	8.43508150398e-05	0.000113873600304	0.000341620800911	0	1.6870163008e-05	6.74806520318e-05	3.37403260159e-05	1.2652622256e-05	0.000447059319711	0.000957381750701	0.000716981927838	1.2652622256e-05	1.2652622256e-05	8.43508150398e-06	1.2652622256e-05	0	0	0.000164484089328	0.00156892515974	0.00210455283524	0.00387170241032	0.00101220978048	1.6870163008e-05	2.53052445119e-05	5.48280297758e-05	8.85683557917e-05	0.000206659496847	0.000118091141056	2.95227852639e-05	0	0	8.43508150398e-06
0.000619978490542	8.43508150398e-06	6.32631112798e-05	0	0.00554184854811	7.59157335358e-05	0.00420067058898	0.00109234305476	0.00389279011408	0.000425971615951	0.00758735581283	0.000463929482719	0.0151831467072	0.000139178844816	0.00276248919255	0.000337403260159	4.21754075199e-06	3.79578667679e-05	6.32631112798e-05	0.000156049007824	0.026595811982	5.48280297758e-05	2.53052445119e-05	0.000118091141056	0.00340777292761	5.90455705278e-05	0.000392231289935	7.59157335358e-05	0.00444107041184	0.00321798359377	0.000206659496847	8.43508150398e-06	0.000459711941967	0.000164484089328	0.00338668522385	1.2652622256e-05	8.43508150398e-06	8.43508150398e-06	0	8.85683557917e-05	0	0.000202441956095	2.95227852639e-05	5.48280297758e-05	0.000206659496847	0.000472364564223	2.10877037599e-05	0.000733852090846	8.43508150398e-06	5.48280297758e-05	3.37403260159e-05	4.21754075199e-06	4.21754075199e-06	8.43508150398e-06	0	0.000223529659855	4.21754075199e-06	1.6870163008e-05	0	0.000295227852639	2.10877037599e-05	2.53052445119e-05	3.37403260159e-05	0.000172919170831	5.48280297758e-05	0	8.43508150398e-06	4.21754075199e-06	0	5.06104890239e-05	0.00057358554227	0.000202441956095	0.00242930347314	0.000366926045423	0.000371143586175	0.000151831467072	5.06104890239e-05	2.53052445119e-05	3.79578667679e-05	6.32631112798e-05	2.10877037599e-05	4.21754075199e-05	4.21754075199e-06	0
0.00333607473482	0.000223529659855	0.00227747200607	0	4.21754075199e-06	2.53052445119e-05	0.000362708504671	0.00150987958921	0.00221842643555	0.00150566204846	9.27858965437e-05	0.000109656059552	3.37403260159e-05	3.37403260159e-05	0.00260644018473	2.10877037599e-05	0.00292697328188	0.00374517618776	5.48280297758e-05	0.000455494401215	5.48280297758e-05	0.0455114822547	0.00175449695283	0.0226524113789	0.00219312119103	1.6870163008e-05	0.00141709369267	0.00176714957508	0.00754939794606	0.00334872735708	0.0219860399401	4.21754075199e-06	6.32631112798e-05	0.000404883912191	0.00791632399148	0.000172919170831	0.00014761392632	0.000223529659855	0	1.2652622256e-05	4.21754075199e-06	8.43508150398e-06	0.000307880474895	3.79578667679e-05	0.000156049007824	3.37403260159e-05	4.21754075199e-06	8.43508150398e-06	8.43508150398e-06	0.000118091141056	0	0.000649501275806	8.85683557917e-05	0	4.63929482719e-05	1.2652622256e-05	0.000813985365134	0.00256004723646	0.00140022352966	0.000307880474895	1.2652622256e-05	5.06104890239e-05	0.000565150460766	0.000383796208431	0.000202441956095	0.000223529659855	4.21754075199e-06	8.43508150398e-06	7.16981927838e-05	0.000240399822863	0.00335294489783	0.00136226566289	0.00493874022058	0.00241665085089	0.000392231289935	6.32631112798e-05	3.37403260159e-05	0.000434406697455	0.000231964741359	0.000181354252335	0.000113873600304	4.63929482719e-05	3.79578667679e-05	0
0.000438624238207	0.00384217962506	0.00112608338078	0	1.2652622256e-05	4.21754075199e-06	6.74806520318e-05	0.000194006874591	0.000307880474895	0.0069926825668	3.79578667679e-05	7.59157335358e-05	2.53052445119e-05	0.00014761392632	0.000434406697455	2.95227852639e-05	0.00593407983805	0.000362708504671	3.37403260159e-05	0.000274140148879	2.53052445119e-05	0.00175449695283	0.0257691739946	0.00388013749183	0.00585816410451	0.000177136711583	0.00192741612366	0.00976360684085	0.00118934649206	0.000809767824382	0.00228168954683	4.21754075199e-06	1.2652622256e-05	0.000261487526623	0.00144661647793	0.000156049007824	0.00198224415343	0.000733852090846	0	4.21754075199e-06	0	2.53052445119e-05	0.000337403260159	5.48280297758e-05	0.000189789333839	7.16981927838e-05	5.06104890239e-05	2.53052445119e-05	2.53052445119e-05	0.000101220978048	4.21754075199e-06	0.00110077813627	0.00012652622256	4.21754075199e-06	6.32631112798e-05	8.43508150398e-06	0.00124417452184	0.00659623373611	0.00215094578351	0.000425971615951	0.000118091141056	0.000181354252335	0.00280888214082	0.000459711941967	0.000202441956095	0.000333185719407	1.2652622256e-05	0	8.01332742878e-05	0.000337403260159	0.00210455283524	0.000965816832205	0.000953164209949	0.000451276860463	0.000118091141056	1.2652622256e-05	2.95227852639e-05	0.000603108327534	0.000434406697455	0.000257269985871	8.43508150398e-05	3.79578667679e-05	4.21754075199e-05	4.21754075199e-06
0.004778473672	0.00129056747011	0.0128930220788	0	2.10877037599e-05	3.37403260159e-05	0.000619978490542	0.00166592859704	0.00339512030535	0.00228168954683	0.000151831467072	0.000253052445119	9.70034372957e-05	9.70034372957e-05	0.00374939372852	8.43508150398e-06	0.00712764387086	0.00916893359482	0.000118091141056	0.00119778157356	0.000118091141056	0.0226524113789	0.00388013749183	0.0760253895953	0.00122308681808	7.16981927838e-05	0.00503152611712	0.01334851648	0.00276248919255	0.00286792771135	0.0139389721853	8.43508150398e-06	8.85683557917e-05	0.000328968178655	0.00913941080956	0.000130743763312	0.00172075662681	0.00218046856878	0	1.6870163008e-05	4.21754075199e-06	1.2652622256e-05	0.000316315556399	4.63929482719e-05	0.000164484089328	5.06104890239e-05	5.48280297758e-05	2.53052445119e-05	1.2652622256e-05	0.000156049007824	0	0.00131587271462	0.000379578667679	1.2652622256e-05	0.00012652622256	2.95227852639e-05	0.00100377469897	0.00749035237553	0.00312941523797	0.000257269985871	9.70034372957e-05	0.000269922608127	0.00543641002931	0.000383796208431	0.000194006874591	0.000274140148879	8.43508150398e-06	8.43508150398e-06	5.06104890239e-05	0.000527192593998	0.00929124227663	0.00407836190717	0.00917315113557	0.00570633263744	0.000877248476413	0.000156049007824	0.0001054385188	0.000776027498366	0.000670588979566	0.00057358554227	0.000362708504671	8.85683557917e-05	8.01332742878e-05	0
0.00155205499673	0.00078446257987	0.000354273423167	0	0.00662153898062	2.95227852639e-05	0.00104173256574	0.00316315556399	0.00173762678982	0.00991965584867	0.0013707007444	0.000151831467072	0.00275405411105	4.21754075199e-05	0.00214672824276	0.000518757512494	0.00560511165939	0.000278357689631	4.63929482719e-05	0.000164484089328	0.00340777292761	0.00219312119103	0.00585816410451	0.00122308681808	0.0436768520276	5.90455705278e-05	0.000830855528142	0.00196115644967	0.0170262120158	0.00353851669092	0.0064739250543	4.21754075199e-06	0.000118091141056	0.00122730435883	0.00369878323949	0.000383796208431	0.000134961304064	0.000113873600304	0	0.000307880474895	0	0.000130743763312	0.000936294046941	0.000185571793087	0.00362286750596	0.000506104890239	2.95227852639e-05	0.000425971615951	4.21754075199e-06	0.000299445393391	5.06104890239e-05	0.000653718816558	5.90455705278e-05	0	2.53052445119e-05	0.000818202905886	0.000632631112798	0.00201598447945	0.000666371438814	0.00487969465005	2.53052445119e-05	6.74806520318e-05	0.000307880474895	0.00285105754834	0.000379578667679	0.000227747200607	0	8.43508150398e-06	0.000134961304064	0.000400666371439	0.00291010311887	0.000607325868286	0.00229855970983	0.000868813394909	0.000957381750701	9.70034372957e-05	3.79578667679e-05	0.000400666371439	0.000143396385568	0.000379578667679	0.000156049007824	0.000101220978048	8.01332742878e-05	0
3.37403260159e-05	0.000383796208431	5.90455705278e-05	0	1.2652622256e-05	1.2652622256e-05	5.06104890239e-05	5.90455705278e-05	9.70034372957e-05	4.21754075199e-05	6.74806520318e-05	0.0016870163008	5.06104890239e-05	0.00565150460766	7.59157335358e-05	0	3.79578667679e-05	5.06104890239e-05	0.000160266548576	0.000312098015647	5.90455705278e-05	1.6870163008e-05	0.000177136711583	7.16981927838e-05	5.90455705278e-05	0.0111849180743	0.00330655194956	0.0029607136079	5.48280297758e-05	0.000286792771135	5.06104890239e-05	0.000493452267983	3.79578667679e-05	1.6870163008e-05	0.000750722253854	1.6870163008e-05	0.000151831467072	8.43508150398e-06	0	0	0	8.43508150398e-06	1.2652622256e-05	0	8.43508150398e-06	1.6870163008e-05	0.00148035680395	2.10877037599e-05	0.00172075662681	8.43508150398e-06	0	1.2652622256e-05	2.95227852639e-05	0.000185571793087	0.000113873600304	4.21754075199e-06	8.43508150398e-06	1.6870163008e-05	4.21754075199e-06	1.6870163008e-05	0.0025558296957	0.0011766938698	0.00103751502499	1.6870163008e-05	8.43508150398e-06	8.43508150398e-06	0.000320533097151	4.21754075199e-06	0	0.000185571793087	0.000143396385568	0.00114717108454	0.000780245039118	8.85683557917e-05	0	1.2652622256e-05	0.000501887349487	4.21754075199e-05	0.00168279876004	0.000189789333839	4.21754075199e-05	4.21754075199e-06	0	0.000181354252335
0.00131165517387	0.0082832500369	0.00969612618882	0	3.37403260159e-05	2.10877037599e-05	0.000307880474895	0.000404883912191	0.00113030092153	0.000447059319711	0.000383796208431	0.00701798781131	0.000303662934143	0.00415849518146	0.00135804812214	1.2652622256e-05	0.000653718816558	0.00787414858396	0.00384217962506	0.0125303135742	0.000392231289935	0.00141709369267	0.00192741612366	0.00503152611712	0.000830855528142	0.00330655194956	0.0851774530271	0.0253347672972	0.000522975053246	0.0023280824951	0.00248413150292	0.00197380907193	0.000164484089328	0.000130743763312	0.00822842200713	4.63929482719e-05	0.00694628961852	0.000603108327534	0	1.6870163008e-05	0	2.95227852639e-05	5.48280297758e-05	2.10877037599e-05	0.0001054385188	7.59157335358e-05	0.00179245481959	6.74806520318e-05	0.00187680563463	7.59157335358e-05	4.21754075199e-06	0.000143396385568	0.00121043419582	0.000780245039118	0.002652833133	3.37403260159e-05	8.43508150398e-05	0.000485017186479	0.000253052445119	0.00014761392632	0.00480377891651	0.00808080808081	0.00813985365134	0.000109656059552	9.27858965437e-05	3.79578667679e-05	0.000324750637903	4.21754075199e-06	0	0.00126947976635	0.00511587693216	0.00861221821556	0.00792475907298	0.00214251070201	6.74806520318e-05	8.43508150398e-05	0.000299445393391	0.000535627675502	0.00277514181481	0.000948946669197	0.000189789333839	2.95227852639e-05	2.10877037599e-05	5.06104890239e-05
0.00053141013475	0.0137323126885	0.0107167710508	0	2.10877037599e-05	1.6870163008e-05	0.000109656059552	0.000358490963919	0.000548280297758	0.0014761392632	0.000101220978048	0.000999557158221	8.01332742878e-05	0.00333607473482	0.000501887349487	4.21754075199e-06	0.00530988380675	0.00356382193543	0.00053141013475	0.00301554163767	7.59157335358e-05	0.00176714957508	0.00976360684085	0.01334851648	0.00196115644967	0.0029607136079	0.0253347672972	0.0819046414036	0.000835073068894	0.000839290609646	0.00158579532275	0.00055249783851	5.90455705278e-05	0.00016870163008	0.00429767402628	5.90455705278e-05	0.00867969886759	0.00300710655617	0	4.21754075199e-06	0	1.6870163008e-05	0.000189789333839	3.37403260159e-05	0.000139178844816	3.79578667679e-05	0.00067902406107	5.90455705278e-05	0.000645283735054	8.85683557917e-05	0	0.00070011176483	0.000991122076717	0.000303662934143	0.00125260960334	2.10877037599e-05	0.000345838341663	0.00599312540857	0.00185571793087	0.000198224415343	0.00317159064549	0.00468568777546	0.0124543978406	0.000194006874591	8.85683557917e-05	0.00012652622256	8.85683557917e-05	4.21754075199e-06	8.43508150398e-06	0.000919423883933	0.0068956791295	0.00495561038359	0.00489656481306	0.00239978068788	0.000231964741359	6.74806520318e-05	9.70034372957e-05	0.000708546846334	0.00166592859704	0.000885683557917	0.000324750637903	7.16981927838e-05	5.90455705278e-05	2.53052445119e-05
0.00407836190717	0.0001054385188	0.000653718816558	0	0.00511165939141	5.06104890239e-05	0.00389700765484	0.0204677252694	0.00627570063896	0.00466038253095	0.00836338331119	0.000400666371439	0.00238712806562	6.32631112798e-05	0.00651188292107	0.000282575230383	0.00209611775374	0.000236182282111	8.01332742878e-05	0.000181354252335	0.00444107041184	0.00754939794606	0.00118934649206	0.00276248919255	0.0170262120158	5.48280297758e-05	0.000522975053246	0.000835073068894	0.0580038379621	0.00746926467177	0.0134455199173	0	0.000388013749183	0.0022226439763	0.00611965163113	0.000400666371439	8.43508150398e-05	8.43508150398e-05	0	0.000565150460766	8.43508150398e-06	0.000122308681808	0.000894118639421	0.000181354252335	0.00396870584762	0.000704329305582	3.79578667679e-05	0.000624196031294	4.21754075199e-06	0.000375361126927	4.63929482719e-05	0.000501887349487	5.48280297758e-05	4.21754075199e-06	1.2652622256e-05	0.0014761392632	0.000366926045423	0.00135383058139	0.000375361126927	0.00549545559984	2.10877037599e-05	4.21754075199e-05	0.000236182282111	0.00342042554986	0.000463929482719	0.000215094578351	0	2.10877037599e-05	0.000156049007824	0.000442841778959	0.00310410999346	0.000582020623774	0.0041458425592	0.00136648320364	0.000539845216254	0.000219312119103	6.74806520318e-05	0.000447059319711	0.000151831467072	0.000447059319711	0.000172919170831	0.000118091141056	8.43508150398e-05	0
0.0151451888404	0.000143396385568	0.0013791358259	0	0.000518757512494	0.000303662934143	0.00332342211257	0.0072204297674	0.0104257607389	0.00256004723646	0.00376204635077	0.00219733873179	0.00234073511735	0.000497669808735	0.0247358765104	0.000160266548576	0.00053141013475	0.00147192172244	0.000316315556399	0.000847725691149	0.00321798359377	0.00334872735708	0.000809767824382	0.00286792771135	0.00353851669092	0.000286792771135	0.0023280824951	0.000839290609646	0.00746926467177	0.0549587735391	0.0201893675798	4.21754075199e-05	0.00330233440881	0.00875983214188	0.0176208852618	0.000286792771135	0.000109656059552	9.70034372957e-05	0	4.63929482719e-05	8.43508150398e-06	5.06104890239e-05	0.00059467324603	0.000109656059552	0.00150987958921	0.000185571793087	4.63929482719e-05	0.000113873600304	2.95227852639e-05	0.000172919170831	1.2652622256e-05	0.000345838341663	3.37403260159e-05	8.43508150398e-06	2.53052445119e-05	0.000118091141056	0.000337403260159	0.000932076506189	0.000400666371439	0.00169123384155	6.32631112798e-05	4.63929482719e-05	0.000257269985871	0.0011766938698	0.000337403260159	0.000164484089328	1.6870163008e-05	8.43508150398e-06	0.000101220978048	0.000244617363615	0.00313785031948	0.0011682587883	0.00993230847093	0.00214251070201	0.000544062757006	0.000691676683326	0.000194006874591	0.000312098015647	0.000198224415343	0.000295227852639	0.000118091141056	0.000118091141056	5.06104890239e-05	2.95227852639e-05
