0.00829184340577	0	3.6852637359e-06	0	2.94821098872e-05	7.3705274718e-06	0.000261653725249	0.00290398782389	0.000958168571334	7.73905384539e-05	0.00036852637359	0	6.63347472462e-05	0	0.00184263186795	4.79084285667e-05	2.94821098872e-05	3.6852637359e-06	0	0	4.05379010949e-05	8.47610659257e-05	3.31673736231e-05	5.15936923026e-05	0.000309562153816	0	3.6852637359e-06	0	0.000549104296649	0.00514831343905	0.00151832865919	0	7.3705274718e-06	0.000538048505441	0.000165836868115	0	0	0	0	0	0	0	3.6852637359e-06	0	1.10557912077e-05	0	0	0	0	0	0	0	0	0	0	0	0	0	3.6852637359e-06	3.6852637359e-06	0	0	0	3.6852637359e-06	0	0	0	0	3.6852637359e-06	3.6852637359e-06	0.00016215160438	4.42231648308e-05	9.58168571334e-05	4.79084285667e-05	0.000154781076908	7.3705274718e-06	0	3.6852637359e-06	7.3705274718e-06	0	3.6852637359e-06	0	0	0
0	0.00882620664748	0.0015809781427	0	0	0	3.6852637359e-06	7.3705274718e-06	3.6852637359e-06	2.57968461513e-05	0	0.000125298967021	0	2.21115824154e-05	0	0	0.000103187384605	0.000648606417518	1.47410549436e-05	0.00022480108789	0	9.58168571334e-05	0.000755479065859	0.000508566395554	1.84263186795e-05	0.000615439043895	0.00154412550534	0.00367052268096	1.47410549436e-05	0	6.26494835103e-05	0	0	7.3705274718e-06	0.000482769549403	0	0.00231803088988	0.000184263186795	0	0	0	0	3.6852637359e-06	0	0	0	8.84463296616e-05	0	5.15936923026e-05	0	0	1.10557912077e-05	6.26494835103e-05	1.47410549436e-05	0.000151095813172	0	1.84263186795e-05	0.00030587689008	7.73905384539e-05	3.6852637359e-06	0.000335358999967	0.000538048505441	0.00128615704383	3.6852637359e-06	3.6852637359e-06	1.47410549436e-05	1.84263186795e-05	0	3.6852637359e-06	0.000110557912077	0.000195318978003	0.00107978227462	0.000401693747213	9.58168571334e-05	7.3705274718e-06	3.6852637359e-06	1.47410549436e-05	6.63347472462e-05	0.000202689505474	8.84463296616e-05	4.05379010949e-05	3.6852637359e-06	0	0
3.6852637359e-06	0.0015809781427	0.0351905834141	0	0	3.6852637359e-06	1.10557912077e-05	0.000250597934041	2.94821098872e-05	7.73905384539e-05	1.10557912077e-05	0.000165836868115	7.3705274718e-06	1.84263186795e-05	2.94821098872e-05	1.10557912077e-05	0.000995021208693	0.00763586646078	1.10557912077e-05	0.000667032736198	0	0.00216693507671	0.00138934442843	0.0127067893614	0.000228486351626	6.63347472462e-05	0.00456235650504	0.0111737196472	0.000637550626311	8.47610659257e-05	0.00106504121967	0	3.6852637359e-06	6.26494835103e-05	0.00377002480182	0	0.00130458336251	0.000235856879098	0	0	0	0	0	0	1.10557912077e-05	0	2.94821098872e-05	0	3.6852637359e-06	0	0	3.31673736231e-05	7.00200109821e-05	3.6852637359e-06	5.15936923026e-05	0	2.57968461513e-05	0.000541733769177	0.000184263186795	1.10557912077e-05	3.31673736231e-05	0.000294821098872	0.00081812854937	3.6852637359e-06	3.6852637359e-06	1.84263186795e-05	0	0	1.10557912077e-05	7.73905384539e-05	0.00261285198875	0.00405379010949	0.00351574160405	0.00112769070319	9.58168571334e-05	2.94821098872e-05	1.10557912077e-05	0.000110557912077	0.00020637476921	0.000114243175813	7.00200109821e-05	7.3705274718e-06	3.6852637359e-06	0
0	0	0	0	0	0	0	0	0	0	0	0	0	0	0	0	0	0	0	0	0	0	0	0	0	0	0	0	0	0	0	0	0	0	0	0	0	0	0	0	0	0	0	0	0	0	0	0	0	0	0	0	0	0	0	0	0	0	0	0	0	0	0	0	0	0	0	0	0	0	0	0	0	0	0	0	0	0	0	0	0	0	0	0
2.94821098872e-05	0	0	0	0.0098138573287	0	0.000106872648341	0.00110557912077	0.000132669494492	0.000615439043895	0.00177261185697	0	0.000700200109821	0	9.21315933975e-05	1.10557912077e-05	4.05379010949e-05	0	0	0	0.00317669734035	2.57968461513e-05	0.000117928439549	1.84263186795e-05	0.00441126069187	0	0	3.6852637359e-06	0.00277500359313	6.63347472462e-05	0.000125298967021	0	0	1.10557912077e-05	3.31673736231e-05	7.3705274718e-06	0	0	0	0.000538048505441	0	7.3705274718e-06	3.6852637359e-06	0	6.26494835103e-05	7.3705274718e-06	0	4.79084285667e-05	0	0	0	1.47410549436e-05	0	0	0	0.0002874505714	3.6852637359e-06	2.21115824154e-05	1.47410549436e-05	0.000291135835136	0	0	0	5.15936923026e-05	3.6852637359e-06	2.21115824154e-05	0	0	7.3705274718e-06	1.10557912077e-05	5.52789560385e-05	7.3705274718e-06	2.21115824154e-05	3.6852637359e-06	1.84263186795e-05	0	0	1.84263186795e-05	0	3.6852637359e-06	0	7.3705274718e-06	0	0
7.3705274718e-06	0	3.6852637359e-06	0	0	0.00522938924124	0.00157360761523	2.21115824154e-05	0.00208217401078	7.3705274718e-06	7.3705274718e-06	0	3.6852637359e-06	0	0.00124930440647	0.00130089809877	0	3.6852637359e-06	0	0	0	3.6852637359e-06	3.6852637359e-06	7.3705274718e-06	3.6852637359e-06	0	0	3.6852637359e-06	7.3705274718e-06	0.000486454813139	7.3705274718e-06	0	0.00136354758228	3.6852637359e-06	0.000302191626344	0	0	0	0	0	0	0	0	0	0	0	0	0	0	0	0	0	0	0	0	0	0	0	0	0	0	0	0	0	0	0	0	0	0	0	2.57968461513e-05	3.6852637359e-06	0.000110557912077	4.42231648308e-05	0.000453287439516	0.000888148560352	0	0	0	0	0	0	0	0
0.000261653725249	3.6852637359e-06	1.10557912077e-05	0	0.000106872648341	0.00157360761523	0.0392370029961	0.00436703752704	0.018293649185	0.000202689505474	0.0133001168229	1.47410549436e-05	0.00521833345003	0	0.00473556390063	0.00422699750508	3.31673736231e-05	2.57968461513e-05	3.6852637359e-06	1.10557912077e-05	0.00114611702186	4.79084285667e-05	4.42231648308e-05	2.94821098872e-05	0.00044960217578	3.6852637359e-06	7.3705274718e-06	1.10557912077e-05	0.00114611702186	0.00200846873607	0.000254283197777	0	0.000939742252654	5.52789560385e-05	0.000843925395521	0	0	0	0	0	0	0	0	0	1.10557912077e-05	0	0	0	0	0	0	0	0	0	0	0	0	3.6852637359e-06	0	7.3705274718e-06	0	0	0	3.6852637359e-06	0	0	0	0	0	0	0.000283765307664	2.94821098872e-05	0.000644921153782	0.000184263186795	0.00168048026357	0.000261653725249	0	7.3705274718e-06	3.6852637359e-06	0	3.6852637359e-06	0	0	0
0.00290398782389	7.3705274718e-06	0.000250597934041	0	0.00110557912077	2.21115824154e-05	0.00436703752704	0.061801872851	0.00892202350461	0.00269024252721	0.0159240246028	0	0.00147410549436	0	0.00736315694433	0.000394323219741	0.000762849593331	0.000117928439549	0	7.3705274718e-06	0.00160677498885	0.00203426558222	0.00108715280209	0.00144830864821	0.0100939373726	3.6852637359e-06	7.3705274718e-06	0.000132669494492	0.0257489377227	0.00367052268096	0.0120029039878	0	1.10557912077e-05	0.000364841109854	0.00232908668109	2.57968461513e-05	7.3705274718e-06	2.94821098872e-05	0	3.6852637359e-06	0	1.47410549436e-05	2.21115824154e-05	7.3705274718e-06	0.000493825340611	3.6852637359e-06	0	2.57968461513e-05	0	1.47410549436e-05	0	8.47610659257e-05	7.3705274718e-06	0	3.6852637359e-06	2.57968461513e-05	5.15936923026e-05	0.000294821098872	0.000106872648341	0.000239542142833	0	3.6852637359e-06	2.21115824154e-05	0.000114243175813	2.94821098872e-05	9.58168571334e-05	0	0	3.6852637359e-05	7.3705274718e-05	0.00224432561516	0.000619124307631	0.00125298967021	0.000552789560385	0.00116822860428	3.31673736231e-05	7.3705274718e-06	8.47610659257e-05	1.84263186795e-05	1.10557912077e-05	2.21115824154e-05	2.21115824154e-05	3.6852637359e-06	3.6852637359e-06
0.000958168571334	3.6852637359e-06	2.94821098872e-05	0	0.000132669494492	0.00208217401078	0.018293649185	0.00892202350461	0.0437772479187	0.000342729527439	0.0103445353067	1.47410549436e-05	0.00158834867017	0	0.0175234290642	0.00281922675796	7.00200109821e-05	2.94821098872e-05	3.6852637359e-06	1.47410549436e-05	0.000464343230723	0.000125298967021	0.000110557912077	0.000110557912077	0.000902889615295	3.6852637359e-06	7.3705274718e-06	1.47410549436e-05	0.00210797085693	0.00405747537323	0.000847610659257	0	0.00145199391194	0.0001437252857	0.00144462338447	3.6852637359e-06	0	0	0	0	0	0	1.10557912077e-05	0	2.94821098872e-05	0	0	0	0	0	0	0	0	0	0	0	0	2.21115824154e-05	3.6852637359e-06	1.47410549436e-05	0	0	0	1.10557912077e-05	0	7.3705274718e-06	0	0	0	0	0.000578586406536	5.89642197744e-05	0.00096185383507	0.000327988472495	0.00173575921961	0.000519622186762	0	1.10557912077e-05	1.10557912077e-05	0	3.6852637359e-06	0	0	0
7.73905384539e-05	2.57968461513e-05	7.73905384539e-05	0	0.000615439043895	7.3705274718e-06	0.000202689505474	0.00269024252721	0.000342729527439	0.0175602817016	0.000508566395554	0	0.00249123828547	0	0.000217430560418	0.000622809571367	0.000711255901029	1.47410549436e-05	0	0	0.000195318978003	0.000243227406569	0.00341255421944	0.000427490593364	0.0103482205704	0	1.47410549436e-05	0.000202689505474	0.00332779315352	0.000184263186795	0.000703885373557	0	0	4.05379010949e-05	0.000331673736231	0.000110557912077	3.6852637359e-06	1.84263186795e-05	0	5.52789560385e-05	0	4.05379010949e-05	0.000217430560418	2.57968461513e-05	0.00205637716463	1.47410549436e-05	3.6852637359e-06	8.47610659257e-05	0	6.26494835103e-05	0	0.00020637476921	7.3705274718e-06	3.6852637359e-06	0	8.10758021898e-05	0.00020637476921	0.000589642197744	0.000298506362608	0.000932371725183	0	1.10557912077e-05	4.79084285667e-05	0.000412749538421	0.00016215160438	0.000353785318646	0	0	8.84463296616e-05	0.000210060032946	0.000608068516423	0.000180577923059	0.000184263186795	0.000114243175813	0.000372211637326	0	0	0.000265338988985	4.79084285667e-05	8.47610659257e-05	4.79084285667e-05	0.000121613703285	0	0
0.00036852637359	0	1.10557912077e-05	0	0.00177261185697	7.3705274718e-06	0.0133001168229	0.0159240246028	0.0103445353067	0.000508566395554	0.051029846951	3.6852637359e-06	0.00500458815335	0	0.00388426797764	0.000250597934041	4.42231648308e-05	7.3705274718e-06	0	7.3705274718e-06	0.0062207251862	0.000103187384605	7.73905384539e-05	9.21315933975e-05	0.00184631713169	0	3.6852637359e-06	1.10557912077e-05	0.00802281915305	0.0007186264285	0.000711255901029	0	3.6852637359e-06	6.26494835103e-05	0.000331673736231	3.6852637359e-06	0	0	0	0	0	0	0	3.6852637359e-06	6.63347472462e-05	0	0	0	0	7.3705274718e-06	0	1.10557912077e-05	0	0	0	3.6852637359e-06	3.6852637359e-06	2.94821098872e-05	3.6852637359e-06	2.57968461513e-05	0	0	0	7.3705274718e-06	3.6852637359e-06	3.6852637359e-06	0	0	3.6852637359e-06	7.3705274718e-06	0.000298506362608	4.05379010949e-05	0.000213745296682	6.26494835103e-05	0.000339044263703	1.10557912077e-05	3.6852637359e-06	7.3705274718e-06	0	3.6852637359e-06	0	7.3705274718e-06	0	0
0	0.000125298967021	0.000165836868115	0	0	0	1.47410549436e-05	0	1.47410549436e-05	0	3.6852637359e-06	0.0293015319641	0	0.00496773551599	1.47410549436e-05	3.6852637359e-06	0	0.001046614901	0.00220378771407	0.00725996955972	0	3.31673736231e-05	3.6852637359e-06	0.000121613703285	0	0.00360418793371	0.00800807809811	0.0013856591647	3.6852637359e-06	3.31673736231e-05	1.10557912077e-05	4.42231648308e-05	0	0	0.00543207874672	0	0.000394323219741	7.3705274718e-06	0	0	0	0	0	0	0	0	0.000213745296682	0	0.000213745296682	0	0	0	1.10557912077e-05	3.6852637359e-05	5.15936923026e-05	0	0	0	3.6852637359e-06	0	0.00065597694499	0.000327988472495	0.000456972703252	0	0	0	4.05379010949e-05	0	0	3.6852637359e-05	0.000180577923059	0.00433755541715	0.00427859119738	0.000269024252721	1.84263186795e-05	3.6852637359e-06	0.000280080043928	1.47410549436e-05	6.26494835103e-05	1.47410549436e-05	7.3705274718e-06	0	0	1.10557912077e-05
6.63347472462e-05	0	7.3705274718e-06	0	0.000700200109821	3.6852637359e-06	0.00521833345003	0.00147410549436	0.00158834867017	0.00249123828547	0.00500458815335	0	0.0210575969869	0	0.000453287439516	0.001046614901	2.21115824154e-05	3.6852637359e-06	0	0	0.0049271976149	2.94821098872e-05	2.94821098872e-05	1.84263186795e-05	0.002483867758	0	0	0	0.000851295922993	0.0001437252857	0.000106872648341	0	1.10557912077e-05	2.21115824154e-05	8.84463296616e-05	7.3705274718e-06	0	0	0	0.000147410549436	0	2.21115824154e-05	1.84263186795e-05	0	9.95021208693e-05	3.6852637359e-05	0	0.00126036019768	0	0	0	1.47410549436e-05	0	0	0	0.000468028494459	0	1.10557912077e-05	7.3705274718e-06	0.000151095813172	0	3.6852637359e-06	0	1.47410549436e-05	1.10557912077e-05	7.3705274718e-06	0	0	0	0	0.000121613703285	7.3705274718e-06	5.52789560385e-05	0	0.000173207395587	3.6852637359e-06	0	1.84263186795e-05	3.6852637359e-06	0	7.3705274718e-06	1.10557912077e-05	0	0
0	2.21115824154e-05	1.84263186795e-05	0	0	0	0	0	0	0	0	0.00496773551599	0	0.0116196365593	0	0	0	5.52789560385e-05	0.000154781076908	0.00030587689008	0	0	3.6852637359e-06	7.3705274718e-06	0	0.00298874888981	0.00285976465906	0.00106135595594	0	0	0	0.000132669494492	0	0	0.000342729527439	0	9.58168571334e-05	0	0	0	0	0	0	0	0	0	0.000147410549436	0	0.000479084285667	0	0	0	7.3705274718e-06	7.3705274718e-06	1.47410549436e-05	0	0	0	0	0	0.000221115824154	0.000132669494492	0.000169522131851	0	0	0	3.31673736231e-05	0	0	7.3705274718e-06	3.6852637359e-06	0.00112032017571	0.000659662208726	1.47410549436e-05	0	0	0.000678088527405	0	4.42231648308e-05	1.10557912077e-05	0	0	0	0
0.00184263186795	0	2.94821098872e-05	0	9.21315933975e-05	0.00124930440647	0.00473556390063	0.00736315694433	0.0175234290642	0.000217430560418	0.00388426797764	1.47410549436e-05	0.000453287439516	0	0.0301417720959	0.00155886656029	7.00200109821e-05	1.10557912077e-05	3.6852637359e-06	7.3705274718e-06	0.000202689505474	0.000103187384605	6.63347472462e-05	9.95021208693e-05	0.000762849593331	0	1.10557912077e-05	1.10557912077e-05	0.00140777074711	0.00659293682352	0.000888148560352	0	0.00183894660421	0.000187948450531	0.00107978227462	3.6852637359e-06	0	0	0	0	0	0	1.10557912077e-05	0	3.31673736231e-05	0	0	0	0	0	0	0	0	0	0	0	0	1.47410549436e-05	3.6852637359e-06	1.47410549436e-05	0	0	0	3.6852637359e-06	0	3.6852637359e-06	0	0	0	0	0.000464343230723	6.63347472462e-05	0.000700200109821	0.000210060032946	0.00102450331858	0.000423805329628	0	3.6852637359e-06	7.3705274718e-06	0	0	0	0	0
4.79084285667e-05	0	1.10557912077e-05	0	1.10557912077e-05	0.00130089809877	0.00422699750508	0.000394323219741	0.00281922675796	0.000622809571367	0.000250597934041	3.6852637359e-06	0.001046614901	0	0.00155886656029	0.00977700469134	1.47410549436e-05	1.84263186795e-05	0	3.6852637359e-06	3.6852637359e-06	2.94821098872e-05	1.47410549436e-05	1.84263186795e-05	0.000180577923059	0	0	3.6852637359e-06	0.000132669494492	0.00109452332956	8.47610659257e-05	0	0.000339044263703	1.84263186795e-05	0.000689144318613	7.3705274718e-06	7.3705274718e-06	0	0	0	0	0	3.6852637359e-06	0	1.47410549436e-05	0	0	0	0	0	0	0	0	0	0	0	7.3705274718e-06	3.6852637359e-06	3.6852637359e-06	7.3705274718e-06	0	0	3.6852637359e-06	3.6852637359e-06	7.3705274718e-06	7.3705274718e-06	0	0	0	3.6852637359e-06	0.000460657966987	4.05379010949e-05	0.000608068516423	0.000221115824154	0.00220378771407	0.000622809571367	0	3.6852637359e-06	3.6852637359e-06	7.3705274718e-06	7.3705274718e-06	0	0	0
2.94821098872e-05	0.000103187384605	0.000995021208693	0	4.05379010949e-05	0	3.31673736231e-05	0.000762849593331	7.00200109821e-05	0.000711255901029	4.42231648308e-05	0	2.21115824154e-05	0	7.00200109821e-05	1.47410549436e-05	0.0208291106353	0.000147410549436	0	0	3.6852637359e-06	0.00145199391194	0.00497510604346	0.00647500838397	0.00671086526307	0	5.15936923026e-05	0.00328356998869	0.00297400783487	0.000103187384605	0.00088077803288	0	0	4.42231648308e-05	0.000921315933975	1.10557912077e-05	4.42231648308e-05	9.21315933975e-05	0	3.6852637359e-06	0	3.6852637359e-06	7.3705274718e-06	0	8.84463296616e-05	0	3.6852637359e-06	0	0	3.6852637359e-06	0	0.000210060032946	1.84263186795e-05	0	3.6852637359e-06	3.6852637359e-06	4.42231648308e-05	0.000729682219708	0.000228486351626	7.3705274718e-05	0	2.94821098872e-05	0.000154781076908	4.05379010949e-05	1.84263186795e-05	4.79084285667e-05	0	0	3.6852637359e-06	6.63347472462e-05	0.00118665492296	0.000877092769144	0.000696514846085	0.000339044263703	8.84463296616e-05	3.6852637359e-06	0	5.89642197744e-05	4.79084285667e-05	6.26494835103e-05	3.31673736231e-05	3.6852637359e-06	0	0
3.6852637359e-06	0.000648606417518	0.00763586646078	0	0	3.6852637359e-06	2.57968461513e-05	0.000117928439549	2.94821098872e-05	1.47410549436e-05	7.3705274718e-06	0.001046614901	3.6852637359e-06	5.52789560385e-05	1.10557912077e-05	1.84263186795e-05	0.000147410549436	0.0268987400083	0.000147410549436	0.00693566635096	0	0.00113874649439	0.000187948450531	0.0063239125708	5.52789560385e-05	0.000158466340644	0.00555369245	0.00235488352724	0.000261653725249	9.21315933975e-05	0.000685459054877	0	0	4.05379010949e-05	0.00691724003228	0	0.000644921153782	2.94821098872e-05	0	0	0	0	0	0	0	0	4.05379010949e-05	0	2.94821098872e-05	0	0	0	7.3705274718e-06	7.3705274718e-06	2.21115824154e-05	0	0	9.58168571334e-05	2.21115824154e-05	3.6852637359e-06	0.000117928439549	0.000184263186795	0.000383267428534	3.6852637359e-06	3.6852637359e-06	0	7.3705274718e-06	0	3.6852637359e-06	1.84263186795e-05	0.00156255182402	0.00301086047223	0.00403904905455	0.00110926438451	4.79084285667e-05	1.10557912077e-05	1.10557912077e-05	4.05379010949e-05	5.15936923026e-05	3.6852637359e-05	2.21115824154e-05	3.6852637359e-06	0	3.6852637359e-06
0	1.47410549436e-05	1.10557912077e-05	0	0	0	3.6852637359e-06	0	3.6852637359e-06	0	0	0.00220378771407	0	0.000154781076908	3.6852637359e-06	0	0	0.000147410549436	0.00381424796666	0.00140777074711	0	3.6852637359e-06	0	2.21115824154e-05	0	0.000187948450531	0.00201583926354	0.000173207395587	0	3.6852637359e-06	3.6852637359e-06	0	0	0	0.000213745296682	0	2.94821098872e-05	0	0	0	0	0	0	0	0	0	7.3705274718e-06	0	3.6852637359e-06	0	0	0	0	0	3.6852637359e-06	0	0	0	0	0	1.84263186795e-05	1.47410549436e-05	2.21115824154e-05	0	0	0	0	0	0	0	7.3705274718e-06	0.000309562153816	0.000195318978003	1.10557912077e-05	0	0	1.10557912077e-05	0	3.6852637359e-06	0	0	0	0	3.6852637359e-06
0	0.00022480108789	0.000667032736198	0	0	0	1.10557912077e-05	7.3705274718e-06	1.47410549436e-05	0	7.3705274718e-06	0.00725996955972	0	0.00030587689008	7.3705274718e-06	3.6852637359e-06	0	0.00693566635096	0.00140777074711	0.0195613799102	0	5.89642197744e-05	1.84263186795e-05	0.000501195868082	0	0.000508566395554	0.00675140316417	0.00113137596692	7.3705274718e-06	1.84263186795e-05	4.05379010949e-05	3.6852637359e-06	0	0	0.00403167852707	0	0.000361155846118	3.6852637359e-06	0	0	0	0	0	0	0	0	7.3705274718e-05	0	5.89642197744e-05	0	0	0	3.6852637359e-06	3.6852637359e-06	2.21115824154e-05	0	0	0	3.6852637359e-06	0	0.000239542142833	0.000140040021964	0.000235856879098	0	0	0	3.6852637359e-06	0	0	1.84263186795e-05	0.0002874505714	0.00217799086792	0.00225906667011	0.000346414791175	7.3705274718e-06	0	2.94821098872e-05	3.6852637359e-06	3.6852637359e-05	1.10557912077e-05	0	0	0	7.3705274718e-06
4.05379010949e-05	0	0	0	0.00317669734035	0	0.00114611702186	0.00160677498885	0.000464343230723	0.000195318978003	0.0062207251862	0	0.0049271976149	0	0.000202689505474	3.6852637359e-06	3.6852637359e-06	0	0	0	0.0154044024161	7.3705274718e-06	1.47410549436e-05	7.3705274718e-06	0.00127141598889	0	0	0	0.0025354614503	6.26494835103e-05	4.42231648308e-05	0	0	7.3705274718e-06	2.94821098872e-05	0	0	0	0	0	0	0	0	0	1.47410549436e-05	0	0	0	0	0	0	0	0	0	0	0	0	3.6852637359e-06	0	7.3705274718e-06	0	0	0	0	0	3.6852637359e-06	0	0	0	0	2.94821098872e-05	3.6852637359e-06	2.21115824154e-05	0	2.94821098872e-05	0	0	3.6852637359e-06	0	0	0	3.6852637359e-06	0	0
8.47610659257e-05	9.58168571334e-05	0.00216693507671	0	2.57968461513e-05	3.6852637359e-06	4.79084285667e-05	0.00203426558222	0.000125298967021	0.000243227406569	0.000103187384605	3.31673736231e-05	2.94821098872e-05	0	0.000103187384605	2.94821098872e-05	0.00145199391194	0.00113874649439	3.6852637359e-06	5.89642197744e-05	7.3705274718e-06	0.0307314142937	0.000877092769144	0.014442548581	0.0010060769999	0	0.000132669494492	0.000637550626311	0.00524044503245	0.000302191626344	0.0137202368888	0	0	0.000453287439516	0.00490140076875	0	4.42231648308e-05	1.10557912077e-05	0	0	0	0	3.6852637359e-06	0	4.05379010949e-05	0	3.6852637359e-06	3.6852637359e-06	0	0	0	2.57968461513e-05	2.21115824154e-05	0	3.6852637359e-06	0	2.21115824154e-05	0.000169522131851	4.05379010949e-05	2.94821098872e-05	3.6852637359e-06	1.10557912077e-05	6.63347472462e-05	7.3705274718e-06	0	1.10557912077e-05	0	0	3.6852637359e-06	1.10557912077e-05	0.0020121539998	0.0011903401867	0.00192739293388	0.000810758021898	0.000140040021964	2.21115824154e-05	0	3.6852637359e-05	2.21115824154e-05	7.3705274718e-06	1.47410549436e-05	0	0	0
3.31673736231e-05	0.000755479065859	0.00138934442843	0	0.000117928439549	3.6852637359e-06	4.42231648308e-05	0.00108715280209	0.000110557912077	0.00341255421944	7.73905384539e-05	3.6852637359e-06	2.94821098872e-05	3.6852637359e-06	6.63347472462e-05	1.47410549436e-05	0.00497510604346	0.000187948450531	0	1.84263186795e-05	1.47410549436e-05	0.000877092769144	0.0175197438005	0.00315827102167	0.00393586166994	3.6852637359e-06	8.84463296616e-05	0.00291135835136	0.00256125829645	0.000132669494492	0.000921315933975	0	0	4.42231648308e-05	0.000947112780126	2.21115824154e-05	0.000398008483477	0.000401693747213	0	3.6852637359e-06	0	1.10557912077e-05	7.00200109821e-05	3.6852637359e-06	0.000357470582382	0	7.3705274718e-06	1.10557912077e-05	7.3705274718e-06	1.47410549436e-05	3.6852637359e-06	0.000445916912044	7.3705274718e-05	0	2.21115824154e-05	7.3705274718e-06	0.000217430560418	0.00340149842824	0.00102450331858	0.000239542142833	3.6852637359e-06	0.000154781076908	0.000788646439482	0.000125298967021	5.89642197744e-05	0.000221115824154	0	0	2.94821098872e-05	0.000243227406569	0.00133038020866	0.00117928439549	0.0007186264285	0.000309562153816	0.000165836868115	3.6852637359e-06	7.3705274718e-06	0.000191633714267	0.000265338988985	0.000217430560418	0.000114243175813	1.47410549436e-05	1.84263186795e-05	7.3705274718e-06
5.15936923026e-05	0.000508566395554	0.0127067893614	0	1.84263186795e-05	7.3705274718e-06	2.94821098872e-05	0.00144830864821	0.000110557912077	0.000427490593364	9.21315933975e-05	0.000121613703285	1.84263186795e-05	7.3705274718e-06	9.95021208693e-05	1.84263186795e-05	0.00647500838397	0.0063239125708	2.21115824154e-05	0.000501195868082	7.3705274718e-06	0.014442548581	0.00315827102167	0.0479821338414	0.00211534138441	1.47410549436e-05	0.00079970223069	0.00518885134015	0.00395060272488	0.000781275912011	0.00438914910946	0	3.6852637359e-06	0.000692829582349	0.00780538859263	3.6852637359e-06	0.000346414791175	0.000173207395587	0	0	0	0	7.3705274718e-06	0	7.3705274718e-05	0	1.10557912077e-05	0	0	3.6852637359e-06	0	8.47610659257e-05	4.79084285667e-05	0	2.21115824154e-05	0	4.79084285667e-05	0.000810758021898	0.000254283197777	7.3705274718e-05	3.6852637359e-06	9.21315933975e-05	0.000361155846118	2.57968461513e-05	0	4.79084285667e-05	0	0	1.10557912077e-05	9.21315933975e-05	0.00427122066991	0.0033572752634	0.00440757542814	0.00165836868115	0.00022480108789	3.31673736231e-05	7.3705274718e-06	0.000121613703285	9.58168571334e-05	8.47610659257e-05	4.79084285667e-05	1.10557912077e-05	3.6852637359e-06	3.6852637359e-06
0.000309562153816	1.84263186795e-05	0.000228486351626	0	0.00441126069187	3.6852637359e-06	0.00044960217578	0.0100939373726	0.000902889615295	0.0103482205704	0.00184631713169	0	0.002483867758	0	0.000762849593331	0.000180577923059	0.00671086526307	5.52789560385e-05	0	0	0.00127141598889	0.0010060769999	0.00393586166994	0.00211534138441	0.0469871126327	0	1.10557912077e-05	0.0002874505714	0.0199372768112	0.000663347472462	0.00214482349429	0	0	0.000151095813172	0.00103555910979	7.00200109821e-05	1.10557912077e-05	2.94821098872e-05	0	2.57968461513e-05	0	1.47410549436e-05	0.000121613703285	1.47410549436e-05	0.0012013959779	7.3705274718e-06	3.6852637359e-06	3.31673736231e-05	0	4.79084285667e-05	0	0.000199004241739	3.6852637359e-06	3.6852637359e-06	3.6852637359e-06	4.79084285667e-05	0.000106872648341	0.000578586406536	0.000232171615362	0.000626494835103	0	7.3705274718e-06	6.26494835103e-05	0.000250597934041	9.95021208693e-05	0.000254283197777	0	0	4.79084285667e-05	0.000165836868115	0.00116822860428	0.000508566395554	0.000630180098839	0.000257968461513	0.000423805329628	7.3705274718e-06	0	0.000184263186795	4.05379010949e-05	6.26494835103e-05	2.94821098872e-05	9.58168571334e-05	3.6852637359e-06	0
0	0.000615439043895	6.63347472462e-05	0	0	0	3.6852637359e-06	3.6852637359e-06	3.6852637359e-06	0	0	0.00360418793371	0	0.00298874888981	0	0	0	0.000158466340644	0.000187948450531	0.000508566395554	0	0	3.6852637359e-06	1.47410549436e-05	0	0.0125888609218	0.00183157607674	0.00100239173616	3.6852637359e-06	3.6852637359e-06	1.10557912077e-05	1.47410549436e-05	0	0	0.000504881131818	0	0.00088077803288	0	0	0	0	0	0	0	0	0	0.000615439043895	0	0.0005749011428	0	0	3.6852637359e-06	1.47410549436e-05	9.21315933975e-05	0.000117928439549	0	0	0	0	0	0.00223326982395	0.000821813813106	0.00114611702186	0	0	0	7.00200109821e-05	0	0	5.52789560385e-05	7.3705274718e-06	0.00244701512064	0.000714941164764	2.94821098872e-05	0	0	0.000840240131785	7.3705274718e-06	0.000191633714267	8.10758021898e-05	1.10557912077e-05	0	0	1.84263186795e-05
3.6852637359e-06	0.00154412550534	0.00456235650504	0	0	0	7.3705274718e-06	7.3705274718e-06	7.3705274718e-06	1.47410549436e-05	3.6852637359e-06	0.00800807809811	0	0.00285976465906	1.10557912077e-05	0	5.15936923026e-05	0.00555369245	0.00201583926354	0.00675140316417	0	0.000132669494492	8.84463296616e-05	0.00079970223069	1.10557912077e-05	0.00183157607674	0.0481111180722	0.0157618729984	4.05379010949e-05	2.57968461513e-05	6.63347472462e-05	0.0001437252857	0	3.6852637359e-06	0.00365209636228	0	0.00170627710972	5.15936923026e-05	0	0	0	0	0	0	0	0	0.000246912670305	0	0.000140040021964	0	0	0	2.94821098872e-05	3.31673736231e-05	0.000106872648341	0	0	4.05379010949e-05	7.3705274718e-06	3.6852637359e-06	0.000788646439482	0.000681773791141	0.00114611702186	0	0	0	1.47410549436e-05	0	0	4.42231648308e-05	0.000670717999934	0.00549472823023	0.00300717520849	0.00051225165929	1.47410549436e-05	3.6852637359e-06	2.57968461513e-05	2.21115824154e-05	0.000228486351626	6.63347472462e-05	1.47410549436e-05	3.6852637359e-06	0	1.47410549436e-05
0	0.00367052268096	0.0111737196472	0	3.6852637359e-06	3.6852637359e-06	1.10557912077e-05	0.000132669494492	1.47410549436e-05	0.000202689505474	1.10557912077e-05	0.0013856591647	0	0.00106135595594	1.10557912077e-05	3.6852637359e-06	0.00328356998869	0.00235488352724	0.000173207395587	0.00113137596692	0	0.000637550626311	0.00291135835136	0.00518885134015	0.0002874505714	0.00100239173616	0.0157618729984	0.0479563369953	0.000375896901062	4.05379010949e-05	0.000331673736231	0.000165836868115	0	3.31673736231e-05	0.00217430560418	3.6852637359e-06	0.0015293844504	0.000195318978003	0	0	0	7.3705274718e-06	0	0	3.6852637359e-06	0	0.000103187384605	0	8.10758021898e-05	0	0	5.15936923026e-05	4.79084285667e-05	1.10557912077e-05	9.58168571334e-05	0	2.21115824154e-05	0.000600697988952	0.000165836868115	7.3705274718e-06	0.000228486351626	0.000412749538421	0.00101713279111	0	7.3705274718e-06	2.21115824154e-05	3.6852637359e-06	0	0	0.000128984230756	0.0011498022856	0.0035010005491	0.00190528135146	0.000464343230723	5.15936923026e-05	1.10557912077e-05	7.3705274718e-06	7.3705274718e-05	0.000239542142833	0.000158466340644	7.3705274718e-05	3.6852637359e-06	0	3.6852637359e-06
0.000549104296649	1.47410549436e-05	0.000637550626311	0	0.00277500359313	7.3705274718e-06	0.00114611702186	0.0257489377227	0.00210797085693	0.00332779315352	0.00802281915305	3.6852637359e-06	0.000851295922993	0	0.00140777074711	0.000132669494492	0.00297400783487	0.000261653725249	0	7.3705274718e-06	0.0025354614503	0.00524044503245	0.00256125829645	0.00395060272488	0.0199372768112	3.6852637359e-06	4.05379010949e-05	0.000375896901062	0.0568894162911	0.00113506123066	0.0102302921309	0	0	0.000199004241739	0.00291135835136	3.31673736231e-05	1.10557912077e-05	4.42231648308e-05	0	1.47410549436e-05	0	7.3705274718e-06	7.00200109821e-05	3.6852637359e-06	0.000585956934008	7.3705274718e-06	0	4.05379010949e-05	0	2.21115824154e-05	0	0.000136354758228	1.10557912077e-05	0	0	2.21115824154e-05	0.000103187384605	0.00059332746148	0.000191633714267	0.0002874505714	0	0	5.15936923026e-05	0.000132669494492	5.89642197744e-05	0.000158466340644	0	0	4.79084285667e-05	0.000114243175813	0.00278974464808	0.00120876650537	0.001632571835	0.000781275912011	0.000600697988952	2.57968461513e-05	3.6852637359e-06	0.000132669494492	3.31673736231e-05	4.79084285667e-05	1.84263186795e-05	5.15936923026e-05	0	3.6852637359e-06
0.00514831343905	0	8.47610659257e-05	0	6.63347472462e-05	0.000486454813139	0.00200846873607	0.00367052268096	0.00405747537323	0.000184263186795	0.0007186264285	3.31673736231e-05	0.0001437252857	0	0.00659293682352	0.00109452332956	0.000103187384605	9.21315933975e-05	3.6852637359e-06	1.84263186795e-05	6.26494835103e-05	0.000302191626344	0.000132669494492	0.000781275912011	0.000663347472462	3.6852637359e-06	2.57968461513e-05	4.05379010949e-05	0.00113506123066	0.0247170638767	0.00412381012047	0	0.000567530615328	0.00231803088988	0.0024433298569	0	3.6852637359e-06	3.6852637359e-06	0	3.6852637359e-06	0	0	7.3705274718e-06	3.6852637359e-06	5.15936923026e-05	3.6852637359e-06	0	0	0	3.6852637359e-06	0	1.84263186795e-05	0	0	3.6852637359e-06	3.6852637359e-06	3.6852637359e-06	4.05379010949e-05	7.3705274718e-06	2.21115824154e-05	0	3.6852637359e-06	3.6852637359e-06	1.10557912077e-05	0	7.3705274718e-06	0	0	0	0	0.0011498022856	0.000173207395587	0.00159940446138	0.000493825340611	0.00144462338447	0.000272709516457	7.3705274718e-06	1.10557912077e-05	3.6852637359e-06	3.6852637359e-06	0	0	0	0
0.00151832865919	6.26494835103e-05	0.00106504121967	0	0.000125298967021	7.3705274718e-06	0.000254283197777	0.0120029039878	0.000847610659257	0.000703885373557	0.000711255901029	1.10557912077e-05	0.000106872648341	0	0.000888148560352	8.47610659257e-05	0.00088077803288	0.000685459054877	3.6852637359e-06	4.05379010949e-05	4.42231648308e-05	0.0137202368888	0.000921315933975	0.00438914910946	0.00214482349429	1.10557912077e-05	6.63347472462e-05	0.000331673736231	0.0102302921309	0.00412381012047	0.0375380964139	0	3.6852637359e-06	0.000685459054877	0.00575269669174	3.6852637359e-06	3.31673736231e-05	1.47410549436e-05	0	3.6852637359e-06	0	0	7.3705274718e-06	3.6852637359e-06	0.000117928439549	3.6852637359e-06	3.6852637359e-06	0	0	7.3705274718e-06	0	4.79084285667e-05	1.10557912077e-05	0	7.3705274718e-06	3.6852637359e-06	2.94821098872e-05	0.000202689505474	7.00200109821e-05	7.00200109821e-05	7.3705274718e-06	7.3705274718e-06	5.15936923026e-05	5.52789560385e-05	0	2.94821098872e-05	0	0	3.6852637359e-06	2.94821098872e-05	0.0027307804283	0.00116085807681	0.00217062034044	0.000991335944957	0.000405379010949	2.94821098872e-05	3.6852637359e-06	5.15936923026e-05	2.21115824154e-05	1.47410549436e-05	0	7.3705274718e-06	0	0
0	0	0	0	0	0	0	0	0	0	0	4.42231648308e-05	0	0.000132669494492	0	0	0	0	0	3.6852637359e-06	0	0	0	0	0	1.47410549436e-05	0.0001437252857	0.000165836868115	0	0	0	0.000250597934041	0	0	0	0	0	0	0	0	0	0	0	0	0	0	0	0	0	0	0	0	0	0	0	0	0	0	0	0	3.6852637359e-06	3.6852637359e-06	0	0	0	0	0	0	0	0	0	1.10557912077e-05	0	0	0	0	0	0	0	0	0	0	0	0
7.3705274718e-06	0	3.6852637359e-06	0	0	0.00136354758228	0.000939742252654	1.10557912077e-05	0.00145199391194	0	3.6852637359e-06	0	1.10557912077e-05	0	0.00183894660421	0.000339044263703	0	0	0	0	0	0	0	3.6852637359e-06	0	0	0	0	0	0.000567530615328	3.6852637359e-06	0	0.00386215639522	0	0.000158466340644	0	0	0	0	0	0	0	0	0	0	0	0	0	0	0	0	0	0	0	0	0	0	0	0	0	0	0	0	0	0	0	0	0	0	0	7.3705274718e-06	7.3705274718e-06	4.42231648308e-05	1.47410549436e-05	8.10758021898e-05	0.000357470582382	0	0	0	0	0	0	0	0
0.000538048505441	7.3705274718e-06	6.26494835103e-05	0	1.10557912077e-05	3.6852637359e-06	5.52789560385e-05	0.000364841109854	0.0001437252857	4.05379010949e-05	6.26494835103e-05	0	2.21115824154e-05	0	0.000187948450531	1.84263186795e-05	4.42231648308e-05	4.05379010949e-05	0	0	7.3705274718e-06	0.000453287439516	4.42231648308e-05	0.000692829582349	0.000151095813172	0	3.6852637359e-06	3.31673736231e-05	0.000199004241739	0.00231803088988	0.000685459054877	0	0	0.00340149842824	0.000670717999934	0	0	0	0	0	0	0	0	0	0	0	0	0	0	0	0	0	0	0	0	0	3.6852637359e-06	7.3705274718e-06	7.3705274718e-06	0	0	0	0	3.6852637359e-06	0	0	0	0	0	0	0.000302191626344	8.10758021898e-05	0.000221115824154	9.95021208693e-05	5.89642197744e-05	3.6852637359e-06	0	1.10557912077e-05	0	0	0	0	0	3.6852637359e-06
0.000165836868115	0.000482769549403	0.00377002480182	0	3.31673736231e-05	0.000302191626344	0.000843925395521	0.00232908668109	0.00144462338447	0.000331673736231	0.000331673736231	0.00543207874672	8.84463296616e-05	0.000342729527439	0.00107978227462	0.000689144318613	0.000921315933975	0.00691724003228	0.000213745296682	0.00403167852707	2.94821098872e-05	0.00490140076875	0.000947112780126	0.00780538859263	0.00103555910979	0.000504881131818	0.00365209636228	0.00217430560418	0.00291135835136	0.0024433298569	0.00575269669174	0	0.000158466340644	0.000670717999934	0.0432391994133	0	0.000479084285667	4.05379010949e-05	0	0	0	0	3.6852637359e-06	0	2.57968461513e-05	0	6.63347472462e-05	3.6852637359e-06	4.42231648308e-05	0	0	4.79084285667e-05	2.21115824154e-05	1.10557912077e-05	3.6852637359e-05	0	2.21115824154e-05	0.000243227406569	5.15936923026e-05	3.31673736231e-05	0.0001437252857	0.000180577923059	0.000331673736231	2.21115824154e-05	3.6852637359e-06	2.21115824154e-05	3.6852637359e-06	0	3.6852637359e-06	4.42231648308e-05	0.00752899381244	0.00528466819728	0.0197456430969	0.00508934921928	0.00166205394489	0.000372211637326	0.000110557912077	0.000117928439549	8.10758021898e-05	8.47610659257e-05	5.15936923026e-05	3.6852637359e-06	3.6852637359e-06	1.10557912077e-05
0	0	0	0	7.3705274718e-06	0	0	2.57968461513e-05	3.6852637359e-06	0.000110557912077	3.6852637359e-06	0	7.3705274718e-06	0	3.6852637359e-06	7.3705274718e-06	1.10557912077e-05	0	0	0	0	0	2.21115824154e-05	3.6852637359e-06	7.00200109821e-05	0	0	3.6852637359e-06	3.31673736231e-05	0	3.6852637359e-06	0	0	0	0	0.0187285103058	7.3705274718e-06	0.000114243175813	0	0.000243227406569	7.3705274718e-06	0.00210060032946	0.00350837107658	0.00201583926354	0.000269024252721	0.000453287439516	3.6852637359e-06	0.00244701512064	0	0.00784224122999	0.000707570637293	0.000250597934041	5.15936923026e-05	0	1.10557912077e-05	0.000888148560352	0.000530677977969	0.000114243175813	0.00079970223069	0.00197161609871	7.3705274718e-06	4.05379010949e-05	7.00200109821e-05	0.00107609701088	0.0119107723944	0.00441863121934	0	4.05379010949e-05	0.00203426558222	0.00298874888981	1.10557912077e-05	0	0	0	0	0	0	0.000563845351593	0.000121613703285	0.000976594890013	0.000357470582382	0.000383267428534	0.000125298967021	3.6852637359e-06
0	0.00231803088988	0.00130458336251	0	0	0	0	7.3705274718e-06	0	3.6852637359e-06	0	0.000394323219741	0	9.58168571334e-05	0	7.3705274718e-06	4.42231648308e-05	0.000644921153782	2.94821098872e-05	0.000361155846118	0	4.42231648308e-05	0.000398008483477	0.000346414791175	1.10557912077e-05	0.00088077803288	0.00170627710972	0.0015293844504	1.10557912077e-05	3.6852637359e-06	3.31673736231e-05	0	0	0	0.000479084285667	7.3705274718e-06	0.0254541166239	0.00145936443942	0	0	0	0	1.10557912077e-05	3.6852637359e-06	2.57968461513e-05	0	0.000965539098806	0	0.000342729527439	7.3705274718e-06	0	0.000121613703285	0.000832869604313	0.000191633714267	0.00155518129655	0	0.000117928439549	0.00241753301075	0.00067440326367	1.84263186795e-05	0.00326882893374	0.00743686221904	0.0171843848005	1.84263186795e-05	2.21115824154e-05	6.63347472462e-05	6.63347472462e-05	3.6852637359e-06	1.47410549436e-05	0.000858666450465	0.000187948450531	0.00347520370295	0.000482769549403	0.000140040021964	7.3705274718e-06	0	1.84263186795e-05	0.000493825340611	0.00198635715365	0.00108346753835	0.000423805329628	1.10557912077e-05	1.47410549436e-05	2.57968461513e-05
0	0.000184263186795	0.000235856879098	0	0	0	0	2.94821098872e-05	0	1.84263186795e-05	0	7.3705274718e-06	0	0	0	0	9.21315933975e-05	2.94821098872e-05	0	3.6852637359e-06	0	1.10557912077e-05	0.000401693747213	0.000173207395587	2.94821098872e-05	0	5.15936923026e-05	0.000195318978003	4.42231648308e-05	3.6852637359e-06	1.47410549436e-05	0	0	0	4.05379010949e-05	0.000114243175813	0.00145936443942	0.0268508315798	0	0	0	1.47410549436e-05	0.000195318978003	2.94821098872e-05	0.000106872648341	3.6852637359e-06	0.000106872648341	2.94821098872e-05	7.3705274718e-06	5.52789560385e-05	7.3705274718e-06	0.000913945406503	0.00385110060401	2.21115824154e-05	0.000563845351593	7.3705274718e-06	0.00187948450531	0.00187579924157	0.0135101768558	0.000147410549436	2.57968461513e-05	0.00619861360378	0.00845399501015	0.000232171615362	0.000276394780192	0.00149253181304	0	3.6852637359e-06	0.000132669494492	0.0021964171866	0.000106872648341	0.000202689505474	5.52789560385e-05	1.84263186795e-05	3.6852637359e-06	0	0	0.00175050027455	0.00247281196679	0.00240647721954	0.00152201392293	0.000110557912077	9.21315933975e-05	6.63347472462e-05
0	0	0	0	0	0	0	0	0	0	0	0	0	0	0	0	0	0	0	0	0	0	0	0	0	0	0	0	0	0	0	0	0	0	0	0	0	0	0	0	0	0	0	0	0	0	0	0	0	0	0	0	0	0	0	0	0	0	0	0	0	0	0	0	0	0	0	0	0	0	0	0	0	0	0	0	0	0	0	0	0	0	0	0
0	0	0	0	0.000538048505441	0	0	3.6852637359e-06	0	5.52789560385e-05	0	0	0.000147410549436	0	0	0	3.6852637359e-06	0	0	0	0	0	3.6852637359e-06	0	2.57968461513e-05	0	0	0	1.47410549436e-05	3.6852637359e-06	3.6852637359e-06	0	0	0	0	0.000243227406569	0	0	0	0.017567652229	0	0.00112400543945	0.000456972703252	0.000125298967021	0.000232171615362	0.00165468341742	0	0.00458446808746	0	0.000132669494492	6.63347472462e-05	1.84263186795e-05	0	0	0	0.00965539098806	2.57968461513e-05	3.6852637359e-06	3.31673736231e-05	0.00881146559254	0	0	3.6852637359e-06	0.00290398782389	0.000221115824154	0.000169522131851	0	0	8.84463296616e-05	0.000165836868115	0	0	0	0	0	0	0	4.79084285667e-05	3.6852637359e-06	7.00200109821e-05	2.57968461513e-05	6.26494835103e-05	7.3705274718e-06	3.6852637359e-06
0	0	0	0	0	0	0	0	0	0	0	0	0	0	0	0	0	0	0	0	0	0	0	0	0	0	0	0	0	0	0	0	0	0	0	7.3705274718e-06	0	0	0	0	0.00495299446105	0.00215956454924	3.6852637359e-06	0.00115348754934	0	0	7.3705274718e-06	1.10557912077e-05	0	0.000416434802157	0.000453287439516	0	0	0	3.6852637359e-06	0	0	0	0	0	0	0	0	3.6852637359e-06	0.000379582164798	7.3705274718e-06	0	0.00235856879098	7.3705274718e-06	0.000821813813106	0	0	0	0	0	0	0	1.10557912077e-05	0	8.10758021898e-05	1.84263186795e-05	0.000486454813139	0.000755479065859	0
0	0	0	0	7.3705274718e-06	0	0	1.47410549436e-05	0	4.05379010949e-05	0	0	2.21115824154e-05	0	0	0	3.6852637359e-06	0	0	0	0	0	1.10557912077e-05	0	1.47410549436e-05	0	0	7.3705274718e-06	7.3705274718e-06	0	0	0	0	0	0	0.00210060032946	0	1.47410549436e-05	0	0.00112400543945	0.00215956454924	0.0334327126121	0.00145567917568	0.00903995194416	0.000158466340644	0.0037884511205	2.21115824154e-05	0.012599916713	0	0.0042196269776	0.00417540381277	4.79084285667e-05	7.3705274718e-06	0	3.6852637359e-06	0.00579323459283	8.84463296616e-05	4.79084285667e-05	0.000121613703285	0.00303665731838	0	1.47410549436e-05	1.47410549436e-05	0.00105398542847	0.00353416792273	0.000563845351593	0	0.00195687504376	0.000398008483477	0.0023401424723	7.3705274718e-06	0	0	0	0	0	0	0.000199004241739	1.84263186795e-05	0.000714941164764	0.000243227406569	0.000608068516423	0.0007186264285	3.6852637359e-06
3.6852637359e-06	3.6852637359e-06	0	0	3.6852637359e-06	0	0	2.21115824154e-05	1.10557912077e-05	0.000217430560418	0	0	1.84263186795e-05	0	1.10557912077e-05	3.6852637359e-06	7.3705274718e-06	0	0	0	0	3.6852637359e-06	7.00200109821e-05	7.3705274718e-06	0.000121613703285	0	0	0	7.00200109821e-05	7.3705274718e-06	7.3705274718e-06	0	0	0	3.6852637359e-06	0.00350837107658	1.10557912077e-05	0.000195318978003	0	0.000456972703252	3.6852637359e-06	0.00145567917568	0.0265781220633	0.000619124307631	0.000479084285667	0.001632571835	3.6852637359e-06	0.00250966460415	0	0.00208217401078	0.000210060032946	0.000600697988952	9.21315933975e-05	0	1.10557912077e-05	0.00170627710972	0.000777590648275	0.000239542142833	0.00120876650537	0.00327988472495	3.6852637359e-06	4.05379010949e-05	8.10758021898e-05	0.00769851594429	0.00306245416453	0.0070830769004	0	1.10557912077e-05	0.000711255901029	0.0014777907581	1.84263186795e-05	3.6852637359e-06	3.6852637359e-06	3.6852637359e-06	7.3705274718e-06	0	0	0.000386952692269	0.000128984230756	0.000508566395554	0.000243227406569	0.000132669494492	3.6852637359e-05	0
