0.016815326273	0	0.000180193462254	0	2.86671417222e-05	0	0.00066343956557	0.00770327051134	0.00218279807684	0	0.002064034204	8.60014251665e-05	0.000520103856959	8.19061192062e-06	0.0069333529908	0	0	0.000122859178809	7.37155072855e-05	6.14295894046e-05	9.41920370871e-05	7.37155072855e-05	0	4.91436715237e-05	0.000745345684776	0	7.78108132459e-05	0.00013924040265	0.0027029019338	0.00980006716302	0.00537713672588	0	0	0.00148659606359	0.000511913245039	0	0	0	0	4.09530596031e-06	0	0	0	0	0	0	4.09530596031e-06	0.000360386924507	0	0	0	0	0	0	0	0	0	0	0	0	0	0	0	4.09530596031e-06	0	0	0	0	0	0	2.45718357618e-05	4.09530596031e-06	0.000311243252983	0.000102382649008	2.45718357618e-05	0	0	0	0	0	0	0	0	4.09530596031e-06
0	0.0181503960161	1.22859178809e-05	0	1.63812238412e-05	0	0	0	0	0.00669172993914	0	0	0.000442293043713	0.000327624476825	0	0.000552866304642	4.91436715237e-05	0.000110573260928	0	0	0	4.09530596031e-06	0.00622896036563	3.27624476825e-05	0.00465636287687	0.00189612665962	0.000122859178809	0.015164917971	4.09530596031e-06	0	8.19061192062e-06	0	0	0	1.22859178809e-05	0	0.00796946539876	0	0	8.19061192062e-06	0	0	4.09530596031e-06	0	2.04765298015e-05	1.22859178809e-05	1.63812238412e-05	0	9.00967311268e-05	0	0	9.82873430474e-05	0	4.09530596031e-06	1.22859178809e-05	2.45718357618e-05	4.09530596031e-05	0.000315338558944	4.50483655634e-05	5.73342834443e-05	0.00125316362385	0.000208860603976	0.00745755215372	3.27624476825e-05	0	0	4.09530596031e-06	0	0	1.22859178809e-05	0.000225241827817	5.3238977484e-05	0.000155621626492	0	0	0	0	0.000454578961594	0.000499627327158	2.45718357618e-05	0	0	8.19061192062e-06	0
0.000180193462254	1.22859178809e-05	0.0346831461779	0	0	0	4.09530596031e-06	0.00366529883448	0.00209270134572	1.22859178809e-05	0	0.00012695448477	0	1.63812238412e-05	0.00217460746492	8.19061192062e-06	7.78108132459e-05	0.00543447100933	4.09530596031e-05	7.37155072855e-05	0	0.00106477954968	4.09530596031e-06	0.0104102677511	0.00013924040265	0	0.00840766313651	0.013203266416	0.00118763872849	0.000163812238412	0.00100744526624	0	0	9.00967311268e-05	0.000765822214578	8.19061192062e-06	0.00111801852716	0.000176098156293	0	2.04765298015e-05	0	4.09530596031e-06	2.86671417222e-05	4.09530596031e-06	9.82873430474e-05	0	0.000106477954968	4.09530596031e-06	4.91436715237e-05	8.19061192062e-06	0	4.09530596031e-05	0.000221146521857	0	8.60014251665e-05	1.63812238412e-05	1.22859178809e-05	3.27624476825e-05	0.000188384074174	9.41920370871e-05	4.09530596031e-05	0.00227699011393	0.00327624476825	9.82873430474e-05	0	0	0	4.09530596031e-06	0	9.82873430474e-05	0.00239575398678	0.00221556052453	0.00305100294043	0.00124497301193	0.000163812238412	0	4.09530596031e-06	0.00149069136955	0.00156440687684	0.00013104979073	2.04765298015e-05	8.19061192062e-06	8.19061192062e-05	0
0	0	0	0	0	0	0	0	0	0	0	0	0	0	0	0	0	0	0	0	0	0	0	0	0	0	0	0	0	0	0	0	0	0	0	0	0	0	0	0	0	0	0	0	0	0	0	0	0	0	0	0	0	0	0	0	0	0	0	0	0	0	0	0	0	0	0	0	0	0	0	0	0	0	0	0	0	0	0	0	0	0	0	0
2.86671417222e-05	1.63812238412e-05	0	0	0.0141902351525	0	0.000896872005308	0.000421816513912	0.00079039405034	0.00467683940667	0.00751898174313	0.00138830872054	0.00442293043713	8.19061192062e-06	0.000540580386761	0.000507817939078	0	4.09530596031e-05	0.000208860603976	0.00136373688478	0.00973044696169	0	2.04765298015e-05	0	0.00408711534839	4.09530596031e-06	0.000561056916562	0.000172002850333	0.00531161183052	0.000700297319213	0	0	0	0.0005364850808	0.00215822624108	8.19061192062e-06	0	0	0	0.00606105282126	0	2.04765298015e-05	6.55248953649e-05	2.45718357618e-05	0.00154393034704	2.45718357618e-05	2.45718357618e-05	8.19061192062e-06	1.63812238412e-05	2.45718357618e-05	4.09530596031e-06	0	0	4.09530596031e-06	4.09530596031e-06	0.00026209958146	0	0	4.09530596031e-06	0.00489389062257	1.22859178809e-05	4.09530596031e-06	8.19061192062e-06	0.00192479380134	4.09530596031e-06	0	0	0	0	2.45718357618e-05	3.27624476825e-05	0	0.0020845107338	4.91436715237e-05	0.000348101006626	3.68577536428e-05	4.09530596031e-06	8.19061192062e-06	4.09530596031e-06	1.63812238412e-05	0	4.09530596031e-06	0	4.09530596031e-06
0	0	0	0	0	0.00667944402126	0.0045498849219	8.60014251665e-05	0.00193298441327	2.45718357618e-05	0.00100744526624	1.63812238412e-05	0.000548770998681	2.45718357618e-05	2.04765298015e-05	0.00167907544373	0	0	8.19061192062e-06	8.19061192062e-06	3.27624476825e-05	0	0	1.22859178809e-05	2.86671417222e-05	0	1.22859178809e-05	4.09530596031e-06	0.000315338558944	6.14295894046e-05	0	0	0.00140059463843	0	4.91436715237e-05	0	0	0	0	0	0	0	4.09530596031e-06	0	4.09530596031e-06	0	4.09530596031e-06	2.04765298015e-05	0	0	0	0	0	4.09530596031e-06	0	0	0	0	1.63812238412e-05	4.09530596031e-06	0	0	0	8.19061192062e-06	0	4.09530596031e-06	0	0	0	4.09530596031e-06	8.19061192062e-05	0	6.96202013252e-05	6.14295894046e-05	0.000855918945704	0.000159716932452	2.86671417222e-05	0	0	1.63812238412e-05	1.22859178809e-05	0	0	0
0.00066343956557	0	4.09530596031e-06	0	0.000896872005308	0.0045498849219	0.0537631766469	0.00649515525305	0.0323733936162	0.000147431014571	0.0293387718996	0.0104798879524	0.0168685652505	0.000204765298015	0.0108116077352	0.00305100294043	0	0.000298957335103	0.00582352507556	0.00341138986494	0.00486522348085	0	0	4.09530596031e-06	0.000192479380134	0	0.00290766723182	0.000110573260928	0.00699887788617	0.00543037570337	0	1.63812238412e-05	0.000708487931133	0.00013514509669	0.0112129477193	0	0	0	0	0.000597914670205	0	0	0	0	2.04765298015e-05	2.04765298015e-05	8.19061192062e-06	0.00435331023581	2.86671417222e-05	0	0	0	0	0	0	4.09530596031e-06	0	0	0	5.73342834443e-05	2.86671417222e-05	8.19061192062e-06	8.19061192062e-06	5.3238977484e-05	0	0	0	0	0	4.09530596031e-06	0.000180193462254	1.63812238412e-05	0.00233022909142	0.000221146521857	0.000344005700666	0.000114668566889	2.04765298015e-05	8.19061192062e-06	4.09530596031e-06	4.09530596031e-06	0	0	0	4.09530596031e-06
0.00770327051134	0	0.00366529883448	0	0.000421816513912	8.60014251665e-05	0.00649515525305	0.0631700944378	0.01403051822	6.96202013252e-05	0.00874347822526	0.0012695448477	3.68577536428e-05	0.000180193462254	0.0140632806677	6.55248953649e-05	0	0.00092553914703	2.86671417222e-05	0.00169545666757	0.000258004275499	0.00169545666757	0	0.00434102431793	0.00440245390733	0	0.00156440687684	0.00092553914703	0.0224545625804	0.00706849808749	0.0171839038095	0	0	0.00552456774046	0.00567609406099	0	4.09530596031e-06	0	0	0	0	0	4.09530596031e-06	0	0.000122859178809	0	0.000196574686095	4.09530596031e-06	8.19061192062e-06	0	0	0	0	0	4.09530596031e-06	0	0	0	2.04765298015e-05	0.000208860603976	0	5.73342834443e-05	0.00013104979073	0.00144973830995	0	0	0	0	0	0.000172002850333	0.000217051215896	1.22859178809e-05	0.00652382239477	0.00151935851127	0.000118763872849	2.86671417222e-05	1.22859178809e-05	0.000155621626492	8.19061192062e-06	2.45718357618e-05	4.09530596031e-06	0	4.91436715237e-05	1.22859178809e-05
0.00218279807684	0	0.00209270134572	0	0.00079039405034	0.00193298441327	0.0323733936162	0.01403051822	0.060467192504	3.27624476825e-05	0.0190267914916	0.0106150330491	0.0122162976796	0.000671630177491	0.0273935015685	0.00176098156293	8.19061192062e-06	0.000716678543054	0.00519694326363	0.0021868933828	0.00442702574309	0.000421816513912	0	0.00124087770597	0.000364482230467	0	0.00389054066229	0.000556961610602	0.00791213111532	0.00725278685571	0.00113849505697	2.04765298015e-05	0.00122859178809	0.000184288768214	0.0122982037988	0	8.19061192062e-06	4.09530596031e-06	0	0.000540580386761	0	0	0	0	7.78108132459e-05	1.63812238412e-05	5.73342834443e-05	0.00402978106494	1.63812238412e-05	0	0	0	0	8.19061192062e-06	0	4.09530596031e-06	0	0	0	1.63812238412e-05	1.22859178809e-05	2.04765298015e-05	6.14295894046e-05	7.37155072855e-05	0	0	0	0	0	4.50483655634e-05	0.00269471132188	9.82873430474e-05	0.00344005700666	0.00100334996028	0.00134326035498	0.000466864879475	0.00012695448477	8.60014251665e-05	1.63812238412e-05	1.63812238412e-05	0	0	2.04765298015e-05	1.22859178809e-05
0	0.00669172993914	1.22859178809e-05	0	0.00467683940667	2.45718357618e-05	0.000147431014571	6.96202013252e-05	3.27624476825e-05	0.0372017593434	0.00301004988083	6.96202013252e-05	0.00535256489012	0.000233432439738	2.86671417222e-05	0.00490208123449	0.00408302004243	0	2.45718357618e-05	4.50483655634e-05	0.00509865592058	0.000458674267555	0.0136537500717	0.00173640972717	0.0239165868082	0.000991064042395	2.04765298015e-05	0.00634772423848	0.0044884553325	1.22859178809e-05	4.09530596031e-06	0	1.22859178809e-05	0	0.000114668566889	4.09530596031e-06	6.96202013252e-05	2.04765298015e-05	0	0.00459902859343	0	0	3.27624476825e-05	0	0.00891957638155	0	0.000221146521857	4.09530596031e-06	2.04765298015e-05	8.19061192062e-06	2.86671417222e-05	0.0028585235603	2.45718357618e-05	4.09530596031e-06	8.19061192062e-06	0.000106477954968	0.000982873430474	0.00595047956033	0.00104430301988	0.0132237429458	3.68577536428e-05	4.09530596031e-05	0.000352196312587	0.00707259339345	2.45718357618e-05	2.86671417222e-05	0	0	2.45718357618e-05	5.73342834443e-05	0.000180193462254	1.63812238412e-05	0.000782203438419	0.000221146521857	0.00273156907553	2.45718357618e-05	0	0.00143745239207	0.000409530596031	0.000102382649008	0.000307147947023	3.68577536428e-05	0.000110573260928	0
0.002064034204	0	0	0	0.00751898174313	0.00100744526624	0.0293387718996	0.00874347822526	0.0190267914916	0.00301004988083	0.0613845410391	0.00977549532726	0.0183510660081	6.96202013252e-05	0.00891138576963	0.000823156498022	0	0.000675725483451	0.00488570001065	0.00509865592058	0.0109426575259	0	0	8.19061192062e-06	0.00159716932452	0	0.00212136848744	0.00039314937219	0.0167334201538	0.00841585374843	0	1.22859178809e-05	0	0.00136783219074	0.0120361042173	1.63812238412e-05	0	0	0	0.00452531308614	0	2.45718357618e-05	0.000110573260928	4.91436715237e-05	0.000737155072855	4.91436715237e-05	4.50483655634e-05	0.00640096321596	1.63812238412e-05	3.68577536428e-05	0	0	0	4.09530596031e-06	4.09530596031e-06	0.00012695448477	0	0	1.22859178809e-05	0.00346053353646	1.22859178809e-05	1.63812238412e-05	2.86671417222e-05	0.00133506974306	8.19061192062e-06	0	0	0	0	4.91436715237e-05	0.000114668566889	1.22859178809e-05	0.00376768148348	0.000159716932452	0.000237527745698	7.37155072855e-05	8.19061192062e-06	2.45718357618e-05	8.19061192062e-06	4.09530596031e-05	0	0	0	8.19061192062e-06
8.60014251665e-05	0	0.00012695448477	0	0.00138830872054	1.63812238412e-05	0.0104798879524	0.0012695448477	0.0106150330491	6.96202013252e-05	0.00977549532726	0.0425174664799	0.00925129616434	0.00559828324774	0.00663030034974	0.000204765298015	0.000204765298015	0.00142516647419	0.0118845778968	0.0148250075763	0.00448026472058	6.96202013252e-05	1.22859178809e-05	0.00164631299604	0.000446388349674	0.000868204863585	0.0116265736213	0.00269061601592	0.00211317787552	0.00724459624379	6.14295894046e-05	0.000237527745698	0.000884586087427	0.000651153647689	0.0213283534413	0	3.68577536428e-05	8.19061192062e-06	0	0.000769917520538	0	0	0	0	0.000192479380134	4.09530596031e-06	0.000569247528483	0.00316976681328	0.00314109967156	0	0	8.19061192062e-06	0	0	0	9.82873430474e-05	1.22859178809e-05	0.000143335708611	0.00039314937219	0.000106477954968	0.00214184501724	0.000638867729808	0.000479150797356	0.000167907544373	0	0	0.00221146521857	0	0	2.45718357618e-05	0.00825204151002	0.00211317787552	0.0135104143631	0.0060569575153	2.45718357618e-05	2.45718357618e-05	0.000258004275499	0.000389054066229	0.000253908969539	1.22859178809e-05	5.73342834443e-05	0	2.45718357618e-05	0
0.000520103856959	0.000442293043713	0	0	0.00442293043713	0.000548770998681	0.0168685652505	3.68577536428e-05	0.0122162976796	0.00535256489012	0.0183510660081	0.00925129616434	0.0431604295157	0.000147431014571	0.00714630890074	0.00328853068613	8.19061192062e-06	0.000573342834443	0.00502903571926	0.00436150084773	0.0136332735419	0	0.000475055491396	4.09530596031e-06	0.00343186639474	2.45718357618e-05	0.00281757050069	0.000634772423848	0.00161764585432	0.00497170143581	0	1.63812238412e-05	4.91436715237e-05	4.50483655634e-05	0.01032017102	7.78108132459e-05	8.19061192062e-06	4.09530596031e-06	0	0.00336634149937	3.27624476825e-05	0.000544675692721	1.63812238412e-05	0.000565152222523	0.00121221056425	7.37155072855e-05	0.000540580386761	0.00967311267825	4.91436715237e-05	0.000573342834443	0.000417721207951	0	0	5.73342834443e-05	2.45718357618e-05	0.00229746664373	0	1.22859178809e-05	8.19061192062e-06	0.00401749514706	4.09530596031e-05	2.86671417222e-05	1.22859178809e-05	0.000507817939078	0.000720773849014	0	0	4.91436715237e-05	0	0.000577438140403	6.55248953649e-05	8.19061192062e-06	0.00235889623314	0.000122859178809	0.000827251803982	0.000118763872849	0	1.22859178809e-05	6.55248953649e-05	0.000167907544373	0	2.86671417222e-05	4.09530596031e-06	0
8.19061192062e-06	0.000327624476825	1.63812238412e-05	0	8.19061192062e-06	2.45718357618e-05	0.000204765298015	0.000180193462254	0.000671630177491	0.000233432439738	6.96202013252e-05	0.00559828324774	0.000147431014571	0.0159307401856	0.000294862029142	8.19061192062e-06	0	8.19061192062e-06	8.19061192062e-06	0	0.000122859178809	0.000106477954968	0.000172002850333	6.14295894046e-05	0.000184288768214	0.00377177678944	0.00117944811657	0.00189612665962	0.000229337133777	0.000258004275499	5.73342834443e-05	0.000823156498022	0.000327624476825	3.68577536428e-05	0.00079039405034	0	2.45718357618e-05	0	0	4.09530596031e-06	0	0	4.09530596031e-06	4.09530596031e-06	0.000282576111261	0	0.000475055491396	0	0.005262468159	0	0	1.22859178809e-05	0	0	0	4.09530596031e-06	4.09530596031e-06	2.45718357618e-05	1.22859178809e-05	2.45718357618e-05	0.00325986354441	0.000466864879475	0.000204765298015	3.68577536428e-05	0	0	0.0024039445987	4.09530596031e-06	0	2.86671417222e-05	0.00066343956557	0.000843633027824	0.00157669279472	0.00166678952585	4.09530596031e-06	0.000335815088745	0.000274385499341	9.82873430474e-05	0.000102382649008	0.000208860603976	2.86671417222e-05	0	1.22859178809e-05	0.000253908969539
0.0069333529908	0	0.00217460746492	0	0.000540580386761	2.04765298015e-05	0.0108116077352	0.0140632806677	0.0273935015685	2.86671417222e-05	0.00891138576963	0.00663030034974	0.00714630890074	0.000294862029142	0.044470927423	0.000286671417222	0	0.0010115405722	0.00271109254572	0.00201898583843	0.00322710109672	0.000540580386761	0	0.0010934466914	0.000237527745698	0	0.00226060889009	0.000941920370871	0.00400930453514	0.0110778026226	0.00434102431793	4.09530596031e-06	0.000806775274181	0.000364482230467	0.00855509415108	0	1.22859178809e-05	0	0	0.000315338558944	0	0	4.09530596031e-06	4.09530596031e-06	6.96202013252e-05	1.22859178809e-05	4.50483655634e-05	0.00276842682917	1.63812238412e-05	0	0	0	0	4.09530596031e-06	4.09530596031e-06	4.09530596031e-06	8.19061192062e-06	1.22859178809e-05	4.50483655634e-05	1.22859178809e-05	2.45718357618e-05	2.04765298015e-05	0.000147431014571	3.27624476825e-05	0	0	0	4.09530596031e-06	0	3.68577536428e-05	0.00129411668346	4.50483655634e-05	0.00230565725565	0.00108525607948	0.000438197737753	0.00012695448477	1.22859178809e-05	0.00013104979073	1.22859178809e-05	1.63812238412e-05	1.22859178809e-05	0	3.27624476825e-05	8.19061192062e-06
0	0.000552866304642	8.19061192062e-06	0	0.000507817939078	0.00167907544373	0.00305100294043	6.55248953649e-05	0.00176098156293	0.00490208123449	0.000823156498022	0.000204765298015	0.00328853068613	8.19061192062e-06	0.000286671417222	0.0123883005299	8.60014251665e-05	4.91436715237e-05	1.63812238412e-05	0.000307147947023	0.000774012826498	0	0.000892776699347	3.68577536428e-05	0.00405844820667	1.63812238412e-05	0.000278480805301	0.000819061192062	0.000413625901991	1.63812238412e-05	4.09530596031e-06	0	6.96202013252e-05	4.09530596031e-06	0.000380863454309	0	8.19061192062e-06	4.09530596031e-06	0	0.000327624476825	0	0	1.22859178809e-05	0	0.00185926890598	4.09530596031e-06	8.60014251665e-05	3.68577536428e-05	2.04765298015e-05	0	4.09530596031e-06	2.04765298015e-05	0	4.09530596031e-06	0	2.45718357618e-05	8.19061192062e-06	3.68577536428e-05	7.37155072855e-05	0.000884586087427	4.09530596031e-06	8.19061192062e-06	0.000143335708611	0.000413625901991	0	4.09530596031e-06	0	0	0	4.91436715237e-05	0.000315338558944	2.04765298015e-05	0.00079858466226	6.14295894046e-05	0.00259642397884	0	0	0.000724869154975	0.000204765298015	2.04765298015e-05	1.63812238412e-05	4.09530596031e-06	4.09530596031e-05	0
0	4.91436715237e-05	7.78108132459e-05	0	0	0	0	0	8.19061192062e-06	0.00408302004243	0	0.000204765298015	8.19061192062e-06	0	0	8.60014251665e-05	0.0218648385221	3.27624476825e-05	8.60014251665e-05	0.000151526320531	0	0.00227289480797	0.0119296262624	0.00913253229149	0.00364482230467	0	0.000151526320531	0.00333767435765	0.000683916095371	4.09530596031e-05	0.000204765298015	0	0	0	8.19061192062e-05	0	6.96202013252e-05	4.09530596031e-06	0	0	0	0	0	0	2.86671417222e-05	4.09530596031e-06	6.55248953649e-05	0	0	0	0	0.00583581099344	2.04765298015e-05	1.63812238412e-05	8.19061192062e-06	0	0.00192888910731	0.00873119230738	0.00273975968745	0.000712583237094	1.63812238412e-05	7.78108132459e-05	0.000155621626492	0.00221965583049	0	1.22859178809e-05	0	0	0	4.09530596031e-05	0.00564742691927	0.000225241827817	0.00039724467815	0.000290766723182	9.41920370871e-05	0	0	0.000229337133777	0.00013924040265	4.50483655634e-05	0.000221146521857	0	4.50483655634e-05	0
0.000122859178809	0.000110573260928	0.00543447100933	0	4.09530596031e-05	0	0.000298957335103	0.00092553914703	0.000716678543054	0	0.000675725483451	0.00142516647419	0.000573342834443	8.19061192062e-06	0.0010115405722	4.91436715237e-05	3.27624476825e-05	0.0289128600798	0.00102382649008	0.00520922918151	0.000466864879475	0.00217460746492	0	0.00581123915768	0.00013514509669	0	0.0126094470518	0.0072118337961	0.000966492206633	0.00052829446888	0.0023629915391	0	0	4.91436715237e-05	0.00948472860407	4.09530596031e-06	0.000978778124514	4.09530596031e-06	0	2.86671417222e-05	0	0	1.22859178809e-05	4.09530596031e-06	2.04765298015e-05	8.19061192062e-06	1.63812238412e-05	0.000274385499341	4.09530596031e-06	4.09530596031e-06	0	1.22859178809e-05	4.09530596031e-06	4.09530596031e-06	9.82873430474e-05	4.09530596031e-06	0	8.19061192062e-06	0.000102382649008	4.50483655634e-05	3.27624476825e-05	0.00110982791524	0.00131459321326	4.50483655634e-05	0	0	0	4.09530596031e-06	0	4.50483655634e-05	0.000860014251665	0.000348101006626	0.00307147947023	0.000909157923188	9.82873430474e-05	0	0	0.000495532021197	0.000442293043713	5.73342834443e-05	0	4.09530596031e-06	4.09530596031e-06	0
7.37155072855e-05	0	4.09530596031e-05	0	0.000208860603976	8.19061192062e-06	0.00582352507556	2.86671417222e-05	0.00519694326363	2.45718357618e-05	0.00488570001065	0.0118845778968	0.00502903571926	8.19061192062e-06	0.00271109254572	1.63812238412e-05	8.60014251665e-05	0.00102382649008	0.0132687913114	0.00687601870736	0.00143745239207	2.86671417222e-05	4.09530596031e-06	0.000499627327158	0.000122859178809	0	0.00130640260134	0.000331719782785	0.000642963035768	0.00353834434971	8.19061192062e-06	4.09530596031e-06	4.09530596031e-06	2.04765298015e-05	0.00778517663055	0	1.22859178809e-05	4.09530596031e-06	0	9.82873430474e-05	0	0	0	0	4.09530596031e-05	0	2.04765298015e-05	0.002064034204	4.09530596031e-05	0	0	0	0	0	0	0	0	6.14295894046e-05	0.000188384074174	1.22859178809e-05	8.19061192062e-06	0.000118763872849	0.00013514509669	2.04765298015e-05	0	0	0	0	0	0	0.00241623051658	8.19061192062e-05	0.00252270847155	0.00177736278677	8.19061192062e-06	0	0	9.41920370871e-05	6.55248953649e-05	4.09530596031e-06	2.45718357618e-05	0	1.22859178809e-05	0
6.14295894046e-05	0	7.37155072855e-05	0	0.00136373688478	8.19061192062e-06	0.00341138986494	0.00169545666757	0.0021868933828	4.50483655634e-05	0.00509865592058	0.0148250075763	0.00436150084773	0	0.00201898583843	0.000307147947023	0.000151526320531	0.00520922918151	0.00687601870736	0.0252885143049	0.00334586496957	0.00013104979073	1.22859178809e-05	0.000827251803982	0.000356291618547	0	0.01032017102	0.00459493328747	0.00120401995233	0.00304281232851	0.000204765298015	0	0	0.00111801852716	0.0140550900558	0	2.04765298015e-05	4.09530596031e-06	0	0.000769917520538	0	0	0	4.09530596031e-06	0.000147431014571	0	3.68577536428e-05	0.00161355054836	0.000274385499341	0	0	4.09530596031e-06	0	0	0	9.82873430474e-05	1.63812238412e-05	0.00012695448477	0.000450483655634	9.41920370871e-05	0.00026619488742	0.000417721207951	0.000610200588086	0.000167907544373	0	0	1.63812238412e-05	0	0	0	0.00668353932722	0.00026209958146	0.0119214356505	0.0039724467815	2.86671417222e-05	0	0	0.000458674267555	0.000176098156293	2.04765298015e-05	5.73342834443e-05	0	2.04765298015e-05	0
9.41920370871e-05	0	0	0	0.00973044696169	3.27624476825e-05	0.00486522348085	0.000258004275499	0.00442702574309	0.00509865592058	0.0109426575259	0.00448026472058	0.0136332735419	0.000122859178809	0.00322710109672	0.000774012826498	0	0.000466864879475	0.00143745239207	0.00334586496957	0.024035350681	0	0	4.09530596031e-06	0.00276842682917	0	0.00172821911525	0.000294862029142	0.00473417369012	0.00311243252983	0	0	4.09530596031e-05	0.000827251803982	0.00614295894046	0	4.09530596031e-06	0	0	0.0056023785537	0	0	0	0	0.00161764585432	4.91436715237e-05	4.09530596031e-06	0.000389054066229	1.22859178809e-05	0	4.09530596031e-06	0	0	0	0	0.000221146521857	0	8.19061192062e-06	4.09530596031e-06	0.00461950512323	1.63812238412e-05	0	8.19061192062e-06	0.00189203135366	0	0	0	0	0	0	5.3238977484e-05	0	0.00334996027553	0.000147431014571	0.000434102431793	0.00013104979073	4.09530596031e-06	2.04765298015e-05	0	0	0	4.09530596031e-06	0	4.09530596031e-06
7.37155072855e-05	4.09530596031e-06	0.00106477954968	0	0	0	0	0.00169545666757	0.000421816513912	0.000458674267555	0	6.96202013252e-05	0	0.000106477954968	0.000540580386761	0	0.00227289480797	0.00217460746492	2.86671417222e-05	0.00013104979073	0	0.0273648344268	0.000847728333784	0.0135964157882	0.000303052641063	0	0.000753536296697	0.000991064042395	0.00739612256432	0.000106477954968	0.00804318090605	0	0	7.78108132459e-05	0.00754355357889	0	2.04765298015e-05	0	0	0	0	0	0	0	2.04765298015e-05	4.09530596031e-06	1.22859178809e-05	0	0	0	0	0.00079858466226	8.19061192062e-06	1.22859178809e-05	8.19061192062e-06	0	0.000814965886101	0.00134735566094	0.00163402707816	0.000155621626492	8.19061192062e-06	3.68577536428e-05	0.000147431014571	0.000606105282126	0	1.22859178809e-05	0	0	0	3.27624476825e-05	0.00106068424372	9.41920370871e-05	0.00443931166097	0.0020845107338	0.000864109557625	0	1.22859178809e-05	0.000208860603976	4.09530596031e-05	2.86671417222e-05	7.78108132459e-05	0	0	0
0	0.00622896036563	4.09530596031e-06	0	2.04765298015e-05	0	0	0	0	0.0136537500717	0	1.22859178809e-05	0.000475055491396	0.000172002850333	0	0.000892776699347	0.0119296262624	0	4.09530596031e-06	1.22859178809e-05	0	0.000847728333784	0.0277948415526	0.00584809691132	0.0100007371551	0.000860014251665	4.09530596031e-06	0.0103119804081	4.50483655634e-05	0	0	0	0	0	0	0	0.000470960185435	0	0	0	0	0	0	0	0	0	6.14295894046e-05	0	1.22859178809e-05	0	0	0.00916529473917	1.22859178809e-05	0	0	0	0.00225241827817	0.0125439221564	0.00456626614574	0.000950110982792	4.09530596031e-05	2.04765298015e-05	0.0010115405722	0.00251861316559	0	4.09530596031e-06	0	0	0	4.09530596031e-06	3.27624476825e-05	2.86671417222e-05	1.22859178809e-05	1.22859178809e-05	4.09530596031e-06	0	0	2.86671417222e-05	6.14295894046e-05	2.04765298015e-05	0.000106477954968	0	4.09530596031e-05	0
4.91436715237e-05	3.27624476825e-05	0.0104102677511	0	0	1.22859178809e-05	4.09530596031e-06	0.00434102431793	0.00124087770597	0.00173640972717	8.19061192062e-06	0.00164631299604	4.09530596031e-06	6.14295894046e-05	0.0010934466914	3.68577536428e-05	0.00913253229149	0.00581123915768	0.000499627327158	0.000827251803982	4.09530596031e-06	0.0135964157882	0.00584809691132	0.0689813335954	0.000622486505967	0	0.00322300579076	0.01072560631	0.00340319925302	7.37155072855e-05	0.00506179816694	0	0	5.3238977484e-05	0.00554913957622	0	0.000565152222523	1.63812238412e-05	0	0	0	0	4.50483655634e-05	1.63812238412e-05	0.000167907544373	1.22859178809e-05	2.86671417222e-05	0	4.09530596031e-06	0	0	0.00665077687954	2.45718357618e-05	1.22859178809e-05	8.60014251665e-05	0	0.00113849505697	0.00651153647689	0.00697840135637	0.000196574686095	1.63812238412e-05	0.000438197737753	0.00452531308614	0.00079858466226	0	0	0	8.19061192062e-06	0	1.22859178809e-05	0.0159798838571	0.00128592607154	0.00864928618817	0.00649515525305	0.00112211383312	4.09530596031e-06	2.86671417222e-05	0.000876395475506	0.000331719782785	8.19061192062e-05	6.96202013252e-05	1.22859178809e-05	1.63812238412e-05	0
0.000745345684776	0.00465636287687	0.00013924040265	0	0.00408711534839	2.86671417222e-05	0.000192479380134	0.00440245390733	0.000364482230467	0.0239165868082	0.00159716932452	0.000446388349674	0.00343186639474	0.000184288768214	0.000237527745698	0.00405844820667	0.00364482230467	0.00013514509669	0.000122859178809	0.000356291618547	0.00276842682917	0.000303052641063	0.0100007371551	0.000622486505967	0.0566217002072	0.000671630177491	0.000344005700666	0.00525837285304	0.0129616433644	0.00199031869671	0.00279709397089	0	4.09530596031e-06	0.00151116789935	0.00286261886626	3.27624476825e-05	0.000151526320531	2.86671417222e-05	0	0.00164221769008	0	0	2.04765298015e-05	0	0.0119337215683	4.09530596031e-06	0.000364482230467	0	5.3238977484e-05	4.50483655634e-05	6.14295894046e-05	0.00176098156293	4.09530596031e-05	3.27624476825e-05	1.63812238412e-05	8.19061192062e-06	0.000323529170864	0.0040338763709	0.00027029019338	0.0128633560213	4.91436715237e-05	0.00013514509669	0.000724869154975	0.00831756640539	3.27624476825e-05	8.19061192062e-05	0	0	2.04765298015e-05	0.000147431014571	0.00288719070202	0.000200669992055	0.00399701861726	0.00207222481592	0.00157259748876	8.19061192062e-06	0	0.00296500151526	0.000843633027824	0.000204765298015	0.000319433864904	6.96202013252e-05	0.000159716932452	4.09530596031e-06
0	0.00189612665962	0	0	4.09530596031e-06	0	0	0	0	0.000991064042395	0	0.000868204863585	2.45718357618e-05	0.00377177678944	0	1.63812238412e-05	0	0	0	0	0	0	0.000860014251665	0	0.000671630177491	0.00827661334578	0.000438197737753	0.0037758720954	0	4.09530596031e-06	0	7.37155072855e-05	4.09530596031e-06	0	1.22859178809e-05	0	4.09530596031e-05	0	0	0	0	0	0	0	8.19061192062e-06	0	5.3238977484e-05	0	0.00183469707022	0	0	8.19061192062e-06	0	0	0	0	0	2.86671417222e-05	8.19061192062e-06	4.09530596031e-06	0.00245308827022	0.000229337133777	0.000610200588086	0	0	0	9.82873430474e-05	0	0	0	0	0.000335815088745	0.000155621626492	0	0	0	0.000102382649008	0	0	0	0	0	0	4.09530596031e-06
7.78108132459e-05	0.000122859178809	0.00840766313651	0	0.000561056916562	1.22859178809e-05	0.00290766723182	0.00156440687684	0.00389054066229	2.04765298015e-05	0.00212136848744	0.0116265736213	0.00281757050069	0.00117944811657	0.00226060889009	0.000278480805301	0.000151526320531	0.0126094470518	0.00130640260134	0.01032017102	0.00172821911525	0.000753536296697	4.09530596031e-06	0.00322300579076	0.000344005700666	0.000438197737753	0.0638417246152	0.0180807758148	0.00110982791524	0.000475055491396	0.000900967311268	0.00134326035498	1.63812238412e-05	0.000163812238412	0.00955025349944	4.09530596031e-06	0.00142107116823	8.19061192062e-06	0	0.000258004275499	0	0	1.63812238412e-05	4.09530596031e-06	0.000163812238412	1.22859178809e-05	0.00013104979073	0.000454578961594	0.0119132450385	4.09530596031e-06	4.09530596031e-06	7.37155072855e-05	2.45718357618e-05	4.09530596031e-05	0.000102382649008	2.04765298015e-05	4.09530596031e-06	0.000147431014571	0.000249813663579	0.000159716932452	0.010004832461	0.00864109557625	0.0063559148504	0.000212955909936	4.09530596031e-06	0	0.00241623051658	4.09530596031e-06	0	6.96202013252e-05	0.00823566028618	0.0013104979073	0.0114013317935	0.0044679788027	0.00012695448477	4.09530596031e-06	3.27624476825e-05	0.000679820789411	0.000630677117887	8.19061192062e-05	8.19061192062e-06	1.22859178809e-05	2.04765298015e-05	4.09530596031e-06
0.00013924040265	0.015164917971	0.013203266416	0	0.000172002850333	4.09530596031e-06	0.000110573260928	0.00092553914703	0.000556961610602	0.00634772423848	0.00039314937219	0.00269061601592	0.000634772423848	0.00189612665962	0.000941920370871	0.000819061192062	0.00333767435765	0.0072118337961	0.000331719782785	0.00459493328747	0.000294862029142	0.000991064042395	0.0103119804081	0.01072560631	0.00525837285304	0.0037758720954	0.0180807758148	0.104733354629	0.00079039405034	4.91436715237e-05	0.000696202013252	0.000356291618547	0	6.96202013252e-05	0.00587266874708	0	0.021565881187	0.00013514509669	0	8.19061192062e-05	0	4.09530596031e-06	3.68577536428e-05	1.22859178809e-05	0.00039724467815	1.63812238412e-05	0.000176098156293	3.68577536428e-05	0.00741659909412	0	4.09530596031e-06	0.00288719070202	0.000163812238412	5.73342834443e-05	6.14295894046e-05	3.68577536428e-05	9.00967311268e-05	0.00632315240272	0.00279299866493	0.000389054066229	0.0165286548558	0.0115119050544	0.0368249911951	0.000290766723182	8.19061192062e-06	0	0.000516008550999	1.22859178809e-05	0	0.000118763872849	0.0119378168743	0.000769917520538	0.0117821952478	0.00545085223317	0.000380863454309	4.09530596031e-06	4.50483655634e-05	0.00221556052453	0.00171183789141	0.000282576111261	4.91436715237e-05	4.09530596031e-05	6.14295894046e-05	4.09530596031e-06
0.0027029019338	4.09530596031e-06	0.00118763872849	0	0.00531161183052	0.000315338558944	0.00699887788617	0.0224545625804	0.00791213111532	0.0044884553325	0.0167334201538	0.00211317787552	0.00161764585432	0.000229337133777	0.00400930453514	0.000413625901991	0.000683916095371	0.000966492206633	0.000642963035768	0.00120401995233	0.00473417369012	0.00739612256432	4.50483655634e-05	0.00340319925302	0.0129616433644	0	0.00110982791524	0.00079039405034	0.0614377800165	0.00476284083184	0.00934958350738	0	0	0.00281347519473	0.00711354645306	1.63812238412e-05	2.86671417222e-05	4.09530596031e-06	0	0.00230156194969	0	3.27624476825e-05	0.000114668566889	4.09530596031e-05	0.00177736278677	4.09530596031e-06	0.000159716932452	2.04765298015e-05	3.27624476825e-05	4.09530596031e-05	4.91436715237e-05	4.09530596031e-06	8.19061192062e-06	8.19061192062e-06	4.09530596031e-06	1.63812238412e-05	2.86671417222e-05	0.000143335708611	8.60014251665e-05	0.00619210261199	2.04765298015e-05	8.19061192062e-06	9.41920370871e-05	0.00456217083978	1.63812238412e-05	0	0	0	0	0.000114668566889	0.000606105282126	6.55248953649e-05	0.00688011401332	0.00214184501724	0.0011139232212	4.50483655634e-05	2.04765298015e-05	0.000253908969539	6.55248953649e-05	8.19061192062e-05	0.000102382649008	4.91436715237e-05	6.14295894046e-05	4.09530596031e-06
0.00980006716302	0	0.000163812238412	0	0.000700297319213	6.14295894046e-05	0.00543037570337	0.00706849808749	0.00725278685571	1.22859178809e-05	0.00841585374843	0.00724459624379	0.00497170143581	0.000258004275499	0.0110778026226	1.63812238412e-05	4.09530596031e-05	0.00052829446888	0.00353834434971	0.00304281232851	0.00311243252983	0.000106477954968	0	7.37155072855e-05	0.00199031869671	4.09530596031e-06	0.000475055491396	4.91436715237e-05	0.00476284083184	0.0318369085354	0.00370625189408	0	0.00167498013777	0.00620848383583	0.0095338722756	0	0	0	0	0.000520103856959	0	0	0	0	4.09530596031e-06	4.09530596031e-06	1.63812238412e-05	0.00271928315764	4.09530596031e-06	0	0	0	0	0	0	4.91436715237e-05	0	4.09530596031e-06	0	8.19061192062e-06	4.09530596031e-06	4.09530596031e-06	0	4.09530596031e-06	0	0	0	0	0	0	0.000102382649008	2.04765298015e-05	0.000954206288752	0.000409530596031	6.14295894046e-05	0.000569247528483	0.000221146521857	1.22859178809e-05	4.09530596031e-06	0	0	0	0	1.22859178809e-05
0.00537713672588	8.19061192062e-06	0.00100744526624	0	0	0	0	0.0171839038095	0.00113849505697	4.09530596031e-06	0	6.14295894046e-05	0	5.73342834443e-05	0.00434102431793	4.09530596031e-06	0.000204765298015	0.0023629915391	8.19061192062e-06	0.000204765298015	0	0.00804318090605	0	0.00506179816694	0.00279709397089	0	0.000900967311268	0.000696202013252	0.00934958350738	0.00370625189408	0.0442948292667	0	0	0.000679820789411	0.0102833132663	0	1.63812238412e-05	0	0	0	0	0	0	0	2.45718357618e-05	0	5.73342834443e-05	0	8.19061192062e-06	0	0	0	0	0	0	0	4.09530596031e-06	0	2.04765298015e-05	1.22859178809e-05	1.63812238412e-05	8.19061192062e-06	3.68577536428e-05	0	0	0	0	0	0	4.09530596031e-05	0.000172002850333	4.09530596031e-06	0.0037553955656	0.0010524936318	0.000147431014571	0	0	5.3238977484e-05	0	8.19061192062e-06	8.19061192062e-06	0	2.45718357618e-05	4.09530596031e-06
0	0	0	0	0	0	1.63812238412e-05	0	2.04765298015e-05	0	1.22859178809e-05	0.000237527745698	1.63812238412e-05	0.000823156498022	4.09530596031e-06	0	0	0	4.09530596031e-06	0	0	0	0	0	0	7.37155072855e-05	0.00134326035498	0.000356291618547	0	0	0	0.00185517360002	0	0	3.27624476825e-05	0	4.09530596031e-06	0	0	0	0	0	0	0	4.09530596031e-06	0	0	0	0.000982873430474	0	0	0	0	0	0	0	0	4.09530596031e-06	0	0	0.000900967311268	0.000438197737753	4.09530596031e-06	0	0	0	0.00065934425961	0	0	0	4.09530596031e-06	2.45718357618e-05	1.22859178809e-05	4.09530596031e-06	0	0	0	0	0	0	0	0	0	0
0	0	0	0	0	0.00140059463843	0.000708487931133	0	0.00122859178809	1.22859178809e-05	0	0.000884586087427	4.91436715237e-05	0.000327624476825	0.000806775274181	6.96202013252e-05	0	0	4.09530596031e-06	0	4.09530596031e-05	0	0	0	4.09530596031e-06	4.09530596031e-06	1.63812238412e-05	0	0	0.00167498013777	0	0	0.00402978106494	0	0.00141288055631	0	0	0	0	0	0	0	0	0	8.19061192062e-06	0	4.09530596031e-06	0	4.09530596031e-06	0	0	0	0	0	0	0	0	0	0	4.09530596031e-06	4.09530596031e-06	0	0	8.19061192062e-06	0	0	0	0	0	0	6.96202013252e-05	1.63812238412e-05	0.000196574686095	0.000413625901991	6.96202013252e-05	0.000737155072855	0.000229337133777	8.19061192062e-06	0	0	0	0	0	0
0.00148659606359	0	9.00967311268e-05	0	0.0005364850808	0	0.00013514509669	0.00552456774046	0.000184288768214	0	0.00136783219074	0.000651153647689	4.50483655634e-05	3.68577536428e-05	0.000364482230467	4.09530596031e-06	0	4.91436715237e-05	2.04765298015e-05	0.00111801852716	0.000827251803982	7.78108132459e-05	0	5.3238977484e-05	0.00151116789935	0	0.000163812238412	6.96202013252e-05	0.00281347519473	0.00620848383583	0.000679820789411	0	0	0.00886224209811	0.00283395172453	0	0	0	0	0.000409530596031	0	0	0	0	0	4.09530596031e-06	1.22859178809e-05	0	0	0	0	0	0	0	0	3.68577536428e-05	0	4.09530596031e-06	0	0	0	4.91436715237e-05	3.68577536428e-05	2.45718357618e-05	0	0	0	0	0	1.22859178809e-05	8.60014251665e-05	4.09530596031e-06	0.0024448976583	0.000339910394706	0	0	4.09530596031e-06	8.19061192062e-06	4.09530596031e-06	4.09530596031e-06	0	0	0	0
0.000511913245039	1.22859178809e-05	0.000765822214578	0	0.00215822624108	4.91436715237e-05	0.0112129477193	0.00567609406099	0.0122982037988	0.000114668566889	0.0120361042173	0.0213283534413	0.01032017102	0.00079039405034	0.00855509415108	0.000380863454309	8.19061192062e-05	0.00948472860407	0.00778517663055	0.0140550900558	0.00614295894046	0.00754355357889	0	0.00554913957622	0.00286261886626	1.22859178809e-05	0.00955025349944	0.00587266874708	0.00711354645306	0.0095338722756	0.0102833132663	3.27624476825e-05	0.00141288055631	0.00283395172453	0.0605941469887	0	0.00012695448477	4.09530596031e-06	0	0.00111801852716	0	0	1.22859178809e-05	4.09530596031e-06	0.000655248953649	1.22859178809e-05	0.000184288768214	0.00336634149937	8.60014251665e-05	0	4.09530596031e-06	0	4.09530596031e-06	0	0	0.000118763872849	1.63812238412e-05	2.86671417222e-05	0.000376768148348	0.000479150797356	0.000212955909936	0.000741250378816	0.00112211383312	0.000688011401332	0	0	8.19061192062e-06	0	0	0.000106477954968	0.00383320637885	0.000241623051658	0.0281224660294	0.00733059766895	0.00121630587021	0.000376768148348	4.91436715237e-05	0.000921443841069	2.86671417222e-05	9.41920370871e-05	1.22859178809e-05	4.09530596031e-06	5.73342834443e-05	2.45718357618e-05
0	0	8.19061192062e-06	0	8.19061192062e-06	0	0	0	0	4.09530596031e-06	1.63812238412e-05	0	7.78108132459e-05	0	0	0	0	4.09530596031e-06	0	0	0	0	0	0	3.27624476825e-05	0	4.09530596031e-06	0	1.63812238412e-05	0	0	0	0	0	0	0.0233637205036	8.19061192062e-06	0.00335405558149	0	0.000106477954968	0	0.000958301594712	0.00629448526099	0.0053034212186	9.41920370871e-05	0.000556961610602	0.000434102431793	0.0016299317722	2.45718357618e-05	0.0162174116028	2.86671417222e-05	4.09530596031e-06	0.00167907544373	9.00967311268e-05	0.000413625901991	0.00235070562122	0.00158078810068	4.09530596031e-05	0.00251042255367	0.00177736278677	4.09530596031e-06	0.00290357192586	7.78108132459e-05	0.0032393870146	0.00494712960005	0.00622486505967	0	0.000290766723182	0.000294862029142	0.000966492206633	0	8.19061192062e-06	0	0	0	0	0	1.63812238412e-05	6.14295894046e-05	0.000253908969539	4.91436715237e-05	0	7.37155072855e-05	0
0	0.00796946539876	0.00111801852716	0	0	0	0	4.09530596031e-06	8.19061192062e-06	6.96202013252e-05	0	3.68577536428e-05	8.19061192062e-06	2.45718357618e-05	1.22859178809e-05	8.19061192062e-06	6.96202013252e-05	0.000978778124514	1.22859178809e-05	2.04765298015e-05	4.09530596031e-06	2.04765298015e-05	0.000470960185435	0.000565152222523	0.000151526320531	4.09530596031e-05	0.00142107116823	0.021565881187	2.86671417222e-05	0	1.63812238412e-05	4.09530596031e-06	0	0	0.00012695448477	8.19061192062e-06	0.037042042411	0	0	1.22859178809e-05	0	0	4.91436715237e-05	8.19061192062e-06	0.00431645248216	1.63812238412e-05	7.37155072855e-05	0	0.00155212095896	3.27624476825e-05	0.000172002850333	0.00337862741725	0.000159716932452	4.09530596031e-06	2.04765298015e-05	2.86671417222e-05	0.000368577536428	0.0108034171233	0.0010115405722	0.00377177678944	0.0104266489749	0.00253908969539	0.0283804703049	0.000192479380134	8.60014251665e-05	0.000282576111261	0	8.19061192062e-06	8.19061192062e-05	0.000114668566889	0.00122859178809	8.60014251665e-05	0.000430007125832	0.000163812238412	2.86671417222e-05	0	0	0.00176917217485	0.00192069849538	0.00013514509669	9.00967311268e-05	0.000298957335103	3.27624476825e-05	0
0	0	0.000176098156293	0	0	0	0	0	4.09530596031e-06	2.04765298015e-05	0	8.19061192062e-06	4.09530596031e-06	0	0	4.09530596031e-06	4.09530596031e-06	4.09530596031e-06	4.09530596031e-06	4.09530596031e-06	0	0	0	1.63812238412e-05	2.86671417222e-05	0	8.19061192062e-06	0.00013514509669	4.09530596031e-06	0	0	0	0	0	4.09530596031e-06	0.00335405558149	0	0.022593802983	0	0	0	0	0.00133916504902	0.00101973118412	2.04765298015e-05	0	9.00967311268e-05	4.09530596031e-06	4.09530596031e-06	0.00367758475236	0	5.73342834443e-05	0.00546313815105	2.04765298015e-05	0.000638867729808	4.09530596031e-06	0.000491436715237	2.86671417222e-05	0.00900148250076	0.000204765298015	0	0.00794898886896	0.0066343956557	0.000622486505967	0.00142926178015	0.00245308827022	4.09530596031e-06	0	0.000483246103316	0.00039724467815	6.96202013252e-05	6.55248953649e-05	2.86671417222e-05	1.63812238412e-05	8.19061192062e-06	0	0	0.00012695448477	4.91436715237e-05	0.000446388349674	0.000102382649008	0	0	0
0	0	0	0	0	0	0	0	0	0	0	0	0	0	0	0	0	0	0	0	0	0	0	0	0	0	0	0	0	0	0	0	0	0	0	0	0	0	0	0	0	0	0	0	0	0	0	0	0	0	0	0	0	0	0	0	0	0	0	0	0	0	0	0	0	0	0	0	0	0	0	0	0	0	0	0	0	0	0	0	0	0	0	0
4.09530596031e-06	8.19061192062e-06	2.04765298015e-05	0	0.00606105282126	0	0.000597914670205	0	0.000540580386761	0.00459902859343	0.00452531308614	0.000769917520538	0.00336634149937	4.09530596031e-06	0.000315338558944	0.000327624476825	0	2.86671417222e-05	9.82873430474e-05	0.000769917520538	0.0056023785537	0	0	0	0.00164221769008	0	0.000258004275499	8.19061192062e-05	0.00230156194969	0.000520103856959	0	0	0	0.000409530596031	0.00111801852716	0.000106477954968	1.22859178809e-05	0	0	0.0152263475604	0	0.000217051215896	0.000491436715237	0.000487341409277	0.00173231442121	0.000495532021197	0.000450483655634	0.000855918945704	6.14295894046e-05	0.000106477954968	3.27624476825e-05	0	7.78108132459e-05	0.00013924040265	0.000376768148348	0.00314109967156	0	0	2.86671417222e-05	0.0107010344743	0	0.000335815088745	0.000122859178809	0.00325576823845	9.82873430474e-05	4.09530596031e-06	2.45718357618e-05	0.000188384074174	0	0.000888681393387	4.09530596031e-06	0	0.000917348535109	2.04765298015e-05	0.00104430301988	2.45718357618e-05	0	0.000466864879475	0.00026209958146	0.00123678240001	0.000311243252983	8.19061192062e-05	0.000356291618547	0
