0.00595781781948	8.30357884248e-06	0.000211741260483	0	1.6607157685e-05	0	1.6607157685e-05	0.00135348335132	0.000394419995018	6.64286307398e-05	6.22768413186e-05	4.98214730549e-05	4.15178942124e-06	8.30357884248e-06	0.00196794818567	8.30357884248e-06	5.39732624761e-05	0.000518973677655	8.30357884248e-06	0.000174375155692	4.15178942124e-06	0.000207589471062	4.98214730549e-05	0.000477455783443	0.000149464419165	8.30357884248e-06	0.000390268205597	8.71875778461e-05	0.000265714522959	0.00509009383044	0.00327991364278	4.15178942124e-06	4.15178942124e-06	0.000427634310388	0.000539732624761	8.30357884248e-06	0	4.15178942124e-06	0	1.24553682637e-05	0	8.30357884248e-06	8.30357884248e-06	2.07589471062e-05	0.000124553682637	1.6607157685e-05	4.15178942124e-06	4.15178942124e-06	0	1.24553682637e-05	0	4.15178942124e-06	8.30357884248e-06	0	0	1.24553682637e-05	0	0	4.15178942124e-06	0.000116250103795	0	8.30357884248e-06	4.15178942124e-06	4.98214730549e-05	4.15178942124e-06	4.15178942124e-06	0	0	0	4.15178942124e-06	5.81250518974e-05	2.07589471062e-05	0.000240803786432	8.30357884248e-05	3.32143153699e-05	2.49107365274e-05	4.15178942124e-06	8.30357884248e-06	4.15178942124e-06	4.15178942124e-06	1.24553682637e-05	4.15178942124e-06	0	0
8.30357884248e-06	0.0314539566553	0.00396080710786	0	8.30357884248e-06	8.30357884248e-06	4.15178942124e-06	0.000116250103795	5.39732624761e-05	0.00123308145811	8.30357884248e-06	0.00036950925849	4.15178942124e-06	0.000423482520967	9.96429461098e-05	2.49107365274e-05	0.00123723324753	0.00227102881342	7.47322095823e-05	0.00116665282737	4.15178942124e-06	0.000294777048908	0.00500290625259	0.00111683135431	0.00129951008885	0.00142406377149	0.0119322427966	0.0186124719754	0.000373661047912	0.00019928589222	0.000278169891223	6.22768413186e-05	8.30357884248e-06	9.13393672673e-05	0.00115834924853	2.49107365274e-05	0.0112056796479	0.00165656397907	0	1.6607157685e-05	0	2.07589471062e-05	6.22768413186e-05	3.32143153699e-05	0.00019928589222	4.98214730549e-05	0.000174375155692	2.07589471062e-05	5.39732624761e-05	4.15178942124e-05	4.15178942124e-06	0.000195134102798	0.00136593871959	8.30357884248e-05	0.000871875778461	8.30357884248e-06	0.000112098314373	0.00151125134933	0.000610313044922	0.000232500207589	0.000465000415179	0.00600763929254	0.0107157684962	0.000124553682637	3.73661047912e-05	4.56696836336e-05	1.24553682637e-05	0	0	0.000643527360292	0.00165656397907	0.000917545462094	0.000892634725567	0.00040272357386	0.000145312629743	1.24553682637e-05	2.90625259487e-05	0.000797143568878	0.000664286307398	0.000564643361289	0.000128705472058	2.07589471062e-05	8.30357884248e-06	4.15178942124e-06
0.000211741260483	0.00396080710786	0.0441210661795	0	1.24553682637e-05	4.15178942124e-06	8.71875778461e-05	0.00268620775554	0.000934152619779	0.000161919787428	0.000107946524952	0.000473303994021	2.07589471062e-05	0.000112098314373	0.00123308145811	8.30357884248e-06	0.000655982728556	0.0160134517977	9.54911566885e-05	0.00173129618866	1.6607157685e-05	0.00201776965872	0.00236236818069	0.0174167566221	0.000693348833347	4.98214730549e-05	0.0125425558416	0.0155899692768	0.00304326164577	0.00128705472058	0.00388192310886	2.90625259487e-05	5.81250518974e-05	0.000207589471062	0.00327991364278	2.90625259487e-05	0.00198040355393	0.00194718923856	0	3.32143153699e-05	0	3.32143153699e-05	0.000103794735531	4.98214730549e-05	0.000386116416175	6.64286307398e-05	3.32143153699e-05	8.30357884248e-06	2.49107365274e-05	4.15178942124e-05	4.15178942124e-06	0.00120401893216	0.00110437598605	2.49107365274e-05	0.000224196628747	2.49107365274e-05	0.000278169891223	0.00205928755294	0.00278585070165	0.000427634310388	2.49107365274e-05	0.00162750145313	0.00477040604501	0.000394419995018	2.90625259487e-05	9.96429461098e-05	8.30357884248e-06	0	0	0.00053558083534	0.00468321846716	0.00161089429544	0.005903844557	0.00345844058789	0.00060200946608	0.000373661047912	0.000116250103795	0.000826206094827	0.000564643361289	0.0004691522046	0.000224196628747	4.56696836336e-05	2.90625259487e-05	0
0	0	0	0	0	0	0	0	0	0	0	0	0	0	0	0	0	0	0	0	0	0	0	0	0	0	0	0	0	0	0	0	0	0	0	0	0	0	0	0	0	0	0	0	0	0	0	0	0	0	0	0	0	0	0	0	0	0	0	0	0	0	0	0	0	0	0	0	0	0	0	0	0	0	0	0	0	0	0	0	0	0	0	0
1.6607157685e-05	8.30357884248e-06	1.24553682637e-05	0	0.0223075645603	0	0.000830357884248	0.00275263638628	0.00103794735531	0.00138669766669	0.00265714522959	0.000190982313377	0.00424728057793	5.39732624761e-05	0.000631071992029	0.000149464419165	8.30357884248e-06	2.07589471062e-05	1.24553682637e-05	5.39732624761e-05	0.00690857759694	1.24553682637e-05	1.24553682637e-05	4.15178942124e-05	0.00889728472972	8.30357884248e-06	9.96429461098e-05	2.49107365274e-05	0.00716598854106	0.00131611724653	0.000124553682637	4.15178942124e-06	2.49107365274e-05	0.000244955575853	0.000892634725567	9.13393672673e-05	8.30357884248e-06	4.15178942124e-06	0	0.00281076143818	0	0.000348750311384	5.81250518974e-05	0.000182678734535	0.00151955492817	0.00190151955493	1.6607157685e-05	0.0052976833015	4.15178942124e-06	0.000103794735531	1.6607157685e-05	4.15178942124e-06	0	4.15178942124e-06	0	0.00522295109192	1.24553682637e-05	8.30357884248e-06	1.24553682637e-05	0.00165241218965	4.15178942124e-06	8.30357884248e-06	8.30357884248e-06	0.00040272357386	0.000107946524952	0	0	0	0	0.000120401893216	0.00016607157685	2.49107365274e-05	0.000498214730549	8.30357884248e-05	0.000278169891223	2.07589471062e-05	1.24553682637e-05	6.64286307398e-05	2.07589471062e-05	6.64286307398e-05	1.6607157685e-05	6.64286307398e-05	0	8.30357884248e-06
0	8.30357884248e-06	4.15178942124e-06	0	0	0.00371585153201	0.00186000166072	2.07589471062e-05	0.000481607572864	2.49107365274e-05	1.6607157685e-05	7.88839990036e-05	2.49107365274e-05	5.39732624761e-05	0.000381964626754	0.000880179357303	1.24553682637e-05	8.30357884248e-06	0	8.30357884248e-06	8.30357884248e-06	4.15178942124e-06	0	2.90625259487e-05	3.32143153699e-05	4.15178942124e-06	2.90625259487e-05	1.6607157685e-05	3.32143153699e-05	0.000278169891223	2.49107365274e-05	4.15178942124e-06	0.00161919787428	1.6607157685e-05	0.000481607572864	4.15178942124e-06	4.15178942124e-06	4.15178942124e-06	0	4.15178942124e-06	0	0	0	0	4.15178942124e-06	4.15178942124e-06	0	4.15178942124e-06	0	0	0	0	0	0	0	4.15178942124e-06	8.30357884248e-06	0	1.6607157685e-05	1.24553682637e-05	0	0	8.30357884248e-06	4.15178942124e-06	0	0	0	0	0	4.15178942124e-06	0.000141160840322	2.49107365274e-05	0.000215893049905	8.71875778461e-05	0.000842813252512	0.000685045254505	2.07589471062e-05	8.30357884248e-06	0	8.30357884248e-06	1.24553682637e-05	0	0	0
1.6607157685e-05	4.15178942124e-06	8.71875778461e-05	0	0.000830357884248	0.00186000166072	0.0316117246533	0.00416009300008	0.0145437183426	0.000137009050901	0.00926264219879	0.000739018516981	0.0056879515071	0.000348750311384	0.00505272772565	0.00222951091921	5.81250518974e-05	0.000120401893216	4.56696836336e-05	0.000103794735531	0.0024827700739	5.81250518974e-05	5.39732624761e-05	0.000203437681641	0.000610313044922	4.15178942124e-05	0.000298928838329	8.30357884248e-05	0.00277339533339	0.00416009300008	0.00040272357386	2.07589471062e-05	0.00276924354397	0.000224196628747	0.00280245785934	2.90625259487e-05	0	4.15178942124e-06	0	0.000120401893216	0	2.07589471062e-05	4.98214730549e-05	3.32143153699e-05	0.000377812837333	6.22768413186e-05	2.07589471062e-05	3.32143153699e-05	8.30357884248e-06	3.32143153699e-05	0	4.15178942124e-06	0	0	0	0.000103794735531	0	0	8.30357884248e-06	0.0004691522046	1.6607157685e-05	8.30357884248e-06	8.30357884248e-06	0.000190982313377	3.32143153699e-05	8.30357884248e-06	0	0	0	2.49107365274e-05	0.00128705472058	0.000203437681641	0.00212156439425	0.000290625259487	0.00125384040521	0.00130781366769	3.73661047912e-05	3.73661047912e-05	2.07589471062e-05	2.49107365274e-05	8.30357884248e-06	4.15178942124e-06	1.24553682637e-05	1.24553682637e-05
0.00135348335132	0.000116250103795	0.00268620775554	0	0.00275263638628	2.07589471062e-05	0.00416009300008	0.0543261645769	0.011384206593	0.00172299260981	0.0112887154364	0.00106700988126	0.000518973677655	0.000269866312381	0.0099892053475	0.000274018101802	0.000178526945113	0.0038902266877	8.30357884248e-05	0.000983974092834	0.00050236651997	0.00210080544715	0.000137009050901	0.00448808436436	0.00444656647015	5.81250518974e-05	0.0029311633314	0.000518973677655	0.0228680561322	0.0132649672009	0.0150294777049	3.32143153699e-05	0.000257410944117	0.00350826206095	0.00760607821971	0.000161919787428	4.56696836336e-05	4.98214730549e-05	0	0.00173544797808	0	0.000257410944117	0.000228348418168	0.000224196628747	0.00433446815578	0.00155692103297	4.56696836336e-05	0.000863572199618	1.24553682637e-05	0.000186830523956	0	3.73661047912e-05	2.07589471062e-05	4.15178942124e-06	1.6607157685e-05	0.00182263555592	2.90625259487e-05	4.56696836336e-05	6.22768413186e-05	0.00508594204102	1.24553682637e-05	0.000145312629743	6.22768413186e-05	0.0014074566138	0.000161919787428	4.98214730549e-05	0	0	8.30357884248e-06	0.000161919787428	0.00146142987628	0.000332143153699	0.00489080793822	0.0013493315619	0.000564643361289	0.000298928838329	8.30357884248e-05	0.000203437681641	8.30357884248e-05	0.000124553682637	4.98214730549e-05	3.32143153699e-05	1.24553682637e-05	2.07589471062e-05
0.000394419995018	5.39732624761e-05	0.000934152619779	0	0.00103794735531	0.000481607572864	0.0145437183426	0.011384206593	0.041829278419	0.000494062941128	0.0105289379723	0.00118325998505	0.00198040355393	0.000460848625758	0.0171178277838	0.00070165241219	0.000161919787428	0.00136178693017	8.30357884248e-05	0.000448393257494	0.00218384123557	0.000477455783443	0.00013285726148	0.00124553682637	0.00140330482438	7.88839990036e-05	0.00119571535332	0.000236651997011	0.00535996014282	0.0106119737607	0.00427219131446	1.6607157685e-05	0.00211326081541	0.00107116167068	0.00459603088931	8.30357884248e-05	2.90625259487e-05	2.49107365274e-05	0	0.00043593788923	0	9.96429461098e-05	0.000103794735531	0.000120401893216	0.0015237067176	0.000456696836336	3.73661047912e-05	0.000207589471062	2.49107365274e-05	0.000112098314373	4.15178942124e-06	1.6607157685e-05	8.30357884248e-06	4.15178942124e-06	0	0.000381964626754	2.49107365274e-05	2.49107365274e-05	4.56696836336e-05	0.00189736776551	3.73661047912e-05	4.98214730549e-05	3.32143153699e-05	0.000689197043926	9.96429461098e-05	2.07589471062e-05	0	0	4.15178942124e-06	9.13393672673e-05	0.000959063356307	0.000228348418168	0.00277339533339	0.000643527360292	0.000593705887237	0.000817902515984	4.15178942124e-05	8.71875778461e-05	5.81250518974e-05	7.05804201611e-05	2.07589471062e-05	1.6607157685e-05	1.24553682637e-05	2.90625259487e-05
6.64286307398e-05	0.00123308145811	0.000161919787428	0	0.00138669766669	2.49107365274e-05	0.000137009050901	0.00172299260981	0.000494062941128	0.0212779207839	0.000481607572864	0.000149464419165	0.00164826040023	6.22768413186e-05	0.000523125467076	0.000406875363282	0.00116250103795	0.00019928589222	2.07589471062e-05	9.96429461098e-05	0.001054554513	0.000381964626754	0.00338370837831	0.000311384206593	0.00890974009798	7.88839990036e-05	0.000448393257494	0.00107116167068	0.00425143236735	0.0019554928174	0.00191812671261	4.15178942124e-06	4.98214730549e-05	0.00144897450801	0.00222951091921	0.000290625259487	3.32143153699e-05	4.15178942124e-05	0	0.00175620692518	0	0.000190982313377	0.000319687785436	0.000315535996014	0.0078385784273	0.00107946524952	2.49107365274e-05	0.00130781366769	0	0.000298928838329	2.07589471062e-05	6.22768413186e-05	2.07589471062e-05	0	4.15178942124e-06	0.00190151955493	6.64286307398e-05	0.000128705472058	0.000137009050901	0.00668022917878	1.24553682637e-05	5.39732624761e-05	7.47322095823e-05	0.00193888565972	0.000282321680644	0.000137009050901	0	0	1.6607157685e-05	0.000286473470066	0.000805447147721	0.000120401893216	0.00104209914473	0.000381964626754	0.00157767998007	7.88839990036e-05	3.73661047912e-05	0.000477455783443	7.47322095823e-05	0.000303080627751	8.71875778461e-05	0.000141160840322	4.15178942124e-05	1.24553682637e-05
6.22768413186e-05	8.30357884248e-06	0.000107946524952	0	0.00265714522959	1.6607157685e-05	0.00926264219879	0.0112887154364	0.0105289379723	0.000481607572864	0.0382961056215	0.000801295358299	0.00345428879847	0.000190982313377	0.0042016108943	0.000465000415179	2.49107365274e-05	0.00013285726148	4.56696836336e-05	0.000236651997011	0.00275263638628	4.56696836336e-05	3.73661047912e-05	0.000178526945113	0.00151540313875	2.90625259487e-05	0.000390268205597	9.13393672673e-05	0.0101926430291	0.00534335298514	0.000481607572864	2.49107365274e-05	0.000207589471062	0.000514821888234	0.00366603005896	4.15178942124e-05	0	4.15178942124e-06	0	0.000465000415179	0	0.000178526945113	4.56696836336e-05	6.64286307398e-05	0.000867723989039	0.00104209914473	5.39732624761e-05	0.000983974092834	0	5.81250518974e-05	4.15178942124e-06	0	0	1.24553682637e-05	0	0.000817902515984	4.15178942124e-06	8.30357884248e-06	2.07589471062e-05	0.000934152619779	2.07589471062e-05	2.90625259487e-05	1.24553682637e-05	0.000207589471062	6.64286307398e-05	4.15178942124e-06	0	0	0	7.88839990036e-05	0.000564643361289	0.000107946524952	0.00204683218467	0.000282321680644	0.000211741260483	0.000112098314373	4.15178942124e-05	4.56696836336e-05	3.32143153699e-05	6.22768413186e-05	2.07589471062e-05	2.07589471062e-05	4.15178942124e-06	8.30357884248e-06
4.98214730549e-05	0.00036950925849	0.000473303994021	0	0.000190982313377	7.88839990036e-05	0.000739018516981	0.00106700988126	0.00118325998505	0.000149464419165	0.000801295358299	0.0329735115835	0.00033629494312	0.0118242962717	0.00219629660384	7.88839990036e-05	0.000103794735531	0.00122062608984	0.00286058291123	0.00617786265881	0.000411027152703	0.000323839574857	0.000195134102798	0.000830357884248	0.000315535996014	0.0026197791248	0.0115959478535	0.00176035871461	0.000967366935149	0.00589969276758	0.000830357884248	0.00181018018766	0.000564643361289	0.000506518309391	0.0138669766669	4.15178942124e-05	0.000157767998007	2.90625259487e-05	0	3.32143153699e-05	0	6.22768413186e-05	3.73661047912e-05	7.47322095823e-05	0.000282321680644	8.71875778461e-05	0.00176035871461	2.49107365274e-05	0.000925849040937	5.81250518974e-05	0	1.6607157685e-05	2.90625259487e-05	0.000137009050901	9.54911566885e-05	1.24553682637e-05	8.30357884248e-06	2.49107365274e-05	4.15178942124e-05	0.000365357469069	0.000863572199618	0.00105040272357	0.000577098729552	0.000170223366271	9.54911566885e-05	8.30357884248e-06	7.05804201611e-05	0	0	0.000327991364278	0.0026779041767	0.00322178859088	0.00710371169974	0.00117495640621	0.000190982313377	0.000195134102798	0.000315535996014	0.00013285726148	0.00184339450303	0.000419330731545	6.22768413186e-05	3.32143153699e-05	4.15178942124e-06	0.000494062941128
4.15178942124e-06	4.15178942124e-06	2.07589471062e-05	0	0.00424728057793	2.49107365274e-05	0.0056879515071	0.000518973677655	0.00198040355393	0.00164826040023	0.00345428879847	0.00033629494312	0.0278252927012	0.000112098314373	0.0014074566138	0.00113759030142	1.24553682637e-05	3.32143153699e-05	4.56696836336e-05	5.39732624761e-05	0.0122851448975	8.30357884248e-06	1.24553682637e-05	3.73661047912e-05	0.00185169808187	1.6607157685e-05	0.000137009050901	3.32143153699e-05	0.00141160840322	0.00163165324255	4.98214730549e-05	1.24553682637e-05	0.000141160840322	4.15178942124e-05	0.00105040272357	0.000141160840322	0	4.15178942124e-06	0	0.000261562733538	8.30357884248e-06	0.00190151955493	3.32143153699e-05	0.000722411359296	0.000282321680644	0.00272772564976	9.54911566885e-05	0.00496969193722	1.6607157685e-05	0.000419330731545	3.73661047912e-05	1.6607157685e-05	0	2.49107365274e-05	8.30357884248e-06	0.000560491571867	0	1.24553682637e-05	1.24553682637e-05	0.000348750311384	2.07589471062e-05	4.15178942124e-05	3.32143153699e-05	8.71875778461e-05	0.00043593788923	8.30357884248e-06	4.15178942124e-06	4.15178942124e-06	0	0.000406875363282	0.000282321680644	6.64286307398e-05	0.000527277256498	0.000124553682637	0.00100473303994	4.56696836336e-05	1.6607157685e-05	0.000145312629743	4.98214730549e-05	0.000261562733538	4.98214730549e-05	9.96429461098e-05	3.73661047912e-05	3.32143153699e-05
8.30357884248e-06	0.000423482520967	0.000112098314373	0	5.39732624761e-05	5.39732624761e-05	0.000348750311384	0.000269866312381	0.000460848625758	6.22768413186e-05	0.000190982313377	0.0118242962717	0.000112098314373	0.0242589055883	0.000788839990036	3.73661047912e-05	4.56696836336e-05	0.000203437681641	0.000381964626754	0.000548036203604	0.000116250103795	3.73661047912e-05	8.30357884248e-05	0.000161919787428	0.000103794735531	0.00785103379557	0.00576268371668	0.00315535996014	0.000211741260483	0.00198870713277	0.000157767998007	0.00309308311882	0.000236651997011	0.000103794735531	0.00388607489828	3.32143153699e-05	0.000137009050901	8.30357884248e-06	0	2.90625259487e-05	0	6.64286307398e-05	2.90625259487e-05	5.81250518974e-05	9.54911566885e-05	9.13393672673e-05	0.00301419911982	2.90625259487e-05	0.00175620692518	5.39732624761e-05	0	8.30357884248e-06	8.30357884248e-06	0.000207589471062	0.000103794735531	1.6607157685e-05	8.30357884248e-06	4.15178942124e-06	2.07589471062e-05	0.000149464419165	0.00176866229345	0.00120817072158	0.000564643361289	5.39732624761e-05	0.000141160840322	8.30357884248e-06	7.05804201611e-05	0	0	0.000523125467076	0.000784688200614	0.00210910902599	0.00228348418168	0.000323839574857	7.88839990036e-05	8.30357884248e-05	0.000531429045919	6.64286307398e-05	0.00275263638628	0.000589554097816	3.73661047912e-05	2.49107365274e-05	0	0.00097151872457
0.00196794818567	9.96429461098e-05	0.00123308145811	0	0.000631071992029	0.000381964626754	0.00505272772565	0.0099892053475	0.0171178277838	0.000523125467076	0.0042016108943	0.00219629660384	0.0014074566138	0.000788839990036	0.0374865066844	0.000282321680644	0.000265714522959	0.0020717429212	0.000178526945113	0.000763929253508	0.00153201029644	0.000631071992029	0.00019928589222	0.00186415345014	0.00137424229843	0.000112098314373	0.00199701071162	0.000419330731545	0.00379888732044	0.0207381881591	0.00697500622768	4.98214730549e-05	0.00355393174458	0.00217968944615	0.00779706053309	7.88839990036e-05	3.73661047912e-05	3.32143153699e-05	0	0.000319687785436	0	5.81250518974e-05	0.000116250103795	9.96429461098e-05	0.00136178693017	0.000274018101802	6.22768413186e-05	9.96429461098e-05	2.90625259487e-05	9.13393672673e-05	8.30357884248e-06	2.07589471062e-05	1.6607157685e-05	8.30357884248e-06	8.30357884248e-06	0.000186830523956	2.49107365274e-05	2.49107365274e-05	6.22768413186e-05	0.00163580503197	4.56696836336e-05	7.47322095823e-05	6.64286307398e-05	0.000747322095823	9.96429461098e-05	2.49107365274e-05	0	0	0	0.000124553682637	0.00161504608486	0.000303080627751	0.00404384289629	0.000797143568878	0.000593705887237	0.000830357884248	7.88839990036e-05	0.000137009050901	8.30357884248e-05	8.71875778461e-05	4.98214730549e-05	2.90625259487e-05	3.32143153699e-05	2.90625259487e-05
8.30357884248e-06	2.49107365274e-05	8.30357884248e-06	0	0.000149464419165	0.000880179357303	0.00222951091921	0.000274018101802	0.00070165241219	0.000406875363282	0.000465000415179	7.88839990036e-05	0.00113759030142	3.73661047912e-05	0.000282321680644	0.00608237150212	1.24553682637e-05	1.24553682637e-05	4.15178942124e-06	1.6607157685e-05	0.000332143153699	1.6607157685e-05	3.73661047912e-05	5.39732624761e-05	0.000282321680644	0	4.98214730549e-05	4.98214730549e-05	0.000298928838329	0.000373661047912	7.05804201611e-05	4.15178942124e-06	0.000228348418168	4.98214730549e-05	0.000294777048908	0	0	0	0	1.6607157685e-05	0	0	0	0	4.15178942124e-05	1.24553682637e-05	0	1.6607157685e-05	0	0	0	4.15178942124e-06	0	0	0	2.07589471062e-05	4.15178942124e-06	4.15178942124e-06	8.30357884248e-06	4.56696836336e-05	0	0	0	1.6607157685e-05	0	0	0	0	0	4.15178942124e-06	0.000348750311384	8.30357884248e-06	0.000215893049905	0.00013285726148	0.00314290459188	5.81250518974e-05	4.15178942124e-06	4.15178942124e-06	0	4.15178942124e-06	0	0	0	0
5.39732624761e-05	0.00123723324753	0.000655982728556	0	8.30357884248e-06	1.24553682637e-05	5.81250518974e-05	0.000178526945113	0.000161919787428	0.00116250103795	2.49107365274e-05	0.000103794735531	1.24553682637e-05	4.56696836336e-05	0.000265714522959	1.24553682637e-05	0.0288964543718	0.000552187993025	1.6607157685e-05	0.000211741260483	1.6607157685e-05	0.00433031636635	0.0136842979324	0.0067632649672	0.0128705472058	7.05804201611e-05	0.000784688200614	0.00500290625259	0.00590799634643	0.000950759777464	0.00180187660882	1.24553682637e-05	6.22768413186e-05	0.000718259569875	0.00292701154197	0.000107946524952	9.96429461098e-05	0.000124553682637	0	5.81250518974e-05	0	1.6607157685e-05	0.00019928589222	6.22768413186e-05	0.00273187743918	2.07589471062e-05	2.49107365274e-05	2.49107365274e-05	4.15178942124e-06	0.000112098314373	8.30357884248e-06	0.00202607323757	7.47322095823e-05	8.30357884248e-06	2.07589471062e-05	8.30357884248e-06	0.000726563148717	0.00349995848211	0.00181018018766	0.00157767998007	4.15178942124e-06	0.000128705472058	0.000257410944117	0.00145727808686	9.13393672673e-05	0.000357053890227	0	0	4.15178942124e-06	0.000220044839326	0.00352486921863	0.000826206094827	0.00276509175455	0.00163995682139	0.000377812837333	0.00019928589222	6.64286307398e-05	0.00053558083534	0.000178526945113	0.00019928589222	0.000103794735531	3.73661047912e-05	3.32143153699e-05	4.15178942124e-06
0.000518973677655	0.00227102881342	0.0160134517977	0	2.07589471062e-05	8.30357884248e-06	0.000120401893216	0.0038902266877	0.00136178693017	0.00019928589222	0.00013285726148	0.00122062608984	3.32143153699e-05	0.000203437681641	0.0020717429212	1.24553682637e-05	0.000552187993025	0.0422403055717	0.000265714522959	0.00951174956406	1.24553682637e-05	0.00466245952005	0.0009383044092	0.0171053724155	0.000755625674666	6.64286307398e-05	0.0178526945113	0.00761023000913	0.00276509175455	0.00266544880844	0.00858590052313	2.07589471062e-05	4.98214730549e-05	0.000361205679648	0.00821223947521	3.32143153699e-05	0.00123308145811	0.000672589886241	0	3.32143153699e-05	0	2.90625259487e-05	4.15178942124e-05	3.73661047912e-05	0.00043593788923	6.22768413186e-05	5.81250518974e-05	8.30357884248e-06	2.90625259487e-05	4.15178942124e-05	4.15178942124e-06	0.000203437681641	0.000473303994021	1.24553682637e-05	0.000244955575853	2.49107365274e-05	0.000124553682637	0.000465000415179	0.00050236651997	0.000386116416175	6.64286307398e-05	0.00171468903097	0.00199701071162	0.000303080627751	4.15178942124e-05	6.22768413186e-05	4.15178942124e-06	0	0	0.000298928838329	0.0030889313294	0.00180187660882	0.00504027235739	0.00225857344515	0.000319687785436	0.000161919787428	7.88839990036e-05	0.000440089678651	0.000357053890227	0.000257410944117	9.13393672673e-05	3.32143153699e-05	1.24553682637e-05	1.24553682637e-05
8.30357884248e-06	7.47322095823e-05	9.54911566885e-05	0	1.24553682637e-05	0	4.56696836336e-05	8.30357884248e-05	8.30357884248e-05	2.07589471062e-05	4.56696836336e-05	0.00286058291123	4.56696836336e-05	0.000381964626754	0.000178526945113	4.15178942124e-06	1.6607157685e-05	0.000265714522959	0.00604085360791	0.00265714522959	4.15178942124e-05	6.22768413186e-05	4.56696836336e-05	0.000149464419165	4.15178942124e-05	0.000215893049905	0.00296852943619	0.000415178942124	8.30357884248e-05	0.000440089678651	0.00013285726148	6.64286307398e-05	1.6607157685e-05	5.81250518974e-05	0.00118325998505	0	4.56696836336e-05	0	0	4.15178942124e-06	0	1.24553682637e-05	8.30357884248e-06	8.30357884248e-06	2.07589471062e-05	1.24553682637e-05	0.000265714522959	8.30357884248e-06	7.88839990036e-05	4.15178942124e-06	0	8.30357884248e-06	1.24553682637e-05	7.47322095823e-05	4.56696836336e-05	0	4.15178942124e-06	1.24553682637e-05	1.24553682637e-05	3.73661047912e-05	0.000170223366271	0.000423482520967	0.000224196628747	2.49107365274e-05	1.24553682637e-05	0	4.15178942124e-06	0	0	3.73661047912e-05	0.000460848625758	0.000606161255501	0.000859420410197	0.00016607157685	2.07589471062e-05	1.24553682637e-05	2.07589471062e-05	3.32143153699e-05	0.000228348418168	4.98214730549e-05	4.15178942124e-06	0	0	2.90625259487e-05
0.000174375155692	0.00116665282737	0.00173129618866	0	5.39732624761e-05	8.30357884248e-06	0.000103794735531	0.000983974092834	0.000448393257494	9.96429461098e-05	0.000236651997011	0.00617786265881	5.39732624761e-05	0.000548036203604	0.000763929253508	1.6607157685e-05	0.000211741260483	0.00951174956406	0.00265714522959	0.0306651166653	7.05804201611e-05	0.00115834924853	0.000357053890227	0.00339616374657	0.000282321680644	0.000357053890227	0.0206302416341	0.00478286141327	0.000859420410197	0.00180602839824	0.00247861828448	0.000124553682637	6.22768413186e-05	0.000269866312381	0.0105663040771	1.24553682637e-05	0.000747322095823	4.98214730549e-05	0	4.15178942124e-06	0	2.07589471062e-05	1.6607157685e-05	2.07589471062e-05	0.000170223366271	1.6607157685e-05	0.000315535996014	4.15178942124e-06	0.000112098314373	1.24553682637e-05	4.15178942124e-06	4.56696836336e-05	0.00013285726148	0.00016607157685	0.000373661047912	0	2.90625259487e-05	9.54911566885e-05	0.000120401893216	0.000170223366271	0.000452545046915	0.00199701071162	0.0014074566138	0.000112098314373	2.07589471062e-05	1.24553682637e-05	3.32143153699e-05	0	0	0.000120401893216	0.00413518226356	0.00279415428049	0.0049655401478	0.00130366187827	9.96429461098e-05	7.88839990036e-05	0.000128705472058	0.000261562733538	0.000390268205597	0.000203437681641	5.39732624761e-05	2.07589471062e-05	0	3.73661047912e-05
4.15178942124e-06	4.15178942124e-06	1.6607157685e-05	0	0.00690857759694	8.30357884248e-06	0.0024827700739	0.00050236651997	0.00218384123557	0.001054554513	0.00275263638628	0.000411027152703	0.0122851448975	0.000116250103795	0.00153201029644	0.000332143153699	1.6607157685e-05	1.24553682637e-05	4.15178942124e-05	7.05804201611e-05	0.0191812671261	8.30357884248e-06	1.6607157685e-05	2.49107365274e-05	0.0032840654322	1.6607157685e-05	0.000170223366271	2.90625259487e-05	0.00220044839326	0.00197625176451	4.98214730549e-05	2.07589471062e-05	0.000124553682637	5.81250518974e-05	0.00133687619364	3.73661047912e-05	8.30357884248e-06	0	0	0.000253259154696	0	0.000278169891223	1.6607157685e-05	0.000116250103795	0.000253259154696	0.00056879515071	3.32143153699e-05	0.00109192061779	8.30357884248e-06	7.88839990036e-05	8.30357884248e-06	0	0	4.15178942124e-06	0	0.000448393257494	4.15178942124e-06	8.30357884248e-06	0	0.000294777048908	1.24553682637e-05	1.24553682637e-05	1.24553682637e-05	5.81250518974e-05	7.88839990036e-05	4.15178942124e-06	4.15178942124e-06	4.15178942124e-06	0	8.30357884248e-05	0.000253259154696	5.39732624761e-05	0.000631071992029	0.000103794735531	0.00040272357386	4.15178942124e-05	1.6607157685e-05	2.07589471062e-05	1.24553682637e-05	6.64286307398e-05	1.6607157685e-05	2.07589471062e-05	4.15178942124e-06	4.15178942124e-06
0.000207589471062	0.000294777048908	0.00201776965872	0	1.24553682637e-05	4.15178942124e-06	5.81250518974e-05	0.00210080544715	0.000477455783443	0.000381964626754	4.56696836336e-05	0.000323839574857	8.30357884248e-06	3.73661047912e-05	0.000631071992029	1.6607157685e-05	0.00433031636635	0.00466245952005	6.22768413186e-05	0.00115834924853	8.30357884248e-06	0.0417420908412	0.00359960142822	0.0219712696172	0.00270696670265	2.49107365274e-05	0.00209250186831	0.00138669766669	0.00880594536245	0.00358299427053	0.0152495225442	4.15178942124e-06	4.56696836336e-05	0.00281906501702	0.00598688034543	0.000112098314373	5.81250518974e-05	0.000120401893216	0	3.73661047912e-05	0	3.73661047912e-05	0.000211741260483	6.64286307398e-05	0.00258241302001	3.32143153699e-05	1.24553682637e-05	1.24553682637e-05	4.15178942124e-06	0.000116250103795	0	0.00120401893216	4.98214730549e-05	1.24553682637e-05	3.32143153699e-05	4.15178942124e-06	0.000834509673669	0.00185584987129	0.000548036203604	0.00148218882338	1.24553682637e-05	0.000112098314373	0.000257410944117	0.00163165324255	0.000107946524952	0.000477455783443	0	0	4.15178942124e-06	0.000186830523956	0.00264884165075	0.000743170306402	0.00481607572864	0.00243294860085	0.000510670098813	0.000377812837333	8.71875778461e-05	0.000427634310388	0.000190982313377	0.000182678734535	9.54911566885e-05	4.98214730549e-05	4.15178942124e-05	0
4.98214730549e-05	0.00500290625259	0.00236236818069	0	1.24553682637e-05	0	5.39732624761e-05	0.000137009050901	0.00013285726148	0.00338370837831	3.73661047912e-05	0.000195134102798	1.24553682637e-05	8.30357884248e-05	0.00019928589222	3.73661047912e-05	0.0136842979324	0.0009383044092	4.56696836336e-05	0.000357053890227	1.6607157685e-05	0.00359960142822	0.0389645437183	0.00768496221872	0.00910487420078	0.000269866312381	0.00158183176949	0.0115129120651	0.0036162085859	0.000834509673669	0.00149879598107	8.30357884248e-06	2.90625259487e-05	0.000676741675662	0.00210080544715	0.000203437681641	0.000373661047912	0.000473303994021	0	0.000103794735531	0	2.90625259487e-05	0.000381964626754	0.000107946524952	0.00536411193224	8.71875778461e-05	3.73661047912e-05	6.64286307398e-05	0	0.000195134102798	4.15178942124e-06	0.00629826455202	0.00019928589222	8.30357884248e-06	3.32143153699e-05	2.49107365274e-05	0.00159428713776	0.0120484929004	0.00631071992029	0.0031470563813	2.90625259487e-05	0.000290625259487	0.00210080544715	0.00281906501702	0.000128705472058	0.000664286307398	0	0	8.30357884248e-06	0.000481607572864	0.00247861828448	0.000714107780453	0.00151955492817	0.000863572199618	0.000319687785436	0.000120401893216	2.49107365274e-05	0.00106700988126	0.000460848625758	0.000494062941128	0.000236651997011	7.05804201611e-05	4.56696836336e-05	8.30357884248e-06
0.000477455783443	0.00111683135431	0.0174167566221	0	4.15178942124e-05	2.90625259487e-05	0.000203437681641	0.00448808436436	0.00124553682637	0.000311384206593	0.000178526945113	0.000830357884248	3.73661047912e-05	0.000161919787428	0.00186415345014	5.39732624761e-05	0.0067632649672	0.0171053724155	0.000149464419165	0.00339616374657	2.49107365274e-05	0.0219712696172	0.00768496221872	0.0747322095823	0.00232085028647	6.64286307398e-05	0.00786348916383	0.00998505355808	0.00711616706801	0.00381549447812	0.0122934484763	3.73661047912e-05	0.000112098314373	0.00141160840322	0.00917545462094	6.64286307398e-05	0.000290625259487	0.000606161255501	0	6.64286307398e-05	0	2.07589471062e-05	0.000211741260483	6.22768413186e-05	0.00155276924354	8.30357884248e-05	4.98214730549e-05	2.90625259487e-05	1.6607157685e-05	9.13393672673e-05	0	0.00400232500208	0.000249107365274	1.24553682637e-05	8.30357884248e-05	3.73661047912e-05	0.00106285809184	0.00661380054804	0.00558830856099	0.00134517977248	2.49107365274e-05	0.000431786099809	0.00176866229345	0.00119571535332	7.88839990036e-05	0.000386116416175	4.15178942124e-06	0	4.15178942124e-06	0.000406875363282	0.00757286390434	0.0022087519721	0.013049074151	0.00835755210496	0.00198870713277	0.0015237067176	0.000195134102798	0.000996429461098	0.000448393257494	0.000448393257494	0.000298928838329	9.13393672673e-05	5.39732624761e-05	4.15178942124e-06
0.000149464419165	0.00129951008885	0.000693348833347	0	0.00889728472972	3.32143153699e-05	0.000610313044922	0.00444656647015	0.00140330482438	0.00890974009798	0.00151540313875	0.000315535996014	0.00185169808187	0.000103794735531	0.00137424229843	0.000282321680644	0.0128705472058	0.000755625674666	4.15178942124e-05	0.000282321680644	0.0032840654322	0.00270696670265	0.00910487420078	0.00232085028647	0.0505189736777	8.30357884248e-05	0.00090509009383	0.00187245702898	0.0193099725982	0.00417254836835	0.00472888815079	1.24553682637e-05	9.96429461098e-05	0.00263638628249	0.00587478203106	0.000448393257494	0.000145312629743	0.000107946524952	0	0.00218384123557	0	0.000240803786432	0.00060200946608	0.000477455783443	0.00889728472972	0.00110437598605	6.64286307398e-05	0.000880179357303	1.24553682637e-05	0.000498214730549	2.07589471062e-05	0.000423482520967	7.88839990036e-05	1.6607157685e-05	2.49107365274e-05	0.00141160840322	0.000373661047912	0.000622768413186	0.000348750311384	0.0085028647347	2.90625259487e-05	0.000149464419165	0.000244955575853	0.00328821722162	0.000419330731545	0.00033629494312	0	8.30357884248e-06	2.07589471062e-05	0.000510670098813	0.00274848459686	0.0004691522046	0.00357053890227	0.00157767998007	0.00114589388026	0.000195134102798	8.71875778461e-05	0.00073486672756	0.000145312629743	0.000489911151706	0.000120401893216	0.000170223366271	7.88839990036e-05	2.49107365274e-05
8.30357884248e-06	0.00142406377149	4.98214730549e-05	0	8.30357884248e-06	4.15178942124e-06	4.15178942124e-05	5.81250518974e-05	7.88839990036e-05	7.88839990036e-05	2.90625259487e-05	0.0026197791248	1.6607157685e-05	0.00785103379557	0.000112098314373	0	7.05804201611e-05	6.64286307398e-05	0.000215893049905	0.000357053890227	1.6607157685e-05	2.49107365274e-05	0.000269866312381	6.64286307398e-05	8.30357884248e-05	0.014892468654	0.00593705887237	0.00365772648011	5.39732624761e-05	0.000228348418168	3.73661047912e-05	0.000959063356307	3.32143153699e-05	1.24553682637e-05	0.000556339782446	3.32143153699e-05	0.00136593871959	8.30357884248e-06	0	1.6607157685e-05	0	4.56696836336e-05	2.49107365274e-05	3.73661047912e-05	2.07589471062e-05	7.05804201611e-05	0.0028730382795	2.49107365274e-05	0.00156522461181	4.56696836336e-05	0	8.30357884248e-06	2.90625259487e-05	0.000228348418168	0.000274018101802	8.30357884248e-06	1.24553682637e-05	1.6607157685e-05	2.07589471062e-05	5.39732624761e-05	0.0041642447895	0.00217138586731	0.00222120734036	1.6607157685e-05	0.000103794735531	4.15178942124e-06	0.000124553682637	0	0	0.000510670098813	0.000203437681641	0.000390268205597	0.000406875363282	6.64286307398e-05	8.30357884248e-06	1.24553682637e-05	0.000120401893216	0.000103794735531	0.00221705555094	0.000647679149714	6.22768413186e-05	2.49107365274e-05	0	0.00100058125052
0.000390268205597	0.0119322427966	0.0125425558416	0	9.96429461098e-05	2.90625259487e-05	0.000298928838329	0.0029311633314	0.00119571535332	0.000448393257494	0.000390268205597	0.0115959478535	0.000137009050901	0.00576268371668	0.00199701071162	4.98214730549e-05	0.000784688200614	0.0178526945113	0.00296852943619	0.0206302416341	0.000170223366271	0.00209250186831	0.00158183176949	0.00786348916383	0.00090509009383	0.00593705887237	0.0954620941626	0.0326206094827	0.00227518060284	0.00384870879349	0.00518143319771	0.00210495723657	0.000149464419165	0.000572946940131	0.0132109939384	6.22768413186e-05	0.00775554263888	0.000751473885245	0	5.39732624761e-05	0	6.64286307398e-05	9.96429461098e-05	6.22768413186e-05	0.000514821888234	0.000107946524952	0.0024620111268	2.90625259487e-05	0.00108361703894	0.000107946524952	4.15178942124e-06	0.000253259154696	0.0014655816657	0.000846965041933	0.00245370754795	2.07589471062e-05	0.000153616208586	0.000465000415179	0.00053558083534	0.000548036203604	0.00431370920867	0.0129743419414	0.0118284480611	0.000373661047912	0.000137009050901	5.81250518974e-05	0.000269866312381	0	0	0.00125799219464	0.00928340114589	0.00727808685543	0.00868969525866	0.00251598438927	0.000311384206593	0.00016607157685	0.000244955575853	0.00128705472058	0.0024827700739	0.00129951008885	0.000224196628747	6.22768413186e-05	2.07589471062e-05	0.000224196628747
8.71875778461e-05	0.0186124719754	0.0155899692768	0	2.49107365274e-05	1.6607157685e-05	8.30357884248e-05	0.000518973677655	0.000236651997011	0.00107116167068	9.13393672673e-05	0.00176035871461	3.32143153699e-05	0.00315535996014	0.000419330731545	4.98214730549e-05	0.00500290625259	0.00761023000913	0.000415178942124	0.00478286141327	2.90625259487e-05	0.00138669766669	0.0115129120651	0.00998505355808	0.00187245702898	0.00365772648011	0.0326206094827	0.0860873536494	0.00123723324753	0.000880179357303	0.00103379556589	0.00102134019763	4.98214730549e-05	0.000211741260483	0.00530183509092	6.22768413186e-05	0.00732790832849	0.0019928589222	0	4.98214730549e-05	0	3.32143153699e-05	0.000145312629743	7.88839990036e-05	0.000352902100805	9.96429461098e-05	0.000739018516981	2.49107365274e-05	0.000307232417172	9.54911566885e-05	0	0.00230009133937	0.00142406377149	0.000203437681641	0.00090509009383	2.07589471062e-05	0.000390268205597	0.00481192393922	0.00414763763182	0.000465000415179	0.00156937640123	0.00652246118077	0.01004317861	0.00033629494312	6.22768413186e-05	9.96429461098e-05	6.22768413186e-05	0	0	0.000842813252512	0.0079548285311	0.00359960142822	0.00660134517977	0.00360375321764	0.000722411359296	0.000427634310388	0.00016607157685	0.00122062608984	0.00122892966869	0.000822054305406	0.000303080627751	3.73661047912e-05	4.56696836336e-05	6.22768413186e-05
0.000265714522959	0.000373661047912	0.00304326164577	0	0.00716598854106	3.32143153699e-05	0.00277339533339	0.0228680561322	0.00535996014282	0.00425143236735	0.0101926430291	0.000967366935149	0.00141160840322	0.000211741260483	0.00379888732044	0.000298928838329	0.00590799634643	0.00276509175455	8.30357884248e-05	0.000859420410197	0.00220044839326	0.00880594536245	0.0036162085859	0.00711616706801	0.0193099725982	5.39732624761e-05	0.00227518060284	0.00123723324753	0.0701029643776	0.00953666030059	0.0130615295192	2.90625259487e-05	0.000215893049905	0.00403553931745	0.0105289379723	0.000589554097816	8.30357884248e-05	0.00016607157685	0	0.00374906584738	0	0.000440089678651	0.000705804201611	0.000585402308395	0.0105663040771	0.00219214481442	7.05804201611e-05	0.00176035871461	8.30357884248e-06	0.000614464834344	1.6607157685e-05	0.000518973677655	9.13393672673e-05	2.07589471062e-05	1.24553682637e-05	0.00333388690526	0.000498214730549	0.000527277256498	0.000427634310388	0.00973594619281	1.6607157685e-05	0.000186830523956	0.000211741260483	0.00396911068671	0.000523125467076	0.000452545046915	0	4.15178942124e-06	8.30357884248e-06	0.000631071992029	0.00357884248111	0.000709955991032	0.00710786348916	0.00274018101802	0.00106700988126	0.000390268205597	0.000137009050901	0.00100473303994	0.000257410944117	0.000556339782446	0.000190982313377	0.00019928589222	9.54911566885e-05	2.90625259487e-05
0.00509009383044	0.00019928589222	0.00128705472058	0	0.00131611724653	0.000278169891223	0.00416009300008	0.0132649672009	0.0106119737607	0.0019554928174	0.00534335298514	0.00589969276758	0.00163165324255	0.00198870713277	0.0207381881591	0.000373661047912	0.000950759777464	0.00266544880844	0.000440089678651	0.00180602839824	0.00197625176451	0.00358299427053	0.000834509673669	0.00381549447812	0.00417254836835	0.000228348418168	0.00384870879349	0.000880179357303	0.00953666030059	0.0624927343685	0.0201195715353	0.000137009050901	0.00280660964876	0.0155484513825	0.0272066760774	0.000261562733538	5.39732624761e-05	6.22768413186e-05	0	0.000680893465083	0	0.000182678734535	0.000269866312381	0.000340446732542	0.00385701237233	0.000465000415179	0.000141160840322	0.000195134102798	7.47322095823e-05	0.000303080627751	1.6607157685e-05	5.39732624761e-05	4.56696836336e-05	1.6607157685e-05	2.07589471062e-05	0.000311384206593	8.30357884248e-05	7.88839990036e-05	0.000141160840322	0.00436768247115	6.64286307398e-05	0.000182678734535	0.000116250103795	0.00192643029146	0.000269866312381	0.000112098314373	4.15178942124e-06	0	8.30357884248e-06	0.000282321680644	0.00540147803703	0.000950759777464	0.0129618865731	0.00283982396413	0.00114589388026	0.00120401893216	0.000253259154696	0.000460848625758	0.000228348418168	0.000265714522959	0.000103794735531	9.13393672673e-05	4.15178942124e-05	6.22768413186e-05
