1435	2	51	0	4	0	4	326	95	16	15	12	1	2	474	2	13	125	2	42	1	50	12	115	36	2	94	21	64	1226	790	1	1	103	130	2	0	1	0	3	0	2	2	5	30	4	1	1	0	3	0	1	2	0	0	3	0	0	1	28	0	2	1	12	1	1	0	0	0	1	14	5	58	20	8	6	1	2	1	1	3	1	0	0
2	7576	954	0	2	2	1	28	13	297	2	89	1	102	24	6	298	547	18	281	1	71	1205	269	313	343	2874	4483	90	48	67	15	2	22	279	6	2699	399	0	4	0	5	15	8	48	12	42	5	13	10	1	47	329	20	210	2	27	364	147	56	112	1447	2581	30	9	11	3	0	0	155	399	221	215	97	35	3	7	192	160	136	31	5	2	1
51	954	10627	0	3	1	21	647	225	39	26	114	5	27	297	2	158	3857	23	417	4	486	569	4195	167	12	3021	3755	733	310	935	7	14	50	790	7	477	469	0	8	0	8	25	12	93	16	8	2	6	10	1	290	266	6	54	6	67	496	671	103	6	392	1149	95	7	24	2	0	0	129	1128	388	1422	833	145	90	28	199	136	113	54	11	7	0
0	0	0	0	0	0	0	0	0	0	0	0	0	0	0	0	0	0	0	0	0	0	0	0	0	0	0	0	0	0	0	0	0	0	0	0	0	0	0	0	0	0	0	0	0	0	0	0	0	0	0	0	0	0	0	0	0	0	0	0	0	0	0	0	0	0	0	0	0	0	0	0	0	0	0	0	0	0	0	0	0	0	0	0
4	2	3	0	5373	0	200	663	250	334	640	46	1023	13	152	36	2	5	3	13	1664	3	3	10	2143	2	24	6	1726	317	30	1	6	59	215	22	2	1	0	677	0	84	14	44	366	458	4	1276	1	25	4	1	0	1	0	1258	3	2	3	398	1	2	2	97	26	0	0	0	0	29	40	6	120	20	67	5	3	16	5	16	4	16	0	2
0	2	1	0	0	895	448	5	116	6	4	19	6	13	92	212	3	2	0	2	2	1	0	7	8	1	7	4	8	67	6	1	390	4	116	1	1	1	0	1	0	0	0	0	1	1	0	1	0	0	0	0	0	0	0	1	2	0	4	3	0	0	2	1	0	0	0	0	0	1	34	6	52	21	203	165	5	2	0	2	3	0	0	0
4	1	21	0	200	448	7614	1002	3503	33	2231	178	1370	84	1217	537	14	29	11	25	598	14	13	49	147	10	72	20	668	1002	97	5	667	54	675	7	0	1	0	29	0	5	12	8	91	15	5	8	2	8	0	1	0	0	0	25	0	0	2	113	4	2	2	46	8	2	0	0	0	6	310	49	511	70	302	315	9	9	5	6	2	1	3	3
326	28	647	0	663	5	1002	13085	2742	415	2719	257	125	65	2406	66	43	937	20	237	121	506	33	1081	1071	14	706	125	5508	3195	3620	8	62	845	1832	39	11	12	0	418	0	62	55	54	1044	375	11	208	3	45	0	9	5	1	4	439	7	11	15	1225	3	35	15	339	39	12	0	0	2	39	352	80	1178	325	136	72	20	49	20	30	12	8	3	5
95	13	225	0	250	116	3503	2742	10075	119	2536	285	477	111	4123	169	39	328	20	108	526	115	32	300	338	19	288	57	1291	2556	1029	4	509	258	1107	20	7	6	0	105	0	24	25	29	367	110	9	50	6	27	1	4	2	1	0	92	6	6	11	457	9	12	8	166	24	5	0	0	1	22	231	55	668	155	143	197	10	21	14	17	5	4	3	7
16	297	39	0	334	6	33	415	119	5125	116	36	397	15	126	98	280	48	5	24	254	92	815	75	2146	19	108	258	1024	471	462	1	12	349	537	70	8	10	0	423	0	46	77	76	1888	260	6	315	0	72	5	15	5	0	1	458	16	31	33	1609	3	13	18	467	68	33	0	0	4	69	194	29	251	92	380	19	9	115	18	73	21	34	10	3
15	2	26	0	640	4	2231	2719	2536	116	9224	193	832	46	1012	112	6	32	11	57	663	11	9	43	365	7	94	22	2455	1287	116	6	50	124	883	10	0	1	0	112	0	43	11	16	209	251	13	237	0	14	1	0	0	3	0	197	1	2	5	225	5	7	3	50	16	1	0	0	0	19	136	26	493	68	51	27	10	11	8	15	5	5	1	2
12	89	114	0	46	19	178	257	285	36	193	7942	81	2848	529	19	25	294	689	1488	99	78	47	200	76	631	2793	424	233	1421	200	436	136	122	3340	10	38	7	0	8	0	15	9	18	68	21	424	6	223	14	0	4	7	33	23	3	2	6	10	88	208	253	139	41	23	2	17	0	0	79	645	776	1711	283	46	47	76	32	444	101	15	8	1	119
1	1	5	0	1023	6	1370	125	477	397	832	81	6702	27	339	274	3	8	11	13	2959	2	3	9	446	4	33	8	340	393	12	3	34	10	253	34	0	1	0	63	2	458	8	174	68	657	23	1197	4	101	9	4	0	6	2	135	0	3	3	84	5	10	8	21	105	2	1	1	0	98	68	16	127	30	242	11	4	35	12	63	12	24	9	8
2	102	27	0	13	13	84	65	111	15	46	2848	27	5843	190	9	11	49	92	132	28	9	20	39	25	1891	1388	760	51	479	38	745	57	25	936	8	33	2	0	7	0	16	7	14	23	22	726	7	423	13	0	2	2	50	25	4	2	1	5	36	426	291	136	13	34	2	17	0	0	126	189	508	550	78	19	20	128	16	663	142	9	6	0	234
474	24	297	0	152	92	1217	2406	4123	126	1012	529	339	190	9029	68	64	499	43	184	369	152	48	449	331	27	481	101	915	4995	1680	12	856	525	1878	19	9	8	0	77	0	14	28	24	328	66	15	24	7	22	2	5	4	2	2	45	6	6	15	394	11	18	16	180	24	6	0	0	0	30	389	73	974	192	143	200	19	33	20	21	12	7	8	7
2	6	2	0	36	212	537	66	169	98	112	19	274	9	68	1465	3	3	1	4	80	4	9	13	68	0	12	12	72	90	17	1	55	12	71	0	0	0	0	4	0	0	0	0	10	3	0	4	0	0	0	1	0	0	0	5	1	1	2	11	0	0	0	4	0	0	0	0	0	1	84	2	52	32	757	14	1	1	0	1	0	0	0	0
13	298	158	0	2	3	14	43	39	280	6	25	3	11	64	3	6960	133	4	51	4	1043	3296	1629	3100	17	189	1205	1423	229	434	3	15	173	705	26	24	30	0	14	0	4	48	15	658	5	6	6	1	27	2	488	18	2	5	2	175	843	436	380	1	31	62	351	22	86	0	0	1	53	849	199	666	395	91	48	16	129	43	48	25	9	8	1
125	547	3857	0	5	2	29	937	328	48	32	294	8	49	499	3	133	10174	64	2291	3	1123	226	4120	182	16	4300	1833	666	642	2068	5	12	87	1978	8	297	162	0	8	0	7	10	9	105	15	14	2	7	10	1	49	114	3	59	6	30	112	121	93	16	413	481	73	10	15	1	0	0	72	744	434	1214	544	77	39	19	106	86	62	22	8	3	3
2	18	23	0	3	0	11	20	20	5	11	689	11	92	43	1	4	64	1455	640	10	15	11	36	10	52	715	100	20	106	32	16	4	14	285	0	11	0	0	1	0	3	2	2	5	3	64	2	19	1	0	2	3	18	11	0	1	3	3	9	41	102	54	6	3	0	1	0	0	9	111	146	207	40	5	3	5	8	55	12	1	0	0	7
42	281	417	0	13	2	25	237	108	24	57	1488	13	132	184	4	51	2291	640	7386	17	279	86	818	68	86	4969	1152	207	435	597	30	15	65	2545	3	180	12	0	1	0	5	4	5	41	4	76	1	27	3	1	11	32	40	90	0	7	23	29	41	109	481	339	27	5	3	8	0	0	29	996	673	1196	314	24	19	31	63	94	49	13	5	0	9
1	1	4	0	1664	2	598	121	526	254	663	99	2959	28	369	80	4	3	10	17	4620	2	4	6	791	4	41	7	530	476	12	5	30	14	322	9	2	0	0	61	0	67	4	28	61	137	8	263	2	19	2	0	0	1	0	108	1	2	0	71	3	3	3	14	19	1	1	1	0	20	61	13	152	25	97	10	4	5	3	16	4	5	1	1
50	71	486	0	3	1	14	506	115	92	11	78	2	9	152	4	1043	1123	15	279	2	10054	867	5292	652	6	504	334	2121	863	3673	1	11	679	1442	27	14	29	0	9	0	9	51	16	622	8	3	3	1	28	0	290	12	3	8	1	201	447	132	357	3	27	62	393	26	115	0	0	1	45	638	179	1160	586	123	91	21	103	46	44	23	12	10	0
12	1205	569	0	3	0	13	33	32	815	9	47	3	20	48	9	3296	226	11	86	4	867	9385	1851	2193	65	381	2773	871	201	361	2	7	163	506	49	90	114	0	25	0	7	92	26	1292	21	9	16	0	47	1	1517	48	2	8	6	384	2902	1520	758	7	70	506	679	31	160	0	0	2	116	597	172	366	208	77	29	6	257	111	119	57	17	11	2
115	269	4195	0	10	7	49	1081	300	75	43	200	9	39	449	13	1629	4120	36	818	6	5292	1851	18000	559	16	1894	2405	1714	919	2961	9	27	340	2210	16	70	146	0	16	0	5	51	15	374	20	12	7	4	22	0	964	60	3	20	9	256	1593	1346	324	6	104	426	288	19	93	1	0	1	98	1824	532	3143	2013	479	367	47	240	108	108	72	22	13	1
36	313	167	0	2143	8	147	1071	338	2146	365	76	446	25	331	68	3100	182	10	68	791	652	2193	559	12168	20	218	451	4651	1005	1139	3	24	635	1415	108	35	26	0	526	0	58	145	115	2143	266	16	212	3	120	5	102	19	4	6	340	90	150	84	2048	7	36	59	792	101	81	0	2	5	123	662	113	860	380	276	47	21	177	35	118	29	41	19	6
2	343	12	0	2	1	10	14	19	19	7	631	4	1891	27	0	17	16	52	86	4	6	65	16	20	3587	1430	881	13	55	9	231	8	3	134	8	329	2	0	4	0	11	6	9	5	17	692	6	377	11	0	2	7	55	66	2	3	4	5	13	1003	523	535	4	25	1	30	0	0	123	49	94	98	16	2	3	29	25	534	156	15	6	0	241
94	2874	3021	0	24	7	72	706	288	108	94	2793	33	1388	481	12	189	4300	715	4969	41	504	381	1894	218	1430	22993	7857	548	927	1248	507	36	138	3182	15	1868	181	0	13	0	16	24	15	124	26	593	7	261	26	1	61	353	204	591	5	37	112	129	132	1039	3125	2849	90	33	14	65	0	0	303	2236	1753	2093	606	75	40	59	310	598	313	54	15	5	54
21	4483	3755	0	6	4	20	125	57	258	22	424	8	760	101	12	1205	1833	100	1152	7	334	2773	2405	451	881	7857	20735	298	212	249	246	12	51	1277	15	1765	480	0	12	0	8	35	19	85	24	178	6	74	23	0	554	343	49	218	5	94	1159	999	112	378	1571	2419	81	15	24	15	0	0	203	1916	867	1590	868	174	103	40	294	296	198	73	9	11	15
64	90	733	0	1726	8	668	5508	1291	1024	2455	233	340	51	915	72	1423	666	20	207	530	2121	871	1714	4651	13	548	298	16885	2297	3146	7	52	972	2536	142	20	40	0	903	0	106	170	141	2545	528	17	424	2	148	4	125	22	5	3	803	120	127	103	2345	4	45	51	956	126	109	0	1	2	152	862	171	1712	660	257	94	33	242	62	134	46	48	23	7
1226	48	310	0	317	67	1002	3195	2556	471	1287	1421	393	479	4995	90	229	642	106	435	476	863	201	919	1005	55	927	212	2297	15052	4846	33	676	3745	6553	63	13	15	0	164	0	44	65	82	929	112	34	47	18	73	4	13	11	4	5	75	20	19	34	1052	16	44	28	464	65	27	1	0	2	68	1301	229	3122	684	276	290	61	111	55	64	25	22	10	15
790	67	935	0	30	6	97	3620	1029	462	116	200	12	38	1680	17	434	2068	32	597	12	3673	361	2961	1139	9	1248	249	3146	4846	13373	4	35	1931	2975	74	25	28	0	138	0	35	98	81	1033	79	11	23	2	86	2	57	20	2	10	45	62	71	76	991	4	47	43	568	71	60	1	0	3	92	549	150	1428	559	172	101	24	154	49	84	37	28	12	4
1	15	7	0	1	1	5	8	4	1	6	436	3	745	12	1	3	5	16	30	5	1	2	9	3	231	507	246	7	33	4	997	2	2	85	1	4	0	0	1	0	2	2	1	1	4	145	2	59	1	0	0	1	13	5	0	1	0	0	1	78	98	42	1	4	1	7	0	0	18	31	65	55	9	2	2	5	1	100	19	1	1	0	14
1	2	14	0	6	390	667	62	509	12	50	136	34	57	856	55	15	12	4	15	30	11	7	27	24	8	36	12	52	676	35	2	1676	33	581	1	1	1	0	5	0	1	2	1	17	1	1	0	1	0	0	0	0	0	1	2	0	0	1	16	0	3	1	12	0	1	0	0	0	1	111	21	350	73	82	335	8	4	1	1	1	1	1	1
103	22	50	0	59	4	54	845	258	349	124	122	10	25	525	12	173	87	14	65	14	679	163	340	635	3	138	51	972	3745	1931	2	33	4637	2836	33	5	6	0	87	0	19	34	44	572	53	5	21	2	38	1	9	6	1	1	30	13	13	17	566	0	9	6	243	35	23	1	0	1	37	439	68	1127	387	100	63	19	74	17	35	11	12	6	3
130	279	790	0	215	116	675	1832	1107	537	883	3340	253	936	1878	71	705	1978	285	2545	322	1442	506	2210	1415	134	3182	1277	2536	6553	2975	85	581	2836	17099	65	97	49	0	110	0	36	86	70	961	71	75	28	42	71	3	46	28	14	30	43	46	60	101	928	54	202	177	504	68	52	2	0	4	78	2994	958	7999	2015	397	500	152	200	117	106	50	24	9	26
2	6	7	0	22	1	7	39	20	70	10	10	34	8	19	0	26	8	0	3	9	27	49	16	108	8	15	15	142	63	74	1	1	33	65	5757	15	79	0	180	0	355	1839	986	380	923	83	252	14	3188	2	5	243	12	83	171	261	36	377	908	12	136	86	700	1778	940	1	4	36	618	24	4	32	14	6	3	1	146	63	354	60	31	26	19
0	2699	477	0	2	1	0	11	7	8	0	38	0	33	9	0	24	297	11	180	2	14	90	70	35	329	1868	1765	20	13	25	4	1	5	97	15	6238	193	0	62	0	7	17	14	761	11	54	23	26	19	6	151	307	25	221	4	42	1456	137	649	585	1512	3998	78	22	22	9	0	1	242	129	79	76	40	4	2	4	286	262	228	54	5	8	11
1	399	469	0	1	1	1	12	6	10	1	7	1	2	8	0	30	162	0	12	0	29	114	146	26	2	181	480	40	15	28	0	1	6	49	79	193	5863	0	23	0	27	345	142	54	116	24	6	4	152	0	66	840	5	82	10	291	179	2097	147	14	1556	1653	470	37	156	2	0	3	321	59	24	51	36	5	2	4	430	327	340	120	13	16	5
0	0	0	0	0	0	0	0	0	0	0	0	0	0	0	0	0	0	0	0	0	0	0	0	0	0	0	0	0	0	0	0	0	0	0	0	0	0	0	0	0	0	0	0	0	0	0	0	0	0	0	0	0	0	0	0	0	0	0	0	0	0	0	0	0	0	0	0	0	0	0	0	0	0	0	0	0	0	0	0	0	0	0	0
3	4	8	0	677	1	29	418	105	423	112	8	63	7	77	4	14	8	1	1	61	9	25	16	526	4	13	12	903	164	138	1	5	87	110	180	62	23	0	5950	4	309	174	222	1823	1707	23	1310	4	211	50	19	12	6	8	2614	17	125	39	3895	7	28	38	1611	149	27	0	1	2	160	27	2	61	28	16	7	0	153	40	153	32	40	21	3
0	0	0	0	0	0	0	0	0	0	0	0	2	0	0	0	0	0	0	0	0	0	0	0	0	0	0	0	0	0	0	0	0	0	0	0	0	0	0	4	223	56	0	20	13	2	0	12	0	4	97	0	0	0	0	1	0	0	1	5	0	0	0	0	5	0	0	49	0	11	0	0	0	0	0	0	0	1	1	5	1	98	68	0
2	5	8	0	84	0	5	62	24	46	43	15	458	16	14	0	4	7	3	5	67	9	7	5	58	11	16	8	106	44	35	2	1	19	36	355	7	27	0	309	56	8584	654	3320	270	4077	150	3204	17	1193	250	7	21	24	27	507	33	17	73	675	19	63	41	395	879	56	3	197	2	807	12	5	20	6	2	3	7	328	93	633	114	578	343	39
2	15	25	0	14	0	12	55	25	77	11	9	8	7	28	0	48	10	2	4	4	51	92	51	145	6	24	35	170	65	98	2	2	34	86	1839	17	345	0	174	0	654	10636	1520	445	2232	50	82	8	2172	8	42	247	10	61	76	639	72	846	1531	7	182	126	4032	535	1959	3	5	25	532	38	3	50	24	6	3	2	302	112	423	144	55	37	12
5	8	12	0	44	0	8	54	29	76	16	18	174	14	24	0	15	9	2	5	28	16	26	15	115	9	15	19	141	82	81	1	1	44	70	986	14	142	0	222	20	3320	1520	8828	297	2858	117	1002	12	4185	45	19	181	16	50	273	203	34	374	893	13	122	87	709	977	409	0	213	4	744	21	6	40	15	6	0	4	278	86	623	138	403	285	24
30	48	93	0	366	1	91	1044	367	1888	209	68	68	23	328	10	658	105	5	41	61	622	1292	374	2143	5	124	85	2545	929	1033	1	17	572	961	380	761	54	0	1823	13	270	445	297	11833	980	35	1358	2	355	274	574	59	7	28	1276	364	2068	218	8555	56	131	512	2436	326	316	2	2	17	379	288	50	504	211	96	30	16	784	212	374	115	145	51	11
4	12	16	0	458	1	15	375	110	260	251	21	657	22	66	3	5	15	3	4	137	8	21	20	266	17	26	24	528	112	79	4	1	53	71	923	11	116	0	1707	2	4077	2232	2858	980	13730	192	4766	22	1819	37	12	82	37	53	2997	115	23	236	2619	26	127	86	1904	1051	177	4	16	10	1005	24	7	54	17	10	1	7	470	128	792	120	231	88	43
1	42	8	0	4	0	5	11	9	6	13	424	23	726	15	0	6	14	64	76	8	3	9	12	16	692	593	178	17	34	11	145	1	5	75	83	54	24	0	23	0	150	50	117	35	192	7472	121	1521	153	3	14	48	1142	975	35	37	16	68	99	756	930	509	67	333	20	62	5	1	1744	23	57	35	6	3	1	4	343	1682	2040	186	35	16	644
1	5	2	0	1276	1	8	208	50	315	237	6	1197	7	24	4	6	2	2	1	263	3	16	7	212	6	7	6	424	47	23	2	0	21	28	252	23	6	0	1310	12	3204	82	1002	1358	4766	121	10155	14	546	298	10	3	21	15	3286	15	50	26	1438	14	34	39	267	567	15	4	7	1	551	8	5	20	5	10	0	3	221	59	378	45	168	49	24
0	13	6	0	1	0	2	3	6	0	0	223	4	423	7	0	1	7	19	27	2	1	0	4	3	377	261	74	2	18	2	59	1	2	42	14	26	4	0	4	0	17	8	12	2	22	1521	14	2923	25	0	2	0	56	27	4	3	5	4	12	813	632	618	9	49	4	165	0	0	203	6	20	30	4	0	0	0	30	500	316	18	3	1	371
3	10	10	0	25	0	8	45	27	72	14	14	101	13	22	0	27	10	1	3	19	28	47	22	120	11	26	23	148	73	86	1	0	38	71	3188	19	152	0	211	4	1193	2172	4185	355	1819	153	546	25	9126	33	16	277	20	78	211	318	47	515	914	22	162	117	805	2642	748	2	37	16	1108	30	4	36	15	6	3	2	305	108	780	150	327	167	39
0	1	1	0	4	0	0	0	1	5	1	0	9	0	2	0	2	1	0	1	2	0	1	0	5	0	1	0	4	4	2	0	0	1	3	2	6	0	0	50	97	250	8	45	274	37	3	298	0	33	901	1	1	0	1	49	2	11	1	144	0	4	3	24	21	5	0	5	0	26	1	1	1	1	1	0	0	16	2	28	8	149	14	3
1	47	290	0	1	0	1	9	4	15	0	4	4	2	5	1	488	49	2	11	0	290	1517	964	102	2	61	554	125	13	57	0	0	9	46	5	151	66	0	19	0	7	42	19	574	12	14	10	2	16	1	7229	67	4	26	4	573	3113	2169	1973	15	117	1163	1286	27	83	0	0	3	201	90	23	68	55	15	8	2	701	348	218	139	29	26	8
2	329	266	0	0	0	0	5	2	5	0	7	0	2	4	0	18	114	3	32	0	12	48	60	19	7	353	343	22	11	20	1	0	6	28	243	307	840	0	12	0	21	247	181	59	82	48	3	0	277	1	67	5965	19	951	6	586	141	1865	103	14	1873	1368	205	81	359	2	0	22	1067	53	28	28	17	3	0	1	303	324	442	131	16	15	4
0	20	6	0	1	0	0	1	1	0	3	33	6	50	2	0	2	3	18	40	1	3	2	3	4	55	204	49	5	4	2	13	0	1	14	12	25	5	0	6	0	24	10	16	7	37	1142	21	56	20	0	4	19	1873	720	7	7	6	16	19	111	371	218	15	35	2	18	0	0	277	9	6	12	4	0	0	0	106	243	367	50	3	5	13
0	210	54	0	0	0	0	4	0	1	0	23	2	25	2	0	5	59	11	90	0	8	8	20	6	66	591	218	3	5	10	5	1	1	30	83	221	82	0	8	0	27	61	50	28	53	975	15	27	78	1	26	951	720	4520	8	70	38	189	54	148	1696	645	63	69	53	8	0	2	751	34	27	19	15	3	0	2	401	507	731	147	12	10	15
3	2	6	0	1258	1	25	439	92	458	197	3	135	4	45	5	2	6	0	0	108	1	6	9	340	2	5	5	803	75	45	0	2	30	43	171	4	10	0	2614	1	507	76	273	1276	2997	35	3286	4	211	49	4	6	7	8	5949	9	4	19	2034	6	18	14	706	185	11	1	4	0	189	13	2	29	10	14	1	2	122	25	165	26	53	14	1
0	27	67	0	3	2	0	7	6	16	1	2	0	2	6	1	175	30	1	7	1	201	384	256	90	3	37	94	120	20	62	1	0	13	46	261	42	291	0	17	0	33	639	203	364	115	37	15	3	318	2	573	586	7	70	9	8592	426	3521	497	5	168	227	2286	409	3073	1	1	199	1545	47	17	41	25	5	2	3	595	281	723	369	46	68	10
0	364	496	0	2	0	0	11	6	31	2	6	3	1	6	1	843	112	3	23	2	447	2902	1593	150	4	112	1159	127	19	71	0	0	13	60	36	1456	179	0	125	0	17	72	34	2068	23	16	50	5	47	11	3113	141	6	38	4	426	8339	1809	2027	94	250	1994	601	32	161	2	0	1	183	163	46	96	67	18	9	2	451	270	211	93	23	24	3
1	147	671	0	3	4	2	15	11	33	5	10	3	5	15	2	436	121	3	29	0	132	1520	1346	84	5	129	999	103	34	76	0	1	17	101	377	137	2097	0	39	1	73	846	374	218	236	68	26	4	515	1	2169	1865	16	189	19	3521	1809	15549	604	17	598	1907	1538	190	1089	2	2	64	1882	164	49	141	110	30	9	6	1739	840	1379	823	149	109	16
28	56	103	0	398	3	113	1225	457	1609	225	88	84	36	394	11	380	93	9	41	71	357	758	324	2048	13	132	112	2345	1052	991	1	16	566	928	908	649	147	0	3895	5	675	1531	893	8555	2619	99	1438	12	914	144	1973	103	19	54	2034	497	2027	604	19660	57	217	601	7001	818	512	2	4	54	917	279	44	510	192	92	28	24	1323	351	937	313	166	126	27
0	112	6	0	1	0	4	3	9	3	5	208	5	426	11	0	1	16	41	109	3	3	7	6	7	1003	1039	378	4	16	4	78	0	0	54	12	585	14	0	7	0	19	7	13	56	26	756	14	813	22	0	15	14	111	148	6	5	94	17	57	3434	822	1900	7	45	4	54	0	0	291	18	41	36	5	0	1	3	114	507	358	49	6	2	454
2	1447	392	0	2	0	2	35	12	13	7	253	10	291	18	0	31	413	102	481	3	27	70	104	36	523	3125	1571	45	44	47	98	3	9	202	136	1512	1556	0	28	0	63	182	122	131	127	930	34	632	162	4	117	1873	371	1696	18	168	250	598	217	822	15695	4951	239	135	116	312	2	3	1458	184	159	125	48	8	2	7	1272	1535	1776	412	42	27	39
1	2581	1149	0	2	2	2	15	8	18	3	139	8	136	16	0	62	481	54	339	3	62	506	426	59	535	2849	2419	51	28	43	42	1	6	177	86	3998	1653	0	38	0	41	126	87	512	86	509	39	618	117	3	1163	1368	218	645	14	227	1994	1907	601	1900	4951	20333	312	96	82	239	4	3	1237	229	139	160	84	20	6	9	1507	1345	1374	388	50	38	50
12	30	95	0	97	1	46	339	166	467	50	41	21	13	180	4	351	73	6	27	14	393	679	288	792	4	90	81	956	464	568	1	12	243	504	700	78	470	0	1611	0	395	4032	709	2436	1904	67	267	9	805	24	1286	205	15	63	706	2286	601	1538	7001	7	239	312	15272	506	977	4	4	48	917	206	42	301	114	40	16	10	838	275	803	346	79	82	18
1	9	7	0	26	0	8	39	24	68	16	23	105	34	24	0	22	10	3	5	19	26	31	19	101	25	33	15	126	65	71	4	0	35	68	1778	22	37	0	149	5	879	535	977	326	1051	333	567	49	2642	21	27	81	35	69	185	409	32	190	818	45	135	96	506	6834	592	4	58	281	1879	28	7	36	15	4	2	2	380	183	1122	145	331	180	66
1	11	24	0	0	0	2	12	5	33	1	2	2	2	6	0	86	15	0	3	1	115	160	93	81	1	14	24	109	27	60	1	1	23	52	940	22	156	0	27	0	56	1959	409	316	177	20	15	4	748	5	83	359	2	53	11	3073	161	1089	512	4	116	82	977	592	7633	0	1	138	1128	30	4	39	21	5	3	3	318	125	467	216	23	47	6
0	3	2	0	0	0	0	0	0	0	0	17	1	17	0	0	0	1	1	8	1	0	0	1	0	30	65	15	0	1	1	7	0	1	2	1	9	2	0	0	0	3	3	0	2	4	62	4	165	2	0	0	2	18	8	1	1	2	2	2	54	312	239	4	4	0	366	0	0	24	1	5	0	0	0	0	1	10	38	31	6	0	0	3
0	0	0	0	0	0	0	0	0	0	0	0	1	0	0	0	0	0	0	0	1	0	0	0	2	0	0	0	1	0	0	0	0	0	0	4	0	0	0	1	49	197	5	213	2	16	5	7	0	37	5	0	0	0	0	4	1	0	2	4	0	2	4	4	58	1	0	378	0	58	0	0	0	0	0	0	0	14	4	33	6	75	158	2
0	0	0	0	0	0	0	2	1	4	0	0	0	0	0	0	1	0	0	0	0	1	2	1	5	0	0	0	2	2	3	0	0	1	4	36	1	3	0	2	0	2	25	4	17	10	1	1	0	16	0	3	22	0	2	0	199	1	64	54	0	3	3	48	281	138	0	0	465	50	3	0	0	0	0	0	0	7	0	16	5	0	1	0
1	155	129	0	29	1	6	39	22	69	19	79	98	126	30	1	53	72	9	29	20	45	116	98	123	123	303	203	152	68	92	18	1	37	78	618	242	321	0	160	11	807	532	744	379	1005	1744	551	203	1108	26	201	1067	277	751	189	1545	183	1882	917	291	1458	1237	917	1879	1128	24	58	50	12170	72	51	83	56	12	5	31	1105	1137	6390	1296	349	487	411
14	399	1128	0	40	34	310	352	231	194	136	645	68	189	389	84	849	744	111	996	61	638	597	1824	662	49	2236	1916	862	1301	549	31	111	439	2994	24	129	59	0	27	0	12	38	21	288	24	23	8	6	30	1	90	53	9	34	13	47	163	164	279	18	184	229	206	28	30	1	0	3	72	11504	2893	2986	1170	389	119	214	372	77	75	37	16	5	6
5	221	388	0	6	6	49	80	55	29	26	776	16	508	73	2	199	434	146	673	13	179	172	532	113	94	1753	867	171	229	150	65	21	68	958	4	79	24	0	2	0	5	3	6	50	7	57	5	20	4	1	23	28	6	27	2	17	46	49	44	41	159	139	42	7	4	5	0	0	51	2893	5489	1244	606	53	43	261	122	108	60	34	2	1	31
58	215	1422	0	120	52	511	1178	668	251	493	1711	127	550	974	52	666	1214	207	1196	152	1160	366	3143	860	98	2093	1590	1712	3122	1428	55	350	1127	7999	32	76	51	0	61	0	20	50	40	504	54	35	20	30	36	1	68	28	12	19	29	41	96	141	510	36	125	160	301	36	39	0	0	0	83	2986	1244	13592	5225	1108	992	415	197	99	129	103	14	9	16
20	97	833	0	20	21	70	325	155	92	68	283	30	78	192	32	395	544	40	314	25	586	208	2013	380	16	606	868	660	684	559	9	73	387	2015	14	40	36	0	28	0	6	24	15	211	17	6	5	4	15	1	55	17	4	15	10	25	67	110	192	5	48	84	114	15	21	0	0	0	56	1170	606	5225	5870	1051	794	187	124	51	85	73	8	7	3
8	35	145	0	67	203	302	136	143	380	51	46	242	19	143	757	91	77	5	24	97	123	77	479	276	2	75	174	257	276	172	2	82	100	397	6	4	5	0	16	0	2	6	6	96	10	3	10	0	6	1	15	3	0	3	14	5	18	30	92	0	8	20	40	4	5	0	0	0	12	389	53	1108	1051	3152	181	7	28	12	20	23	3	1	0
6	3	90	0	5	165	315	72	197	19	27	47	11	20	200	14	48	39	3	19	10	91	29	367	47	3	40	103	94	290	101	2	335	63	500	3	2	2	0	7	0	3	3	0	30	1	1	0	0	3	0	8	0	0	0	1	2	9	9	28	1	2	6	16	2	3	0	0	0	5	119	43	992	794	181	1500	25	8	2	6	2	2	0	1
1	7	28	0	3	5	9	20	10	9	10	76	4	128	19	1	16	19	5	31	4	21	6	47	21	29	59	40	33	61	24	5	8	19	152	1	4	4	0	0	0	7	2	4	16	7	4	3	0	2	0	2	1	0	2	2	3	2	6	24	3	7	9	10	2	3	1	0	0	31	214	261	415	187	7	25	705	14	13	43	42	2	2	7
2	192	199	0	16	2	9	49	21	115	11	32	35	16	33	1	129	106	8	63	5	103	257	240	177	25	310	294	242	111	154	1	4	74	200	146	286	430	0	153	1	328	302	278	784	470	343	221	30	305	16	701	303	106	401	122	595	451	1739	1323	114	1272	1507	838	380	318	10	14	7	1105	372	122	197	124	28	8	14	11453	3489	1887	837	931	149	54
1	160	136	0	5	0	5	20	14	18	8	444	12	663	20	0	43	86	55	94	3	46	111	108	35	534	598	296	62	55	49	100	1	17	117	63	262	327	0	40	1	93	112	86	212	128	1682	59	500	108	2	348	324	243	507	25	281	270	840	351	507	1535	1345	275	183	125	38	4	0	1137	77	108	99	51	12	2	13	3489	8276	2067	616	126	53	515
1	136	113	0	16	2	6	30	17	73	15	101	63	142	21	1	48	62	12	49	16	44	119	108	118	156	313	198	134	64	84	19	1	35	106	354	228	340	0	153	5	633	423	623	374	792	2040	378	316	780	28	218	442	367	731	165	723	211	1379	937	358	1776	1374	803	1122	467	31	33	16	6390	75	60	129	85	20	6	43	1887	2067	11101	2711	440	647	601
3	31	54	0	4	3	2	12	5	21	5	15	12	9	12	0	25	22	1	13	4	23	57	72	29	15	54	73	46	25	37	1	1	11	50	60	54	120	0	32	1	114	144	138	115	120	186	45	18	150	8	139	131	50	147	26	369	93	823	313	49	412	388	346	145	216	6	6	5	1296	37	34	103	73	23	2	42	837	616	2711	3555	157	423	104
1	5	11	0	16	0	1	8	4	34	5	8	24	6	7	0	9	8	0	5	5	12	17	22	41	6	15	9	48	22	28	1	1	12	24	31	5	13	0	40	98	578	55	403	145	231	35	168	3	327	149	29	16	3	12	53	46	23	149	166	6	42	50	79	331	23	0	75	0	349	16	2	14	8	3	2	2	931	126	440	157	2350	225	15
0	2	7	0	0	0	3	3	3	10	1	1	9	0	8	0	8	3	0	0	1	10	11	13	19	0	5	11	23	10	12	0	1	6	9	26	8	16	0	21	68	343	37	285	51	88	16	49	1	167	14	26	15	5	10	14	68	24	109	126	2	27	38	82	180	47	0	158	1	487	5	1	9	7	1	0	2	149	53	647	423	225	1294	19
0	1	0	0	2	0	3	5	7	3	2	119	8	234	7	0	1	3	7	9	1	0	2	1	6	241	54	15	7	15	4	14	1	3	26	19	11	5	0	3	0	39	12	24	11	43	644	24	371	39	3	8	4	13	15	1	10	3	16	27	454	39	50	18	66	6	3	2	0	411	6	31	16	3	0	1	7	54	515	601	104	15	19	1216
