0.0183762270243	4.31670825096e-06	0.000125184539278	0	0.000228785537301	1.72668330038e-05	0.00110507731224	0.00694990028404	0.00243894016179	0.000328069827073	0.00138998005681	8.63341650191e-06	0.000772690776921	0	0.00865931675142	5.61172072624e-05	0.000254685786806	6.47506237643e-05	0	4.31670825096e-06	0.000418720700343	0.00103169327198	0.000228785537301	0.000690673320153	0.00104896010498	0	4.31670825096e-06	3.88503742586e-05	0.00261592520008	0.00660888033221	0.0054217855632	0	8.63341650191e-06	0.0022446882905	0.00219720449974	0	0	0	0	2.15835412548e-05	0	4.31670825096e-06	0	4.31670825096e-06	0.000185618454791	1.29501247529e-05	0	1.29501247529e-05	0	4.31670825096e-06	0	4.31670825096e-06	0	0	0	2.59002495057e-05	0	8.63341650191e-06	4.31670825096e-06	0.000103600998023	0	0	0	1.72668330038e-05	0	0	0	0	0	0	0.000707940153157	9.4967581521e-05	0.00106622693799	0.000215835412548	0.00013381795578	2.59002495057e-05	0	1.72668330038e-05	0	4.31670825096e-06	0	4.31670825096e-06	0	0
4.31670825096e-06	0.0127429227568	0.00282744390438	0	0	0	0	8.63341650191e-06	0	1.29501247529e-05	0	0.000116551122776	0	3.88503742586e-05	4.31670825096e-06	0	0.00018130174654	0.00104896010498	4.31670825096e-06	0.000215835412548	0	0.000155401497034	0.00192956858818	0.000837441400685	2.59002495057e-05	0.000414403992092	0.00330228181198	0.00803339405503	2.59002495057e-05	1.72668330038e-05	7.33840402663e-05	0	0	3.02169577567e-05	0.000625922696389	0	0.00239145637103	0.000384187034335	0	0	0	4.31670825096e-06	4.31670825096e-06	0	1.29501247529e-05	0	6.90673320153e-05	0	4.74837907605e-05	0	0	4.31670825096e-05	0.000306486285818	4.31670825096e-06	7.33840402663e-05	0	6.47506237643e-05	0.000418720700343	0.000155401497034	0	0.000176985038289	0.00036260349308	0.000910825440952	4.31670825096e-06	0	8.63341650191e-06	0	0	0	0.000211518704297	0.000345336660076	0.000876291774944	0.000578438905628	0.000280586036312	0	8.63341650191e-06	8.63341650191e-06	4.74837907605e-05	0.000267635911559	0.000168351621787	6.47506237643e-05	8.63341650191e-06	1.29501247529e-05	8.63341650191e-06
0.000125184539278	0.00282744390438	0.0425972770204	0	0	4.31670825096e-06	1.29501247529e-05	0.000228785537301	1.72668330038e-05	8.63341650191e-05	4.31670825096e-06	0.000155401497034	4.31670825096e-06	2.15835412548e-05	6.04339155134e-05	4.31670825096e-05	0.000889241899697	0.00810246138704	1.29501247529e-05	0.000358286784829	0	0.00420447383643	0.00243462345354	0.0194424539623	0.000228785537301	9.06508732701e-05	0.00691104990978	0.019144601093	0.000556855364373	0.000392820450837	0.00167919950962	0	0	0.000289219452814	0.00488219703183	0	0.00090219202445	0.000202885287795	0	0	0	4.31670825096e-06	4.31670825096e-06	0	2.59002495057e-05	0	2.59002495057e-05	0	2.15835412548e-05	0	4.31670825096e-06	5.61172072624e-05	0.000129501247529	4.31670825096e-06	8.63341650191e-06	0	5.18004990115e-05	0.000552538656122	9.9284289772e-05	1.29501247529e-05	5.18004990115e-05	0.000112234414525	0.000384187034335	1.72668330038e-05	0	2.59002495057e-05	0	0	0	9.9284289772e-05	0.00387208730111	0.00443757608198	0.00493399753084	0.00220583791624	3.88503742586e-05	4.31670825096e-05	9.9284289772e-05	6.47506237643e-05	0.000146768080533	0.000120867831027	5.18004990115e-05	1.29501247529e-05	8.63341650191e-06	0
0	0	0	0	0	0	0	0	0	0	0	0	0	0	0	0	0	0	0	0	0	0	0	0	0	0	0	0	0	0	0	0	0	0	0	0	0	0	0	0	0	0	0	0	0	0	0	0	0	0	0	0	0	0	0	0	0	0	0	0	0	0	0	0	0	0	0	0	0	0	0	0	0	0	0	0	0	0	0	0	0	0	0	0
0.000228785537301	0	0	0	0.0173531671688	0	0.000263319203308	0.00209792020996	0.000151084788783	0.00013381795578	0.00131227930829	0	0.00164034913536	0	0.000198568579544	8.63341650191e-06	0	0	0	0	0.0044980099975	2.59002495057e-05	8.63341650191e-06	2.59002495057e-05	0.00928092273956	0	0	0	0.00536998506419	0.000185618454791	0.000164034913536	0	0	7.77007485172e-05	5.61172072624e-05	8.63341650191e-06	0	0	0	0.0027022593651	0	2.15835412548e-05	3.88503742586e-05	4.31670825096e-06	6.04339155134e-05	0.000526638406617	0	0.000254685786806	0	8.63341650191e-06	0	0	0	0	0	0.00208065337696	0	0	4.31670825096e-06	7.33840402663e-05	0	0	0	8.20174567682e-05	0	4.31670825096e-06	0	0	0	0	3.88503742586e-05	0	3.88503742586e-05	1.29501247529e-05	3.88503742586e-05	0	0	0	0	0	0	0	0	0
1.72668330038e-05	0	4.31670825096e-06	0	0	0.00555128681073	0.00252527432681	4.31670825096e-06	0.000880608483195	0	8.63341650191e-06	8.63341650191e-06	8.63341650191e-06	0	0.000565488780875	0.000807224442929	0	0	0	0	4.31670825096e-06	0	0	0	0	0	4.31670825096e-06	0	4.31670825096e-06	0.00137702993206	1.29501247529e-05	0	0.0016014987611	2.15835412548e-05	0.000884925191446	0	0	0	0	0	0	0	0	0	0	0	0	0	0	0	0	0	0	0	0	0	0	0	0	0	0	0	0	0	0	0	0	0	0	0	4.31670825096e-05	1.72668330038e-05	0.000168351621787	3.45336660076e-05	0.00081154115118	0.000729523694412	0	0	0	0	0	0	0	0
0.00110507731224	0	1.29501247529e-05	0	0.000263319203308	0.00252527432681	0.0281837881705	0.00144609726407	0.00797727684777	6.47506237643e-05	0.00471384541004	5.18004990115e-05	0.00603475813484	0	0.00527501748267	0.00145473068057	2.15835412548e-05	1.29501247529e-05	4.31670825096e-06	1.29501247529e-05	0.0020504364192	9.06508732701e-05	2.59002495057e-05	6.04339155134e-05	0.000509371573613	8.63341650191e-06	2.15835412548e-05	8.63341650191e-06	0.000884925191446	0.00362171822255	0.000289219452814	0	0.000552538656122	0.000302169577567	0.00153243142909	0	0	0	0	0	0	0	0	0	1.72668330038e-05	0	0	0	0	0	0	0	0	0	0	0	0	4.31670825096e-06	4.31670825096e-06	8.63341650191e-06	0	0	0	0	0	0	0	0	0	8.63341650191e-06	0.000189935163042	2.15835412548e-05	0.000664773070647	9.9284289772e-05	0.00200295262844	0.000293536161065	0	8.63341650191e-06	0	4.31670825096e-06	4.31670825096e-06	4.31670825096e-06	0	0
0.00694990028404	8.63341650191e-06	0.000228785537301	0	0.00209792020996	4.31670825096e-06	0.00144609726407	0.0424418755234	0.00180870075715	0.00145041397232	0.00896580303724	4.31670825096e-06	0.0015669650951	0	0.00386777059286	3.02169577567e-05	0.000764057360419	6.04339155134e-05	0	0	0.00163603242711	0.00170078305088	0.000600022446883	0.00135976309905	0.00707508482332	0	0	0.000129501247529	0.0210051023492	0.00434692520871	0.00932840653032	0	4.31670825096e-06	0.00184323442316	0.00204611971095	2.59002495057e-05	4.31670825096e-06	0	0	6.04339155134e-05	0	2.15835412548e-05	6.04339155134e-05	3.88503742586e-05	0.000651822945894	4.31670825096e-05	0	7.33840402663e-05	0	3.02169577567e-05	4.31670825096e-06	8.63341650191e-06	0	0	0	6.47506237643e-05	4.31670825096e-06	3.02169577567e-05	8.63341650191e-06	0.000401453867339	0	0	4.31670825096e-06	9.9284289772e-05	1.29501247529e-05	1.29501247529e-05	0	0	0	8.63341650191e-06	0.00081154115118	0.000172668330038	0.000729523694412	0.000159718205285	0.000207201996046	1.29501247529e-05	4.31670825096e-06	2.15835412548e-05	4.31670825096e-06	4.31670825096e-06	0	1.29501247529e-05	0	0
0.00243894016179	0	1.72668330038e-05	0	0.000151084788783	0.000880608483195	0.00797727684777	0.00180870075715	0.0276700998886	6.90673320153e-05	0.0040749725889	5.61172072624e-05	0.000915142149203	0	0.0153804314982	0.000202885287795	2.59002495057e-05	1.72668330038e-05	4.31670825096e-06	2.15835412548e-05	0.000410087283841	0.00013381795578	2.15835412548e-05	0.000107917706274	0.000323753118822	4.31670825096e-06	2.59002495057e-05	1.29501247529e-05	0.000621605988138	0.00573690526552	0.000487788032358	0	0.000423037408594	0.000509371573613	0.00192525187993	0	0	0	0	4.31670825096e-06	0	4.31670825096e-06	0	4.31670825096e-06	3.45336660076e-05	4.31670825096e-06	0	8.63341650191e-06	0	0	4.31670825096e-06	0	0	0	0	4.31670825096e-06	0	0	0	3.45336660076e-05	0	0	0	4.31670825096e-06	0	0	0	0	0	0	0.000228785537301	3.88503742586e-05	0.000841758108936	0.000125184539278	0.000423037408594	0.000237418953803	4.31670825096e-06	8.63341650191e-06	0	0	0	1.29501247529e-05	0	0
0.000328069827073	1.29501247529e-05	8.63341650191e-05	0	0.00013381795578	0	6.47506237643e-05	0.00145041397232	6.90673320153e-05	0.0125702544268	0.000172668330038	0	0.000621605988138	0	0.000176985038289	7.33840402663e-05	0.0013727132238	3.88503742586e-05	0	0	0.000146768080533	0.000617289279887	0.0027022593651	0.000574122197377	0.00617289279887	0	0	0.000125184539278	0.0027108927816	0.000634556112891	0.00161876559411	0	0	0.000397137159088	0.000578438905628	5.18004990115e-05	4.31670825096e-06	4.31670825096e-06	0	0.000125184539278	0	6.90673320153e-05	0.000189935163042	5.61172072624e-05	0.00194251871293	0.000125184539278	0	0.000241735662054	0	6.04339155134e-05	4.31670825096e-06	2.15835412548e-05	0	0	0	0.000129501247529	5.61172072624e-05	0.000120867831027	3.88503742586e-05	0.00125184539278	0	0	4.31670825096e-06	0.000349653368327	1.29501247529e-05	0.000112234414525	0	0	8.63341650191e-06	4.31670825096e-05	0.000250369078555	5.61172072624e-05	0.000207201996046	6.47506237643e-05	0.000526638406617	4.31670825096e-06	0	5.61172072624e-05	1.29501247529e-05	2.59002495057e-05	4.31670825096e-06	5.18004990115e-05	8.63341650191e-06	0
0.00138998005681	0	4.31670825096e-06	0	0.00131227930829	8.63341650191e-06	0.00471384541004	0.00896580303724	0.0040749725889	0.000172668330038	0.0307910799541	0	0.00419152371168	0	0.00356991772354	3.02169577567e-05	2.15835412548e-05	0	0	0	0.00380733667734	0.000107917706274	2.15835412548e-05	5.18004990115e-05	0.00170941646738	0	0	0	0.00562898755925	0.000871975066693	0.000530955114868	0	0	0.000353970076578	0.000302169577567	0	0	0	0	8.63341650191e-06	0	4.31670825096e-06	4.31670825096e-06	4.31670825096e-06	6.04339155134e-05	8.63341650191e-06	0	1.29501247529e-05	0	0	4.31670825096e-06	0	0	0	0	8.63341650191e-06	0	0	0	5.18004990115e-05	0	0	0	1.72668330038e-05	0	0	0	0	0	0	7.33840402663e-05	8.63341650191e-06	0.000103600998023	4.31670825096e-06	8.20174567682e-05	0	0	8.63341650191e-06	0	0	0	4.31670825096e-06	0	0
8.63341650191e-06	0.000116551122776	0.000155401497034	0	0	8.63341650191e-06	5.18004990115e-05	4.31670825096e-06	5.61172072624e-05	0	0	0.0263189702061	0	0.00645779554343	0.000125184539278	8.63341650191e-06	1.72668330038e-05	0.000656139654145	0.000988526189469	0.00489083044833	0	2.15835412548e-05	1.72668330038e-05	7.33840402663e-05	4.31670825096e-06	0.00307349627468	0.00846938158838	0.00128637905878	4.31670825096e-06	0.000366920201331	8.63341650191e-06	0.000215835412548	8.63341650191e-06	2.15835412548e-05	0.00568510476651	0	0.000120867831027	4.31670825096e-06	0	0	0	0	0	0	0	0	0.000246052370305	0	0.000328069827073	0	0	4.31670825096e-06	1.72668330038e-05	4.74837907605e-05	3.02169577567e-05	0	0	8.63341650191e-06	4.31670825096e-06	0	0.000461887782852	0.000168351621787	0.000116551122776	0	0	0	0	0	0	3.88503742586e-05	0.000414403992092	0.00363035163905	0.00482176311632	0.00054390523962	2.15835412548e-05	3.45336660076e-05	0.000716573569659	8.63341650191e-06	0.000168351621787	5.61172072624e-05	1.29501247529e-05	0	0	8.63341650191e-05
0.000772690776921	0	4.31670825096e-06	0	0.00164034913536	8.63341650191e-06	0.00603475813484	0.0015669650951	0.000915142149203	0.000621605988138	0.00419152371168	0	0.0276485163474	0	0.00103600998023	0.000401453867339	1.72668330038e-05	0	0	0	0.010010446434	3.88503742586e-05	2.15835412548e-05	2.15835412548e-05	0.00281881048787	0	0	0	0.00175258354989	0.000461887782852	0.000185618454791	0	4.31670825096e-06	0.000172668330038	0.000189935163042	0	0	0	0	4.31670825096e-05	0	8.20174567682e-05	8.63341650191e-06	2.59002495057e-05	3.02169577567e-05	0.000492104740609	0	0.00309076310768	0	2.59002495057e-05	0	0	0	0	0	0.00109644389574	0	4.31670825096e-06	0	5.61172072624e-05	0	0	0	2.15835412548e-05	8.63341650191e-06	0	0	0	0	4.31670825096e-06	5.18004990115e-05	0	0.000107917706274	2.15835412548e-05	0.000772690776921	0	0	4.31670825096e-06	0	4.31670825096e-06	0	8.63341650191e-06	0	0
0	3.88503742586e-05	2.15835412548e-05	0	0	0	0	0	0	0	0	0.00645779554343	0	0.0143703217674	4.31670825096e-06	4.31670825096e-06	8.63341650191e-06	9.4967581521e-05	0.000112234414525	0.000431670825096	0	1.29501247529e-05	4.31670825096e-06	2.59002495057e-05	4.31670825096e-06	0.00290946136114	0.00442030924898	0.00145473068057	0	8.63341650191e-06	0	0.000500738157111	0	0	0.000466204491103	0	6.90673320153e-05	0	0	0	0	0	4.31670825096e-06	0	0	0	0.000146768080533	0	0.000556855364373	0	0	8.63341650191e-06	8.63341650191e-06	1.29501247529e-05	4.31670825096e-06	0	4.31670825096e-06	4.31670825096e-06	0	0	0.000202885287795	8.63341650191e-05	4.74837907605e-05	4.31670825096e-06	0	8.63341650191e-06	4.31670825096e-06	0	4.31670825096e-06	3.45336660076e-05	0.000215835412548	0.00125616210103	0.000906508732701	0.000202885287795	0	0	0.000871975066693	9.4967581521e-05	8.20174567682e-05	8.63341650191e-05	4.31670825096e-05	0	0	6.47506237643e-05
0.00865931675142	4.31670825096e-06	6.04339155134e-05	0	0.000198568579544	0.000565488780875	0.00527501748267	0.00386777059286	0.0153804314982	0.000176985038289	0.00356991772354	0.000125184539278	0.00103600998023	4.31670825096e-06	0.0379093318599	0.00031511970232	8.20174567682e-05	5.18004990115e-05	0	3.45336660076e-05	0.000526638406617	0.000388503742586	6.04339155134e-05	0.00027195261981	0.000612972571636	1.72668330038e-05	4.74837907605e-05	3.45336660076e-05	0.00127774564228	0.0165761596837	0.00170941646738	0	0.000401453867339	0.00180870075715	0.00505054865362	0	0	0	0	4.31670825096e-06	0	4.31670825096e-06	4.31670825096e-06	4.31670825096e-06	9.06508732701e-05	4.31670825096e-06	0	8.63341650191e-06	0	0	0	0	0	0	0	8.63341650191e-06	0	0	0	6.04339155134e-05	0	0	0	1.29501247529e-05	0	4.31670825096e-06	0	0	0	4.31670825096e-06	0.000759740652168	0.000142451372282	0.00252959103506	0.000345336660076	0.000828807984184	0.000349653368327	8.63341650191e-06	1.29501247529e-05	0	8.63341650191e-06	0	1.72668330038e-05	4.31670825096e-06	4.31670825096e-06
5.61172072624e-05	0	4.31670825096e-05	0	8.63341650191e-06	0.000807224442929	0.00145473068057	3.02169577567e-05	0.000202885287795	7.33840402663e-05	3.02169577567e-05	8.63341650191e-06	0.000401453867339	4.31670825096e-06	0.00031511970232	0.00593115713681	8.63341650191e-06	1.29501247529e-05	0	4.31670825096e-06	3.02169577567e-05	1.72668330038e-05	2.15835412548e-05	5.18004990115e-05	4.31670825096e-05	0	4.31670825096e-06	1.72668330038e-05	8.63341650191e-06	0.000306486285818	3.02169577567e-05	0	3.45336660076e-05	4.74837907605e-05	0.000310802994069	0	0	0	0	0	0	0	0	0	1.29501247529e-05	0	0	0	0	0	0	4.31670825096e-06	8.63341650191e-06	0	0	0	8.63341650191e-06	4.31670825096e-06	4.31670825096e-06	0	0	0	4.31670825096e-06	4.31670825096e-06	0	0	0	0	0	1.72668330038e-05	0.000375553617833	0.000107917706274	0.000341019951826	0.000302169577567	0.00340156610175	2.59002495057e-05	0	5.18004990115e-05	4.31670825096e-06	2.59002495057e-05	3.45336660076e-05	3.02169577567e-05	8.63341650191e-06	0
0.000254685786806	0.00018130174654	0.000889241899697	0	0	0	2.15835412548e-05	0.000764057360419	2.59002495057e-05	0.0013727132238	2.15835412548e-05	1.72668330038e-05	1.72668330038e-05	8.63341650191e-06	8.20174567682e-05	8.63341650191e-06	0.0200942769082	0.000185618454791	0	4.31670825096e-06	4.31670825096e-06	0.0052016334424	0.00796864343127	0.00973417710591	0.00590525688731	8.63341650191e-06	3.02169577567e-05	0.00217993766673	0.00346631672552	0.000621605988138	0.00230943891426	0	0	0.000431670825096	0.00131659601654	4.31670825096e-06	2.15835412548e-05	8.63341650191e-06	0	1.29501247529e-05	0	1.29501247529e-05	5.18004990115e-05	4.31670825096e-06	0.000513688281864	2.59002495057e-05	0	3.45336660076e-05	0	2.59002495057e-05	0	9.9284289772e-05	0	0	0	1.29501247529e-05	3.02169577567e-05	0.000384187034335	4.31670825096e-05	0.000246052370305	0	4.31670825096e-06	3.88503742586e-05	9.9284289772e-05	0	7.77007485172e-05	0	0	0	5.18004990115e-05	0.0011093940205	0.000612972571636	0.000759740652168	0.000358286784829	1.72668330038e-05	8.63341650191e-06	8.63341650191e-06	4.31670825096e-05	2.59002495057e-05	1.72668330038e-05	4.31670825096e-06	1.29501247529e-05	0	8.63341650191e-06
6.47506237643e-05	0.00104896010498	0.00810246138704	0	0	0	1.29501247529e-05	6.04339155134e-05	1.72668330038e-05	3.88503742586e-05	0	0.000656139654145	0	9.4967581521e-05	5.18004990115e-05	1.29501247529e-05	0.000185618454791	0.0256326135942	3.88503742586e-05	0.00353106734928	0	0.00227058854	0.000384187034335	0.00872838408343	7.33840402663e-05	0.000215835412548	0.00799886038902	0.00388503742586	0.000189935163042	0.000189935163042	0.000789957609925	0	0	9.4967581521e-05	0.00400590525689	0	0.000336703243575	6.47506237643e-05	0	0	0	0	4.31670825096e-06	0	4.31670825096e-06	0	2.59002495057e-05	0	1.72668330038e-05	0	0	8.63341650191e-06	5.61172072624e-05	1.29501247529e-05	8.63341650191e-06	0	4.31670825096e-06	5.61172072624e-05	1.29501247529e-05	4.31670825096e-06	6.47506237643e-05	8.20174567682e-05	0.000120867831027	4.31670825096e-06	0	0	0	0	0	3.45336660076e-05	0.00163603242711	0.00250369078555	0.00285766086213	0.00104032668848	2.59002495057e-05	3.02169577567e-05	4.31670825096e-05	1.72668330038e-05	6.04339155134e-05	4.31670825096e-05	2.15835412548e-05	4.31670825096e-06	0	0
0	4.31670825096e-06	1.29501247529e-05	0	0	0	4.31670825096e-06	0	4.31670825096e-06	0	0	0.000988526189469	0	0.000112234414525	0	0	0	3.88503742586e-05	0.00213677058422	0.00106191022974	0	4.31670825096e-06	0	8.63341650191e-06	0	7.77007485172e-05	0.00107054364624	5.61172072624e-05	0	4.31670825096e-06	0	4.31670825096e-06	0	0	6.47506237643e-05	0	4.31670825096e-06	0	0	0	0	0	0	0	0	0	4.31670825096e-06	0	8.63341650191e-06	0	0	0	0	0	0	0	0	0	0	0	1.29501247529e-05	0	4.31670825096e-06	0	0	0	0	0	0	4.31670825096e-06	0	7.33840402663e-05	5.18004990115e-05	0	0	0	4.31670825096e-06	0	4.31670825096e-06	0	0	0	0	1.29501247529e-05
4.31670825096e-06	0.000215835412548	0.000358286784829	0	0	0	1.29501247529e-05	0	2.15835412548e-05	0	0	0.00489083044833	0	0.000431670825096	3.45336660076e-05	4.31670825096e-06	4.31670825096e-06	0.00353106734928	0.00106191022974	0.0152207132929	0	3.88503742586e-05	3.45336660076e-05	0.000129501247529	0	0.000716573569659	0.0087845012907	0.00124321197628	0	6.90673320153e-05	0	4.31670825096e-06	0	4.31670825096e-06	0.0029310449024	0	0.000246052370305	0	0	0	0	0	0	0	0	0	0.000103600998023	0	0.000120867831027	0	0	0	2.15835412548e-05	1.72668330038e-05	3.45336660076e-05	0	0	0	4.31670825096e-06	0	0.000276269328061	0.000125184539278	0.000120867831027	0	0	0	0	0	0	3.45336660076e-05	0.000293536161065	0.00140724688981	0.0015842319281	0.000328069827073	0	0	2.59002495057e-05	4.31670825096e-06	4.31670825096e-05	1.72668330038e-05	0	0	0	4.31670825096e-06
0.000418720700343	0	0	0	0.0044980099975	4.31670825096e-06	0.0020504364192	0.00163603242711	0.000410087283841	0.000146768080533	0.00380733667734	0	0.010010446434	0	0.000526638406617	3.02169577567e-05	4.31670825096e-06	0	0	0	0.0186438629359	3.45336660076e-05	4.31670825096e-06	2.59002495057e-05	0.00333681547799	0	0	0	0.00330228181198	0.000246052370305	0.000116551122776	0	0	0.000120867831027	0.000129501247529	4.31670825096e-06	0	0	0	7.33840402663e-05	0	8.63341650191e-06	1.29501247529e-05	8.63341650191e-06	2.15835412548e-05	0.000168351621787	0	0.00031511970232	0	4.31670825096e-06	0	0	0	0	0	0.000353970076578	0	0	0	2.15835412548e-05	0	0	0	8.63341650191e-06	0	0	0	0	0	0	2.59002495057e-05	0	8.20174567682e-05	1.72668330038e-05	3.88503742586e-05	0	0	0	0	0	0	0	0	0
0.00103169327198	0.000155401497034	0.00420447383643	0	2.59002495057e-05	0	9.06508732701e-05	0.00170078305088	0.00013381795578	0.000617289279887	0.000107917706274	2.15835412548e-05	3.88503742586e-05	1.29501247529e-05	0.000388503742586	1.72668330038e-05	0.0052016334424	0.00227058854	4.31670825096e-06	3.88503742586e-05	3.45336660076e-05	0.0478895613361	0.00225763841525	0.029258648525	0.00222742145749	1.29501247529e-05	0.000129501247529	0.00167056609312	0.00500738157111	0.00552106985297	0.0166150100579	0	0	0.00391525438362	0.00485629678233	4.31670825096e-06	5.18004990115e-05	1.72668330038e-05	0	8.63341650191e-06	0	8.63341650191e-06	3.45336660076e-05	8.63341650191e-06	0.000237418953803	8.63341650191e-06	0	4.31670825096e-06	0	1.29501247529e-05	0	1.72668330038e-05	8.63341650191e-06	0	0	4.31670825096e-06	2.15835412548e-05	0.000164034913536	2.15835412548e-05	0.000116551122776	0	0	2.59002495057e-05	6.04339155134e-05	4.31670825096e-06	3.45336660076e-05	0	0	0	4.74837907605e-05	0.00280154365487	0.00138998005681	0.00277564340536	0.00118277806076	3.88503742586e-05	2.15835412548e-05	2.15835412548e-05	6.04339155134e-05	1.72668330038e-05	3.45336660076e-05	2.59002495057e-05	1.29501247529e-05	4.31670825096e-06	0
0.000228785537301	0.00192956858818	0.00243462345354	0	8.63341650191e-06	0	2.59002495057e-05	0.000600022446883	2.15835412548e-05	0.0027022593651	2.15835412548e-05	1.72668330038e-05	2.15835412548e-05	4.31670825096e-06	6.04339155134e-05	2.15835412548e-05	0.00796864343127	0.000384187034335	0	3.45336660076e-05	4.31670825096e-06	0.00225763841525	0.0215274240475	0.00599590776058	0.00377711971959	8.63341650191e-06	0.000159718205285	0.00682039903651	0.00218857108323	0.000522321698366	0.0018130174654	0	4.31670825096e-06	0.000358286784829	0.00146768080533	1.72668330038e-05	0.000319436410571	0.000198568579544	0	8.63341650191e-06	0	1.72668330038e-05	9.9284289772e-05	8.63341650191e-06	0.000988526189469	2.59002495057e-05	0	4.74837907605e-05	0	1.72668330038e-05	0	0.00036260349308	5.61172072624e-05	0	4.31670825096e-06	2.15835412548e-05	0.000142451372282	0.00230512220601	0.000328069827073	0.000435987533347	0	1.29501247529e-05	0.000427354116845	0.000250369078555	0	0.000168351621787	0	0	4.31670825096e-06	0.000259002495057	0.00126047880928	0.000824491275933	0.00104464339673	0.000483471324107	2.15835412548e-05	0	4.31670825096e-06	0.000211518704297	0.000151084788783	0.000159718205285	8.20174567682e-05	2.59002495057e-05	8.63341650191e-06	8.63341650191e-06
0.000690673320153	0.000837441400685	0.0194424539623	0	2.59002495057e-05	0	6.04339155134e-05	0.00135976309905	0.000107917706274	0.000574122197377	5.18004990115e-05	7.33840402663e-05	2.15835412548e-05	2.59002495057e-05	0.00027195261981	5.18004990115e-05	0.00973417710591	0.00872838408343	8.63341650191e-06	0.000129501247529	2.59002495057e-05	0.029258648525	0.00599590776058	0.0761424168386	0.00210655362647	4.74837907605e-05	0.0006777231954	0.014465289349	0.00401022196514	0.00338429926875	0.00963920952439	0	4.31670825096e-06	0.00164898255187	0.00773554118571	0	0.000237418953803	0.000125184539278	0	2.15835412548e-05	0	8.63341650191e-06	3.02169577567e-05	8.63341650191e-06	0.000276269328061	1.72668330038e-05	4.31670825096e-06	1.72668330038e-05	4.31670825096e-06	8.63341650191e-06	0	0.000129501247529	4.74837907605e-05	0	0	8.63341650191e-06	4.74837907605e-05	0.000759740652168	0.000103600998023	0.000146768080533	4.31670825096e-06	1.29501247529e-05	0.000176985038289	5.18004990115e-05	4.31670825096e-06	6.90673320153e-05	0	0	0	0.000107917706274	0.00618584292362	0.00401885538164	0.00623332671438	0.0029310449024	7.33840402663e-05	6.47506237643e-05	7.33840402663e-05	9.06508732701e-05	8.20174567682e-05	7.77007485172e-05	4.74837907605e-05	1.72668330038e-05	4.31670825096e-06	8.63341650191e-06
0.00104896010498	2.59002495057e-05	0.000228785537301	0	0.00928092273956	0	0.000509371573613	0.00707508482332	0.000323753118822	0.00617289279887	0.00170941646738	4.31670825096e-06	0.00281881048787	4.31670825096e-06	0.000612972571636	4.31670825096e-05	0.00590525688731	7.33840402663e-05	0	0	0.00333681547799	0.00222742145749	0.00377711971959	0.00210655362647	0.0402576211484	0	4.31670825096e-06	0.000263319203308	0.017836638493	0.00146768080533	0.00350948380803	0	0	0.000755423943917	0.00109212718749	3.02169577567e-05	8.63341650191e-06	8.63341650191e-06	0	0.000259002495057	0	3.45336660076e-05	0.00018130174654	1.72668330038e-05	0.00118277806076	8.63341650191e-05	0	0.000142451372282	0	3.88503742586e-05	4.31670825096e-06	3.02169577567e-05	0	0	0	6.04339155134e-05	2.15835412548e-05	0.00013381795578	4.31670825096e-05	0.00109644389574	0	0	4.31670825096e-06	0.000233102245552	1.29501247529e-05	6.47506237643e-05	0	0	0	2.15835412548e-05	0.000656139654145	0.00022446882905	0.000487788032358	0.000125184539278	0.00027195261981	0	4.31670825096e-06	3.45336660076e-05	4.31670825096e-06	0	0	8.63341650191e-06	0	0
0	0.000414403992092	9.06508732701e-05	0	0	0	8.63341650191e-06	0	4.31670825096e-06	0	0	0.00307349627468	0	0.00290946136114	1.72668330038e-05	0	8.63341650191e-06	0.000215835412548	7.77007485172e-05	0.000716573569659	0	1.29501247529e-05	8.63341650191e-06	4.74837907605e-05	0	0.0116335287363	0.00328501497898	0.00232670574727	0	4.31670825096e-05	4.31670825096e-06	3.45336660076e-05	0	4.31670825096e-06	0.000513688281864	0	0.000410087283841	4.31670825096e-06	0	0	0	0	0	0	0	0	0.000591389030381	0	0.000669089778898	0	0	0	3.88503742586e-05	3.88503742586e-05	8.63341650191e-05	0	0	0	4.31670825096e-06	0	0.00101442643897	0.000345336660076	0.000198568579544	0	0	0	0	0	0	3.88503742586e-05	5.61172072624e-05	0.00137702993206	0.000716573569659	0.000112234414525	0	0	0.00076837406867	2.15835412548e-05	0.000375553617833	0.000120867831027	2.59002495057e-05	0	8.63341650191e-06	0.000198568579544
4.31670825096e-06	0.00330228181198	0.00691104990978	0	0	4.31670825096e-06	2.15835412548e-05	0	2.59002495057e-05	0	0	0.00846938158838	0	0.00442030924898	4.74837907605e-05	4.31670825096e-06	3.02169577567e-05	0.00799886038902	0.00107054364624	0.0087845012907	0	0.000129501247529	0.000159718205285	0.0006777231954	4.31670825096e-06	0.00328501497898	0.0567085962928	0.0210051023492	4.31670825096e-06	0.000120867831027	3.45336660076e-05	0.000591389030381	0	1.29501247529e-05	0.00437714216647	0	0.00175690025814	9.9284289772e-05	0	0	0	4.31670825096e-06	0	4.31670825096e-06	0	0	0.000410087283841	0	0.000401453867339	0	0	0	0.000176985038289	3.88503742586e-05	0.000112234414525	0	2.15835412548e-05	4.74837907605e-05	5.18004990115e-05	0	0.000958309231712	0.000625922696389	0.000772690776921	0	0	4.31670825096e-06	0	0	0	0.000207201996046	0.00104896010498	0.00390230425886	0.00350516709978	0.00085902494194	8.63341650191e-06	1.72668330038e-05	0.000103600998023	4.74837907605e-05	0.000358286784829	0.00018130174654	5.61172072624e-05	1.29501247529e-05	4.31670825096e-06	2.59002495057e-05
3.88503742586e-05	0.00803339405503	0.019144601093	0	0	0	8.63341650191e-06	0.000129501247529	1.29501247529e-05	0.000125184539278	0	0.00128637905878	0	0.00145473068057	3.45336660076e-05	1.72668330038e-05	0.00217993766673	0.00388503742586	5.61172072624e-05	0.00124321197628	0	0.00167056609312	0.00682039903651	0.014465289349	0.000263319203308	0.00232670574727	0.0210051023492	0.0678327534555	0.000302169577567	0.000168351621787	0.000621605988138	0.000129501247529	0	9.9284289772e-05	0.00344041647601	4.31670825096e-06	0.00217562095848	0.000444620949848	0	0	0	4.31670825096e-06	0	8.63341650191e-06	3.45336660076e-05	0	0.000155401497034	0	0.000164034913536	4.31670825096e-06	0	0.000120867831027	0.000297852869316	2.15835412548e-05	6.90673320153e-05	0	6.90673320153e-05	0.00116982793601	0.000233102245552	8.63341650191e-06	0.000392820450837	0.000319436410571	0.000997159605971	0	0	4.31670825096e-05	0	0	0	0.000263319203308	0.00240440649578	0.00404043892289	0.00341451622651	0.00138566334856	2.15835412548e-05	3.45336660076e-05	4.74837907605e-05	0.000138134664031	0.000353970076578	0.000241735662054	7.33840402663e-05	8.63341650191e-06	1.29501247529e-05	1.72668330038e-05
0.00261592520008	2.59002495057e-05	0.000556855364373	0	0.00536998506419	4.31670825096e-06	0.000884925191446	0.0210051023492	0.000621605988138	0.0027108927816	0.00562898755925	4.31670825096e-06	0.00175258354989	0	0.00127774564228	8.63341650191e-06	0.00346631672552	0.000189935163042	0	0	0.00330228181198	0.00500738157111	0.00218857108323	0.00401022196514	0.017836638493	0	4.31670825096e-06	0.000302169577567	0.0513472446451	0.00315551373145	0.0127472394651	0	4.31670825096e-06	0.00155401497034	0.00245620699479	2.15835412548e-05	1.29501247529e-05	0	0	7.77007485172e-05	0	3.02169577567e-05	0.000120867831027	2.59002495057e-05	0.00102737656373	6.47506237643e-05	0	9.9284289772e-05	0	3.88503742586e-05	0	1.29501247529e-05	8.63341650191e-06	0	0	4.74837907605e-05	8.63341650191e-06	9.06508732701e-05	2.15835412548e-05	0.000569805489126	0	0	1.29501247529e-05	0.000120867831027	1.72668330038e-05	7.33840402663e-05	0	0	0	2.15835412548e-05	0.00109212718749	0.000366920201331	0.000897875316199	0.000280586036312	0.000138134664031	4.31670825096e-06	4.31670825096e-06	3.88503742586e-05	4.31670825096e-06	8.63341650191e-06	8.63341650191e-06	8.63341650191e-06	0	0
0.00660888033221	1.72668330038e-05	0.000392820450837	0	0.000185618454791	0.00137702993206	0.00362171822255	0.00434692520871	0.00573690526552	0.000634556112891	0.000871975066693	0.000366920201331	0.000461887782852	8.63341650191e-06	0.0165761596837	0.000306486285818	0.000621605988138	0.000189935163042	4.31670825096e-06	6.90673320153e-05	0.000246052370305	0.00552106985297	0.000522321698366	0.00338429926875	0.00146768080533	4.31670825096e-05	0.000120867831027	0.000168351621787	0.00315551373145	0.0468060675651	0.0110205561647	0	0.00100147631422	0.011318409034	0.0146595412202	8.63341650191e-06	4.31670825096e-06	0	0	4.31670825096e-06	0	8.63341650191e-06	3.02169577567e-05	1.29501247529e-05	0.000259002495057	8.63341650191e-06	0	1.29501247529e-05	0	4.31670825096e-06	0	4.31670825096e-06	4.31670825096e-06	0	0	1.29501247529e-05	0	1.72668330038e-05	4.31670825096e-06	0.000172668330038	0	4.31670825096e-06	0	4.31670825096e-05	0	8.63341650191e-06	0	0	0	1.29501247529e-05	0.00326343143772	0.00058707232213	0.00663478058172	0.00125616210103	0.000746790527415	0.000712256861408	1.72668330038e-05	4.74837907605e-05	4.31670825096e-06	2.15835412548e-05	8.63341650191e-06	3.45336660076e-05	8.63341650191e-06	4.31670825096e-06
0.0054217855632	7.33840402663e-05	0.00167919950962	0	0.000164034913536	1.29501247529e-05	0.000289219452814	0.00932840653032	0.000487788032358	0.00161876559411	0.000530955114868	8.63341650191e-06	0.000185618454791	0	0.00170941646738	3.02169577567e-05	0.00230943891426	0.000789957609925	0	0	0.000116551122776	0.0166150100579	0.0018130174654	0.00963920952439	0.00350948380803	4.31670825096e-06	3.45336660076e-05	0.000621605988138	0.0127472394651	0.0110205561647	0.0444059777776	0	1.29501247529e-05	0.00574553868202	0.00682903245301	2.15835412548e-05	1.29501247529e-05	8.63341650191e-06	0	1.72668330038e-05	0	1.72668330038e-05	6.90673320153e-05	3.02169577567e-05	0.00063023940464	4.31670825096e-05	0	5.18004990115e-05	0	3.02169577567e-05	0	1.29501247529e-05	1.29501247529e-05	0	0	3.45336660076e-05	1.72668330038e-05	0.000103600998023	3.45336660076e-05	0.000379870326084	0	0	2.59002495057e-05	0.000103600998023	4.31670825096e-06	4.74837907605e-05	0	0	0	2.15835412548e-05	0.00288787781989	0.000923775565705	0.00267635911559	0.000984209481218	9.4967581521e-05	3.45336660076e-05	4.31670825096e-06	5.18004990115e-05	2.15835412548e-05	2.15835412548e-05	2.15835412548e-05	2.59002495057e-05	0	0
0	0	0	0	0	0	0	0	0	0	0	0.000215835412548	0	0.000500738157111	0	0	0	0	4.31670825096e-06	4.31670825096e-06	0	0	0	0	0	3.45336660076e-05	0.000591389030381	0.000129501247529	0	0	0	0.000690673320153	0	0	0	0	0	0	0	0	0	0	0	0	0	0	4.31670825096e-06	0	8.63341650191e-06	0	0	0	0	4.31670825096e-06	0	0	0	0	0	0	8.63341650191e-06	4.31670825096e-06	0	0	0	0	0	0	0	0	0	4.31670825096e-06	4.31670825096e-06	0	0	0	0	0	0	0	0	0	0	0
8.63341650191e-06	0	0	0	0	0.0016014987611	0.000552538656122	4.31670825096e-06	0.000423037408594	0	0	8.63341650191e-06	4.31670825096e-06	0	0.000401453867339	3.45336660076e-05	0	0	0	0	0	0	4.31670825096e-06	4.31670825096e-06	0	0	0	0	4.31670825096e-06	0.00100147631422	1.29501247529e-05	0	0.00224900499875	8.63341650191e-06	0.000479154615856	0	0	0	0	0	0	0	0	0	0	0	0	0	0	0	0	0	0	0	0	0	0	0	0	0	0	0	0	0	0	0	0	0	0	0	1.29501247529e-05	4.31670825096e-06	9.06508732701e-05	1.29501247529e-05	5.18004990115e-05	0.000280586036312	0	0	0	0	0	0	0	0
0.0022446882905	3.02169577567e-05	0.000289219452814	0	7.77007485172e-05	2.15835412548e-05	0.000302169577567	0.00184323442316	0.000509371573613	0.000397137159088	0.000353970076578	2.15835412548e-05	0.000172668330038	0	0.00180870075715	4.74837907605e-05	0.000431670825096	9.4967581521e-05	0	4.31670825096e-06	0.000120867831027	0.00391525438362	0.000358286784829	0.00164898255187	0.000755423943917	4.31670825096e-06	1.29501247529e-05	9.9284289772e-05	0.00155401497034	0.011318409034	0.00574553868202	0	8.63341650191e-06	0.0142192369786	0.00758445639693	4.31670825096e-06	0	0	0	8.63341650191e-06	0	4.31670825096e-06	1.29501247529e-05	1.29501247529e-05	0.000198568579544	4.31670825096e-06	0	8.63341650191e-06	0	8.63341650191e-06	4.31670825096e-06	0	4.31670825096e-06	0	0	1.29501247529e-05	0	8.63341650191e-06	4.31670825096e-06	0.000107917706274	0	0	0	3.02169577567e-05	0	1.29501247529e-05	0	0	0	8.63341650191e-06	0.00205906983571	0.000319436410571	0.0029569451519	0.000638872821142	8.20174567682e-05	5.18004990115e-05	0	1.72668330038e-05	8.63341650191e-06	2.15835412548e-05	1.29501247529e-05	8.63341650191e-06	4.31670825096e-06	0
0.00219720449974	0.000625922696389	0.00488219703183	0	5.61172072624e-05	0.000884925191446	0.00153243142909	0.00204611971095	0.00192525187993	0.000578438905628	0.000302169577567	0.00568510476651	0.000189935163042	0.000466204491103	0.00505054865362	0.000310802994069	0.00131659601654	0.00400590525689	6.47506237643e-05	0.0029310449024	0.000129501247529	0.00485629678233	0.00146768080533	0.00773554118571	0.00109212718749	0.000513688281864	0.00437714216647	0.00344041647601	0.00245620699479	0.0146595412202	0.00682903245301	0	0.000479154615856	0.00758445639693	0.0495773942622	8.63341650191e-06	0.000241735662054	3.02169577567e-05	0	4.31670825096e-06	0	0	2.15835412548e-05	4.31670825096e-06	0.000198568579544	8.63341650191e-06	7.77007485172e-05	8.63341650191e-06	6.90673320153e-05	8.63341650191e-06	4.31670825096e-06	2.15835412548e-05	3.88503742586e-05	1.72668330038e-05	1.72668330038e-05	4.31670825096e-06	2.15835412548e-05	0.000151084788783	3.88503742586e-05	0.000142451372282	0.000155401497034	8.63341650191e-05	0.000107917706274	4.74837907605e-05	4.31670825096e-06	3.88503742586e-05	0	0	0	6.90673320153e-05	0.0097255436894	0.00582323943054	0.0236253442575	0.00591820701206	0.00040577057559	0.000660456362396	0.000280586036312	0.000151084788783	7.33840402663e-05	7.77007485172e-05	6.04339155134e-05	3.45336660076e-05	8.63341650191e-06	2.59002495057e-05
0	0	0	0	8.63341650191e-06	0	0	2.59002495057e-05	0	5.18004990115e-05	0	0	0	0	0	0	4.31670825096e-06	0	0	0	4.31670825096e-06	4.31670825096e-06	1.72668330038e-05	0	3.02169577567e-05	0	0	4.31670825096e-06	2.15835412548e-05	8.63341650191e-06	2.15835412548e-05	0	0	4.31670825096e-06	8.63341650191e-06	0.0119227481891	0	1.72668330038e-05	0	8.20174567682e-05	8.63341650191e-06	0.00101874314723	0.00301306235917	0.00148063093008	0.000306486285818	0.0006777231954	4.31670825096e-06	0.000716573569659	4.31670825096e-06	0.00472247882655	3.02169577567e-05	8.63341650191e-05	4.31670825096e-06	0	4.31670825096e-06	0.000233102245552	0.000142451372282	7.77007485172e-05	0.000112234414525	0.000820174567682	0	4.31670825096e-06	8.63341650191e-06	0.000746790527415	0.00192956858818	0.00117846135251	0	1.29501247529e-05	0.000220152120799	0.000664773070647	8.63341650191e-06	0	8.63341650191e-06	4.31670825096e-06	0	0	0	0.00058707232213	8.20174567682e-05	0.000397137159088	0.000155401497034	0.000729523694412	6.90673320153e-05	8.63341650191e-06
0	0.00239145637103	0.00090219202445	0	0	0	0	4.31670825096e-06	0	4.31670825096e-06	0	0.000120867831027	0	6.90673320153e-05	0	0	2.15835412548e-05	0.000336703243575	4.31670825096e-06	0.000246052370305	0	5.18004990115e-05	0.000319436410571	0.000237418953803	8.63341650191e-06	0.000410087283841	0.00175690025814	0.00217562095848	1.29501247529e-05	4.31670825096e-06	1.29501247529e-05	0	0	0	0.000241735662054	0	0.0180654240303	0.00202021946145	0	0	0	1.72668330038e-05	0	2.15835412548e-05	3.02169577567e-05	0	0.000703623444906	0	0.000673406487149	1.29501247529e-05	0	0.000142451372282	0.00196410225419	0.00013381795578	0.000690673320153	0	0.000198568579544	0.00214108729247	0.000604339155134	8.63341650191e-06	0.00285766086213	0.00324184789647	0.00858593271115	4.31670825096e-06	1.29501247529e-05	5.61172072624e-05	8.63341650191e-06	4.31670825096e-06	0	0.00145473068057	0.000107917706274	0.000375553617833	0.000211518704297	7.33840402663e-05	0	4.31670825096e-06	4.31670825096e-06	0.000375553617833	0.00140293018156	0.00117414464426	0.000319436410571	7.33840402663e-05	3.45336660076e-05	5.61172072624e-05
0	0.000384187034335	0.000202885287795	0	0	0	0	0	0	4.31670825096e-06	0	4.31670825096e-06	0	0	0	0	8.63341650191e-06	6.47506237643e-05	0	0	0	1.72668330038e-05	0.000198568579544	0.000125184539278	8.63341650191e-06	4.31670825096e-06	9.9284289772e-05	0.000444620949848	0	0	8.63341650191e-06	0	0	0	3.02169577567e-05	1.72668330038e-05	0.00202021946145	0.0243289677024	0	4.31670825096e-06	0	2.59002495057e-05	2.15835412548e-05	3.02169577567e-05	5.61172072624e-05	0	0.000125184539278	1.29501247529e-05	2.15835412548e-05	1.72668330038e-05	4.31670825096e-06	0.000850391525438	0.0060736085091	1.72668330038e-05	0.000280586036312	4.31670825096e-06	0.00155401497034	0.00146768080533	0.00703191774081	7.33840402663e-05	5.18004990115e-05	0.00367351872156	0.00898306987024	0.000202885287795	6.04339155134e-05	0.000712256861408	0	4.31670825096e-06	6.04339155134e-05	0.00375985288658	2.15835412548e-05	4.74837907605e-05	3.45336660076e-05	1.72668330038e-05	0	0	0	0.0013640798073	0.00180006734065	0.00259434165882	0.00094967581521	0.000103600998023	0.000116551122776	3.88503742586e-05
0	0	0	0	0	0	0	0	0	0	0	0	0	0	0	0	0	0	0	0	0	0	0	0	0	0	0	0	0	0	0	0	0	0	0	0	0	0	0	0	0	0	0	0	0	0	0	0	0	0	0	0	0	0	0	0	0	0	0	0	0	0	0	0	0	0	0	0	0	0	0	0	0	0	0	0	0	0	0	0	0	0	0	0
2.15835412548e-05	0	0	0	0.0027022593651	0	0	6.04339155134e-05	4.31670825096e-06	0.000125184539278	8.63341650191e-06	0	4.31670825096e-05	0	4.31670825096e-06	0	1.29501247529e-05	0	0	0	7.33840402663e-05	8.63341650191e-06	8.63341650191e-06	2.15835412548e-05	0.000259002495057	0	0	0	7.77007485172e-05	4.31670825096e-06	1.72668330038e-05	0	0	8.63341650191e-06	4.31670825096e-06	8.20174567682e-05	0	4.31670825096e-06	0	0.0166797606817	0	0.000341019951826	0.000556855364373	9.4967581521e-05	0.00118277806076	0.00343178305951	0	0.00200295262844	0	0.000112234414525	1.72668330038e-05	3.02169577567e-05	0	0	0	0.00760603993818	2.59002495057e-05	4.74837907605e-05	1.29501247529e-05	0.0060908753421	0	0	4.31670825096e-06	0.0038548204681	3.02169577567e-05	7.77007485172e-05	0	0	4.31670825096e-06	6.04339155134e-05	4.31670825096e-06	4.31670825096e-06	0	0	0	0	0	8.20174567682e-05	1.72668330038e-05	6.47506237643e-05	1.72668330038e-05	5.61172072624e-05	8.63341650191e-06	0
0	0	0	0	0	0	0	0	0	0	0	0	0	0	0	0	0	0	0	0	0	0	0	0	0	0	0	0	0	0	0	0	0	0	0	8.63341650191e-06	0	0	0	0	0.00419584041993	0.002236054874	8.63341650191e-06	0.00151084788783	4.31670825096e-06	4.31670825096e-06	8.63341650191e-06	4.31670825096e-06	0	0.000479154615856	0.000759740652168	0	4.31670825096e-06	0	0	0	0	0	0	8.63341650191e-06	0	0	0	0	0.000168351621787	0	0	0.00124321197628	0	0.000565488780875	0	0	0	0	0	0	0	8.63341650191e-06	8.63341650191e-06	0.000112234414525	1.72668330038e-05	0.000457571074601	0.00103600998023	4.31670825096e-06
4.31670825096e-06	4.31670825096e-06	4.31670825096e-06	0	2.15835412548e-05	0	0	2.15835412548e-05	4.31670825096e-06	6.90673320153e-05	4.31670825096e-06	0	8.20174567682e-05	0	4.31670825096e-06	0	1.29501247529e-05	0	0	0	8.63341650191e-06	8.63341650191e-06	1.72668330038e-05	8.63341650191e-06	3.45336660076e-05	0	4.31670825096e-06	4.31670825096e-06	3.02169577567e-05	8.63341650191e-06	1.72668330038e-05	0	0	4.31670825096e-06	0	0.00101874314723	1.72668330038e-05	2.59002495057e-05	0	0.000341019951826	0.002236054874	0.0426792944772	0.00217130425023	0.018233775652	0.000505054865362	0.00826217959233	4.74837907605e-05	0.00987231176994	8.63341650191e-06	0.0074463217329	0.00265909228259	6.04339155134e-05	2.15835412548e-05	4.31670825096e-06	4.31670825096e-06	0.00217993766673	6.04339155134e-05	6.47506237643e-05	9.06508732701e-05	0.0015669650951	4.31670825096e-06	1.72668330038e-05	2.59002495057e-05	0.00104464339673	0.00183028429841	0.000375553617833	0	0.0013640798073	4.74837907605e-05	0.00170941646738	1.29501247529e-05	4.31670825096e-06	0	0	1.72668330038e-05	0	0	0.000837441400685	9.06508732701e-05	0.00117414464426	0.000228785537301	0.0047526957843	0.00131227930829	8.63341650191e-06
