0.0165091854298	4.39074080579e-06	3.95166672521e-05	0	0.000131722224174	1.75629632232e-05	0.00180898521198	0.00382433524184	0.0050098352594	0.000162457409814	0.000579577786364	8.78148161158e-06	0.000755207418596	1.31722224174e-05	0.00660806491271	7.02518528926e-05	0.000122940742562	1.75629632232e-05	0	4.39074080579e-06	0.000430292598967	0.000390775931715	0.000149285187397	0.000368822227686	0.000425901858162	0	4.39074080579e-06	3.51259264463e-05	0.00120745372159	0.00753012048193	0.00486055007201	0	8.78148161158e-06	0.00187923706488	0.00226562225579	0	0	0	0	4.39074080579e-06	0	0	0	0	0.000114159260951	4.39074080579e-06	0	4.39074080579e-06	0	0	0	4.39074080579e-06	0	0	0	4.39074080579e-06	0	8.78148161158e-06	0	7.46425936984e-05	0	0	0	0	0	0	0	0	0	0	0.000452246302996	7.46425936984e-05	0.000645438898451	0.000223927781095	0.000210755558678	8.342407531e-05	4.39074080579e-06	1.75629632232e-05	4.39074080579e-06	4.39074080579e-06	0	4.39074080579e-06	0	0
4.39074080579e-06	0.015758368752	0.00261688152025	0	0	0	8.78148161158e-06	3.07351856405e-05	4.39074080579e-06	2.19537040289e-05	0	0.000114159260951	0	5.26888896695e-05	0	4.39074080579e-06	0.000184411113843	0.00119428149917	2.19537040289e-05	0.000518107415083	0	0.000237100003513	0.00183532965682	0.00139186483544	3.07351856405e-05	0.000939618532439	0.00345112227335	0.00935227791633	6.1470371281e-05	3.07351856405e-05	0.000105377779339	0	0	1.75629632232e-05	0.001062559275	0	0.00246759633285	0.000627875935228	0	0	0	0	0	0	2.19537040289e-05	0	4.39074080579e-05	0	2.19537040289e-05	4.39074080579e-06	0	9.22055569216e-05	0.000403948154133	4.39074080579e-06	0.000184411113843	0	0.000127331483368	0.000575187045558	0.000399557413327	1.31722224174e-05	0.000105377779339	0.000509325933471	0.00155871298606	2.19537040289e-05	4.39074080579e-06	1.75629632232e-05	0	0	0	0.000171238891426	0.000553233341529	0.00143138150269	0.000821068530682	0.00025027222593	2.63444448347e-05	3.07351856405e-05	1.75629632232e-05	0.000127331483368	0.000403948154133	0.000175629632232	3.95166672521e-05	0	4.39074080579e-06	8.78148161158e-06
3.95166672521e-05	0.00261688152025	0.0290403596895	0	4.39074080579e-06	0	4.39074080579e-06	6.1470371281e-05	1.75629632232e-05	2.19537040289e-05	4.39074080579e-06	0.000175629632232	8.78148161158e-06	6.1470371281e-05	1.75629632232e-05	4.39074080579e-06	0.000267835189153	0.00727545751519	1.75629632232e-05	0.000671783343286	0	0.00149724261477	0.00116354631353	0.0124609224068	6.58611120868e-05	8.342407531e-05	0.00551037971126	0.011099792757	0.000184411113843	0.000162457409814	0.000496153711054	0	0	0.000109768520145	0.00358284449752	0	0.000799114826654	0.000201974077066	0	0	0	0	4.39074080579e-06	0	3.51259264463e-05	0	2.19537040289e-05	0	2.19537040289e-05	0	0	7.90333345042e-05	9.65962977274e-05	4.39074080579e-06	5.26888896695e-05	0	5.26888896695e-05	0.000421511117356	0.000193192595455	8.78148161158e-06	1.31722224174e-05	0.000100987038533	0.000526888896695	1.75629632232e-05	0	4.39074080579e-06	0	0	0	7.90333345042e-05	0.00207682040114	0.0029593593031	0.00278812041168	0.00107134075661	0.000122940742562	9.22055569216e-05	1.75629632232e-05	0.000210755558678	0.000180020373037	9.22055569216e-05	5.70796304753e-05	0	0	0
0	0	0	0	0	0	0	0	0	0	0	0	0	0	0	0	0	0	0	0	0	0	0	0	0	0	0	0	0	0	0	0	0	0	0	0	0	0	0	0	0	0	0	0	0	0	0	0	0	0	0	0	0	0	0	0	0	0	0	0	0	0	0	0	0	0	0	0	0	0	0	0	0	0	0	0	0	0	0	0	0	0	0	0
0.000131722224174	0	4.39074080579e-06	0	0.0162150057958	0	0.000316133338017	0.00116354631353	0.000144894446591	3.07351856405e-05	0.00142260002108	0	0.00164652780217	0	9.22055569216e-05	1.31722224174e-05	0	4.39074080579e-06	0	0	0.00357845375672	1.75629632232e-05	4.39074080579e-06	8.78148161158e-06	0.00425462784081	0	0	4.39074080579e-06	0.00547525378482	0.000136112964979	0.000100987038533	0	0	8.342407531e-05	7.46425936984e-05	0	0	0	0	0.00445660191788	0	2.63444448347e-05	8.342407531e-05	4.39074080579e-06	3.07351856405e-05	0.000487372229443	0	0.000777161122625	0	4.39074080579e-06	0	0	0	0	0	0.00264322596508	0	0	0	8.78148161158e-05	0	0	0	0.000360040746075	0	0	0	0	0	0	1.75629632232e-05	0	2.19537040289e-05	8.78148161158e-06	3.95166672521e-05	4.39074080579e-06	0	0	0	0	0	4.39074080579e-06	0	0
1.75629632232e-05	0	0	0	0	0.00416242228389	0.00258614633461	0	0.0018177666936	0	0	4.39074080579e-06	4.39074080579e-06	8.78148161158e-06	0.000689346306509	0.000399557413327	0	8.78148161158e-06	0	0	0	0	0	4.39074080579e-06	0	0	0	0	0	0.000904492605992	1.31722224174e-05	0	0.00190119076891	1.31722224174e-05	0.00129526853771	0	0	0	0	0	0	0	0	0	0	0	0	0	0	0	0	0	0	0	0	0	0	0	0	0	0	0	0	0	0	0	0	0	0	0	4.39074080579e-05	8.78148161158e-06	0.000109768520145	5.26888896695e-05	0.000316133338017	0.00066739260248	0	4.39074080579e-06	0	0	0	4.39074080579e-06	0	0
0.00180898521198	8.78148161158e-06	4.39074080579e-06	0	0.000316133338017	0.00258614633461	0.0424716358144	0.00270908707717	0.016412589132	9.65962977274e-05	0.0096332853279	3.07351856405e-05	0.00940057606519	5.26888896695e-05	0.00541378341354	0.000794724085848	3.07351856405e-05	1.75629632232e-05	0	1.75629632232e-05	0.00351698338544	5.26888896695e-05	3.95166672521e-05	0.000118550001756	0.000491762970248	0	0	3.51259264463e-05	0.00126892409287	0.00481664266395	0.000623485194422	0	0.00154993150444	0.000491762970248	0.00376725561137	0	0	0	0	8.78148161158e-06	0	0	0	0	4.82981488637e-05	0	0	8.78148161158e-06	0	0	4.39074080579e-06	0	0	0	0	4.39074080579e-06	0	4.39074080579e-06	4.39074080579e-06	1.75629632232e-05	0	0	4.39074080579e-06	0	0	0	0	0	0	0	0.00036443148688	4.82981488637e-05	0.00112402964628	0.00044785556219	0.00122501668482	0.00114159260951	4.39074080579e-06	1.31722224174e-05	0	0	0	0	0	0
0.00382433524184	3.07351856405e-05	6.1470371281e-05	0	0.00116354631353	0	0.00270908707717	0.0336330745723	0.00266957040992	0.00069812778812	0.00541378341354	0	0.00169482595103	4.39074080579e-06	0.00198461484422	5.26888896695e-05	0.000259053707542	3.07351856405e-05	0	4.39074080579e-06	0.00194509817696	0.000562014823141	0.000302961115599	0.000509325933471	0.00270908707717	0	0	7.90333345042e-05	0.0131151427869	0.00332379078998	0.00751694825951	0	0	0.00139186483544	0.0018177666936	0	0	4.39074080579e-06	0	7.46425936984e-05	0	8.78148161158e-06	7.46425936984e-05	8.78148161158e-06	0.000509325933471	4.82981488637e-05	0	3.07351856405e-05	0	4.39074080579e-06	4.39074080579e-06	8.78148161158e-06	0	0	0	5.70796304753e-05	1.75629632232e-05	5.26888896695e-05	0	0.000412729635744	0	0	8.78148161158e-06	0.000122940742562	0	8.78148161158e-06	0	0	0	4.39074080579e-06	0.000408338894938	6.58611120868e-05	0.000496153711054	0.000158066669008	0.000219537040289	3.51259264463e-05	0	8.78148161158e-06	0	0	0	8.78148161158e-06	0	0
0.0050098352594	4.39074080579e-06	1.75629632232e-05	0	0.000144894446591	0.0018177666936	0.016412589132	0.00266957040992	0.0401840598546	7.46425936984e-05	0.00428975376726	4.82981488637e-05	0.00202413151147	4.82981488637e-05	0.0150690224455	0.000193192595455	3.51259264463e-05	1.31722224174e-05	4.39074080579e-06	8.78148161158e-06	0.000926446310021	0.000100987038533	5.26888896695e-05	0.000140503705785	0.000285398152376	0	4.39074080579e-06	3.07351856405e-05	0.00086497593874	0.0075828093716	0.00133917594577	0	0.00272665004039	0.000763988900207	0.00367944079525	0	0	0	0	4.39074080579e-06	0	0	4.39074080579e-06	0	4.39074080579e-05	0	0	4.39074080579e-06	0	0	0	0	0	0	0	8.78148161158e-06	0	0	0	3.51259264463e-05	0	0	0	4.39074080579e-06	0	0	0	0	0	0	0.000381994450104	5.70796304753e-05	0.000992307422108	0.000386385190909	0.000496153711054	0.000746425936984	0	1.31722224174e-05	0	0	0	4.39074080579e-06	0	0
0.000162457409814	2.19537040289e-05	2.19537040289e-05	0	3.07351856405e-05	0	9.65962977274e-05	0.00069812778812	7.46425936984e-05	0.00901858161509	4.82981488637e-05	0	0.000746425936984	0	9.22055569216e-05	0.000105377779339	0.000329305560434	1.31722224174e-05	0	0	9.22055569216e-05	0.000276616670765	0.00148846113316	0.000338087042046	0.00270469633637	4.39074080579e-06	0	4.82981488637e-05	0.00162018335734	0.00041712037655	0.000895711124381	0	0	0.000228318521901	0.000526888896695	4.39074080579e-06	0	4.39074080579e-06	0	7.02518528926e-05	0	1.31722224174e-05	0.000158066669008	2.63444448347e-05	0.00147528891075	3.95166672521e-05	0	4.39074080579e-05	0	2.19537040289e-05	4.39074080579e-06	1.75629632232e-05	4.39074080579e-06	0	0	7.02518528926e-05	5.26888896695e-05	0.000140503705785	2.63444448347e-05	0.000895711124381	0	0	4.39074080579e-06	0.000289788893182	4.39074080579e-06	9.22055569216e-05	0	0	0	2.63444448347e-05	0.000149285187397	2.63444448347e-05	0.000158066669008	4.39074080579e-05	0.000711300010538	8.78148161158e-06	0	3.51259264463e-05	1.31722224174e-05	2.19537040289e-05	1.31722224174e-05	1.75629632232e-05	0	0
0.000579577786364	0	4.39074080579e-06	0	0.00142260002108	0	0.0096332853279	0.00541378341354	0.00428975376726	4.82981488637e-05	0.0289569356142	0	0.005765042678	8.78148161158e-06	0.00102304260775	3.51259264463e-05	8.78148161158e-06	0	0	0	0.00649829639257	1.75629632232e-05	4.39074080579e-06	2.19537040289e-05	0.000641048157645	0	0	4.39074080579e-06	0.00534792230145	0.000412729635744	0.000263444448347	0	4.39074080579e-06	0.000144894446591	0.00019758333626	0	0	0	0	1.75629632232e-05	0	0	8.78148161158e-06	0	4.82981488637e-05	4.39074080579e-06	0	8.78148161158e-06	0	0	0	0	0	0	0	1.31722224174e-05	0	0	0	4.82981488637e-05	0	0	0	1.31722224174e-05	0	0	0	0	0	0	2.63444448347e-05	4.39074080579e-06	6.58611120868e-05	3.07351856405e-05	7.02518528926e-05	0	0	0	0	0	0	4.39074080579e-06	0	0
8.78148161158e-06	0.000114159260951	0.000175629632232	0	0	4.39074080579e-06	3.07351856405e-05	0	4.82981488637e-05	0	0	0.0299975411851	0	0.0105772946011	4.82981488637e-05	0	4.39074080579e-06	0.000425901858162	0.00354332783027	0.00338087042046	0	2.19537040289e-05	1.31722224174e-05	0.000118550001756	0	0.00374091116653	0.00870683901788	0.00128209631529	4.39074080579e-06	0.000109768520145	1.31722224174e-05	0.00041712037655	4.39074080579e-06	1.75629632232e-05	0.00401313709649	0	0.00016684815062	8.78148161158e-06	0	0	0	0	0	0	4.39074080579e-06	0	0.000491762970248	0	0.000377603709298	0	0	0	8.78148161158e-06	3.07351856405e-05	6.1470371281e-05	0	4.39074080579e-06	4.39074080579e-06	0	0	0.000496153711054	0.00033369630124	0.000311742597211	0	0	4.39074080579e-06	1.75629632232e-05	0	0	6.1470371281e-05	0.000342477782852	0.00217341669887	0.00298131300713	0.00050054445186	4.39074080579e-05	4.82981488637e-05	0.000386385190909	5.26888896695e-05	0.00050054445186	0.000109768520145	8.78148161158e-06	0	0	6.1470371281e-05
0.000755207418596	0	8.78148161158e-06	0	0.00164652780217	4.39074080579e-06	0.00940057606519	0.00169482595103	0.00202413151147	0.000746425936984	0.005765042678	0	0.0313630615757	0	0.000570796304753	0.0011372018687	4.39074080579e-06	4.39074080579e-06	0	0	0.0116925427658	2.19537040289e-05	2.63444448347e-05	3.95166672521e-05	0.00178264076715	0	0	1.31722224174e-05	0.00130844076013	0.000557624082335	0.000285398152376	0	4.39074080579e-06	0.000149285187397	0.000285398152376	0	0	0	0	5.70796304753e-05	0	3.51259264463e-05	3.07351856405e-05	8.78148161158e-06	3.07351856405e-05	0.000136112964979	0	0.00267396115073	0	8.78148161158e-06	4.39074080579e-06	0	0	0	0	0.000711300010538	4.39074080579e-06	0	4.39074080579e-06	1.75629632232e-05	0	0	0	2.63444448347e-05	0	4.39074080579e-06	0	0	0	0	7.46425936984e-05	0	5.26888896695e-05	2.19537040289e-05	0.000987916681302	1.31722224174e-05	0	0	0	0	0	0	0	0
1.31722224174e-05	5.26888896695e-05	6.1470371281e-05	0	0	8.78148161158e-06	5.26888896695e-05	4.39074080579e-06	4.82981488637e-05	0	8.78148161158e-06	0.0105772946011	0	0.0220722540307	7.46425936984e-05	0	4.39074080579e-06	0.000100987038533	0.000421511117356	0.000469809266219	0	1.31722224174e-05	4.39074080579e-06	4.39074080579e-05	0	0.00518546489164	0.00617338157294	0.00284080930135	8.78148161158e-06	0.000149285187397	3.07351856405e-05	0.000526888896695	8.78148161158e-06	4.82981488637e-05	0.000983525940497	0	0.000149285187397	8.78148161158e-06	0	0	0	4.39074080579e-06	4.39074080579e-06	0	0	0	0.000461027784608	0	0.000452246302996	4.39074080579e-06	0	0	2.63444448347e-05	2.19537040289e-05	2.63444448347e-05	0	1.31722224174e-05	0	1.31722224174e-05	4.39074080579e-06	0.000425901858162	0.000210755558678	0.000162457409814	0	4.39074080579e-06	4.39074080579e-06	4.39074080579e-06	0	0	7.90333345042e-05	0.000478590747831	0.000860585197935	0.0012864870561	0.000636657416839	3.07351856405e-05	0.000188801854649	0.000680564824897	0.000140503705785	0.000518107415083	0.000184411113843	0.000100987038533	4.39074080579e-06	4.39074080579e-06	0.000109768520145
0.00660806491271	0	1.75629632232e-05	0	9.22055569216e-05	0.000689346306509	0.00541378341354	0.00198461484422	0.0150690224455	9.22055569216e-05	0.00102304260775	4.82981488637e-05	0.000570796304753	7.46425936984e-05	0.0307176226773	0.000118550001756	5.70796304753e-05	2.19537040289e-05	4.39074080579e-06	8.78148161158e-06	0.000285398152376	0.00016684815062	7.90333345042e-05	0.000210755558678	0.00019758333626	0	8.78148161158e-06	8.78148161158e-06	0.000632266676034	0.0141733113211	0.00188801854649	0	0.00140942779866	0.00140064631705	0.00435561487934	0	0	0	0	0	0	0	0	0	4.39074080579e-05	4.39074080579e-06	0	0	0	0	0	0	0	0	0	0	0	0	0	3.95166672521e-05	0	0	0	0	0	0	0	0	0	0	0.000434683339773	3.95166672521e-05	0.00120306298079	0.000452246302996	0.000482981488637	0.000601531490393	4.39074080579e-06	3.07351856405e-05	0	0	0	8.78148161158e-06	0	0
7.02518528926e-05	4.39074080579e-06	4.39074080579e-06	0	1.31722224174e-05	0.000399557413327	0.000794724085848	5.26888896695e-05	0.000193192595455	0.000105377779339	3.51259264463e-05	0	0.0011372018687	0	0.000118550001756	0.00468931118058	0	0	0	0	4.82981488637e-05	8.78148161158e-06	0	1.31722224174e-05	4.39074080579e-05	0	0	0	3.07351856405e-05	0.000100987038533	2.19537040289e-05	0	1.31722224174e-05	2.19537040289e-05	9.65962977274e-05	0	0	0	0	0	0	0	4.39074080579e-06	0	1.31722224174e-05	0	0	0	0	0	0	0	0	0	0	0	0	0	0	4.39074080579e-06	0	0	0	4.39074080579e-06	0	0	0	0	0	4.39074080579e-06	0.00016684815062	8.78148161158e-06	7.02518528926e-05	2.63444448347e-05	0.00314377041694	1.75629632232e-05	0	8.78148161158e-06	0	4.39074080579e-06	4.39074080579e-06	0	0	0
0.000122940742562	0.000184411113843	0.000267835189153	0	0	0	3.07351856405e-05	0.000259053707542	3.51259264463e-05	0.000329305560434	8.78148161158e-06	4.39074080579e-06	4.39074080579e-06	4.39074080579e-06	5.70796304753e-05	0	0.0149241279989	7.90333345042e-05	0	1.31722224174e-05	0	0.0034116056061	0.00461905932769	0.00505374266746	0.00440830376901	0	1.75629632232e-05	0.0008342407531	0.00302082967438	0.000329305560434	0.000904492605992	0	0	0.000206364817872	0.001062559275	0	3.95166672521e-05	8.78148161158e-06	0	8.78148161158e-06	0	0	4.82981488637e-05	4.39074080579e-06	0.000342477782852	0	4.39074080579e-06	0	0	0	0	0.00206803891953	8.78148161158e-06	0	4.39074080579e-06	0	0.00041712037655	0.000759598159401	0.000289788893182	0.000443464821385	0	0	0.000223927781095	0.000355650005269	0	8.78148161158e-05	0	0	0	7.46425936984e-05	0.000496153711054	0.000171238891426	0.00044785556219	0.000149285187397	5.26888896695e-05	1.31722224174e-05	0	7.90333345042e-05	4.39074080579e-05	6.58611120868e-05	4.82981488637e-05	1.75629632232e-05	0	4.39074080579e-06
1.75629632232e-05	0.00119428149917	0.00727545751519	0	4.39074080579e-06	8.78148161158e-06	1.75629632232e-05	3.07351856405e-05	1.31722224174e-05	1.31722224174e-05	0	0.000425901858162	4.39074080579e-06	0.000100987038533	2.19537040289e-05	0	7.90333345042e-05	0.0257385226035	7.02518528926e-05	0.00472004636622	0	0.00137869261302	0.000276616670765	0.0089483297622	2.19537040289e-05	0.000219537040289	0.00814921493554	0.0034159963469	9.22055569216e-05	9.65962977274e-05	0.00033369630124	0	4.39074080579e-06	7.46425936984e-05	0.00601531490393	0	0.000456637043802	0.000105377779339	0	0	0	0	4.39074080579e-06	0	0	0	3.51259264463e-05	0	1.31722224174e-05	0	0	2.19537040289e-05	6.58611120868e-05	0	3.51259264463e-05	0	1.31722224174e-05	0.000131722224174	6.58611120868e-05	4.39074080579e-06	4.39074080579e-05	7.90333345042e-05	0.000289788893182	8.78148161158e-06	0	4.39074080579e-06	0	0	0	3.07351856405e-05	0.00182654817521	0.00268713337314	0.00316572412097	0.00105377779339	3.07351856405e-05	9.65962977274e-05	8.342407531e-05	0.000180020373037	9.65962977274e-05	2.63444448347e-05	1.75629632232e-05	0	4.39074080579e-06	4.39074080579e-06
0	2.19537040289e-05	1.75629632232e-05	0	0	0	0	0	4.39074080579e-06	0	0	0.00354332783027	0	0.000421511117356	4.39074080579e-06	0	0	7.02518528926e-05	0.00752133900032	0.00353893708947	0	0	0	1.31722224174e-05	0	0.000399557413327	0.00368383153606	0.000223927781095	0	4.39074080579e-06	0	2.19537040289e-05	0	0	0.000245881485124	0	3.51259264463e-05	0	0	0	0	0	0	0	0	0	3.95166672521e-05	0	2.63444448347e-05	0	0	0	0	4.39074080579e-06	1.75629632232e-05	0	0	0	0	0	5.70796304753e-05	5.26888896695e-05	3.95166672521e-05	0	0	0	0	0	0	4.39074080579e-06	3.07351856405e-05	0.000144894446591	0.000188801854649	2.63444448347e-05	4.39074080579e-06	0	4.39074080579e-06	4.39074080579e-06	4.82981488637e-05	1.31722224174e-05	0	0	0	0
4.39074080579e-06	0.000518107415083	0.000671783343286	0	0	0	1.75629632232e-05	4.39074080579e-06	8.78148161158e-06	0	0	0.00338087042046	0	0.000469809266219	8.78148161158e-06	0	1.31722224174e-05	0.00472004636622	0.00353893708947	0.020618918824	0	6.1470371281e-05	3.51259264463e-05	0.000381994450104	0	0.000821068530682	0.011099792757	0.00196705188099	2.19537040289e-05	4.39074080579e-06	3.07351856405e-05	1.31722224174e-05	0	1.31722224174e-05	0.00270908707717	0	0.000412729635744	2.19537040289e-05	0	0	0	0	0	0	0	0	9.65962977274e-05	0	5.70796304753e-05	0	0	0	2.19537040289e-05	1.31722224174e-05	6.1470371281e-05	0	0	8.78148161158e-06	1.75629632232e-05	0	0.000136112964979	0.000188801854649	0.000298570374794	0	0	0	0	0	0	4.82981488637e-05	0.000513716674277	0.00150163335558	0.00165530928378	0.000452246302996	1.75629632232e-05	2.19537040289e-05	4.39074080579e-05	7.02518528926e-05	0.000105377779339	4.39074080579e-05	1.75629632232e-05	0	4.39074080579e-06	4.39074080579e-06
0.000430292598967	0	0	0	0.00357845375672	0	0.00351698338544	0.00194509817696	0.000926446310021	9.22055569216e-05	0.00649829639257	0	0.0116925427658	0	0.000285398152376	4.82981488637e-05	0	0	0	0	0.019872492887	1.75629632232e-05	4.39074080579e-06	1.75629632232e-05	0.00165530928378	0	0	4.39074080579e-06	0.00428536302645	0.000324914819628	0.000188801854649	0	0	0.000122940742562	0.000175629632232	0	0	0	0	8.342407531e-05	0	0	0	0	2.19537040289e-05	8.78148161158e-06	0	1.75629632232e-05	0	0	0	0	0	0	0	7.02518528926e-05	0	0	0	4.39074080579e-06	0	0	0	4.39074080579e-06	0	0	0	0	0	0	1.31722224174e-05	0	3.95166672521e-05	1.31722224174e-05	9.22055569216e-05	4.39074080579e-06	0	0	0	0	0	4.39074080579e-06	0	0
0.000390775931715	0.000237100003513	0.00149724261477	0	1.75629632232e-05	0	5.26888896695e-05	0.000562014823141	0.000100987038533	0.000276616670765	1.75629632232e-05	2.19537040289e-05	2.19537040289e-05	1.31722224174e-05	0.00016684815062	8.78148161158e-06	0.0034116056061	0.00137869261302	0	6.1470371281e-05	1.75629632232e-05	0.0441445080614	0.00182654817521	0.0273016263304	0.00117671853595	4.39074080579e-06	0.000162457409814	0.00172117039587	0.00346868523657	0.00122940742562	0.00982208718255	0	0	0.00086497593874	0.00683199269381	8.78148161158e-06	2.19537040289e-05	8.78148161158e-06	0	8.78148161158e-06	0	4.39074080579e-06	6.1470371281e-05	1.31722224174e-05	0.000276616670765	8.78148161158e-06	0	4.39074080579e-06	0	8.78148161158e-06	0	6.1470371281e-05	8.78148161158e-06	0	0	8.78148161158e-06	6.1470371281e-05	0.000294179633988	6.1470371281e-05	0.000140503705785	0	0	3.51259264463e-05	8.78148161158e-05	0	3.95166672521e-05	0	0	0	2.19537040289e-05	0.00230952966384	0.00102304260775	0.00261688152025	0.00078155186343	0.00016684815062	9.65962977274e-05	2.63444448347e-05	0.000136112964979	1.75629632232e-05	3.51259264463e-05	1.75629632232e-05	8.78148161158e-06	0	0
0.000149285187397	0.00183532965682	0.00116354631353	0	4.39074080579e-06	0	3.95166672521e-05	0.000302961115599	5.26888896695e-05	0.00148846113316	4.39074080579e-06	1.31722224174e-05	2.63444448347e-05	4.39074080579e-06	7.90333345042e-05	0	0.00461905932769	0.000276616670765	0	3.51259264463e-05	4.39074080579e-06	0.00182654817521	0.0173609891461	0.00410534265341	0.00171238891426	0	9.65962977274e-05	0.00340721486529	0.00176068706312	0.000412729635744	0.00134356668657	0	0	0.000324914819628	0.00168165372862	8.78148161158e-06	0.000153675928203	0.000100987038533	0	0	0	1.31722224174e-05	0.000118550001756	1.31722224174e-05	0.00122062594401	1.31722224174e-05	4.39074080579e-06	1.31722224174e-05	0	4.39074080579e-06	0	0.000272225929959	4.82981488637e-05	0	4.39074080579e-06	8.78148161158e-06	0.000276616670765	0.00177385928554	0.000403948154133	0.000671783343286	0	4.39074080579e-06	0.000259053707542	0.00041712037655	4.39074080579e-06	0.000144894446591	0	0	0	9.65962977274e-05	0.000851803716323	0.000671783343286	0.000860585197935	0.000320524078823	7.02518528926e-05	3.07351856405e-05	1.75629632232e-05	0.000171238891426	0.000118550001756	8.342407531e-05	3.95166672521e-05	2.63444448347e-05	4.39074080579e-06	0
0.000368822227686	0.00139186483544	0.0124609224068	0	8.78148161158e-06	4.39074080579e-06	0.000118550001756	0.000509325933471	0.000140503705785	0.000338087042046	2.19537040289e-05	0.000118550001756	3.95166672521e-05	4.39074080579e-05	0.000210755558678	1.31722224174e-05	0.00505374266746	0.0089483297622	1.31722224174e-05	0.000381994450104	1.75629632232e-05	0.0273016263304	0.00410534265341	0.0681530787875	0.00126453335207	3.07351856405e-05	0.00126892409287	0.00961572236468	0.00269591485475	0.00116793705434	0.00576943341881	0	8.78148161158e-06	0.00078155186343	0.0119120798061	8.78148161158e-06	0.000346868523657	0.000109768520145	0	4.39074080579e-06	0	8.78148161158e-06	6.1470371281e-05	2.19537040289e-05	0.000316133338017	8.78148161158e-06	0	4.39074080579e-06	4.39074080579e-06	8.78148161158e-06	0	0.000171238891426	5.70796304753e-05	0	1.31722224174e-05	0	8.78148161158e-05	0.000843022234711	0.000254662966736	0.000149285187397	0	4.39074080579e-05	0.000342477782852	9.22055569216e-05	0	5.26888896695e-05	0	0	0	6.58611120868e-05	0.00570357230672	0.00406143524535	0.00659050194949	0.00240173522077	0.000434683339773	0.000237100003513	8.342407531e-05	0.000412729635744	9.65962977274e-05	9.65962977274e-05	4.39074080579e-05	1.31722224174e-05	0	0
0.000425901858162	3.07351856405e-05	6.58611120868e-05	0	0.00425462784081	0	0.000491762970248	0.00270908707717	0.000285398152376	0.00270469633637	0.000641048157645	0	0.00178264076715	0	0.00019758333626	4.39074080579e-05	0.00440830376901	2.19537040289e-05	0	0	0.00165530928378	0.00117671853595	0.00171238891426	0.00126453335207	0.02789876708	0	8.78148161158e-06	0.000149285187397	0.0110690575714	0.000733253714567	0.00172995187748	0	0	0.000408338894938	0.000913274087604	8.78148161158e-06	8.78148161158e-06	0	0	9.22055569216e-05	0	1.31722224174e-05	0.000136112964979	1.75629632232e-05	0.000755207418596	2.63444448347e-05	0	3.07351856405e-05	0	1.75629632232e-05	4.39074080579e-06	3.51259264463e-05	0	0	0	4.39074080579e-05	5.26888896695e-05	0.000105377779339	8.78148161158e-06	0.00176946854473	0	0	1.31722224174e-05	0.000254662966736	0	6.1470371281e-05	0	0	0	2.19537040289e-05	0.000298570374794	5.70796304753e-05	0.000272225929959	9.65962977274e-05	0.000232709262707	1.75629632232e-05	4.39074080579e-06	3.95166672521e-05	1.75629632232e-05	1.75629632232e-05	0	1.75629632232e-05	4.39074080579e-06	4.39074080579e-06
0	0.000939618532439	8.342407531e-05	0	0	0	0	0	0	4.39074080579e-06	0	0.00374091116653	0	0.00518546489164	0	0	0	0.000219537040289	0.000399557413327	0.000821068530682	0	4.39074080579e-06	0	3.07351856405e-05	0	0.0142172187291	0.0043204889529	0.00251589448172	4.39074080579e-06	0	1.31722224174e-05	3.51259264463e-05	0	0	0.000425901858162	0	0.000974744458885	4.39074080579e-05	0	0	0	0	0	0	4.39074080579e-06	0	0.000957181495662	0	0.00075081667779	0	0	4.39074080579e-06	7.90333345042e-05	5.26888896695e-05	0.000162457409814	0	8.78148161158e-06	8.78148161158e-06	1.31722224174e-05	0	0.00139186483544	0.000952790754856	0.000965962977274	4.39074080579e-06	0	0	8.78148161158e-06	0	0	0.000131722224174	5.26888896695e-05	0.000632266676034	0.000434683339773	8.342407531e-05	0	0	0.000153675928203	3.07351856405e-05	0.000913274087604	0.000215146299484	2.19537040289e-05	0	4.39074080579e-06	0.000153675928203
4.39074080579e-06	0.00345112227335	0.00551037971126	0	0	0	0	0	4.39074080579e-06	0	0	0.00870683901788	0	0.00617338157294	8.78148161158e-06	0	1.75629632232e-05	0.00814921493554	0.00368383153606	0.011099792757	0	0.000162457409814	9.65962977274e-05	0.00126892409287	8.78148161158e-06	0.0043204889529	0.0626295268538	0.022629878113	1.75629632232e-05	3.51259264463e-05	5.70796304753e-05	0.000829850012294	0	1.75629632232e-05	0.00423267413678	0	0.00200217780744	0.000307351856405	0	0	0	0	4.39074080579e-06	0	0	0	0.00044785556219	0	0.000316133338017	0	0	4.39074080579e-06	0.000298570374794	5.26888896695e-05	0.000316133338017	0	2.63444448347e-05	3.51259264463e-05	9.65962977274e-05	0	0.000843022234711	0.00100547964453	0.00147089816994	4.39074080579e-06	0	0	0	0	0	0.00016684815062	0.00116793705434	0.00407021672697	0.00305595560083	0.000829850012294	3.51259264463e-05	3.95166672521e-05	6.58611120868e-05	0.000162457409814	0.000526888896695	0.00019758333626	3.95166672521e-05	0	0	2.19537040289e-05
3.51259264463e-05	0.00935227791633	0.011099792757	0	4.39074080579e-06	0	3.51259264463e-05	7.90333345042e-05	3.07351856405e-05	4.82981488637e-05	4.39074080579e-06	0.00128209631529	1.31722224174e-05	0.00284080930135	8.78148161158e-06	0	0.0008342407531	0.0034159963469	0.000223927781095	0.00196705188099	4.39074080579e-06	0.00172117039587	0.00340721486529	0.00961572236468	0.000149285187397	0.00251589448172	0.022629878113	0.0617952861007	0.000263444448347	0.00016684815062	0.000412729635744	6.58611120868e-05	0	8.78148161158e-05	0.00315255189856	0	0.00189240928729	0.000408338894938	0	0	0	0	0	0	3.51259264463e-05	0	0.000122940742562	0	9.22055569216e-05	0	0	0.000513716674277	0.000272225929959	1.31722224174e-05	0.000184411113843	0	0.000136112964979	0.000720081492149	0.000430292598967	3.07351856405e-05	0.000241490744318	0.000518107415083	0.0016684815062	7.90333345042e-05	0	2.63444448347e-05	0	0	0	0.000158066669008	0.00179581298957	0.00346868523657	0.00248076855527	0.000895711124381	9.22055569216e-05	5.70796304753e-05	3.07351856405e-05	0.000206364817872	0.00033369630124	0.00019758333626	7.02518528926e-05	0	0	8.78148161158e-06
0.00120745372159	6.1470371281e-05	0.000184411113843	0	0.00547525378482	0	0.00126892409287	0.0131151427869	0.00086497593874	0.00162018335734	0.00534792230145	4.39074080579e-06	0.00130844076013	8.78148161158e-06	0.000632266676034	3.07351856405e-05	0.00302082967438	9.22055569216e-05	0	2.19537040289e-05	0.00428536302645	0.00346868523657	0.00176068706312	0.00269591485475	0.0110690575714	4.39074080579e-06	1.75629632232e-05	0.000263444448347	0.0453695247462	0.00233587410868	0.00751694825951	0	0	0.00124697038884	0.0026520074467	0	0	4.39074080579e-06	0	0.00108012223822	0	2.63444448347e-05	0.000171238891426	1.75629632232e-05	0.00111085742386	0.000175629632232	0	8.78148161158e-05	0	1.31722224174e-05	0	4.39074080579e-05	0	0	0	0.000461027784608	5.70796304753e-05	0.00016684815062	3.51259264463e-05	0.000794724085848	0	0	0	0.000540061119112	4.39074080579e-06	4.39074080579e-05	0	0	0	1.31722224174e-05	0.000794724085848	0.000188801854649	0.000693737047315	0.00025027222593	0.00019758333626	3.51259264463e-05	0	5.26888896695e-05	1.75629632232e-05	1.75629632232e-05	1.31722224174e-05	3.07351856405e-05	4.39074080579e-06	4.39074080579e-06
0.00753012048193	3.07351856405e-05	0.000162457409814	0	0.000136112964979	0.000904492605992	0.00481664266395	0.00332379078998	0.0075828093716	0.00041712037655	0.000412729635744	0.000109768520145	0.000557624082335	0.000149285187397	0.0141733113211	0.000100987038533	0.000329305560434	9.65962977274e-05	4.39074080579e-06	4.39074080579e-06	0.000324914819628	0.00122940742562	0.000412729635744	0.00116793705434	0.000733253714567	0	3.51259264463e-05	0.00016684815062	0.00233587410868	0.0418261969159	0.0125619094454	0	0.00122062594401	0.010037233482	0.0134093224209	0	4.39074080579e-06	1.31722224174e-05	0	1.31722224174e-05	0	0	2.63444448347e-05	0	0.00025027222593	1.31722224174e-05	0	8.78148161158e-06	0	0	0	8.78148161158e-06	0	0	0	1.75629632232e-05	1.31722224174e-05	5.26888896695e-05	1.75629632232e-05	0.00016684815062	0	4.39074080579e-06	1.31722224174e-05	3.95166672521e-05	0	0	0	0	0	4.39074080579e-06	0.00206803891953	0.000254662966736	0.00364870560961	0.00133917594577	0.000821068530682	0.000913274087604	3.51259264463e-05	7.02518528926e-05	4.39074080579e-06	8.78148161158e-06	4.39074080579e-06	4.39074080579e-06	0	0
0.00486055007201	0.000105377779339	0.000496153711054	0	0.000100987038533	1.31722224174e-05	0.000623485194422	0.00751694825951	0.00133917594577	0.000895711124381	0.000263444448347	1.31722224174e-05	0.000285398152376	3.07351856405e-05	0.00188801854649	2.19537040289e-05	0.000904492605992	0.00033369630124	0	3.07351856405e-05	0.000188801854649	0.00982208718255	0.00134356668657	0.00576943341881	0.00172995187748	1.31722224174e-05	5.70796304753e-05	0.000412729635744	0.00751694825951	0.0125619094454	0.0389370894657	0	8.78148161158e-06	0.00523815378131	0.00869805753627	0	1.31722224174e-05	8.78148161158e-06	0	1.75629632232e-05	0	4.39074080579e-06	7.90333345042e-05	8.78148161158e-06	0.000641048157645	3.07351856405e-05	4.39074080579e-06	8.78148161158e-06	0	4.39074080579e-06	0	3.95166672521e-05	0	4.39074080579e-06	0	2.63444448347e-05	4.39074080579e-05	0.000140503705785	3.51259264463e-05	0.000421511117356	0	4.39074080579e-06	1.75629632232e-05	0.000127331483368	0	1.31722224174e-05	0	0	0	2.63444448347e-05	0.00230513892304	0.0005312796375	0.00232270188626	0.000838631493906	0.000320524078823	0.000114159260951	3.07351856405e-05	9.22055569216e-05	1.75629632232e-05	2.19537040289e-05	8.78148161158e-06	1.31722224174e-05	0	0
0	0	0	0	0	0	0	0	0	0	0	0.00041712037655	0	0.000526888896695	0	0	0	0	2.19537040289e-05	1.31722224174e-05	0	0	0	0	0	3.51259264463e-05	0.000829850012294	6.58611120868e-05	0	0	0	0.000847412975517	0	0	8.78148161158e-06	0	0	0	0	0	0	0	0	0	0	0	0	0	4.39074080579e-06	0	0	0	0	0	0	0	0	0	0	0	0	4.39074080579e-06	0	0	0	0	0	0	0	0	0	4.39074080579e-06	0	0	0	0	0	0	4.39074080579e-06	0	0	0	0	0
8.78148161158e-06	0	0	0	0	0.00190119076891	0.00154993150444	0	0.00272665004039	0	4.39074080579e-06	4.39074080579e-06	4.39074080579e-06	8.78148161158e-06	0.00140942779866	1.31722224174e-05	0	4.39074080579e-06	0	0	0	0	0	8.78148161158e-06	0	0	0	0	0	0.00122062594401	8.78148161158e-06	0	0.00446538339949	1.31722224174e-05	0.000816677789877	0	0	0	0	0	0	0	0	0	0	0	0	0	0	0	0	0	0	0	0	0	0	0	0	0	0	0	0	0	0	0	0	0	0	0	2.63444448347e-05	1.31722224174e-05	9.22055569216e-05	3.51259264463e-05	4.82981488637e-05	0.000276616670765	0	4.39074080579e-06	0	0	0	0	0	0
0.00187923706488	1.75629632232e-05	0.000109768520145	0	8.342407531e-05	1.31722224174e-05	0.000491762970248	0.00139186483544	0.000763988900207	0.000228318521901	0.000144894446591	1.75629632232e-05	0.000149285187397	4.82981488637e-05	0.00140064631705	2.19537040289e-05	0.000206364817872	7.46425936984e-05	0	1.31722224174e-05	0.000122940742562	0.00086497593874	0.000324914819628	0.00078155186343	0.000408338894938	0	1.75629632232e-05	8.78148161158e-05	0.00124697038884	0.010037233482	0.00523815378131	0	1.31722224174e-05	0.0129351224139	0.00784186307914	0	4.39074080579e-06	8.78148161158e-06	0	4.39074080579e-06	0	0	8.78148161158e-06	4.39074080579e-06	0.000136112964979	8.78148161158e-06	0	0	0	0	0	0	0	0	0	4.39074080579e-06	8.78148161158e-06	3.51259264463e-05	8.78148161158e-06	8.78148161158e-05	4.39074080579e-06	4.39074080579e-06	4.39074080579e-06	1.75629632232e-05	0	0	0	0	0	8.78148161158e-06	0.00195827039938	0.00019758333626	0.00226562225579	0.000807896308265	0.000355650005269	0.000201974077066	1.31722224174e-05	4.39074080579e-05	8.78148161158e-06	4.39074080579e-06	0	4.39074080579e-06	0	0
0.00226562225579	0.001062559275	0.00358284449752	0	7.46425936984e-05	0.00129526853771	0.00376725561137	0.0018177666936	0.00367944079525	0.000526888896695	0.00019758333626	0.00401313709649	0.000285398152376	0.000983525940497	0.00435561487934	9.65962977274e-05	0.001062559275	0.00601531490393	0.000245881485124	0.00270908707717	0.000175629632232	0.00683199269381	0.00168165372862	0.0119120798061	0.000913274087604	0.000425901858162	0.00423267413678	0.00315255189856	0.0026520074467	0.0134093224209	0.00869805753627	8.78148161158e-06	0.000816677789877	0.00784186307914	0.0567151989884	0	0.000430292598967	8.78148161158e-05	0	8.78148161158e-06	0	0	4.82981488637e-05	8.78148161158e-06	0.000377603709298	1.75629632232e-05	6.58611120868e-05	4.39074080579e-06	3.51259264463e-05	4.39074080579e-06	0	4.82981488637e-05	3.95166672521e-05	8.78148161158e-06	3.07351856405e-05	8.78148161158e-06	5.70796304753e-05	0.00033369630124	8.78148161158e-05	0.000254662966736	6.58611120868e-05	8.78148161158e-05	0.000272225929959	9.65962977274e-05	4.39074080579e-06	4.82981488637e-05	0	0	0	6.58611120868e-05	0.0116398538761	0.0059143278654	0.0226650040395	0.00776722048544	0.00163774632056	0.00214268151322	0.000342477782852	0.000728862973761	0.000140503705785	8.342407531e-05	6.58611120868e-05	8.78148161158e-06	0	0
0	0	0	0	0	0	0	0	0	4.39074080579e-06	0	0	0	0	0	0	0	0	0	0	0	8.78148161158e-06	8.78148161158e-06	8.78148161158e-06	8.78148161158e-06	0	0	0	0	0	0	0	0	0	0	0.0123072464786	4.39074080579e-06	0	0	2.63444448347e-05	4.39074080579e-06	0.000974744458885	0.00346868523657	0.00192753521374	0.000100987038533	0.000987916681302	1.75629632232e-05	0.000395166672521	0	0.0055367241561	0.000122940742562	3.95166672521e-05	4.39074080579e-06	0	4.39074080579e-06	0.000188801854649	0.000140503705785	5.26888896695e-05	7.90333345042e-05	0.000456637043802	0	4.39074080579e-06	8.78148161158e-06	0.000461027784608	0.00416242228389	0.000724472232955	0	1.31722224174e-05	0.000307351856405	0.000526888896695	4.39074080579e-06	0	0	0	0	0	0	0.000456637043802	4.82981488637e-05	0.000373212968492	0.000118550001756	0.000939618532439	4.82981488637e-05	8.78148161158e-06
0	0.00246759633285	0.000799114826654	0	0	0	0	0	0	0	0	0.00016684815062	0	0.000149285187397	0	0	3.95166672521e-05	0.000456637043802	3.51259264463e-05	0.000412729635744	0	2.19537040289e-05	0.000153675928203	0.000346868523657	8.78148161158e-06	0.000974744458885	0.00200217780744	0.00189240928729	0	4.39074080579e-06	1.31722224174e-05	0	0	4.39074080579e-06	0.000430292598967	4.39074080579e-06	0.0191963188029	0.00225245003337	0	0	0	0	8.78148161158e-06	8.78148161158e-06	3.51259264463e-05	4.39074080579e-06	0.000351259264463	0	0.000171238891426	4.39074080579e-06	0	0.000188801854649	0.00180898521198	4.82981488637e-05	0.0008342407531	0	0.000237100003513	0.00178264076715	0.00111085742386	1.31722224174e-05	0.00192753521374	0.00249833151849	0.0116749798026	3.95166672521e-05	4.39074080579e-06	0.000105377779339	0	0	0	0.000987916681302	0.000153675928203	0.00061470371281	0.000289788893182	0.000105377779339	8.78148161158e-06	4.39074080579e-06	8.78148161158e-06	0.000456637043802	0.00153236854122	0.000965962977274	0.00025027222593	4.39074080579e-06	8.78148161158e-06	2.63444448347e-05
0	0.000627875935228	0.000201974077066	0	0	0	0	4.39074080579e-06	0	4.39074080579e-06	0	8.78148161158e-06	0	8.78148161158e-06	0	0	8.78148161158e-06	0.000105377779339	0	2.19537040289e-05	0	8.78148161158e-06	0.000100987038533	0.000109768520145	0	4.39074080579e-05	0.000307351856405	0.000408338894938	4.39074080579e-06	1.31722224174e-05	8.78148161158e-06	0	0	8.78148161158e-06	8.78148161158e-05	0	0.00225245003337	0.0256814429731	0	4.39074080579e-06	0	1.31722224174e-05	7.46425936984e-05	4.39074080579e-06	5.26888896695e-05	0	0.00019758333626	0	2.19537040289e-05	2.19537040289e-05	0	0.000658611120868	0.00601970564474	3.07351856405e-05	0.000979135199691	0	0.00170799817345	0.00100108890372	0.00855316308968	7.02518528926e-05	8.342407531e-05	0.00421072043275	0.0111217464611	0.000171238891426	3.07351856405e-05	0.000597140749587	0	4.39074080579e-06	0	0.00201535002986	7.90333345042e-05	0.000193192595455	8.78148161158e-05	5.26888896695e-05	4.39074080579e-06	4.39074080579e-06	8.78148161158e-06	0.00140503705785	0.00267835189153	0.00198022410341	0.000807896308265	9.65962977274e-05	3.51259264463e-05	8.78148161158e-06
0	0	0	0	0	0	0	0	0	0	0	0	0	0	0	0	0	0	0	0	0	0	0	0	0	0	0	0	0	0	0	0	0	0	0	0	0	0	0	0	0	0	0	0	0	0	0	0	0	0	0	0	0	0	0	0	0	0	0	0	0	0	0	0	0	0	0	0	0	0	0	0	0	0	0	0	0	0	0	0	0	0	0	0
4.39074080579e-06	0	0	0	0.00445660191788	0	8.78148161158e-06	7.46425936984e-05	4.39074080579e-06	7.02518528926e-05	1.75629632232e-05	0	5.70796304753e-05	0	0	0	8.78148161158e-06	0	0	0	8.342407531e-05	8.78148161158e-06	0	4.39074080579e-06	9.22055569216e-05	0	0	0	0.00108012223822	1.31722224174e-05	1.75629632232e-05	0	0	4.39074080579e-06	8.78148161158e-06	2.63444448347e-05	0	4.39074080579e-06	0	0.0187177280551	0	0.000381994450104	0.00104938705258	7.90333345042e-05	0.00118989075837	0.00446538339949	0	0.00207242966033	0	6.58611120868e-05	3.95166672521e-05	4.39074080579e-06	0	0	0	0.0109944149777	2.63444448347e-05	8.78148161158e-06	2.63444448347e-05	0.00416681302469	0	0	0	0.00384189820507	3.51259264463e-05	6.1470371281e-05	0	0	8.78148161158e-06	3.07351856405e-05	8.78148161158e-06	0	8.78148161158e-06	0	2.63444448347e-05	4.39074080579e-06	0	6.1470371281e-05	1.75629632232e-05	1.75629632232e-05	1.31722224174e-05	5.70796304753e-05	0	0
0	0	0	0	0	0	0	0	0	0	0	0	0	0	0	0	0	0	0	0	0	0	0	0	0	0	0	0	0	0	0	0	0	0	0	4.39074080579e-06	0	0	0	0	0.00238856299835	0.000720081492149	0	0.000610312972005	0	0	0	0	0	0.000105377779339	0.000408338894938	0	0	0	0	0	0	0	0	0	0	0	0	0	9.65962977274e-05	0	0	0.000702518528926	0	8.342407531e-05	0	0	0	0	0	0	0	0	0	1.31722224174e-05	4.39074080579e-06	0.00112402964628	0.00061470371281	0
0	0	0	0	2.63444448347e-05	0	0	8.78148161158e-06	0	1.31722224174e-05	0	0	3.51259264463e-05	4.39074080579e-06	0	0	0	0	0	0	0	4.39074080579e-06	1.31722224174e-05	8.78148161158e-06	1.31722224174e-05	0	0	0	2.63444448347e-05	0	4.39074080579e-06	0	0	0	0	0.000974744458885	0	1.31722224174e-05	0	0.000381994450104	0.000720081492149	0.0329920264147	0.00396044820682	0.0115476483192	0.000140503705785	0.0118857353613	4.39074080579e-05	0.0064499982437	0	0.00510204081633	0.00176068706312	3.07351856405e-05	2.63444448347e-05	0	8.78148161158e-06	0.0022744037374	7.02518528926e-05	2.63444448347e-05	0.000109768520145	0.000693737047315	4.39074080579e-06	4.39074080579e-06	1.75629632232e-05	0.00108890371984	0.00224805929256	0.00016684815062	0	0.00115476483192	2.19537040289e-05	0.00139186483544	8.78148161158e-06	0	4.39074080579e-06	4.39074080579e-06	4.39074080579e-06	0	0	0.000311742597211	0.000105377779339	0.000944009273245	0.000351259264463	0.0029549685623	0.00126453335207	4.39074080579e-06
0	0	4.39074080579e-06	0	8.342407531e-05	0	0	7.46425936984e-05	4.39074080579e-06	0.000158066669008	8.78148161158e-06	0	3.07351856405e-05	4.39074080579e-06	0	4.39074080579e-06	4.82981488637e-05	4.39074080579e-06	0	0	0	6.1470371281e-05	0.000118550001756	6.1470371281e-05	0.000136112964979	0	4.39074080579e-06	0	0.000171238891426	2.63444448347e-05	7.90333345042e-05	0	0	8.78148161158e-06	4.82981488637e-05	0.00346868523657	8.78148161158e-06	7.46425936984e-05	0	0.00104938705258	0	0.00396044820682	0.0485308581264	0.00340721486529	0.00156749446767	0.0121974779585	1.75629632232e-05	0.00210316484597	0	0.00592750008781	0.000259053707542	0.000386385190909	4.39074080579e-05	0	8.78148161158e-06	0.00254662966736	0.0014401629843	0.000342477782852	0.000799114826654	0.0075872001124	0	8.78148161158e-06	8.78148161158e-05	0.015508096526	0.00145772594752	0.00770135937335	0	4.39074080579e-06	7.46425936984e-05	0.00124697038884	3.07351856405e-05	4.39074080579e-06	2.63444448347e-05	1.31722224174e-05	1.31722224174e-05	0	0	0.00134356668657	0.000518107415083	0.000790333345042	0.000223927781095	0.00146211668833	4.82981488637e-05	1.75629632232e-05
