0.0231233064507	0	0	0	0	0	2.14203857811e-05	0.00130664353265	0.000535509644529	0	3.21305786717e-05	1.07101928906e-05	4.28407715623e-05	0	0.0112457025351	0	0	0	2.14203857811e-05	1.07101928906e-05	3.21305786717e-05	0.00577279396802	0	0.00535509644529	0.0031809272885	0	2.14203857811e-05	0	0.00560143088177	0.0206706722788	0.0215060673243	0	0	0.00225985069991	0.00584776531825	0	0	0	0	0	0	0	0	0	0	0	0	0	0	0	0	0	0	0	0	0	0	0	0.000728293116559	0	0	0	0.000235624243593	0	0	0	0	0	0	0	0	0	0.00525870470927	0.00134948430421	0.00055693003031	0.000160652893359	0	0	0	1.07101928906e-05	0	0	0	0
0	0.0253724469578	0	0	0	6.42611573434e-05	0	0	0	0.00131735372554	0	0	0	9.63917360152e-05	0	6.42611573434e-05	0.00093178678148	8.56815431246e-05	0	1.07101928906e-05	0	0	0.00470177467896	7.4971350234e-05	0.0026132870653	0.00255973610085	0.000514089258748	0.0230911758721	0	0	0	0	0	0	5.35509644529e-05	0	0.00721867000825	0	0	0	0	0	0	0	0	0	0	0	0	0	0	0	0	0	5.35509644529e-05	0	0	0	9.63917360152e-05	0	0	0.000717582923668	0.0151763433259	0	0	0	0	0	0	0	7.4971350234e-05	0	3.21305786717e-05	0	7.4971350234e-05	0	0	0	0	0	0	0	0	0
0	0	0.0299349891292	0	0	0	0	0	0	0	0	0	0	0	0	0	0	0.0173398022898	0	0.000342726172498	0	0	0.000224914050702	0.0141695851942	0	0	0.00912508434277	0.0116955306365	0	0	0	0	0	0	0.000171363086249	0	0	0	0	0	0	0	0	0	0	0	0	0	0	0	0	0.000128522314687	0	0	2.14203857811e-05	0	0	0	0.000342726172498	0	0	0	0.000621191187653	0	0	0	0	0	0	0	0	0	8.56815431246e-05	4.28407715623e-05	1.07101928906e-05	0	0	4.28407715623e-05	0	2.14203857811e-05	3.21305786717e-05	0	0	0
0	0	0	0	0	0	0	0	0	0	0	0	0	0	0	0	0	0	0	0	0	0	0	0	0	0	0	0	0	0	0	0	0	0	0	0	0	0	0	0	0	0	0	0	0	0	0	0	0	0	0	0	0	0	0	0	0	0	0	0	0	0	0	0	0	0	0	0	0	0	0	0	0	0	0	0	0	0	0	0	0	0	0	0
0	0	0	0	0.0218809240754	0	0.000149942700468	0	0.000139232507577	0.000578350416091	0.000342726172498	0.000310595593827	0.00447686062826	6.42611573434e-05	0.000171363086249	0.00107101928906	0	0	0.000267754822264	8.56815431246e-05	0.00620120168364	0	0	0	0.0160224485643	0	0.00037485675117	0	0.006361854577	0.000706872730778	0	1.07101928906e-05	2.14203857811e-05	0.000471248487185	0.000963917360152	0	0	0	0	0.00616907110497	0	0.000824684852574	0	0	0.00942496974371	0.0114920369716	0	0.00594415705427	0	0	0.000610480994763	0	0	0	0	0.0130343047478	0	0	0	0.0112885433067	0	0	0	0.00429478734912	0	0	0	0	0	0.000139232507577	0.000481958680076	2.14203857811e-05	0.000717582923668	7.4971350234e-05	0.00166007989804	3.21305786717e-05	2.14203857811e-05	0.000224914050702	6.42611573434e-05	0.000610480994763	0.000385566944061	0	0	0
0	6.42611573434e-05	0	0	0	0.00345939230366	0.000846105238355	3.21305786717e-05	9.63917360152e-05	0.000867525624136	2.14203857811e-05	0	3.21305786717e-05	0	0	0.000481958680076	0	0	0	0	0	6.42611573434e-05	6.42611573434e-05	4.28407715623e-05	0.00093178678148	0	0	7.4971350234e-05	9.63917360152e-05	3.21305786717e-05	1.07101928906e-05	0	0.000771133888121	4.28407715623e-05	0.000642611573434	0	0	0	0	0	0	0	0	0	1.07101928906e-05	0	0	0	0	0	0	0	0	0	0	0	0	0	0	0	0	0	0	0	0	0	0	0	0	0	0.00110314986773	0	0.00019278347203	9.63917360152e-05	0.00185286337007	0.000299885400936	0	0	0	0	0	0	0	0
2.14203857811e-05	0	0	0	0.000149942700468	0.000846105238355	0.0247833863488	0.00232411185725	0.00977840610909	0.000107101928906	0.00774346945988	0.000599770801872	0.00681168267841	0.000171363086249	0.00614765071919	0.000835395045465	0	0	0.000139232507577	0	0.00116741102507	0	0	0	0.0021634589639	0	0.00019278347203	0	0.003523653461	0.00229198127858	0.000342726172498	0	0.000921076588589	0.000342726172498	0.00191712452741	0	0	0	0	0	0	0	0	0	0	0	0	0	0	0	0	0	0	0	0	0	0	0	0	0	0	0	0	0	0	0	0	0	0	0	0.000631901380544	2.14203857811e-05	0.000589060608982	2.14203857811e-05	0.000781844081012	0.000149942700468	1.07101928906e-05	0	0	0	0	0	3.21305786717e-05	0
0.00130664353265	0	0	0	0	3.21305786717e-05	0.00232411185725	0.0366502800715	0.00576208377513	0	0.00172434105538	6.42611573434e-05	1.07101928906e-05	1.07101928906e-05	0.00330944960319	0.000128522314687	0	0	0.000107101928906	8.56815431246e-05	0	0.00277393995866	0	0.00232411185725	0.00151013719757	0	0.000139232507577	0	0.0224378541058	0.00697233557176	0.00815045678973	0	0	0.0062547526481	0.0010281785175	0	0	0	0	2.14203857811e-05	0	0	0	0	6.42611573434e-05	0	0	0	0	0	0	0	0	0	0	0	0	0	0	6.42611573434e-05	0	0	0	4.28407715623e-05	0	0	0	0	0	0	3.21305786717e-05	0	0.000856815431246	0.000578350416091	0.000214203857811	1.07101928906e-05	0	0	0	0	0	0	0	0
0.000535509644529	0	0	0	0.000139232507577	9.63917360152e-05	0.00977840610909	0.00576208377513	0.0301706133727	0	0.00758281656653	0	0.00336300056764	0	0.0135912347781	0.00019278347203	0	0	0	0	0.00184215317718	0.00191712452741	0	0.00179931240562	0.00401632233397	0	0	0	0.00499094988701	0.00391993059795	0.00464822371451	0	0.00037485675117	0.00036414655828	0.00106030909617	0	0	0	0	0	0	0	0	0	0	0	0	0	0	0	0	0	0	0	0	0	1.07101928906e-05	0	0.000128522314687	0	0	0	3.21305786717e-05	0	0	0	0	0	0	0	0.000781844081012	0	0.000846105238355	0.000321305786717	0.000428407715623	0.000139232507577	0	0	0	1.07101928906e-05	1.07101928906e-05	0	0	0
0	0.00131735372554	0	0	0.000578350416091	0.000867525624136	0.000107101928906	0	0	0.0100568711242	0	0	0.00112457025351	0	0	0.000856815431246	0.0014780066189	0	2.14203857811e-05	0	0.000824684852574	5.35509644529e-05	0.00461609313584	0	0.00703659672911	0.000160652893359	2.14203857811e-05	0.000963917360152	0.000503379065857	0	0	0	0	1.07101928906e-05	0.000128522314687	0	0	0	0	0.00019278347203	0	0	0	0	0.00330944960319	1.07101928906e-05	0	5.35509644529e-05	0	0	0	0	0	0	0	0.000149942700468	0	0.00175647163405	0	0.0027310991871	0	0	0	0.000117812121796	0	0	0	0	0	1.07101928906e-05	0.00151013719757	6.42611573434e-05	0	0	0.00190641433452	0	0	0.000846105238355	0	2.14203857811e-05	2.14203857811e-05	0	0	0
3.21305786717e-05	0	0	0	0.000342726172498	2.14203857811e-05	0.00774346945988	0.00172434105538	0.00758281656653	0	0.027107498206	0.00093178678148	0.00635114438411	0.000342726172498	0.00638327496278	5.35509644529e-05	0	0	0.000631901380544	0.000835395045465	0.00292388265913	0	0	0	0.00223843031413	0	0.00126380276109	0	0.00202422645632	0.00468035429318	1.07101928906e-05	4.28407715623e-05	0.000107101928906	0.00404845291264	0.0041983956131	0	0	0	0	0.000299885400936	0	0	0	0	0.00148871681179	0.00173505124827	0	0.000224914050702	0	0	0	0	0	0	0	0.00138161488288	0	0	0	0.00233482205015	0	0	0	0.00109243967484	0	0	0	0	0	0	0.000321305786717	0.000128522314687	0.00342726172498	0.000706872730778	0	0.00036414655828	5.35509644529e-05	0	0	0	0	0	1.07101928906e-05	0
1.07101928906e-05	0	0	0	0.000310595593827	0	0.000599770801872	6.42611573434e-05	0	0	0.00093178678148	0.0254152877293	0.004209105806	0.00608338956185	0.00378069809037	0	0	0.000289175208045	0.00599770801872	0.00849318296223	0.00141374546156	2.14203857811e-05	0	7.4971350234e-05	0.000621191187653	3.21305786717e-05	0.0139768017222	3.21305786717e-05	0.00073900330945	0.00779702042434	0.000449828101404	0.000781844081012	0.000235624243593	0.00140303526867	0.0151227923615	0	0	0	0	0	0	0	0	0	0	0	0	0	0	0	0	0	0	0	0	0	0	0	0	0.000385566944061	0	0	0	0	0	0	0	0	0	0.000149942700468	0	0.000246334436483	0.00792554273902	0	0	0	4.28407715623e-05	0.000214203857811	0	0.000171363086249	0	4.28407715623e-05	0	0
4.28407715623e-05	0	0	0	0.00447686062826	3.21305786717e-05	0.00681168267841	1.07101928906e-05	0.00336300056764	0.00112457025351	0.00635114438411	0.004209105806	0.029067463505	0.000621191187653	0.0108708457839	0.00195996529898	0	0	0.00199209587765	0.00172434105538	0.012434533946	0	0	0	0.00400561214107	0	0.00347010249655	0	0.000460538294295	0.011063629256	3.21305786717e-05	9.63917360152e-05	0.000149942700468	0.00114599063929	0.00775417965278	0	0	0	0	0.000353436365389	0	0.000128522314687	0	1.07101928906e-05	0.000985337745933	0.000631901380544	0	0.0013601944971	0	1.07101928906e-05	0	0	0	0	0	0.000846105238355	0	0	0	0.000985337745933	0	0	0	0.000460538294295	0	0	0	0	0	2.14203857811e-05	0.000717582923668	0.000406987329842	0.00499094988701	0.000674742152106	0.00185286337007	0.000128522314687	9.63917360152e-05	1.07101928906e-05	1.07101928906e-05	2.14203857811e-05	1.07101928906e-05	1.07101928906e-05	4.28407715623e-05	0
0	9.63917360152e-05	0	0	6.42611573434e-05	0	0.000171363086249	1.07101928906e-05	0	0	0.000342726172498	0.00608338956185	0.000621191187653	0.0263363643179	0.00206706722788	4.28407715623e-05	0	0	0.000171363086249	0	8.56815431246e-05	0	0	0	0.000149942700468	0.00223843031413	0.00581563473958	0.00707943750067	0.00018207327914	0.00362004519701	0.000117812121796	0.00186357356296	0.000664031959216	0.000503379065857	0.00549432895286	0	0	0	0	0	2.14203857811e-05	6.42611573434e-05	0	0	8.56815431246e-05	0	0.000203493664921	0	0.00629759341966	0.000107101928906	0	0	0	0	1.07101928906e-05	0	0	0	0	0.000257044629374	0.00141374546156	0.0036414655828	0.00205635703499	3.21305786717e-05	0	0	0.000835395045465	0	0	0.00111386006062	0.000321305786717	0.00242050359327	0.00442330966381	0.00164936970515	3.21305786717e-05	8.56815431246e-05	0.000824684852574	0.000353436365389	0.00728293116559	6.42611573434e-05	1.07101928906e-05	0.000139232507577	0.000953207167261	0.00133877411132
0.0112457025351	0	0	0	0.000171363086249	0	0.00614765071919	0.00330944960319	0.0135912347781	0	0.00638327496278	0.00378069809037	0.0108708457839	0.00206706722788	0.0477995908706	0.000107101928906	0	0	0.00145658623312	1.07101928906e-05	0.00518373335904	0.00255973610085	0	0.00231340166436	0.00547290856708	0	0.00162794931937	0	0.00827897910441	0.0316700403774	0.0153262860264	9.63917360152e-05	0.00190641433452	0.00402703252686	0.0138696997933	0	0	0	0	0	0	0	0	0	2.14203857811e-05	0	0	0	0	0	0	0	0	0	0	0	0	0	0.000406987329842	4.28407715623e-05	0	0	0.000117812121796	0	0	0	0	0	0	0.00019278347203	0.00225985069991	0.000289175208045	0.00838608103332	0.00169221047671	0.0005676402232	0.000278465015155	0.000224914050702	4.28407715623e-05	2.14203857811e-05	3.21305786717e-05	0	2.14203857811e-05	0.000471248487185	0
0	6.42611573434e-05	0	0	0.00107101928906	0.000481958680076	0.000835395045465	0.000128522314687	0.00019278347203	0.000856815431246	5.35509644529e-05	0	0.00195996529898	4.28407715623e-05	0.000107101928906	0.00479816641498	0	0	0	0	0.00130664353265	0	6.42611573434e-05	0	0.00174576144116	0	0	6.42611573434e-05	0.000439117908514	0.000396277136951	2.14203857811e-05	0	2.14203857811e-05	0.000117812121796	0.000417697522732	0	0	0	0	0.000117812121796	0	0	0	0	0.000267754822264	2.14203857811e-05	0	0.000214203857811	0	0	0	0	0	0	0	0.00019278347203	0	0	0	0.000267754822264	0	0	0	2.14203857811e-05	0	0	0	0	0	0	0.000514089258748	2.14203857811e-05	0.000224914050702	0.000171363086249	0.00280607053733	0	1.07101928906e-05	0	0	0	0	0	3.21305786717e-05	0
0	0.00093178678148	0	0	0	0	0	0	0	0.0014780066189	0	0	0	0	0	0	0.0218809240754	0	2.14203857811e-05	3.21305786717e-05	0	0.00145658623312	0.0160867097216	0.00643682592723	0.00898585183519	0	6.42611573434e-05	0.00381282866904	0.0038663796335	0	0	0	0	2.14203857811e-05	0.0020456468421	0	0	0	0	3.21305786717e-05	0	0	0	0	0.00169221047671	4.28407715623e-05	0	0	0	0	0	0.00504450085146	0	0	0	3.21305786717e-05	0	0.00979982649488	0.000781844081012	0.00293459285202	0	0	0	0.00333086998897	0	0	0	0	0	1.07101928906e-05	0.00385566944061	0.000653321766325	0.000353436365389	0.000267754822264	0.000117812121796	4.28407715623e-05	0	0.00155297796913	5.35509644529e-05	1.07101928906e-05	0	0	0	0
0	8.56815431246e-05	0.0173398022898	0	0	0	0	0	0	0	0	0.000289175208045	0	0	0	0	0	0.0387816084568	0	0.00762565733809	0	0.000674742152106	0	0.0115884287076	0	0	0.0146943846459	0.0166650601377	0	0	3.21305786717e-05	0	0	0	0.00264541764397	0	0	0	0	0	0	0	0	0	0	0	0	0	0	0	0	0	1.07101928906e-05	0	0.000203493664921	0	0	0	0.000107101928906	0	0	1.07101928906e-05	0.000589060608982	0	0	0	0	0	0	0	0	0	0.00018207327914	0	0	0	0	0.00019278347203	0	0	0	0	0	0
2.14203857811e-05	0	0	0	0.000267754822264	0	0.000139232507577	0.000107101928906	0	2.14203857811e-05	0.000631901380544	0.00599770801872	0.00199209587765	0.000171363086249	0.00145658623312	0	2.14203857811e-05	0	0.016643639752	0.00232411185725	0.000781844081012	4.28407715623e-05	2.14203857811e-05	5.35509644529e-05	0.000631901380544	0.00207777742077	0.0157118529705	0.000610480994763	0.000856815431246	0.00399490194818	0.000503379065857	0	0	0.00130664353265	0.00555859011021	0	1.07101928906e-05	0	0	0	0	0	0	0	2.14203857811e-05	5.35509644529e-05	0.00112457025351	0	2.14203857811e-05	0	0	0	0	0.00140303526867	0.00173505124827	5.35509644529e-05	0	2.14203857811e-05	0	0.000460538294295	0	0.00167079009093	0.00219558954257	3.21305786717e-05	0	0	0	0	0	0.000149942700468	0.00209919780655	0.00247405455772	0.00337371076053	0.000289175208045	2.14203857811e-05	0	0	0.000353436365389	0.00139232507577	0.000342726172498	0.000149942700468	6.42611573434e-05	0	0
1.07101928906e-05	1.07101928906e-05	0.000342726172498	0	8.56815431246e-05	0	0	8.56815431246e-05	0	0	0.000835395045465	0.00849318296223	0.00172434105538	0	1.07101928906e-05	0	3.21305786717e-05	0.00762565733809	0.00232411185725	0.0285212436676	0.000321305786717	0.000257044629374	1.07101928906e-05	0.000706872730778	0.000728293116559	8.56815431246e-05	0.0183679808073	0.00577279396802	0.000974627553042	0.00248476475061	0.0005676402232	0	0	0.0017029206696	0.0128522314687	0	0	0	0	0	0	0	1.07101928906e-05	1.07101928906e-05	0	0	0.000149942700468	0	0	1.07101928906e-05	0	0	1.07101928906e-05	0.000149942700468	0.00515160278037	0	1.07101928906e-05	0	5.35509644529e-05	4.28407715623e-05	0	0.000278465015155	0.000332015979608	3.21305786717e-05	0	1.07101928906e-05	0	0	0	5.35509644529e-05	0.000396277136951	0.000621191187653	0.00827897910441	0.000653321766325	4.28407715623e-05	0	0	0.000310595593827	0.00126380276109	0.000332015979608	0.000224914050702	0	0	0
3.21305786717e-05	0	0	0	0.00620120168364	0	0.00116741102507	0	0.00184215317718	0.000824684852574	0.00292388265913	0.00141374546156	0.012434533946	8.56815431246e-05	0.00518373335904	0.00130664353265	0	0	0.000781844081012	0.000321305786717	0.0155404898842	0	0	0	0.00502308046568	0	0.000985337745933	0	0.000599770801872	0.00414484464865	1.07101928906e-05	0	2.14203857811e-05	0.000139232507577	0.00184215317718	0	0	0	0	0.000460538294295	0	0.000107101928906	0	0	0.00127451295398	0.000589060608982	0	0.00112457025351	0	0	0	0	0	0	0	0.0010174683246	0	0	0	0.00127451295398	0	0	0	0.000535509644529	0	0	0	0	0	1.07101928906e-05	0.000621191187653	0	0.00055693003031	0	0.00178860221273	0	0	0	0	0	0	0	1.07101928906e-05	0
0.00577279396802	0	0	0	0	6.42611573434e-05	0	0.00277393995866	0.00191712452741	5.35509644529e-05	0	2.14203857811e-05	0	0	0.00255973610085	0	0.00145658623312	0.000674742152106	4.28407715623e-05	0.000257044629374	0	0.0594737011214	0.00137090468999	0.0354614486607	0.00162794931937	0	5.35509644529e-05	0	0.00866454604847	0.00689736422153	0.0209277169082	0	0	0.00138161488288	0.0175540061477	0	0	0	0	1.07101928906e-05	0	0	0	0	0.000117812121796	1.07101928906e-05	0	0	0	0	0	1.07101928906e-05	0	0	1.07101928906e-05	1.07101928906e-05	1.07101928906e-05	0.00137090468999	0.000996047938823	0.000310595593827	0	0	0.000321305786717	0.00140303526867	0	0	0	0	0	0	0.00242050359327	8.56815431246e-05	0.0191284045026	0.00962846340863	0.00459467275006	0.00376998789748	0	0.000342726172498	4.28407715623e-05	5.35509644529e-05	5.35509644529e-05	0	0	0
0	0.00470177467896	0.000224914050702	0	0	6.42611573434e-05	0	0	0	0.00461609313584	0	0	0	0	0	6.42611573434e-05	0.0160867097216	0	2.14203857811e-05	1.07101928906e-05	0	0.00137090468999	0.0490526834388	0.0162794931937	0.0105923807688	0.000224914050702	3.21305786717e-05	0.0242800072829	0.00200280607054	0	0	0	0	0	0.000289175208045	0	0.000385566944061	0	0	0	0	0	0	0	0.00231340166436	1.07101928906e-05	0	0	0	0	0	0.0205314397712	0	0	0	0	0	0.025940087181	0.00430549754201	0.00359862481123	0	0	0.0101532628603	0.00405916310553	0	0	0	0	0	1.07101928906e-05	0.000631901380544	5.35509644529e-05	9.63917360152e-05	8.56815431246e-05	0.000128522314687	0	0	0.00129593333976	1.07101928906e-05	6.42611573434e-05	4.28407715623e-05	0	0	0
0.00535509644529	7.4971350234e-05	0.0141695851942	0	0	4.28407715623e-05	0	0.00232411185725	0.00179931240562	0	0	7.4971350234e-05	0	0	0.00231340166436	0	0.00643682592723	0.0115884287076	5.35509644529e-05	0.000706872730778	0	0.0354614486607	0.0162794931937	0.109458171342	0.000406987329842	0	0.000621191187653	0.0267433516478	0.00114599063929	0.00476603583631	0.0121989097024	0	0	0	0.00786128158168	0	0	0	0	0	0	0	0	0	0	0	1.07101928906e-05	0	0	0	0	0.0247191251914	1.07101928906e-05	1.07101928906e-05	5.35509644529e-05	0	0.000246334436483	0.0237766282171	0.00957491244417	0.000117812121796	0	1.07101928906e-05	0.00269896860842	0.00224914050702	0	0	0	0	0	0	0.00387708982639	0.000107101928906	0.0228662618214	0.0199102485836	0.00643682592723	0.00342726172498	0	0.00018207327914	9.63917360152e-05	0.000139232507577	9.63917360152e-05	0	0	0
0.0031809272885	0.0026132870653	0	0	0.0160224485643	0.00093178678148	0.0021634589639	0.00151013719757	0.00401632233397	0.00703659672911	0.00223843031413	0.000621191187653	0.00400561214107	0.000149942700468	0.00547290856708	0.00174576144116	0.00898585183519	0	0.000631901380544	0.000728293116559	0.00502308046568	0.00162794931937	0.0105923807688	0.000406987329842	0.0822328610138	0	0.00106030909617	0.00313808651694	0.0361790315844	0.0163116237723	0.0102282342105	0	2.14203857811e-05	0.0148014865748	0.0186785764012	0.000235624243593	0.000406987329842	0	0	0.00895372125652	3.21305786717e-05	9.63917360152e-05	1.07101928906e-05	0	0.0246977048057	0.015069241397	1.07101928906e-05	0.00566569203911	0	0	0.000460538294295	7.4971350234e-05	0	1.07101928906e-05	2.14203857811e-05	0.0173933532543	0	0.00317021709561	3.21305786717e-05	0.0293780590988	4.28407715623e-05	0	0.000524799451638	0.0105816705759	0.000246334436483	0	0	0	2.14203857811e-05	6.42611573434e-05	0.0081825873684	0.000771133888121	0.00787199177457	0.00474461545052	0.00548361875997	0.000653321766325	2.14203857811e-05	0.00327731902452	0.000203493664921	0.000589060608982	0.000449828101404	8.56815431246e-05	0	0
0	0.00255973610085	0	0	0	0	0	0	0	0.000160652893359	0	3.21305786717e-05	0	0.00223843031413	0	0	0	0	0.00207777742077	8.56815431246e-05	0	0	0.000224914050702	0	0	0.0151870535188	0.00747571463762	0.0103674667181	0	0	0	0	0	0	7.4971350234e-05	0	0.00275251957288	0	0	0	5.35509644529e-05	0	0	0	0	0	0.000289175208045	0	0.00242050359327	0	0	0	0	0.000149942700468	0.00176718182694	0	0	0	0	0	0.00134948430421	0.00266683802975	0.00607267936896	0	0	0	0	0	0	6.42611573434e-05	0	0.000149942700468	8.56815431246e-05	0	0	0	3.21305786717e-05	0	0.000503379065857	1.07101928906e-05	0	0	0	0.000492668872966
2.14203857811e-05	0.000514089258748	0.00912508434277	0	0.00037485675117	0	0.00019278347203	0.000139232507577	0	2.14203857811e-05	0.00126380276109	0.0139768017222	0.00347010249655	0.00581563473958	0.00162794931937	0	6.42611573434e-05	0.0146943846459	0.0157118529705	0.0183679808073	0.000985337745933	5.35509644529e-05	3.21305786717e-05	0.000621191187653	0.00106030909617	0.00747571463762	0.0840857243839	0.0334800629759	0.00138161488288	0.00592273666849	0.000781844081012	0.0018207327914	0	0.00234553224304	0.0129593333976	0	0.00245263417194	0	0	0	0	0	1.07101928906e-05	1.07101928906e-05	2.14203857811e-05	6.42611573434e-05	0.00224914050702	0	0.00277393995866	1.07101928906e-05	0	0	0	0.00220629973546	0.0111493107991	6.42611573434e-05	0	2.14203857811e-05	1.07101928906e-05	0.0005676402232	0.000642611573434	0.00759352675942	0.00768991849543	6.42611573434e-05	0	0	0.000246334436483	0	0	0.000149942700468	0.00287033169467	0.00350223307522	0.00912508434277	0.000642611573434	3.21305786717e-05	0	0	0.000449828101404	0.00652250747036	0.000428407715623	0.000214203857811	8.56815431246e-05	0	0.000107101928906
0	0.0230911758721	0.0116955306365	0	0	7.4971350234e-05	0	0	0	0.000963917360152	0	3.21305786717e-05	0	0.00707943750067	0	6.42611573434e-05	0.00381282866904	0.0166650601377	0.000610480994763	0.00577279396802	0	0	0.0242800072829	0.0267433516478	0.00313808651694	0.0103674667181	0.0334800629759	0.137090468999	1.07101928906e-05	0	0	8.56815431246e-05	0	1.07101928906e-05	0.00252760552218	0	0.0128522314687	0	0	0	0	0	0	0	0	0	0.000353436365389	0	0.00382353886193	0	0	0.0205742805428	0	0.00019278347203	0.00254902590796	0	0	0.0180145444419	0.00438046889224	1.07101928906e-05	0.000846105238355	0.00807548543949	0.0478317214493	1.07101928906e-05	0	0	0.000664031959216	0	0	1.07101928906e-05	0.000610480994763	6.42611573434e-05	0.00244192397905	0.00258115648663	0.000203493664921	0	0	0.00073900330945	0.00414484464865	0.000524799451638	0.000310595593827	0	0	0.000171363086249
0.00560143088177	0	0	0	0.006361854577	9.63917360152e-05	0.003523653461	0.0224378541058	0.00499094988701	0.000503379065857	0.00202422645632	0.00073900330945	0.000460538294295	0.00018207327914	0.00827897910441	0.000439117908514	0.0038663796335	0	0.000856815431246	0.000974627553042	0.000599770801872	0.00866454604847	0.00200280607054	0.00114599063929	0.0361790315844	0	0.00138161488288	1.07101928906e-05	0.0830896764451	0.0268932943482	0.0223521725626	1.07101928906e-05	0	0.0230483351005	0.022116548319	0	0	0	0	0.00590131628271	0	1.07101928906e-05	2.14203857811e-05	0	0.0111493107991	0.00674742152106	1.07101928906e-05	0.00201351626343	0	0	0	0.000107101928906	0	1.07101928906e-05	1.07101928906e-05	0.00870738682004	0	0.00156368816202	1.07101928906e-05	0.0132270882199	0	0	2.14203857811e-05	0.00717582923668	0	0	0	0	0	1.07101928906e-05	0.00539793721685	0.000214203857811	0.0116848204436	0.00680097248551	0.00248476475061	0.0011352804464	0	0.00208848761366	0.000139232507577	2.14203857811e-05	0	0	0	0
0.0206706722788	0	0	0	0.000706872730778	3.21305786717e-05	0.00229198127858	0.00697233557176	0.00391993059795	0	0.00468035429318	0.00779702042434	0.011063629256	0.00362004519701	0.0316700403774	0.000396277136951	0	0	0.00399490194818	0.00248476475061	0.00414484464865	0.00689736422153	0	0.00476603583631	0.0163116237723	0	0.00592273666849	0	0.0268932943482	0.0822435712067	0.0403667170046	0.000160652893359	0.00320234767428	0.029260246977	0.0403452966188	2.14203857811e-05	0	0	0	1.07101928906e-05	0	0.000160652893359	1.07101928906e-05	0	0.000921076588589	0	0	1.07101928906e-05	0	0.000128522314687	0	0	0	0	0	0	0	0	0.000728293116559	0.00173505124827	0	0	0.000235624243593	0.000235624243593	2.14203857811e-05	0	0	0	0	0.00111386006062	0.00462680332873	0.000685452344997	0.0214632265527	0.00788270196746	0.00186357356296	0.00137090468999	0.000321305786717	0.00121025179663	1.07101928906e-05	0.000664031959216	8.56815431246e-05	0.000396277136951	0.000674742152106	0
0.0215060673243	0	0	0	0	1.07101928906e-05	0.000342726172498	0.00815045678973	0.00464822371451	0	1.07101928906e-05	0.000449828101404	3.21305786717e-05	0.000117812121796	0.0153262860264	2.14203857811e-05	0	3.21305786717e-05	0.000503379065857	0.0005676402232	1.07101928906e-05	0.0209277169082	0	0.0121989097024	0.0102282342105	0	0.000781844081012	0	0.0223521725626	0.0403667170046	0.0632436890188	0	0	0.0170934678534	0.0199745097409	2.14203857811e-05	0	0	0	0	0	0	0	0	0.000160652893359	0	0	0	0	0	0	0	0	0	0	0	1.07101928906e-05	0	0.000856815431246	0.000107101928906	0	0	0.000267754822264	1.07101928906e-05	2.14203857811e-05	0	0	0	0	6.42611573434e-05	0.00018207327914	0	0.0122096198953	0.00338442095342	0.00114599063929	0.000503379065857	0	0.000160652893359	0	7.4971350234e-05	6.42611573434e-05	1.07101928906e-05	3.21305786717e-05	0
0	0	0	0	1.07101928906e-05	0	0	0	0	0	4.28407715623e-05	0.000781844081012	9.63917360152e-05	0.00186357356296	9.63917360152e-05	0	0	0	0	0	0	0	0	0	0	0	0.0018207327914	8.56815431246e-05	1.07101928906e-05	0.000160652893359	0	0.00304169478092	0	5.35509644529e-05	0.000289175208045	0	0	0	0	0	0	0	0	0	0	0	0	0	0.00018207327914	0	0	0	0	0	0	0	0	0	0	5.35509644529e-05	0	0.000139232507577	0	0	0	0	0.000139232507577	0	0	0	0	4.28407715623e-05	0.000610480994763	1.07101928906e-05	0	0	0	3.21305786717e-05	0.000385566944061	2.14203857811e-05	0	2.14203857811e-05	0	3.21305786717e-05
0	0	0	0	2.14203857811e-05	0.000771133888121	0.000921076588589	0	0.00037485675117	0	0.000107101928906	0.000235624243593	0.000149942700468	0.000664031959216	0.00190641433452	2.14203857811e-05	0	0	0	0	2.14203857811e-05	0	0	0	2.14203857811e-05	0	0	0	0	0.00320234767428	0	0	0.00583705512536	8.56815431246e-05	0.00423052619178	0	0	0	0	0	0	0	0	0	0	0	0	0	0	0	0	0	0	0	0	0	0	0	0	0	0	0	0	0	0	0	0	0	0	0	0.00162794931937	0	0.000685452344997	5.35509644529e-05	0.000107101928906	0.000781844081012	3.21305786717e-05	0	0	0	0	0	6.42611573434e-05	0
0.00225985069991	0	0	0	0.000471248487185	4.28407715623e-05	0.000342726172498	0.0062547526481	0.00036414655828	1.07101928906e-05	0.00404845291264	0.00140303526867	0.00114599063929	0.000503379065857	0.00402703252686	0.000117812121796	2.14203857811e-05	0	0.00130664353265	0.0017029206696	0.000139232507577	0.00138161488288	0	0	0.0148014865748	0	0.00234553224304	1.07101928906e-05	0.0230483351005	0.029260246977	0.0170934678534	5.35509644529e-05	8.56815431246e-05	0.0347117351584	0.0224592744915	2.14203857811e-05	0	0	0	0	0	0	2.14203857811e-05	0	0.000899656202808	1.07101928906e-05	0	0	0	1.07101928906e-05	0	0	0	0	0	0	0	0	0	0.000642611573434	0	0	0	0.000321305786717	2.14203857811e-05	0	0	0	0	4.28407715623e-05	0.00168150028382	0.000128522314687	0.0116634000578	0.0062547526481	0.00137090468999	0.00118883141085	6.42611573434e-05	0.000664031959216	5.35509644529e-05	9.63917360152e-05	9.63917360152e-05	2.14203857811e-05	0	0
0.00584776531825	5.35509644529e-05	0.000171363086249	0	0.000963917360152	0.000642611573434	0.00191712452741	0.0010281785175	0.00106030909617	0.000128522314687	0.0041983956131	0.0151227923615	0.00775417965278	0.00549432895286	0.0138696997933	0.000417697522732	0.0020456468421	0.00264541764397	0.00555859011021	0.0128522314687	0.00184215317718	0.0175540061477	0.000289175208045	0.00786128158168	0.0186785764012	7.4971350234e-05	0.0129593333976	0.00252760552218	0.022116548319	0.0403452966188	0.0199745097409	0.000289175208045	0.00423052619178	0.0224592744915	0.0896657348799	2.14203857811e-05	0	0	0	2.14203857811e-05	0	0.000139232507577	4.28407715623e-05	2.14203857811e-05	0.00156368816202	3.21305786717e-05	0.000449828101404	1.07101928906e-05	0	0.000149942700468	0	2.14203857811e-05	1.07101928906e-05	0.000449828101404	0.00112457025351	2.14203857811e-05	1.07101928906e-05	7.4971350234e-05	7.4971350234e-05	0.00291317246624	0	4.28407715623e-05	0.00074971350234	0.000449828101404	2.14203857811e-05	1.07101928906e-05	0	0	0	0.00132806391843	0.00948923090105	0.00200280607054	0.047178399683	0.014383789052	0.00320234767428	0.00475532564341	0.0005676402232	0.00469106448607	0.000439117908514	0.00132806391843	0.000439117908514	0.000428407715623	0.000771133888121	0
0	0	0	0	0	0	0	0	0	0	0	0	0	0	0	0	0	0	0	0	0	0	0	0	0.000235624243593	0	0	0	0	2.14203857811e-05	2.14203857811e-05	0	0	2.14203857811e-05	2.14203857811e-05	0.0161081301074	0	0	0	7.4971350234e-05	0	0.000535509644529	0.00864312566269	0.00236695262882	0.000246334436483	0.00325589863873	5.35509644529e-05	0	0	0.00506592123724	0	0	1.07101928906e-05	5.35509644529e-05	5.35509644529e-05	9.63917360152e-05	1.07101928906e-05	0	0	0.00304169478092	0	0	1.07101928906e-05	0.00503379065857	0.0062440424552	0.000653321766325	0	0	0.000299885400936	0.000117812121796	0	0	2.14203857811e-05	2.14203857811e-05	1.07101928906e-05	1.07101928906e-05	0	0.000117812121796	6.42611573434e-05	0.000717582923668	0.000257044629374	0	0	0
0	0.00721867000825	0	0	0	0	0	0	0	0	0	0	0	0	0	0	0	0	1.07101928906e-05	0	0	0	0.000385566944061	0	0.000406987329842	0.00275251957288	0.00245263417194	0.0128522314687	0	0	0	0	0	0	0	0	0.0280499951804	0	0	7.4971350234e-05	0	0	0	0	0.00418768542021	0	2.14203857811e-05	0	0.00126380276109	0	0	0.00345939230366	0	0	0.00073900330945	0	0	0.009200055693	0	0.00722938020114	0.00236695262882	0.00255973610085	0.0217845323394	0	0	0	0	0	0	0	0	0	0	0	0	0	0	0	0	0	0	0	0	1.07101928906e-05
0	0	0	0	0	0	0	0	0	0	0	0	0	0	0	0	0	0	0	0	0	0	0	0	0	0	0	0	0	0	0	0	0	0	0	0	0	0.0148871681179	0	0	0	0	0	0	0	0	0	0	0	0	0	0	0.00459467275006	0	2.14203857811e-05	0	0	0	0.00734719232293	0	0	0.00303098458803	0.00747571463762	0	0	0	0	0	0	3.21305786717e-05	0	0	0	0	0	0	0	0	0	9.63917360152e-05	0	0	0	0
0	0	0	0	0	0	0	0	0	0	0	0	0	0	0	0	0	0	0	0	0	0	0	0	0	0	0	0	0	0	0	0	0	0	0	0	0	0	0	0	0	0	0	0	0	0	0	0	0	0	0	0	0	0	0	0	0	0	0	0	0	0	0	0	0	0	0	0	0	0	0	0	0	0	0	0	0	0	0	0	0	0	0	0
0	0	0	0	0.00616907110497	0	0	2.14203857811e-05	0	0.00019278347203	0.000299885400936	0	0.000353436365389	0	0	0.000117812121796	3.21305786717e-05	0	0	0	0.000460538294295	1.07101928906e-05	0	0	0.00895372125652	0	0	0	0.00590131628271	1.07101928906e-05	0	0	0	0	2.14203857811e-05	7.4971350234e-05	7.4971350234e-05	0	0	0.023487453009	1.07101928906e-05	0.00247405455772	6.42611573434e-05	0.00037485675117	0.013505553235	0.00955349205839	0.000149942700468	0.00789341216035	4.28407715623e-05	0.00019278347203	0.00359862481123	0	0	5.35509644529e-05	1.07101928906e-05	0.0150478210113	0	0.000214203857811	0	0.0158403752852	1.07101928906e-05	0.00018207327914	5.35509644529e-05	0.00580492454669	0	0	6.42611573434e-05	0	0	0.000524799451638	0.000546219837419	0	1.07101928906e-05	1.07101928906e-05	0.000760423695231	0	0	0.000610480994763	0.000257044629374	0.000781844081012	0.00019278347203	0.000321305786717	0.00018207327914	0
0	0	0	0	0	0	0	0	0	0	0	0	0	2.14203857811e-05	0	0	0	0	0	0	0	0	0	0	3.21305786717e-05	5.35509644529e-05	0	0	0	0	0	0	0	0	0	0	0	0	0	1.07101928906e-05	0.00207777742077	0.000214203857811	0	0.000224914050702	3.21305786717e-05	0	0.00018207327914	3.21305786717e-05	9.63917360152e-05	0	0.000867525624136	0	0	0	0	0	0	0	0	3.21305786717e-05	7.4971350234e-05	0	0	0	0	0	0	6.42611573434e-05	0	1.07101928906e-05	0	0	0	0	0	0	0	0	3.21305786717e-05	1.07101928906e-05	0	0.000781844081012	0.000610480994763	8.56815431246e-05
0	0	0	0	0.000824684852574	0	0	0	0	0	0	0	0.000128522314687	6.42611573434e-05	0	0	0	0	0	0	0.000107101928906	0	0	0	9.63917360152e-05	0	0	0	1.07101928906e-05	0.000160652893359	0	0	0	0	0.000139232507577	0.000535509644529	0	0	0	0.00247405455772	0.000214203857811	0.0337156872195	0.00703659672911	0.0184215317718	0.00151013719757	0.0160867097216	5.35509644529e-05	0.00541935760263	0.00152084739046	0.00698304576465	0.00298814381647	0	0	1.07101928906e-05	2.14203857811e-05	0.0040912936842	8.56815431246e-05	0	0.000589060608982	0.00152084739046	0	0.00154226777624	0.000203493664921	0.00485171737943	0.000396277136951	0.000257044629374	0.000460538294295	2.14203857811e-05	0	0.00207777742077	0.00019278347203	0	6.42611573434e-05	5.35509644529e-05	0.000107101928906	0	0	0.00279536034444	0.000835395045465	0.00436975869935	0.00111386006062	0.00487313776521	0.000396277136951	0
0	0	0	0	0	0	0	0	0	0	0	0	0	0	0	0	0	0	0	1.07101928906e-05	0	0	0	0	1.07101928906e-05	0	1.07101928906e-05	0	2.14203857811e-05	1.07101928906e-05	0	0	0	2.14203857811e-05	4.28407715623e-05	0.00864312566269	0	0	0	6.42611573434e-05	0	0.00703659672911	0.0814081761613	0.0180573852135	0	0.0119311548801	6.42611573434e-05	0	0	0.026325654125	0	0.000107101928906	0.000653321766325	4.28407715623e-05	0.000246334436483	0	0.0047767460292	0	0.00519444355193	0.0125844766464	0	2.14203857811e-05	0.000803264466793	0.0398419175529	0.00262399725819	0.0141695851942	0	0	0	0.00302027439514	3.21305786717e-05	1.07101928906e-05	7.4971350234e-05	0.000107101928906	0	0	0	0.00178860221273	0.000888946009918	0.00747571463762	0.00132806391843	2.14203857811e-05	0	0
0	0	0	0	0	0	0	0	0	0	0	0	1.07101928906e-05	0	0	0	0	0	0	1.07101928906e-05	0	0	0	0	0	0	1.07101928906e-05	0	0	0	0	0	0	0	2.14203857811e-05	0.00236695262882	0	0	0	0.00037485675117	0.000224914050702	0.0184215317718	0.0180573852135	0.0388137390354	0.00117812121796	0.0139553813364	4.28407715623e-05	0.000278465015155	0.000310595593827	0.0188499394874	0.000717582923668	2.14203857811e-05	0.000246334436483	0	2.14203857811e-05	0.000717582923668	0.00018207327914	0	0.0012530925682	0.00272038899421	0	0.000267754822264	0.000664031959216	0.00568711242489	0.000428407715623	0.000696162537887	4.28407715623e-05	0.000878235817027	0	0.00126380276109	3.21305786717e-05	1.07101928906e-05	4.28407715623e-05	7.4971350234e-05	0	0	0	0.00388780001928	0.000535509644529	0.00441259947092	0.00107101928906	0.00444473004959	0.00141374546156	1.07101928906e-05
0	0	0	0	0.00942496974371	1.07101928906e-05	0	6.42611573434e-05	0	0.00330944960319	0.00148871681179	0	0.000985337745933	8.56815431246e-05	2.14203857811e-05	0.000267754822264	0.00169221047671	0	2.14203857811e-05	0	0.00127451295398	0.000117812121796	0.00231340166436	0	0.0246977048057	0	2.14203857811e-05	0	0.0111493107991	0.000921076588589	0.000160652893359	0	0	0.000899656202808	0.00156368816202	0.000246334436483	0.00418768542021	0	0	0.013505553235	3.21305786717e-05	0.00151013719757	0	0.00117812121796	0.0482065782005	0.0130878557123	6.42611573434e-05	0.00827897910441	2.14203857811e-05	9.63917360152e-05	0.004209105806	0.000685452344997	0	6.42611573434e-05	0.000278465015155	0.0160974199145	0	0.0116955306365	3.21305786717e-05	0.0419089847808	0.000514089258748	6.42611573434e-05	0.00408058349131	0.0117597917939	0.000257044629374	0	0	0	2.14203857811e-05	8.56815431246e-05	0.00264541764397	0.000139232507577	0.000856815431246	0.000471248487185	0.00205635703499	0.00018207327914	0	0.00402703252686	0.000406987329842	0.00074971350234	0.000664031959216	0.00236695262882	4.28407715623e-05	0
0	0	0	0	0.0114920369716	0	0	0	0	1.07101928906e-05	0.00173505124827	0	0.000631901380544	0	0	2.14203857811e-05	4.28407715623e-05	0	5.35509644529e-05	0	0.000589060608982	1.07101928906e-05	1.07101928906e-05	0	0.015069241397	0	6.42611573434e-05	0	0.00674742152106	0	0	0	0	1.07101928906e-05	3.21305786717e-05	0.00325589863873	0	0	0	0.00955349205839	0	0.0160867097216	0.0119311548801	0.0139553813364	0.0130878557123	0.0811618417248	0.00188499394874	0.0118776039156	0.00334158018186	0.0079576733177	0.00168150028382	2.14203857811e-05	0	0.000664031959216	5.35509644529e-05	0.0291959858197	0	1.07101928906e-05	5.35509644529e-05	0.017221990168	0	0.00456254217138	0	0.0192997675888	0.00240979340038	0	0.00335229037475	0	0	0.00845034219066	0.000674742152106	6.42611573434e-05	1.07101928906e-05	1.07101928906e-05	0.000631901380544	0	0	0.00457325236428	0.00317021709561	0.0102924953678	0.00206706722788	0.00302027439514	0.00114599063929	0
0	0	0	0	0	0	0	0	0	0	0	0	0	0.000203493664921	0	0	0	0	0.00112457025351	0.000149942700468	0	0	0	1.07101928906e-05	1.07101928906e-05	0.000289175208045	0.00224914050702	0.000353436365389	1.07101928906e-05	0	0	0	0	0	0.000449828101404	5.35509644529e-05	2.14203857811e-05	0	0	0.000149942700468	0.00018207327914	5.35509644529e-05	6.42611573434e-05	4.28407715623e-05	6.42611573434e-05	0.00188499394874	0.0307489637888	0	0.00870738682004	0.000674742152106	0	4.28407715623e-05	0	0.0130771455194	0.00953207167261	0.000835395045465	0	0	0.000310595593827	2.14203857811e-05	0.00140303526867	0.00532296586662	0.00074971350234	0.000503379065857	0.00199209587765	0	0.00244192397905	0.000214203857811	0	0.00841821161199	0.000214203857811	5.35509644529e-05	0.000171363086249	0.000492668872966	2.14203857811e-05	0	0	0.00229198127858	0.00395206117662	0.00910366395699	0.000664031959216	2.14203857811e-05	0	0.000706872730778
0	0	0	0	0.00594415705427	0	0	0	0	5.35509644529e-05	0.000224914050702	0	0.0013601944971	0	0	0.000214203857811	0	0	0	0	0.00112457025351	0	0	0	0.00566569203911	0	0	0	0.00201351626343	1.07101928906e-05	0	0	0	0	1.07101928906e-05	0	0	0	0	0.00789341216035	3.21305786717e-05	0.00541935760263	0	0.000278465015155	0.00827897910441	0.0118776039156	0	0.0272146001349	0.00126380276109	0.000428407715623	0.00540864740974	0	0	0	0	0.015272735062	0	8.56815431246e-05	0	0.00968201437308	0	0.00126380276109	0	0.0005676402232	0	0	0.000664031959216	0	0	0.00228127108569	0.000888946009918	0	0	0	0.000899656202808	0	0	0.000257044629374	0.00131735372554	0.00378069809037	0.00119954160374	0.000642611573434	2.14203857811e-05	0
0	0	0	0	0	0	0	0	0	0	0	0	0	0.00629759341966	0	0	0	0	2.14203857811e-05	0	0	0	0	0	0	0.00242050359327	0.00277393995866	0.00382353886193	0	0	0	0.00018207327914	0	0	0	0	0.00126380276109	0	0	4.28407715623e-05	9.63917360152e-05	0.00152084739046	0	0.000310595593827	2.14203857811e-05	0.00334158018186	0.00870738682004	0.00126380276109	0.0240979340038	0.00116741102507	6.42611573434e-05	2.14203857811e-05	0	5.35509644529e-05	0	0.00218487934968	0	6.42611573434e-05	0	4.28407715623e-05	0.00402703252686	0.00755068598785	0.00245263417194	0.000160652893359	0.00203493664921	0	0.00506592123724	0.000149942700468	0	0.00680097248551	0	9.63917360152e-05	0	0	0	0	1.07101928906e-05	0.000203493664921	0.00661889920637	0.00526941490216	0.000149942700468	0.000278465015155	1.07101928906e-05	0.00153155758335
0	0	0	0	0	0	0	0	0	0	0	0	1.07101928906e-05	0.000107101928906	0	0	0	0	0	1.07101928906e-05	0	0	0	0	0	0	1.07101928906e-05	0	0	0.000128522314687	0	0	0	1.07101928906e-05	0.000149942700468	0.00506592123724	0	0	0	0.00019278347203	0	0.00698304576465	0.026325654125	0.0188499394874	9.63917360152e-05	0.0079576733177	0.000674742152106	0.000428407715623	0.00116741102507	0.0410307489638	5.35509644529e-05	0	0.000481958680076	0.000107101928906	0.000214203857811	0.000406987329842	0.000203493664921	0	0.00153155758335	0.00360933500412	0	0.000310595593827	0.000803264466793	0.00728293116559	0.00325589863873	0.00171363086249	1.07101928906e-05	2.14203857811e-05	4.28407715623e-05	0.00382353886193	1.07101928906e-05	1.07101928906e-05	0.000160652893359	0.00018207327914	0	0	0	0.00131735372554	0.00106030909617	0.00716511904379	0.000953207167261	0.000246334436483	5.35509644529e-05	2.14203857811e-05
0	0	0	0	0.000610480994763	0	0	0	0	0	0	0	0	0	0	0	0	0	0	0	0	0	0	0	0.000460538294295	0	0	0	0	0	0	0	0	0	0	0	0	0	0	0.00359862481123	0.000867525624136	0.00298814381647	0	0.000717582923668	0.004209105806	0.00168150028382	0	0.00540864740974	6.42611573434e-05	5.35509644529e-05	0.0106459317332	0	0	0	0	0.00152084739046	0	1.07101928906e-05	0	0.00300956420225	0	6.42611573434e-05	0	0.000160652893359	1.07101928906e-05	0	1.07101928906e-05	0	0	0.000149942700468	0	0	0	0	0	0	0	0.000953207167261	0	0.000589060608982	0.000342726172498	0.00330944960319	1.07101928906e-05	0
0	0	0.000128522314687	0	0	0	0	0	0	0	0	0	0	0	0	0	0.00504450085146	0	0	0	0	1.07101928906e-05	0.0205314397712	0.0247191251914	7.4971350234e-05	0	0	0.0205742805428	0.000107101928906	0	0	0	0	0	2.14203857811e-05	0	0.00345939230366	0	0	0	0	0	0.000107101928906	2.14203857811e-05	0.000685452344997	2.14203857811e-05	4.28407715623e-05	0	2.14203857811e-05	0	0	0.047371183155	0	4.28407715623e-05	0.000342726172498	0	0.000492668872966	0.0353007957673	0.00907153337832	0.00673671132817	0.000631901380544	0	0.00786128158168	0.00176718182694	0	0	0	0	0	0.000107101928906	6.42611573434e-05	1.07101928906e-05	0.000428407715623	0.000578350416091	3.21305786717e-05	0	0	0.00201351626343	0.00236695262882	0.000310595593827	0.000289175208045	2.14203857811e-05	2.14203857811e-05	0
0	0	0	0	0	0	0	0	0	0	0	0	0	0	0	0	0	1.07101928906e-05	0	1.07101928906e-05	0	0	0	1.07101928906e-05	0	0	0	0	0	0	0	0	0	0	1.07101928906e-05	1.07101928906e-05	0	0.00459467275006	0	0	0	0	0.000653321766325	0.000246334436483	0	0	0	0	0	0.000481958680076	0	0	0.0151227923615	0	0.00327731902452	0	0.000385566944061	0	0.003523653461	0	0	0.00149942700468	0.00614765071919	0	0	0.000171363086249	0	0	0	0.00191712452741	0	0	0	0	0	0	0	0	0	0.00177789201984	0	0	0	0
0	0	0	0	0	0	0	0	0	0	0	0	0	0	0	0	0	0	0.00140303526867	0.000149942700468	0	0	0	1.07101928906e-05	1.07101928906e-05	0.000149942700468	0.00220629973546	0.00019278347203	1.07101928906e-05	0	0	0	0	0	0.000449828101404	5.35509644529e-05	0	0	0	5.35509644529e-05	0	1.07101928906e-05	4.28407715623e-05	0	6.42611573434e-05	0.000664031959216	0.0130771455194	0	5.35509644529e-05	0.000107101928906	0	4.28407715623e-05	0	0.0168578436098	0.00983195707355	0.000235624243593	0	0	0.000321305786717	1.07101928906e-05	0	0.00441259947092	0.00168150028382	0.000342726172498	0.000246334436483	0	0.000599770801872	0	0	0.00317021709561	0.000214203857811	2.14203857811e-05	0.000171363086249	0.000503379065857	2.14203857811e-05	0	0	0.0022705608928	0.00342726172498	0.0060191284045	0.000706872730778	2.14203857811e-05	0	0
