0.0397515372486	0.000129320773922	0.00259475875418	0	0.00110548403514	0.000125149136054	0.00197735634965	0.0216257707101	0.014588217626	0.00179797592131	0.00729202299407	0.000842670849429	0.000971991623351	7.09178437638e-05	0.0184177811893	7.92611195007e-05	0.000496424906347	0.000971991623351	0.000154350601133	0.000392133959635	0.0020107294526	0.00153933437346	0.000909417055324	0.00300775090316	0.002949347973	2.08581893423e-05	0.0012306331712	0.00070500679977	0.0117181307725	0.0168867900915	0.00860191728476	8.34327573692e-06	0.000233611720634	0.00300775090316	0.00779679117615	3.33731029477e-05	0.000129320773922	0.000104290946711	0	0.000584029301584	0	0.000166865514738	0.000412992148978	0.000133492411791	0.00148927471904	0.000329559391608	2.92014650792e-05	0.000137664049659	2.08581893423e-05	0.000187723704081	3.33731029477e-05	0.000141835687528	4.17163786846e-05	4.17163786846e-06	1.66865514738e-05	0.000296186288661	4.58880165531e-05	0.000638260593874	0.000104290946711	0.00202741600407	2.50298272108e-05	0.000112634222448	0.000154350601133	0.00101370800204	0.000208581893423	0.000233611720634	0	0	2.50298272108e-05	0.000237783358502	0.00231943065486	0.000517283095689	0.00619488223466	0.00168951333673	0.000496424906347	6.25745680269e-05	2.92014650792e-05	0.000183552066212	2.50298272108e-05	0.000229440082765	6.25745680269e-05	0.000146007325396	3.33731029477e-05	0
0.000129320773922	0.0166364918194	0.00257807220271	0	8.34327573692e-06	0	8.34327573692e-06	0.000154350601133	5.84029301584e-05	0.00166031187165	3.33731029477e-05	0.00037961904603	4.17163786846e-06	0.000229440082765	5.423129229e-05	1.25149136054e-05	0.000362932494556	0.00141001359954	0.000158522239001	0.000492253268478	4.17163786846e-06	0.000283671375055	0.00332896701903	0.000796782832876	0.00122646153333	0.000992849812693	0.00470977915349	0.00709178437638	0.000412992148978	0.000150178963265	0.000258641547845	2.50298272108e-05	0	7.50894816323e-05	0.000671633696822	1.25149136054e-05	0.00709178437638	0.00157687911428	0	1.25149136054e-05	4.17163786846e-06	1.25149136054e-05	1.25149136054e-05	1.66865514738e-05	8.34327573692e-05	1.25149136054e-05	5.00596544215e-05	1.25149136054e-05	7.92611195007e-05	3.75447408161e-05	1.25149136054e-05	6.25745680269e-05	0.000475566717004	3.75447408161e-05	0.000425507062583	4.17163786846e-06	3.75447408161e-05	0.000246126634239	0.000241954996371	0.000100119308843	0.000179380428344	0.00261978858139	0.00483075665168	2.92014650792e-05	1.25149136054e-05	5.00596544215e-05	0	4.17163786846e-06	0	0.000300357926529	0.000767581367797	0.000558999474374	0.000663290421085	0.000150178963265	4.58880165531e-05	0	8.34327573692e-06	0.000262813185713	0.000304529564398	0.000233611720634	6.67462058954e-05	2.08581893423e-05	2.08581893423e-05	0
0.00259475875418	0.00257807220271	0.04319313849	0	1.66865514738e-05	4.17163786846e-06	0.000158522239001	0.00430930191812	0.00120977498185	0.000266984823581	0.000129320773922	0.000350417580951	8.34327573692e-06	5.423129229e-05	0.00118891679251	0	0.000700835161901	0.00328725064035	0.000191895341949	0.000454708527662	2.92014650792e-05	0.00436353321041	0.00191061014375	0.0173873866357	0.000517283095689	5.84029301584e-05	0.00878546935098	0.0123146749877	0.00518117423263	0.00103456619138	0.00465971949907	1.25149136054e-05	2.50298272108e-05	0.000237783358502	0.00238200522289	8.34327573692e-06	0.00557330819226	0.00317878805577	0	2.50298272108e-05	0	1.66865514738e-05	0.00010846258458	2.92014650792e-05	0.000104290946711	8.34327573692e-06	2.50298272108e-05	8.34327573692e-06	1.66865514738e-05	5.423129229e-05	0	0.000196066979818	0.000834327573692	4.17163786846e-06	0.000367104132424	8.34327573692e-06	0.000133492411791	0.00213170695078	0.00132658084217	0.000179380428344	3.75447408161e-05	0.00189392359228	0.00543981578047	0.000179380428344	7.09178437638e-05	0.000129320773922	0	4.17163786846e-06	8.34327573692e-06	0.000421335424714	0.00317878805577	0.00190643850589	0.0030953552984	0.00117223024104	0.000100119308843	8.34327573692e-06	2.08581893423e-05	0.000533969647163	0.000513111457821	0.000387962321767	0.00016269387687	2.92014650792e-05	3.75447408161e-05	1.25149136054e-05
0	0	0	0	0	0	0	0	0	0	0	0	0	0	0	0	0	0	0	0	0	0	0	0	0	0	0	0	0	0	0	0	0	0	0	0	0	0	0	0	0	0	0	0	0	0	0	0	0	0	0	0	0	0	0	0	0	0	0	0	0	0	0	0	0	0	0	0	0	0	0	0	0	0	0	0	0	0	0	0	0	0	0	0
0.00110548403514	8.34327573692e-06	1.66865514738e-05	0	0.024641864889	1.25149136054e-05	0.000392133959635	0.00377533227096	0.000621574042401	0.00147675980543	0.00274076607958	3.75447408161e-05	0.00439273467549	0	0.000458880165531	8.34327573692e-05	4.17163786846e-06	8.34327573692e-06	0	1.25149136054e-05	0.0044302794163	2.92014650792e-05	2.50298272108e-05	4.58880165531e-05	0.00908999891537	0	8.34327573692e-06	2.08581893423e-05	0.0101203934689	0.000688320248296	7.50894816323e-05	0	8.34327573692e-06	0.000321216115871	0.000496424906347	1.25149136054e-05	4.17163786846e-06	4.17163786846e-06	0	0.0053563830231	0	0.000446365251925	0.000212753531291	0.000179380428344	0.00159773730362	0.00269487806303	4.17163786846e-06	0.00133075248004	0	0.000116805860317	4.58880165531e-05	8.34327573692e-06	0	0	0	0.0029368330594	4.17163786846e-06	2.08581893423e-05	8.34327573692e-06	0.00203158764194	0	0	8.34327573692e-06	0.00110965567301	0.000125149136054	4.17163786846e-06	0	4.17163786846e-06	0	0.000104290946711	0.000200238617686	2.92014650792e-05	0.000467223441268	0.000125149136054	0.000175208790475	4.17163786846e-06	0	8.76043952377e-05	8.34327573692e-06	7.09178437638e-05	1.25149136054e-05	6.67462058954e-05	1.66865514738e-05	0
0.000125149136054	0	4.17163786846e-06	0	1.25149136054e-05	0.00565256931176	0.00259058711631	9.59476709746e-05	0.00113468550022	2.08581893423e-05	0.000125149136054	3.75447408161e-05	4.17163786846e-05	4.17163786846e-06	0.000584029301584	0.000955305071877	0	0	0	4.17163786846e-06	5.00596544215e-05	1.25149136054e-05	4.17163786846e-06	2.08581893423e-05	2.50298272108e-05	4.17163786846e-06	2.08581893423e-05	2.08581893423e-05	6.67462058954e-05	0.000296186288661	1.66865514738e-05	4.17163786846e-06	0.000926103606798	1.25149136054e-05	0.000333731029477	4.17163786846e-06	0	0	0	8.34327573692e-06	0	0	0	4.17163786846e-06	1.25149136054e-05	4.17163786846e-06	0	8.34327573692e-06	0	4.17163786846e-06	0	0	0	0	0	8.34327573692e-06	0	4.17163786846e-06	0	2.08581893423e-05	0	4.17163786846e-06	0	8.34327573692e-06	0	4.17163786846e-06	0	0	0	0	0.000154350601133	2.50298272108e-05	0.000404648873241	4.58880165531e-05	0.00139332704807	0.0015601925628	4.17163786846e-06	0	0	0	0	4.17163786846e-06	0	0
0.00197735634965	8.34327573692e-06	0.000158522239001	0	0.000392133959635	0.00259058711631	0.0315334106477	0.00443445105417	0.0145673594367	0.000354589218819	0.0106001318238	0.000233611720634	0.00536889793671	2.08581893423e-05	0.00301192254103	0.00155602092494	5.00596544215e-05	1.66865514738e-05	3.75447408161e-05	5.423129229e-05	0.00158939402788	0.00010846258458	8.34327573692e-05	0.000212753531291	0.000830155935824	1.25149136054e-05	8.76043952377e-05	5.84029301584e-05	0.00201907272833	0.00151847618412	0.000204410255555	0	0.00083849921156	0.000137664049659	0.00141418523741	4.17163786846e-06	0	4.17163786846e-06	0	0.000158522239001	0	4.17163786846e-05	2.50298272108e-05	2.92014650792e-05	0.000246126634239	8.34327573692e-05	4.17163786846e-06	2.50298272108e-05	4.17163786846e-06	4.58880165531e-05	4.17163786846e-06	4.17163786846e-06	0	0	0	8.76043952377e-05	4.17163786846e-06	4.17163786846e-05	4.17163786846e-06	0.000346245943082	8.34327573692e-06	1.66865514738e-05	4.17163786846e-06	0.00010846258458	3.33731029477e-05	2.08581893423e-05	0	0	0	2.08581893423e-05	0.000646603869611	7.92611195007e-05	0.00145172997822	0.000196066979818	0.00216090841586	0.000629917318137	0	4.17163786846e-06	0	1.25149136054e-05	4.17163786846e-06	2.50298272108e-05	0	0
0.0216257707101	0.000154350601133	0.00430930191812	0	0.00377533227096	9.59476709746e-05	0.00443445105417	0.0717563429754	0.0135077634181	0.00384625011472	0.0187389973051	0.000600715853058	0.00104708110498	4.58880165531e-05	0.0103248037244	0.000171037152607	0.000604887490927	0.000629917318137	0.000129320773922	0.000279499737187	0.0017061998882	0.00345828779295	0.00105959601859	0.00559833801947	0.00619905387253	2.08581893423e-05	0.00118891679251	0.000959476709746	0.039484552425	0.00917343167274	0.00940704339338	8.34327573692e-06	0.000146007325396	0.00337068339772	0.00642432231743	4.58880165531e-05	0.000158522239001	0.000166865514738	0	0.00206078910702	4.17163786846e-06	0.00043385033832	0.00089273050385	0.000329559391608	0.0043510182968	0.00130155101496	3.75447408161e-05	0.000296186288661	1.66865514738e-05	0.000396305597504	5.84029301584e-05	0.000196066979818	4.58880165531e-05	0	2.92014650792e-05	0.0010846258458	7.92611195007e-05	0.000780096281402	0.000204410255555	0.00586115120519	2.08581893423e-05	0.000137664049659	0.000191895341949	0.00244875142879	0.000396305597504	0.000266984823581	0	1.25149136054e-05	2.92014650792e-05	0.000392133959635	0.00306198219545	0.0005423129229	0.00545233069408	0.00175208790475	0.000709178437638	5.00596544215e-05	1.66865514738e-05	0.000283671375055	6.25745680269e-05	0.000342074305214	0.000100119308843	0.000246126634239	3.75447408161e-05	0
0.014588217626	5.84029301584e-05	0.00120977498185	0	0.000621574042401	0.00113468550022	0.0145673594367	0.0135077634181	0.0487873048716	0.000896902141719	0.0107920271657	0.000688320248296	0.00181883411065	7.50894816323e-05	0.0174332746523	0.000296186288661	0.000241954996371	0.000266984823581	7.92611195007e-05	0.00016269387687	0.00178963264557	0.000734208264849	0.000412992148978	0.00132658084217	0.00191478178162	2.50298272108e-05	0.000521454733557	0.000266984823581	0.00687903084509	0.00632837464645	0.002315259017	4.17163786846e-06	0.000984506536957	0.000567342750111	0.00329976555395	2.08581893423e-05	5.423129229e-05	3.33731029477e-05	0	0.000387962321767	0	8.76043952377e-05	0.000175208790475	7.09178437638e-05	0.000825984297955	0.000200238617686	1.25149136054e-05	7.09178437638e-05	1.66865514738e-05	8.76043952377e-05	1.66865514738e-05	5.84029301584e-05	2.08581893423e-05	0	0	0.000196066979818	3.33731029477e-05	0.000279499737187	5.84029301584e-05	0.00113885713809	2.08581893423e-05	5.84029301584e-05	6.67462058954e-05	0.000504768182084	0.00010846258458	0.000125149136054	0	0	1.66865514738e-05	9.59476709746e-05	0.00105959601859	0.000296186288661	0.00307449710905	0.000571514387979	0.000997021450562	0.000383790683898	2.50298272108e-05	8.76043952377e-05	1.25149136054e-05	0.000100119308843	3.33731029477e-05	6.67462058954e-05	1.25149136054e-05	0
0.00179797592131	0.00166031187165	0.000266984823581	0	0.00147675980543	2.08581893423e-05	0.000354589218819	0.00384625011472	0.000896902141719	0.0286174357776	0.000475566717004	0.000141835687528	0.00266567659795	8.76043952377e-05	0.000963648347614	0.000834327573692	0.000767581367797	0.000166865514738	4.58880165531e-05	0.000104290946711	0.000367104132424	0.000625745680269	0.00661621765938	0.000500596544215	0.0134368455743	0.000308701202266	0.000629917318137	0.00128903610135	0.00867283512853	0.00189392359228	0.00201490109047	4.17163786846e-06	2.50298272108e-05	0.000817641022218	0.00131823756643	0.000112634222448	7.50894816323e-05	9.17760331061e-05	0	0.00152681945986	1.25149136054e-05	0.000287843012924	0.00113051386235	0.000287843012924	0.00667462058954	0.000671633696822	2.08581893423e-05	0.000266984823581	8.34327573692e-06	0.000396305597504	8.34327573692e-05	0.000479738354873	5.00596544215e-05	0	1.25149136054e-05	0.000621574042401	0.000275328099318	0.00329142227821	0.000204410255555	0.00553159181358	1.25149136054e-05	8.34327573692e-05	0.000125149136054	0.00325804917527	0.000508939819952	0.000917760331061	0	2.08581893423e-05	9.59476709746e-05	0.000563171112242	0.00128069282562	0.000279499737187	0.000800954470744	0.000200238617686	0.00166031187165	8.34327573692e-06	4.17163786846e-06	0.00048808163061	8.34327573692e-05	0.000408820511109	0.000112634222448	0.000300357926529	7.09178437638e-05	4.17163786846e-06
0.00729202299407	3.33731029477e-05	0.000129320773922	0	0.00274076607958	0.000125149136054	0.0106001318238	0.0187389973051	0.0107920271657	0.000475566717004	0.0496508339104	0.000479738354873	0.00584863629158	4.17163786846e-05	0.00490584613331	6.25745680269e-05	3.33731029477e-05	6.67462058954e-05	8.76043952377e-05	0.000137664049659	0.00916926003487	9.59476709746e-05	0.000100119308843	0.000171037152607	0.00130155101496	4.17163786846e-06	0.000120977498185	8.76043952377e-05	0.0104040648439	0.00415077967912	0.000262813185713	4.17163786846e-06	0.000150178963265	0.000588200939453	0.00367521296211	0	1.66865514738e-05	4.17163786846e-06	0	0.00097616326122	4.17163786846e-06	0.000221096807028	0.000125149136054	7.50894816323e-05	0.0013891554102	0.000717521713375	4.17163786846e-06	0.000179380428344	4.17163786846e-06	8.34327573692e-05	8.34327573692e-06	1.25149136054e-05	4.17163786846e-06	0	0	0.000734208264849	4.17163786846e-06	5.00596544215e-05	1.25149136054e-05	0.00179380428344	8.34327573692e-06	2.08581893423e-05	1.66865514738e-05	0.000483909992741	4.58880165531e-05	1.25149136054e-05	0	0	0	3.33731029477e-05	0.00089273050385	0.00010846258458	0.00290763159432	0.000558999474374	0.000346245943082	6.25745680269e-05	1.25149136054e-05	3.75447408161e-05	0	4.17163786846e-05	8.34327573692e-06	2.92014650792e-05	8.34327573692e-06	0
0.000842670849429	0.00037961904603	0.000350417580951	0	3.75447408161e-05	3.75447408161e-05	0.000233611720634	0.000600715853058	0.000688320248296	0.000141835687528	0.000479738354873	0.0341156544883	0.000154350601133	0.00890644684916	0.000884387228114	0	7.92611195007e-05	0.00232360229273	0.00668713550314	0.00771335841878	0.000175208790475	0.000304529564398	0.000208581893423	0.00070500679977	0.000196066979818	0.0017729460941	0.00883970064327	0.0017854610077	0.000392133959635	0.00192729669523	0.000342074305214	0.00081346938435	0.000208581893423	0.000212753531291	0.00713767239293	4.17163786846e-06	0.00065077550748	5.84029301584e-05	0	2.50298272108e-05	0	8.34327573692e-06	2.08581893423e-05	8.34327573692e-06	7.92611195007e-05	4.17163786846e-06	0.0005423129229	4.17163786846e-06	0.0018647221272	1.25149136054e-05	0	1.25149136054e-05	1.66865514738e-05	7.09178437638e-05	0.000154350601133	8.34327573692e-06	8.34327573692e-06	5.00596544215e-05	2.92014650792e-05	8.76043952377e-05	0.00251549763468	0.00128486446349	0.00133909575578	5.00596544215e-05	3.33731029477e-05	8.34327573692e-06	7.50894816323e-05	0	4.17163786846e-06	0.000100119308843	0.00300775090316	0.00511442802673	0.0104499528605	0.00139332704807	5.423129229e-05	8.34327573692e-06	0.000955305071877	9.17760331061e-05	0.000262813185713	0.000146007325396	2.08581893423e-05	4.17163786846e-06	0	4.17163786846e-05
0.000971991623351	4.17163786846e-06	8.34327573692e-06	0	0.00439273467549	4.17163786846e-05	0.00536889793671	0.00104708110498	0.00181883411065	0.00266567659795	0.00584863629158	0.000154350601133	0.031491694269	1.25149136054e-05	0.00089273050385	0.0014684165297	1.66865514738e-05	2.50298272108e-05	1.66865514738e-05	5.84029301584e-05	0.0089147901249	2.08581893423e-05	4.58880165531e-05	2.08581893423e-05	0.00686234429362	0	4.17163786846e-05	8.34327573692e-06	0.00130155101496	0.000846842487297	5.423129229e-05	0	7.09178437638e-05	5.423129229e-05	0.000967819985483	0	0	4.17163786846e-06	0	0.000300357926529	0	0.00126400627414	4.58880165531e-05	0.000371275770293	0.000187723704081	0.000788439557139	1.25149136054e-05	0.00454291363875	4.17163786846e-06	0.000312872840134	0.000275328099318	0	0	4.17163786846e-06	4.17163786846e-06	0.00118474515464	4.17163786846e-06	2.92014650792e-05	2.08581893423e-05	0.000208581893423	4.17163786846e-06	2.50298272108e-05	8.34327573692e-06	0.000104290946711	0.000158522239001	4.17163786846e-06	0	2.08581893423e-05	0	8.76043952377e-05	0.000362932494556	4.58880165531e-05	0.00078426791927	8.34327573692e-05	0.00153099109772	4.17163786846e-06	1.25149136054e-05	7.92611195007e-05	1.66865514738e-05	7.50894816323e-05	4.17163786846e-06	0.000146007325396	4.58880165531e-05	4.17163786846e-06
7.09178437638e-05	0.000229440082765	5.423129229e-05	0	0	4.17163786846e-06	2.08581893423e-05	4.58880165531e-05	7.50894816323e-05	8.76043952377e-05	4.17163786846e-05	0.00890644684916	1.25149136054e-05	0.0146591354698	0.000133492411791	0	1.25149136054e-05	7.92611195007e-05	0.000417163786846	0.000292014650792	1.25149136054e-05	8.34327573692e-06	0.000104290946711	5.84029301584e-05	6.67462058954e-05	0.00189392359228	0.00432598846959	0.00160608057936	2.92014650792e-05	0.000250298272108	2.08581893423e-05	0.00126400627414	4.17163786846e-05	2.08581893423e-05	0.000621574042401	0	0.000208581893423	2.08581893423e-05	0	8.34327573692e-06	0	4.17163786846e-06	4.17163786846e-06	0	8.34327573692e-06	0	0.000412992148978	4.17163786846e-06	0.00168951333673	1.25149136054e-05	0	0	1.25149136054e-05	2.08581893423e-05	5.00596544215e-05	0	4.17163786846e-06	1.25149136054e-05	4.17163786846e-06	1.66865514738e-05	0.00195649816031	0.000659118783217	0.000771753005665	1.25149136054e-05	2.92014650792e-05	0	5.423129229e-05	0	0	5.00596544215e-05	0.000221096807028	0.00220262479455	0.00169785661246	0.000221096807028	4.17163786846e-06	4.17163786846e-06	0.000796782832876	3.33731029477e-05	0.000179380428344	7.92611195007e-05	1.66865514738e-05	0	0	2.50298272108e-05
0.0184177811893	5.423129229e-05	0.00118891679251	0	0.000458880165531	0.000584029301584	0.00301192254103	0.0103248037244	0.0174332746523	0.000963648347614	0.00490584613331	0.000884387228114	0.00089273050385	0.000133492411791	0.0376949197794	7.50894816323e-05	0.000204410255555	0.000471395079136	7.92611195007e-05	0.000196066979818	0.00122228989546	0.000742551540586	0.000479738354873	0.00143921506462	0.00182300574852	2.08581893423e-05	0.000592372577321	0.000371275770293	0.00553576345145	0.0138039497067	0.00433016010746	4.17163786846e-06	0.00181883411065	0.00126817791201	0.00482658501381	2.08581893423e-05	4.17163786846e-05	3.33731029477e-05	0	0.000233611720634	0	7.92611195007e-05	0.000158522239001	7.50894816323e-05	0.000613230766664	9.17760331061e-05	1.25149136054e-05	4.58880165531e-05	1.66865514738e-05	8.34327573692e-05	2.08581893423e-05	4.58880165531e-05	2.92014650792e-05	4.17163786846e-06	1.25149136054e-05	0.000133492411791	2.50298272108e-05	0.000292014650792	4.58880165531e-05	0.000909417055324	2.50298272108e-05	7.50894816323e-05	5.84029301584e-05	0.000475566717004	0.000116805860317	0.000146007325396	0	0	2.92014650792e-05	0.000120977498185	0.00109296912154	0.000329559391608	0.00393802614783	0.000659118783217	0.000692491886164	0.000200238617686	3.75447408161e-05	8.34327573692e-05	1.25149136054e-05	8.34327573692e-05	2.08581893423e-05	3.75447408161e-05	0	4.17163786846e-06
7.92611195007e-05	1.25149136054e-05	0	0	8.34327573692e-05	0.000955305071877	0.00155602092494	0.000171037152607	0.000296186288661	0.000834327573692	6.25745680269e-05	0	0.0014684165297	0	7.50894816323e-05	0.00620739714827	4.17163786846e-06	0	0	0	7.92611195007e-05	0	9.17760331061e-05	8.34327573692e-06	0.000408820511109	0	1.25149136054e-05	3.33731029477e-05	0.000200238617686	5.423129229e-05	1.66865514738e-05	0	2.50298272108e-05	8.34327573692e-06	5.00596544215e-05	0	8.34327573692e-06	0	0	4.17163786846e-06	0	0	4.17163786846e-06	4.17163786846e-06	8.34327573692e-06	1.25149136054e-05	0	0	0	0	0	8.34327573692e-06	0	0	0	8.34327573692e-06	4.17163786846e-06	2.50298272108e-05	4.17163786846e-06	1.66865514738e-05	0	0	8.34327573692e-06	1.25149136054e-05	0	4.17163786846e-06	0	0	0	0	0.000438021976188	8.34327573692e-06	5.84029301584e-05	8.34327573692e-06	0.0038879664934	0.00021692516916	0	4.17163786846e-06	8.34327573692e-06	1.25149136054e-05	8.34327573692e-06	0	0	0
0.000496424906347	0.000362932494556	0.000700835161901	0	4.17163786846e-06	0	5.00596544215e-05	0.000604887490927	0.000241954996371	0.000767581367797	3.33731029477e-05	7.92611195007e-05	1.66865514738e-05	1.25149136054e-05	0.000204410255555	4.17163786846e-06	0.0255137372035	0.000200238617686	2.08581893423e-05	6.67462058954e-05	0	0.00498927889068	0.010466639412	0.0101829680369	0.00480572682447	5.84029301584e-05	0.000317044478003	0.00563588276029	0.00409654838683	0.000442193614057	0.0010178796399	0	0	0.000250298272108	0.000926103606798	2.50298272108e-05	0.000154350601133	0.000212753531291	0	2.50298272108e-05	0	1.25149136054e-05	0.000221096807028	2.08581893423e-05	0.000179380428344	2.08581893423e-05	0	2.08581893423e-05	0	4.58880165531e-05	8.34327573692e-06	0.00157270747641	6.25745680269e-05	0	3.33731029477e-05	8.34327573692e-06	0.000467223441268	0.00447199579499	0.0014016703238	0.000550656198637	0	8.34327573692e-05	0.000387962321767	0.000617402404532	0.000125149136054	0.000600715853058	0	4.17163786846e-06	2.08581893423e-05	0.000179380428344	0.00277831082039	0.000980334899088	0.00113051386235	0.000821812660087	8.76043952377e-05	8.34327573692e-06	2.50298272108e-05	0.000279499737187	0.000104290946711	0.000125149136054	6.25745680269e-05	2.50298272108e-05	2.08581893423e-05	0
0.000971991623351	0.00141001359954	0.00328725064035	0	8.34327573692e-06	0	1.66865514738e-05	0.000629917318137	0.000266984823581	0.000166865514738	6.67462058954e-05	0.00232360229273	2.50298272108e-05	7.92611195007e-05	0.000471395079136	0	0.000200238617686	0.0265941914114	0.000992849812693	0.0075131198011	2.08581893423e-05	0.00175625954262	0.000354589218819	0.00854351435461	0.000141835687528	7.50894816323e-05	0.0113593699158	0.00440524958909	0.000471395079136	0.000880215590245	0.00268653478729	3.33731029477e-05	4.17163786846e-06	0.000150178963265	0.00409654838683	4.17163786846e-06	0.00153516273559	0.000483909992741	0	8.34327573692e-06	0	8.34327573692e-06	4.17163786846e-06	0	2.08581893423e-05	4.17163786846e-06	8.34327573692e-05	4.17163786846e-06	7.50894816323e-05	4.17163786846e-06	4.17163786846e-06	3.33731029477e-05	0.000120977498185	4.58880165531e-05	0.000266984823581	4.17163786846e-06	2.50298272108e-05	9.59476709746e-05	9.59476709746e-05	2.92014650792e-05	0.000150178963265	0.00180631919704	0.00158105075215	1.25149136054e-05	1.66865514738e-05	2.08581893423e-05	4.17163786846e-06	0	0	0.000137664049659	0.00197735634965	0.00216508005373	0.00346245943082	0.00065077550748	2.08581893423e-05	4.17163786846e-06	8.34327573692e-06	0.000100119308843	0.000137664049659	0.000133492411791	4.58880165531e-05	1.25149136054e-05	4.17163786846e-06	0
0.000154350601133	0.000158522239001	0.000191895341949	0	0	0	3.75447408161e-05	0.000129320773922	7.92611195007e-05	4.58880165531e-05	8.76043952377e-05	0.00668713550314	1.66865514738e-05	0.000417163786846	7.92611195007e-05	0	2.08581893423e-05	0.000992849812693	0.0104916692392	0.00435518993467	2.50298272108e-05	7.92611195007e-05	5.423129229e-05	0.000266984823581	3.33731029477e-05	0.000208581893423	0.00546067396981	0.000725864989112	9.59476709746e-05	0.000187723704081	0.000133492411791	7.09178437638e-05	4.17163786846e-06	4.58880165531e-05	0.000992849812693	0	0.000362932494556	2.50298272108e-05	0	8.34327573692e-06	0	0	0	0	2.08581893423e-05	4.17163786846e-06	5.00596544215e-05	0	0.00016269387687	0	0	0	4.17163786846e-06	3.33731029477e-05	9.59476709746e-05	4.17163786846e-06	0	8.34327573692e-06	1.66865514738e-05	2.92014650792e-05	0.000387962321767	0.000617402404532	0.000525626371426	1.25149136054e-05	4.17163786846e-06	0	1.66865514738e-05	0	4.17163786846e-06	2.92014650792e-05	0.00106793929433	0.000901073779587	0.00186055048933	0.000329559391608	1.25149136054e-05	0	1.25149136054e-05	4.58880165531e-05	5.00596544215e-05	2.50298272108e-05	4.17163786846e-06	0	0	0
0.000392133959635	0.000492253268478	0.000454708527662	0	1.25149136054e-05	4.17163786846e-06	5.423129229e-05	0.000279499737187	0.00016269387687	0.000104290946711	0.000137664049659	0.00771335841878	5.84029301584e-05	0.000292014650792	0.000196066979818	0	6.67462058954e-05	0.0075131198011	0.00435518993467	0.0171537749151	5.00596544215e-05	0.000358760856688	0.000191895341949	0.000926103606798	0.000129320773922	0.000246126634239	0.00760906747207	0.00167282678525	0.000229440082765	0.000525626371426	0.000471395079136	5.423129229e-05	1.66865514738e-05	0.00010846258458	0.00368355623785	4.17163786846e-06	0.00075923809206	5.00596544215e-05	0	8.34327573692e-06	0	4.17163786846e-06	4.17163786846e-06	8.34327573692e-06	2.92014650792e-05	0	0.000129320773922	0	0.000179380428344	4.17163786846e-06	0	1.66865514738e-05	2.08581893423e-05	6.67462058954e-05	0.000241954996371	0	8.34327573692e-06	3.75447408161e-05	2.92014650792e-05	3.33731029477e-05	0.000471395079136	0.00115971532743	0.000905245417456	8.34327573692e-06	4.17163786846e-06	4.17163786846e-06	1.25149136054e-05	0	4.17163786846e-06	6.25745680269e-05	0.00181049083491	0.00152681945986	0.00396722761291	0.000558999474374	1.25149136054e-05	4.17163786846e-06	2.08581893423e-05	5.84029301584e-05	6.67462058954e-05	9.59476709746e-05	2.08581893423e-05	4.17163786846e-06	0	0
0.0020107294526	4.17163786846e-06	2.92014650792e-05	0	0.0044302794163	5.00596544215e-05	0.00158939402788	0.0017061998882	0.00178963264557	0.000367104132424	0.00916926003487	0.000175208790475	0.0089147901249	1.25149136054e-05	0.00122228989546	7.92611195007e-05	0	2.08581893423e-05	2.50298272108e-05	5.00596544215e-05	0.021154375631	1.66865514738e-05	2.08581893423e-05	2.50298272108e-05	0.00345411615508	0	3.75447408161e-05	3.33731029477e-05	0.00342908632787	0.0012431480848	5.00596544215e-05	4.17163786846e-06	7.92611195007e-05	0.000133492411791	0.0013224092043	0	0	0	0	0.00065077550748	0	0.000417163786846	8.34327573692e-05	0.000158522239001	0.000696663524033	0.000671633696822	4.17163786846e-06	0.000905245417456	0	0.000133492411791	3.75447408161e-05	0	4.17163786846e-06	0	4.17163786846e-06	0.0010053647263	4.17163786846e-06	1.25149136054e-05	8.34327573692e-06	0.000938618520403	4.17163786846e-06	4.17163786846e-06	0	0.00027115646145	0.000100119308843	0	0	1.25149136054e-05	4.17163786846e-06	7.92611195007e-05	0.000321216115871	3.33731029477e-05	0.00102622291564	0.000137664049659	0.000237783358502	2.08581893423e-05	8.34327573692e-06	3.75447408161e-05	4.17163786846e-06	6.67462058954e-05	4.17163786846e-06	5.84029301584e-05	2.08581893423e-05	0
0.00153933437346	0.000283671375055	0.00436353321041	0	2.92014650792e-05	1.25149136054e-05	0.00010846258458	0.00345828779295	0.000734208264849	0.000625745680269	9.59476709746e-05	0.000304529564398	2.08581893423e-05	8.34327573692e-06	0.000742551540586	0	0.00498927889068	0.00175625954262	7.92611195007e-05	0.000358760856688	1.66865514738e-05	0.0420292515247	0.00381704864964	0.0226645085393	0.00170202825033	2.08581893423e-05	0.00140584196167	0.00203575927981	0.0120351752505	0.000980334899088	0.013795606431	0	1.66865514738e-05	0.000400477235372	0.00511442802673	4.17163786846e-05	0.000266984823581	0.000150178963265	0	2.50298272108e-05	0	2.08581893423e-05	0.000237783358502	2.92014650792e-05	0.000237783358502	2.92014650792e-05	0	2.50298272108e-05	8.34327573692e-06	7.50894816323e-05	8.34327573692e-06	0.000692491886164	7.09178437638e-05	0	3.33731029477e-05	2.50298272108e-05	0.000383790683898	0.00255721401337	0.000500596544215	0.000471395079136	1.66865514738e-05	0.000129320773922	0.000421335424714	0.000679976972559	0.000112634222448	0.000625745680269	0	4.17163786846e-06	4.17163786846e-06	0.000246126634239	0.00311204184987	0.00126817791201	0.00455960019023	0.00211919203718	0.000200238617686	0	1.66865514738e-05	0.000292014650792	0.000116805860317	0.000187723704081	0.000104290946711	4.17163786846e-05	8.34327573692e-06	1.25149136054e-05
0.000909417055324	0.00332896701903	0.00191061014375	0	2.50298272108e-05	4.17163786846e-06	8.34327573692e-05	0.00105959601859	0.000412992148978	0.00661621765938	0.000100119308843	0.000208581893423	4.58880165531e-05	0.000104290946711	0.000479738354873	9.17760331061e-05	0.010466639412	0.000354589218819	5.423129229e-05	0.000191895341949	2.08581893423e-05	0.00381704864964	0.0328349616626	0.00584446465371	0.00775924643534	0.000463051803399	0.0010846258458	0.00766747040223	0.00501430871789	0.00105542438072	0.00260310202992	4.17163786846e-06	4.17163786846e-06	0.000567342750111	0.00132658084217	9.17760331061e-05	0.00211919203718	0.000855185763034	0	7.50894816323e-05	4.17163786846e-06	5.84029301584e-05	0.000709178437638	9.59476709746e-05	0.000859357400903	6.25745680269e-05	4.17163786846e-06	5.423129229e-05	2.92014650792e-05	0.000187723704081	1.25149136054e-05	0.00328307900248	0.000225268444897	4.17163786846e-06	5.84029301584e-05	4.58880165531e-05	0.00114302877596	0.01185996646	0.00291180323219	0.00163111040657	3.33731029477e-05	0.00021692516916	0.00225268444897	0.00201907272833	0.000342074305214	0.0020232443662	0	4.17163786846e-06	6.67462058954e-05	0.000629917318137	0.00215256514013	0.000909417055324	0.00094696179614	0.000412992148978	0.000225268444897	8.34327573692e-06	8.34327573692e-06	0.000671633696822	0.000317044478003	0.000396305597504	0.000150178963265	8.34327573692e-05	3.75447408161e-05	4.17163786846e-06
0.00300775090316	0.000796782832876	0.0173873866357	0	4.58880165531e-05	2.08581893423e-05	0.000212753531291	0.00559833801947	0.00132658084217	0.000500596544215	0.000171037152607	0.00070500679977	2.08581893423e-05	5.84029301584e-05	0.00143921506462	8.34327573692e-06	0.0101829680369	0.00854351435461	0.000266984823581	0.000926103606798	2.50298272108e-05	0.0226645085393	0.00584446465371	0.0716562236665	0.00143087178888	3.75447408161e-05	0.00463051803399	0.0108212286308	0.00951967761583	0.00160608057936	0.00951967761583	0	4.58880165531e-05	0.000504768182084	0.00700835161901	1.66865514738e-05	0.00151847618412	0.0011638869653	0	4.58880165531e-05	4.17163786846e-06	4.17163786846e-06	0.000166865514738	1.66865514738e-05	0.000183552066212	2.08581893423e-05	0	2.50298272108e-05	2.50298272108e-05	5.423129229e-05	1.25149136054e-05	0.00175208790475	0.000283671375055	8.34327573692e-06	0.000137664049659	2.08581893423e-05	0.000517283095689	0.005898695946	0.00261144530566	0.000408820511109	2.50298272108e-05	0.000500596544215	0.00231943065486	0.000517283095689	0.000104290946711	0.000450536889794	0	4.17163786846e-06	1.66865514738e-05	0.000417163786846	0.00826818625529	0.00329142227821	0.00825149970381	0.00483075665168	0.000458880165531	2.92014650792e-05	5.00596544215e-05	0.000688320248296	0.000329559391608	0.00043385033832	0.000237783358502	5.84029301584e-05	5.423129229e-05	2.08581893423e-05
0.002949347973	0.00122646153333	0.000517283095689	0	0.00908999891537	2.50298272108e-05	0.000830155935824	0.00619905387253	0.00191478178162	0.0134368455743	0.00130155101496	0.000196066979818	0.00686234429362	6.67462058954e-05	0.00182300574852	0.000408820511109	0.00480572682447	0.000141835687528	3.33731029477e-05	0.000129320773922	0.00345411615508	0.00170202825033	0.00775924643534	0.00143087178888	0.0518951750836	0.000204410255555	0.000529798009294	0.00199404290112	0.0219219569988	0.00319130296937	0.00277413918253	8.34327573692e-06	7.50894816323e-05	0.00154350601133	0.00296603452447	7.09178437638e-05	9.17760331061e-05	9.59476709746e-05	0	0.0010178796399	4.17163786846e-06	0.000237783358502	0.00089273050385	0.000225268444897	0.00306615383332	0.000475566717004	1.25149136054e-05	0.000208581893423	1.66865514738e-05	0.000287843012924	6.25745680269e-05	0.000392133959635	2.08581893423e-05	4.17163786846e-06	8.34327573692e-06	0.000429678700451	0.000279499737187	0.00212753531291	0.000237783358502	0.00398391416438	2.50298272108e-05	8.34327573692e-05	0.000116805860317	0.00212753531291	0.00037961904603	0.000634088956006	0	1.25149136054e-05	7.50894816323e-05	0.000421335424714	0.00215673677799	0.000634088956006	0.00176460281836	0.000508939819952	0.000725864989112	1.25149136054e-05	2.50298272108e-05	0.000308701202266	6.25745680269e-05	0.00032538775374	9.59476709746e-05	0.000241954996371	4.58880165531e-05	0
2.08581893423e-05	0.000992849812693	5.84029301584e-05	0	0	4.17163786846e-06	1.25149136054e-05	2.08581893423e-05	2.50298272108e-05	0.000308701202266	4.17163786846e-06	0.0017729460941	0	0.00189392359228	2.08581893423e-05	0	5.84029301584e-05	7.50894816323e-05	0.000208581893423	0.000246126634239	0	2.08581893423e-05	0.000463051803399	3.75447408161e-05	0.000204410255555	0.00709178437638	0.00167282678525	0.00106793929433	3.33731029477e-05	3.75447408161e-05	2.08581893423e-05	0.000150178963265	4.17163786846e-06	4.17163786846e-06	0.000116805860317	4.17163786846e-06	0.000830155935824	2.92014650792e-05	0	0	0	0	0	0	4.17163786846e-06	0	0.000183552066212	0	0.000876043952377	0	0	4.17163786846e-06	4.17163786846e-06	4.58880165531e-05	7.92611195007e-05	0	0	1.66865514738e-05	0	4.17163786846e-06	0.00183134902425	0.000821812660087	0.00108879748367	4.17163786846e-06	4.17163786846e-06	0	4.58880165531e-05	0	0	3.33731029477e-05	7.92611195007e-05	0.000563171112242	0.000321216115871	2.08581893423e-05	4.17163786846e-06	0	0.000371275770293	2.50298272108e-05	0.000112634222448	5.84029301584e-05	4.17163786846e-06	0	0	2.08581893423e-05
0.0012306331712	0.00470977915349	0.00878546935098	0	8.34327573692e-06	2.08581893423e-05	8.76043952377e-05	0.00118891679251	0.000521454733557	0.000629917318137	0.000120977498185	0.00883970064327	4.17163786846e-05	0.00432598846959	0.000592372577321	1.25149136054e-05	0.000317044478003	0.0113593699158	0.00546067396981	0.00760906747207	3.75447408161e-05	0.00140584196167	0.0010846258458	0.00463051803399	0.000529798009294	0.00167282678525	0.0688403681053	0.0198569962539	0.00110131239727	0.000863529038771	0.00219010988094	0.00228188591405	1.66865514738e-05	0.000175208790475	0.00332479538116	0	0.00668713550314	0.00106376765646	0	1.25149136054e-05	0	3.75447408161e-05	3.33731029477e-05	4.58880165531e-05	7.92611195007e-05	2.50298272108e-05	0.000679976972559	1.66865514738e-05	0.00175625954262	7.92611195007e-05	4.17163786846e-06	7.09178437638e-05	0.000396305597504	0.000300357926529	0.00183552066212	1.25149136054e-05	6.25745680269e-05	0.000237783358502	0.000221096807028	0.00010846258458	0.00324136262379	0.00980752062875	0.00795948505302	7.09178437638e-05	0.000146007325396	6.25745680269e-05	7.09178437638e-05	4.17163786846e-06	4.17163786846e-06	0.00070500679977	0.00327473572674	0.00448868234646	0.00423004079862	0.000851014125166	6.25745680269e-05	8.34327573692e-06	5.84029301584e-05	0.000463051803399	0.000792611195007	0.00075923809206	0.000166865514738	3.33731029477e-05	2.92014650792e-05	3.75447408161e-05
0.00070500679977	0.00709178437638	0.0123146749877	0	2.08581893423e-05	2.08581893423e-05	5.84029301584e-05	0.000959476709746	0.000266984823581	0.00128903610135	8.76043952377e-05	0.0017854610077	8.34327573692e-06	0.00160608057936	0.000371275770293	3.33731029477e-05	0.00563588276029	0.00440524958909	0.000725864989112	0.00167282678525	3.33731029477e-05	0.00203575927981	0.00766747040223	0.0108212286308	0.00199404290112	0.00106793929433	0.0198569962539	0.0679017495849	0.00192312505736	0.000621574042401	0.00141001359954	0.000533969647163	1.66865514738e-05	0.000200238617686	0.0031871313315	2.50298272108e-05	0.00692074722377	0.00237783358502	0	4.17163786846e-05	0	2.50298272108e-05	8.34327573692e-05	3.33731029477e-05	0.000125149136054	1.25149136054e-05	0.000175208790475	2.92014650792e-05	0.000308701202266	6.67462058954e-05	4.17163786846e-06	0.000659118783217	0.000588200939453	7.09178437638e-05	0.000713350075507	8.34327573692e-06	0.000141835687528	0.00343742960361	0.00204410255555	0.000258641547845	0.00075923809206	0.00382539192538	0.00652861326414	0.000150178963265	5.84029301584e-05	0.00010846258458	4.17163786846e-06	0	0	0.000471395079136	0.00556079327866	0.00314541495282	0.00422586916075	0.00157687911428	0.000196066979818	1.66865514738e-05	5.84029301584e-05	0.000579857663716	0.000554827836505	0.000517283095689	0.000183552066212	5.423129229e-05	4.58880165531e-05	4.17163786846e-06
0.0117181307725	0.000412992148978	0.00518117423263	0	0.0101203934689	6.67462058954e-05	0.00201907272833	0.039484552425	0.00687903084509	0.00867283512853	0.0104040648439	0.000392133959635	0.00130155101496	2.92014650792e-05	0.00553576345145	0.000200238617686	0.00409654838683	0.000471395079136	9.59476709746e-05	0.000229440082765	0.00342908632787	0.0120351752505	0.00501430871789	0.00951967761583	0.0219219569988	3.33731029477e-05	0.00110131239727	0.00192312505736	0.0847468232978	0.00756735109339	0.0103790350167	4.17163786846e-06	9.17760331061e-05	0.00350000417164	0.00633254628432	0.000129320773922	0.000262813185713	0.000250298272108	0	0.00435936157254	1.66865514738e-05	0.000821812660087	0.00167282678525	0.000571514387979	0.00710847092786	0.0026448184086	3.33731029477e-05	0.000767581367797	1.66865514738e-05	0.000571514387979	0.000150178963265	0.000788439557139	9.59476709746e-05	4.17163786846e-06	4.17163786846e-05	0.00221096807028	0.000450536889794	0.00346245943082	0.000496424906347	0.00905245417456	3.33731029477e-05	0.000175208790475	0.000425507062583	0.00538558448818	0.000700835161901	0.0011638869653	0	2.92014650792e-05	0.00010846258458	0.00083849921156	0.00448033907073	0.00110548403514	0.00500179380428	0.0017854610077	0.000817641022218	3.75447408161e-05	2.50298272108e-05	0.000688320248296	0.000158522239001	0.000646603869611	0.000175208790475	0.000467223441268	9.17760331061e-05	4.17163786846e-06
0.0168867900915	0.000150178963265	0.00103456619138	0	0.000688320248296	0.000296186288661	0.00151847618412	0.00917343167274	0.00632837464645	0.00189392359228	0.00415077967912	0.00192729669523	0.000846842487297	0.000250298272108	0.0138039497067	5.423129229e-05	0.000442193614057	0.000880215590245	0.000187723704081	0.000525626371426	0.0012431480848	0.000980334899088	0.00105542438072	0.00160608057936	0.00319130296937	3.75447408161e-05	0.000863529038771	0.000621574042401	0.00756735109339	0.0434142352971	0.00906079745029	4.17163786846e-06	0.00150596127051	0.010149594934	0.013415987385	2.50298272108e-05	8.76043952377e-05	7.50894816323e-05	0	0.00032538775374	0	9.59476709746e-05	0.000329559391608	7.92611195007e-05	0.00112217058662	0.000175208790475	2.08581893423e-05	7.50894816323e-05	3.33731029477e-05	0.000133492411791	2.92014650792e-05	0.000116805860317	2.50298272108e-05	4.17163786846e-06	4.17163786846e-06	0.000171037152607	8.76043952377e-05	0.000667462058954	0.000146007325396	0.00142252851314	4.17163786846e-05	7.92611195007e-05	0.000100119308843	0.000821812660087	0.000208581893423	0.000292014650792	0	0	5.00596544215e-05	0.000200238617686	0.00235280375781	0.000675805334691	0.00916508839701	0.00179797592131	0.000425507062583	0.000133492411791	7.09178437638e-05	0.000196066979818	3.75447408161e-05	0.00016269387687	4.58880165531e-05	0.000129320773922	3.75447408161e-05	4.17163786846e-06
0.00860191728476	0.000258641547845	0.00465971949907	0	7.50894816323e-05	1.66865514738e-05	0.000204410255555	0.00940704339338	0.002315259017	0.00201490109047	0.000262813185713	0.000342074305214	5.423129229e-05	2.08581893423e-05	0.00433016010746	1.66865514738e-05	0.0010178796399	0.00268653478729	0.000133492411791	0.000471395079136	5.00596544215e-05	0.013795606431	0.00260310202992	0.00951967761583	0.00277413918253	2.08581893423e-05	0.00219010988094	0.00141001359954	0.0103790350167	0.00906079745029	0.0426800270322	4.17163786846e-06	5.00596544215e-05	0.00286591521563	0.00614482258024	5.00596544215e-05	0.000200238617686	0.000175208790475	0	0.000120977498185	4.17163786846e-06	4.17163786846e-05	0.000362932494556	5.423129229e-05	0.000846842487297	6.25745680269e-05	4.17163786846e-06	2.92014650792e-05	1.25149136054e-05	8.76043952377e-05	1.66865514738e-05	0.00037961904603	6.25745680269e-05	4.17163786846e-06	2.92014650792e-05	3.33731029477e-05	0.000221096807028	0.0017854610077	0.000250298272108	0.0010053647263	8.34327573692e-06	0.000129320773922	0.000221096807028	0.000955305071877	0.000200238617686	0.000667462058954	0	4.17163786846e-06	4.58880165531e-05	0.000279499737187	0.00212336367505	0.000817641022218	0.0042717571773	0.00158522239001	0.000191895341949	1.66865514738e-05	1.25149136054e-05	0.000212753531291	3.75447408161e-05	0.000175208790475	7.50894816323e-05	0.000120977498185	2.92014650792e-05	0
