0.0336508674102	0	7.74473358116e-05	0	9.03552251136e-05	0	0.00127357841112	0.0251273578411	0.0102273509569	0	0.000787381247418	0.00135102574694	4.30262976731e-06	0	0.023242806003	0.000382934049291	8.1749965579e-05	0.000262460415806	0.00033560512185	0.000481894533939	6.8842076277e-05	0.00646254991051	1.29078893019e-05	0.00308498554316	6.02368167424e-05	0	0.000477591904172	0.000916460140438	0.00613124741842	0.00994337739226	0.00902691725182	0	0	0.000206526228831	0.00301614346689	0	0	3.87236679058e-05	0	0	0	0	0	0	0	0	0	0	0	4.30262976731e-06	0	8.60525953463e-06	4.30262976731e-06	0	0	0	3.01184083712e-05	3.01184083712e-05	0.000189315709762	4.30262976731e-06	0	4.30262976731e-06	1.72105190693e-05	2.58157786039e-05	4.30262976731e-06	0	0	0	0	4.30262976731e-05	0.00249122263527	5.59341869751e-05	0.00541270824728	0.00232772270412	0.000989604846482	0	0	2.58157786039e-05	8.60525953463e-06	0.000146289412089	0.000159197301391	8.60525953463e-06	0	0
0	0.0128046261875	3.01184083712e-05	0	0	0	4.30262976731e-06	0	0	0.00115740740741	0	8.60525953463e-06	4.30262976731e-06	0.000189315709762	0	2.15131488366e-05	0.00181570976181	0	0	0	0	4.30262976731e-06	0.0048963926752	0.00033560512185	0.0017898939832	0.00143277571252	0.0011315916288	0.00924204874019	0.000567947129285	0	0	0	0	0	0	0	0.00300323557759	8.60525953463e-06	0	4.30262976731e-06	0	0	0	0	1.72105190693e-05	0	0	0	0.000318394602781	0	0	6.45394465097e-05	0	0	3.87236679058e-05	4.30262976731e-06	0	9.03552251136e-05	4.30262976731e-06	8.60525953463e-06	0.00086482858323	0.000830407545092	0.00316243287898	1.29078893019e-05	0	0	4.30262976731e-06	0	0	0	0	4.30262976731e-06	0	0	5.16315572078e-05	0	0	4.30262976731e-06	8.60525953463e-06	0	0	0	0	0
7.74473358116e-05	3.01184083712e-05	0.0207946096654	0	0	0	0	7.74473358116e-05	3.87236679058e-05	0	0	8.60525953463e-06	0	0	7.74473358116e-05	0	8.1749965579e-05	0.00661314195236	4.30262976731e-06	0.000425960346964	0	0.000180710450227	0	0.0061742737161	0	8.60525953463e-06	0.00299893294782	0.0130154550461	4.30262976731e-06	0	0.000107565744183	0	0	0	0.00011186837395	0	0.00172105190693	0.000180710450227	0	0	0	0	0	0	1.29078893019e-05	0	0	0	1.29078893019e-05	0	0	4.30262976731e-06	9.46578548809e-05	0	1.72105190693e-05	0	4.30262976731e-06	1.72105190693e-05	0.000219434118133	4.30262976731e-06	7.74473358116e-05	0.000740052319978	0.00391969571802	4.30262976731e-06	0	0	0	0	0	4.30262976731e-06	0.00040014456836	0.000296881453945	0.000271065675341	2.58157786039e-05	0	0	0	0.000210828858598	0.000365723530222	8.60525953463e-06	0	0	0	0
0	0	0	0	0	0	0	0	0	0	0	0	0	0	0	0	0	0	0	0	0	0	0	0	0	0	0	0	0	0	0	0	0	0	0	0	0	0	0	0	0	0	0	0	0	0	0	0	0	0	0	0	0	0	0	0	0	0	0	0	0	0	0	0	0	0	0	0	0	0	0	0	0	0	0	0	0	0	0	0	0	0	0	0
9.03552251136e-05	0	0	0	0.0261728968746	2.58157786039e-05	0.00316673550874	0.00513733994217	0.00379491945477	0.000374328789756	0.00553748451053	0.00252994630318	0.00534816880077	1.29078893019e-05	0.00320545917665	0.000632486575795	4.30262976731e-06	0	5.59341869751e-05	3.01184083712e-05	0.0139104020377	3.87236679058e-05	0	5.16315572078e-05	0.0053180503924	6.02368167424e-05	0.000675512873468	0	0.0119699160127	0.000533526091147	4.30262976731e-06	0	4.30262976731e-06	0	0.00190606498692	0	8.60525953463e-06	0	0	0.00255145945202	0	6.45394465097e-05	8.1749965579e-05	0.000271065675341	0.00157045986507	0.000481894533939	9.46578548809e-05	0.000129078893019	0.000185013079994	0.000314091973014	0	0	0	0	0	0.00151882830786	4.30262976731e-06	4.30262976731e-06	1.29078893019e-05	0.00508570838496	0.000163499931158	8.60525953463e-06	1.29078893019e-05	0.00229760429575	0.000245249896737	0	0	0.000129078893019	1.72105190693e-05	0.000395841938593	0.000537828720914	0.000301184083712	0.00432844554592	0.000189315709762	0.000189315709762	3.01184083712e-05	0.000326999862316	0.000228039377668	0.000193618339529	0.000185013079994	2.58157786039e-05	4.30262976731e-06	1.29078893019e-05	0.000137684152554
0	0	0	0	2.58157786039e-05	0.00523630042682	0.00317964339804	6.02368167424e-05	0.000593762907889	0	6.8842076277e-05	0	0.000296881453945	0	0.000206526228831	0.00249122263527	0	0	0	0	4.73289274405e-05	0	0	0	4.30262976731e-06	0	0	0	5.16315572078e-05	0	0	0	0.00166511771995	0	1.29078893019e-05	0	0	0	0	0	0	0	0	0	0	0	1.29078893019e-05	0	1.29078893019e-05	0	0	0	0	0	0	4.30262976731e-06	0	0	0	1.29078893019e-05	0	0	0	2.15131488366e-05	0	0	0	0	0	1.29078893019e-05	0.000236644637202	4.30262976731e-06	0.000473289274405	5.16315572078e-05	0.00120903896462	0.000705631281839	3.44210381385e-05	0	0	8.60525953463e-06	0	0	0	0
0.00127357841112	4.30262976731e-06	0	0	0.00316673550874	0.00317964339804	0.0538345036486	0.013166047088	0.0250671210244	0.000378631419524	0.0172363348479	0.000765868098582	0.0104639955941	2.15131488366e-05	0.0146203359493	0.00479312956079	2.15131488366e-05	0	4.30262976731e-06	4.30262976731e-06	0.00939264078205	0.000305486713479	1.72105190693e-05	0.000163499931158	0.000795986506953	9.03552251136e-05	0.000232342007435	4.30262976731e-06	0.00438437973289	0.00120903896462	8.60525953463e-06	0	0.0017511703153	1.29078893019e-05	0.00040014456836	0	8.60525953463e-06	0	0	3.87236679058e-05	0	1.29078893019e-05	6.8842076277e-05	0.000163499931158	0.0002237367479	3.87236679058e-05	0.000395841938593	1.29078893019e-05	0.000374328789756	0.000215131488366	4.30262976731e-06	4.30262976731e-06	0	1.29078893019e-05	4.30262976731e-06	3.01184083712e-05	4.30262976731e-06	4.30262976731e-06	1.72105190693e-05	0.0010799600716	0.000167802560925	8.60525953463e-06	1.29078893019e-05	0.000968091697646	0.000408749827895	4.30262976731e-06	0	9.03552251136e-05	0.000197920969296	0.000899249621369	0.002237367479	0.000305486713479	0.00199211758227	0.000301184083712	0.00518036623985	0.000387236679058	0.000387236679058	0.000146289412089	0.000193618339529	0.000580855018587	7.74473358116e-05	8.60525953463e-06	8.60525953463e-06	0.000185013079994
0.0251273578411	0	7.74473358116e-05	0	0.00513733994217	6.02368167424e-05	0.013166047088	0.0819693996971	0.0234665427509	0.000339907751618	0.0199383863417	0.00320115654688	0.000391539308826	0	0.0271194754234	0.00263751204736	0.000159197301391	0.000266763045573	0.000563644499518	0.000589460278122	0.00106705218229	0.0100423378769	8.60525953463e-06	0.00401865620267	0.00574831336913	1.29078893019e-05	0.000959486438111	0.000955183808344	0.0312715131488	0.0064109183533	0.0131187181605	0	1.72105190693e-05	3.01184083712e-05	0.00479312956079	0	0	3.87236679058e-05	0	0.00129078893019	0	4.30262976731e-06	8.60525953463e-06	7.31447060443e-05	0.000860525953463	0.000473289274405	0.000258157786039	0.000309789343247	0.000189315709762	9.46578548809e-05	0	8.60525953463e-06	4.30262976731e-06	1.72105190693e-05	8.60525953463e-06	0.0013424204874	3.01184083712e-05	3.01184083712e-05	0.000210828858598	0.00713376015421	0	8.60525953463e-06	2.58157786039e-05	0.00282252512736	0.000395841938593	4.30262976731e-06	0	3.87236679058e-05	0.000395841938593	0.000843315434394	0.0048576690073	0.000124776263252	0.0105285350406	0.00348513011152	0.00182861765111	2.15131488366e-05	8.1749965579e-05	0.000185013079994	2.58157786039e-05	0.000714236541374	0.000283973564643	2.15131488366e-05	3.01184083712e-05	1.72105190693e-05
0.0102273509569	0	3.87236679058e-05	0	0.00379491945477	0.000593762907889	0.0250671210244	0.0234665427509	0.0596989880215	8.60525953463e-06	0.0142244940107	0.000705631281839	0.00373038000826	2.58157786039e-05	0.0299979347377	0.00081749965579	9.89604846482e-05	8.60525953463e-06	1.29078893019e-05	2.58157786039e-05	0.00965079856808	0.00512873468264	0	0.00228039377668	0.000481894533939	0.00011186837395	7.31447060443e-05	0.000236644637202	0.00728004956629	0.00244389370783	0.00258588049016	0	0.000649697094864	1.72105190693e-05	0.00139405204461	0	8.60525953463e-06	4.30262976731e-06	0	8.60525953463e-06	0	0	0	8.60525953463e-06	1.29078893019e-05	0	7.31447060443e-05	1.29078893019e-05	0.000146289412089	1.72105190693e-05	0	4.30262976731e-06	0	4.30262976731e-06	4.30262976731e-06	2.15131488366e-05	1.29078893019e-05	1.72105190693e-05	3.44210381385e-05	0.000679815503236	0.000137684152554	1.29078893019e-05	1.29078893019e-05	0.000499105053008	5.16315572078e-05	4.30262976731e-06	0	8.60525953463e-06	3.87236679058e-05	0.000141986782321	0.00208247280738	0.000245249896737	0.00396702464546	0.00086482858323	0.00161348616274	0.000395841938593	0.000387236679058	9.89604846482e-05	0.000167802560925	0.000107565744183	3.44210381385e-05	0	8.60525953463e-06	0.000107565744183
0	0.00115740740741	0	0	0.000374328789756	0	0.000378631419524	0.000339907751618	8.60525953463e-06	0.0189315709762	4.73289274405e-05	9.46578548809e-05	0.00127357841112	1.29078893019e-05	0.000839012804626	0.000925065399972	0.000189315709762	0	0	0	0.000546433980449	4.30262976731e-06	0.00393690623709	1.72105190693e-05	0.0103908508881	0.00035281564092	2.58157786039e-05	0.000245249896737	0.00824383863417	0	0	0	0	0	4.30262976731e-06	3.01184083712e-05	0	0	0	0.000357118270687	0	0.00017640782046	0.000236644637202	0.000417355087429	0.00870852264904	0.000197920969296	5.59341869751e-05	4.30262976731e-05	0.00011186837395	0.000468986644637	0	9.03552251136e-05	0	4.30262976731e-06	0	0.000344210381385	4.30262976731e-06	8.1749965579e-05	0	0.00653999724632	5.59341869751e-05	0	1.72105190693e-05	0.00151882830786	0.000318394602781	6.02368167424e-05	0	6.02368167424e-05	0.000206526228831	0.00028827619441	0.000404447198127	9.03552251136e-05	0.0002237367479	0	0.00187594657855	0	0.000107565744183	0.00119182844555	3.87236679058e-05	0.000296881453945	0.00011186837395	1.72105190693e-05	3.01184083712e-05	0
0.000787381247418	0	0	0	0.00553748451053	6.8842076277e-05	0.0172363348479	0.0199383863417	0.0142244940107	4.73289274405e-05	0.0487358873744	0.00179849924274	0.00452636651521	0	0.00679815503236	0.00126927578136	4.30262976731e-06	0	0.000236644637202	9.03552251136e-05	0.0100853641746	0.000391539308826	0	0.0002237367479	0.000438868236266	4.30262976731e-06	0.00051201294231	0	0.0103349167011	0.000950881178576	2.15131488366e-05	0	1.29078893019e-05	1.29078893019e-05	0.00169953875809	0	0	0	0	0.000851920693928	0	0	4.30262976731e-06	1.29078893019e-05	0.00017640782046	0.000202223599064	8.60525953463e-05	5.16315572078e-05	6.45394465097e-05	2.15131488366e-05	0	0	0	1.72105190693e-05	4.30262976731e-06	0.000787381247418	8.60525953463e-06	8.60525953463e-06	3.44210381385e-05	0.00248692000551	0	0	8.60525953463e-06	0.00092936802974	0.000202223599064	4.30262976731e-06	0	1.72105190693e-05	0.000279670934875	0.000425960346964	0.000869131212997	2.15131488366e-05	0.00461672174033	0.000722841800909	0.000258157786039	4.30262976731e-05	3.01184083712e-05	8.1749965579e-05	4.30262976731e-06	0.000296881453945	0.000116171003717	1.29078893019e-05	1.29078893019e-05	0
0.00135102574694	8.60525953463e-06	8.60525953463e-06	0	0.00252994630318	0	0.000765868098582	0.00320115654688	0.000705631281839	9.46578548809e-05	0.00179849924274	0.0358839322594	0.000395841938593	0.0048963926752	0.0013036968195	6.8842076277e-05	0.000494802423241	0.00051201294231	0.0035152485199	0.00680676029189	0.00401005094314	0.0002237367479	6.45394465097e-05	0.00151882830786	0.000167802560925	0.00171244664739	0.00871712790858	0.000443170866033	0.00176838083437	0.000912157510671	8.60525953463e-06	0.000408749827895	0	0	0.0104596929643	0	3.44210381385e-05	0	0	0.000210828858598	0	0	4.30262976731e-06	2.15131488366e-05	4.30262976731e-05	8.60525953463e-05	0.000249552526504	0.000103263114416	0.00315382761944	1.72105190693e-05	0	2.15131488366e-05	0	4.30262976731e-06	2.15131488366e-05	0.000309789343247	8.60525953463e-06	7.74473358116e-05	0.000167802560925	0.00052922346138	0.000615276056726	8.1749965579e-05	6.8842076277e-05	0.000189315709762	3.01184083712e-05	0	5.59341869751e-05	4.30262976731e-06	3.01184083712e-05	0.000124776263252	0.00450485336638	0.00739622057001	0.018139887099	0.00253855156272	0.000159197301391	0.000133381522787	0.00190606498692	5.59341869751e-05	0.00081749965579	0.000137684152554	5.16315572078e-05	4.30262976731e-06	4.30262976731e-06	0.00011186837395
4.30262976731e-06	4.30262976731e-06	0	0	0.00534816880077	0.000296881453945	0.0104639955941	0.000391539308826	0.00373038000826	0.00127357841112	0.00452636651521	0.000395841938593	0.0276530015145	8.60525953463e-06	0.00388097205012	0.00262460415806	0	0	0	0	0.0143320597549	0	4.30262976731e-06	4.30262976731e-06	0.000305486713479	5.16315572078e-05	0.000189315709762	0	0.000765868098582	0.000172105190693	0	0	0.000271065675341	0	3.01184083712e-05	0	8.60525953463e-06	0	0	0.0002237367479	0	0.000993907476249	4.73289274405e-05	0.000425960346964	0.000443170866033	0.000684118133003	0.000253855156272	0.00307207765386	0.000262460415806	0.000408749827895	5.59341869751e-05	0	0	0	0	0.000585157648355	8.60525953463e-06	0	1.72105190693e-05	0.000443170866033	0.000103263114416	4.30262976731e-06	8.60525953463e-06	0.000228039377668	0.000645394465097	0	0	0.000154894671623	4.30262976731e-06	0.000451776125568	6.02368167424e-05	0.000189315709762	0.000701328652072	4.30262976731e-06	0.00137684152554	4.30262976731e-06	0.000249552526504	8.1749965579e-05	0.000129078893019	0.00024094726697	8.60525953463e-06	0.000851920693928	4.30262976731e-06	0.000103263114416
0	0.000189315709762	0	0	1.29078893019e-05	0	2.15131488366e-05	0	2.58157786039e-05	1.29078893019e-05	0	0.0048963926752	8.60525953463e-06	0.00962068015971	5.59341869751e-05	0	3.87236679058e-05	0	0	0	1.29078893019e-05	0	6.8842076277e-05	1.29078893019e-05	1.29078893019e-05	0.00302905135619	0.00163069668181	0.00105414429299	8.60525953463e-06	0	0	0.00118322318601	0	0	6.02368167424e-05	0	8.60525953463e-05	0	0	0	0	0	0	0	0	4.30262976731e-06	0.000189315709762	0	0.00344640644362	0	0	4.30262976731e-06	0	4.30262976731e-06	0	4.30262976731e-06	0	8.60525953463e-06	0	4.30262976731e-06	0.00156185460553	0.000322697232549	0.000555039239983	4.30262976731e-06	0	0	0.000159197301391	0	4.30262976731e-06	1.72105190693e-05	0	0.00325709073386	0.000361420900454	4.30262976731e-06	0	4.30262976731e-06	0.00133381522787	0	0.000524920831612	2.15131488366e-05	0	0	0	9.46578548809e-05
0.023242806003	0	7.74473358116e-05	0	0.00320545917665	0.000206526228831	0.0146203359493	0.0271194754234	0.0299979347377	0.000839012804626	0.00679815503236	0.0013036968195	0.00388097205012	5.59341869751e-05	0.0622762632521	0.000477591904172	7.31447060443e-05	0.000262460415806	0.000107565744183	0.000382934049291	0.0073316811235	0.00574831336913	1.29078893019e-05	0.00256436734132	0.0002237367479	0.000167802560925	0.00033560512185	0.000925065399972	0.00723272063885	0.00892795676718	0.00635068153656	0	6.02368167424e-05	5.16315572078e-05	0.00343780118408	0	0	3.87236679058e-05	0	0.000202223599064	0	3.01184083712e-05	0.000279670934875	0.000361420900454	0.000520618201845	9.89604846482e-05	0.000869131212997	0.000185013079994	0.000666907613934	0.00052922346138	0	1.29078893019e-05	4.30262976731e-06	0	4.30262976731e-06	0.000322697232549	3.44210381385e-05	3.87236679058e-05	0.000172105190693	0.00170814401762	4.30262976731e-05	8.60525953463e-06	6.8842076277e-05	0.00257297260085	0.000705631281839	0	0	0.000219434118133	1.72105190693e-05	0.00169093349855	0.00415203772546	0.000185013079994	0.00786950984442	0.00232342007435	0.00655720776539	0.000365723530222	0.000318394602781	0.000593762907889	0.000116171003717	0.00121334159438	0.000189315709762	8.60525953463e-06	1.29078893019e-05	0.000137684152554
0.000382934049291	2.15131488366e-05	0	0	0.000632486575795	0.00249122263527	0.00479312956079	0.00263751204736	0.00081749965579	0.000925065399972	0.00126927578136	6.8842076277e-05	0.00262460415806	0	0.000477591904172	0.0151323488916	0.000219434118133	0	3.01184083712e-05	1.29078893019e-05	0.000718539171141	0.00101972325485	4.30262976731e-05	0.00191467024645	0.00135102574694	4.30262976731e-06	1.29078893019e-05	4.30262976731e-06	0.00326999862316	3.44210381385e-05	0.000417355087429	0	0.000993907476249	0	0.000124776263252	0	0	8.60525953463e-06	0	4.30262976731e-05	0	0	8.60525953463e-06	4.30262976731e-06	9.46578548809e-05	8.60525953463e-06	8.60525953463e-06	4.30262976731e-06	8.60525953463e-06	1.29078893019e-05	0	2.15131488366e-05	0	0	0	3.87236679058e-05	8.60525953463e-06	2.58157786039e-05	6.45394465097e-05	0.000189315709762	4.30262976731e-06	0	8.60525953463e-06	4.30262976731e-05	1.29078893019e-05	4.30262976731e-06	0	8.60525953463e-06	1.29078893019e-05	9.89604846482e-05	0.00168232823902	0	0.000744354949745	0.00132090733857	0.00372177474873	6.02368167424e-05	0	4.73289274405e-05	4.30262976731e-06	0.000159197301391	0.000159197301391	0	0	0
8.1749965579e-05	0.00181570976181	8.1749965579e-05	0	4.30262976731e-06	0	2.15131488366e-05	0.000159197301391	9.89604846482e-05	0.000189315709762	4.30262976731e-06	0.000494802423241	0	3.87236679058e-05	7.31447060443e-05	0.000219434118133	0.0228297535454	0.000877736472532	1.29078893019e-05	0.000873433842765	0	0.00234923585295	0.0102144430676	0.0119182844555	0.00296020927991	0.000197920969296	0.000610973426959	0.00385515627151	0.00170814401762	6.02368167424e-05	0.000679815503236	0	0	4.30262976731e-06	0.00164360457111	0	3.87236679058e-05	3.87236679058e-05	0	0	0	0	0	4.30262976731e-06	8.60525953463e-06	0	0	0	7.74473358116e-05	0	0	0.00470277433567	0	0	8.60525953463e-06	0	0.000787381247418	0.00612264215889	0.000968091697646	0.00024094726697	6.02368167424e-05	6.8842076277e-05	0.000430262976731	0.00153173619716	4.30262976731e-06	0	0	4.30262976731e-06	0	3.87236679058e-05	0.00544712928542	0.000382934049291	0.00258157786039	0.000869131212997	6.8842076277e-05	4.30262976731e-06	0	7.31447060443e-05	3.87236679058e-05	0.000137684152554	0.000129078893019	0	0	0
0.000262460415806	0	0.00661314195236	0	0	0	0	0.000266763045573	8.60525953463e-06	0	0	0.00051201294231	0	0	0.000262460415806	0	0.000877736472532	0.0307078686493	3.44210381385e-05	0.00900970673276	0	0.00171244664739	1.29078893019e-05	0.0105414429299	8.60525953463e-06	0	0.00404016935151	0.00895807517555	0.000137684152554	0.000348513011152	0.00135102574694	4.30262976731e-06	0	8.60525953463e-06	0.00628614209005	0	0.000219434118133	0.00024094726697	0	0	0	0	0	0	0	0	0	0	0	0	0	8.60525953463e-06	0.000671210243701	0	8.1749965579e-05	0	4.30262976731e-05	3.44210381385e-05	0.00086482858323	4.30262976731e-06	1.72105190693e-05	0.000585157648355	0.000636789205562	4.73289274405e-05	0	0	0	0	0	4.30262976731e-06	0.00395411675616	0.00340768277571	0.00476731378218	0.000791683877186	3.01184083712e-05	0	0	0.000305486713479	0.000387236679058	2.15131488366e-05	2.15131488366e-05	0	0	0
0.00033560512185	0	4.30262976731e-06	0	5.59341869751e-05	0	4.30262976731e-06	0.000563644499518	1.29078893019e-05	0	0.000236644637202	0.0035152485199	0	0	0.000107565744183	3.01184083712e-05	1.29078893019e-05	3.44210381385e-05	0.00630335260911	0.00326139336362	3.01184083712e-05	4.73289274405e-05	1.29078893019e-05	0.000236644637202	4.73289274405e-05	8.60525953463e-06	0.00121334159438	0.00024094726697	0.000374328789756	4.30262976731e-06	4.30262976731e-06	0	0	0	0.00137684152554	0	4.30262976731e-05	0	0	0	0	0	0	0	0	0	0	0	4.30262976731e-06	0	0	8.60525953463e-06	0	0	4.30262976731e-06	0	8.60525953463e-06	2.58157786039e-05	9.46578548809e-05	4.30262976731e-06	3.01184083712e-05	0.000172105190693	0.000129078893019	1.29078893019e-05	0	0	0	0	0	0	0.00151882830786	0.000795986506953	0.00315813024921	0.000645394465097	0	0	0	8.60525953463e-06	0	0	0	0	0	0
0.000481894533939	0	0.000425960346964	0	3.01184083712e-05	0	4.30262976731e-06	0.000589460278122	2.58157786039e-05	0	9.03552251136e-05	0.00680676029189	0	0	0.000382934049291	1.29078893019e-05	0.000873433842765	0.00900970673276	0.00326139336362	0.0204762150626	3.01184083712e-05	0.00143707834228	3.44210381385e-05	0.00249552526504	4.30262976731e-05	0	0.00520187938868	0.0017898939832	0.000292578824177	0.000245249896737	0.000748657579513	0	0	4.30262976731e-06	0.00901831199229	0	0.000107565744183	6.02368167424e-05	0	0	0	0	0	0	0	0	0	0	0	0	0	4.30262976731e-06	1.29078893019e-05	0	3.87236679058e-05	0	3.01184083712e-05	6.02368167424e-05	0.000197920969296	0	3.87236679058e-05	0.000456078755335	0.000124776263252	3.01184083712e-05	0	0	0	0	0	4.30262976731e-06	0.00491790582404	0.00145859149112	0.00979278535041	0.00220294644086	3.44210381385e-05	0	0	4.73289274405e-05	2.58157786039e-05	3.44210381385e-05	3.44210381385e-05	0	0	0
6.8842076277e-05	0	0	0	0.0139104020377	4.73289274405e-05	0.00939264078205	0.00106705218229	0.00965079856808	0.000546433980449	0.0100853641746	0.00401005094314	0.0143320597549	1.29078893019e-05	0.0073316811235	0.000718539171141	0	0	3.01184083712e-05	3.01184083712e-05	0.0327128941209	1.72105190693e-05	0	3.01184083712e-05	0.000322697232549	6.02368167424e-05	0.00109717059067	0	0.00272356464271	0.000804591766488	0	0	8.60525953463e-06	0	0.00236644637202	0	8.60525953463e-06	0	0	0.000357118270687	0	6.45394465097e-05	8.1749965579e-05	0.000253855156272	0.000580855018587	0.000202223599064	7.74473358116e-05	3.44210381385e-05	0.000180710450227	0.00028827619441	0	0	0	0	0	0.0002237367479	4.30262976731e-06	4.30262976731e-06	1.72105190693e-05	0.000826104915324	0.000163499931158	8.60525953463e-06	8.60525953463e-06	0.000567947129285	0.000202223599064	0	0	0.000116171003717	1.72105190693e-05	0.000309789343247	0.000387236679058	0.000322697232549	0.00584727385378	0.000133381522787	0.000331302492083	1.72105190693e-05	0.000339907751618	0.000228039377668	0.000193618339529	0.000124776263252	2.58157786039e-05	4.30262976731e-06	8.60525953463e-06	0.000129078893019
0.00646254991051	4.30262976731e-06	0.000180710450227	0	3.87236679058e-05	0	0.000305486713479	0.0100423378769	0.00512873468264	4.30262976731e-06	0.000391539308826	0.0002237367479	0	0	0.00574831336913	0.00101972325485	0.00234923585295	0.00171244664739	4.73289274405e-05	0.00143707834228	1.72105190693e-05	0.0539334641333	0.00195339391436	0.027016212309	0.000103263114416	0	0.000727144430676	0.00182861765111	0.00879457524439	0.0017898939832	0.0216981619166	0	0	0.000326999862316	0.0090957593281	0	4.30262976731e-06	0.000219434118133	0	0	0	0	4.30262976731e-06	4.30262976731e-06	0	0	4.30262976731e-06	0	0	4.30262976731e-06	0	0.00229330166598	8.60525953463e-06	0	8.60525953463e-06	0	0.00188024920832	0.00351094589013	0.00101542062509	8.1749965579e-05	4.30262976731e-06	2.58157786039e-05	5.59341869751e-05	0.00256006471155	1.29078893019e-05	4.30262976731e-06	0	4.30262976731e-06	0	0.000129078893019	0.00794265455046	0.000894946991601	0.00784799669558	0.00333453806967	0.000653999724632	1.72105190693e-05	0	0.00062388131626	6.45394465097e-05	0.000408749827895	0.000382934049291	8.60525953463e-06	1.29078893019e-05	0
1.29078893019e-05	0.0048963926752	0	0	0	0	1.72105190693e-05	8.60525953463e-06	0	0.00393690623709	0	6.45394465097e-05	4.30262976731e-06	6.8842076277e-05	1.29078893019e-05	4.30262976731e-05	0.0102144430676	1.29078893019e-05	1.29078893019e-05	3.44210381385e-05	0	0.00195339391436	0.024611042269	0.00571389233099	0.00616566845656	0.000813197026022	0.000215131488366	0.00681966818119	0.00293439350131	0.000124776263252	0.000133381522787	0	0	0	3.87236679058e-05	0	9.89604846482e-05	4.30262976731e-06	0	1.72105190693e-05	0	0	0	0	0.000443170866033	0	0	0	0.00017640782046	0	0	0.00608391849098	0	0	4.30262976731e-06	1.72105190693e-05	0.00148010463996	0.00978418009087	0.000795986506953	0.00100681536555	0.000163499931158	3.44210381385e-05	0.0024352884483	0.00323557758502	4.30262976731e-06	0	0	0	4.30262976731e-06	0	0.000555039239983	0.000185013079994	0.00011186837395	6.45394465097e-05	0.000133381522787	0	0	6.02368167424e-05	1.72105190693e-05	4.30262976731e-06	4.30262976731e-06	0	0	0
0.00308498554316	0.00033560512185	0.0061742737161	0	5.16315572078e-05	0	0.000163499931158	0.00401865620267	0.00228039377668	1.72105190693e-05	0.0002237367479	0.00151882830786	4.30262976731e-06	1.29078893019e-05	0.00256436734132	0.00191467024645	0.0119182844555	0.0105414429299	0.000236644637202	0.00249552526504	3.01184083712e-05	0.027016212309	0.00571389233099	0.0854244114002	0.000283973564643	4.73289274405e-05	0.00277949882968	0.0153087567121	0.00192757813576	0.000972394327413	0.00714236541374	0	0	0.000348513011152	0.00789962825279	4.30262976731e-06	8.1749965579e-05	0.00142847308275	0	0	0	8.60525953463e-06	8.60525953463e-06	2.58157786039e-05	2.15131488366e-05	1.72105190693e-05	4.30262976731e-06	0	2.58157786039e-05	1.29078893019e-05	0	0.00811045711139	0.000718539171141	0	0.000103263114416	0	0.00192757813576	0.010502719262	0.00660883932259	6.02368167424e-05	3.44210381385e-05	0.000314091973014	0.0024352884483	0.00255576208178	2.58157786039e-05	8.60525953463e-06	0	1.72105190693e-05	0	0.000331302492083	0.0215002409473	0.00320545917665	0.0120215475699	0.0064238262426	0.00123915737299	2.15131488366e-05	4.30262976731e-06	0.00131230207903	0.000447473495801	0.000933670659507	0.000903552251136	2.15131488366e-05	8.60525953463e-06	4.30262976731e-06
6.02368167424e-05	0.0017898939832	0	0	0.0053180503924	4.30262976731e-06	0.000795986506953	0.00574831336913	0.000481894533939	0.0103908508881	0.000438868236266	0.000167802560925	0.000305486713479	1.29078893019e-05	0.0002237367479	0.00135102574694	0.00296020927991	8.60525953463e-06	4.73289274405e-05	4.30262976731e-05	0.000322697232549	0.000103263114416	0.00616566845656	0.000283973564643	0.0342618408371	0.000374328789756	3.01184083712e-05	0.00057655238882	0.0222618064161	3.87236679058e-05	5.59341869751e-05	0	0	0	0.00033560512185	2.15131488366e-05	0	4.30262976731e-06	0	0.00184152554041	0	8.60525953463e-05	2.58157786039e-05	0.000253855156272	0.00638079994493	0.000283973564643	3.44210381385e-05	0.00011186837395	8.60525953463e-05	0.000249552526504	0	0.000985302216715	0	0	4.30262976731e-06	0.00128648630043	0.000279670934875	0.00263751204736	4.30262976731e-06	0.0102316535867	6.02368167424e-05	4.30262976731e-06	1.29078893019e-05	0.00472428748451	0.000253855156272	3.87236679058e-05	0	8.1749965579e-05	9.46578548809e-05	0.000202223599064	0.00138114415531	8.60525953463e-06	0.00062388131626	0.000124776263252	0.00197060443343	4.30262976731e-06	8.60525953463e-06	0.00125636789206	8.1749965579e-05	0.000172105190693	8.60525953463e-06	0	4.30262976731e-06	8.60525953463e-06
0	0.00143277571252	8.60525953463e-06	0	6.02368167424e-05	0	9.03552251136e-05	1.29078893019e-05	0.00011186837395	0.00035281564092	4.30262976731e-06	0.00171244664739	5.16315572078e-05	0.00302905135619	0.000167802560925	4.30262976731e-06	0.000197920969296	0	8.60525953463e-06	0	6.02368167424e-05	0	0.000813197026022	4.73289274405e-05	0.000374328789756	0.00854502271789	0.000417355087429	0.00302044609665	0.000163499931158	0	0	4.73289274405e-05	0	0	0.000159197301391	0	0.000645394465097	0	0	4.30262976731e-06	0	0	4.30262976731e-06	0	6.8842076277e-05	0	0.00011186837395	0	0.00254715682225	0	0	1.72105190693e-05	0	0	4.30262976731e-06	4.30262976731e-06	0	6.02368167424e-05	0	3.87236679058e-05	0.0031323144706	0.000477591904172	0.00117031529671	3.44210381385e-05	4.30262976731e-06	0	4.73289274405e-05	0	0	1.29078893019e-05	8.60525953463e-06	0.0010799600716	0.000610973426959	0	4.30262976731e-05	5.59341869751e-05	0.00119182844555	2.15131488366e-05	0.000133381522787	1.29078893019e-05	4.30262976731e-06	0	0	7.74473358116e-05
0.000477591904172	0.0011315916288	0.00299893294782	0	0.000675512873468	0	0.000232342007435	0.000959486438111	7.31447060443e-05	2.58157786039e-05	0.00051201294231	0.00871712790858	0.000189315709762	0.00163069668181	0.00033560512185	1.29078893019e-05	0.000610973426959	0.00404016935151	0.00121334159438	0.00520187938868	0.00109717059067	0.000727144430676	0.000215131488366	0.00277949882968	3.01184083712e-05	0.000417355087429	0.0544454770756	0.0173051769241	0.000808894396255	8.1749965579e-05	0.000163499931158	0.00235353848272	0	0	0.00307638028363	0	0.00727144430676	0.000258157786039	0	8.60525953463e-06	0	0	0	4.30262976731e-06	0.000163499931158	4.30262976731e-06	3.44210381385e-05	4.30262976731e-06	0.00237505163156	4.30262976731e-06	0	2.58157786039e-05	5.59341869751e-05	1.29078893019e-05	0.00241807792923	1.29078893019e-05	7.74473358116e-05	0.000314091973014	0.000202223599064	8.60525953463e-05	0.00666477350957	0.0145945201707	0.0122108632796	0.000124776263252	8.60525953463e-06	0	0.000314091973014	0	4.30262976731e-06	3.01184083712e-05	0.00744354949745	0.00781357565744	0.00800719399697	0.00200932810134	2.58157786039e-05	0	1.29078893019e-05	0.000197920969296	0.000550736610216	3.87236679058e-05	1.72105190693e-05	0	0	4.30262976731e-06
0.000916460140438	0.00924204874019	0.0130154550461	0	0	0	4.30262976731e-06	0.000955183808344	0.000236644637202	0.000245249896737	0	0.000443170866033	0	0.00105414429299	0.000925065399972	4.30262976731e-06	0.00385515627151	0.00895807517555	0.00024094726697	0.0017898939832	0	0.00182861765111	0.00681966818119	0.0153087567121	0.00057655238882	0.00302044609665	0.0173051769241	0.0856997797054	0.000180710450227	1.29078893019e-05	0.001553249346	0.000271065675341	0	0	0.000430262976731	0	0.0190907682776	0.000572249759053	0	4.30262976731e-06	0	0	0	0	0.000413052457662	0	8.60525953463e-05	0	0.00295160402038	8.60525953463e-06	0	0.00209107806691	0.000146289412089	4.30262976731e-06	0.000985302216715	4.30262976731e-06	3.87236679058e-05	0.00600647115517	0.00184582817018	0.000124776263252	0.00801579925651	0.0103478245904	0.0313403552251	4.73289274405e-05	8.60525953463e-06	8.60525953463e-06	0.000228039377668	0	0	8.60525953463e-06	0.00318824865758	0.00075296020928	0.0015661572353	0.00052922346138	4.30262976731e-05	0	5.59341869751e-05	0.000572249759053	0.000443170866033	0.000124776263252	2.58157786039e-05	4.30262976731e-06	0	1.72105190693e-05
0.00613124741842	0.000567947129285	4.30262976731e-06	0	0.0119699160127	5.16315572078e-05	0.00438437973289	0.0312715131488	0.00728004956629	0.00824383863417	0.0103349167011	0.00176838083437	0.000765868098582	8.60525953463e-06	0.00723272063885	0.00326999862316	0.00170814401762	0.000137684152554	0.000374328789756	0.000292578824177	0.00272356464271	0.00879457524439	0.00293439350131	0.00192757813576	0.0222618064161	0.000163499931158	0.000808894396255	0.000180710450227	0.0824082679334	0.00527502409473	0.00659162880352	0	1.72105190693e-05	0.000245249896737	0.00249122263527	3.01184083712e-05	4.30262976731e-06	1.72105190693e-05	0	0.00280531460829	0	0.000189315709762	0.000159197301391	0.000585157648355	0.00831268071045	0.000662604984166	8.60525953463e-05	0.00017640782046	7.74473358116e-05	0.00062388131626	0	0.00113589425857	0	8.60525953463e-06	8.60525953463e-06	0.00209538069668	0.00116171003717	0.00379491945477	0.000103263114416	0.0133553627977	1.72105190693e-05	8.60525953463e-06	1.29078893019e-05	0.00710364174584	0.000615276056726	6.02368167424e-05	0	0.000129078893019	0.000408749827895	0.000555039239983	0.00863107531323	0.000503407682776	0.00621730001377	0.00208247280738	0.00150592041856	1.29078893019e-05	6.8842076277e-05	0.00211259121575	0.000107565744183	0.000533526091147	0.000206526228831	2.15131488366e-05	3.87236679058e-05	1.72105190693e-05
0.00994337739226	0	0	0	0.000533526091147	0	0.00120903896462	0.0064109183533	0.00244389370783	0	0.000950881178576	0.000912157510671	0.000172105190693	0	0.00892795676718	3.44210381385e-05	6.02368167424e-05	0.000348513011152	4.30262976731e-06	0.000245249896737	0.000804591766488	0.0017898939832	0.000124776263252	0.000972394327413	3.87236679058e-05	0	8.1749965579e-05	1.29078893019e-05	0.00527502409473	0.025110147322	0.00574831336913	0	0	0.00114019688834	0.00297741979898	0	0	0	0	0	0	0	0	0	0	0	0	0	0	0	0	8.60525953463e-06	0	0	0	0	0.000262460415806	0.000309789343247	1.29078893019e-05	0	0	0	0	0.000314091973014	0	0	0	0	0	4.30262976731e-06	0.000675512873468	8.60525953463e-06	0.00108856533113	0.000361420900454	0.000146289412089	8.60525953463e-06	0	4.30262976731e-06	0	1.72105190693e-05	1.72105190693e-05	0	4.30262976731e-06	0
0.00902691725182	0	0.000107565744183	0	4.30262976731e-06	0	8.60525953463e-06	0.0131187181605	0.00258588049016	0	2.15131488366e-05	8.60525953463e-06	0	0	0.00635068153656	0.000417355087429	0.000679815503236	0.00135102574694	4.30262976731e-06	0.000748657579513	0	0.0216981619166	0.000133381522787	0.00714236541374	5.59341869751e-05	0	0.000163499931158	0.001553249346	0.00659162880352	0.00574831336913	0.0447516522098	0	0	0.000662604984166	0.0109157717197	0	0	0.000146289412089	0	0	0	0	0	0	0	0	0	0	0	4.30262976731e-06	0	0.000271065675341	0	0	0	0	0.00057655238882	0.000869131212997	0.00033560512185	4.30262976731e-06	0	4.30262976731e-06	1.29078893019e-05	0.000580855018587	8.60525953463e-06	8.60525953463e-06	0	0	0	4.73289274405e-05	0.00169523612832	0.000197920969296	0.00613124741842	0.00271495938317	0.000589460278122	4.30262976731e-06	0	4.30262976731e-05	3.44210381385e-05	0.000228039377668	0.000228039377668	0	8.60525953463e-06	0
0	0	0	0	0	0	0	0	0	0	0	0.000408749827895	0	0.00118322318601	0	0	0	4.30262976731e-06	0	0	0	0	0	0	0	4.73289274405e-05	0.00235353848272	0.000271065675341	0	0	0	0.00261599889853	0	0	0	0	4.30262976731e-06	0	0	0	0	0	0	0	4.30262976731e-06	0	1.29078893019e-05	0	0.00137253889577	0	0	0	0	4.30262976731e-06	4.30262976731e-06	0	0	4.30262976731e-06	0	0	0.000507710312543	0.000189315709762	0.000370026159989	0	0	0	0.000189315709762	0	0	1.29078893019e-05	4.30262976731e-06	0.000886341732067	4.30262976731e-06	0	0	0	0	0	4.73289274405e-05	1.29078893019e-05	0	0	0	0
0	0	0	0	4.30262976731e-06	0.00166511771995	0.0017511703153	1.72105190693e-05	0.000649697094864	0	1.29078893019e-05	0	0.000271065675341	0	6.02368167424e-05	0.000993907476249	0	0	0	0	8.60525953463e-06	0	0	0	0	0	0	0	1.72105190693e-05	0	0	0	0.00218143329203	0	4.30262976731e-06	0	0	0	0	0	0	0	0	0	0	0	0	0	0	0	0	0	0	0	0	0	0	0	0	0	0	0	0	0	0	0	0	0	0	0	7.74473358116e-05	0	7.74473358116e-05	2.58157786039e-05	0.00057655238882	0.000197920969296	1.29078893019e-05	0	0	0	0	0	0	0
0.000206526228831	0	0	0	0	0	1.29078893019e-05	3.01184083712e-05	1.72105190693e-05	0	1.29078893019e-05	0	0	0	5.16315572078e-05	0	4.30262976731e-06	8.60525953463e-06	0	4.30262976731e-06	0	0.000326999862316	0	0.000348513011152	0	0	0	0	0.000245249896737	0.00114019688834	0.000662604984166	0	0	0.00193618339529	0.000658302354399	0	0	0	0	0	0	0	0	0	0	0	0	0	0	0	0	0	0	0	0	0	0	0	0	0	0	0	0	0	0	0	0	0	0	0	3.87236679058e-05	4.30262976731e-06	0.000103263114416	3.01184083712e-05	1.29078893019e-05	0	0	0	0	0	0	0	0	0
0.00301614346689	0	0.00011186837395	0	0.00190606498692	1.29078893019e-05	0.00040014456836	0.00479312956079	0.00139405204461	4.30262976731e-06	0.00169953875809	0.0104596929643	3.01184083712e-05	6.02368167424e-05	0.00343780118408	0.000124776263252	0.00164360457111	0.00628614209005	0.00137684152554	0.00901831199229	0.00236644637202	0.0090957593281	3.87236679058e-05	0.00789962825279	0.00033560512185	0.000159197301391	0.00307638028363	0.000430262976731	0.00249122263527	0.00297741979898	0.0109157717197	0	4.30262976731e-06	0.000658302354399	0.0388054178714	0	8.60525953463e-05	0.000266763045573	0	8.60525953463e-06	0	0	0	1.29078893019e-05	8.60525953463e-06	1.72105190693e-05	4.30262976731e-06	0	3.87236679058e-05	4.30262976731e-06	0	0.000146289412089	0	0	1.72105190693e-05	0	7.31447060443e-05	0.000202223599064	0.00068842076277	0.00011186837395	6.45394465097e-05	0.000202223599064	5.16315572078e-05	0.000124776263252	1.29078893019e-05	8.60525953463e-06	0	4.30262976731e-06	0	8.1749965579e-05	0.00695304970398	0.00100251273578	0.023410608564	0.00545573454495	0.000585157648355	0.000228039377668	0.000210828858598	0.000116171003717	8.1749965579e-05	0.000404447198127	0.000395841938593	0	1.72105190693e-05	3.01184083712e-05
0	0	0	0	0	0	0	0	0	3.01184083712e-05	0	0	0	0	0	0	0	0	0	0	0	0	0	4.30262976731e-06	2.15131488366e-05	0	0	0	3.01184083712e-05	0	0	0	0	0	0	0.0161563747763	0	0.000189315709762	0	2.15131488366e-05	0	6.8842076277e-05	0.00518897149938	0.00249552526504	2.58157786039e-05	0.000185013079994	2.15131488366e-05	0	1.29078893019e-05	0.00892365413741	0	8.60525953463e-06	0.000925065399972	0	3.87236679058e-05	3.44210381385e-05	0.000271065675341	0	0.000882039102299	0.000245249896737	0	3.87236679058e-05	0.000193618339529	0.000331302492083	0.00500395841939	0.00638079994493	0	8.60525953463e-06	6.45394465097e-05	0.000503407682776	0	0	0	0	0	0	0	6.45394465097e-05	3.01184083712e-05	0.000619578686493	0.000374328789756	3.01184083712e-05	9.89604846482e-05	0
0	0.00300323557759	0.00172105190693	0	8.60525953463e-06	0	8.60525953463e-06	0	8.60525953463e-06	0	0	3.44210381385e-05	8.60525953463e-06	8.60525953463e-05	0	0	3.87236679058e-05	0.000219434118133	4.30262976731e-05	0.000107565744183	8.60525953463e-06	4.30262976731e-06	9.89604846482e-05	8.1749965579e-05	0	0.000645394465097	0.00727144430676	0.0190907682776	4.30262976731e-06	0	0	4.30262976731e-06	0	0	8.60525953463e-05	0	0.0324719468539	8.1749965579e-05	0	4.30262976731e-06	0	0	0	0	0.00296020927991	0	3.01184083712e-05	0	0.000774473358116	0	0	0.000666907613934	3.44210381385e-05	4.30262976731e-06	0.00138544678508	4.30262976731e-06	4.30262976731e-06	0.00526211620542	3.44210381385e-05	0.00143707834228	0.0097798774611	0.00909145669833	0.0282639749415	8.60525953463e-06	0	0	8.60525953463e-06	0	0	4.30262976731e-06	0.000124776263252	8.1749965579e-05	5.16315572078e-05	0	0	0	2.58157786039e-05	1.29078893019e-05	9.89604846482e-05	4.30262976731e-06	0	4.30262976731e-06	0	1.29078893019e-05
3.87236679058e-05	8.60525953463e-06	0.000180710450227	0	0	0	0	3.87236679058e-05	4.30262976731e-06	0	0	0	0	0	3.87236679058e-05	8.60525953463e-06	3.87236679058e-05	0.00024094726697	0	6.02368167424e-05	0	0.000219434118133	4.30262976731e-06	0.00142847308275	4.30262976731e-06	0	0.000258157786039	0.000572249759053	1.72105190693e-05	0	0.000146289412089	0	0	0	0.000266763045573	0.000189315709762	8.1749965579e-05	0.0277863830373	0	4.30262976731e-06	0	4.30262976731e-06	0.000942275919042	0.000215131488366	0	0.000163499931158	8.60525953463e-06	0	4.30262976731e-06	0.000873433842765	0	1.29078893019e-05	0.0057913396668	0	0.000826104915324	0	0.00169953875809	1.72105190693e-05	0.0145299807242	0.000107565744183	4.30262976731e-06	0.00770600991326	0.0131961654964	0.000593762907889	0.000658302354399	0.000787381247418	0	8.60525953463e-06	0	0.000283973564643	0.00028827619441	6.45394465097e-05	6.02368167424e-05	2.15131488366e-05	4.30262976731e-06	0	0	0.000804591766488	0.000447473495801	0.000774473358116	0.00062388131626	4.30262976731e-06	0	0
0	0	0	0	0	0	0	0	0	0	0	0	0	0	0	0	0	0	0	0	0	0	0	0	0	0	0	0	0	0	0	0	0	0	0	0	0	0	0	0	0	0	0	0	0	0	0	0	0	0	0	0	0	0	0	0	0	0	0	0	0	0	0	0	0	0	0	0	0	0	0	0	0	0	0	0	0	0	0	0	0	0	0	0
0	4.30262976731e-06	0	0	0.00255145945202	0	3.87236679058e-05	0.00129078893019	8.60525953463e-06	0.000357118270687	0.000851920693928	0.000210828858598	0.0002237367479	0	0.000202223599064	4.30262976731e-05	0	0	0	0	0.000357118270687	0	1.72105190693e-05	0	0.00184152554041	4.30262976731e-06	8.60525953463e-06	4.30262976731e-06	0.00280531460829	0	0	0	0	0	8.60525953463e-06	2.15131488366e-05	4.30262976731e-06	4.30262976731e-06	0	0.014736506953	0	0.000301184083712	0.000150592041856	0.000413052457662	0.00181570976181	0.00349803800083	0.00104553903346	0.00285264353573	0.000748657579513	0.00147149938042	5.16315572078e-05	0	8.60525953463e-06	0	0	0.0120387580889	4.30262976731e-06	4.30262976731e-06	2.58157786039e-05	0.00630765523888	4.30262976731e-06	0	5.59341869751e-05	0.00144998623158	0.00191036761669	4.30262976731e-06	0	0.000344210381385	6.45394465097e-05	0.00238795952086	6.45394465097e-05	3.01184083712e-05	0.000374328789756	0	4.73289274405e-05	0	3.01184083712e-05	0.000456078755335	2.15131488366e-05	0.00192327550599	0.000232342007435	0.000494802423241	0.000120473633485	3.87236679058e-05
0	0	0	0	0	0	0	0	0	0	0	0	0	0	0	0	0	0	0	0	0	0	0	0	0	0	0	0	0	0	0	0	0	0	0	0	0	0	0	0	0.00359269585571	0.00179849924274	0	0.000925065399972	5.16315572078e-05	1.29078893019e-05	0	2.15131488366e-05	0	3.44210381385e-05	0.000718539171141	0	0	0	0	0	4.30262976731e-06	0	0	4.30262976731e-06	0	0	0	8.60525953463e-06	1.72105190693e-05	4.30262976731e-06	0	0.000860525953463	4.30262976731e-06	0.000296881453945	4.30262976731e-06	0	0	0	0	0	0	0.000133381522787	0	0.000154894671623	0	0.00115740740741	0.00062388131626	0
