0.0114323195565	0	4.07635381269e-05	0	3.70577619335e-05	3.70577619335e-06	0.000515102890876	0.00298685561184	0.00182694766332	0.000140819495347	0.000974619138852	3.70577619335e-06	7.04097476737e-05	3.70577619335e-06	0.00487309569426	5.92924190936e-05	5.55866429003e-05	7.41155238671e-06	0	0	5.55866429003e-05	0.000196406138248	0.000133407942961	0.000196406138248	0.000296462095468	0	0	2.22346571601e-05	0.000848622748278	0.00595518234272	0.00157866065837	0	0	0.000426164262236	0.000422458486042	0	0	0	0	0	0	3.70577619335e-06	3.70577619335e-06	3.70577619335e-06	4.81750905136e-05	0	0	7.41155238671e-06	0	0	0	0	0	0	0	3.70577619335e-06	0	1.85288809668e-05	0	2.59404333535e-05	0	0	0	7.41155238671e-06	0	0	0	0	0	0	0.000233463900181	7.04097476737e-05	0.000200111914441	5.92924190936e-05	0.000155642600121	1.11173285801e-05	7.41155238671e-06	7.41155238671e-06	0	0	0	3.70577619335e-06	0	0
0	0.0169316914274	0.00197147293486	0	0	0	0	2.96462095468e-05	0	2.59404333535e-05	3.70577619335e-06	0.000203817690634	0	5.55866429003e-05	0	0	0.000266815885921	0.00104873466272	4.81750905136e-05	0.000589218414743	0	0.000166759928701	0.00296091517849	0.000985736467432	4.07635381269e-05	0.000311285200242	0.00519920399927	0.00793406682997	7.04097476737e-05	2.22346571601e-05	0.000129702166767	0	0	0	0.000896797838791	0	0.00353160471227	0.00061886462429	0	0	0	0	0	0	1.11173285801e-05	0	7.78213000604e-05	0	4.44693143202e-05	0	0	2.96462095468e-05	0.000181583033474	7.41155238671e-06	9.63501810272e-05	0	3.70577619335e-05	0.000407635381269	0.000318696752628	7.41155238671e-06	0.000415046933655	0.000481750905136	0.00187141697764	3.70577619335e-06	3.70577619335e-06	1.48231047734e-05	0	0	0	0.000248287004955	0.000411341157462	0.00108949820085	0.000800447657764	0.000255698557341	2.22346571601e-05	1.11173285801e-05	3.70577619335e-06	8.52328524471e-05	0.000522514443263	0.000214935019214	5.55866429003e-05	3.70577619335e-06	0	0
4.07635381269e-05	0.00197147293486	0.0254623882245	0	0	0	1.48231047734e-05	0.000159348376314	3.70577619335e-05	4.44693143202e-05	7.41155238671e-06	5.55866429003e-05	0	1.48231047734e-05	4.81750905136e-05	0	0.00061886462429	0.0019492382777	3.70577619335e-06	0.000226052347795	0	0.00171206860133	0.00187512275384	0.0107096931988	8.52328524471e-05	3.70577619335e-06	0.00561425093293	0.00757090076302	0.000463222024169	8.52328524471e-05	0.0011154386342	0	0	2.59404333535e-05	0.00236057943517	0	0.00065221661003	0.000170465704894	0	3.70577619335e-06	0	0	3.70577619335e-06	0	2.59404333535e-05	0	1.11173285801e-05	0	3.70577619335e-06	0	0	4.07635381269e-05	6.67039714803e-05	0	3.70577619335e-06	0	2.59404333535e-05	0.000314990976435	0.000177877257281	2.22346571601e-05	1.11173285801e-05	6.2998195287e-05	0.000326108305015	1.85288809668e-05	0	1.48231047734e-05	0	0	0	4.44693143202e-05	0.00159348376314	0.00235687365897	0.00192329784435	0.00071892058151	5.18808667069e-05	2.96462095468e-05	2.59404333535e-05	2.96462095468e-05	0.000107467509607	3.33519857402e-05	1.11173285801e-05	0	0	3.70577619335e-06
0	0	0	0	0	0	0	0	0	0	0	0	0	0	0	0	0	0	0	0	0	0	0	0	0	0	0	0	0	0	0	0	0	0	0	0	0	0	0	0	0	0	0	0	0	0	0	0	0	0	0	0	0	0	0	0	0	0	0	0	0	0	0	0	0	0	0	0	0	0	0	0	0	0	0	0	0	0	0	0	0	0	0	0
3.70577619335e-05	0	0	0	0.0130109802149	0	0.000114879061994	0.00159718953933	0.000122290614381	6.2998195287e-05	0.00190847473958	0	0.000970913362658	0	0.000144525271541	3.70577619335e-06	3.70577619335e-06	0	0	0	0.00441357944628	1.11173285801e-05	1.11173285801e-05	1.11173285801e-05	0.00259033755915	0	0	0	0.0042949946081	4.44693143202e-05	4.07635381269e-05	0	0	7.41155238671e-06	2.22346571601e-05	7.41155238671e-06	0	0	0	0.00369095308858	0	0.000111173285801	3.33519857402e-05	1.48231047734e-05	2.96462095468e-05	0.000444693143202	0	0.000377989171722	0	3.70577619335e-06	7.41155238671e-06	0	0	0	0	0.00201223647299	0	3.70577619335e-06	3.70577619335e-06	0.000333519857402	0	0	0	0.000592924190936	0	3.70577619335e-06	0	0	0	3.70577619335e-06	1.48231047734e-05	3.70577619335e-06	3.70577619335e-06	0	7.41155238671e-06	0	0	7.41155238671e-06	0	0	0	3.70577619335e-06	0	0
3.70577619335e-06	0	0	0	0	0.00498056320387	0.00240875452568	3.70577619335e-06	0.000700391700544	0	1.11173285801e-05	1.11173285801e-05	0	3.70577619335e-06	0.000600335743323	0.00057439530997	0	0	0	3.70577619335e-06	0	3.70577619335e-06	0	3.70577619335e-06	0	3.70577619335e-06	0	0	7.41155238671e-06	0.000800447657764	3.70577619335e-06	0	0.0019492382777	3.70577619335e-06	0.000722626357704	0	0	0	0	0	0	0	0	0	0	0	0	0	0	0	0	0	0	0	0	0	0	0	0	0	0	0	0	0	0	0	0	0	0	0	2.59404333535e-05	1.11173285801e-05	0.000174171481088	5.18808667069e-05	0.000659628162417	0.00101908845317	0	0	0	0	0	0	0	0
0.000515102890876	0	1.48231047734e-05	0	0.000114879061994	0.00240875452568	0.0357199767277	0.00244210651142	0.0146896968304	0.000155642600121	0.00912362098803	7.41155238671e-06	0.00402817872217	0	0.00653328342888	0.00330184658828	1.48231047734e-05	7.41155238671e-06	0	0	0.000626276176677	3.33519857402e-05	4.07635381269e-05	3.70577619335e-05	0.000181583033474	0	3.70577619335e-06	1.11173285801e-05	0.000941267153112	0.00308320579287	0.000155642600121	0	0.00152307401547	0.000111173285801	0.0017305974823	3.70577619335e-06	0	0	0	0	0	0	1.11173285801e-05	0	3.33519857402e-05	0	0	0	0	0	0	0	0	0	0	3.70577619335e-06	0	3.70577619335e-06	0	2.59404333535e-05	0	0	0	7.41155238671e-06	0	0	0	0	0	0	0.000237169676375	4.81750905136e-05	0.00070780325293	0.000155642600121	0.00111173285801	0.00062998195287	0	1.11173285801e-05	0	0	0	3.70577619335e-06	0	0
0.00298685561184	2.96462095468e-05	0.000159348376314	0	0.00159718953933	3.70577619335e-06	0.00244210651142	0.0488754822141	0.00480639172278	0.00224570037317	0.0149046318497	3.70577619335e-06	0.00103391155795	0	0.00860481232096	0.000111173285801	0.000529925995649	3.70577619335e-05	0	0	0.00231240434465	0.00140819495347	0.000985736467432	0.00121920036761	0.0056846606806	0	3.70577619335e-05	0.000133407942961	0.0212822726784	0.00369465886477	0.00952755059311	0	3.70577619335e-06	0.000485456681329	0.00114137906755	2.96462095468e-05	0	1.11173285801e-05	0	7.78213000604e-05	0	2.59404333535e-05	0.000129702166767	0	0.000755978343444	1.11173285801e-05	0	4.44693143202e-05	0	1.85288809668e-05	1.11173285801e-05	4.07635381269e-05	7.41155238671e-06	0	0	5.92924190936e-05	2.59404333535e-05	8.89386286405e-05	3.70577619335e-05	0.000622570400483	0	0	1.11173285801e-05	0.000188994585861	1.48231047734e-05	4.81750905136e-05	0	0	7.41155238671e-06	4.81750905136e-05	0.00073003791009	0.000277933214501	0.000548454876616	0.000251992781148	0.000448398919396	2.59404333535e-05	3.70577619335e-06	7.41155238671e-05	0	7.41155238671e-06	7.41155238671e-06	2.96462095468e-05	0	0
0.00182694766332	0	3.70577619335e-05	0	0.000122290614381	0.000700391700544	0.0146896968304	0.00480639172278	0.0387327727729	0.000140819495347	0.00776730690127	3.70577619335e-05	0.00069668592435	7.41155238671e-06	0.020718994697	0.000933855600725	3.70577619335e-05	7.41155238671e-06	0	7.41155238671e-06	0.000370577619335	0.000114879061994	9.26444048338e-05	0.000103761733414	0.000426164262236	0	2.22346571601e-05	1.11173285801e-05	0.00142672383444	0.00558089894719	0.000503985562296	0	0.00113767329136	0.000248287004955	0.00214193863976	7.41155238671e-06	0	0	0	7.41155238671e-06	0	0	2.22346571601e-05	0	5.92924190936e-05	0	0	3.70577619335e-06	0	0	0	0	0	0	0	0	0	0	0	4.81750905136e-05	0	0	0	7.41155238671e-06	3.70577619335e-06	3.70577619335e-06	0	0	0	0	0.000366871843142	9.26444048338e-05	0.000915326719758	0.000181583033474	0.000844916972084	0.000418752709849	1.11173285801e-05	1.11173285801e-05	0	0	0	3.70577619335e-06	0	0
0.000140819495347	2.59404333535e-05	4.44693143202e-05	0	6.2998195287e-05	0	0.000155642600121	0.00224570037317	0.000140819495347	0.0156124351026	0.000366871843142	0	0.000711509029124	0	0.000307579424048	0.000174171481088	0.000459516247976	2.22346571601e-05	0	0	6.67039714803e-05	0.000340931409788	0.00296462095468	0.000466927800362	0.00714103072459	0	3.70577619335e-06	8.15270762538e-05	0.00345007763601	0.000400223828882	0.000881974734018	0	0	5.55866429003e-05	0.000285344766888	6.67039714803e-05	1.48231047734e-05	1.11173285801e-05	0	0.000177877257281	0	4.44693143202e-05	0.000266815885921	2.22346571601e-05	0.00202335380157	4.81750905136e-05	0	0.000125996390574	0	2.22346571601e-05	1.11173285801e-05	9.26444048338e-05	3.70577619335e-06	0	0	0.000148231047734	7.78213000604e-05	0.000352048738368	0.000100055957221	0.00131184477245	0	0	2.96462095468e-05	0.000474339352749	7.78213000604e-05	0.000300167871662	0	0	5.55866429003e-05	0.000170465704894	0.000440987367009	0.000122290614381	0.000148231047734	7.41155238671e-05	0.00125255235335	3.70577619335e-06	0	0.000140819495347	1.48231047734e-05	6.67039714803e-05	4.44693143202e-05	2.59404333535e-05	7.41155238671e-06	0
0.000974619138852	3.70577619335e-06	7.41155238671e-06	0	0.00190847473958	1.11173285801e-05	0.00912362098803	0.0149046318497	0.00776730690127	0.000366871843142	0.0410970579843	0	0.00294609207372	0	0.0081415902968	0.000188994585861	4.44693143202e-05	3.70577619335e-06	0	0	0.00341301987408	0.000114879061994	0.000111173285801	9.26444048338e-05	0.00140448917728	0	1.11173285801e-05	1.11173285801e-05	0.00910879788326	0.00108579242465	0.000489162457523	0	3.70577619335e-06	0.000181583033474	0.000333519857402	7.41155238671e-06	0	3.70577619335e-06	0	0.000678157043384	0	3.33519857402e-05	4.07635381269e-05	0	0.000125996390574	0.000318696752628	0	0.000137113719154	0	3.70577619335e-06	3.70577619335e-06	1.11173285801e-05	0	0	0	0.000548454876616	0	0	0	0.000111173285801	0	0	3.70577619335e-06	7.04097476737e-05	0	3.70577619335e-06	0	0	3.70577619335e-06	3.70577619335e-06	0.000144525271541	3.70577619335e-05	0.000170465704894	6.67039714803e-05	0.000200111914441	1.85288809668e-05	3.70577619335e-06	2.96462095468e-05	0	0	0	7.41155238671e-06	0	0
3.70577619335e-06	0.000203817690634	5.55866429003e-05	0	0	1.11173285801e-05	7.41155238671e-06	3.70577619335e-06	3.70577619335e-05	0	0	0.0275116824594	0	0.0071892058151	5.55866429003e-05	1.11173285801e-05	3.70577619335e-06	0.000626276176677	0.00455069316544	0.00593294768556	0	7.41155238671e-06	1.48231047734e-05	3.70577619335e-05	0	0.00255698557341	0.00896427261172	0.00117473105329	0	6.67039714803e-05	7.41155238671e-06	0.000329814081208	3.70577619335e-06	0	0.00488421302284	0	0.000281638990695	3.70577619335e-06	0	0	0	0	0	0	3.70577619335e-06	0	0.000326108305015	0	0.000307579424048	0	0	0	7.41155238671e-06	2.59404333535e-05	3.33519857402e-05	0	0	7.41155238671e-06	7.41155238671e-06	0	0.00116731950091	0.000289050543082	0.00059662996713	0	0	0	1.11173285801e-05	0	0	0.000111173285801	0.000144525271541	0.00314620398816	0.00347231229317	0.000159348376314	7.41155238671e-06	1.85288809668e-05	0.000455810471782	0	0.000222346571601	5.55866429003e-05	7.41155238671e-06	0	0	4.07635381269e-05
7.04097476737e-05	0	0	0	0.000970913362658	0	0.00402817872217	0.00103391155795	0.00069668592435	0.000711509029124	0.00294609207372	0	0.0182509477523	0	0.000448398919396	0.000989442243625	1.11173285801e-05	0	0	0	0.00491756500858	1.48231047734e-05	1.11173285801e-05	7.41155238671e-06	0.000996853796012	0	3.70577619335e-06	3.70577619335e-06	0.0010598519913	0.000133407942961	5.92924190936e-05	0	0	1.85288809668e-05	4.81750905136e-05	3.70577619335e-06	0	0	0	0.000170465704894	0	7.78213000604e-05	1.48231047734e-05	7.41155238671e-06	3.70577619335e-05	0.000314990976435	0	0.00153419134405	0	7.41155238671e-06	0	0	0	0	0	0.000541043324229	3.70577619335e-06	7.41155238671e-06	3.70577619335e-06	6.2998195287e-05	0	0	0	2.22346571601e-05	0	0	0	0	0	0	0.000100055957221	7.41155238671e-06	2.22346571601e-05	7.41155238671e-06	0.00067445126719	3.70577619335e-06	0	3.70577619335e-06	0	0	0	0	0	0
3.70577619335e-06	5.55866429003e-05	1.48231047734e-05	0	0	3.70577619335e-06	0	0	7.41155238671e-06	0	0	0.0071892058151	0	0.0172577997324	1.48231047734e-05	3.70577619335e-06	3.70577619335e-06	5.55866429003e-05	0.000644805057643	0.00068556859577	0	0	7.41155238671e-06	2.96462095468e-05	0	0.00477303973704	0.00391329966018	0.00144525271541	0	3.70577619335e-05	7.41155238671e-06	0.00060774729571	0	0	0.000578101086163	0	9.63501810272e-05	1.11173285801e-05	0	0	0	0	0	0	0	0	0.000296462095468	0	0.000289050543082	0	0	0	0	1.11173285801e-05	2.22346571601e-05	0	0	0	7.41155238671e-06	0	0.00110802708181	0.000177877257281	0.000285344766888	0	0	0	1.11173285801e-05	0	0	0.000129702166767	0.000137113719154	0.0017268917061	0.00127478701051	0.000151936823927	3.70577619335e-06	0	0.00100055957221	1.85288809668e-05	0.000214935019214	3.70577619335e-05	7.41155238671e-06	0	0	5.18808667069e-05
0.00487309569426	0	4.81750905136e-05	0	0.000144525271541	0.000600335743323	0.00653328342888	0.00860481232096	0.020718994697	0.000307579424048	0.0081415902968	5.55866429003e-05	0.000448398919396	1.48231047734e-05	0.0416195724275	0.00106355776749	8.15270762538e-05	1.11173285801e-05	3.70577619335e-06	1.11173285801e-05	0.000300167871662	0.000200111914441	0.000159348376314	0.000207523466828	0.000767095672024	3.70577619335e-06	2.22346571601e-05	2.59404333535e-05	0.00229758123988	0.0124217618001	0.00108949820085	0	0.00101167690079	0.00061886462429	0.00346860651698	1.11173285801e-05	3.70577619335e-06	3.70577619335e-06	0	1.85288809668e-05	0	3.70577619335e-06	2.59404333535e-05	3.70577619335e-06	0.000125996390574	0	3.70577619335e-06	1.48231047734e-05	3.70577619335e-06	0	0	7.41155238671e-06	0	0	0	1.48231047734e-05	0	2.59404333535e-05	0	8.15270762538e-05	7.41155238671e-06	0	7.41155238671e-06	2.22346571601e-05	7.41155238671e-06	1.48231047734e-05	0	0	0	3.70577619335e-06	0.000626276176677	0.000129702166767	0.00160830686792	0.000329814081208	0.00133037365341	0.00055216065281	1.48231047734e-05	2.59404333535e-05	3.70577619335e-06	0	0	3.70577619335e-06	0	0
5.92924190936e-05	0	0	0	3.70577619335e-06	0.00057439530997	0.00330184658828	0.000111173285801	0.000933855600725	0.000174171481088	0.000188994585861	1.11173285801e-05	0.000989442243625	3.70577619335e-06	0.00106355776749	0.00800077080145	1.11173285801e-05	3.70577619335e-06	0	3.70577619335e-06	3.70577619335e-06	7.41155238671e-06	7.41155238671e-06	2.22346571601e-05	2.96462095468e-05	0	3.70577619335e-06	7.41155238671e-06	3.33519857402e-05	0.000874563181631	1.85288809668e-05	0	0.000114879061994	1.85288809668e-05	0.00057439530997	0	0	0	0	0	0	0	0	0	7.41155238671e-06	0	0	0	0	0	0	0	0	0	0	0	0	0	0	7.41155238671e-06	0	0	0	3.70577619335e-06	0	0	0	0	0	0	0.000211229243021	2.22346571601e-05	0.000322402528822	6.2998195287e-05	0.00219752528266	0.000159348376314	0	3.70577619335e-06	0	0	0	0	0	0
5.55866429003e-05	0.000266815885921	0.00061886462429	0	3.70577619335e-06	0	1.48231047734e-05	0.000529925995649	3.70577619335e-05	0.000459516247976	4.44693143202e-05	3.70577619335e-06	1.11173285801e-05	3.70577619335e-06	8.15270762538e-05	1.11173285801e-05	0.0189995145433	7.04097476737e-05	0	7.41155238671e-06	7.41155238671e-06	0.00309432312145	0.00556237006622	0.00896056683553	0.0032870234835	0	7.78213000604e-05	0.00398370940785	0.00395035742211	0.000203817690634	0.00118214260568	0	0	5.55866429003e-05	0.00064109928145	1.48231047734e-05	2.96462095468e-05	1.85288809668e-05	0	3.70577619335e-06	0	7.41155238671e-06	1.48231047734e-05	3.70577619335e-06	0.000155642600121	0	3.70577619335e-06	3.70577619335e-06	3.70577619335e-06	3.70577619335e-06	3.70577619335e-06	4.44693143202e-05	1.11173285801e-05	0	0	0	3.33519857402e-05	0.000303873647855	5.55866429003e-05	6.67039714803e-05	0	3.70577619335e-06	1.48231047734e-05	4.81750905136e-05	7.41155238671e-06	7.04097476737e-05	0	0	7.41155238671e-06	1.11173285801e-05	0.00071892058151	0.00059662996713	0.000515102890876	0.000322402528822	5.55866429003e-05	7.41155238671e-06	3.70577619335e-06	4.44693143202e-05	3.70577619335e-06	1.11173285801e-05	1.11173285801e-05	3.70577619335e-06	0	0
7.41155238671e-06	0.00104873466272	0.0019492382777	0	0	0	7.41155238671e-06	3.70577619335e-05	7.41155238671e-06	2.22346571601e-05	3.70577619335e-06	0.000626276176677	0	5.55866429003e-05	1.11173285801e-05	3.70577619335e-06	7.04097476737e-05	0.0203521228539	0.000170465704894	0.00425793684616	0	0.000396518052689	0.000192700362054	0.00343896030743	1.11173285801e-05	0.000125996390574	0.00879751268302	0.0016713050632	6.2998195287e-05	1.85288809668e-05	0.000155642600121	0	0	3.70577619335e-06	0.00427275995094	0	0.000370577619335	5.55866429003e-05	0	0	0	0	0	0	7.41155238671e-06	0	2.96462095468e-05	0	1.48231047734e-05	0	0	0	1.48231047734e-05	0	3.70577619335e-06	0	1.11173285801e-05	2.22346571601e-05	2.59404333535e-05	7.41155238671e-06	9.26444048338e-05	4.44693143202e-05	0.000207523466828	7.41155238671e-06	0	7.41155238671e-06	0	0	0	2.96462095468e-05	0.000578101086163	0.0016713050632	0.0019529440539	0.000500279786103	2.59404333535e-05	3.70577619335e-06	1.48231047734e-05	1.85288809668e-05	6.2998195287e-05	2.96462095468e-05	1.11173285801e-05	0	0	0
0	4.81750905136e-05	3.70577619335e-06	0	0	0	0	0	0	0	0	0.00455069316544	0	0.000644805057643	3.70577619335e-06	0	0	0.000170465704894	0.00846399282562	0.00335002167879	0	0	0	1.11173285801e-05	0	0.000329814081208	0.00463222024169	0.000248287004955	0	3.70577619335e-06	0	3.70577619335e-05	0	0	0.000615158848097	0	7.41155238671e-05	0	0	0	0	0	0	0	0	0	4.81750905136e-05	0	5.55866429003e-05	0	0	0	3.70577619335e-06	7.41155238671e-06	3.70577619335e-06	0	0	0	0	0	0.000214935019214	5.55866429003e-05	0.000114879061994	0	0	0	0	0	0	7.41155238671e-06	1.48231047734e-05	0.000352048738368	0.000289050543082	7.41155238671e-06	0	3.70577619335e-06	2.59404333535e-05	3.70577619335e-06	4.44693143202e-05	1.48231047734e-05	0	0	0	0
0	0.000589218414743	0.000226052347795	0	0	3.70577619335e-06	0	0	7.41155238671e-06	0	0	0.00593294768556	0	0.00068556859577	1.11173285801e-05	3.70577619335e-06	7.41155238671e-06	0.00425793684616	0.00335002167879	0.0200630723108	0	2.22346571601e-05	4.07635381269e-05	0.000192700362054	0	0.000670745490997	0.0129220415862	0.00163054152508	0	1.85288809668e-05	3.33519857402e-05	3.70577619335e-06	3.70577619335e-06	0	0.00518067511831	0	0.000385400724109	1.48231047734e-05	0	0	0	0	0	0	3.70577619335e-06	0	0.000125996390574	0	0.000125996390574	0	0	0	3.33519857402e-05	1.48231047734e-05	3.33519857402e-05	0	0	7.41155238671e-06	1.48231047734e-05	0	0.000581806862356	0.000188994585861	0.000489162457523	0	0	0	7.41155238671e-06	0	0	7.04097476737e-05	0.000226052347795	0.00153419134405	0.00193812094912	0.000240875452568	3.70577619335e-06	1.11173285801e-05	3.33519857402e-05	3.70577619335e-06	0.000114879061994	3.70577619335e-05	3.70577619335e-06	0	0	7.41155238671e-06
5.55866429003e-05	0	0	0	0.00441357944628	0	0.000626276176677	0.00231240434465	0.000370577619335	6.67039714803e-05	0.00341301987408	0	0.00491756500858	0	0.000300167871662	3.70577619335e-06	7.41155238671e-06	0	0	0	0.0128627491671	1.11173285801e-05	1.48231047734e-05	3.70577619335e-06	0.00178988990139	0	0	0	0.00397629785547	4.81750905136e-05	4.07635381269e-05	0	0	1.11173285801e-05	1.48231047734e-05	0	0	0	0	7.78213000604e-05	0	7.41155238671e-06	0	0	3.33519857402e-05	1.85288809668e-05	0	1.85288809668e-05	0	0	7.41155238671e-06	7.41155238671e-06	0	0	0	4.81750905136e-05	0	3.70577619335e-06	3.70577619335e-06	3.70577619335e-05	0	0	0	1.48231047734e-05	0	3.70577619335e-06	0	0	0	3.70577619335e-06	1.11173285801e-05	3.70577619335e-06	3.70577619335e-06	0	1.11173285801e-05	0	0	3.70577619335e-06	0	0	0	0	0	0
0.000196406138248	0.000166759928701	0.00171206860133	0	1.11173285801e-05	3.70577619335e-06	3.33519857402e-05	0.00140819495347	0.000114879061994	0.000340931409788	0.000114879061994	7.41155238671e-06	1.48231047734e-05	0	0.000200111914441	7.41155238671e-06	0.00309432312145	0.000396518052689	0	2.22346571601e-05	1.11173285801e-05	0.0332482240068	0.00217899640169	0.0163128268031	0.00133037365341	3.70577619335e-06	0.000381694947915	0.00100797112459	0.00682974552435	0.000500279786103	0.0130850957387	0	0	0.000129702166767	0.00332037546924	0	5.55866429003e-05	2.59404333535e-05	0	0	0	0	7.41155238671e-06	0	0.000133407942961	0	3.70577619335e-06	3.70577619335e-06	0	0	0	3.33519857402e-05	1.85288809668e-05	0	3.70577619335e-06	3.70577619335e-06	2.22346571601e-05	0.000251992781148	5.18808667069e-05	7.41155238671e-05	3.70577619335e-06	1.48231047734e-05	2.96462095468e-05	2.96462095468e-05	7.41155238671e-06	2.22346571601e-05	0	0	0	2.22346571601e-05	0.00138596029631	0.00113026173897	0.00158977798695	0.000767095672024	0.000122290614381	1.85288809668e-05	0	4.44693143202e-05	2.22346571601e-05	2.22346571601e-05	1.48231047734e-05	7.41155238671e-06	0	0
0.000133407942961	0.00296091517849	0.00187512275384	0	1.11173285801e-05	0	4.07635381269e-05	0.000985736467432	9.26444048338e-05	0.00296462095468	0.000111173285801	1.48231047734e-05	1.11173285801e-05	7.41155238671e-06	0.000159348376314	7.41155238671e-06	0.00556237006622	0.000192700362054	0	4.07635381269e-05	1.48231047734e-05	0.00217899640169	0.02518445501	0.00548825454236	0.0043468754748	0	0.000526220219456	0.0071373249484	0.00349454695033	0.000381694947915	0.00209746932544	0	0	0.000107467509607	0.00131184477245	4.07635381269e-05	0.000566983757583	0.000370577619335	0	1.11173285801e-05	0	3.70577619335e-06	8.15270762538e-05	3.70577619335e-06	0.000726332133897	3.70577619335e-06	0	3.70577619335e-06	0	3.70577619335e-06	0	0.000300167871662	9.63501810272e-05	0	1.11173285801e-05	1.11173285801e-05	0.000237169676375	0.00279044947359	0.000811564986344	0.000344637185982	0	6.67039714803e-05	0.000533631771843	0.000318696752628	4.07635381269e-05	0.000374283395529	0	0	1.85288809668e-05	0.000281638990695	0.0015045451345	0.00147860470115	0.00117843682949	0.000633687729063	0.000137113719154	2.59404333535e-05	3.70577619335e-06	0.000303873647855	0.000140819495347	0.000229758123988	0.000114879061994	1.11173285801e-05	7.41155238671e-06	3.70577619335e-06
0.000196406138248	0.000985736467432	0.0107096931988	0	1.11173285801e-05	3.70577619335e-06	3.70577619335e-05	0.00121920036761	0.000103761733414	0.000466927800362	9.26444048338e-05	3.70577619335e-05	7.41155238671e-06	2.96462095468e-05	0.000207523466828	2.22346571601e-05	0.00896056683553	0.00343896030743	1.11173285801e-05	0.000192700362054	3.70577619335e-06	0.0163128268031	0.00548825454236	0.057094893811	0.00135260831057	1.48231047734e-05	0.00235316788278	0.00789330329184	0.0046248086893	0.000559572205196	0.00739302350574	0	3.70577619335e-06	0.000111173285801	0.00668522025281	7.41155238671e-06	0.000296462095468	9.63501810272e-05	0	3.70577619335e-06	0	3.70577619335e-06	7.41155238671e-06	0	0.000170465704894	0	3.70577619335e-06	7.41155238671e-06	7.41155238671e-06	0	3.70577619335e-06	9.26444048338e-05	2.96462095468e-05	0	0	7.41155238671e-06	5.18808667069e-05	0.00067445126719	0.000244581228761	0.000107467509607	1.11173285801e-05	4.07635381269e-05	0.000274227438308	7.04097476737e-05	0	7.04097476737e-05	0	0	0	7.41155238671e-05	0.00367983576	0.00369465886477	0.00413194045559	0.00207523466828	0.000188994585861	5.55866429003e-05	1.85288809668e-05	0.000100055957221	5.18808667069e-05	5.18808667069e-05	2.96462095468e-05	1.11173285801e-05	0	0
0.000296462095468	4.07635381269e-05	8.52328524471e-05	0	0.00259033755915	0	0.000181583033474	0.0056846606806	0.000426164262236	0.00714103072459	0.00140448917728	0	0.000996853796012	0	0.000767095672024	2.96462095468e-05	0.0032870234835	1.11173285801e-05	0	0	0.00178988990139	0.00133037365341	0.0043468754748	0.00135260831057	0.0315509785102	0	2.59404333535e-05	0.000226052347795	0.0158866625409	0.000678157043384	0.00177877257281	0	0	0.000159348376314	0.000544749100423	3.33519857402e-05	2.96462095468e-05	7.41155238671e-06	0	7.41155238671e-05	0	2.96462095468e-05	0.000103761733414	7.41155238671e-06	0.000822682314924	2.22346571601e-05	0	4.81750905136e-05	0	1.48231047734e-05	1.85288809668e-05	3.33519857402e-05	0	0	0	7.04097476737e-05	4.44693143202e-05	0.000211229243021	5.18808667069e-05	0.00055216065281	0	0	1.85288809668e-05	0.000222346571601	4.07635381269e-05	0.000118584838187	0	0	1.85288809668e-05	5.18808667069e-05	0.000459516247976	0.000214935019214	0.000266815885921	0.000137113719154	0.000385400724109	3.70577619335e-06	0	5.18808667069e-05	1.11173285801e-05	1.85288809668e-05	2.22346571601e-05	1.85288809668e-05	0	0
0	0.000311285200242	3.70577619335e-06	0	0	3.70577619335e-06	0	0	0	0	0	0.00255698557341	0	0.00477303973704	3.70577619335e-06	0	0	0.000125996390574	0.000329814081208	0.000670745490997	0	3.70577619335e-06	0	1.48231047734e-05	0	0.0110172726228	0.00249028160193	0.0021197039826	0	7.41155238671e-06	0	2.96462095468e-05	0	0	0.000503985562296	0	0.000200111914441	7.41155238671e-06	0	0	0	0	0	0	3.70577619335e-06	0	0.000626276176677	0	0.000511397114683	0	0	0	3.70577619335e-06	2.59404333535e-05	3.33519857402e-05	0	0	0	0	0	0.00231240434465	0.000359460290755	0.000667039714803	0	0	0	1.11173285801e-05	0	0	0.000300167871662	2.96462095468e-05	0.00102650000556	0.000466927800362	2.22346571601e-05	0	0	0.00059662996713	3.70577619335e-06	0.000463222024169	7.04097476737e-05	3.70577619335e-06	0	0	0.000107467509607
0	0.00519920399927	0.00561425093293	0	0	0	3.70577619335e-06	3.70577619335e-05	2.22346571601e-05	3.70577619335e-06	1.11173285801e-05	0.00896427261172	3.70577619335e-06	0.00391329966018	2.22346571601e-05	3.70577619335e-06	7.78213000604e-05	0.00879751268302	0.00463222024169	0.0129220415862	0	0.000381694947915	0.000526220219456	0.00235316788278	2.59404333535e-05	0.00249028160193	0.0634540057588	0.0188142257337	7.41155238671e-05	3.70577619335e-05	0.000248287004955	0.000726332133897	0	1.11173285801e-05	0.00661481050513	0	0.00209005777305	0.000207523466828	0	0	0	0	0	0	0	0	0.000296462095468	0	0.000318696752628	0	0	3.70577619335e-06	9.26444048338e-05	2.59404333535e-05	0.000122290614381	0	0	7.41155238671e-05	9.63501810272e-05	0	0.00154901444882	0.000733743686284	0.00180100722997	0	0	3.70577619335e-06	3.70577619335e-06	0	0	0.000192700362054	0.0010598519913	0.00420976175565	0.00406523648411	0.000907915167371	2.59404333535e-05	2.96462095468e-05	9.26444048338e-05	4.07635381269e-05	0.000340931409788	0.000133407942961	2.59404333535e-05	3.70577619335e-06	3.70577619335e-06	1.85288809668e-05
2.22346571601e-05	0.00793406682997	0.00757090076302	0	0	0	1.11173285801e-05	0.000133407942961	1.11173285801e-05	8.15270762538e-05	1.11173285801e-05	0.00117473105329	3.70577619335e-06	0.00144525271541	2.59404333535e-05	7.41155238671e-06	0.00398370940785	0.0016713050632	0.000248287004955	0.00163054152508	0	0.00100797112459	0.0071373249484	0.00789330329184	0.000226052347795	0.0021197039826	0.0188142257337	0.0545860833281	0.000470633576556	4.44693143202e-05	0.000611453071903	8.15270762538e-05	0	1.48231047734e-05	0.00244951806381	3.70577619335e-06	0.00160460109172	0.000352048738368	0	0	0	0	7.41155238671e-06	0	2.96462095468e-05	0	7.41155238671e-05	0	5.55866429003e-05	0	0	7.41155238671e-05	8.52328524471e-05	7.41155238671e-06	4.44693143202e-05	3.70577619335e-06	4.81750905136e-05	0.000589218414743	0.000226052347795	2.22346571601e-05	0.000452104695589	0.000318696752628	0.00104132311033	2.59404333535e-05	0	4.07635381269e-05	3.70577619335e-06	0	0	0.000163054152508	0.00147119314876	0.00280156680217	0.00207894044447	0.000815270762538	4.81750905136e-05	3.33519857402e-05	2.59404333535e-05	0.000100055957221	0.000266815885921	0.000170465704894	5.55866429003e-05	0	3.70577619335e-06	0
0.000848622748278	7.04097476737e-05	0.000463222024169	0	0.0042949946081	7.41155238671e-06	0.000941267153112	0.0212822726784	0.00142672383444	0.00345007763601	0.00910879788326	0	0.0010598519913	0	0.00229758123988	3.33519857402e-05	0.00395035742211	6.2998195287e-05	0	0	0.00397629785547	0.00682974552435	0.00349454695033	0.0046248086893	0.0158866625409	0	7.41155238671e-05	0.000470633576556	0.0582733306405	0.00163054152508	0.00877527802586	0	0	0.000307579424048	0.00138596029631	2.96462095468e-05	3.70577619335e-06	3.70577619335e-06	0	8.89386286405e-05	0	3.70577619335e-05	0.000100055957221	1.48231047734e-05	0.000970913362658	1.85288809668e-05	0	4.81750905136e-05	0	1.11173285801e-05	2.59404333535e-05	7.78213000604e-05	7.41155238671e-06	0	3.70577619335e-06	3.70577619335e-05	6.2998195287e-05	0.000392812276495	0.000107467509607	0.000722626357704	0	3.70577619335e-06	7.41155238671e-06	0.000322402528822	2.96462095468e-05	0.000137113719154	0	0	1.11173285801e-05	7.78213000604e-05	0.00100055957221	0.000589218414743	0.000830093867311	0.000437281590816	0.000381694947915	1.48231047734e-05	3.70577619335e-06	0.000107467509607	1.85288809668e-05	1.85288809668e-05	2.59404333535e-05	3.33519857402e-05	0	0
0.00595518234272	2.22346571601e-05	8.52328524471e-05	0	4.44693143202e-05	0.000800447657764	0.00308320579287	0.00369465886477	0.00558089894719	0.000400223828882	0.00108579242465	6.67039714803e-05	0.000133407942961	3.70577619335e-05	0.0124217618001	0.000874563181631	0.000203817690634	1.85288809668e-05	3.70577619335e-06	1.85288809668e-05	4.81750905136e-05	0.000500279786103	0.000381694947915	0.000559572205196	0.000678157043384	7.41155238671e-06	3.70577619335e-05	4.44693143202e-05	0.00163054152508	0.0358385615659	0.00399482673643	0	0.00114879061994	0.0041245289032	0.0059070072522	0	7.41155238671e-06	0	0	1.11173285801e-05	0	3.70577619335e-06	1.11173285801e-05	0	0.000122290614381	0	3.70577619335e-06	1.11173285801e-05	3.70577619335e-06	0	0	0	0	0	0	1.85288809668e-05	1.85288809668e-05	4.07635381269e-05	7.41155238671e-06	8.89386286405e-05	7.41155238671e-06	0	3.70577619335e-06	2.96462095468e-05	1.11173285801e-05	2.59404333535e-05	0	0	3.70577619335e-06	1.11173285801e-05	0.00132296210103	0.000329814081208	0.00250510470671	0.00066333393861	0.00131555054864	0.000715214805317	2.22346571601e-05	2.22346571601e-05	3.70577619335e-06	0	3.70577619335e-06	3.70577619335e-06	3.70577619335e-06	0
0.00157866065837	0.000129702166767	0.0011154386342	0	4.07635381269e-05	3.70577619335e-06	0.000155642600121	0.00952755059311	0.000503985562296	0.000881974734018	0.000489162457523	7.41155238671e-06	5.92924190936e-05	7.41155238671e-06	0.00108949820085	1.85288809668e-05	0.00118214260568	0.000155642600121	0	3.33519857402e-05	4.07635381269e-05	0.0130850957387	0.00209746932544	0.00739302350574	0.00177877257281	0	0.000248287004955	0.000611453071903	0.00877527802586	0.00399482673643	0.0372504622956	0	0	0.000333519857402	0.00326849460254	3.70577619335e-06	2.96462095468e-05	2.59404333535e-05	0	2.59404333535e-05	0	7.41155238671e-06	1.48231047734e-05	0	0.000263110109728	0	0	1.85288809668e-05	0	0	0	4.44693143202e-05	1.48231047734e-05	0	3.70577619335e-06	1.85288809668e-05	2.96462095468e-05	0.000233463900181	5.18808667069e-05	0.000200111914441	0	7.41155238671e-06	2.59404333535e-05	6.67039714803e-05	1.48231047734e-05	3.33519857402e-05	0	0	3.70577619335e-06	3.70577619335e-05	0.00162683574888	0.00115990794852	0.00161201264411	0.000755978343444	0.000196406138248	1.85288809668e-05	7.41155238671e-06	6.67039714803e-05	1.11173285801e-05	1.85288809668e-05	1.85288809668e-05	1.11173285801e-05	0	0
0	0	0	0	0	0	0	0	0	0	0	0.000329814081208	0	0.00060774729571	0	0	0	0	3.70577619335e-05	3.70577619335e-06	0	0	0	0	0	2.96462095468e-05	0.000726332133897	8.15270762538e-05	0	0	0	0.000863445853051	0	0	3.70577619335e-06	0	0	0	0	0	0	0	0	0	0	0	0	0	3.70577619335e-06	0	0	0	0	0	0	0	0	0	0	0	3.70577619335e-06	0	0	0	0	0	0	0	0	0	0	2.22346571601e-05	3.70577619335e-06	0	0	0	0	0	3.70577619335e-06	0	0	0	0	0
0	0	0	0	0	0.0019492382777	0.00152307401547	3.70577619335e-06	0.00113767329136	0	3.70577619335e-06	3.70577619335e-06	0	0	0.00101167690079	0.000114879061994	0	0	0	3.70577619335e-06	0	0	0	3.70577619335e-06	0	0	0	0	0	0.00114879061994	0	0	0.00420605597946	3.70577619335e-06	0.000659628162417	0	0	0	0	0	0	0	0	0	0	0	0	0	0	0	0	0	0	0	0	0	0	0	0	0	0	0	0	0	0	0	0	0	0	0	1.11173285801e-05	7.41155238671e-06	0.000151936823927	2.59404333535e-05	0.000140819495347	0.000589218414743	0	0	0	0	0	0	0	0
0.000426164262236	0	2.59404333535e-05	0	7.41155238671e-06	3.70577619335e-06	0.000111173285801	0.000485456681329	0.000248287004955	5.55866429003e-05	0.000181583033474	0	1.85288809668e-05	0	0.00061886462429	1.85288809668e-05	5.55866429003e-05	3.70577619335e-06	0	0	1.11173285801e-05	0.000129702166767	0.000107467509607	0.000111173285801	0.000159348376314	0	1.11173285801e-05	1.48231047734e-05	0.000307579424048	0.0041245289032	0.000333519857402	0	3.70577619335e-06	0.00484344948471	0.000822682314924	0	0	0	0	3.70577619335e-06	0	0	0	0	1.48231047734e-05	0	0	0	0	0	0	0	0	0	0	0	7.41155238671e-06	3.70577619335e-06	0	1.11173285801e-05	0	0	0	3.70577619335e-06	0	7.41155238671e-06	0	0	3.70577619335e-06	3.70577619335e-06	0.000352048738368	8.52328524471e-05	0.000270521662115	0.000100055957221	0.000125996390574	1.11173285801e-05	0	3.70577619335e-06	0	0	3.70577619335e-06	0	3.70577619335e-06	0
0.000422458486042	0.000896797838791	0.00236057943517	0	2.22346571601e-05	0.000722626357704	0.0017305974823	0.00114137906755	0.00214193863976	0.000285344766888	0.000333519857402	0.00488421302284	4.81750905136e-05	0.000578101086163	0.00346860651698	0.00057439530997	0.00064109928145	0.00427275995094	0.000615158848097	0.00518067511831	1.48231047734e-05	0.00332037546924	0.00131184477245	0.00668522025281	0.000544749100423	0.000503985562296	0.00661481050513	0.00244951806381	0.00138596029631	0.0059070072522	0.00326849460254	3.70577619335e-06	0.000659628162417	0.000822682314924	0.0431945273097	3.70577619335e-06	0.000433575814622	5.92924190936e-05	0	7.41155238671e-06	0	0	3.70577619335e-06	0	6.2998195287e-05	0	6.2998195287e-05	0	7.04097476737e-05	3.70577619335e-06	0	1.85288809668e-05	2.59404333535e-05	0	7.41155238671e-06	1.11173285801e-05	2.59404333535e-05	0.000133407942961	6.67039714803e-05	4.44693143202e-05	0.000348342962175	0.000166759928701	0.000415046933655	1.85288809668e-05	3.70577619335e-06	1.48231047734e-05	0	0	0	6.2998195287e-05	0.00554754696145	0.00490644768	0.0172022130895	0.00405782493172	0.00138596029631	0.00104132311033	0.000137113719154	0.000129702166767	0.000103761733414	7.78213000604e-05	6.2998195287e-05	3.70577619335e-06	7.41155238671e-06	3.70577619335e-06
0	0	0	0	7.41155238671e-06	0	3.70577619335e-06	2.96462095468e-05	7.41155238671e-06	6.67039714803e-05	7.41155238671e-06	0	3.70577619335e-06	0	1.11173285801e-05	0	1.48231047734e-05	0	0	0	0	0	4.07635381269e-05	7.41155238671e-06	3.33519857402e-05	0	0	3.70577619335e-06	2.96462095468e-05	0	3.70577619335e-06	0	0	0	3.70577619335e-06	0.0153530307691	3.70577619335e-06	1.48231047734e-05	0	0.000107467509607	0	0.00144154693921	0.00482862637994	0.00294979784991	0.000203817690634	0.000340931409788	3.70577619335e-06	0.00127478701051	0	0.00503244407057	0.000396518052689	9.63501810272e-05	1.48231047734e-05	0	0	0.00060774729571	0.000248287004955	8.15270762538e-05	0.000214935019214	0.00147119314876	0	7.41155238671e-06	1.85288809668e-05	0.00111173285801	0.00419864442707	0.00281268413075	0	2.59404333535e-05	0.000426164262236	0.00125996390574	1.11173285801e-05	3.70577619335e-06	7.41155238671e-06	0	0	0	0	0.000266815885921	2.22346571601e-05	0.000340931409788	9.63501810272e-05	0.000185288809668	3.70577619335e-05	0
0	0.00353160471227	0.00065221661003	0	0	0	0	0	0	1.48231047734e-05	0	0.000281638990695	0	9.63501810272e-05	3.70577619335e-06	0	2.96462095468e-05	0.000370577619335	7.41155238671e-05	0.000385400724109	0	5.55866429003e-05	0.000566983757583	0.000296462095468	2.96462095468e-05	0.000200111914441	0.00209005777305	0.00160460109172	3.70577619335e-06	7.41155238671e-06	2.96462095468e-05	0	0	0	0.000433575814622	3.70577619335e-06	0.0206522907256	0.00223458304459	0	0	0	3.70577619335e-06	7.41155238671e-06	0	3.70577619335e-06	0	0.000259404333535	3.70577619335e-06	0.000229758123988	0	0	0.000140819495347	0.00101908845317	4.81750905136e-05	0.000678157043384	3.70577619335e-06	0.000159348376314	0.00188994585861	0.00104132311033	1.11173285801e-05	0.00287938810223	0.00268298196399	0.0118844242521	1.85288809668e-05	1.11173285801e-05	8.15270762538e-05	3.70577619335e-06	0	3.70577619335e-06	0.00104132311033	0.000140819495347	0.00056327798139	0.000303873647855	7.78213000604e-05	7.41155238671e-06	0	0	0.000340931409788	0.00130072744387	0.000900503614985	0.000270521662115	7.41155238671e-06	1.11173285801e-05	0
0	0.00061886462429	0.000170465704894	0	0	0	0	1.11173285801e-05	0	1.11173285801e-05	3.70577619335e-06	3.70577619335e-06	0	1.11173285801e-05	3.70577619335e-06	0	1.85288809668e-05	5.55866429003e-05	0	1.48231047734e-05	0	2.59404333535e-05	0.000370577619335	9.63501810272e-05	7.41155238671e-06	7.41155238671e-06	0.000207523466828	0.000352048738368	3.70577619335e-06	0	2.59404333535e-05	0	0	0	5.92924190936e-05	1.48231047734e-05	0.00223458304459	0.0251955723386	0	0	0	1.11173285801e-05	2.96462095468e-05	0	2.96462095468e-05	3.70577619335e-06	4.81750905136e-05	1.11173285801e-05	2.59404333535e-05	1.85288809668e-05	0	0.000566983757583	0.00497685742767	0	0.000637393505257	7.41155238671e-06	0.00129331589148	0.00103020578175	0.00984254156954	4.81750905136e-05	0.000111173285801	0.00550678342332	0.0111840325515	0.000155642600121	3.70577619335e-05	0.000578101086163	3.70577619335e-06	0	7.41155238671e-06	0.00282750723553	6.2998195287e-05	0.000100055957221	6.2998195287e-05	3.70577619335e-05	3.70577619335e-06	0	0	0.00116361372471	0.00165648195843	0.0023420505542	0.000904209391178	4.44693143202e-05	8.15270762538e-05	1.85288809668e-05
0	0	0	0	0	0	0	0	0	0	0	0	0	0	0	0	0	0	0	0	0	0	0	0	0	0	0	0	0	0	0	0	0	0	0	0	0	0	0	0	0	0	0	0	0	0	0	0	0	0	0	0	0	0	0	0	0	0	0	0	0	0	0	0	0	0	0	0	0	0	0	0	0	0	0	0	0	0	0	0	0	0	0	0
0	0	3.70577619335e-06	0	0.00369095308858	0	0	7.78213000604e-05	7.41155238671e-06	0.000177877257281	0.000678157043384	0	0.000170465704894	0	1.85288809668e-05	0	3.70577619335e-06	0	0	0	7.78213000604e-05	0	1.11173285801e-05	3.70577619335e-06	7.41155238671e-05	0	0	0	8.89386286405e-05	1.11173285801e-05	2.59404333535e-05	0	0	3.70577619335e-06	7.41155238671e-06	0.000107467509607	0	0	0	0.0186882293431	0	0.00105244043891	0.000452104695589	0.000140819495347	0.000755978343444	0.00344637185982	0	0.00366871843142	0	0.000111173285801	4.81750905136e-05	2.59404333535e-05	3.70577619335e-06	0	0	0.00984254156954	2.96462095468e-05	3.70577619335e-05	4.44693143202e-05	0.00599224010465	0	0	0	0.00443581410344	7.04097476737e-05	0.000118584838187	0	0	1.11173285801e-05	7.41155238671e-05	1.48231047734e-05	0	3.70577619335e-06	3.70577619335e-06	1.11173285801e-05	0	0	5.55866429003e-05	3.70577619335e-06	1.48231047734e-05	3.70577619335e-06	5.18808667069e-05	3.70577619335e-06	0
0	0	0	0	0	0	0	0	0	0	0	0	0	0	0	0	0	0	0	0	0	0	0	0	0	0	0	0	0	0	0	0	0	0	0	0	0	0	0	0	0.00374283395529	0.00201964802538	0	0.000644805057643	0	3.70577619335e-06	0	1.11173285801e-05	0	0.000118584838187	0.000655922386223	0	0	0	0	0	0	0	0	0	0	0	0	0	0.000163054152508	3.70577619335e-06	0	0.000522514443263	0	0.000192700362054	0	0	0	0	0	0	0	3.70577619335e-06	0	1.85288809668e-05	3.70577619335e-06	0.000463222024169	0.000833799643504	0
3.70577619335e-06	0	0	0	0.000111173285801	0	0	2.59404333535e-05	0	4.44693143202e-05	3.33519857402e-05	0	7.78213000604e-05	0	3.70577619335e-06	0	7.41155238671e-06	0	0	0	7.41155238671e-06	0	3.70577619335e-06	3.70577619335e-06	2.96462095468e-05	0	0	0	3.70577619335e-05	3.70577619335e-06	7.41155238671e-06	0	0	0	0	0.00144154693921	3.70577619335e-06	1.11173285801e-05	0	0.00105244043891	0.00201964802538	0.0406153070791	0.00143784116302	0.0106615181083	0.000259404333535	0.00722996935323	7.04097476737e-05	0.0156420813121	7.41155238671e-06	0.00508061916109	0.00463592601788	1.48231047734e-05	1.11173285801e-05	3.70577619335e-06	7.41155238671e-06	0.00601076898562	7.04097476737e-05	3.33519857402e-05	7.41155238671e-05	0.00253475091625	0	7.41155238671e-06	1.48231047734e-05	0.00122661192	0.00397259207927	0.000374283395529	0	0.00146378159637	0.000140819495347	0.00314249821196	3.70577619335e-06	0	3.70577619335e-06	0	0	0	0	0.000385400724109	3.33519857402e-05	0.000989442243625	0.000229758123988	0.00205300001112	0.00181953611094	7.41155238671e-06
