3085	0	11	0	10	1	139	806	493	38	263	1	19	1	1315	16	15	2	0	0	15	53	36	53	80	0	0	6	229	1607	426	0	0	115	114	0	0	0	0	0	0	1	1	1	13	0	0	2	0	0	0	0	0	0	0	1	0	5	0	7	0	0	0	2	0	0	0	0	0	0	63	19	54	16	42	3	2	2	0	0	0	1	0	0
0	4569	532	0	0	0	0	8	0	7	1	55	0	15	0	0	72	283	13	159	0	45	799	266	11	84	1403	2141	19	6	35	0	0	0	242	0	953	167	0	0	0	0	0	0	3	0	21	0	12	0	0	8	49	2	26	0	10	110	86	2	112	130	505	1	1	4	0	0	0	67	111	294	216	69	6	3	1	23	141	58	15	1	0	0
11	532	6871	0	0	0	4	43	10	12	2	15	0	4	13	0	167	526	1	61	0	462	506	2890	23	1	1515	2043	125	23	301	0	0	7	637	0	176	46	0	1	0	0	1	0	7	0	3	0	1	0	0	11	18	0	1	0	7	85	48	6	3	17	88	5	0	4	0	0	0	12	430	636	519	194	14	8	7	8	29	9	3	0	0	1
0	0	0	0	0	0	0	0	0	0	0	0	0	0	0	0	0	0	0	0	0	0	0	0	0	0	0	0	0	0	0	0	0	0	0	0	0	0	0	0	0	0	0	0	0	0	0	0	0	0	0	0	0	0	0	0	0	0	0	0	0	0	0	0	0	0	0	0	0	0	0	0	0	0	0	0	0	0	0	0	0	0	0	0
10	0	0	0	3511	0	31	431	33	17	515	0	262	0	39	1	1	0	0	0	1191	3	3	3	699	0	0	0	1159	12	11	0	0	2	6	2	0	0	0	996	0	30	9	4	8	120	0	102	0	1	2	0	0	0	0	543	0	1	1	90	0	0	0	160	0	1	0	0	0	1	4	1	1	0	2	0	0	2	0	0	0	1	0	0
1	0	0	0	0	1344	650	1	189	0	3	3	0	1	162	155	0	0	0	1	0	1	0	1	0	1	0	0	2	216	1	0	526	1	195	0	0	0	0	0	0	0	0	0	0	0	0	0	0	0	0	0	0	0	0	0	0	0	0	0	0	0	0	0	0	0	0	0	0	0	7	3	47	14	178	275	0	0	0	0	0	0	0	0
139	0	4	0	31	650	9639	659	3964	42	2462	2	1087	0	1763	891	4	2	0	0	169	9	11	10	49	0	1	3	254	832	42	0	411	30	467	1	0	0	0	0	0	0	3	0	9	0	0	0	0	0	0	0	0	0	0	1	0	1	0	7	0	0	0	2	0	0	0	0	0	0	64	13	191	42	300	170	0	3	0	0	0	1	0	0
806	8	43	0	431	1	659	13189	1297	606	4022	1	279	0	2322	30	143	10	0	0	624	380	266	329	1534	0	10	36	5743	997	2571	0	1	131	308	8	0	3	0	21	0	7	35	0	204	3	0	12	0	5	3	11	2	0	0	16	7	24	10	168	0	0	3	51	4	13	0	0	2	13	197	75	148	68	121	7	1	20	0	2	2	8	0	0
493	0	10	0	33	189	3964	1297	10452	38	2096	10	188	2	5591	252	10	2	0	2	100	31	25	28	115	0	6	3	385	1506	136	0	307	67	578	2	0	0	0	2	0	0	6	0	16	0	0	1	0	0	0	0	0	0	0	0	0	0	0	13	0	0	0	2	1	1	0	0	0	0	99	25	247	49	228	113	3	3	0	0	0	1	0	0
38	7	12	0	17	0	42	606	38	4213	99	0	192	0	83	47	124	6	0	0	18	92	800	126	1927	0	1	22	931	108	238	0	0	15	77	18	4	3	0	48	0	12	72	6	546	13	0	34	0	6	3	25	1	0	0	40	21	95	27	354	0	0	8	128	21	81	0	0	15	46	119	33	40	20	338	1	0	38	4	18	12	7	2	0
263	1	2	0	515	3	2462	4022	2096	99	11090	0	795	0	2197	51	12	1	0	0	921	31	30	25	379	0	3	3	2458	293	132	0	1	49	90	2	0	1	0	183	0	9	11	0	34	86	0	37	0	1	1	3	0	0	0	148	0	0	0	30	0	0	1	19	0	1	0	0	1	1	39	10	46	18	54	5	1	8	0	0	0	2	0	0
1	55	15	0	0	3	2	1	10	0	0	7424	0	1940	15	3	1	169	1228	1601	0	2	4	10	0	690	2419	317	0	18	2	89	1	0	1318	0	76	1	0	0	0	0	0	0	1	0	88	0	83	0	0	0	2	7	9	0	0	2	2	0	315	78	161	0	0	0	3	0	0	30	39	849	937	43	2	5	123	0	60	15	2	0	0	11
19	0	0	0	262	0	1087	279	188	192	795	0	4925	0	121	267	3	0	0	0	1327	4	3	2	269	0	1	1	286	36	16	0	0	5	13	1	0	0	0	46	0	21	4	2	10	85	0	414	0	2	0	0	0	0	0	146	1	2	1	17	0	0	0	6	0	0	0	0	0	0	27	2	6	2	182	1	0	1	0	0	0	0	0	0
1	15	4	0	0	1	0	0	2	0	0	1940	0	4657	4	1	1	15	174	185	0	0	2	8	0	1288	1056	390	0	10	2	164	0	0	156	0	26	3	0	0	0	0	0	0	0	0	80	0	78	0	0	0	0	3	6	0	0	0	2	0	299	48	77	0	0	0	3	0	0	35	37	466	344	41	1	0	270	5	58	10	2	0	0	14
1315	0	13	0	39	162	1763	2322	5591	83	2197	15	121	4	11231	287	22	3	1	3	81	54	43	56	207	1	6	7	620	3352	294	0	273	167	936	3	1	1	0	5	0	1	7	1	34	0	1	4	1	0	0	2	0	0	0	4	0	7	0	22	2	0	2	6	2	4	0	0	0	1	169	35	434	89	359	149	4	7	1	0	0	1	0	0
16	0	0	0	1	155	891	30	252	47	51	3	267	1	287	2159	3	1	0	1	1	2	2	6	8	0	1	2	9	236	5	0	31	5	155	0	0	0	0	0	0	0	0	0	2	0	0	0	0	0	0	0	0	0	0	0	0	0	0	2	0	0	0	1	0	0	0	0	0	0	57	6	87	17	593	43	0	1	0	0	0	0	0	0
15	72	167	0	1	0	4	143	10	124	12	1	3	1	22	3	5127	19	0	2	2	835	1501	2418	887	0	21	1075	1066	55	319	0	0	15	173	4	8	5	0	1	0	2	4	1	42	0	1	1	1	1	1	12	3	0	0	0	9	82	15	18	0	1	4	13	2	19	0	0	2	3	194	161	139	87	15	2	1	12	1	3	3	1	0	0
2	283	526	0	0	0	2	10	2	6	1	169	0	15	3	1	19	5492	46	1149	0	107	52	928	3	34	2374	451	17	5	42	0	0	1	1153	0	100	15	0	0	0	0	0	0	2	0	8	0	4	0	0	0	4	0	1	0	3	6	7	2	25	12	56	2	0	2	0	0	0	8	156	451	527	135	7	1	4	5	17	8	3	0	0	0
0	13	1	0	0	0	0	0	0	0	0	1228	0	174	1	0	0	46	2284	904	0	0	0	3	0	89	1250	67	0	1	0	10	0	0	166	0	20	0	0	0	0	0	0	0	0	0	13	0	15	0	0	0	1	2	1	0	0	0	0	0	58	15	31	0	0	0	0	0	0	2	4	95	78	2	0	1	7	1	12	4	0	0	0	0
0	159	61	0	0	1	0	0	2	0	0	1601	0	185	3	1	2	1149	904	5414	0	6	11	52	0	181	3487	440	0	5	9	1	1	0	1398	0	104	4	0	0	0	0	0	0	1	0	34	0	34	0	0	0	9	4	9	0	0	2	4	0	157	51	132	0	0	0	2	0	0	19	61	414	523	65	1	3	9	1	31	10	1	0	0	2
15	0	0	0	1191	0	169	624	100	18	921	0	1327	0	81	1	2	0	0	0	3471	3	4	1	483	0	0	0	1073	13	11	0	0	3	4	0	0	0	0	21	0	2	0	0	9	5	0	5	0	0	2	2	0	0	0	13	0	1	1	10	0	0	0	4	0	1	0	0	0	1	3	1	1	0	3	0	0	1	0	0	0	0	0	0
53	45	462	0	3	1	9	380	31	92	31	2	4	0	54	2	835	107	0	6	3	8972	588	4402	359	1	103	272	1843	135	3531	0	0	35	896	0	15	7	0	0	0	0	2	0	36	0	1	1	0	0	0	9	5	0	1	1	6	68	14	20	1	4	8	8	2	6	0	0	0	6	374	305	429	207	33	5	0	12	6	6	4	2	0	0
36	799	506	0	3	0	11	266	25	800	30	4	3	2	43	2	1501	52	0	11	4	588	6796	1481	1173	0	142	1926	943	103	566	0	0	29	354	11	153	100	0	3	0	1	22	1	196	1	0	1	0	1	0	81	26	0	3	3	64	753	219	93	0	18	144	86	11	101	0	0	5	76	406	399	318	171	37	7	1	82	38	62	31	3	2	1
53	266	2890	0	3	1	10	329	28	126	25	10	2	8	56	6	2418	928	3	52	1	4402	1481	15407	365	4	635	2130	1248	151	1995	0	1	30	1804	2	80	26	0	1	0	1	2	0	46	0	1	2	2	0	1	25	8	0	0	2	14	182	66	29	3	11	74	19	0	19	0	0	0	20	993	997	1115	560	51	15	5	27	14	14	8	3	0	0
80	11	23	0	699	0	49	1534	115	1927	379	0	269	0	207	8	887	3	0	0	483	359	1173	365	8514	0	7	61	4287	183	480	0	0	43	147	9	8	2	0	20	0	8	28	2	222	6	0	13	0	4	5	9	0	0	0	19	12	57	14	149	0	0	5	60	11	32	0	0	5	14	124	58	72	37	104	1	0	14	3	5	6	5	0	0
0	84	1	0	0	1	0	0	0	0	0	690	0	1288	1	0	0	34	89	181	0	1	0	4	0	2973	672	572	0	2	0	8	0	0	136	0	54	2	0	0	0	0	0	0	1	0	169	0	138	0	0	0	1	7	9	0	0	0	0	0	624	97	180	0	0	0	3	0	0	81	8	277	126	6	0	0	161	1	125	19	1	0	0	29
0	1403	1515	0	0	0	1	10	6	1	3	2419	1	1056	6	1	21	2374	1250	3487	0	103	142	635	7	672	17123	5077	20	10	67	196	0	3	1785	0	564	56	0	0	0	0	0	0	0	0	80	0	86	0	0	1	25	7	33	0	0	20	26	0	418	198	486	0	0	1	1	0	0	52	286	1136	1097	245	7	8	25	11	92	36	7	1	1	5
6	2141	2043	0	0	0	3	36	3	22	3	317	1	390	7	2	1075	451	67	440	0	272	1926	2130	61	572	5077	14730	127	12	165	22	0	4	661	1	433	95	0	0	0	0	2	0	8	0	20	0	15	0	0	20	23	2	12	1	13	159	61	6	122	86	281	7	0	11	1	0	0	44	397	756	561	220	13	9	7	27	72	46	15	0	1	0
229	19	125	0	1159	2	254	5743	385	931	2458	0	286	0	620	9	1066	17	0	0	1073	1843	943	1248	4287	0	20	127	15725	440	2368	0	0	83	374	8	1	1	0	24	0	10	27	4	262	5	0	13	0	3	7	21	2	0	1	10	17	106	29	195	0	1	2	87	8	37	0	0	3	21	270	159	224	118	103	4	1	29	5	5	7	9	0	0
1607	6	23	0	12	216	832	997	1506	108	293	18	36	10	3352	236	55	5	1	5	13	135	103	151	183	2	10	12	440	9671	1078	0	310	1113	1594	0	2	0	0	3	0	1	3	0	33	0	1	3	1	0	0	0	0	0	0	5	5	11	2	24	2	0	1	8	3	7	0	0	1	3	357	89	676	179	355	193	6	6	1	0	1	1	1	0
426	35	301	0	11	1	42	2571	136	238	132	2	16	2	294	5	319	42	0	9	11	3531	566	1995	480	0	67	165	2368	1078	10052	0	0	90	882	1	8	7	0	7	0	2	4	0	71	0	0	5	0	0	0	12	4	0	1	5	8	63	14	54	0	2	7	18	4	9	0	0	1	10	439	313	435	204	53	5	2	18	3	5	5	3	0	0
0	0	0	0	0	0	0	0	0	0	0	89	0	164	0	0	0	0	10	1	0	0	0	0	0	8	196	22	0	0	0	233	0	0	1	0	0	0	0	0	0	0	0	0	0	0	0	0	1	0	0	0	0	0	0	0	0	0	0	0	1	0	0	0	0	0	0	0	0	0	0	6	1	0	0	0	0	0	1	0	0	0	0	0
0	0	0	0	0	526	411	1	307	0	1	1	0	0	273	31	0	0	0	1	0	0	0	1	0	0	0	0	0	310	0	0	1135	1	178	0	0	0	0	0	0	0	0	0	0	0	0	0	0	0	0	0	0	0	0	0	0	0	0	0	0	0	0	0	0	0	0	0	0	0	3	2	41	7	38	159	0	0	0	0	0	0	0	0
115	0	7	0	2	1	30	131	67	15	49	0	5	0	167	5	15	1	0	0	3	35	29	30	43	0	3	4	83	1113	90	0	1	1307	222	0	0	0	0	1	0	0	0	0	4	0	0	0	0	0	0	0	0	0	0	0	2	1	0	3	0	0	0	1	0	2	0	0	1	1	95	23	73	27	34	3	0	1	0	0	1	0	1	0
114	242	637	0	6	195	467	308	578	77	90	1318	13	156	936	155	173	1153	166	1398	4	896	354	1804	147	136	1785	661	374	1594	882	1	178	222	11656	1	117	16	0	2	0	0	1	0	17	0	17	0	19	1	0	5	7	0	2	3	7	36	18	12	94	45	112	5	1	4	0	0	0	17	1497	1324	4642	1095	374	281	37	35	28	21	17	1	2	1
0	0	0	0	2	0	1	8	2	18	2	0	1	0	3	0	4	0	0	0	0	0	11	2	9	0	0	1	8	0	1	0	0	0	1	4143	1	4	0	29	0	389	1303	796	55	92	1	344	0	1358	107	26	4	0	0	164	67	22	58	397	0	2	5	300	1133	759	0	7	115	340	3	1	2	0	0	0	0	72	6	92	26	50	10	0
0	953	176	0	0	0	0	0	0	4	0	76	0	26	1	0	8	100	20	104	0	15	153	80	8	54	564	433	1	2	8	0	0	0	117	1	5573	603	0	0	0	1	2	0	1	0	70	1	62	0	0	38	275	13	183	1	43	510	281	3	777	724	3207	5	3	22	1	0	1	281	38	152	82	21	2	0	0	92	351	243	73	2	3	0
0	167	46	0	0	0	0	3	0	3	1	1	0	3	1	0	5	15	0	4	0	7	100	26	2	2	56	95	1	0	7	0	0	0	16	4	603	6799	0	0	0	3	8	0	8	1	13	3	7	5	0	153	1343	0	172	2	349	278	2656	13	30	1486	3018	42	10	156	1	0	2	763	17	27	17	10	1	0	0	314	447	632	244	12	22	5
0	0	0	0	0	0	0	0	0	0	0	0	0	0	0	0	0	0	0	0	0	0	0	0	0	0	0	0	0	0	0	0	0	0	0	0	0	0	0	0	0	0	0	0	0	0	0	0	0	0	0	0	0	0	0	0	0	0	0	0	0	0	0	0	0	0	0	0	0	0	0	0	0	0	0	0	0	0	0	0	0	0	0	0
0	0	1	0	996	0	0	21	2	48	183	0	46	0	5	0	1	0	0	0	21	0	3	1	20	0	0	0	24	3	7	0	0	1	2	29	0	0	0	5043	0	284	122	38	204	930	0	990	0	30	13	7	1	0	0	2656	8	10	12	1617	0	0	0	1197	19	32	0	0	3	20	4	0	1	1	3	0	0	15	1	4	1	14	1	0
0	0	0	0	0	0	0	0	0	0	0	0	0	0	0	0	0	0	0	0	0	0	0	0	0	0	0	0	0	0	0	0	0	0	0	0	0	0	0	0	1010	545	0	174	0	1	0	3	0	32	177	0	0	0	0	0	0	0	0	0	0	0	0	0	44	1	0	141	0	52	0	0	0	0	0	0	0	1	0	5	1	125	225	0
1	0	0	0	30	0	0	7	0	12	9	0	21	0	1	0	2	0	0	0	2	0	1	1	8	0	0	0	10	1	2	0	0	0	0	389	1	3	0	284	545	10960	388	2877	70	1951	19	4221	2	1371	1251	4	3	1	2	1622	19	9	20	684	0	2	4	331	1072	101	0	395	38	848	1	0	1	0	0	0	0	104	9	267	62	554	491	2
1	0	1	0	9	0	3	35	6	72	11	0	4	0	7	0	4	0	0	0	0	2	22	2	28	0	0	2	27	3	4	0	0	0	1	1303	2	8	0	122	0	388	7133	384	183	543	1	565	0	452	69	75	19	0	0	456	196	67	160	1040	0	1	5	2455	335	1747	0	4	63	266	2	0	1	0	2	0	0	94	10	102	30	42	3	0
1	0	0	0	4	0	0	0	0	6	0	0	2	0	1	0	1	0	0	0	0	0	1	0	2	0	0	0	4	0	0	0	0	0	0	796	0	0	0	38	174	2877	384	7062	19	378	10	657	2	2178	385	9	0	0	0	214	17	3	16	249	0	2	2	148	744	108	0	472	36	491	0	0	0	0	0	0	0	50	3	140	32	201	189	0
13	3	7	0	8	0	9	204	16	546	34	1	10	0	34	2	42	2	0	1	9	36	196	46	222	1	0	8	262	33	71	0	0	4	17	55	1	8	0	204	0	70	183	19	3952	47	0	369	0	33	154	115	5	0	0	121	91	552	90	1900	0	1	9	477	59	230	0	1	35	140	37	11	12	4	32	0	0	138	5	52	31	155	4	0
0	0	0	0	120	0	0	3	0	13	86	0	85	0	0	0	0	0	0	0	5	0	1	0	6	0	0	0	5	0	0	0	0	0	0	92	0	1	0	930	1	1951	543	378	47	6502	0	2693	0	75	68	6	1	0	0	2472	14	1	12	733	0	1	0	862	40	34	0	0	11	39	0	0	0	0	0	0	0	10	1	10	2	16	1	0
0	21	3	0	0	0	0	0	0	0	0	88	0	80	1	0	1	8	13	34	0	1	0	1	0	169	80	20	0	1	0	0	0	0	17	1	70	13	0	0	0	19	1	10	0	0	7786	0	2354	13	4	3	14	719	365	0	7	1	10	0	812	1493	841	0	19	5	106	4	0	1110	3	49	16	1	0	0	4	22	553	624	43	9	27	254
2	0	0	0	102	0	0	12	1	34	37	0	414	0	4	0	1	0	0	0	5	1	1	2	13	0	0	0	13	3	5	0	0	0	0	344	1	3	0	990	3	4221	565	657	369	2693	0	9658	0	460	661	9	3	0	0	3615	27	18	29	1383	0	2	1	594	291	106	0	4	42	260	2	0	0	0	1	0	0	65	3	77	21	246	10	0
0	12	1	0	0	0	0	0	0	0	0	83	0	78	1	0	1	4	15	34	0	0	0	2	0	138	86	15	0	1	0	1	0	0	19	0	62	7	0	0	0	2	0	2	0	0	2354	0	4842	1	1	0	7	104	59	0	2	0	2	0	1113	1320	1516	0	3	1	361	0	0	213	4	27	13	3	0	0	5	4	246	152	6	0	2	97
0	0	0	0	1	0	0	5	0	6	1	0	2	0	0	0	1	0	0	0	0	0	1	0	4	0	0	0	3	0	0	0	0	0	1	1358	0	5	0	30	32	1371	452	2178	33	75	13	460	1	7387	377	11	4	0	2	154	25	10	34	255	0	2	0	133	2894	169	0	218	103	885	2	0	1	0	0	0	0	84	11	270	63	302	174	1
0	0	0	0	2	0	0	3	0	3	1	0	0	0	0	0	1	0	0	0	2	0	0	1	5	0	0	0	7	0	0	0	0	0	0	107	0	0	0	13	177	1251	69	385	154	68	4	661	1	377	2424	2	1	0	0	92	5	2	8	88	0	0	0	41	277	35	0	11	17	186	0	0	0	0	0	0	0	86	3	79	23	863	22	0
0	8	11	0	0	0	0	11	0	25	3	0	0	0	2	0	12	0	0	0	2	9	81	25	9	0	1	20	21	0	12	0	0	0	5	26	38	153	0	7	0	4	75	9	115	6	3	9	0	11	2	4873	45	0	0	5	1049	988	2182	567	0	6	481	957	26	338	0	1	12	261	8	4	8	4	0	0	0	183	58	169	98	8	10	0
0	49	18	0	0	0	0	2	0	1	0	2	0	0	0	0	3	4	1	9	0	5	26	8	0	1	25	23	2	0	4	0	0	0	7	4	275	1343	0	1	0	3	19	0	5	1	14	3	7	4	1	45	5737	20	1035	0	640	97	2496	16	28	880	756	28	14	217	0	0	2	1464	6	7	8	2	0	0	0	265	388	674	249	7	26	3
0	2	0	0	0	0	0	0	0	0	0	7	0	3	0	0	0	0	2	4	0	0	0	0	0	7	7	2	0	0	0	0	0	0	0	0	13	0	0	0	0	1	0	0	0	0	719	0	104	0	0	0	20	1117	282	0	0	0	1	0	75	336	147	0	0	0	10	0	0	35	0	2	1	0	0	0	0	0	29	29	2	0	1	1
0	26	1	0	0	0	0	0	0	0	0	9	0	6	0	0	0	1	1	9	0	1	3	0	0	9	33	12	1	0	1	0	0	0	2	0	183	172	0	0	0	2	0	0	0	0	365	0	59	2	0	0	1035	282	3448	0	24	12	116	0	114	1120	525	1	7	6	4	1	0	627	1	5	3	0	0	0	0	37	212	210	47	2	5	1
1	0	0	0	543	0	1	16	0	40	148	0	146	0	4	0	0	0	0	0	13	1	3	2	19	0	0	1	10	5	5	0	0	0	3	164	1	2	0	2656	0	1622	456	214	121	2472	0	3615	0	154	92	5	0	0	0	6608	13	12	8	1743	0	2	1	927	94	69	0	0	20	85	5	0	1	1	1	0	0	23	1	18	5	30	4	0
0	10	7	0	0	0	0	7	0	21	0	0	1	0	0	0	9	3	0	0	0	6	64	14	12	0	0	13	17	5	8	0	0	2	7	67	43	349	0	8	0	19	196	17	91	14	7	27	2	25	5	1049	640	0	24	13	10200	398	4238	266	2	88	243	1402	80	3751	0	1	31	1511	12	8	7	8	0	0	0	414	163	742	348	22	34	2
5	110	85	0	1	0	1	24	0	95	0	2	2	0	7	0	82	6	0	2	1	68	753	182	57	0	20	159	106	11	63	0	0	1	36	22	510	278	0	10	0	9	67	3	552	1	1	18	0	10	2	988	97	0	12	12	398	5065	1150	378	2	40	545	350	33	377	0	0	12	372	63	41	35	18	6	0	0	255	93	245	146	11	10	0
0	86	48	0	1	0	0	10	0	27	0	2	1	2	0	0	15	7	0	4	1	14	219	66	14	0	26	61	29	2	14	0	0	0	18	58	281	2656	0	12	0	20	160	16	90	12	10	29	2	34	8	2182	2496	1	116	8	4238	1150	16524	268	10	540	2037	890	73	1713	1	0	34	2079	39	25	15	12	0	0	0	963	509	1442	750	39	72	12
7	2	6	0	90	0	7	168	13	354	30	0	17	0	22	2	18	2	0	0	10	20	93	29	149	0	0	6	195	24	54	0	0	3	12	397	3	13	0	1617	0	684	1040	249	1900	733	0	1383	0	255	88	567	16	0	0	1743	266	378	268	11000	0	2	14	3817	246	557	0	1	84	355	31	6	10	5	29	0	0	158	13	112	37	79	8	0
0	112	3	0	0	0	0	0	0	0	0	315	0	299	2	0	0	25	58	157	0	1	0	3	0	624	418	122	0	2	0	1	0	0	94	0	777	30	0	0	0	0	0	0	0	0	812	0	1113	0	0	0	28	75	114	0	2	2	10	0	4130	978	2411	0	0	0	44	0	0	230	7	130	69	2	0	0	25	8	289	143	14	0	1	103
0	130	17	0	0	0	0	0	0	0	0	78	0	48	0	0	1	12	15	51	0	4	18	11	0	97	198	86	1	0	2	0	0	0	45	2	724	1486	0	0	0	2	1	2	1	1	1493	2	1320	2	0	6	880	336	1120	2	88	40	540	2	978	10494	4044	4	5	24	317	1	0	682	5	44	31	5	0	0	2	120	552	574	118	2	15	18
0	505	88	0	0	0	0	3	0	8	1	161	0	77	2	0	4	56	31	132	0	8	144	74	5	180	486	281	2	1	7	0	0	0	112	5	3207	3018	0	0	0	4	5	2	9	0	841	1	1516	0	0	481	756	147	525	1	243	545	2037	14	2411	4044	19235	48	11	99	216	1	2	952	24	135	72	14	1	0	4	292	919	815	253	7	22	17
2	1	5	0	160	0	2	51	2	128	19	0	6	0	6	1	13	2	0	0	4	8	86	19	60	0	0	7	87	8	18	0	0	1	5	300	5	42	0	1197	0	331	2455	148	477	862	0	594	0	133	41	957	28	0	1	927	1402	350	890	3817	0	4	48	11557	171	1117	0	0	62	368	15	8	4	3	5	0	0	188	29	167	57	42	11	0
0	1	0	0	0	0	0	4	1	21	0	0	0	0	2	0	2	0	0	0	0	2	11	0	11	0	0	0	8	3	4	0	0	0	1	1133	3	10	0	19	44	1072	335	744	59	40	19	291	3	2894	277	26	14	0	7	94	80	33	73	246	0	5	11	171	8693	915	0	515	1007	1992	2	1	1	0	1	0	0	276	40	594	163	360	259	3
0	4	4	0	1	0	0	13	1	81	1	0	0	0	4	0	19	2	0	0	1	6	101	19	32	0	1	11	37	7	9	0	0	2	4	759	22	156	0	32	1	101	1747	108	230	34	5	106	1	169	35	338	217	0	6	69	3751	377	1713	557	0	24	99	1117	915	10908	0	3	284	1675	10	3	4	5	2	0	0	530	112	627	281	67	41	3
0	0	0	0	0	0	0	0	0	0	0	3	0	3	0	0	0	0	0	2	0	0	0	0	0	3	1	1	0	0	0	0	0	0	0	0	1	1	0	0	0	0	0	0	0	0	106	0	361	0	0	0	0	10	4	0	0	0	1	0	44	317	216	0	0	0	488	0	0	6	0	1	0	0	0	0	0	1	6	2	0	0	0	1
0	0	0	0	0	0	0	0	0	0	0	0	0	0	0	0	0	0	0	0	0	0	0	0	0	0	0	0	0	0	0	0	0	0	0	7	0	0	0	0	141	395	4	472	1	0	4	4	0	218	11	1	0	0	1	0	1	0	0	1	0	1	1	0	515	3	0	1145	0	249	0	0	0	0	0	0	0	6	1	30	9	34	143	2
0	0	0	0	0	0	0	2	0	15	1	0	0	0	0	0	2	0	0	0	0	0	5	0	5	0	0	0	3	1	1	0	0	1	0	115	1	2	0	3	0	38	63	36	35	11	0	42	0	103	17	12	2	0	0	20	31	12	34	84	0	0	2	62	1007	284	0	0	1350	565	0	0	0	0	2	0	0	113	12	98	41	27	7	0
0	67	12	0	1	0	0	13	0	46	1	30	0	35	1	0	3	8	2	19	1	6	76	20	14	81	52	44	21	3	10	0	0	1	17	340	281	763	0	20	52	848	266	491	140	39	1110	260	213	885	186	261	1464	35	627	85	1511	372	2079	355	230	682	952	368	1992	1675	6	249	565	13208	35	33	30	18	6	1	10	1985	1002	5199	1782	497	666	156
63	111	430	0	4	7	64	197	99	119	39	39	27	37	169	57	194	156	4	61	3	374	406	993	124	8	286	397	270	357	439	0	3	95	1497	3	38	17	0	4	0	1	2	0	37	0	3	2	4	2	0	8	6	0	1	5	12	63	39	31	7	5	24	15	2	10	0	0	0	35	8066	2529	2081	1508	616	51	54	258	28	56	43	4	6	6
19	294	636	0	1	3	13	75	25	33	10	849	2	466	35	6	161	451	95	414	1	305	399	997	58	277	1136	756	159	89	313	6	2	23	1324	1	152	27	0	0	0	0	0	0	11	0	49	0	27	0	0	4	7	2	5	0	8	41	25	6	130	44	135	8	1	3	1	0	0	33	2529	7554	1943	972	72	28	193	60	43	26	12	2	1	6
54	216	519	0	1	47	191	148	247	40	46	937	6	344	434	87	139	527	78	523	1	429	318	1115	72	126	1097	561	224	676	435	1	41	73	4642	2	82	17	0	1	0	1	1	0	12	0	16	0	13	1	0	8	8	1	3	1	7	35	15	10	69	31	72	4	1	4	0	0	0	30	2081	1943	8913	2665	378	192	201	57	30	27	22	1	5	6
16	69	194	0	0	14	42	68	49	20	18	43	2	41	89	17	87	135	2	65	0	207	171	560	37	6	245	220	118	179	204	0	7	27	1095	0	21	10	0	1	0	0	0	0	4	0	1	0	3	0	0	4	2	0	0	1	8	18	12	5	2	5	14	3	0	5	0	0	0	18	1508	972	2665	3522	184	122	100	51	9	21	22	0	3	4
42	6	14	0	2	178	300	121	228	338	54	2	182	1	359	593	15	7	0	1	3	33	37	51	104	0	7	13	103	355	53	0	38	34	374	0	2	1	0	3	0	0	2	0	32	0	0	1	0	0	0	0	0	0	0	1	0	6	0	29	0	0	1	5	1	2	0	0	2	6	616	72	378	184	2676	88	3	18	2	4	4	4	2	1
3	3	8	0	0	275	170	7	113	1	5	5	1	0	149	43	2	1	1	3	0	5	7	15	1	0	8	9	4	193	5	0	159	3	281	0	0	0	0	0	0	0	0	0	0	0	0	0	0	0	0	0	0	0	0	0	0	0	0	0	0	0	0	0	0	0	0	0	0	1	51	28	192	122	88	781	2	2	1	2	2	0	0	0
2	1	7	0	0	0	0	1	3	0	1	123	0	270	4	0	1	4	7	9	0	0	1	5	0	161	25	7	1	6	2	0	0	0	37	0	0	0	0	0	0	0	0	0	0	0	4	0	5	0	0	0	0	0	0	0	0	0	0	0	25	2	4	0	0	0	0	0	0	10	54	193	201	100	3	2	550	1	9	1	0	0	0	4
2	23	8	0	2	0	3	20	3	38	8	0	1	5	7	1	12	5	1	1	1	12	82	27	14	1	11	27	29	6	18	0	0	1	35	72	92	314	0	15	1	104	94	50	138	10	22	65	4	84	86	183	265	0	37	23	414	255	963	158	8	120	292	188	276	530	1	6	113	1985	258	60	57	51	18	2	1	7096	1264	2308	1577	433	169	42
0	141	29	0	0	0	0	0	0	4	0	60	0	58	1	0	1	17	12	31	0	6	38	14	3	125	92	72	5	1	3	1	0	0	28	6	351	447	0	1	0	9	10	3	5	1	553	3	246	11	3	58	388	29	212	1	163	93	509	13	289	552	919	29	40	112	6	1	12	1002	28	43	30	9	2	1	9	1264	5303	1523	694	22	40	77
0	58	9	0	0	0	0	2	0	18	0	15	0	10	0	0	3	8	4	10	0	6	62	14	5	19	36	46	5	0	5	0	0	0	21	92	243	632	0	4	5	267	102	140	52	10	624	77	152	270	79	169	674	29	210	18	742	245	1442	112	143	574	815	167	594	627	2	30	98	5199	56	26	27	21	4	2	1	2308	1523	8844	3095	329	504	80
0	15	3	0	0	0	0	2	0	12	0	2	0	2	0	0	3	3	0	1	0	4	31	8	6	1	7	15	7	1	5	0	0	1	17	26	73	244	0	1	1	62	30	32	31	2	43	21	6	63	23	98	249	2	47	5	348	146	750	37	14	118	253	57	163	281	0	9	41	1782	43	12	22	22	4	2	0	1577	694	3095	3783	167	366	44
1	1	0	0	1	0	1	8	1	7	2	0	0	0	1	0	1	0	0	0	0	2	3	3	5	0	1	0	9	1	3	0	0	0	1	50	2	12	0	14	125	554	42	201	155	16	9	246	0	302	863	8	7	0	2	30	22	11	39	79	0	2	7	42	360	67	0	34	27	497	4	2	1	0	4	0	0	433	22	329	167	2431	219	0
0	0	0	0	0	0	0	0	0	2	0	0	0	0	0	0	0	0	0	0	0	0	2	0	0	0	1	1	0	1	0	0	0	1	2	10	3	22	0	1	225	491	3	189	4	1	27	10	2	174	22	10	26	1	5	4	34	10	72	8	1	15	22	11	259	41	0	143	7	666	6	1	5	3	2	0	0	169	40	504	366	219	1569	5
0	0	1	0	0	0	0	0	0	0	0	11	0	14	0	0	0	0	0	2	0	0	1	0	0	29	5	0	0	0	0	0	0	0	1	0	0	5	0	0	0	2	0	0	0	0	254	0	97	1	0	0	3	1	1	0	2	0	12	0	103	18	17	0	3	3	1	2	0	156	6	6	6	4	1	0	4	42	77	80	44	0	5	501
