0.0110390301953	0	2.77827941156e-05	0	0	9.26093137187e-06	2.77827941156e-05	0.00325521737721	0.00122707340677	0	1.38913970578e-05	4.63046568593e-06	0	0	0.00313945573506	5.55655882312e-05	0	0.000412111446048	0	0	0	0.000106500710776	0	0.00012502257352	0.000129653039206	0	0	3.24132598015e-05	0.000639004264659	0.00851542639643	0.00444987752418	0	0	0.000620482401915	0.00140303110284	0	0.000157435833322	0	0	0	0	0	0	0	0	0	0	0	0	0	0	0	0	0	0	0	0	0	0.000180588161751	0	0	0	0	0	0	0	0	0	0	0	2.31523284297e-05	0	0.00114835549011	0.00056954727937	0	2.31523284297e-05	0	0	0	0	0	0	0	0
0	0.0210408360769	0.00120855154403	0	0	0	0	4.63046568593e-06	0	0.00363954602914	0	9.26093137187e-06	4.63046568593e-06	0.00044452470585	0	4.63046568593e-06	0.00138450924009	0.000435263774478	0	0.0002963498039	0	1.38913970578e-05	0.00830242497488	4.63046568593e-05	0.00308852061252	0.00126874759795	0.00449155171536	0.0162529345576	5.55655882312e-05	0	0	0	0	0	0.000120392107834	0	0.00845523034252	9.26093137187e-06	0	0	0	0	0	9.26093137187e-06	0.000439894240164	0	4.63046568593e-06	0	0.00025004514704	9.26093137187e-06	0	3.24132598015e-05	0.00014817490195	0	4.63046568593e-06	0	0	0.000787179166609	2.77827941156e-05	6.9456985289e-05	0.000365806789189	0.000620482401915	0.00770046443571	1.85218627437e-05	0	0	0	0	0	0	0.00155583647047	6.9456985289e-05	9.72397794046e-05	4.63046568593e-06	4.63046568593e-06	0	0	3.70437254875e-05	2.77827941156e-05	9.26093137187e-06	0	9.26093137187e-06	0	9.26093137187e-06
2.77827941156e-05	0.00120855154403	0.0393960020559	0	0	2.77827941156e-05	1.85218627437e-05	0.000722352647006	0.00056954727937	4.16741911734e-05	9.26093137187e-06	5.09351225453e-05	0	0	0.000676047990146	9.26093137187e-06	0.00025004514704	0.00548247137215	0	0.000365806789189	0	0.000328763063701	3.24132598015e-05	0.0087886238719	0.000180588161751	0	0.00596867026917	0.0155907779645	0.000643634730345	5.55655882312e-05	0.000787179166609	0	2.31523284297e-05	0	0.000652895661717	2.77827941156e-05	0.0103490908081	0.00313019480369	0	4.63046568593e-06	0	0	0	2.31523284297e-05	0	0	0	0	0	4.16741911734e-05	0	3.24132598015e-05	0.00101870245091	0	4.63046568593e-06	4.63046568593e-06	4.63046568593e-06	0.000111131176462	0.00102333291659	3.24132598015e-05	0	0.000893679877385	0.00957580303851	2.31523284297e-05	0	2.77827941156e-05	0	0	0	2.77827941156e-05	0.00615851936229	0.00247266867629	0.00194016512241	0.000407480980362	9.26093137187e-06	2.31523284297e-05	0	0.000180588161751	0.000231523284297	8.33483823468e-05	8.33483823468e-05	1.38913970578e-05	0	0
0	0	0	0	0	0	0	0	0	0	0	0	0	0	0	0	0	0	0	0	0	0	0	0	0	0	0	0	0	0	0	0	0	0	0	0	0	0	0	0	0	0	0	0	0	0	0	0	0	0	0	0	0	0	0	0	0	0	0	0	0	0	0	0	0	0	0	0	0	0	0	0	0	0	0	0	0	0	0	0	0	0	0	0
0	0	0	0	0.0137339612245	4.16741911734e-05	0.000384328651933	0.000731613578378	6.9456985289e-05	0.00222262352925	0.0026347349753	9.26093137187e-06	0.00221799306356	0	6.9456985289e-05	4.63046568593e-06	0	0	9.26093137187e-06	9.26093137187e-06	0.00453322590653	0	0	0	0.0084598608082	0	1.38913970578e-05	9.26093137187e-06	0.00558897208292	0.000199110024495	0	0	4.16741911734e-05	0	0.000152805367636	0	0	0	0	0.00228745004885	9.26093137187e-06	1.38913970578e-05	0	4.63046568593e-06	0.000977028259732	9.26093137187e-06	4.63046568593e-06	0.000356545857817	0	9.26093137187e-06	1.85218627437e-05	0	0	4.63046568593e-06	0	0.00140766156852	0	0	0	0.00294034571057	0	2.77827941156e-05	0	0.00138913970578	4.63046568593e-06	0	0	4.63046568593e-06	0	7.40874509749e-05	0.000208370955867	1.38913970578e-05	0.000324132598015	8.79788480327e-05	0.000676047990146	5.09351225453e-05	0	3.70437254875e-05	0	6.01960539171e-05	0	5.09351225453e-05	4.63046568593e-06	0
9.26093137187e-06	0	2.77827941156e-05	0	4.16741911734e-05	0.0113539018619	0.00795514004843	0.00135209598029	0.00486198897023	0.000625112867601	0.00205592676455	0.000101870245091	0.000412111446048	3.70437254875e-05	0.00225040632336	0.00349137112719	5.09351225453e-05	0	4.63046568593e-06	3.24132598015e-05	0.000328763063701	0	0	0.000120392107834	0.000666787058775	0	6.48265196031e-05	7.87179166609e-05	0.000703830784262	0.000175957696065	4.63046568593e-06	0	0.00203277443613	4.16741911734e-05	0.000268567009784	0	4.63046568593e-06	4.63046568593e-06	0	4.63046568593e-06	1.85218627437e-05	4.16741911734e-05	0	6.01960539171e-05	1.85218627437e-05	4.63046568593e-06	0	9.26093137187e-06	0	4.63046568593e-05	9.26093137187e-06	0	3.24132598015e-05	0	3.24132598015e-05	0	0	4.63046568593e-06	6.48265196031e-05	2.77827941156e-05	0	4.16741911734e-05	1.38913970578e-05	0	9.26093137187e-06	0	0	2.77827941156e-05	0	0.00012502257352	0.00142618343127	0.000152805367636	0.00170401137242	0.000814961960724	0.00231986330865	0.00163455438713	2.31523284297e-05	6.9456985289e-05	9.26093137187e-06	0.000134283504892	0.000134283504892	8.33483823468e-05	0.000106500710776	9.26093137187e-06
2.77827941156e-05	0	1.85218627437e-05	0	0.000384328651933	0.00795514004843	0.0400257453892	0.011131639509	0.0188413648761	0.00131968272049	0.0185126018124	0.000898310343071	0.00680678455832	3.24132598015e-05	0.0057927125731	0.00513055598001	2.77827941156e-05	0	0.000134283504892	0.00017132723038	0.00137987877441	8.33483823468e-05	0	9.72397794046e-05	0.00161140205871	0	0.000634373798973	0.000291719338214	0.00799681423961	0.00358398044091	1.85218627437e-05	0	0.000870527548956	3.24132598015e-05	0.00342654460759	0	1.85218627437e-05	4.63046568593e-06	0	4.63046568593e-06	2.31523284297e-05	4.16741911734e-05	0	6.01960539171e-05	1.85218627437e-05	4.63046568593e-06	9.26093137187e-06	4.63046568593e-06	0	5.09351225453e-05	9.26093137187e-06	0	0	4.63046568593e-06	0	0	0	0	4.16741911734e-05	0.000115761642148	0	5.09351225453e-05	9.26093137187e-06	4.63046568593e-06	1.85218627437e-05	0	0	2.31523284297e-05	0	0.000180588161751	0.00147711855381	0.000236153749983	0.00484346710749	0.000935354068559	0.00351915392131	0.000564916813684	9.26093137187e-06	8.33483823468e-05	1.85218627437e-05	0.000115761642148	6.01960539171e-05	0.00012502257352	9.72397794046e-05	2.31523284297e-05
0.00325521737721	4.63046568593e-06	0.000722352647006	0	0.000731613578378	0.00135209598029	0.011131639509	0.0811628025431	0.0319594741643	0.00170864183811	0.0272410296303	0.00728835298966	0.00123633433814	0.000152805367636	0.0226198248758	0.000861266617584	1.38913970578e-05	0.0005926996078	0.00175957696065	0.0047740101222	0.00218094933807	0.00304684642134	0	0.00212075328416	0.00265788730373	0	0.00430170262223	0.0018753386028	0.0381735591148	0.0152110797783	0.0113075972051	9.26093137187e-06	9.72397794046e-05	0.00172716370085	0.016350174337	0	0.000305610735272	2.31523284297e-05	0	0.000458416102907	0	0	0	0	0.000356545857817	0	4.63046568593e-06	0	4.63046568593e-06	4.63046568593e-06	0	9.26093137187e-06	4.63046568593e-06	0	0	4.63046568593e-06	0	4.63046568593e-06	0.000402850514676	0.00228281958317	4.63046568593e-06	3.24132598015e-05	2.77827941156e-05	0.00141229203421	9.26093137187e-06	0	0	0	0	6.48265196031e-05	0.0015465755391	0.000203740490181	0.0188552562731	0.00134746551461	0.000379698186247	0.000676047990146	0	0.000120392107834	1.38913970578e-05	5.55655882312e-05	0	4.16741911734e-05	0	1.38913970578e-05
0.00122707340677	0	0.00056954727937	0	6.9456985289e-05	0.00486198897023	0.0188413648761	0.0319594741643	0.0616592810739	3.24132598015e-05	0.0218928417631	0.00683456735244	0.00224114539199	9.72397794046e-05	0.0301397011497	0.00217631887239	1.38913970578e-05	0.000953875931302	0.00139840063715	0.0014169224999	0.00113909455874	0.00173179416654	0	0.00145859669107	0.000578808210742	0	0.00287551919097	0.00172253323517	0.0144424224744	0.0127986071559	0.00414426678891	1.38913970578e-05	0.000263936544098	0.00044452470585	0.0130208695088	0	0.000231523284297	2.31523284297e-05	0	0	9.26093137187e-06	3.24132598015e-05	0	4.63046568593e-05	0	4.16741911734e-05	4.63046568593e-06	4.16741911734e-05	0	4.63046568593e-05	0	0	1.85218627437e-05	0	0	0	0	0	0.000342654460759	0.000106500710776	0	8.33483823468e-05	1.38913970578e-05	4.63046568593e-06	2.77827941156e-05	0	0	9.26093137187e-06	0	0.000245414681355	0.00138450924009	0.000500090294081	0.0144424224744	0.000972397794046	0.00124559526952	0.000277827941156	9.26093137187e-06	9.26093137187e-05	2.31523284297e-05	0.000180588161751	7.87179166609e-05	0.000157435833322	6.48265196031e-05	2.31523284297e-05
0	0.00363954602914	4.16741911734e-05	0	0.00222262352925	0.000625112867601	0.00131968272049	0.00170864183811	3.24132598015e-05	0.0359370441885	6.48265196031e-05	0	0.000342654460759	0.000189849093123	3.24132598015e-05	0.0018105120832	0.00416278865165	9.26093137187e-06	0	9.26093137187e-06	5.09351225453e-05	0.00219484073513	0.00870527548956	0.000574177745056	0.0243330971796	0.000611221470543	0.000740874509749	0.00285236686254	0.00945078046499	0	0	0	4.63046568593e-06	0	7.40874509749e-05	0	0.000199110024495	9.26093137187e-06	0	0.00414426678891	9.26093137187e-06	0	1.85218627437e-05	1.38913970578e-05	0.0121318200971	0	0	1.38913970578e-05	0	8.33483823468e-05	2.77827941156e-05	0.00515833877413	6.01960539171e-05	0	0	0.00173642463223	0.00264862637235	0.00689013294067	0.00301906362723	0.0184338838957	0	6.48265196031e-05	0.000120392107834	0.0075708113965	4.63046568593e-05	0	0	4.63046568593e-06	0	5.55655882312e-05	0.000324132598015	1.38913970578e-05	7.87179166609e-05	0	0.00315334713212	4.63046568593e-06	0	0.000611221470543	9.26093137187e-06	4.16741911734e-05	1.38913970578e-05	6.01960539171e-05	4.63046568593e-06	9.26093137187e-06
1.38913970578e-05	0	9.26093137187e-06	0	0.0026347349753	0.00205592676455	0.0185126018124	0.0272410296303	0.0218928417631	6.48265196031e-05	0.0543014710989	0.00642245590639	0.0045749000977	0.000180588161751	0.00947856325911	0.00104648524502	4.63046568593e-06	0	0.00129189992638	0.00409333166637	0.00549173230352	9.26093137187e-05	0	4.63046568593e-05	0.00203740490181	0	0.00382476465658	0.00143544436264	0.0190358444349	0.00731150531809	2.77827941156e-05	9.26093137187e-06	0.000129653039206	5.09351225453e-05	0.012340191053	0	4.63046568593e-06	4.63046568593e-06	0	9.26093137187e-06	0	4.63046568593e-06	0	2.31523284297e-05	0	0	9.26093137187e-06	0	4.63046568593e-06	3.70437254875e-05	0	0	0	4.63046568593e-06	0	4.63046568593e-06	0	0	0	0.000138913970578	9.26093137187e-06	3.70437254875e-05	1.85218627437e-05	1.85218627437e-05	1.85218627437e-05	0	0	0	0	7.87179166609e-05	0.00084274475484	0.00025004514704	0.0142849866411	0.000458416102907	0.000495459828395	0.000736244044064	0	7.87179166609e-05	9.26093137187e-06	6.48265196031e-05	4.63046568593e-06	9.72397794046e-05	4.63046568593e-06	1.38913970578e-05
4.63046568593e-06	9.26093137187e-06	5.09351225453e-05	0	9.26093137187e-06	0.000101870245091	0.000898310343071	0.00728835298966	0.00683456735244	0	0.00642245590639	0.0307046179634	0.00166233718125	0.00448692124967	0.00310704247526	9.26093137187e-06	1.85218627437e-05	2.31523284297e-05	0.00258843031844	0.00632984659267	0.00161603252439	9.26093137187e-06	0	1.85218627437e-05	6.48265196031e-05	0.00252823426452	0.00531114414177	0.0022041016665	0.00506572946041	0.00859877477878	2.31523284297e-05	0.000504720759767	0.000564916813684	2.31523284297e-05	0.0163270220086	9.26093137187e-06	6.01960539171e-05	7.87179166609e-05	0	0	0	4.63046568593e-06	0	9.26093137187e-06	0	0	0.000490829362709	0	0.00168085904399	4.63046568593e-06	0	0	0.000101870245091	0	0	0	1.38913970578e-05	0	6.01960539171e-05	0	0.00122707340677	0.00113446409305	0.000588069142114	0	0	0	3.24132598015e-05	4.63046568593e-06	0	4.63046568593e-06	0.00163918485282	0.00417668004871	0.0159889980135	0.000463046568593	1.38913970578e-05	0.00012502257352	0.00157435833322	0.000185218627437	3.70437254875e-05	0.000162066299008	0.000152805367636	0	4.63046568593e-06	9.26093137187e-06
0	4.63046568593e-06	0	0	0.00221799306356	0.000412111446048	0.00680678455832	0.00123633433814	0.00224114539199	0.000342654460759	0.0045749000977	0.00166233718125	0.0244905330129	3.24132598015e-05	0.000500090294081	0.00158361926459	0	0	0.000106500710776	0.000555655882312	0.00937669301402	0	4.63046568593e-06	4.63046568593e-06	0.00154194507342	0	0.000768657303865	0.00116687735286	0.00119002968129	0.00156046693616	0	4.63046568593e-06	0.000222262352925	0	0.00463509615162	6.48265196031e-05	0	0	0	5.09351225453e-05	0	0.00126411713226	0	8.33483823468e-05	9.26093137187e-06	0.000162066299008	0.00042137237742	0.0024356249508	0	0.000439894240164	9.26093137187e-06	4.63046568593e-06	0	6.9456985289e-05	9.26093137187e-06	6.9456985289e-05	0	0	0	0.000120392107834	0	0.000305610735272	0	1.38913970578e-05	0.000689939387204	0	0	0	0	0.000787179166609	0.000740874509749	0.00027319747547	0.00547321044077	0.000518612156825	0.00164844578419	0.000226892818611	0	8.33483823468e-05	3.24132598015e-05	0.000495459828395	2.77827941156e-05	0.000134283504892	0	2.77827941156e-05
0	0.00044452470585	0	0	0	3.70437254875e-05	3.24132598015e-05	0.000152805367636	9.72397794046e-05	0.000189849093123	0.000180588161751	0.00448692124967	3.24132598015e-05	0.0206796597534	0.000236153749983	0	0.000157435833322	4.63046568593e-06	9.26093137187e-06	2.77827941156e-05	4.16741911734e-05	0	0.000370437254875	1.38913970578e-05	0.000134283504892	0.00846912173957	0.00301906362723	0.00419983237714	0.000120392107834	8.79788480327e-05	0	0.00244488588217	0.000111131176462	4.63046568593e-06	0.000560286347998	0	4.63046568593e-05	0	0	3.24132598015e-05	0	5.55655882312e-05	0	0.00027319747547	4.63046568593e-06	4.63046568593e-05	0.00216705794102	0.000138913970578	0.00615388889661	0.000407480980362	2.31523284297e-05	0	0	0	4.16741911734e-05	7.40874509749e-05	0	4.63046568593e-06	9.26093137187e-06	4.16741911734e-05	0.00595477887211	0.00419520191146	0.00475548825945	2.77827941156e-05	0.000217631887239	0	0.000263936544098	0.000263936544098	0	0.000828853357782	7.87179166609e-05	0.00206518769593	0.00150953181361	0.000435263774478	1.38913970578e-05	0.00025004514704	0.00120855154403	3.24132598015e-05	0.000560286347998	0.000801070563667	3.24132598015e-05	0.000134283504892	0.000245414681355	0.000852005686212
0.00313945573506	0	0.000676047990146	0	6.9456985289e-05	0.00225040632336	0.0057927125731	0.0226198248758	0.0301397011497	3.24132598015e-05	0.00947856325911	0.00310704247526	0.000500090294081	0.000236153749983	0.0471474016142	0.00136598737735	4.16741911734e-05	0.00106500710776	0.000231523284297	0.000588069142114	0.000467677034279	0.00140766156852	0	0.0017780988234	0.000388959117618	4.63046568593e-05	0.000490829362709	0.00131505225481	0.00793661818569	0.0120947763717	0.0075708113965	9.26093137187e-06	0.0015465755391	0.000263936544098	0.00666787058775	0	0.000685308921518	2.77827941156e-05	0	0	3.70437254875e-05	9.26093137187e-05	0	0.000101870245091	0	5.09351225453e-05	0	5.09351225453e-05	2.31523284297e-05	6.9456985289e-05	1.85218627437e-05	9.26093137187e-06	1.85218627437e-05	0	0	4.63046568593e-06	0	4.63046568593e-06	0.000889049411699	5.09351225453e-05	2.77827941156e-05	7.40874509749e-05	1.38913970578e-05	0	2.77827941156e-05	0	0	8.79788480327e-05	0	0.000310241200958	0.00167159811262	0.000240784215669	0.00778844328374	0.00130579132343	0.00163918485282	0.00101870245091	7.40874509749e-05	0.000180588161751	2.31523284297e-05	0.000245414681355	0.000324132598015	0.000185218627437	0.000324132598015	1.38913970578e-05
5.55655882312e-05	4.63046568593e-06	9.26093137187e-06	0	4.63046568593e-06	0.00349137112719	0.00513055598001	0.000861266617584	0.00217631887239	0.0018105120832	0.00104648524502	9.26093137187e-06	0.00158361926459	0	0.00136598737735	0.0129977171804	0.000467677034279	4.63046568593e-06	0	9.26093137187e-06	1.85218627437e-05	0.00117150781854	4.63046568593e-06	0.000143544436264	0.00301443316154	0	1.38913970578e-05	4.16741911734e-05	0.00309778154389	0.00027319747547	0.000231523284297	0	0.000208370955867	9.26093137187e-06	0.000532503553882	0	4.63046568593e-06	9.26093137187e-06	0	4.63046568593e-06	0	0	0	1.38913970578e-05	4.16741911734e-05	0	0	0	0	1.85218627437e-05	0	0	3.24132598015e-05	0	2.31523284297e-05	0	0	4.63046568593e-06	7.87179166609e-05	0.000101870245091	0	2.77827941156e-05	3.24132598015e-05	4.63046568593e-06	0	0	0	0	0	3.24132598015e-05	0.00319502132329	4.63046568593e-05	0.000523242622511	0.000814961960724	0.00415352772028	0.000180588161751	0	6.9456985289e-05	4.63046568593e-06	0.000134283504892	0.000115761642148	3.70437254875e-05	0	0
0	0.00138450924009	0.00025004514704	0	0	5.09351225453e-05	2.77827941156e-05	1.38913970578e-05	1.38913970578e-05	0.00416278865165	4.63046568593e-06	1.85218627437e-05	0	0.000157435833322	4.16741911734e-05	0.000467677034279	0.0323345418849	2.31523284297e-05	0	2.31523284297e-05	0	0.00654747847991	0.0149193604401	0.0115946860776	0.00477864058788	0.000277827941156	0.000217631887239	0.0048388366418	0.00408870120068	9.26093137187e-06	9.26093137187e-06	0	3.70437254875e-05	0	2.77827941156e-05	0	0.000458416102907	1.38913970578e-05	0	0	0	0	4.63046568593e-06	0	3.24132598015e-05	9.26093137187e-06	9.26093137187e-06	9.26093137187e-06	0	0	0	0.00623260681327	0.000134283504892	0	7.87179166609e-05	4.63046568593e-06	0.00382476465658	0.0132199795333	0.0120299498521	0.000838114289154	0	8.79788480327e-05	0.00162066299008	6.48265196031e-05	0	4.63046568593e-06	0	0	0	1.38913970578e-05	0.0063529989211	0.000666787058775	0.000583438676428	0.000388959117618	7.40874509749e-05	2.77827941156e-05	0	0.00069456985289	7.87179166609e-05	0.000157435833322	8.79788480327e-05	0	0	9.26093137187e-06
0.000412111446048	0.000435263774478	0.00548247137215	0	0	0	0	0.0005926996078	0.000953875931302	9.26093137187e-06	0	2.31523284297e-05	0	4.63046568593e-06	0.00106500710776	4.63046568593e-06	2.31523284297e-05	0.0245599899982	0	0.0047415968624	0	0.00131042178912	9.26093137187e-06	0.00556118928881	9.26093137187e-06	0	0.00209297049004	0.00304684642134	0.000634373798973	0.000852005686212	0.00284773639685	0	0	4.63046568593e-06	0.00542690578391	0	0.0005926996078	0.000347284926445	0	0	0	0	0	9.26093137187e-06	0	0	0	0	0	9.26093137187e-06	0	4.63046568593e-06	0.000537134019568	0	3.24132598015e-05	0	4.63046568593e-06	4.63046568593e-06	0.000162066299008	4.63046568593e-06	0	0.000384328651933	0.00119002968129	4.63046568593e-06	0	0	0	0	0	1.38913970578e-05	0.00125485620089	0.00205129629887	0.00340802274485	0.000328763063701	4.63046568593e-06	4.63046568593e-06	0	4.16741911734e-05	0.000384328651933	1.38913970578e-05	4.63046568593e-06	9.26093137187e-06	0	0
0	0	0	0	9.26093137187e-06	4.63046568593e-06	0.000134283504892	0.00175957696065	0.00139840063715	0	0.00129189992638	0.00258843031844	0.000106500710776	9.26093137187e-06	0.000231523284297	0	0	0	0.00548247137215	0.00187070813712	0.0002963498039	0	0	0	0	0	0.00200036117632	0.000407480980362	0.00133820458323	0.0014169224999	4.63046568593e-06	0	4.63046568593e-06	0	0.00201425257338	0	0	0	0	0	0	0	0	0	0	0	0	0	0	0	0	0	0	0	0	0	0	0	0	0	0	0	0	0	0	0	0	0	0	0	0.000106500710776	0.000574177745056	0.00205129629887	9.26093137187e-06	0	4.63046568593e-06	0	2.31523284297e-05	0	0	0	0	0	0
0	0.0002963498039	0.000365806789189	0	9.26093137187e-06	3.24132598015e-05	0.00017132723038	0.0047740101222	0.0014169224999	9.26093137187e-06	0.00409333166637	0.00632984659267	0.000555655882312	2.77827941156e-05	0.000588069142114	9.26093137187e-06	2.31523284297e-05	0.0047415968624	0.00187070813712	0.0224346062484	0.00147711855381	5.09351225453e-05	9.26093137187e-06	0.000226892818611	3.24132598015e-05	0	0.00832094683762	0.00102796338228	0.0018105120832	0.00213464468122	1.38913970578e-05	0	2.77827941156e-05	1.85218627437e-05	0.0106685929404	0	0.000351915392131	1.85218627437e-05	0	0	0	0	0	4.63046568593e-06	0	0	0	0	0	4.63046568593e-06	0	0	0.000426002843106	0	8.33483823468e-05	0	0	0	3.70437254875e-05	9.26093137187e-06	0	0.000430633308792	0.0002963498039	0	0	0	0	0	0	0	0.00326910877427	0.0030607378184	0.00956191164145	0.000263936544098	1.38913970578e-05	4.63046568593e-05	0	0.000259306078412	0.000134283504892	2.31523284297e-05	1.38913970578e-05	4.63046568593e-06	4.63046568593e-06	0
0	0	0	0	0.00453322590653	0.000328763063701	0.00137987877441	0.00218094933807	0.00113909455874	5.09351225453e-05	0.00549173230352	0.00161603252439	0.00937669301402	4.16741911734e-05	0.000467677034279	1.85218627437e-05	0	0	0.0002963498039	0.00147711855381	0.0160862377929	0	0	0	0.00269030056353	0	0.00150027088224	0.0014493357597	0.000518612156825	0.0005926996078	0	4.63046568593e-06	0.000143544436264	0	0.00531577460745	0	0	0	0	0	0	0	0	1.38913970578e-05	0	0	4.63046568593e-06	0	0	2.31523284297e-05	0	0	0	4.63046568593e-06	0	0	0	0	0	3.70437254875e-05	4.63046568593e-06	4.16741911734e-05	4.63046568593e-06	0	9.26093137187e-06	0	0	0	0	7.40874509749e-05	0.000495459828395	0.000226892818611	0.00600571399466	0.000240784215669	0.000527873088196	0.000277827941156	0	4.63046568593e-05	4.63046568593e-06	6.48265196031e-05	0	9.26093137187e-05	0	4.63046568593e-06
0.000106500710776	1.38913970578e-05	0.000328763063701	0	0	0	8.33483823468e-05	0.00304684642134	0.00173179416654	0.00219484073513	9.26093137187e-05	9.26093137187e-06	0	0	0.00140766156852	0.00117150781854	0.00654747847991	0.00131042178912	0	5.09351225453e-05	0	0.0459527414672	0.001842925343	0.0211056625965	0.00393126536736	0	7.40874509749e-05	0.000662156593089	0.0165539148272	0.000314871666644	0.0135718949255	0	0	0.000263936544098	0.0066169354652	0	0.000231523284297	1.38913970578e-05	0	4.63046568593e-06	0	0	4.63046568593e-06	0	0	1.38913970578e-05	0	1.38913970578e-05	0	0	0	0.00386643884775	0.000106500710776	0	7.87179166609e-05	9.26093137187e-06	0.00212075328416	0.00459342196045	0.00312093387232	0.00161603252439	0	2.31523284297e-05	7.40874509749e-05	6.9456985289e-05	0	0	0	0	0	2.31523284297e-05	0.00413037539185	0.000787179166609	0.00555192835743	0.0020096221077	0.000342654460759	1.38913970578e-05	0	0.000495459828395	0.000101870245091	0.00017132723038	0.000120392107834	0	0	4.63046568593e-06
0	0.00830242497488	3.24132598015e-05	0	0	0	0	0	0	0.00870527548956	0	0	4.63046568593e-06	0.000370437254875	0	4.63046568593e-06	0.0149193604401	9.26093137187e-06	0	9.26093137187e-06	0	0.001842925343	0.028838540292	0.00408407073499	0.00613536703386	0.00102333291659	0.00144470529401	0.0112890753423	0.00166233718125	0	0	0	0	0	0	0	0.00222262352925	0	0	0	0	0	0	0	7.87179166609e-05	0	0	0	0	0	0	0.00627428100444	0.000111131176462	0	0	0	0.0019077518626	0.0123170387246	0.00792272678863	0.000801070563667	0	0.000138913970578	0.00270882242627	3.70437254875e-05	0	0	0	0	0	0	1.85218627437e-05	0	4.63046568593e-06	0	1.85218627437e-05	0	0	3.70437254875e-05	0	0	9.26093137187e-06	0	0	0
0.00012502257352	4.63046568593e-05	0.0087886238719	0	0	0.000120392107834	9.72397794046e-05	0.00212075328416	0.00145859669107	0.000574177745056	4.63046568593e-05	1.85218627437e-05	4.63046568593e-06	1.38913970578e-05	0.0017780988234	0.000143544436264	0.0115946860776	0.00556118928881	0	0.000226892818611	0	0.0211056625965	0.00408407073499	0.0675816466862	0.000180588161751	4.63046568593e-06	0.00136135691166	0.00692717666616	0.00558434161724	0.000416741911734	0.0063529989211	9.26093137187e-06	7.40874509749e-05	9.26093137187e-06	0.00611221470543	5.55655882312e-05	0.000736244044064	0.000287088872528	0	0	0	1.85218627437e-05	3.24132598015e-05	3.70437254875e-05	0	9.26093137187e-06	0	4.63046568593e-06	0	5.09351225453e-05	0	0.00189386046555	0.00102333291659	0	8.79788480327e-05	0	0.000926093137187	0.00684382828381	0.0109001162247	6.48265196031e-05	0	6.01960539171e-05	0.00158361926459	2.77827941156e-05	0	3.24132598015e-05	0	0	0	1.38913970578e-05	0.00916369159246	0.000513981691139	0.00779307374943	0.00375067720561	0.00235690703414	9.26093137187e-05	0	0.00125948666657	6.01960539171e-05	0.000898310343071	0.00110205083325	0	0	9.26093137187e-06
0.000129653039206	0.00308852061252	0.000180588161751	0	0.0084598608082	0.000666787058775	0.00161140205871	0.00265788730373	0.000578808210742	0.0243330971796	0.00203740490181	6.48265196031e-05	0.00154194507342	0.000134283504892	0.000388959117618	0.00301443316154	0.00477864058788	9.26093137187e-06	0	3.24132598015e-05	0.00269030056353	0.00393126536736	0.00613536703386	0.000180588161751	0.0567972921037	0.000523242622511	0.000606591004857	0.00319039085761	0.0208556174494	0.000490829362709	0.000189849093123	0	3.70437254875e-05	0.000180588161751	0.00183829487732	0	0.000111131176462	4.63046568593e-06	0	0.00281532313705	9.26093137187e-06	0	1.85218627437e-05	0.000194479558809	0.0139377017147	4.63046568593e-06	9.26093137187e-06	9.26093137187e-06	4.63046568593e-06	0.000532503553882	1.85218627437e-05	0.00512129504864	1.38913970578e-05	0	0	0.000995550122476	0.00169938090674	0.00600571399466	0.00180588161751	0.0214853607827	0	0.000134283504892	6.9456985289e-05	0.0080662712249	0.000208370955867	0	0	4.63046568593e-06	0	0.000347284926445	0.0023707984312	0.000449155171536	0.00192627372535	0.00111131176462	0.00355156718111	8.33483823468e-05	0	0.00159751066165	5.55655882312e-05	0.000231523284297	1.38913970578e-05	0.000481568431337	4.63046568593e-06	2.31523284297e-05
0	0.00126874759795	0	0	0	0	0	0	0	0.000611221470543	0	0.00252823426452	0	0.00846912173957	4.63046568593e-05	0	0.000277827941156	0	0	0	0	0	0.00102333291659	4.63046568593e-06	0.000523242622511	0.0132801755873	0.000768657303865	0.00424150656832	9.26093137187e-06	6.01960539171e-05	0	0.000384328651933	0	0	0.000356545857817	0	0.000926093137187	0	0	0	0	0	0	0	0	0	0.00182440348026	0	0.00573714698487	9.26093137187e-06	0	4.63046568593e-06	0	0	0	0	0	9.26093137187e-06	1.38913970578e-05	0	0.00677900176421	0.00223651492631	0.00310241200958	0	9.26093137187e-06	0	0.000157435833322	0	0	9.26093137187e-06	0	0.00139840063715	0.000101870245091	0	0	0	0.00158824973028	0	4.63046568593e-05	9.26093137187e-06	0	0	0	9.26093137187e-06
0	0.00449155171536	0.00596867026917	0	1.38913970578e-05	6.48265196031e-05	0.000634373798973	0.00430170262223	0.00287551919097	0.000740874509749	0.00382476465658	0.00531114414177	0.000768657303865	0.00301906362723	0.000490829362709	1.38913970578e-05	0.000217631887239	0.00209297049004	0.00200036117632	0.00832094683762	0.00150027088224	7.40874509749e-05	0.00144470529401	0.00136135691166	0.000606591004857	0.000768657303865	0.0683086297989	0.0276670324735	0.00219484073513	0.00251897333315	6.01960539171e-05	0.00186607767143	5.55655882312e-05	1.85218627437e-05	0.00677900176421	0	0.0128449118128	0.00111594223031	0	0	0	4.63046568593e-06	0	6.48265196031e-05	9.26093137187e-06	4.63046568593e-06	6.48265196031e-05	0	0.00101870245091	7.40874509749e-05	0	5.09351225453e-05	0.00475085779377	0	0.000828853357782	4.63046568593e-06	2.31523284297e-05	9.26093137187e-06	0.000287088872528	3.24132598015e-05	0.00244488588217	0.0154472335283	0.016748394386	5.09351225453e-05	1.38913970578e-05	0	7.87179166609e-05	4.63046568593e-06	0	5.09351225453e-05	0.00452859544084	0.00932112742579	0.00983510911692	0.000759396372493	3.70437254875e-05	6.9456985289e-05	0	0.00119466014697	0.00143081389695	0.000208370955867	0.00017132723038	6.9456985289e-05	4.63046568593e-06	2.31523284297e-05
3.24132598015e-05	0.0162529345576	0.0155907779645	0	9.26093137187e-06	7.87179166609e-05	0.000291719338214	0.0018753386028	0.00172253323517	0.00285236686254	0.00143544436264	0.0022041016665	0.00116687735286	0.00419983237714	0.00131505225481	4.16741911734e-05	0.0048388366418	0.00304684642134	0.000407480980362	0.00102796338228	0.0014493357597	0.000662156593089	0.0112890753423	0.00692717666616	0.00319039085761	0.00424150656832	0.0276670324735	0.090511712763	0.00103722431365	0.000648265196031	0.00106963757345	0.000453785637222	4.16741911734e-05	9.26093137187e-06	0.00353767578405	4.16741911734e-05	0.0232032635522	0.00140766156852	0	0	0	1.38913970578e-05	4.63046568593e-06	6.9456985289e-05	3.70437254875e-05	4.63046568593e-06	0.000222262352925	0	0.00144007482833	0.000101870245091	0	0.000736244044064	0.0014817490195	0	0.000231523284297	4.63046568593e-06	6.01960539171e-05	0.00237542889688	0.0025004514704	6.9456985289e-05	0.0060566491172	0.0103907649992	0.028116187645	8.79788480327e-05	1.38913970578e-05	3.24132598015e-05	0.000157435833322	0	0	3.70437254875e-05	0.012252212205	0.00345895786739	0.00715869995045	0.000657526127403	5.55655882312e-05	4.16741911734e-05	9.26093137187e-06	0.000870527548956	0.000449155171536	0.000435263774478	0.000449155171536	5.55655882312e-05	0	9.26093137187e-06
0.000639004264659	5.55655882312e-05	0.000643634730345	0	0.00558897208292	0.000703830784262	0.00799681423961	0.0381735591148	0.0144424224744	0.00945078046499	0.0190358444349	0.00506572946041	0.00119002968129	0.000120392107834	0.00793661818569	0.00309778154389	0.00408870120068	0.000634373798973	0.00133820458323	0.0018105120832	0.000518612156825	0.0165539148272	0.00166233718125	0.00558434161724	0.0208556174494	9.26093137187e-06	0.00219484073513	0.00103722431365	0.0884743078611	0.00909886507286	0.00601497492603	9.26093137187e-06	6.9456985289e-05	0.00162529345576	0.0129699343863	0	0.000375067720561	3.24132598015e-05	0	0.00294497617625	0	0	0	2.31523284297e-05	0.00459342196045	1.38913970578e-05	9.26093137187e-06	2.77827941156e-05	9.26093137187e-06	0.000106500710776	0	0.00589458281819	6.01960539171e-05	0	6.48265196031e-05	0.000833483823468	0.00109742036757	0.00631132472993	0.00180125115183	0.0150953181361	4.63046568593e-06	8.33483823468e-05	0.000111131176462	0.00756155046513	7.40874509749e-05	0	0	0	0	0.000213001421553	0.00557971115155	0.000889049411699	0.015465755391	0.00255138659295	0.00126411713226	0.000689939387204	0	0.00101870245091	0.00017132723038	0.000268567009784	9.26093137187e-05	0.00014817490195	0	3.70437254875e-05
0.00851542639643	0	5.55655882312e-05	0	0.000199110024495	0.000175957696065	0.00358398044091	0.0152110797783	0.0127986071559	0	0.00731150531809	0.00859877477878	0.00156046693616	8.79788480327e-05	0.0120947763717	0.00027319747547	9.26093137187e-06	0.000852005686212	0.0014169224999	0.00213464468122	0.0005926996078	0.000314871666644	0	0.000416741911734	0.000490829362709	6.01960539171e-05	0.00251897333315	0.000648265196031	0.00909886507286	0.0417621700214	0.00777455188668	1.38913970578e-05	0.000726983112692	0.00382476465658	0.016896569288	0	0.000898310343071	4.63046568593e-06	0	0	0	4.63046568593e-06	0	4.63046568593e-06	0	4.63046568593e-06	4.63046568593e-06	0	3.70437254875e-05	0	0	0	0	0	0	0	0	0	0.00102796338228	3.24132598015e-05	4.16741911734e-05	1.38913970578e-05	0	0	4.63046568593e-06	0	0	0	0	2.77827941156e-05	0.000365806789189	0.000356545857817	0.0154750163224	0.00169011997537	3.70437254875e-05	0.000259306078412	6.48265196031e-05	2.77827941156e-05	4.63046568593e-06	2.77827941156e-05	9.26093137187e-06	1.38913970578e-05	4.63046568593e-06	9.26093137187e-06
0.00444987752418	0	0.000787179166609	0	0	4.63046568593e-06	1.85218627437e-05	0.0113075972051	0.00414426678891	0	2.77827941156e-05	2.31523284297e-05	0	0	0.0075708113965	0.000231523284297	9.26093137187e-06	0.00284773639685	4.63046568593e-06	1.38913970578e-05	0	0.0135718949255	0	0.0063529989211	0.000189849093123	0	6.01960539171e-05	0.00106963757345	0.00601497492603	0.00777455188668	0.0411185352911	0	4.63046568593e-06	0.000625112867601	0.00763563791611	0	0.000319502132329	5.09351225453e-05	0	0	0	0	0	0	0	0	0	0	0	0	0	9.26093137187e-06	6.9456985289e-05	0	0	0	0	4.63046568593e-06	0.000439894240164	9.26093137187e-06	0	0	3.24132598015e-05	0	0	9.26093137187e-06	0	0	0	0	0.000231523284297	0.00012502257352	0.00438505100458	0.00120392107834	0	5.55655882312e-05	0	2.31523284297e-05	9.26093137187e-06	2.31523284297e-05	3.24132598015e-05	0	0	0
0	0	0	0	0	0	0	9.26093137187e-06	1.38913970578e-05	0	9.26093137187e-06	0.000504720759767	4.63046568593e-06	0.00244488588217	9.26093137187e-06	0	0	0	0	0	4.63046568593e-06	0	0	9.26093137187e-06	0	0.000384328651933	0.00186607767143	0.000453785637222	9.26093137187e-06	1.38913970578e-05	0	0.00381550372521	0	0	1.85218627437e-05	0	0	0	0	0	0	0	0	0	0	0	4.63046568593e-05	0	0.000745504975435	0	0	0	0	0	2.77827941156e-05	0	0	0	0	0	0.000643634730345	0.00108815943619	0.00160677159302	0	0	0	5.09351225453e-05	0	0	0	9.26093137187e-06	0.000643634730345	6.48265196031e-05	2.31523284297e-05	0	0	0	0	2.31523284297e-05	0	0	0	0	0
0	0	2.31523284297e-05	0	4.16741911734e-05	0.00203277443613	0.000870527548956	9.72397794046e-05	0.000263936544098	4.63046568593e-06	0.000129653039206	0.000564916813684	0.000222262352925	0.000111131176462	0.0015465755391	0.000208370955867	3.70437254875e-05	0	4.63046568593e-06	2.77827941156e-05	0.000143544436264	0	0	7.40874509749e-05	3.70437254875e-05	0	5.55655882312e-05	4.16741911734e-05	6.9456985289e-05	0.000726983112692	4.63046568593e-06	0	0.00372289441149	4.63046568593e-06	0.000796440097981	0	0	0	0	0	3.70437254875e-05	9.26093137187e-05	0	8.79788480327e-05	0	4.63046568593e-06	0	9.26093137187e-06	0	3.70437254875e-05	2.31523284297e-05	0	0	0	0	0	0	4.63046568593e-06	2.31523284297e-05	0	0	0	4.63046568593e-06	0	9.26093137187e-06	0	0	9.26093137187e-05	0	0.00012502257352	0.000782548700923	0.000162066299008	0.00155120600479	0.000787179166609	8.33483823468e-05	0.0020420353675	2.77827941156e-05	0.00012502257352	0	9.72397794046e-05	0.000287088872528	4.16741911734e-05	0.000324132598015	0
0.000620482401915	0	0	0	0	4.16741911734e-05	3.24132598015e-05	0.00172716370085	0.00044452470585	0	5.09351225453e-05	2.31523284297e-05	0	4.63046568593e-06	0.000263936544098	9.26093137187e-06	0	4.63046568593e-06	0	1.85218627437e-05	0	0.000263936544098	0	9.26093137187e-06	0.000180588161751	0	1.85218627437e-05	9.26093137187e-06	0.00162529345576	0.00382476465658	0.000625112867601	0	4.63046568593e-06	0.00486661943592	0.00111131176462	0	5.55655882312e-05	0	0	0	0	0	0	0	0	0	0	0	0	0	0	0	0	0	0	0	0	0	6.01960539171e-05	0	0	0	0	0	0	0	0	0	0	0	1.38913970578e-05	0	0.000981658725418	4.63046568593e-05	4.63046568593e-06	4.16741911734e-05	0	0	0	0	0	0	0	0
0.00140303110284	0.000120392107834	0.000652895661717	0	0.000152805367636	0.000268567009784	0.00342654460759	0.016350174337	0.0130208695088	7.40874509749e-05	0.012340191053	0.0163270220086	0.00463509615162	0.000560286347998	0.00666787058775	0.000532503553882	2.77827941156e-05	0.00542690578391	0.00201425257338	0.0106685929404	0.00531577460745	0.0066169354652	0	0.00611221470543	0.00183829487732	0.000356545857817	0.00677900176421	0.00353767578405	0.0129699343863	0.016896569288	0.00763563791611	1.85218627437e-05	0.000796440097981	0.00111131176462	0.0603349678877	0	0.000213001421553	6.48265196031e-05	0	0	0	0	4.63046568593e-06	0	0	0	4.63046568593e-06	0	0.000268567009784	1.38913970578e-05	0	1.38913970578e-05	3.70437254875e-05	0	0	0	0	0	0.000115761642148	9.26093137187e-05	0.000282458406842	2.31523284297e-05	0.000222262352925	3.70437254875e-05	9.26093137187e-06	0	0	0	0	2.31523284297e-05	0.00235227656845	0.00145859669107	0.0459434805358	0.00432022448498	0.000231523284297	0.000486198897023	0.000652895661717	0.00014817490195	0	3.70437254875e-05	2.77827941156e-05	9.26093137187e-06	4.63046568593e-06	4.63046568593e-06
0	0	2.77827941156e-05	0	0	0	0	0	0	0	0	9.26093137187e-06	6.48265196031e-05	0	0	0	0	0	0	0	0	0	0	5.55655882312e-05	0	0	0	4.16741911734e-05	0	0	0	0	0	0	0	0.0301397011497	2.77827941156e-05	0.00350526252425	0	0.000162066299008	0	0.00359324137228	0.00990456610221	0.0104370696561	0	0.0022041016665	0.000527873088196	0.00165307624988	0	0.0210176837485	0.000180588161751	9.26093137187e-06	0.00488977176435	0.000412111446048	8.33483823468e-05	0.000282458406842	0.00109278990188	0	0.00181514254889	3.70437254875e-05	0	0.00294497617625	0.00202814397044	0.000476937965651	0.0085246873278	0.00831631637194	4.63046568593e-06	0	0.000120392107834	0.00352841485268	4.16741911734e-05	0	2.31523284297e-05	4.63046568593e-06	0	0	0	7.40874509749e-05	2.31523284297e-05	0.0032922611027	0.000356545857817	0.000138913970578	1.85218627437e-05	0
0.000157435833322	0.00845523034252	0.0103490908081	0	0	4.63046568593e-06	1.85218627437e-05	0.000305610735272	0.000231523284297	0.000199110024495	4.63046568593e-06	6.01960539171e-05	0	4.63046568593e-05	0.000685308921518	4.63046568593e-06	0.000458416102907	0.0005926996078	0	0.000351915392131	0	0.000231523284297	0.00222262352925	0.000736244044064	0.000111131176462	0.000926093137187	0.0128449118128	0.0232032635522	0.000375067720561	0.000898310343071	0.000319502132329	0	0	5.55655882312e-05	0.000213001421553	2.77827941156e-05	0.0556952412704	0.00344506647033	0	0	0	0	0	7.87179166609e-05	0.00492681548983	4.63046568593e-06	2.31523284297e-05	0	0.00156046693616	9.72397794046e-05	0	0.00190312139692	0.00291256291645	0	0.000157435833322	0	9.26093137187e-06	0.00964062955811	0.00469529220554	0.00137524830872	0.00534355740157	0.00732076624946	0.0406879019823	6.9456985289e-05	0	4.63046568593e-05	0	0	0	5.09351225453e-05	0.00276901848019	0.00135672644598	0.000407480980362	3.24132598015e-05	4.63046568593e-06	0	4.63046568593e-06	0.000666787058775	0.000713091715634	7.40874509749e-05	9.26093137187e-06	7.87179166609e-05	4.63046568593e-06	9.26093137187e-06
0	9.26093137187e-06	0.00313019480369	0	0	4.63046568593e-06	4.63046568593e-06	2.31523284297e-05	2.31523284297e-05	9.26093137187e-06	4.63046568593e-06	7.87179166609e-05	0	0	2.77827941156e-05	9.26093137187e-06	1.38913970578e-05	0.000347284926445	0	1.85218627437e-05	0	1.38913970578e-05	0	0.000287088872528	4.63046568593e-06	0	0.00111594223031	0.00140766156852	3.24132598015e-05	4.63046568593e-06	5.09351225453e-05	0	0	0	6.48265196031e-05	0.00350526252425	0.00344506647033	0.0306120086497	0	5.09351225453e-05	0	0.00044452470585	0.00191238232829	0.00238468982826	0	8.33483823468e-05	0.000157435833322	1.38913970578e-05	4.63046568593e-06	0.00278290987725	8.33483823468e-05	0.00014817490195	0.00863581850427	9.72397794046e-05	0.000166696764694	1.85218627437e-05	0.00247729914197	4.63046568593e-06	0.0103861345336	6.01960539171e-05	0	0.0102009159061	0.0105343094355	0.00266251776941	0.000801070563667	0.00313019480369	0	0	0.000101870245091	0.00117613828423	0.000852005686212	0.00137524830872	0.000490829362709	6.48265196031e-05	1.85218627437e-05	0	0	0.000467677034279	0.000199110024495	0.00205129629887	0.000949245465616	9.72397794046e-05	1.38913970578e-05	0
0	0	0	0	0	0	0	0	0	0	0	0	0	0	0	0	0	0	0	0	0	0	0	0	0	0	0	0	0	0	0	0	0	0	0	0	0	0	0	0	0	0	0	0	0	0	0	0	0	0	0	0	0	0	0	0	0	0	0	0	0	0	0	0	0	0	0	0	0	0	0	0	0	0	0	0	0	0	0	0	0	0	0	0
0	0	4.63046568593e-06	0	0.00228745004885	4.63046568593e-06	4.63046568593e-06	0.000458416102907	0	0.00414426678891	9.26093137187e-06	0	5.09351225453e-05	3.24132598015e-05	0	4.63046568593e-06	0	0	0	0	0	4.63046568593e-06	0	0	0.00281532313705	0	0	0	0.00294497617625	0	0	0	0	0	0	0.000162066299008	0	5.09351225453e-05	0	0.0177856186997	0.000129653039206	0.00207907909298	8.79788480327e-05	0.000518612156825	0.0029310847792	0.00201425257338	0.000194479558809	0.00443135566144	1.38913970578e-05	0.000588069142114	0.000509351225453	0	5.55655882312e-05	0.00012502257352	0.000268567009784	0.00916369159246	9.26093137187e-06	0	4.16741911734e-05	0.00756155046513	0	0.00044452470585	3.24132598015e-05	0.0044776603183	0.000481568431337	4.63046568593e-06	0	6.9456985289e-05	0	0.00150027088224	4.63046568593e-06	0	4.63046568593e-06	0	0.000852005686212	0	0	0.000639004264659	6.01960539171e-05	0.00158824973028	0.000189849093123	0.0005926996078	7.87179166609e-05	7.40874509749e-05
0	0	0	0	9.26093137187e-06	1.85218627437e-05	2.31523284297e-05	0	9.26093137187e-06	9.26093137187e-06	0	0	0	0	3.70437254875e-05	0	0	0	0	0	0	0	0	0	9.26093137187e-06	0	0	0	0	0	0	0	3.70437254875e-05	0	0	0	0	0	0	0.000129653039206	0.00464435708299	0.00102333291659	2.77827941156e-05	0.000555655882312	0.00114372502443	3.70437254875e-05	9.26093137187e-06	0.000481568431337	0	9.26093137187e-05	0.00172716370085	0	0	0	0	6.01960539171e-05	0	0	0	0.000916832205815	0	0	0	2.31523284297e-05	0	0	0	0.00139377017147	0	0.000731613578378	4.63046568593e-06	0	5.09351225453e-05	4.63046568593e-05	0	5.09351225453e-05	0	0.000226892818611	4.63046568593e-06	0.000259306078412	7.87179166609e-05	0.00254675612726	0.00173642463223	0
