0.0269389542355	0	0.00118353709421	0	1.58651085015e-05	0	0.00382666417056	0.0103059744826	0.00740583264849	1.90381302018e-05	0.000955079531789	0.000288744974727	6.34604340059e-06	9.83636727092e-05	0.0154050203549	6.34604340059e-06	6.34604340059e-06	0.00151035832934	2.22111519021e-05	0.000266533822825	9.51906510089e-06	0.00010470971611	0	0.00362041776004	0.000234803605822	0	0.000406146777638	0.000225284540721	0.00822129922547	0.0106708719781	0.0115624910759	1.58651085015e-05	1.58651085015e-05	0.000380762604035	0.00250986016493	0	2.22111519021e-05	0	0	3.1730217003e-06	0	0	0	0	3.49032387032e-05	0	0	0	0	0	0	0	0	0	0	0	0	9.51906510089e-06	0	3.1730217003e-05	0	0	1.90381302018e-05	1.26920868012e-05	6.34604340059e-06	0	3.1730217003e-06	0	0	9.51906510089e-06	9.83636727092e-05	6.66334557062e-05	0.00188160186828	0.000463261168243	6.34604340059e-06	3.1730217003e-06	3.1730217003e-06	1.26920868012e-05	3.1730217003e-06	9.51906510089e-06	3.1730217003e-06	0	0	0
0	0.0256189772082	0.00175785402196	0	1.26920868012e-05	9.51906510089e-06	1.26920868012e-05	1.58651085015e-05	1.26920868012e-05	0.00560038330102	1.58651085015e-05	1.58651085015e-05	0	0.00130411191882	3.1730217003e-06	5.3941368905e-05	0.000228457562421	0.000409319799338	9.51906510089e-06	0.000710756860866	1.26920868012e-05	5.07683472047e-05	0.00676488226503	0.000152305041614	0.00368705121574	0.00637777361759	0.00438194296811	0.0209768464607	0.000149132019914	7.29794991068e-05	6.02874123056e-05	0	3.1730217003e-06	1.26920868012e-05	0.000123747846312	0.000263360801125	0.0130474652316	0.000485472320145	0	1.90381302018e-05	0	1.58651085015e-05	6.66334557062e-05	0.00010788273781	0.000180862236917	0.000342686343632	0.000161824106715	1.26920868012e-05	0.000310956126629	0.000260187779424	0	0.000187208280317	0.000482299298445	4.75953255044e-05	0.000866234924181	0.000158651085015	0.000130093889712	0.000368070517234	0.000387108647436	8.5671585908e-05	0.00197044647588	0.00153891552464	0.00718372112947	0.000187208280317	0.00032364821343	3.1730217003e-06	1.58651085015e-05	0	3.1730217003e-06	0.0010788273781	0.00153891552464	0.00123430544141	0.000409319799338	0.000139612954813	5.71143906053e-05	0	0.000130093889712	0.00157381876335	0.00176102704366	0.00172929682666	0.00021893849732	1.58651085015e-05	0	3.1730217003e-06
0.00118353709421	0.00175785402196	0.0429373296484	0	6.34604340059e-06	3.1730217003e-06	1.90381302018e-05	0.000847196793979	2.53841736024e-05	7.61525208071e-05	2.22111519021e-05	6.34604340059e-05	0	4.44223038041e-05	0.000904311184584	9.51906510089e-06	0.000149132019914	0.0134345738791	3.80762604035e-05	0.000625085274958	1.90381302018e-05	0.00126920868012	0.000117401802911	0.0175087337422	0.000152305041614	6.34604340059e-06	0.00794841935924	0.0256887836856	0.000945560466688	0.000136439933113	0.00142468674343	6.34604340059e-06	3.1730217003e-06	2.85571953027e-05	0.00141199465663	3.1730217003e-06	0.00593989662295	0.000399800734237	0	6.34604340059e-06	0	6.34604340059e-06	6.34604340059e-06	0	0.000266533822825	9.51906510089e-06	3.1730217003e-05	3.1730217003e-06	0	3.1730217003e-06	0	0.000355378430433	0.000206246410519	1.58651085015e-05	7.29794991068e-05	3.1730217003e-06	0.000184035258617	0.00145007091704	0.000466434189943	5.07683472047e-05	9.51906510089e-06	0.000406146777638	0.00338878717592	0.000272879866225	0	0	3.1730217003e-06	0	0	0.000498164406946	0.00409954403678	0.000682199665564	0.0042550221001	0.00340782530612	3.1730217003e-06	3.1730217003e-06	6.34604340059e-06	0.0021608277779	0.00143103278683	0.00130093889712	0.000247495692623	2.22111519021e-05	3.1730217003e-06	0
0	0	0	0	0	0	0	0	0	0	0	0	0	0	0	0	0	0	0	0	0	0	0	0	0	0	0	0	0	0	0	0	0	0	0	0	0	0	0	0	0	0	0	0	0	0	0	0	0	0	0	0	0	0	0	0	0	0	0	0	0	0	0	0	0	0	0	0	0	0	0	0	0	0	0	0	0	0	0	0	0	0	0	0
1.58651085015e-05	1.26920868012e-05	6.34604340059e-06	0	0.0193395672633	9.51906510089e-06	0.000295091018127	0.00120257522441	0.00032364821343	0.00406146777638	0.00159920293695	0.000314129148329	0.00505779659027	0.000222111519021	0.000904311184584	9.51906510089e-05	3.1730217003e-05	3.1730217003e-06	5.07683472047e-05	3.1730217003e-06	0.00691401428494	1.58651085015e-05	1.90381302018e-05	3.80762604035e-05	0.00781197942613	0	0.000269706844525	4.75953255044e-05	0.00678074737353	0.00258601268574	9.51906510089e-05	3.1730217003e-05	5.71143906053e-05	0.00113911479041	0.00182448747767	0	3.1730217003e-05	0	0	0.00277004794436	0	3.1730217003e-05	6.66334557062e-05	1.26920868012e-05	0.00175785402196	0.000571143906053	1.58651085015e-05	0.00116132594231	0	3.1730217003e-06	7.61525208071e-05	1.58651085015e-05	0	3.1730217003e-06	0	0.00291283392087	6.34604340059e-06	6.34604340059e-05	9.51906510089e-06	0.00177371913047	0	3.80762604035e-05	3.49032387032e-05	0.000707583839166	0.000222111519021	0	1.26920868012e-05	0	5.71143906053e-05	0.000133266911412	0.0010439241394	8.24985642077e-05	0.00113594176871	8.5671585908e-05	0.000155478063314	0	0	3.49032387032e-05	5.3941368905e-05	0.000139612954813	4.12492821038e-05	3.1730217003e-06	6.34604340059e-06	0
0	9.51906510089e-06	3.1730217003e-06	0	9.51906510089e-06	0.00482299298445	0.00096142557519	6.34604340059e-06	0.000878927010982	0.000241149649222	0	2.22111519021e-05	6.34604340059e-06	6.34604340059e-06	2.22111519021e-05	0.00169439358796	3.1730217003e-06	0	0	0	3.1730217003e-06	0	7.61525208071e-05	3.1730217003e-06	0.000561624840952	3.1730217003e-06	1.26920868012e-05	7.93255425074e-05	0.000155478063314	5.71143906053e-05	3.1730217003e-06	0	0.00179593028237	0	0.000352205408733	0	0	0	0	0	0	3.1730217003e-06	0	0	1.26920868012e-05	0	0	0	0	0	3.1730217003e-06	0	0	0	0	0	0	0	0	9.51906510089e-06	0	0	3.1730217003e-06	3.1730217003e-06	0	0	0	0	0	0	0.000158651085015	4.12492821038e-05	0.000203073388819	4.12492821038e-05	0.00200534971459	0.000936041401587	4.75953255044e-05	3.1730217003e-06	0	0	0	0	0	0
0.00382666417056	1.26920868012e-05	1.90381302018e-05	0	0.000295091018127	0.00096142557519	0.0402148770295	0.00911926436665	0.0248891822171	0.000114228781211	0.0133457292714	0.000260187779424	0.00681247759053	0.000193554323718	0.0064095038346	0.000152305041614	1.58651085015e-05	3.1730217003e-06	3.49032387032e-05	1.58651085015e-05	0.00117719105081	6.34604340059e-06	3.1730217003e-06	0.000164997128415	6.98064774065e-05	6.34604340059e-06	0.000164997128415	6.98064774065e-05	0.00389647064796	0.0021766928864	0.000882100032682	1.26920868012e-05	0.00113276874701	0.000130093889712	0.00154526156804	0	4.44223038041e-05	0	0	3.49032387032e-05	0	0	2.22111519021e-05	0	0.000193554323718	3.1730217003e-06	9.51906510089e-06	2.22111519021e-05	0	0	6.34604340059e-06	6.34604340059e-06	0	3.1730217003e-06	3.1730217003e-06	6.34604340059e-06	3.1730217003e-06	2.22111519021e-05	3.1730217003e-06	0.000133266911412	0	6.34604340059e-06	5.07683472047e-05	6.02874123056e-05	9.51906510089e-06	0	3.1730217003e-06	0	3.1730217003e-06	2.53841736024e-05	0.0011073845734	0.000253841736024	0.000866234924181	0.000139612954813	4.44223038041e-05	0.00021893849732	3.1730217003e-05	6.02874123056e-05	2.22111519021e-05	1.58651085015e-05	9.51906510089e-06	1.26920868012e-05	0	0
0.0103059744826	1.58651085015e-05	0.000847196793979	0	0.00120257522441	6.34604340059e-06	0.00911926436665	0.0514473738486	0.0131743860996	0.000228457562421	0.0116735468354	0.000780563338273	4.12492821038e-05	0.00042518490784	0.0110611536472	2.85571953027e-05	4.75953255044e-05	0.00085671585908	0.000237976627522	0.00021576547562	0.000418838864439	0.0021417896477	1.26920868012e-05	0.00484837715805	0.000206246410519	0	0.000869407945881	0.00032682123513	0.0278559575069	0.0107279863687	0.0156366509391	6.02874123056e-05	3.80762604035e-05	0.00524817789229	0.00595576173145	0	7.61525208071e-05	0	0	0.000450569081442	0	1.90381302018e-05	9.51906510089e-06	9.51906510089e-06	0.000726621969368	9.51906510089e-06	4.12492821038e-05	1.26920868012e-05	0	0	4.75953255044e-05	1.26920868012e-05	0	3.1730217003e-06	0	7.29794991068e-05	0	3.49032387032e-05	1.26920868012e-05	0.000723448947667	0	3.1730217003e-05	8.24985642077e-05	0.000463261168243	9.51906510089e-06	0	1.90381302018e-05	0	0	7.93255425074e-05	0.000904311184584	0.000247495692623	0.00502923939497	0.00096459859689	1.58651085015e-05	6.34604340059e-06	3.1730217003e-06	6.66334557062e-05	4.12492821038e-05	7.61525208071e-05	6.34604340059e-06	5.07683472047e-05	0	0
0.00740583264849	1.26920868012e-05	2.53841736024e-05	0	0.00032364821343	0.000878927010982	0.0248891822171	0.0131743860996	0.0432863620354	0.000225284540721	0.011381628839	0.000155478063314	0.00293504507277	0.00010788273781	0.0148878178178	6.66334557062e-05	3.1730217003e-05	1.90381302018e-05	6.34604340059e-06	3.80762604035e-05	0.00127238170182	1.90381302018e-05	3.1730217003e-06	0.000453742103142	0.000257014757724	6.34604340059e-06	0.000130093889712	6.98064774065e-05	0.00707583839166	0.00285889255197	0.00147545509064	3.1730217003e-06	0.0021513087128	0.000339513321932	0.00170391265306	0	4.75953255044e-05	0	0	0.000203073388819	0	0	3.49032387032e-05	0	0.000406146777638	6.34604340059e-06	6.34604340059e-06	4.44223038041e-05	0	0	3.1730217003e-06	6.34604340059e-06	0	0	3.1730217003e-06	3.1730217003e-05	3.1730217003e-06	2.53841736024e-05	3.1730217003e-06	0.000336340300231	0	1.58651085015e-05	5.71143906053e-05	0.00021576547562	1.26920868012e-05	0	3.1730217003e-06	0	6.34604340059e-06	2.85571953027e-05	0.00147545509064	0.000374416560635	0.0021290975609	0.000485472320145	1.58651085015e-05	0.000599701101356	0.000155478063314	6.66334557062e-05	2.22111519021e-05	2.85571953027e-05	9.51906510089e-06	9.51906510089e-06	0	0
1.90381302018e-05	0.00560038330102	7.61525208071e-05	0	0.00406146777638	0.000241149649222	0.000114228781211	0.000228457562421	0.000225284540721	0.0242799620507	4.75953255044e-05	1.58651085015e-05	0.00362359078174	0.000606047144756	0.000368070517234	0.000783736359973	0.000171343171816	3.1730217003e-06	0	5.71143906053e-05	0.00309369615779	3.1730217003e-06	0.00801822583665	6.34604340059e-05	0.011984502962	0.00276370190096	0.00053624066735	0.00679026643863	0.004340693686	0.000285571953027	9.51906510089e-06	0	2.53841736024e-05	5.3941368905e-05	0.000517202537148	1.90381302018e-05	0.00032682123513	3.1730217003e-06	0	0.00152939645954	6.34604340059e-06	1.26920868012e-05	0.000193554323718	0.00021893849732	0.00702507004445	0.000368070517234	0.000136439933113	0.000637777361759	9.51906510089e-06	2.85571953027e-05	7.61525208071e-05	0.000301437061528	0	6.34604340059e-06	4.12492821038e-05	0.00141834070003	4.44223038041e-05	0.000517202537148	3.80762604035e-05	0.0053846178254	6.02874123056e-05	0.000171343171816	0.000301437061528	0.00160554898035	0.000231630584122	0	1.26920868012e-05	0	8.88446076083e-05	0.000184035258617	0.000866234924181	0.000190381302018	9.51906510089e-05	0.000237976627522	0.00121209428951	0	1.58651085015e-05	0.00064412340516	0.000469607211644	0.000314129148329	0.000101536694409	2.85571953027e-05	1.90381302018e-05	0
0.000955079531789	1.58651085015e-05	2.22111519021e-05	0	0.00159920293695	0	0.0133457292714	0.0116735468354	0.011381628839	4.75953255044e-05	0.0371306999369	0.00154843458974	0.00167852847946	0.000923349314786	0.0102647252005	1.26920868012e-05	8.88446076083e-05	3.1730217003e-06	0.00064729642686	4.12492821038e-05	0.00435655879451	3.49032387032e-05	3.49032387032e-05	8.5671585908e-05	2.85571953027e-05	3.1730217003e-06	0.00147545509064	0.000234803605822	0.0096396399255	0.00758669488541	0.000266533822825	0.000152305041614	3.1730217003e-05	0.0021195784958	0.00502289335157	3.1730217003e-06	4.12492821038e-05	0	0	5.07683472047e-05	0	3.49032387032e-05	2.22111519021e-05	1.58651085015e-05	0.000285571953027	2.53841736024e-05	1.90381302018e-05	1.58651085015e-05	0	6.34604340059e-06	1.58651085015e-05	5.07683472047e-05	0	0	0	2.22111519021e-05	6.34604340059e-06	0.000114228781211	6.02874123056e-05	0.000171343171816	3.1730217003e-06	1.26920868012e-05	5.07683472047e-05	0.000136439933113	9.51906510089e-06	0	1.26920868012e-05	0	3.1730217003e-06	2.53841736024e-05	0.00151987739444	0.000126920868012	0.00242418857903	6.98064774065e-05	0	0	0	0.000222111519021	0.00010470971611	1.58651085015e-05	6.34604340059e-06	1.58651085015e-05	0	0
0.000288744974727	1.58651085015e-05	6.34604340059e-05	0	0.000314129148329	2.22111519021e-05	0.000260187779424	0.000780563338273	0.000155478063314	1.58651085015e-05	0.00154843458974	0.0259870477254	0.00185304467297	0.0101060741154	0.00465164981263	1.90381302018e-05	0	0.000101536694409	0.003176194722	0.00422646490479	0.00220207706001	0.000114228781211	3.1730217003e-06	0.000463261168243	6.34604340059e-05	0.000117401802911	0.00653007865921	0.000786909381673	0.00131680400562	0.00872898269751	0.000257014757724	0.000821812620377	0.000888446076083	0.000507683472047	0.0150845451632	0	3.49032387032e-05	0	0	3.1730217003e-06	0	6.34604340059e-06	2.22111519021e-05	0	8.5671585908e-05	3.1730217003e-06	3.1730217003e-05	1.90381302018e-05	8.5671585908e-05	0	3.1730217003e-05	9.51906510089e-06	0	3.1730217003e-06	0	3.1730217003e-06	3.1730217003e-06	3.1730217003e-05	1.58651085015e-05	1.58651085015e-05	6.34604340059e-06	1.90381302018e-05	3.80762604035e-05	3.49032387032e-05	6.34604340059e-06	0	0.000422011886139	0	0	4.12492821038e-05	0.000599701101356	0.000955079531789	0.00692353335004	0.000206246410519	3.1730217003e-06	0	0.000120574824611	4.12492821038e-05	3.80762604035e-05	3.1730217003e-05	0	3.1730217003e-05	3.1730217003e-06	0
6.34604340059e-06	0	0	0	0.00505779659027	6.34604340059e-06	0.00681247759053	4.12492821038e-05	0.00293504507277	0.00362359078174	0.00167852847946	0.00185304467297	0.0288364212123	0.000977290683691	0.00740583264849	0.000396627712537	9.51906510089e-06	0	0.000666334557062	0	0.0145038821921	6.34604340059e-06	9.51906510089e-06	9.51906510089e-06	0.00155478063314	0	0.00164362524075	3.1730217003e-05	0.000764698229771	0.00583201388514	6.34604340059e-06	0.000234803605822	0.000180862236917	9.51906510089e-06	0.00442636527191	0	3.1730217003e-06	0	0	5.07683472047e-05	0	0	0	0	0	0	0	0.00042835792954	0	0	0	0	0	0	0	0	0	0	3.1730217003e-06	3.1730217003e-06	0	0	0	0	0	0	9.51906510089e-06	0	0	0	0.00043153095124	6.34604340059e-06	0.000653642470261	1.90381302018e-05	0.000234803605822	0	9.51906510089e-06	3.1730217003e-06	3.1730217003e-06	0	0	0	0	0
9.83636727092e-05	0.00130411191882	4.44223038041e-05	0	0.000222111519021	6.34604340059e-06	0.000193554323718	0.00042518490784	0.00010788273781	0.000606047144756	0.000923349314786	0.0101060741154	0.000977290683691	0.0303943748671	0.00209419432219	1.26920868012e-05	0	2.53841736024e-05	0.0011137306168	9.83636727092e-05	0.00100584787899	7.29794991068e-05	0.000596528079656	0.000139612954813	0.00031730217003	0.00729477688898	0.00340782530612	0.00933185682057	0.000802774490175	0.00397896921217	9.51906510089e-05	0.00242418857903	0.000349032387032	0.000333167278531	0.00558769121422	0	0.000282398931326	0	0	9.51906510089e-06	0	4.44223038041e-05	1.90381302018e-05	3.49032387032e-05	8.88446076083e-05	3.1730217003e-05	0.00197361949758	1.90381302018e-05	0.00344907458822	5.3941368905e-05	3.49032387032e-05	3.49032387032e-05	9.51906510089e-06	0	0	6.34604340059e-06	6.34604340059e-06	0.000117401802911	2.85571953027e-05	2.85571953027e-05	0.00274783679246	0.0010217129875	0.00138661048303	2.85571953027e-05	2.22111519021e-05	0	0.00096459859689	2.22111519021e-05	0	0.000126920868012	0.000980463705391	0.00339196019762	0.00334119185041	0.000310956126629	3.1730217003e-06	9.51906510089e-06	0.000894792119483	6.02874123056e-05	0.00250034109983	3.80762604035e-05	3.1730217003e-06	2.85571953027e-05	1.58651085015e-05	0.000174516193516
0.0154050203549	3.1730217003e-06	0.000904311184584	0	0.000904311184584	2.22111519021e-05	0.0064095038346	0.0110611536472	0.0148878178178	0.000368070517234	0.0102647252005	0.00465164981263	0.00740583264849	0.00209419432219	0.0541285771853	5.3941368905e-05	1.90381302018e-05	0.00121526731121	0.00197361949758	0.00032364821343	0.00675853622163	0.000120574824611	0	0.00286841161707	0.000488645341845	0	0.00370291632424	0.000352205408733	0.0122224795895	0.0296011194421	0.0115275878372	0.000358551452133	0.000732968012768	0.00240197742712	0.0105312590233	0	2.22111519021e-05	0	0	0.000101536694409	0	9.51906510089e-06	1.26920868012e-05	6.34604340059e-06	0.000164997128415	0	4.44223038041e-05	6.98064774065e-05	0	0	3.49032387032e-05	9.51906510089e-06	0	1.26920868012e-05	0	6.34604340059e-06	0	1.90381302018e-05	9.51906510089e-06	0.000126920868012	0	9.51906510089e-06	1.90381302018e-05	0.00010788273781	6.34604340059e-06	0	3.49032387032e-05	0	0	5.3941368905e-05	0.000999501835593	6.02874123056e-05	0.00276370190096	0.000479126276745	9.51906510089e-06	2.53841736024e-05	2.85571953027e-05	1.26920868012e-05	1.58651085015e-05	3.49032387032e-05	0	3.49032387032e-05	0	0
6.34604340059e-06	5.3941368905e-05	9.51906510089e-06	0	9.51906510089e-05	0.00169439358796	0.000152305041614	2.85571953027e-05	6.66334557062e-05	0.000783736359973	1.26920868012e-05	1.90381302018e-05	0.000396627712537	1.26920868012e-05	5.3941368905e-05	0.00702189702275	0	0	0	0	4.44223038041e-05	6.34604340059e-06	0.000355378430433	1.26920868012e-05	0.00201169575799	1.90381302018e-05	9.51906510089e-06	0.000390281669136	0.000523548580549	8.24985642077e-05	2.85571953027e-05	0	4.44223038041e-05	1.26920868012e-05	0.000329994256831	3.1730217003e-06	2.53841736024e-05	0	0	9.51906510089e-06	0	9.51906510089e-06	6.34604340059e-06	9.51906510089e-06	0.000196727345418	0	0	0	0	6.34604340059e-06	3.1730217003e-06	6.34604340059e-06	0	0	0	3.1730217003e-06	0	0	0.000161824106715	0.000133266911412	0	1.90381302018e-05	0.000120574824611	3.49032387032e-05	2.53841736024e-05	0	0	0	1.90381302018e-05	3.1730217003e-06	7.29794991068e-05	0	0.000301437061528	0.000130093889712	0.00523865882719	3.1730217003e-06	3.1730217003e-06	1.58651085015e-05	6.34604340059e-06	0.000155478063314	0.000126920868012	9.51906510089e-06	0	0
6.34604340059e-06	0.000228457562421	0.000149132019914	0	3.1730217003e-05	3.1730217003e-06	1.58651085015e-05	4.75953255044e-05	3.1730217003e-05	0.000171343171816	8.88446076083e-05	0	9.51906510089e-06	0	1.90381302018e-05	0	0.0140247559153	9.51906510089e-06	3.1730217003e-06	3.1730217003e-05	6.98064774065e-05	0.00175468100026	0.00547028941131	0.00504827752517	0.00336974904571	9.51906510089e-06	0.000114228781211	0.00276687492266	0.000958252553489	0.000199900367119	6.34604340059e-05	0	1.58651085015e-05	5.3941368905e-05	0.000196727345418	0	0.000225284540721	3.1730217003e-06	0	1.58651085015e-05	0	1.26920868012e-05	6.34604340059e-06	9.51906510089e-06	0.00220525008171	4.12492821038e-05	1.26920868012e-05	1.58651085015e-05	0	6.34604340059e-06	9.51906510089e-06	0.00373464654125	1.26920868012e-05	3.1730217003e-06	9.51906510089e-06	1.58651085015e-05	0.0021259245392	0.00478491672405	0.000298264039828	0.00200217669289	1.26920868012e-05	2.85571953027e-05	0.000402973755938	0.00417252353589	3.1730217003e-06	0	0	0	3.1730217003e-06	1.26920868012e-05	0.001037578096	0.000333167278531	9.83636727092e-05	2.22111519021e-05	0	0	0	0.000942387444988	0.000844023772279	2.85571953027e-05	9.51906510089e-06	1.90381302018e-05	0	0
0.00151035832934	0.000409319799338	0.0134345738791	0	3.1730217003e-06	0	3.1730217003e-06	0.00085671585908	1.90381302018e-05	3.1730217003e-06	3.1730217003e-06	0.000101536694409	0	2.53841736024e-05	0.00121526731121	0	9.51906510089e-06	0.0284429665214	6.34604340059e-06	0.00687593802454	3.1730217003e-06	0.00151353135104	6.34604340059e-06	0.0126381454323	1.26920868012e-05	2.53841736024e-05	0.00656180887621	0.0105185669365	0.000761525208071	0.000406146777638	0.00408367892828	3.1730217003e-06	0	1.90381302018e-05	0.00350618897883	0	0.00140247559153	7.61525208071e-05	0	6.34604340059e-06	0	3.1730217003e-06	0	0	5.07683472047e-05	6.34604340059e-06	3.80762604035e-05	3.1730217003e-06	0	0	0	0.000371243538935	0.000193554323718	4.75953255044e-05	0.00010788273781	9.51906510089e-06	3.80762604035e-05	0.000720275925967	0.000253841736024	3.1730217003e-06	1.90381302018e-05	0.000250668714323	0.000983636727092	3.80762604035e-05	3.1730217003e-06	0	3.1730217003e-06	0	0	5.07683472047e-05	0.000761525208071	0.000764698229771	0.00334436487211	0.00178006517387	9.51906510089e-06	0	1.90381302018e-05	0.000412492821038	0.000488645341845	0.000152305041614	7.29794991068e-05	0	0	0
2.22111519021e-05	9.51906510089e-06	3.80762604035e-05	0	5.07683472047e-05	0	3.49032387032e-05	0.000237976627522	6.34604340059e-06	0	0.00064729642686	0.003176194722	0.000666334557062	0.0011137306168	0.00197361949758	0	3.1730217003e-06	6.34604340059e-06	0.0111087489727	0.00133584213582	0.000793255425074	4.12492821038e-05	0	5.07683472047e-05	9.51906510089e-06	0.000171343171816	0.00796428446774	0.00184987165127	0.000329994256831	0.00273514470565	5.07683472047e-05	0.000377589582335	0	0.000130093889712	0.00369974330254	0	9.20176293086e-05	0	0	0	0	0	3.1730217003e-06	0	1.58651085015e-05	2.53841736024e-05	6.34604340059e-06	6.34604340059e-06	9.51906510089e-06	0	0	9.51906510089e-06	0	0	1.26920868012e-05	6.34604340059e-06	3.1730217003e-06	4.44223038041e-05	1.58651085015e-05	6.34604340059e-06	7.61525208071e-05	0.000298264039828	0.000345859365332	6.34604340059e-06	2.53841736024e-05	0	1.58651085015e-05	0	0	3.49032387032e-05	0.000844023772279	0.00141834070003	0.00143737883023	0.000123747846312	0	0	3.1730217003e-06	1.90381302018e-05	0.000126920868012	4.44223038041e-05	3.1730217003e-06	0	0	0
0.000266533822825	0.000710756860866	0.000625085274958	0	3.1730217003e-06	0	1.58651085015e-05	0.00021576547562	3.80762604035e-05	5.71143906053e-05	4.12492821038e-05	0.00422646490479	0	9.83636727092e-05	0.00032364821343	0	3.1730217003e-05	0.00687593802454	0.00133584213582	0.0230424835875	0.000130093889712	0.000479126276745	3.1730217003e-06	0.0021290975609	9.51906510089e-05	6.34604340059e-05	0.0116259515099	0.00545759732451	0.000361724473834	0.000812293555276	0.0010566162262	3.1730217003e-05	0	7.61525208071e-05	0.00743438984379	0	0.00144055185193	5.3941368905e-05	0	1.58651085015e-05	0	0	3.1730217003e-06	0	0.000174516193516	3.80762604035e-05	4.12492821038e-05	0	0	0	0	7.93255425074e-05	5.3941368905e-05	5.3941368905e-05	0.000114228781211	3.80762604035e-05	4.12492821038e-05	0.000145958998214	5.71143906053e-05	2.22111519021e-05	5.07683472047e-05	0.000244322670923	0.000837677728878	4.75953255044e-05	3.1730217003e-05	0	6.34604340059e-06	0	0	6.98064774065e-05	0.00199583064949	0.0021195784958	0.00598431892676	0.000349032387032	0	0	1.90381302018e-05	0.000472780233344	0.000758352186371	0.000133266911412	2.22111519021e-05	3.1730217003e-06	0	0
9.51906510089e-06	1.26920868012e-05	1.90381302018e-05	0	0.00691401428494	3.1730217003e-06	0.00117719105081	0.000418838864439	0.00127238170182	0.00309369615779	0.00435655879451	0.00220207706001	0.0145038821921	0.00100584787899	0.00675853622163	4.44223038041e-05	6.98064774065e-05	3.1730217003e-06	0.000793255425074	0.000130093889712	0.0240229472929	3.80762604035e-05	1.58651085015e-05	7.29794991068e-05	0.00163727919735	3.1730217003e-06	0.00184987165127	0.000142785976513	0.00337926811081	0.00830697081137	6.02874123056e-05	0.000234803605822	0.000152305041614	0.000786909381673	0.00569557395203	0	3.49032387032e-05	0	0	5.3941368905e-05	0	2.85571953027e-05	0	3.1730217003e-06	7.93255425074e-05	2.53841736024e-05	1.58651085015e-05	0.000237976627522	0	0	6.34604340059e-06	4.75953255044e-05	0	0	0	3.1730217003e-06	3.1730217003e-06	9.51906510089e-05	6.34604340059e-05	2.22111519021e-05	3.1730217003e-06	1.58651085015e-05	3.49032387032e-05	5.07683472047e-05	0	0	1.90381302018e-05	0	0	1.90381302018e-05	0.00129459285372	6.02874123056e-05	0.0021227515175	6.02874123056e-05	6.34604340059e-06	0	6.34604340059e-06	0.000171343171816	9.51906510089e-05	9.51906510089e-06	3.1730217003e-06	9.51906510089e-06	3.1730217003e-06	0
0.00010470971611	5.07683472047e-05	0.00126920868012	0	1.58651085015e-05	0	6.34604340059e-06	0.0021417896477	1.90381302018e-05	3.1730217003e-06	3.49032387032e-05	0.000114228781211	6.34604340059e-06	7.29794991068e-05	0.000120574824611	6.34604340059e-06	0.00175468100026	0.00151353135104	4.12492821038e-05	0.000479126276745	3.80762604035e-05	0.039193164042	0.000149132019914	0.0235184368426	0.000298264039828	6.34604340059e-06	0.000345859365332	0.000675853622163	0.00764698229771	0.000713929882566	0.0149957005556	1.90381302018e-05	1.26920868012e-05	0.000736141034469	0.0101060741154	0	0.00010788273781	0	0	3.1730217003e-06	0	0	3.1730217003e-06	0	0.000329994256831	3.1730217003e-06	0	3.1730217003e-06	0	0	0	0.000621912253258	3.1730217003e-06	0	6.34604340059e-06	6.34604340059e-06	0.000685372687264	0.00118353709421	6.34604340059e-05	0.000126920868012	9.51906510089e-06	1.26920868012e-05	0.00021576547562	0.000923349314786	3.1730217003e-06	0	3.1730217003e-06	0	3.1730217003e-06	3.1730217003e-06	0.00118353709421	0.000295091018127	0.00728843084558	0.00202438784479	1.58651085015e-05	0	9.51906510089e-06	0.000298264039828	0.000301437061528	9.51906510089e-06	3.1730217003e-06	0	0	0
0	0.00676488226503	0.000117401802911	0	1.90381302018e-05	7.61525208071e-05	3.1730217003e-06	1.26920868012e-05	3.1730217003e-06	0.00801822583665	3.49032387032e-05	3.1730217003e-06	9.51906510089e-06	0.000596528079656	0	0.000355378430433	0.00547028941131	6.34604340059e-06	0	3.1730217003e-06	1.58651085015e-05	0.000149132019914	0.0207515619199	0.00168804754456	0.00916051364875	0.00269072240185	0.000510856493748	0.0123747846312	0.000590182036255	6.66334557062e-05	2.22111519021e-05	0	3.1730217003e-06	2.22111519021e-05	5.07683472047e-05	6.34604340059e-06	0.00074883312127	3.1730217003e-06	0	1.58651085015e-05	0	3.1730217003e-06	1.58651085015e-05	3.1730217003e-06	0.00250351412153	1.26920868012e-05	9.83636727092e-05	6.34604340059e-06	0.000133266911412	0	6.34604340059e-06	0.00379810697525	9.51906510089e-06	0	3.49032387032e-05	6.34604340059e-06	0.000774217294872	0.00460722750883	0.000945560466688	0.00144689789533	0.000307783104929	0.00010788273781	0.000799601468474	0.00302071665868	9.51906510089e-06	0	9.51906510089e-06	0	0	6.34604340059e-06	0.000590182036255	0.000196727345418	3.1730217003e-05	8.5671585908e-05	0.000590182036255	0	2.22111519021e-05	0.000422011886139	0.000494991385246	3.1730217003e-05	6.34604340059e-06	6.34604340059e-06	0	0
0.00362041776004	0.000152305041614	0.0175087337422	0	3.80762604035e-05	3.1730217003e-06	0.000164997128415	0.00484837715805	0.000453742103142	6.34604340059e-05	8.5671585908e-05	0.000463261168243	9.51906510089e-06	0.000139612954813	0.00286841161707	1.26920868012e-05	0.00504827752517	0.0126381454323	5.07683472047e-05	0.0021290975609	7.29794991068e-05	0.0235184368426	0.00168804754456	0.0755242625104	0.000184035258617	9.51906510089e-06	0.00181179539087	0.0122224795895	0.0074978502778	0.00178958423897	0.0147831081017	2.85571953027e-05	1.90381302018e-05	0.00011105575951	0.015573190505	0	0.000663161535362	1.26920868012e-05	0	1.90381302018e-05	0	2.22111519021e-05	6.34604340059e-06	9.51906510089e-06	0.00011105575951	4.12492821038e-05	2.85571953027e-05	1.90381302018e-05	0	6.34604340059e-06	9.51906510089e-06	0.00392502784327	2.22111519021e-05	9.51906510089e-06	3.1730217003e-05	1.58651085015e-05	0.0021862119515	0.006415849878	0.00162141408885	0.00166266337095	3.80762604035e-05	0.000142785976513	0.00160872200205	0.00242736160073	3.1730217003e-06	0	1.26920868012e-05	0	3.1730217003e-06	3.49032387032e-05	0.00345859365332	0.000485472320145	0.0178577661293	0.00788813194693	0.00085671585908	0	2.85571953027e-05	0.00118353709421	0.000977290683691	0.000368070517234	0.000247495692623	3.1730217003e-05	0	0
0.000234803605822	0.00368705121574	0.000152305041614	0	0.00781197942613	0.000561624840952	6.98064774065e-05	0.000206246410519	0.000257014757724	0.011984502962	2.85571953027e-05	6.34604340059e-05	0.00155478063314	0.00031730217003	0.000488645341845	0.00201169575799	0.00336974904571	1.26920868012e-05	9.51906510089e-06	9.51906510089e-05	0.00163727919735	0.000298264039828	0.00916051364875	0.000184035258617	0.0421662853752	0.00153256948124	0.000269706844525	0.00655228981111	0.014027928937	0.00266851124995	0.00158333782845	3.1730217003e-06	8.88446076083e-05	0.00157699178505	0.00440098109831	9.51906510089e-06	0.000282398931326	0	0	0.0021005403656	6.34604340059e-06	0.000250668714323	0.00163093315395	0.000161824106715	0.0101473233975	0.000418838864439	9.20176293086e-05	0.0010724813347	3.1730217003e-06	6.34604340059e-06	0.000209419432219	0.000936041401587	0	0	6.34604340059e-06	0.00171025869646	4.44223038041e-05	0.000872580967581	0.00011105575951	0.00745342797399	1.26920868012e-05	5.3941368905e-05	0.000396627712537	0.00577807251624	0.000199900367119	0	0	0	7.93255425074e-05	9.20176293086e-05	0.00233217094972	0.000412492821038	0.00201486877969	0.00257649362064	0.00251620620833	4.75953255044e-05	3.1730217003e-06	0.000552105775851	0.00043153095124	0.000155478063314	4.12492821038e-05	3.49032387032e-05	3.1730217003e-06	0
0	0.00637777361759	6.34604340059e-06	0	0	3.1730217003e-06	6.34604340059e-06	0	6.34604340059e-06	0.00276370190096	3.1730217003e-06	0.000117401802911	0	0.00729477688898	0	1.90381302018e-05	9.51906510089e-06	2.53841736024e-05	0.000171343171816	6.34604340059e-05	3.1730217003e-06	6.34604340059e-06	0.00269072240185	9.51906510089e-06	0.00153256948124	0.0232043076943	0.00575268834264	0.0143896534108	9.51906510089e-06	0	1.26920868012e-05	1.58651085015e-05	3.1730217003e-06	3.1730217003e-06	9.51906510089e-06	3.1730217003e-06	0.00403925662448	3.1730217003e-06	0	1.90381302018e-05	0	3.1730217003e-05	3.1730217003e-06	2.22111519021e-05	0.000222111519021	0.00010470971611	0.00159920293695	3.1730217003e-05	0.00232265188462	2.85571953027e-05	3.1730217003e-06	7.93255425074e-05	1.90381302018e-05	8.88446076083e-05	0.000136439933113	6.34604340059e-05	1.26920868012e-05	0.000364897495534	1.26920868012e-05	0.000158651085015	0.00933502984227	0.00332849976361	0.00817370389996	1.26920868012e-05	7.93255425074e-05	0	0.000225284540721	0	0	0.000133266911412	0.000126920868012	0.000685372687264	0.00010470971611	9.51906510089e-06	2.53841736024e-05	0	0.000656815491961	0.000291917996427	0.00274149074906	0.000193554323718	9.51906510089e-06	4.75953255044e-05	3.1730217003e-06	0.000222111519021
0.000406146777638	0.00438194296811	0.00794841935924	0	0.000269706844525	1.26920868012e-05	0.000164997128415	0.000869407945881	0.000130093889712	0.00053624066735	0.00147545509064	0.00653007865921	0.00164362524075	0.00340782530612	0.00370291632424	9.51906510089e-06	0.000114228781211	0.00656180887621	0.00796428446774	0.0116259515099	0.00184987165127	0.000345859365332	0.000510856493748	0.00181179539087	0.000269706844525	0.00575268834264	0.0706124249184	0.0342242120594	0.00137391839623	0.00549250056321	0.000650469448561	0.00118671011591	7.29794991068e-05	0.000567970884353	0.00960790970849	0	0.00724083552007	4.75953255044e-05	0	7.61525208071e-05	0	4.12492821038e-05	6.66334557062e-05	2.85571953027e-05	0.000631431318359	0.0010978655083	0.000171343171816	4.75953255044e-05	0.000298264039828	6.34604340059e-06	3.80762604035e-05	0.000209419432219	0.00021259245392	0.000237976627522	0.00150083926424	0.000526721602249	8.24985642077e-05	0.000628258296658	0.000187208280317	0.000260187779424	0.00437559692471	0.00462309261733	0.00942070142818	0.000241149649222	0.000993155792192	0	6.66334557062e-05	0	9.51906510089e-06	0.00138978350473	0.00564797862653	0.00700603191425	0.00634604340059	0.00115180687721	0	0	1.58651085015e-05	0.00143737883023	0.00350936200053	0.00168804754456	5.3941368905e-05	5.71143906053e-05	0	3.1730217003e-06
0.000225284540721	0.0209768464607	0.0256887836856	0	4.75953255044e-05	7.93255425074e-05	6.98064774065e-05	0.00032682123513	6.98064774065e-05	0.00679026643863	0.000234803605822	0.000786909381673	3.1730217003e-05	0.00933185682057	0.000352205408733	0.000390281669136	0.00276687492266	0.0105185669365	0.00184987165127	0.00545759732451	0.000142785976513	0.000675853622163	0.0123747846312	0.0122224795895	0.00655228981111	0.0143896534108	0.0342242120594	0.117160653262	0.00100267485729	0.000682199665564	0.0010407511177	0.000520375558848	2.85571953027e-05	0.000155478063314	0.00364580193364	0.000209419432219	0.0196568694333	0.000901138162884	0	6.98064774065e-05	0	9.20176293086e-05	0.000117401802911	0.000117401802911	0.000923349314786	0.000945560466688	0.00138343746133	7.93255425074e-05	0.00223063425531	0.000231630584122	4.12492821038e-05	0.00260187779424	0.000631431318359	0.000301437061528	0.00155795365485	0.00042518490784	0.000418838864439	0.00583518690684	0.00310638824459	0.000352205408733	0.0086306190248	0.00677757435183	0.018590734142	0.00064729642686	0.000790082403374	3.1730217003e-06	0.000548932754151	0	9.51906510089e-06	0.0021100594307	0.0107343324121	0.0064539261384	0.00793255425074	0.00690766824154	0.00115815292061	6.34604340059e-06	7.93255425074e-05	0.00457549729183	0.00731698804088	0.00382349114886	0.000555278797552	0.000123747846312	6.34604340059e-06	9.51906510089e-06
0.00822129922547	0.000149132019914	0.000945560466688	0	0.00678074737353	0.000155478063314	0.00389647064796	0.0278559575069	0.00707583839166	0.004340693686	0.0096396399255	0.00131680400562	0.000764698229771	0.000802774490175	0.0122224795895	0.000523548580549	0.000958252553489	0.000761525208071	0.000329994256831	0.000361724473834	0.00337926811081	0.00764698229771	0.000590182036255	0.0074978502778	0.014027928937	9.51906510089e-06	0.00137391839623	0.00100267485729	0.0783419057803	0.0222143249238	0.0230139263922	0.00010470971611	0.000171343171816	0.00998232626913	0.0166329797529	1.26920868012e-05	0.000504510450347	0	0	0.00246543786113	0	0.000526721602249	0.00171025869646	0.00010788273781	0.0102615521788	0.000618739231558	0.000126920868012	0.000847196793979	0	2.53841736024e-05	0.000272879866225	0.000349032387032	0	9.51906510089e-06	1.26920868012e-05	0.00176102704366	5.07683472047e-05	0.00053941368905	0.000209419432219	0.00835773915858	1.26920868012e-05	0.000101536694409	0.00064729642686	0.00544173221601	0.000180862236917	0	3.80762604035e-05	0	6.98064774065e-05	0.000228457562421	0.00457232427013	0.000723448947667	0.0104868367195	0.00547980847641	0.000577489949454	7.61525208071e-05	9.51906510089e-06	0.00150401228594	0.00119940220271	0.000298264039828	7.61525208071e-05	8.24985642077e-05	6.34604340059e-06	0
0.0106708719781	7.29794991068e-05	0.000136439933113	0	0.00258601268574	5.71143906053e-05	0.0021766928864	0.0107279863687	0.00285889255197	0.000285571953027	0.00758669488541	0.00872898269751	0.00583201388514	0.00397896921217	0.0296011194421	8.24985642077e-05	0.000199900367119	0.000406146777638	0.00273514470565	0.000812293555276	0.00830697081137	0.000713929882566	6.66334557062e-05	0.00178958423897	0.00266851124995	0	0.00549250056321	0.000682199665564	0.0222143249238	0.0670554675923	0.0229536389799	0.000507683472047	0.0031793677437	0.0115688371193	0.0255142674921	3.1730217003e-06	0.000269706844525	0	0	0.000126920868012	0	9.51906510089e-05	0.000161824106715	3.49032387032e-05	0.00129459285372	2.85571953027e-05	0.000237976627522	8.24985642077e-05	1.26920868012e-05	6.34604340059e-06	0.000352205408733	8.88446076083e-05	3.1730217003e-06	2.85571953027e-05	9.51906510089e-06	2.53841736024e-05	2.22111519021e-05	0.000231630584122	0.00010788273781	0.000561624840952	0	6.66334557062e-05	0.000371243538935	0.000374416560635	2.53841736024e-05	0	0.000117401802911	0	9.51906510089e-06	0.000253841736024	0.00565115164823	0.000796428446774	0.0104646255676	0.00126603565842	6.34604340059e-06	0.000234803605822	0.000241149649222	0.000729794991068	0.000301437061528	0.000206246410519	2.53841736024e-05	0.000301437061528	9.51906510089e-06	0
0.0115624910759	6.02874123056e-05	0.00142468674343	0	9.51906510089e-05	3.1730217003e-06	0.000882100032682	0.0156366509391	0.00147545509064	9.51906510089e-06	0.000266533822825	0.000257014757724	6.34604340059e-06	9.51906510089e-05	0.0115275878372	2.85571953027e-05	6.34604340059e-05	0.00408367892828	5.07683472047e-05	0.0010566162262	6.02874123056e-05	0.0149957005556	2.22111519021e-05	0.0147831081017	0.00158333782845	1.26920868012e-05	0.000650469448561	0.0010407511177	0.0230139263922	0.0229536389799	0.0606840400181	6.34604340059e-06	4.44223038041e-05	0.00808168627065	0.0121495000904	0	0.00021259245392	0	0	9.51906510089e-06	0	4.75953255044e-05	0.000126920868012	1.90381302018e-05	0.000904311184584	9.51906510089e-06	4.12492821038e-05	3.1730217003e-06	0	6.34604340059e-06	6.02874123056e-05	1.90381302018e-05	3.1730217003e-06	0	1.26920868012e-05	1.58651085015e-05	6.34604340059e-06	8.24985642077e-05	4.12492821038e-05	0.000498164406946	1.26920868012e-05	4.44223038041e-05	0.000288744974727	0.000228457562421	9.51906510089e-05	0	1.58651085015e-05	0	7.29794991068e-05	6.02874123056e-05	0.00163093315395	0.000777390316572	0.0053528876084	0.000885273054382	0	1.58651085015e-05	3.1730217003e-06	0.000364897495534	0.000168170150116	8.5671585908e-05	2.22111519021e-05	5.3941368905e-05	9.51906510089e-06	0
1.58651085015e-05	0	6.34604340059e-06	0	3.1730217003e-05	0	1.26920868012e-05	6.02874123056e-05	3.1730217003e-06	0	0.000152305041614	0.000821812620377	0.000234803605822	0.00242418857903	0.000358551452133	0	0	3.1730217003e-06	0.000377589582335	3.1730217003e-05	0.000234803605822	1.90381302018e-05	0	2.85571953027e-05	3.1730217003e-06	1.58651085015e-05	0.00118671011591	0.000520375558848	0.00010470971611	0.000507683472047	6.34604340059e-06	0.00255745549044	0	5.3941368905e-05	0.000736141034469	0	1.90381302018e-05	0	0	0	0	0	0	0	0	0	0	3.1730217003e-06	9.51906510089e-06	0	0	6.34604340059e-06	0	0	0	0	0	2.22111519021e-05	1.26920868012e-05	0	9.51906510089e-06	6.34604340059e-06	3.49032387032e-05	0	0	0	6.34604340059e-06	0	0	0	0.000206246410519	0.000406146777638	0.000402973755938	2.22111519021e-05	0	0	0	0	3.1730217003e-06	0	0	0	0	0
1.58651085015e-05	3.1730217003e-06	3.1730217003e-06	0	5.71143906053e-05	0.00179593028237	0.00113276874701	3.80762604035e-05	0.0021513087128	2.53841736024e-05	3.1730217003e-05	0.000888446076083	0.000180862236917	0.000349032387032	0.000732968012768	4.44223038041e-05	1.58651085015e-05	0	0	0	0.000152305041614	1.26920868012e-05	3.1730217003e-06	1.90381302018e-05	8.88446076083e-05	3.1730217003e-06	7.29794991068e-05	2.85571953027e-05	0.000171343171816	0.0031793677437	4.44223038041e-05	0	0.00735506430128	0.000136439933113	0.00290014183407	0	1.58651085015e-05	0	0	0	0	0	3.1730217003e-06	0	3.80762604035e-05	0	3.1730217003e-06	0	3.1730217003e-06	0	0	0	0	0	3.1730217003e-06	0	0	6.34604340059e-06	0	1.26920868012e-05	0	0	1.90381302018e-05	9.51906510089e-06	0	0	3.49032387032e-05	0	0	3.1730217003e-06	0.000850369815679	0.000244322670923	0.00188160186828	0.000517202537148	0.000136439933113	0.00167218243606	0.000393454690837	1.58651085015e-05	0	0	0	3.1730217003e-06	0	0
0.000380762604035	1.26920868012e-05	2.85571953027e-05	0	0.00113911479041	0	0.000130093889712	0.00524817789229	0.000339513321932	5.3941368905e-05	0.0021195784958	0.000507683472047	9.51906510089e-06	0.000333167278531	0.00240197742712	1.26920868012e-05	5.3941368905e-05	1.90381302018e-05	0.000130093889712	7.61525208071e-05	0.000786909381673	0.000736141034469	2.22111519021e-05	0.00011105575951	0.00157699178505	3.1730217003e-06	0.000567970884353	0.000155478063314	0.00998232626913	0.0115688371193	0.00808168627065	5.3941368905e-05	0.000136439933113	0.0144277296712	0.00828475965947	0	8.5671585908e-05	0	0	3.49032387032e-05	0	3.1730217003e-05	0.000149132019914	3.80762604035e-05	0.00053941368905	1.58651085015e-05	1.90381302018e-05	1.26920868012e-05	0	1.58651085015e-05	1.26920868012e-05	2.85571953027e-05	0	3.1730217003e-06	0	6.34604340059e-06	9.51906510089e-06	9.51906510089e-05	5.3941368905e-05	0.000444223038041	3.1730217003e-06	1.90381302018e-05	7.61525208071e-05	0.000234803605822	2.22111519021e-05	0	1.26920868012e-05	0	9.51906510089e-06	2.22111519021e-05	0.00096459859689	0.000231630584122	0.00557817214912	0.00170073963136	0	7.61525208071e-05	3.1730217003e-06	0.00021259245392	0.000101536694409	4.44223038041e-05	2.22111519021e-05	1.90381302018e-05	3.1730217003e-06	0
