4515	2	32	0	42	2	429	740	879	112	78	5	196	0	1663	11	18	12	0	3	89	224	62	181	175	0	3	14	263	2906	1277	0	2	827	696	0	1	1	0	3	0	1	12	0	76	11	0	12	0	1	0	3	0	0	0	7	3	15	8	52	0	0	3	20	0	1	0	0	0	2	125	7	238	56	64	15	2	2	1	0	0	5	0	0
2	4542	815	0	0	0	1	1	0	9	0	151	0	30	1	2	30	261	5	275	0	50	492	344	8	500	1153	3032	6	14	26	2	0	14	267	0	724	121	0	0	0	0	6	0	1	0	58	0	22	1	0	18	89	3	64	0	31	202	83	1	71	281	390	6	4	7	0	0	3	45	146	202	271	129	10	11	3	37	156	71	17	2	1	5
32	815	9674	0	2	1	3	18	6	35	1	154	0	29	15	4	166	1639	4	388	0	648	481	4594	32	36	2182	3322	113	103	300	0	2	89	1308	0	166	51	0	1	0	1	6	0	12	0	5	1	1	0	1	33	25	0	12	0	23	190	73	6	3	29	122	13	1	9	0	0	0	20	780	664	1433	676	72	68	25	30	50	18	11	2	0	0
0	0	0	0	0	0	0	0	0	0	0	0	0	0	0	0	0	0	0	0	0	0	0	0	0	0	0	0	0	0	0	0	0	0	0	0	0	0	0	0	0	0	0	0	0	0	0	0	0	0	0	0	0	0	0	0	0	0	0	0	0	0	0	0	0	0	0	0	0	0	0	0	0	0	0	0	0	0	0	0	0	0	0	0
42	0	2	0	3997	1	95	225	64	52	249	0	681	0	30	6	5	0	0	0	1277	7	5	6	1749	0	0	1	1111	68	48	0	0	32	30	0	0	0	0	371	0	4	13	2	25	214	0	320	0	3	0	2	0	0	0	393	1	0	1	26	0	0	0	35	0	0	0	0	0	0	19	0	11	1	19	1	0	1	0	2	0	3	0	0
2	0	1	0	1	998	342	0	235	0	0	3	0	2	192	154	0	1	0	0	0	3	0	4	1	0	0	1	1	164	2	0	387	3	176	0	0	0	0	0	0	0	0	0	0	0	0	0	0	0	0	0	0	0	0	0	0	0	1	0	0	0	0	0	0	0	0	0	0	0	12	2	35	14	177	45	0	2	0	0	0	1	0	0
429	1	3	0	95	342	7897	389	3429	66	1263	7	1896	2	1275	70	3	1	0	2	447	26	16	21	182	0	2	1	214	1178	129	0	433	134	470	0	1	0	0	9	0	0	4	0	41	6	0	5	0	1	0	1	0	0	0	6	0	2	0	28	0	1	1	13	0	0	0	0	0	0	58	7	163	40	296	58	1	1	0	0	0	1	0	0
740	1	18	0	225	0	389	6194	598	212	407	2	279	0	180	2	30	3	0	0	357	133	86	139	571	0	1	14	2576	750	1752	0	0	306	337	0	0	0	0	12	0	3	23	1	129	29	0	22	0	4	0	3	0	0	0	9	4	8	2	109	0	0	0	35	0	6	0	0	0	1	83	9	104	37	50	12	2	7	1	2	1	3	0	0
879	0	6	0	64	235	3429	598	8975	59	733	17	598	2	4478	19	4	5	0	1	214	47	21	45	122	0	3	3	233	2487	220	0	732	234	787	1	0	0	0	6	0	1	8	1	50	10	0	5	0	2	0	0	0	0	0	2	2	4	1	36	0	0	0	11	0	0	0	0	0	1	80	7	241	51	148	111	0	1	1	0	0	2	0	0
112	9	35	0	52	0	66	212	59	3967	24	0	635	1	45	65	60	6	0	0	88	118	709	198	1365	0	1	64	457	309	431	0	1	207	299	6	2	8	0	48	0	18	138	6	638	98	0	64	0	16	3	70	2	0	0	51	34	242	59	403	0	0	13	215	4	34	0	0	1	12	108	10	84	33	176	6	1	38	10	9	5	16	1	0
78	0	1	0	249	0	1263	407	733	24	4368	0	1203	1	59	8	1	1	0	1	1141	6	7	7	168	0	0	0	437	92	29	0	0	31	40	1	0	0	0	2	0	0	4	1	22	4	0	2	0	1	0	0	0	0	0	2	0	1	0	12	0	0	0	8	0	0	0	0	0	0	14	1	15	4	26	1	0	2	0	0	0	1	0	0
5	151	154	0	0	3	7	2	17	0	0	7816	0	1947	30	1	1	309	537	1473	0	23	11	113	2	832	3246	660	3	69	15	220	10	13	1642	0	53	7	0	0	0	0	0	0	0	0	129	0	87	0	0	0	4	2	12	0	0	1	1	0	154	107	60	0	0	0	0	0	0	7	169	458	914	265	18	34	42	4	147	40	5	0	0	34
196	0	0	0	681	0	1896	279	598	635	1203	0	7606	1	203	265	2	0	0	0	2757	13	10	9	1072	0	0	0	404	259	65	0	1	72	87	1	0	0	0	3	0	13	4	1	36	8	0	120	0	2	1	0	0	0	0	42	0	1	0	29	0	0	0	10	0	0	0	0	0	0	51	0	39	6	291	5	0	1	0	0	0	2	0	0
0	30	29	0	0	2	2	0	2	1	1	1947	1	4834	4	2	2	25	43	102	0	7	1	30	2	865	1410	644	2	14	6	664	4	7	184	0	11	0	0	0	0	0	0	0	1	0	95	0	85	0	0	0	4	4	2	0	0	0	2	1	85	35	20	1	0	0	0	0	0	3	135	105	373	249	5	48	190	15	92	29	16	0	0	31
1663	1	15	0	30	192	1275	180	4478	45	59	30	203	4	8712	17	10	13	0	4	61	87	34	134	82	0	4	9	118	4691	346	0	724	391	1167	0	0	0	0	6	0	1	8	0	40	5	0	5	0	0	0	1	0	0	0	1	2	4	2	29	0	0	0	10	0	0	0	0	0	3	125	12	374	105	146	138	2	2	1	0	0	1	0	0
11	2	4	0	6	154	70	2	19	65	8	1	265	2	17	1128	0	0	0	1	10	5	2	11	22	0	1	5	6	23	4	0	0	14	47	0	0	3	0	0	0	0	0	0	4	1	0	0	0	0	0	0	2	0	0	1	1	1	0	2	0	1	1	1	0	2	0	0	0	3	111	7	72	73	703	12	2	11	3	3	1	1	0	0
18	30	166	0	5	0	3	30	4	60	1	1	2	2	10	0	3221	17	0	4	2	527	559	1493	313	0	7	858	476	64	134	0	0	66	178	0	3	2	0	2	0	0	12	0	26	3	0	0	0	1	1	17	0	0	0	1	14	61	20	9	0	0	4	18	0	10	0	0	0	3	89	31	130	52	11	9	1	11	10	6	2	2	0	0
12	261	1639	0	0	1	1	3	5	6	1	309	0	25	13	0	17	6011	18	1380	0	456	68	2403	10	53	1533	660	29	128	109	3	2	44	1473	0	55	10	0	1	0	0	2	0	2	0	7	0	2	0	0	4	7	1	6	0	4	36	11	3	11	28	43	4	3	6	0	0	0	6	398	442	1046	408	29	44	16	8	22	6	1	1	0	1
0	5	4	0	0	0	0	0	0	0	0	537	0	43	0	0	0	18	984	417	0	0	1	4	0	25	557	36	1	0	0	2	0	1	31	0	3	0	0	0	0	0	0	0	0	0	6	0	2	0	0	0	0	0	0	0	0	0	0	0	9	2	3	0	0	0	0	0	0	0	5	14	22	5	0	0	1	0	4	1	0	0	0	0
3	275	388	0	0	0	2	0	1	0	1	1473	0	102	4	1	4	1380	417	5173	0	43	14	198	4	206	2896	675	5	15	11	6	0	5	1190	0	79	10	0	0	0	0	0	0	0	0	33	0	12	0	0	1	9	1	14	0	1	7	5	0	35	58	41	0	1	2	0	0	0	4	210	419	769	267	13	29	16	3	46	18	1	1	0	8
89	0	0	0	1277	0	447	357	214	88	1141	0	2757	0	61	10	2	0	0	0	4911	7	6	6	759	0	0	0	862	125	52	0	0	40	39	1	0	0	0	26	0	5	3	1	33	23	0	25	0	2	0	1	0	0	0	45	0	0	0	24	0	0	0	8	0	1	0	0	0	0	21	1	16	3	40	1	0	1	0	0	0	2	0	0
224	50	648	0	7	3	26	133	47	118	6	23	13	7	87	5	527	456	0	43	7	9731	353	5832	231	1	53	284	1040	1100	2714	0	2	1016	1589	0	7	4	0	5	0	2	17	2	68	6	0	3	0	2	1	21	3	0	0	4	16	70	19	38	0	1	8	35	0	6	0	0	0	5	471	129	746	329	54	49	5	12	4	2	1	3	0	0
62	492	481	0	5	0	16	86	21	709	7	11	10	1	34	2	559	68	1	14	6	353	4879	1204	930	1	48	1300	476	203	387	0	0	200	527	2	30	33	0	9	0	7	71	5	262	23	0	5	0	8	2	180	6	0	1	3	95	760	187	118	1	2	117	170	3	71	0	0	2	40	245	81	308	117	26	15	4	79	65	32	17	11	0	1
181	344	4594	0	6	4	21	139	45	198	7	113	9	30	134	11	1493	2403	4	198	6	5832	1204	17455	304	16	383	2883	924	1372	1725	0	5	759	2619	2	53	31	0	3	0	1	34	0	92	5	2	3	0	1	2	93	12	0	3	1	53	361	98	44	0	6	80	77	1	32	0	0	0	25	1203	543	1997	942	133	104	21	35	34	12	6	6	0	0
175	8	32	0	1749	1	182	571	122	1365	168	2	1072	2	82	22	313	10	0	4	759	231	930	304	7331	0	6	59	2338	393	593	0	0	280	406	1	1	0	0	22	0	3	58	5	214	47	0	34	0	10	4	21	1	0	1	24	14	47	16	152	0	0	2	77	2	11	0	0	0	5	121	22	140	52	91	12	2	11	4	1	1	4	0	0
0	500	36	0	0	0	0	0	0	0	0	832	0	865	0	0	0	53	25	206	0	1	1	16	0	3418	1174	1133	0	1	2	34	0	2	118	0	112	6	0	0	0	0	0	0	0	0	216	0	146	1	0	0	17	11	36	0	1	2	0	0	361	229	123	1	0	0	0	1	0	14	16	67	92	23	0	5	7	2	195	78	8	1	2	38
3	1153	2182	0	0	0	2	1	3	1	0	3246	0	1410	4	1	7	1533	557	2896	0	53	48	383	6	1174	16216	5337	8	27	29	366	0	14	1135	0	293	32	0	1	0	0	2	0	2	1	151	1	85	0	0	5	42	5	45	0	6	30	23	2	194	243	182	1	1	1	0	0	1	17	290	636	993	354	21	38	19	13	191	62	3	0	0	24
14	3032	3322	0	1	1	1	14	3	64	0	660	0	644	9	5	858	660	36	675	0	284	1300	2883	59	1133	5337	16547	102	65	116	82	0	57	835	3	411	101	0	0	0	1	13	1	13	3	90	0	51	2	1	53	62	4	42	0	45	301	116	9	104	224	275	29	5	18	0	0	1	37	473	521	838	361	42	23	13	39	163	58	11	3	0	7
263	6	113	0	1111	1	214	2576	233	457	437	3	404	2	118	6	476	29	1	5	862	1040	476	924	2338	0	8	102	9370	570	1596	0	0	390	623	1	2	0	0	19	0	6	45	3	219	38	0	31	0	5	1	16	1	0	0	18	20	44	9	157	0	0	4	66	0	15	0	0	0	5	179	34	222	82	76	16	2	15	3	0	1	6	0	0
2906	14	103	0	68	164	1178	750	2487	309	92	69	259	14	4691	23	64	128	0	15	125	1100	203	1372	393	1	27	65	570	12776	2914	0	579	3377	4141	2	2	2	0	15	0	4	42	0	192	32	0	20	0	5	0	8	0	0	0	19	8	25	12	115	0	0	4	53	1	4	0	0	0	4	643	90	1558	450	240	281	9	9	1	1	0	6	0	0
1277	26	300	0	48	2	129	1752	220	431	29	15	65	6	346	4	134	109	0	11	52	2714	387	1725	593	2	29	116	1596	2914	9443	0	0	1895	2230	2	5	2	0	17	0	1	56	1	205	45	1	15	0	10	0	20	2	0	0	19	12	57	13	152	0	0	8	82	1	7	0	0	0	2	461	86	699	258	80	40	4	18	3	7	4	9	1	0
0	2	0	0	0	0	0	0	0	0	0	220	0	664	0	0	0	3	2	6	0	0	0	0	0	34	366	82	0	0	0	805	0	0	8	0	2	0	0	0	0	0	0	0	0	0	5	0	5	0	0	0	0	0	0	0	0	0	0	0	4	3	0	0	0	0	0	0	0	0	0	5	9	0	0	0	2	0	3	1	0	0	0	2
2	0	2	0	0	387	433	0	732	1	0	10	1	4	724	0	0	2	0	0	0	2	0	5	0	0	0	0	0	579	0	0	1661	10	339	0	0	0	0	0	0	0	0	0	1	0	0	0	0	0	0	0	0	0	0	0	0	0	0	1	0	0	0	0	0	0	0	0	0	0	9	4	63	22	6	83	0	0	0	0	0	0	0	0
827	14	89	0	32	3	134	306	234	207	31	13	72	7	391	14	66	44	1	5	40	1016	200	759	280	2	14	57	390	3377	1895	0	10	4547	2982	1	1	1	0	10	0	3	31	3	131	27	0	8	0	6	0	12	0	0	0	11	9	31	11	73	0	2	6	45	1	5	0	0	0	2	585	67	1116	325	120	68	7	8	1	1	1	5	1	0
696	267	1308	0	30	176	470	337	787	299	40	1642	87	184	1167	47	178	1473	31	1190	39	1589	527	2619	406	118	1135	835	623	4141	2230	8	339	2982	13565	1	53	15	0	10	0	3	40	3	167	27	14	14	9	8	0	28	7	0	6	11	18	130	35	95	22	37	44	67	3	12	0	0	0	16	2459	988	6167	2192	366	628	98	60	37	19	10	12	1	3
0	0	0	0	0	0	0	0	1	6	1	0	1	0	0	0	0	0	0	0	1	0	2	2	1	0	0	3	1	2	2	0	0	1	1	2814	1	4	0	6	0	130	944	350	38	460	1	41	0	1120	36	9	3	0	2	7	18	14	8	94	0	1	4	129	794	81	0	1	0	18	3	0	0	0	1	0	0	96	11	46	19	131	4	1
1	724	166	0	0	0	1	0	0	2	0	53	0	11	0	0	3	55	3	79	0	7	30	53	1	112	293	411	2	2	5	2	0	1	53	1	4240	444	0	0	0	3	7	3	7	1	74	1	26	4	2	43	310	1	153	0	68	398	230	7	255	871	2212	20	7	26	0	0	5	99	18	49	44	18	2	2	0	107	368	197	55	7	2	3
1	121	51	0	0	0	0	0	0	8	0	7	0	0	0	3	2	10	0	10	0	4	33	31	0	6	32	101	0	2	2	0	0	1	15	4	444	5455	0	1	0	4	45	4	5	8	24	0	1	7	1	111	1203	3	136	1	487	232	1901	6	11	801	2417	80	14	183	0	0	32	392	13	12	16	7	2	1	0	344	655	380	135	18	7	3
0	0	0	0	0	0	0	0	0	0	0	0	0	0	0	0	0	0	0	0	0	0	0	0	0	0	0	0	0	0	0	0	0	0	0	0	0	0	0	0	0	0	0	0	0	0	0	0	0	0	0	0	0	0	0	0	0	0	0	0	0	0	0	0	0	0	0	0	0	0	0	0	0	0	0	0	0	0	0	0	0	0	0	0
3	0	1	0	371	0	9	12	6	48	2	0	3	0	6	0	2	1	0	0	26	5	9	3	22	0	1	0	19	15	17	0	0	10	10	6	0	1	0	3330	0	53	242	20	374	1255	0	428	0	31	8	3	0	0	0	1691	14	5	10	1364	0	0	2	929	7	14	0	0	0	5	8	1	4	2	8	0	0	16	4	5	1	11	0	0
0	0	0	0	0	0	0	0	0	0	0	0	0	0	0	0	0	0	0	0	0	0	0	0	0	0	0	0	0	0	0	0	0	0	0	0	0	0	0	0	612	310	2	208	0	1	2	0	0	33	57	0	1	0	1	0	0	0	0	0	0	0	0	0	34	1	0	104	0	39	0	0	0	0	0	0	0	4	4	28	9	91	170	1
1	0	1	0	4	0	0	3	1	18	0	0	13	0	1	0	0	0	0	0	5	2	7	1	3	0	0	1	6	4	1	0	0	3	3	130	3	4	0	53	310	8656	578	2809	115	2932	14	1939	0	1086	1104	6	5	0	3	321	16	11	6	253	0	3	2	177	406	17	0	104	0	160	1	1	1	0	2	0	0	106	32	260	83	767	209	0
12	6	6	0	13	0	4	23	8	138	4	0	4	0	8	0	12	2	0	0	3	17	71	34	58	0	2	13	45	42	56	0	0	31	40	944	7	45	0	242	2	578	12068	577	627	4174	6	370	0	1725	118	177	24	0	4	356	459	153	280	1814	1	3	42	4139	206	1361	0	3	16	232	28	4	16	5	10	2	0	466	101	146	73	380	9	2
0	0	0	0	2	0	0	1	1	6	1	0	1	0	0	0	0	0	0	0	1	2	5	0	5	0	0	1	3	0	1	0	0	3	3	350	3	4	0	20	208	2809	577	5924	43	1457	7	133	0	2621	436	8	4	0	4	30	25	6	13	109	0	2	2	137	542	21	0	151	1	139	3	2	1	0	2	0	0	98	23	199	62	484	133	0
76	1	12	0	25	0	41	129	50	638	22	0	36	1	40	4	26	2	0	0	33	68	262	92	214	0	2	13	219	192	205	0	1	131	167	38	7	5	0	374	0	115	627	43	4847	567	1	860	0	111	182	210	3	0	1	333	142	504	121	2738	0	0	16	1044	31	154	0	0	6	53	92	4	48	13	58	1	1	302	42	53	25	293	7	0
11	0	0	0	214	0	6	29	10	98	4	0	8	0	5	1	3	0	0	0	23	6	23	5	47	0	1	3	38	32	45	0	0	27	27	460	1	8	0	1255	1	2932	4174	1457	567	14765	2	2777	0	2162	217	32	2	0	0	2854	68	25	37	1482	0	0	9	1654	129	128	0	3	0	59	17	2	5	0	15	0	0	180	24	91	33	309	12	1
0	58	5	0	0	0	0	0	0	0	0	129	0	95	0	0	0	7	6	33	0	0	0	2	0	216	151	90	0	0	1	5	0	0	14	1	74	24	0	0	2	14	6	7	1	2	6923	0	1732	10	6	4	63	499	974	0	12	4	29	1	546	1452	346	4	7	4	24	4	2	619	2	23	12	2	0	0	0	106	1301	1285	197	19	10	403
12	0	1	0	320	0	5	22	5	64	2	0	120	0	5	0	0	0	0	0	25	3	5	3	34	0	1	0	31	20	15	0	0	8	14	41	1	0	0	428	0	1939	370	133	860	2777	0	8090	0	131	366	8	0	0	0	2036	15	7	6	1184	0	0	2	255	34	15	0	1	0	6	12	0	3	0	13	0	0	44	5	19	12	83	3	0
0	22	1	0	0	0	0	0	0	0	0	87	0	85	0	0	0	2	2	12	0	0	0	0	0	146	85	51	0	0	0	5	0	0	9	0	26	1	0	0	0	0	0	0	0	0	1732	0	3490	0	0	0	8	34	53	0	3	0	1	0	823	835	443	0	1	1	15	0	1	37	1	17	7	0	0	0	0	13	493	286	20	1	0	339
1	1	0	0	3	0	1	4	2	16	1	0	2	0	0	0	1	0	0	0	2	2	8	1	10	1	0	2	5	5	10	0	0	6	8	1120	4	7	0	31	33	1086	1725	2621	111	2162	10	131	0	6616	239	20	4	0	4	52	48	13	31	272	1	5	8	376	1273	78	0	80	1	113	6	1	2	0	1	0	0	167	32	190	66	479	52	2
0	0	1	0	0	0	0	0	0	3	0	0	1	0	0	0	1	0	0	0	0	1	2	2	4	0	0	1	1	0	0	0	0	0	0	36	2	1	0	8	57	1104	118	436	182	217	6	366	0	239	2534	12	2	0	0	8	19	15	12	65	0	2	5	73	88	19	0	6	3	63	5	1	1	2	1	0	0	330	24	96	45	744	30	0
3	18	33	0	2	0	1	3	0	70	0	0	0	0	1	0	17	4	0	1	1	21	180	93	21	0	5	53	16	8	20	0	0	12	28	9	43	111	0	3	0	6	177	8	210	32	4	8	0	20	12	5405	32	0	5	3	1061	1662	2207	786	0	9	929	1286	13	285	0	1	10	194	23	6	14	11	0	1	0	366	278	115	64	51	5	0
0	89	25	0	0	0	0	0	0	2	0	4	0	4	0	2	0	7	0	9	0	3	6	12	1	17	42	62	1	0	2	0	0	0	7	3	310	1203	0	0	1	5	24	4	3	2	63	0	8	4	2	32	4590	6	1052	0	373	64	1228	7	17	1658	764	42	17	113	0	0	38	421	6	11	4	2	0	0	0	298	587	412	117	14	3	1
0	3	0	0	0	0	0	0	0	0	0	2	0	4	0	0	0	1	0	1	0	0	0	0	0	11	5	4	0	0	0	0	0	0	0	0	1	3	0	0	0	0	0	0	0	0	499	0	34	0	0	0	6	624	162	0	0	0	0	0	14	179	30	0	0	1	0	0	0	17	0	0	0	0	0	0	0	2	46	22	3	0	0	3
0	64	12	0	0	0	0	0	0	0	0	12	0	2	0	0	0	6	0	14	0	0	1	3	1	36	45	42	0	0	0	0	0	0	6	2	153	136	0	0	1	3	4	4	1	0	974	0	53	4	0	5	1052	162	3639	0	53	14	170	0	70	1259	315	5	3	14	0	0	6	372	3	5	5	3	0	0	0	100	387	303	70	6	2	11
7	0	0	0	393	0	6	9	2	51	2	0	42	0	1	1	1	0	0	0	45	4	3	1	24	0	0	0	18	19	19	0	0	11	11	7	0	1	0	1691	0	321	356	30	333	2854	0	2036	0	52	8	3	0	0	0	5069	5	1	2	820	0	0	0	503	10	7	0	0	0	2	7	0	2	0	10	0	0	9	1	5	3	17	0	0
3	31	23	0	1	0	0	4	2	34	0	0	0	0	2	1	14	4	0	1	0	16	95	53	14	1	6	45	20	8	12	0	0	9	18	18	68	487	0	14	0	16	459	25	142	68	12	15	3	48	19	1061	373	0	53	5	9909	513	4458	331	1	51	376	2473	660	3169	0	0	740	1684	22	6	8	6	0	1	0	801	517	469	184	83	6	3
15	202	190	0	0	0	2	8	4	242	1	1	1	0	4	1	61	36	0	7	0	70	760	361	47	2	30	301	44	25	57	0	0	31	130	14	398	232	0	5	0	11	153	6	504	25	4	7	0	13	15	1662	64	0	14	1	513	4787	1060	309	1	32	864	627	18	274	0	0	11	258	72	29	83	41	4	5	1	404	353	182	93	47	7	2
8	83	73	0	1	1	0	2	1	59	0	1	0	2	2	0	20	11	0	5	0	19	187	98	16	0	23	116	9	12	13	0	0	11	35	8	230	1901	0	10	0	6	280	13	121	37	29	6	1	31	12	2207	1228	0	170	2	4458	1060	11898	289	3	183	1670	1296	103	1069	0	2	256	1339	31	9	32	13	0	1	1	1099	954	659	298	78	12	3
52	1	6	0	26	0	28	109	36	403	12	0	29	1	29	2	9	3	0	0	24	38	118	44	152	0	2	9	157	115	152	0	1	73	95	94	7	6	0	1364	0	253	1814	109	2738	1482	1	1184	0	272	65	786	7	0	0	820	331	309	289	9215	0	1	20	4068	42	268	0	0	4	80	67	5	32	8	41	3	1	247	58	77	33	142	1	0
0	71	3	0	0	0	0	0	0	0	0	154	0	85	0	0	0	11	9	35	0	0	1	0	0	361	194	104	0	0	0	4	0	0	22	0	255	11	0	0	0	0	1	0	0	0	546	0	823	1	0	0	17	14	70	0	1	1	3	0	2257	536	617	0	0	1	3	1	0	32	5	22	13	3	0	0	1	9	307	174	14	1	1	142
0	281	29	0	0	0	1	0	0	0	0	107	0	35	0	1	0	28	2	58	0	1	2	6	0	229	243	224	0	0	0	3	0	2	37	1	871	801	0	0	0	3	3	2	0	0	1452	0	835	5	2	9	1658	179	1259	0	51	32	183	1	536	10612	3062	7	7	19	15	0	6	257	10	33	37	11	0	1	0	184	1070	668	144	13	4	35
3	390	122	0	0	0	1	0	0	13	0	60	0	20	0	1	4	43	3	41	0	8	117	80	2	123	182	275	4	4	8	0	0	6	44	4	2212	2417	0	2	0	2	42	2	16	9	346	2	443	8	5	929	764	30	315	0	376	864	1670	20	617	3062	12839	113	15	145	3	0	26	403	26	52	46	22	0	2	0	391	1033	568	175	27	8	12
20	6	13	0	35	0	13	35	11	215	8	0	10	1	10	1	18	4	0	0	8	35	170	77	77	1	1	29	66	53	82	0	0	45	67	129	20	80	0	929	0	177	4139	137	1044	1654	4	255	0	376	73	1286	42	0	5	503	2473	627	1296	4068	0	7	113	12701	53	2036	0	2	20	374	38	3	27	9	4	2	0	724	254	229	128	224	9	1
0	4	1	0	0	0	0	0	0	4	0	0	0	0	0	0	0	3	0	1	0	0	3	1	2	0	1	5	0	1	1	0	0	1	3	794	7	14	0	7	34	406	206	542	31	129	7	34	1	1273	88	13	17	0	3	10	660	18	103	42	0	7	15	53	4315	455	0	129	247	201	3	1	0	1	0	0	0	118	43	188	68	300	56	2
1	7	9	0	0	0	0	6	0	34	0	0	0	0	0	2	10	6	0	2	1	6	71	32	11	0	1	18	15	4	7	0	0	5	12	81	26	183	0	14	1	17	1361	21	154	128	4	15	1	78	19	285	113	1	14	7	3169	274	1069	268	1	19	145	2036	455	8007	0	0	219	1175	19	4	9	10	3	2	0	598	284	284	138	96	7	3
0	0	0	0	0	0	0	0	0	0	0	0	0	0	0	0	0	0	0	0	0	0	0	0	0	0	0	0	0	0	0	0	0	0	0	0	0	0	0	0	0	0	0	0	0	0	24	0	15	0	0	0	0	0	0	0	0	0	0	0	3	15	3	0	0	0	25	0	0	0	0	0	0	0	0	0	0	0	1	0	0	0	0	1
0	0	0	0	0	0	0	0	0	0	0	0	0	0	0	0	0	0	0	0	0	0	0	0	0	1	0	0	0	0	0	0	0	0	0	1	0	0	0	0	104	104	3	151	0	3	4	1	0	80	6	1	0	0	0	0	0	0	2	0	1	0	0	2	129	0	0	442	0	54	0	0	0	0	0	0	0	3	3	20	5	25	76	1
0	3	0	0	0	0	0	0	0	1	0	0	0	0	0	0	0	0	0	0	0	0	2	0	0	0	1	1	0	0	0	0	0	0	0	0	5	32	0	0	0	0	16	1	6	0	2	0	1	1	3	10	38	0	6	0	740	11	256	4	0	6	26	20	247	219	0	0	857	213	2	0	1	1	0	0	0	52	28	38	16	5	0	0
2	45	20	0	0	0	0	1	1	12	0	7	0	3	3	3	3	6	0	4	0	5	40	25	5	14	17	37	5	4	2	0	0	2	16	18	99	392	0	5	39	160	232	139	53	59	619	6	37	113	63	194	421	17	372	2	1684	258	1339	80	32	257	403	374	201	1175	0	54	213	5885	16	3	19	14	5	2	1	1106	830	1871	510	222	131	17
125	146	780	0	19	12	58	83	80	108	14	169	51	135	125	111	89	398	5	210	21	471	245	1203	121	16	290	473	179	643	461	0	9	585	2459	3	18	13	0	8	0	1	28	3	92	17	2	12	1	6	5	23	6	0	3	7	22	72	31	67	5	10	26	38	3	19	0	0	2	16	7688	1632	3353	2489	525	262	126	198	36	24	23	12	0	1
7	202	664	0	0	2	7	9	7	10	1	458	0	105	12	7	31	442	14	419	1	129	81	543	22	67	636	521	34	90	86	5	4	67	988	0	49	12	0	1	0	1	4	2	4	2	23	0	17	1	1	6	11	0	5	0	6	29	9	5	22	33	52	3	1	4	0	0	0	3	1632	4206	1854	1143	69	73	153	40	35	22	12	2	0	7
238	271	1433	0	11	35	163	104	241	84	15	914	39	373	374	72	130	1046	22	769	16	746	308	1997	140	92	993	838	222	1558	699	9	63	1116	6167	0	44	16	0	4	0	1	16	1	48	5	12	3	7	2	1	14	4	0	5	2	8	83	32	32	13	37	46	27	0	9	0	0	1	19	3353	1854	9757	4177	583	679	320	94	38	23	16	9	0	1
56	129	676	0	1	14	40	37	51	33	4	265	6	249	105	73	52	408	5	267	3	329	117	942	52	23	354	361	82	450	258	0	22	325	2192	0	18	7	0	2	0	0	5	0	13	0	2	0	0	0	2	11	2	0	3	0	6	41	13	8	3	11	22	9	1	10	0	0	1	14	2489	1143	4177	4858	522	566	226	90	19	17	15	6	0	1
64	10	72	0	19	177	296	50	148	176	26	18	291	5	146	703	11	29	0	13	40	54	26	133	91	0	21	42	76	240	80	0	6	120	366	1	2	2	0	8	0	2	10	2	58	15	0	13	0	1	1	0	0	0	0	10	0	4	0	41	0	0	0	4	0	3	0	0	0	5	525	69	583	522	2693	164	5	21	3	3	3	2	0	0
15	11	68	0	1	45	58	12	111	6	1	34	5	48	138	12	9	44	0	29	1	49	15	104	12	5	38	23	16	281	40	0	83	68	628	0	2	1	0	0	0	0	2	0	1	0	0	0	0	0	0	1	0	0	0	0	1	5	1	3	0	1	2	2	0	2	0	0	0	2	262	73	679	566	164	1099	20	16	5	2	3	0	0	0
2	3	25	0	0	0	1	2	0	1	0	42	0	190	2	2	1	16	1	16	0	5	4	21	2	7	19	13	2	9	4	2	0	7	98	0	0	0	0	0	0	0	0	0	1	0	0	0	0	0	0	0	0	0	0	0	0	1	1	1	1	0	0	0	0	0	0	0	0	1	126	153	320	226	5	20	499	9	4	5	9	1	0	0
2	37	30	0	1	2	1	7	1	38	2	4	1	15	2	11	11	8	0	3	1	12	79	35	11	2	13	39	15	9	18	0	0	8	60	96	107	344	0	16	4	106	466	98	302	180	106	44	13	167	330	366	298	2	100	9	801	404	1099	247	9	184	391	724	118	598	0	3	52	1106	198	40	94	90	21	16	9	8971	2580	1917	1471	1395	90	42
1	156	50	0	0	0	0	1	1	10	0	147	0	92	1	3	10	22	4	46	0	4	65	34	4	195	191	163	3	1	3	3	0	1	37	11	368	655	0	4	4	32	101	23	42	24	1301	5	493	32	24	278	587	46	387	1	517	353	954	58	307	1070	1033	254	43	284	1	3	28	830	36	35	38	19	3	5	4	2580	8495	2466	1062	144	36	453
0	71	18	0	2	0	0	2	0	9	0	40	0	29	0	3	6	6	1	18	0	2	32	12	1	78	62	58	0	1	7	1	0	1	19	46	197	380	0	5	28	260	146	199	53	91	1285	19	286	190	96	115	412	22	303	5	469	182	659	77	174	668	568	229	188	284	0	20	38	1871	24	22	23	17	3	2	5	1917	2466	7485	2221	552	241	370
0	17	11	0	0	0	0	1	0	5	0	5	0	16	0	1	2	1	0	1	0	1	17	6	1	8	3	11	1	0	4	0	0	1	10	19	55	135	0	1	9	83	73	62	25	33	197	12	20	66	45	64	117	3	70	3	184	93	298	33	14	144	175	128	68	138	0	5	16	510	23	12	16	15	3	3	9	1471	1062	2221	2885	269	145	66
5	2	2	0	3	1	1	3	2	16	1	0	2	0	1	1	2	1	0	1	2	3	11	6	4	1	0	3	6	6	9	0	0	5	12	131	7	18	0	11	91	767	380	484	293	309	19	83	1	479	744	51	14	0	6	17	83	47	78	142	1	13	27	224	300	96	0	25	5	222	12	2	9	6	2	0	1	1395	144	552	269	3643	141	4
0	1	0	0	0	0	0	0	0	1	0	0	0	0	0	0	0	0	0	0	0	0	0	0	0	2	0	0	0	0	1	0	0	1	1	4	2	7	0	0	170	209	9	133	7	12	10	3	0	52	30	5	3	0	2	0	6	7	12	1	1	4	8	9	56	7	0	76	0	131	0	0	0	0	0	0	0	90	36	241	145	141	708	2
0	5	0	0	0	0	0	0	0	0	0	34	0	31	0	0	0	1	0	8	0	0	1	0	0	38	24	7	0	0	0	2	0	0	3	1	3	3	0	0	1	0	2	0	0	1	403	0	339	2	0	0	1	3	11	0	3	2	3	0	142	35	12	1	2	3	1	1	0	17	1	7	1	1	0	0	0	42	453	370	66	4	2	797
