0.0187719838016	8.31538595864e-06	0.000133046175338	0	0.000174623105131	8.31538595864e-06	0.00178365028813	0.0030766928047	0.00365461212882	0.000465661613684	0.000324300052387	2.07884648966e-05	0.000814907823947	0	0.00691424342461	4.57346227725e-05	7.48384736278e-05	4.98923157518e-05	0	1.2473078938e-05	0.000370034675159	0.000931323227368	0.000257776964718	0.000752542429257	0.000727596271381	0	1.2473078938e-05	5.82077017105e-05	0.00109347325356	0.0120822557979	0.00530937393459	0	8.31538595864e-06	0.0034384120939	0.00289375431361	0	4.15769297932e-06	4.15769297932e-06	0	1.2473078938e-05	0	4.15769297932e-06	4.98923157518e-05	0	0.000315984666428	4.57346227725e-05	0	4.98923157518e-05	0	4.15769297932e-06	0	1.2473078938e-05	0	0	0	2.91038508552e-05	1.2473078938e-05	6.23653946898e-05	3.32615438346e-05	0.000216200034925	0	0	1.2473078938e-05	8.31538595864e-05	0	4.15769297932e-06	0	0	0	8.31538595864e-06	0.000519711622415	2.91038508552e-05	0.000989530929078	0.000232830806842	0.000266092350676	6.23653946898e-05	8.31538595864e-06	8.31538595864e-06	4.15769297932e-06	0	0	2.07884648966e-05	0	0
8.31538595864e-06	0.0188842415121	0.00338851977815	0	0	0	4.15769297932e-06	4.15769297932e-06	0	3.74192368139e-05	0	0.000627811639877	0	0.00012473078938	4.15769297932e-06	8.31538595864e-06	0.00012473078938	0.0010851578676	2.07884648966e-05	0.00114336556931	0	0.000207884648966	0.00204558494583	0.00143024638489	3.32615438346e-05	0.00207884648966	0.00479382000516	0.0126061251133	2.49461578759e-05	5.82077017105e-05	0.000108100017462	8.31538595864e-06	0	5.82077017105e-05	0.00111010402548	0	0.00301016971703	0.000503080850498	0	0	0	0	2.49461578759e-05	0	4.15769297932e-06	0	0.000241146192801	0	9.1469245545e-05	4.15769297932e-06	0	7.48384736278e-05	0.000370034675159	1.2473078938e-05	0.000266092350676	0	0.000128888482359	0.000839853981823	0.000345088517284	4.15769297932e-06	0.000295196201532	0.00116831172719	0.00162150026193	2.49461578759e-05	1.66307719173e-05	2.91038508552e-05	0	0	1.2473078938e-05	0.000187096184069	0.000607023174981	0.000839853981823	0.0011267347974	0.000536342394332	4.15769297932e-05	4.57346227725e-05	1.2473078938e-05	0.000153834640235	0.000648600104774	0.000295196201532	7.06807806484e-05	8.31538595864e-06	4.15769297932e-06	2.07884648966e-05
0.000133046175338	0.00338851977815	0.0402215218819	0	8.31538595864e-06	4.15769297932e-06	1.2473078938e-05	7.48384736278e-05	2.49461578759e-05	0.000145519254276	4.15769297932e-06	0.000640284718815	0	0.0001205730964	6.23653946898e-05	1.66307719173e-05	0.000690177034567	0.0068144587931	1.66307719173e-05	0.00161318487598	0	0.0026941850506	0.00199985032305	0.019100441547	0.000133046175338	0.000149676947256	0.00907208608088	0.0138118560773	0.000469819306663	0.00042824237687	0.0012473078938	0	8.31538595864e-06	0.000370034675159	0.00543826241695	0	0.000690177034567	0.000212042341945	0	4.15769297932e-06	0	4.15769297932e-06	2.49461578759e-05	0	4.98923157518e-05	0	2.07884648966e-05	4.15769297932e-06	4.15769297932e-06	0	4.15769297932e-06	0.000137203868318	0.000103942324483	0	4.98923157518e-05	0	9.56269385244e-05	0.000789961666071	0.00030351158749	2.49461578759e-05	1.2473078938e-05	0.0001205730964	0.000507238543477	5.40500087312e-05	4.15769297932e-06	3.74192368139e-05	0	0	0	8.31538595864e-05	0.00324300052387	0.00276070813827	0.00595797403937	0.00281060045402	0.000299353894511	0.000282723122594	0.000103942324483	0.00012473078938	0.000207884648966	7.48384736278e-05	4.57346227725e-05	8.31538595864e-06	0	0
0	0	0	0	0	0	0	0	0	0	0	0	0	0	0	0	0	0	0	0	0	0	0	0	0	0	0	0	0	0	0	0	0	0	0	0	0	0	0	0	0	0	0	0	0	0	0	0	0	0	0	0	0	0	0	0	0	0	0	0	0	0	0	0	0	0	0	0	0	0	0	0	0	0	0	0	0	0	0	0	0	0	0	0
0.000174623105131	0	8.31538595864e-06	0	0.0166182988383	4.15769297932e-06	0.000394980833035	0.000935480920347	0.000266092350676	0.000216200034925	0.00103526555185	0	0.00283138891892	0	0.00012473078938	2.49461578759e-05	2.07884648966e-05	0	0	0	0.00530937393459	2.91038508552e-05	2.07884648966e-05	2.49461578759e-05	0.00727180502083	0	0	4.15769297932e-06	0.00461919690002	0.000282723122594	0.000199569263007	0	0	0.000133046175338	0.00012473078938	0	0	0	0	0.00154250409533	0	1.66307719173e-05	5.40500087312e-05	8.31538595864e-06	0.000103942324483	0.000889746297574	0	0.00133046175338	0	1.2473078938e-05	0	8.31538595864e-06	0	0	0	0.00163397334087	4.15769297932e-06	0	4.15769297932e-06	0.000108100017462	0	0	0	0.000145519254276	0	0	0	0	0	0	7.89961666071e-05	0	4.57346227725e-05	4.15769297932e-06	7.89961666071e-05	4.15769297932e-06	0	4.15769297932e-06	0	8.31538595864e-06	0	1.2473078938e-05	0	0
8.31538595864e-06	0	4.15769297932e-06	0	4.15769297932e-06	0.00414937759336	0.00142193099893	0	0.00097705785014	0	0	1.2473078938e-05	0	8.31538595864e-06	0.000798277052029	0.000640284718815	0	4.15769297932e-06	0	0	0	1.2473078938e-05	0	1.66307719173e-05	4.15769297932e-06	0	0	4.15769297932e-06	4.15769297932e-06	0.000681861648608	8.31538595864e-06	0	0.001609027183	1.2473078938e-05	0.00073175396436	0	0	0	0	0	0	0	0	0	0	0	0	0	0	0	0	0	0	0	0	0	0	0	4.15769297932e-06	0	0	0	0	0	0	0	0	0	0	0	4.98923157518e-05	8.31538595864e-06	0.000145519254276	5.82077017105e-05	0.00073591165734	0.000187096184069	0	8.31538595864e-06	0	0	0	4.15769297932e-06	0	0
0.00178365028813	4.15769297932e-06	1.2473078938e-05	0	0.000394980833035	0.00142193099893	0.0328333014577	0.00161734256896	0.0142567292261	0.000274407736635	0.00525116623288	2.91038508552e-05	0.00788298588879	8.31538595864e-06	0.00530105854863	0.000291038508552	1.2473078938e-05	4.15769297932e-06	0	8.31538595864e-06	0.00185848876176	0.000108100017462	6.65230876691e-05	8.73115525657e-05	0.000756700122236	0	8.31538595864e-06	4.15769297932e-06	0.000889746297574	0.00489776232964	0.000536342394332	0	0.00180028106005	0.000557130859229	0.00195411570028	0	4.15769297932e-06	0	0	3.74192368139e-05	0	0	1.66307719173e-05	0	0.000170465412152	2.49461578759e-05	0	2.07884648966e-05	0	4.15769297932e-06	0	4.15769297932e-06	0	0	0	2.49461578759e-05	0	8.31538595864e-06	0	0.000116415403421	0	4.15769297932e-06	4.15769297932e-06	5.40500087312e-05	0	0	0	0	0	0	0.000241146192801	2.91038508552e-05	0.000677703955629	0.000166307719173	0.00123067712188	0.000241146192801	4.15769297932e-06	4.15769297932e-06	0	0	0	4.15769297932e-06	0	0
0.0030766928047	4.15769297932e-06	7.48384736278e-05	0	0.000935480920347	0	0.00161734256896	0.0257527503139	0.00248630040163	0.000881430911616	0.00169218104258	8.31538595864e-06	0.00115999634123	0	0.000748384736278	8.31538595864e-06	0.00012473078938	1.2473078938e-05	0	0	0.00148429639362	0.00055297316625	0.000357561596221	0.000577919324125	0.00237404269119	0	4.15769297932e-06	5.82077017105e-05	0.0107102171147	0.00311826973449	0.00728427809977	0	0	0.00127225405167	0.00140114253403	0	0	0	0	4.98923157518e-05	0	1.2473078938e-05	9.56269385244e-05	4.15769297932e-06	0.000536342394332	0.0001205730964	0	9.1469245545e-05	0	1.66307719173e-05	0	1.2473078938e-05	0	0	0	3.74192368139e-05	1.66307719173e-05	3.32615438346e-05	8.31538595864e-06	0.000453188534746	0	0	0	0.000145519254276	0	2.49461578759e-05	0	0	0	4.15769297932e-06	0.000345088517284	3.74192368139e-05	0.000432400069849	0.000153834640235	0.000207884648966	4.98923157518e-05	8.31538595864e-06	2.91038508552e-05	4.15769297932e-06	8.31538595864e-06	4.15769297932e-06	1.2473078938e-05	0	0
0.00365461212882	0	2.49461578759e-05	0	0.000266092350676	0.00097705785014	0.0142567292261	0.00248630040163	0.0373152944894	0.00024530388578	0.00304758895384	7.06807806484e-05	0.00248630040163	8.31538595864e-06	0.0186181491614	7.89961666071e-05	1.66307719173e-05	2.07884648966e-05	0	4.15769297932e-06	0.000889746297574	0.000195411570028	8.73115525657e-05	0.000187096184069	0.000507238543477	0	1.2473078938e-05	1.2473078938e-05	0.000968742464181	0.0103401824396	0.00091469245545	0	0.00304343126086	0.000972900157161	0.00327210437472	4.15769297932e-06	0	0	0	2.49461578759e-05	0	4.15769297932e-06	3.32615438346e-05	4.15769297932e-06	0.000207884648966	4.15769297932e-05	0	2.07884648966e-05	0	8.31538595864e-06	0	0	0	0	0	8.31538595864e-06	8.31538595864e-06	1.66307719173e-05	4.15769297932e-06	0.000149676947256	0	0	0	4.57346227725e-05	0	0	0	0	0	4.15769297932e-06	0.000332615438346	2.91038508552e-05	0.00100200400802	0.000212042341945	0.000615338560939	0.000461503920704	0	4.15769297932e-06	4.15769297932e-06	0	0	8.31538595864e-06	0	0
0.000465661613684	3.74192368139e-05	0.000145519254276	0	0.000216200034925	0	0.000274407736635	0.000881430911616	0.00024530388578	0.016493568049	9.97846315037e-05	0	0.00264013504187	4.15769297932e-06	0.000187096184069	0.000270250043656	0.000249461578759	2.49461578759e-05	0	0	0.00036587698218	0.00049060777156	0.00294780432234	0.000823223209905	0.00567525091677	0	4.15769297932e-06	0.000266092350676	0.00190006569155	0.00128472713061	0.00179196567409	0	4.15769297932e-06	0.000860642446719	0.00124315020082	2.49461578759e-05	8.31538595864e-06	3.32615438346e-05	0	0.000199569263007	0	7.48384736278e-05	0.000573761631146	2.49461578759e-05	0.00265260812081	0.000407453911973	0	0.000266092350676	0	6.65230876691e-05	1.2473078938e-05	0.000291038508552	8.31538595864e-06	0	0	0.000212042341945	0.000141361561297	0.001006161701	0.00024530388578	0.00167555027067	0	0	5.40500087312e-05	0.000893903990554	1.66307719173e-05	0.000141361561297	0	0	4.15769297932e-06	4.98923157518e-05	0.000449030841767	4.15769297932e-05	0.000349246210263	0.000137203868318	0.00073175396436	2.49461578759e-05	4.15769297932e-06	0.000157992333214	4.15769297932e-05	3.74192368139e-05	2.07884648966e-05	6.65230876691e-05	4.15769297932e-06	0
0.000324300052387	0	4.15769297932e-06	0	0.00103526555185	0	0.00525116623288	0.00169218104258	0.00304758895384	9.97846315037e-05	0.0181608029337	0	0.00500170465412	4.15769297932e-06	0.00024530388578	3.32615438346e-05	4.15769297932e-06	4.15769297932e-06	0	4.15769297932e-06	0.0047439276894	2.49461578759e-05	2.91038508552e-05	2.91038508552e-05	0.000698492420526	0	0	0	0.00181691183196	0.000382507754097	0.0001205730964	0	0	0.000128888482359	0.000166307719173	4.15769297932e-06	0	0	0	8.31538595864e-06	0	0	1.66307719173e-05	4.15769297932e-06	9.1469245545e-05	1.66307719173e-05	0	8.31538595864e-06	0	4.15769297932e-06	0	0	0	0	0	8.31538595864e-06	0	4.15769297932e-06	0	4.98923157518e-05	0	0	0	3.32615438346e-05	0	0	0	0	0	0	5.82077017105e-05	4.15769297932e-06	6.23653946898e-05	1.66307719173e-05	0.000108100017462	4.15769297932e-06	0	8.31538595864e-06	0	0	0	4.15769297932e-06	0	0
2.07884648966e-05	0.000627811639877	0.000640284718815	0	0	1.2473078938e-05	2.91038508552e-05	8.31538595864e-06	7.06807806484e-05	0	0	0.0324965283264	0	0.00809502823074	0.00012473078938	4.15769297932e-06	4.15769297932e-06	0.00128472713061	0.00223268112989	0.00612428175854	0	9.56269385244e-05	4.57346227725e-05	0.000469819306663	8.31538595864e-06	0.00345920055879	0.0134958714109	0.00274407736635	1.2473078938e-05	0.000286880815573	6.23653946898e-05	0.00091469245545	4.15769297932e-05	5.40500087312e-05	0.00682693187204	0	0.000220357727904	2.91038508552e-05	0	0	0	0	0	0	0	0	0.000536342394332	0	0.000361719289201	0	0	0	1.66307719173e-05	8.31538595864e-06	4.98923157518e-05	0	0	4.15769297932e-06	4.15769297932e-06	0	0.000640284718815	0.000444873148787	0.000249461578759	0	0	0	0	0	0	2.91038508552e-05	0.000702650113505	0.00190422338453	0.0038001313831	0.00110178863952	7.48384736278e-05	0.000141361561297	0.000174623105131	1.66307719173e-05	0.00061118086796	0.000166307719173	2.07884648966e-05	0	0	0.000141361561297
0.000814907823947	0	0	0	0.00283138891892	0	0.00788298588879	0.00115999634123	0.00248630040163	0.00264013504187	0.00500170465412	0	0.0316234128007	4.15769297932e-06	0.000844011674802	0.00110178863952	8.31538595864e-06	0	0	0	0.011462759544	5.40500087312e-05	4.15769297932e-05	3.74192368139e-05	0.00445704687383	0	0	0	0.00167970796365	0.00107684248164	0.000270250043656	0	4.15769297932e-06	0.000299353894511	0.000361719289201	4.15769297932e-06	0	0	0	1.2473078938e-05	0	5.40500087312e-05	1.66307719173e-05	4.15769297932e-06	0.000149676947256	3.32615438346e-05	0	0.000498923157518	0	8.31538595864e-06	4.15769297932e-06	0	0	0	0	0.000174623105131	0	4.15769297932e-06	0	0.0001205730964	0	0	0	4.15769297932e-05	0	0	0	0	0	0	0.000212042341945	0	0.000162150026193	2.49461578759e-05	0.00120988865698	2.07884648966e-05	0	4.15769297932e-06	0	0	0	8.31538595864e-06	0	0
0	0.00012473078938	0.0001205730964	0	0	8.31538595864e-06	8.31538595864e-06	0	8.31538595864e-06	4.15769297932e-06	4.15769297932e-06	0.00809502823074	4.15769297932e-06	0.020098287862	1.66307719173e-05	8.31538595864e-06	8.31538595864e-06	0.000103942324483	0.000178780798111	0.000424084683891	0	2.91038508552e-05	4.15769297932e-06	0.00012473078938	8.31538595864e-06	0.00359640442711	0.00586234710084	0.00267755427868	8.31538595864e-06	5.82077017105e-05	2.49461578759e-05	0.00276070813827	1.66307719173e-05	2.91038508552e-05	0.000765015508195	0	4.57346227725e-05	0	0	0	0	0	0	0	4.15769297932e-06	0	0.000394980833035	0	0.000353403903242	0	0	0	1.66307719173e-05	1.66307719173e-05	8.31538595864e-06	0	0	0	8.31538595864e-06	4.15769297932e-06	0.000353403903242	0.000145519254276	8.31538595864e-05	4.15769297932e-06	0	0	0	0	0	1.2473078938e-05	0.000561288552208	0.000436557762829	0.00155081948129	0.00103526555185	2.07884648966e-05	0.000199569263007	0.000789961666071	6.23653946898e-05	0.000382507754097	0.0001205730964	6.65230876691e-05	0	0	0.000128888482359
0.00691424342461	4.15769297932e-06	6.23653946898e-05	0	0.00012473078938	0.000798277052029	0.00530105854863	0.000748384736278	0.0186181491614	0.000187096184069	0.00024530388578	0.00012473078938	0.000844011674802	1.66307719173e-05	0.0362218212358	7.06807806484e-05	4.15769297932e-05	5.40500087312e-05	0	1.66307719173e-05	0.000253619271738	0.000361719289201	0.000141361561297	0.000557130859229	0.000340930824304	0	1.66307719173e-05	3.74192368139e-05	0.00049060777156	0.019503737766	0.00143856177084	0	0.00301016971703	0.00162565795491	0.00485202770687	0	0	0	0	2.49461578759e-05	0	4.15769297932e-06	3.32615438346e-05	0	0.000166307719173	2.07884648966e-05	0	2.07884648966e-05	0	0	0	4.15769297932e-06	0	0	0	4.15769297932e-06	8.31538595864e-06	1.66307719173e-05	8.31538595864e-06	0.0001205730964	0	0	0	4.15769297932e-05	0	0	0	0	0	1.2473078938e-05	0.000519711622415	4.98923157518e-05	0.00155497717427	0.000436557762829	0.000607023174981	0.000573761631146	8.31538595864e-06	8.31538595864e-06	4.15769297932e-06	0	0	4.15769297932e-06	0	0
4.57346227725e-05	8.31538595864e-06	1.66307719173e-05	0	2.49461578759e-05	0.000640284718815	0.000291038508552	8.31538595864e-06	7.89961666071e-05	0.000270250043656	3.32615438346e-05	4.15769297932e-06	0.00110178863952	8.31538595864e-06	7.06807806484e-05	0.00468987768067	0	0	0	4.15769297932e-06	4.15769297932e-05	2.07884648966e-05	8.31538595864e-06	4.57346227725e-05	9.1469245545e-05	0	4.15769297932e-06	2.07884648966e-05	2.49461578759e-05	9.56269385244e-05	1.66307719173e-05	0	0	5.82077017105e-05	0.000195411570028	0	0	1.2473078938e-05	0	0	0	0	0	0	1.66307719173e-05	4.15769297932e-06	0	0	0	0	0	0	8.31538595864e-06	0	0	4.15769297932e-06	4.15769297932e-06	4.15769297932e-06	0	8.31538595864e-06	0	4.15769297932e-06	4.15769297932e-06	4.15769297932e-06	0	8.31538595864e-06	0	0	0	1.2473078938e-05	0.000461503920704	2.91038508552e-05	0.000299353894511	0.00030351158749	0.00292285816446	4.98923157518e-05	8.31538595864e-06	4.57346227725e-05	1.2473078938e-05	1.2473078938e-05	4.15769297932e-06	4.15769297932e-06	0	0
7.48384736278e-05	0.00012473078938	0.000690177034567	0	2.07884648966e-05	0	1.2473078938e-05	0.00012473078938	1.66307719173e-05	0.000249461578759	4.15769297932e-06	4.15769297932e-06	8.31538595864e-06	8.31538595864e-06	4.15769297932e-05	0	0.0133919290864	7.06807806484e-05	0	1.66307719173e-05	8.31538595864e-06	0.0021911042001	0.00232415037544	0.00620743561812	0.00130135790253	0	2.91038508552e-05	0.00356730057626	0.00197906185816	0.000266092350676	0.000557130859229	0	0	0.000274407736635	0.000740069350319	0	1.2473078938e-05	8.31538595864e-06	0	8.31538595864e-06	0	0	4.98923157518e-05	0	0.000108100017462	1.2473078938e-05	0	0	0	4.15769297932e-06	4.15769297932e-06	7.06807806484e-05	0	0	0	4.15769297932e-06	5.82077017105e-05	0.000253619271738	8.31538595864e-05	3.74192368139e-05	0	0	1.66307719173e-05	7.48384736278e-05	0	4.15769297932e-05	0	0	0	1.2473078938e-05	0.000370034675159	0.000128888482359	0.000540500087312	0.000216200034925	4.57346227725e-05	3.74192368139e-05	4.15769297932e-06	4.57346227725e-05	4.15769297932e-05	2.49461578759e-05	8.31538595864e-06	8.31538595864e-06	0	0
4.98923157518e-05	0.0010851578676	0.0068144587931	0	0	4.15769297932e-06	4.15769297932e-06	1.2473078938e-05	2.07884648966e-05	2.49461578759e-05	4.15769297932e-06	0.00128472713061	0	0.000103942324483	5.40500087312e-05	0	7.06807806484e-05	0.0249918924987	7.48384736278e-05	0.00573761631146	0	0.00189590799857	0.000282723122594	0.00999093622931	4.15769297932e-05	0.000220357727904	0.0063737433373	0.00274407736635	0.0001205730964	0.000532184701353	0.000453188534746	1.2473078938e-05	8.31538595864e-06	0.00018293849109	0.00612428175854	0	0.000228673113863	4.15769297932e-05	0	4.15769297932e-06	0	0	8.31538595864e-06	0	8.31538595864e-06	0	2.91038508552e-05	0	8.31538595864e-06	0	0	1.66307719173e-05	2.91038508552e-05	4.15769297932e-06	2.49461578759e-05	0	1.66307719173e-05	0.000149676947256	4.57346227725e-05	1.2473078938e-05	4.57346227725e-05	0.000116415403421	0.000178780798111	1.66307719173e-05	1.2473078938e-05	2.49461578759e-05	0	0	0	2.49461578759e-05	0.00165476180577	0.00183770029686	0.00434894685637	0.00169633873556	0.0001205730964	0.00018293849109	6.65230876691e-05	3.32615438346e-05	9.1469245545e-05	2.49461578759e-05	4.15769297932e-06	4.15769297932e-06	0	4.15769297932e-06
0	2.07884648966e-05	1.66307719173e-05	0	0	0	0	0	0	0	0	0.00223268112989	0	0.000178780798111	0	0	0	7.48384736278e-05	0.00409116989165	0.00173375797238	0	0	4.15769297932e-06	1.66307719173e-05	0	0.000103942324483	0.00231583498948	0.000149676947256	4.15769297932e-06	0	0	8.31538595864e-06	0	4.15769297932e-06	0.000128888482359	0	1.2473078938e-05	0	0	0	0	0	0	0	0	0	2.49461578759e-05	0	8.31538595864e-06	0	0	0	0	0	0	0	0	0	0	0	3.74192368139e-05	8.31538595864e-06	1.2473078938e-05	0	0	0	0	0	0	0	2.07884648966e-05	5.82077017105e-05	9.1469245545e-05	2.07884648966e-05	0	0	4.15769297932e-06	0	1.66307719173e-05	4.15769297932e-06	0	0	0	0
1.2473078938e-05	0.00114336556931	0.00161318487598	0	0	0	8.31538595864e-06	0	4.15769297932e-06	0	4.15769297932e-06	0.00612428175854	0	0.000424084683891	1.66307719173e-05	4.15769297932e-06	1.66307719173e-05	0.00573761631146	0.00173375797238	0.021507745782	0	0.000178780798111	5.82077017105e-05	0.000823223209905	1.66307719173e-05	0.00085648475374	0.0120406788681	0.00280644276104	2.07884648966e-05	6.23653946898e-05	4.57346227725e-05	2.49461578759e-05	0	2.07884648966e-05	0.00494765464539	0	0.000328457745366	4.15769297932e-05	0	0	0	0	0	0	0	0	0.000137203868318	0	4.98923157518e-05	0	0	4.15769297932e-06	3.74192368139e-05	4.15769297932e-06	5.82077017105e-05	0	4.15769297932e-06	2.91038508552e-05	2.07884648966e-05	0	0.000145519254276	0.000241146192801	0.000170465412152	0	4.15769297932e-06	8.31538595864e-06	0	0	0	1.66307719173e-05	0.000873115525657	0.00174207335833	0.0031972659011	0.00111010402548	5.40500087312e-05	0.0001205730964	6.65230876691e-05	1.2473078938e-05	0.000191253877049	7.48384736278e-05	4.15769297932e-06	4.15769297932e-06	0	3.32615438346e-05
0.000370034675159	0	0	0	0.00530937393459	0	0.00185848876176	0.00148429639362	0.000889746297574	0.00036587698218	0.0047439276894	0	0.011462759544	0	0.000253619271738	4.15769297932e-05	8.31538595864e-06	0	0	0	0.0204184302214	2.91038508552e-05	2.49461578759e-05	2.49461578759e-05	0.0031556889713	0	0	0	0.00358393134817	0.000519711622415	0.000216200034925	0	0	0.000166307719173	0.000162150026193	4.15769297932e-06	0	0	0	0.000108100017462	0	2.07884648966e-05	1.2473078938e-05	4.15769297932e-06	0.000137203868318	9.56269385244e-05	0	0.000103942324483	0	8.31538595864e-06	0	4.15769297932e-06	0	0	0	0.000187096184069	0	0	0	9.97846315037e-05	0	0	0	3.32615438346e-05	0	4.15769297932e-06	0	0	0	0	8.73115525657e-05	4.15769297932e-06	6.65230876691e-05	1.2473078938e-05	0.000166307719173	4.15769297932e-06	0	4.15769297932e-06	0	0	0	8.31538595864e-06	0	0
0.000931323227368	0.000207884648966	0.0026941850506	0	2.91038508552e-05	1.2473078938e-05	0.000108100017462	0.00055297316625	0.000195411570028	0.00049060777156	2.49461578759e-05	9.56269385244e-05	5.40500087312e-05	2.91038508552e-05	0.000361719289201	2.07884648966e-05	0.0021911042001	0.00189590799857	0	0.000178780798111	2.91038508552e-05	0.0404585103818	0.0014676656217	0.0242476654554	0.000960427078223	4.15769297932e-06	0.000220357727904	0.00118078480613	0.00432400069849	0.00457346227725	0.0112839787459	0	8.31538595864e-06	0.00422421606699	0.00660657414414	0	2.91038508552e-05	1.66307719173e-05	0	2.07884648966e-05	0	8.31538595864e-06	7.06807806484e-05	8.31538595864e-06	0.000282723122594	2.49461578759e-05	0	1.2473078938e-05	0	8.31538595864e-06	4.15769297932e-06	8.73115525657e-05	1.2473078938e-05	0	0	1.66307719173e-05	6.65230876691e-05	0.000291038508552	7.89961666071e-05	0.000157992333214	0	4.15769297932e-06	3.32615438346e-05	0.000145519254276	0	2.49461578759e-05	0	0	0	2.07884648966e-05	0.00195827339326	0.000536342394332	0.00310163896257	0.0013678809902	0.000224515420883	0.000203726955987	2.07884648966e-05	4.98923157518e-05	1.66307719173e-05	8.31538595864e-06	4.15769297932e-06	1.2473078938e-05	0	0
0.000257776964718	0.00204558494583	0.00199985032305	0	2.07884648966e-05	0	6.65230876691e-05	0.000357561596221	8.73115525657e-05	0.00294780432234	2.91038508552e-05	4.57346227725e-05	4.15769297932e-05	4.15769297932e-06	0.000141361561297	8.31538595864e-06	0.00232415037544	0.000282723122594	4.15769297932e-06	5.82077017105e-05	2.49461578759e-05	0.0014676656217	0.0202853840461	0.0050058623471	0.00386665447077	4.15769297932e-06	0.000199569263007	0.00540500087312	0.00197906185816	0.000844011674802	0.001609027183	0	0	0.000831538595864	0.0021911042001	8.31538595864e-06	0.00012473078938	0.000137203868318	0	3.74192368139e-05	0	2.91038508552e-05	0.000295196201532	2.07884648966e-05	0.00108931556058	9.56269385244e-05	0	2.07884648966e-05	0	3.32615438346e-05	8.31538595864e-06	0.000748384736278	2.49461578759e-05	0	4.15769297932e-06	1.2473078938e-05	0.000394980833035	0.00315984666428	0.000777488587133	0.00049060777156	4.15769297932e-06	8.31538595864e-06	0.00048645007858	0.000706807806484	1.2473078938e-05	0.000295196201532	0	0	8.31538595864e-06	0.000166307719173	0.00101863477993	0.000336773131325	0.00128056943763	0.00048645007858	0.000108100017462	6.23653946898e-05	1.66307719173e-05	0.000328457745366	0.000270250043656	0.000133046175338	7.06807806484e-05	4.57346227725e-05	0	4.15769297932e-06
0.000752542429257	0.00143024638489	0.019100441547	0	2.49461578759e-05	1.66307719173e-05	8.73115525657e-05	0.000577919324125	0.000187096184069	0.000823223209905	2.91038508552e-05	0.000469819306663	3.74192368139e-05	0.00012473078938	0.000557130859229	4.57346227725e-05	0.00620743561812	0.00999093622931	1.66307719173e-05	0.000823223209905	2.49461578759e-05	0.0242476654554	0.0050058623471	0.072572530954	0.00126393866571	6.65230876691e-05	0.00159239641108	0.0119866288594	0.00384170831289	0.00570435476763	0.00717202038933	0	2.07884648966e-05	0.0031556889713	0.0108889979128	8.31538595864e-06	0.000220357727904	0.000128888482359	0	1.2473078938e-05	0	4.15769297932e-06	0.000141361561297	0	0.000382507754097	2.07884648966e-05	8.31538595864e-06	1.2473078938e-05	0	4.15769297932e-06	8.31538595864e-06	0.000386665447077	4.98923157518e-05	0	1.2473078938e-05	4.15769297932e-06	0.000220357727904	0.00150092716553	0.000407453911973	0.00018293849109	0	2.49461578759e-05	0.000332615438346	0.000320142359408	4.15769297932e-06	0.000133046175338	0	0	0	0.000103942324483	0.00500170465412	0.00225762728777	0.0083029128797	0.00391654678652	0.00055297316625	0.000432400069849	8.73115525657e-05	0.000145519254276	0.000141361561297	4.98923157518e-05	2.49461578759e-05	2.49461578759e-05	0	0
0.000727596271381	3.32615438346e-05	0.000133046175338	0	0.00727180502083	4.15769297932e-06	0.000756700122236	0.00237404269119	0.000507238543477	0.00567525091677	0.000698492420526	8.31538595864e-06	0.00445704687383	8.31538595864e-06	0.000340930824304	9.1469245545e-05	0.00130135790253	4.15769297932e-05	0	1.66307719173e-05	0.0031556889713	0.000960427078223	0.00386665447077	0.00126393866571	0.0304800472314	0	2.49461578759e-05	0.00024530388578	0.00972068618565	0.00163397334087	0.00246551193674	0	0	0.00116415403421	0.0016880233496	4.15769297932e-06	4.15769297932e-06	0	0	9.1469245545e-05	0	1.2473078938e-05	0.000241146192801	2.07884648966e-05	0.000889746297574	0.000195411570028	0	0.000141361561297	0	4.15769297932e-05	1.66307719173e-05	8.73115525657e-05	4.15769297932e-06	0	4.15769297932e-06	9.97846315037e-05	5.82077017105e-05	0.000195411570028	6.65230876691e-05	0.000631969332857	0	0	8.31538595864e-06	0.000320142359408	8.31538595864e-06	4.57346227725e-05	0	0	0	2.07884648966e-05	0.000503080850498	9.1469245545e-05	0.000582077017105	0.000216200034925	0.000378350061118	4.98923157518e-05	8.31538595864e-06	4.57346227725e-05	1.66307719173e-05	4.15769297932e-06	4.15769297932e-06	1.66307719173e-05	0	0
0	0.00207884648966	0.000149676947256	0	0	0	0	0	0	0	0	0.00345920055879	0	0.00359640442711	0	0	0	0.000220357727904	0.000103942324483	0.00085648475374	0	4.15769297932e-06	4.15769297932e-06	6.65230876691e-05	0	0.0142109946033	0.00488113155772	0.00471066614557	0	4.15769297932e-06	8.31538595864e-06	0.000141361561297	0	8.31538595864e-06	0.00049060777156	0	0.000465661613684	2.49461578759e-05	0	0	0	0	0	0	0	0	0.000898061683533	0	0.000607023174981	4.15769297932e-06	0	0	7.06807806484e-05	4.57346227725e-05	0.000149676947256	0	4.15769297932e-06	8.31538595864e-06	0	0	0.00150092716553	0.000952111692264	0.000511396236456	4.15769297932e-06	0	0	0	4.15769297932e-06	0	5.82077017105e-05	6.65230876691e-05	0.000278565429614	0.000382507754097	9.56269385244e-05	0	2.07884648966e-05	2.91038508552e-05	8.31538595864e-06	0.000810750130967	0.000324300052387	3.32615438346e-05	4.15769297932e-06	8.31538595864e-06	0.000157992333214
1.2473078938e-05	0.00479382000516	0.00907208608088	0	0	0	8.31538595864e-06	4.15769297932e-06	1.2473078938e-05	4.15769297932e-06	0	0.0134958714109	0	0.00586234710084	1.66307719173e-05	4.15769297932e-06	2.91038508552e-05	0.0063737433373	0.00231583498948	0.0120406788681	0	0.000220357727904	0.000199569263007	0.00159239641108	2.49461578759e-05	0.00488113155772	0.0674211493526	0.0221896074306	3.32615438346e-05	0.000112257710442	0.0001205730964	0.00152171563043	0	5.82077017105e-05	0.00471898153153	0	0.00121820404294	0.000133046175338	0	4.15769297932e-06	0	0	8.31538595864e-06	0	8.31538595864e-06	4.15769297932e-06	0.000627811639877	4.15769297932e-06	0.000353403903242	0	0	2.07884648966e-05	0.000174623105131	2.07884648966e-05	0.000187096184069	0	2.49461578759e-05	0.00012473078938	9.56269385244e-05	8.31538595864e-06	0.000806592437988	0.00101031939397	0.000756700122236	4.15769297932e-06	4.15769297932e-06	4.15769297932e-06	0	0	4.15769297932e-06	7.06807806484e-05	0.001205730964	0.00264429273485	0.00412858912846	0.00147182331468	8.73115525657e-05	0.000157992333214	7.89961666071e-05	5.40500087312e-05	0.00079411935905	0.000257776964718	1.2473078938e-05	0	0	9.97846315037e-05
5.82077017105e-05	0.0126061251133	0.0138118560773	0	4.15769297932e-06	4.15769297932e-06	4.15769297932e-06	5.82077017105e-05	1.2473078938e-05	0.000266092350676	0	0.00274407736635	0	0.00267755427868	3.74192368139e-05	2.07884648966e-05	0.00356730057626	0.00274407736635	0.000149676947256	0.00280644276104	0	0.00118078480613	0.00540500087312	0.0119866288594	0.00024530388578	0.00471066614557	0.0221896074306	0.0687973457288	0.000424084683891	0.000270250043656	0.000482292385601	0.000340930824304	0	0.000236988499821	0.00347167363773	1.2473078938e-05	0.0017088118145	0.000419926990911	0	0	0	4.15769297932e-06	5.40500087312e-05	4.15769297932e-06	5.40500087312e-05	1.2473078938e-05	0.000374192368139	0	0.000212042341945	8.31538595864e-06	4.15769297932e-06	0.000220357727904	0.000257776964718	1.66307719173e-05	0.000174623105131	0	0.000187096184069	0.00125146558678	0.000482292385601	3.74192368139e-05	0.000432400069849	0.000931323227368	0.00114336556931	0.0001205730964	2.07884648966e-05	7.48384736278e-05	0	0	4.15769297932e-06	0.000153834640235	0.00196658877922	0.00216615804223	0.00348414671667	0.00150092716553	0.000174623105131	9.56269385244e-05	5.40500087312e-05	0.000162150026193	0.000677703955629	0.000241146192801	4.57346227725e-05	1.2473078938e-05	0	2.91038508552e-05
0.00109347325356	2.49461578759e-05	0.000469819306663	0	0.00461919690002	4.15769297932e-06	0.000889746297574	0.0107102171147	0.000968742464181	0.00190006569155	0.00181691183196	1.2473078938e-05	0.00167970796365	8.31538595864e-06	0.00049060777156	2.49461578759e-05	0.00197906185816	0.0001205730964	4.15769297932e-06	2.07884648966e-05	0.00358393134817	0.00432400069849	0.00197906185816	0.00384170831289	0.00972068618565	0	3.32615438346e-05	0.000424084683891	0.0389575832162	0.00236988499821	0.00663567799499	0	0	0.00162150026193	0.00259024272612	4.15769297932e-06	8.31538595864e-06	0	0	7.89961666071e-05	0	2.49461578759e-05	0.000187096184069	1.2473078938e-05	0.000910534762471	0.000157992333214	0	0.000128888482359	0	2.07884648966e-05	4.15769297932e-06	6.65230876691e-05	4.15769297932e-06	0	0	7.48384736278e-05	8.31538595864e-05	0.00018293849109	3.74192368139e-05	0.000652757797753	0	0	1.66307719173e-05	0.000274407736635	0	6.23653946898e-05	0	0	0	2.07884648966e-05	0.000744227043298	0.000141361561297	0.000923007841409	0.000340930824304	0.000315984666428	6.65230876691e-05	8.31538595864e-06	6.23653946898e-05	1.2473078938e-05	0	4.15769297932e-06	2.49461578759e-05	0	0
0.0120822557979	5.82077017105e-05	0.00042824237687	0	0.000282723122594	0.000681861648608	0.00489776232964	0.00311826973449	0.0103401824396	0.00128472713061	0.000382507754097	0.000286880815573	0.00107684248164	5.82077017105e-05	0.019503737766	9.56269385244e-05	0.000266092350676	0.000532184701353	0	6.23653946898e-05	0.000519711622415	0.00457346227725	0.000844011674802	0.00570435476763	0.00163397334087	4.15769297932e-06	0.000112257710442	0.000270250043656	0.00236988499821	0.0531186855038	0.0121155173417	0	0.00240730423503	0.0140405291912	0.0172170066274	8.31538595864e-06	8.31538595864e-06	8.31538595864e-06	0	6.23653946898e-05	0	1.66307719173e-05	0.000174623105131	0	0.000798277052029	0.000133046175338	0	8.31538595864e-05	0	2.07884648966e-05	0	3.32615438346e-05	0	0	0	7.89961666071e-05	3.32615438346e-05	0.000103942324483	4.98923157518e-05	0.000478134692622	0	0	1.66307719173e-05	0.000220357727904	4.15769297932e-06	1.66307719173e-05	0	0	0	1.66307719173e-05	0.0026733965857	0.000374192368139	0.00647768566178	0.00187096184069	0.000997846315037	0.00116831172719	3.74192368139e-05	3.74192368139e-05	4.15769297932e-06	4.15769297932e-06	0	2.49461578759e-05	0	0
0.00530937393459	0.000108100017462	0.0012473078938	0	0.000199569263007	8.31538595864e-06	0.000536342394332	0.00728427809977	0.00091469245545	0.00179196567409	0.0001205730964	6.23653946898e-05	0.000270250043656	2.49461578759e-05	0.00143856177084	1.66307719173e-05	0.000557130859229	0.000453188534746	0	4.57346227725e-05	0.000216200034925	0.0112839787459	0.001609027183	0.00717202038933	0.00246551193674	8.31538595864e-06	0.0001205730964	0.000482292385601	0.00663567799499	0.0121155173417	0.0392610948037	0	0	0.00787882819581	0.00927165534388	8.31538595864e-06	2.07884648966e-05	8.31538595864e-06	0	7.06807806484e-05	0	4.15769297932e-06	0.000232830806842	4.15769297932e-06	0.000852327060761	0.000187096184069	4.15769297932e-06	6.23653946898e-05	0	4.15769297932e-05	0	8.31538595864e-05	8.31538595864e-06	0	0	7.89961666071e-05	4.98923157518e-05	0.000236988499821	5.40500087312e-05	0.000631969332857	0	0	3.32615438346e-05	0.000340930824304	4.15769297932e-06	2.91038508552e-05	0	0	0	8.31538595864e-06	0.00191669646347	0.000357561596221	0.00290622739254	0.00107268478866	0.000332615438346	0.000166307719173	1.66307719173e-05	7.48384736278e-05	1.2473078938e-05	2.91038508552e-05	1.66307719173e-05	3.74192368139e-05	4.15769297932e-06	0
0	8.31538595864e-06	0	0	0	0	0	0	0	0	0	0.00091469245545	0	0.00276070813827	0	0	0	1.2473078938e-05	8.31538595864e-06	2.49461578759e-05	0	0	0	0	0	0.000141361561297	0.00152171563043	0.000340930824304	0	0	0	0.00334694284835	0	0	3.32615438346e-05	0	8.31538595864e-06	0	0	0	0	0	0	0	0	0	2.07884648966e-05	0	2.07884648966e-05	0	0	0	0	0	0	0	0	0	0	0	1.66307719173e-05	1.2473078938e-05	0	0	0	0	0	0	0	0	0	2.07884648966e-05	3.74192368139e-05	0	0	0	8.31538595864e-06	0	1.2473078938e-05	4.15769297932e-06	0	0	0	8.31538595864e-06
8.31538595864e-06	0	8.31538595864e-06	0	0	0.001609027183	0.00180028106005	0	0.00304343126086	4.15769297932e-06	0	4.15769297932e-05	4.15769297932e-06	1.66307719173e-05	0.00301016971703	0	0	8.31538595864e-06	0	0	0	8.31538595864e-06	0	2.07884648966e-05	0	0	0	0	0	0.00240730423503	0	0	0.00690592803865	4.15769297932e-05	0.00140945791999	0	0	0	0	0	0	0	0	0	4.15769297932e-06	0	0	0	0	0	0	0	0	0	0	0	0	0	0	4.15769297932e-06	0	0	0	0	0	0	0	0	0	0	3.74192368139e-05	1.66307719173e-05	0.000261934657697	9.1469245545e-05	2.49461578759e-05	0.000345088517284	0	0	0	0	0	0	0	0
0.0034384120939	5.82077017105e-05	0.000370034675159	0	0.000133046175338	1.2473078938e-05	0.000557130859229	0.00127225405167	0.000972900157161	0.000860642446719	0.000128888482359	5.40500087312e-05	0.000299353894511	2.91038508552e-05	0.00162565795491	5.82077017105e-05	0.000274407736635	0.00018293849109	4.15769297932e-06	2.07884648966e-05	0.000166307719173	0.00422421606699	0.000831538595864	0.0031556889713	0.00116415403421	8.31538595864e-06	5.82077017105e-05	0.000236988499821	0.00162150026193	0.0140405291912	0.00787882819581	0	4.15769297932e-05	0.018905029977	0.0123982404643	4.15769297932e-06	4.15769297932e-06	4.15769297932e-06	0	4.15769297932e-05	0	1.2473078938e-05	0.000128888482359	1.2473078938e-05	0.000544657780291	0.000112257710442	0	3.32615438346e-05	0	2.49461578759e-05	0	4.98923157518e-05	0	0	0	4.57346227725e-05	3.74192368139e-05	0.000128888482359	4.57346227725e-05	0.00030351158749	0	8.31538595864e-06	2.49461578759e-05	0.000187096184069	4.15769297932e-06	2.07884648966e-05	0	0	0	8.31538595864e-06	0.0024322503929	0.000278565429614	0.00463998536492	0.00135125021828	0.000498923157518	0.000282723122594	2.91038508552e-05	3.32615438346e-05	4.15769297932e-06	4.15769297932e-06	4.15769297932e-06	2.07884648966e-05	4.15769297932e-06	0
0.00289375431361	0.00111010402548	0.00543826241695	0	0.00012473078938	0.00073175396436	0.00195411570028	0.00140114253403	0.00327210437472	0.00124315020082	0.000166307719173	0.00682693187204	0.000361719289201	0.000765015508195	0.00485202770687	0.000195411570028	0.000740069350319	0.00612428175854	0.000128888482359	0.00494765464539	0.000162150026193	0.00660657414414	0.0021911042001	0.0108889979128	0.0016880233496	0.00049060777156	0.00471898153153	0.00347167363773	0.00259024272612	0.0172170066274	0.00927165534388	3.32615438346e-05	0.00140945791999	0.0123982404643	0.0563991052645	4.15769297932e-06	0.000220357727904	6.23653946898e-05	0	4.15769297932e-05	0	1.2473078938e-05	0.000166307719173	1.2473078938e-05	0.000694334727546	0.000112257710442	5.82077017105e-05	5.82077017105e-05	3.74192368139e-05	3.32615438346e-05	0	0.000116415403421	2.91038508552e-05	0	2.49461578759e-05	4.57346227725e-05	7.48384736278e-05	0.000540500087312	0.000145519254276	0.000394980833035	9.1469245545e-05	0.000153834640235	0.00018293849109	0.000278565429614	1.2473078938e-05	4.98923157518e-05	0	0	0	6.65230876691e-05	0.0102237670361	0.00410780066357	0.0256404926035	0.00911366301067	0.00152171563043	0.00261103119101	0.000407453911973	0.000249461578759	0.000153834640235	7.89961666071e-05	4.15769297932e-05	4.98923157518e-05	4.15769297932e-06	1.2473078938e-05
0	0	0	0	0	0	0	0	4.15769297932e-06	2.49461578759e-05	4.15769297932e-06	0	4.15769297932e-06	0	0	0	0	0	0	0	4.15769297932e-06	0	8.31538595864e-06	8.31538595864e-06	4.15769297932e-06	0	0	1.2473078938e-05	4.15769297932e-06	8.31538595864e-06	8.31538595864e-06	0	0	4.15769297932e-06	4.15769297932e-06	0.0116997480438	4.15769297932e-06	1.66307719173e-05	0	2.49461578759e-05	0	0.000540500087312	0.00392486217248	0.00145519254276	0.000157992333214	0.00191253877049	4.15769297932e-06	0.000170465412152	0	0.00465661613684	0.000149676947256	3.74192368139e-05	1.2473078938e-05	0	8.31538595864e-06	2.91038508552e-05	7.48384736278e-05	5.82077017105e-05	3.32615438346e-05	0.000390823140056	0	4.15769297932e-06	1.66307719173e-05	0.000536342394332	0.00330120822558	0.000336773131325	0	4.15769297932e-06	0	7.48384736278e-05	1.2473078938e-05	0	0	0	4.15769297932e-06	0	0	0.000399138526015	4.57346227725e-05	0.000191253877049	7.89961666071e-05	0.000544657780291	1.66307719173e-05	4.15769297932e-06
4.15769297932e-06	0.00301016971703	0.000690177034567	0	0	0	4.15769297932e-06	0	0	8.31538595864e-06	0	0.000220357727904	0	4.57346227725e-05	0	0	1.2473078938e-05	0.000228673113863	1.2473078938e-05	0.000328457745366	0	2.91038508552e-05	0.00012473078938	0.000220357727904	4.15769297932e-06	0.000465661613684	0.00121820404294	0.0017088118145	8.31538595864e-06	8.31538595864e-06	2.07884648966e-05	8.31538595864e-06	0	4.15769297932e-06	0.000220357727904	4.15769297932e-06	0.0176286182323	0.00184601568282	0	0	0	1.2473078938e-05	2.91038508552e-05	1.2473078938e-05	2.91038508552e-05	4.15769297932e-06	0.00030766928047	4.15769297932e-06	0.000108100017462	1.66307719173e-05	8.31538595864e-06	0.000178780798111	0.00128888482359	4.15769297932e-06	0.000636127025836	0	0.000282723122594	0.00165476180577	0.000956269385244	2.91038508552e-05	0.00106021170973	0.00362135058499	0.00919681687026	8.31538595864e-05	2.91038508552e-05	0.000108100017462	0	0	2.07884648966e-05	0.000411611604953	7.48384736278e-05	0.000203726955987	0.00018293849109	7.48384736278e-05	8.31538595864e-06	8.31538595864e-06	0	0.000444873148787	0.00153003101639	0.000819065516926	0.000228673113863	2.91038508552e-05	8.31538595864e-06	1.2473078938e-05
4.15769297932e-06	0.000503080850498	0.000212042341945	0	0	0	0	0	0	3.32615438346e-05	0	2.91038508552e-05	0	0	0	1.2473078938e-05	8.31538595864e-06	4.15769297932e-05	0	4.15769297932e-05	0	1.66307719173e-05	0.000137203868318	0.000128888482359	0	2.49461578759e-05	0.000133046175338	0.000419926990911	0	8.31538595864e-06	8.31538595864e-06	0	0	4.15769297932e-06	6.23653946898e-05	1.66307719173e-05	0.00184601568282	0.0226802152022	0	4.15769297932e-06	0	1.66307719173e-05	0.000187096184069	1.66307719173e-05	2.07884648966e-05	3.32615438346e-05	9.97846315037e-05	0	4.15769297932e-06	2.91038508552e-05	4.15769297932e-06	0.000461503920704	0.00500170465412	1.2473078938e-05	0.000565446245187	4.15769297932e-06	0.00202479648093	0.000964584771202	0.00790377435369	2.49461578759e-05	4.57346227725e-05	0.00333031207644	0.010049143931	0.000332615438346	5.82077017105e-05	0.000760857815215	0	0	0.000133046175338	0.00162981564789	5.40500087312e-05	4.98923157518e-05	6.65230876691e-05	2.91038508552e-05	8.31538595864e-06	4.15769297932e-06	0	0.00143024638489	0.00272328890145	0.00157992333214	0.000561288552208	7.48384736278e-05	2.91038508552e-05	1.2473078938e-05
0	0	0	0	0	0	0	0	0	0	0	0	0	0	0	0	0	0	0	0	0	0	0	0	0	0	0	0	0	0	0	0	0	0	0	0	0	0	0	0	0	0	0	0	0	0	0	0	0	0	0	0	0	0	0	0	0	0	0	0	0	0	0	0	0	0	0	0	0	0	0	0	0	0	0	0	0	0	0	0	0	0	0	0
