0.0393999479092	0.000109222587231	0.00253732471875	0	0.00139048755283	7.56156373138e-05	0.00176016400192	0.0209875402233	0.0164632045907	0.00206262655117	0.00842274182301	0.000739352898179	0.00140309015904	9.66199810121e-05	0.0161397376978	0.00012182519345	0.000352872974131	0.000630130310948	8.82182435328e-05	0.000281458205557	0.00214664392596	0.00225586651319	0.000764558110617	0.00329768196063	0.00340690454786	2.10043436983e-05	0.00102501197248	0.000529309461197	0.0122245280324	0.0151567344127	0.00792283844299	1.2602606219e-05	0.000193239962024	0.00177696747687	0.00772119674349	2.10043436983e-05	9.66199810121e-05	0.000105021718491	0	0.000651134654647	4.20086873966e-06	0.000222646043202	0.000399082530267	0.000264654730598	0.00188198919537	0.00036127471161	8.40173747931e-06	0.000159633012107	4.20086873966e-06	0.000218445174462	1.2602606219e-05	0.000155432143367	2.94060811776e-05	4.20086873966e-06	1.68034749586e-05	0.000352872974131	6.72138998345e-05	0.000478899036321	0.000151231274628	0.00189879267032	4.20086873966e-06	4.62095561362e-05	0.00012182519345	0.000827571141712	0.000184838224545	0.000193239962024	0	8.40173747931e-06	2.94060811776e-05	0.000231047780681	0.00253312385001	0.000575519017333	0.00559555716122	0.00162573620225	0.000508305117498	5.88121623552e-05	5.46112936155e-05	0.000218445174462	4.62095561362e-05	0.000172235618326	2.94060811776e-05	0.000100820849752	4.20086873966e-05	0
0.000109222587231	0.0227855120439	0.00362114885358	0	8.40173747931e-06	0	4.20086873966e-06	0.000222646043202	7.14147685741e-05	0.00162993707099	1.2602606219e-05	0.000436890348924	8.40173747931e-06	0.0002436503869	5.04104248759e-05	4.20086873966e-06	0.000634331179688	0.00176856573939	0.000172235618326	0.000579719886072	0	0.000319266024214	0.00415886005226	0.00110062760979	0.00103341370996	0.00127286322812	0.00754055938768	0.00937633902691	0.000470497298841	0.00012602606219	0.000273056468078	3.36069499172e-05	0	3.36069499172e-05	0.000651134654647	4.20086873966e-06	0.0106786083362	0.00176016400192	0	1.68034749586e-05	0	2.52052124379e-05	4.62095561362e-05	3.78078186569e-05	0.000105021718491	2.10043436983e-05	0.000142829537148	1.2602606219e-05	0.000172235618326	5.88121623552e-05	0	5.04104248759e-05	0.000835972879191	9.66199810121e-05	0.000781361585576	1.2602606219e-05	6.30130310948e-05	0.000327667761693	0.000407484267747	9.24191122724e-05	0.000579719886072	0.00476798601951	0.00608705880376	4.20086873966e-05	3.78078186569e-05	6.30130310948e-05	0	0	8.40173747931e-06	0.000583920754812	0.00113003369097	0.000865378960369	0.000898985910286	0.000184838224545	7.56156373138e-05	0	3.78078186569e-05	0.000453693823883	0.000550313804895	0.000424287742705	0.000130226930929	8.40173747931e-06	4.20086873966e-06	3.36069499172e-05
0.00253732471875	0.00362114885358	0.0436974366299	0	5.04104248759e-05	0	5.46112936155e-05	0.00435630088302	0.00130647017803	0.000323466892953	0.000142829537148	0.000390680792788	3.36069499172e-05	4.20086873966e-05	0.00115523890341	4.20086873966e-06	0.000827571141712	0.00386479924048	0.000176436487066	0.000533510329936	2.52052124379e-05	0.00567537366727	0.00185678398293	0.0186602589415	0.000588121623552	1.68034749586e-05	0.00937213815817	0.0124177679944	0.0048520033943	0.0007309511607	0.00427228350823	2.10043436983e-05	1.68034749586e-05	0.000138628668409	0.00192399788276	1.2602606219e-05	0.0056249632424	0.00303722809877	0	3.36069499172e-05	0	3.78078186569e-05	0.000134427799669	5.88121623552e-05	0.000130226930929	2.94060811776e-05	4.20086873966e-05	1.68034749586e-05	2.94060811776e-05	0.000109222587231	0	0.000281458205557	0.00140309015904	2.10043436983e-05	0.00036547558035	2.94060811776e-05	0.000268855599338	0.00277677423691	0.00189879267032	0.000184838224545	4.20086873966e-05	0.00143669710896	0.00474698167581	0.000180637355805	5.04104248759e-05	0.000184838224545	8.40173747931e-06	4.20086873966e-06	8.40173747931e-06	0.000667938129605	0.00472177646337	0.00218865261336	0.0027221629433	0.000705745948262	0.000109222587231	2.10043436983e-05	4.20086873966e-06	0.00061332683599	0.000676339867085	0.000558715542374	0.000184838224545	4.20086873966e-06	3.78078186569e-05	1.68034749586e-05
0	0	0	0	0	0	0	0	0	0	0	0	0	0	0	0	0	0	0	0	0	0	0	0	0	0	0	0	0	0	0	0	0	0	0	0	0	0	0	0	0	0	0	0	0	0	0	0	0	0	0	0	0	0	0	0	0	0	0	0	0	0	0	0	0	0	0	0	0	0	0	0	0	0	0	0	0	0	0	0	0	0	0	0
0.00139048755283	8.40173747931e-06	5.04104248759e-05	0	0.024478462146	8.40173747931e-06	0.000575519017333	0.00427228350823	0.000932592860203	0.00154171882745	0.00328507935441	5.04104248759e-05	0.0053393041681	4.20086873966e-06	0.000457894692622	0.000155432143367	2.52052124379e-05	1.2602606219e-05	4.20086873966e-06	2.94060811776e-05	0.00512085899364	4.62095561362e-05	3.78078186569e-05	9.66199810121e-05	0.00917889819615	0	2.10043436983e-05	2.52052124379e-05	0.0095233694328	0.000793964191795	0.000147030405888	0	2.94060811776e-05	0.000176436487066	0.000579719886072	0	8.40173747931e-06	0	0	0.00475118254455	0	0.000499903380019	0.000163833880847	0.000201641699503	0.0014619023214	0.00215924653218	1.68034749586e-05	0.00106281979113	4.20086873966e-06	0.000163833880847	1.68034749586e-05	0	0	0	0	0.00261294035607	0	3.36069499172e-05	8.40173747931e-06	0.00173075792074	8.40173747931e-06	4.20086873966e-06	0	0.000751955504398	0.00012602606219	4.20086873966e-06	0	1.2602606219e-05	4.20086873966e-06	0.00012182519345	0.000315065155474	3.78078186569e-05	0.000466296430102	0.00012182519345	0.000281458205557	1.2602606219e-05	0	5.88121623552e-05	8.40173747931e-06	9.24191122724e-05	2.52052124379e-05	9.24191122724e-05	2.10043436983e-05	8.40173747931e-06
7.56156373138e-05	0	0	0	8.40173747931e-06	0.00567117279853	0.00293220638028	4.20086873966e-05	0.0011762432471	2.10043436983e-05	7.14147685741e-05	1.68034749586e-05	3.78078186569e-05	4.20086873966e-06	0.000596523361031	0.000907387647766	4.20086873966e-06	0	0	4.20086873966e-06	1.2602606219e-05	2.10043436983e-05	8.40173747931e-06	2.10043436983e-05	3.36069499172e-05	0	0	4.20086873966e-06	5.04104248759e-05	0.000281458205557	1.2602606219e-05	0	0.000987204153819	4.20086873966e-06	0.00036547558035	0	0	0	0	0	0	0	0	4.20086873966e-06	8.40173747931e-06	0	0	0	0	0	0	0	0	0	0	4.20086873966e-06	0	0	0	8.40173747931e-06	0	0	0	4.20086873966e-06	0	0	0	0	0	0	0.000159633012107	4.20086873966e-06	0.000256252993119	5.46112936155e-05	0.00124765801568	0.00113423455971	0	0	0	0	0	8.40173747931e-06	0	0
0.00176016400192	4.20086873966e-06	5.46112936155e-05	0	0.000575519017333	0.00293220638028	0.0313174764541	0.00378078186569	0.0151861404939	0.000348672105391	0.00934693294573	0.000147030405888	0.00570057887971	1.68034749586e-05	0.00255832906245	0.00155852230241	5.04104248759e-05	3.36069499172e-05	1.2602606219e-05	1.68034749586e-05	0.00156272317115	0.000113423455971	0.000113423455971	0.000138628668409	0.00105861892239	4.20086873966e-06	3.36069499172e-05	2.10043436983e-05	0.00186098485167	0.00150811187754	0.000172235618326	0	0.001016610235	4.20086873966e-05	0.00125605975316	0	0	0	0	0.000222646043202	0	7.14147685741e-05	4.62095561362e-05	3.36069499172e-05	0.000436890348924	0.000147030405888	0	6.30130310948e-05	0	2.10043436983e-05	4.20086873966e-06	0	0	0	0	0.000151231274628	4.20086873966e-06	2.52052124379e-05	0	0.000441091217664	0	4.20086873966e-06	0	0.000138628668409	8.40173747931e-06	4.20086873966e-06	0	0	8.40173747931e-06	1.68034749586e-05	0.000823370272972	9.24191122724e-05	0.00128966670307	0.000340270367912	0.00209623350109	0.000575519017333	8.40173747931e-06	1.2602606219e-05	0	2.52052124379e-05	4.20086873966e-06	2.10043436983e-05	8.40173747931e-06	0
0.0209875402233	0.000222646043202	0.00435630088302	0	0.00427228350823	4.20086873966e-05	0.00378078186569	0.0676675936584	0.0141947354713	0.00406644093999	0.0184670189795	0.000453693823883	0.00119304672206	8.40173747931e-05	0.00885123043445	0.0002436503869	0.000441091217664	0.000672138998345	7.14147685741e-05	0.000205842568243	0.00191979701402	0.00541491980542	0.00097880241634	0.00651134654647	0.00629710224074	2.94060811776e-05	0.00136108147165	0.000823370272972	0.0371104744461	0.00856557136016	0.00982163111331	4.20086873966e-06	0.00012182519345	0.00185258311419	0.00604505011636	3.78078186569e-05	0.000155432143367	0.00012182519345	0	0.00209623350109	4.20086873966e-06	0.000651134654647	0.000571318148593	0.000533510329936	0.00447812607647	0.00135688060291	8.40173747931e-06	0.000453693823883	1.2602606219e-05	0.000399082530267	1.68034749586e-05	0.00012602606219	5.46112936155e-05	8.40173747931e-06	8.40173747931e-06	0.00155012056493	6.72138998345e-05	0.000529309461197	0.0002436503869	0.00458314779496	1.68034749586e-05	7.56156373138e-05	0.000184838224545	0.00155432143367	0.000310864286734	0.00011762432471	0	4.20086873966e-06	5.88121623552e-05	0.00036547558035	0.00317165589844	0.000617527704729	0.00471757559463	0.00136528234039	0.000764558110617	3.78078186569e-05	2.52052124379e-05	0.000306663417995	6.72138998345e-05	0.000277257336817	7.14147685741e-05	0.000159633012107	6.72138998345e-05	4.20086873966e-06
0.0164632045907	7.14147685741e-05	0.00130647017803	0	0.000932592860203	0.0011762432471	0.0151861404939	0.0141947354713	0.0508935247809	0.00131487191551	0.011569192509	0.000504104248759	0.00217605000714	6.72138998345e-05	0.0163035715786	0.000268855599338	0.000218445174462	0.000184838224545	5.88121623552e-05	0.000105021718491	0.00160473185855	0.00118044411584	0.000436890348924	0.00165514228342	0.00227687085689	2.52052124379e-05	0.000445292086403	0.00024785125564	0.00753635851894	0.00628029876578	0.00230207606933	8.40173747931e-06	0.00105021718491	0.000432689480185	0.00331028456685	4.20086873966e-06	4.62095561362e-05	3.78078186569e-05	0	0.000562916411114	4.20086873966e-06	0.000189039093284	0.000264654730598	0.000172235618326	0.00136528234039	0.000331868630433	8.40173747931e-06	0.000105021718491	4.20086873966e-06	0.000130226930929	1.2602606219e-05	6.72138998345e-05	1.2602606219e-05	0	4.20086873966e-06	0.000319266024214	4.20086873966e-05	0.00023944951816	7.56156373138e-05	0.00143249624022	4.20086873966e-06	1.68034749586e-05	5.04104248759e-05	0.000558715542374	9.24191122724e-05	8.82182435328e-05	0	4.20086873966e-06	1.68034749586e-05	0.000130226930929	0.00130647017803	0.000310864286734	0.00282298379305	0.000693143342043	0.000907387647766	0.000331868630433	3.36069499172e-05	9.24191122724e-05	1.68034749586e-05	0.000113423455971	8.40173747931e-06	5.88121623552e-05	2.52052124379e-05	0
0.00206262655117	0.00162993707099	0.000323466892953	0	0.00154171882745	2.10043436983e-05	0.000348672105391	0.00406644093999	0.00131487191551	0.0292716533779	0.000781361585576	0.000159633012107	0.00269695773086	3.36069499172e-05	0.000953597203902	0.000651134654647	0.000743553766919	0.000151231274628	2.94060811776e-05	0.000100820849752	0.000512505986238	0.000940994597683	0.00763297849995	0.000642732917167	0.0130815052553	0.000159633012107	0.000709946817002	0.0014408979777	0.00988884501315	0.00218025087588	0.00216344740092	0	2.52052124379e-05	0.000932592860203	0.00155432143367	0.00012602606219	7.14147685741e-05	5.88121623552e-05	0	0.00191979701402	0	0.000449492955143	0.00141569276526	0.000541912067416	0.0080824714551	0.000924191122724	3.36069499172e-05	0.000273056468078	1.2602606219e-05	0.00060912596725	1.68034749586e-05	0.000768758979357	6.72138998345e-05	4.20086873966e-06	2.10043436983e-05	0.00105441805365	0.000352872974131	0.00365055493476	0.000201641699503	0.00588541710426	1.68034749586e-05	0.000113423455971	0.000113423455971	0.00327667761693	0.000537711198676	0.000814968535493	0	2.94060811776e-05	0.000105021718491	0.000693143342043	0.00129386757181	0.000378078186569	0.00106702065987	0.000310864286734	0.00152911622123	0	0	0.000541912067416	0.000105021718491	0.000558715542374	0.000155432143367	0.000294060811776	0.000151231274628	4.20086873966e-06
0.00842274182301	1.2602606219e-05	0.000142829537148	0	0.00328507935441	7.14147685741e-05	0.00934693294573	0.0184670189795	0.011569192509	0.000781361585576	0.0501961805701	0.000420086873966	0.00696924123909	6.72138998345e-05	0.00433109567058	0.000159633012107	3.36069499172e-05	5.04104248759e-05	5.46112936155e-05	7.14147685741e-05	0.00924191122724	0.000172235618326	8.40173747931e-05	0.000319266024214	0.00195760483268	8.40173747931e-06	6.72138998345e-05	8.40173747931e-05	0.0106954118112	0.00455374171379	0.000298261680516	0	0.000168034749586	0.000336069499172	0.00403283399007	8.40173747931e-06	8.40173747931e-06	4.20086873966e-06	0	0.00106702065987	0	0.000218445174462	8.82182435328e-05	9.66199810121e-05	0.00144509884644	0.000667938129605	8.40173747931e-06	0.000193239962024	0	5.88121623552e-05	4.20086873966e-06	1.68034749586e-05	4.20086873966e-06	4.20086873966e-06	0	0.000886383304067	1.2602606219e-05	5.04104248759e-05	2.52052124379e-05	0.00161313359603	8.40173747931e-06	1.2602606219e-05	8.40173747931e-06	0.000436890348924	3.36069499172e-05	2.10043436983e-05	0	4.20086873966e-06	4.20086873966e-06	5.88121623552e-05	0.00101240936626	0.000159633012107	0.00286079161171	0.000890584172807	0.000445292086403	3.78078186569e-05	2.10043436983e-05	5.88121623552e-05	1.68034749586e-05	5.88121623552e-05	1.2602606219e-05	2.94060811776e-05	8.40173747931e-06	4.20086873966e-06
0.000739352898179	0.000436890348924	0.000390680792788	0	5.04104248759e-05	1.68034749586e-05	0.000147030405888	0.000453693823883	0.000504104248759	0.000159633012107	0.000420086873966	0.0350352452887	0.000155432143367	0.00933012947077	0.000596523361031	1.2602606219e-05	0.000134427799669	0.00249951690009	0.00646093612159	0.00814548448619	0.000197440830764	0.000348672105391	0.000159633012107	0.000764558110617	0.000218445174462	0.00186518572041	0.00892684607177	0.00228947346311	0.000323466892953	0.00188198919537	0.000357073842871	0.000688942473303	0.000130226930929	0.00011762432471	0.00683481343942	0	0.000680540735824	4.62095561362e-05	0	1.68034749586e-05	0	1.2602606219e-05	2.94060811776e-05	2.52052124379e-05	0.000100820849752	8.40173747931e-06	0.000781361585576	2.52052124379e-05	0.00227266998815	3.78078186569e-05	0	1.2602606219e-05	2.52052124379e-05	8.40173747931e-05	0.000168034749586	8.40173747931e-06	1.2602606219e-05	5.46112936155e-05	5.04104248759e-05	7.98165060535e-05	0.00226426825067	0.00131487191551	0.00125605975316	3.78078186569e-05	5.88121623552e-05	8.40173747931e-06	0.000176436487066	8.40173747931e-06	0	0.000184838224545	0.00333548977929	0.00528049200575	0.010762625711	0.00189879267032	5.88121623552e-05	4.20086873966e-06	0.000810767666753	9.24191122724e-05	0.000302462549255	0.000214244305722	3.36069499172e-05	8.40173747931e-06	1.2602606219e-05	4.62095561362e-05
0.00140309015904	8.40173747931e-06	3.36069499172e-05	0	0.0053393041681	3.78078186569e-05	0.00570057887971	0.00119304672206	0.00217605000714	0.00269695773086	0.00696924123909	0.000155432143367	0.0323970997202	2.10043436983e-05	0.000869579829109	0.00160053098981	2.52052124379e-05	2.10043436983e-05	0	4.62095561362e-05	0.00972921200104	4.20086873966e-05	2.94060811776e-05	6.72138998345e-05	0.00699024558279	4.20086873966e-06	3.78078186569e-05	1.68034749586e-05	0.00162993707099	0.00115103803467	7.98165060535e-05	0	8.82182435328e-05	4.62095561362e-05	0.00110482847853	0	8.40173747931e-06	0	0	0.000268855599338	0	0.00141569276526	3.78078186569e-05	0.000533510329936	0.000264654730598	0.000495702511279	2.94060811776e-05	0.00449913042017	2.52052124379e-05	0.000340270367912	8.82182435328e-05	0	4.20086873966e-06	4.20086873966e-06	4.20086873966e-06	0.00147870579636	4.20086873966e-06	1.68034749586e-05	8.40173747931e-06	0.000298261680516	8.40173747931e-06	1.68034749586e-05	1.2602606219e-05	9.24191122724e-05	0.000235248649421	8.40173747931e-06	8.40173747931e-06	3.36069499172e-05	0	0.000218445174462	0.000390680792788	5.04104248759e-05	0.000840173747931	0.000210043436983	0.00173075792074	2.10043436983e-05	4.20086873966e-06	8.40173747931e-05	1.68034749586e-05	0.000180637355805	2.10043436983e-05	0.000105021718491	5.46112936155e-05	0
9.66199810121e-05	0.0002436503869	4.20086873966e-05	0	4.20086873966e-06	4.20086873966e-06	1.68034749586e-05	8.40173747931e-05	6.72138998345e-05	3.36069499172e-05	6.72138998345e-05	0.00933012947077	2.10043436983e-05	0.014635826689	7.14147685741e-05	0	1.68034749586e-05	0.00011762432471	0.000550313804895	0.00036547558035	2.10043436983e-05	2.94060811776e-05	4.62095561362e-05	7.14147685741e-05	1.68034749586e-05	0.00178116834561	0.0041210522336	0.00184418137671	4.62095561362e-05	0.000214244305722	4.20086873966e-05	0.000924191122724	4.20086873966e-06	8.40173747931e-06	0.000554514673635	0	0.000327667761693	2.52052124379e-05	0	1.2602606219e-05	0	0	4.20086873966e-06	8.40173747931e-06	2.10043436983e-05	4.20086873966e-06	0.000588121623552	8.40173747931e-06	0.00184838224545	1.68034749586e-05	0	0	1.2602606219e-05	2.10043436983e-05	5.46112936155e-05	4.20086873966e-06	0	2.10043436983e-05	1.68034749586e-05	2.52052124379e-05	0.00178957008309	0.000789763323055	0.000844374616671	1.2602606219e-05	2.10043436983e-05	0	0.000159633012107	4.20086873966e-06	0	0.000130226930929	0.000327667761693	0.00210463523857	0.0017055527083	0.000344471236652	1.68034749586e-05	0	0.000672138998345	4.20086873966e-05	0.00023944951816	0.000201641699503	6.30130310948e-05	4.20086873966e-06	4.20086873966e-06	8.40173747931e-05
0.0161397376978	5.04104248759e-05	0.00115523890341	0	0.000457894692622	0.000596523361031	0.00255832906245	0.00885123043445	0.0163035715786	0.000953597203902	0.00433109567058	0.000596523361031	0.000869579829109	7.14147685741e-05	0.0343673071591	8.82182435328e-05	0.000205842568243	0.000323466892953	5.88121623552e-05	0.000155432143367	0.000886383304067	0.00103761457869	0.000386479924048	0.001419893634	0.00164674054594	4.20086873966e-06	0.000478899036321	0.000214244305722	0.00475118254455	0.0121069037077	0.00393201314032	1.2602606219e-05	0.0019912117826	0.000835972879191	0.00422187308335	4.20086873966e-06	3.78078186569e-05	3.78078186569e-05	0	0.000231047780681	4.20086873966e-06	8.40173747931e-05	0.000138628668409	0.000100820849752	0.000751955504398	0.00012182519345	4.20086873966e-06	4.62095561362e-05	0	9.24191122724e-05	0	8.82182435328e-05	1.68034749586e-05	0	4.20086873966e-06	0.00012602606219	4.62095561362e-05	0.000226846911941	8.40173747931e-05	0.000709946817002	0	2.52052124379e-05	4.20086873966e-05	0.000340270367912	7.98165060535e-05	7.98165060535e-05	0	4.20086873966e-06	1.2602606219e-05	9.24191122724e-05	0.00123505540946	0.000285659074297	0.00330188282937	0.0007309511607	0.000550313804895	0.000180637355805	2.52052124379e-05	7.98165060535e-05	1.2602606219e-05	5.88121623552e-05	8.40173747931e-06	3.78078186569e-05	1.2602606219e-05	0
0.00012182519345	4.20086873966e-06	4.20086873966e-06	0	0.000155432143367	0.000907387647766	0.00155852230241	0.0002436503869	0.000268855599338	0.000651134654647	0.000159633012107	1.2602606219e-05	0.00160053098981	0	8.82182435328e-05	0.00596943447905	8.40173747931e-06	8.40173747931e-06	0	8.40173747931e-06	0.000134427799669	8.40173747931e-06	7.98165060535e-05	1.2602606219e-05	0.000428488611445	0	2.10043436983e-05	1.68034749586e-05	0.000331868630433	0.000100820849752	6.30130310948e-05	0	6.30130310948e-05	1.68034749586e-05	0.000138628668409	0	0	0	0	0	0	1.2602606219e-05	0	1.2602606219e-05	2.52052124379e-05	4.20086873966e-06	0	0	0	0	0	0	0	0	0	1.2602606219e-05	0	4.20086873966e-06	0	2.52052124379e-05	4.20086873966e-06	0	0	4.20086873966e-06	0	0	0	0	0	4.20086873966e-06	0.00036127471161	2.10043436983e-05	0.00011762432471	2.10043436983e-05	0.00355813582249	0.000134427799669	0	0	0	4.20086873966e-06	4.20086873966e-06	4.20086873966e-06	0	0
0.000352872974131	0.000634331179688	0.000827571141712	0	2.52052124379e-05	4.20086873966e-06	5.04104248759e-05	0.000441091217664	0.000218445174462	0.000743553766919	3.36069499172e-05	0.000134427799669	2.52052124379e-05	1.68034749586e-05	0.000205842568243	8.40173747931e-06	0.0261840148543	0.000306663417995	3.78078186569e-05	0.000113423455971	2.10043436983e-05	0.00559975802996	0.00935533468321	0.0100904867127	0.00350352452887	2.10043436983e-05	0.000499903380019	0.00572578409215	0.00391100879662	0.000390680792788	0.000869579829109	0	8.40173747931e-06	9.66199810121e-05	0.00123505540946	2.52052124379e-05	0.000159633012107	0.000172235618326	0	4.62095561362e-05	0	2.94060811776e-05	0.000100820849752	3.78078186569e-05	0.000176436487066	2.10043436983e-05	1.2602606219e-05	2.52052124379e-05	0	5.04104248759e-05	4.20086873966e-06	0.00118884585332	0.000134427799669	0	6.72138998345e-05	2.52052124379e-05	0.000386479924048	0.00349932366013	0.00123505540946	0.0004873007738	4.20086873966e-06	8.40173747931e-05	0.000441091217664	0.000567117279853	8.82182435328e-05	0.000336069499172	0	0	1.68034749586e-05	0.00036127471161	0.00445712173277	0.00131907278425	0.00173075792074	0.000541912067416	0.000163833880847	1.2602606219e-05	4.20086873966e-06	0.000306663417995	0.000138628668409	0.000184838224545	7.56156373138e-05	2.52052124379e-05	2.94060811776e-05	0
0.000630130310948	0.00176856573939	0.00386479924048	0	1.2602606219e-05	0	3.36069499172e-05	0.000672138998345	0.000184838224545	0.000151231274628	5.04104248759e-05	0.00249951690009	2.10043436983e-05	0.00011762432471	0.000323466892953	8.40173747931e-06	0.000306663417995	0.0274484763449	0.000886383304067	0.0080824714551	2.10043436983e-05	0.00229367433185	0.000436890348924	0.00912428690253	0.000180637355805	7.56156373138e-05	0.0135015921293	0.0039194105341	0.000508305117498	0.000470497298841	0.00246590995018	1.68034749586e-05	8.40173747931e-06	4.62095561362e-05	0.00382279055309	0	0.00170135183956	0.000382279055309	0	4.20086873966e-06	0	4.20086873966e-06	1.68034749586e-05	8.40173747931e-06	5.46112936155e-05	4.20086873966e-06	2.10043436983e-05	1.2602606219e-05	7.98165060535e-05	8.40173747931e-06	4.20086873966e-06	2.52052124379e-05	0.000197440830764	5.88121623552e-05	0.000310864286734	4.20086873966e-06	3.36069499172e-05	0.000172235618326	9.66199810121e-05	7.98165060535e-05	0.000134427799669	0.00177696747687	0.00140309015904	4.20086873966e-05	1.2602606219e-05	2.94060811776e-05	1.2602606219e-05	0	4.20086873966e-06	0.000130226930929	0.00329348109189	0.00235668736295	0.00389000445292	0.000886383304067	3.78078186569e-05	4.20086873966e-06	8.40173747931e-06	0.000155432143367	0.000214244305722	0.000113423455971	3.36069499172e-05	8.40173747931e-06	8.40173747931e-06	4.20086873966e-06
8.82182435328e-05	0.000172235618326	0.000176436487066	0	4.20086873966e-06	0	1.2602606219e-05	7.14147685741e-05	5.88121623552e-05	2.94060811776e-05	5.46112936155e-05	0.00646093612159	0	0.000550313804895	5.88121623552e-05	0	3.78078186569e-05	0.000886383304067	0.0108298396108	0.0048940120817	2.10043436983e-05	0.000172235618326	7.98165060535e-05	0.000336069499172	1.68034749586e-05	0.000176436487066	0.0046293573511	0.000777160716836	5.46112936155e-05	0.000159633012107	0.000138628668409	0.000147030405888	8.40173747931e-06	8.40173747931e-06	0.000886383304067	0	0.000411685136486	5.46112936155e-05	0	0	0	0	4.20086873966e-06	4.20086873966e-06	1.68034749586e-05	0	0.000134427799669	0	0.000323466892953	8.40173747931e-06	0	0	1.2602606219e-05	5.88121623552e-05	6.30130310948e-05	0	0	2.10043436983e-05	8.40173747931e-06	1.2602606219e-05	0.000470497298841	0.000579719886072	0.00061332683599	4.20086873966e-06	8.40173747931e-06	0	3.36069499172e-05	0	0	6.30130310948e-05	0.000945195466422	0.000924191122724	0.00162153533351	0.000340270367912	8.40173747931e-06	0	0	3.36069499172e-05	4.62095561362e-05	7.14147685741e-05	1.68034749586e-05	0	8.40173747931e-06	4.20086873966e-06
0.000281458205557	0.000579719886072	0.000533510329936	0	2.94060811776e-05	4.20086873966e-06	1.68034749586e-05	0.000205842568243	0.000105021718491	0.000100820849752	7.14147685741e-05	0.00814548448619	4.62095561362e-05	0.00036547558035	0.000155432143367	8.40173747931e-06	0.000113423455971	0.0080824714551	0.0048940120817	0.0189585206221	3.36069499172e-05	0.000541912067416	0.000197440830764	0.00107962326609	0.00012602606219	0.000193239962024	0.00919150080237	0.00157112490863	0.000172235618326	0.000378078186569	0.000550313804895	9.24191122724e-05	8.40173747931e-06	3.36069499172e-05	0.00335229325424	0	0.000768758979357	8.40173747931e-05	0	4.20086873966e-06	0	0	8.40173747931e-06	0	3.78078186569e-05	0	0.000163833880847	8.40173747931e-06	0.00023944951816	1.2602606219e-05	0	1.2602606219e-05	3.78078186569e-05	0.000109222587231	0.000281458205557	8.40173747931e-06	4.20086873966e-06	4.62095561362e-05	4.20086873966e-05	2.52052124379e-05	0.000428488611445	0.00126866235938	0.000924191122724	4.20086873966e-06	8.40173747931e-06	1.2602606219e-05	2.10043436983e-05	0	0	9.24191122724e-05	0.00283558639927	0.00191559614528	0.00435630088302	0.00128546583433	1.2602606219e-05	0	4.20086873966e-06	9.66199810121e-05	9.24191122724e-05	6.72138998345e-05	2.94060811776e-05	4.20086873966e-06	8.40173747931e-06	4.20086873966e-06
0.00214664392596	0	2.52052124379e-05	0	0.00512085899364	1.2602606219e-05	0.00156272317115	0.00191979701402	0.00160473185855	0.000512505986238	0.00924191122724	0.000197440830764	0.00972921200104	2.10043436983e-05	0.000886383304067	0.000134427799669	2.10043436983e-05	2.10043436983e-05	2.10043436983e-05	3.36069499172e-05	0.0212059853978	3.36069499172e-05	1.2602606219e-05	8.40173747931e-05	0.00357914016619	0	2.10043436983e-05	8.40173747931e-06	0.00344051149778	0.00131907278425	9.66199810121e-05	0	8.82182435328e-05	0.000105021718491	0.00138208581535	4.20086873966e-06	0	0	0	0.000571318148593	0	0.000331868630433	3.78078186569e-05	0.000138628668409	0.000663737260866	0.000403283399007	0	0.000655335523386	0	0.000105021718491	8.40173747931e-06	0	0	0	0	0.000743553766919	0	1.2602606219e-05	4.20086873966e-06	0.000709946817002	0	0	0	0.000184838224545	7.56156373138e-05	1.2602606219e-05	0	8.40173747931e-06	0	7.14147685741e-05	0.000323466892953	4.20086873966e-05	0.000999806760038	0.000306663417995	0.000306663417995	2.52052124379e-05	4.20086873966e-06	3.36069499172e-05	1.2602606219e-05	3.78078186569e-05	1.2602606219e-05	4.62095561362e-05	2.52052124379e-05	0
0.00225586651319	0.000319266024214	0.00567537366727	0	4.62095561362e-05	2.10043436983e-05	0.000113423455971	0.00541491980542	0.00118044411584	0.000940994597683	0.000172235618326	0.000348672105391	4.20086873966e-05	2.94060811776e-05	0.00103761457869	8.40173747931e-06	0.00559975802996	0.00229367433185	0.000172235618326	0.000541912067416	3.36069499172e-05	0.0463271804609	0.00390260705914	0.0247305142704	0.00189039093284	2.94060811776e-05	0.00213404131974	0.00205422481369	0.0136822294851	0.00103341370996	0.01523235005	8.40173747931e-06	2.10043436983e-05	0.000323466892953	0.00599043882275	3.36069499172e-05	0.000210043436983	0.000130226930929	0	5.46112936155e-05	0	2.52052124379e-05	0.000193239962024	4.62095561362e-05	0.000327667761693	2.52052124379e-05	1.2602606219e-05	1.68034749586e-05	8.40173747931e-06	9.66199810121e-05	0	0.000840173747931	0.000163833880847	4.20086873966e-06	4.20086873966e-05	2.10043436983e-05	0.0004873007738	0.00251632037505	0.000550313804895	0.000722549423221	1.68034749586e-05	0.000147030405888	0.000289859943036	0.000861178091629	0.000214244305722	0.000642732917167	0	0	4.20086873966e-05	0.000520907723717	0.00502003814389	0.00133587625921	0.00544852675533	0.00137788494661	0.000357073842871	4.20086873966e-05	4.20086873966e-06	0.00036967644909	0.000168034749586	0.000294060811776	7.56156373138e-05	2.52052124379e-05	4.62095561362e-05	4.20086873966e-06
0.000764558110617	0.00415886005226	0.00185678398293	0	3.78078186569e-05	8.40173747931e-06	0.000113423455971	0.00097880241634	0.000436890348924	0.00763297849995	8.40173747931e-05	0.000159633012107	2.94060811776e-05	4.62095561362e-05	0.000386479924048	7.98165060535e-05	0.00935533468321	0.000436890348924	7.98165060535e-05	0.000197440830764	1.2602606219e-05	0.00390260705914	0.0313216773229	0.00482679818186	0.0078598254119	0.000357073842871	0.00149550927132	0.0075111533065	0.00561236063618	0.000961998941381	0.00233988388799	0	1.68034749586e-05	0.000449492955143	0.0011762432471	7.56156373138e-05	0.000966199810121	0.000554514673635	0	0.00012182519345	0	6.72138998345e-05	0.000445292086403	0.000105021718491	0.000865378960369	5.88121623552e-05	2.10043436983e-05	3.78078186569e-05	1.2602606219e-05	0.000142829537148	0	0.00260453861859	0.000268855599338	0	7.56156373138e-05	7.14147685741e-05	0.000945195466422	0.00906967560892	0.00226006738193	0.00158792838359	2.52052124379e-05	0.000193239962024	0.00139048755283	0.00188198919537	0.000277257336817	0.00124765801568	0	4.20086873966e-06	9.24191122724e-05	0.000949396335162	0.0024154995253	0.000932592860203	0.00120564932828	0.000344471236652	0.000285659074297	4.20086873966e-06	0	0.000571318148593	0.000294060811776	0.000474698167581	0.000134427799669	5.04104248759e-05	7.56156373138e-05	4.20086873966e-06
0.00329768196063	0.00110062760979	0.0186602589415	0	9.66199810121e-05	2.10043436983e-05	0.000138628668409	0.00651134654647	0.00165514228342	0.000642732917167	0.000319266024214	0.000764558110617	6.72138998345e-05	7.14147685741e-05	0.001419893634	1.2602606219e-05	0.0100904867127	0.00912428690253	0.000336069499172	0.00107962326609	8.40173747931e-05	0.0247305142704	0.00482679818186	0.0724691866278	0.00151651361502	3.36069499172e-05	0.00544432588659	0.00911168429631	0.00984263545701	0.00131067104677	0.00932592860203	1.68034749586e-05	2.52052124379e-05	0.000298261680516	0.00685161691438	2.94060811776e-05	0.00147870579636	0.00107122152861	0	4.62095561362e-05	0	5.46112936155e-05	0.000201641699503	7.14147685741e-05	0.000340270367912	5.46112936155e-05	4.20086873966e-05	4.20086873966e-05	2.94060811776e-05	0.000113423455971	4.20086873966e-06	0.00161313359603	0.000651134654647	4.20086873966e-06	0.000172235618326	4.20086873966e-05	0.000571318148593	0.0061122640162	0.00299101854263	0.000495702511279	4.20086873966e-05	0.000617527704729	0.00236088823169	0.000529309461197	0.00012602606219	0.000394881661528	8.40173747931e-06	4.20086873966e-06	8.40173747931e-06	0.000638532048428	0.0116910177025	0.00349512279139	0.00838913487309	0.00214664392596	0.000567117279853	6.72138998345e-05	1.68034749586e-05	0.000823370272972	0.000411685136486	0.000546112936155	0.000172235618326	2.94060811776e-05	4.62095561362e-05	1.2602606219e-05
0.00340690454786	0.00103341370996	0.000588121623552	0	0.00917889819615	3.36069499172e-05	0.00105861892239	0.00629710224074	0.00227687085689	0.0130815052553	0.00195760483268	0.000218445174462	0.00699024558279	1.68034749586e-05	0.00164674054594	0.000428488611445	0.00350352452887	0.000180637355805	1.68034749586e-05	0.00012602606219	0.00357914016619	0.00189039093284	0.0078598254119	0.00151651361502	0.0506582761315	5.04104248759e-05	0.000470497298841	0.00159212925233	0.0217857052839	0.003453114104	0.00338169933542	0	6.30130310948e-05	0.0012602606219	0.00281878292431	7.98165060535e-05	6.72138998345e-05	5.88121623552e-05	0	0.00106702065987	0	0.00036547558035	0.000751955504398	0.000390680792788	0.00351192626635	0.000579719886072	2.10043436983e-05	0.000151231274628	4.20086873966e-06	0.000415886005226	1.68034749586e-05	0.000378078186569	5.88121623552e-05	4.20086873966e-06	2.94060811776e-05	0.000592322492291	0.000197440830764	0.0016635440209	0.000159633012107	0.00315485242348	8.40173747931e-06	7.56156373138e-05	8.40173747931e-05	0.00152071448376	0.000336069499172	0.000403283399007	0	2.10043436983e-05	4.20086873966e-05	0.000537711198676	0.00235248649421	0.000550313804895	0.00211723784479	0.000562916411114	0.000940994597683	2.10043436983e-05	8.40173747931e-06	0.000432689480185	8.40173747931e-05	0.000445292086403	0.00012182519345	0.000201641699503	0.000105021718491	4.20086873966e-06
2.10043436983e-05	0.00127286322812	1.68034749586e-05	0	0	0	4.20086873966e-06	2.94060811776e-05	2.52052124379e-05	0.000159633012107	8.40173747931e-06	0.00186518572041	4.20086873966e-06	0.00178116834561	4.20086873966e-06	0	2.10043436983e-05	7.56156373138e-05	0.000176436487066	0.000193239962024	0	2.94060811776e-05	0.000357073842871	3.36069499172e-05	5.04104248759e-05	0.00756576460012	0.0014408979777	0.00100400762878	4.62095561362e-05	3.78078186569e-05	1.2602606219e-05	5.46112936155e-05	0	4.20086873966e-06	0.000155432143367	4.20086873966e-06	0.00117204237836	3.36069499172e-05	0	4.20086873966e-06	0	8.40173747931e-06	0	4.20086873966e-06	8.40173747931e-06	4.20086873966e-06	0.000386479924048	4.20086873966e-06	0.00128546583433	8.40173747931e-06	0	0	3.36069499172e-05	7.98165060535e-05	8.82182435328e-05	8.40173747931e-06	4.20086873966e-06	1.2602606219e-05	1.2602606219e-05	8.40173747931e-06	0.00230627693807	0.000957798072641	0.0011762432471	4.20086873966e-06	1.68034749586e-05	0	7.98165060535e-05	4.20086873966e-06	0	0.000113423455971	7.98165060535e-05	0.000772959848097	0.000352872974131	5.46112936155e-05	1.68034749586e-05	0	0.000462095561362	3.78078186569e-05	0.000100820849752	0.00012602606219	8.40173747931e-06	0	4.20086873966e-06	2.94060811776e-05
0.00102501197248	0.00754055938768	0.00937213815817	0	2.10043436983e-05	0	3.36069499172e-05	0.00136108147165	0.000445292086403	0.000709946817002	6.72138998345e-05	0.00892684607177	3.78078186569e-05	0.0041210522336	0.000478899036321	2.10043436983e-05	0.000499903380019	0.0135015921293	0.0046293573511	0.00919150080237	2.10043436983e-05	0.00213404131974	0.00149550927132	0.00544432588659	0.000470497298841	0.0014408979777	0.0699150584341	0.021508447947	0.00120985019702	0.000529309461197	0.00206262655117	0.00187358745789	8.40173747931e-06	4.62095561362e-05	0.00290700116784	1.2602606219e-05	0.00931332599582	0.00110062760979	0	2.94060811776e-05	0	3.36069499172e-05	5.46112936155e-05	4.62095561362e-05	0.000142829537148	1.68034749586e-05	0.00102081110374	2.52052124379e-05	0.00183577963923	0.000113423455971	0	4.62095561362e-05	0.000571318148593	0.00048309990506	0.00189879267032	2.10043436983e-05	7.14147685741e-05	0.000319266024214	0.000306663417995	0.000138628668409	0.00321366458584	0.0109432630668	0.00776740629962	4.20086873966e-05	9.24191122724e-05	6.72138998345e-05	0.000147030405888	0	4.20086873966e-06	0.000932592860203	0.00433109567058	0.00485620426304	0.00457894692622	0.00106702065987	4.62095561362e-05	8.40173747931e-06	2.52052124379e-05	0.000630130310948	0.000957798072641	0.000701545079522	0.000184838224545	2.10043436983e-05	2.10043436983e-05	2.10043436983e-05
0.000529309461197	0.00937633902691	0.0124177679944	0	2.52052124379e-05	4.20086873966e-06	2.10043436983e-05	0.000823370272972	0.00024785125564	0.0014408979777	8.40173747931e-05	0.00228947346311	1.68034749586e-05	0.00184418137671	0.000214244305722	1.68034749586e-05	0.00572578409215	0.0039194105341	0.000777160716836	0.00157112490863	8.40173747931e-06	0.00205422481369	0.0075111533065	0.00911168429631	0.00159212925233	0.00100400762878	0.021508447947	0.0656931853507	0.00156692403989	0.000382279055309	0.000983003285079	0.000550313804895	4.20086873966e-06	9.24191122724e-05	0.00254992732497	1.68034749586e-05	0.00705325861388	0.00206262655117	0	3.78078186569e-05	0	2.52052124379e-05	7.98165060535e-05	3.36069499172e-05	0.000138628668409	3.36069499172e-05	0.000382279055309	2.10043436983e-05	0.000667938129605	0.000100820849752	0	0.000575519017333	0.000806566798014	0.000226846911941	0.000869579829109	3.36069499172e-05	0.000226846911941	0.00337329759794	0.00215924653218	0.000184838224545	0.00136948320913	0.00465456256354	0.00612486662242	0.000134427799669	7.56156373138e-05	0.000142829537148	5.04104248759e-05	4.20086873966e-06	8.40173747931e-06	0.000718348554481	0.00627609789705	0.00325567327323	0.00371776883459	0.000823370272972	0.000147030405888	1.68034749586e-05	1.2602606219e-05	0.000575519017333	0.000659536392126	0.000583920754812	0.000176436487066	8.40173747931e-06	2.94060811776e-05	1.2602606219e-05
0.0122245280324	0.000470497298841	0.0048520033943	0	0.0095233694328	5.04104248759e-05	0.00186098485167	0.0371104744461	0.00753635851894	0.00988884501315	0.0106954118112	0.000323466892953	0.00162993707099	4.62095561362e-05	0.00475118254455	0.000331868630433	0.00391100879662	0.000508305117498	5.46112936155e-05	0.000172235618326	0.00344051149778	0.0136822294851	0.00561236063618	0.00984263545701	0.0217857052839	4.62095561362e-05	0.00120985019702	0.00156692403989	0.0824294464095	0.00745234114415	0.0115229829529	4.20086873966e-06	9.66199810121e-05	0.0023944951816	0.00657435957756	0.000155432143367	0.000210043436983	0.000205842568243	0	0.00424287742705	0	0.000953597203902	0.00152911622123	0.000819169404233	0.00791443670551	0.00244070473774	3.78078186569e-05	0.000676339867085	2.52052124379e-05	0.000882182435328	3.78078186569e-05	0.00097880241634	0.000147030405888	1.68034749586e-05	3.78078186569e-05	0.00258353427489	0.000567117279853	0.0038984061904	0.000512505986238	0.00776320543088	2.94060811776e-05	0.000147030405888	0.000281458205557	0.00420927047713	0.000785562454316	0.00108802500357	0	3.78078186569e-05	0.000176436487066	0.00120985019702	0.00495702511279	0.00113423455971	0.00517126941852	0.00138628668409	0.00105861892239	3.36069499172e-05	8.40173747931e-06	0.000756156373138	0.000172235618326	0.000798165060535	0.000193239962024	0.000420086873966	0.000180637355805	1.2602606219e-05
0.0151567344127	0.00012602606219	0.0007309511607	0	0.000793964191795	0.000281458205557	0.00150811187754	0.00856557136016	0.00628029876578	0.00218025087588	0.00455374171379	0.00188198919537	0.00115103803467	0.000214244305722	0.0121069037077	0.000100820849752	0.000390680792788	0.000470497298841	0.000159633012107	0.000378078186569	0.00131907278425	0.00103341370996	0.000961998941381	0.00131067104677	0.003453114104	3.78078186569e-05	0.000529309461197	0.000382279055309	0.00745234114415	0.042227132571	0.0101156919251	1.68034749586e-05	0.00127286322812	0.00877981566588	0.0137578451224	3.78078186569e-05	7.56156373138e-05	5.46112936155e-05	0	0.000428488611445	0	0.000130226930929	0.000378078186569	0.000193239962024	0.00163413793973	0.000273056468078	1.2602606219e-05	0.000100820849752	1.68034749586e-05	0.000184838224545	4.20086873966e-06	0.000205842568243	3.78078186569e-05	4.20086873966e-06	1.68034749586e-05	0.000222646043202	0.000113423455971	0.000541912067416	0.000159633012107	0.00151651361502	1.68034749586e-05	5.46112936155e-05	8.82182435328e-05	0.000823370272972	0.000197440830764	0.0002436503869	4.20086873966e-06	1.2602606219e-05	3.36069499172e-05	0.000210043436983	0.00287759508666	0.000743553766919	0.00924191122724	0.00227266998815	0.000596523361031	0.000218445174462	0.00012182519345	0.000210043436983	3.78078186569e-05	0.000159633012107	2.94060811776e-05	0.00012602606219	4.20086873966e-05	0
0.00792283844299	0.000273056468078	0.00427228350823	0	0.000147030405888	1.2602606219e-05	0.000172235618326	0.00982163111331	0.00230207606933	0.00216344740092	0.000298261680516	0.000357073842871	7.98165060535e-05	4.20086873966e-05	0.00393201314032	6.30130310948e-05	0.000869579829109	0.00246590995018	0.000138628668409	0.000550313804895	9.66199810121e-05	0.01523235005	0.00233988388799	0.00932592860203	0.00338169933542	1.2602606219e-05	0.00206262655117	0.000983003285079	0.0115229829529	0.0101156919251	0.0425043899078	4.20086873966e-06	1.68034749586e-05	0.00304983070499	0.00624669181587	4.62095561362e-05	0.000155432143367	0.000138628668409	0	0.00012182519345	0	5.88121623552e-05	0.000357073842871	0.000105021718491	0.00114683716593	7.98165060535e-05	1.68034749586e-05	2.94060811776e-05	1.2602606219e-05	0.000197440830764	4.20086873966e-06	0.000516706854978	9.66199810121e-05	4.20086873966e-06	2.10043436983e-05	6.72138998345e-05	0.000268855599338	0.00149550927132	0.000315065155474	0.00109222587231	8.40173747931e-06	0.000105021718491	0.000184838224545	0.00107542239735	0.0002436503869	0.000453693823883	4.20086873966e-06	8.40173747931e-06	7.14147685741e-05	0.000424287742705	0.0026591499122	0.000789763323055	0.00426808263949	0.000991405022559	0.000319266024214	1.68034749586e-05	8.40173747931e-06	0.000306663417995	8.40173747931e-05	0.000235248649421	5.88121623552e-05	8.40173747931e-05	6.72138998345e-05	0
