0.0249167655959	8.92594146368e-06	0.000133889121955	0	0.000254389331715	1.78518829274e-05	0.00311961654155	0.00858229271732	0.00643114082458	0.000343648746352	0.00143707657565	3.12407951229e-05	0.000647130756117	2.23148536592e-05	0.00742638329778	0.000258852302447	0.000138352092687	4.46297073184e-05	0	3.12407951229e-05	0.000504315692698	0.000406130336597	0.00016959288781	0.000379352512206	0.00139690983907	0	4.90926780502e-05	6.24815902457e-05	0.00220470754153	0.0104433515125	0.00537787973186	0	4.46297073184e-06	0.00287861612204	0.00303482009765	0	4.46297073184e-06	0	0	8.92594146368e-06	0	0	1.33889121955e-05	0	0.00016959288781	4.46297073184e-06	8.92594146368e-06	0	0	0	0	1.78518829274e-05	0	0	0	0	4.46297073184e-06	2.23148536592e-05	4.46297073184e-06	0.000107111297564	4.46297073184e-06	0	0	1.78518829274e-05	8.92594146368e-06	8.92594146368e-06	0	0	0	8.92594146368e-06	0.000941686824418	0.000138352092687	0.00170931779029	0.000423982219525	0.000276704185374	4.46297073184e-05	4.46297073184e-06	3.12407951229e-05	1.78518829274e-05	1.33889121955e-05	1.78518829274e-05	0	0	4.46297073184e-06
8.92594146368e-06	0.012781948176	0.00216454080494	0	0	0	0	2.6777824391e-05	0	3.57037658547e-05	0	0.000241000419519	0	8.92594146368e-05	8.92594146368e-06	0	0.00016959288781	0.000696223434167	8.92594146368e-06	0.000357037658547	0	0.000174055858542	0.00161113243419	0.000959538707345	7.58705024412e-05	0.000299019039033	0.00273580105862	0.00712736425875	4.01667365865e-05	4.46297073184e-06	0.000107111297564	4.46297073184e-06	0	4.46297073184e-06	0.000531093517089	0	0.00339632072693	0.000241000419519	0	4.46297073184e-06	0	0	8.92594146368e-06	0	8.92594146368e-06	0	0.000214222595128	0	0.000138352092687	0	4.46297073184e-06	2.23148536592e-05	0.000196370712201	7.14075317094e-05	0.000147278034151	4.46297073184e-06	3.57037658547e-05	0.000227611507324	0.000133889121955	1.33889121955e-05	0.000611426990262	0.000642667785385	0.00126748368784	1.33889121955e-05	0	2.6777824391e-05	8.92594146368e-06	0	0	0.000174055858542	0.000383815482938	0.000767630965876	0.000647130756117	0.000223148536592	8.92594146368e-06	4.46297073184e-06	0	8.47964439049e-05	0.000651593726848	0.000232074478056	9.37223853686e-05	0	4.46297073184e-06	2.23148536592e-05
0.000133889121955	0.00216454080494	0.0338025403229	0	0	0	1.78518829274e-05	0.000196370712201	4.01667365865e-05	7.58705024412e-05	1.78518829274e-05	0.000254389331715	0	4.90926780502e-05	4.46297073184e-05	9.81853561004e-05	0.00108896485857	0.00453437826355	2.23148536592e-05	0.000812260673195	0	0.00203511465372	0.00173609561468	0.0130452634492	0.000281167156106	3.12407951229e-05	0.00725232743924	0.013830746298	0.00055787134148	0.000281167156106	0.00121839100979	0	0	0.000151741004882	0.003195487044	0	0.000566797282943	6.69445609776e-05	0	0	0	0	0	0	1.78518829274e-05	0	4.01667365865e-05	0	1.78518829274e-05	0	4.46297073184e-06	3.57037658547e-05	6.69445609776e-05	1.33889121955e-05	3.12407951229e-05	0	4.46297073184e-06	0.000249926360983	4.90926780502e-05	1.78518829274e-05	4.90926780502e-05	4.90926780502e-05	0.000258852302447	0	0	0	4.46297073184e-06	0	0	3.12407951229e-05	0.00270009729276	0.00253496737568	0.00379798809279	0.00158881758053	0.000138352092687	6.69445609776e-05	2.23148536592e-05	4.90926780502e-05	0.000147278034151	5.80186195139e-05	3.12407951229e-05	0	4.46297073184e-06	4.46297073184e-06
0	0	0	0	0	0	0	0	0	0	0	0	0	0	0	0	0	0	0	0	0	0	0	0	0	0	0	0	0	0	0	0	0	0	0	0	0	0	0	0	0	0	0	0	0	0	0	0	0	0	0	0	0	0	0	0	0	0	0	0	0	0	0	0	0	0	0	0	0	0	0	0	0	0	0	0	0	0	0	0	0	0	0	0
0.000254389331715	0	0	0	0.0136923942053	0	0.000428445190256	0.00215561486348	0.000223148536592	2.6777824391e-05	0.00178518829274	0	0.00162898431712	0	0.000102648326832	4.46297073184e-06	4.46297073184e-06	0	0	0	0.00590004730749	1.78518829274e-05	4.46297073184e-06	8.92594146368e-06	0.00570813956602	0	0	8.92594146368e-06	0.00556978747333	6.24815902457e-05	0.000111574268296	0	0	8.92594146368e-06	3.57037658547e-05	0	0	0	0	0.000964001678077	0	1.33889121955e-05	4.46297073184e-06	0	4.46297073184e-06	0.00012050020976	0	0.000303482009765	0	4.46297073184e-06	0	0	0	0	0	0.000638204814653	0	0	0	0.000107111297564	0	0	0	0.000116037239028	0	0	0	0	0	0	8.92594146368e-06	0	3.57037658547e-05	8.92594146368e-06	4.46297073184e-06	0	0	0	0	0	0	0	0	0
1.78518829274e-05	0	0	0	0	0.00622138120018	0.00310622762936	0	0.00144600251712	0	0	4.46297073184e-06	4.46297073184e-06	0	0.000263315273178	0.000834575526854	0	0	0	0	0	0	0	0	0	0	0	4.46297073184e-06	0	0.000415056278061	0	0	0.00203957762445	8.92594146368e-06	0.000589112136603	0	0	0	0	0	0	0	0	0	0	0	0	0	0	0	0	0	0	0	0	0	0	0	0	0	0	0	0	0	0	0	0	0	0	0	1.33889121955e-05	4.46297073184e-06	6.69445609776e-05	8.92594146368e-06	0.0012897985415	0.00092383494149	4.46297073184e-06	0	0	0	0	0	0	0
0.00311961654155	0	1.78518829274e-05	0	0.000428445190256	0.00310622762936	0.0423803700695	0.00413717386841	0.0147278034151	0.000111574268296	0.00950612765881	6.69445609776e-05	0.00905090464417	8.92594146368e-06	0.00432461863915	0.0038827845367	2.23148536592e-05	1.33889121955e-05	4.46297073184e-06	4.46297073184e-06	0.00231628180982	4.90926780502e-05	2.23148536592e-05	4.90926780502e-05	0.000580186195139	0	2.23148536592e-05	1.78518829274e-05	0.00149509519517	0.0034900431123	0.000397204395134	0	0.00112913159515	0.000406130336597	0.00223594833665	0	0	0	0	0	0	0	4.46297073184e-06	0	2.6777824391e-05	0	0	0	0	0	0	0	0	0	0	0	0	0	0	8.92594146368e-06	0	0	0	4.46297073184e-06	0	0	0	0	0	4.46297073184e-06	0.000214222595128	4.90926780502e-05	0.00092383494149	9.81853561004e-05	0.00106665000491	0.000767630965876	8.92594146368e-06	4.46297073184e-06	0	8.92594146368e-06	4.46297073184e-06	0	0	0
0.00858229271732	2.6777824391e-05	0.000196370712201	0	0.00215561486348	0	0.00413717386841	0.0432060196549	0.00438263725866	0.000981853561004	0.00851534815635	8.92594146368e-06	0.00204850356591	2.23148536592e-05	0.00274026402935	0.000142815063419	0.000258852302447	6.69445609776e-05	0	2.23148536592e-05	0.00244124499032	0.000781019878072	0.000321333892692	0.000647130756117	0.00631064061482	0	5.35556487821e-05	8.47964439049e-05	0.0167807699517	0.0039675809806	0.0106084814296	0	4.46297073184e-06	0.00147278034151	0.00216900377567	8.92594146368e-06	4.46297073184e-06	0	0	1.78518829274e-05	0	0	3.57037658547e-05	0	0.000459685985379	8.92594146368e-06	8.92594146368e-06	4.46297073184e-06	0	4.46297073184e-06	0	1.78518829274e-05	4.46297073184e-06	0	0	8.92594146368e-06	4.46297073184e-06	4.90926780502e-05	8.92594146368e-06	0.000276704185374	4.46297073184e-06	0	0	6.69445609776e-05	1.33889121955e-05	1.33889121955e-05	0	0	4.46297073184e-06	1.78518829274e-05	0.000647130756117	0.000142815063419	0.0010934278293	0.00026777824391	0.00016959288781	2.23148536592e-05	4.46297073184e-06	2.23148536592e-05	1.33889121955e-05	1.33889121955e-05	8.92594146368e-06	4.46297073184e-06	0	4.46297073184e-06
0.00643114082458	0	4.01667365865e-05	0	0.000223148536592	0.00144600251712	0.0147278034151	0.00438263725866	0.0381539367865	8.03334731731e-05	0.00515026822454	5.35556487821e-05	0.000932760882954	8.92594146368e-06	0.0156739532102	0.000352574687815	3.12407951229e-05	1.78518829274e-05	0	1.33889121955e-05	0.000468611926843	8.92594146368e-05	3.12407951229e-05	8.03334731731e-05	0.000566797282943	0	2.23148536592e-05	2.6777824391e-05	0.00101755732686	0.00593128810261	0.000745316112217	0	0.00135228013175	0.000517704604893	0.00274918997081	0	0	0	0	0	0	0	4.46297073184e-06	0	2.6777824391e-05	0	0	0	0	0	0	4.46297073184e-06	4.46297073184e-06	0	0	0	0	4.46297073184e-06	4.46297073184e-06	1.33889121955e-05	0	0	0	0	0	0	0	0	0	4.46297073184e-06	0.000214222595128	4.01667365865e-05	0.00106218703418	0.000156203975614	0.000276704185374	0.000562334312212	4.46297073184e-06	4.46297073184e-06	4.46297073184e-06	0	0	0	0	0
0.000343648746352	3.57037658547e-05	7.58705024412e-05	0	2.6777824391e-05	0	0.000111574268296	0.000981853561004	8.03334731731e-05	0.011300241893	4.46297073184e-05	0	0.000879205234172	0	9.81853561004e-05	0.000299019039033	0.000490926780502	1.33889121955e-05	0	0	2.6777824391e-05	0.000370426570743	0.00202618871225	0.000379352512206	0.00516812010747	0	4.46297073184e-06	0.000111574268296	0.00173609561468	0.000517704604893	0.00126302071711	0	0	0.000272241214642	0.000490926780502	5.35556487821e-05	8.92594146368e-06	0	0	3.12407951229e-05	0	2.6777824391e-05	0.00016959288781	2.23148536592e-05	0.00172716967322	2.23148536592e-05	0	1.78518829274e-05	0	2.23148536592e-05	1.33889121955e-05	0.000174055858542	1.78518829274e-05	0	4.46297073184e-06	1.78518829274e-05	4.90926780502e-05	0.000459685985379	5.35556487821e-05	0.00101755732686	0	4.46297073184e-06	4.46297073184e-06	0.00031687092196	5.80186195139e-05	0.000156203975614	0	0	1.33889121955e-05	6.24815902457e-05	0.000227611507324	8.03334731731e-05	0.000258852302447	8.92594146368e-05	0.000227611507324	0	0	4.46297073184e-05	2.23148536592e-05	4.46297073184e-05	1.78518829274e-05	1.78518829274e-05	0	0
0.00143707657565	0	1.78518829274e-05	0	0.00178518829274	0	0.00950612765881	0.00851534815635	0.00515026822454	4.46297073184e-05	0.0314237769229	4.46297073184e-06	0.00387385859524	0	0.000794408790267	2.23148536592e-05	4.46297073184e-06	8.92594146368e-06	0	4.46297073184e-06	0.00492265671722	2.23148536592e-05	8.92594146368e-06	2.6777824391e-05	0.00116483536101	0	8.92594146368e-06	0	0.00607410316603	0.000321333892692	0.000330259834156	0	0	0.000107111297564	0.000182981800005	0	0	0	0	0	0	0	0	0	4.46297073184e-06	0	0	8.92594146368e-06	0	0	0	0	0	0	0	0	0	0	0	4.46297073184e-06	0	0	0	0	0	0	0	0	0	4.46297073184e-06	5.80186195139e-05	8.92594146368e-06	0.000107111297564	1.33889121955e-05	2.6777824391e-05	4.46297073184e-06	0	0	0	4.46297073184e-06	0	0	0	0
3.12407951229e-05	0.000241000419519	0.000254389331715	0	0	4.46297073184e-06	6.69445609776e-05	8.92594146368e-06	5.35556487821e-05	0	4.46297073184e-06	0.0290673283765	0	0.00695777137094	7.14075317094e-05	8.92594146368e-06	2.6777824391e-05	0.000624815902457	0.00145492845858	0.00534663893674	0	7.58705024412e-05	2.23148536592e-05	0.000249926360983	0	0.00232967072202	0.00883221907831	0.00154865084395	1.78518829274e-05	0.000241000419519	8.03334731731e-05	0.000517704604893	4.46297073184e-06	3.57037658547e-05	0.00611873287335	0	0.000245463390251	8.92594146368e-06	0	0	0	0	0	4.46297073184e-06	0	0	0.000276704185374	0	0.00031687092196	4.46297073184e-06	0	4.46297073184e-06	1.33889121955e-05	6.24815902457e-05	4.01667365865e-05	0	0	0	0	0	0.00065605669758	0.000138352092687	0.000223148536592	0	0	0	8.92594146368e-06	0	0	4.90926780502e-05	0.000307944980497	0.00303482009765	0.00459239688306	0.000473074897575	8.92594146368e-06	5.80186195139e-05	0.000718538287826	2.23148536592e-05	0.000138352092687	6.24815902457e-05	8.92594146368e-06	0	4.46297073184e-06	3.57037658547e-05
0.000647130756117	0	0	0	0.00162898431712	4.46297073184e-06	0.00905090464417	0.00204850356591	0.000932760882954	0.000879205234172	0.00387385859524	0	0.0255683593227	0	0.00031687092196	0.00147278034151	0	0	0	0	0.00950166468808	1.33889121955e-05	1.33889121955e-05	4.46297073184e-06	0.000834575526854	0	4.46297073184e-06	4.46297073184e-06	0.0013031874537	0.000303482009765	0.000124963180491	0	4.46297073184e-06	9.81853561004e-05	0.000147278034151	0	0	0	0	4.46297073184e-06	0	0	4.46297073184e-06	0	5.35556487821e-05	4.46297073184e-06	0	0.000178518829274	0	0	0	8.92594146368e-06	0	0	0	8.92594146368e-06	0	1.33889121955e-05	0	5.35556487821e-05	0	0	0	1.33889121955e-05	0	4.46297073184e-06	0	0	0	0	4.90926780502e-05	4.46297073184e-06	9.81853561004e-05	1.78518829274e-05	0.000584649165871	0	4.46297073184e-06	0	0	0	0	0	0	0
2.23148536592e-05	8.92594146368e-05	4.90926780502e-05	0	0	0	8.92594146368e-06	2.23148536592e-05	8.92594146368e-06	0	0	0.00695777137094	0	0.0155579159712	4.46297073184e-06	2.23148536592e-05	0	6.69445609776e-05	5.80186195139e-05	0.00048646380977	0	1.78518829274e-05	2.23148536592e-05	4.46297073184e-05	8.92594146368e-06	0.00292324582935	0.00485124918551	0.00262422679032	1.33889121955e-05	2.23148536592e-05	1.33889121955e-05	0.00112466862442	0	2.23148536592e-05	0.000638204814653	0	7.14075317094e-05	4.46297073184e-06	0	0	0	4.46297073184e-06	0	0	0	0	0.00012050020976	0	0.000285630126838	0	0	0	0	2.6777824391e-05	1.78518829274e-05	0	0	4.46297073184e-06	0	0	0.000312407951229	6.24815902457e-05	0.000107111297564	0	0	0	0	0	0	1.78518829274e-05	0.000410593307329	0.00140583578053	0.00127194665857	0.000687297492703	2.6777824391e-05	8.03334731731e-05	0.000553408370748	4.01667365865e-05	0.000160666946346	0.000102648326832	2.6777824391e-05	0	4.46297073184e-06	5.35556487821e-05
0.00742638329778	8.92594146368e-06	4.46297073184e-05	0	0.000102648326832	0.000263315273178	0.00432461863915	0.00274026402935	0.0156739532102	9.81853561004e-05	0.000794408790267	7.14075317094e-05	0.00031687092196	4.46297073184e-06	0.0309016093472	0.000232074478056	2.6777824391e-05	2.6777824391e-05	0	2.23148536592e-05	0.000174055858542	0.00012050020976	3.12407951229e-05	8.92594146368e-05	0.000321333892692	4.46297073184e-06	3.12407951229e-05	3.12407951229e-05	0.000553408370748	0.00993457284907	0.000905983058563	0	0.000397204395134	0.000731927200021	0.0030839127757	0	4.46297073184e-06	0	0	0	0	0	0	0	3.12407951229e-05	4.46297073184e-06	0	0	0	0	0	4.46297073184e-06	4.46297073184e-06	0	0	4.46297073184e-06	0	0	4.46297073184e-06	2.23148536592e-05	4.46297073184e-06	0	0	0	0	0	0	0	0	4.46297073184e-06	0.000307944980497	8.92594146368e-05	0.00130765042443	0.000196370712201	0.000227611507324	0.000290093097569	0	0	4.46297073184e-06	0	4.46297073184e-06	0	0	0
0.000258852302447	0	9.81853561004e-05	0	4.46297073184e-06	0.000834575526854	0.0038827845367	0.000142815063419	0.000352574687815	0.000299019039033	2.23148536592e-05	8.92594146368e-06	0.00147278034151	2.23148536592e-05	0.000232074478056	0.00995688770273	4.01667365865e-05	4.01667365865e-05	0	1.78518829274e-05	4.46297073184e-06	0.000116037239028	3.57037658547e-05	0.000209759624396	6.24815902457e-05	4.46297073184e-06	4.90926780502e-05	5.35556487821e-05	0.000133889121955	0.000330259834156	0.000174055858542	0	5.35556487821e-05	0.000129426151223	0.000566797282943	0	0	8.92594146368e-06	0	0	0	0	0	0	0	0	4.46297073184e-06	0	0	0	4.46297073184e-06	0	4.46297073184e-06	0	4.46297073184e-06	0	0	0	1.33889121955e-05	8.92594146368e-06	0	0	0	0	0	4.46297073184e-06	0	0	0	1.33889121955e-05	0.000879205234172	0.000138352092687	0.000865816321977	0.000691760463435	0.0035748395562	5.80186195139e-05	0	6.69445609776e-05	1.78518829274e-05	2.6777824391e-05	3.12407951229e-05	0	4.46297073184e-06	4.46297073184e-06
0.000138352092687	0.00016959288781	0.00108896485857	0	4.46297073184e-06	0	2.23148536592e-05	0.000258852302447	3.12407951229e-05	0.000490926780502	4.46297073184e-06	2.6777824391e-05	0	0	2.6777824391e-05	4.01667365865e-05	0.0188649772835	7.58705024412e-05	4.46297073184e-06	3.12407951229e-05	0	0.00393187721475	0.00419519248793	0.00877866342953	0.00562780609285	0	8.47964439049e-05	0.00386493265377	0.00318656110253	0.000361500629279	0.00120053912686	0	0	0.000200833682933	0.00122731695126	4.46297073184e-06	2.6777824391e-05	8.92594146368e-06	0	4.46297073184e-06	0	0	8.92594146368e-06	0	8.92594146368e-05	0	0	0	0	0	0	0.000223148536592	0	0	0	0	1.33889121955e-05	0.000254389331715	4.46297073184e-05	8.47964439049e-05	0	0	1.78518829274e-05	4.90926780502e-05	0	3.12407951229e-05	0	0	0	8.92594146368e-06	0.000772093936608	0.000392741424402	0.000950612765881	0.000352574687815	5.80186195139e-05	1.78518829274e-05	1.33889121955e-05	1.78518829274e-05	2.23148536592e-05	4.46297073184e-06	0	0	0	0
4.46297073184e-05	0.000696223434167	0.00453437826355	0	0	0	1.33889121955e-05	6.69445609776e-05	1.78518829274e-05	1.33889121955e-05	8.92594146368e-06	0.000624815902457	0	6.69445609776e-05	2.6777824391e-05	4.01667365865e-05	7.58705024412e-05	0.0193157373274	7.14075317094e-05	0.00445850776111	0	0.000839038497586	0.00016959288781	0.00484232324404	3.57037658547e-05	8.03334731731e-05	0.00722108664411	0.00257067114154	0.000102648326832	0.000142815063419	0.000423982219525	0	4.46297073184e-06	5.80186195139e-05	0.00361946926352	0	0.000182981800005	4.46297073184e-06	0	0	0	0	0	0	8.92594146368e-06	0	3.12407951229e-05	0	3.57037658547e-05	0	0	0	1.78518829274e-05	4.46297073184e-06	2.23148536592e-05	0	0	3.12407951229e-05	1.33889121955e-05	4.46297073184e-06	8.47964439049e-05	4.90926780502e-05	0.000116037239028	0	0	0	0	0	0	2.23148536592e-05	0.000901520087831	0.00113805753662	0.00233413369275	0.000678371551239	4.46297073184e-05	1.33889121955e-05	2.6777824391e-05	1.78518829274e-05	4.01667365865e-05	1.33889121955e-05	8.92594146368e-06	0	0	0
0	8.92594146368e-06	2.23148536592e-05	0	0	0	4.46297073184e-06	0	0	0	0	0.00145492845858	0	5.80186195139e-05	0	0	4.46297073184e-06	7.14075317094e-05	0.0044852855855	0.00329813537083	0	0	0	2.23148536592e-05	0	5.35556487821e-05	0.00147278034151	9.81853561004e-05	0	4.46297073184e-06	0	0	0	0	0.000258852302447	0	1.78518829274e-05	0	0	0	0	0	0	0	0	0	8.92594146368e-06	0	0	0	0	0	0	4.46297073184e-06	0	0	0	0	0	0	3.12407951229e-05	1.33889121955e-05	4.46297073184e-06	0	0	0	0	0	0	0	1.33889121955e-05	7.14075317094e-05	0.000200833682933	2.6777824391e-05	0	4.46297073184e-06	0	4.46297073184e-06	2.23148536592e-05	4.46297073184e-06	0	0	0	8.92594146368e-06
3.12407951229e-05	0.000357037658547	0.000812260673195	0	0	0	4.46297073184e-06	2.23148536592e-05	1.33889121955e-05	0	4.46297073184e-06	0.00534663893674	0	0.00048646380977	2.23148536592e-05	1.78518829274e-05	3.12407951229e-05	0.00445850776111	0.00329813537083	0.0221809645372	0	0.000133889121955	3.57037658547e-05	0.000642667785385	2.23148536592e-05	0.000406130336597	0.0106441851954	0.00203065168299	3.12407951229e-05	9.81853561004e-05	8.92594146368e-05	3.57037658547e-05	4.46297073184e-06	2.23148536592e-05	0.00469950818063	0	0.000227611507324	4.46297073184e-06	0	0	0	0	0	0	0	0	8.47964439049e-05	0	6.69445609776e-05	0	0	4.46297073184e-06	0	8.92594146368e-06	2.6777824391e-05	0	0	4.46297073184e-06	0	0	0.000214222595128	8.47964439049e-05	0.000124963180491	0	0	0	0	0	0	2.6777824391e-05	0.000455223014647	0.00110235377076	0.00232074478056	0.000535556487821	8.92594146368e-06	1.33889121955e-05	3.12407951229e-05	1.78518829274e-05	9.37223853686e-05	5.35556487821e-05	1.78518829274e-05	0	0	8.92594146368e-06
0.000504315692698	0	0	0	0.00590004730749	0	0.00231628180982	0.00244124499032	0.000468611926843	2.6777824391e-05	0.00492265671722	0	0.00950166468808	0	0.000174055858542	4.46297073184e-06	0	0	0	0	0.0199851829372	0	0	4.46297073184e-06	0.00269563432203	0	0	4.46297073184e-06	0.00399882177573	0.00012050020976	8.03334731731e-05	0	0	4.46297073184e-05	6.24815902457e-05	0	0	0	0	8.92594146368e-06	0	0	0	0	8.92594146368e-06	4.46297073184e-06	0	5.80186195139e-05	0	0	0	0	0	0	0	0	0	0	0	1.78518829274e-05	0	0	0	0	0	0	0	0	0	0	1.33889121955e-05	0	4.01667365865e-05	4.46297073184e-06	0	0	0	0	0	0	0	0	0	0
0.000406130336597	0.000174055858542	0.00203511465372	0	1.78518829274e-05	0	4.90926780502e-05	0.000781019878072	8.92594146368e-05	0.000370426570743	2.23148536592e-05	7.58705024412e-05	1.33889121955e-05	1.78518829274e-05	0.00012050020976	0.000116037239028	0.00393187721475	0.000839038497586	0	0.000133889121955	0	0.0353511911669	0.00128533557077	0.0164415841761	0.00184766988298	0	0.000365963600011	0.00124963180491	0.00624815902457	0.00110235377076	0.0111038711808	0	0	0.000620352931725	0.00488695295136	0	4.01667365865e-05	8.92594146368e-06	0	0	0	0	4.46297073184e-06	0	8.92594146368e-05	0	0	0	0	0	0	2.6777824391e-05	0	0	0	0	8.92594146368e-06	0.00012050020976	1.33889121955e-05	5.35556487821e-05	0	4.46297073184e-06	2.23148536592e-05	2.23148536592e-05	0	8.92594146368e-06	0	0	0	1.33889121955e-05	0.001597743522	0.000865816321977	0.00255728222934	0.000968464648809	0.000129426151223	1.33889121955e-05	4.46297073184e-06	4.46297073184e-05	2.6777824391e-05	1.33889121955e-05	4.46297073184e-06	4.46297073184e-06	4.46297073184e-06	0
0.00016959288781	0.00161113243419	0.00173609561468	0	4.46297073184e-06	0	2.23148536592e-05	0.000321333892692	3.12407951229e-05	0.00202618871225	8.92594146368e-06	2.23148536592e-05	1.33889121955e-05	2.23148536592e-05	3.12407951229e-05	3.57037658547e-05	0.00419519248793	0.00016959288781	0	3.57037658547e-05	0	0.00128533557077	0.0153838601126	0.00327582051717	0.00348558014157	4.46297073184e-06	0.000209759624396	0.00489587889283	0.00163344728785	0.000325796863424	0.0012050020976	0	0	0.000200833682933	0.00113359456589	1.33889121955e-05	0.000446297073184	0.000133889121955	0	1.78518829274e-05	0	4.46297073184e-06	4.46297073184e-05	4.46297073184e-06	0.000232074478056	0	8.92594146368e-06	0	4.46297073184e-06	8.92594146368e-06	0	0.00031687092196	2.6777824391e-05	4.46297073184e-06	1.33889121955e-05	4.46297073184e-06	8.92594146368e-05	0.00183428097079	0.000299019039033	0.000200833682933	1.33889121955e-05	2.23148536592e-05	0.000365963600011	0.000200833682933	1.78518829274e-05	8.47964439049e-05	0	0	4.46297073184e-06	7.14075317094e-05	0.000803334731731	0.000548945400016	0.00092383494149	0.00033918577562	5.35556487821e-05	1.78518829274e-05	4.46297073184e-06	0.000124963180491	0.000178518829274	8.47964439049e-05	4.01667365865e-05	8.92594146368e-06	0	0
0.000379352512206	0.000959538707345	0.0130452634492	0	8.92594146368e-06	0	4.90926780502e-05	0.000647130756117	8.03334731731e-05	0.000379352512206	2.6777824391e-05	0.000249926360983	4.46297073184e-06	4.46297073184e-05	8.92594146368e-05	0.000209759624396	0.00877866342953	0.00484232324404	2.23148536592e-05	0.000642667785385	4.46297073184e-06	0.0164415841761	0.00327582051717	0.0527612399918	0.00214668892201	2.23148536592e-05	0.00165129917078	0.0086492372783	0.00359269143913	0.00101309435613	0.00542250943918	0	0	0.00048646380977	0.00604732534164	4.46297073184e-06	0.000232074478056	3.12407951229e-05	0	4.46297073184e-06	0	0	8.92594146368e-06	0	7.58705024412e-05	0	4.46297073184e-06	0	1.78518829274e-05	0	0	8.92594146368e-05	3.12407951229e-05	4.46297073184e-06	1.78518829274e-05	0	2.23148536592e-05	0.000370426570743	7.58705024412e-05	5.80186195139e-05	3.12407951229e-05	2.23148536592e-05	0.000142815063419	1.78518829274e-05	4.46297073184e-06	1.78518829274e-05	0	0	0	4.90926780502e-05	0.0038693956245	0.00273580105862	0.0053689537904	0.00230735586836	0.000294556068301	7.14075317094e-05	4.01667365865e-05	8.47964439049e-05	8.47964439049e-05	4.01667365865e-05	1.78518829274e-05	4.46297073184e-06	0	0
0.00139690983907	7.58705024412e-05	0.000281167156106	0	0.00570813956602	0	0.000580186195139	0.00631064061482	0.000566797282943	0.00516812010747	0.00116483536101	0	0.000834575526854	8.92594146368e-06	0.000321333892692	6.24815902457e-05	0.00562780609285	3.57037658547e-05	0	2.23148536592e-05	0.00269563432203	0.00184766988298	0.00348558014157	0.00214668892201	0.0400239215231	0	6.24815902457e-05	0.000397204395134	0.0167718440102	0.00145492845858	0.00395865503914	0	4.46297073184e-06	0.000714075317094	0.00153079896102	2.23148536592e-05	2.23148536592e-05	0	0	4.90926780502e-05	0	8.92594146368e-06	0.000107111297564	8.92594146368e-06	0.000870279292708	8.92594146368e-06	0	1.33889121955e-05	0	1.78518829274e-05	0	8.92594146368e-05	8.92594146368e-06	0	0	4.46297073184e-05	8.92594146368e-06	0.000321333892692	3.57037658547e-05	0.000749779082949	0	0	4.46297073184e-06	0.000245463390251	1.78518829274e-05	8.03334731731e-05	0	0	4.46297073184e-06	2.6777824391e-05	0.000647130756117	0.000209759624396	0.000740853141485	0.000236537448787	7.14075317094e-05	1.33889121955e-05	4.46297073184e-06	3.12407951229e-05	1.33889121955e-05	2.23148536592e-05	4.46297073184e-06	1.33889121955e-05	0	0
0	0.000299019039033	3.12407951229e-05	0	0	0	0	0	0	0	0	0.00232967072202	0	0.00292324582935	4.46297073184e-06	4.46297073184e-06	0	8.03334731731e-05	5.35556487821e-05	0.000406130336597	0	0	4.46297073184e-06	2.23148536592e-05	0	0.00842608874171	0.00209313327323	0.00176733640981	0	1.78518829274e-05	0	4.90926780502e-05	0	0	0.000325796863424	0	0.000553408370748	8.92594146368e-06	0	0	0	4.46297073184e-06	0	0	0	0	0.000352574687815	0	0.00038827845367	0	0	0	8.92594146368e-06	6.69445609776e-05	4.01667365865e-05	0	0	0	4.46297073184e-06	0	0.00112913159515	0.000178518829274	0.000330259834156	0	0	0	4.46297073184e-06	0	0	5.35556487821e-05	2.23148536592e-05	0.00100416841466	0.000446297073184	4.01667365865e-05	0	0	0.00031687092196	8.92594146368e-06	0.000223148536592	0.000102648326832	4.46297073184e-06	0	4.46297073184e-06	4.46297073184e-05
4.90926780502e-05	0.00273580105862	0.00725232743924	0	0	0	2.23148536592e-05	5.35556487821e-05	2.23148536592e-05	4.46297073184e-06	8.92594146368e-06	0.00883221907831	4.46297073184e-06	0.00485124918551	3.12407951229e-05	4.90926780502e-05	8.47964439049e-05	0.00722108664411	0.00147278034151	0.0106441851954	0	0.000365963600011	0.000209759624396	0.00165129917078	6.24815902457e-05	0.00209313327323	0.0578891933627	0.0185838101274	9.81853561004e-05	0.000151741004882	0.000290093097569	0.00111127971223	0	5.80186195139e-05	0.00488695295136	0	0.00122731695126	1.33889121955e-05	0	0	0	0	0	0	4.46297073184e-06	0	0.000370426570743	0	0.000299019039033	0	0	0	6.24815902457e-05	8.47964439049e-05	0.000116037239028	0	0	4.46297073184e-05	3.57037658547e-05	4.46297073184e-06	0.00104879812198	0.000450760043916	0.000745316112217	0	0	0	0	0	0	7.14075317094e-05	0.00107557594637	0.00292770880009	0.00414163683915	0.00103094623905	5.80186195139e-05	2.6777824391e-05	9.81853561004e-05	3.57037658547e-05	0.000321333892692	0.000151741004882	4.90926780502e-05	0	8.92594146368e-06	2.23148536592e-05
6.24815902457e-05	0.00712736425875	0.013830746298	0	8.92594146368e-06	4.46297073184e-06	1.78518829274e-05	8.47964439049e-05	2.6777824391e-05	0.000111574268296	0	0.00154865084395	4.46297073184e-06	0.00262422679032	3.12407951229e-05	5.35556487821e-05	0.00386493265377	0.00257067114154	9.81853561004e-05	0.00203065168299	4.46297073184e-06	0.00124963180491	0.00489587889283	0.0086492372783	0.000397204395134	0.00176733640981	0.0185838101274	0.0581123418993	0.000406130336597	0.000200833682933	0.00065605669758	0.000303482009765	0	0.000107111297564	0.00303482009765	4.46297073184e-06	0.0013879838976	0.000116037239028	0	4.46297073184e-06	0	0	0	0	1.33889121955e-05	0	0.000178518829274	0	9.81853561004e-05	0	4.46297073184e-06	0.000102648326832	9.37223853686e-05	4.01667365865e-05	0.000102648326832	0	1.33889121955e-05	0.000441834102452	8.47964439049e-05	2.23148536592e-05	0.000415056278061	0.000348111717083	0.000642667785385	1.78518829274e-05	4.46297073184e-06	4.46297073184e-06	4.46297073184e-06	0	0	9.81853561004e-05	0.00190122553176	0.00251265252202	0.00330706131229	0.00124070586345	0.000102648326832	5.80186195139e-05	4.01667365865e-05	0.000102648326832	0.00033918577562	0.000151741004882	5.80186195139e-05	0	4.46297073184e-06	8.92594146368e-06
0.00220470754153	4.01667365865e-05	0.00055787134148	0	0.00556978747333	0	0.00149509519517	0.0167807699517	0.00101755732686	0.00173609561468	0.00607410316603	1.78518829274e-05	0.0013031874537	1.33889121955e-05	0.000553408370748	0.000133889121955	0.00318656110253	0.000102648326832	0	3.12407951229e-05	0.00399882177573	0.00624815902457	0.00163344728785	0.00359269143913	0.0167718440102	0	9.81853561004e-05	0.000406130336597	0.0506681067186	0.00229396695616	0.00940794230271	0	0	0.00111127971223	0.00258852302447	2.23148536592e-05	0	4.46297073184e-06	0	3.12407951229e-05	0	4.46297073184e-06	5.35556487821e-05	4.46297073184e-06	0.000678371551239	1.33889121955e-05	4.46297073184e-06	0	0	4.46297073184e-06	0	5.35556487821e-05	4.46297073184e-06	0	0	3.57037658547e-05	1.33889121955e-05	0.000214222595128	3.57037658547e-05	0.000464148956111	0	0	0	0.000138352092687	2.23148536592e-05	4.90926780502e-05	0	0	4.46297073184e-06	2.6777824391e-05	0.00105326109271	0.000432908160988	0.00142815063419	0.000504315692698	0.000129426151223	8.92594146368e-06	4.46297073184e-06	3.57037658547e-05	1.33889121955e-05	1.78518829274e-05	1.33889121955e-05	1.33889121955e-05	0	0
0.0104433515125	4.46297073184e-06	0.000281167156106	0	6.24815902457e-05	0.000415056278061	0.0034900431123	0.0039675809806	0.00593128810261	0.000517704604893	0.000321333892692	0.000241000419519	0.000303482009765	2.23148536592e-05	0.00993457284907	0.000330259834156	0.000361500629279	0.000142815063419	4.46297073184e-06	9.81853561004e-05	0.00012050020976	0.00110235377076	0.000325796863424	0.00101309435613	0.00145492845858	1.78518829274e-05	0.000151741004882	0.000200833682933	0.00229396695616	0.0403184775914	0.00909107138075	4.46297073184e-06	0.000660519668312	0.00809582890755	0.0107870002589	0	8.92594146368e-06	0	0	4.46297073184e-06	0	4.46297073184e-06	1.33889121955e-05	4.46297073184e-06	0.000205296653665	4.46297073184e-06	0	4.46297073184e-06	0	0	0	3.57037658547e-05	4.46297073184e-06	0	0	8.92594146368e-06	1.33889121955e-05	5.80186195139e-05	1.33889121955e-05	0.000129426151223	4.46297073184e-06	0	0	4.01667365865e-05	0	0	0	0	4.46297073184e-06	8.92594146368e-06	0.00203065168299	0.00043737113172	0.0045700820294	0.000932760882954	0.000571260253675	0.000540019458552	1.78518829274e-05	2.6777824391e-05	2.6777824391e-05	8.92594146368e-06	2.23148536592e-05	0	0	0
0.00537787973186	0.000107111297564	0.00121839100979	0	0.000111574268296	0	0.000397204395134	0.0106084814296	0.000745316112217	0.00126302071711	0.000330259834156	8.03334731731e-05	0.000124963180491	1.33889121955e-05	0.000905983058563	0.000174055858542	0.00120053912686	0.000423982219525	0	8.92594146368e-05	8.03334731731e-05	0.0111038711808	0.0012050020976	0.00542250943918	0.00395865503914	0	0.000290093097569	0.00065605669758	0.00940794230271	0.00909107138075	0.0429873340891	0	4.46297073184e-06	0.00311069060009	0.00740406844412	2.23148536592e-05	2.6777824391e-05	1.33889121955e-05	0	0	0	4.46297073184e-06	4.90926780502e-05	0	0.000450760043916	4.46297073184e-06	4.46297073184e-06	0	0	4.46297073184e-06	4.46297073184e-06	6.69445609776e-05	4.46297073184e-06	0	0	4.46297073184e-06	1.78518829274e-05	0.000178518829274	2.23148536592e-05	0.000303482009765	4.46297073184e-06	0	8.92594146368e-06	6.69445609776e-05	4.46297073184e-06	4.90926780502e-05	0	0	4.46297073184e-06	8.92594146368e-06	0.00244570796105	0.000807797702463	0.00330259834156	0.00112913159515	0.000223148536592	4.01667365865e-05	4.46297073184e-06	5.80186195139e-05	3.57037658547e-05	1.78518829274e-05	8.92594146368e-06	4.46297073184e-06	0	0
0	4.46297073184e-06	0	0	0	0	0	0	0	0	0	0.000517704604893	0	0.00112466862442	0	0	0	0	0	3.57037658547e-05	0	0	0	0	0	4.90926780502e-05	0.00111127971223	0.000303482009765	0	4.46297073184e-06	0	0.00146831737077	0	0	1.78518829274e-05	0	4.46297073184e-06	0	0	0	0	0	0	0	0	0	0	0	4.46297073184e-06	0	0	0	0	0	4.46297073184e-06	0	0	0	0	0	4.46297073184e-06	0	4.46297073184e-06	0	0	0	0	0	0	0	4.46297073184e-06	4.46297073184e-05	3.12407951229e-05	4.46297073184e-06	0	4.46297073184e-06	4.46297073184e-06	0	0	0	0	0	0	0
4.46297073184e-06	0	0	0	0	0.00203957762445	0.00112913159515	4.46297073184e-06	0.00135228013175	0	0	4.46297073184e-06	4.46297073184e-06	0	0.000397204395134	5.35556487821e-05	0	4.46297073184e-06	0	4.46297073184e-06	0	0	0	0	4.46297073184e-06	0	0	0	0	0.000660519668312	4.46297073184e-06	0	0.00373550650255	8.92594146368e-06	0.000642667785385	0	0	0	0	0	0	0	0	0	0	0	0	0	0	0	0	0	0	0	0	0	0	0	0	0	0	0	0	0	0	0	0	0	0	0	4.46297073184e-06	0	8.03334731731e-05	4.46297073184e-06	7.58705024412e-05	0.000468611926843	0	0	0	0	0	0	0	0
0.00287861612204	4.46297073184e-06	0.000151741004882	0	8.92594146368e-06	8.92594146368e-06	0.000406130336597	0.00147278034151	0.000517704604893	0.000272241214642	0.000107111297564	3.57037658547e-05	9.81853561004e-05	2.23148536592e-05	0.000731927200021	0.000129426151223	0.000200833682933	5.80186195139e-05	0	2.23148536592e-05	4.46297073184e-05	0.000620352931725	0.000200833682933	0.00048646380977	0.000714075317094	0	5.80186195139e-05	0.000107111297564	0.00111127971223	0.00809582890755	0.00311069060009	0	8.92594146368e-06	0.0105593887515	0.00520828684405	4.46297073184e-06	0	0	0	0	0	4.46297073184e-06	1.33889121955e-05	4.46297073184e-06	0.000133889121955	0	0	4.46297073184e-06	0	0	0	2.23148536592e-05	0	0	0	4.46297073184e-06	4.46297073184e-06	4.01667365865e-05	0	6.24815902457e-05	0	0	0	3.12407951229e-05	0	0	0	0	0	8.92594146368e-06	0.00150402113663	0.000285630126838	0.00232074478056	0.000736390170753	0.000241000419519	5.80186195139e-05	4.46297073184e-06	1.78518829274e-05	4.46297073184e-06	1.33889121955e-05	1.78518829274e-05	0	0	0
0.00303482009765	0.000531093517089	0.003195487044	0	3.57037658547e-05	0.000589112136603	0.00223594833665	0.00216900377567	0.00274918997081	0.000490926780502	0.000182981800005	0.00611873287335	0.000147278034151	0.000638204814653	0.0030839127757	0.000566797282943	0.00122731695126	0.00361946926352	0.000258852302447	0.00469950818063	6.24815902457e-05	0.00488695295136	0.00113359456589	0.00604732534164	0.00153079896102	0.000325796863424	0.00488695295136	0.00303482009765	0.00258852302447	0.0107870002589	0.00740406844412	1.78518829274e-05	0.000642667785385	0.00520828684405	0.0470888041916	8.92594146368e-06	0.000227611507324	2.23148536592e-05	0	4.46297073184e-06	0	8.92594146368e-06	3.12407951229e-05	4.46297073184e-06	0.000209759624396	0	9.37223853686e-05	4.46297073184e-06	6.24815902457e-05	0	0	6.24815902457e-05	1.78518829274e-05	1.33889121955e-05	2.6777824391e-05	4.46297073184e-06	8.92594146368e-06	0.000165129917078	3.57037658547e-05	0.000116037239028	0.000129426151223	5.35556487821e-05	0.000124963180491	4.46297073184e-05	0	2.6777824391e-05	0	0	0	5.80186195139e-05	0.00722554961485	0.00334722804888	0.0221140199763	0.00555193559041	0.00103094623905	0.000852427409781	0.000151741004882	0.000147278034151	0.00012050020976	6.69445609776e-05	7.14075317094e-05	4.46297073184e-06	4.46297073184e-06	2.23148536592e-05
0	0	0	0	0	0	0	8.92594146368e-06	0	5.35556487821e-05	0	0	0	0	0	0	4.46297073184e-06	0	0	0	0	0	1.33889121955e-05	4.46297073184e-06	2.23148536592e-05	0	0	4.46297073184e-06	2.23148536592e-05	0	2.23148536592e-05	0	0	4.46297073184e-06	8.92594146368e-06	0.0138262833272	0	2.6777824391e-05	0	0.000107111297564	1.33889121955e-05	0.00206189247811	0.00319995001473	0.00284291235618	0.000272241214642	0.000598038078066	2.6777824391e-05	0.000673908580508	0	0.00404345148305	0.000200833682933	0.000142815063419	5.80186195139e-05	4.46297073184e-06	4.46297073184e-06	0.000517704604893	0.000200833682933	0.00012050020976	0.000232074478056	0.00120946506833	0	8.92594146368e-06	2.6777824391e-05	0.000763167995144	0.00451206340989	0.00255728222934	0	8.92594146368e-06	0.000696223434167	0.000789945819535	0	0	0	4.46297073184e-06	0	0	0	0.000540019458552	0.000142815063419	0.000504315692698	0.000142815063419	0.000343648746352	9.81853561004e-05	4.46297073184e-06
4.46297073184e-06	0.00339632072693	0.000566797282943	0	0	0	0	4.46297073184e-06	0	8.92594146368e-06	0	0.000245463390251	0	7.14075317094e-05	4.46297073184e-06	0	2.6777824391e-05	0.000182981800005	1.78518829274e-05	0.000227611507324	0	4.01667365865e-05	0.000446297073184	0.000232074478056	2.23148536592e-05	0.000553408370748	0.00122731695126	0.0013879838976	0	8.92594146368e-06	2.6777824391e-05	4.46297073184e-06	0	0	0.000227611507324	0	0.0222300572153	0.00153526193175	0	4.46297073184e-06	0	4.46297073184e-06	2.23148536592e-05	8.92594146368e-06	0.000129426151223	0	0.00147724331224	4.46297073184e-06	0.000919371970759	4.46297073184e-06	8.92594146368e-06	0.000249926360983	0.00116483536101	0.000473074897575	0.00094614979515	0	0.000151741004882	0.0027759677952	0.000905983058563	8.92594146368e-05	0.004976212366	0.00366409897084	0.0103049994198	8.92594146368e-05	2.23148536592e-05	8.92594146368e-05	4.46297073184e-06	0	0	0.00110235377076	0.000133889121955	0.000553408370748	0.000276704185374	5.35556487821e-05	0	0	0	0.000664982639044	0.00263761570252	0.0014995581659	0.000526630546357	3.12407951229e-05	3.12407951229e-05	4.90926780502e-05
0	0.000241000419519	6.69445609776e-05	0	0	0	0	0	0	0	0	8.92594146368e-06	0	4.46297073184e-06	0	8.92594146368e-06	8.92594146368e-06	4.46297073184e-06	0	4.46297073184e-06	0	8.92594146368e-06	0.000133889121955	3.12407951229e-05	0	8.92594146368e-06	1.33889121955e-05	0.000116037239028	4.46297073184e-06	0	1.33889121955e-05	0	0	0	2.23148536592e-05	2.6777824391e-05	0.00153526193175	0.0202261833567	0	0	0	2.6777824391e-05	6.24815902457e-05	2.6777824391e-05	3.12407951229e-05	4.46297073184e-06	0.000276704185374	4.46297073184e-06	2.6777824391e-05	1.78518829274e-05	1.33889121955e-05	0.000468611926843	0.00362839520498	3.57037658547e-05	0.000517704604893	4.46297073184e-06	0.000598038078066	0.000897057117099	0.00525737952211	8.03334731731e-05	6.24815902457e-05	0.00389171047816	0.00655610400507	0.000232074478056	4.46297073184e-05	0.000307944980497	0	0	8.92594146368e-06	0.00186552176591	3.57037658547e-05	3.12407951229e-05	1.78518829274e-05	8.92594146368e-06	0	0	0	0.00128533557077	0.00237876340007	0.00189676256103	0.000941686824418	5.35556487821e-05	6.24815902457e-05	5.80186195139e-05
0	0	0	0	0	0	0	0	0	0	0	0	0	0	0	0	0	0	0	0	0	0	0	0	0	0	0	0	0	0	0	0	0	0	0	0	0	0	0	0	0	0	0	0	0	0	0	0	0	0	0	0	0	0	0	0	0	0	0	0	0	0	0	0	0	0	0	0	0	0	0	0	0	0	0	0	0	0	0	0	0	0	0	0
8.92594146368e-06	4.46297073184e-06	0	0	0.000964001678077	0	0	1.78518829274e-05	0	3.12407951229e-05	0	0	4.46297073184e-06	0	0	0	4.46297073184e-06	0	0	0	8.92594146368e-06	0	1.78518829274e-05	4.46297073184e-06	4.90926780502e-05	0	0	4.46297073184e-06	3.12407951229e-05	4.46297073184e-06	0	0	0	0	4.46297073184e-06	0.000107111297564	4.46297073184e-06	0	0	0.0147902850053	0	0.000383815482938	0.000571260253675	7.14075317094e-05	0.000415056278061	0.00261976381959	8.92594146368e-06	0.00186552176591	0	9.81853561004e-05	4.01667365865e-05	3.12407951229e-05	0	4.46297073184e-06	4.46297073184e-06	0.00804227325877	2.6777824391e-05	4.01667365865e-05	2.6777824391e-05	0.00448082261477	0	0	0	0.00344987637571	6.69445609776e-05	0.000124963180491	0	0	1.33889121955e-05	5.80186195139e-05	8.92594146368e-06	0	0	0	0	0	0	3.57037658547e-05	2.6777824391e-05	3.12407951229e-05	1.78518829274e-05	1.33889121955e-05	0	0
0	0	0	0	0	0	0	0	0	0	0	0	0	0	0	0	0	0	0	0	0	0	0	0	0	0	0	0	0	0	0	0	0	0	0	1.33889121955e-05	0	0	0	0	0.00568582471236	0.00212437406835	4.46297073184e-06	0.00149509519517	4.46297073184e-06	0	1.78518829274e-05	4.46297073184e-06	0	0.000254389331715	0.00117376130247	0	0	0	0	0	0	0	0	0	0	0	4.46297073184e-06	0	0.00012050020976	4.46297073184e-06	0	0.000843501468317	4.46297073184e-06	0.000441834102452	0	0	0	0	0	0	0	0	8.92594146368e-06	7.14075317094e-05	1.33889121955e-05	0.00141922469272	0.00102648326832	4.46297073184e-06
0	0	0	0	1.33889121955e-05	0	0	0	0	2.6777824391e-05	0	0	0	4.46297073184e-06	0	0	0	0	0	0	0	0	4.46297073184e-06	0	8.92594146368e-06	4.46297073184e-06	0	0	4.46297073184e-06	4.46297073184e-06	4.46297073184e-06	0	0	4.46297073184e-06	8.92594146368e-06	0.00206189247811	4.46297073184e-06	2.6777824391e-05	0	0.000383815482938	0.00212437406835	0.0407692376353	0.0020752813903	0.0144064695224	0.000209759624396	0.0107602224345	0.000299019039033	0.0121080395955	1.78518829274e-05	0.00584649165871	0.00350343202449	8.47964439049e-05	4.90926780502e-05	8.92594146368e-06	1.33889121955e-05	0.00300804227326	0.000102648326832	5.80186195139e-05	0.00012050020976	0.00210652218543	8.92594146368e-06	1.33889121955e-05	4.46297073184e-05	0.00109789080003	0.00288307909277	0.000428445190256	0	0.000856890380513	0.000165129917078	0.00220470754153	0	8.92594146368e-06	8.92594146368e-06	8.92594146368e-06	0	0	0	0.000517704604893	0.000160666946346	0.00161113243419	0.000334722804888	0.0032936724001	0.00184766988298	1.33889121955e-05
