0.0281641747532	0	0.0015305484986	0	0	0.00115572029486	0.00162425554954	0.0120673857815	0.0123172712507	0	0.00345674899005	4.16475781933e-05	0.000447711465578	0	0.0163987339136	0	0	0.0018741410187	2.08237890967e-05	8.32951563867e-05	0.0012286035567	0.00242597142976	0	0.00230102869518	0	0	0.00068718504019	0.000895422931157	0.000708008829287	0.00740285702386	0.0102869518138	0	0.000885011036608	0.00163466744409	0.00263420932073	0	0	0	0	0	0	0	0	0	0	0	0	0	0	0	0	0	0	0	0	0	0	0	0	0	0	0	0	0	0	0	0	0	0	0	4.16475781933e-05	0	0.000832951563867	4.16475781933e-05	0	0	0	0	0	0	0	0	0	0
0	0.0358481529299	0	0	0	0	0	0	0	0.00244679521886	0	0	0	3.1235683645e-05	0	0	0.00109324892757	0.000583066094707	0	0	0	0	0.00585148473616	0	0.00476864770314	0.00163466744409	0.00595560368165	0.0285494148515	0	0	0	0	0	0	0	0	0.0182624630378	4.16475781933e-05	0	0	0	0	0	0	4.16475781933e-05	0	0	0	0	0	0	0	0.00012494273458	0.000416475781933	0.000104118945483	0	0	0.00074965640748	0	7.28832618383e-05	0.00132231060764	0.000520594727417	0.0239994169339	0	0	0	0	0	0	3.1235683645e-05	0	0	0	0	1.04118945483e-05	0	0	0	0	6.247136729e-05	2.08237890967e-05	0	0	0
0.0015305484986	0	0.0176273374703	0	0	0	0	0.000333180625547	5.20594727417e-05	0	0	0	0	0	5.20594727417e-05	0	0	0.00452917412852	0	0.000114530840032	0	0.00113489650577	0	0.00974553329724	1.04118945483e-05	0	0.00646578651451	0.00787139227854	3.1235683645e-05	0.000145766523677	0.00100995377119	0	0	0	0.000458123360127	0	0	0	0	0	0	0	0	0	1.04118945483e-05	0	0	0	0	0	0	0	0	0	0	0	0	0	0	1.04118945483e-05	0	0	0.000541418516513	1.04118945483e-05	0	0	0	0	0	0	0.000708008829287	4.16475781933e-05	0.000593477989255	8.32951563867e-05	0	0	0	0	0	0.000218649785515	0.000239473574612	0	0	0
0	0	0	0	0	0	0	0	0	0	0	0	0	0	0	0	0	0	0	0	0	0	0	0	0	0	0	0	0	0	0	0	0	0	0	0	0	0	0	0	0	0	0	0	0	0	0	0	0	0	0	0	0	0	0	0	0	0	0	0	0	0	0	0	0	0	0	0	0	0	0	0	0	0	0	0	0	0	0	0	0	0	0	0
0	0	0	0	0.0209383199367	0.000135354629128	0.00385240098288	0.000239473574612	0.000333180625547	0.00324851109908	0.00136395818583	1.04118945483e-05	0.00665320061638	1.04118945483e-05	0.00018741410187	0.000218649785515	0	0	0	0	0.0105888967557	0	0	0	0.00236350006247	0	1.04118945483e-05	0	0.0087251676315	5.20594727417e-05	0	0	0.000333180625547	2.08237890967e-05	0.000333180625547	1.04118945483e-05	0	0	0	0.00818374911499	0	0.000156178418225	0.000208237890967	1.04118945483e-05	0.00224896922244	0.000551830411062	7.28832618383e-05	0.00203031943692	5.20594727417e-05	0	0	0	0	2.08237890967e-05	4.16475781933e-05	0.00824622048228	0	0	0	0.00341510141185	0	0	0	0.000583066094707	0.00031235683645	0	0	0	0	0.00119736787306	0.000541418516513	0	0.00111407271667	0.000916246720253	0.000520594727417	2.08237890967e-05	0	0.000301944941902	5.20594727417e-05	0.000728832618383	0.00018741410187	3.1235683645e-05	0	0
0.00115572029486	0	0	0	0.000135354629128	0.017773103994	0.0112864936904	0.00332139436092	0.0102453042356	0.000926658614802	0.0034463370955	0.000478947149223	0.00102036566574	0	0.00263420932073	0.00336304193911	0	0	0	0	0.00081212777477	0	0	0	0.000635125567448	0	0	0	0.00149931281496	7.28832618383e-05	0	0	0.0096726500354	5.20594727417e-05	0.000926658614802	0	0	0	0	7.28832618383e-05	0	1.04118945483e-05	0	0	0.000603889883803	0	0	0.000468535254675	0	0	0	0	0	0	0	4.16475781933e-05	5.20594727417e-05	0	2.08237890967e-05	0.000395651992837	0	0	0	0.000104118945483	0	0	0	0	0	0	0.00270709258257	0	0.00093707050935	0.000864187247512	0.00425846487027	0.00243638332431	0	2.08237890967e-05	0	0	7.28832618383e-05	6.247136729e-05	0	0
0.00162425554954	0	0	0	0.00385240098288	0.0112864936904	0.0364312190246	0.00759027112573	0.0198867185873	0.000572654200158	0.01302528008	0.000905834825705	0.0109533130648	1.04118945483e-05	0.00598683936529	0.00114530840032	0	0	3.1235683645e-05	0	0.00831910374412	0	0	0	1.04118945483e-05	0	0.000916246720253	0	0.00346716088459	0.000791303985673	0	0	0.00998500687185	0.000145766523677	0.00243638332431	0	0	0	0	0.00037482820374	0	3.1235683645e-05	0	0	0.000572654200158	0	0	0.000291533047353	0	0	0	0	0	0	0	0.000166590312773	0	0	1.04118945483e-05	0.00049977093832	0	0	0	0.000218649785515	0	0	0	0	0	0	0.00164507933864	2.08237890967e-05	0.0025196784807	0.00139519386948	0.00160343176044	0.00216567406605	0	0	0	0	1.04118945483e-05	0	0	0
0.0120673857815	0	0.000333180625547	0	0.000239473574612	0.00332139436092	0.00759027112573	0.0837428678522	0.0123380950398	0.0034255133064	0.0188871767107	0.000697596934738	0.000291533047353	0	0.0119736787306	0.000364416309192	0	0.00115572029486	0.00049977093832	0.000145766523677	0.00164507933864	0.00796509932947	0	0.00612219399442	0.00230102869518	0	0.000801715880222	0.00037482820374	0.028768064637	0.0119736787306	0.014545416684	0	0.0018741410187	0.0122131523052	0.0113073174795	0	0	0	0	0.00403981508475	0	4.16475781933e-05	0.00031235683645	0	0.00442505518304	0	0	0.000739244512932	0	0	0	0	0	0	0	0.000853775352963	0.000114530840032	0	0.000197825996418	0.0050185331723	0	0	9.3707050935e-05	0.00416475781933	0	0	0	0	0	9.3707050935e-05	0.00158260797135	0	0.00929782183166	0.00209279080421	0.000218649785515	3.1235683645e-05	0	2.08237890967e-05	0	0.000218649785515	0.000354004414643	0.00018741410187	0	0
0.0123172712507	0	5.20594727417e-05	0	0.000333180625547	0.0102453042356	0.0198867185873	0.0123380950398	0.0444692016159	0.000239473574612	0.0137437008038	0.00159301986589	0.0024780309025	4.16475781933e-05	0.0231768772646	0.00043729957103	0	0.00167631502228	1.04118945483e-05	7.28832618383e-05	0.00350880846279	0.000905834825705	0	0.000104118945483	0	0	0.000333180625547	5.20594727417e-05	0.0046749406522	0.00559118737245	0.00361292740827	6.247136729e-05	0.0123485069343	0.00232185248428	0.00476864770314	0	0	0	0	0.000218649785515	0	1.04118945483e-05	2.08237890967e-05	0	0.000239473574612	0	0	6.247136729e-05	0	0	0	0	0	0	0	6.247136729e-05	0	0	1.04118945483e-05	0.00024988546916	0	0	0	0.000177002207322	0	0	0	0	0	0	0.00103077756028	4.16475781933e-05	0.00258214984799	0.000531006621965	0.000978718087543	0.00178043396776	0	0	0	0	1.04118945483e-05	0	0	0
0	0.00244679521886	0	0	0.00324851109908	0.000926658614802	0.000572654200158	0.0034255133064	0.000239473574612	0.033932364333	0.000395651992837	0	0.00238432385157	0	0.000177002207322	0.00192620049144	0.000957894298447	0	0	0	0.00210320269876	0	0.00699679313648	0	0.0138374078547	0.000478947149223	0.000322768730998	0.00174919828412	0.0119320311524	0	0	0	0.000676773145642	1.04118945483e-05	5.20594727417e-05	0	9.3707050935e-05	0	0	0.00983924034817	0	0.000239473574612	0.00012494273458	0	0.01970971638	7.28832618383e-05	0	0.00377951772104	0	0	2.08237890967e-05	0	0	1.04118945483e-05	0.000145766523677	0.00361292740827	1.04118945483e-05	0.00136395818583	0	0.0191266502853	0	0.000145766523677	0.00043729957103	0.00930823372621	0	0	0	0	0	0.000166590312773	0.00228020490608	0	0.000270709258257	0.000333180625547	0.00431052434301	0.000104118945483	0	0.00263420932073	0.000229061680063	0.000197825996418	3.1235683645e-05	0.000104118945483	0	0
0.00345674899005	0	0	0	0.00136395818583	0.0034463370955	0.01302528008	0.0188871767107	0.0137437008038	0.000395651992837	0.0356190912498	0.00246761900795	0.00257173795344	0	0.00753821165299	1.04118945483e-05	0	3.1235683645e-05	0.00093707050935	0.000166590312773	0.00602848694348	0	0	1.04118945483e-05	0	0	0.00254050226979	0	0.00651784598726	0.00386281287743	0	0	0.00523718295781	0.00220732164425	0.00470617633585	0	0	0	0	0.0012494273458	0	2.08237890967e-05	0.000104118945483	0	0.00037482820374	8.32951563867e-05	0	0.000156178418225	0	0	0	0	0	0	0	0.000739244512932	6.247136729e-05	0	0.00012494273458	0.000489359043772	0	0	3.1235683645e-05	0.000385240098288	1.04118945483e-05	0	0	0	0	0.000135354629128	0.00104118945483	2.08237890967e-05	0.00391487235017	0.00100995377119	9.3707050935e-05	0.000603889883803	0	0	0	8.32951563867e-05	0.000177002207322	0.000135354629128	0	0
4.16475781933e-05	0	0	0	1.04118945483e-05	0.000478947149223	0.000905834825705	0.000697596934738	0.00159301986589	0	0.00246761900795	0.0298092540919	0.00162425554954	0.00299862562992	0.00586189663071	0	0	0.000104118945483	0.00316521594269	0.00544542084878	0.00337345383366	4.16475781933e-05	0	0.000135354629128	0	0.000989129982092	0.0127441589272	0	7.28832618383e-05	0.0046541168631	1.04118945483e-05	0.00087459914206	0.00446670276123	0.000322768730998	0.0170859189538	0	1.04118945483e-05	0	0	0	0	0	0	0	0	0	6.247136729e-05	0	0.000666361251093	0	0	0	0	0	0	0	0	1.04118945483e-05	0	1.04118945483e-05	0.000135354629128	0	0	0	0	0	0	0	0	0	0.00246761900795	0.0027799758444	0.00668443630003	3.1235683645e-05	1.04118945483e-05	0.000885011036608	0.000208237890967	0	0.000426887676482	0	0	0	0	0.000385240098288
0.000447711465578	0	0	0	0.00665320061638	0.00102036566574	0.0109533130648	0.000291533047353	0.0024780309025	0.00238432385157	0.00257173795344	0.00162425554954	0.0301944941902	1.04118945483e-05	0.0031027445754	0.00164507933864	0	0	0.00018741410187	0	0.0137228770147	0	0	0	0.00174919828412	0	0.00161384365499	0	0.00159301986589	0.00213443838241	0	0	0.00220732164425	0.000104118945483	0.00341510141185	0	0	0	0	0.0006247136729	0	0.00544542084878	0.000708008829287	0.00234267627337	0.00225938111699	0.00533089000875	0.000739244512932	0.00996418308275	0.00109324892757	0.000968306192995	4.16475781933e-05	0	0	0	1.04118945483e-05	0.00470617633585	0	0	1.04118945483e-05	0.00136395818583	0	3.1235683645e-05	0	0.000343592520095	0.0012286035567	0	0	0	0	0.00369622256466	0.00114530840032	0	0.0024988546916	0.0012702511349	0.00184290533505	0.00125983924035	0	0.000395651992837	0.000406063887385	0.00274874016076	0.000166590312773	0.000135354629128	0	2.08237890967e-05
0	3.1235683645e-05	0	0	1.04118945483e-05	0	1.04118945483e-05	0	4.16475781933e-05	0	0	0.00299862562992	1.04118945483e-05	0.0167735621174	4.16475781933e-05	0	0	0	0	0	1.04118945483e-05	0	0	0	0	0.00541418516513	0.0015513722877	0.00159301986589	0	0	0	0.00117654408396	4.16475781933e-05	0	4.16475781933e-05	0	4.16475781933e-05	0	0	0	0	0	0	0	0	0	0.000593477989255	0	0.00669484819458	0	0	0	0	0.000458123360127	0	0	0	1.04118945483e-05	0	1.04118945483e-05	0.00169713881138	0.0031027445754	0.00315480404814	0	0	0	0.00170755070593	0	0	0	0	0.00117654408396	0.000291533047353	0.000270709258257	0	4.16475781933e-05	0.000333180625547	0	0.00309233268085	0	0	0	0	0.00131189871309
0.0163987339136	0	5.20594727417e-05	0	0.00018741410187	0.00263420932073	0.00598683936529	0.0119736787306	0.0231768772646	0.000177002207322	0.00753821165299	0.00586189663071	0.0031027445754	4.16475781933e-05	0.0410228645204	5.20594727417e-05	0	0.00173878638957	9.3707050935e-05	8.32951563867e-05	0.00498729748865	0.00093707050935	0	0.000135354629128	0	0	0.00174919828412	5.20594727417e-05	0.00143684144767	0.0116092624214	0.00438340760485	6.247136729e-05	0.0100683020282	0.00222814543334	0.00933946940985	0	0	0	0	0.000156178418225	0	0	1.04118945483e-05	0	0.000177002207322	0	0	4.16475781933e-05	0	0	0	0	0	0	0	3.1235683645e-05	1.04118945483e-05	0	1.04118945483e-05	0.00018741410187	0	0	0	0.000135354629128	0	0	0	0	0	0	0.000177002207322	6.247136729e-05	0.00238432385157	0.000177002207322	7.28832618383e-05	0.00110366082212	0	0	0	0	1.04118945483e-05	0	0	0
0	0	0	0	0.000218649785515	0.00336304193911	0.00114530840032	0.000364416309192	0.00043729957103	0.00192620049144	1.04118945483e-05	0	0.00164507933864	0	5.20594727417e-05	0.00968306192995	0	0	0	0	2.08237890967e-05	0	0	2.08237890967e-05	0.00211361459331	0	3.1235683645e-05	1.04118945483e-05	0.00205114322602	2.08237890967e-05	0	0	0.00108283703303	0	6.247136729e-05	0	0	0	0	0.000291533047353	0	0	0.00056224230561	0	0.00115572029486	2.08237890967e-05	0	0.000666361251093	0	0	0	0	0	0	0.00012494273458	5.20594727417e-05	7.28832618383e-05	0	4.16475781933e-05	0.00150972470951	0	0.00012494273458	0	0.00160343176044	0	0	0	0	0	0	0.00138478197493	0.00012494273458	4.16475781933e-05	0	0.00550789221607	0	0	0.000510182832868	0.00024988546916	0.00037482820374	0.000114530840032	7.28832618383e-05	0	0
0	0.00109324892757	0	0	0	0	0	0	0	0.000957894298447	0	0	0	0	0	0	0.0254362583816	0	0	0	0	0.00263420932073	0.0203240181583	0.00716338344925	0.00608054641623	0	0	0.00710091208196	0.0021969097497	0	0	0	0	0	0	0	0	0	0	0	0	0	0	0	0.00329015867727	0	0	0	0	0	0	0.0071529715547	1.04118945483e-05	0	2.08237890967e-05	0	0.000635125567448	0.0132335179709	0.00196784806963	0.00646578651451	0	2.08237890967e-05	0.000676773145642	0.00400857940111	0	0	0	0	0	0	0.000905834825705	0.0018949648078	0	0	0	0	0	0.000218649785515	8.32951563867e-05	0	4.16475781933e-05	0	0	0
0.0018741410187	0.000583066094707	0.00452917412852	0	0	0	0	0.00115572029486	0.00167631502228	0	3.1235683645e-05	0.000104118945483	0	0	0.00173878638957	0	0	0.037691058265	0	0.00473741201949	2.08237890967e-05	0.00210320269876	0	0.0136395818583	1.04118945483e-05	0	0.00411269834659	0.00862104868602	0.000406063887385	0.00118695597851	0.00633043188539	0	0	3.1235683645e-05	0.00917287909708	0	0	0	0	0	0	0	0	0	0	0	0	0	0	0	0	0	0.00152013660406	0	0.00534130190329	0	0	0	0	0	0	0.00637207946358	0.000885011036608	0	0	0	0	0	0	0	0.00110366082212	0.000603889883803	0.00307150889176	6.247136729e-05	0	0	0	0	0	0	0	0	0	0
2.08237890967e-05	0	0	0	0	0	3.1235683645e-05	0.00049977093832	1.04118945483e-05	0	0.00093707050935	0.00316521594269	0.00018741410187	0	9.3707050935e-05	0	0	0	0.00365457498646	0.000614301778352	0.000728832618383	1.04118945483e-05	0	6.247136729e-05	0	0	0.00238432385157	0	1.04118945483e-05	0.0012702511349	0	0	0	0.00018741410187	0.00228020490608	0	0	0	0	0	0	0	0	0	0	0	0	0	0	0	0	0	0	0	0	0	0	0	0	0	0	0	0	0	0	0	0	0	0	0	0.00018741410187	2.08237890967e-05	0.0012494273458	2.08237890967e-05	0	0	0	0	0	0	0	0	0	0
8.32951563867e-05	0	0.000114530840032	0	0	0	0	0.000145766523677	7.28832618383e-05	0	0.000166590312773	0.00544542084878	0	0	8.32951563867e-05	0	0	0.00473741201949	0.000614301778352	0.0146599475241	5.20594727417e-05	0.000291533047353	0	0.00190537670234	0	0	0.00691349798009	0.000364416309192	0.000426887676482	0.000104118945483	7.28832618383e-05	0	0	0.00012494273458	0.00801715880222	0	0	0	0	0	0	0	0	0	0	0	0	0	0	0	0	0	0	0	0.00134313439673	0	0	0	0	0	0	0.00152013660406	0	0	0	0	0	0	0	0	0.00298821373537	0.0018533172296	0.00507059264504	0.00012494273458	0	0	0	1.04118945483e-05	1.04118945483e-05	0	0	0	0	0
0.0012286035567	0	0	0	0.0105888967557	0.00081212777477	0.00831910374412	0.00164507933864	0.00350880846279	0.00210320269876	0.00602848694348	0.00337345383366	0.0137228770147	1.04118945483e-05	0.00498729748865	2.08237890967e-05	0	2.08237890967e-05	0.000728832618383	5.20594727417e-05	0.0239785931448	0	0	0	0.00140560576402	0	0.0034046895173	0	0.00463329307401	0.0037274582483	0	0	0.00256132605889	0.000426887676482	0.00542459705968	0	0	0	0	0.00441464328849	0	0.000395651992837	9.3707050935e-05	1.04118945483e-05	0.00131189871309	2.08237890967e-05	0	0.000957894298447	0	0	0	0	0	0	1.04118945483e-05	0.00438340760485	4.16475781933e-05	0	7.28832618383e-05	0.00200949564783	0	1.04118945483e-05	0	0.000301944941902	0.000135354629128	0	0	0	0	0.000614301778352	0.000864187247512	2.08237890967e-05	0.00373787014285	0.00147848902586	0.000156178418225	0.0012286035567	0	0.000364416309192	0	0.000301944941902	0.000197825996418	0.000104118945483	0	0
0.00242597142976	0	0.00113489650577	0	0	0	0	0.00796509932947	0.000905834825705	0	0	4.16475781933e-05	0	0	0.00093707050935	0	0.00263420932073	0.00210320269876	1.04118945483e-05	0.000291533047353	0	0.0482278955479	0.00268626879347	0.0186060555579	0.00119736787306	0	0.000333180625547	0.000541418516513	0.00897505310066	0.00160343176044	0.0135458748074	0	0	0.00109324892757	0.00508100453959	0	0	0	0	0	0	0	0	0	0.000989129982092	0	0	0	0	0	0	7.28832618383e-05	1.04118945483e-05	0	0.00012494273458	0	0	0.00120777976761	6.247136729e-05	0.00233226437883	0	0.00012494273458	0.00142642955312	0.0012702511349	0	0	0	0	0	0	0.00288409478989	0.000822539669318	0.0120361500979	0.00197825996418	0	0	0	0.000333180625547	0.000281121152805	2.08237890967e-05	0.00111407271667	0	0	0
0	0.00585148473616	0	0	0	0	0	0	0	0.00699679313648	0	0	0	0	0	0	0.0203240181583	0	0	0	0	0.00268626879347	0.0447190870851	0.0062679605181	0.0147744783641	0.000614301778352	0.000406063887385	0.0167735621174	0.00266544500437	0	0	0	0	0	0	0	0.00024988546916	0	0	0	0	0	0	0	0.00613260588897	0	0	0	0	0	0	0.00858981300237	1.04118945483e-05	0	6.247136729e-05	0	0.000343592520095	0.0221252759152	0.00391487235017	0.00847528216234	0	6.247136729e-05	0.00816292532589	0.00425846487027	0	0	0	0	0	0	0.000177002207322	1.04118945483e-05	0	0	1.04118945483e-05	0	0	0.00134313439673	0.000385240098288	0	0	0	0	0
0.00230102869518	0	0.00974553329724	0	0	0	0	0.00612219399442	0.000104118945483	0	1.04118945483e-05	0.000135354629128	0	0	0.000135354629128	2.08237890967e-05	0.00716338344925	0.0136395818583	6.247136729e-05	0.00190537670234	0	0.0186060555579	0.0062679605181	0.0713527133397	0.00012494273458	0	0.00450835033943	0.00740285702386	0.000218649785515	0.000447711465578	0.00767356628212	0	0	0.000229061680063	0.00478947149223	0	0	0	0	0	0	0	0	0	0.000156178418225	0	0	0	0	0	0	0.005278830536	3.1235683645e-05	0	4.16475781933e-05	0	0.000572654200158	0.00794427554038	0.00341510141185	0.00255091416434	0	5.20594727417e-05	0.00365457498646	0.00450835033943	0	0	0	0	0	0	0.0107867227521	0.00259256174253	0.0087251676315	0.00307150889176	0	0	0	8.32951563867e-05	3.1235683645e-05	0.000520594727417	0.00319645162634	0	0	0
0	0.00476864770314	1.04118945483e-05	0	0.00236350006247	0.000635125567448	1.04118945483e-05	0.00230102869518	0	0.0138374078547	0	0	0.00174919828412	0	0	0.00211361459331	0.00608054641623	1.04118945483e-05	0	0	0.00140560576402	0.00119736787306	0.0147744783641	0.00012494273458	0.0525280079963	0.000156178418225	0.000333180625547	0.00290491857898	0.0207196701512	6.247136729e-05	5.20594727417e-05	0	0	0.000468535254675	0.00395651992837	0	0	0	0	0.00068718504019	5.20594727417e-05	3.1235683645e-05	0.000208237890967	7.28832618383e-05	0.0166486193828	0.000145766523677	0	0.000416475781933	0	7.28832618383e-05	0.000156178418225	0	2.08237890967e-05	0	0.000239473574612	0.000260297363708	0.00108283703303	0.00248844279705	0.00192620049144	0.0168776810628	0	0.000239473574612	0.00161384365499	0.00807963016951	0	0	0	0	0	0	0.00450835033943	0.000614301778352	0.00352963225188	0.0021760859606	0.00281121152805	8.32951563867e-05	0	0.00331098246637	0.000666361251093	0.000145766523677	0.00313398025905	0.000416475781933	0	0
0	0.00163466744409	0	0	0	0	0	0	0	0.000478947149223	0	0.000989129982092	0	0.00541418516513	0	0	0	0	0	0	0	0	0.000614301778352	0	0.000156178418225	0.0103910707592	0.00160343176044	0.0034046895173	0	0	0	0.000104118945483	0	0	0	0	0.00134313439673	0	0	0	0	0	0	0	0	0	0.000104118945483	0	0.00398775561201	0	0	0	0	0	0	0	0	1.04118945483e-05	0	1.04118945483e-05	0.00269668068802	0.000916246720253	0.00244679521886	0	0	0	0.00074965640748	0	0	0	0	3.1235683645e-05	0	0	0	0	1.04118945483e-05	0	0.0015305484986	0	0	0	0	0.000468535254675
0.00068718504019	0.00595560368165	0.00646578651451	0	1.04118945483e-05	0	0.000916246720253	0.000801715880222	0.000333180625547	0.000322768730998	0.00254050226979	0.0127441589272	0.00161384365499	0.0015513722877	0.00174919828412	3.1235683645e-05	0	0.00411269834659	0.00238432385157	0.00691349798009	0.0034046895173	0.000333180625547	0.000406063887385	0.00450835033943	0.000333180625547	0.00160343176044	0.0823060264046	0.0239473574612	0.000416475781933	0.00361292740827	0.000197825996418	0.00172837449502	0.00043729957103	0.000364416309192	0.0077985090167	0	0.00648661030361	0	0	0	0	0	2.08237890967e-05	0	0	0	0	0	0.00143684144767	0	0	0	9.3707050935e-05	0.00468535254675	0.00346716088459	0	0	0	0	0	0.00472700012494	0.00931864562076	0.00981841655908	2.08237890967e-05	0	0	0.00018741410187	0	0	0	0.0100787139228	0.00820457290409	0.00650743409271	0.000801715880222	1.04118945483e-05	0.000551830411062	1.04118945483e-05	0.000166590312773	0.000208237890967	0	0	0	0	0
0.000895422931157	0.0285494148515	0.00787139227854	0	0	0	0	0.00037482820374	5.20594727417e-05	0.00174919828412	0	0	0	0.00159301986589	5.20594727417e-05	1.04118945483e-05	0.00710091208196	0.00862104868602	0	0.000364416309192	0	0.000541418516513	0.0167735621174	0.00740285702386	0.00290491857898	0.0034046895173	0.0239473574612	0.118195826913	0.000166590312773	0.000104118945483	0.000957894298447	0.00031235683645	0	0	0.00259256174253	0	0.0186477031361	0.000583066094707	0	0	0	0	0	0	0.000270709258257	0	0	0	0.00182208154596	0	0	0.00743409270751	0.00161384365499	0.00339427762276	0.000177002207322	0	3.1235683645e-05	0.0162217317063	0.00880846278789	0.00018741410187	0.0049768855941	0.00359210361917	0.0491337303736	0.000114530840032	0	0	0.000551830411062	0	0	9.3707050935e-05	0.00778809712215	0.000791303985673	0.00257173795344	0.000270709258257	1.04118945483e-05	0	0	0.000489359043772	0.000197825996418	0.00100995377119	0.00056224230561	1.04118945483e-05	0	0
0.000708008829287	0	3.1235683645e-05	0	0.0087251676315	0.00149931281496	0.00346716088459	0.028768064637	0.0046749406522	0.0119320311524	0.00651784598726	7.28832618383e-05	0.00159301986589	0	0.00143684144767	0.00205114322602	0.0021969097497	0.000406063887385	1.04118945483e-05	0.000426887676482	0.00463329307401	0.00897505310066	0.00266544500437	0.000218649785515	0.0207196701512	0	0.000416475781933	0.000166590312773	0.0794115197201	0.00149931281496	0.00574736579068	0	0.000718420723835	0.00162425554954	0.00794427554038	0	0	0	0	0.0128274540835	0	0.000208237890967	0.000531006621965	4.16475781933e-05	0.016804797801	0.000177002207322	0	0.00156178418225	0	4.16475781933e-05	0	0	2.08237890967e-05	0	0.000229061680063	0.00549748032152	0.00104118945483	0.000645537461997	0.00205114322602	0.0180854608305	0	0.000229061680063	0.00225938111699	0.0118903835742	0	0	0	0	0	0.000166590312773	0.00489359043772	0.000614301778352	0.0115467910541	0.00333180625547	0.0021760859606	0.00018741410187	0	0.00193661238599	0.0006247136729	0.000520594727417	0.00409187455749	0.000458123360127	1.04118945483e-05	0
0.00740285702386	0	0.000145766523677	0	5.20594727417e-05	7.28832618383e-05	0.000791303985673	0.0119736787306	0.00559118737245	0	0.00386281287743	0.0046541168631	0.00213443838241	0	0.0116092624214	2.08237890967e-05	0	0.00118695597851	0.0012702511349	0.000104118945483	0.0037274582483	0.00160343176044	0	0.000447711465578	6.247136729e-05	0	0.00361292740827	0.000104118945483	0.00149931281496	0.0354837366207	0.0104743659156	0	0.00128066302944	0.0128586897672	0.0132126941818	0	0	0	0	0	0	0	1.04118945483e-05	0	0	0	0	0	0	0	0	0	0	0	0	0	4.16475781933e-05	0	7.28832618383e-05	5.20594727417e-05	0	0	4.16475781933e-05	6.247136729e-05	0	0	0	0	0	0	0.000218649785515	1.04118945483e-05	0.00584107284161	0.000270709258257	2.08237890967e-05	0.000301944941902	0	1.04118945483e-05	0	0	0.000114530840032	4.16475781933e-05	0	0
0.0102869518138	0	0.00100995377119	0	0	0	0	0.014545416684	0.00361292740827	0	0	1.04118945483e-05	0	0	0.00438340760485	0	0	0.00633043188539	0	7.28832618383e-05	0	0.0135458748074	0	0.00767356628212	5.20594727417e-05	0	0.000197825996418	0.000957894298447	0.00574736579068	0.0104743659156	0.0426367081754	0	0	0.00214485027696	0.00736120944567	0	0	0	0	0	0	0	0	0	0	0	0	0	0	0	0	0	0	0	0	0	0	0	0	0	0	0	0	0	0	0	0	0	0	0	0	0	0.00446670276123	0	0	0	0	0	0	0	0	0	0	0
0	0	0	0	0	0	0	0	6.247136729e-05	0	0	0.00087459914206	0	0.00117654408396	6.247136729e-05	0	0	0	0	0	0	0	0	0	0	0.000104118945483	0.00172837449502	0.00031235683645	0	0	0	0.00245720711341	6.247136729e-05	0	6.247136729e-05	0	1.04118945483e-05	0	0	0	0	0	0	0	0	0	1.04118945483e-05	0	0.000301944941902	0	0	0	0	0.00031235683645	0	0	0	0	0	0	0.000260297363708	0.000301944941902	0.000135354629128	0	0	0	0	0	0	0	0	0.000322768730998	5.20594727417e-05	0	0	6.247136729e-05	1.04118945483e-05	0	0.000229061680063	0	0	0	0	0
0.000885011036608	0	0	0	0.000333180625547	0.0096726500354	0.00998500687185	0.0018741410187	0.0123485069343	0.000676773145642	0.00523718295781	0.00446670276123	0.00220732164425	4.16475781933e-05	0.0100683020282	0.00108283703303	0	0	0	0	0.00256132605889	0	0	0	0	0	0.00043729957103	0	0.000718420723835	0.00128066302944	0	6.247136729e-05	0.0194390071217	7.28832618383e-05	0.0056224230561	0	0	0	0	0.000218649785515	0	1.04118945483e-05	0	0	0.000708008829287	0	0	0.000468535254675	0	0	0	0	0	0	0	6.247136729e-05	0	0	1.04118945483e-05	0.000531006621965	0	0	0	0.000177002207322	0	0	0	0	0	0	0.00224896922244	4.16475781933e-05	0.00232185248428	0.000978718087543	0.0021969097497	0.00366498688101	0	1.04118945483e-05	0	0	1.04118945483e-05	1.04118945483e-05	0	0
0.00163466744409	0	0	0	2.08237890967e-05	5.20594727417e-05	0.000145766523677	0.0122131523052	0.00232185248428	1.04118945483e-05	0.00220732164425	0.000322768730998	0.000104118945483	0	0.00222814543334	0	0	3.1235683645e-05	0.00018741410187	0.00012494273458	0.000426887676482	0.00109324892757	0	0.000229061680063	0.000468535254675	0	0.000364416309192	0	0.00162425554954	0.0128586897672	0.00214485027696	0	7.28832618383e-05	0.0171379784266	0.00855857731873	0	0	0	0	1.04118945483e-05	0	0	0	0	0	0	0	1.04118945483e-05	0	0	0	0	0	0	0	1.04118945483e-05	0	0	0	1.04118945483e-05	0	0	1.04118945483e-05	0	0	0	0	0	0	0	0.000520594727417	0	0.00422722918662	0.000676773145642	0	1.04118945483e-05	0	0	0	0	0	0	0	0
0.00263420932073	0	0.000458123360127	0	0.000333180625547	0.000926658614802	0.00243638332431	0.0113073174795	0.00476864770314	5.20594727417e-05	0.00470617633585	0.0170859189538	0.00341510141185	4.16475781933e-05	0.00933946940985	6.247136729e-05	0	0.00917287909708	0.00228020490608	0.00801715880222	0.00542459705968	0.00508100453959	0	0.00478947149223	0.00395651992837	0	0.0077985090167	0.00259256174253	0.00794427554038	0.0132126941818	0.00736120944567	6.247136729e-05	0.0056224230561	0.00855857731873	0.0562762900337	0	0	0	0	4.16475781933e-05	0	2.08237890967e-05	0.000135354629128	0	7.28832618383e-05	0	0	3.1235683645e-05	0	0	0	0	0	0	0	3.1235683645e-05	0.000385240098288	0	0.000905834825705	0.00018741410187	0	0	0.000520594727417	0.000406063887385	0	0	0	0	0	0	0.000916246720253	9.3707050935e-05	0.0237703552538	0.00300903752447	9.3707050935e-05	0.00259256174253	0	6.247136729e-05	1.04118945483e-05	3.1235683645e-05	0.00143684144767	0.00043729957103	0	0
0	0	0	0	1.04118945483e-05	0	0	0	0	0	0	0	0	0	0	0	0	0	0	0	0	0	0	0	0	0	0	0	0	0	0	0	0	0	0	0.0281745866478	0	1.04118945483e-05	0	0.000780892091125	0	2.08237890967e-05	0.0195118903836	0.00611178209987	0	0.00223855732789	0.0012702511349	0	0.000760068302028	0.012286035567	0	0	0	0.00121819166215	0.00106201324393	0.000593477989255	0.00596601557619	0	0.00347757277914	0	0	0.000354004414643	1.04118945483e-05	0.00963100245721	0.0144100620549	0.00351922035734	0	0	0	0.00326933488818	0	0	0	0	0	0	0	0	0.000114530840032	0.00270709258257	0	1.04118945483e-05	0	0
0	0.0182624630378	0	0	0	0	0	0	0	9.3707050935e-05	0	1.04118945483e-05	0	4.16475781933e-05	0	0	0	0	0	0	0	0	0.00024988546916	0	0	0.00134313439673	0.00648661030361	0.0186477031361	0	0	0	1.04118945483e-05	0	0	0	0	0.0337865978093	0	0	0	0	0	0	0	0.0021969097497	0	0	0	0.00140560576402	0	0	0	0	0.000458123360127	2.08237890967e-05	0	0	0.00668443630003	0	0.00641372704177	0.00566407063429	0.000926658614802	0.0293198950481	0	0	0	0	0	0	0	0	0	0	0	0	0	0	0	0	0	0	0	0	1.04118945483e-05
0	4.16475781933e-05	0	0	0	0	0	0	0	0	0	0	0	0	0	0	0	0	0	0	0	0	0	0	0	0	0	0.000583066094707	0	0	0	0	0	0	0	1.04118945483e-05	0	0.023905709883	0	0	0	0	0.000864187247512	0.000218649785515	0	0	0	0	0	3.1235683645e-05	0	0	0.00512265211778	0	1.04118945483e-05	0	0.000354004414643	0	0.00759027112573	0	0	0.0131189871309	0.0146911832077	0.00049977093832	0	0	0	0	0	0	0	0	0	0	0	0	0	4.16475781933e-05	1.04118945483e-05	0.000229061680063	0.000208237890967	0	0	0
0	0	0	0	0	0	0	0	0	0	0	0	0	0	0	0	0	0	0	0	0	0	0	0	0	0	0	0	0	0	0	0	0	0	0	0	0	0	0	0	0	0	0	0	0	0	0	0	0	0	0	0	0	0	0	0	0	0	0	0	0	0	0	0	0	0	0	0	0	0	0	0	0	0	0	0	0	0	0	0	0	0	0	0
0	0	0	0	0.00818374911499	7.28832618383e-05	0.00037482820374	0.00403981508475	0.000218649785515	0.00983924034817	0.0012494273458	0	0.0006247136729	0	0.000156178418225	0.000291533047353	0	0	0	0	0.00441464328849	0	0	0	0.00068718504019	0	0	0	0.0128274540835	0	0	0	0.000218649785515	1.04118945483e-05	4.16475781933e-05	0.000780892091125	0	0	0	0.0293407188372	7.28832618383e-05	0.000322768730998	0.00087459914206	0.000416475781933	0.0104743659156	0.00495606180501	0.000229061680063	0.0025196784807	9.3707050935e-05	3.1235683645e-05	0.000197825996418	0	0	0.000281121152805	0.000718420723835	0.0156386656116	0	0	0	0.0142747074258	0	0.00012494273458	0	0.0117133813669	0.00181166965141	0	0	1.04118945483e-05	0	0.00486235475407	0.000478947149223	0	0.00012494273458	0.00024988546916	0.00018741410187	0.000104118945483	0	0.000697596934738	0.000104118945483	0.00287368289534	0.000593477989255	0.000291533047353	2.08237890967e-05	0
0	0	0	0	0	0	0	0	0	0	0	0	0	0	0	0	0	0	0	0	0	0	0	0	5.20594727417e-05	0	0	0	0	0	0	0	0	0	0	0	0	0	0	7.28832618383e-05	0.00325892299363	0.000832951563867	0	9.3707050935e-05	0.000426887676482	0.00012494273458	6.247136729e-05	6.247136729e-05	3.1235683645e-05	2.08237890967e-05	0.00135354629128	0	0	0	0	0	0	0	0	0.000395651992837	0	0	0	0.000114530840032	0.000218649785515	0	0	0.00149931281496	0	0.000291533047353	0	0	0	0	0	0	0	1.04118945483e-05	0	7.28832618383e-05	0	0.00178043396776	0.000801715880222	0
0	0	0	0	0.000156178418225	1.04118945483e-05	3.1235683645e-05	4.16475781933e-05	1.04118945483e-05	0.000239473574612	2.08237890967e-05	0	0.00544542084878	0	0	0	0	0	0	0	0.000395651992837	0	0	0	3.1235683645e-05	0	0	0	0.000208237890967	0	0	0	1.04118945483e-05	0	2.08237890967e-05	2.08237890967e-05	0	0	0	0.000322768730998	0.000832951563867	0.0232809962101	0.00130148681854	0.00796509932947	0.000770480196577	0.0127545708217	0.000770480196577	0.0107242513848	0.000926658614802	0.00510182832868	0.0052996543251	0	0	1.04118945483e-05	6.247136729e-05	0.0037482820374	0	0	0	0.00037482820374	0	2.08237890967e-05	0	0.000177002207322	0.00243638332431	0	0	0.000947482403898	0	0.00456040981217	8.32951563867e-05	0	4.16475781933e-05	4.16475781933e-05	1.04118945483e-05	1.04118945483e-05	0	0.000177002207322	0.000281121152805	0.00293615426263	0.000218649785515	0.00355045604098	0.000197825996418	2.08237890967e-05
0	0	0	0	0.000208237890967	0	0	0.00031235683645	2.08237890967e-05	0.00012494273458	0.000104118945483	0	0.000708008829287	0	1.04118945483e-05	0.00056224230561	0	0	0	0	9.3707050935e-05	0	0	0	0.000208237890967	0	2.08237890967e-05	0	0.000531006621965	1.04118945483e-05	0	0	0	0	0.000135354629128	0.0195118903836	0	0.000864187247512	0	0.00087459914206	0	0.00130148681854	0.0699887551539	0.0160134938153	0.000291533047353	0.00728832618383	0.000770480196577	0.00128066302944	0.000385240098288	0.0166590312773	0.000177002207322	0	0	0.000728832618383	0.000843363458415	0.00201990754238	0.011203198534	0	0.00786098038399	0.00468535254675	0	0.00049977093832	0.000416475781933	0.0383470076215	0.0118175003124	0.00764233059848	0	0	0.00123901545125	0.00492482612136	0.00043729957103	4.16475781933e-05	0.000104118945483	0	0	0	0	0.00167631502228	0.000343592520095	0.00494564991046	0.00141601765857	0.000520594727417	0.000135354629128	0
0	0	0	0	1.04118945483e-05	0	0	0	0	0	0	0	0.00234267627337	0	0	0	0	0	0	0	1.04118945483e-05	0	0	0	7.28832618383e-05	0	0	0	4.16475781933e-05	0	0	0	0	0	0	0.00611178209987	0	0.000218649785515	0	0.000416475781933	9.3707050935e-05	0.00796509932947	0.0160134938153	0.0371912873266	0	0.0108700179085	0.00112448461122	0.00463329307401	0.000957894298447	0.0181687559868	0.00196784806963	0	0	9.3707050935e-05	0.000166590312773	0.00179084586231	0.00261338553163	0	0.00184290533505	2.08237890967e-05	0	0.000114530840032	6.247136729e-05	0.00410228645204	0.00338386572821	0.00204073133147	0	7.28832618383e-05	0	0.00169713881138	0.000166590312773	0	0	0	0	0	0	0.00170755070593	0.000229061680063	0.00233226437883	3.1235683645e-05	0.00194702428054	1.04118945483e-05	0
0	4.16475781933e-05	1.04118945483e-05	0	0.00224896922244	0.000603889883803	0.000572654200158	0.00442505518304	0.000239473574612	0.01970971638	0.00037482820374	0	0.00225938111699	0	0.000177002207322	0.00115572029486	0.00329015867727	0	0	0	0.00131189871309	0.000989129982092	0.00613260588897	0.000156178418225	0.0166486193828	0	0	0.000270709258257	0.016804797801	0	0	0	0.000708008829287	0	7.28832618383e-05	0	0.0021969097497	0	0	0.0104743659156	0.000426887676482	0.000770480196577	0.000291533047353	0	0.0452813293907	5.20594727417e-05	0	0.00584107284161	8.32951563867e-05	0	0.00220732164425	0	1.04118945483e-05	0	0.000156178418225	0.00270709258257	1.04118945483e-05	0.00722585481654	1.04118945483e-05	0.0366811044938	0.000708008829287	0.000145766523677	0.0028007996335	0.0166069718046	0	0	0	0.000104118945483	0	0.000156178418225	0.00203031943692	0.000156178418225	0.000208237890967	9.3707050935e-05	0.00272791637166	0.000156178418225	0	0.00354004414643	0.00081212777477	0.000291533047353	6.247136729e-05	0.00190537670234	1.04118945483e-05	0
0	0	0	0	0.000551830411062	0	0	0	0	7.28832618383e-05	8.32951563867e-05	0	0.00533089000875	0	0	2.08237890967e-05	0	0	0	0	2.08237890967e-05	0	0	0	0.000145766523677	0	0	0	0.000177002207322	0	0	0	0	0	0	0.00223855732789	0	0	0	0.00495606180501	0.00012494273458	0.0127545708217	0.00728832618383	0.0108700179085	5.20594727417e-05	0.0414185165133	0.00140560576402	0.0115676148432	0.0012286035567	0.00811086585315	0.00231144058973	0	0	0.00074965640748	0.0015305484986	0.0127337470326	0	0	0	8.32951563867e-05	0	0.000489359043772	0	0.00680937903461	0.00507059264504	0	0	0.00012494273458	0	0.006892674191	0.000156178418225	0	0	0	0	0	0	0.000322768730998	0.00068718504019	0.00571613010703	0.00018741410187	0.00146807713131	1.04118945483e-05	2.08237890967e-05
0	0	0	0	7.28832618383e-05	0	0	0	0	0	0	6.247136729e-05	0.000739244512932	0.000593477989255	0	0	0	0	0	0	0	0	0	0	0	0.000104118945483	0	0	0	0	0	1.04118945483e-05	0	0	0	0.0012702511349	0	0	0	0.000229061680063	6.247136729e-05	0.000770480196577	0.000770480196577	0.00112448461122	0	0.00140560576402	0.0213547957186	0.00099954187664	0.00963100245721	0.00188455291325	0	0	0	0.0018741410187	0.00286327100079	0.00093707050935	0.000260297363708	0	0.00018741410187	0	6.247136729e-05	0.000978718087543	0	0.000666361251093	0.0050185331723	4.16475781933e-05	0	0.000760068302028	0	0.0109012535921	0	0.000510182832868	0	0	0	0	0	0	0.00221773353879	0.00722585481654	0	0	0	0.00291533047353
0	0	0	0	0.00203031943692	0.000468535254675	0.000291533047353	0.000739244512932	6.247136729e-05	0.00377951772104	0.000156178418225	0	0.00996418308275	0	4.16475781933e-05	0.000666361251093	0	0	0	0	0.000957894298447	0	0	0	0.000416475781933	0	0	0	0.00156178418225	0	0	0	0.000468535254675	1.04118945483e-05	3.1235683645e-05	0	0	0	0	0.0025196784807	6.247136729e-05	0.0107242513848	0.00128066302944	0.00463329307401	0.00584107284161	0.0115676148432	0.00099954187664	0.0292261879972	0.00120777976761	0.0031235683645	0.00301944941902	0	0	0	0	0.00926658614802	0	0	0	0.00375869393195	0	4.16475781933e-05	0	0.00024988546916	0.00205114322602	0	0	7.28832618383e-05	0	0.00508100453959	0.0012494273458	0	0.000166590312773	0.000156178418225	0.00224896922244	2.08237890967e-05	0	0.000635125567448	0.00049977093832	0.00386281287743	0.00024988546916	0.00210320269876	0	2.08237890967e-05
0	0	0	0	5.20594727417e-05	0	0	0	0	0	0	0.000666361251093	0.00109324892757	0.00669484819458	0	0	0	0	0	0	0	0	0	0	0	0.00398775561201	0.00143684144767	0.00182208154596	0	0	0	0.000301944941902	0	0	0	0.000760068302028	0.00140560576402	0	0	9.3707050935e-05	3.1235683645e-05	0.000926658614802	0.000385240098288	0.000957894298447	8.32951563867e-05	0.0012286035567	0.00963100245721	0.00120777976761	0.0271646328766	0.00164507933864	0	0	0	6.247136729e-05	0	0.00115572029486	0.000301944941902	0.000156178418225	0.000270709258257	0.000156178418225	0.00776727333306	0.00232185248428	0.00443546707759	0.00018741410187	0.00418558160843	4.16475781933e-05	0.00224896922244	0.000718420723835	0	0.00649702219816	0	0.00110366082212	0	0	0	0	0	0	0.00598683936529	0.00496647369955	0	0	0	0.00464370496856
0	0	0	0	0	0	0	0	0	0	0	0	0.000968306192995	0	0	0	0	0	0	0	0	0	0	0	7.28832618383e-05	0	0	0	4.16475781933e-05	0	0	0	0	0	0	0.012286035567	0	3.1235683645e-05	0	3.1235683645e-05	2.08237890967e-05	0.00510182832868	0.0166590312773	0.0181687559868	0	0.00811086585315	0.00188455291325	0.0031235683645	0.00164507933864	0.0363479238682	0.00148890092041	0	0	9.3707050935e-05	0.000166590312773	0.000333180625547	0.00301944941902	0	0.00170755070593	2.08237890967e-05	0	0.00012494273458	0	0.00700720503103	0.0130981633418	0.00081212777477	0	2.08237890967e-05	0	0.00284244721169	0.000166590312773	0	0	0	0	0	0	0.00118695597851	0.00024988546916	0.00259256174253	3.1235683645e-05	0.00118695597851	2.08237890967e-05	0
0	0	0	0	0	0	0	0	0	2.08237890967e-05	0	0	4.16475781933e-05	0	0	0	0	0	0	0	0	0	0	0	0.000156178418225	0	0	0	0	0	0	0	0	0	0	0	0	0	0	0.000197825996418	0.00135354629128	0.0052996543251	0.000177002207322	0.00196784806963	0.00220732164425	0.00231144058973	0	0.00301944941902	0	0.00148890092041	0.00918329099163	0	0	0	0	2.08237890967e-05	0	0	0	0.00100995377119	0	0	0	0.000218649785515	7.28832618383e-05	0	0	0.000541418516513	0	5.20594727417e-05	3.1235683645e-05	0	0	0	1.04118945483e-05	0	0	0.000104118945483	0	0.000208237890967	3.1235683645e-05	0.00495606180501	3.1235683645e-05	0
0	0	0	0	0	0	0	0	0	0	0	0	0	0	0	0	0.0071529715547	0	0	0	0	7.28832618383e-05	0.00858981300237	0.005278830536	0	0	0	0.00743409270751	0	0	0	0	0	0	0	0	0	0	0	0	0	0	0	0	0	0	0	0	0	0	0	0.0204489608929	0	0	0	0	0.00141601765857	0.0158781391862	0.0049977093832	0.00276956394986	0	0	0.00232185248428	0.00177002207322	0	0	0	0	0	0	0	0.00037482820374	0	0	0	0	0	0.000989129982092	0	0	0	0	0	0
0	0.00012494273458	0	0	0	0	0	0	0	0	0	0	0	0	0	0	1.04118945483e-05	0.00152013660406	0	0	0	1.04118945483e-05	1.04118945483e-05	3.1235683645e-05	2.08237890967e-05	0	9.3707050935e-05	0.00161384365499	2.08237890967e-05	0	0	0	0	0	0	0	0	0.00512265211778	0	0	0	0	0	0	1.04118945483e-05	0	0	0	0	0	0	0	0.0210944983549	0	0.0018533172296	0	0.00162425554954	0	0.00498729748865	2.08237890967e-05	0	0.00824622048228	0.00704885260922	2.08237890967e-05	0	0	0	0	0	0.00191578859689	8.32951563867e-05	4.16475781933e-05	3.1235683645e-05	0	0	0	0	0.00018741410187	5.20594727417e-05	0.00260297363708	0.00103077756028	0	0	0
0	0.000416475781933	0	0	2.08237890967e-05	0	0	0	0	1.04118945483e-05	0	0	0	0.000458123360127	0	0	0	0	0	0	0	0	0	0	0	0	0.00468535254675	0.00339427762276	0	0	0	0.00031235683645	0	0	0	0.00121819166215	0.000458123360127	0	0	0.000281121152805	0	1.04118945483e-05	0.000728832618383	9.3707050935e-05	0	0.00074965640748	0.0018741410187	0	6.247136729e-05	9.3707050935e-05	0	0	0	0.0124630377744	0.00225938111699	0.000354004414643	0	0	0	8.32951563867e-05	0.00118695597851	0.00162425554954	0.00074965640748	0.00106201324393	0.00121819166215	0	1.04118945483e-05	0	0	0.00222814543334	0	0	0	0	0	0	0	0.00295697805173	0.00106201324393	0.00291533047353	0.000510182832868	5.20594727417e-05	0	0
0	0.000104118945483	0	0	4.16475781933e-05	0	0	0	0	0.000145766523677	0	0	1.04118945483e-05	0	0	0.00012494273458	2.08237890967e-05	0.00534130190329	0	0.00134313439673	1.04118945483e-05	0.00012494273458	6.247136729e-05	4.16475781933e-05	0.000239473574612	0	0.00346716088459	0.000177002207322	0.000229061680063	0	0	0	0	0	0	0.00106201324393	2.08237890967e-05	1.04118945483e-05	0	0.000718420723835	0	6.247136729e-05	0.000843363458415	0.000166590312773	0.000156178418225	0.0015305484986	0.00286327100079	0	0	0.000166590312773	0	0	0.0018533172296	0.00225938111699	0.034046895173	0.00119736787306	3.1235683645e-05	0	0.000104118945483	0.0006247136729	0	0.0187622339761	0.000697596934738	0.00167631502228	0.00173878638957	0	0	0	0	0.0102557161301	0.0015305484986	0.000531006621965	1.04118945483e-05	0	0	0	0	0.00511224022323	0.000770480196577	0.0133584607055	0.0025196784807	6.247136729e-05	0	0
