0.0239200328764	0	6.44636223721e-05	0	9.26664571599e-05	8.46085043634e-05	0.000390810710631	0.00926261673959	0.0154752983457	0	0.00141014173939	0.000322318111861	0.000535853860968	1.6115905593e-05	0.0115067565934	1.6115905593e-05	0.000157130079532	7.65505515669e-05	6.44636223721e-05	0.000282028347878	0.000656723152916	0.000616433388933	0	0.000362607875843	0.000189361890718	0	0.000318289135462	2.41738583895e-05	0.00511277104939	0.015165067163	0.0138838526684	0	0.000282028347878	0.00104350488715	0.00311439875585	0	0	0	0	0	0	0	0	0	0	0	0	0	0	0	0	0	0	0	0	0	0	0	0	0	0	0	0	0	0	0	0	0	0	0	7.25215751686e-05	4.02897639826e-05	0.00186541607239	0.000410955592622	0.000169217008727	8.86374807616e-05	4.02897639826e-06	4.02897639826e-06	0	0	0	0	0	0
0	0.0308015245647	0.00101127307596	0	0	0	0	0	0	0.00193793764756	0	8.05795279651e-06	0	0.000435129451012	0	0	0.00222802394824	0.000225622678302	4.02897639826e-06	2.41738583895e-05	0	8.05795279651e-06	0.00632549294526	6.84925987704e-05	0.00183318426121	0.00423445419457	0.00537062553888	0.027679067856	8.05795279651e-05	2.41738583895e-05	2.41738583895e-05	0	0	2.82028347878e-05	6.44636223721e-05	0	0.0185413493848	0.000999186146768	0	0	0	4.02897639826e-06	0	0	0.00114020032071	0	0	4.02897639826e-06	2.01448819913e-05	4.02897639826e-06	0	9.26664571599e-05	0.00218370520785	0	0.000269941418683	0	4.02897639826e-06	0.00252616820171	2.01448819913e-05	0.000926664571599	0.000515708978977	0.000322318111861	0.0209224744361	8.05795279651e-06	0	0	4.02897639826e-06	0	0	9.66954335582e-05	0.000382752757834	4.43187403808e-05	0.000141014173939	1.20869291948e-05	1.6115905593e-05	8.05795279651e-06	0	0.000229651654701	2.82028347878e-05	9.66954335582e-05	2.41738583895e-05	0	0	0
6.44636223721e-05	0.00101127307596	0.0365146130974	0	0	0	0	0.000273970395081	6.84925987704e-05	0	0	0.000269941418683	0	4.02897639826e-06	4.43187403808e-05	8.46085043634e-05	0.000427071498215	0.00841653169596	4.83477167791e-05	0.00132553323503	0	0.00178886552083	3.62607875843e-05	0.0137750703056	0.000527795908172	0	0.00807003972571	0.0109547868269	0.000906519689608	0.000648665200119	0.00131747528223	0	1.6115905593e-05	0.000640607247323	0.00290892095954	0	0.000225622678302	0.00188556095438	0	2.82028347878e-05	0	4.02897639826e-06	8.05795279651e-06	4.02897639826e-06	4.02897639826e-05	3.62607875843e-05	0	4.02897639826e-06	4.02897639826e-06	8.05795279651e-06	0	0.00186541607239	0.000789679374058	4.02897639826e-06	0.000290086300674	2.82028347878e-05	7.65505515669e-05	0.00144640252697	0.00127718551825	2.01448819913e-05	0	0.00101127307596	0.00301770332229	8.05795279651e-05	0	0	0	0	0	0	0.00770743184986	0.000870258902023	0.00514500286057	0.00141014173939	0.000503622049782	0.000471390238596	4.02897639826e-05	0.00164785134689	0.000406926616224	6.04346459738e-05	5.23766931773e-05	0	0	0
0	0	0	0	0	0	0	0	0	0	0	0	0	0	0	0	0	0	0	0	0	0	0	0	0	0	0	0	0	0	0	0	0	0	0	0	0	0	0	0	0	0	0	0	0	0	0	0	0	0	0	0	0	0	0	0	0	0	0	0	0	0	0	0	0	0	0	0	0	0	0	0	0	0	0	0	0	0	0	0	0	0	0	0
9.26664571599e-05	0	0	0	0.0195606804135	8.05795279651e-06	0.000447216380206	0.000825940161643	8.05795279651e-05	0.00262689261166	0.000475419214994	0.00041498456902	0.00385573041313	2.01448819913e-05	0.000265912442285	0.000539882837366	0	0	7.65505515669e-05	0.000273970395081	0.00442381608529	0	0	0	0.00817882208846	0	0.000374694805038	9.26664571599e-05	0.0078645619294	0.000697012916898	6.84925987704e-05	0	4.02897639826e-06	0.000338434017454	0.000733273704483	4.02897639826e-06	0	0	0	0.00782830114181	1.20869291948e-05	0	0	1.6115905593e-05	0.00363413671123	0.00076147653927	1.20869291948e-05	0.00109588158033	0	8.05795279651e-06	2.82028347878e-05	0	0	8.05795279651e-06	2.82028347878e-05	0.00639398554403	0	0	0	0.00382349860195	0	0	0	0.00134567811702	4.02897639826e-06	0	0	0	0	8.05795279651e-06	0.000197419843515	8.05795279651e-06	0.000515708978977	2.82028347878e-05	0.00118049008469	5.23766931773e-05	0	1.20869291948e-05	0	4.02897639826e-05	2.41738583895e-05	1.20869291948e-05	8.05795279651e-06	0
8.46085043634e-05	0	0	0	8.05795279651e-06	0.00574129136752	0.00316274647263	0.000112811339151	0.00196614048235	0.000128927244744	4.43187403808e-05	1.20869291948e-05	2.41738583895e-05	0.000104753386355	0.000209506772709	0.00167605418167	0	0	0	1.20869291948e-05	8.05795279651e-06	9.66954335582e-05	0	0.000201448819913	0.000431100474613	0	3.62607875843e-05	8.05795279651e-06	0.000555998742959	0.000378723781436	0.000136985197541	0	0.00282431245518	0.00041498456902	0.00154309796053	0	0	0	0	0	0	0	0	4.02897639826e-05	0	0	0	0	0	4.02897639826e-06	0	0	4.02897639826e-06	0	1.20869291948e-05	0	3.22318111861e-05	0	3.62607875843e-05	2.01448819913e-05	0	0	0	2.82028347878e-05	0	0	0	0	0	1.20869291948e-05	0.00108379465113	1.6115905593e-05	0.000926664571599	0.000942780477192	0.0013940258338	0.00159950363011	2.41738583895e-05	0.000153101103134	0	3.62607875843e-05	3.62607875843e-05	0	4.02897639826e-06	0
0.000390810710631	0	0	0	0.000447216380206	0.00316274647263	0.0470785892136	0.0066961587739	0.0232149620068	9.26664571599e-05	0.0146130973965	0.0016115905593	0.0146453292077	0.000136985197541	0.0146775610188	0.00130941732943	0	4.02897639826e-06	0.000866229925625	0.00169217008727	0.00827551752202	8.86374807616e-05	0	0.000165188032329	0.000217564725506	0	0.000906519689608	2.01448819913e-05	0.00225219780663	0.00703056381496	0.000330376064657	0	0.00722395468207	0.000241738583895	0.00350118049008	0	0	0	0	8.05795279651e-06	0	0	0	2.41738583895e-05	4.02897639826e-06	4.02897639826e-06	0	4.02897639826e-06	0	8.05795279651e-06	0	0	0	0	1.20869291948e-05	1.20869291948e-05	0	0	0	2.82028347878e-05	0	0	0	1.6115905593e-05	0	0	0	0	0	1.20869291948e-05	0.001385967881	6.04346459738e-05	0.00127718551825	0.000568085672154	0.00139805481019	0.00168814111087	2.41738583895e-05	0.000104753386355	0	5.23766931773e-05	3.62607875843e-05	3.22318111861e-05	0	0
0.00926261673959	0	0.000273970395081	0	0.000825940161643	0.000112811339151	0.0066961587739	0.0524935334929	0.0157935874812	0	0.0109547868269	0.00327152883538	4.43187403808e-05	6.84925987704e-05	0.0106163528094	6.84925987704e-05	3.62607875843e-05	0.000213535749108	0.000124898268346	0.00201448819913	0.00132956221142	0.00445604789647	0	0.00456885923562	0.00148669229096	0	0.00365831056962	0.000572114648552	0.0170425701646	0.0160594999234	0.0126993336073	0	0.00150683717295	0.00872273390222	0.0104995124939	0	0	0	0	0.000604346459738	0	0	0	4.02897639826e-06	0.00107170772194	0.000515708978977	0	2.82028347878e-05	0	4.02897639826e-06	0	0	0	0	8.05795279651e-06	0.000821911185244	2.01448819913e-05	0	2.01448819913e-05	0.00130538835304	0	0	0	0.000858171972829	8.05795279651e-06	0	0	0	4.02897639826e-06	0	0.000443187403808	0.000205477796311	0.00729244728084	0.00108782362753	0.000209506772709	0.000455274333003	2.82028347878e-05	2.82028347878e-05	0	2.82028347878e-05	2.01448819913e-05	0	4.02897639826e-06	0
0.0154752983457	0	6.84925987704e-05	0	8.05795279651e-05	0.00196614048235	0.0232149620068	0.0157935874812	0.0518690421512	0	0.0123326967551	0.000245767560294	0.00348506458449	0.000604346459738	0.0207572864038	0.000145043150337	0.00016115905593	7.65505515669e-05	2.82028347878e-05	0.000229651654701	0.00197016945875	0.000773563468465	0	0.000543911813765	0.000193390867116	0	0.00027799937148	4.02897639826e-05	0.00558819026438	0.011148177694	0.0103141795795	0	0.00844876350714	0.00130941732943	0.00434323655732	0	0	0	0	0	0	0	0	6.84925987704e-05	0	0	0	4.02897639826e-06	0	1.20869291948e-05	0	0	1.20869291948e-05	0	1.20869291948e-05	4.02897639826e-06	1.20869291948e-05	0	0	3.22318111861e-05	0	0	0	2.01448819913e-05	0	0	0	0	0	2.41738583895e-05	0.00145043150337	8.86374807616e-05	0.0030096453695	0.00178080756803	0.000721186775288	0.00238515402777	5.23766931773e-05	0.000112811339151	0	6.04346459738e-05	5.64056695756e-05	1.20869291948e-05	4.02897639826e-06	0
0	0.00193793764756	0	0	0.00262689261166	0.000128927244744	9.26664571599e-05	0	0	0.0184003352108	4.02897639826e-06	1.6115905593e-05	0.00119257701388	7.65505515669e-05	2.01448819913e-05	0.000713128822491	0.00250602331972	0	8.05795279651e-06	8.05795279651e-06	0.000169217008727	0	0.00425459907656	4.02897639826e-06	0.0118814513985	0.000741331657279	0.000729244728084	0.00163979339409	0.00404509230385	2.41738583895e-05	0	0	4.02897639826e-06	0.000221593701904	0.00027799937148	8.05795279651e-06	0.000193390867116	2.01448819913e-05	0	0.00381946962555	8.86374807616e-05	8.05795279651e-06	0.000209506772709	4.83477167791e-05	0.00965745642662	0.000427071498215	1.6115905593e-05	0.000136985197541	4.02897639826e-06	7.65505515669e-05	0.000100724409956	3.62607875843e-05	4.83477167791e-05	1.20869291948e-05	0.000193390867116	0.00350118049008	8.46085043634e-05	0.00103947591075	1.20869291948e-05	0.00872676287862	3.62607875843e-05	3.22318111861e-05	0.000326347088259	0.00198225638794	0.000120869291948	0	4.02897639826e-06	0	7.65505515669e-05	6.04346459738e-05	0.000479448191392	8.05795279651e-06	6.04346459738e-05	3.62607875843e-05	0.00292100788874	2.01448819913e-05	4.02897639826e-06	0.000116840315549	8.86374807616e-05	0.000310231182666	0.000257854489488	0.000100724409956	8.05795279651e-06	0
0.00141014173939	0	0	0	0.000475419214994	4.43187403808e-05	0.0146130973965	0.0109547868269	0.0123326967551	4.02897639826e-06	0.0332471132384	0.00180901040282	0.00410149797342	2.01448819913e-05	0.0062368554645	4.83477167791e-05	0	8.05795279651e-06	0.000209506772709	0.00143028662138	0.00579769703709	4.02897639826e-06	0	4.02897639826e-06	9.66954335582e-05	0	0.00239321198056	9.26664571599e-05	0.00539882837366	0.00501204663943	7.65505515669e-05	0	0.00182109733201	0.0011643741791	0.00455274333003	4.02897639826e-06	0	0	0	0.000850114020032	0	0	0	4.02897639826e-06	0.00071715779889	0.000443187403808	4.02897639826e-06	5.64056695756e-05	0	4.02897639826e-06	0	0	0	0	8.05795279651e-06	0.00128121449465	0	0	0	0.001385967881	0	0	0	0.000523766931773	4.02897639826e-06	0	0	0	0	1.20869291948e-05	0.000314260159064	2.01448819913e-05	0.00243753072095	9.26664571599e-05	3.62607875843e-05	8.05795279651e-05	0	8.05795279651e-06	0	2.41738583895e-05	2.41738583895e-05	0	0	0
0.000322318111861	8.05795279651e-06	0.000269941418683	0	0.00041498456902	1.20869291948e-05	0.0016115905593	0.00327152883538	0.000245767560294	1.6115905593e-05	0.00180901040282	0.0408860524895	0.00203463308112	0.00690163657021	0.00205074898671	6.84925987704e-05	8.05795279651e-06	0.00195808252955	0.00833998114439	0.0122843490383	0.0025503420601	0.000282028347878	0	0.000886374807616	0.000523766931773	0.00316677544903	0.014790372358	0.00183318426121	0.00255437103649	0.00744554838398	0.00172843087485	0.00113214236791	0.000660752129314	0.00251005229611	0.0164785134689	0	5.23766931773e-05	8.05795279651e-06	0	0.000330376064657	0	8.05795279651e-06	2.82028347878e-05	3.22318111861e-05	0.000265912442285	0.000342462993852	0.000894432760413	2.01448819913e-05	0.00388796222432	1.20869291948e-05	0	0	0	0.000269941418683	0.000427071498215	0.000378723781436	1.6115905593e-05	0	3.62607875843e-05	0.000688954964102	0.000499593073384	0.00204672001031	0.00132553323503	0.000555998742959	1.6115905593e-05	0	0.000342462993852	0	4.02897639826e-06	1.20869291948e-05	0.00302576127509	0.00457691718842	0.00833192319159	0.00102738898156	4.02897639826e-06	0.000592259530544	0.000620462365331	0.000660752129314	0.00143431559778	0.000237709607497	1.6115905593e-05	0.000108782362753	0	0.000499593073384
0.000535853860968	0	0	0	0.00385573041313	2.41738583895e-05	0.0146453292077	4.43187403808e-05	0.00348506458449	0.00119257701388	0.00410149797342	0.00203463308112	0.0408900814659	0.000181303937922	0.00815867720647	0.00175663370964	0	4.02897639826e-06	0.00109588158033	0.00235695119298	0.018472856786	0	4.02897639826e-06	0	0.00238112505137	0	0.00159547465371	8.05795279651e-06	0.00267524032844	0.00713128822491	4.02897639826e-06	0	0.000817882208846	8.46085043634e-05	0.0050765102618	0.000128927244744	0	0	0	0.000306202206267	2.01448819913e-05	0.00164785134689	4.43187403808e-05	0.00186138709599	0.000322318111861	0.00257451591849	0.0013940258338	0.00908131280167	0.000374694805038	0.0023005455234	0.000306202206267	0	2.82028347878e-05	0.000132956221142	0.000149072126735	0.00420625135978	4.02897639826e-06	0	1.6115905593e-05	0.000402897639826	0	0.000378723781436	0	0.000145043150337	0.00239724095696	0	6.04346459738e-05	0	0	0.00166799622888	0.000471390238596	3.62607875843e-05	0.000975012288378	0.000189361890718	0.00179289449722	0.000390810710631	8.05795279651e-06	0.000245767560294	2.01448819913e-05	0.00131344630583	0.000181303937922	0.000705070869695	8.05795279651e-06	0
1.6115905593e-05	0.000435129451012	4.02897639826e-06	0	2.01448819913e-05	0.000104753386355	0.000136985197541	6.84925987704e-05	0.000604346459738	7.65505515669e-05	2.01448819913e-05	0.00690163657021	0.000181303937922	0.0251931894183	0.000805795279651	0	4.43187403808e-05	4.02897639826e-06	0.00016115905593	4.43187403808e-05	5.64056695756e-05	0	0.00016115905593	8.05795279651e-06	4.43187403808e-05	0.0120506684072	0.0076187943691	0.00625297137009	8.46085043634e-05	0.000539882837366	5.23766931773e-05	0.00119257701388	0.000825940161643	0.000104753386355	0.0016075615829	0	0.00109588158033	0	0	3.22318111861e-05	0	6.04346459738e-05	0	0.000326347088259	8.05795279651e-06	0.000104753386355	0.00101933102876	0.000141014173939	0.00457288821202	0.000169217008727	0	0	4.43187403808e-05	2.41738583895e-05	5.23766931773e-05	0.000149072126735	8.05795279651e-06	4.02897639826e-06	8.05795279651e-06	1.6115905593e-05	0.00288877607755	0.00153101103134	0.00377917986156	3.62607875843e-05	3.22318111861e-05	0	0.000169217008727	8.05795279651e-06	0	0.000205477796311	0.000612404412535	0.000906519689608	0.0013899968574	0.0020749228451	0	0.00107573669833	0.000584201577747	0.000209506772709	0.00121272189588	0.000882345831218	0.000169217008727	2.41738583895e-05	1.6115905593e-05	0.000709099846093
0.0115067565934	0	4.43187403808e-05	0	0.000265912442285	0.000209506772709	0.0146775610188	0.0106163528094	0.0207572864038	2.01448819913e-05	0.0062368554645	0.00205074898671	0.00815867720647	0.000805795279651	0.0513694490778	0.000443187403808	0.000116840315549	4.02897639826e-05	0.000543911813765	0.000697012916898	0.00592662428183	0.000302173229869	0	0.000128927244744	0.000302173229869	0	0.000402897639826	2.82028347878e-05	0.00682105704225	0.0297660776303	0.0108339175349	0	0.00922232697561	0.00361399182924	0.00952852918188	0	0	4.02897639826e-06	0	1.20869291948e-05	0	0	4.02897639826e-06	0.000145043150337	1.20869291948e-05	2.01448819913e-05	8.05795279651e-06	4.02897639826e-06	0	3.62607875843e-05	0	0	2.41738583895e-05	0	4.43187403808e-05	1.6115905593e-05	1.6115905593e-05	0	2.01448819913e-05	0.000145043150337	0	0	1.20869291948e-05	3.22318111861e-05	4.02897639826e-06	0	0	8.05795279651e-06	0	7.65505515669e-05	0.00190167685998	0.000334405041055	0.00443187403808	0.00197016945875	0.000443187403808	0.00148669229096	7.65505515669e-05	0.000273970395081	0	0.000173245985125	0.000145043150337	6.44636223721e-05	0	0
1.6115905593e-05	0	8.46085043634e-05	0	0.000539882837366	0.00167605418167	0.00130941732943	6.84925987704e-05	0.000145043150337	0.000713128822491	4.83477167791e-05	6.84925987704e-05	0.00175663370964	0	0.000443187403808	0.00896447248612	0	8.05795279651e-05	4.02897639826e-06	2.41738583895e-05	0.00025382551309	0	0	2.82028347878e-05	0.00183318426121	0	8.05795279651e-05	0.000116840315549	0.000753418586474	0.000511680002579	7.25215751686e-05	0	0.000273970395081	0.000612404412535	0.000829969138041	0	0	0	0	0.00041498456902	0	0	8.46085043634e-05	0	0.000551969766561	0	0	0	0	0	0	0	4.02897639826e-06	0	1.6115905593e-05	0.000435129451012	4.43187403808e-05	0	4.02897639826e-05	0.000555998742959	0	0	0	0.000237709607497	1.6115905593e-05	0	0	0	1.6115905593e-05	1.20869291948e-05	0.00108379465113	4.02897639826e-06	0.000922635595201	0.000858171972829	0.00618850774772	0.000112811339151	0	8.86374807616e-05	0	3.62607875843e-05	2.01448819913e-05	0	0	0
0.000157130079532	0.00222802394824	0.000427071498215	0	0	0	0	3.62607875843e-05	0.00016115905593	0.00250602331972	0	8.05795279651e-06	0	4.43187403808e-05	0.000116840315549	0	0.0254550728842	0.000201448819913	0	0.000386781734233	0	0.00314260159064	0.0080821266549	0.00702653483856	0.0117484951773	0.000592259530544	0.00153101103134	0.00458497514122	0.00410955592622	0.000209506772709	0.000511680002579	0	1.6115905593e-05	0.000443187403808	0.0013899968574	8.05795279651e-06	0.000334405041055	3.22318111861e-05	0	0	4.02897639826e-06	4.02897639826e-06	7.65505515669e-05	3.62607875843e-05	0.00772354775546	4.02897639826e-05	1.20869291948e-05	1.20869291948e-05	1.20869291948e-05	3.22318111861e-05	1.20869291948e-05	0.00330778962297	0.000189361890718	1.20869291948e-05	7.25215751686e-05	0	0.00269941418683	0.00810630051329	7.25215751686e-05	0.00421430931258	1.6115905593e-05	6.84925987704e-05	0.000898461736811	0.00537868349167	0	0	4.02897639826e-06	0	0	4.02897639826e-06	0.00281625450238	0.000938751500794	0.000310231182666	0.000197419843515	8.46085043634e-05	2.82028347878e-05	4.02897639826e-06	0.000858171972829	0.000769534492067	6.04346459738e-05	6.04346459738e-05	8.05795279651e-06	4.02897639826e-06	0
7.65505515669e-05	0.000225622678302	0.00841653169596	0	0	0	4.02897639826e-06	0.000213535749108	7.65505515669e-05	0	8.05795279651e-06	0.00195808252955	4.02897639826e-06	4.02897639826e-06	4.02897639826e-05	8.05795279651e-05	0.000201448819913	0.0310110313374	0.000112811339151	0.00717963594169	1.20869291948e-05	0.00266718237565	2.41738583895e-05	0.0106405266678	0.000197419843515	0	0.00735691090322	0.00338836915093	0.000382752757834	0.000306202206267	0.00558416128798	0	1.6115905593e-05	0.00016115905593	0.00950032634709	0	0.000100724409956	0.000487506144189	0	0	0	0	4.02897639826e-06	0	4.02897639826e-06	4.02897639826e-06	0	0	0	4.02897639826e-06	0	4.02897639826e-05	0.000229651654701	0	4.02897639826e-05	0	4.43187403808e-05	4.83477167791e-05	0.000189361890718	4.02897639826e-06	0	0.000269941418683	0.000866229925625	0	4.02897639826e-06	0	0	0	4.02897639826e-06	0	0.00477836600833	0.00216356032586	0.00499995971024	0.0011643741791	6.44636223721e-05	4.83477167791e-05	4.02897639826e-06	7.25215751686e-05	0.000229651654701	1.6115905593e-05	1.20869291948e-05	0	0	0
6.44636223721e-05	4.02897639826e-06	4.83477167791e-05	0	7.65505515669e-05	0	0.000866229925625	0.000124898268346	2.82028347878e-05	8.05795279651e-06	0.000209506772709	0.00833998114439	0.00109588158033	0.00016115905593	0.000543911813765	4.02897639826e-06	0	0.000112811339151	0.01195800195	0.00533436475129	0.00108782362753	2.01448819913e-05	0	6.04346459738e-05	2.01448819913e-05	0.000197419843515	0.00527393010532	0.00053182488457	0.000427071498215	0.001385967881	4.83477167791e-05	0.000153101103134	0.000197419843515	8.05795279651e-05	0.0030015874167	0	1.20869291948e-05	4.02897639826e-06	0	8.05795279651e-06	0	0	0	0	4.02897639826e-06	8.05795279651e-06	4.02897639826e-06	0	0.000282028347878	0	0	0	0	0.000350520946648	0.000584201577747	8.05795279651e-06	0	0	0	1.20869291948e-05	4.02897639826e-05	0.00149877922015	0.000753418586474	8.05795279651e-06	0	0	0.000229651654701	0	0	0	0.00114020032071	0.00217967623146	0.00109588158033	0.000290086300674	0	0.000354549923047	2.82028347878e-05	0.000330376064657	5.64056695756e-05	4.02897639826e-06	4.02897639826e-06	1.20869291948e-05	0	0
0.000282028347878	2.41738583895e-05	0.00132553323503	0	0.000273970395081	1.20869291948e-05	0.00169217008727	0.00201448819913	0.000229651654701	8.05795279651e-06	0.00143028662138	0.0122843490383	0.00235695119298	4.43187403808e-05	0.000697012916898	2.41738583895e-05	0.000386781734233	0.00717963594169	0.00533436475129	0.0363494250651	0.00271553009242	0.000672839058509	1.6115905593e-05	0.00216356032586	0.000628520318128	4.02897639826e-06	0.0192907389949	0.0018573581196	0.00244961765014	0.00479045293753	0.00191779276557	0	0.000225622678302	0.00170425701646	0.0188112908035	0	5.23766931773e-05	5.64056695756e-05	0	0.000189361890718	0	8.05795279651e-06	2.41738583895e-05	1.6115905593e-05	0.000141014173939	0.000193390867116	4.02897639826e-06	2.41738583895e-05	0	1.20869291948e-05	0	1.6115905593e-05	4.43187403808e-05	0	8.05795279651e-06	0.000217564725506	2.41738583895e-05	5.23766931773e-05	6.84925987704e-05	0.000386781734233	4.02897639826e-06	0.000793708350456	0.000358578899445	0.000282028347878	1.20869291948e-05	0	0	0	4.02897639826e-06	4.02897639826e-06	0.00817479311206	0.00608375436137	0.0103020926503	0.00167605418167	1.6115905593e-05	0.000338434017454	2.82028347878e-05	0.000560027719358	6.44636223721e-05	1.20869291948e-05	1.20869291948e-05	0.00018533291432	0	0
0.000656723152916	0	0	0	0.00442381608529	8.05795279651e-06	0.00827551752202	0.00132956221142	0.00197016945875	0.000169217008727	0.00579769703709	0.0025503420601	0.018472856786	5.64056695756e-05	0.00592662428183	0.00025382551309	0	1.20869291948e-05	0.00108782362753	0.00271553009242	0.0254711887898	4.02897639826e-06	0	4.02897639826e-06	0.00199434331714	0	0.00248990741412	3.22318111861e-05	0.00512888695498	0.00764296822749	4.02897639826e-06	0	0.000342462993852	0.000402897639826	0.00663169515153	0	0	0	0	0.000535853860968	0	0	0	8.05795279651e-06	0.000302173229869	0.000447216380206	4.02897639826e-06	4.43187403808e-05	0	4.02897639826e-06	0	0	8.05795279651e-06	0	2.41738583895e-05	0.000725215751686	0	0	4.02897639826e-06	0.000850114020032	0	0	0	0.000390810710631	0	0	0	0	0	1.20869291948e-05	0.000729244728084	3.22318111861e-05	0.00220787906624	0.000120869291948	0.000547940790163	0.000406926616224	0	5.23766931773e-05	0	6.04346459738e-05	4.83477167791e-05	3.62607875843e-05	0	0
0.000616433388933	8.05795279651e-06	0.00178886552083	0	0	9.66954335582e-05	8.86374807616e-05	0.00445604789647	0.000773563468465	0	4.02897639826e-06	0.000282028347878	0	0	0.000302173229869	0	0.00314260159064	0.00266718237565	2.01448819913e-05	0.000672839058509	4.02897639826e-06	0.0474049363019	0.000813853232448	0.0285452977816	0.000858171972829	0	0.000991128193971	0.000479448191392	0.00383961450754	0.000926664571599	0.0118049008469	0	0.000213535749108	0.000318289135462	0.00841250271956	2.41738583895e-05	0	2.01448819913e-05	0	0	0	0	1.6115905593e-05	1.20869291948e-05	0.000527795908172	1.6115905593e-05	0	0	0	4.43187403808e-05	0	0.00167605418167	3.62607875843e-05	0	2.01448819913e-05	0	0.0011643741791	0.00349715151369	0.000141014173939	0.000100724409956	0	5.64056695756e-05	6.84925987704e-05	0.000942780477192	8.05795279651e-06	0	0	0	0	0	0.00334002143415	0.000793708350456	0.00764296822749	0.00285251528997	0.0016075615829	0.000398868663427	8.05795279651e-06	0.000233680631099	0.00016115905593	1.20869291948e-05	8.05795279651e-06	0	0	0
0	0.00632549294526	3.62607875843e-05	0	0	0	0	0	0	0.00425459907656	0	0	4.02897639826e-06	0.00016115905593	0	0	0.0080821266549	2.41738583895e-05	0	1.6115905593e-05	0	0.000813853232448	0.0244679736666	0.0066961587739	0.00501607561583	0.0018533291432	0.00134164914062	0.0114221480891	0.000306202206267	0	0	0	0	0	8.05795279651e-06	0	0.000757447562872	4.02897639826e-06	0	4.02897639826e-06	4.02897639826e-05	0	1.20869291948e-05	1.6115905593e-05	0.00249796536692	1.20869291948e-05	0	3.22318111861e-05	0	1.20869291948e-05	4.83477167791e-05	0.00890403784015	8.05795279651e-06	0	0	4.02897639826e-06	0.000926664571599	0.0107855698181	4.02897639826e-06	0.00219982111345	6.04346459738e-05	8.05795279651e-06	0.00292100788874	0.00176066268604	0	0	0	0	0	0	0.000237709607497	0.000157130079532	4.02897639826e-06	0	0	0	0	5.23766931773e-05	5.23766931773e-05	4.02897639826e-06	8.05795279651e-06	4.43187403808e-05	4.02897639826e-06	0
0.000362607875843	6.84925987704e-05	0.0137750703056	0	0	0.000201448819913	0.000165188032329	0.00456885923562	0.000543911813765	4.02897639826e-06	4.02897639826e-06	0.000886374807616	0	8.05795279651e-06	0.000128927244744	2.82028347878e-05	0.00702653483856	0.0106405266678	6.04346459738e-05	0.00216356032586	4.02897639826e-06	0.0285452977816	0.0066961587739	0.0822152923828	0.0011563162263	0	0.00261077670607	0.00794917043376	0.00174857575684	0.000519737955375	0.00860186461028	0	0.00027799937148	0.000463332285799	0.00869050209104	3.22318111861e-05	4.83477167791e-05	0.000145043150337	0	0	0	0	6.84925987704e-05	4.83477167791e-05	0.00119660599028	6.84925987704e-05	8.05795279651e-06	0	8.05795279651e-06	0.000104753386355	0	0.00977832571857	0.000141014173939	4.02897639826e-06	6.44636223721e-05	0	0.00218370520785	0.0139805481019	0.00171634394566	0.000451245356605	0	0.000116840315549	0.000850114020032	0.00190973481277	1.6115905593e-05	0	0	0	0	1.6115905593e-05	0.0112851628915	0.00151489512574	0.0123246388023	0.00589439247065	0.00493952506426	0.000999186146768	2.41738583895e-05	0.00130538835304	0.000394839687029	0.000173245985125	0.000108782362753	0	0	0
0.000189361890718	0.00183318426121	0.000527795908172	0	0.00817882208846	0.000431100474613	0.000217564725506	0.00148669229096	0.000193390867116	0.0118814513985	9.66954335582e-05	0.000523766931773	0.00238112505137	4.43187403808e-05	0.000302173229869	0.00183318426121	0.0117484951773	0.000197419843515	2.01448819913e-05	0.000628520318128	0.00199434331714	0.000858171972829	0.00501607561583	0.0011563162263	0.0487909041829	0.000294115277073	0.00174051780405	0.00273970395081	0.0167968026043	0.00321512316581	0.00043915842741	0	9.26664571599e-05	0.00422236726537	0.00545523404324	3.22318111861e-05	0.000294115277073	9.26664571599e-05	0	0.00509665514379	0.000265912442285	4.43187403808e-05	0.0006929839405	0.000136985197541	0.0203664756932	0.00180901040282	7.65505515669e-05	0.000358578899445	5.64056695756e-05	0.000221593701904	0.000286057324276	0.000435129451012	0.000302173229869	4.83477167791e-05	0.000930693547997	0.00549955278362	0.00109185260393	0.00362607875843	0.000197419843515	0.0196614048235	8.05795279651e-06	0.000124898268346	0.000789679374058	0.00637384066204	0.000535853860968	4.02897639826e-06	2.41738583895e-05	0	0.000269941418683	0.000491535120587	0.00467361262198	0.000660752129314	0.00238515402777	0.00165590929968	0.00410149797342	0.0011522872499	1.20869291948e-05	0.00101127307596	0.000640607247323	0.0018493001668	0.00130135937664	0.00027799937148	2.82028347878e-05	0
0	0.00423445419457	0	0	0	0	0	0	0	0.000741331657279	0	0.00316677544903	0	0.0120506684072	0	0	0.000592259530544	0	0.000197419843515	4.02897639826e-06	0	0	0.0018533291432	0	0.000294115277073	0.021204502784	0.00962925359183	0.0101449625708	2.41738583895e-05	0	0	0.000479448191392	0	0	4.02897639826e-06	0	0.0053101908929	0	0	0	0	0	0	4.02897639826e-06	0	0	0.000958896382785	8.05795279651e-06	0.0048549165599	0	0	0	9.66954335582e-05	2.01448819913e-05	8.46085043634e-05	8.05795279651e-06	0	4.02897639826e-06	0	0	0.00446007687287	0.00153906898413	0.00803377893812	0	8.05795279651e-06	0	0.000157130079532	0	0	4.02897639826e-05	0	1.6115905593e-05	4.02897639826e-06	0	0	0	3.62607875843e-05	0.000112811339151	0.000793708350456	0.000193390867116	4.02897639826e-06	0	0	0.000688954964102
0.000318289135462	0.00537062553888	0.00807003972571	0	0.000374694805038	3.62607875843e-05	0.000906519689608	0.00365831056962	0.00027799937148	0.000729244728084	0.00239321198056	0.014790372358	0.00159547465371	0.0076187943691	0.000402897639826	8.05795279651e-05	0.00153101103134	0.00735691090322	0.00527393010532	0.0192907389949	0.00248990741412	0.000991128193971	0.00134164914062	0.00261077670607	0.00174051780405	0.00962925359183	0.0966752886762	0.0332068234744	0.00364219466402	0.00632549294526	0.00155921386613	0.00189764788358	0.000136985197541	0.00293712379433	0.0129128693564	4.02897639826e-06	0.0117202923425	0.00221593701904	0	0.000423042521817	4.02897639826e-06	2.01448819913e-05	3.22318111861e-05	4.43187403808e-05	0.000471390238596	0.000431100474613	0.000181303937922	5.23766931773e-05	0.00340448505653	1.20869291948e-05	4.02897639826e-06	6.84925987704e-05	0.00219579213705	0.000459303309401	0.00294115277073	0.000527795908172	2.01448819913e-05	0.000354549923047	0.000128927244744	0.00102738898156	0.00390810710631	0.0143270400722	0.0192826810421	0.000737302680881	2.82028347878e-05	0	0.000467361262198	0	8.05795279651e-06	3.22318111861e-05	0.0159144567731	0.0128604926632	0.011482582735	0.00148669229096	2.41738583895e-05	0.000136985197541	5.23766931773e-05	0.00156727181892	0.00127315654185	0.000181303937922	5.64056695756e-05	0.000249796536692	0	6.04346459738e-05
2.41738583895e-05	0.027679067856	0.0109547868269	0	9.26664571599e-05	8.05795279651e-06	2.01448819913e-05	0.000572114648552	4.02897639826e-05	0.00163979339409	9.26664571599e-05	0.00183318426121	8.05795279651e-06	0.00625297137009	2.82028347878e-05	0.000116840315549	0.00458497514122	0.00338836915093	0.00053182488457	0.0018573581196	3.22318111861e-05	0.000479448191392	0.0114221480891	0.00794917043376	0.00273970395081	0.0101449625708	0.0332068234744	0.0992780074294	0.0016115905593	0.00136582299901	0.000330376064657	0.000149072126735	2.01448819913e-05	0.0013940258338	0.00321915214221	4.02897639826e-06	0.0253583774506	0.00110796850952	0	8.05795279651e-05	0	8.05795279651e-06	4.02897639826e-06	8.05795279651e-06	0.00113214236791	9.26664571599e-05	6.84925987704e-05	4.02897639826e-06	0.000644636223721	1.20869291948e-05	0	0.00897655941531	0.00331987655216	1.6115905593e-05	0.00153906898413	8.05795279651e-05	5.23766931773e-05	0.0147621695232	0.00078565039766	0.00107976567473	0.00306605103907	0.00368248442801	0.0378482042852	0.000128927244744	4.02897639826e-06	0	3.62607875843e-05	0	0	0.000116840315549	0.0108822652517	0.00152295307854	0.00511277104939	0.00121272189588	0.000217564725506	0.000475419214994	5.23766931773e-05	0.00104350488715	0.000306202206267	0.000165188032329	7.25215751686e-05	8.05795279651e-06	0	5.64056695756e-05
0.00511277104939	8.05795279651e-05	0.000906519689608	0	0.0078645619294	0.000555998742959	0.00225219780663	0.0170425701646	0.00558819026438	0.00404509230385	0.00539882837366	0.00255437103649	0.00267524032844	8.46085043634e-05	0.00682105704225	0.000753418586474	0.00410955592622	0.000382752757834	0.000427071498215	0.00244961765014	0.00512888695498	0.00383961450754	0.000306202206267	0.00174857575684	0.0167968026043	2.41738583895e-05	0.00364219466402	0.0016115905593	0.0732629068259	0.0193390867116	0.0153342841718	0	0.00105962079274	0.0157855295284	0.0220505878277	0	2.41738583895e-05	6.84925987704e-05	0	0.00999186146768	9.26664571599e-05	8.05795279651e-06	0.000132956221142	3.22318111861e-05	0.0173447433945	0.00205074898671	5.64056695756e-05	0.000503622049782	4.83477167791e-05	5.23766931773e-05	0.000108782362753	4.83477167791e-05	0.000181303937922	4.02897639826e-05	0.000801766303253	0.00811435846609	0.00016115905593	0.000100724409956	0.000209506772709	0.0174938155212	0	9.26664571599e-05	0.000431100474613	0.00728438932805	8.05795279651e-05	0	1.6115905593e-05	0	4.43187403808e-05	0.000165188032329	0.00712323027212	0.00071715779889	0.0119539729736	0.00634966680365	0.00223608190103	0.00257451591849	4.02897639826e-05	0.00134164914062	0.00041498456902	0.00142222866858	0.00118451906109	9.26664571599e-05	1.6115905593e-05	0
0.015165067163	2.41738583895e-05	0.000648665200119	0	0.000697012916898	0.000378723781436	0.00703056381496	0.0160594999234	0.011148177694	2.41738583895e-05	0.00501204663943	0.00744554838398	0.00713128822491	0.000539882837366	0.0297660776303	0.000511680002579	0.000209506772709	0.000306202206267	0.001385967881	0.00479045293753	0.00764296822749	0.000926664571599	0	0.000519737955375	0.00321512316581	0	0.00632549294526	0.00136582299901	0.0193390867116	0.0661034157662	0.0271069532075	0	0.00477836600833	0.0202375484484	0.0303543081845	4.02897639826e-06	1.6115905593e-05	4.02897639826e-05	0	0.000576143624951	4.02897639826e-06	2.82028347878e-05	6.84925987704e-05	0.000209506772709	0.000523766931773	0.000592259530544	3.62607875843e-05	6.44636223721e-05	2.41738583895e-05	5.64056695756e-05	4.02897639826e-06	4.02897639826e-06	8.46085043634e-05	2.41738583895e-05	0.00027799937148	0.000697012916898	6.84925987704e-05	0	9.66954335582e-05	0.00170425701646	0	4.02897639826e-05	0.000225622678302	0.00110796850952	4.02897639826e-05	0	1.20869291948e-05	8.05795279651e-06	1.20869291948e-05	0.000116840315549	0.00525781419972	0.000684925987704	0.0149192996027	0.00538674144447	0.000745360633677	0.00365428159322	0.000100724409956	0.00132553323503	2.01448819913e-05	0.000616433388933	0.000604346459738	0.000479448191392	8.05795279651e-06	0
0.0138838526684	2.41738583895e-05	0.00131747528223	0	6.84925987704e-05	0.000136985197541	0.000330376064657	0.0126993336073	0.0103141795795	0	7.65505515669e-05	0.00172843087485	4.02897639826e-06	5.23766931773e-05	0.0108339175349	7.25215751686e-05	0.000511680002579	0.00558416128798	4.83477167791e-05	0.00191779276557	4.02897639826e-06	0.0118049008469	0	0.00860186461028	0.00043915842741	0	0.00155921386613	0.000330376064657	0.0153342841718	0.0271069532075	0.0558577287854	0	0.000374694805038	0.012099016124	0.019028855529	0	0	6.84925987704e-05	0	0	0	0	0	0	0	0	0	0	0	0	0	4.02897639826e-06	0	0	0	0	8.05795279651e-06	0	4.83477167791e-05	4.02897639826e-06	0	0	9.26664571599e-05	0	0	0	0	0	0	0	0.00094680945359	0.000189361890718	0.00902893610849	0.00204269103392	0.000394839687029	0.000431100474613	2.82028347878e-05	0.000209506772709	4.83477167791e-05	0	0	0	0	0
0	0	0	0	0	0	0	0	0	0	0	0.00113214236791	0	0.00119257701388	0	0	0	0	0.000153101103134	0	0	0	0	0	0	0.000479448191392	0.00189764788358	0.000149072126735	0	0	0	0.00201851717553	0	0	0	0	0	0	0	0	0	0	0	4.02897639826e-06	0	0	1.20869291948e-05	4.02897639826e-06	0.000354549923047	0	0	0	0	4.02897639826e-06	0	4.02897639826e-06	0	0	0	0	0.000104753386355	6.44636223721e-05	0.000193390867116	0	0	0	8.05795279651e-06	0	0	4.02897639826e-06	8.46085043634e-05	0.000157130079532	3.22318111861e-05	8.05795279651e-06	0	1.20869291948e-05	4.02897639826e-06	4.83477167791e-05	0.000132956221142	2.82028347878e-05	0	0	0	0
0.000282028347878	0	1.6115905593e-05	0	4.02897639826e-06	0.00282431245518	0.00722395468207	0.00150683717295	0.00844876350714	4.02897639826e-06	0.00182109733201	0.000660752129314	0.000817882208846	0.000825940161643	0.00922232697561	0.000273970395081	1.6115905593e-05	1.6115905593e-05	0.000197419843515	0.000225622678302	0.000342462993852	0.000213535749108	0	0.00027799937148	9.26664571599e-05	0	0.000136985197541	2.01448819913e-05	0.00105962079274	0.00477836600833	0.000374694805038	0	0.0142706344026	0.000515708978977	0.00458497514122	0	0	4.02897639826e-06	0	0	0	0	0	0.000165188032329	0	4.02897639826e-06	4.02897639826e-06	8.05795279651e-06	0	3.62607875843e-05	0	0	1.6115905593e-05	0	4.43187403808e-05	8.05795279651e-06	2.41738583895e-05	0	1.20869291948e-05	0.000132956221142	0	0	0	2.41738583895e-05	4.02897639826e-06	0	0	8.05795279651e-06	0	8.05795279651e-05	0.00247379150853	0.000197419843515	0.003227210095	0.00239724095696	0.000701041893297	0.00315468851983	7.25215751686e-05	0.000233680631099	0	0.000165188032329	0.000132956221142	2.82028347878e-05	4.02897639826e-06	0
0.00104350488715	2.82028347878e-05	0.000640607247323	0	0.000338434017454	0.00041498456902	0.000241738583895	0.00872273390222	0.00130941732943	0.000221593701904	0.0011643741791	0.00251005229611	8.46085043634e-05	0.000104753386355	0.00361399182924	0.000612404412535	0.000443187403808	0.00016115905593	8.05795279651e-05	0.00170425701646	0.000402897639826	0.000318289135462	0	0.000463332285799	0.00422236726537	0	0.00293712379433	0.0013940258338	0.0157855295284	0.0202375484484	0.012099016124	0	0.000515708978977	0.0259949557215	0.0202778382124	0	2.01448819913e-05	3.62607875843e-05	0	0.000282028347878	0	8.05795279651e-06	4.83477167791e-05	1.6115905593e-05	0.000539882837366	0.000314260159064	2.01448819913e-05	8.05795279651e-06	4.02897639826e-05	2.41738583895e-05	0	2.41738583895e-05	7.25215751686e-05	2.01448819913e-05	0.000273970395081	0.000286057324276	8.46085043634e-05	0	0.000120869291948	0.00151086614935	0	6.04346459738e-05	0.000229651654701	0.00105559181634	2.41738583895e-05	0	2.01448819913e-05	0	4.02897639826e-06	2.41738583895e-05	0.00431100474613	0.000451245356605	0.0107976567473	0.0053222778221	0.000797737326855	0.00265912442285	6.44636223721e-05	0.000983070241175	4.02897639826e-05	0.000475419214994	0.000539882837366	7.25215751686e-05	4.02897639826e-06	0
0.00311439875585	6.44636223721e-05	0.00290892095954	0	0.000733273704483	0.00154309796053	0.00350118049008	0.0104995124939	0.00434323655732	0.00027799937148	0.00455274333003	0.0164785134689	0.0050765102618	0.0016075615829	0.00952852918188	0.000829969138041	0.0013899968574	0.00950032634709	0.0030015874167	0.0188112908035	0.00663169515153	0.00841250271956	8.05795279651e-06	0.00869050209104	0.00545523404324	4.02897639826e-06	0.0129128693564	0.00321915214221	0.0220505878277	0.0303543081845	0.019028855529	0	0.00458497514122	0.0202778382124	0.0801524564669	4.02897639826e-06	1.6115905593e-05	0.000112811339151	0	0.000684925987704	4.02897639826e-06	6.84925987704e-05	8.05795279651e-05	0.000298144253471	0.00087831685482	0.000757447562872	4.83477167791e-05	0.000165188032329	6.04346459738e-05	0.000149072126735	4.02897639826e-06	4.83477167791e-05	0.000136985197541	3.22318111861e-05	0.000382752757834	0.000910548666006	0.000173245985125	8.05795279651e-06	0.000354549923047	0.00281625450238	0	8.86374807616e-05	0.000406926616224	0.00178886552083	8.05795279651e-05	0	3.62607875843e-05	8.05795279651e-06	1.20869291948e-05	0.000165188032329	0.0124011893538	0.00157935874812	0.0373647271174	0.0112005543872	0.00141819969219	0.00571308853273	0.000233680631099	0.00217161827866	0.000136985197541	0.00102738898156	0.000858171972829	0.000676868034907	8.05795279651e-06	0
0	0	0	0	4.02897639826e-06	0	0	0	0	8.05795279651e-06	4.02897639826e-06	0	0.000128927244744	0	0	0	8.05795279651e-06	0	0	0	0	2.41738583895e-05	0	3.22318111861e-05	3.22318111861e-05	0	4.02897639826e-06	4.02897639826e-06	0	4.02897639826e-06	0	0	0	0	4.02897639826e-06	0.0169942224478	0	0	0	0.000729244728084	0	0.000386781734233	0.00793708350456	0.00384767246033	3.22318111861e-05	0.00340045608013	8.46085043634e-05	0.000398868663427	1.6115905593e-05	0.0126429279377	8.05795279651e-06	0	0.00267524032844	1.20869291948e-05	4.83477167791e-05	0.00211924158548	0.000362607875843	8.05795279651e-06	0.00171231496926	0.00085414299643	0	4.43187403808e-05	1.20869291948e-05	0.00166799622888	0.00618044979493	0.00103947591075	8.05795279651e-06	4.02897639826e-06	0.000165188032329	0.00104350488715	1.20869291948e-05	0	2.41738583895e-05	0	0	0	0	4.43187403808e-05	4.02897639826e-06	0.000286057324276	0.000116840315549	5.23766931773e-05	1.20869291948e-05	0
0	0.0185413493848	0.000225622678302	0	0	0	0	0	0	0.000193390867116	0	5.23766931773e-05	0	0.00109588158033	0	0	0.000334405041055	0.000100724409956	1.20869291948e-05	5.23766931773e-05	0	0	0.000757447562872	4.83477167791e-05	0.000294115277073	0.0053101908929	0.0117202923425	0.0253583774506	2.41738583895e-05	1.6115905593e-05	0	0	0	2.01448819913e-05	1.6115905593e-05	0	0.0348869066325	0.000358578899445	0	0	0	4.02897639826e-06	0	0	0.00196211150595	4.02897639826e-06	7.25215751686e-05	4.02897639826e-06	0.000709099846093	4.02897639826e-06	0	9.26664571599e-05	0.00154712693693	2.01448819913e-05	0.000471390238596	0	8.05795279651e-06	0.00456080128283	2.01448819913e-05	0.00151086614935	0.00521752443574	0.00120466394308	0.0313373784256	1.20869291948e-05	0	0	2.01448819913e-05	0	0	0.000120869291948	0.000173245985125	2.82028347878e-05	3.62607875843e-05	4.02897639826e-06	4.02897639826e-06	4.02897639826e-06	0	0.000705070869695	0.000181303937922	0.000112811339151	2.41738583895e-05	0	0	8.05795279651e-05
