5937	0	16	0	23	21	97	2299	3841	0	350	80	133	4	2856	4	39	19	16	70	163	153	0	90	47	0	79	6	1269	3764	3446	0	70	259	773	0	0	0	0	0	0	0	0	0	0	0	0	0	0	0	0	0	0	0	0	0	0	0	0	0	0	0	0	0	0	0	0	0	0	0	18	10	463	102	42	22	1	1	0	0	0	0	0	0
0	7645	251	0	0	0	0	0	0	481	0	2	0	108	0	0	553	56	1	6	0	2	1570	17	455	1051	1333	6870	20	6	6	0	0	7	16	0	4602	248	0	0	0	1	0	0	283	0	0	1	5	1	0	23	542	0	67	0	1	627	5	230	128	80	5193	2	0	0	1	0	0	24	95	11	35	3	4	2	0	57	7	24	6	0	0	0
16	251	9063	0	0	0	0	68	17	0	0	67	0	1	11	21	106	2089	12	329	0	444	9	3419	131	0	2003	2719	225	161	327	0	4	159	722	0	56	468	0	7	0	1	2	1	10	9	0	1	1	2	0	463	196	1	72	7	19	359	317	5	0	251	749	20	0	0	0	0	0	0	1913	216	1277	350	125	117	10	409	101	15	13	0	0	0
0	0	0	0	0	0	0	0	0	0	0	0	0	0	0	0	0	0	0	0	0	0	0	0	0	0	0	0	0	0	0	0	0	0	0	0	0	0	0	0	0	0	0	0	0	0	0	0	0	0	0	0	0	0	0	0	0	0	0	0	0	0	0	0	0	0	0	0	0	0	0	0	0	0	0	0	0	0	0	0	0	0	0	0
23	0	0	0	4855	2	111	205	20	652	118	103	957	5	66	134	0	0	19	68	1098	0	0	0	2030	0	93	23	1952	173	17	0	1	84	182	1	0	0	0	1943	3	0	0	4	902	189	3	272	0	2	7	0	0	2	7	1587	0	0	0	949	0	0	0	334	1	0	0	0	0	2	49	2	128	7	293	13	0	3	0	10	6	3	2	0
21	0	0	0	2	1425	785	28	488	32	11	3	6	26	52	416	0	0	0	3	2	24	0	50	107	0	9	2	138	94	34	0	701	103	383	0	0	0	0	0	0	0	0	10	0	0	0	0	0	1	0	0	1	0	3	0	8	0	9	5	0	0	0	7	0	0	0	0	0	3	269	4	230	234	346	397	6	38	0	9	9	0	1	0
97	0	0	0	111	785	11685	1662	5762	23	3627	400	3635	34	3643	325	0	1	215	420	2054	22	0	41	54	0	225	5	559	1745	82	0	1793	60	869	0	0	0	0	2	0	0	0	6	1	1	0	1	0	2	0	0	0	0	3	3	0	0	0	7	0	0	0	4	0	0	0	0	0	3	344	15	317	141	347	419	6	26	0	13	9	8	0	0
2299	0	68	0	205	28	1662	13029	3920	0	2719	812	11	17	2635	17	9	53	31	500	330	1106	0	1134	369	0	908	142	4230	3986	3152	0	374	2165	2606	0	0	0	0	150	0	0	0	1	266	128	0	7	0	1	0	0	0	0	2	204	5	0	5	324	0	0	0	213	2	0	0	0	1	0	110	51	1810	270	52	113	7	7	0	7	5	0	1	0
3841	0	17	0	20	488	5762	3920	12874	0	3061	61	865	150	5152	36	40	19	7	57	489	192	0	135	48	0	69	10	1387	2767	2560	0	2097	325	1078	0	0	0	0	0	0	0	0	17	0	0	0	1	0	3	0	0	3	0	3	1	3	0	0	8	0	0	0	5	0	0	0	0	0	6	360	22	747	442	179	592	13	28	0	15	14	3	1	0
0	481	0	0	652	32	23	0	0	4567	1	4	296	19	5	177	622	0	2	2	42	0	1056	1	2949	184	181	407	1004	6	0	0	1	55	69	2	48	5	0	948	22	2	52	12	2397	106	4	34	1	19	25	9	12	3	48	869	21	258	3	2166	9	8	81	492	30	0	1	0	19	15	119	2	15	9	725	5	1	29	22	77	64	25	2	0
350	0	0	0	118	11	3627	2719	3061	1	8252	449	1018	5	1548	12	0	2	52	355	1439	1	0	1	24	0	594	23	1340	1244	19	0	452	289	1130	1	0	0	0	211	0	0	0	1	178	110	1	14	0	1	0	0	0	0	2	318	0	0	0	344	0	0	0	130	1	0	0	0	0	3	78	5	605	23	9	20	0	2	0	6	6	0	0	0
80	2	67	0	103	3	400	812	61	4	449	10148	505	1713	509	17	2	486	2070	3049	633	70	0	220	130	786	3671	455	634	1848	429	281	164	623	4090	0	13	2	0	82	0	2	7	8	66	85	222	5	965	3	0	0	0	67	106	94	4	0	9	171	124	508	329	138	4	0	85	0	1	3	751	1136	2068	255	1	147	154	164	356	59	4	27	0	124
133	0	0	0	957	6	3635	11	865	296	1018	505	10149	45	2025	436	0	1	272	585	4585	0	1	0	591	0	396	2	664	1770	1	0	203	21	1260	32	0	0	0	76	5	409	11	462	80	639	346	2254	93	571	76	0	7	33	37	1044	1	0	4	100	0	94	0	36	595	0	15	0	0	414	117	9	242	47	445	97	2	61	5	326	45	175	2	0
4	108	1	0	5	26	34	17	150	19	5	1713	45	6253	200	0	11	1	40	11	14	0	40	2	11	2991	1891	1552	21	134	13	296	205	26	399	0	272	0	0	8	0	15	0	81	2	26	253	35	1135	42	0	0	11	6	13	37	2	1	2	4	717	380	938	9	8	0	42	2	0	51	152	225	345	515	0	267	145	52	301	219	42	6	4	176
2856	0	11	0	66	52	3643	2635	5152	5	1548	509	2025	200	12750	110	29	10	135	173	1471	75	0	32	75	0	100	7	1693	7388	2689	0	2289	897	2365	0	0	1	0	3	0	0	1	36	3	5	2	1	0	9	0	0	6	0	11	4	4	0	5	36	0	0	3	8	1	0	0	2	0	19	472	83	1100	489	110	369	19	68	0	43	36	16	0	0
4	0	21	0	134	416	325	17	36	177	12	17	436	0	110	2225	0	20	1	6	63	0	0	7	455	0	20	29	187	127	18	0	68	152	206	0	0	0	0	103	0	0	21	0	137	0	0	0	0	0	0	0	1	0	4	108	11	0	10	138	0	0	0	59	4	0	0	0	4	3	269	1	229	213	1536	28	0	22	0	9	5	0	0	0
39	553	106	0	0	0	0	9	40	622	0	2	0	11	29	0	6318	50	0	96	0	780	2006	1744	2916	147	380	1138	1020	52	127	0	4	110	345	2	83	8	0	0	1	1	19	9	1917	10	3	3	3	8	3	821	47	3	18	0	670	2012	18	1046	4	17	223	1335	0	0	1	0	0	1	699	233	77	49	21	7	1	213	191	15	15	2	1	0
19	56	2089	0	0	0	1	53	19	0	2	486	1	1	10	20	50	7697	28	1782	3	662	6	2641	49	0	1826	841	95	76	1386	0	4	40	2358	0	25	121	0	0	0	0	1	0	1	1	0	0	0	1	0	10	57	0	10	0	11	12	47	1	0	67	215	0	1	0	0	0	1	0	1186	537	1241	289	16	12	1	18	57	4	3	0	0	0
16	1	12	0	19	0	215	31	7	2	52	2070	272	40	135	1	0	28	2968	1324	270	5	0	15	5	49	1309	132	106	344	12	38	49	20	745	0	3	1	0	2	0	0	0	0	1	2	1	0	70	0	0	0	0	87	145	2	0	0	0	3	10	372	187	2	0	0	57	0	0	0	283	541	272	72	0	88	7	82	14	1	1	3	0	0
70	6	329	0	68	3	420	500	57	2	355	3049	585	11	173	6	96	1782	1324	9022	674	167	4	537	156	1	4788	461	608	1189	476	0	56	423	4669	0	13	14	0	47	0	2	6	4	35	48	1	6	0	3	0	4	11	0	2	54	6	13	17	96	1	197	89	70	3	0	0	0	1	1	2029	1510	2557	416	4	84	7	139	16	3	3	46	0	0
163	0	0	0	1098	2	2054	330	489	42	1439	633	4585	14	1471	63	0	3	270	674	6322	1	0	1	495	0	618	8	1273	1897	1	0	85	100	1646	0	0	0	0	133	0	0	0	2	75	111	1	11	0	1	0	0	2	0	6	180	0	0	1	211	0	0	0	97	0	0	0	0	0	3	181	8	548	30	136	101	0	13	0	15	12	9	0	0
153	2	444	0	0	24	22	1106	192	0	1	70	0	0	75	0	780	662	5	167	1	11766	202	7085	213	0	246	119	953	230	2930	0	53	79	2088	6	0	5	0	0	0	0	4	3	131	4	0	0	0	11	0	416	9	0	5	0	289	868	35	25	0	14	17	234	2	0	0	0	0	0	829	197	1897	708	399	99	2	58	40	3	2	0	0	0
0	1570	9	0	0	0	0	0	0	1056	0	0	1	40	0	0	2006	6	0	4	0	202	6073	1662	1245	460	333	2835	76	0	0	0	0	0	2	0	188	1	0	1	10	0	3	4	620	3	0	8	0	3	12	2210	2	0	0	1	230	2677	1	546	15	2	725	437	0	0	0	0	0	0	59	39	1	0	0	0	0	13	13	1	2	11	1	0
90	17	3419	0	0	50	41	1134	135	1	1	220	0	2	32	7	1744	2641	15	537	1	7085	1662	20406	287	0	648	1973	434	129	2135	0	69	115	2157	8	12	36	0	0	0	0	17	12	297	17	2	0	2	26	0	2427	35	1	16	0	542	3470	426	112	0	29	211	474	4	0	0	0	0	4	2801	376	3059	1463	1226	248	6	324	98	43	27	0	0	0
47	455	131	0	2030	107	54	369	48	2949	24	130	591	11	75	455	2916	49	5	156	495	213	1245	287	12110	73	432	680	4169	798	109	0	23	1048	1354	8	73	23	0	1265	66	11	172	34	5055	449	19	89	14	55	71	108	75	12	231	1365	271	900	49	4880	2	31	196	1582	133	1	6	0	67	122	1160	164	592	411	1018	286	3	251	159	459	323	69	7	0
0	1051	0	0	0	0	0	0	0	184	0	786	0	2991	0	0	147	0	49	1	0	0	460	0	73	5263	2390	2518	6	0	0	119	0	0	1	0	1318	0	0	0	0	0	0	1	0	0	238	2	1205	0	0	0	24	5	21	2	0	1	0	0	1107	382	1994	0	2	0	39	0	0	10	0	4	1	0	0	0	9	28	197	48	1	0	0	171
79	1333	2003	0	93	9	225	908	69	181	594	3671	396	1891	100	20	380	1826	1309	4788	618	246	333	648	432	2390	23995	8242	904	1570	387	471	34	729	3205	1	2909	550	0	105	1	5	8	11	117	107	45	13	845	3	1	17	545	114	730	131	5	88	32	255	970	3556	4786	183	7	0	116	0	2	8	3950	3192	2850	369	6	34	13	389	316	45	14	62	0	15
6	6870	2719	0	23	2	5	142	10	407	23	455	2	1552	7	29	1138	841	132	461	8	119	2835	1973	680	2518	8242	24641	400	339	82	37	5	346	799	1	6294	275	0	20	0	2	1	2	281	23	17	1	160	3	0	2228	824	4	382	20	13	3664	195	268	761	914	9394	32	1	0	9	0	0	29	2701	378	1269	301	54	118	13	259	76	41	18	2	0	14
1269	20	225	0	1952	138	559	4230	1387	1004	1340	634	664	21	1693	187	1020	95	106	608	1273	953	76	434	4169	6	904	400	18184	4800	3806	0	263	3918	5473	0	6	17	0	2480	23	2	33	8	4305	509	14	125	12	13	27	12	45	10	199	2014	40	25	52	4342	0	23	107	1808	20	0	4	0	11	41	1768	178	2967	1576	555	639	10	333	103	353	294	23	4	0
3764	6	161	0	173	94	1745	3986	2767	6	1244	1848	1770	134	7388	127	52	76	344	1189	1897	230	0	129	798	0	1570	339	4800	16407	6728	0	1186	5023	7534	1	4	10	0	143	1	7	17	52	130	147	9	16	6	14	1	1	21	6	69	173	17	0	24	423	0	10	56	275	10	0	3	2	3	29	1305	170	3703	1337	185	907	25	329	5	153	150	119	2	0
3446	6	327	0	17	34	82	3152	2560	0	19	429	1	13	2689	18	127	1386	12	476	1	2930	0	2135	109	0	387	82	3806	6728	13864	0	93	3003	4723	0	0	17	0	0	0	0	0	0	0	0	0	0	0	0	0	1	0	0	0	0	2	0	12	1	0	0	23	0	0	0	0	0	0	0	235	47	2241	507	98	107	7	52	12	0	0	0	0	0
0	0	0	0	0	0	0	0	0	0	0	281	0	296	0	0	0	0	38	0	0	0	0	0	0	119	471	37	0	0	0	501	0	0	0	0	0	0	0	0	0	0	0	1	0	0	3	1	88	0	0	0	0	1	0	1	0	0	0	0	26	16	48	0	0	0	2	0	0	1	21	39	8	2	0	3	1	12	33	7	0	0	0	0
70	0	4	0	1	701	1793	374	2097	1	452	164	203	205	2289	68	4	4	49	56	85	53	0	69	23	0	34	5	263	1186	93	0	3542	128	1138	0	0	1	0	0	0	0	0	41	0	1	1	2	0	9	0	0	4	0	11	2	6	0	3	33	0	0	0	6	1	0	0	2	0	20	614	49	801	595	174	783	18	58	0	41	33	7	1	0
259	7	159	0	84	103	60	2165	325	55	289	623	21	26	897	152	110	40	20	423	100	79	0	115	1048	0	729	346	3918	5023	3003	0	128	6452	5033	0	5	9	0	70	0	2	12	4	134	78	5	2	10	6	0	6	18	5	68	71	21	0	30	375	0	15	57	262	6	0	5	0	1	6	1070	112	2680	1321	198	660	16	244	10	118	134	18	1	0
773	16	722	0	182	383	869	2606	1078	69	1130	4090	1260	399	2365	206	345	2358	745	4669	1646	2088	2	2157	1354	1	3205	799	5473	7534	4723	0	1138	5033	19894	1	4	28	0	170	1	17	20	74	218	188	12	41	15	37	1	12	34	8	95	226	43	2	88	699	0	22	101	444	20	0	9	2	3	41	3078	392	9274	2780	352	1418	58	539	34	255	213	168	2	0
0	0	0	0	1	0	0	0	0	2	1	0	32	0	0	0	2	0	0	0	0	6	0	8	8	0	1	1	0	1	0	0	0	0	1	4218	0	0	0	181	0	96	1970	955	8	844	21	99	4	3138	2	0	664	3	12	526	90	2	425	212	0	11	3	414	1534	258	2	1	41	259	3	0	6	0	0	0	0	11	1	71	29	13	3	0
0	4602	56	0	0	0	0	0	0	48	0	13	0	272	0	0	83	25	3	13	0	0	188	12	73	1318	2909	6294	6	4	0	0	0	5	4	0	8659	89	0	0	0	1	0	0	487	1	18	1	176	1	0	23	384	5	117	0	2	1132	5	375	1295	299	7778	3	0	0	5	0	0	30	43	7	9	1	1	1	0	175	45	28	6	0	0	20
0	248	468	0	0	0	0	0	0	5	0	2	0	0	1	0	8	121	1	14	0	5	1	36	23	0	550	275	17	10	17	0	1	9	28	0	89	6062	0	4	1	6	92	19	21	80	1	0	0	73	1	4	1483	2	20	4	304	18	2191	22	0	1182	2991	120	0	60	0	0	0	58	136	31	35	8	1	5	0	448	189	75	37	2	0	0
0	0	0	0	0	0	0	0	0	0	0	0	0	0	0	0	0	0	0	0	0	0	0	0	0	0	0	0	0	0	0	0	0	0	0	0	0	0	0	0	0	0	0	0	0	0	0	0	0	0	0	0	0	0	0	0	0	0	0	0	0	0	0	0	0	0	0	0	0	0	0	0	0	0	0	0	0	0	0	0	0	0	0	0
0	0	7	0	1943	0	2	150	0	948	211	82	76	8	3	103	0	0	2	47	133	0	1	0	1265	0	105	20	2480	143	0	0	0	70	170	181	0	4	0	7294	89	40	60	37	2721	2480	35	683	6	211	117	1	22	12	116	5469	12	1	10	3628	0	20	15	2682	420	0	1	0	58	110	84	2	161	10	301	0	0	320	42	268	100	104	8	0
0	0	0	0	3	0	0	0	0	22	0	0	5	0	0	0	1	0	0	0	0	0	10	0	66	0	1	0	23	1	0	0	0	0	1	0	0	1	0	89	936	79	3	112	542	14	2	366	0	4	670	0	0	2	9	29	0	11	0	479	0	1	4	9	2	0	0	110	0	5	0	0	1	0	0	0	0	2	0	20	11	594	163	0
0	1	1	0	0	0	0	0	0	2	0	2	409	15	0	0	1	0	0	2	0	0	0	0	11	0	5	2	2	7	0	0	0	2	17	96	1	6	0	40	79	8507	971	3702	12	4827	166	3179	51	1866	1053	0	7	53	87	738	23	0	15	120	0	88	25	275	383	6	14	214	8	271	6	1	25	16	0	1	0	290	8	439	120	689	152	0
0	0	2	0	0	0	0	0	0	52	0	7	11	0	1	21	19	1	0	6	0	4	3	17	172	0	8	1	33	17	0	0	0	12	20	1970	0	92	0	60	3	971	16307	2522	205	5494	288	28	13	6212	55	0	1255	32	343	55	1276	19	1968	2391	0	54	66	5851	1097	2683	8	1	78	1051	16	0	32	11	36	4	0	74	10	949	247	14	10	0
0	0	1	0	4	10	6	1	17	12	1	8	462	81	36	0	9	0	0	4	2	3	4	12	34	1	11	2	8	52	0	1	41	4	74	955	0	19	0	37	112	3702	2522	10367	62	4774	318	1759	118	5124	460	0	496	21	78	1392	232	14	443	387	1	128	31	525	789	462	16	599	16	776	12	3	74	82	5	46	1	483	33	901	408	815	432	0
0	283	10	0	902	0	1	266	0	2397	178	66	80	2	3	137	1917	1	1	35	75	131	620	297	5055	0	117	281	4305	130	0	0	0	134	218	8	487	21	0	2721	542	12	205	62	12022	625	21	1004	16	79	797	331	84	14	325	2435	607	2825	56	9748	117	35	620	3293	125	0	6	0	64	87	92	7	110	23	361	9	1	285	186	577	464	421	44	0
0	0	9	0	189	0	1	128	0	106	110	85	639	26	5	0	10	1	2	48	111	4	3	17	449	0	107	23	509	147	0	0	1	78	188	844	1	80	0	2480	14	4827	5494	4774	625	17652	1115	3218	84	6522	301	1	374	111	811	5548	350	13	507	1700	0	316	151	2986	2100	619	29	5	99	1852	51	1	208	36	22	3	0	854	60	2044	340	486	17	0
0	0	0	0	3	0	0	0	0	4	1	222	346	253	2	0	3	0	1	1	1	0	0	2	19	238	45	17	14	9	0	3	1	5	12	21	18	1	0	35	2	166	288	318	21	1115	6857	689	1850	277	3	0	4	1067	1138	873	18	0	18	91	227	695	64	85	913	1	72	6	1	2645	1	3	7	2	0	2	1	603	773	2876	247	101	2	729
0	1	1	0	272	0	1	7	1	34	14	5	2254	35	1	0	3	0	0	6	11	0	8	0	89	2	13	1	125	16	0	1	2	2	41	99	1	0	0	683	366	3179	28	1759	1004	3218	689	9839	196	2013	1372	0	8	99	98	3315	13	10	9	827	2	228	12	31	1150	0	41	7	0	845	7	1	51	35	7	2	0	278	9	766	114	840	47	0
0	5	1	0	0	0	0	0	0	1	0	965	93	1135	0	0	3	0	70	0	0	0	0	2	14	1205	845	160	12	6	0	88	0	10	15	4	176	0	0	6	0	51	13	118	16	84	1850	196	5833	101	0	0	4	132	19	182	50	0	30	40	1224	1164	703	37	199	0	479	3	0	401	6	22	5	4	0	2	7	523	1376	1418	459	12	6	550
0	1	2	0	2	1	2	1	3	19	1	3	571	42	9	0	8	1	0	3	1	11	3	26	55	0	3	3	13	14	0	0	9	6	37	3138	1	73	0	211	4	1866	6212	5124	79	6522	277	2013	101	14300	101	0	1110	15	44	1682	498	15	1060	624	0	71	58	1032	3182	1043	15	24	42	1000	15	1	63	52	10	13	0	369	20	809	381	244	12	0
0	0	0	0	7	0	0	0	0	25	0	0	76	0	0	0	3	0	0	0	0	0	12	0	71	0	1	0	27	1	0	0	0	0	1	2	0	1	0	117	670	1053	55	460	797	301	3	1372	0	101	2466	0	1	2	11	105	0	13	0	576	0	1	4	17	19	0	0	15	1	10	0	0	1	0	0	0	0	4	0	26	14	859	64	0
0	23	463	0	0	0	0	0	0	9	0	0	0	0	0	0	821	10	0	4	0	416	2210	2427	108	0	17	2228	12	1	1	0	0	6	12	0	23	4	0	1	0	0	0	0	331	1	0	0	0	0	0	6650	7	0	1	1	289	5278	41	1184	2	1	1142	602	0	0	0	0	0	0	83	44	18	15	1	1	0	245	195	0	1	0	0	0
0	542	196	0	0	1	0	0	3	12	0	0	7	11	6	1	47	57	0	11	2	9	2	35	75	24	545	824	45	21	0	0	4	18	34	664	384	1483	0	22	0	7	1255	496	84	374	4	8	4	1110	1	7	9037	6	1662	26	630	43	2432	80	1	956	2194	243	245	696	3	8	2	1021	171	25	15	13	2	9	0	650	669	884	564	21	16	0
0	0	1	0	2	0	0	0	0	3	0	67	33	6	0	0	3	0	87	0	0	0	0	1	12	5	114	4	10	6	0	1	0	5	8	3	5	2	0	12	2	53	32	21	14	111	1067	99	132	15	2	0	6	1942	376	135	29	0	18	52	2	656	99	44	66	0	71	0	0	223	2	0	4	2	1	0	0	508	428	774	194	19	5	0
0	67	72	0	7	3	3	2	3	48	2	106	37	13	11	4	18	10	145	2	6	5	0	16	231	21	730	382	199	69	0	0	11	68	95	12	117	20	0	116	9	87	343	78	325	811	1138	98	19	44	11	1	1662	376	7511	295	97	29	88	500	26	1231	970	270	14	18	11	11	2	1331	32	2	42	24	4	16	1	2033	812	2718	1068	80	23	1
0	0	7	0	1587	0	3	204	1	869	318	94	1044	37	4	108	0	0	2	54	180	0	1	0	1365	2	131	20	2014	173	0	1	2	71	226	526	0	4	0	5469	29	738	55	1392	2435	5548	873	3315	182	1682	105	1	26	135	295	10436	13	1	13	3226	2	333	62	2336	1371	0	51	0	63	1069	97	3	225	39	306	2	0	768	55	1204	130	592	4	0
0	1	19	0	0	8	0	5	3	21	0	4	1	2	4	11	670	11	0	6	0	289	230	542	271	0	5	13	40	17	2	0	6	21	43	90	2	304	0	12	0	23	1276	232	607	350	18	13	50	498	0	289	630	29	97	13	11390	976	5878	241	1	96	158	3604	10	3477	12	18	36	1262	41	3	84	47	42	5	0	713	215	1066	846	11	26	0
0	627	359	0	0	0	0	0	0	258	0	0	0	1	0	0	2012	12	0	13	0	868	2677	3470	900	1	88	3664	25	0	0	0	0	0	2	2	1132	18	0	1	11	0	19	14	2825	13	0	10	0	15	13	5278	43	0	29	1	976	10731	163	2364	158	22	3167	1566	0	0	0	0	0	0	141	90	3	1	1	0	0	252	145	1	1	11	1	0
0	5	317	0	0	9	0	5	0	3	0	9	4	2	5	10	18	47	0	17	1	35	1	426	49	0	32	195	52	24	12	0	3	30	88	425	5	2191	0	10	0	15	1968	443	56	507	18	9	30	1060	0	41	2432	18	88	13	5878	163	12749	94	0	223	1122	1075	155	2154	4	12	0	574	157	5	183	97	85	7	0	1014	186	733	588	11	17	0
0	230	5	0	949	5	7	324	8	2166	344	171	100	4	36	138	1046	1	3	96	211	25	546	112	4880	0	255	268	4342	423	1	0	33	375	699	212	375	22	0	3628	479	120	2391	387	9748	1700	91	827	40	624	576	1184	80	52	500	3226	241	2364	94	18038	81	64	793	7283	957	8	18	2	371	315	226	8	479	78	359	51	1	453	132	1239	762	485	40	0
0	128	0	0	0	0	0	0	0	9	0	124	0	717	0	0	4	0	10	1	0	0	15	0	2	1107	970	761	0	0	0	26	0	0	0	0	1295	0	0	0	0	0	0	1	117	0	227	2	1224	0	0	2	1	2	26	2	1	158	0	81	3051	187	1802	1	2	0	12	0	0	29	0	1	0	0	0	0	0	20	52	11	0	0	0	289
0	80	251	0	0	0	0	0	0	8	0	508	94	380	0	0	17	67	372	197	0	14	2	29	31	382	3556	914	23	10	0	16	0	15	22	11	299	1182	0	20	1	88	54	128	35	316	695	228	1164	71	1	1	956	656	1231	333	96	22	223	64	187	10909	2162	95	221	0	599	4	0	445	101	33	9	5	0	3	1	1475	1639	1446	497	20	18	6
0	5193	749	0	0	0	0	0	0	81	0	329	0	938	3	0	223	215	187	89	0	17	725	211	196	1994	4786	9394	107	56	23	48	0	57	101	3	7778	2991	0	15	4	25	66	31	620	151	64	12	703	58	4	1142	2194	99	970	62	158	3167	1122	793	1802	2162	23937	75	2	27	97	2	0	113	401	46	96	29	6	18	4	1838	657	470	172	9	7	4
0	2	20	0	334	7	4	213	5	492	130	138	36	9	8	59	1335	0	2	70	97	234	437	474	1582	0	183	32	1808	275	0	0	6	262	444	414	3	120	0	2682	9	275	5851	525	3293	2986	85	31	37	1032	17	602	243	44	270	2336	3604	1566	1075	7283	1	95	75	17164	1144	1288	15	8	287	957	130	5	300	30	129	18	1	847	299	1268	699	52	23	0
0	0	0	0	1	0	0	2	0	30	1	4	595	8	1	4	0	1	0	3	0	2	0	4	133	2	7	1	20	10	0	0	1	6	20	1534	0	0	0	420	2	383	1097	789	125	2100	913	1150	199	3182	19	0	245	66	14	1371	10	0	155	957	2	221	2	1144	6811	122	35	83	803	1351	3	0	17	7	9	1	0	93	1	645	19	49	3	0
0	0	0	0	0	0	0	0	0	0	0	0	0	0	0	0	0	0	0	0	0	0	0	0	1	0	0	0	0	0	0	0	0	0	0	258	0	60	0	0	0	6	2683	462	0	619	1	0	0	1043	0	0	696	0	18	0	3477	0	2154	8	0	0	27	1288	122	7899	0	1	82	1488	0	0	0	0	0	0	0	2	1	220	78	1	2	0
0	1	0	0	0	0	0	0	0	1	0	85	15	42	0	0	1	0	57	0	0	0	0	0	6	39	116	9	4	3	0	2	0	5	9	2	5	0	0	1	0	14	8	16	6	29	72	41	479	15	0	0	3	71	11	51	12	0	4	18	12	599	97	15	35	0	680	0	0	61	4	0	2	2	0	2	1	109	95	262	127	1	4	0
0	0	0	0	0	0	0	0	0	0	0	0	0	2	2	0	0	0	0	0	0	0	0	0	0	0	0	0	0	2	0	0	2	0	2	1	0	0	0	0	110	214	1	599	0	5	6	7	3	24	15	0	8	0	11	0	18	0	12	2	0	4	2	8	83	1	0	698	0	32	0	0	2	2	0	2	0	48	3	70	57	145	328	0
0	0	0	0	0	0	0	1	0	19	0	1	0	0	0	4	0	1	0	1	0	0	0	0	67	0	2	0	11	3	0	0	0	1	3	41	0	0	0	58	0	8	78	16	64	99	1	0	0	42	1	0	2	0	2	63	36	0	0	371	0	0	0	287	803	82	0	0	863	37	2	0	3	1	9	0	0	0	0	5	1	0	0	0
0	24	0	0	2	3	3	0	6	15	3	3	414	51	19	3	1	0	0	1	3	0	0	4	122	10	8	29	41	29	0	1	20	6	41	259	30	58	0	110	5	271	1051	776	87	1852	2645	845	401	1000	10	0	1021	223	1331	1069	1262	0	574	315	29	445	113	957	1351	1488	61	32	37	8572	2	0	49	57	4	25	4	140	55	3378	66	72	29	113
18	95	1913	0	49	269	344	110	360	119	78	751	117	152	472	269	699	1186	283	2029	181	829	59	2801	1160	0	3950	2701	1768	1305	235	21	614	1070	3078	3	43	136	0	84	0	6	16	12	92	51	1	7	6	15	0	83	171	2	32	97	41	141	157	226	0	101	401	130	3	0	4	0	2	2	15093	3343	3875	1149	755	903	51	766	189	83	87	44	0	0
10	11	216	0	2	4	15	51	22	2	5	1136	9	225	83	1	233	537	541	1510	8	197	39	376	164	4	3192	378	178	170	47	39	49	112	392	0	7	31	0	2	0	1	0	3	7	1	3	1	22	1	0	44	25	0	2	3	3	90	5	8	1	33	46	5	0	0	0	0	0	0	3343	5099	553	236	7	63	201	236	51	7	7	0	0	0
463	35	1277	0	128	230	317	1810	747	15	605	2068	242	345	1100	229	77	1241	272	2557	548	1897	1	3059	592	1	2850	1269	2967	3703	2241	8	801	2680	9274	6	9	35	0	161	1	25	32	74	110	208	7	51	5	63	1	18	15	4	42	225	84	3	183	479	0	9	96	300	17	0	2	2	3	49	3875	553	14423	4451	1682	1199	170	419	11	222	98	112	4	6
102	3	350	0	7	234	141	270	442	9	23	255	47	515	489	213	49	289	72	416	30	708	0	1463	411	0	369	301	1576	1337	507	2	595	1321	2780	0	1	8	0	10	0	16	11	82	23	36	2	35	4	52	0	15	13	2	24	39	47	1	97	78	0	5	29	30	7	0	2	2	1	57	1149	236	4451	4978	1420	1475	115	323	4	187	82	14	5	6
42	4	125	0	293	346	347	52	179	725	9	1	445	0	110	1536	21	16	0	4	136	399	0	1226	1018	0	6	54	555	185	98	0	174	198	352	0	1	1	0	301	0	0	36	5	361	22	0	7	0	10	0	1	2	1	4	306	42	1	85	359	0	0	6	129	9	0	0	0	9	4	755	7	1682	1420	4669	193	0	21	0	26	8	0	0	0
22	2	117	0	13	397	419	113	592	5	20	147	97	267	369	28	7	12	88	84	101	99	0	248	286	0	34	118	639	907	107	3	783	660	1418	0	1	5	0	0	0	1	4	46	9	3	2	2	2	13	0	1	9	0	16	2	5	0	7	51	0	3	18	18	1	0	2	2	0	25	903	63	1199	1475	193	2251	27	143	4	55	50	9	1	0
1	0	10	0	0	6	6	7	13	1	0	154	2	145	19	0	1	1	7	7	0	2	0	6	3	9	13	13	10	25	7	1	18	16	58	0	0	0	0	0	0	0	0	1	1	0	1	0	7	0	0	0	0	0	1	0	0	0	0	1	0	1	4	1	0	0	1	0	0	4	51	201	170	115	0	27	483	5	2	2	2	0	1	3
1	57	409	0	3	38	26	7	28	29	2	164	61	52	68	22	213	18	82	139	13	58	13	324	251	28	389	259	333	329	52	12	58	244	539	11	175	448	0	320	2	290	74	483	285	854	603	278	523	369	4	245	650	508	2033	768	713	252	1014	453	20	1475	1838	847	93	2	109	48	0	140	766	236	419	323	21	143	5	13819	4024	2389	982	952	102	62
0	7	101	0	0	0	0	0	0	22	0	356	5	301	0	0	191	57	14	16	0	40	13	98	159	197	316	76	103	5	12	33	0	10	34	1	45	189	0	42	0	8	10	33	186	60	773	9	1376	20	0	195	669	428	812	55	215	145	186	132	52	1639	657	299	1	1	95	3	0	55	189	51	11	4	0	4	2	4024	6622	1228	281	8	18	334
0	24	15	0	10	9	13	7	15	77	6	59	326	219	43	9	15	4	1	3	15	3	1	43	459	48	45	41	353	153	0	7	41	118	255	71	28	75	0	268	20	439	949	901	577	2044	2876	766	1418	809	26	0	884	774	2718	1204	1066	1	733	1239	11	1446	470	1268	645	220	262	70	5	3378	83	7	222	187	26	55	2	2389	1228	10399	3322	286	189	305
0	6	13	0	6	9	9	5	14	64	6	4	45	42	36	5	15	3	1	3	12	2	2	27	323	1	14	18	294	150	0	0	33	134	213	29	6	37	0	100	11	120	247	408	464	340	247	114	459	381	14	1	564	194	1068	130	846	1	588	762	0	497	172	699	19	78	127	57	1	66	87	7	98	82	8	50	2	982	281	3322	3921	84	168	5
0	0	0	0	3	0	8	0	3	25	0	27	175	6	16	0	2	0	3	46	9	0	11	0	69	0	62	2	23	119	0	0	7	18	168	13	0	2	0	104	594	689	14	815	421	486	101	840	12	244	859	0	21	19	80	592	11	11	11	485	0	20	9	52	49	1	1	145	0	72	44	0	112	14	0	9	0	952	8	286	84	2749	202	0
0	0	0	0	2	1	0	1	1	2	0	0	2	4	0	0	1	0	0	0	0	0	1	0	7	0	0	0	4	2	0	0	1	1	2	3	0	0	0	8	163	152	10	432	44	17	2	47	6	12	64	0	16	5	23	4	26	1	17	40	0	18	7	23	3	2	4	328	0	29	0	0	4	5	0	1	1	102	18	189	168	202	665	0
0	0	0	0	0	0	0	0	0	0	0	124	0	176	0	0	0	0	0	0	0	0	0	0	0	171	15	14	0	0	0	0	0	0	0	0	20	0	0	0	0	0	0	0	0	0	729	0	550	0	0	0	0	0	1	0	0	0	0	0	289	6	4	0	0	0	0	0	0	113	0	0	6	6	0	0	3	62	334	305	5	0	0	992
