0.0254975336586	6.82461867443e-05	0.00342747515649	0	0	0	4.54974578295e-05	0.0054900265781	0.0167468559361	2.27487289148e-05	0.000333648024083	0.000227487289148	0	0	0.0171184185084	3.79145481913e-06	0	0.00116397662947	4.17060030104e-05	0.000470140397572	0.000288150566254	0.00286633984326	1.13743644574e-05	0.00453457996368	2.65401837339e-05	0	0.00139525537344	0.000223695834329	0.00116776808429	0.0125307581772	0.0142710359392	0	1.89572740956e-05	0.00160378538849	0.00241515671978	0	0	7.96205512017e-05	0	1.13743644574e-05	0	0.000121326554212	0.000208530015052	0.000189572740956	0.000170615466861	7.96205512017e-05	0	4.92889126487e-05	0	4.92889126487e-05	0	0	2.65401837339e-05	0	1.51658192765e-05	3.0331638553e-05	7.20376415634e-05	0	0.00047772330721	5.68718222869e-05	0	3.41230933722e-05	0.000557343858412	7.96205512017e-05	1.13743644574e-05	0	0	0	0	1.13743644574e-05	0.00270330728604	3.0331638553e-05	0.0051525870992	0.00034881384336	1.13743644574e-05	3.79145481913e-06	0	0.000288150566254	6.06632771061e-05	7.20376415634e-05	4.92889126487e-05	0.000140283828308	1.13743644574e-05	0
6.82461867443e-05	0.0240378235533	0.000458766033115	0	0	1.13743644574e-05	7.58290963826e-06	1.13743644574e-05	8.720346084e-05	0.00269193292158	0	5.68718222869e-05	0	0.000485306216848	8.34120060208e-05	1.51658192765e-05	7.96205512017e-05	0.000159241102403	0	7.58290963826e-05	0	4.54974578295e-05	0.00660471429492	0.000178198376499	0.00229383016557	0.00217250361136	0.00128151172887	0.0183923473276	1.89572740956e-05	0.000181989831318	0.000193364195776	0	0	0.00013270091867	0.00039051984637	3.79145481913e-06	0.00726821888827	0.000144075283127	0	0	0	0	3.79145481913e-06	0	6.44547319252e-05	3.79145481913e-06	1.51658192765e-05	3.79145481913e-06	7.20376415634e-05	3.79145481913e-06	0	4.54974578295e-05	0.000136492373489	0	0.000193364195776	3.79145481913e-06	3.79145481913e-06	0.00153553920175	4.54974578295e-05	8.34120060208e-05	0.00034881384336	0.000534595129497	0.0125042179935	1.51658192765e-05	0	3.79145481913e-06	3.79145481913e-06	0	0	0	0.00136113228007	0.00122084845176	0.000363979662636	4.17060030104e-05	8.720346084e-05	0	3.0331638553e-05	0.000219904379509	0.000102369280116	7.58290963826e-06	1.13743644574e-05	7.58290963826e-06	0	2.65401837339e-05
0.00342747515649	0.000458766033115	0.0372889581461	0	0	0	0.000250236018062	0.00234691053304	0.00569476513833	2.27487289148e-05	1.13743644574e-05	8.34120060208e-05	3.79145481913e-06	0	0.00212321469871	3.79145481913e-06	1.51658192765e-05	0.00702556577985	3.41230933722e-05	0.000326065114445	1.51658192765e-05	0.00714689233406	4.54974578295e-05	0.0186880808035	0.000163032557223	1.13743644574e-05	0.00561514458713	0.00972508161106	0.00377249754503	0.00192985050294	0.00692319649973	0	1.89572740956e-05	0.000879617518038	0.00297629203302	0	5.68718222869e-05	0.000538386584316	0	0	0	0.000113743644574	0.000276776201796	0.000136492373489	0.000352605298179	7.58290963826e-05	3.79145481913e-06	2.27487289148e-05	0	3.79145481913e-05	0	1.13743644574e-05	0.000538386584316	7.58290963826e-06	8.34120060208e-05	3.79145481913e-06	6.44547319252e-05	7.96205512017e-05	0.000830328605389	8.720346084e-05	0	7.20376415634e-05	0.00347297261432	0.000238861653605	1.13743644574e-05	1.13743644574e-05	0	0	0	0.000113743644574	0.00361704789745	0.000777248237921	0.00365496244564	0.000701419141539	1.89572740956e-05	7.58290963826e-06	0	0.00122084845176	0.00221800106919	0.000420851484923	0.000136492373489	0.000106160734936	1.13743644574e-05	0
0	0	0	0	0	0	0	0	0	0	0	0	0	0	0	0	0	0	0	0	0	0	0	0	0	0	0	0	0	0	0	0	0	0	0	0	0	0	0	0	0	0	0	0	0	0	0	0	0	0	0	0	0	0	0	0	0	0	0	0	0	0	0	0	0	0	0	0	0	0	0	0	0	0	0	0	0	0	0	0	0	0	0	0
0	0	0	0	0.0123373939814	0	0.000909949156591	0.000481514762029	0.000144075283127	0.000492889126487	0.000762082418645	3.41230933722e-05	0.00516396146365	7.58290963826e-05	3.79145481913e-05	0.000379145481913	0	0	2.27487289148e-05	7.58290963826e-06	0.00682082721961	0	0	0	0.00629760645457	1.13743644574e-05	1.13743644574e-05	0	0.00202463687341	0.000197155650595	0	0	3.79145481913e-06	0	0.00101990134635	0	0	0	0	0.0012890946385	0	0.000231278743967	0	2.65401837339e-05	0.000144075283127	9.47863704782e-05	2.27487289148e-05	0.000572509677688	0	1.13743644574e-05	3.41230933722e-05	0	0	1.51658192765e-05	3.41230933722e-05	0.00120189117766	0	0	0	8.34120060208e-05	0	0	0	0.000197155650595	4.54974578295e-05	0	0	0	0	6.44547319252e-05	0.000170615466861	0.000337439478902	0.00104265007526	0.000515637855401	0.000360188207817	9.85778252973e-05	3.79145481913e-06	7.58290963826e-06	3.79145481913e-06	6.44547319252e-05	0	7.58290963826e-05	3.79145481913e-06	0
0	1.13743644574e-05	0	0	0	0.00836774078582	0.00546348639436	0.00115260226502	0.00231657889449	0.000227487289148	0.000993361162612	0.000250236018062	0.000151658192765	8.34120060208e-05	0.000257818927701	0.00196397359631	0	0	3.0331638553e-05	7.58290963826e-06	0.00012890946385	0	1.13743644574e-05	0	0.000254027472882	7.58290963826e-06	1.51658192765e-05	1.89572740956e-05	0.00030331638553	0.000458766033115	1.89572740956e-05	0	0.00519050164739	4.17060030104e-05	0.00102369280116	0	0	0	0	0	0	0	3.79145481913e-06	0	3.79145481913e-06	3.79145481913e-06	0	0	3.79145481913e-06	0	0	0	0	0	0	0	0	0	0	0	0	0	0	0	0	0	0	0	0	3.79145481913e-06	0.000845494424666	9.47863704782e-05	0.000792414057198	0.000250236018062	0.00186539577101	0.0012284313614	1.51658192765e-05	0	0	3.79145481913e-06	0	0	0	0
4.54974578295e-05	7.58290963826e-06	0.000250236018062	0	0.000909949156591	0.00546348639436	0.0495467315764	0.00732888216538	0.0188435304511	0.00039051984637	0.0155980451259	0.00501988618053	0.0160075222464	0.000898574792133	0.00268435001194	0.00508813236727	0	4.92889126487e-05	0.0031127844065	0.0011298535361	0.00773456783102	0.000352605298179	0	0.000485306216848	0.00115639371983	5.68718222869e-05	0.00229003871075	0.000197155650595	0.00360188207817	0.00818954240932	0.00100852698189	4.92889126487e-05	0.0078483114756	0.000781039692741	0.013353503873	0	0	3.79145481913e-06	0	0	0	3.79145481913e-06	1.89572740956e-05	3.79145481913e-06	9.09949156591e-05	7.58290963826e-06	3.79145481913e-06	1.89572740956e-05	3.79145481913e-06	0	0	3.79145481913e-06	3.79145481913e-06	3.79145481913e-06	3.79145481913e-06	0	0	7.58290963826e-06	3.41230933722e-05	4.54974578295e-05	0	1.13743644574e-05	5.68718222869e-05	3.79145481913e-06	0	0	0	0	0	3.79145481913e-06	0.00288908857218	0.00105402443972	0.0128606147465	0.00238103362641	0.00204738560233	0.00177819231017	9.09949156591e-05	7.96205512017e-05	0	7.58290963826e-06	3.79145481913e-06	2.27487289148e-05	0	0
0.0054900265781	1.13743644574e-05	0.00234691053304	0	0.000481514762029	0.00115260226502	0.00732888216538	0.0458424802181	0.0131715140417	1.51658192765e-05	0.00371562572275	0.00261989528002	0.000640755864433	0.000109952189755	0.00683220158407	0.000238861653605	0	0.000242653108424	0.00147108446982	0.00121705699694	0.00139146391862	0.00468244670162	0	0.00448149959621	0.000856868789123	1.89572740956e-05	0.00205875996679	0.000640755864433	0.0227335630955	0.0108246035086	0.0134331244242	1.51658192765e-05	0.00235449344268	0.00590329515338	0.0131146422194	3.79145481913e-06	0	7.58290963826e-06	0	0.000140283828308	3.79145481913e-06	2.27487289148e-05	5.68718222869e-05	5.30803674678e-05	0.000894783337314	5.30803674678e-05	1.51658192765e-05	2.65401837339e-05	0	3.0331638553e-05	3.79145481913e-06	1.51658192765e-05	7.58290963826e-06	7.58290963826e-06	4.17060030104e-05	7.58290963826e-06	7.58290963826e-06	1.13743644574e-05	0.000113743644574	0.000762082418645	0	5.30803674678e-05	0.000178198376499	0.00026161038252	1.13743644574e-05	0	0	3.79145481913e-06	0	3.0331638553e-05	0.00343505806613	0.000538386584316	0.0107260256833	0.00550519239737	0.000219904379509	0.00133459209633	1.51658192765e-05	0.000492889126487	7.58290963826e-06	3.41230933722e-05	3.79145481913e-06	2.65401837339e-05	0	0
0.0167468559361	8.720346084e-05	0.00569476513833	0	0.000144075283127	0.00231657889449	0.0188435304511	0.0131715140417	0.0563372271574	7.58290963826e-05	0.00569097368351	0.00069762768672	0.00144454428609	0.000159241102403	0.0222065508756	0.000568718222869	0	0.00129288609332	0.00034881384336	0.000614215680699	0.00263506109929	0.00431846703899	1.13743644574e-05	0.00894783337314	0.000549760948774	3.79145481913e-05	0.00181989831318	0.000432225849381	0.00362842226191	0.0151203218187	0.016056811159	0	0.00439429613537	0.00178956667463	0.00816300222558	0	0	8.34120060208e-05	0	1.89572740956e-05	0	0.000159241102403	0.000288150566254	0.000242653108424	0.000705210596358	0.000106160734936	3.79145481913e-06	0.000147866737946	0	7.58290963826e-05	0	0	3.79145481913e-05	3.79145481913e-06	3.79145481913e-05	3.41230933722e-05	6.82461867443e-05	3.79145481913e-06	0.000557343858412	0.000405685665647	0	7.58290963826e-05	0.000655921683709	0.000159241102403	1.89572740956e-05	0	0	0	0	1.51658192765e-05	0.00616869699072	0.000417060030104	0.0116928466622	0.00218387797582	0.000758290963826	0.00151658192765	6.06632771061e-05	0.000693836231901	6.44547319252e-05	8.720346084e-05	5.68718222869e-05	0.000246444563243	1.51658192765e-05	0
2.27487289148e-05	0.00269193292158	2.27487289148e-05	0	0.000492889126487	0.000227487289148	0.00039051984637	1.51658192765e-05	7.58290963826e-05	0.0210387827913	7.58290963826e-06	1.13743644574e-05	0.00214217197281	6.44547319252e-05	1.89572740956e-05	0.00155828793066	0.000147866737946	3.79145481913e-06	7.58290963826e-06	3.79145481913e-06	0.000485306216848	7.58290963826e-06	0.00391657282816	4.54974578295e-05	0.0112075404453	0.000329856569264	9.85778252973e-05	0.00235449344268	0.00431467558417	9.47863704782e-05	4.54974578295e-05	0	6.44547319252e-05	2.65401837339e-05	0.000295733475892	9.09949156591e-05	0.000181989831318	0	0	0.00236586780714	0	0.000117535099393	4.54974578295e-05	0.000117535099393	0.00759428400271	0.000219904379509	1.51658192765e-05	0.000136492373489	0	0.000102369280116	1.13743644574e-05	6.44547319252e-05	1.13743644574e-05	7.58290963826e-06	6.44547319252e-05	0.000485306216848	3.79145481913e-06	0.000345022388541	7.58290963826e-06	0.00707485469249	6.82461867443e-05	6.82461867443e-05	0.000310899295169	0.00210425742462	0.000181989831318	0	0	0	0	1.89572740956e-05	0.00121705699694	0.00021611292469	0.000242653108424	6.44547319252e-05	0.00187677013547	0	3.79145481913e-06	0.000818954240932	7.20376415634e-05	0.000125118009031	7.20376415634e-05	0.000136492373489	2.65401837339e-05	0
0.000333648024083	0	1.13743644574e-05	0	0.000762082418645	0.000993361162612	0.0155980451259	0.00371562572275	0.00569097368351	7.58290963826e-06	0.0318330546614	0.00522841619558	0.00883408972857	0.000310899295169	0.00265401837339	0.00155070502102	7.58290963826e-06	1.51658192765e-05	0.00216492070172	0.00255164909327	0.0135506595236	3.41230933722e-05	7.58290963826e-06	0.000117535099393	0.000807579876474	7.58290963826e-05	0.00337818624384	0.000417060030104	0.00288150566254	0.00778006528885	3.41230933722e-05	4.54974578295e-05	0.00192985050294	0.000295733475892	0.0115601457435	0	0	0	0	0	0	7.58290963826e-06	0	7.58290963826e-06	7.58290963826e-06	1.89572740956e-05	0	3.79145481913e-06	0	0	0	3.79145481913e-06	3.79145481913e-06	0	3.79145481913e-06	1.89572740956e-05	3.79145481913e-06	1.51658192765e-05	3.0331638553e-05	0	0	1.13743644574e-05	7.58290963826e-06	0	0	0	0	0	0	0	0.00102748425598	0.000394311301189	0.0104075434785	0.00223316688847	4.17060030104e-05	0.00155070502102	7.58290963826e-06	0	7.58290963826e-06	3.79145481913e-06	0	0	0	0
0.000227487289148	5.68718222869e-05	8.34120060208e-05	0	3.41230933722e-05	0.000250236018062	0.00501988618053	0.00261989528002	0.00069762768672	1.13743644574e-05	0.00522841619558	0.0253382925562	0.00391657282816	0.00344643243059	0.000409477120466	1.51658192765e-05	7.58290963826e-06	0.000106160734936	0.00847390152075	0.00823883132197	0.00562272749677	0.00017440692168	7.58290963826e-06	0.000291942021073	0.000106160734936	0.000454974578295	0.0105099127586	0.000993361162612	0.000940280795144	0.00898953937615	0.0012094740873	0.000223695834329	0.00241515671978	0.00117914244875	0.016098517162	0	1.51658192765e-05	0	0	0	0	3.79145481913e-06	1.13743644574e-05	1.13743644574e-05	3.79145481913e-06	0	0.000322273659626	0	0.000428434394562	0	0	0	1.13743644574e-05	0	0	0	7.58290963826e-06	3.79145481913e-06	3.41230933722e-05	0	0.000170615466861	7.20376415634e-05	8.720346084e-05	0	0	0	0	0	0	0	0.00145212719573	0.00208530015052	0.0121705699694	0.00141800410235	4.54974578295e-05	0.000333648024083	0.000674878957805	3.79145481913e-05	0.000121326554212	0	0	0	0	7.58290963826e-06
0	0	3.79145481913e-06	0	0.00516396146365	0.000151658192765	0.0160075222464	0.000640755864433	0.00144454428609	0.00214217197281	0.00883408972857	0.00391657282816	0.0359543660498	0.000834120060208	0.00026161038252	0.00425401230706	0	0	0.00284738256917	0.000807579876474	0.0173876118005	3.79145481913e-06	0	5.68718222869e-05	0.00472415270463	9.47863704782e-05	0.00217629506618	0.000117535099393	0.00246823708725	0.00544073766545	0	9.09949156591e-05	0.000341230933722	3.79145481913e-06	0.0119430826803	0	0	0	0	7.58290963826e-06	0	0	0	0	4.92889126487e-05	0.000102369280116	0	0.000231278743967	0	7.58290963826e-06	0	3.79145481913e-06	0	0	0	4.54974578295e-05	0	3.79145481913e-06	1.51658192765e-05	0	0	3.79145481913e-06	1.13743644574e-05	7.58290963826e-06	3.79145481913e-06	0	0	0	0	1.13743644574e-05	0.00135734082525	0.00160378538849	0.0116094346562	0.00203980269269	0.000898574792133	0.000530803674678	3.41230933722e-05	1.13743644574e-05	3.79145481913e-06	7.58290963826e-06	0	4.54974578295e-05	0	0
0	0.000485306216848	0	0	7.58290963826e-05	8.34120060208e-05	0.000898574792133	0.000109952189755	0.000159241102403	6.44547319252e-05	0.000310899295169	0.00344643243059	0.000834120060208	0.0200340472643	2.65401837339e-05	7.96205512017e-05	0	0	0.000762082418645	1.89572740956e-05	0.000614215680699	0	0.000125118009031	1.89572740956e-05	0.000102369280116	0.00469002961126	0.00458766033115	0.00470140397572	0.000136492373489	0.000504263490944	3.79145481913e-06	0.00127392881923	0.000197155650595	0	0.00155828793066	0	8.34120060208e-05	0	0	0	0	3.79145481913e-06	0	3.79145481913e-06	4.54974578295e-05	3.79145481913e-06	0.000932697885506	3.79145481913e-06	0.00669191775576	0	0	0	0	0	0	0	0	3.79145481913e-06	0	4.54974578295e-05	0.00217250361136	0.000811371331294	0.00139146391862	1.89572740956e-05	1.13743644574e-05	0	0.00247961145171	3.79145481913e-06	0	1.89572740956e-05	0.000200947105414	0.0020208454186	0.00173648630716	0.000781039692741	1.51658192765e-05	0.000197155650595	0.000909949156591	1.51658192765e-05	0.00200947105414	6.44547319252e-05	0	7.58290963826e-06	0	0.000307107840349
0.0171184185084	8.34120060208e-05	0.00212321469871	0	3.79145481913e-05	0.000257818927701	0.00268435001194	0.00683220158407	0.0222065508756	1.89572740956e-05	0.00265401837339	0.000409477120466	0.00026161038252	2.65401837339e-05	0.0362425166161	8.34120060208e-05	0	0.000534595129497	0.000163032557223	0.000439808759019	0.00211563178907	0.00175923503608	7.58290963826e-06	0.00302558094566	0.000140283828308	0	0.000769665328283	0.000288150566254	0.00188435304511	0.0164359566409	0.0125155923579	3.79145481913e-06	0.00244548835834	0.00276776201796	0.00448908250585	0	0	5.68718222869e-05	0	7.58290963826e-06	0	1.89572740956e-05	4.17060030104e-05	3.41230933722e-05	4.92889126487e-05	2.27487289148e-05	0	3.0331638553e-05	0	7.58290963826e-06	0	0	1.13743644574e-05	0	1.51658192765e-05	1.13743644574e-05	8.34120060208e-05	0	0.000519429310221	3.79145481913e-05	0	2.65401837339e-05	0.000500472036125	7.96205512017e-05	7.58290963826e-06	0	0	0	0	7.58290963826e-06	0.00308245276795	6.82461867443e-05	0.00686253322262	0.00108435607827	0.000106160734936	3.41230933722e-05	3.79145481913e-06	0.00026161038252	0	5.30803674678e-05	3.41230933722e-05	6.44547319252e-05	7.58290963826e-06	0
3.79145481913e-06	1.51658192765e-05	3.79145481913e-06	0	0.000379145481913	0.00196397359631	0.00508813236727	0.000238861653605	0.000568718222869	0.00155828793066	0.00155070502102	1.51658192765e-05	0.00425401230706	7.96205512017e-05	8.34120060208e-05	0.010710859864	0	0	1.13743644574e-05	7.58290963826e-06	0.000492889126487	3.0331638553e-05	1.51658192765e-05	0	0.00125876299995	0	3.79145481913e-06	1.89572740956e-05	0.00103506716562	0.000276776201796	4.54974578295e-05	0	0.000428434394562	2.27487289148e-05	0.000963029524059	0	0	0	0	3.79145481913e-06	0	0	3.79145481913e-06	0	2.27487289148e-05	0	0	1.89572740956e-05	0	0	0	0	0	0	0	0	0	0	0	3.79145481913e-06	0	0	0	3.79145481913e-06	0	0	0	0	0	0	0.00129288609332	0.000109952189755	0.00109952189755	0.000299524930711	0.00500092890643	0.000231278743967	2.27487289148e-05	7.58290963826e-06	0	0	0	1.51658192765e-05	0	0
0	7.96205512017e-05	1.51658192765e-05	0	0	0	0	0	0	0.000147866737946	7.58290963826e-06	7.58290963826e-06	0	0	0	0	0.014589518144	0	7.58290963826e-06	5.30803674678e-05	7.58290963826e-06	0.00133459209633	0.0108511436923	0.00639618427987	0.00327202550891	0	0.000151658192765	0.00174027776198	0.000443600213838	1.13743644574e-05	3.79145481913e-06	0	0	3.79145481913e-06	9.85778252973e-05	0	2.27487289148e-05	7.58290963826e-06	0	3.79145481913e-06	0	0	0	0	0.00194880777703	0	0	0	0	0	0	0.00453457996368	8.34120060208e-05	7.58290963826e-06	0.000121326554212	0	0.0010502329849	0.00713930942442	0.000807579876474	0.00299145785229	3.79145481913e-06	0.000109952189755	0.000284359111435	0.00474310997873	0	0	0	0	0	2.65401837339e-05	0.000853077334304	0.000272984746977	0.000140283828308	6.06632771061e-05	1.13743644574e-05	0	0	0.00069762768672	0.000280567656616	1.13743644574e-05	7.58290963826e-06	0	0	0
0.00116397662947	0.000159241102403	0.00702556577985	0	0	0	4.92889126487e-05	0.000242653108424	0.00129288609332	3.79145481913e-06	1.51658192765e-05	0.000106160734936	0	0	0.000534595129497	0	0	0.0175582272674	1.13743644574e-05	0.00290425439145	1.51658192765e-05	0.00181231540354	2.27487289148e-05	0.00674878957805	2.65401837339e-05	0	0.00450803977994	0.00109193898791	0.000398102756009	0.000496680581306	0.00150520756319	0	7.58290963826e-06	0.000106160734936	0.00519050164739	0	3.41230933722e-05	8.34120060208e-05	0	0	0	3.79145481913e-06	4.92889126487e-05	1.89572740956e-05	2.27487289148e-05	1.51658192765e-05	3.79145481913e-06	3.79145481913e-06	0	0	0	0	9.85778252973e-05	3.79145481913e-06	3.0331638553e-05	0	2.27487289148e-05	1.13743644574e-05	0.000542178039135	3.41230933722e-05	0	2.27487289148e-05	0.000663504593348	3.79145481913e-05	0	3.79145481913e-06	0	0	0	7.58290963826e-06	0.00213079760835	0.00108814753309	0.00294596039446	0.000371562572275	7.58290963826e-06	0	0	0.000352605298179	0.000496680581306	4.54974578295e-05	1.13743644574e-05	1.89572740956e-05	0	0
4.17060030104e-05	0	3.41230933722e-05	0	2.27487289148e-05	3.0331638553e-05	0.0031127844065	0.00147108446982	0.00034881384336	7.58290963826e-06	0.00216492070172	0.00847390152075	0.00284738256917	0.000762082418645	0.000163032557223	1.13743644574e-05	7.58290963826e-06	1.13743644574e-05	0.0138918904573	0.00338197769866	0.00262368673484	8.34120060208e-05	0	0.000151658192765	4.54974578295e-05	0	0.00763978146054	0.000197155650595	0.000580092587327	0.00399998483418	0.000614215680699	0.000117535099393	0.000682461867443	0.000636964409614	0.00665021175275	0	1.13743644574e-05	3.79145481913e-06	0	0	0	3.79145481913e-06	3.79145481913e-06	3.79145481913e-06	1.13743644574e-05	0	3.79145481913e-06	0	0.000223695834329	0	0	0	0	3.79145481913e-06	0	0	0	1.13743644574e-05	1.51658192765e-05	7.58290963826e-06	1.13743644574e-05	9.47863704782e-05	0.000394311301189	0	0	0	6.06632771061e-05	0	0	0	0.0012284313614	0.00171752903307	0.00548623512328	0.00095923806924	2.27487289148e-05	0.000189572740956	5.30803674678e-05	7.58290963826e-06	4.17060030104e-05	0	0	0	0	0
0.000470140397572	7.58290963826e-05	0.000326065114445	0	7.58290963826e-06	7.58290963826e-06	0.0011298535361	0.00121705699694	0.000614215680699	3.79145481913e-06	0.00255164909327	0.00823883132197	0.000807579876474	1.89572740956e-05	0.000439808759019	7.58290963826e-06	5.30803674678e-05	0.00290425439145	0.00338197769866	0.0271923139628	0.00250236018062	0.000542178039135	7.58290963826e-06	0.00110710480719	0.000109952189755	0	0.0206406800353	0.0020018881445	0.000659713138528	0.00379524627395	0.00192985050294	3.79145481913e-06	4.17060030104e-05	0.000985778252973	0.0114918995568	0	3.0331638553e-05	1.51658192765e-05	0	0	0	3.79145481913e-06	2.27487289148e-05	1.89572740956e-05	7.58290963826e-06	3.79145481913e-06	7.58290963826e-06	0	0	0	0	0	3.41230933722e-05	7.58290963826e-06	3.79145481913e-05	0	1.89572740956e-05	3.79145481913e-06	7.20376415634e-05	0	1.89572740956e-05	0.000856868789123	0.000485306216848	3.79145481913e-06	0	0	0	0	0	0	0.00401894210828	0.00484927071367	0.00879617518038	0.00109193898791	2.65401837339e-05	4.17060030104e-05	3.79145481913e-06	8.34120060208e-05	2.65401837339e-05	7.58290963826e-06	7.58290963826e-06	0	0	0
0.000288150566254	0	1.51658192765e-05	0	0.00682082721961	0.00012890946385	0.00773456783102	0.00139146391862	0.00263506109929	0.000485306216848	0.0135506595236	0.00562272749677	0.0173876118005	0.000614215680699	0.00211563178907	0.000492889126487	7.58290963826e-06	1.51658192765e-05	0.00262368673484	0.00250236018062	0.0317231024716	2.65401837339e-05	7.58290963826e-06	0.00012890946385	0.00604357898169	0.000147866737946	0.00374216590648	0.000409477120466	0.00161515975295	0.00880375809002	2.27487289148e-05	9.09949156591e-05	0.000595258406603	0.00012890946385	0.0162198437162	0	0	0	0	0	0	7.58290963826e-06	0	7.58290963826e-06	7.58290963826e-06	0	0	4.17060030104e-05	0	0	0	3.79145481913e-06	3.79145481913e-06	0	3.79145481913e-06	0	3.79145481913e-06	7.58290963826e-06	3.0331638553e-05	0	0	7.58290963826e-06	1.51658192765e-05	3.79145481913e-06	0	0	0	0	0	0	0.00171752903307	0.00159999393367	0.0153743492916	0.00361325644263	0.00034881384336	0.00189951886438	1.51658192765e-05	7.58290963826e-06	3.79145481913e-06	0	0	0	0	0
0.00286633984326	4.54974578295e-05	0.00714689233406	0	0	0	0.000352605298179	0.00468244670162	0.00431846703899	7.58290963826e-06	3.41230933722e-05	0.00017440692168	3.79145481913e-06	0	0.00175923503608	3.0331638553e-05	0.00133459209633	0.00181231540354	8.34120060208e-05	0.000542178039135	2.65401837339e-05	0.0505893816516	0.0025175259999	0.0250766821737	0.000401894210828	3.79145481913e-06	0.00123980572586	0.000765873873464	0.0129023207495	0.00498576308715	0.0217136617491	0	0	0.00418955757514	0.00833740914726	0	7.58290963826e-06	0.000125118009031	0	0	0	2.65401837339e-05	8.34120060208e-05	4.17060030104e-05	8.34120060208e-05	1.51658192765e-05	0	1.89572740956e-05	0	7.58290963826e-06	0	0.00106919025899	6.06632771061e-05	3.79145481913e-06	7.58290963826e-06	7.58290963826e-06	5.30803674678e-05	0.00331752296674	0.000322273659626	0.000602841316241	0	1.51658192765e-05	0.000974403888516	0.00189572740956	3.79145481913e-06	0	0	0	0	2.65401837339e-05	0.0045383714185	0.000655921683709	0.00552414967147	0.00086824315358	0.00030331638553	7.58290963826e-06	0	0.000227487289148	0.00013270091867	0.000106160734936	7.20376415634e-05	8.34120060208e-05	3.79145481913e-06	0
1.13743644574e-05	0.00660471429492	4.54974578295e-05	0	0	1.13743644574e-05	0	0	1.13743644574e-05	0.00391657282816	7.58290963826e-06	7.58290963826e-06	0	0.000125118009031	7.58290963826e-06	1.51658192765e-05	0.0108511436923	2.27487289148e-05	0	7.58290963826e-06	7.58290963826e-06	0.0025175259999	0.0337022418872	0.0081667936804	0.0100738954544	0.000853077334304	0.000178198376499	0.0101383501864	0.00121326554212	2.65401837339e-05	2.27487289148e-05	0	0	1.51658192765e-05	9.09949156591e-05	3.79145481913e-06	0.000212321469871	1.13743644574e-05	0	1.13743644574e-05	0	0	0	3.79145481913e-06	0.00457249451187	0	7.58290963826e-06	3.79145481913e-06	2.27487289148e-05	7.58290963826e-06	0	0.00872413753882	0.000170615466861	1.13743644574e-05	0.000246444563243	0	0.00198672232522	0.0146122668729	0.00182748122282	0.00581988314736	0.000102369280116	0.000197155650595	0.00286633984326	0.00639239282505	3.79145481913e-06	0	3.79145481913e-06	0	0	5.68718222869e-05	0.000974403888516	0.000754499509007	9.85778252973e-05	4.17060030104e-05	9.09949156591e-05	0	3.79145481913e-06	0.00147866737946	0.000561135313231	4.17060030104e-05	2.27487289148e-05	3.79145481913e-06	3.79145481913e-06	0
0.00453457996368	0.000178198376499	0.0186880808035	0	0	0	0.000485306216848	0.00448149959621	0.00894783337314	4.54974578295e-05	0.000117535099393	0.000291942021073	5.68718222869e-05	1.89572740956e-05	0.00302558094566	0	0.00639618427987	0.00674878957805	0.000151658192765	0.00110710480719	0.00012890946385	0.0250766821737	0.0081667936804	0.0739485347923	0.000417060030104	7.58290963826e-06	0.00293837748482	0.012765828376	0.00845873570148	0.00340093497276	0.0136757775326	2.65401837339e-05	3.0331638553e-05	0.00147487592464	0.00669570921058	3.79145481913e-06	5.30803674678e-05	0.000178198376499	0	0	0	0.000204738560233	0.000375354027094	0.000235070198786	0.000580092587327	0.000102369280116	3.79145481913e-06	2.27487289148e-05	0	6.44547319252e-05	0	0.00701798287021	0.000121326554212	7.58290963826e-06	5.68718222869e-05	3.79145481913e-06	0.0021004659698	0.00841702969847	0.00608149352988	0.00148245883428	0	0.000106160734936	0.00183127267764	0.00429571831007	1.13743644574e-05	7.58290963826e-06	0	0	0	4.92889126487e-05	0.0191013493788	0.00268435001194	0.00758290963826	0.00124359718067	2.27487289148e-05	2.27487289148e-05	1.51658192765e-05	0.000724167870454	0.000246444563243	0.000200947105414	0.00017440692168	0.000121326554212	1.13743644574e-05	0
2.65401837339e-05	0.00229383016557	0.000163032557223	0	0.00629760645457	0.000254027472882	0.00115639371983	0.000856868789123	0.000549760948774	0.0112075404453	0.000807579876474	0.000106160734936	0.00472415270463	0.000102369280116	0.000140283828308	0.00125876299995	0.00327202550891	2.65401837339e-05	4.54974578295e-05	0.000109952189755	0.00604357898169	0.000401894210828	0.0100738954544	0.000417060030104	0.0426083692574	0.000288150566254	0.000246444563243	0.00280567656616	0.0130084814844	0.0021004659698	0.000341230933722	0	8.34120060208e-05	0.000170615466861	0.00422368066851	0.000125118009031	0.000159241102403	6.06632771061e-05	0	0.000276776201796	0	1.89572740956e-05	0.000382936936732	3.79145481913e-05	0.0118558792194	9.85778252973e-05	7.58290963826e-06	0.000212321469871	0	4.17060030104e-05	6.82461867443e-05	0.000720376415634	0.000189572740956	2.27487289148e-05	0.000367771117455	3.41230933722e-05	5.30803674678e-05	0.00272226456013	0.000200947105414	0.0108283949634	6.06632771061e-05	0.00034881384336	0.000883408972857	0.00451183123476	0.000181989831318	0	0	0	6.44547319252e-05	0.000102369280116	0.00466348942753	0.00112227062646	0.00328339987337	0.0012094740873	0.00194122486739	0.000405685665647	3.79145481913e-06	0.00319240495771	0.000602841316241	0.000420851484923	0.000284359111435	0.00026161038252	2.27487289148e-05	0
0	0.00217250361136	1.13743644574e-05	0	1.13743644574e-05	7.58290963826e-06	5.68718222869e-05	1.89572740956e-05	3.79145481913e-05	0.000329856569264	7.58290963826e-05	0.000454974578295	9.47863704782e-05	0.00469002961126	0	0	0	0	0	0	0.000147866737946	3.79145481913e-06	0.000853077334304	7.58290963826e-06	0.000288150566254	0.0101990134635	0.00196397359631	0.00423505503297	3.0331638553e-05	0.000136492373489	2.27487289148e-05	0	1.51658192765e-05	2.27487289148e-05	0.000219904379509	0	0.000644547319252	0	0	0	0	3.79145481913e-06	0	3.79145481913e-06	7.58290963826e-06	0	0.000606632771061	0	0.0023393276234	0	0	0	0	0	0	0	0	1.13743644574e-05	3.79145481913e-06	0	0.00305970403904	0.000163032557223	0.00235449344268	0	0	0	0.000140283828308	0	0	0	1.51658192765e-05	0.000655921683709	0.000295733475892	0.000280567656616	0	3.0331638553e-05	0.000568718222869	2.27487289148e-05	0.000197155650595	0	0	0	0	0.000291942021073
0.00139525537344	0.00128151172887	0.00561514458713	0	1.13743644574e-05	1.51658192765e-05	0.00229003871075	0.00205875996679	0.00181989831318	9.85778252973e-05	0.00337818624384	0.0105099127586	0.00217629506618	0.00458766033115	0.000769665328283	3.79145481913e-06	0.000151658192765	0.00450803977994	0.00763978146054	0.0206406800353	0.00374216590648	0.00123980572586	0.000178198376499	0.00293837748482	0.000246444563243	0.00196397359631	0.0910062900235	0.0327316294535	0.000951655159601	0.0045383714185	0.00305970403904	0.00141800410235	7.20376415634e-05	0.00116018517465	0.0156814571319	0	0.00211563178907	0.000542178039135	0	1.13743644574e-05	0	3.0331638553e-05	0.00012890946385	5.30803674678e-05	0.000299524930711	3.79145481913e-05	0.000155449647584	3.79145481913e-05	0.0034691811595	3.79145481913e-06	0	7.58290963826e-06	0.00111847917164	0.000231278743967	0.00185402140655	1.89572740956e-05	3.79145481913e-05	0.000178198376499	0.000197155650595	0.000250236018062	0.00195259923185	0.0140094255567	0.0187032466228	6.44547319252e-05	0	1.51658192765e-05	0.00170236321379	0	0	0.000147866737946	0.0101193929123	0.0109648873369	0.0132245944091	0.00153933065657	4.92889126487e-05	5.30803674678e-05	1.13743644574e-05	0.00104265007526	0.00237724217159	0.000212321469871	7.20376415634e-05	5.30803674678e-05	0	9.09949156591e-05
0.000223695834329	0.0183923473276	0.00972508161106	0	0	1.89572740956e-05	0.000197155650595	0.000640755864433	0.000432225849381	0.00235449344268	0.000417060030104	0.000993361162612	0.000117535099393	0.00470140397572	0.000288150566254	1.89572740956e-05	0.00174027776198	0.00109193898791	0.000197155650595	0.0020018881445	0.000409477120466	0.000765873873464	0.0101383501864	0.012765828376	0.00280567656616	0.00423505503297	0.0327316294535	0.100056492677	0.000822745695751	0.0010312757108	0.00073933368973	0.000371562572275	3.0331638553e-05	0.000504263490944	0.00414785157213	7.58290963826e-06	0.00901228810507	0.000481514762029	0	0	0	3.41230933722e-05	6.44547319252e-05	4.54974578295e-05	0.000314690749988	1.51658192765e-05	6.44547319252e-05	1.51658192765e-05	0.00393932155707	2.27487289148e-05	0	0.00511088109619	0.000458766033115	0.000189572740956	0.00113364499092	1.13743644574e-05	0.00012890946385	0.00803030130691	0.00390140700888	0.000367771117455	0.00305591258422	0.00820849968341	0.0297439630561	0.000242653108424	7.58290963826e-06	1.51658192765e-05	0.00170994612343	0	0	2.65401837339e-05	0.0190103544631	0.00806063294547	0.00462936633416	0.000818954240932	9.09949156591e-05	0	2.65401837339e-05	0.00107298171381	0.000921323521048	0.000288150566254	0.000147866737946	3.0331638553e-05	7.58290963826e-06	0.000163032557223
0.00116776808429	1.89572740956e-05	0.00377249754503	0	0.00202463687341	0.00030331638553	0.00360188207817	0.0227335630955	0.00362842226191	0.00431467558417	0.00288150566254	0.000940280795144	0.00246823708725	0.000136492373489	0.00188435304511	0.00103506716562	0.000443600213838	0.000398102756009	0.000580092587327	0.000659713138528	0.00161515975295	0.0129023207495	0.00121326554212	0.00845873570148	0.0130084814844	3.0331638553e-05	0.000951655159601	0.000822745695751	0.0736300525875	0.00801134403282	0.014066297379	7.58290963826e-06	0.00078483114756	0.0042805524908	0.0113895302767	0.000106160734936	5.30803674678e-05	5.68718222869e-05	0	0.0071165606955	3.79145481913e-06	0.00200567959932	0.000621798590337	0.00111847917164	0.016727898662	0.00178577521981	0.000310899295169	0.00261989528002	0	0.000504263490944	0.000322273659626	0.000496680581306	0.00013270091867	0.000254027472882	0.000485306216848	0.00276776201796	0.00012890946385	0.00234311907822	0.000405685665647	0.0137629809934	3.0331638553e-05	0.00039051984637	0.000701419141539	0.0130843105808	0.000803788421655	4.54974578295e-05	0	1.13743644574e-05	0	0.000591466951784	0.00910707447555	0.00127392881923	0.00902366246953	0.00326065114445	0.00126634590959	0.000701419141539	3.79145481913e-06	0.00419714048478	0.000363979662636	0.000936489340325	0.000295733475892	0.000822745695751	0.000117535099393	3.79145481913e-06
0.0125307581772	0.000181989831318	0.00192985050294	0	0.000197155650595	0.000458766033115	0.00818954240932	0.0108246035086	0.0151203218187	9.47863704782e-05	0.00778006528885	0.00898953937615	0.00544073766545	0.000504263490944	0.0164359566409	0.000276776201796	1.13743644574e-05	0.000496680581306	0.00399998483418	0.00379524627395	0.00880375809002	0.00498576308715	2.65401837339e-05	0.00340093497276	0.0021004659698	0.000136492373489	0.0045383714185	0.0010312757108	0.00801134403282	0.0551277530701	0.0209553707853	1.51658192765e-05	0.00461420051488	0.013247343138	0.0280188511134	3.79145481913e-06	0	5.68718222869e-05	0	4.92889126487e-05	0	3.0331638553e-05	0.000178198376499	6.82461867443e-05	0.000815162786113	0.000181989831318	1.89572740956e-05	0.000144075283127	3.79145481913e-06	6.44547319252e-05	0	7.58290963826e-06	3.41230933722e-05	1.13743644574e-05	4.54974578295e-05	1.13743644574e-05	0.00013270091867	1.13743644574e-05	0.000890991882495	0.000625590045156	0	9.09949156591e-05	0.000591466951784	0.000231278743967	3.0331638553e-05	0	0	0	0	5.30803674678e-05	0.00818954240932	0.00118672535839	0.0247581999689	0.00530424529196	0.000310899295169	0.00241515671978	8.34120060208e-05	0.000890991882495	1.51658192765e-05	8.720346084e-05	3.79145481913e-05	0.000140283828308	7.58290963826e-06	0
0.0142710359392	0.000193364195776	0.00692319649973	0	0	1.89572740956e-05	0.00100852698189	0.0134331244242	0.016056811159	4.54974578295e-05	3.41230933722e-05	0.0012094740873	0	3.79145481913e-06	0.0125155923579	4.54974578295e-05	3.79145481913e-06	0.00150520756319	0.000614215680699	0.00192985050294	2.27487289148e-05	0.0217136617491	2.27487289148e-05	0.0136757775326	0.000341230933722	2.27487289148e-05	0.00305970403904	0.00073933368973	0.014066297379	0.0209553707853	0.0585931427748	0	8.34120060208e-05	0.0126065872736	0.0179259983848	3.79145481913e-06	3.79145481913e-06	5.68718222869e-05	0	7.58290963826e-06	0	5.30803674678e-05	0.000106160734936	7.58290963826e-05	0.00012890946385	4.92889126487e-05	3.79145481913e-06	3.79145481913e-06	0	3.0331638553e-05	0	7.58290963826e-06	1.51658192765e-05	3.79145481913e-06	1.13743644574e-05	0	0.000140283828308	3.79145481913e-06	0.00116397662947	5.30803674678e-05	0	3.79145481913e-05	0.000648338774071	0.000170615466861	2.27487289148e-05	0	0	0	0	1.51658192765e-05	0.00725684452381	0.000451183123476	0.0161781377132	0.00306728694868	0.00017440692168	0.000113743644574	3.79145481913e-06	0.000470140397572	1.89572740956e-05	0.000113743644574	7.96205512017e-05	5.68718222869e-05	2.27487289148e-05	0
0	0	0	0	0	0	4.92889126487e-05	1.51658192765e-05	0	0	4.54974578295e-05	0.000223695834329	9.09949156591e-05	0.00127392881923	3.79145481913e-06	0	0	0	0.000117535099393	3.79145481913e-06	9.09949156591e-05	0	0	2.65401837339e-05	0	0	0.00141800410235	0.000371562572275	7.58290963826e-06	1.51658192765e-05	0	0.00194501632221	0	0	0.000125118009031	0	0	0	0	0	0	0	0	0	0	0	0	0	0.000299524930711	0	0	0	0	0	0	0	0	0	0	0	7.58290963826e-06	6.44547319252e-05	0.000231278743967	0	0	0	0.00021611292469	0	0	0	4.54974578295e-05	0.000106160734936	0.00013270091867	1.13743644574e-05	0	0	0	0	5.68718222869e-05	0	0	0	0	0
1.89572740956e-05	0	1.89572740956e-05	0	3.79145481913e-06	0.00519050164739	0.0078483114756	0.00235449344268	0.00439429613537	6.44547319252e-05	0.00192985050294	0.00241515671978	0.000341230933722	0.000197155650595	0.00244548835834	0.000428434394562	0	7.58290963826e-06	0.000682461867443	4.17060030104e-05	0.000595258406603	0	0	3.0331638553e-05	8.34120060208e-05	1.51658192765e-05	7.20376415634e-05	3.0331638553e-05	0.00078483114756	0.00461420051488	8.34120060208e-05	0	0.0117762586682	0.00012890946385	0.0039241557378	0	0	0	0	0	0	0	7.58290963826e-06	0	7.58290963826e-06	7.58290963826e-06	0	0	3.79145481913e-06	0	0	0	0	0	0	0	0	0	0	0	0	0	0	0	0	0	0	0	0	3.79145481913e-06	0.00061042422588	0.000117535099393	0.00147108446982	0.000420851484923	0.000451183123476	0.00139904682826	3.0331638553e-05	0	0	3.79145481913e-06	0	0	0	0
0.00160378538849	0.00013270091867	0.000879617518038	0	0	4.17060030104e-05	0.000781039692741	0.00590329515338	0.00178956667463	2.65401837339e-05	0.000295733475892	0.00117914244875	3.79145481913e-06	0	0.00276776201796	2.27487289148e-05	3.79145481913e-06	0.000106160734936	0.000636964409614	0.000985778252973	0.00012890946385	0.00418955757514	1.51658192765e-05	0.00147487592464	0.000170615466861	2.27487289148e-05	0.00116018517465	0.000504263490944	0.0042805524908	0.013247343138	0.0126065872736	0	0.00012890946385	0.015973399153	0.0107222342285	0	0	3.79145481913e-06	0	0	0	1.51658192765e-05	2.27487289148e-05	1.89572740956e-05	2.65401837339e-05	7.58290963826e-06	0	0	0	0	0	0	0	0	0	0	6.44547319252e-05	0	0.000420851484923	3.79145481913e-06	0	1.89572740956e-05	0.000102369280116	4.54974578295e-05	0	0	0	0	0	0	0.00222937543365	0.000238861653605	0.00890991882495	0.00235070198786	4.54974578295e-05	0.000269193292158	3.79145481913e-06	0.000144075283127	0	7.58290963826e-06	0	0	0	0
0.00241515671978	0.00039051984637	0.00297629203302	0	0.00101990134635	0.00102369280116	0.013353503873	0.0131146422194	0.00816300222558	0.000295733475892	0.0115601457435	0.016098517162	0.0119430826803	0.00155828793066	0.00448908250585	0.000963029524059	9.85778252973e-05	0.00519050164739	0.00665021175275	0.0114918995568	0.0162198437162	0.00833740914726	9.09949156591e-05	0.00669570921058	0.00422368066851	0.000219904379509	0.0156814571319	0.00414785157213	0.0113895302767	0.0280188511134	0.0179259983848	0.000125118009031	0.0039241557378	0.0107222342285	0.0779712683554	1.13743644574e-05	3.0331638553e-05	3.41230933722e-05	0	4.17060030104e-05	0	0.000170615466861	0.000329856569264	0.000265401837339	0.00119809972284	0.000204738560233	3.41230933722e-05	0.000185781286137	3.0331638553e-05	9.85778252973e-05	0	1.51658192765e-05	0.000106160734936	6.06632771061e-05	0.000189572740956	7.58290963826e-06	0.000147866737946	4.54974578295e-05	0.0010502329849	0.000735542234911	0	0.000572509677688	0.000887200427676	0.000420851484923	2.65401837339e-05	3.79145481913e-06	0	0	0	8.34120060208e-05	0.0127468711019	0.00327581696373	0.0529969554618	0.0125610898158	0.000735542234911	0.00401515065346	0.00012890946385	0.000963029524059	0.000102369280116	0.000238861653605	0.000223695834329	0.000276776201796	7.58290963826e-06	0
0	3.79145481913e-06	0	0	0	0	0	3.79145481913e-06	0	9.09949156591e-05	0	0	0	0	0	0	0	0	0	0	0	0	3.79145481913e-06	3.79145481913e-06	0.000125118009031	0	0	7.58290963826e-06	0.000106160734936	3.79145481913e-06	3.79145481913e-06	0	0	0	1.13743644574e-05	0.0177440085535	0	0.000439808759019	0	7.58290963826e-06	0	3.79145481913e-05	0.00686253322262	0.00207771724088	0.000125118009031	5.68718222869e-05	1.51658192765e-05	5.30803674678e-05	0	0.0112757866321	1.51658192765e-05	0	0.00229762162039	7.58290963826e-06	4.92889126487e-05	3.79145481913e-05	0.00133080064151	0	0.0033895606083	0.00108435607827	0	3.79145481913e-06	0.000371562572275	0.000917532066229	0.00691561359009	0.00537628293352	0	0	0.00106539880418	0.00221800106919	1.89572740956e-05	0	7.58290963826e-06	7.58290963826e-06	0	0	0	0.000197155650595	1.89572740956e-05	0.00161895120777	0.00126634590959	0.000170615466861	7.20376415634e-05	0
0	0.00726821888827	5.68718222869e-05	0	0	0	0	0	0	0.000181989831318	0	1.51658192765e-05	0	8.34120060208e-05	0	0	2.27487289148e-05	3.41230933722e-05	1.13743644574e-05	3.0331638553e-05	0	7.58290963826e-06	0.000212321469871	5.30803674678e-05	0.000159241102403	0.000644547319252	0.00211563178907	0.00901228810507	5.30803674678e-05	0	3.79145481913e-06	0	0	0	3.0331638553e-05	0	0.0213648479058	6.44547319252e-05	0	7.58290963826e-05	0	0	3.79145481913e-06	0	0.00546348639436	3.79145481913e-06	3.79145481913e-05	3.79145481913e-05	0.000947863704782	0	0	0.000159241102403	0.000102369280116	3.79145481913e-06	0.000178198376499	3.79145481913e-06	0	0.00798101239427	1.51658192765e-05	0.00492889126487	0.004360173042	0.000712793505996	0.0181572771288	2.27487289148e-05	0	3.79145481913e-06	0.000223695834329	0	0	0	0.000504263490944	0.000602841316241	2.27487289148e-05	3.79145481913e-06	0	0	3.79145481913e-06	0.000170615466861	0.000109952189755	0	0	3.79145481913e-06	0	0.000181989831318
