0.0276530795475	1.22430989732e-05	0.00556652899982	0	0.000261186111429	0.000110187890759	0.00238332326679	0.00857425031424	0.00548082730701	0.000257105078437	0.00495029301817	0.0023751612008	0.00130184952415	1.22430989732e-05	0.01967466005	0.000134674088705	1.22430989732e-05	0.00133857882107	0.000171403385625	0.000338725738259	0.00267715764214	0.00250983528951	6.12154948661e-05	0.00373006415384	0.000359130903214	0	0.00429324670661	0.000138755121696	0.00236699913482	0.00708875430549	0.00761928859433	8.16206598214e-06	0.000555020486786	0.00015099822067	0.0039300347704	0	8.16206598214e-06	0	0	7.75396268303e-05	0	0.000110187890759	0.000514210156875	0.000195889583571	0.000240780946473	0.000587668750714	2.44861979464e-05	0.000563182552768	0	0.000130593055714	0	0	0	3.26482639286e-05	4.08103299107e-05	0.000199970616562	0	8.16206598214e-06	8.16206598214e-06	0.000995772049821	0	8.16206598214e-06	2.04051649554e-05	0.000718261806428	2.85672309375e-05	0	0	0	0	0.000240780946473	0.000416265365089	9.38637587946e-05	0.00253432148745	2.85672309375e-05	0.000187727517589	3.67292969196e-05	0	0.000236699913482	1.63241319643e-05	0.000261186111429	1.22430989732e-05	8.16206598214e-06	4.08103299107e-06	0
1.22430989732e-05	0.0295997322842	7.75396268303e-05	0	1.22430989732e-05	3.26482639286e-05	8.16206598214e-06	6.12154948661e-05	0	0.00481153789647	1.22430989732e-05	3.67292969196e-05	8.16206598214e-05	0.000289753342366	2.04051649554e-05	0.000910070357009	0.000167322352634	0.000142836154687	8.16206598214e-06	0.000652965278571	4.48913629018e-05	2.04051649554e-05	0.00505639987594	5.7134461875e-05	0.00163241319643	0.00162017009746	0.0101617721478	0.0213519646093	0.000310158507321	0.00015099822067	0.000175484418616	0.000175484418616	4.08103299107e-06	9.38637587946e-05	0.000404022266116	0	0.0171240144305	4.89723958928e-05	0	7.75396268303e-05	8.16206598214e-06	6.93775608482e-05	0.000220375781518	3.26482639286e-05	5.30534288839e-05	9.79447917857e-05	3.26482639286e-05	7.75396268303e-05	0.000555020486786	2.85672309375e-05	0	4.08103299107e-06	0.000199970616562	4.08103299107e-06	6.52965278571e-05	0.000167322352634	8.16206598214e-06	0.00182014071402	4.08103299107e-05	0.000310158507321	0.00226089227705	0.00137938915098	0.0165526698118	0.000326482639286	8.16206598214e-05	8.16206598214e-06	0.000424427431071	4.08103299107e-06	0	0.000293834375357	0.000803963499241	0.000530534288839	0.000359130903214	3.67292969196e-05	0.00099169101683	0	0	0.00163241319643	0.00174260108719	0.000452994662009	9.38637587946e-05	1.63241319643e-05	8.16206598214e-06	1.22430989732e-05
0.00556652899982	7.75396268303e-05	0.0329339362379	0	0	2.04051649554e-05	1.22430989732e-05	0.00221600091415	0.000542777387812	0.000110187890759	6.93775608482e-05	0.000134674088705	4.08103299107e-06	0	0.0037912796487	4.08103299107e-06	0.000183646484598	0.00673778546826	1.63241319643e-05	0.000889665192053	4.08103299107e-06	0.00464829657683	0.000285672309375	0.0130960348683	0.000387698134152	4.08103299107e-06	0.00734994041692	0.0112024355605	0.00174260108719	0.00212213715536	0.0067663526992	0	3.67292969196e-05	8.97827258036e-05	0.00108147374263	1.22430989732e-05	3.26482639286e-05	0.00118349956741	0	3.67292969196e-05	0	1.22430989732e-05	0.000102025824777	8.16206598214e-05	0.000110187890759	0	8.16206598214e-06	1.22430989732e-05	1.22430989732e-05	5.7134461875e-05	4.08103299107e-06	0.000179565451607	0.000261186111429	4.08103299107e-06	0	4.08103299107e-06	0.000461156727991	0.00120390473237	0.00427692257464	0.000155079253661	8.16206598214e-06	0.000461156727991	0.00324034019491	0.000240780946473	4.89723958928e-05	1.63241319643e-05	0	0	0	8.16206598214e-05	0.00270572487308	0.00148957704174	0.00194257170375	0.000326482639286	0.000106106857768	8.16206598214e-06	2.04051649554e-05	0.000179565451607	9.79447917857e-05	0.00019180855058	6.52965278571e-05	4.89723958928e-05	0	8.16206598214e-06
0	0	0	0	0	0	0	0	0	0	0	0	0	0	0	0	0	0	0	0	0	0	0	0	0	0	0	0	0	0	0	0	0	0	0	0	0	0	0	0	0	0	0	0	0	0	0	0	0	0	0	0	0	0	0	0	0	0	0	0	0	0	0	0	0	0	0	0	0	0	0	0	0	0	0	0	0	0	0	0	0	0	0	0
0.000261186111429	1.22430989732e-05	0	0	0.0203888408234	0.000130593055714	0.0025139163225	0.000603992882678	0.000779477301295	0.00108555477562	0.00368517279094	0.000530534288839	0.00541553077915	8.16206598214e-06	0.000946799653928	0.00060807391567	0	0	2.44861979464e-05	1.63241319643e-05	0.00857425031424	8.16206598214e-06	0	8.16206598214e-06	0.00229762157397	0	0.000448913629018	4.08103299107e-05	0.00561550139571	0.000612154948661	4.08103299107e-06	0	0.000661127344553	2.85672309375e-05	0.000930475521964	4.08103299107e-06	3.26482639286e-05	0	0	0.00799066259652	0	0.000208132682545	5.7134461875e-05	9.38637587946e-05	0.00263226627924	0.000542777387812	8.16206598214e-06	0.00222824401312	4.08103299107e-06	0.00011426892375	8.16206598214e-06	0	8.16206598214e-06	1.22430989732e-05	4.08103299107e-06	0.00628479080625	4.08103299107e-06	2.44861979464e-05	8.16206598214e-06	0.00317504366705	2.85672309375e-05	2.85672309375e-05	4.48913629018e-05	0.000477480859955	0.000106106857768	0	0	0	0	0.000938637587946	9.38637587946e-05	3.26482639286e-05	0.000644803212589	0.000110187890759	0.00026526714442	4.08103299107e-05	0	0.000301996441339	8.16206598214e-05	0.000473399826964	1.63241319643e-05	0.000122430989732	5.30534288839e-05	0
0.000110187890759	3.26482639286e-05	2.04051649554e-05	0	0.000130593055714	0.00842325209357	0.0048441861604	0.00026526714442	0.0031546385021	0.000183646484598	0.000355049870223	5.30534288839e-05	0.000550939453795	1.63241319643e-05	0.00106923064366	0.00148141497576	2.44861979464e-05	8.16206598214e-06	0	0	0.00026526714442	2.85672309375e-05	4.08103299107e-05	4.08103299107e-05	0.000138755121696	0	4.08103299107e-05	9.38637587946e-05	0.000163241319643	8.57016928125e-05	6.93775608482e-05	0	0.00488499649031	4.48913629018e-05	0.000285672309375	0	4.08103299107e-06	0	0	0	4.08103299107e-06	4.08103299107e-05	2.44861979464e-05	4.48913629018e-05	8.16206598214e-05	3.67292969196e-05	0	4.89723958928e-05	0	5.30534288839e-05	4.08103299107e-06	4.08103299107e-06	0	0	0	1.63241319643e-05	8.16206598214e-06	4.08103299107e-06	1.63241319643e-05	4.48913629018e-05	8.16206598214e-06	4.08103299107e-06	8.16206598214e-06	5.7134461875e-05	9.38637587946e-05	4.08103299107e-06	0	8.16206598214e-06	0	1.22430989732e-05	0.000857016928125	9.38637587946e-05	0.000457075695	0.00037953606817	0.00179973554906	0.000546858420803	2.04051649554e-05	2.44861979464e-05	1.63241319643e-05	0.000187727517589	0.000175484418616	2.85672309375e-05	0	0
0.00238332326679	8.16206598214e-06	1.22430989732e-05	0	0.0025139163225	0.0048441861604	0.0423652034803	0.00789271780473	0.0158997045332	0.000338725738259	0.0169934213748	0.00266083351018	0.0116758353875	4.08103299107e-05	0.0074519662417	0.00336277118464	3.26482639286e-05	2.04051649554e-05	0.00011426892375	4.08103299107e-05	0.0079090419367	0.000106106857768	2.44861979464e-05	8.97827258036e-05	0.000375455035179	0	0.00182830278	0.000155079253661	0.00400757439723	0.00463197244487	7.34585938393e-05	4.08103299107e-06	0.0064888424558	0.000828449697187	0.00527269462446	0	4.08103299107e-06	0	0	6.12154948661e-05	4.08103299107e-06	0.00019180855058	8.57016928125e-05	3.26482639286e-05	0.000546858420803	0.000248943012455	0	0.000518291189866	0	3.26482639286e-05	1.22430989732e-05	4.08103299107e-06	0	0	0	0.00019180855058	0	4.08103299107e-06	4.08103299107e-06	0.0002285378475	0	0	8.16206598214e-06	6.12154948661e-05	4.08103299107e-06	0	0	0	0	4.08103299107e-06	0.00280366966487	0.000248943012455	0.00375046931879	0.00109371684161	0.00201603029759	0.00087742209308	2.85672309375e-05	1.22430989732e-05	4.08103299107e-06	8.16206598214e-06	4.08103299107e-06	0.000297915408348	0	0
0.00857425031424	6.12154948661e-05	0.00221600091415	0	0.000603992882678	0.00026526714442	0.00789271780473	0.0680022527302	0.00934964658254	0.00140387534893	0.0234700207316	0.000563182552768	0.00113860820451	8.16206598214e-06	0.0152222530567	0.000489723958928	3.67292969196e-05	0.0010977978746	2.85672309375e-05	0.000110187890759	0.00192216653879	0.00245678186062	3.26482639286e-05	0.00248126805857	0.00210989405638	1.22430989732e-05	0.000820287631205	0.000546858420803	0.021458071467	0.0150222824401	0.0113901630781	4.08103299107e-06	0.00101209618179	0.00760704549536	0.0102597169396	0	8.16206598214e-05	4.08103299107e-06	0	0.00181605968103	0	0.000257105078437	0.00159568389951	0.000538696354821	0.00504415677696	0.000542777387812	4.08103299107e-06	0.000444832596027	0	0.000199970616562	2.85672309375e-05	4.08103299107e-06	0	4.08103299107e-06	1.22430989732e-05	0.000922313455982	2.44861979464e-05	8.16206598214e-06	4.08103299107e-05	0.00535023425129	1.22430989732e-05	8.16206598214e-06	0.000130593055714	0.00421570707978	2.04051649554e-05	9.38637587946e-05	0	0	0	0.000146917187679	0.00390554857245	0.000816206598214	0.00691326988687	0.00315871953509	0.000208132682545	0.000130593055714	0.000195889583571	0.000240780946473	2.04051649554e-05	0.000330563672277	0.00011426892375	2.85672309375e-05	1.22430989732e-05	4.08103299107e-06
0.00548082730701	0	0.000542777387812	0	0.000779477301295	0.0031546385021	0.0158997045332	0.00934964658254	0.037472044924	0.000293834375357	0.00902724497625	0.000808044532232	0.00200786823161	8.57016928125e-05	0.0170138265398	0.00107331167665	2.04051649554e-05	0.00037953606817	2.44861979464e-05	0.000244861979464	0.0015997649325	0.000399941233125	4.89723958928e-05	0.00037953606817	0.000310158507321	2.44861979464e-05	0.000718261806428	9.79447917857e-05	0.00272204900504	0.00432589497053	0.00125287712826	2.44861979464e-05	0.00679491993013	0.00156711666857	0.0023302698379	0	4.08103299107e-06	0	0	0.00026526714442	0	0.000208132682545	0.00030607747433	0.00015099822067	0.000473399826964	0.000452994662009	2.04051649554e-05	0.000461156727991	0	0.000130593055714	4.08103299107e-06	4.08103299107e-06	0	2.85672309375e-05	3.26482639286e-05	0.000489723958928	4.08103299107e-06	4.08103299107e-06	2.04051649554e-05	0.00106923064366	4.08103299107e-06	1.22430989732e-05	1.63241319643e-05	0.000616235981652	6.12154948661e-05	2.44861979464e-05	0	4.08103299107e-06	0	0.000179565451607	0.00210989405638	0.00015099822067	0.00245678186062	0.000759072136339	0.000836611763169	0.000995772049821	0.000146917187679	0.00015099822067	2.04051649554e-05	0.000269348177411	9.38637587946e-05	7.75396268303e-05	0	3.67292969196e-05
0.000257105078437	0.00481153789647	0.000110187890759	0	0.00108555477562	0.000183646484598	0.000338725738259	0.00140387534893	0.000293834375357	0.0250289753342	0.000130593055714	8.97827258036e-05	0.000946799653928	5.7134461875e-05	0.000461156727991	0.00324850226089	5.30534288839e-05	6.12154948661e-05	4.08103299107e-06	2.44861979464e-05	0.000301996441339	0.000367292969196	0.0053951256142	0.00011426892375	0.0111453010986	0.00101617721478	0.00141203741491	0.00343622977848	0.00482378099545	0.00171811488924	0.000673370443527	0	0.000110187890759	0.00147325290978	0.00117125646844	4.48913629018e-05	0.000297915408348	1.22430989732e-05	0	0.000836611763169	0	0.000183646484598	0.000616235981652	0.000220375781518	0.00843549519254	0.000289753342366	0	0.000538696354821	1.22430989732e-05	8.16206598214e-05	4.89723958928e-05	4.48913629018e-05	0	0	4.08103299107e-06	0.000220375781518	2.44861979464e-05	0.00019180855058	3.26482639286e-05	0.006856135425	0.00015099822067	3.26482639286e-05	0.000301996441339	0.00350968837232	2.85672309375e-05	1.22430989732e-05	0	0	4.08103299107e-06	0.000122430989732	0.000636641146607	0.000126512022723	0.00076315316933	0.000179565451607	0.00423611224473	1.22430989732e-05	0	0.000134674088705	3.26482639286e-05	0.000301996441339	6.52965278571e-05	0.000555020486786	0	0
0.00495029301817	1.22430989732e-05	6.93775608482e-05	0	0.00368517279094	0.000355049870223	0.0169934213748	0.0234700207316	0.00902724497625	0.000130593055714	0.0504905401655	0.00235475603585	0.0057134461875	4.48913629018e-05	0.00884767952464	0.000465237760982	2.04051649554e-05	3.67292969196e-05	0.000216294748527	0.000155079253661	0.00859465547919	0.000102025824777	8.16206598214e-06	8.57016928125e-05	0.000330563672277	1.22430989732e-05	0.00206500269348	0.000167322352634	0.0111738683296	0.00805595912437	0.000436670530045	8.16206598214e-06	0.00136714605201	0.00341582461353	0.010982059779	0	1.22430989732e-05	0	0	0.00289345239067	0	6.52965278571e-05	0.000208132682545	7.75396268303e-05	0.000657046311562	0.000473399826964	0	0.000187727517589	0	0.00011426892375	0	4.08103299107e-06	0	0	4.08103299107e-06	0.00245678186062	2.44861979464e-05	1.63241319643e-05	1.63241319643e-05	0.00108555477562	4.08103299107e-06	8.16206598214e-06	1.22430989732e-05	0.000289753342366	9.38637587946e-05	4.08103299107e-06	0	0	0	0.000750910070357	0.00280366966487	0.000338725738259	0.00841509002759	0.00336685221763	0.000118349956741	0.000183646484598	0.000167322352634	0.000269348177411	1.63241319643e-05	0.000371374002187	1.22430989732e-05	3.26482639286e-05	5.7134461875e-05	0
0.0023751612008	3.67292969196e-05	0.000134674088705	0	0.000530534288839	5.30534288839e-05	0.00266083351018	0.000563182552768	0.000808044532232	8.97827258036e-05	0.00235475603585	0.0297507305049	0.0024241335967	0.00436262426745	0.00379944171469	9.38637587946e-05	4.08103299107e-06	0.000506048090893	0.00259961801531	0.00404430369415	0.0027873455329	0.000167322352634	4.08103299107e-06	0.000175484418616	0.00011426892375	0.000701937674464	0.0131694934622	0.00099169101683	0.000440751563036	0.00506048090893	0.000530534288839	0.00213846128732	0.000857016928125	3.67292969196e-05	0.014185670677	0	3.67292969196e-05	0	0	4.08103299107e-06	4.08103299107e-06	4.48913629018e-05	9.79447917857e-05	1.63241319643e-05	0.000204051649554	7.34585938393e-05	0.000355049870223	0.000224456814509	0.0006856135425	3.67292969196e-05	1.22430989732e-05	0	0	4.08103299107e-06	2.04051649554e-05	2.44861979464e-05	0	4.08103299107e-06	1.22430989732e-05	6.93775608482e-05	0.000244861979464	7.75396268303e-05	0.000155079253661	7.34585938393e-05	1.22430989732e-05	0	3.67292969196e-05	0	0	2.44861979464e-05	0.000836611763169	0.0012814443592	0.00689694575491	5.7134461875e-05	0.000224456814509	0.00053461532183	0.000138755121696	4.89723958928e-05	0.000195889583571	2.44861979464e-05	0	9.38637587946e-05	0	0.000102025824777
0.00130184952415	8.16206598214e-05	4.08103299107e-06	0	0.00541553077915	0.000550939453795	0.0116758353875	0.00113860820451	0.00200786823161	0.000946799653928	0.0057134461875	0.0024241335967	0.0301098614081	2.44861979464e-05	0.00340766254754	0.00303220751237	4.08103299107e-06	4.08103299107e-06	0.000102025824777	3.26482639286e-05	0.0149080135164	1.63241319643e-05	3.26482639286e-05	8.16206598214e-06	0.00143652361286	1.22430989732e-05	0.00191400447281	0.000130593055714	0.00180381658205	0.00280775069786	4.08103299107e-06	0	0.00225681124406	0.000142836154687	0.00452994662009	4.08103299107e-06	7.34585938393e-05	8.16206598214e-06	0	0.000183646484598	8.16206598214e-06	0.00307301784228	0.00049380499192	0.000371374002187	0.000603992882678	0.00254656458643	0.00049380499192	0.00510945330482	0.000326482639286	0.000244861979464	3.67292969196e-05	0	0	0.000163241319643	0.000269348177411	0.00259145594933	0	8.16206598214e-06	0	0.00030607747433	4.48913629018e-05	0.000428508464062	0.000146917187679	5.7134461875e-05	0.000693775608482	0	8.16206598214e-06	0	0	0.00269348177411	0.000657046311562	9.38637587946e-05	0.00279958863187	0.000693775608482	0.00167730455933	0.000167322352634	4.08103299107e-06	0.000179565451607	0.000297915408348	0.00190176137384	0	0.000310158507321	0	4.08103299107e-06
1.22430989732e-05	0.000289753342366	0	0	8.16206598214e-06	1.63241319643e-05	4.08103299107e-05	8.16206598214e-06	8.57016928125e-05	5.7134461875e-05	4.48913629018e-05	0.00436262426745	2.44861979464e-05	0.0158956235002	0.000138755121696	4.08103299107e-06	0	4.08103299107e-06	6.93775608482e-05	3.67292969196e-05	2.04051649554e-05	4.08103299107e-06	6.93775608482e-05	4.08103299107e-06	1.63241319643e-05	0.00460748624692	0.0035668228342	0.00420754501379	0	0.000106106857768	8.16206598214e-06	0.00148957704174	8.97827258036e-05	0	0.000432589497053	0	0.000803963499241	0	0	0	0	4.48913629018e-05	2.04051649554e-05	0	8.16206598214e-05	1.63241319643e-05	0.000869260027098	4.48913629018e-05	0.00578690478134	1.22430989732e-05	1.63241319643e-05	0	0	0.000126512022723	5.30534288839e-05	3.67292969196e-05	0	8.57016928125e-05	8.16206598214e-06	3.26482639286e-05	0.00348112114138	0.00188951827487	0.00282815586281	4.08103299107e-06	2.44861979464e-05	0	0.000865178994107	0	0	0.000106106857768	5.7134461875e-05	0.000971285851875	0.000355049870223	0.000138755121696	4.08103299107e-06	5.30534288839e-05	0.000334644705268	3.67292969196e-05	0.000787639367277	0.000138755121696	8.16206598214e-06	0	0	0.000359130903214
0.01967466005	2.04051649554e-05	0.0037912796487	0	0.000946799653928	0.00106923064366	0.0074519662417	0.0152222530567	0.0170138265398	0.000461156727991	0.00884767952464	0.00379944171469	0.00340766254754	0.000138755121696	0.0517230121288	0.00122839093031	2.85672309375e-05	0.00208948889143	0.000159160286652	0.00107331167665	0.00357090386719	0.00213029922134	8.97827258036e-05	0.00288529032469	0.000857016928125	0	0.0039749261333	0.000285672309375	0.00476664653357	0.021494800764	0.00592157887004	0.000118349956741	0.00737850764786	0.00280775069786	0.0096883723208	4.08103299107e-06	1.22430989732e-05	0	0	0.000208132682545	0	0.000338725738259	0.000848854862143	0.000363211936205	0.000726423872411	0.000742748004375	7.34585938393e-05	0.000824368664196	5.7134461875e-05	0.000269348177411	1.22430989732e-05	0	0	3.26482639286e-05	4.08103299107e-05	0.000412184332098	4.08103299107e-06	1.22430989732e-05	2.04051649554e-05	0.00139571328295	6.52965278571e-05	2.04051649554e-05	3.26482639286e-05	0.00107739270964	5.30534288839e-05	8.16206598214e-06	0	0	0	0.000277510243393	0.00243229566268	0.000444832596027	0.00512985846978	0.000404022266116	0.000865178994107	0.000359130903214	4.08103299107e-05	0.000281591276384	2.44861979464e-05	0.000297915408348	1.63241319643e-05	0.000122430989732	4.08103299107e-06	5.30534288839e-05
0.000134674088705	0.000910070357009	4.08103299107e-06	0	0.00060807391567	0.00148141497576	0.00336277118464	0.000489723958928	0.00107331167665	0.00324850226089	0.000465237760982	9.38637587946e-05	0.00303220751237	4.08103299107e-06	0.00122839093031	0.0101536100818	1.63241319643e-05	4.08103299107e-06	4.08103299107e-06	1.22430989732e-05	0.000644803212589	3.26482639286e-05	0.000563182552768	1.63241319643e-05	0.000795801433259	1.22430989732e-05	0.000452994662009	0.00079988246625	0.000404022266116	0.000212213715536	3.26482639286e-05	0	0.00153038737165	9.38637587946e-05	0.000595830816696	0	9.38637587946e-05	0	0	8.16206598214e-06	0	0.000110187890759	7.34585938393e-05	8.16206598214e-06	0.000661127344553	0.000102025824777	0	0.00049380499192	0	8.16206598214e-06	0	4.08103299107e-06	0	0	0	8.16206598214e-05	4.08103299107e-06	1.63241319643e-05	4.08103299107e-06	0.000163241319643	2.44861979464e-05	1.22430989732e-05	0.000110187890759	0.000126512022723	0	0	0	0	0	0	0.000142836154687	3.26482639286e-05	0.000599911849687	0.000106106857768	0.00559917726375	6.52965278571e-05	0	1.22430989732e-05	4.08103299107e-06	0	0	0.000461156727991	0	0
1.22430989732e-05	0.000167322352634	0.000183646484598	0	0	2.44861979464e-05	3.26482639286e-05	3.67292969196e-05	2.04051649554e-05	5.30534288839e-05	2.04051649554e-05	4.08103299107e-06	4.08103299107e-06	0	2.85672309375e-05	1.63241319643e-05	0.0235802086224	4.89723958928e-05	0	2.04051649554e-05	4.08103299107e-06	0.00290569548964	0.016438400888	0.00517883086567	0.00435854323446	0	0.000167322352634	0.00841917106058	0.0015099822067	4.08103299107e-05	0.0006856135425	0	2.85672309375e-05	8.16206598214e-06	0.000106106857768	0	2.85672309375e-05	3.26482639286e-05	0	2.44861979464e-05	0	4.08103299107e-06	0.000106106857768	8.16206598214e-06	0.00204459752853	0	2.04051649554e-05	0	4.08103299107e-06	8.16206598214e-06	0	0.00376271241777	0.000179565451607	2.04051649554e-05	6.52965278571e-05	0	0.0028812092917	0.00843141415955	0.00253024045446	0.00126103919424	0	0.000138755121696	0.000130593055714	0.00411776228799	1.22430989732e-05	0.00042034639808	0	0	0	1.63241319643e-05	0.00367701072495	0.00212621818835	0.000126512022723	4.08103299107e-05	6.12154948661e-05	8.16206598214e-06	0	0.000175484418616	6.12154948661e-05	5.30534288839e-05	6.93775608482e-05	0	0	0
0.00133857882107	0.000142836154687	0.00673778546826	0	0	8.16206598214e-06	2.04051649554e-05	0.0010977978746	0.00037953606817	6.12154948661e-05	3.67292969196e-05	0.000506048090893	4.08103299107e-06	4.08103299107e-06	0.00208948889143	4.08103299107e-06	4.89723958928e-05	0.0302200492989	0.000310158507321	0.00469726897272	1.63241319643e-05	0.00431773290455	0.000122430989732	0.00865178994107	0.000269348177411	0	0.00404838472714	0.00606849605772	0.00175484418616	0.00361987626308	0.00810901255326	4.08103299107e-06	3.67292969196e-05	0.000697856641473	0.00625214254232	0	0.000212213715536	3.67292969196e-05	0	1.22430989732e-05	0	4.08103299107e-06	4.08103299107e-05	4.08103299107e-06	0.000106106857768	0	4.08103299107e-06	8.16206598214e-06	1.63241319643e-05	1.22430989732e-05	4.08103299107e-06	4.08103299107e-06	0.000465237760982	0	0.000767234202321	2.44861979464e-05	2.04051649554e-05	0.000142836154687	6.93775608482e-05	0.000159160286652	1.63241319643e-05	0.00172627695522	0.00106514961067	8.97827258036e-05	1.63241319643e-05	1.63241319643e-05	4.08103299107e-06	0	0	6.12154948661e-05	0.000905989324018	0.00100801514879	0.00117533750143	8.16206598214e-06	2.04051649554e-05	0	1.22430989732e-05	0.000122430989732	0.000208132682545	8.16206598214e-05	0	1.22430989732e-05	0	1.22430989732e-05
0.000171403385625	8.16206598214e-06	1.63241319643e-05	0	2.44861979464e-05	0	0.00011426892375	2.85672309375e-05	2.44861979464e-05	4.08103299107e-06	0.000216294748527	0.00259961801531	0.000102025824777	6.93775608482e-05	0.000159160286652	4.08103299107e-06	0	0.000310158507321	0.00476256550058	0.00275061623598	0.000159160286652	7.75396268303e-05	0	6.52965278571e-05	2.44861979464e-05	3.26482639286e-05	0.00293834375357	8.57016928125e-05	2.85672309375e-05	0.000183646484598	5.7134461875e-05	4.08103299107e-05	4.08103299107e-06	2.04051649554e-05	0.00186503207692	0	2.04051649554e-05	0	0	0	0	0	4.08103299107e-06	0	4.08103299107e-06	4.08103299107e-06	0	8.16206598214e-06	4.08103299107e-05	0	0	0	0	0	0	0	4.08103299107e-06	4.08103299107e-06	4.08103299107e-06	0	4.48913629018e-05	1.63241319643e-05	4.89723958928e-05	4.08103299107e-06	0	0	4.08103299107e-06	0	0	4.08103299107e-06	0.000522372222857	0.00015099822067	0.00102433928076	5.7134461875e-05	8.16206598214e-06	3.67292969196e-05	0	1.63241319643e-05	8.16206598214e-06	0	4.08103299107e-06	8.16206598214e-06	0	4.08103299107e-06
0.000338725738259	0.000652965278571	0.000889665192053	0	1.63241319643e-05	0	4.08103299107e-05	0.000110187890759	0.000244861979464	2.44861979464e-05	0.000155079253661	0.00404430369415	3.26482639286e-05	3.67292969196e-05	0.00107331167665	1.22430989732e-05	2.04051649554e-05	0.00469726897272	0.00275061623598	0.0189931275404	8.97827258036e-05	0.000550939453795	3.67292969196e-05	0.000665208377545	0.000102025824777	8.16206598214e-06	0.00949656377022	0.00158344080054	0.000301996441339	0.00117533750143	0.00116717543545	8.16206598214e-06	2.44861979464e-05	0.000122430989732	0.00812125565223	4.08103299107e-06	0.00110187890759	8.16206598214e-06	0	4.08103299107e-06	0	0	4.08103299107e-06	0	8.16206598214e-06	0	1.22430989732e-05	0	4.89723958928e-05	4.08103299107e-06	0	4.08103299107e-06	1.63241319643e-05	0	0.000338725738259	4.08103299107e-06	2.85672309375e-05	0.000159160286652	5.30534288839e-05	8.16206598214e-06	8.16206598214e-05	0.000644803212589	0.00152222530567	4.08103299107e-06	4.08103299107e-06	0	2.04051649554e-05	0	0	4.48913629018e-05	0.00158344080054	0.000771315235312	0.0038851434075	0.000253024045446	2.04051649554e-05	8.16206598214e-06	3.26482639286e-05	7.75396268303e-05	6.93775608482e-05	7.34585938393e-05	8.16206598214e-06	4.08103299107e-06	0	2.44861979464e-05
0.00267715764214	4.48913629018e-05	4.08103299107e-06	0	0.00857425031424	0.00026526714442	0.0079090419367	0.00192216653879	0.0015997649325	0.000301996441339	0.00859465547919	0.0027873455329	0.0149080135164	2.04051649554e-05	0.00357090386719	0.000644803212589	4.08103299107e-06	1.63241319643e-05	0.000159160286652	8.97827258036e-05	0.0259512887902	1.63241319643e-05	0	1.22430989732e-05	0.00143652361286	0	0.00263226627924	0.000102025824777	0.00375455035179	0.0031097471392	2.44861979464e-05	0	0.00113860820451	0.000142836154687	0.00578690478134	0	4.89723958928e-05	0	0	0.00298731614946	0	0.00131001159013	8.16206598214e-05	0.000122430989732	0.00116309440246	0.000248943012455	0.000195889583571	0.00331787982174	0.000142836154687	7.34585938393e-05	8.16206598214e-06	0	0	2.44861979464e-05	1.22430989732e-05	0.00359539006513	4.08103299107e-06	1.22430989732e-05	0	0.00122839093031	3.67292969196e-05	0.000126512022723	4.48913629018e-05	0.000159160286652	0.000208132682545	0	0	0	0	0.00111412200656	0.000857016928125	0.000130593055714	0.00437486736643	0.00106514961067	0.000216294748527	0.000171403385625	8.16206598214e-06	0.000212213715536	0.00019180855058	0.00072234283942	4.08103299107e-06	7.75396268303e-05	0	4.08103299107e-06
0.00250983528951	2.04051649554e-05	0.00464829657683	0	8.16206598214e-06	2.85672309375e-05	0.000106106857768	0.00245678186062	0.000399941233125	0.000367292969196	0.000102025824777	0.000167322352634	1.63241319643e-05	4.08103299107e-06	0.00213029922134	3.26482639286e-05	0.00290569548964	0.00431773290455	7.75396268303e-05	0.000550939453795	1.63241319643e-05	0.0448546336049	0.00340766254754	0.0237924223379	0.000869260027098	0	0.00152630633866	0.00208540785844	0.00841509002759	0.00142836154687	0.0125042850846	0	1.63241319643e-05	0.000759072136339	0.00476664653357	0.00026526714442	0	3.26482639286e-05	0	0	0	0	0.000436670530045	1.63241319643e-05	0.000922313455982	4.08103299107e-06	8.16206598214e-06	0	0	2.85672309375e-05	0	0.000395860200134	8.97827258036e-05	1.22430989732e-05	2.04051649554e-05	0	0.00216294748527	0.00296282995152	0.000497886024911	0.000448913629018	0	7.75396268303e-05	2.04051649554e-05	0.00309342300723	0.000314239540312	0.000706018707455	0	0	2.04051649554e-05	5.30534288839e-05	0.00272613003804	0.00150182014071	0.00534207218531	0.000734585938393	0.000130593055714	2.44861979464e-05	4.08103299107e-06	2.85672309375e-05	1.22430989732e-05	6.93775608482e-05	2.85672309375e-05	8.16206598214e-06	0	0
6.12154948661e-05	0.00505639987594	0.000285672309375	0	0	4.08103299107e-05	2.44861979464e-05	3.26482639286e-05	4.89723958928e-05	0.0053951256142	8.16206598214e-06	4.08103299107e-06	3.26482639286e-05	6.93775608482e-05	8.97827258036e-05	0.000563182552768	0.016438400888	0.000122430989732	0	3.67292969196e-05	0	0.00340766254754	0.0390554857245	0.0060317667608	0.00828857800486	0.000999853082812	0.00124063402929	0.014161184479	0.00267307660915	0.000371374002187	0.00204459752853	1.63241319643e-05	1.63241319643e-05	0.000293834375357	0.000457075695	8.16206598214e-05	0.000404022266116	3.67292969196e-05	0	1.63241319643e-05	0	1.22430989732e-05	0.000412184332098	2.44861979464e-05	0.00426467947567	1.63241319643e-05	4.08103299107e-06	4.08103299107e-06	0.000102025824777	6.12154948661e-05	0	0.00681940612808	6.52965278571e-05	4.08103299107e-06	8.16206598214e-06	0	0.00383208997862	0.0164139146901	0.00444016389428	0.00274245417	0.000163241319643	0.000130593055714	0.00331379878875	0.00673778546826	6.12154948661e-05	0.000261186111429	2.04051649554e-05	0	8.16206598214e-06	7.75396268303e-05	0.00329747465679	0.00179973554906	0.00026526714442	9.38637587946e-05	0.000718261806428	1.22430989732e-05	0	0.000183646484598	0.00011426892375	0.00011426892375	6.12154948661e-05	4.08103299107e-06	0	2.44861979464e-05
0.00373006415384	5.7134461875e-05	0.0130960348683	0	8.16206598214e-06	4.08103299107e-05	8.97827258036e-05	0.00248126805857	0.00037953606817	0.00011426892375	8.57016928125e-05	0.000175484418616	8.16206598214e-06	4.08103299107e-06	0.00288529032469	1.63241319643e-05	0.00517883086567	0.00865178994107	6.52965278571e-05	0.000665208377545	1.22430989732e-05	0.0237924223379	0.0060317667608	0.0628193408316	0.000399941233125	0	0.00291793858862	0.00812941771821	0.00285264206076	0.000857016928125	0.00570936515451	0	3.26482639286e-05	0.000232618880491	0.00476664653357	1.22430989732e-05	2.04051649554e-05	7.34585938393e-05	0	0.000130593055714	0	0	0.00015099822067	9.79447917857e-05	0.00049380499192	1.22430989732e-05	0	4.08103299107e-06	0	4.08103299107e-05	0	0.00317096263406	4.89723958928e-05	0	4.08103299107e-06	8.16206598214e-06	0.00386065720955	0.00954553616611	0.00921497249384	0.000550939453795	0	2.44861979464e-05	0.00131817365612	0.00335052808567	1.22430989732e-05	0.000244861979464	0	0	0	7.75396268303e-05	0.00657454414861	0.00270980590607	0.00774171958406	0.00142428051388	0.000322401606295	6.12154948661e-05	4.08103299107e-06	0.000146917187679	2.44861979464e-05	0.000130593055714	7.75396268303e-05	0.000171403385625	0	0
0.000359130903214	0.00163241319643	0.000387698134152	0	0.00229762157397	0.000138755121696	0.000375455035179	0.00210989405638	0.000310158507321	0.0111453010986	0.000330563672277	0.00011426892375	0.00143652361286	1.63241319643e-05	0.000857016928125	0.000795801433259	0.00435854323446	0.000269348177411	2.44861979464e-05	0.000102025824777	0.00143652361286	0.000869260027098	0.00828857800486	0.000399941233125	0.0422346104246	0.000452994662009	0.000893746225044	0.00309750404022	0.0166424525376	0.0020568406275	0.00343214874549	8.16206598214e-06	0.000126512022723	0.00169362869129	0.00382800894562	2.85672309375e-05	0.000257105078437	2.04051649554e-05	0	0.000714180773437	0	0.000318320573304	0.00272204900504	0.000995772049821	0.0102107445437	0.00170179075728	4.08103299107e-06	0.000803963499241	1.22430989732e-05	0.000689694575491	4.89723958928e-05	5.7134461875e-05	4.08103299107e-06	4.08103299107e-06	1.22430989732e-05	0.0002285378475	0.000224456814509	0.000975366884866	6.93775608482e-05	0.0107780081294	7.75396268303e-05	4.89723958928e-05	0.000355049870223	0.00800698672848	2.85672309375e-05	5.30534288839e-05	1.22430989732e-05	0	0	0.00015099822067	0.00368109175795	0.00129368745817	0.00222824401312	0.000583587717723	0.00113044613853	7.75396268303e-05	0	0.000208132682545	8.97827258036e-05	0.000395860200134	0.000134674088705	0.000110187890759	4.08103299107e-06	0
0	0.00162017009746	4.08103299107e-06	0	0	0	0	1.22430989732e-05	2.44861979464e-05	0.00101617721478	1.22430989732e-05	0.000701937674464	1.22430989732e-05	0.00460748624692	0	1.22430989732e-05	0	0	3.26482639286e-05	8.16206598214e-06	0	0	0.000999853082812	0	0.000452994662009	0.0096434809579	0.00216294748527	0.00338725738259	0.000163241319643	1.63241319643e-05	2.04051649554e-05	3.26482639286e-05	2.85672309375e-05	2.04051649554e-05	2.85672309375e-05	0	0.00165689939437	0	0	0	0	8.16206598214e-06	1.63241319643e-05	0	6.12154948661e-05	1.22430989732e-05	0.000273429210402	8.16206598214e-06	0.00268940074112	8.16206598214e-06	4.08103299107e-06	0	0	0.000289753342366	0	1.22430989732e-05	0	6.52965278571e-05	4.08103299107e-06	5.30534288839e-05	0.00324850226089	0.0015099822067	0.00176708728513	5.30534288839e-05	1.22430989732e-05	0	0.000624398047634	0	0	2.85672309375e-05	0	2.85672309375e-05	7.34585938393e-05	5.30534288839e-05	1.22430989732e-05	0	0.000122430989732	0.000102025824777	0.000310158507321	4.08103299107e-05	4.08103299107e-06	0	0	2.85672309375e-05
0.00429324670661	0.0101617721478	0.00734994041692	0	0.000448913629018	4.08103299107e-05	0.00182830278	0.000820287631205	0.000718261806428	0.00141203741491	0.00206500269348	0.0131694934622	0.00191400447281	0.0035668228342	0.0039749261333	0.000452994662009	0.000167322352634	0.00404838472714	0.00293834375357	0.00949656377022	0.00263226627924	0.00152630633866	0.00124063402929	0.00291793858862	0.000893746225044	0.00216294748527	0.093700517475	0.0250126512023	0.00131001159013	0.00414224848594	0.00302812647937	0.00355866076821	0.000285672309375	0.000240780946473	0.0108596287892	7.34585938393e-05	0.0128838211528	0.00112228407254	0	0.000106106857768	8.16206598214e-06	0.000330563672277	0.000481561892946	6.52965278571e-05	0.000195889583571	0.000285672309375	0.000514210156875	0.000436670530045	0.0039300347704	8.57016928125e-05	4.08103299107e-06	5.7134461875e-05	0.000938637587946	0.000926394488973	0.00182830278	0.000448913629018	0.000293834375357	0.000701937674464	0.000550939453795	0.000501967057902	0.0103821479293	0.0129327935487	0.0194216360045	0.000481561892946	0.000167322352634	9.79447917857e-05	0.00122430989732	4.08103299107e-06	0	0.000999853082812	0.00784782644183	0.00788455573875	0.00938637587946	0.000469318793973	0.00053461532183	0.000285672309375	4.08103299107e-05	0.00248126805857	0.00294650581955	0.00103250134674	0.000224456814509	4.89723958928e-05	8.16206598214e-06	0.000126512022723
0.000138755121696	0.0213519646093	0.0112024355605	0	4.08103299107e-05	9.38637587946e-05	0.000155079253661	0.000546858420803	9.79447917857e-05	0.00343622977848	0.000167322352634	0.00099169101683	0.000130593055714	0.00420754501379	0.000285672309375	0.00079988246625	0.00841917106058	0.00606849605772	8.57016928125e-05	0.00158344080054	0.000102025824777	0.00208540785844	0.014161184479	0.00812941771821	0.00309750404022	0.00338725738259	0.0250126512023	0.0971979627483	0.00171403385625	0.000759072136339	0.00134265985406	0.000579506684732	3.67292969196e-05	0.000330563672277	0.00487275339134	4.08103299107e-06	0.0181197864804	0.00106106857768	0	0.000106106857768	4.08103299107e-06	6.12154948661e-05	0.000346887804241	2.44861979464e-05	0.000212213715536	0.000195889583571	0.000375455035179	0.000118349956741	0.0031056661062	3.26482639286e-05	1.22430989732e-05	0.00379944171469	0.000693775608482	0.000322401606295	0.00011426892375	0.000310158507321	0.00104474444571	0.0127736332621	0.00754583000049	0.000489723958928	0.00806820222335	0.00530534288839	0.0281550466054	0.000522372222857	0.000146917187679	4.89723958928e-05	0.000550939453795	4.08103299107e-06	0	0.000673370443527	0.0100026118611	0.00474624136862	0.00391779167143	0.000852935895134	0.00106923064366	1.22430989732e-05	3.67292969196e-05	0.00220375781518	0.00237108016781	0.000983528950848	0.000212213715536	3.26482639286e-05	8.16206598214e-06	0.000106106857768
0.00236699913482	0.000310158507321	0.00174260108719	0	0.00561550139571	0.000163241319643	0.00400757439723	0.021458071467	0.00272204900504	0.00482378099545	0.0111738683296	0.000440751563036	0.00180381658205	0	0.00476664653357	0.000404022266116	0.0015099822067	0.00175484418616	2.85672309375e-05	0.000301996441339	0.00375455035179	0.00841509002759	0.00267307660915	0.00285264206076	0.0166424525376	0.000163241319643	0.00131001159013	0.00171403385625	0.072670954472	0.00496661715013	0.00976999298062	0	0.00034280677125	0.00348928320737	0.00773763855107	0.00122022886433	0.000171403385625	5.7134461875e-05	0	0.0090476501412	4.08103299107e-06	0.000595830816696	0.00184054587897	0.000620317014643	0.0152875495846	0.00133041675509	1.22430989732e-05	0.00144060464585	4.08103299107e-06	0.00124879609527	6.52965278571e-05	4.08103299107e-06	0.00026526714442	2.44861979464e-05	4.48913629018e-05	0.00548082730701	0.000665208377545	0.00104882547871	0.000346887804241	0.015993568292	9.38637587946e-05	0.000195889583571	0.000212213715536	0.00916600009794	0.00117941853442	0.000681532509509	0	4.08103299107e-06	2.85672309375e-05	0.000603992882678	0.00359539006513	0.00109371684161	0.00578282374835	0.00146917187679	0.000620317014643	7.34585938393e-05	6.93775608482e-05	0.000465237760982	0.00015099822067	0.000791720400268	0.00019180855058	0.000106106857768	4.08103299107e-05	0
0.00708875430549	0.00015099822067	0.00212213715536	0	0.000612154948661	8.57016928125e-05	0.00463197244487	0.0150222824401	0.00432589497053	0.00171811488924	0.00805595912437	0.00506048090893	0.00280775069786	0.000106106857768	0.021494800764	0.000212213715536	4.08103299107e-05	0.00361987626308	0.000183646484598	0.00117533750143	0.0031097471392	0.00142836154687	0.000371374002187	0.000857016928125	0.0020568406275	1.63241319643e-05	0.00414224848594	0.000759072136339	0.00496661715013	0.0500579506685	0.0133000865179	9.38637587946e-05	0.00101617721478	0.0133490589138	0.016450643987	8.16206598214e-06	0.000122430989732	0	0	6.52965278571e-05	4.08103299107e-06	0.000142836154687	0.000644803212589	0.000269348177411	0.00150182014071	0.000216294748527	4.48913629018e-05	0.000350968837232	5.30534288839e-05	0.000273429210402	1.63241319643e-05	8.16206598214e-06	0	4.08103299107e-06	2.04051649554e-05	9.38637587946e-05	1.63241319643e-05	3.67292969196e-05	4.89723958928e-05	0.00139979431594	6.52965278571e-05	1.22430989732e-05	0.000163241319643	0.000861097961116	5.30534288839e-05	1.63241319643e-05	0	0	0	0.000216294748527	0.0040238985292	0.00101209618179	0.00764785582527	0.000844773829152	0.000501967057902	0.000118349956741	4.48913629018e-05	0.000199970616562	3.26482639286e-05	0.000334644705268	5.30534288839e-05	0.000118349956741	4.08103299107e-06	5.30534288839e-05
0.00761928859433	0.000175484418616	0.0067663526992	0	4.08103299107e-06	6.93775608482e-05	7.34585938393e-05	0.0113901630781	0.00125287712826	0.000673370443527	0.000436670530045	0.000530534288839	4.08103299107e-06	8.16206598214e-06	0.00592157887004	3.26482639286e-05	0.0006856135425	0.00810901255326	5.7134461875e-05	0.00116717543545	2.44861979464e-05	0.0125042850846	0.00204459752853	0.00570936515451	0.00343214874549	2.04051649554e-05	0.00302812647937	0.00134265985406	0.00976999298062	0.0133000865179	0.0497396300952	8.16206598214e-06	9.79447917857e-05	0.00541144974616	0.00844773829152	7.75396268303e-05	6.52965278571e-05	4.08103299107e-06	0	0	0	2.04051649554e-05	0.00136306501902	5.7134461875e-05	0.00118349956741	2.44861979464e-05	1.22430989732e-05	0	2.04051649554e-05	3.26482639286e-05	4.08103299107e-06	4.89723958928e-05	3.26482639286e-05	0	0	0	0.000734585938393	0.000754991103348	0.000163241319643	0.00131817365612	2.44861979464e-05	1.63241319643e-05	9.79447917857e-05	0.00293426272058	6.52965278571e-05	0.000542777387812	0	0	4.08103299107e-06	0.000110187890759	0.00149773910772	0.000546858420803	0.00365252452701	0.000314239540312	0.000134674088705	4.89723958928e-05	2.44861979464e-05	9.79447917857e-05	2.85672309375e-05	0.00019180855058	7.75396268303e-05	1.22430989732e-05	0	3.26482639286e-05
8.16206598214e-06	0.000175484418616	0	0	0	0	4.08103299107e-06	4.08103299107e-06	2.44861979464e-05	0	8.16206598214e-06	0.00213846128732	0	0.00148957704174	0.000118349956741	0	0	4.08103299107e-06	4.08103299107e-05	8.16206598214e-06	0	0	1.63241319643e-05	0	8.16206598214e-06	3.26482639286e-05	0.00355866076821	0.000579506684732	0	9.38637587946e-05	8.16206598214e-06	0.00462789141187	6.52965278571e-05	0	0.000277510243393	0	0.000285672309375	0	0	4.08103299107e-06	0	0	8.16206598214e-06	0	4.08103299107e-06	4.08103299107e-06	2.85672309375e-05	0	0.000934556554955	4.08103299107e-06	0	0	0	4.48913629018e-05	4.89723958928e-05	8.16206598214e-06	0	1.22430989732e-05	0	1.22430989732e-05	0.000734585938393	0.000612154948661	0.000950880686919	4.08103299107e-06	1.22430989732e-05	0	0.000244861979464	0	0	2.44861979464e-05	1.22430989732e-05	0.000195889583571	0.000208132682545	0	0	8.16206598214e-05	0	2.44861979464e-05	4.08103299107e-05	2.85672309375e-05	0	0	0	4.08103299107e-06
