5971	0	174	0	10	16	52	3433	1528	22	108	66	12	0	3546	10	5	97	0	101	8	890	13	1358	77	0	55	489	1517	1521	479	0	0	45	269	16	6	47	0	2	0	0	0	7	10	0	1	1	0	18	0	1	22	1	4	1	12	15	51	4	0	6	50	1	9	7	0	0	2	34	235	23	625	250	40	0	0	55	9	88	92	15	2	0
0	4816	158	0	2	0	5	1	13	864	0	19	32	18	6	23	166	5	0	0	2	1	1829	7	961	952	988	3721	98	0	0	0	0	0	1	34	2299	57	0	0	0	0	0	12	5	0	50	0	28	29	0	11	117	6	92	0	30	31	65	10	119	402	1368	3	23	23	15	0	0	177	19	22	18	4	1	0	23	198	107	51	9	0	1	0
174	158	8177	0	1	1	12	206	66	31	5	3	3	0	129	0	61	1939	0	33	1	231	32	2791	54	0	2709	3237	106	50	167	0	0	0	217	81	850	184	0	3	0	3	3	21	12	2	10	4	5	75	0	20	546	11	116	7	56	55	165	35	0	681	492	12	51	49	2	0	2	129	1545	652	543	161	56	0	0	249	99	139	133	12	1	0
0	0	0	0	0	0	0	0	0	0	0	0	0	0	0	0	0	0	0	0	0	0	0	0	0	0	0	0	0	0	0	0	0	0	0	0	0	0	0	0	0	0	0	0	0	0	0	0	0	0	0	0	0	0	0	0	0	0	0	0	0	0	0	0	0	0	0	0	0	0	0	0	0	0	0	0	0	0	0	0	0	0	0	0
10	2	1	0	3734	0	255	651	90	167	71	6	621	2	23	45	3	2	0	36	1633	0	2	0	585	2	5	1	600	15	3	0	0	0	26	83	0	0	0	1921	1	115	1	217	90	1200	175	591	30	341	3	0	0	71	45	889	1	2	1	1099	1	75	3	695	324	3	1	3	33	483	71	6	89	36	41	0	3	41	11	317	28	6	26	17
16	0	1	0	0	1014	728	17	183	1	10	0	11	0	11	275	5	0	0	0	5	27	0	16	0	0	0	3	18	0	1	0	325	0	63	0	0	0	0	3	0	14	0	44	1	1	15	15	0	15	0	0	0	1	0	15	0	0	0	2	0	1	0	1	17	0	0	31	0	69	26	1	199	162	114	259	1	2	1	41	0	0	27	56
52	5	12	0	255	728	9757	1530	4541	119	3641	70	2852	28	532	681	11	6	0	123	1217	38	14	45	147	5	30	26	1015	5	3	0	218	0	126	3	4	0	0	70	1	179	0	104	35	38	52	213	0	147	5	0	0	3	0	153	0	6	6	60	0	2	9	34	188	0	0	67	1	370	802	82	1214	833	943	209	32	17	11	338	4	80	52	363
3433	1	206	0	651	17	1530	17136	5328	399	4331	100	82	2	4670	297	19	89	0	436	45	1669	14	1641	130	0	108	440	8194	1844	1693	0	2	302	760	46	6	26	0	1030	0	50	0	116	430	520	102	259	24	190	0	0	12	45	26	320	2	16	23	1241	0	42	29	784	309	1	0	6	20	485	901	93	1331	483	212	0	11	102	18	323	70	13	37	35
1528	13	66	0	90	183	4541	5328	13997	47	4673	1199	1080	56	6183	82	3	11	67	855	632	404	26	292	67	76	208	62	3582	297	106	0	240	1	1122	5	4	8	0	48	1	175	0	82	29	28	46	213	5	152	5	0	3	3	1	152	2	6	10	46	5	2	6	20	193	0	3	52	2	349	790	130	2852	867	786	59	159	33	17	336	15	86	41	336
22	864	31	0	167	1	119	399	47	6588	16	32	687	19	36	572	31	2	0	0	10	12	1633	31	3454	574	217	368	2587	24	25	0	0	0	0	10	95	43	0	446	0	1	11	45	2703	134	22	9	19	21	2	108	3	10	4	11	28	896	130	1423	41	37	198	953	89	25	3	1	54	583	405	90	27	9	179	0	29	773	46	828	651	242	37	0
108	0	5	0	71	10	3641	4331	4673	16	11434	436	918	8	1452	80	4	52	4	1338	1278	13	1	45	5	0	293	21	1995	247	10	0	2	0	1196	4	1	0	0	126	1	82	0	115	16	236	44	239	4	63	1	0	1	14	11	242	0	0	2	177	1	10	0	39	73	0	1	7	3	189	454	89	2176	407	256	0	30	18	9	164	16	15	31	70
66	19	3	0	6	0	70	100	1199	32	436	5968	67	660	1733	1	2	17	267	2055	127	13	27	24	4	361	1125	59	115	275	5	0	75	0	2049	0	0	0	0	1	0	0	0	4	0	1	262	0	475	0	0	0	0	55	1	0	0	0	0	1	476	73	77	1	1	0	55	0	0	7	292	1103	2647	137	14	0	301	21	1	5	3	0	3	0
12	32	3	0	621	11	2852	82	1080	687	918	67	7962	21	80	900	15	3	0	117	2852	3	68	6	857	6	5	10	349	1	0	0	0	0	72	2	23	0	0	267	1	1189	0	863	53	371	145	2424	28	837	25	0	0	37	8	2044	0	22	21	113	1	20	43	52	511	0	0	17	2	455	252	36	708	473	424	0	23	101	10	377	15	108	5	228
0	18	0	0	2	0	28	2	56	19	8	660	21	1731	23	0	0	0	0	0	13	0	14	0	8	463	297	49	4	0	0	15	2	0	9	0	0	0	0	0	0	0	0	0	0	0	250	0	594	0	0	0	0	0	0	0	0	0	0	0	348	0	5	0	0	0	6	0	0	0	1	375	122	8	1	0	299	4	19	12	0	0	0	13
3546	6	129	0	23	11	532	4670	6183	36	1452	1733	80	23	10940	9	5	44	88	1014	120	837	20	1164	89	45	289	169	3087	1735	156	0	1	37	1755	5	4	27	0	5	0	2	0	11	30	5	4	7	5	13	0	0	14	1	1	6	5	10	35	25	5	2	18	8	23	0	1	0	3	33	156	100	2195	152	84	0	102	46	7	34	24	8	3	6
10	23	0	0	45	275	681	297	82	572	80	1	900	0	9	2444	21	0	0	2	90	11	85	13	484	0	1	3	499	1	0	0	79	0	7	0	18	1	0	66	0	0	0	13	94	34	4	9	0	13	0	0	3	2	1	8	3	50	48	81	0	2	55	41	26	0	0	0	0	69	262	5	21	12	366	54	0	123	8	76	44	9	12	0
5	166	61	0	3	5	11	19	3	31	4	2	15	0	5	21	5469	41	0	9	1	277	3317	1330	1031	14	47	981	402	3	28	0	0	0	38	8	66	48	0	5	0	15	5	3	18	1	0	20	1	28	0	361	4	0	0	17	476	2044	1384	27	2	3	745	128	25	6	0	1	1	57	974	507	228	210	12	1	0	332	66	68	38	12	3	1
97	5	1939	0	2	0	6	89	11	2	52	17	3	0	44	0	41	5091	0	842	7	260	16	1748	42	0	941	1072	89	123	129	0	0	3	1091	27	35	114	0	0	0	4	3	19	1	4	0	4	0	37	0	0	11	0	12	5	7	2	13	15	0	83	82	3	13	10	0	0	1	12	985	293	1265	158	14	0	0	21	3	132	139	0	1	0
0	0	0	0	0	0	0	0	67	0	4	267	0	0	88	0	0	0	364	174	0	0	0	0	0	0	49	1	1	0	0	0	0	0	40	0	0	0	0	0	0	0	0	0	0	0	0	0	27	0	0	0	0	0	0	0	0	0	0	0	20	0	1	0	0	0	19	0	0	0	2	69	103	0	0	0	0	0	0	0	0	0	0	0
101	0	33	0	36	0	123	436	855	0	1338	2055	117	0	1014	2	9	842	174	5780	359	48	2	100	20	3	1085	102	294	290	11	0	0	10	2594	0	1	2	0	25	0	0	0	25	0	15	11	8	250	6	0	0	0	87	7	9	0	0	5	23	215	157	141	21	19	0	117	0	2	50	834	784	3993	232	7	0	0	65	2	36	22	0	14	0
8	2	1	0	1633	5	1217	45	632	10	1278	127	2852	13	120	90	1	7	0	359	5561	2	0	12	392	5	84	5	61	10	0	0	0	0	318	35	0	4	0	622	3	837	1	957	1	330	207	2063	31	1096	19	0	4	81	37	2131	1	0	1	230	1	65	1	112	682	1	0	18	16	486	104	27	727	234	70	0	25	92	8	328	15	53	10	105
890	1	231	0	0	27	38	1669	404	12	13	13	3	0	837	11	277	260	0	48	2	8686	109	4800	112	0	40	687	2021	135	1551	0	7	50	902	11	17	50	0	0	0	0	2	4	22	0	0	0	0	14	0	29	14	2	8	0	156	100	385	9	1	13	72	20	5	6	0	0	0	41	1607	548	1021	363	367	23	0	62	25	435	457	186	3	0
13	1829	32	0	2	0	14	14	26	1633	1	27	68	14	20	85	3317	16	0	2	0	109	9358	1279	2815	829	437	3659	295	28	34	0	0	0	2	17	660	634	0	0	0	0	11	4	49	0	2	0	10	17	0	418	6	3	1	0	527	3621	2382	105	71	43	2538	287	23	45	7	1	2	53	120	87	27	15	2	0	26	804	107	158	133	53	4	0
1358	7	2791	0	0	16	45	1641	292	31	45	24	6	0	1164	13	1330	1748	0	100	12	4800	1279	14826	138	0	157	2853	644	151	611	0	2	0	603	75	52	287	0	1	0	2	7	23	30	2	0	1	1	78	0	349	247	3	18	2	390	1002	1688	18	2	52	588	37	42	47	0	0	2	101	4052	1717	1320	689	462	8	0	88	42	709	736	285	3	0
77	961	54	0	585	0	147	130	67	3454	5	4	857	8	89	484	1031	42	0	20	392	112	2815	138	8962	484	373	1194	3013	130	207	0	0	1	25	15	82	24	0	123	0	1	10	26	1200	42	6	11	16	19	2	107	8	3	3	13	176	1240	166	683	58	42	129	591	69	36	6	0	24	345	625	148	55	34	129	0	2	631	47	482	396	126	21	2
0	952	0	0	2	0	5	0	76	574	0	361	6	463	45	0	14	0	0	3	5	0	829	0	484	2756	1231	1104	34	0	0	50	0	0	1	0	22	0	0	0	0	0	0	0	1	0	34	0	736	0	0	0	0	2	2	0	0	0	0	1	851	70	104	0	0	0	161	0	0	0	0	426	89	1	0	0	295	0	15	0	0	0	0	0
55	988	2709	0	5	0	30	108	208	217	293	1125	5	297	289	1	47	941	49	1085	84	40	437	157	373	1231	14224	4771	135	94	23	132	0	8	739	1	1717	33	0	3	0	1	1	3	19	1	196	2	2442	1	0	7	21	340	253	2	1	58	10	33	3568	2743	1841	12	5	1	1096	0	1	96	1062	2779	1128	69	43	0	47	204	215	34	22	1	0	0
489	3721	3237	0	1	3	26	440	62	368	21	59	10	49	169	3	981	1072	1	102	5	687	3659	2853	1194	1104	4771	20116	544	189	420	112	0	0	187	221	3536	890	0	1	0	0	6	42	19	1	96	2	1234	199	0	55	532	95	242	3	198	616	803	20	1854	1330	3936	22	186	194	821	1	1	499	2694	1407	548	232	35	0	55	425	302	197	141	23	8	0
1517	98	106	0	600	18	1015	8194	3582	2587	1995	115	349	4	3087	499	402	89	1	294	61	2021	295	644	3013	34	135	544	17556	1436	1823	0	1	222	494	48	34	54	0	944	0	38	5	132	1999	438	80	213	26	171	2	13	13	38	22	253	32	308	113	1584	2	42	77	1013	339	10	0	5	61	877	1378	246	1173	601	264	1	9	589	54	879	579	168	69	22
1521	0	50	0	15	0	5	1844	297	24	247	275	1	0	1735	1	3	123	0	290	10	135	28	151	130	0	94	189	1436	5583	1004	0	37	470	870	0	0	0	0	2	0	0	0	2	0	1	0	2	0	1	0	1	1	0	0	2	0	27	0	2	0	0	0	1	4	0	0	0	0	7	95	24	623	82	1	0	1	36	0	5	3	0	2	0
479	0	167	0	3	1	3	1693	106	25	10	5	0	0	156	0	28	129	0	11	0	1551	34	611	207	0	23	420	1823	1004	6039	0	0	21	920	6	5	26	0	0	0	0	0	4	4	0	0	0	0	5	0	2	12	0	0	0	2	35	21	5	0	0	21	2	3	2	0	0	0	4	115	18	567	78	5	0	0	62	18	6	6	0	0	0
0	0	0	0	0	0	0	0	0	0	0	0	0	15	0	0	0	0	0	0	0	0	0	0	0	50	132	112	0	0	0	205	0	0	0	0	0	0	0	0	0	0	0	0	0	0	1	0	198	0	0	0	0	3	0	0	0	0	0	0	152	23	17	0	0	0	163	0	0	0	0	34	0	0	0	0	2	0	0	0	0	0	0	0
0	0	0	0	0	325	218	2	240	0	2	75	0	2	1	79	0	0	0	0	0	7	0	2	0	0	0	0	1	37	0	0	565	0	201	0	0	0	0	0	0	0	0	5	0	0	0	0	0	0	0	0	0	0	0	0	0	0	0	0	0	0	0	0	0	0	0	3	0	5	1	0	88	14	10	101	1	0	0	1	0	0	3	3
45	0	0	0	0	0	0	302	1	0	0	0	0	0	37	0	0	3	0	10	0	50	0	0	1	0	8	0	222	470	21	0	0	557	55	0	0	0	0	0	0	0	0	0	0	0	0	0	0	0	0	0	0	0	0	0	0	0	0	0	0	0	0	0	0	0	0	0	0	0	0	0	36	0	0	0	0	0	0	0	0	0	0	0
269	1	217	0	26	63	126	760	1122	0	1196	2049	72	9	1755	7	38	1091	40	2594	318	902	2	603	25	1	739	187	494	870	920	0	201	55	7799	19	1	30	0	18	0	10	1	23	0	13	6	18	3	35	0	0	5	0	0	18	13	0	7	18	1	1	29	15	39	12	1	5	1	71	295	92	5190	224	14	37	10	5	0	90	67	3	12	12
16	34	81	0	83	0	3	46	5	10	4	0	2	0	5	0	8	27	0	0	35	11	17	75	15	0	1	221	48	0	6	0	0	0	19	8596	49	1508	0	608	1	68	1845	865	10	729	213	654	42	5165	1	14	1566	70	243	667	1279	18	1235	1178	0	927	261	1239	2891	3317	0	4	264	1078	98	2	79	22	15	0	0	230	24	705	283	1	20	12
6	2299	850	0	0	0	4	6	4	95	1	0	23	0	4	18	66	35	0	1	0	17	660	52	82	22	1717	3536	34	0	5	0	0	0	1	49	7943	131	0	12	0	0	0	23	924	0	145	0	158	45	0	202	599	14	474	0	73	1713	97	1054	884	1378	4168	15	33	35	34	0	0	567	156	76	23	12	6	0	1	722	419	177	50	3	6	0
47	57	184	0	0	0	0	26	8	43	0	0	0	0	27	1	48	114	0	2	4	50	634	287	24	0	33	890	54	0	26	0	0	0	30	1508	131	9225	0	4	0	17	242	588	37	23	37	23	12	1320	0	86	3120	42	298	28	248	255	3737	117	0	2866	4758	334	119	469	0	2	19	178	288	25	165	18	30	0	0	928	78	639	680	1	39	2
0	0	0	0	0	0	0	0	0	0	0	0	0	0	0	0	0	0	0	0	0	0	0	0	0	0	0	0	0	0	0	0	0	0	0	0	0	0	0	0	0	0	0	0	0	0	0	0	0	0	0	0	0	0	0	0	0	0	0	0	0	0	0	0	0	0	0	0	0	0	0	0	0	0	0	0	0	0	0	0	0	0	0	0
2	0	3	0	1921	3	70	1030	48	446	126	1	267	0	5	66	5	0	0	25	622	0	0	1	123	0	3	1	944	2	0	0	0	0	18	608	12	4	0	7230	43	495	33	1087	552	4197	926	2956	240	1735	102	0	1	291	179	3994	4	14	9	4431	5	273	18	3039	1566	4	1	19	150	2365	43	4	138	103	87	0	2	757	75	1837	277	124	211	94
0	0	0	0	1	0	1	0	1	0	1	0	1	0	0	0	0	0	0	0	3	0	0	0	0	0	0	0	0	0	0	0	0	0	0	1	0	0	0	43	908	268	0	263	141	3	3	60	1	18	257	0	0	1	1	15	0	0	0	116	0	0	0	11	7	0	0	209	0	30	0	0	1	1	0	0	0	181	0	5	2	459	147	2
0	0	3	0	115	14	179	50	175	1	82	0	1189	0	2	0	15	4	0	0	837	0	0	2	1	0	1	0	38	0	0	0	0	0	10	68	0	17	0	495	268	6826	71	2328	10	2230	204	4309	46	919	549	0	0	40	13	2074	0	0	1	568	1	29	9	591	604	1	0	44	111	749	38	0	265	253	0	0	1	133	3	483	28	540	17	195
0	0	3	0	1	0	0	0	0	11	0	0	0	0	0	0	5	3	0	0	1	2	11	7	10	0	1	6	5	0	0	0	0	0	1	1845	0	242	0	33	0	71	6224	416	17	341	4	105	0	1087	9	1	88	2	16	12	314	12	439	241	0	84	47	1416	565	2453	0	0	185	120	9	0	3	0	0	0	0	2	0	23	11	5	0	0
7	12	21	0	217	44	104	116	82	45	115	4	863	0	11	13	3	19	0	25	957	4	4	23	26	0	3	42	132	2	4	0	5	0	23	865	23	588	0	1087	263	2328	416	9332	65	1899	432	3621	89	3887	152	7	186	119	50	2816	74	8	224	1528	7	318	158	773	918	386	0	453	266	1952	67	6	174	142	6	12	5	700	65	1599	524	360	864	165
10	5	12	0	90	1	35	430	29	2703	16	0	53	0	30	94	18	1	0	0	1	22	49	30	1200	1	19	19	1999	0	4	0	0	0	0	10	924	37	0	552	141	10	17	65	6389	48	91	481	51	32	534	67	120	18	118	113	32	1834	71	3356	208	73	459	886	149	15	1	5	48	1014	266	41	13	13	50	0	0	1121	171	1066	787	781	51	7
0	0	2	0	1200	1	38	520	28	134	236	1	371	0	5	34	1	4	0	15	330	0	0	2	42	0	1	1	438	1	0	0	0	0	13	729	0	23	0	4197	3	2230	341	1899	48	8843	830	4087	208	1855	26	0	6	261	157	4176	5	0	9	3348	3	239	15	2743	1540	3	1	19	267	2251	28	2	77	51	58	0	2	645	55	1652	222	30	187	73
1	50	10	0	175	15	52	102	46	22	44	262	145	250	4	4	0	0	0	11	207	0	2	0	6	34	196	96	80	0	0	1	0	0	6	213	145	37	0	926	3	204	4	432	91	830	6886	1059	1991	1075	3	8	461	1812	1178	1050	154	78	391	1021	630	1345	155	474	1591	123	9	472	34	4129	20	456	91	94	0	0	114	352	388	2082	69	34	59	374
1	0	4	0	591	15	213	259	213	9	239	0	2424	0	7	9	20	4	0	8	2063	0	0	1	11	0	2	2	213	2	0	0	0	0	18	654	0	23	0	2956	60	4309	105	3621	481	4087	1059	11507	250	3553	536	1	7	324	169	7112	2	0	6	2189	5	276	19	960	2430	1	1	47	171	2417	75	1	357	333	5	0	4	775	49	1699	157	701	121	288
0	28	5	0	30	0	0	24	5	19	4	475	28	594	5	0	1	0	27	250	31	0	10	1	16	736	2442	1234	26	0	0	198	0	0	3	42	158	12	0	240	1	46	0	89	51	208	1991	250	7399	149	0	2	8	512	48	251	1	31	16	305	3685	1292	1627	135	203	3	1823	77	3	678	11	1691	14	4	0	0	120	301	518	694	99	3	16	197
18	29	75	0	341	15	147	190	152	21	63	0	837	0	13	13	28	37	0	6	1096	14	17	78	19	0	1	199	171	1	5	0	0	0	35	5165	45	1320	0	1735	18	919	1087	3887	32	1855	1075	3553	149	12198	10	9	1236	498	476	3378	924	17	689	1933	2	998	254	1710	5045	2265	0	168	323	2629	181	3	364	289	23	0	3	750	57	1640	392	178	38	186
0	0	0	0	3	0	5	0	5	2	1	0	25	0	0	0	0	0	0	0	19	0	0	0	2	0	0	0	2	0	0	0	0	0	0	1	0	0	0	102	257	549	9	152	534	26	3	536	0	10	1368	0	0	0	0	68	0	3	0	400	0	0	3	40	9	0	0	3	0	12	0	0	5	5	0	0	0	300	0	10	2	962	8	5
1	11	20	0	0	0	0	0	0	108	0	0	0	0	0	0	361	0	0	0	0	29	418	349	107	0	7	55	13	1	2	0	0	0	0	14	202	86	0	0	0	0	1	7	67	0	8	1	2	9	0	3038	87	1	15	1	385	1455	903	461	29	10	576	354	52	81	0	0	18	104	10	0	2	3	0	0	0	230	59	107	79	57	1	0
22	117	546	0	0	0	0	12	3	3	1	0	0	0	14	3	4	11	0	0	4	14	6	247	8	0	21	532	13	1	12	0	0	0	5	1566	599	3120	0	1	0	0	88	186	120	6	461	7	8	1236	0	87	7923	60	1420	6	776	238	3172	257	0	1886	2194	225	382	742	2	1	91	1584	80	40	28	13	13	0	0	74	40	493	205	0	2	4
1	6	11	0	71	1	3	45	3	10	14	55	37	0	1	2	0	0	0	87	81	2	3	3	3	2	340	95	38	0	0	3	0	0	0	70	14	42	0	291	1	40	2	119	18	261	1812	324	512	498	0	1	60	3498	966	336	15	1	100	303	333	2320	544	140	759	30	76	170	8	1464	27	103	14	7	0	0	3	437	581	1051	206	0	12	8
4	92	116	0	45	0	0	26	1	4	11	1	8	0	1	1	0	12	0	7	37	8	1	18	3	2	253	242	22	0	0	0	0	0	0	243	474	298	0	179	1	13	16	50	118	157	1178	169	48	476	0	15	1420	966	5072	194	243	191	297	323	48	2420	731	103	521	218	25	6	21	1781	43	57	15	8	0	0	0	427	503	591	194	1	10	2
1	0	7	0	889	15	153	320	152	11	242	0	2044	0	6	8	17	5	0	9	2131	0	0	2	13	0	2	3	253	2	0	0	0	0	18	667	0	28	0	3994	15	2074	12	2816	113	4176	1050	7112	251	3378	68	1	6	336	194	8789	2	0	4	2212	4	295	15	847	2479	3	3	38	172	2593	77	1	293	267	6	0	4	720	57	1796	214	143	178	219
12	30	56	0	1	0	0	2	2	28	0	0	0	0	5	3	476	7	0	0	1	156	527	390	176	0	1	198	32	0	2	0	0	0	13	1279	73	248	0	4	0	0	314	74	32	5	154	2	1	924	0	385	776	15	243	2	8249	864	4780	49	5	197	270	1069	1153	3168	0	2	202	1689	135	3	39	27	7	0	0	556	47	923	523	255	3	1
15	31	55	0	2	0	6	16	6	896	0	0	22	0	10	50	2044	2	0	0	0	100	3621	1002	1240	0	58	616	308	27	35	0	0	0	0	18	1713	255	0	14	0	0	12	8	1834	0	78	0	31	17	3	1455	238	1	191	0	864	8114	2403	1569	320	97	2864	645	29	65	2	1	2	293	202	50	11	20	3	0	0	1029	245	366	274	110	6	0
51	65	165	0	1	0	6	23	10	130	2	0	21	0	35	48	1384	13	0	5	1	385	2382	1688	166	0	10	803	113	0	21	0	0	0	7	1235	97	3737	0	9	0	1	439	224	71	9	391	6	16	689	0	903	3172	100	297	4	4780	2403	17304	91	7	857	3366	328	454	1385	2	6	93	2330	391	30	40	40	166	0	0	1707	119	2495	1802	364	64	5
4	10	35	0	1099	2	60	1241	46	1423	177	1	113	0	25	81	27	15	0	23	230	9	105	18	683	1	33	20	1584	2	5	0	0	0	18	1178	1054	117	0	4431	116	568	241	1528	3356	3348	1021	2189	305	1933	400	461	257	303	323	2212	49	1569	91	13450	121	374	613	5122	2741	487	1	25	1357	4260	118	11	102	57	93	0	2	1378	274	2794	768	435	278	80
0	119	0	0	1	0	0	0	5	41	1	476	1	348	5	0	2	0	20	215	1	1	71	2	58	851	3568	1854	2	0	0	152	0	0	1	0	884	0	0	5	0	1	0	7	208	3	630	5	3685	2	0	29	0	333	48	4	5	320	7	121	5848	934	2310	1	19	0	1189	17	0	26	4	1579	10	0	0	0	172	12	133	15	11	1	0	0
6	402	681	0	75	1	2	42	2	37	10	73	20	0	2	2	3	83	0	157	65	13	43	52	42	70	2743	1330	42	0	0	23	0	0	1	927	1378	2866	0	273	0	29	84	318	73	239	1345	276	1292	998	0	10	1886	2320	2420	295	197	97	857	374	934	14008	3863	309	507	289	551	42	16	1107	125	376	40	18	4	0	11	1008	1680	1321	355	0	13	6
50	1368	492	0	3	0	9	29	6	198	0	77	43	5	18	55	745	82	1	141	1	72	2538	588	129	104	1841	3936	77	0	21	17	0	0	29	261	4168	4758	0	18	0	9	47	158	459	15	155	19	1627	254	3	576	2194	544	731	15	270	2864	3366	613	2310	3863	19303	79	89	139	693	2	5	689	289	251	162	18	45	0	28	1896	629	838	675	5	21	1
1	3	12	0	695	1	34	784	20	953	39	1	52	0	8	41	128	3	0	21	112	20	287	37	591	0	12	22	1013	1	2	0	0	0	15	1239	15	334	0	3039	11	591	1416	773	886	2743	474	960	135	1710	40	354	225	140	103	847	1069	645	328	5122	1	309	79	11815	2386	1980	0	11	992	2283	59	16	80	50	49	0	0	216	44	1230	218	71	84	32
9	23	51	0	324	17	188	309	193	89	73	1	511	0	23	26	25	13	0	19	682	5	23	42	69	0	5	186	339	4	3	0	0	0	39	2891	33	119	0	1566	7	604	565	918	149	1540	1591	2430	203	5045	9	52	382	759	521	2479	1153	29	454	2741	19	507	89	2386	10951	2231	3	525	2172	5462	155	6	386	329	14	0	3	637	65	1401	241	167	38	242
7	23	49	0	3	0	0	1	0	25	0	0	0	0	0	0	6	10	0	0	1	6	45	47	36	0	1	194	10	0	2	0	0	0	12	3317	35	469	0	4	0	1	2453	386	15	3	123	1	3	2265	0	81	742	30	218	3	3168	65	1385	487	0	289	139	1980	2231	8792	0	0	537	1981	54	2	36	9	7	0	0	39	17	415	150	0	3	2
0	15	2	0	1	0	0	0	3	3	1	55	0	6	1	0	0	0	19	117	0	0	7	0	6	161	1096	821	0	0	0	163	0	0	1	0	34	0	0	1	0	0	0	0	1	1	9	1	1823	0	0	0	2	76	25	3	0	2	2	1	1189	551	693	0	3	0	1915	0	0	6	2	550	4	0	0	0	3	6	35	6	0	0	0	0
0	0	0	0	3	31	67	6	52	1	7	0	17	0	0	0	1	0	0	0	18	0	1	0	0	0	0	1	5	0	0	0	3	0	5	4	0	2	0	19	209	44	0	453	5	19	472	47	77	168	3	0	1	170	6	38	2	1	6	25	17	42	2	11	525	0	0	1047	0	709	0	3	80	104	0	4	5	56	18	219	33	43	195	165
2	0	2	0	33	0	1	20	2	54	3	0	2	0	3	0	1	1	0	2	16	0	2	2	24	0	1	1	61	0	0	0	0	0	1	264	0	19	0	150	0	111	185	266	48	267	34	171	3	323	0	18	91	8	21	172	202	2	93	1357	0	16	5	992	2172	537	0	0	2419	1690	2	0	4	1	0	0	0	15	8	38	16	0	2	0
34	177	129	0	483	69	370	485	349	583	189	7	455	0	33	69	57	12	0	50	486	41	53	101	345	0	96	499	877	7	4	0	5	0	71	1078	567	178	0	2365	30	749	120	1952	1014	2251	4129	2417	678	2629	12	104	1584	1464	1781	2593	1689	293	2330	4260	26	1107	689	2283	5462	1981	6	709	1690	15929	298	33	714	592	50	12	11	1178	314	7159	1833	346	813	638
235	19	1545	0	71	26	802	901	790	405	454	292	252	1	156	262	974	985	2	834	104	1607	120	4052	625	0	1062	2694	1378	95	115	0	1	0	295	98	156	288	0	43	0	38	9	67	266	28	20	75	11	181	0	10	80	27	43	77	135	202	391	118	4	125	289	59	155	54	2	0	2	298	13631	3264	2487	1560	1264	4	2	825	148	866	820	150	29	3
23	22	652	0	6	1	82	93	130	90	89	1103	36	375	100	5	507	293	69	784	27	548	87	1717	148	426	2779	1407	246	24	18	34	0	0	92	2	76	25	0	4	0	0	0	6	41	2	456	1	1691	3	0	0	40	103	57	1	3	50	30	11	1579	376	251	16	6	2	550	3	0	33	3264	7192	677	438	79	0	408	133	48	51	33	12	4	0
625	18	543	0	89	199	1214	1331	2852	27	2176	2647	708	122	2195	21	228	1265	103	3993	727	1021	27	1320	55	89	1128	548	1173	623	567	0	88	36	5190	79	23	165	0	138	1	265	3	174	13	77	91	357	14	364	5	2	28	14	15	293	39	11	40	102	10	40	162	80	386	36	4	80	4	714	2487	677	12332	3242	134	93	272	133	18	867	371	110	86	405
250	4	161	0	36	162	833	483	867	9	407	137	473	8	152	12	210	158	0	232	234	363	15	689	34	1	69	232	601	82	78	0	14	0	224	22	12	18	0	103	1	253	0	142	13	51	94	333	4	289	5	3	13	7	8	267	27	20	40	57	0	18	18	50	329	9	0	104	1	592	1560	438	3242	3566	97	64	76	81	20	625	133	127	73	420
40	1	56	0	41	114	943	212	786	179	256	14	424	1	84	366	12	14	0	7	70	367	2	462	129	0	43	35	264	1	5	0	10	0	14	15	6	30	0	87	0	0	0	6	50	58	0	5	0	23	0	0	13	0	0	6	7	3	166	93	0	4	45	49	14	7	0	0	0	50	1264	79	134	97	2621	8	0	15	2	228	226	8	5	0
0	0	0	0	0	259	209	0	59	0	0	0	0	0	0	54	1	0	0	0	0	23	0	8	0	0	0	0	1	0	0	0	101	0	37	0	0	0	0	0	0	0	0	12	0	0	0	0	0	0	0	0	0	0	0	0	0	0	0	0	0	0	0	0	0	0	0	4	0	12	4	0	93	64	8	296	0	0	0	1	0	0	9	7
0	23	0	0	3	1	32	11	159	29	30	301	23	299	102	0	0	0	0	0	25	0	26	0	2	295	47	55	9	1	0	2	1	0	10	0	1	0	0	2	0	1	0	5	0	2	114	4	120	3	0	0	0	3	0	4	0	0	0	2	172	11	28	0	3	0	3	5	0	11	2	408	272	76	0	0	840	1	3	16	1	0	3	21
55	198	249	0	41	2	17	102	33	773	18	21	101	4	46	123	332	21	0	65	92	62	804	88	631	0	204	425	589	36	62	0	0	0	5	230	722	928	0	757	181	133	2	700	1121	645	352	775	301	750	300	230	74	437	427	720	556	1029	1707	1378	12	1008	1896	216	637	39	6	56	15	1178	825	133	133	81	15	0	1	9984	1799	2197	644	418	228	52
9	107	99	0	11	1	11	18	17	46	9	1	10	19	7	8	66	3	0	2	8	25	107	42	47	15	215	302	54	0	18	0	0	0	0	24	419	78	0	75	0	3	0	65	171	55	388	49	518	57	0	59	40	581	503	57	47	245	119	274	133	1680	629	44	65	17	35	18	8	314	148	48	18	20	2	0	3	1799	3672	940	236	0	21	123
88	51	139	0	317	41	338	323	336	828	164	5	377	12	34	76	68	132	0	36	328	435	158	709	482	0	34	197	879	5	6	0	1	0	90	705	177	639	0	1837	5	483	23	1599	1066	1652	2082	1699	694	1640	10	107	493	1051	591	1796	923	366	2495	2794	15	1321	838	1230	1401	415	6	219	38	7159	866	51	867	625	228	1	16	2197	940	11736	4375	882	646	682
92	9	133	0	28	0	4	70	15	651	16	3	15	0	24	44	38	139	0	22	15	457	133	736	396	0	22	141	579	3	6	0	0	0	67	283	50	680	0	277	2	28	11	524	787	222	69	157	99	392	2	79	205	206	194	214	523	274	1802	768	11	355	675	218	241	150	0	33	16	1833	820	33	371	133	226	0	1	644	236	4375	5019	771	383	11
15	0	12	0	6	0	80	13	86	242	15	0	108	0	8	9	12	0	0	0	53	186	53	285	126	0	1	23	168	0	0	0	0	0	3	1	3	1	0	124	459	540	5	360	781	30	34	701	3	178	962	57	0	0	1	143	255	110	364	435	1	0	5	71	167	0	0	43	0	346	150	12	110	127	8	0	0	418	0	882	771	2680	47	83
2	1	1	0	26	27	52	37	41	37	31	3	5	0	3	12	3	1	0	14	10	3	4	3	21	0	0	8	69	2	0	0	3	0	12	20	6	39	0	211	147	17	0	864	51	187	59	121	16	38	8	1	2	12	10	178	3	6	64	278	0	13	21	84	38	3	0	195	2	813	29	4	86	73	5	9	3	228	21	646	383	47	1103	76
0	0	0	0	17	56	363	35	336	0	70	0	228	13	6	0	1	0	0	0	105	0	0	0	2	0	0	0	22	0	0	0	3	0	12	12	0	2	0	94	2	195	0	165	7	73	374	288	197	186	5	0	4	8	2	219	1	0	5	80	0	6	1	32	242	2	0	165	0	638	3	0	405	420	0	7	21	52	123	682	11	83	76	881
