0.0440402106271	0.00101104306631	0.00716396229841	0	0.00116785790925	9.90409534342e-05	0.000557105363068	0.0214299862993	0.0182730559086	0.00357372773642	0.0108078440435	0.00531107112791	0.0014360938248	3.71403575378e-05	0.0171753520081	0.000288869447517	0.000136181310972	0.00190241164722	0.000829467985012	0.00170845644674	0.00291758141992	0.00204684637097	0.0011348442581	0.00284330070484	0.00212525379244	4.12670639309e-06	0.00604975157228	0.000759313976329	0.0123388521153	0.0168410887902	0.00820801901586	0	0.000115547779007	0.00105643683663	0.00960697248312	2.06335319655e-05	0.000103167659827	0.000111421072614	0	0.000812961159439	4.5393770324e-05	0.00140308017365	0.000115547779007	0.00187352470246	0.00324359122497	0.000429177464882	8.25341278619e-06	3.30136511447e-05	0	0.000598372426999	0.00010729436622	4.95204767171e-05	1.65068255724e-05	0	1.65068255724e-05	0.000152688136544	1.65068255724e-05	9.49142470412e-05	5.77738895033e-05	0.00212112708605	0	0.000111421072614	6.19005958964e-05	0.00123801191793	0.000115547779007	3.30136511447e-05	0	4.12670639309e-06	5.77738895033e-05	0.000210462026048	0.00320232416104	0.000751060563543	0.00778709496377	0.00167956950199	0.000317756392268	3.71403575378e-05	4.5393770324e-05	0.000198081906868	2.88869447517e-05	0.000115547779007	1.23801191793e-05	4.5393770324e-05	6.60273022895e-05	1.23801191793e-05
0.00101104306631	0.0269927865172	0.00311566332679	0	4.95204767171e-05	0	4.12670639309e-05	0.000982156121556	0.00085422822337	0.00463841798584	0.000156814842938	0.000396163813737	2.88869447517e-05	0.000334263217841	0.000123801191793	0.000387910400951	0.00130403922022	0.00124213862432	0.000156814842938	0.000486951354385	3.71403575378e-05	0.000317756392268	0.00704428781301	0.00122975850514	0.00344579983823	0.00139070005447	0.00765916706558	0.0135933708589	0.00138244664169	0.000169194962117	0.000247602383586	0.000152688136544	0	4.95204767171e-05	0.00151862795266	0	0.0134695696671	0.00132467275218	0	0.000127927898186	0	3.71403575378e-05	4.5393770324e-05	7.84074214688e-05	0.000557105363068	0.000313629685875	2.47602383586e-05	8.25341278619e-06	0.000198081906868	8.25341278619e-05	0	6.19005958964e-05	6.60273022895e-05	1.23801191793e-05	0.000392037107344	3.71403575378e-05	1.23801191793e-05	0.000284742741123	0.000165068255724	0.000425050758489	0.00046631782242	0.00601261121474	0.0105808751919	0.000474571235206	3.30136511447e-05	2.88869447517e-05	2.06335319655e-05	0	0	0.000165068255724	0.00438256218947	0.00142371370562	0.00288044106238	0.000598372426999	0.000433304171275	8.25341278619e-06	4.95204767171e-05	0.00111421072614	0.000614879252571	0.000202208613262	2.47602383586e-05	4.12670639309e-06	2.88869447517e-05	4.12670639309e-06
0.00716396229841	0.00311566332679	0.0530034169129	0	4.12670639309e-06	0	9.90409534342e-05	0.01171571945	0.00492728743335	2.47602383586e-05	0.00101104306631	0.000317756392268	1.23801191793e-05	2.06335319655e-05	0.00449810996847	4.12670639309e-06	0.000330136511447	0.00426288770407	0.000185701787689	0.000486951354385	0	0.006813192255	0.00051996500553	0.0217642495172	0.000305376273089	8.25341278619e-06	0.0126070880309	0.0112865419851	0.00892193922187	0.00105231013024	0.00629322724947	2.06335319655e-05	0	2.06335319655e-05	0.000833594691405	0	0.00607451181063	0.00874449084697	0	0.000160941549331	0	8.25341278619e-06	4.5393770324e-05	6.60273022895e-05	0.000103167659827	4.5393770324e-05	1.65068255724e-05	2.06335319655e-05	2.47602383586e-05	0.000103167659827	0	0.000301249566696	0.00230682887374	2.06335319655e-05	0.000210462026048	3.30136511447e-05	2.06335319655e-05	0.00463016457305	0.0041844802826	0.000264109209158	1.65068255724e-05	0.00216652085637	0.00938413033789	0.000198081906868	1.23801191793e-05	0.000132054604579	0	0	0	0.00040029052013	0.00398227166934	0.000569485482247	0.00165068255724	0.000305376273089	2.06335319655e-05	1.65068255724e-05	4.12670639309e-06	0.000610752546178	0.00028061603473	0.000235222264406	3.71403575378e-05	0	7.01540086826e-05	0
0	0	0	0	0	0	0	0	0	0	0	0	0	0	0	0	0	0	0	0	0	0	0	0	0	0	0	0	0	0	0	0	0	0	0	0	0	0	0	0	0	0	0	0	0	0	0	0	0	0	0	0	0	0	0	0	0	0	0	0	0	0	0	0	0	0	0	0	0	0	0	0	0	0	0	0	0	0	0	0	0	0	0	0
0.00116785790925	4.95204767171e-05	4.12670639309e-06	0	0.0278098743831	1.65068255724e-05	0.000660273022895	0.00520377676169	0.00129165910104	0.00273600633862	0.00366864198346	0.000313629685875	0.00640052161569	4.12670639309e-06	0.000367276868985	0.000387910400951	8.25341278619e-06	4.12670639309e-06	1.65068255724e-05	8.25341278619e-06	0.0045435037388	4.12670639309e-06	4.95204767171e-05	4.12670639309e-05	0.00997012264571	8.25341278619e-06	4.5393770324e-05	2.88869447517e-05	0.0123429788217	0.000569485482247	9.49142470412e-05	0	1.65068255724e-05	6.19005958964e-05	0.000532345124709	0	0.000115547779007	4.12670639309e-06	0	0.00841848104191	0	0.000297122860303	2.88869447517e-05	5.77738895033e-05	0.00498093461646	0.00399877849491	3.30136511447e-05	0.000788200921081	4.12670639309e-06	0.000111421072614	1.23801191793e-05	4.12670639309e-06	4.12670639309e-06	5.36471831102e-05	5.77738895033e-05	0.00521203017448	0	6.60273022895e-05	8.25341278619e-06	0.0054348723197	4.12670639309e-06	0.000115547779007	0.000160941549331	0.0026906125683	0.00010729436622	0	0	1.65068255724e-05	0	9.49142470412e-05	0.000445684290454	3.30136511447e-05	0.000623132665357	0.000321883098661	0.000590119014212	4.12670639309e-06	8.25341278619e-06	0.000503458179957	0.000177448374903	0.000169194962117	7.42807150757e-05	1.65068255724e-05	0.000127927898186	4.12670639309e-06
9.90409534342e-05	0	0	0	1.65068255724e-05	0.00510060910186	0.00255030455093	4.95204767171e-05	0.000788200921081	0	4.95204767171e-05	0	0	0	0.000416797345702	0.00109770390056	0	0	0	0	8.25341278619e-06	0	0	0	0	0	0	0	3.30136511447e-05	6.60273022895e-05	0	0	0.000825341278619	0	0.000247602383586	0	0	0	0	0	0	2.06335319655e-05	0	2.06335319655e-05	2.06335319655e-05	0	0	0	0	0	0	0	0	0	0	0	0	0	0	4.12670639309e-06	0	0	0	0	0	0	0	0	0	0	0.000127927898186	4.12670639309e-06	7.01540086826e-05	2.06335319655e-05	0.00123801191793	0.00122975850514	4.12670639309e-06	0	0	0	0	0	0	0
0.000557105363068	4.12670639309e-05	9.90409534342e-05	0	0.000660273022895	0.00255030455093	0.0323368712963	0.00506346874433	0.016828708671	0.000268235915551	0.011579538139	0.000239348970799	0.0055586735115	4.12670639309e-06	0.0026906125683	0.00226556180981	3.30136511447e-05	1.23801191793e-05	0	8.25341278619e-06	0.0012545187435	3.30136511447e-05	7.42807150757e-05	0.000148561430151	0.000817087865833	0	2.88869447517e-05	4.12670639309e-05	0.00147323418233	0.000685033261254	8.6660834255e-05	0	0.00100691635991	1.23801191793e-05	0.000499331473564	1.23801191793e-05	2.47602383586e-05	4.12670639309e-06	0	0.000557105363068	0	0.000214588732441	2.88869447517e-05	0.000123801191793	0.000359023456199	0.00068090655486	4.12670639309e-06	5.77738895033e-05	4.12670639309e-06	5.77738895033e-05	0	4.12670639309e-06	4.12670639309e-06	4.12670639309e-06	8.25341278619e-06	0.000503458179957	1.23801191793e-05	2.06335319655e-05	4.12670639309e-06	0.000829467985012	0	1.65068255724e-05	1.65068255724e-05	0.000404417226523	7.42807150757e-05	1.65068255724e-05	4.12670639309e-06	0	2.88869447517e-05	5.77738895033e-05	0.00148561430151	0.000437430877668	0.000433304171275	9.49142470412e-05	0.00262458526601	0.000569485482247	4.12670639309e-06	3.71403575378e-05	2.47602383586e-05	6.19005958964e-05	0	1.23801191793e-05	1.23801191793e-05	4.12670639309e-06
0.0214299862993	0.000982156121556	0.01171571945	0	0.00520377676169	4.95204767171e-05	0.00506346874433	0.0668774038065	0.0188425413909	0.00384609035836	0.0217271091596	0.00228206863538	0.000912002112874	2.88869447517e-05	0.00891781251548	0.000891368580908	0.000115547779007	0.00103580330467	0.000672653142074	0.000845974810584	0.00153513477823	0.0057361218864	0.00101929647909	0.00958633895116	0.00387910400951	0	0.00529043759595	0.000845974810584	0.0358198114921	0.00916128819267	0.00864957659992	0	8.6660834255e-05	0.00132054604579	0.00554216668592	2.06335319655e-05	0.00034664333702	0.000111421072614	0	0.0034664333702	0	0.00144022053119	0.000156814842938	0.00145260065037	0.005018074974	0.00301249566696	1.23801191793e-05	0.00010729436622	8.25341278619e-06	0.000412670639309	4.12670639309e-06	4.5393770324e-05	0.000218715438834	8.25341278619e-06	3.30136511447e-05	0.00146910747594	8.25341278619e-06	0.00040029052013	0.000321883098661	0.00565358775854	4.12670639309e-06	0.000123801191793	0.000284742741123	0.0029258348327	0.000214588732441	3.30136511447e-05	4.12670639309e-06	8.25341278619e-06	4.12670639309e-06	0.00028061603473	0.00341278618709	0.000491078060778	0.00485300671828	0.000986282827949	0.00111008401974	1.65068255724e-05	8.25341278619e-06	0.000449810996847	6.19005958964e-05	0.000420924052096	3.71403575378e-05	8.25341278619e-06	0.000235222264406	1.23801191793e-05
0.0182730559086	0.00085422822337	0.00492728743335	0	0.00129165910104	0.000788200921081	0.016828708671	0.0188425413909	0.0565358775854	0.00300424225417	0.0134406827223	0.000949142470412	0.00184051105132	2.06335319655e-05	0.0170391706971	0.000503458179957	7.84074214688e-05	0.000792327627474	0.000152688136544	0.000656146316502	0.00127515227547	0.00106881695581	0.00103993001106	0.00189828494082	0.00245539030389	3.71403575378e-05	0.00300836896057	0.000590119014212	0.010498341064	0.00517901652333	0.00237285617603	0	0.000771694095508	0.00010729436622	0.00178686386821	1.23801191793e-05	8.25341278619e-05	7.42807150757e-05	0	0.00171258315313	4.5393770324e-05	0.00134943299054	0.000127927898186	0.00157640184216	0.00359436126838	0.00150212112709	1.65068255724e-05	8.6660834255e-05	4.12670639309e-06	0.000499331473564	9.90409534342e-05	4.12670639309e-05	2.06335319655e-05	4.12670639309e-06	1.23801191793e-05	0.000631386078143	2.88869447517e-05	0.000152688136544	4.5393770324e-05	0.00326422475694	0	6.19005958964e-05	4.5393770324e-05	0.00204684637097	0.000152688136544	5.77738895033e-05	4.12670639309e-06	1.23801191793e-05	6.19005958964e-05	0.000189828494082	0.00250078407421	0.000685033261254	0.00138657334808	0.000297122860303	0.00104818342385	0.000165068255724	9.07875406481e-05	0.000148561430151	3.71403575378e-05	0.000111421072614	8.25341278619e-06	6.19005958964e-05	4.95204767171e-05	8.25341278619e-06
0.00357372773642	0.00463841798584	2.47602383586e-05	0	0.00273600633862	0	0.000268235915551	0.00384609035836	0.00300424225417	0.0399465178851	0.000268235915551	0.000445684290454	0.00255855796372	4.12670639309e-06	0.00181575081296	0.00210462026048	0.000639639490929	0.000532345124709	0.000132054604579	0.000313629685875	0.000309502979482	0.000660273022895	0.010036149948	0.00028061603473	0.0196513758439	0.000218715438834	0.00231095558013	0.00340040606791	0.0169071160925	0.00491078060778	0.00259569832126	0	0	0.0032270843994	0.00294234165828	3.30136511447e-05	0.000231095558013	0.00022696885162	0	0.0034045327743	0	0.00163830243806	0.000965649295984	0.0029299615391	0.0174600947492	0.00141133358644	4.12670639309e-06	4.95204767171e-05	4.12670639309e-06	0.00168782291478	1.23801191793e-05	0.00218302768195	8.25341278619e-06	8.25341278619e-06	3.71403575378e-05	0.00108532378138	9.49142470412e-05	0.0075312391674	0.000185701787689	0.0115423977815	1.23801191793e-05	0.000214588732441	0.000156814842938	0.0110843333718	0.000132054604579	0.000255855796372	0	4.12670639309e-06	4.12670639309e-06	0.000103167659827	0.00461365774748	0.00117198461564	0.00222016803948	0.00029299615391	0.00252554431257	0	2.88869447517e-05	0.0011348442581	0.000148561430151	0.000127927898186	2.88869447517e-05	5.77738895033e-05	8.25341278619e-05	4.12670639309e-06
0.0108078440435	0.000156814842938	0.00101104306631	0	0.00366864198346	4.95204767171e-05	0.011579538139	0.0217271091596	0.0134406827223	0.000268235915551	0.0569072811608	0.00354896749806	0.00791914956835	2.47602383586e-05	0.00490665390139	0.000429177464882	2.88869447517e-05	2.47602383586e-05	0.00022696885162	0.000288869447517	0.00981330780278	0.000214588732441	0.000255855796372	0.00140308017365	0.00128753239465	2.06335319655e-05	0.00010729436622	0.000214588732441	0.0137089186379	0.00658622340338	9.49142470412e-05	0	0.000132054604579	8.25341278619e-05	0.00650781598191	8.25341278619e-06	0.000185701787689	4.12670639309e-06	0	0.00291345471352	0	0.000363150162592	6.19005958964e-05	5.77738895033e-05	0.00217064756277	0.00267823244912	4.12670639309e-06	0.000214588732441	4.12670639309e-06	0.00022696885162	0	2.47602383586e-05	8.25341278619e-06	0	1.23801191793e-05	0.00292170812631	0	0.000206335319655	5.36471831102e-05	0.00343754642545	0	4.12670639309e-05	0.000193955200475	0.000841848104191	0.000177448374903	4.12670639309e-06	0	0	0	0.00010729436622	0.0019725656559	0.000643766197323	0.0054967729156	0.00145260065037	0.000491078060778	1.65068255724e-05	2.06335319655e-05	6.19005958964e-05	2.88869447517e-05	0.000185701787689	2.88869447517e-05	0	0.000132054604579	8.25341278619e-06
0.00531107112791	0.000396163813737	0.000317756392268	0	0.000313629685875	0	0.000239348970799	0.00228206863538	0.000949142470412	0.000445684290454	0.00354896749806	0.043388191017	0.00190241164722	0.0100485300672	0.00142371370562	4.5393770324e-05	0.000420924052096	0.00283504729206	0.00691223320843	0.0112411482148	0.00209636684769	0.000193955200475	0.000160941549331	0.000767567389115	0.000965649295984	0.00184463775771	0.00496855449728	0.00195193212393	0.00120499826678	0.0067512916591	0.00194367871115	0.000412670639309	7.42807150757e-05	0.000445684290454	0.0129248444232	4.12670639309e-06	0.000565358775854	3.71403575378e-05	0	4.5393770324e-05	0	8.25341278619e-05	5.36471831102e-05	0.000160941549331	0.000330136511447	4.5393770324e-05	0.000804707746653	1.23801191793e-05	0.00411432627391	0.000214588732441	0	2.06335319655e-05	8.25341278619e-06	0	0.000115547779007	4.12670639309e-06	8.25341278619e-06	0.000152688136544	3.71403575378e-05	0.000482824647992	0.00205097307737	0.000656146316502	0.0013164193394	0.000429177464882	0.000247602383586	1.23801191793e-05	9.07875406481e-05	2.47602383586e-05	0	0.00022696885162	0.007527112461	0.00610752546178	0.0181244944785	0.00240586982717	3.71403575378e-05	4.12670639309e-06	0.00120087156039	0.000264109209158	0.000359023456199	0.000210462026048	2.88869447517e-05	0.000111421072614	0.000103167659827	1.23801191793e-05
0.0014360938248	2.88869447517e-05	1.23801191793e-05	0	0.00640052161569	0	0.0055586735115	0.000912002112874	0.00184051105132	0.00255855796372	0.00791914956835	0.00190241164722	0.0362654957825	1.65068255724e-05	0.000647892903716	0.00188177811525	0	2.06335319655e-05	1.23801191793e-05	3.30136511447e-05	0.0111214737294	8.25341278619e-06	4.95204767171e-05	2.06335319655e-05	0.00822039913504	4.12670639309e-06	3.30136511447e-05	5.36471831102e-05	0.00171670985953	0.00144847394398	2.06335319655e-05	8.25341278619e-06	6.60273022895e-05	4.12670639309e-06	0.00270299268748	0	1.65068255724e-05	4.12670639309e-06	0	0.000210462026048	0	0.00371403575378	7.01540086826e-05	0.00120087156039	0.000259982502765	0.000350770043413	0.000160941549331	0.00673891153992	0.0001196744854	0.00181575081296	0.000115547779007	3.30136511447e-05	1.23801191793e-05	8.25341278619e-06	4.12670639309e-06	0.00241412323996	4.12670639309e-06	6.60273022895e-05	1.65068255724e-05	0.000259982502765	4.5393770324e-05	9.07875406481e-05	0.000115547779007	0.000160941549331	0.00114309767089	2.06335319655e-05	1.65068255724e-05	0.000247602383586	4.12670639309e-06	0.00100278965352	0.00057361218864	0.000123801191793	0.00260807844044	0.000804707746653	0.00192304517918	0	4.5393770324e-05	0.000429177464882	0.00017332166851	0.000771694095508	2.06335319655e-05	0.000144434723758	0.000334263217841	2.06335319655e-05
3.71403575378e-05	0.000334263217841	2.06335319655e-05	0	4.12670639309e-06	0	4.12670639309e-06	2.88869447517e-05	2.06335319655e-05	4.12670639309e-06	2.47602383586e-05	0.0100485300672	1.65068255724e-05	0.0181038609465	2.06335319655e-05	0	1.23801191793e-05	5.77738895033e-05	0.000462191116026	0.000214588732441	4.12670639309e-06	2.06335319655e-05	0.000123801191793	1.65068255724e-05	1.23801191793e-05	0.00170020303395	0.00532345124709	0.00300836896057	1.23801191793e-05	0.000123801191793	2.47602383586e-05	0.0010770703686	4.5393770324e-05	4.12670639309e-06	0.000297122860303	4.12670639309e-06	0.000354896749806	8.25341278619e-06	0	0	0	6.19005958964e-05	4.12670639309e-06	6.60273022895e-05	4.12670639309e-06	2.06335319655e-05	0.000829467985012	6.19005958964e-05	0.00620656641521	0.000193955200475	8.25341278619e-06	0	8.25341278619e-06	2.47602383586e-05	6.19005958964e-05	1.23801191793e-05	4.12670639309e-06	8.25341278619e-06	1.23801191793e-05	0	0.00421749393374	0.000969776002377	0.00379656988165	0	7.01540086826e-05	4.12670639309e-06	0.000210462026048	0.000115547779007	0	0.000251729089979	0.000499331473564	0.00271949951305	0.00127102556907	0.000321883098661	4.12670639309e-06	1.23801191793e-05	0.000652019610109	2.88869447517e-05	0.000160941549331	0.000317756392268	2.88869447517e-05	3.71403575378e-05	0	0.000132054604579
0.0171753520081	0.000123801191793	0.00449810996847	0	0.000367276868985	0.000416797345702	0.0026906125683	0.00891781251548	0.0170391706971	0.00181575081296	0.00490665390139	0.00142371370562	0.000647892903716	2.06335319655e-05	0.0364429441574	0.000206335319655	9.49142470412e-05	0.00115547779007	0.000160941549331	0.00069328667404	0.000631386078143	0.000895495287301	0.000610752546178	0.00267823244912	0.00121737838596	3.71403575378e-05	0.00254205113815	0.000247602383586	0.00514187616579	0.0124956669583	0.00521615688087	0	0.00158465525495	0.000829467985012	0.00255030455093	8.25341278619e-06	0.000264109209158	5.36471831102e-05	0	0.000239348970799	4.5393770324e-05	0.000445684290454	3.30136511447e-05	0.000845974810584	0.00148148759512	0.000243475677193	1.23801191793e-05	3.30136511447e-05	0	0.000515838299137	0.00010729436622	1.65068255724e-05	4.12670639309e-05	8.25341278619e-06	1.65068255724e-05	6.19005958964e-05	2.06335319655e-05	0.000317756392268	9.07875406481e-05	0.000718046912398	0	4.5393770324e-05	0.000231095558013	0.00074693385715	0.000136181310972	4.5393770324e-05	0	8.25341278619e-06	8.25341278619e-05	0.000210462026048	0.00245539030389	0.000548851950281	0.00173734339149	0.000189828494082	0.000825341278619	9.90409534342e-05	0.000103167659827	0.000140308017365	2.06335319655e-05	0.000103167659827	8.25341278619e-06	4.95204767171e-05	5.77738895033e-05	4.12670639309e-06
0.000288869447517	0.000387910400951	4.12670639309e-06	0	0.000387910400951	0.00109770390056	0.00226556180981	0.000891368580908	0.000503458179957	0.00210462026048	0.000429177464882	4.5393770324e-05	0.00188177811525	0	0.000206335319655	0.00870322378303	2.47602383586e-05	5.77738895033e-05	8.25341278619e-06	4.5393770324e-05	0.000606625839785	2.06335319655e-05	0.000491078060778	4.5393770324e-05	0.00162179561249	0	6.19005958964e-05	0.000408543932916	0.0013741932289	0.000169194962117	0.000239348970799	0	0.000181575081296	0.000103167659827	0.000664399729288	0	2.88869447517e-05	4.12670639309e-06	0	4.12670639309e-06	0	0	0	0	8.25341278619e-06	8.25341278619e-06	0	0	0	0	0	8.25341278619e-06	4.12670639309e-06	0	4.12670639309e-06	4.12670639309e-06	0	4.12670639309e-06	1.23801191793e-05	1.23801191793e-05	0	2.06335319655e-05	1.65068255724e-05	8.25341278619e-06	0	0	0	0	0	4.12670639309e-06	0.00085422822337	0.000156814842938	0.000387910400951	4.95204767171e-05	0.00606213169145	0.000169194962117	8.25341278619e-06	1.65068255724e-05	4.12670639309e-06	8.25341278619e-06	4.12670639309e-06	0	0	0
0.000136181310972	0.00130403922022	0.000330136511447	0	8.25341278619e-06	0	3.30136511447e-05	0.000115547779007	7.84074214688e-05	0.000639639490929	2.88869447517e-05	0.000420924052096	0	1.23801191793e-05	9.49142470412e-05	2.47602383586e-05	0.030937917829	0.000639639490929	2.47602383586e-05	0.000524091711923	8.25341278619e-06	0.0046590515178	0.0142866575329	0.0149923243261	0.00255855796372	4.12670639309e-06	0.00080058104026	0.0067512916591	0.00272362621944	0.000152688136544	0.000132054604579	8.25341278619e-06	2.06335319655e-05	2.47602383586e-05	0.000552978656675	0	0.000433304171275	2.47602383586e-05	0	2.47602383586e-05	0	1.65068255724e-05	8.25341278619e-06	2.06335319655e-05	0.000218715438834	2.06335319655e-05	1.23801191793e-05	4.12670639309e-06	8.25341278619e-06	3.30136511447e-05	0	0.00466730493059	8.6660834255e-05	1.65068255724e-05	7.84074214688e-05	8.25341278619e-06	0.00158465525495	0.00843498786748	0.00321470428022	0.000874861755336	2.06335319655e-05	0.000326009805054	0.000598372426999	0.000602499133392	0.000218715438834	0.000701540086826	0	0	0	0.000193955200475	0.00826991961176	0.00182813093214	0.00129578580743	0.000259982502765	5.36471831102e-05	0	4.12670639309e-06	0.000313629685875	0.000140308017365	9.49142470412e-05	6.60273022895e-05	8.25341278619e-06	0	0
0.00190241164722	0.00124213862432	0.00426288770407	0	4.12670639309e-06	0	1.23801191793e-05	0.00103580330467	0.000792327627474	0.000532345124709	2.47602383586e-05	0.00283504729206	2.06335319655e-05	5.77738895033e-05	0.00115547779007	5.77738895033e-05	0.000639639490929	0.0264934550437	0.00097390270877	0.00751885904822	4.12670639309e-06	0.00250491078061	0.000726300325184	0.00947079117215	0.00028061603473	5.77738895033e-05	0.0102631187996	0.00527393077037	0.000581865601426	0.00185701787689	0.00548026609003	1.23801191793e-05	0	0.000103167659827	0.00294234165828	4.12670639309e-06	0.000701540086826	0.000486951354385	0	2.47602383586e-05	0	8.25341278619e-06	8.25341278619e-06	1.23801191793e-05	0.000160941549331	3.71403575378e-05	0	0	0	1.65068255724e-05	0	4.12670639309e-06	0.000123801191793	8.25341278619e-06	0.000115547779007	0	0	6.19005958964e-05	8.25341278619e-05	0.00010729436622	4.12670639309e-06	0.00175797692346	0.000730427031578	7.84074214688e-05	0	4.12670639309e-06	0	0	0	6.60273022895e-05	0.00288456776877	0.00219128109473	0.00294646836467	0.000697413380433	7.01540086826e-05	0	0	6.60273022895e-05	0.000193955200475	1.65068255724e-05	0	0	8.25341278619e-06	0
0.000829467985012	0.000156814842938	0.000185701787689	0	1.65068255724e-05	0	0	0.000672653142074	0.000152688136544	0.000132054604579	0.00022696885162	0.00691223320843	1.23801191793e-05	0.000462191116026	0.000160941549331	8.25341278619e-06	2.47602383586e-05	0.00097390270877	0.0132219672835	0.00607863851703	8.25341278619e-06	0.000210462026048	1.65068255724e-05	0.000288869447517	0.00010729436622	1.23801191793e-05	0.00563708093297	0.00046631782242	0.000387910400951	0.000949142470412	0.000883115168122	0.000160941549331	0	0.000123801191793	0.00113071755171	0	0.000359023456199	8.25341278619e-05	0	0	0	1.23801191793e-05	0	1.65068255724e-05	7.42807150757e-05	4.12670639309e-06	1.23801191793e-05	8.25341278619e-06	0.000412670639309	2.06335319655e-05	0	1.65068255724e-05	0	4.5393770324e-05	7.42807150757e-05	4.12670639309e-06	0	5.36471831102e-05	1.23801191793e-05	3.30136511447e-05	0.000354896749806	0.00135768640333	0.00144434723758	4.95204767171e-05	1.23801191793e-05	4.12670639309e-06	5.77738895033e-05	0	0	2.06335319655e-05	0.00220366121391	0.00147323418233	0.00250491078061	0.000181575081296	8.25341278619e-06	0	0	2.47602383586e-05	2.88869447517e-05	2.06335319655e-05	4.12670639309e-06	0	0	0
0.00170845644674	0.000486951354385	0.000486951354385	0	8.25341278619e-06	0	8.25341278619e-06	0.000845974810584	0.000656146316502	0.000313629685875	0.000288869447517	0.0112411482148	3.30136511447e-05	0.000214588732441	0.00069328667404	4.5393770324e-05	0.000524091711923	0.00751885904822	0.00607863851703	0.022853700005	2.47602383586e-05	0.000705666793219	0.000268235915551	0.00144847394398	0.000177448374903	7.01540086826e-05	0.00773344778066	0.00140720688004	0.000565358775854	0.00191066506	0.0025709380829	5.36471831102e-05	0	0.000169194962117	0.00468381175616	0	0.000660273022895	0.000115547779007	0	4.12670639309e-06	0	1.23801191793e-05	0	1.23801191793e-05	0.000103167659827	8.25341278619e-06	8.25341278619e-06	1.23801191793e-05	9.90409534342e-05	2.06335319655e-05	0	1.23801191793e-05	0	4.5393770324e-05	0.000140308017365	8.25341278619e-06	4.12670639309e-06	5.77738895033e-05	4.12670639309e-06	7.42807150757e-05	0.000132054604579	0.00120912497318	0.00108945048778	5.77738895033e-05	1.23801191793e-05	0	8.25341278619e-06	0	0	1.65068255724e-05	0.00593007708688	0.00219953450752	0.00733728396692	0.0020344662518	3.71403575378e-05	0	0	0.000111421072614	9.49142470412e-05	4.12670639309e-05	2.47602383586e-05	0	4.12670639309e-06	0
0.00291758141992	3.71403575378e-05	0	0	0.0045435037388	8.25341278619e-06	0.0012545187435	0.00153513477823	0.00127515227547	0.000309502979482	0.00981330780278	0.00209636684769	0.0111214737294	4.12670639309e-06	0.000631386078143	0.000606625839785	8.25341278619e-06	4.12670639309e-06	8.25341278619e-06	2.47602383586e-05	0.0226432379789	0	5.36471831102e-05	2.06335319655e-05	0.00361912150674	8.25341278619e-06	1.65068255724e-05	7.42807150757e-05	0.00349119360856	0.00122563179875	2.88869447517e-05	0	1.65068255724e-05	1.65068255724e-05	0.00339215265512	4.12670639309e-06	2.06335319655e-05	0	0	0.00139482676087	0	0.000870735048943	2.06335319655e-05	9.49142470412e-05	0.00118849144121	0.00103167659827	4.5393770324e-05	0.000912002112874	1.65068255724e-05	0.000276489328337	0	2.47602383586e-05	8.25341278619e-06	0	4.12670639309e-06	0.0016713160892	4.12670639309e-06	4.12670639309e-05	4.12670639309e-06	0.00166718938281	8.25341278619e-06	4.95204767171e-05	4.95204767171e-05	0.000751060563543	0.000247602383586	4.12670639309e-06	8.25341278619e-06	2.47602383586e-05	4.12670639309e-06	0.000264109209158	0.000850101516977	0.000288869447517	0.00308677638203	0.000961522589591	0.000602499133392	0	2.88869447517e-05	0.000210462026048	6.19005958964e-05	0.000231095558013	8.25341278619e-06	0.000111421072614	8.25341278619e-05	1.23801191793e-05
0.00204684637097	0.000317756392268	0.006813192255	0	4.12670639309e-06	0	3.30136511447e-05	0.0057361218864	0.00106881695581	0.000660273022895	0.000214588732441	0.000193955200475	8.25341278619e-06	2.06335319655e-05	0.000895495287301	2.06335319655e-05	0.0046590515178	0.00250491078061	0.000210462026048	0.000705666793219	0	0.0410277149601	0.0043619286575	0.0208728809363	0.000928508938446	0	0.00311979003318	0.00149799442069	0.0120045888975	0.000425050758489	0.0119798286592	0	0	3.30136511447e-05	0.00577738895033	8.25341278619e-06	0.00022696885162	6.19005958964e-05	0	7.01540086826e-05	0	3.30136511447e-05	0.000272362621944	8.25341278619e-06	9.90409534342e-05	0.000148561430151	4.12670639309e-06	4.95204767171e-05	4.12670639309e-06	3.30136511447e-05	0	0.00338802594873	0.000148561430151	4.5393770324e-05	0.000115547779007	3.30136511447e-05	0.00151450124627	0.00463429127944	0.000458064409633	0.00164655585084	1.23801191793e-05	0.00034664333702	0.000309502979482	0.00200557930704	0.000858354929763	0.00139482676087	0	0	0.000338389924234	0.00148148759512	0.00349944702134	0.000396163813737	0.00592595038048	0.000887241874515	0.000330136511447	0	0	0.000243475677193	0.000152688136544	8.25341278619e-05	0	3.30136511447e-05	4.12670639309e-06	4.12670639309e-06
0.0011348442581	0.00704428781301	0.00051996500553	0	4.95204767171e-05	0	7.42807150757e-05	0.00101929647909	0.00103993001106	0.010036149948	0.000255855796372	0.000160941549331	4.95204767171e-05	0.000123801191793	0.000610752546178	0.000491078060778	0.0142866575329	0.000726300325184	1.65068255724e-05	0.000268235915551	5.36471831102e-05	0.0043619286575	0.0389973754147	0.00538535184299	0.0107789570988	0.000742807150757	0.00275663987059	0.0121531503277	0.00667288423763	0.0013164193394	0.00100278965352	0	8.25341278619e-06	0.000841848104191	0.00187352470246	4.12670639309e-06	0.00120087156039	6.19005958964e-05	0	0.000144434723758	0	0.000264109209158	5.77738895033e-05	0.000433304171275	0.0013741932289	0.000297122860303	8.25341278619e-06	4.12670639309e-06	0	0.000301249566696	0	0.00885178521319	0.00010729436622	2.47602383586e-05	8.25341278619e-05	1.65068255724e-05	0.00161766890609	0.0142123768178	0.00283504729206	0.00320232416104	4.12670639309e-05	0.000284742741123	0.00244301018471	0.00469206516895	0.000379656988165	0.000899621993694	0	0	0	0.000169194962117	0.00342103959987	0.000845974810584	0.00182813093214	0.000396163813737	0.000619005958964	1.23801191793e-05	4.12670639309e-05	0.00051996500553	0.00022696885162	4.95204767171e-05	3.71403575378e-05	0	0	0
0.00284330070484	0.00122975850514	0.0217642495172	0	4.12670639309e-05	0	0.000148561430151	0.00958633895116	0.00189828494082	0.00028061603473	0.00140308017365	0.000767567389115	2.06335319655e-05	1.65068255724e-05	0.00267823244912	4.5393770324e-05	0.0149923243261	0.00947079117215	0.000288869447517	0.00144847394398	2.06335319655e-05	0.0208728809363	0.00538535184299	0.0766081774814	0.00062725937175	0	0.0058557963718	0.0105932553111	0.00963585942787	0.00097390270877	0.009437777521	8.25341278619e-06	2.06335319655e-05	3.30136511447e-05	0.004304154768	4.12670639309e-06	0.00106469024942	0.00325184463776	0	2.88869447517e-05	0	4.12670639309e-06	6.60273022895e-05	2.88869447517e-05	0.000169194962117	2.47602383586e-05	2.06335319655e-05	2.88869447517e-05	1.65068255724e-05	7.84074214688e-05	0	0.00367689539625	0.00147736088873	0.000148561430151	0.000288869447517	1.65068255724e-05	0.00202621283901	0.0142866575329	0.00989996863703	0.000334263217841	2.47602383586e-05	0.00153513477823	0.00326835146333	0.00040029052013	6.60273022895e-05	0.00068090655486	0	0	0	0.00115960449646	0.0130816592661	0.00243888347832	0.00690810650204	0.0011348442581	0.000928508938446	8.25341278619e-06	8.25341278619e-06	0.000858354929763	0.000577738895033	0.000606625839785	9.90409534342e-05	8.25341278619e-06	6.19005958964e-05	4.12670639309e-06
0.00212525379244	0.00344579983823	0.000305376273089	0	0.00997012264571	0	0.000817087865833	0.00387910400951	0.00245539030389	0.0196513758439	0.00128753239465	0.000965649295984	0.00822039913504	1.23801191793e-05	0.00121737838596	0.00162179561249	0.00255855796372	0.00028061603473	0.00010729436622	0.000177448374903	0.00361912150674	0.000928508938446	0.0107789570988	0.00062725937175	0.052574239448	0.000214588732441	0.00118436473482	0.00373466928575	0.0203941829947	0.00280203364091	0.00224492827784	0	5.36471831102e-05	0.00141958699922	0.00323946451858	1.23801191793e-05	0.000152688136544	0.000218715438834	0	0.00180337069378	0	0.00219128109473	0.000495204767171	0.00307439626285	0.00879401132368	0.00164242914445	0	2.47602383586e-05	0	0.00123388521153	1.23801191793e-05	0.00186527128968	9.07875406481e-05	8.25341278619e-06	1.65068255724e-05	0.000445684290454	6.19005958964e-05	0.00425463429128	0.000330136511447	0.00640052161569	1.23801191793e-05	0.00017332166851	0.000160941549331	0.00535646489824	0.000169194962117	0.000160941549331	0	0	4.12670639309e-06	0.000165068255724	0.00337151912316	0.000664399729288	0.00312391673957	0.000833594691405	0.00192717188557	0	6.19005958964e-05	0.000701540086826	6.19005958964e-05	0.000177448374903	0.000103167659827	2.06335319655e-05	0.000140308017365	0
4.12670639309e-06	0.00139070005447	8.25341278619e-06	0	8.25341278619e-06	0	0	0	3.71403575378e-05	0.000218715438834	2.06335319655e-05	0.00184463775771	4.12670639309e-06	0.00170020303395	3.71403575378e-05	0	4.12670639309e-06	5.77738895033e-05	1.23801191793e-05	7.01540086826e-05	8.25341278619e-06	0	0.000742807150757	0	0.000214588732441	0.00763853353362	0.00106881695581	0.00141133358644	3.71403575378e-05	0.000169194962117	4.12670639309e-06	0	3.71403575378e-05	8.25341278619e-06	0.000198081906868	4.12670639309e-06	0.000982156121556	0	0	0	0	8.25341278619e-06	4.12670639309e-06	8.25341278619e-06	4.12670639309e-06	1.23801191793e-05	0.000396163813737	8.25341278619e-06	0.00181987751935	2.47602383586e-05	0	0	4.12670639309e-06	2.47602383586e-05	4.12670639309e-05	0	1.23801191793e-05	8.25341278619e-06	1.23801191793e-05	8.25341278619e-06	0.00298360872221	0.000825341278619	0.00120912497318	4.12670639309e-06	2.88869447517e-05	4.12670639309e-06	4.12670639309e-06	0	0	6.19005958964e-05	3.71403575378e-05	0.000796454333867	0.000371403575378	1.65068255724e-05	0	0	0.00080058104026	8.25341278619e-06	8.25341278619e-06	7.01540086826e-05	1.23801191793e-05	0	0	4.12670639309e-06
0.00604975157228	0.00765916706558	0.0126070880309	0	4.5393770324e-05	0	2.88869447517e-05	0.00529043759595	0.00300836896057	0.00231095558013	0.00010729436622	0.00496855449728	3.30136511447e-05	0.00532345124709	0.00254205113815	6.19005958964e-05	0.00080058104026	0.0102631187996	0.00563708093297	0.00773344778066	1.65068255724e-05	0.00311979003318	0.00275663987059	0.0058557963718	0.00118436473482	0.00106881695581	0.0760386919991	0.0217890097555	0.00290932800713	0.00177861045542	0.00550502632839	0.00279790693452	0	7.42807150757e-05	0.00106056354303	8.25341278619e-06	0.0101475710206	0.00120499826678	0	9.90409534342e-05	0	0.000111421072614	3.30136511447e-05	0.000140308017365	0.000255855796372	0.000268235915551	0.000354896749806	0.000103167659827	0.00410607286113	0.000317756392268	8.25341278619e-06	8.25341278619e-06	0.000181575081296	0.000585992307819	0.00350357372774	7.01540086826e-05	3.30136511447e-05	0.000111421072614	0.000202208613262	0.000251729089979	0.00503045509318	0.0205675046632	0.0126029613245	0.000239348970799	0.000123801191793	2.06335319655e-05	0.000367276868985	0.000123801191793	0	0.000474571235206	0.00314867697793	0.0037635562305	0.00201795942622	0.000371403575378	7.01540086826e-05	4.12670639309e-06	4.12670639309e-06	0.00118436473482	0.00115135108367	0.000429177464882	3.71403575378e-05	4.12670639309e-05	3.30136511447e-05	6.60273022895e-05
0.000759313976329	0.0135933708589	0.0112865419851	0	2.88869447517e-05	0	4.12670639309e-05	0.000845974810584	0.000590119014212	0.00340040606791	0.000214588732441	0.00195193212393	5.36471831102e-05	0.00300836896057	0.000247602383586	0.000408543932916	0.0067512916591	0.00527393077037	0.00046631782242	0.00140720688004	7.42807150757e-05	0.00149799442069	0.0121531503277	0.0105932553111	0.00373466928575	0.00141133358644	0.0217890097555	0.074326108846	0.0022119146267	0.000371403575378	0.000317756392268	0.00160116208052	2.06335319655e-05	7.42807150757e-05	0.00211287367326	4.12670639309e-06	0.0131600666876	0.000689159967647	0	0.000111421072614	0	0.000193955200475	2.06335319655e-05	0.000297122860303	0.00068090655486	0.000264109209158	0.00017332166851	8.6660834255e-05	0.00145672735676	0.000420924052096	8.25341278619e-06	0.00186527128968	0.000231095558013	0.000140308017365	0.000903748700087	5.36471831102e-05	8.25341278619e-05	0.00666875753124	0.0034664333702	0.000462191116026	0.00289282118156	0.00844736798666	0.014550766742	0.000441557584061	9.07875406481e-05	8.25341278619e-06	0.000136181310972	0.000123801191793	4.12670639309e-06	0.000338389924234	0.011369076113	0.00297122860303	0.00385847047754	0.000738680444364	0.000503458179957	2.06335319655e-05	1.65068255724e-05	0.000978029415163	0.000594245720605	0.000354896749806	5.77738895033e-05	4.12670639309e-05	4.12670639309e-06	0
0.0123388521153	0.00138244664169	0.00892193922187	0	0.0123429788217	3.30136511447e-05	0.00147323418233	0.0358198114921	0.010498341064	0.0169071160925	0.0137089186379	0.00120499826678	0.00171670985953	1.23801191793e-05	0.00514187616579	0.0013741932289	0.00272362621944	0.000581865601426	0.000387910400951	0.000565358775854	0.00349119360856	0.0120045888975	0.00667288423763	0.00963585942787	0.0203941829947	3.71403575378e-05	0.00290932800713	0.0022119146267	0.0865287796504	0.0056742212905	0.00825753949258	0	5.36471831102e-05	0.00183225763853	0.00585992307819	9.07875406481e-05	0.000565358775854	0.000165068255724	0	0.0087816312045	0	0.00225730839702	0.000986282827949	0.00273187963223	0.0163293771975	0.00538122513659	3.71403575378e-05	0.000548851950281	3.71403575378e-05	0.00139070005447	2.06335319655e-05	0.00432478829996	0.000396163813737	7.01540086826e-05	0.000198081906868	0.00448572984929	0.000895495287301	0.00763028012083	0.000594245720605	0.0151738994074	2.88869447517e-05	0.00045393770324	0.000751060563543	0.0136305112164	0.00111008401974	0.00193955200475	1.23801191793e-05	4.12670639309e-06	0.000276489328337	0.00184876446411	0.0045435037388	0.000862481636157	0.00515425628497	0.000932635644839	0.00170432974035	8.25341278619e-06	1.23801191793e-05	0.00205097307737	0.000276489328337	0.00062725937175	0.000140308017365	0.000123801191793	0.000338389924234	8.25341278619e-06
0.0168410887902	0.000169194962117	0.00105231013024	0	0.000569485482247	6.60273022895e-05	0.000685033261254	0.00916128819267	0.00517901652333	0.00491078060778	0.00658622340338	0.0067512916591	0.00144847394398	0.000123801191793	0.0124956669583	0.000169194962117	0.000152688136544	0.00185701787689	0.000949142470412	0.00191066506	0.00122563179875	0.000425050758489	0.0013164193394	0.00097390270877	0.00280203364091	0.000169194962117	0.00177861045542	0.000371403575378	0.0056742212905	0.0422533467589	0.0097390270877	0	0.000841848104191	0.00853402882092	0.0133911622456	1.65068255724e-05	5.36471831102e-05	9.90409534342e-05	0	0.0001196744854	0	0.000367276868985	0.000156814842938	0.00086660834255	0.00336739241676	9.49142470412e-05	4.12670639309e-06	0	0	0.000590119014212	0	0.000305376273089	1.23801191793e-05	4.12670639309e-06	2.47602383586e-05	4.12670639309e-06	5.77738895033e-05	0.00110595731335	7.84074214688e-05	0.00130403922022	0	9.49142470412e-05	2.88869447517e-05	0.00245539030389	3.71403575378e-05	4.5393770324e-05	0	0	1.23801191793e-05	0.000115547779007	0.00252967101897	0.000734553737971	0.00916541489906	0.0010151697727	0.000235222264406	4.12670639309e-05	0.000561232069461	0.000313629685875	3.30136511447e-05	9.49142470412e-05	2.88869447517e-05	3.71403575378e-05	6.19005958964e-05	0
0.00820801901586	0.000247602383586	0.00629322724947	0	9.49142470412e-05	0	8.6660834255e-05	0.00864957659992	0.00237285617603	0.00259569832126	9.49142470412e-05	0.00194367871115	2.06335319655e-05	2.47602383586e-05	0.00521615688087	0.000239348970799	0.000132054604579	0.00548026609003	0.000883115168122	0.0025709380829	2.88869447517e-05	0.0119798286592	0.00100278965352	0.009437777521	0.00224492827784	4.12670639309e-06	0.00550502632839	0.000317756392268	0.00825753949258	0.0097390270877	0.0387415196184	4.12670639309e-06	0	0.00264934550437	0.00568660140968	0.000552978656675	0.000123801191793	0.000111421072614	0	4.12670639309e-06	0	7.84074214688e-05	0.00040029052013	0.000198081906868	0.000998662947129	4.12670639309e-06	0	1.23801191793e-05	0	0.000132054604579	0	0.000367276868985	1.23801191793e-05	8.25341278619e-06	5.36471831102e-05	4.12670639309e-06	0.000160941549331	0.000590119014212	4.95204767171e-05	0.000297122860303	0	0.000193955200475	0.000247602383586	0.00165893597002	0.00105231013024	0.00085422822337	0	0	0.00113071755171	0.00108532378138	0.00101929647909	0.00029299615391	0.00384609035836	0.000165068255724	0.000342516630627	0	4.12670639309e-06	0.000631386078143	6.60273022895e-05	0.000123801191793	1.23801191793e-05	3.30136511447e-05	2.06335319655e-05	0
0	0.000152688136544	2.06335319655e-05	0	0	0	0	0	0	0	0	0.000412670639309	8.25341278619e-06	0.0010770703686	0	0	8.25341278619e-06	1.23801191793e-05	0.000160941549331	5.36471831102e-05	0	0	0	8.25341278619e-06	0	0	0.00279790693452	0.00160116208052	0	0	4.12670639309e-06	0.00298360872221	0	0	8.25341278619e-06	0	0.000189828494082	8.25341278619e-06	0	0	0	4.95204767171e-05	4.12670639309e-06	4.95204767171e-05	0	1.65068255724e-05	7.42807150757e-05	4.95204767171e-05	0.000594245720605	0.000165068255724	4.12670639309e-06	0	0	8.25341278619e-06	0	8.25341278619e-06	0	0	0	0	0.000297122860303	0.000511711592744	0.000845974810584	0	7.01540086826e-05	0	6.60273022895e-05	9.49142470412e-05	0	0.000169194962117	0.000268235915551	0.000169194962117	0.000123801191793	8.25341278619e-06	0	0	0	8.25341278619e-06	2.47602383586e-05	0.000148561430151	0	2.88869447517e-05	0	0
