0.0155962705632	0	0.000296955594969	0	0	0	2.44073091755e-05	0.00157833932668	0.00150104951429	0	5.28825032136e-05	4.06788486259e-05	4.06788486259e-06	4.8814618351e-05	0.00942935711148	0	0	0.00194851684918	4.47467334885e-05	0.000593911189938	0	0.00306718518639	0	0.0029248092162	0.000459670989472	4.06788486259e-06	0.000528825032136	0.000968156597296	0.000911206209219	0.0128829913598	0.0125331532616	0	0	0.00108205737345	0.00384821908001	0	0	0	0	0	0	4.06788486259e-06	0	4.06788486259e-06	4.06788486259e-06	0	0	0	0	4.06788486259e-06	4.06788486259e-06	0	8.13576972517e-06	0	8.13576972517e-06	0	4.06788486259e-06	0	8.13576972517e-06	0	0	1.22036545878e-05	4.06788486259e-06	0	0	0	0	0	0	0	9.35613518395e-05	8.54255821143e-05	0.00357973867908	0.000846120051418	0.000211530012855	0.000248140976618	0	5.69503880762e-05	0	7.72898123892e-05	2.84751940381e-05	4.47467334885e-05	0	0
0	0.0210024895455	0.000183054818816	0	0	4.06788486259e-06	4.06788486259e-06	8.13576972517e-06	1.22036545878e-05	0.00278243324601	4.06788486259e-06	1.22036545878e-05	0	0.00133019835007	4.06788486259e-06	4.47467334885e-05	0.000976292367021	0.000122036545878	1.22036545878e-05	0.00023593732203	0	3.25430789007e-05	0.00505231299933	0.000207462127992	0.00270107554876	0.00272141497307	0.00117561872529	0.0173373252843	2.03394243129e-05	1.22036545878e-05	2.84751940381e-05	0	0	1.22036545878e-05	0.00047187464406	0	0.00623606749435	4.06788486259e-06	0	1.22036545878e-05	0	0	0	0	0.000382381177083	4.06788486259e-06	2.03394243129e-05	1.22036545878e-05	6.9154042664e-05	0	4.06788486259e-06	3.66109637633e-05	3.66109637633e-05	8.13576972517e-06	0.000117968661015	0	1.62715394503e-05	0.000435263680297	0.000138308085328	0.000341702328457	3.25430789007e-05	0.000341702328457	0.010389377939	4.06788486259e-06	0	0	0	0	0	0	0.000321362904144	9.76292367021e-05	0.000134240200465	0.000288819825244	6.50861578014e-05	4.06788486259e-06	4.06788486259e-06	0.000618318499113	0.000203394243129	0.00010983289129	8.13576972517e-06	4.06788486259e-06	8.13576972517e-06	1.22036545878e-05
0.000296955594969	0.000183054818816	0.0282555282555	0	0	0	7.72898123892e-05	0.000187122703679	0.000398652716534	1.62715394503e-05	0	4.06788486259e-06	0	0	0.000341702328457	0	1.22036545878e-05	0.0125534926859	4.06788486259e-06	0.000256276746343	0	0.00105358217941	0.000122036545878	0.0124070488309	3.25430789007e-05	0	0.00799746163985	0.0119066989928	3.25430789007e-05	0.000280684055518	0.000919341978945	0	4.06788486259e-06	8.13576972517e-06	0.000207462127992	0	2.03394243129e-05	1.22036545878e-05	0	0	0	2.03394243129e-05	1.22036545878e-05	1.22036545878e-05	6.10182729388e-05	8.13576972517e-06	0.000101697121565	0	0	4.06788486259e-05	0	1.22036545878e-05	0.00104951429455	6.9154042664e-05	0.000130172315603	0	0.000260344631206	5.28825032136e-05	0.00168410433311	4.06788486259e-05	0	0.000427127910572	0.00439331565159	1.62715394503e-05	2.84751940381e-05	4.06788486259e-06	4.06788486259e-06	0	0	9.35613518395e-05	0.000284751940381	5.69503880762e-05	0.000199326358267	0.000142375970191	4.06788486259e-06	8.13576972517e-06	0	0.00184681972761	0.000191190588542	0.000138308085328	2.84751940381e-05	4.8814618351e-05	1.62715394503e-05	0
0	0	0	0	0	0	0	0	0	0	0	0	0	0	0	0	0	0	0	0	0	0	0	0	0	0	0	0	0	0	0	0	0	0	0	0	0	0	0	0	0	0	0	0	0	0	0	0	0	0	0	0	0	0	0	0	0	0	0	0	0	0	0	0	0	0	0	0	0	0	0	0	0	0	0	0	0	0	0	0	0	0	0	0
0	0	0	0	0.0207746879932	8.54255821143e-05	0.000264412516068	8.13576972517e-06	0.000162715394503	0.000667133117464	0.000626454268838	0.000553232341312	0.00696828676961	9.35613518395e-05	0.000142375970191	0.00166783279366	0	0	0.000715947735815	3.25430789007e-05	0.0104625998666	0	0	0	0.0159461086613	0	0.00070781196609	8.13576972517e-06	0.00576826073515	0.00107798948859	4.06788486259e-06	2.44073091755e-05	2.03394243129e-05	0.000654929462876	0.00145223489594	8.13576972517e-06	0	0	0	0.00281090844005	0	0.000207462127992	0	1.62715394503e-05	0.0042183966025	0.00351058463641	8.13576972517e-06	0.0028597230584	0	2.03394243129e-05	7.32219275266e-05	0	4.06788486259e-06	0	0	0.00556893437688	0	0	0	0.00444619815481	0	4.06788486259e-06	0	0.00130579104089	2.84751940381e-05	0	0	0	0	5.28825032136e-05	0.000911206209219	0.00010983289129	0.000797305433067	0.000248140976618	0.0028922661373	2.84751940381e-05	0	0.000187122703679	4.47467334885e-05	0.00010983289129	4.06788486259e-05	6.50861578014e-05	2.03394243129e-05	4.06788486259e-06
0	4.06788486259e-06	0	0	8.54255821143e-05	0.00519875685439	0.0016963079877	8.13576972517e-06	0.000321362904144	0.000150511739916	0	0	9.35613518395e-05	0	2.03394243129e-05	0.00130579104089	0	0	3.25430789007e-05	0	2.03394243129e-05	1.22036545878e-05	2.84751940381e-05	2.03394243129e-05	0.000301023479831	0	4.47467334885e-05	3.66109637633e-05	0.000101697121565	7.32219275266e-05	4.8814618351e-05	0	0.00120816180419	8.54255821143e-05	0.000825780627105	0	8.13576972517e-06	0	0	1.62715394503e-05	0	8.13576972517e-06	0	0	8.54255821143e-05	1.62715394503e-05	0.000122036545878	1.62715394503e-05	0	0	0	4.06788486259e-06	0	0.000105765006427	6.50861578014e-05	5.69503880762e-05	0	1.22036545878e-05	1.62715394503e-05	8.13576972517e-05	0	0	1.62715394503e-05	1.22036545878e-05	0	0	0	0	0	0	0.000585775420213	0	8.13576972517e-05	5.28825032136e-05	0.00227394763819	0.000244073091755	0	4.06788486259e-06	6.50861578014e-05	0.00023593732203	0.000231869437167	0	0	0
2.44073091755e-05	4.06788486259e-06	7.72898123892e-05	0	0.000264412516068	0.0016963079877	0.0403859609158	0.00411263159608	0.0159786517402	8.13576972517e-06	0.0137006362172	0.000158647509641	0.0115080462763	1.62715394503e-05	0.00711879850953	0.00154986413265	0	2.03394243129e-05	0.000130172315603	3.25430789007e-05	0.00238378052948	0.00105358217941	2.03394243129e-05	0.00123256911336	0.00244073091755	0	0.000138308085328	0.000138308085328	0.00322990058089	0.0057845322746	0.00158647509641	0	0.00171257952715	0.00106171794914	0.00214784320745	0	4.06788486259e-06	0	0	2.44073091755e-05	0	4.06788486259e-06	0	0	4.8814618351e-05	2.44073091755e-05	0	1.22036545878e-05	0	4.06788486259e-06	0	0	0	0	0	4.8814618351e-05	1.22036545878e-05	4.06788486259e-06	2.03394243129e-05	4.47467334885e-05	0	0	2.03394243129e-05	2.44073091755e-05	0	0	0	0	0	4.06788486259e-06	0.00128138373171	2.03394243129e-05	0.000610182729388	0.000240005206893	0.00163528971476	0.000174919049091	1.22036545878e-05	8.13576972517e-06	0	4.06788486259e-06	0	4.06788486259e-06	0	0
0.00157833932668	8.13576972517e-06	0.000187122703679	0	8.13576972517e-06	8.13576972517e-06	0.00411263159608	0.0330922433571	0.00708218754576	1.22036545878e-05	0.0026970076639	6.10182729388e-05	5.69503880762e-05	8.13576972517e-06	0.00256683534829	3.25430789007e-05	4.06788486259e-06	5.69503880762e-05	6.9154042664e-05	2.84751940381e-05	4.06788486259e-06	0.00517841743007	4.47467334885e-05	0.00495875164749	0.00313227134419	1.22036545878e-05	8.13576972517e-05	0.000394584831671	0.0160600094375	0.00475942528923	0.00669573848382	0	0	0.0040231381291	0.00146850643539	0	1.62715394503e-05	0	0	0.000195258473404	0	0	0	0	0.00058170753535	5.28825032136e-05	4.06788486259e-06	4.06788486259e-06	0	0	0	0	0	0	8.13576972517e-06	0.000117968661015	7.32219275266e-05	8.13576972517e-06	8.54255821143e-05	0.000536960801861	0	8.13576972517e-06	5.28825032136e-05	0.000183054818816	0	0	0	0	0	0	0.000541028686724	2.44073091755e-05	0.0012935873863	0.000907138324357	0.000154579624778	3.66109637633e-05	0	4.8814618351e-05	8.13576972517e-06	0	0	0	0	0
0.00150104951429	1.22036545878e-05	0.000398652716534	0	0.000162715394503	0.000321362904144	0.0159786517402	0.00708218754576	0.0370421595587	0	0.0051865531998	3.66109637633e-05	0.00228208340791	6.10182729388e-05	0.0139691166181	0.000394584831671	0	0.000138308085328	1.22036545878e-05	5.28825032136e-05	0.000622386383976	0.00365702849147	3.66109637633e-05	0.00432009372407	0.00266039670013	0	0.000105765006427	0.000858323706006	0.00474722163464	0.00754185853524	0.00733032852238	0	0.00080137331793	0.00177359780009	0.00268887189417	0	1.62715394503e-05	0	0	8.13576972517e-06	0	0	0	0	5.69503880762e-05	2.03394243129e-05	4.06788486259e-06	8.13576972517e-06	0	1.62715394503e-05	0	0	0	0	2.84751940381e-05	3.66109637633e-05	4.47467334885e-05	8.13576972517e-06	5.69503880762e-05	6.50861578014e-05	0	2.03394243129e-05	5.28825032136e-05	3.25430789007e-05	1.22036545878e-05	0	0	0	0	2.03394243129e-05	0.001065785834	0.000158647509641	0.0019891956978	0.00101290333078	0.00100476756106	0.000439331565159	3.66109637633e-05	3.66109637633e-05	4.06788486259e-06	6.50861578014e-05	3.66109637633e-05	2.03394243129e-05	0	0
0	0.00278243324601	1.62715394503e-05	0	0.000667133117464	0.000150511739916	8.13576972517e-06	1.22036545878e-05	0	0.0163610329173	0	8.13576972517e-06	0.00181427664871	0.000353905983045	4.06788486259e-06	0.00128951950144	0.00212343589827	4.06788486259e-05	1.22036545878e-05	4.47467334885e-05	0.000878663130319	0.000642725808289	0.00576419285029	0.000134240200465	0.00955952942708	0.00058170753535	0.000317295019282	0.00239598418406	0.00215597897717	0.00012610443074	0.000142375970191	4.06788486259e-06	4.06788486259e-06	0.000398652716534	0.00047187464406	4.06788486259e-06	8.13576972517e-05	1.22036545878e-05	0	0.000113900776152	0	3.25430789007e-05	0.000138308085328	4.06788486259e-05	0.00518248531494	5.28825032136e-05	1.62715394503e-05	3.66109637633e-05	4.06788486259e-06	4.06788486259e-05	0	0.000264412516068	8.13576972517e-06	1.22036545878e-05	9.76292367021e-05	0.000158647509641	0.000231869437167	0.0022292009047	0.000321362904144	0.00360414598825	4.06788486259e-06	2.03394243129e-05	0.00034577021332	0.000805441202792	1.22036545878e-05	6.10182729388e-05	0	0	0	0	0.00188749857624	3.25430789007e-05	9.76292367021e-05	6.10182729388e-05	0.00178580145468	1.22036545878e-05	0	0.0018590233822	0.000374245407358	7.32219275266e-05	2.84751940381e-05	1.22036545878e-05	4.06788486259e-06	0
5.28825032136e-05	4.06788486259e-06	0	0	0.000626454268838	0	0.0137006362172	0.0026970076639	0.0051865531998	0	0.0311681338171	0.00118375449501	0.00728151390403	0.000305091364694	0.00414110679011	0.000203394243129	0	0	0.00160681452072	0.00034577021332	0.00335193712677	2.84751940381e-05	0	2.44073091755e-05	0.00206648551019	0	0.00161901817531	1.22036545878e-05	0.00280684055518	0.0069804904242	0.000187122703679	0.00010983289129	1.62715394503e-05	0.00351872040614	0.00495875164749	0	0	0	0	0.000357973867908	0	3.25430789007e-05	4.06788486259e-06	1.62715394503e-05	0.000903070439494	0.000996631791334	0	0.000569503880762	0	3.66109637633e-05	2.44073091755e-05	0	4.06788486259e-06	0	1.62715394503e-05	0.00102103910051	0	0	4.06788486259e-06	0.00138308085328	0	4.8814618351e-05	3.25430789007e-05	0.000382381177083	1.62715394503e-05	0	0	0	0	1.22036545878e-05	0.00047187464406	0.000386449061946	0.00296955594969	0.0005654359959	8.54255821143e-05	0.000134240200465	4.06788486259e-06	8.54255821143e-05	0	0.000191190588542	3.25430789007e-05	7.32219275266e-05	3.25430789007e-05	8.13576972517e-06
4.06788486259e-05	1.22036545878e-05	4.06788486259e-06	0	0.000553232341312	0	0.000158647509641	6.10182729388e-05	3.66109637633e-05	8.13576972517e-06	0.00118375449501	0.0356143319719	0.00340888751485	0.00749711180175	0.00201360300698	8.13576972517e-06	4.06788486259e-06	0.0010332427551	0.0118904274533	0.00492620856859	0.00290446979189	0.000223733667442	1.22036545878e-05	0.000903070439494	0.0026970076639	0.00142782758677	0.0168857900646	0.00165969702394	0.00206648551019	0.00726117447972	0.000231869437167	0.00138308085328	5.28825032136e-05	0.00253429226939	0.0178946255105	0	9.35613518395e-05	8.13576972517e-06	0	0.000390516946808	0	0	4.06788486259e-06	4.06788486259e-06	0.000561368111037	0.0016312218299	0.000117968661015	8.13576972517e-05	2.84751940381e-05	1.62715394503e-05	4.06788486259e-06	0	4.06788486259e-05	0.000166783279366	0.000288819825244	0.00146850643539	4.8814618351e-05	2.03394243129e-05	0.000142375970191	0.00238784841434	4.06788486259e-06	0.00092747774867	0.00107798948859	0.000370177522495	3.66109637633e-05	0	0	8.13576972517e-06	0	0.000195258473404	0.00130985892575	0.000972224482158	0.00695608311502	9.76292367021e-05	8.13576972517e-06	4.06788486259e-06	0.000101697121565	0.000492214068373	0.000296955594969	0.00021966578258	8.13576972517e-06	9.35613518395e-05	0	3.66109637633e-05
4.06788486259e-06	0	0	0	0.00696828676961	9.35613518395e-05	0.0115080462763	5.69503880762e-05	0.00228208340791	0.00181427664871	0.00728151390403	0.00340888751485	0.0424076996925	0.000728151390403	0.0108856598923	0.00310786403502	4.06788486259e-06	0	0.00298175960428	0.000512553492686	0.023475763542	1.22036545878e-05	0	2.44073091755e-05	0.0083717070472	4.06788486259e-06	0.00256276746343	2.84751940381e-05	0.00070781196609	0.0133711375433	7.32219275266e-05	9.35613518395e-05	6.50861578014e-05	0.000646793693151	0.00758253738386	0	0	0	0	0.000996631791334	0	0.000418992140846	4.06788486259e-06	0.00010983289129	0.00171257952715	0.00192004165514	0.000117968661015	0.00311193191988	2.03394243129e-05	0.000244073091755	2.44073091755e-05	0	0	4.06788486259e-06	4.06788486259e-06	0.00230649071709	4.06788486259e-06	0	4.06788486259e-06	0.00174919049091	0	1.62715394503e-05	8.13576972517e-06	0.000357973867908	0.00010983289129	0	4.06788486259e-06	2.44073091755e-05	0	0.000386449061946	0.00253429226939	0.000276616170656	0.00363668906715	0.000658997347739	0.00383601542542	0.000117968661015	3.66109637633e-05	0.00021966578258	0.000244073091755	0.000675268887189	8.13576972517e-06	9.35613518395e-05	0.000101697121565	2.44073091755e-05
4.8814618351e-05	0.00133019835007	0	0	9.35613518395e-05	0	1.62715394503e-05	8.13576972517e-06	6.10182729388e-05	0.000353905983045	0.000305091364694	0.00749711180175	0.000728151390403	0.0289267292579	0.000955952942708	0	4.06788486259e-06	4.47467334885e-05	0.00012610443074	7.32219275266e-05	0.000549164456449	8.94934669769e-05	0.000528825032136	0.000101697121565	0.000260344631206	0.00702523715769	0.00558927380119	0.00599606228745	0.000105765006427	0.00246513822673	0.000162715394503	0.00408008851717	0.000146443855053	0.000378313292221	0.00422653237223	2.03394243129e-05	0.000101697121565	0	0	7.32219275266e-05	0	0.000756626584441	4.06788486259e-06	0.000561368111037	9.76292367021e-05	0.000484078298648	0.000451535219747	0.000305091364694	0.00562995264982	0.000728151390403	8.94934669769e-05	0	2.03394243129e-05	0.000231869437167	0.000101697121565	0.000174919049091	0	4.8814618351e-05	8.13576972517e-06	0.000101697121565	0.00104137852482	0.00249768130563	0.00254242803912	0.00012610443074	0.000602046959663	0	0.000866459475731	0	0	0.00148071008998	0.00158240721155	0.00317295019282	0.00373025041899	0.00256276746343	0	6.50861578014e-05	0.000866459475731	0.000260344631206	0.00360821387311	0.0010006996762	8.94934669769e-05	0.000195258473404	0.000370177522495	0.00102510698537
0.00942935711148	4.06788486259e-06	0.000341702328457	0	0.000142375970191	2.03394243129e-05	0.00711879850953	0.00256683534829	0.0139691166181	4.06788486259e-06	0.00414110679011	0.00201360300698	0.0108856598923	0.000955952942708	0.0464674487853	0.00012610443074	4.06788486259e-06	0.00154986413265	0.000951885057845	0.000646793693151	0.00717981678247	0.00333159770246	2.84751940381e-05	0.00363262118229	0.00451942008233	4.06788486259e-06	0.00116748295556	0.00100476756106	0.00504010934475	0.0332386872122	0.014091153164	1.22036545878e-05	0.00120409391933	0.00425907545113	0.0131474038759	0	4.06788486259e-06	0	0	6.50861578014e-05	0	4.06788486259e-06	0	8.13576972517e-06	0.00025220886148	0.000431195795434	6.50861578014e-05	0.000113900776152	1.62715394503e-05	7.32219275266e-05	4.06788486259e-06	0	1.62715394503e-05	4.06788486259e-06	4.8814618351e-05	0.000475942528923	1.22036545878e-05	1.22036545878e-05	3.25430789007e-05	0.000850187936281	0	7.72898123892e-05	5.69503880762e-05	0.000117968661015	5.69503880762e-05	0	0	4.06788486259e-06	0	0.000349838098182	0.0030549815318	0.000569503880762	0.00706591600631	0.00173698683632	0.000406788486259	0.000557300226174	0.00025220886148	0.000317295019282	0.000248140976618	0.000406788486259	5.28825032136e-05	0.000183054818816	0	1.62715394503e-05
0	4.47467334885e-05	0	0	0.00166783279366	0.00130579104089	0.00154986413265	3.25430789007e-05	0.000394584831671	0.00128951950144	0.000203394243129	8.13576972517e-06	0.00310786403502	0	0.00012610443074	0.00952698634818	0	0	2.03394243129e-05	0	0.00187122703679	2.44073091755e-05	4.06788486259e-05	2.84751940381e-05	0.00326651154466	0	1.22036545878e-05	0.000166783279366	0.000475942528923	0.000256276746343	0.000203394243129	0	0.000117968661015	0.000280684055518	0.000333566558732	0	0	0	0	0.000170851164229	0	2.44073091755e-05	0	0	0.000443399450022	0.000150511739916	4.06788486259e-06	0.000138308085328	0	0	0	4.06788486259e-06	0	4.06788486259e-06	0	0.000439331565159	0	8.13576972517e-06	0	0.000439331565159	0	0	4.06788486259e-06	8.13576972517e-05	0	0	0	0	0	0	0.00244886668728	0	0.000105765006427	6.9154042664e-05	0.00677302829621	8.13576972517e-06	0	1.62715394503e-05	0	4.06788486259e-06	4.06788486259e-06	0	0	0
0	0.000976292367021	1.22036545878e-05	0	0	0	0	4.06788486259e-06	0	0.00212343589827	0	4.06788486259e-06	4.06788486259e-06	4.06788486259e-06	4.06788486259e-06	0	0.0137901296842	4.06788486259e-06	4.06788486259e-06	1.22036545878e-05	4.06788486259e-06	0.000622386383976	0.00971817693672	0.00444213026994	0.00449501277316	4.06788486259e-06	2.44073091755e-05	0.00325837577493	0.00148071008998	3.25430789007e-05	6.10182729388e-05	0	0	5.28825032136e-05	0.000215597897717	0	0.000170851164229	4.06788486259e-06	0	1.22036545878e-05	0	0	4.8814618351e-05	4.06788486259e-06	0.00202580666157	3.25430789007e-05	1.62715394503e-05	0	0	1.22036545878e-05	0	0.00230242283222	4.06788486259e-06	1.22036545878e-05	5.28825032136e-05	2.84751940381e-05	0.000349838098182	0.00407602063231	0.000789169663342	0.00148884585971	0	1.62715394503e-05	0.000240005206893	0.00072408350554	4.06788486259e-06	4.06788486259e-05	0	0	0	0	0.000797305433067	6.10182729388e-05	0.000122036545878	0.000130172315603	8.13576972517e-06	0	0	0.00114307564639	0.000207462127992	3.66109637633e-05	2.03394243129e-05	4.06788486259e-06	0	0
0.00194851684918	0.000122036545878	0.0125534926859	0	0	0	2.03394243129e-05	5.69503880762e-05	0.000138308085328	4.06788486259e-05	0	0.0010332427551	0	4.47467334885e-05	0.00154986413265	0	4.06788486259e-06	0.034902452121	0.000679336772052	0.00926257383211	0	0.00459264200986	8.13576972517e-05	0.014534552614	0.000105765006427	0	0.0127243438502	0.0121548399694	0.000231869437167	0.0022617439836	0.00523943570301	8.13576972517e-06	1.22036545878e-05	5.69503880762e-05	0.00570724246221	0	0.00010983289129	5.69503880762e-05	0	8.13576972517e-06	0	4.06788486259e-06	4.06788486259e-06	4.06788486259e-06	4.06788486259e-05	2.84751940381e-05	6.9154042664e-05	0	0	1.62715394503e-05	0	4.06788486259e-06	0.000414924255984	5.69503880762e-05	0.000260344631206	2.44073091755e-05	6.50861578014e-05	1.22036545878e-05	0.000418992140846	6.50861578014e-05	0	0.000366109637633	0.000858323706006	3.25430789007e-05	1.22036545878e-05	1.22036545878e-05	0	0	0	6.9154042664e-05	0.000638657923426	0.000146443855053	0.00212750378313	0.00107798948859	0.000231869437167	0.000130172315603	0	0.0010332427551	0.000158647509641	0.000382381177083	0.000191190588542	1.62715394503e-05	4.06788486259e-05	0
4.47467334885e-05	1.22036545878e-05	4.06788486259e-06	0	0.000715947735815	3.25430789007e-05	0.000130172315603	6.9154042664e-05	1.22036545878e-05	1.22036545878e-05	0.00160681452072	0.0118904274533	0.00298175960428	0.00012610443074	0.000951885057845	2.03394243129e-05	4.06788486259e-06	0.000679336772052	0.0204411214345	0.00288006248271	0.0022292009047	0.000187122703679	8.13576972517e-06	0.000695608311502	0.00209496070423	0.000541028686724	0.0174837691394	0.000386449061946	0.00143189547163	0.00441365507591	0.000223733667442	2.03394243129e-05	8.13576972517e-06	0.00237971264461	0.0116097433978	0	2.44073091755e-05	1.22036545878e-05	0	0.000418992140846	0	0	8.13576972517e-06	0	0.000862391590868	0.00142375970191	0.000398652716534	8.94934669769e-05	2.44073091755e-05	1.62715394503e-05	0	0	2.44073091755e-05	0.000797305433067	0.000463738874335	0.0011959581496	6.10182729388e-05	1.22036545878e-05	0.000158647509641	0.00259124265747	1.62715394503e-05	0.000813576972517	0.00147664220512	0.000496281953236	2.03394243129e-05	0	4.06788486259e-06	8.13576972517e-06	0	0.00025220886148	0.00231869437167	0.00181427664871	0.00559334168606	0.000105765006427	1.62715394503e-05	2.03394243129e-05	0	0.000846120051418	0.00168817221797	0.000427127910572	0.000142375970191	0.00010983289129	4.06788486259e-06	0
0.000593911189938	0.00023593732203	0.000256276746343	0	3.25430789007e-05	0	3.25430789007e-05	2.84751940381e-05	5.28825032136e-05	4.47467334885e-05	0.00034577021332	0.00492620856859	0.000512553492686	7.32219275266e-05	0.000646793693151	0	1.22036545878e-05	0.00926257383211	0.00288006248271	0.0257171681013	0.000313227134419	0.00165562913907	8.54255821143e-05	0.00299803114373	0.000516621377549	0.000398652716534	0.0147216753177	0.00734660006183	0.000512553492686	0.00158647509641	0.00236750899003	1.22036545878e-05	4.06788486259e-06	0.000752558699579	0.012285012285	0	0.000386449061946	2.44073091755e-05	0	3.66109637633e-05	0	1.62715394503e-05	8.13576972517e-06	1.22036545878e-05	0.000130172315603	9.76292367021e-05	0.000146443855053	2.84751940381e-05	0	1.22036545878e-05	4.06788486259e-06	8.13576972517e-06	0.000301023479831	0.000170851164229	0.00151732105374	6.50861578014e-05	0.000117968661015	2.03394243129e-05	0.000549164456449	0.000203394243129	4.06788486259e-06	0.00106985371886	0.00144003124136	0.000117968661015	1.22036545878e-05	4.06788486259e-06	0	0	0	6.10182729388e-05	0.00204207820102	0.00203394243129	0.00576419285029	0.00141969181704	0.000105765006427	2.84751940381e-05	0	0.000968156597296	0.00106171794914	0.000528825032136	0.000231869437167	2.44073091755e-05	0.000101697121565	1.22036545878e-05
0	0	0	0	0.0104625998666	2.03394243129e-05	0.00238378052948	4.06788486259e-06	0.000622386383976	0.000878663130319	0.00335193712677	0.00290446979189	0.023475763542	0.000549164456449	0.00717981678247	0.00187122703679	4.06788486259e-06	0	0.0022292009047	0.000313227134419	0.0285890948143	0	0	1.22036545878e-05	0.0109670175895	0	0.00182241241844	1.62715394503e-05	0.00105765006427	0.00884764957613	4.06788486259e-05	4.47467334885e-05	2.44073091755e-05	0.000113900776152	0.00543062629155	0	0	0	0	0.00113900776152	0	0.000166783279366	0	4.47467334885e-05	0.0018264803033	0.00144409912622	1.62715394503e-05	0.00231055860195	8.13576972517e-06	0.000162715394503	8.13576972517e-06	0	0	4.06788486259e-06	4.06788486259e-06	0.00192817742487	4.06788486259e-06	0	4.06788486259e-06	0.00184275184275	0	8.13576972517e-06	4.06788486259e-06	0.000516621377549	8.13576972517e-05	0	0	0	0	0.00010983289129	0.00173698683632	0.00010983289129	0.00233089802626	0.000374245407358	0.0030549815318	5.28825032136e-05	2.44073091755e-05	0.000113900776152	4.8814618351e-05	0.000317295019282	8.13576972517e-06	2.44073091755e-05	6.10182729388e-05	1.22036545878e-05
0.00306718518639	3.25430789007e-05	0.00105358217941	0	0	1.22036545878e-05	0.00105358217941	0.00517841743007	0.00365702849147	0.000642725808289	2.84751940381e-05	0.000223733667442	1.22036545878e-05	8.94934669769e-05	0.00333159770246	2.44073091755e-05	0.000622386383976	0.00459264200986	0.000187122703679	0.00165562913907	0	0.0567225865239	0.00523129993329	0.0322298517663	0.000894934669769	0	0.00113493987666	0.00237564475975	0.0115690645492	0.00618725287599	0.019302113673	8.13576972517e-06	0	0.00174105472119	0.0120287355387	0	4.47467334885e-05	1.62715394503e-05	0	2.84751940381e-05	0	1.22036545878e-05	8.13576972517e-06	0	0.000496281953236	5.28825032136e-05	2.84751940381e-05	4.06788486259e-06	0	2.84751940381e-05	1.62715394503e-05	0.00131799469548	5.28825032136e-05	8.13576972517e-06	8.94934669769e-05	4.47467334885e-05	0.000557300226174	0.00474722163464	0.000480010413785	0.00265632881527	0	8.13576972517e-05	0.000414924255984	0.00312413557447	1.62715394503e-05	0	0	0	0	4.06788486259e-05	0.00354719560018	0.000337634443595	0.0076760987357	0.00427941487544	0.00222106513497	0.00147257432026	0	0.00171664741201	0.000695608311502	0.000154579624778	6.10182729388e-05	9.35613518395e-05	0	4.06788486259e-06
0	0.00505231299933	0.000122036545878	0	0	2.84751940381e-05	2.03394243129e-05	4.47467334885e-05	3.66109637633e-05	0.00576419285029	0	1.22036545878e-05	0	0.000528825032136	2.84751940381e-05	4.06788486259e-05	0.00971817693672	8.13576972517e-05	8.13576972517e-06	8.54255821143e-05	0	0.00523129993329	0.0399262899263	0.0142579364434	0.00593504401451	0.000768830239029	0.000288819825244	0.0169874871862	0.00443806238508	7.32219275266e-05	8.94934669769e-05	0	4.06788486259e-06	8.94934669769e-05	0.000264412516068	0	0.00102103910051	1.62715394503e-05	0	8.13576972517e-06	0	1.62715394503e-05	6.50861578014e-05	4.06788486259e-06	0.00312413557447	3.25430789007e-05	4.47467334885e-05	2.03394243129e-05	6.10182729388e-05	3.25430789007e-05	2.03394243129e-05	0.0128951950144	1.62715394503e-05	2.03394243129e-05	0.000113900776152	2.44073091755e-05	0.000931545633532	0.0209089281937	0.00443806238508	0.00464959239794	5.69503880762e-05	2.84751940381e-05	0.00609369152416	0.0032949867387	1.22036545878e-05	5.28825032136e-05	0	0	0	3.25430789007e-05	0.000829848511968	0.000138308085328	0.00010983289129	0.000134240200465	7.32219275266e-05	1.62715394503e-05	0	0.00307125307125	0.000988496021609	9.35613518395e-05	4.47467334885e-05	8.13576972517e-05	1.62715394503e-05	4.06788486259e-06
0.0029248092162	0.000207462127992	0.0124070488309	0	0	2.03394243129e-05	0.00123256911336	0.00495875164749	0.00432009372407	0.000134240200465	2.44073091755e-05	0.000903070439494	2.44073091755e-05	0.000101697121565	0.00363262118229	2.84751940381e-05	0.00444213026994	0.014534552614	0.000695608311502	0.00299803114373	1.22036545878e-05	0.0322298517663	0.0142579364434	0.0990367248645	0.000919341978945	1.62715394503e-05	0.00352685617586	0.0234066094993	0.00205834974047	0.0048814618351	0.0117887303318	1.22036545878e-05	4.06788486259e-05	0.00081764485738	0.0105642969881	0	0.000305091364694	6.50861578014e-05	0	2.03394243129e-05	0	1.22036545878e-05	3.25430789007e-05	8.13576972517e-06	0.000178986933954	3.66109637633e-05	0.000117968661015	8.13576972517e-06	0	4.06788486259e-06	2.44073091755e-05	0.0131026571424	0.000309159249557	5.69503880762e-05	0.00021966578258	2.84751940381e-05	0.00236344110516	0.017406479327	0.0117927982166	0.00201767089184	0	0.000158647509641	0.00240818783865	0.00157833932668	8.13576972517e-06	2.03394243129e-05	4.06788486259e-06	0	0	0.000142375970191	0.00719608832192	0.000720015620678	0.0138592837268	0.0137047041021	0.00360007810339	0.00168410433311	0	0.00215191109231	0.0005654359959	0.000528825032136	0.000317295019282	0.000122036545878	5.28825032136e-05	0
0.000459670989472	0.00270107554876	3.25430789007e-05	0	0.0159461086613	0.000301023479831	0.00244073091755	0.00313227134419	0.00266039670013	0.00955952942708	0.00206648551019	0.0026970076639	0.0083717070472	0.000260344631206	0.00451942008233	0.00326651154466	0.00449501277316	0.000105765006427	0.00209496070423	0.000516621377549	0.0109670175895	0.000894934669769	0.00593504401451	0.000919341978945	0.0699066013636	0.00107798948859	0.00266039670013	0.00366923214605	0.0344631205558	0.0148437118636	0.00626454268838	5.28825032136e-05	3.66109637633e-05	0.0126023073043	0.0148884585971	8.13576972517e-06	0.000512553492686	8.13576972517e-06	0	0.00413703890525	0	0.000256276746343	0.000496281953236	9.76292367021e-05	0.0163203540687	0.00410856371121	8.94934669769e-05	0.00228615129277	7.72898123892e-05	0.000105765006427	0.000288819825244	0.000240005206893	3.25430789007e-05	0.00010983289129	0.000325430789007	0.00629301788242	0.000443399450022	0.0019891956978	0.000614250614251	0.0139975918122	5.28825032136e-05	0.000386449061946	0.00131799469548	0.00385228696487	2.44073091755e-05	0.000191190588542	0	0	0	0.000162715394503	0.0064150544283	0.000589843305075	0.0076435556568	0.00378720080707	0.00585368631726	0.000374245407358	4.06788486259e-06	0.00458043835527	0.000772898123892	0.000280684055518	8.13576972517e-05	0.000357973867908	1.22036545878e-05	4.06788486259e-06
4.06788486259e-06	0.00272141497307	0	0	0	0	0	1.22036545878e-05	0	0.00058170753535	0	0.00142782758677	4.06788486259e-06	0.00702523715769	4.06788486259e-06	0	4.06788486259e-06	0	0.000541028686724	0.000398652716534	0	0	0.000768830239029	1.62715394503e-05	0.00107798948859	0.0228655808126	0.00794864702149	0.0147054037783	0.000915274094082	0.000911206209219	8.13576972517e-06	4.47467334885e-05	0	0.000911206209219	0.00159461086613	0	0.00287192671299	0	0	2.44073091755e-05	0	0	0	0	0.000105765006427	4.06788486259e-06	0.00032949867387	4.06788486259e-06	0.00386855850432	0	4.06788486259e-06	2.03394243129e-05	0	0.00021966578258	0.00123256911336	0	4.06788486259e-06	0.000122036545878	2.03394243129e-05	0.00012610443074	0.002457002457	0.00427941487544	0.00839204647152	4.06788486259e-06	0	0	9.35613518395e-05	0	0	1.22036545878e-05	3.25430789007e-05	0.000272548285793	0.00158647509641	6.10182729388e-05	0	0	0.000353905983045	0.000101697121565	0.000349838098182	4.06788486259e-05	1.22036545878e-05	4.06788486259e-06	0	0.00025220886148
0.000528825032136	0.00117561872529	0.00799746163985	0	0.00070781196609	4.47467334885e-05	0.000138308085328	8.13576972517e-05	0.000105765006427	0.000317295019282	0.00161901817531	0.0168857900646	0.00256276746343	0.00558927380119	0.00116748295556	1.22036545878e-05	2.44073091755e-05	0.0127243438502	0.0174837691394	0.0147216753177	0.00182241241844	0.00113493987666	0.000288819825244	0.00352685617586	0.00266039670013	0.00794864702149	0.0853116813382	0.0273117789674	0.00190377011569	0.00501976992043	0.00128951950144	0.00318922173227	1.62715394503e-05	0.00290853767675	0.0173658004784	0	0.00206241762533	7.72898123892e-05	0	0.000451535219747	0	8.13576972517e-06	1.22036545878e-05	4.06788486259e-06	0.00104544640968	0.00144003124136	0.00135460565924	8.94934669769e-05	0.00240818783865	4.47467334885e-05	4.06788486259e-06	2.44073091755e-05	0.0017288510666	0.00245293457214	0.00653709097418	0.00118375449501	0.000166783279366	0.000166783279366	0.00122036545878	0.00269293977903	0.000484078298648	0.0103731063996	0.0120287355387	0.000585775420213	4.06788486259e-05	8.13576972517e-06	0.000187122703679	8.13576972517e-06	0	0.000418992140846	0.00555266283743	0.00546723725532	0.00850594724767	0.00117968661015	3.25430789007e-05	4.47467334885e-05	1.22036545878e-05	0.00307532095612	0.00564215630441	0.00201767089184	0.000439331565159	0.000130172315603	4.06788486259e-05	3.25430789007e-05
0.000968156597296	0.0173373252843	0.0119066989928	0	8.13576972517e-06	3.66109637633e-05	0.000138308085328	0.000394584831671	0.000858323706006	0.00239598418406	1.22036545878e-05	0.00165969702394	2.84751940381e-05	0.00599606228745	0.00100476756106	0.000166783279366	0.00325837577493	0.0121548399694	0.000386449061946	0.00734660006183	1.62715394503e-05	0.00237564475975	0.0169874871862	0.0234066094993	0.00366923214605	0.0147054037783	0.0273117789674	0.1135387344	0.00117968661015	0.00196885627349	0.00249768130563	0.000626454268838	1.62715394503e-05	0.00108205737345	0.00647200481638	0	0.0102022552354	0.000105765006427	0	3.25430789007e-05	0	2.03394243129e-05	4.06788486259e-06	1.22036545878e-05	0.000715947735815	0.000101697121565	0.000162715394503	2.03394243129e-05	0.00335600501163	8.13576972517e-06	1.22036545878e-05	0.00782254259075	0.000492214068373	0.000480010413785	0.00198512781294	4.06788486259e-05	0.000264412516068	0.010153440617	0.00403534178369	0.0010006996762	0.001391216623	0.00771677758433	0.0330922433571	0.000211530012855	4.06788486259e-06	4.06788486259e-06	0.000248140976618	0	0	7.32219275266e-05	0.00580487169891	0.00115527930097	0.00442992661536	0.00333566558732	0.000349838098182	4.8814618351e-05	6.50861578014e-05	0.00342109116944	0.0017613941455	0.00116748295556	0.000492214068373	6.50861578014e-05	0.000150511739916	5.28825032136e-05
0.000911206209219	2.03394243129e-05	3.25430789007e-05	0	0.00576826073515	0.000101697121565	0.00322990058089	0.0160600094375	0.00474722163464	0.00215597897717	0.00280684055518	0.00206648551019	0.00070781196609	0.000105765006427	0.00504010934475	0.000475942528923	0.00148071008998	0.000231869437167	0.00143189547163	0.000512553492686	0.00105765006427	0.0115690645492	0.00443806238508	0.00205834974047	0.0344631205558	0.000915274094082	0.00190377011569	0.00117968661015	0.072025969377	0.0181264949477	0.0155311844054	3.25430789007e-05	1.62715394503e-05	0.0165684950453	0.0179719153229	0	2.44073091755e-05	1.62715394503e-05	0	0.00325430789007	0	8.13576972517e-05	0.000203394243129	3.66109637633e-05	0.0104219210179	0.00227394763819	0.00010983289129	0.000500349838098	2.03394243129e-05	7.72898123892e-05	0.000170851164229	0.000720015620678	1.62715394503e-05	0.000105765006427	0.000264412516068	0.00413297102039	0.000418992140846	0.00359601021853	0.000606114844525	0.00973851636103	8.13576972517e-06	0.000357973867908	0.00105358217941	0.00478790048326	2.84751940381e-05	7.32219275266e-05	0	4.06788486259e-06	0	0.000191190588542	0.00498315895667	0.000561368111037	0.00995004637389	0.00618725287599	0.00277836536115	0.000752558699579	0	0.00414924255984	0.00121629757391	0.00025220886148	5.28825032136e-05	0.000301023479831	4.06788486259e-06	8.13576972517e-06
0.0128829913598	1.22036545878e-05	0.000280684055518	0	0.00107798948859	7.32219275266e-05	0.0057845322746	0.00475942528923	0.00754185853524	0.00012610443074	0.0069804904242	0.00726117447972	0.0133711375433	0.00246513822673	0.0332386872122	0.000256276746343	3.25430789007e-05	0.0022617439836	0.00441365507591	0.00158647509641	0.00884764957613	0.00618725287599	7.32219275266e-05	0.0048814618351	0.0148437118636	0.000911206209219	0.00501976992043	0.00196885627349	0.0181264949477	0.0754348568918	0.029484029484	0.00012610443074	0.00163528971476	0.0241917112778	0.0365133345266	0	1.62715394503e-05	8.13576972517e-06	0	0.000321362904144	0	0.000199326358267	1.62715394503e-05	0.000130172315603	0.00131799469548	0.00181020876385	0.000378313292221	0.000248140976618	9.76292367021e-05	0.000406788486259	3.25430789007e-05	5.69503880762e-05	4.8814618351e-05	0.00010983289129	0.000317295019282	0.00175732626064	4.47467334885e-05	7.32219275266e-05	9.35613518395e-05	0.00420619294791	8.13576972517e-06	0.000593911189938	0.000573571765625	0.000341702328457	0.000264412516068	0	2.03394243129e-05	2.44073091755e-05	0	0.0018264803033	0.00786322143938	0.0018915664611	0.0173820720178	0.00549978033422	0.00112273622207	0.0010332427551	0.00034577021332	0.00185088761248	0.00145223489594	0.00205834974047	0.000150511739916	0.000752558699579	0.000113900776152	0.000183054818816
0.0125331532616	2.84751940381e-05	0.000919341978945	0	4.06788486259e-06	4.8814618351e-05	0.00158647509641	0.00669573848382	0.00733032852238	0.000142375970191	0.000187122703679	0.000231869437167	7.32219275266e-05	0.000162715394503	0.014091153164	0.000203394243129	6.10182729388e-05	0.00523943570301	0.000223733667442	0.00236750899003	4.06788486259e-05	0.019302113673	8.94934669769e-05	0.0117887303318	0.00626454268838	8.13576972517e-06	0.00128951950144	0.00249768130563	0.0155311844054	0.029484029484	0.0521462160535	0	4.06788486259e-06	0.0127040044259	0.0191516019331	0	2.44073091755e-05	0	0	0	0	4.06788486259e-06	0	4.06788486259e-06	0.000296955594969	4.06788486259e-06	1.22036545878e-05	0	8.13576972517e-06	8.13576972517e-06	4.06788486259e-06	1.22036545878e-05	5.69503880762e-05	1.22036545878e-05	8.54255821143e-05	4.06788486259e-06	8.13576972517e-05	3.66109637633e-05	0.000101697121565	0.000406788486259	0	0.000146443855053	0.000150511739916	1.62715394503e-05	0	0	0	0	0	0.000113900776152	0.00184275184275	0.000602046959663	0.00984834925232	0.00370584310982	0.00110646468262	0.000776966008754	0	0.000459670989472	0.000146443855053	0.000382381177083	8.13576972517e-05	0.000101697121565	0	0
0	0	0	0	2.44073091755e-05	0	0	0	0	4.06788486259e-06	0.00010983289129	0.00138308085328	9.35613518395e-05	0.00408008851717	1.22036545878e-05	0	0	8.13576972517e-06	2.03394243129e-05	1.22036545878e-05	4.47467334885e-05	8.13576972517e-06	0	1.22036545878e-05	5.28825032136e-05	4.47467334885e-05	0.00318922173227	0.000626454268838	3.25430789007e-05	0.00012610443074	0	0.0053492685943	0	7.72898123892e-05	0.000394584831671	0	0	0	0	8.13576972517e-06	0	0	0	8.13576972517e-06	3.25430789007e-05	8.13576972517e-06	0.000158647509641	0	0.000842052166555	4.06788486259e-06	0	0	0	0.000170851164229	6.50861578014e-05	4.06788486259e-06	0	0	0	7.32219275266e-05	8.13576972517e-06	0.000821712742243	0.000325430789007	2.84751940381e-05	5.28825032136e-05	0	0.000309159249557	0	0	6.10182729388e-05	0.000264412516068	0.000427127910572	0.000451535219747	1.22036545878e-05	0	0	0	5.28825032136e-05	0.00120002603446	1.22036545878e-05	0	1.22036545878e-05	0	6.50861578014e-05
0	0	4.06788486259e-06	0	2.03394243129e-05	0.00120816180419	0.00171257952715	0	0.00080137331793	4.06788486259e-06	1.62715394503e-05	5.28825032136e-05	6.50861578014e-05	0.000146443855053	0.00120409391933	0.000117968661015	0	1.22036545878e-05	8.13576972517e-06	4.06788486259e-06	2.44073091755e-05	0	4.06788486259e-06	4.06788486259e-05	3.66109637633e-05	0	1.62715394503e-05	1.62715394503e-05	1.62715394503e-05	0.00163528971476	4.06788486259e-06	0	0.00477976471354	3.66109637633e-05	0.00257903900288	0	0	0	0	8.13576972517e-06	0	0	0	0	8.13576972517e-06	4.06788486259e-06	0	0	0	8.13576972517e-06	0	4.06788486259e-06	0	0	0	8.13576972517e-06	0	4.06788486259e-06	0	8.13576972517e-06	0	4.06788486259e-06	4.06788486259e-06	4.06788486259e-06	4.06788486259e-06	0	0	0	0	8.13576972517e-06	0.000829848511968	4.8814618351e-05	0.000703744081228	0.000134240200465	0.000142375970191	0.00047187464406	4.8814618351e-05	0	0	0	0	0	0	0
0.00108205737345	1.22036545878e-05	8.13576972517e-06	0	0.000654929462876	8.54255821143e-05	0.00106171794914	0.0040231381291	0.00177359780009	0.000398652716534	0.00351872040614	0.00253429226939	0.000646793693151	0.000378313292221	0.00425907545113	0.000280684055518	5.28825032136e-05	5.69503880762e-05	0.00237971264461	0.000752558699579	0.000113900776152	0.00174105472119	8.94934669769e-05	0.00081764485738	0.0126023073043	0.000911206209219	0.00290853767675	0.00108205737345	0.0165684950453	0.0241917112778	0.0127040044259	7.72898123892e-05	3.66109637633e-05	0.0300738727891	0.0203801031616	0	1.62715394503e-05	8.13576972517e-06	0	0.000166783279366	0	2.84751940381e-05	2.03394243129e-05	1.22036545878e-05	0.00141969181704	0.000134240200465	0.000496281953236	4.06788486259e-06	3.25430789007e-05	8.13576972517e-05	2.44073091755e-05	7.72898123892e-05	8.13576972517e-06	9.35613518395e-05	0.000215597897717	0.00010983289129	7.72898123892e-05	8.94934669769e-05	0.000150511739916	0.00180207299413	8.13576972517e-06	0.000370177522495	0.000585775420213	0.000435263680297	6.50861578014e-05	0	4.06788486259e-06	2.03394243129e-05	0	0.000976292367021	0.00454789527637	0.000850187936281	0.0103202238964	0.00477162894381	0.00128951950144	0.000536960801861	4.06788486259e-06	0.00130172315603	0.000996631791334	0.00117155084043	9.35613518395e-05	0.000626454268838	3.25430789007e-05	2.03394243129e-05
