0.0352348238933	9.44151208064e-05	0.000292237278686	0	0.001043062287	4.49595813364e-05	0.00208162861587	0.0207713265774	0.0127010817275	0.00064292201311	0.00467579645898	0.00107003803581	0.000854232045391	0.000116894911475	0.0159876271232	0.000206814074147	0.00019782215788	0.000287741320553	7.64312882718e-05	0.000476571562166	0.00173993579772	0.000283245362419	0.000355180692557	0.000606954348041	0.00234689014576	2.69757488018e-05	0.000773304798986	0.000413628148295	0.00742732283677	0.0153492010682	0.00866820728165	2.24797906682e-05	5.84474557373e-05	0.00383055632986	0.00746778645997	7.64312882718e-05	3.14717069355e-05	2.24797906682e-05	0	0.000157358534677	4.49595813364e-06	0.000130382785875	0.000130382785875	0.000143870660276	0.00084074417099	0.000134878744009	4.49595813364e-06	4.04636232027e-05	1.34878744009e-05	8.54232045391e-05	8.99191626728e-06	0.000130382785875	0	4.49595813364e-06	8.99191626728e-06	0.000134878744009	4.04636232027e-05	0.000301229194954	4.945553947e-05	0.00122290061235	4.49595813364e-06	4.04636232027e-05	4.49595813364e-05	0.000404636232027	0.000152862576544	3.59676650691e-05	0	0	6.29434138709e-05	9.891107894e-05	0.00120491677981	0.000382156441359	0.0049860175702	0.000858728003525	0.000166350450945	2.69757488018e-05	1.34878744009e-05	0.000112398953341	3.59676650691e-05	0.000125886827742	7.19353301382e-05	2.69757488018e-05	2.24797906682e-05	1.34878744009e-05
9.44151208064e-05	0.0234599095413	0.00353382309304	0	0	0	2.24797906682e-05	0.000125886827742	2.69757488018e-05	0.00150614597477	2.24797906682e-05	0.000170846409078	4.945553947e-05	0.000188830241613	5.84474557373e-05	5.39514976037e-05	0.000728345217649	0.000921671417396	2.24797906682e-05	0.000485563478433	0	0.000193326199746	0.00488261053313	0.000993606747534	0.00146118639343	0.000750825008318	0.00559297191825	0.0159201877512	0.000301229194954	0.000139374702143	0.000323708985622	3.14717069355e-05	0	8.54232045391e-05	0.000629434138709	3.59676650691e-05	0.0116849951893	0.00175342367212	0	1.34878744009e-05	0	0	6.29434138709e-05	8.99191626728e-06	0.000121390869608	4.49595813364e-06	0.000229293864816	4.49595813364e-06	0.000287741320553	8.99191626728e-06	8.99191626728e-06	0.000134878744009	0.000674393720046	0.000184334283479	0.000503547310967	4.49595813364e-06	0.000116894911475	0.00064292201311	0.000517035185368	0.000112398953341	0.00102058249634	0.00367769375332	0.00808822868241	0.000121390869608	2.69757488018e-05	6.74393720046e-05	2.69757488018e-05	0	0	0.000472075604032	0.000804776505921	0.000359676650691	0.000624938180576	0.000121390869608	4.49595813364e-05	8.99191626728e-06	2.69757488018e-05	0.000377660483226	0.000773304798986	0.000319213027488	8.99191626728e-05	0	4.49595813364e-06	1.34878744009e-05
0.000292237278686	0.00353382309304	0.036570123459	0	4.49595813364e-06	8.99191626728e-06	3.14717069355e-05	0.000732841175783	0.000166350450945	0.000121390869608	4.49595813364e-05	0.000260765571751	1.79838325346e-05	1.79838325346e-05	0.000220301948548	9.891107894e-05	0.00044509985523	0.00601559198281	2.69757488018e-05	0.000822760338456	2.69757488018e-05	0.00154211363984	0.00163652876064	0.0124717878627	0.000436107938963	1.79838325346e-05	0.00829054679843	0.0160730503278	0.00132181169129	0.000418124106428	0.00171296004892	4.49595813364e-06	4.49595813364e-06	0.000220301948548	0.00261664763378	1.34878744009e-05	0.00365970992078	0.000993606747534	0	4.49595813364e-06	0	4.49595813364e-06	8.09272464055e-05	2.24797906682e-05	6.74393720046e-05	0	8.54232045391e-05	0	3.14717069355e-05	1.79838325346e-05	4.49595813364e-06	0.000251773655484	0.0004945553947	4.49595813364e-05	0.000220301948548	0	0.00019782215788	0.00168148834198	0.000957639082465	8.54232045391e-05	6.74393720046e-05	0.00120042082168	0.0039834189064	0.000152862576544	4.04636232027e-05	0.000121390869608	4.49595813364e-06	4.49595813364e-06	0	0.000377660483226	0.00628085351269	0.00150614597477	0.00374962908345	0.000966630998732	9.44151208064e-05	1.34878744009e-05	4.04636232027e-05	0.00034618877629	0.000597962431774	0.000301229194954	0.000161854492811	4.49595813364e-06	1.34878744009e-05	8.99191626728e-06
0	0	0	0	0	0	0	0	0	0	0	0	0	0	0	0	0	0	0	0	0	0	0	0	0	0	0	0	0	0	0	0	0	0	0	0	0	0	0	0	0	0	0	0	0	0	0	0	0	0	0	0	0	0	0	0	0	0	0	0	0	0	0	0	0	0	0	0	0	0	0	0	0	0	0	0	0	0	0	0	0	0	0	0
0.001043062287	0	4.49595813364e-06	0	0.0163428078158	1.34878744009e-05	0.0010295744126	0.00352932713491	0.00103407037074	0.000152862576544	0.00190179029053	0.000220301948548	0.00274703041965	3.14717069355e-05	0.000912679501128	9.891107894e-05	4.49595813364e-06	4.49595813364e-06	1.34878744009e-05	2.69757488018e-05	0.0069372634002	1.34878744009e-05	0	2.24797906682e-05	0.00674393720046	4.49595813364e-06	7.64312882718e-05	1.34878744009e-05	0.00720702088822	0.000822760338456	4.04636232027e-05	4.49595813364e-06	2.69757488018e-05	0.000283245362419	0.00129933190062	4.49595813364e-06	4.49595813364e-06	0	0	0.00131281977502	0	6.29434138709e-05	4.49595813364e-06	4.04636232027e-05	0.000188830241613	0.000170846409078	8.99191626728e-06	0.000418124106428	4.49595813364e-06	2.69757488018e-05	2.24797906682e-05	4.49595813364e-06	0	0	0	0.000804776505921	4.49595813364e-06	4.49595813364e-06	4.49595813364e-06	0.000373164525092	0	0	8.99191626728e-06	0.000422620064562	2.24797906682e-05	0	0	0	0	1.34878744009e-05	0.000152862576544	4.49595813364e-05	0.000998102705668	0.000211310032281	7.19353301382e-05	4.49595813364e-06	8.99191626728e-06	1.79838325346e-05	4.49595813364e-06	1.79838325346e-05	4.49595813364e-06	1.79838325346e-05	8.99191626728e-06	0
4.49595813364e-05	0	8.99191626728e-06	0	1.34878744009e-05	0.0054266214673	0.00275152637779	0.000103407037074	0.00126336423555	1.34878744009e-05	5.84474557373e-05	8.54232045391e-05	4.49595813364e-05	4.49595813364e-06	0.000274253446152	0.00123638848675	8.99191626728e-06	0	0	0	3.59676650691e-05	4.49595813364e-06	4.49595813364e-06	1.34878744009e-05	2.24797906682e-05	0	1.79838325346e-05	4.49595813364e-06	6.29434138709e-05	0.00044509985523	1.79838325346e-05	0	0.00202767711827	1.79838325346e-05	0.000786792673387	4.49595813364e-06	0	0	0	0	0	4.49595813364e-06	4.49595813364e-06	8.99191626728e-06	1.34878744009e-05	4.49595813364e-06	0	0	4.49595813364e-06	4.49595813364e-06	0	0	0	0	0	0	4.49595813364e-06	4.49595813364e-06	0	1.34878744009e-05	4.49595813364e-06	4.49595813364e-06	0	8.99191626728e-06	8.99191626728e-06	0	0	0	0	4.49595813364e-06	0.000103407037074	8.99191626728e-06	0.000377660483226	5.39514976037e-05	0.00142521872836	0.000737337133917	0	4.49595813364e-06	4.49595813364e-06	0	0	0	0	0
0.00208162861587	2.24797906682e-05	3.14717069355e-05	0	0.0010295744126	0.00275152637779	0.0423159579538	0.00657758674951	0.018469396013	0.000391148357626	0.0137396480564	0.000553002850437	0.011001609553	5.84474557373e-05	0.00531871847209	0.00334948880956	1.34878744009e-05	3.59676650691e-05	8.99191626728e-06	9.44151208064e-05	0.00510291248168	4.04636232027e-05	5.39514976037e-05	8.99191626728e-05	0.00108352591021	2.24797906682e-05	0.000193326199746	7.64312882718e-05	0.0038890037856	0.00327755347942	0.000202318116014	1.34878744009e-05	0.00143870660276	0.000323708985622	0.00319213027488	1.79838325346e-05	8.99191626728e-06	0	0	9.44151208064e-05	4.49595813364e-06	3.59676650691e-05	4.49595813364e-06	3.59676650691e-05	0.00024727769735	5.84474557373e-05	0	2.24797906682e-05	1.79838325346e-05	3.59676650691e-05	0	1.34878744009e-05	0	0	0	6.29434138709e-05	4.49595813364e-06	8.99191626728e-06	4.49595813364e-06	0.000400140273894	2.69757488018e-05	1.34878744009e-05	1.79838325346e-05	8.99191626728e-05	5.39514976037e-05	4.49595813364e-06	0	4.49595813364e-06	2.24797906682e-05	3.59676650691e-05	0.000597962431774	9.891107894e-05	0.00191527816493	0.000355180692557	0.00135777935636	0.000454091771497	1.79838325346e-05	2.69757488018e-05	1.34878744009e-05	4.04636232027e-05	1.79838325346e-05	4.49595813364e-06	8.99191626728e-06	4.49595813364e-06
0.0207713265774	0.000125886827742	0.000732841175783	0	0.00352932713491	0.000103407037074	0.00657758674951	0.0639684923254	0.0144455134834	0.00126786019369	0.0158752281699	0.00173094388145	0.00231991439696	0.000166350450945	0.0122964454955	0.000584474557373	0.000125886827742	0.000678889678179	0.000112398953341	0.000804776505921	0.00418124106428	0.0010025986638	0.00024727769735	0.00183884687666	0.00603807177348	4.49595813364e-05	0.00139824297956	0.000872215877926	0.0260630693007	0.0109071944322	0.0139824297956	3.14717069355e-05	0.000130382785875	0.00520182356062	0.0121570707934	8.99191626728e-05	0.000116894911475	2.24797906682e-05	0	0.00084074417099	8.99191626728e-06	0.000238285781083	0.00024727769735	0.000260765571751	0.00208162861587	0.000431611980829	6.74393720046e-05	0.000157358534677	2.69757488018e-05	0.000188830241613	4.04636232027e-05	0.000103407037074	8.99191626728e-06	3.59676650691e-05	2.69757488018e-05	0.000687881594447	4.04636232027e-05	0.000242781739216	8.54232045391e-05	0.00335398476769	2.69757488018e-05	7.64312882718e-05	0.000130382785875	0.00101159058007	0.000242781739216	5.84474557373e-05	0	3.14717069355e-05	9.891107894e-05	0.000260765571751	0.00249076080604	0.000503547310967	0.00950445549451	0.00210860436468	0.000553002850437	4.49595813364e-05	4.04636232027e-05	0.000211310032281	0.000107902995207	0.000373164525092	0.000143870660276	4.49595813364e-05	5.39514976037e-05	1.34878744009e-05
0.0127010817275	2.69757488018e-05	0.000166350450945	0	0.00103407037074	0.00126336423555	0.018469396013	0.0144455134834	0.0451574034943	0.000278749404286	0.0112803589573	0.000993606747534	0.00287291724739	9.891107894e-05	0.0205645125033	0.000570986682972	5.39514976037e-05	0.000139374702143	2.69757488018e-05	0.000184334283479	0.00276951021032	0.000179838325346	8.09272464055e-05	0.000400140273894	0.00136677127263	2.24797906682e-05	0.000422620064562	0.000211310032281	0.00537716592783	0.00682036848873	0.00214906798788	1.79838325346e-05	0.00135777935636	0.000764312882718	0.00513438418861	2.69757488018e-05	1.79838325346e-05	4.49595813364e-06	0	0.000202318116014	4.49595813364e-06	9.44151208064e-05	7.64312882718e-05	0.000103407037074	0.000526027101636	0.000121390869608	0	3.59676650691e-05	1.79838325346e-05	5.39514976037e-05	8.99191626728e-06	2.69757488018e-05	0	0	4.49595813364e-06	0.00014836661841	8.99191626728e-06	6.74393720046e-05	1.79838325346e-05	0.000863223961658	1.79838325346e-05	1.34878744009e-05	1.34878744009e-05	0.000260765571751	7.64312882718e-05	4.49595813364e-06	0	1.34878744009e-05	2.69757488018e-05	7.19353301382e-05	0.00107902995207	0.000206814074147	0.00319662623302	0.0004945553947	0.000373164525092	0.00024727769735	4.04636232027e-05	5.39514976037e-05	2.24797906682e-05	0.000103407037074	4.945553947e-05	8.99191626728e-06	2.24797906682e-05	4.49595813364e-06
0.00064292201311	0.00150614597477	0.000121390869608	0	0.000152862576544	1.34878744009e-05	0.000391148357626	0.00126786019369	0.000278749404286	0.0161764573648	0.000130382785875	5.39514976037e-05	0.00184783879293	8.99191626728e-06	0.000274253446152	0.00147467426783	0.000215805990415	7.19353301382e-05	4.49595813364e-06	6.29434138709e-05	7.19353301382e-05	0.000107902995207	0.00373614120905	0.000224797906682	0.00873115069552	4.49595813364e-05	0.000440603897097	0.00093965524993	0.0024727769735	0.00116445315661	0.00122739657048	8.99191626728e-06	0	0.000993606747534	0.0014432025609	0.000139374702143	0.00024727769735	4.04636232027e-05	0	0.000359676650691	8.99191626728e-06	0.000107902995207	0.000233789822949	0.000152862576544	0.00343940797223	0.000125886827742	4.945553947e-05	4.04636232027e-05	2.69757488018e-05	0.00014836661841	3.59676650691e-05	0.000431611980829	2.24797906682e-05	4.49595813364e-06	1.79838325346e-05	0.000211310032281	6.29434138709e-05	0.000638426054977	0.000143870660276	0.00210860436468	5.84474557373e-05	8.99191626728e-05	0.000193326199746	0.000674393720046	0.000292237278686	0.000107902995207	0	4.49595813364e-06	0.000143870660276	0.000202318116014	0.000845240129124	0.000130382785875	0.00111050165901	0.00039564431576	0.00115096528221	8.99191626728e-06	0	0.000170846409078	7.19353301382e-05	0.000242781739216	0.000130382785875	6.74393720046e-05	2.69757488018e-05	1.34878744009e-05
0.00467579645898	2.24797906682e-05	4.49595813364e-05	0	0.00190179029053	5.84474557373e-05	0.0137396480564	0.0158752281699	0.0112803589573	0.000130382785875	0.0395104800784	0.000737337133917	0.00441503088723	5.84474557373e-05	0.00433859959896	0.000125886827742	8.99191626728e-06	5.39514976037e-05	1.79838325346e-05	0.000157358534677	0.00657309079138	6.74393720046e-05	1.79838325346e-05	0.000112398953341	0.000984614831267	2.24797906682e-05	0.00024727769735	7.19353301382e-05	0.0121660627096	0.00313817877728	0.000220301948548	4.49595813364e-06	8.09272464055e-05	0.000876711836059	0.00424418447815	4.49595813364e-06	2.69757488018e-05	8.99191626728e-06	0	0.000112398953341	0	2.24797906682e-05	8.99191626728e-06	1.79838325346e-05	0.000175342367212	6.74393720046e-05	4.49595813364e-06	8.99191626728e-06	8.99191626728e-06	2.24797906682e-05	0	0	0	4.49595813364e-06	0	0.000107902995207	0	1.79838325346e-05	4.49595813364e-06	0.00034618877629	1.79838325346e-05	8.99191626728e-06	1.79838325346e-05	8.54232045391e-05	3.14717069355e-05	0	0	4.49595813364e-06	2.24797906682e-05	2.24797906682e-05	0.000440603897097	0.000112398953341	0.0030212838658	0.000463083687765	0.000152862576544	1.34878744009e-05	8.99191626728e-06	2.24797906682e-05	1.79838325346e-05	3.14717069355e-05	8.99191626728e-06	0	4.49595813364e-06	4.49595813364e-06
0.00107003803581	0.000170846409078	0.000260765571751	0	0.000220301948548	8.54232045391e-05	0.000553002850437	0.00173094388145	0.000993606747534	5.39514976037e-05	0.000737337133917	0.0293541106545	0.000413628148295	0.00588520919693	0.00181187112786	2.24797906682e-05	6.74393720046e-05	0.000885703752327	0.00201418924387	0.004945553947	0.000647417971244	0.000422620064562	5.39514976037e-05	0.000615946264308	0.000341692818156	0.00176691154652	0.00763863286905	0.00150165001664	0.00108802186834	0.00362823821385	0.000854232045391	0.00108802186834	0.000188830241613	0.000629434138709	0.0124538040302	0	0.00019782215788	1.79838325346e-05	0	1.34878744009e-05	0	2.24797906682e-05	3.14717069355e-05	5.39514976037e-05	8.99191626728e-05	8.99191626728e-06	0.00093965524993	8.99191626728e-06	0.00135777935636	4.945553947e-05	0	8.99191626728e-06	4.49595813364e-06	0.000175342367212	3.14717069355e-05	2.24797906682e-05	8.99191626728e-06	4.04636232027e-05	1.79838325346e-05	0.000161854492811	0.00162753684438	0.000328204943756	0.000292237278686	5.39514976037e-05	2.69757488018e-05	8.99191626728e-06	6.74393720046e-05	8.99191626728e-06	0	0.00014836661841	0.00138025914703	0.00382156441359	0.00829054679843	0.000454091771497	3.14717069355e-05	1.79838325346e-05	0.000710361385115	7.19353301382e-05	0.000323708985622	0.000175342367212	3.59676650691e-05	4.49595813364e-06	0	0.000238285781083
0.000854232045391	4.945553947e-05	1.79838325346e-05	0	0.00274703041965	4.49595813364e-05	0.011001609553	0.00231991439696	0.00287291724739	0.00184783879293	0.00441503088723	0.000413628148295	0.0287786280134	4.04636232027e-05	0.00236936993643	0.00229743460629	8.99191626728e-06	1.79838325346e-05	1.34878744009e-05	8.54232045391e-05	0.0133799714057	3.59676650691e-05	0.000107902995207	2.24797906682e-05	0.00204566095081	1.79838325346e-05	0.000112398953341	4.04636232027e-05	0.00200070136947	0.0019242700812	0.000134878744009	4.49595813364e-06	5.39514976037e-05	0.000139374702143	0.00200969328574	8.99191626728e-06	4.49595813364e-06	0	0	6.74393720046e-05	0	2.24797906682e-05	1.79838325346e-05	2.24797906682e-05	0.000188830241613	3.59676650691e-05	0	0.000422620064562	1.34878744009e-05	1.79838325346e-05	8.99191626728e-06	2.24797906682e-05	0	0	0	0.000260765571751	4.49595813364e-06	2.69757488018e-05	0	0.000193326199746	1.79838325346e-05	8.99191626728e-06	1.34878744009e-05	9.891107894e-05	1.34878744009e-05	1.34878744009e-05	0	4.49595813364e-06	0	1.34878744009e-05	0.00014836661841	7.19353301382e-05	0.00123189252862	0.00019782215788	0.00119142890541	8.99191626728e-06	2.69757488018e-05	0	0	1.79838325346e-05	4.49595813364e-06	1.79838325346e-05	4.49595813364e-06	4.49595813364e-06
0.000116894911475	0.000188830241613	1.79838325346e-05	0	3.14717069355e-05	4.49595813364e-06	5.84474557373e-05	0.000166350450945	9.891107894e-05	8.99191626728e-06	5.84474557373e-05	0.00588520919693	4.04636232027e-05	0.0142881549487	0.000184334283479	0	4.49595813364e-06	3.59676650691e-05	7.19353301382e-05	0.000251773655484	8.09272464055e-05	1.79838325346e-05	3.14717069355e-05	1.79838325346e-05	1.79838325346e-05	0.00370466950212	0.0059076889876	0.00454990963124	9.891107894e-05	0.000404636232027	5.39514976037e-05	0.00164552067691	3.14717069355e-05	4.49595813364e-05	0.00125886827742	0	0.000229293864816	0	0	0	0	2.24797906682e-05	1.34878744009e-05	3.14717069355e-05	8.99191626728e-06	1.79838325346e-05	0.0015376176817	1.79838325346e-05	0.0023918497271	5.39514976037e-05	0	8.99191626728e-06	8.99191626728e-06	0.000328204943756	3.59676650691e-05	8.99191626728e-06	0	1.79838325346e-05	0	4.04636232027e-05	0.00263463146631	0.000800280547788	0.000427116022696	1.34878744009e-05	4.04636232027e-05	4.49595813364e-06	0.000143870660276	1.34878744009e-05	0	0.000179838325346	0.000229293864816	0.0019917094532	0.00121390869608	5.84474557373e-05	4.49595813364e-06	0	0.000269757488018	1.79838325346e-05	0.000359676650691	0.000184334283479	4.49595813364e-06	4.49595813364e-06	0	0.000233789822949
0.0159876271232	5.84474557373e-05	0.000220301948548	0	0.000912679501128	0.000274253446152	0.00531871847209	0.0122964454955	0.0205645125033	0.000274253446152	0.00433859959896	0.00181187112786	0.00236936993643	0.000184334283479	0.0396093911573	0.000233789822949	5.84474557373e-05	0.000193326199746	6.74393720046e-05	0.000337196860023	0.00265711125698	0.000184334283479	0.000139374702143	0.00039564431576	0.00134429148196	4.49595813364e-05	0.000669897761912	0.000319213027488	0.00427116022696	0.0152233142405	0.00327755347942	5.39514976037e-05	0.000633930096843	0.00102507845447	0.00849736087258	2.69757488018e-05	2.69757488018e-05	4.49595813364e-06	0	9.891107894e-05	0	6.29434138709e-05	8.09272464055e-05	8.54232045391e-05	0.00054401093417	8.54232045391e-05	1.34878744009e-05	2.69757488018e-05	1.79838325346e-05	5.84474557373e-05	8.99191626728e-06	5.84474557373e-05	4.49595813364e-06	4.49595813364e-06	8.99191626728e-06	0.000116894911475	4.49595813364e-06	9.44151208064e-05	1.34878744009e-05	0.000800280547788	2.69757488018e-05	2.24797906682e-05	2.69757488018e-05	0.000292237278686	8.09272464055e-05	2.24797906682e-05	0	4.49595813364e-06	8.99191626728e-06	9.44151208064e-05	0.00138475510516	0.000269757488018	0.00437906322216	0.000570986682972	0.000157358534677	8.99191626728e-05	4.49595813364e-05	5.39514976037e-05	8.99191626728e-06	0.000112398953341	6.29434138709e-05	2.24797906682e-05	1.79838325346e-05	8.99191626728e-06
0.000206814074147	5.39514976037e-05	9.891107894e-05	0	9.891107894e-05	0.00123638848675	0.00334948880956	0.000584474557373	0.000570986682972	0.00147467426783	0.000125886827742	2.24797906682e-05	0.00229743460629	0	0.000233789822949	0.0120626556726	0.000179838325346	2.69757488018e-05	4.49595813364e-06	3.59676650691e-05	0.000107902995207	0.000305725153087	0.000233789822949	0.000714857343248	0.00120491677981	4.49595813364e-06	6.74393720046e-05	0.000112398953341	0.000948647166198	0.000409132190161	0.000436107938963	0	0.000206814074147	0.000283245362419	0.00105205420327	4.49595813364e-06	1.34878744009e-05	1.79838325346e-05	0	1.79838325346e-05	0	4.49595813364e-06	4.49595813364e-05	2.24797906682e-05	0.000166350450945	4.49595813364e-06	4.49595813364e-06	4.49595813364e-06	0	2.69757488018e-05	3.59676650691e-05	8.54232045391e-05	2.69757488018e-05	4.49595813364e-06	1.34878744009e-05	1.34878744009e-05	6.74393720046e-05	0.000139374702143	0.000170846409078	0.000206814074147	4.49595813364e-06	8.99191626728e-06	7.19353301382e-05	0.000130382785875	2.69757488018e-05	5.39514976037e-05	0	0	4.49595813364e-06	5.84474557373e-05	0.00123189252862	7.64312882718e-05	0.00187931049986	0.000427116022696	0.00451394196617	8.54232045391e-05	4.49595813364e-06	0.000139374702143	7.19353301382e-05	0.000220301948548	0.000211310032281	4.49595813364e-06	1.79838325346e-05	4.49595813364e-06
0.00019782215788	0.000728345217649	0.00044509985523	0	4.49595813364e-06	8.99191626728e-06	1.34878744009e-05	0.000125886827742	5.39514976037e-05	0.000215805990415	8.99191626728e-06	6.74393720046e-05	8.99191626728e-06	4.49595813364e-06	5.84474557373e-05	0.000179838325346	0.0212748738884	0.000112398953341	8.99191626728e-06	0.000121390869608	1.34878744009e-05	0.00253572038737	0.00753522583198	0.00820062763576	0.00817814784509	4.49595813364e-06	0.000377660483226	0.00478819541232	0.00352932713491	0.000364172608825	0.000881207794193	0	4.49595813364e-06	0.000202318116014	0.00160955301184	3.14717069355e-05	0.000134878744009	6.29434138709e-05	0	0	0	8.99191626728e-06	2.69757488018e-05	8.99191626728e-06	7.19353301382e-05	0	3.14717069355e-05	0	4.49595813364e-06	2.69757488018e-05	4.49595813364e-06	0.00145219447717	3.59676650691e-05	8.99191626728e-06	8.99191626728e-06	0	0.000647417971244	0.00297632428447	0.00108352591021	0.000269757488018	8.99191626728e-06	6.74393720046e-05	0.00044509985523	0.000561994766705	3.59676650691e-05	0.000161854492811	0	0	4.49595813364e-06	0.000134878744009	0.00223449119242	0.000454091771497	0.00173094388145	0.000490059436567	4.945553947e-05	8.99191626728e-06	1.34878744009e-05	0.000224797906682	0.000130382785875	0.00019782215788	0.000103407037074	4.49595813364e-06	0	8.99191626728e-06
0.000287741320553	0.000921671417396	0.00601559198281	0	4.49595813364e-06	0	3.59676650691e-05	0.000678889678179	0.000139374702143	7.19353301382e-05	5.39514976037e-05	0.000885703752327	1.79838325346e-05	3.59676650691e-05	0.000193326199746	2.69757488018e-05	0.000112398953341	0.0256674249849	0.000161854492811	0.00548956488117	1.79838325346e-05	0.00187481454173	0.000215805990415	0.00762514499465	0.000229293864816	5.39514976037e-05	0.0101878411308	0.00458587729631	0.00119592486355	0.000310221111221	0.00228394673189	2.24797906682e-05	0	8.54232045391e-05	0.00430712789203	8.99191626728e-06	0.00111499761714	0.000116894911475	0	4.49595813364e-06	0	4.49595813364e-06	2.69757488018e-05	4.49595813364e-06	2.69757488018e-05	0	8.09272464055e-05	4.49595813364e-06	1.79838325346e-05	8.99191626728e-06	4.49595813364e-06	3.59676650691e-05	9.44151208064e-05	6.74393720046e-05	0.000161854492811	0	2.69757488018e-05	0.000112398953341	9.44151208064e-05	2.69757488018e-05	7.19353301382e-05	0.000750825008318	0.00084074417099	4.945553947e-05	1.79838325346e-05	1.79838325346e-05	0	0	0	0.000112398953341	0.00231991439696	0.000822760338456	0.00246828101537	0.000508043269101	2.69757488018e-05	8.99191626728e-06	4.49595813364e-06	8.09272464055e-05	0.000134878744009	8.99191626728e-05	4.945553947e-05	0	0	1.34878744009e-05
7.64312882718e-05	2.24797906682e-05	2.69757488018e-05	0	1.34878744009e-05	0	8.99191626728e-06	0.000112398953341	2.69757488018e-05	4.49595813364e-06	1.79838325346e-05	0.00201418924387	1.34878744009e-05	7.19353301382e-05	6.74393720046e-05	4.49595813364e-06	8.99191626728e-06	0.000161854492811	0.00455890154751	0.00324158581435	8.99191626728e-06	7.19353301382e-05	8.99191626728e-06	9.44151208064e-05	1.79838325346e-05	5.84474557373e-05	0.00169497621638	0.000143870660276	9.44151208064e-05	0.000139374702143	0.000107902995207	8.99191626728e-06	0	4.49595813364e-05	0.000944151208064	0	3.14717069355e-05	0	0	0	0	8.99191626728e-06	0	8.99191626728e-06	0	0	8.09272464055e-05	0	7.64312882718e-05	0	0	4.49595813364e-06	0	3.59676650691e-05	1.34878744009e-05	4.49595813364e-06	4.49595813364e-06	4.49595813364e-06	4.49595813364e-06	1.34878744009e-05	8.99191626728e-05	6.29434138709e-05	7.64312882718e-05	4.49595813364e-06	0	0	4.49595813364e-06	0	0	0	0.000269757488018	0.000242781739216	0.000728345217649	8.09272464055e-05	8.99191626728e-06	0	1.79838325346e-05	1.34878744009e-05	0	1.34878744009e-05	4.49595813364e-06	4.49595813364e-06	0	4.49595813364e-06
0.000476571562166	0.000485563478433	0.000822760338456	0	2.69757488018e-05	0	9.44151208064e-05	0.000804776505921	0.000184334283479	6.29434138709e-05	0.000157358534677	0.004945553947	8.54232045391e-05	0.000251773655484	0.000337196860023	3.59676650691e-05	0.000121390869608	0.00548956488117	0.00324158581435	0.02341494996	9.44151208064e-05	0.000804776505921	0.000166350450945	0.00138475510516	0.000161854492811	0.000251773655484	0.0113612862037	0.00232441035509	0.000701369468848	0.000746329050184	0.00150165001664	4.04636232027e-05	8.99191626728e-06	0.000238285781083	0.00865921536539	0	0.000615946264308	3.14717069355e-05	0	4.49595813364e-06	0	1.34878744009e-05	4.04636232027e-05	1.34878744009e-05	8.09272464055e-05	4.49595813364e-06	0.000341692818156	0	0.000188830241613	1.34878744009e-05	0	3.14717069355e-05	1.79838325346e-05	0.000233789822949	6.74393720046e-05	4.49595813364e-06	2.69757488018e-05	5.84474557373e-05	4.04636232027e-05	9.891107894e-05	0.000400140273894	0.000804776505921	0.00069237755258	4.945553947e-05	4.49595813364e-06	1.79838325346e-05	8.99191626728e-06	0	0	6.74393720046e-05	0.00251773655484	0.00130832381689	0.0054535972161	0.000728345217649	2.24797906682e-05	1.34878744009e-05	4.49595813364e-05	0.000112398953341	9.44151208064e-05	0.000116894911475	4.49595813364e-05	4.49595813364e-06	0	3.14717069355e-05
0.00173993579772	0	2.69757488018e-05	0	0.0069372634002	3.59676650691e-05	0.00510291248168	0.00418124106428	0.00276951021032	7.19353301382e-05	0.00657309079138	0.000647417971244	0.0133799714057	8.09272464055e-05	0.00265711125698	0.000107902995207	1.34878744009e-05	1.79838325346e-05	8.99191626728e-06	9.44151208064e-05	0.0248581525209	4.49595813364e-05	1.34878744009e-05	5.39514976037e-05	0.00261664763378	2.24797906682e-05	0.000179838325346	3.14717069355e-05	0.0048916024494	0.00219852352735	8.09272464055e-05	1.34878744009e-05	7.64312882718e-05	0.000260765571751	0.00303477174021	0	0	0	0	9.44151208064e-05	0	1.34878744009e-05	4.49595813364e-06	1.34878744009e-05	7.64312882718e-05	1.34878744009e-05	0	8.99191626728e-06	8.99191626728e-06	4.49595813364e-06	0	0	0	0	0	3.14717069355e-05	0	4.49595813364e-06	0	9.44151208064e-05	1.34878744009e-05	4.49595813364e-06	4.49595813364e-06	2.24797906682e-05	4.49595813364e-06	4.49595813364e-06	0	4.49595813364e-06	0	4.49595813364e-06	0.000193326199746	0.000107902995207	0.00220751544362	0.000305725153087	3.59676650691e-05	4.49595813364e-06	2.24797906682e-05	4.49595813364e-06	0	4.49595813364e-06	4.49595813364e-06	8.99191626728e-06	0	4.49595813364e-06
0.000283245362419	0.000193326199746	0.00154211363984	0	1.34878744009e-05	4.49595813364e-06	4.04636232027e-05	0.0010025986638	0.000179838325346	0.000107902995207	6.74393720046e-05	0.000422620064562	3.59676650691e-05	1.79838325346e-05	0.000184334283479	0.000305725153087	0.00253572038737	0.00187481454173	7.19353301382e-05	0.000804776505921	4.49595813364e-05	0.0353562147629	0.000948647166198	0.0163607916483	0.00124088444488	8.99191626728e-06	0.00134429148196	0.00156459343051	0.00977870894066	0.000746329050184	0.0108712267671	0	0	0.000404636232027	0.00616395860122	3.14717069355e-05	0.000175342367212	6.29434138709e-05	0	0	0	2.24797906682e-05	4.49595813364e-05	2.24797906682e-05	8.54232045391e-05	8.99191626728e-06	4.49595813364e-05	4.49595813364e-06	8.99191626728e-06	3.14717069355e-05	2.24797906682e-05	0.000647417971244	4.49595813364e-05	1.34878744009e-05	1.34878744009e-05	4.49595813364e-06	0.000570986682972	0.00171296004892	0.00034618877629	0.000292237278686	2.69757488018e-05	0.000116894911475	0.000184334283479	0.000553002850437	4.04636232027e-05	0.000143870660276	0	0	2.69757488018e-05	9.44151208064e-05	0.00347087967917	0.000647417971244	0.0059616404852	0.00138025914703	0.000121390869608	1.34878744009e-05	4.945553947e-05	0.000292237278686	0.000139374702143	0.000206814074147	0.000130382785875	4.49595813364e-06	8.99191626728e-06	1.79838325346e-05
0.000355180692557	0.00488261053313	0.00163652876064	0	0	4.49595813364e-06	5.39514976037e-05	0.00024727769735	8.09272464055e-05	0.00373614120905	1.79838325346e-05	5.39514976037e-05	0.000107902995207	3.14717069355e-05	0.000139374702143	0.000233789822949	0.00753522583198	0.000215805990415	8.99191626728e-06	0.000166350450945	1.34878744009e-05	0.000948647166198	0.0271915547922	0.00653262716818	0.0064022443823	0.000107902995207	0.00123189252862	0.00926167375529	0.00227495481562	0.000579978599239	0.00093965524993	8.99191626728e-06	0	0.000481067520299	0.00109701378461	0.000134878744009	0.00134878744009	0.000409132190161	0	1.34878744009e-05	0	3.14717069355e-05	0.000211310032281	5.84474557373e-05	0.000921671417396	4.945553947e-05	5.84474557373e-05	8.99191626728e-06	4.04636232027e-05	7.64312882718e-05	2.24797906682e-05	0.00404636232027	0.000229293864816	4.49595813364e-05	6.29434138709e-05	2.69757488018e-05	0.00122739657048	0.0103541915818	0.00323259389809	0.00107003803581	0.000125886827742	0.00029673323682	0.00333600093516	0.00134878744009	0.000170846409078	0.000337196860023	4.49595813364e-06	4.49595813364e-06	5.39514976037e-05	0.000364172608825	0.00154211363984	0.000373164525092	0.000980118873133	0.000319213027488	0.000112398953341	1.34878744009e-05	1.79838325346e-05	0.000561994766705	0.000454091771497	0.000485563478433	0.00024727769735	4.04636232027e-05	2.69757488018e-05	1.34878744009e-05
0.000606954348041	0.000993606747534	0.0124717878627	0	2.24797906682e-05	1.34878744009e-05	8.99191626728e-05	0.00183884687666	0.000400140273894	0.000224797906682	0.000112398953341	0.000615946264308	2.24797906682e-05	1.79838325346e-05	0.00039564431576	0.000714857343248	0.00820062763576	0.00762514499465	9.44151208064e-05	0.00138475510516	5.39514976037e-05	0.0163607916483	0.00653262716818	0.06472830925	0.0024997527223	3.59676650691e-05	0.00441503088723	0.00999001897294	0.00620442222442	0.000732841175783	0.00616395860122	4.49595813364e-06	8.99191626728e-06	0.00039564431576	0.00647867567057	4.49595813364e-05	0.000858728003525	0.000503547310967	0	8.99191626728e-06	0	2.24797906682e-05	7.64312882718e-05	3.14717069355e-05	0.000143870660276	1.79838325346e-05	6.29434138709e-05	4.49595813364e-06	2.24797906682e-05	5.84474557373e-05	3.59676650691e-05	0.00253122442924	0.000224797906682	4.04636232027e-05	8.09272464055e-05	8.99191626728e-06	0.00106554207767	0.0054535972161	0.00294934853567	0.000332700901889	8.09272464055e-05	0.00039564431576	0.00283694958233	0.000705865426981	6.29434138709e-05	0.000139374702143	4.49595813364e-06	0	8.99191626728e-06	0.000301229194954	0.0123818687	0.00230193056442	0.0103047360423	0.00277850212659	0.000386652399493	5.84474557373e-05	0.000134878744009	0.000647417971244	0.000409132190161	0.000548506892304	0.000436107938963	1.79838325346e-05	3.59676650691e-05	1.79838325346e-05
0.00234689014576	0.00146118639343	0.000436107938963	0	0.00674393720046	2.24797906682e-05	0.00108352591021	0.00603807177348	0.00136677127263	0.00873115069552	0.000984614831267	0.000341692818156	0.00204566095081	1.79838325346e-05	0.00134429148196	0.00120491677981	0.00817814784509	0.000229293864816	1.79838325346e-05	0.000161854492811	0.00261664763378	0.00124088444488	0.0064022443823	0.0024997527223	0.0510381167331	5.39514976037e-05	0.000750825008318	0.0024862648479	0.0199125985739	0.00327305752129	0.00390698761813	4.49595813364e-06	3.14717069355e-05	0.00263463146631	0.0054266214673	0.00029673323682	0.000211310032281	5.39514976037e-05	0	0.000553002850437	1.79838325346e-05	0.000292237278686	0.000660905845645	0.000440603897097	0.00473424391472	0.000377660483226	0.000134878744009	0.000125886827742	2.69757488018e-05	0.000454091771497	6.74393720046e-05	0.000831752254723	4.945553947e-05	5.39514976037e-05	4.49595813364e-05	0.000418124106428	0.000364172608825	0.0019647337044	0.000301229194954	0.00472974795659	3.14717069355e-05	0.000116894911475	0.000265261529885	0.00185233475106	0.000579978599239	0.000305725153087	0	2.69757488018e-05	0.000224797906682	0.000472075604032	0.00304825961461	0.000553002850437	0.00392047549253	0.00108352591021	0.000777800757119	2.69757488018e-05	1.79838325346e-05	0.000517035185368	0.00019782215788	0.000687881594447	0.000287741320553	0.000107902995207	0.000130382785875	1.79838325346e-05
2.69757488018e-05	0.000750825008318	1.79838325346e-05	0	4.49595813364e-06	0	2.24797906682e-05	4.49595813364e-05	2.24797906682e-05	4.49595813364e-05	2.24797906682e-05	0.00176691154652	1.79838325346e-05	0.00370466950212	4.49595813364e-05	4.49595813364e-06	4.49595813364e-06	5.39514976037e-05	5.84474557373e-05	0.000251773655484	2.24797906682e-05	8.99191626728e-06	0.000107902995207	3.59676650691e-05	5.39514976037e-05	0.00873564665366	0.00293586066127	0.00234239418763	4.04636232027e-05	8.99191626728e-05	1.34878744009e-05	0.000179838325346	8.99191626728e-06	2.24797906682e-05	0.000454091771497	8.99191626728e-06	0.00129033998435	0	0	0	0	4.49595813364e-06	8.99191626728e-06	2.69757488018e-05	4.49595813364e-05	4.49595813364e-06	0.000894695668594	4.49595813364e-06	0.00168148834198	4.04636232027e-05	0	8.99191626728e-06	0	0.000229293864816	4.04636232027e-05	0	4.49595813364e-06	0.000107902995207	0	4.49595813364e-05	0.00294934853567	0.000813768422188	0.0010295744126	1.34878744009e-05	2.69757488018e-05	0	8.09272464055e-05	4.49595813364e-06	0	0.000116894911475	8.09272464055e-05	0.000755320966451	0.00044509985523	8.99191626728e-06	4.49595813364e-06	0	0.000485563478433	3.14717069355e-05	0.00019782215788	0.000134878744009	8.99191626728e-06	0	0	0.000224797906682
0.000773304798986	0.00559297191825	0.00829054679843	0	7.64312882718e-05	1.79838325346e-05	0.000193326199746	0.00139824297956	0.000422620064562	0.000440603897097	0.00024727769735	0.00763863286905	0.000112398953341	0.0059076889876	0.000669897761912	6.74393720046e-05	0.000377660483226	0.0101878411308	0.00169497621638	0.0113612862037	0.000179838325346	0.00134429148196	0.00123189252862	0.00441503088723	0.000750825008318	0.00293586066127	0.0769977789967	0.0239454730198	0.00151513789104	0.00139374702143	0.00249525676417	0.00222549927615	1.79838325346e-05	0.000526027101636	0.00946399187131	3.14717069355e-05	0.00824558721709	0.000269757488018	0	4.49595813364e-06	0	3.14717069355e-05	9.44151208064e-05	5.84474557373e-05	0.000166350450945	3.59676650691e-05	0.00390698761813	2.69757488018e-05	0.00397442699014	7.64312882718e-05	4.49595813364e-06	0.000103407037074	0.000211310032281	0.00209062053214	0.00089019971046	1.79838325346e-05	5.39514976037e-05	0.000238285781083	0.000184334283479	0.000184334283479	0.00664502612152	0.00904586776488	0.00777800757119	0.00014836661841	4.945553947e-05	7.64312882718e-05	0.000400140273894	4.49595813364e-06	8.99191626728e-06	0.000647417971244	0.00711260576742	0.00528724676516	0.00949546357824	0.00129483594249	4.04636232027e-05	2.24797906682e-05	0.000139374702143	0.000368668566958	0.000872215877926	0.000710361385115	0.000152862576544	4.49595813364e-06	1.34878744009e-05	0.000143870660276
0.000413628148295	0.0159201877512	0.0160730503278	0	1.34878744009e-05	4.49595813364e-06	7.64312882718e-05	0.000872215877926	0.000211310032281	0.00093965524993	7.19353301382e-05	0.00150165001664	4.04636232027e-05	0.00454990963124	0.000319213027488	0.000112398953341	0.00478819541232	0.00458587729631	0.000143870660276	0.00232441035509	3.14717069355e-05	0.00156459343051	0.00926167375529	0.00999001897294	0.0024862648479	0.00234239418763	0.0239454730198	0.0749071584645	0.00157808130491	0.000633930096843	0.00187031858359	0.000463083687765	4.49595813364e-06	0.000341692818156	0.00397442699014	4.945553947e-05	0.0109026984741	0.00206364478334	0	4.49595813364e-06	0	2.24797906682e-05	0.000112398953341	4.945553947e-05	8.54232045391e-05	1.34878744009e-05	0.00129933190062	8.99191626728e-06	0.00136227531449	4.49595813364e-05	8.99191626728e-06	0.000737337133917	0.000935159291797	0.000759816924585	0.000719353301382	1.79838325346e-05	0.000301229194954	0.00287291724739	0.00175791963025	0.000143870660276	0.00259866380124	0.00570537087159	0.0101338896332	0.000269757488018	7.64312882718e-05	0.000107902995207	0.000116894911475	1.34878744009e-05	8.99191626728e-06	0.000804776505921	0.00838496191923	0.00330003327009	0.00504446502594	0.0010565501614	0.000121390869608	2.24797906682e-05	8.54232045391e-05	0.000638426054977	0.00121390869608	0.00064292201311	0.00024727769735	8.99191626728e-06	3.59676650691e-05	6.29434138709e-05
0.00742732283677	0.000301229194954	0.00132181169129	0	0.00720702088822	6.29434138709e-05	0.0038890037856	0.0260630693007	0.00537716592783	0.0024727769735	0.0121660627096	0.00108802186834	0.00200070136947	9.891107894e-05	0.00427116022696	0.000948647166198	0.00352932713491	0.00119592486355	9.44151208064e-05	0.000701369468848	0.0048916024494	0.00977870894066	0.00227495481562	0.00620442222442	0.0199125985739	4.04636232027e-05	0.00151513789104	0.00157808130491	0.0739225436333	0.00630782926149	0.0127954968483	2.24797906682e-05	7.64312882718e-05	0.0043700713059	0.0120087041749	0.000283245362419	0.000170846409078	3.14717069355e-05	0	0.000912679501128	2.24797906682e-05	0.000364172608825	0.000615946264308	0.000413628148295	0.0034753756373	0.000472075604032	0.000103407037074	0.000220301948548	2.69757488018e-05	0.000400140273894	6.29434138709e-05	0.00108352591021	6.29434138709e-05	4.49595813364e-05	4.49595813364e-05	0.000746329050184	0.00054401093417	0.00281896574979	0.000274253446152	0.00455890154751	4.04636232027e-05	8.09272464055e-05	0.000238285781083	0.00224797906682	0.000449595813364	0.000332700901889	0	2.69757488018e-05	0.000179838325346	0.000467579645898	0.00455440558938	0.000800280547788	0.00948197570384	0.00224797906682	0.000588970515507	3.14717069355e-05	6.74393720046e-05	0.000553002850437	0.000242781739216	0.000656409887511	0.000269757488018	0.000112398953341	0.000130382785875	2.24797906682e-05
0.0153492010682	0.000139374702143	0.000418124106428	0	0.000822760338456	0.00044509985523	0.00327755347942	0.0109071944322	0.00682036848873	0.00116445315661	0.00313817877728	0.00362823821385	0.0019242700812	0.000404636232027	0.0152233142405	0.000409132190161	0.000364172608825	0.000310221111221	0.000139374702143	0.000746329050184	0.00219852352735	0.000746329050184	0.000579978599239	0.000732841175783	0.00327305752129	8.99191626728e-05	0.00139374702143	0.000633930096843	0.00630782926149	0.0481337277787	0.0114557013245	8.54232045391e-05	0.000831752254723	0.0115770921941	0.0203487065128	8.54232045391e-05	4.49595813364e-05	2.24797906682e-05	0	0.000116894911475	1.79838325346e-05	0.000139374702143	0.000229293864816	0.000179838325346	0.0014701783097	0.000134878744009	1.79838325346e-05	3.59676650691e-05	2.69757488018e-05	0.000130382785875	1.34878744009e-05	0.000283245362419	0	0	4.49595813364e-06	0.000125886827742	4.04636232027e-05	0.000553002850437	6.29434138709e-05	0.00161404896998	3.59676650691e-05	3.59676650691e-05	6.74393720046e-05	0.000764312882718	0.000220301948548	9.44151208064e-05	0	0	9.44151208064e-05	0.000179838325346	0.00238285781083	0.000548506892304	0.00948647166198	0.00150165001664	0.000265261529885	0.000152862576544	8.09272464055e-05	0.000202318116014	0.000112398953341	0.000251773655484	0.000157358534677	4.945553947e-05	6.29434138709e-05	2.24797906682e-05
