0.023098502509	1.97558180884e-05	5.13651270299e-05	0	8.69255995891e-05	3.95116361769e-06	0.00330317278439	0.0108143348216	0.00791022956261	0.000343751234739	0.00130783515745	1.58046544707e-05	0.000675648978624	3.95116361769e-06	0.00736101781975	0.000371409380062	0.000146193053854	3.95116361769e-05	0	3.95116361769e-06	0.000525504761152	0.00032399541665	0.000248923307914	0.000339800071121	0.00118139792169	0	1.97558180884e-05	7.11209451183e-05	0.00197163064523	0.0047374451776	0.00306610296732	0	1.18534908531e-05	0.000434627997945	0.00195582599075	3.95116361769e-06	0	0	0	7.90232723537e-06	0	3.95116361769e-06	3.55604725592e-05	0	0.000142241890237	1.18534908531e-05	0	0	0	3.95116361769e-06	0	3.95116361769e-06	0	0	0	7.90232723537e-06	0	3.95116361769e-05	3.95116361769e-06	0.00010273025406	0	0	0	3.16093089415e-05	3.95116361769e-06	7.90232723537e-06	0	0	0	1.18534908531e-05	0.00105891184954	0.000177802362796	0.000940376941009	0.000359555889209	0.000707258287566	3.95116361769e-05	0	2.37069817061e-05	1.18534908531e-05	7.90232723537e-06	0	0	0	0
1.97558180884e-05	0.00750325970998	0.00104310719507	0	0	0	3.95116361769e-06	2.37069817061e-05	7.90232723537e-06	7.90232723537e-06	3.95116361769e-06	8.29744359714e-05	0	1.18534908531e-05	0	0	0.000110632581295	0.000616381524359	0	0.00032399541665	0	9.08767632068e-05	0.000920621122921	0.000509700106681	1.97558180884e-05	0.000213362835355	0.00100754672251	0.00399067525386	1.97558180884e-05	1.97558180884e-05	4.74139634122e-05	0	0	0	0.000505748943064	3.95116361769e-06	0.00157651428346	0.000209411671737	0	0	0	0	7.90232723537e-06	0	1.18534908531e-05	0	1.58046544707e-05	0	0	3.95116361769e-06	0	4.34627997945e-05	0.000110632581295	7.90232723537e-06	1.97558180884e-05	0	1.18534908531e-05	0.000418823343475	0.000126437235766	3.95116361769e-06	9.87790904421e-05	0.000276581453238	0.000790232723537	3.95116361769e-06	0	2.37069817061e-05	0	0	0	7.5072108736e-05	0.000237069817061	0.00027263028962	0.000308190762179	8.69255995891e-05	1.97558180884e-05	7.90232723537e-06	3.95116361769e-06	3.16093089415e-05	4.34627997945e-05	4.74139634122e-05	2.37069817061e-05	0	0	0
5.13651270299e-05	0.00104310719507	0.0283061361571	0	0	0	3.55604725592e-05	0.000122486072148	1.97558180884e-05	2.76581453238e-05	0	0.000138290726619	0	7.90232723537e-06	1.18534908531e-05	3.95116361769e-05	0.000576869888182	0.0046031056146	2.37069817061e-05	0.000770476905449	0	0.00129993283022	0.000908767632068	0.00865699948635	0.000150144217472	1.18534908531e-05	0.00476510332293	0.0105535580228	0.000399067525386	7.90232723537e-05	0.000568967560947	0	0	2.37069817061e-05	0.00348887747442	3.95116361769e-06	0.00111027697657	0.000304239598562	0	0	0	0	3.95116361769e-06	0	1.58046544707e-05	0	0	0	0	0	0	5.92674542653e-05	0.000126437235766	3.95116361769e-06	3.95116361769e-06	0	3.16093089415e-05	0.000568967560947	0.00016990003556	1.18534908531e-05	7.90232723537e-06	0.00015409538109	0.000734916432889	7.90232723537e-06	0	1.18534908531e-05	0	0	0	0.000106681417678	0.00231933304358	0.00199928879055	0.00258406100597	0.000928523450156	0.00015409538109	5.13651270299e-05	7.90232723537e-06	5.92674542653e-05	7.90232723537e-05	7.11209451183e-05	3.95116361769e-05	0	0	0
0	0	0	0	0	0	0	0	0	0	0	0	0	0	0	0	0	0	0	0	0	0	0	0	0	0	0	0	0	0	0	0	0	0	0	0	0	0	0	0	0	0	0	0	0	0	0	0	0	0	0	0	0	0	0	0	0	0	0	0	0	0	0	0	0	0	0	0	0	0	0	0	0	0	0	0	0	0	0	0	0	0	0	0
8.69255995891e-05	0	0	0	0.0107985301671	0	0.00016990003556	0.000640088506065	0.000134339563001	9.48279268244e-05	0.00124461653957	0	0.000845549014185	0	3.16093089415e-05	1.58046544707e-05	3.95116361769e-06	0	0	0	0.00376941009127	7.90232723537e-06	3.95116361769e-06	1.18534908531e-05	0.00175036548263	0	0	0	0.00363507052827	1.18534908531e-05	3.16093089415e-05	0	0	0	1.18534908531e-05	0	0	0	0	0.000916669959303	0	1.18534908531e-05	1.18534908531e-05	7.90232723537e-06	1.97558180884e-05	7.90232723537e-05	0	0.000146193053854	0	0	0	0	0	0	0	0.000553162906476	0	0	3.95116361769e-06	4.74139634122e-05	0	0	0	2.37069817061e-05	0	0	0	0	0	0	1.18534908531e-05	7.90232723537e-06	1.18534908531e-05	7.90232723537e-06	4.34627997945e-05	0	0	0	0	0	0	3.95116361769e-06	0	0
3.95116361769e-06	0	0	0	0	0.00392350547236	0.0025682563515	3.95116361769e-06	0.00131178632107	0	3.95116361769e-06	1.58046544707e-05	0	7.90232723537e-06	0.000237069817061	0.000308190762179	0	0	0	3.95116361769e-06	0	0	0	3.95116361769e-06	0	0	3.95116361769e-06	0	7.90232723537e-06	0.000189655853649	7.90232723537e-06	0	0.000734916432889	0	0.000248923307914	0	0	0	0	0	0	0	0	0	0	0	0	0	0	0	0	0	0	0	0	0	0	0	0	3.95116361769e-06	0	0	0	0	0	0	0	0	0	0	1.18534908531e-05	3.95116361769e-06	0.00010273025406	1.97558180884e-05	0.000114583744913	0.000738867596507	3.95116361769e-06	0	0	0	0	0	0	0
0.00330317278439	3.95116361769e-06	3.55604725592e-05	0	0.00016990003556	0.0025682563515	0.0401082618831	0.00358370540124	0.0197044529614	0.000138290726619	0.00797739934411	0.000106681417678	0.00728989687463	1.58046544707e-05	0.00470583586866	0.00240625864317	6.3218617883e-05	6.71697815007e-05	1.18534908531e-05	2.76581453238e-05	0.00179777944605	9.48279268244e-05	5.92674542653e-05	0.000142241890237	0.000612430360741	3.95116361769e-06	4.34627997945e-05	4.34627997945e-05	0.00144217472046	0.00256430518788	0.000442530325181	0	0.00161997708325	0.000130388399384	0.00259591449682	3.95116361769e-06	0	0	0	3.95116361769e-06	0	0	7.90232723537e-06	0	4.74139634122e-05	0	0	3.95116361769e-06	0	0	0	3.95116361769e-06	0	0	0	3.95116361769e-06	0	0	0	4.34627997945e-05	0	0	0	0	0	0	0	0	0	0	0.000987790904421	0.00015409538109	0.00168319570113	0.000588723379035	0.00275396104153	0.00145402821131	1.58046544707e-05	7.90232723537e-06	0	0	0	0	0	0
0.0108143348216	2.37069817061e-05	0.000122486072148	0	0.000640088506065	3.95116361769e-06	0.00358370540124	0.0431467067051	0.00543680113794	0.00127622584851	0.00711999683907	1.97558180884e-05	0.00116954443083	7.90232723537e-06	0.00327946580268	0.000233118653443	0.000505748943064	9.87790904421e-05	0	1.58046544707e-05	0.00151329566557	0.000881109486744	0.000730965269272	0.000952230431862	0.00615591291635	0	2.37069817061e-05	0.000138290726619	0.015729582362	0.00190841202734	0.00745584574657	0	7.90232723537e-06	0.000371409380062	0.00196767948161	2.37069817061e-05	3.95116361769e-06	0	0	2.76581453238e-05	0	1.58046544707e-05	0.000138290726619	3.95116361769e-06	0.000588723379035	1.97558180884e-05	0	2.37069817061e-05	0	2.37069817061e-05	7.90232723537e-06	1.97558180884e-05	0	0	3.95116361769e-06	4.34627997945e-05	1.18534908531e-05	7.90232723537e-05	1.97558180884e-05	0.000430676834328	0	0	7.90232723537e-06	0.000130388399384	1.97558180884e-05	2.76581453238e-05	0	0	7.90232723537e-06	1.58046544707e-05	0.00153305148366	0.000312141925797	0.000975937413568	0.000383262870915	0.000549211742858	4.74139634122e-05	0	3.95116361769e-05	1.18534908531e-05	1.58046544707e-05	7.90232723537e-06	1.18534908531e-05	0	0
0.00791022956261	7.90232723537e-06	1.97558180884e-05	0	0.000134339563001	0.00131178632107	0.0197044529614	0.00543680113794	0.0453119443676	0.000158046544707	0.00333478209333	0.000110632581295	0.00166739104666	7.90232723537e-06	0.0146430123671	0.00133549330278	4.34627997945e-05	5.53162906476e-05	0	1.97558180884e-05	0.000983839740804	0.000106681417678	9.08767632068e-05	0.000134339563001	0.000734916432889	0	3.95116361769e-05	3.16093089415e-05	0.00127227468489	0.0035520960923	0.000865304832273	0	0.00232723537082	0.000177802362796	0.00269469358726	7.90232723537e-06	3.95116361769e-06	0	0	7.90232723537e-06	0	3.95116361769e-06	7.90232723537e-06	0	5.92674542653e-05	1.18534908531e-05	0	3.95116361769e-06	0	3.95116361769e-06	0	0	0	0	0	7.90232723537e-06	0	1.18534908531e-05	0	6.3218617883e-05	0	3.95116361769e-06	0	3.95116361769e-06	3.95116361769e-06	0	0	0	0	0	0.000873207159508	0.000118534908531	0.00133154213916	0.000438579161563	0.00172665850093	0.000892962977597	3.95116361769e-06	7.90232723537e-06	0	0	0	0	0	0
0.000343751234739	7.90232723537e-06	2.76581453238e-05	0	9.48279268244e-05	0	0.000138290726619	0.00127622584851	0.000158046544707	0.0131060097199	0.000229167489826	3.95116361769e-06	0.00106286301316	0	8.29744359714e-05	0.000493895452211	0.000474139634122	2.37069817061e-05	0	7.90232723537e-06	0.000252874471532	0.000201509344502	0.002904105259	0.00032399541665	0.00661029673239	0	7.90232723537e-06	0.000106681417678	0.00154490497451	0.000173851199178	0.000489944288593	0	0	4.74139634122e-05	0.000355604725592	8.69255995891e-05	1.18534908531e-05	7.90232723537e-06	0	5.13651270299e-05	0	1.58046544707e-05	0.000331897743886	1.18534908531e-05	0.00167924453752	4.74139634122e-05	3.95116361769e-06	3.95116361769e-05	0	5.13651270299e-05	1.18534908531e-05	5.92674542653e-05	0	0	0	5.92674542653e-05	4.34627997945e-05	0.000161997708325	3.55604725592e-05	0.000975937413568	3.95116361769e-06	3.95116361769e-06	1.18534908531e-05	0.000454383816034	2.76581453238e-05	0.000106681417678	0	0	1.18534908531e-05	5.13651270299e-05	0.000304239598562	0.00010273025406	0.000181753526414	7.90232723537e-05	0.000900865304832	0	0	5.53162906476e-05	7.90232723537e-06	2.37069817061e-05	7.90232723537e-06	2.37069817061e-05	0	0
0.00130783515745	3.95116361769e-06	0	0	0.00124461653957	3.95116361769e-06	0.00797739934411	0.00711999683907	0.00333478209333	0.000229167489826	0.0310442925442	0	0.00484017543166	0	0.000754672250978	9.48279268244e-05	1.18534908531e-05	0	0	0	0.0057410407365	7.90232723537e-06	4.34627997945e-05	3.55604725592e-05	0.0011181793038	0	0	1.18534908531e-05	0.00546445928326	0.000213362835355	0.00015409538109	0	3.95116361769e-06	3.55604725592e-05	0.000181753526414	0	0	0	0	3.95116361769e-06	0	0	2.76581453238e-05	0	8.69255995891e-05	0	0	7.90232723537e-06	0	0	0	0	0	0	0	7.90232723537e-06	0	3.95116361769e-06	3.95116361769e-06	4.74139634122e-05	0	0	3.95116361769e-06	1.97558180884e-05	0	7.90232723537e-06	0	0	0	0	0.000114583744913	7.90232723537e-06	8.69255995891e-05	3.16093089415e-05	0.000118534908531	3.95116361769e-06	0	0	0	0	0	0	0	0
1.58046544707e-05	8.29744359714e-05	0.000138290726619	0	0	1.58046544707e-05	0.000106681417678	1.97558180884e-05	0.000110632581295	3.95116361769e-06	0	0.035220672488	3.95116361769e-06	0.0100715160615	8.69255995891e-05	7.90232723537e-06	3.95116361769e-06	0.00103125370422	0.0049824173219	0.00585167331779	0	2.76581453238e-05	7.90232723537e-06	0.000130388399384	7.90232723537e-06	0.00395116361769	0.0089138251215	0.00120510490339	1.18534908531e-05	0.000122486072148	3.16093089415e-05	0.00106286301316	1.18534908531e-05	0	0.00710814334822	3.95116361769e-06	0.000379311707298	2.37069817061e-05	0	0	0	0	0	0	3.95116361769e-06	0	0.000343751234739	0	0.000244972144296	3.95116361769e-06	0	7.90232723537e-06	2.76581453238e-05	3.55604725592e-05	0.000110632581295	0	0	1.97558180884e-05	3.95116361769e-06	3.95116361769e-06	0.000857402505038	0.000537358252005	0.000497846615828	0	3.95116361769e-06	0	0	0	0	5.92674542653e-05	0.00052945592477	0.00252084238808	0.00414081947133	0.000545260579241	6.71697815007e-05	5.13651270299e-05	0.000387214034533	2.37069817061e-05	0.000181753526414	6.71697815007e-05	7.90232723537e-06	0	0	5.92674542653e-05
0.000675648978624	0	0	0	0.000845549014185	0	0.00728989687463	0.00116954443083	0.00166739104666	0.00106286301316	0.00484017543166	3.95116361769e-06	0.0272353708167	0	0.000422774507092	0.000928523450156	2.37069817061e-05	0	0	0	0.00856217155952	2.37069817061e-05	1.58046544707e-05	3.55604725592e-05	0.00161207475602	0	0	7.90232723537e-06	0.000924572286538	0.00015409538109	9.08767632068e-05	0	7.90232723537e-06	1.58046544707e-05	0.000158046544707	7.90232723537e-06	0	0	0	3.95116361769e-05	0	0.000106681417678	3.55604725592e-05	0	9.87790904421e-05	0.000114583744913	0	0.0020546050812	0	7.90232723537e-06	0	3.95116361769e-06	0	0	0	0.000790232723537	0	3.95116361769e-06	0	0.000118534908531	0	0	0	3.16093089415e-05	0	7.90232723537e-06	0	0	0	0	7.5072108736e-05	3.95116361769e-06	4.34627997945e-05	1.58046544707e-05	0.00103915603145	7.90232723537e-06	0	3.95116361769e-06	0	3.95116361769e-06	3.95116361769e-06	0	0	0
3.95116361769e-06	1.18534908531e-05	7.90232723537e-06	0	0	7.90232723537e-06	1.58046544707e-05	7.90232723537e-06	7.90232723537e-06	0	0	0.0100715160615	0	0.0180054526058	1.18534908531e-05	0	0	6.71697815007e-05	0.000517602433917	0.000379311707298	0	7.90232723537e-06	0	1.58046544707e-05	0	0.00497451499467	0.00445691256075	0.00145007704769	3.95116361769e-06	1.58046544707e-05	0	0.00133549330278	3.95116361769e-06	0	0.00212572602631	0	0.000173851199178	7.90232723537e-06	0	0	0	0	0	0	0	0	0.000193607017267	0	0.000209411671737	0	0	0	7.90232723537e-06	2.76581453238e-05	3.55604725592e-05	0	0	0	0	0	0.000707258287566	0.00032399541665	0.000264727962385	0	0	0	0	0	0	1.97558180884e-05	8.69255995891e-05	0.000778379232684	0.000900865304832	8.29744359714e-05	1.97558180884e-05	7.90232723537e-06	0.000493895452211	3.95116361769e-06	0.000134339563001	5.53162906476e-05	3.95116361769e-06	0	0	4.74139634122e-05
0.00736101781975	0	1.18534908531e-05	0	3.16093089415e-05	0.000237069817061	0.00470583586866	0.00327946580268	0.0146430123671	8.29744359714e-05	0.000754672250978	8.69255995891e-05	0.000422774507092	1.18534908531e-05	0.0274368801612	0.000438579161563	4.34627997945e-05	1.97558180884e-05	3.95116361769e-06	7.90232723537e-06	0.000237069817061	4.74139634122e-05	5.92674542653e-05	8.69255995891e-05	0.000292386107709	3.95116361769e-06	2.76581453238e-05	1.58046544707e-05	0.000525504761152	0.00544075230155	0.000691453633095	0	0.00119325141254	0.000347702398356	0.00185309573669	3.95116361769e-06	0	0	0	0	0	3.95116361769e-06	3.95116361769e-06	0	2.37069817061e-05	7.90232723537e-06	0	0	0	0	0	0	0	0	0	0	0	7.90232723537e-06	0	2.37069817061e-05	0	0	0	7.90232723537e-06	0	0	0	0	3.95116361769e-06	0	0.000545260579241	7.90232723537e-05	0.000778379232684	0.00025682563515	0.000809988541626	0.000363507052827	3.95116361769e-06	3.95116361769e-06	0	0	0	0	0	0
0.000371409380062	0	3.95116361769e-05	0	1.58046544707e-05	0.000308190762179	0.00240625864317	0.000233118653443	0.00133549330278	0.000493895452211	9.48279268244e-05	7.90232723537e-06	0.000928523450156	0	0.000438579161563	0.00720297127504	2.37069817061e-05	3.55604725592e-05	0	7.90232723537e-06	5.53162906476e-05	4.34627997945e-05	2.76581453238e-05	9.87790904421e-05	0.000193607017267	0	3.95116361769e-06	2.76581453238e-05	8.29744359714e-05	0.000331897743886	9.08767632068e-05	0	2.37069817061e-05	3.95116361769e-05	0.000521553597534	0	0	0	0	0	0	0	3.95116361769e-06	0	1.58046544707e-05	3.95116361769e-06	0	3.95116361769e-06	0	0	0	3.95116361769e-06	3.95116361769e-06	0	0	0	0	1.18534908531e-05	0	1.97558180884e-05	0	3.95116361769e-06	3.95116361769e-06	7.90232723537e-06	0	1.18534908531e-05	0	0	0	3.16093089415e-05	0.000837646686949	0.000142241890237	0.000568967560947	0.00027263028962	0.00224821209846	0.000106681417678	3.95116361769e-06	7.5072108736e-05	1.97558180884e-05	3.95116361769e-05	4.34627997945e-05	1.18534908531e-05	0	0
0.000146193053854	0.000110632581295	0.000576869888182	0	3.95116361769e-06	0	6.3218617883e-05	0.000505748943064	4.34627997945e-05	0.000474139634122	1.18534908531e-05	3.95116361769e-06	2.37069817061e-05	0	4.34627997945e-05	2.37069817061e-05	0.0211545300091	9.87790904421e-05	0	7.90232723537e-06	7.90232723537e-06	0.00489549172231	0.00420403808922	0.00880714370382	0.0070607293848	0	4.34627997945e-05	0.00206250740843	0.00352443794698	0.00015409538109	0.000979888577186	0	0	5.53162906476e-05	0.00113003279466	1.97558180884e-05	6.71697815007e-05	8.29744359714e-05	0	0	0	0	6.3218617883e-05	3.95116361769e-06	0.000185704690031	0	0	0	0	1.18534908531e-05	0	0.00247737958829	1.97558180884e-05	0	3.95116361769e-06	0	0.000161997708325	0.000466237306887	0.000640088506065	0.000209411671737	0	3.95116361769e-06	0.000434627997945	0.000209411671737	1.18534908531e-05	7.11209451183e-05	0	0	3.95116361769e-06	0.000110632581295	0.00113003279466	0.000715160614801	0.000667746651389	0.000260776798767	9.87790904421e-05	1.58046544707e-05	0	7.11209451183e-05	3.95116361769e-05	7.90232723537e-05	2.76581453238e-05	3.95116361769e-06	0	0
3.95116361769e-05	0.000616381524359	0.0046031056146	0	0	0	6.71697815007e-05	9.87790904421e-05	5.53162906476e-05	2.37069817061e-05	0	0.00103125370422	0	6.71697815007e-05	1.97558180884e-05	3.55604725592e-05	9.87790904421e-05	0.0234778142163	0.00016990003556	0.00727804338378	0	0.0013394444664	0.000185704690031	0.00704097356672	3.16093089415e-05	8.69255995891e-05	0.00578450353629	0.0032399541665	0.000189655853649	4.34627997945e-05	0.000438579161563	0	3.95116361769e-06	2.37069817061e-05	0.00794183887155	0	0.000576869888182	0.000114583744913	0	0	0	0	0	0	1.58046544707e-05	0	1.18534908531e-05	0	3.95116361769e-06	0	0	3.95116361769e-06	2.76581453238e-05	3.95116361769e-06	7.90232723537e-06	0	1.18534908531e-05	0.000126437235766	1.58046544707e-05	0	5.13651270299e-05	0.000134339563001	0.000442530325181	0	3.95116361769e-06	1.18534908531e-05	0	0	0	2.76581453238e-05	0.00191236319096	0.00209806788099	0.00340985420206	0.00116954443083	0.00015409538109	5.53162906476e-05	7.90232723537e-06	3.16093089415e-05	3.95116361769e-05	2.76581453238e-05	1.58046544707e-05	0	0	3.95116361769e-06
0	0	2.37069817061e-05	0	0	0	1.18534908531e-05	0	0	0	0	0.0049824173219	0	0.000517602433917	3.95116361769e-06	0	0	0.00016990003556	0.00807222727093	0.00290015409538	0	0	0	1.58046544707e-05	0	0.000260776798767	0.00349282863803	0.000213362835355	0	7.90232723537e-06	3.95116361769e-06	5.13651270299e-05	0	0	0.000501797779446	0	5.13651270299e-05	3.95116361769e-06	0	0	0	0	0	0	0	0	3.16093089415e-05	0	3.16093089415e-05	0	0	0	1.18534908531e-05	0	1.58046544707e-05	0	0	0	3.95116361769e-06	0	9.08767632068e-05	7.90232723537e-05	7.11209451183e-05	0	0	0	0	0	0	1.18534908531e-05	7.11209451183e-05	0.000237069817061	0.000395116361769	6.3218617883e-05	0	0	3.95116361769e-06	3.95116361769e-06	7.90232723537e-06	7.90232723537e-06	0	0	0	0
3.95116361769e-06	0.00032399541665	0.000770476905449	0	0	3.95116361769e-06	2.76581453238e-05	1.58046544707e-05	1.97558180884e-05	7.90232723537e-06	0	0.00585167331779	0	0.000379311707298	7.90232723537e-06	7.90232723537e-06	7.90232723537e-06	0.00727804338378	0.00290015409538	0.0203840531036	0	0.000114583744913	1.58046544707e-05	0.000549211742858	3.95116361769e-06	0.000339800071121	0.00823817614287	0.00244181911573	4.34627997945e-05	1.97558180884e-05	5.13651270299e-05	4.74139634122e-05	0	7.90232723537e-06	0.00561065233711	0	0.000588723379035	5.92674542653e-05	0	0	0	0	0	0	3.95116361769e-06	0	3.16093089415e-05	0	1.58046544707e-05	0	0	7.90232723537e-06	1.97558180884e-05	1.58046544707e-05	3.55604725592e-05	0	0	2.37069817061e-05	3.95116361769e-06	3.95116361769e-06	0.000181753526414	0.00027263028962	0.000489944288593	0	0	0	0	0	0	4.34627997945e-05	0.000849500177802	0.00168319570113	0.00244972144296	0.000636137342447	2.76581453238e-05	7.90232723537e-06	1.18534908531e-05	3.16093089415e-05	3.95116361769e-05	3.55604725592e-05	1.18534908531e-05	0	0	3.95116361769e-06
0.000525504761152	0	0	0	0.00376941009127	0	0.00179777944605	0.00151329566557	0.000983839740804	0.000252874471532	0.0057410407365	0	0.00856217155952	0	0.000237069817061	5.53162906476e-05	7.90232723537e-06	0	0	0	0.0180252084239	1.18534908531e-05	1.58046544707e-05	7.90232723537e-06	0.00171875617369	0	0	0	0.00232723537082	7.90232723537e-05	8.29744359714e-05	0	3.95116361769e-06	1.58046544707e-05	9.48279268244e-05	0	0	0	0	3.95116361769e-06	0	0	3.95116361769e-06	0	4.34627997945e-05	0	0	5.92674542653e-05	0	0	0	0	0	0	0	7.90232723537e-06	0	0	0	3.55604725592e-05	0	0	0	7.90232723537e-06	0	0	0	0	0	0	5.92674542653e-05	3.95116361769e-06	2.76581453238e-05	1.58046544707e-05	0.000126437235766	3.95116361769e-06	0	0	0	0	0	3.95116361769e-06	0	0
0.00032399541665	9.08767632068e-05	0.00129993283022	0	7.90232723537e-06	0	9.48279268244e-05	0.000881109486744	0.000106681417678	0.000201509344502	7.90232723537e-06	2.76581453238e-05	2.37069817061e-05	7.90232723537e-06	4.74139634122e-05	4.34627997945e-05	0.00489549172231	0.0013394444664	0	0.000114583744913	1.18534908531e-05	0.0326326603185	0.00134339563001	0.0187482713659	0.00266703544194	3.95116361769e-06	0.000134339563001	0.00125647003042	0.00540519182899	0.000485993124975	0.00810778774349	0	0	0.000106681417678	0.00628630131574	7.90232723537e-06	7.90232723537e-05	2.76581453238e-05	0	0	0	0	1.18534908531e-05	0	0.00010273025406	0	3.95116361769e-06	0	0	0	0	2.76581453238e-05	7.90232723537e-06	0	0	3.95116361769e-06	1.18534908531e-05	0.00015409538109	2.76581453238e-05	5.92674542653e-05	0	7.90232723537e-06	3.55604725592e-05	2.76581453238e-05	3.95116361769e-06	7.90232723537e-06	0	0	0	1.58046544707e-05	0.00219289580782	0.000968035086333	0.0021454818444	0.000655893160536	0.000181753526414	1.58046544707e-05	3.95116361769e-06	4.34627997945e-05	7.90232723537e-06	1.58046544707e-05	7.90232723537e-06	3.95116361769e-06	0	0
0.000248923307914	0.000920621122921	0.000908767632068	0	3.95116361769e-06	0	5.92674542653e-05	0.000730965269272	9.08767632068e-05	0.002904105259	4.34627997945e-05	7.90232723537e-06	1.58046544707e-05	0	5.92674542653e-05	2.76581453238e-05	0.00420403808922	0.000185704690031	0	1.58046544707e-05	1.58046544707e-05	0.00134339563001	0.018447982931	0.00334268442056	0.00312537042159	0	6.3218617883e-05	0.00365482634636	0.00204275159034	0.00020546050812	0.00108656999486	0	0	8.69255995891e-05	0.00123276304872	5.92674542653e-05	0.000351653561974	0.000114583744913	0	3.95116361769e-06	0	7.90232723537e-06	0.000288434944091	7.90232723537e-06	0.000948279268244	7.90232723537e-06	0	3.95116361769e-06	0	3.16093089415e-05	3.95116361769e-06	0.000391165198151	5.13651270299e-05	0	0	0	0.000161997708325	0.00237069817061	0.000466237306887	0.000363507052827	3.95116361769e-06	3.95116361769e-05	0.000434627997945	0.000418823343475	2.76581453238e-05	0.000130388399384	0	0	3.95116361769e-06	0.00020546050812	0.00133154213916	0.000798135050772	0.000817890868861	0.000343751234739	0.000126437235766	1.58046544707e-05	0	9.48279268244e-05	6.3218617883e-05	9.87790904421e-05	3.95116361769e-05	7.90232723537e-06	0	0
0.000339800071121	0.000509700106681	0.00865699948635	0	1.18534908531e-05	3.95116361769e-06	0.000142241890237	0.000952230431862	0.000134339563001	0.00032399541665	3.55604725592e-05	0.000130388399384	3.55604725592e-05	1.58046544707e-05	8.69255995891e-05	9.87790904421e-05	0.00880714370382	0.00704097356672	1.58046544707e-05	0.000549211742858	7.90232723537e-06	0.0187482713659	0.00334268442056	0.058990872812	0.00295942154965	1.18534908531e-05	0.000798135050772	0.0081986645067	0.0045122288514	0.000458334979652	0.00483227310443	0	7.90232723537e-06	0.000173851199178	0.0090481646845	3.95116361769e-06	0.000442530325181	0.000134339563001	0	0	0	0	3.55604725592e-05	0	0.000165948871943	0	3.95116361769e-06	0	0	0	0	9.48279268244e-05	4.34627997945e-05	0	0	3.95116361769e-06	2.76581453238e-05	0.000695404796713	0.000138290726619	9.08767632068e-05	3.95116361769e-06	5.53162906476e-05	0.000296337271326	5.13651270299e-05	3.95116361769e-06	3.16093089415e-05	0	0	0	5.53162906476e-05	0.00543680113794	0.00311746809435	0.00506539175787	0.00185704690031	0.000406969852622	7.11209451183e-05	1.18534908531e-05	7.11209451183e-05	5.13651270299e-05	3.95116361769e-05	2.76581453238e-05	7.90232723537e-06	0	0
0.00118139792169	1.97558180884e-05	0.000150144217472	0	0.00175036548263	0	0.000612430360741	0.00615591291635	0.000734916432889	0.00661029673239	0.0011181793038	7.90232723537e-06	0.00161207475602	0	0.000292386107709	0.000193607017267	0.0070607293848	3.16093089415e-05	0	3.95116361769e-06	0.00171875617369	0.00266703544194	0.00312537042159	0.00295942154965	0.038373701055	0	1.97558180884e-05	0.000276581453238	0.0149314473112	0.000442530325181	0.00165158639219	0	0	0.000150144217472	0.00113793512189	3.55604725592e-05	1.58046544707e-05	3.95116361769e-06	0	1.58046544707e-05	0	1.58046544707e-05	0.000237069817061	0	0.00112213046742	3.16093089415e-05	0	5.13651270299e-05	0	1.18534908531e-05	7.90232723537e-06	5.92674542653e-05	0	0	0	3.16093089415e-05	4.74139634122e-05	0.000237069817061	3.95116361769e-05	0.000754672250978	0	0	1.58046544707e-05	0.000367458216445	1.18534908531e-05	7.90232723537e-05	0	0	1.58046544707e-05	5.53162906476e-05	0.000944328104627	0.000379311707298	0.000537358252005	0.000193607017267	0.000521553597534	1.97558180884e-05	0	5.13651270299e-05	2.37069817061e-05	1.18534908531e-05	7.90232723537e-06	2.37069817061e-05	3.95116361769e-06	0
0	0.000213362835355	1.18534908531e-05	0	0	0	3.95116361769e-06	0	0	0	0	0.00395116361769	0	0.00497451499467	3.95116361769e-06	0	0	8.69255995891e-05	0.000260776798767	0.000339800071121	0	3.95116361769e-06	0	1.18534908531e-05	0	0.0104034138054	0.00195582599075	0.000991742068039	0	1.18534908531e-05	0	0.000185704690031	0	0	0.0010273025406	0	0.000466237306887	3.16093089415e-05	0	0	0	0	0	0	0	0	0.000509700106681	0	0.000371409380062	0	0	0	2.37069817061e-05	5.53162906476e-05	0.000126437235766	0	0	0	3.95116361769e-06	0	0.00156861195622	0.00075072108736	0.000620332687977	0	0	0	0	0	0	6.71697815007e-05	6.3218617883e-05	0.000533407088388	0.000466237306887	4.34627997945e-05	3.95116361769e-06	7.90232723537e-06	0.000209411671737	2.37069817061e-05	0.000308190762179	0.000114583744913	2.37069817061e-05	0	0	9.48279268244e-05
1.97558180884e-05	0.00100754672251	0.00476510332293	0	0	3.95116361769e-06	4.34627997945e-05	2.37069817061e-05	3.95116361769e-05	7.90232723537e-06	0	0.0089138251215	0	0.00445691256075	2.76581453238e-05	3.95116361769e-06	4.34627997945e-05	0.00578450353629	0.00349282863803	0.00823817614287	0	0.000134339563001	6.3218617883e-05	0.000798135050772	1.97558180884e-05	0.00195582599075	0.0493895452211	0.0134537121182	4.34627997945e-05	3.16093089415e-05	6.71697815007e-05	0.00153700264728	0	3.95116361769e-06	0.00443715674266	3.95116361769e-06	0.00182938875499	0.000248923307914	0	0	0	0	0	0	7.90232723537e-06	0	0.000158046544707	0	0.000122486072148	3.95116361769e-06	0	2.37069817061e-05	0.000114583744913	3.55604725592e-05	0.000130388399384	0	0	9.87790904421e-05	4.74139634122e-05	0	0.000849500177802	0.000869255995891	0.00144217472046	0	0	0	0	0	0	8.29744359714e-05	0.00090481646845	0.00209016555376	0.00254059820617	0.000640088506065	4.74139634122e-05	1.97558180884e-05	1.97558180884e-05	4.34627997945e-05	0.000146193053854	8.69255995891e-05	2.37069817061e-05	0	0	2.76581453238e-05
7.11209451183e-05	0.00399067525386	0.0105535580228	0	0	0	4.34627997945e-05	0.000138290726619	3.16093089415e-05	0.000106681417678	1.18534908531e-05	0.00120510490339	7.90232723537e-06	0.00145007704769	1.58046544707e-05	2.76581453238e-05	0.00206250740843	0.0032399541665	0.000213362835355	0.00244181911573	0	0.00125647003042	0.00365482634636	0.0081986645067	0.000276581453238	0.000991742068039	0.0134537121182	0.0528507645502	0.000363507052827	7.5072108736e-05	0.00042672567071	0.000122486072148	0	3.95116361769e-05	0.00329131929353	7.90232723537e-06	0.00216523766249	0.000509700106681	0	0	0	0	3.95116361769e-05	0	5.13651270299e-05	0	5.92674542653e-05	0	4.74139634122e-05	7.90232723537e-06	0	0.000857402505038	0.000213362835355	1.58046544707e-05	5.13651270299e-05	0	0.000114583744913	0.000920621122921	0.000399067525386	3.55604725592e-05	0.000260776798767	0.000549211742858	0.00300683551306	3.55604725592e-05	3.95116361769e-06	5.53162906476e-05	0	0	0	0.00020546050812	0.00189655853649	0.00211387253546	0.00215733533526	0.000679600142242	0.000118534908531	2.76581453238e-05	3.95116361769e-06	9.08767632068e-05	0.000138290726619	0.000177802362796	5.92674542653e-05	3.95116361769e-06	0	3.95116361769e-06
0.00197163064523	1.97558180884e-05	0.000399067525386	0	0.00363507052827	7.90232723537e-06	0.00144217472046	0.015729582362	0.00127227468489	0.00154490497451	0.00546445928326	1.18534908531e-05	0.000924572286538	3.95116361769e-06	0.000525504761152	8.29744359714e-05	0.00352443794698	0.000189655853649	0	4.34627997945e-05	0.00232723537082	0.00540519182899	0.00204275159034	0.0045122288514	0.0149314473112	0	4.34627997945e-05	0.000363507052827	0.0486585799518	0.000754672250978	0.00620727804338	0	7.90232723537e-06	0.000181753526414	0.00217313998973	1.58046544707e-05	1.58046544707e-05	0	0	1.97558180884e-05	0	1.18534908531e-05	0.000150144217472	7.90232723537e-06	0.00068355130586	1.18534908531e-05	0	2.76581453238e-05	0	1.18534908531e-05	0	5.92674542653e-05	0	0	0	2.76581453238e-05	3.95116361769e-05	0.000213362835355	3.55604725592e-05	0.000406969852622	0	0	1.97558180884e-05	0.000217313998973	3.95116361769e-06	3.55604725592e-05	0	0	7.90232723537e-06	3.95116361769e-05	0.00164368406496	0.000734916432889	0.0011181793038	0.000391165198151	0.000304239598562	1.97558180884e-05	0	4.34627997945e-05	1.18534908531e-05	1.58046544707e-05	1.18534908531e-05	0	3.95116361769e-06	0
0.0047374451776	1.97558180884e-05	7.90232723537e-05	0	1.18534908531e-05	0.000189655853649	0.00256430518788	0.00190841202734	0.0035520960923	0.000173851199178	0.000213362835355	0.000122486072148	0.00015409538109	1.58046544707e-05	0.00544075230155	0.000331897743886	0.00015409538109	4.34627997945e-05	7.90232723537e-06	1.97558180884e-05	7.90232723537e-05	0.000485993124975	0.00020546050812	0.000458334979652	0.000442530325181	1.18534908531e-05	3.16093089415e-05	7.5072108736e-05	0.000754672250978	0.024710577265	0.00423959856178	0	0.000351653561974	0.00209806788099	0.00444110790628	7.90232723537e-06	7.90232723537e-06	0	0	0	0	3.95116361769e-06	1.58046544707e-05	0	0.000114583744913	0	0	0	0	0	3.95116361769e-06	1.18534908531e-05	0	0	0	0	0	2.76581453238e-05	1.18534908531e-05	5.53162906476e-05	0	0	1.18534908531e-05	2.37069817061e-05	0	3.95116361769e-06	0	0	3.95116361769e-06	1.18534908531e-05	0.00130388399384	0.000280532616856	0.00158046544707	0.000462286143269	0.000837646686949	0.00025682563515	0	1.97558180884e-05	7.90232723537e-06	1.58046544707e-05	7.90232723537e-06	0	0	0
0.00306610296732	4.74139634122e-05	0.000568967560947	0	3.16093089415e-05	7.90232723537e-06	0.000442530325181	0.00745584574657	0.000865304832273	0.000489944288593	0.00015409538109	3.16093089415e-05	9.08767632068e-05	0	0.000691453633095	9.08767632068e-05	0.000979888577186	0.000438579161563	3.95116361769e-06	5.13651270299e-05	8.29744359714e-05	0.00810778774349	0.00108656999486	0.00483227310443	0.00165158639219	0	6.71697815007e-05	0.00042672567071	0.00620727804338	0.00423959856178	0.0341380536568	0	3.95116361769e-06	0.000434627997945	0.00723062942036	1.97558180884e-05	3.16093089415e-05	7.90232723537e-06	0	0	0	0	5.53162906476e-05	0	0.000241020980679	0	3.95116361769e-06	7.90232723537e-06	0	1.18534908531e-05	0	1.18534908531e-05	0	0	3.95116361769e-06	7.90232723537e-06	1.18534908531e-05	8.69255995891e-05	1.58046544707e-05	0.000134339563001	0	0	1.58046544707e-05	5.53162906476e-05	7.90232723537e-06	1.97558180884e-05	0	0	0	3.55604725592e-05	0.00291200758623	0.00100359555889	0.00231143071635	0.00080208621439	0.000359555889209	3.95116361769e-05	0	3.55604725592e-05	7.90232723537e-06	2.37069817061e-05	1.58046544707e-05	0	0	0
0	0	0	0	0	0	0	0	0	0	0	0.00106286301316	0	0.00133549330278	0	0	0	0	5.13651270299e-05	4.74139634122e-05	0	0	0	0	0	0.000185704690031	0.00153700264728	0.000122486072148	0	0	0	0.00237069817061	0	0	3.95116361769e-05	0	1.58046544707e-05	0	0	0	0	0	0	0	0	0	1.58046544707e-05	0	1.18534908531e-05	0	0	0	0	3.95116361769e-06	3.95116361769e-06	0	0	0	0	0	3.16093089415e-05	7.90232723537e-06	3.95116361769e-06	0	0	0	0	0	0	0	0	0	2.37069817061e-05	3.95116361769e-06	0	0	0	0	3.95116361769e-06	0	3.95116361769e-06	0	0	0
1.18534908531e-05	0	0	0	0	0.000734916432889	0.00161997708325	7.90232723537e-06	0.00232723537082	0	3.95116361769e-06	1.18534908531e-05	7.90232723537e-06	3.95116361769e-06	0.00119325141254	2.37069817061e-05	0	3.95116361769e-06	0	0	3.95116361769e-06	0	0	7.90232723537e-06	0	0	0	0	7.90232723537e-06	0.000351653561974	3.95116361769e-06	0	0.00355604725592	7.90232723537e-06	0.00025682563515	0	0	0	0	0	0	0	0	0	0	0	0	0	0	0	0	0	0	0	0	0	0	0	0	3.95116361769e-06	0	0	0	0	0	0	0	0	0	0	2.76581453238e-05	1.58046544707e-05	9.08767632068e-05	2.37069817061e-05	9.08767632068e-05	0.000248923307914	3.95116361769e-06	0	0	0	0	0	0	0
0.000434627997945	0	2.37069817061e-05	0	0	0	0.000130388399384	0.000371409380062	0.000177802362796	4.74139634122e-05	3.55604725592e-05	0	1.58046544707e-05	0	0.000347702398356	3.95116361769e-05	5.53162906476e-05	2.37069817061e-05	0	7.90232723537e-06	1.58046544707e-05	0.000106681417678	8.69255995891e-05	0.000173851199178	0.000150144217472	0	3.95116361769e-06	3.95116361769e-05	0.000181753526414	0.00209806788099	0.000434627997945	0	7.90232723537e-06	0.00327946580268	0.00152119799281	0	3.95116361769e-06	0	0	0	0	3.95116361769e-06	3.95116361769e-06	0	3.55604725592e-05	0	0	0	0	0	0	0	0	0	0	0	0	1.97558180884e-05	0	1.58046544707e-05	0	0	3.95116361769e-06	1.58046544707e-05	0	3.95116361769e-06	0	0	0	0	0.000584772215417	0.00015409538109	0.000454383816034	0.000146193053854	0.00015409538109	7.90232723537e-06	0	0	0	0	0	0	0	0
0.00195582599075	0.000505748943064	0.00348887747442	0	1.18534908531e-05	0.000248923307914	0.00259591449682	0.00196767948161	0.00269469358726	0.000355604725592	0.000181753526414	0.00710814334822	0.000158046544707	0.00212572602631	0.00185309573669	0.000521553597534	0.00113003279466	0.00794183887155	0.000501797779446	0.00561065233711	9.48279268244e-05	0.00628630131574	0.00123276304872	0.0090481646845	0.00113793512189	0.0010273025406	0.00443715674266	0.00329131929353	0.00217313998973	0.00444110790628	0.00723062942036	3.95116361769e-05	0.00025682563515	0.00152119799281	0.0553360464657	1.58046544707e-05	0.000533407088388	9.48279268244e-05	0	0	0	3.95116361769e-06	5.53162906476e-05	3.95116361769e-06	0.000193607017267	0	6.3218617883e-05	0	5.92674542653e-05	2.37069817061e-05	0	2.37069817061e-05	5.92674542653e-05	7.90232723537e-06	1.97558180884e-05	0	4.34627997945e-05	0.00022126516259	5.53162906476e-05	0.000106681417678	0.000201509344502	0.000173851199178	0.00037536054368	9.48279268244e-05	1.58046544707e-05	1.58046544707e-05	0	3.95116361769e-06	0	9.87790904421e-05	0.0102058556245	0.0060097198625	0.0204156624126	0.00609664546209	0.00185309573669	0.000521553597534	0.000932474613774	0.000248923307914	0.000142241890237	0.000130388399384	0.000130388399384	1.58046544707e-05	7.90232723537e-06	6.3218617883e-05
3.95116361769e-06	3.95116361769e-06	3.95116361769e-06	0	0	0	3.95116361769e-06	2.37069817061e-05	7.90232723537e-06	8.69255995891e-05	0	3.95116361769e-06	7.90232723537e-06	0	3.95116361769e-06	0	1.97558180884e-05	0	0	0	0	7.90232723537e-06	5.92674542653e-05	3.95116361769e-06	3.55604725592e-05	0	3.95116361769e-06	7.90232723537e-06	1.58046544707e-05	7.90232723537e-06	1.97558180884e-05	0	0	0	1.58046544707e-05	0.0182267177684	1.97558180884e-05	5.53162906476e-05	0	0.00010273025406	3.95116361769e-06	0.00135920028448	0.00735706665613	0.00137895610257	0.00047809079774	0.000636137342447	1.97558180884e-05	0.000450432652416	0	0.00539333833814	0.000347702398356	0.000158046544707	5.53162906476e-05	0	7.90232723537e-06	0.000189655853649	0.000454383816034	0.000217313998973	0.000533407088388	0.00124856770319	0	2.37069817061e-05	4.74139634122e-05	0.00171480501008	0.00721482476589	0.00271840056897	0	7.90232723537e-06	0.00104310719507	0.0027263028962	7.90232723537e-06	0	1.58046544707e-05	1.18534908531e-05	7.90232723537e-06	0	0	0.000841597850567	0.000213362835355	0.00116954443083	0.000383262870915	7.5072108736e-05	4.74139634122e-05	3.95116361769e-06
0	0.00157651428346	0.00111027697657	0	0	0	0	3.95116361769e-06	3.95116361769e-06	1.18534908531e-05	0	0.000379311707298	0	0.000173851199178	0	0	6.71697815007e-05	0.000576869888182	5.13651270299e-05	0.000588723379035	0	7.90232723537e-05	0.000351653561974	0.000442530325181	1.58046544707e-05	0.000466237306887	0.00182938875499	0.00216523766249	1.58046544707e-05	7.90232723537e-06	3.16093089415e-05	1.58046544707e-05	0	3.95116361769e-06	0.000533407088388	1.97558180884e-05	0.0171164407918	0.00209016555376	0	0	0	3.95116361769e-06	3.95116361769e-05	3.95116361769e-06	5.92674542653e-05	3.95116361769e-06	0.000264727962385	0	0.000114583744913	1.58046544707e-05	0	0.000296337271326	0.00119325141254	8.69255995891e-05	0.000533407088388	0	0.000150144217472	0.00275791220514	0.000825793196096	4.74139634122e-05	0.00204275159034	0.00351653561974	0.00987000671698	5.53162906476e-05	3.16093089415e-05	7.90232723537e-05	3.95116361769e-06	0	0	0.000790232723537	0.000201509344502	0.000359555889209	0.000339800071121	9.08767632068e-05	1.18534908531e-05	3.95116361769e-06	7.90232723537e-06	0.000343751234739	0.00068355130586	0.000588723379035	0.000244972144296	0	0	3.95116361769e-06
0	0.000209411671737	0.000304239598562	0	0	0	0	0	0	7.90232723537e-06	0	2.37069817061e-05	0	7.90232723537e-06	0	0	8.29744359714e-05	0.000114583744913	3.95116361769e-06	5.92674542653e-05	0	2.76581453238e-05	0.000114583744913	0.000134339563001	3.95116361769e-06	3.16093089415e-05	0.000248923307914	0.000509700106681	0	0	7.90232723537e-06	0	0	0	9.48279268244e-05	5.53162906476e-05	0.00209016555376	0.0303765458928	0	3.95116361769e-06	0	7.90232723537e-06	0.000320044253033	0	9.87790904421e-05	0	0.000142241890237	0	2.37069817061e-05	2.76581453238e-05	3.95116361769e-06	0.000940376941009	0.00546050811964	7.90232723537e-06	0.000434627997945	0	0.00158836777431	0.00106681417678	0.00984629973527	0.000110632581295	5.13651270299e-05	0.0056067011735	0.0113358884191	0.000414872179857	6.71697815007e-05	0.000758623414596	0	0	1.58046544707e-05	0.00252084238808	3.95116361769e-05	9.08767632068e-05	5.92674542653e-05	2.37069817061e-05	3.95116361769e-06	0	0	0.00165553755581	0.00195977715437	0.0022561144257	0.00107076534039	1.58046544707e-05	3.55604725592e-05	1.58046544707e-05
0	0	0	0	0	0	0	0	0	0	0	0	0	0	0	0	0	0	0	0	0	0	0	0	0	0	0	0	0	0	0	0	0	0	0	0	0	0	0	0	0	0	0	0	0	0	0	0	0	0	0	0	0	0	0	0	0	0	0	0	0	0	0	0	0	0	0	0	0	0	0	0	0	0	0	0	0	0	0	0	0	0	0	0
7.90232723537e-06	0	0	0	0.000916669959303	0	3.95116361769e-06	2.76581453238e-05	7.90232723537e-06	5.13651270299e-05	3.95116361769e-06	0	3.95116361769e-05	0	0	0	0	0	0	0	3.95116361769e-06	0	3.95116361769e-06	0	1.58046544707e-05	0	0	0	1.97558180884e-05	0	0	0	0	0	0	0.00010273025406	0	3.95116361769e-06	0	0.0150776403651	0	0.000545260579241	0.000873207159508	0.00010273025406	0.000225216326208	0.00350073096527	0	0.00222845628037	0	0.000110632581295	1.18534908531e-05	2.37069817061e-05	0	0	0	0.0104192184598	2.37069817061e-05	1.58046544707e-05	1.18534908531e-05	0.00454383816034	0	0	0	0.00266703544194	2.76581453238e-05	5.13651270299e-05	0	0	1.58046544707e-05	7.11209451183e-05	0	0	0	0	1.18534908531e-05	0	0	3.95116361769e-06	0	3.55604725592e-05	0	1.58046544707e-05	3.95116361769e-06	0
0	0	0	0	0	0	0	0	0	0	0	0	0	0	0	0	0	0	0	0	0	0	0	0	0	0	0	0	0	0	0	0	0	0	0	3.95116361769e-06	0	0	0	0	0.00291200758623	0.000446481488798	3.95116361769e-06	0.000561065233711	0	0	0	0	0	0.000181753526414	0.000470188470505	0	0	0	0	0	0	0	3.95116361769e-06	0	0	0	0	3.95116361769e-06	0.000173851199178	0	0	0.00133549330278	0	0.000513651270299	0	0	0	0	0	0	0	1.97558180884e-05	3.95116361769e-06	5.13651270299e-05	7.90232723537e-06	0.000521553597534	0.000588723379035	0
3.95116361769e-06	0	0	0	1.18534908531e-05	0	0	1.58046544707e-05	3.95116361769e-06	1.58046544707e-05	0	0	0.000106681417678	0	3.95116361769e-06	0	0	0	0	0	0	0	7.90232723537e-06	0	1.58046544707e-05	0	0	0	1.18534908531e-05	3.95116361769e-06	0	0	0	3.95116361769e-06	3.95116361769e-06	0.00135920028448	3.95116361769e-06	7.90232723537e-06	0	0.000545260579241	0.000446481488798	0.0313919949425	0.0018768027184	0.00811173890711	0.000209411671737	0.00729779920186	4.74139634122e-05	0.00845153897823	0	0.00479671263187	0.003038444822	1.58046544707e-05	1.97558180884e-05	3.95116361769e-06	1.18534908531e-05	0.00230352838911	2.76581453238e-05	4.74139634122e-05	4.74139634122e-05	0.000940376941009	3.95116361769e-06	1.58046544707e-05	7.90232723537e-06	0.000825793196096	0.00287644711367	0.000233118653443	0	0.000817890868861	0.000142241890237	0.00209016555376	3.95116361769e-06	0	0	0	0	0	0	0.000264727962385	7.90232723537e-05	0.000782330396302	0.000229167489826	5.92674542653e-05	0.000438579161563	3.95116361769e-06
