0.00804652472438	0	0	0	0	0	0.00115878619853	0.00334640126492	0.00171110485391	0	0.00175442396413	0	9.74679980073e-05	0	0.00445103857567	0	0	0	0	0	9.74679980073e-05	0	0	0	0.000346552881804	0	0	0	0.000649786653382	0.00251250839308	0.00323810348935	0	0	0	0	0	0	0	0	0	0	0	0	0	0	0	0	0	0	0	0	0	0	0	0	0	0	0	0	0	0	0	0	0	0	0	0	0	0	0	0	0	0	0	0	0	0	0	0	0	0	0	0	0
0	0.0238146808465	0	0	0	0	0	0	0	0.00269661461154	0	1.08297775564e-05	0	0.000227425328684	0	0	0.00023825510624	0.00296735905045	0	0	0	1.08297775564e-05	0.00505750611882	0	0.00411531547142	0.00246918928285	0.00485174034525	0.0171218783166	1.08297775564e-05	0	0	0	0	0	0	0	0.0145119019255	0	0	0	0	0	0	0	0.00011912755312	0	0	0	0	0	0	0.000249084883796	0.00121293508631	0	4.33191102255e-05	0	0	0.000454850657367	0	0.000259914661353	0.000216595551127	0.0020359981806	0.0118477766467	0	0	0	0	0	0	0	2.16595551127e-05	1.08297775564e-05	3.24893326691e-05	2.16595551127e-05	1.08297775564e-05	0	0	0	0	0	0	0	0	0
0	0	0.0377634343391	0	0	0	0	0.00103965864541	0	0	0	3.24893326691e-05	0	1.08297775564e-05	0	0	0	0.0163637938877	2.16595551127e-05	7.58084428946e-05	0	0.000324893326691	0	0.0212913426758	0	0	0.00631376031536	0.016721176547	0.000855552426953	0	0.00120210530876	0	0	0	0	0	0	8.6638220451e-05	0	0	0	0	0	0	0	0	0	0	0	0	0	0	2.16595551127e-05	0	0	0	0	0.00035738265936	0.00095302042496	0	0	0	0.00142953063744	0	0	0	0	0	0	0	0.000108297775564	3.24893326691e-05	0.000693105763608	0.00134289241699	0	0	0	0	0	0.00122376486387	0.00122376486387	0	0	0
0	0	0	0	0	0	0	0	0	0	0	0	0	0	0	0	0	0	0	0	0	0	0	0	0	0	0	0	0	0	0	0	0	0	0	0	0	0	0	0	0	0	0	0	0	0	0	0	0	0	0	0	0	0	0	0	0	0	0	0	0	0	0	0	0	0	0	0	0	0	0	0	0	0	0	0	0	0	0	0	0	0	0	0
0	0	0	0	0.0136671792761	0.000259914661353	0.000270744438909	0.000368212436917	0.000249084883796	0.00312980571379	0.000368212436917	0	0.0011912755312	0	3.24893326691e-05	0.000454850657367	0	0	0	0	0.00577227143754	0	0	0	0.00607550520912	0	0	0	0.00533908033529	5.41488877818e-05	0	0	0	0	4.33191102255e-05	0	0	0	0	0.00106131820052	1.08297775564e-05	0.000303233771578	0	0.000530659100262	0.00172193463146	0	0	0.000249084883796	0	0.000530659100262	0.00011912755312	0	0	0	0	0	0	0	0	0.00125625419654	0	0	0	0.00105048842297	0.000151616885789	0	0	0	0	0	0.000140787108233	0	0.000368212436917	5.41488877818e-05	0.000259914661353	0	0	0.000552318655375	0	0	0	0.00110463731075	0	0
0	0	0	0	0.000259914661353	0.0101366717928	0.00376876258962	0.00011912755312	0.00289155060755	0.00256665728086	0.000606467543157	0	0.00124542441898	0	0.000129957330676	0.00408282613875	0	0	0	0	0.000270744438909	0	0	0	0.00152699863545	0	0	0	0.0012670839741	0.000129957330676	0	0	0.000379042214473	0	5.41488877818e-05	0	0	0	0	0	0	0.000173276440902	0	0.000205765773571	0.000249084883796	0	0	0	0	0.000205765773571	0	0	0	0	0	0	0	0	0	0	0	0	0	0	2.16595551127e-05	0	0	0	0	0	0.00167861552124	0	0.00162446663346	0.000693105763608	0.00504667634127	0.00114795642098	0	0.000270744438909	0	0	0	0.000227425328684	0	0
0.00115878619853	0	0	0	0.000270744438909	0.00376876258962	0.0417163031471	0.0104832246746	0.0274534861054	0.00155948796812	0.0171651974268	0.00202516840304	0.0111005219953	0.000194935996015	0.00909701314735	0.00251250839308	0	0	0.000584807988044	0.000400701769586	0.00607550520912	0	0	0	0.000194935996015	0	0	0	0.00278325283199	0.0065520154216	0.00242587017263	0	0	0.0017869132968	0.00071476531872	0	0	0	0	9.74679980073e-05	0	0.000216595551127	0	0.00139704130477	0.00011912755312	2.16595551127e-05	0.000292403994022	0.000628127098269	0.000173276440902	0.00131040308432	0	0	0	2.16595551127e-05	5.41488877818e-05	0.000259914661353	0	0	0	0.000292403994022	0	0.000194935996015	0	0.000844722649397	0.00164612618857	0	0.000216595551127	1.08297775564e-05	0	0.00160280707834	0.00164612618857	0.0011912755312	0.00343303948537	0.000173276440902	0.00446186835322	0.000108297775564	0	0.000541488877818	5.41488877818e-05	0.00086638220451	6.49786653382e-05	0.000173276440902	2.16595551127e-05	0
0.00334640126492	0	0.00103965864541	0	0.000368212436917	0.00011912755312	0.0104832246746	0.0718772336416	0.0139162641599	0.00118044575364	0.0289371656306	0.000151616885789	7.58084428946e-05	0	0.0124759037449	0.000541488877818	0	0.00166778574368	0.000205765773571	0.00108297775564	2.16595551127e-05	0.00530659100262	0	0.00685524919318	0.00284823149733	0	8.6638220451e-05	6.49786653382e-05	0.0286664211917	0.0102666291234	0.0136671792761	0	0	0.00447269813078	0.00222010439906	0	3.24893326691e-05	0	0	0.000638956875826	0	0	0	1.08297775564e-05	0.00102882886786	0	1.08297775564e-05	0	1.08297775564e-05	0	0	0	1.08297775564e-05	0	0	0	0	2.16595551127e-05	0	0.000703935541164	0	0	1.08297775564e-05	0.000400701769586	1.08297775564e-05	0	1.08297775564e-05	0	0	3.24893326691e-05	0.00179774307436	7.58084428946e-05	0.00386623058762	0.00112629686586	0.000216595551127	0	0	0.000541488877818	0	2.16595551127e-05	0	0	0	0
0.00171110485391	0	0	0	0.000249084883796	0.00289155060755	0.0274534861054	0.0139162641599	0.0444670666465	0.000812233316728	0.0202516840304	0.00462431501657	0.0119019255344	0.000194935996015	0.0145877103684	0.00120210530876	0	0	0.00160280707834	2.16595551127e-05	0.0104182460092	0	0	0	0.00023825510624	0	0	0	0.00249084883796	0.00745088695878	0.00278325283199	0	0	0.00188438129481	0.00107214797808	0	0	0	0	1.08297775564e-05	0	5.41488877818e-05	0	0.000920531092291	0	1.08297775564e-05	0.000129957330676	0.000552318655375	8.6638220451e-05	0.000898871537179	0	0	0	0	3.24893326691e-05	4.33191102255e-05	0	0	0	4.33191102255e-05	0	8.6638220451e-05	0	3.24893326691e-05	0.00100716931274	0	9.74679980073e-05	1.08297775564e-05	0	0.000519829322706	0.00107214797808	0.00172193463146	0.00701769585653	0.000129957330676	0.00291321016266	0	0	9.74679980073e-05	2.16595551127e-05	0.000227425328684	0	0	0	0
0	0.00269661461154	0	0	0.00312980571379	0.00256665728086	0.00155948796812	0.00118044575364	0.000812233316728	0.0407632827222	0.000205765773571	0	0.00253416794819	6.49786653382e-05	4.33191102255e-05	0.00514414433928	0.00286989105244	2.16595551127e-05	0	4.33191102255e-05	0.000216595551127	0	0.0051874634495	7.58084428946e-05	0.03217526912	0.00095302042496	0.000552318655375	0.00231757239706	0.0162013472243	0.00011912755312	0	0	0	0	0	0.000573978210488	1.08297775564e-05	0	0	0.00431025146743	6.49786653382e-05	0.000606467543157	0	0.00265329550131	0.0162121770019	0	2.16595551127e-05	0.000151616885789	0	0.00198184929282	0.000444020879811	0.0018627217397	0.000140787108233	6.49786653382e-05	0.000216595551127	1.08297775564e-05	2.16595551127e-05	0.00386623058762	0	0.00777578028547	0	0.000314063549135	0	0.00276159327687	0.00231757239706	0.00202516840304	1.08297775564e-05	0.000444020879811	0.00270744438909	0.00325976304447	0.00223093417661	0.000335723104247	3.24893326691e-05	0	0.00396369858563	0	0	0.0053607398904	0.00047651021248	0.00323810348935	0.00121293508631	0.00205765773571	0.000812233316728	0
0.00175442396413	0	0	0	0.000368212436917	0.000606467543157	0.0171651974268	0.0289371656306	0.0202516840304	0.000205765773571	0.0633541987048	0.00713682340965	0.011717819316	1.08297775564e-05	0.01201022331	4.33191102255e-05	0	0	0.00544737811085	0.00361714570383	0.0116853299833	0	0	0	0.000270744438909	0	0	1.08297775564e-05	0.0110788624402	0.00980094868851	0.00191687062748	0	0	0.0028049123871	0.00629210076025	0	0	0	0	0.000660616430939	0	0	0	3.24893326691e-05	6.49786653382e-05	0	1.08297775564e-05	0	1.08297775564e-05	0	0	0	0	0	0	1.08297775564e-05	0	0	0	0.000606467543157	0	0	1.08297775564e-05	0.000812233316728	4.33191102255e-05	0	1.08297775564e-05	0	0	4.33191102255e-05	0.00184106218458	0.000660616430939	0.00989841668652	0.000314063549135	0.000682275986051	1.08297775564e-05	0	6.49786653382e-05	0	4.33191102255e-05	0	0	0	0
0	1.08297775564e-05	3.24893326691e-05	0	0	0	0.00202516840304	0.000151616885789	0.00462431501657	0	0.00713682340965	0.0323268860058	0.00562065455176	0.00559899499664	0.00148367952522	0	0	3.24893326691e-05	0.0099525655743	0.00751586562412	0.00685524919318	0.000433191102255	1.08297775564e-05	0.000346552881804	0	0.000844722649397	0.00361714570383	0.000346552881804	0.00128874352921	0.00276159327687	0.000259914661353	0	7.58084428946e-05	0	0.0104182460092	0	0	0	0	1.08297775564e-05	0	0	0	0	0	0	0.000108297775564	0	0.000465680434924	0	0	0	0	0	4.33191102255e-05	0	0	0	0	0	0.000465680434924	0.000454850657367	0.000140787108233	1.08297775564e-05	0	0	0	0	0	0	0.00347635859559	0.00956269358227	0.0182265156274	0.00127791375165	0	0	0.000996339535186	0	0.000129957330676	0	0	0	0	0
9.74679980073e-05	0	0	0	0.0011912755312	0.00124542441898	0.0111005219953	7.58084428946e-05	0.0119019255344	0.00253416794819	0.011717819316	0.00562065455176	0.0269444865602	0.000162446663346	0.00279408260954	0.00317312482402	0	0	0.00294569949533	0.0010179990903	0.0118910957569	0	0	0	0.00164612618857	0	0	0	0.00149450930278	0.00269661461154	6.49786653382e-05	0	0	0	0.00230674261951	0	0	0	0	1.08297775564e-05	0	0.000227425328684	0	0.000335723104247	0.000303233771578	0	0	0.000747254651389	0	0.000335723104247	0	0	0	0	0	0	0	0	0	1.08297775564e-05	0	0	0	0	6.49786653382e-05	0	0	0	0	0	6.49786653382e-05	0.00173276440902	0.0076458229548	3.24893326691e-05	0.000519829322706	0	0	0.000389871992029	0	0	0	0.00035738265936	0	0
0	0.000227425328684	1.08297775564e-05	0	0	0	0.000194935996015	0	0.000194935996015	6.49786653382e-05	1.08297775564e-05	0.00559899499664	0.000162446663346	0.0150100716931	0.000162446663346	0	3.24893326691e-05	3.24893326691e-05	0	0.000259914661353	0.000184106218458	0.000205765773571	0.000129957330676	0.00023825510624	0.000162446663346	0.00266412527887	0.00640039853581	0.00227425328684	0.000335723104247	9.74679980073e-05	5.41488877818e-05	9.74679980073e-05	0	0	0.000140787108233	0	0	0	0	0	0	0	0	0	1.08297775564e-05	0	0.000162446663346	0	0.00385540081007	0	0	0	0	0	0.000216595551127	0	0	0	0	0	0.0010179990903	0.00127791375165	0.00265329550131	0	0	0	0.000508999545149	0	0	0	0.00226342350928	0.0082414607204	0.00207931729082	0.00098550975763	0	0	0.000920531092291	2.16595551127e-05	0.000335723104247	0	0	0	0	9.74679980073e-05
0.00445103857567	0	0	0	3.24893326691e-05	0.000129957330676	0.00909701314735	0.0124759037449	0.0145877103684	4.33191102255e-05	0.01201022331	0.00148367952522	0.00279408260954	0.000162446663346	0.0285581234161	0.000379042214473	0	0	0	0	0.00149450930278	0	0	0	0.000151616885789	0	0	0	0.00174359418658	0.00407199636119	0.00451601724101	0	0.000444020879811	0.000389871992029	0.00154865819056	0	0	0	0	3.24893326691e-05	0	0	0	0	0	0	1.08297775564e-05	0	0	0	0	0	0	0	0	0	0	0	0	2.16595551127e-05	0	0	0	4.33191102255e-05	4.33191102255e-05	0	1.08297775564e-05	0	0	7.58084428946e-05	0.000173276440902	5.41488877818e-05	0.00215512573372	8.6638220451e-05	6.49786653382e-05	0	0	1.08297775564e-05	0	6.49786653382e-05	0	0	0	0
0	0	0	0	0.000454850657367	0.00408282613875	0.00251250839308	0.000541488877818	0.00120210530876	0.00514414433928	4.33191102255e-05	0	0.00317312482402	0	0.000379042214473	0.0105265437848	0	0	0	0	2.16595551127e-05	0	0	1.08297775564e-05	0.0045918256839	0	0	0	0.00232840217462	0.000259914661353	1.08297775564e-05	0	0	0	0	0	0	0	0	0	0	0.000227425328684	0	0.000335723104247	0.000324893326691	0	0	0	0	0.000335723104247	0	0	0	0	0	0	0	0	0	0	0	0	0	0	6.49786653382e-05	0	0	0	0	0	0.000162446663346	0	5.41488877818e-05	1.08297775564e-05	0.00358465637116	2.16595551127e-05	0	0.000411531547142	0	0	0	0.000368212436917	0	0
0	0.00023825510624	0	0	0	0	0	0	0	0.00286989105244	0	0	0	3.24893326691e-05	0	0	0.0232948515237	0	0	0	0	0.000996339535186	0.0160497303385	0.00669280252984	0.0087612900431	0	3.24893326691e-05	0.00253416794819	0.00446186835322	0	0	0	0	0	0	0	0	0	0	0	0	0	0	0	0.000465680434924	0	0	0	0	0	0	0.007396738071	2.16595551127e-05	0	4.33191102255e-05	0	0.00100716931274	0.0117936277589	0.00489505945548	0.00251250839308	0	4.33191102255e-05	0.00011912755312	0.000736424873833	0	0	0	0	0	0	0.00187355151725	0.0018627217397	0	0	0	0	0	0.000703935541164	0.000270744438909	2.16595551127e-05	2.16595551127e-05	1.08297775564e-05	0	0
0	0.00296735905045	0.0163637938877	0	0	0	0	0.00166778574368	0	2.16595551127e-05	0	3.24893326691e-05	0	3.24893326691e-05	0	0	0	0.0474669150296	0	0.00191687062748	0	0.00180857285191	0	0.0177824947476	0	0	0.0152591565769	0.0144144339275	0.00173276440902	0	0.00504667634127	0	0	0	0.00618380298469	0	0.0113604366566	0	0	0	0	0	0	0	0	0	0	0	0	0	0	0	0.0042452728021	0	0.00403950702853	0	0	2.16595551127e-05	0	0	0	0.00710433407698	0.00248001906041	0	0	0	0	0	0	0.000108297775564	0.00152699863545	0.00214429595616	0.00338972037514	0.000682275986051	0	0	0	3.24893326691e-05	2.16595551127e-05	0.000129957330676	5.41488877818e-05	0	0	0
0	0	2.16595551127e-05	0	0	0	0.000584807988044	0.000205765773571	0.00160280707834	0	0.00544737811085	0.0099525655743	0.00294569949533	0	0	0	0	0	0.0122268188611	0.00582642032533	0.00393120925296	0.00011912755312	0	5.41488877818e-05	0	0	0.00229591284195	3.24893326691e-05	0.000693105763608	0.000823063094284	5.41488877818e-05	0	0	0	0.0051874634495	0	0	0	0	1.08297775564e-05	0	0	0	0	0	0	0	0	0	0	0	0	0	0	0	0	0	0	0	0	0	0	0	1.08297775564e-05	0	0	0	0	0	0	5.41488877818e-05	0.000573978210488	0.00760250384457	0.000129957330676	0	0	0	0	0	0	0	0	0	0
0	0	7.58084428946e-05	0	0	0	0.000400701769586	0.00108297775564	2.16595551127e-05	4.33191102255e-05	0.00361714570383	0.00751586562412	0.0010179990903	0.000259914661353	0	0	0	0.00191687062748	0.00582642032533	0.0221468951028	0.00163529641101	0.000508999545149	0	0.00106131820052	0	0	0.00314063549135	0.000389871992029	0.000812233316728	0.000422361324698	0.000660616430939	0	0	0	0.00914033225758	0	0.000389871992029	0	0	0	0	0	0	0	0	0	0	0	9.74679980073e-05	0	0	0	0	0	0.000508999545149	0	0	2.16595551127e-05	1.08297775564e-05	0	0	0.000682275986051	8.6638220451e-05	0	0	0	1.08297775564e-05	0	0	0	0.00432108124499	0.00239338083996	0.013645519721	0.000227425328684	0	0	0	1.08297775564e-05	3.24893326691e-05	0	0	0	0	0
9.74679980073e-05	0	0	0	0.00577227143754	0.000270744438909	0.00607550520912	2.16595551127e-05	0.0104182460092	0.000216595551127	0.0116853299833	0.00685524919318	0.0118910957569	0.000184106218458	0.00149450930278	2.16595551127e-05	0	0	0.00393120925296	0.00163529641101	0.0236847235158	0	0	0	0.000758084428946	0	0	0	0.00489505945548	0.00227425328684	2.16595551127e-05	0	0	0	0.00342220970781	0	0	0	0	0.000573978210488	0	9.74679980073e-05	0	0.000129957330676	0.000140787108233	0	0	0.000584807988044	0	0.000129957330676	0	0	0	0	0	0	0	0	0	0.000184106218458	0	0	0	0.000162446663346	2.16595551127e-05	0	0	0	0	0	0.00086638220451	0.00184106218458	0.00927028958825	6.49786653382e-05	0.000498169767593	0	0	0	0	0	0	0.000184106218458	0	0
0	1.08297775564e-05	0.000324893326691	0	0	0	0	0.00530659100262	0	0	0	0.000433191102255	0	0.000205765773571	0	0	0.000996339535186	0.00180857285191	0.00011912755312	0.000508999545149	0	0.0378284130044	0	0.0216595551127	7.58084428946e-05	0	0.000151616885789	0	0.0192661742728	0.000140787108233	0.0119777339773	0	0	0	0.00225259373172	0	0	0	0	0	0	0	0	0	0	0	0	0	0	0	0	0	1.08297775564e-05	0	0	0	0	0	3.24893326691e-05	0	0	0	4.33191102255e-05	0	0	0	0	0	0	0	0.00368212436917	0.000671446208495	0.00218761506639	0.00236089150729	0.000487339990037	0	0	0	0	5.41488877818e-05	5.41488877818e-05	1.08297775564e-05	0	0
0	0.00505750611882	0	0	0	0	0	0	0	0.0051874634495	0	1.08297775564e-05	0	0.000129957330676	0	0	0.0160497303385	0	0	0	0	0	0.0427234724599	0.0147826463644	0.0145119019255	0.0017869132968	0.00047651021248	0.0139812428253	0.00114795642098	0	0	0	0	0	0	0	0.00115878619853	0	0	0	0	0	0	0	5.41488877818e-05	0	0	0	0	0	0	0.0116636704282	1.08297775564e-05	0	2.16595551127e-05	0	0.000942190647404	0.0254499772575	0.0131040308432	0.00194935996015	0	2.16595551127e-05	0.00768914206502	0.000649786653382	0	0	0	0	0	0	0	2.16595551127e-05	0	0	3.24893326691e-05	0	0	0	0.000108297775564	0	0	0	0	0
0	0	0.0212913426758	0	0	0	0	0.00685524919318	0	7.58084428946e-05	0	0.000346552881804	0	0.00023825510624	0	1.08297775564e-05	0.00669280252984	0.0177824947476	5.41488877818e-05	0.00106131820052	0	0.0216595551127	0.0147826463644	0.081071714787	8.6638220451e-05	0	0.00105048842297	0.0132881370617	0.0127791375165	0.000140787108233	0.0115553726526	0	0	0	0.00386623058762	0	1.08297775564e-05	8.6638220451e-05	0	0	0	0	0	0	7.58084428946e-05	0	0	0	0	0	0	0.00823063094284	3.24893326691e-05	0	2.16595551127e-05	0	3.24893326691e-05	0.0175658991964	0.0140029023804	0	0	2.16595551127e-05	0.00573978210488	0	0	0	0	0	0	0	0.00605384565401	0.00294569949533	0.00211180662349	0.00179774307436	0	0	0	0.000173276440902	0.000270744438909	0.00123459464143	0.00124542441898	2.16595551127e-05	0.000108297775564	0
0.000346552881804	0.00411531547142	0	0	0.00607550520912	0.00152699863545	0.000194935996015	0.00284823149733	0.00023825510624	0.03217526912	0.000270744438909	0	0.00164612618857	0.000162446663346	0.000151616885789	0.0045918256839	0.0087612900431	0	0	0	0.000758084428946	7.58084428946e-05	0.0145119019255	8.6638220451e-05	0.0599536485521	0.00149450930278	0.000454850657367	0.00423444302454	0.0263488487946	0.0012670839741	0.000888041759622	0	0	0.000693105763608	0.000281574216466	0.000389871992029	2.16595551127e-05	0	0	0.00451601724101	6.49786653382e-05	0.000270744438909	0	0.00168944529879	0.0138946046048	0	0	0.000108297775564	0	0.00098550975763	0.000314063549135	0.00292403994022	0.00023825510624	5.41488877818e-05	0.000346552881804	0	0.000422361324698	0.00545820788841	0.000465680434924	0.00903203448201	0	0.000465680434924	0	0.00367129459161	0.00158114752323	0.0017869132968	0	0.000433191102255	0.00262080616864	0.002978188828	0.00351967770582	0.00118044575364	0.000725595096277	0.000184106218458	0.00259914661353	0	0	0.00421278346943	0.000693105763608	0.002978188828	0.00116961597609	0.00135372219455	0.000801403539171	0
0	0.00246918928285	0	0	0	0	0	0	0	0.00095302042496	0	0.000844722649397	0	0.00266412527887	0	0	0	0	0	0	0	0	0.0017869132968	0	0.00149450930278	0.00772163139769	0.00103965864541	0.00460265546146	0	0	0	0	0	0	0	0	0.000108297775564	0	0	0	0	0	0	0	0	0	6.49786653382e-05	0	0.00179774307436	0	0	0	0	0	0	0	0	0	0	0	0.00215512573372	3.24893326691e-05	0.00190604084992	0	0	0	0	0	0	0	0	0.000108297775564	2.16595551127e-05	0	0	0	0.000498169767593	0	2.16595551127e-05	2.16595551127e-05	0	0	0	0.000129957330676
0	0.00485174034525	0.00631376031536	0	0	0	0	8.6638220451e-05	0	0.000552318655375	0	0.00361714570383	0	0.00640039853581	0	0	3.24893326691e-05	0.0152591565769	0.00229591284195	0.00314063549135	0	0.000151616885789	0.00047651021248	0.00105048842297	0.000454850657367	0.00103965864541	0.0581883948104	0.0143169659295	0.000270744438909	0	4.33191102255e-05	0.00011912755312	0	0	7.58084428946e-05	0	0.0163096449999	0	0	0	0	0	0	0	0.000108297775564	0	0	0	0.00392037947541	0	0	0.000249084883796	0.00127791375165	0	0.00624878165002	0	0	0.000389871992029	1.08297775564e-05	0.000259914661353	0.00393120925296	0.0171976867595	0.00911867270246	0	0	0	0.000725595096277	0	0	0	0.00689856830341	0.0111113517728	0.00172193463146	0.000335723104247	0	0	0.000151616885789	7.58084428946e-05	0.000162446663346	0	0	0	0	0
0	0.0171218783166	0.016721176547	0	0	0	0	6.49786653382e-05	0	0.00231757239706	1.08297775564e-05	0.000346552881804	0	0.00227425328684	0	0	0.00253416794819	0.0144144339275	3.24893326691e-05	0.000389871992029	0	0	0.0139812428253	0.0132881370617	0.00423444302454	0.00460265546146	0.0143169659295	0.0923996621109	7.58084428946e-05	0	0	0	0	0	1.08297775564e-05	0	0.0169810912084	0.000184106218458	0	0	0	0	0	0	0.000108297775564	0	0	0	0.00154865819056	0	0	0.00162446663346	0.000758084428946	0	0.00116961597609	0	0	0.0167428361021	0.00636790920314	0	0.00465680434924	0.00425610257965	0.0347960752886	0	1.08297775564e-05	0	0	0	0	4.33191102255e-05	0.00381208169984	0.00103965864541	0.0022092746215	0.00333557148736	1.08297775564e-05	0	3.24893326691e-05	6.49786653382e-05	1.08297775564e-05	0.00295652927289	0.002978188828	4.33191102255e-05	3.24893326691e-05	0
0.000649786653382	1.08297775564e-05	0.000855552426953	0	0.00533908033529	0.0012670839741	0.00278325283199	0.0286664211917	0.00249084883796	0.0162013472243	0.0110788624402	0.00128874352921	0.00149450930278	0.000335723104247	0.00174359418658	0.00232840217462	0.00446186835322	0.00173276440902	0.000693105763608	0.000812233316728	0.00489505945548	0.0192661742728	0.00114795642098	0.0127791375165	0.0263488487946	0	0.000270744438909	7.58084428946e-05	0.0946739153978	0.00191687062748	0.0105265437848	0	0	0.00086638220451	0.0016136368559	0.000184106218458	7.58084428946e-05	0	0	0.0051874634495	6.49786653382e-05	0.000205765773571	0	0.000736424873833	0.00955186380472	0	1.08297775564e-05	0.000184106218458	2.16595551127e-05	0.000487339990037	0.000292403994022	0.00150533908034	0.000227425328684	1.08297775564e-05	0.000324893326691	0	1.08297775564e-05	0.00347635859559	3.24893326691e-05	0.00811150338972	0	0.000400701769586	0.00011912755312	0.00471095323702	0.000725595096277	0.00122376486387	1.08297775564e-05	0.000249084883796	0.00105048842297	0.00120210530876	0.010472394897	0.00358465637116	0.00659533453183	0.00380125192229	0.00256665728086	7.58084428946e-05	0	0.00348718837315	0.000617297320713	0.00115878619853	0.000552318655375	0.00113712664342	0.000389871992029	0
0.00251250839308	0	0	0	5.41488877818e-05	0.000129957330676	0.0065520154216	0.0102666291234	0.00745088695878	0.00011912755312	0.00980094868851	0.00276159327687	0.00269661461154	9.74679980073e-05	0.00407199636119	0.000259914661353	0	0	0.000823063094284	0.000422361324698	0.00227425328684	0.000140787108233	0	0.000140787108233	0.0012670839741	0	0	0	0.00191687062748	0.0260781043557	0.0068011003054	0	1.08297775564e-05	0.00690939808096	0.00428859191232	0	0	0	0	0	0	0	0	0	0	0	0	1.08297775564e-05	0	0	0	0	0	0	0	0	0	0	0	0	0	0	0	0	1.08297775564e-05	0	0	0	0	3.24893326691e-05	0.00011912755312	0.000162446663346	0.00360631592627	4.33191102255e-05	2.16595551127e-05	0	7.58084428946e-05	0	0	3.24893326691e-05	0	0	0	0
0.00323810348935	0	0.00120210530876	0	0	0	0.00242587017263	0.0136671792761	0.00278325283199	0	0.00191687062748	0.000259914661353	6.49786653382e-05	5.41488877818e-05	0.00451601724101	1.08297775564e-05	0	0.00504667634127	5.41488877818e-05	0.000660616430939	2.16595551127e-05	0.0119777339773	0	0.0115553726526	0.000888041759622	0	4.33191102255e-05	0	0.0105265437848	0.0068011003054	0.0424635577985	0	0	0.00211180662349	0.00912950248002	0	0	0	0	0	0	0	0	0	0	0	0	0	0	0	0	0	0	0	0	0	0	0	0	0	0	0	0	0	0	0	0	0	0	0	0.000693105763608	8.6638220451e-05	0.00755918473435	0.00125625419654	0.000108297775564	0	0	0	0	0	0	0	0	0
0	0	0	0	0	0	0	0	0	0	0	0	0	9.74679980073e-05	0	0	0	0	0	0	0	0	0	0	0	0	0.00011912755312	0	0	0	0	0.00011912755312	0	0	0	0	0	0	0	0	0	0	0	0	0	0	0	0	0	0	0	0	0	0	0	0	0	0	0	0	0	0	0	0	0	0	0	0	0	0	2.16595551127e-05	2.16595551127e-05	0	0	0	0	0	0	0	0	0	0	0	0
0	0	0	0	0	0.000379042214473	0	0	0	0	0	7.58084428946e-05	0	0	0.000444020879811	0	0	0	0	0	0	0	0	0	0	0	0	0	0	1.08297775564e-05	0	0	0.0013645519721	0	0.000379042214473	0	0	0	0	0	0	0	0	0	0	0	0	0	0	0	0	0	0	0	0	0	0	0	0	0	0	0	0	0	0	0	0	0	0	0	0	0	0.00035738265936	0	0	0.000259914661353	0	0	0	0	0	0	0	0
0	0	0	0	0	0	0.0017869132968	0.00447269813078	0.00188438129481	0	0.0028049123871	0	0	0	0.000389871992029	0	0	0	0	0	0	0	0	0	0.000693105763608	0	0	0	0.00086638220451	0.00690939808096	0.00211180662349	0	0	0.00706101496675	0.000379042214473	0	0	0	0	0	0	0	0	0	0	0	0	0	0	0	0	0	0	0	0	0	0	0	0	0	0	0	0	0	0	0	0	0	0	0	0	0	0	0	0	0	0	0	0	0	0	0	0	0
0	0	0	0	4.33191102255e-05	5.41488877818e-05	0.00071476531872	0.00222010439906	0.00107214797808	0	0.00629210076025	0.0104182460092	0.00230674261951	0.000140787108233	0.00154865819056	0	0	0.00618380298469	0.0051874634495	0.00914033225758	0.00342220970781	0.00225259373172	0	0.00386623058762	0.000281574216466	0	7.58084428946e-05	1.08297775564e-05	0.0016136368559	0.00428859191232	0.00912950248002	0	0.000379042214473	0.000379042214473	0.0333557148736	0	0	0	0	1.08297775564e-05	0	0	0	0	0	0	0	0	0	0	0	0	0	0	0	0	0	0	0	0	0	0	0	1.08297775564e-05	0	0	0	0	0	0	0.000108297775564	0.000292403994022	0.02113972579	5.41488877818e-05	0	2.16595551127e-05	0.00023825510624	0	0	0	0	0	0	0
0	0	0	0	0	0	0	0	0	0.000573978210488	0	0	0	0	0	0	0	0	0	0	0	0	0	0	0.000389871992029	0	0	0	0.000184106218458	0	0	0	0	0	0	0.036983690355	0	0	0	0.000877211982066	0.000194935996015	4.33191102255e-05	0.0135697112781	0.0137971366068	0.00289155060755	0.000487339990037	0.000736424873833	0.00200350884793	0	0.0298252073902	0.000281574216466	0.00212263640105	0	0.000530659100262	6.49786653382e-05	0.00269661461154	3.24893326691e-05	0	0.00047651021248	0.00843639671641	0	0.000487339990037	0	0.00692022785852	0.0196127271546	0.0194394507137	0	0	0	0.00133206263943	0	0	0	0	0	0	0	0.00047651021248	1.08297775564e-05	0.000422361324698	2.16595551127e-05	0.000454850657367	0	0
0	0.0145119019255	0	0	0	0	0	3.24893326691e-05	0	1.08297775564e-05	0	0	0	0	0	0	0	0.0113604366566	0	0.000389871992029	0	0	0.00115878619853	1.08297775564e-05	2.16595551127e-05	0.000108297775564	0.0163096449999	0.0169810912084	7.58084428946e-05	0	0	0	0	0	0	0	0.049751998094	0	0	0	0	0	0	0	0.00451601724101	0	0	0	0.00187355151725	0	0	0.00265329550131	0.00539322922307	2.16595551127e-05	0.00491671901059	0	0	0.0107431393359	0	0.00342220970781	0.00565314388442	0.0131906690637	0.0308973553683	0	1.08297775564e-05	0	0	0	0	0.000205765773571	0.00167861552124	0.00158114752323	0.000194935996015	0.00011912755312	0	0	0	0.000400701769586	9.74679980073e-05	0.000303233771578	9.74679980073e-05	0	1.08297775564e-05	0
0	0	8.6638220451e-05	0	0	0	0	0	0	0	0	0	0	0	0	0	0	0	0	0	0	0	0	8.6638220451e-05	0	0	0	0.000184106218458	0	0	0	0	0	0	0	0	0	0.034861053954	0	0	0	0	0	0	0	0	0	0	0	0	0	0	0.00903203448201	0	1.08297775564e-05	0	0.00431025146743	1.08297775564e-05	0.0233923195218	0	0	0.00286989105244	0.00961684247006	0	0	0.00386623058762	0	0	0	0.00114795642098	4.33191102255e-05	0	4.33191102255e-05	0.000184106218458	0	0	0	0	0	0.000649786653382	0.000400701769586	0	0	0
0	0	0	0	0	0	0	0	0	0	0	0	0	0	0	0	0	0	0	0	0	0	0	0	0	0	0	0	0	0	0	0	0	0	0	0	0	0	0	0	0	0	0	0	0	0	0	0	0	0	0	0	0	0	0	0	0	0	0	0	0	0	0	0	0	0	0	0	0	0	0	0	0	0	0	0	0	0	0	0	0	0	0	0
0	0	0	0	0.00106131820052	0	9.74679980073e-05	0.000638956875826	1.08297775564e-05	0.00431025146743	0.000660616430939	1.08297775564e-05	1.08297775564e-05	0	3.24893326691e-05	0	0	0	1.08297775564e-05	0	0.000573978210488	0	0	0	0.00451601724101	0	0	0	0.0051874634495	0	0	0	0	0	1.08297775564e-05	0.000877211982066	0	0	0	0.0235872555178	0	0.000584807988044	6.49786653382e-05	0.0010179990903	0.00343303948537	0.00307565682601	0.0012670839741	0.00556650566397	0	0.000942190647404	7.58084428946e-05	0	2.16595551127e-05	0.0034005501527	0.000519829322706	0.00957352335983	0	0	0	0.0114687344322	0	0.00387706036518	0	0.01201022331	0.00557733544153	1.08297775564e-05	0	0.000671446208495	0	0.00686607897074	0.000162446663346	1.08297775564e-05	3.24893326691e-05	0	0	0	0	0.000151616885789	6.49786653382e-05	0.00485174034525	0.00106131820052	4.33191102255e-05	0.000942190647404	0
0	0	0	0	1.08297775564e-05	0	0	0	0	6.49786653382e-05	0	0	0	0	0	0	0	0	0	0	0	0	0	0	6.49786653382e-05	0	0	0	6.49786653382e-05	0	0	0	0	0	0	0.000194935996015	0	0	0	0	0.00233923195218	6.49786653382e-05	0	0.000411531547142	0.000768914206502	0	0	0	0	0.000314063549135	0.00100716931274	0	0	0	0	0	0	0	1.08297775564e-05	0.000584807988044	0	0	0	0	0.000194935996015	0.000194935996015	0	0.000530659100262	0	0.000292403994022	0	0	0	0	0	0	0	0.000996339535186	0	8.6638220451e-05	0.000108297775564	0.00157031774567	0.000140787108233	0
0	0	0	0	0.000303233771578	0.000173276440902	0.000216595551127	0	5.41488877818e-05	0.000606467543157	0	0	0.000227425328684	0	0	0.000227425328684	0	0	0	0	9.74679980073e-05	0	0	0	0.000270744438909	0	0	0	0.000205765773571	0	0	0	0	0	0	4.33191102255e-05	0	0	0	0.000584807988044	6.49786653382e-05	0.0229158093093	0.0030539972709	0.0066278238645	0.000693105763608	0.00515497411683	2.16595551127e-05	0.0117286490935	0	0.00383374125495	0.00298901860556	0	0	1.08297775564e-05	1.08297775564e-05	0.00666031319717	0	0	0	0.0021334661786	0	1.08297775564e-05	0	0.00158114752323	0.00095302042496	0	0	0	0	0.000617297320713	0	0	0	0	0.000108297775564	0	0	0.00185189196214	0	0.000573978210488	0	0.00312980571379	2.16595551127e-05	0
0	0	0	0	0	0	0	0	0	0	0	0	0	0	0	0	0	0	0	0	0	0	0	0	0	0	0	0	0	0	0	0	0	0	0	0.0135697112781	0	0	0	6.49786653382e-05	0	0.0030539972709	0.0444562368689	0.00962767224761	0	0.00224176395417	7.58084428946e-05	0.00190604084992	0	0.0142194979315	0	0.000270744438909	0	9.74679980073e-05	0.000216595551127	0	0	0	0	0.00506833589638	0	0.000259914661353	0	0.0171760272044	0.00353050748338	0.00710433407698	0	0	0	0.0013645519721	0	0	0	0	0	0	0	0	0	0.000422361324698	0	0	0	0
0	0	0	0	0.000530659100262	0.000205765773571	0.00139704130477	1.08297775564e-05	0.000920531092291	0.00265329550131	3.24893326691e-05	0	0.000335723104247	0	0	0.000335723104247	0	0	0	0	0.000129957330676	0	0	0	0.00168944529879	0	0	0	0.000736424873833	0	0	0	0	0	0	0.0137971366068	0	0	0	0.0010179990903	0.000411531547142	0.0066278238645	0.00962767224761	0.0449002577487	0.00243669995018	0.000173276440902	0.00118044575364	0.00306482704845	0.00145119019255	0.0265546145682	0.000205765773571	0.0020359981806	3.24893326691e-05	4.33191102255e-05	0	0.00210097684594	4.33191102255e-05	2.16595551127e-05	0.000552318655375	0.00539322922307	0	9.74679980073e-05	0	0.00605384565401	0.0127574779614	0.00547986744352	0.00095302042496	0.0070501851892	0.000379042214473	0.0104940544521	7.58084428946e-05	1.08297775564e-05	0	0	0.000790573761615	0	0	0.00685524919318	0.000216595551127	0.00964933180272	0.00239338083996	0.00197101951526	0.00420195369187	3.24893326691e-05
0	0.00011912755312	0	0	0.00172193463146	0.000249084883796	0.00011912755312	0.00102882886786	0	0.0162121770019	6.49786653382e-05	0	0.000303233771578	1.08297775564e-05	0	0.000324893326691	0.000465680434924	0	0	0	0.000140787108233	0	5.41488877818e-05	7.58084428946e-05	0.0138946046048	0	0.000108297775564	0.000108297775564	0.00955186380472	0	0	0	0	0	0	0.00289155060755	0.00451601724101	0	0	0.00343303948537	0.000768914206502	0.000693105763608	0	0.00243669995018	0.0402217938444	0	1.08297775564e-05	0.000996339535186	0.00102882886786	0.00400701769586	0.00206848751327	0.00172193463146	0.000108297775564	8.6638220451e-05	0.000151616885789	0	0.000108297775564	0.0107972882237	1.08297775564e-05	0.0145768805909	0.00194935996015	0.000270744438909	0.00310814615868	0.00138621152722	0.00577227143754	0.00802486516927	0	0.000314063549135	0.00559899499664	0.00523078255973	0.00167861552124	0.000151616885789	0	0	9.74679980073e-05	0	0	0.00636790920314	0.000324893326691	0.00367129459161	0.00176525374169	0.00455933635123	0.000812233316728	0
0	0	0	0	0	0	2.16595551127e-05	0	1.08297775564e-05	0	0	0	0	0	0	0	0	0	0	0	0	0	0	0	0	0	0	0	0	0	0	0	0	0	0	0.000487339990037	0	0	0	0.00307565682601	0	0.00515497411683	0.00224176395417	0.000173276440902	0	0.0204466200264	0.000703935541164	0.00894539626156	0	0.000758084428946	7.58084428946e-05	0	0	0.000270744438909	0.0005956377656	0.00838224782863	0	0	0	0.00267495505642	0	0.000584807988044	0	0.00190604084992	0.00194935996015	0	0	0	0	0.00155948796812	0	0	0	0	0	0	0	0	0	0.00132123286188	3.24893326691e-05	5.41488877818e-05	0	0
0	0	0	0	0	0	0.000292403994022	1.08297775564e-05	0.000129957330676	2.16595551127e-05	1.08297775564e-05	0.000108297775564	0	0.000162446663346	1.08297775564e-05	0	0	0	0	0	0	0	0	0	0	6.49786653382e-05	0	0	1.08297775564e-05	0	0	0	0	0	0	0.000736424873833	0	0	0	0.0012670839741	0	2.16595551127e-05	7.58084428946e-05	0.00118044575364	1.08297775564e-05	0.000703935541164	0.0232190430809	0.00293486971778	0.0050141870086	0.00222010439906	0	0	3.24893326691e-05	0.0042452728021	0.00363880525894	0.00307565682601	0	0	0	0.00233923195218	0.00035738265936	0.00545820788841	3.24893326691e-05	0.000725595096277	0.00562065455176	0	0.00294569949533	0.00123459464143	0	0.0103857566766	2.16595551127e-05	0.000162446663346	1.08297775564e-05	1.08297775564e-05	4.33191102255e-05	0	0.000184106218458	0.00200350884793	0.0031514652689	0.00472178301458	0.00011912755312	0	0.000129957330676	0.000303233771578
0	0	0	0	0.000249084883796	0	0.000628127098269	0	0.000552318655375	0.000151616885789	0	0	0.000747254651389	0	0	0	0	0	0	0	0.000584807988044	0	0	0	0.000108297775564	0	0	0	0.000184106218458	1.08297775564e-05	0	0	0	0	0	0.00200350884793	0	0	0	0.00556650566397	0	0.0117286490935	0.00190604084992	0.00306482704845	0.000996339535186	0.00894539626156	0.00293486971778	0.035445861942	1.08297775564e-05	0.00567480343954	0.00112629686586	0	2.16595551127e-05	0.00529576122506	0.000682275986051	0.0220385973272	0	0	0	0.00702852563408	0	0.00557733544153	0	0.00467846390435	0.0116420108731	0	4.33191102255e-05	1.08297775564e-05	0	0.00767831228747	0	0	0.000292403994022	0	0	0	0	0.00011912755312	4.33191102255e-05	0.00446186835322	4.33191102255e-05	0.00095302042496	0	0
0	0	0	0	0	0	0.000173276440902	1.08297775564e-05	8.6638220451e-05	0	1.08297775564e-05	0.000465680434924	0	0.00385540081007	0	0	0	0	0	9.74679980073e-05	0	0	0	0	0	0.00179774307436	0.00392037947541	0.00154865819056	2.16595551127e-05	0	0	0	0	0	0	0	0.00187355151725	0	0	0	0	0	0	0.00145119019255	0.00102882886786	0	0.0050141870086	1.08297775564e-05	0.0213888106738	0.00137538174966	0	0	0	0	0	1.08297775564e-05	0	0.00107214797808	0	0	0.00622712209491	0.00312980571379	0.00998505490697	1.08297775564e-05	0.00183023240703	0	0.00390954969785	0.00147284974767	0	0.00209014706838	2.16595551127e-05	0.0023825510624	3.24893326691e-05	0	4.33191102255e-05	0	0.000346552881804	0.000541488877818	0.00260997639108	0.00147284974767	0	0	0	9.74679980073e-05
0	0	0	0	0.000530659100262	0.000205765773571	0.00131040308432	0	0.000898871537179	0.00198184929282	0	0	0.000335723104247	0	0	0.000335723104247	0	0	0	0	0.000129957330676	0	0	0	0.00098550975763	0	0	0	0.000487339990037	0	0	0	0	0	0	0.0298252073902	0	0	0	0.000942190647404	0.000314063549135	0.00383374125495	0.0142194979315	0.0265546145682	0.00400701769586	0.000758084428946	0.00222010439906	0.00567480343954	0.00137538174966	0.0583508414737	0.000411531547142	0.00212263640105	1.08297775564e-05	0.0010179990903	6.49786653382e-05	0.00590222876822	4.33191102255e-05	0	0.000498169767593	0.0094327362516	0	0.0012670839741	0	0.00683358963807	0.032272737118	0.0158114752323	0.000920531092291	0.00269661461154	0.00011912755312	0.00780826961814	2.16595551127e-05	0	0	0	0.000758084428946	0	0	0.00359548614871	0.000129957330676	0.00293486971778	0.000552318655375	0.00216595551127	0.000682275986051	1.08297775564e-05
0	0	0	0	0.00011912755312	0	0	0	0	0.000444020879811	0	0	0	0	0	0	0	0	0	0	0	0	0	0	0.000314063549135	0	0	0	0.000292403994022	0	0	0	0	0	0	0.000281574216466	0	0	0	7.58084428946e-05	0.00100716931274	0.00298901860556	0	0.000205765773571	0.00206848751327	7.58084428946e-05	0	0.00112629686586	0	0.000411531547142	0.00617297320713	2.16595551127e-05	0	0	0	0.000931360869848	0	1.08297775564e-05	0	0.00114795642098	0	0	0	5.41488877818e-05	0.000303233771578	0.000281574216466	0	0	7.58084428946e-05	0.000140787108233	5.41488877818e-05	0	0	0	0	0	0	0.00109380753319	0	0.000173276440902	1.08297775564e-05	0.00386623058762	0	0
0	0.000249084883796	0	0	0	0	0	0	0	0.0018627217397	0	0	0	0	0	0	0.007396738071	0	0	0	0	0	0.0116636704282	0.00823063094284	0.00292403994022	0	0.000249084883796	0.00162446663346	0.00150533908034	0	0	0	0	0	0	0.00212263640105	0.00265329550131	0	0	0	0	0	0.000270744438909	0.0020359981806	0.00172193463146	0	0	0	0	0.00212263640105	2.16595551127e-05	0.0359656912647	0.00023825510624	4.33191102255e-05	0.000617297320713	0	0.00258831683597	0.02402044662	0.0101908206805	0.0135805410557	0	0.000693105763608	0.00544737811085	0.00240421061751	0.00168944529879	0.00197101951526	0	2.16595551127e-05	0.000151616885789	0.000162446663346	7.58084428946e-05	2.16595551127e-05	1.08297775564e-05	3.24893326691e-05	0	0	0	0.00321644393424	0.00158114752323	0.000411531547142	0.00047651021248	1.08297775564e-05	6.49786653382e-05	0
0	0.00121293508631	2.16595551127e-05	0	0	0	0	1.08297775564e-05	0	0.000140787108233	0	0	0	0	0	0	2.16595551127e-05	0.0042452728021	0	0	0	1.08297775564e-05	1.08297775564e-05	3.24893326691e-05	0.00023825510624	0	0.00127791375165	0.000758084428946	0.000227425328684	0	0	0	0	0	0	0	0.00539322922307	0.00903203448201	0	2.16595551127e-05	0	0	0	3.24893326691e-05	0.000108297775564	0	3.24893326691e-05	2.16595551127e-05	0	1.08297775564e-05	0	0.00023825510624	0.0368212436917	0	0.00439688968789	0	4.33191102255e-05	7.58084428946e-05	0.00542571855574	0.000173276440902	0	0.00975762957829	0.0123784357469	8.6638220451e-05	2.16595551127e-05	0.00135372219455	0	3.24893326691e-05	0	0.00377959236717	0.00170027507635	0.00086638220451	0.000411531547142	0.000194935996015	0	0	0	0.00123459464143	0.00112629686586	0.0034005501527	0.00114795642098	0	5.41488877818e-05	0
0	0	0	0	0	0	2.16595551127e-05	0	0	6.49786653382e-05	0	0	0	0	0	0	0	0	0	0	0	0	0	0	5.41488877818e-05	0	0	0	1.08297775564e-05	0	0	0	0	0	0	0.000530659100262	2.16595551127e-05	0	0	0.0034005501527	0	1.08297775564e-05	9.74679980073e-05	4.33191102255e-05	8.6638220451e-05	0.000270744438909	0.0042452728021	0.00529576122506	0	0.0010179990903	0	4.33191102255e-05	0	0.0130282224003	0.000898871537179	0.00524161233728	0	0	2.16595551127e-05	0.0017869132968	0	0.0112088197708	0	0.00309731638112	0.00635707942559	2.16595551127e-05	1.08297775564e-05	1.08297775564e-05	8.6638220451e-05	0.00734258918322	2.16595551127e-05	0	0	0	0	0	0	0.00240421061751	0.00266412527887	0.00500335723104	0.000422361324698	0	0	0
0	4.33191102255e-05	0	0	0	0	5.41488877818e-05	0	3.24893326691e-05	0.000216595551127	0	4.33191102255e-05	0	0.000216595551127	0	0	4.33191102255e-05	0.00403950702853	0	0.000508999545149	0	0	2.16595551127e-05	2.16595551127e-05	0.000346552881804	0	0.00624878165002	0.00116961597609	0.000324893326691	0	0	0	0	0	0	6.49786653382e-05	0.00491671901059	1.08297775564e-05	0	0.000519829322706	0	1.08297775564e-05	0.000216595551127	0	0.000151616885789	0.0005956377656	0.00363880525894	0.000682275986051	0	6.49786653382e-05	0	0.000617297320713	0.00439688968789	0.000898871537179	0.0336914379779	0.000996339535186	0.00011912755312	7.58084428946e-05	0.000606467543157	0.00140787108233	7.58084428946e-05	0.0271827416665	0.000422361324698	0.000812233316728	0.00112629686586	0	0	0	0	0.0101475015703	0.000996339535186	0.00311897593623	2.16595551127e-05	0	1.08297775564e-05	0	0	0.00605384565401	0.00785158872837	0.00804652472438	0.00164612618857	0	0	0
0	0	0	0	0	0	0.000259914661353	0	4.33191102255e-05	1.08297775564e-05	1.08297775564e-05	0	0	0	0	0	0	0	0	0	0	0	0	0	0	0	0	0	0	0	0	0	0	0	0	0.00269661461154	0	0	0	0.00957352335983	0	0.00666031319717	0	0.00210097684594	0	0.00838224782863	0.00307565682601	0.0220385973272	1.08297775564e-05	0.00590222876822	0.000931360869848	0	0	0.00524161233728	0.000996339535186	0.029586952284	0	0	0	0.00699603630141	0	0.00568563321709	0	0.0065520154216	0.0127899672941	0	3.24893326691e-05	4.33191102255e-05	0	0.0083389287184	3.24893326691e-05	0	1.08297775564e-05	1.08297775564e-05	0	0	0	5.41488877818e-05	3.24893326691e-05	0.00507916567394	0.000108297775564	0.000335723104247	2.16595551127e-05	0
0	0	0	0	0	0	0	0	0	2.16595551127e-05	0	0	0	0	0	0	0.00100716931274	0	0	0	0	0	0.000942190647404	3.24893326691e-05	0.000422361324698	0	0	0	1.08297775564e-05	0	0	0	0	0	0	3.24893326691e-05	0	0.00431025146743	0	0	0	0	0	4.33191102255e-05	0.000108297775564	0	0	0	0	4.33191102255e-05	0	0.00258831683597	4.33191102255e-05	0	0.00011912755312	0	0.0361822868158	0.0010179990903	0.0260997639108	0.000758084428946	0	0.000129957330676	1.08297775564e-05	0.0028049123871	0.000649786653382	0.0122701379714	0	0	0.000541488877818	0.00470012345946	0	0	0	0	0	0	0	0.00246918928285	0.000379042214473	0.00640039853581	0.00354133726093	0.000552318655375	0.000303233771578	0
