0.026160382248	5.6747033076e-05	0.00171754353443	0	0.000158891692613	1.51325421536e-05	0.00197479675104	0.0124049014304	0.00651455939712	0.000662048719219	0.00143002523351	0.000348048469533	0.00056747033076	0.000166457963689	0.0178261346569	0.000109710930614	7.94458463063e-05	0.000915518800292	4.53976264608e-05	0.000208072454612	0.000824723547371	0.00145650718228	0.00018915677692	0.00429764197162	0.00115385633921	0	0.000813374140755	0.000419928044762	0.00511858238345	0.00791053641079	0.00449814815515	0	9.07952529215e-05	0.000737711429987	0.00214125471473	0.000223204996765	6.80964396911e-05	4.53976264608e-05	0	9.07952529215e-05	1.51325421536e-05	6.43133041527e-05	0.000257253216611	9.83615239983e-05	0.0011235912549	9.83615239983e-05	7.56627107679e-06	1.13494066152e-05	3.7831355384e-06	0.000170241099228	3.7831355384e-06	0.000151325421536	2.64819487688e-05	3.7831355384e-06	7.56627107679e-06	6.05301686144e-05	0.000185373641381	0.00059016914399	0.000143759150459	0.000578819737375	7.56627107679e-06	3.02650843072e-05	9.45783884599e-05	0.000404795502608	0.000174024234766	0.000192939912458	0	3.7831355384e-06	2.26988132304e-05	0.000174024234766	0.00142245896244	0.000344265333994	0.00225096564535	0.000503157026607	0.000124843472767	9.07952529215e-05	2.64819487688e-05	0.000223204996765	4.16144909224e-05	0.000204289319073	0.00011727720169	4.53976264608e-05	1.8915677692e-05	3.7831355384e-06
5.6747033076e-05	0.0216319690086	0.00269359250334	0	7.56627107679e-06	0	2.26988132304e-05	0.000113494066152	3.7831355384e-05	0.000499373891068	2.26988132304e-05	0.000139976014921	0	0.000253470081073	4.16144909224e-05	1.51325421536e-05	0.000737711429987	0.00197857988658	5.29638975376e-05	0.000809591005217	3.7831355384e-06	0.000253470081073	0.00370368969209	0.00102522973091	0.00141489269136	0.000677181261373	0.00886388656646	0.0122043952469	0.000370747282763	9.45783884599e-05	0.000208072454612	3.7831355384e-06	0	2.26988132304e-05	0.000419928044762	3.02650843072e-05	0.0102031165471	0.00124086845659	0	1.13494066152e-05	0	1.13494066152e-05	2.26988132304e-05	1.51325421536e-05	7.94458463063e-05	1.13494066152e-05	9.83615239983e-05	7.56627107679e-06	0.000147542285997	4.53976264608e-05	0	7.18795752295e-05	0.000771759649833	3.7831355384e-05	0.000257253216611	1.13494066152e-05	4.91807619992e-05	0.000431277451377	0.000302650843072	5.6747033076e-05	0.000412361773685	0.00283356851826	0.00489537738669	6.05301686144e-05	5.29638975376e-05	2.26988132304e-05	2.26988132304e-05	3.7831355384e-06	0	0.000503157026607	0.000881470580446	0.000907952529215	0.000669614990296	9.83615239983e-05	1.51325421536e-05	7.56627107679e-06	1.51325421536e-05	0.000476675077838	0.00040101236707	0.000355614740609	0.000181590505843	1.13494066152e-05	1.8915677692e-05	1.13494066152e-05
0.00171754353443	0.00269359250334	0.0465060851735	0	1.13494066152e-05	3.7831355384e-06	0.000219421861227	0.0026406286058	0.000673398125835	0.000105927795075	5.29638975376e-05	0.000128626608305	3.7831355384e-05	0.000136192879382	0.00133544684505	2.26988132304e-05	0.0004237111803	0.00928759774676	4.53976264608e-05	0.000866338038293	3.02650843072e-05	0.00272385758765	0.00157378438397	0.0203230041123	0.000457759400146	7.18795752295e-05	0.0109256954349	0.0186735570175	0.00261792979257	0.00061286795722	0.0034086051201	0	7.56627107679e-06	6.43133041527e-05	0.00152082048644	9.45783884599e-05	0.00656752329466	0.0025120019975	0	7.56627107679e-06	0	2.26988132304e-05	3.40482198456e-05	7.94458463063e-05	0.000162674828151	4.91807619992e-05	4.91807619992e-05	7.56627107679e-06	5.6747033076e-05	0.000102144659537	0	0.000730145158911	0.00129761548967	3.7831355384e-06	0.000223204996765	1.8915677692e-05	0.000355614740609	0.0049067267933	0.00249686945534	0.000170241099228	0.000121060337229	0.00151325421536	0.00584494440682	0.000109710930614	6.43133041527e-05	0.000139976014921	1.13494066152e-05	0	1.13494066152e-05	0.000889036851523	0.004483015613	0.00301894215964	0.00223204996765	0.000658265583681	3.40482198456e-05	3.7831355384e-05	3.7831355384e-05	0.000877687444908	0.000662048719219	0.000767976514295	0.000416144909224	1.13494066152e-05	7.56627107679e-06	7.56627107679e-06
0	0	0	0	0	0	0	0	0	0	0	0	0	0	0	0	0	0	0	0	0	0	0	0	0	0	0	0	0	0	0	0	0	0	0	0	0	0	0	0	0	0	0	0	0	0	0	0	0	0	0	0	0	0	0	0	0	0	0	0	0	0	0	0	0	0	0	0	0	0	0	0	0	0	0	0	0	0	0	0	0	0	0	0
0.000158891692613	7.56627107679e-06	1.13494066152e-05	0	0.0202700402147	2.26988132304e-05	0.000624217363835	0.00157000124843	0.000366964147225	0.00110467557721	0.00177807370305	7.18795752295e-05	0.0027881708918	4.53976264608e-05	0.000340482198456	0.000174024234766	0	1.51325421536e-05	1.51325421536e-05	2.64819487688e-05	0.00740737938418	1.51325421536e-05	1.8915677692e-05	3.7831355384e-05	0.00718039125188	1.13494066152e-05	3.40482198456e-05	1.13494066152e-05	0.00659778837896	0.000166457963689	7.56627107679e-06	0	1.13494066152e-05	2.64819487688e-05	0.000321566520764	0.000488024484453	7.56627107679e-06	3.7831355384e-06	0	0.00519802822976	1.51325421536e-05	0.000480458213376	8.70121173831e-05	0.000321566520764	0.00135814565828	0.0035372317284	4.16144909224e-05	0.00191804971797	3.7831355384e-06	0.000522072704299	5.6747033076e-05	3.7831355384e-06	0	1.13494066152e-05	3.7831355384e-06	0.00569361898529	1.13494066152e-05	1.13494066152e-05	2.64819487688e-05	0.00221313428996	1.13494066152e-05	2.26988132304e-05	1.13494066152e-05	0.000764193378756	0.000389662960455	1.13494066152e-05	0	3.02650843072e-05	3.7831355384e-06	0.000340482198456	0.00011727720169	2.26988132304e-05	0.000427494315839	7.18795752295e-05	0.000257253216611	1.51325421536e-05	3.7831355384e-06	0.000158891692613	1.8915677692e-05	0.000302650843072	6.05301686144e-05	6.80964396911e-05	1.8915677692e-05	0
1.51325421536e-05	0	3.7831355384e-06	0	2.26988132304e-05	0.00330267732502	0.00209207395273	6.43133041527e-05	0.000480458213376	5.6747033076e-05	6.05301686144e-05	6.80964396911e-05	8.70121173831e-05	0.000113494066152	9.83615239983e-05	0.000938217613522	3.7831355384e-06	1.51325421536e-05	0	1.8915677692e-05	5.29638975376e-05	3.7831355384e-06	3.7831355384e-06	1.51325421536e-05	3.02650843072e-05	0	4.91807619992e-05	1.51325421536e-05	6.05301686144e-05	0.000302650843072	3.7831355384e-06	0	0.000926868206907	7.56627107679e-06	0.000503157026607	0	0	0	0	0	0	0	0	0	7.56627107679e-06	7.56627107679e-06	0	7.56627107679e-06	0	0	0	0	0	0	0	3.7831355384e-06	0	0	0	0	0	0	0	0	3.7831355384e-06	0	0	0	0	7.56627107679e-06	5.6747033076e-05	2.26988132304e-05	0.000295084571995	8.70121173831e-05	0.000480458213376	0.000435060586916	0	3.7831355384e-06	0	7.56627107679e-06	0	3.7831355384e-06	0	3.7831355384e-06
0.00197479675104	2.26988132304e-05	0.000219421861227	0	0.000624217363835	0.00209207395273	0.0491731957281	0.00955620036999	0.0234365246604	0.000544771517529	0.0148828552081	0.00130139862521	0.0119093106749	0.00162296514597	0.00719174065849	0.00234932716934	2.26988132304e-05	0.000151325421536	0.000185373641381	0.000389662960455	0.00471757001638	0.000192939912458	7.94458463063e-05	0.000646916177066	0.00123330218552	3.7831355384e-05	0.000832289818447	0.000204289319073	0.00606058313251	0.00306812292164	0.000336699062917	3.7831355384e-06	0.00245147182888	0.000155108557074	0.00422954553193	0.000132409743844	3.02650843072e-05	0	0	0.000223204996765	0	8.32289818447e-05	0.000124843472767	7.94458463063e-05	0.000658265583681	0.000124843472767	1.13494066152e-05	6.05301686144e-05	1.13494066152e-05	0.000105927795075	1.13494066152e-05	2.26988132304e-05	3.7831355384e-06	3.7831355384e-06	3.7831355384e-06	0.00021185559015	3.02650843072e-05	0.00011727720169	3.02650843072e-05	0.000711229481219	3.7831355384e-06	3.02650843072e-05	3.40482198456e-05	0.000257253216611	0.000113494066152	4.53976264608e-05	0	0	3.7831355384e-06	9.45783884599e-05	0.00166079650136	0.000552337788606	0.00565957076544	0.00111224184829	0.00171754353443	0.00182347132951	0.000124843472767	8.70121173831e-05	1.8915677692e-05	6.80964396911e-05	3.40482198456e-05	2.64819487688e-05	7.56627107679e-06	1.13494066152e-05
0.0124049014304	0.000113494066152	0.0026406286058	0	0.00157000124843	6.43133041527e-05	0.00955620036999	0.0660194982806	0.0113115752598	0.00277682148518	0.0132939382819	0.000563687195221	0.00116520574583	0.000412361773685	0.01176933466	0.000469108806761	9.83615239983e-05	0.00133922998059	7.94458463063e-05	0.000412361773685	0.00173645921212	0.00337455690025	0.000416144909224	0.00775164471818	0.00528882348268	1.51325421536e-05	0.00108575989952	0.00080202473414	0.0347443167846	0.00559904059683	0.0110202738234	3.7831355384e-06	0.000151325421536	0.00125978413429	0.0051337149256	0.00121816964336	0.000105927795075	7.18795752295e-05	0	0.00192561598904	2.26988132304e-05	0.000650699312604	0.00107062735737	0.000692313803527	0.00535313678683	0.00124843472767	4.16144909224e-05	0.000412361773685	1.13494066152e-05	0.00105171167967	3.7831355384e-05	0.000325349656302	4.16144909224e-05	3.7831355384e-06	1.8915677692e-05	0.00172132666997	0.000314000249687	0.000957133291214	0.000302650843072	0.00587142635559	1.13494066152e-05	6.43133041527e-05	0.000158891692613	0.00218286920566	0.00108575989952	0.000382096689378	7.56627107679e-06	2.26988132304e-05	7.18795752295e-05	0.000756627107679	0.00355993054163	0.000699880074603	0.00564443822329	0.00153595302859	0.000601518550605	0.000291301436457	5.29638975376e-05	0.00061286795722	9.45783884599e-05	0.000669614990296	0.000226988132304	0.000166457963689	4.16144909224e-05	3.7831355384e-06
0.00651455939712	3.7831355384e-05	0.000673398125835	0	0.000366964147225	0.000480458213376	0.0234365246604	0.0113115752598	0.0416485391422	0.000544771517529	0.00711229481219	0.00128248294752	0.00395715977316	0.00153216989305	0.0166420132334	0.000934434477984	4.16144909224e-05	0.000329132791841	0.000200506183535	0.00040101236707	0.00243633928673	0.000578819737375	0.000139976014921	0.00183860387166	0.00115385633921	6.43133041527e-05	0.000960916426753	0.000302650843072	0.00575793228944	0.00367342460778	0.000926868206907	3.7831355384e-06	0.00166836277243	0.000170241099228	0.00396850917978	0.000170241099228	2.64819487688e-05	7.56627107679e-06	0	0.000196723047997	0	0.000102144659537	0.000196723047997	0.000121060337229	0.000794458463063	0.000121060337229	2.64819487688e-05	4.91807619992e-05	1.51325421536e-05	0.000151325421536	3.7831355384e-06	7.94458463063e-05	7.56627107679e-06	7.56627107679e-06	7.56627107679e-06	0.000158891692613	7.56627107679e-05	0.000291301436457	5.6747033076e-05	0.000764193378756	1.51325421536e-05	2.64819487688e-05	4.91807619992e-05	0.000314000249687	0.000147542285997	0.000102144659537	0	3.7831355384e-06	7.56627107679e-06	0.000105927795075	0.00162296514597	0.000597735415067	0.00530395602483	0.00091930193583	0.000926868206907	0.000915518800292	7.94458463063e-05	0.000102144659537	2.26988132304e-05	9.45783884599e-05	5.29638975376e-05	3.40482198456e-05	7.56627107679e-06	7.56627107679e-06
0.000662048719219	0.000499373891068	0.000105927795075	0	0.00110467557721	5.6747033076e-05	0.000544771517529	0.00277682148518	0.000544771517529	0.0202170763172	0.000514506433222	4.53976264608e-05	0.00108954303506	4.91807619992e-05	0.000643133041527	0.000798241598602	0.000219421861227	7.18795752295e-05	7.56627107679e-06	6.05301686144e-05	0.000798241598602	0.000321566520764	0.0029357131778	0.000279952029841	0.00817913903401	5.29638975376e-05	0.000257253216611	0.000393446095993	0.00582602872913	0.00110845871275	0.000972265833368	3.7831355384e-06	1.8915677692e-05	0.0004237111803	0.00070744634568	0.000972265833368	6.80964396911e-05	4.91807619992e-05	0	0.00181968819397	1.13494066152e-05	0.000374530418301	0.00070744634568	0.000393446095993	0.00680207769804	0.00104792854414	4.16144909224e-05	0.000582602872913	7.56627107679e-06	0.000665831854758	6.43133041527e-05	0.000586386008452	3.7831355384e-05	3.7831355384e-06	1.13494066152e-05	0.00193318226012	0.000718795752295	0.00265954428349	0.000276168894303	0.00478188332053	3.7831355384e-06	5.29638975376e-05	0.000113494066152	0.00204289319073	0.000726362023372	0.000601518550605	0	1.8915677692e-05	9.45783884599e-05	0.000696096939065	0.00109710930614	0.000192939912458	0.000775542785371	0.000249686945534	0.00153973616413	4.16144909224e-05	3.7831355384e-06	0.000480458213376	0.000113494066152	0.000643133041527	0.000249686945534	0.000192939912458	3.40482198456e-05	1.13494066152e-05
0.00143002523351	2.26988132304e-05	5.29638975376e-05	0	0.00177807370305	6.05301686144e-05	0.0148828552081	0.0132939382819	0.00711229481219	0.000514506433222	0.038576633085	0.000476675077838	0.00533800424468	0.000298867707533	0.00337834003579	0.000253470081073	1.51325421536e-05	7.56627107679e-05	9.83615239983e-05	0.000219421861227	0.00630270380697	7.56627107679e-05	3.7831355384e-05	0.000215638725689	0.00123330218552	2.64819487688e-05	0.000351831605071	7.94458463063e-05	0.00840234403078	0.0016456639592	0.000113494066152	0	0.000109710930614	0.000139976014921	0.0024930863198	0.000147542285997	3.7831355384e-06	7.56627107679e-06	0	0.000628000499374	0	0.000151325421536	8.32289818447e-05	8.32289818447e-05	0.00056747033076	0.000892819987062	1.8915677692e-05	0.000438843722454	3.7831355384e-06	0.000158891692613	1.51325421536e-05	1.13494066152e-05	0	3.7831355384e-06	3.7831355384e-06	0.00114629006813	1.13494066152e-05	3.40482198456e-05	3.40482198456e-05	0.000983615239983	3.7831355384e-06	1.8915677692e-05	0	0.000298867707533	0.000109710930614	3.7831355384e-06	0	1.13494066152e-05	0	9.83615239983e-05	0.000658265583681	0.000132409743844	0.00279952029841	0.000503157026607	0.000268602623226	0.000196723047997	7.56627107679e-06	4.91807619992e-05	3.7831355384e-06	8.32289818447e-05	2.64819487688e-05	2.64819487688e-05	1.13494066152e-05	0
0.000348048469533	0.000139976014921	0.000128626608305	0	7.18795752295e-05	6.80964396911e-05	0.00130139862521	0.000563687195221	0.00128248294752	4.53976264608e-05	0.000476675077838	0.026357105296	0.000696096939065	0.00597357101513	0.00143759150459	3.7831355384e-05	2.64819487688e-05	0.000733928294449	0.00369990655655	0.00528882348268	0.000510723297684	0.000139976014921	3.02650843072e-05	0.00037831355384	0.00011727720169	0.00223583310319	0.00935191105092	0.00116898888136	0.000412361773685	0.0013694950649	0.000143759150459	0.000185373641381	0.000170241099228	4.91807619992e-05	0.00598492042174	1.13494066152e-05	0.000264819487688	7.56627107679e-06	0	1.13494066152e-05	0	3.7831355384e-06	1.13494066152e-05	1.8915677692e-05	7.18795752295e-05	1.51325421536e-05	0.000578819737375	0	0.00102901286644	1.51325421536e-05	0	7.56627107679e-06	3.7831355384e-06	9.45783884599e-05	0.000102144659537	3.7831355384e-06	1.13494066152e-05	4.16144909224e-05	1.8915677692e-05	5.29638975376e-05	0.000949567020138	0.000578819737375	0.000393446095993	2.26988132304e-05	1.51325421536e-05	3.7831355384e-06	0.000192939912458	0	0	9.45783884599e-05	0.00154351929967	0.00531530543145	0.0083645126754	0.000419928044762	4.91807619992e-05	6.43133041527e-05	0.00068474753245	0.000215638725689	0.000419928044762	6.43133041527e-05	1.8915677692e-05	3.7831355384e-06	0	3.7831355384e-05
0.00056747033076	0	3.7831355384e-05	0	0.0027881708918	8.70121173831e-05	0.0119093106749	0.00116520574583	0.00395715977316	0.00108954303506	0.00533800424468	0.000696096939065	0.0300872769369	0.000563687195221	0.0024930863198	0.0016153988749	3.7831355384e-06	9.83615239983e-05	0.000109710930614	0.000204289319073	0.0122535760089	1.51325421536e-05	1.13494066152e-05	7.56627107679e-05	0.0029167975001	2.64819487688e-05	0.000419928044762	8.70121173831e-05	0.00258388157273	0.00121816964336	7.56627107679e-05	0	0.000158891692613	5.29638975376e-05	0.00225474878088	3.7831355384e-05	2.26988132304e-05	0	0	0.000332915927379	3.7831355384e-06	0.000105927795075	3.40482198456e-05	6.05301686144e-05	0.000446409993531	0.000223204996765	3.7831355384e-06	0.000938217613522	1.13494066152e-05	9.83615239983e-05	7.56627107679e-06	0	0	0	0	0.000945783884599	3.7831355384e-06	7.56627107679e-06	0	0.000461542535684	0	3.02650843072e-05	1.13494066152e-05	0.000128626608305	7.56627107679e-05	1.13494066152e-05	0	0	0	4.53976264608e-05	0.000514506433222	0.000181590505843	0.00291301436457	0.000310217114149	0.00101388032429	0.000226988132304	1.8915677692e-05	2.64819487688e-05	1.51325421536e-05	3.7831355384e-05	1.51325421536e-05	3.7831355384e-05	7.56627107679e-06	7.56627107679e-06
0.000166457963689	0.000253470081073	0.000136192879382	0	4.53976264608e-05	0.000113494066152	0.00162296514597	0.000412361773685	0.00153216989305	4.91807619992e-05	0.000298867707533	0.00597357101513	0.000563687195221	0.0212650048613	0.00121060337229	4.53976264608e-05	2.26988132304e-05	0.000204289319073	0.000374530418301	0.00049559075553	0.000295084571995	7.94458463063e-05	7.18795752295e-05	0.000245903809996	0.000113494066152	0.00591304084651	0.00556877551252	0.00299246021087	0.000291301436457	0.00111980811937	7.56627107679e-05	0.000620434228297	0.000279952029841	3.02650843072e-05	0.00265576114795	3.40482198456e-05	0.000348048469533	1.13494066152e-05	0	1.13494066152e-05	7.56627107679e-06	3.02650843072e-05	1.51325421536e-05	5.29638975376e-05	6.05301686144e-05	3.02650843072e-05	0.00106306108629	1.51325421536e-05	0.0022660981875	6.80964396911e-05	0	7.56627107679e-06	7.56627107679e-06	0.000124843472767	0.00011727720169	1.51325421536e-05	1.13494066152e-05	2.64819487688e-05	1.8915677692e-05	4.91807619992e-05	0.00169106158566	0.000923085071369	0.000571253466298	1.13494066152e-05	6.05301686144e-05	1.13494066152e-05	0.000450193129069	3.7831355384e-06	3.7831355384e-06	0.000234554403381	0.000692313803527	0.00352966545732	0.00458894340808	0.00129004921859	9.45783884599e-05	0.000552337788606	0.00133166370952	9.45783884599e-05	0.00077932592091	0.000196723047997	9.45783884599e-05	1.13494066152e-05	7.56627107679e-06	0.00018915677692
0.0178261346569	4.16144909224e-05	0.00133544684505	0	0.000340482198456	9.83615239983e-05	0.00719174065849	0.01176933466	0.0166420132334	0.000643133041527	0.00337834003579	0.00143759150459	0.0024930863198	0.00121060337229	0.039953694421	0.000245903809996	4.53976264608e-05	0.000794458463063	0.000208072454612	0.000499373891068	0.0021677366635	0.00110089244167	0.000166457963689	0.0033405086804	0.00118033828798	7.18795752295e-05	0.00118412142352	0.000408578638147	0.00499373891068	0.00935947732199	0.00315891817456	3.7831355384e-06	0.00125221786321	0.000332915927379	0.00503913653714	0.000215638725689	5.29638975376e-05	3.02650843072e-05	0	0.000147542285997	7.56627107679e-06	9.45783884599e-05	0.000200506183535	0.000105927795075	0.000987398375522	0.000121060337229	1.8915677692e-05	1.51325421536e-05	7.56627107679e-06	0.000162674828151	3.7831355384e-06	0.000124843472767	2.64819487688e-05	7.56627107679e-06	1.51325421536e-05	9.83615239983e-05	0.000151325421536	0.000438843722454	0.000113494066152	0.000711229481219	1.8915677692e-05	4.91807619992e-05	7.18795752295e-05	0.000370747282763	0.000162674828151	0.000132409743844	0	3.7831355384e-06	1.13494066152e-05	0.000162674828151	0.00190670031135	0.00068474753245	0.00557255864806	0.000854988631678	0.000412361773685	0.0004237111803	6.43133041527e-05	0.000162674828151	3.7831355384e-05	0.000158891692613	9.07952529215e-05	3.40482198456e-05	7.56627107679e-06	7.56627107679e-06
0.000109710930614	1.51325421536e-05	2.26988132304e-05	0	0.000174024234766	0.000938217613522	0.00234932716934	0.000469108806761	0.000934434477984	0.000798241598602	0.000253470081073	3.7831355384e-05	0.0016153988749	4.53976264608e-05	0.000245903809996	0.00872391055154	3.02650843072e-05	3.7831355384e-05	7.56627107679e-06	1.8915677692e-05	0.000268602623226	0.000124843472767	3.02650843072e-05	0.000257253216611	0.000476675077838	0	6.80964396911e-05	3.02650843072e-05	0.000559904059683	0.000223204996765	0.000132409743844	0	0.000139976014921	6.05301686144e-05	0.000317783385225	2.64819487688e-05	1.13494066152e-05	0	0	1.8915677692e-05	0	7.56627107679e-06	1.8915677692e-05	3.7831355384e-06	0.000132409743844	2.26988132304e-05	3.7831355384e-06	3.02650843072e-05	0	7.56627107679e-06	0	1.8915677692e-05	1.51325421536e-05	0	0	4.53976264608e-05	4.53976264608e-05	5.6747033076e-05	0.000155108557074	0.000102144659537	3.7831355384e-06	1.13494066152e-05	4.53976264608e-05	3.40482198456e-05	1.8915677692e-05	4.16144909224e-05	0	0	7.56627107679e-06	6.43133041527e-05	0.000783109056448	7.56627107679e-05	0.000654482448143	0.000170241099228	0.0029659782621	0.000128626608305	0	4.53976264608e-05	3.02650843072e-05	0.000132409743844	0.000234554403381	1.51325421536e-05	3.7831355384e-06	3.7831355384e-06
7.94458463063e-05	0.000737711429987	0.0004237111803	0	0	3.7831355384e-06	2.26988132304e-05	9.83615239983e-05	4.16144909224e-05	0.000219421861227	1.51325421536e-05	2.64819487688e-05	3.7831355384e-06	2.26988132304e-05	4.53976264608e-05	3.02650843072e-05	0.0132371912489	0.000204289319073	0	6.05301686144e-05	0	0.00249686945534	0.00470243747423	0.00579954678036	0.00251578513303	1.8915677692e-05	0.000404795502608	0.00246660437103	0.00237202598257	0.000113494066152	0.000332915927379	0	0	1.8915677692e-05	0.000215638725689	2.64819487688e-05	0.000143759150459	6.43133041527e-05	0	0	0	7.56627107679e-06	2.26988132304e-05	2.26988132304e-05	0.000196723047997	1.8915677692e-05	3.7831355384e-06	0	0	3.7831355384e-05	0	0.000820940411832	4.91807619992e-05	0	1.13494066152e-05	3.7831355384e-06	0.000298867707533	0.00216017039242	0.000862554902755	0.000105927795075	3.7831355384e-06	4.91807619992e-05	0.000272385758765	0.00011727720169	1.51325421536e-05	0.000223204996765	0	0	0	0.000128626608305	0.00139597701367	0.000559904059683	0.000332915927379	0.000139976014921	1.51325421536e-05	1.8915677692e-05	1.13494066152e-05	0.000166457963689	9.45783884599e-05	0.000155108557074	0.000102144659537	1.13494066152e-05	3.7831355384e-06	0
0.000915518800292	0.00197857988658	0.00928759774676	0	1.51325421536e-05	1.51325421536e-05	0.000151325421536	0.00133922998059	0.000329132791841	7.18795752295e-05	7.56627107679e-05	0.000733928294449	9.83615239983e-05	0.000204289319073	0.000794458463063	3.7831355384e-05	0.000204289319073	0.0356522693139	0.000223204996765	0.00862933216308	7.56627107679e-05	0.00268224309672	0.000476675077838	0.00996477900814	0.000279952029841	8.32289818447e-05	0.0164755552697	0.00747547582387	0.00124086845659	0.000745277701064	0.00323836402087	0	1.8915677692e-05	8.70121173831e-05	0.00337455690025	3.7831355384e-05	0.00256496589503	0.000737711429987	0	1.13494066152e-05	0	1.13494066152e-05	2.26988132304e-05	1.13494066152e-05	9.83615239983e-05	1.51325421536e-05	5.6747033076e-05	7.56627107679e-06	4.91807619992e-05	2.64819487688e-05	0	9.83615239983e-05	0.0004237111803	1.8915677692e-05	0.000158891692613	7.56627107679e-06	0.000102144659537	0.000435060586916	0.000302650843072	4.53976264608e-05	0.000102144659537	0.00125600099875	0.00163053141705	8.70121173831e-05	2.64819487688e-05	4.91807619992e-05	0	0	3.7831355384e-06	0.000314000249687	0.0042068467187	0.00324971342748	0.00413875027901	0.000926868206907	2.64819487688e-05	4.16144909224e-05	3.02650843072e-05	0.000484241348915	0.000321566520764	0.000234554403381	0.000230771267842	7.56627107679e-06	7.56627107679e-06	3.7831355384e-06
4.53976264608e-05	5.29638975376e-05	4.53976264608e-05	0	1.51325421536e-05	0	0.000185373641381	7.94458463063e-05	0.000200506183535	7.56627107679e-06	9.83615239983e-05	0.00369990655655	0.000109710930614	0.000374530418301	0.000208072454612	7.56627107679e-06	0	0.000223204996765	0.00781595802233	0.00341617139117	9.45783884599e-05	2.64819487688e-05	7.56627107679e-06	7.56627107679e-05	2.64819487688e-05	0.000196723047997	0.0042068467187	0.000317783385225	7.94458463063e-05	0.000124843472767	2.64819487688e-05	1.51325421536e-05	7.56627107679e-06	7.56627107679e-06	0.000836072953986	3.7831355384e-06	0.000181590505843	7.56627107679e-06	0	0	0	0	0	0	1.13494066152e-05	0	0.000166457963689	0	0.000234554403381	7.56627107679e-06	0	3.7831355384e-06	7.56627107679e-06	3.02650843072e-05	4.16144909224e-05	0	7.56627107679e-06	2.26988132304e-05	1.8915677692e-05	3.7831355384e-06	0.000321566520764	0.000276168894303	0.000166457963689	3.7831355384e-06	0	0	7.18795752295e-05	0	0	2.26988132304e-05	0.000480458213376	0.00129004921859	0.00140354328475	9.83615239983e-05	7.56627107679e-06	2.64819487688e-05	3.7831355384e-05	7.18795752295e-05	6.80964396911e-05	2.64819487688e-05	1.13494066152e-05	0	0	0
0.000208072454612	0.000809591005217	0.000866338038293	0	2.64819487688e-05	1.8915677692e-05	0.000389662960455	0.000412361773685	0.00040101236707	6.05301686144e-05	0.000219421861227	0.00528882348268	0.000204289319073	0.00049559075553	0.000499373891068	1.8915677692e-05	6.05301686144e-05	0.00862933216308	0.00341617139117	0.0227063795015	0.000177807370305	0.000408578638147	0.000147542285997	0.00104792854414	0.000132409743844	0.000192939912458	0.0161993863754	0.00268224309672	0.000366964147225	0.000431277451377	0.000389662960455	1.8915677692e-05	3.7831355384e-05	3.7831355384e-05	0.00405552129716	3.7831355384e-06	0.00105171167967	9.83615239983e-05	0	7.56627107679e-06	0	3.7831355384e-06	7.56627107679e-06	0	4.53976264608e-05	7.56627107679e-06	0.000102144659537	7.56627107679e-06	0.000151325421536	2.26988132304e-05	0	1.51325421536e-05	5.6747033076e-05	4.53976264608e-05	0.000109710930614	1.13494066152e-05	1.51325421536e-05	6.43133041527e-05	7.94458463063e-05	2.64819487688e-05	0.000279952029841	0.000904169393677	0.000749060836603	3.40482198456e-05	1.8915677692e-05	3.7831355384e-06	2.26988132304e-05	0	0	0.00011727720169	0.00258388157273	0.00290923122903	0.00457381086592	0.000514506433222	2.26988132304e-05	5.29638975376e-05	2.64819487688e-05	0.000340482198456	9.45783884599e-05	0.000105927795075	6.43133041527e-05	3.7831355384e-06	3.7831355384e-06	3.7831355384e-06
0.000824723547371	3.7831355384e-06	3.02650843072e-05	0	0.00740737938418	5.29638975376e-05	0.00471757001638	0.00173645921212	0.00243633928673	0.000798241598602	0.00630270380697	0.000510723297684	0.0122535760089	0.000295084571995	0.0021677366635	0.000268602623226	0	7.56627107679e-05	9.45783884599e-05	0.000177807370305	0.0246660437103	3.7831355384e-05	3.7831355384e-06	0.000105927795075	0.00374152104747	2.26988132304e-05	0.000310217114149	6.05301686144e-05	0.00564822135883	0.00118790455906	7.56627107679e-05	0	7.56627107679e-05	7.94458463063e-05	0.00207315827504	0.000158891692613	1.51325421536e-05	3.7831355384e-06	0	0.00116898888136	1.13494066152e-05	0.000192939912458	7.56627107679e-05	0.000128626608305	0.000858771767216	0.000960916426753	1.8915677692e-05	0.000832289818447	7.56627107679e-06	0.000234554403381	1.51325421536e-05	3.7831355384e-06	3.7831355384e-06	3.7831355384e-06	0	0.00205802573289	0	7.56627107679e-06	1.51325421536e-05	0.00133166370952	3.7831355384e-06	2.26988132304e-05	1.13494066152e-05	0.000404795502608	0.000151325421536	1.13494066152e-05	0	1.51325421536e-05	0	0.000102144659537	0.000499373891068	0.000113494066152	0.00255361648842	0.000385879824916	0.000374530418301	0.000158891692613	1.51325421536e-05	5.6747033076e-05	7.56627107679e-06	0.000102144659537	1.51325421536e-05	3.02650843072e-05	0	0
0.00145650718228	0.000253470081073	0.00272385758765	0	1.51325421536e-05	3.7831355384e-06	0.000192939912458	0.00337455690025	0.000578819737375	0.000321566520764	7.56627107679e-05	0.000139976014921	1.51325421536e-05	7.94458463063e-05	0.00110089244167	0.000124843472767	0.00249686945534	0.00268224309672	2.64819487688e-05	0.000408578638147	3.7831355384e-05	0.0382361508866	0.00128626608305	0.0222448369658	0.000942000749061	1.51325421536e-05	0.00123708532106	0.0014186758269	0.00998369468583	0.000923085071369	0.0125978413429	0	1.13494066152e-05	0.000204289319073	0.00474783510069	0.000102144659537	0.000185373641381	7.94458463063e-05	0	7.56627107679e-06	0	1.8915677692e-05	0.000109710930614	4.91807619992e-05	0.000639349905989	2.64819487688e-05	7.56627107679e-06	3.7831355384e-06	7.56627107679e-06	9.83615239983e-05	0	0.000680964396911	5.6747033076e-05	0	3.7831355384e-06	7.56627107679e-06	0.000575036601836	0.00236067657596	0.000601518550605	0.00030643397861	1.8915677692e-05	6.43133041527e-05	0.000261036352149	0.000366964147225	7.94458463063e-05	0.00061286795722	0	3.7831355384e-06	1.13494066152e-05	0.000242120674457	0.00501265458838	0.00129383235413	0.00475540137176	0.00149812167321	4.91807619992e-05	0.000109710930614	3.40482198456e-05	0.000389662960455	0.000109710930614	0.000276168894303	0.000302650843072	3.02650843072e-05	1.8915677692e-05	7.56627107679e-06
0.00018915677692	0.00370368969209	0.00157378438397	0	1.8915677692e-05	3.7831355384e-06	7.94458463063e-05	0.000416144909224	0.000139976014921	0.0029357131778	3.7831355384e-05	3.02650843072e-05	1.13494066152e-05	7.18795752295e-05	0.000166457963689	3.02650843072e-05	0.00470243747423	0.000476675077838	7.56627107679e-06	0.000147542285997	3.7831355384e-06	0.00128626608305	0.0199711725072	0.00444518425762	0.00547419712406	0.000174024234766	0.00129383235413	0.00555364297037	0.00213747157919	0.000242120674457	0.000575036601836	0	7.56627107679e-06	9.07952529215e-05	0.000427494315839	9.83615239983e-05	0.00166079650136	0.000204289319073	0	2.64819487688e-05	0	1.13494066152e-05	7.56627107679e-05	4.53976264608e-05	0.00087390430937	3.40482198456e-05	0	3.7831355384e-06	3.7831355384e-06	8.70121173831e-05	3.7831355384e-06	0.00213747157919	0.000181590505843	0	2.26988132304e-05	1.51325421536e-05	0.000798241598602	0.00682855964681	0.00211098963043	0.00037831355384	2.26988132304e-05	0.00011727720169	0.00166836277243	0.000370747282763	7.18795752295e-05	0.000506940162145	0	3.7831355384e-06	1.8915677692e-05	0.000363181011686	0.00133544684505	0.000559904059683	0.000503157026607	0.000155108557074	5.29638975376e-05	3.02650843072e-05	7.56627107679e-06	0.000450193129069	0.000245903809996	0.000389662960455	0.00021185559015	1.8915677692e-05	1.13494066152e-05	0
0.00429764197162	0.00102522973091	0.0203230041123	0	3.7831355384e-05	1.51325421536e-05	0.000646916177066	0.00775164471818	0.00183860387166	0.000279952029841	0.000215638725689	0.00037831355384	7.56627107679e-05	0.000245903809996	0.0033405086804	0.000257253216611	0.00579954678036	0.00996477900814	7.56627107679e-05	0.00104792854414	0.000105927795075	0.0222448369658	0.00444518425762	0.0767446875319	0.00132409743844	4.91807619992e-05	0.00406308756824	0.010933261706	0.0103355262909	0.00169862785674	0.00945783884599	3.7831355384e-06	1.8915677692e-05	0.000317783385225	0.00596222160851	0.000128626608305	0.00150190480874	0.000745277701064	0	1.13494066152e-05	1.13494066152e-05	6.05301686144e-05	0.000143759150459	5.29638975376e-05	0.000533422110914	7.18795752295e-05	1.13494066152e-05	2.26988132304e-05	1.13494066152e-05	0.000136192879382	1.13494066152e-05	0.00315135190348	0.000416144909224	0	4.91807619992e-05	1.8915677692e-05	0.00116898888136	0.00925733266246	0.00458516027254	0.000419928044762	3.7831355384e-05	0.000325349656302	0.00239850793134	0.000351831605071	9.07952529215e-05	0.000654482448143	0	7.56627107679e-06	1.13494066152e-05	0.000733928294449	0.0131804442158	0.00481214840484	0.00794836776617	0.00267089369011	0.000139976014921	0.00021185559015	7.56627107679e-05	0.0010441454086	0.000442626857992	0.00101766345983	0.00100253091768	4.16144909224e-05	3.7831355384e-05	0
0.00115385633921	0.00141489269136	0.000457759400146	0	0.00718039125188	3.02650843072e-05	0.00123330218552	0.00528882348268	0.00115385633921	0.00817913903401	0.00123330218552	0.00011727720169	0.0029167975001	0.000113494066152	0.00118033828798	0.000476675077838	0.00251578513303	0.000279952029841	2.64819487688e-05	0.000132409743844	0.00374152104747	0.000942000749061	0.00547419712406	0.00132409743844	0.0417469006662	8.70121173831e-05	0.000771759649833	0.00152082048644	0.0192372442127	0.00191804971797	0.00164188082366	3.7831355384e-06	2.64819487688e-05	0.000711229481219	0.00147542285997	0.00111224184829	0.000162674828151	7.18795752295e-05	0	0.0013203143029	7.56627107679e-06	0.00030643397861	0.000798241598602	0.000427494315839	0.00585629381344	0.000737711429987	3.02650843072e-05	0.000291301436457	1.51325421536e-05	0.000756627107679	2.64819487688e-05	0.000548554653068	4.16144909224e-05	1.13494066152e-05	1.13494066152e-05	0.00122951904998	0.000646916177066	0.00211477276596	0.00037831355384	0.00423332866747	7.56627107679e-06	5.6747033076e-05	0.000208072454612	0.00181590505843	0.000858771767216	0.000563687195221	0	1.8915677692e-05	7.56627107679e-05	0.000711229481219	0.00216395352796	0.000506940162145	0.00153973616413	0.000537205246452	0.000790675327525	6.80964396911e-05	3.7831355384e-06	0.000522072704299	0.000136192879382	0.000624217363835	0.000261036352149	0.000124843472767	2.26988132304e-05	3.7831355384e-06
0	0.000677181261373	7.18795752295e-05	0	1.13494066152e-05	0	3.7831355384e-05	1.51325421536e-05	6.43133041527e-05	5.29638975376e-05	2.64819487688e-05	0.00223583310319	2.64819487688e-05	0.00591304084651	7.18795752295e-05	0	1.8915677692e-05	8.32289818447e-05	0.000196723047997	0.000192939912458	2.26988132304e-05	1.51325421536e-05	0.000174024234766	4.91807619992e-05	8.70121173831e-05	0.0108500327241	0.00337077376471	0.00238715852473	1.51325421536e-05	5.29638975376e-05	7.56627107679e-06	9.07952529215e-05	3.7831355384e-06	7.56627107679e-06	0.000234554403381	1.13494066152e-05	0.000389662960455	3.7831355384e-06	0	0	3.7831355384e-06	7.56627107679e-06	3.7831355384e-06	1.13494066152e-05	7.56627107679e-06	7.56627107679e-06	0.00115007320367	1.13494066152e-05	0.0020693751395	2.26988132304e-05	0	3.7831355384e-06	7.56627107679e-06	9.45783884599e-05	9.07952529215e-05	1.13494066152e-05	3.7831355384e-06	1.13494066152e-05	7.56627107679e-06	1.13494066152e-05	0.00245903809996	0.000839856089524	0.000639349905989	3.7831355384e-06	4.16144909224e-05	3.7831355384e-06	0.000344265333994	0	0	0.000174024234766	0.000121060337229	0.0013203143029	0.000605301686144	1.8915677692e-05	0	3.7831355384e-06	0.000578819737375	3.7831355384e-05	0.000904169393677	0.000139976014921	7.56627107679e-06	3.7831355384e-06	0	0.000192939912458
0.000813374140755	0.00886388656646	0.0109256954349	0	3.40482198456e-05	4.91807619992e-05	0.000832289818447	0.00108575989952	0.000960916426753	0.000257253216611	0.000351831605071	0.00935191105092	0.000419928044762	0.00556877551252	0.00118412142352	6.80964396911e-05	0.000404795502608	0.0164755552697	0.0042068467187	0.0161993863754	0.000310217114149	0.00123708532106	0.00129383235413	0.00406308756824	0.000771759649833	0.00337077376471	0.0900764571692	0.0302764337138	0.00104036227306	0.00104036227306	0.00150568794428	0.000749060836603	9.45783884599e-05	0.00011727720169	0.00620434228297	7.94458463063e-05	0.0134339142968	0.00116520574583	0	1.8915677692e-05	7.56627107679e-06	1.8915677692e-05	4.91807619992e-05	5.29638975376e-05	0.000162674828151	4.53976264608e-05	0.00177050743197	4.16144909224e-05	0.00262927919919	0.000158891692613	0	0.000113494066152	0.00105171167967	0.000540988381991	0.00129383235413	3.7831355384e-05	0.000151325421536	0.000469108806761	0.000427494315839	0.000124843472767	0.00550067907283	0.00949567020138	0.00880713953339	0.000121060337229	0.000162674828151	8.32289818447e-05	0.000522072704299	3.7831355384e-06	0	0.00121816964336	0.00760788556772	0.0108046350977	0.00902277825908	0.00117655515244	7.94458463063e-05	9.07952529215e-05	0.000136192879382	0.00149055540213	0.00136571192936	0.000972265833368	0.0004728919423	1.8915677692e-05	2.26988132304e-05	5.29638975376e-05
0.000419928044762	0.0122043952469	0.0186735570175	0	1.13494066152e-05	1.51325421536e-05	0.000204289319073	0.00080202473414	0.000302650843072	0.000393446095993	7.94458463063e-05	0.00116898888136	8.70121173831e-05	0.00299246021087	0.000408578638147	3.02650843072e-05	0.00246660437103	0.00747547582387	0.000317783385225	0.00268224309672	6.05301686144e-05	0.0014186758269	0.00555364297037	0.010933261706	0.00152082048644	0.00238715852473	0.0302764337138	0.0752541321298	0.0016456639592	0.000355614740609	0.000945783884599	0.000109710930614	1.8915677692e-05	6.05301686144e-05	0.00245147182888	8.32289818447e-05	0.0109673099258	0.00250821886196	0	7.56627107679e-06	0	1.51325421536e-05	6.05301686144e-05	7.56627107679e-05	0.000143759150459	4.16144909224e-05	0.000556120924144	2.26988132304e-05	0.000771759649833	0.000136192879382	0	0.00101766345983	0.00147920599551	0.000196723047997	0.000465325671223	1.8915677692e-05	0.000363181011686	0.00610976389451	0.00270872504549	0.000132409743844	0.00187265209151	0.00369612342101	0.00827371742247	8.32289818447e-05	6.80964396911e-05	0.000170241099228	0.000174024234766	0	0	0.000907952529215	0.00531908856699	0.0048083652693	0.00340482198456	0.000749060836603	4.16144909224e-05	3.02650843072e-05	7.94458463063e-05	0.00100631405321	0.000847422360601	0.000798241598602	0.000461542535684	1.51325421536e-05	1.8915677692e-05	3.7831355384e-06
0.00511858238345	0.000370747282763	0.00261792979257	0	0.00659778837896	6.05301686144e-05	0.00606058313251	0.0347443167846	0.00575793228944	0.00582602872913	0.00840234403078	0.000412361773685	0.00258388157273	0.000291301436457	0.00499373891068	0.000559904059683	0.00237202598257	0.00124086845659	7.94458463063e-05	0.000366964147225	0.00564822135883	0.00998369468583	0.00213747157919	0.0103355262909	0.0192372442127	1.51325421536e-05	0.00104036227306	0.0016456639592	0.0820789086411	0.00562173941006	0.0120644192319	0	0.000121060337229	0.0020391100552	0.0053796187356	0.00222826683212	0.000136192879382	0.00011727720169	0	0.00270494190995	3.02650843072e-05	0.000703663210142	0.00180455565182	0.000904169393677	0.0107516712001	0.00153973616413	5.6747033076e-05	0.000548554653068	1.51325421536e-05	0.00162296514597	4.91807619992e-05	0.00102901286644	7.56627107679e-05	1.51325421536e-05	3.02650843072e-05	0.00250821886196	0.00111602498383	0.0037831355384	0.000692313803527	0.00811482572986	2.26988132304e-05	0.000136192879382	0.000261036352149	0.00366585833671	0.0017932062452	0.00122951904998	7.56627107679e-06	4.91807619992e-05	0.000181590505843	0.00159270006167	0.00664318600543	0.00118790455906	0.00584872754236	0.00173267607659	0.000741494565526	0.000242120674457	4.91807619992e-05	0.00118412142352	0.000234554403381	0.00139976014921	0.000525855839837	0.000279952029841	7.18795752295e-05	1.13494066152e-05
0.00791053641079	9.45783884599e-05	0.00061286795722	0	0.000166457963689	0.000302650843072	0.00306812292164	0.00559904059683	0.00367342460778	0.00110845871275	0.0016456639592	0.0013694950649	0.00121816964336	0.00111980811937	0.00935947732199	0.000223204996765	0.000113494066152	0.000745277701064	0.000124843472767	0.000431277451377	0.00118790455906	0.000923085071369	0.000242120674457	0.00169862785674	0.00191804971797	5.29638975376e-05	0.00104036227306	0.000355614740609	0.00562173941006	0.036651017096	0.00754357226356	3.7831355384e-06	0.00101766345983	0.00618542660528	0.0107554543357	0.000389662960455	6.05301686144e-05	1.13494066152e-05	0	0.00011727720169	1.51325421536e-05	6.43133041527e-05	0.000276168894303	0.000109710930614	0.00172889294105	0.000109710930614	1.8915677692e-05	1.8915677692e-05	7.56627107679e-06	0.000238337538919	7.56627107679e-06	9.45783884599e-05	2.64819487688e-05	0	7.56627107679e-06	7.56627107679e-05	0.000204289319073	0.000529638975376	0.000109710930614	0.000741494565526	7.56627107679e-06	3.40482198456e-05	7.18795752295e-05	0.000571253466298	0.000317783385225	0.000200506183535	3.7831355384e-06	7.56627107679e-06	5.29638975376e-05	0.000257253216611	0.00168727845013	0.000696096939065	0.00586007694898	0.00106684422183	0.000234554403381	0.000344265333994	3.7831355384e-05	0.000253470081073	4.91807619992e-05	0.000279952029841	0.000174024234766	3.02650843072e-05	1.51325421536e-05	0
