0.0147000759301	4.3388653867e-06	3.03720577069e-05	0	3.90497884803e-05	1.30165961601e-05	0.00146653650071	0.0052543659833	0.00442564269444	0.000255993057815	0.00112810500054	0	8.24384423473e-05	0	0.00378782948259	1.30165961601e-05	0.000117149365441	1.30165961601e-05	0	0	6.94218461872e-05	0.000373142423256	9.11161731207e-05	0.000312398307842	0.000616118884912	0	4.3388653867e-06	3.47109230936e-05	0.000872111942727	0.0047640741946	0.00287666775138	0	4.3388653867e-06	0.000255993057815	0.000637813211845	0	4.3388653867e-06	0	0	0	0	0	4.3388653867e-06	0	6.07441154138e-05	0	0	0	0	0	0	4.3388653867e-06	0	0	0	0	4.3388653867e-06	2.16943269335e-05	8.6777307734e-06	3.03720577069e-05	0	0	0	2.16943269335e-05	0	4.3388653867e-06	0	0	0	4.3388653867e-06	0.000312398307842	5.20663846404e-05	0.000225621000108	7.37607115739e-05	0.000481614057924	3.03720577069e-05	0	4.3388653867e-06	0	4.3388653867e-06	0	4.3388653867e-06	0	0
4.3388653867e-06	0.0121141121597	0.00137975919297	0	0	0	8.6777307734e-06	1.73554615468e-05	8.6777307734e-06	3.47109230936e-05	8.6777307734e-06	0.000282026250136	0	9.97939038941e-05	0	4.3388653867e-06	0.000117149365441	0.000993600173555	5.20663846404e-05	0.000572730231045	0	0.000234298730882	0.00147955309687	0.00100227790433	3.90497884803e-05	0.00036880355787	0.00197418375095	0.00529341577178	6.94218461872e-05	1.30165961601e-05	7.37607115739e-05	4.3388653867e-06	0	4.3388653867e-06	0.00115847705825	0	0.0021217051741	0.000147521423148	0	0	0	0	8.6777307734e-06	0	0	0	6.94218461872e-05	0	4.3388653867e-05	0	0	8.6777307734e-06	0.000160538019308	8.6777307734e-06	6.07441154138e-05	0	1.73554615468e-05	8.6777307734e-05	0.000104132769281	8.6777307734e-06	0.000650829808005	0.000754962577286	0.00135806486604	1.73554615468e-05	0	1.30165961601e-05	0	0	0	7.80995769606e-05	0.000329753769389	0.00082872328886	0.000702896192646	0.000247315327042	4.77275192537e-05	1.73554615468e-05	1.30165961601e-05	4.3388653867e-05	0.000156199153921	6.50829808005e-05	3.47109230936e-05	0	0	8.6777307734e-06
3.03720577069e-05	0.00137975919297	0.0255125284738	0	0	0	3.03720577069e-05	0.000182232346241	4.3388653867e-05	7.37607115739e-05	1.73554615468e-05	0.000164876884695	0	7.80995769606e-05	3.03720577069e-05	2.60331923202e-05	0.000650829808005	0.0033279097516	3.47109230936e-05	0.000529341577178	0	0.00223017680876	0.00109773294284	0.0122225837943	0.000186571211628	1.30165961601e-05	0.0030328669053	0.0119448964096	0.000681201865712	4.3388653867e-05	0.000906822865821	0	0	8.6777307734e-06	0.00359691940558	0	0.000334092634776	5.20663846404e-05	0	0	0	0	4.3388653867e-06	0	4.3388653867e-06	0	0	0	8.6777307734e-06	0	0	2.60331923202e-05	1.73554615468e-05	0	0	0	4.3388653867e-06	0.000134504826988	9.54550385074e-05	4.3388653867e-06	3.47109230936e-05	7.37607115739e-05	0.000216943269335	4.3388653867e-06	0	8.6777307734e-06	4.3388653867e-06	0	0	1.30165961601e-05	0.00180930686625	0.00177025707777	0.00250352532813	0.00119318798134	0.000160538019308	9.97939038941e-05	1.30165961601e-05	1.30165961601e-05	3.47109230936e-05	2.16943269335e-05	1.73554615468e-05	0	0	0
0	0	0	0	0	0	0	0	0	0	0	0	0	0	0	0	0	0	0	0	0	0	0	0	0	0	0	0	0	0	0	0	0	0	0	0	0	0	0	0	0	0	0	0	0	0	0	0	0	0	0	0	0	0	0	0	0	0	0	0	0	0	0	0	0	0	0	0	0	0	0	0	0	0	0	0	0	0	0	0	0	0	0	0
3.90497884803e-05	0	0	0	0.014283544853	0	0.00039483675019	0.00113678273132	0.000260331923202	0.000485952923311	0.00468163575225	0	0.00134938713526	0	0.000112810500054	4.3388653867e-06	8.6777307734e-06	0	0	0	0.00425208807897	4.3388653867e-06	3.47109230936e-05	1.30165961601e-05	0.00297646165528	0	0	0	0.00346241457859	1.73554615468e-05	3.47109230936e-05	0	0	8.6777307734e-06	2.16943269335e-05	0	0	0	0	0.000507647250244	0	8.6777307734e-06	8.6777307734e-06	0	5.20663846404e-05	2.16943269335e-05	0	0.000633474346458	0	0	0	1.30165961601e-05	0	0	0	0.00040785334635	0	8.6777307734e-06	4.3388653867e-06	0.000316737173229	0	0	0	2.60331923202e-05	0	1.73554615468e-05	0	0	4.3388653867e-06	0	1.30165961601e-05	4.3388653867e-06	4.3388653867e-06	0	2.16943269335e-05	4.3388653867e-06	0	0	0	0	0	0	0	0
1.30165961601e-05	0	0	0	0	0.00536717648335	0.0029374118668	1.30165961601e-05	0.00135372600065	0	8.6777307734e-06	8.6777307734e-06	0	4.77275192537e-05	0.000208265538562	0.000668185269552	0	0	0	0	0	8.6777307734e-06	0	8.6777307734e-06	0	0	0	0	8.6777307734e-06	0.000229959865495	0	0	0.00210434971255	0	0.000229959865495	0	0	0	0	0	0	0	0	0	0	0	0	0	0	0	0	0	0	0	0	0	0	0	0	0	0	0	0	0	0	0	0	0	0	0	1.73554615468e-05	4.3388653867e-06	9.11161731207e-05	2.16943269335e-05	0.000303720577069	0.000594424557978	0	4.3388653867e-06	0	0	0	0	0	0
0.00146653650071	8.6777307734e-06	3.03720577069e-05	0	0.00039483675019	0.0029374118668	0.0462870159453	0.00338431500163	0.0211346132986	0.000156199153921	0.0139754854106	4.3388653867e-05	0.00614817225296	0.000273348519362	0.00660809198395	0.00135372600065	4.77275192537e-05	1.73554615468e-05	0	1.30165961601e-05	0.00123657663521	9.97939038941e-05	5.20663846404e-05	0.000130165961601	0.000603102288751	0	1.73554615468e-05	2.60331923202e-05	0.000741945981126	0.00153161948151	0.000347109230936	0	0.00201757240482	0.000121488230828	0.00118451025057	0	0	0	0	0	0	0	8.6777307734e-06	0	2.16943269335e-05	0	0	0	0	0	0	0	0	0	0	0	4.3388653867e-06	0	0	2.16943269335e-05	0	0	0	8.6777307734e-06	0	8.6777307734e-06	0	0	0	0	0.000594424557978	5.64052500271e-05	0.00101529450049	0.000247315327042	0.00290703980909	0.000906822865821	8.6777307734e-06	1.30165961601e-05	4.3388653867e-06	4.3388653867e-06	4.3388653867e-06	0	0	0
0.0052543659833	1.73554615468e-05	0.000182232346241	0	0.00113678273132	1.30165961601e-05	0.00338431500163	0.0481050005424	0.00556242542575	0.00183967892396	0.012465560256	8.6777307734e-06	0.000594424557978	2.60331923202e-05	0.00410022779043	4.3388653867e-05	0.000685540731099	9.97939038941e-05	0	1.30165961601e-05	0.000520663846404	0.001436164443	0.000715912788806	0.00128430415446	0.00800520663846	0	3.90497884803e-05	0.000164876884695	0.0157891311422	0.00211302744332	0.00750189825361	0	4.3388653867e-06	0.00045991973099	0.00190476190476	1.73554615468e-05	8.6777307734e-06	0	0	1.73554615468e-05	0	0	7.37607115739e-05	0	0.000551035904111	8.6777307734e-06	0	4.3388653867e-06	0	0	4.3388653867e-06	4.3388653867e-05	0	0	0	1.73554615468e-05	4.3388653867e-05	0.000130165961601	4.77275192537e-05	0.000299381711682	0	0	4.3388653867e-06	0.000186571211628	2.16943269335e-05	8.6777307734e-05	0	0	2.60331923202e-05	1.73554615468e-05	0.00118884911596	0.000143182557761	0.000859095346567	0.000316737173229	0.000833062154247	0.000104132769281	0	1.30165961601e-05	0	4.3388653867e-06	0	1.73554615468e-05	0	0
0.00442564269444	8.6777307734e-06	4.3388653867e-05	0	0.000260331923202	0.00135372600065	0.0211346132986	0.00556242542575	0.0433192320208	0.000282026250136	0.00824818310012	3.03720577069e-05	0.00114546046209	0.000234298730882	0.016236034277	6.07441154138e-05	8.24384423473e-05	8.6777307734e-06	4.3388653867e-06	8.6777307734e-06	0.00039483675019	0.000186571211628	0.000121488230828	0.000203926673175	0.000963228115848	0	8.6777307734e-06	2.60331923202e-05	0.000997939038941	0.00305456123224	0.000824384423473	0	0.0018266623278	0.000247315327042	0.00128864301985	0	0	0	0	0	0	0	8.6777307734e-06	0	5.20663846404e-05	0	0	0	0	0	0	4.3388653867e-06	0	0	0	0	4.3388653867e-06	1.73554615468e-05	0	1.30165961601e-05	0	0	0	2.16943269335e-05	0	8.6777307734e-06	0	0	0	0	0.000724590519579	5.20663846404e-05	0.000919839461981	0.000225621000108	0.00241240915501	0.000594424557978	0	8.6777307734e-06	0	0	0	0	0	0
0.000255993057815	3.47109230936e-05	7.37607115739e-05	0	0.000485952923311	0	0.000156199153921	0.00183967892396	0.000282026250136	0.013250894891	0.000429547673283	0	0.00103698882742	8.6777307734e-06	0.000208265538562	0.000347109230936	0.000538019307951	1.30165961601e-05	0	0	0.000182232346241	0.000386159019416	0.00282894023213	0.000477275192537	0.00825252196551	0	4.3388653867e-06	8.24384423473e-05	0.001761579347	0.000351448096323	0.000702896192646	0	4.3388653867e-06	0.000108471634668	0.000551035904111	4.3388653867e-05	8.6777307734e-06	1.30165961601e-05	0	4.3388653867e-05	0	4.3388653867e-06	0.000251654192429	4.3388653867e-06	0.00170517409697	1.73554615468e-05	4.3388653867e-06	8.6777307734e-06	0	1.73554615468e-05	4.3388653867e-06	0.000199587807788	4.3388653867e-06	0	0	3.90497884803e-05	8.24384423473e-05	0.000741945981126	7.80995769606e-05	0.000728929384966	0	4.3388653867e-06	3.03720577069e-05	0.000494630654084	6.07441154138e-05	0.000299381711682	0	0	4.77275192537e-05	7.37607115739e-05	0.000360125827096	8.6777307734e-05	0.000247315327042	0.000104132769281	0.000277687384749	3.03720577069e-05	0	9.11161731207e-05	2.60331923202e-05	3.03720577069e-05	3.03720577069e-05	3.47109230936e-05	0	0
0.00112810500054	8.6777307734e-06	1.73554615468e-05	0	0.00468163575225	8.6777307734e-06	0.0139754854106	0.012465560256	0.00824818310012	0.000429547673283	0.0493068662545	0	0.00674259681093	8.6777307734e-06	0.00545829265647	2.16943269335e-05	6.50829808005e-05	1.30165961601e-05	0	4.3388653867e-06	0.00573598004122	0.000104132769281	7.80995769606e-05	0.000108471634668	0.00198720034711	0	1.30165961601e-05	2.60331923202e-05	0.00643453736848	0.000572730231045	0.00042086994251	0	4.3388653867e-06	0.000117149365441	0.000325414904003	0	0	4.3388653867e-06	0	0	0	0	1.30165961601e-05	0	0.000108471634668	4.3388653867e-06	0	1.73554615468e-05	0	0	0	1.30165961601e-05	0	0	0	4.3388653867e-06	0	1.73554615468e-05	4.3388653867e-06	6.94218461872e-05	0	0	4.3388653867e-06	3.03720577069e-05	4.3388653867e-06	4.3388653867e-06	0	0	4.3388653867e-06	0	0.000299381711682	2.16943269335e-05	0.000247315327042	8.24384423473e-05	0.000429547673283	5.64052500271e-05	0	0	0	0	0	8.6777307734e-06	0	0
0	0.000282026250136	0.000164876884695	0	0	8.6777307734e-06	4.3388653867e-05	8.6777307734e-06	3.03720577069e-05	0	0	0.0337997613624	0	0.0114242325632	1.30165961601e-05	8.6777307734e-06	1.73554615468e-05	0.000780995769606	0.00540622627183	0.00748020392667	0	7.37607115739e-05	2.16943269335e-05	0.000130165961601	4.3388653867e-06	0.0022171602126	0.00918971688903	0.00177459594316	0	5.64052500271e-05	3.47109230936e-05	0.00039483675019	4.3388653867e-06	0	0.00602668402213	0	8.24384423473e-05	4.3388653867e-06	0	0	0	0	0	0	0	0	0.000108471634668	0	0.000208265538562	0	0	0	1.30165961601e-05	1.30165961601e-05	1.30165961601e-05	0	0	0	4.3388653867e-06	0	0.000689879596486	0.000247315327042	0.000277687384749	0	0	0	4.3388653867e-06	0	0	1.73554615468e-05	0.000377481288643	0.00130165961601	0.00457316411758	0.000672524134939	5.20663846404e-05	8.24384423473e-05	0.000633474346458	1.30165961601e-05	9.11161731207e-05	2.16943269335e-05	4.3388653867e-06	0	0	1.30165961601e-05
8.24384423473e-05	0	0	0	0.00134938713526	0	0.00614817225296	0.000594424557978	0.00114546046209	0.00103698882742	0.00674259681093	0	0.0255212062046	0	0.00036880355787	0.0010760386159	8.6777307734e-06	0	0	0	0.00859095346567	0	1.73554615468e-05	4.3388653867e-06	0.000902484000434	0	0	4.3388653867e-06	0.000468597461764	6.07441154138e-05	2.60331923202e-05	0	0	1.73554615468e-05	1.73554615468e-05	0	0	0	0	0	0	0	4.3388653867e-06	0	1.30165961601e-05	0	0	0.000238637596269	0	0	0	0	0	0	0	0	0	0	0	8.6777307734e-06	0	0	0	8.6777307734e-06	0	8.6777307734e-06	0	0	0	0	3.03720577069e-05	4.3388653867e-06	3.03720577069e-05	1.30165961601e-05	0.000117149365441	4.3388653867e-06	0	0	0	0	0	0	0	0
0	9.97939038941e-05	7.80995769606e-05	0	0	4.77275192537e-05	0.000273348519362	2.60331923202e-05	0.000234298730882	8.6777307734e-06	8.6777307734e-06	0.0114242325632	0	0.0217811042412	7.37607115739e-05	0	2.16943269335e-05	0.000164876884695	0.000663846404165	0.000872111942727	0	6.94218461872e-05	1.73554615468e-05	0.000173554615468	3.03720577069e-05	0.00312832194381	0.00525870484868	0.00152294175073	3.03720577069e-05	0.000147521423148	4.77275192537e-05	0.000924178327367	5.20663846404e-05	8.6777307734e-06	0.00252521965506	0	2.16943269335e-05	0	0	0	0	0	0	0	0	0	5.64052500271e-05	0	0.000186571211628	0	0	0	0	0	4.3388653867e-06	0	0	0	0	0	0.00038182015403	0.000117149365441	0.000108471634668	0	0	0	4.3388653867e-06	0	0	4.3388653867e-06	0.00042086994251	0.000945872654301	0.00291137867448	0.000915500596594	0.000229959865495	0.000485952923311	0.00082872328886	1.30165961601e-05	4.3388653867e-05	4.3388653867e-06	4.3388653867e-06	0	0	2.16943269335e-05
0.00378782948259	0	3.03720577069e-05	0	0.000112810500054	0.000208265538562	0.00660809198395	0.00410022779043	0.016236034277	0.000208265538562	0.00545829265647	1.30165961601e-05	0.00036880355787	7.37607115739e-05	0.0277643996095	2.60331923202e-05	8.24384423473e-05	1.30165961601e-05	0	4.3388653867e-06	0.000182232346241	0.000130165961601	9.11161731207e-05	0.000147521423148	0.000572730231045	0	1.30165961601e-05	2.16943269335e-05	0.000707235058032	0.00639114871461	0.000728929384966	0	0.000390497884803	0.000551035904111	0.000655168673392	0	0	0	0	0	0	0	0	0	4.3388653867e-05	0	0	0	0	0	0	0	0	0	0	0	8.6777307734e-06	1.30165961601e-05	8.6777307734e-06	1.30165961601e-05	0	0	0	8.6777307734e-06	0	4.3388653867e-06	0	0	0	0	0.000624796615685	4.3388653867e-05	0.000520663846404	0.000143182557761	0.00135372600065	0.000160538019308	0	1.30165961601e-05	4.3388653867e-06	1.30165961601e-05	8.6777307734e-06	0	0	0
1.30165961601e-05	4.3388653867e-06	2.60331923202e-05	0	4.3388653867e-06	0.000668185269552	0.00135372600065	4.3388653867e-05	6.07441154138e-05	0.000347109230936	2.16943269335e-05	8.6777307734e-06	0.0010760386159	0	2.60331923202e-05	0.00444733702137	1.73554615468e-05	1.30165961601e-05	4.3388653867e-06	4.3388653867e-06	4.3388653867e-06	2.16943269335e-05	2.16943269335e-05	6.94218461872e-05	0.000177893480855	0	8.6777307734e-06	3.03720577069e-05	4.77275192537e-05	3.03720577069e-05	3.47109230936e-05	0	0	0	0.000190910077015	0	4.3388653867e-06	0	0	0	0	0	4.3388653867e-06	0	4.3388653867e-06	0	8.6777307734e-06	0	0	0	0	4.3388653867e-06	0	0	0	0	0	0	4.3388653867e-06	0	4.3388653867e-06	0	0	4.3388653867e-06	4.3388653867e-06	4.3388653867e-06	0	0	4.3388653867e-06	8.6777307734e-06	0.00038182015403	3.47109230936e-05	0.000251654192429	0.000164876884695	0.000525002711791	8.6777307734e-06	0	2.60331923202e-05	4.3388653867e-06	1.73554615468e-05	2.16943269335e-05	4.3388653867e-06	0	0
0.000117149365441	0.000117149365441	0.000650829808005	0	8.6777307734e-06	0	4.77275192537e-05	0.000685540731099	8.24384423473e-05	0.000538019307951	6.50829808005e-05	1.73554615468e-05	8.6777307734e-06	2.16943269335e-05	8.24384423473e-05	1.73554615468e-05	0.0202494847597	0.000143182557761	0	4.3388653867e-06	4.3388653867e-06	0.00462956936761	0.0036880355787	0.00872979715804	0.0053845319449	0	2.60331923202e-05	0.00205228332791	0.00461221390606	0.000117149365441	0.00108905521206	0	0	7.37607115739e-05	0.00164009111617	4.3388653867e-06	3.90497884803e-05	5.64052500271e-05	0	0	0	0	2.16943269335e-05	0	6.07441154138e-05	4.3388653867e-06	4.3388653867e-06	0	0	0	0	0.00172686842391	8.6777307734e-06	0	0	0	7.80995769606e-05	0.000308059442456	0.000412192211737	6.07441154138e-05	4.3388653867e-06	2.16943269335e-05	0.000681201865712	0.000104132769281	8.6777307734e-06	8.24384423473e-05	0	0	1.30165961601e-05	2.60331923202e-05	0.00108905521206	0.00039483675019	0.000950211519688	0.000416531077123	0.000203926673175	0.000112810500054	1.30165961601e-05	3.90497884803e-05	3.90497884803e-05	4.3388653867e-05	4.3388653867e-05	0	0	0
1.30165961601e-05	0.000993600173555	0.0033279097516	0	0	0	1.73554615468e-05	9.97939038941e-05	8.6777307734e-06	1.30165961601e-05	1.30165961601e-05	0.000780995769606	0	0.000164876884695	1.30165961601e-05	1.30165961601e-05	0.000143182557761	0.0228528039918	0.000195248942402	0.00601800629135	0	0.00200455580866	0.000234298730882	0.00739342661894	5.64052500271e-05	6.94218461872e-05	0.00528039917562	0.00383121813646	0.000225621000108	3.90497884803e-05	0.000711573923419	8.6777307734e-06	0	1.73554615468e-05	0.00755830350363	0	0.000255993057815	1.30165961601e-05	0	0	0	0	0	0	4.3388653867e-06	0	2.16943269335e-05	0	2.60331923202e-05	0	0	4.3388653867e-06	1.30165961601e-05	0	4.3388653867e-06	0	8.6777307734e-06	2.60331923202e-05	8.6777307734e-06	0	0.000125827096214	8.24384423473e-05	0.000186571211628	0	0	0	0	0	0	8.6777307734e-06	0.0012062045775	0.00161839678924	0.00297212278989	0.00111508840438	0.000104132769281	0.000117149365441	1.30165961601e-05	4.3388653867e-06	5.20663846404e-05	1.73554615468e-05	4.3388653867e-06	0	0	4.3388653867e-06
0	5.20663846404e-05	3.47109230936e-05	0	0	0	0	0	4.3388653867e-06	0	0	0.00540622627183	0	0.000663846404165	0	4.3388653867e-06	0	0.000195248942402	0.00822648877319	0.00328885996312	0	1.30165961601e-05	0	4.77275192537e-05	0	0.000282026250136	0.00434320425209	0.000316737173229	0	4.3388653867e-06	1.30165961601e-05	2.60331923202e-05	0	0	0.000529341577178	0	3.03720577069e-05	0	0	0	0	0	0	0	0	0	1.73554615468e-05	0	4.3388653867e-05	0	0	0	0	4.3388653867e-06	4.3388653867e-06	0	0	0	0	0	0.000130165961601	3.03720577069e-05	6.07441154138e-05	0	0	0	0	0	0	8.6777307734e-06	3.47109230936e-05	0.000108471634668	0.000438225404057	4.3388653867e-05	4.3388653867e-06	8.6777307734e-06	4.3388653867e-06	0	8.6777307734e-06	8.6777307734e-06	0	0	0	4.3388653867e-06
0	0.000572730231045	0.000529341577178	0	0	0	1.30165961601e-05	1.30165961601e-05	8.6777307734e-06	0	4.3388653867e-06	0.00748020392667	0	0.000872111942727	4.3388653867e-06	4.3388653867e-06	4.3388653867e-06	0.00601800629135	0.00328885996312	0.0209350254908	0	0.000138843692374	2.16943269335e-05	0.000451242000217	0	0.00045991973099	0.00993600173555	0.00247315327042	2.60331923202e-05	4.3388653867e-06	5.64052500271e-05	3.47109230936e-05	0	0	0.00484651263695	0	0.000173554615468	0	0	0	0	0	0	0	0	0	5.20663846404e-05	0	8.6777307734e-05	0	0	0	0	2.16943269335e-05	8.6777307734e-06	0	0	4.3388653867e-06	0	0	0.000438225404057	0.000169215750081	0.000299381711682	0	0	0	4.3388653867e-06	0	0	1.30165961601e-05	0.000377481288643	0.000837401019633	0.0021867881549	0.000507647250244	1.30165961601e-05	5.20663846404e-05	6.94218461872e-05	0	3.90497884803e-05	2.16943269335e-05	0	0	0	8.6777307734e-06
6.94218461872e-05	0	0	0	0.00425208807897	0	0.00123657663521	0.000520663846404	0.00039483675019	0.000182232346241	0.00573598004122	0	0.00859095346567	0	0.000182232346241	4.3388653867e-06	4.3388653867e-06	0	0	0	0.0153509057381	0	1.30165961601e-05	0	0.000997939038941	0	0	0	0.000611780019525	1.73554615468e-05	1.73554615468e-05	0	0	0	1.30165961601e-05	0	0	0	0	0	0	0	0	0	8.6777307734e-06	0	0	0.000242976461655	0	0	0	0	0	0	0	0	0	0	0	8.6777307734e-06	0	0	0	8.6777307734e-06	0	0	0	0	0	0	3.03720577069e-05	4.3388653867e-06	4.3388653867e-06	8.6777307734e-06	1.30165961601e-05	0	0	0	0	0	0	0	0	0
0.000373142423256	0.000234298730882	0.00223017680876	0	4.3388653867e-06	8.6777307734e-06	9.97939038941e-05	0.001436164443	0.000186571211628	0.000386159019416	0.000104132769281	7.37607115739e-05	0	6.94218461872e-05	0.000130165961601	2.16943269335e-05	0.00462956936761	0.00200455580866	1.30165961601e-05	0.000138843692374	0	0.0405553747695	0.00123223776982	0.0214123006834	0.00193079509708	8.6777307734e-06	0.000329753769389	0.00194815055863	0.00806161188849	0.000577069096431	0.0124915934483	0	0	0.000160538019308	0.00859963119644	8.6777307734e-06	6.07441154138e-05	1.73554615468e-05	0	0	0	4.3388653867e-06	8.6777307734e-06	0	6.07441154138e-05	0	0	0	0	0	0	1.30165961601e-05	0	0	8.6777307734e-06	0	1.73554615468e-05	6.94218461872e-05	3.90497884803e-05	1.30165961601e-05	1.30165961601e-05	1.73554615468e-05	3.03720577069e-05	2.16943269335e-05	4.3388653867e-06	2.60331923202e-05	0	0	8.6777307734e-06	1.73554615468e-05	0.00226922659724	0.000906822865821	0.00289402321293	0.00128864301985	0.00035578696171	0.000203926673175	1.30165961601e-05	2.60331923202e-05	0	1.73554615468e-05	2.60331923202e-05	8.6777307734e-06	0	0
9.11161731207e-05	0.00147955309687	0.00109773294284	0	3.47109230936e-05	0	5.20663846404e-05	0.000715912788806	0.000121488230828	0.00282894023213	7.80995769606e-05	2.16943269335e-05	1.73554615468e-05	1.73554615468e-05	9.11161731207e-05	2.16943269335e-05	0.0036880355787	0.000234298730882	0	2.16943269335e-05	1.30165961601e-05	0.00123223776982	0.0156936761037	0.00302418917453	0.00386592905955	0	9.11161731207e-05	0.00245145894349	0.00176591821239	0.000138843692374	0.000924178327367	0	0	8.24384423473e-05	0.00140579238529	1.73554615468e-05	0.000581407961818	0.000130165961601	0	0	0	0	5.20663846404e-05	0	0.000212604403948	0	4.3388653867e-06	0	0	4.3388653867e-06	4.3388653867e-06	0.000342770365549	2.60331923202e-05	0	4.3388653867e-06	0	0.000104132769281	0.00175290161623	0.000299381711682	0.000117149365441	0	7.37607115739e-05	0.00043388653867	0.000203926673175	8.6777307734e-06	0.000151860288535	0	0	1.73554615468e-05	8.6777307734e-05	0.00089380626966	0.000481614057924	0.000780995769606	0.00039483675019	0.000156199153921	7.37607115739e-05	0	6.94218461872e-05	9.54550385074e-05	6.94218461872e-05	3.90497884803e-05	4.3388653867e-06	4.3388653867e-06	0
0.000312398307842	0.00100227790433	0.0122225837943	0	1.30165961601e-05	8.6777307734e-06	0.000130165961601	0.00128430415446	0.000203926673175	0.000477275192537	0.000108471634668	0.000130165961601	4.3388653867e-06	0.000173554615468	0.000147521423148	6.94218461872e-05	0.00872979715804	0.00739342661894	4.77275192537e-05	0.000451242000217	0	0.0214123006834	0.00302418917453	0.0604447337021	0.00209567198178	1.30165961601e-05	0.00153595834689	0.0108515023321	0.00565788046426	0.00038182015403	0.00591387352207	0	4.3388653867e-06	0.000151860288535	0.0108037748129	4.3388653867e-06	0.000269009653975	5.64052500271e-05	0	0	0	0	8.6777307734e-06	0	5.20663846404e-05	0	4.3388653867e-06	0	0	0	0	0.000203926673175	1.73554615468e-05	4.3388653867e-06	8.6777307734e-06	0	3.03720577069e-05	0.000247315327042	0.000147521423148	2.16943269335e-05	1.73554615468e-05	4.3388653867e-05	0.000160538019308	3.47109230936e-05	4.3388653867e-06	3.90497884803e-05	0	0	1.30165961601e-05	3.90497884803e-05	0.00452543659833	0.00248183100119	0.0054799869834	0.00252521965506	0.000581407961818	0.000403514480963	3.03720577069e-05	6.94218461872e-05	2.60331923202e-05	3.47109230936e-05	3.03720577069e-05	8.6777307734e-06	0	0
0.000616118884912	3.90497884803e-05	0.000186571211628	0	0.00297646165528	0	0.000603102288751	0.00800520663846	0.000963228115848	0.00825252196551	0.00198720034711	4.3388653867e-06	0.000902484000434	3.03720577069e-05	0.000572730231045	0.000177893480855	0.0053845319449	5.64052500271e-05	0	0	0.000997939038941	0.00193079509708	0.00386592905955	0.00209567198178	0.0406161188849	0	4.3388653867e-06	0.000255993057815	0.0159192971038	0.000668185269552	0.0018266623278	0	0	0.000225621000108	0.00138843692374	3.47109230936e-05	1.30165961601e-05	4.3388653867e-06	0	3.90497884803e-05	0	8.6777307734e-06	0.000164876884695	0	0.00103698882742	8.6777307734e-06	0	4.3388653867e-06	0	1.30165961601e-05	0	0.000112810500054	4.3388653867e-06	0	0	2.16943269335e-05	6.07441154138e-05	0.00044690313483	9.11161731207e-05	0.000629135481072	0	4.3388653867e-06	3.03720577069e-05	0.000429547673283	3.47109230936e-05	0.000208265538562	0	0	3.47109230936e-05	4.3388653867e-05	0.00108471634668	0.000216943269335	0.000707235058032	0.000286365115522	0.000468597461764	7.37607115739e-05	4.3388653867e-06	5.20663846404e-05	2.16943269335e-05	2.16943269335e-05	2.60331923202e-05	1.73554615468e-05	0	0
0	0.00036880355787	1.30165961601e-05	0	0	0	0	0	0	0	0	0.0022171602126	0	0.00312832194381	0	0	0	6.94218461872e-05	0.000282026250136	0.00045991973099	0	8.6777307734e-06	0	1.30165961601e-05	0	0.00689445709947	0.00121488230828	0.000707235058032	0	0	0	3.90497884803e-05	0	0	0.000299381711682	0	9.97939038941e-05	4.3388653867e-06	0	0	0	0	0	0	0	0	0.000255993057815	0	0.000425208807897	0	0	0	8.6777307734e-06	3.90497884803e-05	5.20663846404e-05	0	0	0	0	0	0.0012409155006	0.000290703980909	0.000416531077123	0	0	0	4.3388653867e-06	0	0	1.73554615468e-05	1.73554615468e-05	0.000342770365549	0.000295042846296	2.60331923202e-05	4.3388653867e-06	4.3388653867e-06	0.000130165961601	1.30165961601e-05	0.000108471634668	4.77275192537e-05	4.3388653867e-06	0	0	7.37607115739e-05
4.3388653867e-06	0.00197418375095	0.0030328669053	0	0	0	1.73554615468e-05	3.90497884803e-05	8.6777307734e-06	4.3388653867e-06	1.30165961601e-05	0.00918971688903	0	0.00525870484868	1.30165961601e-05	8.6777307734e-06	2.60331923202e-05	0.00528039917562	0.00434320425209	0.00993600173555	0	0.000329753769389	9.11161731207e-05	0.00153595834689	4.3388653867e-06	0.00121488230828	0.0476624362729	0.0150081353726	5.20663846404e-05	1.73554615468e-05	0.000108471634668	0.000984922442781	0	4.3388653867e-06	0.00473370213689	0	0.000498969519471	1.73554615468e-05	0	0	0	0	0	0	0	0	0.000121488230828	0	0.000216943269335	0	0	0	1.73554615468e-05	1.73554615468e-05	3.03720577069e-05	0	0	1.73554615468e-05	1.30165961601e-05	0	0.000846078750407	0.000342770365549	0.000611780019525	0	0	0	4.3388653867e-06	0	0	3.47109230936e-05	0.000676863000325	0.00145785876993	0.00258162490509	0.000737607115739	4.77275192537e-05	5.64052500271e-05	6.94218461872e-05	1.73554615468e-05	0.000108471634668	5.64052500271e-05	1.30165961601e-05	0	0	2.16943269335e-05
3.47109230936e-05	0.00529341577178	0.0119448964096	0	0	0	2.60331923202e-05	0.000164876884695	2.60331923202e-05	8.24384423473e-05	2.60331923202e-05	0.00177459594316	4.3388653867e-06	0.00152294175073	2.16943269335e-05	3.03720577069e-05	0.00205228332791	0.00383121813646	0.000316737173229	0.00247315327042	0	0.00194815055863	0.00245145894349	0.0108515023321	0.000255993057815	0.000707235058032	0.0150081353726	0.0565744657772	0.000624796615685	6.07441154138e-05	0.000676863000325	0.000234298730882	0	1.73554615468e-05	0.00489857902159	0	0.000924178327367	9.97939038941e-05	0	0	0	0	8.6777307734e-06	0	4.3388653867e-06	0	3.90497884803e-05	0	5.20663846404e-05	0	0	0.000108471634668	0.000104132769281	0	3.03720577069e-05	0	2.16943269335e-05	0.000212604403948	0.000104132769281	4.3388653867e-06	0.000342770365549	0.000373142423256	0.000989261308168	1.30165961601e-05	0	1.30165961601e-05	0	0	0	3.47109230936e-05	0.00171819069313	0.00258162490509	0.00307191669378	0.00113244386593	0.000147521423148	0.000134504826988	4.77275192537e-05	1.30165961601e-05	9.97939038941e-05	5.64052500271e-05	2.16943269335e-05	0	0	4.3388653867e-06
0.000872111942727	6.94218461872e-05	0.000681201865712	0	0.00346241457859	8.6777307734e-06	0.000741945981126	0.0157891311422	0.000997939038941	0.001761579347	0.00643453736848	0	0.000468597461764	3.03720577069e-05	0.000707235058032	4.77275192537e-05	0.00461221390606	0.000225621000108	0	2.60331923202e-05	0.000611780019525	0.00806161188849	0.00176591821239	0.00565788046426	0.0159192971038	0	5.20663846404e-05	0.000624796615685	0.0507647250244	0.000655168673392	0.00627399934917	0	0	0.000234298730882	0.00285063455906	3.90497884803e-05	2.16943269335e-05	4.3388653867e-06	0	1.30165961601e-05	0	8.6777307734e-06	4.3388653867e-05	0	0.00040785334635	0	0	4.3388653867e-06	0	8.6777307734e-06	0	5.64052500271e-05	0	0	0	1.30165961601e-05	3.47109230936e-05	0.000229959865495	4.77275192537e-05	0.000186571211628	4.3388653867e-06	1.73554615468e-05	2.60331923202e-05	0.000160538019308	1.30165961601e-05	4.77275192537e-05	0	0	4.3388653867e-06	8.6777307734e-06	0.00155765267383	0.000308059442456	0.00121054344289	0.000546697038724	0.000416531077123	0.000125827096214	1.30165961601e-05	2.16943269335e-05	1.30165961601e-05	4.3388653867e-06	4.3388653867e-06	0	0	0
0.0047640741946	1.30165961601e-05	4.3388653867e-05	0	1.73554615468e-05	0.000229959865495	0.00153161948151	0.00211302744332	0.00305456123224	0.000351448096323	0.000572730231045	5.64052500271e-05	6.07441154138e-05	0.000147521423148	0.00639114871461	3.03720577069e-05	0.000117149365441	3.90497884803e-05	4.3388653867e-06	4.3388653867e-06	1.73554615468e-05	0.000577069096431	0.000138843692374	0.00038182015403	0.000668185269552	0	1.73554615468e-05	6.07441154138e-05	0.000655168673392	0.0210999023755	0.00190476190476	0	0.000351448096323	0.00232997071266	0.00158802473153	0	4.3388653867e-06	0	0	0	0	0	1.30165961601e-05	0	8.24384423473e-05	0	4.3388653867e-06	0	0	0	0	8.6777307734e-06	0	0	0	0	1.30165961601e-05	2.60331923202e-05	8.6777307734e-06	3.47109230936e-05	0	0	4.3388653867e-06	2.16943269335e-05	8.6777307734e-06	1.73554615468e-05	0	0	4.3388653867e-06	1.73554615468e-05	0.00108905521206	0.000134504826988	0.000850417615793	0.000299381711682	0.00124959323137	0.000269009653975	4.3388653867e-06	2.16943269335e-05	8.6777307734e-06	1.30165961601e-05	8.6777307734e-06	0	0	0
0.00287666775138	7.37607115739e-05	0.000906822865821	0	3.47109230936e-05	0	0.000347109230936	0.00750189825361	0.000824384423473	0.000702896192646	0.00042086994251	3.47109230936e-05	2.60331923202e-05	4.77275192537e-05	0.000728929384966	3.47109230936e-05	0.00108905521206	0.000711573923419	1.30165961601e-05	5.64052500271e-05	1.73554615468e-05	0.0124915934483	0.000924178327367	0.00591387352207	0.0018266623278	0	0.000108471634668	0.000676863000325	0.00627399934917	0.00190476190476	0.0334005857468	0	0	0.000329753769389	0.00746284846513	8.6777307734e-06	2.60331923202e-05	1.30165961601e-05	0	0	0	4.3388653867e-06	2.16943269335e-05	0	0.000121488230828	0	0	0	0	0	0	2.16943269335e-05	0	0	0	0	4.3388653867e-06	0.000121488230828	2.60331923202e-05	4.77275192537e-05	0	4.3388653867e-06	1.73554615468e-05	3.90497884803e-05	0	3.47109230936e-05	0	0	8.6777307734e-06	8.6777307734e-06	0.00217811042412	0.000668185269552	0.00232563184727	0.0010109556351	0.000529341577178	0.000160538019308	1.73554615468e-05	3.47109230936e-05	1.30165961601e-05	1.73554615468e-05	1.73554615468e-05	4.3388653867e-06	0	0
0	4.3388653867e-06	0	0	0	0	0	0	0	0	0	0.00039483675019	0	0.000924178327367	0	0	0	8.6777307734e-06	2.60331923202e-05	3.47109230936e-05	0	0	0	0	0	3.90497884803e-05	0.000984922442781	0.000234298730882	0	0	0	0.00132335394294	0	0	8.6777307734e-06	0	0	0	0	0	0	0	0	0	0	0	4.3388653867e-06	0	4.3388653867e-06	0	0	0	0	0	0	0	0	0	0	0	4.3388653867e-06	4.3388653867e-06	0	0	0	0	0	0	0	0	0	4.3388653867e-06	4.3388653867e-06	0	0	0	0	0	0	0	0	0	0	0
4.3388653867e-06	0	0	0	0	0.00210434971255	0.00201757240482	4.3388653867e-06	0.0018266623278	4.3388653867e-06	4.3388653867e-06	4.3388653867e-06	0	5.20663846404e-05	0.000390497884803	0	0	0	0	0	0	0	0	4.3388653867e-06	0	0	0	0	0	0.000351448096323	0	0	0.00459485844452	4.3388653867e-06	0.000177893480855	0	0	0	0	0	0	0	0	0	0	0	0	0	0	0	0	0	0	0	0	0	0	0	0	4.3388653867e-06	0	0	0	0	0	0	0	0	0	0	8.6777307734e-06	0	8.24384423473e-05	4.3388653867e-06	0.000147521423148	0.000373142423256	0	0	0	0	0	0	0	0
0.000255993057815	4.3388653867e-06	8.6777307734e-06	0	8.6777307734e-06	0	0.000121488230828	0.00045991973099	0.000247315327042	0.000108471634668	0.000117149365441	0	1.73554615468e-05	8.6777307734e-06	0.000551035904111	0	7.37607115739e-05	1.73554615468e-05	0	0	0	0.000160538019308	8.24384423473e-05	0.000151860288535	0.000225621000108	0	4.3388653867e-06	1.73554615468e-05	0.000234298730882	0.00232997071266	0.000329753769389	0	4.3388653867e-06	0.003523158694	0.000785334634993	0	4.3388653867e-06	0	0	0	0	0	4.3388653867e-06	0	2.16943269335e-05	0	0	0	0	4.3388653867e-06	0	0	0	0	0	0	0	4.3388653867e-06	0	8.6777307734e-06	0	0	0	4.3388653867e-06	4.3388653867e-06	8.6777307734e-06	0	0	8.6777307734e-06	8.6777307734e-06	0.000511986115631	5.64052500271e-05	0.000273348519362	0.000104132769281	0.000269009653975	4.77275192537e-05	8.6777307734e-06	4.3388653867e-06	0	4.3388653867e-06	4.3388653867e-06	0	0	0
0.000637813211845	0.00115847705825	0.00359691940558	0	2.16943269335e-05	0.000229959865495	0.00118451025057	0.00190476190476	0.00128864301985	0.000551035904111	0.000325414904003	0.00602668402213	1.73554615468e-05	0.00252521965506	0.000655168673392	0.000190910077015	0.00164009111617	0.00755830350363	0.000529341577178	0.00484651263695	1.30165961601e-05	0.00859963119644	0.00140579238529	0.0108037748129	0.00138843692374	0.000299381711682	0.00473370213689	0.00489857902159	0.00285063455906	0.00158802473153	0.00746284846513	8.6777307734e-06	0.000177893480855	0.000785334634993	0.0472111942727	8.6777307734e-06	0.000316737173229	2.60331923202e-05	0	0	0	4.3388653867e-06	4.3388653867e-06	0	8.24384423473e-05	0	2.16943269335e-05	0	3.90497884803e-05	0	0	3.03720577069e-05	2.16943269335e-05	8.6777307734e-06	1.30165961601e-05	0	1.30165961601e-05	0.000130165961601	3.90497884803e-05	3.47109230936e-05	0.000273348519362	0.000164876884695	0.000255993057815	4.77275192537e-05	4.3388653867e-06	3.47109230936e-05	0	0	4.3388653867e-06	3.47109230936e-05	0.00794880138844	0.00402212821347	0.0194858444517	0.0062956936761	0.00205228332791	0.00119752684673	0.000169215750081	9.11161731207e-05	8.24384423473e-05	6.07441154138e-05	6.50829808005e-05	8.6777307734e-06	0	0
0	0	0	0	0	0	0	1.73554615468e-05	0	4.3388653867e-05	0	0	0	0	0	0	4.3388653867e-06	0	0	0	0	8.6777307734e-06	1.73554615468e-05	4.3388653867e-06	3.47109230936e-05	0	0	0	3.90497884803e-05	0	8.6777307734e-06	0	0	0	8.6777307734e-06	0.0170821130274	0	6.50829808005e-05	0	0.000203926673175	0	0.00110641067361	0.00422171602126	0.000971905846621	0.000229959865495	0.000251654192429	1.30165961601e-05	0.000572730231045	0	0.00469465234841	0.000238637596269	0.000186571211628	6.50829808005e-05	0	0	0.000303720577069	0.000555374769498	0.000212604403948	0.000577069096431	0.00123657663521	0	2.16943269335e-05	5.64052500271e-05	0.00136240373142	0.00735871569585	0.00558411975268	0	2.60331923202e-05	0.00164009111617	0.00185269552012	0	0	0	0	0	0	0	0.000507647250244	0.000104132769281	0.000772318038833	0.000229959865495	0.000134504826988	5.20663846404e-05	0
4.3388653867e-06	0.0021217051741	0.000334092634776	0	0	0	0	8.6777307734e-06	0	8.6777307734e-06	0	8.24384423473e-05	0	2.16943269335e-05	0	4.3388653867e-06	3.90497884803e-05	0.000255993057815	3.03720577069e-05	0.000173554615468	0	6.07441154138e-05	0.000581407961818	0.000269009653975	1.30165961601e-05	9.97939038941e-05	0.000498969519471	0.000924178327367	2.16943269335e-05	4.3388653867e-06	2.60331923202e-05	0	0	4.3388653867e-06	0.000316737173229	0	0.0144310662762	0.00116281592364	0	0	0	4.3388653867e-06	2.16943269335e-05	0	5.20663846404e-05	0	0.000199587807788	0	0.000190910077015	0	0	0.000321076038616	0.000928517192754	7.37607115739e-05	0.000416531077123	0	0.000160538019308	0.00249484759735	0.00105000542358	6.07441154138e-05	0.00260331923202	0.00405250027118	0.00922442781213	9.97939038941e-05	8.6777307734e-06	6.94218461872e-05	8.6777307734e-06	4.3388653867e-06	1.30165961601e-05	0.000507647250244	8.24384423473e-05	0.000203926673175	0.000177893480855	7.37607115739e-05	4.3388653867e-06	8.6777307734e-06	0	0.000334092634776	0.00117149365441	0.000529341577178	0.000229959865495	0	4.3388653867e-06	1.73554615468e-05
0	0.000147521423148	5.20663846404e-05	0	0	0	0	0	0	1.30165961601e-05	4.3388653867e-06	4.3388653867e-06	0	0	0	0	5.64052500271e-05	1.30165961601e-05	0	0	0	1.73554615468e-05	0.000130165961601	5.64052500271e-05	4.3388653867e-06	4.3388653867e-06	1.73554615468e-05	9.97939038941e-05	4.3388653867e-06	0	1.30165961601e-05	0	0	0	2.60331923202e-05	6.50829808005e-05	0.00116281592364	0.0251133528582	0	4.3388653867e-06	0	4.3388653867e-06	0.000156199153921	4.3388653867e-06	3.03720577069e-05	0	5.20663846404e-05	4.3388653867e-06	2.60331923202e-05	2.16943269335e-05	4.3388653867e-06	0.00114546046209	0.00564920273349	4.3388653867e-06	0.000221282134722	4.3388653867e-06	0.00196550602018	0.00101529450049	0.0128126694869	0.000130165961601	7.80995769606e-05	0.00761470875366	0.00850851502332	0.00042086994251	5.64052500271e-05	0.00100661676971	0	4.3388653867e-06	7.37607115739e-05	0.00166612430849	2.60331923202e-05	3.03720577069e-05	1.73554615468e-05	1.30165961601e-05	0	4.3388653867e-06	0	0.00138843692374	0.00221282134722	0.00158368586615	0.00085475648118	8.6777307734e-06	1.30165961601e-05	3.47109230936e-05
0	0	0	0	0	0	0	0	0	0	0	0	0	0	0	0	0	0	0	0	0	0	0	0	0	0	0	0	0	0	0	0	0	0	0	0	0	0	0	0	0	0	0	0	0	0	0	0	0	0	0	0	0	0	0	0	0	0	0	0	0	0	0	0	0	0	0	0	0	0	0	0	0	0	0	0	0	0	0	0	0	0	0	0
0	0	0	0	0.000507647250244	0	0	1.73554615468e-05	0	4.3388653867e-05	0	0	0	0	0	0	0	0	0	0	0	0	0	0	3.90497884803e-05	0	0	0	1.30165961601e-05	0	0	0	0	0	0	0.000203926673175	0	4.3388653867e-06	0	0.0141273456991	0	0.000477275192537	0.000919839461981	4.77275192537e-05	0.000234298730882	0.00166178544311	0	0.00226922659724	0	7.80995769606e-05	3.03720577069e-05	1.73554615468e-05	0	0	0	0.00846078750407	1.73554615468e-05	3.47109230936e-05	3.90497884803e-05	0.00692482915718	0	0	4.3388653867e-06	0.00386159019416	0.000130165961601	0.000242976461655	0	0	6.94218461872e-05	0.000112810500054	0	0	0	0	0	0	0	3.90497884803e-05	4.3388653867e-06	6.50829808005e-05	3.03720577069e-05	3.03720577069e-05	0	0
0	0	0	0	0	0	0	0	0	0	0	0	0	0	0	0	0	0	0	0	0	0	0	0	0	0	0	0	0	0	0	0	0	0	0	0	0	0	0	0	0.00297212278989	0.000490291788697	0	0.000511986115631	4.3388653867e-06	0	4.3388653867e-06	4.3388653867e-06	0	0.000212604403948	0.000195248942402	0	0	0	0	0	0	0	0	8.6777307734e-06	0	0	0	8.6777307734e-06	0.000321076038616	0	0	0.00126694869292	0	0.00042086994251	0	0	0	0	0	0	0	8.6777307734e-06	0	2.60331923202e-05	0	0.000885128538887	0.00102397223126	0
0	0	0	0	8.6777307734e-06	0	0	0	0	4.3388653867e-06	0	0	0	0	0	0	0	0	0	0	0	4.3388653867e-06	0	0	8.6777307734e-06	0	0	0	8.6777307734e-06	0	4.3388653867e-06	0	0	0	4.3388653867e-06	0.00110641067361	4.3388653867e-06	4.3388653867e-06	0	0.000477275192537	0.000490291788697	0.0245102505695	0.00084173988502	0.00506779477167	8.24384423473e-05	0.004633908233	1.73554615468e-05	0.00690747369563	0	0.00290703980909	0.00239505369346	8.6777307734e-06	4.3388653867e-06	0	4.3388653867e-06	0.00215641609719	3.47109230936e-05	2.16943269335e-05	3.47109230936e-05	0.00128430415446	0	1.30165961601e-05	0	0.000750623711899	0.00299381711682	0.000277687384749	0	0.000711573923419	0.000143182557761	0.00129298188524	4.3388653867e-06	0	4.3388653867e-06	4.3388653867e-06	4.3388653867e-06	0	0	0.000190910077015	2.60331923202e-05	0.000442564269444	0.000143182557761	0.000811367827313	0.000390497884803	0
4.3388653867e-06	8.6777307734e-06	4.3388653867e-06	0	8.6777307734e-06	0	8.6777307734e-06	7.37607115739e-05	8.6777307734e-06	0.000251654192429	1.30165961601e-05	0	4.3388653867e-06	0	0	4.3388653867e-06	2.16943269335e-05	0	0	0	0	8.6777307734e-06	5.20663846404e-05	8.6777307734e-06	0.000164876884695	0	0	8.6777307734e-06	4.3388653867e-05	1.30165961601e-05	2.16943269335e-05	0	0	4.3388653867e-06	4.3388653867e-06	0.00422171602126	2.16943269335e-05	0.000156199153921	0	0.000919839461981	0	0.00084173988502	0.0302852803992	0.000286365115522	0.000798351231153	0.00141013125068	1.30165961601e-05	0.000672524134939	0	0.00133203167372	7.37607115739e-05	0.000767979173446	5.64052500271e-05	0	4.3388653867e-06	0.00104132769281	0.00138843692374	0.000611780019525	0.00113244386593	0.00596160104133	0	3.47109230936e-05	0.000117149365441	0.0122616335828	0.0014014535199	0.00930252738909	0	0	0.000689879596486	0.00105868315436	4.3388653867e-06	0	0	0	0	0	0	0.000620457750298	0.000169215750081	0.000485952923311	0.000216943269335	6.07441154138e-05	4.3388653867e-06	0
0	0	0	0	0	0	0	0	0	4.3388653867e-06	0	0	0	0	0	0	0	0	0	0	0	0	0	0	0	0	0	0	0	0	0	0	0	0	0	0.000971905846621	0	4.3388653867e-06	0	4.77275192537e-05	0.000511986115631	0.00506779477167	0.000286365115522	0.0153682611997	1.30165961601e-05	0.000598763423365	2.60331923202e-05	0.000507647250244	4.3388653867e-06	0.00853020935025	0.000303720577069	3.03720577069e-05	4.3388653867e-06	0	0	0.000134504826988	2.60331923202e-05	3.03720577069e-05	3.47109230936e-05	0.000151860288535	4.3388653867e-06	4.3388653867e-06	4.3388653867e-06	0.000104132769281	0.00387460679032	0.000195248942402	0	0.00183100119319	0.000169215750081	0.00160538019308	0	0	0	0	4.3388653867e-06	0	0	0.000104132769281	8.6777307734e-06	0.000325414904003	8.24384423473e-05	0.000238637596269	0.000511986115631	4.3388653867e-06
