0.0089191161739	0	0	0	7.15532785712e-06	0	0.000325567417499	0.00324851884713	0.000776353072498	0.000611780531784	0	0	4.29319671427e-05	0	0.0035204213057	0.00052233893357	0	7.15532785712e-06	0	3.57766392856e-06	7.15532785712e-06	0	0	0	0.00119851741607	0	3.57766392856e-06	3.57766392856e-06	0.00106972151464	0.00602836371963	0.00277626720856	0	0	0.000533071925356	0.000107329917857	0	0	0	0	3.57766392856e-06	0	1.78883196428e-05	0	1.78883196428e-05	4.29319671427e-05	0	0	7.15532785712e-06	0	0	0	0	0	0	0	7.15532785712e-06	0	0	0	1.43106557142e-05	0	0	0	0	0.0001252182375	0	0	0	0	0.000114485245714	0.000318412089642	0	0.000636824179284	0.000618935859641	0	1.07329917857e-05	0	3.57766392856e-06	3.57766392856e-06	0.00010017459	3.57766392856e-06	0	0	0
0	0.0161173759982	0.000364921720713	0	0.000118062909643	0	0	3.57766392856e-06	3.57766392856e-06	0.00579223790034	0	4.65096310713e-05	8.9441598214e-05	0.000296946106071	1.78883196428e-05	0	0.001252182375	1.43106557142e-05	7.15532785712e-06	1.07329917857e-05	0	0	0.00892984916569	4.29319671427e-05	0.00446492458284	0.00182103093964	0.0041465124932	0.0134269727239	0	3.57766392856e-06	0	0	2.14659835714e-05	0	7.15532785712e-06	0	0.0040463379032	3.57766392856e-06	0	3.57766392856e-06	0	0	0	0	1.07329917857e-05	0	3.93543032142e-05	3.57766392856e-06	6.43979507141e-05	0	0	7.15532785712e-06	0	3.57766392856e-06	6.43979507141e-05	3.57766392856e-06	0	0.000511605941784	3.57766392856e-05	7.15532785712e-06	0.000214659835714	0.000286213114285	0.00385314405106	0	3.57766392856e-06	0	1.07329917857e-05	0	0	3.57766392856e-06	1.43106557142e-05	7.15532785712e-05	3.21989753571e-05	2.14659835714e-05	0	0	1.43106557142e-05	0.000118062909643	0.000118062909643	3.57766392856e-06	3.57766392856e-06	0	0	0
0	0.000364921720713	0.0420375511606	0	0	0	0.000479406966427	0.00343813503535	0.0010017459	0.000143106557142	0.00086937233464	2.14659835714e-05	3.57766392856e-06	0	0.000364921720713	7.15532785712e-06	8.9441598214e-05	0.0146362231317	0	0.000189616188214	3.57766392856e-06	0.00100890122785	0.000590314548213	0.0121318583818	0.000393543032142	0	0.00379232376427	0.0157918085807	0.00372434814963	6.79756146427e-05	0.00261169466785	0	3.21989753571e-05	3.57766392856e-06	0.000765620080712	0	0.00759538052034	0.00118062909643	0	0	0	7.15532785712e-06	0	1.43106557142e-05	7.51309424998e-05	0	3.57766392856e-06	7.15532785712e-06	2.86213114285e-05	0	3.57766392856e-06	1.78883196428e-05	0.000139528893214	1.78883196428e-05	0.000296946106071	7.15532785712e-06	3.57766392856e-05	0.00157417212857	7.87086064283e-05	1.78883196428e-05	0	0.000876527662497	0.00734852170926	1.07329917857e-05	3.21989753571e-05	0	0	0	0	4.29319671427e-05	0.00657932396462	0.0012772260225	0.00238272417642	0.000214659835714	7.15532785712e-06	0	0	0.000432897335356	0.000350611064999	3.57766392856e-05	1.78883196428e-05	0	0	0
0	0	0	0	0	0	0	0	0	0	0	0	0	0	0	0	0	0	0	0	0	0	0	0	0	0	0	0	0	0	0	0	0	0	0	0	0	0	0	0	0	0	0	0	0	0	0	0	0	0	0	0	0	0	0	0	0	0	0	0	0	0	0	0	0	0	0	0	0	0	0	0	0	0	0	0	0	0	0	0	0	0	0	0
7.15532785712e-06	0.000118062909643	0	0	0.0145288932139	0	0.00124860471107	0.000114485245714	0.000411431351785	0.00445419159106	0.00349179999428	0.000268324794642	0.00371719282178	8.58639342855e-05	0.000175305532499	0.0013273133175	0	2.50436474999e-05	9.30192621426e-05	0.000139528893214	0.00394974097713	0	0.000243281147142	0	0.00715890552105	3.57766392856e-06	0.000254014138928	0.000168150204642	0.00364921720713	0.000461518646784	0	0	4.29319671427e-05	3.57766392856e-06	0.000508028277856	7.15532785712e-06	3.57766392856e-06	0	0	0.00185680757892	0	2.86213114285e-05	0	3.57766392856e-06	0.000669023154641	0	7.15532785712e-06	0.000182460860357	7.15532785712e-06	6.08202867855e-05	4.65096310713e-05	6.79756146427e-05	0	0	0	0.000779930736426	0	0.000103752253928	7.15532785712e-05	0.00188542889035	0	0	0.00010017459	0.000432897335356	0.000128795901428	0	0	0	3.57766392856e-06	5.7242622857e-05	4.65096310713e-05	0.000107329917857	0.00057242622857	8.9441598214e-05	7.15532785712e-05	7.15532785712e-06	7.15532785712e-06	2.86213114285e-05	1.07329917857e-05	4.65096310713e-05	1.78883196428e-05	3.93543032142e-05	0	0
0	0	0	0	0	0.0040713815507	0.00158132745642	0.000121640573571	0.00114843012107	1.07329917857e-05	0.000121640573571	3.57766392856e-06	0	0	0.000271902458571	0.00152050716964	0	0	0	0	0	0	0	0	2.50436474999e-05	0	0	0	2.14659835714e-05	1.78883196428e-05	0	0	0.00162068175964	0	0.0001252182375	0	0	0	0	0	0	0	0	0	0	0	0	0	0	0	0	0	0	0	0	0	0	0	0	0	0	0	0	0	7.15532785712e-06	0	0	0	0	7.15532785712e-06	5.00872949999e-05	0	7.87086064283e-05	9.30192621426e-05	0.000636824179284	0.000762042416784	0	0	0	3.57766392856e-06	0	0	0	0
0.000325567417499	0	0.000479406966427	0	0.00124860471107	0.00158132745642	0.048777870002	0.0101283665818	0.0255981854089	0.00218953032428	0.0264604024156	0.00133446864535	0.00686195941498	0.000336300409285	0.00777784138069	0.00590672314605	3.57766392856e-06	0.000279057786428	0.000364921720713	0.000654712498927	0.00312687827356	0.000146684221071	4.65096310713e-05	0.000304101433928	0.00213228770142	1.07329917857e-05	0.000676178482498	4.65096310713e-05	0.00393900798535	0.00328071782249	3.93543032142e-05	0	0.0049228655657	5.36649589284e-05	0.00311614528178	3.57766392856e-06	2.14659835714e-05	0	0	1.43106557142e-05	0	1.78883196428e-05	0	2.50436474999e-05	0.000114485245714	3.57766392856e-06	7.15532785712e-06	2.14659835714e-05	2.50436474999e-05	7.15532785712e-06	3.57766392856e-06	7.15532785712e-06	3.57766392856e-06	0	5.36649589284e-05	2.86213114285e-05	4.29319671427e-05	0	0.000178883196428	0.000118062909643	3.57766392856e-05	1.43106557142e-05	5.7242622857e-05	5.36649589284e-05	0.000822862703569	0	3.57766392856e-06	0	0	0.000654712498927	0.00216090901285	0.000393543032142	0.00382810040356	0.000669023154641	0.00183891925928	0.000393543032142	3.57766392856e-05	0.000239703483214	0.000175305532499	0.000354188728928	0.000178883196428	5.00872949999e-05	0	0
0.00324851884713	3.57766392856e-06	0.00343813503535	0	0.000114485245714	0.000121640573571	0.0101283665818	0.0708270127937	0.022084919431	0.00160637110392	0.0242601390996	0.00133446864535	0.000157417212857	0.000121640573571	0.0164214774321	0.000694066802141	0	0.00363490655142	8.58639342855e-05	0.00122356106357	0.000168150204642	0.00370645982999	0.00010017459	0.00573141761356	0.00358839692035	3.57766392856e-06	0.000468673974642	0.000153839548928	0.0329574401099	0.00514110306534	0.0139099573542	7.15532785712e-06	0.00126291536678	7.15532785712e-06	0.0063253098257	7.15532785712e-06	1.07329917857e-05	1.43106557142e-05	0	0.000354188728928	0	9.30192621426e-05	0	0.000110907581785	0.000815707375712	7.15532785712e-06	0	8.9441598214e-05	0	3.21989753571e-05	2.86213114285e-05	7.15532785712e-06	7.15532785712e-06	0	0.000103752253928	0.000107329917857	6.43979507141e-05	0	0.000325567417499	0.00106972151464	3.57766392856e-06	7.15532785712e-06	3.57766392856e-05	0.000568848564641	0.000475829302499	3.57766392856e-06	0	0	3.57766392856e-06	0.000350611064999	0.00716248318498	0.000429319671427	0.00977417785283	0.0039712069607	0.000364921720713	0.000694066802141	3.21989753571e-05	0.000214659835714	0.00010017459	0.000279057786428	0.000118062909643	3.57766392856e-06	0	0
0.000776353072498	3.57766392856e-06	0.0010017459	0	0.000411431351785	0.00114843012107	0.0255981854089	0.022084919431	0.0629811957984	0.00121640573571	0.0264890237271	0.00235410286499	0.00397836228856	0.000962391596783	0.029898537451	0.00208935573428	1.78883196428e-05	0.000540227253213	0.000543804917141	0.000400698359999	0.00221457397178	0.00044720799107	6.79756146427e-05	0.0010768768425	0.00104110020321	8.58639342855e-05	0.000690489138212	7.15532785712e-05	0.00826440367498	0.00469031741034	0.00166361372678	2.50436474999e-05	0.00626091187498	7.15532785712e-06	0.00417513380463	7.15532785712e-06	1.78883196428e-05	3.57766392856e-06	0	0.000135951229285	0	7.51309424998e-05	0	7.87086064283e-05	0.000654712498927	1.07329917857e-05	1.07329917857e-05	0.000110907581785	1.78883196428e-05	4.65096310713e-05	3.57766392856e-05	1.07329917857e-05	3.57766392856e-06	0	8.9441598214e-05	0.0001252182375	6.08202867855e-05	3.57766392856e-06	0.000228970491428	0.000711955121784	1.43106557142e-05	1.78883196428e-05	4.29319671427e-05	0.000758464752855	0.00200349179999	3.57766392856e-06	0	0	3.57766392856e-06	0.00174589999714	0.00653281433355	0.000651134834998	0.00694066802141	0.00169223503821	0.00300523769999	0.000425742007499	6.79756146427e-05	0.000955236268926	0.000314834425713	0.00105898852285	0.000318412089642	6.08202867855e-05	0	0
0.000611780531784	0.00579223790034	0.000143106557142	0	0.00445419159106	1.07329917857e-05	0.00218953032428	0.00160637110392	0.00121640573571	0.0393292595667	0.00245069979106	7.15532785712e-06	0.00460803113999	8.9441598214e-05	0.000926614957497	0.00553464609748	0.000146684221071	2.86213114285e-05	0	7.15532785712e-06	0.000615358195713	2.50436474999e-05	0.00960602764819	8.58639342855e-05	0.0269254987264	0.000804974383926	0.00213228770142	0.00516614671284	0.00649703769427	0.00119493975214	0.000171727868571	0	6.79756146427e-05	0.000143106557142	0.000300523769999	2.50436474999e-05	6.08202867855e-05	3.57766392856e-05	0	0.00249363175821	0	0.000354188728928	2.14659835714e-05	0.000382810040356	0.010267895475	2.14659835714e-05	1.07329917857e-05	0.000511605941784	3.57766392856e-06	0.00010017459	0.000160994876785	0.00197487048857	7.87086064283e-05	0	7.15532785712e-06	0.00123787171928	0.000765620080712	0.00233979220928	0.000872949998569	0.00907295572283	0	2.86213114285e-05	0.000558115572856	0.00293010675749	0.00166719139071	6.79756146427e-05	0	0	0.000329145081428	0.00216806434071	0.00442557027963	0.000103752253928	0.000783508400355	0.000736998769284	0.000411431351785	3.21989753571e-05	3.57766392856e-06	0.00286928647071	0.000450785654999	0.00137382294857	0.000382810040356	0.000110907581785	0	0
0	0	0.00086937233464	0	0.00349179999428	0.000121640573571	0.0264604024156	0.0242601390996	0.0264890237271	0.00245069979106	0.0693208162798	0.00348464466642	0.00683333810355	0.000518761269641	0.0101283665818	0.000540227253213	7.15532785712e-06	0.00062251352357	0.000676178482498	0.00231474856178	0.00768839978248	0.000243281147142	2.14659835714e-05	0.000633246515355	0.00280131085606	1.43106557142e-05	0.00158132745642	5.36649589284e-05	0.0123143192421	0.00566344199891	2.50436474999e-05	0	0.00173874466928	0	0.00833953461748	3.57766392856e-06	2.50436474999e-05	3.57766392856e-06	0	0.00253656372535	0	3.57766392856e-06	0	1.07329917857e-05	0.000350611064999	3.57766392856e-06	0	2.14659835714e-05	2.14659835714e-05	3.57766392856e-06	1.07329917857e-05	3.57766392856e-06	3.57766392856e-06	0	8.22862703569e-05	0.000747731761069	5.36649589284e-05	0	0.000268324794642	0.0034953776582	6.08202867855e-05	1.43106557142e-05	9.30192621426e-05	0.000697644466069	0.000289790778213	0	3.57766392856e-06	0	0	0.000257591802856	0.00215733134892	0.000676178482498	0.00943429977962	0.00125576003892	0.00108045450643	0.000296946106071	5.36649589284e-05	0.000293368442142	0.000110907581785	0.000146684221071	7.51309424998e-05	3.57766392856e-05	0	0
0	4.65096310713e-05	2.14659835714e-05	0	0.000268324794642	3.57766392856e-06	0.00133446864535	0.00133446864535	0.00235410286499	7.15532785712e-06	0.00348464466642	0.0280095308967	0.000715532785712	0.00488351126249	0.00240419015999	0.000150261885	3.57766392856e-06	0.000726265777498	0.00305174733106	0.00724119179141	0.000679756146427	5.36649589284e-05	1.07329917857e-05	0.000103752253928	7.15532785712e-06	0.00105541085893	0.00526989896677	0.000214659835714	0.000314834425713	0.00379232376427	0.000150261885	0.000153839548928	0.000858639342855	0	0.0107365694496	0	0.000443630327142	0	0	3.57766392856e-06	0	0	0	0	7.15532785712e-06	0	1.78883196428e-05	0	0.000719110449641	3.57766392856e-06	0	0	0	0	3.21989753571e-05	0	0	7.15532785712e-06	0	7.15532785712e-06	0.000386387704285	0.000454363318927	0.000586736884284	7.51309424998e-05	0.000182460860357	0	0.000279057786428	0	0	0.000214659835714	0.000218237499642	0.00426457540284	0.0135343026417	0.000661867826784	4.29319671427e-05	7.15532785712e-06	3.21989753571e-05	7.87086064283e-05	7.15532785712e-06	7.15532785712e-05	0	0	0	0
4.29319671427e-05	8.9441598214e-05	3.57766392856e-06	0	0.00371719282178	0	0.00686195941498	0.000157417212857	0.00397836228856	0.00460803113999	0.00683333810355	0.000715532785712	0.025891553851	0.000311256761785	0.00197487048857	0.00223603995535	0	1.43106557142e-05	0.000254014138928	0.000221815163571	0.00847548584676	0	0.000193193852142	0	0.00587094650677	0	0.000540227253213	0.000135951229285	0.0012772260225	0.00153124016142	4.29319671427e-05	0	0.00099459057214	7.51309424998e-05	0.00128080368642	0.000150261885	0	3.57766392856e-06	0	0.000440052663213	0	0.000604625203927	0	7.87086064283e-05	0.00049729528607	3.93543032142e-05	2.86213114285e-05	0.00193551618535	3.57766392856e-06	0.000504450613927	0.000193193852142	5.7242622857e-05	3.57766392856e-06	1.78883196428e-05	0	0.00110549815393	0	0.000114485245714	3.93543032142e-05	0.000454363318927	0	0	0.000114485245714	0.000114485245714	0.000615358195713	0	0	0	0	7.51309424998e-05	0.000361344056785	0.000279057786428	0.00190331720999	0.000246858811071	7.15532785712e-05	3.57766392856e-06	1.78883196428e-05	5.00872949999e-05	1.43106557142e-05	5.7242622857e-05	1.78883196428e-05	1.78883196428e-05	0	0
0	0.000296946106071	0	0	8.58639342855e-05	0	0.000336300409285	0.000121640573571	0.000962391596783	8.9441598214e-05	0.000518761269641	0.00488351126249	0.000311256761785	0.0194768024271	0.000847906351069	1.07329917857e-05	5.00872949999e-05	1.43106557142e-05	7.51309424998e-05	0.000107329917857	0.000225392827499	3.57766392856e-06	0.000182460860357	2.14659835714e-05	7.51309424998e-05	0.00622871289963	0.00653639199748	0.00257591802856	1.78883196428e-05	0.000890838318212	0	0.000758464752855	0.00042216434357	0	0.000940925613212	0	0.00186754057071	0	0	0	0	3.57766392856e-06	0	0	1.78883196428e-05	0	0.000354188728928	3.57766392856e-06	0.00511963708177	0	3.57766392856e-06	0	1.07329917857e-05	0.000211082171785	0.000518761269641	3.57766392856e-06	0	4.65096310713e-05	3.57766392856e-06	3.57766392856e-06	0.00319127622428	0.00281919917571	0.00437548298463	3.57766392856e-06	5.00872949999e-05	0	0.00173516700535	0	0	5.7242622857e-05	3.21989753571e-05	0.00452574486963	0.00249363175821	0.000103752253928	3.57766392856e-06	0	0.00118062909643	2.50436474999e-05	5.7242622857e-05	5.7242622857e-05	3.57766392856e-06	0	0	0
0.0035204213057	1.78883196428e-05	0.000364921720713	0	0.000175305532499	0.000271902458571	0.00777784138069	0.0164214774321	0.029898537451	0.000926614957497	0.0101283665818	0.00240419015999	0.00197487048857	0.000847906351069	0.0484523025845	0.00221457397178	1.07329917857e-05	0.000214659835714	0.000511605941784	0.000493717622141	0.00091945962964	0.000236125819285	1.78883196428e-05	0.000701222129998	0.00121640573571	9.65969260712e-05	0.000719110449641	8.9441598214e-05	0.00622871289963	0.0107365694496	0.00318054323249	2.86213114285e-05	0.00976344486104	7.15532785712e-06	0.00403202724749	3.57766392856e-06	2.86213114285e-05	0	0	3.57766392856e-05	0	5.7242622857e-05	0	7.15532785712e-05	0.000450785654999	3.57766392856e-06	1.07329917857e-05	4.65096310713e-05	2.14659835714e-05	2.86213114285e-05	1.07329917857e-05	3.57766392856e-06	3.57766392856e-06	0	1.43106557142e-05	5.00872949999e-05	0	0	1.07329917857e-05	0.00039712069607	1.78883196428e-05	2.86213114285e-05	4.29319671427e-05	0.000411431351785	0.00158848278428	3.57766392856e-06	0	0	7.15532785712e-06	0.00136308995678	0.00566344199891	0.000658290162855	0.00731990039784	0.00310183462606	0.00287286413463	0.000118062909643	7.87086064283e-05	0.000429319671427	0.000214659835714	0.000744154097141	0.000246858811071	4.29319671427e-05	0	3.57766392856e-06
0.00052233893357	0	7.15532785712e-06	0	0.0013273133175	0.00152050716964	0.00590672314605	0.000694066802141	0.00208935573428	0.00553464609748	0.000540227253213	0.000150261885	0.00223603995535	1.07329917857e-05	0.00221457397178	0.014020864936	0	0	3.21989753571e-05	6.08202867855e-05	0.000164572540714	1.43106557142e-05	0	1.78883196428e-05	0.00498726351641	0	0.000107329917857	7.15532785712e-06	0.000454363318927	0.000851484014998	0.000103752253928	0	0.00272975757749	0.000128795901428	0.00052233893357	0	0	0	0	1.07329917857e-05	0	3.57766392856e-06	0	7.15532785712e-06	6.08202867855e-05	0	1.07329917857e-05	0	1.07329917857e-05	3.21989753571e-05	0	3.57766392856e-06	0	0	0	0	0	1.43106557142e-05	1.07329917857e-05	4.29319671427e-05	0	3.57766392856e-06	1.78883196428e-05	7.87086064283e-05	0.000790663728212	0	0	0	3.57766392856e-06	0.000633246515355	0.000640401843212	1.78883196428e-05	0.000808552047855	0.000436474999284	0.00181029794785	0.000364921720713	3.57766392856e-06	8.58639342855e-05	0.000153839548928	0.000350611064999	0.000182460860357	4.29319671427e-05	0	0
0	0.001252182375	8.9441598214e-05	0	0	0	3.57766392856e-06	0	1.78883196428e-05	0.000146684221071	7.15532785712e-06	3.57766392856e-06	0	5.00872949999e-05	1.07329917857e-05	0	0.0242529837717	1.43106557142e-05	0	0	0	0.000107329917857	0.0160708663671	0.00518403503249	0.00826082601105	7.51309424998e-05	0.000536649589284	0.00418586679642	0.00121640573571	0	7.15532785712e-06	0	7.15532785712e-06	0	0	0	2.86213114285e-05	6.08202867855e-05	0	0	0	0	0	3.57766392856e-06	0	0	0	0	0	0	0	0.00201064712785	0	0	1.07329917857e-05	0	0.00446492458284	0.00996379404104	0.0107294141218	0	7.15532785712e-06	1.78883196428e-05	0.000583159220355	0	0	0	0	0	0	0	0.00118420676035	0.000482984630356	6.79756146427e-05	6.08202867855e-05	3.57766392856e-06	0	0	0	3.57766392856e-05	0	0	0	0	0
7.15532785712e-06	1.43106557142e-05	0.0146362231317	0	2.50436474999e-05	0	0.000279057786428	0.00363490655142	0.000540227253213	2.86213114285e-05	0.00062251352357	0.000726265777498	1.43106557142e-05	1.43106557142e-05	0.000214659835714	0	1.43106557142e-05	0.040967829646	3.57766392856e-06	0.00902286842783	1.43106557142e-05	0.00284782048713	2.86213114285e-05	0.00974913420533	8.9441598214e-05	0	0.00801038953605	0.00258307335642	0.00298734938035	0.000375654712499	0.00644337273534	0	1.07329917857e-05	0.0001252182375	0.00901213543605	3.57766392856e-06	0.00356693093678	0.000135951229285	0	0	0	0	0	3.57766392856e-06	1.07329917857e-05	0	0	0	3.57766392856e-06	3.57766392856e-06	0	3.57766392856e-06	3.57766392856e-05	1.43106557142e-05	0.00100890122785	0	2.14659835714e-05	3.21989753571e-05	0.000118062909643	0	0	0.00290148544606	0.00158132745642	0	7.15532785712e-06	3.57766392856e-06	0	0	0	3.57766392856e-06	0.00515541372106	0.00526632130284	0.00760253584819	0.00162068175964	3.57766392856e-06	0	0	0.000250436474999	0.000221815163571	2.50436474999e-05	3.57766392856e-05	3.57766392856e-06	0	0
0	7.15532785712e-06	0	0	9.30192621426e-05	0	0.000364921720713	8.58639342855e-05	0.000543804917141	0	0.000676178482498	0.00305174733106	0.000254014138928	7.51309424998e-05	0.000511605941784	3.21989753571e-05	0	3.57766392856e-06	0.00510890408999	0.00150619651392	0.000211082171785	1.43106557142e-05	0	1.78883196428e-05	0	7.15532785712e-06	0.0012772260225	2.86213114285e-05	0.000193193852142	0.000790663728212	6.08202867855e-05	0	0.000107329917857	0	0.00220384097999	0	5.00872949999e-05	0	0	0	0	0	0	0	0	0	0	0	1.43106557142e-05	3.57766392856e-06	0	0	0	0	3.57766392856e-05	0	0	0	0	0	9.65969260712e-05	5.7242622857e-05	8.22862703569e-05	4.65096310713e-05	8.58639342855e-05	0	3.57766392856e-06	0	0	0.000110907581785	1.78883196428e-05	0.000432897335356	0.00250794241392	0.000157417212857	3.57766392856e-06	0	3.57766392856e-06	5.36649589284e-05	0	5.7242622857e-05	0	0	0	0
3.57766392856e-06	1.07329917857e-05	0.000189616188214	0	0.000139528893214	0	0.000654712498927	0.00122356106357	0.000400698359999	7.15532785712e-06	0.00231474856178	0.00724119179141	0.000221815163571	0.000107329917857	0.000493717622141	6.08202867855e-05	0	0.00902286842783	0.00150619651392	0.0236805575431	0.000304101433928	0.00164572540714	7.15532785712e-06	0.00213228770142	3.93543032142e-05	0	0.00255445204499	0.000343455737142	0.000475829302499	0.00134520163714	0.00169939036607	0	0.000211082171785	0.000118062909643	0.0123035862503	3.57766392856e-06	0.000486562294284	0	0	0	0	0	0	3.57766392856e-06	0	0	0	0	3.21989753571e-05	3.57766392856e-06	0	3.57766392856e-06	0	3.57766392856e-06	0.000175305532499	0	1.07329917857e-05	7.15532785712e-06	3.21989753571e-05	0	0.000146684221071	0.00042216434357	0.000293368442142	4.29319671427e-05	2.86213114285e-05	3.57766392856e-06	7.15532785712e-06	0	0	3.93543032142e-05	0.00275837888892	0.00177452130857	0.011469990555	0.00168507971035	0	7.15532785712e-06	0	9.65969260712e-05	6.08202867855e-05	2.86213114285e-05	3.57766392856e-06	0	0	0
7.15532785712e-06	0	3.57766392856e-06	0	0.00394974097713	0	0.00312687827356	0.000168150204642	0.00221457397178	0.000615358195713	0.00768839978248	0.000679756146427	0.00847548584676	0.000225392827499	0.00091945962964	0.000164572540714	0	1.43106557142e-05	0.000211082171785	0.000304101433928	0.0172049858325	0	0	0	0.00111623114571	0	0.000407853687856	3.57766392856e-06	0.00177452130857	0.00132015798964	0	0	0.000200349179999	3.57766392856e-06	0.00138813360428	0	0	0	0	0.000196771516071	0	0	0	0	9.65969260712e-05	0	3.57766392856e-06	3.57766392856e-06	0	3.57766392856e-06	0	7.15532785712e-06	0	0	0	8.22862703569e-05	0	3.21989753571e-05	1.43106557142e-05	0.000228970491428	0	0	3.21989753571e-05	3.21989753571e-05	1.07329917857e-05	0	0	0	0	1.07329917857e-05	9.65969260712e-05	0.000225392827499	0.00163141475142	4.29319671427e-05	8.58639342855e-05	0	1.43106557142e-05	3.57766392856e-06	3.57766392856e-06	1.07329917857e-05	3.57766392856e-06	0	0	0
0	0	0.00100890122785	0	0	0	0.000146684221071	0.00370645982999	0.00044720799107	2.50436474999e-05	0.000243281147142	5.36649589284e-05	0	3.57766392856e-06	0.000236125819285	1.43106557142e-05	0.000107329917857	0.00284782048713	1.43106557142e-05	0.00164572540714	0	0.034857179656	0.00052233893357	0.0218953032428	0.000250436474999	0	0.000132373565357	0.000232548155356	0.00608560634248	0.000461518646784	0.0120137954721	0	1.43106557142e-05	0.00186038524285	0.00637181945677	0	4.65096310713e-05	0.00057242622857	0	0	0	0	0	0	1.43106557142e-05	0	3.57766392856e-06	0	0	0	0	0	6.79756146427e-05	3.57766392856e-06	3.57766392856e-05	0	3.57766392856e-05	0.000175305532499	0.00169939036607	7.15532785712e-06	0	6.79756146427e-05	0.000926614957497	0	3.93543032142e-05	0	0	0	0	4.65096310713e-05	0.00662941125962	0.00099459057214	0.00248289876642	0.00064755717107	1.07329917857e-05	0	0	7.15532785712e-06	3.57766392856e-05	8.9441598214e-05	0.000203926843928	0	0	0
0	0.00892984916569	0.000590314548213	0	0.000243281147142	0	4.65096310713e-05	0.00010017459	6.79756146427e-05	0.00960602764819	2.14659835714e-05	1.07329917857e-05	0.000193193852142	0.000182460860357	1.78883196428e-05	0	0.0160708663671	2.86213114285e-05	0	7.15532785712e-06	0	0.00052233893357	0.038012679241	0.00685838175105	0.0137346518217	0.000965969260712	0.00296588339678	0.0117884026446	0.00104825553107	7.15532785712e-06	3.57766392856e-06	0	0	0	0	0	0.000586736884284	0.000329145081428	0	0	0	0	0	0	0.000425742007499	0	1.43106557142e-05	0	2.14659835714e-05	0	3.57766392856e-06	0.00388892069035	0	0	3.57766392856e-06	0	0.00600332007213	0.0172192964882	0.0156200807121	0.000160994876785	0.000103752253928	2.86213114285e-05	0.00233621454535	5.00872949999e-05	0	0	0	0	0	3.57766392856e-06	0.000311256761785	0.000232548155356	1.07329917857e-05	1.07329917857e-05	0	0	0	1.43106557142e-05	6.43979507141e-05	3.57766392856e-06	0	3.57766392856e-06	0	0
0	4.29319671427e-05	0.0121318583818	0	0	0	0.000304101433928	0.00573141761356	0.0010768768425	8.58639342855e-05	0.000633246515355	0.000103752253928	0	2.14659835714e-05	0.000701222129998	1.78883196428e-05	0.00518403503249	0.00974913420533	1.78883196428e-05	0.00213228770142	0	0.0218953032428	0.00685838175105	0.0695533644352	0.000697644466069	3.57766392856e-06	0.000983857580354	0.00635393113712	0.00726265777498	0.00140959958785	0.00567059732677	3.57766392856e-06	5.7242622857e-05	0.00194267151321	0.00678682847248	0	0.000475829302499	0.00284782048713	0	0	0	0	1.78883196428e-05	2.50436474999e-05	3.93543032142e-05	0	3.57766392856e-06	3.57766392856e-06	0	1.07329917857e-05	3.57766392856e-06	0.000983857580354	0.00010017459	3.57766392856e-06	0.000121640573571	0	0.000876527662497	0.00686911474284	0.0103537594093	3.57766392856e-05	0	0.000379232376427	0.00539153954034	8.58639342855e-05	7.51309424998e-05	1.07329917857e-05	0	0	0	9.65969260712e-05	0.0178704313232	0.00310541228999	0.00656859097284	0.00208220040642	2.50436474999e-05	1.43106557142e-05	1.78883196428e-05	8.9441598214e-05	0.000121640573571	0.000168150204642	0.000300523769999	3.57766392856e-06	0	0
0.00119851741607	0.00446492458284	0.000393543032142	0	0.00715890552105	2.50436474999e-05	0.00213228770142	0.00358839692035	0.00104110020321	0.0269254987264	0.00280131085606	7.15532785712e-06	0.00587094650677	7.51309424998e-05	0.00121640573571	0.00498726351641	0.00826082601105	8.9441598214e-05	0	3.93543032142e-05	0.00111623114571	0.000250436474999	0.0137346518217	0.000697644466069	0.0615107759238	0.000189616188214	0.00168507971035	0.00550602478606	0.0201279372621	0.00241492315178	0.000375654712499	0	0.000225392827499	0.000540227253213	0.00114485245714	3.93543032142e-05	5.7242622857e-05	3.57766392856e-05	0	0.00186754057071	0	0.000153839548928	5.7242622857e-05	0.000207504507857	0.00695140101319	1.43106557142e-05	1.07329917857e-05	0.000250436474999	3.57766392856e-06	4.65096310713e-05	3.93543032142e-05	0.00194982684107	5.7242622857e-05	0	0.000264747130714	0.000747731761069	0.00520192335213	0.00616073728498	0.00600689773605	0.00650777068605	0	0.000146684221071	0.000500872949999	0.00293726208535	0.0015777497925	7.87086064283e-05	0	0	0.000186038524285	0.00184607458714	0.00542731617963	0.000704799793927	0.00232905921749	0.00197129282464	0.000203926843928	0.000164572540714	1.78883196428e-05	0.00317696556856	0.000640401843212	0.00111623114571	0.000246858811071	9.65969260712e-05	0	0
0	0.00182103093964	0	0	3.57766392856e-06	0	1.07329917857e-05	3.57766392856e-06	8.58639342855e-05	0.000804974383926	1.43106557142e-05	0.00105541085893	0	0.00622871289963	9.65969260712e-05	0	7.51309424998e-05	0	7.15532785712e-06	0	0	0	0.000965969260712	3.57766392856e-06	0.000189616188214	0.0140888405507	0.00302312601963	0.00348464466642	0	7.15532785712e-05	0	0.000386387704285	4.65096310713e-05	0	7.51309424998e-05	0	0.00217879733249	0	0	0	0	0	0	0	2.50436474999e-05	0	0.000121640573571	0	0.00413935716535	0	0	0	0	0.000157417212857	0.000282635450356	0	0	4.29319671427e-05	0	3.57766392856e-06	0.00433255101749	0.00172085634964	0.00487635593463	0	1.43106557142e-05	0	0.000880105326426	0	0	1.78883196428e-05	7.15532785712e-06	0.000740576433212	0.000182460860357	1.07329917857e-05	0	0	0.00114127479321	1.43106557142e-05	3.93543032142e-05	4.29319671427e-05	7.15532785712e-06	0	0	0
3.57766392856e-06	0.0041465124932	0.00379232376427	0	0.000254014138928	0	0.000676178482498	0.000468673974642	0.000690489138212	0.00213228770142	0.00158132745642	0.00526989896677	0.000540227253213	0.00653639199748	0.000719110449641	0.000107329917857	0.000536649589284	0.00801038953605	0.0012772260225	0.00255445204499	0.000407853687856	0.000132373565357	0.00296588339678	0.000983857580354	0.00168507971035	0.00302312601963	0.0682546724291	0.0230151120524	0.000307679097856	0.000958813932854	0.000150261885	0.000357766392856	0.000379232376427	0	0.0036706831907	0	0.0226072583646	5.00872949999e-05	0	1.07329917857e-05	0	0	0	0	4.65096310713e-05	0	8.22862703569e-05	3.57766392856e-06	0.00281562151178	7.15532785712e-06	0	0	5.7242622857e-05	0.000418586679642	0.00345602335499	1.07329917857e-05	1.07329917857e-05	0.000128795901428	9.65969260712e-05	1.78883196428e-05	0.00829660265033	0.0163427688257	0.0185501874696	4.65096310713e-05	0.000207504507857	0	0.00118420676035	0	0	0.000236125819285	0.00401413892785	0.0129904977246	0.00701222129998	0.000980279916426	3.57766392856e-06	3.57766392856e-06	0.000236125819285	0.000765620080712	0.000897993646069	0.000146684221071	2.14659835714e-05	3.57766392856e-06	0	0
3.57766392856e-06	0.0134269727239	0.0157918085807	0	0.000168150204642	0	4.65096310713e-05	0.000153839548928	7.15532785712e-05	0.00516614671284	5.36649589284e-05	0.000214659835714	0.000135951229285	0.00257591802856	8.9441598214e-05	7.15532785712e-06	0.00418586679642	0.00258307335642	2.86213114285e-05	0.000343455737142	3.57766392856e-06	0.000232548155356	0.0117884026446	0.00635393113712	0.00550602478606	0.00348464466642	0.0230151120524	0.0770020607344	0.000332722745356	4.65096310713e-05	7.87086064283e-05	0.000618935859641	6.43979507141e-05	0	0.000611780531784	0	0.0223174675864	0.000883682990355	0	3.57766392856e-06	0	7.15532785712e-06	0	1.07329917857e-05	6.43979507141e-05	0	3.21989753571e-05	1.07329917857e-05	0.000833595695355	0	3.57766392856e-06	0.000364921720713	0.000153839548928	0.000279057786428	0.00190689487392	1.07329917857e-05	8.22862703569e-05	0.00521623400784	0.000629668851427	2.14659835714e-05	0.00359197458428	0.00698359998855	0.0250436474999	1.07329917857e-05	2.50436474999e-05	0	0.000343455737142	0	0	5.00872949999e-05	0.00673674117748	0.00269398093821	0.00207504507857	0.000304101433928	3.57766392856e-06	0	0.000182460860357	0.000987435244283	0.000958813932854	8.22862703569e-05	3.57766392856e-05	0	0	0
0.00106972151464	0	0.00372434814963	0	0.00364921720713	2.14659835714e-05	0.00393900798535	0.0329574401099	0.00826440367498	0.00649703769427	0.0123143192421	0.000314834425713	0.0012772260225	1.78883196428e-05	0.00622871289963	0.000454363318927	0.00121640573571	0.00298734938035	0.000193193852142	0.000475829302499	0.00177452130857	0.00608560634248	0.00104825553107	0.00726265777498	0.0201279372621	0	0.000307679097856	0.000332722745356	0.0701150576719	0.0047726036807	0.00897635879676	3.57766392856e-06	0.000615358195713	0.000686911474284	0.00368499384642	2.14659835714e-05	1.78883196428e-05	4.65096310713e-05	0	0.00272617991356	0	6.79756146427e-05	5.7242622857e-05	9.30192621426e-05	0.00208220040642	1.07329917857e-05	0	0.000121640573571	0	1.43106557142e-05	2.86213114285e-05	0.000178883196428	4.65096310713e-05	0	0.000271902458571	0.000794241392141	0.00218237499642	0.00185680757892	0.00249363175821	0.00567059732677	0	0.000118062909643	0.000178883196428	0.00171012335785	0.00172085634964	4.65096310713e-05	0	0	0.00010017459	0.00153481782535	0.0101426772375	0.000711955121784	0.00776710838891	0.00477618134463	0.000203926843928	0.000661867826784	1.78883196428e-05	0.00202138011964	0.000915881965712	0.00116989610464	0.000543804917141	8.58639342855e-05	0	0
0.00602836371963	3.57766392856e-06	6.79756146427e-05	0	0.000461518646784	1.78883196428e-05	0.00328071782249	0.00514110306534	0.00469031741034	0.00119493975214	0.00566344199891	0.00379232376427	0.00153124016142	0.000890838318212	0.0107365694496	0.000851484014998	0	0.000375654712499	0.000790663728212	0.00134520163714	0.00132015798964	0.000461518646784	7.15532785712e-06	0.00140959958785	0.00241492315178	7.15532785712e-05	0.000958813932854	4.65096310713e-05	0.0047726036807	0.0286177337646	0.00329145081428	1.78883196428e-05	0.000626091187498	0.00182103093964	0.00686911474284	0	2.86213114285e-05	0	0	1.78883196428e-05	0	4.29319671427e-05	0	5.7242622857e-05	0.000232548155356	0	3.57766392856e-06	3.57766392856e-05	1.43106557142e-05	1.78883196428e-05	3.57766392856e-06	7.15532785712e-06	0	0	7.15532785712e-06	4.29319671427e-05	0	0	0	0.000114485245714	1.43106557142e-05	1.78883196428e-05	3.21989753571e-05	7.87086064283e-05	0.00044720799107	0	3.57766392856e-06	0	0	0.000425742007499	0.000955236268926	0.000590314548213	0.00727696843069	0.00108760983428	6.79756146427e-05	5.36649589284e-05	6.43979507141e-05	8.58639342855e-05	2.14659835714e-05	0.000225392827499	2.14659835714e-05	0	0	0
0.00277626720856	0	0.00261169466785	0	0	0	3.93543032142e-05	0.0139099573542	0.00166361372678	0.000171727868571	2.50436474999e-05	0.000150261885	4.29319671427e-05	0	0.00318054323249	0.000103752253928	7.15532785712e-06	0.00644337273534	6.08202867855e-05	0.00169939036607	0	0.0120137954721	3.57766392856e-06	0.00567059732677	0.000375654712499	0	0.000150261885	7.87086064283e-05	0.00897635879676	0.00329145081428	0.0380162569049	3.57766392856e-06	1.78883196428e-05	0.000518761269641	0.00973124588569	3.57766392856e-06	5.00872949999e-05	1.07329917857e-05	0	7.15532785712e-06	0	1.43106557142e-05	0	1.07329917857e-05	4.65096310713e-05	0	0	2.14659835714e-05	0	3.57766392856e-06	3.57766392856e-06	0	3.57766392856e-06	3.57766392856e-06	1.78883196428e-05	2.14659835714e-05	3.57766392856e-06	3.57766392856e-06	2.50436474999e-05	2.14659835714e-05	0	5.00872949999e-05	5.00872949999e-05	3.57766392856e-06	3.21989753571e-05	3.57766392856e-06	0	0	0	2.86213114285e-05	0.00191762786571	0.000200349179999	0.00531640859784	0.00191047253785	0	3.57766392856e-06	0	2.14659835714e-05	3.57766392856e-06	4.65096310713e-05	3.21989753571e-05	0	0	0
0	0	0	0	0	0	0	7.15532785712e-06	2.50436474999e-05	0	0	0.000153839548928	0	0.000758464752855	2.86213114285e-05	0	0	0	0	0	0	0	0	3.57766392856e-06	0	0.000386387704285	0.000357766392856	0.000618935859641	3.57766392856e-06	1.78883196428e-05	3.57766392856e-06	0.00106256618678	3.21989753571e-05	0	1.78883196428e-05	0	5.00872949999e-05	0	0	0	0	0	0	0	0	0	0	0	0.000404276023927	0	0	0	0	0	7.15532785712e-06	0	0	3.57766392856e-06	0	0	0.000110907581785	0.000186038524285	0.000307679097856	0	0	0	0.000203926843928	0	0	0	3.57766392856e-06	0.000107329917857	5.7242622857e-05	2.14659835714e-05	0	0	1.07329917857e-05	0	0	0	0	0	0	0
0	2.14659835714e-05	3.21989753571e-05	0	4.29319671427e-05	0.00162068175964	0.0049228655657	0.00126291536678	0.00626091187498	6.79756146427e-05	0.00173874466928	0.000858639342855	0.00099459057214	0.00042216434357	0.00976344486104	0.00272975757749	7.15532785712e-06	1.07329917857e-05	0.000107329917857	0.000211082171785	0.000200349179999	1.43106557142e-05	0	5.7242622857e-05	0.000225392827499	4.65096310713e-05	0.000379232376427	6.43979507141e-05	0.000615358195713	0.000626091187498	1.78883196428e-05	3.21989753571e-05	0.0145932911646	0	0.00171727868571	3.57766392856e-06	3.21989753571e-05	0	0	3.57766392856e-06	0	7.15532785712e-06	0	7.15532785712e-06	7.15532785712e-06	0	1.07329917857e-05	3.57766392856e-06	1.07329917857e-05	1.07329917857e-05	0	0	0	0	7.15532785712e-06	3.57766392856e-06	0	0	3.57766392856e-06	0.000103752253928	1.07329917857e-05	1.78883196428e-05	3.93543032142e-05	9.65969260712e-05	0.000937347949283	3.57766392856e-06	0	0	3.57766392856e-06	0.000762042416784	0.0015276624975	0.000618935859641	0.0034452903632	0.00253298606142	0.00326282950285	0.00113054180143	2.86213114285e-05	0.000182460860357	0.000153839548928	0.00037207704857	0.000175305532499	4.29319671427e-05	0	3.57766392856e-06
0.000533071925356	0	3.57766392856e-06	0	3.57766392856e-06	0	5.36649589284e-05	7.15532785712e-06	7.15532785712e-06	0.000143106557142	0	0	7.51309424998e-05	0	7.15532785712e-06	0.000128795901428	0	0.0001252182375	0	0.000118062909643	3.57766392856e-06	0.00186038524285	0	0.00194267151321	0.000540227253213	0	0	0	0.000686911474284	0.00182103093964	0.000518761269641	0	0	0.00358839692035	0.00126649303071	0	0	0	0	0	0	0	0	0	3.57766392856e-06	0	0	3.57766392856e-06	0	0	0	0	0	0	0	3.57766392856e-06	0	0	0	3.57766392856e-06	0	0	0	0	0	0	0	0	0	3.57766392856e-06	2.50436474999e-05	0	6.43979507141e-05	3.57766392856e-06	0	0	0	0	0	0	0	0	0	0
0.000107329917857	7.15532785712e-06	0.000765620080712	0	0.000508028277856	0.0001252182375	0.00311614528178	0.0063253098257	0.00417513380463	0.000300523769999	0.00833953461748	0.0107365694496	0.00128080368642	0.000940925613212	0.00403202724749	0.00052233893357	0	0.00901213543605	0.00220384097999	0.0123035862503	0.00138813360428	0.00637181945677	0	0.00678682847248	0.00114485245714	7.51309424998e-05	0.0036706831907	0.000611780531784	0.00368499384642	0.00686911474284	0.00973124588569	1.78883196428e-05	0.00171727868571	0.00126649303071	0.046423767137	0	0.000368499384642	3.57766392856e-06	0	1.43106557142e-05	0	3.57766392856e-06	0	0	1.43106557142e-05	0	0	1.07329917857e-05	2.14659835714e-05	1.43106557142e-05	3.57766392856e-06	0	3.57766392856e-06	7.15532785712e-06	0.000146684221071	1.78883196428e-05	3.57766392856e-06	3.57766392856e-06	3.57766392856e-05	4.29319671427e-05	7.15532785712e-05	0.000304101433928	0.000279057786428	0.000160994876785	0.000550960244998	0	3.57766392856e-06	0	3.57766392856e-06	0.000633246515355	0.00100890122785	0.00111980880964	0.0281633704456	0.00353830962535	2.86213114285e-05	0.000754887088926	6.43979507141e-05	0.000286213114285	2.14659835714e-05	0.000264747130714	3.57766392856e-05	0	0	0
0	0	0	0	7.15532785712e-06	0	3.57766392856e-06	7.15532785712e-06	7.15532785712e-06	2.50436474999e-05	3.57766392856e-06	0	0.000150261885	0	3.57766392856e-06	0	0	3.57766392856e-06	0	3.57766392856e-06	0	0	0	0	3.93543032142e-05	0	0	0	2.14659835714e-05	0	3.57766392856e-06	0	3.57766392856e-06	0	0	0.0315120638828	0	0.000604625203927	0	0.00209651106214	3.57766392856e-06	0.000350611064999	0.00565986433498	0.00211082171785	3.21989753571e-05	0.00264031597928	0.000822862703569	0.00678682847248	5.7242622857e-05	0.0195662440253	5.00872949999e-05	0.000314834425713	0.00365279487106	0.000508028277856	0.00295872806892	0.00686911474284	0.000983857580354	0	0.00232905921749	0.00482626863963	0	0.00202853544749	5.00872949999e-05	0.00293368442142	0.0230473110278	0.0189329975099	7.15532785712e-06	3.57766392856e-06	0.00276195655285	0.00389249835427	1.78883196428e-05	0	1.07329917857e-05	7.15532785712e-06	3.57766392856e-06	0	0	0.000250436474999	0.000264747130714	0.00298019405249	0.00154197315321	0.000948080941069	3.57766392856e-05	3.57766392856e-06
0	0.0040463379032	0.00759538052034	0	3.57766392856e-06	0	2.14659835714e-05	1.07329917857e-05	1.78883196428e-05	6.08202867855e-05	2.50436474999e-05	0.000443630327142	0	0.00186754057071	2.86213114285e-05	0	2.86213114285e-05	0.00356693093678	5.00872949999e-05	0.000486562294284	0	4.65096310713e-05	0.000586736884284	0.000475829302499	5.7242622857e-05	0.00217879733249	0.0226072583646	0.0223174675864	1.78883196428e-05	2.86213114285e-05	5.00872949999e-05	5.00872949999e-05	3.21989753571e-05	0	0.000368499384642	0	0.0539547497066	0.00119851741607	0	7.15532785712e-06	0	0	0	0	0.00204642376714	0	0.000193193852142	1.07329917857e-05	0.00164930307107	0	2.50436474999e-05	0.000132373565357	0.000157417212857	0.000193193852142	0.00292295142963	1.07329917857e-05	7.15532785712e-06	0.00565270900713	0.000182460860357	0.000787086064283	0.00903717908355	0.0147292423939	0.0394580554681	1.07329917857e-05	3.57766392856e-06	0	0.000207504507857	0	0	2.86213114285e-05	0.0013774006125	0.00694066802141	0.00108760983428	0.000264747130714	1.07329917857e-05	0	0.000186038524285	0.00148830819428	0.00163857007928	0.000160994876785	5.00872949999e-05	2.50436474999e-05	0	0
0	3.57766392856e-06	0.00118062909643	0	0	0	0	1.43106557142e-05	3.57766392856e-06	3.57766392856e-05	3.57766392856e-06	0	3.57766392856e-06	0	0	0	6.08202867855e-05	0.000135951229285	0	0	0	0.00057242622857	0.000329145081428	0.00284782048713	3.57766392856e-05	0	5.00872949999e-05	0.000883682990355	4.65096310713e-05	0	1.07329917857e-05	0	0	0	3.57766392856e-06	0.000604625203927	0.00119851741607	0.0237485331578	0	0	0	3.57766392856e-06	7.51309424998e-05	0.000407853687856	7.15532785712e-06	0.000279057786428	3.21989753571e-05	0	0	0.000379232376427	0	3.57766392856e-06	0.00269398093821	1.43106557142e-05	0.000765620080712	0	0.00084432868714	8.22862703569e-05	0.0136022782564	7.15532785712e-06	0	0.00941283379604	0.00608918400641	4.65096310713e-05	0.000146684221071	0.00177809897249	0	0	0	0.000518761269641	0.000407853687856	0.000432897335356	2.50436474999e-05	7.15532785712e-06	1.07329917857e-05	0	0	0.000708377457855	0.00133804630928	0.000686911474284	0.000847906351069	6.08202867855e-05	0	0
0	0	0	0	0	0	0	0	0	0	0	0	0	0	0	0	0	0	0	0	0	0	0	0	0	0	0	0	0	0	0	0	0	0	0	0	0	0	0	0	0	0	0	0	0	0	0	0	0	0	0	0	0	0	0	0	0	0	0	0	0	0	0	0	0	0	0	0	0	0	0	0	0	0	0	0	0	0	0	0	0	0	0	0
