0.0178239242135	4.09745384218e-06	0.000880952576069	0	1.22923615265e-05	0	0.000483499553378	0.00774418776172	0.00677718865497	0.000475304645693	0.000139313430634	0.00113909216813	4.09745384218e-06	0.000376965753481	0.00706401042392	0	1.22923615265e-05	0.00320011145074	0.000270431953584	0.00208970145951	8.19490768436e-06	0.00133167249871	8.19490768436e-06	0.000315503945848	0.00124562596802	0	0.0018848287674	0.000831783129963	0.00119235906808	0.00561351176379	0.00392945823465	0.000118826161423	8.19490768436e-06	0	0.00396223786539	0	2.86821768953e-05	2.45847230531e-05	0	4.91694461062e-05	0	0	1.22923615265e-05	0	0.000565448630221	0	1.22923615265e-05	0	2.86821768953e-05	6.14618076327e-05	0	0	2.04872692109e-05	0	2.45847230531e-05	2.04872692109e-05	0	0.000192580330583	1.22923615265e-05	0.000299114130479	0	0.000122923615265	4.91694461062e-05	0.000196677784425	0.000172093061372	2.45847230531e-05	3.27796307375e-05	4.09745384218e-06	0	0.000344186122743	0.000331893761217	3.68770845796e-05	0.00220852762094	0.000471207191851	4.09745384218e-05	0.000102436346055	0	0.000331893761217	8.60465306858e-05	0.000196677784425	2.86821768953e-05	0	0	0
4.09745384218e-06	0.0251050996911	0.00322059871996	0	5.73643537906e-05	1.63898153687e-05	3.27796307375e-05	0.000184385422898	4.5071992264e-05	0.00315503945848	7.78516230015e-05	0.000151605792161	2.04872692109e-05	0.000692469699329	2.86821768953e-05	1.63898153687e-05	0.000495791914904	0.00140132921403	1.22923615265e-05	0.000118826161423	8.19490768436e-06	3.68770845796e-05	0.00508494021815	0.00108992272202	0.00284363296647	0.00110631253739	0.00374097535791	0.016045629246	0.00045071992264	4.09745384218e-06	4.09745384218e-06	0.000106533799897	4.09745384218e-06	0	0.000467109738009	0.000114728707581	0.0152179435699	0.000274529407426	0	0	0	4.09745384218e-06	2.45847230531e-05	3.27796307375e-05	0.000172093061372	2.45847230531e-05	1.63898153687e-05	0	0.000118826161423	0.000114728707581	4.09745384218e-06	0.000278626861268	0.00143001139092	2.45847230531e-05	0.000815393314594	2.45847230531e-05	4.5071992264e-05	0.000405647930376	0.000208970145951	0.000258139592057	0.00165946880608	0.00329025543527	0.0120342219345	0.000151605792161	6.96567153171e-05	0.000127021069108	5.73643537906e-05	0	1.22923615265e-05	0.000200775238267	0.00139313430634	7.78516230015e-05	0.0011267998066	0.000159800699845	2.45847230531e-05	1.22923615265e-05	3.68770845796e-05	0.00100797364518	0.000868660214543	0.000208970145951	0.000176190515214	4.09745384218e-06	0	0
0.000880952576069	0.00322059871996	0.0381350029092	0	8.19490768436e-06	4.09745384218e-06	0.00213887090562	0.00897342391438	0.00458095339556	0.000647397707065	0.000426135199587	0.000622812984012	8.19490768436e-06	0.000622812984012	0.002622370459	4.09745384218e-06	0.00039335556885	0.00465470756472	0.0002622370459	0.000737541691593	8.19490768436e-06	0.00154064264466	0.00143001139092	0.0156440787695	0.00120874888344	0	0.00524883837184	0.0159186081769	0.00259778573594	4.5071992264e-05	0.00329845034296	2.86821768953e-05	1.22923615265e-05	0	0.00156112991387	9.0143984528e-05	0.00596179534038	0.00111860489892	0	8.19490768436e-06	0	4.09745384218e-06	3.27796307375e-05	2.04872692109e-05	9.0143984528e-05	4.91694461062e-05	2.86821768953e-05	0	4.5071992264e-05	9.83388922124e-05	0	0.000303211584322	0.0012333336065	2.45847230531e-05	0.000282724315111	6.14618076327e-05	8.60465306858e-05	0.000614618076327	0.000282724315111	0.00022535996132	2.04872692109e-05	0.00143410884476	0.00529800781794	0.000208970145951	8.19490768436e-05	0.000430232653429	2.04872692109e-05	4.09745384218e-06	2.04872692109e-05	0.000135215976792	0.00308948019701	0.000991583829808	0.00255681119752	0.000823588222279	7.37541691593e-05	9.83388922124e-05	1.22923615265e-05	0.00117187179886	0.000819490768436	0.000114728707581	0.00039335556885	0	0	0
0	0	0	0	0	0	0	0	0	0	0	0	0	0	0	0	0	0	0	0	0	0	0	0	0	0	0	0	0	0	0	0	0	0	0	0	0	0	0	0	0	0	0	0	0	0	0	0	0	0	0	0	0	0	0	0	0	0	0	0	0	0	0	0	0	0	0	0	0	0	0	0	0	0	0	0	0	0	0	0	0	0	0	0
1.22923615265e-05	5.73643537906e-05	8.19490768436e-06	0	0.0184467371975	0.000167995607529	0.00102846091439	0.0017291255214	0.00309767510469	0.00100387619133	0.00591262589427	0.000991583829808	0.00417940291903	0.00107353290665	0.00113909216813	0.000323698853532	1.63898153687e-05	2.04872692109e-05	8.60465306858e-05	3.68770845796e-05	0.00750653543888	1.63898153687e-05	0.00013111852295	4.09745384218e-05	0.00405647930376	0	0.000532668999484	0.000159800699845	0.00459734321093	0.000327796307375	0	0.000155703246003	8.60465306858e-05	2.04872692109e-05	0.00103255836823	0	1.63898153687e-05	0	0	0.000885050029911	0	0	0	0	0.000274529407426	2.45847230531e-05	4.09745384218e-06	0.000700664607013	0	2.04872692109e-05	0	0	0	0	0	0.000848172945332	0	2.45847230531e-05	4.09745384218e-06	0.000766223868488	0	4.09745384218e-06	4.09745384218e-05	9.42414383702e-05	2.45847230531e-05	8.19490768436e-06	0	0	0	1.63898153687e-05	0.000454817376482	4.91694461062e-05	0.000762126414646	4.09745384218e-05	0.000610520622485	0.000229457415162	0	2.04872692109e-05	1.22923615265e-05	4.09745384218e-06	0	0	0	0
0	1.63898153687e-05	4.09745384218e-06	0	0.000167995607529	0.00598638006343	0.00499889368746	0.000151605792161	0.000192580330583	0.00127021069108	1.63898153687e-05	1.63898153687e-05	0.0016225917215	1.63898153687e-05	2.45847230531e-05	0.00280265842805	4.09745384218e-06	4.09745384218e-06	0	0	0.000114728707581	4.09745384218e-06	4.5071992264e-05	1.22923615265e-05	0.00114318962197	0	1.22923615265e-05	2.86821768953e-05	0.000307309038164	9.0143984528e-05	8.19490768436e-06	0	0.00253222647447	4.09745384218e-06	4.5071992264e-05	0	8.19490768436e-06	4.09745384218e-06	0	4.09745384218e-06	0	0	0	0	4.09745384218e-06	0	0	0	0	0	0	0	0	0	0	4.09745384218e-06	0	0	0	1.22923615265e-05	0	8.19490768436e-06	8.19490768436e-06	0	0	0	0	0	0	4.09745384218e-06	0.000258139592057	8.19490768436e-06	0.000114728707581	4.09745384218e-05	0.000680177337802	0.000434330107271	0	4.09745384218e-06	0	0	0	0	0	0
0.000483499553378	3.27796307375e-05	0.00213887090562	0	0.00102846091439	0.00499889368746	0.0565899350144	0.0118416416039	0.0296409810943	0.00193399821351	0.0219705475018	0.00138493939866	0.012333336065	0.0020200447442	0.00573233792521	0.00395404295771	5.73643537906e-05	0.000147508338319	0.00022535996132	0.000249944684373	0.00399911494997	9.0143984528e-05	0.000151605792161	0.000733444237751	0.00246666721299	4.09745384218e-06	0.00110221508355	0.00113909216813	0.00498660132594	0.000372868299639	0.000594130807116	0.000135215976792	0.00446212723414	4.09745384218e-06	0.00174551533677	0	2.45847230531e-05	2.04872692109e-05	0	0.000323698853532	0	0	4.09745384218e-06	4.09745384218e-06	0.000122923615265	4.09745384218e-06	8.19490768436e-06	1.63898153687e-05	2.45847230531e-05	4.09745384218e-05	0	1.22923615265e-05	4.09745384218e-06	4.09745384218e-06	0	0.00022535996132	0	6.55592614749e-05	1.22923615265e-05	0.000499889368746	2.86821768953e-05	5.32668999484e-05	7.78516230015e-05	0.000270431953584	9.0143984528e-05	2.04872692109e-05	0	8.19490768436e-06	0	0.000159800699845	0.00337220451212	0.000282724315111	0.00138084194482	0.00041384283806	0.00438837306498	0.00199546002114	1.22923615265e-05	0.000344186122743	6.96567153171e-05	0.000106533799897	8.19490768436e-06	0	0	0
0.00774418776172	0.000184385422898	0.00897342391438	0	0.0017291255214	0.000151605792161	0.0118416416039	0.0793349012923	0.0248592524605	0.00421218254976	0.0232981225466	0.00237242577462	0.000389258115007	0.00261007809747	0.0162545993919	0.000241749776689	0.000184385422898	0.00397862768076	0.000659690068591	0.00253222647447	0.00018848287674	0.00231096396699	0.00041384283806	0.00654363378597	0.00722790857761	4.09745384218e-06	0.00455227121866	0.00405238184992	0.0305137387627	0.00488006752604	0.00999368992108	0.000245847230531	0.000266334499742	0.000184385422898	0.00494152933367	1.22923615265e-05	0.000221262507478	0.000200775238267	0	0.00378604735018	0	8.19490768436e-06	3.27796307375e-05	1.22923615265e-05	0.00223720979783	0.00013111852295	3.68770845796e-05	6.55592614749e-05	1.22923615265e-05	0.000213067599793	0	0.000110631253739	0.000196677784425	8.19490768436e-06	4.91694461062e-05	0.00290509477411	4.09745384218e-05	0.000573643537906	9.83388922124e-05	0.0053717619871	4.5071992264e-05	0.000684274791644	0.000569546084063	0.00183975677514	0.000335991215059	0.000106533799897	4.09745384218e-06	2.45847230531e-05	4.09745384218e-06	0.000758028960804	0.00554385504847	0.00048759700722	0.0085964581609	0.00220852762094	0.00135625722176	0.00135625722176	4.09745384218e-06	0.0021470658133	0.000520376637957	0.000508084276431	0.000172093061372	0	0	0
0.00677718865497	4.5071992264e-05	0.00458095339556	0	0.00309767510469	0.000192580330583	0.0296409810943	0.0248592524605	0.0706933711392	0.000729346783908	0.0271702164275	0.00580199464053	0.00876035631459	0.00602735460185	0.0294402058561	0.000135215976792	8.19490768436e-05	0.00193809566735	0.000643300253223	0.00184385422898	0.00796135281536	0.000282724315111	0.00018848287674	0.00147918083703	0.00192580330583	8.19490768436e-06	0.00492104206446	0.00268383226663	0.00725249330066	0.00175371024445	0.00215116326715	0.000926024568333	0.00134806231408	4.09745384218e-06	0.00808837388447	1.63898153687e-05	8.19490768436e-05	9.0143984528e-05	0	0.00105304563744	0	4.09745384218e-06	0.00013111852295	3.68770845796e-05	0.000717054422382	7.37541691593e-05	1.22923615265e-05	4.91694461062e-05	0	0.000323698853532	4.09745384218e-06	2.45847230531e-05	0.000102436346055	8.19490768436e-06	2.45847230531e-05	0.000463012284167	2.04872692109e-05	0.000176190515214	0.000114728707581	0.0022535996132	8.19490768436e-06	0.000368770845796	0.000352381030428	0.0018069771444	0.000626910437854	6.14618076327e-05	0	3.68770845796e-05	0	0.000786711137699	0.00358936956575	0.000282724315111	0.00618305784785	0.00145459611397	0.00558482958689	0.00258139592057	1.63898153687e-05	0.00136854958329	0.000327796307375	0.00041384283806	4.09745384218e-05	4.09745384218e-06	0	0
0.000475304645693	0.00315503945848	0.000647397707065	0	0.00100387619133	0.00127021069108	0.00193399821351	0.00421218254976	0.000729346783908	0.0327304612914	0.000495791914904	0.000331893761217	0.00256910355905	0.000381063207323	0.000438427561114	0.00235193850541	0.000626910437854	0.000335991215059	8.19490768436e-05	5.32668999484e-05	0.00045071992264	0.000196677784425	0.0064207101707	0.00099568128365	0.0208109680644	0.000577740991748	0.00234784105157	0.00367951355028	0.00843665746105	0.000864562760701	0.000880952576069	5.73643537906e-05	0.00048759700722	5.32668999484e-05	0.000512181730273	2.86821768953e-05	0.000376965753481	0.000335991215059	0	0.00245847230531	0	4.09745384218e-06	0.000106533799897	1.63898153687e-05	0.012435772411	7.37541691593e-05	3.27796307375e-05	0.000258139592057	1.22923615265e-05	6.96567153171e-05	1.22923615265e-05	0.000196677784425	0.000213067599793	0	1.22923615265e-05	0.00174961279061	0.000401550476534	0.00490874970293	0.00054496136101	0.00978471977513	8.19490768436e-06	0.000688372245487	0.00127021069108	0.0034582510428	0.000311406492006	0.00130299032181	4.09745384218e-06	1.22923615265e-05	0.000176190515214	0.00161849426766	0.00728937038524	0.000811295860752	0.00244208248994	0.000340088668901	0.000643300253223	0.00169634589066	0	0.00430232653429	0.00131938013718	0.00124562596802	0.000708859514698	2.86821768953e-05	0	8.19490768436e-06
0.000139313430634	7.78516230015e-05	0.000426135199587	0	0.00591262589427	1.63898153687e-05	0.0219705475018	0.0232981225466	0.0271702164275	0.000495791914904	0.0703041130242	0.00513410966425	0.00973555032903	0.00576921500979	0.0110549304662	0.000159800699845	5.32668999484e-05	0.000307309038164	0.000799003499226	0.00100797364518	0.00832192875347	6.96567153171e-05	6.96567153171e-05	0.000438427561114	0.0015734222754	0	0.00320420890459	0.00142181648324	0.0126898145492	0.00190121858277	9.42414383702e-05	0.000622812984012	0.000245847230531	0	0.0055274652331	0	5.73643537906e-05	0	0	0.00247076466684	0	0	0	0	0.000245847230531	0.000233554869004	2.04872692109e-05	0.000102436346055	1.63898153687e-05	8.19490768436e-06	4.09745384218e-06	8.19490768436e-06	8.19490768436e-06	8.19490768436e-06	0	0.00163078662919	4.09745384218e-06	5.32668999484e-05	1.63898153687e-05	0.00305670056627	1.63898153687e-05	4.91694461062e-05	8.19490768436e-05	0.00129889286797	4.09745384218e-06	4.09745384218e-06	0	0	0	2.04872692109e-05	0.00315503945848	0.000192580330583	0.00548649069468	0.000307309038164	0.00186024404435	0.000643300253223	0	0.000139313430634	4.91694461062e-05	0	4.09745384218e-06	8.19490768436e-06	0	0
0.00113909216813	0.000151605792161	0.000622812984012	0	0.000991583829808	1.63898153687e-05	0.00138493939866	0.00237242577462	0.00580199464053	0.000331893761217	0.00513410966425	0.0406713268375	0.00170454079835	0.0205036590263	0.00202414219804	1.22923615265e-05	6.14618076327e-05	0.00261417555131	0.00725249330066	0.00982569431355	0.00158981209077	0.00108172781434	0.00018848287674	0.00113499471428	0.000553156268695	0.000553156268695	0.0173773017447	0.00394584805002	0.0013111852295	0.000839978037647	0.00103255836823	0.00303621329706	0.000381063207323	4.09745384218e-06	0.0180779663517	1.63898153687e-05	0.000221262507478	1.22923615265e-05	0	0.000127021069108	0	8.19490768436e-06	7.78516230015e-05	3.27796307375e-05	0.000180287969056	2.45847230531e-05	9.0143984528e-05	2.45847230531e-05	0.000651495160907	0.000258139592057	4.09745384218e-06	2.04872692109e-05	0.000122923615265	8.19490768436e-06	7.37541691593e-05	4.5071992264e-05	0	6.55592614749e-05	5.32668999484e-05	0.000430232653429	0.00115957943734	0.0014668884755	0.00107353290665	0.000483499553378	0.000266334499742	3.68770845796e-05	0.000229457415162	8.19490768436e-06	4.09745384218e-06	0.000409745384218	0.00426135199587	0.000921927114491	0.0151728715776	0.00275348898195	0.0017578076983	0.00148737574471	0.000536766453326	0.000340088668901	8.19490768436e-05	0.000213067599793	4.09745384218e-05	4.09745384218e-06	0	1.22923615265e-05
4.09745384218e-06	2.04872692109e-05	8.19490768436e-06	0	0.00417940291903	0.0016225917215	0.012333336065	0.000389258115007	0.00876035631459	0.00256910355905	0.00973555032903	0.00170454079835	0.0323780802609	0.00183975677514	0.00272070935121	0.00335991215059	2.45847230531e-05	5.73643537906e-05	0.000122923615265	0.000122923615265	0.0138371016251	2.04872692109e-05	5.73643537906e-05	3.27796307375e-05	0.00242159522073	0	0.000860465306858	0.000139313430634	0.00172502806756	0.000483499553378	1.63898153687e-05	0.00031960139969	0.000786711137699	0	0.00177419751367	0	1.63898153687e-05	4.09745384218e-06	0	4.91694461062e-05	0	0	0	0	2.86821768953e-05	4.09745384218e-06	0	0.000192580330583	0	0	0	0	0	0	0	2.45847230531e-05	0	4.09745384218e-06	4.09745384218e-06	7.78516230015e-05	0	8.19490768436e-06	2.45847230531e-05	4.09745384218e-05	0	4.09745384218e-06	0	0	0	0	0.000454817376482	3.68770845796e-05	0.000655592614749	0.000118826161423	0.00117187179886	0.000409745384218	0	8.19490768436e-06	4.09745384218e-06	0	8.19490768436e-06	0	0	0
0.000376965753481	0.000692469699329	0.000622812984012	0	0.00107353290665	1.63898153687e-05	0.0020200447442	0.00261007809747	0.00602735460185	0.000381063207323	0.00576921500979	0.0205036590263	0.00183975677514	0.0399993444074	0.00184795168282	1.22923615265e-05	5.73643537906e-05	0.00125382087571	0.00256910355905	0.00297884894327	0.00166356625993	0.000241749776689	0.000258139592057	0.000401550476534	0.000434330107271	0.00303621329706	0.0158817310923	0.00690830717792	0.00107763036049	0.000606423168643	0.000278626861268	0.00376556008097	0.000663787522434	4.09745384218e-06	0.0129889286797	1.63898153687e-05	0.000721151876224	2.45847230531e-05	0	0.000122923615265	0	8.19490768436e-06	7.37541691593e-05	3.68770845796e-05	0.000155703246003	3.68770845796e-05	0.000663787522434	7.78516230015e-05	0.00512591475657	0.000577740991748	4.09745384218e-06	4.09745384218e-06	0.000200775238267	1.63898153687e-05	0.000217165053636	8.60465306858e-05	4.09745384218e-06	2.86821768953e-05	4.91694461062e-05	0.000446622468798	0.00616257057864	0.00248305702836	0.00160620190614	0.00048759700722	0.000700664607013	2.86821768953e-05	0.000983388922124	6.55592614749e-05	0	0.00090143984528	0.00310996746622	0.0036139542888	0.0123292386111	0.00211018872872	0.00189712112893	0.00216345562867	0.00197087529809	0.000368770845796	0.000217165053636	0.000782613683857	3.68770845796e-05	4.09745384218e-06	0	0.000553156268695
0.00706401042392	2.86821768953e-05	0.002622370459	0	0.00113909216813	2.45847230531e-05	0.00573233792521	0.0162545993919	0.0294402058561	0.000438427561114	0.0110549304662	0.00202414219804	0.00272070935121	0.00184795168282	0.0416629106673	4.09745384218e-06	3.68770845796e-05	0.00175371024445	0.000167995607529	0.00120055397576	0.00317552672769	0.000295016676637	8.19490768436e-05	0.000999778737493	0.00143410884476	4.09745384218e-06	0.00204053201341	0.00173732042909	0.00400730985765	0.0069165020856	0.00203643455956	0.000331893761217	0.000307309038164	3.27796307375e-05	0.00407696657297	4.09745384218e-06	4.5071992264e-05	6.55592614749e-05	0	0.000536766453326	0	4.09745384218e-06	3.68770845796e-05	1.63898153687e-05	0.000524474091799	4.5071992264e-05	4.09745384218e-06	4.09745384218e-06	0	0.000208970145951	4.09745384218e-06	4.09745384218e-06	8.60465306858e-05	4.09745384218e-06	0	0.000204872692109	1.22923615265e-05	9.42414383702e-05	6.55592614749e-05	0.00132757504487	0	0.000167995607529	0.000163898153687	0.000946511837544	0.000299114130479	3.68770845796e-05	0	1.63898153687e-05	0	0.000434330107271	0.00163898153687	0.000155703246003	0.00385570406549	0.000688372245487	0.00235603595925	0.00131938013718	8.19490768436e-06	0.00061871553017	0.000172093061372	0.000229457415162	2.86821768953e-05	4.09745384218e-06	0	0
0	1.63898153687e-05	4.09745384218e-06	0	0.000323698853532	0.00280265842805	0.00395404295771	0.000241749776689	0.000135215976792	0.00235193850541	0.000159800699845	1.22923615265e-05	0.00335991215059	1.22923615265e-05	4.09745384218e-06	0.00698615880092	0.000110631253739	4.09745384218e-06	0	0	0.000417940291903	0.000717054422382	0.000127021069108	0.000520376637957	0.00208560400567	0	8.19490768436e-06	2.45847230531e-05	0.000921927114491	0.000106533799897	1.63898153687e-05	0	0.000975194014439	0	6.14618076327e-05	0	1.22923615265e-05	4.09745384218e-06	0	4.09745384218e-06	0	0	0	0	0	0	0	0	0	0	0	1.63898153687e-05	4.09745384218e-06	0	4.09745384218e-06	4.09745384218e-06	5.32668999484e-05	6.96567153171e-05	2.45847230531e-05	4.09745384218e-06	0	1.22923615265e-05	1.22923615265e-05	0	0	4.09745384218e-06	0	0	0	0	6.55592614749e-05	8.19490768436e-06	0.00013111852295	4.91694461062e-05	0.00013111852295	4.09745384218e-05	0	0	0	0	0	0	0	0
1.22923615265e-05	0.000495791914904	0.00039335556885	0	1.63898153687e-05	4.09745384218e-06	5.73643537906e-05	0.000184385422898	8.19490768436e-05	0.000626910437854	5.32668999484e-05	6.14618076327e-05	2.45847230531e-05	5.73643537906e-05	3.68770845796e-05	0.000110631253739	0.0202455194342	2.45847230531e-05	8.19490768436e-06	3.27796307375e-05	1.63898153687e-05	0.00482680062609	0.00927253804486	0.00778516230015	0.00696567153171	1.22923615265e-05	0.000376965753481	0.0050316733182	0.00350332303507	3.68770845796e-05	0.000229457415162	0	4.09745384218e-06	8.19490768436e-06	0.000172093061372	4.09745384218e-06	0.000438427561114	0.000122923615265	0	4.09745384218e-06	0	0	5.32668999484e-05	0	2.86821768953e-05	4.09745384218e-06	4.09745384218e-06	4.09745384218e-06	4.09745384218e-06	4.09745384218e-06	0	0.00174141788293	8.19490768436e-06	0	8.19490768436e-06	4.09745384218e-06	0.00105714309128	0.00369180591181	0.000274529407426	0.000905537299122	1.63898153687e-05	0.000151605792161	0.000721151876224	0.00222081998246	4.09745384218e-06	0.000643300253223	4.09745384218e-06	4.09745384218e-06	0	4.09745384218e-05	0.00472436428004	0.000737541691593	0.000520376637957	0.00031960139969	0.000139313430634	0.000143410884476	5.32668999484e-05	0.000151605792161	0.000143410884476	2.86821768953e-05	1.63898153687e-05	0	0	8.19490768436e-06
0.00320011145074	0.00140132921403	0.00465470756472	0	2.04872692109e-05	4.09745384218e-06	0.000147508338319	0.00397862768076	0.00193809566735	0.000335991215059	0.000307309038164	0.00261417555131	5.73643537906e-05	0.00125382087571	0.00175371024445	4.09745384218e-06	2.45847230531e-05	0.0341031083285	0.000307309038164	0.00631827382465	4.5071992264e-05	0.00397453022692	0.000376965753481	0.00651085415523	0.000471207191851	4.09745384218e-06	0.00449490686487	0.0104771894745	0.00132757504487	0.000979291468282	0.00516688929499	0.000196677784425	0	1.63898153687e-05	0.0122349971728	0	0.00263876027437	0.000118826161423	0	4.09745384218e-06	0	0	4.09745384218e-06	0	5.73643537906e-05	0	1.22923615265e-05	4.09745384218e-06	6.55592614749e-05	8.19490768436e-06	0	5.73643537906e-05	0.0024871544822	4.09745384218e-06	0.000659690068591	8.19490768436e-06	4.5071992264e-05	4.91694461062e-05	3.68770845796e-05	6.14618076327e-05	0.000258139592057	0.00315913691232	0.00180287969056	3.68770845796e-05	1.22923615265e-05	4.5071992264e-05	4.91694461062e-05	0	8.19490768436e-06	0.000417940291903	0.000962901652913	0.000778516230015	0.00534307981021	0.000991583829808	0.000102436346055	0.000143410884476	0	0.000237652322847	0.000143410884476	7.37541691593e-05	9.83388922124e-05	0	0	0
0.000270431953584	1.22923615265e-05	0.0002622370459	0	8.60465306858e-05	0	0.00022535996132	0.000659690068591	0.000643300253223	8.19490768436e-05	0.000799003499226	0.00725249330066	0.000122923615265	0.00256910355905	0.000167995607529	0	8.19490768436e-06	0.000307309038164	0.010903324674	0.00287641259721	9.42414383702e-05	0.000159800699845	3.27796307375e-05	0.000204872692109	9.83388922124e-05	8.19490768436e-06	0.00703532824703	0.00121284633729	0.000213067599793	3.27796307375e-05	0.000110631253739	0.000749834053119	4.09745384218e-06	0	0.0018356593213	0	0.000110631253739	0	0	8.19490768436e-06	0	4.09745384218e-06	0	4.09745384218e-06	5.32668999484e-05	0	4.09745384218e-06	4.09745384218e-06	0.000114728707581	2.04872692109e-05	0	4.09745384218e-06	2.86821768953e-05	0	9.0143984528e-05	0	0	0	1.63898153687e-05	8.19490768436e-05	0.000344186122743	0.000417940291903	0.000327796307375	4.91694461062e-05	2.04872692109e-05	2.86821768953e-05	3.27796307375e-05	0	4.09745384218e-06	1.22923615265e-05	0.000663787522434	0.000180287969056	0.00275348898195	0.000540863907168	1.22923615265e-05	4.91694461062e-05	0	2.86821768953e-05	4.09745384218e-06	4.09745384218e-06	1.22923615265e-05	0	0	0
0.00208970145951	0.000118826161423	0.000737541691593	0	3.68770845796e-05	0	0.000249944684373	0.00253222647447	0.00184385422898	5.32668999484e-05	0.00100797364518	0.00982569431355	0.000122923615265	0.00297884894327	0.00120055397576	0	3.27796307375e-05	0.00631827382465	0.00287641259721	0.021003548395	7.78516230015e-05	0.00107763036049	0.000127021069108	0.00115957943734	7.78516230015e-05	1.22923615265e-05	0.0109238119433	0.0026715399051	0.00035647848427	0.000295016676637	0.00118416416039	0.00048759700722	8.19490768436e-06	0	0.00771140813099	4.09745384218e-06	0.000491694461062	1.63898153687e-05	0	4.09745384218e-06	0	0	8.19490768436e-06	4.09745384218e-06	2.04872692109e-05	0	3.27796307375e-05	0	0.000245847230531	2.86821768953e-05	0	2.04872692109e-05	0.000331893761217	1.63898153687e-05	0.000565448630221	4.09745384218e-06	8.19490768436e-06	2.86821768953e-05	5.32668999484e-05	3.27796307375e-05	0.00204053201341	0.00287641259721	0.00227818433625	3.68770845796e-05	2.45847230531e-05	1.63898153687e-05	0.000147508338319	0	4.09745384218e-06	0.000135215976792	0.00111860489892	0.000196677784425	0.00588394371737	0.000827685676121	4.91694461062e-05	0.000155703246003	2.04872692109e-05	7.78516230015e-05	6.14618076327e-05	4.09745384218e-05	1.63898153687e-05	0	0	0
8.19490768436e-06	8.19490768436e-06	8.19490768436e-06	0	0.00750653543888	0.000114728707581	0.00399911494997	0.00018848287674	0.00796135281536	0.00045071992264	0.00832192875347	0.00158981209077	0.0138371016251	0.00166356625993	0.00317552672769	0.000417940291903	1.63898153687e-05	4.5071992264e-05	9.42414383702e-05	7.78516230015e-05	0.0217124079097	1.22923615265e-05	2.86821768953e-05	2.86821768953e-05	0.0019135109443	0	0.000868660214543	0.000110631253739	0.00127840559876	0.000483499553378	0	0.000323698853532	0.000122923615265	0	0.00161439681382	0	4.09745384218e-06	0	0	6.55592614749e-05	0	0	0	0	4.91694461062e-05	8.19490768436e-06	0	0.000122923615265	0	0	0	0	0	0	0	3.68770845796e-05	0	0	0	7.78516230015e-05	0	0	4.09745384218e-06	2.45847230531e-05	0	4.09745384218e-06	0	0	0	0	0.000499889368746	4.5071992264e-05	0.000491694461062	6.14618076327e-05	0.000999778737493	0.000307309038164	0	0	0	0	0	0	0	0
0.00133167249871	3.68770845796e-05	0.00154064264466	0	1.63898153687e-05	4.09745384218e-06	9.0143984528e-05	0.00231096396699	0.000282724315111	0.000196677784425	6.96567153171e-05	0.00108172781434	2.04872692109e-05	0.000241749776689	0.000295016676637	0.000717054422382	0.00482680062609	0.00397453022692	0.000159800699845	0.00107763036049	1.22923615265e-05	0.0426503970433	0.00423676727282	0.0201184983651	0.00108582526818	0	0.000610520622485	0.00228637924394	0.0109934686586	0.0010981176297	0.0130913650258	0.000106533799897	4.09745384218e-06	0.000258139592057	0.00905947044507	0	8.60465306858e-05	9.0143984528e-05	0	0	0	0	3.68770845796e-05	0	3.27796307375e-05	0	0	0	2.86821768953e-05	8.19490768436e-06	0	0.00110221508355	3.27796307375e-05	6.14618076327e-05	6.96567153171e-05	0	0.00181926950593	0.00405238184992	0.000815393314594	0.000430232653429	2.45847230531e-05	0.000143410884476	0.000159800699845	0.0016512738984	8.19490768436e-06	0.000958804199071	2.86821768953e-05	0	0	5.73643537906e-05	0.00392536078081	0.000176190515214	0.00775648012325	0.00391716587313	0.00160620190614	0.000553156268695	4.09745384218e-05	0.000217165053636	0.000913732206807	2.45847230531e-05	3.27796307375e-05	0	0	0
8.19490768436e-06	0.00508494021815	0.00143001139092	0	0.00013111852295	4.5071992264e-05	0.000151605792161	0.00041384283806	0.00018848287674	0.0064207101707	6.96567153171e-05	0.00018848287674	5.73643537906e-05	0.000258139592057	8.19490768436e-05	0.000127021069108	0.00927253804486	0.000376965753481	3.27796307375e-05	0.000127021069108	2.86821768953e-05	0.00423676727282	0.0337507272981	0.0087521614069	0.00862514033779	0.000971096560597	0.00106533799897	0.00938726675244	0.00310587001237	1.22923615265e-05	0.000803100953068	8.19490768436e-06	2.45847230531e-05	8.19490768436e-06	0.00031960139969	1.22923615265e-05	0.00275758643579	0.000893244937596	0	1.63898153687e-05	0	0	7.37541691593e-05	0	5.32668999484e-05	8.19490768436e-06	2.04872692109e-05	4.09745384218e-06	0.000163898153687	1.63898153687e-05	0	0.0071787391315	4.5071992264e-05	6.55592614749e-05	6.96567153171e-05	1.63898153687e-05	0.00278217115884	0.0154965704311	0.00282724315111	0.00122923615265	0.000258139592057	0.000647397707065	0.00481041081072	0.00347054340433	2.04872692109e-05	0.00167176116761	8.19490768436e-06	0	1.22923615265e-05	0.000102436346055	0.00225769706704	0.00116777434502	0.000663787522434	0.00031960139969	0.00013111852295	5.73643537906e-05	2.45847230531e-05	0.000794906045383	0.00136445212945	0.000274529407426	0.000217165053636	0	0	2.45847230531e-05
0.000315503945848	0.00108992272202	0.0156440787695	0	4.09745384218e-05	1.22923615265e-05	0.000733444237751	0.00654363378597	0.00147918083703	0.00099568128365	0.000438427561114	0.00113499471428	3.27796307375e-05	0.000401550476534	0.000999778737493	0.000520376637957	0.00778516230015	0.00651085415523	0.000204872692109	0.00115957943734	2.86821768953e-05	0.0201184983651	0.0087521614069	0.0672801920886	0.00393765314234	8.19490768436e-06	0.00331893761217	0.0123005564342	0.00741639145435	9.42414383702e-05	0.00602325714801	5.32668999484e-05	2.45847230531e-05	0.000106533799897	0.00513410966425	0	0.0021757479902	0.000635105345538	0	8.19490768436e-06	0	0	1.63898153687e-05	0	6.14618076327e-05	3.27796307375e-05	2.04872692109e-05	4.09745384218e-06	4.09745384218e-06	2.04872692109e-05	0	0.0045358814033	0.000512181730273	4.09745384218e-06	7.37541691593e-05	4.5071992264e-05	0.00039335556885	0.00671572684734	0.00198726511346	0.00022535996132	3.27796307375e-05	0.000516279184115	0.00469568210314	0.000426135199587	2.45847230531e-05	0.0002622370459	0	4.09745384218e-06	2.04872692109e-05	0.000139313430634	0.0114687733043	0.000766223868488	0.00653953633212	0.00394584805002	0.00151196046777	0.000426135199587	2.04872692109e-05	0.00138493939866	0.000971096560597	0.000139313430634	0.000422037745745	0	0	0
0.00124562596802	0.00284363296647	0.00120874888344	0	0.00405647930376	0.00114318962197	0.00246666721299	0.00722790857761	0.00192580330583	0.0208109680644	0.0015734222754	0.000553156268695	0.00242159522073	0.000434330107271	0.00143410884476	0.00208560400567	0.00696567153171	0.000471207191851	9.83388922124e-05	7.78516230015e-05	0.0019135109443	0.00108582526818	0.00862514033779	0.00393765314234	0.0554467453924	0.000335991215059	0.00245027739763	0.0071008875085	0.0199464053037	0.00320830635843	0.00215526072099	0.000114728707581	0.000458914830324	0.000266334499742	0.0013890368525	8.19490768436e-06	0.000876855122227	0.000221262507478	0	0.0011554819835	0	0	4.09745384218e-05	8.19490768436e-06	0.00683045555492	1.63898153687e-05	8.19490768436e-06	0.000155703246003	4.09745384218e-06	9.42414383702e-05	8.19490768436e-06	0.000491694461062	0.000155703246003	8.19490768436e-06	1.22923615265e-05	0.000737541691593	0.000401550476534	0.00365083137338	0.000340088668901	0.00522015619494	2.04872692109e-05	0.000512181730273	0.00163078662919	0.00249125193605	0.000196677784425	0.000991583829808	4.09745384218e-06	1.22923615265e-05	9.83388922124e-05	0.0011554819835	0.0100961262671	0.00138493939866	0.00300753112016	0.000700664607013	0.000626910437854	0.00156522736771	2.86821768953e-05	0.00245437485147	0.000880952576069	0.000799003499226	0.000483499553378	1.22923615265e-05	0	4.09745384218e-06
0	0.00110631253739	0	0	0	0	4.09745384218e-06	4.09745384218e-06	8.19490768436e-06	0.000577740991748	0	0.000553156268695	0	0.00303621329706	4.09745384218e-06	0	1.22923615265e-05	4.09745384218e-06	8.19490768436e-06	1.22923615265e-05	0	0	0.000971096560597	8.19490768436e-06	0.000335991215059	0.00453997885714	0.000946511837544	0.00161029935998	0	0	0	8.19490768436e-06	4.09745384218e-06	0	6.55592614749e-05	0	8.19490768436e-06	0	0	0	0	0	0	0	4.09745384218e-06	4.09745384218e-06	1.63898153687e-05	4.09745384218e-06	0.00039335556885	5.73643537906e-05	0	4.09745384218e-06	0	0	0	0	0	4.09745384218e-06	4.09745384218e-06	0	0.000889147483754	2.86821768953e-05	2.86821768953e-05	0	6.96567153171e-05	0	2.45847230531e-05	8.19490768436e-06	0	6.96567153171e-05	2.45847230531e-05	0.000921927114491	9.42414383702e-05	2.86821768953e-05	0	8.19490768436e-06	0.00107763036049	0	0	6.96567153171e-05	0	0	0	6.96567153171e-05
0.0018848287674	0.00374097535791	0.00524883837184	0	0.000532668999484	1.22923615265e-05	0.00110221508355	0.00455227121866	0.00492104206446	0.00234784105157	0.00320420890459	0.0173773017447	0.000860465306858	0.0158817310923	0.00204053201341	8.19490768436e-06	0.000376965753481	0.00449490686487	0.00703532824703	0.0109238119433	0.000868660214543	0.000610520622485	0.00106533799897	0.00331893761217	0.00245027739763	0.000946511837544	0.0727789751448	0.0300261417555	0.00204462946725	0.000340088668901	0.000930122022175	0.00489235988757	7.78516230015e-05	1.22923615265e-05	0.0100305670057	0.000110631253739	0.00693289190097	0.000286821768953	0	0.000118826161423	0	1.22923615265e-05	9.42414383702e-05	6.96567153171e-05	0.00161849426766	2.86821768953e-05	0.000729346783908	4.5071992264e-05	0.00350332303507	0.000434330107271	4.09745384218e-06	0.000114728707581	0.00182336695977	0.000245847230531	0.00282314569726	7.37541691593e-05	5.32668999484e-05	0.000659690068591	0.000241749776689	0.00188073131356	0.0116654510887	0.0122145099035	0.0100387619133	0.000737541691593	0.00048759700722	0.000512181730273	0.0012046514296	4.5071992264e-05	3.68770845796e-05	0.00080719840691	0.0127062043646	0.0038761913347	0.012825030526	0.00288870495874	0.00186434149819	0.000680177337802	0.000577740991748	0.000880952576069	0.00039335556885	0.000557253722537	0.000110631253739	4.09745384218e-06	0	0.000122923615265
0.000831783129963	0.016045629246	0.0159186081769	0	0.000159800699845	2.86821768953e-05	0.00113909216813	0.00405238184992	0.00268383226663	0.00367951355028	0.00142181648324	0.00394584805002	0.000139313430634	0.00690830717792	0.00173732042909	2.45847230531e-05	0.0050316733182	0.0104771894745	0.00121284633729	0.0026715399051	0.000110631253739	0.00228637924394	0.00938726675244	0.0123005564342	0.0071008875085	0.00161029935998	0.0300261417555	0.0951756578462	0.00399092004229	0.000147508338319	0.00121694379113	0.000557253722537	4.09745384218e-05	8.19490768436e-06	0.00851450908406	0.000184385422898	0.0139149532481	0.000774418776172	0	2.04872692109e-05	0	8.19490768436e-06	4.09745384218e-05	7.78516230015e-05	0.000864562760701	4.09745384218e-05	0.000745736599277	2.45847230531e-05	0.00320420890459	0.000405647930376	0	0.00108582526818	0.00213477345178	0.000241749776689	0.00112270235276	6.14618076327e-05	0.000122923615265	0.0027493915281	0.000454817376482	0.00102436346055	0.00727707802372	0.00843256000721	0.0157178329386	0.000479402099535	0.000348283576586	0.000557253722537	0.00102846091439	1.63898153687e-05	4.91694461062e-05	0.00077032132233	0.014902439624	0.00414662328829	0.0126365476493	0.00362214919649	0.000799003499226	0.000385160661165	0.000905537299122	0.00167585862145	0.0011554819835	0.000495791914904	0.000307309038164	0	0	0.000139313430634
0.00119235906808	0.00045071992264	0.00259778573594	0	0.00459734321093	0.000307309038164	0.00498660132594	0.0305137387627	0.00725249330066	0.00843665746105	0.0126898145492	0.0013111852295	0.00172502806756	0.00107763036049	0.00400730985765	0.000921927114491	0.00350332303507	0.00132757504487	0.000213067599793	0.00035647848427	0.00127840559876	0.0109934686586	0.00310587001237	0.00741639145435	0.0199464053037	0	0.00204462946725	0.00399092004229	0.077474657248	0.00265924754358	0.0106615748974	0.000184385422898	0.000176190515214	0.000385160661165	0.00532668999484	3.68770845796e-05	0.000483499553378	0.000118826161423	0	0.00319191654306	0	8.19490768436e-06	0.000147508338319	1.22923615265e-05	0.00623222729396	0.00013111852295	1.63898153687e-05	0.000180287969056	0	0.000204872692109	4.09745384218e-06	0.000553156268695	0.000196677784425	6.96567153171e-05	0.000102436346055	0.00264285772821	0.00108992272202	0.00394175059618	0.000569546084063	0.00635515090923	1.22923615265e-05	0.000848172945332	0.00116367689118	0.00261417555131	0.000249944684373	0.00144230375245	0	3.68770845796e-05	1.22923615265e-05	0.00132347759102	0.00755570488498	0.000561351176379	0.00796954772304	0.00279446352037	0.00149966810624	0.00205692182878	3.27796307375e-05	0.00358936956575	0.00158571463692	0.000930122022175	0.000422037745745	8.19490768436e-06	0	4.09745384218e-06
0.00561351176379	4.09745384218e-06	4.5071992264e-05	0	0.000327796307375	9.0143984528e-05	0.000372868299639	0.00488006752604	0.00175371024445	0.000864562760701	0.00190121858277	0.000839978037647	0.000483499553378	0.000606423168643	0.0069165020856	0.000106533799897	3.68770845796e-05	0.000979291468282	3.27796307375e-05	0.000295016676637	0.000483499553378	0.0010981176297	1.22923615265e-05	9.42414383702e-05	0.00320830635843	0	0.000340088668901	0.000147508338319	0.00265924754358	0.0200324518344	0.00199546002114	0.000143410884476	9.42414383702e-05	0.00133167249871	0.00283953551263	0	8.19490768436e-06	0	0	8.19490768436e-05	0	0	0	0	0.000389258115007	2.45847230531e-05	0	0	4.09745384218e-06	8.19490768436e-06	0	0	4.09745384218e-06	4.09745384218e-06	4.09745384218e-06	2.86821768953e-05	0	0.000340088668901	0	0.000471207191851	0	3.27796307375e-05	4.91694461062e-05	0.000434330107271	8.19490768436e-06	1.63898153687e-05	1.22923615265e-05	0	0	5.73643537906e-05	0.000229457415162	1.22923615265e-05	0.00090143984528	0.000118826161423	0.000159800699845	0.000147508338319	0	0.000200775238267	5.32668999484e-05	1.22923615265e-05	1.22923615265e-05	0	0	0
0.00392945823465	4.09745384218e-06	0.00329845034296	0	0	8.19490768436e-06	0.000594130807116	0.00999368992108	0.00215116326715	0.000880952576069	9.42414383702e-05	0.00103255836823	1.63898153687e-05	0.000278626861268	0.00203643455956	1.63898153687e-05	0.000229457415162	0.00516688929499	0.000110631253739	0.00118416416039	0	0.0130913650258	0.000803100953068	0.00602325714801	0.00215526072099	0	0.000930122022175	0.00121694379113	0.0106615748974	0.00199546002114	0.0376596982635	0.000135215976792	1.22923615265e-05	0.000180287969056	0.00883411048375	0	5.32668999484e-05	0.000208970145951	0	4.09745384218e-06	0	0	8.19490768436e-06	4.09745384218e-06	0.000475304645693	0	8.19490768436e-06	0	3.27796307375e-05	0.000155703246003	0	0.000110631253739	0.000213067599793	1.22923615265e-05	6.55592614749e-05	4.09745384218e-06	0.00108172781434	0.00126201578339	0.000340088668901	0.000204872692109	1.63898153687e-05	0.000483499553378	0.000200775238267	0.000442525014956	0.000290919222795	0.000704762060855	3.68770845796e-05	1.63898153687e-05	8.19490768436e-06	0.000528571545642	0.000323698853532	8.19490768436e-05	0.00365083137338	0.00041384283806	7.78516230015e-05	9.42414383702e-05	4.09745384218e-06	0.00061871553017	0.000811295860752	0.000331893761217	0.000106533799897	0	0	0
0.000118826161423	0.000106533799897	2.86821768953e-05	0	0.000155703246003	0	0.000135215976792	0.000245847230531	0.000926024568333	5.73643537906e-05	0.000622812984012	0.00303621329706	0.00031960139969	0.00376556008097	0.000331893761217	0	0	0.000196677784425	0.000749834053119	0.00048759700722	0.000323698853532	0.000106533799897	8.19490768436e-06	5.32668999484e-05	0.000114728707581	8.19490768436e-06	0.00489235988757	0.000557253722537	0.000184385422898	0.000143410884476	0.000135215976792	0.00501528350283	8.19490768436e-06	0	0.00161849426766	8.19490768436e-06	0.000200775238267	8.19490768436e-06	0	3.27796307375e-05	0	0	2.04872692109e-05	4.09745384218e-06	3.68770845796e-05	4.09745384218e-06	2.45847230531e-05	8.19490768436e-06	0.000278626861268	4.5071992264e-05	4.09745384218e-06	0	4.5071992264e-05	0	6.96567153171e-05	8.19490768436e-06	0	8.19490768436e-06	4.09745384218e-06	9.83388922124e-05	0.000561351176379	0.00048759700722	0.000348283576586	0.000159800699845	5.32668999484e-05	8.19490768436e-06	9.0143984528e-05	4.09745384218e-06	0	0.000106533799897	0.000463012284167	0.000208970145951	0.000876855122227	0.0002622370459	0.000495791914904	0.000114728707581	4.09745384218e-06	9.83388922124e-05	4.09745384218e-05	5.73643537906e-05	4.09745384218e-06	4.09745384218e-06	0	4.09745384218e-06
8.19490768436e-06	4.09745384218e-06	1.22923615265e-05	0	8.60465306858e-05	0.00253222647447	0.00446212723414	0.000266334499742	0.00134806231408	0.00048759700722	0.000245847230531	0.000381063207323	0.000786711137699	0.000663787522434	0.000307309038164	0.000975194014439	4.09745384218e-06	0	4.09745384218e-06	8.19490768436e-06	0.000122923615265	4.09745384218e-06	2.45847230531e-05	2.45847230531e-05	0.000458914830324	4.09745384218e-06	7.78516230015e-05	4.09745384218e-05	0.000176190515214	9.42414383702e-05	1.22923615265e-05	8.19490768436e-06	0.00505625804125	4.09745384218e-06	0.000549058814852	0	8.19490768436e-06	8.19490768436e-06	0	1.63898153687e-05	0	0	0	0	4.09745384218e-06	0	0	0	2.45847230531e-05	0	0	0	0	0	0	1.63898153687e-05	0	4.09745384218e-06	4.09745384218e-06	3.27796307375e-05	2.86821768953e-05	2.04872692109e-05	1.63898153687e-05	8.19490768436e-06	8.19490768436e-06	4.09745384218e-06	0	0	0	1.22923615265e-05	0.00045071992264	4.09745384218e-05	0.000364673391954	6.96567153171e-05	0.000643300253223	0.00108172781434	0	4.09745384218e-06	0	4.09745384218e-06	0	0	0	0
