0.020489746901	5.34658188907e-05	0.00222088786161	0	0.000139833680176	2.8789287095e-05	0.000641589826688	0.00728780239033	0.0101708438551	0.000102818882482	0.000571672986601	0.000477079614717	0.000366035221636	4.52403082921e-05	0.0114663617744	8.22551059857e-05	3.70147976936e-05	0.000695055645579	8.22551059857e-05	0.000189186743767	0.000608687784294	0.00292416901779	0.000102818882482	0.00354930782328	0.000448290327622	2.8789287095e-05	0.000797874528061	0.000316682158045	0.00206049040494	0.0106931637781	0.0105862321404	1.64510211971e-05	0.000283780115651	0.00250055522197	0.00393179406612	0	1.64510211971e-05	2.46765317957e-05	0	2.05637764964e-05	0	8.22551059857e-06	8.22551059857e-06	4.11275529929e-06	0.000131608169577	1.23382658979e-05	0	8.22551059857e-06	4.11275529929e-06	4.11275529929e-06	0	1.64510211971e-05	0	0	4.11275529929e-06	4.11275529929e-06	8.22551059857e-06	3.70147976936e-05	2.8789287095e-05	0.000139833680176	4.11275529929e-06	1.64510211971e-05	3.70147976936e-05	5.34658188907e-05	1.64510211971e-05	1.23382658979e-05	0	0	0	2.46765317957e-05	0.000797874528061	0.000213863275563	0.00236894705239	0.000678604624382	7.81423506864e-05	6.58040847886e-05	4.11275529929e-06	3.29020423943e-05	2.8789287095e-05	2.05637764964e-05	0	1.23382658979e-05	4.11275529929e-06	0
5.34658188907e-05	0.0191243121417	0.00222911337221	0	4.11275529929e-06	4.11275529929e-06	1.64510211971e-05	7.40295953871e-05	5.34658188907e-05	0.00105697811192	8.22551059857e-06	0.000168622967271	2.46765317957e-05	0.000193299499066	4.52403082921e-05	2.05637764964e-05	0.000431839306425	0.000884242389346	5.757857419e-05	0.000378373487534	2.05637764964e-05	0.000213863275563	0.00424847622416	0.000530545433608	0.00100351229303	0.00118858628149	0.0051861844324	0.0115321658592	0.000481192370016	0.000102818882482	0.000217976030862	4.52403082921e-05	4.11275529929e-06	4.52403082921e-05	0.000440064817024	8.22551059857e-06	0.00759625903778	0.00125439036628	0	8.22551059857e-06	0	1.64510211971e-05	6.99168400878e-05	4.11275529929e-05	8.6367861285e-05	8.22551059857e-06	0.000168622967271	8.22551059857e-06	0.000160397456672	4.93530635914e-05	8.22551059857e-06	0.000123382658979	0.000481192370016	8.22551059857e-05	0.000538770944206	0	9.45933718836e-05	0.00109399290961	0.000472966859418	9.04806165843e-05	0.000374260732235	0.00139422404646	0.00614856917243	6.99168400878e-05	3.70147976936e-05	7.81423506864e-05	2.46765317957e-05	0	0	0.000205637764964	0.000954159229434	0.000546996454805	0.00046062859352	0.000226201541461	0.000152171946074	8.22551059857e-06	4.11275529929e-06	0.000530545433608	0.000419501040527	0.000300231136848	6.58040847886e-05	1.64510211971e-05	8.22551059857e-06	2.05637764964e-05
0.00222088786161	0.00222911337221	0.0500193299499	0	2.05637764964e-05	1.23382658979e-05	0.000370147976936	0.00218387306392	0.00256635930675	0.000201525009665	8.6367861285e-05	0.00046062859352	0.000148059190774	7.81423506864e-05	0.0017396954916	4.93530635914e-05	0.000390711753432	0.0108494484795	0.000111044393081	0.000760859730368	0.000135720924876	0.00712740493366	0.00141890057825	0.0240308292137	0.000555221965404	3.70147976936e-05	0.00969787699571	0.0133664547227	0.00398114712971	0.0023031429676	0.00735771923042	0	0.000106931637781	0.000736183198572	0.00398114712971	4.52403082921e-05	0.00178082304459	0.00217153479802	0	1.23382658979e-05	0	2.05637764964e-05	0.000242652562658	7.40295953871e-05	0.000382486242834	2.05637764964e-05	2.46765317957e-05	1.64510211971e-05	1.23382658979e-05	8.6367861285e-05	0	0.00109399290961	0.000699168400878	1.23382658979e-05	0.000234427052059	1.64510211971e-05	0.00046062859352	0.0023154812335	0.00203170111785	0.000329020423943	8.22551059857e-06	0.000526432678309	0.00474611961538	0.000341358689841	2.8789287095e-05	0.000152171946074	4.11275529929e-06	4.11275529929e-06	0	0.000250878073256	0.00617324570423	0.002294917457	0.00482014921076	0.00261159961505	0.000123382658979	7.40295953871e-05	2.46765317957e-05	0.000588124007798	0.0011351204626	0.000329020423943	0.000119269903679	4.11275529929e-05	8.22551059857e-06	4.11275529929e-06
0	0	0	0	0	0	0	0	0	0	0	0	0	0	0	0	0	0	0	0	0	0	0	0	0	0	0	0	0	0	0	0	0	0	0	0	0	0	0	0	0	0	0	0	0	0	0	0	0	0	0	0	0	0	0	0	0	0	0	0	0	0	0	0	0	0	0	0	0	0	0	0	0	0	0	0	0	0	0	0	0	0	0	0
0.000139833680176	4.11275529929e-06	2.05637764964e-05	0	0.0154146068617	3.70147976936e-05	0.00106109086722	0.00125850312158	0.000394824508731	0.000427726551126	0.00134075822757	0.000127495414278	0.00533835637847	1.64510211971e-05	0.000423613795826	0.000292005626249	0	0	1.23382658979e-05	3.70147976936e-05	0.00836534427875	1.64510211971e-05	0	3.29020423943e-05	0.00676959522262	0	6.99168400878e-05	1.23382658979e-05	0.00409630427809	0.000896580655244	7.40295953871e-05	4.11275529929e-06	0.000139833680176	0.000349584200439	0.00104463984602	8.22551059857e-06	4.11275529929e-06	0	0	0.00166566589621	0	9.87061271828e-05	2.05637764964e-05	2.05637764964e-05	0.000329020423943	0.000254990828556	4.11275529929e-06	0.000366035221636	0	2.8789287095e-05	8.22551059857e-06	0	0	4.11275529929e-06	0	0.00129963067457	4.11275529929e-06	4.11275529929e-06	0	0.000411275529929	0	0	0	0.000246765317957	4.11275529929e-05	0	0	0	4.11275529929e-06	3.29020423943e-05	0.000193299499066	4.11275529929e-05	0.000695055645579	0.000160397456672	0.000102818882482	3.70147976936e-05	0	4.52403082921e-05	0	2.46765317957e-05	4.11275529929e-06	6.16913294893e-05	8.22551059857e-06	0
2.8789287095e-05	4.11275529929e-06	1.23382658979e-05	0	3.70147976936e-05	0.00466386450939	0.00158752354552	0.000123382658979	0.00069094289028	2.46765317957e-05	3.70147976936e-05	5.34658188907e-05	0.000176848477869	1.23382658979e-05	0.000316682158045	0.000937708208237	4.11275529929e-06	4.11275529929e-06	1.23382658979e-05	1.23382658979e-05	8.22551059857e-05	2.46765317957e-05	0	5.34658188907e-05	3.29020423943e-05	8.22551059857e-06	3.29020423943e-05	8.22551059857e-06	9.87061271828e-05	0.000386598998133	6.16913294893e-05	4.11275529929e-06	0.00182195059758	4.11275529929e-05	0.000715619422076	0	0	0	0	4.11275529929e-06	0	8.22551059857e-06	0	0	1.23382658979e-05	8.22551059857e-06	4.11275529929e-06	4.11275529929e-06	4.11275529929e-06	0	0	0	0	0	0	4.11275529929e-06	0	0	0	8.22551059857e-06	0	0	0	4.11275529929e-06	0	0	4.11275529929e-06	0	0	4.11275529929e-06	0.000185073988468	3.70147976936e-05	0.000361922466337	0.000197412254366	0.00142301333355	0.000658040847886	8.22551059857e-06	0	4.11275529929e-06	4.11275529929e-06	0	0	0	0
0.000641589826688	1.64510211971e-05	0.000370147976936	0	0.00106109086722	0.00158752354552	0.0406093458251	0.00650637888347	0.0160068436248	0.000337245934541	0.0120010199633	0.000551109210104	0.0144069818134	6.16913294893e-05	0.00422791244767	0.00495998289094	1.64510211971e-05	9.45933718836e-05	7.81423506864e-05	0.000127495414278	0.0063089666291	0.000341358689841	6.58040847886e-05	0.00063336431609	0.00108165464371	1.64510211971e-05	0.000333133179242	0.000127495414278	0.00355342057858	0.00477079614717	0.00104875260132	8.22551059857e-06	0.00349172924909	0.000682717379681	0.00450346705272	4.11275529929e-06	8.22551059857e-06	4.11275529929e-06	0	2.8789287095e-05	0	4.11275529929e-06	4.11275529929e-05	4.11275529929e-06	0.000193299499066	4.11275529929e-06	4.11275529929e-06	4.11275529929e-06	4.11275529929e-06	4.11275529929e-06	0	0	0	0	0	1.23382658979e-05	4.11275529929e-06	2.05637764964e-05	1.23382658979e-05	0.000189186743767	0	8.22551059857e-06	1.23382658979e-05	7.40295953871e-05	1.23382658979e-05	4.11275529929e-06	4.11275529929e-06	0	0	8.22551059857e-06	0.00129551791927	0.000209750520264	0.00319561086754	0.000859565857551	0.00097883576123	0.000415388285228	2.46765317957e-05	2.05637764964e-05	2.46765317957e-05	8.22551059857e-06	8.22551059857e-06	2.46765317957e-05	8.22551059857e-06	0
0.00728780239033	7.40295953871e-05	0.00218387306392	0	0.00125850312158	0.000123382658979	0.00650637888347	0.051010503977	0.0118077204642	0.000937708208237	0.00509981657111	0.000781423506864	0.00235249603119	5.757857419e-05	0.00719320901845	0.000810212793959	5.757857419e-05	0.000489417880615	0.00011515714838	0.000263216339154	0.00235660878649	0.00335189556892	0.000226201541461	0.00418678489467	0.00246765317957	3.70147976936e-05	0.000855453102251	0.000398937264031	0.0228011153792	0.0123341531426	0.0122189959942	2.8789287095e-05	0.000658040847886	0.00727135136914	0.011075650021	5.34658188907e-05	3.70147976936e-05	4.11275529929e-05	0	0.000839002081054	0	0.000119269903679	0.000308456647446	0.000106931637781	0.00253757001966	0.000201525009665	1.64510211971e-05	0.000152171946074	4.11275529929e-06	9.87061271828e-05	8.22551059857e-06	4.11275529929e-05	1.64510211971e-05	4.11275529929e-06	8.22551059857e-06	0.000152171946074	2.05637764964e-05	0.000139833680176	7.40295953871e-05	0.00244708940307	4.11275529929e-06	8.22551059857e-06	9.45933718836e-05	0.000950046474135	8.22551059857e-05	2.05637764964e-05	0	0	4.11275529929e-06	6.99168400878e-05	0.00279667360351	0.000423613795826	0.00683539930741	0.00210984346853	0.000378373487534	0.000213863275563	2.8789287095e-05	0.00017273572257	7.40295953871e-05	9.04806165843e-05	4.11275529929e-05	0.000119269903679	2.46765317957e-05	8.22551059857e-06
0.0101708438551	5.34658188907e-05	0.00256635930675	0	0.000394824508731	0.00069094289028	0.0160068436248	0.0118077204642	0.046502924169	0.000217976030862	0.00416622111818	0.000867791368149	0.00395647059791	0.000106931637781	0.0192888223536	0.00145180262065	3.70147976936e-05	0.000637477071389	0.000111044393081	0.000267329094454	0.00249644246667	0.00307634096387	0.000127495414278	0.00435129510664	0.000801987283361	3.29020423943e-05	0.000900693410543	0.000378373487534	0.00421557418177	0.010828884703	0.00902749788193	2.8789287095e-05	0.00303110065557	0.00210161795793	0.00662153603185	0	2.05637764964e-05	3.29020423943e-05	0	5.34658188907e-05	0	2.05637764964e-05	4.93530635914e-05	8.22551059857e-06	0.000316682158045	2.05637764964e-05	4.11275529929e-06	2.46765317957e-05	4.11275529929e-06	8.22551059857e-06	4.11275529929e-06	2.46765317957e-05	0	0	4.11275529929e-06	8.22551059857e-06	8.22551059857e-06	8.22551059857e-05	4.11275529929e-05	0.000312569402746	1.23382658979e-05	1.23382658979e-05	3.29020423943e-05	0.000135720924876	2.05637764964e-05	1.64510211971e-05	0	0	0	3.29020423943e-05	0.00191654396947	0.000324907668644	0.00453636909511	0.00133253271697	0.000324907668644	0.00034547144514	4.11275529929e-06	5.34658188907e-05	2.8789287095e-05	3.29020423943e-05	8.22551059857e-06	2.46765317957e-05	4.11275529929e-06	0
0.000102818882482	0.00105697811192	0.000201525009665	0	0.000427726551126	2.46765317957e-05	0.000337245934541	0.000937708208237	0.000217976030862	0.0173887294054	0.000246765317957	5.34658188907e-05	0.0023278194994	1.23382658979e-05	0.000185073988468	0.000555221965404	9.04806165843e-05	5.757857419e-05	4.11275529929e-06	2.8789287095e-05	0.000649815337287	0.000259103583855	0.00333955730302	0.000254990828556	0.00646113857518	0.00017273572257	0.000193299499066	0.000567560231301	0.00420323591587	0.000637477071389	0.00102407606952	4.11275529929e-06	2.05637764964e-05	0.000637477071389	0.0011556842391	4.93530635914e-05	2.46765317957e-05	4.11275529929e-06	0	0.000896580655244	0	9.87061271828e-05	0.000600462273696	0.000135720924876	0.00482837472136	0.000205637764964	0	0.000217976030862	4.11275529929e-06	0.000135720924876	1.64510211971e-05	4.52403082921e-05	4.11275529929e-06	0	4.11275529929e-06	0.000156284701373	4.52403082921e-05	0.000493530635914	3.29020423943e-05	0.00399759815091	4.11275529929e-06	8.22551059857e-06	5.757857419e-05	0.001126894952	0.000123382658979	8.6367861285e-05	4.11275529929e-06	0	4.11275529929e-06	0.000139833680176	0.000616913294893	7.40295953871e-05	0.000571672986601	0.000189186743767	0.00122148832389	2.8789287095e-05	0	0.000197412254366	2.8789287095e-05	0.000156284701373	4.11275529929e-05	0.000111044393081	1.64510211971e-05	4.11275529929e-06
0.000571672986601	8.22551059857e-06	8.6367861285e-05	0	0.00134075822757	3.70147976936e-05	0.0120010199633	0.00509981657111	0.00416622111818	0.000246765317957	0.0261447854376	0.000386598998133	0.00811857896079	3.29020423943e-05	0.00156284701373	0.00103641433542	8.22551059857e-06	2.05637764964e-05	7.40295953871e-05	9.45933718836e-05	0.00825429988567	0.000106931637781	1.64510211971e-05	0.000148059190774	0.00134898373817	8.22551059857e-06	0.000222088786161	4.52403082921e-05	0.00371793079055	0.00317504709105	0.000250878073256	8.22551059857e-06	0.000394824508731	0.000818438304558	0.0034670527173	0	1.23382658979e-05	4.11275529929e-06	0	0.000131608169577	0	1.64510211971e-05	2.46765317957e-05	1.23382658979e-05	0.000271441849753	2.46765317957e-05	0	2.05637764964e-05	0	4.11275529929e-06	8.22551059857e-06	0	0	0	0	3.70147976936e-05	4.11275529929e-06	1.23382658979e-05	8.22551059857e-06	0.000267329094454	0	1.23382658979e-05	4.11275529929e-06	7.81423506864e-05	4.11275529929e-06	4.11275529929e-06	0	0	0	4.11275529929e-06	0.000625138805491	8.6367861285e-05	0.00227024092521	0.000419501040527	7.40295953871e-05	8.22551059857e-05	8.22551059857e-06	1.23382658979e-05	0	1.23382658979e-05	8.22551059857e-06	2.46765317957e-05	1.23382658979e-05	0
0.000477079614717	0.000168622967271	0.00046062859352	0	0.000127495414278	5.34658188907e-05	0.000551109210104	0.000781423506864	0.000867791368149	5.34658188907e-05	0.000386598998133	0.0232123909092	0.000707393911477	0.0045857221587	0.00128729240868	0.000111044393081	3.29020423943e-05	0.000818438304558	0.00238128531829	0.00617324570423	0.000666266358484	0.000394824508731	4.93530635914e-05	0.000756746975068	0.000292005626249	0.000818438304558	0.0100186719091	0.00148881741834	0.000555221965404	0.00338068485601	0.000740295953871	0.000493530635914	0.000612800539593	0.00046062859352	0.0102942265141	0	0.000189186743767	1.23382658979e-05	0	1.23382658979e-05	0	0	2.05637764964e-05	1.64510211971e-05	4.11275529929e-05	0	0.000456515838221	0	0.000559334720703	1.23382658979e-05	0	8.22551059857e-06	8.22551059857e-06	3.70147976936e-05	1.64510211971e-05	0	1.23382658979e-05	1.64510211971e-05	1.64510211971e-05	4.52403082921e-05	0.000361922466337	0.000213863275563	0.000407162774629	3.29020423943e-05	8.22551059857e-06	8.22551059857e-06	0.000139833680176	0	0	2.46765317957e-05	0.00266917818924	0.0034259251643	0.00680661002032	0.00109399290961	2.46765317957e-05	4.93530635914e-05	0.000398937264031	2.46765317957e-05	0.000538770944206	6.99168400878e-05	1.23382658979e-05	0	0	8.22551059857e-05
0.000366035221636	2.46765317957e-05	0.000148059190774	0	0.00533835637847	0.000176848477869	0.0144069818134	0.00235249603119	0.00395647059791	0.0023278194994	0.00811857896079	0.000707393911477	0.0381129033585	9.87061271828e-05	0.0028501394224	0.00454048185041	4.11275529929e-06	6.58040847886e-05	9.87061271828e-05	0.000180961233169	0.0169527773437	0.000119269903679	2.46765317957e-05	0.000226201541461	0.00363156292927	8.22551059857e-06	0.000398937264031	7.40295953871e-05	0.00249232971137	0.00445822674443	0.000361922466337	2.05637764964e-05	0.000908918921142	0.000419501040527	0.00530545433608	0	4.11275529929e-06	0	0	0.000111044393081	0	7.81423506864e-05	2.05637764964e-05	3.29020423943e-05	0.000111044393081	0.000423613795826	0	0.000592236763097	0	6.16913294893e-05	4.11275529929e-06	0	0	0	0	0.000398937264031	4.11275529929e-06	4.11275529929e-06	4.11275529929e-06	0.000139833680176	0	2.05637764964e-05	8.22551059857e-06	6.16913294893e-05	5.34658188907e-05	0	0	0	0	2.46765317957e-05	0.000896580655244	0.000164510211971	0.00321206188874	0.000551109210104	0.000744408709171	9.87061271828e-05	2.05637764964e-05	2.46765317957e-05	1.23382658979e-05	2.05637764964e-05	4.11275529929e-06	2.46765317957e-05	1.23382658979e-05	0
4.52403082921e-05	0.000193299499066	7.81423506864e-05	0	1.64510211971e-05	1.23382658979e-05	6.16913294893e-05	5.757857419e-05	0.000106931637781	1.23382658979e-05	3.29020423943e-05	0.0045857221587	9.87061271828e-05	0.0175984799256	0.00011515714838	1.23382658979e-05	8.22551059857e-06	8.6367861285e-05	0.000509981657111	0.000493530635914	9.45933718836e-05	4.93530635914e-05	4.52403082921e-05	8.6367861285e-05	6.58040847886e-05	0.00317504709105	0.00624727529961	0.00281723738001	4.93530635914e-05	0.000341358689841	8.22551059857e-05	0.00260748685975	7.40295953871e-05	3.29020423943e-05	0.00108576739901	0	0.000160397456672	0	0	4.11275529929e-06	0	4.11275529929e-06	8.22551059857e-06	1.23382658979e-05	4.11275529929e-06	4.11275529929e-06	0.00143123884415	4.11275529929e-06	0.00166977865151	2.05637764964e-05	0	0	0	0.000209750520264	7.81423506864e-05	0	4.11275529929e-06	8.22551059857e-06	0	3.29020423943e-05	0.00137777302526	0.000485305125316	0.000826663815156	1.64510211971e-05	2.05637764964e-05	4.11275529929e-06	0.000357809711038	0	0	6.58040847886e-05	0.000300231136848	0.00243475113718	0.000925369942339	0.000156284701373	0	8.22551059857e-06	0.000464741348819	2.46765317957e-05	0.00137777302526	0.000164510211971	2.05637764964e-05	1.23382658979e-05	0	0.000213863275563
0.0114663617744	4.52403082921e-05	0.0017396954916	0	0.000423613795826	0.000316682158045	0.00422791244767	0.00719320901845	0.0192888223536	0.000185073988468	0.00156284701373	0.00128729240868	0.0028501394224	0.00011515714838	0.0361634573466	0.000826663815156	6.16913294893e-05	0.000534658188907	0.000139833680176	0.000329020423943	0.00242652562658	0.00225790265931	0.000168622967271	0.00298586034728	0.000876016878748	2.46765317957e-05	0.000945933718836	0.000361922466337	0.00292005626249	0.0174134059372	0.00793761772762	2.05637764964e-05	0.00295295830489	0.00350818027029	0.00819260855618	4.11275529929e-06	1.64510211971e-05	2.8789287095e-05	0	5.34658188907e-05	0	1.23382658979e-05	4.11275529929e-05	8.22551059857e-06	0.00028789287095	3.29020423943e-05	1.23382658979e-05	2.05637764964e-05	1.23382658979e-05	8.22551059857e-06	0	2.05637764964e-05	4.11275529929e-06	0	4.11275529929e-06	0	1.64510211971e-05	7.81423506864e-05	3.70147976936e-05	0.000300231136848	0	8.22551059857e-06	3.29020423943e-05	0.000160397456672	2.46765317957e-05	8.22551059857e-06	8.22551059857e-06	0	0	3.70147976936e-05	0.00159163630082	0.000374260732235	0.00451991807391	0.001126894952	0.000226201541461	0.000143946435475	3.70147976936e-05	2.05637764964e-05	4.11275529929e-05	4.11275529929e-05	1.23382658979e-05	1.23382658979e-05	4.11275529929e-06	0
8.22551059857e-05	2.05637764964e-05	4.93530635914e-05	0	0.000292005626249	0.000937708208237	0.00495998289094	0.000810212793959	0.00145180262065	0.000555221965404	0.00103641433542	0.000111044393081	0.00454048185041	1.23382658979e-05	0.000826663815156	0.0111825816588	6.58040847886e-05	2.05637764964e-05	1.64510211971e-05	2.8789287095e-05	0.00106520362251	0.000193299499066	7.81423506864e-05	0.000201525009665	0.000427726551126	0	7.81423506864e-05	3.29020423943e-05	0.000756746975068	0.00122971383449	0.000370147976936	4.11275529929e-06	0.000415388285228	0.000357809711038	0.00151349395014	8.22551059857e-06	0	0	0	1.64510211971e-05	0	1.23382658979e-05	2.8789287095e-05	1.23382658979e-05	8.6367861285e-05	1.23382658979e-05	0	8.22551059857e-06	0	4.11275529929e-06	4.11275529929e-06	1.23382658979e-05	4.11275529929e-06	0	0	8.22551059857e-06	8.22551059857e-06	2.05637764964e-05	2.05637764964e-05	6.58040847886e-05	0	0	0	2.46765317957e-05	0	8.22551059857e-06	0	0	0	1.23382658979e-05	0.000645702581988	7.40295953871e-05	0.00130785618517	0.000941820963536	0.00388655375782	4.93530635914e-05	1.64510211971e-05	4.11275529929e-05	8.22551059857e-06	8.22551059857e-06	1.64510211971e-05	8.22551059857e-06	0	0
3.70147976936e-05	0.000431839306425	0.000390711753432	0	0	4.11275529929e-06	1.64510211971e-05	5.757857419e-05	3.70147976936e-05	9.04806165843e-05	8.22551059857e-06	3.29020423943e-05	4.11275529929e-06	8.22551059857e-06	6.16913294893e-05	6.58040847886e-05	0.0153611410428	0.000143946435475	0	2.05637764964e-05	4.11275529929e-06	0.0028789287095	0.00540004770796	0.00635831969269	0.00250878073256	2.05637764964e-05	0.00017273572257	0.00169445518331	0.00234427052059	0.000148059190774	0.000419501040527	0	4.11275529929e-06	8.22551059857e-05	0.000629251560791	4.93530635914e-05	1.64510211971e-05	5.757857419e-05	0	4.11275529929e-06	0	8.22551059857e-06	0.000168622967271	2.8789287095e-05	0.000312569402746	1.64510211971e-05	4.11275529929e-06	0	0	3.70147976936e-05	4.11275529929e-06	0.00126672863218	1.23382658979e-05	4.11275529929e-06	8.22551059857e-06	4.11275529929e-06	0.000497643391214	0.0028624776883	0.000715619422076	0.000559334720703	0	8.22551059857e-06	8.22551059857e-05	0.000822551059857	2.8789287095e-05	0.00028789287095	0	0	0	6.58040847886e-05	0.00152994497133	0.000415388285228	0.000867791368149	0.000600462273696	0.000106931637781	4.52403082921e-05	0	0.000160397456672	5.757857419e-05	9.04806165843e-05	4.52403082921e-05	2.05637764964e-05	1.64510211971e-05	0
0.000695055645579	0.000884242389346	0.0108494484795	0	0	4.11275529929e-06	9.45933718836e-05	0.000489417880615	0.000637477071389	5.757857419e-05	2.05637764964e-05	0.000818438304558	6.58040847886e-05	8.6367861285e-05	0.000534658188907	2.05637764964e-05	0.000143946435475	0.0248533802736	0.000139833680176	0.00268974196573	6.16913294893e-05	0.00399348539561	0.000259103583855	0.00957860709204	0.000189186743767	3.70147976936e-05	0.00873960501098	0.00470910481768	0.000834889325755	0.000871904123448	0.002899492486	2.05637764964e-05	5.34658188907e-05	0.000333133179242	0.00551520485634	8.22551059857e-06	0.00051820716771	0.000366035221636	0	0	0	0	2.46765317957e-05	4.11275529929e-06	6.16913294893e-05	4.11275529929e-06	1.23382658979e-05	0	2.05637764964e-05	4.11275529929e-06	0	7.81423506864e-05	0.000119269903679	0	9.04806165843e-05	0	7.40295953871e-05	0.000246765317957	0.000168622967271	6.16913294893e-05	1.23382658979e-05	0.000308456647446	0.000950046474135	4.11275529929e-05	4.11275529929e-06	3.70147976936e-05	4.11275529929e-06	0	0	6.58040847886e-05	0.00274732053992	0.00138599853586	0.00333544454772	0.00146414088655	3.70147976936e-05	2.05637764964e-05	2.05637764964e-05	0.000131608169577	0.00028789287095	8.6367861285e-05	4.11275529929e-05	4.11275529929e-06	0	0
8.22551059857e-05	5.757857419e-05	0.000111044393081	0	1.23382658979e-05	1.23382658979e-05	7.81423506864e-05	0.00011515714838	0.000111044393081	4.11275529929e-06	7.40295953871e-05	0.00238128531829	9.87061271828e-05	0.000509981657111	0.000139833680176	1.64510211971e-05	0	0.000139833680176	0.00677370797792	0.00282546289061	7.81423506864e-05	5.757857419e-05	4.11275529929e-06	0.000111044393081	4.11275529929e-05	0.000193299499066	0.00524376300659	0.000551109210104	6.99168400878e-05	0.000423613795826	9.04806165843e-05	0.000102818882482	8.22551059857e-05	7.81423506864e-05	0.00108165464371	0	6.16913294893e-05	4.11275529929e-06	0	4.11275529929e-06	0	0	4.11275529929e-06	0	4.11275529929e-06	0	0.000131608169577	0	0.000205637764964	0	0	0	0	3.29020423943e-05	4.11275529929e-05	0	0	4.11275529929e-06	4.11275529929e-06	8.22551059857e-06	0.000119269903679	0.000111044393081	0.000234427052059	0	0	4.11275529929e-06	4.11275529929e-05	0	0	1.23382658979e-05	0.000452403082921	0.000567560231301	0.000871904123448	0.000189186743767	4.11275529929e-06	8.22551059857e-06	2.05637764964e-05	8.22551059857e-06	0.000102818882482	3.29020423943e-05	8.22551059857e-06	0	0	8.22551059857e-06
0.000189186743767	0.000378373487534	0.000760859730368	0	3.70147976936e-05	1.23382658979e-05	0.000127495414278	0.000263216339154	0.000267329094454	2.8789287095e-05	9.45933718836e-05	0.00617324570423	0.000180961233169	0.000493530635914	0.000329020423943	2.8789287095e-05	2.05637764964e-05	0.00268974196573	0.00282546289061	0.0207159484425	0.000180961233169	0.000411275529929	5.757857419e-05	0.000732070443273	9.04806165843e-05	0.000283780115651	0.0159986181142	0.00274320778462	0.000238539807359	0.000970610250631	0.000522319923009	0.000135720924876	0.000135720924876	0.000164510211971	0.0057784211955	0	0.000366035221636	3.70147976936e-05	0	4.11275529929e-06	0	0	1.23382658979e-05	4.11275529929e-06	2.46765317957e-05	0	0.000209750520264	0	0.000238539807359	8.22551059857e-06	0	1.64510211971e-05	2.05637764964e-05	7.40295953871e-05	0.000135720924876	0	8.22551059857e-06	2.46765317957e-05	1.23382658979e-05	1.64510211971e-05	0.000180961233169	0.000489417880615	0.000744408709171	1.64510211971e-05	1.64510211971e-05	8.22551059857e-06	7.40295953871e-05	0	0	4.93530635914e-05	0.00263627614684	0.00195355876716	0.00332721903712	0.000843114836353	8.22551059857e-06	1.23382658979e-05	2.46765317957e-05	4.93530635914e-05	0.000119269903679	6.16913294893e-05	1.23382658979e-05	0	0	2.05637764964e-05
0.000608687784294	2.05637764964e-05	0.000135720924876	0	0.00836534427875	8.22551059857e-05	0.0063089666291	0.00235660878649	0.00249644246667	0.000649815337287	0.00825429988567	0.000666266358484	0.0169527773437	9.45933718836e-05	0.00242652562658	0.00106520362251	4.11275529929e-06	6.16913294893e-05	7.81423506864e-05	0.000180961233169	0.0284109136075	0.00011515714838	2.8789287095e-05	0.000213863275563	0.00581543599319	1.23382658979e-05	0.000329020423943	7.81423506864e-05	0.00372615630115	0.00476257063657	0.000320794913344	2.46765317957e-05	0.000559334720703	0.000789649017463	0.00563036200472	0	1.64510211971e-05	4.11275529929e-06	0	0.000164510211971	0	2.8789287095e-05	1.64510211971e-05	4.11275529929e-06	0.000292005626249	3.70147976936e-05	0	2.46765317957e-05	0	0	4.11275529929e-06	0	0	0	0	4.52403082921e-05	4.11275529929e-06	4.11275529929e-06	4.11275529929e-06	0.000304343892147	0	2.05637764964e-05	1.23382658979e-05	0.000102818882482	4.11275529929e-06	0	0	0	0	1.23382658979e-05	0.000945933718836	0.000197412254366	0.00359866088687	0.000727957687973	0.000205637764964	0.000119269903679	1.64510211971e-05	2.05637764964e-05	4.11275529929e-06	1.23382658979e-05	8.22551059857e-06	3.70147976936e-05	1.23382658979e-05	0
0.00292416901779	0.000213863275563	0.00712740493366	0	1.64510211971e-05	2.46765317957e-05	0.000341358689841	0.00335189556892	0.00307634096387	0.000259103583855	0.000106931637781	0.000394824508731	0.000119269903679	4.93530635914e-05	0.00225790265931	0.000193299499066	0.0028789287095	0.00399348539561	5.757857419e-05	0.000411275529929	0.00011515714838	0.0505868901812	0.00155050874783	0.0269220961891	0.00104875260132	1.23382658979e-05	0.00208927969204	0.00141478782295	0.00999810813256	0.00599639722636	0.0210860964194	0	0.00017273572257	0.00365212670577	0.0080486621207	2.8789287095e-05	9.04806165843e-05	0.000160397456672	0	2.05637764964e-05	0	1.23382658979e-05	0.000341358689841	4.52403082921e-05	0.00069094289028	1.23382658979e-05	0	2.46765317957e-05	4.11275529929e-06	4.52403082921e-05	0	0.000929482697638	3.70147976936e-05	0	3.70147976936e-05	1.23382658979e-05	0.000489417880615	0.00256635930675	0.00046062859352	0.00097883576123	8.22551059857e-06	6.99168400878e-05	0.000250878073256	0.000995286782427	7.81423506864e-05	0.00040305001933	0	0	2.8789287095e-05	0.000111044393081	0.00387421549193	0.00149293017364	0.0057743084402	0.00257869757265	0.000324907668644	0.000205637764964	1.23382658979e-05	0.000226201541461	7.81423506864e-05	0.000111044393081	6.58040847886e-05	3.70147976936e-05	8.22551059857e-06	0
0.000102818882482	0.00424847622416	0.00141890057825	0	0	0	6.58040847886e-05	0.000226201541461	0.000127495414278	0.00333955730302	1.64510211971e-05	4.93530635914e-05	2.46765317957e-05	4.52403082921e-05	0.000168622967271	7.81423506864e-05	0.00540004770796	0.000259103583855	4.11275529929e-06	5.757857419e-05	2.8789287095e-05	0.00155050874783	0.0270290278269	0.00568794057891	0.00607453957704	0.000370147976936	0.000641589826688	0.00655161919176	0.0034670527173	0.000415388285228	0.00121326281329	8.22551059857e-06	2.46765317957e-05	0.000448290327622	0.00107754188841	6.99168400878e-05	0.000386598998133	0.000127495414278	0	4.11275529929e-05	0	5.34658188907e-05	0.000678604624382	0.000106931637781	0.0028748159542	4.52403082921e-05	2.05637764964e-05	4.11275529929e-05	4.11275529929e-06	0.000106931637781	4.11275529929e-06	0.00427315275596	5.34658188907e-05	1.64510211971e-05	4.93530635914e-05	4.11275529929e-06	0.000839002081054	0.00999399537726	0.00264038890214	0.00271853125283	4.11275529929e-05	3.29020423943e-05	0.000999399537726	0.00185896539528	0.000127495414278	0.000584011252498	0	4.11275529929e-06	1.23382658979e-05	0.000201525009665	0.00136543475936	0.000341358689841	0.000703281156178	0.000304343892147	0.000292005626249	3.29020423943e-05	4.11275529929e-06	0.000472966859418	0.000209750520264	0.000259103583855	0.000135720924876	6.16913294893e-05	2.46765317957e-05	0
0.00354930782328	0.000530545433608	0.0240308292137	0	3.29020423943e-05	5.34658188907e-05	0.00063336431609	0.00418678489467	0.00435129510664	0.000254990828556	0.000148059190774	0.000756746975068	0.000226201541461	8.6367861285e-05	0.00298586034728	0.000201525009665	0.00635831969269	0.00957860709204	0.000111044393081	0.000732070443273	0.000213863275563	0.0269220961891	0.00568794057891	0.0769085240966	0.00133664547227	4.52403082921e-05	0.00438419714904	0.0115239403486	0.00973077903811	0.00420734867117	0.0154022685958	8.22551059857e-06	0.000246765317957	0.00156695976903	0.0102284224293	5.34658188907e-05	0.000292005626249	0.000353696955739	0	1.64510211971e-05	0	3.29020423943e-05	0.000423613795826	8.22551059857e-05	0.000674491869083	4.11275529929e-05	2.8789287095e-05	2.05637764964e-05	4.11275529929e-06	0.000111044393081	4.11275529929e-06	0.00444588847853	0.00011515714838	2.05637764964e-05	9.87061271828e-05	8.22551059857e-06	0.00118036077089	0.0069217671687	0.00376728385415	0.000896580655244	8.22551059857e-06	0.000152171946074	0.00132430720637	0.00111866944141	0.000123382658979	0.000616913294893	0	4.11275529929e-06	4.11275529929e-06	0.000259103583855	0.0105903448957	0.00299819861318	0.0106931637781	0.00665032531894	0.000653928092586	0.000394824508731	8.22551059857e-06	0.000682717379681	0.000366035221636	0.000353696955739	0.000197412254366	8.6367861285e-05	1.23382658979e-05	0
0.000448290327622	0.00100351229303	0.000555221965404	0	0.00676959522262	3.29020423943e-05	0.00108165464371	0.00246765317957	0.000801987283361	0.00646113857518	0.00134898373817	0.000292005626249	0.00363156292927	6.58040847886e-05	0.000876016878748	0.000427726551126	0.00250878073256	0.000189186743767	4.11275529929e-05	9.04806165843e-05	0.00581543599319	0.00104875260132	0.00607453957704	0.00133664547227	0.0382650753045	0.000123382658979	0.000382486242834	0.000987061271828	0.0134322588075	0.00264450165744	0.00275965880582	2.8789287095e-05	0.000148059190774	0.0017109062045	0.00430194204305	0.000123382658979	9.45933718836e-05	5.757857419e-05	0	0.000608687784294	0	0.000160397456672	0.00105286535662	0.000238539807359	0.00456104562691	0.000263216339154	0	0.000217976030862	0	0.000271441849753	2.05637764964e-05	0.000259103583855	2.46765317957e-05	0	2.8789287095e-05	8.22551059857e-05	0.00017273572257	0.0017150189598	0.000176848477869	0.0051779589218	2.05637764964e-05	2.05637764964e-05	9.87061271828e-05	0.00220032408512	0.000226201541461	0.000279667360351	0	2.05637764964e-05	1.23382658979e-05	0.000226201541461	0.00224556439341	0.000398937264031	0.00257047206205	0.000929482697638	0.000801987283361	0.000106931637781	8.22551059857e-06	0.000374260732235	4.11275529929e-05	0.000234427052059	6.58040847886e-05	0.00017273572257	3.29020423943e-05	0
2.8789287095e-05	0.00118858628149	3.70147976936e-05	0	0	8.22551059857e-06	1.64510211971e-05	3.70147976936e-05	3.29020423943e-05	0.00017273572257	8.22551059857e-06	0.000818438304558	8.22551059857e-06	0.00317504709105	2.46765317957e-05	0	2.05637764964e-05	3.70147976936e-05	0.000193299499066	0.000283780115651	1.23382658979e-05	1.23382658979e-05	0.000370147976936	4.52403082921e-05	0.000123382658979	0.00798697079121	0.0023031429676	0.00186307815058	4.93530635914e-05	9.45933718836e-05	2.05637764964e-05	0.000324907668644	4.11275529929e-06	2.46765317957e-05	0.000234427052059	0	0.000378373487534	8.22551059857e-06	0	4.11275529929e-06	0	0	4.11275529929e-06	4.11275529929e-06	2.46765317957e-05	4.11275529929e-06	0.000855453102251	4.11275529929e-06	0.00108988015431	4.11275529929e-06	0	4.11275529929e-06	1.64510211971e-05	9.04806165843e-05	9.87061271828e-05	0	0	2.46765317957e-05	4.11275529929e-06	3.70147976936e-05	0.00157518527963	0.000366035221636	0.000773197996266	8.22551059857e-06	8.22551059857e-06	0	0.000197412254366	0	0	5.34658188907e-05	0.000131608169577	0.000489417880615	0.000193299499066	3.70147976936e-05	8.22551059857e-06	8.22551059857e-06	0.000267329094454	4.11275529929e-06	0.000514094412411	8.22551059857e-05	0	0	4.11275529929e-06	0.000131608169577
0.000797874528061	0.0051861844324	0.00969787699571	0	6.99168400878e-05	3.29020423943e-05	0.000333133179242	0.000855453102251	0.000900693410543	0.000193299499066	0.000222088786161	0.0100186719091	0.000398937264031	0.00624727529961	0.000945933718836	7.81423506864e-05	0.00017273572257	0.00873960501098	0.00524376300659	0.0159986181142	0.000329020423943	0.00208927969204	0.000641589826688	0.00438419714904	0.000382486242834	0.0023031429676	0.0903202191276	0.0326182622786	0.00109399290961	0.00227024092521	0.0022866919464	0.00257047206205	0.000267329094454	0.000530545433608	0.0102530989611	8.22551059857e-06	0.006884752371	0.00126261587688	0	1.23382658979e-05	0	1.64510211971e-05	4.52403082921e-05	4.11275529929e-05	0.000168622967271	8.22551059857e-06	0.00201525009665	1.64510211971e-05	0.00260337410445	5.34658188907e-05	8.22551059857e-06	0.000160397456672	0.000666266358484	0.000929482697638	0.00204815213904	0	0.000106931637781	0.000361922466337	0.00034547144514	0.000185073988468	0.00237305980769	0.00727135136914	0.0114005576896	0.000102818882482	5.757857419e-05	6.16913294893e-05	0.000666266358484	0	0	0.000509981657111	0.00882597287227	0.00787592639813	0.00811035345019	0.00222911337221	4.52403082921e-05	4.93530635914e-05	9.87061271828e-05	0.00069094289028	0.00195767152246	0.000711506666776	0.000106931637781	2.05637764964e-05	8.22551059857e-06	0.00011515714838
0.000316682158045	0.0115321658592	0.0133664547227	0	1.23382658979e-05	8.22551059857e-06	0.000127495414278	0.000398937264031	0.000378373487534	0.000567560231301	4.52403082921e-05	0.00148881741834	7.40295953871e-05	0.00281723738001	0.000361922466337	3.29020423943e-05	0.00169445518331	0.00470910481768	0.000551109210104	0.00274320778462	7.81423506864e-05	0.00141478782295	0.00655161919176	0.0115239403486	0.000987061271828	0.00186307815058	0.0326182622786	0.0821810763903	0.00122148832389	0.00074852146447	0.00122560107919	0.000822551059857	4.52403082921e-05	0.000292005626249	0.00363156292927	2.8789287095e-05	0.00815148100318	0.00180138682109	0	2.05637764964e-05	0	4.52403082921e-05	0.000152171946074	9.87061271828e-05	0.000139833680176	3.29020423943e-05	0.00102818882482	2.05637764964e-05	0.0011597969944	7.81423506864e-05	8.22551059857e-06	0.00185073988468	0.000703281156178	0.000567560231301	0.00136543475936	0	0.000464741348819	0.00367269048226	0.00218387306392	0.000209750520264	0.00152583221603	0.0046268497117	0.0105574428533	0.000226201541461	7.81423506864e-05	0.000180961233169	0.000222088786161	4.11275529929e-06	0	0.000472966859418	0.00854219275662	0.0040058236615	0.00414977009698	0.00206460316024	0.000152171946074	6.58040847886e-05	3.70147976936e-05	0.00106520362251	0.00127084138748	0.000658040847886	0.00017273572257	4.11275529929e-05	0	5.34658188907e-05
0.00206049040494	0.000481192370016	0.00398114712971	0	0.00409630427809	9.87061271828e-05	0.00355342057858	0.0228011153792	0.00421557418177	0.00420323591587	0.00371793079055	0.000555221965404	0.00249232971137	4.93530635914e-05	0.00292005626249	0.000756746975068	0.00234427052059	0.000834889325755	6.99168400878e-05	0.000238539807359	0.00372615630115	0.00999810813256	0.0034670527173	0.00973077903811	0.0134322588075	4.93530635914e-05	0.00109399290961	0.00122148832389	0.0696001579298	0.00823784886447	0.0152377583839	2.05637764964e-05	0.000419501040527	0.00617735845953	0.0114951510615	0.000180961233169	0.000119269903679	0.000139833680176	0	0.0028830414648	4.11275529929e-06	0.000386598998133	0.00146825364184	0.000415388285228	0.00809390242899	0.000797874528061	3.70147976936e-05	0.000670379113783	4.11275529929e-06	0.000435952061724	4.93530635914e-05	0.000707393911477	3.29020423943e-05	1.23382658979e-05	4.52403082921e-05	0.000904806165843	0.000398937264031	0.00306400269797	0.00034547144514	0.00801987283361	1.64510211971e-05	3.29020423943e-05	0.000222088786161	0.00442532470203	0.000440064817024	0.000431839306425	0	2.05637764964e-05	3.29020423943e-05	0.000390711753432	0.00508336554992	0.000888355144646	0.00719320901845	0.00262393788094	0.000958271984733	0.000279667360351	2.05637764964e-05	0.000616913294893	0.000156284701373	0.00040305001933	0.000131608169577	0.00034547144514	5.34658188907e-05	2.05637764964e-05
0.0106931637781	0.000102818882482	0.0023031429676	0	0.000896580655244	0.000386598998133	0.00477079614717	0.0123341531426	0.010828884703	0.000637477071389	0.00317504709105	0.00338068485601	0.00445822674443	0.000341358689841	0.0174134059372	0.00122971383449	0.000148059190774	0.000871904123448	0.000423613795826	0.000970610250631	0.00476257063657	0.00599639722636	0.000415388285228	0.00420734867117	0.00264450165744	9.45933718836e-05	0.00227024092521	0.00074852146447	0.00823784886447	0.0534205785824	0.0170555962261	7.40295953871e-05	0.00381252416244	0.0164263446653	0.0260214027786	2.05637764964e-05	5.757857419e-05	4.11275529929e-05	0	0.000160397456672	0	3.29020423943e-05	0.000156284701373	2.46765317957e-05	0.000929482697638	5.757857419e-05	2.46765317957e-05	4.52403082921e-05	2.46765317957e-05	3.70147976936e-05	4.11275529929e-06	5.34658188907e-05	8.22551059857e-06	4.11275529929e-06	8.22551059857e-06	1.23382658979e-05	4.11275529929e-05	0.000185073988468	5.757857419e-05	0.000970610250631	4.11275529929e-06	2.05637764964e-05	9.87061271828e-05	0.000407162774629	4.52403082921e-05	4.11275529929e-05	8.22551059857e-06	0	0	9.04806165843e-05	0.00439653541494	0.000999399537726	0.0140244955706	0.00375494558825	0.000526432678309	0.000394824508731	7.40295953871e-05	9.87061271828e-05	6.16913294893e-05	9.45933718836e-05	2.46765317957e-05	4.52403082921e-05	8.22551059857e-06	0
0.0105862321404	0.000217976030862	0.00735771923042	0	7.40295953871e-05	6.16913294893e-05	0.00104875260132	0.0122189959942	0.00902749788193	0.00102407606952	0.000250878073256	0.000740295953871	0.000361922466337	8.22551059857e-05	0.00793761772762	0.000370147976936	0.000419501040527	0.002899492486	9.04806165843e-05	0.000522319923009	0.000320794913344	0.0210860964194	0.00121326281329	0.0154022685958	0.00275965880582	2.05637764964e-05	0.0022866919464	0.00122560107919	0.0152377583839	0.0170555962261	0.0558224276772	2.46765317957e-05	0.000419501040527	0.0110427479786	0.0149128507152	2.46765317957e-05	9.04806165843e-05	0.000143946435475	0	0.000168622967271	0	4.52403082921e-05	0.000616913294893	9.04806165843e-05	0.00197823529896	5.757857419e-05	4.11275529929e-06	6.58040847886e-05	8.22551059857e-06	9.87061271828e-05	0	0.000316682158045	2.46765317957e-05	0	1.64510211971e-05	2.05637764964e-05	0.000102818882482	0.001126894952	0.000209750520264	0.00189598019297	1.23382658979e-05	2.46765317957e-05	0.000213863275563	0.000999399537726	0.000106931637781	0.000185073988468	0	8.22551059857e-06	1.64510211971e-05	0.00011515714838	0.00432250581955	0.00120503730269	0.00799930905711	0.00271853125283	0.000448290327622	0.000246765317957	1.23382658979e-05	0.000259103583855	8.22551059857e-05	0.000139833680176	4.93530635914e-05	8.22551059857e-05	1.23382658979e-05	0
