0.0338484881147	0.000128512324746	0.00671995091658	0	1.24366765884e-05	8.29111772558e-06	0.000945187420716	0.00975864556301	0.0130087637114	0.000248733531767	0.000775219507342	0.000348226944474	0.000107784530433	8.29111772558e-06	0.0248857898533	1.24366765884e-05	9.9493412707e-05	0.0026407209956	7.04745006674e-05	0.000920314067539	0.000306771355846	0.00358590841631	4.97467063535e-05	0.00706403230219	0.000265315767219	0	0.00428650786413	0.000219714619728	0.00529387866778	0.016072331711	0.0178383397866	0	9.12022949814e-05	0.000435283680593	0.00392998980193	4.14555886279e-06	0.000190695707688	2.48733531767e-05	0	0	0	0	5.38922652163e-05	0	0.000169967913374	0	8.29111772558e-06	0	4.14555886279e-06	0	0	0.000907877390951	1.24366765884e-05	4.14555886279e-06	3.73100297651e-05	0	7.46200595302e-05	0.000625979388281	7.04745006674e-05	0.00103224415683	8.29111772558e-06	7.04745006674e-05	0.000145094560198	0.000244587972905	8.29111772558e-06	4.14555886279e-06	4.14555886279e-06	0	0	0	0.000298480238121	0.000377245856514	0.00179088142873	0.000219714619728	1.24366765884e-05	4.14555886279e-06	0	9.9493412707e-05	9.12022949814e-05	4.56011474907e-05	1.65822354512e-05	8.29111772558e-06	4.14555886279e-06	0
0.000128512324746	0.0322607390702	0.0012146487468	0	0	8.29111772558e-06	1.65822354512e-05	0.00032749915016	2.90189120395e-05	0.00164578686853	8.29111772558e-06	0.000120221207021	5.80378240791e-05	0.000878858478912	0.000153385677923	8.29111772558e-06	0.00099493412707	0.000990788568207	5.80378240791e-05	0.000393828091965	7.8765618393e-05	0.000124366765884	0.00625564832395	0.000945187420716	0.000725472800988	0.00134730663041	0.00818747875401	0.0206573198133	0.000572087123065	0.000509903740123	0.000397973650828	8.29111772558e-06	2.0727794314e-05	8.29111772558e-06	0.000555504887614	6.21833829419e-05	0.020545389724	0.000402119209691	0	0.000456011474907	4.14555886279e-06	2.48733531767e-05	0.000377245856514	1.24366765884e-05	0.000174113472237	0.000344081385612	0.000228005737453	2.90189120395e-05	0.000290189120395	1.65822354512e-05	4.14555886279e-06	0.000576232681928	0.000779365066205	3.31644709023e-05	0.000692308330086	0.000203132384277	0.000145094560198	0.000858130684598	0.00014924011906	0.00050575818126	0.00315891585345	0.00371856629992	0.0137052176004	0.000489175945809	3.73100297651e-05	0.000153385677923	4.14555886279e-05	0	4.14555886279e-06	0.000808383978244	0.00490005057582	0.00212252613775	0.00081667509597	9.9493412707e-05	4.97467063535e-05	4.14555886279e-06	0	0.00165407798625	0.00148825563174	0.00181990034076	0.000364809179926	0.000116075648158	2.48733531767e-05	4.14555886279e-06
0.00671995091658	0.0012146487468	0.0374385420899	0	0	0	0.000169967913374	0.000953478538442	0.00392584424306	8.70567361186e-05	7.8765618393e-05	0.000111930089295	1.24366765884e-05	0	0.00576232681928	4.14555886279e-06	0.00102809859797	0.0026738854665	0	0.000215569060865	2.90189120395e-05	0.00243758861132	0.000302625796984	0.0133735728914	0.000368954738788	0	0.00722985465671	0.00727131024533	0.000447720357181	0.00269875881968	0.00491663281127	0	7.04745006674e-05	2.48733531767e-05	0.000845694008009	8.29111772558e-06	0.00593644029152	0.00263657543673	0	4.14555886279e-06	0	0	5.38922652163e-05	0.000107784530433	4.14555886279e-05	4.14555886279e-06	2.90189120395e-05	0	3.31644709023e-05	9.53478538442e-05	0	0.000294334679258	0.000613542711693	2.0727794314e-05	0.000228005737453	0	0.000116075648158	0.00099493412707	0.00096591521503	7.04745006674e-05	4.97467063535e-05	0.000912022949814	0.0098374111814	6.63289418046e-05	1.65822354512e-05	3.73100297651e-05	0	0	4.14555886279e-06	5.38922652163e-05	0.00150898342606	0.00135145218927	0.000754491713028	0.0003565180622	3.73100297651e-05	0	1.65822354512e-05	0.00032749915016	0.0005347770933	0.000136803442472	1.24366765884e-05	8.29111772558e-06	1.24366765884e-05	0
0	0	0	0	0	0	0	0	0	0	0	0	0	0	0	0	0	0	0	0	0	0	0	0	0	0	0	0	0	0	0	0	0	0	0	0	0	0	0	0	0	0	0	0	0	0	0	0	0	0	0	0	0	0	0	0	0	0	0	0	0	0	0	0	0	0	0	0	0	0	0	0	0	0	0	0	0	0	0	0	0	0	0	0
1.24366765884e-05	0	0	0	0.012992181476	5.38922652163e-05	0.000621833829419	0.000310916914709	0.000132657883609	0.0012809776886	0.00129755992405	0.000410410327416	0.00385951530126	8.29111772558e-06	0.000236296855179	0.000331644709023	0	0	1.65822354512e-05	0.000145094560198	0.00517365746076	4.14555886279e-06	0	8.29111772558e-06	0.00509074628351	4.14555886279e-06	0.000248733531767	8.29111772558e-06	0.00473008266244	0.000489175945809	4.14555886279e-06	0	4.56011474907e-05	0	0.000920314067539	0	0	0	0	0.00230493072771	0	4.14555886279e-06	0	4.14555886279e-06	0.00133072439496	1.24366765884e-05	0	0.000576232681928	0	0	1.65822354512e-05	4.14555886279e-06	0	0	4.14555886279e-06	0.000679871653498	8.29111772558e-06	0	8.29111772558e-06	0.00212252613775	0	4.14555886279e-06	0	0.00111930089295	4.14555886279e-06	0	0	0	4.14555886279e-06	0	0.000402119209691	2.90189120395e-05	0.00111515533409	4.14555886279e-05	0.000344081385612	8.29111772558e-06	0	1.24366765884e-05	4.14555886279e-06	0	0	0	0	0
8.29111772558e-06	8.29111772558e-06	0	0	5.38922652163e-05	0.0034532505327	0.00117733871703	3.31644709023e-05	0.000443574798319	0.000596960476242	1.65822354512e-05	8.70567361186e-05	6.63289418046e-05	3.73100297651e-05	2.0727794314e-05	0.00119806651135	0	4.14555886279e-06	0	8.29111772558e-06	4.56011474907e-05	0	0	1.24366765884e-05	0.0003565180622	0	2.48733531767e-05	1.24366765884e-05	2.48733531767e-05	0.000368954738788	0.000211423502002	0	0.0012478132177	8.29111772558e-06	0.000364809179926	0	4.14555886279e-06	1.24366765884e-05	0	0	0	0	0	0	0	0	0	0	0	0	0	4.14555886279e-06	0	0	0	0	0	4.14555886279e-06	0	4.14555886279e-06	0	0	1.24366765884e-05	0	0	0	0	0	0	0	0.000157531236786	3.31644709023e-05	0.000273606884944	2.48733531767e-05	0.00155458457355	0.000883004037774	2.48733531767e-05	0	0	0	1.24366765884e-05	4.14555886279e-06	0	0
0.000945187420716	1.65822354512e-05	0.000169967913374	0	0.000621833829419	0.00117733871703	0.0424422316372	0.0062390660885	0.0185472303521	0.000277752443807	0.0181036555538	0.00210179834343	0.0125610433543	0.000402119209691	0.00409166659757	0.00123123098225	1.65822354512e-05	0	0.00020727794314	4.97467063535e-05	0.00877614811253	0.0003565180622	0	0.00068401721236	0.000605251593967	4.14555886279e-06	0.000580378240791	0.000107784530433	0.00343252273839	0.00264486655446	0.000406264768553	0	0.005559194435	1.24366765884e-05	0.00339106714976	4.14555886279e-06	1.65822354512e-05	0	0	1.24366765884e-05	8.29111772558e-06	2.0727794314e-05	9.53478538442e-05	7.46200595302e-05	0.000169967913374	1.24366765884e-05	8.29111772558e-06	0	0	2.0727794314e-05	0	3.73100297651e-05	0	8.29111772558e-06	0	0	2.0727794314e-05	3.73100297651e-05	3.31644709023e-05	0.000397973650828	0	2.0727794314e-05	2.0727794314e-05	0.000298480238121	7.46200595302e-05	2.48733531767e-05	0	0	0	2.48733531767e-05	0.00104882639229	4.97467063535e-05	0.00391340756647	0.000339935826749	0.00143021780766	0.000555504887614	4.14555886279e-05	3.31644709023e-05	8.29111772558e-06	2.90189120395e-05	8.29111772558e-06	8.29111772558e-06	2.0727794314e-05	0
0.00975864556301	0.00032749915016	0.000953478538442	0	0.000310916914709	3.31644709023e-05	0.0062390660885	0.0447305801295	0.0112427556359	0.000605251593967	0.0105048461583	0.000153385677923	0.000804238419381	4.14555886279e-06	0.0115329447563	0.000124366765884	7.8765618393e-05	0.00014924011906	8.29111772558e-06	0.00025287909063	0.000489175945809	0.00133072439496	0.000120221207021	0.00198986825414	0.00186135592939	4.14555886279e-06	0.000397973650828	0.000601106035105	0.0251428145028	0.0054928654932	0.0078433973684	0	0.000277752443807	0.000820820654832	0.00135145218927	4.14555886279e-06	0.000273606884944	0	0	0.000140949001335	8.29111772558e-06	8.29111772558e-06	0.000120221207021	8.29111772558e-06	0.00147996451402	6.21833829419e-05	1.65822354512e-05	4.14555886279e-06	0	0	0	0.00014924011906	4.14555886279e-06	1.65822354512e-05	1.24366765884e-05	8.29111772558e-06	0.000128512324746	0.000120221207021	0.000186550148826	0.00311746026482	0	4.97467063535e-05	0.000228005737453	0.00169967913374	8.29111772558e-06	4.14555886279e-06	0	4.14555886279e-06	0	4.97467063535e-05	0.00174113472237	0.000116075648158	0.00145094560198	9.12022949814e-05	0.00014924011906	4.56011474907e-05	0	0.000422847004005	3.73100297651e-05	0.000174113472237	2.0727794314e-05	9.12022949814e-05	9.53478538442e-05	0
0.0130087637114	2.90189120395e-05	0.00392584424306	0	0.000132657883609	0.000443574798319	0.0185472303521	0.0112427556359	0.0500576232682	0.000344081385612	0.0120967407616	0.00184062813508	0.00569599787747	0.000323353591298	0.0244297783784	0.000161676795649	7.46200595302e-05	0.000232151296316	0.000315062473572	0.000228005737453	0.00833671887307	0.00298480238121	7.46200595302e-05	0.00756149936573	0.000742055036439	4.14555886279e-06	0.00114831980499	0.000116075648158	0.00800092860519	0.00722156353898	0.00633441394234	0	0.0044564757775	1.24366765884e-05	0.00349470612133	1.65822354512e-05	3.31644709023e-05	0	0	2.0727794314e-05	0	2.0727794314e-05	9.12022949814e-05	9.53478538442e-05	0.000236296855179	2.48733531767e-05	1.24366765884e-05	0	8.29111772558e-06	9.12022949814e-05	8.29111772558e-06	9.9493412707e-05	4.14555886279e-06	4.14555886279e-06	1.65822354512e-05	4.14555886279e-06	3.73100297651e-05	0.000145094560198	5.80378240791e-05	0.000443574798319	8.29111772558e-06	3.31644709023e-05	3.73100297651e-05	0.000302625796984	0.000153385677923	3.31644709023e-05	4.14555886279e-06	4.14555886279e-06	2.90189120395e-05	4.56011474907e-05	0.000812529537107	0.000111930089295	0.00278996111466	0.000402119209691	0.000319208032435	0.000111930089295	4.14555886279e-06	9.12022949814e-05	3.31644709023e-05	5.38922652163e-05	3.73100297651e-05	8.29111772558e-06	2.90189120395e-05	0
0.000248733531767	0.00164578686853	8.70567361186e-05	0	0.0012809776886	0.000596960476242	0.000277752443807	0.000605251593967	0.000344081385612	0.0258641417449	0.000157531236786	0.000273606884944	0.000999079685932	0.000211423502002	0.000667434976909	0.00281483446783	0.00158360348559	0.00014924011906	0.000124366765884	0.000650852741458	0.000472593710358	0.000654998300321	0.00517365746076	0.00081667509597	0.0101027269486	0.000132657883609	0.00243758861132	0.00108613642205	0.00320037144207	0.00433625457048	0.00417457777483	0	0.000223860178591	0.000426992562867	0.00149654674947	0.0001782590311	0.000941041861853	2.90189120395e-05	0	0.00159189460331	8.29111772558e-06	1.24366765884e-05	0.00111515533409	4.56011474907e-05	0.00744956927643	7.04745006674e-05	2.48733531767e-05	0.000447720357181	0	6.21833829419e-05	3.73100297651e-05	0.00399631874373	1.65822354512e-05	1.65822354512e-05	7.8765618393e-05	0.000269461326081	0.000248733531767	0.00403777433236	0.000841548449146	0.00750760710051	0	7.8765618393e-05	0.00106126306887	0.00495394284103	8.70567361186e-05	0.000489175945809	0	8.29111772558e-06	2.90189120395e-05	6.21833829419e-05	0.00807140310585	0.00148825563174	0.0022842029334	0.000389682533102	0.00329986485478	8.29111772558e-06	0	0.000679871653498	0.000203132384277	0.000194841266551	0.000161676795649	0.000107784530433	1.24366765884e-05	0
0.000775219507342	8.29111772558e-06	7.8765618393e-05	0	0.00129755992405	1.65822354512e-05	0.0181036555538	0.0105048461583	0.0120967407616	0.000157531236786	0.0381474326554	0.0012146487468	0.00848595899213	0.000128512324746	0.0065955841507	3.31644709023e-05	1.65822354512e-05	2.48733531767e-05	0.00025287909063	0.000729618359851	0.00910779282155	4.14555886279e-06	8.29111772558e-06	0.000116075648158	0.000136803442472	4.14555886279e-06	0.000779365066205	0.000120221207021	0.00642976179619	0.00341594050294	0.000111930089295	0	0.00169138801602	0	0.0027858155558	0	4.14555886279e-06	0	0	4.56011474907e-05	0	1.24366765884e-05	4.14555886279e-06	5.80378240791e-05	0.000124366765884	0	8.29111772558e-06	0	4.14555886279e-06	4.97467063535e-05	0	1.24366765884e-05	0	4.14555886279e-06	1.24366765884e-05	0	1.24366765884e-05	2.0727794314e-05	2.0727794314e-05	0.0001782590311	4.14555886279e-06	4.14555886279e-06	8.29111772558e-06	0.00014924011906	6.21833829419e-05	0	0	0	0	0	0.000269461326081	4.97467063535e-05	0.00187379260598	0.000194841266551	4.56011474907e-05	8.29111772558e-06	4.14555886279e-06	8.29111772558e-06	8.29111772558e-06	8.29111772558e-06	8.29111772558e-06	0	0	0
0.000348226944474	0.000120221207021	0.000111930089295	0	0.000410410327416	8.70567361186e-05	0.00210179834343	0.000153385677923	0.00184062813508	0.000273606884944	0.0012146487468	0.0216522539404	0.00491248725241	0.00343252273839	0.00050575818126	6.63289418046e-05	8.29111772558e-05	0.000294334679258	0.0023173674043	0.00536849872731	0.0054928654932	9.53478538442e-05	7.46200595302e-05	0.000335790267886	0.000402119209691	0.000642561623732	0.00583694687881	0.000447720357181	0.000373100297651	0.0054140998748	0.000174113472237	0.000406264768553	0.000907877390951	4.14555886279e-06	0.0110354776927	0	4.56011474907e-05	2.90189120395e-05	0	1.24366765884e-05	0	0	2.90189120395e-05	8.29111772558e-06	0.000124366765884	4.14555886279e-06	0.000198986825414	0	0.000232151296316	1.24366765884e-05	0	2.90189120395e-05	4.14555886279e-06	9.12022949814e-05	0.000116075648158	0	8.29111772558e-06	1.65822354512e-05	8.29111772558e-06	0.000319208032435	0.000485030386946	0.000257024649493	0.000273606884944	0.000290189120395	2.48733531767e-05	8.29111772558e-06	8.29111772558e-05	0	0	3.73100297651e-05	0.00175771695782	0.0028521444976	0.00707232341992	0.000845694008009	7.04745006674e-05	9.53478538442e-05	0.00063841606487	7.04745006674e-05	0.000186550148826	0.00010363897157	4.97467063535e-05	4.14555886279e-06	8.29111772558e-06	9.9493412707e-05
0.000107784530433	5.80378240791e-05	1.24366765884e-05	0	0.00385951530126	6.63289418046e-05	0.0125610433543	0.000804238419381	0.00569599787747	0.000999079685932	0.00848595899213	0.00491248725241	0.0385744252183	0.000298480238121	0.00276508776148	0.00173284360465	1.24366765884e-05	8.29111772558e-05	0.00108199086319	0.00405435656781	0.0257480660968	2.0727794314e-05	4.56011474907e-05	8.29111772558e-05	0.00215983616751	4.14555886279e-05	0.00288945452736	0.000294334679258	0.00305527688188	0.00595302252697	0.00020727794314	0	0.0018489192528	4.14555886279e-06	0.0107411430135	0	2.48733531767e-05	8.29111772558e-06	0	0.000932750744128	0	0.00010363897157	2.48733531767e-05	6.21833829419e-05	0.000526485975574	6.21833829419e-05	7.04745006674e-05	0.00134730663041	4.14555886279e-05	6.21833829419e-05	2.0727794314e-05	1.65822354512e-05	4.14555886279e-06	5.38922652163e-05	0.000368954738788	0.0015380023381	8.29111772558e-06	1.24366765884e-05	0	0.000737909477577	0.000443574798319	0.000592814917379	0.000435283680593	0.000410410327416	7.8765618393e-05	1.65822354512e-05	4.56011474907e-05	0	0	5.38922652163e-05	0.000729618359851	0.000116075648158	0.00793459966338	0.000186550148826	0.00133486995382	4.14555886279e-06	8.29111772558e-06	2.48733531767e-05	5.38922652163e-05	0.00014924011906	2.90189120395e-05	0	0	0
8.29111772558e-06	0.000878858478912	0	0	8.29111772558e-06	3.73100297651e-05	0.000402119209691	4.14555886279e-06	0.000323353591298	0.000211423502002	0.000128512324746	0.00343252273839	0.000298480238121	0.0195338733615	0.000153385677923	1.24366765884e-05	5.80378240791e-05	8.29111772558e-06	0.000294334679258	9.53478538442e-05	0.000323353591298	0	0.000853985125735	1.24366765884e-05	5.38922652163e-05	0.00838232002056	0.00336204823772	0.00604007926309	4.97467063535e-05	0.000547213769888	8.29111772558e-06	0.00201474160732	0.000364809179926	0	0.000928605185265	8.29111772558e-06	4.14555886279e-05	0	0	8.29111772558e-06	0	1.24366765884e-05	8.29111772558e-06	0.00014924011906	1.24366765884e-05	1.24366765884e-05	0.00180746366418	4.14555886279e-06	0.00433625457048	0.000169967913374	0	1.65822354512e-05	8.29111772558e-06	0.000244587972905	4.14555886279e-06	4.14555886279e-06	4.14555886279e-06	8.29111772558e-06	1.24366765884e-05	4.56011474907e-05	0.00516536634304	0.00180331810531	0.00125195877656	2.90189120395e-05	0.000194841266551	4.14555886279e-06	0.00182819145849	4.14555886279e-06	0	7.46200595302e-05	0.000269461326081	0.00160018572104	0.0015380023381	0.000592814917379	4.14555886279e-06	7.46200595302e-05	0.00099493412707	1.65822354512e-05	0.0018945204003	0.000186550148826	4.14555886279e-05	2.0727794314e-05	8.29111772558e-06	0.0003565180622
0.0248857898533	0.000153385677923	0.00576232681928	0	0.000236296855179	2.0727794314e-05	0.00409166659757	0.0115329447563	0.0244297783784	0.000667434976909	0.0065955841507	0.00050575818126	0.00276508776148	0.000153385677923	0.0530175522962	0.000116075648158	0.000136803442472	0.00189866595916	3.31644709023e-05	0.000750346154165	0.00496223395876	0.00390511644875	8.29111772558e-05	0.00734593030486	0.00043113812173	4.14555886279e-06	0.00357347173973	0.000273606884944	0.00881345814229	0.0217476017942	0.0150649609074	0	0.00547213769888	0.000364809179926	0.00456426030793	2.0727794314e-05	0.000198986825414	2.48733531767e-05	0	2.90189120395e-05	4.14555886279e-06	1.24366765884e-05	0.000381391415377	2.90189120395e-05	0.00032749915016	2.90189120395e-05	5.80378240791e-05	1.24366765884e-05	4.14555886279e-06	4.97467063535e-05	0	0.000986643009344	1.65822354512e-05	2.0727794314e-05	5.80378240791e-05	2.0727794314e-05	0.000116075648158	0.000663289418046	8.70567361186e-05	0.00146338227856	1.24366765884e-05	9.9493412707e-05	0.000161676795649	0.000771073948479	9.12022949814e-05	3.31644709023e-05	4.14555886279e-06	0	2.90189120395e-05	7.46200595302e-05	0.00190695707688	0.000426992562867	0.00329986485478	0.000596960476242	0.000368954738788	0	3.31644709023e-05	0.000194841266551	0.000111930089295	0.000169967913374	2.48733531767e-05	1.65822354512e-05	2.0727794314e-05	4.14555886279e-06
1.24366765884e-05	8.29111772558e-06	4.14555886279e-06	0	0.000331644709023	0.00119806651135	0.00123123098225	0.000124366765884	0.000161676795649	0.00281483446783	3.31644709023e-05	6.63289418046e-05	0.00173284360465	1.24366765884e-05	0.000116075648158	0.00703501339016	4.14555886279e-06	4.14555886279e-06	8.29111772558e-06	1.65822354512e-05	0.000708890565537	1.65822354512e-05	0	2.0727794314e-05	0.00131828771837	0	3.31644709023e-05	0	0.000107784530433	0.000941041861853	0.000982497450481	0	0.000248733531767	4.14555886279e-05	0.000497467063535	0	4.14555886279e-06	0	0	2.48733531767e-05	0	0	3.31644709023e-05	4.14555886279e-06	0.000232151296316	0	4.14555886279e-06	0.000145094560198	0	0	1.65822354512e-05	4.14555886279e-06	0	0	4.14555886279e-06	1.65822354512e-05	4.14555886279e-06	4.14555886279e-06	4.14555886279e-06	0.000198986825414	0	0	4.14555886279e-06	8.70567361186e-05	4.14555886279e-06	0	0	0	0	4.14555886279e-06	0.000493321504672	1.24366765884e-05	0.000907877390951	0.000116075648158	0.0050244173417	1.24366765884e-05	2.0727794314e-05	1.65822354512e-05	4.14555886279e-06	1.24366765884e-05	4.14555886279e-06	0	0	0
9.9493412707e-05	0.00099493412707	0.00102809859797	0	0	0	1.65822354512e-05	7.8765618393e-05	7.46200595302e-05	0.00158360348559	1.65822354512e-05	8.29111772558e-05	1.24366765884e-05	5.80378240791e-05	0.000136803442472	4.14555886279e-06	0.0236587044299	0.000489175945809	2.90189120395e-05	0.000319208032435	1.65822354512e-05	0.00270290437854	0.00889636931955	0.0056711245243	0.00581621908449	0.000107784530433	0.00199815937186	0.00690235550655	0.0008912951555	0.000907877390951	0.00140949001335	0	4.14555886279e-06	0.000530631534437	0.000829111772558	0.000203132384277	0.000414555886279	2.0727794314e-05	0	4.14555886279e-06	0	0	0.00014924011906	4.14555886279e-06	9.12022949814e-05	4.14555886279e-06	1.24366765884e-05	0	0	6.21833829419e-05	0	0.00198572269528	2.0727794314e-05	8.29111772558e-06	2.48733531767e-05	0	0.00184062813508	0.00489590501696	0.0024956264354	0.000538922652163	8.29111772558e-06	2.90189120395e-05	0.000953478538442	0.000153385677923	0.000116075648158	0.000244587972905	0	0	3.73100297651e-05	2.90189120395e-05	0.0033205926491	0.000576232681928	0.000675726094635	0.000323353591298	1.65822354512e-05	0	4.14555886279e-06	0.000182404589963	0.000120221207021	8.70567361186e-05	0.00010363897157	8.29111772558e-06	4.14555886279e-06	0
0.0026407209956	0.000990788568207	0.0026738854665	0	0	4.14555886279e-06	0	0.00014924011906	0.000232151296316	0.00014924011906	2.48733531767e-05	0.000294334679258	8.29111772558e-05	8.29111772558e-06	0.00189866595916	4.14555886279e-06	0.000489175945809	0.0246660752336	2.0727794314e-05	0.00381805971263	0.000157531236786	0.00242100637587	0.000522340416712	0.00657071079752	0.000447720357181	4.14555886279e-06	0.00780194177977	0.0042450522755	0.000360663621063	0.00296822014576	0.00533947981527	4.14555886279e-06	4.14555886279e-06	5.80378240791e-05	0.00653754632662	0	0.000414555886279	0.000182404589963	0	1.24366765884e-05	0	0	7.04745006674e-05	0	1.65822354512e-05	8.29111772558e-06	1.65822354512e-05	0	8.29111772558e-06	0	0	9.12022949814e-05	0.000169967913374	2.48733531767e-05	0.000306771355846	0	5.38922652163e-05	0.000435283680593	0.000588669358516	8.29111772558e-05	1.65822354512e-05	0.00163335019194	0.000849839566872	5.80378240791e-05	0	0	4.14555886279e-06	0	0	8.29111772558e-06	0.00138461666017	0.00166236910398	0.00305527688188	0.000522340416712	4.14555886279e-06	0	0	0.000145094560198	0.00028189800267	2.90189120395e-05	1.24366765884e-05	2.0727794314e-05	0	0
7.04745006674e-05	5.80378240791e-05	0	0	1.65822354512e-05	0	0.00020727794314	8.29111772558e-06	0.000315062473572	0.000124366765884	0.00025287909063	0.0023173674043	0.00108199086319	0.000294334679258	3.31644709023e-05	8.29111772558e-06	2.90189120395e-05	2.0727794314e-05	0.00663289418046	0.00328742817819	0.00123537654111	8.29111772558e-06	4.56011474907e-05	8.29111772558e-06	9.12022949814e-05	0.000298480238121	0.00400460986146	0.000613542711693	8.29111772558e-05	0.000853985125735	9.53478538442e-05	0	1.24366765884e-05	0	0.00173698916351	0	1.65822354512e-05	0	0	0	0	0	1.65822354512e-05	0	4.14555886279e-06	4.14555886279e-06	3.73100297651e-05	0	0.000157531236786	0	0	4.14555886279e-06	4.14555886279e-06	4.14555886279e-05	7.04745006674e-05	0	0	0	0	6.63289418046e-05	0.000186550148826	0.000111930089295	0.000157531236786	6.63289418046e-05	4.14555886279e-06	4.14555886279e-06	2.0727794314e-05	0	0	4.14555886279e-06	0.000829111772558	0.000899586273225	0.00111930089295	0.000223860178591	4.14555886279e-06	8.29111772558e-06	4.14555886279e-06	4.97467063535e-05	5.38922652163e-05	1.65822354512e-05	0	0	0	0
0.000920314067539	0.000393828091965	0.000215569060865	0	0.000145094560198	8.29111772558e-06	4.97467063535e-05	0.00025287909063	0.000228005737453	0.000650852741458	0.000729618359851	0.00536849872731	0.00405435656781	9.53478538442e-05	0.000750346154165	1.65822354512e-05	0.000319208032435	0.00381805971263	0.00328742817819	0.0274726185837	0.00525656863802	0.000302625796984	0.000526485975574	0.00114002868727	0.000688162771223	0.000169967913374	0.0152846755271	0.001994013813	0.000708890565537	0.00517365746076	0.000957624097305	4.14555886279e-06	3.31644709023e-05	1.24366765884e-05	0.014169520193	1.24366765884e-05	0.000248733531767	4.97467063535e-05	0	2.48733531767e-05	0	4.14555886279e-06	0.000111930089295	1.24366765884e-05	0.000248733531767	4.14555886279e-05	6.63289418046e-05	8.29111772558e-06	0.000111930089295	1.65822354512e-05	4.14555886279e-06	0.000153385677923	9.12022949814e-05	6.63289418046e-05	0.000858130684598	1.24366765884e-05	0.000107784530433	0.00010363897157	0.000161676795649	0.0008912951555	0.000646707182595	0.00145509116084	0.00116490204044	0.000737909477577	2.0727794314e-05	4.97467063535e-05	1.65822354512e-05	0	0	7.04745006674e-05	0.0031754980889	0.00132657883609	0.0106582318362	0.000907877390951	8.29111772558e-06	4.14555886279e-06	0	0.000244587972905	0.000240442414042	0.000198986825414	8.70567361186e-05	8.29111772558e-06	8.29111772558e-06	0
0.000306771355846	7.8765618393e-05	2.90189120395e-05	0	0.00517365746076	4.56011474907e-05	0.00877614811253	0.000489175945809	0.00833671887307	0.000472593710358	0.00910779282155	0.0054928654932	0.0257480660968	0.000323353591298	0.00496223395876	0.000708890565537	1.65822354512e-05	0.000157531236786	0.00123537654111	0.00525656863802	0.0389350888393	4.97467063535e-05	6.21833829419e-05	0.000165822354512	0.00222616510932	4.56011474907e-05	0.0037102751822	0.000480884828084	0.00323353591298	0.00904146387975	0.000257024649493	4.14555886279e-06	0.00195255822437	4.14555886279e-06	0.0126771190024	0	2.90189120395e-05	1.65822354512e-05	0	0.000161676795649	0	7.46200595302e-05	3.31644709023e-05	7.04745006674e-05	0.000219714619728	2.90189120395e-05	8.29111772558e-05	0.000559650446477	4.56011474907e-05	7.8765618393e-05	1.65822354512e-05	2.0727794314e-05	4.14555886279e-06	6.21833829419e-05	0.000381391415377	0.000588669358516	1.24366765884e-05	1.65822354512e-05	8.29111772558e-06	0.000298480238121	0.000468448151495	0.000613542711693	0.000468448151495	0.0001782590311	8.70567361186e-05	1.65822354512e-05	4.56011474907e-05	0	0	8.29111772558e-05	0.00130999660064	0.000228005737453	0.00938969082422	0.00046015703377	0.000708890565537	3.31644709023e-05	8.29111772558e-06	4.14555886279e-05	6.21833829419e-05	0.000219714619728	3.73100297651e-05	8.29111772558e-06	0	0
0.00358590841631	0.000124366765884	0.00243758861132	0	4.14555886279e-06	0	0.0003565180622	0.00133072439496	0.00298480238121	0.000654998300321	4.14555886279e-06	9.53478538442e-05	2.0727794314e-05	0	0.00390511644875	1.65822354512e-05	0.00270290437854	0.00242100637587	8.29111772558e-06	0.000302625796984	4.97467063535e-05	0.0406016035022	0.00122708542339	0.0221621576805	0.00143436336653	8.29111772558e-06	0.000447720357181	0.000634270506007	0.00809213090017	0.00194426710665	0.0182238767608	4.14555886279e-06	8.29111772558e-06	7.8765618393e-05	0.00606909817512	0.000203132384277	0.000116075648158	4.97467063535e-05	0	3.73100297651e-05	0	0	7.8765618393e-05	4.14555886279e-06	3.31644709023e-05	3.73100297651e-05	6.21833829419e-05	0	8.29111772558e-06	2.48733531767e-05	0	0.00150069230833	1.65822354512e-05	4.56011474907e-05	0.000107784530433	8.29111772558e-06	0.00105711751001	0.00423261559891	0.00439014683569	0.000190695707688	2.90189120395e-05	0.00010363897157	0.000509903740123	8.29111772558e-05	0.000464302592633	0.000348226944474	1.24366765884e-05	0	0.000298480238121	0.000153385677923	0.00169138801602	0.000248733531767	0.00288945452736	0.00128512324746	0.000240442414042	1.24366765884e-05	1.24366765884e-05	0.000244587972905	0.000236296855179	0.000294334679258	0.000240442414042	4.56011474907e-05	1.65822354512e-05	0
4.97467063535e-05	0.00625564832395	0.000302625796984	0	0	0	0	0.000120221207021	7.46200595302e-05	0.00517365746076	8.29111772558e-06	7.46200595302e-05	4.56011474907e-05	0.000853985125735	8.29111772558e-05	0	0.00889636931955	0.000522340416712	4.56011474907e-05	0.000526485975574	6.21833829419e-05	0.00122708542339	0.0283846415335	0.00357761729859	0.00486274054605	0.000567941564202	0.00400046430259	0.0116780393165	0.000800092860519	0.000203132384277	0.000596960476242	0	3.31644709023e-05	2.48733531767e-05	0.000779365066205	0.00025287909063	0.00271534105513	4.56011474907e-05	0	4.14555886279e-06	0	0	0.000157531236786	0	7.8765618393e-05	4.14555886279e-06	4.14555886279e-06	0	2.0727794314e-05	0.000107784530433	0	0.00378074968286	8.29111772558e-06	4.14555886279e-06	1.65822354512e-05	0	0.00208521610798	0.00851497790417	0.00250391755313	0.000514049298986	6.63289418046e-05	6.21833829419e-05	0.00453938695476	0.000120221207021	0.000128512324746	0.00025287909063	8.29111772558e-06	0	2.90189120395e-05	2.0727794314e-05	0.00456840586679	0.000750346154165	0.000708890565537	0.00020727794314	0.000161676795649	0	2.0727794314e-05	0.00014924011906	0.000169967913374	8.29111772558e-06	4.14555886279e-06	4.14555886279e-06	0	0
0.00706403230219	0.000945187420716	0.0133735728914	0	8.29111772558e-06	1.24366765884e-05	0.00068401721236	0.00198986825414	0.00756149936573	0.00081667509597	0.000116075648158	0.000335790267886	8.29111772558e-05	1.24366765884e-05	0.00734593030486	2.0727794314e-05	0.0056711245243	0.00657071079752	8.29111772558e-06	0.00114002868727	0.000165822354512	0.0221621576805	0.00357761729859	0.079611312401	0.000679871653498	2.48733531767e-05	0.00492492392899	0.00881345814229	0.00209350722571	0.00219300063842	0.0121008863205	4.14555886279e-06	0.000194841266551	4.14555886279e-05	0.00667020421023	4.14555886279e-05	0.00190281151802	0.00413726774506	0	5.38922652163e-05	0	4.14555886279e-06	0.000136803442472	1.24366765884e-05	0.000145094560198	5.80378240791e-05	9.9493412707e-05	8.29111772558e-06	2.48733531767e-05	2.90189120395e-05	1.24366765884e-05	0.00340350382635	0.000248733531767	0.000120221207021	0.000489175945809	3.73100297651e-05	0.00120221207021	0.011450033579	0.00588669358516	0.000273606884944	0.00010363897157	0.000456011474907	0.00975450000415	0.00014924011906	0.000111930089295	0.000107784530433	1.24366765884e-05	0	2.48733531767e-05	0.000186550148826	0.00940212750081	0.001571166809	0.00763611942526	0.00639245176642	0.00173284360465	4.56011474907e-05	0.000120221207021	0.00050575818126	0.000468448151495	0.000874712920049	0.000704745006674	0.000153385677923	8.29111772558e-06	0
0.000265315767219	0.000725472800988	0.000368954738788	0	0.00509074628351	0.0003565180622	0.000605251593967	0.00186135592939	0.000742055036439	0.0101027269486	0.000136803442472	0.000402119209691	0.00215983616751	5.38922652163e-05	0.00043113812173	0.00131828771837	0.00581621908449	0.000447720357181	9.12022949814e-05	0.000688162771223	0.00222616510932	0.00143436336653	0.00486274054605	0.000679871653498	0.0388480321032	0	0.0023836963461	0.00167895133943	0.013866894396	0.00264486655446	0.0049580883999	0	0.000116075648158	0.00101151636252	0.00335375712	0.000232151296316	0.0003565180622	6.63289418046e-05	0	0.00198157713641	0	4.14555886279e-06	0.000514049298986	3.31644709023e-05	0.00628052167713	2.48733531767e-05	6.21833829419e-05	0.000671580535772	2.0727794314e-05	7.8765618393e-05	1.65822354512e-05	0.00245417084677	8.29111772558e-06	2.90189120395e-05	4.14555886279e-05	0.000642561623732	0.000696453888949	0.0032418270307	0.0005347770933	0.00826209881354	1.65822354512e-05	5.80378240791e-05	0.0005347770933	0.00361078176949	0.000107784530433	0.0003565180622	4.14555886279e-06	0	5.38922652163e-05	8.70567361186e-05	0.00571672567179	0.000833257331421	0.00335375712	0.00152556566151	0.00159189460331	4.14555886279e-06	4.14555886279e-06	0.000572087123065	0.000169967913374	0.000352372503337	0.000364809179926	0.000174113472237	4.14555886279e-05	0
0	0.00134730663041	0	0	4.14555886279e-06	0	4.14555886279e-06	4.14555886279e-06	4.14555886279e-06	0.000132657883609	4.14555886279e-06	0.000642561623732	4.14555886279e-05	0.00838232002056	4.14555886279e-06	0	0.000107784530433	4.14555886279e-06	0.000298480238121	0.000169967913374	4.56011474907e-05	8.29111772558e-06	0.000567941564202	2.48733531767e-05	0	0.012900979181	0.00176186251669	0.00567941564202	4.14555886279e-06	4.14555886279e-06	0	0.000812529537107	4.14555886279e-06	0	0.000145094560198	1.24366765884e-05	0.000120221207021	2.0727794314e-05	0	2.90189120395e-05	0	8.29111772558e-06	1.65822354512e-05	2.0727794314e-05	0	4.14555886279e-05	0.00186550148826	1.24366765884e-05	0.00385951530126	4.97467063535e-05	0	4.14555886279e-06	2.0727794314e-05	2.90189120395e-05	1.24366765884e-05	3.73100297651e-05	0	8.29111772558e-06	1.65822354512e-05	2.0727794314e-05	0.00560479558249	0.00156287569127	0.00157945792672	2.48733531767e-05	5.38922652163e-05	0	0.00178673586986	8.29111772558e-06	0	0.000132657883609	6.21833829419e-05	0.000219714619728	0.000215569060865	6.21833829419e-05	0	0	0.0003565180622	2.90189120395e-05	0.00172455248692	0.000232151296316	6.63289418046e-05	0	0	0.000489175945809
0.00428650786413	0.00818747875401	0.00722985465671	0	0.000248733531767	2.48733531767e-05	0.000580378240791	0.000397973650828	0.00114831980499	0.00243758861132	0.000779365066205	0.00583694687881	0.00288945452736	0.00336204823772	0.00357347173973	3.31644709023e-05	0.00199815937186	0.00780194177977	0.00400460986146	0.0152846755271	0.0037102751822	0.000447720357181	0.00400046430259	0.00492492392899	0.0023836963461	0.00176186251669	0.0942409896278	0.0243095571714	0.000924459626402	0.00667434976909	0.00469277263268	0.00337863047317	0.000161676795649	8.29111772558e-06	0.00996592350615	7.04745006674e-05	0.00806725754699	0.000451865916044	0	0.000190695707688	4.14555886279e-06	2.90189120395e-05	0.000572087123065	4.56011474907e-05	0.000352372503337	0.0001782590311	0.00222616510932	4.14555886279e-05	0.00277752443807	5.80378240791e-05	2.0727794314e-05	0.000783510625067	0.00281068890897	0.00219300063842	0.00751589821824	9.53478538442e-05	0.000169967913374	0.00127268657088	0.000377245856514	0.00114002868727	0.00576647237814	0.0136720531295	0.01093598428	0.00081667509597	3.73100297651e-05	0.000145094560198	0.00126024989429	4.14555886279e-06	4.14555886279e-06	0.000551359328751	0.00938139970649	0.00792216298679	0.00991617679979	0.00170382469261	2.48733531767e-05	1.65822354512e-05	6.63289418046e-05	0.00139705333676	0.00313404250027	0.00133072439496	0.000373100297651	6.63289418046e-05	2.0727794314e-05	4.56011474907e-05
0.000219714619728	0.0206573198133	0.00727131024533	0	8.29111772558e-06	1.24366765884e-05	0.000107784530433	0.000601106035105	0.000116075648158	0.00108613642205	0.000120221207021	0.000447720357181	0.000294334679258	0.00604007926309	0.000273606884944	0	0.00690235550655	0.0042450522755	0.000613542711693	0.001994013813	0.000480884828084	0.000634270506007	0.0116780393165	0.00881345814229	0.00167895133943	0.00567941564202	0.0243095571714	0.0901659052657	0.0007130361244	0.000841548449146	0.000418701445142	0.00140949001335	7.46200595302e-05	1.65822354512e-05	0.00186135592939	1.24366765884e-05	0.022750827039	0.0005347770933	0	0.000397973650828	0	2.48733531767e-05	0.000161676795649	1.24366765884e-05	0.000140949001335	0.00032749915016	0.00122708542339	2.90189120395e-05	0.00361907288722	1.24366765884e-05	4.14555886279e-06	0.000592814917379	0.000812529537107	0.000957624097305	0.00137217998358	0.0001782590311	0.000244587972905	0.00723814577443	0.000920314067539	0.000265315767219	0.00991617679979	0.00804652975268	0.0263325898964	0.00032749915016	3.31644709023e-05	5.80378240791e-05	0.00173284360465	4.14555886279e-06	0	0.000762782830753	0.00650852741458	0.00186964704712	0.00362321844608	0.00177429919327	0.000132657883609	1.24366765884e-05	0.000128512324746	0.00188208372371	0.00223031066818	0.00156287569127	0.000385536974239	0.000169967913374	3.31644709023e-05	4.14555886279e-05
0.00529387866778	0.000572087123065	0.000447720357181	0	0.00473008266244	2.48733531767e-05	0.00343252273839	0.0251428145028	0.00800092860519	0.00320037144207	0.00642976179619	0.000373100297651	0.00305527688188	4.97467063535e-05	0.00881345814229	0.000107784530433	0.0008912951555	0.000360663621063	8.29111772558e-05	0.000708890565537	0.00323353591298	0.00809213090017	0.000800092860519	0.00209350722571	0.013866894396	4.14555886279e-06	0.000924459626402	0.0007130361244	0.0645131870227	0.00934408967673	0.0135311041281	0	0.000406264768553	0.00155043901468	0.00572501678951	0.000298480238121	0.000360663621063	5.38922652163e-05	0	0.00274850552603	4.14555886279e-06	8.29111772558e-06	0.00032749915016	3.31644709023e-05	0.00628466723599	0.000132657883609	2.90189120395e-05	0.000613542711693	1.24366765884e-05	0.00010363897157	0	0.00160018572104	4.14555886279e-06	8.29111772558e-06	2.90189120395e-05	0.000675726094635	0.000663289418046	0.00187379260598	0.000389682533102	0.0111805722529	4.14555886279e-06	6.63289418046e-05	0.000373100297651	0.00651267297344	0.000530631534437	0.000406264768553	4.14555886279e-06	0	0.000339935826749	0.000215569060865	0.00433625457048	0.000306771355846	0.00593644029152	0.00143850892539	0.000240442414042	0.000161676795649	4.14555886279e-06	0.000298480238121	0.000165822354512	0.000190695707688	0.000157531236786	2.48733531767e-05	2.90189120395e-05	0
0.016072331711	0.000509903740123	0.00269875881968	0	0.000489175945809	0.000368954738788	0.00264486655446	0.0054928654932	0.00722156353898	0.00433625457048	0.00341594050294	0.0054140998748	0.00595302252697	0.000547213769888	0.0217476017942	0.000941041861853	0.000907877390951	0.00296822014576	0.000853985125735	0.00517365746076	0.00904146387975	0.00194426710665	0.000203132384277	0.00219300063842	0.00264486655446	4.14555886279e-06	0.00667434976909	0.000841548449146	0.00934408967673	0.0555131787316	0.020848015521	1.24366765884e-05	0.00259511984811	0.0037434396531	0.0194841266551	2.90189120395e-05	0.000480884828084	4.56011474907e-05	0	3.73100297651e-05	4.14555886279e-06	4.14555886279e-05	0.00147996451402	0.000116075648158	0.00395900871396	8.70567361186e-05	9.9493412707e-05	1.65822354512e-05	8.29111772558e-06	0.000111930089295	0	0.0023173674043	5.80378240791e-05	7.46200595302e-05	0.000261170208356	2.48733531767e-05	0.000389682533102	0.00149654674947	0.00043113812173	0.00422847004005	0.000111930089295	0.000331644709023	0.000588669358516	0.00283556226215	0.000169967913374	0.000265315767219	4.14555886279e-06	4.14555886279e-06	0	8.70567361186e-05	0.00573330790724	0.000771073948479	0.0124656955004	0.000754491713028	0.00116490204044	0.000190695707688	5.80378240791e-05	0.000812529537107	0.0003565180622	0.000377245856514	0.000165822354512	0.000136803442472	4.97467063535e-05	4.14555886279e-06
0.0178383397866	0.000397973650828	0.00491663281127	0	4.14555886279e-06	0.000211423502002	0.000406264768553	0.0078433973684	0.00633441394234	0.00417457777483	0.000111930089295	0.000174113472237	0.00020727794314	8.29111772558e-06	0.0150649609074	0.000982497450481	0.00140949001335	0.00533947981527	9.53478538442e-05	0.000957624097305	0.000257024649493	0.0182238767608	0.000596960476242	0.0121008863205	0.0049580883999	0	0.00469277263268	0.000418701445142	0.0135311041281	0.020848015521	0.0646955916127	8.29111772558e-06	0.000273606884944	0.00119392095248	0.0102022203613	0.000294334679258	0.000563796005339	3.73100297651e-05	0	9.12022949814e-05	4.14555886279e-06	5.38922652163e-05	0.00111100977523	0.000140949001335	0.00272363217285	0.000182404589963	0.000596960476242	4.14555886279e-05	2.90189120395e-05	0.000124366765884	0	0.00367296515243	5.80378240791e-05	0.00046015703377	0.000174113472237	4.56011474907e-05	0.00143850892539	0.00237540522838	0.00288945452736	0.00553846664069	2.90189120395e-05	0.00025287909063	0.000468448151495	0.00196499490096	0.000708890565537	0.000443574798319	8.29111772558e-06	2.48733531767e-05	0.000261170208356	0.000360663621063	0.00346983276816	0.000410410327416	0.00653754632662	0.00107369974546	0.00116490204044	3.73100297651e-05	0	0.00127683212974	0.000489175945809	0.00120221207021	0.000120221207021	0.000795947301656	0.000344081385612	0
0	8.29111772558e-06	0	0	0	0	0	0	0	0	0	0.000406264768553	0	0.00201474160732	0	0	0	4.14555886279e-06	0	4.14555886279e-06	4.14555886279e-06	4.14555886279e-06	0	4.14555886279e-06	0	0.000812529537107	0.00337863047317	0.00140949001335	0	1.24366765884e-05	8.29111772558e-06	0.00419116001028	8.29111772558e-06	0	1.24366765884e-05	4.14555886279e-06	6.21833829419e-05	0	0	4.14555886279e-06	0	1.24366765884e-05	8.29111772558e-06	0	0	1.65822354512e-05	0.000725472800988	1.24366765884e-05	0.000970060773893	1.65822354512e-05	0	2.48733531767e-05	1.24366765884e-05	0.000198986825414	1.24366765884e-05	1.24366765884e-05	8.29111772558e-06	5.38922652163e-05	8.29111772558e-06	2.48733531767e-05	0.000654998300321	0.000932750744128	0.000190695707688	1.65822354512e-05	1.65822354512e-05	0	0.000468448151495	4.14555886279e-06	0	4.14555886279e-05	8.29111772558e-06	0.000688162771223	4.56011474907e-05	0	0	0	4.14555886279e-06	1.24366765884e-05	0.00135145218927	1.24366765884e-05	4.14555886279e-06	0	0	3.31644709023e-05
