0.0136442134735	0	9.17325080067e-05	0	0	0	1.196510974e-05	0.00421969536831	0.00287960307743	9.572087792e-05	0.00063415081622	0.00046663927986	1.196510974e-05	0.00019144175584	0.00695571712885	0	1.196510974e-05	0.00107287150669	3.98836991333e-05	9.572087792e-05	3.589532922e-05	0.000331034702807	0	0.000295139373587	0.00147968523785	0	0.000793685612753	3.19069593067e-05	0.000889406490673	0.00537233427326	0.00498546239167	2.393021948e-05	0	9.97092478333e-05	0.000841546051713	1.196510974e-05	1.196510974e-05	0	0	0	0	0	1.59534796533e-05	0	0.000123639467313	0	0	0	0	1.59534796533e-05	0	0	0	0	0	0	3.589532922e-05	0	3.19069593067e-05	3.19069593067e-05	0	0	1.196510974e-05	0.000522476458647	0	0	0	0	0	0	0.000354964922287	0.00015554642662	0.000458662540033	0.00032305796298	0	0	3.98836991333e-06	0	0	0	0	0	0	0
0	0.011322982184	3.19069593067e-05	0	0	3.98836991333e-06	2.393021948e-05	1.59534796533e-05	1.196510974e-05	0.00246880097635	7.97673982667e-06	0.00040681373116	2.393021948e-05	0.00126032489261	3.98836991333e-06	8.77441380933e-05	0.000689987995007	0.00034698818246	3.98836991333e-06	0.000127627837227	0	3.19069593067e-05	0.00584296192303	0.00013161620714	0.00213776627355	0.00268018458176	0.000977150628767	0.00563157831763	6.38139186133e-05	4.38720690467e-05	0.000159534796533	0.000139592946967	0	1.59534796533e-05	0.000402825361247	0	0.00195430125753	2.393021948e-05	0	0	0	0	0	3.98836991333e-06	1.99418495667e-05	0	3.98836991333e-06	0	1.196510974e-05	3.98836991333e-06	0	1.196510974e-05	6.38139186133e-05	1.196510974e-05	3.98836991333e-06	0	4.786043896e-05	3.19069593067e-05	6.38139186133e-05	1.99418495667e-05	2.79185893933e-05	2.393021948e-05	0.00175089439195	7.97673982667e-06	7.97673982667e-06	7.97673982667e-06	0	0	0	7.97673982667e-06	0.000350976552373	0.00021537197532	0.000327046332893	5.58371787867e-05	1.196510974e-05	0	0.000366930032027	7.179065844e-05	3.589532922e-05	7.97673982667e-06	3.98836991333e-06	0	0	3.98836991333e-06
9.17325080067e-05	3.19069593067e-05	0.0473379625013	0	3.98836991333e-06	0.000123639467313	0.000725883324227	0.00920914612989	0.00414391633995	4.786043896e-05	0.00288359144734	0.000259244044367	1.59534796533e-05	4.38720690467e-05	0.00165118514412	9.97092478333e-05	0.000594267117087	0.00212580116381	7.97673982667e-05	0.00046663927986	1.196510974e-05	0.000725883324227	0.00016751153636	0.0142943177694	0.00052646482856	0	0.00557175276893	0.0136840971726	0.0037091840194	0.000434732320553	0.00046663927986	3.98836991333e-06	3.98836991333e-06	0.000295139373587	0.000733860064053	7.97673982667e-06	0.00132413881123	0.0114944820902	0	0	0	3.98836991333e-06	7.179065844e-05	0.000283174263847	5.58371787867e-05	1.196510974e-05	3.98836991333e-06	3.98836991333e-06	0	0.000327046332893	3.98836991333e-06	0.00033502307272	0.00330635865815	0.000123639467313	0.00056236015778	0	0.00070594147466	0.00318670756075	0.00746622847776	0.000163523166447	0	0.00317474245101	0.00457067192068	0.000410802101073	3.98836991333e-06	5.98255487e-05	0	0	0	0.000578313637433	0.00120448771383	0.000917325080067	0.00102899943764	0.000410802101073	1.196510974e-05	1.196510974e-05	0	0.00025126730454	7.179065844e-05	0.000570336897607	0.00025126730454	0	7.97673982667e-06	3.98836991333e-06
0	0	0	0	0	0	0	0	0	0	0	0	0	0	0	0	0	0	0	0	0	0	0	0	0	0	0	0	0	0	0	0	0	0	0	0	0	0	0	0	0	0	0	0	0	0	0	0	0	0	0	0	0	0	0	0	0	0	0	0	0	0	0	0	0	0	0	0	0	0	0	0	0	0	0	0	0	0	0	0	0	0	0	0
0	0	3.98836991333e-06	0	0.0187134316334	3.98836991333e-06	0.000135604577053	0.00128824348201	0.0001794766461	0.00284370774821	0.00202609191597	0.000151558056707	0.0013161620714	5.58371787867e-05	4.38720690467e-05	0.0001196510974	7.97673982667e-06	0	7.97673982667e-06	0.00010768598766	0.00367328869018	0	1.196510974e-05	3.98836991333e-06	0.0062816826135	0	1.99418495667e-05	0	0.00997491315325	1.99418495667e-05	0	3.98836991333e-06	0	0	4.38720690467e-05	0	0	3.98836991333e-06	0	0.0056834271265	0	0.000901371600413	3.98836991333e-05	7.97673982667e-06	0.00162725492464	0.000598255487	0	0.00180673157074	0	3.98836991333e-06	1.99418495667e-05	3.98836991333e-06	0	0	0	0.00447096267285	7.97673982667e-06	3.98836991333e-06	3.98836991333e-06	0.00475014856678	0	3.98836991333e-06	0	0.00263631251271	0	0	0	0	0	2.393021948e-05	3.589532922e-05	3.98836991333e-06	0.000279185893933	5.18488088733e-05	2.79185893933e-05	0	0	2.79185893933e-05	0	3.98836991333e-05	1.196510974e-05	1.59534796533e-05	0	0
0	3.98836991333e-06	0.000123639467313	0	3.98836991333e-06	0.0102580874171	0.00656884524726	0.00130818533157	0.00540424123257	7.97673982667e-06	0.00305907972353	0.00022733708506	0.000662069405613	0.000243290564713	5.98255487e-05	0.00224545226121	0	1.196510974e-05	0	1.196510974e-05	0.000255255674453	3.98836991333e-06	7.97673982667e-06	0.0001196510974	3.98836991333e-05	0	7.97673982667e-05	7.97673982667e-06	0.000342999812547	0.000438720690467	0	5.98255487e-05	0.00183465016013	0	0.000390860251507	0	1.196510974e-05	0	0	0	0	3.98836991333e-06	7.97673982667e-06	0	3.98836991333e-06	0	0	0	1.196510974e-05	3.98836991333e-05	0	0	0	0	0	3.98836991333e-06	7.97673982667e-06	0	7.97673982667e-06	2.393021948e-05	0	0	1.99418495667e-05	6.78022885267e-05	2.79185893933e-05	0	0	0	0	3.19069593067e-05	0.000650104295873	2.393021948e-05	0.00028716263376	0.000211383605407	0.00160332470516	0.00129622022183	0	0	0	3.98836991333e-06	0	0	0	0
1.196510974e-05	2.393021948e-05	0.000725883324227	0	0.000135604577053	0.00656884524726	0.0342162254865	0.00653693828795	0.0173653626027	0.00028716263376	0.0153193288371	0.00014358131688	0.00733461227062	0.000231325454973	0.000929290189807	0.00317474245101	3.589532922e-05	4.786043896e-05	3.98836991333e-06	9.572087792e-05	0.00121645282357	9.97092478333e-05	3.98836991333e-05	0.00062218570648	0.000590278747173	0	0.000175488276187	5.58371787867e-05	0.0019144175584	0.00084952279154	7.97673982667e-06	3.98836991333e-05	0.0006580810357	7.97673982667e-06	0.000207395235493	3.98836991333e-06	3.589532922e-05	3.98836991333e-06	0	1.196510974e-05	0	3.19069593067e-05	1.99418495667e-05	3.98836991333e-06	2.393021948e-05	3.98836991333e-06	0	1.196510974e-05	3.19069593067e-05	0.00014358131688	0	3.98836991333e-06	7.97673982667e-06	0	0	4.786043896e-05	0.00013161620714	7.97673982667e-06	3.19069593067e-05	0.000111674357573	0	7.97673982667e-06	4.38720690467e-05	0.000350976552373	7.179065844e-05	0	0	3.98836991333e-06	0	0.000103697617747	0.000781720503013	5.58371787867e-05	0.00117258075452	0.000506522978993	0.00120847608374	0.00109680172617	3.98836991333e-06	0	7.97673982667e-06	4.786043896e-05	1.99418495667e-05	1.59534796533e-05	7.97673982667e-06	7.97673982667e-06
0.00421969536831	1.59534796533e-05	0.00920914612989	0	0.00128824348201	0.00130818533157	0.00653693828795	0.0826470013441	0.0160292586817	0.00147569686793	0.0254138930878	0.0031109285324	0.00076576702336	0.000279185893933	0.0134447949778	0.00100905758807	9.572087792e-05	0.00128824348201	0.000845534421627	0.00267619621185	0.0004786043896	0.00433535809579	4.786043896e-05	0.0070594147466	0.00216967323285	3.98836991333e-06	0.00370519564949	0.00046663927986	0.0322260288997	0.00636145001177	0.0110198660705	5.18488088733e-05	1.99418495667e-05	0.00157540611577	0.00621388032497	0.00013161620714	0.000123639467313	0.000115662727487	0	0.00300324254474	2.393021948e-05	0.000833569311887	0.00124437141296	0.000307104483327	0.00160332470516	0.000199418495667	8.77441380933e-05	0.00121645282357	9.17325080067e-05	0.000961197149113	2.393021948e-05	3.589532922e-05	3.98836991333e-05	3.98836991333e-05	2.393021948e-05	0.00261238229323	0.000482592759513	4.786043896e-05	0.000171499906273	0.00676427537301	0	8.375576818e-05	0.000271209154107	0.00700756593773	0.00062218570648	1.59534796533e-05	1.99418495667e-05	7.97673982667e-06	9.572087792e-05	0.000662069405613	0.00295139373587	0.000506522978993	0.00635746164185	0.00289156818717	0.000135604577053	0.00010768598766	0	1.99418495667e-05	1.99418495667e-05	0.000175488276187	7.179065844e-05	7.97673982667e-05	1.196510974e-05	2.393021948e-05
0.00287960307743	1.196510974e-05	0.00414391633995	0	0.0001794766461	0.00540424123257	0.0173653626027	0.0160292586817	0.0494278683359	0.00015554642662	0.0171818975866	0.00175488276187	0.00393253273455	0.00188251059909	0.0143780735376	0.0013759876201	2.393021948e-05	0.000303116113413	0.000163523166447	0.000319069593067	0.00156344100603	0.000558371787867	2.393021948e-05	0.00171898743265	0.00112073194565	0	0.00106888313677	0.000219360345233	0.00385276533628	0.00417981166917	0.00087345301102	0.000187453385927	0.00164719677421	0.000303116113413	0.00128425511209	3.98836991333e-06	7.179065844e-05	3.98836991333e-06	0	3.19069593067e-05	0	7.97673982667e-06	0.000111674357573	5.18488088733e-05	4.786043896e-05	3.19069593067e-05	3.98836991333e-06	7.97673982667e-06	1.59534796533e-05	0.000243290564713	0	0	2.79185893933e-05	3.98836991333e-06	0	3.19069593067e-05	0.000362941662113	3.98836991333e-06	0.000171499906273	9.97092478333e-05	0	2.79185893933e-05	8.77441380933e-05	0.000953220409287	0.0001196510974	7.97673982667e-06	0	0	1.99418495667e-05	0.00015554642662	0.00162326655473	0.000235313824887	0.00292347514647	0.000781720503013	0.00153552241663	0.00105292965712	3.98836991333e-06	7.97673982667e-06	3.19069593067e-05	7.179065844e-05	5.18488088733e-05	1.99418495667e-05	0	1.99418495667e-05
9.572087792e-05	0.00246880097635	4.786043896e-05	0	0.00284370774821	7.97673982667e-06	0.00028716263376	0.00147569686793	0.00015554642662	0.0378456421076	0.000709929844573	0.000267220784193	0.00166315025386	0.000737848433967	6.38139186133e-05	0.00158737122551	0.00279584730925	1.59534796533e-05	1.196510974e-05	3.19069593067e-05	0.000474616019687	9.97092478333e-05	0.00528060176525	0.00010768598766	0.0277111941578	0.00153552241663	0.00055039504804	0.00101304595799	0.00916128569093	0.000199418495667	0.00031109285324	0.000115662727487	0	1.196510974e-05	0.000139592946967	0.0019144175584	0.0003589532922	5.58371787867e-05	0	0.00358155618217	1.196510974e-05	0.00061022059674	0.000342999812547	0.000295139373587	0.0210825233619	4.38720690467e-05	8.375576818e-05	0.0008973832305	9.97092478333e-05	0.00176684787161	0.000187453385927	0.0003589532922	0.0001794766461	5.18488088733e-05	9.17325080067e-05	0.00257648696401	0.000458662540033	0.0008375576818	0.000350976552373	0.0168947349529	3.98836991333e-06	0.0001196510974	0.00052646482856	0.0100586689214	0.00321861452006	0.000570336897607	5.98255487e-05	3.98836991333e-06	0.00121246445365	0.00180673157074	0.000590278747173	0.000151558056707	8.375576818e-05	1.99418495667e-05	0.00070594147466	0	0.000211383605407	0.00141587131923	0.00022733708506	0.00157141774585	0.000973162258853	0.00055039504804	7.97673982667e-05	0
0.00063415081622	7.97673982667e-06	0.00288359144734	0	0.00202609191597	0.00305907972353	0.0153193288371	0.0254138930878	0.0171818975866	0.000709929844573	0.0576439103574	0.00357756781226	0.00652896154813	0.0007179065844	0.00372912586897	0.000949232039373	1.59534796533e-05	6.38139186133e-05	0.000769755393273	0.00233718476921	0.00467835790834	0.000350976552373	7.97673982667e-06	0.00216967323285	0.000638139186133	0	0.00116061564478	0.00021537197532	0.0134248531283	0.00277590545968	5.58371787867e-05	0.000267220784193	6.38139186133e-05	4.38720690467e-05	0.00386074207611	0	5.18488088733e-05	1.99418495667e-05	0	0.0017349409123	0	0.000510511348907	3.98836991333e-06	1.99418495667e-05	0.000749813543707	0.000151558056707	0	0.00070594147466	4.38720690467e-05	0.000139592946967	0	0	1.99418495667e-05	0	0	0.00171499906273	0.00026323241428	3.98836991333e-06	5.98255487e-05	0.00172696417247	0	3.19069593067e-05	7.97673982667e-05	0.000701953104747	9.572087792e-05	7.97673982667e-06	0	1.196510974e-05	1.99418495667e-05	0.000159534796533	0.00130818533157	0.000151558056707	0.00645318251977	0.00239701031791	4.38720690467e-05	0.000183465016013	0	2.393021948e-05	7.97673982667e-06	0.000103697617747	1.99418495667e-05	1.196510974e-05	1.59534796533e-05	1.196510974e-05
0.00046663927986	0.00040681373116	0.000259244044367	0	0.000151558056707	0.00022733708506	0.00014358131688	0.0031109285324	0.00175488276187	0.000267220784193	0.00357756781226	0.0368286077797	0.00119252260409	0.00966780866992	0.00211383605407	3.19069593067e-05	9.97092478333e-05	0.000917325080067	0.00471026486765	0.0106250174491	0.00111674357573	0.000721894954313	0.000342999812547	0.00106888313677	0.000889406490673	0.00131217370149	0.00797673982667	0.00193435940797	0.00183465016013	0.00307902157309	0.000678022885267	0.0020340686558	0.000434732320553	0.00032305796298	0.00918122754049	3.98836991333e-06	9.572087792e-05	1.99418495667e-05	0	1.99418495667e-05	7.97673982667e-06	1.196510974e-05	4.38720690467e-05	1.99418495667e-05	3.589532922e-05	0	7.57790283533e-05	3.98836991333e-06	0.00113269705539	2.393021948e-05	0	3.98836991333e-06	4.38720690467e-05	3.98836991333e-06	3.98836991333e-06	7.97673982667e-06	0	5.98255487e-05	1.59534796533e-05	0.000171499906273	0.000295139373587	0.000494557869253	0.000809639092407	0.00032305796298	0	0	7.179065844e-05	0	0	0	0.00255654511445	0.00494956706245	0.0152475381787	0.000977150628767	0.000103697617747	2.393021948e-05	0.000937266929633	0.000159534796533	0.000295139373587	3.98836991333e-05	3.589532922e-05	0	0	3.98836991333e-06
1.196510974e-05	2.393021948e-05	1.59534796533e-05	0	0.0013161620714	0.000662069405613	0.00733461227062	0.00076576702336	0.00393253273455	0.00166315025386	0.00652896154813	0.00119252260409	0.0284171356325	0.00045467417012	0.000997092478333	0.00130818533157	1.99418495667e-05	7.97673982667e-06	0.000183465016013	0.0007777321331	0.00958405290174	0	7.57790283533e-05	7.97673982667e-06	0.00268417295167	1.196510974e-05	0.000327046332893	4.786043896e-05	0.000985127368593	0.000809639092407	1.196510974e-05	0.000111674357573	3.589532922e-05	0	0.000398836991333	0	1.196510974e-05	7.97673982667e-06	0	0.0003589532922	1.59534796533e-05	0.00220556856207	1.196510974e-05	0.000247278934627	0.00027519752402	0.000462650909947	8.375576818e-05	0.00340606790599	0.000279185893933	0.000458662540033	7.97673982667e-06	0	3.98836991333e-06	7.97673982667e-06	0	0.00114067379521	3.98836991333e-06	0	2.393021948e-05	0.00028716263376	3.98836991333e-05	3.589532922e-05	0.000327046332893	0.00021537197532	0.00121246445365	0	3.98836991333e-06	0	0	0.00116061564478	0.000458662540033	5.98255487e-05	0.00210585931424	0.000123639467313	0.000674034515353	8.77441380933e-05	0	0.000494557869253	0.00022733708506	0.000558371787867	0.0001196510974	1.59534796533e-05	4.786043896e-05	3.589532922e-05
0.00019144175584	0.00126032489261	4.38720690467e-05	0	5.58371787867e-05	0.000243290564713	0.000231325454973	0.000279185893933	0.00188251059909	0.000737848433967	0.0007179065844	0.00966780866992	0.00045467417012	0.0234994755294	0.00166315025386	6.38139186133e-05	4.38720690467e-05	3.98836991333e-05	0.000231325454973	0.00038288351168	0.000378895141767	7.97673982667e-06	0.00104096454738	4.786043896e-05	0.000307104483327	0.00543614819187	0.00524071806612	0.00518488088733	0.000279185893933	0.00111674357573	0.000123639467313	0.00311491690231	0.000785708872927	0	0.0019144175584	0	6.38139186133e-05	0	0	1.196510974e-05	0	1.59534796533e-05	1.59534796533e-05	2.393021948e-05	0	2.393021948e-05	0.000422767210813	7.97673982667e-06	0.00209788257441	1.196510974e-05	0	0	0	3.98836991333e-06	0	7.97673982667e-06	3.98836991333e-06	0	2.79185893933e-05	1.59534796533e-05	0.000678022885267	0.000123639467313	0.000462650909947	9.572087792e-05	0	0	0.000139592946967	1.196510974e-05	0	2.79185893933e-05	0.000386871881593	0.00232123128956	0.00437125342501	0.000494557869253	1.196510974e-05	0.000546406678127	0.00171101069282	0	0.00110477846599	5.18488088733e-05	4.786043896e-05	0	1.196510974e-05	3.589532922e-05
0.00695571712885	3.98836991333e-06	0.00165118514412	0	4.38720690467e-05	5.98255487e-05	0.000929290189807	0.0134447949778	0.0143780735376	6.38139186133e-05	0.00372912586897	0.00211383605407	0.000997092478333	0.00166315025386	0.0319069593067	0.000175488276187	1.196510974e-05	0.00131217370149	0.00019144175584	0.000350976552373	0.000450685800207	0.000546406678127	1.59534796533e-05	0.00068201125518	0.00122044119348	0	0.00303913787396	0.000211383605407	0.00224146389129	0.00697964734833	0.00390461414515	0.00020340686558	0.000446697430293	0.000354964922287	0.00163124329455	0	1.99418495667e-05	3.98836991333e-06	0	3.98836991333e-06	0	3.98836991333e-06	6.38139186133e-05	7.97673982667e-06	4.786043896e-05	0	0	3.98836991333e-06	0	1.59534796533e-05	0	0	3.98836991333e-06	0	3.98836991333e-06	3.98836991333e-06	0.000139592946967	3.98836991333e-06	0.000135604577053	2.393021948e-05	0	7.97673982667e-06	3.19069593067e-05	0.000279185893933	0	3.98836991333e-06	0	0	0	0	0.00072987169414	0.000243290564713	0.00182667342031	0.000378895141767	0.000279185893933	9.97092478333e-05	7.97673982667e-06	3.98836991333e-06	0	0	0	3.98836991333e-06	0	0
0	8.77441380933e-05	9.97092478333e-05	0	0.0001196510974	0.00224545226121	0.00317474245101	0.00100905758807	0.0013759876201	0.00158737122551	0.000949232039373	3.19069593067e-05	0.00130818533157	6.38139186133e-05	0.000175488276187	0.00828783267991	0.000115662727487	0	0	3.98836991333e-06	1.99418495667e-05	4.38720690467e-05	0.000195430125753	0.000111674357573	0.00109281335625	1.196510974e-05	5.18488088733e-05	7.179065844e-05	0.000486581129427	0.000147569686793	0	1.196510974e-05	0.000163523166447	0	2.393021948e-05	0	1.99418495667e-05	0	0	0.00016751153636	0	2.393021948e-05	3.98836991333e-06	0	0.000151558056707	0	0	4.38720690467e-05	0	0	0	3.98836991333e-06	0	0	0	0.000171499906273	7.97673982667e-06	3.98836991333e-06	0	0.00028716263376	0	0	1.99418495667e-05	0.000207395235493	0	0	0	0	0	0	0.000566348527693	3.98836991333e-06	0.000115662727487	6.78022885267e-05	0.00253660326488	0.000111674357573	0	0	0	0	0	0	0	0
1.196510974e-05	0.000689987995007	0.000594267117087	0	7.97673982667e-06	0	3.589532922e-05	9.572087792e-05	2.393021948e-05	0.00279584730925	1.59534796533e-05	9.97092478333e-05	1.99418495667e-05	4.38720690467e-05	1.196510974e-05	0.000115662727487	0.0302119020935	0.00010768598766	3.589532922e-05	0.000147569686793	0	0.00425160232761	0.010493401242	0.00656086850743	0.0103418431853	1.196510974e-05	0.000518488088733	0.00492962521288	0.00219759182225	0.000123639467313	0.000414790470987	1.196510974e-05	0	5.58371787867e-05	0.000534441568387	0	0.00019144175584	0.000231325454973	0	3.98836991333e-06	0	0	1.59534796533e-05	2.393021948e-05	0.00272405665081	0	3.98836991333e-06	0	0	2.79185893933e-05	1.196510974e-05	0.00827586757017	2.79185893933e-05	3.98836991333e-06	0	0	0.00383681185663	0.0131656090839	0.00611815944705	0.000578313637433	0	3.98836991333e-05	0.000458662540033	0.00402027687264	0.0001794766461	0.00025126730454	0	0	0.000211383605407	0.00022733708506	0.00174690602204	0.000650104295873	0.000331034702807	8.375576818e-05	5.98255487e-05	0	3.98836991333e-06	0.00046663927986	0.000207395235493	6.78022885267e-05	4.786043896e-05	0	1.59534796533e-05	0
0.00107287150669	0.00034698818246	0.00212580116381	0	0	1.196510974e-05	4.786043896e-05	0.00128824348201	0.000303116113413	1.59534796533e-05	6.38139186133e-05	0.000917325080067	7.97673982667e-06	3.98836991333e-05	0.00131217370149	0	0.00010768598766	0.0270690666018	0.000319069593067	0.00689589158015	7.97673982667e-06	0.0015554642662	8.375576818e-05	0.00537632264317	0.000127627837227	3.98836991333e-06	0.00553585743971	0.00374109097871	0.00120847608374	0.00092131344998	0.00483390433496	1.99418495667e-05	0	0.000147569686793	0.00489771825357	0	0.00055039504804	0.00068201125518	0	0	0	0	0	3.98836991333e-06	3.589532922e-05	0	3.98836991333e-06	0	3.98836991333e-05	1.99418495667e-05	0	2.393021948e-05	0.000797673982667	0.000350976552373	7.97673982667e-05	0	1.196510974e-05	7.57790283533e-05	0.000111674357573	3.589532922e-05	3.98836991333e-06	0.00279983567916	0.00094524366946	8.77441380933e-05	0	0	0	0	0	1.59534796533e-05	0.00055039504804	0.00256851022419	0.00303514950405	0.000546406678127	7.97673982667e-06	1.196510974e-05	3.98836991333e-06	7.97673982667e-06	3.98836991333e-06	7.179065844e-05	7.97673982667e-05	0	0	0
3.98836991333e-05	3.98836991333e-06	7.97673982667e-05	0	7.97673982667e-06	0	3.98836991333e-06	0.000845534421627	0.000163523166447	1.196510974e-05	0.000769755393273	0.00471026486765	0.000183465016013	0.000231325454973	0.00019144175584	0	3.589532922e-05	0.000319069593067	0.00740241455915	0.00381687000706	0.000187453385927	0.000139592946967	1.59534796533e-05	0.000303116113413	0.000159534796533	1.196510974e-05	0.00232123128956	0.000159534796533	0.00045467417012	0.000530453198473	7.97673982667e-05	2.393021948e-05	0	0.000127627837227	0.00176285950169	3.98836991333e-06	0	0	0	7.97673982667e-06	0	3.98836991333e-06	7.97673982667e-06	3.98836991333e-06	3.98836991333e-06	0	0	3.98836991333e-06	1.59534796533e-05	7.97673982667e-06	0	0	0	7.97673982667e-06	0	3.98836991333e-06	0	2.79185893933e-05	3.98836991333e-06	1.196510974e-05	0	1.196510974e-05	7.57790283533e-05	5.58371787867e-05	0	0	0	0	0	3.98836991333e-06	0.00124835978287	0.00103697617747	0.00341803301573	0.000103697617747	5.18488088733e-05	0	0	9.572087792e-05	3.98836991333e-06	7.97673982667e-06	7.97673982667e-06	0	0	0
9.572087792e-05	0.000127627837227	0.00046663927986	0	0.00010768598766	1.196510974e-05	9.572087792e-05	0.00267619621185	0.000319069593067	3.19069593067e-05	0.00233718476921	0.0106250174491	0.0007777321331	0.00038288351168	0.000350976552373	3.98836991333e-06	0.000147569686793	0.00689589158015	0.00381687000706	0.0280502056005	0.000630162446307	0.00139194109975	0.000135604577053	0.0020340686558	0.000642127556047	5.18488088733e-05	0.0072388913927	0.00218562671251	0.00155147589629	0.0018545920097	0.00214175464346	0.000135604577053	3.98836991333e-06	0.000307104483327	0.00806847233467	3.98836991333e-06	0.000295139373587	7.57790283533e-05	0	1.99418495667e-05	7.97673982667e-06	1.196510974e-05	2.79185893933e-05	1.59534796533e-05	1.59534796533e-05	3.98836991333e-06	3.98836991333e-06	3.98836991333e-06	9.17325080067e-05	4.786043896e-05	0	7.97673982667e-06	0.000159534796533	0.000474616019687	3.589532922e-05	1.196510974e-05	7.97673982667e-06	0.00013161620714	4.786043896e-05	0.000147569686793	1.59534796533e-05	0.00120847608374	0.000841546051713	0.000283174263847	0	0	3.98836991333e-06	0	0	1.196510974e-05	0.00348184693434	0.00309896342266	0.0129502371086	0.00115263890495	0.000195430125753	3.98836991333e-06	2.79185893933e-05	0.000255255674453	1.196510974e-05	0.00015554642662	0.000163523166447	0	0	3.98836991333e-06
3.589532922e-05	0	1.196510974e-05	0	0.00367328869018	0.000255255674453	0.00121645282357	0.0004786043896	0.00156344100603	0.000474616019687	0.00467835790834	0.00111674357573	0.00958405290174	0.000378895141767	0.000450685800207	1.99418495667e-05	0	7.97673982667e-06	0.000187453385927	0.000630162446307	0.0161249795596	3.98836991333e-06	0	1.59534796533e-05	0.00183465016013	0	0.000319069593067	2.79185893933e-05	0.00145575501837	0.000235313824887	0	8.375576818e-05	1.196510974e-05	0	0.0004786043896	0	1.196510974e-05	0	0	0.000470627649773	0	7.97673982667e-05	7.97673982667e-06	0	0.000291151003673	4.786043896e-05	0	0.00032305796298	0	0	0	0	0	0	0	0.000506522978993	0	0	0	0.00045467417012	0	0	1.196510974e-05	0.00019144175584	0	0	0	0	0	0	0.000259244044367	5.98255487e-05	0.00177482461143	0.00022733708506	9.572087792e-05	5.18488088733e-05	0	0	0	0	0	3.98836991333e-06	0	0
0.000331034702807	3.19069593067e-05	0.000725883324227	0	0	3.98836991333e-06	9.97092478333e-05	0.00433535809579	0.000558371787867	9.97092478333e-05	0.000350976552373	0.000721894954313	0	7.97673982667e-06	0.000546406678127	4.38720690467e-05	0.00425160232761	0.0015554642662	0.000139592946967	0.00139194109975	3.98836991333e-06	0.0406095824576	0.00116061564478	0.0142464573304	0.00081362746232	0	0.000829580941973	0.000327046332893	0.0158936541046	0.000757790283533	0.0130300045069	1.196510974e-05	0	0.00063415081622	0.00734657738036	0	0.000199418495667	9.97092478333e-05	0	3.98836991333e-06	0	1.59534796533e-05	0	3.98836991333e-06	4.38720690467e-05	3.98836991333e-06	3.98836991333e-06	1.99418495667e-05	3.98836991333e-06	2.79185893933e-05	3.98836991333e-06	0.00166713862377	6.38139186133e-05	7.97673982667e-06	1.196510974e-05	0	0.00269613806141	0.00437524179493	0.00420374188865	0.000171499906273	0	3.98836991333e-05	0.000426755580727	0.000123639467313	3.589532922e-05	0.000295139373587	0	0	1.59534796533e-05	3.98836991333e-05	0.00392455599472	0.00076576702336	0.00504528794037	0.00144777827854	0.000147569686793	0	0	0.00025126730454	0.00013161620714	0.000339011442633	0.000354964922287	0	3.98836991333e-06	0
0	0.00584296192303	0.00016751153636	0	1.196510974e-05	7.97673982667e-06	3.98836991333e-05	4.786043896e-05	2.393021948e-05	0.00528060176525	7.97673982667e-06	0.000342999812547	7.57790283533e-05	0.00104096454738	1.59534796533e-05	0.000195430125753	0.010493401242	8.375576818e-05	1.59534796533e-05	0.000135604577053	0	0.00116061564478	0.0260400671641	0.00201412680623	0.00718305421391	0.00211782442398	0.000905359970327	0.00765368186369	8.375576818e-05	5.18488088733e-05	0.000374906771853	0.000127627837227	0	2.393021948e-05	0.00026323241428	1.99418495667e-05	0.000937266929633	5.18488088733e-05	0	1.196510974e-05	0	0	0	0	0.000985127368593	0	0	0	3.98836991333e-06	1.99418495667e-05	0	0.00425160232761	9.17325080067e-05	3.98836991333e-06	1.196510974e-05	0	0.000857499531367	0.00902568111387	0.00186256874953	0.000566348527693	3.98836991333e-06	3.589532922e-05	0.00303913787396	0.000678022885267	3.98836991333e-06	0.000139592946967	0	0	0	2.393021948e-05	0.00120847608374	0.00070594147466	0.00014358131688	4.38720690467e-05	3.589532922e-05	0	0.000339011442633	0.00022733708506	0.00013161620714	3.589532922e-05	1.99418495667e-05	0	0	0
0.000295139373587	0.00013161620714	0.0142943177694	0	3.98836991333e-06	0.0001196510974	0.00062218570648	0.0070594147466	0.00171898743265	0.00010768598766	0.00216967323285	0.00106888313677	7.97673982667e-06	4.786043896e-05	0.00068201125518	0.000111674357573	0.00656086850743	0.00537632264317	0.000303116113413	0.0020340686558	1.59534796533e-05	0.0142464573304	0.00201412680623	0.0651260923148	0.000857499531367	7.97673982667e-06	0.00318271919084	0.00599850834965	0.00644121741003	0.00032305796298	0.00441512549406	7.97673982667e-06	7.97673982667e-06	4.786043896e-05	0.00415189307978	3.19069593067e-05	0.000566348527693	0.00222949878155	0	7.97673982667e-06	0	0.00019144175584	8.375576818e-05	0.000486581129427	9.17325080067e-05	3.589532922e-05	2.393021948e-05	0	1.59534796533e-05	0.000506522978993	1.196510974e-05	0.00626174076393	0.000211383605407	2.79185893933e-05	5.18488088733e-05	0	0.000761778653447	0.0122722142233	0.0146532710616	0.0003589532922	0	0.000175488276187	0.00272804502072	0.00051449971882	6.38139186133e-05	0.000195430125753	0	0	3.98836991333e-06	0.000223348715147	0.00669647308449	0.00225342900103	0.00362542825122	0.00240897542765	0.000159534796533	1.59534796533e-05	1.59534796533e-05	0.000422767210813	0.00016751153636	0.000426755580727	0.000255255674453	1.59534796533e-05	1.196510974e-05	1.196510974e-05
0.00147968523785	0.00213776627355	0.00052646482856	0	0.0062816826135	3.98836991333e-05	0.000590278747173	0.00216967323285	0.00112073194565	0.0277111941578	0.000638139186133	0.000889406490673	0.00268417295167	0.000307104483327	0.00122044119348	0.00109281335625	0.0103418431853	0.000127627837227	0.000159534796533	0.000642127556047	0.00183465016013	0.00081362746232	0.00718305421391	0.000857499531367	0.0666656031014	0.00034698818246	0.000606232226827	0.00185060363979	0.0189926175273	0.00351774226356	0.00236909172852	4.786043896e-05	0	0.000985127368593	0.0016152898149	0.00172696417247	0.00044270906038	0.000243290564713	0	0.00234117313913	1.196510974e-05	0.00063415081622	0.00038288351168	0.000446697430293	0.0196546869329	6.78022885267e-05	0.00010768598766	0.00061022059674	0.0001196510974	0.00165916188395	0.000163523166447	0.000618197336567	0.000195430125753	7.57790283533e-05	0.000103697617747	0.00171898743265	0.0028716263376	0.00277989382959	0.000614208966653	0.0141866317817	3.19069593067e-05	0.000135604577053	0.000737848433967	0.0166713862377	0.00352571900339	0.0007179065844	5.98255487e-05	3.98836991333e-06	0.00147170849802	0.00201013843632	0.00230128943999	0.00034698818246	0.00152355730689	0.000470627649773	0.00038288351168	7.97673982667e-06	2.79185893933e-05	0.00190245244866	0.000342999812547	0.00162725492464	0.000925301819893	0.00052646482856	0.000163523166447	7.97673982667e-06
0	0.00268018458176	0	0	0	0	0	3.98836991333e-06	0	0.00153552241663	0	0.00131217370149	1.196510974e-05	0.00543614819187	0	1.196510974e-05	1.196510974e-05	3.98836991333e-06	1.196510974e-05	5.18488088733e-05	0	0	0.00211782442398	7.97673982667e-06	0.00034698818246	0.0106968081076	0.00067004614544	0.00234516150904	7.97673982667e-06	0	0	0.000235313824887	0	0	1.59534796533e-05	0	7.179065844e-05	0	0	0	0	7.97673982667e-06	0	0	1.99418495667e-05	0	0.0006580810357	7.97673982667e-06	0.00137997599001	0	0	0	0	7.97673982667e-06	1.196510974e-05	0	0	2.393021948e-05	0	3.98836991333e-06	0.00105691802703	7.97673982667e-06	0.00034698818246	0	3.98836991333e-06	0	0	0	0	1.59534796533e-05	4.786043896e-05	0.0002991277435	0.000279185893933	0	0	0	0.000961197149113	3.98836991333e-06	0.00160731307507	3.98836991333e-06	0	0	0	6.38139186133e-05
0.000793685612753	0.000977150628767	0.00557175276893	0	1.99418495667e-05	7.97673982667e-05	0.000175488276187	0.00370519564949	0.00106888313677	0.00055039504804	0.00116061564478	0.00797673982667	0.000327046332893	0.00524071806612	0.00303913787396	5.18488088733e-05	0.000518488088733	0.00553585743971	0.00232123128956	0.0072388913927	0.000319069593067	0.000829580941973	0.000905359970327	0.00318271919084	0.000606232226827	0.00067004614544	0.0798551424047	0.0208990583459	0.00078969724284	0.000749813543707	0.00175488276187	0.00500141587132	0.000103697617747	1.59534796533e-05	0.00185060363979	1.99418495667e-05	0.0141587131923	0.000833569311887	0	7.97673982667e-06	3.98836991333e-06	7.97673982667e-05	0	1.59534796533e-05	0.000235313824887	5.58371787867e-05	0.000291151003673	6.78022885267e-05	0.00624578728428	7.57790283533e-05	0	0.000295139373587	0.000845534421627	0.00074183680388	0.00120847608374	1.59534796533e-05	1.196510974e-05	0.000697964734833	6.38139186133e-05	0.00033502307272	0.00472222997739	0.0122084003047	0.0236829405454	0.000199418495667	9.97092478333e-05	0	0.00033502307272	3.98836991333e-06	3.98836991333e-06	0.00020340686558	0.00522875295638	0.00756194935568	0.00376103282827	0.00034698818246	0.00020340686558	3.98836991333e-05	5.18488088733e-05	0.000474616019687	0.000410802101073	0.000283174263847	0.000151558056707	3.98836991333e-06	0	2.79185893933e-05
3.19069593067e-05	0.00563157831763	0.0136840971726	0	0	7.97673982667e-06	5.58371787867e-05	0.00046663927986	0.000219360345233	0.00101304595799	0.00021537197532	0.00193435940797	4.786043896e-05	0.00518488088733	0.000211383605407	7.179065844e-05	0.00492962521288	0.00374109097871	0.000159534796533	0.00218562671251	2.79185893933e-05	0.000327046332893	0.00765368186369	0.00599850834965	0.00185060363979	0.00234516150904	0.0208990583459	0.0915889266898	0.000438720690467	0.000255255674453	0.000438720690467	0.00145176664845	1.99418495667e-05	4.786043896e-05	0.00127229000235	7.97673982667e-05	0.0213856394753	0.00514898555811	0	7.97673982667e-06	0	0.000175488276187	4.38720690467e-05	0.000111674357573	0.000319069593067	7.97673982667e-05	0.0001196510974	8.375576818e-05	0.0039484862142	0.000171499906273	3.98836991333e-06	0.00298728906509	0.00122841793331	6.78022885267e-05	0.000159534796533	1.99418495667e-05	6.78022885267e-05	0.0107606220262	0.00536435753343	0.000522476458647	0.00736253086001	0.00153552241663	0.0360867709758	0.00033502307272	0.00016751153636	7.97673982667e-06	8.77441380933e-05	3.98836991333e-06	3.98836991333e-06	0.000594267117087	0.0061022059674	0.00348583530425	0.00201811517615	0.00056236015778	0.00020340686558	3.98836991333e-05	4.786043896e-05	0.000689987995007	0.00038288351168	0.0006580810357	0.000231325454973	1.196510974e-05	7.97673982667e-06	2.393021948e-05
0.000889406490673	6.38139186133e-05	0.0037091840194	0	0.00997491315325	0.000342999812547	0.0019144175584	0.0322260288997	0.00385276533628	0.00916128569093	0.0134248531283	0.00183465016013	0.000985127368593	0.000279185893933	0.00224146389129	0.000486581129427	0.00219759182225	0.00120847608374	0.00045467417012	0.00155147589629	0.00145575501837	0.0158936541046	8.375576818e-05	0.00644121741003	0.0189926175273	7.97673982667e-06	0.00078969724284	0.000438720690467	0.0919797869413	0.00212181279389	0.00907354155283	8.375576818e-05	0	0.00064611592596	0.00662867079596	0.000598255487	0.0002393021948	0.00014358131688	0	0.00790494916823	2.393021948e-05	0.00139194109975	0.00173892928221	0.00052646482856	0.00794483286736	0.00025126730454	0.00010768598766	0.00197823147701	9.97092478333e-05	0.00144378990863	5.58371787867e-05	0.00016751153636	0.00014358131688	9.572087792e-05	5.18488088733e-05	0.00644121741003	0.00370519564949	0.00157141774585	0.00140789457941	0.0160212819419	7.97673982667e-06	9.17325080067e-05	0.0006580810357	0.0195789079046	0.00163922003438	0.000689987995007	0	3.98836991333e-06	0.000697964734833	0.00150760382724	0.00492563684297	0.00064611592596	0.00695172875894	0.00299526580491	0.000231325454973	6.78022885267e-05	0	0.00088541812076	0.000279185893933	0.000821604202147	0.000558371787867	7.97673982667e-05	0.00016751153636	1.196510974e-05
0.00537233427326	4.38720690467e-05	0.000434732320553	0	1.99418495667e-05	0.000438720690467	0.00084952279154	0.00636145001177	0.00417981166917	0.000199418495667	0.00277590545968	0.00307902157309	0.000809639092407	0.00111674357573	0.00697964734833	0.000147569686793	0.000123639467313	0.00092131344998	0.000530453198473	0.0018545920097	0.000235313824887	0.000757790283533	5.18488088733e-05	0.00032305796298	0.00351774226356	0	0.000749813543707	0.000255255674453	0.00212181279389	0.0303913787396	0.00475812530661	0.000259244044367	0.000925301819893	0.00603041530896	0.00666855449509	0	7.97673982667e-05	1.196510974e-05	0	3.98836991333e-06	0	3.98836991333e-06	1.196510974e-05	3.98836991333e-06	0.000219360345233	0	0	3.98836991333e-06	0	2.79185893933e-05	0	0	0	0	0	3.98836991333e-06	3.589532922e-05	7.97673982667e-06	4.38720690467e-05	9.97092478333e-05	0	7.97673982667e-06	9.572087792e-05	0.000877441380933	3.98836991333e-06	3.98836991333e-06	0	0	0	3.98836991333e-06	0.001794766461	0.000546406678127	0.00315878897136	0.000354964922287	0.00130020859175	0.0001196510974	3.98836991333e-06	0	0	0	0	7.97673982667e-06	0	0
0.00498546239167	0.000159534796533	0.00046663927986	0	0	0	7.97673982667e-06	0.0110198660705	0.00087345301102	0.00031109285324	5.58371787867e-05	0.000678022885267	1.196510974e-05	0.000123639467313	0.00390461414515	0	0.000414790470987	0.00483390433496	7.97673982667e-05	0.00214175464346	0	0.0130300045069	0.000374906771853	0.00441512549406	0.00236909172852	0	0.00175488276187	0.000438720690467	0.00907354155283	0.00475812530661	0.0382644209485	0	0	0.000745825173793	0.00537632264317	3.589532922e-05	0.000127627837227	7.179065844e-05	0	0	0	0	0	0	0.000207395235493	0	0	0	0	3.98836991333e-05	0	5.18488088733e-05	0	0	0	0	0.000602243856913	7.179065844e-05	0.000725883324227	0.00015554642662	3.98836991333e-06	3.98836991333e-06	0.000139592946967	0.00061022059674	3.98836991333e-06	0.00016751153636	0	0	0	3.98836991333e-06	0.000977150628767	0.000534441568387	0.00224944063112	0.000291151003673	2.79185893933e-05	0	3.98836991333e-06	7.97673982667e-06	0	0	0	0	0	0
2.393021948e-05	0.000139592946967	3.98836991333e-06	0	3.98836991333e-06	5.98255487e-05	3.98836991333e-05	5.18488088733e-05	0.000187453385927	0.000115662727487	0.000267220784193	0.0020340686558	0.000111674357573	0.00311491690231	0.00020340686558	1.196510974e-05	1.196510974e-05	1.99418495667e-05	2.393021948e-05	0.000135604577053	8.375576818e-05	1.196510974e-05	0.000127627837227	7.97673982667e-06	4.786043896e-05	0.000235313824887	0.00500141587132	0.00145176664845	8.375576818e-05	0.000259244044367	0	0.00526065991569	8.77441380933e-05	0	0.000570336897607	0	3.19069593067e-05	0	0	0	0	0	0	3.98836991333e-06	3.98836991333e-06	0	9.97092478333e-05	0	0.00163124329455	3.98836991333e-06	0	0	0	0	0	0	0	0	0	7.97673982667e-06	0.00033502307272	0.000255255674453	0.000506522978993	1.99418495667e-05	0	0	0.0001794766461	0	0	0	0.00016751153636	0.000426755580727	0.000674034515353	7.97673982667e-06	3.98836991333e-06	3.98836991333e-06	2.79185893933e-05	3.98836991333e-06	0.000123639467313	0	0	0	0	0
0	0	3.98836991333e-06	0	0	0.00183465016013	0.0006580810357	1.99418495667e-05	0.00164719677421	0	6.38139186133e-05	0.000434732320553	3.589532922e-05	0.000785708872927	0.000446697430293	0.000163523166447	0	0	0	3.98836991333e-06	1.196510974e-05	0	0	7.97673982667e-06	0	0	0.000103697617747	1.99418495667e-05	0	0.000925301819893	0	8.77441380933e-05	0.00358554455209	0	0.000685999625093	0	7.97673982667e-06	0	0	0	0	3.98836991333e-06	3.98836991333e-06	0	0	3.98836991333e-06	0	0	0	3.98836991333e-06	0	0	3.98836991333e-06	0	0	0	0	0	3.98836991333e-06	0	0	0	7.97673982667e-06	3.19069593067e-05	0	0	0	0	0	3.98836991333e-06	0.000630162446307	2.393021948e-05	0.0004187788409	0.000195430125753	0.000833569311887	0.00096917388894	0	0	0	1.196510974e-05	1.196510974e-05	3.98836991333e-06	0	0
9.97092478333e-05	1.59534796533e-05	0.000295139373587	0	0	0	7.97673982667e-06	0.00157540611577	0.000303116113413	1.196510974e-05	4.38720690467e-05	0.00032305796298	0	0	0.000354964922287	0	5.58371787867e-05	0.000147569686793	0.000127627837227	0.000307104483327	0	0.00063415081622	2.393021948e-05	4.786043896e-05	0.000985127368593	0	1.59534796533e-05	4.786043896e-05	0.00064611592596	0.00603041530896	0.000745825173793	0	0	0.00670843819423	0.00196227799736	0	1.59534796533e-05	1.59534796533e-05	0	0	0	0	0	0	1.196510974e-05	0	0	0	0	0	0	3.98836991333e-06	0	0	0	0	3.98836991333e-06	1.196510974e-05	2.79185893933e-05	3.98836991333e-06	0	3.98836991333e-06	2.393021948e-05	2.393021948e-05	0	0	0	0	0	0	0.000255255674453	7.57790283533e-05	0.0007777321331	0.000187453385927	0	0	0	0	0	0	0	0	0	0
0.000841546051713	0.000402825361247	0.000733860064053	0	4.38720690467e-05	0.000390860251507	0.000207395235493	0.00621388032497	0.00128425511209	0.000139592946967	0.00386074207611	0.00918122754049	0.000398836991333	0.0019144175584	0.00163124329455	2.393021948e-05	0.000534441568387	0.00489771825357	0.00176285950169	0.00806847233467	0.0004786043896	0.00734657738036	0.00026323241428	0.00415189307978	0.0016152898149	1.59534796533e-05	0.00185060363979	0.00127229000235	0.00662867079596	0.00666855449509	0.00537632264317	0.000570336897607	0.000685999625093	0.00196227799736	0.0359631315085	0	0.000339011442633	0.000279185893933	0	3.98836991333e-05	3.98836991333e-06	1.59534796533e-05	3.19069593067e-05	1.59534796533e-05	0.000123639467313	2.79185893933e-05	0	7.97673982667e-06	0	6.78022885267e-05	0	6.38139186133e-05	0.000135604577053	0	0	3.98836991333e-05	0.00013161620714	8.375576818e-05	0.000211383605407	0.00016751153636	0	9.17325080067e-05	0.000482592759513	0.00027519752402	0	5.18488088733e-05	0	0	0	3.19069593067e-05	0.00119252260409	0.000666057775527	0.0203167563385	0.00252862652505	1.196510974e-05	0.000103697617747	1.99418495667e-05	1.99418495667e-05	3.98836991333e-06	0.000243290564713	0.000223348715147	0	0	1.59534796533e-05
1.196510974e-05	0	7.97673982667e-06	0	0	0	3.98836991333e-06	0.00013161620714	3.98836991333e-06	0.0019144175584	0	3.98836991333e-06	0	0	0	0	0	0	3.98836991333e-06	3.98836991333e-06	0	0	1.99418495667e-05	3.19069593067e-05	0.00172696417247	0	1.99418495667e-05	7.97673982667e-05	0.000598255487	0	3.589532922e-05	0	0	0	0	0.0178200367728	9.572087792e-05	0.00010768598766	0	0.00015554642662	0.00010768598766	0.00108084824651	0.00307902157309	0.00141587131923	0.0023331963993	0.00076576702336	0.00147968523785	0.000350976552373	9.17325080067e-05	0.0102899943764	9.97092478333e-05	2.393021948e-05	0.00267220784193	0.000941255299547	0.00205799887528	5.18488088733e-05	0.000817615832233	6.78022885267e-05	0.000534441568387	0.00305509135361	8.77441380933e-05	0.00262434740297	0.000462650909947	0.000809639092407	0.0079567979771	0.00511309022889	0	7.97673982667e-06	0.000606232226827	0.00316676571119	0	0	1.196510974e-05	3.98836991333e-06	0	0	0	0.000147569686793	8.375576818e-05	0.00139991783958	0.00022733708506	0.00016751153636	4.786043896e-05	7.97673982667e-06
