3421	0	23	0	0	0	3	1058	722	24	159	117	3	48	1744	0	3	269	10	24	9	83	0	74	371	0	199	8	223	1347	1250	6	0	25	211	3	3	0	0	0	0	0	4	0	31	0	0	0	0	4	0	0	0	0	0	0	9	0	8	8	0	0	3	131	0	0	0	0	0	0	89	39	115	81	0	0	1	0	0	0	0	0	0	0
0	2839	8	0	0	1	6	4	3	619	2	102	6	316	1	22	173	87	1	32	0	8	1465	33	536	672	245	1412	16	11	40	35	0	4	101	0	490	6	0	0	0	0	0	1	5	0	1	0	3	1	0	3	16	3	1	0	12	8	16	5	7	6	439	2	2	2	0	0	0	2	88	54	82	14	3	0	92	18	9	2	1	0	0	1
23	8	11869	0	1	31	182	2309	1039	12	723	65	4	11	414	25	149	533	20	117	3	182	42	3584	132	0	1397	3431	930	109	117	1	1	74	184	2	332	2882	0	0	0	1	18	71	14	3	1	1	0	82	1	84	829	31	141	0	177	799	1872	41	0	796	1146	103	1	15	0	0	0	145	302	230	258	103	3	3	0	63	18	143	63	0	2	1
0	0	0	0	0	0	0	0	0	0	0	0	0	0	0	0	0	0	0	0	0	0	0	0	0	0	0	0	0	0	0	0	0	0	0	0	0	0	0	0	0	0	0	0	0	0	0	0	0	0	0	0	0	0	0	0	0	0	0	0	0	0	0	0	0	0	0	0	0	0	0	0	0	0	0	0	0	0	0	0	0	0	0	0
0	0	1	0	4692	1	34	323	45	713	508	38	330	14	11	30	2	0	2	27	921	0	3	1	1575	0	5	0	2501	5	0	1	0	0	11	0	0	1	0	1425	0	226	10	2	408	150	0	453	0	1	5	1	0	0	0	1121	2	1	1	1191	0	1	0	661	0	0	0	0	0	6	9	1	70	13	7	0	0	7	0	10	3	4	0	0
0	1	31	0	1	2572	1647	328	1355	2	767	57	166	61	15	563	0	3	0	3	64	1	2	30	10	0	20	2	86	110	0	15	460	0	98	0	3	0	0	0	0	1	2	0	1	0	0	0	3	10	0	0	0	0	0	1	2	0	2	6	0	0	5	17	7	0	0	0	0	8	163	6	72	53	402	325	0	0	0	1	0	0	0	0
3	6	182	0	34	1647	8579	1639	4354	72	3841	36	1839	58	233	796	9	12	1	24	305	25	10	156	148	0	44	14	480	213	2	10	165	2	52	1	9	1	0	3	0	8	5	1	6	1	0	3	8	36	0	1	2	0	0	12	33	2	8	28	0	2	11	88	18	0	0	1	0	26	196	14	294	127	303	275	1	0	2	12	5	4	2	2
1058	4	2309	0	323	328	1639	20722	4019	370	6372	780	192	70	3371	253	24	323	212	671	120	1087	12	1770	544	1	929	117	8080	1595	2763	13	5	395	1558	33	31	29	0	753	6	209	312	77	402	50	22	305	23	241	6	9	10	10	6	655	121	12	43	1696	0	21	68	1757	156	4	5	2	24	166	740	127	1594	725	34	27	0	5	5	44	18	20	3	6
722	3	1039	0	45	1355	4354	4019	12393	39	4308	440	986	472	3605	345	6	76	41	80	392	140	6	431	281	0	268	55	966	1048	219	47	413	76	322	1	18	1	0	8	0	2	28	13	12	8	1	2	4	61	0	0	7	1	0	8	91	1	43	25	0	7	22	239	30	2	0	0	5	39	407	59	733	196	385	264	1	2	8	18	13	5	0	5
24	619	12	0	713	2	72	370	39	9489	178	67	417	185	16	398	701	4	3	8	119	25	1324	27	6948	385	138	254	2297	50	78	29	0	3	35	480	90	14	0	898	3	153	86	74	5286	11	21	225	25	443	47	90	45	13	23	646	115	210	88	4236	1	30	132	2522	807	143	15	1	304	453	148	38	21	5	177	0	53	355	57	394	244	138	20	0
159	2	723	0	508	767	3841	6372	4308	178	14453	897	1637	180	935	238	4	16	193	586	1173	88	2	544	160	0	291	54	3366	696	14	67	16	11	968	0	13	5	0	435	0	128	1	5	188	38	0	177	11	35	0	0	5	0	0	430	66	1	15	433	0	8	20	176	24	2	0	3	5	40	328	38	1618	601	11	46	0	6	2	26	5	3	4	3
117	102	65	0	38	57	36	780	440	67	897	9234	299	2424	530	8	25	230	1181	2664	280	181	86	268	223	329	2000	485	460	772	170	510	109	81	2302	1	24	5	0	5	2	3	11	5	9	0	19	1	284	6	0	1	11	1	1	2	0	15	4	43	74	124	203	81	0	0	18	0	0	0	641	1241	3823	245	26	6	235	40	74	10	9	0	0	1
3	6	4	0	330	166	1839	192	986	417	1637	299	7125	114	250	328	5	2	46	195	2403	0	19	2	673	3	82	12	247	203	3	28	9	0	100	0	3	2	0	90	4	553	3	62	69	116	21	854	70	115	2	0	1	2	0	286	1	0	6	72	10	9	82	54	304	0	1	0	0	291	115	15	528	31	169	22	0	124	57	140	30	4	12	9
48	316	11	0	14	61	58	70	472	185	180	2424	114	5892	417	16	11	10	58	96	95	2	261	12	77	1363	1314	1300	70	280	31	781	197	0	480	0	16	0	0	3	0	4	4	6	0	6	106	2	526	3	0	0	0	1	0	2	1	0	7	4	170	31	116	24	0	0	35	3	0	7	97	582	1096	124	3	137	429	0	277	13	12	0	3	9
1744	1	414	0	11	15	233	3371	3605	16	935	530	250	417	8000	44	3	329	48	88	113	137	4	171	306	0	762	53	562	1750	979	51	112	89	409	0	5	1	0	1	0	1	16	2	12	0	0	1	0	4	0	0	1	0	1	1	35	1	34	6	0	2	8	70	0	1	0	0	0	0	183	61	458	95	70	25	2	1	0	0	0	1	0	0
0	22	25	0	30	563	796	253	345	398	238	8	328	16	44	2078	29	0	0	1	5	11	49	28	274	3	13	18	122	37	0	3	41	0	6	0	5	0	0	42	0	6	1	0	38	0	0	11	0	0	0	1	0	0	0	43	2	1	0	72	0	0	5	52	0	0	0	0	0	0	142	1	29	17	636	28	0	0	0	0	0	0	0	0
3	173	149	0	2	0	9	24	6	701	4	25	5	11	3	29	7575	27	9	37	0	1066	2631	1645	2593	3	130	1236	551	31	104	3	0	14	134	0	48	58	0	1	0	0	4	6	683	0	1	0	0	7	3	2075	7	1	0	0	962	3301	1534	145	0	10	115	1008	45	63	0	0	53	57	438	163	83	21	15	0	1	117	52	17	12	0	4	0
269	87	533	0	0	3	12	323	76	4	16	230	2	10	329	0	27	6787	80	1729	2	390	21	1348	32	1	1388	938	303	231	1212	5	0	37	1228	0	138	171	0	0	0	0	0	1	9	0	1	0	10	5	0	6	200	88	20	0	3	19	28	9	1	702	237	22	0	0	0	0	0	4	138	644	761	137	2	3	1	2	1	18	20	0	0	0
10	1	20	0	2	0	1	212	41	3	193	1181	46	58	48	0	9	80	1856	957	47	35	4	76	40	3	582	40	114	133	20	6	0	32	442	1	0	0	0	2	0	1	2	1	1	0	0	1	4	2	0	0	0	2	0	1	0	7	1	3	0	3	19	14	0	0	0	0	0	1	313	260	857	26	13	0	0	24	1	2	2	0	0	0
24	32	117	0	27	3	24	671	80	8	586	2664	195	96	88	1	37	1729	957	7033	158	349	34	510	161	13	1815	548	389	465	537	34	1	77	2023	1	74	19	0	5	2	3	7	4	4	1	1	1	23	12	0	2	40	119	9	3	2	33	12	37	4	303	211	71	0	0	1	0	0	3	873	777	3247	289	49	1	7	64	3	39	41	0	0	1
9	0	3	0	921	64	305	120	392	119	1173	280	2403	95	113	5	0	2	47	158	4043	1	0	4	460	0	80	7	365	59	0	21	3	0	120	0	3	0	0	118	0	20	2	0	73	12	0	81	0	0	0	0	0	0	0	127	0	0	0	114	0	0	3	48	0	0	0	0	0	0	65	15	445	57	24	13	0	0	0	0	0	1	0	0
83	8	182	0	0	1	25	1087	140	25	88	181	0	2	137	11	1066	390	35	349	1	10182	291	3572	204	0	208	82	3985	190	3267	3	0	159	1842	0	50	25	0	1	0	4	0	1	11	1	1	5	1	7	1	418	16	2	3	0	676	1097	1054	43	0	10	107	31	9	74	0	0	4	10	984	192	1265	363	37	0	0	63	33	85	89	0	1	0
0	1465	42	0	3	2	10	12	6	1324	2	86	19	261	4	49	2631	21	4	34	0	291	6529	505	1801	531	227	1919	21	13	94	32	0	6	66	5	235	13	0	3	0	0	0	0	247	0	0	0	1	5	0	1066	23	1	3	0	215	2263	467	142	1	9	762	170	1	35	0	0	0	6	303	177	36	11	9	0	85	57	33	9	5	0	0	0
74	33	3584	0	1	30	156	1770	431	27	544	268	2	12	171	28	1645	1348	76	510	4	3572	505	16329	215	2	798	1504	1615	81	1107	2	2	12	1041	8	142	559	0	2	0	48	21	122	23	9	6	0	4	127	3	1570	53	7	13	0	191	3077	3674	90	0	44	684	129	16	49	0	0	1	56	1679	565	909	604	40	4	4	106	42	107	64	4	3	3
371	536	132	0	1575	10	148	544	281	6948	160	223	673	77	306	274	2593	32	40	161	460	204	1801	215	16715	87	152	464	4762	882	594	12	0	247	405	433	111	61	0	587	3	159	96	112	4928	17	27	153	30	416	41	155	49	19	26	431	720	697	154	3557	8	34	185	4180	884	180	15	1	369	504	577	87	382	118	96	2	7	477	86	408	232	132	41	2
0	672	0	0	0	0	0	1	0	385	0	329	3	1363	0	3	3	1	3	13	0	0	531	2	87	2682	168	588	2	0	0	59	0	0	4	0	18	0	0	0	0	2	0	0	5	0	165	2	346	0	0	0	0	2	3	0	0	6	0	1	265	2	87	0	1	0	0	0	0	4	12	75	70	0	0	0	241	1	403	1	0	0	0	16
199	245	1397	0	5	20	44	929	268	138	291	2000	82	1314	762	13	130	1388	582	1815	80	208	227	798	152	168	20022	5240	198	188	440	1254	26	4	464	5	3550	209	0	2	1	20	0	4	59	14	73	17	1566	19	0	74	212	186	303	4	3	175	16	84	1184	3061	5938	50	25	0	84	1	1	51	1311	1896	943	87	51	10	13	119	103	71	38	1	0	7
8	1412	3431	0	0	2	14	117	55	254	54	485	12	1300	53	18	1236	938	40	548	7	82	1919	1504	464	588	5240	22964	110	64	110	364	5	12	319	20	5362	1291	0	2	0	44	11	28	80	20	30	21	990	43	1	749	308	17	40	5	17	2698	1345	131	1846	385	9048	84	42	2	22	1	1	149	1530	874	506	141	51	10	12	173	96	165	58	3	2	6
223	16	930	0	2501	86	480	8080	966	2297	3366	460	247	70	562	122	551	303	114	389	365	3985	21	1615	4762	2	198	110	23062	532	2275	21	0	162	1662	150	60	36	0	1982	6	349	436	132	1992	63	27	496	25	362	14	42	36	24	13	1615	929	394	353	4017	2	23	165	4909	411	173	0	1	175	378	1235	162	1743	751	58	17	0	222	70	206	140	20	42	3
1347	11	109	0	5	110	213	1595	1048	50	696	772	203	280	1750	37	31	231	133	465	59	190	13	81	882	0	188	64	532	7620	1193	65	232	1512	1672	0	20	3	0	1	0	1	3	1	55	0	0	1	0	7	0	0	0	0	0	1	9	2	11	25	0	2	24	220	1	1	0	0	0	1	450	137	792	89	326	30	1	0	0	0	0	2	0	0
1250	40	117	0	0	0	2	2763	219	78	14	170	3	31	979	0	104	1212	20	537	0	3267	94	1107	594	0	440	110	2275	1193	9594	0	0	187	1348	9	32	18	0	0	0	0	0	0	52	0	0	0	0	10	0	13	0	0	0	0	151	18	182	39	1	1	35	153	1	42	0	0	0	1	245	134	564	73	7	0	1	2	0	0	0	0	0	0
6	35	1	0	1	15	10	13	47	29	67	510	28	781	51	3	3	5	6	34	21	3	32	2	12	59	1254	364	21	65	0	1319	22	0	143	0	8	0	0	0	0	0	0	1	1	0	25	0	409	1	0	0	0	0	0	0	0	0	0	2	84	64	127	5	0	0	45	0	0	0	42	107	169	2	1	1	7	1	31	0	0	0	0	0
0	0	1	0	0	460	165	5	413	0	16	109	9	197	112	41	0	0	0	1	3	0	0	2	0	0	26	5	0	232	0	22	899	0	172	0	2	0	0	0	0	1	1	0	0	1	0	0	0	1	0	0	1	0	0	0	0	0	1	0	0	0	2	8	0	0	0	0	0	1	158	6	105	49	209	243	0	0	0	3	3	1	0	0
25	4	74	0	0	0	2	395	76	3	11	81	0	0	89	0	14	37	32	77	0	159	6	12	247	0	4	12	162	1512	187	0	0	1682	492	0	4	4	0	0	0	0	0	0	3	0	0	0	0	0	0	1	0	0	0	0	1	3	7	1	0	1	6	6	0	0	0	0	0	0	64	19	195	47	0	0	0	0	0	0	0	0	0	0
211	101	184	0	11	98	52	1558	322	35	968	2302	100	480	409	6	134	1228	442	2023	120	1842	66	1041	405	4	464	319	1662	1672	1348	143	172	492	9017	0	85	70	0	10	1	4	8	4	31	7	0	2	0	17	0	16	34	0	0	10	33	21	53	42	0	23	121	69	0	13	0	0	0	8	299	167	5094	634	3	26	5	5	1	61	56	0	0	4
3	0	2	0	0	0	1	33	1	480	0	1	0	0	0	0	0	0	1	1	0	0	5	8	433	0	5	20	150	0	9	0	0	0	0	4468	24	27	0	39	27	271	772	355	585	192	371	88	23	2580	25	6	670	236	516	13	205	17	134	766	22	658	116	203	1995	1282	0	2	152	794	0	0	3	1	0	0	0	37	21	351	57	42	12	2
3	490	332	0	0	3	9	31	18	90	13	24	3	16	5	5	48	138	0	74	3	50	235	142	111	18	3550	5362	60	20	32	8	2	4	85	24	11718	551	0	21	1	82	9	11	1188	64	59	77	469	45	11	308	296	56	187	24	20	1721	56	987	2057	621	10333	71	123	29	7	0	18	188	644	338	128	40	42	10	0	458	222	402	171	22	9	26
0	6	2882	0	1	0	1	29	1	14	5	5	2	0	1	0	58	171	0	19	0	25	13	559	61	0	209	1291	36	3	18	0	0	4	70	27	551	10441	0	11	0	5	691	554	19	34	2	3	4	1245	4	5	2197	41	81	1	311	77	3057	52	0	2113	2635	491	23	149	1	0	2	99	47	57	79	43	1	1	0	84	60	248	208	15	11	0
0	0	0	0	0	0	0	0	0	0	0	0	0	0	0	0	0	0	0	0	0	0	0	0	0	0	0	0	0	0	0	0	0	0	0	0	0	0	0	0	0	0	0	0	0	0	0	0	0	0	0	0	0	0	0	0	0	0	0	0	0	0	0	0	0	0	0	0	0	0	0	0	0	0	0	0	0	0	0	0	0	0	0	0
0	0	0	0	1425	0	3	753	8	898	435	5	90	3	1	42	1	0	2	5	118	1	3	2	587	0	2	2	1982	1	0	0	0	0	10	39	21	11	0	6217	4	727	24	134	781	1078	21	1386	20	191	60	0	9	16	7	4547	0	17	4	3221	15	19	36	2245	80	0	2	0	3	412	12	0	38	33	28	1	0	115	24	426	264	61	1	2
0	0	0	0	0	0	0	6	0	3	0	2	4	0	0	0	0	0	0	2	0	0	0	0	3	0	1	0	6	0	0	0	0	0	1	27	1	0	0	4	1131	739	9	660	8	70	6	137	3	218	250	0	3	1	1	4	0	0	0	20	1	4	1	14	23	4	0	273	0	71	2	0	6	5	1	0	0	4	0	9	3	203	179	0
0	0	1	0	226	1	8	209	2	153	128	3	553	4	1	6	0	0	1	3	20	4	0	48	159	2	20	44	349	1	0	0	1	0	4	271	82	5	0	727	739	11947	292	3168	293	3459	179	4899	402	1612	1014	2	11	137	48	2170	6	11	60	1673	145	144	472	857	1545	71	8	254	24	2492	18	0	50	49	8	9	0	606	256	1724	529	502	123	45
4	0	18	0	10	2	5	312	28	86	1	11	3	4	16	1	4	0	2	7	2	0	0	21	96	0	0	11	436	3	0	0	1	0	8	772	9	691	0	24	9	292	6325	352	130	479	61	49	6	1019	17	1	130	56	41	17	531	1	457	826	2	113	30	1518	382	1044	0	3	24	417	8	0	28	27	7	2	0	113	28	315	180	126	5	4
0	1	71	0	2	0	1	77	13	74	5	5	62	6	2	0	6	1	1	4	0	1	0	122	112	0	4	28	132	1	0	1	0	0	4	355	11	554	0	134	660	3168	352	8570	149	547	152	752	75	4835	393	0	518	67	44	224	71	1	282	578	23	597	57	416	566	139	1	630	37	643	21	0	88	76	12	5	2	209	63	517	131	363	326	34
31	5	14	0	408	1	6	402	12	5286	188	9	69	0	12	38	683	9	1	4	73	11	247	23	4928	5	59	80	1992	55	52	1	0	3	31	585	1188	19	0	781	8	293	130	149	10991	17	34	811	206	561	965	157	69	20	35	560	128	1876	50	6960	674	59	818	2418	1174	293	9	3	525	733	111	24	18	13	27	0	0	636	122	518	293	734	50	15
0	0	3	0	150	0	1	50	8	11	38	0	116	6	0	0	0	0	0	1	12	1	0	9	17	0	14	20	63	0	0	0	1	0	7	192	64	34	0	1078	70	3459	479	547	17	7442	129	2120	248	789	30	2	8	103	43	1991	2	11	43	695	89	81	272	1014	739	41	2	4	1	1861	13	0	40	39	6	3	0	270	141	1368	602	48	10	23
0	1	1	0	0	0	0	22	1	21	0	19	21	106	0	0	1	1	0	1	0	1	0	6	27	165	73	30	27	0	0	25	0	0	0	371	59	2	0	21	6	179	61	152	34	129	5486	123	1450	810	2	5	202	1309	1151	41	48	10	37	100	415	707	447	49	1146	211	168	95	14	2139	4	3	4	8	1	0	0	305	527	620	147	10	42	318
0	0	1	0	453	0	3	305	2	225	177	1	854	2	1	11	0	0	1	1	81	5	0	0	153	2	17	21	496	1	0	0	0	0	2	88	77	3	0	1386	137	4899	49	752	811	2120	123	8644	370	943	690	1	7	73	27	3301	4	6	22	978	125	54	430	195	1321	37	8	21	1	1761	9	0	16	12	8	2	0	507	203	1096	320	385	40	44
0	3	0	0	0	3	8	23	4	25	11	284	70	526	0	0	0	10	4	23	0	1	1	4	30	346	1566	990	25	0	0	409	0	0	0	23	469	4	0	20	3	402	6	75	206	248	1450	370	7273	291	5	15	3	51	7	90	1	194	36	116	1914	848	3004	9	538	12	848	36	9	827	17	15	102	108	12	7	5	259	926	512	235	4	41	417
4	1	82	0	1	10	36	241	61	443	35	6	115	3	4	0	7	5	2	12	0	7	5	127	416	0	19	43	362	7	10	1	1	0	17	2580	45	1245	0	191	218	1612	1019	4835	561	789	810	943	291	13267	163	12	1685	551	670	271	198	20	751	837	59	1764	422	525	4493	793	14	317	54	2238	25	0	81	83	14	3	0	379	108	1075	340	181	124	26
0	0	1	0	5	0	0	6	0	47	0	0	2	0	0	0	3	0	0	0	0	1	0	3	41	0	0	1	14	0	0	0	0	0	0	25	11	4	0	60	250	1014	17	393	965	30	2	690	5	163	2334	1	3	2	3	59	1	16	3	465	7	6	13	49	112	2	0	72	25	67	1	0	1	1	0	0	0	26	3	93	57	1036	13	0
0	3	84	0	1	0	1	9	0	90	0	1	0	0	0	1	2075	6	0	2	0	418	1066	1570	155	0	74	749	42	0	13	0	0	1	16	6	308	5	0	0	0	2	1	0	157	2	5	1	15	12	1	7068	15	6	23	0	603	4710	2108	570	19	41	1083	394	21	27	5	0	15	45	46	39	7	7	0	0	0	597	135	139	114	53	28	0
0	16	829	0	0	0	2	10	7	45	5	11	1	0	1	0	7	200	0	40	0	16	23	53	49	0	212	308	36	0	0	0	1	0	34	670	296	2197	0	9	3	11	130	518	69	8	202	7	3	1685	3	15	8529	102	1025	0	358	206	2131	100	0	3647	1965	41	419	673	1	0	101	834	25	13	48	44	2	3	0	174	152	357	221	12	16	2
0	3	31	0	0	0	0	10	1	13	0	1	2	1	0	0	1	88	2	119	0	2	1	7	19	2	186	17	24	0	0	0	0	0	0	236	56	41	0	16	1	137	56	67	20	103	1309	73	51	551	2	6	102	2648	1040	35	4	8	21	67	4	994	196	45	749	51	21	18	3	1009	2	1	0	2	0	0	0	277	404	436	99	8	8	0
0	1	141	0	0	0	0	6	0	23	0	1	0	0	1	0	0	20	0	9	0	3	3	13	26	3	303	40	13	0	0	0	0	0	0	516	187	81	0	7	1	48	41	44	35	43	1151	27	7	670	3	23	1025	1040	4696	15	141	39	221	87	7	2187	640	33	669	361	4	15	17	1321	3	13	3	3	0	0	0	327	541	433	107	12	6	0
0	0	0	0	1121	1	12	655	8	646	430	2	286	2	1	43	0	0	1	3	127	0	0	0	431	0	4	5	1615	1	0	0	0	0	10	13	24	1	0	4547	4	2170	17	224	560	1991	41	3301	90	271	59	0	0	35	15	7355	0	2	4	2387	36	40	123	1378	346	2	6	0	1	1181	21	0	70	73	33	9	0	362	129	966	476	90	13	19
9	12	177	0	2	2	33	121	91	115	66	0	1	1	35	2	962	3	0	2	0	676	215	191	720	0	3	17	929	9	151	0	0	1	33	205	20	311	0	0	0	6	531	71	128	2	48	4	1	198	1	603	358	4	141	0	9292	1036	4248	126	0	99	75	2620	293	2938	0	1	103	914	5	1	27	7	0	0	0	136	40	1119	463	276	156	0
0	8	799	0	1	0	2	12	1	210	1	15	0	0	1	1	3301	19	7	33	0	1097	2263	3077	697	6	175	2698	394	2	18	0	0	3	21	17	1721	77	0	17	0	11	1	1	1876	11	10	6	194	20	16	4710	206	8	39	2	1036	12435	3876	1487	692	95	4054	648	64	103	1	0	55	130	291	150	10	6	0	0	0	704	301	156	54	20	15	14
8	16	1872	0	1	2	8	43	43	88	15	4	6	7	34	0	1534	28	1	12	0	1054	467	3674	154	0	16	1345	353	11	182	0	1	7	53	134	56	3057	0	4	0	60	457	282	50	43	37	22	36	751	3	2108	2131	21	221	4	4248	3876	18462	125	4	1113	2006	903	109	921	13	3	7	1066	33	5	54	36	1	2	0	1101	235	2413	1919	895	471	13
8	5	41	0	1191	6	28	1696	25	4236	433	43	72	4	6	72	145	9	3	37	114	43	142	90	3557	1	84	131	4017	25	39	2	0	1	42	766	987	52	0	3221	20	1673	826	578	6960	695	100	978	116	837	465	570	100	67	87	2387	126	1487	125	17299	462	91	792	6419	939	896	3	1	294	591	93	22	68	23	38	1	0	612	97	494	247	376	54	12
0	7	0	0	0	0	0	0	0	1	0	74	10	170	0	0	0	1	0	4	0	0	1	0	8	265	1184	1846	2	0	1	84	0	0	0	22	2057	0	0	15	1	145	2	23	674	89	415	125	1914	59	7	19	0	4	7	36	0	692	4	462	4417	70	2906	12	168	10	4	7	1	232	1	2	0	0	0	0	0	99	296	234	50	6	4	215
0	6	796	0	1	0	2	21	7	30	8	124	9	31	2	0	10	702	3	303	0	10	9	44	34	2	3061	385	23	2	1	64	0	1	23	658	621	2113	0	19	4	144	113	597	59	81	707	54	848	1764	6	41	3647	994	2187	40	99	95	1113	91	70	15619	4442	34	523	285	311	2	10	1255	15	173	25	11	0	1	0	858	1161	871	410	17	13	7
3	439	1146	0	0	5	11	68	22	132	20	203	82	116	8	5	115	237	19	211	3	107	762	684	185	87	5938	9048	165	24	35	127	2	6	121	116	10333	2635	0	36	1	472	30	57	818	272	447	430	3004	422	13	1083	1965	196	640	123	75	4054	2006	792	2906	4442	31433	315	757	36	164	3	11	1550	938	489	180	91	42	10	0	2959	1436	1396	937	49	10	41
131	2	103	0	661	17	88	1757	239	2522	176	81	54	24	70	52	1008	22	14	71	48	31	170	129	4180	0	50	84	4909	220	153	5	8	6	69	203	71	491	0	2245	14	857	1518	416	2418	1014	49	195	9	525	49	394	41	45	33	1378	2620	648	903	6419	12	34	315	17779	192	1388	0	1	5	404	132	15	199	101	107	31	0	154	33	486	341	137	9	2
0	2	1	0	0	7	18	156	30	807	24	0	304	0	0	0	45	0	0	0	0	9	1	16	884	1	25	42	411	1	1	0	0	0	0	1995	123	23	0	80	23	1545	382	566	1174	739	1146	1321	538	4493	112	21	419	749	669	346	293	64	109	939	168	523	757	192	9644	1149	19	235	1259	4557	8	0	23	34	5	0	0	577	266	1486	461	102	112	44
0	2	15	0	0	0	0	4	2	143	2	0	0	0	1	0	63	0	0	0	0	74	35	49	180	0	0	2	173	1	42	0	0	0	13	1282	29	149	0	0	4	71	1044	139	293	41	211	37	12	793	2	27	673	51	361	2	2938	103	921	896	10	285	36	1388	1149	7649	0	5	210	969	1	0	6	2	0	0	0	231	121	843	361	108	108	0
0	0	0	0	0	0	0	5	0	15	0	18	1	35	0	0	0	0	0	1	0	0	0	0	15	0	84	22	0	0	0	45	0	0	0	0	7	1	0	2	0	8	0	1	9	2	168	8	848	14	0	5	1	21	4	6	0	1	13	3	4	311	164	0	19	0	882	4	1	62	1	2	0	0	0	0	0	83	148	117	83	0	0	0
0	0	0	0	0	0	1	2	0	1	3	0	0	3	0	0	0	0	0	0	0	0	0	0	1	0	1	1	1	0	0	0	0	0	0	2	0	0	0	0	273	254	3	630	3	4	95	21	36	317	72	0	0	18	15	0	1	0	3	1	7	2	3	1	235	5	4	1175	0	434	9	0	37	40	5	3	2	52	22	89	9	82	252	17
0	0	0	0	0	0	0	24	5	304	5	0	0	0	0	0	53	0	0	0	0	4	0	1	369	0	1	1	175	0	0	0	0	0	0	152	18	2	0	3	0	24	24	37	525	1	14	1	9	54	25	15	101	3	17	1	103	55	7	294	1	10	11	5	1259	210	1	0	1458	837	0	0	0	0	0	0	0	31	20	66	4	12	1	1
0	2	145	0	6	8	26	166	39	453	40	0	291	7	0	0	57	4	1	3	0	10	6	56	504	4	51	149	378	1	1	0	1	0	8	794	188	99	0	412	71	2492	417	643	733	1861	2139	1761	827	2238	67	45	834	1009	1321	1181	914	130	1066	591	232	1255	1550	404	4557	969	62	434	837	12501	47	2	129	151	24	11	0	922	658	5343	1330	116	385	164
89	88	302	0	9	163	196	740	407	148	328	641	115	97	183	142	438	138	313	873	65	984	303	1679	577	12	1311	1530	1235	450	245	42	158	64	299	0	644	47	0	12	2	18	8	21	111	13	4	9	17	25	1	46	25	2	3	21	5	291	33	93	1	15	938	132	8	1	1	9	0	47	10272	3197	1000	744	1022	98	10	254	6	142	123	0	19	6
39	54	230	0	1	6	14	127	59	38	38	1241	15	582	61	1	163	644	260	777	15	192	177	565	87	75	1896	874	162	137	134	107	6	19	167	0	338	57	0	0	0	0	0	0	24	0	3	0	15	0	0	39	13	1	13	0	1	150	5	22	2	173	489	15	0	0	2	0	0	2	3197	6051	575	195	106	20	122	153	12	3	3	0	0	1
115	82	258	0	70	72	294	1594	733	21	1618	3823	528	1096	458	29	83	761	857	3247	445	1265	36	909	382	70	943	506	1743	792	564	169	105	195	5094	3	128	79	0	38	6	50	28	88	18	40	4	16	102	81	1	7	48	0	3	70	27	10	54	68	0	25	180	199	23	6	0	37	0	129	1000	575	10716	2213	199	322	215	26	21	228	123	0	67	37
81	14	103	0	13	53	127	725	196	5	601	245	31	124	95	17	21	137	26	289	57	363	11	604	118	0	87	141	751	89	73	2	49	47	634	1	40	43	0	33	5	49	27	76	13	39	8	12	108	83	1	7	44	2	3	73	7	6	36	23	0	11	91	101	34	2	0	40	0	151	744	195	2213	3590	80	172	47	34	20	256	143	2	79	39
0	3	3	0	7	402	303	34	385	177	11	26	169	3	70	636	15	2	13	49	24	37	9	40	96	0	51	51	58	326	7	1	209	0	3	0	42	1	0	28	1	8	7	12	27	6	1	8	12	14	0	0	2	0	0	33	0	0	1	38	0	0	42	107	5	0	0	5	0	24	1022	106	199	80	2123	128	0	3	1	16	2	2	12	1
0	0	3	0	0	325	275	27	264	0	46	6	22	137	25	28	0	3	0	1	13	0	0	4	2	0	10	10	17	30	0	1	243	0	26	0	10	1	0	1	0	9	2	5	0	3	0	2	7	3	0	0	3	0	0	9	0	0	2	1	0	1	10	31	0	0	0	3	0	11	98	20	322	172	128	707	2	0	4	18	9	0	4	2
1	92	0	0	0	0	1	0	1	53	0	235	0	429	2	0	1	1	0	7	0	0	85	4	7	241	13	12	0	1	1	7	0	0	5	0	0	0	0	0	0	0	0	2	0	0	0	0	5	0	0	0	0	0	0	0	0	0	0	0	0	0	0	0	0	0	0	2	0	0	10	122	215	47	0	2	565	0	10	1	0	0	2	1
0	18	63	0	7	0	0	5	2	355	6	40	124	0	1	0	117	2	24	64	0	63	57	106	477	1	119	173	222	0	2	1	0	0	5	37	458	84	0	115	4	606	113	209	636	270	305	507	259	379	26	597	174	277	327	362	136	704	1101	612	99	858	2959	154	577	231	83	52	31	922	254	153	26	34	3	0	0	9800	2314	2036	994	356	265	31
0	9	18	0	0	0	2	5	8	57	2	74	57	277	0	0	52	1	1	3	0	33	33	42	86	403	103	96	70	0	0	31	0	0	1	21	222	60	0	24	0	256	28	63	122	141	527	203	926	108	3	135	152	404	541	129	40	301	235	97	296	1161	1436	33	266	121	148	22	20	658	6	12	21	20	1	4	10	2314	5666	901	296	25	102	207
0	2	143	0	10	1	12	44	18	394	26	10	140	13	0	0	17	18	2	39	0	85	9	107	408	1	71	165	206	0	0	0	3	0	61	351	402	248	0	426	9	1724	315	517	518	1368	620	1096	512	1075	93	139	357	436	433	966	1119	156	2413	494	234	871	1396	486	1486	843	117	89	66	5343	142	3	228	256	16	18	1	2036	901	11333	4966	1419	891	218
0	1	63	0	3	0	5	18	13	244	5	9	30	12	0	0	12	20	2	41	0	89	5	64	232	0	38	58	140	0	0	0	3	0	56	57	171	208	0	264	3	529	180	131	293	602	147	320	235	340	57	114	221	99	107	476	463	54	1919	247	50	410	937	341	461	361	83	9	4	1330	123	3	123	143	2	9	0	994	296	4966	5723	1576	737	19
0	0	0	0	4	0	4	20	5	138	3	0	4	0	1	0	0	0	0	0	1	0	0	4	132	0	1	3	20	2	0	0	1	0	0	42	22	15	0	61	203	502	126	363	734	48	10	385	4	181	1036	53	12	8	12	90	276	20	895	376	6	17	49	137	102	108	0	82	12	116	0	0	0	2	2	0	0	356	25	1419	1576	3420	646	1
0	0	2	0	0	0	2	3	0	20	4	0	12	3	0	0	4	0	0	0	0	1	0	3	41	0	0	2	42	0	0	0	0	0	0	12	9	11	0	1	179	123	5	326	50	10	42	40	41	124	13	28	16	8	6	13	156	15	471	54	4	13	10	9	112	108	0	252	1	385	19	0	67	79	12	4	2	265	102	891	737	646	1576	41
0	1	1	0	0	0	2	6	5	0	3	1	9	9	0	0	0	0	0	1	0	0	0	3	2	16	7	6	3	0	0	0	0	0	4	2	26	0	0	2	0	45	4	34	15	23	318	44	417	26	0	0	2	0	0	19	0	14	13	12	215	7	41	2	44	0	0	17	1	164	6	1	37	39	1	2	1	31	207	218	19	1	41	754
