0.0382488923136	0	0.00209978809478	0	0.00102099788095	0	0.0030822577538	0.0144962434984	0.0128395299557	0.000260065497977	0.00519167790406	0.000616451550761	0.00287998458871	0	0.0293488730495	0	1.92641109613e-05	0.00014448083221	0.00015411288769	0.000568291273358	0.00236948564824	0.00396840685802	0	0.00414178385668	0.00324600269698	0	0.000587555384319	9.63205548064e-06	0.00548063956848	0.0198420342901	0.0149874783279	0	0.000317857830861	0.00236948564824	0.00178193026392	0	0	0	0	0	0	0	0	8.66884993258e-05	0.000953573492583	0	0	0	0	5.77923328838e-05	0	0	0	0	0	0	0	0	0	0.000423810441148	0	0	9.63205548064e-06	0	9.63205548064e-06	0	0	0	0	0	0.000337121941822	0	0.00166634559815	0.00045270660759	0	2.88961664419e-05	0	4.81602774032e-05	0	3.85282219226e-05	0	6.74243883645e-05	0.000105952610287	0
0	0.0326237719129	0.00499903679445	0	0	0	0	9.63205548064e-06	0	0.00206125987286	0	0	0	0.000809092660374	0	0	0.00169524176459	0	0	0	0	0	0.00654016567135	0	0.00173376998652	0.00216721248314	0.0026873434791	0.0314197649778	9.63205548064e-06	0	0	0	0	0	0	0	0.016393758428	8.66884993258e-05	0	0	0	2.88961664419e-05	9.63205548064e-06	2.88961664419e-05	1.92641109613e-05	9.63205548064e-06	0.000269697553458	0	0.000173376998652	9.63205548064e-06	0	0	0.00267771142362	0.000414178385668	0.000404546330187	0	0	0.000953573492583	7.70564438451e-05	2.88961664419e-05	0.000317857830861	0.00075130032749	0.0178770949721	2.88961664419e-05	0	0	1.92641109613e-05	0	0	0.000202273165093	0	3.85282219226e-05	0	0	0	0	7.70564438451e-05	0.000240801387016	0	0.000356386052784	9.63205548064e-05	4.81602774032e-05	6.74243883645e-05	0
0.00209978809478	0.00499903679445	0.0659892120979	0	0	0	9.63205548064e-06	0.000260065497977	0.000346753997303	0	0	9.63205548064e-06	9.63205548064e-06	2.88961664419e-05	0.00171450587555	0	0.000192641109613	0.0220381429397	4.81602774032e-05	0.00125216721248	0	0.00400693507995	3.85282219226e-05	0.0224137931034	9.63205548064e-06	0	0.0119052205741	0.0321132729725	0.000125216721248	0.00178193026392	0.0023405894818	0	0.00014448083221	7.70564438451e-05	0.00185898670776	0	0.00286072047775	0	0	0	0	8.66884993258e-05	1.92641109613e-05	8.66884993258e-05	0	0	1.92641109613e-05	2.88961664419e-05	1.92641109613e-05	0	0	0.00301483336544	0.00186861876324	0	9.63205548064e-06	0	0	0.00197457137353	0.00354459641688	3.85282219226e-05	0	9.63205548064e-06	0.00736852244269	0	0	0	0	0	0	0.000520130995955	0.00269697553458	0.00131959160085	0.00418994413408	0.0033808514737	0	0	0	0.00800423810441	0.000635715661722	0.00157965709882	0.000616451550761	0.000654979772683	0.00014448083221	0
0	0	0	0	0	0	0	0	0	0	0	0	0	0	0	0	0	0	0	0	0	0	0	0	0	0	0	0	0	0	0	0	0	0	0	0	0	0	0	0	0	0	0	0	0	0	0	0	0	0	0	0	0	0	0	0	0	0	0	0	0	0	0	0	0	0	0	0	0	0	0	0	0	0	0	0	0	0	0	0	0	0	0	0
0.00102099788095	0	0	0	0.0182623771913	9.63205548064e-06	7.70564438451e-05	0.000250433442497	0.00130032748989	0.00127143132344	0.00170487382007	0.000134848776729	0.00496050857253	0	0.00167597765363	0.000693507994606	0	0	4.81602774032e-05	0.000134848776729	0.00854363321133	0	0	0	0.0119148526296	0	0.000134848776729	0	0.00833172799075	0.00236948564824	1.92641109613e-05	0	9.63205548064e-06	0.00143517626662	0.00150260065498	0	0	0	0	0.0042766326334	0	3.85282219226e-05	0.000231169331535	1.92641109613e-05	0.00465228279715	0.000481602774032	0	0.000260065497977	0	9.63205548064e-06	0.000250433442497	0	0	0	0	0.00249470236949	0	0	0	0.00571180890002	0	0	0	0.00349643613947	0	0	0	0	0	0	0.000462338663071	0	0.000924677326141	0.000366018108264	0.000886149104219	9.63205548064e-06	0	1.92641109613e-05	0	0	0	4.81602774032e-05	9.63205548064e-06	0
0	0	0	0	9.63205548064e-06	0.00406472741283	0.000712772105567	9.63205548064e-06	0.000423810441148	0	0.000356386052784	0	0.000221537276055	0	0.000770564438451	0.000587555384319	0	0	0	0	0	0	0	0	1.92641109613e-05	0	0	0	1.92641109613e-05	0.000712772105567	0	0	0.00155076093238	9.63205548064e-06	0.000760932382971	0	0	0	0	9.63205548064e-06	0	0	0	0	9.63205548064e-06	0	0	0	0	0	0	0	0	0	0	9.63205548064e-06	0	0	0	9.63205548064e-06	0	0	0	9.63205548064e-06	0	0	0	0	0	0	5.77923328838e-05	0	9.63205548064e-06	9.63205548064e-06	0.001242535157	0.000693507994606	0	0	0	0	0	0	0	0
0.0030822577538	0	9.63205548064e-06	0	7.70564438451e-05	0.000712772105567	0.0172413793103	0.00030822577538	0.00476786746292	0	0.00662685417068	0.000626083606242	0.00944904642651	0	0.00790791754961	0.00229242920439	0	1.92641109613e-05	8.66884993258e-05	0.000549027162396	0.00372760547101	1.92641109613e-05	0	5.77923328838e-05	7.70564438451e-05	0	0.000693507994606	0	0.000221537276055	0.0062704681179	0.000173376998652	0	0.00134848776729	0.00030822577538	0.0014929685995	0	0	0	0	0	0	0	0	0	0	0	0	1.92641109613e-05	0	0	0	1.92641109613e-05	0	0	0	0	9.63205548064e-06	0	9.63205548064e-06	9.63205548064e-06	0	0	0	9.63205548064e-06	0	0	0	0	0	0	0.000134848776729	0	0.00150260065498	0.000549027162396	1.92641109613e-05	0	0	1.92641109613e-05	0	0	0	0	0	0
0.0144962434984	9.63205548064e-06	0.000260065497977	0	0.000250433442497	9.63205548064e-06	0.00030822577538	0.0541803120786	0.00681949528029	0.000240801387016	0.00463301868619	0.000847620882296	0.000202273165093	1.92641109613e-05	0.012926218455	0.000115584665768	0	8.66884993258e-05	0.000260065497977	0.000231169331535	0	0.00196493931805	9.63205548064e-06	0.00111731843575	0.004228472356	0	0.00015411288769	7.70564438451e-05	0.0296859949913	0.0136197264496	0.0176362935851	0	8.66884993258e-05	0.0116162589097	0.00571180890002	0	0	0	0	0.000953573492583	0	2.88961664419e-05	0.000183009054132	2.88961664419e-05	0.00752263533038	1.92641109613e-05	6.74243883645e-05	9.63205548064e-06	0	3.85282219226e-05	0	0.000134848776729	9.63205548064e-06	4.81602774032e-05	6.74243883645e-05	0	6.74243883645e-05	9.63205548064e-06	3.85282219226e-05	0.00645347717203	0	0	3.85282219226e-05	0.00311115392025	0.00014448083221	0	0	0	0	7.70564438451e-05	0.00132922365633	9.63205548064e-06	0.00300520130996	0.00133885571181	0.000163744943171	9.63205548064e-06	0	0.000780196493932	0	0.00030822577538	5.77923328838e-05	0.000327489886342	0.000414178385668	0
0.0128395299557	0	0.000346753997303	0	0.00130032748989	0.000423810441148	0.00476786746292	0.00681949528029	0.0264399922944	0	0.0102485070314	0.000847620882296	0.00190714698517	9.63205548064e-06	0.0197457137353	0.00045270660759	0	0	7.70564438451e-05	2.88961664419e-05	0.000674243883645	0.000269697553458	0	0.000211905220574	0.00218647659411	0	0.000500866884993	0.000173376998652	0.00400693507995	0.00704103255635	0.00161818532075	9.63205548064e-06	0.00256212675785	0.000886149104219	0.00223463687151	0	0	0	0	0	0	0	0	0	9.63205548064e-06	0	0	0	0	0	0	0	0	0	0	0	0	0	0	9.63205548064e-06	0	0	0	0	0	0	0	0	0	0	0.000654979772683	4.81602774032e-05	0.00183009054132	0.000828356771335	0	0	0	0	0	0	0	0	0	0
0.000260065497977	0.00206125987286	0	0	0.00127143132344	0	0	0.000240801387016	0	0.017395492198	0.000317857830861	0	0.00160855326527	0	0.000250433442497	0.000924677326141	0	0	9.63205548064e-06	9.63205548064e-06	0.00137738393373	0	0.00334232325178	0	0.00897707570796	9.63205548064e-05	2.88961664419e-05	0.00255249470237	0.0051724137931	0.000269697553458	0.000192641109613	0	0	1.92641109613e-05	2.88961664419e-05	1.92641109613e-05	9.63205548064e-05	0	0	0.000924677326141	0	9.63205548064e-06	0	0.00014448083221	0.00571180890002	2.88961664419e-05	0	0.000626083606242	0	0.000115584665768	0.000847620882296	0	0	0	0	0.00111731843575	0	0.000163744943171	0	0.00443074552109	3.85282219226e-05	4.81602774032e-05	0.000105952610287	4.81602774032e-05	2.88961664419e-05	1.92641109613e-05	0	0	0	0	0.00186861876324	2.88961664419e-05	9.63205548064e-06	0	0.00175303409748	0	0	8.66884993258e-05	0	9.63205548064e-06	0	0.000423810441148	1.92641109613e-05	0
0.00519167790406	0	0	0	0.00170487382007	0.000356386052784	0.00662685417068	0.00463301868619	0.0102485070314	0.000317857830861	0.0360431516086	0.00121363899056	0.00613561934117	0	0.00957426314776	0.000789828549412	0	0	0.000288961664419	0.000732036216529	0.00493161240609	2.88961664419e-05	0	9.63205548064e-06	0.00771527643999	0	0.00118474282412	0	0.00758042766326	0.00719514544404	3.85282219226e-05	0	0.00134848776729	0.00165671354267	0.00322673858601	0	0	0	0	0.0044789057985	0	0	0	0	0.00249470236949	0.00148333654402	0	0.00015411288769	0	0	2.88961664419e-05	0	0	0	0	0.00467154690811	0	0	0	0.0054228472356	0	0	0	0.00177229820844	0	0	0	0	0	0	0.00105952610287	0	0.00240801387016	0.000183009054132	0	0	0	0	0	0	0	0	0	0
0.000616451550761	0	9.63205548064e-06	0	0.000134848776729	0	0.000626083606242	0.000847620882296	0.000847620882296	0	0.00121363899056	0.0254286264689	0.000982469659025	0.00218647659411	0.00580812945483	0	0	0	0.0026391832017	0.00453669813138	0.00106915815835	9.63205548064e-06	0	9.63205548064e-06	0.000183009054132	6.74243883645e-05	0.0116258909651	0	0.000423810441148	0.00874590637642	0.0002985937199	0.00307262569832	0.00228279714891	0.00135811982277	0.011963012907	0	0	0	0	0	0	0	0	0	0	0	3.85282219226e-05	0	2.88961664419e-05	0	0	0	0	0	0	0	0	0	0	0	5.77923328838e-05	0	0	0	0	0	0	0	0	0	0.00166634559815	0.00375650163745	0.0113658254672	0.000125216721248	0	0	0.000134848776729	0	4.81602774032e-05	0	0	0	0	9.63205548064e-06
0.00287998458871	0	9.63205548064e-06	0	0.00496050857253	0.000221537276055	0.00944904642651	0.000202273165093	0.00190714698517	0.00160855326527	0.00613561934117	0.000982469659025	0.027094972067	0	0.00916008476209	0.00287035253323	2.88961664419e-05	7.70564438451e-05	0.000202273165093	0.000992101714506	0.01342708534	0.00015411288769	9.63205548064e-06	0.000664611828164	0.00116547871316	0	0.00123290310152	2.88961664419e-05	0.00101136582547	0.0091022924292	0.000202273165093	0	0.00128106337893	0.000288961664419	0.00340974764015	0	0	0	0	0.000414178385668	0	5.77923328838e-05	0	1.92641109613e-05	0.000414178385668	9.63205548064e-06	0	0.000654979772683	0	0	0.000202273165093	5.77923328838e-05	0	0	0	0.000693507994606	3.85282219226e-05	0	1.92641109613e-05	0.000500866884993	0	0	0	0.000134848776729	0	0	0	0	0	0	0.00184935465228	0	0.00306299364284	0.000972837603545	0.00155076093238	0	0	0.000125216721248	0	0	0	5.77923328838e-05	0	0
0	0.000809092660374	2.88961664419e-05	0	0	0	0	1.92641109613e-05	9.63205548064e-06	0	0	0.00218647659411	0	0.0166249277596	3.85282219226e-05	0	0	1.92641109613e-05	0	1.92641109613e-05	0	9.63205548064e-06	0.000173376998652	4.81602774032e-05	0	0.00240801387016	0.00301483336544	0.00565401656714	1.92641109613e-05	0.000183009054132	8.66884993258e-05	0.00251396648045	0.00015411288769	1.92641109613e-05	0.000366018108264	0	0.00014448083221	0	0	0	0	0	0	0	0	0	0.00394914274706	0	0.00778270082836	0	0	0	0	9.63205548064e-06	0	0	0	0	0	0	0.00755153149682	5.77923328838e-05	5.77923328838e-05	0	0	0	0.000404546330187	0	0	0	0	0.00593334617607	0.00102099788095	0.000173376998652	0	0	0.00131959160085	0	0.00141591215565	0	0	0	0	0.000337121941822
0.0293488730495	0	0.00171450587555	0	0.00167597765363	0.000770564438451	0.00790791754961	0.012926218455	0.0197457137353	0.000250433442497	0.00957426314776	0.00580812945483	0.00916008476209	3.85282219226e-05	0.0557407050665	0.00109805432479	1.92641109613e-05	1.92641109613e-05	0.000664611828164	0.00116547871316	0.00498940473897	0.00248507031401	9.63205548064e-06	0.00237911770372	0.00370834136005	0	0.0027355037565	0.000115584665768	0.0068676555577	0.0323637064149	0.0102485070314	9.63205548064e-06	0.0047774995184	0.00429589674437	0.00971874397997	0	0	0	0	0	0	0	0	7.70564438451e-05	0.000915045270661	0	0	0	0	5.77923328838e-05	0	5.77923328838e-05	0	0	0	0	3.85282219226e-05	0	1.92641109613e-05	0.000471970718551	0	0	9.63205548064e-06	7.70564438451e-05	9.63205548064e-06	0	0	0	0	0	0.00112695049123	1.92641109613e-05	0.00733962627625	0.00148333654402	0.000471970718551	1.92641109613e-05	0	0.000163744943171	0	3.85282219226e-05	0	6.74243883645e-05	0.000105952610287	0
0	0	0	0	0.000693507994606	0.000587555384319	0.00229242920439	0.000115584665768	0.00045270660759	0.000924677326141	0.000789828549412	0	0.00287035253323	0	0.00109805432479	0.00712772105567	0	0	0	0	0.000760932382971	0	0	0	0.00104026199191	0	0	3.85282219226e-05	0.000982469659025	0.000703140050087	1.92641109613e-05	0	0.000134848776729	1.92641109613e-05	0.000433442496629	0	0	0	0	0	0	0	0	0	0	0	0	0	0	0	0	0	0	0	0	0	0	0	0	9.63205548064e-06	0	0	0	0	0	0	0	0	0	0	0.00121363899056	0	0.000433442496629	0.000356386052784	0.00290888075515	0.000105952610287	0	0	0	0	0	0	0	0
1.92641109613e-05	0.00169524176459	0.000192641109613	0	0	0	0	0	0	0	0	0	2.88961664419e-05	0	1.92641109613e-05	0	0.0253226738586	0.00014448083221	0	0	0	0.000626083606242	0.0172702754768	0.00793681371605	0.00917934887305	5.77923328838e-05	0	0.00824503949143	6.74243883645e-05	1.92641109613e-05	9.63205548064e-06	0	0	0	9.63205548064e-06	0	0	0	0	0	0	0	0	0	0.00189751492969	0	0	0	0	0	0	0.010181082643	0	0	9.63205548064e-06	0	9.63205548064e-05	0.0105952610287	0.00265844731266	0.00342901175111	0	0	9.63205548064e-06	0.00167597765363	0	0	0	0	0	0	0.00160855326527	0.000105952610287	0	6.74243883645e-05	0	0	0	0.00162781737623	0.000568291273358	0	0	9.63205548064e-06	0	0
0.00014448083221	0	0.0220381429397	0	0	0	1.92641109613e-05	8.66884993258e-05	0	0	0	0	7.70564438451e-05	1.92641109613e-05	1.92641109613e-05	0	0.00014448083221	0.0479098439607	4.81602774032e-05	0.00555769601233	0	0.00579849739935	3.85282219226e-05	0.0182142169139	0.0002985937199	0	0.0136004623387	0.00958389520324	0.000231169331535	0.00126179926796	0.00394914274706	0	0	8.66884993258e-05	0.00922750915045	0	6.74243883645e-05	0	0	0	0	0	0	0	6.74243883645e-05	0	0	1.92641109613e-05	0	0	0	0.000587555384319	0	0	3.85282219226e-05	0	0	0.000240801387016	0.00104026199191	9.63205548064e-06	0	0	0.00109805432479	0	0	0	0	0	0	2.88961664419e-05	0.00359275669428	0.00291851281063	0.00860142554421	0.00321710653053	0	9.63205548064e-06	0	0.000269697553458	1.92641109613e-05	0.000192641109613	0.000231169331535	0	0	0
0.00015411288769	0	4.81602774032e-05	0	4.81602774032e-05	0	8.66884993258e-05	0.000260065497977	7.70564438451e-05	9.63205548064e-06	0.000288961664419	0.0026391832017	0.000202273165093	0	0.000664611828164	0	0	4.81602774032e-05	0.00463301868619	0.0029377769216	0.000231169331535	0	0	0.000115584665768	3.85282219226e-05	0	0.00392024658062	0.000105952610287	8.66884993258e-05	0.00139664804469	7.70564438451e-05	0	4.81602774032e-05	0.000414178385668	0.00168560970911	0	0	0	0	0	0	0	0	0	9.63205548064e-06	0	0	0	0	0	0	0	0	0	0	0	0	0	0	0	2.88961664419e-05	2.88961664419e-05	0	0	0	0	0	0	0	0	0.000491234829513	0.000279329608939	0.00178193026392	0.000269697553458	0	0	0	7.70564438451e-05	0	0	0	0	0	0
0.000568291273358	0	0.00125216721248	0	0.000134848776729	0	0.000549027162396	0.000231169331535	2.88961664419e-05	9.63205548064e-06	0.000732036216529	0.00453669813138	0.000992101714506	1.92641109613e-05	0.00116547871316	0	0	0.00555769601233	0.0029377769216	0.0231843575419	0.00115584665768	9.63205548064e-06	0	0.00191677904065	0.000163744943171	0	0.0151993835484	0.00130032748989	0.00030822577538	0.00275476786746	0.000134848776729	0	1.92641109613e-05	0.000664611828164	0.0106915815835	0	9.63205548064e-06	0	0	0	0	0	0	0	2.88961664419e-05	0	1.92641109613e-05	0	0	0	0	0	0	5.77923328838e-05	0.00102099788095	0	0	0	0	0	0.00015411288769	0.000886149104219	0.000231169331535	0	0	0	0	0	0	9.63205548064e-06	0.0030822577538	0.00350606819495	0.00865921787709	0.000915045270661	0	0	0	0.000240801387016	9.63205548064e-06	2.88961664419e-05	1.92641109613e-05	0	0	0
0.00236948564824	0	0	0	0.00854363321133	0	0.00372760547101	0	0.000674243883645	0.00137738393373	0.00493161240609	0.00106915815835	0.01342708534	0	0.00498940473897	0.000760932382971	0	0	0.000231169331535	0.00115584665768	0.0197071855134	0	0	0	0.00464265074167	0	0.00143517626662	0	0.0020901560393	0.0068676555577	0	0	0.000115584665768	0.000462338663071	0.00297630514352	0	0	0	0	0.00162781737623	0	0	9.63205548064e-06	0	0.00152186476594	0.000337121941822	0	2.88961664419e-05	0	0	0.00030822577538	0	0	0	0	0.00182045848584	0	0	0	0.0020419957619	0	0	0	0.00060681949528	0	0	0	0	0	0	0.0011943748796	0	0.00241764592564	0.000231169331535	0.00133885571181	0	0	9.63205548064e-06	0	0	0	6.74243883645e-05	0	0
0.00396840685802	0	0.00400693507995	0	0	0	1.92641109613e-05	0.00196493931805	0.000269697553458	0	2.88961664419e-05	9.63205548064e-06	0.00015411288769	9.63205548064e-06	0.00248507031401	0	0.000626083606242	0.00579849739935	0	9.63205548064e-06	0	0.0538817183587	0.00148333654402	0.0394528992487	0.000674243883645	0	0	9.63205548064e-06	0.00389135041418	0.00654016567135	0.0270757079561	0	0	0.00139664804469	0.00406472741283	0	0	0	0	0	0	0	0	0	0.000809092660374	0	0	0	0	0	0	0.00143517626662	0	0	0	0	9.63205548064e-06	0.00145444037758	0	0.000837988826816	0	0	0	0.00123290310152	0	0	0	0	0	0	0.00190714698517	6.74243883645e-05	0.00348680408399	0.000895781159699	0	3.85282219226e-05	0	5.77923328838e-05	0	0	0	9.63205548064e-06	0	0
0	0.00654016567135	3.85282219226e-05	0	0	0	0	9.63205548064e-06	0	0.00334232325178	0	0	9.63205548064e-06	0.000173376998652	9.63205548064e-06	0	0.0172702754768	3.85282219226e-05	0	0	0	0.00148333654402	0.0353785397804	0.00404546330187	0.0108071662493	0.000895781159699	0	0.0172221151994	0.000356386052784	1.92641109613e-05	9.63205548064e-06	0	0	9.63205548064e-06	1.92641109613e-05	0	0.000327489886342	0	0	0	0	0	0	0	0.00366018108264	0	0	0	0	0	0	0.014409554999	0	0	0	0	0	0.0172028510884	0.00164708148719	0.00493161240609	0	0	0.00300520130996	0.00310152186477	0	0	0	0	0	0	0.0002985937199	5.77923328838e-05	3.85282219226e-05	6.74243883645e-05	0	0	0	0.000866884993258	0.000288961664419	3.85282219226e-05	1.92641109613e-05	4.81602774032e-05	0	0
0.00414178385668	0	0.0224137931034	0	0	0	5.77923328838e-05	0.00111731843575	0.000211905220574	0	9.63205548064e-06	9.63205548064e-06	0.000664611828164	4.81602774032e-05	0.00237911770372	0	0.00793681371605	0.0182142169139	0.000115584665768	0.00191677904065	0	0.0394528992487	0.00404546330187	0.096493931805	0.00075130032749	0	0.000741668272009	0.0113176651898	0.00161818532075	0.00633789250626	0.0212675785013	0	0	0.000703140050087	0.00851473704489	0	0	0	0	0	0	0	0	0	0.00075130032749	0	0	4.81602774032e-05	0	0	0	0.0096031593142	0	0	2.88961664419e-05	0	0	0.00878443459834	0.00822577538047	0.00125216721248	0	0	0.00266807936814	0.00117511076864	0	0	0	0	0	0	0.0101136582547	0.000471970718551	0.0115873627432	0.0120304372953	0	1.92641109613e-05	0	0.00360238874976	0.00121363899056	0.000703140050087	0.00128106337893	0.000934309381622	0	0
0.00324600269698	0.00173376998652	9.63205548064e-06	0	0.0119148526296	1.92641109613e-05	7.70564438451e-05	0.004228472356	0.00218647659411	0.00897707570796	0.00771527643999	0.000183009054132	0.00116547871316	0	0.00370834136005	0.00104026199191	0.00917934887305	0.0002985937199	3.85282219226e-05	0.000163744943171	0.00464265074167	0.000674243883645	0.0108071662493	0.00075130032749	0.0636293585051	3.85282219226e-05	0.000183009054132	0.00370834136005	0.0297534193797	0.00415141591216	0.000780196493932	0	2.88961664419e-05	0.00171450587555	0.00181082643036	0.000366018108264	8.66884993258e-05	0	0	0.010181082643	0	0	0.000231169331535	0.00141591215565	0.0188403005201	0.00202273165093	1.92641109613e-05	0.00030822577538	0	0.00108842226931	0.00014448083221	0.00287035253323	0	0	9.63205548064e-06	0.0072625698324	3.85282219226e-05	0.00271623964554	3.85282219226e-05	0.0259391254094	0	0	7.70564438451e-05	0.00877480254286	0.000481602774032	9.63205548064e-06	0	0	1.92641109613e-05	3.85282219226e-05	0.00376613369293	0	0.000924677326141	0.000269697553458	0.00280292814487	9.63205548064e-06	0	0.000491234829513	0	4.81602774032e-05	0	2.88961664419e-05	2.88961664419e-05	0
0	0.00216721248314	0	0	0	0	0	0	0	9.63205548064e-05	0	6.74243883645e-05	0	0.00240801387016	0	0	5.77923328838e-05	0	0	0	0	0	0.000895781159699	0	3.85282219226e-05	0.00479676362936	0	0.00254286264689	0	0	0	0	0	0	0	0	0	0	0	0	0	0	0	0	0	0	0.000423810441148	0	0.000549027162396	0	0	0	0	0	0	0	0	0	0	0	0.000654979772683	0	0	0	0	0	9.63205548064e-06	0	0	0	0	0.000587555384319	0.000105952610287	0	0	0	0.000558659217877	0	0.000125216721248	0	0	0	0	7.70564438451e-05
0.000587555384319	0.0026873434791	0.0119052205741	0	0.000134848776729	0	0.000693507994606	0.00015411288769	0.000500866884993	2.88961664419e-05	0.00118474282412	0.0116258909651	0.00123290310152	0.00301483336544	0.0027355037565	0	0	0.0136004623387	0.00392024658062	0.0151993835484	0.00143517626662	0	0	0.000741668272009	0.000183009054132	0	0.0790310152186	0.0229724523213	0.000288961664419	0.00500866884993	4.81602774032e-05	0.00575996917742	0.000366018108264	0.000732036216529	0.00722404161048	0	0.00587555384319	0	0	9.63205548064e-06	0	0	1.92641109613e-05	0	8.66884993258e-05	0.000115584665768	0.00254286264689	1.92641109613e-05	0.00232132537083	0	3.85282219226e-05	1.92641109613e-05	0	0.00279329608939	0.00316894625313	9.63205548064e-06	0	3.85282219226e-05	3.85282219226e-05	1.92641109613e-05	0.00301483336544	0.00629936428434	0.0039298786361	0.000202273165093	9.63205548064e-06	9.63205548064e-06	0.000221537276055	0	0	0.000327489886342	0.00982469659025	0.0141783856675	0.00857252937777	0.00151223271046	0	0	2.88961664419e-05	0.00075130032749	0.000375650163745	0.000818724715854	0.000240801387016	0.000269697553458	0	0
9.63205548064e-06	0.0314197649778	0.0321132729725	0	0	0	0	7.70564438451e-05	0.000173376998652	0.00255249470237	0	0	2.88961664419e-05	0.00565401656714	0.000115584665768	3.85282219226e-05	0.00824503949143	0.00958389520324	0.000105952610287	0.00130032748989	0	9.63205548064e-06	0.0172221151994	0.0113176651898	0.00370834136005	0.00254286264689	0.0229724523213	0.122124831439	4.81602774032e-05	0.000269697553458	3.85282219226e-05	0.000876517048738	0.000173376998652	5.77923328838e-05	0.000346753997303	0	0.021884030052	8.66884993258e-05	0	0	0	0.000231169331535	4.81602774032e-05	0.000231169331535	8.66884993258e-05	9.63205548064e-05	0.00235022153728	0.000125216721248	0.00575996917742	1.92641109613e-05	3.85282219226e-05	0.0137642072818	0.00562512040069	0.00130032748989	0.00258139086881	0	0	0.0169909458678	0.00673280678097	0.000125216721248	0.00609709111924	0.00300520130996	0.0318532074745	0.00015411288769	0	0	0.000770564438451	0	0	0.000780196493932	0.00516278173762	0.00252359853593	0.00102099788095	0.00198420342901	2.88961664419e-05	0	0.000105952610287	0.0130225390098	0.0011462146022	0.00325563475246	0.000828356771335	0.00060681949528	0.000394914274706	0
0.00548063956848	9.63205548064e-06	0.000125216721248	0	0.00833172799075	1.92641109613e-05	0.000221537276055	0.0296859949913	0.00400693507995	0.0051724137931	0.00758042766326	0.000423810441148	0.00101136582547	1.92641109613e-05	0.0068676555577	0.000982469659025	6.74243883645e-05	0.000231169331535	8.66884993258e-05	0.00030822577538	0.0020901560393	0.00389135041418	0.000356386052784	0.00161818532075	0.0297534193797	0	0.000288961664419	4.81602774032e-05	0.0725679059911	0.0122905027933	0.0143710267771	0	2.88961664419e-05	0.00926603737238	0.00534579079175	0	0	0	0	0.00794644577153	0	2.88961664419e-05	0.000356386052784	6.74243883645e-05	0.0219418223849	0.00153149682142	7.70564438451e-05	0.000163744943171	0	3.85282219226e-05	4.81602774032e-05	0.000134848776729	9.63205548064e-06	5.77923328838e-05	6.74243883645e-05	0.00516278173762	2.88961664419e-05	3.85282219226e-05	2.88961664419e-05	0.0238778655365	0	0	3.85282219226e-05	0.00780196493932	0.00014448083221	0	0	0	0	8.66884993258e-05	0.00264881525718	0	0.00248507031401	0.000895781159699	0.00136775187825	9.63205548064e-06	0	0.000712772105567	0	0.000327489886342	5.77923328838e-05	0.000346753997303	0.000414178385668	0
0.0198420342901	0	0.00178193026392	0	0.00236948564824	0.000712772105567	0.0062704681179	0.0136197264496	0.00704103255635	0.000269697553458	0.00719514544404	0.00874590637642	0.0091022924292	0.000183009054132	0.0323637064149	0.000703140050087	1.92641109613e-05	0.00126179926796	0.00139664804469	0.00275476786746	0.0068676555577	0.00654016567135	1.92641109613e-05	0.00633789250626	0.00415141591216	0	0.00500866884993	0.000269697553458	0.0122905027933	0.0653534964361	0.0241668272009	1.92641109613e-05	0.00569254478906	0.0180023116933	0.020419957619	0	0	0	0	9.63205548064e-05	0	0	2.88961664419e-05	9.63205548064e-05	0.00175303409748	0	9.63205548064e-06	0	0	5.77923328838e-05	0	0.000173376998652	0	0	9.63205548064e-06	2.88961664419e-05	0.000105952610287	0	5.77923328838e-05	0.000876517048738	0	0	1.92641109613e-05	0.000404546330187	5.77923328838e-05	0	0	0	0	1.92641109613e-05	0.00417068002312	0.00014448083221	0.0139375842805	0.0033326911963	0.000780196493932	0.000240801387016	0	0.000953573492583	0	7.70564438451e-05	0	0.000577923328838	0.000134848776729	0
0.0149874783279	0	0.0023405894818	0	1.92641109613e-05	0	0.000173376998652	0.0176362935851	0.00161818532075	0.000192641109613	3.85282219226e-05	0.0002985937199	0.000202273165093	8.66884993258e-05	0.0102485070314	1.92641109613e-05	9.63205548064e-06	0.00394914274706	7.70564438451e-05	0.000134848776729	0	0.0270757079561	9.63205548064e-06	0.0212675785013	0.000780196493932	0	4.81602774032e-05	3.85282219226e-05	0.0143710267771	0.0241668272009	0.0670294740898	0	1.92641109613e-05	0.0102581390869	0.00651126950491	0	0	0	0	0	0	0	0	9.63205548064e-05	0.00134848776729	0	9.63205548064e-06	0	0	4.81602774032e-05	0	0.000115584665768	0	0	9.63205548064e-06	0	6.74243883645e-05	0	2.88961664419e-05	0.000568291273358	0	0	9.63205548064e-06	0.000183009054132	5.77923328838e-05	0	0	0	0	1.92641109613e-05	0.00108842226931	1.92641109613e-05	0.00552879984589	0.00219610864959	2.88961664419e-05	0.000134848776729	0	0.000327489886342	0	5.77923328838e-05	0	0.000163744943171	0.000125216721248	0
0	0	0	0	0	0	0	0	9.63205548064e-06	0	0	0.00307262569832	0	0.00251396648045	9.63205548064e-06	0	0	0	0	0	0	0	0	0	0	0	0.00575996917742	0.000876517048738	0	1.92641109613e-05	0	0.00662685417068	9.63205548064e-06	0	2.88961664419e-05	0	0	0	0	0	0	0	0	0	0	0	0.000587555384319	0	0.00109805432479	0	0	0	0	0	0	0	0	0	0	0	0.000866884993258	0	1.92641109613e-05	0	0	0	2.88961664419e-05	0	0	0	0.0014929685995	0.00402619919091	0.000760932382971	0	0	0	1.92641109613e-05	0	0.000192641109613	0	0	0	0	0
0.000317857830861	0	0.00014448083221	0	9.63205548064e-06	0.00155076093238	0.00134848776729	8.66884993258e-05	0.00256212675785	0	0.00134848776729	0.00228279714891	0.00128106337893	0.00015411288769	0.0047774995184	0.000134848776729	0	0	4.81602774032e-05	1.92641109613e-05	0.000115584665768	0	0	0	2.88961664419e-05	0	0.000366018108264	0.000173376998652	2.88961664419e-05	0.00569254478906	1.92641109613e-05	9.63205548064e-06	0.00851473704489	8.66884993258e-05	0.00395877480254	0	0	0	0	9.63205548064e-06	0	0	0	0	9.63205548064e-06	0	0	0	0	0	0	0	0	0	0	9.63205548064e-06	0	0	0	9.63205548064e-06	0	0	0	9.63205548064e-06	0	0	0	0	0	0	0.000558659217877	4.81602774032e-05	0.00186861876324	0.00060681949528	0.000260065497977	0.000125216721248	0	0	0	0	0	0	0	0
0.00236948564824	0	7.70564438451e-05	0	0.00143517626662	9.63205548064e-06	0.00030822577538	0.0116162589097	0.000886149104219	1.92641109613e-05	0.00165671354267	0.00135811982277	0.000288961664419	1.92641109613e-05	0.00429589674437	1.92641109613e-05	0	8.66884993258e-05	0.000414178385668	0.000664611828164	0.000462338663071	0.00139664804469	9.63205548064e-06	0.000703140050087	0.00171450587555	0	0.000732036216529	5.77923328838e-05	0.00926603737238	0.0180023116933	0.0102581390869	0	8.66884993258e-05	0.0194663841264	0.00897707570796	0	0	0	0	0.000134848776729	0	0	7.70564438451e-05	0	0.000683875939125	0	9.63205548064e-06	0	0	9.63205548064e-06	0	0.000115584665768	0	0	9.63205548064e-06	9.63205548064e-06	6.74243883645e-05	0	3.85282219226e-05	0.000500866884993	0	0	9.63205548064e-06	0.000433442496629	4.81602774032e-05	0	0	0	0	1.92641109613e-05	0.00221537276055	3.85282219226e-05	0.00473897129647	0.00165671354267	2.88961664419e-05	3.85282219226e-05	0	0.000616451550761	0	3.85282219226e-05	0	0.000394914274706	2.88961664419e-05	0
0.00178193026392	0	0.00185898670776	0	0.00150260065498	0.000760932382971	0.0014929685995	0.00571180890002	0.00223463687151	2.88961664419e-05	0.00322673858601	0.011963012907	0.00340974764015	0.000366018108264	0.00971874397997	0.000433442496629	9.63205548064e-06	0.00922750915045	0.00168560970911	0.0106915815835	0.00297630514352	0.00406472741283	1.92641109613e-05	0.00851473704489	0.00181082643036	0	0.00722404161048	0.000346753997303	0.00534579079175	0.020419957619	0.00651126950491	2.88961664419e-05	0.00395877480254	0.00897707570796	0.049518397226	0	0	0	0	0.000134848776729	0	0	9.63205548064e-05	0	0.00155076093238	0	9.63205548064e-06	0	0	9.63205548064e-06	0	0.0002985937199	0	4.81602774032e-05	6.74243883645e-05	9.63205548064e-06	0.000125216721248	0	0.000115584665768	0.000635715661722	0	1.92641109613e-05	1.92641109613e-05	0.000770564438451	4.81602774032e-05	0	0	0	0	1.92641109613e-05	0.00688691966866	0.000192641109613	0.0280389135041	0.00373723752649	0.000115584665768	0.000231169331535	0	0.00224426892699	0.000192641109613	3.85282219226e-05	0	0.00143517626662	2.88961664419e-05	0
0	0	0	0	0	0	0	0	0	1.92641109613e-05	0	0	0	0	0	0	0	0	0	0	0	0	0	0	0.000366018108264	0	0	0	0	0	0	0	0	0	0	0.0113850895781	0	0	0	0	0	0	0.00194567520709	0.000250433442497	3.85282219226e-05	0	0	0	0	0.00548063956848	0	0	0	0	0	0	0.000809092660374	0	0	0.00297630514352	0	0	0	0.00195530726257	0.00557696012329	0.00526873434791	0	0	0	9.63205548064e-06	3.85282219226e-05	0	0	0	0	0	0	9.63205548064e-06	0	0	0	2.88961664419e-05	3.85282219226e-05	0
0	0.016393758428	0.00286072047775	0	0	0	0	0	0	9.63205548064e-05	0	0	0	0.00014448083221	0	0	0	6.74243883645e-05	0	9.63205548064e-06	0	0	0.000327489886342	0	8.66884993258e-05	0	0.00587555384319	0.021884030052	0	0	0	0	0	0	0	0	0.0350414178386	8.66884993258e-05	0	9.63205548064e-06	0	1.92641109613e-05	2.88961664419e-05	1.92641109613e-05	0.00185898670776	0.000115584665768	0.00136775187825	0	0.000703140050087	9.63205548064e-06	3.85282219226e-05	0.000125216721248	0.00315931419765	0.00147370448854	0.00156039298786	9.63205548064e-06	0	0.00622230784049	0	0.00420920824504	0.00449816990946	0.00404546330187	0.0245810055866	0.000202273165093	9.63205548064e-06	9.63205548064e-06	4.81602774032e-05	0	0	0.000317857830861	9.63205548064e-06	9.63205548064e-06	0	0	0	0	0	0.00030822577538	0	0.000799460604893	0.000211905220574	0.000288961664419	4.81602774032e-05	0
0	8.66884993258e-05	0	0	0	0	0	0	0	0	0	0	0	0	0	0	0	0	0	0	0	0	0	0	0	0	0	8.66884993258e-05	0	0	0	0	0	0	0	0	8.66884993258e-05	0.0364476979387	0	0	0	0	0	0	0	0	0	0	0	0	0	0	0.0109516470815	0.000125216721248	0.000163744943171	0	2.88961664419e-05	0	0.0117607397419	0	0	0.00577923328838	0.0140146407243	0	0	0	0	0	0	0.000491234829513	0	0	0	0	0	0	0	0	0	0	0	0	0	0
0	0	0	0	0	0	0	0	0	0	0	0	0	0	0	0	0	0	0	0	0	0	0	0	0	0	0	0	0	0	0	0	0	0	0	0	0	0	0	0	0	0	0	0	0	0	0	0	0	0	0	0	0	0	0	0	0	0	0	0	0	0	0	0	0	0	0	0	0	0	0	0	0	0	0	0	0	0	0	0	0	0	0	0
0	0	0	0	0.0042766326334	9.63205548064e-06	0	0.000953573492583	0	0.000924677326141	0.0044789057985	0	0.000414178385668	0	0	0	0	0	0	0	0.00162781737623	0	0	0	0.010181082643	0	9.63205548064e-06	0	0.00794644577153	9.63205548064e-05	0	0	9.63205548064e-06	0.000134848776729	0.000134848776729	0	9.63205548064e-06	0	0	0.0209593527259	9.63205548064e-06	0.000683875939125	4.81602774032e-05	0.000423810441148	0.00887112309767	0.00260065497977	0.000125216721248	0.0026391832017	0	0.00015411288769	0.000722404161048	0	0	5.77923328838e-05	3.85282219226e-05	0.0131573877866	0	0	0	0.0138990560586	0	0	0	0.00621267578501	0	0	0	0	0	0.000115584665768	0.000529763051435	0	0	0	0.000125216721248	0	0	0.000327489886342	0	0.000173376998652	7.70564438451e-05	0.000809092660374	0.000163744943171	0
0	0	0	0	0	0	0	0	0	0	0	0	0	0	0	0	0	0	0	0	0	0	0	0	0	0	0	0	0	0	0	0	0	0	0	0	0	0	0	9.63205548064e-06	0.00314005008669	0.00151223271046	0	0.000269697553458	0.000115584665768	0	0	9.63205548064e-05	0	0	0.00100173376999	0	0	0	0	0	0	0	0	7.70564438451e-05	0	0	0	0	0	0	0	2.88961664419e-05	0	0	0	0	0	0	0	0	0	0	0	0	0	0.000279329608939	0.000346753997303	0
0	2.88961664419e-05	8.66884993258e-05	0	3.85282219226e-05	0	0	2.88961664419e-05	0	9.63205548064e-06	0	0	5.77923328838e-05	0	0	0	0	0	0	0	0	0	0	0	0	0	0	0.000231169331535	2.88961664419e-05	0	0	0	0	0	0	0	1.92641109613e-05	0	0	0.000683875939125	0.00151223271046	0.0510209978809	0.00782122905028	0.0313908688114	0.000279329608939	0.0213927952225	0.00352533230591	0.0117511076864	0.000375650163745	0.00571180890002	0.00665575033712	0	0	0.00100173376999	0.000327489886342	0.00672317472549	0	0	0	0.00188788287421	0	8.66884993258e-05	9.63205548064e-06	0.00555769601233	0.000115584665768	0	0	0.000192641109613	0	0.00332305914082	1.92641109613e-05	0	0	0	0	0	0	0.00365054902716	0	0.00327489886342	0.00090541321518	0.00730109805432	0.00412251974571	0.000173376998652
0	9.63205548064e-06	1.92641109613e-05	0	0.000231169331535	0	0	0.000183009054132	0	0	0	0	0	0	0	0	0	0	0	0	9.63205548064e-06	0	0	0	0.000231169331535	0	1.92641109613e-05	4.81602774032e-05	0.000356386052784	2.88961664419e-05	0	0	0	7.70564438451e-05	9.63205548064e-05	0.00194567520709	2.88961664419e-05	0	0	4.81602774032e-05	0	0.00782122905028	0.0678481988056	0.0179541514159	0.000317857830861	0.0129647466769	0.001242535157	0	0	0.0172221151994	0.00286072047775	2.88961664419e-05	3.85282219226e-05	0.000712772105567	0.00109805432479	0	0.00439221729917	0	0.00389135041418	0.020381429397	0	3.85282219226e-05	1.92641109613e-05	0.0267385860143	0.00156039298786	0.00915045270661	0	0	0	0.00375650163745	9.63205548064e-05	0	9.63205548064e-06	0	0	0	0	0.000115584665768	0	0.00132922365633	3.85282219226e-05	0.00270660759006	0.000577923328838	0
8.66884993258e-05	2.88961664419e-05	8.66884993258e-05	0	1.92641109613e-05	0	0	2.88961664419e-05	0	0.00014448083221	0	0	1.92641109613e-05	0	7.70564438451e-05	0	0	0	0	0	0	0	0	0	0.00141591215565	0	0	0.000231169331535	6.74243883645e-05	9.63205548064e-05	9.63205548064e-05	0	0	0	0	0.000250433442497	1.92641109613e-05	0	0	0.000423810441148	0.000269697553458	0.0313908688114	0.0179541514159	0.0673088036987	0.000915045270661	0.0175110768638	0.000857252937777	0.00759969177422	0.000327489886342	0.0235792718166	0.00241764592564	5.77923328838e-05	0	4.81602774032e-05	6.74243883645e-05	0.00461375457523	0.00371797341553	0	0.00135811982277	0.013927952225	0	0	9.63205548064e-06	0.0152090156039	0.000385282219226	0.000934309381622	0	0.0005971874398	0	0.00211905220574	0.000712772105567	9.63205548064e-06	0	0	0	0	0	0.00352533230591	0	0.000886149104219	0.000876517048738	0.00497977268349	0.00336158736274	0.000125216721248
0.000953573492583	1.92641109613e-05	0	0	0.00465228279715	9.63205548064e-06	0	0.00752263533038	9.63205548064e-06	0.00571180890002	0.00249470236949	0	0.000414178385668	0	0.000915045270661	0	0.00189751492969	6.74243883645e-05	9.63205548064e-06	2.88961664419e-05	0.00152186476594	0.000809092660374	0.00366018108264	0.00075130032749	0.0188403005201	0	8.66884993258e-05	8.66884993258e-05	0.0219418223849	0.00175303409748	0.00134848776729	0	9.63205548064e-06	0.000683875939125	0.00155076093238	3.85282219226e-05	0.00185898670776	0	0	0.00887112309767	0.000115584665768	0.000279329608939	0.000317857830861	0.000915045270661	0.0475245617415	0.000539395106916	8.66884993258e-05	0.00331342708534	0	0.000626083606242	0.00279329608939	0.0029377769216	9.63205548064e-06	0.000125216721248	0.000134848776729	0.00526873434791	3.85282219226e-05	0.00704103255635	8.66884993258e-05	0.0367751878251	0.000394914274706	0.000221537276055	0.00170487382007	0.0108071662493	0.000221537276055	1.92641109613e-05	0	0	0	0.000105952610287	0.00389135041418	0.00030822577538	3.85282219226e-05	0	0.000192641109613	0	0	0.00255249470237	0.000163744943171	0.000443074552109	6.74243883645e-05	0.00212868426122	0.0005971874398	0
0	9.63205548064e-06	0	0	0.000481602774032	0	0	1.92641109613e-05	0	2.88961664419e-05	0.00148333654402	0	9.63205548064e-06	0	0	0	0	0	0	0	0.000337121941822	0	0	0	0.00202273165093	0	0.000115584665768	9.63205548064e-05	0.00153149682142	0	0	0	0	0	0	0	0.000115584665768	0	0	0.00260065497977	0	0.0213927952225	0.0129647466769	0.0175110768638	0.000539395106916	0.0485455596224	0.0023887497592	0.00180119437488	0	0.00550953573493	0.00232132537083	0	0	0.00134848776729	0.000481602774032	0.00560585628973	1.92641109613e-05	0	9.63205548064e-06	0.00231169331535	0	6.74243883645e-05	2.88961664419e-05	0.0107686380274	0	0	0	0	0	0.00244654209208	0.000433442496629	0	0	0	0	0	0	0.00102099788095	0	0.00246580620304	6.74243883645e-05	0.00387208630322	0.000317857830861	0
0	0.000269697553458	1.92641109613e-05	0	0	0	0	6.74243883645e-05	0	0	0	3.85282219226e-05	0	0.00394914274706	0	0	0	0	0	1.92641109613e-05	0	0	0	0	1.92641109613e-05	0.000423810441148	0.00254286264689	0.00235022153728	7.70564438451e-05	9.63205548064e-06	9.63205548064e-06	0.000587555384319	0	9.63205548064e-06	9.63205548064e-06	0	0.00136775187825	0	0	0.000125216721248	0	0.00352533230591	0.001242535157	0.000857252937777	8.66884993258e-05	0.0023887497592	0.0342804854556	0.000491234829513	0.0094008861491	0.00173376998652	0.00331342708534	2.88961664419e-05	0	0.00862068965517	0.00451743402042	0.000558659217877	0	0	9.63205548064e-06	0.00112695049123	0.00412251974571	0.00211905220574	0.00060681949528	0.00160855326527	0.00014448083221	8.66884993258e-05	0.000423810441148	4.81602774032e-05	0	0.0122134463495	9.63205548064e-06	0.00321710653053	0	0	0	0	0.000481602774032	0.00188788287421	0.00461375457523	0.0107975341938	0.00139664804469	0.00499903679445	0.00105952610287	0.00211905220574
0	0	2.88961664419e-05	0	0.000260065497977	0	1.92641109613e-05	9.63205548064e-06	0	0.000626083606242	0.00015411288769	0	0.000654979772683	0	0	0	0	1.92641109613e-05	0	0	2.88961664419e-05	0	0	4.81602774032e-05	0.00030822577538	0	1.92641109613e-05	0.000125216721248	0.000163744943171	0	0	0	0	0	0	0	0	0	0	0.0026391832017	9.63205548064e-05	0.0117511076864	0	0.00759969177422	0.00331342708534	0.00180119437488	0.000491234829513	0.024388364477	0	0.00132922365633	0.00347717202851	1.92641109613e-05	0	0.000279329608939	3.85282219226e-05	0.0104026199191	0	1.92641109613e-05	0.00014448083221	0.00221537276055	0	3.85282219226e-05	0.000125216721248	2.88961664419e-05	0	0	0	0	0	0.000481602774032	0.000105952610287	0	0	5.77923328838e-05	0	0	0	0.000202273165093	0	0.000789828549412	0.000404546330187	0.00136775187825	0.000375650163745	0
0	0.000173376998652	1.92641109613e-05	0	0	0	0	0	0	0	0	2.88961664419e-05	0	0.00778270082836	0	0	0	0	0	0	0	0	0	0	0	0.000549027162396	0.00232132537083	0.00575996917742	0	0	0	0.00109805432479	0	0	0	0	0.000703140050087	0	0	0	0	0.000375650163745	0	0.000327489886342	0	0	0.0094008861491	0	0.0180601040262	0.000125216721248	0	0	0	1.92641109613e-05	9.63205548064e-06	0	0	0	0	0	0.0103640916972	0.00101136582547	0.000857252937777	0	0	0	0.00155076093238	0	0	0.000703140050087	0	0.00324600269698	0	0	0	0	0.000481602774032	0.000895781159699	0.00314005008669	0.00145444037758	0.000462338663071	0.000231169331535	0.000780196493932	0.00163744943171
5.77923328838e-05	9.63205548064e-06	0	0	9.63205548064e-06	0	0	3.85282219226e-05	0	0.000115584665768	0	0	0	0	5.77923328838e-05	0	0	0	0	0	0	0	0	0	0.00108842226931	0	0	1.92641109613e-05	3.85282219226e-05	5.77923328838e-05	4.81602774032e-05	0	0	9.63205548064e-06	9.63205548064e-06	0.00548063956848	9.63205548064e-06	0	0	0.00015411288769	0	0.00571180890002	0.0172221151994	0.0235792718166	0.000626083606242	0.00550953573493	0.00173376998652	0.00132922365633	0.000125216721248	0.0416682720092	0.00261028703525	3.85282219226e-05	0	0	0	0.000770564438451	0.00334232325178	0	0.000895781159699	0.0149200539395	0	0	0	0.0104026199191	0.00448853785398	0.00383355808129	0	0	0	0.00255249470237	0.000520130995955	1.92641109613e-05	0	0	0	0	0	0.000221537276055	0	0.00116547871316	0.000134848776729	0.000500866884993	0.000828356771335	1.92641109613e-05
0	0	0	0	0.000250433442497	0	0	0	0	0.000847620882296	2.88961664419e-05	0	0.000202273165093	0	0	0	0	0	0	0	0.00030822577538	0	0	0	0.00014448083221	0	3.85282219226e-05	3.85282219226e-05	4.81602774032e-05	0	0	0	0	0	0	0	3.85282219226e-05	0	0	0.000722404161048	0.00100173376999	0.00665575033712	0.00286072047775	0.00241764592564	0.00279329608939	0.00232132537083	0.00331342708534	0.00347717202851	0	0.00261028703525	0.0136967828935	0	0	0.00185898670776	0.00106915815835	0.00163744943171	0	0	0	0.00406472741283	0	9.63205548064e-05	9.63205548064e-06	0.000799460604893	6.74243883645e-05	0	0	0	0	0.00329416297438	9.63205548064e-05	0	0	0	9.63205548064e-06	0	0	0.00160855326527	0	0.00281256020035	3.85282219226e-05	0.00574070506646	9.63205548064e-05	0
