0.0331381351811	1.60767180988e-05	0.000188901437661	0	1.60767180988e-05	2.00958976235e-05	0.00227485561098	0.016691652566	0.0122183057551	4.82301542963e-05	0.00315103674736	0.00206585827569	0.00307467233639	2.41150771482e-05	0.0153492466048	3.61726157222e-05	4.42109747716e-05	0.000100479488117	0.00026526584863	0.000116556206216	0.00569115820696	0.00228691314955	1.20575385741e-05	0.00249189130531	0.000639049544426	8.03835904938e-06	0.000518474158685	6.02876928704e-05	0.00481899625011	0.0195814426443	0.013267311611	0	0	0.00298625038685	0.00798610971556	0	0	0	0	9.64603085926e-05	8.03835904938e-06	5.62685133457e-05	4.01917952469e-06	2.00958976235e-05	0.000104498667642	7.63644109691e-05	4.01917952469e-06	1.60767180988e-05	0	4.01917952469e-06	0	0	4.01917952469e-06	0	0	8.03835904938e-05	4.01917952469e-06	1.20575385741e-05	0	0.000108517847167	0	4.01917952469e-06	0	7.23452314445e-05	0	4.01917952469e-06	0	2.41150771482e-05	0	0	0.000120575385741	7.23452314445e-05	0.00378204793274	0.00038584123437	0.000261246669105	0.00013665210384	2.41150771482e-05	3.61726157222e-05	0	6.83260519198e-05	8.03835904938e-05	6.02876928704e-05	5.2249333821e-05	0
1.60767180988e-05	0.024175364841	0.000132632924315	0	0	0	4.01917952469e-06	1.20575385741e-05	4.01917952469e-06	0.00284959828301	8.03835904938e-06	8.03835904938e-06	4.01917952469e-06	5.62685133457e-05	2.00958976235e-05	1.20575385741e-05	0.00214624186619	2.41150771482e-05	2.41150771482e-05	4.82301542963e-05	8.03835904938e-06	0.000498378261062	0.0048672264044	0.000639049544426	0.00248787212578	0.000840008520661	0.00300634628447	0.0185887053017	9.24411290679e-05	3.61726157222e-05	2.41150771482e-05	1.60767180988e-05	0	4.01917952469e-06	9.24411290679e-05	0	0.0106186723042	0.000112537026691	0	6.02876928704e-05	0	0	0	0	0.00013665210384	0	4.01917952469e-06	0	1.60767180988e-05	0	0	0.00210605007094	3.21534361975e-05	8.03835904938e-06	0.000208997335284	0	0.000140671283364	0.00103694831737	0.000928430470204	0.000120575385741	0.000679241339673	0.00091637293163	0.0118405028797	8.44027700185e-05	0	0	0	0	0	0	0.000474263183914	0.000434071388667	6.02876928704e-05	2.81342566728e-05	4.01917952469e-06	4.01917952469e-06	0	0.000225074053383	6.43068723951e-05	0	0	1.20575385741e-05	0	0
0.000188901437661	0.000132632924315	0.0319524772213	0	0	0	4.01917952469e-06	8.84219495432e-05	0.000112537026691	1.20575385741e-05	4.01917952469e-06	0	1.20575385741e-05	4.01917952469e-06	0.000124594565265	8.03835904938e-06	8.03835904938e-06	0.00369362598319	2.41150771482e-05	0.000550627594883	0	0.00338414915979	4.01917952469e-06	0.0157270494801	3.61726157222e-05	0	0.0104820202004	0.0110165710772	0.000100479488117	0.000233112412432	0.00405535214041	0	0	0.000120575385741	0.000466224824864	0	0	0.000659145442049	0	0	0	4.01917952469e-06	2.00958976235e-05	2.00958976235e-05	1.20575385741e-05	4.01917952469e-06	0	4.01917952469e-06	0	4.01917952469e-06	0	2.00958976235e-05	2.81342566728e-05	0	0	1.20575385741e-05	0.000148709642414	0.000148709642414	0.000739529032543	4.01917952469e-06	0	2.41150771482e-05	0.00152326903986	8.84219495432e-05	0	2.41150771482e-05	0	0	0	4.01917952469e-06	0.00496770589252	0.000478282363438	0.00202968565997	0.00052249333821	1.60767180988e-05	8.03835904938e-06	0	0.000213016514809	3.21534361975e-05	4.42109747716e-05	4.42109747716e-05	4.01917952469e-06	0	0
0	0	0	0	0	0	0	0	0	0	0	0	0	0	0	0	0	0	0	0	0	0	0	0	0	0	0	0	0	0	0	0	0	0	0	0	0	0	0	0	0	0	0	0	0	0	0	0	0	0	0	0	0	0	0	0	0	0	0	0	0	0	0	0	0	0	0	0	0	0	0	0	0	0	0	0	0	0	0	0	0	0	0	0
1.60767180988e-05	0	0	0	0.0193684261295	4.01917952469e-06	0.000337611080074	0.000771682468741	0.000233112412432	0.000450148106765	0.000707375596346	0.000132632924315	0.00219447202048	5.2249333821e-05	0.000160767180988	2.81342566728e-05	0	0	3.21534361975e-05	4.01917952469e-06	0.00541383481976	0	4.01917952469e-06	4.01917952469e-06	0.00887032921099	4.01917952469e-06	7.63644109691e-05	2.00958976235e-05	0.00598455831227	0.000631011185377	2.41150771482e-05	0	4.01917952469e-05	0.000273304207679	0.000856085238759	0	4.01917952469e-06	4.01917952469e-06	0	0.00403927542232	0.00012861374479	0.000948526367827	0.000200958976235	0.000534550876784	0.0029299818735	0.00237533509909	0.000200958976235	0.00476674691628	8.03835904938e-06	0.000164786360512	0.000213016514809	4.01917952469e-06	0.000277323387204	0.000124594565265	0.000639049544426	0.00688887370532	0	4.01917952469e-06	2.41150771482e-05	0.00178049652944	4.01917952469e-06	9.24411290679e-05	2.81342566728e-05	0.00077972082779	8.03835904938e-06	0	4.01917952469e-06	4.42109747716e-05	0	0.000618953646803	0.000217035694333	0.000261246669105	0.000715413955395	0.000530531697259	8.44027700185e-05	4.42109747716e-05	4.42109747716e-05	4.42109747716e-05	0	0.00120575385741	0.000225074053383	0.00058278103108	0.000160767180988	8.03835904938e-06
2.00958976235e-05	0	0	0	4.01917952469e-06	0.00710590939966	0.00401917952469	0.000225074053383	0.00122584975503	8.44027700185e-05	0	0	2.41150771482e-05	4.01917952469e-06	4.82301542963e-05	0.00305859561829	0	0	0	0	0	4.01917952469e-06	0	0.00013665210384	6.83260519198e-05	0	0	0	0.000261246669105	0.00012861374479	5.62685133457e-05	0	0.00171217047752	7.63644109691e-05	0.000221054873858	0	0	0	0	8.03835904938e-06	0	1.60767180988e-05	6.83260519198e-05	6.83260519198e-05	8.03835904938e-06	2.00958976235e-05	1.20575385741e-05	0	0	0	0	0	0	4.01917952469e-06	1.20575385741e-05	2.81342566728e-05	3.21534361975e-05	0	2.00958976235e-05	2.00958976235e-05	0	0	0	0.000124594565265	0	1.60767180988e-05	0	4.01917952469e-06	0	1.20575385741e-05	0.000164786360512	8.03835904938e-06	0.00025722748958	0.000200958976235	0.00282950238538	0.000819912623037	4.01917952469e-06	4.01917952469e-06	0	3.21534361975e-05	0.000144690462889	8.03835904938e-06	4.01917952469e-06	0
0.00227485561098	4.01917952469e-06	4.01917952469e-06	0	0.000337611080074	0.00401917952469	0.0438492486144	0.0157632220958	0.0197824016205	0.000160767180988	0.00735911770971	0.000655126262525	0.00512043471446	0.000417994670568	0.00897884705816	0.00407946721756	0	1.60767180988e-05	0.000301438464352	0.000124594565265	0.00290184761683	0.00026526584863	0	0.000518474158685	0.000269285028154	4.01917952469e-06	0.000333591900549	0.000140671283364	0.00785749597077	0.0102770420446	0.00497172507204	4.01917952469e-06	0.00225074053383	0.0055987170779	0.00756409586547	0	4.01917952469e-06	4.01917952469e-06	0	0.000200958976235	4.42109747716e-05	0.000807855084463	0	0.000321534361975	0.000229093232907	0.000273304207679	0.000172824719562	0.000470244004389	0	8.03835904938e-06	8.03835904938e-06	0	1.20575385741e-05	0	0	0.000430052209142	0	4.01917952469e-06	0	0.000249189130531	0	1.60767180988e-05	2.00958976235e-05	6.83260519198e-05	4.01917952469e-06	4.01917952469e-06	0	7.63644109691e-05	0	4.01917952469e-06	0.00120173467788	0.000932449649729	0.00434071388667	0.00278127223109	0.00234720084242	0.000687279698722	0.00026526584863	0.000148709642414	1.20575385741e-05	0.000900296213531	0.000864123597809	0.000743548212068	0.000253208310056	1.20575385741e-05
0.016691652566	1.20575385741e-05	8.84219495432e-05	0	0.000771682468741	0.000225074053383	0.0157632220958	0.0678959997106	0.0239985209419	0.000112537026691	0.0131587937638	0.00526914435687	0.00260844751152	0.000739529032543	0.017173954109	0.000920392111154	4.01917952469e-06	8.84219495432e-05	0.00178049652944	0.000667183801099	0.00897884705816	0.00140269365412	0	0.00110929354881	0.0013665210384	9.64603085926e-05	0.00200958976235	0.000683260519198	0.0302242300257	0.0292033584264	0.0161128907145	3.21534361975e-05	0.000369764516272	0.0150317314223	0.0226038656469	0	3.21534361975e-05	8.03835904938e-06	0	0.00221456791811	0.000148709642414	0.00164786360512	8.03835904938e-06	0.000614934467278	0.00241552689434	0.00113742780549	8.84219495432e-05	0.00106106339452	0	1.60767180988e-05	1.60767180988e-05	8.03835904938e-06	1.60767180988e-05	4.01917952469e-06	4.01917952469e-06	0.00196537878757	4.01917952469e-06	1.20575385741e-05	4.01917952469e-06	0.00239141181719	2.41150771482e-05	0.00012861374479	4.82301542963e-05	0.00124192647313	8.03835904938e-06	1.60767180988e-05	0	0.000204978155759	0	8.03835904938e-06	0.00236327756052	0.00217839530238	0.0130382183781	0.00634628446949	0.000594838569654	0.000422013850093	0.000309476823401	0.000490339902012	2.81342566728e-05	0.0019050910947	0.00188901437661	0.00176843899086	0.000823931802562	2.00958976235e-05
0.0122183057551	4.01917952469e-06	0.000112537026691	0	0.000233112412432	0.00122584975503	0.0197824016205	0.0239985209419	0.048824992866	2.41150771482e-05	0.00552637184645	0.00235523920147	0.00116958124169	0.000598857749179	0.0248827404374	0.00124192647313	4.01917952469e-06	4.01917952469e-05	0.00122986893456	0.000108517847167	0.00399908362707	0.00175236227277	0	0.00187695683803	0.000321534361975	2.81342566728e-05	0.000896277034006	0.000152728821938	0.00884621413385	0.0199793414172	0.00860506336237	4.01917952469e-06	0.00122584975503	0.00663566539527	0.0139626296688	0	4.01917952469e-06	0	0	0.000405937131994	3.61726157222e-05	0.00155140329653	4.01917952469e-06	0.000506416620111	0.000442109747716	0.000715413955395	0.000229093232907	0.000807855084463	0	2.81342566728e-05	1.20575385741e-05	0	2.41150771482e-05	0	0	0.000679241339673	0	8.03835904938e-06	0	0.000494359081537	0	4.82301542963e-05	1.60767180988e-05	6.02876928704e-05	2.81342566728e-05	4.01917952469e-06	0	0.000100479488117	0	4.01917952469e-06	0.00206183909617	0.00132231006362	0.00853271813092	0.00405535214041	0.00101283324022	0.000273304207679	0.000353687798173	0.000180863078611	2.00958976235e-05	0.0016759978618	0.00166394032322	0.00141475119269	0.000458186465815	3.21534361975e-05
4.82301542963e-05	0.00284959828301	1.20575385741e-05	0	0.000450148106765	8.44027700185e-05	0.000160767180988	0.000112537026691	2.41150771482e-05	0.022459175184	3.21534361975e-05	4.82301542963e-05	0.00111733190786	2.41150771482e-05	6.43068723951e-05	0.0015795375532	0.00170011293894	4.01917952469e-06	5.62685133457e-05	2.41150771482e-05	0.000486320722488	0.0016920745799	0.0058438870289	0.0009766606245	0.0108397271781	6.83260519198e-05	9.64603085926e-05	0.000466224824864	0.00335601490312	0.00012861374479	0.000273304207679	0	0	0.000100479488117	0.00232308576527	8.03835904938e-06	1.20575385741e-05	4.01917952469e-06	0	0.000426033029617	1.60767180988e-05	0.000277323387204	1.60767180988e-05	6.02876928704e-05	0.00566704312982	6.83260519198e-05	4.01917952469e-06	0.000160767180988	8.03835904938e-06	3.61726157222e-05	1.60767180988e-05	4.42109747716e-05	0	0	4.01917952469e-06	8.03835904938e-05	0	0.00311486413164	4.01917952469e-06	0.00390262331848	8.03835904938e-06	2.41150771482e-05	3.21534361975e-05	0.00211810760951	8.03835904938e-06	0	0	6.83260519198e-05	0	0	0.00279332976966	0.000285361746253	0.00123790729361	0.00110929354881	0.00354491634078	5.2249333821e-05	1.20575385741e-05	0.000892257854482	5.2249333821e-05	0.000208997335284	0.000204978155759	0.000164786360512	0.000112537026691	0
0.00315103674736	8.03835904938e-06	4.01917952469e-06	0	0.000707375596346	0	0.00735911770971	0.0131587937638	0.00552637184645	3.21534361975e-05	0.028319138931	0.00216633776381	0.00268883110202	0.000213016514809	0.00446128927241	8.44027700185e-05	4.01917952469e-06	1.60767180988e-05	0.000803835904938	0.000180863078611	0.00768065207169	1.20575385741e-05	0	3.21534361975e-05	0.000237131591957	4.82301542963e-05	0.000618953646803	0.000241150771482	0.00579565687461	0.00693308468009	0.000144690462889	0	1.20575385741e-05	0.000980679804025	0.00632216939234	0	2.00958976235e-05	0	0	0.00013665210384	3.61726157222e-05	0.000707375596346	0.000132632924315	0.000490339902012	0.000184882258136	0.00110929354881	0.000160767180988	0.000655126262525	0	8.84219495432e-05	1.20575385741e-05	0	9.64603085926e-05	6.43068723951e-05	0.000297419284827	0.00167197868227	0	0	0	0.000594838569654	2.00958976235e-05	0.000112537026691	2.41150771482e-05	4.01917952469e-05	4.42109747716e-05	0	0	8.03835904938e-06	0	0.000192920617185	0.000526512517735	0.000695318057772	0.0029621353097	0.00116958124169	0.000132632924315	2.00958976235e-05	0.000172824719562	4.01917952469e-05	8.03835904938e-06	0.000920392111154	0.000558665953932	0.000530531697259	0.000156748001463	4.01917952469e-06
0.00206585827569	8.03835904938e-06	0	0	0.000132632924315	0	0.000655126262525	0.00526914435687	0.00235523920147	4.82301542963e-05	0.00216633776381	0.0295650845836	0.0025722748958	0.00446128927241	0.00419200424425	6.02876928704e-05	4.01917952469e-06	0.000249189130531	0.00659949277954	0.00163178688702	0.00439698240001	6.43068723951e-05	0	0.00026526584863	0.000144690462889	0.00198145550567	0.00490741819965	0.000514454979161	0.00196135960805	0.00982689393787	0.000313496002926	0.00039387959342	0.0015956142713	0.00126202237075	0.0139746872074	0	3.61726157222e-05	0	0	9.24411290679e-05	4.01917952469e-06	5.62685133457e-05	0	2.81342566728e-05	0.000160767180988	7.63644109691e-05	0.00108115929214	4.01917952469e-05	0.00138661693602	0	0	0	1.60767180988e-05	0	4.01917952469e-06	9.24411290679e-05	1.20575385741e-05	2.81342566728e-05	8.03835904938e-06	0.000140671283364	6.02876928704e-05	0.000293400105303	3.61726157222e-05	3.61726157222e-05	0	4.01917952469e-06	0.000100479488117	0	0	0	0.00141877037222	0.00366951090604	0.00676427914006	0.00111733190786	2.00958976235e-05	2.81342566728e-05	0.00124996483218	4.01917952469e-05	0.00155944165558	6.43068723951e-05	6.43068723951e-05	5.62685133457e-05	2.00958976235e-05	0.00108517847167
0.00307467233639	4.01917952469e-06	1.20575385741e-05	0	0.00219447202048	2.41150771482e-05	0.00512043471446	0.00260844751152	0.00116958124169	0.00111733190786	0.00268883110202	0.0025722748958	0.0317756333222	0.00091637293163	0.00126202237075	0.00188901437661	0	1.20575385741e-05	0.000550627594883	0.000225074053383	0.0148026381894	1.60767180988e-05	0	4.01917952469e-05	0.00170413211847	1.60767180988e-05	0.00058278103108	0.000377802875321	0.00237935427862	0.00749978899307	0.000233112412432	4.01917952469e-06	5.62685133457e-05	0.000409956311519	0.00687681616675	0	1.20575385741e-05	0	0	9.64603085926e-05	4.01917952469e-06	0.00473861265961	8.03835904938e-06	0.00157149919415	0.000305457643877	0.00266069684535	0.00126604155028	0.00670399144719	7.63644109691e-05	0.000229093232907	1.20575385741e-05	0	8.03835904938e-06	0.000446128927241	0.000200958976235	0.00316711346546	0	0	0	0.000100479488117	1.20575385741e-05	0.000217035694333	1.60767180988e-05	3.21534361975e-05	8.03835904938e-06	0	0	0	0	6.83260519198e-05	0.000502397440586	0.00190911027423	0.00342032177551	0.00243562279196	0.00141475119269	2.00958976235e-05	0.00038584123437	6.43068723951e-05	4.01917952469e-06	0.00352883962268	0.00206987745522	0.00301036546399	0.000313496002926	5.62685133457e-05
2.41150771482e-05	5.62685133457e-05	4.01917952469e-06	0	5.2249333821e-05	4.01917952469e-06	0.000417994670568	0.000739529032543	0.000598857749179	2.41150771482e-05	0.000213016514809	0.00446128927241	0.00091637293163	0.0184198997617	0.000799816725414	0.000261246669105	0	2.00958976235e-05	6.43068723951e-05	8.03835904938e-06	0.00025722748958	2.81342566728e-05	1.20575385741e-05	0.000132632924315	7.23452314445e-05	0.00830362489801	0.00182068832469	0.000932449649729	0.000574742672031	0.00262854340915	0.000188901437661	0.00264863930677	0.000647087903475	0.000514454979161	0.00358912731555	0	0.000217035694333	8.03835904938e-06	0	6.83260519198e-05	1.20575385741e-05	0.0028978284373	8.03835904938e-06	0.00161972934845	0.000305457643877	0.000707375596346	0.00420808096235	0.0013504443203	0.00534550876784	1.60767180988e-05	4.42109747716e-05	4.01917952469e-06	4.01917952469e-06	0	8.03835904938e-06	0.000606896108228	0	0.000221054873858	0	0.000285361746253	0.000912353752105	0.000795797545889	0.000172824719562	6.83260519198e-05	1.20575385741e-05	0	0.00046220564534	4.01917952469e-06	0	1.60767180988e-05	0.000771682468741	0.00216231858428	0.00434875224572	0.00309878741354	0.000245169951006	0.000100479488117	0.00161571016893	0.000200958976235	0.0023110282267	0.00320328608118	0.00307467233639	0.0025883516139	0.00106106339452	0.00168805540037
0.0153492466048	2.00958976235e-05	0.000124594565265	0	0.000160767180988	4.82301542963e-05	0.00897884705816	0.017173954109	0.0248827404374	6.43068723951e-05	0.00446128927241	0.00419200424425	0.00126202237075	0.000799816725414	0.0454448628857	0.000245169951006	4.42109747716e-05	0.000108517847167	0.00170413211847	0.000233112412432	0.0042161193214	0.00163580606655	1.20575385741e-05	0.00253610228008	0.000691298878247	3.21534361975e-05	0.00125800319123	0.000184882258136	0.00643068723951	0.0318560169127	0.0122826126275	0	0.00224270217478	0.00703758334774	0.0153974767591	0	4.01917952469e-06	0	0	0.000389860413895	1.60767180988e-05	0.00113742780549	8.03835904938e-06	0.00038584123437	0.000401917952469	0.000651107083	0.00026526584863	0.000570723492506	0	2.81342566728e-05	0	0	2.41150771482e-05	0	0	0.000562685133457	1.20575385741e-05	2.81342566728e-05	8.03835904938e-06	0.000450148106765	0	4.01917952469e-05	1.20575385741e-05	0.000156748001463	2.41150771482e-05	4.01917952469e-06	0	7.63644109691e-05	0	0	0.00180863078611	0.00102890995832	0.00761634519929	0.00303046136162	0.000405937131994	0.00025722748958	0.000450148106765	0.000144690462889	2.00958976235e-05	0.00121379221646	0.00122584975503	0.000952545547352	0.000253208310056	3.21534361975e-05
3.61726157222e-05	1.20575385741e-05	8.03835904938e-06	0	2.81342566728e-05	0.00305859561829	0.00407946721756	0.000920392111154	0.00124192647313	0.0015795375532	8.44027700185e-05	6.02876928704e-05	0.00188901437661	0.000261246669105	0.000245169951006	0.0135486541777	1.20575385741e-05	4.42109747716e-05	3.21534361975e-05	3.61726157222e-05	0.000168805540037	0.000341630259599	8.03835904938e-06	0.00038584123437	0.000928430470204	0	0.000108517847167	4.42109747716e-05	0.00236327756052	0.00239141181719	0.00194930206948	0	0.000192920617185	0.00205380073712	0.00379410547131	0	8.03835904938e-06	4.01917952469e-06	0	6.83260519198e-05	4.01917952469e-06	0.000478282363438	1.20575385741e-05	0.000281342566728	0.0012539840117	0.000156748001463	3.61726157222e-05	0.000329572721025	0	4.01917952469e-06	4.01917952469e-06	0	1.60767180988e-05	4.01917952469e-06	0	0.000180863078611	6.43068723951e-05	8.03835904938e-05	6.43068723951e-05	0.000948526367827	0	1.20575385741e-05	2.81342566728e-05	0.00019693979671	0	4.01917952469e-06	0	4.01917952469e-06	0	0	0.00160365263035	0.000498378261062	0.00261246669105	0.00177647734991	0.00665978047241	5.62685133457e-05	0.000104498667642	0.000482301542963	8.03835904938e-06	0.000478282363438	0.000478282363438	0.000458186465815	0.000180863078611	0
4.42109747716e-05	0.00214624186619	8.03835904938e-06	0	0	0	0	4.01917952469e-06	4.01917952469e-06	0.00170011293894	4.01917952469e-06	4.01917952469e-06	0	0	4.42109747716e-05	1.20575385741e-05	0.0155140329653	0	4.01917952469e-06	8.03835904938e-06	0	0.00324347787643	0.00970229937261	0.00485918804535	0.00277323387204	1.60767180988e-05	3.21534361975e-05	0.00448540434956	0.000707375596346	4.82301542963e-05	6.83260519198e-05	0	0	4.01917952469e-06	2.81342566728e-05	0	0.000120575385741	0	0	0	4.01917952469e-06	0	0	0	0.000293400105303	0	0	0	0	0	0	0.00264462012725	8.03835904938e-06	0	0	0	0.00123388811408	0.00424023439855	0.00129819498648	0.000237131591957	0	0	0.000124594565265	0.000912353752105	0	0	0	0	0	0	0.00078775918684	0.000160767180988	3.21534361975e-05	1.20575385741e-05	1.20575385741e-05	0	0	4.01917952469e-06	4.01917952469e-06	4.01917952469e-06	4.01917952469e-06	4.01917952469e-06	4.01917952469e-06	0
0.000100479488117	2.41150771482e-05	0.00369362598319	0	0	0	1.60767180988e-05	8.84219495432e-05	4.01917952469e-05	4.01917952469e-06	1.60767180988e-05	0.000249189130531	1.20575385741e-05	2.00958976235e-05	0.000108517847167	4.42109747716e-05	0	0.0274952071284	8.03835904938e-05	0.0125760127328	4.01917952469e-05	0.00469038250532	0	0.00816295361465	3.61726157222e-05	0	0.0115671986721	0.00361726157222	0.000148709642414	0.000317515182451	0.00697729565487	0	0	0.000317515182451	0.0094088992673	0	2.00958976235e-05	6.83260519198e-05	0	0	0	3.61726157222e-05	4.01917952469e-05	5.2249333821e-05	4.01917952469e-06	8.03835904938e-06	0	1.60767180988e-05	0	1.60767180988e-05	0	0	0.000389860413895	0	0.000176843899086	2.81342566728e-05	0.000200958976235	0	0.000329572721025	5.2249333821e-05	0	0.000333591900549	0.000486320722488	0.000104498667642	0	3.61726157222e-05	0	1.20575385741e-05	0	0	0.0022467213543	0.000369764516272	0.00603680764609	0.0019372445309	0.000309476823401	1.20575385741e-05	4.01917952469e-06	0.000245169951006	0.000365745336747	0.000148709642414	0.000152728821938	3.61726157222e-05	1.60767180988e-05	0
0.00026526584863	2.41150771482e-05	2.41150771482e-05	0	3.21534361975e-05	0	0.000301438464352	0.00178049652944	0.00122986893456	5.62685133457e-05	0.000803835904938	0.00659949277954	0.000550627594883	6.43068723951e-05	0.00170413211847	3.21534361975e-05	4.01917952469e-06	8.03835904938e-05	0.0106990558947	0.00190107191518	0.00105302503547	4.01917952469e-05	8.03835904938e-06	0.000176843899086	9.64603085926e-05	2.81342566728e-05	0.00365745336747	0.000602876928704	0.000940488008778	0.00302644218209	0.000184882258136	5.2249333821e-05	0.000237131591957	0.000643068723951	0.00460196055577	0	0	0	0	2.00958976235e-05	4.01917952469e-06	3.21534361975e-05	0	3.21534361975e-05	7.23452314445e-05	2.00958976235e-05	0	1.20575385741e-05	0	0	0	0	1.20575385741e-05	4.01917952469e-06	2.81342566728e-05	2.81342566728e-05	2.00958976235e-05	8.03835904938e-06	1.60767180988e-05	4.82301542963e-05	8.03835904938e-06	4.82301542963e-05	1.60767180988e-05	2.81342566728e-05	0	4.01917952469e-06	0	0	0	0	0.00308271069544	0.00355295469983	0.00259638997295	0.00107714011262	1.60767180988e-05	2.41150771482e-05	9.64603085926e-05	7.23452314445e-05	0	4.01917952469e-05	4.01917952469e-05	3.61726157222e-05	2.00958976235e-05	0
0.000116556206216	4.82301542963e-05	0.000550627594883	0	4.01917952469e-06	0	0.000124594565265	0.000667183801099	0.000108517847167	2.41150771482e-05	0.000180863078611	0.00163178688702	0.000225074053383	8.03835904938e-06	0.000233112412432	3.61726157222e-05	8.03835904938e-06	0.0125760127328	0.00190107191518	0.0246013978706	0.000490339902012	0.00133838678172	2.00958976235e-05	0.00208595417332	7.23452314445e-05	0	0.0156627426077	0.00264462012725	0.000530531697259	0.00116958124169	0.00334797654407	0	1.60767180988e-05	0.000683260519198	0.0128573552995	0	4.42109747716e-05	0.00012861374479	0	0	4.01917952469e-06	3.21534361975e-05	0.000261246669105	0.000277323387204	4.01917952469e-06	8.03835904938e-06	0	1.60767180988e-05	0	8.44027700185e-05	0	0	0.00163580606655	0	0.000245169951006	3.61726157222e-05	0.000124594565265	1.60767180988e-05	0.000297419284827	0.000140671283364	0	0.000695318057772	0.000775701648266	0.000100479488117	0	5.2249333821e-05	0	4.01917952469e-06	0	1.60767180988e-05	0.00368156844462	0.00142680873127	0.00637441872616	0.00227083643145	0.000100479488117	1.20575385741e-05	4.01917952469e-06	0.000341630259599	0.000381822054846	0.000434071388667	0.000422013850093	3.21534361975e-05	8.03835904938e-06	0
0.00569115820696	8.03835904938e-06	0	0	0.00541383481976	0	0.00290184761683	0.00897884705816	0.00399908362707	0.000486320722488	0.00768065207169	0.00439698240001	0.0148026381894	0.00025722748958	0.0042161193214	0.000168805540037	0	4.01917952469e-05	0.00105302503547	0.000490339902012	0.0285000020096	8.03835904938e-06	0	2.41150771482e-05	0.00350472454553	4.82301542963e-05	0.00129015662743	0.000530531697259	0.00409956311519	0.0108357079986	0.00012861374479	0	3.21534361975e-05	0.000703356416821	0.0102288118903	0	2.41150771482e-05	0	0	0.000184882258136	0	0.000667183801099	0	0.000369764516272	7.23452314445e-05	0.0003255535415	6.02876928704e-05	0.000470244004389	0	4.01917952469e-06	8.03835904938e-06	0	1.20575385741e-05	8.03835904938e-06	8.03835904938e-06	0.000389860413895	4.01917952469e-06	0	4.01917952469e-06	6.43068723951e-05	2.41150771482e-05	7.63644109691e-05	3.61726157222e-05	8.03835904938e-06	1.20575385741e-05	0	0	0	0	0	0.000562685133457	0.000964603085926	0.00487928394298	0.00152728821938	0.000277323387204	3.21534361975e-05	0.000261246669105	1.60767180988e-05	4.01917952469e-06	0.000699337237296	0.000683260519198	0.000622972826327	0.000180863078611	0
0.00228691314955	0.000498378261062	0.00338414915979	0	0	4.01917952469e-06	0.00026526584863	0.00140269365412	0.00175236227277	0.0016920745799	1.20575385741e-05	6.43068723951e-05	1.60767180988e-05	2.81342566728e-05	0.00163580606655	0.000341630259599	0.00324347787643	0.00469038250532	4.01917952469e-05	0.00133838678172	8.03835904938e-06	0.0500789768777	0.00443717419526	0.0302403067438	0.000815893443512	0	0.00233916248337	0.00100077570165	0.00596848159417	0.00329974638977	0.0217116077924	4.01917952469e-06	4.01917952469e-06	0.00181264996564	0.00674820242196	0	0.000100479488117	4.01917952469e-05	0	4.01917952469e-06	3.61726157222e-05	0.000313496002926	2.00958976235e-05	2.00958976235e-05	0.00039387959342	4.01917952469e-06	0	4.42109747716e-05	0	8.03835904938e-06	0	0.00158355673273	6.02876928704e-05	0	1.20575385741e-05	3.21534361975e-05	0.000494359081537	0.00417190834663	0.000192920617185	0.000783740007315	0	1.60767180988e-05	0.000148709642414	0.00271696535869	0	2.41150771482e-05	0	0.000204978155759	0	8.03835904938e-06	0.00278931059014	0.00058278103108	0.00554646774407	0.00177647734991	0.000538570056309	5.2249333821e-05	8.03835904938e-06	0.000397898772944	6.83260519198e-05	0.000405937131994	0.000430052209142	0.000349668618648	0.000297419284827	0
1.20575385741e-05	0.0048672264044	4.01917952469e-06	0	4.01917952469e-06	0	0	0	0	0.0058438870289	0	0	0	1.20575385741e-05	1.20575385741e-05	8.03835904938e-06	0.00970229937261	0	8.03835904938e-06	2.00958976235e-05	0	0.00443717419526	0.0209359061441	0.00481899625011	0.00338414915979	3.61726157222e-05	0.000108517847167	0.00557058282122	0.000377802875321	2.00958976235e-05	3.21534361975e-05	0	0	8.03835904938e-06	2.41150771482e-05	0	0.000538570056309	0	0	0.00019693979671	0	8.03835904938e-06	0	4.01917952469e-06	0.000791778366364	4.01917952469e-06	0	8.03835904938e-06	0	0	0	0.00415583162853	2.81342566728e-05	0	1.20575385741e-05	4.01917952469e-06	0.000426033029617	0.00671202980624	0.000892257854482	0.000992737342599	0	1.60767180988e-05	0.000554646774407	0.00235122002194	0	0	0	0	0	0	0.000389860413895	0.000217035694333	1.20575385741e-05	8.03835904938e-06	8.03835904938e-06	0	0	4.01917952469e-06	8.03835904938e-06	4.01917952469e-06	4.01917952469e-06	4.01917952469e-06	0	0
0.00249189130531	0.000639049544426	0.0157270494801	0	4.01917952469e-06	0.00013665210384	0.000518474158685	0.00110929354881	0.00187695683803	0.0009766606245	3.21534361975e-05	0.00026526584863	4.01917952469e-05	0.000132632924315	0.00253610228008	0.00038584123437	0.00485918804535	0.00816295361465	0.000176843899086	0.00208595417332	2.41150771482e-05	0.0302403067438	0.00481899625011	0.0780605047286	4.42109747716e-05	1.60767180988e-05	0.00614934467278	0.0144449312117	0.00138661693602	0.0042000426033	0.0156989152234	1.20575385741e-05	1.20575385741e-05	0.0019693979671	0.00942095680588	0	0.00012861374479	0.00026526584863	0	4.01917952469e-06	6.02876928704e-05	0.000273304207679	0.000482301542963	0.000510435799636	2.81342566728e-05	0.000124594565265	1.20575385741e-05	0.000116556206216	4.01917952469e-06	0.00013665210384	2.41150771482e-05	0.00514856897113	0.00013665210384	8.03835904938e-06	3.61726157222e-05	0.000200958976235	0.00365343418794	0.00960985824354	0.00551431430788	0.000554646774407	0	4.01917952469e-05	0.000369764516272	0.00360520403365	0	0.000217035694333	0	0.000124594565265	0	1.20575385741e-05	0.012362996218	0.00205380073712	0.0119490207269	0.00415985080806	0.00248787212578	0.000807855084463	8.03835904938e-05	0.00045416728629	7.63644109691e-05	0.000526512517735	0.00121379221646	0.000297419284827	0.000221054873858	0
0.000639049544426	0.00248787212578	3.61726157222e-05	0	0.00887032921099	6.83260519198e-05	0.000269285028154	0.0013665210384	0.000321534361975	0.0108397271781	0.000237131591957	0.000144690462889	0.00170413211847	7.23452314445e-05	0.000691298878247	0.000928430470204	0.00277323387204	3.61726157222e-05	9.64603085926e-05	7.23452314445e-05	0.00350472454553	0.000815893443512	0.00338414915979	4.42109747716e-05	0.0426917249113	6.02876928704e-05	0.000221054873858	0.000988718163074	0.0131628129434	0.00208997335284	0.00221054873858	1.20575385741e-05	0.000104498667642	0.00176441981134	0.00321936279928	0.000876181136383	0.000675222160148	2.00958976235e-05	0	0.00311486413164	7.23452314445e-05	0.00108517847167	0.000357706977698	0.00039387959342	0.00993541178504	0.000570723492506	9.24411290679e-05	0.00301438464352	0.000631011185377	0.000442109747716	0.000269285028154	1.60767180988e-05	0.000132632924315	1.20575385741e-05	0.000100479488117	0.00211006925046	0.000116556206216	0.00107312093309	0.000156748001463	0.011060782052	0.000635030364901	0.000373783695796	0.00026526584863	0.003255535415	0.000490339902012	0.000152728821938	0.000104498667642	7.63644109691e-05	0	4.82301542963e-05	0.00200958976235	0.000514454979161	0.00216633776381	0.00179255406801	0.00229897068812	0.000132632924315	1.20575385741e-05	0.000755605750642	3.21534361975e-05	0.000707375596346	0.000743548212068	0.000430052209142	0.000144690462889	2.00958976235e-05
8.03835904938e-06	0.000840008520661	0	0	4.01917952469e-06	0	4.01917952469e-06	9.64603085926e-05	2.81342566728e-05	6.83260519198e-05	4.82301542963e-05	0.00198145550567	1.60767180988e-05	0.00830362489801	3.21534361975e-05	0	1.60767180988e-05	0	2.81342566728e-05	0	4.82301542963e-05	0	3.61726157222e-05	1.60767180988e-05	6.02876928704e-05	0.0147463696761	0.00243160361244	0.00441305911811	0.000116556206216	0.00013665210384	8.03835904938e-06	0.00210203089141	0	6.43068723951e-05	0.000233112412432	0	0.000518474158685	0	0	6.83260519198e-05	0	4.01917952469e-06	4.01917952469e-06	4.01917952469e-06	0.000289380925778	1.20575385741e-05	0.00287371336015	2.81342566728e-05	0.00473459348009	4.01917952469e-06	0	0.000120575385741	0	1.60767180988e-05	0.000578761851556	8.03835904938e-06	0	0.000389860413895	1.20575385741e-05	0.000293400105303	0.00146700052651	0.00290988597588	0.000639049544426	4.01917952469e-06	0	0	0.000389860413895	0	0	0	3.21534361975e-05	0.000188901437661	0.000413975491043	0.000192920617185	0	1.20575385741e-05	0.000192920617185	0	0.0013504443203	1.20575385741e-05	4.01917952469e-06	4.01917952469e-06	0	0.00123388811408
0.000518474158685	0.00300634628447	0.0104820202004	0	7.63644109691e-05	0	0.000333591900549	0.00200958976235	0.000896277034006	9.64603085926e-05	0.000618953646803	0.00490741819965	0.00058278103108	0.00182068832469	0.00125800319123	0.000108517847167	3.21534361975e-05	0.0115671986721	0.00365745336747	0.0156627426077	0.00129015662743	0.00233916248337	0.000108517847167	0.00614934467278	0.000221054873858	0.00243160361244	0.0966813634665	0.0333109599006	0.0013665210384	0.00348462864791	0.00536158548594	0.0039548726523	9.64603085926e-05	0.00157149919415	0.0128814703766	0	0.00398300690897	0.00160767180988	0	2.00958976235e-05	4.01917952469e-06	0.000108517847167	0.000297419284827	0.000349668618648	0.000164786360512	3.61726157222e-05	0.00046220564534	8.84219495432e-05	0.00158355673273	0.000112537026691	0	0.000204978155759	0.00395889183182	7.63644109691e-05	0.00168001704132	8.44027700185e-05	0.000237131591957	0.000337611080074	0.00103694831737	0.000353687798173	0.000506416620111	0.0125920894509	0.0143082791079	0.000389860413895	0	8.84219495432e-05	0.000659145442049	8.03835904938e-06	0	0.000116556206216	0.0116716973397	0.00959780070496	0.00923205536822	0.00438492486144	0.000144690462889	4.82301542963e-05	0.000104498667642	0.00259638997295	0.00339620669836	0.00103694831737	0.000723452314445	0.00012861374479	3.21534361975e-05	9.24411290679e-05
6.02876928704e-05	0.0185887053017	0.0110165710772	0	2.00958976235e-05	0	0.000140671283364	0.000683260519198	0.000152728821938	0.000466224824864	0.000241150771482	0.000514454979161	0.000377802875321	0.000932449649729	0.000184882258136	4.42109747716e-05	0.00448540434956	0.00361726157222	0.000602876928704	0.00264462012725	0.000530531697259	0.00100077570165	0.00557058282122	0.0144449312117	0.000988718163074	0.00441305911811	0.0333109599006	0.104611204669	0.000635030364901	0.00126604155028	0.000490339902012	0.000225074053383	1.60767180988e-05	0.000562685133457	0.00331180392835	0	0.0142560297741	0.00071139477587	0	2.00958976235e-05	0	6.02876928704e-05	3.21534361975e-05	5.62685133457e-05	0.000152728821938	3.61726157222e-05	2.81342566728e-05	6.43068723951e-05	0.000104498667642	4.01917952469e-06	0	0.0100720638889	0.000160767180988	0.000120575385741	0.00206987745522	4.42109747716e-05	0.00340826423694	0.0125559168351	0.0123147660637	0.000176843899086	0.00193322535138	0.00854477566949	0.0186208587379	0.000225074053383	0	2.41150771482e-05	1.20575385741e-05	0	0	4.01917952469e-05	0.0217517995876	0.00803032069033	0.00394281511372	0.00160365263035	2.41150771482e-05	4.01917952469e-05	2.00958976235e-05	0.00139867447459	0.000506416620111	0.000285361746253	0.000249189130531	7.23452314445e-05	2.00958976235e-05	0
0.00481899625011	9.24411290679e-05	0.000100479488117	0	0.00598455831227	0.000261246669105	0.00785749597077	0.0302242300257	0.00884621413385	0.00335601490312	0.00579565687461	0.00196135960805	0.00237935427862	0.000574742672031	0.00643068723951	0.00236327756052	0.000707375596346	0.000148709642414	0.000940488008778	0.000530531697259	0.00409956311519	0.00596848159417	0.000377802875321	0.00138661693602	0.0131628129434	0.000116556206216	0.0013665210384	0.000635030364901	0.0679402106854	0.016852419747	0.0132874075086	2.00958976235e-05	0.000289380925778	0.0127649141704	0.0157511645573	4.01917952469e-06	6.83260519198e-05	4.01917952469e-06	0	0.00903913475103	0.000180863078611	0.00208595417332	0.000148709642414	0.000618953646803	0.015626569992	0.00205781991664	0.00012861374479	0.0035650122384	8.03835904938e-06	3.21534361975e-05	0.000225074053383	2.41150771482e-05	4.01917952469e-05	2.00958976235e-05	7.63644109691e-05	0.00522895256162	1.60767180988e-05	0.000510435799636	2.41150771482e-05	0.0136893254611	5.62685133457e-05	0.000180863078611	9.64603085926e-05	0.00770878632836	4.82301542963e-05	1.20575385741e-05	0	0.000221054873858	0	2.00958976235e-05	0.0032073052607	0.00219045284096	0.0112175300534	0.00734304099161	0.00243562279196	0.00038584123437	0.000337611080074	0.000546608415358	4.01917952469e-05	0.00194930206948	0.00181264996564	0.00180863078611	0.000831970161611	8.03835904938e-06
0.0195814426443	3.61726157222e-05	0.000233112412432	0	0.000631011185377	0.00012861374479	0.0102770420446	0.0292033584264	0.0199793414172	0.00012861374479	0.00693308468009	0.00982689393787	0.00749978899307	0.00262854340915	0.0318560169127	0.00239141181719	4.82301542963e-05	0.000317515182451	0.00302644218209	0.00116958124169	0.0108357079986	0.00329974638977	2.00958976235e-05	0.0042000426033	0.00208997335284	0.00013665210384	0.00348462864791	0.00126604155028	0.016852419747	0.0753917695242	0.0256463845471	3.21534361975e-05	0.0026687352044	0.026205050501	0.0426836865522	4.01917952469e-06	5.2249333821e-05	1.60767180988e-05	0	0.00059081939013	0.000188901437661	0.00540579646071	3.21534361975e-05	0.0023110282267	0.00197743632615	0.00203772401902	0.000775701648266	0.00348060946838	0	7.23452314445e-05	2.41150771482e-05	1.20575385741e-05	8.44027700185e-05	2.00958976235e-05	1.20575385741e-05	0.0016920745799	2.81342566728e-05	4.82301542963e-05	2.41150771482e-05	0.00225475971335	4.42109747716e-05	0.000176843899086	0.000116556206216	0.000486320722488	4.01917952469e-05	2.00958976235e-05	0	0.000373783695796	0	8.03835904938e-06	0.00520081830495	0.00530531697259	0.0239422524286	0.0132552540724	0.00141475119269	0.00102890995832	0.00130623334552	0.00129417580695	4.42109747716e-05	0.00561077461647	0.00554244856455	0.0051927799459	0.00181264996564	8.84219495432e-05
0.013267311611	2.41150771482e-05	0.00405535214041	0	2.41150771482e-05	5.62685133457e-05	0.00497172507204	0.0161128907145	0.00860506336237	0.000273304207679	0.000144690462889	0.000313496002926	0.000233112412432	0.000188901437661	0.0122826126275	0.00194930206948	6.83260519198e-05	0.00697729565487	0.000184882258136	0.00334797654407	0.00012861374479	0.0217116077924	3.21534361975e-05	0.0156989152234	0.00221054873858	8.03835904938e-06	0.00536158548594	0.000490339902012	0.0132874075086	0.0256463845471	0.0711595734847	0	6.83260519198e-05	0.0197100563891	0.0234921043218	0	8.03835904938e-06	6.83260519198e-05	0	2.00958976235e-05	8.84219495432e-05	0.000868142777333	0.000229093232907	0.000341630259599	0.00191714863328	0.000140671283364	2.00958976235e-05	0.000442109747716	0	4.42109747716e-05	1.20575385741e-05	4.01917952469e-06	0.000104498667642	8.03835904938e-06	4.01917952469e-06	0.000277323387204	0.000213016514809	3.61726157222e-05	0.000152728821938	0.00176441981134	0	1.60767180988e-05	7.63644109691e-05	0.000458186465815	0	0.000213016514809	0	0.000285361746253	0	8.03835904938e-06	0.00137857857697	0.000618953646803	0.0159842769697	0.00657939688192	0.00151924986033	0.000417994670568	9.64603085926e-05	0.000743548212068	8.03835904938e-06	0.00100479488117	0.0013343676022	0.000944507188303	0.000606896108228	8.03835904938e-06
0	1.60767180988e-05	0	0	0	0	4.01917952469e-06	3.21534361975e-05	4.01917952469e-06	0	0	0.00039387959342	4.01917952469e-06	0.00264863930677	0	0	0	0	5.2249333821e-05	0	0	4.01917952469e-06	0	1.20575385741e-05	1.20575385741e-05	0.00210203089141	0.0039548726523	0.000225074053383	2.00958976235e-05	3.21534361975e-05	0	0.00514856897113	0	3.21534361975e-05	4.01917952469e-05	0	7.63644109691e-05	0	0	4.01917952469e-06	0	4.01917952469e-06	4.01917952469e-06	4.01917952469e-06	4.01917952469e-05	4.01917952469e-06	0.000598857749179	4.01917952469e-06	0.0019050910947	4.01917952469e-06	0	3.21534361975e-05	0	4.01917952469e-06	1.20575385741e-05	0	0	7.63644109691e-05	0	3.61726157222e-05	0.000478282363438	0.00209399253236	0.000297419284827	0	0	0	0.000663164621574	0	0	0	4.01917952469e-05	8.84219495432e-05	6.43068723951e-05	4.82301542963e-05	0	0	0	8.03835904938e-06	0.000799816725414	1.20575385741e-05	4.01917952469e-06	4.01917952469e-06	0	2.81342566728e-05
0	0	0	0	4.01917952469e-05	0.00171217047752	0.00225074053383	0.000369764516272	0.00122584975503	0	1.20575385741e-05	0.0015956142713	5.62685133457e-05	0.000647087903475	0.00224270217478	0.000192920617185	0	0	0.000237131591957	1.60767180988e-05	3.21534361975e-05	4.01917952469e-06	0	1.20575385741e-05	0.000104498667642	0	9.64603085926e-05	1.60767180988e-05	0.000289380925778	0.0026687352044	6.83260519198e-05	0	0.00682456683293	0.000213016514809	0.00394281511372	0	0	0	0	1.20575385741e-05	5.2249333821e-05	0.0010088140607	4.01917952469e-06	0.000233112412432	4.01917952469e-06	0.000188901437661	0.000715413955395	0.000229093232907	0	8.03835904938e-06	0	0	4.01917952469e-06	0	4.01917952469e-06	0.000124594565265	0	0	0	2.81342566728e-05	0	0	0	2.00958976235e-05	4.01917952469e-06	0	0	0.0003255535415	0	0	0.000365745336747	0.0003255535415	0.00179255406801	0.00168403622085	0.000204978155759	0.00151523068081	0.0003255535415	0.00012861374479	8.03835904938e-06	0.0010088140607	0.00106910175357	0.000823931802562	0.000542589235833	5.2249333821e-05
