0.0234484430557	0	8.08102575154e-05	0	0	0	0.000430988040082	0.0125390582911	0.0105726753583	0	0.000417519663829	0	0.000390582911324	0	0.0124313112811	0	0	0	0	0	0.000363646158819	0.00063301368387	0	0.000202025643788	0.00165661027906	0	0	0	0.00255899148799	0.00756922745394	0.00661297274001	0	0	0	0.000350177782567	0	0	0	0	0	0	0	0	0	0	0	0	0	0	0	0	0	0	0	0	0	0	0	0	0	0	0	0	0	0	0	0	0	0	0	0	0	0.000175088891283	0	0	0	0	0	0	0	0	0	0	0
0	0.0245932550372	0	0	0	0	0	0	0	0.00160273677405	0	0	0	6.73418812628e-05	0	0	0.000606076931365	0	0	0	0	0	0.00665337786876	2.69367525051e-05	0.00456577954962	0.00127949574399	0.00743454369141	0.0207547678052	0	0	0	0	0	0	1.34683762526e-05	0	0.0116501454585	0	0	0	0	0	0	0	0	0	0	0	0	0	0	0	0	0	0	0	0	0.00010774701002	0	0	0.00010774701002	0.000417519663829	0.0141822001939	0	0	0	0	0	0	0	0	0	1.34683762526e-05	0	0	0	0	0	0	0	0	0	0	0
8.08102575154e-05	0	0.0555974571706	0	0	0	0	0.000121215386273	9.42786337679e-05	0.000148152138778	0	0	0	0	6.73418812628e-05	0	0	0.00650522572999	0	0.00142764788277	0	0.00280142226053	0.000121215386273	0.0168354703157	0.000511798297597	0	0.0101686240707	0.0237043422045	0	0.000417519663829	0.00110440685271	0	0	0	0.00152192651654	0	0.000350177782567	0.000121215386273	0	0	0	0	0	0	2.69367525051e-05	0	0	0	0	0	0	0.00507757784721	0	0	6.73418812628e-05	0	0	0.00777125309773	0.0015892683978	1.34683762526e-05	0	8.08102575154e-05	0.0113807779334	0	0	0	0	0	0	0	0.0131990087275	0.000821570951406	0.00382501885573	0.00203372481414	0	0	0	0.000161620515031	6.73418812628e-05	0.000309772653809	0.000323241030061	0	0	0
0	0	0	0	0	0	0	0	0	0	0	0	0	0	0	0	0	0	0	0	0	0	0	0	0	0	0	0	0	0	0	0	0	0	0	0	0	0	0	0	0	0	0	0	0	0	0	0	0	0	0	0	0	0	0	0	0	0	0	0	0	0	0	0	0	0	0	0	0	0	0	0	0	0	0	0	0	0	0	0	0	0	0	0
0	0	0	0	0.0193405882987	1.34683762526e-05	9.42786337679e-05	2.69367525051e-05	4.04051287577e-05	0.00164314190281	0.00185863592285	0	0.00352871457817	0	4.04051287577e-05	0.000794634198901	0	0	1.34683762526e-05	0	0.00681499838379	0	0	0	0.00972416765435	0	1.34683762526e-05	0	0.00637054196746	5.38735050102e-05	0	0	0	0	8.08102575154e-05	0	0	0	0	0.00386542398448	0.000175088891283	2.69367525051e-05	0	5.38735050102e-05	0.00540081887728	0.00162967352656	0.00010774701002	0.00179129404159	0	0	0.000309772653809	0	0	0	0	0.00161620515031	0	0	0	0.00689580864131	0	0	0	0.00548162913479	0	0	0	0	0	0.000134683762526	4.04051287577e-05	0	0.000175088891283	0.000121215386273	0.000255899148799	0	6.73418812628e-05	0	0	0.000215494020041	0	0.000134683762526	1.34683762526e-05	1.34683762526e-05
0	0	0	0	1.34683762526e-05	0.00389236073699	0.00164314190281	0	0.000175088891283	0.000606076931365	4.04051287577e-05	0	8.08102575154e-05	0	0	0.00200678806163	0	0	1.34683762526e-05	0	4.04051287577e-05	0	0	0	0.000552203426355	0	1.34683762526e-05	0	1.34683762526e-05	0	0	0	0.000686887188881	0	0.00106400172395	0	0	0	0	0	0	2.69367525051e-05	2.69367525051e-05	0	1.34683762526e-05	1.34683762526e-05	0	1.34683762526e-05	0	0	0	0	0	0	0	1.34683762526e-05	0	0	0	0.000148152138778	0	0	0	0.000121215386273	0	0	0	0	0	0	0.000444456416334	1.34683762526e-05	0.00047139316884	5.38735050102e-05	0.00297651115182	0.000202025643788	0	1.34683762526e-05	0	0	0	1.34683762526e-05	0	0
0.000430988040082	0	0	0	9.42786337679e-05	0.00164314190281	0.0293206551018	0.00437722228208	0.00879484969292	0.000350177782567	0.0111787522896	0.000673418812628	0.00805408899903	0.000148152138778	0.00309772653809	0.00237043422045	0	0	0.000350177782567	0	0.000673418812628	0	0	0	0.00239737097296	0	0.000552203426355	0	0.00534694537227	0.00228962396294	0	0	0.00125255899149	0	0.00581833854111	0	0	0	0	0.000417519663829	0	0.000282835901304	2.69367525051e-05	6.73418812628e-05	0.00126602736774	2.69367525051e-05	1.34683762526e-05	0.000296304277556	0	0	2.69367525051e-05	0	0	0	0	0.000148152138778	0	0	0	0.00202025643788	0	0	0	0.00157580002155	0	0	0	0	0	2.69367525051e-05	0.00136030600151	5.38735050102e-05	0.00724598642388	0.00293610602306	0.00222228208167	0.000255899148799	0.00115828035772	0.000134683762526	0	0.00057914017886	0.000282835901304	0.000242430772546	2.69367525051e-05	0.000215494020041
0.0125390582911	0	0.000121215386273	0	2.69367525051e-05	0	0.00437722228208	0.0509104622347	0.00965682577308	1.34683762526e-05	0.00355565133068	0	0	0.000188557267536	0.00921236935675	1.34683762526e-05	0	0	0.000417519663829	0.000148152138778	0	0.00746148044392	0	0.000659950436375	0.000457924792587	0	0.000700355565133	0	0.0161351147506	0.00515838810473	0.00918543260425	0	0	0.00106400172395	0.00643788384872	0	0	0	0	8.08102575154e-05	0	0	0	0	0.000511798297597	0	0	0	0	0	0	0	0	0	0	0	0	0	0	0.000619545307618	0	0	0	0.000498329921345	0	0	0	0	0	0	0.0015623316453	0.000228962396294	0.00614157957117	0.00276101713177	0.000215494020041	9.42786337679e-05	1.34683762526e-05	4.04051287577e-05	0	0	0	0	0	0
0.0105726753583	0	9.42786337679e-05	0	4.04051287577e-05	0.000175088891283	0.00879484969292	0.00965682577308	0.0334958517401	1.34683762526e-05	0.00335362568689	0.00137377437776	0.00237043422045	4.04051287577e-05	0.0202025643788	0.00106400172395	0	2.69367525051e-05	0.000309772653809	0.00192597780412	0.00160273677405	0.000538735050102	0	0.000215494020041	0.00270714362676	0	0.00233002909169	0	0.00463312143088	0.00690927701756	0.00211453507165	0	0.000552203426355	0	0.00440415903459	0	0	0	0	0.000228962396294	0	0	0	0	0.000390582911324	0	0	1.34683762526e-05	0	0	0	0	0	0	0	1.34683762526e-05	0	0	0	0.000700355565133	0	0	0	0.000565671802607	0	0	0	0	0	0	0.000444456416334	4.04051287577e-05	0.00385195560823	0.000417519663829	0.000861976080164	0.000148152138778	0	0	0	0	0	0	0	0
0	0.00160273677405	0.000148152138778	0	0.00164314190281	0.000606076931365	0.000350177782567	1.34683762526e-05	1.34683762526e-05	0.0268828790001	0	0	0.00216840857666	0	2.69367525051e-05	0.00309772653809	0.000498329921345	0	0	0	0.00010774701002	1.34683762526e-05	0.00430988040082	9.42786337679e-05	0.0207547678052	0.000228962396294	0.000713823941386	0.0023839025967	0.000404051287577	0	0	0	1.34683762526e-05	0	0	0	2.69367525051e-05	0	0	0.000255899148799	0.000255899148799	4.04051287577e-05	0	0	0.0120811334985	0	0	0.00176435728909	0	0	0.000902381208921	0	0	0	0	0.000188557267536	0	0.000619545307618	0	0.0103033078332	0	0	2.69367525051e-05	0.00052526667385	0	0	0	0	0	0	0.000700355565133	9.42786337679e-05	0.000121215386273	0.000148152138778	0.00273408037927	0	0	0.000538735050102	2.69367525051e-05	0	0	0.000700355565133	0	0
0.000417519663829	0	0	0	0.00185863592285	4.04051287577e-05	0.0111787522896	0.00355565133068	0.00335362568689	0	0.0341153970477	0.00199331968538	0.0141956685702	0.000188557267536	0.00381155047947	2.69367525051e-05	0	0	0.00137377437776	0.00114481198147	0.0125929317961	0	0	0	0.00126602736774	0	0.00329975218188	0	0.00466005818339	0.00390582911324	0	0	0.000417519663829	0	0.0123235642711	0	0	0	0	0.00153539489279	0	0.000202025643788	9.42786337679e-05	4.04051287577e-05	1.34683762526e-05	0.000363646158819	2.69367525051e-05	0.000134683762526	0	0	0	0	0	0	0	0.00010774701002	2.69367525051e-05	0	2.69367525051e-05	0.00382501885573	0	0	0	0.00359605645943	0	0	0	0	0	1.34683762526e-05	0.000646482060123	0.000282835901304	0.0126602736774	0.00230309233919	5.38735050102e-05	9.42786337679e-05	0.000929317961427	0.00010774701002	0	0.00047139316884	0.000255899148799	0.000134683762526	2.69367525051e-05	0.000134683762526
0	0	0	0	0	0	0.000673418812628	0	0.00137377437776	0	0.00199331968538	0.0287819200517	0.0013064324965	0.00505064109471	0.00861976080164	0	0	0	0.00677459325504	0.00533347699601	0.00106400172395	0	0	0	1.34683762526e-05	0.000552203426355	0.00724598642388	0.00010774701002	0	0.0140744531839	0	0.00117174873397	0.00183169917035	0	0.0177513199009	0	0	0	0	0	0	0	0	0	0	0	0.000323241030061	0	0.000767697446396	0	0	0	0	0	0	0	0	0	0	0	0.000134683762526	9.42786337679e-05	0.000188557267536	0	0	0	0.00010774701002	0	0	0	0	0.00564324964982	0.00716517616636	0	0	0	0.00206066156664	0	0.000363646158819	0	0	0	0	0.000202025643788
0.000390582911324	0	0	0	0.00352871457817	8.08102575154e-05	0.00805408899903	0	0.00237043422045	0.00216840857666	0.0141956685702	0.0013064324965	0.0305193405883	0.00010774701002	0.00313813166685	0.00269367525051	0	0	0.000996659842689	0.0010774701002	0.0136569335201	0	0	0	0.00371727184571	0	0.00258592824049	0	5.38735050102e-05	0.00268020687426	0	0	8.08102575154e-05	0	0.011892576231	0	0	0	0	8.08102575154e-05	0.000255899148799	0.000148152138778	2.69367525051e-05	9.42786337679e-05	0.00196638293287	2.69367525051e-05	2.69367525051e-05	0.00176435728909	0	1.34683762526e-05	0.000673418812628	0	0	0	0	0.000767697446396	2.69367525051e-05	0	2.69367525051e-05	0.000323241030061	0	0	0	0.000215494020041	0	0	0	0	0	2.69367525051e-05	0.00052526667385	0.000646482060123	0.0121888805086	0.00300344790432	0.00160273677405	1.34683762526e-05	0.00197985130913	0.000134683762526	0	0.000673418812628	0.000282835901304	0.000700355565133	9.42786337679e-05	0.000148152138778
0	6.73418812628e-05	0	0	0	0	0.000148152138778	0.000188557267536	4.04051287577e-05	0	0.000188557267536	0.00505064109471	0.00010774701002	0.015569442948	0.000161620515031	1.34683762526e-05	0	0	0	0	8.08102575154e-05	0	0	0	0	0.0031516000431	0.00231656071544	0.0028957008943	0.000134683762526	0.000323241030061	0	0.00150845814029	0.000202025643788	0	0.000417519663829	0	0	0	0	0	0	0	0	0	0	0	0.00164314190281	0	0.00626279495744	0	1.34683762526e-05	0	0	0	0	0	0	0	0	0.000242430772546	0.00259939661674	0.00175088891283	0.0021280034479	0.000121215386273	0	0	0.0018451675466	0	0	0	1.34683762526e-05	0.00492942570844	0.00141417950652	0.000430988040082	1.34683762526e-05	1.34683762526e-05	0.00262633336925	1.34683762526e-05	0.0015892683978	0	0	0	0	0.00136030600151
0.0124313112811	0	6.73418812628e-05	0	4.04051287577e-05	0	0.00309772653809	0.00921236935675	0.0202025643788	2.69367525051e-05	0.00381155047947	0.00861976080164	0.00313813166685	0.000161620515031	0.0405667492727	0.00057914017886	0	2.69367525051e-05	0.00451190604461	0.00479474194591	0.00241083934921	0.000565671802607	0	0.000148152138778	0.00215494020041	0	0.00729985992889	0	0.00344790432066	0.0200544122401	0.00383848723198	0	0.00177782566534	4.04051287577e-05	0.0147613403728	0	0	0	0	0.000228962396294	0	0	0	0	0.000363646158819	0	0	2.69367525051e-05	0	0	1.34683762526e-05	0	0	0	0	1.34683762526e-05	0	0	0	0.000565671802607	0	0	0	0.000444456416334	0	0	0	0	0	0	0.000134683762526	1.34683762526e-05	0.00797327874151	0.000269367525051	0.000538735050102	1.34683762526e-05	0.000202025643788	0	0	0	0	1.34683762526e-05	0	0
0	0	0	0	0.000794634198901	0.00200678806163	0.00237043422045	1.34683762526e-05	0.00106400172395	0.00309772653809	2.69367525051e-05	0	0.00269367525051	1.34683762526e-05	0.00057914017886	0.00950867363431	0	0	0	0	0.000983191466437	0	0	1.34683762526e-05	0.0028687641418	0	0	0	4.04051287577e-05	0.000282835901304	0	0	0.000148152138778	0	0.000282835901304	0	0	0	0	0	4.04051287577e-05	0.000282835901304	1.34683762526e-05	9.42786337679e-05	0.00109093847646	0	0	0.00118521711023	0	1.34683762526e-05	0.000282835901304	0	0	0	0	0.000754229070143	0	0	0	0.000148152138778	0	0	0	0.00010774701002	0	0	0	0	0	0	0.000350177782567	0	0.000606076931365	0.000269367525051	0.00663990949251	4.04051287577e-05	0.000202025643788	5.38735050102e-05	0	6.73418812628e-05	6.73418812628e-05	0.000861976080164	1.34683762526e-05	1.34683762526e-05
0	0.000606076931365	0	0	0	0	0	0	0	0.000498329921345	0	0	0	0	0	0	0.018667169486	0	0	0	0	0.00193944618037	0.0138993642926	0.00556243939231	0.00449843766835	0	0.00010774701002	0.00268020687426	0.00203372481414	0.000175088891283	0	0	0	0.000175088891283	0.000242430772546	0	0	0	0	0	0	0	0	0	0.000430988040082	0	1.34683762526e-05	0	0	0	0	0.00646482060123	0	2.69367525051e-05	2.69367525051e-05	0	0.00047139316884	0.00602036418489	0.00154886326904	0.00177782566534	0	0	0.000175088891283	0.000875444456416	0	0	0	0	0	0	0.000484861545092	8.08102575154e-05	0.000323241030061	0.000188557267536	2.69367525051e-05	1.34683762526e-05	4.04051287577e-05	0.00102359659519	0.000134683762526	1.34683762526e-05	0	0	0	0
0	0	0.00650522572999	0	0	0	0	0	2.69367525051e-05	0	0	0	0	0	2.69367525051e-05	0	0	0.0167277233057	0	0.0015892683978	0	0.000417519663829	0	0.00537388212477	0	0	0.00193944618037	0.00153539489279	0	0.000404051287577	0.00701702402758	0	0	0	0.00136030600151	0	0	0	0	0	0	0	0	0	0	0	0	0	0	0	0	0	0	0	0	0	0	0	0.000269367525051	0	0	4.04051287577e-05	0.000309772653809	0	0	0	0	0	0	0	0	0	0.000861976080164	0.000323241030061	0	0	0	0	0	8.08102575154e-05	6.73418812628e-05	0	0	0
0	0	0	0	1.34683762526e-05	1.34683762526e-05	0.000350177782567	0.000417519663829	0.000309772653809	0	0.00137377437776	0.00677459325504	0.000996659842689	0	0.00451190604461	0	0	0	0.0108285745071	0.00277448550803	0.00117174873397	0	0	0	5.38735050102e-05	0	0.00641094709622	0	1.34683762526e-05	0.00649175735373	0	0	0.000161620515031	0	0.00835039327659	0	0	0	0	0	0	0	0	0	0	0	0	0	0	0	0	0	0	0	0	0	0	0	0	0	0	0	0	0	0	0	0	0	0	0	0.00136030600151	0.00123909061524	0.00530654024351	0.000740760693891	0	5.38735050102e-05	0	0.000148152138778	0	0	0	0	0	0
0	0	0.00142764788277	0	0	0	0	0.000148152138778	0.00192597780412	0	0.00114481198147	0.00533347699601	0.0010774701002	0	0.00479474194591	0	0	0.0015892683978	0.00277448550803	0.0316641525698	0.00113134360521	0	0	5.38735050102e-05	0.000175088891283	0	0.0228558345006	0.00169701540782	2.69367525051e-05	0.00783859497899	0.000296304277556	0	0	0	0.0160947096218	0	0	0	0	0	0	0	0	0	0	0	0	0	0	0	0	0	0	0	4.04051287577e-05	0	0	0	0	0	0	0.00316506841935	0.00385195560823	0	0	0	0	0	0	0	0.00395970261825	0.00292263764681	0.00809449412779	0.00153539489279	0	0	0	0.000592608555113	0.000228962396294	4.04051287577e-05	4.04051287577e-05	0	0	0
0.000363646158819	0	0	0	0.00681499838379	4.04051287577e-05	0.000673418812628	0	0.00160273677405	0.00010774701002	0.0125929317961	0.00106400172395	0.0136569335201	8.08102575154e-05	0.00241083934921	0.000983191466437	0	0	0.00117174873397	0.00113134360521	0.0249703695722	0	0	0	0.00370380346945	0	0.00273408037927	0	0.000498329921345	0.00193944618037	0	0	0.000363646158819	0	0.00870057105915	0	0	0	0	0.00154886326904	0	0.000148152138778	0.00010774701002	0.000121215386273	0.000404051287577	0.00266673849801	0.000242430772546	0.000417519663829	0	1.34683762526e-05	0	0	0	0	0	0.00063301368387	1.34683762526e-05	0	1.34683762526e-05	0.00537388212477	0	0	0	0.00526613511475	0	0	0	0	0	0.000296304277556	0.000323241030061	0.000659950436375	0.00923930610926	0.00220881370542	0.000686887188881	8.08102575154e-05	0.00141417950652	0.00010774701002	0	0.000659950436375	0.000148152138778	0.000175088891283	6.73418812628e-05	1.34683762526e-05
0.00063301368387	0	0.00280142226053	0	0	0	0	0.00746148044392	0.000538735050102	1.34683762526e-05	0	0	0	0	0.000565671802607	0	0.00193944618037	0.000417519663829	0	0	0	0.0390852278849	0.00193944618037	0.0171587113458	0.000296304277556	0	0	0	0.0122562223898	0.00177782566534	0.00804062062278	0	0.000148152138778	0.000202025643788	0.00455231117336	0	0	6.73418812628e-05	0	0	0	0	0	0	0	0	0	0	0	0	0	0.0010505333477	0	0	0	0	0.000228962396294	0.00103706497145	0.000175088891283	0.000686887188881	0	0	0.00010774701002	0.000255899148799	0	0	0	0	0	0	0.00426947527206	0.000242430772546	0.00669378299752	0.00304385303308	0.000390582911324	0.000255899148799	0.000121215386273	0	0	0.00010774701002	0.00010774701002	0	0	0
0	0.00665337786876	0.000121215386273	0	0	0	0	0	0	0.00430988040082	0	0	0	0	0	0	0.0138993642926	0	0	0	0	0.00193944618037	0.0390852278849	0.0110575369034	0.0120676651223	0.000969723090184	0.00222228208167	0.0121888805086	0.00292263764681	0	0	0	0	0	1.34683762526e-05	0	9.42786337679e-05	1.34683762526e-05	0	0	0	0	0	0	0.000713823941386	0	0	0	0	0	0	0.0100878138132	0	0	0	0	0.000484861545092	0.0135087813813	0.000996659842689	0.00443109578709	0	0.000134683762526	0.000727292317638	0.00211453507165	0	0	0	0	0	0	0.0023569658442	0.00057914017886	0.000188557267536	0.00010774701002	2.69367525051e-05	1.34683762526e-05	2.69367525051e-05	0.00215494020041	0.00149498976403	1.34683762526e-05	1.34683762526e-05	0	0	0
0.000202025643788	2.69367525051e-05	0.0168354703157	0	0	0	0	0.000659950436375	0.000215494020041	9.42786337679e-05	0	0	0	0	0.000148152138778	1.34683762526e-05	0.00556243939231	0.00537388212477	0	5.38735050102e-05	0	0.0171587113458	0.0110575369034	0.0754363753906	0.00047139316884	0	0.000134683762526	0.00964335739683	0.00119868548648	0.00117174873397	0.00557590776856	0	6.73418812628e-05	9.42786337679e-05	0.0036633983407	0	0	0.000350177782567	0	0	0	0	0	0	0	0	0	0	0	0	0	0.0140609848077	0	0	0	0	0.000457924792587	0.014397694214	0.00697661889883	0.000309772653809	0	9.42786337679e-05	0.00451190604461	0.00010774701002	0	0	0	0	0	0	0.0159734942355	0.000740760693891	0.00767697446396	0.00771737959272	0.000619545307618	0.000606076931365	0.00010774701002	1.34683762526e-05	0	0.000538735050102	0.000606076931365	0	0	0
0.00165661027906	0.00456577954962	0.000511798297597	0	0.00972416765435	0.000552203426355	0.00239737097296	0.000457924792587	0.00270714362676	0.0207547678052	0.00126602736774	1.34683762526e-05	0.00371727184571	0	0.00215494020041	0.0028687641418	0.00449843766835	0	5.38735050102e-05	0.000175088891283	0.00370380346945	0.000296304277556	0.0120676651223	0.00047139316884	0.0659950436375	0.000700355565133	0.00191250942786	0.00482167869842	0.0165661027906	0.00505064109471	0.000188557267536	0	0.000121215386273	0.00192597780412	0.00402704449952	0	2.69367525051e-05	2.69367525051e-05	0	0.00556243939231	0.000242430772546	8.08102575154e-05	0	8.08102575154e-05	0.0195830190712	0.000781165822648	0.000202025643788	0.00129296412025	0	0	0.000686887188881	0.000215494020041	0	0	0	0.000148152138778	0	0.00125255899149	4.04051287577e-05	0.0207412994289	0	6.73418812628e-05	0.000175088891283	0.0081753043853	0	0	0	0	0	0.000269367525051	0.00321894192436	0.000606076931365	0.00433681715332	0.00254552311173	0.00293610602306	0.00010774701002	0.000417519663829	0.000148152138778	2.69367525051e-05	0.000430988040082	8.08102575154e-05	0.000430988040082	1.34683762526e-05	2.69367525051e-05
0	0.00127949574399	0	0	0	0	0	0	0	0.000228962396294	0	0.000552203426355	0	0.0031516000431	0	0	0	0	0	0	0	0	0.000969723090184	0	0.000700355565133	0.00914502747549	0.001333369249	0.00591261717487	0	0	0	1.34683762526e-05	0	0	0	0	0.000848507703911	0	0	0	0	0	0	0	0	0	0.000484861545092	0	0.00257245986424	0	0	0	0	0	0	0	0	5.38735050102e-05	0	5.38735050102e-05	0.00466005818339	0.00150845814029	0.0034344359444	0	0	0	0.00101012821894	0	0	0	0	0	0	0	0	0	0.000781165822648	0	2.69367525051e-05	0	0	0	0	0.00047139316884
0	0.00743454369141	0.0101686240707	0	1.34683762526e-05	1.34683762526e-05	0.000552203426355	0.000700355565133	0.00233002909169	0.000713823941386	0.00329975218188	0.00724598642388	0.00258592824049	0.00231656071544	0.00729985992889	0	0.00010774701002	0.00193944618037	0.00641094709622	0.0228558345006	0.00273408037927	0	0.00222228208167	0.000134683762526	0.00191250942786	0.001333369249	0.0964739790971	0.0269771576339	0.00010774701002	0.00909115397048	9.42786337679e-05	0.000686887188881	0.000161620515031	0	0.0159734942355	0	0.0060473009374	0	0	0	0	0	0	0	0	0	0.000430988040082	0	0.00145458463528	0	0	0	0	0.00189904105161	0.000659950436375	0	0	5.38735050102e-05	0	5.38735050102e-05	0.0028687641418	0.0129835147075	0.0241622669971	0	0	0	0.00173742053658	0	0	0	0.00725945480013	0.0101012821894	0.0141417950652	0.00249164960672	0	5.38735050102e-05	0	0.00131990087275	0.000606076931365	4.04051287577e-05	4.04051287577e-05	0	0	0
0	0.0207547678052	0.0237043422045	0	0	0	0	0	0	0.0023839025967	0	0.00010774701002	0	0.0028957008943	0	0	0.00268020687426	0.00153539489279	0	0.00169701540782	0	0	0.0121888805086	0.00964335739683	0.00482167869842	0.00591261717487	0.0269771576339	0.108649391229	0	0	0	0.00010774701002	0	0	0.001333369249	0	0.0188826635061	0	0	0	0	0	0	0	5.38735050102e-05	0	0.000404051287577	0	0.00284182738929	0	0	0.00863322917789	0	0.00137377437776	0.000552203426355	0	0	0.0141013899364	0.00215494020041	0.000121215386273	0.00622238982868	0.00672071975003	0.0539408468915	0	0	0	0.00237043422045	0	0	0	0.00985885141687	0.00185863592285	0.00146805301153	0.000309772653809	0	0	0	0.000175088891283	0.000430988040082	0	0	0	0	0
0.00255899148799	0	0	0	0.00637054196746	1.34683762526e-05	0.00534694537227	0.0161351147506	0.00463312143088	0.000404051287577	0.00466005818339	0	5.38735050102e-05	0.000134683762526	0.00344790432066	4.04051287577e-05	0.00203372481414	0	1.34683762526e-05	2.69367525051e-05	0.000498329921345	0.0122562223898	0.00292263764681	0.00119868548648	0.0165661027906	0	0.00010774701002	0	0.0651600043099	0.00725945480013	0.00437722228208	0	2.69367525051e-05	0.0018451675466	0.00437722228208	0	0	5.38735050102e-05	0	0.00615504794742	0	0.000121215386273	0	2.69367525051e-05	0.00972416765435	0.00063301368387	0	0.000336709406314	0	0	2.69367525051e-05	0.00140071113027	0	0	0	0.000255899148799	0	0.00207412994289	4.04051287577e-05	0.0164987609094	0	0	6.73418812628e-05	0.0120811334985	0	0	0	0	0	2.69367525051e-05	0.00214147182416	0.000404051287577	0.00593955392738	0.00404051287577	0.000942786337679	0.000161620515031	0.000255899148799	9.42786337679e-05	0	0.000121215386273	0.00010774701002	0.000148152138778	0	4.04051287577e-05
0.00756922745394	0	0.000417519663829	0	5.38735050102e-05	0	0.00228962396294	0.00515838810473	0.00690927701756	0	0.00390582911324	0.0140744531839	0.00268020687426	0.000323241030061	0.0200544122401	0.000282835901304	0.000175088891283	0.000404051287577	0.00649175735373	0.00783859497899	0.00193944618037	0.00177782566534	0	0.00117174873397	0.00505064109471	0	0.00909115397048	0	0.00725945480013	0.0545738605754	0.00874097618791	0	0.00305732140933	0.00513145135222	0.0319873935998	0	0	0	0	1.34683762526e-05	0	0.000134683762526	0	0.000121215386273	2.69367525051e-05	0	0	5.38735050102e-05	0	0	0	0	0	0	0	1.34683762526e-05	0	0	0	0.000134683762526	0	0	0	0.000134683762526	0	0	0	0	0	2.69367525051e-05	0.000363646158819	2.69367525051e-05	0.0120407283698	0.00126602736774	0.000552203426355	0	0.000875444456416	4.04051287577e-05	0	0.000202025643788	0.000121215386273	0.00010774701002	8.08102575154e-05	0.00010774701002
0.00661297274001	0	0.00110440685271	0	0	0	0	0.00918543260425	0.00211453507165	0	0	0	0	0	0.00383848723198	0	0	0.00701702402758	0	0.000296304277556	0	0.00804062062278	0	0.00557590776856	0.000188557267536	0	9.42786337679e-05	0	0.00437722228208	0.00874097618791	0.0338864346514	0	0	1.34683762526e-05	0.00732679668139	0	0	0	0	0	0	0	0	0	0	0	0	0	0	0	0	0	0	0	0	0	0	0	0	0	0	0	0	0	0	0	0	0	0	0	0	0	0.00202025643788	0	0	0	0	0	0	0	0	0	0	0
0	0	0	0	0	0	0	0	0	0	0	0.00117174873397	0	0.00150845814029	0	0	0	0	0	0	0	0	0	0	0	1.34683762526e-05	0.000686887188881	0.00010774701002	0	0	0	0.00185863592285	0	0	0	0	0	0	0	0	0	0	0	0	0	0	6.73418812628e-05	0	0.00052526667385	0	0	0	0	0	0	0	0	0	0	0	2.69367525051e-05	0.000296304277556	0.000269367525051	0	0	0	0.000309772653809	0	0	0	0	0.00129296412025	0	0	0	0	0	0	0.000202025643788	0	0	0	0	4.04051287577e-05
0	0	0	0	0	0.000686887188881	0.00125255899149	0	0.000552203426355	1.34683762526e-05	0.000417519663829	0.00183169917035	8.08102575154e-05	0.000202025643788	0.00177782566534	0.000148152138778	0	0	0.000161620515031	0	0.000363646158819	0.000148152138778	0	6.73418812628e-05	0.000121215386273	0	0.000161620515031	0	2.69367525051e-05	0.00305732140933	0	0	0.00765003771145	0	0.0063032000862	0	0	0	0	0	1.34683762526e-05	4.04051287577e-05	1.34683762526e-05	2.69367525051e-05	1.34683762526e-05	1.34683762526e-05	0	1.34683762526e-05	0	0	1.34683762526e-05	0	0	0	0	0	0	0	0	0.000296304277556	0	0	0	0.000215494020041	0	0	0	0	0	0	0.00187210429911	0.000269367525051	0.00187210429911	0.00177782566534	0.00057914017886	0.000444456416334	0.000336709406314	4.04051287577e-05	0	2.69367525051e-05	2.69367525051e-05	4.04051287577e-05	1.34683762526e-05	0
0	0	0	0	0	0	0	0.00106400172395	0	0	0	0	0	0	4.04051287577e-05	0	0.000175088891283	0	0	0	0	0.000202025643788	0	9.42786337679e-05	0.00192597780412	0	0	0	0.0018451675466	0.00513145135222	1.34683762526e-05	0	0	0.00564324964982	0.00352871457817	0	0	0	0	0	0	0	0	0	0	0	0	0	0	0	0	0	0	0	0	0	0	0	0	0	0	0	0	0	0	0	0	0	0	0	0	0	4.04051287577e-05	0	0	0	0	0	0	0	0	0	0	0
0.000350177782567	1.34683762526e-05	0.00152192651654	0	8.08102575154e-05	0.00106400172395	0.00581833854111	0.00643788384872	0.00440415903459	0	0.0123235642711	0.0177513199009	0.011892576231	0.000417519663829	0.0147613403728	0.000282835901304	0.000242430772546	0.00136030600151	0.00835039327659	0.0160947096218	0.00870057105915	0.00455231117336	1.34683762526e-05	0.0036633983407	0.00402704449952	0	0.0159734942355	0.001333369249	0.00437722228208	0.0319873935998	0.00732679668139	0	0.0063032000862	0.00352871457817	0.0744801206767	0	0	0	0	1.34683762526e-05	1.34683762526e-05	6.73418812628e-05	6.73418812628e-05	4.04051287577e-05	6.73418812628e-05	6.73418812628e-05	1.34683762526e-05	8.08102575154e-05	0	1.34683762526e-05	0	0	0	0	0	6.73418812628e-05	2.69367525051e-05	0	2.69367525051e-05	0.000619545307618	0	4.04051287577e-05	0.000606076931365	0.000511798297597	0	0	0	0	0	0	0.00242430772546	0.00121215386273	0.0374151492296	0.00564324964982	0.000888912832669	0.000552203426355	0.0026398017455	0.000148152138778	6.73418812628e-05	0.000592608555113	0.000202025643788	0.000134683762526	2.69367525051e-05	9.42786337679e-05
0	0	0	0	0	0	0	0	0	0	0	0	0	0	0	0	0	0	0	0	0	0	0	0	0	0	0	0	0	0	0	0	0	0	0	0.0187749164961	0	8.08102575154e-05	0	0	0	9.42786337679e-05	0.014343820709	0.00176435728909	0	0.000983191466437	4.04051287577e-05	0	0	0.00836386165284	0	0	0.000498329921345	4.04051287577e-05	2.69367525051e-05	0	0.000377114535072	0	0.00118521711023	2.69367525051e-05	0	0	0	0.0055085658873	0.00756922745394	0.00755575907769	0	0	0.00145458463528	0.000619545307618	0	0	0	0	0	0	0	0	0	5.38735050102e-05	0	0	0	0
0	0.0116501454585	0.000350177782567	0	0	0	0	0	0	2.69367525051e-05	0	0	0	0	0	0	0	0	0	0	0	0	9.42786337679e-05	0	2.69367525051e-05	0.000848507703911	0.0060473009374	0.0188826635061	0	0	0	0	0	0	0	0	0.0304924038358	0	0	0	0	0	0	0	0.0015892683978	0	0	0	0.00110440685271	0	0	0.000781165822648	0	0	0	0	0	0.00794634198901	0	0.0047408684409	0.00437722228208	0.000956254713932	0.0253609524836	0.000242430772546	0	0	0.000148152138778	0	0	0	0	0	0	0	0	0	0	0	0	0	0	0	0	0
0	0	0.000121215386273	0	0	0	0	0	0	0	0	0	0	0	0	0	0	0	0	0	0	6.73418812628e-05	1.34683762526e-05	0.000350177782567	2.69367525051e-05	0	0	0	5.38735050102e-05	0	0	0	0	0	0	8.08102575154e-05	0	0.0284721473979	0	0	0	1.34683762526e-05	0.000121215386273	0.000148152138778	0	0.00010774701002	0.00010774701002	0	0	0.000134683762526	0	0	0.0131451352225	0.000121215386273	0.000121215386273	0	0.000794634198901	0	0.00910462234673	0	0	0.00996659842689	0.00645135222498	0	0	0.000148152138778	0	0	0	0.00127949574399	0	0	0.000296304277556	0.000336709406314	0.000296304277556	4.04051287577e-05	0	0.000767697446396	0	0.00265327012175	0.00136030600151	0	0	0
0	0	0	0	0	0	0	0	0	0	0	0	0	0	0	0	0	0	0	0	0	0	0	0	0	0	0	0	0	0	0	0	0	0	0	0	0	0	0	0	0	0	0	0	0	0	0	0	0	0	0	0	0	0	0	0	0	0	0	0	0	0	0	0	0	0	0	0	0	0	0	0	0	0	0	0	0	0	0	0	0	0	0	0
0	0	0	0	0.00386542398448	0	0.000417519663829	8.08102575154e-05	0.000228962396294	0.000255899148799	0.00153539489279	0	8.08102575154e-05	0	0.000228962396294	0	0	0	0	0	0.00154886326904	0	0	0	0.00556243939231	0	0	0	0.00615504794742	1.34683762526e-05	0	0	0	0	1.34683762526e-05	0	0	0	0	0.0170509643357	0.000377114535072	4.04051287577e-05	0	0	0.00669378299752	0.000175088891283	5.38735050102e-05	0.0010505333477	0	0	0.000592608555113	0	0	1.34683762526e-05	0	0.00410785475703	0	0	0	0.0116905505872	0	0	0	0.0111383471609	0	0	0	0	0	4.04051287577e-05	0	0	8.08102575154e-05	6.73418812628e-05	2.69367525051e-05	0	2.69367525051e-05	0.000175088891283	2.69367525051e-05	0.000148152138778	0.000134683762526	0.000161620515031	0	0
0	0	0	0	0.000175088891283	0	0	0	0	0.000255899148799	0	0	0.000255899148799	0	0	4.04051287577e-05	0	0	0	0	0	0	0	0	0.000242430772546	0	0	0	0	0	0	0	1.34683762526e-05	0	1.34683762526e-05	0	0	0	0	0.000377114535072	0.00661297274001	0.00101012821894	2.69367525051e-05	0.00114481198147	0.00202025643788	4.04051287577e-05	0	0.000202025643788	0	0	0.00435028552958	0	0	0	0	5.38735050102e-05	0	0	0	0.00154886326904	0	0	0	2.69367525051e-05	0	0	0	0.000996659842689	0	6.73418812628e-05	1.34683762526e-05	0	0	1.34683762526e-05	2.69367525051e-05	0	0	0.000175088891283	0	5.38735050102e-05	2.69367525051e-05	0.00242430772546	0.00171048378407	0
0	0	0	0	2.69367525051e-05	2.69367525051e-05	0.000282835901304	0	0	4.04051287577e-05	0.000202025643788	0	0.000148152138778	0	0	0.000282835901304	0	0	0	0	0.000148152138778	0	0	0	8.08102575154e-05	0	0	0	0.000121215386273	0.000134683762526	0	0	4.04051287577e-05	0	6.73418812628e-05	9.42786337679e-05	0	1.34683762526e-05	0	4.04051287577e-05	0.00101012821894	0.0295630858744	0.00953561038681	0.0120946018748	0.000242430772546	0.0146266566103	0.00047139316884	0.0065860359875	2.69367525051e-05	0.00141417950652	0.00193944618037	0	0	4.04051287577e-05	0	0.00189904105161	0	0	0	0.00063301368387	0	1.34683762526e-05	0	0.00517185648098	9.42786337679e-05	0	0	2.69367525051e-05	0	0.00103706497145	1.34683762526e-05	0	0.000242430772546	0.000444456416334	0.000377114535072	5.38735050102e-05	0	0.00323241030061	1.34683762526e-05	0.00142764788277	0.00047139316884	0.00517185648098	0.000121215386273	1.34683762526e-05
0	0	0	0	0	2.69367525051e-05	2.69367525051e-05	0	0	0	9.42786337679e-05	0	2.69367525051e-05	0	0	1.34683762526e-05	0	0	0	0	0.00010774701002	0	0	0	0	0	0	0	0	0	0	0	1.34683762526e-05	0	6.73418812628e-05	0.014343820709	0	0.000121215386273	0	0	2.69367525051e-05	0.00953561038681	0.0795846352764	0.015677189958	0	0.0246875336709	0.00350177782567	0.000565671802607	0	0.0185863592285	8.08102575154e-05	5.38735050102e-05	0.000202025643788	0.00268020687426	0.0013064324965	0.00141417950652	0.00769044284021	0	0.00115828035772	0.00416172826204	0	0.00047139316884	0.000188557267536	0.0299132636569	0.00980497791186	0.0175223575046	9.42786337679e-05	0	0.00114481198147	0.00360952483569	0	0	0.000175088891283	2.69367525051e-05	1.34683762526e-05	1.34683762526e-05	0	0.002612864993	0.000121215386273	0.00771737959272	0.00140071113027	0.000794634198901	0.000781165822648	0
0	0	0	0	5.38735050102e-05	0	6.73418812628e-05	0	0	0	4.04051287577e-05	0	9.42786337679e-05	0	0	9.42786337679e-05	0	0	0	0	0.000121215386273	0	0	0	8.08102575154e-05	0	0	0	2.69367525051e-05	0.000121215386273	0	0	2.69367525051e-05	0	4.04051287577e-05	0.00176435728909	0	0.000148152138778	0	0	0.00114481198147	0.0120946018748	0.015677189958	0.0359201594656	6.73418812628e-05	0.0127545523112	0.00571059153109	0.0018182307941	2.69367525051e-05	0.0162832668893	0.000377114535072	4.04051287577e-05	0.000188557267536	0.00183169917035	0.000417519663829	0.000915849585174	0.00129296412025	0	0.000444456416334	0.000242430772546	0	6.73418812628e-05	1.34683762526e-05	0.00319200517186	0.00167007865532	0.00241083934921	0	0.00162967352656	9.42786337679e-05	0.00606076931365	5.38735050102e-05	0	0.000202025643788	0.000296304277556	0.000202025643788	1.34683762526e-05	0	0.00400010774701	4.04051287577e-05	0.00519879323349	0.0010774701002	0.00600689580864	0.00453884279711	2.69367525051e-05
0	0	2.69367525051e-05	0	0.00540081887728	1.34683762526e-05	0.00126602736774	0.000511798297597	0.000390582911324	0.0120811334985	1.34683762526e-05	0	0.00196638293287	0	0.000363646158819	0.00109093847646	0.000430988040082	0	0	0	0.000404051287577	0	0.000713823941386	0	0.0195830190712	0	0	5.38735050102e-05	0.00972416765435	2.69367525051e-05	0	0	1.34683762526e-05	0	6.73418812628e-05	0	0.0015892683978	0	0	0.00669378299752	0.00202025643788	0.000242430772546	0	6.73418812628e-05	0.0424253851956	1.34683762526e-05	0	0.00426947527206	0.000228962396294	1.34683762526e-05	0.00383848723198	6.73418812628e-05	0	0	0	0.00126602736774	0	0.00806755737528	0	0.0362299321194	0.000902381208921	0	0.000215494020041	0.00888912832669	0	0	0	0	0	0	0.000377114535072	2.69367525051e-05	0.000121215386273	8.08102575154e-05	0.00127949574399	0	4.04051287577e-05	0.000148152138778	1.34683762526e-05	1.34683762526e-05	0	0.00214147182416	0	1.34683762526e-05
0	0	0	0	0.00162967352656	1.34683762526e-05	2.69367525051e-05	0	0	0	0.000363646158819	0	2.69367525051e-05	0	0	0	0	0	0	0	0.00266673849801	0	0	0	0.000781165822648	0	0	0	0.00063301368387	0	0	0	1.34683762526e-05	0	6.73418812628e-05	0.000983191466437	0	0.00010774701002	0	0.000175088891283	4.04051287577e-05	0.0146266566103	0.0246875336709	0.0127545523112	1.34683762526e-05	0.0453345544661	0.00382501885573	0.00417519663829	0	0.00665337786876	4.04051287577e-05	2.69367525051e-05	5.38735050102e-05	0.00203372481414	0.000929317961427	0.00506410947096	0.00047139316884	0	0.000296304277556	0.00257245986424	0	0.00057914017886	1.34683762526e-05	0.01290270445	0.00141417950652	0.000700355565133	1.34683762526e-05	1.34683762526e-05	8.08102575154e-05	0.00254552311173	1.34683762526e-05	0	0.000121215386273	5.38735050102e-05	0	1.34683762526e-05	0	0.00203372481414	5.38735050102e-05	0.00608770606616	0.00047139316884	0.00103706497145	0.000808102575154	0
0	0	0	0	0.00010774701002	0	1.34683762526e-05	0	0	0	2.69367525051e-05	0.000323241030061	2.69367525051e-05	0.00164314190281	0	0	1.34683762526e-05	0	0	0	0.000242430772546	0	0	0	0.000202025643788	0.000484861545092	0.000430988040082	0.000404051287577	0	0	0	6.73418812628e-05	0	0	1.34683762526e-05	4.04051287577e-05	0	0.00010774701002	0	5.38735050102e-05	0	0.00047139316884	0.00350177782567	0.00571059153109	0	0.00382501885573	0.0342500808103	0.00432334877707	0.00414825988579	0.00620892145243	0	0.000188557267536	2.69367525051e-05	0.0120407283698	0.00592608555113	0.00284182738929	0.00047139316884	0	0.000350177782567	0	0.000996659842689	0.00359605645943	0.00057914017886	0.000565671802607	0.00152192651654	0.000175088891283	0.000592608555113	0.00204719319039	0	0.017172179722	0	0.000861976080164	1.34683762526e-05	1.34683762526e-05	0	0	0.000377114535072	0.00243777610171	0.00410785475703	0.0188557267536	0.000956254713932	0.000134683762526	0.000969723090184	0.00254552311173
0	0	0	0	0.00179129404159	1.34683762526e-05	0.000296304277556	0	1.34683762526e-05	0.00176435728909	0.000134683762526	0	0.00176435728909	0	2.69367525051e-05	0.00118521711023	0	0	0	0	0.000417519663829	0	0	0	0.00129296412025	0	0	0	0.000336709406314	5.38735050102e-05	0	0	1.34683762526e-05	0	8.08102575154e-05	0	0	0	0	0.0010505333477	0.000202025643788	0.0065860359875	0.000565671802607	0.0018182307941	0.00426947527206	0.00417519663829	0.00432334877707	0.0216436806379	8.08102575154e-05	0.000242430772546	0.00207412994289	0	0	0.000848507703911	0	0.00685540351255	0	0	0	0.0018182307941	0	0.000552203426355	0	0.00114481198147	0	0	0	0	0	0.00503717271846	0.000188557267536	0	0.000215494020041	0.000296304277556	0.00140071113027	0	0	4.04051287577e-05	0	0.00554897101605	0.000161620515031	0.00169701540782	6.73418812628e-05	5.38735050102e-05
0	0	0	0	0	0	0	0	0	0	0	0.000767697446396	0	0.00626279495744	0	0	0	0	0	0	0	0	0	0	0	0.00257245986424	0.00145458463528	0.00284182738929	0	0	0	0.00052526667385	0	0	0	0	0.00110440685271	0	0	0	0	2.69367525051e-05	0	2.69367525051e-05	0.000228962396294	0	0.00414825988579	8.08102575154e-05	0.0142091369464	0	0	0	0	0	0	0	1.34683762526e-05	0.00063301368387	0	0.00063301368387	0.00545469238229	0.00344790432066	0.00374420859821	0	0	0	0.00237043422045	0	0	0.000417519663829	0	0.00207412994289	0	0	0	0	0.000377114535072	0	0.00364992996444	0.000686887188881	0	0	2.69367525051e-05	0.00272061200302
0	0	0	0	0	0	0	0	0	0	0	0	1.34683762526e-05	0	0	1.34683762526e-05	0	0	0	0	1.34683762526e-05	0	0	0	0	0	0	0	0	0	0	0	0	0	1.34683762526e-05	0.00836386165284	0	0.000134683762526	0	0	0	0.00141417950652	0.0185863592285	0.0162832668893	1.34683762526e-05	0.00665337786876	0.00620892145243	0.000242430772546	0	0.0320412671048	0	1.34683762526e-05	0.000121215386273	0.00320547354811	0.00175088891283	0.000202025643788	0.00140071113027	0	0.000673418812628	4.04051287577e-05	0	0.000121215386273	2.69367525051e-05	0.00230309233919	0.00538735050102	0.00515838810473	0	0.000875444456416	0.00010774701002	0.0055085658873	0	0	1.34683762526e-05	1.34683762526e-05	1.34683762526e-05	0	0	0.000350177782567	0	0.00451190604461	0	8.08102575154e-05	0.000430988040082	0
0	0	0	0	0.000309772653809	0	2.69367525051e-05	0	0	0.000902381208921	0	0	0.000673418812628	1.34683762526e-05	1.34683762526e-05	0.000282835901304	0	0	0	0	0	0	0	0	0.000686887188881	0	0	0	2.69367525051e-05	0	0	0	1.34683762526e-05	0	0	0	0	0	0	0.000592608555113	0.00435028552958	0.00193944618037	8.08102575154e-05	0.000377114535072	0.00383848723198	4.04051287577e-05	0	0.00207412994289	0	0	0.00960295226807	0	0	0	0	0.000134683762526	0	0	0	0.0031785367956	0	0	0	0.000350177782567	0	0	0	4.04051287577e-05	0	1.34683762526e-05	9.42786337679e-05	0	0.000309772653809	0.000296304277556	0.000282835901304	6.73418812628e-05	0	0	0	0	0	0.0028687641418	0.000511798297597	0
0	0	0.00507757784721	0	0	0	0	0	0	0	0	0	0	0	0	0	0.00646482060123	0	0	0	0	0.0010505333477	0.0100878138132	0.0140609848077	0.000215494020041	0	0	0.00863322917789	0.00140071113027	0	0	0	0	0	0	0	0.000781165822648	0	0	0	0	0	5.38735050102e-05	4.04051287577e-05	6.73418812628e-05	2.69367525051e-05	0.000188557267536	0	0	1.34683762526e-05	0	0.0482571921129	0	0.000255899148799	0.000188557267536	0	0.00282835901304	0.0314217217972	0.0114211830622	0.00933358474302	0	0.00010774701002	0.0129296412025	0.00696315052257	2.69367525051e-05	0	0	0	0	5.38735050102e-05	0.000121215386273	0	0	0	0	0	0	0.0109497898933	0.00125255899149	0.000390582911324	0.000282835901304	1.34683762526e-05	1.34683762526e-05	0
0	0	0	0	0	0	0	0	0	0	0	0	0	0	0	0	0	0	0	0	0	0	0	0	0	0	0	0	0	0	0	0	0	0	0	0.000498329921345	0	0.0131451352225	0	0	0	0	0.000202025643788	0.000188557267536	0	5.38735050102e-05	2.69367525051e-05	0	0	0.000121215386273	0	0	0.0245797866609	2.69367525051e-05	0.00218187695291	0	0.000781165822648	0	0.00533347699601	0	0	0.0108824480121	0.00383848723198	0	0.000228962396294	0.000242430772546	0	0	4.04051287577e-05	0.0023569658442	0	0	0	0	0	0	0	0	0	0.000282835901304	0	0	0	0
0	0	0	0	0	0	0	0	0	0	0	0	0	0	0	0	2.69367525051e-05	0	0	0	0	0	0	0	0	0	0.00189904105161	0.00137377437776	0	0	0	0	0	0	0	4.04051287577e-05	0	0.000121215386273	0	1.34683762526e-05	0	4.04051287577e-05	0.00268020687426	0.00183169917035	0	0.00203372481414	0.0120407283698	0.000848507703911	0	0.00320547354811	0	0.000255899148799	2.69367525051e-05	0.0181957763172	0.00839079840534	0.00127949574399	0.000363646158819	0	0.000404051287577	0	0	0.000942786337679	0.000808102575154	0.000161620515031	0.0013064324965	0.000134683762526	1.34683762526e-05	0.000781165822648	0	0.00522572998599	0	0	0	0	0	0	0	0.00338056243939	0.00154886326904	0.00892953345545	0.000861976080164	0	0	0
0	0	6.73418812628e-05	0	0	0	0	0	0	0	0	0	0	0	0	0	2.69367525051e-05	0	0	4.04051287577e-05	0	0	0	0	0	0	0.000659950436375	0.000552203426355	0	0	0	0	0	0	0	2.69367525051e-05	0	0.000121215386273	0	0	0	0	0.0013064324965	0.000417519663829	0	0.000929317961427	0.00592608555113	0	0	0.00175088891283	0	0.000188557267536	0.00218187695291	0.00839079840534	0.0227884926193	8.08102575154e-05	0.000350177782567	0	0.000323241030061	0	0	0.00533347699601	0.00111787522896	0.00010774701002	0.00164314190281	4.04051287577e-05	0	0.000309772653809	0	0.00728639155263	6.73418812628e-05	0	0.00010774701002	4.04051287577e-05	0	0	0	0.00386542398448	0.00126602736774	0.00778472147398	0.00140071113027	0	0	0
0	0	0	0	0.00161620515031	1.34683762526e-05	0.000148152138778	0	1.34683762526e-05	0.000188557267536	0.00010774701002	0	0.000767697446396	0	1.34683762526e-05	0.000754229070143	0	0	0	0	0.00063301368387	0	0	0	0.000148152138778	0	0	0	0.000255899148799	1.34683762526e-05	0	0	0	0	6.73418812628e-05	0	0	0	0	0.00410785475703	5.38735050102e-05	0.00189904105161	0.00141417950652	0.000915849585174	0.00126602736774	0.00506410947096	0.00284182738929	0.00685540351255	0	0.000202025643788	0.000134683762526	0	0	0.00127949574399	8.08102575154e-05	0.0145189096003	0	0	0	0.000996659842689	0	0.00047139316884	0	0.00364992996444	0	0	0	0	0	0.00203372481414	0.00010774701002	0	0.000148152138778	0.000148152138778	0.00111787522896	0	0	0	0	0.00308425816184	8.08102575154e-05	0.000794634198901	2.69367525051e-05	1.34683762526e-05
