0.0169991582857	3.90486024939e-05	0.00106298973456	0	0.00030371135273	8.67746722087e-06	2.16936680522e-05	0.00360548763027	0.00470318723371	3.90486024939e-05	4.33873361043e-05	0.000264662750236	8.24359385982e-05	5.64035369356e-05	0.0102220563862	2.16936680522e-05	0	0.0030371135273	4.33873361043e-06	0.000329743754393	2.16936680522e-05	0.000611761439071	4.33873361043e-06	0.00272906344096	0.00101526366484	1.30162008313e-05	0.00296335505593	0.000121484541092	0.00246873942434	0.0117102420146	0.0115410314038	0	0	0.00186131671888	0.0012061679437	1.30162008313e-05	3.47098688835e-05	4.33873361043e-06	0	0	0	4.33873361043e-06	4.33873361043e-06	1.73549344417e-05	8.67746722087e-06	0	4.33873361043e-06	2.60324016626e-05	4.33873361043e-06	1.73549344417e-05	0	0	4.33873361043e-06	0	0	0	0	4.33873361043e-06	0	4.33873361043e-06	0	4.33873361043e-06	2.60324016626e-05	1.30162008313e-05	1.30162008313e-05	2.60324016626e-05	0	0	0	4.33873361043e-06	0.000234291614963	0.000212597946911	0.000551019168525	2.60324016626e-05	3.47098688835e-05	0	0	0	4.33873361043e-06	0	0	0	0	0
3.90486024939e-05	0.0346361104121	0.00271170850652	0	0	0	4.33873361043e-06	8.67746722087e-05	7.80972049878e-05	0.00611761439071	2.16936680522e-05	9.979087304e-05	3.47098688835e-05	0.00202618859607	9.54521394295e-05	0.000247307815795	0.000538002967694	0.000720229779332	8.67746722087e-06	0.000642132574344	8.67746722087e-06	0.000229952881353	0.00777934936351	0.000637793840734	0.00288091911733	0.00422158780295	0.0134066868562	0.0271648111349	0.00010412960665	0.00019958174608	0.000160533143586	0.000264662750236	0	9.11134058191e-05	0.00162702510391	0	0.0145434350622	0.000121484541092	0	0	0	0	8.67746722087e-06	0	1.73549344417e-05	1.73549344417e-05	5.64035369356e-05	8.67746722087e-06	0.000433873361043	1.30162008313e-05	0	7.80972049878e-05	7.37584713774e-05	9.979087304e-05	0.000125823274703	8.67746722087e-06	4.33873361043e-06	0.000655148775176	2.60324016626e-05	3.0371135273e-05	0.000520648033252	0.00406973212659	0.0142310462422	4.33873361043e-05	1.73549344417e-05	0	0.000190904278859	0	0	0.00010412960665	0.00217370553883	0.00101092493123	0.000837375586814	0.000130162008313	0.000164871877196	1.30162008313e-05	2.60324016626e-05	6.94197377669e-05	0.00010412960665	8.67746722087e-05	4.33873361043e-06	0	0	1.30162008313e-05
0.00106298973456	0.00271170850652	0.0680356817452	0	0.000251646549405	1.30162008313e-05	0.000173549344417	0.00485938164369	0.00376602077386	0.00020392047969	9.979087304e-05	7.37584713774e-05	8.67746722087e-05	3.90486024939e-05	0.0011627806076	3.0371135273e-05	0.000564035369356	0.00557527268941	1.30162008313e-05	0.000264662750236	2.16936680522e-05	0.00427799133989	0.00410878072908	0.0306574916913	0.00109769960344	1.73549344417e-05	0.013632301004	0.0223401393601	0.00560130509107	0.00169644484168	0.00209994706745	2.60324016626e-05	8.67746722087e-06	0.000368792356887	0.00254249789571	3.0371135273e-05	0.00986194149652	0.0107513818867	0	0	0	1.73549344417e-05	0.00039916349216	0.000134500741923	3.47098688835e-05	9.979087304e-05	0.000264662750236	6.07422705461e-05	0.000221275414132	0.000225614147743	0	0.00389618278217	0.000863407988476	0.000255985283016	0.000451228295485	1.30162008313e-05	0.000850391787645	0.00969706961932	0.00584427417325	0.000355776156056	3.90486024939e-05	0.00267265990403	0.0106993170833	0.00144913702588	6.07422705461e-05	0.000355776156056	8.67746722087e-06	4.33873361043e-06	1.30162008313e-05	0.00040350222577	0.00665127862479	0.00236027108408	0.00272038597374	0.000945843927075	2.60324016626e-05	1.30162008313e-05	4.33873361043e-06	0.000247307815795	0.000511970566031	0.000954521394295	0.000112807073871	4.33873361043e-06	8.67746722087e-06	4.33873361043e-06
0	0	0	0	0	0	0	0	0	0	0	0	0	0	0	0	0	0	0	0	0	0	0	0	0	0	0	0	0	0	0	0	0	0	0	0	0	0	0	0	0	0	0	0	0	0	0	0	0	0	0	0	0	0	0	0	0	0	0	0	0	0	0	0	0	0	0	0	0	0	0	0	0	0	0	0	0	0	0	0	0	0	0	0
0.00030371135273	0	0.000251646549405	0	0.0277071528362	4.33873361043e-06	0.00318029173645	0.00269869230569	0.00310219453146	0.000811343185151	0.0019524301247	0.000815681918762	0.00374866583941	3.0371135273e-05	0.00350135802362	4.77260697148e-05	0	0.000234291614963	0.000208259213301	0.000815681918762	0.0114195468627	0.000290695151899	0	0.000516309299642	0.0209343896703	0	0.00123220034536	7.80972049878e-05	0.00761447748631	0.00725436259665	0.00106298973456	6.07422705461e-05	3.47098688835e-05	0.00321500160533	0.0043647660121	0	0	4.33873361043e-06	0	0.00106298973456	0	1.73549344417e-05	0.000585729037409	3.90486024939e-05	0.00311521073229	0.00100658619762	0	0.000247307815795	0	0	4.33873361043e-06	0	0	0	0	2.16936680522e-05	0	0	0	0.0049504950495	0	8.67746722087e-06	0	0.00363585876554	0	0	0	0	0	3.0371135273e-05	0.000121484541092	0.00010412960665	0.00361416509749	8.67746722087e-05	0.000138839475534	4.33873361043e-06	0	0	2.60324016626e-05	3.47098688835e-05	0	4.33873361043e-06	4.33873361043e-06	0
8.67746722087e-06	0	1.30162008313e-05	0	4.33873361043e-06	0.00530627120556	0.00160099270225	5.20648033252e-05	0.00213031820272	4.33873361043e-06	0.000112807073871	3.47098688835e-05	0.000334082488003	0	0.000134500741923	0.000507631832421	0	4.33873361043e-06	0	8.67746722087e-06	0	8.67746722087e-06	0	0.000182226811638	1.73549344417e-05	3.0371135273e-05	2.16936680522e-05	1.73549344417e-05	2.60324016626e-05	5.64035369356e-05	3.0371135273e-05	0	0.00261625636709	1.30162008313e-05	0.00142744335783	0	0	0	0	0	0	2.16936680522e-05	0	1.30162008313e-05	0	4.33873361043e-06	3.0371135273e-05	4.33873361043e-05	2.16936680522e-05	0	8.67746722087e-06	0	0	0	0	0	0	0	8.67746722087e-06	0	0	0	4.33873361043e-06	1.73549344417e-05	0	0	0	0	0	3.0371135273e-05	0.000854730521255	5.64035369356e-05	0.00107166720178	0.000511970566031	0.000963198861516	0.00146649196033	1.30162008313e-05	8.67746722087e-06	3.0371135273e-05	1.73549344417e-05	0	0	0	2.60324016626e-05
2.16936680522e-05	4.33873361043e-06	0.000173549344417	0	0.00318029173645	0.00160099270225	0.039938042884	0.00242535208823	0.0140791905659	2.60324016626e-05	0.017563193655	0.00251212676044	0.0148645013493	4.77260697148e-05	0.00449926675402	0.000342759955224	4.33873361043e-06	0.000125823274703	0.000455567029096	0.00158363776781	0.0017051223089	0.000108468340261	8.67746722087e-06	0.000277678951068	0.0036185038311	0	0.00253382042849	0.00019524301247	0.00466847736483	0.00704176464973	0.00010412960665	0.000238630348574	0.000984892529568	0.00164438003835	0.0066946659609	0	0	4.33873361043e-06	0	2.60324016626e-05	4.33873361043e-06	9.54521394295e-05	2.16936680522e-05	7.80972049878e-05	4.33873361043e-06	8.67746722087e-06	4.33873361043e-06	0.00141008842339	0	1.30162008313e-05	4.77260697148e-05	0	0	0	0	8.67746722087e-06	0	4.33873361043e-06	0	1.30162008313e-05	4.33873361043e-06	4.33873361043e-06	8.67746722087e-06	5.20648033252e-05	0	1.73549344417e-05	0	0	0	0.000143178209144	0.000867746722087	0.000629116373513	0.00479430063953	0.000642132574344	0.000425195893823	0.000564035369356	6.07422705461e-05	0	4.33873361043e-06	0.00010412960665	0	0	5.20648033252e-05	0
0.00360548763027	8.67746722087e-05	0.00485938164369	0	0.00269869230569	5.20648033252e-05	0.00242535208823	0.0375777718	0.0105648163414	0.000255985283016	0.00478562317231	0.000386147291329	0.000212597946911	1.73549344417e-05	0.0060308397185	9.979087304e-05	0	0.000607422705461	0.000134500741923	0.000446889561875	0.000351437422445	0.00457736395901	8.67746722087e-06	0.00669900469451	0.00328876007671	0	0.00202184986246	8.67746722087e-05	0.0160359594242	0.00577051570188	0.00987061896374	1.30162008313e-05	1.30162008313e-05	0.00272038597374	0.00282451558039	0	0.000151855676365	5.20648033252e-05	0	2.16936680522e-05	0	0	6.94197377669e-05	0	8.67746722087e-06	4.33873361043e-06	8.67746722087e-06	1.73549344417e-05	8.67746722087e-06	0	0	1.73549344417e-05	1.73549344417e-05	1.30162008313e-05	4.33873361043e-06	4.33873361043e-06	8.67746722087e-06	1.73549344417e-05	4.33873361043e-06	0.00010412960665	1.73549344417e-05	8.67746722087e-05	8.24359385982e-05	0.000247307815795	0	0	4.33873361043e-06	0	0	1.73549344417e-05	4.33873361043e-05	7.80972049878e-05	0.0024513844899	0.000286356418289	0.000182226811638	0	0	1.30162008313e-05	2.60324016626e-05	2.60324016626e-05	8.67746722087e-06	0	0	0
0.00470318723371	7.80972049878e-05	0.00376602077386	0	0.00310219453146	0.00213031820272	0.0140791905659	0.0105648163414	0.0450317161427	5.64035369356e-05	0.00774463949462	0.000659487508786	0.00329309881032	9.54521394295e-05	0.0173158858392	7.37584713774e-05	4.33873361043e-06	0.00110637707066	5.64035369356e-05	4.33873361043e-05	0.00111939327149	0.00115844187399	3.90486024939e-05	0.00523685146779	0.00419555540129	6.07422705461e-05	0.0026596437032	0.000247307815795	0.00705478085057	0.00779670429795	0.00574882203382	4.77260697148e-05	0.00265530496959	0.000772294582657	0.00565770862801	0	7.37584713774e-05	3.90486024939e-05	0	3.90486024939e-05	4.33873361043e-06	0.000186565545249	5.64035369356e-05	0.000121484541092	3.47098688835e-05	1.30162008313e-05	0.000225614147743	0.000381808557718	0.000143178209144	1.73549344417e-05	6.07422705461e-05	4.33873361043e-06	8.67746722087e-06	4.33873361043e-06	4.33873361043e-06	8.67746722087e-06	3.47098688835e-05	4.33873361043e-06	4.33873361043e-06	9.54521394295e-05	0	6.07422705461e-05	4.33873361043e-05	0.00019958174608	4.33873361043e-06	1.73549344417e-05	0	0	0	0.000238630348574	0.00127124894786	0.000568374102967	0.00403936099131	0.000924150259022	0.000134500741923	0.000789649517099	0.000112807073871	1.73549344417e-05	0.000277678951068	0.00020392047969	0	0	6.07422705461e-05	9.54521394295e-05
3.90486024939e-05	0.00611761439071	0.00020392047969	0	0.000811343185151	4.33873361043e-06	2.60324016626e-05	0.000255985283016	5.64035369356e-05	0.0337900573581	3.0371135273e-05	1.30162008313e-05	0.00115410314038	0.000438212094654	5.64035369356e-05	0.00165305750558	0.000772294582657	0.000208259213301	4.33873361043e-06	0.000338421221614	0.000928488992633	0.000533664234083	0.0107600593539	0.000446889561875	0.0153461007801	0.00138405602173	0.00139273348895	0.00579654810354	0.0107774142883	0.000637793840734	0.00154458916531	4.33873361043e-05	4.33873361043e-06	0.00117145807482	0.00177454204667	0.000507631832421	0.000164871877196	9.54521394295e-05	0	4.33873361043e-06	4.33873361043e-06	6.94197377669e-05	0.00030371135273	0.000125823274703	0.0116755321457	8.67746722087e-05	0.000130162008313	0.000112807073871	4.33873361043e-06	0.000373131090497	4.33873361043e-06	0.000277678951068	2.16936680522e-05	2.60324016626e-05	0	4.33873361043e-06	0.00123653907897	0.00493314011506	6.07422705461e-05	0.00443852448347	4.33873361043e-06	0.00020392047969	0.000225614147743	0.00952785900851	0.000529325500473	0.000924150259022	0	4.33873361043e-06	1.30162008313e-05	0.000143178209144	0.00201317239524	0.000134500741923	0.00103261859928	0.000568374102967	0.00251212676044	0	0	7.37584713774e-05	7.37584713774e-05	0.000208259213301	2.60324016626e-05	1.30162008313e-05	1.73549344417e-05	0
4.33873361043e-05	2.16936680522e-05	9.979087304e-05	0	0.0019524301247	0.000112807073871	0.017563193655	0.00478562317231	0.00774463949462	3.0371135273e-05	0.0343410765266	0.00260757889987	0.0133068959832	0.00010412960665	0.00329309881032	4.77260697148e-05	0	0.000208259213301	0.000837375586814	0.00269869230569	0.00571411216494	5.20648033252e-05	0	0.000156194409976	0.00180491318194	0	0.00340590588419	0.000347098688835	0.00373564963858	0.0078574465685	6.07422705461e-05	0.000121484541092	5.64035369356e-05	0.00255985283016	0.00748865421161	0	2.16936680522e-05	4.33873361043e-06	0	0.000564035369356	0	3.90486024939e-05	5.20648033252e-05	2.16936680522e-05	2.16936680522e-05	8.67746722087e-06	4.33873361043e-06	0.000659487508786	1.30162008313e-05	8.67746722087e-06	1.73549344417e-05	0	0	1.73549344417e-05	8.67746722087e-06	1.30162008313e-05	0	4.33873361043e-06	4.33873361043e-06	0.000108468340261	6.50810041565e-05	5.64035369356e-05	3.0371135273e-05	0.000112807073871	0	4.33873361043e-06	1.30162008313e-05	0	0	3.90486024939e-05	0.000325405020783	0.000325405020783	0.00570543469772	0.000190904278859	0.000117145807482	4.33873361043e-06	4.33873361043e-06	0	8.67746722087e-06	3.90486024939e-05	0	0	1.30162008313e-05	0
0.000264662750236	9.979087304e-05	7.37584713774e-05	0	0.000815681918762	3.47098688835e-05	0.00251212676044	0.000386147291329	0.000659487508786	1.30162008313e-05	0.00260757889987	0.0277245077707	0.0061132756571	0.00386147291329	0.00276377330985	1.73549344417e-05	0	0.00180491318194	0.00518044793086	0.0059874523824	0.0019958174608	0.000177888078028	0	0.000394824758549	0.000937166459854	0.00104563480011	0.0130031846305	0.000485938164369	0.000950182660685	0.0107036558169	0.000715891045722	0.00147083069394	0.000637793840734	0.000672503709617	0.0140531581642	0	8.24359385982e-05	8.67746722087e-06	0	0	0	8.67746722087e-06	3.90486024939e-05	0	4.33873361043e-05	4.33873361043e-06	0.000234291614963	0.0015402504317	0.000212597946911	0	4.33873361043e-06	0	4.33873361043e-06	1.73549344417e-05	1.73549344417e-05	0	0	0	2.16936680522e-05	0.000269001483847	0.000117145807482	0.000121484541092	0.000108468340261	0.000269001483847	0	4.33873361043e-06	3.47098688835e-05	0	0	2.16936680522e-05	0.000173549344417	0.00185697798527	0.00843449813868	0.000282017684678	1.30162008313e-05	0	0.00121484541092	3.0371135273e-05	0.000316727553562	2.16936680522e-05	4.33873361043e-06	0	0	0.000247307815795
8.24359385982e-05	3.47098688835e-05	8.67746722087e-05	0	0.00374866583941	0.000334082488003	0.0148645013493	0.000212597946911	0.00329309881032	0.00115410314038	0.0133068959832	0.0061132756571	0.0391527321006	0.000108468340261	0.00318896920367	0.000689858644059	0	0.000516309299642	0.00200449492802	0.00466413863122	0.0111939327149	8.24359385982e-05	8.67746722087e-06	0.00019524301247	0.001748509645	0	0.00652545535009	0.000438212094654	0.000390486024939	0.013476106594	0.000234291614963	0.000390486024939	0.000234291614963	0.00242969082184	0.0126604246752	0	3.47098688835e-05	4.33873361043e-06	0	0.000859069254866	0	4.77260697148e-05	7.80972049878e-05	3.47098688835e-05	6.94197377669e-05	0.000134500741923	2.60324016626e-05	0.00660789128869	1.73549344417e-05	3.90486024939e-05	1.73549344417e-05	0	0	3.0371135273e-05	1.30162008313e-05	1.30162008313e-05	0	8.67746722087e-06	4.33873361043e-06	0.000247307815795	9.11134058191e-05	7.80972049878e-05	3.90486024939e-05	0.00030371135273	0	1.30162008313e-05	1.73549344417e-05	0	0	3.0371135273e-05	0.000551019168525	0.000655148775176	0.00904625957775	0.000160533143586	0.000854730521255	4.33873361043e-06	8.67746722087e-06	0	1.73549344417e-05	4.33873361043e-05	0	4.33873361043e-06	4.33873361043e-06	0
5.64035369356e-05	0.00202618859607	3.90486024939e-05	0	3.0371135273e-05	0	4.77260697148e-05	1.73549344417e-05	9.54521394295e-05	0.000438212094654	0.00010412960665	0.00386147291329	0.000108468340261	0.0227913676556	0.000186565545249	0	3.47098688835e-05	0.000412179692991	5.20648033252e-05	0.000420857160212	5.64035369356e-05	6.50810041565e-05	0.000511970566031	0.000143178209144	0.000190904278859	0.00613496932515	0.00636492220651	0.00955823014379	3.90486024939e-05	0.000529325500473	0.000208259213301	0.00290695151899	0.000216936680522	6.07422705461e-05	0.000811343185151	0	0.00133632995201	9.54521394295e-05	0	0	0	1.73549344417e-05	8.67746722087e-06	1.30162008313e-05	0	1.30162008313e-05	0.00144913702588	1.30162008313e-05	0.0037833757083	8.67746722087e-06	0	0	4.33873361043e-06	0.000611761439071	1.73549344417e-05	4.33873361043e-06	0	4.33873361043e-06	4.33873361043e-06	0	0.00237328728491	0.00427799133989	0.00208259213301	1.30162008313e-05	1.30162008313e-05	0	0.000668164976007	0	0	0.000125823274703	9.11134058191e-05	0.0029112902526	0.00153157296448	6.50810041565e-05	0	0	0.00113240947232	8.67746722087e-06	0.00285054798205	3.47098688835e-05	0	0	1.73549344417e-05	0.000264662750236
0.0102220563862	9.54521394295e-05	0.0011627806076	0	0.00350135802362	0.000134500741923	0.00449926675402	0.0060308397185	0.0173158858392	5.64035369356e-05	0.00329309881032	0.00276377330985	0.00318896920367	0.000186565545249	0.0381808557718	0.000216936680522	1.73549344417e-05	0.0024123358874	0.000273340217457	0.000368792356887	0.000928488992633	0.000676842443228	1.73549344417e-05	0.00269435357208	0.00506764085699	3.0371135273e-05	0.00338421221614	0.000507631832421	0.00477260697148	0.0204267578379	0.0101049105787	6.94197377669e-05	0.00159665396864	0.00217804427244	0.00840412700341	1.30162008313e-05	4.33873361043e-05	4.33873361043e-06	0	4.33873361043e-06	0	8.67746722087e-05	7.37584713774e-05	5.64035369356e-05	2.60324016626e-05	0	0.000216936680522	0.000390486024939	9.11134058191e-05	4.33873361043e-05	4.33873361043e-06	0	0	0	4.33873361043e-06	0	3.47098688835e-05	8.67746722087e-06	0	3.90486024939e-05	0	8.67746722087e-05	3.90486024939e-05	0.000290695151899	1.73549344417e-05	3.90486024939e-05	0	0	0	0.000108468340261	0.00159231523503	0.00114542567315	0.00418687793407	0.000468583229927	3.0371135273e-05	2.16936680522e-05	2.16936680522e-05	3.47098688835e-05	0.000221275414132	0.000147516942755	0	4.33873361043e-06	1.30162008313e-05	5.64035369356e-05
2.16936680522e-05	0.000247307815795	3.0371135273e-05	0	4.77260697148e-05	0.000507631832421	0.000342759955224	9.979087304e-05	7.37584713774e-05	0.00165305750558	4.77260697148e-05	1.73549344417e-05	0.000689858644059	0	0.000216936680522	0.00578353190271	3.90486024939e-05	8.67746722087e-06	1.73549344417e-05	6.50810041565e-05	3.0371135273e-05	8.67746722087e-06	0.000316727553562	0.000143178209144	0.00164004130474	6.07422705461e-05	0.000134500741923	0.000225614147743	0.000286356418289	0.0004989543652	0.000260324016626	4.33873361043e-06	9.54521394295e-05	0.000234291614963	0.000629116373513	0	4.33873361043e-06	0	0	0	0	0	0	4.33873361043e-06	4.33873361043e-06	0	0	3.47098688835e-05	0	0	0	0	0	1.30162008313e-05	0	0	0	4.33873361043e-06	1.30162008313e-05	4.33873361043e-06	0	0	4.33873361043e-05	1.73549344417e-05	0	2.16936680522e-05	0	0	0	8.67746722087e-06	0.000984892529568	6.94197377669e-05	0.000741923447384	0.000425195893823	0.00428666880711	0.000125823274703	0	2.60324016626e-05	0	8.67746722087e-06	8.67746722087e-06	0	4.33873361043e-06	0
0	0.000538002967694	0.000564035369356	0	0	0	4.33873361043e-06	0	4.33873361043e-06	0.000772294582657	0	0	0	3.47098688835e-05	1.73549344417e-05	3.90486024939e-05	0.0165175588549	3.47098688835e-05	0	1.30162008313e-05	0	0.00217370553883	0.00838243333536	0.00796591490876	0.00315425933479	0.00019958174608	0.000238630348574	0.00498520491839	0.00155760536615	1.73549344417e-05	0.000117145807482	4.33873361043e-06	0	1.30162008313e-05	0.000264662750236	0	0.000234291614963	0.000169210610807	0	0	0	0	3.90486024939e-05	2.16936680522e-05	0.000242969082184	2.16936680522e-05	0	0	0	2.16936680522e-05	0	0.00333648614642	0	0	0	0	0.000477260697148	0.00369660103609	0.00110203833705	0.000451228295485	0	4.33873361043e-06	0.000282017684678	0.000872085455697	0	0	0	0	0	0	0.000837375586814	0.000255985283016	0.000216936680522	0.000112807073871	2.16936680522e-05	0	0	1.30162008313e-05	8.67746722087e-06	0	0	0	0	0
0.0030371135273	0.000720229779332	0.00557527268941	0	0.000234291614963	4.33873361043e-06	0.000125823274703	0.000607422705461	0.00110637707066	0.000208259213301	0.000208259213301	0.00180491318194	0.000516309299642	0.000412179692991	0.0024123358874	8.67746722087e-06	3.47098688835e-05	0.029013111653	0.000394824758549	0.00760146128548	0.000234291614963	0.00283319304761	0.000286356418289	0.00902022717609	0.000451228295485	5.20648033252e-05	0.0142353849758	0.00396126378633	0.000568374102967	0.0046164125615	0.00678577936672	6.94197377669e-05	0	0.00110637707066	0.00883366163084	0	0.000234291614963	0.000377469824108	0	4.33873361043e-06	0	4.33873361043e-06	2.16936680522e-05	3.47098688835e-05	0	3.47098688835e-05	1.30162008313e-05	0.000160533143586	1.73549344417e-05	3.47098688835e-05	4.33873361043e-06	7.80972049878e-05	6.94197377669e-05	1.30162008313e-05	6.94197377669e-05	4.33873361043e-06	1.73549344417e-05	0.00010412960665	9.11134058191e-05	8.67746722087e-06	8.67746722087e-06	0.00108468340261	0.000390486024939	1.30162008313e-05	0	8.67746722087e-06	0	0	0	4.33873361043e-06	0.001414427157	0.00150120182921	0.00368358483526	0.000672503709617	1.73549344417e-05	0	4.33873361043e-06	9.11134058191e-05	1.30162008313e-05	1.30162008313e-05	8.67746722087e-06	0	0	0
4.33873361043e-06	8.67746722087e-06	1.30162008313e-05	0	0.000208259213301	0	0.000455567029096	0.000134500741923	5.64035369356e-05	4.33873361043e-06	0.000837375586814	0.00518044793086	0.00200449492802	5.20648033252e-05	0.000273340217457	1.73549344417e-05	0	0.000394824758549	0.00789649517099	0.00271604724013	0.000980553795958	4.33873361043e-05	8.67746722087e-06	3.47098688835e-05	0.000295033885509	2.16936680522e-05	0.00416518426602	6.94197377669e-05	0.000364453623276	0.00262493383431	4.33873361043e-05	0	8.67746722087e-06	0.000255985283016	0.00350569675723	0	0	0	0	0	4.33873361043e-06	3.0371135273e-05	2.60324016626e-05	2.60324016626e-05	8.67746722087e-06	0	8.67746722087e-06	0.000672503709617	4.33873361043e-06	0	4.33873361043e-06	0	0	0	0	4.33873361043e-06	0	0	4.33873361043e-06	0.000156194409976	0	2.60324016626e-05	1.30162008313e-05	0.000125823274703	0	4.33873361043e-06	0	0	0	4.77260697148e-05	0.000446889561875	0.000377469824108	0.00295901632232	0.000156194409976	0	4.33873361043e-06	4.33873361043e-06	8.67746722087e-06	8.67746722087e-06	5.64035369356e-05	8.67746722087e-06	0	2.60324016626e-05	0
0.000329743754393	0.000642132574344	0.000264662750236	0	0.000815681918762	8.67746722087e-06	0.00158363776781	0.000446889561875	4.33873361043e-05	0.000338421221614	0.00269869230569	0.0059874523824	0.00466413863122	0.000420857160212	0.000368792356887	6.50810041565e-05	1.30162008313e-05	0.00760146128548	0.00271604724013	0.0199104485383	0.00209560833384	0.000620438906292	0.000325405020783	0.000919811525412	0.00113240947232	9.979087304e-05	0.0135715587334	0.001748509645	0.000958860127906	0.00679011810033	0.00107166720178	7.37584713774e-05	0	0.00194809139108	0.0123610520561	0	9.979087304e-05	6.07422705461e-05	0	4.33873361043e-06	0	0	3.90486024939e-05	2.16936680522e-05	8.24359385982e-05	2.16936680522e-05	4.33873361043e-06	0.00108468340261	8.67746722087e-06	2.16936680522e-05	0	0	4.33873361043e-06	1.30162008313e-05	2.60324016626e-05	0	0	8.67746722087e-06	4.33873361043e-05	0.000169210610807	3.90486024939e-05	0.000685519910449	0.000277678951068	0.000151855676365	0	0	4.33873361043e-06	0	0	4.33873361043e-06	0.00160099270225	0.000659487508786	0.00871217708975	0.00040350222577	3.47098688835e-05	8.67746722087e-06	0	9.11134058191e-05	1.30162008313e-05	4.33873361043e-06	4.33873361043e-06	0	0	0
2.16936680522e-05	8.67746722087e-06	2.16936680522e-05	0	0.0114195468627	0	0.0017051223089	0.000351437422445	0.00111939327149	0.000928488992633	0.00571411216494	0.0019958174608	0.0111939327149	5.64035369356e-05	0.000928488992633	3.0371135273e-05	0	0.000234291614963	0.000980553795958	0.00209560833384	0.0226785605817	3.0371135273e-05	0	6.50810041565e-05	0.00691160264142	0	0.00272906344096	0.000255985283016	0.00108468340261	0.00597443618157	8.24359385982e-05	7.80972049878e-05	4.33873361043e-06	0.00152723423087	0.00605687212017	0	2.16936680522e-05	0	0	0.00167908990724	0	4.33873361043e-05	0.000134500741923	2.16936680522e-05	0.00128426514869	0.000919811525412	1.73549344417e-05	0.0027464183754	1.30162008313e-05	2.16936680522e-05	2.16936680522e-05	0	0	2.16936680522e-05	8.67746722087e-06	8.67746722087e-05	0	0	0	0.00192205898942	6.07422705461e-05	5.20648033252e-05	2.16936680522e-05	0.00146649196033	0	0	8.67746722087e-06	0	0	2.60324016626e-05	0.000190904278859	0.000134500741923	0.00528891627112	7.80972049878e-05	0.000160533143586	0	0	4.33873361043e-06	1.30162008313e-05	3.47098688835e-05	0	8.67746722087e-06	0	0
0.000611761439071	0.000229952881353	0.00427799133989	0	0.000290695151899	8.67746722087e-06	0.000108468340261	0.00457736395901	0.00115844187399	0.000533664234083	5.20648033252e-05	0.000177888078028	8.24359385982e-05	6.50810041565e-05	0.000676842443228	8.67746722087e-06	0.00217370553883	0.00283319304761	4.33873361043e-05	0.000620438906292	3.0371135273e-05	0.042233232964	0.00208259213301	0.0273557154138	0.000646471307955	4.33873361043e-06	0.00330611501115	0.000889440390139	0.00654281028453	0.00140574968978	0.0120963893059	0	0	0.000672503709617	0.011649499744	0.000360114889666	0.000264662750236	0.000442550828264	0	0	0	2.16936680522e-05	7.80972049878e-05	5.20648033252e-05	0.000164871877196	3.0371135273e-05	1.30162008313e-05	1.30162008313e-05	2.16936680522e-05	8.24359385982e-05	0	0.00170078357529	3.90486024939e-05	1.30162008313e-05	1.30162008313e-05	0	0.00242101335462	0.00434741107765	0.000138839475534	0.000707213578501	2.60324016626e-05	0.000242969082184	0.000464244496316	0.00338421221614	0.000446889561875	0.000321066287172	4.33873361043e-06	0	0.000277678951068	0.000147516942755	0.00124521654619	0.000251646549405	0.00776633316268	0.00111505453788	0.000811343185151	2.16936680522e-05	4.33873361043e-06	6.07422705461e-05	3.0371135273e-05	7.37584713774e-05	4.77260697148e-05	3.0371135273e-05	8.67746722087e-06	0
4.33873361043e-06	0.00777934936351	0.00410878072908	0	0	0	8.67746722087e-06	8.67746722087e-06	3.90486024939e-05	0.0107600593539	0	0	8.67746722087e-06	0.000511970566031	1.73549344417e-05	0.000316727553562	0.00838243333536	0.000286356418289	8.67746722087e-06	0.000325405020783	0	0.00208259213301	0.0403415451098	0.0151812289029	0.0079008339046	0.00183528431721	0.00183962305082	0.0159578622192	0.0044081533482	6.50810041565e-05	0.0009979087304	4.77260697148e-05	0	0.00010412960665	0.00114542567315	0.000130162008313	0.000225614147743	0.00019524301247	0	0	4.33873361043e-06	4.33873361043e-06	4.77260697148e-05	8.67746722087e-06	0.00392655391744	1.30162008313e-05	1.30162008313e-05	0	1.30162008313e-05	7.80972049878e-05	0	0.0115540476046	0.000108468340261	3.0371135273e-05	4.33873361043e-06	4.33873361043e-06	0.00246873942434	0.0204961775757	0.00646471307955	0.002494771826	4.33873361043e-06	0.000169210610807	0.0023298999488	0.00524986766862	9.979087304e-05	0.000650810041565	0	0	0	8.24359385982e-05	0.00122352287814	0.000169210610807	0.00050329309881	0.000169210610807	0.000186565545249	0	0	0.000138839475534	0.000225614147743	0.000260324016626	1.73549344417e-05	0	1.30162008313e-05	0
0.00272906344096	0.000637793840734	0.0306574916913	0	0.000516309299642	0.000182226811638	0.000277678951068	0.00669900469451	0.00523685146779	0.000446889561875	0.000156194409976	0.000394824758549	0.00019524301247	0.000143178209144	0.00269435357208	0.000143178209144	0.00796591490876	0.00902022717609	3.47098688835e-05	0.000919811525412	6.50810041565e-05	0.0273557154138	0.0151812289029	0.0933738860301	0.00219539920688	4.77260697148e-05	0.0109596411	0.0107817530219	0.0100441683082	0.0039916349216	0.0102784599231	0	8.67746722087e-06	0.000646471307955	0.0124261330603	3.90486024939e-05	0.000490276897979	0.00121484541092	0	0	0	3.47098688835e-05	0.000325405020783	0.000134500741923	8.67746722087e-05	8.24359385982e-05	5.64035369356e-05	6.94197377669e-05	6.07422705461e-05	0.00019958174608	1.73549344417e-05	0.0105084128045	0.000147516942755	5.20648033252e-05	5.64035369356e-05	4.33873361043e-06	0.00233857741602	0.0213509080969	0.0142527399103	0.000837375586814	3.47098688835e-05	0.000577051570188	0.00238196475213	0.00326706640866	7.80972049878e-05	0.000446889561875	4.33873361043e-06	0	2.60324016626e-05	0.000182226811638	0.00817851285567	0.00218672173966	0.0102958148576	0.00380940810996	0.00118447427565	8.24359385982e-05	1.30162008313e-05	0.000295033885509	0.000216936680522	0.000533664234083	6.50810041565e-05	8.67746722087e-06	1.30162008313e-05	0
0.00101526366484	0.00288091911733	0.00109769960344	0	0.0209343896703	1.73549344417e-05	0.0036185038311	0.00328876007671	0.00419555540129	0.0153461007801	0.00180491318194	0.000937166459854	0.001748509645	0.000190904278859	0.00506764085699	0.00164004130474	0.00315425933479	0.000451228295485	0.000295033885509	0.00113240947232	0.00691160264142	0.000646471307955	0.0079008339046	0.00219539920688	0.0653933929765	0.000659487508786	0.00236027108408	0.00417820046685	0.0237849376524	0.0123523745889	0.0059484037799	3.0371135273e-05	6.07422705461e-05	0.00803967338013	0.00967103721766	0	3.47098688835e-05	5.20648033252e-05	0	0.000351437422445	0	4.77260697148e-05	0.00070287484489	6.94197377669e-05	0.00952785900851	0.00103261859928	3.47098688835e-05	0.000173549344417	4.33873361043e-06	3.47098688835e-05	1.30162008313e-05	0.000659487508786	4.33873361043e-06	8.67746722087e-06	4.33873361043e-06	3.47098688835e-05	0.000468583229927	0.00155326663254	9.979087304e-05	0.0098532640293	0	7.37584713774e-05	5.64035369356e-05	0.0102654437223	8.67746722087e-06	1.73549344417e-05	0	0	0	8.67746722087e-05	0.00305012972813	0.000264662750236	0.00743225067467	0.00179623571472	0.00308050086341	8.24359385982e-05	4.33873361043e-06	9.11134058191e-05	5.64035369356e-05	0.000143178209144	2.60324016626e-05	2.16936680522e-05	1.30162008313e-05	0
1.30162008313e-05	0.00422158780295	1.73549344417e-05	0	0	3.0371135273e-05	0	0	6.07422705461e-05	0.00138405602173	0	0.00104563480011	0	0.00613496932515	3.0371135273e-05	6.07422705461e-05	0.00019958174608	5.20648033252e-05	2.16936680522e-05	9.979087304e-05	0	4.33873361043e-06	0.00183528431721	4.77260697148e-05	0.000659487508786	0.0124434879947	0.00264662750236	0.00766220355603	2.16936680522e-05	9.979087304e-05	2.16936680522e-05	0.000117145807482	0.000160533143586	4.33873361043e-06	0.000477260697148	0	0.000915472791802	3.0371135273e-05	0	0	0	0	4.33873361043e-06	4.33873361043e-06	0	4.33873361043e-06	0.00089811785736	0	0.00215635060439	4.33873361043e-06	0	0	0	3.47098688835e-05	4.77260697148e-05	0	0	1.73549344417e-05	8.67746722087e-06	0	0.0017875582475	0.000932827726243	0.000924150259022	1.30162008313e-05	0	0	0.000117145807482	0	0	8.67746722087e-06	1.30162008313e-05	0.000164871877196	0.000173549344417	8.67746722087e-06	6.07422705461e-05	0	0.000494615631589	8.67746722087e-06	0.00103261859928	8.67746722087e-06	4.33873361043e-06	0	0	0.000507631832421
0.00296335505593	0.0134066868562	0.013632301004	0	0.00123220034536	2.16936680522e-05	0.00253382042849	0.00202184986246	0.0026596437032	0.00139273348895	0.00340590588419	0.0130031846305	0.00652545535009	0.00636492220651	0.00338421221614	0.000134500741923	0.000238630348574	0.0142353849758	0.00416518426602	0.0135715587334	0.00272906344096	0.00330611501115	0.00183962305082	0.0109596411	0.00236027108408	0.00264662750236	0.099890663913	0.0264185489539	0.00238196475213	0.0133676382537	0.00560130509107	0.00294600012148	4.33873361043e-05	0.00243836828906	0.0175545161878	0	0.012964136028	0.00282017684678	0	4.33873361043e-06	4.33873361043e-06	9.979087304e-05	0.000381808557718	0.00030371135273	0.000117145807482	0.000216936680522	0.000694197377669	0.00144913702588	0.00150120182921	0.000312388819951	8.67746722087e-06	0.000255985283016	0.000650810041565	0.00209126960023	0.00173115471056	2.60324016626e-05	9.979087304e-05	0.000715891045722	0.000420857160212	0.000381808557718	0.00250344929322	0.0197889639972	0.015202922571	0.000564035369356	5.20648033252e-05	0.000242969082184	0.000490276897979	4.33873361043e-06	0	0.000429534627433	0.00928488992633	0.00764918735519	0.0147820654107	0.00108468340261	4.77260697148e-05	6.07422705461e-05	0.00030371135273	0.000260324016626	0.000737584713774	0.000368792356887	6.50810041565e-05	4.33873361043e-06	5.64035369356e-05	2.60324016626e-05
0.000121484541092	0.0271648111349	0.0223401393601	0	7.80972049878e-05	1.73549344417e-05	0.00019524301247	8.67746722087e-05	0.000247307815795	0.00579654810354	0.000347098688835	0.000485938164369	0.000438212094654	0.00955823014379	0.000507631832421	0.000225614147743	0.00498520491839	0.00396126378633	6.94197377669e-05	0.001748509645	0.000255985283016	0.000889440390139	0.0159578622192	0.0107817530219	0.00417820046685	0.00766220355603	0.0264185489539	0.0966886785085	0.000529325500473	0.00130162008313	0.00070287484489	0.00105431226734	3.47098688835e-05	0.000559696635746	0.00529759373834	4.33873361043e-06	0.0200145781449	0.00385713417968	0	0	0	1.30162008313e-05	0.00029937261912	0.000147516942755	4.33873361043e-05	0.000164871877196	0.000564035369356	0.000121484541092	0.00199147872719	0.000151855676365	0	0.0036575524336	0.000338421221614	0.00161400890308	0.000590067771019	2.16936680522e-05	0.000121484541092	0.00939335826659	0.00136236235368	0.000308050086341	0.0047422358362	0.0101309429804	0.024457441362	0.000312388819951	3.47098688835e-05	3.47098688835e-05	0.000459905762706	0	0	0.000255985283016	0.00928488992633	0.00233857741602	0.00344929322029	0.000772294582657	0.000156194409976	3.90486024939e-05	0.000112807073871	0.000247307815795	0.00102394113206	0.000394824758549	5.64035369356e-05	0	0	2.16936680522e-05
0.00246873942434	0.00010412960665	0.00560130509107	0	0.00761447748631	2.60324016626e-05	0.00466847736483	0.0160359594242	0.00705478085057	0.0107774142883	0.00373564963858	0.000950182660685	0.000390486024939	3.90486024939e-05	0.00477260697148	0.000286356418289	0.00155760536615	0.000568374102967	0.000364453623276	0.000958860127906	0.00108468340261	0.00654281028453	0.0044081533482	0.0100441683082	0.0237849376524	2.16936680522e-05	0.00238196475213	0.000529325500473	0.078006091582	0.0134370579915	0.0185220537829	4.33873361043e-06	3.0371135273e-05	0.010235072587	0.0090245659097	0.000642132574344	5.64035369356e-05	9.979087304e-05	0	9.54521394295e-05	0	9.979087304e-05	0.000941505193464	0.000156194409976	0.0114412405307	5.20648033252e-05	0.000251646549405	0.000212597946911	1.73549344417e-05	0.00060308397185	3.47098688835e-05	0.000811343185151	1.30162008313e-05	4.33873361043e-06	8.67746722087e-06	8.67746722087e-06	0.00144045955866	0.00505896338977	0.000151855676365	0.00845619180674	0	0.000277678951068	6.07422705461e-05	0.0154372141859	0.000724568512942	0.001080344669	0	4.33873361043e-06	2.16936680522e-05	0.000238630348574	0.00277245077707	0.000312388819951	0.00486805911091	0.000989231263179	0.000954521394295	1.73549344417e-05	4.33873361043e-06	0.000477260697148	0.00019958174608	0.000637793840734	5.64035369356e-05	0.000117145807482	3.47098688835e-05	0
0.0117102420146	0.00019958174608	0.00169644484168	0	0.00725436259665	5.64035369356e-05	0.00704176464973	0.00577051570188	0.00779670429795	0.000637793840734	0.0078574465685	0.0107036558169	0.013476106594	0.000529325500473	0.0204267578379	0.0004989543652	1.73549344417e-05	0.0046164125615	0.00262493383431	0.00679011810033	0.00597443618157	0.00140574968978	6.50810041565e-05	0.0039916349216	0.0123523745889	9.979087304e-05	0.0133676382537	0.00130162008313	0.0134370579915	0.0673197906995	0.0213378918961	0.000546680434915	0.00114108693954	0.018287762168	0.0336555566161	1.30162008313e-05	8.24359385982e-05	8.67746722087e-06	0	6.50810041565e-05	1.30162008313e-05	0.000282017684678	0.000377469824108	0.000182226811638	0.000308050086341	1.30162008313e-05	0.000351437422445	0.00286356418289	9.11134058191e-05	0.000138839475534	2.60324016626e-05	2.16936680522e-05	4.33873361043e-06	3.47098688835e-05	2.60324016626e-05	1.30162008313e-05	5.64035369356e-05	5.64035369356e-05	1.30162008313e-05	0.00089811785736	7.80972049878e-05	0.000282017684678	9.11134058191e-05	0.00184830051804	2.16936680522e-05	8.24359385982e-05	1.73549344417e-05	0	0	0.000381808557718	0.00260757889987	0.00219539920688	0.0224008816307	0.00168776737446	0.000425195893823	1.30162008313e-05	0.000147516942755	0.000160533143586	0.000373131090497	0.000455567029096	4.33873361043e-06	2.16936680522e-05	9.979087304e-05	3.90486024939e-05
0.0115410314038	0.000160533143586	0.00209994706745	0	0.00106298973456	3.0371135273e-05	0.00010412960665	0.00987061896374	0.00574882203382	0.00154458916531	6.07422705461e-05	0.000715891045722	0.000234291614963	0.000208259213301	0.0101049105787	0.000260324016626	0.000117145807482	0.00678577936672	4.33873361043e-05	0.00107166720178	8.24359385982e-05	0.0120963893059	0.0009979087304	0.0102784599231	0.0059484037799	2.16936680522e-05	0.00560130509107	0.00070287484489	0.0185220537829	0.0213378918961	0.0546463498234	8.67746722087e-06	3.47098688835e-05	0.00940637446742	0.00857767634783	0.000451228295485	0.000186565545249	0.000438212094654	0	0	0	2.60324016626e-05	9.979087304e-05	2.60324016626e-05	0.0004989543652	0	4.77260697148e-05	9.54521394295e-05	3.0371135273e-05	0.000147516942755	1.30162008313e-05	0.000312388819951	2.60324016626e-05	0	8.67746722087e-06	1.30162008313e-05	0.000967537595127	0.00167475117363	8.67746722087e-06	0.000347098688835	8.67746722087e-06	0.000277678951068	0.000438212094654	0.00255551409655	0.000555357902136	0.000468583229927	0	0	0.000321066287172	0.000173549344417	0.000880762922918	0.000390486024939	0.00321934033894	0.000507631832421	0.000564035369356	8.24359385982e-05	0	8.67746722087e-05	3.90486024939e-05	0.00019524301247	5.64035369356e-05	1.30162008313e-05	8.67746722087e-06	0
0	0.000264662750236	2.60324016626e-05	0	6.07422705461e-05	0	0.000238630348574	1.30162008313e-05	4.77260697148e-05	4.33873361043e-05	0.000121484541092	0.00147083069394	0.000390486024939	0.00290695151899	6.94197377669e-05	4.33873361043e-06	4.33873361043e-06	6.94197377669e-05	0	7.37584713774e-05	7.80972049878e-05	0	4.77260697148e-05	0	3.0371135273e-05	0.000117145807482	0.00294600012148	0.00105431226734	4.33873361043e-06	0.000546680434915	8.67746722087e-06	0.00433873361043	0	4.77260697148e-05	0.000694197377669	0	0.000177888078028	3.0371135273e-05	0	0	0	0	0	4.33873361043e-06	0	4.33873361043e-06	6.50810041565e-05	5.20648033252e-05	0.00010412960665	4.33873361043e-06	0	0	0	8.67746722087e-06	4.33873361043e-06	0	0	0	0	0	8.67746722087e-06	0.000182226811638	0.000216936680522	0	4.33873361043e-06	0	8.67746722087e-06	0	0	8.67746722087e-06	0.00019524301247	0.00129728134952	0.00144479829227	0.000108468340261	0	0	0.000312388819951	4.33873361043e-06	0.000177888078028	4.33873361043e-06	0	0	0	4.33873361043e-06
0	0	8.67746722087e-06	0	3.47098688835e-05	0.00261625636709	0.000984892529568	1.30162008313e-05	0.00265530496959	4.33873361043e-06	5.64035369356e-05	0.000637793840734	0.000234291614963	0.000216936680522	0.00159665396864	9.54521394295e-05	0	0	8.67746722087e-06	0	4.33873361043e-06	0	0	8.67746722087e-06	6.07422705461e-05	0.000160533143586	4.33873361043e-05	3.47098688835e-05	3.0371135273e-05	0.00114108693954	3.47098688835e-05	0	0.0055318853533	4.33873361043e-05	0.0022040766741	0	0	0	0	0	0	4.33873361043e-06	0	4.33873361043e-06	4.33873361043e-06	0	0.000290695151899	1.30162008313e-05	0.000173549344417	0	0	0	0	0	0	0	0	0	0	4.33873361043e-06	0	4.33873361043e-06	4.33873361043e-06	1.30162008313e-05	0	0	0	0	0	8.67746722087e-06	0.000676842443228	6.50810041565e-05	0.000568374102967	0.000190904278859	0.000182226811638	0.000872085455697	6.94197377669e-05	0	0.000351437422445	4.33873361043e-06	0	0	0	0.000164871877196
0.00186131671888	9.11134058191e-05	0.000368792356887	0	0.00321500160533	1.30162008313e-05	0.00164438003835	0.00272038597374	0.000772294582657	0.00117145807482	0.00255985283016	0.000672503709617	0.00242969082184	6.07422705461e-05	0.00217804427244	0.000234291614963	1.30162008313e-05	0.00110637707066	0.000255985283016	0.00194809139108	0.00152723423087	0.000672503709617	0.00010412960665	0.000646471307955	0.00803967338013	4.33873361043e-06	0.00243836828906	0.000559696635746	0.010235072587	0.018287762168	0.00940637446742	4.77260697148e-05	4.33873361043e-05	0.0238022925868	0.0151421803004	0	1.30162008313e-05	0	0	1.30162008313e-05	0	1.73549344417e-05	6.50810041565e-05	1.73549344417e-05	0.000546680434915	0	8.67746722087e-06	9.979087304e-05	0	8.67746722087e-06	4.33873361043e-06	2.16936680522e-05	0	0	0	4.33873361043e-06	3.47098688835e-05	6.07422705461e-05	0	0.000394824758549	0	2.16936680522e-05	2.60324016626e-05	0.000963198861516	0	1.73549344417e-05	0	0	0	3.0371135273e-05	0.0016617349728	0.000156194409976	0.0096883921521	0.00161400890308	0.000837375586814	5.64035369356e-05	4.33873361043e-06	3.0371135273e-05	3.0371135273e-05	4.33873361043e-05	0	0	4.33873361043e-06	0
