0.0167929394868	0	0.00131725992938	0	0.000917832724986	0	8.49845115728e-06	0.00365858322321	0.0039177859835	0	8.49845115728e-06	1.69969023146e-05	0	4.24922557864e-06	0.00795879950879	0	0	0.000951826529615	0	2.12461278932e-05	8.49845115728e-06	0.000271950437033	0	0.00193764686386	0.00192064996154	0	0.000514156295015	0.000182716699881	0.00368407857668	0.00977746805645	0.0131046116845	0	0	0.00381580456962	0.00175493016398	0	0	0	0	0	0	0	0	0	8.49845115728e-06	0	0	0	0	0	0	0	0	0	0	0	0	0	0	1.69969023146e-05	0	0	0	8.49845115728e-06	0	0	0	0	0	0	0.000475913264807	6.79876092582e-05	0.00116428780855	0.000616137708903	0.00037393185092	2.54953534718e-05	4.24922557864e-06	0	0	0	0	0	0	0
0	0.0294301363576	0.00284273191211	0	0	0	0	0	4.24922557864e-06	0.00632284766101	0	3.82430302077e-05	0	0.00146598282463	4.24922557864e-06	0	0.00103681104119	2.12461278932e-05	0	1.27476767359e-05	0	4.24922557864e-06	0.0114474137089	0.000301695016083	0.00771234442523	0.00782282429027	0.00953526219846	0.0250321878838	8.49845115728e-06	4.24922557864e-06	0	5.52399325223e-05	1.27476767359e-05	0	3.39938046291e-05	0	0.0109460050906	1.69969023146e-05	0	0	0	0	4.24922557864e-06	0	7.64860604155e-05	0	4.24922557864e-06	0	0.000127476767359	0	0	4.6741481365e-05	4.24922557864e-06	0	3.39938046291e-05	0	0	0.000327190369555	0	8.07352859941e-05	0.00056089777638	0.00363733709531	0.0103638611863	8.49845115728e-06	0	0	0	0	0	4.24922557864e-06	0.00025070430914	5.52399325223e-05	2.12461278932e-05	1.27476767359e-05	0	4.24922557864e-06	1.27476767359e-05	0.000174218248724	0.000174218248724	2.97445790505e-05	1.27476767359e-05	0	0	1.27476767359e-05
0.00131725992938	0.00284273191211	0.0590387401896	0	0.000114729090623	2.12461278932e-05	0.000178467474303	0.00193339763828	0.00273650127264	0.000191215151039	2.12461278932e-05	0.000127476767359	3.39938046291e-05	1.69969023146e-05	0.00118553393644	0	0.000195464376617	0.00340362968849	1.69969023146e-05	0.000144473669674	5.09907069437e-05	0.0024263078054	0.00195464376617	0.0249344556954	0.000471664039229	2.12461278932e-05	0.0100196739144	0.0153821965947	0.0024263078054	0.00106230639466	0.00347161729775	8.49845115728e-06	0.000288947339347	0.000242205857982	0.00422373022517	0	0.00889362913609	0.00304244551431	0	0	4.24922557864e-06	4.24922557864e-06	0	0	8.92337371514e-05	0	0	0	0	2.97445790505e-05	0	0.00200563447312	0.000637383836796	4.24922557864e-06	0.000335688820712	0	0.000144473669674	0.00580444214042	0.00298720558178	0.00015722134641	0	0.000756362152998	0.0124119879152	0.000331439595134	3.82430302077e-05	0	0	0	0	0.000339938046291	0.0110012450231	0.00295321177715	0.00913158576849	0.00701122220475	0.000276199662611	0.000254953534718	0	0.000879589694778	0.00071811912279	0.000365433399763	7.64860604155e-05	0	1.27476767359e-05	0
0	0	0	0	0	0	0	0	0	0	0	0	0	0	0	0	0	0	0	0	0	0	0	0	0	0	0	0	0	0	0	0	0	0	0	0	0	0	0	0	0	0	0	0	0	0	0	0	0	0	0	0	0	0	0	0	0	0	0	0	0	0	0	0	0	0	0	0	0	0	0	0	0	0	0	0	0	0	0	0	0	0	0	0
0.000917832724986	0	0.000114729090623	0	0.0289754692207	4.24922557864e-06	0.00329314982344	0.000837097438992	0.0056897130498	0.00141924134327	0.00234557251941	0.00193339763828	0.00640783217259	8.49845115728e-05	0.00505657843858	0.000514156295015	8.49845115728e-06	2.54953534718e-05	0.00034418727187	0.000497159392701	0.0124502309454	4.24922557864e-05	0	0.000263451985876	0.017940230393	0	0.00140649366653	3.39938046291e-05	0.0106613069768	0.00753387695093	0.000110479865045	5.94891581009e-05	0.000318691918398	0.00327615292113	0.00581294059158	0	8.49845115728e-06	0	0	0.000599140806588	0	0	0.000259202760297	0	0.00374356773478	0.000110479865045	0	7.22368348369e-05	0	4.24922557864e-06	0	0	0	0	0	8.49845115728e-06	0	1.69969023146e-05	0	0.00401551817181	0	0	8.49845115728e-06	0.0033823835606	8.49845115728e-06	0	0	0	0	0	0.00123227541781	0.000152972120831	0.0035013618768	0.00025070430914	0.000620386934481	0	0	8.49845115728e-06	0	0	0	0	0	0
0	0	2.12461278932e-05	0	4.24922557864e-06	0.00407075810434	0.000246455083561	0	0.00104955871792	1.69969023146e-05	0	1.69969023146e-05	8.49845115728e-06	1.69969023146e-05	8.49845115728e-06	0.000828598987834	0	4.24922557864e-06	0	0	4.24922557864e-06	0.000484411715965	4.24922557864e-06	0.000514156295015	3.39938046291e-05	1.69969023146e-05	0	4.24922557864e-06	0.000237956632404	2.12461278932e-05	4.24922557864e-06	0	0.00153397043389	8.49845115728e-06	0.000607639257745	0	0	4.24922557864e-06	0	0	0	1.69969023146e-05	1.69969023146e-05	2.54953534718e-05	0	0	0	0	0	8.49845115728e-06	0	0	0	0	0	0	1.69969023146e-05	0	1.69969023146e-05	3.39938046291e-05	0	0	2.97445790505e-05	3.82430302077e-05	4.24922557864e-06	0	0	0	0	0	0.000246455083561	0	0.00106655562024	0.00099856801098	0.00231582794036	0.000713869897211	5.09907069437e-05	4.24922557864e-05	1.27476767359e-05	0	4.24922557864e-06	8.49845115728e-06	8.49845115728e-06	0
8.49845115728e-06	0	0.000178467474303	0	0.00329314982344	0.000246455083561	0.0429766675023	0.00199713602196	0.0155649132946	2.54953534718e-05	0.0167207026519	0.0026855105657	0.01718386824	0.000416424106707	0.00916557957312	0.000237956632404	8.49845115728e-06	0	0.000378181076499	0.000127476767359	0.00365858322321	2.12461278932e-05	0	0.000225208955668	0.000650131513532	0	0.00190365305923	6.79876092582e-05	0.00321241453745	0.00680725937698	2.97445790505e-05	0.000229458181246	0.00282573500979	0.000237956632404	0.00734266179989	0	4.24922557864e-06	0	0	0	0	2.54953534718e-05	0	5.09907069437e-05	4.24922557864e-06	0	0	0.00364158632089	0	3.82430302077e-05	8.49845115728e-06	0	0	0	0	0	0	0	0	2.97445790505e-05	0	4.24922557864e-06	4.24922557864e-06	3.82430302077e-05	8.49845115728e-06	0	0	0	0	7.22368348369e-05	0.00234132329383	0.000169969023146	0.00387104450214	0.000522654746173	0.000191215151039	0.000879589694778	2.54953534718e-05	4.24922557864e-06	0	0	0	4.24922557864e-06	7.22368348369e-05	0
0.00365858322321	0	0.00193339763828	0	0.000837097438992	0	0.00199713602196	0.0326850431509	0.00919532415217	0	0.00418973642054	8.49845115728e-05	4.24922557864e-06	4.24922557864e-06	0.00489510786659	1.27476767359e-05	0	8.49845115728e-06	8.49845115728e-06	8.49845115728e-06	3.82430302077e-05	0.00335263898155	0	0.00458066517377	0.000875340469199	0	8.07352859941e-05	0	0.014290145621	0.00174218248724	0.00989219714707	1.69969023146e-05	0.00015722134641	0.000964574206351	0.000590642355431	0	0	0	0	0	0	1.27476767359e-05	0	0	4.24922557864e-06	4.24922557864e-06	0	4.24922557864e-06	0	0	0	0	0	0	0	4.24922557864e-06	0	0	0	0.000169969023146	0	0	4.24922557864e-06	0.000127476767359	1.27476767359e-05	0	0	0	0	0	1.27476767359e-05	0	0.000271950437033	0.000114729090623	6.37383836796e-05	8.49845115728e-06	0	7.22368348369e-05	0	0	0	1.27476767359e-05	0	0
0.0039177859835	4.24922557864e-06	0.00273650127264	0	0.0056897130498	0.00104955871792	0.0155649132946	0.00919532415217	0.052036016436	2.12461278932e-05	0.00671377641425	0.00252828921929	0.00532852887561	0.000573645453116	0.025180910779	0.000212461278932	0	0.000497159392701	9.77321883087e-05	2.12461278932e-05	0.00221809575205	0.00187390848018	0	0.00457216672261	0.00529453507098	1.69969023146e-05	0.00243055703098	0.00018696592546	0.00900410900113	0.0101301537795	0.00634409378891	0.000599140806588	0.00571520840327	0.00183566544997	0.00956500677751	0	8.49845115728e-06	8.49845115728e-06	0	0	4.24922557864e-06	0.000135975218516	4.24922557864e-05	0.000123227541781	2.54953534718e-05	8.49845115728e-06	1.69969023146e-05	0.000824349762256	0	8.07352859941e-05	1.27476767359e-05	0	0	0	0	4.24922557864e-06	0	0	0	0.000212461278932	1.69969023146e-05	4.24922557864e-06	8.49845115728e-06	0.000356934948606	6.79876092582e-05	0	0	0	0	0.000216710504511	0.00276199662611	0.00028044888819	0.00766560294386	0.00207362208238	0.000773359055312	0.0023073294892	0.000284698113769	0.000267701211454	1.27476767359e-05	0	0	5.52399325223e-05	0.000203962827775	1.69969023146e-05
0	0.00632284766101	0.000191215151039	0	0.00141924134327	1.69969023146e-05	2.54953534718e-05	0	2.12461278932e-05	0.0307686424149	4.24922557864e-06	5.52399325223e-05	0.00143623824558	0.000739365250683	3.82430302077e-05	0.00219684962416	0.00084134666457	0	0	0	0.000752112927419	0.000539651648487	0.0101004092004	0.000628885385638	0.0234387282918	0.00327615292113	0.000769109829734	0.00585968207294	0.00268126134012	0.000488660941543	0	0	1.69969023146e-05	0.000539651648487	0.000488660941543	0	1.27476767359e-05	1.27476767359e-05	0	1.69969023146e-05	0	4.24922557864e-06	0.00015722134641	2.54953534718e-05	0.00818825769004	0.000152972120831	4.24922557864e-06	2.97445790505e-05	1.27476767359e-05	3.39938046291e-05	0	0.000709620671633	4.24922557864e-06	8.49845115728e-06	1.69969023146e-05	7.64860604155e-05	0.000620386934481	0.00150422585484	9.348296273e-05	0.00580019291484	2.54953534718e-05	0.000127476767359	0.000140224444095	0.00808202705057	8.49845115728e-06	0	0	0	0	8.49845115728e-06	0.00128751535033	4.6741481365e-05	5.52399325223e-05	2.12461278932e-05	0.00311043312356	0	0	0.000824349762256	0.000318691918398	5.09907069437e-05	8.49845115728e-06	0	0	0
8.49845115728e-06	0	2.12461278932e-05	0	0.00234557251941	0	0.0167207026519	0.00418973642054	0.00671377641425	4.24922557864e-06	0.034448471766	0.0041174995857	0.0131046116845	8.92337371514e-05	0.00494184934796	0.000106230639466	4.24922557864e-06	4.24922557864e-06	0.00132150915496	0.00074786370184	0.00650981358647	0	4.24922557864e-06	2.12461278932e-05	0.00144048747116	0	0.00257503070065	1.69969023146e-05	0.00275349817496	0.00765710449271	3.82430302077e-05	8.49845115728e-05	0.000603390032167	0.000777608280891	0.0071004559419	0	8.49845115728e-06	0	0	0.000505657843858	0	0	0	0	1.27476767359e-05	0	0	0.000981571108665	0	0	0	0	0	0	0	0	0	4.24922557864e-06	0	4.24922557864e-06	0	4.24922557864e-06	4.24922557864e-06	8.49845115728e-06	0	0	0	0	0	0	0.000242205857982	6.37383836796e-05	0.00425347480422	1.27476767359e-05	4.24922557864e-06	0	0	4.24922557864e-06	0	0	0	0	0	0
1.69969023146e-05	3.82430302077e-05	0.000127476767359	0	0.00193339763828	1.69969023146e-05	0.0026855105657	8.49845115728e-05	0.00252828921929	5.52399325223e-05	0.0041174995857	0.0363011341183	0.00547300254529	0.00598290961472	0.0049333508968	1.69969023146e-05	0	0.000756362152998	0.00585968207294	0.00491210476891	0.00316992228166	0.000259202760297	3.39938046291e-05	0.000297445790505	0.00191215151039	0.00277474430285	0.0170903852773	0.000475913264807	0.00148297972694	0.0163552692522	0.000284698113769	0.00218410194742	0.00173793326166	0.0010538079435	0.0213013678257	0	1.69969023146e-05	0	0	0	0	0.000140224444095	0.000492910167122	6.79876092582e-05	8.49845115728e-06	2.54953534718e-05	0.00183141622439	0.00135125373401	0.000662879190268	8.49845115728e-06	0	0	0	4.24922557864e-06	0	0	0	0	0	0.000412174881128	0.00172093635935	2.97445790505e-05	7.22368348369e-05	0.000990069559823	7.22368348369e-05	0	4.24922557864e-06	0	0	2.12461278932e-05	0.000480162490386	0.00253253844487	0.00848995270612	0.000543900874066	7.22368348369e-05	4.24922557864e-05	0.000926331176143	0.000318691918398	0.00104955871792	2.97445790505e-05	8.49845115728e-06	0.00018696592546	1.69969023146e-05	0.00133850605727
0	0	3.39938046291e-05	0	0.00640783217259	8.49845115728e-06	0.01718386824	4.24922557864e-06	0.00532852887561	0.00143623824558	0.0131046116845	0.00547300254529	0.0396665207766	0.000378181076499	0.00806078092268	0.00143623824558	1.27476767359e-05	4.24922557864e-06	0.00138099831306	0.000705371446054	0.013724998619	4.24922557864e-06	0	2.12461278932e-05	0.00109630019929	0	0.00356510026048	7.22368348369e-05	0.000110479865045	0.0123609972083	3.82430302077e-05	0.00018696592546	0.000756362152998	0.000229458181246	0.0115706412506	0	1.27476767359e-05	0	0	0.000450417911336	0	0	0	0	6.37383836796e-05	2.97445790505e-05	0	0.00762735991366	0	0	0	0	0	0	0	0	0	0	0	5.52399325223e-05	0	8.49845115728e-06	8.49845115728e-06	7.64860604155e-05	0	0	0	0	0	0	0.00154246888505	0.000148722895252	0.00547300254529	1.69969023146e-05	0.00101981413887	0	0	1.69969023146e-05	0	0	0	0	0	0
4.24922557864e-06	0.00146598282463	1.69969023146e-05	0	8.49845115728e-05	1.69969023146e-05	0.000416424106707	4.24922557864e-06	0.000573645453116	0.000739365250683	8.92337371514e-05	0.00598290961472	0.000378181076499	0.0256780701717	0.00153397043389	0	3.39938046291e-05	1.27476767359e-05	1.27476767359e-05	4.24922557864e-06	0.000152972120831	0	0.000922081950565	8.49845115728e-06	0.000696872994897	0.0103893565398	0.00303819628873	0.0103426150584	8.49845115728e-06	0.00205237595448	4.24922557864e-06	0.00428746860885	0.00112179555276	8.49845115728e-06	0.00271950437033	0	0.000514156295015	0	0	0	1.27476767359e-05	0.000199713602196	1.27476767359e-05	0.000229458181246	8.49845115728e-06	0	0.00228183413573	0.000118978316202	0.00499708928048	0.000144473669674	1.69969023146e-05	0	0	6.79876092582e-05	4.24922557864e-05	0	0	4.24922557864e-06	0	8.49845115728e-06	0.00462315742956	0.00429171783442	0.00174218248724	2.97445790505e-05	0.000165719797567	0	0.000875340469199	1.27476767359e-05	0	0.000692623769318	2.54953534718e-05	0.00179742241976	0.00108355252255	0.00053115319733	0	0.000169969023146	0.00130451225264	8.49845115728e-06	0.00195464376617	6.37383836796e-05	1.27476767359e-05	1.27476767359e-05	0.00053115319733	0.000964574206351
0.00795879950879	4.24922557864e-06	0.00118553393644	0	0.00505657843858	8.49845115728e-06	0.00916557957312	0.00489510786659	0.025180910779	3.82430302077e-05	0.00494184934796	0.0049333508968	0.00806078092268	0.00153397043389	0.0473491206228	4.24922557864e-05	0	0.00116428780855	0.000101981413887	2.54953534718e-05	0.00426622248095	0.00106230639466	4.24922557864e-06	0.00212036356374	0.00501833540837	0.0004376702346	0.00290222107021	0.000208212053353	0.00677326557235	0.0252361507115	0.0105635747885	0.000722368348369	0.00453817291799	0.00365008477205	0.0144686130953	0	0	4.24922557864e-06	0	0	0	0.000203962827775	0.000616137708903	0.000178467474303	4.24922557864e-05	5.52399325223e-05	0.000335688820712	0.00222234497763	2.12461278932e-05	0.000127476767359	8.49845115728e-06	0	0	0	0	1.69969023146e-05	0	0	0	0.000726617573947	0.000331439595134	4.24922557864e-06	0	0.0011345432295	0.000135975218516	0	0	0	0	0.000144473669674	0.00154671811062	0.000382430302077	0.00521379978499	0.000752112927419	0.000284698113769	0.000246455083561	0.000161470571988	0.000480162490386	7.22368348369e-05	2.97445790505e-05	0	0.000191215151039	0.000135975218516	0.000284698113769
0	0	0	0	0.000514156295015	0.000828598987834	0.000237956632404	1.27476767359e-05	0.000212461278932	0.00219684962416	0.000106230639466	1.69969023146e-05	0.00143623824558	0	4.24922557864e-05	0.00726192651389	0	0	4.24922557864e-06	0	0.00056089777638	2.12461278932e-05	0	8.49845115728e-06	0.00259202760297	0	1.27476767359e-05	0	0.000573645453116	0.000450417911336	2.12461278932e-05	4.24922557864e-06	0.000191215151039	0.000463165588072	0.000922081950565	0	0	0	0	0	0	4.24922557864e-06	0	0	2.97445790505e-05	1.69969023146e-05	0	3.82430302077e-05	0	0	0	0	0	0	0	0	0	0	8.49845115728e-06	0.000233707406825	0	0	4.24922557864e-06	9.77321883087e-05	4.24922557864e-06	0	0	0	0	0	0.00128751535033	0	0.0011727862597	0.000883838920357	0.00495884625027	8.07352859941e-05	4.24922557864e-06	2.97445790505e-05	0	0	0	4.24922557864e-06	0	0
0	0.00103681104119	0.000195464376617	0	8.49845115728e-06	0	8.49845115728e-06	0	0	0.00084134666457	4.24922557864e-06	0	1.27476767359e-05	3.39938046291e-05	0	0	0.0120168099364	0	0	0	1.27476767359e-05	0.000815851311099	0.00806927937383	0.00488660941543	0.00203962827775	0.00015722134641	4.24922557864e-05	0.00360334329069	0.00110904787602	3.39938046291e-05	1.69969023146e-05	0	0	2.54953534718e-05	6.37383836796e-05	0	4.24922557864e-06	0	0	0	0	0	4.24922557864e-05	1.69969023146e-05	0.000705371446054	0	0	0	0	3.39938046291e-05	0	0.000964574206351	0	0	0	0	0.000582143904273	0.00215860659395	0.000220959730089	0.000475913264807	0	4.24922557864e-06	8.49845115728e-06	0.00147023205021	0	0	0	0	0	0	0.000339938046291	6.79876092582e-05	2.54953534718e-05	4.24922557864e-06	0	0	0	8.49845115728e-06	0	0	0	0	0	0
0.000951826529615	2.12461278932e-05	0.00340362968849	0	2.54953534718e-05	4.24922557864e-06	0	8.49845115728e-06	0.000497159392701	0	4.24922557864e-06	0.000756362152998	4.24922557864e-06	1.27476767359e-05	0.00116428780855	0	0	0.0213141155024	4.24922557864e-06	0.00529878429656	8.49845115728e-06	0.000420673332285	0	0.00440644692505	5.94891581009e-05	0	0.00790780880185	0.000535402422908	0.000225208955668	0.00150847508042	0.00343337426754	0	0	0.000395177978813	0.00818825769004	0	2.54953534718e-05	0.000135975218516	0	0	0	0	0	0	0	0	0	0	0	0	0	0	7.64860604155e-05	0	3.39938046291e-05	0	0	0	2.54953534718e-05	1.69969023146e-05	0	7.22368348369e-05	0.000246455083561	8.49845115728e-06	0	0	0	0	0	0.000148722895252	0.00243480625656	0.000756362152998	0.0035608510349	0.000637383836796	8.49845115728e-06	2.54953534718e-05	4.24922557864e-06	8.49845115728e-06	5.09907069437e-05	0.000152972120831	1.27476767359e-05	0	0	0
0	0	1.69969023146e-05	0	0.00034418727187	0	0.000378181076499	8.49845115728e-06	9.77321883087e-05	0	0.00132150915496	0.00585968207294	0.00138099831306	1.27476767359e-05	0.000101981413887	4.24922557864e-06	0	4.24922557864e-06	0.00750838159745	0.00146598282463	0.000777608280891	2.97445790505e-05	0	3.39938046291e-05	0.000352685723027	0	0.00334414053039	8.49845115728e-06	0.000276199662611	0.00223509265436	3.82430302077e-05	1.69969023146e-05	1.27476767359e-05	7.64860604155e-05	0.00274924894938	0	0	0	0	0	0	2.54953534718e-05	4.24922557864e-06	1.69969023146e-05	0	4.24922557864e-06	0	0.000216710504511	0	0	0	0	0	0	0	0	0	0	0	0	0	0	0	1.69969023146e-05	8.49845115728e-06	0	0	0	0	0	0.000254953534718	0.00034418727187	0.00205662518006	8.49845115728e-05	1.69969023146e-05	4.24922557864e-06	1.27476767359e-05	2.97445790505e-05	0	0	0	2.12461278932e-05	0	0
2.12461278932e-05	1.27476767359e-05	0.000144473669674	0	0.000497159392701	0	0.000127476767359	8.49845115728e-06	2.12461278932e-05	0	0.00074786370184	0.00491210476891	0.000705371446054	4.24922557864e-06	2.54953534718e-05	0	0	0.00529878429656	0.00146598282463	0.0134997896633	0.000518405520594	8.49845115728e-06	0	0.000106230639466	0.000514156295015	0	0.00679026247466	0.000199713602196	0.000361184174184	0.00147448127579	1.27476767359e-05	0	4.24922557864e-06	0.000263451985876	0.00777183358333	0	0	0	0	0	0	0	0	0	0	0	0	1.69969023146e-05	0	0	0	0	0	0	0	0	0	0	0	8.49845115728e-06	0	4.6741481365e-05	4.6741481365e-05	4.24922557864e-06	0	0	0	0	0	0	0.00102831259003	0.000688374543739	0.00401551817181	0.000152972120831	8.49845115728e-06	0	1.69969023146e-05	4.24922557864e-06	0	0	0	0	0	0
8.49845115728e-06	0	5.09907069437e-05	0	0.0124502309454	4.24922557864e-06	0.00365858322321	3.82430302077e-05	0.00221809575205	0.000752112927419	0.00650981358647	0.00316992228166	0.013724998619	0.000152972120831	0.00426622248095	0.00056089777638	1.27476767359e-05	8.49845115728e-06	0.000777608280891	0.000518405520594	0.02371917718	4.24922557864e-06	4.24922557864e-06	2.54953534718e-05	0.00520530133383	0	0.00227333568457	6.79876092582e-05	0.000199713602196	0.00914008421965	1.27476767359e-05	7.64860604155e-05	0.000301695016083	0.00127476767359	0.00915708112197	0	1.69969023146e-05	0	0	0.000633134611217	0	0	0	0	6.79876092582e-05	2.54953534718e-05	0	0.00217135427068	0	0	0	0	0	0	0	0	0	4.24922557864e-06	0	5.52399325223e-05	0	8.49845115728e-06	1.27476767359e-05	7.22368348369e-05	0	0	0	0	0	0	0.00141499211769	0.000174218248724	0.00482287103175	2.97445790505e-05	0.000399427204392	0	0	8.49845115728e-06	0	0	0	0	0	0
0.000271950437033	4.24922557864e-06	0.0024263078054	0	4.24922557864e-05	0.000484411715965	2.12461278932e-05	0.00335263898155	0.00187390848018	0.000539651648487	0	0.000259202760297	4.24922557864e-06	0	0.00106230639466	2.12461278932e-05	0.000815851311099	0.000420673332285	2.97445790505e-05	8.49845115728e-06	4.24922557864e-06	0.0348563974216	0.00229883103804	0.0212631247955	8.92337371514e-05	0	0.000399427204392	0.000169969023146	0.00638233681911	0.000892337371514	0.0103171197049	4.24922557864e-06	0.000233707406825	0.000463165588072	0.00798429486226	0	8.49845115728e-06	4.24922557864e-06	0	0	0	0	0	4.24922557864e-06	7.22368348369e-05	0	0	0	0	8.49845115728e-06	0	0.000191215151039	0	0	0	0	0.00205662518006	0.00226483723341	4.24922557864e-05	0.000118978316202	0	0	2.54953534718e-05	0.00226908645899	0	0	0	0	0	0	0.00252828921929	0.000305944241662	0.00593191890778	0.00223084342879	0.00130876147822	0.000114729090623	0	4.6741481365e-05	2.12461278932e-05	0	4.24922557864e-06	4.24922557864e-06	0	0
0	0.0114474137089	0.00195464376617	0	0	4.24922557864e-06	0	0	0	0.0101004092004	4.24922557864e-06	3.39938046291e-05	0	0.000922081950565	4.24922557864e-06	0	0.00806927937383	0	0	0	4.24922557864e-06	0.00229883103804	0.0387529372772	0.0114389152577	0.0125989538407	0.00468689581324	0.00117703548528	0.0166314689148	0.00339088201175	1.27476767359e-05	0	0	8.49845115728e-06	8.49845115728e-06	0.000140224444095	0	5.94891581009e-05	0	0	0	0	0	8.49845115728e-06	0	0.00305519319104	0	0	0	1.27476767359e-05	0	0	0.00690924079087	0	0	0	0	0.00314017770261	0.0134487989564	0.0019886375708	0.0022478403311	2.54953534718e-05	3.82430302077e-05	0.00181441932208	0.00655230584226	0	0	0	0	0	0	0.000267701211454	0.000114729090623	2.12461278932e-05	1.27476767359e-05	4.24922557864e-06	0	0	6.79876092582e-05	2.97445790505e-05	0	0	0	0	0
0.00193764686386	0.000301695016083	0.0249344556954	0	0.000263451985876	0.000514156295015	0.000225208955668	0.00458066517377	0.00457216672261	0.000628885385638	2.12461278932e-05	0.000297445790505	2.12461278932e-05	8.49845115728e-06	0.00212036356374	8.49845115728e-06	0.00488660941543	0.00440644692505	3.39938046291e-05	0.000106230639466	2.54953534718e-05	0.0212631247955	0.0114389152577	0.0825454560906	0.000356934948606	2.97445790505e-05	0.0027449997238	0.00527328894309	0.00681575782814	0.00164020107335	0.00924206563354	4.24922557864e-06	0.000518405520594	0.000611888483324	0.0114006722275	0	0.00018696592546	0.000777608280891	0	0	4.24922557864e-06	4.24922557864e-06	0	4.24922557864e-06	7.22368348369e-05	0	0	4.24922557864e-06	0	8.49845115728e-06	0	0.00643332752606	0.000127476767359	0	2.97445790505e-05	0	0.00247304928677	0.0130961132334	0.00557923318475	0.000259202760297	0	0.000233707406825	0.00165294875009	0.00328040214671	0	0	0	0	0	3.39938046291e-05	0.0122675142455	0.00131725992938	0.0164614998916	0.0123142557269	0.00246455083561	0.000522654746173	4.24922557864e-06	0.000314442692819	0.00025070430914	2.97445790505e-05	4.24922557864e-05	4.24922557864e-06	8.49845115728e-06	0
0.00192064996154	0.00771234442523	0.000471664039229	0	0.017940230393	3.39938046291e-05	0.000650131513532	0.000875340469199	0.00529453507098	0.0234387282918	0.00144048747116	0.00191215151039	0.00109630019929	0.000696872994897	0.00501833540837	0.00259202760297	0.00203962827775	5.94891581009e-05	0.000352685723027	0.000514156295015	0.00520530133383	8.92337371514e-05	0.0125989538407	0.000356934948606	0.0711872761189	0.00373506928362	0.00240931090309	0.00813726698309	0.0251469169744	0.0134742943099	0.00478887722713	2.12461278932e-05	0.000246455083561	0.0106443100745	0.0103893565398	4.24922557864e-06	2.12461278932e-05	8.49845115728e-06	0	0.000152972120831	0	1.27476767359e-05	0.000526903971751	4.24922557864e-05	0.0141329242746	0.000225208955668	2.12461278932e-05	7.64860604155e-05	1.27476767359e-05	6.79876092582e-05	0	0.000131725992938	4.24922557864e-06	1.69969023146e-05	2.97445790505e-05	8.92337371514e-05	0.000110479865045	0.000849845115728	2.97445790505e-05	0.0138907184166	2.54953534718e-05	0.000123227541781	0.000165719797567	0.0126754399011	4.6741481365e-05	0	0	0	0	2.12461278932e-05	0.00417273951822	0.000271950437033	0.00421098254843	0.000849845115728	0.00379030921615	2.54953534718e-05	0	0.000981571108665	0.000293196564926	0.000101981413887	2.97445790505e-05	3.39938046291e-05	8.49845115728e-06	0
0	0.00782282429027	2.12461278932e-05	0	0	1.69969023146e-05	0	0	1.69969023146e-05	0.00327615292113	0	0.00277474430285	0	0.0103893565398	0.0004376702346	0	0.00015722134641	0	0	0	0	0	0.00468689581324	2.97445790505e-05	0.00373506928362	0.0223806711227	0.00579594368926	0.0129983810451	0	0.000471664039229	0	0.000692623769318	0.000552399325223	0	0.000713869897211	0	0.00369682625342	1.27476767359e-05	0	0	0	4.24922557864e-06	8.49845115728e-06	4.24922557864e-06	1.27476767359e-05	8.49845115728e-06	0.00259202760297	0	0.00263451985876	0	0	0	0	2.54953534718e-05	0.000233707406825	8.49845115728e-06	0	8.49845115728e-06	0	1.27476767359e-05	0.00611888483324	0.00426622248095	0.00397727514161	4.24922557864e-06	0	0	0.000161470571988	0	0	1.27476767359e-05	8.49845115728e-06	0.00110479865045	0.000101981413887	0	0	0	0.000913583499407	1.27476767359e-05	0.000692623769318	3.39938046291e-05	2.12461278932e-05	0	4.24922557864e-06	0.00134700450843
0.000514156295015	0.00953526219846	0.0100196739144	0	0.00140649366653	0	0.00190365305923	8.07352859941e-05	0.00243055703098	0.000769109829734	0.00257503070065	0.0170903852773	0.00356510026048	0.00303819628873	0.00290222107021	1.27476767359e-05	4.24922557864e-05	0.00790780880185	0.00334414053039	0.00679026247466	0.00227333568457	0.000399427204392	0.00117703548528	0.0027449997238	0.00240931090309	0.00579594368926	0.0913880945198	0.0198736280313	0.00126626922243	0.0111117248881	0.00173368403608	0.00305519319104	0.000420673332285	0.00122377696665	0.0189515460807	0	0.0137759893259	0.000900835822671	0	0	0	0.000144473669674	0.000497159392701	6.37383836796e-05	9.348296273e-05	3.39938046291e-05	0.00134275528285	0.000985820334244	0.000862592792464	3.39938046291e-05	0	1.27476767359e-05	0.00108355252255	0.00173368403608	0.0016911917803	8.49845115728e-06	8.49845115728e-06	0.000191215151039	4.24922557864e-05	0.000539651648487	0.00282148578422	0.0178764920093	0.013724998619	0.000994318785401	0.000123227541781	0	0.000386679527656	0	0	0.000403676429971	0.011132971016	0.00961174825888	0.0120720498689	0.00186541002902	5.94891581009e-05	0.000106230639466	0.000318691918398	0.000611888483324	0.00181866854766	0.000501408618279	5.09907069437e-05	0.000174218248724	2.97445790505e-05	0.000522654746173
0.000182716699881	0.0250321878838	0.0153821965947	0	3.39938046291e-05	4.24922557864e-06	6.79876092582e-05	0	0.00018696592546	0.00585968207294	1.69969023146e-05	0.000475913264807	7.22368348369e-05	0.0103426150584	0.000208212053353	0	0.00360334329069	0.000535402422908	8.49845115728e-06	0.000199713602196	6.79876092582e-05	0.000169969023146	0.0166314689148	0.00527328894309	0.00813726698309	0.0129983810451	0.0198736280313	0.0777268342845	0.000327190369555	0.000242205857982	0.000246455083561	0.00238806477519	4.6741481365e-05	5.52399325223e-05	0.00121952774107	0	0.0131683500682	0.000267701211454	0	0	0	4.24922557864e-06	0	0	5.94891581009e-05	0	0.000514156295015	1.27476767359e-05	0.00236256942172	0	0	0.00200138524754	1.27476767359e-05	0.00065438073911	9.348296273e-05	0	1.27476767359e-05	0.00746164011609	0.00114304168065	8.92337371514e-05	0.00313167925146	0.00885538610588	0.0187135894483	8.07352859941e-05	0	0	0.000577894678695	0	0	8.49845115728e-06	0.00644182597722	0.00252403999371	0.0015722134641	0.000705371446054	1.27476767359e-05	2.54953534718e-05	0.000212461278932	0.000246455083561	0.000888088145935	5.09907069437e-05	2.97445790505e-05	0	4.24922557864e-06	6.79876092582e-05
0.00368407857668	8.49845115728e-06	0.0024263078054	0	0.0106613069768	0.000237956632404	0.00321241453745	0.014290145621	0.00900410900113	0.00268126134012	0.00275349817496	0.00148297972694	0.000110479865045	8.49845115728e-06	0.00677326557235	0.000573645453116	0.00110904787602	0.000225208955668	0.000276199662611	0.000361184174184	0.000199713602196	0.00638233681911	0.00339088201175	0.00681575782814	0.0251469169744	0	0.00126626922243	0.000327190369555	0.0747141333492	0.0156329009038	0.0172433573981	2.54953534718e-05	0.000582143904273	0.0135805249493	0.0122717634711	4.24922557864e-06	8.49845115728e-06	1.69969023146e-05	0	8.07352859941e-05	0	3.82430302077e-05	0.000926331176143	7.64860604155e-05	0.0130366240753	9.77321883087e-05	2.12461278932e-05	2.97445790505e-05	0	0.00015722134641	0	0.000152972120831	8.49845115728e-06	1.69969023146e-05	4.6741481365e-05	3.82430302077e-05	0.00116853703413	0.00222659420321	4.6741481365e-05	0.0121527851549	0	0.000140224444095	0.000203962827775	0.0136782571376	8.07352859941e-05	4.24922557864e-06	0	0	0	2.12461278932e-05	0.00464440355745	0.000301695016083	0.0065055643609	0.00217985272184	0.000543900874066	7.22368348369e-05	0	0.00151697353157	0.000441919460178	8.92337371514e-05	3.82430302077e-05	9.77321883087e-05	8.49845115728e-06	0
0.00977746805645	4.24922557864e-06	0.00106230639466	0	0.00753387695093	2.12461278932e-05	0.00680725937698	0.00174218248724	0.0101301537795	0.000488660941543	0.00765710449271	0.0163552692522	0.0123609972083	0.00205237595448	0.0252361507115	0.000450417911336	3.39938046291e-05	0.00150847508042	0.00223509265436	0.00147448127579	0.00914008421965	0.000892337371514	1.27476767359e-05	0.00164020107335	0.0134742943099	0.000471664039229	0.0111117248881	0.000242205857982	0.0156329009038	0.0689436850134	0.0208806944934	0.000956075755194	0.0024263078054	0.0246540068073	0.0397047638068	0	1.69969023146e-05	4.24922557864e-06	0	4.24922557864e-06	0	0.000356934948606	0.0011727862597	0.000212461278932	0.000628885385638	8.07352859941e-05	0.000361184174184	0.00313592847704	2.12461278932e-05	0.000123227541781	8.49845115728e-06	0	8.49845115728e-06	0	4.24922557864e-06	2.54953534718e-05	0	0	4.24922557864e-06	0.00348861420006	0.000335688820712	1.27476767359e-05	2.54953534718e-05	0.00403251507413	0.000259202760297	0	0	0	0	0.000144473669674	0.00560047931265	0.000837097438992	0.0149020341043	0.00135975218516	0.00028044888819	9.348296273e-05	0.000233707406825	0.00115578935739	0.000106230639466	8.07352859941e-05	8.49845115728e-06	0.000463165588072	0.000123227541781	0.000284698113769
0.0131046116845	0	0.00347161729775	0	0.000110479865045	4.24922557864e-06	2.97445790505e-05	0.00989219714707	0.00634409378891	0	3.82430302077e-05	0.000284698113769	3.82430302077e-05	4.24922557864e-06	0.0105635747885	2.12461278932e-05	1.69969023146e-05	0.00343337426754	3.82430302077e-05	1.27476767359e-05	1.27476767359e-05	0.0103171197049	0	0.00924206563354	0.00478887722713	0	0.00173368403608	0.000246455083561	0.0172433573981	0.0208806944934	0.0511054360343	8.49845115728e-06	0.000233707406825	0.0138439769352	0.00917407802428	0	0	0	0	0	0	0	0	0	0.000118978316202	0	0	4.24922557864e-06	0	0	0	0	0	0	0	0	0	0	0	0.000684125318161	0	0	0	0.000433421009021	0	0	0	0	0	0	0.00132575838054	0.000106230639466	0.00331864517692	0.00110904787602	0.000688374543739	5.52399325223e-05	4.24922557864e-06	2.12461278932e-05	0	0	0	0	0	0
0	5.52399325223e-05	8.49845115728e-06	0	5.94891581009e-05	0	0.000229458181246	1.69969023146e-05	0.000599140806588	0	8.49845115728e-05	0.00218410194742	0.00018696592546	0.00428746860885	0.000722368348369	4.24922557864e-06	0	0	1.69969023146e-05	0	7.64860604155e-05	4.24922557864e-06	0	4.24922557864e-06	2.12461278932e-05	0.000692623769318	0.00305519319104	0.00238806477519	2.54953534718e-05	0.000956075755194	8.49845115728e-06	0.00756362152998	9.77321883087e-05	8.49845115728e-06	0.00124502309454	0	7.22368348369e-05	0	0	0	0	4.24922557864e-06	2.12461278932e-05	4.24922557864e-06	0	4.24922557864e-06	0.000713869897211	4.24922557864e-05	0.00250279386582	0	0	0	0	5.94891581009e-05	0	0	0	0	0	2.97445790505e-05	0.000539651648487	0.0023073294892	0.00062463616006	4.24922557864e-05	0	0	0.000815851311099	0	0	1.27476767359e-05	2.12461278932e-05	0.00140224444095	0.00103681104119	1.27476767359e-05	0	0	1.69969023146e-05	8.49845115728e-06	0.00214160969163	1.27476767359e-05	0	4.24922557864e-06	0	0.000271950437033
0	1.27476767359e-05	0.000288947339347	0	0.000318691918398	0.00153397043389	0.00282573500979	0.00015722134641	0.00571520840327	1.69969023146e-05	0.000603390032167	0.00173793326166	0.000756362152998	0.00112179555276	0.00453817291799	0.000191215151039	0	0	1.27476767359e-05	4.24922557864e-06	0.000301695016083	0.000233707406825	8.49845115728e-06	0.000518405520594	0.000246455083561	0.000552399325223	0.000420673332285	4.6741481365e-05	0.000582143904273	0.0024263078054	0.000233707406825	9.77321883087e-05	0.00998992933538	0.000220959730089	0.00529878429656	0	8.49845115728e-06	4.24922557864e-06	0	0	4.24922557864e-06	9.77321883087e-05	0	9.348296273e-05	0	0	0.000318691918398	7.22368348369e-05	3.39938046291e-05	5.52399325223e-05	1.27476767359e-05	0	0	0	0	0	0	0	4.24922557864e-06	8.07352859941e-05	0.000322941143977	4.24922557864e-06	1.27476767359e-05	1.27476767359e-05	1.27476767359e-05	0	0	0	0	0.000178467474303	0.00102406336445	0.000254953534718	0.00254103689603	0.00111754632718	0.000501408618279	0.00260902450528	0.000339938046291	2.12461278932e-05	3.82430302077e-05	4.24922557864e-06	0	8.49845115728e-06	0.000165719797567	0.000267701211454
0.00381580456962	0	0.000242205857982	0	0.00327615292113	8.49845115728e-06	0.000237956632404	0.000964574206351	0.00183566544997	0.000539651648487	0.000777608280891	0.0010538079435	0.000229458181246	8.49845115728e-06	0.00365008477205	0.000463165588072	2.54953534718e-05	0.000395177978813	7.64860604155e-05	0.000263451985876	0.00127476767359	0.000463165588072	8.49845115728e-06	0.000611888483324	0.0106443100745	0	0.00122377696665	5.52399325223e-05	0.0135805249493	0.0246540068073	0.0138439769352	8.49845115728e-06	0.000220959730089	0.0279046643749	0.0140904320188	0	2.12461278932e-05	0	0	4.24922557864e-06	0	5.94891581009e-05	0.000152972120831	4.24922557864e-06	0.000730866799526	4.24922557864e-06	8.49845115728e-06	1.69969023146e-05	0	8.49845115728e-06	0	0	8.49845115728e-06	0	4.24922557864e-06	8.49845115728e-06	0	0	4.24922557864e-06	0.00251979076813	0	1.69969023146e-05	2.54953534718e-05	0.00232857561709	6.37383836796e-05	0	0	0	0	8.49845115728e-06	0.00382855224635	0.000293196564926	0.00491635399448	0.000960324980772	5.09907069437e-05	8.92337371514e-05	4.24922557864e-06	0.000522654746173	2.97445790505e-05	2.12461278932e-05	4.24922557864e-06	0.000131725992938	4.24922557864e-06	0
0.00175493016398	3.39938046291e-05	0.00422373022517	0	0.00581294059158	0.000607639257745	0.00734266179989	0.000590642355431	0.00956500677751	0.000488660941543	0.0071004559419	0.0213013678257	0.0115706412506	0.00271950437033	0.0144686130953	0.000922081950565	6.37383836796e-05	0.00818825769004	0.00274924894938	0.00777183358333	0.00915708112197	0.00798429486226	0.000140224444095	0.0114006722275	0.0103893565398	0.000713869897211	0.0189515460807	0.00121952774107	0.0122717634711	0.0397047638068	0.00917407802428	0.00124502309454	0.00529878429656	0.0140904320188	0.0855624062515	4.24922557864e-06	4.24922557864e-05	2.12461278932e-05	0	0	4.24922557864e-06	0.000463165588072	0.00118553393644	0.000276199662611	0.000582143904273	8.07352859941e-05	0.000424922557864	0.00282998423537	3.82430302077e-05	0.000148722895252	1.27476767359e-05	0	4.24922557864e-06	0	4.24922557864e-06	1.69969023146e-05	2.12461278932e-05	1.27476767359e-05	5.94891581009e-05	0.00316567305609	0.000412174881128	6.79876092582e-05	0.000178467474303	0.0038582968254	0.00028044888819	0	0	0	0	0.000284698113769	0.0112731954601	0.00216285581953	0.0402826584855	0.00902110590345	0.00200138524754	0.00217135427068	0.00062463616006	0.00144048747116	0.000161470571988	0.000110479865045	4.6741481365e-05	0.000450417911336	0.000237956632404	0.000331439595134
0	0	0	0	0	0	0	0	0	0	0	0	0	0	0	0	0	0	0	0	0	0	0	0	4.24922557864e-06	0	0	0	4.24922557864e-06	0	0	0	0	0	4.24922557864e-06	0.0228990766433	0	0.000862592792464	0	0.000246455083561	1.69969023146e-05	0.00025070430914	0.00803528556921	0.000688374543739	4.24922557864e-06	0.00130026302706	5.09907069437e-05	1.27476767359e-05	0	0.0166824596217	4.24922557864e-06	4.24922557864e-06	0.00198013911965	8.49845115728e-06	1.27476767359e-05	0.000114729090623	0.00291496874695	0	0.00376056463709	0.00129601380148	0	0	0.000161470571988	0.00393478288582	0.00983695721455	0.00478037877597	0	3.82430302077e-05	0.000284698113769	0.000960324980772	4.24922557864e-06	0	0	0	0	0	0	3.82430302077e-05	8.49845115728e-06	0.000501408618279	2.97445790505e-05	2.54953534718e-05	2.54953534718e-05	0
0	0.0109460050906	0.00889362913609	0	8.49845115728e-06	0	4.24922557864e-06	0	8.49845115728e-06	1.27476767359e-05	8.49845115728e-06	1.69969023146e-05	1.27476767359e-05	0.000514156295015	0	0	4.24922557864e-06	2.54953534718e-05	0	0	1.69969023146e-05	8.49845115728e-06	5.94891581009e-05	0.00018696592546	2.12461278932e-05	0.00369682625342	0.0137759893259	0.0131683500682	8.49845115728e-06	1.69969023146e-05	0	7.22368348369e-05	8.49845115728e-06	2.12461278932e-05	4.24922557864e-05	0	0.0352218308213	0.00201838214985	0	0	0	0	1.27476767359e-05	0	0.00232432639152	8.49845115728e-06	6.79876092582e-05	0	0.000407925655549	0	0	0.000237956632404	0.000152972120831	4.24922557864e-06	0.000267701211454	8.49845115728e-06	8.49845115728e-06	0.00456366827146	2.54953534718e-05	0.00232007716594	0.00207362208238	0.00773359055312	0.0283593315118	4.24922557864e-05	0	0	0	0	0	4.6741481365e-05	0.000607639257745	0.000284698113769	2.54953534718e-05	8.49845115728e-06	0	8.49845115728e-06	0	0.000327190369555	0.00034418727187	0.000110479865045	2.97445790505e-05	0	4.24922557864e-06	4.24922557864e-05
0	1.69969023146e-05	0.00304244551431	0	0	4.24922557864e-06	0	0	8.49845115728e-06	1.27476767359e-05	0	0	0	0	4.24922557864e-06	0	0	0.000135975218516	0	0	0	4.24922557864e-06	0	0.000777608280891	8.49845115728e-06	1.27476767359e-05	0.000900835822671	0.000267701211454	1.69969023146e-05	4.24922557864e-06	0	0	4.24922557864e-06	0	2.12461278932e-05	0.000862592792464	0.00201838214985	0.0289499738673	0	0	4.24922557864e-06	5.09907069437e-05	0.00415149339033	0.000620386934481	2.54953534718e-05	8.49845115728e-06	2.12461278932e-05	0	0	0.00478037877597	0	2.97445790505e-05	0.00454242214356	4.24922557864e-05	0.000492910167122	8.49845115728e-06	0.00232857561709	1.27476767359e-05	0.00963299438677	3.39938046291e-05	4.24922557864e-06	0.00522229823615	0.00346736807217	0.000743614476262	0.000433421009021	0.0011132971016	0	0	0.000254953534718	0.000828598987834	5.09907069437e-05	1.69969023146e-05	2.54953534718e-05	1.69969023146e-05	4.24922557864e-06	4.24922557864e-06	0	0.00122377696665	0.00096882343193	0.00127476767359	0.000361184174184	2.97445790505e-05	8.92337371514e-05	0
0	0	0	0	0	0	0	0	0	0	0	0	0	0	0	0	0	0	0	0	0	0	0	0	0	0	0	0	0	0	0	0	0	0	0	0	0	0	0	0	0	0	0	0	0	0	0	0	0	0	0	0	0	0	0	0	0	0	0	0	0	0	0	0	0	0	0	0	0	0	0	0	0	0	0	0	0	0	0	0	0	0	0	0
0	0	0	0	0.000599140806588	0	0	0	0	1.69969023146e-05	0.000505657843858	0	0.000450417911336	0	0	0	0	0	0	0	0.000633134611217	0	0	0	0.000152972120831	0	0	0	8.07352859941e-05	4.24922557864e-06	0	0	0	4.24922557864e-06	0	0.000246455083561	0	0	0	0.0145196038022	2.12461278932e-05	0.000896586597093	0.000786106732048	0.000310193467241	0.000454667136914	0.00483136948291	0.000484411715965	0.00302119938641	1.69969023146e-05	0.000866842018042	0.000152972120831	4.24922557864e-06	1.69969023146e-05	8.49845115728e-05	8.92337371514e-05	0.00850270038286	4.24922557864e-06	0	4.6741481365e-05	0.00316992228166	0	1.69969023146e-05	5.09907069437e-05	0.00417273951822	0.00121527851549	0	0	2.12461278932e-05	0	0.000458916362493	4.24922557864e-06	0	0	0	2.54953534718e-05	0	0	0.00128326612475	0.000140224444095	0.00170818868261	0.000310193467241	0.000514156295015	8.92337371514e-05	0
0	0	4.24922557864e-06	0	0	0	0	0	4.24922557864e-06	0	0	0	0	1.27476767359e-05	0	0	0	0	0	0	0	0	0	4.24922557864e-06	0	0	0	0	0	0	0	0	4.24922557864e-06	0	4.24922557864e-06	1.69969023146e-05	0	4.24922557864e-06	0	2.12461278932e-05	0.00409200423223	0.00231582794036	0.000110479865045	0.000735116025104	0.000883838920357	0.000314442692819	1.69969023146e-05	0.000611888483324	0	0.000135975218516	0.00155521656178	0	0	1.27476767359e-05	8.49845115728e-06	2.12461278932e-05	3.39938046291e-05	0	8.49845115728e-06	0.000726617573947	0	0	0	0.000127476767359	2.12461278932e-05	0	0	0.000237956632404	0	0.000174218248724	0	0	4.24922557864e-06	0	0	4.24922557864e-06	0	2.12461278932e-05	1.27476767359e-05	7.64860604155e-05	9.77321883087e-05	0.000577894678695	0.00104530949235	0
