0.0341242650333	2.27192177319e-05	0.000481647415916	0	7.72453402884e-05	4.54384354638e-06	0.00140859149938	0.0192159143576	0.0107552776743	0.000290805986968	0.0040758276611	0.00362598715001	0.000340788265978	4.08945919174e-05	0.01684857187	4.54384354638e-05	6.81576531957e-05	0.000131771462845	0.00026354292569	0.000159034524123	0.000563436599751	0.000172666054762	1.36315306391e-05	0.000140859149938	0.000327156735339	1.81753741855e-05	0.000799716464163	0.000622506565854	0.00767455174983	0.0152673143158	0.0105962431502	0	4.54384354638e-06	0.000981470206018	0.0053980861331	4.54384354638e-06	4.54384354638e-06	1.36315306391e-05	0	0	0	0.000131771462845	2.72630612783e-05	0.000127227619299	0.000463472041731	9.08768709276e-06	2.27192177319e-05	0	0	0	0	2.27192177319e-05	0	4.54384354638e-06	0	1.36315306391e-05	0	9.5420714474e-05	0	0.000418033606267	0	0.000118139932206	3.6350748371e-05	0.000131771462845	1.81753741855e-05	7.72453402884e-05	0	0	4.54384354638e-06	4.54384354638e-06	0.000181753741855	0.000104508401567	0.00381682857896	0.000136315306391	7.27014967421e-05	0	0	0.000159034524123	5.90699661029e-05	7.27014967421e-05	1.36315306391e-05	4.54384354638e-06	9.08768709276e-06	0
2.27192177319e-05	0.0321931315261	0.00125864466235	0	0	2.72630612783e-05	4.99822790102e-05	3.18069048247e-05	3.6350748371e-05	0.00328974272758	3.18069048247e-05	1.36315306391e-05	0.000449840511092	9.5420714474e-05	2.27192177319e-05	0.000604331191668	0.00036350748371	0.000168122211216	0	2.72630612783e-05	0	0.000122683775752	0.00635229327784	0.00036350748371	0.00413944147075	0.000318069048247	0.00706113287107	0.0271403775025	0.000131771462845	3.6350748371e-05	0.000104508401567	0.000118139932206	0	1.81753741855e-05	0.000154490680577	0.000368051327257	0.0188342314997	9.5420714474e-05	0	2.72630612783e-05	0	9.08768709276e-06	3.18069048247e-05	2.27192177319e-05	4.08945919174e-05	0.000218104490226	5.90699661029e-05	9.08768709276e-06	6.36138096493e-05	0.000327156735339	4.54384354638e-06	0.000181753741855	0.000345332109525	4.99822790102e-05	0.00042712129336	5.90699661029e-05	6.36138096493e-05	7.27014967421e-05	0.000181753741855	0.000136315306391	0.000713383436782	0.000604331191668	0.0198338770799	0.000127227619299	2.72630612783e-05	4.54384354638e-05	4.54384354638e-06	0	4.54384354638e-06	0.000504366633648	0.000572524286844	0.000345332109525	0.000218104490226	6.36138096493e-05	0.000595243504576	0	0	0.000209016803133	0.000463472041731	0.000408945919174	4.08945919174e-05	0	0	4.54384354638e-06
0.000481647415916	0.00125864466235	0.0393087905197	0	0	0	9.08768709276e-06	0.000904224865729	3.6350748371e-05	5.90699661029e-05	7.27014967421e-05	9.5420714474e-05	7.72453402884e-05	2.27192177319e-05	0.000395314388535	2.72630612783e-05	0.00041348976272	0.00922400239915	0	0.00089059333509	0.000136315306391	0.00144494224775	0.000981470206018	0.0140313888712	0.000190841428948	1.36315306391e-05	0.00986922818274	0.0156671725479	0.00325793582275	0.000536173538473	0.00304891901962	0	0	0.000140859149938	0.00152673143158	3.18069048247e-05	0.000895137178637	0.00144948609129	0	0	0	4.54384354638e-06	9.08768709276e-06	0	1.36315306391e-05	2.27192177319e-05	7.27014967421e-05	1.36315306391e-05	6.36138096493e-05	3.6350748371e-05	0	0.000109052245113	0.000258999082144	1.36315306391e-05	0.00026354292569	0	0.000118139932206	0.00124501313171	0.00132680231554	0.000118139932206	9.08768709276e-06	0.000926944083461	0.00552076990885	0.000209016803133	2.72630612783e-05	0	0	0	1.81753741855e-05	0.000199929116041	0.00342605803397	0.0021356064668	0.00322158507438	0.00152218758804	9.08768709276e-06	2.27192177319e-05	9.08768709276e-06	0.000195385272494	0.000831523368987	9.08768709276e-05	2.72630612783e-05	1.36315306391e-05	4.54384354638e-06	9.08768709276e-06
0	0	0	0	0	0	0	0	0	0	0	0	0	0	0	0	0	0	0	0	0	0	0	0	0	0	0	0	0	0	0	0	0	0	0	0	0	0	0	0	0	0	0	0	0	0	0	0	0	0	0	0	0	0	0	0	0	0	0	0	0	0	0	0	0	0	0	0	0	0	0	0	0	0	0	0	0	0	0	0	0	0	0	0
7.72453402884e-05	0	0	0	0.0132543916248	0	0.000822435681895	0.00168576595571	0.000149946837031	0.000418033606267	0.000917856396369	0.000399858232081	0.00252183316824	2.27192177319e-05	6.36138096493e-05	6.36138096493e-05	0	0	0.000122683775752	0	0.00576159361681	0	0	0	0.00616145184889	0	0.000404402075628	0	0.00471650960114	0.000131771462845	4.54384354638e-06	0	0	3.18069048247e-05	0.001322258472	0	0	0	0	0.00232644789575	0	4.54384354638e-06	0	4.54384354638e-06	0.00144494224775	3.18069048247e-05	4.54384354638e-06	0.000449840511092	0	0	9.08768709276e-06	0	0	0	0	0.00197202809913	0	0	0	0.00154945064932	0	0	0	0.00103599632857	0	0	0	0	0	4.54384354638e-06	4.54384354638e-06	0	0.00139041612519	0.000395314388535	2.27192177319e-05	3.6350748371e-05	0	4.54384354638e-06	4.54384354638e-06	9.08768709276e-06	0	4.54384354638e-06	4.54384354638e-06	0
4.54384354638e-06	2.72630612783e-05	0	0	0	0.00506184171067	0.0023219040522	1.36315306391e-05	0.000976926362471	9.08768709276e-05	3.6350748371e-05	1.36315306391e-05	3.6350748371e-05	2.72630612783e-05	6.36138096493e-05	0.00111324166886	0	3.18069048247e-05	0	4.54384354638e-06	4.54384354638e-06	4.54384354638e-06	3.6350748371e-05	0	2.72630612783e-05	0	4.54384354638e-06	9.08768709276e-06	1.81753741855e-05	5.90699661029e-05	9.08768709276e-06	0	0.00202201037814	0	0.000590699661029	0	1.81753741855e-05	0	0	0	0	0	0	0	0	0	0	0	4.54384354638e-06	0	0	1.36315306391e-05	0	0	0	0	0	1.36315306391e-05	1.36315306391e-05	0	0	0	1.81753741855e-05	0	0	0	0	0	0	0	5.90699661029e-05	0	0.000218104490226	0	0.0014403984042	0.000754278028699	0	0	0	0	0	0	0	4.54384354638e-06
0.00140859149938	4.99822790102e-05	9.08768709276e-06	0	0.000822435681895	0.0023219040522	0.0386726524232	0.00568434827652	0.0170575886731	0.000499822790102	0.0107689092049	0.00179027435727	0.011709484819	0.000118139932206	0.00535264769763	0.00408491534819	0	4.54384354638e-05	0.000209016803133	0.000227192177319	0.00379865320477	4.54384354638e-06	5.90699661029e-05	9.08768709276e-06	0.00115413626078	0	0.000636138096493	4.54384354638e-05	0.00218104490226	0.00332609347595	4.54384354638e-05	0	0.000936031770554	0.00105871554631	0.00341697034688	0	2.27192177319e-05	0	0	0.000172666054762	0	0.000304437517607	0	0.000127227619299	0.000440752823999	8.63330273812e-05	0	2.72630612783e-05	9.08768709276e-06	1.81753741855e-05	3.6350748371e-05	9.08768709276e-06	0	0	0	0.000209016803133	0	2.72630612783e-05	9.08768709276e-06	0.00119048700915	1.36315306391e-05	1.36315306391e-05	2.27192177319e-05	0.000186297585402	1.81753741855e-05	0	0	0	0	0	0.000386226701442	4.54384354638e-06	0.0025763592908	0.000109052245113	0.00111324166886	0.00026354292569	0	4.54384354638e-06	0	4.54384354638e-06	0	3.6350748371e-05	0	4.54384354638e-06
0.0192159143576	3.18069048247e-05	0.000904224865729	0	0.00168576595571	1.36315306391e-05	0.00568434827652	0.0705658902753	0.0158125755414	0.000745190341606	0.0208062595989	0.00911949399758	0.00107689092049	0.000272630612783	0.0122320268269	0.000481647415916	9.08768709276e-06	0.00155853833641	0.000758821872245	0.00268995537946	0.0018220812621	0.000122683775752	0.000104508401567	0.000722471123874	0.00292169140032	0	0.00458928198184	0.00124501313171	0.0337653013931	0.0155808395205	0.0112869073692	4.54384354638e-06	4.54384354638e-06	0.00792900698843	0.0190387044593	0	4.54384354638e-05	0.000127227619299	0	0.00233553558284	0	0.000222648333773	6.36138096493e-05	8.17891838348e-05	0.00329883041467	0.000127227619299	0.000113596088659	0.000277174456329	9.08768709276e-06	9.08768709276e-06	4.99822790102e-05	4.08945919174e-05	0	3.6350748371e-05	0	0.00171757286053	1.36315306391e-05	0.000654313470679	0.000113596088659	0.00479829878498	1.81753741855e-05	0.000295349830515	0.000131771462845	0.00219922027645	4.54384354638e-06	0.000231736020865	0	0	0	8.63330273812e-05	0.000699751906142	0.000109052245113	0.0153491034997	0.00311253282927	0.000308981361154	0.000308981361154	4.54384354638e-06	0.000186297585402	8.17891838348e-05	0.000145402993484	3.6350748371e-05	9.08768709276e-06	0	0
0.0107552776743	3.6350748371e-05	3.6350748371e-05	0	0.000149946837031	0.000976926362471	0.0170575886731	0.0158125755414	0.045015858014	0.000168122211216	0.0131953216587	0.00173574823472	0.00390316160634	0.0003135252047	0.0206926635102	0.000986014049564	0	4.99822790102e-05	0.000290805986968	0.000195385272494	0.00152673143158	2.27192177319e-05	3.6350748371e-05	3.6350748371e-05	0.000377139014349	3.6350748371e-05	0.000745190341606	6.36138096493e-05	0.00473014113178	0.00678395841474	0.00211288724907	0	0.00129499541072	0.00171757286053	0.00415761684494	4.54384354638e-06	1.81753741855e-05	0	0	0.000272630612783	0	0.000395314388535	3.18069048247e-05	0.000254455238597	0.000767909559338	0.000109052245113	0.000104508401567	6.36138096493e-05	4.54384354638e-05	1.36315306391e-05	0	0	0	4.54384354638e-06	0	0.000240823707958	0	0.000190841428948	0	0.00179936204437	1.36315306391e-05	2.27192177319e-05	2.27192177319e-05	0.000472559728823	3.18069048247e-05	8.63330273812e-05	0	0	4.54384354638e-06	3.18069048247e-05	0.000795172620616	4.54384354638e-05	0.00271267459719	0.000159034524123	0.000522542007834	0.000140859149938	0	4.54384354638e-05	2.72630612783e-05	0.000122683775752	3.6350748371e-05	0	9.08768709276e-06	4.54384354638e-05
0.000290805986968	0.00328974272758	5.90699661029e-05	0	0.000418033606267	9.08768709276e-05	0.000499822790102	0.000745190341606	0.000168122211216	0.0179345504776	0.000140859149938	4.54384354638e-05	0.00274902534556	2.72630612783e-05	6.36138096493e-05	0.00261725388271	2.72630612783e-05	3.6350748371e-05	9.08768709276e-06	3.18069048247e-05	6.36138096493e-05	5.90699661029e-05	0.00469379038341	7.27014967421e-05	0.0111551359064	0.000177209898309	0.000722471123874	0.00185843201047	0.0024491316715	0.000504366633648	0.000776997246431	4.54384354638e-06	0	0.000118139932206	0.000168122211216	0.000154490680577	0.000495278946555	1.81753741855e-05	0	0.000904224865729	1.81753741855e-05	4.54384354638e-06	0.000486191259463	1.36315306391e-05	0.00518906932996	9.08768709276e-06	0.000131771462845	6.81576531957e-05	1.81753741855e-05	2.72630612783e-05	4.08945919174e-05	0.000972382518925	1.81753741855e-05	9.08768709276e-06	9.08768709276e-06	0.000595243504576	4.54384354638e-05	0.00111778551241	0.000290805986968	0.0039486000418	7.72453402884e-05	9.99645580203e-05	0.000745190341606	0.000736102654513	1.81753741855e-05	0.000177209898309	0	0	0	6.36138096493e-05	0.000826979525441	1.81753741855e-05	0.00036350748371	0.000186297585402	0.0022628340861	0	0	0.000758821872245	0.000168122211216	0.000481647415916	0.000236279864412	2.27192177319e-05	2.27192177319e-05	1.81753741855e-05
0.0040758276611	3.18069048247e-05	7.27014967421e-05	0	0.000917856396369	3.6350748371e-05	0.0107689092049	0.0208062595989	0.0131953216587	0.000140859149938	0.0417261152864	0.00518906932996	0.00444842283191	4.08945919174e-05	0.004457510519	0.000431665136906	0	4.54384354638e-05	0.000608875035215	0.000336244422432	0.00498459637038	8.63330273812e-05	4.08945919174e-05	2.72630612783e-05	0.000295349830515	0	0.00183116894919	0.000177209898309	0.0110369959742	0.00660220467289	6.81576531957e-05	4.54384354638e-06	9.08768709276e-06	0.00160852061542	0.00832886522051	0	0	0	0	0.000177209898309	0	3.18069048247e-05	2.27192177319e-05	1.36315306391e-05	0.000308981361154	3.18069048247e-05	0	9.08768709276e-05	0	0	0	0	0	0	0	7.72453402884e-05	0	0.000204472959587	0	0.000663401157771	0	0	4.54384354638e-06	0.000322612891793	0	6.81576531957e-05	0	0	0	0	0.000218104490226	8.17891838348e-05	0.00695662446951	0.000563436599751	0.000109052245113	7.27014967421e-05	0	4.54384354638e-06	1.36315306391e-05	0	0	0	0	0
0.00362598715001	1.36315306391e-05	9.5420714474e-05	0	0.000399858232081	1.36315306391e-05	0.00179027435727	0.00911949399758	0.00173574823472	4.54384354638e-05	0.00518906932996	0.0441116331482	0.00393496851116	0.00546169994275	0.00170848517344	9.08768709276e-06	2.27192177319e-05	0.00133134615909	0.00560710293623	0.00686120375503	0.0049573333091	0.00107234707695	1.36315306391e-05	0.000613418878761	0.000354419796618	0.00105871554631	0.0138541789729	0.000867874117358	0.00530266541862	0.0115958887304	0.00276720071974	0.00161760830251	0.000240823707958	0.00230827252156	0.0268904661075	0	8.63330273812e-05	4.54384354638e-06	0	2.72630612783e-05	4.54384354638e-06	0.000145402993484	0	0.000127227619299	0.000122683775752	3.18069048247e-05	0.000581611973937	2.27192177319e-05	0.00136769690746	3.18069048247e-05	9.08768709276e-06	0	0	0.000140859149938	6.81576531957e-05	2.72630612783e-05	0	4.99822790102e-05	0	0.000349875953071	0.000763365715792	0.000109052245113	0.000136315306391	0.000118139932206	4.54384354638e-06	0	2.27192177319e-05	0	0	0.000190841428948	0.00180844973146	0.00412126609657	0.0211515917084	0.000849698743173	2.27192177319e-05	3.18069048247e-05	0.000736102654513	9.5420714474e-05	0.000299893674061	0.000299893674061	4.54384354638e-06	4.54384354638e-06	2.72630612783e-05	0.00042712129336
0.000340788265978	0.000449840511092	7.72453402884e-05	0	0.00252183316824	3.6350748371e-05	0.011709484819	0.00107689092049	0.00390316160634	0.00274902534556	0.00444842283191	0.00393496851116	0.0307572769654	0.000186297585402	0.00273539381492	0.00275811303265	0	4.54384354638e-06	0.00115413626078	1.81753741855e-05	0.0137951090068	1.81753741855e-05	0.000440752823999	4.08945919174e-05	0.0030080244277	1.81753741855e-05	0.00314888357764	0.000177209898309	0.00147220530903	0.00290805986968	5.90699661029e-05	0	2.27192177319e-05	1.81753741855e-05	0.00508910477194	0	4.54384354638e-06	0	0	1.36315306391e-05	0	4.54384354638e-06	0	0	0.000172666054762	4.54384354638e-06	0	0.000195385272494	0	0	6.36138096493e-05	0	0	0	0	1.81753741855e-05	0	9.08768709276e-06	0	0.000131771462845	4.54384354638e-06	4.54384354638e-06	4.54384354638e-06	1.36315306391e-05	0	4.54384354638e-06	0	0	0	0	5.90699661029e-05	3.18069048247e-05	0.00450749279801	1.36315306391e-05	0.00134497768973	1.36315306391e-05	0	0	0	0	0	6.36138096493e-05	0	0
4.08945919174e-05	9.5420714474e-05	2.27192177319e-05	0	2.27192177319e-05	2.72630612783e-05	0.000118139932206	0.000272630612783	0.0003135252047	2.72630612783e-05	4.08945919174e-05	0.00546169994275	0.000186297585402	0.0165759412572	0.000172666054762	2.27192177319e-05	0	2.72630612783e-05	1.36315306391e-05	4.54384354638e-05	0.000140859149938	9.08768709276e-05	3.18069048247e-05	0.000118139932206	5.45261225565e-05	0.00405765228692	0.00484373722044	0.003576004871	0.000245367551504	0.000463472041731	0.000109052245113	0.00247185088923	8.17891838348e-05	0.000522542007834	0.001763011296	3.18069048247e-05	0.000295349830515	0	0	0	3.6350748371e-05	0.000172666054762	3.6350748371e-05	0.000172666054762	0.000290805986968	4.54384354638e-05	0.000949663301193	1.36315306391e-05	0.00500731558811	5.45261225565e-05	4.54384354638e-05	0	0	4.54384354638e-06	0	3.18069048247e-05	0	0.000140859149938	0	0.000440752823999	0.0031943220131	0.000327156735339	0.000536173538473	0.000104508401567	1.36315306391e-05	0	0.000186297585402	0	0	0.000122683775752	0.000140859149938	0.00341242650333	0.0026354292569	0.0011859431656	1.81753741855e-05	0.000440752823999	0.000699751906142	4.99822790102e-05	0.0006270504094	0.000490735103009	0.000118139932206	9.08768709276e-06	9.08768709276e-06	0.000654313470679
0.01684857187	2.27192177319e-05	0.000395314388535	0	6.36138096493e-05	6.36138096493e-05	0.00535264769763	0.0122320268269	0.0206926635102	6.36138096493e-05	0.004457510519	0.00170848517344	0.00273539381492	0.000172666054762	0.0383591272185	0.000358963640164	4.54384354638e-06	9.08768709276e-05	0.000331700578886	4.99822790102e-05	0.00178573051373	3.6350748371e-05	2.27192177319e-05	7.27014967421e-05	0.000177209898309	3.18069048247e-05	0.000945119457647	0.000572524286844	0.00399858232081	0.01023727951	0.00535264769763	0	0.000245367551504	0.000504366633648	0.00383954779669	4.54384354638e-06	0	0	0	1.81753741855e-05	0	0.000159034524123	2.72630612783e-05	0.000136315306391	0.000231736020865	3.18069048247e-05	0.000145402993484	1.81753741855e-05	0	0	0	0	0	4.54384354638e-06	0	4.54384354638e-05	4.54384354638e-06	5.45261225565e-05	4.54384354638e-06	0.000513454320741	0	5.45261225565e-05	0	0.000149946837031	1.81753741855e-05	4.99822790102e-05	0	0	4.54384354638e-06	3.18069048247e-05	0.000640681940039	0.000136315306391	0.00186751969756	0.000209016803133	0.000168122211216	6.81576531957e-05	0	6.81576531957e-05	4.08945919174e-05	0.000186297585402	7.72453402884e-05	0	9.08768709276e-06	4.54384354638e-06
4.54384354638e-05	0.000604331191668	2.72630612783e-05	0	6.36138096493e-05	0.00111324166886	0.00408491534819	0.000481647415916	0.000986014049564	0.00261725388271	0.000431665136906	9.08768709276e-06	0.00275811303265	2.27192177319e-05	0.000358963640164	0.0142722125792	1.36315306391e-05	0	0	9.08768709276e-06	0.000177209898309	0.000808804151255	0.000722471123874	0.000322612891793	0.00129499541072	1.81753741855e-05	8.63330273812e-05	0.000245367551504	0.00137224075101	0.000508910477194	0.000272630612783	0	9.08768709276e-05	9.5420714474e-05	0.00181753741855	9.08768709276e-06	6.81576531957e-05	5.45261225565e-05	0	4.54384354638e-06	0	0.000136315306391	0.000390770544989	0.000186297585402	0.000867874117358	0.000113596088659	0.000354419796618	1.36315306391e-05	3.18069048247e-05	2.27192177319e-05	9.08768709276e-06	0.000227192177319	0	8.63330273812e-05	7.27014967421e-05	1.81753741855e-05	1.36315306391e-05	0.000145402993484	0.000172666054762	0.000713383436782	4.54384354638e-06	0.000136315306391	0.000227192177319	0.000686120375503	9.08768709276e-06	1.36315306391e-05	0	0	0	0.000381682857896	0.000345332109525	5.90699661029e-05	0.00265360463109	0.00133134615909	0.0048891756559	0	0	0.0003135252047	0.000272630612783	0.00106325938985	0.000399858232081	5.90699661029e-05	0.000122683775752	1.36315306391e-05
6.81576531957e-05	0.00036350748371	0.00041348976272	0	0	0	0	9.08768709276e-06	0	2.72630612783e-05	0	2.27192177319e-05	0	0	4.54384354638e-06	1.36315306391e-05	0.0212697316406	0.0003135252047	4.54384354638e-06	4.99822790102e-05	0	0.00577976899099	0.00926944083461	0.0107371023001	0.00546169994275	0	0.000686120375503	0.00456201892056	0.00353511027908	0.00016357836767	0.00089059333509	0	0	2.27192177319e-05	0.000190841428948	6.81576531957e-05	9.5420714474e-05	4.54384354638e-06	0	0	0	0	2.27192177319e-05	0	0	0	9.08768709276e-06	0	1.81753741855e-05	0	0	0.00275811303265	0	0	4.54384354638e-06	0	0.00313070820346	0.00648406474068	0.00137224075101	0.000872417960905	0	4.54384354638e-06	0.000245367551504	0.00269904306655	9.08768709276e-05	5.90699661029e-05	0	0	9.08768709276e-06	0	0.000858786430266	0.00149038068321	0.000272630612783	0.000154490680577	0	0	0	2.72630612783e-05	3.6350748371e-05	1.36315306391e-05	0	0	0	0
0.000131771462845	0.000168122211216	0.00922400239915	0	0	3.18069048247e-05	4.54384354638e-05	0.00155853833641	4.99822790102e-05	3.6350748371e-05	4.54384354638e-05	0.00133134615909	4.54384354638e-06	2.72630612783e-05	9.08768709276e-05	0	0.0003135252047	0.031843255573	0.000318069048247	0.00777451630785	1.81753741855e-05	0.0019493088814	0.000195385272494	0.00816528685284	0.000131771462845	0	0.0106098746808	0.00474377266242	0.00527994620089	0.000858786430266	0.00611601341343	2.27192177319e-05	1.36315306391e-05	0.000486191259463	0.00542080535083	4.54384354638e-06	8.17891838348e-05	4.99822790102e-05	0	0	0	0	9.08768709276e-06	4.54384354638e-06	4.54384354638e-06	0	5.45261225565e-05	0	6.36138096493e-05	9.08768709276e-06	0	3.18069048247e-05	0.000190841428948	9.08768709276e-06	0.000967838675379	0	7.27014967421e-05	3.18069048247e-05	0.000131771462845	4.54384354638e-06	0	0.00180390588791	0.000554348912658	4.99822790102e-05	0	0	4.54384354638e-06	0	4.54384354638e-06	1.81753741855e-05	0.000727014967421	0.00222648333773	0.00264451694399	0.000836067212534	0	0	4.54384354638e-06	4.54384354638e-06	0.000381682857896	0.000109052245113	0	0	0	0
0.00026354292569	0	0	0	0.000122683775752	0	0.000209016803133	0.000758821872245	0.000290805986968	9.08768709276e-06	0.000608875035215	0.00560710293623	0.00115413626078	1.36315306391e-05	0.000331700578886	0	4.54384354638e-06	0.000318069048247	0.0081516553222	0.00424394987232	0.00151309990094	0.000354419796618	4.54384354638e-06	3.6350748371e-05	8.17891838348e-05	0	0.00393951235471	5.90699661029e-05	0.000558892756205	0.000786084933524	0.000672488844864	9.08768709276e-06	0	0.000236279864412	0.00466198347858	0	4.54384354638e-06	0	0	1.81753741855e-05	0	4.54384354638e-05	0	3.18069048247e-05	9.08768709276e-06	1.36315306391e-05	9.5420714474e-05	4.54384354638e-06	5.90699661029e-05	1.81753741855e-05	0	0	0	4.99822790102e-05	0	1.81753741855e-05	0	0	0	0.000181753741855	1.81753741855e-05	1.36315306391e-05	1.36315306391e-05	6.36138096493e-05	4.54384354638e-06	0	0	0	0	7.72453402884e-05	0.000331700578886	0.000218104490226	0.00359418024519	8.63330273812e-05	0	4.54384354638e-06	4.54384354638e-06	0	1.36315306391e-05	0.000113596088659	4.54384354638e-06	0	0	0
0.000159034524123	2.72630612783e-05	0.00089059333509	0	0	4.54384354638e-06	0.000227192177319	0.00268995537946	0.000195385272494	3.18069048247e-05	0.000336244422432	0.00686120375503	1.81753741855e-05	4.54384354638e-05	4.99822790102e-05	9.08768709276e-06	4.99822790102e-05	0.00777451630785	0.00424394987232	0.0233826188897	6.36138096493e-05	0.000586155817483	9.08768709276e-06	0.00159034524123	0.000109052245113	0	0.0106416815856	0.000999645580203	0.00268086769236	0.00153127527513	0.00352602259199	3.18069048247e-05	0	0.00153127527513	0.00898317869119	0	4.99822790102e-05	9.08768709276e-06	0	4.54384354638e-06	0	0	0	0	9.08768709276e-05	0	0.000231736020865	0	0.000145402993484	0	0	0	0	0.000145402993484	7.72453402884e-05	4.54384354638e-06	9.08768709276e-06	9.08768709276e-06	1.36315306391e-05	4.54384354638e-05	5.45261225565e-05	0.000440752823999	7.72453402884e-05	2.27192177319e-05	0	0	4.54384354638e-06	0	0	0	0.00152673143158	0.000831523368987	0.00483919337689	0.000622506565854	4.54384354638e-06	1.36315306391e-05	0	5.45261225565e-05	3.18069048247e-05	4.54384354638e-06	0	0	0	0
0.000563436599751	0	0.000136315306391	0	0.00576159361681	4.54384354638e-06	0.00379865320477	0.0018220812621	0.00152673143158	6.36138096493e-05	0.00498459637038	0.0049573333091	0.0137951090068	0.000140859149938	0.00178573051373	0.000177209898309	0	1.81753741855e-05	0.00151309990094	6.36138096493e-05	0.0241823353538	3.18069048247e-05	0	0.000104508401567	0.00261725388271	0	0.00402584538209	0.000127227619299	0.00286716527777	0.00296712983579	0	0	2.27192177319e-05	2.27192177319e-05	0.00757004334827	0	4.54384354638e-06	0	0	1.36315306391e-05	0	4.54384354638e-06	0	0	0.000127227619299	0	0	0.000109052245113	0	0	2.27192177319e-05	0	0	0	0	1.81753741855e-05	0	9.08768709276e-06	4.54384354638e-06	0.000127227619299	4.54384354638e-06	4.54384354638e-06	4.54384354638e-06	9.08768709276e-06	0	4.54384354638e-06	0	0	0	0	0.000122683775752	4.99822790102e-05	0.00663855542126	0.000290805986968	4.54384354638e-05	6.81576531957e-05	0	0	0	0	0	2.27192177319e-05	0	0
0.000172666054762	0.000122683775752	0.00144494224775	0	0	4.54384354638e-06	4.54384354638e-06	0.000122683775752	2.27192177319e-05	5.90699661029e-05	8.63330273812e-05	0.00107234707695	1.81753741855e-05	9.08768709276e-05	3.6350748371e-05	0.000808804151255	0.00577976899099	0.0019493088814	0.000354419796618	0.000586155817483	3.18069048247e-05	0.0385454248039	0.000540717382019	0.0167031688765	0.000536173538473	1.36315306391e-05	0.00135860922037	0.00205836112651	0.0136406183262	0.000654313470679	0.0103190686938	0	0	0.000354419796618	0.00674306382283	0	5.90699661029e-05	0.000113596088659	0	0	0	4.54384354638e-06	4.99822790102e-05	0	3.18069048247e-05	4.08945919174e-05	3.6350748371e-05	0	4.08945919174e-05	0	0	0.00104962785921	4.54384354638e-06	2.27192177319e-05	2.27192177319e-05	0	0.00284444606003	0.0037623024564	0.00166304673797	0.000236279864412	9.08768709276e-06	2.72630612783e-05	0.00021356064668	0.00160397677187	3.18069048247e-05	4.54384354638e-06	0	0	4.54384354638e-06	0	0.00315797126473	0.00218104490226	0.00753823644344	0.00191750197657	0.000181753741855	4.54384354638e-06	9.08768709276e-06	9.5420714474e-05	3.6350748371e-05	0.000122683775752	0.000159034524123	0	1.36315306391e-05	0
1.36315306391e-05	0.00635229327784	0.000981470206018	0	0	3.6350748371e-05	5.90699661029e-05	0.000104508401567	3.6350748371e-05	0.00469379038341	4.08945919174e-05	1.36315306391e-05	0.000440752823999	3.18069048247e-05	2.27192177319e-05	0.000722471123874	0.00926944083461	0.000195385272494	4.54384354638e-06	9.08768709276e-06	0	0.000540717382019	0.0324475867647	0.00931487927008	0.00983287743436	0.000186297585402	0.00228555330383	0.0156944356092	0.00107689092049	3.18069048247e-05	0.000113596088659	4.54384354638e-05	0	1.36315306391e-05	0.00021356064668	0.000122683775752	0.00155853833641	1.36315306391e-05	0	0	0	0	9.08768709276e-06	0	2.27192177319e-05	0	4.54384354638e-06	0	1.36315306391e-05	0	4.54384354638e-06	0.00687029144213	3.18069048247e-05	0	4.54384354638e-06	0	0.00169939748635	0.0135679168295	0.00384863548378	0.00116322394787	0.000113596088659	0.000118139932206	0.00692027372114	0.00119048700915	0.000127227619299	0.000122683775752	0	0	9.08768709276e-06	7.72453402884e-05	0.00079062877707	0.000490735103009	0.000295349830515	8.17891838348e-05	0.000713383436782	0	0	0.000190841428948	0.000186297585402	8.63330273812e-05	9.08768709276e-06	0	0	0
0.000140859149938	0.00036350748371	0.0140313888712	0	0	0	9.08768709276e-06	0.000722471123874	3.6350748371e-05	7.27014967421e-05	2.72630612783e-05	0.000613418878761	4.08945919174e-05	0.000118139932206	7.27014967421e-05	0.000322612891793	0.0107371023001	0.00816528685284	3.6350748371e-05	0.00159034524123	0.000104508401567	0.0167031688765	0.00931487927008	0.0616145184889	0.00178573051373	2.72630612783e-05	0.00519815701706	0.00980107052954	0.00729741273548	0.000563436599751	0.00602968038604	9.08768709276e-06	0	0.000186297585402	0.00359872408873	0	9.08768709276e-05	0.000595243504576	0	0	0	9.08768709276e-06	2.72630612783e-05	4.54384354638e-06	0.000113596088659	2.27192177319e-05	9.5420714474e-05	1.36315306391e-05	9.08768709276e-05	9.08768709276e-06	0	0.00589336507965	0.000199929116041	2.72630612783e-05	3.6350748371e-05	4.54384354638e-06	0.00387589854506	0.0117730986287	0.00688392297276	0.000395314388535	9.08768709276e-06	3.6350748371e-05	0.0043302828997	0.00171302901698	5.90699661029e-05	0	0	0	1.36315306391e-05	0.000249911395051	0.00590699661029	0.0043302828997	0.00694753678241	0.0033306373195	0.000299893674061	2.72630612783e-05	0	0.000445296667545	0.000454384354638	0.000268086769236	0.000127227619299	0	2.27192177319e-05	0
0.000327156735339	0.00413944147075	0.000190841428948	0	0.00616145184889	2.72630612783e-05	0.00115413626078	0.00292169140032	0.000377139014349	0.0111551359064	0.000295349830515	0.000354419796618	0.0030080244277	5.45261225565e-05	0.000177209898309	0.00129499541072	0.00546169994275	0.000131771462845	8.17891838348e-05	0.000109052245113	0.00261725388271	0.000536173538473	0.00983287743436	0.00178573051373	0.0417306591299	8.17891838348e-05	0.00166304673797	0.00475740419306	0.0120139223366	0.00169030979925	0.00122229391398	1.36315306391e-05	0	0.0011950308527	0.00212651877971	0.000268086769236	0.00026354292569	4.08945919174e-05	0	0.00241278092313	9.08768709276e-06	0.000104508401567	0.0006270504094	0.000172666054762	0.00662038004707	0.000122683775752	0.000231736020865	0.000127227619299	1.36315306391e-05	4.99822790102e-05	4.54384354638e-05	0.00129045156717	1.81753741855e-05	1.81753741855e-05	1.36315306391e-05	0.00211288724907	0.000617962722308	0.00252183316824	0.000368051327257	0.00704295749689	9.99645580203e-05	0.000177209898309	0.000649769627132	0.00293986677451	8.63330273812e-05	0.000245367551504	0	0	0	0.000308981361154	0.00161760830251	0.000254455238597	0.00209016803133	0.000854242586719	0.000936031770554	1.36315306391e-05	0	0.000922400239915	0.00026354292569	0.000945119457647	0.000258999082144	8.63330273812e-05	0.000118139932206	1.81753741855e-05
1.81753741855e-05	0.000318069048247	1.36315306391e-05	0	0	0	0	0	3.6350748371e-05	0.000177209898309	0	0.00105871554631	1.81753741855e-05	0.00405765228692	3.18069048247e-05	1.81753741855e-05	0	0	0	0	0	1.36315306391e-05	0.000186297585402	2.72630612783e-05	8.17891838348e-05	0.00775179709012	0.00223102718127	0.00268086769236	0	9.08768709276e-05	3.18069048247e-05	0.000368051327257	2.72630612783e-05	0	0.000245367551504	0	0.00126773234944	9.08768709276e-06	0	0	2.72630612783e-05	0	0	0	8.17891838348e-05	9.08768709276e-06	0.000127227619299	0	0.00146311762193	0	3.18069048247e-05	1.36315306391e-05	0	0.000199929116041	0	9.08768709276e-06	0	9.5420714474e-05	4.54384354638e-06	5.90699661029e-05	0.00260362235208	0.000368051327257	0.00129953925426	0	0	0	1.36315306391e-05	0	0	0	9.08768709276e-06	0.000545261225565	0.000522542007834	0	1.81753741855e-05	0	0.000558892756205	4.54384354638e-06	3.6350748371e-05	2.27192177319e-05	4.54384354638e-06	0	0	0.000172666054762
0.000799716464163	0.00706113287107	0.00986922818274	0	0.000404402075628	4.54384354638e-06	0.000636138096493	0.00458928198184	0.000745190341606	0.000722471123874	0.00183116894919	0.0138541789729	0.00314888357764	0.00484373722044	0.000945119457647	8.63330273812e-05	0.000686120375503	0.0106098746808	0.00393951235471	0.0106416815856	0.00402584538209	0.00135860922037	0.00228555330383	0.00519815701706	0.00166304673797	0.00223102718127	0.0935895455248	0.0269131853252	0.00454838738993	0.0033897072856	0.0045165804851	0.00517543779933	0	0.000858786430266	0.0147129654032	1.36315306391e-05	0.0112596443079	0.000145402993484	0	5.90699661029e-05	4.54384354638e-06	8.17891838348e-05	6.36138096493e-05	0.000109052245113	0.000290805986968	0.000381682857896	0.00289897218259	3.6350748371e-05	0.00611146956988	0.000113596088659	4.54384354638e-06	4.99822790102e-05	0.000209016803133	0.00136769690746	0.00127682003653	0.000149946837031	9.5420714474e-05	0.000136315306391	0.000177209898309	0.000399858232081	0.00705658902753	0.00926944083461	0.0159988731268	0.000240823707958	5.45261225565e-05	1.81753741855e-05	0.000463472041731	0	0	0.000699751906142	0.00941029998455	0.00577522514745	0.0182844264306	0.00246730704568	9.5420714474e-05	3.6350748371e-05	0.000145402993484	0.000358963640164	0.00111324166886	0.00113596088659	3.6350748371e-05	4.54384354638e-06	3.6350748371e-05	0.000159034524123
0.000622506565854	0.0271403775025	0.0156671725479	0	0	9.08768709276e-06	4.54384354638e-05	0.00124501313171	6.36138096493e-05	0.00185843201047	0.000177209898309	0.000867874117358	0.000177209898309	0.003576004871	0.000572524286844	0.000245367551504	0.00456201892056	0.00474377266242	5.90699661029e-05	0.000999645580203	0.000127227619299	0.00205836112651	0.0156944356092	0.00980107052954	0.00475740419306	0.00268086769236	0.0269131853252	0.0924490407946	0.00221739565063	0.00108597860758	0.00223557102482	0.00172211670408	0	0.000345332109525	0.002253746399	0.000368051327257	0.021356064668	0.00102690864148	0	2.72630612783e-05	0	1.81753741855e-05	7.27014967421e-05	3.18069048247e-05	0.000136315306391	0.000272630612783	0.000454384354638	1.36315306391e-05	0.00275356918911	0.000331700578886	4.54384354638e-06	0.000967838675379	0.000358963640164	0.000336244422432	0.000736102654513	6.81576531957e-05	0.000118139932206	0.0053980861331	0.00156308217995	0.000249911395051	0.00353056643554	0.00312616435991	0.0306482247203	0.000236279864412	2.72630612783e-05	4.99822790102e-05	0.000372595170803	0	4.54384354638e-06	0.000567980443297	0.00938758076682	0.0032034097002	0.00460745735603	0.00163123983315	0.000231736020865	1.36315306391e-05	0.000136315306391	0.00026354292569	0.000772453402884	0.000531629694926	5.90699661029e-05	1.36315306391e-05	0	5.45261225565e-05
0.00767455174983	0.000131771462845	0.00325793582275	0	0.00471650960114	1.81753741855e-05	0.00218104490226	0.0337653013931	0.00473014113178	0.0024491316715	0.0110369959742	0.00530266541862	0.00147220530903	0.000245367551504	0.00399858232081	0.00137224075101	0.00353511027908	0.00527994620089	0.000558892756205	0.00268086769236	0.00286716527777	0.0136406183262	0.00107689092049	0.00729741273548	0.0120139223366	0	0.00454838738993	0.00221739565063	0.0890275266042	0.0143721771372	0.0203973136797	1.36315306391e-05	0	0.00949663301193	0.0215605376276	9.08768709276e-05	8.17891838348e-05	0.000177209898309	0	0.00389861776279	2.27192177319e-05	0.000558892756205	0.000368051327257	0.000377139014349	0.00527994620089	0.000295349830515	0.000209016803133	0.000290805986968	9.08768709276e-06	3.6350748371e-05	9.99645580203e-05	0.00135860922037	0	4.54384354638e-05	1.81753741855e-05	0.0030080244277	0.000749734185153	0.00398495079017	0.000458928198184	0.00868328501713	3.6350748371e-05	0.000104508401567	0.000327156735339	0.00546169994275	6.81576531957e-05	0.000177209898309	0	0	9.08768709276e-06	0.000245367551504	0.0056525413717	0.000858786430266	0.0196748425558	0.00499822790102	0.000540717382019	0.000199929116041	2.27192177319e-05	0.000622506565854	0.000245367551504	0.000604331191668	0.000199929116041	8.17891838348e-05	5.45261225565e-05	0
0.0152673143158	3.6350748371e-05	0.000536173538473	0	0.000131771462845	5.90699661029e-05	0.00332609347595	0.0155808395205	0.00678395841474	0.000504366633648	0.00660220467289	0.0115958887304	0.00290805986968	0.000463472041731	0.01023727951	0.000508910477194	0.00016357836767	0.000858786430266	0.000786084933524	0.00153127527513	0.00296712983579	0.000654313470679	3.18069048247e-05	0.000563436599751	0.00169030979925	9.08768709276e-05	0.0033897072856	0.00108597860758	0.0143721771372	0.0539263352084	0.0129454102636	4.54384354638e-06	0.000572524286844	0.0133270931215	0.0250184025664	0	3.6350748371e-05	3.6350748371e-05	0	2.27192177319e-05	0	0.000122683775752	8.63330273812e-05	9.08768709276e-05	0.00115413626078	3.18069048247e-05	0.000181753741855	1.36315306391e-05	9.08768709276e-06	4.54384354638e-06	0	2.72630612783e-05	0	9.08768709276e-06	4.54384354638e-06	4.99822790102e-05	4.54384354638e-06	0.000104508401567	9.08768709276e-06	0.0009405756141	2.72630612783e-05	7.72453402884e-05	0.000104508401567	0.000290805986968	4.54384354638e-06	1.81753741855e-05	0	0	0	2.72630612783e-05	0.0024491316715	0.000308981361154	0.0153445596561	0.00190387044593	0.000372595170803	8.63330273812e-05	2.72630612783e-05	0.000327156735339	0.000104508401567	0.000286262143422	0.000140859149938	4.54384354638e-06	4.54384354638e-06	1.36315306391e-05
0.0105962431502	0.000104508401567	0.00304891901962	0	4.54384354638e-06	9.08768709276e-06	4.54384354638e-05	0.0112869073692	0.00211288724907	0.000776997246431	6.81576531957e-05	0.00276720071974	5.90699661029e-05	0.000109052245113	0.00535264769763	0.000272630612783	0.00089059333509	0.00611601341343	0.000672488844864	0.00352602259199	0	0.0103190686938	0.000113596088659	0.00602968038604	0.00122229391398	3.18069048247e-05	0.0045165804851	0.00223557102482	0.0203973136797	0.0129454102636	0.0537627568408	0	4.54384354638e-06	0.00453475585929	0.0141358972728	0	5.90699661029e-05	0.00021356064668	0	9.08768709276e-06	0	4.99822790102e-05	3.18069048247e-05	4.99822790102e-05	0.000495278946555	4.99822790102e-05	0.000140859149938	0	2.72630612783e-05	2.27192177319e-05	0	4.54384354638e-05	4.54384354638e-06	1.81753741855e-05	4.54384354638e-06	7.27014967421e-05	0.000245367551504	0.000904224865729	0.000277174456329	0.000508910477194	1.81753741855e-05	0.00026354292569	0.000268086769236	0.000658857314225	4.54384354638e-06	0.000204472959587	4.54384354638e-06	0	0	8.17891838348e-05	0.0013813284381	0.000586155817483	0.00734739501449	0.0014403984042	0.000195385272494	0	3.18069048247e-05	0.000286262143422	0.000113596088659	0.000172666054762	4.54384354638e-05	0	0	0
0	0.000118139932206	0	0	0	0	0	4.54384354638e-06	0	4.54384354638e-06	4.54384354638e-06	0.00161760830251	0	0.00247185088923	0	0	0	2.27192177319e-05	9.08768709276e-06	3.18069048247e-05	0	0	4.54384354638e-05	9.08768709276e-06	1.36315306391e-05	0.000368051327257	0.00517543779933	0.00172211670408	1.36315306391e-05	4.54384354638e-06	0	0.006270504094	0	0	3.6350748371e-05	0	0.000118139932206	0	0	0	0	1.36315306391e-05	4.54384354638e-06	0	4.54384354638e-06	2.72630612783e-05	0.00148129299612	1.81753741855e-05	0.00325339197921	4.54384354638e-06	0	0	9.08768709276e-06	0.000209016803133	0.000109052245113	0	0	4.54384354638e-06	4.54384354638e-06	0	0.00116776779142	0.000481647415916	0.000418033606267	4.54384354638e-06	0	0	0.000245367551504	0	0	3.6350748371e-05	7.72453402884e-05	0.00117231163497	0.000177209898309	3.18069048247e-05	0	0	4.54384354638e-05	2.72630612783e-05	0.000240823707958	5.90699661029e-05	9.08768709276e-06	0	0	0
4.54384354638e-06	0	0	0	0	0.00202201037814	0.000936031770554	4.54384354638e-06	0.00129499541072	0	9.08768709276e-06	0.000240823707958	2.27192177319e-05	8.17891838348e-05	0.000245367551504	9.08768709276e-05	0	1.36315306391e-05	0	0	2.27192177319e-05	0	0	0	0	2.72630612783e-05	0	0	0	0.000572524286844	4.54384354638e-06	0	0.00368960095966	0	0.000886049491544	0	0	0	0	0	0	0	0	0	0	0	0	0	0	0	0	0	0	0	0	0	0	0	0	0	0	0	0	0	0	0	0	0	0	0	1.81753741855e-05	4.54384354638e-06	0.000172666054762	0	0.000449840511092	0.000567980443297	0	0	0	4.54384354638e-06	0	0	0	0
0.000981470206018	1.81753741855e-05	0.000140859149938	0	3.18069048247e-05	0	0.00105871554631	0.00792900698843	0.00171757286053	0.000118139932206	0.00160852061542	0.00230827252156	1.81753741855e-05	0.000522542007834	0.000504366633648	9.5420714474e-05	2.27192177319e-05	0.000486191259463	0.000236279864412	0.00153127527513	2.27192177319e-05	0.000354419796618	1.36315306391e-05	0.000186297585402	0.0011950308527	0	0.000858786430266	0.000345332109525	0.00949663301193	0.0133270931215	0.00453475585929	0	0	0.0181026726888	0.011900326248	2.27192177319e-05	4.54384354638e-05	9.08768709276e-06	0	1.81753741855e-05	0	0.000458928198184	9.08768709276e-05	0.000418033606267	0.000945119457647	4.99822790102e-05	5.90699661029e-05	9.08768709276e-06	1.36315306391e-05	6.36138096493e-05	9.08768709276e-06	4.54384354638e-06	0	2.72630612783e-05	0	2.72630612783e-05	9.08768709276e-06	6.81576531957e-05	9.08768709276e-06	0.000990557893111	2.72630612783e-05	4.54384354638e-05	4.99822790102e-05	0.000236279864412	3.18069048247e-05	9.08768709276e-06	0	0	0	7.27014967421e-05	0.00128136388008	6.36138096493e-05	0.00927852852171	0.00284898990358	4.08945919174e-05	0.00042712129336	4.54384354638e-06	0.000118139932206	3.18069048247e-05	0.000177209898309	7.27014967421e-05	4.54384354638e-06	4.54384354638e-06	4.54384354638e-06
0.0053980861331	0.000154490680577	0.00152673143158	0	0.001322258472	0.000590699661029	0.00341697034688	0.0190387044593	0.00415761684494	0.000168122211216	0.00832886522051	0.0268904661075	0.00508910477194	0.001763011296	0.00383954779669	0.00181753741855	0.000190841428948	0.00542080535083	0.00466198347858	0.00898317869119	0.00757004334827	0.00674306382283	0.00021356064668	0.00359872408873	0.00212651877971	0.000245367551504	0.0147129654032	0.002253746399	0.0215605376276	0.0250184025664	0.0141358972728	3.6350748371e-05	0.000886049491544	0.011900326248	0.0756231881424	4.08945919174e-05	0.000109052245113	2.72630612783e-05	0	6.81576531957e-05	0	0.0011268731995	0.000209016803133	0.00116322394787	0.00185388816692	0.00026354292569	0.000717927280328	3.6350748371e-05	7.72453402884e-05	0.000181753741855	1.36315306391e-05	2.27192177319e-05	0	0.000195385272494	1.36315306391e-05	0.000168122211216	0.000159034524123	0.000686120375503	6.81576531957e-05	0.0025082016376	6.81576531957e-05	0.000254455238597	0.000177209898309	0.0011268731995	5.45261225565e-05	5.45261225565e-05	0	0	0	0.000849698743173	0.00524813929607	0.000858786430266	0.0508138023792	0.0092285462427	0.0006270504094	0.00109506629468	0.000109052245113	0.000463472041731	0.000286262143422	0.00174029207826	0.000209016803133	7.27014967421e-05	0.000136315306391	6.81576531957e-05
