0.0122441874596	0	6.56877009633e-06	0	4.26970056262e-05	1.64219252408e-05	1.9706310289e-05	0.00706142785356	0.000696289630211	0.000252897648709	0.000141228557071	0	0	0	0.00469338623383	5.25501607706e-05	3.28438504817e-06	3.28438504817e-06	0	0	3.28438504817e-06	6.56877009633e-06	0	3.28438504817e-06	0.00100502182474	0	3.28438504817e-06	6.56877009633e-06	0.0053798227089	0.00492657757225	0.00184254001202	0	0	2.62750803853e-05	0.000426970056262	0	0	0	0	0	0	0	6.56877009633e-06	0	0	0	0	1.31375401927e-05	0	0	0	0	0	0	3.28438504817e-06	1.64219252408e-05	0	0	0	0.000144512942119	0	6.56877009633e-06	9.8531551445e-06	1.9706310289e-05	0	0	0	0	0	8.86783963005e-05	0.000279172729094	0	0.000426970056262	0.000403979360924	2.29906953372e-05	0	0	3.28438504817e-05	1.9706310289e-05	9.8531551445e-05	7.55408561078e-05	0	0	3.28438504817e-06
0	0.0155614163582	1.31375401927e-05	0	9.8531551445e-05	0	1.31375401927e-05	3.28438504817e-06	6.56877009633e-06	0.00584620538573	1.31375401927e-05	2.62750803853e-05	0.000312016579576	8.86783963005e-05	0	3.28438504817e-06	0.000587904923622	4.26970056262e-05	0	3.61282355298e-05	3.28438504817e-06	3.9412620578e-05	0.00452916698142	0.000154366097264	0.00490358687691	0.00238774793002	0.000982031129401	0.0108844520496	0.000177356792601	0	0	0	0	0	1.31375401927e-05	0	0.00822081577556	0	0	0	0	0	0	0	0.000578051768477	0	9.8531551445e-06	9.8531551445e-06	0.00046638267684	0	0	0.000193778717842	0	1.31375401927e-05	3.28438504817e-06	3.28438504817e-06	3.9412620578e-05	0.000926196583583	4.59813906743e-05	8.53940112523e-05	0.00182940247183	0.000223338183275	0.00761977331174	2.95594654335e-05	3.28438504817e-06	0	0.000105100321541	0	0	3.28438504817e-06	4.26970056262e-05	3.9412620578e-05	2.95594654335e-05	1.31375401927e-05	3.28438504817e-06	0	3.28438504817e-06	3.28438504817e-06	9.8531551445e-06	3.28438504817e-06	0	0	0	3.28438504817e-06
6.56877009633e-06	1.31375401927e-05	0.031227933038	0	0	3.28438504817e-06	6.56877009633e-06	0.00032186973472	1.31375401927e-05	6.56877009633e-06	2.29906953372e-05	4.92657757225e-05	3.28438504817e-06	2.62750803853e-05	3.28438504817e-05	6.56877009633e-06	0.000203631872986	0.00855910743552	9.8531551445e-06	0.00019706310289	0	0.000945902893872	3.28438504817e-06	0.0118533456388	0.000157650482312	0	0.00756722315097	0.0133181813703	0.000252897648709	9.8531551445e-06	0.000331722889865	0	0	3.28438504817e-06	0.00178013669611	0	0.0037573364951	0.00137287295013	0	3.28438504817e-06	3.28438504817e-06	3.28438504817e-06	0	9.8531551445e-06	0	0	0	1.64219252408e-05	1.64219252408e-05	3.28438504817e-06	0	3.28438504817e-06	0.000226622568323	0	0.00064373946944	6.56877009633e-06	0	1.31375401927e-05	1.31375401927e-05	1.31375401927e-05	5.9118930867e-05	0.00180969616154	0.00405621553448	1.31375401927e-05	3.9412620578e-05	0	3.28438504817e-06	3.28438504817e-06	0	6.89720860115e-05	0.00227607883838	0.00277858975075	0.00225637252809	0.0010772782958	9.8531551445e-06	0	3.28438504817e-06	0.00028574149919	0.000289025884239	7.22564710596e-05	4.92657757225e-05	6.56877009633e-06	3.28438504817e-06	1.31375401927e-05
0	0	0	0	0	0	0	0	0	0	0	0	0	0	0	0	0	0	0	0	0	0	0	0	0	0	0	0	0	0	0	0	0	0	0	0	0	0	0	0	0	0	0	0	0	0	0	0	0	0	0	0	0	0	0	0	0	0	0	0	0	0	0	0	0	0	0	0	0	0	0	0	0	0	0	0	0	0	0	0	0	0	0	0
4.26970056262e-05	9.8531551445e-05	0	0	0.0194304219449	1.64219252408e-05	0.000666730164778	0.000620748774103	0.000256182033757	0.00981702690897	0.00412190323545	2.29906953372e-05	0.00623376282142	0	0.000259466418805	0.0016980270699	3.28438504817e-06	6.56877009633e-06	6.56877009633e-06	2.29906953372e-05	0.00854268551028	0	0.000137944172023	6.56877009633e-06	0.0122113436091	0	0	1.64219252408e-05	0.00685122721047	0.000101815936493	9.8531551445e-06	0	1.31375401927e-05	0	1.64219252408e-05	0	0.000157650482312	0	0	0.00173415530543	0	3.28438504817e-06	6.56877009633e-05	2.95594654335e-05	0.0025027014067	1.31375401927e-05	0	0.000515648452562	0	3.28438504817e-05	0	0	6.56877009633e-06	0	3.61282355298e-05	0.00111340653133	0	0.000249613263661	2.95594654335e-05	0.00595130570728	0	9.8531551445e-06	0.00012480663183	0.00297565285364	0.000338291659961	0.000262750803853	0	0	0.000229906953372	0.000735702250789	0.000213485028131	9.8531551445e-06	0.000131375401927	0.000114953476686	0.00023319133842	0	0	0.000203631872986	1.31375401927e-05	0.000410548131021	0.000275888344046	3.28438504817e-06	3.28438504817e-06	3.28438504817e-06
1.64219252408e-05	0	3.28438504817e-06	0	1.64219252408e-05	0.0114723569732	0.00678882389456	0.0020658781953	0.00538639147899	0.000128091016878	0.00378361157549	0.000262750803853	0.000147797327167	0.000220053798227	0.00183268685688	0.00268991135445	0	1.64219252408e-05	9.19627813486e-05	3.28438504817e-05	2.62750803853e-05	1.31375401927e-05	9.8531551445e-06	9.52471663968e-05	0.000282457114142	0	6.56877009633e-05	1.64219252408e-05	0.00146155134643	5.25501607706e-05	1.31375401927e-05	2.29906953372e-05	0.000279172729094	0	0.000220053798227	0	3.28438504817e-06	0	0	0	0	0	3.28438504817e-06	3.28438504817e-06	0	1.9706310289e-05	3.28438504817e-06	0.000101815936493	0	6.56877009633e-06	0	0	0	0	0	9.8531551445e-06	0	0	0	9.8531551445e-06	0	0	3.28438504817e-06	3.28438504817e-06	9.8531551445e-06	0	0	0	0	1.9706310289e-05	0.00075212417603	6.89720860115e-05	0.000302163424431	0.000154366097264	0.00234505092439	0.0010707095257	0	0	0	1.64219252408e-05	9.8531551445e-06	0	0	0
1.9706310289e-05	1.31375401927e-05	6.56877009633e-06	0	0.000666730164778	0.00678882389456	0.046845183942	0.0054619323351	0.0235161969449	0.00168817391476	0.031911085128	0.00810914668392	0.00989913653517	0.000581336153525	0.00477878024508	0.00444377297017	6.56877009633e-06	0.00302820301441	0.00203631872986	0.00776428625386	0.000771830486319	1.64219252408e-05	5.25501607706e-05	0.000118237861734	0.00353399831183	0	0.000922912198535	0.000551776688092	0.00660161394681	0.00194764033356	1.64219252408e-05	5.9118930867e-05	0.000433538826358	0	0.00469338623383	0	6.56877009633e-05	0	0	0.000272603958998	0	3.28438504817e-06	9.8531551445e-06	8.53940112523e-05	6.56877009633e-05	0.000137944172023	4.59813906743e-05	0.00574110506419	7.22564710596e-05	0.000105100321541	0	0	0	2.29906953372e-05	3.9412620578e-05	0.00111669091638	0	0	0	0.000397410590828	2.29906953372e-05	9.52471663968e-05	5.9118930867e-05	0.000154366097264	0.000637170699344	0	0	0	0	0.0007159959405	0.00149439519692	0.000108384706589	0.013295190675	0.000374419895491	0.00373763018481	0.000111669091638	0	0.000298879039383	1.9706310289e-05	0.000499226527321	6.89720860115e-05	3.28438504817e-05	0	3.61282355298e-05
0.00706142785356	3.28438504817e-06	0.00032186973472	0	0.000620748774103	0.0020658781953	0.0054619323351	0.0546521672015	0.0103753723672	0.00193121840832	0.0144710005222	0.00121850685287	3.28438504817e-05	3.61282355298e-05	0.0145334038381	0.000719280325548	1.64219252408e-05	0.000305447809479	0.000446676366551	0.00101159059483	3.61282355298e-05	0.00527143800231	3.28438504817e-06	0.00540938217433	0.00467696430859	0	0.000154366097264	0.0010707095257	0.0249449044408	0.00485103671614	0.0165500162577	9.8531551445e-06	6.56877009633e-06	0.000157650482312	0.00613194688493	0	2.62750803853e-05	1.9706310289e-05	0	2.95594654335e-05	0	3.28438504817e-06	6.56877009633e-05	3.61282355298e-05	8.53940112523e-05	9.8531551445e-06	3.28438504817e-06	0.00016093486736	3.28438504817e-06	7.22564710596e-05	0	6.56877009633e-06	3.28438504817e-06	0	9.8531551445e-06	0.000157650482312	3.28438504817e-06	3.9412620578e-05	1.9706310289e-05	0.00134659786975	3.28438504817e-06	9.8531551445e-06	3.28438504817e-05	0.00111997530142	0.000243044493564	2.62750803853e-05	0	0	1.31375401927e-05	0.000972177974257	0.00241730739545	1.64219252408e-05	0.00705157469841	0.00210200643083	0.000436823211406	6.56877009633e-06	0	0.000157650482312	5.25501607706e-05	0.000870362037764	0.0006273175442	3.61282355298e-05	0	5.25501607706e-05
0.000696289630211	6.56877009633e-06	1.31375401927e-05	0	0.000256182033757	0.00538639147899	0.0235161969449	0.0103753723672	0.0476432895087	0.000183925562697	0.027890997829	0.00706799662365	0.00043025444131	0.000525501607706	0.0204650032351	0.000709427170404	6.56877009633e-06	0.00138601049033	0.00252569210204	0.00594145255213	0.00051893283761	5.9118930867e-05	0	0.000200347487938	0.00270961766474	0	0.000584620538573	0.000279172729094	0.00872004230288	0.00206916258034	7.8825241156e-05	9.52471663968e-05	0.00028574149919	3.28438504817e-06	0.00404307799429	0	3.28438504817e-05	0	0	2.95594654335e-05	0	0	1.9706310289e-05	6.24033159151e-05	0	0.000827665032138	1.31375401927e-05	0.00323840365749	5.9118930867e-05	0.000101815936493	0	0	0	1.64219252408e-05	2.62750803853e-05	0.000446676366551	0	0	0	8.21096262041e-05	1.9706310289e-05	5.9118930867e-05	3.61282355298e-05	6.56877009633e-05	0.000433538826358	0	0	0	0	0.000532070377803	0.00124149754821	3.28438504817e-05	0.0102177218848	0.000528785992755	0.00133017594451	2.95594654335e-05	0	2.95594654335e-05	3.28438504817e-05	0.000417116901117	0.000101815936493	1.9706310289e-05	0	5.25501607706e-05
0.000252897648709	0.00584620538573	6.56877009633e-06	0	0.00981702690897	0.000128091016878	0.00168817391476	0.00193121840832	0.000183925562697	0.04807354395	0.000492657757225	7.22564710596e-05	0.00902549011236	2.29906953372e-05	0.00019706310289	0.00421715040184	0.00275888344046	6.56877009633e-06	0	9.8531551445e-06	0.00457186398705	0.000236475723468	0.0103556660569	0.000919627813486	0.0383616173626	0.00157650482312	0.000144512942119	0.00427626933271	0.0188753608718	0.000420401286165	0.000101815936493	0	6.89720860115e-05	0	0.000256182033757	3.28438504817e-06	0.000794821181656	2.95594654335e-05	0	0.00122836000801	3.28438504817e-06	3.28438504817e-05	0.000249613263661	0.000101815936493	0.00829964101671	0	6.56877009633e-06	0.000328438504817	3.28438504817e-05	0.000121522246782	0	0.00351429200154	4.26970056262e-05	0	7.55408561078e-05	0.000873646422812	0.00196734664385	0.00664431095244	0.00248627948146	0.0192333588421	0.000206916258034	0.000121522246782	0.00113311284162	0.00865435460192	0.000857224497571	0.000860508882619	6.56877009633e-06	3.28438504817e-06	0.000548492303044	0.00439450719445	0.00091305904339	0	0.000647023854489	0.000374419895491	0.000857224497571	3.28438504817e-06	0	0.00196734664385	0.000417116901117	0.00314644087614	0.00204617188501	5.9118930867e-05	4.59813906743e-05	6.56877009633e-05
0.000141228557071	1.31375401927e-05	2.29906953372e-05	0	0.00412190323545	0.00378361157549	0.031911085128	0.0144710005222	0.027890997829	0.000492657757225	0.0785460684269	0.00911745289371	0.00765590154727	0.000249613263661	0.0125364977288	0.00124149754821	2.29906953372e-05	0.00323840365749	0.00223338183275	0.00893352733101	0.00543237286967	9.8531551445e-05	0	0.000312016579576	0.00389528066712	0	0.000919627813486	0.000633886314296	0.0153118030945	0.00313330333595	0.000200347487938	3.9412620578e-05	0.000302163424431	0	0.00656548571128	0	6.89720860115e-05	0	0	0.000794821181656	0	6.56877009633e-06	1.31375401927e-05	0.000108384706589	0	0.00219396921217	4.59813906743e-05	0.0119124645697	6.56877009633e-05	0.000141228557071	0	0	0	2.29906953372e-05	4.26970056262e-05	0.00543237286967	0	0	3.28438504817e-06	0.000348144815106	2.29906953372e-05	9.8531551445e-05	6.56877009633e-05	0.000302163424431	0.000791536796608	0	0	0	0	0.00098531551445	0.00271618643483	0.000141228557071	0.0155252881227	0.00109698460609	0.00265706750397	2.29906953372e-05	0	7.22564710596e-05	2.95594654335e-05	0.000722564710596	0.000187209947745	3.9412620578e-05	0	4.59813906743e-05
0	2.62750803853e-05	4.92657757225e-05	0	2.29906953372e-05	0.000262750803853	0.00810914668392	0.00121850685287	0.00706799662365	7.22564710596e-05	0.00911745289371	0.034643693488	0.00122507562297	0.00686764913571	0.00252569210204	1.31375401927e-05	3.28438504817e-05	0.00431568195329	0.00658519202157	0.0148815486532	0.000101815936493	0.000505795297417	3.28438504817e-06	0.000653592624585	0.00112654407152	0.000512364067514	0.00585277415583	0.000847371342427	0.00204288749996	0.00476235831984	2.62750803853e-05	0.00135973540994	0.000193778717842	0	0.0114230911975	0	9.19627813486e-05	6.56877009633e-06	0	3.28438504817e-06	0	0	0	1.64219252408e-05	2.29906953372e-05	0.000325154119768	0.000364566740346	0.00270961766474	0.000781683641463	1.64219252408e-05	0	6.56877009633e-06	0	0	3.28438504817e-06	0.000584620538573	0	9.8531551445e-06	0	5.9118930867e-05	0.000748839790982	0.000341576045009	0.000187209947745	6.56877009633e-06	6.24033159151e-05	0	0.000180641177649	0	0	7.8825241156e-05	0.00365223617356	0.00195749348871	0.0199395016274	0.00265378311892	0.000341576045009	1.64219252408e-05	0.000827665032138	1.31375401927e-05	3.28438504817e-06	5.58345458188e-05	1.9706310289e-05	6.56877009633e-06	0	3.28438504817e-06
0	0.000312016579576	3.28438504817e-06	0	0.00623376282142	0.000147797327167	0.00989913653517	3.28438504817e-05	0.00043025444131	0.00902549011236	0.00765590154727	0.00122507562297	0.0297893723869	0.000344860430057	7.22564710596e-05	0.00471966131421	1.9706310289e-05	0.000748839790982	0.000105100321541	0.00120536931268	0.00683480528523	0	0.000282457114142	2.95594654335e-05	0.00890725225062	2.29906953372e-05	0.000118237861734	0.000328438504817	0.00220382236732	0.000522217222658	0	0	0.000177356792601	0	0.000486088987128	0	5.58345458188e-05	0	0	0.00127762578374	0	3.28438504817e-06	1.64219252408e-05	9.8531551445e-06	0.00139257926042	0	2.62750803853e-05	0.00344203553048	6.56877009633e-06	9.8531551445e-06	0	3.28438504817e-06	0	9.8531551445e-06	2.62750803853e-05	0.000312016579576	0	4.92657757225e-05	6.56877009633e-06	0.00301834985926	1.31375401927e-05	2.95594654335e-05	4.26970056262e-05	0.00122836000801	0.00023319133842	4.26970056262e-05	0	0	4.26970056262e-05	0.000279172729094	0.000335007274913	4.92657757225e-05	0.00272932397503	0.000111669091638	0.00193778717842	9.8531551445e-06	0	0.000541923532947	3.28438504817e-06	0.000131375401927	2.29906953372e-05	1.31375401927e-05	0	3.28438504817e-06
0	8.86783963005e-05	2.62750803853e-05	0	0	0.000220053798227	0.000581336153525	3.61282355298e-05	0.000525501607706	2.29906953372e-05	0.000249613263661	0.00686764913571	0.000344860430057	0.0245639157752	0.000656877009633	9.8531551445e-06	0	8.86783963005e-05	0.000367851125395	0.000157650482312	0	7.55408561078e-05	1.64219252408e-05	9.8531551445e-05	6.56877009633e-05	0.0022300974477	0.00719937202558	0.00531741939298	8.21096262041e-05	0.000650308239537	0	0.00171116461009	0.000341576045009	0	0.00189180578774	0	0.000502510912369	3.28438504817e-06	0	0	0	0	0	0	7.22564710596e-05	3.28438504817e-06	0.000922912198535	3.28438504817e-05	0.0107103796421	0	0	3.28438504817e-06	0	7.55408561078e-05	3.28438504817e-06	3.28438504817e-06	0	7.8825241156e-05	0	6.56877009633e-06	0.00737016004808	0.00793178989132	0.00408577499992	3.28438504817e-06	1.31375401927e-05	0	0.00464412045811	0	0	1.31375401927e-05	0.000243044493564	0.00597101201756	0.00257167349271	0.000243044493564	0.000167503637456	2.62750803853e-05	0.00121850685287	6.56877009633e-06	7.22564710596e-05	6.89720860115e-05	0	0	0	2.95594654335e-05
0.00469338623383	0	3.28438504817e-05	0	0.000259466418805	0.00183268685688	0.00477878024508	0.0145334038381	0.0204650032351	0.00019706310289	0.0125364977288	0.00252569210204	7.22564710596e-05	0.000656877009633	0.0406245586608	0.000436823211406	0	0.00019706310289	0.00105100321541	0.00155679851283	0.000413832516069	0.000154366097264	0	0.000292310269287	0.0015206702773	0	0.000308732194528	8.21096262041e-05	0.00881857385432	0.00659832956176	0.00176699915591	0.000154366097264	0.000693005245163	0.000134659786975	0.0041251876205	0	0	0	0	9.8531551445e-06	0	0	2.95594654335e-05	1.31375401927e-05	6.56877009633e-06	0.000995168669594	6.56877009633e-06	0.00219396921217	3.28438504817e-06	3.28438504817e-05	0	3.28438504817e-06	0	6.56877009633e-06	0	0.00043025444131	0	3.28438504817e-06	0	7.22564710596e-05	0	0	3.28438504817e-06	4.59813906743e-05	0.000101815936493	0	0	0	0	0.000226622568323	0.00125135070335	1.31375401927e-05	0.00455215767676	0.00108713145094	0.00051893283761	0	0	2.29906953372e-05	3.61282355298e-05	0.00023319133842	0.000144512942119	6.56877009633e-06	0	3.9412620578e-05
5.25501607706e-05	3.28438504817e-06	6.56877009633e-06	0	0.0016980270699	0.00268991135445	0.00444377297017	0.000719280325548	0.000709427170404	0.00421715040184	0.00124149754821	1.31375401927e-05	0.00471966131421	9.8531551445e-06	0.000436823211406	0.0132557780544	9.52471663968e-05	1.64219252408e-05	0	1.31375401927e-05	0.000420401286165	3.61282355298e-05	8.21096262041e-05	2.62750803853e-05	0.00333036643884	0	3.28438504817e-06	2.95594654335e-05	0.00232206022905	0.000216769413179	2.95594654335e-05	0	0.00016093486736	0	9.8531551445e-06	3.28438504817e-06	0	0	0	0.000390841820732	0	0	0	5.58345458188e-05	0.000183925562697	3.28438504817e-06	3.9412620578e-05	9.52471663968e-05	1.31375401927e-05	7.55408561078e-05	0	0.000105100321541	0	1.31375401927e-05	9.8531551445e-06	0.000101815936493	0	3.61282355298e-05	2.29906953372e-05	0.000870362037764	0	9.8531551445e-06	9.8531551445e-06	0.000371135510443	0.000341576045009	0	0	0	0	0.000568198613333	0.00105428760046	6.56877009633e-06	6.89720860115e-05	1.9706310289e-05	0.00296579969849	0.00023319133842	0	0.000499226527321	4.92657757225e-05	0.000476235831984	0.000177356792601	2.95594654335e-05	0	2.62750803853e-05
3.28438504817e-06	0.000587904923622	0.000203631872986	0	3.28438504817e-06	0	6.56877009633e-06	1.64219252408e-05	6.56877009633e-06	0.00275888344046	2.29906953372e-05	3.28438504817e-05	1.9706310289e-05	0	0	9.52471663968e-05	0.0237756633637	5.9118930867e-05	0	4.26970056262e-05	0	0.00386572120169	0.00933422230689	0.00756722315097	0.0133970066115	7.22564710596e-05	9.8531551445e-05	0.00274903028531	0.00405293114944	0	1.9706310289e-05	0	0	0	8.53940112523e-05	1.31375401927e-05	0.000144512942119	1.31375401927e-05	0	0	0	0	3.28438504817e-06	6.56877009633e-06	4.92657757225e-05	0	0	0	9.8531551445e-06	1.64219252408e-05	0	0.00284099306666	0	0	6.56877009633e-06	0	0.00301506547422	0.00566884859313	0.00477221147498	0.00026931957395	1.64219252408e-05	8.21096262041e-05	0.00220710675237	0.00120536931268	1.9706310289e-05	1.31375401927e-05	3.28438504817e-06	0	0	3.28438504817e-05	0.00448975436084	0.00028574149919	0.000147797327167	9.52471663968e-05	1.9706310289e-05	0	0	0.000433538826358	0.000203631872986	0	3.28438504817e-06	3.28438504817e-06	0	0
3.28438504817e-06	4.26970056262e-05	0.00855910743552	0	6.56877009633e-06	1.64219252408e-05	0.00302820301441	0.000305447809479	0.00138601049033	6.56877009633e-06	0.00323840365749	0.00431568195329	0.000748839790982	8.86783963005e-05	0.00019706310289	1.64219252408e-05	5.9118930867e-05	0.0303936992357	3.9412620578e-05	0.00936049738727	7.8825241156e-05	0.000936049738727	1.31375401927e-05	0.0114263755826	0.000177356792601	6.56877009633e-06	0.00775443309872	0.00590203993155	0.000505795297417	0.00182283370173	0.000624033159151	0	0	3.9412620578e-05	0.0104377756831	0	0.00147140450158	0.000512364067514	0	0	0	0	0	1.9706310289e-05	3.28438504817e-06	4.59813906743e-05	3.28438504817e-06	0.00190165894289	7.8825241156e-05	1.31375401927e-05	0	2.29906953372e-05	5.9118930867e-05	9.8531551445e-06	0.000108384706589	0.000318585349672	6.56877009633e-06	2.62750803853e-05	1.31375401927e-05	1.31375401927e-05	0.000203631872986	0.000548492303044	0.00161263305865	9.8531551445e-06	5.9118930867e-05	0	9.8531551445e-06	0	0	7.55408561078e-05	0.00292638707792	0.00137615733518	0.0107300859524	0.00194764033356	3.61282355298e-05	0	0	3.28438504817e-05	1.64219252408e-05	6.24033159151e-05	2.62750803853e-05	3.28438504817e-06	0	0
0	0	9.8531551445e-06	0	6.56877009633e-06	9.19627813486e-05	0.00203631872986	0.000446676366551	0.00252569210204	0	0.00223338183275	0.00658519202157	0.000105100321541	0.000367851125395	0.00105100321541	0	0	3.9412620578e-05	0.0086806296823	0.00413832516069	0	6.24033159151e-05	0	8.53940112523e-05	0.000397410590828	0	0.00272603958998	0.000177356792601	0.000758692946126	0.000936049738727	1.31375401927e-05	1.9706310289e-05	1.64219252408e-05	0	0.00145498257634	0	6.56877009633e-06	3.28438504817e-06	0	0	0	0	0	0	0	4.92657757225e-05	3.28438504817e-06	0.000177356792601	3.9412620578e-05	0	0	0	0	1.31375401927e-05	3.28438504817e-06	2.62750803853e-05	0	0	0	3.28438504817e-06	6.89720860115e-05	0.000364566740346	0.000387557435684	0	9.8531551445e-06	0	3.28438504817e-06	0	0	9.8531551445e-06	0.000834233802234	0.000170788022505	0.00462112976277	0.000371135510443	9.52471663968e-05	0	0	0	0	6.56877009633e-06	0	0	0	0
0	3.61282355298e-05	0.00019706310289	0	2.29906953372e-05	3.28438504817e-05	0.00776428625386	0.00101159059483	0.00594145255213	9.8531551445e-06	0.00893352733101	0.0148815486532	0.00120536931268	0.000157650482312	0.00155679851283	1.31375401927e-05	4.26970056262e-05	0.00936049738727	0.00413832516069	0.0235129125598	0.000121522246782	0.00023319133842	0	0.000778399256415	0.000916343428438	3.28438504817e-06	0.00306104686489	0.00157650482312	0.00168817391476	0.00309717510042	2.95594654335e-05	0	0	0	0.0104509132233	0	0.000449960751599	3.28438504817e-05	0	3.28438504817e-06	0	0	0	1.64219252408e-05	0	0.000302163424431	3.28438504817e-06	0.00338291659961	0.000114953476686	1.64219252408e-05	0	6.56877009633e-06	0	0	6.56877009633e-06	0.000742271020885	0	6.56877009633e-06	0	1.31375401927e-05	0.000282457114142	0.000289025884239	0.000551776688092	6.56877009633e-06	5.58345458188e-05	0	9.8531551445e-06	0	0	6.56877009633e-05	0.00265706750397	0.000417116901117	0.0164613378614	0.0020658781953	0.000174072407553	0	0	1.31375401927e-05	9.8531551445e-06	3.61282355298e-05	1.31375401927e-05	6.56877009633e-06	0	3.28438504817e-06
3.28438504817e-06	3.28438504817e-06	0	0	0.00854268551028	2.62750803853e-05	0.000771830486319	3.61282355298e-05	0.00051893283761	0.00457186398705	0.00543237286967	0.000101815936493	0.00683480528523	0	0.000413832516069	0.000420401286165	0	7.8825241156e-05	0	0.000121522246782	0.0174400846058	3.28438504817e-06	1.64219252408e-05	6.56877009633e-06	0.00491344003206	0	1.64219252408e-05	9.8531551445e-06	0.00391498697741	0.000151081712216	0	0	2.62750803853e-05	0	8.21096262041e-05	0	3.28438504817e-06	0	0	0.00150424835206	0	3.28438504817e-06	1.64219252408e-05	3.28438504817e-06	0.00129404770898	4.92657757225e-05	0	0.0015272390474	0	3.28438504817e-06	0	3.28438504817e-06	0	0	0	0.00127762578374	0	1.9706310289e-05	3.28438504817e-06	0.0038525836615	0	0	9.8531551445e-06	0.00219396921217	6.24033159151e-05	3.28438504817e-05	0	0	3.28438504817e-05	6.89720860115e-05	0.000292310269287	9.8531551445e-06	0.000325154119768	8.53940112523e-05	0.000377704280539	0	0	0.000128091016878	0	2.95594654335e-05	6.56877009633e-06	0	0	0
6.56877009633e-06	3.9412620578e-05	0.000945902893872	0	0	1.31375401927e-05	1.64219252408e-05	0.00527143800231	5.9118930867e-05	0.000236475723468	9.8531551445e-05	0.000505795297417	0	7.55408561078e-05	0.000154366097264	3.61282355298e-05	0.00386572120169	0.000936049738727	6.24033159151e-05	0.00023319133842	3.28438504817e-06	0.0477680961405	0.00333036643884	0.0288336163378	0.00220710675237	0	0.00039412620578	0.00203631872986	0.0114723569732	0.000243044493564	0.0201267115752	4.26970056262e-05	0	0.00252569210204	0.00757707630612	0	0.000118237861734	6.56877009633e-05	0	3.28438504817e-06	0	3.28438504817e-06	0	1.31375401927e-05	3.28438504817e-06	3.28438504817e-06	0	1.31375401927e-05	2.62750803853e-05	9.8531551445e-06	0	0.00232862899915	6.56877009633e-06	0	6.56877009633e-06	6.56877009633e-06	0.000919627813486	0.00327781627807	0.00319899103691	4.92657757225e-05	0	5.9118930867e-05	0.000564914228284	0.000298879039383	3.9412620578e-05	6.56877009633e-06	0	0	0	5.9118930867e-05	0.00690377737124	0.00213813466636	0.0042894068729	0.00137615733518	2.62750803853e-05	0	0	5.9118930867e-05	3.61282355298e-05	3.9412620578e-05	6.56877009633e-05	1.31375401927e-05	0	0
0	0.00452916698142	3.28438504817e-06	0	0.000137944172023	9.8531551445e-06	5.25501607706e-05	3.28438504817e-06	0	0.0103556660569	0	3.28438504817e-06	0.000282457114142	1.64219252408e-05	0	8.21096262041e-05	0.00933422230689	1.31375401927e-05	0	0	1.64219252408e-05	0.00333036643884	0.0309454759238	0.00694975876192	0.0104049318326	0.000781683641463	1.9706310289e-05	0.00852297919999	0.00242716055059	0	0	0	0	0	0	0	0.00494956826759	9.8531551445e-06	0	0	0	0	0	0	0.000538639147899	0	0	0	0.00016093486736	0	0	0.00675269565903	3.28438504817e-06	0	3.28438504817e-06	0	0.0035865484726	0.0157026449153	0.00749496667991	0.00153052343245	0.000453245136647	1.9706310289e-05	0.00842773203359	0.0025092701768	0	3.28438504817e-06	0.000101815936493	0	0	9.8531551445e-06	1.64219252408e-05	3.28438504817e-06	0	0	0	0	0	8.21096262041e-05	5.58345458188e-05	0	0	0	0	3.28438504817e-06
3.28438504817e-06	0.000154366097264	0.0118533456388	0	6.56877009633e-06	9.52471663968e-05	0.000118237861734	0.00540938217433	0.000200347487938	0.000919627813486	0.000312016579576	0.000653592624585	2.95594654335e-05	9.8531551445e-05	0.000292310269287	2.62750803853e-05	0.00756722315097	0.0114263755826	8.53940112523e-05	0.000778399256415	6.56877009633e-06	0.0288336163378	0.00694975876192	0.0738723885033	0.00317600034158	3.28438504817e-06	0.00333365082389	0.0145071287577	0.00871347353278	0.000167503637456	0.0102604188905	3.61282355298e-05	3.28438504817e-06	0.000144512942119	0.0118697675641	0	0.00189509017279	0.000597758078766	0	6.56877009633e-06	0	6.56877009633e-06	0	2.29906953372e-05	9.8531551445e-06	3.28438504817e-06	3.28438504817e-06	7.8825241156e-05	5.9118930867e-05	6.56877009633e-06	0	0.00433867264863	2.95594654335e-05	0	7.22564710596e-05	9.8531551445e-06	0.0016159174437	0.00556046388654	0.00616807512045	0.000111669091638	4.92657757225e-05	0.000417116901117	0.00491344003206	0.000564914228284	5.9118930867e-05	9.8531551445e-06	6.56877009633e-06	0	0	9.8531551445e-05	0.0126514512055	0.00419744409156	0.00834233802234	0.00271290204978	9.19627813486e-05	9.8531551445e-06	0	0.000105100321541	7.55408561078e-05	7.22564710596e-05	7.55408561078e-05	1.9706310289e-05	0	0
0.00100502182474	0.00490358687691	0.000157650482312	0	0.0122113436091	0.000282457114142	0.00353399831183	0.00467696430859	0.00270961766474	0.0383616173626	0.00389528066712	0.00112654407152	0.00890725225062	6.56877009633e-05	0.0015206702773	0.00333036643884	0.0133970066115	0.000177356792601	0.000397410590828	0.000916343428438	0.00491344003206	0.00220710675237	0.0104049318326	0.00317600034158	0.0711135050629	0.000817811876993	0.000243044493564	0.00470323938897	0.0336550935886	0.000896637118149	0.000275888344046	9.8531551445e-06	2.62750803853e-05	3.28438504817e-06	0.000853940112523	1.64219252408e-05	0.000804674336801	3.9412620578e-05	0	0.000804674336801	3.28438504817e-06	3.61282355298e-05	0.000384273050635	0.000190494332794	0.00648666047013	9.8531551445e-06	9.8531551445e-06	0.000499226527321	4.26970056262e-05	0.000275888344046	0	0.00198705295414	3.61282355298e-05	3.28438504817e-06	8.21096262041e-05	0.000998453054642	0.00324168804254	0.00695961191706	0.00277858975075	0.0164744754016	0.000183925562697	0.00016093486736	0.00135316663984	0.00988928338003	0.00126448824354	0.000844086957379	0	3.28438504817e-06	0.000525501607706	0.00541266655938	0.00549806057063	0.00028574149919	0.00213813466636	0.000571482998381	0.000213485028131	6.56877009633e-06	0	0.00192793402327	0.000660161394681	0.00449960751599	0.0030347717845	7.8825241156e-05	4.59813906743e-05	0.000128091016878
0	0.00238774793002	0	0	0	0	0	0	0	0.00157650482312	0	0.000512364067514	2.29906953372e-05	0.0022300974477	0	0	7.22564710596e-05	6.56877009633e-06	0	3.28438504817e-06	0	0	0.000781683641463	3.28438504817e-06	0.000817811876993	0.00798105566704	0.000252897648709	0.00252897648709	1.31375401927e-05	0	0	1.64219252408e-05	0	0	6.56877009633e-06	0	0.000702858400307	0	0	0	0	0	0	0	1.64219252408e-05	0	0.000131375401927	0	0.00237461038982	0	0	9.8531551445e-06	0	6.56877009633e-06	0	0	6.56877009633e-06	2.95594654335e-05	6.56877009633e-06	0	0.00264721434882	0.000742271020885	0.00158635797826	3.28438504817e-06	0	0	0.000936049738727	0	0	0	0	0.00101159059483	6.56877009633e-06	0	0	0	8.86783963005e-05	0	3.28438504817e-06	0	0	0	0	1.64219252408e-05
3.28438504817e-06	0.000982031129401	0.00756722315097	0	0	6.56877009633e-05	0.000922912198535	0.000154366097264	0.000584620538573	0.000144512942119	0.000919627813486	0.00585277415583	0.000118237861734	0.00719937202558	0.000308732194528	3.28438504817e-06	9.8531551445e-05	0.00775443309872	0.00272603958998	0.00306104686489	1.64219252408e-05	0.00039412620578	1.9706310289e-05	0.00333365082389	0.000243044493564	0.000252897648709	0.054619323351	0.0182611808678	0.000364566740346	0.000417116901117	2.95594654335e-05	0.00232206022905	4.26970056262e-05	0	0.00201004364948	0	0.00700230892269	0.000413832516069	0	3.28438504817e-06	0	0	0	3.28438504817e-06	0.000164219252408	1.31375401927e-05	0.000101815936493	0.000479520217032	0.0061844970457	0	0	2.95594654335e-05	2.29906953372e-05	0.00012480663183	0.000187209947745	0.00012480663183	3.28438504817e-06	0.000177356792601	3.28438504817e-06	0.000131375401927	0.00940647877795	0.0106972421019	0.0129306239346	1.64219252408e-05	4.26970056262e-05	0	0.00183268685688	0	0	6.24033159151e-05	0.00496599019283	0.00551776688092	0.00666730164778	0.00194764033356	0.00012480663183	0	1.64219252408e-05	7.22564710596e-05	0.000223338183275	0.000190494332794	2.29906953372e-05	3.28438504817e-06	0	1.31375401927e-05
6.56877009633e-06	0.0108844520496	0.0133181813703	0	1.64219252408e-05	1.64219252408e-05	0.000551776688092	0.0010707095257	0.000279172729094	0.00427626933271	0.000633886314296	0.000847371342427	0.000328438504817	0.00531741939298	8.21096262041e-05	2.95594654335e-05	0.00274903028531	0.00590203993155	0.000177356792601	0.00157650482312	9.8531551445e-06	0.00203631872986	0.00852297919999	0.0145071287577	0.00470323938897	0.00252897648709	0.0182611808678	0.0889247251791	0.000830949417186	2.62750803853e-05	0.000965609204161	1.9706310289e-05	6.56877009633e-06	6.56877009633e-06	0.00531741939298	0	0.02454749385	0.00174400846058	0	0	0	3.28438504817e-06	0	3.61282355298e-05	0.000279172729094	9.8531551445e-06	2.95594654335e-05	0.000380988665587	0.00609910303444	3.61282355298e-05	0	0.00125791947345	1.64219252408e-05	0.000174072407553	0.000351429200154	0.000105100321541	0.000101815936493	0.00532398816308	0.000335007274913	0.000213485028131	0.00987286145479	0.00761977331174	0.0350213977686	9.19627813486e-05	0.000187209947745	3.28438504817e-06	0.00113311284162	0	0	0.000229906953372	0.00903205888246	0.00276216782551	0.00488059618157	0.00172101776524	7.22564710596e-05	1.31375401927e-05	9.8531551445e-06	0.000226622568323	0.000262750803853	0.000249613263661	5.25501607706e-05	3.28438504817e-06	0	1.9706310289e-05
0.0053798227089	0.000177356792601	0.000252897648709	0	0.00685122721047	0.00146155134643	0.00660161394681	0.0249449044408	0.00872004230288	0.0188753608718	0.0153118030945	0.00204288749996	0.00220382236732	8.21096262041e-05	0.00881857385432	0.00232206022905	0.00405293114944	0.000505795297417	0.000758692946126	0.00168817391476	0.00391498697741	0.0114723569732	0.00242716055059	0.00871347353278	0.0336550935886	1.31375401927e-05	0.000364566740346	0.000830949417186	0.087013213081	0.0049298619573	0.0141688370978	1.31375401927e-05	3.28438504817e-05	0.000348144815106	0.00537653832385	9.8531551445e-06	0.000308732194528	6.56877009633e-05	0	0.000190494332794	3.28438504817e-06	5.25501607706e-05	0.000351429200154	0.000246328878612	0.00476892708994	3.61282355298e-05	2.62750803853e-05	0.000890068348053	3.28438504817e-05	0.000361282355298	0	0.00373434579976	4.59813906743e-05	1.64219252408e-05	0.000105100321541	0.00127105701364	0.00196734664385	0.00813213737926	0.00145826696139	0.012753267142	6.56877009633e-06	0.000164219252408	0.000702858400307	0.00900578380207	0.00159949551846	0.000781683641463	0	3.28438504817e-06	0.000446676366551	0.0058100771502	0.00651950432061	0.000312016579576	0.0076099201566	0.00343546676038	0.000975462359305	9.8531551445e-06	0	0.0018885214027	0.000656877009633	0.00460470783753	0.00287383691714	0.000121522246782	3.9412620578e-05	0.000180641177649
0.00492657757225	0	9.8531551445e-06	0	0.000101815936493	5.25501607706e-05	0.00194764033356	0.00485103671614	0.00206916258034	0.000420401286165	0.00313330333595	0.00476235831984	0.000522217222658	0.000650308239537	0.00659832956176	0.000216769413179	0	0.00182283370173	0.000936049738727	0.00309717510042	0.000151081712216	0.000243044493564	0	0.000167503637456	0.000896637118149	0	0.000417116901117	2.62750803853e-05	0.0049298619573	0.0210430550036	0.00243701370574	0.000193778717842	0.000387557435684	0.00111012214628	0.00526158484716	0	6.56877009633e-06	3.28438504817e-06	0	0	0	0	6.56877009633e-06	1.9706310289e-05	4.92657757225e-05	0.000137944172023	9.8531551445e-06	0.000722564710596	3.28438504817e-06	1.9706310289e-05	0	0	0	3.28438504817e-06	6.56877009633e-06	0.000190494332794	0	0	0	0.000252897648709	0	1.31375401927e-05	1.64219252408e-05	3.28438504817e-05	5.9118930867e-05	0	0	0	0	0.000174072407553	0.000545207917995	9.8531551445e-06	0.00448318559075	0.000492657757225	0.000266035188901	6.56877009633e-06	0	5.9118930867e-05	1.64219252408e-05	0.000164219252408	9.8531551445e-05	0	0	0
0.00184254001202	0	0.000331722889865	0	9.8531551445e-06	1.31375401927e-05	1.64219252408e-05	0.0165500162577	7.8825241156e-05	0.000101815936493	0.000200347487938	2.62750803853e-05	0	0	0.00176699915591	2.95594654335e-05	1.9706310289e-05	0.000624033159151	1.31375401927e-05	2.95594654335e-05	0	0.0201267115752	0	0.0102604188905	0.000275888344046	0	2.95594654335e-05	0.000965609204161	0.0141688370978	0.00243701370574	0.0449566625393	0	0	0.00267677381425	0.0118237861734	0	4.26970056262e-05	2.95594654335e-05	0	6.56877009633e-06	0	0	0	3.28438504817e-06	1.31375401927e-05	0	0	6.56877009633e-06	0	6.56877009633e-06	0	3.28438504817e-06	0	0	0	6.56877009633e-06	0	1.31375401927e-05	0	6.24033159151e-05	0	6.56877009633e-06	4.26970056262e-05	3.28438504817e-05	2.95594654335e-05	0	0	0	0	7.22564710596e-05	0.000637170699344	6.56877009633e-06	0.00495613703768	0.000472951446936	3.28438504817e-06	0	0	3.9412620578e-05	0	2.29906953372e-05	6.56877009633e-06	6.56877009633e-06	0	0
0	0	0	0	0	2.29906953372e-05	5.9118930867e-05	9.8531551445e-06	9.52471663968e-05	0	3.9412620578e-05	0.00135973540994	0	0.00171116461009	0.000154366097264	0	0	0	1.9706310289e-05	0	0	4.26970056262e-05	0	3.61282355298e-05	9.8531551445e-06	1.64219252408e-05	0.00232206022905	1.9706310289e-05	1.31375401927e-05	0.000193778717842	0	0.00257495787776	2.95594654335e-05	0	0.000348144815106	0	3.28438504817e-06	0	0	0	0	0	0	0	0	0	1.64219252408e-05	0	0.000729133480693	0	0	0	0	3.28438504817e-06	0	0	0	0	0	0	0.000499226527321	0.000656877009633	0.000282457114142	0	0	0	0.000512364067514	0	0	0	0.000101815936493	0.000328438504817	0.000574767383429	0.00012480663183	1.31375401927e-05	0	9.8531551445e-06	0	0	0	0	0	0	6.56877009633e-06
0	0	0	0	1.31375401927e-05	0.000279172729094	0.000433538826358	6.56877009633e-06	0.00028574149919	6.89720860115e-05	0.000302163424431	0.000193778717842	0.000177356792601	0.000341576045009	0.000693005245163	0.00016093486736	0	0	1.64219252408e-05	0	2.62750803853e-05	0	0	3.28438504817e-06	2.62750803853e-05	0	4.26970056262e-05	6.56877009633e-06	3.28438504817e-05	0.000387557435684	0	2.95594654335e-05	0.002318775844	0	0.000528785992755	0	0	0	0	6.56877009633e-06	0	0	0	9.8531551445e-06	0	0	9.8531551445e-06	3.28438504817e-06	1.31375401927e-05	9.8531551445e-06	0	0	0	6.56877009633e-06	0	1.31375401927e-05	0	0	0	9.8531551445e-06	0	0	0	6.56877009633e-06	7.55408561078e-05	0	0	0	0	7.55408561078e-05	0.000256182033757	3.28438504817e-06	0.000144512942119	7.55408561078e-05	0.000853940112523	0.000154366097264	0	0	9.8531551445e-06	4.26970056262e-05	3.28438504817e-06	0	0	1.9706310289e-05
2.62750803853e-05	0	3.28438504817e-06	0	0	0	0	0.000157650482312	3.28438504817e-06	0	0	0	0	0	0.000134659786975	0	0	3.9412620578e-05	0	0	0	0.00252569210204	0	0.000144512942119	3.28438504817e-06	0	0	6.56877009633e-06	0.000348144815106	0.00111012214628	0.00267677381425	0	0	0.00548820741548	0.00270633327969	0	0	0	0	0	0	0	0	0	0	0	0	0	0	0	0	0	0	0	0	0	0	0	0	0	0	0	0	0	0	0	0	0	0	0	3.28438504817e-06	0	0.000118237861734	6.56877009633e-06	0	0	0	0	0	0	0	0	0	0
0.000426970056262	1.31375401927e-05	0.00178013669611	0	1.64219252408e-05	0.000220053798227	0.00469338623383	0.00613194688493	0.00404307799429	0.000256182033757	0.00656548571128	0.0114230911975	0.000486088987128	0.00189180578774	0.0041251876205	9.8531551445e-06	8.53940112523e-05	0.0104377756831	0.00145498257634	0.0104509132233	8.21096262041e-05	0.00757707630612	0	0.0118697675641	0.000853940112523	6.56877009633e-06	0.00201004364948	0.00531741939298	0.00537653832385	0.00526158484716	0.0118237861734	0.000348144815106	0.000528785992755	0.00270633327969	0.0512232692112	0	0.000522217222658	0.000252897648709	0	3.28438504817e-06	0	0	0	1.64219252408e-05	3.28438504817e-05	0.000292310269287	3.28438504817e-06	0.00289354322743	5.9118930867e-05	1.31375401927e-05	0	3.28438504817e-06	1.64219252408e-05	0	9.8531551445e-06	0.000725849095645	3.28438504817e-06	1.64219252408e-05	9.8531551445e-06	0.000154366097264	3.61282355298e-05	0.000167503637456	0.000532070377803	2.62750803853e-05	3.61282355298e-05	0	0	0	0	0.000144512942119	0.00381317104092	0.000305447809479	0.0277234941916	0.00252240771699	3.61282355298e-05	5.9118930867e-05	3.28438504817e-06	8.53940112523e-05	1.31375401927e-05	5.9118930867e-05	6.24033159151e-05	6.56877009633e-06	3.28438504817e-06	3.28438504817e-06
0	0	0	0	0	0	0	0	0	3.28438504817e-06	0	0	0	0	0	3.28438504817e-06	1.31375401927e-05	0	0	0	0	0	0	0	1.64219252408e-05	0	0	0	9.8531551445e-06	0	0	0	0	0	0	0.0162642747585	0	0.00405293114944	0	6.24033159151e-05	3.28438504817e-06	8.21096262041e-05	0.00256510472262	0.00400038098867	9.8531551445e-06	0.000252897648709	1.9706310289e-05	0.000387557435684	0	0.0144085972063	1.31375401927e-05	0.000177356792601	0.00393797767275	9.52471663968e-05	0.00174729284562	0.000384273050635	0.000610895618959	2.29906953372e-05	0.000982031129401	0.00094918727892	0	0.00258481103291	0.000361282355298	0.00177356792601	0.0104147849877	0.0123722784764	0	0	0.00101487497988	0.000725849095645	3.28438504817e-06	0	0	0	3.28438504817e-06	0	0	5.9118930867e-05	3.9412620578e-05	0.00100173743969	0.000256182033757	3.28438504817e-05	0	0
0	0.00822081577556	0.0037573364951	0	0.000157650482312	3.28438504817e-06	6.56877009633e-05	2.62750803853e-05	3.28438504817e-05	0.000794821181656	6.89720860115e-05	9.19627813486e-05	5.58345458188e-05	0.000502510912369	0	0	0.000144512942119	0.00147140450158	6.56877009633e-06	0.000449960751599	3.28438504817e-06	0.000118237861734	0.00494956826759	0.00189509017279	0.000804674336801	0.000702858400307	0.00700230892269	0.02454749385	0.000308732194528	6.56877009633e-06	4.26970056262e-05	3.28438504817e-06	0	0	0.000522217222658	0	0.0500211842836	0.00246657317117	0	3.28438504817e-06	9.8531551445e-06	6.56877009633e-06	0	9.8531551445e-06	0.00587904923622	6.56877009633e-06	1.64219252408e-05	8.86783963005e-05	0.00275559905541	1.9706310289e-05	2.29906953372e-05	0.00178013669611	0.000101815936493	3.28438504817e-05	0.000229906953372	2.62750803853e-05	0.000210200643083	0.0133608783759	0.000239760108516	0.00213813466636	0.0105264540794	0.00432225072339	0.0427462714019	0.000151081712216	8.21096262041e-05	3.28438504817e-06	0.000725849095645	0	0	0.000111669091638	0.00138601049033	0.00159949551846	0.000548492303044	0.000246328878612	9.8531551445e-06	0	6.56877009633e-06	0.000249613263661	0.000249613263661	0.000101815936493	1.9706310289e-05	2.29906953372e-05	0	5.9118930867e-05
