0.028717625235	4.14994584321e-06	0.000821689276955	0	3.31995667457e-05	6.22491876481e-05	0.00075114019762	0.0101092680741	0.0116073985234	0.000132798266983	0.00374740109642	0.00288836230687	0.00112878526935	2.0749729216e-05	0.0168155805567	0.000107898591923	0.000522893176244	0.000340295559143	0.000805089493582	0.00288421236103	0.00172222752493	0.000290496209024	0.000273896425652	0.00307095992397	0.000684741064129	1.24498375296e-05	0.00166412828313	0.000165997833728	0.00296306133205	0.0199280399391	0.0147904069852	0	0.00023239696722	0.0011329352152	0.00917968020517	5.80992418049e-05	0	0.00023239696722	0	2.90496209024e-05	0	3.31995667457e-05	0.000182597617101	7.46990251777e-05	0.00042744442185	0.000211647238004	7.46990251777e-05	8.71488627073e-05	4.14994584321e-06	0.000170147779571	0	2.90496209024e-05	1.24498375296e-05	0	0	0.000141098158669	0.000157697942042	3.31995667457e-05	0.000149398050355	0.000639091659854	4.14994584321e-06	5.80992418049e-05	0.000182597617101	0.000141098158669	3.31995667457e-05	1.65997833728e-05	0	0	0	0.000136948212826	0.000883938464603	0.000356895342516	0.00469773869451	0.000929587868878	0.000921287977192	0.000265596533965	8.29989168641e-06	0.000356895342516	5.80992418049e-05	0.000132798266983	8.29989168641e-05	2.90496209024e-05	0	0
4.14994584321e-06	0.0248623255467	0.000900538247976	0	0	0	0	0	0	0.00245261799334	0	1.24498375296e-05	0	0.000273896425652	4.14994584321e-06	0	0.000896388302133	0.000269746479808	8.29989168641e-06	3.73495125889e-05	0	7.05490793345e-05	0.00568127585935	0.000377645071732	0.00238621885984	0.00217872156768	0.00303361041138	0.021226972988	4.14994584321e-05	8.29989168641e-06	6.22491876481e-05	4.14994584321e-06	0	0	0.000124498375296	4.14994584321e-06	0.0110181062137	0.000937887760565	0	0	0	0	8.29989168641e-05	1.65997833728e-05	0.000170147779571	1.24498375296e-05	1.65997833728e-05	0	1.65997833728e-05	1.24498375296e-05	0	0.000190897508788	0.000203347346317	0	6.22491876481e-05	0	3.31995667457e-05	0.00123253391543	4.97993501185e-05	0.000157697942042	0.000319545829927	0.000319545829927	0.0129810305976	9.9598700237e-05	4.14994584321e-06	8.29989168641e-06	4.14994584321e-06	0	0	0.000186747562944	0.000527043122087	0.000390094909261	0.000186747562944	7.05490793345e-05	4.14994584321e-06	0	0	0.000850738897857	0.00065984138907	0.000215797183847	2.0749729216e-05	0	0	0
0.000821689276955	0.000900538247976	0.0417443052368	0	0	0	8.29989168641e-06	0.000701340847502	0.000589292309735	0	8.29989168641e-06	0.000161847887885	8.29989168641e-06	1.24498375296e-05	0.000307095992397	0	0.00075114019762	0.00844928973677	2.48996750592e-05	0.000419144530164	8.29989168641e-06	0.00222022102612	0.000145248104512	0.0178738167467	0.000477243771969	0	0.00786829731872	0.0125950856341	0.000834139114485	0.000369345180045	0.00265181539381	0	8.29989168641e-06	4.14994584321e-05	0.000435744313537	7.46990251777e-05	0.00101673673159	0.0081546435819	0	4.14994584321e-06	0	0	7.46990251777e-05	1.65997833728e-05	0.000228247021376	2.48996750592e-05	1.65997833728e-05	4.14994584321e-06	0	6.63991334913e-05	0	0.00267256512303	0.00115783489025	4.14994584321e-06	2.48996750592e-05	8.29989168641e-06	0.000406694692634	0.00336975602468	0.00542812916291	0.000846588952014	4.14994584321e-06	0.0017388273083	0.0100802184531	0.000236546913063	5.80992418049e-05	4.14994584321e-05	0	0	0	0.00010374864608	0.00380965028406	0.000883938464603	0.000605892093108	0.00011619848361	2.48996750592e-05	2.90496209024e-05	1.24498375296e-05	0.000717940630875	0.000224097075533	0.000518743230401	0.000124498375296	4.14994584321e-06	0	0
0	0	0	0	0	0	0	0	0	0	0	0	0	0	0	0	0	0	0	0	0	0	0	0	0	0	0	0	0	0	0	0	0	0	0	0	0	0	0	0	0	0	0	0	0	0	0	0	0	0	0	0	0	0	0	0	0	0	0	0	0	0	0	0	0	0	0	0	0	0	0	0	0	0	0	0	0	0	0	0	0	0	0	0
3.31995667457e-05	0	0	0	0.017072877199	0	0.000178447671258	0.000381795017575	4.14994584321e-05	0.000199197400474	0.00101258678574	5.80992418049e-05	0.00194217465462	0	4.56494042753e-05	6.22491876481e-05	0	0	5.80992418049e-05	0.000170147779571	0.00331995667457	0	0	0	0.0040627969805	0	0.000120348429453	0	0.00693870944984	8.29989168641e-05	0	0	4.14994584321e-06	4.14994584321e-06	0.000240696858906	0	0	0	0	0.00723335560471	0	8.29989168641e-05	8.29989168641e-06	0.000149398050355	0.00218702145937	0.00160602904132	6.22491876481e-05	0.0013445824532	4.14994584321e-06	4.97993501185e-05	4.14994584321e-06	0	0	0	0	0.00600497163512	0	0	0	0.00280951333585	0	8.29989168641e-06	0	0.00133628256151	0.000120348429453	0	4.14994584321e-06	0	0	0.00021994712969	9.12988085505e-05	0	7.05490793345e-05	3.73495125889e-05	0.000203347346317	3.73495125889e-05	0	0.000136948212826	4.14994584321e-06	0.000186747562944	1.65997833728e-05	0.000161847887885	8.29989168641e-06	0
6.22491876481e-05	0	0	0	0	0.00411259633062	0.00270161474393	0.000377645071732	0.00231981972635	0	0.000265596533965	8.29989168641e-06	0	6.63991334913e-05	0.00098353716484	0.000522893176244	4.14994584321e-06	0	1.24498375296e-05	8.29989168641e-06	0	0	4.14994584321e-06	3.73495125889e-05	8.29989168641e-06	0	1.24498375296e-05	4.14994584321e-06	2.48996750592e-05	0.000369345180045	8.29989168641e-05	0	0.00191727497956	2.48996750592e-05	0.001191034457	0	0	0	0	0	0	0	0	0	0	0	0	0	0	0	0	0	0	0	0	0	0	0	0	0	0	0	0	0	0	0	0	0	0	0	2.90496209024e-05	4.14994584321e-06	4.56494042753e-05	4.97993501185e-05	0.000518743230401	0.000713790685032	0	4.14994584321e-06	0	4.14994584321e-06	0	0	0	0
0.00075114019762	0	8.29989168641e-06	0	0.000178447671258	0.00270161474393	0.0389140421717	0.00590122298904	0.0169732784987	8.29989168641e-05	0.00947432636004	0.00222022102612	0.0110679055638	0.000174297725415	0.00818784314865	0.00143588126175	3.31995667457e-05	4.14994584321e-06	0.00128648321139	0.00130723294061	0.00602572136434	5.39492959617e-05	8.29989168641e-06	0.000145248104512	0.000331995667457	5.39492959617e-05	0.00117028472778	8.29989168641e-05	0.00255636663942	0.00839534044081	0.00127818331971	0	0.00429934389356	0.000580992418049	0.00502973436197	4.14994584321e-06	0	4.14994584321e-06	0	2.48996750592e-05	0	8.29989168641e-06	1.24498375296e-05	4.14994584321e-05	2.48996750592e-05	9.12988085505e-05	4.97993501185e-05	8.29989168641e-06	5.80992418049e-05	1.24498375296e-05	0	0	0	0	0	0.00010374864608	0	0	4.14994584321e-06	0.000120348429453	8.29989168641e-06	8.29989168641e-06	0	1.65997833728e-05	4.14994584321e-06	4.14994584321e-06	0	0	0	4.56494042753e-05	0.00087978851876	8.71488627073e-05	0.0014981304494	0.000767739980993	0.00168902795819	0.00133628256151	4.14994584321e-05	0.000165997833728	3.73495125889e-05	7.46990251777e-05	2.48996750592e-05	4.14994584321e-06	0	1.24498375296e-05
0.0101092680741	0	0.000701340847502	0	0.000381795017575	0.000377645071732	0.00590122298904	0.0526296131835	0.00932492830969	0.000257296642279	0.00956977511443	0.00182182622517	0.000178447671258	2.48996750592e-05	0.00990177078189	0.000460643988596	8.29989168641e-05	0.00106238613586	0.000460643988596	0.00294646154868	0.000385944963418	0.00188407541282	4.14994584321e-06	0.00353990380426	0.000871488627073	8.29989168641e-06	0.00176787692921	0.000107898591923	0.0204509331153	0.0174007229206	0.0134292247486	0	0.00123253391543	0.0087688355667	0.0125909356883	0.000136948212826	0	0.000149398050355	0	0.00151058028693	0	0.000278046371495	0.000626641822324	0.000381795017575	0.0035150041292	0.00200857378811	5.80992418049e-05	0.000560242688833	8.29989168641e-06	0.000302946046554	8.29989168641e-06	0.000377645071732	7.05490793345e-05	1.65997833728e-05	1.65997833728e-05	0.00244846804749	4.97993501185e-05	0.000473093826126	0.000157697942042	0.00563977640092	0	7.88489710209e-05	4.14994584321e-05	0.00186747562944	0.00045234409691	6.22491876481e-05	4.14994584321e-06	0	0	0.000244846804749	0.00251486718098	0.000195047454631	0.00866093697477	0.00322865786601	0.000585142363892	0.00143173131591	3.31995667457e-05	0.00195877443799	6.63991334913e-05	0.000278046371495	0.000141098158669	0.00023239696722	0	4.14994584321e-06
0.0116073985234	0	0.000589292309735	0	4.14994584321e-05	0.00231981972635	0.0169732784987	0.00932492830969	0.0434208833575	2.90496209024e-05	0.00590122298904	0.000888088410446	0.00142343142422	0.000365195234202	0.0206957799201	0.000535343013774	0.000444044205223	0.000141098158669	0.000290496209024	0.00064739155154	0.000800939547739	0.000269746479808	0.00023239696722	0.00238621885984	0.000456494042753	9.54487543938e-05	0.000651541497383	0.000182597617101	0.003361456133	0.0155166475078	0.00909253134247	0	0.00508783360377	0.0010084368399	0.00695530923321	3.73495125889e-05	0	0.000141098158669	0	6.63991334913e-05	0	7.46990251777e-05	0.000107898591923	0.000141098158669	0.000178447671258	0.000369345180045	0.000174297725415	4.97993501185e-05	7.88489710209e-05	9.9598700237e-05	0	3.31995667457e-05	8.29989168641e-06	0	0	0.000352745396673	8.29989168641e-05	2.48996750592e-05	0.000112048537767	0.000547792851303	4.97993501185e-05	4.56494042753e-05	0.000107898591923	0.00010374864608	2.0749729216e-05	1.24498375296e-05	0	0	0	0.000120348429453	0.00152303012446	0.000190897508788	0.00437819286458	0.00158112936626	0.00126158353633	0.00156037963705	7.46990251777e-05	0.000257296642279	4.56494042753e-05	0.000344445504986	0.000195047454631	3.31995667457e-05	0	1.24498375296e-05
0.000132798266983	0.00245261799334	0	0	0.000199197400474	0	8.29989168641e-05	0.000257296642279	2.90496209024e-05	0.0137529205244	2.90496209024e-05	4.14994584321e-06	0.000709640739188	6.22491876481e-05	0.000149398050355	0.000551942797146	0.000892238356289	1.24498375296e-05	0	3.73495125889e-05	0.000120348429453	3.31995667457e-05	0.00597177206837	7.46990251777e-05	0.0053783298128	0.00122838396959	0.000377645071732	0.00170562774156	0.00394659849689	0.000510443338714	0.000825839222798	0	0	0.000502143447028	0.00111633543182	0.000693040955816	2.90496209024e-05	0	0	0.000431594367694	0	2.0749729216e-05	0.00141098158669	0.000572692526363	0.00641166632775	0.000248996750592	3.73495125889e-05	4.14994584321e-06	4.14994584321e-06	0.00121593413206	0	0.000145248104512	1.24498375296e-05	4.14994584321e-06	4.14994584321e-06	0.000327845721613	0.000199197400474	0.00032369577577	1.65997833728e-05	0.00410844638477	0	1.24498375296e-05	5.80992418049e-05	0.000875638572917	0.00064739155154	7.88489710209e-05	4.14994584321e-06	4.14994584321e-06	1.24498375296e-05	0.0003361456133	0.000311245938241	1.24498375296e-05	0.000473093826126	7.05490793345e-05	0.00110803554014	1.65997833728e-05	0	0.000506293392871	0.000240696858906	0.000132798266983	5.39492959617e-05	5.39492959617e-05	0	4.14994584321e-06
0.00374740109642	0	8.29989168641e-06	0	0.00101258678574	0.000265596533965	0.00947432636004	0.00956977511443	0.00590122298904	2.90496209024e-05	0.0367394705499	0.00196292438384	0.00567712591351	2.90496209024e-05	0.004975785066	3.73495125889e-05	1.24498375296e-05	0.000680591118286	0.000672291226599	0.00209987259666	0.00737030381754	1.65997833728e-05	0	4.14994584321e-05	0.000431594367694	8.29989168641e-06	0.00141098158669	2.0749729216e-05	0.00866923686646	0.00627056816909	0.000315395884084	0	0.000456494042753	0.00167657812066	0.0075114019762	0	0	0	0	0.00185917573776	0	0.000107898591923	1.24498375296e-05	1.24498375296e-05	0.000676441172443	0.0012200840779	8.29989168641e-06	0.000141098158669	4.14994584321e-06	1.65997833728e-05	0	0	0	4.14994584321e-06	0	0.00308755970735	0	4.14994584321e-06	0	0.00327015732445	0	0	0	0.000535343013774	0	0	0	0	0	1.24498375296e-05	0.00190067519619	0.000157697942042	0.00380965028406	0.00180522644179	0.000132798266983	0.000850738897857	3.31995667457e-05	0.000663991334913	2.48996750592e-05	2.90496209024e-05	1.65997833728e-05	0	0	8.29989168641e-06
0.00288836230687	1.24498375296e-05	0.000161847887885	0	5.80992418049e-05	8.29989168641e-06	0.00222022102612	0.00182182622517	0.000888088410446	4.14994584321e-06	0.00196292438384	0.0331746670706	0.00392999871352	0.00773964899758	0.00265181539381	6.63991334913e-05	3.73495125889e-05	0.000825839222798	0.00610457033536	0.00753215170542	0.00416654562658	0.000124498375296	2.0749729216e-05	0.000195047454631	0.000145248104512	0.00498823490353	0.0102047168284	0.00246091788502	0.000510443338714	0.00709225744604	0.000311245938241	0.00121178418622	0.000112048537767	0.000672291226599	0.0136989712284	4.14994584321e-06	0.000373495125889	1.65997833728e-05	0	1.24498375296e-05	0	8.29989168641e-06	0.000128648321139	2.0749729216e-05	3.73495125889e-05	3.31995667457e-05	0.00139853174916	0	0.00506708387456	1.24498375296e-05	4.14994584321e-06	0	0	4.14994584321e-06	2.0749729216e-05	2.48996750592e-05	0	1.65997833728e-05	1.24498375296e-05	5.80992418049e-05	0.00113708516104	0.000340295559143	0.000589292309735	0.000124498375296	8.29989168641e-06	0	0.000327845721613	0	0	0.000132798266983	0.00195047454631	0.00293401171115	0.00369345180045	0.000410844638477	9.12988085505e-05	5.39492959617e-05	0.00045234409691	0.000510443338714	0.00274311420236	0.000282196317338	6.63991334913e-05	0	0	0.000829989168641
0.00112878526935	0	8.29989168641e-06	0	0.00194217465462	0	0.0110679055638	0.000178447671258	0.00142343142422	0.000709640739188	0.00567712591351	0.00392999871352	0.035942680948	5.39492959617e-05	0.00244016815581	0.00129893304892	1.24498375296e-05	4.14994584321e-05	0.00199197400474	0.00352745396673	0.0184838587856	4.14994584321e-06	2.0749729216e-05	1.65997833728e-05	0.00162677877054	4.97993501185e-05	0.00274311420236	5.39492959617e-05	0.00114538505273	0.00559412699664	5.80992418049e-05	0	0.000298796100711	9.9598700237e-05	0.00660256383654	8.29989168641e-06	0	0	0	0.000132798266983	8.29989168641e-06	0.00120348429453	0	0.000199197400474	0.000124498375296	0.000572692526363	4.56494042753e-05	0.00514593284558	3.31995667457e-05	0.000282196317338	4.97993501185e-05	0	0	0	0	0.00161432893301	1.24498375296e-05	8.29989168641e-06	4.14994584321e-06	6.22491876481e-05	4.14994584321e-06	2.48996750592e-05	8.29989168641e-06	3.31995667457e-05	0.000444044205223	0	4.14994584321e-06	2.0749729216e-05	0	0.000423294476007	0.000883938464603	0.000460643988596	0.00114123510688	0.000124498375296	0.00160187909548	0.000112048537767	1.24498375296e-05	0.000444044205223	2.0749729216e-05	0.000244846804749	8.29989168641e-05	0.000294646154868	8.29989168641e-06	1.65997833728e-05
2.0749729216e-05	0.000273896425652	1.24498375296e-05	0	0	6.63991334913e-05	0.000174297725415	2.48996750592e-05	0.000365195234202	6.22491876481e-05	2.90496209024e-05	0.00773964899758	5.39492959617e-05	0.0215631186013	0.000298796100711	4.14994584321e-06	2.48996750592e-05	0.000120348429453	0.000547792851303	0.000136948212826	6.63991334913e-05	4.97993501185e-05	0.00011619848361	1.24498375296e-05	8.29989168641e-05	0.0104495636332	0.00794714628974	0.00736615387169	2.48996750592e-05	0.000402544746791	6.22491876481e-05	0.00107483597339	5.80992418049e-05	2.48996750592e-05	0.000975237273154	0	0.00104578635249	3.31995667457e-05	0	0	0	0	0.00010374864608	1.65997833728e-05	4.14994584321e-05	3.31995667457e-05	0.00121593413206	4.14994584321e-06	0.00472678831541	8.29989168641e-06	0	4.14994584321e-06	0	3.31995667457e-05	4.97993501185e-05	0	1.65997833728e-05	5.80992418049e-05	8.29989168641e-06	4.14994584321e-05	0.00254806674773	0.00251901712683	0.0034486049957	4.56494042753e-05	6.63991334913e-05	8.29989168641e-06	0.000502143447028	0	0	0.000174297725415	0.000195047454631	0.000622491876481	0.0013155328323	0.00102918656912	8.29989168641e-06	0.000294646154868	0.00117028472778	0.000489693609498	0.00194632460046	0.000817539331112	0.000161847887885	0	0	0.000759440089307
0.0168155805567	4.14994584321e-06	0.000307095992397	0	4.56494042753e-05	0.00098353716484	0.00818784314865	0.00990177078189	0.0206957799201	0.000149398050355	0.004975785066	0.00265181539381	0.00244016815581	0.000298796100711	0.0444832694933	0.000726240522561	0.00075114019762	0.000224097075533	0.00055609274299	0.000892238356289	0.00173467736246	0.000273896425652	0.000315395884084	0.00178032676674	0.00109973564845	0.000112048537767	0.000709640739188	0.000215797183847	0.00325355754107	0.0316184373794	0.0129146314641	0	0.00388849925508	0.00312075927409	0.0116488979819	4.97993501185e-05	0	0.000128648321139	0	8.29989168641e-06	0	2.48996750592e-05	0.000174297725415	9.9598700237e-05	0.000419144530164	0.000165997833728	0.000112048537767	9.54487543938e-05	8.29989168641e-05	0.000136948212826	0	3.31995667457e-05	4.14994584321e-06	0	0	9.12988085505e-05	0.000124498375296	2.48996750592e-05	5.80992418049e-05	0.000601742147265	4.56494042753e-05	3.73495125889e-05	0.00011619848361	0.000165997833728	3.31995667457e-05	8.29989168641e-06	0	0	0	0.000136948212826	0.00267256512303	0.000365195234202	0.00590952288073	0.00164752849975	0.0014981304494	0.000634941714011	0.00011619848361	0.000506293392871	9.12988085505e-05	0.000282196317338	0.000174297725415	3.31995667457e-05	0	1.65997833728e-05
0.000107898591923	0	0	0	6.22491876481e-05	0.000522893176244	0.00143588126175	0.000460643988596	0.000535343013774	0.000551942797146	3.73495125889e-05	6.63991334913e-05	0.00129893304892	4.14994584321e-06	0.000726240522561	0.00866093697477	3.73495125889e-05	0	3.73495125889e-05	7.05490793345e-05	0.000448194151066	0	7.05490793345e-05	4.14994584321e-06	0.00163092871638	0	8.29989168641e-05	0	0.00125328364465	0.00184257595438	0.00132383272398	0	0.000244846804749	0.000942037706408	0.00188407541282	2.0749729216e-05	0	0	0	3.73495125889e-05	0	3.31995667457e-05	0.000157697942042	8.29989168641e-05	0.00064739155154	5.80992418049e-05	4.14994584321e-06	4.14994584321e-05	0	0.000112048537767	1.24498375296e-05	0	0	0	0	8.29989168641e-06	4.97993501185e-05	4.97993501185e-05	0	0.000468943880282	0	4.14994584321e-06	0	0.00011619848361	7.46990251777e-05	4.14994584321e-06	0	0	4.14994584321e-06	7.46990251777e-05	0.000298796100711	4.14994584321e-06	0.00172222752493	0.000136948212826	0.00602572136434	3.31995667457e-05	0	0.000141098158669	8.29989168641e-06	5.39492959617e-05	3.73495125889e-05	2.90496209024e-05	0	0
0.000522893176244	0.000896388302133	0.00075114019762	0	0	4.14994584321e-06	3.31995667457e-05	8.29989168641e-05	0.000444044205223	0.000892238356289	1.24498375296e-05	3.73495125889e-05	1.24498375296e-05	2.48996750592e-05	0.00075114019762	3.73495125889e-05	0.0263521561044	0.000286346263181	5.80992418049e-05	0.00021994712969	2.0749729216e-05	0.00482223706981	0.00969427348973	0.00707565766267	0.012200840779	3.73495125889e-05	0.000502143447028	0.00441139243133	0.00679346134533	0.00152303012446	0.00231151983467	0	2.0749729216e-05	0.00114953499857	0.0029298617653	0.000190897508788	9.12988085505e-05	6.22491876481e-05	0	1.65997833728e-05	0	4.14994584321e-06	0.000182597617101	0.000107898591923	0.00265596533965	4.97993501185e-05	3.73495125889e-05	8.29989168641e-06	8.29989168641e-06	0.000240696858906	0	0.0068391107496	6.22491876481e-05	4.14994584321e-06	8.29989168641e-06	1.65997833728e-05	0.00306680997813	0.00737860370922	0.000551942797146	0.00193387476293	0	6.63991334913e-05	0.000564392634676	0.00257296642279	0.000145248104512	0.000120348429453	0	0	0	0.000128648321139	0.00449024140235	0.000717940630875	0.000767739980993	0.000257296642279	0.000170147779571	5.80992418049e-05	2.90496209024e-05	0.00118688451116	0.000489693609498	0.000145248104512	4.14994584321e-05	2.48996750592e-05	0	0
0.000340295559143	0.000269746479808	0.00844928973677	0	0	0	4.14994584321e-06	0.00106238613586	0.000141098158669	1.24498375296e-05	0.000680591118286	0.000825839222798	4.14994584321e-05	0.000120348429453	0.000224097075533	0	0.000286346263181	0.0332535160416	0.000112048537767	0.00671046242847	8.71488627073e-05	0.00253976685604	7.05490793345e-05	0.00976482256907	0.000182597617101	1.24498375296e-05	0.0106695107629	0.0056480762926	0.000394244855105	0.0013736320741	0.00304606024891	0	0	0.000551942797146	0.00783924769782	8.29989168641e-06	0.000124498375296	0.00173052741662	0	4.14994584321e-05	0	8.29989168641e-06	7.88489710209e-05	4.14994584321e-06	0.000112048537767	0.000124498375296	8.29989168641e-06	4.14994584321e-06	1.24498375296e-05	5.39492959617e-05	0	0.000120348429453	0.00076359003515	8.29989168641e-06	0.000286346263181	7.46990251777e-05	0.000190897508788	0.000120348429453	0.000784339764366	0.000174297725415	0	0.00256881647694	0.00107483597339	8.29989168641e-05	1.24498375296e-05	1.65997833728e-05	4.14994584321e-06	0	0	3.31995667457e-05	0.00480148734059	0.0021994712969	0.00579747434296	0.000842439006171	4.14994584321e-05	3.73495125889e-05	0.000112048537767	0.000361045288359	0.000132798266983	0.00010374864608	4.14994584321e-05	0	0	4.14994584321e-06
0.000805089493582	8.29989168641e-06	2.48996750592e-05	0	5.80992418049e-05	1.24498375296e-05	0.00128648321139	0.000460643988596	0.000290496209024	0	0.000672291226599	0.00610457033536	0.00199197400474	0.000547792851303	0.00055609274299	3.73495125889e-05	5.80992418049e-05	0.000112048537767	0.0126282852009	0.00546132872966	0.00192972481709	4.14994584321e-05	1.24498375296e-05	0.000112048537767	0.000315395884084	6.63991334913e-05	0.00601327152681	0.000248996750592	0.000195047454631	0.00194632460046	6.63991334913e-05	4.14994584321e-06	3.31995667457e-05	9.9598700237e-05	0.00441554237717	0	0.000107898591923	4.14994584321e-06	0	1.24498375296e-05	0	0	2.90496209024e-05	8.29989168641e-06	2.0749729216e-05	1.65997833728e-05	7.46990251777e-05	0	0.000315395884084	0	0	0	0	8.29989168641e-06	0	8.29989168641e-06	0	4.14994584321e-06	0	2.48996750592e-05	4.14994584321e-06	0.000767739980993	7.88489710209e-05	5.39492959617e-05	0	0	0.000153547996199	0	0	1.65997833728e-05	0.00231566978051	0.00186747562944	0.00225342059286	0.000688891009972	2.90496209024e-05	5.39492959617e-05	4.97993501185e-05	0.000854888843701	4.97993501185e-05	0.00011619848361	0.000107898591923	0	0	8.29989168641e-06
0.00288421236103	3.73495125889e-05	0.000419144530164	0	0.000170147779571	8.29989168641e-06	0.00130723294061	0.00294646154868	0.00064739155154	3.73495125889e-05	0.00209987259666	0.00753215170542	0.00352745396673	0.000136948212826	0.000892238356289	7.05490793345e-05	0.00021994712969	0.00671046242847	0.00546132872966	0.0295185647827	0.00407109687219	0.000435744313537	4.56494042753e-05	0.00100428689406	0.000834139114485	4.56494042753e-05	0.014794556931	0.000734540414248	0.00106238613586	0.00465208929023	0.000842439006171	0	2.48996750592e-05	0.00146078093681	0.0159565417671	1.24498375296e-05	1.65997833728e-05	0.000170147779571	0	6.22491876481e-05	0	4.14994584321e-06	0.000120348429453	8.29989168641e-06	0.00021994712969	0.00011619848361	2.0749729216e-05	8.29989168641e-06	2.48996750592e-05	2.0749729216e-05	0	4.97993501185e-05	0.000136948212826	0	4.56494042753e-05	0.000132798266983	2.48996750592e-05	6.22491876481e-05	4.97993501185e-05	0.0003361456133	1.65997833728e-05	0.00101673673159	0.000236546913063	0.000165997833728	2.90496209024e-05	8.29989168641e-06	8.29989168641e-06	0	0	2.0749729216e-05	0.00478073761137	0.00217872156768	0.00781019807692	0.000672291226599	9.54487543938e-05	4.56494042753e-05	5.80992418049e-05	0.000572692526363	4.97993501185e-05	0.00010374864608	7.05490793345e-05	7.88489710209e-05	0	1.24498375296e-05
0.00172222752493	0	8.29989168641e-06	0	0.00331995667457	0	0.00602572136434	0.000385944963418	0.000800939547739	0.000120348429453	0.00737030381754	0.00416654562658	0.0184838587856	6.63991334913e-05	0.00173467736246	0.000448194151066	2.0749729216e-05	8.71488627073e-05	0.00192972481709	0.00407109687219	0.0266302024759	2.48996750592e-05	2.0749729216e-05	4.97993501185e-05	0.00166827822897	4.56494042753e-05	0.00310415949072	4.97993501185e-05	0.00383869990497	0.0050712338204	0.00023239696722	0	0.000128648321139	0.000576842472206	0.00838289060328	0	0	0	0	0.000340295559143	0	4.14994584321e-06	4.14994584321e-06	1.65997833728e-05	0.000107898591923	0.000228247021376	1.24498375296e-05	4.97993501185e-05	3.31995667457e-05	8.29989168641e-06	0	0	0	0	0	0.000477243771969	1.24498375296e-05	8.29989168641e-06	4.14994584321e-06	0.000414994584321	4.14994584321e-06	1.24498375296e-05	0	7.05490793345e-05	8.29989168641e-06	0	0	0	0	1.65997833728e-05	0.00158942925795	0.000518743230401	0.00187992546697	0.000618341930638	0.000576842472206	0.000435744313537	2.90496209024e-05	0.000419144530164	2.0749729216e-05	2.90496209024e-05	8.29989168641e-06	0	0	2.48996750592e-05
0.000290496209024	7.05490793345e-05	0.00222022102612	0	0	0	5.39492959617e-05	0.00188407541282	0.000269746479808	3.31995667457e-05	1.65997833728e-05	0.000124498375296	4.14994584321e-06	4.97993501185e-05	0.000273896425652	0	0.00482223706981	0.00253976685604	4.14994584321e-05	0.000435744313537	2.48996750592e-05	0.0522685678952	0.00312905916578	0.0322616789851	0.00229492005129	1.65997833728e-05	0.00111218548598	0.00212062232588	0.00808409450257	0.000460643988596	0.0119310942992	0	0	0.00021994712969	0.0053783298128	0.000178447671258	4.56494042753e-05	0.000157697942042	0	0	0	0	0.000224097075533	0	0.000311245938241	0.000128648321139	1.65997833728e-05	4.14994584321e-06	8.29989168641e-06	0.000124498375296	0	0.00377645071732	7.05490793345e-05	0	4.14994584321e-06	4.14994584321e-06	0.00405864703466	0.00658181410733	0.000369345180045	0.00121593413206	0	8.71488627073e-05	0.000282196317338	0.00484298679902	0.000178447671258	0.00023239696722	0	0	0	3.73495125889e-05	0.00449024140235	0.000369345180045	0.00545302883797	0.00156867952873	0.00171807757909	0.000136948212826	5.39492959617e-05	0.00045234409691	0.000195047454631	9.9598700237e-05	3.73495125889e-05	3.73495125889e-05	0	8.29989168641e-06
0.000273896425652	0.00568127585935	0.000145248104512	0	0	4.14994584321e-06	8.29989168641e-06	4.14994584321e-06	0.00023239696722	0.00597177206837	0	2.0749729216e-05	2.0749729216e-05	0.00011619848361	0.000315395884084	7.05490793345e-05	0.00969427348973	7.05490793345e-05	1.24498375296e-05	4.56494042753e-05	2.0749729216e-05	0.00312905916578	0.0285142778887	0.00835799092822	0.00782679786029	0.00157697942042	0.000610042038951	0.0090095324256	0.00233641950973	0.000497993501185	0.000676441172443	0	1.24498375296e-05	0.000307095992397	0.00102503662327	0.000477243771969	0.000107898591923	2.48996750592e-05	0	0	0	4.14994584321e-06	0.000410844638477	0.000302946046554	0.0032079081368	5.80992418049e-05	8.29989168641e-06	0	1.24498375296e-05	0.000676441172443	0	0.00746575257193	8.29989168641e-06	0	1.24498375296e-05	0	0.00193387476293	0.0103416650413	2.0749729216e-05	0.00241941842659	4.14994584321e-06	5.39492959617e-05	0.00213722210925	0.00227417032208	0.000365195234202	7.05490793345e-05	4.14994584321e-06	4.14994584321e-06	0	3.73495125889e-05	0.00147323077434	0.000576842472206	0.000290496209024	0.000161847887885	0.000132798266983	4.97993501185e-05	2.48996750592e-05	0.000522893176244	0.000502143447028	4.56494042753e-05	1.24498375296e-05	2.90496209024e-05	0	0
0.00307095992397	0.000377645071732	0.0178738167467	0	0	3.73495125889e-05	0.000145248104512	0.00353990380426	0.00238621885984	7.46990251777e-05	4.14994584321e-05	0.000195047454631	1.65997833728e-05	1.24498375296e-05	0.00178032676674	4.14994584321e-06	0.00707565766267	0.00976482256907	0.000112048537767	0.00100428689406	4.97993501185e-05	0.0322616789851	0.00835799092822	0.0851776384318	0.00167657812066	1.65997833728e-05	0.002170421676	0.0115492992816	0.00332825656625	0.00230321994298	0.00966522386883	0	5.39492959617e-05	0.000170147779571	0.00718355625459	5.80992418049e-05	0.000269746479808	0.00210402254251	0	4.14994584321e-06	0	8.29989168641e-06	0.000444044205223	2.48996750592e-05	0.000228247021376	0.0003361456133	2.48996750592e-05	1.65997833728e-05	0	0.000319545829927	0	0.0146991081766	0.000178447671258	0	8.29989168641e-06	8.29989168641e-06	0.00522063187075	0.0167657812066	0.00749065224699	0.0011329352152	4.14994584321e-06	0.000257296642279	0.0046105898318	0.00373495125889	3.73495125889e-05	0.000224097075533	0	0	0	0.00021994712969	0.0086152875705	0.00185087584607	0.00792224661468	0.00219117140521	0.0025356169102	0.000136948212826	4.14994584321e-06	0.00127403337386	0.000497993501185	0.000377645071732	0.00011619848361	6.22491876481e-05	0	0
0.000684741064129	0.00238621885984	0.000477243771969	0	0.0040627969805	8.29989168641e-06	0.000331995667457	0.000871488627073	0.000456494042753	0.0053783298128	0.000431594367694	0.000145248104512	0.00162677877054	8.29989168641e-05	0.00109973564845	0.00163092871638	0.012200840779	0.000182597617101	0.000315395884084	0.000834139114485	0.00166827822897	0.00229492005129	0.00782679786029	0.00167657812066	0.0395033344815	0.00105408624417	0.00131968277814	0.00319545829927	0.0152884004864	0.00402959741375	0.00363535255865	0	4.14994584321e-06	0.0023239696722	0.00583897380139	0.000456494042753	0.000410844638477	4.97993501185e-05	0	0.00252731701851	1.24498375296e-05	1.65997833728e-05	0.000697190901659	0.000215797183847	0.00902198226313	0.000493843555342	1.65997833728e-05	0.000244846804749	4.14994584321e-06	0.000568542580519	8.29989168641e-05	0.000402544746791	4.14994584321e-05	8.29989168641e-06	8.29989168641e-06	0.00241526848075	0.000979387218997	0.00212477227172	0.000107898591923	0.00886013437525	0.000153547996199	7.46990251777e-05	0.000473093826126	0.00321620802849	0.000352745396673	5.39492959617e-05	0	0	4.14994584321e-06	0.000431594367694	0.00489278614914	0.000614191984795	0.00153133001614	0.000444044205223	0.00201272373396	0.000170147779571	2.0749729216e-05	0.000917138031349	0.000265596533965	0.000377645071732	0.000149398050355	3.31995667457e-05	0	4.14994584321e-06
1.24498375296e-05	0.00217872156768	0	0	0	0	5.39492959617e-05	8.29989168641e-06	9.54487543938e-05	0.00122838396959	8.29989168641e-06	0.00498823490353	4.97993501185e-05	0.0104495636332	0.000112048537767	0	3.73495125889e-05	1.24498375296e-05	6.63991334913e-05	4.56494042753e-05	4.56494042753e-05	1.65997833728e-05	0.00157697942042	1.65997833728e-05	0.00105408624417	0.0200525383144	0.00910083123415	0.0102586661244	1.24498375296e-05	0.000157697942042	8.29989168641e-06	0.00117028472778	8.29989168641e-06	0	0.000377645071732	4.14994584321e-06	0.00200027389643	1.65997833728e-05	0	0	0	0	0.000514593284558	1.65997833728e-05	8.29989168641e-06	4.56494042753e-05	0.00115783489025	0	0.00524138159997	2.48996750592e-05	0	4.14994584321e-06	4.14994584321e-06	2.48996750592e-05	0.000203347346317	0	4.14994584321e-06	1.65997833728e-05	0	0	0.00419559524748	0.00173467736246	0.00440724248549	0.000315395884084	7.88489710209e-05	0	0.000352745396673	0	0	0.000448194151066	0.000278046371495	0.000377645071732	0.000331995667457	7.46990251777e-05	0	4.14994584321e-06	7.88489710209e-05	0.00032369577577	0.00128648321139	0.000813389385269	3.73495125889e-05	0	0	0.000663991334913
0.00166412828313	0.00303361041138	0.00786829731872	0	0.000120348429453	1.24498375296e-05	0.00117028472778	0.00176787692921	0.000651541497383	0.000377645071732	0.00141098158669	0.0102047168284	0.00274311420236	0.00794714628974	0.000709640739188	8.29989168641e-05	0.000502143447028	0.0106695107629	0.00601327152681	0.014794556931	0.00310415949072	0.00111218548598	0.000610042038951	0.002170421676	0.00131968277814	0.00910083123415	0.095494403798	0.0288089240435	0.0011619848361	0.00342370532065	0.00154792979952	0.00197537422137	7.05490793345e-05	0.000892238356289	0.00984782148593	7.88489710209e-05	0.00789319699378	0.00443629210639	0	7.05490793345e-05	0	1.24498375296e-05	0.00124498375296	5.39492959617e-05	0.000248996750592	0.000269746479808	0.000444044205223	1.65997833728e-05	0.00501313457859	9.54487543938e-05	0	9.54487543938e-05	0.00226587043039	0.000340295559143	0.00162677877054	0.000107898591923	4.97993501185e-05	0.00021994712969	0.000199197400474	0.000365195234202	0.00458984010259	0.0182141123058	0.0149647047106	0.000805089493582	0.00021994712969	2.90496209024e-05	0.000888088410446	0	0	0.000834139114485	0.0119393941909	0.00901783231729	0.0080965443401	0.00104163640664	0.00010374864608	4.56494042753e-05	0.000124498375296	0.00289251225272	0.00190482514203	0.00215797183847	0.000352745396673	9.12988085505e-05	4.14994584321e-06	6.22491876481e-05
0.000165997833728	0.021226972988	0.0125950856341	0	0	4.14994584321e-06	8.29989168641e-05	0.000107898591923	0.000182597617101	0.00170562774156	2.0749729216e-05	0.00246091788502	5.39492959617e-05	0.00736615387169	0.000215797183847	0	0.00441139243133	0.0056480762926	0.000248996750592	0.000734540414248	4.97993501185e-05	0.00212062232588	0.0090095324256	0.0115492992816	0.00319545829927	0.0102586661244	0.0288089240435	0.0928301385667	0.00100428689406	0.000327845721613	0.000979387218997	0.000174297725415	3.73495125889e-05	4.56494042753e-05	0.00179692655011	3.73495125889e-05	0.0164545352683	0.00173052741662	0	2.0749729216e-05	0	4.14994584321e-06	0.0010084368399	2.90496209024e-05	0.000340295559143	0.000132798266983	0.000215797183847	8.29989168641e-06	0.00257296642279	4.56494042753e-05	0	0.00749895213867	0.00043989425938	0.00010374864608	0.000390094909261	2.0749729216e-05	0.000423294476007	0.00859453784128	0.00129478310308	0.000319545829927	0.00407939676387	0.00464378939855	0.0261571086497	0.000759440089307	0.000124498375296	1.24498375296e-05	0.000410844638477	0	0	0.000829989168641	0.0117277469529	0.00395904833442	0.00279291355248	0.000746990251777	9.12988085505e-05	5.39492959617e-05	2.48996750592e-05	0.0020459233007	0.00137778201994	0.00175127714583	0.000261446588122	8.29989168641e-06	0	3.31995667457e-05
0.00296306133205	4.14994584321e-05	0.000834139114485	0	0.00693870944984	2.48996750592e-05	0.00255636663942	0.0204509331153	0.003361456133	0.00394659849689	0.00866923686646	0.000510443338714	0.00114538505273	2.48996750592e-05	0.00325355754107	0.00125328364465	0.00679346134533	0.000394244855105	0.000195047454631	0.00106238613586	0.00383869990497	0.00808409450257	0.00233641950973	0.00332825656625	0.0152884004864	1.24498375296e-05	0.0011619848361	0.00100428689406	0.0802516527159	0.00909668128831	0.014981304494	0	0.000186747562944	0.00700095863749	0.013815169712	0.00124083380712	2.0749729216e-05	5.39492959617e-05	0	0.00955732527691	0	0.000390094909261	0.00401299763038	0.00086733868123	0.0203388845776	0.00436159308121	0.00010374864608	0.000908838139662	8.29989168641e-06	0.001402681695	8.29989168641e-06	0.000224097075533	0.000107898591923	1.24498375296e-05	5.80992418049e-05	0.00991422061942	0.000278046371495	0.00055609274299	0.000174297725415	0.0209115771039	0	9.9598700237e-05	0.000149398050355	0.00937057771396	0.00169732784987	0.000356895342516	4.14994584321e-06	0	8.29989168641e-06	0.000713790685032	0.00640336643607	0.000626641822324	0.00703830815008	0.00266426523134	0.00205007324654	0.00100013694821	3.73495125889e-05	0.00273066436483	0.000361045288359	0.00055609274299	0.000302946046554	0.000502143447028	8.29989168641e-06	8.29989168641e-06
0.0199280399391	8.29989168641e-06	0.000369345180045	0	8.29989168641e-05	0.000369345180045	0.00839534044081	0.0174007229206	0.0155166475078	0.000510443338714	0.00627056816909	0.00709225744604	0.00559412699664	0.000402544746791	0.0316184373794	0.00184257595438	0.00152303012446	0.0013736320741	0.00194632460046	0.00465208929023	0.0050712338204	0.000460643988596	0.000497993501185	0.00230321994298	0.00402959741375	0.000157697942042	0.00342370532065	0.000327845721613	0.00909668128831	0.0683371582001	0.028771574531	0	0.0041872953558	0.0179111662593	0.0347931459494	0.000190897508788	4.14994584321e-06	0.000170147779571	0	8.29989168641e-05	0	9.12988085505e-05	0.000904688193819	0.00043989425938	0.00263106566459	0.000535343013774	0.000153547996199	0.000190897508788	0.00011619848361	0.000610042038951	2.90496209024e-05	3.73495125889e-05	2.0749729216e-05	0	4.14994584321e-06	0.000228247021376	0.000199197400474	4.56494042753e-05	8.29989168641e-05	0.00302116057385	5.39492959617e-05	0.00010374864608	0.000165997833728	0.000746990251777	0.000269746479808	4.56494042753e-05	0	0	0	0.00043989425938	0.00695530923321	0.000871488627073	0.0178738167467	0.00601327152681	0.00262276577291	0.00217872156768	0.000182597617101	0.00296721127789	0.000224097075533	0.000614191984795	0.000414994584321	0.000307095992397	0	3.31995667457e-05
0.0147904069852	6.22491876481e-05	0.00265181539381	0	0	8.29989168641e-05	0.00127818331971	0.0134292247486	0.00909253134247	0.000825839222798	0.000315395884084	0.000311245938241	5.80992418049e-05	6.22491876481e-05	0.0129146314641	0.00132383272398	0.00231151983467	0.00304606024891	6.63991334913e-05	0.000842439006171	0.00023239696722	0.0119310942992	0.000676441172443	0.00966522386883	0.00363535255865	8.29989168641e-06	0.00154792979952	0.000979387218997	0.014981304494	0.028771574531	0.0579830433213	0	0.000448194151066	0.0121136919163	0.0206916299742	0.000290496209024	5.80992418049e-05	0.000444044205223	0	1.65997833728e-05	0	6.63991334913e-05	0.000925437923035	0.000410844638477	0.00313320911162	0.000448194151066	0.000128648321139	0.000145248104512	1.24498375296e-05	0.000738690360091	2.90496209024e-05	0.000215797183847	6.22491876481e-05	4.14994584321e-06	0	1.65997833728e-05	0.00043989425938	0.000298796100711	0.000331995667457	0.0033905057539	4.14994584321e-06	0.000153547996199	0.000377645071732	0.000684741064129	0.000410844638477	7.46990251777e-05	0	0	0	0.000435744313537	0.00438234281043	0.000597592201422	0.0127735333054	0.00380135039238	0.00251486718098	0.000937887760565	4.97993501185e-05	0.00196707432968	0.000211647238004	0.000444044205223	0.000327845721613	0.000240696858906	0	0
0	4.14994584321e-06	0	0	0	0	0	0	0	0	0	0.00121178418622	0	0.00107483597339	0	0	0	0	4.14994584321e-06	0	0	0	0	0	0	0.00117028472778	0.00197537422137	0.000174297725415	0	0	0	0.00205837313823	0	0	0	0	8.29989168641e-06	0	0	0	0	0	4.14994584321e-06	0	0	0	8.29989168641e-06	0	0.00112048537767	4.14994584321e-06	0	0	0	0	0	0	0	0	0	0	0.000414994584321	6.22491876481e-05	0.000107898591923	4.14994584321e-06	4.14994584321e-06	0	4.56494042753e-05	0	0	4.14994584321e-06	0	1.24498375296e-05	0	0	0	0	0	8.29989168641e-06	0.000153547996199	1.65997833728e-05	4.14994584321e-06	0	0	0
0.00023239696722	0	8.29989168641e-06	0	4.14994584321e-06	0.00191727497956	0.00429934389356	0.00123253391543	0.00508783360377	0	0.000456494042753	0.000112048537767	0.000298796100711	5.80992418049e-05	0.00388849925508	0.000244846804749	2.0749729216e-05	0	3.31995667457e-05	2.48996750592e-05	0.000128648321139	0	1.24498375296e-05	5.39492959617e-05	4.14994584321e-06	8.29989168641e-06	7.05490793345e-05	3.73495125889e-05	0.000186747562944	0.0041872953558	0.000448194151066	0	0.00709225744604	0.000265596533965	0.00165582839144	0	0	4.14994584321e-06	0	0	0	0	0	0	0	0	0	0	4.14994584321e-06	0	0	0	0	0	0	0	0	0	4.14994584321e-06	0	4.14994584321e-06	0	0	0	0	0	0	0	0	0	0.000203347346317	1.24498375296e-05	0.000390094909261	0.000149398050355	0.000356895342516	0.000373495125889	0	2.0749729216e-05	4.14994584321e-06	0	0	0	0	0
0.0011329352152	0	4.14994584321e-05	0	4.14994584321e-06	2.48996750592e-05	0.000580992418049	0.0087688355667	0.0010084368399	0.000502143447028	0.00167657812066	0.000672291226599	9.9598700237e-05	2.48996750592e-05	0.00312075927409	0.000942037706408	0.00114953499857	0.000551942797146	9.9598700237e-05	0.00146078093681	0.000576842472206	0.00021994712969	0.000307095992397	0.000170147779571	0.0023239696722	0	0.000892238356289	4.56494042753e-05	0.00700095863749	0.0179111662593	0.0121136919163	0	0.000265596533965	0.0218038154602	0.0177991177215	0.000145248104512	4.14994584321e-06	8.29989168641e-06	0	2.0749729216e-05	0	3.31995667457e-05	0.000489693609498	0.00021994712969	0.00202102362564	0.000161847887885	5.80992418049e-05	7.05490793345e-05	8.29989168641e-06	0.000356895342516	2.90496209024e-05	4.14994584321e-06	8.29989168641e-06	8.29989168641e-06	4.14994584321e-06	5.39492959617e-05	1.24498375296e-05	1.65997833728e-05	1.65997833728e-05	0.00182597617101	0	2.90496209024e-05	1.24498375296e-05	0.000327845721613	0.000174297725415	3.73495125889e-05	0	0	0	0.000265596533965	0.00334485634962	0.000153547996199	0.0107649595173	0.00400054779285	0.00107898591923	0.0017388273083	3.73495125889e-05	0.00224927064702	0.000112048537767	0.000278046371495	0.000195047454631	0.000120348429453	0	4.14994584321e-06
