0.0126046561462	3.82655013546e-06	2.29593008128e-05	0	4.9745151761e-05	0	0.000558676319777	0.0047908407696	0.00330996586717	0.000241072658534	0.000738524176144	3.82655013546e-06	0.000172194756096	3.82655013546e-06	0.00475257526824	6.50513523028e-05	8.41841029801e-05	1.53062005418e-05	0	3.82655013546e-06	5.35717018964e-05	0.000133929254741	0.000149235455283	0.000118623054199	0.000443879815713	0	0	1.53062005418e-05	0.0012512818943	0.0051581895826	0.00267858509482	0	7.65310027092e-06	0.000684952474247	0.000669646273705	0	0	0	0	3.82655013546e-06	0	0	7.65310027092e-06	0	4.20920514901e-05	0	0	3.82655013546e-06	0	0	0	7.65310027092e-06	0	0	0	0	3.82655013546e-06	3.06124010837e-05	7.65310027092e-06	1.14796504064e-05	0	0	0	1.91327506773e-05	0	3.82655013546e-06	0	0	3.82655013546e-06	7.65310027092e-06	0.00058163562059	0.000114796504064	0.000401787764223	0.000133929254741	0.000160715105689	4.20920514901e-05	3.82655013546e-06	3.82655013546e-06	0	3.82655013546e-06	0	0	0	0
3.82655013546e-06	0.0118814381706	0.00271685059618	0	0	0	0	2.29593008128e-05	0	9.9490303522e-05	0	0.000191327506773	0	4.9745151761e-05	0	0	0.000229593008128	0.000872453430885	4.9745151761e-05	0.000543370119235	0	0.000153062005418	0.00232271593222	0.000903065831969	7.65310027092e-05	0.000432400165307	0.00181761131434	0.00625258292134	6.12248021674e-05	1.14796504064e-05	8.03575528447e-05	0	0	0	0.000723217975602	0	0.00207399017342	0.000302297460701	0	0	0	0	0	0	3.82655013546e-06	0	5.73982520319e-05	0	4.59186016255e-05	0	0	3.82655013546e-05	0.00025255230894	7.65310027092e-06	8.03575528447e-05	0	3.82655013546e-05	0.000229593008128	0.00021046025745	7.65310027092e-06	0.000160715105689	0.000554849769642	0.00105230128725	3.82655013546e-06	0	3.82655013546e-06	3.82655013546e-06	0	0	0.000149235455283	0.000531890468829	0.000956637533865	0.000512757718152	0.000130102704606	1.53062005418e-05	3.82655013546e-06	1.14796504064e-05	6.88779024383e-05	0.000183674406502	0.000172194756096	9.56637533865e-05	3.82655013546e-06	1.91327506773e-05	3.82655013546e-06
2.29593008128e-05	0.00271685059618	0.0314465890132	0	3.82655013546e-06	0	0	0.000110969953928	7.65310027092e-06	9.9490303522e-05	7.65310027092e-06	0.000283164710024	0	7.27044525737e-05	0	3.82655013546e-06	0.000826534829259	0.00621814397012	6.88779024383e-05	0.00128954739565	0	0.00114796504064	0.00158036520594	0.0100332144552	0.000137755804877	3.44389512191e-05	0.00583166240644	0.0112270980974	0.000417093964765	0.000103316853657	0.000463012566391	0	0	1.91327506773e-05	0.00322195521406	0	0.00111352608942	0.000156888555554	0	0	0	0	3.82655013546e-06	0	0	0	1.91327506773e-05	0	1.14796504064e-05	0	0	7.65310027092e-06	0.000137755804877	0	6.50513523028e-05	0	1.91327506773e-05	0.000225766457992	0.000103316853657	1.14796504064e-05	0.000103316853657	0.000321430211379	0.000528063918693	3.82655013546e-06	0	7.65310027092e-06	0	0	0	4.9745151761e-05	0.00225766457992	0.00312629146067	0.00285843295119	0.000841841029801	1.91327506773e-05	1.14796504064e-05	3.82655013546e-05	5.73982520319e-05	0.000156888555554	7.27044525737e-05	5.35717018964e-05	3.82655013546e-06	0	0
0	0	0	0	0	0	0	0	0	0	0	0	0	0	0	0	0	0	0	0	0	0	0	0	0	0	0	0	0	0	0	0	0	0	0	0	0	0	0	0	0	0	0	0	0	0	0	0	0	0	0	0	0	0	0	0	0	0	0	0	0	0	0	0	0	0	0	0	0	0	0	0	0	0	0	0	0	0	0	0	0	0	0	0
4.9745151761e-05	0	3.82655013546e-06	0	0.011892917821	0	8.03575528447e-05	0.00101020923576	5.35717018964e-05	0.000558676319777	0.00238394073439	0	0.000218113357721	0	3.06124010837e-05	3.82655013546e-06	2.29593008128e-05	0	0	0	0.00230740973168	7.65310027092e-06	4.9745151761e-05	1.14796504064e-05	0.00392986698912	0	0	3.82655013546e-06	0.00369644743085	9.1837203251e-05	6.12248021674e-05	0	0	1.14796504064e-05	2.29593008128e-05	0	0	0	0	0.0016836820596	0	2.67858509482e-05	4.20920514901e-05	1.53062005418e-05	4.59186016255e-05	4.20920514901e-05	0	0.00152679350405	0	7.65310027092e-06	0	3.82655013546e-06	0	0	0	0.0019859795203	7.65310027092e-06	1.53062005418e-05	0	0.000306124010837	0	0	0	8.03575528447e-05	7.65310027092e-06	1.14796504064e-05	0	0	3.82655013546e-06	3.82655013546e-06	1.91327506773e-05	1.53062005418e-05	1.91327506773e-05	3.82655013546e-06	0	0	0	0	0	0	0	1.14796504064e-05	0	0
0	0	0	0	0	0.00477170801892	0.00211225567477	3.82655013546e-06	0.000975770284542	3.82655013546e-06	7.65310027092e-06	1.14796504064e-05	7.65310027092e-06	2.29593008128e-05	0.000420920514901	0.00062372767208	0	0	0	3.82655013546e-06	0	0	0	0	0	0	3.82655013546e-06	0	0	0.000229593008128	0	0	0.0015000076531	3.82655013546e-06	0.000646686972893	0	0	0	0	0	0	0	0	0	0	0	0	0	0	0	0	0	0	0	0	0	0	0	0	0	0	0	0	0	0	0	0	0	0	0	2.29593008128e-05	7.65310027092e-06	0.000229593008128	7.27044525737e-05	0.000650513523028	0.00234567523304	0	0	0	0	0	0	0	0
0.000558676319777	0	0	0	8.03575528447e-05	0.00211225567477	0.0373126903709	0.00352807922489	0.0123750631381	0.000130102704606	0.0119311833224	2.29593008128e-05	0.00869009535763	1.91327506773e-05	0.00294261705417	0.00123597569375	3.82655013546e-06	3.82655013546e-06	0	3.82655013546e-06	0.00185970336583	7.65310027092e-06	1.91327506773e-05	7.65310027092e-06	0.000317603661243	0	3.82655013546e-06	3.82655013546e-06	0.000688779024383	0.00156123245527	0.000191327506773	0	0.00115944469104	9.56637533865e-05	0.000772963127363	3.82655013546e-06	0	0	0	0	0	0	7.65310027092e-06	0	3.44389512191e-05	3.82655013546e-06	0	7.65310027092e-06	0	0	0	3.82655013546e-06	0	0	0	0	0	1.91327506773e-05	0	1.53062005418e-05	0	0	0	3.82655013546e-06	3.82655013546e-06	7.65310027092e-06	0	0	0	3.82655013546e-06	0.000260205409211	5.35717018964e-05	0.000604594921403	0.000149235455283	0.000348216062327	0.00133163944714	3.82655013546e-06	3.82655013546e-06	0	0	0	0	3.82655013546e-06	0
0.0047908407696	2.29593008128e-05	0.000110969953928	0	0.00101020923576	3.82655013546e-06	0.00352807922489	0.0593306598503	0.00591584650942	0.00293113740376	0.0157041617559	1.14796504064e-05	0.00178317236312	1.14796504064e-05	0.00542987464222	8.03575528447e-05	0.000520410818423	8.41841029801e-05	0	2.29593008128e-05	0.00163393690784	0.00102934198644	0.000815055178853	0.00101786233603	0.0061837050189	0	2.29593008128e-05	0.000118623054199	0.0226187378507	0.00506252582921	0.010029387905	0	3.82655013546e-06	0.000589288720861	0.00167602895933	1.53062005418e-05	0	0	0	2.29593008128e-05	0	1.14796504064e-05	0.000114796504064	1.14796504064e-05	0.000684952474247	3.82655013546e-06	0	5.73982520319e-05	0	1.14796504064e-05	0	2.67858509482e-05	0	0	0	3.06124010837e-05	3.44389512191e-05	0.000221939907857	2.29593008128e-05	0.000352042612462	0	0	1.14796504064e-05	0.000114796504064	2.29593008128e-05	0.000118623054199	0	0	2.67858509482e-05	6.50513523028e-05	0.00155740590513	0.000417093964765	0.000906892382104	0.000355869162598	0.000271685059618	8.03575528447e-05	1.14796504064e-05	3.44389512191e-05	7.65310027092e-06	1.14796504064e-05	1.14796504064e-05	4.20920514901e-05	3.82655013546e-06	0
0.00330996586717	0	7.65310027092e-06	0	5.35717018964e-05	0.000975770284542	0.0123750631381	0.00591584650942	0.0375882019806	0.000218113357721	0.00457655396201	4.59186016255e-05	0.00124745534416	4.59186016255e-05	0.0173572314144	0.00115944469104	3.44389512191e-05	3.82655013546e-06	3.82655013546e-06	1.14796504064e-05	0.000202807157179	5.35717018964e-05	7.27044525737e-05	6.50513523028e-05	0.000459186016255	0	3.82655013546e-06	2.29593008128e-05	0.00107143403793	0.00487502487258	0.000658166623299	0	0.00091837203251	0.00032908331165	0.00153444660432	3.82655013546e-06	0	0	0	7.65310027092e-06	0	0	3.82655013546e-06	0	5.35717018964e-05	0	3.82655013546e-06	7.65310027092e-06	0	3.82655013546e-06	0	3.82655013546e-06	0	0	0	7.65310027092e-06	0	3.06124010837e-05	0	2.67858509482e-05	0	0	3.82655013546e-06	1.53062005418e-05	0	0	0	0	0	0	0.000616074571809	0.000103316853657	0.00133163944714	0.000332909861785	0.000642860422757	0.00122449604335	7.65310027092e-06	3.82655013546e-06	0	3.82655013546e-06	3.82655013546e-06	0	0	0
0.000241072658534	9.9490303522e-05	9.9490303522e-05	0	0.000558676319777	3.82655013546e-06	0.000130102704606	0.00293113740376	0.000218113357721	0.0188304532166	0.000551023219506	3.82655013546e-06	0.00110204643901	3.82655013546e-06	0.000145408905147	0.000340562962056	0.000677299373976	2.29593008128e-05	0	3.82655013546e-06	0.000176021306231	0.000225766457992	0.00406379624386	0.00041326741463	0.00831891999449	0	3.82655013546e-06	0.000248725758805	0.00397961214088	0.000562502869913	0.000742350726279	0	0	6.50513523028e-05	0.000332909861785	6.12248021674e-05	1.53062005418e-05	1.14796504064e-05	0	0.000130102704606	0	3.44389512191e-05	0.000306124010837	3.82655013546e-05	0.00211225567477	3.06124010837e-05	0	9.9490303522e-05	0	5.35717018964e-05	7.65310027092e-06	0.000107143403793	2.29593008128e-05	0	3.82655013546e-06	9.1837203251e-05	0.000137755804877	0.00119388364226	0.000149235455283	0.00128572084551	0	3.82655013546e-06	1.91327506773e-05	0.000382655013546	8.80106531156e-05	0.000363522262869	0	3.82655013546e-06	5.73982520319e-05	0.000229593008128	0.000815055178853	0.000298470910566	0.000221939907857	0.000110969953928	0.000394134663952	3.82655013546e-06	0	0.000145408905147	2.29593008128e-05	6.12248021674e-05	3.82655013546e-05	0.000110969953928	1.14796504064e-05	0
0.000738524176144	0	7.65310027092e-06	0	0.00238394073439	7.65310027092e-06	0.0119311833224	0.0157041617559	0.00457655396201	0.000551023219506	0.0526303705631	0	0.00738524176144	0	0.00230740973168	4.9745151761e-05	2.67858509482e-05	0	0	0	0.00622197052026	2.29593008128e-05	5.35717018964e-05	4.59186016255e-05	0.00115179159077	0	0	1.53062005418e-05	0.00789417292945	0.000803575528447	0.000375001913275	0	3.82655013546e-06	9.9490303522e-05	0.000260205409211	3.82655013546e-06	0	0	0	3.82655013546e-06	0	3.82655013546e-06	7.65310027092e-06	0	8.80106531156e-05	3.82655013546e-06	0	1.14796504064e-05	0	0	0	0	0	0	0	3.82655013546e-06	0	3.06124010837e-05	0	3.82655013546e-05	0	0	0	1.53062005418e-05	3.82655013546e-06	1.14796504064e-05	0	0	0	3.82655013546e-06	0.000179847856367	3.82655013546e-05	0.000149235455283	2.67858509482e-05	9.56637533865e-05	2.29593008128e-05	3.82655013546e-06	3.82655013546e-06	0	0	0	1.14796504064e-05	3.82655013546e-06	0
3.82655013546e-06	0.000191327506773	0.000283164710024	0	0	1.14796504064e-05	2.29593008128e-05	1.14796504064e-05	4.59186016255e-05	3.82655013546e-06	0	0.0297629069536	0	0.00488267797285	1.14796504064e-05	7.65310027092e-06	1.14796504064e-05	0.00139669079944	0.00450767605957	0.00737758866117	0	4.9745151761e-05	3.44389512191e-05	0.000153062005418	3.82655013546e-06	0.00149618110296	0.00794774463135	0.00110587298915	3.82655013546e-06	3.44389512191e-05	1.91327506773e-05	0.00016836820596	3.82655013546e-06	0	0.00615691916795	0	0.000298470910566	7.65310027092e-06	0	0	0	0	0	0	0	0	0.00016836820596	0	0.000248725758805	0	0	0	1.14796504064e-05	1.53062005418e-05	1.53062005418e-05	0	0	0	3.82655013546e-06	0	0.000742350726279	0.000225766457992	0.000382655013546	0	0	0	1.14796504064e-05	0	0	2.29593008128e-05	0.000390308113817	0.00376532533329	0.00602681646335	0.000554849769642	7.65310027092e-06	7.65310027092e-05	0.00110969953928	1.14796504064e-05	0.000122449604335	3.82655013546e-05	3.82655013546e-06	0	3.82655013546e-06	2.29593008128e-05
0.000172194756096	0	0	0	0.000218113357721	7.65310027092e-06	0.00869009535763	0.00178317236312	0.00124745534416	0.00110204643901	0.00738524176144	0	0.0248075245282	0	0.000436226715442	0.000570155970184	0	0	0	0	0.00813141903785	3.82655013546e-06	1.14796504064e-05	3.82655013546e-06	0.00125510844443	0	0	0	0.000528063918693	0.000271685059618	7.27044525737e-05	0	3.82655013546e-06	3.06124010837e-05	8.41841029801e-05	7.65310027092e-06	0	0	0	7.65310027092e-06	0	0	1.53062005418e-05	0	4.59186016255e-05	7.65310027092e-06	0	3.82655013546e-05	0	3.82655013546e-06	0	0	0	0	0	1.14796504064e-05	0	7.65310027092e-06	0	1.91327506773e-05	0	0	0	1.91327506773e-05	7.65310027092e-06	1.14796504064e-05	0	0	0	3.82655013546e-06	4.9745151761e-05	3.82655013546e-06	6.88779024383e-05	2.67858509482e-05	0.000313777111108	3.82655013546e-06	3.82655013546e-06	0	0	0	0	3.82655013546e-06	3.82655013546e-06	0
3.82655013546e-06	4.9745151761e-05	7.27044525737e-05	0	0	2.29593008128e-05	1.91327506773e-05	1.14796504064e-05	4.59186016255e-05	3.82655013546e-06	0	0.00488267797285	0	0.0129605253088	3.82655013546e-05	3.82655013546e-06	1.91327506773e-05	9.9490303522e-05	0.000382655013546	0.000535717018964	0	3.06124010837e-05	1.53062005418e-05	8.03575528447e-05	7.65310027092e-06	0.00266327889428	0.00218878667748	0.000811228628717	2.29593008128e-05	5.35717018964e-05	7.65310027092e-06	8.41841029801e-05	3.82655013546e-06	0	0.000971943734407	0	8.41841029801e-05	0	0	0	0	0	3.82655013546e-06	0	0	0	0.000187500956638	0	0.000788269327905	0	0	0	1.14796504064e-05	3.82655013546e-06	1.14796504064e-05	0	3.82655013546e-06	3.82655013546e-06	7.65310027092e-06	0	0.000474492216797	7.27044525737e-05	0.000176021306231	0	0	0	1.14796504064e-05	0	0	5.35717018964e-05	0.000677299373976	0.00164159000811	0.00160332450676	0.000424747065036	1.14796504064e-05	0.000107143403793	0.00135077219782	4.20920514901e-05	0.000156888555554	8.41841029801e-05	4.20920514901e-05	3.82655013546e-06	7.65310027092e-06	3.44389512191e-05
0.00475257526824	0	0	0	3.06124010837e-05	0.000420920514901	0.00294261705417	0.00542987464222	0.0173572314144	0.000145408905147	0.00230740973168	1.14796504064e-05	0.000436226715442	3.82655013546e-05	0.0305473497314	0.000608421471538	3.06124010837e-05	7.65310027092e-06	0	7.65310027092e-06	0.000103316853657	3.44389512191e-05	7.27044525737e-05	9.1837203251e-05	0.000325256761514	0	3.82655013546e-06	7.65310027092e-06	0.000753830376686	0.00560589594845	0.000474492216797	0	0.000753830376686	0.000244899208669	0.00114031194037	0	0	0	0	7.65310027092e-06	0	0	0	0	4.20920514901e-05	0	0	7.65310027092e-06	0	0	0	0	0	0	0	7.65310027092e-06	0	1.91327506773e-05	0	3.06124010837e-05	0	0	3.82655013546e-06	1.91327506773e-05	0	0	0	0	0	0	0.00037117536314	6.50513523028e-05	0.00107143403793	0.000283164710024	0.000382655013546	0.000784442777769	3.82655013546e-06	0	0	0	0	0	0	0
6.50513523028e-05	0	3.82655013546e-06	0	3.82655013546e-06	0.00062372767208	0.00123597569375	8.03575528447e-05	0.00115944469104	0.000340562962056	4.9745151761e-05	7.65310027092e-06	0.000570155970184	3.82655013546e-06	0.000608421471538	0.00529211883734	3.82655013546e-06	7.65310027092e-06	0	0	7.65310027092e-06	3.82655013546e-06	7.65310027092e-06	1.14796504064e-05	4.20920514901e-05	0	0	1.53062005418e-05	3.06124010837e-05	0.000443879815713	2.67858509482e-05	0	9.56637533865e-05	1.14796504064e-05	0.000221939907857	0	0	0	0	0	0	0	0	0	3.82655013546e-06	0	0	0	0	0	0	3.82655013546e-06	0	0	0	0	0	7.65310027092e-06	0	0	0	0	0	0	0	3.82655013546e-06	0	0	0	0	6.12248021674e-05	3.06124010837e-05	0.000233419558263	4.9745151761e-05	0.00198980607044	0.000401787764223	0	0	0	0	0	0	0	0
8.41841029801e-05	0.000229593008128	0.000826534829259	0	2.29593008128e-05	0	3.82655013546e-06	0.000520410818423	3.44389512191e-05	0.000677299373976	2.67858509482e-05	1.14796504064e-05	0	1.91327506773e-05	3.06124010837e-05	3.82655013546e-06	0.0250485971867	0.000198980607044	3.82655013546e-06	2.29593008128e-05	3.82655013546e-06	0.00444262470727	0.00702171949857	0.00966969219231	0.00709059740101	3.82655013546e-06	4.20920514901e-05	0.00590819340915	0.0064745228292	0.000237246108399	0.0010790871382	0	0	4.9745151761e-05	0.00106760748779	0	4.59186016255e-05	2.29593008128e-05	0	0	0	0	1.14796504064e-05	0	5.35717018964e-05	0	0	0	0	0	0	3.06124010837e-05	0	0	3.82655013546e-06	0	1.14796504064e-05	0.000264031959347	7.65310027092e-05	3.06124010837e-05	0	7.65310027092e-06	3.82655013546e-05	7.65310027092e-06	3.82655013546e-06	3.44389512191e-05	0	0	3.82655013546e-06	2.67858509482e-05	0.00164159000811	0.0011441384905	0.000807402078582	0.000321430211379	7.65310027092e-05	1.14796504064e-05	1.14796504064e-05	2.29593008128e-05	1.53062005418e-05	1.14796504064e-05	1.14796504064e-05	3.82655013546e-06	0	0
1.53062005418e-05	0.000872453430885	0.00621814397012	0	0	0	3.82655013546e-06	8.41841029801e-05	3.82655013546e-06	2.29593008128e-05	0	0.00139669079944	0	9.9490303522e-05	7.65310027092e-06	7.65310027092e-06	0.000198980607044	0.0242029296068	0.00083418792953	0.00791330568013	0	0.00113648539023	0.000313777111108	0.00720922045521	7.27044525737e-05	9.9490303522e-05	0.00554084459615	0.00239924693493	0.000237246108399	5.73982520319e-05	0.000420920514901	3.82655013546e-06	0	2.29593008128e-05	0.0059349792601	0	0.000424747065036	1.53062005418e-05	0	0	0	0	0	0	3.82655013546e-06	0	2.67858509482e-05	0	1.91327506773e-05	0	0	0	2.67858509482e-05	0	3.06124010837e-05	0	7.65310027092e-06	3.82655013546e-05	2.29593008128e-05	0	0.000183674406502	0.000149235455283	0.000279338159889	0	0	0	3.82655013546e-06	0	3.82655013546e-06	1.91327506773e-05	0.00142730320053	0.00225001147965	0.00291583120322	0.000719391425466	7.65310027092e-06	3.44389512191e-05	3.06124010837e-05	2.67858509482e-05	4.20920514901e-05	3.82655013546e-05	1.53062005418e-05	0	0	3.82655013546e-06
0	4.9745151761e-05	6.88779024383e-05	0	0	0	0	0	3.82655013546e-06	0	0	0.00450767605957	0	0.000382655013546	0	0	3.82655013546e-06	0.00083418792953	0.00811993938745	0.00371940673167	0	3.82655013546e-06	7.65310027092e-06	2.67858509482e-05	3.82655013546e-06	0.000172194756096	0.00277424884821	0.000275511609753	0	7.65310027092e-06	0	1.91327506773e-05	0	0	0.000727044525737	0	5.35717018964e-05	7.65310027092e-06	0	0	0	0	0	0	0	0	1.14796504064e-05	0	1.53062005418e-05	0	0	0	3.82655013546e-06	0	0	0	0	0	3.82655013546e-06	0	9.1837203251e-05	3.82655013546e-05	4.59186016255e-05	0	0	0	0	0	0	3.82655013546e-06	6.50513523028e-05	0.000382655013546	0.000451532915984	7.27044525737e-05	3.82655013546e-06	1.14796504064e-05	1.91327506773e-05	3.82655013546e-06	1.53062005418e-05	3.82655013546e-06	0	0	0	7.65310027092e-06
3.82655013546e-06	0.000543370119235	0.00128954739565	0	0	3.82655013546e-06	3.82655013546e-06	2.29593008128e-05	1.14796504064e-05	3.82655013546e-06	0	0.00737758866117	0	0.000535717018964	7.65310027092e-06	0	2.29593008128e-05	0.00791330568013	0.00371940673167	0.0225039413466	0	0.000114796504064	6.88779024383e-05	0.000684952474247	1.14796504064e-05	0.000382655013546	0.0100523472059	0.00199745917071	4.20920514901e-05	2.67858509482e-05	6.50513523028e-05	7.65310027092e-06	0	0	0.00705998499992	0	0.000520410818423	1.14796504064e-05	0	0	0	0	0	0	0	0	0.000122449604335	0	0.000137755804877	0	0	0	2.67858509482e-05	1.91327506773e-05	2.29593008128e-05	0	3.82655013546e-06	3.82655013546e-06	2.29593008128e-05	0	0.000528063918693	0.00029464436043	0.000440053265578	0	0	0	1.91327506773e-05	0	0	3.82655013546e-05	0.000811228628717	0.00225001147965	0.00315307731162	0.000639033872622	1.14796504064e-05	2.67858509482e-05	6.12248021674e-05	7.65310027092e-06	4.9745151761e-05	4.59186016255e-05	3.82655013546e-06	3.82655013546e-06	3.82655013546e-06	7.65310027092e-06
5.35717018964e-05	0	0	0	0.00230740973168	0	0.00185970336583	0.00163393690784	0.000202807157179	0.000176021306231	0.00622197052026	0	0.00813141903785	0	0.000103316853657	7.65310027092e-06	3.82655013546e-06	0	0	0	0.0164656452329	3.82655013546e-06	7.65310027092e-06	0	0.000998729585355	0	0	0	0.00185205026556	5.73982520319e-05	2.67858509482e-05	0	0	1.14796504064e-05	2.67858509482e-05	0	0	0	0	2.29593008128e-05	0	0	0	0	3.06124010837e-05	0	0	4.20920514901e-05	0	0	0	0	0	0	0	4.20920514901e-05	0	3.82655013546e-06	0	1.91327506773e-05	0	0	0	7.65310027092e-06	0	0	0	0	0	0	1.91327506773e-05	3.82655013546e-06	3.06124010837e-05	1.14796504064e-05	1.53062005418e-05	0	0	0	0	0	0	0	0	0
0.000133929254741	0.000153062005418	0.00114796504064	0	7.65310027092e-06	0	7.65310027092e-06	0.00102934198644	5.35717018964e-05	0.000225766457992	2.29593008128e-05	4.9745151761e-05	3.82655013546e-06	3.06124010837e-05	3.44389512191e-05	3.82655013546e-06	0.00444262470727	0.00113648539023	3.82655013546e-06	0.000114796504064	3.82655013546e-06	0.0340256838045	0.00126658809484	0.0170702401543	0.00231888938209	0	0.00016836820596	0.00125510844443	0.00651278833055	0.000348216062327	0.00976535594569	0	0	6.50513523028e-05	0.00334823136853	3.82655013546e-06	6.12248021674e-05	1.91327506773e-05	0	0	0	0	7.65310027092e-06	3.82655013546e-06	3.06124010837e-05	0	3.82655013546e-06	0	0	7.65310027092e-06	0	7.65310027092e-06	1.53062005418e-05	0	3.82655013546e-06	0	1.14796504064e-05	8.03575528447e-05	2.29593008128e-05	3.06124010837e-05	7.65310027092e-06	7.65310027092e-06	3.82655013546e-05	7.65310027092e-06	1.14796504064e-05	1.53062005418e-05	0	0	0	2.29593008128e-05	0.0020395512222	0.00122832259348	0.00169133515987	0.00058163562059	4.59186016255e-05	3.82655013546e-06	2.29593008128e-05	1.53062005418e-05	1.14796504064e-05	1.91327506773e-05	1.14796504064e-05	1.14796504064e-05	3.82655013546e-06	0
0.000149235455283	0.00232271593222	0.00158036520594	0	4.9745151761e-05	0	1.91327506773e-05	0.000815055178853	7.27044525737e-05	0.00406379624386	5.35717018964e-05	3.44389512191e-05	1.14796504064e-05	1.53062005418e-05	7.27044525737e-05	7.65310027092e-06	0.00702171949857	0.000313777111108	7.65310027092e-06	6.88779024383e-05	7.65310027092e-06	0.00126658809484	0.022343226241	0.00408292899454	0.00494772932515	3.82655013546e-06	0.000195154056908	0.00547579324384	0.00397578559074	0.000352042612462	0.000987249934949	0	0	5.73982520319e-05	0.00107526058806	7.65310027092e-06	0.000466839116526	0.000214286807586	0	7.65310027092e-06	0	3.82655013546e-06	4.20920514901e-05	1.53062005418e-05	0.000260205409211	0	7.65310027092e-06	7.65310027092e-06	3.82655013546e-06	1.91327506773e-05	0	0.000206633707315	0.000145408905147	0	2.67858509482e-05	0	0.000141582355012	0.00183291751489	0.000547196669371	0.00021046025745	3.82655013546e-06	7.65310027092e-05	0.000363522262869	0.000114796504064	4.59186016255e-05	0.000176021306231	0	0	2.29593008128e-05	0.00016836820596	0.00178699891326	0.00129720049592	0.00095281098373	0.000340562962056	5.35717018964e-05	3.82655013546e-06	3.82655013546e-06	0.000130102704606	8.80106531156e-05	8.41841029801e-05	5.73982520319e-05	1.53062005418e-05	1.14796504064e-05	0
0.000118623054199	0.000903065831969	0.0100332144552	0	1.14796504064e-05	0	7.65310027092e-06	0.00101786233603	6.50513523028e-05	0.00041326741463	4.59186016255e-05	0.000153062005418	3.82655013546e-06	8.03575528447e-05	9.1837203251e-05	1.14796504064e-05	0.00966969219231	0.00720922045521	2.67858509482e-05	0.000684952474247	0	0.0170702401543	0.00408292899454	0.0547387996878	0.00243751243629	1.14796504064e-05	0.00130485359619	0.00826152174246	0.00458803361242	0.000428573615172	0.00434696095388	0	3.82655013546e-06	6.88779024383e-05	0.00554849769642	0	0.000275511609753	7.65310027092e-05	0	3.82655013546e-06	0	0	3.82655013546e-06	0	3.82655013546e-05	0	3.82655013546e-06	0	0	0	0	2.67858509482e-05	4.59186016255e-05	0	1.14796504064e-05	0	1.91327506773e-05	0.000325256761514	8.80106531156e-05	2.67858509482e-05	1.91327506773e-05	7.65310027092e-05	0.000229593008128	1.91327506773e-05	0	1.53062005418e-05	0	0	0	3.82655013546e-05	0.00548344634411	0.00378828463411	0.00422451134955	0.00140051734958	0.000130102704606	5.73982520319e-05	5.73982520319e-05	4.9745151761e-05	6.12248021674e-05	4.9745151761e-05	3.06124010837e-05	1.14796504064e-05	3.82655013546e-06	0
0.000443879815713	7.65310027092e-05	0.000137755804877	0	0.00392986698912	0	0.000317603661243	0.0061837050189	0.000459186016255	0.00831891999449	0.00115179159077	3.82655013546e-06	0.00125510844443	7.65310027092e-06	0.000325256761514	4.20920514901e-05	0.00709059740101	7.27044525737e-05	3.82655013546e-06	1.14796504064e-05	0.000998729585355	0.00231888938209	0.00494772932515	0.00243751243629	0.038586931566	3.82655013546e-06	1.14796504064e-05	0.0005395435691	0.0201161740621	0.00100255613549	0.00200511227098	0	0	0.000149235455283	0.000960464084	2.67858509482e-05	7.65310027092e-06	1.14796504064e-05	0	3.82655013546e-05	0	2.67858509482e-05	0.000107143403793	3.06124010837e-05	0.00075000382655	1.91327506773e-05	0	4.59186016255e-05	0	2.67858509482e-05	3.82655013546e-06	2.29593008128e-05	1.14796504064e-05	0	0	3.82655013546e-05	6.12248021674e-05	0.000432400165307	4.9745151761e-05	0.000485971867203	0	3.82655013546e-06	3.82655013546e-06	0.000172194756096	4.9745151761e-05	0.000122449604335	0	0	1.91327506773e-05	9.9490303522e-05	0.00116709779132	0.000604594921403	0.000516584268287	0.000183674406502	9.9490303522e-05	0	3.82655013546e-06	7.65310027092e-05	1.53062005418e-05	1.91327506773e-05	1.53062005418e-05	4.20920514901e-05	1.14796504064e-05	0
0	0.000432400165307	3.44389512191e-05	0	0	0	0	0	0	0	0	0.00149618110296	0	0.00266327889428	0	0	3.82655013546e-06	9.9490303522e-05	0.000172194756096	0.000382655013546	0	0	3.82655013546e-06	1.14796504064e-05	3.82655013546e-06	0.00665437068556	0.000891586181562	0.000260205409211	3.82655013546e-06	0	0	1.14796504064e-05	0	0	0.000237246108399	0	0.000179847856367	0	0	0	0	0	0	0	0	0	0.000160715105689	0	0.000390308113817	0	0	0	1.14796504064e-05	7.65310027092e-06	2.67858509482e-05	0	0	0	0	0	0.00104847473712	0.000172194756096	0.000382655013546	0	0	0	3.82655013546e-06	0	0	2.67858509482e-05	2.67858509482e-05	0.000987249934949	0.000355869162598	4.20920514901e-05	0	0	0.000799748978311	3.82655013546e-06	0.000214286807586	4.59186016255e-05	3.82655013546e-06	0	0	4.59186016255e-05
0	0.00181761131434	0.00583166240644	0	0	3.82655013546e-06	3.82655013546e-06	2.29593008128e-05	3.82655013546e-06	3.82655013546e-06	0	0.00794774463135	0	0.00218878667748	3.82655013546e-06	0	4.20920514901e-05	0.00554084459615	0.00277424884821	0.0100523472059	0	0.00016836820596	0.000195154056908	0.00130485359619	1.14796504064e-05	0.000891586181562	0.0490984647881	0.0142462461543	6.88779024383e-05	3.44389512191e-05	0.000103316853657	0.000375001913275	0	3.82655013546e-06	0.00446558400808	0	0.00145026250134	5.35717018964e-05	0	0	0	0	0	0	0	0	0.000179847856367	0	0.000283164710024	0	0	0	6.88779024383e-05	4.9745151761e-05	5.35717018964e-05	0	1.14796504064e-05	0	1.53062005418e-05	0	0.00110587298915	0.000696432124654	0.00111352608942	0	0	0	1.14796504064e-05	0	0	8.41841029801e-05	0.00102934198644	0.00309185250945	0.00283930020051	0.000570155970184	3.82655013546e-06	1.91327506773e-05	6.88779024383e-05	2.29593008128e-05	0.000183674406502	0.000122449604335	3.44389512191e-05	3.82655013546e-06	0	7.65310027092e-06
1.53062005418e-05	0.00625258292134	0.0112270980974	0	3.82655013546e-06	0	3.82655013546e-06	0.000118623054199	2.29593008128e-05	0.000248725758805	1.53062005418e-05	0.00110587298915	0	0.000811228628717	7.65310027092e-06	1.53062005418e-05	0.00590819340915	0.00239924693493	0.000275511609753	0.00199745917071	0	0.00125510844443	0.00547579324384	0.00826152174246	0.0005395435691	0.000260205409211	0.0142462461543	0.053502823994	0.00075000382655	9.56637533865e-05	0.000367348813004	4.20920514901e-05	0	1.91327506773e-05	0.00262118684279	0	0.00159949795662	0.000225766457992	0	0	0	0	7.65310027092e-06	0	1.53062005418e-05	0	4.9745151761e-05	0	6.88779024383e-05	0	0	5.35717018964e-05	0.000149235455283	7.65310027092e-06	6.88779024383e-05	0	2.67858509482e-05	0.000378828463411	0.000233419558263	1.91327506773e-05	0.000306124010837	0.000440053265578	0.000926025132781	1.14796504064e-05	0	1.91327506773e-05	7.65310027092e-06	0	0	0.000114796504064	0.00234950178317	0.00306124010837	0.00217348047694	0.000654340073164	4.9745151761e-05	1.14796504064e-05	1.53062005418e-05	4.20920514901e-05	0.000164541655825	8.80106531156e-05	5.73982520319e-05	0	1.14796504064e-05	7.65310027092e-06
0.0012512818943	6.12248021674e-05	0.000417093964765	0	0.00369644743085	0	0.000688779024383	0.0226187378507	0.00107143403793	0.00397961214088	0.00789417292945	3.82655013546e-06	0.000528063918693	2.29593008128e-05	0.000753830376686	3.06124010837e-05	0.0064745228292	0.000237246108399	0	4.20920514901e-05	0.00185205026556	0.00651278833055	0.00397578559074	0.00458803361242	0.0201161740621	3.82655013546e-06	6.88779024383e-05	0.00075000382655	0.0635130791484	0.00228062388073	0.0100140817045	0	0	0.000332909861785	0.00240307348507	2.29593008128e-05	7.65310027092e-06	7.65310027092e-06	0	3.44389512191e-05	0	1.91327506773e-05	9.1837203251e-05	3.06124010837e-05	0.000673472823841	1.14796504064e-05	0	4.59186016255e-05	0	3.44389512191e-05	0	3.82655013546e-05	3.82655013546e-06	0	0	2.67858509482e-05	5.73982520319e-05	0.000470665666662	4.20920514901e-05	0.000394134663952	0	0	1.91327506773e-05	0.000137755804877	4.59186016255e-05	0.000145408905147	0	0	1.53062005418e-05	9.56637533865e-05	0.0025790947913	0.00133163944714	0.00136990494849	0.000585462170725	0.000160715105689	3.44389512191e-05	1.53062005418e-05	8.03575528447e-05	7.65310027092e-06	1.91327506773e-05	1.53062005418e-05	4.59186016255e-05	3.82655013546e-06	0
0.0051581895826	1.14796504064e-05	0.000103316853657	0	9.1837203251e-05	0.000229593008128	0.00156123245527	0.00506252582921	0.00487502487258	0.000562502869913	0.000803575528447	3.44389512191e-05	0.000271685059618	5.35717018964e-05	0.00560589594845	0.000443879815713	0.000237246108399	5.73982520319e-05	7.65310027092e-06	2.67858509482e-05	5.73982520319e-05	0.000348216062327	0.000352042612462	0.000428573615172	0.00100255613549	0	3.44389512191e-05	9.56637533865e-05	0.00228062388073	0.028503971959	0.00569008005143	0	0.000164541655825	0.00447323710835	0.00386864218695	3.82655013546e-06	7.65310027092e-06	0	0	0	0	0	2.29593008128e-05	0	0.000122449604335	0	0	3.82655013546e-06	0	0	0	3.82655013546e-06	0	0	0	0	1.53062005418e-05	5.73982520319e-05	1.14796504064e-05	5.35717018964e-05	0	0	3.82655013546e-06	4.59186016255e-05	3.82655013546e-06	2.67858509482e-05	0	0	3.82655013546e-06	1.14796504064e-05	0.00245664518697	0.000459186016255	0.00259822754198	0.000788269327905	0.000704085224925	0.000658166623299	1.14796504064e-05	1.91327506773e-05	0	7.65310027092e-06	3.82655013546e-06	3.82655013546e-06	0	0
0.00267858509482	8.03575528447e-05	0.000463012566391	0	6.12248021674e-05	0	0.000191327506773	0.010029387905	0.000658166623299	0.000742350726279	0.000375001913275	1.91327506773e-05	7.27044525737e-05	7.65310027092e-06	0.000474492216797	2.67858509482e-05	0.0010790871382	0.000420920514901	0	6.50513523028e-05	2.67858509482e-05	0.00976535594569	0.000987249934949	0.00434696095388	0.00200511227098	0	0.000103316853657	0.000367348813004	0.0100140817045	0.00569008005143	0.0352233939969	0	7.65310027092e-06	0.000485971867203	0.00325256761514	3.82655013546e-06	7.65310027092e-06	0	0	1.53062005418e-05	0	0	2.29593008128e-05	3.82655013546e-06	0.000130102704606	0	3.82655013546e-06	7.65310027092e-06	0	7.65310027092e-06	0	1.53062005418e-05	0	0	0	7.65310027092e-06	1.14796504064e-05	0.000107143403793	2.29593008128e-05	7.27044525737e-05	0	0	7.65310027092e-06	2.67858509482e-05	1.14796504064e-05	2.29593008128e-05	0	0	0	1.14796504064e-05	0.00216200082653	0.00105612783739	0.00136990494849	0.000516584268287	9.9490303522e-05	3.44389512191e-05	0	1.14796504064e-05	3.82655013546e-06	1.53062005418e-05	7.65310027092e-06	7.65310027092e-06	0	0
0	0	0	0	0	0	0	0	0	0	0	0.00016836820596	0	8.41841029801e-05	0	0	0	3.82655013546e-06	1.91327506773e-05	7.65310027092e-06	0	0	0	0	0	1.14796504064e-05	0.000375001913275	4.20920514901e-05	0	0	0	0.000378828463411	0	0	1.91327506773e-05	0	0	0	0	0	0	0	0	0	0	0	0	0	0	0	0	0	0	0	0	0	0	0	0	0	0	0	0	0	0	0	0	0	0	0	0	1.14796504064e-05	1.14796504064e-05	0	0	3.82655013546e-06	0	0	0	0	0	0	0	0
7.65310027092e-06	0	0	0	0	0.0015000076531	0.00115944469104	3.82655013546e-06	0.00091837203251	0	3.82655013546e-06	3.82655013546e-06	3.82655013546e-06	3.82655013546e-06	0.000753830376686	9.56637533865e-05	0	0	0	0	0	0	0	3.82655013546e-06	0	0	0	0	0	0.000164541655825	7.65310027092e-06	0	0.00313777111108	0	0.000283164710024	0	0	0	0	0	0	0	0	0	0	0	0	0	0	0	0	0	0	0	0	0	0	0	0	0	0	0	0	0	0	0	0	0	0	0	3.82655013546e-06	0	5.73982520319e-05	1.53062005418e-05	8.41841029801e-05	0.000815055178853	0	0	0	0	0	0	0	0
0.000684952474247	0	1.91327506773e-05	0	1.14796504064e-05	3.82655013546e-06	9.56637533865e-05	0.000589288720861	0.00032908331165	6.50513523028e-05	9.9490303522e-05	0	3.06124010837e-05	0	0.000244899208669	1.14796504064e-05	4.9745151761e-05	2.29593008128e-05	0	0	1.14796504064e-05	6.50513523028e-05	5.73982520319e-05	6.88779024383e-05	0.000149235455283	0	3.82655013546e-06	1.91327506773e-05	0.000332909861785	0.00447323710835	0.000485971867203	0	0	0.00516966923301	0.00075000382655	3.82655013546e-06	0	0	0	0	0	0	3.82655013546e-06	0	1.14796504064e-05	0	0	0	0	0	0	0	0	0	0	0	0	0	0	7.65310027092e-06	0	0	0	0	0	3.82655013546e-06	0	0	0	0	0.000547196669371	8.41841029801e-05	0.000302297460701	8.80106531156e-05	9.56637533865e-05	3.82655013546e-05	3.82655013546e-06	3.82655013546e-06	3.82655013546e-06	0	3.82655013546e-06	3.82655013546e-06	0	0
0.000669646273705	0.000723217975602	0.00322195521406	0	2.29593008128e-05	0.000646686972893	0.000772963127363	0.00167602895933	0.00153444660432	0.000332909861785	0.000260205409211	0.00615691916795	8.41841029801e-05	0.000971943734407	0.00114031194037	0.000221939907857	0.00106760748779	0.0059349792601	0.000727044525737	0.00705998499992	2.67858509482e-05	0.00334823136853	0.00107526058806	0.00554849769642	0.000960464084	0.000237246108399	0.00446558400808	0.00262118684279	0.00240307348507	0.00386864218695	0.00325256761514	1.91327506773e-05	0.000283164710024	0.00075000382655	0.0423560834494	3.82655013546e-06	0.000459186016255	4.9745151761e-05	0	3.82655013546e-06	0	0	3.82655013546e-06	0	4.59186016255e-05	0	6.12248021674e-05	3.82655013546e-06	9.1837203251e-05	0	0	1.53062005418e-05	3.82655013546e-05	1.53062005418e-05	2.29593008128e-05	3.82655013546e-06	2.67858509482e-05	9.9490303522e-05	4.20920514901e-05	4.59186016255e-05	0.000309950560972	0.000179847856367	0.000355869162598	2.67858509482e-05	7.65310027092e-06	1.53062005418e-05	0	0	7.65310027092e-06	6.50513523028e-05	0.00831891999449	0.00560972249858	0.0198559686529	0.00473344251756	0.000558676319777	0.00156888555554	0.00021046025745	9.1837203251e-05	8.03575528447e-05	9.1837203251e-05	4.20920514901e-05	2.29593008128e-05	1.91327506773e-05	3.82655013546e-06
0	0	0	0	0	0	3.82655013546e-06	1.53062005418e-05	3.82655013546e-06	6.12248021674e-05	3.82655013546e-06	0	7.65310027092e-06	0	0	0	0	0	0	0	0	3.82655013546e-06	7.65310027092e-06	0	2.67858509482e-05	0	0	0	2.29593008128e-05	3.82655013546e-06	3.82655013546e-06	0	0	3.82655013546e-06	3.82655013546e-06	0.0115064362573	7.65310027092e-06	3.44389512191e-05	0	6.88779024383e-05	1.53062005418e-05	0.000772963127363	0.00501660722759	0.0014349563008	0.000237246108399	0.000206633707315	0	0.000306124010837	0	0.00561354904872	0.000225766457992	4.9745151761e-05	5.73982520319e-05	0	0	0.000107143403793	0.000325256761514	0.000114796504064	0.000214286807586	0.000734697626008	0	3.82655013546e-06	7.65310027092e-06	0.000627554222215	0.00433930785361	0.00231888938209	0	1.14796504064e-05	0.000348216062327	0.00122832259348	0	0	0	0	0	0	0	0.000367348813004	2.29593008128e-05	0.000378828463411	0.000118623054199	0.000195154056908	7.27044525737e-05	0
0	0.00207399017342	0.00111352608942	0	0	0	0	0	0	1.53062005418e-05	0	0.000298470910566	0	8.41841029801e-05	0	0	4.59186016255e-05	0.000424747065036	5.35717018964e-05	0.000520410818423	0	6.12248021674e-05	0.000466839116526	0.000275511609753	7.65310027092e-06	0.000179847856367	0.00145026250134	0.00159949795662	7.65310027092e-06	7.65310027092e-06	7.65310027092e-06	0	0	0	0.000459186016255	7.65310027092e-06	0.0184248389022	0.00133163944714	0	0	0	7.65310027092e-06	3.82655013546e-06	1.14796504064e-05	4.20920514901e-05	0	0.000554849769642	0	0.000447706365849	7.65310027092e-06	0	0.00012627615447	0.00159567140649	0.000110969953928	0.000906892382104	0	0.000149235455283	0.00188266266665	0.000941331333323	7.27044525737e-05	0.00309950560972	0.00499747447691	0.0109401068373	2.67858509482e-05	1.14796504064e-05	9.9490303522e-05	3.44389512191e-05	0	7.65310027092e-06	0.00107143403793	0.000225766457992	0.000742350726279	0.000283164710024	7.27044525737e-05	7.65310027092e-06	0	0	0.000394134663952	0.00135459874795	0.00120153674253	0.000466839116526	4.9745151761e-05	0.000103316853657	4.59186016255e-05
0	0.000302297460701	0.000156888555554	0	0	0	0	0	0	1.14796504064e-05	0	7.65310027092e-06	0	0	0	0	2.29593008128e-05	1.53062005418e-05	7.65310027092e-06	1.14796504064e-05	0	1.91327506773e-05	0.000214286807586	7.65310027092e-05	1.14796504064e-05	0	5.35717018964e-05	0.000225766457992	7.65310027092e-06	0	0	0	0	0	4.9745151761e-05	3.44389512191e-05	0.00133163944714	0.0274937627233	0	3.82655013546e-06	0	1.91327506773e-05	0.00012627615447	3.06124010837e-05	2.29593008128e-05	3.82655013546e-06	0.00012627615447	3.82655013546e-06	2.67858509482e-05	3.44389512191e-05	7.65310027092e-06	0.000704085224925	0.00765310027092	7.65310027092e-06	0.000857147230343	0	0.00258292134144	0.00115944469104	0.0138559380405	0.000122449604335	8.41841029801e-05	0.00687248404329	0.00592732615983	0.000283164710024	9.1837203251e-05	0.00133929254741	0	3.82655013546e-06	4.20920514901e-05	0.00400639799183	6.12248021674e-05	6.50513523028e-05	4.9745151761e-05	1.91327506773e-05	3.82655013546e-06	0	0	0.00177934581299	0.0016722024092	0.00337119066934	0.00160332450676	0.000156888555554	0.000298470910566	3.44389512191e-05
0	0	0	0	0	0	0	0	0	0	0	0	0	0	0	0	0	0	0	0	0	0	0	0	0	0	0	0	0	0	0	0	0	0	0	0	0	0	0	0	0	0	0	0	0	0	0	0	0	0	0	0	0	0	0	0	0	0	0	0	0	0	0	0	0	0	0	0	0	0	0	0	0	0	0	0	0	0	0	0	0	0	0	0
3.82655013546e-06	0	0	0	0.0016836820596	0	0	2.29593008128e-05	7.65310027092e-06	0.000130102704606	3.82655013546e-06	0	7.65310027092e-06	0	7.65310027092e-06	0	0	0	0	0	2.29593008128e-05	0	7.65310027092e-06	3.82655013546e-06	3.82655013546e-05	0	0	0	3.44389512191e-05	0	1.53062005418e-05	0	0	0	3.82655013546e-06	6.88779024383e-05	0	3.82655013546e-06	0	0.014831708325	0	0.000424747065036	0.000684952474247	0.000248725758805	0.000420920514901	0.00127424119511	0	0.00484823902163	0	0.000137755804877	2.67858509482e-05	1.91327506773e-05	0	0	0	0.00968882494298	2.67858509482e-05	3.06124010837e-05	1.91327506773e-05	0.00763014097011	0	3.82655013546e-06	3.82655013546e-06	0.00180995821407	7.27044525737e-05	0.000107143403793	0	0	3.82655013546e-05	8.03575528447e-05	3.82655013546e-06	0	3.82655013546e-06	0	3.82655013546e-06	0	0	3.06124010837e-05	3.82655013546e-06	2.67858509482e-05	3.82655013546e-06	0.000103316853657	3.82655013546e-06	0
0	0	0	0	0	0	0	0	0	0	0	0	0	0	0	0	0	0	0	0	0	0	0	0	0	0	0	0	0	0	0	0	0	0	0	1.53062005418e-05	0	0	0	0	0.00652426798096	0.00211608222491	1.91327506773e-05	0.00287756570187	1.14796504064e-05	0	1.14796504064e-05	7.65310027092e-06	0	0.000753830376686	0.00134311909755	3.82655013546e-06	0	0	0	0	3.82655013546e-06	0	7.65310027092e-06	3.82655013546e-06	3.82655013546e-06	0	0	3.82655013546e-06	0.00117092434145	7.65310027092e-06	0	0.00166454930893	7.65310027092e-06	0.000765310027092	0	0	0	0	0	0	0	3.44389512191e-05	1.53062005418e-05	0.000110969953928	2.29593008128e-05	0.000493624967474	0.000604594921403	0
0	0	0	0	2.67858509482e-05	0	0	1.14796504064e-05	0	3.44389512191e-05	3.82655013546e-06	0	0	0	0	0	0	0	0	0	0	0	3.82655013546e-06	0	2.67858509482e-05	0	0	0	1.91327506773e-05	0	0	0	0	0	0	0.000772963127363	7.65310027092e-06	1.91327506773e-05	0	0.000424747065036	0.00211608222491	0.0384606554115	0.00224618492951	0.014942678279	0.000309950560972	0.00767605957173	1.14796504064e-05	0.00835335894571	0	0.00383420323573	0.00446558400808	1.14796504064e-05	2.29593008128e-05	3.82655013546e-06	0	0.00184057061516	7.65310027092e-05	4.9745151761e-05	6.88779024383e-05	0.000979596834678	3.82655013546e-06	7.65310027092e-06	2.29593008128e-05	0.000960464084	0.00320664901352	0.000463012566391	0	0.00143112975066	0.000122449604335	0.00170664136042	3.82655013546e-06	0	0	0	0	0	0	0.000325256761514	1.91327506773e-05	0.00058163562059	0.000145408905147	0.000677299373976	0.00021046025745	0
