0.0260649428957	8.86713485139e-06	5.32028091083e-05	0	0.000314783287224	4.43356742569e-06	0.00321876995105	0.0097494147691	0.00717351209477	0.000394587500887	0.00158278357097	2.21678371285e-05	0.000979818401078	0	0.00773214159041	0.000159608427325	0.000221678371285	5.32028091083e-05	0	1.77342697028e-05	0.000656167979003	0.000425622472867	0.000172909129602	0.000421188905441	0.00161381854295	0	3.54685394055e-05	6.65035113854e-05	0.00275324537136	0.0106494289565	0.00600305029439	0	4.43356742569e-06	0.00371976307016	0.00397247641342	4.43356742569e-06	0	0	0	1.33007022771e-05	0	0	2.66014045542e-05	4.43356742569e-06	0.000181776264453	0	0	0	0	4.43356742569e-06	4.43356742569e-06	2.66014045542e-05	4.43356742569e-06	0	4.43356742569e-06	8.86713485139e-06	0	5.32028091083e-05	1.33007022771e-05	0.000128573455345	0	0	4.43356742569e-06	3.99021068312e-05	0	8.86713485139e-06	0	0	0	4.43356742569e-06	0.00116602823296	0.000106405618217	0.00182662977939	0.000509860253955	0.000274881180393	3.54685394055e-05	0	2.66014045542e-05	8.86713485139e-06	0	0	4.43356742569e-06	0	0
8.86713485139e-06	0.0136686883734	0.00244289565156	0	0	0	0	8.86713485139e-06	0	5.32028091083e-05	0	0.000239412640987	0	7.09370788111e-05	0	1.77342697028e-05	0.000164041994751	0.000775874299496	2.66014045542e-05	0.000602965169894	0	0.000164041994751	0.00177342697028	0.00107735688444	5.32028091083e-05	0.00038128679861	0.00302812655175	0.0079715542314	4.87692416826e-05	2.66014045542e-05	0.000101972050791	8.86713485139e-06	0	2.66014045542e-05	0.000704937220685	0	0.00336064410868	0.00031921685465	0	0	0	0	4.43356742569e-06	0	8.86713485139e-06	0	0.000221678371285	0	0.000133007022771	0	0	3.10349719799e-05	0.000212811236433	6.65035113854e-05	0.000159608427325	0	3.10349719799e-05	0.000314783287224	0.000168475562176	8.86713485139e-06	0.000496559551678	0.000571930197914	0.00106405618217	8.86713485139e-06	4.43356742569e-06	8.86713485139e-06	4.43356742569e-06	0	0	0.000181776264453	0.000487692416826	0.000558629495637	0.000709370788111	0.000217244803859	1.33007022771e-05	0	4.43356742569e-06	0.000124139887919	0.000500993119103	0.000168475562176	5.7636376534e-05	0	0	4.43356742569e-06
5.32028091083e-05	0.00244289565156	0.0314339930482	0	0	4.43356742569e-06	2.21678371285e-05	3.54685394055e-05	2.21678371285e-05	7.98042136625e-05	4.43356742569e-06	0.000150741292474	1.33007022771e-05	3.10349719799e-05	2.66014045542e-05	8.86713485139e-05	0.000789175001773	0.00439809888629	1.33007022771e-05	0.000868979215436	0	0.0014675108179	0.0016049514081	0.0116248137902	0.000177342697028	3.10349719799e-05	0.00642423919983	0.0135268142158	0.000345818259204	0.000190643399305	0.000908881322267	4.43356742569e-06	0	0.000133007022771	0.00278871391076	0	0.000656167979003	7.53706462368e-05	0	0	0	0	0	0	4.43356742569e-06	0	3.54685394055e-05	0	1.33007022771e-05	0	4.43356742569e-06	1.77342697028e-05	4.87692416826e-05	4.43356742569e-06	2.66014045542e-05	0	2.21678371285e-05	0.000270447612967	7.98042136625e-05	1.33007022771e-05	6.20699439597e-05	6.65035113854e-05	0.000221678371285	8.86713485139e-06	0	8.86713485139e-06	0	0	0	4.43356742569e-05	0.00283304958502	0.00185323118394	0.00318773497907	0.00108179045187	0.000106405618217	4.43356742569e-05	3.10349719799e-05	0.000124139887919	0.000155174859899	6.20699439597e-05	4.43356742569e-05	0	4.43356742569e-06	0
0	0	0	0	0	0	0	0	0	0	0	0	0	0	0	0	0	0	0	0	0	0	0	0	0	0	0	0	0	0	0	0	0	0	0	0	0	0	0	0	0	0	0	0	0	0	0	0	0	0	0	0	0	0	0	0	0	0	0	0	0	0	0	0	0	0	0	0	0	0	0	0	0	0	0	0	0	0	0	0	0	0	0	0
0.000314783287224	0	0	0	0.0135312477832	0	0.000469958147124	0.00212811236433	0.00022611193871	3.10349719799e-05	0.00169362275661	0	0.00192416826275	0	0.000110839185642	8.86713485139e-06	4.43356742569e-06	0	0	0	0.00558186138895	0	0	8.86713485139e-06	0.00540451869192	0	0	0	0.00577250478825	8.86713485139e-05	8.86713485139e-05	0	0	3.10349719799e-05	4.87692416826e-05	0	4.43356742569e-06	0	0	0.0011394268284	0	1.33007022771e-05	8.86713485139e-06	0	2.21678371285e-05	0.000106405618217	0	0.000310349719799	0	0	0	4.43356742569e-06	0	0	0	0.000611832304746	0	4.43356742569e-06	0	6.65035113854e-05	0	0	0	0.000172909129602	0	0	0	0	0	4.43356742569e-06	8.86713485139e-06	0	2.21678371285e-05	0	1.77342697028e-05	4.43356742569e-06	0	0	0	0	0	0	0	0
4.43356742569e-06	0	4.43356742569e-06	0	0	0.00617152585657	0.00267787472512	0	0.00116602823296	0	0	1.77342697028e-05	0	0	0.000266014045542	0.0012591331489	0	4.43356742569e-06	0	4.43356742569e-06	0	0	0	0	0	0	1.33007022771e-05	0	0	0.000443356742569	0	0	0.00206160885295	2.21678371285e-05	0.000651734411577	0	0	0	0	0	0	0	0	0	0	0	0	0	0	0	0	0	0	0	0	0	0	0	0	0	0	0	0	0	0	0	0	0	0	0	8.86713485139e-06	4.43356742569e-06	9.75384833653e-05	8.86713485139e-06	0.00161825211038	0.000886713485139	0	0	0	0	0	0	0	0
0.00321876995105	0	2.21678371285e-05	0	0.000469958147124	0.00267787472512	0.044388877066	0.00451337163936	0.0152426048095	0.000137440590196	0.0106715967936	6.20699439597e-05	0.00975828190395	4.43356742569e-06	0.00508086826984	0.0032276370859	8.86713485139e-06	1.33007022771e-05	4.43356742569e-06	2.21678371285e-05	0.00335621054125	7.09370788111e-05	3.10349719799e-05	9.75384833653e-05	0.000744839327516	0	1.33007022771e-05	1.33007022771e-05	0.00195076966731	0.00391484003689	0.000536461658509	0	0.00120149677236	0.000438923175144	0.00304142725403	0	0	0	0	4.43356742569e-06	0	0	0	0	3.10349719799e-05	0	0	0	0	0	0	4.43356742569e-06	0	0	0	8.86713485139e-06	0	0	0	1.77342697028e-05	0	0	0	0	0	4.43356742569e-06	0	0	0	0	0.000478825281975	5.32028091083e-05	0.00123696531177	0.000274881180393	0.00117046180038	0.000798042136625	0	1.33007022771e-05	0	0	4.43356742569e-06	0	0	0
0.0097494147691	8.86713485139e-06	3.54685394055e-05	0	0.00212811236433	0	0.00451337163936	0.0447036603533	0.00487692416826	0.000979818401078	0.0088183656097	1.77342697028e-05	0.00214584663404	8.86713485139e-06	0.00288625239413	8.42377810882e-05	0.000399021068312	5.7636376534e-05	0	1.77342697028e-05	0.00282418245017	0.000735972192665	0.000292615450096	0.00057636376534	0.00661044903171	4.43356742569e-06	3.54685394055e-05	6.65035113854e-05	0.0168785911896	0.00361335745194	0.0119573313471	0	0	0.00153844789672	0.00238969284245	8.86713485139e-06	4.43356742569e-06	4.43356742569e-06	0	3.99021068312e-05	0	1.33007022771e-05	7.98042136625e-05	8.86713485139e-06	0.000558629495637	3.10349719799e-05	0	2.21678371285e-05	0	8.86713485139e-06	8.86713485139e-06	4.87692416826e-05	1.33007022771e-05	0	0	4.43356742569e-05	8.86713485139e-06	0.000124139887919	1.33007022771e-05	0.000430056040292	0	4.43356742569e-06	0	0.000128573455345	1.33007022771e-05	1.77342697028e-05	0	0	8.86713485139e-06	1.33007022771e-05	0.000842377810882	7.09370788111e-05	0.00106848974959	0.00022611193871	0.000195076966731	8.86713485139e-06	0	2.66014045542e-05	4.43356742569e-06	0	4.43356742569e-06	1.33007022771e-05	0	0
0.00717351209477	0	2.21678371285e-05	0	0.00022611193871	0.00116602823296	0.0152426048095	0.00487692416826	0.0381153791587	4.87692416826e-05	0.00552865857984	7.09370788111e-05	0.001103958289	4.43356742569e-06	0.0159431084628	0.000274881180393	3.54685394055e-05	8.86713485139e-06	4.43356742569e-06	1.77342697028e-05	0.000647300844151	7.53706462368e-05	2.66014045542e-05	0.000124139887919	0.00060739873732	4.43356742569e-06	3.54685394055e-05	3.10349719799e-05	0.00121923104207	0.00589664467617	0.00112612612613	0	0.0012946016883	0.00066946868128	0.00328527346244	4.43356742569e-06	0	0	0	8.86713485139e-06	0	0	4.43356742569e-06	0	2.21678371285e-05	0	0	0	0	0	0	4.43356742569e-06	4.43356742569e-06	0	0	4.43356742569e-06	0	1.33007022771e-05	4.43356742569e-06	1.33007022771e-05	0	0	0	4.43356742569e-06	0	4.43356742569e-06	0	0	0	4.43356742569e-06	0.000390153933461	5.32028091083e-05	0.00126356671632	0.00028818188267	0.000230545506136	0.000456657444846	0	4.43356742569e-06	0	0	0	0	0	0
0.000394587500887	5.32028091083e-05	7.98042136625e-05	0	3.10349719799e-05	0	0.000137440590196	0.000979818401078	4.87692416826e-05	0.0114386039583	3.10349719799e-05	4.43356742569e-06	0.00104188834504	0	3.10349719799e-05	0.000234979073562	0.000731538625239	1.77342697028e-05	0	4.43356742569e-06	7.53706462368e-05	0.000323650422076	0.00252713343265	0.000310349719799	0.00537791728737	0	4.43356742569e-06	0.000203944101582	0.00195076966731	0.000500993119103	0.00128573455345	0	0	0.000310349719799	0.000580797332766	3.99021068312e-05	0	4.43356742569e-06	0	5.7636376534e-05	0	4.43356742569e-06	0.000159608427325	1.33007022771e-05	0.00147194438533	2.21678371285e-05	0	1.33007022771e-05	0	1.77342697028e-05	4.43356742569e-06	0.000155174859899	0	0	0	4.43356742569e-05	2.66014045542e-05	0.00035025182663	3.54685394055e-05	0.000904447754841	0	0	1.33007022771e-05	0.000279314747819	1.33007022771e-05	7.98042136625e-05	0	0	1.33007022771e-05	8.86713485139e-06	0.00028818188267	3.10349719799e-05	0.000252713343265	5.32028091083e-05	0.000279314747819	4.43356742569e-06	0	7.53706462368e-05	2.21678371285e-05	1.77342697028e-05	1.33007022771e-05	1.77342697028e-05	0	0
0.00158278357097	0	4.43356742569e-06	0	0.00169362275661	0	0.0106715967936	0.0088183656097	0.00552865857984	3.10349719799e-05	0.032608888416	0	0.00416311981273	0	0.000868979215436	1.77342697028e-05	2.21678371285e-05	0	0	0	0.00568826700716	2.21678371285e-05	8.86713485139e-06	2.66014045542e-05	0.00120149677236	0	0	8.86713485139e-06	0.00701833723487	0.000390153933461	0.00028818188267	0	4.43356742569e-06	0.000141874157622	0.000243846208413	0	0	0	0	8.86713485139e-06	0	4.43356742569e-06	0	0	3.99021068312e-05	8.86713485139e-06	0	4.43356742569e-06	0	0	8.86713485139e-06	4.43356742569e-06	0	0	0	8.86713485139e-06	4.43356742569e-06	4.43356742569e-06	0	3.99021068312e-05	0	0	0	4.43356742569e-06	0	0	0	0	0	0	0.000101972050791	4.43356742569e-06	9.75384833653e-05	8.86713485139e-06	1.77342697028e-05	0	0	4.43356742569e-06	0	0	0	8.86713485139e-06	0	0
2.21678371285e-05	0.000239412640987	0.000150741292474	0	0	1.77342697028e-05	6.20699439597e-05	1.77342697028e-05	7.09370788111e-05	4.43356742569e-06	0	0.0281132510463	4.43356742569e-06	0.00694296658864	8.86713485139e-05	4.43356742569e-06	4.43356742569e-06	0.00051429382138	0.00144534298078	0.00481042065688	0	4.87692416826e-05	8.86713485139e-06	0.000155174859899	0	0.00272221039938	0.00829520465347	0.00147194438533	4.43356742569e-06	0.000292615450096	4.87692416826e-05	0.000496559551678	8.86713485139e-06	2.66014045542e-05	0.00580353976023	0	0.000243846208413	4.43356742569e-06	0	0	0	0	0	0	0	0	0.000301482584947	0	0.000345818259204	0	0	0	8.86713485139e-06	8.86713485139e-05	2.66014045542e-05	0	0	0	4.43356742569e-06	0	0.000735972192665	0.000212811236433	0.000217244803859	0	0	0	1.33007022771e-05	0	0	2.66014045542e-05	0.000385720366035	0.00309463006313	0.00406558132936	0.000505426686529	8.86713485139e-06	3.54685394055e-05	0.00060739873732	4.43356742569e-06	0.000155174859899	7.53706462368e-05	1.33007022771e-05	0	0	6.65035113854e-05
0.000979818401078	0	1.33007022771e-05	0	0.00192416826275	0	0.00975828190395	0.00214584663404	0.001103958289	0.00104188834504	0.00416311981273	4.43356742569e-06	0.0272088032915	0	0.000447790309995	0.00152071362701	4.43356742569e-06	4.43356742569e-06	0	0	0.0113543661772	4.43356742569e-05	8.86713485139e-06	2.66014045542e-05	0.00086454564801	0	4.43356742569e-06	0	0.00165815421721	0.000359118961481	0.000230545506136	0	0	0.000164041994751	0.000305916152373	0	0	0	0	4.43356742569e-05	0	4.43356742569e-06	4.43356742569e-06	0	6.65035113854e-05	2.66014045542e-05	0	0.000403454635738	0	0	0	4.43356742569e-06	0	0	0	0.000208377669008	0	8.86713485139e-06	0	3.99021068312e-05	0	0	0	8.86713485139e-06	0	0	0	0	4.43356742569e-06	4.43356742569e-06	0.000133007022771	4.43356742569e-06	0.000155174859899	3.54685394055e-05	0.000696070085834	0	0	0	0	0	0	0	0	0
0	7.09370788111e-05	3.10349719799e-05	0	0	0	4.43356742569e-06	8.86713485139e-06	4.43356742569e-06	0	0	0.00694296658864	0	0.0145731361283	4.43356742569e-06	0	0	5.32028091083e-05	7.09370788111e-05	0.000434489607718	0	0	0	4.43356742569e-06	0	0.0031744342768	0.00551092431014	0.00314783287224	0	2.21678371285e-05	4.43356742569e-06	0.00107735688444	0	4.43356742569e-06	0.00066946868128	0	0.000137440590196	4.43356742569e-06	0	0	0	0	0	0	0	0	0.000239412640987	0	0.000416755338015	0	0	0	8.86713485139e-06	4.87692416826e-05	1.77342697028e-05	0	0	0	0	0	0.000412321770589	9.75384833653e-05	0.000106405618217	0	0	0	4.43356742569e-06	0	0	8.86713485139e-06	8.86713485139e-06	0.000953216996524	0.000532028091083	3.10349719799e-05	0	4.43356742569e-06	0.000137440590196	4.43356742569e-06	0.000106405618217	3.10349719799e-05	4.43356742569e-06	0	0	4.43356742569e-05
0.00773214159041	0	2.66014045542e-05	0	0.000110839185642	0.000266014045542	0.00508086826984	0.00288625239413	0.0159431084628	3.10349719799e-05	0.000868979215436	8.86713485139e-05	0.000447790309995	4.43356742569e-06	0.0303921047031	0.000141874157622	2.66014045542e-05	8.86713485139e-06	0	2.21678371285e-05	0.00022611193871	5.7636376534e-05	2.66014045542e-05	8.42377810882e-05	0.00038128679861	4.43356742569e-06	3.10349719799e-05	2.21678371285e-05	0.000691636518408	0.0103701142087	0.000979818401078	0	0.000620699439597	0.000806909271476	0.00401681208768	4.43356742569e-06	0	0	0	4.43356742569e-06	0	0	4.43356742569e-06	0	1.77342697028e-05	0	0	0	0	0	0	4.43356742569e-06	4.43356742569e-06	0	0	0	0	1.33007022771e-05	4.43356742569e-06	3.10349719799e-05	0	0	0	4.43356742569e-06	0	0	0	0	0	0	0.000425622472867	6.20699439597e-05	0.00156061573384	0.000274881180393	0.000150741292474	0.000292615450096	4.43356742569e-06	4.43356742569e-06	0	0	0	0	0	0
0.000159608427325	1.77342697028e-05	8.86713485139e-05	0	8.86713485139e-06	0.0012591331489	0.0032276370859	8.42377810882e-05	0.000274881180393	0.000234979073562	1.77342697028e-05	4.43356742569e-06	0.00152071362701	0	0.000141874157622	0.0108179045187	3.54685394055e-05	3.54685394055e-05	0	0	1.33007022771e-05	7.53706462368e-05	3.10349719799e-05	0.000203944101582	6.20699439597e-05	0	3.10349719799e-05	3.54685394055e-05	7.98042136625e-05	0.000261580478116	0.000164041994751	0	2.66014045542e-05	0.000119706320494	0.000625133007023	8.86713485139e-06	0	4.43356742569e-06	0	8.86713485139e-06	0	0	0	4.43356742569e-06	8.86713485139e-06	0	8.86713485139e-06	4.43356742569e-06	0	8.86713485139e-06	2.21678371285e-05	8.86713485139e-06	0	0	4.43356742569e-06	4.43356742569e-06	8.86713485139e-06	8.86713485139e-06	2.21678371285e-05	8.86713485139e-06	0	0	0	8.86713485139e-06	1.33007022771e-05	4.43356742569e-06	0	0	0	3.54685394055e-05	0.00125469958147	0.000146307725048	0.000722671490388	0.000367986096333	0.00434489607718	7.53706462368e-05	0	0.000155174859899	5.32028091083e-05	8.86713485139e-05	7.53706462368e-05	1.33007022771e-05	1.33007022771e-05	0
0.000221678371285	0.000164041994751	0.000789175001773	0	4.43356742569e-06	0	8.86713485139e-06	0.000399021068312	3.54685394055e-05	0.000731538625239	2.21678371285e-05	4.43356742569e-06	4.43356742569e-06	0	2.66014045542e-05	3.54685394055e-05	0.0195742001844	0.000106405618217	0	2.21678371285e-05	4.43356742569e-06	0.00332517556927	0.0038660707952	0.00837057529971	0.00632670071646	0	4.87692416826e-05	0.00382616868837	0.00412321770589	0.00031921685465	0.00135223806484	0	0	0.000279314747819	0.0012946016883	0	5.7636376534e-05	1.33007022771e-05	0	0	0	0	1.77342697028e-05	0	0.000124139887919	0	0	0	0	0	4.43356742569e-06	0.000279314747819	4.43356742569e-06	0	0	0	1.77342697028e-05	0.000248279775839	0.000101972050791	6.65035113854e-05	0	0	4.43356742569e-05	4.43356742569e-05	0	2.21678371285e-05	0	0	0	2.66014045542e-05	0.00106848974959	0.000310349719799	0.000900014187416	0.000341384691778	5.7636376534e-05	8.86713485139e-06	4.43356742569e-06	5.32028091083e-05	5.32028091083e-05	2.66014045542e-05	1.77342697028e-05	4.43356742569e-06	4.43356742569e-06	0
5.32028091083e-05	0.000775874299496	0.00439809888629	0	0	4.43356742569e-06	1.33007022771e-05	5.7636376534e-05	8.86713485139e-06	1.77342697028e-05	0	0.00051429382138	4.43356742569e-06	5.32028091083e-05	8.86713485139e-06	3.54685394055e-05	0.000106405618217	0.0200131233596	6.65035113854e-05	0.00468628076896	0	0.00100198623821	0.000212811236433	0.00561732992835	4.43356742569e-05	4.43356742569e-05	0.00764790380932	0.00294388877066	9.31049159396e-05	7.53706462368e-05	0.000487692416826	0	4.43356742569e-06	3.99021068312e-05	0.00363109172164	0	0.000155174859899	8.86713485139e-06	0	0	0	0	0	0	8.86713485139e-06	0	1.33007022771e-05	0	1.77342697028e-05	0	0	0	0	8.86713485139e-06	0	0	0	1.77342697028e-05	4.43356742569e-06	0	3.99021068312e-05	5.7636376534e-05	9.75384833653e-05	0	0	0	0	0	0	8.86713485139e-06	0.00151628005959	0.00120593033979	0.00266014045542	0.000775874299496	7.09370788111e-05	1.77342697028e-05	1.77342697028e-05	6.65035113854e-05	1.77342697028e-05	2.66014045542e-05	1.77342697028e-05	0	0	0
0	2.66014045542e-05	1.33007022771e-05	0	0	0	4.43356742569e-06	0	4.43356742569e-06	0	0	0.00144534298078	0	7.09370788111e-05	0	0	0	6.65035113854e-05	0.00404784705966	0.00291728736611	0	0	4.43356742569e-06	1.33007022771e-05	0	5.32028091083e-05	0.00156061573384	0.000115272753068	0	4.43356742569e-06	4.43356742569e-06	0	0	0	0.00025714691069	0	2.21678371285e-05	0	0	0	0	0	0	0	0	0	1.33007022771e-05	0	1.77342697028e-05	0	0	0	0	4.43356742569e-06	0	0	0	0	0	0	1.77342697028e-05	8.86713485139e-06	1.77342697028e-05	0	0	0	0	0	0	0	2.21678371285e-05	0.000106405618217	0.000177342697028	1.33007022771e-05	0	0	0	0	4.43356742569e-06	0	0	0	0	0
1.77342697028e-05	0.000602965169894	0.000868979215436	0	0	4.43356742569e-06	2.21678371285e-05	1.77342697028e-05	1.77342697028e-05	4.43356742569e-06	0	0.00481042065688	0	0.000434489607718	2.21678371285e-05	0	2.21678371285e-05	0.00468628076896	0.00291728736611	0.0214895013123	0	0.000155174859899	5.32028091083e-05	0.000642867276726	8.86713485139e-06	0.000323650422076	0.0105518904732	0.00233205646591	1.77342697028e-05	6.65035113854e-05	9.31049159396e-05	2.66014045542e-05	4.43356742569e-06	8.86713485139e-06	0.00523604312974	0	0.000305916152373	8.86713485139e-06	0	0	0	0	0	0	0	0	9.31049159396e-05	0	8.86713485139e-05	0	4.43356742569e-06	0	8.86713485139e-06	2.21678371285e-05	8.86713485139e-06	0	0	0	0	0	0.000212811236433	0.000155174859899	0.000159608427325	0	0	0	0	0	0	8.86713485139e-06	0.000722671490388	0.00144090941335	0.00281974888274	0.00057636376534	4.43356742569e-06	1.33007022771e-05	3.54685394055e-05	2.66014045542e-05	3.99021068312e-05	2.66014045542e-05	1.33007022771e-05	0	0	0
0.000656167979003	0	0	0	0.00558186138895	0	0.00335621054125	0.00282418245017	0.000647300844151	7.53706462368e-05	0.00568826700716	0	0.0113543661772	0	0.00022611193871	1.33007022771e-05	4.43356742569e-06	0	0	0	0.0209175711144	1.77342697028e-05	0	1.33007022771e-05	0.00237639214017	0	0	4.43356742569e-06	0.00450893807193	0.000177342697028	0.000172909129602	0	0	8.86713485139e-05	0.000124139887919	0	0	0	0	7.09370788111e-05	0	0	0	0	4.43356742569e-06	8.86713485139e-06	0	0	0	0	0	0	0	0	0	4.43356742569e-06	0	4.43356742569e-06	0	8.86713485139e-06	0	0	0	4.43356742569e-06	0	0	0	0	0	0	5.32028091083e-05	4.43356742569e-06	5.32028091083e-05	0	1.77342697028e-05	0	0	0	0	0	0	0	0	0
0.000425622472867	0.000164041994751	0.0014675108179	0	0	0	7.09370788111e-05	0.000735972192665	7.53706462368e-05	0.000323650422076	2.21678371285e-05	4.87692416826e-05	4.43356742569e-05	0	5.7636376534e-05	7.53706462368e-05	0.00332517556927	0.00100198623821	0	0.000155174859899	1.77342697028e-05	0.0311147761935	0.00103745477761	0.0144046605661	0.00169805632404	0	0.000399021068312	0.00113499326098	0.00569270057459	0.000922182024544	0.00986025395474	0	0	0.000536461658509	0.00417198694758	0	3.10349719799e-05	1.33007022771e-05	0	0	0	0	8.86713485139e-06	4.43356742569e-06	7.53706462368e-05	0	0	0	0	4.43356742569e-06	4.43356742569e-06	4.87692416826e-05	8.86713485139e-06	0	4.43356742569e-06	0	4.43356742569e-06	0.000159608427325	1.33007022771e-05	4.87692416826e-05	8.86713485139e-06	4.43356742569e-06	3.54685394055e-05	3.10349719799e-05	0	1.33007022771e-05	0	0	0	1.77342697028e-05	0.00195076966731	0.000678335816131	0.00234535716819	0.000793608569199	0.000133007022771	2.66014045542e-05	2.21678371285e-05	3.10349719799e-05	1.33007022771e-05	1.77342697028e-05	1.77342697028e-05	0	4.43356742569e-06	0
0.000172909129602	0.00177342697028	0.0016049514081	0	0	0	3.10349719799e-05	0.000292615450096	2.66014045542e-05	0.00252713343265	8.86713485139e-06	8.86713485139e-06	8.86713485139e-06	0	2.66014045542e-05	3.10349719799e-05	0.0038660707952	0.000212811236433	4.43356742569e-06	5.32028091083e-05	0	0.00103745477761	0.016350996666	0.00333404270412	0.00316113357452	4.43356742569e-06	0.000172909129602	0.00503209902816	0.0015694828687	0.000266014045542	0.00106405618217	0	0	0.000221678371285	0.0011216925587	1.77342697028e-05	0.000487692416826	0.000181776264453	0	1.33007022771e-05	0	1.77342697028e-05	6.20699439597e-05	1.77342697028e-05	0.000394587500887	0	4.43356742569e-06	0	0	4.43356742569e-06	0	0.000363552528907	6.20699439597e-05	0	4.43356742569e-06	0	0.000124139887919	0.00245619635383	0.000390153933461	0.000221678371285	8.86713485139e-06	4.87692416826e-05	0.000443356742569	0.000190643399305	8.86713485139e-06	6.65035113854e-05	0	0	0	0.000106405618217	0.00092661559197	0.000399021068312	0.000798042136625	0.000274881180393	3.54685394055e-05	1.33007022771e-05	0	0.000177342697028	0.00025714691069	0.000164041994751	9.75384833653e-05	4.43356742569e-06	4.43356742569e-06	0
0.000421188905441	0.00107735688444	0.0116248137902	0	8.86713485139e-06	0	9.75384833653e-05	0.00057636376534	0.000124139887919	0.000310349719799	2.66014045542e-05	0.000155174859899	2.66014045542e-05	4.43356742569e-06	8.42377810882e-05	0.000203944101582	0.00837057529971	0.00561732992835	1.33007022771e-05	0.000642867276726	1.33007022771e-05	0.0144046605661	0.00333404270412	0.052772753068	0.00202614031354	1.33007022771e-05	0.00165815421721	0.00860555437327	0.00340497978293	0.000829077108605	0.0052626445343	0	0	0.000496559551678	0.00634443498617	0	0.000261580478116	6.65035113854e-05	0	4.43356742569e-06	0	0	0	0	7.09370788111e-05	0	1.77342697028e-05	0	4.43356742569e-06	4.43356742569e-06	8.86713485139e-06	9.75384833653e-05	1.77342697028e-05	0	4.43356742569e-06	4.43356742569e-06	1.33007022771e-05	0.000483258849401	9.75384833653e-05	6.20699439597e-05	8.86713485139e-06	3.54685394055e-05	0.000159608427325	3.54685394055e-05	0	3.10349719799e-05	0	0	0	4.87692416826e-05	0.00551092431014	0.00219018230829	0.00519170745549	0.00183993048166	0.000292615450096	4.87692416826e-05	3.99021068312e-05	0.000164041994751	9.75384833653e-05	7.53706462368e-05	5.7636376534e-05	0	8.86713485139e-06	0
0.00161381854295	5.32028091083e-05	0.000177342697028	0	0.00540451869192	0	0.000744839327516	0.00661044903171	0.00060739873732	0.00537791728737	0.00120149677236	0	0.00086454564801	0	0.00038128679861	6.20699439597e-05	0.00632670071646	4.43356742569e-05	0	8.86713485139e-06	0.00237639214017	0.00169805632404	0.00316113357452	0.00202614031354	0.0404784705966	0	3.10349719799e-05	0.000390153933461	0.0172554444208	0.00134337092999	0.00410991700362	0	0	0.000775874299496	0.00160051784068	3.54685394055e-05	1.33007022771e-05	4.43356742569e-06	0	6.20699439597e-05	0	1.33007022771e-05	0.000133007022771	1.33007022771e-05	0.00098868553593	1.33007022771e-05	0	1.33007022771e-05	0	1.33007022771e-05	4.43356742569e-06	0.000141874157622	0	0	0	3.10349719799e-05	2.66014045542e-05	0.000341384691778	4.87692416826e-05	0.000922182024544	4.43356742569e-06	0	1.33007022771e-05	0.000261580478116	1.33007022771e-05	8.42377810882e-05	0	0	4.43356742569e-06	2.21678371285e-05	0.000829077108605	0.000128573455345	0.000758140029794	0.000266014045542	0.000137440590196	1.77342697028e-05	0	4.87692416826e-05	3.54685394055e-05	4.43356742569e-05	2.66014045542e-05	0	4.43356742569e-06	4.43356742569e-06
0	0.00038128679861	3.10349719799e-05	0	0	0	0	4.43356742569e-06	4.43356742569e-06	0	0	0.00272221039938	0	0.0031744342768	4.43356742569e-06	0	0	4.43356742569e-05	5.32028091083e-05	0.000323650422076	0	0	4.43356742569e-06	1.33007022771e-05	0	0.00864989004753	0.00200840604384	0.00151184649216	0	0	0	4.43356742569e-05	0	0	0.000328083989501	0	0.000758140029794	0	0	0	0	4.43356742569e-06	0	0	0	0	0.000367986096333	0	0.000509860253955	0	4.43356742569e-06	4.43356742569e-06	1.33007022771e-05	5.32028091083e-05	3.54685394055e-05	0	0	4.43356742569e-06	0	0	0.00131676952543	0.000248279775839	0.000407888203164	0	0	0	2.21678371285e-05	0	0	3.54685394055e-05	3.10349719799e-05	0.000860112080585	0.000363552528907	5.32028091083e-05	8.86713485139e-06	0	0.00031921685465	1.77342697028e-05	0.000124139887919	7.53706462368e-05	1.33007022771e-05	0	0	7.53706462368e-05
3.54685394055e-05	0.00302812655175	0.00642423919983	0	0	1.33007022771e-05	1.33007022771e-05	3.54685394055e-05	3.54685394055e-05	4.43356742569e-06	0	0.00829520465347	4.43356742569e-06	0.00551092431014	3.10349719799e-05	3.10349719799e-05	4.87692416826e-05	0.00764790380932	0.00156061573384	0.0105518904732	0	0.000399021068312	0.000172909129602	0.00165815421721	3.10349719799e-05	0.00200840604384	0.0566343902958	0.0183150670355	7.09370788111e-05	9.31049159396e-05	0.00022611193871	0.00105962261474	8.86713485139e-06	4.43356742569e-05	0.00477495211747	0	0.00134780449741	2.66014045542e-05	0	0	0	0	0	0	4.43356742569e-06	0	0.000478825281975	0	0.000496559551678	0	0	0	7.09370788111e-05	0.000128573455345	0.000110839185642	0	8.86713485139e-06	3.54685394055e-05	3.54685394055e-05	0	0.00113055969355	0.00054532879336	0.00070050365326	0	0	0	8.86713485139e-06	0	0	0.000101972050791	0.00145864368305	0.0028463502873	0.00385277009293	0.000979818401078	3.54685394055e-05	1.77342697028e-05	6.65035113854e-05	7.53706462368e-05	0.000243846208413	0.000119706320494	3.99021068312e-05	0	4.43356742569e-06	3.54685394055e-05
6.65035113854e-05	0.0079715542314	0.0135268142158	0	0	0	1.33007022771e-05	6.65035113854e-05	3.10349719799e-05	0.000203944101582	8.86713485139e-06	0.00147194438533	0	0.00314783287224	2.21678371285e-05	3.54685394055e-05	0.00382616868837	0.00294388877066	0.000115272753068	0.00233205646591	4.43356742569e-06	0.00113499326098	0.00503209902816	0.00860555437327	0.000390153933461	0.00151184649216	0.0183150670355	0.0577472157197	0.000425622472867	0.000124139887919	0.00060739873732	0.000270447612967	0	0.000124139887919	0.00280201461304	0	0.00165815421721	0.000168475562176	0	0	0	0	0	0	1.77342697028e-05	0	0.000217244803859	0	0.000141874157622	0	0	6.20699439597e-05	7.98042136625e-05	6.20699439597e-05	9.75384833653e-05	0	3.54685394055e-05	0.000465524579698	0.000137440590196	1.77342697028e-05	0.000492125984252	0.000345818259204	0.000647300844151	1.33007022771e-05	0	2.21678371285e-05	4.43356742569e-06	0	0	7.53706462368e-05	0.00223008441512	0.00207934312265	0.00277541320848	0.000868979215436	8.86713485139e-05	2.66014045542e-05	4.43356742569e-05	0.000115272753068	0.000323650422076	0.000106405618217	5.32028091083e-05	0	4.43356742569e-06	4.43356742569e-06
0.00275324537136	4.87692416826e-05	0.000345818259204	0	0.00577250478825	0	0.00195076966731	0.0168785911896	0.00121923104207	0.00195076966731	0.00701833723487	4.43356742569e-06	0.00165815421721	0	0.000691636518408	7.98042136625e-05	0.00412321770589	9.31049159396e-05	0	1.77342697028e-05	0.00450893807193	0.00569270057459	0.0015694828687	0.00340497978293	0.0172554444208	0	7.09370788111e-05	0.000425622472867	0.0517973682344	0.00203944101582	0.00949670142584	0	0	0.00116159466553	0.00265127332056	1.33007022771e-05	1.33007022771e-05	0	0	6.65035113854e-05	0	8.86713485139e-06	0.000110839185642	0	0.000625133007023	2.66014045542e-05	0	1.77342697028e-05	0	4.43356742569e-06	8.86713485139e-06	9.75384833653e-05	1.33007022771e-05	0	0	6.20699439597e-05	2.21678371285e-05	0.000301482584947	3.99021068312e-05	0.000527594523658	4.43356742569e-06	0	8.86713485139e-06	0.000181776264453	8.86713485139e-06	3.54685394055e-05	0	0	4.43356742569e-06	3.10349719799e-05	0.00130790239058	0.000279314747819	0.00129016812088	0.000438923175144	0.000168475562176	0	0	5.7636376534e-05	2.21678371285e-05	1.77342697028e-05	8.86713485139e-06	4.43356742569e-06	0	0
0.0106494289565	2.66014045542e-05	0.000190643399305	0	8.86713485139e-05	0.000443356742569	0.00391484003689	0.00361335745194	0.00589664467617	0.000500993119103	0.000390153933461	0.000292615450096	0.000359118961481	2.21678371285e-05	0.0103701142087	0.000261580478116	0.00031921685465	7.53706462368e-05	4.43356742569e-06	6.65035113854e-05	0.000177342697028	0.000922182024544	0.000266014045542	0.000829077108605	0.00134337092999	0	9.31049159396e-05	0.000124139887919	0.00203944101582	0.0383813932042	0.00806465914734	0	0.000886713485139	0.00790948428744	0.0108888415975	4.43356742569e-06	4.43356742569e-06	0	0	1.33007022771e-05	0	4.43356742569e-06	2.66014045542e-05	8.86713485139e-06	0.000208377669008	0	0	0	0	4.43356742569e-06	4.43356742569e-06	2.66014045542e-05	0	0	4.43356742569e-06	0	8.86713485139e-06	7.98042136625e-05	1.33007022771e-05	0.000124139887919	4.43356742569e-06	8.86713485139e-06	1.33007022771e-05	5.7636376534e-05	0	2.66014045542e-05	0	0	0	4.43356742569e-06	0.00190643399305	0.000261580478116	0.0040035113854	0.000922182024544	0.000518727388806	0.000425622472867	4.43356742569e-06	5.7636376534e-05	8.86713485139e-06	8.86713485139e-06	8.86713485139e-06	0	0	4.43356742569e-06
0.00600305029439	0.000101972050791	0.000908881322267	0	8.86713485139e-05	0	0.000536461658509	0.0119573313471	0.00112612612613	0.00128573455345	0.00028818188267	4.87692416826e-05	0.000230545506136	4.43356742569e-06	0.000979818401078	0.000164041994751	0.00135223806484	0.000487692416826	4.43356742569e-06	9.31049159396e-05	0.000172909129602	0.00986025395474	0.00106405618217	0.0052626445343	0.00410991700362	0	0.00022611193871	0.00060739873732	0.00949670142584	0.00806465914734	0.0428548627368	0	0	0.0030369936866	0.00811342838902	1.33007022771e-05	8.86713485139e-06	8.86713485139e-06	0	1.33007022771e-05	0	8.86713485139e-06	5.32028091083e-05	1.33007022771e-05	0.000492125984252	8.86713485139e-06	0	8.86713485139e-06	0	8.86713485139e-06	8.86713485139e-06	7.53706462368e-05	1.33007022771e-05	0	4.43356742569e-06	1.33007022771e-05	3.10349719799e-05	0.000239412640987	4.87692416826e-05	0.00031921685465	4.43356742569e-06	0	3.10349719799e-05	0.000110839185642	8.86713485139e-06	5.32028091083e-05	0	0	0	2.66014045542e-05	0.00295275590551	0.000731538625239	0.00326753919274	0.00104632191246	0.00031921685465	2.66014045542e-05	8.86713485139e-06	7.53706462368e-05	1.33007022771e-05	1.33007022771e-05	2.21678371285e-05	4.43356742569e-06	0	4.43356742569e-06
0	8.86713485139e-06	4.43356742569e-06	0	0	0	0	0	0	0	0	0.000496559551678	0	0.00107735688444	0	0	0	0	0	2.66014045542e-05	0	0	0	0	0	4.43356742569e-05	0.00105962261474	0.000270447612967	0	0	0	0.00131676952543	0	0	1.77342697028e-05	0	0	0	0	0	0	0	0	0	0	0	1.33007022771e-05	0	8.86713485139e-06	0	0	0	0	4.43356742569e-06	4.43356742569e-06	0	0	0	0	0	1.33007022771e-05	4.43356742569e-06	0	0	0	0	0	0	0	0	0	1.33007022771e-05	2.21678371285e-05	0	0	0	0	0	1.33007022771e-05	0	0	0	0	4.43356742569e-06
4.43356742569e-06	0	0	0	0	0.00206160885295	0.00120149677236	0	0.0012946016883	0	4.43356742569e-06	8.86713485139e-06	0	0	0.000620699439597	2.66014045542e-05	0	4.43356742569e-06	0	4.43356742569e-06	0	0	0	0	0	0	8.86713485139e-06	0	0	0.000886713485139	0	0	0.00391040646946	8.86713485139e-06	0.000735972192665	0	0	0	0	0	0	0	0	0	0	0	0	0	0	0	0	0	0	0	0	0	0	0	0	0	0	0	0	0	0	0	0	0	0	0	8.86713485139e-06	0	9.31049159396e-05	8.86713485139e-06	9.31049159396e-05	0.000372419663758	0	0	0	0	0	0	0	0
0.00371976307016	2.66014045542e-05	0.000133007022771	0	3.10349719799e-05	2.21678371285e-05	0.000438923175144	0.00153844789672	0.00066946868128	0.000310349719799	0.000141874157622	2.66014045542e-05	0.000164041994751	4.43356742569e-06	0.000806909271476	0.000119706320494	0.000279314747819	3.99021068312e-05	0	8.86713485139e-06	8.86713485139e-05	0.000536461658509	0.000221678371285	0.000496559551678	0.000775874299496	0	4.43356742569e-05	0.000124139887919	0.00116159466553	0.00790948428744	0.0030369936866	0	8.86713485139e-06	0.0111991913173	0.00594984748528	4.43356742569e-06	4.43356742569e-06	0	0	4.43356742569e-06	0	0	8.86713485139e-06	0	0.000106405618217	0	0	0	0	0	0	1.77342697028e-05	0	0	4.43356742569e-06	0	4.43356742569e-06	3.10349719799e-05	0	5.7636376534e-05	0	0	4.43356742569e-06	1.77342697028e-05	0	8.86713485139e-06	0	0	0	0	0.00175125913315	0.000186209831879	0.002207916578	0.000682769383557	0.000332517556927	3.10349719799e-05	4.43356742569e-06	5.32028091083e-05	1.33007022771e-05	8.86713485139e-06	4.43356742569e-06	0	0	4.43356742569e-06
0.00397247641342	0.000704937220685	0.00278871391076	0	4.87692416826e-05	0.000651734411577	0.00304142725403	0.00238969284245	0.00328527346244	0.000580797332766	0.000243846208413	0.00580353976023	0.000305916152373	0.00066946868128	0.00401681208768	0.000625133007023	0.0012946016883	0.00363109172164	0.00025714691069	0.00523604312974	0.000124139887919	0.00417198694758	0.0011216925587	0.00634443498617	0.00160051784068	0.000328083989501	0.00477495211747	0.00280201461304	0.00265127332056	0.0108888415975	0.00811342838902	1.77342697028e-05	0.000735972192665	0.00594984748528	0.0508530183727	4.43356742569e-06	0.000230545506136	2.21678371285e-05	0	4.43356742569e-06	0	4.43356742569e-06	1.77342697028e-05	0	0.000168475562176	0	7.09370788111e-05	0	8.86713485139e-05	1.33007022771e-05	1.33007022771e-05	6.20699439597e-05	8.86713485139e-06	1.33007022771e-05	1.77342697028e-05	0	2.21678371285e-05	0.000150741292474	6.20699439597e-05	9.31049159396e-05	0.000137440590196	9.75384833653e-05	0.000137440590196	5.7636376534e-05	0	2.66014045542e-05	0	0	0	3.10349719799e-05	0.00938142867277	0.00366656026105	0.0225712917642	0.00615379158686	0.00120593033979	0.000806909271476	0.000323650422076	0.000301482584947	7.53706462368e-05	7.98042136625e-05	7.53706462368e-05	4.43356742569e-06	8.86713485139e-06	8.86713485139e-06
4.43356742569e-06	0	0	0	0	0	0	8.86713485139e-06	4.43356742569e-06	3.99021068312e-05	0	0	0	0	4.43356742569e-06	8.86713485139e-06	0	0	0	0	0	0	1.77342697028e-05	0	3.54685394055e-05	0	0	0	1.33007022771e-05	4.43356742569e-06	1.33007022771e-05	0	0	4.43356742569e-06	4.43356742569e-06	0.0127465063489	2.21678371285e-05	3.54685394055e-05	0	4.43356742569e-05	1.33007022771e-05	0.00200840604384	0.00288625239413	0.0026911754274	0.000230545506136	0.000687202950982	2.21678371285e-05	0.000727105057814	0	0.00382173512095	0.000168475562176	0.000195076966731	3.10349719799e-05	4.43356742569e-06	4.43356742569e-06	0.000323650422076	0.000212811236433	0.000119706320494	0.000115272753068	0.00120593033979	0	0	3.10349719799e-05	0.000820209973753	0.00392370717174	0.00247836419096	0	0	0.000540895225935	0.000842377810882	1.77342697028e-05	0	4.43356742569e-06	4.43356742569e-06	0	0	0	0.000465524579698	0.000101972050791	0.000642867276726	0.000234979073562	0.000212811236433	9.75384833653e-05	4.43356742569e-06
0	0.00336064410868	0.000656167979003	0	4.43356742569e-06	0	0	4.43356742569e-06	0	0	0	0.000243846208413	0	0.000137440590196	0	0	5.7636376534e-05	0.000155174859899	2.21678371285e-05	0.000305916152373	0	3.10349719799e-05	0.000487692416826	0.000261580478116	1.33007022771e-05	0.000758140029794	0.00134780449741	0.00165815421721	1.33007022771e-05	4.43356742569e-06	8.86713485139e-06	0	0	4.43356742569e-06	0.000230545506136	2.21678371285e-05	0.0231343548273	0.00178229410513	0	0	0	2.66014045542e-05	3.10349719799e-05	3.54685394055e-05	9.31049159396e-05	8.86713485139e-06	0.00150297935731	4.43356742569e-06	0.00106848974959	1.33007022771e-05	8.86713485139e-06	0.000208377669008	0.00112612612613	0.000536461658509	0.000868979215436	0	0.000234979073562	0.0028995530964	0.000997552670781	3.99021068312e-05	0.00501879832588	0.00412321770589	0.0106006597148	8.42377810882e-05	2.21678371285e-05	7.53706462368e-05	8.86713485139e-06	0	8.86713485139e-06	0.00135223806484	0.000124139887919	0.000363552528907	0.000261580478116	7.53706462368e-05	0	0	0	0.000611832304746	0.00259807051146	0.00149854578988	0.000509860253955	3.99021068312e-05	3.99021068312e-05	3.54685394055e-05
0	0.00031921685465	7.53706462368e-05	0	0	0	0	4.43356742569e-06	0	4.43356742569e-06	0	4.43356742569e-06	0	4.43356742569e-06	0	4.43356742569e-06	1.33007022771e-05	8.86713485139e-06	0	8.86713485139e-06	0	1.33007022771e-05	0.000181776264453	6.65035113854e-05	4.43356742569e-06	0	2.66014045542e-05	0.000168475562176	0	0	8.86713485139e-06	0	0	0	2.21678371285e-05	3.54685394055e-05	0.00178229410513	0.0209397389515	0	4.43356742569e-06	8.86713485139e-06	3.54685394055e-05	7.09370788111e-05	3.54685394055e-05	3.10349719799e-05	0	0.000203944101582	4.43356742569e-06	2.21678371285e-05	4.87692416826e-05	1.77342697028e-05	0.000549762360786	0.00404341349223	5.7636376534e-05	0.000456657444846	4.43356742569e-06	0.000939916294247	0.00114386039583	0.00580797332766	6.65035113854e-05	0.000101972050791	0.00383946939065	0.00660158189686	0.000234979073562	3.99021068312e-05	0.000434489607718	0	4.43356742569e-06	8.86713485139e-06	0.00204830815067	2.66014045542e-05	3.10349719799e-05	3.10349719799e-05	1.77342697028e-05	0	0	0	0.0014320422785	0.00253156700007	0.00209264382493	0.000873412782862	3.54685394055e-05	7.53706462368e-05	1.77342697028e-05
0	0	0	0	0	0	0	0	0	0	0	0	0	0	0	0	0	0	0	0	0	0	0	0	0	0	0	0	0	0	0	0	0	0	0	0	0	0	0	0	0	0	0	0	0	0	0	0	0	0	0	0	0	0	0	0	0	0	0	0	0	0	0	0	0	0	0	0	0	0	0	0	0	0	0	0	0	0	0	0	0	0	0	0
1.33007022771e-05	0	0	0	0.0011394268284	0	4.43356742569e-06	3.99021068312e-05	8.86713485139e-06	5.7636376534e-05	8.86713485139e-06	0	4.43356742569e-05	0	4.43356742569e-06	8.86713485139e-06	0	0	0	0	7.09370788111e-05	0	1.33007022771e-05	4.43356742569e-06	6.20699439597e-05	0	0	0	6.65035113854e-05	1.33007022771e-05	1.33007022771e-05	0	0	4.43356742569e-06	4.43356742569e-06	4.43356742569e-05	0	4.43356742569e-06	0	0.0142095835993	4.43356742569e-06	0.000456657444846	0.000474391714549	0.000101972050791	0.000385720366035	0.00292615450096	0	0.00166702135206	0	5.32028091083e-05	0	3.10349719799e-05	4.43356742569e-06	0	0	0.00767450521388	3.10349719799e-05	3.54685394055e-05	1.77342697028e-05	0.0041586862453	0	0	0	0.00349808469887	4.43356742569e-05	5.32028091083e-05	0	0	2.66014045542e-05	3.99021068312e-05	0	0	4.43356742569e-06	0	8.86713485139e-06	0	0	2.66014045542e-05	4.43356742569e-06	4.87692416826e-05	1.33007022771e-05	2.21678371285e-05	1.77342697028e-05	0
0	0	0	0	0	0	0	0	0	0	0	0	0	0	0	0	0	0	0	0	0	0	0	0	0	0	0	0	0	0	0	0	0	0	0	1.33007022771e-05	0	8.86713485139e-06	0	4.43356742569e-06	0.00598531602469	0.00243402851671	4.43356742569e-06	0.00159608427325	0	0	4.43356742569e-06	1.77342697028e-05	4.43356742569e-06	0.000252713343265	0.00116159466553	0	1.77342697028e-05	0	0	4.43356742569e-06	4.43356742569e-06	0	1.77342697028e-05	8.86713485139e-06	0	0	0	0	0.000217244803859	4.43356742569e-06	0	0.000851244945733	0	0.000523160956232	0	0	0	0	0	0	0	1.77342697028e-05	8.86713485139e-06	0.000115272753068	1.77342697028e-05	0.00170692345889	0.00113499326098	0
0	0	0	0	1.33007022771e-05	0	0	1.33007022771e-05	0	4.43356742569e-06	4.43356742569e-06	0	4.43356742569e-06	0	0	0	0	0	0	0	0	0	1.77342697028e-05	0	1.33007022771e-05	4.43356742569e-06	0	0	8.86713485139e-06	4.43356742569e-06	8.86713485139e-06	0	0	0	4.43356742569e-06	0.00200840604384	2.66014045542e-05	3.54685394055e-05	0	0.000456657444846	0.00243402851671	0.0418218415266	0.00226998652196	0.0143869262964	0.000168475562176	0.0111592892105	0.000177342697028	0.0125070937079	8.86713485139e-06	0.00547545577073	0.00276211250621	0.000115272753068	5.7636376534e-05	1.33007022771e-05	8.86713485139e-06	0.00285965098957	0.000159608427325	5.7636376534e-05	0.000190643399305	0.00214584663404	2.66014045542e-05	2.66014045542e-05	3.54685394055e-05	0.00114386039583	0.00309906363056	0.000323650422076	0	0.000731538625239	0.000186209831879	0.00263353905086	4.43356742569e-06	4.43356742569e-06	4.43356742569e-06	4.43356742569e-06	4.43356742569e-06	0	0	0.000642867276726	0.000208377669008	0.00201727317869	0.000571930197914	0.00325867205788	0.00200397247641	2.66014045542e-05
