0.0106997770452	0	0.00226374317799	0	0	0	6.83910325678e-06	0.00475317676346	0.000930118042922	4.10346195407e-05	3.41955162839e-06	1.02586548852e-05	3.41955162839e-06	0	0.0060218304176	0	1.36782065136e-05	0.00153195912952	0.000123103858622	0.000177816684676	3.41955162839e-06	1.02586548852e-05	0	0.00157299374906	4.44541711691e-05	0	0.00266725027014	0	0.000109425652108	0.00414791612524	0.00422998536432	0	0	0.000235949062359	0.000256466372129	3.41955162839e-06	0	0	0	0	3.41955162839e-06	3.41955162839e-06	2.05173097703e-05	6.83910325678e-06	5.47128260542e-05	0	0	0	0	6.83910325678e-06	6.83910325678e-06	0	0	0	3.41955162839e-06	0	0	0	0	0.000109425652108	0	0	0	6.49714809394e-05	2.39368613987e-05	0	0	0	0	0	1.36782065136e-05	0	0.000143621168392	5.47128260542e-05	3.07759646555e-05	1.02586548852e-05	0	3.41955162839e-05	3.41955162839e-06	1.36782065136e-05	1.36782065136e-05	6.83910325678e-06	3.41955162839e-06	0
0	0.022866541739	0.000307759646555	0	0	0	1.02586548852e-05	8.20692390814e-05	1.36782065136e-05	0.00306733781067	2.39368613987e-05	3.41955162839e-05	5.47128260542e-05	0.00141569437415	2.39368613987e-05	0.000249627268873	0.000485576331231	0.00221928900683	3.41955162839e-06	0.000772818668016	4.44541711691e-05	8.89083423382e-05	0.00470872259229	0.000307759646555	0.00176448864025	0.00282113009342	0.00513274699421	0.0171969251392	0.000133362513507	0.000147040720021	9.91669972233e-05	0	0	0.000167558029791	0.000796755529415	0	0.0115307280909	0.000246207717244	0	0	0	0	6.83910325678e-06	0	4.10346195407e-05	0	3.41955162839e-05	0	1.36782065136e-05	3.41955162839e-06	0	0.000222270855845	0.000177816684676	1.36782065136e-05	0.000119684306994	3.41955162839e-06	3.07759646555e-05	0.00244839896593	6.49714809394e-05	8.54887907098e-05	0.000112845203737	0.000437702608434	0.0130387503591	1.36782065136e-05	3.41955162839e-06	0	1.7097758142e-05	0	0	5.12932744259e-05	0.0014327921323	0.000376150679123	0.000232529510731	7.18105841962e-05	0.00031801830144	3.41955162839e-06	0	5.12932744259e-05	8.54887907098e-05	3.41955162839e-06	0	0	0	0
0.00226374317799	0.000307759646555	0.0400908232913	0	0	0	0.0002769836819	0.00612441696645	0.00419578984804	1.02586548852e-05	2.05173097703e-05	2.05173097703e-05	1.7097758142e-05	3.41955162839e-05	0.00610048010505	0	0.000406926643778	0.0059500198334	0.000352213817724	0.000150460271649	1.7097758142e-05	0.00283138874831	0.000909600733152	0.0178637377067	0.000393248437265	2.73564130271e-05	0.0158051676264	0.0165848253977	0.000612099741482	0.000844629252212	0.00549521946682	0	2.05173097703e-05	0.00021201220096	0.0020722482868	0	7.8649687453e-05	0.000263305475386	0	1.7097758142e-05	0	0	6.1551929311e-05	3.41955162839e-06	6.83910325678e-05	3.41955162839e-06	3.41955162839e-06	0	0	0	0	0.0027219630962	6.1551929311e-05	1.36782065136e-05	4.44541711691e-05	0	0.000557386915428	0.00480447003789	0.00192178801516	0.000116264755365	3.41955162839e-06	0.000181236236305	0.00374098948146	0.000499254537745	1.7097758142e-05	1.7097758142e-05	6.83910325678e-06	0	1.02586548852e-05	2.73564130271e-05	0.00317334391115	0.000341955162839	0.00193546622167	0.000697588532192	8.54887907098e-05	7.18105841962e-05	3.41955162839e-06	9.91669972233e-05	7.8649687453e-05	5.47128260542e-05	2.73564130271e-05	3.41955162839e-06	0	0
0	0	0	0	0	0	0	0	0	0	0	0	0	0	0	0	0	0	0	0	0	0	0	0	0	0	0	0	0	0	0	0	0	0	0	0	0	0	0	0	0	0	0	0	0	0	0	0	0	0	0	0	0	0	0	0	0	0	0	0	0	0	0	0	0	0	0	0	0	0	0	0	0	0	0	0	0	0	0	0	0	0	0	0
0	0	0	0	0.0204523382894	3.41955162839e-06	0.00100192862712	0.000123103858622	0.000259885923758	0.000177816684676	0.000694168980563	0.000393248437265	0.00406242733453	3.07759646555e-05	0.000533450054029	0.000653134361023	0	3.41955162839e-06	0.000266725027014	5.47128260542e-05	0.00676729267258	0	1.02586548852e-05	0	0.0129430029135	0	0.000283822785156	1.36782065136e-05	0.0073828119657	0.00218509349054	0	3.41955162839e-06	4.44541711691e-05	0.000820692390814	0.00176106908862	0	0	0	0	0.00126865365413	3.41955162839e-06	0.000273564130271	3.76150679123e-05	5.81323776826e-05	0.00236974927847	0.00228084093614	2.39368613987e-05	0.00202095501238	0	0	1.7097758142e-05	0	0	0	3.41955162839e-06	0.00197992039284	0	0	0	0.00152853957789	0	0	0	0.000916439836409	2.39368613987e-05	0	0	0	0	1.7097758142e-05	0.000198333994447	1.7097758142e-05	0.00110451517597	0.000263305475386	0.000461639469833	3.41955162839e-06	6.83910325678e-06	1.7097758142e-05	6.83910325678e-06	4.78737227975e-05	1.02586548852e-05	0	1.36782065136e-05	0
0	0	0	0	3.41955162839e-06	0.00228426048776	0.000242788165616	0	0.000225690407474	6.83910325678e-06	1.7097758142e-05	1.36782065136e-05	1.36782065136e-05	1.02586548852e-05	0.000116264755365	0.00012652341025	0	3.41955162839e-06	6.83910325678e-06	0	2.73564130271e-05	0	0	3.41955162839e-06	6.49714809394e-05	0	1.02586548852e-05	0	5.47128260542e-05	0.000735203600104	0	0	0.00188417294724	3.76150679123e-05	0.000622358396367	0	0	0	0	0	0	3.41955162839e-06	0	0	0	0	0	0	0	0	0	0	0	0	0	0	0	0	0	0	0	0	0	0	0	0	0	0	0	0	0.000335116059582	3.41955162839e-06	0.000454800366576	0.000140201616764	0.000820692390814	0.000222270855845	3.41955162839e-06	0	0	0	0	3.41955162839e-06	3.41955162839e-06	0
6.83910325678e-06	1.02586548852e-05	0.0002769836819	0	0.00100192862712	0.000242788165616	0.0321130093422	0.00223296721334	0.0114828543681	0.000140201616764	0.0094550602525	0.00185681653422	0.0094311233911	0.000266725027014	0.00665786702048	0.00301262498461	1.02586548852e-05	2.05173097703e-05	0.00130284917042	9.23278939665e-05	0.00479763093463	8.89083423382e-05	3.41955162839e-06	0.00031801830144	0.00155247643929	6.83910325678e-06	0.000632617051252	9.57474455949e-05	0.00243814031104	0.00639798109672	5.47128260542e-05	6.1551929311e-05	0.00206540918355	1.36782065136e-05	0.00298868812321	0	6.83910325678e-06	3.41955162839e-06	0	6.83910325678e-06	6.83910325678e-06	7.52301358246e-05	1.36782065136e-05	5.12932744259e-05	3.41955162839e-06	3.07759646555e-05	0	8.54887907098e-05	0	1.02586548852e-05	6.83910325678e-06	6.83910325678e-06	3.41955162839e-06	0	0	6.83910325678e-06	0	1.02586548852e-05	3.41955162839e-06	3.41955162839e-05	0	0	6.83910325678e-06	3.07759646555e-05	3.41955162839e-06	0	0	6.83910325678e-06	0	1.02586548852e-05	0.000571065121941	5.81323776826e-05	0.000677071222421	0.000263305475386	0.00132678603182	4.44541711691e-05	6.83910325678e-06	0	0	7.8649687453e-05	0.000112845203737	6.49714809394e-05	0.000109425652108	0
0.00475317676346	8.20692390814e-05	0.00612441696645	0	0.000123103858622	0	0.00223296721334	0.0458459286818	0.00664076926233	2.73564130271e-05	0.00245181851756	8.54887907098e-05	3.41955162839e-05	7.18105841962e-05	0.0112366466509	2.39368613987e-05	0	0.00474633766021	8.20692390814e-05	0.000338535611211	0.000290661888413	0.00681174684375	3.41955162839e-06	0.011134060102	0.000311179198184	0	0.00589188745572	0.000266725027014	0.012091534558	0.0104467302247	0.0149947338905	0	8.54887907098e-05	0.00717421931636	0.00344348848979	3.41955162839e-06	7.18105841962e-05	1.7097758142e-05	0	1.02586548852e-05	0	2.39368613987e-05	0.0002769836819	8.89083423382e-05	5.81323776826e-05	0.000147040720021	3.41955162839e-06	6.83910325678e-06	0	5.47128260542e-05	0	1.7097758142e-05	3.41955162839e-06	0	3.41955162839e-06	2.39368613987e-05	0	2.39368613987e-05	6.83910325678e-06	0.000902761629895	0	6.83910325678e-06	0.000109425652108	0.000834370597327	0.000109425652108	0	0	0	0	3.41955162839e-06	0.000783077322901	0.000205173097703	0.00279035412877	0.00153195912952	0.000533450054029	0.000259885923758	0	4.10346195407e-05	4.44541711691e-05	5.47128260542e-05	1.02586548852e-05	1.02586548852e-05	1.7097758142e-05	0
0.000930118042922	1.36782065136e-05	0.00419578984804	0	0.000259885923758	0.000225690407474	0.0114828543681	0.00664076926233	0.0372594345429	0.000215431752589	0.00432915236154	0.000526610950772	0.00323147628883	0.000208592649332	0.0230922321465	0.00148750495835	9.57474455949e-05	0.000355633369353	0.000324857404697	0.000112845203737	0.00286900381622	0.000724944945219	0.000102586548852	0.00349136221259	0.00201753546075	0	0.00232871465893	5.47128260542e-05	0.00204147232215	0.00875747172031	0.00225690407474	1.36782065136e-05	0.00183629922445	0.000882244320125	0.0029989467781	3.41955162839e-06	0	2.73564130271e-05	0	4.10346195407e-05	3.41955162839e-06	6.83910325678e-05	0.000215431752589	4.44541711691e-05	0.000164138478163	6.49714809394e-05	0	5.81323776826e-05	0	6.83910325678e-05	6.83910325678e-06	0.000116264755365	0	0	1.02586548852e-05	3.76150679123e-05	0	0.000119684306994	0	0.000677071222421	0	3.07759646555e-05	4.78737227975e-05	0.000550547812171	0.000109425652108	3.41955162839e-06	0	0	0	1.02586548852e-05	0.00122419948296	4.44541711691e-05	0.00108057831457	0.000389828885637	0.000837790148956	7.8649687453e-05	0	1.36782065136e-05	1.7097758142e-05	8.89083423382e-05	0.000109425652108	8.20692390814e-05	0.000109425652108	0
4.10346195407e-05	0.00306733781067	1.02586548852e-05	0	0.000177816684676	6.83910325678e-06	0.000140201616764	2.73564130271e-05	0.000215431752589	0.020722482868	6.83910325678e-06	4.10346195407e-05	0.000830951045699	0.00107031965969	0.000181236236305	0.00120026262157	0.00123787768948	2.39368613987e-05	1.02586548852e-05	2.39368613987e-05	6.49714809394e-05	9.57474455949e-05	0.00736229465592	7.52301358246e-05	0.0113665896128	0.00155247643929	4.78737227975e-05	0.00303998139764	0.00207566783843	0.000670232119165	0.00146356809695	0	2.05173097703e-05	0.000981411317348	0.00123103858622	0.00031801830144	1.36782065136e-05	0	0	0.000851468355469	7.52301358246e-05	0.000201753546075	0.000355633369353	4.78737227975e-05	0.00886347782079	0.000577904225198	6.83910325678e-06	0.000820692390814	3.41955162839e-06	0.000304340094927	0.000242788165616	0.000283822785156	0	3.41955162839e-06	1.36782065136e-05	0.000485576331231	0	0.00107031965969	0.000164138478163	0.00767005430248	3.41955162839e-06	2.39368613987e-05	0.000294081440042	0.00300578588136	0.000410346195407	6.83910325678e-06	0	0	2.05173097703e-05	2.39368613987e-05	0.00131652737693	6.49714809394e-05	0.000581323776826	0.000304340094927	0.00302972274275	6.83910325678e-06	0	0.000430863505177	6.1551929311e-05	3.41955162839e-05	3.76150679123e-05	1.7097758142e-05	1.02586548852e-05	0
3.41955162839e-06	2.39368613987e-05	2.05173097703e-05	0	0.000694168980563	1.7097758142e-05	0.0094550602525	0.00245181851756	0.00432915236154	6.83910325678e-06	0.0242412014937	0.000447961263319	0.00542340888263	0.000102586548852	0.00266725027014	0.000198333994447	3.41955162839e-06	6.83910325678e-06	0.0002769836819	0.000177816684676	0.0108639155234	1.36782065136e-05	0	3.41955162839e-05	0.000632617051252	0	0.000359052920981	9.57474455949e-05	0.00317676346277	0.00422314626106	5.12932744259e-05	0	0.000338535611211	0.000355633369353	0.00208250694169	3.41955162839e-06	2.39368613987e-05	0	0	6.1551929311e-05	3.41955162839e-06	1.36782065136e-05	2.73564130271e-05	3.41955162839e-06	3.07759646555e-05	7.52301358246e-05	0	2.39368613987e-05	0	6.83910325678e-06	6.83910325678e-06	0	0	0	0	5.12932744259e-05	0	0	0	0.000150460271649	0	0	1.36782065136e-05	9.23278939665e-05	6.83910325678e-06	0	0	0	0	0	0.000653134361023	0.000519771847515	0.00102244593689	6.49714809394e-05	3.07759646555e-05	0	3.41955162839e-06	6.83910325678e-06	3.41955162839e-06	3.41955162839e-06	1.36782065136e-05	6.83910325678e-06	6.83910325678e-06	0
1.02586548852e-05	3.41955162839e-05	2.05173097703e-05	0	0.000393248437265	1.36782065136e-05	0.00185681653422	8.54887907098e-05	0.000526610950772	4.10346195407e-05	0.000447961263319	0.0207566783843	0.00467794662764	0.00321779808232	0.00243130120779	0	3.41955162839e-06	0.00019149489119	0.00697930487354	0.00419920939966	0.0032280567372	5.47128260542e-05	3.76150679123e-05	0.000153879823278	0.000752301358246	0.000201753546075	0.00925330670642	0.00068049077405	0.000413765747035	0.0100705795456	0.000140201616764	0.00107031965969	0.000844629252212	0.000249627268873	0.0125736913376	0	6.1551929311e-05	3.41955162839e-06	0	0.00012652341025	0	1.02586548852e-05	0.000215431752589	2.39368613987e-05	0.000184655787933	6.83910325678e-05	5.47128260542e-05	0.000109425652108	3.07759646555e-05	1.7097758142e-05	0	0	0	0	2.39368613987e-05	6.83910325678e-06	0	3.41955162839e-06	0	0.000687329877306	5.12932744259e-05	8.54887907098e-05	7.18105841962e-05	0.00057448467357	6.1551929311e-05	0	0	0	0	6.83910325678e-06	0.00099850907549	0.000588162880083	0.000540289157286	0.000109425652108	1.02586548852e-05	0	1.02586548852e-05	2.05173097703e-05	8.54887907098e-05	4.78737227975e-05	1.36782065136e-05	1.36782065136e-05	2.05173097703e-05	3.41955162839e-06
3.41955162839e-06	5.47128260542e-05	1.7097758142e-05	0	0.00406242733453	1.36782065136e-05	0.0094311233911	3.41955162839e-05	0.00323147628883	0.000830951045699	0.00542340888263	0.00467794662764	0.0363087991903	0.000389828885637	0.00543708708914	0.00288952112599	6.83910325678e-06	4.10346195407e-05	0.00282796919668	0.00144647033881	0.0173439658592	1.02586548852e-05	0	4.10346195407e-05	0.00436334787783	4.44541711691e-05	0.00291345798739	0.000352213817724	0.000540289157286	0.0129190660521	7.18105841962e-05	7.52301358246e-05	0.000543708708914	0.000345374714467	0.00864120696494	3.41955162839e-06	7.52301358246e-05	6.83910325678e-06	0	0.000133362513507	1.02586548852e-05	0.000153879823278	6.49714809394e-05	7.8649687453e-05	0.000406926643778	0.000150460271649	0	0.000930118042922	0	1.7097758142e-05	3.07759646555e-05	0	1.02586548852e-05	0	1.02586548852e-05	0.00017097758142	0	3.41955162839e-06	6.83910325678e-06	0.0002769836819	2.73564130271e-05	3.07759646555e-05	5.47128260542e-05	0.000198333994447	1.36782065136e-05	0	0	6.83910325678e-06	0	4.44541711691e-05	0.0013609815481	0.00109767607271	0.0027219630962	0.000553967363799	0.00179868415653	1.02586548852e-05	4.78737227975e-05	2.39368613987e-05	6.83910325678e-06	0.000147040720021	0.000194914442818	7.8649687453e-05	0.000181236236305	0
0	0.00141569437415	3.41955162839e-05	0	3.07759646555e-05	1.02586548852e-05	0.000266725027014	7.18105841962e-05	0.000208592649332	0.00107031965969	0.000102586548852	0.00321779808232	0.000389828885637	0.0267921870084	0.00070100808382	3.41955162839e-05	1.7097758142e-05	2.05173097703e-05	0.00010600610048	0.000208592649332	0.000280403233528	6.83910325678e-06	0.0010839978662	1.7097758142e-05	0.000290661888413	0.00911310508966	0.00344348848979	0.0102791721949	9.91669972233e-05	0.00215773707751	4.78737227975e-05	0.00353581638376	0.000889083423382	0.000112845203737	0.00275957816411	6.83910325678e-06	0.000249627268873	6.83910325678e-05	0	6.83910325678e-06	2.05173097703e-05	0.00040350709215	0.000129942961879	0.000239368613987	2.39368613987e-05	0.000140201616764	0.00165164343651	0.000109425652108	0.00167558029791	3.07759646555e-05	4.78737227975e-05	6.83910325678e-05	3.07759646555e-05	0.000123103858622	0.000225690407474	7.8649687453e-05	0	7.18105841962e-05	6.83910325678e-06	7.18105841962e-05	0.00139175751275	0.00653476316185	0.00214747842263	0.000150460271649	4.44541711691e-05	3.41955162839e-06	0.000396667988893	3.41955162839e-06	0	9.23278939665e-05	0.000540289157286	0.00117290620854	0.000875405216868	0.000759140461503	4.44541711691e-05	0	0.000266725027014	9.23278939665e-05	0.00287242336785	0.000618938844739	0.000988250420605	0.000369311575866	0.000560806467056	0.00021201220096
0.0060218304176	2.39368613987e-05	0.00610048010505	0	0.000533450054029	0.000116264755365	0.00665786702048	0.0112366466509	0.0230922321465	0.000181236236305	0.00266725027014	0.00243130120779	0.00543708708914	0.00070100808382	0.0523670136372	0.00122419948296	0.000205173097703	0.00219877169706	0.00142595302904	0.000834370597327	0.00420946805455	0.000933537594551	0.000109425652108	0.00361446607121	0.00276299771574	6.83910325678e-06	0.0067570340177	0.000246207717244	0.0035289772805	0.0272675046848	0.0118829419087	0.000205173097703	0.00336483880234	0.00286558426459	0.0081658892886	3.41955162839e-06	3.41955162839e-06	3.07759646555e-05	0	0.000256466372129	1.7097758142e-05	0.000150460271649	0.000393248437265	8.89083423382e-05	0.000294081440042	0.000280403233528	0	0.000123103858622	0	0.000129942961879	1.36782065136e-05	0.00019149489119	1.7097758142e-05	0	1.36782065136e-05	0.000102586548852	0	0.000194914442818	0	0.00146698764858	3.41955162839e-06	2.73564130271e-05	5.81323776826e-05	0.00124129724111	0.00019149489119	3.41955162839e-06	0	0	0	2.73564130271e-05	0.0021919325938	0.000188075339561	0.00315966570463	0.00106690010806	0.000738623151732	0.000123103858622	3.07759646555e-05	7.18105841962e-05	2.05173097703e-05	0.000157299374906	0.000242788165616	0.000181236236305	0.000218851304217	0
0	0.000249627268873	0	0	0.000653134361023	0.00012652341025	0.00301262498461	2.39368613987e-05	0.00148750495835	0.00120026262157	0.000198333994447	0	0.00288952112599	3.41955162839e-05	0.00122419948296	0.00773844533505	0	3.41955162839e-06	0	3.41955162839e-06	0.000854887907098	6.83910325678e-06	0.000307759646555	1.02586548852e-05	0.000967733110835	5.47128260542e-05	6.83910325678e-06	0.000249627268873	0.000321437853069	0.000906181181523	1.36782065136e-05	0	0.000304340094927	2.05173097703e-05	0.00031801830144	0	0	0	0	3.07759646555e-05	0	0	0	0	7.52301358246e-05	0	0	3.41955162839e-06	0	0	0	0	0	0	0	0	0	3.41955162839e-06	0	0.000109425652108	0	0	0	5.12932744259e-05	3.41955162839e-06	0	0	0	0	6.83910325678e-06	0.000406926643778	1.02586548852e-05	0.000215431752589	4.78737227975e-05	0.00393248437265	2.73564130271e-05	1.02586548852e-05	0	0	0	0	0	0	0
1.36782065136e-05	0.000485576331231	0.000406926643778	0	0	0	1.02586548852e-05	0	9.57474455949e-05	0.00123787768948	3.41955162839e-06	3.41955162839e-06	6.83910325678e-06	1.7097758142e-05	0.000205173097703	0	0.0254106881506	3.07759646555e-05	3.41955162839e-06	0.000102586548852	6.83910325678e-06	0.00715370200659	0.00713318469682	0.00734519689778	0.00946531890738	1.36782065136e-05	0.000270144578643	0.00434966967131	0.00181578191468	0.00040350709215	0.0016858389528	3.41955162839e-06	0	0.000232529510731	0.00267066982177	1.02586548852e-05	9.91669972233e-05	6.83910325678e-05	0	2.39368613987e-05	0	6.83910325678e-06	0.000632617051252	1.36782065136e-05	0.00139517706438	1.36782065136e-05	2.05173097703e-05	6.83910325678e-06	0	4.44541711691e-05	3.41955162839e-06	0.00666812567536	0	3.41955162839e-06	1.36782065136e-05	6.83910325678e-06	8.54887907098e-05	0.00765295654434	0.000177816684676	0.00500622358396	0	1.36782065136e-05	0.000184655787933	0.00423682446758	7.52301358246e-05	4.10346195407e-05	0	0	0	1.02586548852e-05	0.00241420344964	0.000239368613987	0.000694168980563	0.000273564130271	0.000123103858622	1.7097758142e-05	0	0.000198333994447	0.000119684306994	3.07759646555e-05	1.02586548852e-05	1.02586548852e-05	0	0
0.00153195912952	0.00221928900683	0.0059500198334	0	3.41955162839e-06	3.41955162839e-06	2.05173097703e-05	0.00474633766021	0.000355633369353	2.39368613987e-05	6.83910325678e-06	0.00019149489119	4.10346195407e-05	2.05173097703e-05	0.00219877169706	3.41955162839e-06	3.07759646555e-05	0.0398788110903	0.000133362513507	0.00701350038983	2.73564130271e-05	0.00391196706288	0.000123103858622	0.014143265535	4.44541711691e-05	6.83910325678e-06	0.0214645255714	0.00683568370515	0.000249627268873	0.00200385725424	0.00800175081043	0	3.41955162839e-06	0.000283822785156	0.0077931581611	1.02586548852e-05	0.00208592649332	0.00113871069225	0	0	0	0	9.91669972233e-05	1.02586548852e-05	2.73564130271e-05	3.41955162839e-06	2.39368613987e-05	0	0	1.7097758142e-05	0	0.000341955162839	0.000878824768496	0.000157299374906	0.000410346195407	0	2.73564130271e-05	0.000410346195407	0.000235949062359	0.00012652341025	1.36782065136e-05	0.0013370446867	0.00506435596165	0.000188075339561	3.41955162839e-06	2.39368613987e-05	1.02586548852e-05	0	0	4.10346195407e-05	0.00156957419743	0.000328276956325	0.00194230532493	0.000690749428935	0.000280403233528	7.18105841962e-05	0	0.000136782065136	0.000834370597327	3.76150679123e-05	2.39368613987e-05	0	0	3.41955162839e-06
0.000123103858622	3.41955162839e-06	0.000352213817724	0	0.000266725027014	6.83910325678e-06	0.00130284917042	8.20692390814e-05	0.000324857404697	1.02586548852e-05	0.0002769836819	0.00697930487354	0.00282796919668	0.00010600610048	0.00142595302904	0	3.41955162839e-06	0.000133362513507	0.0111511578602	0.00174739088211	0.00170293671094	0.000102586548852	6.83910325678e-06	0.000229109959102	0.000478737227975	1.7097758142e-05	0.00618254934413	0.000345374714467	0.000256466372129	0.00514984475236	0.000718105841962	9.23278939665e-05	9.23278939665e-05	5.12932744259e-05	0.00532766143703	0	1.36782065136e-05	2.05173097703e-05	0	5.12932744259e-05	0	3.41955162839e-06	0.000112845203737	2.05173097703e-05	3.76150679123e-05	6.1551929311e-05	3.41955162839e-06	7.8649687453e-05	0	1.36782065136e-05	0	3.41955162839e-06	0	0	3.76150679123e-05	6.83910325678e-06	0	1.02586548852e-05	0	0.000406926643778	6.83910325678e-06	8.89083423382e-05	4.10346195407e-05	0.000324857404697	5.12932744259e-05	0	0	0	0	3.41955162839e-06	0.000813853287557	0.000639456154509	0.000266725027014	7.52301358246e-05	6.83910325678e-06	0	0	6.83910325678e-06	3.07759646555e-05	3.41955162839e-05	3.41955162839e-06	3.41955162839e-06	1.36782065136e-05	0
0.000177816684676	0.000772818668016	0.000150460271649	0	5.47128260542e-05	0	9.23278939665e-05	0.000338535611211	0.000112845203737	2.39368613987e-05	0.000177816684676	0.00419920939966	0.00144647033881	0.000208592649332	0.000834370597327	3.41955162839e-06	0.000102586548852	0.00701350038983	0.00174739088211	0.0224014827176	0.00137807930624	0.00061551929311	1.7097758142e-05	0.00172345402071	0.000263305475386	0.000112845203737	0.01623261158	0.0010600610048	0.000259885923758	0.00361788562284	0.00199359859935	2.39368613987e-05	1.02586548852e-05	0.000427443953549	0.00840867745421	6.83910325678e-06	0.000936957146179	0.000116264755365	0	8.20692390814e-05	0	0	0.000119684306994	3.41955162839e-06	0.000184655787933	1.7097758142e-05	1.02586548852e-05	3.41955162839e-05	3.41955162839e-06	3.41955162839e-06	0	2.39368613987e-05	0.00012652341025	2.05173097703e-05	0.000468478573089	0	6.83910325678e-06	5.12932744259e-05	2.39368613987e-05	0.000328276956325	3.07759646555e-05	0.00116264755365	0.00132678603182	0.000304340094927	1.02586548852e-05	6.83910325678e-06	0	0	0	2.39368613987e-05	0.00332038463117	0.0016858389528	0.0015661546458	0.000331696507954	2.05173097703e-05	6.83910325678e-06	0	9.57474455949e-05	0.00101560683363	3.41955162839e-05	3.76150679123e-05	3.41955162839e-06	0	3.41955162839e-06
3.41955162839e-06	4.44541711691e-05	1.7097758142e-05	0	0.00676729267258	2.73564130271e-05	0.00479763093463	0.000290661888413	0.00286900381622	6.49714809394e-05	0.0108639155234	0.0032280567372	0.0173439658592	0.000280403233528	0.00420946805455	0.000854887907098	6.83910325678e-06	2.73564130271e-05	0.00170293671094	0.00137807930624	0.0311965695058	1.02586548852e-05	0	4.10346195407e-05	0.00406584688616	3.76150679123e-05	0.00255440506641	0.000270144578643	0.00464033155973	0.0120436608352	9.23278939665e-05	2.73564130271e-05	0.000451380814948	0.000834370597327	0.00883612140776	3.41955162839e-06	6.83910325678e-05	3.41955162839e-06	0	0.000229109959102	3.41955162839e-06	6.1551929311e-05	7.18105841962e-05	2.73564130271e-05	0.000345374714467	0.000379570230751	6.83910325678e-06	0.000577904225198	0	6.83910325678e-06	2.73564130271e-05	0	6.83910325678e-06	0	1.02586548852e-05	0.000376150679123	0	0	3.41955162839e-06	0.000465059021461	2.73564130271e-05	2.73564130271e-05	4.78737227975e-05	0.000300920543298	1.36782065136e-05	0	0	0	0	4.10346195407e-05	0.00119684306994	0.00105322190154	0.00421630715781	0.000475317676346	0.000376150679123	6.83910325678e-06	6.1551929311e-05	2.39368613987e-05	3.41955162839e-06	8.20692390814e-05	8.89083423382e-05	2.05173097703e-05	7.52301358246e-05	0
1.02586548852e-05	8.89083423382e-05	0.00283138874831	0	0	0	8.89083423382e-05	0.00681174684375	0.000724944945219	9.57474455949e-05	1.36782065136e-05	5.47128260542e-05	1.02586548852e-05	6.83910325678e-06	0.000933537594551	6.83910325678e-06	0.00715370200659	0.00391196706288	0.000102586548852	0.00061551929311	1.02586548852e-05	0.0547367629156	0.00172003446908	0.0370542614452	0.00147382675184	3.41955162839e-06	0.00298184901996	0.00278693457714	0.00866172427471	0.00104638279829	0.0160376971372	3.41955162839e-06	2.73564130271e-05	0.00091302028478	0.00917123746734	1.7097758142e-05	7.52301358246e-05	7.18105841962e-05	0	6.83910325678e-06	0	2.39368613987e-05	0.000389828885637	1.7097758142e-05	0.000335116059582	2.39368613987e-05	0	2.39368613987e-05	0	1.36782065136e-05	2.39368613987e-05	0.00377860454937	0	0	3.41955162839e-06	3.41955162839e-06	8.20692390814e-05	0.00657921733302	8.20692390814e-05	0.00350162086747	0	2.73564130271e-05	0.000188075339561	0.00394274302753	3.76150679123e-05	6.1551929311e-05	0	0	0	6.83910325678e-06	0.0046369120081	0.000598421534968	0.00522849443981	0.00162770657511	0.00050951319263	0.00021201220096	0	4.78737227975e-05	2.39368613987e-05	1.36782065136e-05	2.39368613987e-05	6.83910325678e-06	0	0
0	0.00470872259229	0.000909600733152	0	1.02586548852e-05	0	3.41955162839e-06	3.41955162839e-06	0.000102586548852	0.00736229465592	0	3.76150679123e-05	0	0.0010839978662	0.000109425652108	0.000307759646555	0.00713318469682	0.000123103858622	6.83910325678e-06	1.7097758142e-05	0	0.00172003446908	0.0246139326212	0.0038538346852	0.00654502181674	0.00171319536582	5.81323776826e-05	0.00899342078267	0.00121052127645	0.000222270855845	0.000430863505177	0	0	8.89083423382e-05	0.000365892024238	1.02586548852e-05	0.000400087540522	6.83910325678e-06	0	7.8649687453e-05	0	1.7097758142e-05	2.05173097703e-05	1.36782065136e-05	0.00289294067762	2.39368613987e-05	6.83910325678e-06	3.76150679123e-05	6.49714809394e-05	3.07759646555e-05	2.39368613987e-05	0.00573458808081	0	3.41955162839e-06	3.41955162839e-06	1.02586548852e-05	0.000194914442818	0.00952003173344	0.000201753546075	0.00478737227975	0.000157299374906	4.10346195407e-05	0.0028792624711	0.0013849184095	5.12932744259e-05	6.83910325678e-05	0	0	0	3.41955162839e-06	0.000263305475386	9.23278939665e-05	4.10346195407e-05	0	0.000400087540522	0	0	2.05173097703e-05	1.02586548852e-05	3.41955162839e-06	0	1.02586548852e-05	0	0
0.00157299374906	0.000307759646555	0.0178637377067	0	0	3.41955162839e-06	0.00031801830144	0.011134060102	0.00349136221259	7.52301358246e-05	3.41955162839e-05	0.000153879823278	4.10346195407e-05	1.7097758142e-05	0.00361446607121	1.02586548852e-05	0.00734519689778	0.014143265535	0.000229109959102	0.00172345402071	4.10346195407e-05	0.0370542614452	0.0038538346852	0.0823940964861	0.000813853287557	3.41955162839e-06	0.00981069362185	0.015008412097	0.00378886320426	0.0013131078253	0.0117837749114	1.02586548852e-05	3.76150679123e-05	0.0010361241434	0.0130182330493	3.76150679123e-05	0.000253046820501	6.83910325678e-05	0	6.83910325678e-06	0	2.39368613987e-05	0.000205173097703	3.07759646555e-05	0.000167558029791	1.02586548852e-05	0	2.73564130271e-05	0	2.73564130271e-05	2.39368613987e-05	0.010241557127	3.41955162839e-06	0	2.05173097703e-05	0	0.000735203600104	0.0139312533341	0.00157641330069	0.0042402440192	0	6.83910325678e-05	0.00136782065136	0.00261937654735	3.41955162839e-05	0.000321437853069	0	0	3.41955162839e-06	0.000112845203737	0.00768715206062	0.000653134361023	0.00796071619089	0.00333064328605	0.0011558084504	0.000406926643778	0	0.000116264755365	0.00010600610048	7.8649687453e-05	9.23278939665e-05	1.7097758142e-05	0	0
4.44541711691e-05	0.00176448864025	0.000393248437265	0	0.0129430029135	6.49714809394e-05	0.00155247643929	0.000311179198184	0.00201753546075	0.0113665896128	0.000632617051252	0.000752301358246	0.00436334787783	0.000290661888413	0.00276299771574	0.000967733110835	0.00946531890738	4.44541711691e-05	0.000478737227975	0.000263305475386	0.00406584688616	0.00147382675184	0.00654502181674	0.000813853287557	0.0547538606738	0.000300920543298	0.000858307458726	0.00339219521536	0.0170122693512	0.00697588532192	0.00178158639839	3.41955162839e-06	0.000345374714467	0.0032519935986	0.00693143115075	0.000263305475386	0.000119684306994	7.52301358246e-05	0	0.00324515449534	8.54887907098e-05	0.000495834986117	0.00193204667004	0.000150460271649	0.0106177078062	0.00537553515983	4.10346195407e-05	0.00259202013432	3.41955162839e-06	0.000389828885637	0.000232529510731	0.000400087540522	0	0	1.7097758142e-05	0.00320070032417	6.83910325678e-06	0.00154563733603	0.00010600610048	0.0126933756446	1.36782065136e-05	2.39368613987e-05	0.0002769836819	0.00878824768496	0.000639456154509	1.02586548852e-05	0	0	2.39368613987e-05	9.23278939665e-05	0.00299552722647	0.000273564130271	0.00342981028328	0.00170293671094	0.00181236236305	1.36782065136e-05	6.83910325678e-06	0.00038298978238	5.81323776826e-05	0.000143621168392	7.18105841962e-05	4.44541711691e-05	4.78737227975e-05	0
0	0.00282113009342	2.73564130271e-05	0	0	0	6.83910325678e-06	0	0	0.00155247643929	0	0.000201753546075	4.44541711691e-05	0.00911310508966	6.83910325678e-06	5.47128260542e-05	1.36782065136e-05	6.83910325678e-06	1.7097758142e-05	0.000112845203737	3.76150679123e-05	3.41955162839e-06	0.00171319536582	3.41955162839e-06	0.000300920543298	0.0184826765515	0.000622358396367	0.013637171894	0	6.83910325678e-05	0	0.000287242336785	2.05173097703e-05	0	0.000150460271649	1.36782065136e-05	0.00354949459027	6.1551929311e-05	0	6.83910325678e-06	0	0	1.7097758142e-05	0	4.78737227975e-05	0	0.00100534817875	6.83910325678e-06	0.0013609815481	0	0	7.52301358246e-05	2.73564130271e-05	2.39368613987e-05	0.000519771847515	0	0	0.000160718926534	1.7097758142e-05	4.78737227975e-05	0.00385041513357	0.00566277749661	0.00547470215705	3.41955162839e-06	0	0	0.000153879823278	0	0	3.07759646555e-05	3.41955162839e-05	0.000136782065136	0	0	7.52301358246e-05	0	0.000266725027014	0	0.00132336648019	3.41955162839e-05	0	0	0	0.000246207717244
0.00266725027014	0.00513274699421	0.0158051676264	0	0.000283822785156	1.02586548852e-05	0.000632617051252	0.00589188745572	0.00232871465893	4.78737227975e-05	0.000359052920981	0.00925330670642	0.00291345798739	0.00344348848979	0.0067570340177	6.83910325678e-06	0.000270144578643	0.0214645255714	0.00618254934413	0.01623261158	0.00255440506641	0.00298184901996	5.81323776826e-05	0.00981069362185	0.000858307458726	0.000622358396367	0.0971904963821	0.0223809654078	0.000683910325678	0.00750591582432	0.00766321519922	0.00131652737693	0.000475317676346	0.000608680189854	0.0107681680778	2.39368613987e-05	0.00543708708914	0.00234239286545	0	0.000116264755365	0	1.02586548852e-05	0.000232529510731	2.39368613987e-05	0.000201753546075	5.12932744259e-05	0.000119684306994	6.83910325678e-05	1.02586548852e-05	3.41955162839e-05	0	0.000321437853069	0.00153195912952	0.000506093641002	0.00296133171019	6.83910325678e-06	6.83910325678e-06	0.000338535611211	0.000283822785156	0.000677071222421	0.000246207717244	0.00863094831006	0.0137124020298	0.000571065121941	4.44541711691e-05	1.02586548852e-05	3.07759646555e-05	0	0	8.20692390814e-05	0.0070340176996	0.00554993229288	0.00209276559657	0.000519771847515	4.10346195407e-05	1.36782065136e-05	1.02586548852e-05	0.000229109959102	0.0037341503782	8.20692390814e-05	5.12932744259e-05	1.36782065136e-05	1.36782065136e-05	0
0	0.0171969251392	0.0165848253977	0	1.36782065136e-05	0	9.57474455949e-05	0.000266725027014	5.47128260542e-05	0.00303998139764	9.57474455949e-05	0.00068049077405	0.000352213817724	0.0102791721949	0.000246207717244	0.000249627268873	0.00434966967131	0.00683568370515	0.000345374714467	0.0010600610048	0.000270144578643	0.00278693457714	0.00899342078267	0.015008412097	0.00339219521536	0.013637171894	0.0223809654078	0.111993735381	0.000707847187077	0.000902761629895	0.000372731127495	0.000954054904321	4.78737227975e-05	0.000482156779603	0.00389144975311	3.76150679123e-05	0.0143621168392	0.00132336648019	0	3.76150679123e-05	0	0	0.00019149489119	6.83910325678e-06	0.000188075339561	6.83910325678e-06	0.00050951319263	6.83910325678e-06	0.000536869605657	3.76150679123e-05	0	0.0093593128069	0.000506093641002	0.00021201220096	0.00153537868115	6.83910325678e-06	0.000919859388037	0.0140953918122	0.00454458411413	0.000642875706137	0.00300920543298	0.00944822114924	0.0280061278365	0.000636036602881	3.76150679123e-05	0.000256466372129	0.00021201220096	0	1.36782065136e-05	0.000359052920981	0.00967049200509	0.00163454567837	0.00310837243021	0.00103954369503	0.000454800366576	7.8649687453e-05	1.02586548852e-05	0.000475317676346	0.00112845203737	0.000201753546075	5.12932744259e-05	3.41955162839e-06	0	4.10346195407e-05
0.000109425652108	0.000133362513507	0.000612099741482	0	0.0073828119657	5.47128260542e-05	0.00243814031104	0.012091534558	0.00204147232215	0.00207566783843	0.00317676346277	0.000413765747035	0.000540289157286	9.91669972233e-05	0.0035289772805	0.000321437853069	0.00181578191468	0.000249627268873	0.000256466372129	0.000259885923758	0.00464033155973	0.00866172427471	0.00121052127645	0.00378886320426	0.0170122693512	0	0.000683910325678	0.000707847187077	0.0538237426309	0.0108160418006	0.0106177078062	0	0.0002769836819	0.00713318469682	0.00994747568699	6.83910325678e-05	8.89083423382e-05	0.000102586548852	0	0.00198675949609	1.02586548852e-05	0.000167558029791	0.00160718926534	0.000331696507954	0.00293739484879	0.00451380814948	4.78737227975e-05	0.000454800366576	0	0.000420604850292	2.39368613987e-05	0.000129942961879	0	0	1.02586548852e-05	0.00153195912952	3.41955162839e-06	0.000728364496847	6.83910325678e-06	0.00997483210002	0	1.02586548852e-05	0.000150460271649	0.00768373250899	0.000820692390814	1.02586548852e-05	0	0	0	4.10346195407e-05	0.00240736434639	0.00029750099167	0.00689381608284	0.00333406283768	0.00136782065136	0.000372731127495	1.7097758142e-05	0.000242788165616	4.78737227975e-05	0.000341955162839	1.36782065136e-05	0.000123103858622	8.20692390814e-05	0
0.00414791612524	0.000147040720021	0.000844629252212	0	0.00218509349054	0.000735203600104	0.00639798109672	0.0104467302247	0.00875747172031	0.000670232119165	0.00422314626106	0.0100705795456	0.0129190660521	0.00215773707751	0.0272675046848	0.000906181181523	0.00040350709215	0.00200385725424	0.00514984475236	0.00361788562284	0.0120436608352	0.00104638279829	0.000222270855845	0.0013131078253	0.00697588532192	6.83910325678e-05	0.00750591582432	0.000902761629895	0.0108160418006	0.0730313641275	0.0174362937532	0.000417185298664	0.00642533750975	0.0165369516749	0.0345408909984	5.47128260542e-05	0.000133362513507	6.1551929311e-05	0	0.00108057831457	2.73564130271e-05	0.000311179198184	0.00261253744409	0.000314598749812	0.00260227878921	0.000690749428935	6.83910325678e-06	0.000365892024238	1.36782065136e-05	0.000331696507954	6.49714809394e-05	0.000109425652108	2.39368613987e-05	0	3.76150679123e-05	0.00021201220096	1.36782065136e-05	0.000153879823278	1.7097758142e-05	0.00545418484728	2.73564130271e-05	5.81323776826e-05	0.000232529510731	0.0054917999152	0.000523191399144	2.73564130271e-05	0	0	0	8.54887907098e-05	0.00653476316185	0.00122761903459	0.0153606259147	0.00496860851605	0.000601841086597	0.000109425652108	0.000112845203737	0.00040350709215	8.89083423382e-05	0.000376150679123	0.000475317676346	0.000359052920981	0.000441122160062	0
0.00422998536432	9.91669972233e-05	0.00549521946682	0	0	0	5.47128260542e-05	0.0149947338905	0.00225690407474	0.00146356809695	5.12932744259e-05	0.000140201616764	7.18105841962e-05	4.78737227975e-05	0.0118829419087	1.36782065136e-05	0.0016858389528	0.00800175081043	0.000718105841962	0.00199359859935	9.23278939665e-05	0.0160376971372	0.000430863505177	0.0117837749114	0.00178158639839	0	0.00766321519922	0.000372731127495	0.0106177078062	0.0174362937532	0.0566688095857	0	3.41955162839e-05	0.0129259051553	0.0141124895704	0.000341955162839	8.89083423382e-05	0.000119684306994	0	0.000324857404697	6.83910325678e-06	2.73564130271e-05	0.00289636022925	0.000218851304217	0.00260227878921	0.00012652341025	6.83910325678e-06	3.07759646555e-05	0	0.000280403233528	3.41955162839e-05	0.000478737227975	0	0	1.7097758142e-05	3.41955162839e-05	5.81323776826e-05	0.000516352295887	0.000123103858622	0.00337851700885	0	7.18105841962e-05	0.000365892024238	0.00393590392428	0.000458219918204	0.000259885923758	0	0	1.7097758142e-05	3.07759646555e-05	0.0035529141419	0.000482156779603	0.00704769590611	0.00318702211766	0.00203121366726	0.000564226018684	0	0.000372731127495	6.83910325678e-05	8.54887907098e-05	5.12932744259e-05	5.47128260542e-05	1.02586548852e-05	0
0	0	0	0	3.41955162839e-06	0	6.1551929311e-05	0	1.36782065136e-05	0	0	0.00107031965969	7.52301358246e-05	0.00353581638376	0.000205173097703	0	3.41955162839e-06	0	9.23278939665e-05	2.39368613987e-05	2.73564130271e-05	3.41955162839e-06	0	1.02586548852e-05	3.41955162839e-06	0.000287242336785	0.00131652737693	0.000954054904321	0	0.000417185298664	0	0.00461639469833	8.89083423382e-05	0	0.000437702608434	0	3.41955162839e-06	3.41955162839e-06	0	0	0	0	0	0	0	0	0.000174397133048	0	0.000109425652108	0	0	0	0	6.49714809394e-05	6.1551929311e-05	0	0	0	0	0	3.76150679123e-05	0.00130968827367	2.39368613987e-05	0	0	0	9.91669972233e-05	0	0	0	0.000321437853069	0.000441122160062	5.47128260542e-05	2.73564130271e-05	0	0	3.41955162839e-06	0	0.000365892024238	0	0	0	0	1.7097758142e-05
0	0	2.05173097703e-05	0	4.44541711691e-05	0.00188417294724	0.00206540918355	8.54887907098e-05	0.00183629922445	2.05173097703e-05	0.000338535611211	0.000844629252212	0.000543708708914	0.000889083423382	0.00336483880234	0.000304340094927	0	3.41955162839e-06	9.23278939665e-05	1.02586548852e-05	0.000451380814948	2.73564130271e-05	0	3.76150679123e-05	0.000345374714467	2.05173097703e-05	0.000475317676346	4.78737227975e-05	0.0002769836819	0.00642533750975	3.41955162839e-05	8.89083423382e-05	0.00965681379857	6.1551929311e-05	0.00416501388338	0	0	0	0	6.83910325678e-06	1.02586548852e-05	0.000129942961879	3.41955162839e-05	5.47128260542e-05	3.41955162839e-06	6.83910325678e-06	3.41955162839e-06	1.02586548852e-05	1.02586548852e-05	2.05173097703e-05	6.83910325678e-06	0	1.02586548852e-05	0	1.02586548852e-05	0	0	0	0	4.78737227975e-05	0	6.83910325678e-06	3.41955162839e-06	4.44541711691e-05	3.41955162839e-05	0	0	0	0	1.02586548852e-05	0.00168925850442	8.54887907098e-05	0.00177474729513	0.000649714809394	0.000670232119165	0.000140201616764	3.07759646555e-05	1.7097758142e-05	1.02586548852e-05	8.54887907098e-05	0.00017097758142	0.000143621168392	0.000181236236305	0
0.000235949062359	0.000167558029791	0.00021201220096	0	0.000820692390814	3.76150679123e-05	1.36782065136e-05	0.00717421931636	0.000882244320125	0.000981411317348	0.000355633369353	0.000249627268873	0.000345374714467	0.000112845203737	0.00286558426459	2.05173097703e-05	0.000232529510731	0.000283822785156	5.12932744259e-05	0.000427443953549	0.000834370597327	0.00091302028478	8.89083423382e-05	0.0010361241434	0.0032519935986	0	0.000608680189854	0.000482156779603	0.00713318469682	0.0165369516749	0.0129259051553	0	6.1551929311e-05	0.0219877169706	0.0134867116224	0.000188075339561	0.000140201616764	6.1551929311e-05	0	0.000304340094927	0	3.41955162839e-06	0.00173371267559	9.91669972233e-05	0.00210644380309	6.49714809394e-05	6.83910325678e-06	1.7097758142e-05	0	0.00021201220096	1.36782065136e-05	6.1551929311e-05	1.7097758142e-05	0	6.83910325678e-06	1.7097758142e-05	1.36782065136e-05	6.49714809394e-05	5.47128260542e-05	0.00261253744409	0	1.02586548852e-05	0.000273564130271	0.00275615861248	0.000300920543298	2.73564130271e-05	0	0	1.7097758142e-05	4.10346195407e-05	0.00356659234841	0.000899342078267	0.00847364893515	0.00435308922294	0.00160718926534	0.000406926643778	1.02586548852e-05	0.000194914442818	4.10346195407e-05	5.81323776826e-05	1.02586548852e-05	2.39368613987e-05	1.36782065136e-05	0
