0.023595767568	2.86306765429e-05	0.001002073679	0	0.000417189858196	8.18019329797e-05	0.000740307493466	0.0140576621826	0.0101761604627	0.000879370779532	0.00134564179752	0.000237225605641	0.000396739374951	0.00012270289947	0.0120044336648	3.27207731919e-05	0.000114522706172	0.000883460876181	5.31712564368e-05	0.000245405798939	0.000335387925217	0.00191416523172	0.000143153382714	0.00306757248674	0.00184463358869	2.04504832449e-05	0.00134564179752	0.000355838408462	0.00480586356256	0.00775073314982	0.00759121938051	8.18019329797e-06	0.000151333576012	0.00134973189416	0.0032229961594	9.40722229266e-05	5.72613530858e-05	4.09009664898e-05	0	3.68108698409e-05	0	2.04504832449e-05	0.000151333576012	7.36217396817e-05	0.000715766913572	7.77118363307e-05	2.04504832449e-05	2.86306765429e-05	4.09009664898e-06	6.13514497348e-05	1.2270289947e-05	1.2270289947e-05	2.04504832449e-05	4.09009664898e-06	2.45405798939e-05	2.04504832449e-05	3.27207731919e-05	0.00012270289947	4.49910631388e-05	0.000421279954845	8.18019329797e-06	4.09009664898e-05	3.68108698409e-05	0.000306757248674	5.72613530858e-05	8.58920296287e-05	8.18019329797e-06	0	0	4.90811597878e-05	0.000834379716393	0.000216775122396	0.00226182344689	0.000830289619744	6.13514497348e-05	3.68108698409e-05	2.04504832449e-05	0.000126792996118	4.09009664898e-05	0.000114522706172	2.86306765429e-05	2.45405798939e-05	1.63603865959e-05	8.18019329797e-06
2.86306765429e-05	0.0165567112351	0.000752577783413	0	8.18019329797e-06	0	8.18019329797e-06	6.54415463837e-05	3.27207731919e-05	0.00225364325359	8.18019329797e-06	8.99821262776e-05	0	0.000425370051494	6.13514497348e-05	2.86306765429e-05	0.000503081887825	0.000470361114633	5.31712564368e-05	0.000310847345323	4.09009664898e-06	0.000216775122396	0.00372607804722	0.000539892757666	0.00138245266736	0.00238861644301	0.00428642128814	0.00743579570785	0.00024131570229	0.000143153382714	0.000114522706172	4.09009664898e-05	0	4.90811597878e-05	0.000413099761547	2.04504832449e-05	0.00547254931634	0.000179964252555	0	4.09009664898e-06	0	4.09009664898e-06	1.2270289947e-05	2.45405798939e-05	0.0004008294716	1.2270289947e-05	0.000343568118515	1.2270289947e-05	0.000339478021866	1.2270289947e-05	0	0.000102252416225	0.00015951376931	0.000294486958727	0.000376288891707	8.18019329797e-06	1.2270289947e-05	0.000957082615862	7.36217396817e-05	0.000229045412343	0.00129247054108	0.00137427247406	0.00346431186169	6.54415463837e-05	8.18019329797e-06	2.45405798939e-05	6.13514497348e-05	0	4.09009664898e-06	0.000126792996118	0.000392649278302	0.000368108698409	0.000425370051494	0.000134973189416	3.27207731919e-05	8.18019329797e-06	8.99821262776e-05	0.000175874155906	0.000237225605641	0.000204504832449	6.54415463837e-05	1.2270289947e-05	1.63603865959e-05	0
0.001002073679	0.000752577783413	0.0388927290352	0	3.27207731919e-05	8.18019329797e-06	5.31712564368e-05	0.00236407586311	0.000539892757666	0.000437640341441	4.90811597878e-05	8.18019329797e-05	2.04504832449e-05	8.18019329797e-05	0.00056443333756	1.2270289947e-05	0.000797568846552	0.00678138024402	1.63603865959e-05	0.000556253144262	1.63603865959e-05	0.00440094399431	0.00149697537353	0.0154810158164	0.000936632132617	0.00012270289947	0.0157018810354	0.0161354312802	0.00356656427791	0.000539892757666	0.00378742949696	8.18019329797e-06	2.04504832449e-05	0.000216775122396	0.00254404011567	3.27207731919e-05	0.00500218820171	0.00143971402044	0	0	0	8.18019329797e-06	7.36217396817e-05	3.27207731919e-05	0.00012270289947	2.04504832449e-05	4.09009664898e-05	0	4.49910631388e-05	1.63603865959e-05	0	0.000286306765429	0.000985713292405	2.86306765429e-05	0.000302667152025	0	0.000175874155906	0.00272809446487	0.00110023599858	7.36217396817e-05	8.18019329797e-05	0.000899821262776	0.00420052925851	0.000106342512874	2.45405798939e-05	0.000102252416225	4.09009664898e-06	0	4.09009664898e-06	0.000212685025747	0.00503899907155	0.00159922778975	0.00275263504477	0.000989803389054	2.04504832449e-05	1.63603865959e-05	2.45405798939e-05	0.000515352177772	0.000458090824686	0.000388559181653	0.000163603865959	1.2270289947e-05	8.18019329797e-06	8.18019329797e-06
0	0	0	0	0	0	0	0	0	0	0	0	0	0	0	0	0	0	0	0	0	0	0	0	0	0	0	0	0	0	0	0	0	0	0	0	0	0	0	0	0	0	0	0	0	0	0	0	0	0	0	0	0	0	0	0	0	0	0	0	0	0	0	0	0	0	0	0	0	0	0	0	0	0	0	0	0	0	0	0	0	0	0	0
0.000417189858196	8.18019329797e-06	3.27207731919e-05	0	0.0177591996499	4.09009664898e-06	0.00116158744831	0.00344386137844	0.00169739010933	0.000773028266658	0.00278944591461	9.40722229266e-05	0.00353793360137	2.45405798939e-05	0.00116976764161	0.000556253144262	1.63603865959e-05	1.63603865959e-05	2.04504832449e-05	6.13514497348e-05	0.0102661425889	4.09009664898e-05	3.27207731919e-05	7.36217396817e-05	0.00490402588213	4.09009664898e-06	0.000114522706172	5.31712564368e-05	0.0070472365262	0.00202459784125	0.000257676088886	8.18019329797e-06	2.45405798939e-05	0.000895731166127	0.00134973189416	2.04504832449e-05	4.09009664898e-06	0	0	0.000879370779532	0	8.58920296287e-05	8.58920296287e-05	3.27207731919e-05	0.00115340725501	0.000678956043731	1.2270289947e-05	0.000351748311813	4.09009664898e-06	2.04504832449e-05	6.13514497348e-05	4.09009664898e-06	0	0	0	0.00036401860176	4.09009664898e-06	1.63603865959e-05	8.18019329797e-06	0.00107160532203	8.18019329797e-06	0	1.2270289947e-05	0.000568523434209	1.2270289947e-05	8.18019329797e-06	0	0	4.09009664898e-06	1.63603865959e-05	0.00015951376931	6.95316430327e-05	0.000887550972829	0.000257676088886	0.000302667152025	1.2270289947e-05	8.18019329797e-06	2.86306765429e-05	4.09009664898e-06	2.45405798939e-05	4.09009664898e-06	4.49910631388e-05	4.09009664898e-06	0
8.18019329797e-05	0	8.18019329797e-06	0	4.09009664898e-06	0.00505944955479	0.00143971402044	0.000134973189416	0.00171784059257	3.27207731919e-05	8.58920296287e-05	6.95316430327e-05	6.95316430327e-05	4.90811597878e-05	0.00076484807336	0.000834379716393	1.2270289947e-05	0	1.2270289947e-05	8.18019329797e-06	3.27207731919e-05	1.63603865959e-05	1.63603865959e-05	2.86306765429e-05	4.90811597878e-05	4.09009664898e-06	4.49910631388e-05	1.2270289947e-05	6.54415463837e-05	0.000474451211282	3.27207731919e-05	4.09009664898e-06	0.00264220243524	4.09009664898e-05	0.0010102538723	4.09009664898e-06	4.09009664898e-06	0	0	0	0	0	4.09009664898e-06	0	1.63603865959e-05	4.09009664898e-06	0	4.09009664898e-06	0	0	0	0	0	0	0	0	0	4.09009664898e-06	0	4.09009664898e-06	8.18019329797e-06	0	4.09009664898e-06	8.18019329797e-06	4.09009664898e-06	0	0	0	0	0	0.000147243479363	4.90811597878e-05	0.000527622467719	0.000179964252555	0.00143562392379	0.00116567754496	0	1.2270289947e-05	8.18019329797e-06	1.2270289947e-05	4.09009664898e-06	0	0	4.09009664898e-06
0.000740307493466	8.18019329797e-06	5.31712564368e-05	0	0.00116158744831	0.00143971402044	0.0359110485781	0.0046422596966	0.0200701042566	0.000249495895588	0.0139922206362	0.00024131570229	0.00712494836253	0.000130883092767	0.00596745101087	0.00204095822784	2.04504832449e-05	2.45405798939e-05	3.27207731919e-05	8.99821262776e-05	0.00118203793156	0.000143153382714	2.45405798939e-05	0.000163603865959	0.000760757976711	1.63603865959e-05	0.000339478021866	9.81623195756e-05	0.00236407586311	0.00428642128814	0.000409009664898	8.18019329797e-06	0.00186508407194	0.000503081887825	0.00288351813753	1.2270289947e-05	0	4.09009664898e-06	0	1.2270289947e-05	0	1.2270289947e-05	4.90811597878e-05	4.09009664898e-06	0.000220865219045	4.09009664898e-05	8.18019329797e-06	0.000229045412343	4.09009664898e-06	4.09009664898e-06	8.18019329797e-06	4.09009664898e-06	0	4.09009664898e-06	4.09009664898e-06	8.18019329797e-06	8.18019329797e-06	1.2270289947e-05	4.09009664898e-06	0.000175874155906	1.2270289947e-05	1.63603865959e-05	1.2270289947e-05	0.000102252416225	1.2270289947e-05	2.45405798939e-05	4.09009664898e-06	0	0	4.09009664898e-06	0.000474451211282	0.000155423672661	0.00186508407194	0.000511262081123	0.00103888454884	0.00036401860176	2.45405798939e-05	2.45405798939e-05	1.2270289947e-05	2.45405798939e-05	1.2270289947e-05	0	0	8.18019329797e-06
0.0140576621826	6.54415463837e-05	0.00236407586311	0	0.00344386137844	0.000134973189416	0.0046422596966	0.0587296977828	0.0144339510743	0.0022291026737	0.008249724941	0.000466271017984	0.00107569541868	0.000151333576012	0.0116935863194	0.000314937441972	0.000237225605641	0.0018200930088	0.000102252416225	0.000511262081123	0.00194279590827	0.00521078313081	0.000278126572131	0.00670366840768	0.00717402952232	5.31712564368e-05	0.00276081523806	0.000854830199638	0.0253340586438	0.013575030778	0.0174033612414	4.09009664898e-06	0.000302667152025	0.00641327154561	0.00893277108138	0.000171784059257	0.000130883092767	4.09009664898e-05	0	0.000171784059257	4.09009664898e-06	0.00012270289947	0.000359928505111	0.000167693962608	0.00229045412343	0.000490811597878	2.86306765429e-05	0.000134973189416	1.63603865959e-05	0.000126792996118	2.86306765429e-05	2.04504832449e-05	3.68108698409e-05	8.18019329797e-06	3.68108698409e-05	0.000118612802821	8.18019329797e-05	0.000184054349204	0.000106342512874	0.00169739010933	1.63603865959e-05	8.18019329797e-05	0.000110432609523	0.000944812325915	0.000118612802821	0.000175874155906	8.18019329797e-06	0	1.63603865959e-05	9.81623195756e-05	0.00204095822784	0.000507171984474	0.0060206222673	0.00200823745465	0.000261766185535	0.000102252416225	3.68108698409e-05	0.000237225605641	5.72613530858e-05	0.000220865219045	6.95316430327e-05	8.18019329797e-05	5.31712564368e-05	8.18019329797e-06
0.0101761604627	3.27207731919e-05	0.000539892757666	0	0.00169739010933	0.00171784059257	0.0200701042566	0.0144339510743	0.0503736303289	0.000809839136499	0.0108673867963	0.0012270289947	0.00548481960629	0.000552163047613	0.0255426535729	0.000732127300168	7.36217396817e-05	0.000388559181653	0.000196324639151	0.000409009664898	0.00163194856294	0.000989803389054	9.40722229266e-05	0.00151333576012	0.00226591354354	8.58920296287e-05	0.00169739010933	0.000560343240911	0.00599608168741	0.0149861141219	0.00330479809238	3.68108698409e-05	0.00308802296998	0.00145607440704	0.00960354693181	0.000110432609523	4.09009664898e-05	2.86306765429e-05	0	6.95316430327e-05	4.09009664898e-06	2.86306765429e-05	0.000196324639151	7.77118363307e-05	0.000822109426446	0.000151333576012	4.49910631388e-05	0.000351748311813	1.63603865959e-05	6.54415463837e-05	1.63603865959e-05	2.04504832449e-05	4.09009664898e-06	8.18019329797e-06	2.45405798939e-05	3.27207731919e-05	3.27207731919e-05	9.40722229266e-05	3.27207731919e-05	0.000584883820805	4.09009664898e-05	5.31712564368e-05	5.31712564368e-05	0.000404919568249	7.77118363307e-05	8.58920296287e-05	4.09009664898e-06	0	4.09009664898e-06	2.45405798939e-05	0.001619678273	0.000580793724156	0.00673638918088	0.00162376836965	0.000494901694527	0.000597154110752	0.000102252416225	0.000118612802821	6.13514497348e-05	0.00012270289947	3.68108698409e-05	2.04504832449e-05	2.86306765429e-05	4.90811597878e-05
0.000879370779532	0.00225364325359	0.000437640341441	0	0.000773028266658	3.27207731919e-05	0.000249495895588	0.0022291026737	0.000809839136499	0.0296000294487	0.000314937441972	6.54415463837e-05	0.00185281378199	0.000106342512874	0.000977533099107	0.000809839136499	0.00197960677811	0.000184054349204	2.04504832449e-05	5.72613530858e-05	0.00116567754496	0.00119021812485	0.0074480659978	0.00126792996118	0.0126465788387	0.000327207731919	0.000519442274421	0.00156241691991	0.00566478385884	0.00377106911036	0.00358701476116	8.18019329797e-06	8.18019329797e-05	0.00262584204865	0.00307575268004	0.000822109426446	0.000110432609523	8.58920296287e-05	0	0.000331297828568	0	0.000310847345323	0.00118612802821	0.000613514497348	0.00997165563022	0.000952992519213	5.72613530858e-05	0.000548072950964	8.18019329797e-06	0.000490811597878	0.000192234542502	0.000556253144262	0.000106342512874	8.18019329797e-06	2.86306765429e-05	0.000429460148143	0.000854830199638	0.00304303190684	0.000433550244792	0.00431096186803	4.09009664898e-06	7.36217396817e-05	0.000184054349204	0.00331297828568	0.000470361114633	0.00133746160422	4.09009664898e-06	0	6.95316430327e-05	0.00036401860176	0.00123520918799	0.000327207731919	0.00173011088252	0.000662595657135	0.000773028266658	2.04504832449e-05	3.27207731919e-05	0.000969352905809	0.000327207731919	0.000789388653254	0.000229045412343	0.00032311763527	0.000208594929098	2.86306765429e-05
0.00134564179752	8.18019329797e-06	4.90811597878e-05	0	0.00278944591461	8.58920296287e-05	0.0139922206362	0.008249724941	0.0108673867963	0.000314937441972	0.0411913633519	0.000396739374951	0.00912500562388	0.000126792996118	0.0060451628472	0.000212685025747	2.04504832449e-05	4.90811597878e-05	7.77118363307e-05	0.00024131570229	0.00359519495446	9.81623195756e-05	1.2270289947e-05	0.000151333576012	0.00109614590193	4.09009664898e-05	0.000597154110752	0.000192234542502	0.00427824109484	0.00729264232514	0.000433550244792	2.86306765429e-05	0.000208594929098	0.00178328213896	0.00505944955479	3.68108698409e-05	2.45405798939e-05	0	0	0.000503081887825	0	8.58920296287e-05	6.54415463837e-05	5.31712564368e-05	0.000515352177772	0.00168102972273	2.86306765429e-05	0.000633964980592	1.63603865959e-05	6.13514497348e-05	4.49910631388e-05	4.09009664898e-06	0	8.18019329797e-06	1.2270289947e-05	0.000147243479363	1.63603865959e-05	4.09009664898e-06	1.63603865959e-05	0.000560343240911	2.86306765429e-05	5.31712564368e-05	4.09009664898e-05	0.000449910631388	5.31712564368e-05	8.18019329797e-06	8.18019329797e-06	0	8.18019329797e-06	5.31712564368e-05	0.000543982854315	0.000257676088886	0.00318618528956	0.000646235270539	0.000114522706172	7.77118363307e-05	3.68108698409e-05	6.13514497348e-05	2.04504832449e-05	8.18019329797e-05	3.27207731919e-05	4.49910631388e-05	1.2270289947e-05	4.09009664898e-06
0.000237225605641	8.99821262776e-05	8.18019329797e-05	0	9.40722229266e-05	6.95316430327e-05	0.00024131570229	0.000466271017984	0.0012270289947	6.54415463837e-05	0.000396739374951	0.0217511339793	0.000384469085004	0.00644190222215	0.00218002151391	2.45405798939e-05	1.2270289947e-05	0.000343568118515	0.00233544518657	0.00445820534739	0.000155423672661	0.000102252416225	2.45405798939e-05	0.000253585992237	0.000126792996118	0.00128429034778	0.00705950681615	0.00123111909134	0.000265856282184	0.00327616741584	0.0002004147358	0.000940722229266	0.000347658215164	0.000233135508992	0.00779572421296	8.18019329797e-06	0.000130883092767	4.09009664898e-06	0	8.18019329797e-06	0	1.2270289947e-05	4.09009664898e-06	1.63603865959e-05	5.31712564368e-05	1.63603865959e-05	0.000777118363307	4.09009664898e-05	0.000789388653254	2.86306765429e-05	8.18019329797e-06	0	1.63603865959e-05	6.54415463837e-05	2.86306765429e-05	8.18019329797e-06	0	1.63603865959e-05	2.04504832449e-05	4.49910631388e-05	0.00107160532203	0.000449910631388	0.000286306765429	2.04504832449e-05	1.2270289947e-05	1.63603865959e-05	0.00015951376931	0	0	6.95316430327e-05	0.000691226333678	0.0034070505086	0.00576294617842	0.000409009664898	2.04504832449e-05	1.63603865959e-05	0.000568523434209	4.09009664898e-05	0.000106342512874	0.000102252416225	2.86306765429e-05	8.18019329797e-06	1.2270289947e-05	8.18019329797e-06
0.000396739374951	0	2.04504832449e-05	0	0.00353793360137	6.95316430327e-05	0.00712494836253	0.00107569541868	0.00548481960629	0.00185281378199	0.00912500562388	0.000384469085004	0.0364059502726	0.00012270289947	0.00435186283452	0.00266674301514	1.63603865959e-05	4.09009664898e-05	4.49910631388e-05	0.000139063286065	0.0123152810101	5.31712564368e-05	1.63603865959e-05	7.36217396817e-05	0.00244996789274	2.45405798939e-05	0.000531712564368	0.000147243479363	0.0016114980797	0.00509626042463	0.000196324639151	2.04504832449e-05	0.000155423672661	0.000597154110752	0.0038078799802	2.45405798939e-05	4.09009664898e-06	0	0	0.000220865219045	0	4.09009664898e-05	6.13514497348e-05	2.04504832449e-05	0.000347658215164	0.000229045412343	1.2270289947e-05	0.00288760823418	4.09009664898e-06	1.63603865959e-05	3.68108698409e-05	0	0	4.09009664898e-06	4.09009664898e-06	0.000212685025747	0	0	4.09009664898e-06	0.000253585992237	2.04504832449e-05	2.04504832449e-05	8.18019329797e-06	0.000147243479363	1.2270289947e-05	8.18019329797e-06	0	0	4.09009664898e-06	1.2270289947e-05	0.000384469085004	0.000167693962608	0.00233953528322	0.000372198795058	0.00084665000634	4.09009664898e-05	8.18019329797e-06	1.63603865959e-05	1.2270289947e-05	2.86306765429e-05	8.18019329797e-06	3.27207731919e-05	4.09009664898e-06	0
0.00012270289947	0.000425370051494	8.18019329797e-05	0	2.45405798939e-05	4.90811597878e-05	0.000130883092767	0.000151333576012	0.000552163047613	0.000106342512874	0.000126792996118	0.00644190222215	0.00012270289947	0.0224955315694	0.000842559909691	2.04504832449e-05	2.45405798939e-05	9.81623195756e-05	0.000294486958727	0.000404919568249	3.27207731919e-05	4.90811597878e-05	8.58920296287e-05	0.000114522706172	0.000118612802821	0.00456863795691	0.0052516840973	0.00376288891707	0.000106342512874	0.0014274437305	6.13514497348e-05	0.0021963819005	0.000224955315694	0.00012270289947	0.00257676088886	8.18019329797e-06	0.000175874155906	1.2270289947e-05	0	4.09009664898e-06	0	4.49910631388e-05	2.04504832449e-05	8.18019329797e-05	6.13514497348e-05	5.72613530858e-05	0.00241724711955	2.45405798939e-05	0.00268310340173	0.000106342512874	2.04504832449e-05	0	8.18019329797e-06	0.000175874155906	3.27207731919e-05	4.09009664898e-06	8.18019329797e-06	4.09009664898e-06	1.2270289947e-05	6.13514497348e-05	0.00329661789908	0.0011943082215	0.000560343240911	4.90811597878e-05	3.27207731919e-05	4.09009664898e-06	0.000343568118515	4.09009664898e-06	0	0.000208594929098	0.000593064014103	0.00549299979959	0.00378742949696	0.000801658943201	1.2270289947e-05	1.63603865959e-05	0.0014029031506	7.36217396817e-05	0.000409009664898	0.00044173043809	8.99821262776e-05	2.86306765429e-05	0.000139063286065	0.00036401860176
0.0120044336648	6.13514497348e-05	0.00056443333756	0	0.00116976764161	0.00076484807336	0.00596745101087	0.0116935863194	0.0255426535729	0.000977533099107	0.0060451628472	0.00218002151391	0.00435186283452	0.000842559909691	0.0466393720884	0.000539892757666	0.000143153382714	0.000494901694527	0.000331297828568	0.000621694690646	0.00152969614672	0.000993893485703	0.000126792996118	0.00157059711321	0.00220047199715	0.000175874155906	0.0026053915654	0.000785298556605	0.00458499834351	0.0282421173612	0.00412690751882	0.000102252416225	0.00197960677811	0.00262584204865	0.0147775191928	0.000118612802821	8.99821262776e-05	2.04504832449e-05	0	5.31712564368e-05	0	2.86306765429e-05	0.000179964252555	0.000102252416225	0.00092436184267	0.000114522706172	7.77118363307e-05	0.000298577055376	4.09009664898e-05	8.18019329797e-05	8.18019329797e-06	2.04504832449e-05	2.45405798939e-05	1.2270289947e-05	2.86306765429e-05	4.09009664898e-05	4.49910631388e-05	0.000143153382714	4.90811597878e-05	0.000654415463837	0.000106342512874	0.000106342512874	9.81623195756e-05	0.000470361114633	8.58920296287e-05	9.81623195756e-05	2.04504832449e-05	0	0	4.90811597878e-05	0.00212685025747	0.000957082615862	0.00963217760836	0.00188553455518	0.000376288891707	0.000384469085004	0.000139063286065	0.000163603865959	4.49910631388e-05	0.000167693962608	5.31712564368e-05	4.90811597878e-05	4.90811597878e-05	4.49910631388e-05
3.27207731919e-05	2.86306765429e-05	1.2270289947e-05	0	0.000556253144262	0.000834379716393	0.00204095822784	0.000314937441972	0.000732127300168	0.000809839136499	0.000212685025747	2.45405798939e-05	0.00266674301514	2.04504832449e-05	0.000539892757666	0.00948084403234	4.49910631388e-05	8.18019329797e-06	0	2.04504832449e-05	0.00120657851145	0.000110432609523	8.18019329797e-05	0.000106342512874	0.000785298556605	0	7.77118363307e-05	4.49910631388e-05	0.000474451211282	0.000691226333678	0.000192234542502	0	0.000130883092767	0.000212685025747	0.000781208459956	4.09009664898e-06	0	0	0	2.04504832449e-05	0	8.18019329797e-06	1.63603865959e-05	8.18019329797e-06	0.000151333576012	2.04504832449e-05	4.09009664898e-06	4.90811597878e-05	0	8.18019329797e-06	8.18019329797e-06	1.2270289947e-05	2.04504832449e-05	4.09009664898e-06	0	8.18019329797e-06	2.04504832449e-05	4.09009664898e-05	6.13514497348e-05	8.99821262776e-05	0	1.2270289947e-05	2.04504832449e-05	7.36217396817e-05	0	2.45405798939e-05	0	0	0	1.63603865959e-05	0.000114522706172	2.45405798939e-05	0.000494901694527	0.000143153382714	0.00391831258973	0.000155423672661	0	4.49910631388e-05	3.27207731919e-05	0.000155423672661	0.000184054349204	8.18019329797e-06	4.09009664898e-06	0
0.000114522706172	0.000503081887825	0.000797568846552	0	1.63603865959e-05	1.2270289947e-05	2.04504832449e-05	0.000237225605641	7.36217396817e-05	0.00197960677811	2.04504832449e-05	1.2270289947e-05	1.63603865959e-05	2.45405798939e-05	0.000143153382714	4.49910631388e-05	0.0206345375941	0.000245405798939	0	5.31712564368e-05	0	0.00494083675197	0.00672411889093	0.0108142155399	0.00641327154561	4.90811597878e-05	0.000445820534739	0.00458908844016	0.00325571693259	0.000331297828568	0.000793478749903	4.09009664898e-06	4.09009664898e-06	0.000179964252555	0.00113295677177	6.54415463837e-05	0.000114522706172	6.54415463837e-05	0	4.09009664898e-06	0	1.63603865959e-05	9.81623195756e-05	5.72613530858e-05	0.0004008294716	3.68108698409e-05	4.09009664898e-06	0	0	3.68108698409e-05	0	0.000498991791176	0.000102252416225	0	2.45405798939e-05	0	0.000470361114633	0.00233544518657	0.000785298556605	0.000175874155906	4.09009664898e-06	5.31712564368e-05	0.000314937441972	0.000355838408462	3.68108698409e-05	0.000355838408462	0	0	4.09009664898e-06	8.58920296287e-05	0.00242542731285	0.000695316430327	0.00105524493544	0.000548072950964	5.31712564368e-05	1.63603865959e-05	0	0.000249495895588	0.000143153382714	0.000167693962608	9.40722229266e-05	1.63603865959e-05	2.45405798939e-05	0
0.000883460876181	0.000470361114633	0.00678138024402	0	1.63603865959e-05	0	2.45405798939e-05	0.0018200930088	0.000388559181653	0.000184054349204	4.90811597878e-05	0.000343568118515	4.09009664898e-05	9.81623195756e-05	0.000494901694527	8.18019329797e-06	0.000245405798939	0.0274690890946	0.000184054349204	0.00597972130081	1.2270289947e-05	0.00302667152025	0.000310847345323	0.00796750827222	0.000355838408462	6.13514497348e-05	0.0145975549402	0.00569750463203	0.00195506619821	0.000531712564368	0.00348067224829	1.2270289947e-05	1.63603865959e-05	0.000155423672661	0.00434368264122	1.2270289947e-05	0.00188553455518	0.000237225605641	0	0	0	4.09009664898e-06	3.27207731919e-05	8.18019329797e-06	7.77118363307e-05	0	5.31712564368e-05	4.09009664898e-06	2.04504832449e-05	1.63603865959e-05	0	2.86306765429e-05	0.000278126572131	5.31712564368e-05	0.000347658215164	0	5.31712564368e-05	0.000286306765429	0.00012270289947	4.09009664898e-05	0.000102252416225	0.000801658943201	0.00121475870475	1.63603865959e-05	1.63603865959e-05	3.68108698409e-05	0	0	4.09009664898e-06	0.000126792996118	0.00253995001902	0.00109614590193	0.00302667152025	0.000813929233148	8.18019329797e-06	4.09009664898e-06	1.2270289947e-05	0.000175874155906	0.000167693962608	0.000196324639151	0.000110432609523	4.09009664898e-06	1.63603865959e-05	0
5.31712564368e-05	5.31712564368e-05	1.63603865959e-05	0	2.04504832449e-05	1.2270289947e-05	3.27207731919e-05	0.000102252416225	0.000196324639151	2.04504832449e-05	7.77118363307e-05	0.00233544518657	4.49910631388e-05	0.000294486958727	0.000331297828568	0	0	0.000184054349204	0.00507171984474	0.00267083311179	2.04504832449e-05	2.86306765429e-05	1.2270289947e-05	6.13514497348e-05	1.63603865959e-05	0.000196324639151	0.00258903117881	0.000527622467719	5.72613530858e-05	0.000543982854315	5.72613530858e-05	3.68108698409e-05	5.72613530858e-05	3.27207731919e-05	0.00117385773826	0	9.40722229266e-05	0	0	4.09009664898e-06	0	0	0	0	8.18019329797e-06	4.09009664898e-06	0.000106342512874	8.18019329797e-06	0.000102252416225	4.09009664898e-06	0	0	0	3.68108698409e-05	2.04504832449e-05	0	0	0	0	8.18019329797e-06	0.000208594929098	0.000147243479363	0.000106342512874	4.09009664898e-06	0	0	3.68108698409e-05	0	0	2.04504832449e-05	0.000179964252555	0.00032311763527	0.000977533099107	7.77118363307e-05	0	4.09009664898e-06	4.09009664898e-05	8.18019329797e-06	1.63603865959e-05	1.63603865959e-05	8.18019329797e-06	4.09009664898e-06	4.09009664898e-06	4.09009664898e-06
0.000245405798939	0.000310847345323	0.000556253144262	0	6.13514497348e-05	8.18019329797e-06	8.99821262776e-05	0.000511262081123	0.000409009664898	5.72613530858e-05	0.00024131570229	0.00445820534739	0.000139063286065	0.000404919568249	0.000621694690646	2.04504832449e-05	5.31712564368e-05	0.00597972130081	0.00267083311179	0.018654930816	8.18019329797e-05	0.000535802661017	7.77118363307e-05	0.00113295677177	0.000110432609523	0.000306757248674	0.0110964322087	0.00300213094035	0.000458090824686	0.00106751522538	0.000711676816923	6.54415463837e-05	6.13514497348e-05	0.000171784059257	0.0068468217904	0	0.000818019329797	1.63603865959e-05	0	4.09009664898e-06	0	0	8.18019329797e-06	4.09009664898e-06	3.68108698409e-05	8.18019329797e-06	0.000196324639151	0	0.000179964252555	8.18019329797e-06	0	8.18019329797e-06	2.86306765429e-05	6.95316430327e-05	0.000212685025747	0	8.18019329797e-06	4.90811597878e-05	3.68108698409e-05	2.86306765429e-05	0.000458090824686	0.000719857010221	0.000670775850433	1.2270289947e-05	1.2270289947e-05	8.18019329797e-06	4.90811597878e-05	0	4.09009664898e-06	5.72613530858e-05	0.00137427247406	0.00107978551533	0.00411872732553	0.000511262081123	8.18019329797e-06	8.18019329797e-06	2.45405798939e-05	4.90811597878e-05	9.40722229266e-05	0.000106342512874	5.31712564368e-05	0	4.09009664898e-06	4.09009664898e-06
0.000335387925217	4.09009664898e-06	1.63603865959e-05	0	0.0102661425889	3.27207731919e-05	0.00118203793156	0.00194279590827	0.00163194856294	0.00116567754496	0.00359519495446	0.000155423672661	0.0123152810101	3.27207731919e-05	0.00152969614672	0.00120657851145	0	1.2270289947e-05	2.04504832449e-05	8.18019329797e-05	0.0229413521042	2.86306765429e-05	1.63603865959e-05	4.90811597878e-05	0.00504717926485	8.18019329797e-06	0.000179964252555	6.95316430327e-05	0.00433141235127	0.0024213372162	0.000147243479363	8.18019329797e-06	3.68108698409e-05	0.000740307493466	0.00189780484513	4.09009664898e-06	8.18019329797e-06	0	0	0.000593064014103	0	5.31712564368e-05	8.99821262776e-05	1.63603865959e-05	0.000920271746021	0.000302667152025	1.2270289947e-05	0.000584883820805	4.09009664898e-06	1.63603865959e-05	4.49910631388e-05	0	0	0	0	0.000179964252555	0	8.18019329797e-06	4.09009664898e-06	0.000785298556605	8.18019329797e-06	8.18019329797e-06	8.18019329797e-06	0.000404919568249	0	4.09009664898e-06	0	0	0	1.2270289947e-05	0.000212685025747	7.36217396817e-05	0.0012024884148	0.000269946378833	0.000588973917454	2.86306765429e-05	8.18019329797e-06	2.45405798939e-05	8.18019329797e-06	2.86306765429e-05	8.18019329797e-06	5.72613530858e-05	4.09009664898e-06	0
0.00191416523172	0.000216775122396	0.00440094399431	0	4.09009664898e-05	1.63603865959e-05	0.000143153382714	0.00521078313081	0.000989803389054	0.00119021812485	9.81623195756e-05	0.000102252416225	5.31712564368e-05	4.90811597878e-05	0.000993893485703	0.000110432609523	0.00494083675197	0.00302667152025	2.86306765429e-05	0.000535802661017	2.86306765429e-05	0.0502468373328	0.00266674301514	0.0299763183404	0.00377924930366	2.45405798939e-05	0.00286715775094	0.00253995001902	0.0159554670277	0.00186508407194	0.0165280805585	4.09009664898e-06	3.27207731919e-05	0.000989803389054	0.00626602806624	0.000106342512874	0.000245405798939	0.00015951376931	0	0	0	2.45405798939e-05	0.000155423672661	9.81623195756e-05	0.00056443333756	4.90811597878e-05	1.63603865959e-05	0	1.2270289947e-05	7.77118363307e-05	0	0.000756667880062	0.000171784059257	2.45405798939e-05	6.13514497348e-05	0	0.00068304614038	0.00286715775094	0.000768938170009	0.000306757248674	2.45405798939e-05	9.81623195756e-05	0.000339478021866	0.000474451211282	8.58920296287e-05	0.000552163047613	4.09009664898e-06	0	1.63603865959e-05	0.000171784059257	0.00516988216432	0.0012270289947	0.00513307129447	0.00251540943913	4.49910631388e-05	1.2270289947e-05	1.2270289947e-05	0.000368108698409	0.000167693962608	0.00032311763527	0.00024131570229	1.2270289947e-05	6.13514497348e-05	4.09009664898e-06
0.000143153382714	0.00372607804722	0.00149697537353	0	3.27207731919e-05	1.63603865959e-05	2.45405798939e-05	0.000278126572131	9.40722229266e-05	0.0074480659978	1.2270289947e-05	2.45405798939e-05	1.63603865959e-05	8.58920296287e-05	0.000126792996118	8.18019329797e-05	0.00672411889093	0.000310847345323	1.2270289947e-05	7.77118363307e-05	1.63603865959e-05	0.00266674301514	0.0253054279673	0.00824563484435	0.00534575632022	0.000515352177772	0.000826199523095	0.00669548821439	0.00130474083103	0.000388559181653	0.000895731166127	1.2270289947e-05	1.2270289947e-05	0.000237225605641	0.00101434396895	0.000114522706172	0.000306757248674	0.000269946378833	0	1.2270289947e-05	0	2.86306765429e-05	0.000171784059257	9.40722229266e-05	0.000319027538621	3.27207731919e-05	2.04504832449e-05	8.18019329797e-06	4.09009664898e-06	5.72613530858e-05	0	0.00248677876258	0.000257676088886	0	6.95316430327e-05	4.09009664898e-06	0.00107569541868	0.00839287832371	0.00299804084371	0.000376288891707	2.04504832449e-05	7.36217396817e-05	0.00166057923949	0.000613514497348	5.72613530858e-05	0.000670775850433	4.09009664898e-06	0	8.18019329797e-06	0.000245405798939	0.00171375049592	0.000584883820805	0.00076484807336	0.000359928505111	7.77118363307e-05	1.63603865959e-05	3.27207731919e-05	0.000584883820805	0.000429460148143	0.000302667152025	0.000167693962608	3.68108698409e-05	3.68108698409e-05	0
0.00306757248674	0.000539892757666	0.0154810158164	0	7.36217396817e-05	2.86306765429e-05	0.000163603865959	0.00670366840768	0.00151333576012	0.00126792996118	0.000151333576012	0.000253585992237	7.36217396817e-05	0.000114522706172	0.00157059711321	0.000106342512874	0.0108142155399	0.00796750827222	6.13514497348e-05	0.00113295677177	4.90811597878e-05	0.0299763183404	0.00824563484435	0.0771105921233	0.00396330365287	6.54415463837e-05	0.00762803025035	0.0174401721113	0.0121025959843	0.00227000364019	0.0129942370538	2.04504832449e-05	3.68108698409e-05	0.000822109426446	0.00795932807892	8.99821262776e-05	0.000858920296287	0.000818019329797	0	0	0	3.68108698409e-05	0.000175874155906	0.000106342512874	0.000433550244792	5.31712564368e-05	3.27207731919e-05	0	2.86306765429e-05	6.13514497348e-05	8.18019329797e-06	0.00213094035412	0.000568523434209	3.27207731919e-05	0.000126792996118	0	0.000875280682883	0.00833970706728	0.00387741162324	0.000261766185535	4.49910631388e-05	0.000290396862078	0.00275672514142	0.000466271017984	8.18019329797e-05	0.000503081887825	4.09009664898e-06	0	1.63603865959e-05	0.000343568118515	0.0121230464676	0.00321072586945	0.00838469813042	0.00430687177138	6.95316430327e-05	3.27207731919e-05	2.04504832449e-05	0.00106751522538	0.000707586720274	0.000678956043731	0.000527622467719	4.09009664898e-05	8.58920296287e-05	1.2270289947e-05
0.00184463358869	0.00138245266736	0.000936632132617	0	0.00490402588213	4.90811597878e-05	0.000760757976711	0.00717402952232	0.00226591354354	0.0126465788387	0.00109614590193	0.000126792996118	0.00244996789274	0.000118612802821	0.00220047199715	0.000785298556605	0.00641327154561	0.000355838408462	1.63603865959e-05	0.000110432609523	0.00504717926485	0.00377924930366	0.00534575632022	0.00396330365287	0.0544473665913	0.000188144445853	0.000728037203519	0.0018200930088	0.0215752598234	0.00613514497348	0.0056197927957	2.04504832449e-05	9.40722229266e-05	0.004241430225	0.00599199159076	0.000445820534739	0.000110432609523	6.95316430327e-05	0	0.000707586720274	4.09009664898e-06	0.000192234542502	0.000744397590115	0.0004008294716	0.00534575632022	0.000838469813042	5.31712564368e-05	0.000249495895588	8.18019329797e-06	0.000253585992237	0.000110432609523	0.000184054349204	0.000106342512874	2.04504832449e-05	4.90811597878e-05	0.000343568118515	0.000449910631388	0.00139881305395	0.000249495895588	0.00338250992871	1.2270289947e-05	8.58920296287e-05	0.000184054349204	0.00246223818269	0.00024131570229	0.000674865947082	0	0	2.45405798939e-05	0.000237225605641	0.00249495895588	0.000580793724156	0.00343568118515	0.00130065073438	0.000719857010221	3.68108698409e-05	2.04504832449e-05	0.000593064014103	0.000196324639151	0.000507171984474	0.000188144445853	0.000167693962608	0.000110432609523	2.45405798939e-05
2.04504832449e-05	0.00238861644301	0.00012270289947	0	4.09009664898e-06	4.09009664898e-06	1.63603865959e-05	5.31712564368e-05	8.58920296287e-05	0.000327207731919	4.09009664898e-05	0.00128429034778	2.45405798939e-05	0.00456863795691	0.000175874155906	0	4.90811597878e-05	6.13514497348e-05	0.000196324639151	0.000306757248674	8.18019329797e-06	2.45405798939e-05	0.000515352177772	6.54415463837e-05	0.000188144445853	0.0118326496055	0.00245405798939	0.0038406007534	5.31712564368e-05	0.000294486958727	2.04504832449e-05	0.000163603865959	2.86306765429e-05	2.45405798939e-05	0.000638055077241	4.09009664898e-06	0.000278126572131	0	0	0	0	2.04504832449e-05	8.18019329797e-06	3.27207731919e-05	2.04504832449e-05	2.86306765429e-05	0.00113704686842	8.18019329797e-06	0.00107160532203	4.09009664898e-05	1.2270289947e-05	4.09009664898e-06	8.18019329797e-06	0.000106342512874	3.68108698409e-05	0	0	8.18019329797e-06	4.09009664898e-06	1.2270289947e-05	0.00166466933614	0.000519442274421	0.00032311763527	1.2270289947e-05	1.63603865959e-05	4.09009664898e-06	0.00012270289947	0	0	0.000179964252555	0.000130883092767	0.00212276016082	0.00092436184267	6.13514497348e-05	0	0	0.00120657851145	2.86306765429e-05	0.00015951376931	9.81623195756e-05	2.45405798939e-05	1.63603865959e-05	2.04504832449e-05	8.18019329797e-06
0.00134564179752	0.00428642128814	0.0157018810354	0	0.000114522706172	4.49910631388e-05	0.000339478021866	0.00276081523806	0.00169739010933	0.000519442274421	0.000597154110752	0.00705950681615	0.000531712564368	0.0052516840973	0.0026053915654	7.77118363307e-05	0.000445820534739	0.0145975549402	0.00258903117881	0.0110964322087	0.000179964252555	0.00286715775094	0.000826199523095	0.00762803025035	0.000728037203519	0.00245405798939	0.0835606745387	0.0305775625478	0.00284670726769	0.00391831258973	0.00376288891707	0.00124747947794	0.000224955315694	0.000535802661017	0.0127570114482	4.09009664898e-05	0.011268216268	0.000470361114633	0	8.18019329797e-06	0	2.86306765429e-05	7.36217396817e-05	6.54415463837e-05	0.000179964252555	6.13514497348e-05	0.00199187706806	5.31712564368e-05	0.00194279590827	8.99821262776e-05	4.09009664898e-06	9.81623195756e-05	0.000584883820805	0.00107160532203	0.00195506619821	4.09009664898e-06	0.000102252416225	0.000474451211282	0.000261766185535	0.000118612802821	0.00438049351106	0.0066382268613	0.00867918508914	8.99821262776e-05	4.49910631388e-05	9.40722229266e-05	0.000413099761547	0	8.18019329797e-06	0.000560343240911	0.00756667880062	0.00552981066943	0.0116036041932	0.00196324639151	5.72613530858e-05	3.68108698409e-05	0.000216775122396	0.000597154110752	0.0010102538723	0.000887550972829	0.000269946378833	2.86306765429e-05	2.86306765429e-05	2.45405798939e-05
0.000355838408462	0.00743579570785	0.0161354312802	0	5.31712564368e-05	1.2270289947e-05	9.81623195756e-05	0.000854830199638	0.000560343240911	0.00156241691991	0.000192234542502	0.00123111909134	0.000147243479363	0.00376288891707	0.000785298556605	4.49910631388e-05	0.00458908844016	0.00569750463203	0.000527622467719	0.00300213094035	6.95316430327e-05	0.00253995001902	0.00669548821439	0.0174401721113	0.0018200930088	0.0038406007534	0.0305775625478	0.0808203097839	0.00163194856294	0.00132928141092	0.00135791208746	0.000531712564368	6.95316430327e-05	0.00036401860176	0.00586519859464	3.27207731919e-05	0.0101393495928	0.00140699324725	0	4.09009664898e-06	0	1.63603865959e-05	8.99821262776e-05	5.31712564368e-05	0.000167693962608	4.49910631388e-05	0.00110841619187	1.63603865959e-05	0.00111250628852	4.09009664898e-05	8.18019329797e-06	0.000768938170009	0.000957082615862	0.000670775850433	0.00113704686842	0	0.000167693962608	0.00422097974175	0.00185281378199	0.000114522706172	0.00253995001902	0.00435186283452	0.00874053653888	0.000184054349204	4.09009664898e-05	0.000130883092767	0.000224955315694	0	4.09009664898e-06	0.000494901694527	0.00791842711243	0.00375061862712	0.00579566695161	0.00157877730651	5.72613530858e-05	1.2270289947e-05	9.40722229266e-05	0.000830289619744	0.000932542035968	0.000728037203519	0.000331297828568	2.86306765429e-05	4.49910631388e-05	2.04504832449e-05
0.00480586356256	0.00024131570229	0.00356656427791	0	0.0070472365262	6.54415463837e-05	0.00236407586311	0.0253340586438	0.00599608168741	0.00566478385884	0.00427824109484	0.000265856282184	0.0016114980797	0.000106342512874	0.00458499834351	0.000474451211282	0.00325571693259	0.00195506619821	5.72613530858e-05	0.000458090824686	0.00433141235127	0.0159554670277	0.00130474083103	0.0121025959843	0.0215752598234	5.31712564368e-05	0.00284670726769	0.00163194856294	0.0712372133354	0.00840923871031	0.0182295607645	2.04504832449e-05	0.000147243479363	0.0054275582532	0.0100289169833	0.000601244207401	0.000204504832449	0.00012270289947	0	0.00032311763527	4.09009664898e-06	0.000224955315694	0.000789388653254	0.000474451211282	0.00606152323379	0.000768938170009	8.18019329797e-05	0.000212685025747	2.04504832449e-05	0.000372198795058	8.99821262776e-05	0.000351748311813	0.000151333576012	3.27207731919e-05	6.54415463837e-05	0.000249495895588	0.00060533430405	0.00206958890439	0.000380378988355	0.00330888818903	2.86306765429e-05	0.000139063286065	0.000269946378833	0.00267083311179	0.000372198795058	0.000920271746021	4.09009664898e-06	0	6.54415463837e-05	0.000339478021866	0.00397966403946	0.000838469813042	0.00636828048247	0.00244587779609	0.000376288891707	5.72613530858e-05	2.04504832449e-05	0.00080574903985	0.000261766185535	0.000650325367188	0.00028221666878	0.000192234542502	0.000151333576012	2.04504832449e-05
0.00775073314982	0.000143153382714	0.000539892757666	0	0.00202459784125	0.000474451211282	0.00428642128814	0.013575030778	0.0149861141219	0.00377106911036	0.00729264232514	0.00327616741584	0.00509626042463	0.0014274437305	0.0282421173612	0.000691226333678	0.000331297828568	0.000531712564368	0.000543982854315	0.00106751522538	0.0024213372162	0.00186508407194	0.000388559181653	0.00227000364019	0.00613514497348	0.000294486958727	0.00391831258973	0.00132928141092	0.00840923871031	0.0673107205523	0.0152233397275	0.000163603865959	0.00287533794424	0.0182418310545	0.0298372550543	0.000413099761547	0.000143153382714	4.49910631388e-05	0	8.58920296287e-05	0	0.000139063286065	0.000535802661017	0.000376288891707	0.00337023963876	0.000290396862078	0.000143153382714	0.000425370051494	7.36217396817e-05	0.000314937441972	7.77118363307e-05	6.13514497348e-05	5.31712564368e-05	3.27207731919e-05	4.49910631388e-05	5.31712564368e-05	0.000143153382714	0.000347658215164	0.000147243479363	0.00177101184901	0.000175874155906	0.0002004147358	0.000175874155906	0.00128838044443	0.000290396862078	0.000376288891707	2.86306765429e-05	4.09009664898e-06	1.63603865959e-05	0.000192234542502	0.00455227757032	0.00175056136577	0.0188348950686	0.0044418449608	0.000490811597878	0.000396739374951	0.000229045412343	0.000507171984474	0.000130883092767	0.00060533430405	0.000204504832449	0.000216775122396	0.000163603865959	7.77118363307e-05
