8321	19	267	0	92	15	776	3938	2389	129	676	90	123	24	4882	6	20	371	5	57	175	511	29	1009	374	5	144	108	1844	3502	3452	1	51	319	907	12	19	2	0	20	0	13	44	20	281	11	2	7	1	17	9	14	2	1	4	12	0	22	4	179	1	3	11	86	26	7	0	1	6	8	122	33	407	125	17	15	4	27	8	24	6	12	3	0
19	5491	563	0	2	1	3	27	10	331	7	88	4	140	42	7	120	367	29	284	6	39	827	222	296	797	1755	3601	70	54	63	8	2	9	263	9	2825	331	0	7	0	10	16	14	53	9	66	8	23	12	6	54	308	27	229	4	19	201	217	41	226	872	1262	37	7	15	0	0	0	253	226	222	245	99	15	0	11	161	245	252	41	11	3	0
267	563	12396	0	4	2	18	364	75	62	12	112	2	35	231	1	271	3805	22	320	7	734	407	5511	165	24	2677	6145	499	255	605	2	5	48	1032	4	1370	329	0	2	0	3	15	6	71	7	20	6	1	7	3	263	96	7	34	2	49	910	533	53	7	193	856	87	8	19	0	0	1	118	1170	531	1461	813	29	13	13	190	162	182	48	15	6	0
0	0	0	0	0	0	0	0	0	0	0	0	0	0	0	0	0	0	0	0	0	0	0	0	0	0	0	0	0	0	0	0	0	0	0	0	0	0	0	0	0	0	0	0	0	0	0	0	0	0	0	0	0	0	0	0	0	0	0	0	0	0	0	0	0	0	0	0	0	0	0	0	0	0	0	0	0	0	0	0	0	0	0	0
92	2	4	0	4887	3	124	505	112	458	530	11	744	3	300	8	0	3	0	0	1263	2	2	7	1854	2	6	9	2001	450	70	0	10	124	219	2	3	0	0	463	1	23	15	18	139	168	2	159	1	10	12	1	1	0	0	435	1	3	1	146	1	1	2	73	14	0	0	0	1	12	52	9	151	39	21	3	1	5	3	22	4	16	4	1
15	1	2	0	3	989	255	18	235	9	9	9	12	2	61	156	0	2	0	1	4	0	1	3	3	0	3	1	11	130	6	0	482	6	173	0	0	0	0	0	0	0	0	0	2	0	0	0	0	0	0	0	0	0	0	0	0	1	2	2	0	0	0	1	1	0	0	0	0	1	18	2	63	12	230	286	1	0	0	1	1	0	0	0
776	3	18	0	124	255	9559	1705	5017	51	3278	39	1874	15	1844	21	3	15	1	7	558	27	7	63	124	4	21	27	867	825	141	0	304	77	474	0	1	0	0	11	0	5	9	0	58	8	0	8	0	0	2	2	0	0	0	2	1	5	3	48	1	0	1	25	1	0	0	0	0	3	98	18	247	59	27	122	2	5	0	6	3	1	1	0
3938	27	364	0	505	18	1705	17438	2755	356	3368	128	230	38	4367	16	45	358	8	50	362	1149	83	1633	993	9	170	164	8895	4311	5658	1	53	1402	2213	26	21	3	0	136	1	54	112	52	910	60	7	26	3	42	13	29	2	0	3	68	8	48	24	706	3	7	23	307	52	17	0	5	14	38	522	108	1285	406	45	27	7	59	8	66	19	33	12	1
2389	10	75	0	112	235	5017	2755	10625	70	2354	74	702	23	4972	22	7	77	6	18	502	125	12	271	200	6	58	47	1137	1733	600	0	548	120	773	8	6	1	0	17	0	8	26	5	123	8	1	12	0	8	4	3	0	0	0	4	1	9	2	97	1	2	5	49	12	4	0	0	2	5	198	38	397	87	17	215	6	11	1	12	3	4	1	0
129	331	62	0	458	9	51	356	70	5154	53	13	689	15	189	67	93	48	3	16	440	64	952	88	1913	78	96	360	986	349	532	2	7	193	533	49	44	7	0	163	1	48	154	59	1548	65	2	58	1	50	27	86	6	1	4	82	15	160	27	946	6	14	29	406	53	36	0	0	10	37	212	39	241	124	279	3	2	111	32	79	29	41	13	0
676	7	12	0	530	9	3278	3368	2354	53	9728	88	901	20	2327	6	9	13	7	18	1289	22	5	44	171	6	56	39	2463	1556	155	1	35	220	839	0	4	0	0	26	0	3	7	1	72	10	1	7	1	2	1	1	1	0	0	17	2	5	4	67	2	3	4	25	4	0	0	0	1	0	151	34	497	117	6	14	2	5	3	4	0	2	0	0
90	88	112	0	11	9	39	128	74	13	88	6504	54	2031	456	0	6	139	616	1231	90	50	23	157	28	360	1962	799	121	824	78	78	66	51	2320	0	82	8	0	1	0	1	3	1	9	1	106	0	109	2	1	12	6	26	30	2	1	17	10	10	130	143	119	10	4	1	15	0	0	26	196	492	1047	120	2	3	54	13	122	36	1	3	1	2
123	4	2	0	744	12	1874	230	702	689	901	54	7265	17	1123	107	2	6	4	8	3467	4	5	16	228	1	30	22	359	691	24	0	34	22	433	0	1	1	0	5	0	2	1	0	13	4	0	108	0	0	0	0	0	0	0	3	0	2	1	10	0	1	1	7	0	0	0	0	0	1	70	13	209	32	141	13	1	2	2	1	0	0	0	0
24	140	35	0	3	2	15	38	23	15	20	2031	17	6539	138	1	4	25	197	144	23	5	26	29	16	1587	1375	2286	33	256	15	302	28	10	563	0	79	7	0	0	0	5	4	7	6	5	360	1	575	8	5	6	9	51	32	1	0	8	4	6	433	339	242	6	5	2	47	2	0	63	112	609	456	71	0	1	171	13	483	73	13	4	8	22
4882	42	231	0	300	61	1844	4367	4972	189	2327	456	1123	138	15381	41	26	313	32	88	1111	363	37	797	565	21	307	224	2508	8509	3138	5	348	743	2903	14	23	4	0	36	0	17	59	21	415	17	5	25	6	21	7	20	2	1	8	19	2	31	20	278	5	13	19	127	33	7	0	0	8	19	523	123	1282	251	25	93	15	52	14	43	14	11	2	1
6	7	1	0	8	156	21	16	22	67	6	0	107	1	41	966	1	2	0	0	6	3	11	7	39	0	3	10	35	27	9	0	7	8	32	0	4	4	0	3	0	0	1	0	14	1	0	0	0	0	0	3	1	0	2	1	4	2	11	14	1	7	5	11	0	4	0	0	0	2	32	2	35	21	688	5	0	10	4	13	11	2	1	0
20	120	271	0	0	0	3	45	7	93	9	6	2	4	26	1	4245	130	4	27	3	968	1026	1851	883	14	87	1008	618	74	236	1	1	37	454	11	51	18	0	5	0	6	24	17	195	5	0	2	1	12	1	311	5	0	2	2	67	640	135	170	0	8	54	271	10	51	0	0	2	20	392	83	435	228	19	8	1	105	64	42	27	13	7	0
371	367	3805	0	3	2	15	358	77	48	13	139	6	25	313	2	130	8719	24	1443	6	871	175	4706	89	28	2109	2283	386	418	1221	0	5	49	1437	2	764	174	0	0	0	6	10	7	38	3	17	2	1	9	6	87	65	8	33	1	22	296	223	26	5	182	385	35	4	10	1	2	0	81	488	308	972	432	8	5	6	101	93	104	19	6	2	0
5	29	22	0	0	0	1	8	6	3	7	616	4	197	32	0	4	24	1821	480	7	9	6	21	9	132	1215	277	10	50	9	12	1	4	206	0	28	0	0	0	0	0	0	1	0	0	50	0	18	1	0	1	5	14	13	0	1	3	5	0	52	93	64	0	3	0	8	0	0	14	74	152	131	30	0	0	4	4	46	12	0	0	0	0
57	284	320	0	0	1	7	50	18	16	18	1231	8	144	88	0	27	1443	480	5459	12	100	45	410	28	154	3192	1126	62	171	177	11	4	21	1187	2	296	29	0	0	0	2	2	3	11	2	61	0	21	3	0	9	61	24	65	0	1	36	36	9	58	235	240	4	2	5	4	2	0	54	327	416	580	150	1	2	4	37	93	56	6	3	1	0
175	6	7	0	1263	4	558	362	502	440	1289	90	3467	23	1111	6	3	6	7	12	5995	8	6	17	342	3	45	37	872	965	38	1	28	69	596	0	4	1	0	12	1	2	2	1	25	4	1	69	0	1	0	0	2	0	1	7	0	2	2	21	1	5	3	10	0	0	0	1	0	1	95	19	329	55	10	11	0	2	3	3	1	0	1	0
511	39	734	0	2	0	27	1149	125	64	22	50	4	5	363	3	968	871	9	100	8	13396	226	8804	401	3	241	508	2660	495	4796	1	4	197	2837	12	63	17	0	3	0	10	28	14	213	7	1	4	0	15	2	231	3	0	3	0	43	433	91	161	1	17	56	251	16	28	0	0	0	21	499	138	1556	652	46	14	9	97	50	46	21	9	3	0
29	827	407	0	2	1	7	83	12	952	5	23	5	26	37	11	1026	175	6	45	6	226	4200	670	1035	154	224	1469	384	91	183	4	2	47	331	18	187	40	0	10	0	9	33	16	464	4	5	14	4	17	4	482	15	4	5	2	59	1074	252	273	17	33	202	324	14	47	0	0	1	29	319	88	280	168	48	3	1	136	94	58	21	7	4	1
1009	222	5511	0	7	3	63	1633	271	88	44	157	16	29	797	7	1851	4706	21	410	17	8804	670	22482	498	18	1145	3983	2887	949	4081	3	12	184	3932	14	451	125	0	5	0	16	50	22	245	13	9	7	2	23	6	669	33	1	13	4	105	1563	571	260	5	80	451	402	22	56	0	0	1	70	1648	471	3563	1878	129	55	19	279	163	129	60	24	8	0
374	296	165	0	1854	3	124	993	200	1913	171	28	228	16	565	39	883	89	9	28	342	401	1035	498	10895	51	116	555	4700	1153	1386	4	12	606	1399	56	39	19	0	133	1	70	173	70	1421	72	10	47	2	55	29	166	6	0	1	73	33	228	60	947	2	17	41	524	76	42	0	5	16	49	591	109	703	300	133	6	3	151	54	102	48	55	10	1
5	797	24	0	2	0	4	9	6	78	6	360	1	1587	21	0	14	28	132	154	3	3	154	18	51	4493	1264	2046	17	38	6	25	1	3	134	3	381	16	0	1	0	5	8	7	4	7	476	1	383	11	4	3	23	110	94	3	0	9	11	4	1018	739	516	4	12	3	28	0	0	100	71	293	143	27	2	0	148	15	461	106	8	1	0	16
144	1755	2677	0	6	3	21	170	58	96	56	1962	30	1375	307	3	87	2109	1215	3192	45	241	224	1145	116	1264	18561	7463	198	479	325	136	16	51	2053	11	1781	157	0	1	1	6	17	15	42	10	411	5	174	20	4	58	286	183	447	6	23	153	160	37	666	1537	1451	35	14	15	19	3	0	313	1030	1546	1573	517	4	7	18	171	544	316	48	8	3	2
108	3601	6145	0	9	1	27	164	47	360	39	799	22	2286	224	10	1008	2283	277	1126	37	508	1469	3983	555	2046	7463	24719	418	392	336	157	9	75	1832	11	2721	404	0	2	0	17	32	21	108	17	347	13	261	23	15	453	353	124	284	3	83	1251	708	103	587	1349	1907	137	18	35	18	2	2	349	1886	1352	2048	1054	60	27	27	342	709	387	100	30	7	4
1844	70	499	0	2001	11	867	8895	1137	986	2463	121	359	33	2508	35	618	386	10	62	872	2660	384	2887	4700	17	198	418	21025	3812	5490	1	35	1553	3281	76	45	14	0	312	0	103	253	119	2124	121	9	66	1	89	46	206	10	1	6	149	43	266	75	1449	2	22	59	780	119	61	0	7	25	83	1055	191	1806	691	112	29	7	217	65	162	59	88	17	0
3502	54	255	0	450	130	825	4311	1733	349	1556	824	691	256	8509	27	74	418	50	171	965	495	91	949	1153	38	479	392	3812	18582	6720	10	1012	3187	6739	39	44	5	0	77	1	61	158	59	1094	48	8	32	8	51	32	50	6	1	10	43	12	66	48	725	11	25	39	337	70	25	1	0	17	48	1257	269	3204	803	42	214	18	133	36	97	30	43	9	1
3452	63	605	0	70	6	141	5658	600	532	155	78	24	15	3138	9	236	1221	9	177	38	4796	183	4081	1386	6	325	336	5490	6720	18069	0	22	2535	4649	47	69	11	0	51	1	69	165	83	1273	38	5	22	0	54	28	98	10	1	8	33	22	120	53	754	2	11	54	414	85	37	0	2	18	57	525	108	1679	605	37	19	4	157	47	127	46	45	17	0
1	8	2	0	0	0	0	1	0	2	1	78	0	302	5	0	1	0	12	11	1	1	4	3	4	25	136	157	1	10	0	331	0	0	22	0	0	0	0	0	0	1	1	0	0	1	9	0	13	0	1	1	0	1	1	0	0	1	0	0	14	12	9	0	0	0	0	0	0	2	7	24	16	3	0	0	0	0	12	3	0	0	0	0
51	2	5	0	10	482	304	53	548	7	35	66	34	28	348	7	1	5	1	4	28	4	2	12	12	1	16	9	35	1012	22	0	1726	17	598	0	1	1	0	2	0	0	5	0	12	1	1	1	1	0	0	1	0	0	1	1	0	1	2	9	0	0	0	6	1	0	0	0	1	2	62	13	209	40	19	372	3	3	1	2	0	0	0	0
319	9	48	0	124	6	77	1402	120	193	220	51	22	10	743	8	37	49	4	21	69	197	47	184	606	3	51	75	1553	3187	2535	0	17	4172	2899	28	9	1	0	34	1	51	109	51	742	37	4	20	0	46	19	35	2	0	4	21	13	39	19	480	1	3	14	230	59	19	0	0	10	40	441	80	1483	509	20	16	4	74	19	78	23	27	5	0
907	263	1032	0	219	173	474	2213	773	533	839	2320	433	563	2903	32	454	1437	206	1187	596	2837	331	3932	1399	134	2053	1832	3281	6739	4649	22	598	2899	18985	53	295	51	0	56	1	72	205	88	1418	48	37	23	22	67	36	208	32	12	38	26	36	362	173	849	54	130	229	494	101	46	2	2	22	111	2277	841	8805	2355	77	392	60	249	118	202	67	66	17	1
12	9	4	0	2	0	0	26	8	49	0	0	0	0	14	0	11	2	0	2	0	12	18	14	56	3	11	11	76	39	47	0	0	28	53	5043	28	52	0	58	0	167	2798	1099	286	160	21	28	4	1572	20	95	200	2	89	53	200	65	295	555	7	69	111	735	1368	1002	0	1	151	353	27	5	24	13	0	1	0	115	43	297	80	30	26	2
19	2825	1370	0	3	0	1	21	6	44	4	82	1	79	23	4	51	764	28	296	4	63	187	451	39	381	1781	2721	45	44	69	0	1	9	295	28	9141	887	0	51	0	24	66	37	504	24	227	54	134	39	14	390	783	114	436	7	72	1953	694	481	984	1992	4558	175	34	71	7	2	3	637	271	205	283	110	4	1	3	604	678	734	157	27	14	12
2	331	329	0	0	0	0	3	1	7	0	8	1	7	4	4	18	174	0	29	1	17	40	125	19	16	157	404	14	5	11	0	1	1	51	52	887	6366	0	4	0	31	212	102	35	25	32	2	5	66	6	82	1201	17	180	3	414	233	2718	49	6	2320	1531	437	21	363	0	0	0	281	67	43	66	40	2	0	0	372	241	423	122	21	10	1
0	0	0	0	0	0	0	0	0	0	0	0	0	0	0	0	0	0	0	0	0	0	0	0	0	0	0	0	0	0	0	0	0	0	0	0	0	0	0	0	0	0	0	0	0	0	0	0	0	0	0	0	0	0	0	0	0	0	0	0	0	0	0	0	0	0	0	0	0	0	0	0	0	0	0	0	0	0	0	0	0	0	0	0
20	7	2	0	463	0	11	136	17	163	26	1	5	0	36	3	5	0	0	0	12	3	10	5	133	1	1	2	312	77	51	0	2	34	56	58	51	4	0	6475	3	323	308	196	1216	1453	17	1112	2	131	161	19	2	3	6	3313	9	116	12	2515	5	16	37	1861	212	17	0	3	33	159	21	2	29	12	6	1	0	131	28	207	46	113	32	0
0	0	0	0	1	0	0	1	0	1	0	0	0	0	0	0	0	0	0	0	1	0	0	0	1	0	1	0	0	1	1	0	0	1	1	0	0	0	0	3	467	136	3	61	28	6	0	28	0	15	205	1	0	0	0	2	1	0	1	18	0	0	0	7	9	0	0	97	1	14	0	0	0	0	0	0	0	6	0	10	4	33	115	0
13	10	3	0	23	0	5	54	8	48	3	1	2	5	17	0	6	6	0	2	2	10	9	16	70	5	6	17	103	61	69	1	0	51	72	167	24	31	0	323	136	13284	1919	5873	341	5676	167	2666	30	1756	1345	50	40	24	35	940	70	42	120	781	9	80	91	1633	774	186	2	275	33	825	26	3	36	18	2	1	1	539	120	956	196	1125	361	16
44	16	15	0	15	0	9	112	26	154	7	3	1	4	59	1	24	10	0	2	2	28	33	50	173	8	17	32	253	158	165	1	5	109	205	2798	66	212	0	308	3	1919	15708	2570	902	3364	83	299	15	1859	126	207	410	15	149	275	759	157	1008	2010	10	157	259	6343	1098	2847	0	11	187	749	88	16	95	39	1	3	1	443	144	902	232	183	86	6
20	14	6	0	18	0	0	52	5	59	1	1	0	7	21	0	17	7	1	3	1	14	16	22	70	7	15	21	119	59	83	0	0	51	88	1099	37	102	0	196	61	5873	2570	12602	394	2619	249	598	47	4630	687	113	189	27	97	485	234	87	377	814	19	147	150	1723	908	747	1	275	41	983	40	8	40	24	1	1	1	485	130	1070	222	762	245	19
281	53	71	0	139	2	58	910	123	1548	72	9	13	6	415	14	195	38	0	11	25	213	464	245	1421	4	42	108	2124	1094	1273	0	12	742	1418	286	504	35	0	1216	28	341	902	394	9802	349	35	1293	14	300	478	551	36	5	27	449	68	1449	117	6439	75	99	259	2428	417	189	1	14	98	263	522	87	643	301	24	15	2	687	198	496	191	263	65	1
11	9	7	0	168	0	8	60	8	65	10	1	4	5	17	1	5	3	0	2	4	7	4	13	72	7	10	17	121	48	38	1	1	37	48	160	24	25	0	1453	6	5676	3364	2619	349	16127	126	3542	14	1231	511	51	15	13	38	3720	66	41	91	1106	9	74	91	2488	964	122	0	24	67	881	20	5	25	12	2	0	1	429	114	890	158	463	94	5
2	66	20	0	2	0	0	7	1	2	1	106	0	360	5	0	0	17	50	61	1	1	5	9	10	476	411	347	9	8	5	9	1	4	37	21	227	32	0	17	0	167	83	249	35	126	9455	36	1816	270	70	20	126	2109	982	45	33	40	76	82	673	2227	1014	123	340	35	97	29	6	3264	18	39	36	14	0	0	2	222	1298	2009	206	57	11	344
7	8	6	0	159	0	8	26	12	58	7	0	108	1	25	0	2	2	0	0	69	4	14	7	47	1	5	13	66	32	22	0	1	20	23	28	54	2	0	1112	28	2666	299	598	1293	3542	36	8714	6	287	814	6	2	6	12	2876	9	113	10	1101	7	23	37	561	243	14	1	9	13	253	9	1	14	7	1	0	0	108	24	217	39	214	29	3
1	23	1	0	1	0	0	3	0	1	1	109	0	575	6	0	1	1	18	21	0	0	4	2	2	383	174	261	1	8	0	13	1	0	22	4	134	5	0	2	0	30	15	47	14	14	1816	6	3939	47	13	6	9	97	21	6	7	29	9	25	1007	584	620	15	50	4	88	3	1	474	7	38	9	2	0	0	3	37	591	413	32	8	4	364
17	12	7	0	10	0	0	42	8	50	2	2	0	8	21	0	12	9	1	3	1	15	17	23	55	11	20	23	89	51	54	0	0	46	67	1572	39	66	0	131	15	1756	1859	4630	300	1231	270	287	47	8567	434	61	117	25	83	281	110	60	217	581	25	131	127	959	2377	427	3	227	62	1013	30	5	34	19	2	1	1	305	92	940	155	465	82	16
9	6	3	0	12	0	2	13	4	27	1	1	0	5	7	0	1	6	0	0	0	2	4	6	29	4	4	15	46	32	28	1	0	19	36	20	14	6	0	161	205	1345	126	687	478	511	70	814	13	434	2611	19	5	9	10	235	13	32	19	441	9	22	32	227	298	12	1	34	7	303	18	2	16	8	0	0	0	229	41	266	46	692	59	6
14	54	263	0	1	0	2	29	3	86	1	12	0	6	20	3	311	87	1	9	0	231	482	669	166	3	58	453	206	50	98	1	1	35	208	95	390	82	0	19	1	50	207	113	551	51	20	6	6	61	19	7673	75	4	23	11	644	3383	2214	2408	20	124	2016	2160	80	282	2	3	11	219	257	64	206	130	7	4	2	980	545	475	220	83	43	2
2	308	96	0	1	0	0	2	0	6	1	6	0	9	2	1	5	65	5	61	2	3	15	33	6	23	286	353	10	6	10	0	0	2	32	200	783	1201	0	2	0	40	410	189	36	15	126	2	9	117	5	75	6507	55	966	1	241	123	1669	44	23	1938	2132	135	38	566	2	1	2	867	35	24	28	19	2	0	0	195	186	361	90	15	12	1
1	27	7	0	0	0	0	0	0	1	0	26	0	51	1	0	0	8	14	24	0	0	4	1	0	110	183	124	1	1	1	1	0	0	12	2	114	17	0	3	0	24	15	27	5	13	2109	6	97	25	9	4	55	2744	721	6	7	18	19	17	150	809	415	26	34	16	19	2	1	482	5	10	11	2	0	0	0	67	212	330	44	5	3	3
4	229	34	0	0	0	0	3	0	4	0	30	0	32	8	2	2	33	13	65	1	3	5	13	1	94	447	284	6	10	8	1	1	4	38	89	436	180	0	6	0	35	149	97	27	38	982	12	21	83	10	23	966	721	5677	11	63	63	244	47	154	1903	1499	66	63	171	3	2	1	1039	30	36	35	11	0	0	1	238	303	648	116	6	8	1
12	4	2	0	435	0	2	68	4	82	17	2	3	1	19	1	2	1	0	0	7	0	2	4	73	3	6	3	149	43	33	0	1	21	26	53	7	3	0	3313	2	940	275	485	449	3720	45	2876	6	281	235	11	1	6	11	7227	12	15	19	932	3	24	27	887	363	18	1	6	26	341	9	2	11	6	3	0	0	197	45	372	67	227	42	3
0	19	49	0	1	0	1	8	1	15	2	1	0	0	2	4	67	22	1	1	0	43	59	105	33	0	23	83	43	12	22	0	0	13	36	200	72	414	0	9	1	70	759	234	68	66	33	9	7	110	13	644	241	7	63	12	8985	298	3164	439	6	134	284	2858	132	3104	1	2	27	914	43	15	45	35	3	1	0	343	134	921	296	70	40	4
22	201	910	0	3	1	5	48	9	160	5	17	2	8	31	2	640	296	3	36	2	433	1074	1563	228	9	153	1251	266	66	120	1	1	39	362	65	1953	233	0	116	0	42	157	87	1449	41	40	113	29	60	32	3383	123	18	63	15	298	8615	1787	1897	162	242	2438	1191	72	194	2	1	12	204	500	140	420	259	17	8	2	898	614	393	175	81	34	3
4	217	533	0	1	2	3	24	2	27	4	10	1	4	20	11	135	223	5	36	2	91	252	571	60	11	160	708	75	48	53	0	2	19	173	295	694	2718	0	12	1	120	1008	377	117	91	76	10	9	217	19	2214	1669	19	244	19	3164	1787	15583	335	8	646	2364	1737	140	1920	1	4	29	1244	266	81	249	188	7	4	4	1665	808	1604	666	194	71	12
179	41	53	0	146	2	48	706	97	946	67	10	10	6	278	14	170	26	0	9	21	161	273	260	947	4	37	103	1449	725	754	0	9	480	849	555	481	49	0	2515	18	781	2010	814	6439	1106	82	1101	25	581	441	2408	44	17	47	932	439	1897	335	15473	63	148	433	6801	797	366	1	18	185	581	328	50	415	186	22	10	0	1007	315	970	345	380	137	4
1	226	7	0	1	0	1	3	1	6	2	130	0	433	5	1	0	5	52	58	1	1	17	5	2	1018	666	587	2	11	2	14	0	1	54	7	984	6	0	5	0	9	10	19	75	9	673	7	1007	25	9	20	23	150	154	3	6	162	8	63	3285	827	1448	17	23	4	20	1	1	205	22	58	40	10	0	0	5	52	416	238	21	6	7	118
3	872	193	0	1	0	0	7	2	14	3	143	1	339	13	7	8	182	93	235	5	17	33	80	17	739	1537	1349	22	25	11	12	0	3	130	69	1992	2320	0	16	0	80	157	147	99	74	2227	23	584	131	22	124	1938	809	1903	24	134	242	646	148	827	16735	6852	219	136	193	241	6	2	1516	120	143	124	54	3	0	5	880	1510	1753	314	47	22	23
11	1262	856	0	2	0	1	23	5	29	4	119	1	242	19	5	54	385	64	240	3	56	202	451	41	516	1451	1907	59	39	54	9	0	14	229	111	4558	1531	0	37	0	91	259	150	259	91	1014	37	620	127	32	2016	2132	415	1499	27	284	2438	2364	433	1448	6852	22785	453	125	301	27	3	8	1916	240	156	231	107	3	0	6	2115	2169	2419	579	92	47	22
86	37	87	0	73	1	25	307	49	406	25	10	7	6	127	11	271	35	0	4	10	251	324	402	524	4	35	137	780	337	414	0	6	230	494	735	175	437	0	1861	7	1633	6343	1723	2428	2488	123	561	15	959	227	2160	135	26	66	887	2858	1191	1737	6801	17	219	453	20794	990	2549	1	23	214	1052	294	58	281	141	13	4	1	1282	418	1799	607	349	145	12
26	7	8	0	14	1	1	52	12	53	4	4	0	5	33	0	10	4	3	2	0	16	14	22	76	12	14	18	119	70	85	0	1	59	101	1368	34	21	0	212	9	774	1098	908	417	964	340	243	50	2377	298	80	38	34	63	363	132	72	140	797	23	136	125	990	7720	720	6	103	1242	1867	39	6	51	28	2	1	1	217	98	987	134	241	45	18
7	15	19	0	0	0	0	17	4	36	0	1	0	2	7	4	51	10	0	5	0	28	47	56	42	3	15	35	61	25	37	0	0	19	46	1002	71	363	0	17	0	186	2847	747	189	122	35	14	4	427	12	282	566	16	171	18	3104	194	1920	366	4	193	301	2549	720	9469	0	3	136	709	30	12	23	19	1	1	0	200	100	794	226	60	43	2
0	0	0	0	0	0	0	0	0	0	0	15	0	47	0	0	0	1	8	4	0	0	0	0	0	28	19	18	0	1	0	0	0	0	2	0	7	0	0	0	0	2	0	1	1	0	97	1	88	3	1	2	2	19	3	1	1	2	1	1	20	241	27	1	6	0	272	1	0	27	3	6	2	0	0	0	0	5	42	30	3	2	0	1
1	0	0	0	0	0	0	5	0	0	0	0	0	2	0	0	0	2	0	2	1	0	0	0	5	0	3	2	7	0	2	0	0	0	2	1	2	0	0	3	97	275	11	275	14	24	29	9	3	227	34	3	1	2	2	6	2	1	4	18	1	6	3	23	103	3	1	650	1	139	2	0	0	0	0	0	0	35	9	92	14	80	116	1
6	0	1	0	1	0	0	14	2	10	1	0	0	0	8	0	2	0	0	0	0	0	1	1	16	0	0	2	25	17	18	0	1	10	22	151	3	0	0	33	1	33	187	41	98	67	6	13	1	62	7	11	2	1	1	26	27	12	29	185	1	2	8	214	1242	136	0	1	1423	253	6	0	9	6	0	0	0	20	9	49	13	5	5	0
8	253	118	0	12	1	3	38	5	37	0	26	1	63	19	2	20	81	14	54	1	21	29	70	49	100	313	349	83	48	57	2	2	40	111	353	637	281	0	159	14	825	749	983	263	881	3264	253	474	1013	303	219	867	482	1039	341	914	204	1244	581	205	1516	1916	1052	1867	709	27	139	253	12373	68	39	91	44	1	0	4	605	732	5669	639	285	231	165
122	226	1170	0	52	18	98	522	198	212	151	196	70	112	523	32	392	488	74	327	95	499	319	1648	591	71	1030	1886	1055	1257	525	7	62	441	2277	27	271	67	0	21	0	26	88	40	522	20	18	9	7	30	18	257	35	5	30	9	43	500	266	328	22	120	240	294	39	30	3	2	6	68	9509	2728	2466	1193	86	86	50	381	168	132	71	46	12	0
33	222	531	0	9	2	18	108	38	39	34	492	13	609	123	2	83	308	152	416	19	138	88	471	109	293	1546	1352	191	269	108	24	13	80	841	5	205	43	0	2	0	3	16	8	87	5	39	1	38	5	2	64	24	10	36	2	15	140	81	50	58	143	156	58	6	12	6	0	0	39	2728	5671	1366	916	5	18	167	61	105	55	22	9	3	7
407	245	1461	0	151	63	247	1285	397	241	497	1047	209	456	1282	35	435	972	131	580	329	1556	280	3563	703	143	1573	2048	1806	3204	1679	16	209	1483	8805	24	283	66	0	29	0	36	95	40	643	25	36	14	9	34	16	206	28	11	35	11	45	420	249	415	40	124	231	281	51	23	2	0	9	91	2466	1366	13855	5095	210	319	181	215	126	167	83	37	12	3
125	99	813	0	39	12	59	406	87	124	117	120	32	71	251	21	228	432	30	150	55	652	168	1878	300	27	517	1054	691	803	605	3	40	509	2355	13	110	40	0	12	0	18	39	24	301	12	14	7	2	19	8	130	19	2	11	6	35	259	188	186	10	54	107	141	28	19	0	0	6	44	1193	916	5095	5916	226	135	114	148	82	110	81	20	4	2
17	15	29	0	21	230	27	45	17	279	6	2	141	0	25	688	19	8	0	1	10	46	48	129	133	2	4	60	112	42	37	0	19	20	77	0	4	2	0	6	0	2	1	1	24	2	0	1	0	2	0	7	2	0	0	3	3	17	7	22	0	3	3	13	2	1	0	0	0	1	86	5	210	226	1530	19	0	6	4	4	4	2	1	0
15	0	13	0	3	286	122	27	215	3	14	3	13	1	93	5	8	5	0	2	11	14	3	55	6	0	7	27	29	214	19	0	372	16	392	1	1	0	0	1	0	1	3	1	15	0	0	0	0	1	0	4	0	0	0	0	1	8	4	10	0	0	0	4	1	1	0	0	0	0	86	18	319	135	19	867	6	6	3	1	3	0	1	1
4	11	13	0	1	1	2	7	6	2	2	54	1	171	15	0	1	6	4	4	0	9	1	19	3	148	18	27	7	18	4	0	3	4	60	0	3	0	0	0	0	1	1	1	2	1	2	0	3	1	0	2	0	0	1	0	0	2	4	0	5	5	6	1	1	0	0	0	0	4	50	167	181	114	0	6	462	4	5	5	3	2	0	6
27	161	190	0	5	0	5	59	11	111	5	13	2	13	52	10	105	101	4	37	2	97	136	279	151	15	171	342	217	133	157	0	3	74	249	115	604	372	0	131	6	539	443	485	687	429	222	108	37	305	229	980	195	67	238	197	343	898	1665	1007	52	880	2115	1282	217	200	5	35	20	605	381	61	215	148	6	6	4	10422	3590	1713	1099	1143	270	37
8	245	162	0	3	0	0	8	1	32	3	122	2	483	14	4	64	93	46	93	3	50	94	163	54	461	544	709	65	36	47	12	1	19	118	43	678	241	0	28	0	120	144	130	198	114	1298	24	591	92	41	545	186	212	303	45	134	614	808	315	416	1510	2169	418	98	100	42	9	9	732	168	105	126	82	4	3	5	3590	8133	1596	642	169	89	189
24	252	182	0	22	1	6	66	12	79	4	36	1	73	43	13	42	104	12	56	3	46	58	129	102	106	316	387	162	97	127	3	2	78	202	297	734	423	0	207	10	956	902	1070	496	890	2009	217	413	940	266	475	361	330	648	372	921	393	1604	970	238	1753	2419	1799	987	794	30	92	49	5669	132	55	167	110	4	1	5	1713	1596	13511	2839	555	424	172
6	41	48	0	4	1	3	19	3	29	0	1	0	13	14	11	27	19	0	6	1	21	21	60	48	8	48	100	59	30	46	0	0	23	67	80	157	122	0	46	4	196	232	222	191	158	206	39	32	155	46	220	90	44	116	67	296	175	666	345	21	314	579	607	134	226	3	14	13	639	71	22	83	81	4	3	3	1099	642	2839	3773	243	382	38
12	11	15	0	16	0	1	33	4	41	2	3	0	4	11	2	13	6	0	3	0	9	7	24	55	1	8	30	88	43	45	0	0	27	66	30	27	21	0	113	33	1125	183	762	263	463	57	214	8	465	692	83	15	5	6	227	70	81	194	380	6	47	92	349	241	60	2	80	5	285	46	9	37	20	2	0	2	1143	169	555	243	2966	227	4
3	3	6	0	4	0	1	12	1	13	0	1	0	8	2	1	7	2	0	1	1	3	4	8	10	0	3	7	17	9	17	0	0	5	17	26	14	10	0	32	115	361	86	245	65	94	11	29	4	82	59	43	12	3	8	42	40	34	71	137	7	22	47	145	45	43	0	116	5	231	12	3	12	4	1	1	0	270	89	424	382	227	1298	30
0	0	0	0	1	0	0	1	0	0	0	2	0	22	1	0	0	0	0	0	0	0	1	0	1	16	2	4	0	1	0	0	0	0	1	2	12	1	0	0	0	16	6	19	1	5	344	3	364	16	6	2	1	3	1	3	4	3	12	4	118	23	22	12	18	2	1	1	0	165	0	7	3	2	0	1	6	37	189	172	38	4	30	627
