0.0303564262522	6.93152384079e-05	0.000974061508154	0	0.000335631680712	5.47225566378e-05	0.0028309802634	0.0143664952027	0.00871547918719	0.000470613987085	0.00246616321915	0.000328335339827	0.00044872496443	8.75560906206e-05	0.0178103681004	2.18890226551e-05	7.29634088505e-05	0.00135347123418	1.82408522126e-05	0.000207945715224	0.000638429827442	0.00186421509613	0.000105796942833	0.00368100397651	0.0013644157455	1.82408522126e-05	0.000525336543723	0.000394002407792	0.00672722629601	0.0127758928897	0.0125934843676	3.64817044252e-06	0.000186056692569	0.00116376637116	0.00330889059137	4.37780453103e-05	6.93152384079e-05	7.29634088505e-06	0	7.29634088505e-05	0	4.74262157528e-05	0.000160519499471	7.29634088505e-05	0.00102513589435	4.01298748678e-05	7.29634088505e-06	2.55371930977e-05	3.64817044252e-06	6.20188975229e-05	3.28335339827e-05	5.10743861953e-05	7.29634088505e-06	3.64817044252e-06	1.45926817701e-05	4.37780453103e-05	0	8.02597497355e-05	1.45926817701e-05	0.000653022509212	3.64817044252e-06	1.09445113276e-05	4.01298748678e-05	0.000313742658057	9.48524315056e-05	2.55371930977e-05	0	3.64817044252e-06	2.18890226551e-05	2.91853635402e-05	0.000445076793988	0.000120389624603	0.00148480537011	0.000456021305315	6.20188975229e-05	5.47225566378e-05	1.45926817701e-05	9.85006019481e-05	2.91853635402e-05	8.75560906206e-05	2.18890226551e-05	4.37780453103e-05	1.09445113276e-05	0
6.93152384079e-05	0.0200321038999	0.00205391995914	0	7.29634088505e-06	3.64817044252e-06	1.09445113276e-05	9.85006019481e-05	3.64817044252e-05	0.00120754441648	2.55371930977e-05	0.000321038998942	1.45926817701e-05	0.000510743861953	0.000153223158586	2.55371930977e-05	0.000437780453103	0.00133887855241	0.000105796942833	0.00103608040568	2.18890226551e-05	0.000142278647258	0.00301703695597	0.00080989383824	0.00107985845099	0.00290759184269	0.00640253912663	0.0131370617635	0.000255371930977	0.000197001203896	0.000229834737879	2.91853635402e-05	7.29634088505e-06	3.28335339827e-05	0.000959468826384	3.28335339827e-05	0.0103060815001	0.00120754441648	0	2.55371930977e-05	0	3.64817044252e-05	5.83707270804e-05	5.10743861953e-05	0.000193353033454	3.28335339827e-05	0.000240779249207	2.91853635402e-05	8.3907920178e-05	4.37780453103e-05	2.18890226551e-05	0.000197001203896	0.0011236364963	9.85006019481e-05	0.000835431031338	1.45926817701e-05	6.93152384079e-05	0.000733282258947	0.000791652986028	0.000149574988143	0.00082448652001	0.00318120462588	0.00460399109846	0.000134982306373	2.55371930977e-05	5.47225566378e-05	0	0	0	0.000922987121958	0.00082448652001	0.00080989383824	0.000893801758418	0.00036116887381	5.47225566378e-05	0	4.01298748678e-05	0.000587355441246	0.000893801758418	0.000919338951516	0.000149574988143	4.01298748678e-05	1.09445113276e-05	0
0.000974061508154	0.00205391995914	0.0452227208055	0	1.45926817701e-05	7.29634088505e-06	6.56670679654e-05	0.00132793404108	0.000273612783189	0.000226186567436	4.37780453103e-05	0.000408595089563	7.29634088505e-06	0.000127685965488	0.000842727372223	3.64817044252e-06	0.000988654189924	0.0138812885338	8.02597497355e-05	0.00116741454161	2.55371930977e-05	0.00267775710481	0.00148480537011	0.0201050673087	0.000601948123016	8.75560906206e-05	0.00976615227463	0.0224180073693	0.00182043705082	0.000930283462843	0.00220714311773	7.29634088505e-06	1.82408522126e-05	0.000175112181241	0.00376491189668	1.45926817701e-05	0.00499799350626	0.00120024807559	0	7.29634088505e-06	0	1.09445113276e-05	5.47225566378e-05	2.18890226551e-05	0.000259020101419	2.55371930977e-05	7.29634088505e-05	2.18890226551e-05	3.64817044252e-06	2.55371930977e-05	1.09445113276e-05	0.000959468826384	0.000350224362482	2.55371930977e-05	0.000124037795046	7.29634088505e-06	0.000178760351684	0.0033198351027	0.00194447484586	0.000193353033454	2.55371930977e-05	0.000704096895407	0.0031228338988	0.0003173908285	2.91853635402e-05	6.93152384079e-05	0	0	3.64817044252e-06	0.000430484112218	0.00426835941775	0.00193717850498	0.00532997701653	0.00296596256977	0.000105796942833	4.74262157528e-05	4.74262157528e-05	0.000693152384079	0.000591003611689	0.000663967020539	0.000175112181241	5.47225566378e-05	2.18890226551e-05	0
0	0	0	0	0	0	0	0	0	0	0	0	0	0	0	0	0	0	0	0	0	0	0	0	0	0	0	0	0	0	0	0	0	0	0	0	0	0	0	0	0	0	0	0	0	0	0	0	0	0	0	0	0	0	0	0	0	0	0	0	0	0	0	0	0	0	0	0	0	0	0	0	0	0	0	0	0	0	0	0	0	0	0	0
0.000335631680712	7.29634088505e-06	1.45926817701e-05	0	0.0178286089526	1.09445113276e-05	0.000452373134873	0.00184232607347	0.000408595089563	0.00167086206268	0.00193353033454	4.01298748678e-05	0.00271423880924	1.09445113276e-05	0.00109445113276	2.91853635402e-05	0	1.09445113276e-05	0	0	0.00460763926891	7.29634088505e-06	7.29634088505e-06	2.55371930977e-05	0.00676370800044	7.29634088505e-06	2.18890226551e-05	3.28335339827e-05	0.00729998905549	0.00164167669914	0.000255371930977	0	3.64817044252e-05	0.000452373134873	0.000798949326913	7.29634088505e-06	1.09445113276e-05	0	0	0.00168910291489	3.64817044252e-06	8.3907920178e-05	5.47225566378e-05	6.56670679654e-05	0.000507095691511	0.000612892634344	7.29634088505e-06	0.000580059100361	3.64817044252e-06	3.64817044252e-05	4.37780453103e-05	3.64817044252e-06	3.64817044252e-06	0	0	0.0015869541425	3.64817044252e-06	1.09445113276e-05	3.64817044252e-06	0.000532632884608	3.64817044252e-06	3.64817044252e-06	7.29634088505e-06	0.000266316442304	5.10743861953e-05	0	0	0	3.64817044252e-06	4.37780453103e-05	0.000189704863011	3.28335339827e-05	0.000550873736821	0.000142278647258	7.6611579293e-05	1.09445113276e-05	3.64817044252e-06	1.82408522126e-05	1.09445113276e-05	8.02597497355e-05	1.45926817701e-05	5.83707270804e-05	1.45926817701e-05	3.64817044252e-06
5.47225566378e-05	3.64817044252e-06	7.29634088505e-06	0	1.09445113276e-05	0.00360804056766	0.000930283462843	6.56670679654e-05	0.000857320053993	3.28335339827e-05	3.28335339827e-05	3.28335339827e-05	4.37780453103e-05	7.29634088505e-06	0.000222538396994	0.000569114589034	0	7.29634088505e-06	0	3.64817044252e-06	1.45926817701e-05	0	3.64817044252e-06	1.09445113276e-05	1.09445113276e-05	0	1.09445113276e-05	3.64817044252e-06	4.01298748678e-05	0.000474262157528	2.18890226551e-05	0	0.0017584181533	2.18890226551e-05	0.000631133486556	0	0	0	0	0	0	0	0	0	7.29634088505e-06	0	0	0	0	0	0	0	0	0	0	0	0	3.64817044252e-06	7.29634088505e-06	7.29634088505e-06	0	0	0	3.64817044252e-06	3.64817044252e-06	0	0	0	0	3.64817044252e-06	6.56670679654e-05	7.29634088505e-06	0.000229834737879	4.37780453103e-05	0.00083907920178	0.00104337674656	3.64817044252e-06	0	0	3.64817044252e-06	3.64817044252e-06	0	0	0
0.0028309802634	1.09445113276e-05	6.56670679654e-05	0	0.000452373134873	0.000930283462843	0.0348728612601	0.0062201306045	0.0183028711101	0.000186056692569	0.0119587027106	0.000142278647258	0.00683667140929	5.47225566378e-05	0.00672722629601	7.6611579293e-05	1.09445113276e-05	5.47225566378e-05	3.64817044252e-06	2.55371930977e-05	0.00203567910693	9.85006019481e-05	2.55371930977e-05	0.000229834737879	0.000452373134873	1.45926817701e-05	7.6611579293e-05	9.85006019481e-05	0.00316296377367	0.00300974061508	0.000514392032396	0	0.00110904381453	0.000280909124074	0.00172923278976	0	3.64817044252e-06	0	0	4.01298748678e-05	0	1.82408522126e-05	3.28335339827e-05	0	0.000211593885666	2.91853635402e-05	0	2.91853635402e-05	0	0	7.29634088505e-06	7.29634088505e-06	0	0	0	7.29634088505e-06	3.64817044252e-06	1.82408522126e-05	1.09445113276e-05	0.000175112181241	3.64817044252e-06	0	3.64817044252e-06	9.12042610631e-05	3.64817044252e-06	0	0	0	0	1.09445113276e-05	0.000357520703367	6.56670679654e-05	0.000901098099303	0.000215242056109	9.85006019481e-05	0.000445076793988	7.29634088505e-06	1.82408522126e-05	0	2.18890226551e-05	1.09445113276e-05	3.64817044252e-06	3.64817044252e-06	0
0.0143664952027	9.85006019481e-05	0.00132793404108	0	0.00184232607347	6.56670679654e-05	0.0062201306045	0.0636167961767	0.0100507095692	0.00129874867754	0.0122870380504	0.000466965816643	0.00083907920178	0.000138630476816	0.0159315603225	5.83707270804e-05	0.000164167669914	0.00130604501842	2.91853635402e-05	0.000182408522126	0.00132063770019	0.00419174783846	0.000302798146729	0.00595746233264	0.00362263324943	3.28335339827e-05	0.000620188975229	0.000598299952574	0.0324504760862	0.0157272627777	0.0206413483638	3.64817044252e-06	0.000193353033454	0.00511473496042	0.0080734011893	9.48524315056e-05	7.6611579293e-05	1.09445113276e-05	0	0.000496151180183	3.64817044252e-06	0.000197001203896	0.000408595089563	0.000189704863011	0.0033198351027	0.000218890226551	2.55371930977e-05	9.48524315056e-05	1.09445113276e-05	0.000153223158586	4.74262157528e-05	0.000105796942833	7.29634088505e-06	0	1.09445113276e-05	0.000248075590092	2.91853635402e-05	0.000175112181241	8.75560906206e-05	0.00257560833242	1.09445113276e-05	2.55371930977e-05	8.3907920178e-05	0.00111998832585	0.000189704863011	6.20188975229e-05	0	1.82408522126e-05	5.10743861953e-05	0.000138630476816	0.001904344971	0.000394002407792	0.00468789901864	0.00148115719966	0.000164167669914	9.85006019481e-05	2.55371930977e-05	0.000215242056109	2.91853635402e-05	0.000240779249207	6.93152384079e-05	0.000120389624603	4.37780453103e-05	3.64817044252e-06
0.00871547918719	3.64817044252e-05	0.000273612783189	0	0.000408595089563	0.000857320053993	0.0183028711101	0.0100507095692	0.0387618109518	0.000255371930977	0.0085877932217	0.000269964612747	0.00256101565065	8.3907920178e-05	0.0181387034402	8.02597497355e-05	2.55371930977e-05	0.000280909124074	2.18890226551e-05	6.56670679654e-05	0.00183138156215	0.000456021305315	4.37780453103e-05	0.000988654189924	0.000729634088505	2.18890226551e-05	0.000211593885666	0.000171464010799	0.00414796979315	0.00632227937689	0.00218890226551	0	0.0019991974025	0.000437780453103	0.00282003575207	2.91853635402e-05	2.18890226551e-05	3.64817044252e-06	0	6.20188975229e-05	0	2.91853635402e-05	9.48524315056e-05	1.82408522126e-05	0.00044872496443	2.91853635402e-05	3.64817044252e-06	4.37780453103e-05	0	2.91853635402e-05	1.45926817701e-05	1.09445113276e-05	0	0	0	1.45926817701e-05	3.64817044252e-06	3.28335339827e-05	7.29634088505e-06	0.000353872532925	3.64817044252e-06	7.29634088505e-06	1.82408522126e-05	0.000178760351684	4.37780453103e-05	1.45926817701e-05	0	0	7.29634088505e-06	1.82408522126e-05	0.00072233774762	0.000138630476816	0.00144832366568	0.0003173908285	6.20188975229e-05	0.000784356645142	2.18890226551e-05	4.01298748678e-05	3.64817044252e-06	4.37780453103e-05	1.09445113276e-05	1.45926817701e-05	3.64817044252e-06	0
0.000470613987085	0.00120754441648	0.000226186567436	0	0.00167086206268	3.28335339827e-05	0.000186056692569	0.00129874867754	0.000255371930977	0.0188026704608	0.000193353033454	4.74262157528e-05	0.0025135894349	5.47225566378e-05	0.000689504213637	0.000244427419649	0.000339279851155	0.000175112181241	1.09445113276e-05	5.83707270804e-05	0.00160519499471	0.000233482908321	0.00347305826128	0.000321038998942	0.00697895005655	0.000284557294517	0.000350224362482	0.00131334135931	0.00359709605633	0.00127321148444	0.00194082667542	7.29634088505e-06	2.55371930977e-05	0.000704096895407	0.00194447484586	0.000178760351684	0.000160519499471	2.55371930977e-05	0	0.000594651782131	3.64817044252e-06	0.000175112181241	0.000561818248149	0.000215242056109	0.00564736784503	0.000237131078764	7.29634088505e-06	0.000211593885666	3.64817044252e-06	0.000182408522126	9.85006019481e-05	0.000313742658057	2.18890226551e-05	3.64817044252e-06	1.45926817701e-05	0.000299149976287	5.47225566378e-05	0.000583707270804	9.85006019481e-05	0.00345116923863	2.18890226551e-05	5.10743861953e-05	0.000105796942833	0.00148115719966	0.000193353033454	0.000131334135931	0	0	3.64817044252e-05	0.000134982306373	0.000773412133815	0.000142278647258	0.000879209076648	0.000452373134873	0.00101783955346	1.09445113276e-05	7.29634088505e-06	0.00040494691912	0.000116741454161	0.000288205464959	0.000105796942833	0.000149574988143	4.74262157528e-05	0
0.00246616321915	2.55371930977e-05	4.37780453103e-05	0	0.00193353033454	3.28335339827e-05	0.0119587027106	0.0122870380504	0.0085877932217	0.000193353033454	0.0354894020649	0.000321038998942	0.00328700156871	7.29634088505e-05	0.00848929261975	2.18890226551e-05	3.28335339827e-05	4.74262157528e-05	2.55371930977e-05	6.56670679654e-05	0.00470249170041	8.02597497355e-05	1.82408522126e-05	0.000160519499471	0.000623837145671	2.18890226551e-05	0.000204297544781	0.000142278647258	0.00898544379993	0.00567655320857	0.000565466418591	3.64817044252e-06	0.000127685965488	0.000802597497355	0.00306081500128	0	1.45926817701e-05	0	0	9.48524315056e-05	0	1.09445113276e-05	2.55371930977e-05	3.64817044252e-06	0.000262668271862	3.64817044252e-05	3.64817044252e-06	2.55371930977e-05	3.64817044252e-06	7.29634088505e-06	3.64817044252e-06	3.64817044252e-06	3.64817044252e-06	0	0	6.20188975229e-05	7.29634088505e-06	1.82408522126e-05	1.45926817701e-05	0.000244427419649	7.29634088505e-06	1.09445113276e-05	1.45926817701e-05	9.12042610631e-05	1.45926817701e-05	0	0	0	3.64817044252e-06	0	0.000550873736821	0.000124037795046	0.00181314070993	0.000426835941775	2.18890226551e-05	5.10743861953e-05	7.29634088505e-06	1.82408522126e-05	1.09445113276e-05	1.45926817701e-05	0	7.29634088505e-06	0	0
0.000328335339827	0.000321038998942	0.000408595089563	0	4.01298748678e-05	3.28335339827e-05	0.000142278647258	0.000466965816643	0.000269964612747	4.74262157528e-05	0.000321038998942	0.0237277005582	0.000197001203896	0.00740943416876	0.00166356572179	0	2.18890226551e-05	0.000507095691511	0.00224727299259	0.00449089781475	0.000328335339827	0.000182408522126	8.3907920178e-05	0.000572762759476	0.000102148772391	0.00131334135931	0.00715771040823	0.00291488818358	0.000441428623545	0.00300609244464	0.000284557294517	0.000284557294517	0.000240779249207	0.000186056692569	0.00846375542665	0	0.000299149976287	2.91853635402e-05	0	3.64817044252e-06	0	3.64817044252e-06	1.09445113276e-05	3.64817044252e-06	3.28335339827e-05	3.64817044252e-06	0.000386706066907	0	0.000397650578235	7.29634088505e-06	3.64817044252e-06	4.37780453103e-05	2.18890226551e-05	9.48524315056e-05	0.000109445113276	7.29634088505e-06	3.64817044252e-06	6.20188975229e-05	3.64817044252e-05	3.64817044252e-05	0.000474262157528	0.000521688373281	0.00043413228266	3.64817044252e-05	1.45926817701e-05	3.64817044252e-06	5.47225566378e-05	0	0	9.48524315056e-05	0.000715041406735	0.00179489985772	0.00381963445332	0.000437780453103	7.29634088505e-06	1.09445113276e-05	0.000197001203896	4.74262157528e-05	0.000445076793988	0.000131334135931	3.64817044252e-06	1.09445113276e-05	3.64817044252e-06	7.29634088505e-06
0.00044872496443	1.45926817701e-05	7.29634088505e-06	0	0.00271423880924	4.37780453103e-05	0.00683667140929	0.00083907920178	0.00256101565065	0.0025135894349	0.00328700156871	0.000197001203896	0.0265039582649	6.20188975229e-05	0.00409689540695	0.00039035423735	7.29634088505e-06	2.18890226551e-05	1.45926817701e-05	2.91853635402e-05	0.0126482069242	1.45926817701e-05	1.82408522126e-05	5.83707270804e-05	0.000831782860895	3.64817044252e-06	0.000109445113276	8.02597497355e-05	0.00130969318887	0.00252088577578	8.75560906206e-05	0	0.000124037795046	8.02597497355e-05	0.00157965780161	0	3.64817044252e-06	3.64817044252e-06	0	1.82408522126e-05	0	7.29634088505e-06	3.64817044252e-06	0	4.74262157528e-05	1.45926817701e-05	0	0.000394002407792	0	0	0	0	0	0	0	1.09445113276e-05	0	7.29634088505e-06	3.64817044252e-06	3.64817044252e-05	0	3.64817044252e-06	3.64817044252e-06	2.55371930977e-05	0	0	0	0	0	3.64817044252e-06	0.000255371930977	4.74262157528e-05	0.000762467622487	0.000116741454161	0.000514392032396	4.74262157528e-05	3.64817044252e-06	7.29634088505e-06	7.29634088505e-06	3.64817044252e-06	0	0	0	0
8.75560906206e-05	0.000510743861953	0.000127685965488	0	1.09445113276e-05	7.29634088505e-06	5.47225566378e-05	0.000138630476816	8.3907920178e-05	5.47225566378e-05	7.29634088505e-05	0.00740943416876	6.20188975229e-05	0.0238553865237	0.000503447521068	3.64817044252e-06	1.45926817701e-05	9.12042610631e-05	0.000718689577177	0.000525336543723	8.3907920178e-05	1.82408522126e-05	9.48524315056e-05	0.000105796942833	5.83707270804e-05	0.00578964649228	0.00501623435847	0.00833971763161	0.000120389624603	0.000933931633286	5.47225566378e-05	0.00110174747364	0.000102148772391	3.64817044252e-05	0.00205391995914	0	0.000288205464959	2.55371930977e-05	0	0	0	1.82408522126e-05	1.45926817701e-05	2.55371930977e-05	2.18890226551e-05	1.82408522126e-05	0.00131334135931	3.64817044252e-06	0.00209769800445	2.91853635402e-05	1.82408522126e-05	2.18890226551e-05	3.28335339827e-05	0.000186056692569	0.000116741454161	3.64817044252e-06	0	2.91853635402e-05	1.45926817701e-05	2.18890226551e-05	0.00157965780161	0.00123672978002	0.000882857247091	2.18890226551e-05	1.82408522126e-05	7.29634088505e-06	0.000171464010799	7.29634088505e-06	0	0.000229834737879	0.000408595089563	0.0022217357995	0.00166356572179	0.000259020101419	0	3.64817044252e-06	0.000623837145671	4.74262157528e-05	0.00176206632374	0.000266316442304	4.74262157528e-05	1.45926817701e-05	2.91853635402e-05	8.02597497355e-05
0.0178103681004	0.000153223158586	0.000842727372223	0	0.00109445113276	0.000222538396994	0.00672722629601	0.0159315603225	0.0181387034402	0.000689504213637	0.00848929261975	0.00166356572179	0.00409689540695	0.000503447521068	0.0561125095764	0.000149574988143	9.48524315056e-05	0.00114187734851	0.000116741454161	0.000321038998942	0.00405311736164	0.00132428587064	0.000134982306373	0.00290759184269	0.00206121630003	7.6611579293e-05	0.00111998832585	0.000817190179125	0.00914961146985	0.0310422822954	0.0114479588486	1.82408522126e-05	0.001269563314	0.00271059063879	0.0105906387946	5.10743861953e-05	8.3907920178e-05	1.45926817701e-05	0	0.000131334135931	0	6.20188975229e-05	0.000215242056109	7.6611579293e-05	0.00151399073365	6.20188975229e-05	1.82408522126e-05	9.12042610631e-05	2.18890226551e-05	7.6611579293e-05	2.55371930977e-05	7.29634088505e-05	7.29634088505e-06	3.64817044252e-06	2.91853635402e-05	6.93152384079e-05	7.29634088505e-06	0.000113093283718	7.29634088505e-05	0.00101419138302	1.82408522126e-05	4.74262157528e-05	6.93152384079e-05	0.0004633176462	0.000120389624603	2.55371930977e-05	0	0	2.91853635402e-05	6.93152384079e-05	0.00190799314144	0.00044872496443	0.00467695450731	0.000915690781073	9.12042610631e-05	0.000339279851155	5.47225566378e-05	0.000189704863011	5.10743861953e-05	0.000156871329028	5.10743861953e-05	4.01298748678e-05	7.29634088505e-06	3.64817044252e-06
2.18890226551e-05	2.55371930977e-05	3.64817044252e-06	0	2.91853635402e-05	0.000569114589034	7.6611579293e-05	5.83707270804e-05	8.02597497355e-05	0.000244427419649	2.18890226551e-05	0	0.00039035423735	3.64817044252e-06	0.000149574988143	0.00352413264748	3.64817044252e-06	7.29634088505e-06	0	0	2.18890226551e-05	1.09445113276e-05	4.01298748678e-05	2.55371930977e-05	0.000142278647258	0	1.09445113276e-05	3.64817044252e-05	0.000127685965488	9.85006019481e-05	3.28335339827e-05	0	2.55371930977e-05	2.91853635402e-05	0.000116741454161	0	1.45926817701e-05	1.45926817701e-05	0	1.09445113276e-05	0	0	3.64817044252e-06	0	5.10743861953e-05	3.64817044252e-06	0	0	0	0	0	1.09445113276e-05	3.64817044252e-06	0	7.29634088505e-06	3.64817044252e-06	1.45926817701e-05	7.29634088505e-06	4.01298748678e-05	5.10743861953e-05	3.64817044252e-06	2.55371930977e-05	1.82408522126e-05	4.01298748678e-05	0	1.45926817701e-05	0	0	0	7.29634088505e-06	0.000116741454161	7.29634088505e-06	0.000127685965488	7.6611579293e-05	0.00250994126446	1.82408522126e-05	0	3.64817044252e-05	1.45926817701e-05	4.74262157528e-05	4.01298748678e-05	7.29634088505e-06	3.64817044252e-06	0
7.29634088505e-05	0.000437780453103	0.000988654189924	0	0	0	1.09445113276e-05	0.000164167669914	2.55371930977e-05	0.000339279851155	3.28335339827e-05	2.18890226551e-05	7.29634088505e-06	1.45926817701e-05	9.48524315056e-05	3.64817044252e-06	0.0154864835285	0.000474262157528	1.45926817701e-05	9.85006019481e-05	1.09445113276e-05	0.00353142898836	0.00374302287403	0.00675276348911	0.00322133450075	5.10743861953e-05	0.0003173908285	0.00367735580606	0.00225456933348	0.000269964612747	0.000860968224435	3.64817044252e-06	3.64817044252e-06	0.000134982306373	0.00165626938091	4.01298748678e-05	0.000186056692569	6.56670679654e-05	0	1.82408522126e-05	0	2.18890226551e-05	8.75560906206e-05	6.20188975229e-05	0.000711393236292	1.82408522126e-05	0	7.29634088505e-06	3.64817044252e-06	4.37780453103e-05	3.64817044252e-06	0.00113458100762	1.82408522126e-05	0	7.29634088505e-06	7.29634088505e-06	0.000244427419649	0.00233482908321	0.000492503009741	0.000620188975229	0	2.91853635402e-05	0.000197001203896	0.000988654189924	3.64817044252e-05	0.000186056692569	0	0	7.29634088505e-06	7.29634088505e-05	0.00143008281347	0.000302798146729	0.0015869541425	0.000831782860895	6.93152384079e-05	2.91853635402e-05	3.64817044252e-06	0.000383057896465	0.000233482908321	0.000153223158586	9.85006019481e-05	4.74262157528e-05	2.55371930977e-05	0
0.00135347123418	0.00133887855241	0.0138812885338	0	1.09445113276e-05	7.29634088505e-06	5.47225566378e-05	0.00130604501842	0.000280909124074	0.000175112181241	4.74262157528e-05	0.000507095691511	2.18890226551e-05	9.12042610631e-05	0.00114187734851	7.29634088505e-06	0.000474262157528	0.0318083980884	8.75560906206e-05	0.00526430994856	2.18890226551e-05	0.00317755645544	0.000638429827442	0.0171682901025	0.000324687169385	0.000102148772391	0.00769399146328	0.00832877312028	0.00140819379081	0.00152493524497	0.00445441611032	0	1.82408522126e-05	0.000178760351684	0.00524242092591	7.29634088505e-06	0.00278720221809	0.000634781656999	0	0	0	2.18890226551e-05	3.64817044252e-05	2.55371930977e-05	0.000138630476816	1.09445113276e-05	6.20188975229e-05	7.29634088505e-06	3.64817044252e-06	3.28335339827e-05	2.18890226551e-05	0.0003173908285	0.000237131078764	2.91853635402e-05	0.000120389624603	3.64817044252e-06	8.02597497355e-05	0.00107985845099	0.000813542008683	9.48524315056e-05	1.82408522126e-05	0.000663967020539	0.00140454562037	0.000127685965488	1.45926817701e-05	3.64817044252e-05	3.64817044252e-06	7.29634088505e-06	0	0.000295501805844	0.00178030717595	0.0011236364963	0.00354602167013	0.00157600963117	2.91853635402e-05	1.82408522126e-05	2.18890226551e-05	0.000368465214695	0.000339279851155	0.000379409726022	6.93152384079e-05	2.18890226551e-05	7.29634088505e-06	0
1.82408522126e-05	0.000105796942833	8.02597497355e-05	0	0	0	3.64817044252e-06	2.91853635402e-05	2.18890226551e-05	1.09445113276e-05	2.55371930977e-05	0.00224727299259	1.45926817701e-05	0.000718689577177	0.000116741454161	0	1.45926817701e-05	8.75560906206e-05	0.00664331837583	0.00175112181241	2.55371930977e-05	3.28335339827e-05	2.18890226551e-05	7.6611579293e-05	3.28335339827e-05	0.000481558498413	0.00443252708767	0.00101054321258	3.64817044252e-05	0.000182408522126	3.28335339827e-05	4.37780453103e-05	3.64817044252e-06	1.45926817701e-05	0.00075152311116	0	0.000102148772391	0	0	0	0	0	0	3.64817044252e-06	0	0	0.000182408522126	0	6.56670679654e-05	3.64817044252e-06	0	3.64817044252e-06	1.82408522126e-05	5.10743861953e-05	4.74262157528e-05	0	3.64817044252e-06	1.09445113276e-05	1.82408522126e-05	0	0.000189704863011	0.000339279851155	0.000233482908321	0	1.09445113276e-05	0	2.91853635402e-05	0	0	5.10743861953e-05	0.000269964612747	0.000554521907264	0.000477910327971	0.000109445113276	0	0	1.45926817701e-05	1.45926817701e-05	0.000167815840356	4.37780453103e-05	0	0	0	0
0.000207945715224	0.00103608040568	0.00116741454161	0	0	3.64817044252e-06	2.55371930977e-05	0.000182408522126	6.56670679654e-05	5.83707270804e-05	6.56670679654e-05	0.00449089781475	2.91853635402e-05	0.000525336543723	0.000321038998942	0	9.85006019481e-05	0.00526430994856	0.00175112181241	0.0199153624457	4.37780453103e-05	0.000364817044252	0.000164167669914	0.00149574988143	0.000102148772391	0.000561818248149	0.0116449600525	0.00410783991828	0.000226186567436	0.000623837145671	0.000645726168327	4.01298748678e-05	1.45926817701e-05	7.6611579293e-05	0.00433037831527	7.29634088505e-06	0.00107985845099	0.000105796942833	0	0	0	7.29634088505e-06	7.29634088505e-06	1.09445113276e-05	4.01298748678e-05	7.29634088505e-06	0.000222538396994	0	7.6611579293e-05	1.09445113276e-05	0	3.28335339827e-05	0.000222538396994	8.75560906206e-05	0.000237131078764	0	3.64817044252e-06	0.000131334135931	0.000131334135931	3.28335339827e-05	0.000211593885666	0.000857320053993	0.000875560906206	1.45926817701e-05	7.29634088505e-06	1.82408522126e-05	1.45926817701e-05	7.29634088505e-06	0	0.000197001203896	0.00119295173471	0.00151763890409	0.00211593885666	0.000547225566378	3.64817044252e-06	7.29634088505e-06	1.45926817701e-05	0.000134982306373	0.000339279851155	0.000204297544781	2.18890226551e-05	1.09445113276e-05	3.64817044252e-06	0
0.000638429827442	2.18890226551e-05	2.55371930977e-05	0	0.00460763926891	1.45926817701e-05	0.00203567910693	0.00132063770019	0.00183138156215	0.00160519499471	0.00470249170041	0.000328335339827	0.0126482069242	8.3907920178e-05	0.00405311736164	2.18890226551e-05	1.09445113276e-05	2.18890226551e-05	2.55371930977e-05	4.37780453103e-05	0.0218707818029	2.91853635402e-05	2.18890226551e-05	6.20188975229e-05	0.00124767429134	1.09445113276e-05	0.000164167669914	0.000134982306373	0.00318120462588	0.00352048447703	0.000138630476816	3.64817044252e-06	0.000102148772391	0.000251723760534	0.00217430958374	0	1.45926817701e-05	3.64817044252e-06	0	4.37780453103e-05	3.64817044252e-06	7.29634088505e-06	7.29634088505e-06	3.64817044252e-06	9.12042610631e-05	1.45926817701e-05	3.64817044252e-06	0.000251723760534	0	3.64817044252e-06	0	0	7.29634088505e-06	0	3.64817044252e-06	2.55371930977e-05	0	7.29634088505e-06	7.29634088505e-06	7.6611579293e-05	3.64817044252e-06	1.82408522126e-05	1.09445113276e-05	3.64817044252e-05	0	0	0	3.64817044252e-06	0	3.64817044252e-06	0.00034657619204	6.93152384079e-05	0.00120024807559	0.000200649374339	3.64817044252e-05	4.01298748678e-05	0	7.29634088505e-06	1.09445113276e-05	1.09445113276e-05	3.64817044252e-06	0	3.64817044252e-06	0
0.00186421509613	0.000142278647258	0.00267775710481	0	7.29634088505e-06	0	9.85006019481e-05	0.00419174783846	0.000456021305315	0.000233482908321	8.02597497355e-05	0.000182408522126	1.45926817701e-05	1.82408522126e-05	0.00132428587064	1.09445113276e-05	0.00353142898836	0.00317755645544	3.28335339827e-05	0.000364817044252	2.91853635402e-05	0.048870891248	0.00082448652001	0.032118492576	0.00146291634745	1.09445113276e-05	0.000879209076648	0.0018532705848	0.00970413337711	0.00180584436905	0.0174966254423	3.64817044252e-06	1.45926817701e-05	0.000718689577177	0.0103498595454	4.37780453103e-05	0.000229834737879	6.20188975229e-05	0	1.09445113276e-05	0	3.64817044252e-05	0.000102148772391	5.10743861953e-05	0.000777060304257	2.55371930977e-05	3.64817044252e-06	1.45926817701e-05	0	5.47225566378e-05	7.29634088505e-06	0.000842727372223	1.09445113276e-05	0	1.09445113276e-05	0	0.000156871329028	0.00157965780161	0.00033198351027	0.000587355441246	3.64817044252e-06	6.20188975229e-05	0.000204297544781	0.000915690781073	5.83707270804e-05	0.000102148772391	0	0	0	7.6611579293e-05	0.00182043705082	0.000503447521068	0.00567655320857	0.00237860712853	0.000167815840356	5.10743861953e-05	3.28335339827e-05	0.000353872532925	0.000182408522126	0.000167815840356	7.6611579293e-05	3.28335339827e-05	1.09445113276e-05	0
0.000105796942833	0.00301703695597	0.00148480537011	0	7.29634088505e-06	3.64817044252e-06	2.55371930977e-05	0.000302798146729	4.37780453103e-05	0.00347305826128	1.82408522126e-05	8.3907920178e-05	1.82408522126e-05	9.48524315056e-05	0.000134982306373	4.01298748678e-05	0.00374302287403	0.000638429827442	2.18890226551e-05	0.000164167669914	2.18890226551e-05	0.00082448652001	0.0153223158586	0.00244427419649	0.00377585640801	0.000561818248149	0.000817190179125	0.00535916238007	0.00140089744993	0.00033198351027	0.000667615190982	1.45926817701e-05	7.29634088505e-06	0.000171464010799	0.00120754441648	6.56670679654e-05	0.000682207872752	0.000145926817701	0	3.64817044252e-05	0	3.28335339827e-05	0.000120389624603	5.83707270804e-05	0.00169275108533	1.45926817701e-05	1.82408522126e-05	5.10743861953e-05	1.45926817701e-05	6.20188975229e-05	1.45926817701e-05	0.0017584181533	5.47225566378e-05	1.45926817701e-05	1.82408522126e-05	7.29634088505e-06	0.000215242056109	0.00391813505527	0.000919338951516	0.000995950530809	6.20188975229e-05	0.000120389624603	0.00073693042939	0.00118200722338	5.10743861953e-05	0.000171464010799	0	0	3.64817044252e-06	0.000105796942833	0.00116376637116	0.000321038998942	0.00102148772391	0.000612892634344	0.000175112181241	1.09445113276e-05	3.64817044252e-06	0.000496151180183	0.000342928021597	0.000211593885666	7.6611579293e-05	2.55371930977e-05	1.45926817701e-05	3.64817044252e-06
0.00368100397651	0.00080989383824	0.0201050673087	0	2.55371930977e-05	1.09445113276e-05	0.000229834737879	0.00595746233264	0.000988654189924	0.000321038998942	0.000160519499471	0.000572762759476	5.83707270804e-05	0.000105796942833	0.00290759184269	2.55371930977e-05	0.00675276348911	0.0171682901025	7.6611579293e-05	0.00149574988143	6.20188975229e-05	0.032118492576	0.00244427419649	0.0820181678888	0.00181678888038	6.56670679654e-05	0.00417715515669	0.0145306628726	0.0105322680676	0.00346211374995	0.0148881835759	1.09445113276e-05	4.37780453103e-05	0.000671263361424	0.01434460618	5.10743861953e-05	0.00164532486958	0.000456021305315	0	1.82408522126e-05	0	5.83707270804e-05	0.000182408522126	8.02597497355e-05	0.000893801758418	4.74262157528e-05	3.28335339827e-05	2.55371930977e-05	7.29634088505e-06	8.3907920178e-05	2.18890226551e-05	0.00244062602605	0.000120389624603	3.64817044252e-06	4.74262157528e-05	1.45926817701e-05	0.000383057896465	0.00570209040166	0.00208310532268	0.000948524315056	1.82408522126e-05	0.000291853635402	0.00164532486958	0.00146656451789	8.02597497355e-05	0.000204297544781	0	0	3.64817044252e-06	0.000255371930977	0.00601218488928	0.00171828827843	0.0129984312867	0.00685126409106	0.000470613987085	0.000200649374339	6.93152384079e-05	0.00101783955346	0.000594651782131	0.000470613987085	0.000218890226551	8.75560906206e-05	2.91853635402e-05	0
0.0013644157455	0.00107985845099	0.000601948123016	0	0.00676370800044	1.09445113276e-05	0.000452373134873	0.00362263324943	0.000729634088505	0.00697895005655	0.000623837145671	0.000102148772391	0.000831782860895	5.83707270804e-05	0.00206121630003	0.000142278647258	0.00322133450075	0.000324687169385	3.28335339827e-05	0.000102148772391	0.00124767429134	0.00146291634745	0.00377585640801	0.00181678888038	0.0397468169713	0.000186056692569	0.000423187771333	0.0020247345956	0.0171464010799	0.00420634052023	0.00505636423334	1.45926817701e-05	4.37780453103e-05	0.00221079128817	0.00510379044909	0.000204297544781	0.000142278647258	6.93152384079e-05	0	0.000485206668856	3.64817044252e-06	0.000255371930977	0.000631133486556	0.000255371930977	0.00518405019883	0.000262668271862	3.64817044252e-05	0.000171464010799	7.29634088505e-06	0.000200649374339	0.000105796942833	0.000605596293459	2.18890226551e-05	0	3.64817044252e-06	0.000266316442304	0.000120389624603	0.000831782860895	0.000218890226551	0.00345481740907	7.29634088505e-06	6.20188975229e-05	0.000149574988143	0.00191164131188	0.000277260953632	0.000153223158586	0	1.82408522126e-05	5.83707270804e-05	0.000178760351684	0.00215606873153	0.000397650578235	0.00256466382109	0.00109445113276	0.000485206668856	2.18890226551e-05	1.09445113276e-05	0.000550873736821	0.000197001203896	0.000372113385137	0.000175112181241	0.000200649374339	3.64817044252e-05	3.64817044252e-06
1.82408522126e-05	0.00290759184269	8.75560906206e-05	0	7.29634088505e-06	0	1.45926817701e-05	3.28335339827e-05	2.18890226551e-05	0.000284557294517	2.18890226551e-05	0.00131334135931	3.64817044252e-06	0.00578964649228	7.6611579293e-05	0	5.10743861953e-05	0.000102148772391	0.000481558498413	0.000561818248149	1.09445113276e-05	1.09445113276e-05	0.000561818248149	6.56670679654e-05	0.000186056692569	0.0163912297983	0.00461128743935	0.0074641567254	6.20188975229e-05	0.000138630476816	2.18890226551e-05	9.12042610631e-05	3.64817044252e-06	1.09445113276e-05	0.000488854839298	1.09445113276e-05	0.0013899529386	5.83707270804e-05	0	3.64817044252e-06	0	1.82408522126e-05	2.91853635402e-05	2.55371930977e-05	1.45926817701e-05	2.55371930977e-05	0.00173652913064	3.64817044252e-06	0.00139724927949	4.01298748678e-05	1.45926817701e-05	1.09445113276e-05	8.3907920178e-05	0.000401298748678	0.000342928021597	1.09445113276e-05	0	3.28335339827e-05	4.01298748678e-05	1.45926817701e-05	0.00371383751049	0.00269599795702	0.00188245594834	1.45926817701e-05	4.37780453103e-05	1.09445113276e-05	0.000102148772391	0	0	0.000364817044252	0.000259020101419	0.00106891393966	0.000521688373281	9.85006019481e-05	7.29634088505e-06	0	0.000539929225493	5.47225566378e-05	0.001681806574	0.000386706066907	2.91853635402e-05	3.64817044252e-06	0	5.83707270804e-05
0.000525336543723	0.00640253912663	0.00976615227463	0	2.18890226551e-05	1.09445113276e-05	7.6611579293e-05	0.000620188975229	0.000211593885666	0.000350224362482	0.000204297544781	0.00715771040823	0.000109445113276	0.00501623435847	0.00111998832585	1.09445113276e-05	0.0003173908285	0.00769399146328	0.00443252708767	0.0116449600525	0.000164167669914	0.000879209076648	0.000817190179125	0.00417715515669	0.000423187771333	0.00461128743935	0.0677136915837	0.0272262960125	0.00072233774762	0.00174747364197	0.00118565539382	0.000496151180183	5.83707270804e-05	0.000186056692569	0.0074896939185	4.01298748678e-05	0.00649739155813	0.000572762759476	0	3.64817044252e-06	3.64817044252e-06	2.18890226551e-05	6.20188975229e-05	5.47225566378e-05	0.000153223158586	3.64817044252e-05	0.00149939805188	1.82408522126e-05	0.000634781656999	7.29634088505e-05	1.45926817701e-05	0.000211593885666	0.00104337674656	0.000667615190982	0.00163073218781	2.18890226551e-05	8.3907920178e-05	0.000558170077706	0.000583707270804	0.000134982306373	0.00242968151472	0.00560723797016	0.0052934953121	0.000127685965488	5.10743861953e-05	5.47225566378e-05	6.93152384079e-05	1.09445113276e-05	0	0.00114187734851	0.0037576155558	0.00564007150414	0.00573857210609	0.00188610411878	1.45926817701e-05	2.55371930977e-05	6.56670679654e-05	0.000623837145671	0.00198460472073	0.00115282185984	0.000175112181241	2.91853635402e-05	1.09445113276e-05	7.29634088505e-06
0.000394002407792	0.0131370617635	0.0224180073693	0	3.28335339827e-05	3.64817044252e-06	9.85006019481e-05	0.000598299952574	0.000171464010799	0.00131334135931	0.000142278647258	0.00291488818358	8.02597497355e-05	0.00833971763161	0.000817190179125	3.64817044252e-05	0.00367735580606	0.00832877312028	0.00101054321258	0.00410783991828	0.000134982306373	0.0018532705848	0.00535916238007	0.0145306628726	0.0020247345956	0.0074641567254	0.0272262960125	0.0901791251687	0.00152493524497	0.00143008281347	0.00122578526869	0.000572762759476	3.28335339827e-05	0.000273612783189	0.0066834482507	4.01298748678e-05	0.00992667177411	0.00147386085878	0	7.29634088505e-06	0	6.20188975229e-05	0.000116741454161	7.6611579293e-05	0.000394002407792	6.20188975229e-05	0.00126591514356	4.74262157528e-05	0.000952172485499	8.3907920178e-05	5.47225566378e-05	0.00165262121046	0.00128780416621	0.000452373134873	0.00103608040568	1.09445113276e-05	0.000302798146729	0.0045638612236	0.00258290467331	0.00037576155558	0.00214147604976	0.00492138192696	0.00695706103389	0.000499799350626	6.56670679654e-05	0.000127685965488	6.56670679654e-05	7.29634088505e-06	7.29634088505e-06	0.00127321148444	0.0068804494546	0.00493232643829	0.00747145306629	0.00384517164642	0.000218890226551	9.85006019481e-05	9.85006019481e-05	0.00124767429134	0.00258655284375	0.00141184196126	0.000364817044252	0.000109445113276	2.55371930977e-05	1.45926817701e-05
0.00672722629601	0.000255371930977	0.00182043705082	0	0.00729998905549	4.01298748678e-05	0.00316296377367	0.0324504760862	0.00414796979315	0.00359709605633	0.00898544379993	0.000441428623545	0.00130969318887	0.000120389624603	0.00914961146985	0.000127685965488	0.00225456933348	0.00140819379081	3.64817044252e-05	0.000226186567436	0.00318120462588	0.00970413337711	0.00140089744993	0.0105322680676	0.0171464010799	6.20188975229e-05	0.00072233774762	0.00152493524497	0.076702783554	0.0139068257269	0.0200284557295	3.64817044252e-06	0.000127685965488	0.00566560869724	0.0119696472219	0.000277260953632	0.000164167669914	5.10743861953e-05	0	0.00113822917807	0	0.00037576155558	0.000922987121958	0.00043413228266	0.00774871401992	0.000441428623545	3.28335339827e-05	0.000240779249207	3.64817044252e-06	0.000324687169385	0.000167815840356	0.00075152311116	3.64817044252e-05	3.64817044252e-06	2.18890226551e-05	0.000543577395936	0.000156871329028	0.000970413337711	0.000273612783189	0.00528619897122	7.29634088505e-06	8.02597497355e-05	0.000215242056109	0.00284557294517	0.00043413228266	0.000222538396994	0	2.55371930977e-05	9.12042610631e-05	0.000302798146729	0.00384881981686	0.000696800554522	0.0065885958192	0.00252088577578	0.000408595089563	0.000105796942833	2.55371930977e-05	0.000791652986028	0.000237131078764	0.000591003611689	0.000215242056109	0.000321038998942	6.20188975229e-05	0
0.0127758928897	0.000197001203896	0.000930283462843	0	0.00164167669914	0.000474262157528	0.00300974061508	0.0157272627777	0.00632227937689	0.00127321148444	0.00567655320857	0.00300609244464	0.00252088577578	0.000933931633286	0.0310422822954	9.85006019481e-05	0.000269964612747	0.00152493524497	0.000182408522126	0.000623837145671	0.00352048447703	0.00180584436905	0.00033198351027	0.00346211374995	0.00420634052023	0.000138630476816	0.00174747364197	0.00143008281347	0.0139068257269	0.067790303163	0.0245157053738	3.64817044252e-05	0.00369194848783	0.0116267192003	0.0245850206122	0.000142278647258	0.000160519499471	1.82408522126e-05	0	0.000280909124074	3.64817044252e-06	0.000222538396994	0.000576410929919	0.000215242056109	0.00399109846412	0.000175112181241	2.91853635402e-05	0.000116741454161	2.91853635402e-05	0.000186056692569	0.000116741454161	0.000182408522126	2.18890226551e-05	3.64817044252e-06	3.64817044252e-05	0.000156871329028	4.37780453103e-05	0.000240779249207	0.000175112181241	0.00264492357083	4.01298748678e-05	9.12042610631e-05	0.000142278647258	0.00122943343913	0.000255371930977	9.12042610631e-05	3.64817044252e-06	0	6.20188975229e-05	0.000175112181241	0.00458575024625	0.000981357849039	0.0116887380978	0.00292948086535	0.000153223158586	0.0007807084747	6.56670679654e-05	0.000485206668856	0.000131334135931	0.000353872532925	0.000109445113276	0.000156871329028	3.28335339827e-05	3.64817044252e-06
0.0125934843676	0.000229834737879	0.00220714311773	0	0.000255371930977	2.18890226551e-05	0.000514392032396	0.0206413483638	0.00218890226551	0.00194082667542	0.000565466418591	0.000284557294517	8.75560906206e-05	5.47225566378e-05	0.0114479588486	3.28335339827e-05	0.000860968224435	0.00445441611032	3.28335339827e-05	0.000645726168327	0.000138630476816	0.0174966254423	0.000667615190982	0.0148881835759	0.00505636423334	2.18890226551e-05	0.00118565539382	0.00122578526869	0.0200284557295	0.0245157053738	0.0659187917259	0	8.02597497355e-05	0.0092481120718	0.0169603443873	0.000171464010799	0.000251723760534	4.01298748678e-05	0	0.000186056692569	3.64817044252e-06	0.000251723760534	0.000601948123016	0.000302798146729	0.00464412097333	0.000138630476816	1.82408522126e-05	8.02597497355e-05	0	0.000197001203896	0.000102148772391	0.000357520703367	3.64817044252e-05	3.64817044252e-06	2.91853635402e-05	0.000120389624603	8.02597497355e-05	0.000437780453103	0.000193353033454	0.00275072051366	7.29634088505e-06	4.01298748678e-05	0.000197001203896	0.0015103425632	0.000310094487614	0.000134982306373	0	7.29634088505e-06	6.56670679654e-05	0.000207945715224	0.00191528948232	0.000394002407792	0.006125278173	0.00220714311773	0.000134982306373	6.93152384079e-05	1.45926817701e-05	0.000572762759476	0.000171464010799	0.0004633176462	0.000167815840356	0.000164167669914	6.20188975229e-05	0
