0.0188276037147	1.51560504848e-05	0.00148150393489	0	2.65230883484e-05	0	0.000204606681545	0.00778263192395	0.00451650304447	0.000458470527165	0.000932097104815	9.472531553e-05	3.7890126212e-06	0	0.0118368754286	3.7890126212e-06	0	0.00181493704556	8.33582776664e-05	0.00170505567954	0	1.8945063106e-05	9.09363029088e-05	0.000822215738801	0.000534250779589	0	0.00128826429121	0.000170505567954	0.00296300786978	0.00583129042403	0.00381553570955	0	3.7890126212e-06	0.000234918782514	0.000697178322301	0.000136404454363	2.27340757272e-05	1.8945063106e-05	0	0	0	3.7890126212e-06	3.7890126212e-06	9.85143281512e-05	0.000204606681545	0	0	0	0	0.000151560504848	0	3.7890126212e-06	3.7890126212e-06	0	0	0	3.7890126212e-05	9.09363029088e-05	1.13670378636e-05	2.27340757272e-05	3.7890126212e-06	1.8945063106e-05	3.7890126212e-05	5.6835189318e-05	0.000136404454363	1.51560504848e-05	0	1.8945063106e-05	3.7890126212e-06	0.000132615441742	0.00015913853009	3.41011135908e-05	0.000466048552408	4.54681514544e-05	0	1.51560504848e-05	0	0.000121248403878	1.8945063106e-05	0.000128826429121	9.85143281512e-05	1.51560504848e-05	6.44132145604e-05	0
1.51560504848e-05	0.0261631321494	0.00629354996381	0	3.7890126212e-06	0	0	5.30461766968e-05	0.00021976273203	0.00580476733568	0.000170505567954	2.27340757272e-05	6.06242019392e-05	0.000193239643681	0.000227340757272	0	0.000227340757272	0.000204606681545	3.7890126212e-06	0.000136404454363	7.19912398028e-05	0.000413002375711	0.00669897431428	0.000488782628135	0.00457712724641	0.000886628953361	0.00489919331921	0.0178500384585	0.000197028656302	2.27340757272e-05	4.16791388332e-05	0	4.54681514544e-05	0	0.000204606681545	3.7890126212e-05	0.011692892949	0.00200438767662	0	1.51560504848e-05	3.7890126212e-06	7.5780252424e-06	1.51560504848e-05	6.44132145604e-05	9.09363029088e-05	3.7890126212e-06	3.41011135908e-05	4.92571640756e-05	0.000287964959211	0.000136404454363	7.5780252424e-06	6.06242019392e-05	0.000151560504848	3.7890126212e-05	0.0001250374165	4.92571640756e-05	5.6835189318e-05	0.000484993615514	0.00015913853009	0.00015913853009	0.000651710170847	0.0016444314776	0.0119391787694	3.7890126212e-05	0.000276597921348	9.472531553e-05	1.13670378636e-05	0	1.8945063106e-05	0.000303121009696	0.00189071729798	0.00128447527859	0.000272808908726	4.92571640756e-05	3.7890126212e-06	3.7890126212e-06	4.54681514544e-05	0.00100408834462	0.00069338930968	0.000496360653377	0.000178083593196	1.13670378636e-05	4.16791388332e-05	4.54681514544e-05
0.00148150393489	0.00629354996381	0.0543003398744	0	0	0	3.03121009696e-05	0.00281144736493	0.0019475524873	0.000416791388332	0.000140193466984	7.5780252424e-05	5.6835189318e-05	1.8945063106e-05	0.00322444974064	3.7890126212e-06	0.000996510319376	0.00786599020161	5.30461766968e-05	0.00133373244266	4.92571640756e-05	0.000939675130058	0.0025916846329	0.0150764812198	0.00184524914652	5.30461766968e-05	0.0106168133646	0.0184562804779	0.00394057312605	0.000231129769893	0.000822215738801	0	0	7.5780252424e-06	0.00106850155918	0.000458470527165	0.00683537876865	0.00869578396566	0	6.82022271816e-05	0	2.65230883484e-05	2.27340757272e-05	6.44132145604e-05	7.95692650452e-05	1.8945063106e-05	0.000109881366015	9.09363029088e-05	0.000117459391257	0.000496360653377	0	0.000136404454363	0.00312214639987	4.16791388332e-05	0.000871472902876	0.000128826429121	6.82022271816e-05	0.0012693192281	0.0020915349669	0.0001250374165	4.92571640756e-05	0.00793798144142	0.00730142732105	5.30461766968e-05	0.000549406830074	0.000511516703862	1.13670378636e-05	1.13670378636e-05	1.8945063106e-05	0.000500149665999	0.00317140356395	0.000807059688316	0.00181114803293	0.000352378173772	1.51560504848e-05	7.5780252424e-06	1.13670378636e-05	0.00119353897568	0.000477415590271	0.000344800148529	0.000200817668924	2.27340757272e-05	5.30461766968e-05	0
0	0	0	0	0	0	0	0	0	0	0	0	0	0	0	0	0	0	0	0	0	0	0	0	0	0	0	0	0	0	0	0	0	0	0	0	0	0	0	0	0	0	0	0	0	0	0	0	0	0	0	0	0	0	0	0	0	0	0	0	0	0	0	0	0	0	0	0	0	0	0	0	0	0	0	0	0	0	0	0	0	0	0	0
2.65230883484e-05	3.7890126212e-06	0	0	0.0134926739441	9.85143281512e-05	0.000390268299984	0.000481204602893	0.000386479287363	0.00184524914652	0.00273945612513	0.000109881366015	0.000973776243649	0	0.000246285820378	0.000413002375711	0	0	4.54681514544e-05	4.54681514544e-05	0.00248559227951	3.7890126212e-06	4.54681514544e-05	3.7890126212e-06	0.00447861291826	0	7.5780252424e-06	0	0.00492950542018	0.000147771492227	7.5780252424e-06	0	1.51560504848e-05	2.65230883484e-05	0.0001250374165	7.95692650452e-05	0	0	0	0.00330780801831	3.7890126212e-06	0.000723701410649	0	0.000299331997075	0.000685811284437	5.30461766968e-05	0	0.00269398797367	0	0.000227340757272	1.8945063106e-05	0	0	0	3.7890126212e-06	0.00349725864937	0	1.13670378636e-05	0	0.00175810185624	0	3.7890126212e-06	0	3.41011135908e-05	0.000276597921348	1.51560504848e-05	0	3.7890126212e-06	3.7890126212e-06	0.000117459391257	3.41011135908e-05	3.41011135908e-05	0.00021976273203	5.30461766968e-05	0.000178083593196	0.000109881366015	0	2.65230883484e-05	0	0.000109881366015	3.7890126212e-05	3.41011135908e-05	3.03121009696e-05	0
0	0	0	0	9.85143281512e-05	0.00431189636293	0.00146255887178	0.00028417594659	0.000765380549483	0.000462259539787	0.000405424350469	9.09363029088e-05	0.000223551744651	3.7890126212e-06	0.000215973719408	0.000920730066952	0	7.5780252424e-06	2.27340757272e-05	4.16791388332e-05	0.000174294580575	0	7.5780252424e-06	0	0.000193239643681	0	1.51560504848e-05	7.5780252424e-06	0.000208395694166	0.000117459391257	7.5780252424e-06	0	0.00155728418731	0	0.000333433110666	0	0	0	0	3.7890126212e-06	0	3.03121009696e-05	3.7890126212e-06	6.06242019392e-05	3.03121009696e-05	0	0	0	0	3.7890126212e-05	3.7890126212e-06	0	0	0	0	0	1.13670378636e-05	7.5780252424e-06	3.7890126212e-06	1.13670378636e-05	0	0	0	2.27340757272e-05	5.30461766968e-05	1.51560504848e-05	0	3.7890126212e-06	0	4.92571640756e-05	0.000306910022317	7.19912398028e-05	0.000617609057256	0.000299331997075	0.00101166636986	0.00261441870863	3.7890126212e-05	1.13670378636e-05	1.51560504848e-05	4.16791388332e-05	2.27340757272e-05	3.7890126212e-06	7.5780252424e-06	0
0.000204606681545	0	3.03121009696e-05	0	0.000390268299984	0.00146255887178	0.0397315863459	0.00961651403261	0.0156562001508	0.00205743385331	0.0207637891642	0.00182630408342	0.00977186355008	8.33582776664e-05	0.00158380727566	0.00187556124749	0	1.13670378636e-05	0.000329644098044	0.000333433110666	0.0055584815153	1.51560504848e-05	7.5780252424e-06	0.000117459391257	0.000750224498998	0	7.95692650452e-05	3.41011135908e-05	0.00306531121055	0.000394057312605	0.000143982479606	0	0.000848738827149	0	0.0012693192281	0.000587296956286	1.13670378636e-05	0	0	0.000208395694166	0	0.000666866221331	6.44132145604e-05	0.00104576748345	0.00123142910189	0.000162927542712	0	0.000477415590271	7.5780252424e-06	0.000731279435892	1.8945063106e-05	0	0	0	0	0.000488782628135	4.16791388332e-05	1.51560504848e-05	1.13670378636e-05	0.00088283994074	7.5780252424e-06	7.5780252424e-06	2.65230883484e-05	6.82022271816e-05	0.000359956199014	3.03121009696e-05	0	1.13670378636e-05	1.13670378636e-05	0.000291753971832	0.000526672754347	0.000178083593196	0.0030198430591	0.000287964959211	0.000803270675695	0.00261062969601	4.16791388332e-05	7.95692650452e-05	1.51560504848e-05	0.000215973719408	0.000132615441742	3.03121009696e-05	6.44132145604e-05	0
0.00778263192395	5.30461766968e-05	0.00281144736493	0	0.000481204602893	0.00028417594659	0.00961651403261	0.0756059578434	0.0157281913906	0.00622534773663	0.025977470531	0.00191345137371	0.000530461766968	4.16791388332e-05	0.0167019676343	0.000447103489302	1.13670378636e-05	0.00158001826304	0.000761591536861	0.00177325790672	0.000215973719408	0.001250374165	0.000234918782514	0.00630112798906	0.0020725899038	1.13670378636e-05	0.00193239643681	0.000428158426196	0.035108990948	0.00774474179773	0.00958241291902	0	9.09363029088e-05	9.09363029088e-05	0.00386479287363	0.00133373244266	0.00015913853009	4.92571640756e-05	0	0.00209532397952	3.7890126212e-06	0.00103818945821	9.472531553e-05	0.00250832635524	0.00431189636293	0.000541828804832	1.51560504848e-05	0.000155349517469	7.19912398028e-05	0.00178841395721	1.8945063106e-05	3.41011135908e-05	1.13670378636e-05	3.7890126212e-06	7.5780252424e-06	0.000310699034938	0.000155349517469	0.000287964959211	0.000106092353394	0.00381932472217	4.16791388332e-05	0.000106092353394	0.000269019896105	0.000428158426196	0.00165200950284	0.000143982479606	7.5780252424e-06	0.000106092353394	5.6835189318e-05	0.00153833912421	0.00193997446205	0.000170505567954	0.00657393689778	0.00171263370478	0.000329644098044	0.00261441870863	1.13670378636e-05	0.000704756347543	0.000151560504848	0.00128447527859	0.000905574016467	0.000246285820378	0.000386479287363	0
0.00451650304447	0.00021976273203	0.0019475524873	0	0.000386479287363	0.000765380549483	0.0156562001508	0.0157281913906	0.0497042675649	0.00274324513775	0.0143376237586	0.0015724402378	0.00384963682314	0.000147771492227	0.0252461910951	0.00117838292519	5.30461766968e-05	0.000803270675695	0.000318277060181	0.000780536599967	0.00258031759504	0.000291753971832	0.000200817668924	0.00278113526396	0.00109881366015	3.7890126212e-06	0.00136783355625	0.000492571640756	0.00686569086962	0.00244391314067	0.00078811462521	0	0.00122764008927	1.51560504848e-05	0.00160275233877	0.000772958574725	0.000303121009696	7.5780252424e-05	0	0.000227340757272	1.13670378636e-05	0.00117459391257	0.000109881366015	0.00180357000769	0.00155349517469	0.000197028656302	8.71472902876e-05	0.000481204602893	1.13670378636e-05	0.00170884469216	0.000117459391257	1.51560504848e-05	7.5780252424e-06	0	1.13670378636e-05	0.00047362657765	0.000428158426196	0.000204606681545	7.5780252424e-05	0.00122764008927	3.7890126212e-06	0.000147771492227	0.000375112249499	0.000534250779589	0.00253484944358	0.000117459391257	0	4.16791388332e-05	6.44132145604e-05	0.00159896332615	0.00288722761736	0.00155728418731	0.00693768210942	0.00129205330383	0.000700967334922	0.00437630957749	9.09363029088e-05	0.000640343132983	0.000303121009696	0.00124279613975	0.000700967334922	0.0001250374165	0.000140193466984	0
0.000458470527165	0.00580476733568	0.000416791388332	0	0.00184524914652	0.000462259539787	0.00205743385331	0.00622534773663	0.00274324513775	0.0473247676388	0.00596011685315	0.000454681514544	0.00238328893874	0.000147771492227	0.00158759628828	0.00210290200477	0.00222036139602	0.000185661618439	0.00021976273203	0.000333433110666	0.00104197847083	0.00106092353394	0.0159858442488	0.000875261915497	0.0221884579098	0.000401635337847	0.00287586057949	0.00427779524934	0.0166678665207	0.00274324513775	0.00137920059412	0	5.30461766968e-05	0.0010722905718	0.000621398069877	0.00336843222025	0.000583507943665	3.41011135908e-05	0	0.00438767661535	8.71472902876e-05	0.000905574016467	0.000515305716483	0.00385721484838	0.0126325680791	0.000212184706787	5.6835189318e-05	0.000901785003846	0.000117459391257	0.00344800148529	0.000162927542712	0.00347452457364	9.472531553e-05	2.65230883484e-05	6.06242019392e-05	0.00162169740187	0.00183767112128	0.0109654025258	0.00305773318531	0.00919593363165	0.000280386933969	0.000276597921348	0.00135267750577	0.00419064795905	0.00322444974064	0.00274324513775	1.13670378636e-05	0.000272808908726	0.000413002375711	0.00316761455132	0.00280386933969	0.000810848700937	0.00160654135139	0.000382690274741	0.00123900712713	0.000807059688316	7.5780252424e-06	0.00262578574649	0.000269019896105	0.0028948056426	0.00197028656302	0.000860105865013	0.00131857639218	0
0.000932097104815	0.000170505567954	0.000140193466984	0	0.00273945612513	0.000405424350469	0.0207637891642	0.025977470531	0.0143376237586	0.00596011685315	0.0708810591048	0.00709303162689	0.00789630230258	0.000197028656302	0.00733552843465	0.000481204602893	7.5780252424e-06	8.71472902876e-05	0.00303121009696	0.00325097282899	0.0083812959181	9.09363029088e-05	7.5780252424e-06	0.000306910022317	0.00145498084654	3.03121009696e-05	0.000651710170847	0.000333433110666	0.0125605768393	0.00551680237647	0.000306910022317	0	0.000507727691241	0	0.00659288196089	0.000727490423271	0.000170505567954	1.13670378636e-05	0	0.00460365033476	0	0.00101166636986	0.000102303340772	0.00168232160381	0.00439525464059	0.000272808908726	7.5780252424e-06	0.000738857461134	6.82022271816e-05	0.00118217193781	2.27340757272e-05	0	1.13670378636e-05	0	1.8945063106e-05	0.0016444314776	2.65230883484e-05	1.13670378636e-05	3.41011135908e-05	0.00588812561335	3.7890126212e-05	2.27340757272e-05	0.000215973719408	0.00031448804756	0.000591085968907	4.54681514544e-05	0	3.41011135908e-05	2.65230883484e-05	0.000477415590271	0.00151181603586	0.000519094729105	0.011113174018	0.00177325790672	0.000363745211635	0.00227340757272	1.13670378636e-05	0.000200817668924	6.06242019392e-05	0.000428158426196	0.000238707795136	0.00028417594659	6.82022271816e-05	0
9.472531553e-05	2.27340757272e-05	7.5780252424e-05	0	0.000109881366015	9.09363029088e-05	0.00182630408342	0.00191345137371	0.0015724402378	0.000454681514544	0.00709303162689	0.0387161309634	0.00283418144066	0.00330022999307	0.00305015516007	3.41011135908e-05	0.000128826429121	0.00175810185624	0.0110184487025	0.0124810075742	0.00369807631829	0.000450892501923	3.41011135908e-05	0.000371323236878	0.000178083593196	0.000341011135908	0.00550164632598	0.00207637891642	0.000826004751422	0.00752497906571	0.000242496807757	6.06242019392e-05	0.000208395694166	0	0.0140117686732	0.000132615441742	0.000117459391257	1.51560504848e-05	0	0.000143982479606	3.7890126212e-06	0.00111396971063	0.000106092353394	0.000913152041709	0.000261441870863	0.000178083593196	3.7890126212e-06	0.000848738827149	0.000443314476681	0.000682022271816	2.27340757272e-05	7.5780252424e-06	3.7890126212e-06	3.7890126212e-06	1.13670378636e-05	0.000704756347543	2.65230883484e-05	1.51560504848e-05	1.8945063106e-05	0.000397846325226	0.000337222123287	0.000215973719408	0.000371323236878	5.30461766968e-05	0.000431947438817	3.7890126212e-06	2.27340757272e-05	3.7890126212e-06	0	0.000250074832999	0.00387994892411	0.00497118455902	0.0244808105456	0.00183009309604	8.33582776664e-05	0.000541828804832	0.000860105865013	5.30461766968e-05	0.00025386384562	0.000250074832999	0.000143982479606	1.8945063106e-05	9.09363029088e-05	0
3.7890126212e-06	6.06242019392e-05	5.6835189318e-05	0	0.000973776243649	0.000223551744651	0.00977186355008	0.000530461766968	0.00384963682314	0.00238328893874	0.00789630230258	0.00283418144066	0.0267845302193	3.41011135908e-05	0.00125416317762	0.00262957475911	3.7890126212e-06	1.13670378636e-05	0.000738857461134	0.000879050928119	0.014303522645	0.000143982479606	1.8945063106e-05	0.000238707795136	0.00233403177466	3.7890126212e-06	0.000325855085423	0.000174294580575	0.00108365760966	0.000405424350469	3.7890126212e-06	7.5780252424e-06	0.000227340757272	1.13670378636e-05	0.00145119183392	7.5780252424e-06	6.82022271816e-05	2.27340757272e-05	0	0.000295542984454	3.7890126212e-06	0.000431947438817	7.5780252424e-06	0.000174294580575	0.00037890126212	3.7890126212e-05	2.65230883484e-05	0.000742646473755	7.5780252424e-06	0.000185661618439	1.51560504848e-05	0	0	3.7890126212e-06	3.7890126212e-06	0.000178083593196	3.7890126212e-06	3.7890126212e-06	1.13670378636e-05	0.000390268299984	7.5780252424e-06	1.13670378636e-05	6.44132145604e-05	2.27340757272e-05	0.000242496807757	2.65230883484e-05	0	1.8945063106e-05	0	0.000155349517469	0.000981354268891	0.000682022271816	0.00367155322994	0.000200817668924	0.000731279435892	0.000848738827149	0	5.6835189318e-05	3.03121009696e-05	7.5780252424e-05	3.7890126212e-05	7.95692650452e-05	0	0
0	0.000193239643681	1.8945063106e-05	0	0	3.7890126212e-06	8.33582776664e-05	4.16791388332e-05	0.000147771492227	0.000147771492227	0.000197028656302	0.00330022999307	3.41011135908e-05	0.01383368508	0.000162927542712	7.5780252424e-06	0	1.51560504848e-05	0.000276597921348	0.000155349517469	8.71472902876e-05	0	0.000136404454363	0	0.000106092353394	0.00367534224257	0.00164064246498	0.000962409205785	2.65230883484e-05	8.33582776664e-05	0	1.51560504848e-05	2.65230883484e-05	0	0.000829793764043	3.7890126212e-06	0.000132615441742	0	0	1.51560504848e-05	0	0.000128826429121	0	9.472531553e-05	2.65230883484e-05	3.7890126212e-06	0.000367534224257	4.92571640756e-05	0.00422096006002	6.82022271816e-05	0	3.7890126212e-06	0	4.16791388332e-05	2.65230883484e-05	4.54681514544e-05	0	1.8945063106e-05	3.7890126212e-06	3.41011135908e-05	0.00230371967369	0.000200817668924	0.000901785003846	3.7890126212e-06	4.16791388332e-05	0	5.30461766968e-05	0	0	3.41011135908e-05	0.000261441870863	0.00312593541249	0.0013223654048	0.000102303340772	0	0.000140193466984	0.00177704691934	3.7890126212e-05	0.0013943566446	0.000121248403878	7.5780252424e-06	0	1.13670378636e-05	0.000246285820378
0.0118368754286	0.000227340757272	0.00322444974064	0	0.000246285820378	0.000215973719408	0.00158380727566	0.0167019676343	0.0252461910951	0.00158759628828	0.00733552843465	0.00305015516007	0.00125416317762	0.000162927542712	0.0457295933253	7.95692650452e-05	5.30461766968e-05	0.0018225150708	0.000545617817453	0.00197028656302	0.00152697208634	0.000280386933969	0.000200817668924	0.00310320133676	0.000791903637831	7.5780252424e-06	0.00242117906495	0.000647921158225	0.00630491700168	0.00621776971139	0.0024666472164	0	0.000932097104815	2.65230883484e-05	0.00302363207172	0.000363745211635	0.000287964959211	0.000102303340772	0	0.000113670378636	7.5780252424e-06	0.000515305716483	8.33582776664e-05	0.000920730066952	0.000920730066952	9.472531553e-05	4.54681514544e-05	0.000121248403878	3.7890126212e-06	0.000920730066952	6.06242019392e-05	1.13670378636e-05	1.13670378636e-05	0	1.13670378636e-05	0.000174294580575	0.000405424350469	0.000200817668924	6.44132145604e-05	0.000541828804832	0	0.000147771492227	0.000337222123287	0.000477415590271	0.00159896332615	6.06242019392e-05	0	3.03121009696e-05	3.03121009696e-05	0.000958620193164	0.00262957475911	0.001250374165	0.0058805475881	0.000666866221331	0.000250074832999	0.000969987231027	1.51560504848e-05	0.000428158426196	0.000227340757272	0.000780536599967	0.000447103489302	7.19912398028e-05	9.472531553e-05	0
3.7890126212e-06	0	3.7890126212e-06	0	0.000413002375711	0.000920730066952	0.00187556124749	0.000447103489302	0.00117838292519	0.00210290200477	0.000481204602893	3.41011135908e-05	0.00262957475911	7.5780252424e-06	7.95692650452e-05	0.00562289472986	0	0	3.7890126212e-06	3.7890126212e-06	0.000488782628135	3.7890126212e-06	1.51560504848e-05	7.5780252424e-06	0.00148150393489	3.7890126212e-06	3.7890126212e-06	0	0.000704756347543	0.000102303340772	0	0	5.6835189318e-05	2.27340757272e-05	6.44132145604e-05	0	3.7890126212e-06	0	0	2.27340757272e-05	0	0	0	3.7890126212e-06	6.82022271816e-05	0	0	3.7890126212e-06	3.7890126212e-06	3.7890126212e-06	3.7890126212e-06	0	0	0	0	0	2.27340757272e-05	7.5780252424e-06	3.7890126212e-06	4.16791388332e-05	3.7890126212e-06	0	0	2.27340757272e-05	1.8945063106e-05	1.13670378636e-05	0	0	0	1.51560504848e-05	9.472531553e-05	1.8945063106e-05	0.000121248403878	4.54681514544e-05	0.00204985582807	0.000610031032013	0	1.13670378636e-05	3.7890126212e-06	3.7890126212e-06	3.7890126212e-06	1.13670378636e-05	0	0
0	0.000227340757272	0.000996510319376	0	0	0	0	1.13670378636e-05	5.30461766968e-05	0.00222036139602	7.5780252424e-06	0.000128826429121	3.7890126212e-06	0	5.30461766968e-05	0	0.0253636504863	2.27340757272e-05	0.000102303340772	0.000155349517469	7.5780252424e-06	0.00434599747652	0.0129394781014	0.00454681514544	0.00797208255501	1.13670378636e-05	0.000227340757272	0.00603589710557	0.00819184528704	1.8945063106e-05	3.41011135908e-05	0	0	0	0.000121248403878	7.5780252424e-06	1.8945063106e-05	4.16791388332e-05	0	0	1.13670378636e-05	0	0	1.13670378636e-05	2.65230883484e-05	0	3.7890126212e-06	0	1.13670378636e-05	1.13670378636e-05	1.13670378636e-05	0.00330780801831	1.51560504848e-05	0	3.7890126212e-06	0	0.00131857639218	0.00627839391333	0.00520231432891	2.27340757272e-05	1.13670378636e-05	2.27340757272e-05	0.00212184706787	3.03121009696e-05	7.5780252424e-06	0	0	0	0	1.13670378636e-05	0.00330401900569	0.00186419420963	0.000466048552408	0.000132615441742	7.5780252424e-06	1.13670378636e-05	3.7890126212e-06	0.000295542984454	4.16791388332e-05	1.51560504848e-05	1.51560504848e-05	1.13670378636e-05	3.7890126212e-06	0
0.00181493704556	0.000204606681545	0.00786599020161	0	0	7.5780252424e-06	1.13670378636e-05	0.00158001826304	0.000803270675695	0.000185661618439	8.71472902876e-05	0.00175810185624	1.13670378636e-05	1.51560504848e-05	0.0018225150708	0	2.27340757272e-05	0.0333357330413	0.000466048552408	0.0115602775073	1.51560504848e-05	0.00233782078728	0.000117459391257	0.00987037787823	9.472531553e-05	0	0.00702482939971	0.00451271403185	0.00228477461058	0.00285691551639	0.00616093452207	0	1.13670378636e-05	8.71472902876e-05	0.00842297505693	2.65230883484e-05	0.00145876985916	0.000136404454363	0	3.7890126212e-06	0	3.7890126212e-06	0	7.19912398028e-05	8.33582776664e-05	3.7890126212e-06	3.03121009696e-05	1.13670378636e-05	4.54681514544e-05	4.92571640756e-05	0	1.13670378636e-05	0.000394057312605	3.7890126212e-05	0.00105713452132	1.13670378636e-05	1.51560504848e-05	4.92571640756e-05	9.472531553e-05	1.51560504848e-05	3.7890126212e-05	0.00307667824842	0.00143982479606	1.13670378636e-05	0.000143982479606	9.472531553e-05	1.13670378636e-05	7.5780252424e-06	0	0.000143982479606	0.000712334372786	0.000818426726179	0.00385721484838	0.000594874981529	3.7890126212e-06	0.000109881366015	1.13670378636e-05	0.000193239643681	0.000132615441742	0.000174294580575	0.000121248403878	3.7890126212e-06	4.92571640756e-05	0
8.33582776664e-05	3.7890126212e-06	5.30461766968e-05	0	4.54681514544e-05	2.27340757272e-05	0.000329644098044	0.000761591536861	0.000318277060181	0.00021976273203	0.00303121009696	0.0110184487025	0.000738857461134	0.000276597921348	0.000545617817453	3.7890126212e-06	0.000102303340772	0.000466048552408	0.0146331667431	0.00800239465598	0.00123521811451	0.000193239643681	1.51560504848e-05	0.000170505567954	7.95692650452e-05	3.7890126212e-05	0.00139056763198	0.000102303340772	0.000303121009696	0.00342526740957	8.71472902876e-05	7.5780252424e-06	4.92571640756e-05	0	0.00409592264352	5.30461766968e-05	1.8945063106e-05	1.13670378636e-05	0	8.33582776664e-05	0	0.000322066072802	6.06242019392e-05	0.000303121009696	0.000151560504848	9.85143281512e-05	0	0.000496360653377	5.30461766968e-05	0.000246285820378	7.5780252424e-06	3.7890126212e-06	3.7890126212e-06	0	3.7890126212e-06	0.000458470527165	0	3.7890126212e-06	1.13670378636e-05	0.000223551744651	1.51560504848e-05	3.41011135908e-05	3.7890126212e-05	1.51560504848e-05	0.000151560504848	0	0	0	0	7.95692650452e-05	0.00232645374942	0.00257652858242	0.00762728240648	0.000439525464059	0	9.472531553e-05	1.51560504848e-05	1.8945063106e-05	4.16791388332e-05	8.71472902876e-05	4.92571640756e-05	3.7890126212e-06	5.30461766968e-05	0
0.00170505567954	0.000136404454363	0.00133373244266	0	4.54681514544e-05	4.16791388332e-05	0.000333433110666	0.00177325790672	0.000780536599967	0.000333433110666	0.00325097282899	0.0124810075742	0.000879050928119	0.000155349517469	0.00197028656302	3.7890126212e-06	0.000155349517469	0.0115602775073	0.00800239465598	0.0313578684531	0.00143224677081	0.00128447527859	0.000117459391257	0.00168611061643	0.000223551744651	1.13670378636e-05	0.0109767695636	0.00422474907264	0.00135267750577	0.00574035412112	0.00241739005233	1.13670378636e-05	6.82022271816e-05	1.13670378636e-05	0.0119922249461	8.33582776664e-05	0.000647921158225	3.41011135908e-05	0	8.71472902876e-05	0	0.000390268299984	6.06242019392e-05	0.000386479287363	0.000174294580575	0.000102303340772	1.13670378636e-05	0.000488782628135	7.19912398028e-05	0.000306910022317	7.5780252424e-06	7.5780252424e-06	5.6835189318e-05	3.7890126212e-05	0.000541828804832	0.000439525464059	3.7890126212e-06	1.8945063106e-05	3.41011135908e-05	0.000246285820378	0.000265230883484	0.00109123563491	0.000682022271816	1.13670378636e-05	0.000178083593196	1.51560504848e-05	0	3.7890126212e-06	0	0.000106092353394	0.0034669465484	0.0032888629552	0.0128788538995	0.00113291477374	0	0.000280386933969	3.7890126212e-05	0.000128826429121	0.000106092353394	0.000102303340772	7.95692650452e-05	1.13670378636e-05	2.27340757272e-05	0
0	7.19912398028e-05	4.92571640756e-05	0	0.00248559227951	0.000174294580575	0.0055584815153	0.000215973719408	0.00258031759504	0.00104197847083	0.0083812959181	0.00369807631829	0.014303522645	8.71472902876e-05	0.00152697208634	0.000488782628135	7.5780252424e-06	1.51560504848e-05	0.00123521811451	0.00143224677081	0.0218739698622	0.000181872605818	3.7890126212e-06	0.000318277060181	0.00127310824072	0	0.000450892501923	0.000265230883484	0.0014474028213	0.000727490423271	3.7890126212e-06	7.5780252424e-06	0.000295542984454	0	0.0016444314776	3.7890126212e-06	7.95692650452e-05	3.03121009696e-05	0	0.000780536599967	1.51560504848e-05	5.6835189318e-05	3.7890126212e-05	4.92571640756e-05	0.000697178322301	3.7890126212e-06	0	0.000208395694166	0	5.6835189318e-05	1.51560504848e-05	0	0	0	0	0.000511516703862	3.7890126212e-06	0	7.5780252424e-06	0.000879050928119	0	1.51560504848e-05	7.95692650452e-05	7.19912398028e-05	0.00018945063106	3.03121009696e-05	0	3.7890126212e-05	0	0.000113670378636	0.00118974996306	0.00075780252424	0.00456954922117	0.000143982479606	0.00018945063106	0.000674444246574	0	3.41011135908e-05	2.27340757272e-05	7.19912398028e-05	3.7890126212e-05	3.41011135908e-05	7.5780252424e-06	0
1.8945063106e-05	0.000413002375711	0.000939675130058	0	3.7890126212e-06	0	1.51560504848e-05	0.001250374165	0.000291753971832	0.00106092353394	9.09363029088e-05	0.000450892501923	0.000143982479606	0	0.000280386933969	3.7890126212e-06	0.00434599747652	0.00233782078728	0.000193239643681	0.00128447527859	0.000181872605818	0.0406144262867	0.00228477461058	0.0219535391272	0.00115943786209	0	0.00088283994074	0.00144361380868	0.0131289287325	0.000257652858242	0.0130607265053	0	7.5780252424e-06	3.7890126212e-06	0.00440283266584	7.5780252424e-06	0.000803270675695	0.000560773867938	0	7.5780252424e-06	1.8945063106e-05	7.5780252424e-06	1.51560504848e-05	4.92571640756e-05	9.85143281512e-05	3.7890126212e-06	7.19912398028e-05	3.7890126212e-06	0.0001250374165	2.65230883484e-05	1.8945063106e-05	0.00130342034169	6.44132145604e-05	2.27340757272e-05	7.5780252424e-05	7.5780252424e-06	0.000435736451438	0.00233024276204	0.00266746488533	3.41011135908e-05	0.000128826429121	0.000295542984454	0.00105713452132	4.54681514544e-05	6.44132145604e-05	2.27340757272e-05	2.65230883484e-05	3.7890126212e-06	0	6.06242019392e-05	0.00578203325995	0.00320550467754	0.00447482390564	0.000719912398028	1.13670378636e-05	6.06242019392e-05	1.13670378636e-05	0.000651710170847	0.000238707795136	0.000280386933969	0.000306910022317	4.54681514544e-05	3.7890126212e-05	4.54681514544e-05
9.09363029088e-05	0.00669897431428	0.0025916846329	0	4.54681514544e-05	7.5780252424e-06	7.5780252424e-06	0.000234918782514	0.000200817668924	0.0159858442488	7.5780252424e-06	3.41011135908e-05	1.8945063106e-05	0.000136404454363	0.000200817668924	1.51560504848e-05	0.0129394781014	0.000117459391257	1.51560504848e-05	0.000117459391257	3.7890126212e-06	0.00228477461058	0.0473096115883	0.00757423622978	0.0171907502624	0.000507727691241	0.00283039242804	0.0139397774334	0.0101507648122	0.000450892501923	0.000837371789285	0	3.7890126212e-06	0.00018945063106	7.95692650452e-05	6.06242019392e-05	0.000844949814528	0.000879050928119	0	0	2.27340757272e-05	0	1.8945063106e-05	7.19912398028e-05	0.000132615441742	0	3.7890126212e-06	0	0.000102303340772	6.06242019392e-05	2.27340757272e-05	0.00607757624441	0.000113670378636	1.51560504848e-05	5.30461766968e-05	0	0.00506969888717	0.0239996059427	0.0145232853771	0.00190208433584	0.000322066072802	0.000269019896105	0.00785462316375	0.00371323236878	0.000227340757272	0.000602453006771	7.5780252424e-06	1.13670378636e-05	0.000109881366015	0.000200817668924	0.00164822049022	0.000833582776664	0.000113670378636	1.8945063106e-05	1.51560504848e-05	7.5780252424e-06	0	0.000632765107741	8.71472902876e-05	0.000155349517469	7.19912398028e-05	3.03121009696e-05	4.16791388332e-05	0
0.000822215738801	0.000488782628135	0.0150764812198	0	3.7890126212e-06	0	0.000117459391257	0.00630112798906	0.00278113526396	0.000875261915497	0.000306910022317	0.000371323236878	0.000238707795136	0	0.00310320133676	7.5780252424e-06	0.00454681514544	0.00987037787823	0.000170505567954	0.00168611061643	0.000318277060181	0.0219535391272	0.00757423622978	0.0726846291125	0.00157622925042	0	0.00290617268046	0.00967334922193	0.0115602775073	0.000382690274741	0.00716123385407	0	7.5780252424e-06	3.7890126212e-06	0.00383069176003	9.85143281512e-05	0.000610031032013	0.00616472353469	0	3.41011135908e-05	7.5780252424e-06	1.51560504848e-05	1.8945063106e-05	0.000128826429121	0.00021976273203	3.7890126212e-06	0.000170505567954	2.65230883484e-05	0.000204606681545	0.00015913853009	7.5780252424e-06	0.00208774595428	0.00144361380868	9.472531553e-05	0.000352378173772	5.30461766968e-05	0.000435736451438	0.00718017891718	0.0122195657034	0.000109881366015	9.472531553e-05	0.00171263370478	0.00340253333384	0.0001250374165	0.000280386933969	0.000136404454363	4.54681514544e-05	7.5780252424e-06	7.5780252424e-06	0.00034858916115	0.0128750648868	0.00534629680851	0.0044141997037	0.000958620193164	7.5780252424e-06	0.000151560504848	3.7890126212e-06	0.00173915679313	0.000519094729105	0.000507727691241	0.000488782628135	7.19912398028e-05	0.000109881366015	3.7890126212e-05
0.000534250779589	0.00457712724641	0.00184524914652	0	0.00447861291826	0.000193239643681	0.000750224498998	0.0020725899038	0.00109881366015	0.0221884579098	0.00145498084654	0.000178083593196	0.00233403177466	0.000106092353394	0.000791903637831	0.00148150393489	0.00797208255501	9.472531553e-05	7.95692650452e-05	0.000223551744651	0.00127310824072	0.00115943786209	0.0171907502624	0.00157622925042	0.0493746234669	0.000318277060181	0.00262199673387	0.00646026651915	0.0250529514514	0.00248938129213	0.000727490423271	0	2.65230883484e-05	0.000905574016467	0.000500149665999	0.000943464142679	0.00050393867862	6.06242019392e-05	0	0.000242496807757	3.7890126212e-05	0.00122385107665	0.000257652858242	0.000890417965982	0.00217868225719	0.000128826429121	3.41011135908e-05	0.00015913853009	5.30461766968e-05	0.000731279435892	9.472531553e-05	0.00211048003001	1.51560504848e-05	2.27340757272e-05	3.41011135908e-05	9.472531553e-05	0.0026977769863	0.00893828077341	0.00303499910958	0.00306152219793	0.00021976273203	0.000166716555333	0.000784325612589	0.00247043622902	0.000818426726179	0.00185282717177	7.5780252424e-06	7.5780252424e-06	0.000223551744651	0.000625187082498	0.00407318856779	0.0018225150708	0.00078811462521	0.000212184706787	0.000515305716483	0.00034858916115	7.5780252424e-06	0.00112912576112	0.000147771492227	0.000628976095119	0.000140193466984	0.000212184706787	9.472531553e-05	0
0	0.000886628953361	5.30461766968e-05	0	0	0	0	1.13670378636e-05	3.7890126212e-06	0.000401635337847	3.03121009696e-05	0.000341011135908	3.7890126212e-06	0.00367534224257	7.5780252424e-06	3.7890126212e-06	1.13670378636e-05	0	3.7890126212e-05	1.13670378636e-05	0	0	0.000507727691241	0	0.000318277060181	0.00724459213174	0.000924519079573	0.00121627305141	0	4.54681514544e-05	0	0	0	0	9.85143281512e-05	0	0.000431947438817	0	0	0	0	3.7890126212e-06	0	3.7890126212e-06	0	0	0.00025386384562	3.7890126212e-06	0.00190208433584	3.7890126212e-06	0	0	0	9.85143281512e-05	8.33582776664e-05	3.7890126212e-06	3.7890126212e-06	0	0	0	0.00195891952516	0.00021976273203	0.000769169562104	3.7890126212e-06	0	3.7890126212e-06	2.65230883484e-05	0	0	4.54681514544e-05	3.41011135908e-05	0.000488782628135	0.000204606681545	3.7890126212e-06	0	3.7890126212e-06	0.0011253367485	0	0.000553195842695	7.5780252424e-05	3.7890126212e-06	0	0	0.000291753971832
0.00128826429121	0.00489919331921	0.0106168133646	0	7.5780252424e-06	1.51560504848e-05	7.95692650452e-05	0.00193239643681	0.00136783355625	0.00287586057949	0.000651710170847	0.00550164632598	0.000325855085423	0.00164064246498	0.00242117906495	3.7890126212e-06	0.000227340757272	0.00702482939971	0.00139056763198	0.0109767695636	0.000450892501923	0.00088283994074	0.00283039242804	0.00290617268046	0.00262199673387	0.000924519079573	0.0714342549475	0.0307137363075	0.00209911299215	0.0010192443951	0.0010722905718	0.0001250374165	3.41011135908e-05	4.92571640756e-05	0.00355030482607	3.7890126212e-05	0.0140079796606	0.000181872605818	0	3.7890126212e-05	7.5780252424e-06	7.5780252424e-05	7.5780252424e-06	0.000140193466984	0.000280386933969	3.03121009696e-05	0.000143982479606	0.000147771492227	0.00223172843389	0.000174294580575	1.8945063106e-05	2.65230883484e-05	0.000420580400953	0.00056835189318	0.00192860742419	0.000117459391257	0.000102303340772	0.000117459391257	0.000265230883484	0.000128826429121	0.0077561088356	0.0127272933946	0.0181721045313	2.27340757272e-05	0.00047362657765	0.000197028656302	0.000174294580575	7.5780252424e-06	3.7890126212e-06	0.000587296956286	0.00685432383175	0.00584265746189	0.00633522910265	0.000704756347543	8.33582776664e-05	8.71472902876e-05	4.16791388332e-05	0.00102303340772	0.001000299332	0.000765380549483	0.000477415590271	2.27340757272e-05	0.000166716555333	0.000128826429121
0.000170505567954	0.0178500384585	0.0184562804779	0	0	7.5780252424e-06	3.41011135908e-05	0.000428158426196	0.000492571640756	0.00427779524934	0.000333433110666	0.00207637891642	0.000174294580575	0.000962409205785	0.000647921158225	0	0.00603589710557	0.00451271403185	0.000102303340772	0.00422474907264	0.000265230883484	0.00144361380868	0.0139397774334	0.00967334922193	0.00646026651915	0.00121627305141	0.0307137363075	0.0921412089224	0.00224688448437	0.000197028656302	0.000325855085423	7.5780252424e-06	1.51560504848e-05	1.51560504848e-05	0.00307288923579	1.51560504848e-05	0.0177325790672	0.00178083593196	0	2.27340757272e-05	0	4.92571640756e-05	1.13670378636e-05	0.000106092353394	0.000136404454363	1.8945063106e-05	0.000359956199014	8.33582776664e-05	0.00252727141834	0.000117459391257	0	0.000121248403878	0.00050393867862	0.000469837565029	0.000833582776664	4.92571640756e-05	0.000356167186393	0.00484993615514	0.00262578574649	0.000269019896105	0.00758560326764	0.00931718203553	0.0264359410581	0.000223551744651	0.00028417594659	0.000162927542712	0.00025386384562	3.7890126212e-06	1.13670378636e-05	0.000424369413575	0.0125757328898	0.00321308270278	0.00608894328227	0.00103061143297	2.65230883484e-05	7.19912398028e-05	4.54681514544e-05	0.00204985582807	0.00145876985916	0.000886628953361	0.000610031032013	1.51560504848e-05	5.30461766968e-05	0.000143982479606
0.00296300786978	0.000197028656302	0.00394057312605	0	0.00492950542018	0.000208395694166	0.00306531121055	0.035108990948	0.00686569086962	0.0166678665207	0.0125605768393	0.000826004751422	0.00108365760966	2.65230883484e-05	0.00630491700168	0.000704756347543	0.00819184528704	0.00228477461058	0.000303121009696	0.00135267750577	0.0014474028213	0.0131289287325	0.0101507648122	0.0115602775073	0.0250529514514	0	0.00209911299215	0.00224688448437	0.101689520728	0.00626323786285	0.0163799015615	0	9.85143281512e-05	0.000875261915497	0.00361850705325	0.000860105865013	0.000310699034938	7.95692650452e-05	0	0.00380037965906	2.27340757272e-05	0.00175431284362	0.000329644098044	0.00167095456595	0.0058085563483	0.000723701410649	3.7890126212e-05	0.000447103489302	1.8945063106e-05	0.000791903637831	6.82022271816e-05	0.0028417594659	5.6835189318e-05	7.5780252424e-06	4.16791388332e-05	0.000413002375711	0.00474384380174	0.0113139916869	0.00451650304447	0.00789630230258	3.41011135908e-05	0.00021976273203	0.000507727691241	0.00422474907264	0.00109881366015	0.00187556124749	7.5780252424e-06	3.03121009696e-05	0.000227340757272	0.000985143281512	0.00833961677926	0.0026447308096	0.0068278007434	0.00165200950284	0.000257652858242	0.00203469977758	2.27340757272e-05	0.00155728418731	0.000174294580575	0.00101545538248	0.000439525464059	0.000416791388332	0.000223551744651	0
0.00583129042403	2.27340757272e-05	0.000231129769893	0	0.000147771492227	0.000117459391257	0.000394057312605	0.00774474179773	0.00244391314067	0.00274324513775	0.00551680237647	0.00752497906571	0.000405424350469	8.33582776664e-05	0.00621776971139	0.000102303340772	1.8945063106e-05	0.00285691551639	0.00342526740957	0.00574035412112	0.000727490423271	0.000257652858242	0.000450892501923	0.000382690274741	0.00248938129213	4.54681514544e-05	0.0010192443951	0.000197028656302	0.00626323786285	0.0358705824849	0.00959377995688	0	0.000215973719408	0.00519852531629	0.0111245410558	0.00110639168539	4.92571640756e-05	3.7890126212e-06	0	5.30461766968e-05	0	0.000916941054331	9.85143281512e-05	0.00135267750577	0.00115564884947	6.82022271816e-05	0	0.000375112249499	0.000113670378636	0.00152697208634	3.7890126212e-06	3.03121009696e-05	0	0	0	0.000280386933969	0.000647921158225	0.000450892501923	0.000193239643681	0.000303121009696	7.5780252424e-05	5.6835189318e-05	0.000132615441742	0.000685811284437	0.000780536599967	5.30461766968e-05	3.7890126212e-06	7.5780252424e-05	7.5780252424e-05	0.000723701410649	0.00112912576112	0.00040921336309	0.0112685235355	0.00179220296983	3.03121009696e-05	0.000932097104815	1.51560504848e-05	0.000231129769893	6.06242019392e-05	0.00088283994074	0.000564562880559	8.33582776664e-05	0.000450892501923	0
0.00381553570955	4.16791388332e-05	0.000822215738801	0	7.5780252424e-06	7.5780252424e-06	0.000143982479606	0.00958241291902	0.00078811462521	0.00137920059412	0.000306910022317	0.000242496807757	3.7890126212e-06	0	0.0024666472164	0	3.41011135908e-05	0.00616093452207	8.71472902876e-05	0.00241739005233	3.7890126212e-06	0.0130607265053	0.000837371789285	0.00716123385407	0.000727490423271	0	0.0010722905718	0.000325855085423	0.0163799015615	0.00959377995688	0.0475748424718	0	0	0.00115564884947	0.00668760727642	5.6835189318e-05	0.000121248403878	1.51560504848e-05	0	0	0	3.7890126212e-06	7.5780252424e-06	0.000128826429121	0.000204606681545	0	7.5780252424e-06	0	0	8.71472902876e-05	3.7890126212e-06	0.00034858916115	4.16791388332e-05	0	2.65230883484e-05	0	0.000958620193164	0.000875261915497	0.000613820044635	0.000121248403878	7.5780252424e-06	0.000109881366015	0.000215973719408	0.000879050928119	0.00031448804756	0.000106092353394	0	2.65230883484e-05	1.8945063106e-05	0.000341011135908	0.000708545360165	0.000583507943665	0.00247043622902	0.000303121009696	0	9.09363029088e-05	3.7890126212e-06	0.000488782628135	2.65230883484e-05	0.000447103489302	0.000212184706787	6.82022271816e-05	0.000109881366015	0
0	0	0	0	0	0	0	0	0	0	0	6.06242019392e-05	7.5780252424e-06	1.51560504848e-05	0	0	0	0	7.5780252424e-06	1.13670378636e-05	7.5780252424e-06	0	0	0	0	0	0.0001250374165	7.5780252424e-06	0	0	0	0.00015913853009	0	0	0	0	0	0	0	0	0	0	0	0	0	0	0	0	3.7890126212e-06	0	0	0	0	0	0	0	0	0	0	0	1.51560504848e-05	0	1.13670378636e-05	0	0	0	0	0	0	0	0	1.51560504848e-05	1.8945063106e-05	0	0	0	0	0	3.7890126212e-06	0	0	0	0	0
3.7890126212e-06	4.54681514544e-05	0	0	1.51560504848e-05	0.00155728418731	0.000848738827149	9.09363029088e-05	0.00122764008927	5.30461766968e-05	0.000507727691241	0.000208395694166	0.000227340757272	2.65230883484e-05	0.000932097104815	5.6835189318e-05	0	1.13670378636e-05	4.92571640756e-05	6.82022271816e-05	0.000295542984454	7.5780252424e-06	3.7890126212e-06	7.5780252424e-06	2.65230883484e-05	0	3.41011135908e-05	1.51560504848e-05	9.85143281512e-05	0.000215973719408	0	0	0.00323960579113	0	0.000310699034938	0	4.16791388332e-05	0	0	0	0	6.06242019392e-05	0	8.33582776664e-05	2.27340757272e-05	0	7.5780252424e-06	0	0	5.6835189318e-05	0	0	0	0	0	0	7.5780252424e-06	3.7890126212e-06	0	7.5780252424e-06	0	0	4.16791388332e-05	1.13670378636e-05	8.33582776664e-05	3.7890126212e-06	0	0	0	8.33582776664e-05	0.00028417594659	0.000117459391257	0.000712334372786	0.000200817668924	7.19912398028e-05	0.00129205330383	1.8945063106e-05	1.13670378636e-05	3.41011135908e-05	6.44132145604e-05	4.16791388332e-05	7.5780252424e-06	0	0
