0.00830031717871	0	2.23627764132e-05	0	5.59069410331e-05	0	6.70883292397e-05	0.00259035493453	0.00069324606881	0.000361531552014	0.000424892751851	4.84526822287e-05	4.09984234243e-05	7.45425880441e-06	0.00218409782969	1.8635647011e-05	3.72712940221e-05	5.59069410331e-05	0	2.60899058154e-05	4.84526822287e-05	7.45425880441e-05	2.98170352176e-05	9.69053644573e-05	0.000499435339896	3.72712940221e-06	2.98170352176e-05	3.72712940221e-05	0.000920600962345	0.00600440546695	0.00214682653567	0	1.49085176088e-05	0.000342895905003	0.00057397792794	2.98170352176e-05	0	0	0	3.72712940221e-06	0	0	5.59069410331e-05	1.49085176088e-05	7.45425880441e-05	3.72712940221e-06	0	3.72712940221e-06	3.72712940221e-06	3.72712940221e-05	0	3.72712940221e-05	3.72712940221e-06	0	3.72712940221e-06	1.49085176088e-05	6.33611998375e-05	4.47255528265e-05	0.000108086752664	7.08154586419e-05	0	3.72712940221e-06	3.72712940221e-06	9.31782350551e-05	6.33611998375e-05	6.70883292397e-05	0	7.45425880441e-06	2.23627764132e-05	7.45425880441e-05	0.000380167199025	4.47255528265e-05	0.000469618304678	0.000223627764132	5.21798116309e-05	1.11813882066e-05	0	4.09984234243e-05	7.45425880441e-06	4.09984234243e-05	1.8635647011e-05	3.72712940221e-06	3.72712940221e-06	0
0	0.0100595222566	0.00128585964376	0	1.11813882066e-05	0	1.11813882066e-05	2.98170352176e-05	2.23627764132e-05	0.00146103472566	7.45425880441e-06	0.000104359623262	1.8635647011e-05	0.000290716093372	7.45425880441e-06	1.11813882066e-05	0.000275807575763	0.00040625710484	1.49085176088e-05	0.000108086752664	0	4.47255528265e-05	0.00256799215812	0.000190083599512	0.000682064680604	0.000805059950876	0.00209837385344	0.00580314047923	5.21798116309e-05	0	3.35441646199e-05	3.72712940221e-06	0	0	0.000119268140871	0	0.00370103949639	0.000193810728915	0	0	0	7.45425880441e-06	3.72712940221e-06	0	7.45425880441e-05	0	4.47255528265e-05	0	7.45425880441e-05	0	0	1.8635647011e-05	0.000182629340708	1.8635647011e-05	0.000130449529077	0	3.35441646199e-05	0.000301897481579	8.19968468485e-05	2.98170352176e-05	0.000227354893535	0.000734244492235	0.00289970667492	1.11813882066e-05	1.11813882066e-05	2.23627764132e-05	2.98170352176e-05	0	0	0.000108086752664	0.000421165622449	0.000275807575763	0.000204992117121	2.98170352176e-05	0	0	7.45425880441e-06	0.000167720823099	0.000201264987719	0.000115541011468	1.11813882066e-05	0	0	0
2.23627764132e-05	0.00128585964376	0.0380353555495	0	1.49085176088e-05	3.72712940221e-06	6.70883292397e-05	0.00124113409093	0.00028698896397	0.000275807575763	0.000160266564295	0.000372712940221	7.45425880441e-06	5.59069410331e-05	0.000231082022937	7.45425880441e-06	0.00065970190419	0.00931036924671	5.21798116309e-05	0.000905692444736	1.49085176088e-05	0.00112559307947	0.00106223187963	0.0124038866505	0.000614976351364	6.70883292397e-05	0.00561305687972	0.0143979008807	0.00193065303034	0.000104359623262	0.000969053644573	0	3.72712940221e-06	1.8635647011e-05	0.00231082022937	1.8635647011e-05	0.00647402377163	0.00149457889028	0	3.72712940221e-06	0	1.49085176088e-05	3.72712940221e-05	1.11813882066e-05	3.35441646199e-05	3.72712940221e-06	6.70883292397e-05	7.45425880441e-06	4.09984234243e-05	1.8635647011e-05	7.45425880441e-06	0.000130449529077	0.000842331244898	2.23627764132e-05	0.000536706633918	0	0.000111813882066	0.00205364830062	0.000708154586419	3.72712940221e-05	8.19968468485e-05	0.00197537858317	0.00620194332527	8.57239762507e-05	3.72712940221e-05	0.000115541011468	1.8635647011e-05	3.72712940221e-06	7.45425880441e-06	0.000417438493047	0.00486763099928	0.00351095589688	0.00327241961514	0.000603794963157	4.09984234243e-05	0	3.72712940221e-06	0.000555342280929	0.000562796539733	0.000402529975438	6.70883292397e-05	7.45425880441e-06	3.72712940221e-06	3.72712940221e-06
0	0	0	0	0	0	0	0	0	0	0	0	0	0	0	0	0	0	0	0	0	0	0	0	0	0	0	0	0	0	0	0	0	0	0	0	0	0	0	0	0	0	0	0	0	0	0	0	0	0	0	0	0	0	0	0	0	0	0	0	0	0	0	0	0	0	0	0	0	0	0	0	0	0	0	0	0	0	0	0	0	0	0	0
5.59069410331e-05	1.11813882066e-05	1.49085176088e-05	0	0.0138276500822	3.72712940221e-06	0.000368985810818	0.00144985333746	0.00057397792794	0.00188220034811	0.00347741173226	3.35441646199e-05	0.00144612620806	7.45425880441e-06	0.000368985810818	0.000160266564295	1.11813882066e-05	7.45425880441e-06	0	1.11813882066e-05	0.00545279031543	2.98170352176e-05	0.000130449529077	4.47255528265e-05	0.00561305687972	0	7.45425880441e-06	1.8635647011e-05	0.00464773036455	0.000245990540546	8.19968468485e-05	0	1.11813882066e-05	1.8635647011e-05	0.000301897481579	4.09984234243e-05	0	0	0	0.000488253951689	0	1.49085176088e-05	7.82697174463e-05	1.11813882066e-05	0.000171447952501	1.11813882066e-05	0	6.33611998375e-05	3.72712940221e-06	4.84526822287e-05	3.72712940221e-06	3.35441646199e-05	0	3.72712940221e-06	0	0.000264626187557	1.8635647011e-05	3.72712940221e-05	2.23627764132e-05	0.000749153009843	0	0	1.49085176088e-05	0.000298170352176	0.000115541011468	7.82697174463e-05	0	0	3.35441646199e-05	0.00015281230549	0.000234809152339	2.23627764132e-05	0.000324260257992	0.000108086752664	0.000111813882066	1.49085176088e-05	3.72712940221e-06	6.70883292397e-05	7.45425880441e-06	0.000108086752664	2.23627764132e-05	2.60899058154e-05	1.8635647011e-05	0
0	0	3.72712940221e-06	0	3.72712940221e-06	0.00462164045874	0.0013566751024	0.000111813882066	0.00139021926702	5.96340704353e-05	0.000156539434893	2.60899058154e-05	8.94511056529e-05	3.72712940221e-06	0.000562796539733	0.00153185018431	0	7.45425880441e-06	3.72712940221e-06	3.72712940221e-06	7.45425880441e-06	3.72712940221e-06	0	1.11813882066e-05	5.96340704353e-05	0	7.45425880441e-06	1.11813882066e-05	6.70883292397e-05	0.000134176658479	7.45425880441e-06	0	0.00174056943083	0	0.000227354893535	3.72712940221e-06	0	0	0	0	0	3.72712940221e-06	3.72712940221e-06	7.45425880441e-06	3.72712940221e-06	0	7.45425880441e-06	3.72712940221e-06	7.45425880441e-06	7.45425880441e-06	0	0	0	0	0	0	7.45425880441e-06	3.72712940221e-06	3.72712940221e-06	1.8635647011e-05	0	0	3.72712940221e-06	2.98170352176e-05	3.72712940221e-06	3.72712940221e-06	3.72712940221e-06	3.72712940221e-06	0	1.11813882066e-05	0.000212446375926	2.60899058154e-05	0.000279534705165	0.000167720823099	0.000652247645386	0.000737971621637	3.72712940221e-06	0	0	3.72712940221e-06	3.72712940221e-06	0	0	3.72712940221e-06
6.70883292397e-05	1.11813882066e-05	6.70883292397e-05	0	0.000368985810818	0.0013566751024	0.0410916016593	0.00988807430405	0.0216173505328	0.000834876986094	0.0214421754509	0.00028698896397	0.00577705057342	3.35441646199e-05	0.00466263888216	0.00305997323921	2.98170352176e-05	0.000126722399675	2.98170352176e-05	0.000104359623262	0.00170329813681	0.00018635647011	5.21798116309e-05	0.000249717669948	0.00107714039724	1.11813882066e-05	7.82697174463e-05	4.47255528265e-05	0.00372712940221	0.000983962162182	0.000462164045874	0	0.00207973820643	2.60899058154e-05	0.00137531074941	2.98170352176e-05	1.11813882066e-05	7.45425880441e-06	0	0.000126722399675	0	2.60899058154e-05	9.69053644573e-05	1.8635647011e-05	0.000122995270273	2.60899058154e-05	0	6.33611998375e-05	3.72712940221e-06	5.96340704353e-05	7.45425880441e-06	3.35441646199e-05	0	0	0	0.000119268140871	4.47255528265e-05	2.60899058154e-05	5.59069410331e-05	0.000350350163807	3.72712940221e-06	1.11813882066e-05	1.49085176088e-05	0.000324260257992	9.69053644573e-05	8.19968468485e-05	0	0	2.60899058154e-05	0.000134176658479	0.00113304733827	0.00010063249386	0.00171820665442	0.000764061527452	0.00154675870192	0.00025344479935	3.72712940221e-06	8.94511056529e-05	1.49085176088e-05	9.31782350551e-05	5.21798116309e-05	2.60899058154e-05	1.49085176088e-05	1.8635647011e-05
0.00259035493453	2.98170352176e-05	0.00124113409093	0	0.00144985333746	0.000111813882066	0.00988807430405	0.0815682269673	0.0223366865074	0.00493099219912	0.0235629120807	0.000674610421799	0.000823695597887	5.21798116309e-05	0.0172677905204	0.000413711363645	0.000447255528265	0.00257544641692	7.82697174463e-05	0.000872148280116	0.00105477762082	0.00285870825149	0.000380167199025	0.00400293697797	0.0104173266792	7.45425880441e-06	0.000514343857504	0.000421165622449	0.0351132860982	0.00655602061848	0.0163322810405	0	0.000454709787069	0.00025344479935	0.00758843546289	0.000387621457829	0.000108086752664	0.000104359623262	0	0.000480799692885	0	0.000178902211306	0.000711881715821	0.000201264987719	0.00110695743246	0.000126722399675	4.09984234243e-05	0.000305624610981	1.49085176088e-05	0.000547888022124	1.8635647011e-05	0.00040625710484	4.09984234243e-05	1.11813882066e-05	1.8635647011e-05	0.000562796539733	0.000555342280929	0.000368985810818	0.00086096689191	0.00235554578219	1.8635647011e-05	0.000104359623262	0.000238536281741	0.00178529498366	0.00108086752664	0.000909419574138	7.45425880441e-06	1.11813882066e-05	0.00032053312859	0.00121504418512	0.00660074617131	0.000790151433268	0.0072716294637	0.00311588018024	0.00117031863229	0.000111813882066	1.49085176088e-05	0.000652247645386	9.69053644573e-05	0.000700700327615	0.000197537858317	0.000111813882066	3.72712940221e-05	3.72712940221e-05
0.00069324606881	2.23627764132e-05	0.00028698896397	0	0.00057397792794	0.00139021926702	0.0216173505328	0.0223366865074	0.0565591886785	0.00158030286654	0.0210880981577	0.000838604115496	0.00291834232193	7.45425880441e-05	0.0241406171381	0.00157657573713	0.000178902211306	0.000614976351364	9.31782350551e-05	0.000450982657667	0.0016921167486	0.000547888022124	0.000193810728915	0.000797605692072	0.00254562938171	1.49085176088e-05	0.000272080446361	0.000178902211306	0.00847176513121	0.00325005683872	0.00300779342758	3.72712940221e-06	0.00228100319415	6.33611998375e-05	0.00460300481172	0.000171447952501	6.33611998375e-05	4.09984234243e-05	0	0.000216173505328	3.72712940221e-06	7.45425880441e-05	0.000234809152339	8.57239762507e-05	0.000368985810818	4.47255528265e-05	3.72712940221e-06	0.000134176658479	3.72712940221e-06	0.000298170352176	1.49085176088e-05	0.00015281230549	1.8635647011e-05	3.72712940221e-06	7.45425880441e-06	0.000249717669948	0.000260899058154	0.000126722399675	0.000361531552014	0.000909419574138	1.8635647011e-05	5.96340704353e-05	9.31782350551e-05	0.000663429033593	0.000488253951689	0.00035407729321	0	3.72712940221e-06	8.94511056529e-05	0.000436074140058	0.0032053312859	0.000361531552014	0.00500926191656	0.00208346533583	0.00215428079447	0.000383894328427	7.45425880441e-06	0.000242263411143	4.47255528265e-05	0.000268353316959	0.000145358046686	4.84526822287e-05	3.35441646199e-05	4.09984234243e-05
0.000361531552014	0.00146103472566	0.000275807575763	0	0.00188220034811	5.96340704353e-05	0.000834876986094	0.00493099219912	0.00158030286654	0.0334286236084	0.00160266564295	0.000115541011468	0.003048791851	9.31782350551e-05	0.0011889542793	0.00149830601969	0.000670883292397	0.000201264987719	1.49085176088e-05	0.000111813882066	0.000562796539733	0.000290716093372	0.0054080647626	0.000663429033593	0.0182070271298	0.000156539434893	0.000663429033593	0.00149085176088	0.00690637078229	0.00115541011468	0.00140140065523	0	0.000115541011468	7.82697174463e-05	0.000853512633105	0.000801332821474	0.000238536281741	0.000171447952501	0	0.0010137791974	1.49085176088e-05	0.000260899058154	0.00128585964376	0.000342895905003	0.00528134236293	0.000145358046686	4.09984234243e-05	0.000499435339896	2.60899058154e-05	0.000969053644573	4.09984234243e-05	0.00140140065523	0.000115541011468	1.11813882066e-05	5.59069410331e-05	0.000931782350551	0.00111068456186	0.00113304733827	0.00146476185507	0.00477072563482	5.59069410331e-05	0.000141630917284	0.000380167199025	0.00329850952095	0.00215800792388	0.00228473032355	1.49085176088e-05	2.98170352176e-05	0.000924328091747	0.00256799215812	0.00368985810818	0.000417438493047	0.00127467825555	0.000499435339896	0.00102868771501	4.09984234243e-05	3.72712940221e-06	0.00150203314909	0.000190083599512	0.0013454937142	0.000275807575763	0.000361531552014	8.94511056529e-05	1.49085176088e-05
0.000424892751851	7.45425880441e-06	0.000160266564295	0	0.00347741173226	0.000156539434893	0.0214421754509	0.0235629120807	0.0210880981577	0.00160266564295	0.0644979743052	0.000611249221962	0.00664174459473	5.21798116309e-05	0.00865812160132	0.000313078869785	9.31782350551e-05	0.000216173505328	6.70883292397e-05	0.000238536281741	0.00816614052023	0.00025344479935	6.70883292397e-05	0.000484526822287	0.00229591171176	1.49085176088e-05	0.000149085176088	9.31782350551e-05	0.0119417226047	0.00315315147427	0.00060752209256	0	0.000551615151526	6.33611998375e-05	0.0037122208846	9.69053644573e-05	2.98170352176e-05	3.72712940221e-06	0	0.000428619881254	0	7.08154586419e-05	0.000167720823099	4.47255528265e-05	0.000208719246524	6.70883292397e-05	7.45425880441e-06	0.000122995270273	1.49085176088e-05	0.000141630917284	1.49085176088e-05	4.09984234243e-05	0	3.72712940221e-06	3.72712940221e-06	0.000391348587232	7.82697174463e-05	5.59069410331e-05	9.31782350551e-05	0.00110695743246	7.45425880441e-06	2.60899058154e-05	4.09984234243e-05	0.000641066257179	0.000216173505328	0.000141630917284	3.72712940221e-06	3.72712940221e-06	5.21798116309e-05	0.000257171928752	0.00197537858317	0.000212446375926	0.00368240384938	0.00123740696153	0.00082742272729	0.000130449529077	1.49085176088e-05	0.000182629340708	4.84526822287e-05	0.000160266564295	7.82697174463e-05	4.84526822287e-05	1.8635647011e-05	2.98170352176e-05
4.84526822287e-05	0.000104359623262	0.000372712940221	0	3.35441646199e-05	2.60899058154e-05	0.00028698896397	0.000674610421799	0.000838604115496	0.000115541011468	0.000611249221962	0.0295896803241	0.000190083599512	0.00486017674048	0.000846058374301	3.72712940221e-05	6.70883292397e-05	0.00183747479529	0.00327987387394	0.00843822096659	0.000119268140871	0.000499435339896	8.57239762507e-05	0.000600067833755	0.000178902211306	0.00181511201887	0.00714117993463	0.00141630917284	0.000562796539733	0.0010137791974	0.000547888022124	2.60899058154e-05	9.31782350551e-05	1.49085176088e-05	0.00891529353008	7.45425880441e-06	0.000570250798537	3.35441646199e-05	0	1.11813882066e-05	0	7.45425880441e-06	7.45425880441e-06	1.11813882066e-05	1.8635647011e-05	0	0.000469618304678	3.72712940221e-06	0.00114795585588	3.72712940221e-05	0	7.45425880441e-06	2.98170352176e-05	0.000257171928752	0.00032053312859	3.72712940221e-06	1.49085176088e-05	2.98170352176e-05	4.47255528265e-05	3.35441646199e-05	0.00129704103197	0.00140512778463	0.00140140065523	2.98170352176e-05	5.96340704353e-05	2.98170352176e-05	0.000391348587232	3.72712940221e-06	3.72712940221e-06	0.000175175081904	0.00148712463148	0.00615349064304	0.011073301454	0.00136040223181	0.000119268140871	2.60899058154e-05	0.000264626187557	0.000130449529077	0.000167720823099	0.000126722399675	3.35441646199e-05	0	0	2.23627764132e-05
4.09984234243e-05	1.8635647011e-05	7.45425880441e-06	0	0.00144612620806	8.94511056529e-05	0.00577705057342	0.000823695597887	0.00291834232193	0.003048791851	0.00664174459473	0.000190083599512	0.0233392843166	2.60899058154e-05	0.00133431232599	0.00167348110159	1.8635647011e-05	7.45425880441e-06	1.11813882066e-05	2.60899058154e-05	0.00628766730152	1.49085176088e-05	0.000126722399675	3.35441646199e-05	0.00351468302628	1.49085176088e-05	4.84526822287e-05	2.60899058154e-05	0.00122249844392	0.000536706633918	7.45425880441e-05	0	0.000178902211306	1.11813882066e-05	0.000782697174463	0.000145358046686	3.72712940221e-06	7.45425880441e-06	0	0.000465891175276	0	0.000249717669948	4.84526822287e-05	7.08154586419e-05	0.000134176658479	2.98170352176e-05	3.72712940221e-06	0.00166602684279	3.72712940221e-06	0.000223627764132	6.33611998375e-05	1.8635647011e-05	3.72712940221e-06	0	0	0.00100259780919	2.98170352176e-05	2.60899058154e-05	3.35441646199e-05	0.000421165622449	0	7.45425880441e-06	3.72712940221e-06	0.000141630917284	0.00025344479935	6.70883292397e-05	0	7.45425880441e-06	2.23627764132e-05	0.000137903787882	0.000316805999187	5.96340704353e-05	0.00079387856267	0.000216173505328	0.000532979504515	7.45425880441e-05	0	8.94511056529e-05	7.45425880441e-06	8.19968468485e-05	2.60899058154e-05	4.47255528265e-05	1.49085176088e-05	1.11813882066e-05
7.45425880441e-06	0.000290716093372	5.59069410331e-05	0	7.45425880441e-06	3.72712940221e-06	3.35441646199e-05	5.21798116309e-05	7.45425880441e-05	9.31782350551e-05	5.21798116309e-05	0.00486017674048	2.60899058154e-05	0.0135965680592	0.00010063249386	0	2.23627764132e-05	0.00010063249386	0.000156539434893	0.000227354893535	7.45425880441e-06	3.35441646199e-05	0.000134176658479	6.70883292397e-05	4.47255528265e-05	0.00364885968476	0.00375694643742	0.00177038646605	3.35441646199e-05	9.69053644573e-05	3.72712940221e-05	8.19968468485e-05	1.49085176088e-05	3.72712940221e-06	0.000544160892722	3.72712940221e-06	0.000383894328427	3.72712940221e-06	0	0	0	0	3.72712940221e-06	0	3.72712940221e-06	0	0.000529252375113	3.72712940221e-06	0.00147594324327	1.49085176088e-05	0	3.72712940221e-06	1.11813882066e-05	0.000260899058154	0.000264626187557	1.11813882066e-05	0	1.11813882066e-05	1.49085176088e-05	7.45425880441e-06	0.00127840538496	0.0011889542793	0.00115913724409	1.11813882066e-05	2.60899058154e-05	0	0.000443528398862	0	0	0.000145358046686	0.000182629340708	0.00295188648655	0.00126722399675	0.00015281230549	7.45425880441e-06	3.72712940221e-06	0.000775242915659	5.59069410331e-05	0.000182629340708	0.00015281230549	4.47255528265e-05	0	3.72712940221e-06	4.47255528265e-05
0.00218409782969	7.45425880441e-06	0.000231082022937	0	0.000368985810818	0.000562796539733	0.00466263888216	0.0172677905204	0.0241406171381	0.0011889542793	0.00865812160132	0.000846058374301	0.00133431232599	0.00010063249386	0.0418258461516	0.000715608845223	0.000163993693697	0.000618703480766	9.31782350551e-05	0.000387621457829	0.000875875409518	0.000484526822287	0.000149085176088	0.000663429033593	0.00193810728915	1.8635647011e-05	0.000279534705165	0.000160266564295	0.00593731713771	0.0082816815317	0.00361158839074	0	0.00289597954551	0.00015281230549	0.0048974480345	0.000115541011468	5.96340704353e-05	3.35441646199e-05	0	9.31782350551e-05	3.72712940221e-06	4.84526822287e-05	0.000160266564295	6.70883292397e-05	0.000279534705165	1.8635647011e-05	2.23627764132e-05	6.70883292397e-05	1.8635647011e-05	0.000197537858317	7.45425880441e-06	0.000104359623262	2.23627764132e-05	0	7.45425880441e-06	0.000108086752664	0.000223627764132	0.000104359623262	0.000335441646199	0.000518070986907	7.45425880441e-06	4.84526822287e-05	7.08154586419e-05	0.000398802846036	0.000380167199025	0.000249717669948	1.11813882066e-05	3.72712940221e-06	7.45425880441e-05	0.000376440069623	0.00259408206394	0.000409984234243	0.00483408683466	0.00183002053648	0.00147221611387	0.000268353316959	1.49085176088e-05	0.000190083599512	3.35441646199e-05	0.000216173505328	0.000115541011468	3.35441646199e-05	1.8635647011e-05	2.23627764132e-05
1.8635647011e-05	1.11813882066e-05	7.45425880441e-06	0	0.000160266564295	0.00153185018431	0.00305997323921	0.000413711363645	0.00157657573713	0.00149830601969	0.000313078869785	3.72712940221e-05	0.00167348110159	0	0.000715608845223	0.00788287868567	1.8635647011e-05	3.72712940221e-06	1.11813882066e-05	7.45425880441e-06	7.45425880441e-05	3.35441646199e-05	4.47255528265e-05	4.09984234243e-05	0.00111441169126	0	1.11813882066e-05	1.8635647011e-05	0.000313078869785	0.000122995270273	8.57239762507e-05	0	0.000991416420987	7.45425880441e-06	0.000141630917284	1.11813882066e-05	0	3.72712940221e-06	0	1.8635647011e-05	0	0	2.60899058154e-05	3.72712940221e-06	2.98170352176e-05	0	3.72712940221e-06	3.72712940221e-06	0	1.11813882066e-05	0	3.72712940221e-06	0	0	0	1.8635647011e-05	2.23627764132e-05	0	2.23627764132e-05	7.45425880441e-05	0	0	0	7.45425880441e-05	2.98170352176e-05	4.84526822287e-05	0	0	1.11813882066e-05	4.84526822287e-05	0.00065970190419	2.23627764132e-05	0.000372712940221	0.000193810728915	0.00201637700659	0.000365258681416	0	2.60899058154e-05	0	2.98170352176e-05	1.11813882066e-05	3.72712940221e-06	0	0
3.72712940221e-05	0.000275807575763	0.00065970190419	0	1.11813882066e-05	0	2.98170352176e-05	0.000447255528265	0.000178902211306	0.000670883292397	9.31782350551e-05	6.70883292397e-05	1.8635647011e-05	2.23627764132e-05	0.000163993693697	1.8635647011e-05	0.0262911708032	0.000249717669948	7.45425880441e-06	0.000134176658479	7.45425880441e-06	0.0023592729116	0.010730405549	0.00677964838261	0.0112745664417	1.11813882066e-05	0.000279534705165	0.00385757893128	0.00257171928752	0.000108086752664	0.000488253951689	0	1.8635647011e-05	7.45425880441e-06	0.00054043376332	8.57239762507e-05	0.000264626187557	0.000846058374301	0	7.45425880441e-06	0	2.23627764132e-05	0.00010063249386	2.98170352176e-05	0.000149085176088	0	1.11813882066e-05	2.60899058154e-05	3.72712940221e-06	6.70883292397e-05	0	0.00196792432436	9.69053644573e-05	3.72712940221e-06	3.72712940221e-05	1.49085176088e-05	0.00126722399675	0.0054006105038	0.00518816412787	0.000249717669948	1.11813882066e-05	0.000178902211306	0.0015206687961	0.000268353316959	0.00015281230549	0.000477072563482	0	3.72712940221e-06	7.08154586419e-05	0.000249717669948	0.00398802846036	0.00122622557333	0.000924328091747	0.000499435339896	0.000104359623262	1.11813882066e-05	0	0.000395075716634	9.69053644573e-05	0.000175175081904	4.47255528265e-05	1.8635647011e-05	3.72712940221e-06	7.45425880441e-06
5.59069410331e-05	0.00040625710484	0.00931036924671	0	7.45425880441e-06	7.45425880441e-06	0.000126722399675	0.00257544641692	0.000614976351364	0.000201264987719	0.000216173505328	0.00183747479529	7.45425880441e-06	0.00010063249386	0.000618703480766	3.72712940221e-06	0.000249717669948	0.0344312214176	0.000313078869785	0.00764061527452	1.49085176088e-05	0.00170329813681	0.000223627764132	0.00848667364882	0.00035407729321	0.000111813882066	0.00653738497147	0.00356313570851	0.00263880761676	0.000190083599512	0.0037234022728	3.72712940221e-06	2.60899058154e-05	4.09984234243e-05	0.00632121146614	7.45425880441e-06	0.00494217358732	0.00054043376332	0	1.11813882066e-05	0	3.72712940221e-06	1.8635647011e-05	3.72712940221e-06	2.23627764132e-05	3.72712940221e-06	0.000119268140871	3.72712940221e-06	7.82697174463e-05	3.72712940221e-06	0	5.59069410331e-05	0.00028698896397	7.08154586419e-05	0.000670883292397	7.45425880441e-06	8.19968468485e-05	0.000316805999187	0.000275807575763	3.35441646199e-05	0.000212446375926	0.00224000477073	0.00341777766182	4.47255528265e-05	1.11813882066e-05	5.59069410331e-05	5.96340704353e-05	0	3.72712940221e-06	0.000249717669948	0.00357804422612	0.00512107579863	0.00481545118765	0.000831149856692	4.84526822287e-05	1.11813882066e-05	0	0.000409984234243	0.000372712940221	0.000193810728915	4.84526822287e-05	0	3.72712940221e-06	3.72712940221e-06
0	1.49085176088e-05	5.21798116309e-05	0	0	3.72712940221e-06	2.98170352176e-05	7.82697174463e-05	9.31782350551e-05	1.49085176088e-05	6.70883292397e-05	0.00327987387394	1.11813882066e-05	0.000156539434893	9.31782350551e-05	1.11813882066e-05	7.45425880441e-06	0.000313078869785	0.00558696697391	0.00218782495909	1.49085176088e-05	4.47255528265e-05	1.49085176088e-05	7.45425880441e-05	2.23627764132e-05	0.000122995270273	0.00218409782969	0.000257171928752	9.69053644573e-05	9.31782350551e-05	8.94511056529e-05	0	1.8635647011e-05	0	0.000756607268648	3.72712940221e-06	0.000227354893535	3.72712940221e-06	0	3.72712940221e-06	0	3.72712940221e-06	0	0	0	0	7.45425880441e-05	0	0.000119268140871	7.45425880441e-06	0	0	7.45425880441e-06	5.59069410331e-05	0.000111813882066	3.72712940221e-06	0	1.11813882066e-05	7.45425880441e-06	3.72712940221e-06	0.000365258681416	0.000357804422612	0.000372712940221	3.72712940221e-06	1.49085176088e-05	7.45425880441e-06	3.35441646199e-05	0	3.72712940221e-06	4.09984234243e-05	0.000245990540546	0.000823695597887	0.00136785649061	0.000175175081904	1.11813882066e-05	3.72712940221e-06	1.11813882066e-05	1.8635647011e-05	4.47255528265e-05	3.35441646199e-05	1.8635647011e-05	0	0	3.72712940221e-06
2.60899058154e-05	0.000108086752664	0.000905692444736	0	1.11813882066e-05	3.72712940221e-06	0.000104359623262	0.000872148280116	0.000450982657667	0.000111813882066	0.000238536281741	0.00843822096659	2.60899058154e-05	0.000227354893535	0.000387621457829	7.45425880441e-06	0.000134176658479	0.00764061527452	0.00218782495909	0.0220795145787	3.72712940221e-05	0.000734244492235	7.45425880441e-05	0.00139767352583	0.00018635647011	0.000223627764132	0.0045582792589	0.0015243959255	0.000775242915659	0.000272080446361	0.00117404576169	0	3.35441646199e-05	1.49085176088e-05	0.00741326038099	3.72712940221e-06	0.00153557731371	5.96340704353e-05	0	3.72712940221e-06	0	3.72712940221e-06	0	0	1.8635647011e-05	0	0.000137903787882	0	0.000178902211306	3.72712940221e-06	0	7.45425880441e-06	1.8635647011e-05	8.94511056529e-05	0.000361531552014	0	1.49085176088e-05	5.59069410331e-05	7.08154586419e-05	1.11813882066e-05	0.000715608845223	0.00120013566751	0.00136785649061	1.49085176088e-05	1.49085176088e-05	1.49085176088e-05	8.19968468485e-05	0	7.45425880441e-06	9.31782350551e-05	0.00244126975844	0.00282889121627	0.00701445753495	0.00116286437349	4.47255528265e-05	3.72712940221e-06	7.45425880441e-06	0.000227354893535	0.000171447952501	9.69053644573e-05	3.35441646199e-05	3.72712940221e-06	0	1.11813882066e-05
4.84526822287e-05	0	1.49085176088e-05	0	0.00545279031543	7.45425880441e-06	0.00170329813681	0.00105477762082	0.0016921167486	0.000562796539733	0.00816614052023	0.000119268140871	0.00628766730152	7.45425880441e-06	0.000875875409518	7.45425880441e-05	7.45425880441e-06	1.49085176088e-05	1.49085176088e-05	3.72712940221e-05	0.017495145414	1.49085176088e-05	1.49085176088e-05	2.98170352176e-05	0.00132313093778	7.45425880441e-06	2.98170352176e-05	7.45425880441e-06	0.00250463095828	0.000402529975438	5.96340704353e-05	0	5.59069410331e-05	1.11813882066e-05	0.000652247645386	3.72712940221e-06	0	0	0	7.45425880441e-05	0	1.49085176088e-05	3.72712940221e-05	3.72712940221e-06	4.84526822287e-05	0	0	2.98170352176e-05	7.45425880441e-06	0	0	7.45425880441e-06	0	0	0	7.08154586419e-05	3.72712940221e-06	0	7.45425880441e-06	0.00018635647011	0	7.45425880441e-06	0	9.69053644573e-05	2.98170352176e-05	3.35441646199e-05	3.72712940221e-06	0	1.11813882066e-05	6.33611998375e-05	0.000223627764132	2.60899058154e-05	0.000663429033593	0.000182629340708	0.000141630917284	2.23627764132e-05	0	3.72712940221e-05	7.45425880441e-06	3.35441646199e-05	1.49085176088e-05	1.8635647011e-05	3.72712940221e-06	3.72712940221e-06
7.45425880441e-05	4.47255528265e-05	0.00112559307947	0	2.98170352176e-05	3.72712940221e-06	0.00018635647011	0.00285870825149	0.000547888022124	0.000290716093372	0.00025344479935	0.000499435339896	1.49085176088e-05	3.35441646199e-05	0.000484526822287	3.35441646199e-05	0.0023592729116	0.00170329813681	4.47255528265e-05	0.000734244492235	1.49085176088e-05	0.0386130606069	0.00143867194925	0.0195972463968	0.00143867194925	1.11813882066e-05	0.00054043376332	0.000842331244898	0.00767043230974	0.000588886445549	0.0163956422403	0	2.23627764132e-05	0.00120013566751	0.00750271148664	5.21798116309e-05	0.000141630917284	0.000428619881254	0	3.72712940221e-06	0	1.11813882066e-05	5.59069410331e-05	1.8635647011e-05	7.45425880441e-05	7.45425880441e-06	1.49085176088e-05	1.8635647011e-05	7.45425880441e-06	3.35441646199e-05	0	0.000767788656854	7.45425880441e-05	3.72712940221e-06	7.45425880441e-05	7.45425880441e-06	0.000532979504515	0.00160639277235	0.00209837385344	7.45425880441e-05	1.11813882066e-05	0.000130449529077	0.000685791810006	0.000145358046686	0.000126722399675	0.000272080446361	3.72712940221e-06	0	4.84526822287e-05	0.00018635647011	0.0071039086406	0.00171820665442	0.00596713417293	0.00212073662986	0.000104359623262	2.23627764132e-05	3.72712940221e-06	0.000331714516796	7.08154586419e-05	0.000175175081904	5.96340704353e-05	1.11813882066e-05	1.11813882066e-05	3.72712940221e-06
2.98170352176e-05	0.00256799215812	0.00106223187963	0	0.000130449529077	0	5.21798116309e-05	0.000380167199025	0.000193810728915	0.0054080647626	6.70883292397e-05	8.57239762507e-05	0.000126722399675	0.000134176658479	0.000149085176088	4.47255528265e-05	0.010730405549	0.000223627764132	1.49085176088e-05	7.45425880441e-05	1.49085176088e-05	0.00143867194925	0.0257507370398	0.00436074140058	0.00790151433268	0.000242263411143	0.000842331244898	0.00576586918521	0.00156912147833	0.000126722399675	0.000559069410331	0	7.45425880441e-06	2.23627764132e-05	0.000238536281741	8.57239762507e-05	0.00142003630224	0.00105477762082	0	7.45425880441e-06	0	2.98170352176e-05	0.000137903787882	3.72712940221e-05	0.000395075716634	7.45425880441e-06	4.09984234243e-05	4.09984234243e-05	4.84526822287e-05	7.08154586419e-05	0	0.00292952371013	0.000212446375926	1.49085176088e-05	8.19968468485e-05	1.49085176088e-05	0.00181883914828	0.0102533329855	0.00652247645386	0.000428619881254	0.000156539434893	0.000383894328427	0.00365258681416	0.000380167199025	0.000193810728915	0.000536706633918	1.49085176088e-05	0	0.000111813882066	0.000350350163807	0.00127095112615	0.000465891175276	0.000376440069623	0.000171447952501	6.70883292397e-05	0	0	0.000566523669135	0.000260899058154	0.000268353316959	7.82697174463e-05	4.09984234243e-05	7.45425880441e-06	3.72712940221e-06
9.69053644573e-05	0.000190083599512	0.0124038866505	0	4.47255528265e-05	1.11813882066e-05	0.000249717669948	0.00400293697797	0.000797605692072	0.000663429033593	0.000484526822287	0.000600067833755	3.35441646199e-05	6.70883292397e-05	0.000663429033593	4.09984234243e-05	0.00677964838261	0.00848667364882	7.45425880441e-05	0.00139767352583	2.98170352176e-05	0.0195972463968	0.00436074140058	0.0622915136991	0.00212073662986	2.98170352176e-05	0.0016846624898	0.00765552379213	0.00607149379619	0.00103614197381	0.00588141019668	0	3.72712940221e-05	0.0011777728911	0.00773379350958	7.08154586419e-05	0.00142376343164	0.0020350126536	0	1.11813882066e-05	0	2.60899058154e-05	0.000149085176088	3.72712940221e-05	0.000122995270273	1.49085176088e-05	4.84526822287e-05	4.84526822287e-05	1.11813882066e-05	7.45425880441e-05	3.72712940221e-06	0.00163993693697	0.000488253951689	1.49085176088e-05	0.000249717669948	1.8635647011e-05	0.000667156162995	0.00593731713771	0.00534843069217	0.000163993693697	4.84526822287e-05	0.00079387856267	0.00471854582319	0.00032053312859	0.00015281230549	0.000346623034405	7.45425880441e-06	0	7.82697174463e-05	0.000570250798537	0.0135257526006	0.00470736443499	0.007089000123	0.00210582811225	0.000167720823099	4.47255528265e-05	3.72712940221e-06	0.000801332821474	0.000387621457829	0.00054043376332	0.000141630917284	2.98170352176e-05	7.45425880441e-06	7.45425880441e-06
0.000499435339896	0.000682064680604	0.000614976351364	0	0.00561305687972	5.96340704353e-05	0.00107714039724	0.0104173266792	0.00254562938171	0.0182070271298	0.00229591171176	0.000178902211306	0.00351468302628	4.47255528265e-05	0.00193810728915	0.00111441169126	0.0112745664417	0.00035407729321	2.23627764132e-05	0.00018635647011	0.00132313093778	0.00143867194925	0.00790151433268	0.00212073662986	0.0631189364264	5.59069410331e-05	0.00032053312859	0.00196792432436	0.0231641092347	0.00178902211306	0.00241145272323	0	7.82697174463e-05	0.000126722399675	0.00201264987719	0.000585159316146	0.000197537858317	0.000331714516796	0	0.000834876986094	1.11813882066e-05	0.000249717669948	0.00110323030305	0.000283261834568	0.00285498112209	0.000126722399675	2.98170352176e-05	0.000417438493047	2.23627764132e-05	0.000771515786257	3.35441646199e-05	0.00183747479529	0.000141630917284	1.11813882066e-05	4.84526822287e-05	0.000805059950876	0.00224373190013	0.00300033916878	0.00357431709672	0.00381658050786	2.23627764132e-05	0.000160266564295	0.000588886445549	0.0028773438985	0.00165484545458	0.00208719246524	7.45425880441e-06	3.35441646199e-05	0.000674610421799	0.00203873978301	0.00606776666679	0.000909419574138	0.00263880761676	0.00128958677316	0.000894511056529	5.96340704353e-05	3.72712940221e-06	0.00137158362001	0.000212446375926	0.00110695743246	0.00021990063473	0.000231082022937	5.96340704353e-05	1.8635647011e-05
3.72712940221e-06	0.000805059950876	6.70883292397e-05	0	0	0	1.11813882066e-05	7.45425880441e-06	1.49085176088e-05	0.000156539434893	1.49085176088e-05	0.00181511201887	1.49085176088e-05	0.00364885968476	1.8635647011e-05	0	1.11813882066e-05	0.000111813882066	0.000122995270273	0.000223627764132	7.45425880441e-06	1.11813882066e-05	0.000242263411143	2.98170352176e-05	5.59069410331e-05	0.0105813203729	0.00245245114665	0.00158402999594	7.45425880441e-06	2.60899058154e-05	7.45425880441e-06	1.8635647011e-05	0	0	0.00025344479935	0	0.000909419574138	1.8635647011e-05	0	0	0	0	3.72712940221e-06	3.72712940221e-06	0	0	0.000730517362832	3.72712940221e-06	0.00196792432436	1.49085176088e-05	0	0	2.23627764132e-05	0.00028698896397	0.000279534705165	7.45425880441e-06	3.72712940221e-06	0	2.23627764132e-05	3.72712940221e-06	0.00297797639236	0.00142376343164	0.00200519561839	1.49085176088e-05	2.60899058154e-05	3.72712940221e-06	0.000514343857504	3.72712940221e-06	0	0.000149085176088	9.69053644573e-05	0.00156539434893	0.000477072563482	6.33611998375e-05	0	0	0.000723063104028	6.70883292397e-05	0.000231082022937	0.000119268140871	2.23627764132e-05	0	0	3.35441646199e-05
2.98170352176e-05	0.00209837385344	0.00561305687972	0	7.45425880441e-06	7.45425880441e-06	7.82697174463e-05	0.000514343857504	0.000272080446361	0.000663429033593	0.000149085176088	0.00714117993463	4.84526822287e-05	0.00375694643742	0.000279534705165	1.11813882066e-05	0.000279534705165	0.00653738497147	0.00218409782969	0.0045582792589	2.98170352176e-05	0.00054043376332	0.000842331244898	0.0016846624898	0.00032053312859	0.00245245114665	0.0625486856278	0.0227392164829	0.000547888022124	0.000238536281741	0.000678337551201	0.000104359623262	2.98170352176e-05	1.8635647011e-05	0.00374949217862	2.98170352176e-05	0.0133207604835	0.000309351740383	0	7.45425880441e-06	0	0	2.23627764132e-05	1.8635647011e-05	3.35441646199e-05	0	0.00103614197381	7.45425880441e-06	0.00148339750208	5.59069410331e-05	0	3.72712940221e-05	0.000231082022937	0.00057397792794	0.00264253474616	1.8635647011e-05	8.19968468485e-05	0.000260899058154	0.000301897481579	3.35441646199e-05	0.00502789756358	0.00876248122459	0.0112447494065	3.35441646199e-05	8.57239762507e-05	9.31782350551e-05	0.000514343857504	0	7.45425880441e-06	0.000708154586419	0.00452473509428	0.0101228834564	0.00621312471348	0.00102868771501	7.08154586419e-05	1.8635647011e-05	7.82697174463e-05	0.000786424303865	0.00103614197381	0.000648520515984	0.000137903787882	3.72712940221e-06	0	6.33611998375e-05
3.72712940221e-05	0.00580314047923	0.0143979008807	0	1.8635647011e-05	1.11813882066e-05	4.47255528265e-05	0.000421165622449	0.000178902211306	0.00149085176088	9.31782350551e-05	0.00141630917284	2.60899058154e-05	0.00177038646605	0.000160266564295	1.8635647011e-05	0.00385757893128	0.00356313570851	0.000257171928752	0.0015243959255	7.45425880441e-06	0.000842331244898	0.00576586918521	0.00765552379213	0.00196792432436	0.00158402999594	0.0227392164829	0.0654148481381	0.000846058374301	0.000111813882066	0.000469618304678	0.00010063249386	7.45425880441e-06	1.11813882066e-05	0.00230709309997	4.09984234243e-05	0.0125231547914	0.00175920507784	0	0	0	1.11813882066e-05	5.96340704353e-05	2.98170352176e-05	4.09984234243e-05	3.72712940221e-06	0.00047334543408	1.11813882066e-05	0.000532979504515	5.96340704353e-05	3.72712940221e-06	0.000372712940221	0.000801332821474	0.00021990063473	0.00142749056104	7.45425880441e-06	0.000204992117121	0.00412593224824	0.00136785649061	6.33611998375e-05	0.00212819088866	0.00539688337439	0.0126834213557	0.00015281230549	7.08154586419e-05	0.000178902211306	0.000145358046686	3.72712940221e-06	1.8635647011e-05	0.000730517362832	0.00613112786663	0.00536706633918	0.00377930921384	0.00072679023343	8.19968468485e-05	7.45425880441e-06	2.60899058154e-05	0.000957872256367	0.000983962162182	0.000696973198212	0.000141630917284	7.45425880441e-06	0	2.98170352176e-05
0.000920600962345	5.21798116309e-05	0.00193065303034	0	0.00464773036455	6.70883292397e-05	0.00372712940221	0.0351132860982	0.00847176513121	0.00690637078229	0.0119417226047	0.000562796539733	0.00122249844392	3.35441646199e-05	0.00593731713771	0.000313078869785	0.00257171928752	0.00263880761676	9.69053644573e-05	0.000775242915659	0.00250463095828	0.00767043230974	0.00156912147833	0.00607149379619	0.0231641092347	7.45425880441e-06	0.000547888022124	0.000846058374301	0.0742630533389	0.00307488175682	0.0117031863229	0	0.000201264987719	0.000231082022937	0.00636593701897	0.000510616728102	0.000145358046686	0.000257171928752	0	0.000685791810006	1.49085176088e-05	0.000204992117121	0.000752880139246	0.000238536281741	0.00164739119577	8.57239762507e-05	2.98170352176e-05	0.000301897481579	1.8635647011e-05	0.000614976351364	1.8635647011e-05	0.0011815000205	9.31782350551e-05	1.49085176088e-05	4.09984234243e-05	0.00069324606881	0.00166229971338	0.00146103472566	0.00237418142921	0.00284007260448	1.49085176088e-05	0.000130449529077	0.000417438493047	0.00207228394763	0.00128958677316	0.00172566091322	7.45425880441e-06	1.49085176088e-05	0.000488253951689	0.00147594324327	0.00948554432861	0.00115168298528	0.00687282661767	0.00330969090916	0.000898238185932	8.57239762507e-05	7.45425880441e-06	0.0010175063268	0.000141630917284	0.000887056797725	0.000216173505328	0.000160266564295	5.59069410331e-05	2.98170352176e-05
0.00600440546695	0	0.000104359623262	0	0.000245990540546	0.000134176658479	0.000983962162182	0.00655602061848	0.00325005683872	0.00115541011468	0.00315315147427	0.0010137791974	0.000536706633918	9.69053644573e-05	0.0082816815317	0.000122995270273	0.000108086752664	0.000190083599512	9.31782350551e-05	0.000272080446361	0.000402529975438	0.000588886445549	0.000126722399675	0.00103614197381	0.00178902211306	2.60899058154e-05	0.000238536281741	0.000111813882066	0.00307488175682	0.0269359641897	0.00628766730152	3.72712940221e-06	0.000387621457829	0.00188592747752	0.00528134236293	7.45425880441e-05	2.60899058154e-05	1.11813882066e-05	0	4.84526822287e-05	3.72712940221e-06	4.09984234243e-05	0.000137903787882	3.72712940221e-05	0.000260899058154	7.45425880441e-06	3.72712940221e-06	4.84526822287e-05	1.49085176088e-05	0.000171447952501	3.72712940221e-06	9.69053644573e-05	1.8635647011e-05	7.45425880441e-06	3.72712940221e-06	7.08154586419e-05	0.000178902211306	0.000108086752664	0.000238536281741	0.000335441646199	1.11813882066e-05	2.23627764132e-05	2.60899058154e-05	0.000279534705165	0.000264626187557	0.000231082022937	0	1.11813882066e-05	5.59069410331e-05	0.000234809152339	0.00139394639642	0.00028698896397	0.0038911230959	0.0010063249386	0.000234809152339	8.57239762507e-05	2.23627764132e-05	0.00015281230549	1.11813882066e-05	0.000130449529077	4.47255528265e-05	1.49085176088e-05	3.72712940221e-06	7.45425880441e-06
0.00214682653567	3.35441646199e-05	0.000969053644573	0	8.19968468485e-05	7.45425880441e-06	0.000462164045874	0.0163322810405	0.00300779342758	0.00140140065523	0.00060752209256	0.000547888022124	7.45425880441e-05	3.72712940221e-05	0.00361158839074	8.57239762507e-05	0.000488253951689	0.0037234022728	8.94511056529e-05	0.00117404576169	5.96340704353e-05	0.0163956422403	0.000559069410331	0.00588141019668	0.00241145272323	7.45425880441e-06	0.000678337551201	0.000469618304678	0.0117031863229	0.00628766730152	0.0454784329657	0	4.09984234243e-05	0.00107714039724	0.0108720364662	0.000104359623262	0.000115541011468	0.000115541011468	0	2.23627764132e-05	3.72712940221e-06	3.35441646199e-05	0.000141630917284	5.21798116309e-05	0.00028698896397	1.8635647011e-05	3.72712940221e-06	4.47255528265e-05	3.72712940221e-06	0.000137903787882	3.72712940221e-06	0.00040625710484	4.47255528265e-05	7.45425880441e-06	3.72712940221e-05	3.72712940221e-05	0.00057397792794	0.0005068895987	0.00107341326784	0.000372712940221	1.11813882066e-05	8.94511056529e-05	0.000175175081904	0.000350350163807	0.00032053312859	0.000454709787069	3.72712940221e-06	7.45425880441e-06	7.08154586419e-05	0.00035407729321	0.00443901111803	0.000782697174463	0.00718217835805	0.00267235178138	0.000234809152339	5.21798116309e-05	0	0.000305624610981	4.84526822287e-05	0.000245990540546	7.82697174463e-05	1.49085176088e-05	1.11813882066e-05	3.72712940221e-06
