2227	0	6	0	15	0	18	695	186	97	114	13	11	2	586	5	10	15	0	7	13	20	8	26	134	1	8	10	247	1611	576	0	4	92	154	8	0	0	0	1	0	0	15	4	20	1	0	1	1	10	0	10	1	0	1	4	17	12	29	19	0	1	1	25	17	18	0	2	6	20	102	12	126	60	14	3	0	11	2	11	5	1	1	0
0	2699	345	0	3	0	3	8	6	392	2	28	5	78	2	3	74	109	4	29	0	12	689	51	183	216	563	1557	14	0	9	1	0	0	32	0	993	52	0	0	0	2	1	0	20	0	12	0	20	0	0	5	49	5	35	0	9	81	22	8	61	197	778	3	3	6	8	0	0	29	113	74	55	8	0	0	2	45	54	31	3	0	0	0
6	345	10205	0	4	1	18	333	77	74	43	100	2	15	62	2	177	2498	14	243	4	302	285	3328	165	18	1506	3863	518	28	260	0	1	5	620	5	1737	401	0	1	0	4	10	3	9	1	18	2	11	5	2	35	226	6	144	0	30	551	190	10	22	530	1664	23	10	31	5	1	2	112	1306	942	878	162	11	0	1	149	151	108	18	2	1	1
0	0	0	0	0	0	0	0	0	0	0	0	0	0	0	0	0	0	0	0	0	0	0	0	0	0	0	0	0	0	0	0	0	0	0	0	0	0	0	0	0	0	0	0	0	0	0	0	0	0	0	0	0	0	0	0	0	0	0	0	0	0	0	0	0	0	0	0	0	0	0	0	0	0	0	0	0	0	0	0	0	0	0	0
15	3	4	0	3710	1	99	389	154	505	933	9	388	2	99	43	3	2	0	3	1463	8	35	12	1506	0	2	5	1247	66	22	0	3	5	81	11	0	0	0	131	0	4	21	3	46	3	0	17	1	13	1	9	0	1	0	71	5	10	6	201	0	0	4	80	31	21	0	0	9	41	63	6	87	29	30	4	1	18	2	29	6	7	5	0
0	0	1	0	1	1240	364	30	373	16	42	7	24	1	151	411	0	2	1	1	2	1	0	3	16	0	2	3	18	36	2	0	467	0	61	1	0	0	0	0	0	1	1	2	1	0	2	1	2	2	0	0	0	0	0	0	2	1	1	5	0	0	1	8	1	1	1	1	0	3	57	7	75	45	175	198	1	0	0	1	1	0	0	1
18	3	18	0	99	364	11025	2653	5800	224	5753	77	1550	9	1251	821	8	34	8	28	457	50	14	67	289	3	21	12	1000	264	124	0	558	7	369	8	3	2	0	34	0	7	26	5	33	7	0	17	1	16	2	9	0	0	0	32	12	7	15	94	1	3	4	87	26	22	0	0	7	36	304	27	461	205	415	68	1	24	4	25	14	7	4	5
695	8	333	0	389	30	2653	21885	5993	1323	6322	181	221	14	4633	111	120	691	21	234	283	767	102	1074	2795	2	138	113	9421	1759	4382	0	122	68	2036	104	29	28	0	129	0	48	191	54	297	34	11	82	4	147	5	109	11	3	5	151	149	99	231	632	5	28	64	479	290	244	2	3	86	326	1771	212	1951	836	314	30	4	175	26	188	53	30	10	10
186	6	77	0	154	373	5800	5993	15175	424	5658	225	783	20	6477	423	48	165	25	121	454	147	52	214	683	4	73	48	2273	872	807	1	612	17	1235	46	17	11	0	58	1	20	63	23	99	12	1	36	1	80	4	41	5	1	2	67	70	34	97	244	5	16	25	178	131	95	0	1	24	117	860	97	1344	559	578	103	2	65	12	72	39	13	9	11
97	392	74	0	505	16	224	1323	424	8969	430	31	818	25	319	402	180	54	4	30	151	78	1451	178	4885	42	178	400	1853	310	376	0	31	21	229	215	64	46	0	272	4	70	345	92	1417	39	11	134	7	260	11	376	31	3	15	250	298	304	393	1280	15	38	102	885	579	613	4	8	248	689	990	112	342	134	276	11	1	403	51	361	74	97	24	4
114	2	43	0	933	42	5753	6322	5658	430	17305	164	1782	14	2323	84	25	58	18	64	2191	68	18	130	616	4	40	25	3204	846	163	0	148	17	996	26	8	1	0	115	0	19	45	12	56	18	2	33	4	38	4	11	0	1	1	105	21	15	25	297	2	7	11	172	58	38	1	1	14	69	530	57	988	332	222	35	4	49	13	43	21	13	5	8
13	28	100	0	9	7	77	181	225	31	164	7939	51	1304	227	10	18	493	880	2264	32	134	23	161	48	487	1916	380	151	272	147	7	25	4	2392	2	153	9	0	3	0	2	2	3	5	0	126	1	308	10	0	2	8	69	86	1	4	8	12	9	348	377	376	8	16	8	105	1	1	47	399	1651	2971	365	32	7	71	35	45	34	9	0	0	6
11	5	2	0	388	24	1550	221	783	818	1782	51	6262	7	358	449	5	2	3	7	1687	4	34	9	943	4	13	7	328	144	20	0	48	3	210	39	1	2	0	125	0	67	13	19	36	8	1	447	1	60	17	5	1	0	0	269	8	7	9	113	0	2	1	38	68	18	0	2	6	37	85	16	213	58	143	20	0	24	2	22	7	12	4	3
2	78	15	0	2	1	9	14	20	25	14	1304	7	3648	27	0	6	27	42	61	2	9	36	18	12	979	1008	475	9	26	10	22	4	1	146	1	103	1	0	0	0	0	1	0	1	0	142	1	396	4	0	1	3	70	71	3	0	3	4	2	343	319	311	3	7	0	119	0	0	39	49	792	340	41	2	1	208	15	49	41	12	0	1	12
586	2	62	0	99	151	1251	4633	6477	319	2323	227	358	27	11222	192	44	166	25	104	235	130	40	178	520	5	75	43	1593	2222	969	0	777	41	1314	31	16	9	0	25	1	13	43	18	75	5	6	18	5	53	2	28	6	0	2	29	60	28	90	139	2	13	19	107	102	67	3	1	20	101	696	110	1297	491	395	72	4	51	9	58	31	9	5	6
5	3	2	0	43	411	821	111	423	402	84	10	449	0	192	2115	5	1	3	2	20	9	12	11	299	0	3	5	84	33	23	0	266	2	38	3	0	1	0	5	0	0	7	1	8	0	1	1	0	3	0	1	0	0	0	5	6	0	6	20	0	0	0	20	8	13	0	0	3	13	177	6	100	52	541	98	0	7	0	8	3	1	0	0
10	74	177	0	3	0	8	120	48	180	25	18	5	6	44	5	7054	67	2	36	2	633	2879	1819	3025	3	75	1035	690	29	131	0	5	2	145	23	71	227	0	2	0	6	27	8	40	0	3	7	1	18	0	528	26	1	10	4	340	1449	1392	67	3	48	408	72	41	128	0	1	19	67	1070	329	248	134	28	3	0	106	26	47	12	5	1	2
15	109	2498	0	2	2	34	691	165	54	58	493	2	27	166	1	67	9238	84	2050	4	457	60	2277	95	30	1754	956	708	51	999	1	7	11	1696	2	1326	145	0	3	0	1	5	1	6	1	32	1	21	1	0	15	77	19	180	2	22	85	74	9	57	601	917	12	3	15	16	0	1	67	960	1374	1292	223	13	3	0	110	100	52	13	0	1	1
0	4	14	0	0	1	8	21	25	4	18	880	3	42	25	3	2	84	1499	587	4	12	4	20	6	33	586	69	26	25	24	0	5	0	203	1	61	1	0	1	0	1	0	0	0	0	20	0	32	2	0	0	2	15	30	1	0	3	2	1	98	96	100	1	4	2	9	0	1	11	66	221	367	47	3	1	3	5	12	9	5	0	0	1
7	29	243	0	3	1	28	234	121	30	64	2264	7	61	104	2	36	2050	587	5924	10	197	20	375	50	60	1223	409	208	73	315	0	9	4	1989	1	412	16	0	1	0	1	0	0	5	0	37	0	48	1	0	2	5	24	97	0	4	15	19	3	192	322	367	4	4	4	22	0	2	25	655	759	1882	312	12	1	2	61	46	26	9	1	0	3
13	0	4	0	1463	2	457	283	454	151	2191	32	1687	2	235	20	2	4	4	10	4694	4	4	8	355	2	8	2	672	108	16	0	15	3	175	1	0	0	0	20	0	4	10	1	13	0	0	8	2	0	0	2	0	0	0	19	1	0	2	50	0	2	0	26	8	9	1	0	3	17	60	7	178	49	38	6	0	10	2	9	4	5	1	1
20	12	302	0	8	1	50	767	147	78	68	134	4	9	130	9	633	457	12	197	4	10360	386	5258	386	3	145	226	2058	158	4399	0	6	322	2013	14	38	115	0	1	0	3	15	5	20	2	4	5	2	9	0	206	20	1	20	2	143	431	563	20	3	35	184	39	34	73	1	0	13	50	1906	461	1601	569	28	6	1	89	19	47	16	3	3	1
8	689	285	0	35	0	14	102	52	1451	18	23	34	36	40	12	2879	60	4	20	4	386	6909	1170	2120	65	226	1547	421	34	150	0	2	6	64	23	381	283	0	2	0	8	37	10	106	2	11	11	13	19	0	786	57	4	22	4	488	2751	1750	115	42	103	980	102	52	144	4	0	30	94	341	125	101	46	18	0	0	152	70	72	21	11	2	1
26	51	3328	0	12	3	67	1074	214	178	130	161	9	18	178	11	1819	2277	20	375	8	5258	1170	16713	569	8	452	2054	1629	278	1578	0	10	316	2075	19	382	546	0	3	0	7	40	10	33	4	13	13	3	20	1	440	131	4	67	5	179	1593	1435	44	13	213	1266	86	41	93	2	0	21	153	3629	1263	1902	565	45	12	1	215	104	145	38	8	2	2
134	183	165	0	1506	16	289	2795	683	4885	616	48	943	12	520	299	3025	95	6	50	355	386	2120	569	16935	15	86	528	6215	480	647	0	21	34	540	157	53	89	0	224	3	67	296	76	766	34	8	112	6	207	9	493	38	3	13	216	602	805	959	1024	6	43	158	772	444	560	2	9	181	547	1628	244	708	346	240	16	1	368	57	297	59	62	16	5
1	216	18	0	0	0	3	2	4	42	4	487	4	979	5	0	3	30	33	60	2	3	65	8	15	2839	658	425	2	7	2	5	0	0	68	0	244	5	0	0	0	0	1	1	0	0	196	1	528	4	0	0	6	77	75	2	1	0	6	1	799	382	538	4	7	1	138	1	0	40	26	420	128	17	0	0	194	18	62	32	6	0	0	9
8	563	1506	0	2	2	21	138	73	178	40	1916	13	1008	75	3	75	1754	586	1223	8	145	226	452	86	658	16782	6101	147	64	182	28	8	5	1006	8	3574	83	0	2	0	0	6	5	9	0	278	2	398	15	0	10	62	154	709	5	22	70	81	9	1349	2351	3017	9	23	25	138	0	2	190	1214	2716	1667	276	19	5	21	211	278	174	37	1	0	17
10	1557	3863	0	5	3	12	113	48	400	25	380	7	475	43	5	1035	956	69	409	2	226	1547	2054	528	425	6101	17551	227	30	126	27	2	3	619	11	3360	472	0	0	0	3	16	8	11	1	127	3	143	16	1	100	215	59	383	2	55	1107	367	17	571	1448	3403	41	19	48	39	1	5	196	1645	1440	1014	195	22	2	7	257	264	187	38	2	0	8
247	14	518	0	1247	18	1000	9421	2273	1853	3204	151	328	9	1593	84	690	708	26	208	672	2058	421	1629	6215	2	147	227	19925	825	3140	0	54	62	1708	137	39	69	0	184	4	55	202	64	442	23	8	81	5	165	5	317	25	4	11	186	446	392	637	762	4	35	112	556	346	463	2	4	131	396	2545	309	1844	888	241	23	2	273	38	238	58	43	15	8
1611	0	28	0	66	36	264	1759	872	310	846	272	144	26	2222	33	29	51	25	73	108	158	34	278	480	7	64	30	825	7227	1687	1	104	506	1417	20	7	3	0	13	1	11	37	10	70	2	1	13	4	46	1	26	5	2	1	19	48	29	64	90	3	6	7	75	71	62	0	3	15	63	374	77	1044	270	63	23	6	41	3	35	12	4	1	2
576	9	260	0	22	2	124	4382	807	376	163	147	20	10	969	23	131	999	24	315	16	4399	150	1578	647	2	182	126	3140	1687	12202	0	11	289	2917	28	31	31	0	6	1	9	38	14	77	5	1	12	1	37	1	109	12	2	10	10	154	136	288	100	3	24	47	94	86	122	1	2	19	95	1191	210	1927	717	63	14	0	82	13	66	21	4	3	1
0	1	0	0	0	0	0	0	1	0	0	7	0	22	0	0	0	1	0	0	0	0	0	0	0	5	28	27	0	1	0	37	0	0	4	0	1	0	0	0	0	0	0	0	0	0	1	0	0	0	0	0	0	1	2	0	0	0	0	0	1	5	1	0	0	0	0	0	0	0	2	5	7	1	0	0	0	0	0	0	0	0	0	0
4	0	1	0	3	467	558	122	612	31	148	25	48	4	777	266	5	7	5	9	15	6	2	10	21	0	8	2	54	104	11	0	1612	1	150	3	2	1	0	2	0	1	6	3	6	1	3	3	0	4	0	2	2	0	0	3	4	1	5	13	0	3	1	12	6	4	0	1	1	10	107	7	219	111	193	111	1	4	2	10	8	0	2	3
92	0	5	0	5	0	7	68	17	21	17	4	3	1	41	2	2	11	0	4	3	322	6	316	34	0	5	3	62	506	289	0	1	848	136	2	0	0	0	0	0	0	2	1	5	0	0	0	0	2	0	0	0	0	0	0	3	3	3	1	0	0	1	0	3	5	0	0	1	4	52	2	92	32	2	1	0	1	0	2	0	1	0	0
154	32	620	0	81	61	369	2036	1235	229	996	2392	210	146	1314	38	145	1696	203	1989	175	2013	64	2075	540	68	1006	619	1708	1417	2917	4	150	136	13045	16	242	43	0	13	0	11	22	15	47	4	19	13	42	26	4	27	22	8	40	16	51	74	114	82	56	142	231	72	43	42	12	0	10	64	1721	822	8019	1624	160	38	30	90	39	61	32	9	4	8
8	0	5	0	11	1	8	104	46	215	26	2	39	1	31	3	23	2	1	1	1	14	23	19	157	0	8	11	137	20	28	0	3	2	16	8047	17	204	0	339	20	427	1834	1423	181	440	70	1743	19	5239	28	57	424	22	201	1424	322	57	510	1093	6	339	103	1191	5484	3561	5	43	421	1079	50	10	20	9	18	1	0	275	73	710	146	69	36	15
0	993	1737	0	0	0	3	29	17	64	8	153	1	103	16	0	71	1326	61	412	0	38	381	382	53	244	3574	3360	39	7	31	1	2	0	242	17	12213	432	0	0	0	4	15	13	377	3	245	5	296	18	1	102	367	109	945	4	67	1351	234	144	1624	3582	8241	41	36	78	105	0	8	376	397	2039	311	47	1	0	9	463	657	329	78	9	3	21
0	52	401	0	0	0	2	28	11	46	1	9	2	1	9	1	227	145	1	16	0	115	283	546	89	5	83	472	69	3	31	0	1	0	43	204	432	7284	0	4	1	28	257	114	16	22	29	32	5	181	3	36	848	11	163	11	373	424	3427	24	12	2052	1722	245	167	634	3	3	18	270	112	145	58	9	3	1	0	500	339	359	84	36	20	1
0	0	0	0	0	0	0	0	0	0	0	0	0	0	0	0	0	0	0	0	0	0	0	0	0	0	0	0	0	0	0	0	0	0	0	0	0	0	0	0	0	0	0	0	0	0	0	0	0	0	0	0	0	0	0	0	0	0	0	0	0	0	0	0	0	0	0	0	0	0	0	0	0	0	0	0	0	0	0	0	0	0	0	0
1	0	1	0	131	0	34	129	58	272	115	3	125	0	25	5	2	3	1	1	20	1	2	3	224	0	2	0	184	13	6	0	2	0	13	339	0	4	0	5981	3	439	63	200	187	641	18	1756	3	447	70	1	5	1	4	3607	6	3	18	3238	1	9	8	1249	602	30	2	16	43	420	25	2	21	5	11	0	0	142	10	244	39	95	6	6
0	0	0	0	0	0	0	0	1	4	0	0	0	0	1	0	0	0	0	0	0	0	0	0	3	0	0	0	4	1	1	0	0	0	0	20	0	1	0	3	1330	584	8	411	9	4	2	50	1	77	173	0	0	0	0	23	2	0	2	12	1	0	0	11	164	5	0	766	2	229	3	0	0	0	0	0	0	56	4	81	34	175	198	3
0	2	4	0	4	1	7	48	20	70	19	2	67	0	13	0	6	1	1	1	4	3	8	7	67	0	0	3	55	11	9	0	1	0	11	427	4	28	0	439	584	9349	375	3026	78	1409	34	4551	14	1233	1092	12	20	7	18	2463	44	11	81	1063	1	37	11	916	1058	163	4	605	61	809	17	4	9	3	8	0	0	216	34	415	147	186	198	19
15	1	10	0	21	1	26	191	63	345	45	2	13	1	43	7	27	5	0	0	10	15	37	40	296	1	6	16	202	37	38	0	6	2	22	1834	15	257	0	63	8	375	9270	794	202	483	16	634	1	1619	26	57	225	3	86	308	422	54	729	735	1	209	98	3436	1490	2653	0	16	289	721	75	11	38	20	35	2	0	261	42	363	78	46	15	3
4	0	3	0	3	2	5	54	23	92	12	3	19	0	18	1	8	1	0	0	1	5	10	10	76	1	5	8	64	10	14	0	3	1	15	1423	13	114	0	200	411	3026	794	8021	58	574	32	1759	13	3232	355	16	112	8	42	985	148	22	294	683	4	104	51	711	1497	766	1	830	59	900	18	5	18	10	10	1	1	261	55	503	205	140	209	30
20	20	9	0	46	1	33	297	99	1417	56	5	36	1	75	8	40	6	0	5	13	20	106	33	766	0	9	11	442	70	77	0	6	5	47	181	377	16	0	187	9	78	202	58	5016	16	18	588	22	210	171	433	26	7	22	164	120	953	138	1872	107	63	292	552	472	577	4	4	234	549	143	11	57	26	46	1	0	364	66	284	77	530	13	4
1	0	1	0	3	0	7	34	12	39	18	0	8	0	5	0	0	1	0	0	0	2	2	4	34	0	0	1	23	2	5	0	1	0	4	440	3	22	0	641	4	1409	483	574	16	5376	20	2366	6	566	48	6	12	4	5	2892	28	3	57	661	1	25	11	826	551	71	1	10	25	333	9	2	8	3	3	0	0	91	16	212	34	23	4	3
0	12	18	0	0	2	0	11	1	11	2	126	1	142	6	1	3	32	20	37	0	4	11	13	8	196	278	127	8	1	1	1	3	0	19	70	245	29	0	18	2	34	16	32	18	20	7926	84	2827	157	6	8	75	929	830	75	46	28	128	65	596	1908	760	54	357	51	487	14	12	2177	22	330	39	21	4	0	15	237	705	1491	175	4	1	353
1	0	2	0	17	1	17	82	36	134	33	1	447	1	18	1	7	1	0	0	8	5	11	13	112	1	2	3	81	13	12	0	3	0	13	1743	5	32	0	1756	50	4551	634	1759	588	2366	84	12462	23	2472	683	22	16	18	23	6558	42	20	81	2879	4	64	28	1310	2416	147	5	106	87	1271	34	4	16	13	10	0	0	383	45	761	157	442	39	16
1	20	11	0	1	2	1	4	1	7	4	308	1	396	5	0	1	21	32	48	2	2	13	3	6	528	398	143	5	4	1	0	0	0	42	19	296	5	0	3	1	14	1	13	22	6	2827	23	6548	42	3	9	11	276	109	19	13	47	35	23	1261	1456	1783	9	100	9	1407	8	3	354	20	593	63	21	1	0	26	124	439	352	82	3	3	333
10	0	5	0	13	2	16	147	80	260	38	10	60	4	53	3	18	1	2	1	0	9	19	20	207	4	15	16	165	46	37	0	4	2	26	5239	18	181	0	447	77	1233	1619	3232	210	566	157	2472	42	11412	204	52	297	33	159	1837	268	48	445	1296	17	306	108	1265	6675	2375	10	261	399	1936	74	15	37	26	29	2	1	422	101	1134	305	134	82	33
0	0	2	0	1	0	2	5	4	11	4	0	17	0	2	0	0	0	0	0	0	0	0	1	9	0	0	1	5	1	1	0	0	0	4	28	1	3	0	70	173	1092	26	355	171	48	6	683	3	204	1895	5	4	1	1	243	4	2	9	148	0	7	2	85	191	28	2	83	11	124	3	0	2	0	3	0	0	83	6	52	26	699	22	3
10	5	35	0	9	0	9	109	41	376	11	2	5	1	28	1	528	15	0	2	2	206	786	440	493	0	10	100	317	26	109	0	2	0	27	57	102	36	0	1	0	12	57	16	433	6	8	22	9	52	5	5417	42	1	16	12	536	1843	1671	1063	14	55	874	641	116	314	3	1	62	210	99	25	34	16	18	0	0	407	138	167	51	30	9	3
1	49	226	0	0	0	0	11	5	31	0	8	1	3	6	0	26	77	2	5	0	20	57	131	38	6	62	215	25	5	12	0	2	0	22	424	367	848	0	5	0	20	225	112	26	12	75	16	11	297	4	42	6896	13	916	14	945	188	3314	51	13	1131	1046	182	747	1387	2	2	110	816	47	89	33	14	5	1	0	483	422	675	178	36	31	8
0	5	6	0	1	0	0	3	1	3	1	69	0	70	0	0	1	19	15	24	0	1	4	4	3	77	154	59	4	2	2	1	0	0	8	22	109	11	0	1	0	7	3	8	7	4	929	18	276	33	1	1	13	2442	666	10	7	9	38	14	228	1282	358	8	75	25	86	0	4	252	2	79	13	2	2	0	0	126	281	245	36	1	0	11
1	35	144	0	0	0	0	5	2	15	1	86	0	71	2	0	10	180	30	97	0	20	22	67	13	75	709	383	11	1	10	2	0	0	40	201	945	163	0	4	0	18	86	42	22	5	830	23	109	159	1	16	916	666	6323	17	195	70	518	18	319	3751	1084	63	250	480	37	2	18	785	60	448	46	4	0	0	2	613	894	596	133	6	6	7
4	0	0	0	71	0	32	151	67	250	105	1	269	3	29	5	4	2	1	0	19	2	4	5	216	2	5	2	186	19	10	0	3	0	16	1424	4	11	0	3607	23	2463	308	985	164	2892	75	6558	19	1837	243	12	14	10	17	10590	21	8	50	3393	4	46	20	1775	2101	94	6	61	92	1238	36	1	26	14	14	0	0	359	41	753	136	135	30	15
17	9	30	0	5	2	12	149	70	298	21	4	8	0	60	6	340	22	0	4	1	143	488	179	602	1	22	55	446	48	154	0	4	3	51	322	67	373	0	6	2	44	422	148	120	28	46	42	13	268	4	536	945	7	195	21	11127	621	8070	90	11	284	392	1503	529	3490	4	6	246	1366	130	26	54	22	22	2	0	766	217	1172	273	117	63	7
12	81	551	0	10	1	7	99	34	304	15	8	7	3	28	0	1449	85	3	15	0	431	2751	1593	805	0	70	1107	392	29	136	0	1	3	74	57	1351	424	0	3	0	11	54	22	953	3	28	20	47	48	2	1843	188	9	70	8	621	8429	2239	643	252	282	3270	198	115	259	10	1	47	247	277	123	104	39	10	0	0	317	210	238	74	32	8	2
29	22	190	0	6	1	15	231	97	393	25	12	9	4	90	6	1392	74	2	19	2	563	1750	1435	959	6	81	367	637	64	288	0	5	3	114	510	234	3427	0	18	2	81	729	294	138	57	128	81	35	445	9	1671	3314	38	518	50	8070	2239	22334	192	31	1370	2925	1132	1122	3151	9	9	462	1987	325	112	126	50	29	1	0	2595	937	2505	724	314	135	20
19	8	10	0	201	5	94	632	244	1280	297	9	113	2	139	20	67	9	1	3	50	20	115	44	1024	1	9	17	762	90	100	0	13	1	82	1093	144	24	0	3238	12	1063	735	683	1872	661	65	2879	23	1296	148	1063	51	14	18	3393	90	643	192	13503	36	61	190	3994	1987	829	5	42	442	1767	179	11	108	40	69	5	1	670	91	936	185	318	39	15
0	61	22	0	0	0	1	5	5	15	2	348	0	343	2	0	3	57	98	192	0	3	42	13	6	799	1349	571	4	3	3	1	0	0	56	6	1624	12	0	1	1	1	1	4	107	1	596	4	1261	17	0	14	13	228	319	4	11	252	31	36	4400	1262	2711	7	36	12	236	3	5	192	26	267	81	11	0	0	17	96	219	165	36	2	0	107
1	197	530	0	0	0	3	28	16	38	7	377	2	319	13	0	48	601	96	322	2	35	103	213	43	382	2351	1448	35	6	24	5	3	0	142	339	3582	2052	0	9	0	37	209	104	63	25	1908	64	1456	306	7	55	1131	1282	3751	46	284	282	1370	61	1262	18991	6415	186	412	800	1010	8	28	1027	187	1538	186	36	4	1	6	1018	1673	1042	228	15	11	36
1	778	1664	0	4	1	4	64	25	102	11	376	1	311	19	0	408	917	100	367	0	184	980	1266	158	538	3017	3403	112	7	47	1	1	1	231	103	8241	1722	0	8	0	11	98	51	292	11	760	28	1783	108	2	874	1046	358	1084	20	392	3270	2925	190	2711	6415	25976	253	188	293	707	7	34	1085	448	1636	308	60	7	0	9	1736	1843	1274	296	48	23	31
25	3	23	0	80	8	87	479	178	885	172	8	38	3	107	20	72	12	1	4	26	39	102	86	772	4	9	41	556	75	94	0	12	0	72	1191	41	245	0	1249	11	916	3436	711	552	826	54	1310	9	1265	85	641	182	8	63	1775	1503	198	1132	3994	7	186	253	13810	1801	2306	2	30	570	1638	162	20	110	46	66	6	2	658	133	861	189	141	44	13
17	3	10	0	31	1	26	290	131	579	58	16	68	7	102	8	41	3	4	4	8	34	52	41	444	7	23	19	346	71	86	0	6	3	43	5484	36	167	0	602	164	1058	1490	1497	472	551	357	2416	100	6675	191	116	747	75	250	2101	529	115	1122	1987	36	412	188	1801	15590	4381	25	768	2084	5752	154	26	72	47	61	4	0	922	196	2461	620	211	249	67
18	6	31	0	21	1	22	244	95	613	38	8	18	0	67	13	128	15	2	4	9	73	144	93	560	1	25	48	463	62	122	0	4	5	42	3561	78	634	0	30	5	163	2653	766	577	71	51	147	9	2375	28	314	1387	25	480	94	3490	259	3151	829	12	800	293	2306	4381	13365	4	20	1426	3007	142	33	55	33	38	4	0	941	235	1591	380	187	94	11
0	8	5	0	0	1	0	2	0	4	1	105	0	119	3	0	0	16	9	22	1	1	4	2	2	138	138	39	2	0	1	0	0	0	12	5	105	3	0	2	0	4	0	1	4	1	487	5	1407	10	2	3	2	86	37	6	4	10	9	5	236	1010	707	2	25	4	1912	2	1	83	4	172	13	1	0	0	2	32	105	79	13	1	0	9
2	0	1	0	0	1	0	3	1	8	1	1	2	0	1	0	1	0	0	0	0	0	0	0	9	1	0	1	4	3	2	0	1	0	0	43	0	3	0	16	766	605	16	830	4	10	14	106	8	261	83	1	2	0	2	61	6	1	9	42	3	8	7	30	768	20	2	1897	7	713	4	1	1	5	0	1	0	100	18	206	116	77	302	15
6	0	2	0	9	0	7	86	24	248	14	1	6	0	20	3	19	1	1	2	3	13	30	21	181	0	2	5	131	15	19	0	1	1	10	421	8	18	0	43	2	61	289	59	234	25	12	87	3	399	11	62	110	4	18	92	246	47	462	442	5	28	34	570	2084	1426	1	7	2701	1901	50	3	19	15	15	2	0	135	38	329	70	45	17	2
20	29	112	0	41	3	36	326	117	689	69	47	37	39	101	13	67	67	11	25	17	50	94	153	547	40	190	196	396	63	95	0	10	4	64	1079	376	270	0	420	229	809	721	900	549	333	2177	1271	354	1936	124	210	816	252	785	1238	1366	247	1987	1767	192	1027	1085	1638	5752	3007	83	713	1901	15190	252	170	107	69	64	4	2	2232	785	7095	1603	343	528	188
102	113	1306	0	63	57	304	1771	860	990	530	399	85	49	696	177	1070	960	66	655	60	1906	341	3629	1628	26	1214	1645	2545	374	1191	2	107	52	1721	50	397	112	0	25	3	17	75	18	143	9	22	34	20	74	3	99	47	2	60	36	130	277	325	179	26	187	448	162	154	142	4	4	50	252	17030	1974	4378	1980	1173	66	2	680	91	214	76	17	11	21
12	74	942	0	6	7	27	212	97	112	57	1651	16	792	110	6	329	1374	221	759	7	461	125	1263	244	420	2716	1440	309	77	210	5	7	2	822	10	2039	145	0	2	0	4	11	5	11	2	330	4	593	15	0	25	89	79	448	1	26	123	112	11	267	1538	1636	20	26	33	172	1	3	170	1974	10408	1444	369	43	7	113	205	296	152	43	1	0	18
126	55	878	0	87	75	461	1951	1344	342	988	2971	213	340	1297	100	248	1292	367	1882	178	1601	101	1902	708	128	1667	1014	1844	1044	1927	7	219	92	8019	20	311	58	0	21	0	9	38	18	57	8	39	16	63	37	2	34	33	13	46	26	54	104	126	108	81	186	308	110	72	55	13	1	19	107	4378	1444	14920	3911	299	159	104	187	73	119	93	13	7	40
60	8	162	0	29	45	205	836	559	134	332	365	58	41	491	52	134	223	47	312	49	569	46	565	346	17	276	195	888	270	717	1	111	32	1624	9	47	9	0	5	0	3	20	10	26	3	21	13	21	26	0	16	14	2	4	14	22	39	50	40	11	36	60	46	47	33	1	5	15	69	1980	369	3911	5182	142	164	13	57	43	98	111	6	5	60
14	0	11	0	30	175	415	314	578	276	222	32	143	2	395	541	28	13	3	12	38	28	18	45	240	0	19	22	241	63	63	0	193	2	160	18	1	3	0	11	0	8	35	10	46	3	4	10	1	29	3	18	5	2	0	14	22	10	29	69	0	4	7	66	61	38	0	0	15	64	1173	43	299	142	2595	93	0	34	6	32	9	3	1	4
3	0	0	0	4	198	68	30	103	11	35	7	20	1	72	98	3	3	1	1	6	6	0	12	16	0	5	2	23	23	14	0	111	1	38	1	0	1	0	0	0	0	2	1	1	0	0	0	0	2	0	0	1	0	0	0	2	0	1	5	0	1	0	6	4	4	0	1	2	4	66	7	159	164	93	551	1	3	0	4	3	0	1	0
0	2	1	0	1	1	1	4	2	1	4	71	0	208	4	0	0	0	3	2	0	1	0	1	1	194	21	7	2	6	0	0	1	0	30	0	9	0	0	0	0	0	0	1	0	0	15	0	26	1	0	0	0	0	2	0	0	0	0	1	17	6	9	2	0	0	2	0	0	2	2	113	104	13	0	1	382	0	12	2	2	0	0	4
11	45	149	0	18	0	24	175	65	403	49	35	24	15	51	7	106	110	5	61	10	89	152	215	368	18	211	257	273	41	82	0	4	1	90	275	463	500	0	142	56	216	261	261	364	91	237	383	124	422	83	407	483	126	613	359	766	317	2595	670	96	1018	1736	658	922	941	32	100	135	2232	680	205	187	57	34	3	0	12206	4205	2393	765	365	212	106
2	54	151	0	2	0	4	26	12	51	13	45	2	49	9	0	26	100	12	46	2	19	70	104	57	62	278	264	38	3	13	0	2	0	39	73	657	339	0	10	4	34	42	55	66	16	705	45	439	101	6	138	422	281	894	41	217	210	937	91	219	1673	1843	133	196	235	105	18	38	785	91	296	73	43	6	0	12	4205	7593	1362	730	18	34	256
11	31	108	0	29	1	25	188	72	361	43	34	22	41	58	8	47	52	9	26	9	47	72	145	297	32	174	187	238	35	66	0	10	2	61	710	329	359	0	244	81	415	363	503	284	212	1491	761	352	1134	52	167	675	245	596	753	1172	238	2505	936	165	1042	1274	861	2461	1591	79	206	329	7095	214	152	119	98	32	4	2	2393	1362	11793	2885	538	481	369
5	3	18	0	6	1	14	53	39	74	21	9	7	12	31	3	12	13	5	9	4	16	21	38	59	6	37	38	58	12	21	0	8	0	32	146	78	84	0	39	34	147	78	205	77	34	175	157	82	305	26	51	178	36	133	136	273	74	724	185	36	228	296	189	620	380	13	116	70	1603	76	43	93	111	9	3	2	765	730	2885	3563	74	235	314
1	0	2	0	7	0	7	30	13	97	13	0	12	0	9	1	5	0	0	1	5	3	11	8	62	0	1	2	43	4	4	0	0	1	9	69	9	36	0	95	175	186	46	140	530	23	4	442	3	134	699	30	36	1	6	135	117	32	314	318	2	15	48	141	211	187	1	77	45	343	17	1	13	6	3	0	0	365	18	538	74	2738	222	1
1	0	1	0	5	0	4	10	9	24	5	0	4	1	5	0	1	1	0	0	1	3	2	2	16	0	0	0	15	1	3	0	2	0	4	36	3	20	0	6	198	198	15	209	13	4	1	39	3	82	22	9	31	0	6	30	63	8	135	39	0	11	23	44	249	94	0	302	17	528	11	0	7	5	1	1	0	212	34	481	235	222	1031	13
0	0	1	0	0	1	5	10	11	4	8	6	3	12	6	0	2	1	1	3	1	1	1	2	5	9	17	8	8	2	1	0	3	0	8	15	21	1	0	6	3	19	3	30	4	3	353	16	333	33	3	3	8	11	7	15	7	2	20	15	107	36	31	13	67	11	9	15	2	188	21	18	40	60	4	0	4	106	256	369	314	1	13	876
