0.0127471561413	0	0.000151571416662	0	0	3.78928541656e-05	0.000200832127077	0.00647588877689	0.00471008177278	0	0.000970057066638	0.000788171366644	1.89464270828e-05	3.78928541656e-06	0.00842737076642	3.78928541656e-06	3.4103568749e-05	4.54714249987e-05	0.000325878545824	0.000193253556244	0.000117467847913	0.00113678562497	0	0.000128835704163	0	3.78928541656e-06	0.000181885699995	1.51571416662e-05	0.00139445703329	0.00636978878523	0.00487681033111	0	0	8.71535645808e-05	0.00108373562914	0	0	7.57857083311e-06	0	0	0	0	0	0	0	0	0	0	0	0	0	0	1.13678562497e-05	0	0	0	0	7.57857083311e-06	0	0	0	3.78928541656e-06	0	0	0	0	0	0	0	0	4.16821395821e-05	1.51571416662e-05	0.000894271358307	9.85214208305e-05	3.78928541656e-06	0	0	0	0	0	0	0	0	0
0	0.0147024274162	0	0	0	0	0	0	0	0.002701760502	0	9.85214208305e-05	0	0.000625232093732	0	0	0.00179612128745	0	3.78928541656e-06	0	0	0	0.00796886723102	0	0.0041644246728	0.00367181756864	0.000515342816652	0.0117657312184	2.65249979159e-05	0	0	0	0	0	0	0	0.00243651052285	3.03142833324e-05	0	0	0	3.78928541656e-06	0	3.78928541656e-06	1.51571416662e-05	3.78928541656e-06	7.57857083311e-06	0	4.92607104152e-05	3.78928541656e-06	0	1.89464270828e-05	3.78928541656e-06	0	0	0	0	0.000447135679154	5.30499958318e-05	1.51571416662e-05	0.000170517843745	1.51571416662e-05	0.0022432569666	0	0	0	0	0	0	0	1.89464270828e-05	1.51571416662e-05	0	0	0	0	2.27357124993e-05	0	7.57857083311e-06	3.78928541656e-05	0	0	0	0
0.000151571416662	0	0.0414320467446	0	3.78928541656e-06	3.03142833324e-05	2.65249979159e-05	0.00607801380816	0.0012125713333	1.13678562497e-05	0.000113678562497	0.000265249979159	1.13678562497e-05	0	0.00258429265409	0	6.44178520815e-05	0.00402043182697	9.47321354139e-05	0.000575971383317	1.13678562497e-05	0.000636599949981	3.78928541656e-06	0.0142552917371	0.000170517843745	1.13678562497e-05	0.00405832468113	0.0133117596684	0.0039370675478	0.000413032110405	0.00169759986662	3.78928541656e-06	1.51571416662e-05	0.000257671408326	0.00136035346454	0	0.0011443641958	0.00262218550826	0	1.51571416662e-05	0	0.000106099991664	0.000155360702079	0.000140203560413	2.65249979159e-05	1.13678562497e-05	1.89464270828e-05	0	3.4103568749e-05	9.85214208305e-05	0	4.16821395821e-05	0.00324362831657	1.51571416662e-05	1.89464270828e-05	1.51571416662e-05	0.000106099991664	0.00316784260824	0.00277375692492	1.13678562497e-05	0	0.00106478920205	0.00557782813317	0.000348614258323	1.13678562497e-05	0	3.78928541656e-06	0	0	0.000189464270828	0.00559677456025	0.00159907844579	0.00181127842911	0.000299353547908	1.51571416662e-05	2.27357124993e-05	3.78928541656e-06	0.000898060643724	0.000356192829156	0.000295564262491	0.000246303552076	7.95749937477e-05	1.89464270828e-05	0
0	0	0	0	0	0	0	0	0	0	0	0	0	0	0	0	0	0	0	0	0	0	0	0	0	0	0	0	0	0	0	0	0	0	0	0	0	0	0	0	0	0	0	0	0	0	0	0	0	0	0	0	0	0	0	0	0	0	0	0	0	0	0	0	0	0	0	0	0	0	0	0	0	0	0	0	0	0	0	0	0	0	0	0
0	0	3.78928541656e-06	0	0.0164606558495	0	0.000178096414578	0.000234935695826	3.78928541656e-06	0.00278133549575	0.00140203560413	0.000538078529151	0.00197421770203	0	3.03142833324e-05	6.06285666649e-05	0	0	0.000159149987495	5.30499958318e-05	0.00463050677903	0	0	0	0.00593023167691	3.03142833324e-05	0.00021977855416	0	0.00628642450607	4.16821395821e-05	0	0	3.78928541656e-06	0	0.000193253556244	1.13678562497e-05	0	0	0	0.00463050677903	1.13678562497e-05	0.00190222127911	0	6.06285666649e-05	0.00179991057286	0.000443346393737	0.000106099991664	0.00303900690408	4.54714249987e-05	9.85214208305e-05	3.4103568749e-05	0	0	6.8207137498e-05	7.19964229146e-05	0.00474418534153	0	5.30499958318e-05	0	0.00287606763117	0	6.8207137498e-05	1.13678562497e-05	0.00137929989163	0.000420610681238	0	1.13678562497e-05	0	0	0.000481239247903	2.65249979159e-05	0	0.000602496381232	0	0.00023114641041	0	0	0.000200832127077	7.57857083311e-06	0.000382717827072	0	1.13678562497e-05	1.51571416662e-05	0
3.78928541656e-05	0	3.03142833324e-05	0	0	0.00905260286015	0.00467218891861	0.0005721820979	0.00429704966237	1.13678562497e-05	0.000898060643724	5.30499958318e-05	0.000197042841661	0	0.000151571416662	0.00156118559162	0	0	7.57857083311e-06	7.57857083311e-06	4.54714249987e-05	4.16821395821e-05	0	0	2.65249979159e-05	0	1.89464270828e-05	0	0.000212199983327	3.03142833324e-05	3.78928541656e-06	0	0.00228114982077	2.65249979159e-05	0.00023114641041	0	0	0	0	3.78928541656e-06	0	0	0	0	0	0	0	0	0	0	0	0	0	0	0	0	0	0	0	0.000102310706247	0	0	0	7.95749937477e-05	0	0	0	0	0	0	0.000507764245819	7.57857083311e-06	0.000640389235398	5.68392812483e-05	0.00131867132496	0.00144750702912	0	0	0	0	0	0	0	0
0.000200832127077	0	2.65249979159e-05	0	0.000178096414578	0.00467218891861	0.0326560617199	0.00691923517063	0.0138649953392	0.000128835704163	0.0145584345704	0.00134898560829	0.00513448173943	7.57857083311e-06	0.000765435654144	0.00239861766868	1.51571416662e-05	0	0.000250092837493	0.00047366067707	0.0010079499208	0.000318299974991	0	0	0.000424399966654	0	0.000246303552076	0	0.00215610340202	0.000424399966654	2.27357124993e-05	0	0.000829853506226	7.57857083311e-06	0.000958689210389	0	0	0	0	4.54714249987e-05	0	1.13678562497e-05	0	3.78928541656e-06	3.78928541656e-05	3.78928541656e-06	0	2.27357124993e-05	0	0	0	0	0	0	0	2.65249979159e-05	0	3.78928541656e-06	0	0.00024251426666	0	0	0	0.000166728558328	0	0	0	0	0	0	0.000841221362475	3.78928541656e-06	0.00272070692909	2.27357124993e-05	0.000943532068722	0.00034103568749	3.78928541656e-06	3.4103568749e-05	0	0	0	3.78928541656e-06	0	0
0.00647588877689	0	0.00607801380816	0	0.000234935695826	0.0005721820979	0.00691923517063	0.0913407249661	0.0180407878682	0.00146645345621	0.0280520799388	0.00654030662898	0.00143613917287	1.51571416662e-05	0.0200112162848	0.000159149987495	0.000322089260407	0.000591128524983	0.00223567839577	0.00473281748528	0.00144750702912	0.00859788861017	0	0.00547930671234	0.00181885699995	4.92607104152e-05	0.00152708202287	0.000754067797895	0.0390334290759	0.0112503884018	0.0157255344787	3.78928541656e-06	0.000439557108321	0.00585444596858	0.0100719206372	0	2.27357124993e-05	1.13678562497e-05	0	0.000659335662481	0	0.000306932118741	3.78928541656e-06	1.89464270828e-05	0.000719964229146	0.000106099991664	3.03142833324e-05	0.000117467847913	0	7.57857083311e-05	0	3.78928541656e-06	0.000162939272912	1.51571416662e-05	3.78928541656e-05	0.000477449962486	1.89464270828e-05	4.54714249987e-05	8.33642791642e-05	0.00422126395404	0	0.000128835704163	0.000178096414578	0.00245924623534	7.57857083311e-05	3.78928541656e-06	0	0	3.78928541656e-06	0.000143992845829	0.0046001924957	0.000382717827072	0.0144333881517	0.00216368197285	0.00069343923123	0.000106099991664	7.95749937477e-05	0.000359982114573	1.51571416662e-05	9.85214208305e-05	3.03142833324e-05	7.57857083311e-06	1.89464270828e-05	0
0.00471008177278	0	0.0012125713333	0	3.78928541656e-06	0.00429704966237	0.0138649953392	0.0180407878682	0.0426711430758	2.27357124993e-05	0.0141491917454	0.0010761570583	0.0005721820979	1.51571416662e-05	0.0136300596434	0.000674492804147	0.000132624989579	1.89464270828e-05	0.000215989268744	0.000333457116657	0.00069343923123	0.00270933907284	0	0.000947321354139	0.000299353547908	3.78928541656e-06	0.000174307129162	0.000106099991664	0.00539594243318	0.00464187463528	0.00211063197702	0	0.00233041053118	0.000591128524983	0.00148918916871	0	0	0	0	4.16821395821e-05	0	1.13678562497e-05	0	0	7.57857083311e-06	3.78928541656e-06	0	3.78928541656e-06	0	0	0	0	2.27357124993e-05	0	3.78928541656e-06	2.65249979159e-05	0	0	0	0.000246303552076	0	1.51571416662e-05	3.03142833324e-05	0.000166728558328	0	0	0	0	0	0	0.0013035141833	5.30499958318e-05	0.00288743548742	0.000322089260407	0.000943532068722	0.000685860660397	7.57857083311e-06	1.51571416662e-05	0	7.57857083311e-06	7.57857083311e-06	3.78928541656e-06	0	0
0	0.002701760502	1.13678562497e-05	0	0.00278133549575	1.13678562497e-05	0.000128835704163	0.00146645345621	2.27357124993e-05	0.0356723329115	0.000106099991664	9.85214208305e-05	0.0012580427583	0.000189464270828	3.78928541656e-06	0.00184159271245	0.00126183204371	3.78928541656e-06	1.51571416662e-05	2.27357124993e-05	0.000272828549992	0	0.00554372456442	3.78928541656e-06	0.0268887693159	0.00111404991247	2.65249979159e-05	0.00264871050617	0.0150851452433	7.57857083311e-06	3.78928541656e-06	0	0	0	1.89464270828e-05	0.00144371774371	0.000394085683322	0	0	0.0033194140249	0	0.000170517843745	0	2.27357124993e-05	0.0158051094725	0	1.51571416662e-05	0.00206516055202	1.13678562497e-05	0.000522921387485	2.27357124993e-05	2.65249979159e-05	4.54714249987e-05	0	3.78928541656e-06	0.00307311047283	4.54714249987e-05	0.00219020697077	4.16821395821e-05	0.0171768307932	2.27357124993e-05	7.57857083311e-06	0.000394085683322	0.0103144349039	0.00178854271661	0.000189464270828	0	0	0.000860167789558	0.00122772847496	6.44178520815e-05	3.78928541656e-06	7.95749937477e-05	0	0.00121636061871	0	1.13678562497e-05	0.000413032110405	1.51571416662e-05	0.000454714249987	0.000189464270828	0.000117467847913	4.16821395821e-05	0
0.000970057066638	0	0.000113678562497	0	0.00140203560413	0.000898060643724	0.0145584345704	0.0280520799388	0.0141491917454	0.000106099991664	0.0538836386234	0.00658956733939	0.00635084235815	5.30499958318e-05	0.00493743889777	0.000344824972907	2.65249979159e-05	3.03142833324e-05	0.00217126054369	0.00353161400823	0.00713901372479	0.00123909633121	0	0.000284196406242	0.000458503535403	0	0.00136035346454	4.92607104152e-05	0.0131753453934	0.00336867473532	0.000469871391653	7.57857083311e-06	0.000610074952066	0.000253882122909	0.00480860319361	3.78928541656e-06	0	0	0	0.000568392812483	0	0.000356192829156	0	2.65249979159e-05	4.54714249987e-05	0.00023114641041	3.78928541656e-06	0.000189464270828	0	2.65249979159e-05	1.13678562497e-05	0	3.78928541656e-06	0	3.78928541656e-06	0.000545657099984	0	0	0	0.000500185674985	0	3.78928541656e-06	3.78928541656e-06	0.000166728558328	3.4103568749e-05	0	0	0	0	6.8207137498e-05	0.00175443914787	0.00012125713333	0.0117316276497	0.000659335662481	0.000409242824988	7.95749937477e-05	3.4103568749e-05	9.85214208305e-05	7.57857083311e-06	6.8207137498e-05	0	0	0	0
0.000788171366644	9.85214208305e-05	0.000265249979159	0	0.000538078529151	5.30499958318e-05	0.00134898560829	0.00654030662898	0.0010761570583	9.85214208305e-05	0.00658956733939	0.0411213253405	0.00514584959568	0.00589991739358	0.00238346052701	1.13678562497e-05	7.57857083311e-06	0.000125046418746	0.00658198876856	0.00938605997681	0.00543004600192	0.000780592795811	6.44178520815e-05	0.000333457116657	0.00151192488121	0.00158392130412	0.00950731711014	0.000920796356223	0.00360361043114	0.00512311388318	0.000136414274996	0.0010306856333	0.000469871391653	0.000378928541656	0.0143310774454	0	0.000102310706247	3.78928541656e-06	0	2.65249979159e-05	0	3.4103568749e-05	0	7.57857083311e-06	7.19964229146e-05	0	5.68392812483e-05	6.8207137498e-05	0.000757857083311	1.13678562497e-05	3.78928541656e-06	0	3.78928541656e-06	3.78928541656e-06	3.78928541656e-06	5.30499958318e-05	0	3.78928541656e-05	3.78928541656e-06	0.000359982114573	0.000227357124993	0.000212199983327	0.000466082106236	0.000390296397905	7.57857083311e-06	0	3.03142833324e-05	0	0	0.000136414274996	0.00414547824571	0.00577866026025	0.0213071518973	0.000272828549992	0.00174307129162	0.000269039264575	0.000973846352055	0.000568392812483	0.000409242824988	0.000151571416662	7.57857083311e-06	8.71535645808e-05	7.57857083311e-06	3.78928541656e-06
1.89464270828e-05	0	1.13678562497e-05	0	0.00197421770203	0.000197042841661	0.00513448173943	0.00143613917287	0.0005721820979	0.0012580427583	0.00635084235815	0.00514584959568	0.0287568870262	2.65249979159e-05	0.000458503535403	0.00139445703329	0	0	0.00209547483536	0.00153466059371	0.0123644383142	1.51571416662e-05	0	0	0.00311100332699	2.27357124993e-05	0.00193632484786	0	0.00117467847913	0.00101931777705	0	3.78928541656e-06	2.27357124993e-05	0	0.00306932118741	3.78928541656e-06	3.78928541656e-06	0	0	4.54714249987e-05	2.65249979159e-05	0.00218641768535	3.78928541656e-06	0.000500185674985	0.000181885699995	0.000647967806231	0.000295564262491	0.00325499617282	0.000143992845829	0.0016028677312	7.57857083311e-06	0	0	6.44178520815e-05	6.06285666649e-05	0.00120499276246	0	1.51571416662e-05	0	7.57857083311e-06	0	0.000276617835409	3.78928541656e-06	7.57857083311e-06	0.00123151776038	3.78928541656e-06	0	0	0	0.000784382081227	0.000291774977075	1.51571416662e-05	0.00606285666649	1.13678562497e-05	0.00104205348955	0	3.78928541656e-06	1.51571416662e-05	0	7.95749937477e-05	0	3.78928541656e-06	0	0
3.78928541656e-06	0.000625232093732	0	0	0	0	7.57857083311e-06	1.51571416662e-05	1.51571416662e-05	0.000189464270828	5.30499958318e-05	0.00589991739358	2.65249979159e-05	0.0162446665808	6.06285666649e-05	0	2.27357124993e-05	3.78928541656e-06	3.78928541656e-06	3.78928541656e-06	3.03142833324e-05	0	0.000318299974991	7.57857083311e-06	9.47321354139e-05	0.00614622094565	0.00261460693742	0.00476692105403	2.27357124993e-05	0.000136414274996	0	0.00128835704163	7.57857083311e-05	0	0.000322089260407	0	0.000564603527067	0	0	0	0	0	0	0	4.16821395821e-05	0	0.000621442808315	0	0.00265628907701	0	0	0	0	0	0	0	0	6.06285666649e-05	0	4.16821395821e-05	0.00126183204371	0.00012125713333	0.000970057066638	0	0	0	3.4103568749e-05	0	0	1.51571416662e-05	7.95749937477e-05	0.00198937484369	0.000867746360391	0.00010988927708	7.57857083311e-06	0.000128835704163	0.000958689210389	1.51571416662e-05	0.00142477131663	2.27357124993e-05	0	0	0	6.44178520815e-05
0.00842737076642	0	0.00258429265409	0	3.03142833324e-05	0.000151571416662	0.000765435654144	0.0200112162848	0.0136300596434	3.78928541656e-06	0.00493743889777	0.00238346052701	0.000458503535403	6.06285666649e-05	0.0371728899364	2.27357124993e-05	5.30499958318e-05	0.000295564262491	0.000250092837493	0.000386507112489	0.000579760668733	0.00250471766034	0	0.00142856060204	0.000197042841661	2.65249979159e-05	0.00047366067707	0.00023114641041	0.00463429606445	0.0111291312684	0.00626747807898	0	0.000841221362475	0.00139066774788	0.00367939613948	0	0	7.57857083311e-06	0	1.13678562497e-05	0	0	0	0	0	3.78928541656e-06	0	0	0	0	0	0	0.000140203560413	0	3.78928541656e-06	3.78928541656e-06	0	3.78928541656e-06	2.27357124993e-05	0.000193253556244	0	9.85214208305e-05	0.00012125713333	0.000136414274996	3.78928541656e-06	0	0	0	0	3.78928541656e-06	0.00091321778539	9.47321354139e-05	0.00303900690408	0.000829853506226	0.00056081424165	0.000147782131246	2.27357124993e-05	3.03142833324e-05	0	2.27357124993e-05	1.51571416662e-05	3.78928541656e-06	0	0
3.78928541656e-06	0	0	0	6.06285666649e-05	0.00156118559162	0.00239861766868	0.000159149987495	0.000674492804147	0.00184159271245	0.000344824972907	1.13678562497e-05	0.00139445703329	0	2.27357124993e-05	0.00738531727687	0	0	0	0	3.78928541656e-05	1.13678562497e-05	0	0	0.0017620177187	0	0	0	0.00056081424165	0	0	0	7.57857083311e-05	0	1.13678562497e-05	0	0	0	0	0	0	0	0	0	0.000269039264575	0	0	2.65249979159e-05	0	0	0	0	0	0	0	0	0	1.13678562497e-05	0	0.000102310706247	0	0	0	6.44178520815e-05	0	0	0	0	0	0	0.000147782131246	0	4.54714249987e-05	0	0.00293669619783	5.30499958318e-05	0	0	0	0	0	0	0	0
3.4103568749e-05	0.00179612128745	6.44178520815e-05	0	0	0	1.51571416662e-05	0.000322089260407	0.000132624989579	0.00126183204371	2.65249979159e-05	7.57857083311e-06	0	2.27357124993e-05	5.30499958318e-05	0	0.023933126691	5.30499958318e-05	3.78928541656e-06	1.51571416662e-05	0	0.00528226387068	0.012262127608	0.00523300316026	0.00542625671651	2.27357124993e-05	3.03142833324e-05	0.00370213185198	0.00153466059371	9.85214208305e-05	0.000306932118741	0	0	1.13678562497e-05	0.000136414274996	3.78928541656e-06	1.51571416662e-05	1.13678562497e-05	0	1.13678562497e-05	0	1.13678562497e-05	0	0	0.000227357124993	2.65249979159e-05	3.78928541656e-06	0	0	7.57857083311e-06	0	0.00491091389986	2.65249979159e-05	3.78928541656e-06	7.57857083311e-06	1.13678562497e-05	0.00357329614781	0.0119362490622	0.00532394601026	0.000594917810399	0	0	8.33642791642e-05	0.00254639979993	0	0.000159149987495	0	0	0	2.27357124993e-05	0.00147782131246	0.000617653522899	2.27357124993e-05	0	0	0	0	6.8207137498e-05	2.65249979159e-05	3.03142833324e-05	1.89464270828e-05	3.78928541656e-06	7.57857083311e-06	0
4.54714249987e-05	0	0.00402043182697	0	0	0	0	0.000591128524983	1.89464270828e-05	3.78928541656e-06	3.03142833324e-05	0.000125046418746	0	3.78928541656e-06	0.000295564262491	0	5.30499958318e-05	0.0285219513304	1.51571416662e-05	0.00360739971656	0	0.000409242824988	0	0.00726406014354	6.06285666649e-05	0	0.00488059961652	0.00494501746861	0.000181885699995	2.27357124993e-05	0.00216368197285	3.78928541656e-06	0	2.27357124993e-05	0.00570287455192	0	2.27357124993e-05	0.00010988927708	0	0	0	1.13678562497e-05	3.78928541656e-06	1.13678562497e-05	0	7.57857083311e-06	0	0	0	1.13678562497e-05	0	1.13678562497e-05	0.000636599949981	3.78928541656e-06	7.57857083311e-05	3.78928541656e-06	2.65249979159e-05	2.65249979159e-05	0.000359982114573	1.13678562497e-05	3.78928541656e-06	0.000477449962486	0.000401664254155	3.78928541656e-05	0	1.51571416662e-05	0	0	0	3.4103568749e-05	0.00431978537487	0.00316026403741	0.00391812112072	0.000125046418746	0	0	7.57857083311e-06	0.000125046418746	2.27357124993e-05	0.000511553531235	0.000511553531235	3.78928541656e-05	2.27357124993e-05	3.78928541656e-06
0.000325878545824	3.78928541656e-06	9.47321354139e-05	0	0.000159149987495	7.57857083311e-06	0.000250092837493	0.00223567839577	0.000215989268744	1.51571416662e-05	0.00217126054369	0.00658198876856	0.00209547483536	3.78928541656e-06	0.000250092837493	0	3.78928541656e-06	1.51571416662e-05	0.00989003493721	0.00445619964987	0.00231525338952	0.000250092837493	0	3.4103568749e-05	0.000678282089564	1.13678562497e-05	0.0041189532478	0.000159149987495	0.000947321354139	0.00126562132913	1.51571416662e-05	3.78928541656e-06	3.78928541656e-06	6.06285666649e-05	0.00384233541239	0	0.000125046418746	0	0	1.13678562497e-05	0	0	0	0	3.78928541656e-05	0	0	1.13678562497e-05	0.00120120347705	0	0	0	0	3.4103568749e-05	0	1.13678562497e-05	0	2.65249979159e-05	0	3.78928541656e-05	0.000162939272912	0.000223567839577	0.00106099991664	1.51571416662e-05	0	0	1.51571416662e-05	0	0	1.89464270828e-05	0.000860167789558	0.000454714249987	0.00641526021023	2.27357124993e-05	0.000280407120825	0	0	2.27357124993e-05	7.57857083311e-06	1.89464270828e-05	0	1.51571416662e-05	0	0
0.000193253556244	0	0.000575971383317	0	5.30499958318e-05	7.57857083311e-06	0.00047366067707	0.00473281748528	0.000333457116657	2.27357124993e-05	0.00353161400823	0.00938605997681	0.00153466059371	3.78928541656e-06	0.000386507112489	0	1.51571416662e-05	0.00360739971656	0.00445619964987	0.0264378443513	0.0018756962812	0.000659335662481	0	0.0010988927708	0.000125046418746	3.78928541656e-06	0.00791202794977	0.00184159271245	0.00262218550826	0.000685860660397	0.000284196406242	1.89464270828e-05	0	0.000545657099984	0.00934058855181	0	4.16821395821e-05	3.78928541656e-06	0	1.13678562497e-05	0	0	0	7.57857083311e-06	1.13678562497e-05	3.78928541656e-06	0	1.13678562497e-05	1.13678562497e-05	3.78928541656e-06	0	0	7.57857083311e-06	0	0	7.57857083311e-06	3.78928541656e-06	0	4.16821395821e-05	3.78928541656e-05	2.27357124993e-05	0.000299353547908	0.000291774977075	6.44178520815e-05	3.78928541656e-06	0	0	0	0	3.78928541656e-06	0.0070253351623	0.00521405673318	0.0120953990496	0.000178096414578	1.51571416662e-05	0	0	0.000208410697911	1.89464270828e-05	3.03142833324e-05	3.03142833324e-05	1.13678562497e-05	1.13678562497e-05	0
0.000117467847913	0	1.13678562497e-05	0	0.00463050677903	4.54714249987e-05	0.0010079499208	0.00144750702912	0.00069343923123	0.000272828549992	0.00713901372479	0.00543004600192	0.0123644383142	3.03142833324e-05	0.000579760668733	3.78928541656e-05	0	0	0.00231525338952	0.0018756962812	0.020094580564	7.57857083311e-06	0	0	0.00267144621867	0	0.00194769270411	0	0.00181885699995	0.00148539988329	3.78928541656e-06	3.78928541656e-06	5.30499958318e-05	0	0.0033194140249	0	3.78928541656e-06	0	0	0.000507764245819	0	0.000223567839577	0	7.57857083311e-06	0.000125046418746	0	0	0.000337246402073	0	1.51571416662e-05	0	0	0	0	0	0.000409242824988	0	1.89464270828e-05	0	0.00023114641041	0	0	3.78928541656e-06	0.000140203560413	3.78928541656e-06	0	0	0	0	0	0.000325878545824	1.89464270828e-05	0.00590370667899	0	0.000485028533319	0	0	1.51571416662e-05	0	0	0	0	0	0
0.00113678562497	0	0.000636599949981	0	0	4.16821395821e-05	0.000318299974991	0.00859788861017	0.00270933907284	0	0.00123909633121	0.000780592795811	1.51571416662e-05	0	0.00250471766034	1.13678562497e-05	0.00528226387068	0.000409242824988	0.000250092837493	0.000659335662481	7.57857083311e-06	0.0444028465112	0.000663124947897	0.0136149025017	0.000295564262491	3.78928541656e-05	0.000394085683322	0.000204621412494	0.0206553948056	0.00183401414161	0.0125387454434	0	2.27357124993e-05	0.00102310706247	0.00705186016021	0	1.13678562497e-05	3.78928541656e-05	0	7.57857083311e-06	0	7.57857083311e-06	0	0	0	2.27357124993e-05	0	0	3.78928541656e-06	0	0	0.000594917810399	0.000125046418746	0	3.03142833324e-05	7.57857083311e-06	0.00298216762283	0.00322089260407	0.00220536411244	1.89464270828e-05	0	1.89464270828e-05	7.95749937477e-05	0.000269039264575	0	0.000234935695826	0	0	0	1.51571416662e-05	0.00436146751446	0.00115194276663	0.00532394601026	0.00188706413744	3.78928541656e-05	1.13678562497e-05	3.78928541656e-05	6.8207137498e-05	3.78928541656e-05	0.000193253556244	0.000174307129162	7.57857083311e-06	7.57857083311e-06	0
0	0.00796886723102	3.78928541656e-06	0	0	0	0	0	0	0.00554372456442	0	6.44178520815e-05	0	0.000318299974991	0	0	0.012262127608	0	0	0	0	0.000663124947897	0.02747231927	0.00256155694159	0.00882145644974	0.00203484626869	0	0.0110950276997	0.000466082106236	0	0	0	0	0	0	0	0.000276617835409	0	0	0	0	0	0	0	0.000545657099984	0	1.13678562497e-05	0	7.57857083311e-06	3.78928541656e-06	0	0.00513069245402	7.57857083311e-06	3.78928541656e-06	3.78928541656e-06	0	0.00125425347288	0.0103712741851	0.00277754621034	0.000784382081227	1.51571416662e-05	3.78928541656e-06	0.0017165462937	0.0023796712416	0	3.78928541656e-06	0	0	0	7.57857083311e-06	0	0	0	0	0	0	1.89464270828e-05	3.4103568749e-05	2.65249979159e-05	0	0	0	0	0
0.000128835704163	0	0.0142552917371	0	0	0	0	0.00547930671234	0.000947321354139	3.78928541656e-06	0.000284196406242	0.000333457116657	0	7.57857083311e-06	0.00142856060204	0	0.00523300316026	0.00726406014354	3.4103568749e-05	0.0010988927708	0	0.0136149025017	0.00256155694159	0.067570537548	0.00012125713333	2.27357124993e-05	0.00256155694159	0.0052405817311	0.0069571280248	6.44178520815e-05	0.00531257815401	0	3.78928541656e-06	1.89464270828e-05	0.00449409250404	2.27357124993e-05	0.000117467847913	0.000837432077059	0	1.89464270828e-05	0	0.000299353547908	0.000223567839577	0.000223567839577	3.78928541656e-06	0.000166728558328	3.78928541656e-06	7.57857083311e-06	1.13678562497e-05	0.000106099991664	0	0.00462671749362	0.000594917810399	1.13678562497e-05	3.78928541656e-05	3.78928541656e-05	0.00133382846663	0.0100075027851	0.0102575956226	6.8207137498e-05	3.78928541656e-06	0.000162939272912	0.00135656417913	0.000538078529151	1.13678562497e-05	3.03142833324e-05	3.78928541656e-06	0	0	8.71535645808e-05	0.0157710059037	0.00302384976241	0.00328531045615	0.00047366067707	1.89464270828e-05	3.78928541656e-06	7.57857083311e-06	0.000481239247903	0.000212199983327	0.000962478495805	0.000943532068722	0.000261460693742	4.54714249987e-05	0
0	0.0041644246728	0.000170517843745	0	0.00593023167691	2.65249979159e-05	0.000424399966654	0.00181885699995	0.000299353547908	0.0268887693159	0.000458503535403	0.00151192488121	0.00311100332699	9.47321354139e-05	0.000197042841661	0.0017620177187	0.00542625671651	6.06285666649e-05	0.000678282089564	0.000125046418746	0.00267144621867	0.000295564262491	0.00882145644974	0.00012125713333	0.0547551742692	0.000742699941645	0.000860167789558	0.00465324249153	0.0209736947806	0.000185674985411	4.16821395821e-05	0	1.51571416662e-05	6.06285666649e-05	0.000685860660397	0.00134519632288	0.000322089260407	1.89464270828e-05	0	0.00293669619783	0	0.000390296397905	4.54714249987e-05	5.68392812483e-05	0.0136224810725	2.27357124993e-05	8.33642791642e-05	0.00202347841244	1.89464270828e-05	0.000678282089564	1.89464270828e-05	4.16821395821e-05	8.33642791642e-05	3.4103568749e-05	7.95749937477e-05	0.00289122477283	0.000928374927056	0.0040280103978	0.000128835704163	0.0142893953058	7.57857083311e-06	6.06285666649e-05	0.000485028533319	0.0136868989246	0.00172033557912	0.000318299974991	3.78928541656e-06	0	0.000636599949981	0.00133761775204	0.00160665701662	0.000496396389569	0.00172033557912	1.51571416662e-05	0.00150813559579	0	0	0.00174307129162	0.000178096414578	0.000534289243734	0.000181885699995	0.000125046418746	3.03142833324e-05	0
3.78928541656e-06	0.00367181756864	1.13678562497e-05	0	3.03142833324e-05	0	0	4.92607104152e-05	3.78928541656e-06	0.00111404991247	0	0.00158392130412	2.27357124993e-05	0.00614622094565	2.65249979159e-05	0	2.27357124993e-05	0	1.13678562497e-05	3.78928541656e-06	0	3.78928541656e-05	0.00203484626869	2.27357124993e-05	0.000742699941645	0.0167486415412	0.00229251767702	0.00763541011436	5.68392812483e-05	0	2.65249979159e-05	0.00100416063539	0	1.51571416662e-05	6.06285666649e-05	0	0.000610074952066	1.13678562497e-05	0	8.71535645808e-05	0	0.000155360702079	3.03142833324e-05	7.57857083311e-06	9.47321354139e-05	3.78928541656e-06	0.000977635637471	0.000200832127077	0.00392948897697	1.13678562497e-05	1.51571416662e-05	3.78928541656e-06	1.51571416662e-05	3.78928541656e-06	0	0.000162939272912	0	9.47321354139e-05	1.13678562497e-05	0.000140203560413	0.00287606763117	0.00010988927708	0.0015573963062	0.000151571416662	0.00012125713333	3.78928541656e-06	2.27357124993e-05	0	0	0.000500185674985	4.16821395821e-05	0.000659335662481	0.00024251426666	0.000295564262491	7.57857083311e-06	0	0.000397874968738	4.16821395821e-05	0.00179612128745	0.000454714249987	7.57857083311e-06	1.51571416662e-05	0	0.00032966783124
0.000181885699995	0.000515342816652	0.00405832468113	0	0.00021977855416	1.89464270828e-05	0.000246303552076	0.00152708202287	0.000174307129162	2.65249979159e-05	0.00136035346454	0.00950731711014	0.00193632484786	0.00261460693742	0.00047366067707	0	3.03142833324e-05	0.00488059961652	0.0041189532478	0.00791202794977	0.00194769270411	0.000394085683322	0	0.00256155694159	0.000860167789558	0.00229251767702	0.0700487302105	0.0193821949057	0.00115952133747	0.000629021379148	0.000431978537487	0.00289501405825	1.13678562497e-05	4.92607104152e-05	0.00250471766034	0	0.00923069927473	0.00045092496457	0	1.89464270828e-05	0	1.51571416662e-05	0	0	0.000295564262491	0	0.000359982114573	2.27357124993e-05	0.00685860660397	3.78928541656e-06	0	7.57857083311e-06	0.00109510348538	0.000314510689574	7.19964229146e-05	2.65249979159e-05	7.57857083311e-06	0.000333457116657	2.65249979159e-05	0.000261460693742	0.00394085683322	0.0069343923123	0.0187077021015	0.00024251426666	1.51571416662e-05	0	0.000155360702079	0	0	0.000530499958318	0.00787792438102	0.010215913483	0.00636978878523	0.000193253556244	0.000413032110405	0	2.27357124993e-05	0.00120878204788	0.000860167789558	0.000617653522899	8.33642791642e-05	1.89464270828e-05	7.57857083311e-06	9.47321354139e-05
1.51571416662e-05	0.0117657312184	0.0133117596684	0	0	0	0	0.000754067797895	0.000106099991664	0.00264871050617	4.92607104152e-05	0.000920796356223	0	0.00476692105403	0.00023114641041	0	0.00370213185198	0.00494501746861	0.000159149987495	0.00184159271245	0	0.000204621412494	0.0110950276997	0.0052405817311	0.00465324249153	0.00763541011436	0.0193821949057	0.091185364264	0.000625232093732	2.27357124993e-05	0.00081469636456	0.000689649945813	0	3.4103568749e-05	0.000689649945813	0	0.0192040984911	0.00230767481868	0	0	0	4.16821395821e-05	6.06285666649e-05	0.000140203560413	0.000284196406242	3.78928541656e-06	0.000397874968738	0	0.00378549613114	0.000170517843745	0	0.00197042841661	0.00131109275413	0.000136414274996	3.78928541656e-05	0	1.89464270828e-05	0.00930269569765	0.00328909974157	0.000424399966654	0.00694954945396	0.00249713908951	0.0322278724678	0.000117467847913	0	0	4.92607104152e-05	0	0	0.000162939272912	0.00633568521648	0.00433873180196	0.00124667490205	7.19964229146e-05	0	0	5.68392812483e-05	0.000477449962486	0.000712385658313	0.00035240354374	0.000128835704163	2.65249979159e-05	3.78928541656e-06	0.000424399966654
0.00139445703329	2.65249979159e-05	0.0039370675478	0	0.00628642450607	0.000212199983327	0.00215610340202	0.0390334290759	0.00539594243318	0.0150851452433	0.0131753453934	0.00360361043114	0.00117467847913	2.27357124993e-05	0.00463429606445	0.00056081424165	0.00153466059371	0.000181885699995	0.000947321354139	0.00262218550826	0.00181885699995	0.0206553948056	0.000466082106236	0.0069571280248	0.0209736947806	5.68392812483e-05	0.00115952133747	0.000625232093732	0.0951868496639	0.00305416404574	0.00715796015187	7.57857083311e-06	0.000147782131246	0.00144371774371	0.00649104591856	0.00100416063539	0.000102310706247	4.16821395821e-05	0	0.00594538881858	3.78928541656e-06	0.00211442126244	0.000102310706247	9.47321354139e-05	0.00989382422263	0.000477449962486	0.000143992845829	0.00247819266243	1.89464270828e-05	0.000674492804147	0	1.13678562497e-05	0.000140203560413	5.68392812483e-05	0.000159149987495	0.00574834597692	0.00129214632705	0.00201211055619	0.000363771399989	0.0178967950224	3.78928541656e-06	0.000125046418746	0.000481239247903	0.0143424453017	0.0016710748687	0.000390296397905	3.78928541656e-06	0	0.000632810664565	0.00151192488121	0.00914354571015	0.00147403202704	0.0102841206205	0.00261460693742	0.0010079499208	6.44178520815e-05	0.000117467847913	0.00284196406242	0.000344824972907	0.000829853506226	0.000314510689574	0.000113678562497	6.8207137498e-05	3.78928541656e-06
0.00636978878523	0	0.000413032110405	0	4.16821395821e-05	3.03142833324e-05	0.000424399966654	0.0112503884018	0.00464187463528	7.57857083311e-06	0.00336867473532	0.00512311388318	0.00101931777705	0.000136414274996	0.0111291312684	0	9.85214208305e-05	2.27357124993e-05	0.00126562132913	0.000685860660397	0.00148539988329	0.00183401414161	0	6.44178520815e-05	0.000185674985411	0	0.000629021379148	2.27357124993e-05	0.00305416404574	0.0292760191283	0.00435388894362	0	0.000989003493721	0.00639631378315	0.00674492804147	0	0	7.57857083311e-06	0	7.57857083311e-06	3.78928541656e-06	7.57857083311e-06	0	3.78928541656e-06	3.78928541656e-06	3.78928541656e-06	0	7.57857083311e-06	3.78928541656e-06	0	0	0	1.13678562497e-05	0	3.78928541656e-06	3.78928541656e-06	0	7.57857083311e-06	3.78928541656e-06	0.000197042841661	0	3.78928541656e-06	2.65249979159e-05	0.000159149987495	3.78928541656e-06	0	0	0	0	1.51571416662e-05	0.000769224939561	9.09428499973e-05	0.00360739971656	0.000174307129162	0.00045092496457	0.000299353547908	2.65249979159e-05	7.57857083311e-05	2.27357124993e-05	1.51571416662e-05	0	7.57857083311e-06	3.78928541656e-06	0
0.00487681033111	0	0.00169759986662	0	0	3.78928541656e-06	2.27357124993e-05	0.0157255344787	0.00211063197702	3.78928541656e-06	0.000469871391653	0.000136414274996	0	0	0.00626747807898	0	0.000306932118741	0.00216368197285	1.51571416662e-05	0.000284196406242	3.78928541656e-06	0.0125387454434	0	0.00531257815401	4.16821395821e-05	2.65249979159e-05	0.000431978537487	0.00081469636456	0.00715796015187	0.00435388894362	0.0375290827656	0	0	0.000928374927056	0.00589991739358	0	0	3.03142833324e-05	0	0	0	0	0	0	0	0	3.78928541656e-06	0	3.78928541656e-06	0	0	0	4.92607104152e-05	0	0	0	0	2.27357124993e-05	2.27357124993e-05	3.78928541656e-06	0	1.13678562497e-05	3.03142833324e-05	3.78928541656e-06	0	0	0	0	0	0	0.000371349970823	7.95749937477e-05	0.00337625330615	0.000310721404158	0	0	3.78928541656e-06	1.89464270828e-05	0	2.27357124993e-05	1.51571416662e-05	3.78928541656e-06	3.78928541656e-06	0
0	0	3.78928541656e-06	0	0	0	0	3.78928541656e-06	0	0	7.57857083311e-06	0.0010306856333	3.78928541656e-06	0.00128835704163	0	0	0	3.78928541656e-06	3.78928541656e-06	1.89464270828e-05	3.78928541656e-06	0	0	0	0	0.00100416063539	0.00289501405825	0.000689649945813	7.57857083311e-06	0	0	0.00327015331449	0	0	1.13678562497e-05	0	4.92607104152e-05	0	0	0	0	0	0	0	1.89464270828e-05	0	3.78928541656e-05	0	0.00137929989163	0	0	0	0	0	0	0	0	1.89464270828e-05	0	1.51571416662e-05	0.000269039264575	0.00010988927708	0.000295564262491	0	0	0	5.30499958318e-05	0	0	7.57857083311e-06	9.47321354139e-05	0.000822274935393	4.16821395821e-05	0	0	0	1.51571416662e-05	0	0.000151571416662	1.13678562497e-05	0	0	0	7.57857083311e-06
0	0	1.51571416662e-05	0	3.78928541656e-06	0.00228114982077	0.000829853506226	0.000439557108321	0.00233041053118	0	0.000610074952066	0.000469871391653	2.27357124993e-05	7.57857083311e-05	0.000841221362475	7.57857083311e-05	0	0	3.78928541656e-06	0	5.30499958318e-05	2.27357124993e-05	0	3.78928541656e-06	1.51571416662e-05	0	1.13678562497e-05	0	0.000147782131246	0.000989003493721	0	0	0.00572561026442	2.65249979159e-05	0.000807117793726	0	0	0	0	3.78928541656e-06	0	0	0	0	0	0	0	0	0	0	0	0	0	0	0	3.78928541656e-06	0	0	0	3.78928541656e-06	0	0	0	3.78928541656e-06	0	0	0	0	0	0	0.000522921387485	5.68392812483e-05	0.000867746360391	0.000136414274996	0.000719964229146	0.00124288561663	2.27357124993e-05	1.51571416662e-05	0	7.57857083311e-06	0	1.13678562497e-05	0	0
8.71535645808e-05	0	0.000257671408326	0	0	2.65249979159e-05	7.57857083311e-06	0.00585444596858	0.000591128524983	0	0.000253882122909	0.000378928541656	0	0	0.00139066774788	0	1.13678562497e-05	2.27357124993e-05	6.06285666649e-05	0.000545657099984	0	0.00102310706247	0	1.89464270828e-05	6.06285666649e-05	1.51571416662e-05	4.92607104152e-05	3.4103568749e-05	0.00144371774371	0.00639631378315	0.000928374927056	0	2.65249979159e-05	0.00835537434351	0.00318299974991	0	0	3.78928541656e-06	0	0	0	0	0	0	0	0	0	0	0	0	0	0	3.78928541656e-06	0	0	0	0	0	0	0	0	0	1.51571416662e-05	0	0	0	0	0	0	3.78928541656e-06	0.000140203560413	6.44178520815e-05	0.00132246061038	0.000310721404158	7.95749937477e-05	2.27357124993e-05	1.51571416662e-05	3.78928541656e-06	3.78928541656e-06	0	0	0	0	0
0.00108373562914	0	0.00136035346454	0	0.000193253556244	0.00023114641041	0.000958689210389	0.0100719206372	0.00148918916871	1.89464270828e-05	0.00480860319361	0.0143310774454	0.00306932118741	0.000322089260407	0.00367939613948	1.13678562497e-05	0.000136414274996	0.00570287455192	0.00384233541239	0.00934058855181	0.0033194140249	0.00705186016021	0	0.00449409250404	0.000685860660397	6.06285666649e-05	0.00250471766034	0.000689649945813	0.00649104591856	0.00674492804147	0.00589991739358	1.13678562497e-05	0.000807117793726	0.00318299974991	0.0416707717259	0	7.57857083311e-06	8.33642791642e-05	0	1.51571416662e-05	0	3.4103568749e-05	3.78928541656e-06	2.27357124993e-05	1.13678562497e-05	0	0	3.78928541656e-05	3.78928541656e-06	2.65249979159e-05	0	3.78928541656e-06	0.000181885699995	0	1.13678562497e-05	3.78928541656e-05	1.13678562497e-05	7.57857083311e-06	0.000170517843745	0.000197042841661	0	7.95749937477e-05	0.000140203560413	0.000181885699995	7.57857083311e-06	1.13678562497e-05	0	0	0	9.09428499973e-05	0.00334972830824	0.000727542799979	0.0258467158263	0.00192116770619	0.00154602844995	0.000591128524983	9.85214208305e-05	0.000382717827072	3.78928541656e-05	0.000178096414578	7.57857083311e-05	8.71535645808e-05	1.13678562497e-05	0
0	0	0	0	1.13678562497e-05	0	0	0	0	0.00144371774371	3.78928541656e-06	0	3.78928541656e-06	0	0	0	3.78928541656e-06	0	0	0	0	0	0	2.27357124993e-05	0.00134519632288	0	0	0	0.00100416063539	0	0	0	0	0	0	0.0202878341202	0	0.000303142833324	0	0.000621442808315	0	0.000856378504142	0.00311858189783	0.00333078188115	0.000970057066638	0.000742699941645	0.000742699941645	0.00079196065206	3.78928541656e-06	0.0144523345787	0	7.57857083311e-06	0.00257292479784	0.000197042841661	0.000651757091648	0.00116331062288	0.000466082106236	7.57857083311e-06	0.00058354995415	0.00140961417496	0	0.000174307129162	0.000469871391653	0.00433873180196	0.00813938507476	0.00664640662064	3.78928541656e-06	3.78928541656e-06	0.000496396389569	0.00158392130412	0	0	0	0	0	0	0	3.78928541656e-05	0	0.00034103568749	0.000102310706247	4.16821395821e-05	1.51571416662e-05	0
0	0.00243651052285	0.0011443641958	0	0	0	0	2.27357124993e-05	0	0.000394085683322	0	0.000102310706247	3.78928541656e-06	0.000564603527067	0	0	1.51571416662e-05	2.27357124993e-05	0.000125046418746	4.16821395821e-05	3.78928541656e-06	1.13678562497e-05	0.000276617835409	0.000117467847913	0.000322089260407	0.000610074952066	0.00923069927473	0.0192040984911	0.000102310706247	0	0	4.92607104152e-05	0	0	7.57857083311e-06	0	0.0357784329031	0.00069343923123	0	3.78928541656e-06	0	1.13678562497e-05	0	1.51571416662e-05	0.00560056384567	3.78928541656e-06	4.92607104152e-05	3.78928541656e-06	0.00151571416662	1.51571416662e-05	0	0.000530499958318	0.000420610681238	8.33642791642e-05	2.65249979159e-05	7.57857083311e-06	1.89464270828e-05	0.00722995657479	0.000136414274996	0.00366802828323	0.00621442808315	0.000992792779138	0.0322468188949	2.65249979159e-05	7.57857083311e-06	0	0	0	0	7.19964229146e-05	0.000765435654144	0.000769224939561	2.27357124993e-05	0	0	0	3.78928541656e-06	0.000401664254155	0.000106099991664	0.00023114641041	6.44178520815e-05	0	0	1.89464270828e-05
7.57857083311e-06	3.03142833324e-05	0.00262218550826	0	0	0	0	1.13678562497e-05	0	0	0	3.78928541656e-06	0	0	7.57857083311e-06	0	1.13678562497e-05	0.00010988927708	0	3.78928541656e-06	0	3.78928541656e-05	0	0.000837432077059	1.89464270828e-05	1.13678562497e-05	0.00045092496457	0.00230767481868	4.16821395821e-05	7.57857083311e-06	3.03142833324e-05	0	0	3.78928541656e-06	8.33642791642e-05	0.000303142833324	0.00069343923123	0.0334859152261	0	3.78928541656e-06	0	0.000564603527067	0.00109510348538	0.00377791756031	0	7.19964229146e-05	0.00010988927708	7.57857083311e-05	3.78928541656e-06	0.00586581382483	0	2.65249979159e-05	0.0112352312601	4.16821395821e-05	0.000125046418746	6.06285666649e-05	0.00139066774788	0.000299353547908	0.0114095383893	3.78928541656e-06	0	0.00596054596024	0.0116141598017	0.00238724981243	0.000284196406242	0.00128456775621	0	0	0	0.00045092496457	0.000238724981243	0.000234935695826	7.95749937477e-05	0	3.78928541656e-06	0	0	0.000170517843745	0.000204621412494	0.000685860660397	0.000382717827072	6.06285666649e-05	0.000106099991664	7.57857083311e-06
0	0	0	0	0	0	0	0	0	0	0	0	0	0	0	0	0	0	0	0	0	0	0	0	0	0	0	0	0	0	0	0	0	0	0	0	0	0	0	0	0	0	0	0	0	0	0	0	0	0	0	0	0	0	0	0	0	0	0	0	0	0	0	0	0	0	0	0	0	0	0	0	0	0	0	0	0	0	0	0	0	0	0	0
0	0	1.51571416662e-05	0	0.00463050677903	3.78928541656e-06	4.54714249987e-05	0.000659335662481	4.16821395821e-05	0.0033194140249	0.000568392812483	2.65249979159e-05	4.54714249987e-05	0	1.13678562497e-05	0	1.13678562497e-05	0	1.13678562497e-05	1.13678562497e-05	0.000507764245819	7.57857083311e-06	0	1.89464270828e-05	0.00293669619783	8.71535645808e-05	1.89464270828e-05	0	0.00594538881858	7.57857083311e-06	0	0	3.78928541656e-06	0	1.51571416662e-05	0.000621442808315	3.78928541656e-06	3.78928541656e-06	0	0.023432941016	0.000125046418746	0.00463429606445	9.09428499973e-05	0.00204242483952	0.00234556767285	0.00516100673735	0.000212199983327	0.0062940030769	2.65249979159e-05	0.00201211055619	0.000488817818736	3.78928541656e-06	2.65249979159e-05	0.000132624989579	0.000181885699995	0.0179271093057	0.000143992845829	2.27357124993e-05	0.000178096414578	0.0100757099226	0	0.000106099991664	0.000113678562497	0.00826443149351	0.00133382846663	3.78928541656e-06	1.51571416662e-05	3.78928541656e-06	0	0.00263355336451	2.65249979159e-05	3.78928541656e-06	7.95749937477e-05	0	2.65249979159e-05	0	0	0.000973846352055	7.19964229146e-05	0.00282301763533	1.51571416662e-05	9.85214208305e-05	0.000299353547908	1.51571416662e-05
0	0	0	0	1.13678562497e-05	0	0	0	0	0	0	0	2.65249979159e-05	0	0	0	0	0	0	0	0	0	0	0	0	0	0	0	3.78928541656e-06	3.78928541656e-06	0	0	0	0	0	0	0	0	0	0.000125046418746	0.00316405332282	0.00125046418746	0	0.00115194276663	0.000538078529151	8.33642791642e-05	0	0.000246303552076	0	0.00010988927708	0.00147782131246	3.78928541656e-06	0	0	0	0.000125046418746	0	0	3.78928541656e-06	0.000496396389569	0	0	3.78928541656e-06	3.4103568749e-05	3.78928541656e-06	0	0	0.000587339239566	0	0.000151571416662	0	0	0	0	3.78928541656e-06	0	0	0.000212199983327	3.78928541656e-06	0.000303142833324	0	0.000557024956234	0.000496396389569	3.78928541656e-06
