0.0126926770217	1.36529333327e-05	0.00175212644437	0	0.00015018226666	0	0.000104672488884	0.00314017466653	0.00337682551096	9.10195555515e-06	0.00015018226666	0.000418689955537	6.82646666636e-05	1.82039111103e-05	0.00640777671083	0	1.82039111103e-05	0.00287166697765	2.27548888879e-05	0.000364078222206	9.10195555515e-06	0.000122876399995	2.27548888879e-05	0.00256675146655	0.000700850577747	0	0.00289897284432	6.37136888861e-05	0.00181584013325	0.00842385986629	0.00872877537739	1.82039111103e-05	1.82039111103e-05	0.00204338902213	0.000996664133289	0	2.27548888879e-05	4.55097777758e-06	0	0	0	0	4.55097777758e-06	0	4.55097777758e-06	0	4.55097777758e-06	1.36529333327e-05	0	0	0	0	4.09587999982e-05	0	3.1856844443e-05	0	0	4.55097777758e-06	4.09587999982e-05	0	0	0.000100121511107	5.46117333309e-05	1.36529333327e-05	0	0	0	0	0	9.10195555515e-06	2.73058666655e-05	6.82646666636e-05	0.000518811466644	0.000154733244438	3.64078222206e-05	7.73666222188e-05	1.36529333327e-05	0	0	9.10195555515e-06	0	0	0	0
1.36529333327e-05	0.0292400322209	0.00374545471094	0	0	0	2.27548888879e-05	9.10195555515e-06	2.73058666655e-05	0.00566596733308	3.64078222206e-05	0.00013197835555	5.46117333309e-05	0.00140625213327	6.37136888861e-05	5.00607555533e-05	0.00058252515553	0.000546117333309	4.09587999982e-05	0.000614381999973	4.55097777758e-06	0.00015018226666	0.00815535217742	0.000691748622191	0.00510164608866	0.00515170684422	0.0105218606218	0.0225591968434	0.00016838617777	0.00016838617777	0.000100121511107	9.55705333291e-05	1.36529333327e-05	0.000141080311105	0.00138804822216	4.55097777758e-06	0.0103762293329	0.000368629199984	0	0	0	0	0	0	4.55097777758e-06	0	5.00607555533e-05	0	8.19175999964e-05	9.10195555515e-06	0	0.000154733244438	4.55097777758e-06	4.55097777758e-06	4.55097777758e-06	0	1.82039111103e-05	0.000386833111094	5.00607555533e-05	5.00607555533e-05	0.000136529333327	0.00275334155543	0.00889261057738	1.82039111103e-05	2.73058666655e-05	4.55097777758e-06	4.55097777758e-05	0	0	0.000122876399995	0.00122876399995	0.000341323333318	0.00107858173329	0.000263956711099	3.1856844443e-05	4.55097777758e-06	0.000218446933324	0.000100121511107	0.000136529333327	0.000154733244438	4.55097777758e-06	0	0	5.91627111085e-05
0.00175212644437	0.00374545471094	0.065433958486	0	5.91627111085e-05	0	0.00031856844443	0.00366353711095	0.00422785835537	0.000118325422217	0.000368629199984	0.000459648755535	0.000427791911092	0.000277609644432	0.00189775773325	4.55097777758e-06	0.000568872222197	0.00536560279976	2.73058666655e-05	0.000232099866656	0.000204793999991	0.00408677804426	0.00148361875549	0.027560721421	0.000455097777758	8.64685777739e-05	0.0129020219994	0.018476969777	0.00378641351094	0.00240291626656	0.0045054679998	4.09587999982e-05	6.37136888861e-05	0.000186590088881	0.00374545471094	1.36529333327e-05	0.0117096658217	0.0091520163107	0	0	0	6.37136888861e-05	0.000159284222215	0.000172937155548	0.000395935066649	5.00607555533e-05	9.55705333291e-05	8.64685777739e-05	1.36529333327e-05	0.000172937155548	0	0.00260771026655	0.00139259919994	4.09587999982e-05	0.000687197644414	0	0.000628034933305	0.0083419422663	0.00606645337751	0.000309466488875	2.27548888879e-05	0.00226183595546	0.0120418871995	0.00120145813328	2.73058666655e-05	0.000163835199993	0	0	9.10195555515e-06	0.000386833111094	0.00839655399963	0.00175212644437	0.004951463822	0.0017657793777	5.46117333309e-05	6.37136888861e-05	4.55097777758e-06	0.000277609644432	0.000395935066649	0.000186590088881	0.000141080311105	4.55097777758e-06	0	1.82039111103e-05
0	0	0	0	0	0	0	0	0	0	0	0	0	0	0	0	0	0	0	0	0	0	0	0	0	0	0	0	0	0	0	0	0	0	0	0	0	0	0	0	0	0	0	0	0	0	0	0	0	0	0	0	0	0	0	0	0	0	0	0	0	0	0	0	0	0	0	0	0	0	0	0	0	0	0	0	0	0	0	0	0	0	0	0
0.00015018226666	0	5.91627111085e-05	0	0.0249257052878	0	0.00169751471104	0.000691748622191	0.00203883804435	0.00152457755549	0.00153823048882	0.000491505599978	0.00381827035539	0	0.00235285551101	0.000364078222206	0	3.1856844443e-05	3.64078222206e-05	0.000100121511107	0.00833284031074	2.73058666655e-05	0	0.000254854755544	0.0165382532437	0	0.000518811466644	2.27548888879e-05	0.00799151697742	0.00589806719974	0.000368629199984	2.73058666655e-05	0.000414138977759	0.00361347635539	0.00317658248875	0	0	0	0	0.00122876399995	4.55097777758e-06	3.1856844443e-05	0.000159284222215	3.1856844443e-05	0.00575243591086	0.000641687866638	9.10195555515e-06	0.000427791911092	0	1.36529333327e-05	2.27548888879e-05	4.55097777758e-06	0	0	0	0.000273058666655	0	0.000109223466662	0.000104672488884	0.00674454906637	0	0	1.36529333327e-05	0.00486499524423	1.36529333327e-05	0	0	0	0	1.36529333327e-05	0.000172937155548	3.64078222206e-05	0.00202063413324	0.000200243022213	0.000532464399976	9.10195555515e-06	4.55097777758e-06	4.55097777758e-06	1.82039111103e-05	5.46117333309e-05	1.36529333327e-05	0	0	4.55097777758e-06
0	0	0	0	0	0.00281250426654	0.000191141066658	0	0.000609831022195	6.82646666636e-05	4.55097777758e-06	1.82039111103e-05	4.55097777758e-06	2.73058666655e-05	2.27548888879e-05	0.000591627111085	4.55097777758e-06	0	0	0	0	4.09587999982e-05	9.10195555515e-06	4.55097777758e-05	0.000100121511107	1.36529333327e-05	9.10195555515e-06	0	4.55097777758e-05	2.73058666655e-05	0	0	0.00116960128884	0	0.000482403644423	0	0	0	0	0	0	0	0	4.55097777758e-06	0	0	4.55097777758e-06	0	0	0	0	0	0	0	4.55097777758e-06	0	4.55097777758e-06	0	4.55097777758e-06	4.55097777758e-06	4.55097777758e-06	4.55097777758e-06	0	0	0	4.55097777758e-06	0	0	0	4.55097777758e-06	0.00031856844443	4.55097777758e-06	0.000323119422208	0.000136529333327	0.00133343648883	0.000382282133316	4.09587999982e-05	4.55097777758e-06	0	4.55097777758e-06	4.55097777758e-06	0	4.55097777758e-06	4.55097777758e-06
0.000104672488884	2.27548888879e-05	0.00031856844443	0	0.00169751471104	0.000191141066658	0.0421101973759	0.00220722422212	0.0138895841772	0.000304915511098	0.021034619288	0.00491960697756	0.0173983880437	0.000163835199993	0.00758192897744	0.000386833111094	9.10195555515e-06	0.000537015377754	0.000368629199984	0.00112409151106	0.00552488702198	8.64685777739e-05	1.36529333327e-05	0.000486954622201	0.000923848488848	8.19175999964e-05	0.00429157204425	0.00030036453332	0.00402761533315	0.00815080119964	0.000359527244428	0.000464199733313	0.00394114675538	0.000245752799989	0.0082600246663	0	9.10195555515e-06	4.55097777758e-06	0	2.27548888879e-05	0	1.82039111103e-05	2.27548888879e-05	9.10195555515e-06	2.73058666655e-05	0	6.37136888861e-05	0.00275789253321	4.55097777758e-06	4.55097777758e-06	0	0	0	0	0	1.82039111103e-05	0	9.10195555515e-05	0.000118325422217	3.1856844443e-05	4.09587999982e-05	1.82039111103e-05	9.10195555515e-06	4.09587999982e-05	0	4.55097777758e-06	0	0	0	6.37136888861e-05	0.000960256311068	0.000263956711099	0.0034496411554	0.000236650844434	0.000473301688868	0.000209344977768	1.82039111103e-05	4.55097777758e-06	3.1856844443e-05	6.37136888861e-05	0	0	2.27548888879e-05	6.37136888861e-05
0.00314017466653	9.10195555515e-06	0.00366353711095	0	0.000691748622191	0	0.00220722422212	0.0384330073316	0.0120464381772	7.28156444412e-05	0.00393204479983	0.00152002657771	3.64078222206e-05	3.64078222206e-05	0.00807343457742	1.82039111103e-05	9.10195555515e-06	0.00061893297775	0.000159284222215	0.000996664133289	5.91627111085e-05	0.0028216062221	1.36529333327e-05	0.0059253730664	0.000532464399976	1.36529333327e-05	0.00129247768883	7.28156444412e-05	0.0175895291103	0.00785043666632	0.0098028061329	0.000177488133325	0.000332221377763	0.00226183595546	0.00272603568877	0	9.10195555515e-06	4.09587999982e-05	0	0	0	4.55097777758e-06	0.000291262577765	0	2.73058666655e-05	0	0	4.55097777758e-06	0	9.10195555515e-06	0	2.73058666655e-05	0	0	0	0	4.09587999982e-05	0.000273058666655	0.000345874311096	5.46117333309e-05	0	2.73058666655e-05	1.36529333327e-05	0.00111043857773	3.1856844443e-05	8.19175999964e-05	0	0	0	2.27548888879e-05	0.00015018226666	4.09587999982e-05	0.00102396999995	0.000154733244438	6.37136888861e-05	2.27548888879e-05	1.82039111103e-05	0.000154733244438	3.1856844443e-05	6.82646666636e-05	2.73058666655e-05	1.36529333327e-05	0	0
0.00337682551096	2.73058666655e-05	0.00422785835537	0	0.00203883804435	0.000609831022195	0.0138895841772	0.0120464381772	0.0479172450201	0.000359527244428	0.00738168595523	0.00220267324435	0.0052973381331	0.000632585911083	0.023428433599	0.000382282133316	2.73058666655e-05	0.00249848679989	0.00013197835555	0.00073270742219	0.00205704195546	0.00043234288887	3.1856844443e-05	0.00563866146642	0.00208434782213	0.000141080311105	0.0039365957776	0.000414138977759	0.00796876208853	0.0122785380439	0.00532464399976	0.000405037022204	0.00690838426636	0.00182039111103	0.00680826275525	0	5.91627111085e-05	0.000113774444439	0	4.55097777758e-06	4.55097777758e-06	0.000136529333327	0.000186590088881	0.000145631288882	0.00016838617777	0	9.55705333291e-05	0.00116049933328	9.10195555515e-06	2.27548888879e-05	4.55097777758e-06	4.55097777758e-06	6.82646666636e-05	4.55097777758e-06	3.1856844443e-05	5.00607555533e-05	6.37136888861e-05	0.000291262577765	0.000291262577765	0.000191141066658	8.64685777739e-05	0.000227548888879	7.28156444412e-05	0.000391384088871	2.73058666655e-05	7.73666222188e-05	0	0	0	0.000314017466653	0.00288531991098	0.000327670399985	0.00496056577756	0.00121966204439	0.000828277955519	0.00111498955551	0.000145631288882	7.28156444412e-05	6.37136888861e-05	0.000186590088881	3.64078222206e-05	7.28156444412e-05	0.000213895955546	9.55705333291e-05
9.10195555515e-06	0.00566596733308	0.000118325422217	0	0.00152457755549	6.82646666636e-05	0.000304915511098	7.28156444412e-05	0.000359527244428	0.032020679643	0.000109223466662	0.000109223466662	0.00116960128884	0.00091929751107	0.00045054679998	0.00189320675547	0.000323119422208	6.37136888861e-05	9.10195555515e-06	4.55097777758e-05	0.000491505599978	0.000409587999982	0.00846026768851	0.00058252515553	0.0203019118658	0.00213440857768	0.00122421302217	0.00579339471085	0.00778217199965	0.00161559711104	0.000473301688868	4.55097777758e-06	8.19175999964e-05	0.00106492879995	0.00116960128884	0.000191141066658	4.55097777758e-05	1.82039111103e-05	0	5.46117333309e-05	9.10195555515e-06	4.55097777758e-06	2.73058666655e-05	4.55097777758e-06	0.0124150673772	3.64078222206e-05	3.64078222206e-05	0.000191141066658	1.82039111103e-05	0.000309466488875	1.36529333327e-05	0.000459648755535	0.000136529333327	3.1856844443e-05	6.37136888861e-05	0.000200243022213	3.1856844443e-05	0.0007509113333	0.000122876399995	0.00467840515535	9.10195555515e-06	0.00015018226666	0.000436893866647	0.00821451488852	0.000823726977741	0.000154733244438	0	0	3.64078222206e-05	0.000109223466662	0.00191596164436	4.09587999982e-05	0.000778217199965	0.000241201822212	0.00287166697765	4.55097777758e-06	0.000154733244438	0.0029217277332	0.000800972088853	0.000177488133325	7.73666222188e-05	0.000113774444439	9.10195555515e-06	0
0.00015018226666	3.64078222206e-05	0.000368629199984	0	0.00153823048882	4.55097777758e-06	0.021034619288	0.00393204479983	0.00738168595523	0.000109223466662	0.0406857413315	0.00506068728866	0.0172345528437	8.64685777739e-05	0.00492415795534	0.000145631288882	0	0.000869236755517	0.000373180177761	0.00170206568881	0.00771390733299	0.00013197835555	4.55097777758e-06	0.000714503511079	0.000992113155511	9.55705333291e-05	0.00462379342202	0.00043234288887	0.0033085608443	0.010804021244	0.000541566355531	0.00045054679998	0.000978460222179	0.00128337573328	0.00938866715514	0	4.55097777758e-06	0	0	0.000482403644423	0	0	9.10195555515e-06	0	7.73666222188e-05	0	2.27548888879e-05	0.00164745395548	9.10195555515e-06	0	0	4.55097777758e-06	4.55097777758e-06	0	0	0	0	7.28156444412e-05	7.73666222188e-05	7.73666222188e-05	1.82039111103e-05	2.27548888879e-05	9.10195555515e-06	5.46117333309e-05	0	4.55097777758e-06	0	0	0	0	0.000714503511079	0.000241201822212	0.00447816213313	0.000332221377763	0.000145631288882	1.82039111103e-05	9.10195555515e-06	4.55097777758e-06	1.82039111103e-05	0	0	0	0	2.73058666655e-05
0.000418689955537	0.00013197835555	0.000459648755535	0	0.000491505599978	1.82039111103e-05	0.00491960697756	0.00152002657771	0.00220267324435	0.000109223466662	0.00506068728866	0.0328034478208	0.00668538635526	0.00588441426641	0.00455097777758	1.36529333327e-05	4.55097777758e-06	0.0026577710221	0.00320843933319	0.00659436679971	0.00359982342206	0.000354976266651	5.91627111085e-05	0.00151092462216	0.000541566355531	0.00317658248875	0.0150091247104	0.00060072906664	0.00181584013325	0.0143082741327	0.00138804822216	0.00318113346653	0.00109223466662	0.000209344977768	0.0176031820437	0	5.00607555533e-05	0	0	2.73058666655e-05	0	1.36529333327e-05	0.000141080311105	0	4.55097777758e-05	1.82039111103e-05	0.002434773111	0.00140625213327	0.000969358266624	1.36529333327e-05	0	0	4.55097777758e-06	0	0	2.27548888879e-05	0	4.55097777758e-06	4.55097777758e-06	0.000100121511107	0.00160194417771	0.000354976266651	7.73666222188e-05	0.000209344977768	2.27548888879e-05	4.55097777758e-06	0.000250303777767	0	0	0.00015018226666	0.000577974177752	0.00401396239982	0.00565686537753	0.000314017466653	1.36529333327e-05	1.36529333327e-05	0.000496056577756	2.73058666655e-05	0.00172026959992	0.00013197835555	0	9.10195555515e-06	1.82039111103e-05	0.00174302448881
6.82646666636e-05	5.46117333309e-05	0.000427791911092	0	0.00381827035539	4.55097777758e-06	0.0173983880437	3.64078222206e-05	0.0052973381331	0.00116960128884	0.0172345528437	0.00668538635526	0.0415003663537	9.10195555515e-05	0.00603004555529	0.00106947977773	0	0.000741809377745	0.000464199733313	0.00160194417771	0.0160330947104	0.000159284222215	2.27548888879e-05	0.000755462311078	0.00136529333327	0.000109223466662	0.00650789822193	0.000537015377754	0.000304915511098	0.0133434668439	0.000464199733313	0.000591627111085	0.00145176191105	0.000741809377745	0.0125698006217	0	4.55097777758e-06	4.55097777758e-06	0	0.000841930888851	0	0	9.10195555515e-06	0	0.000109223466662	9.10195555515e-06	3.1856844443e-05	0.00802792479964	4.55097777758e-06	0	0	4.55097777758e-06	0	0	0	0	0	4.55097777758e-06	4.55097777758e-06	0.000122876399995	1.36529333327e-05	1.82039111103e-05	1.36529333327e-05	9.10195555515e-05	0	4.55097777758e-06	0	0	0	0	0.00105127586662	0.000309466488875	0.00642142964416	0.000414138977759	0.000559770266642	6.37136888861e-05	9.10195555515e-06	4.55097777758e-06	2.73058666655e-05	0	0	0	0	3.1856844443e-05
1.82039111103e-05	0.00140625213327	0.000277609644432	0	0	2.73058666655e-05	0.000163835199993	3.64078222206e-05	0.000632585911083	0.00091929751107	8.64685777739e-05	0.00588441426641	9.10195555515e-05	0.0232509454656	0.00104217391106	0	7.73666222188e-05	3.64078222206e-05	0.000127427377772	2.73058666655e-05	5.91627111085e-05	0	0.00103307195551	0.000141080311105	0.000254854755544	0.0094569318218	0.00381827035539	0.00789139546632	6.37136888861e-05	0.00133343648883	3.64078222206e-05	0.00331311182207	0.00061893297775	4.55097777758e-06	0.00206614391102	0	0.00030036453332	2.27548888879e-05	0	4.09587999982e-05	2.27548888879e-05	0.000286711599987	0.00015018226666	0.000245752799989	5.00607555533e-05	0.00013197835555	0.00309921586653	0.000104672488884	0.00453732484424	2.73058666655e-05	4.55097777758e-06	4.09587999982e-05	0	4.55097777758e-06	0	0.000159284222215	1.36529333327e-05	2.27548888879e-05	9.10195555515e-06	3.64078222206e-05	0.00378186253317	0.00271693373321	0.000455097777758	0.000100121511107	6.37136888861e-05	0	0.00119235617772	4.55097777758e-06	0	0.0011969071555	3.64078222206e-05	0.00164745395548	0.00105127586662	0.000546117333309	0	0.000136529333327	0.000668993733304	7.73666222188e-05	0.00236195746656	0.000773666222188	7.73666222188e-05	0.000145631288882	0.000418689955537	0.00108313271106
0.00640777671083	6.37136888861e-05	0.00189775773325	0	0.00235285551101	2.27548888879e-05	0.00758192897744	0.00807343457742	0.023428433599	0.00045054679998	0.00492415795534	0.00455097777758	0.00603004555529	0.00104217391106	0.0431796771536	0.000182039111103	4.55097777758e-06	0.00294903359987	0.000200243022213	0.000928399466625	0.00249393582211	0.000309466488875	2.73058666655e-05	0.00317658248875	0.00236650844434	0.00030036453332	0.00412318586648	0.000309466488875	0.00670359026637	0.02426581351	0.00882434591072	0.000486954622201	0.00504248337755	0.00405492119982	0.00903369088849	0	7.73666222188e-05	5.00607555533e-05	0	0	0	9.10195555515e-06	0.000332221377763	4.55097777758e-06	0.00030036453332	0	0.00015018226666	0.00144265995549	1.36529333327e-05	2.73058666655e-05	4.55097777758e-06	0	2.73058666655e-05	4.55097777758e-06	1.82039111103e-05	1.82039111103e-05	9.10195555515e-06	0.000186590088881	0.000277609644432	0.000191141066658	0.000141080311105	0.000127427377772	6.82646666636e-05	0.000628034933305	7.28156444412e-05	0	0	0	0	2.73058666655e-05	0.0020706948888	0.000423240933315	0.002598608311	0.000232099866656	0.000405037022204	0.000145631288882	4.09587999982e-05	0.000122876399995	9.10195555515e-05	6.37136888861e-05	1.82039111103e-05	1.82039111103e-05	4.55097777758e-06	0.000145631288882
0	5.00607555533e-05	4.55097777758e-06	0	0.000364078222206	0.000591627111085	0.000386833111094	1.82039111103e-05	0.000382282133316	0.00189320675547	0.000145631288882	1.36529333327e-05	0.00106947977773	0	0.000182039111103	0.00561135559975	2.73058666655e-05	4.55097777758e-06	0	0	0.000377731155539	4.55097777758e-06	0.000109223466662	1.82039111103e-05	0.00208434782213	0	1.36529333327e-05	5.91627111085e-05	0.000304915511098	0.000241201822212	4.55097777758e-06	4.55097777758e-06	0.000218446933324	0.000182039111103	0.000632585911083	0	0	4.55097777758e-06	0	2.73058666655e-05	0	0	4.55097777758e-06	0	9.10195555515e-06	4.55097777758e-06	0	1.36529333327e-05	0	0	0	0	0	0	4.55097777758e-06	0	4.55097777758e-06	0	0	6.82646666636e-05	0	9.10195555515e-06	0	5.00607555533e-05	0	4.55097777758e-06	0	0	0	0	0.000873787733294	9.10195555515e-06	0.000655340799971	0.000459648755535	0.00404581924426	1.36529333327e-05	4.55097777758e-06	4.55097777758e-06	0	1.36529333327e-05	1.36529333327e-05	0	0	0
1.82039111103e-05	0.00058252515553	0.000568872222197	0	0	4.55097777758e-06	9.10195555515e-06	9.10195555515e-06	2.73058666655e-05	0.000323119422208	0	4.55097777758e-06	0	7.73666222188e-05	4.55097777758e-06	2.73058666655e-05	0.0140534193772	9.10195555515e-06	4.55097777758e-06	9.10195555515e-06	0	0.00153367951104	0.00805067968853	0.00709952533302	0.0023346515999	9.10195555515e-05	0.000154733244438	0.00411408391093	0.0010558268444	5.91627111085e-05	7.28156444412e-05	0	4.55097777758e-06	8.19175999964e-05	0.00031856844443	0	4.55097777758e-06	0	0	0	0	0	0	0	0.000377731155539	0	0	0	0	0	0	0.00132888551105	0	0	0	0	0.000254854755544	0.0019887772888	0.000336772355541	0.000163835199993	0	4.55097777758e-06	5.00607555533e-05	0.000791870133298	0	0	0	0	0	0	0.0014199050666	0.000259405733322	0.000172937155548	4.55097777758e-05	9.10195555515e-06	0	2.73058666655e-05	4.55097777758e-05	2.27548888879e-05	0	0	0	0	0
0.00287166697765	0.000546117333309	0.00536560279976	0	3.1856844443e-05	0	0.000537015377754	0.00061893297775	0.00249848679989	6.37136888861e-05	0.000869236755517	0.0026577710221	0.000741809377745	3.64078222206e-05	0.00294903359987	4.55097777758e-06	9.10195555515e-06	0.0266414239099	5.91627111085e-05	0.0076911524441	0.000204793999991	0.00140170115549	4.09587999982e-05	0.00770025439966	0.000136529333327	5.91627111085e-05	0.0147770248438	0.0027806474221	0.000987562177734	0.0052973381331	0.00704491359969	9.10195555515e-06	0	0.000709952533302	0.00851487942184	0	0.000245752799989	5.00607555533e-05	0	4.55097777758e-06	0	0	9.10195555515e-06	0	1.36529333327e-05	0	3.1856844443e-05	0.000136529333327	1.36529333327e-05	0	0	0	0.000141080311105	0	7.28156444412e-05	0	9.10195555515e-06	1.82039111103e-05	6.82646666636e-05	9.10195555515e-06	9.10195555515e-06	0.000418689955537	0.000364078222206	4.55097777758e-06	0	2.73058666655e-05	0	0	0	1.36529333327e-05	0.00103307195551	0.000700850577747	0.0031447256443	0.000992113155511	2.73058666655e-05	1.82039111103e-05	2.73058666655e-05	2.27548888879e-05	2.27548888879e-05	3.64078222206e-05	1.36529333327e-05	0	0	9.10195555515e-06
2.27548888879e-05	4.09587999982e-05	2.73058666655e-05	0	3.64078222206e-05	0	0.000368629199984	0.000159284222215	0.00013197835555	9.10195555515e-06	0.000373180177761	0.00320843933319	0.000464199733313	0.000127427377772	0.000200243022213	0	4.55097777758e-06	5.91627111085e-05	0.00466930319979	0.00161104613326	0.000286711599987	4.55097777758e-06	4.55097777758e-06	5.00607555533e-05	3.1856844443e-05	0.000122876399995	0.00201153217769	2.27548888879e-05	0.000182039111103	0.000955705333291	1.82039111103e-05	0	0	4.55097777758e-06	0.00111954053328	0	1.36529333327e-05	0	0	4.55097777758e-06	0	0	0	0	4.55097777758e-06	0	7.73666222188e-05	0.000100121511107	2.27548888879e-05	0	0	0	0	1.36529333327e-05	0	0	0	0	0	4.55097777758e-06	5.91627111085e-05	4.09587999982e-05	2.27548888879e-05	4.55097777758e-06	0	0	9.10195555515e-06	0	0	4.55097777758e-06	0.000455097777758	0.000755462311078	0.000473301688868	4.55097777758e-05	0	0	4.55097777758e-06	0	6.82646666636e-05	4.55097777758e-06	0	0	0	6.37136888861e-05
0.000364078222206	0.000614381999973	0.000232099866656	0	0.000100121511107	0	0.00112409151106	0.000996664133289	0.00073270742219	4.55097777758e-05	0.00170206568881	0.00659436679971	0.00160194417771	2.73058666655e-05	0.000928399466625	0	9.10195555515e-06	0.0076911524441	0.00161104613326	0.0171207783992	0.000591627111085	0.000486954622201	4.09587999982e-05	0.00157008733326	0.00015018226666	0.000145631288882	0.0097208885329	0.00118780519995	0.0012378659555	0.00429612302203	0.00137439528883	9.10195555515e-06	9.10195555515e-06	0.000195692044436	0.0103580254218	0	4.55097777758e-05	1.36529333327e-05	0	4.55097777758e-06	0	0	3.64078222206e-05	0	2.27548888879e-05	0	9.10195555515e-06	0.000277609644432	9.10195555515e-06	0	0	0	4.55097777758e-06	9.10195555515e-06	0	0	4.55097777758e-06	9.10195555515e-06	4.55097777758e-05	6.37136888861e-05	1.36529333327e-05	8.64685777739e-05	0.000104672488884	9.55705333291e-05	0	4.55097777758e-06	0	0	0	4.55097777758e-06	0.00153367951104	0.00125151888883	0.0046875071109	0.000527913422199	0	0	1.82039111103e-05	9.10195555515e-06	0	4.55097777758e-06	4.55097777758e-06	0	0	4.55097777758e-06
9.10195555515e-06	4.55097777758e-06	0.000204793999991	0	0.00833284031074	0	0.00552488702198	5.91627111085e-05	0.00205704195546	0.000491505599978	0.00771390733299	0.00359982342206	0.0160330947104	5.91627111085e-05	0.00249393582211	0.000377731155539	0	0.000204793999991	0.000286711599987	0.000591627111085	0.0242339566656	9.55705333291e-05	4.55097777758e-06	0.000254854755544	0.00373180177761	4.09587999982e-05	0.00370904688872	0.000200243022213	0.000764564266633	0.00763654071077	0.000163835199993	0.000263956711099	0.00030036453332	0.000814625022186	0.00748180746633	0	0	4.55097777758e-06	0	0.00103762293329	0	0	9.10195555515e-06	0	0.00045054679998	0.000113774444439	2.27548888879e-05	0.00422785835537	0	0	0	0	0	0	0	1.82039111103e-05	0	0	4.55097777758e-06	0.000473301688868	4.55097777758e-06	4.55097777758e-06	4.55097777758e-06	0.000377731155539	0	0	0	0	0	0	0.000568872222197	0.000177488133325	0.0039365957776	0.000254854755544	0.00030036453332	2.27548888879e-05	0	0	1.82039111103e-05	0	0	0	0	2.27548888879e-05
0.000122876399995	0.00015018226666	0.00408677804426	0	2.73058666655e-05	4.09587999982e-05	8.64685777739e-05	0.0028216062221	0.00043234288887	0.000409587999982	0.00013197835555	0.000354976266651	0.000159284222215	0	0.000309466488875	4.55097777758e-06	0.00153367951104	0.00140170115549	4.55097777758e-06	0.000486954622201	9.55705333291e-05	0.0370040003095	0.00258040439989	0.022895969199	0.000682646666636	2.73058666655e-05	0.00108768368884	0.00138804822216	0.00733617617745	0.00119235617772	0.0103034136884	4.55097777758e-06	4.55097777758e-06	0.000992113155511	0.0085649401774	4.55097777758e-06	3.64078222206e-05	0.000100121511107	0	4.55097777758e-06	0	1.36529333327e-05	2.27548888879e-05	1.36529333327e-05	0.00073270742219	1.36529333327e-05	0	4.09587999982e-05	0	1.36529333327e-05	0	0.00120600911106	1.82039111103e-05	0	1.36529333327e-05	0	0.00181584013325	0.00385922915538	0.000204793999991	0.000518811466644	0	3.1856844443e-05	6.37136888861e-05	0.00310831782208	4.55097777758e-06	0.000482403644423	0	0	1.36529333327e-05	1.36529333327e-05	0.00329490791096	0.000869236755517	0.00569782417752	0.0022936927999	0.00141535408883	0.000327670399985	9.10195555515e-06	0.000200243022213	0.000141080311105	1.36529333327e-05	9.10195555515e-06	0	0	0
2.27548888879e-05	0.00815535217742	0.00148361875549	0	0	9.10195555515e-06	1.36529333327e-05	1.36529333327e-05	3.1856844443e-05	0.00846026768851	4.55097777758e-06	5.91627111085e-05	2.27548888879e-05	0.00103307195551	2.73058666655e-05	0.000109223466662	0.00805067968853	4.09587999982e-05	4.55097777758e-06	4.09587999982e-05	4.55097777758e-06	0.00258040439989	0.0365261476428	0.0124150673772	0.009943886444	0.00298544142209	0.00147906777771	0.0142491114216	0.00309466488875	0.000191141066658	0.000268507688877	0	1.36529333327e-05	0.000364078222206	0.000755462311078	1.82039111103e-05	3.64078222206e-05	0.000141080311105	0	0	4.55097777758e-06	0	2.73058666655e-05	1.82039111103e-05	0.00297178848876	9.10195555515e-06	1.36529333327e-05	4.55097777758e-06	1.82039111103e-05	1.82039111103e-05	4.55097777758e-06	0.00818720902186	4.55097777758e-05	2.27548888879e-05	4.55097777758e-05	4.55097777758e-06	0.00174757546659	0.0135892196438	0.0039775545776	0.00119235617772	4.55097777758e-06	0.000109223466662	0.00147451679993	0.00531554204421	2.73058666655e-05	0.000104672488884	0	0	9.10195555515e-06	3.1856844443e-05	0.00138349724438	0.00013197835555	0.000309466488875	0.000104672488884	0.000118325422217	0	0.000177488133325	0.000368629199984	0.000291262577765	2.27548888879e-05	1.36529333327e-05	0	0	0
0.00256675146655	0.000691748622191	0.027560721421	0	0.000254854755544	4.55097777758e-05	0.000486954622201	0.0059253730664	0.00563866146642	0.00058252515553	0.000714503511079	0.00151092462216	0.000755462311078	0.000141080311105	0.00317658248875	1.82039111103e-05	0.00709952533302	0.00770025439966	5.00607555533e-05	0.00157008733326	0.000254854755544	0.022895969199	0.0124150673772	0.0855447292851	0.0011559483555	8.64685777739e-05	0.00827822857741	0.00896542622182	0.00823271879963	0.00476032275534	0.0114866679106	2.27548888879e-05	8.19175999964e-05	0.000819175999964	0.0113455875995	2.27548888879e-05	0.000341323333318	0.00132888551105	0	4.55097777758e-06	0	3.64078222206e-05	7.28156444412e-05	8.19175999964e-05	0.000605280044418	3.64078222206e-05	4.55097777758e-05	0.000136529333327	4.55097777758e-06	8.19175999964e-05	0	0.00781857982187	0.000182039111103	2.73058666655e-05	0.000122876399995	0	0.00197057337769	0.0172300018659	0.0118917049328	0.000418689955537	4.55097777758e-06	0.00058252515553	0.0014199050666	0.00324484715541	1.82039111103e-05	0.00046875071109	0	0	9.10195555515e-06	0.000127427377772	0.0090928535996	0.00200243022213	0.00909740457737	0.0044235503998	0.00163835199993	0.000537015377754	3.64078222206e-05	0.000414138977759	0.000304915511098	8.19175999964e-05	4.55097777758e-05	4.55097777758e-06	0	4.55097777758e-06
0.000700850577747	0.00510164608866	0.000455097777758	0	0.0165382532437	0.000100121511107	0.000923848488848	0.000532464399976	0.00208434782213	0.0203019118658	0.000992113155511	0.000541566355531	0.00136529333327	0.000254854755544	0.00236650844434	0.00208434782213	0.0023346515999	0.000136529333327	3.1856844443e-05	0.00015018226666	0.00373180177761	0.000682646666636	0.009943886444	0.0011559483555	0.070180628308	0.00184314599992	0.00140625213327	0.00589351622196	0.0283525915543	0.0120646420884	0.00554764191086	5.00607555533e-05	0.000455097777758	0.0110770799106	0.0102624548884	0.000245752799989	6.37136888861e-05	1.82039111103e-05	0	0.000741809377745	9.10195555515e-06	0.00013197835555	0.000855583822184	0.000191141066658	0.0176805486659	0.000796421111076	4.55097777758e-05	0.000304915511098	9.10195555515e-06	0.000418689955537	2.27548888879e-05	0.00015018226666	5.91627111085e-05	1.82039111103e-05	3.64078222206e-05	0.000350425288873	0.000236650844434	0.00102852097773	0.000263956711099	0.0149044522216	4.55097777758e-06	0.000118325422217	0.000359527244428	0.0139077880883	0.000668993733304	3.1856844443e-05	0	0	4.55097777758e-06	9.10195555515e-05	0.00447816213313	0.000277609644432	0.00514260488866	0.0012788247555	0.0034496411554	2.73058666655e-05	1.36529333327e-05	0.00232554964434	0.000509709511088	0.000295813555542	0.000122876399995	9.10195555515e-05	9.10195555515e-06	4.55097777758e-06
0	0.00515170684422	8.64685777739e-05	0	0	1.36529333327e-05	8.19175999964e-05	1.36529333327e-05	0.000141080311105	0.00213440857768	9.55705333291e-05	0.00317658248875	0.000109223466662	0.0094569318218	0.00030036453332	0	9.10195555515e-05	5.91627111085e-05	0.000122876399995	0.000145631288882	4.09587999982e-05	2.73058666655e-05	0.00298544142209	8.64685777739e-05	0.00184314599992	0.0207752135546	0.00572513004419	0.0100849667551	4.09587999982e-05	0.000423240933315	3.64078222206e-05	0.000787319155521	0.000323119422208	3.64078222206e-05	0.00101941902218	0	0.00214351053324	2.73058666655e-05	0	3.1856844443e-05	0	4.55097777758e-06	0.000141080311105	0	3.1856844443e-05	0.000127427377772	0.00309466488875	5.46117333309e-05	0.00290807479987	2.73058666655e-05	0	0	1.36529333327e-05	4.09587999982e-05	4.09587999982e-05	8.19175999964e-05	0	2.27548888879e-05	1.82039111103e-05	2.27548888879e-05	0.00487864817756	0.00218902031101	0.00241201822212	8.64685777739e-05	3.64078222206e-05	0	0.000336772355541	0	4.55097777758e-06	0.000395935066649	0.00015018226666	0.00145631288882	0.000382282133316	8.64685777739e-05	0	9.10195555515e-06	0.000555219288864	3.1856844443e-05	0.00155188342215	0.000382282133316	0	1.82039111103e-05	0	0.00207524586657
0.00289897284432	0.0105218606218	0.0129020219994	0	0.000518811466644	9.10195555515e-06	0.00429157204425	0.00129247768883	0.0039365957776	0.00122421302217	0.00462379342202	0.0150091247104	0.00650789822193	0.00381827035539	0.00412318586648	1.36529333327e-05	0.000154733244438	0.0147770248438	0.00201153217769	0.0097208885329	0.00370904688872	0.00108768368884	0.00147906777771	0.00827822857741	0.00140625213327	0.00572513004419	0.0988335843956	0.0226320124879	0.0016429029777	0.0136347294216	0.00595267893307	0.00349970191096	5.00607555533e-05	0.000514260488866	0.0188956597325	4.55097777758e-05	0.0158692595104	0.00250303777767	0	1.82039111103e-05	0	2.73058666655e-05	0.00031856844443	6.37136888861e-05	0.000109223466662	9.10195555515e-06	0.00159739319993	0.00156553635549	0.00136984431105	9.55705333291e-05	0	0.000314017466653	0.00191141066658	0.00199787924436	0.00271238275544	4.55097777758e-06	5.91627111085e-05	0.000846481866629	0.000291262577765	0.000204793999991	0.00309921586653	0.0199378336436	0.0128656141772	0.000405037022204	5.46117333309e-05	1.82039111103e-05	0.000828277955519	0	4.55097777758e-06	0.000368629199984	0.00699485284413	0.00701760773302	0.0107403075551	0.00138804822216	1.82039111103e-05	9.10195555515e-06	9.55705333291e-05	0.000227548888879	0.00143355799994	0.000341323333318	4.55097777758e-05	4.55097777758e-06	1.36529333327e-05	0.000477852666645
6.37136888861e-05	0.0225591968434	0.018476969777	0	2.27548888879e-05	0	0.00030036453332	7.28156444412e-05	0.000414138977759	0.00579339471085	0.00043234288887	0.00060072906664	0.000537015377754	0.00789139546632	0.000309466488875	5.91627111085e-05	0.00411408391093	0.0027806474221	2.27548888879e-05	0.00118780519995	0.000200243022213	0.00138804822216	0.0142491114216	0.00896542622182	0.00589351622196	0.0100849667551	0.0226320124879	0.0847027983962	0.000973909244401	0.00100576608884	0.000391384088871	0.00117415226661	3.1856844443e-05	0.000268507688877	0.00488775013312	0.000104672488884	0.00930674955514	0.000891991644405	0	0	0	0	0.00013197835555	0	2.27548888879e-05	1.36529333327e-05	0.000537015377754	6.37136888861e-05	0.00149727168882	0.000104672488884	0	0.00338592746652	3.64078222206e-05	0.000505158533311	0.00015018226666	0	3.1856844443e-05	0.00889261057738	0.0014199050666	0.000245752799989	0.00301274728875	0.00601639262195	0.0133935275994	0.000218446933324	7.28156444412e-05	4.55097777758e-06	0.00058252515553	0	0	1.82039111103e-05	0.010844980044	0.00288531991098	0.00479673057756	0.000873787733294	0.000104672488884	1.82039111103e-05	7.28156444412e-05	0.000241201822212	0.000273058666655	3.64078222206e-05	1.82039111103e-05	4.55097777758e-06	0	3.64078222206e-05
0.00181584013325	0.00016838617777	0.00378641351094	0	0.00799151697742	4.55097777758e-05	0.00402761533315	0.0175895291103	0.00796876208853	0.00778217199965	0.0033085608443	0.00181584013325	0.000304915511098	6.37136888861e-05	0.00670359026637	0.000304915511098	0.0010558268444	0.000987562177734	0.000182039111103	0.0012378659555	0.000764564266633	0.00733617617745	0.00309466488875	0.00823271879963	0.0283525915543	4.09587999982e-05	0.0016429029777	0.000973909244401	0.080165473552	0.0179171995103	0.0161104613326	0.000195692044436	0.0007509113333	0.012665371155	0.0108631839551	0.000637136888861	0.000122876399995	9.10195555515e-05	0	0.000218446933324	1.36529333327e-05	0.000159284222215	0.00142900702216	0.000213895955546	0.0148316365771	0.000200243022213	7.28156444412e-05	9.55705333291e-05	4.55097777758e-06	0.000846481866629	2.27548888879e-05	0.000273058666655	0.00013197835555	5.91627111085e-05	6.37136888861e-05	0.000154733244438	0.000605280044418	0.00159739319993	0.000691748622191	0.0100531099107	9.10195555515e-06	0.000154733244438	0.000354976266651	0.0152366735993	0.000628034933305	0.000409587999982	0	0	4.09587999982e-05	0.000136529333327	0.00309921586653	0.000204793999991	0.00585255742196	0.00121056008884	0.000573423199975	3.1856844443e-05	2.27548888879e-05	0.00243022213323	0.000773666222188	0.000414138977759	0.000122876399995	0.000154733244438	1.36529333327e-05	1.82039111103e-05
0.00842385986629	0.00016838617777	0.00240291626656	0	0.00589806719974	2.73058666655e-05	0.00815080119964	0.00785043666632	0.0122785380439	0.00161559711104	0.010804021244	0.0143082741327	0.0133434668439	0.00133343648883	0.02426581351	0.000241201822212	5.91627111085e-05	0.0052973381331	0.000955705333291	0.00429612302203	0.00763654071077	0.00119235617772	0.000191141066658	0.00476032275534	0.0120646420884	0.000423240933315	0.0136347294216	0.00100576608884	0.0179171995103	0.0712045983079	0.018231216977	0.00132433453327	0.00167475982215	0.0231917827545	0.0366217181762	0	9.10195555515e-05	6.82646666636e-05	0	3.64078222206e-05	0	3.64078222206e-05	0.00104217391106	3.64078222206e-05	0.00117870324439	0	0.000213895955546	0.00297178848876	2.73058666655e-05	4.55097777758e-05	0	3.64078222206e-05	6.82646666636e-05	9.10195555515e-06	4.55097777758e-05	5.46117333309e-05	1.82039111103e-05	0.000182039111103	0.000309466488875	0.000841930888851	0.00016838617777	0.000209344977768	0.000145631288882	0.00260771026655	0.000118325422217	4.55097777758e-06	0	0	0	0.000127427377772	0.00460103853313	0.000969358266624	0.0158465046215	0.00157918928882	0.000414138977759	8.19175999964e-05	7.28156444412e-05	0.000323119422208	0.00013197835555	0.00015018226666	3.1856844443e-05	3.1856844443e-05	4.09587999982e-05	0.000195692044436
0.00872877537739	0.000100121511107	0.0045054679998	0	0.000368629199984	0	0.000359527244428	0.0098028061329	0.00532464399976	0.000473301688868	0.000541566355531	0.00138804822216	0.000464199733313	3.64078222206e-05	0.00882434591072	4.55097777758e-06	7.28156444412e-05	0.00704491359969	1.82039111103e-05	0.00137439528883	0.000163835199993	0.0103034136884	0.000268507688877	0.0114866679106	0.00554764191086	3.64078222206e-05	0.00595267893307	0.000391384088871	0.0161104613326	0.018231216977	0.051580782131	1.36529333327e-05	3.64078222206e-05	0.009943886444	0.00822816782186	0.000309466488875	6.37136888861e-05	0.000309466488875	0	9.10195555515e-06	4.55097777758e-06	9.10195555515e-06	0.000705401555524	3.1856844443e-05	0.00236195746656	4.55097777758e-05	9.10195555515e-05	0.000113774444439	4.55097777758e-06	0.000327670399985	0	0.000104672488884	7.73666222188e-05	1.36529333327e-05	7.28156444412e-05	1.82039111103e-05	0.00113319346662	0.000637136888861	0.000632585911083	0.000122876399995	9.10195555515e-06	0.000145631288882	0.00015018226666	0.00307646097764	0.000336772355541	0.000814625022186	0	0	4.55097777758e-06	0.000145631288882	0.000314017466653	0.000364078222206	0.00267142395544	0.000659891777748	0.000254854755544	9.10195555515e-05	2.27548888879e-05	0.000245752799989	7.28156444412e-05	0.000336772355541	8.19175999964e-05	4.09587999982e-05	4.55097777758e-06	2.73058666655e-05
1.82039111103e-05	9.55705333291e-05	4.09587999982e-05	0	2.73058666655e-05	0	0.000464199733313	0.000177488133325	0.000405037022204	4.55097777758e-06	0.00045054679998	0.00318113346653	0.000591627111085	0.00331311182207	0.000486954622201	4.55097777758e-06	0	9.10195555515e-06	0	9.10195555515e-06	0.000263956711099	4.55097777758e-06	0	2.27548888879e-05	5.00607555533e-05	0.000787319155521	0.00349970191096	0.00117415226661	0.000195692044436	0.00132433453327	1.36529333327e-05	0.00681281373303	9.10195555515e-06	0	0.00162469906659	0	0.000118325422217	0	0	4.55097777758e-06	0	0	4.09587999982e-05	0	1.82039111103e-05	1.82039111103e-05	0.000910195555515	0.000159284222215	0.00187045186658	1.36529333327e-05	0	0	4.55097777758e-06	9.10195555515e-06	4.55097777758e-06	1.36529333327e-05	0	0	0	9.10195555515e-06	0.000382282133316	0.00148361875549	0.000145631288882	3.1856844443e-05	1.36529333327e-05	0	0.00120600911106	0	0	0.000118325422217	4.09587999982e-05	0.00100576608884	0.00058252515553	3.1856844443e-05	0	0	4.55097777758e-06	1.36529333327e-05	0.00148361875549	0.000109223466662	4.55097777758e-06	9.10195555515e-06	4.55097777758e-06	0.00016838617777
1.82039111103e-05	1.36529333327e-05	6.37136888861e-05	0	0.000414138977759	0.00116960128884	0.00394114675538	0.000332221377763	0.00690838426636	8.19175999964e-05	0.000978460222179	0.00109223466662	0.00145176191105	0.00061893297775	0.00504248337755	0.000218446933324	4.55097777758e-06	0	0	9.10195555515e-06	0.00030036453332	4.55097777758e-06	1.36529333327e-05	8.19175999964e-05	0.000455097777758	0.000323119422208	5.00607555533e-05	3.1856844443e-05	0.0007509113333	0.00167475982215	3.64078222206e-05	9.10195555515e-06	0.0103170666218	0.000373180177761	0.00333586671096	0	9.10195555515e-06	0	0	0	0	1.36529333327e-05	4.55097777758e-06	4.09587999982e-05	2.27548888879e-05	0	0.000195692044436	0.000341323333318	0	0	0	0	0	0	0	4.55097777758e-06	4.55097777758e-06	4.09587999982e-05	6.37136888861e-05	4.09587999982e-05	0.000195692044436	0	4.55097777758e-06	4.55097777758e-05	0	0	0	0	0	7.28156444412e-05	0.00108313271106	6.82646666636e-05	0.00184314599992	0.000141080311105	0.000359527244428	0.00121056008884	0.000127427377772	1.82039111103e-05	5.00607555533e-05	4.55097777758e-05	4.55097777758e-06	9.10195555515e-06	4.55097777758e-05	0.000195692044436
0.00204338902213	0.000141080311105	0.000186590088881	0	0.00361347635539	0	0.000245752799989	0.00226183595546	0.00182039111103	0.00106492879995	0.00128337573328	0.000209344977768	0.000741809377745	4.55097777758e-06	0.00405492119982	0.000182039111103	8.19175999964e-05	0.000709952533302	4.55097777758e-06	0.000195692044436	0.000814625022186	0.000992113155511	0.000364078222206	0.000819175999964	0.0110770799106	3.64078222206e-05	0.000514260488866	0.000268507688877	0.012665371155	0.0231917827545	0.009943886444	0	0.000373180177761	0.0256447597766	0.0127245338661	0	2.27548888879e-05	1.82039111103e-05	0	9.10195555515e-06	4.55097777758e-06	9.10195555515e-06	0.000423240933315	0	0.000646238844416	4.55097777758e-06	9.10195555515e-06	1.36529333327e-05	0	1.36529333327e-05	0	5.46117333309e-05	0	4.55097777758e-06	0	1.82039111103e-05	2.73058666655e-05	9.55705333291e-05	6.82646666636e-05	0.000491505599978	0	9.10195555515e-06	3.1856844443e-05	0.0014608638666	5.46117333309e-05	4.55097777758e-06	0	0	0	9.10195555515e-06	0.00207979684435	0.000122876399995	0.0060482494664	0.000632585911083	7.73666222188e-05	3.1856844443e-05	4.55097777758e-06	0.000159284222215	9.10195555515e-06	1.36529333327e-05	0	2.73058666655e-05	4.55097777758e-06	0
