0.0284302697457	0	0.00140276583074	0	5.73457729549e-05	0.000127925185822	0.00359072762963	0.0215928891242	0.0112794724189	7.05794128675e-05	0.00093076600719	0.00176448532169	0	1.32336399127e-05	0.0164935265445	4.41121330422e-05	8.82242660844e-06	6.61681995633e-05	0.000569046516244	0.000238205518428	3.08784931295e-05	0.00211738238603	2.20560665211e-05	0.00241734489071	9.70466926928e-05	0	0.000326429784512	0.000851364167714	0.00631244623834	0.00831072586515	0.0057522221487	4.41121330422e-06	9.70466926928e-05	7.94018394759e-05	0.00330840997816	0	6.17569862591e-05	4.41121330422e-06	0	0	0	0	0	0	3.08784931295e-05	0	0	0	0	4.41121330422e-06	0	4.41121330422e-06	0	0	0	0	8.82242660844e-06	0	1.76448532169e-05	2.64672798253e-05	0	4.41121330422e-06	7.49906261717e-05	1.32336399127e-05	4.41121330422e-06	0	0	0	0	0	0.000194093385386	0.000101457905997	0.0041862414257	0.00115573788571	0.00016762610556	0.000247027945036	8.82242660844e-06	8.82242660844e-06	0	4.41121330422e-06	8.82242660844e-06	8.82242660844e-06	0	0
0	0.012020556254	4.41121330422e-06	0	0	0	0	0	0	0.00144246675048	0	4.41121330422e-06	0	0.000141158825735	0	0	0.000794018394759	4.41121330422e-06	0	8.82242660844e-06	0	0	0.00535080173802	0.000207327025298	0.00247910187697	0.00118220516553	0.00138512097752	0.00895917422087	4.41121330422e-06	0	0	4.41121330422e-06	0	0	0	0	0.00105869119301	4.41121330422e-06	0	0	0	0	0	0	4.41121330422e-05	0	0	0	4.41121330422e-06	0	0	0.000158803678952	0	0	0	0	0	0.000238205518428	0.000123513972518	3.52897064338e-05	0.00011469154591	4.85233463464e-05	0.0010410463398	4.41121330422e-06	0	0	0	0	0	0	8.82242660844e-06	0	8.82242660844e-06	0	0	0	0	0	4.41121330422e-06	0	0	0	0	0
0.00140276583074	4.41121330422e-06	0.0244778226251	0	0	0	0	0.00171596197534	0.000683738062154	1.32336399127e-05	0	0	0	0	0.00133218641787	0	3.52897064338e-05	0.0080460530669	8.82242660844e-06	0.00028231765147	0	0.000608747435982	2.64672798253e-05	0.00861951079644	8.82242660844e-06	0	0.00277906438166	0.0153157325922	0.000110280332605	2.64672798253e-05	0.00197181234699	0	0	0	0.000626392289199	0	0.0012527845784	0.000145570039039	0	0	0	0	0	0	1.76448532169e-05	0	0	0	0	0	0	3.9700919738e-05	0.000149981252343	8.82242660844e-06	3.9700919738e-05	0	2.20560665211e-05	6.17569862591e-05	0.000185270958777	2.20560665211e-05	0	0.00016762610556	0.00262026070271	1.76448532169e-05	0	0	0	0	0	0.000110280332605	0.000723438981892	0.000476411036856	0.000542579236419	8.82242660844e-06	0	0	0	0.000233794305124	0.000123513972518	1.32336399127e-05	4.41121330422e-06	0	0	0
0	0	0	0	0	0	0	0	0	0	0	0	0	0	0	0	0	0	0	0	0	0	0	0	0	0	0	0	0	0	0	0	0	0	0	0	0	0	0	0	0	0	0	0	0	0	0	0	0	0	0	0	0	0	0	0	0	0	0	0	0	0	0	0	0	0	0	0	0	0	0	0	0	0	0	0	0	0	0	0	0	0	0	0
5.73457729549e-05	0	0	0	0.0221619356404	3.08784931295e-05	0.00100134542006	0.00360837248285	0.00130571913805	0.00016762610556	0.00562870817618	0.00157921436291	0.00373188645537	0.000180859745473	0.00112927060588	0.000154392465648	0	0	0	8.82242660844e-06	0.00785195968151	0	0	1.32336399127e-05	0.00681091334171	4.41121330422e-06	0.000158803678952	8.82242660844e-06	0.0109398089945	8.38130527802e-05	0	3.52897064338e-05	1.76448532169e-05	0	0.00118220516553	8.82242660844e-06	0	0	0	0.00101016784667	0	8.82242660844e-06	4.41121330422e-06	2.64672798253e-05	0.00138512097752	0.00036613070425	6.61681995633e-05	0.000101457905997	3.52897064338e-05	0.0003131961446	0	0	0	0	0	0.000736672621805	0	0	0	0.00493614768742	0	0	0	0.00196740113368	0.000419065263901	0	0	0	4.41121330422e-06	0.0003131961446	0.000696971702067	0.000326429784512	0.00204239175985	0.000172037318865	0.000388186770771	3.08784931295e-05	5.29345596506e-05	3.08784931295e-05	0	0.00011469154591	4.41121330422e-06	0	0	0
0.000127925185822	0	0	0	3.08784931295e-05	0.00610953042634	0.003131961446	0.000374953130859	0.000617569862591	0.000202915811994	0.000299962504687	1.32336399127e-05	0.000149981252343	8.82242660844e-06	0.000264672798253	0.0019850459869	0	0	0	0	5.73457729549e-05	4.41121330422e-06	0	2.64672798253e-05	0.000172037318865	4.41121330422e-06	0	0	0.000344074637729	4.41121330422e-06	0	0	0.00186594322768	0	3.52897064338e-05	0	0	0	0	0	0	0	0	0	2.64672798253e-05	0	0	0	0	0	0	0	0	0	0	0	0	0	0	8.82242660844e-06	0	0	0	0	0	0	0	0	0	1.32336399127e-05	0.00112044817927	0	0.000626392289199	0.000348485851033	0.00180418624143	0.000621981075895	1.32336399127e-05	4.41121330422e-06	0	1.76448532169e-05	0	0	0	0
0.00359072762963	0	0	0	0.00100134542006	0.003131961446	0.045298749421	0.013789452789	0.0236264584574	0.00067932684885	0.0113765191116	0.000657270782329	0.00781225876177	8.82242660844e-06	0.00704470764684	0.00402302653345	4.41121330422e-06	2.20560665211e-05	0.000136747612431	0.000149981252343	0.0038686340678	0.000180859745473	4.41121330422e-06	7.94018394759e-05	0.000617569862591	0	0.000110280332605	4.41121330422e-05	0.00498908224707	0.00179977502812	2.64672798253e-05	0	0.00142482189726	4.41121330422e-06	0.000842541741106	0	8.82242660844e-06	0	0	4.41121330422e-06	0	2.64672798253e-05	3.9700919738e-05	0	0.000299962504687	3.52897064338e-05	9.26354793886e-05	3.08784931295e-05	3.9700919738e-05	0.000352897064338	0	4.41121330422e-06	0	0	0	4.41121330422e-06	0	4.41121330422e-06	8.82242660844e-06	0.000308784931295	0	8.82242660844e-06	1.32336399127e-05	0.000145570039039	0.000467588610247	4.41121330422e-06	0	0	3.08784931295e-05	0.000582280156157	0.00269966254218	9.70466926928e-05	0.000767551114934	0.000149981252343	0.00307020445974	7.05794128675e-05	1.32336399127e-05	0.000560224089636	8.82242660844e-06	0.000255850371645	2.64672798253e-05	1.32336399127e-05	8.82242660844e-06	8.82242660844e-06
0.0215928891242	0	0.00171596197534	0	0.00360837248285	0.000374953130859	0.013789452789	0.0752067756236	0.0221001786541	0.00124396215179	0.0152627980326	0.00185270958777	0.000546990449723	0.000149981252343	0.0174419374049	0.00169390590882	2.64672798253e-05	0.000127925185822	0.000569046516244	0.000374953130859	0.000524934383202	0.0059639603873	0	0.00353338185668	0.00390392377423	4.41121330422e-05	0.000476411036856	0.000979289353537	0.0325988663182	0.00618452105252	0.0125366682106	2.20560665211e-05	0.000136747612431	3.52897064338e-05	0.00304373717991	4.41121330422e-06	6.61681995633e-05	0	0	0.000829308101193	0	0	3.9700919738e-05	2.64672798253e-05	0.00126601821831	0.000247027945036	0.000255850371645	2.20560665211e-05	0.000127925185822	0.000379364344163	0	2.20560665211e-05	0	0	0	0.000758728688326	3.52897064338e-05	3.08784931295e-05	0.000105869119301	0.00445091422396	8.82242660844e-06	0	8.82242660844e-05	0.00217472815898	0.000921943580582	3.52897064338e-05	0	0	0.000348485851033	0.000935177220494	0.00540814751097	0.000419065263901	0.00563753060279	0.00193652264055	0.000948410860407	0.000401420410684	6.61681995633e-05	0.000145570039039	0	0.000524934383202	6.17569862591e-05	1.76448532169e-05	4.41121330422e-06	4.41121330422e-06
0.0112794724189	0	0.000683738062154	0	0.00130571913805	0.000617569862591	0.0236264584574	0.0221001786541	0.0534947837403	8.38130527802e-05	0.0101281457465	0.00120426123205	0.00427887690509	5.73457729549e-05	0.0226339354639	0.00067932684885	2.20560665211e-05	3.9700919738e-05	0.000136747612431	9.70466926928e-05	0.00639184807781	0.00172037318865	8.82242660844e-06	0.0016762610556	7.49906261717e-05	9.26354793886e-05	0.00019850459869	0.000476411036856	0.00656829660998	0.00264672798253	0.00174242925517	4.41121330422e-06	0.000630803502503	4.41121330422e-06	0.00172037318865	0	6.17569862591e-05	0	0	4.41121330422e-06	0	3.08784931295e-05	3.52897064338e-05	0	0.000238205518428	1.76448532169e-05	0.000101457905997	3.08784931295e-05	3.9700919738e-05	0.000269084011557	0	8.82242660844e-06	0	0	0	0	0	4.41121330422e-06	8.82242660844e-06	0.000264672798253	8.82242660844e-06	4.41121330422e-06	7.05794128675e-05	0.000172037318865	0.000352897064338	4.41121330422e-06	0	4.41121330422e-06	4.41121330422e-06	0.000463177396943	0.000939588433799	8.38130527802e-05	0.00234676547784	0.000727850195196	0.000771962328238	0.000180859745473	0.00011469154591	0.00028231765147	8.82242660844e-06	0.000260261584949	5.73457729549e-05	3.9700919738e-05	8.82242660844e-06	4.41121330422e-06
7.05794128675e-05	0.00144246675048	1.32336399127e-05	0	0.00016762610556	0.000202915811994	0.00067932684885	0.00124396215179	8.38130527802e-05	0.0219060852688	0.000458766183639	3.52897064338e-05	0.00149099009683	0.000110280332605	0.000127925185822	0.00112485939258	0.000158803678952	2.64672798253e-05	0	6.17569862591e-05	0.000392597984076	8.82242660844e-06	0.00421711991883	6.61681995633e-05	0.0108207062353	0.000277906438166	0.000105869119301	0.00056463530294	0.00681973576832	0.000401420410684	0.00036613070425	4.41121330422e-06	8.82242660844e-06	4.41121330422e-06	8.82242660844e-05	1.32336399127e-05	4.41121330422e-05	2.64672798253e-05	0	9.70466926928e-05	0	0	9.70466926928e-05	0	0.00852246410375	0	0.000105869119301	8.82242660844e-06	9.26354793886e-05	3.08784931295e-05	0	0.000322018571208	1.76448532169e-05	0	8.82242660844e-05	9.26354793886e-05	0.000136747612431	0.000851364167714	0.000326429784512	0.00343633516399	1.32336399127e-05	7.94018394759e-05	0.000851364167714	0.000851364167714	0.000719027768588	0.000136747612431	0	0	0.000710205341979	0.00194093385386	0.00304373717991	0.000127925185822	0.000339663424425	0.000145570039039	0.000979289353537	6.61681995633e-05	2.20560665211e-05	0.00163214892256	0.000260261584949	0.00160568164274	0.000767551114934	0.000317607357904	4.41121330422e-06	8.82242660844e-06
0.00093076600719	0	0	0	0.00562870817618	0.000299962504687	0.0113765191116	0.0152627980326	0.0101281457465	0.000458766183639	0.044195946095	0.000696971702067	0.00421711991883	0.000207327025298	0.00464500760934	0.00155274708309	0	0	0	5.73457729549e-05	0.00983700566841	1.32336399127e-05	0	7.49906261717e-05	0.00138070976422	2.20560665211e-05	0.000194093385386	3.52897064338e-05	0.00864597807627	0.000502878316681	8.82242660844e-06	4.85233463464e-05	6.61681995633e-05	0	0.000802840821368	0	0	0	0	0.000943999647103	0	8.82242660844e-06	4.41121330422e-06	4.41121330422e-06	0.00019850459869	0.000141158825735	9.70466926928e-05	2.64672798253e-05	7.94018394759e-05	0.000172037318865	0	0	0	0	0	0.000727850195196	0	0	1.76448532169e-05	0.00200710205342	4.41121330422e-06	0	8.82242660844e-06	0.000824896887889	0.000335252211121	0	0	0	2.20560665211e-05	0.0003131961446	0.0016762610556	0.000441121330422	0.00310108295287	0.000427887690509	0.00100134542006	8.82242660844e-05	0.000132336399127	5.29345596506e-05	0	0.000202915811994	4.41121330422e-05	8.82242660844e-06	0	0
0.00176448532169	4.41121330422e-06	0	0	0.00157921436291	1.32336399127e-05	0.000657270782329	0.00185270958777	0.00120426123205	3.52897064338e-05	0.000696971702067	0.0369615562761	0.00210414874611	0.00835483799819	0.00140276583074	8.82242660844e-06	0	0.00123072851188	0.00436268995787	0.00874302476896	0.00312313901939	0.000441121330422	1.32336399127e-05	0.000630803502503	3.52897064338e-05	0.00252321401001	0.0042876993317	0.000352897064338	0.00100575663336	0.000458766183639	0.000286728864774	0.000370541917554	4.41121330422e-06	0	0.0130616025938	0	7.49906261717e-05	2.64672798253e-05	0	0	0	8.82242660844e-06	4.41121330422e-06	0	2.20560665211e-05	8.82242660844e-06	0.000604336222678	8.82242660844e-06	0.00384657800128	0.000229383091819	0	4.41121330422e-06	0	9.70466926928e-05	3.52897064338e-05	4.41121330422e-06	1.32336399127e-05	8.82242660844e-06	1.76448532169e-05	1.32336399127e-05	0.00148657888352	0.000586691369461	0.000427887690509	1.32336399127e-05	0.000304373717991	0	0.000551401663027	0	4.41121330422e-06	0.000251439158341	0.0024085224641	0.00793136152099	0.0164450031981	0.000719027768588	1.76448532169e-05	0	0.00153951344317	6.61681995633e-05	0.00106751361962	0.000123513972518	3.52897064338e-05	7.94018394759e-05	0	1.76448532169e-05
0	0	0	0	0.00373188645537	0.000149981252343	0.00781225876177	0.000546990449723	0.00427887690509	0.00149099009683	0.00421711991883	0.00210414874611	0.0239175985355	0.000158803678952	0.00237323275767	0.00183947594786	0	0	0	0	0.0131586492865	0	4.41121330422e-06	0	0.000511700743289	0	0.000127925185822	0	0.000357308277642	0.000149981252343	0	1.76448532169e-05	4.41121330422e-05	0	0.00173801804186	0	0	0	0	7.49906261717e-05	0	0.000189682172081	1.32336399127e-05	4.41121330422e-06	0.000304373717991	1.32336399127e-05	1.32336399127e-05	0.000666093208937	4.41121330422e-06	9.26354793886e-05	0	0	0	0	0	9.26354793886e-05	0	8.82242660844e-06	0	0.000242616731732	0	0	0	3.52897064338e-05	0.000127925185822	1.32336399127e-05	0	0	8.82242660844e-06	0.000101457905997	5.29345596506e-05	0.000180859745473	0.00112927060588	0	0.00093076600719	0	4.41121330422e-06	8.82242660844e-06	0	3.52897064338e-05	4.41121330422e-06	7.05794128675e-05	4.41121330422e-06	0
1.32336399127e-05	0.000141158825735	0	0	0.000180859745473	8.82242660844e-06	8.82242660844e-06	0.000149981252343	5.73457729549e-05	0.000110280332605	0.000207327025298	0.00835483799819	0.000158803678952	0.0161273958402	6.61681995633e-05	0	0	0	1.32336399127e-05	0	0.000220560665211	0	0.00011469154591	4.41121330422e-06	0.000105869119301	0.0049185028342	0.00288493350096	0.00152627980326	8.82242660844e-05	4.41121330422e-06	0	0.00156156950969	0	0	0.000123513972518	0	7.49906261717e-05	0	0	0	0	8.82242660844e-06	8.82242660844e-06	0	2.64672798253e-05	1.32336399127e-05	0.000692560488762	8.82242660844e-06	0.00664328723615	0.000136747612431	0	0	0	8.82242660844e-05	8.82242660844e-06	0	0	8.82242660844e-06	0	1.32336399127e-05	0.0025099803701	0.000719027768588	0.000992522993449	1.76448532169e-05	0.000202915811994	0	0.001363064911	0	0	0.000220560665211	0.000105869119301	0.00419947506562	0.00129248549814	2.64672798253e-05	4.41121330422e-06	1.76448532169e-05	0.000913121153973	1.76448532169e-05	0.0011469154591	0.000145570039039	1.32336399127e-05	1.76448532169e-05	0	2.20560665211e-05
0.0164935265445	0	0.00133218641787	0	0.00112927060588	0.000264672798253	0.00704470764684	0.0174419374049	0.0226339354639	0.000127925185822	0.00464500760934	0.00140276583074	0.00237323275767	6.61681995633e-05	0.0426520214385	0.000145570039039	0	7.49906261717e-05	1.76448532169e-05	0.00011469154591	0.00471117580891	0.00163214892256	2.20560665211e-05	0.00206003661307	4.41121330422e-05	9.26354793886e-05	0.0003131961446	0.000895476300757	0.00394362469397	0.00821367917246	0.00344074637729	4.41121330422e-06	0.000110280332605	1.76448532169e-05	0.00265113919584	4.41121330422e-06	8.82242660844e-05	0	0	8.82242660844e-06	0	9.26354793886e-05	9.70466926928e-05	4.41121330422e-06	0.000573457729549	0.000141158825735	0.0003131961446	0.000110280332605	0.000127925185822	0.000842541741106	0	4.41121330422e-06	0	0	8.82242660844e-06	1.76448532169e-05	1.32336399127e-05	0	2.20560665211e-05	0.000670504422241	3.52897064338e-05	2.20560665211e-05	0.00011469154591	0.000405831623988	0.00115573788571	0	0	8.82242660844e-06	5.73457729549e-05	0.0015703919363	0.00176448532169	0.000185270958777	0.00244822338384	0.000935177220494	0.000621981075895	0.000211738238603	0.000123513972518	0.000745495048413	1.76448532169e-05	0.000939588433799	0.000154392465648	4.85233463464e-05	1.32336399127e-05	2.20560665211e-05
4.41121330422e-05	0	0	0	0.000154392465648	0.0019850459869	0.00402302653345	0.00169390590882	0.00067932684885	0.00112485939258	0.00155274708309	8.82242660844e-06	0.00183947594786	0	0.000145570039039	0.00905180970026	4.41121330422e-06	1.32336399127e-05	0	8.82242660844e-06	0.000471999823551	2.20560665211e-05	0	0.000185270958777	0.000816074461281	0	4.41121330422e-06	5.29345596506e-05	0.000908709940669	0	9.26354793886e-05	0	9.70466926928e-05	0	5.29345596506e-05	0	0	0	0	8.82242660844e-06	0	0	0	0	0.000141158825735	0	4.41121330422e-06	0	4.41121330422e-06	2.64672798253e-05	0	8.82242660844e-06	0	0	0	0	1.32336399127e-05	0	3.52897064338e-05	4.41121330422e-05	0	0	8.82242660844e-06	1.76448532169e-05	8.82242660844e-05	8.82242660844e-06	0	0	4.85233463464e-05	8.38130527802e-05	0.000701382915371	0	0.000427887690509	0.000388186770771	0.00325106420521	2.20560665211e-05	0	2.20560665211e-05	0	3.9700919738e-05	1.32336399127e-05	1.32336399127e-05	0	0
8.82242660844e-06	0.000794018394759	3.52897064338e-05	0	0	0	4.41121330422e-06	2.64672798253e-05	2.20560665211e-05	0.000158803678952	0	0	0	0	0	4.41121330422e-06	0.0204989082247	3.9700919738e-05	0	4.85233463464e-05	0	0.00149540131013	0.0133747987384	0.00621098833234	0.00268201768897	5.73457729549e-05	6.61681995633e-05	0.00513906349942	0.00305255960652	2.20560665211e-05	0.00011469154591	0	0	0	5.29345596506e-05	0	3.52897064338e-05	4.41121330422e-06	0	0	0	0	0	0	0.000158803678952	0	0	0	0	0	0	0.0071064646331	0	4.41121330422e-06	4.41121330422e-05	0	0.00214826087915	0.00858422109001	0.000714616555284	0.00132777520457	4.41121330422e-06	1.32336399127e-05	0.00131454156466	0.00312755023269	4.41121330422e-06	2.20560665211e-05	0	0	2.20560665211e-05	4.41121330422e-06	0.00130130792474	9.26354793886e-05	0.000242616731732	5.29345596506e-05	0	0	0	0.000608747435982	8.38130527802e-05	1.32336399127e-05	8.82242660844e-06	0	0	0
6.61681995633e-05	4.41121330422e-06	0.0080460530669	0	0	0	2.20560665211e-05	0.000127925185822	3.9700919738e-05	2.64672798253e-05	0	0.00123072851188	0	0	7.49906261717e-05	1.32336399127e-05	3.9700919738e-05	0.0313240256733	0.000180859745473	0.00730496923179	0	0.00183065352125	1.76448532169e-05	0.00976642625554	1.32336399127e-05	0	0.00288493350096	0.0100355102671	0.000419065263901	2.20560665211e-05	0.0023026533448	0	0	0	0.00875184719557	0	0.00115573788571	0.000242616731732	0	0	0	0	3.9700919738e-05	0	2.64672798253e-05	0	0	0	0	0	0	7.05794128675e-05	5.73457729549e-05	0	3.08784931295e-05	0	9.26354793886e-05	7.05794128675e-05	0.000158803678952	5.73457729549e-05	4.41121330422e-06	0.000370541917554	0.00181741988134	0.000123513972518	0	0	0	0	0	1.32336399127e-05	0.00448620393039	0.00174242925517	0.00673592271554	0.00152186858996	1.76448532169e-05	4.41121330422e-06	0	0.000127925185822	7.05794128675e-05	2.64672798253e-05	2.64672798253e-05	8.82242660844e-06	4.41121330422e-06	0
0.000569046516244	0	8.82242660844e-06	0	0	0	0.000136747612431	0.000569046516244	0.000136747612431	0	0	0.00436268995787	0	1.32336399127e-05	1.76448532169e-05	0	0	0.000180859745473	0.00786519332142	0.0018835880809	0	0.000132336399127	0	8.38130527802e-05	4.41121330422e-06	0.000101457905997	0.00222325150533	0.000291140078078	0.0003131961446	0	8.38130527802e-05	0	0	0	0.00176007410838	0	7.94018394759e-05	8.82242660844e-05	0	0	0	0	0	0	0	0	0	0	0.000224971878515	0	0	8.82242660844e-06	8.82242660844e-06	4.85233463464e-05	0.000176448532169	0	0	0	4.41121330422e-06	0	3.9700919738e-05	0.00138512097752	0.000529345596506	0	0	0	0.000194093385386	0	0	0	0.00056463530294	0.00144246675048	0.00327312027173	0.000141158825735	4.41121330422e-06	0	0	2.64672798253e-05	2.64672798253e-05	0	0	0	0	0
0.000238205518428	8.82242660844e-06	0.00028231765147	0	8.82242660844e-06	0	0.000149981252343	0.000374953130859	9.70466926928e-05	6.17569862591e-05	5.73457729549e-05	0.00874302476896	0	0	0.00011469154591	8.82242660844e-06	4.85233463464e-05	0.00730496923179	0.0018835880809	0.023780850923	4.41121330422e-06	0.00103663512649	8.82242660844e-06	0.00155715829639	3.52897064338e-05	8.82242660844e-06	0.00621981075895	0.00226736363837	0.000330840997816	8.82242660844e-06	0.00102340148658	4.41121330422e-06	0	0	0.0120426123205	0	0.000105869119301	6.17569862591e-05	0	0	0	0	0	0	7.05794128675e-05	0	8.82242660844e-06	0	3.52897064338e-05	1.32336399127e-05	0	3.9700919738e-05	1.76448532169e-05	2.20560665211e-05	0.000189682172081	0	3.52897064338e-05	3.08784931295e-05	5.29345596506e-05	3.08784931295e-05	4.41121330422e-05	0.000577868942853	0.000432298903813	3.08784931295e-05	2.64672798253e-05	0	3.08784931295e-05	0	0	4.85233463464e-05	0.00569487637575	0.00311872780608	0.0135997706169	0.00228941970489	4.41121330422e-06	1.32336399127e-05	0	3.9700919738e-05	0	5.73457729549e-05	4.85233463464e-05	8.82242660844e-06	4.41121330422e-06	0
3.08784931295e-05	0	0	0	0.00785195968151	5.73457729549e-05	0.0038686340678	0.000524934383202	0.00639184807781	0.000392597984076	0.00983700566841	0.00312313901939	0.0131586492865	0.000220560665211	0.00471117580891	0.000471999823551	0	0	0	4.41121330422e-06	0.025911466949	1.32336399127e-05	0	1.32336399127e-05	0.000233794305124	0	0.000224971878515	4.41121330422e-06	0.000864597807627	0.000705794128675	0	3.52897064338e-05	3.9700919738e-05	0	0.00316725115243	0	0	0	0	0.000229383091819	0	1.32336399127e-05	1.76448532169e-05	0	0.000255850371645	2.20560665211e-05	1.76448532169e-05	2.20560665211e-05	1.32336399127e-05	6.17569862591e-05	0	0	0	0	0	0.000224971878515	0	0	0	0.000330840997816	0	0	1.32336399127e-05	8.38130527802e-05	8.38130527802e-05	0	0	0	4.41121330422e-06	0.00011469154591	0.000489644676768	0.000436710117118	0.00310990537947	0.000194093385386	0.000304373717991	8.82242660844e-06	8.82242660844e-05	3.9700919738e-05	4.41121330422e-06	9.70466926928e-05	3.9700919738e-05	8.82242660844e-06	0	4.41121330422e-06
0.00211738238603	0	0.000608747435982	0	0	4.41121330422e-06	0.000180859745473	0.0059639603873	0.00172037318865	8.82242660844e-06	1.32336399127e-05	0.000441121330422	0	0	0.00163214892256	2.20560665211e-05	0.00149540131013	0.00183065352125	0.000132336399127	0.00103663512649	1.32336399127e-05	0.0473014402611	0.00148216767022	0.0222589823331	5.29345596506e-05	0	0.000158803678952	0.00264672798253	0.00666534330268	0.00113368181918	0.0215267209246	0	0	0.000149981252343	0.00748582897726	0	0.000211738238603	1.76448532169e-05	0	0	0	0	0	0	4.41121330422e-06	0	0	0	0	4.41121330422e-06	0	0.00193211142725	0	0	0	0	0.00176007410838	0.00198063477359	0.000202915811994	6.17569862591e-05	0	3.52897064338e-05	0.00105869119301	0.00192328900064	4.41121330422e-06	0	0	0	0	0	0.00389069013432	0.000498467103377	0.00357749398972	0.000745495048413	8.82242660844e-05	6.17569862591e-05	0	4.41121330422e-05	1.32336399127e-05	2.64672798253e-05	4.41121330422e-05	8.82242660844e-06	0	0
2.20560665211e-05	0.00535080173802	2.64672798253e-05	0	0	0	4.41121330422e-06	0	8.82242660844e-06	0.00421711991883	0	1.32336399127e-05	4.41121330422e-06	0.00011469154591	2.20560665211e-05	0	0.0133747987384	1.76448532169e-05	0	8.82242660844e-06	0	0.00148216767022	0.0306270539712	0.00594631553409	0.00730055801848	0.000621981075895	0.00019850459869	0.00989435144136	0.00123513972518	0.000322018571208	0.000419065263901	4.41121330422e-06	0	0	2.64672798253e-05	0	0.00148216767022	8.82242660844e-06	0	0	0	0	0	0	0.000666093208937	0	0	0	3.08784931295e-05	0	0	0.00955468801694	4.41121330422e-06	0	4.41121330422e-06	0	0.00285846622113	0.0135556584839	0.000860186594323	0.00180859745473	0.000255850371645	7.94018394759e-05	0.00487439070116	0.00420829749223	0	8.82242660844e-06	0	0	8.82242660844e-06	0	0.000741083835109	0.000388186770771	8.82242660844e-05	1.32336399127e-05	8.82242660844e-06	0	0	0.000286728864774	1.32336399127e-05	4.41121330422e-06	4.41121330422e-06	0	0	0
0.00241734489071	0.000207327025298	0.00861951079644	0	1.32336399127e-05	2.64672798253e-05	7.94018394759e-05	0.00353338185668	0.0016762610556	6.61681995633e-05	7.49906261717e-05	0.000630803502503	0	4.41121330422e-06	0.00206003661307	0.000185270958777	0.00621098833234	0.00976642625554	8.38130527802e-05	0.00155715829639	1.32336399127e-05	0.0222589823331	0.00594631553409	0.0748847570524	0.000127925185822	2.64672798253e-05	0.000688149275458	0.0175169280311	0.00145128917709	0.000891065087452	0.00710205341979	0	1.32336399127e-05	4.85233463464e-05	0.00712852069962	0	0.000260261584949	0.000251439158341	0	0	0	4.41121330422e-06	8.82242660844e-06	8.82242660844e-06	4.41121330422e-05	0	4.41121330422e-06	0	4.41121330422e-06	3.08784931295e-05	0	0.0104501643177	3.52897064338e-05	8.82242660844e-06	8.82242660844e-06	0	0.00335252211121	0.0110545005404	0.00285405500783	0.00019850459869	0	0.000110280332605	0.00264231676923	0.0037627649485	3.9700919738e-05	4.41121330422e-06	0	0	4.41121330422e-06	2.64672798253e-05	0.015196629833	0.00156156950969	0.00998257570745	0.00436268995787	0.000370541917554	0.000127925185822	0	0.000401420410684	0.000110280332605	0.000348485851033	0.000569046516244	0.000185270958777	0	0
9.70466926928e-05	0.00247910187697	8.82242660844e-06	0	0.00681091334171	0.000172037318865	0.000617569862591	0.00390392377423	7.49906261717e-05	0.0108207062353	0.00138070976422	3.52897064338e-05	0.000511700743289	0.000105869119301	4.41121330422e-05	0.000816074461281	0.00268201768897	1.32336399127e-05	4.41121330422e-06	3.52897064338e-05	0.000233794305124	5.29345596506e-05	0.00730055801848	0.000127925185822	0.0343589404266	0.000405831623988	0.000149981252343	0.00170272833543	0.0176977877765	0.00011469154591	0.000158803678952	8.82242660844e-06	0	0	3.08784931295e-05	8.82242660844e-06	8.82242660844e-06	1.32336399127e-05	0	0.000613158649286	0	0	8.82242660844e-06	3.08784931295e-05	0.00444209179735	0.000388186770771	8.38130527802e-05	0	6.17569862591e-05	0.000335252211121	0	0.000860186594323	2.20560665211e-05	8.82242660844e-06	0.000123513972518	0.000445532543726	0.00011469154591	0.00224971878515	2.20560665211e-05	0.00876508083548	4.41121330422e-06	7.05794128675e-05	0.000485233463464	0.00358190520303	0.000502878316681	4.41121330422e-05	0	0	7.05794128675e-05	0.000392597984076	0.000577868942853	5.73457729549e-05	0.000189682172081	6.61681995633e-05	0.00163656013587	1.76448532169e-05	4.41121330422e-06	0.00173360682856	0.000189682172081	0.000163214892256	1.76448532169e-05	1.32336399127e-05	0	0
0	0.00118220516553	0	0	4.41121330422e-06	4.41121330422e-06	0	4.41121330422e-05	9.26354793886e-05	0.000277906438166	2.20560665211e-05	0.00252321401001	0	0.0049185028342	9.26354793886e-05	0	5.73457729549e-05	0	0.000101457905997	8.82242660844e-06	0	0	0.000621981075895	2.64672798253e-05	0.000405831623988	0.0114735658043	0.000560224089636	0.0038730452811	3.52897064338e-05	0	0	0.000119102759214	0	0	0.000154392465648	0	4.41121330422e-05	0	0	0	0	1.76448532169e-05	1.76448532169e-05	0	3.52897064338e-05	2.20560665211e-05	0.000392597984076	2.20560665211e-05	0.00257173735636	0.000163214892256	0	4.41121330422e-06	0	0	0	0	0	1.76448532169e-05	4.41121330422e-06	1.32336399127e-05	0.00288052228766	0.000295551291383	0.001363064911	3.9700919738e-05	0.000220560665211	0	8.82242660844e-06	0	0	0.000291140078078	0.000127925185822	0.00056463530294	0.00064844835572	0	0	0	0.00110280332605	2.64672798253e-05	4.85233463464e-05	0.00016762610556	1.76448532169e-05	1.32336399127e-05	0	8.82242660844e-06
0.000326429784512	0.00138512097752	0.00277906438166	0	0.000158803678952	0	0.000110280332605	0.000476411036856	0.00019850459869	0.000105869119301	0.000194093385386	0.0042876993317	0.000127925185822	0.00288493350096	0.0003131961446	4.41121330422e-06	6.61681995633e-05	0.00288493350096	0.00222325150533	0.00621981075895	0.000224971878515	0.000158803678952	0.00019850459869	0.000688149275458	0.000149981252343	0.000560224089636	0.056317960255	0.0199695626282	0.000194093385386	0	0.000419065263901	0.00200710205342	0	0	0.00236441033106	0	0.00858422109001	0.000886653874148	0	0	0	0	3.08784931295e-05	0	7.49906261717e-05	0	0.000145570039039	0	0.0040803723064	1.32336399127e-05	0	4.41121330422e-05	7.05794128675e-05	0.000322018571208	0.00119543880544	0	1.32336399127e-05	3.08784931295e-05	0.00011469154591	5.29345596506e-05	0.00605659586669	0.0184918061713	0.0129954343942	3.08784931295e-05	2.64672798253e-05	0	0.00238646639758	0	0	0.000127925185822	0.00448179271709	0.00597278281391	0.00551401663027	0.000661681995633	4.41121330422e-06	0	0	0.000119102759214	0.000299962504687	8.82242660844e-05	5.73457729549e-05	4.41121330422e-06	0	4.41121330422e-06
0.000851364167714	0.00895917422087	0.0153157325922	0	8.82242660844e-06	0	4.41121330422e-05	0.000979289353537	0.000476411036856	0.00056463530294	3.52897064338e-05	0.000352897064338	0	0.00152627980326	0.000895476300757	5.29345596506e-05	0.00513906349942	0.0100355102671	0.000291140078078	0.00226736363837	4.41121330422e-06	0.00264672798253	0.00989435144136	0.0175169280311	0.00170272833543	0.0038730452811	0.0199695626282	0.100319812965	0.000401420410684	3.08784931295e-05	0.000913121153973	0.000370541917554	0	0	0.00372747524207	0	0.017821301749	0.0011469154591	0	0	0	0	8.82242660844e-06	0	0.000189682172081	0	0.000132336399127	0	0.00304814839322	4.41121330422e-06	0	0.0038642228545	0.000233794305124	0.000154392465648	0.000242616731732	0	0.000119102759214	0.00717704404596	0.00142041068396	0.000238205518428	0.00557136240323	0.00995610842762	0.0318180815633	0.000145570039039	4.41121330422e-06	0	0.00120867244536	0	0	0.000202915811994	0.00740201592448	0.00171155076204	0.00483468978142	0.000520523169898	4.85233463464e-05	4.41121330422e-06	3.52897064338e-05	0.000719027768588	0.000529345596506	7.94018394759e-05	3.9700919738e-05	4.41121330422e-06	0	0
0.00631244623834	4.41121330422e-06	0.000110280332605	0	0.0109398089945	0.000344074637729	0.00498908224707	0.0325988663182	0.00656829660998	0.00681973576832	0.00864597807627	0.00100575663336	0.000357308277642	8.82242660844e-05	0.00394362469397	0.000908709940669	0.00305255960652	0.000419065263901	0.0003131961446	0.000330840997816	0.000864597807627	0.00666534330268	0.00123513972518	0.00145128917709	0.0176977877765	3.52897064338e-05	0.000194093385386	0.000401420410684	0.0786739892808	0.00427887690509	0.0128895652749	1.32336399127e-05	0.000149981252343	0.00028231765147	0.00173801804186	1.32336399127e-05	8.82242660844e-06	2.64672798253e-05	0	0.00119543880544	0	0	1.32336399127e-05	3.52897064338e-05	0.00703147400693	0.000454354970335	0.000176448532169	1.32336399127e-05	0.00011469154591	0.000414654050597	0	0.00105869119301	2.64672798253e-05	1.32336399127e-05	0.000123513972518	0.000882242660844	0.00102781269988	0.00245263459715	0.000149981252343	0.0108427623018	4.41121330422e-06	8.38130527802e-05	0.000555812876332	0.00521846533889	0.000758728688326	8.82242660844e-05	0	0	0.000163214892256	0.00164538256247	0.00680650212841	0.000330840997816	0.00401861532014	0.00110721453936	0.00134100884448	0.000233794305124	5.29345596506e-05	0.0027217186087	0.000304373717991	0.00134983127109	0.000410242837292	0.000180859745473	0	4.41121330422e-06
0.00831072586515	0	2.64672798253e-05	0	8.38130527802e-05	4.41121330422e-06	0.00179977502812	0.00618452105252	0.00264672798253	0.000401420410684	0.000502878316681	0.000458766183639	0.000149981252343	4.41121330422e-06	0.00821367917246	0	2.20560665211e-05	2.20560665211e-05	0	8.82242660844e-06	0.000705794128675	0.00113368181918	0.000322018571208	0.000891065087452	0.00011469154591	0	0	3.08784931295e-05	0.00427887690509	0.0225457111979	0.00401861532014	0	4.41121330422e-06	0.00100134542006	0.00263790555592	0	0	0	0	0	0	0	0	0	0.000132336399127	0	0	0	0	0	0	2.64672798253e-05	0	0	0	0	4.41121330422e-06	0.000105869119301	8.82242660844e-06	0.000110280332605	0	0	2.20560665211e-05	8.82242660844e-05	4.41121330422e-06	0	0	0	4.41121330422e-06	4.41121330422e-06	1.76448532169e-05	1.32336399127e-05	0.000463177396943	4.85233463464e-05	0	8.82242660844e-06	0	8.82242660844e-06	0	0	0	0	0	0
0.0057522221487	0	0.00197181234699	0	0	0	2.64672798253e-05	0.0125366682106	0.00174242925517	0.00036613070425	8.82242660844e-06	0.000286728864774	0	0	0.00344074637729	9.26354793886e-05	0.00011469154591	0.0023026533448	8.38130527802e-05	0.00102340148658	0	0.0215267209246	0.000419065263901	0.00710205341979	0.000158803678952	0	0.000419065263901	0.000913121153973	0.0128895652749	0.00401861532014	0.0482101502018	0	0	0.000524934383202	0.00798870729394	0	0.000269084011557	4.41121330422e-06	0	0	0	0	0	0	0.000149981252343	0	0	0	0	0	0	6.61681995633e-05	8.82242660844e-06	0	4.41121330422e-06	0	0.000145570039039	0.000233794305124	2.64672798253e-05	0.000194093385386	0	2.64672798253e-05	0.000414654050597	0.000308784931295	4.41121330422e-06	0	0	0	4.41121330422e-06	8.82242660844e-06	0.000741083835109	0.000322018571208	0.00321136328547	0.00067932684885	4.85233463464e-05	3.52897064338e-05	0	8.82242660844e-05	1.76448532169e-05	1.32336399127e-05	1.76448532169e-05	4.41121330422e-06	0	0
4.41121330422e-06	4.41121330422e-06	0	0	3.52897064338e-05	0	0	2.20560665211e-05	4.41121330422e-06	4.41121330422e-06	4.85233463464e-05	0.000370541917554	1.76448532169e-05	0.00156156950969	4.41121330422e-06	0	0	0	0	4.41121330422e-06	3.52897064338e-05	0	4.41121330422e-06	0	8.82242660844e-06	0.000119102759214	0.00200710205342	0.000370541917554	1.32336399127e-05	0	0	0.00209973753281	0	0	0	0	0	4.41121330422e-06	0	0	0	0	0	0	0	0	2.20560665211e-05	0	0.000771962328238	0	0	0	4.41121330422e-06	3.52897064338e-05	1.76448532169e-05	0	0	0	0	0	7.49906261717e-05	0.000414654050597	4.41121330422e-05	0	0	0	0.00048082225016	0	0	0	0	0.000383775557467	0.000101457905997	0	0	0	0	0	1.32336399127e-05	0	0	0	0	0
9.70466926928e-05	0	0	0	1.76448532169e-05	0.00186594322768	0.00142482189726	0.000136747612431	0.000630803502503	8.82242660844e-06	6.61681995633e-05	4.41121330422e-06	4.41121330422e-05	0	0.000110280332605	9.70466926928e-05	0	0	0	0	3.9700919738e-05	0	0	1.32336399127e-05	0	0	0	0	0.000149981252343	4.41121330422e-06	0	0	0.00244822338384	0	2.20560665211e-05	0	0	0	0	0	0	0	0	0	2.20560665211e-05	0	4.41121330422e-06	0	0	8.82242660844e-06	0	0	0	0	0	0	0	0	0	8.82242660844e-06	0	0	0	0	8.82242660844e-06	0	0	0	0	2.64672798253e-05	0.00106310240632	0	0.000379364344163	0.000251439158341	0.0010410463398	0.000304373717991	0	2.20560665211e-05	0	2.20560665211e-05	0	0	0	0
7.94018394759e-05	0	0	0	0	0	4.41121330422e-06	3.52897064338e-05	4.41121330422e-06	4.41121330422e-06	0	0	0	0	1.76448532169e-05	0	0	0	0	0	0	0.000149981252343	0	4.85233463464e-05	0	0	0	0	0.00028231765147	0.00100134542006	0.000524934383202	0	0	0.00148657888352	0.000502878316681	0	0	0	0	0	0	0	0	0	4.41121330422e-06	0	0	0	0	0	0	0	0	0	0	0	0	0	0	0	0	0	0	0	0	0	0	0	0	0	0	0	5.73457729549e-05	8.82242660844e-06	0	0	0	0	0	0	0	0	0	0
0.00330840997816	0	0.000626392289199	0	0.00118220516553	3.52897064338e-05	0.000842541741106	0.00304373717991	0.00172037318865	8.82242660844e-05	0.000802840821368	0.0130616025938	0.00173801804186	0.000123513972518	0.00265113919584	5.29345596506e-05	5.29345596506e-05	0.00875184719557	0.00176007410838	0.0120426123205	0.00316725115243	0.00748582897726	2.64672798253e-05	0.00712852069962	3.08784931295e-05	0.000154392465648	0.00236441033106	0.00372747524207	0.00173801804186	0.00263790555592	0.00798870729394	0	2.20560665211e-05	0.000502878316681	0.0424314607733	0	0.000304373717991	0.00019850459869	0	0	0	4.41121330422e-06	8.82242660844e-06	0	6.61681995633e-05	4.41121330422e-06	1.76448532169e-05	4.41121330422e-06	4.41121330422e-06	0.000105869119301	0	7.49906261717e-05	2.64672798253e-05	0	8.82242660844e-06	4.41121330422e-06	5.29345596506e-05	6.17569862591e-05	0.000141158825735	4.41121330422e-05	4.41121330422e-06	0.000172037318865	0.000816074461281	7.49906261717e-05	0.000132336399127	4.41121330422e-06	4.41121330422e-06	0	4.41121330422e-06	0.00011469154591	0.00476411036856	0.00134983127109	0.024389598359	0.00324665299191	6.61681995633e-05	6.61681995633e-05	0.000207327025298	7.05794128675e-05	2.20560665211e-05	0.000110280332605	8.38130527802e-05	7.94018394759e-05	0	0
0	0	0	0	8.82242660844e-06	0	0	4.41121330422e-06	0	1.32336399127e-05	0	0	0	0	4.41121330422e-06	0	0	0	0	0	0	0	0	0	8.82242660844e-06	0	0	0	1.32336399127e-05	0	0	0	0	0	0	0.0203974503187	0	0.000829308101193	0	1.76448532169e-05	0	0.000101457905997	0.00641831535764	0.00377599858841	4.85233463464e-05	0.000767551114934	2.20560665211e-05	4.41121330422e-05	0	0.0142614526125	1.32336399127e-05	0	0.00164097134917	0	6.17569862591e-05	0.000838130527802	0.0010410463398	0	0.00278347559496	0.0014601116037	0	0.000163214892256	0.000105869119301	0.00130571913805	0.0053331568848	0.00891506208783	0	4.41121330422e-06	0.000560224089636	0.000644037142416	4.41121330422e-06	4.41121330422e-06	4.41121330422e-06	0	0	0	4.41121330422e-06	4.41121330422e-06	0	0.000251439158341	2.64672798253e-05	4.41121330422e-05	8.82242660844e-06	0
6.17569862591e-05	0.00105869119301	0.0012527845784	0	0	0	8.82242660844e-06	6.61681995633e-05	6.17569862591e-05	4.41121330422e-05	0	7.49906261717e-05	0	7.49906261717e-05	8.82242660844e-05	0	3.52897064338e-05	0.00115573788571	7.94018394759e-05	0.000105869119301	0	0.000211738238603	0.00148216767022	0.000260261584949	8.82242660844e-06	4.41121330422e-05	0.00858422109001	0.017821301749	8.82242660844e-06	0	0.000269084011557	0	0	0	0.000304373717991	0	0.0364410331062	0.000286728864774	0	0	4.41121330422e-06	0	0	0	0.00123072851188	0	2.64672798253e-05	0	0.0010410463398	0	8.82242660844e-06	0.000935177220494	9.70466926928e-05	0.000136747612431	0.000441121330422	0	0.000141158825735	0.00429211054501	5.29345596506e-05	0.00141599947065	0.00989876265467	0.00919296852599	0.0332473146739	0.000158803678952	0	0	3.52897064338e-05	0	0	2.20560665211e-05	0.000948410860407	0.00105869119301	0.000308784931295	8.82242660844e-06	0	0	0	0.000194093385386	0.000202915811994	8.82242660844e-06	8.82242660844e-06	1.32336399127e-05	0	0
4.41121330422e-06	4.41121330422e-06	0.000145570039039	0	0	0	0	0	0	2.64672798253e-05	0	2.64672798253e-05	0	0	0	0	4.41121330422e-06	0.000242616731732	8.82242660844e-05	6.17569862591e-05	0	1.76448532169e-05	8.82242660844e-06	0.000251439158341	1.32336399127e-05	0	0.000886653874148	0.0011469154591	2.64672798253e-05	0	4.41121330422e-06	4.41121330422e-06	0	0	0.00019850459869	0.000829308101193	0.000286728864774	0.0310858201548	0	0.000132336399127	0	5.29345596506e-05	0.000688149275458	0.000891065087452	3.52897064338e-05	0.000136747612431	3.08784931295e-05	4.41121330422e-06	2.64672798253e-05	0.00173360682856	0	7.94018394759e-05	0.00905180970026	3.52897064338e-05	0.00184829837447	0.000149981252343	0.00221001786541	3.08784931295e-05	0.0161935640398	0.000247027945036	0.000110280332605	0.0100222766272	0.012730761596	0.000970466926928	0.00102340148658	0.00102781269988	1.32336399127e-05	0	0.00028231765147	0.00106310240632	0.000317607357904	0.00111603696597	0.000185270958777	2.20560665211e-05	0	4.41121330422e-06	0	0.000899887514061	0.000996934206754	0.000608747435982	0.000189682172081	2.20560665211e-05	0	0
0	0	0	0	0	0	0	0	0	0	0	0	0	0	0	0	0	0	0	0	0	0	0	0	0	0	0	0	0	0	0	0	0	0	0	0	0	0	0	0	0	0	0	0	0	0	0	0	0	0	0	0	0	0	0	0	0	0	0	0	0	0	0	0	0	0	0	0	0	0	0	0	0	0	0	0	0	0	0	0	0	0	0	0
0	0	0	0	0.00101016784667	0	4.41121330422e-06	0.000829308101193	4.41121330422e-06	9.70466926928e-05	0.000943999647103	0	7.49906261717e-05	0	8.82242660844e-06	8.82242660844e-06	0	0	0	0	0.000229383091819	0	0	0	0.000613158649286	0	0	0	0.00119543880544	0	0	0	0	0	0	1.76448532169e-05	0	0.000132336399127	0	0.012064668387	0	0.000149981252343	8.82242660844e-05	4.41121330422e-05	0.00117338273892	0.00328194269834	0.00142041068396	0.00356426034981	0.000454354970335	0.00139394340413	0.000405831623988	0	0.00019850459869	0	0	0.00943999647103	7.05794128675e-05	0	0.000286728864774	0.00436710117118	7.05794128675e-05	4.41121330422e-05	8.82242660844e-06	0.00106751361962	0.00287611107435	0.000136747612431	0	0	0.000154392465648	0.0032378305653	1.76448532169e-05	0	8.82242660844e-06	0	8.82242660844e-06	0	0	0.000163214892256	0	0.00122631729857	7.94018394759e-05	0.000105869119301	8.38130527802e-05	1.32336399127e-05
0	0	0	0	0	0	0	0	0	0	0	0	0	0	0	0	0	0	0	0	0	0	0	0	0	0	0	0	0	0	0	0	0	0	0	0	4.41121330422e-06	0	0	0	0.00285846622113	0.000330840997816	0	0.000771962328238	8.82242660844e-05	0	0	4.41121330422e-06	0	2.20560665211e-05	0.000692560488762	0	0	0	0	0	0	1.76448532169e-05	0	6.61681995633e-05	4.41121330422e-06	0	4.41121330422e-06	0	8.82242660844e-06	0	0	0.000992522993449	0	0.000141158825735	0	0	0	0	0	0	0	0	0	0	0	0.00152627980326	0.000926354793886	0
