0.0170968564343	1.15884702447e-05	0.00370444765488	0	3.86282341489e-06	0	0.000266534815627	0.00993131899968	0.00187346935622	0.000421047752223	0.0001815527005	2.31769404893e-05	0	0	0.0120172436437	0	0	0.00193913735427	2.70397639042e-05	0.000366968224415	3.86282341489e-06	0.000235632228308	0.000185415523915	0.00249538392602	0.000386282341489	0	0.00402506199832	3.86282341489e-05	0.00377784129976	0.00633503040042	0.00466242786177	0	3.86282341489e-06	0.000146787289766	0.000336065637095	7.72564682978e-06	0	2.70397639042e-05	0	1.15884702447e-05	0	1.93141170745e-05	7.72564682978e-06	3.86282341489e-06	0.000394007988319	1.54512936596e-05	3.86282341489e-06	3.4765410734e-05	0	1.15884702447e-05	0	0	0	0	0	1.93141170745e-05	2.31769404893e-05	2.31769404893e-05	0.000104296232202	0.000336065637095	0	3.86282341489e-06	7.72564682978e-06	0.0001815527005	4.63538809787e-05	3.4765410734e-05	0	0	3.86282341489e-06	0.000119747525862	2.31769404893e-05	0.000100433408787	0.000382419518074	6.18051746382e-05	1.15884702447e-05	0	0	6.56679980531e-05	0	7.72564682978e-05	3.09025873191e-05	1.93141170745e-05	0	0
1.15884702447e-05	0.0357349794112	0.000760976212733	0	5.79423512234e-05	0	3.09025873191e-05	0.000421047752223	2.31769404893e-05	0.00439203022273	0.000390145164904	0.000285848932702	7.72564682978e-06	0.00086913526835	4.24910575638e-05	1.54512936596e-05	0.00089231220884	0.00115498420105	9.27077619574e-05	0.00033992846051	3.86282341489e-06	0.000498304220521	0.00814283175859	0.000950254560063	0.00389372600221	0.00210523876112	0.00771019553612	0.0235748113011	0.000834369857616	0.000135198819521	8.11192917127e-05	3.86282341489e-06	0	2.31769404893e-05	0.000830507034201	0	0.0173981566607	0.00176144747719	0	7.72564682978e-06	0	5.02167043936e-05	3.09025873191e-05	7.72564682978e-06	0.00017382705367	3.09025873191e-05	0.000169964230255	8.11192917127e-05	0.000637365863457	1.54512936596e-05	3.86282341489e-06	0.000139061642936	0.000115884702447	0	8.88449385425e-05	5.40795278085e-05	1.93141170745e-05	0.00164556277474	0.000216318111234	0.000309025873191	0.00135971384204	0.000216318111234	0.0185531408617	0.000146787289766	5.02167043936e-05	3.86282341489e-06	0.000216318111234	0	3.86282341489e-06	0.00018927834733	0.00379715541684	0.0031134356724	0.00100819691129	0.000436499045883	5.40795278085e-05	3.86282341489e-06	1.93141170745e-05	0.000533069631255	0.000312888696606	0.000220180934649	6.18051746382e-05	0	7.72564682978e-06	4.24910575638e-05
0.00370444765488	0.000760976212733	0.0287703087941	0	2.70397639042e-05	3.86282341489e-06	0.000444224692712	0.00770633271271	0.00387827470855	1.93141170745e-05	6.56679980531e-05	1.93141170745e-05	0	1.54512936596e-05	0.00681788332728	0	3.86282341489e-05	0.00188892064988	7.72564682978e-06	0.000216318111234	3.86282341489e-06	0.00130949713765	0.000594874805893	0.0153122320166	7.33936448829e-05	0	0.0111326570817	0.00494441397106	0.00635048169408	0.000471264456617	0.00281599826946	0	1.93141170745e-05	4.63538809787e-05	0.000351516930755	1.54512936596e-05	0.000567835041989	0.0053191078423	0	7.72564682978e-06	0	0	1.54512936596e-05	2.31769404893e-05	0	0	1.15884702447e-05	3.86282341489e-06	0	1.15884702447e-05	0	2.70397639042e-05	0.000946391736648	0	2.31769404893e-05	7.72564682978e-06	0.000100433408787	0.000714622331755	0.00297823685288	0.000135198819521	0	0.0005446581015	0.00349199236706	0.000285848932702	7.72564682978e-06	8.11192917127e-05	0	0	7.72564682978e-06	9.65705853723e-05	0.000629640216627	0.00178076159426	0.000625777393212	0.000208592464404	1.15884702447e-05	3.86282341489e-06	0	0.000185415523915	3.86282341489e-05	0.00018927834733	0.000135198819521	3.86282341489e-06	0	0
0	0	0	0	0	0	0	0	0	0	0	0	0	0	0	0	0	0	0	0	0	0	0	0	0	0	0	0	0	0	0	0	0	0	0	0	0	0	0	0	0	0	0	0	0	0	0	0	0	0	0	0	0	0	0	0	0	0	0	0	0	0	0	0	0	0	0	0	0	0	0	0	0	0	0	0	0	0	0	0	0	0	0	0
3.86282341489e-06	5.79423512234e-05	2.70397639042e-05	0	0.0196926737691	0	9.65705853723e-05	0.00366581942073	0.000301300226361	0.000146787289766	0.00647022921994	0.000154512936596	0.00140220489961	0.000146787289766	0.000366968224415	1.54512936596e-05	1.15884702447e-05	5.79423512234e-05	0.0001815527005	0.000880723738595	0.00425683140321	1.93141170745e-05	3.09025873191e-05	4.24910575638e-05	0.0031134356724	0	0.000598737629308	0.000305163049776	0.0091046747889	0.000200866817574	7.72564682978e-06	0	0	0	0.00157216912986	8.49821151276e-05	5.40795278085e-05	1.15884702447e-05	0	0.00821622540347	0	0.000482852926861	1.54512936596e-05	0.000305163049776	0.000254946345383	0.000799604446882	0.000100433408787	0.00234473381284	3.86282341489e-06	0.000405596458563	0.00034765410734	0	1.15884702447e-05	2.31769404893e-05	6.18051746382e-05	0.00513369231839	0	7.72564682978e-06	7.72564682978e-06	0.00326408578558	1.15884702447e-05	0.000162238583425	0.000123610349276	0.00151808960205	0.000594874805893	1.15884702447e-05	3.86282341489e-06	0	1.93141170745e-05	0.00108159055617	0.000675994097606	0.000363105401	0.00154512936596	0.000239495051723	4.24910575638e-05	0	3.86282341489e-06	0.0001815527005	2.70397639042e-05	0.000517618337595	0.000212455287819	2.31769404893e-05	3.09025873191e-05	0
0	0	3.86282341489e-06	0	0	0.00396325682368	0.00178076159426	1.15884702447e-05	0.000988882794212	3.86282341489e-06	1.93141170745e-05	3.86282341489e-05	6.9530821468e-05	0.0001815527005	0.000652817157116	0.000822781387372	0	0	0	0	3.86282341489e-06	7.72564682978e-06	0	1.15884702447e-05	7.72564682978e-06	0	7.72564682978e-06	3.86282341489e-06	7.72564682978e-06	0.000370831047829	0	0	0.0023099684021	0	0.000328339990266	0	0	0	0	0	0	0	0	0	0	0	0	0	0	0	0	0	0	0	0	0	0	0	0	0	0	0	0	0	0	0	0	0	0	0	7.72564682978e-05	4.24910575638e-05	3.86282341489e-05	1.54512936596e-05	0.000737799272244	0.000780290329808	0	0	0	0	0	0	0	0
0.000266534815627	3.09025873191e-05	0.000444224692712	0	9.65705853723e-05	0.00178076159426	0.041394015714	0.0119245358818	0.0270629408447	0.000772564682978	0.0176028863017	0.000502167043936	0.00556246571744	0.00016610140684	0.0137902795912	0.00235632228308	1.93141170745e-05	0.000104296232202	0.000112021879032	0.000150650113181	0.00140606772302	0.000127473172691	0.000127473172691	0.000440361869298	0.00186188088598	0	0.00101592255812	0.000115884702447	0.00588694288429	0.0026730738031	3.86282341489e-05	3.86282341489e-06	0.00180780135817	9.27077619574e-05	0.00146401007424	0	1.93141170745e-05	0	0	0.000699171038095	0	0.000185415523915	0.000142924466351	0.00017382705367	0.00070303386151	0.000285848932702	7.33936448829e-05	0.000278123285872	0	4.24910575638e-05	0.000108159055617	2.31769404893e-05	0	0	0	5.40795278085e-05	3.86282341489e-06	8.11192917127e-05	6.9530821468e-05	0.00170736794938	0	6.56679980531e-05	1.54512936596e-05	0.000675994097606	0.000162238583425	7.72564682978e-06	0	1.54512936596e-05	1.15884702447e-05	0.000262671992213	0.00172281924304	0.000459675986372	0.00240267616406	0.00113180726056	0.00137902795912	0.000973431500552	3.86282341489e-05	6.9530821468e-05	0	0.00016610140684	1.15884702447e-05	4.24910575638e-05	7.33936448829e-05	7.72564682978e-06
0.00993131899968	0.000421047752223	0.00770633271271	0	0.00366581942073	1.15884702447e-05	0.0119245358818	0.085870564513	0.0219331113497	0.00136357666546	0.0308291936742	0.00122837784594	0.000270397639042	0.000961843030308	0.0328030964392	7.72564682978e-05	5.40795278085e-05	0.00211296440795	0.00113567008398	0.00354607189487	0.000606463276138	0.00174213336012	0.000475127280032	0.00681788332728	0.00735867860537	7.72564682978e-06	0.0105725476866	0.00105068796885	0.0485943185593	0.0112755815481	0.010642078508	0	2.31769404893e-05	0.00115884702447	0.0082741677547	2.70397639042e-05	0.000254946345383	0.000150650113181	0	0.00273487897774	0	0.000911626325914	0.000776427506393	0.000606463276138	0.0016610140684	0.00102364820495	0.000285848932702	0.0017382705367	0.000235632228308	0.000216318111234	0.000243357875138	8.11192917127e-05	0	3.4765410734e-05	7.72564682978e-06	0.00107000208592	3.86282341489e-05	0.000312888696606	0.000309025873191	0.00708055531949	0.000135198819521	0.000475127280032	0.000803467270297	0.00349585519048	0.00070303386151	0.000115884702447	3.09025873191e-05	3.86282341489e-06	5.02167043936e-05	0.00203957076306	0.00441906998663	0.00198549123525	0.0102866987539	0.00381646953391	0.000409459281978	4.63538809787e-05	1.15884702447e-05	0.000845958327861	4.24910575638e-05	0.000629640216627	0.000131335996106	0.000115884702447	6.18051746382e-05	0
0.00187346935622	2.31769404893e-05	0.00387827470855	0	0.000301300226361	0.000988882794212	0.0270629408447	0.0219331113497	0.0530558796035	0.000815055740542	0.0190900733164	0.00199321688208	0.00224043758064	0.000533069631255	0.0332280070149	0.000996608441042	1.54512936596e-05	0.000807330093712	0.00115884702447	0.000706896684925	0.00103523667519	0.000428773399053	0.000193141170745	0.00366968224415	0.00219408369966	1.15884702447e-05	0.00517232055254	0.000212455287819	0.0110129095559	0.00648954333702	0.00108545337958	3.86282341489e-06	0.00212455287819	0.000108159055617	0.00385896059148	0	7.72564682978e-06	6.56679980531e-05	0	0.000822781387372	0	0.000247220698553	0.000293574579532	0.000216318111234	0.00089231220884	0.000417184928808	9.65705853723e-05	0.000463538809787	1.15884702447e-05	8.11192917127e-05	0.000112021879032	2.70397639042e-05	3.86282341489e-06	0	0	0.000100433408787	2.31769404893e-05	0.000127473172691	0.000150650113181	0.00229065428503	1.15884702447e-05	0.000100433408787	6.9530821468e-05	0.00105068796885	0.000289711756117	1.15884702447e-05	3.86282341489e-06	1.15884702447e-05	1.54512936596e-05	0.000587149159063	0.00190050912013	0.00113567008398	0.00524185137401	0.00157603195328	0.00104296232202	0.000444224692712	5.02167043936e-05	0.000146787289766	1.15884702447e-05	0.000378556694659	3.4765410734e-05	5.40795278085e-05	0.000123610349276	1.54512936596e-05
0.000421047752223	0.00439203022273	1.93141170745e-05	0	0.000146787289766	3.86282341489e-06	0.000772564682978	0.00136357666546	0.000815055740542	0.0303193009835	0.000788015976638	4.63538809787e-05	0.00068758256785	0.000146787289766	0.000830507034201	0.000780290329808	9.65705853723e-05	0.000216318111234	7.72564682978e-06	3.86282341489e-05	5.02167043936e-05	6.9530821468e-05	0.00781062894491	0.000100433408787	0.0141533849922	0.000390145164904	0.00147173572107	0.00297437402947	0.0100935575831	0.00138675360595	0.00146787289766	0	3.86282341489e-06	0.000278123285872	0.000930940442989	0.000490578573691	0.000193141170745	1.15884702447e-05	0	0.000610326099553	0	2.31769404893e-05	0.000409459281978	0	0.0121331283462	1.15884702447e-05	6.56679980531e-05	0.000104296232202	0.000146787289766	0.000467401633202	0.000397870811734	0.000158375760011	1.15884702447e-05	7.72564682978e-06	7.72564682978e-06	0.000108159055617	9.65705853723e-05	0.000865272444935	8.88449385425e-05	0.00831665881226	0.000316751520021	4.24910575638e-05	0.000478990103446	0.00261513145188	0.000741662095659	0.00151036395522	5.79423512234e-05	0	0.000270397639042	0.000811192917127	0.0014794613679	0.000560109395159	0.000954117383478	0.00105068796885	0.00250310957285	7.72564682978e-06	3.86282341489e-06	0.00140606772302	0.000258809168798	0.000247220698553	0.000100433408787	0.000432636222468	1.93141170745e-05	0
0.0001815527005	0.000390145164904	6.56679980531e-05	0	0.00647022921994	1.93141170745e-05	0.0176028863017	0.0308291936742	0.0190900733164	0.000788015976638	0.0684337796182	0.00281599826946	0.00323318319826	0.00141379336985	0.0190437194354	0.000100433408787	4.24910575638e-05	0.00034765410734	0.00203957076306	0.00400188505783	0.00399029658758	0.000146787289766	0.00018927834733	0.000216318111234	0.00204343358648	1.15884702447e-05	0.00308253308508	0.000842095504446	0.0231808033128	0.00908149784841	8.11192917127e-05	0	2.31769404893e-05	0.000278123285872	0.00988882794212	4.63538809787e-05	0.000289711756117	5.40795278085e-05	0	0.00652044592434	7.72564682978e-06	0.00256491474749	0.000220180934649	0.00124769196301	0.000726210801999	0.00124382913959	0.000583286335648	0.00501394479253	2.31769404893e-05	0.000822781387372	0.000598737629308	7.72564682978e-06	5.40795278085e-05	5.40795278085e-05	0.000417184928808	0.00585604029697	2.70397639042e-05	6.18051746382e-05	6.9530821468e-05	0.00629640216627	5.79423512234e-05	0.000788015976638	0.00052920680784	0.00214772981868	0.00183484112207	3.86282341489e-05	1.15884702447e-05	0	2.70397639042e-05	0.00313274978948	0.0038126067105	0.00173440771329	0.00925146207866	0.00122065219911	0.000227906581479	2.70397639042e-05	1.15884702447e-05	0.000428773399053	7.33936448829e-05	0.00148332419132	0.000258809168798	5.79423512234e-05	3.09025873191e-05	0
2.31769404893e-05	0.000285848932702	1.93141170745e-05	0	0.000154512936596	3.86282341489e-05	0.000502167043936	0.00122837784594	0.00199321688208	4.63538809787e-05	0.00281599826946	0.0264101236876	0.000309025873191	0.00468946762568	0.00396325682368	9.65705853723e-05	3.09025873191e-05	0.000351516930755	0.0074707004844	0.00764839036148	0.000351516930755	6.9530821468e-05	0.000131335996106	0.000424910575638	0.000100433408787	0.000478990103446	0.0086643129196	0.000861409621521	0.000533069631255	0.00543885536817	3.4765410734e-05	0.000498304220521	5.02167043936e-05	3.86282341489e-06	0.00826644210787	0	0.000258809168798	1.54512936596e-05	0	3.4765410734e-05	0	6.18051746382e-05	3.4765410734e-05	2.31769404893e-05	3.86282341489e-05	3.4765410734e-05	0.000278123285872	0.000146787289766	0.000934803266403	7.72564682978e-06	1.15884702447e-05	0	0	3.4765410734e-05	1.54512936596e-05	5.79423512234e-05	0	0.000100433408787	5.79423512234e-05	0.000208592464404	0.000285848932702	0.00148332419132	0.00123996631618	0.000115884702447	8.11192917127e-05	0	0.000560109395159	3.86282341489e-06	0	0.000208592464404	0.00283917520994	0.0059139826482	0.00948323148356	0.000494441397106	0.000224043758064	8.88449385425e-05	0.000556246571744	7.72564682978e-05	9.27077619574e-05	3.86282341489e-05	1.15884702447e-05	0	0	2.70397639042e-05
0	7.72564682978e-06	0	0	0.00140220489961	6.9530821468e-05	0.00556246571744	0.000270397639042	0.00224043758064	0.00068758256785	0.00323318319826	0.000309025873191	0.0238645230572	0.000104296232202	0.00223271193381	0.00124769196301	7.72564682978e-06	0	8.88449385425e-05	6.9530821468e-05	0.00605690711455	3.86282341489e-06	0	7.72564682978e-06	0.000927077619574	0	0.000100433408787	1.93141170745e-05	0.00110090467324	0.00148332419132	1.54512936596e-05	3.86282341489e-06	6.56679980531e-05	4.24910575638e-05	0.00102751102836	7.72564682978e-06	2.31769404893e-05	1.15884702447e-05	0	0.000324477166851	1.15884702447e-05	0.00552770030671	1.54512936596e-05	0.00114339573081	6.9530821468e-05	0.001089316203	0.000548520924914	0.00720030284536	7.33936448829e-05	0.00292415732507	0.00309412155533	0	3.86282341489e-06	9.65705853723e-05	4.24910575638e-05	0.00531138219547	0	7.72564682978e-06	1.15884702447e-05	0.000112021879032	1.15884702447e-05	0.00088458656201	0.000158375760011	4.63538809787e-05	0.00302072791044	0	3.09025873191e-05	7.72564682978e-06	0	0.00205888488014	0.000274260462457	7.33936448829e-05	0.000934803266403	0.000104296232202	0.00105841361568	0	3.86282341489e-06	0.000428773399053	0.000115884702447	0.0005446581015	7.72564682978e-05	6.56679980531e-05	3.4765410734e-05	3.86282341489e-06
0	0.00086913526835	1.54512936596e-05	0	0.000146787289766	0.0001815527005	0.00016610140684	0.000961843030308	0.000533069631255	0.000146787289766	0.00141379336985	0.00468946762568	0.000104296232202	0.0217785984132	0.000448087516127	1.15884702447e-05	0	7.72564682978e-06	0.000193141170745	0.000142924466351	0.000305163049776	0	0.000293574579532	2.70397639042e-05	0.00035537975417	0.00685264873802	0.00327181143241	0.00416026081784	0.000753250565904	0.000872998091765	3.4765410734e-05	0.0011163559669	0.000197003994159	2.70397639042e-05	0.00266921097969	0	0.00053693245467	7.72564682978e-06	0	7.72564682978e-06	3.86282341489e-06	8.11192917127e-05	7.72564682978e-06	3.86282341489e-06	2.70397639042e-05	6.18051746382e-05	0.00156830630645	0.000158375760011	0.00483625491544	5.40795278085e-05	3.86282341489e-06	0	0	1.93141170745e-05	7.72564682978e-06	8.49821151276e-05	0	3.4765410734e-05	1.93141170745e-05	0.000200866817574	0.00226747734454	0.00149491266156	0.00148332419132	9.65705853723e-05	0.000115884702447	0	0.00167646536206	2.70397639042e-05	0	0.000602600452723	0.000142924466351	0.00306321896801	0.00262285709871	0.00051375551418	1.93141170745e-05	0.000235632228308	0.00087686091518	0.000162238583425	0.00144083313375	0.000266534815627	6.9530821468e-05	0	3.86282341489e-06	0.000146787289766
0.0120172436437	4.24910575638e-05	0.00681788332728	0	0.000366968224415	0.000652817157116	0.0137902795912	0.0328030964392	0.0332280070149	0.000830507034201	0.0190437194354	0.00396325682368	0.00223271193381	0.000448087516127	0.0636670555242	0.000954117383478	1.54512936596e-05	0.00220180934649	0.00196231429476	0.0018425667689	0.00151036395522	0.000757113389319	0.00034765410734	0.00557405418769	0.00275419309482	1.54512936596e-05	0.00896561314596	0.000227906581479	0.0148757329707	0.0187655961495	0.00516073208229	7.72564682978e-06	0.00104682514544	0.00034765410734	0.00674835250581	2.31769404893e-05	1.93141170745e-05	8.11192917127e-05	0	0.000556246571744	0	0.000320614343436	0.000266534815627	0.000270397639042	0.000807330093712	0.000405596458563	0.000200866817574	0.000919351972744	1.93141170745e-05	0.000154512936596	5.02167043936e-05	2.70397639042e-05	7.72564682978e-06	1.15884702447e-05	1.93141170745e-05	0.0001815527005	5.02167043936e-05	0.000154512936596	0.000258809168798	0.00184642959232	3.09025873191e-05	0.000200866817574	0.000112021879032	0.0010120597347	0.000390145164904	8.88449385425e-05	3.86282341489e-06	1.15884702447e-05	1.15884702447e-05	0.000934803266403	0.00155285501279	0.00125928043325	0.00742048378	0.0011936124352	0.000768701859563	6.18051746382e-05	1.93141170745e-05	0.000227906581479	1.93141170745e-05	0.000602600452723	4.63538809787e-05	5.40795278085e-05	6.56679980531e-05	3.86282341489e-06
0	1.54512936596e-05	0	0	1.54512936596e-05	0.000822781387372	0.00235632228308	7.72564682978e-05	0.000996608441042	0.000780290329808	0.000100433408787	9.65705853723e-05	0.00124769196301	1.15884702447e-05	0.000954117383478	0.00716167461121	3.86282341489e-06	0	1.54512936596e-05	1.54512936596e-05	3.4765410734e-05	7.72564682978e-06	7.72564682978e-06	1.93141170745e-05	0.000197003994159	0	1.93141170745e-05	3.86282341489e-05	5.79423512234e-05	0.000390145164904	3.86282341489e-06	0	0.000552383748329	3.86282341489e-06	0.000227906581479	0	1.15884702447e-05	0	0	3.86282341489e-06	0	0	0	0	1.93141170745e-05	0	0	7.72564682978e-06	0	7.72564682978e-06	0	0	0	0	0	0	0	0	3.86282341489e-06	3.86282341489e-06	0	0	3.86282341489e-06	3.86282341489e-06	1.15884702447e-05	0	0	0	0	7.72564682978e-06	0.000328339990266	0.000123610349276	0.000239495051723	5.02167043936e-05	0.00240653898748	8.88449385425e-05	0	2.31769404893e-05	0	7.72564682978e-06	3.86282341489e-06	1.15884702447e-05	0	0
0	0.00089231220884	3.86282341489e-05	0	1.15884702447e-05	0	1.93141170745e-05	5.40795278085e-05	1.54512936596e-05	9.65705853723e-05	4.24910575638e-05	3.09025873191e-05	7.72564682978e-06	0	1.54512936596e-05	3.86282341489e-06	0.016907578087	0.000100433408787	3.86282341489e-06	5.02167043936e-05	3.86282341489e-06	0.00343018719242	0.011005183909	0.00635820734091	0.00425296857979	6.56679980531e-05	0.000826644210787	0.0055006605428	0.00274260462457	2.70397639042e-05	0	0	0	0	0.000100433408787	1.93141170745e-05	0.00016610140684	1.54512936596e-05	0	3.86282341489e-06	0	3.86282341489e-06	1.15884702447e-05	0	4.24910575638e-05	3.86282341489e-06	2.70397639042e-05	3.86282341489e-06	3.86282341489e-05	2.70397639042e-05	0	0.000822781387372	0	1.54512936596e-05	0	7.72564682978e-06	0.00109704184983	0.00321000625777	0.00201253099916	0.000150650113181	4.24910575638e-05	5.40795278085e-05	0.000428773399053	0.000799604446882	3.4765410734e-05	0.000135198819521	3.86282341489e-06	0	0	1.54512936596e-05	0.000645091510287	0.000478990103446	8.11192917127e-05	3.4765410734e-05	3.86282341489e-06	0	0	4.63538809787e-05	7.72564682978e-06	3.86282341489e-06	0	0	0	0
0.00193913735427	0.00115498420105	0.00188892064988	0	5.79423512234e-05	0	0.000104296232202	0.00211296440795	0.000807330093712	0.000216318111234	0.00034765410734	0.000351516930755	0	7.72564682978e-06	0.00220180934649	0	0.000100433408787	0.0276539528272	0.000177689877085	0.0051877718462	2.31769404893e-05	0.00229837993186	0.000336065637095	0.00485943185593	8.49821151276e-05	0	0.0115884702447	0.00312116131923	0.0019198232372	0.00160307171718	0.00388213753196	0	0	3.09025873191e-05	0.00592943394186	0	0.000737799272244	7.33936448829e-05	0	3.86282341489e-06	0	7.72564682978e-06	3.86282341489e-06	0	0	0	0	7.72564682978e-06	2.70397639042e-05	0	3.86282341489e-06	0	4.63538809787e-05	0	0.000185415523915	7.72564682978e-06	7.72564682978e-06	3.86282341489e-06	4.63538809787e-05	3.86282341489e-06	1.15884702447e-05	0.00087686091518	0.000930940442989	3.86282341489e-05	3.86282341489e-06	1.93141170745e-05	2.70397639042e-05	0	3.86282341489e-06	1.93141170745e-05	0.000896175032255	0.00201253099916	0.00270397639042	0.000297437402947	3.86282341489e-06	1.54512936596e-05	0	0.000224043758064	3.86282341489e-05	4.63538809787e-05	4.24910575638e-05	0	0	0
2.70397639042e-05	9.27077619574e-05	7.72564682978e-06	0	0.0001815527005	0	0.000112021879032	0.00113567008398	0.00115884702447	7.72564682978e-06	0.00203957076306	0.0074707004844	8.88449385425e-05	0.000193141170745	0.00196231429476	1.54512936596e-05	3.86282341489e-06	0.000177689877085	0.011005183909	0.00579809794575	0.000216318111234	3.86282341489e-05	4.24910575638e-05	0.0001815527005	3.4765410734e-05	0.000100433408787	0.00522253725693	0.000162238583425	0.000494441397106	0.00252242368992	5.79423512234e-05	0	0	3.86282341489e-06	0.00414480952418	0	8.11192917127e-05	1.15884702447e-05	0	1.15884702447e-05	0	5.40795278085e-05	1.15884702447e-05	1.93141170745e-05	7.72564682978e-06	1.54512936596e-05	3.86282341489e-05	0.000135198819521	0.000131335996106	1.54512936596e-05	1.15884702447e-05	0	0	0	7.72564682978e-06	4.63538809787e-05	0	4.63538809787e-05	1.54512936596e-05	0.000104296232202	8.49821151276e-05	0.000158375760011	0.000185415523915	4.24910575638e-05	5.79423512234e-05	0	6.18051746382e-05	0	0	0.000112021879032	0.00102751102836	0.00144469595717	0.00450018927835	0.000127473172691	5.40795278085e-05	3.86282341489e-06	3.86282341489e-06	1.93141170745e-05	5.40795278085e-05	4.24910575638e-05	1.15884702447e-05	0	0	0
0.000366968224415	0.00033992846051	0.000216318111234	0	0.000880723738595	0	0.000150650113181	0.00354607189487	0.000706896684925	3.86282341489e-05	0.00400188505783	0.00764839036148	6.9530821468e-05	0.000142924466351	0.0018425667689	1.54512936596e-05	5.02167043936e-05	0.0051877718462	0.00579809794575	0.0228833659098	0.000297437402947	0.000297437402947	0.000212455287819	0.00142538184009	0.000108159055617	6.9530821468e-05	0.0125271363345	0.00115884702447	0.00274260462457	0.00242585310455	0.000517618337595	0	7.72564682978e-06	0.00016610140684	0.0110206352027	3.86282341489e-06	0.000266534815627	3.4765410734e-05	0	7.72564682978e-06	0	5.79423512234e-05	7.72564682978e-06	1.15884702447e-05	0	3.09025873191e-05	6.18051746382e-05	0.000185415523915	0.000115884702447	7.72564682978e-06	7.72564682978e-06	0	0	0	1.93141170745e-05	5.02167043936e-05	0	5.40795278085e-05	3.86282341489e-05	0.000115884702447	0.000100433408787	0.000320614343436	0.000421047752223	4.63538809787e-05	6.56679980531e-05	3.86282341489e-06	7.33936448829e-05	0	0	0.000200866817574	0.00338383331144	0.00310571002557	0.00921669666793	0.000668268450776	0.000119747525862	5.40795278085e-05	7.72564682978e-06	8.49821151276e-05	0	7.72564682978e-05	1.93141170745e-05	3.86282341489e-06	0	0
3.86282341489e-06	3.86282341489e-06	3.86282341489e-06	0	0.00425683140321	3.86282341489e-06	0.00140606772302	0.000606463276138	0.00103523667519	5.02167043936e-05	0.00399029658758	0.000351516930755	0.00605690711455	0.000305163049776	0.00151036395522	3.4765410734e-05	3.86282341489e-06	2.31769404893e-05	0.000216318111234	0.000297437402947	0.0130138520848	7.72564682978e-06	1.15884702447e-05	1.54512936596e-05	0.00124382913959	0	0.000278123285872	1.54512936596e-05	0.00288166626751	0.00121292655228	3.86282341489e-06	0	3.86282341489e-06	3.09025873191e-05	0.00144469595717	7.72564682978e-06	7.72564682978e-06	0	0	0.000220180934649	0	1.15884702447e-05	1.93141170745e-05	1.15884702447e-05	6.56679980531e-05	1.54512936596e-05	7.72564682978e-06	3.86282341489e-05	7.72564682978e-06	1.54512936596e-05	2.31769404893e-05	0	0	0	0	0.000146787289766	0	0	0	0.000220180934649	7.72564682978e-06	1.15884702447e-05	1.93141170745e-05	0.000127473172691	1.54512936596e-05	0	0	0	0	4.24910575638e-05	0.000336065637095	4.63538809787e-05	0.00110476749666	0.000158375760011	0.000185415523915	0	0	3.4765410734e-05	0	2.31769404893e-05	7.72564682978e-06	1.15884702447e-05	3.86282341489e-06	0
0.000235632228308	0.000498304220521	0.00130949713765	0	1.93141170745e-05	7.72564682978e-06	0.000127473172691	0.00174213336012	0.000428773399053	6.9530821468e-05	0.000146787289766	6.9530821468e-05	3.86282341489e-06	0	0.000757113389319	7.72564682978e-06	0.00343018719242	0.00229837993186	3.86282341489e-05	0.000297437402947	7.72564682978e-06	0.0395244091812	0.00549679771939	0.0140838541707	0.000969568677137	7.72564682978e-06	0.0012979086674	0.00154899218937	0.00866817574301	0.000123610349276	0.012774357033	0	1.15884702447e-05	0.000108159055617	0.00611484946577	0.000131335996106	0.0001815527005	0.000135198819521	0	3.86282341489e-06	0	7.72564682978e-06	1.15884702447e-05	7.72564682978e-06	2.70397639042e-05	3.86282341489e-06	5.02167043936e-05	1.15884702447e-05	3.86282341489e-06	5.79423512234e-05	0	0.000363105401	2.70397639042e-05	4.24910575638e-05	3.4765410734e-05	1.15884702447e-05	0.00365036812707	0.00391304011928	0.00446542386761	0.000115884702447	7.72564682978e-06	0.000169964230255	0.000370831047829	0.00254946345383	0.000208592464404	0.00167260253865	3.86282341489e-06	0	3.86282341489e-06	0.000220180934649	0.00259581733481	0.00185801806256	0.00616506617017	0.00255718910066	0.000162238583425	2.31769404893e-05	0	0.000293574579532	2.70397639042e-05	0.000119747525862	4.24910575638e-05	1.15884702447e-05	0	0
0.000185415523915	0.00814283175859	0.000594874805893	0	3.09025873191e-05	0	0.000127473172691	0.000475127280032	0.000193141170745	0.00781062894491	0.00018927834733	0.000131335996106	0	0.000293574579532	0.00034765410734	7.72564682978e-06	0.011005183909	0.000336065637095	4.24910575638e-05	0.000212455287819	1.15884702447e-05	0.00549679771939	0.0490578573691	0.0137632398273	0.0101978538153	0.00112021879032	0.00356924883536	0.0180239340539	0.00890767079474	0.000359242577585	0.000509892690766	0	1.54512936596e-05	8.11192917127e-05	0.000258809168798	4.24910575638e-05	0.000448087516127	0.000119747525862	0	1.15884702447e-05	0	3.86282341489e-06	5.02167043936e-05	1.15884702447e-05	0.00193141170745	7.72564682978e-06	0.000162238583425	1.54512936596e-05	0.00052148116101	5.02167043936e-05	0	0.00294733426556	8.88449385425e-05	2.31769404893e-05	1.15884702447e-05	1.54512936596e-05	0.00368127071439	0.0214618468931	0.016610140684	0.00290098038458	0.000807330093712	0.000185415523915	0.00612643793602	0.00548134642573	8.11192917127e-05	0.000903900679084	0.000158375760011	0	3.86282341489e-06	0.000197003994159	0.0034765410734	0.00261126862847	0.000270397639042	0.000119747525862	6.18051746382e-05	7.72564682978e-06	1.93141170745e-05	0.00127473172691	0.000618051746382	0.00018927834733	9.65705853723e-05	3.86282341489e-06	3.86282341489e-06	3.86282341489e-06
0.00249538392602	0.000950254560063	0.0153122320166	0	4.24910575638e-05	1.15884702447e-05	0.000440361869298	0.00681788332728	0.00366968224415	0.000100433408787	0.000216318111234	0.000424910575638	7.72564682978e-06	2.70397639042e-05	0.00557405418769	1.93141170745e-05	0.00635820734091	0.00485943185593	0.0001815527005	0.00142538184009	1.54512936596e-05	0.0140838541707	0.0137632398273	0.0703227002681	0.000934803266403	2.31769404893e-05	0.00874543221131	0.0102751102836	0.00833597292933	0.000502167043936	0.0052148116101	0	3.4765410734e-05	0.000119747525862	0.00517232055254	7.33936448829e-05	0.000351516930755	0.00353062060121	0	0	0	2.70397639042e-05	3.4765410734e-05	5.02167043936e-05	5.40795278085e-05	7.72564682978e-06	3.09025873191e-05	1.93141170745e-05	1.15884702447e-05	3.86282341489e-05	1.54512936596e-05	0.00192754888403	5.40795278085e-05	7.72564682978e-06	7.72564682978e-06	1.15884702447e-05	0.0015296780723	0.00917034278695	0.0171625244324	0.000397870811734	3.09025873191e-05	0.000301300226361	0.00290098038458	0.000930940442989	2.31769404893e-05	0.000336065637095	3.86282341489e-06	0	7.72564682978e-06	0.000185415523915	0.00557019136427	0.00316751520021	0.00602600452723	0.00575174406477	0.000722347978585	4.24910575638e-05	0	0.000289711756117	0.000119747525862	0.000363105401	0.000278123285872	7.72564682978e-06	2.31769404893e-05	0
0.000386282341489	0.00389372600221	7.33936448829e-05	0	0.0031134356724	7.72564682978e-06	0.00186188088598	0.00735867860537	0.00219408369966	0.0141533849922	0.00204343358648	0.000100433408787	0.000927077619574	0.00035537975417	0.00275419309482	0.000197003994159	0.00425296857979	8.49821151276e-05	3.4765410734e-05	0.000108159055617	0.00124382913959	0.000969568677137	0.0101978538153	0.000934803266403	0.0420661469882	0.000927077619574	0.00214386699526	0.00482080362178	0.0194724928345	0.00144855878058	0.00068758256785	0	7.72564682978e-06	0.000556246571744	0.00140993054644	0.000301300226361	0.000254946345383	2.31769404893e-05	0	0.00147173572107	0	0.000127473172691	0.00132108560789	0.000100433408787	0.00454268033591	0.000216318111234	0.000227906581479	0.000409459281978	0.000444224692712	0.000258809168798	0.000220180934649	0.000158375760011	3.86282341489e-05	1.93141170745e-05	1.15884702447e-05	0.000266534815627	0.000200866817574	0.00146014725083	0.0001815527005	0.00526889113791	0.000645091510287	0.000158375760011	0.000830507034201	0.00285076368019	0.0005446581015	0.00106613926251	0.000123610349276	0	6.18051746382e-05	0.000614188922968	0.00155285501279	0.000760976212733	0.00131335996106	0.000957980206893	0.001452421604	1.54512936596e-05	1.93141170745e-05	0.000494441397106	0.000227906581479	0.000243357875138	0.000131335996106	0.000204729640989	1.54512936596e-05	3.86282341489e-06
0	0.00210523876112	0	0	0	0	0	7.72564682978e-06	1.15884702447e-05	0.000390145164904	1.15884702447e-05	0.000478990103446	0	0.00685264873802	1.54512936596e-05	0	6.56679980531e-05	0	0.000100433408787	6.9530821468e-05	0	7.72564682978e-06	0.00112021879032	2.31769404893e-05	0.000927077619574	0.0139795579385	0.00448087516127	0.00659383956922	1.54512936596e-05	1.93141170745e-05	0	0.000254946345383	0	0	2.31769404893e-05	0	0.0005446581015	7.72564682978e-06	0	0	3.86282341489e-06	3.86282341489e-06	0	0	1.15884702447e-05	0	0.00133267407814	0	0.00501394479253	7.72564682978e-06	0	0	0	1.15884702447e-05	0	0	0	1.54512936596e-05	0	0	0.00440748151639	0.000370831047829	0.00186188088598	0	1.54512936596e-05	0	0.0015296780723	1.15884702447e-05	0	6.56679980531e-05	4.63538809787e-05	0.000923214796159	6.56679980531e-05	0	0	0	0.000366968224415	0	0.00163783712791	3.86282341489e-06	0	0	0	0.000135198819521
0.00402506199832	0.00771019553612	0.0111326570817	0	0.000598737629308	7.72564682978e-06	0.00101592255812	0.0105725476866	0.00517232055254	0.00147173572107	0.00308253308508	0.0086643129196	0.000100433408787	0.00327181143241	0.00896561314596	1.93141170745e-05	0.000826644210787	0.0115884702447	0.00522253725693	0.0125271363345	0.000278123285872	0.0012979086674	0.00356924883536	0.00874543221131	0.00214386699526	0.00448087516127	0.0958057463361	0.0228176979118	0.00720030284536	0.0031636523768	0.00164942559816	0.00088458656201	1.54512936596e-05	9.27077619574e-05	0.00788788541321	1.93141170745e-05	0.0141495221687	0.00252628651334	0	5.40795278085e-05	3.86282341489e-06	0.000212455287819	0.000517618337595	6.9530821468e-05	5.79423512234e-05	0.000177689877085	0.00115112137764	0.000351516930755	0.00456199445299	8.11192917127e-05	1.15884702447e-05	4.63538809787e-05	0.000436499045883	0.000312888696606	0.001089316203	0.000243357875138	0.000158375760011	0.000227906581479	0.00116270984788	0.000293574579532	0.00883427714985	0.0124614683364	0.0200441906999	0.000996608441042	0.000231769404893	9.65705853723e-05	0.00225202605088	3.86282341489e-06	1.15884702447e-05	0.000784153153223	0.0063813842814	0.0106227643909	0.00915102866988	0.00160307171718	0.000135198819521	9.65705853723e-05	8.88449385425e-05	0.000896175032255	0.000838232681031	0.000571697865404	0.000150650113181	2.70397639042e-05	3.86282341489e-06	5.02167043936e-05
3.86282341489e-05	0.0235748113011	0.00494441397106	0	0.000305163049776	3.86282341489e-06	0.000115884702447	0.00105068796885	0.000212455287819	0.00297437402947	0.000842095504446	0.000861409621521	1.93141170745e-05	0.00416026081784	0.000227906581479	3.86282341489e-05	0.0055006605428	0.00312116131923	0.000162238583425	0.00115884702447	1.54512936596e-05	0.00154899218937	0.0180239340539	0.0102751102836	0.00482080362178	0.00659383956922	0.0228176979118	0.0826605582552	0.00276578156506	0.000224043758064	0.00018927834733	0.000162238583425	2.31769404893e-05	7.72564682978e-05	0.00175372183036	0	0.0157525938859	0.00295505991239	0	1.54512936596e-05	0	4.63538809787e-05	0.000235632228308	3.09025873191e-05	0.000158375760011	4.63538809787e-05	0.000451950339542	7.72564682978e-05	0.00183484112207	1.93141170745e-05	3.86282341489e-06	0.000378556694659	0.00016610140684	0	1.93141170745e-05	5.40795278085e-05	5.79423512234e-05	0.00763680189124	0.00720416566877	0.000486715750276	0.00270397639042	0.00112021879032	0.0232426084874	0.000463538809787	4.24910575638e-05	7.72564682978e-06	0.000556246571744	0	3.86282341489e-06	0.000289711756117	0.00872611809424	0.00514141796522	0.00278509568214	0.0022056721699	0.00016610140684	2.31769404893e-05	8.49821151276e-05	0.000927077619574	0.000784153153223	0.000614188922968	0.000386282341489	1.54512936596e-05	7.72564682978e-06	2.31769404893e-05
0.00377784129976	0.000834369857616	0.00635048169408	0	0.0091046747889	7.72564682978e-06	0.00588694288429	0.0485943185593	0.0110129095559	0.0100935575831	0.0231808033128	0.000533069631255	0.00110090467324	0.000753250565904	0.0148757329707	5.79423512234e-05	0.00274260462457	0.0019198232372	0.000494441397106	0.00274260462457	0.00288166626751	0.00866817574301	0.00890767079474	0.00833597292933	0.0194724928345	1.54512936596e-05	0.00720030284536	0.00276578156506	0.105231035468	0.00627322522578	0.0103948578095	0	2.31769404893e-05	0.0013481253718	0.00735481578195	0.000683719744436	0.000533069631255	0.000235632228308	0	0.00499849349887	0	0.000610326099553	0.000606463276138	0.000397870811734	0.00879951173912	0.000807330093712	0.000324477166851	0.000969568677137	0.000320614343436	0.000919351972744	0.000397870811734	0.00052920680784	6.18051746382e-05	3.4765410734e-05	2.70397639042e-05	0.00152195242547	0.00160307171718	0.00509506408424	0.00115112137764	0.0149723035561	0.000162238583425	0.00069530821468	0.00157989477669	0.0111944622564	0.00190437194354	0.00174985900695	3.4765410734e-05	3.86282341489e-06	0.000316751520021	0.00297437402947	0.00598737629308	0.00273874180116	0.00998926135091	0.00487102032618	0.000517618337595	6.9530821468e-05	3.86282341489e-06	0.00349199236706	0.000486715750276	0.000745524919074	0.000270397639042	0.000386282341489	0.000115884702447	0
0.00633503040042	0.000135198819521	0.000471264456617	0	0.000200866817574	0.000370831047829	0.0026730738031	0.0112755815481	0.00648954333702	0.00138675360595	0.00908149784841	0.00543885536817	0.00148332419132	0.000872998091765	0.0187655961495	0.000390145164904	2.70397639042e-05	0.00160307171718	0.00252242368992	0.00242585310455	0.00121292655228	0.000123610349276	0.000359242577585	0.000502167043936	0.00144855878058	1.93141170745e-05	0.0031636523768	0.000224043758064	0.00627322522578	0.0406600792651	0.00450018927835	1.15884702447e-05	0.000494441397106	0.00401733635149	0.0114803111891	0.000123610349276	8.49821151276e-05	1.15884702447e-05	0	0.000112021879032	0	0.000204729640989	0.000200866817574	0.0001815527005	0.000977294323967	0.000112021879032	0.000177689877085	0.00053693245467	1.93141170745e-05	0.000197003994159	1.15884702447e-05	0	7.72564682978e-06	1.93141170745e-05	2.70397639042e-05	0.000123610349276	3.4765410734e-05	2.31769404893e-05	0.000104296232202	0.00135198819521	3.09025873191e-05	0.000185415523915	0.00016610140684	0.000942528913233	0.000448087516127	0.000262671992213	3.86282341489e-06	1.15884702447e-05	7.72564682978e-06	0.00103523667519	0.00157603195328	0.00140993054644	0.0103639552222	0.00224816322747	0.000478990103446	6.9530821468e-05	3.4765410734e-05	0.000432636222468	1.54512936596e-05	0.000629640216627	7.33936448829e-05	7.33936448829e-05	0.000119747525862	1.54512936596e-05
0.00466242786177	8.11192917127e-05	0.00281599826946	0	7.72564682978e-06	0	3.86282341489e-05	0.010642078508	0.00108545337958	0.00146787289766	8.11192917127e-05	3.4765410734e-05	1.54512936596e-05	3.4765410734e-05	0.00516073208229	3.86282341489e-06	0	0.00388213753196	5.79423512234e-05	0.000517618337595	3.86282341489e-06	0.012774357033	0.000509892690766	0.0052148116101	0.00068758256785	0	0.00164942559816	0.00018927834733	0.0103948578095	0.00450018927835	0.0425799025023	0	0	0.00052148116101	0.00475513562373	0.000200866817574	9.65705853723e-05	4.24910575638e-05	0	3.4765410734e-05	0	0.000220180934649	0.000115884702447	3.4765410734e-05	0.000985019970797	0.000177689877085	0.000216318111234	0.000262671992213	0.000224043758064	0.000598737629308	1.15884702447e-05	0	3.4765410734e-05	5.02167043936e-05	4.24910575638e-05	0.000224043758064	0.00109317902641	0.000127473172691	0.00190823476696	0.00087686091518	0.000127473172691	0.000502167043936	0.000633503040042	0.00139061642936	0.00107386490934	0.00184642959232	3.09025873191e-05	0	0	0.00167260253865	0.000316751520021	0.000467401633202	0.00326022296217	0.00052920680784	1.15884702447e-05	0	0	0.000691445391265	1.93141170745e-05	0.000390145164904	0.000135198819521	8.88449385425e-05	7.72564682978e-06	0
0	3.86282341489e-06	0	0	0	0	3.86282341489e-06	0	3.86282341489e-06	0	0	0.000498304220521	3.86282341489e-06	0.0011163559669	7.72564682978e-06	0	0	0	0	0	0	0	0	0	0	0.000254946345383	0.00088458656201	0.000162238583425	0	1.15884702447e-05	0	0.00127859455033	0	0	1.15884702447e-05	0	3.09025873191e-05	0	0	0	0	0	0	0	0	0	2.70397639042e-05	0	0.000382419518074	3.86282341489e-06	0	0	0	0	0	0	0	0	0	0	0.000235632228308	9.65705853723e-05	8.11192917127e-05	0	3.86282341489e-06	0	0.000177689877085	0	0	7.72564682978e-06	0	0.000104296232202	6.18051746382e-05	3.86282341489e-06	0	0	7.72564682978e-06	0	3.86282341489e-06	3.86282341489e-06	0	0	0	0
3.86282341489e-06	0	1.93141170745e-05	0	0	0.0023099684021	0.00180780135817	2.31769404893e-05	0.00212455287819	3.86282341489e-06	2.31769404893e-05	5.02167043936e-05	6.56679980531e-05	0.000197003994159	0.00104682514544	0.000552383748329	0	0	0	7.72564682978e-06	3.86282341489e-06	1.15884702447e-05	1.54512936596e-05	3.4765410734e-05	7.72564682978e-06	0	1.54512936596e-05	2.31769404893e-05	2.31769404893e-05	0.000494441397106	0	0	0.00436112763541	0	0.000224043758064	0	0	3.86282341489e-06	0	0	0	0	0	0	3.86282341489e-06	0	0	0	0	3.86282341489e-06	0	0	0	0	0	0	0	0	7.72564682978e-06	3.86282341489e-06	0	0	0	3.86282341489e-06	0	0	0	0	0	0	0.000297437402947	0.000131335996106	0.000212455287819	0.000100433408787	0.000517618337595	0.000478990103446	0	7.72564682978e-06	0	0	0	0	0	0
