0.032025660575	1.54025059877e-05	0.00378901647298	0	0.000204083204337	0	0.00028879698727	0.00938397677302	0.013172993246	0.000130921300896	0.00110127917812	0	7.70125299386e-06	0	0.0226647875609	7.70125299386e-06	4.62075179632e-05	0.00120524609354	3.85062649693e-06	0.000142473180386	6.93112769448e-05	0.00372740644903	1.15518794908e-05	0.00494420442206	0.00190220948948	0	0.000750872166902	0.000242589469307	0.00666158383969	0.0136273671726	0.0162457931906	0	0.00023873884281	0.000219485710325	0.00157490623724	0	1.92531324847e-05	3.85062649693e-06	0	7.70125299386e-06	0	0	0	0	1.15518794908e-05	3.85062649693e-06	3.85062649693e-06	0	0	0	0	1.54025059877e-05	0	3.85062649693e-06	0	0	1.54025059877e-05	1.54025059877e-05	1.92531324847e-05	2.31037589816e-05	0	1.15518794908e-05	5.3908770957e-05	1.92531324847e-05	0	0	0	0	0	0	0.000161726312871	3.85062649693e-06	0.000492880191607	0.000103966915417	1.92531324847e-05	0	3.85062649693e-06	2.31037589816e-05	2.31037589816e-05	7.70125299386e-06	0	0	0	0
1.54025059877e-05	0.0334580936318	0.00173663255012	0	7.70125299386e-06	0	0	3.85062649693e-06	1.15518794908e-05	0.00242974531956	3.85062649693e-06	1.54025059877e-05	5.00581444601e-05	0.0010088641422	7.70125299386e-06	0	0.00172893129712	0.00013862255389	2.69543854785e-05	0.000323452625742	1.92531324847e-05	0.00010011628892	0.0073970535006	0.000319601999245	0.0015017443338	0.00142858243036	0.0091606404362	0.0227071444524	2.69543854785e-05	0.000111668168411	0.000127070674399	1.92531324847e-05	0	0	9.62656624233e-05	3.85062649693e-06	0.0233232446919	1.92531324847e-05	0	1.92531324847e-05	0	3.85062649693e-06	3.85062649693e-06	0	0.00010011628892	7.70125299386e-06	0.000215635083828	3.85062649693e-06	0.000431270167656	3.85062649693e-06	0	0.000165576939368	0.0011282335636	5.3908770957e-05	0.00231807715115	7.70125299386e-06	0.000327303252239	0.000458224553135	0.000385062649693	9.24150359263e-05	0.00503276883149	0.00449368112192	0.0188873229674	2.31037589816e-05	7.70125299386e-06	0	4.23568914662e-05	0	7.70125299386e-06	8.08631564356e-05	0.00215250021178	0.000997312262705	0.000180979445356	3.08050119754e-05	1.92531324847e-05	0	1.15518794908e-05	0.000481328312116	0.000473627059123	7.70125299386e-05	7.70125299386e-06	7.70125299386e-06	0	0
0.00378901647298	0.00173663255012	0.0427265516099	0	2.31037589816e-05	7.70125299386e-06	3.85062649693e-06	7.70125299386e-06	0.00177513881509	9.24150359263e-05	1.15518794908e-05	1.15518794908e-05	1.54025059877e-05	2.69543854785e-05	0.0028918204992	3.85062649693e-06	3.46556384724e-05	0.0051444369999	5.3908770957e-05	0.000473627059123	3.08050119754e-05	0.00196767013993	8.47137829325e-05	0.0115133732258	6.93112769448e-05	1.15518794908e-05	0.00858304646166	0.0118522283576	0.000180979445356	0.00297268365563	0.00498656131353	0	7.70125299386e-06	1.15518794908e-05	0.00160186062272	3.85062649693e-06	0.005021216952	0.000469776432626	0	7.31619034417e-05	0	0	1.15518794908e-05	0	6.54606504478e-05	5.00581444601e-05	1.54025059877e-05	0	0	3.85062649693e-06	0	0.00013862255389	0.000284946360773	7.70125299386e-06	0.000643054624987	1.54025059877e-05	0.000173278192362	0.00122064859953	0.000404315782178	0.000119369421405	7.70125299386e-06	0.00120139546704	0.00917604294219	6.16100239509e-05	3.85062649693e-06	3.85062649693e-06	3.85062649693e-06	0	7.70125299386e-06	4.23568914662e-05	0.00321527312494	0.000492880191607	0.00261457539142	0.0015055949603	0.000115518794908	0	5.00581444601e-05	0.0012514536115	0.000754722793398	0.000412017035172	0.000242589469307	1.92531324847e-05	3.85062649693e-06	0
0	0	0	0	0	0	0	0	0	0	0	0	0	0	0	0	0	0	0	0	0	0	0	0	0	0	0	0	0	0	0	0	0	0	0	0	0	0	0	0	0	0	0	0	0	0	0	0	0	0	0	0	0	0	0	0	0	0	0	0	0	0	0	0	0	0	0	0	0	0	0	0	0	0	0	0	0	0	0	0	0	0	0	0
0.000204083204337	7.70125299386e-06	2.31037589816e-05	0	0.0129573581622	0	0.000142473180386	0.000177128818859	0.000342705758227	0.00118214233456	0.00167887315266	0.000111668168411	0.00385832774992	0.000127070674399	0.000616100239509	0.000469776432626	0	7.70125299386e-06	9.62656624233e-05	0.000146323806883	0.00608784049165	7.70125299386e-06	0	2.31037589816e-05	0.00398154779783	3.85062649693e-06	0.000119369421405	4.23568914662e-05	0.00532156581876	0.00107047416615	3.46556384724e-05	0	7.70125299386e-05	2.31037589816e-05	0.000835585949834	0	7.70125299386e-06	0	0	0.00145168618934	0	7.70125299386e-06	0	0	0.000912598479773	1.54025059877e-05	1.15518794908e-05	0.000562191468552	0	0	0	7.70125299386e-06	0	3.85062649693e-06	1.54025059877e-05	0.000400465155681	7.70125299386e-06	3.85062649693e-06	3.85062649693e-06	0.001255304238	3.85062649693e-06	7.70125299386e-06	7.70125299386e-06	0.000750872166902	0	0	0	0	0	7.70125299386e-06	0.000550639589061	2.69543854785e-05	0.00108972729863	0.000381212023196	0.000115518794908	4.62075179632e-05	3.85062649693e-06	4.23568914662e-05	1.54025059877e-05	4.62075179632e-05	0	0	0	3.85062649693e-06
0	0	7.70125299386e-06	0	0	0.00380056835247	0.00165576939368	3.85062649693e-06	0.000631502745497	1.15518794908e-05	6.16100239509e-05	3.85062649693e-06	1.54025059877e-05	2.69543854785e-05	2.31037589816e-05	0.000612249613012	0	0	3.85062649693e-06	0	4.23568914662e-05	3.85062649693e-06	0	7.70125299386e-06	3.85062649693e-06	3.85062649693e-06	3.85062649693e-06	7.70125299386e-06	3.85062649693e-06	7.70125299386e-06	0	0	0.00179439194757	0	0.000246440095804	0	0	7.70125299386e-06	0	0	0	0	0	0	0	0	0	0	0	0	0	0	0	0	0	0	3.85062649693e-06	0	3.85062649693e-06	0	0	0	7.70125299386e-06	0	0	0	0	0	0	0	0.000173278192362	3.85062649693e-06	0.000154025059877	0.000161726312871	0.00104737040717	0.00139777741839	3.85062649693e-06	7.70125299386e-06	0	0	7.70125299386e-06	3.85062649693e-06	0	0
0.00028879698727	0	3.85062649693e-06	0	0.000142473180386	0.00165576939368	0.0424339039962	0.00577979037189	0.0181749570655	0	0.0202966522653	0.00147093932183	0.00994616824157	0.000211784457331	0.00460149866383	0.00172508067063	0	0	0.000720067154926	6.54606504478e-05	0.00598002294973	8.08631564356e-05	0	3.85062649693e-06	6.93112769448e-05	7.70125299386e-06	0.000207933830834	3.85062649693e-06	0.00315751372748	0.00167117189967	2.31037589816e-05	0	0.00568737533597	0	0.0021370977058	0	0	0	0	0	0	0	0	0	0	0	7.70125299386e-06	0	7.70125299386e-06	0	0	0	0	0	3.85062649693e-06	0	0	0	0	0	1.15518794908e-05	1.15518794908e-05	3.85062649693e-06	0	0	0	0	0	0	0	0.000723917781423	2.31037589816e-05	0.00205623454936	0.000231037589816	0.00116288920207	0.000500581444601	7.70125299386e-06	3.85062649693e-06	7.70125299386e-06	1.92531324847e-05	0	0	0	0
0.00938397677302	3.85062649693e-06	7.70125299386e-06	0	0.000177128818859	3.85062649693e-06	0.00577979037189	0.0387488544386	0.0113015887685	8.85644094294e-05	0.0096573712543	0	0.000242589469307	6.54606504478e-05	0.0103273802648	7.70125299386e-06	0	0	3.85062649693e-06	7.70125299386e-06	5.3908770957e-05	0.00097805913022	0	0.000350407011221	0.000646905251484	2.31037589816e-05	1.92531324847e-05	1.54025059877e-05	0.0219023635145	0.00358108264215	0.00674629762262	0	6.54606504478e-05	0.000569892721546	0.00038891327619	0	3.85062649693e-06	0	0	0.000161726312871	0	2.31037589816e-05	0	0	0.000989611009711	0	2.69543854785e-05	4.23568914662e-05	0	0	3.85062649693e-06	1.15518794908e-05	0	0	1.15518794908e-05	5.7759397454e-05	3.85062649693e-06	1.15518794908e-05	1.15518794908e-05	0.00155180247826	7.70125299386e-06	3.85062649693e-06	1.54025059877e-05	0.000893345347288	7.70125299386e-06	0	0	0	7.70125299386e-06	3.08050119754e-05	0.000231037589816	3.85062649693e-06	0.000515983950589	0.000161726312871	1.92531324847e-05	1.15518794908e-05	3.85062649693e-06	5.7759397454e-05	3.08050119754e-05	3.85062649693e-05	3.85062649693e-05	6.54606504478e-05	0	3.85062649693e-06
0.013172993246	1.15518794908e-05	0.00177513881509	0	0.000342705758227	0.000631502745497	0.0181749570655	0.0113015887685	0.0508359710125	1.15518794908e-05	0.0147594513627	0.0010050135157	0.00572203097444	3.85062649693e-05	0.0235773860407	0.000169427565865	0	0.000689262142951	0.000469776432626	0.000130921300896	0.00696193270645	0.00361188765412	0	0.00529461143328	0.000962656624233	0	0.00053908770957	0.00010011628892	0.0091644910627	0.0047709262297	0.00645365000886	0	0.00354642700367	7.70125299386e-06	0.00169812628515	0	1.15518794908e-05	3.85062649693e-06	0	7.70125299386e-06	0	0	0	0	7.70125299386e-06	3.85062649693e-06	3.85062649693e-06	0	0	0	0	0	0	3.85062649693e-06	0	0	1.92531324847e-05	0	2.31037589816e-05	7.70125299386e-06	0	1.15518794908e-05	5.7759397454e-05	7.70125299386e-06	3.85062649693e-06	0	0	0	3.85062649693e-06	0	0.00013862255389	1.54025059877e-05	0.00134771927393	0.000123220047902	0.00010011628892	2.31037589816e-05	3.85062649693e-06	3.08050119754e-05	2.69543854785e-05	1.15518794908e-05	0	0	0	0
0.000130921300896	0.00242974531956	9.24150359263e-05	0	0.00118214233456	1.15518794908e-05	0	8.85644094294e-05	1.15518794908e-05	0.0299155172547	0.000169427565865	5.00581444601e-05	0.00082788469684	0.000396614529184	0.000219485710325	0.00309590370353	0.0022526165007	5.7759397454e-05	9.62656624233e-05	0.000377361396699	0.000427419541159	0.000723917781423	0.00735469660914	0.00110512980462	0.0132500057759	0.000315751372748	0.00152484809278	0.00227572025969	0.00318446811296	0.00357338138915	0.00416637786968	7.70125299386e-06	6.16100239509e-05	0.000793229058368	0.00092800098576	8.47137829325e-05	0.000824034070343	3.08050119754e-05	0	0.00167117189967	0	8.85644094294e-05	0.000804780937859	1.15518794908e-05	0.00812867253502	0.000115518794908	0.000180979445356	0.000804780937859	7.70125299386e-06	8.47137829325e-05	7.70125299386e-06	0.00341550570278	3.85062649693e-05	8.08631564356e-05	0.000277245107779	0.00067771026346	0.00189450823649	0.00525225454181	0.00228342151268	0.00591456229929	4.23568914662e-05	0.000111668168411	0.00107817541914	0.00381982148496	0.00010011628892	0	3.08050119754e-05	0	2.69543854785e-05	0.00013862255389	0.00687336829702	0.000951104744742	0.00177898944158	0.000512133324092	0.00457069365186	1.92531324847e-05	0	0.00236813529561	0.000666158383969	0.000315751372748	8.85644094294e-05	4.62075179632e-05	4.23568914662e-05	1.92531324847e-05
0.00110127917812	3.85062649693e-06	1.15518794908e-05	0	0.00167887315266	6.16100239509e-05	0.0202966522653	0.0096573712543	0.0147594513627	0.000169427565865	0.0426071821885	0.00105507166016	0.00820953569146	0.000207933830834	0.0082826975949	1.15518794908e-05	0	0	0.00103966915417	0.000696963395945	0.0115095225993	0	0	3.08050119754e-05	1.15518794908e-05	7.70125299386e-06	0.000558340842055	3.85062649693e-05	0.00725072969372	0.00541013022819	3.46556384724e-05	0	0.00222566211523	3.46556384724e-05	0.00302274180009	0	3.85062649693e-06	0	0	0.000165576939368	0	0	0	0	0.000173278192362	3.85062649693e-06	3.85062649693e-06	1.92531324847e-05	3.85062649693e-06	0	0	1.54025059877e-05	0	3.85062649693e-06	0	1.15518794908e-05	1.15518794908e-05	3.85062649693e-06	3.85062649693e-06	0.000177128818859	1.15518794908e-05	1.15518794908e-05	1.54025059877e-05	0.000142473180386	0	0	3.85062649693e-06	0	0	0	0.000643054624987	6.93112769448e-05	0.00276860045129	0.000492880191607	2.69543854785e-05	5.7759397454e-05	1.15518794908e-05	6.54606504478e-05	1.92531324847e-05	5.00581444601e-05	0	0	0	0
0	1.54025059877e-05	1.15518794908e-05	0	0.000111668168411	3.85062649693e-06	0.00147093932183	0	0.0010050135157	5.00581444601e-05	0.00105507166016	0.0208280387219	0.00396999591834	0.00266078290938	0.00057759397454	0.000173278192362	0	0	0.00491339941008	0.00284946360773	0.00342705758227	0	0	7.70125299386e-06	3.85062649693e-05	0.000134771927393	0.00406626158076	0.000119369421405	2.31037589816e-05	0.00601467858821	3.85062649693e-06	0.000454373926638	0.00053908770957	0	0.0103812890357	3.85062649693e-06	3.46556384724e-05	3.85062649693e-06	0	1.54025059877e-05	0	3.85062649693e-06	0	3.85062649693e-06	5.00581444601e-05	7.70125299386e-06	4.23568914662e-05	7.70125299386e-06	6.16100239509e-05	0	0	4.23568914662e-05	0	3.85062649693e-06	2.69543854785e-05	7.70125299386e-06	0	0.00013862255389	3.85062649693e-06	9.62656624233e-05	1.92531324847e-05	1.15518794908e-05	5.00581444601e-05	1.92531324847e-05	3.85062649693e-06	0	1.92531324847e-05	0	3.85062649693e-06	2.69543854785e-05	0.00197537139293	0.00299578741461	0.00582599788986	0.000331153878736	2.31037589816e-05	1.15518794908e-05	0.000531386456576	0.000277245107779	0.000361958890712	9.62656624233e-05	3.85062649693e-06	3.85062649693e-06	3.85062649693e-06	1.15518794908e-05
7.70125299386e-06	5.00581444601e-05	1.54025059877e-05	0	0.00385832774992	1.54025059877e-05	0.00994616824157	0.000242589469307	0.00572203097444	0.00082788469684	0.00820953569146	0.00396999591834	0.0383445386564	0.000119369421405	0.00393919090636	0.00211399394682	0	1.15518794908e-05	0.00299193678812	0.00442436984497	0.023881585534	3.85062649693e-06	0	4.23568914662e-05	0.00243359594606	8.47137829325e-05	0.00260687413842	7.70125299386e-05	0.00173663255012	0.00852528706421	1.92531324847e-05	1.54025059877e-05	0.00180594382706	0	0.0110089411547	0	3.85062649693e-06	3.85062649693e-06	0	0.000781677178877	0	0.00053908770957	3.85062649693e-06	0.000119369421405	0.000177128818859	1.54025059877e-05	0.000246440095804	0.00187525510401	1.92531324847e-05	7.70125299386e-06	2.69543854785e-05	0	7.70125299386e-06	7.70125299386e-06	0.000546788962564	0.00207163705535	0	0	0	0.000257991975294	0.000562191468552	0.000558340842055	0.000350407011221	0.000373510770202	5.3908770957e-05	0	1.15518794908e-05	2.31037589816e-05	0	9.24150359263e-05	0.00033885513173	9.24150359263e-05	0.00814407504101	0.000161726312871	0.000773975925883	0	3.85062649693e-06	1.92531324847e-05	0.000119369421405	0.000119369421405	7.70125299386e-06	7.70125299386e-06	0	7.70125299386e-06
0	0.0010088641422	2.69543854785e-05	0	0.000127070674399	2.69543854785e-05	0.000211784457331	6.54606504478e-05	3.85062649693e-05	0.000396614529184	0.000207933830834	0.00266078290938	0.000119369421405	0.0251176366395	0.000261842601791	4.23568914662e-05	3.08050119754e-05	1.54025059877e-05	8.47137829325e-05	3.85062649693e-05	0.000265693228288	0	0.00077782655238	7.70125299386e-06	0.000207933830834	0.0129458062827	0.00503276883149	0.00729693721168	0.000373510770202	0.000458224553135	0.000215635083828	0.00465925806129	0.000442822047147	1.54025059877e-05	0.000592996480527	0.000361958890712	6.93112769448e-05	3.85062649693e-06	0	0.00102041602169	0	0.00107817541914	0.000103966915417	0.00013862255389	0.000231037589816	0.000531386456576	0.00471316683224	0.00121679797303	0.00535237083073	7.70125299386e-05	7.70125299386e-06	3.85062649693e-05	7.70125299386e-06	6.16100239509e-05	4.23568914662e-05	0.00118984358755	1.92531324847e-05	1.54025059877e-05	1.54025059877e-05	0.000685411516454	0.00726998282621	0.00166732127317	0.00159800999623	0.00057759397454	0.000184830071853	0	0.00203313079038	5.00581444601e-05	3.85062649693e-06	0.0010088641422	0.00052753583008	0.00217560397077	0.00216020146478	0.00151714683979	4.62075179632e-05	6.54606504478e-05	0.00108587667213	0.000596847107024	0.00540242897519	0.00155950373126	5.7759397454e-05	0.000423568914662	7.70125299386e-06	0.000619950866006
0.0226647875609	7.70125299386e-06	0.0028918204992	0	0.000616100239509	2.31037589816e-05	0.00460149866383	0.0103273802648	0.0235773860407	0.000219485710325	0.0082826975949	0.00057759397454	0.00393919090636	0.000261842601791	0.0501159038576	0.000404315782178	2.31037589816e-05	0.000473627059123	5.3908770957e-05	5.00581444601e-05	0.0043897142065	0.00456684302536	3.85062649693e-06	0.00570662846845	0.00174818442961	3.85062649693e-06	0.000304199493258	0.000161726312871	0.00891805096689	0.0173201179832	0.013180694499	7.70125299386e-06	0.00442436984497	0.000450523300141	0.00212554582631	0	1.15518794908e-05	0	0	1.54025059877e-05	0	3.85062649693e-06	0	0	3.08050119754e-05	0	3.85062649693e-06	3.85062649693e-06	0	0	0	2.31037589816e-05	0	0	7.70125299386e-06	3.85062649693e-06	1.54025059877e-05	1.92531324847e-05	1.54025059877e-05	6.54606504478e-05	0	3.85062649693e-06	5.00581444601e-05	5.3908770957e-05	0	0	0	0	0	7.70125299386e-06	0.000812482190852	7.70125299386e-06	0.00147478994832	0.000342705758227	0.000423568914662	1.92531324847e-05	3.85062649693e-06	3.08050119754e-05	3.08050119754e-05	3.08050119754e-05	0	3.85062649693e-06	0	3.85062649693e-06
7.70125299386e-06	0	3.85062649693e-06	0	0.000469776432626	0.000612249613012	0.00172508067063	7.70125299386e-06	0.000169427565865	0.00309590370353	1.15518794908e-05	0.000173278192362	0.00211399394682	4.23568914662e-05	0.000404315782178	0.00857149458217	0	0	6.16100239509e-05	0	0.00102041602169	1.54025059877e-05	3.85062649693e-06	7.70125299386e-06	0.00169427565865	0	4.23568914662e-05	0	0.000350407011221	0.00117444108156	0.00102811727468	0	0.000581444601037	0.000592996480527	0.00067771026346	0	0	3.85062649693e-06	0	3.85062649693e-06	0	0	0	0	4.23568914662e-05	0	0	3.46556384724e-05	0	0	0	0	0	0	0	3.85062649693e-06	0	3.85062649693e-06	3.85062649693e-06	0	0	0	3.85062649693e-06	3.85062649693e-06	0	0	0	0	0	0	0.000219485710325	0	0.000808631564356	0.000180979445356	0.00574128410692	8.47137829325e-05	0	0	0	0	7.70125299386e-06	3.85062649693e-06	0	0
4.62075179632e-05	0.00172893129712	3.46556384724e-05	0	0	0	0	0	0	0.0022526165007	0	0	0	3.08050119754e-05	2.31037589816e-05	0	0.0191607174487	6.54606504478e-05	7.70125299386e-06	2.69543854785e-05	0	0.00199847515191	0.0109742855163	0.00458224553135	0.00435505856803	0.000103966915417	0.000812482190852	0.0052753583008	0.00053908770957	0.000165576939368	0.000847137829325	0	0	0	0.000820183443846	0	0.00114363606959	3.85062649693e-06	0	1.92531324847e-05	0	0	0	0	4.62075179632e-05	1.15518794908e-05	3.46556384724e-05	0	3.85062649693e-06	0	0	0.000508282697595	5.00581444601e-05	3.46556384724e-05	0.000204083204337	3.85062649693e-06	0.00196381951343	0.00375051020801	0.00226801900669	0.000103966915417	0.00018868069835	0.000231037589816	0.00132846614144	7.70125299386e-06	0	0	1.54025059877e-05	0	0	0	0.00212554582631	0.00038891327619	0.000227186963319	0.000146323806883	3.85062649693e-05	0	3.85062649693e-06	0.000204083204337	8.47137829325e-05	6.16100239509e-05	1.92531324847e-05	3.85062649693e-06	1.15518794908e-05	0
0.00120524609354	0.00013862255389	0.0051444369999	0	7.70125299386e-06	0	0	0	0.000689262142951	5.7759397454e-05	0	0	1.15518794908e-05	1.54025059877e-05	0.000473627059123	0	6.54606504478e-05	0.0225608206455	5.7759397454e-05	0.00372355582253	1.15518794908e-05	0.00195226763394	9.62656624233e-05	0.00591841292578	0.000123220047902	0	0.00682331015256	0.00699658834492	9.62656624233e-05	0.0023835378016	0.00402390468929	0	0	7.70125299386e-06	0.00684256328505	0	0.000246440095804	6.16100239509e-05	0	0	0	0	3.85062649693e-06	0	3.85062649693e-05	0	0	0	0	0	0	1.92531324847e-05	6.54606504478e-05	0	8.85644094294e-05	0	5.7759397454e-05	5.7759397454e-05	7.70125299386e-05	3.85062649693e-05	0	0.000335004505233	0.000812482190852	0	0	3.85062649693e-06	0	0	3.85062649693e-06	7.70125299386e-06	0.0022526165007	0.000481328312116	0.00334619442583	0.000446672673644	3.85062649693e-06	3.85062649693e-06	1.92531324847e-05	0.00010011628892	3.46556384724e-05	2.69543854785e-05	4.23568914662e-05	1.54025059877e-05	0	0
3.85062649693e-06	2.69543854785e-05	5.3908770957e-05	0	9.62656624233e-05	3.85062649693e-06	0.000720067154926	3.85062649693e-06	0.000469776432626	9.62656624233e-05	0.00103966915417	0.00491339941008	0.00299193678812	8.47137829325e-05	5.3908770957e-05	6.16100239509e-05	7.70125299386e-06	5.7759397454e-05	0.0127378724518	0.00266848416237	0.00260302351193	1.54025059877e-05	3.85062649693e-06	0.000331153878736	3.85062649693e-05	0	0.00604548360018	0.000531386456576	8.08631564356e-05	0.00408166408675	0	0	1.15518794908e-05	0	0.00519064451786	0	4.62075179632e-05	0	0	7.70125299386e-06	0	3.85062649693e-06	0	0	5.3908770957e-05	7.70125299386e-06	7.31619034417e-05	0	0	0	0	6.93112769448e-05	3.85062649693e-06	0.000315751372748	7.31619034417e-05	0	8.85644094294e-05	0.000265693228288	0.000107817541914	9.24150359263e-05	1.54025059877e-05	6.93112769448e-05	0.000107817541914	1.92531324847e-05	0	0	3.85062649693e-06	0	0	1.15518794908e-05	0.00412402097821	0.0036426926661	0.00413172223121	0.000608398986515	1.92531324847e-05	0	1.54025059877e-05	0.000335004505233	0.000277245107779	3.85062649693e-05	1.15518794908e-05	0	7.70125299386e-06	3.85062649693e-06
0.000142473180386	0.000323452625742	0.000473627059123	0	0.000146323806883	0	6.54606504478e-05	7.70125299386e-06	0.000130921300896	0.000377361396699	0.000696963395945	0.00284946360773	0.00442436984497	3.85062649693e-05	5.00581444601e-05	0	2.69543854785e-05	0.00372355582253	0.00266848416237	0.0258261519149	0.00469391369976	0.000242589469307	7.31619034417e-05	0.00136312177991	0.000315751372748	2.69543854785e-05	0.0165384408043	0.00107047416615	0.000115518794908	0.00341165507628	0.000242589469307	3.85062649693e-06	0	0	0.0123258554167	7.70125299386e-06	0.000111668168411	3.46556384724e-05	0	6.54606504478e-05	0	2.31037589816e-05	0	7.70125299386e-06	0.000161726312871	4.62075179632e-05	8.08631564356e-05	1.92531324847e-05	3.85062649693e-06	1.15518794908e-05	0	0.000165576939368	3.08050119754e-05	0.000246440095804	0.00154795185177	2.69543854785e-05	0.000146323806883	0.000469776432626	0.000196381951343	0.000473627059123	0.000754722793398	0.00115518794908	0.000581444601037	0.000227186963319	1.54025059877e-05	0	7.70125299386e-06	0	0	9.62656624233e-05	0.00450138237491	0.00246825158453	0.00983450007316	0.000492880191607	1.92531324847e-05	3.85062649693e-06	3.85062649693e-06	0.000469776432626	0.000342705758227	0.000204083204337	5.3908770957e-05	5.7759397454e-05	1.15518794908e-05	0
6.93112769448e-05	1.92531324847e-05	3.08050119754e-05	0	0.00608784049165	4.23568914662e-05	0.00598002294973	5.3908770957e-05	0.00696193270645	0.000427419541159	0.0115095225993	0.00342705758227	0.023881585534	0.000265693228288	0.0043897142065	0.00102041602169	0	1.15518794908e-05	0.00260302351193	0.00469391369976	0.035791573289	3.85062649693e-06	0	9.24150359263e-05	0.00234503153663	0.000157875686374	0.00269158792135	0.000107817541914	0.00272239293333	0.00934161988155	3.46556384724e-05	3.46556384724e-05	0.00135927115342	1.92531324847e-05	0.0107278454204	3.85062649693e-06	7.70125299386e-06	3.85062649693e-06	0	0.000496730818104	0	0.000311900746251	0	3.46556384724e-05	0.000130921300896	1.92531324847e-05	0.000327303252239	0.000943403491748	2.69543854785e-05	1.54025059877e-05	7.70125299386e-06	2.69543854785e-05	0	7.70125299386e-06	0.000627652119	0.000935702238754	1.15518794908e-05	3.85062649693e-06	3.85062649693e-06	0.000146323806883	0.00053908770957	0.000485178938613	0.000311900746251	0.000161726312871	1.15518794908e-05	0	2.31037589816e-05	0	0	0.000396614529184	0.00115903857558	0.00010011628892	0.00775516176482	0.000342705758227	0.000219485710325	2.69543854785e-05	7.70125299386e-06	7.31619034417e-05	0.000173278192362	0.000350407011221	1.15518794908e-05	7.70125299386e-06	0	7.70125299386e-06
0.00372740644903	0.00010011628892	0.00196767013993	0	7.70125299386e-06	3.85062649693e-06	8.08631564356e-05	0.00097805913022	0.00361188765412	0.000723917781423	0	0	3.85062649693e-06	0	0.00456684302536	1.54025059877e-05	0.00199847515191	0.00195226763394	1.54025059877e-05	0.000242589469307	3.85062649693e-06	0.0374511933092	0.000874092214803	0.0191684187017	0.000870241588306	0	0.000515983950589	0.000130921300896	0.00624956680452	0.00296498240264	0.0193840537856	0	0	6.54606504478e-05	0.00691187456199	0	0.000119369421405	0	0	3.85062649693e-06	0	0	0	0	2.31037589816e-05	3.85062649693e-06	0	0	0	0	0	0.00058914585403	0	0	0	0	0.000858689708816	0.00169812628515	0.00147864057482	1.15518794908e-05	0	0	0.00015017443338	3.85062649693e-06	0	0	0	0	0	0	0.00048902956511	1.54025059877e-05	0.00297653428213	0.000592996480527	6.54606504478e-05	0	0	4.23568914662e-05	1.92531324847e-05	7.70125299386e-06	3.85062649693e-06	0	3.85062649693e-06	0
1.15518794908e-05	0.0073970535006	8.47137829325e-05	0	0	0	0	0	0	0.00735469660914	0	0	0	0.00077782655238	3.85062649693e-06	3.85062649693e-06	0.0109742855163	9.62656624233e-05	3.85062649693e-06	7.31619034417e-05	0	0.000874092214803	0.0299540235196	0.00486334126562	0.00697733521244	0.00082788469684	0.00168272377916	0.0137274834616	6.54606504478e-05	2.69543854785e-05	0.000103966915417	0	0	0	6.54606504478e-05	3.85062649693e-06	0.00374280895502	1.54025059877e-05	0	2.69543854785e-05	0	3.85062649693e-06	0	0	0.00020023257784	1.92531324847e-05	7.31619034417e-05	3.85062649693e-06	3.85062649693e-06	3.85062649693e-06	0	0.00247595283753	7.70125299386e-06	6.93112769448e-05	0.000146323806883	7.70125299386e-06	0.00278400295728	0.00868701337708	0.00334619442583	0.000265693228288	0.000542938336067	0.00043897142065	0.00497886006053	5.00581444601e-05	3.85062649693e-06	0	2.31037589816e-05	0	3.85062649693e-06	7.70125299386e-06	0.00132461551494	0.000481328312116	5.7759397454e-05	3.08050119754e-05	6.54606504478e-05	0	3.85062649693e-06	0.00038891327619	0.000323452625742	0.000127070674399	2.31037589816e-05	3.85062649693e-06	1.15518794908e-05	1.15518794908e-05
0.00494420442206	0.000319601999245	0.0115133732258	0	2.31037589816e-05	7.70125299386e-06	3.85062649693e-06	0.000350407011221	0.00529461143328	0.00110512980462	3.08050119754e-05	7.70125299386e-06	4.23568914662e-05	7.70125299386e-06	0.00570662846845	7.70125299386e-06	0.00458224553135	0.00591841292578	0.000331153878736	0.00136312177991	9.24150359263e-05	0.0191684187017	0.00486334126562	0.0662846845182	0.000192531324847	0	0.00308050119754	0.00818643193248	0.000500581444601	0.001882956357	0.00956495621838	0	1.54025059877e-05	2.69543854785e-05	0.00881408405148	3.85062649693e-06	0.000785527805374	7.31619034417e-05	0	3.85062649693e-06	0	0	0	0	0.000107817541914	3.85062649693e-06	0	0	0	3.85062649693e-06	0	0.00303044305308	3.85062649693e-06	0	4.62075179632e-05	3.85062649693e-06	0.00109742855163	0.00919529607467	0.0028918204992	0.00013862255389	0	3.46556384724e-05	0.00761268858443	2.69543854785e-05	7.70125299386e-06	3.85062649693e-06	0	0	0	3.85062649693e-06	0.00869471463007	0.00116288920207	0.0077744148973	0.00400465155681	0.00113978544309	7.70125299386e-06	1.15518794908e-05	0.000885644094294	3.46556384724e-05	1.92531324847e-05	5.00581444601e-05	1.54025059877e-05	0	0
0.00190220948948	0.0015017443338	6.93112769448e-05	0	0.00398154779783	3.85062649693e-06	6.93112769448e-05	0.000646905251484	0.000962656624233	0.0132500057759	1.15518794908e-05	3.85062649693e-05	0.00243359594606	0.000207933830834	0.00174818442961	0.00169427565865	0.00435505856803	0.000123220047902	3.85062649693e-05	0.000315751372748	0.00234503153663	0.000870241588306	0.00697733521244	0.000192531324847	0.0415906167934	0.00015017443338	0.00123605110551	0.00289567112569	0.0148518663987	0.00474012121772	0.00849063142573	1.15518794908e-05	7.70125299386e-06	0.00120139546704	0.00379671772597	7.31619034417e-05	0.000835585949834	1.54025059877e-05	0	0.00167117189967	0	0.000103966915417	7.70125299386e-06	0	0.00705049711588	6.93112769448e-05	0.000254141348797	0.00105122103366	7.70125299386e-06	6.93112769448e-05	0	0.00220640898274	6.54606504478e-05	6.54606504478e-05	0.000361958890712	0.000985760383214	0.00105122103366	0.00309205307704	0.000712365901932	0.00766274672889	0.000196381951343	0.000261842601791	0.000881793467797	0.00271854230683	9.62656624233e-05	0	4.23568914662e-05	0	4.62075179632e-05	0.000146323806883	0.00300348866761	0.000385062649693	0.00160186062272	0.000462075179632	0.00220255835624	3.85062649693e-06	3.85062649693e-06	0.00121679797303	0.000635353371994	0.000404315782178	0.000304199493258	0.000223336336822	3.46556384724e-05	2.69543854785e-05
0	0.00142858243036	1.15518794908e-05	0	3.85062649693e-06	3.85062649693e-06	7.70125299386e-06	2.31037589816e-05	0	0.000315751372748	7.70125299386e-06	0.000134771927393	8.47137829325e-05	0.0129458062827	3.85062649693e-06	0	0.000103966915417	0	0	2.69543854785e-05	0.000157875686374	0	0.00082788469684	0	0.00015017443338	0.0166963164907	0.00260687413842	0.00697348458594	0.00015017443338	2.31037589816e-05	0	0.00268388666836	7.70125299386e-06	0	7.31619034417e-05	0.000350407011221	0.000123220047902	3.85062649693e-06	0	0.0010088641422	0	0.00107432479264	8.08631564356e-05	0.00013862255389	3.85062649693e-05	0.000531386456576	0.00442051921848	0.00121679797303	0.0047670756032	6.54606504478e-05	3.85062649693e-06	0	2.69543854785e-05	7.70125299386e-06	7.31619034417e-05	0.00118984358755	7.70125299386e-06	1.54025059877e-05	7.70125299386e-06	0.000419718288165	0.0074009041271	0.00160956187572	0.00158260749024	0.00038891327619	0.000173278192362	0	0.00195226763394	4.62075179632e-05	0	0.0010011628892	0.000165576939368	0.000180979445356	0.000107817541914	0	7.70125299386e-06	2.69543854785e-05	0.000300348866761	0.000308050119754	0.00437431170051	0.00122834985252	5.3908770957e-05	0.000404315782178	3.85062649693e-06	0.000619950866006
0.000750872166902	0.0091606404362	0.00858304646166	0	0.000119369421405	3.85062649693e-06	0.000207933830834	1.92531324847e-05	0.00053908770957	0.00152484809278	0.000558340842055	0.00406626158076	0.00260687413842	0.00503276883149	0.000304199493258	4.23568914662e-05	0.000812482190852	0.00682331015256	0.00604548360018	0.0165384408043	0.00269158792135	0.000515983950589	0.00168272377916	0.00308050119754	0.00123605110551	0.00260687413842	0.0901431662932	0.0222874261642	0.00018868069835	0.00408936533974	0.00140932929788	0.00428959791758	2.69543854785e-05	3.85062649693e-06	0.00717371716378	0	0.00793999183667	0.000173278192362	0	0.000211784457331	0	7.70125299386e-06	3.46556384724e-05	4.23568914662e-05	0.000342705758227	0.000127070674399	0.000951104744742	3.85062649693e-06	0.00210244206732	0	0	0.000300348866761	0.00205238392286	0.00195226763394	0.00907977727976	7.31619034417e-05	0.000931851612257	0.00133616739444	0.00135156990042	0.000485178938613	0.00509437885544	0.0105006584571	0.00820953569146	0.000219485710325	5.3908770957e-05	3.46556384724e-05	0.00137082303291	1.15518794908e-05	7.70125299386e-06	0.000281095734276	0.0117829170806	0.00941863241149	0.00800930311362	0.000924150359263	5.3908770957e-05	7.70125299386e-06	7.70125299386e-05	0.00209859144083	0.00425879290561	0.000696963395945	0.000196381951343	3.85062649693e-05	2.69543854785e-05	0.000180979445356
0.000242589469307	0.0227071444524	0.0118522283576	0	4.23568914662e-05	7.70125299386e-06	3.85062649693e-06	1.54025059877e-05	0.00010011628892	0.00227572025969	3.85062649693e-05	0.000119369421405	7.70125299386e-05	0.00729693721168	0.000161726312871	0	0.0052753583008	0.00699658834492	0.000531386456576	0.00107047416615	0.000107817541914	0.000130921300896	0.0137274834616	0.00818643193248	0.00289567112569	0.00697348458594	0.0222874261642	0.0970819952406	0.000123220047902	0.000573743348043	0.00067771026346	0.00178284006808	1.54025059877e-05	3.85062649693e-06	0.0018868069835	3.85062649693e-06	0.0251638441574	0.000146323806883	0	3.08050119754e-05	0	3.85062649693e-06	1.15518794908e-05	2.31037589816e-05	0.00018868069835	1.54025059877e-05	0.000773975925883	3.85062649693e-06	0.00274934731881	3.85062649693e-06	0	0.000708515275435	0.00043897142065	0.000935702238754	0.00260687413842	2.69543854785e-05	0.00033885513173	0.00661152569523	0.000723917781423	0.000277245107779	0.0108087085769	0.00721222342875	0.0304546049642	4.23568914662e-05	4.62075179632e-05	0	0.00117829170806	1.15518794908e-05	1.54025059877e-05	0.000157875686374	0.00742785851258	0.000951104744742	0.0036388420396	0.00169042503215	8.85644094294e-05	0	0.000127070674399	0.00136312177991	0.00206393580236	0.000469776432626	0.000269543854785	2.31037589816e-05	7.70125299386e-06	0.000165576939368
0.00666158383969	2.69543854785e-05	0.000180979445356	0	0.00532156581876	3.85062649693e-06	0.00315751372748	0.0219023635145	0.0091644910627	0.00318446811296	0.00725072969372	2.31037589816e-05	0.00173663255012	0.000373510770202	0.00891805096689	0.000350407011221	0.00053908770957	9.62656624233e-05	8.08631564356e-05	0.000115518794908	0.00272239293333	0.00624956680452	6.54606504478e-05	0.000500581444601	0.0148518663987	0.00015017443338	0.00018868069835	0.000123220047902	0.0635045321874	0.0116057882618	0.0179939776202	1.15518794908e-05	0.000169427565865	0.00219870772975	0.00510208010843	3.85062649693e-06	3.85062649693e-05	3.85062649693e-06	0	0.00265693228288	0	0.000157875686374	3.85062649693e-06	0	0.00700043897142	5.3908770957e-05	0.000204083204337	0.00123990173201	7.70125299386e-06	0	3.85062649693e-06	0.00072776840792	3.85062649693e-06	1.92531324847e-05	8.47137829325e-05	0.00121294734653	8.47137829325e-05	0.000712365901932	0.000123220047902	0.00975748754322	3.85062649693e-05	1.15518794908e-05	8.47137829325e-05	0.00475937435021	1.15518794908e-05	0	3.85062649693e-06	0	7.70125299386e-06	0.000154025059877	0.00319216936596	0.000123220047902	0.00431270167656	0.00148634182782	0.000173278192362	6.16100239509e-05	1.54025059877e-05	0.000431270167656	0.000250290722301	0.000227186963319	0.000161726312871	0.000231037589816	3.85062649693e-06	7.70125299386e-06
0.0136273671726	0.000111668168411	0.00297268365563	0	0.00107047416615	7.70125299386e-06	0.00167117189967	0.00358108264215	0.0047709262297	0.00357338138915	0.00541013022819	0.00601467858821	0.00852528706421	0.000458224553135	0.0173201179832	0.00117444108156	0.000165576939368	0.0023835378016	0.00408166408675	0.00341165507628	0.00934161988155	0.00296498240264	2.69543854785e-05	0.001882956357	0.00474012121772	2.31037589816e-05	0.00408936533974	0.000573743348043	0.0116057882618	0.0536084220903	0.0216520727922	1.15518794908e-05	0.0013785242859	0.00390453526789	0.0186023766067	6.16100239509e-05	8.85644094294e-05	7.70125299386e-06	0	2.69543854785e-05	0	3.46556384724e-05	0.000897195973785	1.15518794908e-05	0.00293032676416	4.62075179632e-05	5.3908770957e-05	7.70125299386e-06	1.54025059877e-05	6.16100239509e-05	1.54025059877e-05	0.000381212023196	2.31037589816e-05	2.69543854785e-05	0.000284946360773	7.70125299386e-06	8.47137829325e-05	0.000223336336822	7.70125299386e-05	0.00126300549099	0.000134771927393	0.000169427565865	0.000304199493258	0.00126300549099	0.000169427565865	0	7.70125299386e-06	0	0.00015017443338	0.000157875686374	0.00413172223121	0.00028879698727	0.01126693313	0.000935702238754	0.0013823749124	1.92531324847e-05	4.23568914662e-05	0.000954955371239	0.000381212023196	0.000261842601791	0.000234888216313	0.000184830071853	7.70125299386e-06	3.85062649693e-06
0.0162457931906	0.000127070674399	0.00498656131353	0	3.46556384724e-05	0	2.31037589816e-05	0.00674629762262	0.00645365000886	0.00416637786968	3.46556384724e-05	3.85062649693e-06	1.92531324847e-05	0.000215635083828	0.013180694499	0.00102811727468	0.000847137829325	0.00402390468929	0	0.000242589469307	3.46556384724e-05	0.0193840537856	0.000103966915417	0.00956495621838	0.00849063142573	0	0.00140932929788	0.00067771026346	0.0179939776202	0.0216520727922	0.0609592680729	0	3.85062649693e-06	0.00322297437793	0.00956495621838	5.3908770957e-05	0.00013862255389	7.70125299386e-06	0	7.70125299386e-06	0	7.70125299386e-06	0.000604548360018	7.70125299386e-06	0.00196381951343	2.31037589816e-05	2.31037589816e-05	0	0	5.00581444601e-05	7.70125299386e-06	0.000408166408675	2.69543854785e-05	3.85062649693e-05	6.54606504478e-05	0	0.000142473180386	0.000142473180386	0.000115518794908	0.00067771026346	0	1.92531324847e-05	0.000207933830834	0.00102041602169	6.54606504478e-05	0	0	0	2.69543854785e-05	1.54025059877e-05	0.00292647613767	0.000103966915417	0.00405470970127	0.00139007616539	0.00154410122527	1.15518794908e-05	0	0.000550639589061	0.00013862255389	8.47137829325e-05	3.46556384724e-05	1.15518794908e-05	1.54025059877e-05	0
0	1.92531324847e-05	0	0	0	0	0	0	0	7.70125299386e-06	0	0.000454373926638	1.54025059877e-05	0.00465925806129	7.70125299386e-06	0	0	0	0	3.85062649693e-06	3.46556384724e-05	0	0	0	1.15518794908e-05	0.00268388666836	0.00428959791758	0.00178284006808	1.15518794908e-05	1.15518794908e-05	0	0.00556415528807	3.85062649693e-06	0	1.92531324847e-05	4.23568914662e-05	1.92531324847e-05	0	0	0.000111668168411	0	9.62656624233e-05	1.54025059877e-05	3.46556384724e-05	0	3.85062649693e-05	0.000820183443846	0.000103966915417	0.00193686512796	7.70125299386e-06	0	0	0	7.70125299386e-06	1.15518794908e-05	0.000130921300896	3.85062649693e-06	3.85062649693e-06	3.85062649693e-06	4.23568914662e-05	0.00184445009203	0.000658457130975	0.000134771927393	3.85062649693e-05	4.62075179632e-05	0	0.00117059045507	1.15518794908e-05	0	0.000257991975294	1.92531324847e-05	0.000720067154926	1.15518794908e-05	0	3.85062649693e-06	0	2.69543854785e-05	1.15518794908e-05	0.00167502252617	0.000127070674399	0	1.54025059877e-05	0	0.000173278192362
0.00023873884281	0	7.70125299386e-06	0	7.70125299386e-05	0.00179439194757	0.00568737533597	6.54606504478e-05	0.00354642700367	6.16100239509e-05	0.00222566211523	0.00053908770957	0.00180594382706	0.000442822047147	0.00442436984497	0.000581444601037	0	0	1.15518794908e-05	0	0.00135927115342	0	0	1.54025059877e-05	7.70125299386e-06	7.70125299386e-06	2.69543854785e-05	1.54025059877e-05	0.000169427565865	0.0013785242859	3.85062649693e-06	3.85062649693e-06	0.0103273802648	0	0.00133231676794	0	0	0	0	3.85062649693e-06	0	3.85062649693e-06	0	0	1.15518794908e-05	0	3.85062649693e-06	3.85062649693e-06	0	0	0	7.70125299386e-06	0	0	7.70125299386e-06	3.85062649693e-06	0	3.85062649693e-06	0	2.31037589816e-05	0	0	0	1.92531324847e-05	0	0	0	0	0	3.85062649693e-06	0.000885644094294	2.31037589816e-05	0.00139392679189	0.000681560889957	0.000816332817349	0.0011320841901	4.62075179632e-05	1.15518794908e-05	3.85062649693e-06	4.23568914662e-05	0	0	0	3.85062649693e-06
0.000219485710325	0	1.15518794908e-05	0	2.31037589816e-05	0	0	0.000569892721546	7.70125299386e-06	0.000793229058368	3.46556384724e-05	0	0	1.54025059877e-05	0.000450523300141	0.000592996480527	0	7.70125299386e-06	0	0	1.92531324847e-05	6.54606504478e-05	0	2.69543854785e-05	0.00120139546704	0	3.85062649693e-06	3.85062649693e-06	0.00219870772975	0.00390453526789	0.00322297437793	0	0	0.00440511671249	0.0022603177537	1.15518794908e-05	0	0	0	0	0	0	0	0	2.69543854785e-05	0	0	0	0	1.15518794908e-05	0	1.54025059877e-05	0	0	0	0	0	1.15518794908e-05	0	3.46556384724e-05	0	0	0	7.70125299386e-06	1.15518794908e-05	0	0	0	0	0	3.85062649693e-06	0	0.000943403491748	3.08050119754e-05	0.000631502745497	0	0	3.85062649693e-06	0	3.85062649693e-06	0	0	0	0
0.00157490623724	9.62656624233e-05	0.00160186062272	0	0.000835585949834	0.000246440095804	0.0021370977058	0.00038891327619	0.00169812628515	0.00092800098576	0.00302274180009	0.0103812890357	0.0110089411547	0.000592996480527	0.00212554582631	0.00067771026346	0.000820183443846	0.00684256328505	0.00519064451786	0.0123258554167	0.0107278454204	0.00691187456199	6.54606504478e-05	0.00881408405148	0.00379671772597	7.31619034417e-05	0.00717371716378	0.0018868069835	0.00510208010843	0.0186023766067	0.00956495621838	1.92531324847e-05	0.00133231676794	0.0022603177537	0.0529692180918	1.15518794908e-05	0.000111668168411	2.69543854785e-05	0	8.47137829325e-05	0	3.08050119754e-05	0	1.15518794908e-05	0.000231037589816	5.3908770957e-05	0.000142473180386	2.31037589816e-05	2.31037589816e-05	1.54025059877e-05	0	0.000261842601791	1.54025059877e-05	3.46556384724e-05	0.000816332817349	2.69543854785e-05	0.000107817541914	0.000566042095049	0.000123220047902	0.000935702238754	0.000670009010466	0.000820183443846	0.000689262142951	0.000554490215558	2.31037589816e-05	0	1.54025059877e-05	0	3.85062649693e-06	0.000130921300896	0.00517524201188	0.000396614529184	0.0277360626574	0.00183674883904	0.000431270167656	0.00020023257784	8.08631564356e-05	0.000739320287411	0.000550639589061	0.000296498240264	5.7759397454e-05	6.93112769448e-05	1.54025059877e-05	0
