0.0212847561109	0	0.00259433300384	0	0.000377300833492	1.24727548262e-05	0.00171812197731	0.00744935281993	0.00364516259795	3.11818870654e-05	0.00042407366409	0.000152791246621	0.000951047555496	9.35456611963e-06	0.0132148837383	6.23637741309e-06	0	0.000726537968625	2.18273209458e-05	0.000168382190153	0.00125974823744	0.00165887639188	1.87091322393e-05	0.00402869980886	0.00168694009024	0	0.00140630310665	0.000913629291017	0.00425320939573	0.00816341803373	0.0117805169333	0	3.11818870654e-06	0.00117867533107	0.00185532228039	0	0	6.54819628374e-05	0	3.11818870654e-05	0	0	3.11818870654e-06	0	0.000112254793436	4.98910193047e-05	0	0	0	0	0	3.11818870654e-06	0.000121609359555	0	3.11818870654e-06	7.17183402505e-05	0	3.11818870654e-06	0.000152791246621	0.000118491170849	0	5.30092080113e-05	4.05364531851e-05	1.55909435327e-05	0	0	0	0	0	0	0.00043342823021	2.49455096524e-05	0.00224197768001	0.00121609359555	0.000293109738415	3.11818870654e-06	0	4.36546418916e-05	8.10729063701e-05	5.61273967178e-05	1.87091322393e-05	0	0	0
0	0.0220923669859	0.000567510344591	0	0	0	0	3.11818870654e-06	0	0.00187714960134	0	2.80636983589e-05	0	0.000704710647679	0	2.80636983589e-05	0.00164016725964	0.000246336907817	0	0	0	8.41910950767e-05	0.00485190162738	0.000302464304535	0.00139383035183	0.00314001602749	0.00216402296234	0.0173558383406	0.00018085494498	1.24727548262e-05	7.17183402505e-05	0	0	0	2.18273209458e-05	1.24727548262e-05	0.00989089457716	0.000283755172296	0	9.35456611963e-06	0	6.23637741309e-06	0	3.11818870654e-06	4.67728305982e-05	0	0.000230745964284	3.11818870654e-06	0.000773310799223	6.23637741309e-06	0	4.05364531851e-05	0.000492673815634	0.000155909435327	2.80636983589e-05	0	6.23637741309e-06	0.000555037589765	0.000165264001447	8.41910950767e-05	0.000583101288124	0.00344559852073	0.0103742138267	2.80636983589e-05	3.11818870654e-06	6.23637741309e-06	3.11818870654e-06	0	0	0.000118491170849	0.000302464304535	1.55909435327e-05	2.49455096524e-05	1.55909435327e-05	5.61273967178e-05	0	1.87091322393e-05	0.000314937059361	0.000130963925675	0.000511382947873	7.17183402505e-05	6.23637741309e-06	0	1.55909435327e-05
0.00259433300384	0.000567510344591	0.0447927807695	0	9.35456611963e-06	0	0	0.000539446646232	0	6.23637741309e-06	0	0	0	0	0.00186155865781	0	0	0.0191300877146	8.41910950767e-05	0.000277518794882	0	0.00434675505692	5.30092080113e-05	0.0190053601664	3.4300075772e-05	0	0.0156065344763	0.0196757707383	0.00043342823021	0.00105706597152	0.00748365289571	0	0	0.000174618567566	0.001094484236	0	0.00025257328523	0.00179919488368	0	1.24727548262e-05	0	1.55909435327e-05	1.24727548262e-05	3.4300075772e-05	3.11818870654e-05	5.30092080113e-05	2.49455096524e-05	5.30092080113e-05	0	1.55909435327e-05	0	1.24727548262e-05	0.0023355233412	2.18273209458e-05	0.000336764380307	4.98910193047e-05	0.000221391398165	9.35456611963e-06	0.00168382190153	4.98910193047e-05	0	0.00201746809313	0.00217337752846	0.000187091322393	6.23637741309e-06	1.55909435327e-05	0	0	6.23637741309e-06	0.000140318491794	0.00177736756273	0.000212036832045	0.0015746852968	0.000598692231656	8.41910950767e-05	0	0	0.00119426627461	0.00276895157141	0.00224821405742	0.000417837286677	9.35456611963e-06	1.87091322393e-05	0
0	0	0	0	0	0	0	0	0	0	0	0	0	0	0	0	0	0	0	0	0	0	0	0	0	0	0	0	0	0	0	0	0	0	0	0	0	0	0	0	0	0	0	0	0	0	0	0	0	0	0	0	0	0	0	0	0	0	0	0	0	0	0	0	0	0	0	0	0	0	0	0	0	0	0	0	0	0	0	0	0	0	0	0
0.000377300833492	0	9.35456611963e-06	0	0.0204677906698	9.35456611963e-06	0.000732774346038	0.0018085494498	0.000455255551155	0.0010477114054	0.00106953872634	0.00220767760423	0.00567822163462	2.49455096524e-05	0.00223262311389	0.000311818870654	0	9.35456611963e-06	0.000701592458972	0.00178984031756	0.00666668745459	3.4300075772e-05	0	2.80636983589e-05	0.0092423113262	0	0.00110072061341	1.24727548262e-05	0.00682571507863	0.00677894224803	0.00034300075772	0	3.11818870654e-06	0.00172747654343	0.00434675505692	4.98910193047e-05	0	3.11818870654e-06	0	0.00341753482237	5.92455854243e-05	0.000102900227316	1.24727548262e-05	7.79547176636e-05	0.00336140742565	0.0022887505106	3.4300075772e-05	0.00100405676351	1.24727548262e-05	0.000159027624034	0.000236982341697	0	0	3.11818870654e-06	3.11818870654e-06	0.00518554781898	0	3.11818870654e-05	3.11818870654e-06	0.00336140742565	0	6.8600151544e-05	1.24727548262e-05	0.00112254793436	9.97820386094e-05	0	0	0	0	3.4300075772e-05	0.000542564834939	3.4300075772e-05	0.00253508741842	0.0003336461916	0.00042407366409	0	0	0.000283755172296	5.92455854243e-05	4.05364531851e-05	6.23637741309e-06	0.000311818870654	3.11818870654e-06	0
1.24727548262e-05	0	0	0	9.35456611963e-06	0.00576241272969	0.0023324051525	0.000258809662643	0.00067664694932	0.000137200303088	0.000224509586871	3.11818870654e-06	0.000187091322393	0.000106018416023	4.36546418916e-05	0.0020985409995	0	0	0	0	7.48365289571e-05	0	4.98910193047e-05	6.23637741309e-06	0.000367946267372	0	0	3.11818870654e-06	0.00024321871911	0.000346118946426	2.49455096524e-05	0	0.00221079579294	1.87091322393e-05	0.000770192610516	0	0	0	0	6.23637741309e-06	0	0	0	0	1.87091322393e-05	6.23637741309e-06	0	3.11818870654e-06	0	0	0	0	0	0	0	6.23637741309e-06	0	0	0	1.87091322393e-05	0	0	0	9.35456611963e-06	0	0	0	0	0	0	0.000455255551155	9.35456611963e-06	9.35456611963e-05	0.000118491170849	0.00260680575867	0.00075771985569	1.55909435327e-05	0	0	3.11818870654e-06	3.11818870654e-06	0	0	0
0.00171812197731	0	0	0	0.000732774346038	0.0023324051525	0.0422826388607	0.00915500204241	0.0162551177272	0.00026192785135	0.0140412037456	0.00123168453908	0.0118834171606	0.000420955475383	0.005525430388	0.00518866600769	0	0	0.00026192785135	0.000408482720557	0.00569381257815	0	0	9.35456611963e-06	0.00111942974565	0	0.00026192785135	0	0.00729656157331	0.00661367824658	0.000374182644785	0	0.00155285797586	0.000841910950767	0.0041908456216	3.11818870654e-06	0	0	0	5.61273967178e-05	0	0	3.4300075772e-05	0	0.000205800454632	5.61273967178e-05	0	0.000293109738415	0	3.11818870654e-06	0	0	0	0	0	7.17183402505e-05	0	0	3.11818870654e-06	0.000202682265925	0	9.35456611963e-06	3.11818870654e-06	4.67728305982e-05	3.11818870654e-06	0	0	0	0	3.11818870654e-06	0.000776428987929	9.35456611963e-05	0.00293421557286	0.000813847252408	0.00207671367856	0.000558155778471	3.4300075772e-05	9.66638499029e-05	3.11818870654e-06	6.23637741309e-06	6.23637741309e-06	1.87091322393e-05	3.11818870654e-06	3.11818870654e-06
0.00744935281993	3.11818870654e-06	0.000539446646232	0	0.0018085494498	0.000258809662643	0.00915500204241	0.0561897604919	0.011178706513	0.000745247100864	0.0100062675593	0.000947929366789	0.00151543971138	0.000208918643338	0.00933273879869	0.00024321871911	0	0.000106018416023	8.10729063701e-05	0.00041471909797	0.00230122326543	0.00398504516696	5.61273967178e-05	0.00249143277653	0.00542253016068	0	0.000477082872101	0.00018085494498	0.0342345938091	0.0142376496341	0.0148113963561	0	9.04274724898e-05	0.0104116320912	0.00564703974755	3.11818870654e-06	0	6.23637741309e-06	0	0.000932338423257	0	0	0.00017150037886	3.11818870654e-06	0.00255691473937	0.000124727548262	6.23637741309e-06	4.67728305982e-05	3.11818870654e-06	6.23637741309e-06	0	7.79547176636e-05	3.11818870654e-06	0	0	0.000140318491794	9.04274724898e-05	0.000146554869208	0.000118491170849	0.0023324051525	0	2.80636983589e-05	3.74182644785e-05	0.000851265516887	1.24727548262e-05	0	0	0	0	1.24727548262e-05	0.00161210356128	0.000146554869208	0.00393203595895	0.00101029314092	0.000629874118722	6.8600151544e-05	1.55909435327e-05	0.000389773588318	3.11818870654e-05	7.48365289571e-05	2.49455096524e-05	2.49455096524e-05	3.11818870654e-06	0
0.00364516259795	0	0	0	0.000455255551155	0.00067664694932	0.0162551177272	0.011178706513	0.0329249545524	4.67728305982e-05	0.00623949560179	0.000293109738415	0.00189585873358	0.000289991549709	0.0118148170091	0.00067664694932	0	0	3.74182644785e-05	9.97820386094e-05	0.00208295005597	3.4300075772e-05	0	3.4300075772e-05	0.00105082959411	0	0.000106018416023	3.11818870654e-06	0.00605552246811	0.00333022553859	0.000567510344591	0	0.000611164986483	0.00100405676351	0.00193951337547	6.23637741309e-06	0	0	0	8.10729063701e-05	0	3.11818870654e-06	4.36546418916e-05	3.11818870654e-06	0.00024321871911	7.48365289571e-05	3.11818870654e-06	6.23637741309e-05	0	6.23637741309e-06	0	0	3.11818870654e-06	0	0	0.000102900227316	0	0	9.35456611963e-06	0.00026192785135	0	0	0	6.8600151544e-05	6.23637741309e-06	0	0	0	0	1.87091322393e-05	0.00112878431177	7.17183402505e-05	0.00141565767277	0.000355473512546	0.000224509586871	0.000143436680501	3.4300075772e-05	8.73092837832e-05	3.11818870654e-06	6.23637741309e-06	3.11818870654e-06	1.24727548262e-05	1.55909435327e-05	9.35456611963e-06
3.11818870654e-05	0.00187714960134	6.23637741309e-06	0	0.0010477114054	0.000137200303088	0.00026192785135	0.000745247100864	4.67728305982e-05	0.0197911437204	0	6.23637741309e-06	0.00143436680501	0.000140318491794	6.23637741309e-05	0.00093857480067	0.000202682265925	3.11818870654e-06	0	6.23637741309e-06	1.87091322393e-05	3.74182644785e-05	0.00647335975479	1.55909435327e-05	0.00787966286144	0.000919865668431	0.000115372982142	0.00116932076495	0.00492361996763	0.000255691473937	0.000165264001447	0	1.24727548262e-05	0.000168382190153	0.000608046797776	6.23637741309e-06	5.61273967178e-05	3.11818870654e-06	0	0.00220455941553	6.23637741309e-05	9.35456611963e-05	0.000377300833492	9.97820386094e-05	0.00977863978372	0.000102900227316	9.35456611963e-06	0.000109136604729	1.24727548262e-05	2.49455096524e-05	0.000249455096524	5.30092080113e-05	3.11818870654e-06	0	0	0.00043342823021	1.24727548262e-05	0.000745247100864	9.97820386094e-05	0.00707828836386	1.55909435327e-05	0.00016214581274	8.10729063701e-05	0.00149049420173	2.49455096524e-05	3.11818870654e-06	0	0	1.24727548262e-05	2.49455096524e-05	0.000957283932909	4.67728305982e-05	7.17183402505e-05	3.11818870654e-05	0.00169317646765	0	0	0.000888683781365	4.67728305982e-05	3.11818870654e-05	3.11818870654e-06	0.000193327699806	3.11818870654e-06	0
0.00042407366409	0	0	0	0.00106953872634	0.000224509586871	0.0140412037456	0.0100062675593	0.00623949560179	0	0.0276614520158	0.000639228684842	0.00324603444351	0.000121609359555	0.00589961303278	0.000367946267372	0	1.55909435327e-05	5.61273967178e-05	0.000452137362449	0.00600874963751	3.11818870654e-06	0	3.11818870654e-06	0.000670410571907	0	0.000445900985036	0	0.0102557226558	0.00505458389331	9.04274724898e-05	0	4.36546418916e-05	0.000954165744203	0.00183661314815	0	0	0	0	4.98910193047e-05	0	0	0	0	6.23637741309e-05	0.000190209511099	3.11818870654e-06	4.36546418916e-05	3.11818870654e-06	9.35456611963e-06	0	0	0	0	0	0.000221391398165	0	0	0	0.000109136604729	0	9.35456611963e-06	0	1.24727548262e-05	2.49455096524e-05	0	0	0	0	3.11818870654e-06	0.000205800454632	6.8600151544e-05	0.0014312486163	0.000318055248068	4.98910193047e-05	2.80636983589e-05	0	3.74182644785e-05	6.23637741309e-06	1.24727548262e-05	6.23637741309e-06	1.87091322393e-05	0	0
0.000152791246621	2.80636983589e-05	0	0	0.00220767760423	3.11818870654e-06	0.00123168453908	0.000947929366789	0.000293109738415	6.23637741309e-06	0.000639228684842	0.0254225925245	0.00360150795606	0.00720613410082	0.00167758552412	7.48365289571e-05	9.35456611963e-06	8.10729063701e-05	0.00230434145414	0.00555973046377	0.00276895157141	6.23637741309e-06	9.35456611963e-06	6.23637741309e-06	0.000302464304535	0.000149673057914	0.00575305816357	0.000149673057914	0.00135329389864	0.00799191765487	4.05364531851e-05	0.000143436680501	0.000498910193047	0.00164952182576	0.0109697878696	9.35456611963e-06	2.49455096524e-05	0	0	0.00034300075772	0	0	0	0	0.0003336461916	0.000283755172296	0.00024321871911	0.000352355323839	0.000579983099417	9.35456611963e-06	0	0	0	2.49455096524e-05	0	0.000293109738415	3.11818870654e-06	3.11818870654e-06	0	0.000876211026539	1.87091322393e-05	0.00102588408445	0.000336764380307	0.00016214581274	2.18273209458e-05	0	0.000159027624034	0	0	1.24727548262e-05	0.000449019173742	0.00215155020752	0.00786719010661	0.000155909435327	4.67728305982e-05	0	0.000498910193047	0.000115372982142	0.000296227927122	0	0	5.92455854243e-05	1.24727548262e-05	0
0.000951047555496	0	0	0	0.00567822163462	0.000187091322393	0.0118834171606	0.00151543971138	0.00189585873358	0.00143436680501	0.00324603444351	0.00360150795606	0.0382851209389	0.000212036832045	0.00882447403952	0.00258497843773	0	0	0.00101341132963	0.00232616877508	0.0177736756273	1.55909435327e-05	0	1.87091322393e-05	0.00236670522827	0	0.00151232152267	9.35456611963e-06	0.00338635293531	0.0129934923402	0.000137200303088	0	4.98910193047e-05	0.000823201818528	0.00657937817081	2.18273209458e-05	3.11818870654e-06	3.11818870654e-06	0	0.000143436680501	0	0.00212036832045	0	0.00016214581274	0.000664174194494	0.00397257241214	0.00120050265202	0.00508264759167	0.00018085494498	0.000377300833492	6.23637741309e-06	0	3.11818870654e-06	8.10729063701e-05	3.11818870654e-06	0.00294357013898	3.11818870654e-06	0	9.35456611963e-06	0.000399128154438	0	4.67728305982e-05	1.24727548262e-05	4.98910193047e-05	0.000464610117275	0	0	0	0	0.00123168453908	0.000405364531851	8.73092837832e-05	0.00425944577314	0.000477082872101	0.00139694854053	9.35456611963e-06	0	0.000639228684842	3.74182644785e-05	0.0006672923832	5.30092080113e-05	0.000748365289571	4.05364531851e-05	0
9.35456611963e-06	0.000704710647679	0	0	2.49455096524e-05	0.000106018416023	0.000420955475383	0.000208918643338	0.000289991549709	0.000140318491794	0.000121609359555	0.00720613410082	0.000212036832045	0.022079894231	0.000707828836386	6.23637741309e-05	0.000196445888512	0	9.35456611963e-05	4.67728305982e-05	8.73092837832e-05	6.23637741309e-06	0.000246336907817	1.87091322393e-05	9.66638499029e-05	0.00471158313559	0.00146243050337	0.00614283175189	0.000221391398165	0.00145307593725	1.87091322393e-05	0.000539446646232	0.000396009965731	3.11818870654e-05	0.00179295850626	0	0.000489555626927	6.23637741309e-06	0	0	0	6.23637741309e-06	0	3.4300075772e-05	9.35456611963e-06	9.35456611963e-06	0.00282819715684	9.35456611963e-06	0.00516683868674	6.23637741309e-06	0	0	0	2.49455096524e-05	0	6.23637741309e-06	3.11818870654e-06	9.35456611963e-06	3.11818870654e-06	1.24727548262e-05	0.00128157555839	0.00387902675094	0.00131587563416	0	0	0	0.000798256308875	0	0	0.00103835683928	0.000208918643338	0.00465857392758	0.00264422402315	0.000520737513993	3.74182644785e-05	7.79547176636e-05	0.0011443752553	3.11818870654e-06	0.00247272364429	3.74182644785e-05	1.55909435327e-05	0	0.000115372982142	7.79547176636e-05
0.0132148837383	0	0.00186155865781	0	0.00223262311389	4.36546418916e-05	0.005525430388	0.00933273879869	0.0118148170091	6.23637741309e-05	0.00589961303278	0.00167758552412	0.00882447403952	0.000707828836386	0.0455879188897	0.000795138120169	0	0.00051450113658	0.000149673057914	0.00041471909797	0.00979734891596	0.00111631155694	1.87091322393e-05	0.00307141587595	0.00318367066938	0	0.00118802989719	0.00075771985569	0.0101621769946	0.0231026601268	0.00838169124319	0	0.00129404831322	0.00367634448502	0.00544435748163	2.49455096524e-05	0	4.05364531851e-05	0	9.97820386094e-05	0	6.23637741309e-06	9.35456611963e-06	9.35456611963e-06	0.000236982341697	0.000146554869208	3.11818870654e-06	0.000208918643338	0	2.80636983589e-05	0	3.11818870654e-06	1.87091322393e-05	0	3.11818870654e-06	0.000236982341697	0	3.11818870654e-06	3.11818870654e-05	0.000318055248068	0	4.98910193047e-05	2.18273209458e-05	3.74182644785e-05	2.49455096524e-05	0	0	0	0	2.49455096524e-05	0.00115684801013	0.000112254793436	0.00392891777025	0.00139071216312	0.00059557404295	6.23637741309e-06	6.23637741309e-06	4.36546418916e-05	3.4300075772e-05	8.10729063701e-05	1.55909435327e-05	3.11818870654e-06	2.18273209458e-05	9.35456611963e-06
6.23637741309e-06	2.80636983589e-05	0	0	0.000311818870654	0.0020985409995	0.00518866600769	0.00024321871911	0.00067664694932	0.00093857480067	0.000367946267372	7.48365289571e-05	0.00258497843773	6.23637741309e-05	0.000795138120169	0.00989401276586	0	0	3.11818870654e-06	0	0.000277518794882	0	0.000134082114381	0	0.00124727548262	1.87091322393e-05	3.11818870654e-06	2.18273209458e-05	0.000367946267372	0.00151855790009	4.05364531851e-05	0	0.000726537968625	0.000112254793436	0.0010477114054	0	0	0	0	1.55909435327e-05	0	0	0	0	9.66638499029e-05	6.23637741309e-06	0	6.23637741309e-06	0	0	0	0	0	0	0	6.23637741309e-06	0	0	0	4.67728305982e-05	0	1.24727548262e-05	6.23637741309e-06	9.35456611963e-06	0	0	0	0	0	0	0.000704710647679	2.18273209458e-05	0.000907392913604	0.000371064456079	0.00563144880402	0.000134082114381	0	2.18273209458e-05	3.11818870654e-06	6.23637741309e-06	6.23637741309e-06	6.23637741309e-06	0	0
0	0.00164016725964	0	0	0	0	0	0	0	0.000202682265925	0	9.35456611963e-06	0	0.000196445888512	0	0	0.0183287132171	0	0	0	0	0.00194886794159	0.0103399137509	0.00551295763317	0.00256626930549	0.000495792004341	0.000137200303088	0.00710323387351	0.00189897692229	0	0	0	0	0	0	0	3.11818870654e-05	0	0	0	0	0	0	0	0	0	0	0	0	0	0	0.00197069526254	3.11818870654e-06	0	0	0	4.05364531851e-05	0.00256003292807	0.00144372137113	3.11818870654e-05	0	0.00017150037886	0.000143436680501	3.11818870654e-06	0	0	0	0	0	3.11818870654e-06	0.000143436680501	1.24727548262e-05	1.24727548262e-05	4.05364531851e-05	3.11818870654e-06	0	3.11818870654e-06	6.23637741309e-06	9.35456611963e-06	1.87091322393e-05	0	6.23637741309e-06	0	0
0.000726537968625	0.000246336907817	0.0191300877146	0	9.35456611963e-06	0	0	0.000106018416023	0	3.11818870654e-06	1.55909435327e-05	8.10729063701e-05	0	0	0.00051450113658	0	0	0.0365545262068	0.000196445888512	0.00434363686822	2.18273209458e-05	0.00325538900963	5.30092080113e-05	0.0120767448604	2.49455096524e-05	0	0.0165295183334	0.00910822921182	0.000396009965731	0.000611164986483	0.00641411416936	0	0	0.000137200303088	0.00556908502989	0	0.000130963925675	0.00101029314092	0	2.80636983589e-05	0	1.24727548262e-05	9.35456611963e-06	2.80636983589e-05	1.87091322393e-05	6.23637741309e-05	6.23637741309e-06	6.23637741309e-05	0	1.55909435327e-05	0	9.35456611963e-06	0.00173059473213	3.11818870654e-06	0.000155909435327	5.92455854243e-05	0.000199564077219	9.35456611963e-06	0.000972874876442	7.79547176636e-05	0	0.000689119704146	0.00156533073069	0.000215155020752	9.35456611963e-06	9.35456611963e-06	0	0	6.23637741309e-06	0.000134082114381	0.00184908590298	0.000470846494688	0.00188026779005	0.000311818870654	3.4300075772e-05	0	0	0.00127845736968	0.0033333437273	0.00179919488368	0.000452137362449	1.24727548262e-05	2.49455096524e-05	0
2.18273209458e-05	0	8.41910950767e-05	0	0.000701592458972	0	0.00026192785135	8.10729063701e-05	3.74182644785e-05	0	5.61273967178e-05	0.00230434145414	0.00101341132963	9.35456611963e-05	0.000149673057914	3.11818870654e-06	0	0.000196445888512	0.00757096217949	0.00297163383734	0.000579983099417	3.11818870654e-06	0	5.30092080113e-05	3.74182644785e-05	0	0.00444965528424	5.30092080113e-05	0.000127845736968	0.00144995774854	3.4300075772e-05	0	6.23637741309e-06	0.000124727548262	0.00173059473213	0	0	3.11818870654e-06	0	6.23637741309e-06	0	0	0	0	1.24727548262e-05	1.87091322393e-05	0	0.000109136604729	0	0	0	0	0	0	0	1.87091322393e-05	0	0	0	2.80636983589e-05	0	0	0	1.24727548262e-05	0	0	0	0	0	0	0.00220767760423	0.00184908590298	0.00154662159845	0.000389773588318	3.11818870654e-06	3.11818870654e-06	0	3.11818870654e-06	9.35456611963e-06	9.35456611963e-06	0	0	0	0
0.000168382190153	0	0.000277518794882	0	0.00178984031756	0	0.000408482720557	0.00041471909797	9.97820386094e-05	6.23637741309e-06	0.000452137362449	0.00555973046377	0.00232616877508	4.67728305982e-05	0.00041471909797	0	0	0.00434363686822	0.00297163383734	0.0172810018117	0.00216714115105	0.000539446646232	0	0.00106330234893	0.000249455096524	0	0.0101029314092	0.000773310799223	0.000951047555496	0.00373247188173	0.00101964770704	0	3.11818870654e-06	0.000654819628374	0.00776428987929	9.35456611963e-06	3.11818870654e-06	3.11818870654e-06	0	3.4300075772e-05	0	0	0	0	0.000102900227316	8.41910950767e-05	0	0.000140318491794	0	9.35456611963e-06	0	0	3.11818870654e-06	0	1.24727548262e-05	0.000106018416023	0	0	3.11818870654e-06	0.000124727548262	0	1.24727548262e-05	6.23637741309e-06	3.11818870654e-05	1.55909435327e-05	0	0	0	0	0	0.0013345847664	0.00152167608879	0.00397880878955	0.000205800454632	9.35456611963e-06	0	0	1.55909435327e-05	2.80636983589e-05	1.24727548262e-05	3.11818870654e-06	0	0	0
0.00125974823744	0	0	0	0.00666668745459	7.48365289571e-05	0.00569381257815	0.00230122326543	0.00208295005597	1.87091322393e-05	0.00600874963751	0.00276895157141	0.0177736756273	8.73092837832e-05	0.00979734891596	0.000277518794882	0	2.18273209458e-05	0.000579983099417	0.00216714115105	0.0260462302658	3.11818870654e-05	0	2.80636983589e-05	0.00173059473213	0	0.00169005827895	9.35456611963e-06	0.00631433213075	0.0125943641857	0.000193327699806	0	2.80636983589e-05	0.00212348650916	0.0056688670685	2.49455096524e-05	0	6.23637741309e-06	0	0.000221391398165	0	0.000277518794882	0	1.55909435327e-05	0.000324291625481	0.000866856460419	0.000118491170849	0.000966638499029	2.18273209458e-05	4.36546418916e-05	3.11818870654e-06	0	3.11818870654e-06	0	0	0.00105394778281	3.11818870654e-06	0	0	0.000620519552602	0	3.4300075772e-05	6.23637741309e-06	5.30092080113e-05	4.98910193047e-05	0	0	0	0	0.000121609359555	0.000389773588318	5.61273967178e-05	0.00403181799756	0.000483319249514	0.000143436680501	0	0	0.000224509586871	2.80636983589e-05	0.000149673057914	2.18273209458e-05	0.000127845736968	3.11818870654e-06	0
0.00165887639188	8.41910950767e-05	0.00434675505692	0	3.4300075772e-05	0	0	0.00398504516696	3.4300075772e-05	3.74182644785e-05	3.11818870654e-06	6.23637741309e-06	1.55909435327e-05	6.23637741309e-06	0.00111631155694	0	0.00194886794159	0.00325538900963	3.11818870654e-06	0.000539446646232	3.11818870654e-05	0.051450113658	0.00513565679968	0.0283006807006	0.000951047555496	3.11818870654e-06	0.00244777813464	0.00133146657769	0.0107702237924	0.00373247188173	0.0220455941553	0	0	0.00330216184023	0.00465857392758	3.11818870654e-06	2.49455096524e-05	4.36546418916e-05	0	1.87091322393e-05	0	3.11818870654e-06	0	6.23637741309e-06	0.000283755172296	1.55909435327e-05	0	1.55909435327e-05	0	3.11818870654e-06	0	0.00355473512546	7.17183402505e-05	3.11818870654e-06	9.35456611963e-06	1.24727548262e-05	0.00235423247344	0.00449019173742	0.00227627775578	0.00116308438754	0	0.000118491170849	0.000115372982142	0.00147178506949	9.35456611963e-06	9.35456611963e-06	0	0	0	2.18273209458e-05	0.00431869135856	0.000735892534744	0.00377612652362	0.00171812197731	0.00101029314092	0	0	0.000330528002894	0.000190209511099	0.000218273209458	9.35456611963e-05	2.49455096524e-05	0	0
1.87091322393e-05	0.00485190162738	5.30092080113e-05	0	0	4.98910193047e-05	0	5.61273967178e-05	0	0.00647335975479	0	9.35456611963e-06	0	0.000246336907817	1.87091322393e-05	0.000134082114381	0.0103399137509	5.30092080113e-05	0	0	0	0.00513565679968	0.0409605268492	0.00685377877698	0.00580294918288	0.0012410391052	0.000199564077219	0.0157998621761	0.00788901742756	2.18273209458e-05	5.30092080113e-05	0	0	6.23637741309e-06	3.4300075772e-05	9.35456611963e-06	0.00164016725964	3.11818870654e-06	0	0	0	6.23637741309e-06	8.73092837832e-05	6.23637741309e-06	0.00332087097247	0	0	0	6.23637741309e-06	6.23637741309e-06	0	0.00967885774511	3.11818870654e-06	0	0	0	0.00163393088223	0.0160929719145	0.00665733288847	0.00436858237787	3.11818870654e-06	0.000283755172296	0.00428127309409	0.000701592458972	0	3.11818870654e-06	0	0	0	3.11818870654e-06	0.000265046040056	3.74182644785e-05	9.35456611963e-06	6.23637741309e-06	0.000324291625481	0	3.11818870654e-06	0.00016214581274	9.66638499029e-05	4.36546418916e-05	0	0	0	0
0.00402869980886	0.000302464304535	0.0190053601664	0	2.80636983589e-05	6.23637741309e-06	9.35456611963e-06	0.00249143277653	3.4300075772e-05	1.55909435327e-05	3.11818870654e-06	6.23637741309e-06	1.87091322393e-05	1.87091322393e-05	0.00307141587595	0	0.00551295763317	0.0120767448604	5.30092080113e-05	0.00106330234893	2.80636983589e-05	0.0283006807006	0.00685377877698	0.0775867713962	0.000402246343144	4.36546418916e-05	0.00572811265392	0.0152074063218	0.00372311731561	0.00277518794882	0.018584404691	0	0	0.00125663004874	0.00454631913414	3.11818870654e-06	5.92455854243e-05	0.000146554869208	0	2.80636983589e-05	0	9.35456611963e-06	6.23637741309e-06	1.55909435327e-05	8.10729063701e-05	6.23637741309e-05	6.23637741309e-06	6.8600151544e-05	0	9.35456611963e-06	0	0.00257874206031	0.000314937059361	9.35456611963e-06	1.24727548262e-05	6.23637741309e-05	0.0014312486163	0.00774558074706	0.00744623463123	0.0003336461916	0	0.000196445888512	0.000779547176636	0.000539446646232	3.11818870654e-06	1.24727548262e-05	0	0	3.11818870654e-06	2.80636983589e-05	0.00995014016258	0.000782665365343	0.00708452474127	0.00520113876252	0.00188962235617	0	0	0.0010009385748	0.0010477114054	0.00120050265202	0.000704710647679	3.11818870654e-05	9.35456611963e-06	0
0.00168694009024	0.00139383035183	3.4300075772e-05	0	0.0092423113262	0.000367946267372	0.00111942974565	0.00542253016068	0.00105082959411	0.00787966286144	0.000670410571907	0.000302464304535	0.00236670522827	9.66638499029e-05	0.00318367066938	0.00124727548262	0.00256626930549	2.49455096524e-05	3.74182644785e-05	0.000249455096524	0.00173059473213	0.000951047555496	0.00580294918288	0.000402246343144	0.0416402919872	0.000339882569013	0.000374182644785	0.00212660469786	0.0204210178392	0.00744935281993	0.0050015746853	0	1.24727548262e-05	0.00608670435517	0.00473652864524	2.80636983589e-05	0.000330528002894	9.35456611963e-06	0	0.00579671280547	6.8600151544e-05	7.79547176636e-05	7.17183402505e-05	5.30092080113e-05	0.00970692144347	0.0019052132997	5.61273967178e-05	0.000545683023645	0.000149673057914	6.54819628374e-05	0.000349237135133	3.4300075772e-05	3.11818870654e-06	0	0	0.00390085407189	6.23637741309e-06	0.000486437438221	7.17183402505e-05	0.00865921003807	0.00017150037886	0.000121609359555	0.000174618567566	0.0030028157244	5.92455854243e-05	0	0	0	3.11818870654e-06	2.49455096524e-05	0.0022388594913	0.000115372982142	0.00231993239767	0.00067664694932	0.0023324051525	0	0	0.000963520310322	2.80636983589e-05	6.54819628374e-05	9.35456611963e-06	0.00025257328523	6.23637741309e-06	0
0	0.00314001602749	0	0	0	0	0	0	0	0.000919865668431	0	0.000149673057914	0	0.00471158313559	0	1.87091322393e-05	0.000495792004341	0	0	0	0	3.11818870654e-06	0.0012410391052	4.36546418916e-05	0.000339882569013	0.0112566612306	0.000258809662643	0.00437793694399	9.04274724898e-05	0	0	9.35456611963e-06	0	0	0	0	0.00191144967711	0	0	0	0	0	0	0	1.24727548262e-05	3.11818870654e-06	0.00115996619883	6.23637741309e-06	0.00233864152991	0	0	0	0	3.4300075772e-05	3.11818870654e-06	3.11818870654e-06	0	1.24727548262e-05	0	1.24727548262e-05	0.00152791246621	0.00187403141263	0.00122232997297	0	0	0	0.000118491170849	0	0	0.000483319249514	9.35456611963e-06	0.000726537968625	2.49455096524e-05	0	3.11818870654e-05	0	0.000392891777025	2.18273209458e-05	0.000355473512546	5.30092080113e-05	3.11818870654e-06	0	0	2.80636983589e-05
0.00140630310665	0.00216402296234	0.0156065344763	0	0.00110072061341	0	0.00026192785135	0.000477082872101	0.000106018416023	0.000115372982142	0.000445900985036	0.00575305816357	0.00151232152267	0.00146243050337	0.00118802989719	3.11818870654e-06	0.000137200303088	0.0165295183334	0.00444965528424	0.0101029314092	0.00169005827895	0.00244777813464	0.000199564077219	0.00572811265392	0.000374182644785	0.000258809662643	0.0844997957586	0.0277269339786	0.00162457631611	0.00422826388607	0.00499845649659	0.000152791246621	6.23637741309e-06	0.00103523865057	0.00995637654	1.87091322393e-05	0.00515124774321	0.00107889329246	0	6.8600151544e-05	0	4.67728305982e-05	6.23637741309e-06	4.05364531851e-05	0.000405364531851	0.00016214581274	0.00130652106804	0.000442782796329	0.00083879276206	4.05364531851e-05	3.11818870654e-06	1.24727548262e-05	0.00060492860907	0.000985347631268	0.00203305903667	0.000174618567566	5.92455854243e-05	0.000205800454632	0.000473964683395	0.000608046797776	0.000402246343144	0.0183349495945	0.0066698056433	0.000165264001447	3.11818870654e-05	1.24727548262e-05	7.79547176636e-05	0	3.11818870654e-06	0.000654819628374	0.0107795783585	0.00816965441115	0.00884318317176	0.000910511102311	3.11818870654e-05	0	6.23637741309e-06	0.0019052132997	0.00252885104101	0.00295916108251	0.00060492860907	0.000430310041503	2.80636983589e-05	3.11818870654e-06
0.000913629291017	0.0173558383406	0.0196757707383	0	1.24727548262e-05	3.11818870654e-06	0	0.00018085494498	3.11818870654e-06	0.00116932076495	0	0.000149673057914	9.35456611963e-06	0.00614283175189	0.00075771985569	2.18273209458e-05	0.00710323387351	0.00910822921182	5.30092080113e-05	0.000773310799223	9.35456611963e-06	0.00133146657769	0.0157998621761	0.0152074063218	0.00212660469786	0.00437793694399	0.0277269339786	0.120524229885	0.00136264846476	0.000327409814187	0.00203305903667	0.000704710647679	0	6.54819628374e-05	0.00257874206031	2.18273209458e-05	0.0205800454632	0.00206112273503	0	3.74182644785e-05	0	4.67728305982e-05	2.49455096524e-05	6.8600151544e-05	0.000271282417469	5.92455854243e-05	0.00184284952557	9.35456611963e-05	0.00383849029776	5.30092080113e-05	0	0.00335517104824	0.00192080424323	0.000277518794882	0.000779547176636	4.98910193047e-05	0.000168382190153	0.00729656157331	0.00553166676541	0.000470846494688	0.0012379209165	0.0211194921094	0.0275990882416	0.000352355323839	3.4300075772e-05	5.61273967178e-05	0.000561273967178	0	3.11818870654e-06	0.000916747479724	0.00835674573354	0.00193639518676	0.00306829768724	0.000904274724898	0.000102900227316	0	4.05364531851e-05	0.00212660469786	0.00279389708106	0.00487372894833	0.00130340287934	8.10729063701e-05	6.54819628374e-05	5.61273967178e-05
0.00425320939573	0.00018085494498	0.00043342823021	0	0.00682571507863	0.00024321871911	0.00729656157331	0.0342345938091	0.00605552246811	0.00492361996763	0.0102557226558	0.00135329389864	0.00338635293531	0.000221391398165	0.0101621769946	0.000367946267372	0.00189897692229	0.000396009965731	0.000127845736968	0.000951047555496	0.00631433213075	0.0107702237924	0.00788901742756	0.00372311731561	0.0204210178392	9.04274724898e-05	0.00162457631611	0.00136264846476	0.0837171303933	0.0195603977562	0.0186249411442	0	7.79547176636e-05	0.0152448245863	0.0129498376983	6.8600151544e-05	1.24727548262e-05	9.35456611963e-05	0	0.00461180109698	3.11818870654e-06	5.61273967178e-05	0.000283755172296	4.36546418916e-05	0.0127627463759	0.00239788711533	3.11818870654e-05	0.000352355323839	6.23637741309e-06	0.000127845736968	3.11818870654e-06	0.00313066146137	7.79547176636e-05	6.23637741309e-06	6.23637741309e-06	0.00391644501542	0.000558155778471	0.00318055248068	0.000576864910711	0.0129186558112	0	0.000165264001447	0.000215155020752	0.00560962148307	0.000130963925675	3.11818870654e-06	0	0	6.23637741309e-06	7.17183402505e-05	0.00767698059551	0.00212036832045	0.00793890844686	0.00252261466359	0.00159651261775	4.05364531851e-05	3.11818870654e-06	0.00134705752123	0.000293109738415	0.000311818870654	7.48365289571e-05	9.66638499029e-05	2.49455096524e-05	0
0.00816341803373	1.24727548262e-05	0.00105706597152	0	0.00677894224803	0.000346118946426	0.00661367824658	0.0142376496341	0.00333022553859	0.000255691473937	0.00505458389331	0.00799191765487	0.0129934923402	0.00145307593725	0.0231026601268	0.00151855790009	0	0.000611164986483	0.00144995774854	0.00373247188173	0.0125943641857	0.00373247188173	2.18273209458e-05	0.00277518794882	0.00744935281993	0	0.00422826388607	0.000327409814187	0.0195603977562	0.0711383571511	0.0239445710776	0	0.00232616877508	0.0241971443628	0.0303618034356	5.61273967178e-05	9.35456611963e-06	4.98910193047e-05	0	0.00111319336824	0	2.80636983589e-05	0.000127845736968	2.49455096524e-05	0.00264422402315	0.00154350340974	0.000704710647679	0.00236358703956	6.23637741309e-06	7.79547176636e-05	0	3.11818870654e-06	0.000159027624034	6.23637741309e-06	1.24727548262e-05	0.00149673057914	1.87091322393e-05	3.11818870654e-06	0.000202682265925	0.00480512879678	0	0.000411600909264	6.23637741309e-05	0.000807610874995	0.000140318491794	0	0	0	0	0.000754601666984	0.00952606649849	0.0010477114054	0.0172872381891	0.00387590856223	0.00130028469063	0.000134082114381	2.80636983589e-05	0.00197069526254	0.000445900985036	0.000483319249514	0.000102900227316	0.00182725858203	2.80636983589e-05	1.55909435327e-05
0.0117805169333	7.17183402505e-05	0.00748365289571	0	0.00034300075772	2.49455096524e-05	0.000374182644785	0.0148113963561	0.000567510344591	0.000165264001447	9.04274724898e-05	4.05364531851e-05	0.000137200303088	1.87091322393e-05	0.00838169124319	4.05364531851e-05	0	0.00641411416936	3.4300075772e-05	0.00101964770704	0.000193327699806	0.0220455941553	5.30092080113e-05	0.018584404691	0.0050015746853	0	0.00499845649659	0.00203305903667	0.0186249411442	0.0239445710776	0.0649393980025	0	1.24727548262e-05	0.0151294516042	0.0133240203431	3.11818870654e-06	2.80636983589e-05	0.000112254793436	0	0.000146554869208	0	1.55909435327e-05	1.24727548262e-05	9.35456611963e-06	0.000589337665537	5.61273967178e-05	1.87091322393e-05	0.000224509586871	0	9.35456611963e-06	3.11818870654e-06	9.04274724898e-05	0.000268164228763	0	9.35456611963e-06	5.30092080113e-05	0.000221391398165	4.05364531851e-05	0.000477082872101	0.000620519552602	0	0.00018085494498	0.000227627775578	0.000227627775578	3.11818870654e-06	0	0	0	0	1.87091322393e-05	0.0035734442577	0.000293109738415	0.00899909260709	0.00432180954727	0.00105394778281	9.35456611963e-06	0	0.000695356081559	0.000296227927122	0.000324291625481	8.73092837832e-05	0.000205800454632	3.11818870654e-06	0
0	0	0	0	0	0	0	0	0	0	0	0.000143436680501	0	0.000539446646232	0	0	0	0	0	0	0	0	0	0	0	9.35456611963e-06	0.000152791246621	0.000704710647679	0	0	0	0.000894920158778	0	0	0	0	0	0	0	0	0	0	0	0	0	0	6.54819628374e-05	0	0.000227627775578	0	0	0	0	3.11818870654e-06	0	0	0	0	0	0	9.35456611963e-06	0.000367946267372	0.000165264001447	0	0	0	6.23637741309e-05	0	0	6.23637741309e-06	3.11818870654e-06	0.000168382190153	1.55909435327e-05	0	0	0	0	0	4.98910193047e-05	0	0	0	0	0
3.11818870654e-06	0	0	0	3.11818870654e-06	0.00221079579294	0.00155285797586	9.04274724898e-05	0.000611164986483	1.24727548262e-05	4.36546418916e-05	0.000498910193047	4.98910193047e-05	0.000396009965731	0.00129404831322	0.000726537968625	0	0	6.23637741309e-06	3.11818870654e-06	2.80636983589e-05	0	0	0	1.24727548262e-05	0	6.23637741309e-06	0	7.79547176636e-05	0.00232616877508	1.24727548262e-05	0	0.00620207733732	9.35456611963e-06	0.00245089632334	0	0	0	0	0	0	0	0	0	0	0	0	3.11818870654e-06	0	0	0	0	0	0	0	0	0	0	0	0	0	0	0	0	0	0	0	0	0	3.11818870654e-06	0.000212036832045	2.80636983589e-05	0.000492673815634	0.000265046040056	0.000919865668431	0.000601810420363	5.30092080113e-05	0	0	0	0	0	3.11818870654e-06	3.11818870654e-06
0.00117867533107	0	0.000174618567566	0	0.00172747654343	1.87091322393e-05	0.000841910950767	0.0104116320912	0.00100405676351	0.000168382190153	0.000954165744203	0.00164952182576	0.000823201818528	3.11818870654e-05	0.00367634448502	0.000112254793436	0	0.000137200303088	0.000124727548262	0.000654819628374	0.00212348650916	0.00330216184023	6.23637741309e-06	0.00125663004874	0.00608670435517	0	0.00103523865057	6.54819628374e-05	0.0152448245863	0.0241971443628	0.0151294516042	0	9.35456611963e-06	0.0268039501215	0.0155847071553	3.4300075772e-05	0	1.87091322393e-05	0	0.000904274724898	0	6.23637741309e-06	9.04274724898e-05	1.24727548262e-05	0.00199252258348	0.000885565592659	0.000255691473937	0.000854383705593	3.11818870654e-06	4.67728305982e-05	0	0	2.80636983589e-05	6.23637741309e-06	6.23637741309e-06	0.000832556384647	1.24727548262e-05	3.11818870654e-06	5.30092080113e-05	0.00316184334844	0	0.000308700681948	2.80636983589e-05	0.000735892534744	9.04274724898e-05	0	0	0	0	0.000271282417469	0.00471470132429	0.000230745964284	0.00941381170506	0.00291550644062	0.000776428987929	6.23637741309e-06	0	0.00131899382287	0.00026192785135	0.00034300075772	9.35456611963e-05	0.000782665365343	0	0
0.00185532228039	2.18273209458e-05	0.001094484236	0	0.00434675505692	0.000770192610516	0.0041908456216	0.00564703974755	0.00193951337547	0.000608046797776	0.00183661314815	0.0109697878696	0.00657937817081	0.00179295850626	0.00544435748163	0.0010477114054	0	0.00556908502989	0.00173059473213	0.00776428987929	0.0056688670685	0.00465857392758	3.4300075772e-05	0.00454631913414	0.00473652864524	0	0.00995637654	0.00257874206031	0.0129498376983	0.0303618034356	0.0133240203431	0	0.00245089632334	0.0155847071553	0.0595480497289	5.61273967178e-05	1.24727548262e-05	9.35456611963e-05	0	0.00116620257625	0	4.67728305982e-05	0.000134082114381	6.23637741309e-05	0.00375741739139	0.00149984876785	0.000701592458972	0.00227004137836	6.23637741309e-06	0.000109136604729	6.23637741309e-06	4.05364531851e-05	0.00017150037886	6.23637741309e-06	2.80636983589e-05	0.00146243050337	6.23637741309e-05	1.87091322393e-05	0.000386655399611	0.00536640276396	0	0.000614283175189	0.000327409814187	0.00130963925675	0.000159027624034	1.55909435327e-05	0	0	6.23637741309e-06	0.000773310799223	0.0136046573267	0.0021421956414	0.0260056938126	0.00561585786049	0.00154038522103	0.000810729063701	0.000102900227316	0.00314937059361	0.000723419779918	0.000748365289571	0.000165264001447	0.00192080424323	4.36546418916e-05	9.35456611963e-06
0	1.24727548262e-05	0	0	4.98910193047e-05	0	3.11818870654e-06	3.11818870654e-06	6.23637741309e-06	6.23637741309e-06	0	9.35456611963e-06	2.18273209458e-05	0	2.49455096524e-05	0	0	0	0	9.35456611963e-06	2.49455096524e-05	3.11818870654e-06	9.35456611963e-06	3.11818870654e-06	2.80636983589e-05	0	1.87091322393e-05	2.18273209458e-05	6.8600151544e-05	5.61273967178e-05	3.11818870654e-06	0	0	3.4300075772e-05	5.61273967178e-05	0.0196009342093	1.87091322393e-05	0	0	0.00042407366409	0	0.00104147502799	0.00636422315006	0.0021421956414	9.97820386094e-05	0.00235111428473	9.35456611963e-06	0.00120362084073	3.11818870654e-06	0.0109853788132	0	0	0.000972874876442	9.35456611963e-06	0.000106018416023	0.00193015880935	0.00152791246621	0	0.00391956320413	0.00118179351978	0	9.35456611963e-06	9.97820386094e-05	0.00199875896089	0.00652325077409	0.00197693163995	0	3.11818870654e-06	0.000202682265925	0.00160274899516	2.18273209458e-05	3.11818870654e-06	4.05364531851e-05	1.87091322393e-05	3.11818870654e-06	0	0	0.000355473512546	4.05364531851e-05	0.00158403986292	0.000212036832045	8.41910950767e-05	5.61273967178e-05	9.35456611963e-06
0	0.00989089457716	0.00025257328523	0	0	0	0	0	0	5.61273967178e-05	0	2.49455096524e-05	3.11818870654e-06	0.000489555626927	0	0	3.11818870654e-05	0.000130963925675	0	3.11818870654e-06	0	2.49455096524e-05	0.00164016725964	5.92455854243e-05	0.000330528002894	0.00191144967711	0.00515124774321	0.0205800454632	1.24727548262e-05	9.35456611963e-06	2.80636983589e-05	0	0	0	1.24727548262e-05	1.87091322393e-05	0.0352386505727	4.05364531851e-05	0	0.000661056005787	9.35456611963e-06	3.11818870654e-05	3.11818870654e-05	4.67728305982e-05	0.00676335130449	3.74182644785e-05	0.000944811178083	0.000492673815634	0.00371376274949	4.05364531851e-05	7.79547176636e-05	0.000109136604729	4.05364531851e-05	0.000311818870654	0.000230745964284	3.4300075772e-05	2.80636983589e-05	0.00962896672581	0.000115372982142	0.00606487703423	0.00447148260518	0.00915812023112	0.0213128198092	6.23637741309e-05	6.23637741309e-06	2.18273209458e-05	2.18273209458e-05	0	3.11818870654e-06	0.000511382947873	0.000215155020752	6.23637741309e-05	1.24727548262e-05	1.55909435327e-05	0	0	2.49455096524e-05	0.000913629291017	0.000299346115828	0.0028126062133	0.000682883326733	5.30092080113e-05	5.30092080113e-05	3.74182644785e-05
