0.0118148999015	4.10239579915e-06	1.64095831966e-05	0	4.10239579915e-05	2.8716770594e-05	0.00209632425336	0.00299885132918	0.0033885789301	0.000201017394158	0.000639973744667	0	0.000795864785034	0	0.00887348211355	0.00014358385297	3.69215621923e-05	2.8716770594e-05	0	0	0.000246143747949	0.000168198227765	9.02527075812e-05	0.000118969478175	0.000344601247128	0	8.20479159829e-06	2.46143747949e-05	0.000611256974073	0.00279373153922	0.00126353790614	0	2.46143747949e-05	0.000541516245487	0.000849195930423	0	4.10239579915e-06	0	0	4.10239579915e-06	0	0	0	0	2.8716770594e-05	0	0	0	0	0	0	0	0	0	0	0	0	0	0	3.28191663932e-05	0	0	0	1.23071873974e-05	0	4.10239579915e-06	0	0	0	4.10239579915e-06	0.000303577289137	5.33311453889e-05	0.000340498851329	7.38431243846e-05	0.000147686248769	3.28191663932e-05	0	0	0	4.10239579915e-06	0	0	0	0
4.10239579915e-06	0.0168567443387	0.00183377092222	0	0	0	0	1.64095831966e-05	0	3.28191663932e-05	0	0.000250246143748	0	6.15359369872e-05	4.10239579915e-06	4.10239579915e-06	0.000278962914342	0.00109533967837	6.15359369872e-05	0.000996882179193	0	0.000123071873974	0.00214965539875	0.00072202166065	3.69215621923e-05	0.000951755825402	0.00438135871349	0.00795044305875	2.8716770594e-05	1.64095831966e-05	7.38431243846e-05	4.10239579915e-06	0	8.20479159829e-06	0.00107482769938	4.10239579915e-06	0.00388496882179	0.000361010830325	0	0	0	0	8.20479159829e-06	0	1.23071873974e-05	0	8.61503117821e-05	0	0.000110764686577	0	0	2.46143747949e-05	0.000246143747949	2.46143747949e-05	0.000184607810962	0	6.15359369872e-05	0.000582540203479	0.000299474893338	4.10239579915e-06	0.000438956350509	0.00107072530358	0.0019035116508	8.20479159829e-06	0	2.05119789957e-05	4.10239579915e-06	0	0	8.61503117821e-05	0.000356908434526	0.000959960617	0.00057843780768	0.000155891040368	2.05119789957e-05	1.23071873974e-05	4.10239579915e-06	0.000110764686577	0.000525106662291	0.000205119789957	7.79455201838e-05	0	0	8.20479159829e-06
1.64095831966e-05	0.00183377092222	0.0284583196587	0	4.10239579915e-06	0	1.23071873974e-05	0.000237938956351	2.46143747949e-05	8.20479159829e-05	4.10239579915e-06	0.000127174269774	4.10239579915e-06	0	4.10239579915e-05	0	0.000906629471611	0.00532490974729	4.10239579915e-06	0.000660485723663	0	0.00254758779127	0.00201017394158	0.0125861503118	0.000139481457171	4.10239579915e-05	0.0057843780768	0.0108426320971	0.00062356416147	0.000307679684936	0.00138660978011	4.10239579915e-06	0	0.000106662290778	0.00413931736134	0	0.000488185100098	0.000106662290778	0	0	0	0	1.23071873974e-05	0	2.8716770594e-05	0	4.10239579915e-06	0	0	0	0	5.74335411881e-05	5.33311453889e-05	4.10239579915e-06	2.46143747949e-05	0	4.51263537906e-05	0.000443058746308	0.000159993436167	2.46143747949e-05	2.46143747949e-05	0.000102559894979	0.000332294059731	1.64095831966e-05	0	2.05119789957e-05	0	0	0	3.69215621923e-05	0.00271578601904	0.00283475549721	0.00330653101411	0.00120610436495	8.61503117821e-05	8.61503117821e-05	2.46143747949e-05	6.56383327863e-05	0.000114867082376	3.69215621923e-05	1.23071873974e-05	4.10239579915e-06	0	0
0	0	0	0	0	0	0	0	0	0	0	0	0	0	0	0	0	0	0	0	0	0	0	0	0	0	0	0	0	0	0	0	0	0	0	0	0	0	0	0	0	0	0	0	0	0	0	0	0	0	0	0	0	0	0	0	0	0	0	0	0	0	0	0	0	0	0	0	0	0	0	0	0	0	0	0	0	0	0	0	0	0	0	0
4.10239579915e-05	0	4.10239579915e-06	0	0.0149122087299	0	0.000381522809321	0.000918936659009	6.56383327863e-05	4.51263537906e-05	0.00178043977683	0	0.00313423039055	0	7.79455201838e-05	1.23071873974e-05	0	0	0	0	0.00485723662619	0	0	8.20479159829e-06	0.0019281260256	0	0	0	0.00327371184772	6.56383327863e-05	2.46143747949e-05	0	0	1.64095831966e-05	1.23071873974e-05	1.23071873974e-05	0	0	0	0.00379061371841	0	0.000114867082376	0.000139481457171	1.64095831966e-05	6.15359369872e-05	0.000808171972432	0	0.00118559238595	0	2.05119789957e-05	0	0	0	0	0	0.00389727600919	0	0	0	0.000373318017722	0	0	0	0.000291270101739	4.10239579915e-06	0	0	0	0	4.10239579915e-06	1.23071873974e-05	4.10239579915e-06	8.20479159829e-06	0	2.05119789957e-05	0	0	4.10239579915e-06	0	0	0	4.10239579915e-06	0	0
2.8716770594e-05	0	0	0	0	0.00676074827699	0.00395470955038	1.23071873974e-05	0.00207170987857	0	4.10239579915e-06	5.33311453889e-05	4.10239579915e-06	1.64095831966e-05	0.00134968821792	0.000857400722022	4.10239579915e-06	0	0	0	0	4.10239579915e-06	0	8.20479159829e-06	4.10239579915e-06	4.10239579915e-06	4.10239579915e-06	4.10239579915e-06	0	0.000685100098457	2.46143747949e-05	0	0.00232195602232	1.23071873974e-05	0.000717919264851	0	0	0	0	0	0	0	0	0	0	0	0	0	0	0	0	0	0	0	0	0	0	0	0	0	0	0	0	0	0	0	0	0	0	0	5.33311453889e-05	1.23071873974e-05	0.000258450935346	3.28191663932e-05	0.000832786347227	0.000648178536265	0	0	0	0	0	0	0	0
0.00209632425336	0	1.23071873974e-05	0	0.000381522809321	0.00395470955038	0.0400639973745	0.00418854611093	0.0155316704956	0.00014358385297	0.00989908106334	3.69215621923e-05	0.00724483098129	8.20479159829e-06	0.00704791598293	0.00219888414834	8.20479159829e-06	4.10239579915e-06	0	0	0.00291270101739	4.92287495898e-05	4.10239579915e-05	3.28191663932e-05	0.000557925828684	8.20479159829e-06	0	1.23071873974e-05	0.000980472595996	0.00301526091237	0.000291270101739	0	0.00150968165409	0.000328191663932	0.00160813915327	0	0	0	0	0	0	0	0	0	2.8716770594e-05	0	0	0	0	0	0	0	0	0	0	0	4.10239579915e-06	8.20479159829e-06	0	2.8716770594e-05	0	0	0	1.23071873974e-05	0	4.10239579915e-06	0	0	0	4.10239579915e-06	0.000299474893338	4.10239579915e-05	0.000775352806039	0.000176403019363	0.00106252051198	0.00062356416147	0	0	0	4.10239579915e-06	0	0	0	0
0.00299885132918	1.64095831966e-05	0.000237938956351	0	0.000918936659009	1.23071873974e-05	0.00418854611093	0.0478585493928	0.0023834919593	0.00189530685921	0.0126558910404	4.10239579915e-06	0.00285526747621	4.10239579915e-06	0.00319576632754	0.000131276665573	0.000389727600919	0.000102559894979	0	1.64095831966e-05	0.0033762717427	0.0014645553003	0.000791762389235	0.00115687561536	0.00445109944207	0	3.28191663932e-05	0.000123071873974	0.0161921562192	0.00407367902855	0.00906629471611	0	8.20479159829e-06	0.00134968821792	0.00200607154578	1.23071873974e-05	4.10239579915e-06	4.10239579915e-06	0	2.05119789957e-05	0	8.20479159829e-06	9.02527075812e-05	4.10239579915e-06	0.000533311453889	0	0	4.10239579915e-06	0	1.23071873974e-05	0	8.20479159829e-06	0	0	0	2.46143747949e-05	8.20479159829e-06	4.92287495898e-05	1.23071873974e-05	0.00033639645553	0	0	8.20479159829e-06	0.000135379061372	8.20479159829e-06	1.23071873974e-05	0	0	4.10239579915e-06	1.64095831966e-05	0.00110764686577	0.000246143747949	0.000894322284214	0.000270758122744	0.000393829996718	5.74335411881e-05	0	2.05119789957e-05	1.64095831966e-05	1.23071873974e-05	0	4.10239579915e-06	4.10239579915e-06	0
0.0033885789301	0	2.46143747949e-05	0	6.56383327863e-05	0.00207170987857	0.0155316704956	0.0023834919593	0.0337134886774	6.97407285855e-05	0.00258450935346	3.69215621923e-05	0.00125943551034	1.23071873974e-05	0.0142435182146	0.000504594683295	2.46143747949e-05	1.23071873974e-05	0	8.20479159829e-06	0.000447161142107	6.15359369872e-05	4.51263537906e-05	6.97407285855e-05	0.000254348539547	4.10239579915e-06	0	1.64095831966e-05	0.000455365933705	0.00423777486052	0.00038562520512	0	0.00180505415162	0.000369215621923	0.00174351821464	0	0	0	0	0	0	0	0	0	2.46143747949e-05	0	0	0	0	0	0	0	0	0	0	0	0	0	0	3.28191663932e-05	0	0	0	1.23071873974e-05	0	0	0	0	0	0	0.000332294059731	3.28191663932e-05	0.000779455201838	0.000201017394158	0.000377420413521	0.000562028224483	0	0	0	0	0	0	0	0
0.000201017394158	3.28191663932e-05	8.20479159829e-05	0	4.51263537906e-05	0	0.00014358385297	0.00189530685921	6.97407285855e-05	0.0164177879882	0.000151788644568	0	0.00100918936659	0	0.000201017394158	0.000393829996718	0.0004799803085	2.46143747949e-05	0	8.20479159829e-06	9.84574991795e-05	0.000414341975714	0.00282655070561	0.000500492287496	0.0052879881851	0	2.05119789957e-05	0.000118969478175	0.00221119133574	0.000697407285855	0.00110354446997	0	0	0.000295372497539	0.000570233016081	4.10239579915e-05	4.10239579915e-06	4.10239579915e-06	0	5.33311453889e-05	0	8.20479159829e-06	0.000295372497539	4.10239579915e-06	0.00203068592058	4.10239579915e-06	0	4.51263537906e-05	0	1.64095831966e-05	4.10239579915e-06	4.51263537906e-05	0	0	0	4.51263537906e-05	3.69215621923e-05	0.000196914998359	5.74335411881e-05	0.00115687561536	0	0	2.05119789957e-05	0.000504594683295	1.64095831966e-05	0.000118969478175	0	0	0	4.92287495898e-05	0.000545618641287	0.000131276665573	0.00024204135215	6.97407285855e-05	0.00180915654742	0	4.10239579915e-06	0.000110764686577	3.28191663932e-05	3.28191663932e-05	1.23071873974e-05	3.69215621923e-05	4.10239579915e-06	0
0.000639973744667	0	4.10239579915e-06	0	0.00178043977683	4.10239579915e-06	0.00989908106334	0.0126558910404	0.00258450935346	0.000151788644568	0.0335822120118	0	0.00477108631441	0	0.00106662290778	4.10239579915e-05	8.20479159829e-06	0	0	0	0.00627666557269	2.46143747949e-05	8.20479159829e-06	2.8716770594e-05	0.000898424680013	0	0	0	0.0062397440105	0.000369215621923	0.000147686248769	0	4.10239579915e-06	7.38431243846e-05	0.000184607810962	4.10239579915e-06	0	0	0	0.000832786347227	0	8.20479159829e-06	8.20479159829e-06	0	3.69215621923e-05	0.000147686248769	0	9.43551033804e-05	0	0	0	0	0	0	0	0.000553823432885	0	0	0	5.74335411881e-05	0	0	0	2.8716770594e-05	0	0	0	0	0	0	6.15359369872e-05	0	9.02527075812e-05	2.8716770594e-05	8.20479159829e-05	1.64095831966e-05	0	0	0	0	0	0	0	0
0	0.000250246143748	0.000127174269774	0	0	5.33311453889e-05	3.69215621923e-05	4.10239579915e-06	3.69215621923e-05	0	0	0.0288726616344	0	0.00791762389235	6.56383327863e-05	0	8.20479159829e-06	0.000598949786675	0.00134558582212	0.00324909747292	0	1.23071873974e-05	2.05119789957e-05	6.15359369872e-05	0	0.00202658352478	0.010621102724	0.00157531998687	4.10239579915e-06	5.74335411881e-05	1.23071873974e-05	0.000984574991795	4.10239579915e-05	4.10239579915e-06	0.0043034131933	0	0.000266655726945	1.23071873974e-05	0	0	0	0	0	0	0	0	0.00019281260256	0	0.000373318017722	0	0	4.10239579915e-06	2.05119789957e-05	3.28191663932e-05	2.8716770594e-05	0	0	8.20479159829e-06	4.10239579915e-06	0	0.000808171972432	0.000324089268133	0.000332294059731	0	0	0	8.20479159829e-06	0	0	1.23071873974e-05	0.000168198227765	0.0014645553003	0.00269527404004	0.000172300623564	1.64095831966e-05	6.56383327863e-05	0.000135379061372	4.10239579915e-06	0.00028716770594	7.38431243846e-05	1.64095831966e-05	4.10239579915e-06	0	4.92287495898e-05
0.000795864785034	0	4.10239579915e-06	0	0.00313423039055	4.10239579915e-06	0.00724483098129	0.00285526747621	0.00125943551034	0.00100918936659	0.00477108631441	0	0.0274368231047	0	0.00128404988513	0.0014440433213	4.10239579915e-06	8.20479159829e-06	0	0	0.00949704627502	3.69215621923e-05	1.64095831966e-05	1.64095831966e-05	0.00200607154578	0	4.10239579915e-06	0	0.000935346242205	0.000533311453889	0.000159993436167	0	0	0.000139481457171	0.000258450935346	0	0	0	0	5.33311453889e-05	0	6.15359369872e-05	1.64095831966e-05	4.10239579915e-06	5.74335411881e-05	0.000418444371513	0	0.00159172957007	0	0	0	0	0	0	0	0.000344601247128	0	0	0	3.69215621923e-05	0	0	0	1.23071873974e-05	0	4.10239579915e-06	0	0	0	0	0.000147686248769	4.10239579915e-06	0.000118969478175	2.46143747949e-05	0.00112815884477	1.23071873974e-05	0	4.10239579915e-06	4.10239579915e-06	0	0	0	0	0
0	6.15359369872e-05	0	0	0	1.64095831966e-05	8.20479159829e-06	4.10239579915e-06	1.23071873974e-05	0	0	0.00791762389235	0	0.0141491631113	4.10239579915e-06	0	0	4.10239579915e-05	7.79455201838e-05	0.000221529373154	0	4.10239579915e-06	4.10239579915e-06	8.20479159829e-06	0	0.00283885789301	0.00361421069905	0.00173121102724	1.23071873974e-05	0	0	0.00076714801444	8.20479159829e-06	0	0.000422546767312	0	9.02527075812e-05	0	0	0	0	0	0	0	0	0	0.000131276665573	0	0.000254348539547	0	0	0	0	1.23071873974e-05	2.05119789957e-05	0	0	0	0	0	0.000463570725304	0.000147686248769	0.000151788644568	0	0	0	4.10239579915e-06	0	0	2.8716770594e-05	9.02527075812e-05	0.000566130620282	0.000664588119462	0.000209222185756	0	2.8716770594e-05	0.000266655726945	8.20479159829e-06	0.000196914998359	6.15359369872e-05	8.20479159829e-06	0	0	3.28191663932e-05
0.00887348211355	4.10239579915e-06	4.10239579915e-05	0	7.79455201838e-05	0.00134968821792	0.00704791598293	0.00319576632754	0.0142435182146	0.000201017394158	0.00106662290778	6.56383327863e-05	0.00128404988513	4.10239579915e-06	0.0331842796193	0.000484082704299	7.38431243846e-05	4.10239579915e-05	0	8.20479159829e-06	0.000426649163111	0.000188710206761	9.02527075812e-05	0.000164095831966	0.000463570725304	4.10239579915e-06	2.46143747949e-05	2.46143747949e-05	0.000779455201838	0.0113431243846	0.00116508040696	0	0.00163685592386	0.00123892353134	0.00341319330489	0	4.10239579915e-06	0	0	0	0	0	0	0	3.28191663932e-05	0	0	0	0	0	0	0	0	0	0	0	0	4.10239579915e-06	0	3.69215621923e-05	0	0	0	1.23071873974e-05	0	4.10239579915e-06	0	0	0	4.10239579915e-06	0.000758943222842	9.43551033804e-05	0.00139891696751	0.000356908434526	0.000512799474893	0.000644076140466	0	0	0	4.10239579915e-06	0	0	0	0
0.00014358385297	4.10239579915e-06	0	0	1.23071873974e-05	0.000857400722022	0.00219888414834	0.000131276665573	0.000504594683295	0.000393829996718	4.10239579915e-05	0	0.0014440433213	0	0.000484082704299	0.00724893337709	0	0	0	0	4.51263537906e-05	0	2.8716770594e-05	4.10239579915e-06	3.28191663932e-05	4.10239579915e-06	0	4.10239579915e-06	5.33311453889e-05	0.000246143747949	3.28191663932e-05	0	2.46143747949e-05	6.15359369872e-05	0.000118969478175	0	0	0	0	0	0	0	4.10239579915e-06	0	2.8716770594e-05	0	0	4.10239579915e-06	0	0	0	0	0	0	0	0	0	4.10239579915e-06	0	1.23071873974e-05	0	0	0	8.20479159829e-06	0	0	0	0	0	4.10239579915e-06	0.00028716770594	1.23071873974e-05	9.84574991795e-05	4.10239579915e-05	0.00363882507384	2.8716770594e-05	0	1.23071873974e-05	4.10239579915e-06	0	0	0	0	0
3.69215621923e-05	0.000278962914342	0.000906629471611	0	0	4.10239579915e-06	8.20479159829e-06	0.000389727600919	2.46143747949e-05	0.0004799803085	8.20479159829e-06	8.20479159829e-06	4.10239579915e-06	0	7.38431243846e-05	0	0.0179233672465	0.000229734164752	4.10239579915e-06	3.69215621923e-05	4.10239579915e-06	0.00226862487693	0.0072202166065	0.00747456514605	0.00303167049557	0	0.000123071873974	0.00563258943223	0.0029085986216	0.00033639645553	0.00107893009518	0	0	0.000164095831966	0.00118969478175	4.10239579915e-06	3.69215621923e-05	1.64095831966e-05	0	0	0	0	3.28191663932e-05	4.10239579915e-06	0.000151788644568	4.10239579915e-06	0	4.10239579915e-06	0	4.10239579915e-06	0	2.46143747949e-05	4.10239579915e-06	0	0	0	2.05119789957e-05	0.000295372497539	5.33311453889e-05	7.79455201838e-05	0	8.20479159829e-06	6.15359369872e-05	5.74335411881e-05	0	2.05119789957e-05	0	0	0	2.46143747949e-05	0.00114046603216	0.000680997702658	0.000849195930423	0.000365113226124	7.79455201838e-05	2.46143747949e-05	8.20479159829e-06	5.33311453889e-05	0	2.46143747949e-05	0	8.20479159829e-06	0	0
2.8716770594e-05	0.00109533967837	0.00532490974729	0	0	0	4.10239579915e-06	0.000102559894979	1.23071873974e-05	2.46143747949e-05	0	0.000598949786675	8.20479159829e-06	4.10239579915e-05	4.10239579915e-05	0	0.000229734164752	0.0254553659337	9.02527075812e-05	0.00573925172301	4.10239579915e-06	0.00219067935674	0.000471775516902	0.00823761076469	6.15359369872e-05	6.15359369872e-05	0.00632589432228	0.00291270101739	0.000225631768953	0.00019281260256	0.000861503117821	1.23071873974e-05	8.20479159829e-06	7.79455201838e-05	0.00836478503446	0	0.000471775516902	4.92287495898e-05	0	0	0	0	8.20479159829e-06	0	1.64095831966e-05	0	1.23071873974e-05	0	8.20479159829e-06	0	0	1.23071873974e-05	2.46143747949e-05	0	1.64095831966e-05	0	1.64095831966e-05	9.43551033804e-05	2.8716770594e-05	4.10239579915e-06	3.69215621923e-05	0.000164095831966	0.000213324581556	1.64095831966e-05	0	8.20479159829e-06	0	0	0	2.05119789957e-05	0.00160813915327	0.00215786019035	0.00313833278635	0.000857400722022	6.56383327863e-05	7.38431243846e-05	1.64095831966e-05	3.28191663932e-05	7.79455201838e-05	3.69215621923e-05	1.64095831966e-05	0	0	0
0	6.15359369872e-05	4.10239579915e-06	0	0	0	0	0	0	0	0	0.00134558582212	0	7.79455201838e-05	0	0	4.10239579915e-06	9.02527075812e-05	0.00304397768297	0.00166557269445	0	0	4.10239579915e-06	4.10239579915e-06	0	8.20479159829e-05	0.00153019363308	0.000135379061372	4.10239579915e-06	0	0	1.23071873974e-05	0	0	0.000155891040368	0	2.8716770594e-05	0	0	0	0	0	0	0	0	0	8.20479159829e-06	0	4.10239579915e-06	0	0	0	0	4.10239579915e-06	4.10239579915e-06	0	0	0	0	0	1.64095831966e-05	1.64095831966e-05	1.64095831966e-05	0	0	0	0	0	0	0	8.20479159829e-06	3.69215621923e-05	9.43551033804e-05	0	0	4.10239579915e-06	0	0	4.10239579915e-06	0	0	0	0	0
0	0.000996882179193	0.000660485723663	0	0	0	0	1.64095831966e-05	8.20479159829e-06	8.20479159829e-06	0	0.00324909747292	0	0.000221529373154	8.20479159829e-06	0	3.69215621923e-05	0.00573925172301	0.00166557269445	0.0188833278635	0	9.84574991795e-05	9.02527075812e-05	0.000365113226124	8.20479159829e-06	0.00024204135215	0.0106334099114	0.00209222185756	1.64095831966e-05	1.64095831966e-05	4.10239579915e-05	2.8716770594e-05	0	0	0.00505415162455	4.10239579915e-06	0.000500492287496	2.05119789957e-05	0	0	0	0	4.10239579915e-06	0	0	0	4.10239579915e-05	0	8.20479159829e-05	0	4.10239579915e-06	8.20479159829e-06	8.20479159829e-06	4.10239579915e-06	2.05119789957e-05	0	0	2.8716770594e-05	4.10239579915e-06	0	0.00019281260256	0.000176403019363	0.000315884476534	4.10239579915e-06	4.10239579915e-06	4.10239579915e-06	0	0	0	2.05119789957e-05	0.000557925828684	0.00157531998687	0.00208811946177	0.000397932392517	1.64095831966e-05	8.20479159829e-06	1.23071873974e-05	2.05119789957e-05	6.56383327863e-05	2.46143747949e-05	0	0	0	0
0.000246143747949	0	0	0	0.00485723662619	0	0.00291270101739	0.0033762717427	0.000447161142107	9.84574991795e-05	0.00627666557269	0	0.00949704627502	0	0.000426649163111	4.51263537906e-05	4.10239579915e-06	4.10239579915e-06	0	0	0.0196094519199	8.20479159829e-06	8.20479159829e-06	4.10239579915e-06	0.00177633738103	0	4.10239579915e-06	0	0.00217426977355	0.000205119789957	0.000114867082376	0	0	9.02527075812e-05	0.000114867082376	0	0	0	0	0.000525106662291	0	8.20479159829e-05	2.05119789957e-05	8.20479159829e-06	3.28191663932e-05	0.000381522809321	0	0.00110764686577	0	8.20479159829e-06	0	0	0	0	0	0.00102149655399	0	0	0	4.10239579915e-05	0	0	0	4.10239579915e-05	4.10239579915e-06	0	0	0	4.10239579915e-06	0	2.8716770594e-05	4.10239579915e-06	3.69215621923e-05	8.20479159829e-06	6.56383327863e-05	0	0	4.10239579915e-06	0	0	0	4.10239579915e-06	0	0
0.000168198227765	0.000123071873974	0.00254758779127	0	0	4.10239579915e-06	4.92287495898e-05	0.0014645553003	6.15359369872e-05	0.000414341975714	2.46143747949e-05	1.23071873974e-05	3.69215621923e-05	4.10239579915e-06	0.000188710206761	0	0.00226862487693	0.00219067935674	0	9.84574991795e-05	8.20479159829e-06	0.0373728257302	0.00179684936003	0.0185674433869	0.00107482769938	0	0.000299474893338	0.000910731867411	0.00500492287496	0.00203889071218	0.0127379389564	0	0	0.000582540203479	0.00439776829669	4.10239579915e-06	4.92287495898e-05	8.20479159829e-06	0	0	0	0	2.8716770594e-05	0	0.000147686248769	0	0	0	0	0	0	1.23071873974e-05	4.10239579915e-06	0	0	4.10239579915e-06	2.46143747949e-05	0.000110764686577	3.28191663932e-05	6.56383327863e-05	0	8.20479159829e-06	4.51263537906e-05	4.10239579915e-05	0	2.8716770594e-05	0	0	0	1.23071873974e-05	0.001940433213	0.000877912701017	0.00188299967181	0.000648178536265	0.000106662290778	6.97407285855e-05	4.10239579915e-06	5.74335411881e-05	4.10239579915e-06	4.10239579915e-06	0	4.10239579915e-06	0	0
9.02527075812e-05	0.00214965539875	0.00201017394158	0	0	0	4.10239579915e-05	0.000791762389235	4.51263537906e-05	0.00282655070561	8.20479159829e-06	2.05119789957e-05	1.64095831966e-05	4.10239579915e-06	9.02527075812e-05	2.8716770594e-05	0.0072202166065	0.000471775516902	4.10239579915e-06	9.02527075812e-05	8.20479159829e-06	0.00179684936003	0.0242861831309	0.00535772891369	0.00292500820479	4.10239579915e-06	0.000361010830325	0.0052756809977	0.00252297341648	0.000553823432885	0.00150557925829	0	0	0.000258450935346	0.00177223498523	1.64095831966e-05	0.000237938956351	0.000114867082376	0	8.20479159829e-06	0	0	0.000159993436167	0	0.000804069576633	0	0	8.20479159829e-06	0	0	0	0.000196914998359	4.51263537906e-05	0	8.20479159829e-06	8.20479159829e-06	0.000159993436167	0.0024122087299	0.000516901870692	0.000373318017722	0	4.92287495898e-05	0.000459468329504	0.00028716770594	0	0.000151788644568	0	0	4.10239579915e-06	0.000110764686577	0.00205119789957	0.0014194289465	0.00138250738431	0.000521004266492	0.000172300623564	6.15359369872e-05	4.10239579915e-06	0.000291270101739	0.00014358385297	0.000123071873974	5.33311453889e-05	2.8716770594e-05	8.20479159829e-06	0
0.000118969478175	0.00072202166065	0.0125861503118	0	8.20479159829e-06	8.20479159829e-06	3.28191663932e-05	0.00115687561536	6.97407285855e-05	0.000500492287496	2.8716770594e-05	6.15359369872e-05	1.64095831966e-05	8.20479159829e-06	0.000164095831966	4.10239579915e-06	0.00747456514605	0.00823761076469	4.10239579915e-06	0.000365113226124	4.10239579915e-06	0.0185674433869	0.00535772891369	0.0569904824417	0.0014399409255	4.10239579915e-06	0.00139071217591	0.00809402691172	0.00417213652773	0.00136199540532	0.00589104036757	0	0	0.000377420413521	0.00750738431244	0	0.000180505415162	3.69215621923e-05	0	0	0	0	3.69215621923e-05	0	0.000176403019363	0	0	0	4.10239579915e-06	0	0	5.33311453889e-05	1.64095831966e-05	0	4.10239579915e-06	0	3.69215621923e-05	0.000562028224483	0.000164095831966	9.02527075812e-05	4.10239579915e-06	2.8716770594e-05	0.00019281260256	5.33311453889e-05	0	2.8716770594e-05	0	0	0	4.10239579915e-05	0.00458647850345	0.00315884476534	0.00484082704299	0.00170659665245	0.000229734164752	0.000180505415162	3.28191663932e-05	0.000118969478175	5.74335411881e-05	3.69215621923e-05	1.64095831966e-05	1.23071873974e-05	0	0
0.000344601247128	3.69215621923e-05	0.000139481457171	0	0.0019281260256	4.10239579915e-06	0.000557925828684	0.00445109944207	0.000254348539547	0.0052879881851	0.000898424680013	0	0.00200607154578	0	0.000463570725304	3.28191663932e-05	0.00303167049557	6.15359369872e-05	0	8.20479159829e-06	0.00177633738103	0.00107482769938	0.00292500820479	0.0014399409255	0.0283680669511	0	1.64095831966e-05	0.000274860518543	0.0101862487693	0.000898424680013	0.00186659008861	0	0	0.000324089268133	0.000836888743026	3.28191663932e-05	4.10239579915e-06	8.20479159829e-06	0	2.8716770594e-05	0	8.20479159829e-06	0.00014358385297	4.10239579915e-06	0.000627666557269	1.64095831966e-05	0	2.05119789957e-05	0	4.10239579915e-06	4.10239579915e-06	8.20479159829e-06	4.10239579915e-06	0	0	2.8716770594e-05	2.46143747949e-05	0.000114867082376	2.05119789957e-05	0.00105021332458	0	0	8.20479159829e-06	0.000295372497539	0	3.69215621923e-05	0	0	0	2.05119789957e-05	0.000619461765671	0.000188710206761	0.000315884476534	9.02527075812e-05	0.000315884476534	2.46143747949e-05	0	6.56383327863e-05	1.64095831966e-05	2.05119789957e-05	1.64095831966e-05	1.23071873974e-05	0	0
0	0.000951755825402	4.10239579915e-05	0	0	4.10239579915e-06	8.20479159829e-06	0	4.10239579915e-06	0	0	0.00202658352478	0	0.00283885789301	4.10239579915e-06	4.10239579915e-06	0	6.15359369872e-05	8.20479159829e-05	0.00024204135215	0	0	4.10239579915e-06	4.10239579915e-06	0	0.0081555628487	0.00204709550377	0.00146865769609	0	8.20479159829e-06	4.10239579915e-06	4.51263537906e-05	4.10239579915e-06	0	0.00024204135215	0	0.000397932392517	4.10239579915e-06	0	0	0	0	4.10239579915e-06	0	0	0	0.000266655726945	0	0.000484082704299	0	0	4.10239579915e-06	1.23071873974e-05	4.10239579915e-05	7.38431243846e-05	0	4.10239579915e-06	4.10239579915e-06	1.23071873974e-05	0	0.00112405644897	0.000270758122744	0.00038562520512	0	0	4.10239579915e-06	8.20479159829e-06	0	0	3.69215621923e-05	5.33311453889e-05	0.000365113226124	0.000184607810962	6.15359369872e-05	0	1.23071873974e-05	0.000139481457171	2.46143747949e-05	0.000373318017722	0.000127174269774	1.64095831966e-05	0	0	6.97407285855e-05
8.20479159829e-06	0.00438135871349	0.0057843780768	0	0	4.10239579915e-06	0	3.28191663932e-05	0	2.05119789957e-05	0	0.010621102724	4.10239579915e-06	0.00361421069905	2.46143747949e-05	0	0.000123071873974	0.00632589432228	0.00153019363308	0.0106334099114	4.10239579915e-06	0.000299474893338	0.000361010830325	0.00139071217591	1.64095831966e-05	0.00204709550377	0.0597267804398	0.019178700361	3.69215621923e-05	4.92287495898e-05	0.000184607810962	0.00105021332458	0	2.05119789957e-05	0.00524286183131	4.10239579915e-06	0.00199786675418	0.000127174269774	0	0	0	0	4.10239579915e-06	0	0	0	0.000213324581556	0	0.000319986872333	0	4.10239579915e-06	2.05119789957e-05	9.84574991795e-05	3.28191663932e-05	0.000147686248769	0	1.23071873974e-05	0.000123071873974	4.10239579915e-05	4.10239579915e-06	0.00106662290778	0.000857400722022	0.00125123071874	8.20479159829e-06	4.10239579915e-06	8.20479159829e-06	1.23071873974e-05	0	0	5.74335411881e-05	0.00105431572038	0.00277321956022	0.00324909747292	0.000582540203479	8.20479159829e-06	3.28191663932e-05	1.64095831966e-05	6.15359369872e-05	0.000373318017722	0.000135379061372	3.28191663932e-05	4.10239579915e-06	0	1.64095831966e-05
2.46143747949e-05	0.00795044305875	0.0108426320971	0	0	4.10239579915e-06	1.23071873974e-05	0.000123071873974	1.64095831966e-05	0.000118969478175	0	0.00157531998687	0	0.00173121102724	2.46143747949e-05	4.10239579915e-06	0.00563258943223	0.00291270101739	0.000135379061372	0.00209222185756	0	0.000910731867411	0.0052756809977	0.00809402691172	0.000274860518543	0.00146865769609	0.019178700361	0.0611421069905	0.000557925828684	0.000172300623564	0.00052920905809	0.000180505415162	8.20479159829e-06	6.56383327863e-05	0.00324909747292	4.10239579915e-06	0.00178043977683	0.000246143747949	0	0	0	0	1.23071873974e-05	0	3.28191663932e-05	0	9.43551033804e-05	0	8.20479159829e-05	0	0	5.74335411881e-05	0.000110764686577	2.46143747949e-05	7.79455201838e-05	0	5.74335411881e-05	0.000730226452248	0.000258450935346	1.64095831966e-05	0.000311782080735	0.000598949786675	0.00116508040696	1.23071873974e-05	0	2.05119789957e-05	0	0	0	4.92287495898e-05	0.00197325237939	0.00303987528717	0.00244092550049	0.000832786347227	6.56383327863e-05	9.02527075812e-05	2.8716770594e-05	6.56383327863e-05	0.00028716770594	9.84574991795e-05	4.51263537906e-05	4.10239579915e-06	0	0
0.000611256974073	2.8716770594e-05	0.00062356416147	0	0.00327371184772	0	0.000980472595996	0.0161921562192	0.000455365933705	0.00221119133574	0.0062397440105	4.10239579915e-06	0.000935346242205	1.23071873974e-05	0.000779455201838	5.33311453889e-05	0.0029085986216	0.000225631768953	4.10239579915e-06	1.64095831966e-05	0.00217426977355	0.00500492287496	0.00252297341648	0.00417213652773	0.0101862487693	0	3.69215621923e-05	0.000557925828684	0.0460904168034	0.00173531342304	0.0067279291106	0	0	0.000705612077453	0.00202658352478	1.64095831966e-05	4.10239579915e-06	8.20479159829e-06	0	0.00197735477519	0	2.05119789957e-05	0.000151788644568	4.10239579915e-06	0.000488185100098	0.000213324581556	0	0.000205119789957	0	8.20479159829e-06	0	8.20479159829e-06	4.10239579915e-06	0	0	0.00126353790614	2.46143747949e-05	0.000147686248769	2.46143747949e-05	0.000467673121103	0	4.10239579915e-06	4.10239579915e-06	0.000356908434526	8.20479159829e-06	4.10239579915e-05	0	0	0	2.46143747949e-05	0.0014481457171	0.000488185100098	0.000972267804398	0.000315884476534	0.000307679684936	4.10239579915e-05	4.10239579915e-06	6.15359369872e-05	1.23071873974e-05	2.05119789957e-05	4.10239579915e-06	8.20479159829e-06	0	0
0.00279373153922	1.64095831966e-05	0.000307679684936	0	6.56383327863e-05	0.000685100098457	0.00301526091237	0.00407367902855	0.00423777486052	0.000697407285855	0.000369215621923	5.74335411881e-05	0.000533311453889	0	0.0113431243846	0.000246143747949	0.00033639645553	0.00019281260256	0	1.64095831966e-05	0.000205119789957	0.00203889071218	0.000553823432885	0.00136199540532	0.000898424680013	8.20479159829e-06	4.92287495898e-05	0.000172300623564	0.00173531342304	0.0382835575976	0.0103872661634	0	0.000639973744667	0.00799556941254	0.00821709878569	8.20479159829e-06	0	8.20479159829e-06	0	1.23071873974e-05	0	0	4.10239579915e-05	0	0.000213324581556	0	0	4.10239579915e-06	0	4.10239579915e-06	0	0	0	0	0	8.20479159829e-06	2.46143747949e-05	4.51263537906e-05	1.23071873974e-05	0.000114867082376	4.10239579915e-06	0	4.10239579915e-06	5.33311453889e-05	0	2.8716770594e-05	0	0	0	8.20479159829e-06	0.00275270758123	0.000381522809321	0.00329012143092	0.000947653429603	0.000738431243846	0.00067279291106	8.20479159829e-06	2.05119789957e-05	4.10239579915e-06	8.20479159829e-06	0	0	0	0
0.00126353790614	7.38431243846e-05	0.00138660978011	0	2.46143747949e-05	2.46143747949e-05	0.000291270101739	0.00906629471611	0.00038562520512	0.00110354446997	0.000147686248769	1.23071873974e-05	0.000159993436167	0	0.00116508040696	3.28191663932e-05	0.00107893009518	0.000861503117821	0	4.10239579915e-05	0.000114867082376	0.0127379389564	0.00150557925829	0.00589104036757	0.00186659008861	4.10239579915e-06	0.000184607810962	0.00052920905809	0.0067279291106	0.0103872661634	0.0396742697735	0	8.20479159829e-06	0.00301936330817	0.00654742369544	1.23071873974e-05	2.8716770594e-05	8.20479159829e-06	0	1.64095831966e-05	0	0	5.33311453889e-05	0	0.000377420413521	0	0	0	0	8.20479159829e-06	0	1.23071873974e-05	0	0	0	8.20479159829e-06	2.05119789957e-05	0.000114867082376	3.69215621923e-05	0.000184607810962	0	4.10239579915e-06	2.05119789957e-05	8.20479159829e-05	4.10239579915e-06	4.92287495898e-05	0	0	0	2.46143747949e-05	0.00301115851657	0.000832786347227	0.00226042008533	0.000791762389235	0.000307679684936	0.000114867082376	0	6.56383327863e-05	1.64095831966e-05	1.64095831966e-05	4.10239579915e-06	8.20479159829e-06	4.10239579915e-06	0
0	4.10239579915e-06	4.10239579915e-06	0	0	0	0	0	0	0	0	0.000984574991795	0	0.00076714801444	0	0	0	1.23071873974e-05	1.23071873974e-05	2.8716770594e-05	0	0	0	0	0	4.51263537906e-05	0.00105021332458	0.000180505415162	0	0	0	0.00160813915327	0	0	3.28191663932e-05	0	0	0	0	0	0	0	0	0	0	0	8.20479159829e-06	0	4.10239579915e-06	0	0	0	0	0	0	0	0	0	0	0	8.20479159829e-06	0	0	0	0	0	0	0	0	0	0	1.23071873974e-05	2.46143747949e-05	0	0	0	0	0	4.10239579915e-06	0	0	0	0	0
2.46143747949e-05	0	0	0	0	0.00232195602232	0.00150968165409	8.20479159829e-06	0.00180505415162	0	4.10239579915e-06	4.10239579915e-05	0	8.20479159829e-06	0.00163685592386	2.46143747949e-05	0	8.20479159829e-06	0	0	0	0	0	0	0	4.10239579915e-06	0	8.20479159829e-06	0	0.000639973744667	8.20479159829e-06	0	0.00397522152937	0	0.000508697079094	0	0	0	0	0	0	0	0	0	0	0	0	0	0	0	0	0	0	0	0	0	0	0	0	0	0	0	0	0	0	0	0	0	0	0	3.28191663932e-05	4.10239579915e-06	0.000168198227765	3.69215621923e-05	5.33311453889e-05	0.000402034788316	0	0	0	0	0	0	0	0
0.000541516245487	8.20479159829e-06	0.000106662290778	0	1.64095831966e-05	1.23071873974e-05	0.000328191663932	0.00134968821792	0.000369215621923	0.000295372497539	7.38431243846e-05	4.10239579915e-06	0.000139481457171	0	0.00123892353134	6.15359369872e-05	0.000164095831966	7.79455201838e-05	0	0	9.02527075812e-05	0.000582540203479	0.000258450935346	0.000377420413521	0.000324089268133	0	2.05119789957e-05	6.56383327863e-05	0.000705612077453	0.00799556941254	0.00301936330817	0	0	0.00979652116836	0.00452084017066	4.10239579915e-06	0	0	0	0	0	0	1.23071873974e-05	0	6.97407285855e-05	0	0	4.10239579915e-06	0	0	0	0	4.10239579915e-06	0	0	4.10239579915e-06	0	8.20479159829e-06	4.10239579915e-06	4.10239579915e-05	0	0	0	1.23071873974e-05	0	4.10239579915e-06	0	0	0	4.10239579915e-06	0.00166967509025	0.000217426977355	0.00160813915327	0.000508697079094	0.000278962914342	9.43551033804e-05	8.20479159829e-06	2.05119789957e-05	0	4.10239579915e-06	0	0	0	0
0.000849195930423	0.00107482769938	0.00413931736134	0	1.23071873974e-05	0.000717919264851	0.00160813915327	0.00200607154578	0.00174351821464	0.000570233016081	0.000184607810962	0.0043034131933	0.000258450935346	0.000422546767312	0.00341319330489	0.000118969478175	0.00118969478175	0.00836478503446	0.000155891040368	0.00505415162455	0.000114867082376	0.00439776829669	0.00177223498523	0.00750738431244	0.000836888743026	0.00024204135215	0.00524286183131	0.00324909747292	0.00202658352478	0.00821709878569	0.00654742369544	3.28191663932e-05	0.000508697079094	0.00452084017066	0.0473662618969	8.20479159829e-06	0.00043075155891	2.8716770594e-05	0	4.10239579915e-06	0	0	5.33311453889e-05	0	0.000188710206761	0	4.92287495898e-05	8.20479159829e-06	5.74335411881e-05	4.10239579915e-06	4.10239579915e-06	3.28191663932e-05	2.46143747949e-05	4.10239579915e-06	2.05119789957e-05	4.10239579915e-06	1.64095831966e-05	0.000168198227765	5.33311453889e-05	0.000123071873974	0.000147686248769	0.000155891040368	0.000229734164752	5.74335411881e-05	0	4.10239579915e-05	4.10239579915e-06	0	0	5.33311453889e-05	0.00935346242205	0.00483262225139	0.0186043649491	0.00462750246144	0.00112405644897	0.0014235313423	5.33311453889e-05	0.000159993436167	0.000135379061372	9.02527075812e-05	5.33311453889e-05	8.20479159829e-06	4.10239579915e-06	1.23071873974e-05
0	4.10239579915e-06	0	0	1.23071873974e-05	0	0	1.23071873974e-05	0	4.10239579915e-05	4.10239579915e-06	0	0	0	0	0	4.10239579915e-06	0	0	4.10239579915e-06	0	4.10239579915e-06	1.64095831966e-05	0	3.28191663932e-05	0	4.10239579915e-06	4.10239579915e-06	1.64095831966e-05	8.20479159829e-06	1.23071873974e-05	0	0	4.10239579915e-06	8.20479159829e-06	0.018218739744	1.23071873974e-05	3.28191663932e-05	0	0.000237938956351	1.64095831966e-05	0.00141532655071	0.00968985887758	0.00270758122744	0.000328191663932	0.000717919264851	0	0.000849195930423	0	0.00523875943551	0.000270758122744	8.61503117821e-05	5.33311453889e-05	0	4.10239579915e-06	0.000570233016081	0.00033639645553	0.000184607810962	0.000496389891697	0.00149327207089	0	2.46143747949e-05	5.33311453889e-05	0.00181736133902	0.00450853298326	0.00153019363308	0	1.23071873974e-05	0.000348703642927	0.00182556613062	1.23071873974e-05	4.10239579915e-06	0	0	0	0	0	0.00108303249097	0.00014358385297	0.000750738431244	0.000307679684936	0.00107072530358	8.20479159829e-05	1.23071873974e-05
4.10239579915e-06	0.00388496882179	0.000488185100098	0	0	0	0	4.10239579915e-06	0	4.10239579915e-06	0	0.000266655726945	0	9.02527075812e-05	4.10239579915e-06	0	3.69215621923e-05	0.000471775516902	2.8716770594e-05	0.000500492287496	0	4.92287495898e-05	0.000237938956351	0.000180505415162	4.10239579915e-06	0.000397932392517	0.00199786675418	0.00178043977683	4.10239579915e-06	0	2.8716770594e-05	0	0	0	0.00043075155891	1.23071873974e-05	0.0199212340007	0.00121841155235	0	0	0	1.23071873974e-05	1.64095831966e-05	1.64095831966e-05	3.28191663932e-05	4.10239579915e-06	0.000381522809321	8.20479159829e-06	0.000484082704299	1.23071873974e-05	0	0.000131276665573	0.000894322284214	0.000118969478175	0.000808171972432	0	0.000135379061372	0.00215375779455	0.000742533639646	5.33311453889e-05	0.0033475549721	0.00475877912701	0.0110928782409	4.10239579915e-05	4.10239579915e-06	4.51263537906e-05	8.20479159829e-06	0	0	0.000447161142107	9.43551033804e-05	0.000496389891697	0.000237938956351	7.38431243846e-05	4.10239579915e-06	4.10239579915e-06	4.10239579915e-06	0.000389727600919	0.00134148342632	0.000853298326223	0.000348703642927	2.46143747949e-05	1.64095831966e-05	1.64095831966e-05
0	0.000361010830325	0.000106662290778	0	0	0	0	4.10239579915e-06	0	4.10239579915e-06	0	1.23071873974e-05	0	0	0	0	1.64095831966e-05	4.92287495898e-05	0	2.05119789957e-05	0	8.20479159829e-06	0.000114867082376	3.69215621923e-05	8.20479159829e-06	4.10239579915e-06	0.000127174269774	0.000246143747949	8.20479159829e-06	8.20479159829e-06	8.20479159829e-06	0	0	0	2.8716770594e-05	3.28191663932e-05	0.00121841155235	0.0192976698392	0	4.10239579915e-06	0	8.20479159829e-06	6.97407285855e-05	0	5.33311453889e-05	0	2.46143747949e-05	4.10239579915e-06	2.05119789957e-05	0	0	0.000278962914342	0.0048080078766	4.10239579915e-06	0.000393829996718	0	0.000836888743026	0.000976370200197	0.0071997046275	0.000110764686577	8.20479159829e-05	0.00680587463078	0.00651050213325	0.000188710206761	3.28191663932e-05	0.000406137184116	0	0	4.10239579915e-06	0.000992779783394	2.05119789957e-05	0.000106662290778	2.46143747949e-05	4.10239579915e-06	0	4.10239579915e-06	0	0.000890219888415	0.00152198884148	0.00169428946505	0.000791762389235	9.02527075812e-05	3.69215621923e-05	8.20479159829e-06
0	0	0	0	0	0	0	0	0	0	0	0	0	0	0	0	0	0	0	0	0	0	0	0	0	0	0	0	0	0	0	0	0	0	0	0	0	0	0	0	0	0	0	0	0	0	0	0	0	0	0	0	0	0	0	0	0	0	0	0	0	0	0	0	0	0	0	0	0	0	0	0	0	0	0	0	0	0	0	0	0	0	0	0
4.10239579915e-06	0	0	0	0.00379061371841	0	0	2.05119789957e-05	0	5.33311453889e-05	0.000832786347227	0	5.33311453889e-05	0	0	0	0	0	0	0	0.000525106662291	0	8.20479159829e-06	0	2.8716770594e-05	0	0	0	0.00197735477519	1.23071873974e-05	1.64095831966e-05	0	0	0	4.10239579915e-06	0.000237938956351	0	4.10239579915e-06	0	0.0186453889071	0	0.000607154578274	0.00176813258943	0.000184607810962	0.000484082704299	0.00353216278307	0	0.00273219560223	0	0.000176403019363	1.64095831966e-05	1.23071873974e-05	0	0	4.10239579915e-06	0.0121061700033	1.64095831966e-05	1.64095831966e-05	4.10239579915e-05	0.00582129963899	0	4.10239579915e-06	4.10239579915e-06	0.00462340006564	4.51263537906e-05	5.74335411881e-05	0	0	4.10239579915e-06	0.000110764686577	4.10239579915e-06	0	0	0	1.23071873974e-05	0	0	5.33311453889e-05	1.64095831966e-05	4.10239579915e-05	8.20479159829e-06	5.33311453889e-05	0	0
0	0	0	0	0	0	0	0	0	0	0	0	0	0	0	0	0	0	0	0	0	0	0	0	0	0	0	0	0	0	0	0	0	0	0	1.64095831966e-05	0	0	0	0	0.0028921890384	0.000857400722022	8.20479159829e-06	0.000635871348868	0	0	4.10239579915e-06	0	0	0.000307679684936	0.000447161142107	0	4.10239579915e-06	0	0	0	8.20479159829e-06	0	4.10239579915e-06	0	0	0	0	1.23071873974e-05	0.000443058746308	8.20479159829e-06	0	0.000824581555628	0	0.000217426977355	0	0	0	0	0	0	0	8.20479159829e-06	8.20479159829e-06	8.61503117821e-05	2.05119789957e-05	0.000635871348868	0.000541516245487	0
0	0	0	0	0.000114867082376	0	0	8.20479159829e-06	0	8.20479159829e-06	8.20479159829e-06	0	6.15359369872e-05	0	0	0	0	0	0	0	8.20479159829e-05	0	0	0	8.20479159829e-06	0	0	0	2.05119789957e-05	0	0	0	0	0	0	0.00141532655071	1.23071873974e-05	8.20479159829e-06	0	0.000607154578274	0.000857400722022	0.0321053495241	0.00312602559895	0.0110067279291	0.000127174269774	0.0095914013784	2.05119789957e-05	0.00808171972432	4.10239579915e-06	0.00498851329176	0.00306038726616	1.64095831966e-05	0	0	4.10239579915e-06	0.00398342632097	4.10239579915e-05	2.46143747949e-05	6.97407285855e-05	0.00110764686577	4.10239579915e-06	2.05119789957e-05	1.64095831966e-05	0.000910731867411	0.00208811946177	0.000159993436167	0	0.000258450935346	6.56383327863e-05	0.00133738103052	0	0	0	0	4.10239579915e-06	0	0	0.000361010830325	4.51263537906e-05	0.000656383327863	0.000110764686577	0.00223990810633	0.000311782080735	0
0	8.20479159829e-06	1.23071873974e-05	0	0.000139481457171	0	0	9.02527075812e-05	0	0.000295372497539	8.20479159829e-06	0	1.64095831966e-05	0	0	4.10239579915e-06	3.28191663932e-05	8.20479159829e-06	0	4.10239579915e-06	2.05119789957e-05	2.8716770594e-05	0.000159993436167	3.69215621923e-05	0.00014358385297	4.10239579915e-06	4.10239579915e-06	1.23071873974e-05	0.000151788644568	4.10239579915e-05	5.33311453889e-05	0	0	1.23071873974e-05	5.33311453889e-05	0.00968985887758	1.64095831966e-05	6.97407285855e-05	0	0.00176813258943	8.20479159829e-06	0.00312602559895	0.0462955365934	0.00423367246472	0.00169428946505	0.00498030850016	0	0.00258450935346	0	0.00564079422383	0.000324089268133	0.000348703642927	9.02527075812e-05	0	8.20479159829e-06	0.00358549392845	0.00128404988513	0.000693304890056	0.00165736790286	0.00868477190679	4.10239579915e-06	6.15359369872e-05	0.000164095831966	0.0169962257959	0.00148916967509	0.00763455858221	0	4.10239579915e-06	0.000229734164752	0.00183377092222	7.79455201838e-05	8.20479159829e-06	2.05119789957e-05	4.10239579915e-06	2.46143747949e-05	0	0	0.00160813915327	0.000315884476534	0.00100098457499	0.000475877912701	0.000812274368231	6.15359369872e-05	4.10239579915e-06
