0.0275076601288	4.12821312588e-05	0.000247692787553	0	0.000481624864686	7.33904555713e-05	0.00161459002257	0.0177513164413	0.0121369465901	0.000619231968882	0.00133937581418	0.000353191567437	0.00011467258683	1.37607104196e-05	0.0145450709135	0.000284388015339	0.000454103443847	0.000495385575106	3.21083243124e-05	0.000224758270187	0.000256866594499	0.00270627304919	0.00058712364457	0.00180265306497	0.00163293763646	9.17380694641e-06	0.000206410656294	0.000330257050071	0.00506394143442	0.00843990239069	0.00694457185843	0	4.5869034732e-06	0.000137607104196	0.00208245417683	3.21083243124e-05	3.66952277856e-05	5.96297451516e-05	0	1.83476138928e-05	0	0	0.000146780911143	1.83476138928e-05	0.000311909436178	2.75214208392e-05	0	1.37607104196e-05	4.5869034732e-06	9.63249729373e-05	0	0.000155954718089	1.83476138928e-05	0	4.5869034732e-06	1.37607104196e-05	0.000192649945875	0.000463277250794	0.000210997559767	0.000385299891749	4.5869034732e-06	3.21083243124e-05	0.000110085683357	0.000499972478579	0.000160541621562	0.000146780911143	0	0	8.71511659909e-05	0.000146780911143	0.00175678403024	0.000348604663963	0.00231638625397	0.000848577142543	0.000463277250794	6.8803552098e-05	1.83476138928e-05	9.63249729373e-05	1.83476138928e-05	0.000178889235455	0.000133020200723	4.12821312588e-05	2.75214208392e-05	0
4.12821312588e-05	0.0118112764435	0.000752252169605	0	0	0	1.37607104196e-05	9.63249729373e-05	2.75214208392e-05	0.000582536741097	4.5869034732e-06	0.000192649945875	9.17380694641e-06	5.04559382052e-05	3.21083243124e-05	2.2934517366e-05	0.00081646881823	0.00138524484891	5.50428416784e-05	0.000545841513311	0	0.00022934517366	0.00350439425353	0.00111461754399	0.000536667706365	0.000321083243124	0.0022934517366	0.00718309083904	0.000252279691026	1.37607104196e-05	0.000201823752821	2.2934517366e-05	0	0	0.000568776030677	4.5869034732e-06	0.00208704108031	0.000220171366714	0	0	0	0	1.37607104196e-05	4.5869034732e-06	2.2934517366e-05	4.5869034732e-06	5.50428416784e-05	4.5869034732e-06	6.42166486248e-05	4.5869034732e-06	0	4.12821312588e-05	9.17380694641e-05	9.17380694641e-06	0.00011467258683	4.5869034732e-06	1.37607104196e-05	7.33904555713e-05	0.00010091187641	2.2934517366e-05	0.000408234409115	0.000871511659909	0.00172008880245	9.17380694641e-06	0	9.17380694641e-06	0	0	4.5869034732e-06	5.04559382052e-05	0.000518320092472	0.000421995119535	0.00045869034732	0.00011467258683	2.2934517366e-05	9.17380694641e-06	0	3.21083243124e-05	6.42166486248e-05	6.42166486248e-05	4.5869034732e-06	0	0	9.17380694641e-06
0.000247692787553	0.000752252169605	0.0247050621067	0	0	0	3.21083243124e-05	0.000527493899418	0.000201823752821	3.66952277856e-05	2.75214208392e-05	0.000155954718089	0	4.5869034732e-06	0.000192649945875	9.17380694641e-06	0.000146780911143	0.00470616296351	5.96297451516e-05	0.000949489018953	0	0.000912793791167	0.000435755829954	0.00816927508578	3.66952277856e-05	2.2934517366e-05	0.00377960846192	0.0127745261729	0.000201823752821	3.21083243124e-05	0.000894446177275	0	0	4.5869034732e-06	0.000637579582775	1.83476138928e-05	0.00290809680201	0.00156872098784	0	0	0	0	2.75214208392e-05	4.5869034732e-06	9.17380694641e-06	4.5869034732e-06	3.66952277856e-05	0	2.2934517366e-05	4.12821312588e-05	0	0.000155954718089	0.00048621176816	2.2934517366e-05	0.000197236849348	0	5.50428416784e-05	0.000577949837624	0.000963249729373	4.5869034732e-05	5.50428416784e-05	0.00176137093371	0.00433462378218	8.71511659909e-05	3.66952277856e-05	4.12821312588e-05	0	9.17380694641e-06	4.5869034732e-06	0.000188063042401	0.000990771150212	0.00150450433921	0.00071555694182	0.000220171366714	4.12821312588e-05	4.5869034732e-06	4.5869034732e-06	0.000325670146597	0.000288974918812	0.000137607104196	6.42166486248e-05	0	0	9.17380694641e-06
0	0	0	0	0	0	0	0	0	0	0	0	0	0	0	0	0	0	0	0	0	0	0	0	0	0	0	0	0	0	0	0	0	0	0	0	0	0	0	0	0	0	0	0	0	0	0	0	0	0	0	0	0	0	0	0	0	0	0	0	0	0	0	0	0	0	0	0	0	0	0	0	0	0	0	0	0	0	0	0	0	0	0	0
0.000481624864686	0	0	0	0.018650349522	4.12821312588e-05	0.00129350677944	0.00497679026843	0.00145863530448	0.000477037961213	0.00601801735684	0.000151367814616	0.00207786727336	4.5869034732e-06	0.000940315212007	0.00010091187641	1.83476138928e-05	9.17380694641e-06	4.5869034732e-06	1.37607104196e-05	0.00506852833789	5.04559382052e-05	2.75214208392e-05	5.50428416784e-05	0.00428416784397	4.5869034732e-06	1.83476138928e-05	9.17380694641e-06	0.0116232134011	0.000463277250794	5.04559382052e-05	4.5869034732e-06	9.17380694641e-06	1.83476138928e-05	0.000605471258463	3.21083243124e-05	0	0	0	0.000532080802892	0	6.42166486248e-05	7.33904555713e-05	7.33904555713e-05	0.000655927196668	0.000201823752821	1.37607104196e-05	0.000160541621562	0	0.00010091187641	4.5869034732e-06	9.17380694641e-06	0	0	0	0.000339430857017	4.5869034732e-06	4.12821312588e-05	4.5869034732e-06	0.0012155294204	4.5869034732e-06	4.5869034732e-06	4.5869034732e-06	0.000467864154267	0.000105498779884	9.17380694641e-06	0	4.5869034732e-06	1.83476138928e-05	7.79773590445e-05	0.000408234409115	3.66952277856e-05	0.000756839073079	0.000133020200723	0.000311909436178	5.50428416784e-05	4.5869034732e-06	3.21083243124e-05	9.17380694641e-06	5.50428416784e-05	3.21083243124e-05	2.75214208392e-05	0	0
7.33904555713e-05	0	0	0	4.12821312588e-05	0.0053575032567	0.00341265618406	0.000197236849348	0.00116048657872	8.25642625177e-05	0.000155954718089	2.75214208392e-05	8.25642625177e-05	0	0.000440342733428	0.00126139845513	0	0	0	0	7.79773590445e-05	1.83476138928e-05	4.5869034732e-06	3.21083243124e-05	6.42166486248e-05	0	9.17380694641e-06	0	0.00011467258683	5.04559382052e-05	2.2934517366e-05	0	0.000720143845293	0	0.000178889235455	0	0	0	0	0	0	0	4.5869034732e-06	0	9.17380694641e-06	0	0	0	0	4.5869034732e-06	0	0	0	0	0	0	0	4.5869034732e-06	0	1.37607104196e-05	0	0	0	4.5869034732e-06	0	4.5869034732e-06	0	0	0	4.5869034732e-06	0.000293561822285	9.17380694641e-06	0.00048621176816	7.79773590445e-05	0.0011467258683	0.000880685466855	4.5869034732e-06	4.5869034732e-06	0	9.17380694641e-06	0	0	4.5869034732e-06	0
0.00161459002257	1.37607104196e-05	3.21083243124e-05	0	0.00129350677944	0.00341265618406	0.0406583123865	0.00985266866044	0.0196273599618	0.000426582023008	0.0114168027448	0.000463277250794	0.00616479826799	3.21083243124e-05	0.00614186375062	0.00244023264774	8.71511659909e-05	3.21083243124e-05	4.5869034732e-06	2.2934517366e-05	0.00433921068565	0.000399060602169	6.8803552098e-05	0.000256866594499	0.00139441865585	4.5869034732e-06	6.42166486248e-05	5.50428416784e-05	0.00434379758912	0.00105957470231	0.000444929636901	1.83476138928e-05	0.000807295011284	2.75214208392e-05	0.00127974606902	4.5869034732e-06	0	1.37607104196e-05	0	2.2934517366e-05	0	4.5869034732e-06	9.17380694641e-05	3.21083243124e-05	0.000197236849348	3.21083243124e-05	9.17380694641e-06	2.2934517366e-05	4.5869034732e-06	6.42166486248e-05	0	1.37607104196e-05	4.5869034732e-06	0	0	3.21083243124e-05	1.83476138928e-05	6.42166486248e-05	2.2934517366e-05	0.000293561822285	0	0	9.17380694641e-06	0.000188063042401	0.00011467258683	5.04559382052e-05	0	9.17380694641e-06	6.42166486248e-05	9.17380694641e-05	0.00143570078711	0.000174302331982	0.00199988991432	0.000247692787553	0.00401812744253	0.000899033080748	1.37607104196e-05	2.2934517366e-05	1.37607104196e-05	7.79773590445e-05	3.21083243124e-05	9.17380694641e-06	1.37607104196e-05	0
0.0177513164413	9.63249729373e-05	0.000527493899418	0	0.00497679026843	0.000197236849348	0.00985266866044	0.075064675339	0.0207419775058	0.00209621488725	0.0172513439627	0.000908206887694	0.000958662825899	4.5869034732e-05	0.0159486633763	0.000949489018953	0.000577949837624	0.00100453186063	7.79773590445e-05	0.000495385575106	0.00162835073299	0.00615103755757	0.000756839073079	0.00375667394455	0.00930224024366	1.83476138928e-05	0.000490798671633	0.000733904555713	0.0310946186448	0.00557767462342	0.0138203401648	9.17380694641e-06	2.2934517366e-05	0.000210997559767	0.00497679026843	0.000119259490303	6.42166486248e-05	0.000105498779884	0	0.000440342733428	0	0.000155954718089	0.000568776030677	0.00024310588408	0.00182100067886	0.000527493899418	6.8803552098e-05	0.000316496339651	9.17380694641e-06	0.000454103443847	4.5869034732e-06	0.00022934517366	2.75214208392e-05	4.5869034732e-06	9.17380694641e-06	0.000564189127204	0.000288974918812	0.0007017962314	0.000412821312588	0.00353650257784	1.83476138928e-05	5.96297451516e-05	0.000206410656294	0.00214667082546	0.000724730748766	0.000311909436178	0	2.2934517366e-05	0.000302735629231	0.000674274810561	0.00472909748087	0.000720143845293	0.00646753389722	0.00200447681779	0.00188063042401	0.000293561822285	4.5869034732e-05	0.000270627304919	8.25642625177e-05	0.000582536741097	0.000311909436178	0.00011467258683	5.50428416784e-05	1.37607104196e-05
0.0121369465901	2.75214208392e-05	0.000201823752821	0	0.00145863530448	0.00116048657872	0.0196273599618	0.0207419775058	0.0517219235638	0.000660514100141	0.0091233510082	0.000793534300864	0.00206869346641	3.21083243124e-05	0.0227923233583	0.000614645065409	0.000238518980607	0.000288974918812	2.75214208392e-05	0.000142194007669	0.00385299891749	0.00227051721924	0.000330257050071	0.00141276626975	0.00216043153588	9.17380694641e-06	0.000224758270187	0.000266040401446	0.00765554189678	0.00262370878667	0.0037658477515	9.17380694641e-06	0.000720143845293	5.50428416784e-05	0.00269709924224	4.12821312588e-05	2.75214208392e-05	4.12821312588e-05	0	5.04559382052e-05	0	4.5869034732e-06	0.000188063042401	5.04559382052e-05	0.000435755829954	8.25642625177e-05	1.83476138928e-05	3.66952277856e-05	1.37607104196e-05	0.000123846393776	0	0.000105498779884	1.37607104196e-05	4.5869034732e-06	4.5869034732e-06	9.17380694641e-05	0.000119259490303	0.000362365374383	0.000160541621562	0.000697209327927	9.17380694641e-06	1.83476138928e-05	9.17380694641e-05	0.00058712364457	0.000151367814616	0.000119259490303	4.5869034732e-06	9.17380694641e-06	7.33904555713e-05	0.000169715428509	0.0021053886942	0.000353191567437	0.0033209181146	0.000610058161936	0.00239436361301	0.00057336293415	3.21083243124e-05	8.71511659909e-05	3.66952277856e-05	0.000183476138928	0.000105498779884	2.2934517366e-05	2.2934517366e-05	0
0.000619231968882	0.000582536741097	3.66952277856e-05	0	0.000477037961213	8.25642625177e-05	0.000426582023008	0.00209621488725	0.000660514100141	0.0171274975689	0.000334843953544	6.8803552098e-05	0.00127057226208	9.17380694641e-06	0.000555015320258	0.0010091187641	0.000421995119535	3.66952277856e-05	9.17380694641e-06	1.83476138928e-05	0.000206410656294	0.000146780911143	0.00281635873255	0.000174302331982	0.0081646881823	1.83476138928e-05	0.00011467258683	0.000366952277856	0.00443094875511	0.000545841513311	0.000499972478579	4.5869034732e-06	1.37607104196e-05	5.04559382052e-05	0.000380712988276	0.000133020200723	1.37607104196e-05	4.12821312588e-05	0	0.000527493899418	0	5.50428416784e-05	0.00058712364457	0.000142194007669	0.00543548061575	0.000210997559767	4.12821312588e-05	0.000192649945875	1.37607104196e-05	0.000330257050071	0	0.000215584463241	2.75214208392e-05	0	9.17380694641e-06	0.000518320092472	7.33904555713e-05	0.000399060602169	0.000133020200723	0.00348145973616	4.5869034732e-06	1.83476138928e-05	5.96297451516e-05	0.00178430545108	0.000770599783498	0.000408234409115	4.5869034732e-06	4.5869034732e-05	0.000532080802892	0.000683448617507	0.000981597343266	0.000110085683357	0.000632992679302	0.000188063042401	0.00151367814616	2.75214208392e-05	9.17380694641e-06	0.000426582023008	4.5869034732e-05	0.000495385575106	0.000192649945875	0.000119259490303	4.12821312588e-05	9.17380694641e-06
0.00133937581418	4.5869034732e-06	2.75214208392e-05	0	0.00601801735684	0.000155954718089	0.0114168027448	0.0172513439627	0.0091233510082	0.000334843953544	0.0457130800139	0.000545841513311	0.00510522356568	2.75214208392e-05	0.00368328348898	0.000288974918812	3.21083243124e-05	6.42166486248e-05	2.75214208392e-05	6.8803552098e-05	0.0101416435793	0.000403647505642	5.04559382052e-05	0.00024310588408	0.00180723996844	9.17380694641e-06	0.000105498779884	3.21083243124e-05	0.0129396546979	0.00150450433921	0.000421995119535	4.5869034732e-06	1.83476138928e-05	4.12821312588e-05	0.00198154230042	2.2934517366e-05	4.5869034732e-06	0	0	0.000247692787553	0	5.50428416784e-05	0.00011467258683	5.96297451516e-05	0.000353191567437	0.000169715428509	1.37607104196e-05	9.63249729373e-05	4.5869034732e-06	8.25642625177e-05	0	2.2934517366e-05	4.5869034732e-06	4.5869034732e-06	0	0.000197236849348	1.83476138928e-05	8.25642625177e-05	3.66952277856e-05	0.000967836632846	4.5869034732e-06	0	2.2934517366e-05	0.000421995119535	0.00011467258683	1.83476138928e-05	0	4.5869034732e-06	2.75214208392e-05	0.000105498779884	0.00105040089536	0.000151367814616	0.00233014696439	0.000321083243124	0.000894446177275	0.000197236849348	3.21083243124e-05	2.2934517366e-05	9.17380694641e-06	8.71511659909e-05	3.21083243124e-05	9.17380694641e-06	9.17380694641e-06	0
0.000353191567437	0.000192649945875	0.000155954718089	0	0.000151367814616	2.75214208392e-05	0.000463277250794	0.000908206887694	0.000793534300864	6.8803552098e-05	0.000545841513311	0.035098985377	0.000119259490303	0.00485294387465	0.000899033080748	1.83476138928e-05	5.50428416784e-05	0.00188980423096	0.00453186063152	0.00805001559547	0.000380712988276	0.000431168926481	8.25642625177e-05	0.000660514100141	0.000192649945875	0.00225675650882	0.0105819863127	0.00196778159	0.000568776030677	0.0007017962314	0.000412821312588	0.000862337852962	1.37607104196e-05	9.17380694641e-06	0.00946736876869	0	0.000339430857017	4.12821312588e-05	0	4.5869034732e-06	0	9.17380694641e-06	1.37607104196e-05	9.17380694641e-06	5.04559382052e-05	1.37607104196e-05	0.000770599783498	1.37607104196e-05	0.0018485220997	9.17380694641e-06	0	3.66952277856e-05	1.37607104196e-05	0.000137607104196	0.00024310588408	9.17380694641e-06	2.75214208392e-05	5.96297451516e-05	4.5869034732e-05	9.17380694641e-05	0.00144487459406	0.000954075922426	0.000834816432123	6.42166486248e-05	4.5869034732e-05	9.17380694641e-06	0.000238518980607	0	2.75214208392e-05	0.000142194007669	0.0031833110104	0.0076693026072	0.0122562060804	0.00216043153588	0.000210997559767	0.000165128525035	0.00136689723501	5.50428416784e-05	0.000421995119535	0.000137607104196	3.21083243124e-05	1.83476138928e-05	4.5869034732e-06	4.5869034732e-05
0.00011467258683	9.17380694641e-06	0	0	0.00207786727336	8.25642625177e-05	0.00616479826799	0.000958662825899	0.00206869346641	0.00127057226208	0.00510522356568	0.000119259490303	0.0232280791883	9.17380694641e-06	0.000866924756435	0.00175678403024	0	0	4.5869034732e-06	1.37607104196e-05	0.0113617599031	1.83476138928e-05	2.75214208392e-05	1.83476138928e-05	0.000729317652239	0	3.21083243124e-05	1.37607104196e-05	0.000967836632846	0.000284388015339	0	4.5869034732e-06	1.37607104196e-05	0	0.000371539181329	4.5869034732e-06	0	0	0	6.8803552098e-05	4.5869034732e-06	0.000252279691026	9.17380694641e-06	4.12821312588e-05	0.000151367814616	0.000288974918812	9.17380694641e-06	0.0015916555052	4.5869034732e-06	0.000105498779884	3.21083243124e-05	4.5869034732e-06	0	0	0	0.000151367814616	9.17380694641e-06	4.5869034732e-06	4.5869034732e-06	0.000160541621562	0	0	0	3.21083243124e-05	0.000146780911143	9.17380694641e-06	0	0	1.83476138928e-05	8.25642625177e-05	0.000215584463241	4.12821312588e-05	0.000444929636901	4.12821312588e-05	0.00188063042401	9.17380694641e-05	1.37607104196e-05	1.83476138928e-05	0	4.5869034732e-05	1.37607104196e-05	8.25642625177e-05	0	0
1.37607104196e-05	5.04559382052e-05	4.5869034732e-06	0	4.5869034732e-06	0	3.21083243124e-05	4.5869034732e-05	3.21083243124e-05	9.17380694641e-06	2.75214208392e-05	0.00485294387465	9.17380694641e-06	0.00871511659909	1.83476138928e-05	0	9.17380694641e-06	4.5869034732e-05	0.000146780911143	0.000155954718089	1.83476138928e-05	9.17380694641e-06	2.75214208392e-05	2.2934517366e-05	1.83476138928e-05	0.00233932077133	0.00189897803791	0.000917380694641	3.21083243124e-05	2.75214208392e-05	4.5869034732e-06	0.000977010439792	0	0	0.000252279691026	0	9.17380694641e-05	4.5869034732e-06	0	0	0	4.5869034732e-06	0	0	9.17380694641e-06	9.17380694641e-06	0.000582536741097	1.37607104196e-05	0.00174302331982	4.5869034732e-06	0	0	9.17380694641e-06	7.33904555713e-05	9.63249729373e-05	4.5869034732e-06	4.5869034732e-06	9.17380694641e-06	0	3.66952277856e-05	0.000848577142543	0.000389886795222	0.000334843953544	1.83476138928e-05	2.2934517366e-05	4.5869034732e-06	0.000169715428509	0	1.37607104196e-05	0.000105498779884	4.5869034732e-05	0.00211914940462	0.000784360493918	3.66952277856e-05	1.83476138928e-05	4.5869034732e-06	0.000564189127204	4.5869034732e-06	0.00022934517366	0.000123846393776	4.5869034732e-06	0	0	3.21083243124e-05
0.0145450709135	3.21083243124e-05	0.000192649945875	0	0.000940315212007	0.000440342733428	0.00614186375062	0.0159486633763	0.0227923233583	0.000555015320258	0.00368328348898	0.000899033080748	0.000866924756435	1.83476138928e-05	0.0398556042787	0.000288974918812	0.000252279691026	0.000366952277856	2.75214208392e-05	0.000178889235455	0.00184393519623	0.00215584463241	0.000362365374383	0.00132561510376	0.00161000311909	2.2934517366e-05	0.00022934517366	0.000261453497973	0.00531163422197	0.00959121516247	0.00450892611416	4.5869034732e-06	0.000220171366714	9.17380694641e-05	0.00380254297929	3.66952277856e-05	3.21083243124e-05	4.5869034732e-05	0	3.21083243124e-05	0	4.5869034732e-06	0.000110085683357	2.2934517366e-05	0.000307322532705	3.21083243124e-05	2.75214208392e-05	1.83476138928e-05	9.17380694641e-06	0.000105498779884	0	0.00010091187641	1.37607104196e-05	9.17380694641e-06	4.5869034732e-06	6.42166486248e-05	0.000133020200723	0.000284388015339	0.000160541621562	0.000490798671633	4.5869034732e-06	2.2934517366e-05	6.8803552098e-05	0.000481624864686	0.000165128525035	9.17380694641e-05	4.5869034732e-06	9.17380694641e-06	7.79773590445e-05	0.000206410656294	0.00206410656294	0.000339430857017	0.00381630368971	0.000761425976552	0.00180723996844	0.000568776030677	4.12821312588e-05	9.17380694641e-05	1.83476138928e-05	0.000201823752821	0.000123846393776	3.21083243124e-05	2.2934517366e-05	0
0.000284388015339	2.2934517366e-05	9.17380694641e-06	0	0.00010091187641	0.00126139845513	0.00244023264774	0.000949489018953	0.000614645065409	0.0010091187641	0.000288974918812	1.83476138928e-05	0.00175678403024	0	0.000288974918812	0.0107700493551	0.000192649945875	2.75214208392e-05	0	1.37607104196e-05	0.000261453497973	0.00058712364457	0.000174302331982	0.000683448617507	0.000871511659909	4.5869034732e-06	1.37607104196e-05	0.00012843329725	0.000908206887694	0.000220171366714	0.000532080802892	0	5.96297451516e-05	2.2934517366e-05	0.000477037961213	0	0	3.21083243124e-05	0	9.17380694641e-06	0	9.17380694641e-06	3.66952277856e-05	4.5869034732e-06	0.000105498779884	2.2934517366e-05	4.5869034732e-06	1.83476138928e-05	0	1.37607104196e-05	0	2.2934517366e-05	4.5869034732e-06	0	9.17380694641e-06	9.17380694641e-06	6.8803552098e-05	6.42166486248e-05	0.000165128525035	0.00010091187641	0	9.17380694641e-06	4.12821312588e-05	9.63249729373e-05	4.5869034732e-05	4.5869034732e-06	0	4.5869034732e-06	1.83476138928e-05	0.00011467258683	0.0017292626094	0.000160541621562	0.0010779223162	0.000788947397391	0.00330715740418	5.96297451516e-05	4.5869034732e-06	6.42166486248e-05	4.12821312588e-05	0.000270627304919	0.000302735629231	6.8803552098e-05	2.75214208392e-05	4.5869034732e-06
0.000454103443847	0.00081646881823	0.000146780911143	0	1.83476138928e-05	0	8.71511659909e-05	0.000577949837624	0.000238518980607	0.000421995119535	3.21083243124e-05	5.50428416784e-05	0	9.17380694641e-06	0.000252279691026	0.000192649945875	0.0199759646258	0.00022934517366	9.17380694641e-06	0.000133020200723	0	0.00294020512632	0.00784360493918	0.00844448929417	0.00499513788232	2.2934517366e-05	0.000201823752821	0.00342182999101	0.00298148725758	0.000362365374383	0.00137148413849	0	0	3.66952277856e-05	0.000940315212007	6.42166486248e-05	3.66952277856e-05	9.17380694641e-05	0	0	0	1.37607104196e-05	0.000110085683357	2.75214208392e-05	0.000188063042401	1.83476138928e-05	4.5869034732e-06	4.5869034732e-06	4.5869034732e-06	7.33904555713e-05	0	0.0010091187641	2.2934517366e-05	4.5869034732e-06	2.2934517366e-05	4.5869034732e-06	0.000536667706365	0.002481514779	0.000706383134873	0.000302735629231	1.37607104196e-05	4.12821312588e-05	0.000275214208392	0.000710970038347	0.000137607104196	0.000275214208392	4.5869034732e-06	0	0.000110085683357	0.000192649945875	0.00231638625397	0.000614645065409	0.00106416160578	0.000596297451516	0.000220171366714	9.17380694641e-06	0	0.000210997559767	7.33904555713e-05	0.000192649945875	0.000151367814616	4.5869034732e-06	4.12821312588e-05	0
0.000495385575106	0.00138524484891	0.00470616296351	0	9.17380694641e-06	0	3.21083243124e-05	0.00100453186063	0.000288974918812	3.66952277856e-05	6.42166486248e-05	0.00188980423096	0	4.5869034732e-05	0.000366952277856	2.75214208392e-05	0.00022934517366	0.0313560721428	0.000435755829954	0.0105315303745	2.2934517366e-05	0.00238977670954	0.00045869034732	0.0102104471314	0.000160541621562	5.50428416784e-05	0.00514650569693	0.00655009815973	0.000403647505642	0.000220171366714	0.00291727060896	2.75214208392e-05	0	2.75214208392e-05	0.00793534300864	4.5869034732e-06	0.00167421976772	0.00071555694182	0	0	0	0	2.2934517366e-05	4.5869034732e-06	4.5869034732e-06	4.5869034732e-06	4.12821312588e-05	0	3.66952277856e-05	1.37607104196e-05	0	0.000119259490303	0.000215584463241	3.66952277856e-05	0.000165128525035	0	5.96297451516e-05	0.000302735629231	0.000334843953544	1.37607104196e-05	7.79773590445e-05	0.00140817936627	0.00232097315744	8.25642625177e-05	1.83476138928e-05	2.2934517366e-05	9.17380694641e-06	4.5869034732e-06	4.5869034732e-06	0.00011467258683	0.00421995119535	0.00311450745831	0.0052886997046	0.00167880667119	0.000133020200723	1.83476138928e-05	1.83476138928e-05	0.000133020200723	0.000105498779884	9.17380694641e-05	7.79773590445e-05	1.37607104196e-05	4.5869034732e-06	0
3.21083243124e-05	5.50428416784e-05	5.96297451516e-05	0	4.5869034732e-06	0	4.5869034732e-06	7.79773590445e-05	2.75214208392e-05	9.17380694641e-06	2.75214208392e-05	0.00453186063152	4.5869034732e-06	0.000146780911143	2.75214208392e-05	0	9.17380694641e-06	0.000435755829954	0.00659138029099	0.00340348237712	1.37607104196e-05	8.71511659909e-05	1.37607104196e-05	0.000119259490303	9.17380694641e-06	0.000275214208392	0.0024310588408	0.000646753389722	1.83476138928e-05	9.17380694641e-06	7.33904555713e-05	3.66952277856e-05	0	0	0.000963249729373	0	0.000119259490303	2.2934517366e-05	0	0	0	0	0	0	4.5869034732e-06	0	5.96297451516e-05	0	0.000142194007669	0	0	0	0	3.66952277856e-05	5.04559382052e-05	0	0	9.17380694641e-06	1.37607104196e-05	4.5869034732e-06	0.000238518980607	0.000380712988276	0.000270627304919	0	4.5869034732e-06	4.5869034732e-06	3.21083243124e-05	0	4.5869034732e-06	0	0.000545841513311	0.000793534300864	0.00148156982184	0.000389886795222	9.17380694641e-06	4.5869034732e-06	4.5869034732e-06	0	4.5869034732e-06	0	0	4.5869034732e-06	0	0
0.000224758270187	0.000545841513311	0.000949489018953	0	1.37607104196e-05	0	2.2934517366e-05	0.000495385575106	0.000142194007669	1.83476138928e-05	6.8803552098e-05	0.00805001559547	1.37607104196e-05	0.000155954718089	0.000178889235455	1.37607104196e-05	0.000133020200723	0.0105315303745	0.00340348237712	0.0236638350183	4.12821312588e-05	0.000779773590445	0.000142194007669	0.00140817936627	0.00011467258683	0.000275214208392	0.00880226776508	0.00345393831532	0.000224758270187	0.00010091187641	0.000999944957158	7.33904555713e-05	0	0	0.00744913124048	0	0.000967836632846	0.000206410656294	0	0	0	0	9.17380694641e-06	0	4.5869034732e-06	4.5869034732e-06	8.71511659909e-05	0	0.000174302331982	4.5869034732e-06	0	5.04559382052e-05	6.42166486248e-05	6.42166486248e-05	0.000183476138928	0	4.12821312588e-05	0.00010091187641	8.25642625177e-05	3.21083243124e-05	0.000559602223731	0.00127515916555	0.00119259490303	5.96297451516e-05	9.17380694641e-06	1.37607104196e-05	3.66952277856e-05	0	4.5869034732e-06	8.25642625177e-05	0.00388052033833	0.00240353741996	0.00683907307855	0.0019173256518	6.42166486248e-05	2.2934517366e-05	9.17380694641e-06	6.42166486248e-05	5.96297451516e-05	4.12821312588e-05	3.21083243124e-05	1.37607104196e-05	4.5869034732e-06	0
0.000256866594499	0	0	0	0.00506852833789	7.79773590445e-05	0.00433921068565	0.00162835073299	0.00385299891749	0.000206410656294	0.0101416435793	0.000380712988276	0.0113617599031	1.83476138928e-05	0.00184393519623	0.000261453497973	0	2.2934517366e-05	1.37607104196e-05	4.12821312588e-05	0.0227189329028	4.12821312588e-05	4.5869034732e-06	3.21083243124e-05	0.000527493899418	9.17380694641e-06	5.50428416784e-05	9.17380694641e-06	0.00247692787553	0.000761425976552	5.04559382052e-05	4.5869034732e-06	2.2934517366e-05	0	0.00113755206135	0	0	0	0	9.17380694641e-05	0	9.17380694641e-06	1.37607104196e-05	9.17380694641e-06	0.000110085683357	4.12821312588e-05	4.5869034732e-06	2.75214208392e-05	0	3.66952277856e-05	0	0	0	0	0	5.04559382052e-05	4.5869034732e-06	9.17380694641e-06	1.37607104196e-05	0.000233932077133	0	0	0	9.63249729373e-05	4.12821312588e-05	4.5869034732e-06	0	0	4.5869034732e-06	1.83476138928e-05	0.000353191567437	8.71511659909e-05	0.00124763774471	0.000123846393776	0.000646753389722	9.17380694641e-05	2.75214208392e-05	1.37607104196e-05	0	9.17380694641e-06	1.37607104196e-05	0	4.5869034732e-06	0
0.00270627304919	0.00022934517366	0.000912793791167	0	5.04559382052e-05	1.83476138928e-05	0.000399060602169	0.00615103755757	0.00227051721924	0.000146780911143	0.000403647505642	0.000431168926481	1.83476138928e-05	9.17380694641e-06	0.00215584463241	0.00058712364457	0.00294020512632	0.00238977670954	8.71511659909e-05	0.000779773590445	4.12821312588e-05	0.0504330036879	0.00196319468653	0.0260215034035	0.000775186686971	1.83476138928e-05	0.000660514100141	0.00232556006091	0.0078573656496	0.00188980423096	0.019164082711	4.5869034732e-06	0	0.000440342733428	0.00923343669156	7.33904555713e-05	0.00011467258683	0.000252279691026	0	0	0	9.17380694641e-06	0.000142194007669	3.21083243124e-05	0.000119259490303	2.2934517366e-05	2.2934517366e-05	1.37607104196e-05	4.5869034732e-06	6.42166486248e-05	0	0.000972423536319	2.2934517366e-05	4.5869034732e-06	1.83476138928e-05	4.5869034732e-06	0.00071555694182	0.00238060290259	0.000866924756435	0.000252279691026	2.2934517366e-05	0.00012843329725	0.00071555694182	0.000807295011284	0.000174302331982	0.000376126084803	4.5869034732e-06	4.5869034732e-06	0.000142194007669	0.000238518980607	0.00648129460764	0.00120635561345	0.00583912812139	0.0027567289874	0.000908206887694	3.21083243124e-05	1.37607104196e-05	0.000298148725758	0.000105498779884	0.000316496339651	0.000288974918812	6.42166486248e-05	3.21083243124e-05	0
0.00058712364457	0.00350439425353	0.000435755829954	0	2.75214208392e-05	4.5869034732e-06	6.8803552098e-05	0.000756839073079	0.000330257050071	0.00281635873255	5.04559382052e-05	8.25642625177e-05	2.75214208392e-05	2.75214208392e-05	0.000362365374383	0.000174302331982	0.00784360493918	0.00045869034732	1.37607104196e-05	0.000142194007669	4.5869034732e-06	0.00196319468653	0.024136286076	0.00633910059997	0.00438049281691	0.00010091187641	0.000559602223731	0.00714180870778	0.00255949213805	0.000619231968882	0.00149991743574	1.37607104196e-05	4.5869034732e-06	6.42166486248e-05	0.00103205328147	6.42166486248e-05	0.000206410656294	0.000440342733428	0	4.5869034732e-06	0	9.17380694641e-06	0.000155954718089	2.75214208392e-05	0.000417408216062	2.2934517366e-05	1.37607104196e-05	4.5869034732e-06	1.37607104196e-05	9.63249729373e-05	0	0.00265123020751	7.33904555713e-05	4.5869034732e-06	3.21083243124e-05	9.17380694641e-06	0.00101370566758	0.00668770526393	0.00206410656294	0.0007017962314	4.12821312588e-05	0.00010091187641	0.00172467570592	0.00149533053226	0.000188063042401	0.000417408216062	4.5869034732e-06	9.17380694641e-06	0.000123846393776	0.000284388015339	0.00176595783718	0.000555015320258	0.000995358053685	0.000394473698695	0.000270627304919	1.83476138928e-05	4.5869034732e-06	0.000403647505642	0.000105498779884	0.000307322532705	0.000192649945875	2.75214208392e-05	5.04559382052e-05	4.5869034732e-06
0.00180265306497	0.00111461754399	0.00816927508578	0	5.50428416784e-05	3.21083243124e-05	0.000256866594499	0.00375667394455	0.00141276626975	0.000174302331982	0.00024310588408	0.000660514100141	1.83476138928e-05	2.2934517366e-05	0.00132561510376	0.000683448617507	0.00844448929417	0.0102104471314	0.000119259490303	0.00140817936627	3.21083243124e-05	0.0260215034035	0.00633910059997	0.0762710309524	0.00124305084124	4.12821312588e-05	0.00168798047814	0.0136919068675	0.00375208704108	0.00141735317322	0.00927471882282	9.17380694641e-06	0	0.000421995119535	0.00975175678403	9.63249729373e-05	0.000788947397391	0.00142652698017	0	0	0	9.17380694641e-06	0.000206410656294	2.2934517366e-05	0.000123846393776	1.83476138928e-05	4.12821312588e-05	9.17380694641e-06	1.37607104196e-05	0.000110085683357	0	0.00318789791388	0.000302735629231	9.17380694641e-06	0.00010091187641	4.5869034732e-06	0.00101829257105	0.00651798983542	0.00410069170504	0.000293561822285	4.5869034732e-05	0.000564189127204	0.00383923820707	0.000958662825899	0.000174302331982	0.000518320092472	4.5869034732e-06	4.5869034732e-06	0.000133020200723	0.000444929636901	0.0123066620186	0.00347687283269	0.00831146909344	0.00375667394455	0.00103205328147	5.04559382052e-05	1.83476138928e-05	0.000724730748766	0.000284388015339	0.000559602223731	0.000477037961213	7.33904555713e-05	5.50428416784e-05	4.5869034732e-06
0.00163293763646	0.000536667706365	3.66952277856e-05	0	0.00428416784397	6.42166486248e-05	0.00139441865585	0.00930224024366	0.00216043153588	0.0081646881823	0.00180723996844	0.000192649945875	0.000729317652239	1.83476138928e-05	0.00161000311909	0.000871511659909	0.00499513788232	0.000160541621562	9.17380694641e-06	0.00011467258683	0.000527493899418	0.000775186686971	0.00438049281691	0.00124305084124	0.0367273361099	9.17380694641e-06	0.000188063042401	0.000564189127204	0.0206777608572	0.0013347889107	0.00156413408436	4.5869034732e-06	1.37607104196e-05	0.00010091187641	0.000977010439792	0.000155954718089	2.2934517366e-05	8.71511659909e-05	0	0.000743078362659	1.37607104196e-05	0.000188063042401	0.000541254609838	0.000215584463241	0.0031328550722	0.000509146285526	5.04559382052e-05	0.000307322532705	9.17380694641e-06	0.000408234409115	4.5869034732e-06	0.000362365374383	3.21083243124e-05	4.5869034732e-06	2.2934517366e-05	0.000692622424454	0.000348604663963	0.00138983175238	0.000192649945875	0.00430251545786	9.17380694641e-06	5.96297451516e-05	0.000110085683357	0.00258701355889	0.000752252169605	0.000426582023008	4.5869034732e-06	5.50428416784e-05	0.000376126084803	0.000610058161936	0.00239436361301	0.000330257050071	0.00156872098784	0.000591710548043	0.00161459002257	6.8803552098e-05	2.2934517366e-05	0.000412821312588	6.8803552098e-05	0.00045869034732	0.000183476138928	9.17380694641e-05	5.04559382052e-05	9.17380694641e-06
9.17380694641e-06	0.000321083243124	2.2934517366e-05	0	4.5869034732e-06	0	4.5869034732e-06	1.83476138928e-05	9.17380694641e-06	1.83476138928e-05	9.17380694641e-06	0.00225675650882	0	0.00233932077133	2.2934517366e-05	4.5869034732e-06	2.2934517366e-05	5.50428416784e-05	0.000275214208392	0.000275214208392	9.17380694641e-06	1.83476138928e-05	0.00010091187641	4.12821312588e-05	9.17380694641e-06	0.00776104067666	0.00155954718089	0.00277966350476	9.17380694641e-06	2.2934517366e-05	1.37607104196e-05	0.000178889235455	0	0	0.000210997559767	0	0.000403647505642	1.37607104196e-05	0	4.5869034732e-06	0	0	0	0	4.5869034732e-06	4.5869034732e-06	0.000532080802892	9.17380694641e-06	0.00129350677944	0	0	0	9.17380694641e-06	7.79773590445e-05	0.000137607104196	4.5869034732e-06	0	4.5869034732e-06	0	9.17380694641e-06	0.00163293763646	0.000646753389722	0.000619231968882	9.17380694641e-06	1.83476138928e-05	0	0.000151367814616	0	9.17380694641e-06	6.8803552098e-05	8.25642625177e-05	0.00125222464818	0.000527493899418	4.5869034732e-05	9.17380694641e-06	0	0.000610058161936	4.5869034732e-06	0.000165128525035	5.04559382052e-05	9.17380694641e-06	0	0	5.50428416784e-05
0.000206410656294	0.0022934517366	0.00377960846192	0	1.83476138928e-05	9.17380694641e-06	6.42166486248e-05	0.000490798671633	0.000224758270187	0.00011467258683	0.000105498779884	0.0105819863127	3.21083243124e-05	0.00189897803791	0.00022934517366	1.37607104196e-05	0.000201823752821	0.00514650569693	0.0024310588408	0.00880226776508	5.50428416784e-05	0.000660514100141	0.000559602223731	0.00168798047814	0.000188063042401	0.00155954718089	0.058033502743	0.0173476689357	0.000288974918812	9.17380694641e-05	0.000752252169605	0.002054932756	0	0	0.00434379758912	9.17380694641e-06	0.00627029704787	0.000779773590445	0	4.5869034732e-06	0	0	2.75214208392e-05	4.5869034732e-06	2.2934517366e-05	2.2934517366e-05	0.00101829257105	9.17380694641e-06	0.00233932077133	1.83476138928e-05	0	8.71511659909e-05	0.000188063042401	0.000477037961213	0.00131644129681	4.5869034732e-06	4.12821312588e-05	0.000146780911143	0.000197236849348	5.50428416784e-05	0.00482083555034	0.00840779406638	0.00751793479258	8.71511659909e-05	5.04559382052e-05	1.37607104196e-05	0.000449516540374	0	2.2934517366e-05	0.000499972478579	0.00379795607581	0.00567858649983	0.00617397207493	0.00143570078711	5.50428416784e-05	2.2934517366e-05	9.17380694641e-05	0.00022934517366	0.000435755829954	0.000403647505642	5.96297451516e-05	4.5869034732e-06	0	3.66952277856e-05
0.000330257050071	0.00718309083904	0.0127745261729	0	9.17380694641e-06	0	5.50428416784e-05	0.000733904555713	0.000266040401446	0.000366952277856	3.21083243124e-05	0.00196778159	1.37607104196e-05	0.000917380694641	0.000261453497973	0.00012843329725	0.00342182999101	0.00655009815973	0.000646753389722	0.00345393831532	9.17380694641e-06	0.00232556006091	0.00714180870778	0.0136919068675	0.000564189127204	0.00277966350476	0.0173476689357	0.07017962314	0.000669687907088	0.000119259490303	0.0012155294204	0.000376126084803	0	4.5869034732e-06	0.00300442177495	2.75214208392e-05	0.00756839073079	0.00251821000679	0	0	0	1.83476138928e-05	4.5869034732e-05	1.37607104196e-05	3.21083243124e-05	9.17380694641e-06	0.000481624864686	4.5869034732e-06	0.000990771150212	6.42166486248e-05	0	0.000917380694641	0.000623818872356	0.000188063042401	0.00081646881823	0	0.000224758270187	0.00316037649304	0.00275214208392	7.33904555713e-05	0.00211456250115	0.00563271746509	0.0103572280425	0.000201823752821	3.66952277856e-05	8.71511659909e-05	0.000188063042401	4.5869034732e-06	4.5869034732e-06	0.000426582023008	0.00392180246959	0.00272462066308	0.00305946461663	0.000917380694641	0.000169715428509	9.17380694641e-06	3.21083243124e-05	0.000490798671633	0.00047245105774	0.000376126084803	0.000188063042401	2.75214208392e-05	1.37607104196e-05	1.37607104196e-05
0.00506394143442	0.000252279691026	0.000201823752821	0	0.0116232134011	0.00011467258683	0.00434379758912	0.0310946186448	0.00765554189678	0.00443094875511	0.0129396546979	0.000568776030677	0.000967836632846	3.21083243124e-05	0.00531163422197	0.000908206887694	0.00298148725758	0.000403647505642	1.83476138928e-05	0.000224758270187	0.00247692787553	0.0078573656496	0.00255949213805	0.00375208704108	0.0206777608572	9.17380694641e-06	0.000288974918812	0.000669687907088	0.0758169275086	0.00373373942719	0.00781608351834	9.17380694641e-06	2.75214208392e-05	0.000206410656294	0.00330715740418	0.000302735629231	3.66952277856e-05	0.000155954718089	0	0.000724730748766	9.17380694641e-06	0.000206410656294	0.00105957470231	0.000316496339651	0.0035777847091	0.00060088435499	9.17380694641e-05	0.000389886795222	2.75214208392e-05	0.000692622424454	4.5869034732e-06	0.000706383134873	3.21083243124e-05	9.17380694641e-06	1.83476138928e-05	0.000706383134873	0.000788947397391	0.00232556006091	0.000385299891749	0.00527952589766	3.21083243124e-05	6.42166486248e-05	0.000201823752821	0.00415573454672	0.00126139845513	0.000738491459186	4.5869034732e-06	5.96297451516e-05	0.00071555694182	0.0012659853586	0.00581160670055	0.000724730748766	0.00459149037668	0.00149533053226	0.00164669834688	0.000224758270187	4.12821312588e-05	0.000743078362659	0.00012843329725	0.000871511659909	0.000348604663963	0.000155954718089	9.17380694641e-05	9.17380694641e-06
0.00843990239069	1.37607104196e-05	3.21083243124e-05	0	0.000463277250794	5.04559382052e-05	0.00105957470231	0.00557767462342	0.00262370878667	0.000545841513311	0.00150450433921	0.0007017962314	0.000284388015339	2.75214208392e-05	0.00959121516247	0.000220171366714	0.000362365374383	0.000220171366714	9.17380694641e-06	0.00010091187641	0.000761425976552	0.00188980423096	0.000619231968882	0.00141735317322	0.0013347889107	2.2934517366e-05	9.17380694641e-05	0.000119259490303	0.00373373942719	0.0284021063061	0.00501807239968	0	2.75214208392e-05	0.00136231033154	0.00463735941141	4.12821312588e-05	1.37607104196e-05	9.17380694641e-06	0	9.17380694641e-06	0	0	0.000123846393776	3.21083243124e-05	0.000293561822285	3.66952277856e-05	1.37607104196e-05	9.17380694641e-06	4.5869034732e-06	7.79773590445e-05	0	8.25642625177e-05	4.5869034732e-06	0	0	2.75214208392e-05	0.000133020200723	0.000270627304919	8.71511659909e-05	0.000403647505642	1.83476138928e-05	4.5869034732e-06	4.5869034732e-05	0.000467864154267	0.000151367814616	0.000119259490303	0	4.5869034732e-06	9.63249729373e-05	0.000201823752821	0.00143570078711	0.000421995119535	0.00263288259362	0.000605471258463	0.000504559382052	0.00011467258683	3.66952277856e-05	8.71511659909e-05	1.83476138928e-05	0.000165128525035	7.33904555713e-05	1.37607104196e-05	1.83476138928e-05	4.5869034732e-06
0.00694457185843	0.000201823752821	0.000894446177275	0	5.04559382052e-05	2.2934517366e-05	0.000444929636901	0.0138203401648	0.0037658477515	0.000499972478579	0.000421995119535	0.000412821312588	0	4.5869034732e-06	0.00450892611416	0.000532080802892	0.00137148413849	0.00291727060896	7.33904555713e-05	0.000999944957158	5.04559382052e-05	0.019164082711	0.00149991743574	0.00927471882282	0.00156413408436	1.37607104196e-05	0.000752252169605	0.0012155294204	0.00781608351834	0.00501807239968	0.0497174467461	0	0	0.00057336293415	0.00933434856797	3.21083243124e-05	0.000151367814616	0.000188063042401	0	9.17380694641e-06	4.5869034732e-06	9.17380694641e-06	0.000174302331982	3.66952277856e-05	0.000298148725758	2.2934517366e-05	1.83476138928e-05	0	1.37607104196e-05	5.04559382052e-05	0	0.000431168926481	4.5869034732e-05	0	9.17380694641e-06	0	0.000421995119535	0.00118342109609	0.000509146285526	0.000376126084803	9.17380694641e-06	0.000119259490303	0.000362365374383	0.000807295011284	0.000174302331982	0.00024310588408	4.5869034732e-06	1.37607104196e-05	0.000110085683357	0.000266040401446	0.00452268682458	0.00120635561345	0.00560978294773	0.00255949213805	0.000834816432123	4.5869034732e-05	1.37607104196e-05	0.000197236849348	5.50428416784e-05	0.000270627304919	0.000215584463241	6.8803552098e-05	3.21083243124e-05	4.5869034732e-06
0	2.2934517366e-05	0	0	4.5869034732e-06	0	1.83476138928e-05	9.17380694641e-06	9.17380694641e-06	4.5869034732e-06	4.5869034732e-06	0.000862337852962	4.5869034732e-06	0.000977010439792	4.5869034732e-06	0	0	2.75214208392e-05	3.66952277856e-05	7.33904555713e-05	4.5869034732e-06	4.5869034732e-06	1.37607104196e-05	9.17380694641e-06	4.5869034732e-06	0.000178889235455	0.002054932756	0.000376126084803	9.17380694641e-06	0	0	0.00235308148175	0	0	9.63249729373e-05	0	3.66952277856e-05	0	0	0	0	0	0	0	0	0	8.25642625177e-05	0	0.000302735629231	0	0	4.5869034732e-06	0	1.37607104196e-05	2.2934517366e-05	0	0	4.5869034732e-06	0	4.5869034732e-06	0.000284388015339	0.000192649945875	0.000192649945875	0	4.5869034732e-06	4.5869034732e-06	5.96297451516e-05	0	0	2.2934517366e-05	5.96297451516e-05	0.000490798671633	0.000201823752821	2.2934517366e-05	4.5869034732e-06	4.5869034732e-06	2.2934517366e-05	0	2.75214208392e-05	1.83476138928e-05	0	0	0	9.17380694641e-06
