0.0254967043685	6.29237521433e-06	0.00340732117856	0	6.29237521433e-06	0	0.000714184586827	0.00366216237474	0.00466265003382	1.57309380358e-05	0.00147556198776	0.000953294844972	0.00119555129072	2.51695008573e-05	0.0167754723214	2.51695008573e-05	0	0.00185625068823	0.000412150576539	0.000786546901792	0.00560021394076	0.00162028661769	0	0.00278437603234	2.51695008573e-05	0	0.00208906857116	0.000519120955183	0.00149758530101	0.0177507904796	0.0117006717111	0	0.000707892211613	0.000383834888074	0.00318079567085	0	0	3.14618760717e-06	0	1.8877125643e-05	0	0	1.57309380358e-05	0	6.29237521433e-06	3.46080636788e-05	0	0	0	0	0	0	0	0	0	6.29237521433e-06	3.14618760717e-06	0	0	3.46080636788e-05	0	0	2.51695008573e-05	2.51695008573e-05	0	0	0	0	0	0	0.000176186506001	5.97775645362e-05	0.00386037219399	0.000865201591971	6.29237521433e-06	4.40466265003e-05	6.29237521433e-06	3.14618760717e-06	3.14618760717e-06	1.57309380358e-05	1.25847504287e-05	0	0	0
6.29237521433e-06	0.0272082304268	7.5508502572e-05	0	0	0	3.14618760717e-06	6.29237521433e-06	0	0.0036873318756	9.4385628215e-06	9.4385628215e-06	0	0.00155107049033	1.25847504287e-05	0	0.000821154965471	7.5508502572e-05	1.8877125643e-05	6.60699397505e-05	3.14618760717e-06	6.29237521433e-06	0.00658182447419	4.40466265003e-05	0.00265852852806	0.00327518129906	0.00507480061036	0.0236876464944	0.00021079456968	2.83156884645e-05	9.4385628215e-06	3.14618760717e-06	9.4385628215e-06	2.51695008573e-05	9.4385628215e-05	6.29237521433e-06	0.0124714876748	0.000182478881216	0	2.20233132502e-05	0	9.4385628215e-06	1.25847504287e-05	6.29237521433e-06	0.000169894130787	9.4385628215e-06	3.14618760717e-06	0	0.000764523588542	0	0	3.14618760717e-06	0.000283156884645	3.14618760717e-06	0.000110116566251	0	5.97775645362e-05	0.000346080636788	0.000119555129072	0.000251695008573	0.00058833708254	0.00042158913936	0.0128364454372	0.000103824191037	3.14618760717e-06	9.4385628215e-06	5.03390017147e-05	0	0	5.6631376929e-05	0.000371250137646	0.00035551919961	1.8877125643e-05	5.03390017147e-05	0	3.14618760717e-06	9.4385628215e-06	0.000515974767575	8.80932530007e-05	0.00023281788293	9.4385628215e-05	0	0	3.14618760717e-06
0.00340732117856	7.5508502572e-05	0.0434677279806	0	3.14618760717e-06	0	4.40466265003e-05	0.00116094322704	0.000751938838113	9.4385628215e-06	2.51695008573e-05	0.000154163192751	3.14618760717e-06	3.14618760717e-06	0.00184995831301	0	0	0.00771759820038	9.4385628215e-06	0.00094385628215	6.29237521433e-06	0.000962733407793	0.000286303072252	0.0194245622866	1.57309380358e-05	0	0.00730230143623	0.0175022416587	0.00259560477591	0.00360553099781	0.00582044707326	0	3.46080636788e-05	0.000449904827825	0.00166118705658	3.14618760717e-06	4.40466265003e-05	0.000390127263289	0	3.14618760717e-06	0	5.97775645362e-05	2.83156884645e-05	5.03390017147e-05	5.03390017147e-05	3.7754251286e-05	6.29237521433e-06	3.46080636788e-05	1.25847504287e-05	0	0	0.000660699397505	1.8877125643e-05	0	6.29237521433e-06	6.29237521433e-06	3.7754251286e-05	0.000651260834684	0.00292280828706	0.000135286067108	6.29237521433e-06	1.57309380358e-05	0.00392644213374	0.000103824191037	6.29237521433e-06	6.29237521433e-06	3.14618760717e-06	6.29237521433e-06	0	2.20233132502e-05	0.00441724740046	0.00229357076562	0.00493951454325	0.00695936698705	0.000264279759002	5.34851893218e-05	5.03390017147e-05	0.000223379320109	0.00143151536126	0.000229671695323	0.000201356006859	0.000106970378644	9.4385628215e-06	0
0	0	0	0	0	0	0	0	0	0	0	0	0	0	0	0	0	0	0	0	0	0	0	0	0	0	0	0	0	0	0	0	0	0	0	0	0	0	0	0	0	0	0	0	0	0	0	0	0	0	0	0	0	0	0	0	0	0	0	0	0	0	0	0	0	0	0	0	0	0	0	0	0	0	0	0	0	0	0	0	0	0	0	0
6.29237521433e-06	0	3.14618760717e-06	0	0.0204690965722	0	0.000805424027435	0.000251695008573	3.14618760717e-05	0.00012270131668	0.000707892211613	0.00016674794318	0.00457141059321	2.20233132502e-05	0.000858909216757	0.000201356006859	0	0	2.20233132502e-05	4.09004388932e-05	0.00565055294247	0	0	1.25847504287e-05	0.00942597807107	0	9.75318158222e-05	4.09004388932e-05	0.00385407981878	0.00123645172962	3.14618760717e-06	0	0.000339788261574	1.8877125643e-05	0.000550582831254	0	0	0	0	0.00602494926772	0	0.00107284997404	3.14618760717e-06	0.00104453428558	0.00349541443156	0.00487973697872	0.00021079456968	0.0031147257311	0.000151017005144	0.000100678003429	2.20233132502e-05	0	0	0	9.4385628215e-06	0.00722993912127	3.14618760717e-06	0	3.14618760717e-06	0.00347653730592	0	1.25847504287e-05	4.71928141075e-05	0.0029416854127	4.71928141075e-05	0	0	1.57309380358e-05	0	0.000456197203039	0.000157309380358	0.000119555129072	0.000468781953468	0.000147870817537	0.00075508502572	0	1.8877125643e-05	0.000364957762431	4.71928141075e-05	0.000534851893218	3.14618760717e-06	0.000305180197895	2.20233132502e-05	9.4385628215e-06
0	0	0	0	0	0.00346080636788	0.00168321036983	0	0.00052226714279	0	0	0	0	0	0.000141578442323	0.000991049096258	0	0	0	0	0	0	0	0	0	0	0	0	0	3.14618760717e-06	0	0	0.00159197092923	0	3.46080636788e-05	0	0	0	0	0	0	0	0	0	0	0	0	0	0	0	0	0	0	0	0	0	0	0	0	0	0	0	0	0	0	0	0	0	0	0	1.8877125643e-05	0	1.25847504287e-05	0	0.000874640154792	0.000283156884645	0	0	0	0	0	0	0	0
0.000714184586827	3.14618760717e-06	4.40466265003e-05	0	0.000805424027435	0.00168321036983	0.0402428856833	0.00531705705611	0.0103100567887	0.000424735326968	0.0112664978213	0.000783400714185	0.00897921943085	9.12394406078e-05	0.00700341361355	0.00762006638456	3.14618760717e-06	0	4.40466265003e-05	1.25847504287e-05	0.00164545611855	6.29237521433e-06	0	9.4385628215e-06	0.00106655759883	0	0.000386981075682	8.80932530007e-05	0.00395790400982	0.00435117746071	0.000179332693609	0	0.00409633626453	0.000270572134216	0.00190973587755	0	3.14618760717e-06	0	0	0.000248548820966	0	0	3.14618760717e-06	3.14618760717e-06	0.000110116566251	0.000257987383788	0	5.03390017147e-05	0	0	0	0	0	0	0	5.34851893218e-05	0	0	0	0.000320911135931	0	0	9.4385628215e-06	0.000273718321824	0	0	0	0	0	3.14618760717e-06	0.000808570215042	0.000157309380358	0.00134656829587	0.000280010697038	0.00336327455206	0.000412150576539	1.57309380358e-05	3.46080636788e-05	3.14618760717e-06	9.4385628215e-06	9.4385628215e-06	9.4385628215e-06	3.14618760717e-06	0
0.00366216237474	6.29237521433e-06	0.00116094322704	0	0.000251695008573	0	0.00531705705611	0.0414856297881	0.00659755541223	3.14618760717e-06	0.00698768267552	4.71928141075e-05	0.000453051015432	0	0.00441724740046	0.000506536204754	3.14618760717e-06	6.92161273577e-05	2.20233132502e-05	9.4385628215e-05	0.000119555129072	0.000858909216757	6.29237521433e-06	0.00272774465541	8.49470653935e-05	3.14618760717e-06	0.000742500275291	0.000434173889789	0.018773301452	0.00963362645315	0.00771759820038	0	0.000563167581683	0.00827132721924	0.0074187103777	0	9.4385628215e-06	0	0	0.00293853922509	0	9.75318158222e-05	2.20233132502e-05	9.4385628215e-05	0.00130566785697	0.00255785052463	1.25847504287e-05	0.000843178278721	3.14618760717e-05	0	0	3.14618760717e-06	0	0	0	0.000437320077396	3.14618760717e-06	6.29237521433e-06	1.25847504287e-05	0.00417499095471	0	0	4.40466265003e-05	0.00338529786531	3.14618760717e-06	0	0	3.14618760717e-06	0	7.23623149648e-05	0.00135286067108	0.000629237521433	0.00438578552439	0.00171467224591	4.71928141075e-05	0.000327203511145	3.14618760717e-06	0.000660699397505	2.20233132502e-05	4.09004388932e-05	0	0.000106970378644	6.29237521433e-06	0
0.00466265003382	0	0.000751938838113	0	3.14618760717e-05	0.00052226714279	0.0103100567887	0.00659755541223	0.0280482625179	4.09004388932e-05	0.00482310560179	5.34851893218e-05	0.00144410011169	3.14618760717e-06	0.0134625367711	0.00204816813227	0	4.09004388932e-05	6.29237521433e-06	1.57309380358e-05	0.00195692869166	0.000201356006859	0	0.000597775645362	4.71928141075e-05	0	0.000151017005144	6.92161273577e-05	0.00189400493951	0.00334439742642	0.00141578442323	0	0.00159511711683	0.000352373012003	0.000836885903506	0	0	0	0	0.000110116566251	0	0	3.14618760717e-06	0	6.29237521433e-06	0.000119555129072	0	1.25847504287e-05	0	0	0	0	0	0	0	1.8877125643e-05	3.14618760717e-06	0	0	0.000128993691894	0	0	6.29237521433e-06	0.000128993691894	0	0	0	0	0	0	0.00016674794318	3.14618760717e-05	0.000962733407793	0.000198209819252	0.000626091333826	0.000103824191037	6.29237521433e-06	1.57309380358e-05	0	0	0	3.14618760717e-06	0	0
1.57309380358e-05	0.0036873318756	9.4385628215e-06	0	0.00012270131668	0	0.000424735326968	3.14618760717e-06	4.09004388932e-05	0.0224763642656	0	1.8877125643e-05	0.00165489468137	0.000427881514575	0.000119555129072	0.0013182526074	0.0023281788293	9.4385628215e-06	0	6.29237521433e-06	5.6631376929e-05	9.4385628215e-06	0.00606270351901	0.000151017005144	0.0127483521842	0.000836885903506	0.000264279759002	0.00390127263289	0.00368103950039	0.000239110258145	2.83156884645e-05	0	1.25847504287e-05	1.25847504287e-05	0.000207648382073	2.20233132502e-05	1.57309380358e-05	0	0	0.000651260834684	0	3.14618760717e-06	6.29237521433e-05	4.40466265003e-05	0.00436376221114	9.4385628215e-05	0	1.57309380358e-05	0.00018877125643	4.09004388932e-05	2.20233132502e-05	0.00079913165222	6.29237521433e-06	0	3.14618760717e-06	0.00014472462993	0.000100678003429	0.0016674794318	0.000135286067108	0.00473501234879	9.12394406078e-05	5.03390017147e-05	0.000103824191037	0.00122386697919	3.7754251286e-05	0.000113262753858	3.14618760717e-06	0	0	3.14618760717e-06	0.0010980194749	2.83156884645e-05	0.000141578442323	1.57309380358e-05	0.00212682282244	0	9.4385628215e-06	0.000201356006859	9.12394406078e-05	0	0	0	0	3.14618760717e-06
0.00147556198776	9.4385628215e-06	2.51695008573e-05	0	0.000707892211613	0	0.0112664978213	0.00698768267552	0.00482310560179	0	0.0307728609857	4.40466265003e-05	0.00199153675534	0	0.0033349588636	0.00139690729758	3.14618760717e-06	0	9.4385628215e-06	4.71928141075e-05	0.00242571064513	3.14618760717e-05	0	5.34851893218e-05	0.000201356006859	0	0.000459343390646	0.000324057323538	0.00683981185798	0.00343878305463	3.7754251286e-05	0	0.00021079456968	0.00185625068823	0.00231559407887	0	1.57309380358e-05	0	0	9.4385628215e-05	0	0.000449904827825	3.14618760717e-06	0.000635529896648	1.8877125643e-05	0.0021928927622	9.75318158222e-05	0.000446758640218	0.000147870817537	0.00014472462993	0	0	3.14618760717e-06	6.29237521433e-06	9.4385628215e-06	0.00182478881216	3.14618760717e-06	0	6.29237521433e-06	5.6631376929e-05	6.29237521433e-06	8.49470653935e-05	8.18008777863e-05	0.000550582831254	5.34851893218e-05	0	1.25847504287e-05	2.20233132502e-05	0	0.000292595447467	0.000679576523148	0.000254841196181	0.00148500055058	6.29237521433e-05	4.40466265003e-05	3.14618760717e-06	0	0.000163601755573	4.09004388932e-05	0.000726769337256	0	0.000169894130787	0.000160455567966	0
0.000953294844972	9.4385628215e-06	0.000154163192751	0	0.00016674794318	0	0.000783400714185	4.71928141075e-05	5.34851893218e-05	1.8877125643e-05	4.40466265003e-05	0.032380562853	0.000978464345829	0.00771759820038	0.00300460916484	0.000138432254715	0	0.00033349588636	0.00384464125596	0.00470669666032	0.00140005348519	3.14618760717e-05	1.25847504287e-05	0.000239110258145	0.000289449259859	0.000978464345829	0.0128364454372	0.000471928141075	7.86546901792e-05	0.00622001289937	0.000276864509431	0.00165489468137	0.00068901508597	8.18008777863e-05	0.0106246755494	0	1.25847504287e-05	6.29237521433e-06	0	1.57309380358e-05	0	1.57309380358e-05	3.14618760717e-06	2.83156884645e-05	2.51695008573e-05	5.34851893218e-05	0.000207648382073	0.000173040318394	0.000896663468043	3.14618760717e-06	0	0	0	1.8877125643e-05	0.000138432254715	4.40466265003e-05	0	3.14618760717e-06	3.14618760717e-06	0.00018877125643	0.000254841196181	0.000909248218471	0.000449904827825	2.51695008573e-05	0	0	3.7754251286e-05	0	0	3.7754251286e-05	0.00211738425962	0.00407745913889	0.00558448300272	0.000487659079111	0.0008777863424	0	0.00016674794318	0.000163601755573	0.00124589029244	4.71928141075e-05	9.4385628215e-06	9.4385628215e-06	0	0.000248548820966
0.00119555129072	0	3.14618760717e-06	0	0.00457141059321	0	0.00897921943085	0.000453051015432	0.00144410011169	0.00165489468137	0.00199153675534	0.000978464345829	0.0393147603392	9.12394406078e-05	0.00573864619547	0.00220233132502	0	0	0.000182478881216	0.000160455567966	0.0120027057213	0	0	1.25847504287e-05	0.00583303182369	3.14618760717e-06	0.000459343390646	1.8877125643e-05	0.00173040318394	0.00580786232283	1.8877125643e-05	1.8877125643e-05	0.00143466154887	9.12394406078e-05	0.00271515990499	0	3.14618760717e-06	1.25847504287e-05	0	0.00121757460397	0	0.00585505513694	2.51695008573e-05	0.00799446270981	0.00073306171247	0.0107631078041	0.00200726769337	0.0144063930532	0.00107284997404	0.00195692869166	1.25847504287e-05	0	2.51695008573e-05	0.000352373012003	0.000308326385502	0.0109613176234	0	0	6.29237521433e-06	0.000915540593686	1.57309380358e-05	0.000405858201325	0.000726769337256	0.000767669776149	0.000676430335541	0	1.8877125643e-05	0.000116408941465	0	0.00395790400982	0.000242256445752	0.00052226714279	0.00200097531816	0.000726769337256	0.00208277619594	9.4385628215e-06	2.51695008573e-05	0.00016674794318	0.000660699397505	0.00327203511145	1.25847504287e-05	0.000726769337256	0	5.34851893218e-05
2.51695008573e-05	0.00155107049033	3.14618760717e-06	0	2.20233132502e-05	0	9.12394406078e-05	0	3.14618760717e-06	0.000427881514575	0	0.00771759820038	9.12394406078e-05	0.0203054948167	0.000254841196181	9.4385628215e-06	1.8877125643e-05	6.29237521433e-06	5.97775645362e-05	5.34851893218e-05	5.34851893218e-05	0	0.000446758640218	1.25847504287e-05	9.75318158222e-05	0.0089131494911	0.00499614592018	0.00418442951753	3.14618760717e-06	0.000537998080826	6.29237521433e-06	0.00240054114427	0.000173040318394	6.29237521433e-06	0.000871493967185	0	0.000160455567966	0	0	3.14618760717e-06	0	2.51695008573e-05	0	5.03390017147e-05	3.14618760717e-06	5.03390017147e-05	0.000692161273577	5.34851893218e-05	0.00567257625572	3.14618760717e-06	0	0	0	0	0	4.09004388932e-05	0	3.14618760717e-06	0	3.14618760717e-06	0.00256414289984	0.000110116566251	0.000748792650506	0	0	0	0.000135286067108	0	0	6.29237521433e-05	0.000415296764146	0.00103509572276	0.000352373012003	0.000103824191037	9.75318158222e-05	0	0.00021079456968	6.29237521433e-06	0.00297314728877	5.97775645362e-05	0	0	0	0.000487659079111
0.0167754723214	1.25847504287e-05	0.00184995831301	0	0.000858909216757	0.000141578442323	0.00700341361355	0.00441724740046	0.0134625367711	0.000119555129072	0.0033349588636	0.00300460916484	0.00573864619547	0.000254841196181	0.0490207491073	0.0017115260583	0	0.000607214208183	0.000632383709041	0.000679576523148	0.0082964967201	0.00160455567966	0	0.00196322106687	0.00150702386383	6.29237521433e-06	0.00203872956944	0.000443612452611	0.00398307351067	0.0319149270871	0.009923075713	3.46080636788e-05	0.00813918733974	0.00375969419056	0.0118202268401	0	1.57309380358e-05	3.14618760717e-06	0	0.000220233132502	0	0.000264279759002	8.18008777863e-05	0.000213940757287	0.000141578442323	0.000383834888074	0.000270572134216	0.000409004388932	5.6631376929e-05	0	3.14618760717e-06	0	0	0	0	0.000128993691894	3.14618760717e-06	0	9.4385628215e-06	0.000736207900077	3.14618760717e-06	9.4385628215e-06	5.03390017147e-05	0.000273718321824	1.57309380358e-05	3.14618760717e-06	0	1.57309380358e-05	0	0.000654407022291	0.00170523368308	0.00110116566251	0.00885022573896	0.00337585930249	0.00146926961255	0.0012301593544	6.92161273577e-05	0.000456197203039	1.8877125643e-05	0.000468781953468	0.000342934449181	0.000339788261574	0.000336642073967	0
2.51695008573e-05	0	0	0	0.000201356006859	0.000991049096258	0.00762006638456	0.000506536204754	0.00204816813227	0.0013182526074	0.00139690729758	0.000138432254715	0.00220233132502	9.4385628215e-06	0.0017115260583	0.0123362016077	3.14618760717e-06	0	6.29237521433e-06	0	0.000289449259859	0	0	0	0.000934417719329	0	0.000135286067108	4.09004388932e-05	0.000758231213327	0.0010099262219	1.8877125643e-05	0	0.000616652771005	4.40466265003e-05	0.000386981075682	0	0	0	0	0.000106970378644	0	0	0	0	8.49470653935e-05	0.00012270131668	0	4.09004388932e-05	0	0	6.29237521433e-06	0	0	0	0	5.03390017147e-05	0	0	0	0.000163601755573	0	0	3.14618760717e-06	0.000125847504287	0	0	0	0	0	0	0.0012270131668	4.09004388932e-05	0.000361811574824	2.83156884645e-05	0.00529188755525	1.57309380358e-05	6.29237521433e-06	2.51695008573e-05	0	3.14618760717e-06	3.14618760717e-06	0	0	0
0	0.000821154965471	0	0	0	0	3.14618760717e-06	3.14618760717e-06	0	0.0023281788293	3.14618760717e-06	0	0	1.8877125643e-05	0	3.14618760717e-06	0.0157875694128	3.14618760717e-06	0	0	0	0.000305180197895	0.0088250562381	0.00202299863141	0.0062325976498	2.51695008573e-05	6.29237521433e-06	0.00363384668628	0.00182793499976	1.8877125643e-05	2.20233132502e-05	0	0	1.8877125643e-05	1.57309380358e-05	0	3.14618760717e-05	9.4385628215e-06	0	1.8877125643e-05	0	3.14618760717e-06	9.4385628215e-06	0	0.00154163192751	6.29237521433e-06	0	1.8877125643e-05	1.57309380358e-05	0	3.46080636788e-05	0.00334439742642	6.29237521433e-06	0	0	0	0.00171781843351	0.00548380499929	0.0009658795954	0.00292910066227	6.29237521433e-06	0	6.29237521433e-05	0.00301404772767	0	1.25847504287e-05	0	0	0	0	4.09004388932e-05	1.25847504287e-05	1.25847504287e-05	6.29237521433e-06	3.14618760717e-06	0	0	6.29237521433e-05	4.40466265003e-05	0	0	0	0	0
0.00185625068823	7.5508502572e-05	0.00771759820038	0	0	0	0	6.92161273577e-05	4.09004388932e-05	9.4385628215e-06	0	0.00033349588636	0	6.29237521433e-06	0.000607214208183	0	3.14618760717e-06	0.0268967578537	9.4385628215e-06	0.00585820132454	0	0.00347968349353	6.29237521433e-06	0.0138369330963	3.14618760717e-06	0	0.00954553320014	0.00400509682392	0.000707892211613	0.00248234202205	0.00516604005097	0	3.14618760717e-06	0.000330349698753	0.00574808475829	0	6.60699397505e-05	4.09004388932e-05	0	3.14618760717e-06	0	1.8877125643e-05	1.57309380358e-05	1.8877125643e-05	1.57309380358e-05	6.29237521433e-06	0	0	0	0	0	3.14618760717e-06	2.20233132502e-05	0	3.14618760717e-06	0	1.25847504287e-05	6.29237521433e-06	4.09004388932e-05	4.09004388932e-05	0	1.57309380358e-05	0.00031147257311	2.20233132502e-05	0	3.14618760717e-06	0	0	0	0	0.00042158913936	0.000368103950039	0.00361496956063	0.00415611382907	1.25847504287e-05	3.14618760717e-06	1.25847504287e-05	3.46080636788e-05	8.49470653935e-05	0.00023281788293	0.000235964070538	0	3.14618760717e-06	0
0.000412150576539	1.8877125643e-05	9.4385628215e-06	0	2.20233132502e-05	0	4.40466265003e-05	2.20233132502e-05	6.29237521433e-06	0	9.4385628215e-06	0.00384464125596	0.000182478881216	5.97775645362e-05	0.000632383709041	6.29237521433e-06	0	9.4385628215e-06	0.00556245968947	0.00317764948324	0.000607214208183	0	0	2.83156884645e-05	5.97775645362e-05	0	0.00125532885526	5.03390017147e-05	4.09004388932e-05	0.0011861127279	2.83156884645e-05	0	3.14618760717e-06	3.14618760717e-05	0.00213311519766	0	6.92161273577e-05	0	0	0	0	0	0	0	0	0	0	5.03390017147e-05	0	0	0	0	0	6.29237521433e-06	3.14618760717e-06	0	0	0	0	5.03390017147e-05	2.20233132502e-05	1.57309380358e-05	8.80932530007e-05	0	0	0	3.14618760717e-06	0	0	3.14618760717e-06	0.000468781953468	0.000600921832969	0.0013151064198	5.97775645362e-05	7.86546901792e-05	0	0	5.03390017147e-05	0	9.4385628215e-06	3.14618760717e-06	0	0	0
0.000786546901792	6.60699397505e-05	0.00094385628215	0	4.09004388932e-05	0	1.25847504287e-05	9.4385628215e-05	1.57309380358e-05	6.29237521433e-06	4.71928141075e-05	0.00470669666032	0.000160455567966	5.34851893218e-05	0.000679576523148	0	0	0.00585820132454	0.00317764948324	0.0253488335509	0.00033349588636	0.000280010697038	1.25847504287e-05	0.00138746873476	9.12394406078e-05	3.14618760717e-05	0.0184618288789	0.00252324246095	0.000248548820966	0.00165804086898	0.00149758530101	0	2.20233132502e-05	0.000292595447467	0.00728971668581	3.14618760717e-06	0.000179332693609	0.000113262753858	0	6.29237521433e-06	0	1.8877125643e-05	2.51695008573e-05	2.20233132502e-05	3.14618760717e-06	2.51695008573e-05	0	9.4385628215e-05	0	3.14618760717e-06	0	9.4385628215e-06	0.000160455567966	6.29237521433e-06	0.000103824191037	3.14618760717e-06	1.25847504287e-05	9.4385628215e-06	4.40466265003e-05	0.000116408941465	4.09004388932e-05	9.75318158222e-05	0.000745646462899	2.20233132502e-05	0	1.25847504287e-05	3.14618760717e-06	0	0	1.8877125643e-05	0.00169894130787	0.00195692869166	0.0045210715915	0.00461860340732	2.83156884645e-05	0	6.29237521433e-06	0.000151017005144	0.000349226824396	0.000264279759002	0.000239110258145	0	6.29237521433e-06	0
0.00560021394076	3.14618760717e-06	6.29237521433e-06	0	0.00565055294247	0	0.00164545611855	0.000119555129072	0.00195692869166	5.6631376929e-05	0.00242571064513	0.00140005348519	0.0120027057213	5.34851893218e-05	0.0082964967201	0.000289449259859	0	0	0.000607214208183	0.00033349588636	0.0255281662446	0	0	1.8877125643e-05	0.00375969419056	3.14618760717e-06	0.000795985464613	0.000141578442323	0.00238166401863	0.0081643568406	2.20233132502e-05	0	0.000984756721043	0.000185625068823	0.00396419638503	0	0	6.29237521433e-06	0	0.00189085875191	0	0.00291022353663	9.4385628215e-06	0.00330664317513	0.000475074328682	0.0043480312731	0.000726769337256	0.0054429045604	0.000519120955183	0.000459343390646	1.25847504287e-05	0	0	2.20233132502e-05	1.57309380358e-05	0.00573550000787	3.14618760717e-06	0	3.14618760717e-06	0.000550582831254	6.29237521433e-06	2.83156884645e-05	0.000100678003429	0.000673284147934	0.000223379320109	0	9.4385628215e-06	5.97775645362e-05	0	0.00136544542151	0.000239110258145	0.000324057323538	0.0025893124007	0.000405858201325	0.000245402633359	6.29237521433e-06	1.8877125643e-05	0.000217086944895	0.000267425946609	0.00110116566251	9.4385628215e-06	0.00037754251286	5.03390017147e-05	1.8877125643e-05
0.00162028661769	6.29237521433e-06	0.000962733407793	0	0	0	6.29237521433e-06	0.000858909216757	0.000201356006859	9.4385628215e-06	3.14618760717e-05	3.14618760717e-05	0	0	0.00160455567966	0	0.000305180197895	0.00347968349353	0	0.000280010697038	0	0.0355141657097	0.000257987383788	0.0244301467697	0.00014472462993	0	0.000267425946609	0.000424735326968	0.00661643253787	0.00453365634193	0.0132171341377	0	1.25847504287e-05	0.00269942896695	0.00677374191823	0	3.14618760717e-06	6.29237521433e-06	0	0	0	0	5.34851893218e-05	0	2.20233132502e-05	5.97775645362e-05	0	3.14618760717e-06	0	0	0	0.000446758640218	0	0	0	0	0.00190344350234	0.000390127263289	9.4385628215e-06	0.000213940757287	0	0	2.20233132502e-05	0.00227469363998	0	0	0	0	0	0	0.000698453648791	0.000185625068823	0.00257672765027	0.000704746024005	3.14618760717e-05	3.14618760717e-06	0	3.7754251286e-05	1.25847504287e-05	0	3.14618760717e-06	3.14618760717e-06	0	0
0	0.00658182447419	0.000286303072252	0	0	0	0	6.29237521433e-06	0	0.00606270351901	0	1.25847504287e-05	0	0.000446758640218	0	0	0.0088250562381	6.29237521433e-06	0	1.25847504287e-05	0	0.000257987383788	0.0301499158395	0.00360238481021	0.00706004499048	0.000880932530007	0.000283156884645	0.0139690729758	0.0019758058173	1.57309380358e-05	2.20233132502e-05	0	3.14618760717e-06	1.57309380358e-05	4.09004388932e-05	2.20233132502e-05	0.000906102030864	6.29237521433e-06	0	2.20233132502e-05	0	6.29237521433e-06	6.29237521433e-05	3.7754251286e-05	0.00272459846781	3.14618760717e-06	0	1.8877125643e-05	0.000198209819252	3.46080636788e-05	3.46080636788e-05	0.00895090374239	1.57309380358e-05	0	3.14618760717e-06	0	0.000613506583398	0.0129811700672	0.00287876166056	0.00410262863975	9.12394406078e-05	5.34851893218e-05	0.00328776604949	0.00238166401863	3.46080636788e-05	0.000119555129072	3.14618760717e-06	0	0	3.14618760717e-06	0.000443612452611	0.000251695008573	1.57309380358e-05	0.000157309380358	0	3.14618760717e-06	9.4385628215e-06	0.000138432254715	0.000119555129072	0	0	0	0	3.14618760717e-06
0.00278437603234	4.40466265003e-05	0.0194245622866	0	1.25847504287e-05	0	9.4385628215e-06	0.00272774465541	0.000597775645362	0.000151017005144	5.34851893218e-05	0.000239110258145	1.25847504287e-05	1.25847504287e-05	0.00196322106687	0	0.00202299863141	0.0138369330963	2.83156884645e-05	0.00138746873476	1.8877125643e-05	0.0244301467697	0.00360238481021	0.0808318520033	0.00012270131668	0	0.00353316868285	0.0103194953515	0.00936620050654	0.00386981075682	0.0130409476317	0	7.23623149648e-05	0.00108228853687	0.0120027057213	0	3.14618760717e-05	7.5508502572e-05	0	2.51695008573e-05	0	0.000110116566251	0.000106970378644	8.80932530007e-05	3.46080636788e-05	0.000132139879501	3.14618760717e-06	7.5508502572e-05	3.14618760717e-06	0	0	0.00392958832135	3.14618760717e-06	3.14618760717e-06	1.25847504287e-05	4.09004388932e-05	0.00349226824396	0.00581730088565	0.00384464125596	0.00118296654029	0	1.25847504287e-05	0.000679576523148	0.00327203511145	0	3.14618760717e-06	0	1.25847504287e-05	0	3.46080636788e-05	0.00555616731426	0.00159826330444	0.0125816042411	0.00891629567871	0.000431027702182	0.000135286067108	0.000110116566251	0.000531705705611	0.000295741635074	0.000242256445752	0.00023281788293	0.000217086944895	1.8877125643e-05	0
2.51695008573e-05	0.00265852852806	1.57309380358e-05	0	0.00942597807107	0	0.00106655759883	8.49470653935e-05	4.71928141075e-05	0.0127483521842	0.000201356006859	0.000289449259859	0.00583303182369	9.75318158222e-05	0.00150702386383	0.000934417719329	0.0062325976498	3.14618760717e-06	5.97775645362e-05	9.12394406078e-05	0.00375969419056	0.00014472462993	0.00706004499048	0.00012270131668	0.0481555475153	7.23623149648e-05	0.00021079456968	0.00394217307178	0.0149632682597	0.0024131258947	0.000160455567966	0	0.000456197203039	0.000113262753858	0.00129937548176	2.51695008573e-05	4.71928141075e-05	6.29237521433e-06	0	0.00405543582564	0	0.000396419638503	0.000147870817537	0.000459343390646	0.0127357674338	0.00254211958659	8.49470653935e-05	0.00126791360569	9.75318158222e-05	0.000103824191037	9.12394406078e-05	0.000305180197895	2.20233132502e-05	0	6.29237521433e-06	0.00204187575705	0.000783400714185	0.00187198162626	0.000314618760717	0.014415831616	9.4385628215e-06	9.4385628215e-06	8.80932530007e-05	0.00859223835517	3.46080636788e-05	0.00012270131668	3.14618760717e-06	3.14618760717e-06	0	0.000198209819252	0.00112948135097	0.000298887822681	0.000915540593686	0.000383834888074	0.00211109188441	6.29237521433e-06	0	0.00110431185012	0.000320911135931	0.00018877125643	0	0.000132139879501	9.4385628215e-06	6.29237521433e-06
0	0.00327518129906	0	0	0	0	0	3.14618760717e-06	0	0.000836885903506	0	0.000978464345829	3.14618760717e-06	0.0089131494911	6.29237521433e-06	0	2.51695008573e-05	0	0	3.14618760717e-05	3.14618760717e-06	0	0.000880932530007	0	7.23623149648e-05	0.0140005348519	0.00292595447467	0.00572606144504	9.4385628215e-06	1.25847504287e-05	3.14618760717e-06	0.000475074328682	3.14618760717e-06	6.29237521433e-06	0.000415296764146	0	0.000843178278721	3.14618760717e-06	0	0	0	1.57309380358e-05	0	1.57309380358e-05	3.14618760717e-06	1.57309380358e-05	0.000729915524863	1.25847504287e-05	0.00636159134169	3.14618760717e-06	0	0	6.29237521433e-06	3.14618760717e-06	1.8877125643e-05	3.14618760717e-06	0	3.14618760717e-06	3.14618760717e-06	6.29237521433e-06	0.00310214098067	0.00012270131668	0.00116723560226	0	0	0	0.000264279759002	0	0	3.7754251286e-05	7.5508502572e-05	0.000125847504287	1.57309380358e-05	9.4385628215e-06	0	0	0.000308326385502	3.14618760717e-06	0.00210479950919	3.46080636788e-05	0	0	0	0.000553729018861
0.00208906857116	0.00507480061036	0.00730230143623	0	9.75318158222e-05	0	0.000386981075682	0.000742500275291	0.000151017005144	0.000264279759002	0.000459343390646	0.0128364454372	0.000459343390646	0.00499614592018	0.00203872956944	0.000135286067108	6.29237521433e-06	0.00954553320014	0.00125532885526	0.0184618288789	0.000795985464613	0.000267425946609	0.000283156884645	0.00353316868285	0.00021079456968	0.00292595447467	0.102323459548	0.0354858500212	0.00133083735783	0.00491749123	0.00263650521481	0.00310214098067	0.000242256445752	0.0010539728484	0.00937249288175	1.25847504287e-05	0.011420661014	0.00132769117022	0	7.5508502572e-05	0	8.18008777863e-05	0.000128993691894	0.000116408941465	0.000368103950039	0.000267425946609	0.000176186506001	0.00031147257311	0.00515974767575	1.25847504287e-05	0	5.6631376929e-05	0.00134971448347	0.000132139879501	0.00112948135097	0.00012270131668	0.000280010697038	0.000339788261574	0.000679576523148	0.000962733407793	0.00420959901839	0.00625462096305	0.0238166401863	0.000547436643647	1.57309380358e-05	5.03390017147e-05	0.000704746024005	0	0	0.00042158913936	0.00980981295915	0.0116723560226	0.00629237521433	0.00532020324372	0.000317764948324	2.51695008573e-05	2.51695008573e-05	0.00234390976734	0.00396419638503	0.00130566785697	0.000459343390646	4.09004388932e-05	2.83156884645e-05	0.000135286067108
0.000519120955183	0.0236876464944	0.0175022416587	0	4.09004388932e-05	0	8.80932530007e-05	0.000434173889789	6.92161273577e-05	0.00390127263289	0.000324057323538	0.000471928141075	1.8877125643e-05	0.00418442951753	0.000443612452611	4.09004388932e-05	0.00363384668628	0.00400509682392	5.03390017147e-05	0.00252324246095	0.000141578442323	0.000424735326968	0.0139690729758	0.0103194953515	0.00394217307178	0.00572606144504	0.0354858500212	0.111154808161	0.00151960861426	0.00117982035269	0.00103194953515	0.000280010697038	0.000110116566251	0.000635529896648	0.0031587723576	1.25847504287e-05	0.0202079630008	0.0017555726848	0	8.80932530007e-05	0	0.000138432254715	0.000103824191037	0.000128993691894	0.00039956582611	0.000286303072252	5.6631376929e-05	0.000270572134216	0.00377857131621	9.4385628215e-06	0	0.00549009737451	0.000824301153078	4.09004388932e-05	0.000459343390646	8.49470653935e-05	0.000305180197895	0.00797243939656	0.00630181377716	0.00113577372619	0.00387295694442	0.00279696078277	0.0331199169406	0.000648114647076	1.8877125643e-05	3.7754251286e-05	0.000374396325253	9.4385628215e-06	0	0.000201356006859	0.012830153062	0.00786546901792	0.00402712013717	0.00603753401815	0.000270572134216	3.14618760717e-05	5.6631376929e-05	0.00270257515456	0.0020198524438	0.000833739715899	0.000380688700467	0.000179332693609	3.46080636788e-05	0.000128993691894
0.00149758530101	0.00021079456968	0.00259560477591	0	0.00385407981878	0	0.00395790400982	0.018773301452	0.00189400493951	0.00368103950039	0.00683981185798	7.86546901792e-05	0.00173040318394	3.14618760717e-06	0.00398307351067	0.000758231213327	0.00182793499976	0.000707892211613	4.09004388932e-05	0.000248548820966	0.00238166401863	0.00661643253787	0.0019758058173	0.00936620050654	0.0149632682597	9.4385628215e-06	0.00133083735783	0.00151960861426	0.0741965423398	0.00866774685775	0.0144472934921	0	0.000679576523148	0.00744387987856	0.0114993157042	2.51695008573e-05	7.86546901792e-05	0.000100678003429	0	0.00756972738284	0	0.000358665387217	0.000364957762431	0.000371250137646	0.0120656294735	0.00449275590303	6.29237521433e-05	0.00173354937155	6.29237521433e-05	7.5508502572e-05	3.14618760717e-05	7.23623149648e-05	3.46080636788e-05	0	3.14618760717e-06	0.00159826330444	0.000569459956897	0.000286303072252	0.000327203511145	0.0189148798943	3.14618760717e-06	9.4385628215e-06	0.000223379320109	0.0143088612374	4.40466265003e-05	0.000141578442323	0	3.14618760717e-06	0	0.000163601755573	0.00372823231449	0.0019317591908	0.00717645393195	0.00389812644528	0.00118296654029	0.000374396325253	6.29237521433e-06	0.00286303072252	0.000409004388932	0.000185625068823	9.4385628215e-06	0.00021079456968	4.09004388932e-05	0
0.0177507904796	2.83156884645e-05	0.00360553099781	0	0.00123645172962	3.14618760717e-06	0.00435117746071	0.00963362645315	0.00334439742642	0.000239110258145	0.00343878305463	0.00622001289937	0.00580786232283	0.000537998080826	0.0319149270871	0.0010099262219	1.8877125643e-05	0.00248234202205	0.0011861127279	0.00165804086898	0.0081643568406	0.00453365634193	1.57309380358e-05	0.00386981075682	0.0024131258947	1.25847504287e-05	0.00491749123	0.00117982035269	0.00866774685775	0.0680142836917	0.0269565354182	6.60699397505e-05	0.00780883764099	0.0178168604194	0.0283093960893	0	3.46080636788e-05	6.29237521433e-06	0	0.000317764948324	0	0.000509682392361	0.000201356006859	0.000503390017147	0.000295741635074	0.000673284147934	0.000383834888074	0.00169579512026	8.49470653935e-05	3.14618760717e-06	6.29237521433e-06	3.14618760717e-06	0	0	0	0.000308326385502	3.14618760717e-05	6.29237521433e-06	0.000116408941465	0.00282842265884	9.4385628215e-06	1.25847504287e-05	0.000135286067108	0.00061036039579	6.60699397505e-05	6.29237521433e-06	3.14618760717e-06	2.20233132502e-05	0	0.000871493967185	0.00463118815775	0.00220547751262	0.0172631314005	0.0051377243625	0.00228727839041	0.00108228853687	9.75318158222e-05	0.00187827400148	0.000176186506001	0.000629237521433	0.000346080636788	0.000811716402649	0.000342934449181	0
0.0117006717111	9.4385628215e-06	0.00582044707326	0	3.14618760717e-06	0	0.000179332693609	0.00771759820038	0.00141578442323	2.83156884645e-05	3.7754251286e-05	0.000276864509431	1.8877125643e-05	6.29237521433e-06	0.009923075713	1.8877125643e-05	2.20233132502e-05	0.00516604005097	2.83156884645e-05	0.00149758530101	2.20233132502e-05	0.0132171341377	2.20233132502e-05	0.0130409476317	0.000160455567966	3.14618760717e-06	0.00263650521481	0.00103194953515	0.0144472934921	0.0269565354182	0.0494328996838	0	0.000487659079111	0.0133933206437	0.0113231291982	0	6.29237521433e-06	0	0	8.49470653935e-05	0	2.83156884645e-05	0.000163601755573	2.83156884645e-05	0.000160455567966	0.000128993691894	1.57309380358e-05	0.000327203511145	6.29237521433e-06	3.14618760717e-06	3.14618760717e-06	3.14618760717e-06	0	0	0	1.25847504287e-05	2.51695008573e-05	6.29237521433e-06	8.18008777863e-05	0.00134656829587	0	3.14618760717e-06	4.40466265003e-05	0.00039956582611	1.8877125643e-05	3.14618760717e-06	0	0	0	5.34851893218e-05	0.00165174849376	0.000569459956897	0.00738724850163	0.00284729978449	1.25847504287e-05	0.000409004388932	6.29237521433e-06	0.000840032091114	9.4385628215e-05	3.7754251286e-05	9.4385628215e-06	0.000110116566251	0	0
0	3.14618760717e-06	0	0	0	0	0	0	0	0	0	0.00165489468137	1.8877125643e-05	0.00240054114427	3.46080636788e-05	0	0	0	0	0	0	0	0	0	0	0.000475074328682	0.00310214098067	0.000280010697038	0	6.60699397505e-05	0	0.0032909122371	2.83156884645e-05	0	6.92161273577e-05	0	1.8877125643e-05	0	0	0	0	3.14618760717e-06	0	1.57309380358e-05	0	1.8877125643e-05	4.71928141075e-05	1.8877125643e-05	0.000909248218471	0	0	0	0	3.14618760717e-06	0	1.8877125643e-05	0	0	0	0	9.12394406078e-05	0.00014472462993	0.000106970378644	0	0	0	1.8877125643e-05	0	0	1.8877125643e-05	2.83156884645e-05	6.92161273577e-05	6.29237521433e-06	0	0	0	3.14618760717e-06	0	0.000585190894933	1.8877125643e-05	0	0	0	0
0.000707892211613	9.4385628215e-06	3.46080636788e-05	0	0.000339788261574	0.00159197092923	0.00409633626453	0.000563167581683	0.00159511711683	1.25847504287e-05	0.00021079456968	0.00068901508597	0.00143466154887	0.000173040318394	0.00813918733974	0.000616652771005	0	3.14618760717e-06	3.14618760717e-06	2.20233132502e-05	0.000984756721043	1.25847504287e-05	3.14618760717e-06	7.23623149648e-05	0.000456197203039	3.14618760717e-06	0.000242256445752	0.000110116566251	0.000679576523148	0.00780883764099	0.000487659079111	2.83156884645e-05	0.0129591467539	0.000607214208183	0.00568201481854	0	1.57309380358e-05	0	0	5.34851893218e-05	0	0.000267425946609	1.8877125643e-05	0.000217086944895	5.34851893218e-05	0.000147870817537	0.000276864509431	0.000371250137646	5.34851893218e-05	0	3.14618760717e-06	0	0	0	0	0.000100678003429	3.14618760717e-06	0	3.14618760717e-06	0.000437320077396	3.14618760717e-06	9.4385628215e-06	3.14618760717e-05	6.92161273577e-05	1.57309380358e-05	3.14618760717e-06	0	1.57309380358e-05	0	0.000666991772719	0.00129937548176	0.000487659079111	0.00344507542985	0.00196636725448	0.000582044707326	0.0017115260583	6.60699397505e-05	0.000374396325253	1.57309380358e-05	0.000468781953468	0.000346080636788	0.000342934449181	0.000352373012003	0
0.000383834888074	2.51695008573e-05	0.000449904827825	0	1.8877125643e-05	0	0.000270572134216	0.00827132721924	0.000352373012003	1.25847504287e-05	0.00185625068823	8.18008777863e-05	9.12394406078e-05	6.29237521433e-06	0.00375969419056	4.40466265003e-05	1.8877125643e-05	0.000330349698753	3.14618760717e-05	0.000292595447467	0.000185625068823	0.00269942896695	1.57309380358e-05	0.00108228853687	0.000113262753858	6.29237521433e-06	0.0010539728484	0.000635529896648	0.00744387987856	0.0178168604194	0.0133933206437	0	0.000607214208183	0.0209567556513	0.0133996130189	0	3.14618760717e-05	3.14618760717e-06	0	0.000119555129072	0	0.000113262753858	0.000157309380358	0.000113262753858	0.000147870817537	0.000223379320109	0.000195063631644	0.000106970378644	3.7754251286e-05	3.14618760717e-06	0	3.14618760717e-06	3.14618760717e-06	0	0	3.46080636788e-05	4.09004388932e-05	6.29237521433e-06	0.000132139879501	0.000940710094543	6.29237521433e-06	3.14618760717e-06	6.92161273577e-05	0.000443612452611	2.20233132502e-05	3.14618760717e-06	0	3.46080636788e-05	0	0.000292595447467	0.00346080636788	0.00100678003429	0.00619484339851	0.00248863439727	1.57309380358e-05	0.000412150576539	0	0.000821154965471	0.000226525507716	0.000248548820966	3.14618760717e-06	0.000358665387217	3.14618760717e-06	0
0.00318079567085	9.4385628215e-05	0.00166118705658	0	0.000550582831254	3.46080636788e-05	0.00190973587755	0.0074187103777	0.000836885903506	0.000207648382073	0.00231559407887	0.0106246755494	0.00271515990499	0.000871493967185	0.0118202268401	0.000386981075682	1.57309380358e-05	0.00574808475829	0.00213311519766	0.00728971668581	0.00396419638503	0.00677374191823	4.09004388932e-05	0.0120027057213	0.00129937548176	0.000415296764146	0.00937249288175	0.0031587723576	0.0114993157042	0.0283093960893	0.0113231291982	6.92161273577e-05	0.00568201481854	0.0133996130189	0.0619956267992	0	8.18008777863e-05	1.57309380358e-05	0	0.000242256445752	0	0.000591483270147	0.000346080636788	0.000578898519719	0.000254841196181	0.000795985464613	0.00054429045604	0.00172725699633	0.00012270131668	3.14618760717e-06	3.14618760717e-06	1.25847504287e-05	2.51695008573e-05	0	0	0.000298887822681	5.34851893218e-05	1.8877125643e-05	0.000251695008573	0.0032028189841	3.14618760717e-05	1.57309380358e-05	0.000270572134216	0.000956441032579	7.5508502572e-05	1.57309380358e-05	3.14618760717e-06	5.6631376929e-05	0	0.00107914234926	0.00933473863046	0.00438263933678	0.0304991426639	0.00707577592852	0.00113262753858	0.00163287136812	0.000484512891504	0.00257987383788	0.000371250137646	0.000808570215042	0.000364957762431	0.00109487328729	0.000364957762431	1.8877125643e-05
0	6.29237521433e-06	3.14618760717e-06	0	0	0	0	0	0	2.20233132502e-05	0	0	0	0	0	0	0	0	0	3.14618760717e-06	0	0	2.20233132502e-05	0	2.51695008573e-05	0	1.25847504287e-05	1.25847504287e-05	2.51695008573e-05	0	0	0	0	0	0	0.0104484890434	9.4385628215e-06	0.000169894130787	0	0	0	9.12394406078e-05	0.00432600795985	0.000409004388932	2.51695008573e-05	0.000103824191037	0	3.14618760717e-06	3.14618760717e-06	0.00424106089446	6.29237521433e-06	0	6.92161273577e-05	0	0.000176186506001	6.29237521433e-06	0.000541144268433	0	0.000308326385502	0.00213940757287	0	2.83156884645e-05	0.00018877125643	0.0024571725212	0.00582673944847	0.0034261983042	0	0	2.20233132502e-05	0.000818008777863	0	9.4385628215e-06	3.14618760717e-06	9.4385628215e-06	0	0	9.4385628215e-06	0.000449904827825	1.57309380358e-05	0.00117667416508	0.00100678003429	0	6.60699397505e-05	0
