0.0157915751647	2.7949690557e-05	0.000199640646836	0	0.000171690956279	4.39209423039e-05	0.000287482531443	0.00739868237173	0.00305450189659	0.000666799760431	0.00127370732681	0.000131762826912	9.18346975444e-05	5.5899381114e-05	0.00721900578958	1.59712517469e-05	5.19065681773e-05	0.000455180674785	1.19784388101e-05	0.000151726891595	0.000199640646836	0.00055899381114	0.000179676582152	0.000495108804153	0.00100219604712	7.98562587343e-06	0.000339389099621	0.000199640646836	0.00211219804352	0.00687562387702	0.00702335795568	0	2.39568776203e-05	0.000327410660811	0.00275504092633	7.98562587343e-05	4.79137552406e-05	3.99281293671e-06	0	4.79137552406e-05	0	2.39568776203e-05	0.000159712517469	4.79137552406e-05	0.000371331603114	6.38850069874e-05	1.99640646836e-05	1.59712517469e-05	0	0.000107805949291	0	6.38850069874e-05	1.59712517469e-05	1.19784388101e-05	2.7949690557e-05	6.38850069874e-05	5.98921940507e-05	0.000151726891595	0.000103813136355	0.000383310041925	7.98562587343e-06	3.59353164304e-05	5.98921940507e-05	0.000355360351368	8.3849071671e-05	8.3849071671e-05	0	0	3.99281293671e-06	7.98562587343e-05	0.000666799760431	0.000123777201038	0.00162108205231	0.000622878818127	6.38850069874e-05	2.39568776203e-05	3.99281293671e-06	6.78778199241e-05	1.19784388101e-05	7.58634457976e-05	1.59712517469e-05	3.19425034937e-05	2.39568776203e-05	0
2.7949690557e-05	0.0180634857257	0.00283090437213	0	7.98562587343e-06	1.59712517469e-05	1.19784388101e-05	3.99281293671e-05	3.59353164304e-05	0.00105410261529	1.59712517469e-05	3.99281293671e-05	0	7.58634457976e-05	4.79137552406e-05	2.39568776203e-05	0.000431223797165	0.000978239169495	7.98562587343e-06	0.000183669395089	3.99281293671e-06	0.000147734078658	0.00263924935117	0.000415252545418	0.00052305849471	0.000654821321621	0.00241964463965	0.0118067478539	0.000135755639848	9.18346975444e-05	0.000183669395089	0	3.99281293671e-06	2.39568776203e-05	0.000423238171292	1.19784388101e-05	0.00843282092234	0.00147334797365	0	3.99281293671e-06	0	1.59712517469e-05	7.98562587343e-06	1.19784388101e-05	8.78418846077e-05	7.98562587343e-06	6.78778199241e-05	3.99281293671e-06	1.59712517469e-05	2.7949690557e-05	0	7.58634457976e-05	0.000574965062887	3.19425034937e-05	0.000343381912557	3.99281293671e-06	2.39568776203e-05	0.000467159113596	0.000271511279697	7.18706328609e-05	0.000235575963266	0.00126572170094	0.00765821521262	2.7949690557e-05	1.19784388101e-05	3.19425034937e-05	7.98562587343e-06	0	0	0.000351367538431	0.00052305849471	0.00052305849471	0.000295468157317	0.000119784388101	7.18706328609e-05	0	0	0.000311439409064	0.000543022559393	0.00027949690557	4.39209423039e-05	1.19784388101e-05	7.98562587343e-06	3.99281293671e-06
0.000199640646836	0.00283090437213	0.0403314034737	0	0	0	4.39209423039e-05	0.000459173487722	0.000175683769215	0.00025554002795	9.58275104811e-05	7.58634457976e-05	2.7949690557e-05	4.39209423039e-05	0.000235575963266	0	0.000483130365342	0.0100499101617	3.99281293671e-06	0.000347374725494	3.19425034937e-05	0.00130165701737	0.00149331203833	0.0124216410461	0.00027949690557	1.59712517469e-05	0.00850069874226	0.0185066879617	0.000790576961469	0.000335396286684	0.00144939109603	0	0	9.18346975444e-05	0.00223198243162	2.39568776203e-05	0.00544220403274	0.00319025753643	0	3.99281293671e-06	0	1.99640646836e-05	5.98921940507e-05	3.19425034937e-05	8.3849071671e-05	1.99640646836e-05	4.79137552406e-05	1.19784388101e-05	7.98562587343e-06	4.39209423039e-05	0	0.000431223797165	0.000994210421242	1.19784388101e-05	0.000459173487722	3.99281293671e-06	0.000127770013975	0.0018486723897	0.00206827710122	5.19065681773e-05	4.39209423039e-05	0.00133359952086	0.00701137951687	6.78778199241e-05	2.7949690557e-05	7.18706328609e-05	0	0	0	0.000479137552406	0.00395687762028	0.00222000399281	0.00227191056099	0.00166500299461	3.19425034937e-05	1.59712517469e-05	3.99281293671e-06	0.000511080055899	0.00123377919744	0.000427230984228	0.000159712517469	1.59712517469e-05	2.39568776203e-05	0
0	0	0	0	0	0	0	0	0	0	0	0	0	0	0	0	0	0	0	0	0	0	0	0	0	0	0	0	0	0	0	0	0	0	0	0	0	0	0	0	0	0	0	0	0	0	0	0	0	0	0	0	0	0	0	0	0	0	0	0	0	0	0	0	0	0	0	0	0	0	0	0	0	0	0	0	0	0	0	0	0	0	0	0
0.000171690956279	7.98562587343e-06	0	0	0.0226192852865	4.39209423039e-05	0.00104212417648	0.000866440407267	0.000806548213216	0.00116590137752	0.00368935915352	0.000227590337393	0.00280295468157	9.18346975444e-05	0.000722699141545	9.58275104811e-05	3.99281293671e-06	1.59712517469e-05	1.99640646836e-05	9.98203234178e-05	0.0105130764624	7.98562587343e-05	1.59712517469e-05	4.39209423039e-05	0.0122339788381	1.19784388101e-05	0.000203633459772	5.5899381114e-05	0.0101816729886	0.00194050708724	0.000475144739469	0	2.39568776203e-05	0.000187662208026	0.00147734078658	0.000107805949291	1.99640646836e-05	3.99281293671e-06	0	0.00101018167299	0	0.000119784388101	0.000115791575165	9.98203234178e-05	0.00188061489319	0.000658814134558	1.99640646836e-05	0.000163705330405	3.99281293671e-06	0.000131762826912	1.99640646836e-05	3.99281293671e-06	0	3.99281293671e-06	0	0.00112198043522	3.99281293671e-06	4.39209423039e-05	1.19784388101e-05	0.00233180275504	7.98562587343e-06	7.98562587343e-06	1.59712517469e-05	0.0011858654422	7.58634457976e-05	3.99281293671e-06	0	0	0	5.98921940507e-05	0.000271511279697	3.99281293671e-05	0.00107805949291	0.000223597524456	0.00026751846676	1.99640646836e-05	3.99281293671e-06	4.39209423039e-05	1.19784388101e-05	5.19065681773e-05	0	2.39568776203e-05	1.59712517469e-05	0
4.39209423039e-05	1.59712517469e-05	0	0	4.39209423039e-05	0.00799760431224	0.00327809942104	0.000199640646836	0.00202435615891	0.000115791575165	0.000287482531443	0.000251547215013	0.000247554402076	0.000355360351368	0.000878418846077	0.00151726891595	3.99281293671e-06	1.99640646836e-05	7.98562587343e-06	6.38850069874e-05	9.58275104811e-05	3.99281293671e-05	1.99640646836e-05	4.39209423039e-05	0.000111798762228	2.7949690557e-05	0.000115791575165	2.39568776203e-05	0.000235575963266	0.00142942703134	0.000139748452785	3.99281293671e-06	0.00169295268517	1.99640646836e-05	0.00238770213615	1.19784388101e-05	3.99281293671e-06	3.99281293671e-06	0	3.99281293671e-06	0	0	1.59712517469e-05	0	3.59353164304e-05	7.98562587343e-06	0	3.99281293671e-06	0	7.98562587343e-06	0	0	3.99281293671e-06	0	0	7.98562587343e-06	3.99281293671e-06	3.99281293671e-06	3.99281293671e-06	3.99281293671e-05	3.99281293671e-06	7.98562587343e-06	3.99281293671e-06	2.39568776203e-05	3.99281293671e-06	3.99281293671e-06	0	0	3.99281293671e-06	1.59712517469e-05	0.000347374725494	4.39209423039e-05	0.0011858654422	0.000307446596127	0.00171291674985	0.000746656019166	1.19784388101e-05	1.19784388101e-05	1.19784388101e-05	1.19784388101e-05	3.99281293671e-06	0	3.99281293671e-06	0
0.000287482531443	1.19784388101e-05	4.39209423039e-05	0	0.00104212417648	0.00327809942104	0.0383869035736	0.00403673387902	0.0144260331403	0.000319425034937	0.0154641645039	0.000766620083849	0.00856857656219	0.000606907566381	0.00331403473747	0.00276701936514	3.99281293671e-06	7.18706328609e-05	3.19425034937e-05	0.000235575963266	0.00287881812737	0.000187662208026	3.59353164304e-05	8.78418846077e-05	0.00124975044919	7.98562587343e-06	0.000487123178279	0.000103813136355	0.00395288480735	0.00472349770413	0.000986224795368	3.99281293671e-06	0.000347374725494	0.000119784388101	0.00424036733879	5.19065681773e-05	1.19784388101e-05	7.98562587343e-06	0	0.000139748452785	0	5.19065681773e-05	0.000139748452785	3.99281293671e-05	0.000395288480735	0.000171690956279	1.99640646836e-05	2.7949690557e-05	1.19784388101e-05	7.98562587343e-05	0	1.19784388101e-05	0	1.19784388101e-05	7.98562587343e-06	0.000175683769215	7.98562587343e-06	1.59712517469e-05	1.19784388101e-05	0.000586943501697	7.98562587343e-06	2.7949690557e-05	1.99640646836e-05	0.000367338790178	3.59353164304e-05	2.39568776203e-05	7.98562587343e-06	3.99281293671e-06	0	2.39568776203e-05	0.000566979437013	9.98203234178e-05	0.00277101217808	0.000578957875824	0.00250748652426	0.000251547215013	7.98562587343e-06	4.39209423039e-05	1.59712517469e-05	5.19065681773e-05	1.59712517469e-05	2.7949690557e-05	2.39568776203e-05	0
0.00739868237173	3.99281293671e-05	0.000459173487722	0	0.000866440407267	0.000199640646836	0.00403673387902	0.0489998003594	0.00970253543621	0.00214813335995	0.0124016769814	0.000491115991216	0.000367338790178	0.00027949690557	0.0105929327211	0.000187662208026	0.000111798762228	0.000914354162507	2.7949690557e-05	0.000287482531443	0.000798562587343	0.00229187462567	0.000207626272709	0.00118985825514	0.00411259732482	2.7949690557e-05	0.000698742263925	0.000423238171292	0.0198882012378	0.00987422639249	0.0145977240966	0	9.58275104811e-05	0.00148931922539	0.00664803353963	0.000315432222	6.78778199241e-05	1.59712517469e-05	0	0.000207626272709	0	0.000119784388101	0.000467159113596	0.000179676582152	0.00150529047714	0.000351367538431	6.38850069874e-05	6.78778199241e-05	3.99281293671e-06	0.000379317228988	0	8.3849071671e-05	3.59353164304e-05	1.59712517469e-05	3.19425034937e-05	0.000275504092633	4.79137552406e-05	0.000187662208026	0.000131762826912	0.00168895987223	1.19784388101e-05	5.98921940507e-05	0.000111798762228	0.00105010980236	0.000211619085646	0.000127770013975	3.99281293671e-06	7.98562587343e-06	0	0.000199640646836	0.00218007586345	0.000275504092633	0.00474745458175	0.00165701736874	0.000319425034937	7.98562587343e-05	1.99640646836e-05	0.000147734078658	1.19784388101e-05	0.000219604711519	6.78778199241e-05	6.78778199241e-05	8.3849071671e-05	7.98562587343e-06
0.00305450189659	3.59353164304e-05	0.000175683769215	0	0.000806548213216	0.00202435615891	0.0144260331403	0.00970253543621	0.0469634657616	0.000910361349571	0.0127211020164	0.00217608305051	0.00281094030745	0.00123777201038	0.0246236773807	0.00085046915552	6.38850069874e-05	0.000295468157317	0.000107805949291	0.000694749450988	0.00203234178479	0.00057097224995	0.000187662208026	0.000395288480735	0.00194849271312	7.58634457976e-05	0.00154521860651	0.000395288480735	0.00519464963066	0.0130724695548	0.00482731084049	7.98562587343e-06	0.00116190856458	0.000251547215013	0.00938311040128	0.000163705330405	4.79137552406e-05	1.99640646836e-05	0	0.000127770013975	0	9.98203234178e-05	0.000311439409064	0.000107805949291	0.000642842882811	0.000163705330405	7.58634457976e-05	3.99281293671e-05	2.39568776203e-05	0.000215611898583	0	3.99281293671e-05	1.19784388101e-05	2.7949690557e-05	1.99640646836e-05	0.000167698143342	3.99281293671e-05	9.98203234178e-05	8.78418846077e-05	0.000926332601318	2.7949690557e-05	6.78778199241e-05	9.58275104811e-05	0.000642842882811	0.000127770013975	7.58634457976e-05	7.98562587343e-06	3.99281293671e-06	3.99281293671e-06	0.000127770013975	0.00153723298063	0.000287482531443	0.00586544220403	0.00108604511879	0.00127370732681	0.000167698143342	4.39209423039e-05	9.98203234178e-05	7.98562587343e-06	0.000127770013975	2.7949690557e-05	3.59353164304e-05	3.19425034937e-05	1.19784388101e-05
0.000666799760431	0.00105410261529	0.00025554002795	0	0.00116590137752	0.000115791575165	0.000319425034937	0.00214813335995	0.000910361349571	0.0296067079257	0.000586943501697	0.000107805949291	0.000902375723697	5.19065681773e-05	0.000990217608305	0.00083849071671	0.00140547015372	0.000175683769215	3.99281293671e-06	3.99281293671e-05	0.000399281293671	0.00161309642643	0.00721501297664	0.00116989419046	0.0127410660811	1.99640646836e-05	0.000187662208026	0.00127370732681	0.00705929327211	0.00285086843681	0.00361349570773	0	7.98562587343e-06	0.000698742263925	0.00234777400679	0.000511080055899	0.000155719704532	5.98921940507e-05	0	0.000527051307646	0	0.000175683769215	0.00125773607506	0.000311439409064	0.00690357356758	0.000387302854861	8.3849071671e-05	0.000119784388101	3.99281293671e-06	0.00057097224995	2.7949690557e-05	0.00140946296666	4.39209423039e-05	7.98562587343e-06	2.7949690557e-05	0.000455180674785	0.00059492912757	0.00324615691755	0.000986224795368	0.0045238570573	0	5.98921940507e-05	0.000203633459772	0.00342184068676	0.00052305849471	0.000455180674785	0	3.99281293671e-06	7.58634457976e-05	0.000467159113596	0.0011419444999	0.000107805949291	0.00118187262927	0.000467159113596	0.00202435615891	3.19425034937e-05	0	0.000435216610102	0.000131762826912	0.000459173487722	8.3849071671e-05	0.000147734078658	0.000131762826912	3.99281293671e-06
0.00127370732681	1.59712517469e-05	9.58275104811e-05	0	0.00368935915352	0.000287482531443	0.0154641645039	0.0124016769814	0.0127211020164	0.000586943501697	0.0571411459373	0.00112996606109	0.00949890197644	0.000495108804153	0.0076023158315	0.000475144739469	1.59712517469e-05	0.000155719704532	6.38850069874e-05	0.000431223797165	0.0104292273907	0.000327410660811	3.99281293671e-05	0.000211619085646	0.00369335196646	6.38850069874e-05	0.000966260730685	0.000263525653823	0.0149690556997	0.00983829107606	0.00202036334598	0	0.000167698143342	0.00054701537233	0.0078299061689	0.000167698143342	3.59353164304e-05	1.99640646836e-05	0	0.000491115991216	0	0.000135755639848	0.000187662208026	9.98203234178e-05	0.000958275104811	0.000499101617089	6.78778199241e-05	0.000119784388101	1.19784388101e-05	0.000171690956279	0	3.99281293671e-06	7.98562587343e-06	7.98562587343e-06	1.19784388101e-05	0.000630864444001	3.99281293671e-06	2.39568776203e-05	3.99281293671e-05	0.00154921141944	2.7949690557e-05	4.39209423039e-05	5.19065681773e-05	0.000854461968457	0.000103813136355	1.99640646836e-05	7.98562587343e-06	0	0	8.78418846077e-05	0.00128967857856	0.000151726891595	0.00529047714115	0.000794569774406	0.000598921940507	7.58634457976e-05	2.7949690557e-05	5.98921940507e-05	1.99640646836e-05	0.000135755639848	3.19425034937e-05	3.59353164304e-05	3.99281293671e-05	0
0.000131762826912	3.99281293671e-05	7.58634457976e-05	0	0.000227590337393	0.000251547215013	0.000766620083849	0.000491115991216	0.00217608305051	0.000107805949291	0.00112996606109	0.0242603314035	0.000958275104811	0.00715112796965	0.00182870832501	3.19425034937e-05	2.39568776203e-05	0.000459173487722	0.00115392293871	0.00423637452585	0.000562986624077	0.000123777201038	2.7949690557e-05	0.000115791575165	0.000247554402076	0.00127770013975	0.0087442603314	0.00140946296666	0.000722699141545	0.00592932721102	0.000375324416051	0.000127770013975	0.000299460970254	7.58634457976e-05	0.00998602515472	2.39568776203e-05	0.000127770013975	7.98562587343e-06	0	1.19784388101e-05	0	1.59712517469e-05	3.99281293671e-05	1.19784388101e-05	0.000107805949291	4.39209423039e-05	0.000974246356558	1.19784388101e-05	0.0012178079457	3.19425034937e-05	0	7.98562587343e-06	7.98562587343e-06	0.000139748452785	3.99281293671e-05	3.59353164304e-05	3.99281293671e-06	1.59712517469e-05	7.98562587343e-06	0.000159712517469	0.000950289478938	0.00081453383909	0.000463166300659	7.18706328609e-05	1.99640646836e-05	7.98562587343e-06	0.000351367538431	0	0	6.78778199241e-05	0.000439209423039	0.00249950089838	0.00667199041725	0.00027949690557	0.000135755639848	1.99640646836e-05	0.000391295667798	6.78778199241e-05	0.000275504092633	0.000127770013975	1.59712517469e-05	7.98562587343e-06	1.19784388101e-05	1.99640646836e-05
9.18346975444e-05	0	2.7949690557e-05	0	0.00280295468157	0.000247554402076	0.00856857656219	0.000367338790178	0.00281094030745	0.000902375723697	0.00949890197644	0.000958275104811	0.0340147734079	0.000379317228988	0.00209223397884	0.00194849271312	0	7.58634457976e-05	5.19065681773e-05	0.000367338790178	0.0122339788381	4.39209423039e-05	3.99281293671e-05	5.19065681773e-05	0.00164503892993	1.59712517469e-05	0.000786584148533	0.000135755639848	0.00313835096826	0.00440007985626	0.000151726891595	0	7.58634457976e-05	3.59353164304e-05	0.00420043920942	8.3849071671e-05	3.99281293671e-06	0	0	0.000207626272709	0	0.000235575963266	2.7949690557e-05	0.000155719704532	0.000171690956279	0.000191655020962	3.59353164304e-05	0.00152924735476	1.19784388101e-05	0.000159712517469	1.19784388101e-05	3.99281293671e-06	0	1.19784388101e-05	7.98562587343e-06	0.000806548213216	3.99281293671e-06	7.98562587343e-06	3.99281293671e-06	0.000343381912557	2.39568776203e-05	3.19425034937e-05	1.59712517469e-05	0.000187662208026	7.18706328609e-05	3.99281293671e-06	3.99281293671e-06	0	3.99281293671e-06	3.59353164304e-05	0.000371331603114	8.3849071671e-05	0.00257536434418	0.000223597524456	0.00150928329008	1.59712517469e-05	7.98562587343e-06	2.39568776203e-05	1.59712517469e-05	5.19065681773e-05	0	1.99640646836e-05	1.59712517469e-05	0
5.5899381114e-05	7.58634457976e-05	4.39209423039e-05	0	9.18346975444e-05	0.000355360351368	0.000606907566381	0.00027949690557	0.00123777201038	5.19065681773e-05	0.000495108804153	0.00715112796965	0.000379317228988	0.0190576961469	0.0010221601118	3.19425034937e-05	1.59712517469e-05	2.39568776203e-05	0.000115791575165	0.000299460970254	0.000223597524456	7.98562587343e-05	3.19425034937e-05	0.000119784388101	0.000131762826912	0.00436813735277	0.00340986224795	0.00391295667798	0.000371331603114	0.0029147534438	0.000207626272709	0.000339389099621	0.000343381912557	5.19065681773e-05	0.00421641046117	2.39568776203e-05	0.000135755639848	3.99281293671e-06	0	3.99281293671e-06	0	6.78778199241e-05	2.39568776203e-05	9.98203234178e-05	5.5899381114e-05	2.7949690557e-05	0.00191655020962	2.7949690557e-05	0.0023278099421	0.000107805949291	7.98562587343e-06	3.99281293671e-06	7.98562587343e-06	0.000323417847874	7.98562587343e-05	1.99640646836e-05	1.59712517469e-05	2.39568776203e-05	2.7949690557e-05	7.58634457976e-05	0.00202036334598	0.00159313236175	0.00100219604712	4.79137552406e-05	3.19425034937e-05	7.98562587343e-06	0.000714713515672	1.19784388101e-05	0	9.98203234178e-05	0.000331403473747	0.00211619085646	0.00341385506089	0.000818526652026	0.000123777201038	0.000115791575165	0.000562986624077	5.98921940507e-05	0.000459173487722	0.000323417847874	0.000111798762228	2.7949690557e-05	0.000155719704532	0.000111798762228
0.00721900578958	4.79137552406e-05	0.000235575963266	0	0.000722699141545	0.000878418846077	0.00331403473747	0.0105929327211	0.0246236773807	0.000990217608305	0.0076023158315	0.00182870832501	0.00209223397884	0.0010221601118	0.0414453982831	0.000223597524456	8.78418846077e-05	0.000459173487722	0.000107805949291	0.000634857256938	0.0015332401677	0.000718706328609	0.000259532840886	0.000527051307646	0.00191255739669	8.78418846077e-05	0.00134957077261	0.000395288480735	0.00449990017968	0.0173048512677	0.00732281892593	3.99281293671e-06	0.00123377919744	0.000451187861849	0.00931922539429	0.000195647833899	3.59353164304e-05	1.19784388101e-05	0	0.000111798762228	0	5.5899381114e-05	0.00025554002795	9.18346975444e-05	0.000658814134558	0.000139748452785	5.5899381114e-05	4.39209423039e-05	1.59712517469e-05	0.000235575963266	0	7.98562587343e-05	1.99640646836e-05	3.19425034937e-05	2.7949690557e-05	0.000155719704532	6.38850069874e-05	0.000171690956279	0.000131762826912	0.000870433220204	3.19425034937e-05	7.18706328609e-05	7.18706328609e-05	0.000614893192254	0.000151726891595	9.18346975444e-05	3.99281293671e-06	0	7.98562587343e-06	0.000111798762228	0.00158115392294	0.000315432222	0.00512677181074	0.00103813136355	0.000555000998203	0.000107805949291	2.39568776203e-05	0.000143741265722	1.59712517469e-05	0.000115791575165	2.39568776203e-05	3.19425034937e-05	1.99640646836e-05	1.19784388101e-05
1.59712517469e-05	2.39568776203e-05	0	0	9.58275104811e-05	0.00151726891595	0.00276701936514	0.000187662208026	0.00085046915552	0.00083849071671	0.000475144739469	3.19425034937e-05	0.00194849271312	3.19425034937e-05	0.000223597524456	0.00824515871431	0	3.99281293671e-06	0	7.98562587343e-06	0.000223597524456	1.19784388101e-05	3.99281293671e-05	7.98562587343e-06	0.000215611898583	3.99281293671e-06	7.98562587343e-06	1.59712517469e-05	0.000215611898583	0.00029147534438	5.98921940507e-05	0	0.000107805949291	0	0.000231583150329	3.99281293671e-06	0	0	0	3.99281293671e-06	0	7.98562587343e-06	3.99281293671e-06	3.99281293671e-06	3.19425034937e-05	1.19784388101e-05	0	0	0	3.99281293671e-06	0	0	3.99281293671e-06	0	0	3.99281293671e-06	0	7.98562587343e-06	0	2.7949690557e-05	0	0	3.99281293671e-06	1.19784388101e-05	3.99281293671e-06	0	0	0	0	3.99281293671e-06	0.000175683769215	3.99281293671e-06	0.000155719704532	1.59712517469e-05	0.00472349770413	8.78418846077e-05	0	3.99281293671e-06	0	3.99281293671e-06	3.99281293671e-06	7.98562587343e-06	0	0
5.19065681773e-05	0.000431223797165	0.000483130365342	0	3.99281293671e-06	3.99281293671e-06	3.99281293671e-06	0.000111798762228	6.38850069874e-05	0.00140547015372	1.59712517469e-05	2.39568776203e-05	0	1.59712517469e-05	8.78418846077e-05	0	0.0178638450789	0.000275504092633	0	1.99640646836e-05	0	0.00307845877421	0.00859253343981	0.00660411259732	0.00237971651028	7.98562587343e-06	0.000239568776203	0.00341784787383	0.00227590337393	0.000227590337393	0.000539029746456	0	7.98562587343e-06	9.98203234178e-05	0.00055899381114	2.7949690557e-05	0.000115791575165	4.39209423039e-05	0	3.99281293671e-06	0	7.98562587343e-06	9.98203234178e-05	1.99640646836e-05	0.000247554402076	1.59712517469e-05	7.98562587343e-06	0	0	4.39209423039e-05	7.98562587343e-06	0.00202036334598	3.59353164304e-05	3.99281293671e-06	7.98562587343e-06	7.98562587343e-06	0.00054701537233	0.00331403473747	0.00274306248752	0.000251547215013	0	2.7949690557e-05	0.000419245358355	0.000391295667798	3.19425034937e-05	9.98203234178e-05	0	3.99281293671e-06	0	5.5899381114e-05	0.00148532641246	0.000447195048912	0.000391295667798	0.000379317228988	7.98562587343e-06	0	3.99281293671e-06	0.000127770013975	6.38850069874e-05	9.58275104811e-05	3.99281293671e-05	7.98562587343e-06	7.98562587343e-06	0
0.000455180674785	0.000978239169495	0.0100499101617	0	1.59712517469e-05	1.99640646836e-05	7.18706328609e-05	0.000914354162507	0.000295468157317	0.000175683769215	0.000155719704532	0.000459173487722	7.58634457976e-05	2.39568776203e-05	0.000459173487722	3.99281293671e-06	0.000275504092633	0.030157716111	1.59712517469e-05	0.00460371331603	5.98921940507e-05	0.00235575963266	0.00053503693352	0.00695947294869	0.000211619085646	1.19784388101e-05	0.0115871431423	0.00687562387702	0.00102615292474	0.000782591335596	0.00352565382312	0	7.98562587343e-06	8.3849071671e-05	0.0049271311639	1.19784388101e-05	0.00105410261529	0.000618886005191	0	0	0	7.98562587343e-06	2.39568776203e-05	1.59712517469e-05	3.19425034937e-05	1.99640646836e-05	4.39209423039e-05	3.99281293671e-06	1.19784388101e-05	2.39568776203e-05	0	3.99281293671e-05	0.000355360351368	2.7949690557e-05	0.000215611898583	0	3.19425034937e-05	0.000135755639848	0.000227590337393	3.19425034937e-05	4.79137552406e-05	0.000902375723697	0.00167698143342	3.19425034937e-05	1.19784388101e-05	1.99640646836e-05	7.98562587343e-06	0	3.99281293671e-06	0.000179676582152	0.00244360151727	0.00173288081453	0.00281892593332	0.00124575763625	2.39568776203e-05	1.19784388101e-05	3.99281293671e-06	0.000151726891595	0.000387302854861	0.000167698143342	8.3849071671e-05	0	1.19784388101e-05	0
1.19784388101e-05	7.98562587343e-06	3.99281293671e-06	0	1.99640646836e-05	7.98562587343e-06	3.19425034937e-05	2.7949690557e-05	0.000107805949291	3.99281293671e-06	6.38850069874e-05	0.00115392293871	5.19065681773e-05	0.000115791575165	0.000107805949291	0	0	1.59712517469e-05	0.00188860051907	0.000974246356558	3.59353164304e-05	0	0	3.99281293671e-06	0	1.19784388101e-05	0.000650828508684	7.98562587343e-05	3.99281293671e-05	0.000287482531443	1.59712517469e-05	3.99281293671e-06	3.99281293671e-06	3.99281293671e-06	0.000455180674785	3.99281293671e-06	0	3.99281293671e-06	0	0	0	0	3.99281293671e-06	0	1.19784388101e-05	0	3.59353164304e-05	0	1.59712517469e-05	3.99281293671e-06	0	0	0	0	0	0	0	0	0	7.98562587343e-06	1.59712517469e-05	3.59353164304e-05	1.99640646836e-05	1.59712517469e-05	0	0	7.98562587343e-06	0	0	0	1.59712517469e-05	3.99281293671e-05	0.000295468157317	1.59712517469e-05	3.99281293671e-06	0	3.99281293671e-06	3.99281293671e-06	7.98562587343e-06	3.99281293671e-06	0	0	0	0
0.000151726891595	0.000183669395089	0.000347374725494	0	9.98203234178e-05	6.38850069874e-05	0.000235575963266	0.000287482531443	0.000694749450988	3.99281293671e-05	0.000431223797165	0.00423637452585	0.000367338790178	0.000299460970254	0.000634857256938	7.98562587343e-06	1.99640646836e-05	0.00460371331603	0.000974246356558	0.0174965062887	0.000251547215013	0.000283489718507	4.39209423039e-05	0.000483130365342	0.000123777201038	0.000139748452785	0.0106248752246	0.00227590337393	0.000399281293671	0.00199241365542	0.000527051307646	3.99281293671e-06	4.39209423039e-05	5.98921940507e-05	0.00706328608505	1.99640646836e-05	0.000367338790178	3.59353164304e-05	0	3.99281293671e-06	0	7.98562587343e-06	1.99640646836e-05	1.19784388101e-05	2.7949690557e-05	2.39568776203e-05	0.000147734078658	3.99281293671e-06	6.38850069874e-05	3.59353164304e-05	0	7.98562587343e-06	4.39209423039e-05	0.000111798762228	0.000163705330405	1.19784388101e-05	7.98562587343e-06	1.99640646836e-05	4.79137552406e-05	3.19425034937e-05	0.000103813136355	0.000698742263925	0.000463166300659	2.39568776203e-05	7.98562587343e-06	7.98562587343e-06	2.7949690557e-05	0	7.98562587343e-06	0.000103813136355	0.00127770013975	0.000790576961469	0.00402475544021	0.000738670393292	3.99281293671e-05	3.99281293671e-06	2.39568776203e-05	2.7949690557e-05	8.78418846077e-05	0.000127770013975	5.19065681773e-05	7.98562587343e-06	1.19784388101e-05	3.99281293671e-06
0.000199640646836	3.99281293671e-06	3.19425034937e-05	0	0.0105130764624	9.58275104811e-05	0.00287881812737	0.000798562587343	0.00203234178479	0.000399281293671	0.0104292273907	0.000562986624077	0.0122339788381	0.000223597524456	0.0015332401677	0.000223597524456	0	5.98921940507e-05	3.59353164304e-05	0.000251547215013	0.0285486124975	3.99281293671e-05	7.98562587343e-06	5.5899381114e-05	0.00422838889998	2.39568776203e-05	0.00053503693352	0.000111798762228	0.0071990417249	0.00364144539828	0.000183669395089	0	5.98921940507e-05	0.000127770013975	0.00334597724097	0.000103813136355	7.98562587343e-06	3.99281293671e-06	0	0.000578957875824	0	9.58275104811e-05	9.18346975444e-05	6.78778199241e-05	0.000758634457976	0.000403274106608	3.59353164304e-05	0.000115791575165	1.19784388101e-05	0.000139748452785	1.19784388101e-05	3.99281293671e-06	0	7.98562587343e-06	7.98562587343e-06	0.000622878818127	3.99281293671e-06	7.98562587343e-06	7.98562587343e-06	0.001261728888	1.19784388101e-05	1.59712517469e-05	7.98562587343e-06	0.000650828508684	7.98562587343e-05	7.98562587343e-06	0	0	3.99281293671e-06	6.78778199241e-05	0.000451187861849	6.38850069874e-05	0.00221601117988	0.000295468157317	0.000311439409064	1.99640646836e-05	7.98562587343e-06	3.19425034937e-05	1.19784388101e-05	6.78778199241e-05	7.98562587343e-06	1.99640646836e-05	1.99640646836e-05	0
0.00055899381114	0.000147734078658	0.00130165701737	0	7.98562587343e-05	3.99281293671e-05	0.000187662208026	0.00229187462567	0.00057097224995	0.00161309642643	0.000327410660811	0.000123777201038	4.39209423039e-05	7.98562587343e-05	0.000718706328609	1.19784388101e-05	0.00307845877421	0.00235575963266	0	0.000283489718507	3.99281293671e-05	0.0451307646237	0.00292673188261	0.0162108205231	0.00140946296666	0	0.000938311040128	0.00136953483729	0.0151367538431	0.00139349171491	0.016338590537	0	2.7949690557e-05	0.000459173487722	0.00651627071272	5.98921940507e-05	0.000123777201038	0.000115791575165	0	1.59712517469e-05	0	3.19425034937e-05	0.000199640646836	5.5899381114e-05	0.000363345977241	3.59353164304e-05	3.19425034937e-05	7.98562587343e-06	3.99281293671e-06	5.5899381114e-05	0	0.00137752046317	6.38850069874e-05	3.99281293671e-06	1.59712517469e-05	1.59712517469e-05	0.00059492912757	0.00289878219205	0.00152525454182	0.000511080055899	3.99281293671e-06	8.78418846077e-05	0.000275504092633	0.00087442603314	6.78778199241e-05	0.000271511279697	0	0	2.39568776203e-05	0.000123777201038	0.00442004392094	0.00085046915552	0.00479936114993	0.00300658814135	0.000147734078658	5.19065681773e-05	1.59712517469e-05	0.000275504092633	0.000139748452785	0.000231583150329	0.000123777201038	3.99281293671e-05	2.7949690557e-05	3.99281293671e-06
0.000179676582152	0.00263924935117	0.00149331203833	0	1.59712517469e-05	1.99640646836e-05	3.59353164304e-05	0.000207626272709	0.000187662208026	0.00721501297664	3.99281293671e-05	2.7949690557e-05	3.99281293671e-05	3.19425034937e-05	0.000259532840886	3.99281293671e-05	0.00859253343981	0.00053503693352	0	4.39209423039e-05	7.98562587343e-06	0.00292673188261	0.0267598323019	0.00686763825115	0.0047195048912	3.99281293671e-05	0.000463166300659	0.00656019165502	0.00273108404871	0.00086244759433	0.00134158514674	0	1.19784388101e-05	0.000339389099621	0.00110600918347	8.3849071671e-05	0.00188860051907	0.000283489718507	0	2.7949690557e-05	0	2.7949690557e-05	0.000219604711519	6.38850069874e-05	0.00132561389499	4.39209423039e-05	1.59712517469e-05	1.19784388101e-05	3.99281293671e-06	9.18346975444e-05	7.98562587343e-06	0.00430824515871	0.000139748452785	1.19784388101e-05	5.19065681773e-05	1.99640646836e-05	0.00081453383909	0.00998203234178	0.00545018965861	0.000990217608305	1.59712517469e-05	9.98203234178e-05	0.00248752245957	0.0011858654422	7.98562587343e-05	0.000235575963266	0	3.99281293671e-06	3.19425034937e-05	0.000159712517469	0.0012178079457	0.000427230984228	0.000471151926532	0.000263525653823	0.000155719704532	3.99281293671e-06	0	0.000287482531443	0.000247554402076	0.000191655020962	7.98562587343e-05	3.59353164304e-05	3.59353164304e-05	0
0.000495108804153	0.000415252545418	0.0124216410461	0	4.39209423039e-05	4.39209423039e-05	8.78418846077e-05	0.00118985825514	0.000395288480735	0.00116989419046	0.000211619085646	0.000115791575165	5.19065681773e-05	0.000119784388101	0.000527051307646	7.98562587343e-06	0.00660411259732	0.00695947294869	3.99281293671e-06	0.000483130365342	5.5899381114e-05	0.0162108205231	0.00686763825115	0.060507087243	0.000942303853064	7.98562587343e-06	0.00189658614494	0.0115112796965	0.00411659013775	0.00119784388101	0.0057536434418	0	1.99640646836e-05	0.000259532840886	0.00544220403274	4.39209423039e-05	0.00118187262927	0.000870433220204	0	0	0	2.7949690557e-05	0.000107805949291	5.5899381114e-05	0.000147734078658	1.99640646836e-05	4.39209423039e-05	7.98562587343e-06	1.19784388101e-05	5.98921940507e-05	3.99281293671e-06	0.00387702136155	0.000231583150329	3.99281293671e-06	8.3849071671e-05	7.98562587343e-06	0.000702735076862	0.0068955879417	0.00695548013576	0.000323417847874	3.19425034937e-05	0.000159712517469	0.00339788380914	0.000483130365342	5.19065681773e-05	0.000151726891595	0	0	1.59712517469e-05	0.000179676582152	0.00942703134358	0.0030664803354	0.00561389498902	0.00493910960272	0.000259532840886	8.3849071671e-05	1.99640646836e-05	0.00052305849471	0.000331403473747	0.000411259732482	0.000275504092633	2.39568776203e-05	2.7949690557e-05	3.99281293671e-06
0.00100219604712	0.00052305849471	0.00027949690557	0	0.0122339788381	0.000111798762228	0.00124975044919	0.00411259732482	0.00194849271312	0.0127410660811	0.00369335196646	0.000247554402076	0.00164503892993	0.000131762826912	0.00191255739669	0.000215611898583	0.00237971651028	0.000211619085646	0	0.000123777201038	0.00422838889998	0.00140946296666	0.0047195048912	0.000942303853064	0.0503932920743	3.59353164304e-05	0.000391295667798	0.00122978638451	0.0247115192653	0.00559792373727	0.00531443401877	0	2.7949690557e-05	0.00126572170094	0.00473148333001	0.000419245358355	8.78418846077e-05	3.59353164304e-05	0	0.0011419444999	3.99281293671e-06	0.000211619085646	0.000938311040128	0.000311439409064	0.00491914553803	0.000854461968457	0.000119784388101	0.000247554402076	3.99281293671e-06	0.000511080055899	3.59353164304e-05	0.000487123178279	5.5899381114e-05	1.19784388101e-05	1.19784388101e-05	0.00133359952086	0.000163705330405	0.00132960670793	0.000363345977241	0.00455579956079	7.98562587343e-06	4.39209423039e-05	0.000159712517469	0.00325414254342	0.000407266919545	0.000319425034937	0	7.98562587343e-06	5.5899381114e-05	0.000387302854861	0.00207226991415	0.000271511279697	0.00281094030745	0.000926332601318	0.000734677580355	5.19065681773e-05	1.19784388101e-05	0.000411259732482	9.18346975444e-05	0.000399281293671	7.58634457976e-05	0.000147734078658	0.000103813136355	7.98562587343e-06
7.98562587343e-06	0.000654821321621	1.59712517469e-05	0	1.19784388101e-05	2.7949690557e-05	7.98562587343e-06	2.7949690557e-05	7.58634457976e-05	1.99640646836e-05	6.38850069874e-05	0.00127770013975	1.59712517469e-05	0.00436813735277	8.78418846077e-05	3.99281293671e-06	7.98562587343e-06	1.19784388101e-05	1.19784388101e-05	0.000139748452785	2.39568776203e-05	0	3.99281293671e-05	7.98562587343e-06	3.59353164304e-05	0.00891994410062	0.00101816729886	0.00309043721302	1.59712517469e-05	0.000227590337393	1.99640646836e-05	6.38850069874e-05	1.19784388101e-05	0	0.000479137552406	7.98562587343e-06	0.000319425034937	0	0	0	0	0	0	0	3.99281293671e-06	0	0.000694749450988	3.99281293671e-06	0.00109003793172	1.19784388101e-05	0	0	3.99281293671e-06	0.000239568776203	5.5899381114e-05	0	7.98562587343e-06	3.99281293671e-06	7.98562587343e-06	0	0.001892593332	0.00137752046317	0.00106208824117	3.99281293671e-06	7.98562587343e-06	0	0.000391295667798	0	0	4.39209423039e-05	5.5899381114e-05	0.000551008185267	0.000574965062887	3.99281293671e-05	7.98562587343e-06	3.99281293671e-06	0.000495108804153	5.19065681773e-05	0.000155719704532	8.3849071671e-05	7.98562587343e-06	3.99281293671e-06	0	0
0.000339389099621	0.00241964463965	0.00850069874226	0	0.000203633459772	0.000115791575165	0.000487123178279	0.000698742263925	0.00154521860651	0.000187662208026	0.000966260730685	0.0087442603314	0.000786584148533	0.00340986224795	0.00134957077261	7.98562587343e-06	0.000239568776203	0.0115871431423	0.000650828508684	0.0106248752246	0.00053503693352	0.000938311040128	0.000463166300659	0.00189658614494	0.000391295667798	0.00101816729886	0.0689798362947	0.0233938909962	0.00109003793172	0.00447195048912	0.00153723298063	0.000443202235975	0.000139748452785	0.000139748452785	0.0119624675584	5.98921940507e-05	0.00615292473548	0.000742663206229	0	1.59712517469e-05	0	2.39568776203e-05	7.58634457976e-05	2.7949690557e-05	9.18346975444e-05	7.18706328609e-05	0.00144140547015	5.5899381114e-05	0.00108205230585	0.000143741265722	0	4.39209423039e-05	0.000990217608305	0.000842483529647	0.00193252146137	7.58634457976e-05	7.58634457976e-05	0.000147734078658	0.000271511279697	0.000163705330405	0.00145338390896	0.00822519464963	0.00810141744859	8.78418846077e-05	7.18706328609e-05	3.59353164304e-05	0.000407266919545	3.99281293671e-06	7.98562587343e-06	0.000730684767419	0.00465961269715	0.00473946895588	0.00917548412857	0.00198842084248	9.18346975444e-05	1.99640646836e-05	7.98562587343e-05	0.000503094430026	0.00138550608904	0.000934318227191	0.000223597524456	2.39568776203e-05	3.59353164304e-05	1.99640646836e-05
0.000199640646836	0.0118067478539	0.0185066879617	0	5.5899381114e-05	2.39568776203e-05	0.000103813136355	0.000423238171292	0.000395288480735	0.00127370732681	0.000263525653823	0.00140946296666	0.000135755639848	0.00391295667798	0.000395288480735	1.59712517469e-05	0.00341784787383	0.00687562387702	7.98562587343e-05	0.00227590337393	0.000111798762228	0.00136953483729	0.00656019165502	0.0115112796965	0.00122978638451	0.00309043721302	0.0233938909962	0.084543821122	0.00117388700339	0.000974246356558	0.00122579357157	0.000183669395089	1.59712517469e-05	0.000163705330405	0.00434817328808	5.98921940507e-05	0.0131403473747	0.00298662407666	0	3.99281293671e-06	0	1.99640646836e-05	5.5899381114e-05	3.99281293671e-05	9.98203234178e-05	5.98921940507e-05	0.00115392293871	3.19425034937e-05	0.000830505090836	0.000147734078658	0	0.00119385106808	0.00125374326213	0.000774605709722	0.00146136953484	2.7949690557e-05	0.000147734078658	0.00332601317628	0.00265122778998	9.18346975444e-05	0.00180874426033	0.00781792773009	0.0149810341386	0.000139748452785	5.19065681773e-05	9.18346975444e-05	0.000311439409064	3.99281293671e-06	7.98562587343e-06	0.000906368536634	0.00509482930725	0.00331802755041	0.00374525853464	0.00168496705929	9.98203234178e-05	1.99640646836e-05	3.59353164304e-05	0.000762627270912	0.00173288081453	0.00100618886005	0.000259532840886	2.39568776203e-05	2.7949690557e-05	7.98562587343e-06
0.00211219804352	0.000135755639848	0.000790576961469	0	0.0101816729886	0.000235575963266	0.00395288480735	0.0198882012378	0.00519464963066	0.00705929327211	0.0149690556997	0.000722699141545	0.00313835096826	0.000371331603114	0.00449990017968	0.000215611898583	0.00227590337393	0.00102615292474	3.99281293671e-05	0.000399281293671	0.0071990417249	0.0151367538431	0.00273108404871	0.00411659013775	0.0247115192653	1.59712517469e-05	0.00109003793172	0.00117388700339	0.0831782790976	0.0121102016371	0.0178239169495	0	0.000111798762228	0.00263924935117	0.0112597324815	0.000610900379317	0.000119784388101	5.98921940507e-05	0	0.00109403074466	0	0.000323417847874	0.00138949890198	0.000439209423039	0.00536634058694	0.00106208824117	0.000195647833899	0.000283489718507	7.98562587343e-06	0.000766620083849	1.59712517469e-05	0.00104212417648	5.5899381114e-05	2.7949690557e-05	2.7949690557e-05	0.00135755639848	0.000471151926532	0.00278698342983	0.000890397284887	0.00527051307646	1.59712517469e-05	9.98203234178e-05	0.000207626272709	0.00436813735277	0.000618886005191	0.00059492912757	0	1.19784388101e-05	8.78418846077e-05	0.000626871631064	0.00486723896985	0.000626871631064	0.00733479736474	0.0027191056099	0.000690756638052	0.000127770013975	1.99640646836e-05	0.000551008185267	0.000123777201038	0.000626871631064	0.000151726891595	0.000179676582152	0.000155719704532	3.99281293671e-06
0.00687562387702	9.18346975444e-05	0.000335396286684	0	0.00194050708724	0.00142942703134	0.00472349770413	0.00987422639249	0.0130724695548	0.00285086843681	0.00983829107606	0.00592932721102	0.00440007985626	0.0029147534438	0.0173048512677	0.00029147534438	0.000227590337393	0.000782591335596	0.000287482531443	0.00199241365542	0.00364144539828	0.00139349171491	0.00086244759433	0.00119784388101	0.00559792373727	0.000227590337393	0.00447195048912	0.000974246356558	0.0121102016371	0.0630105809543	0.0151766819724	1.59712517469e-05	0.00173288081453	0.0062208025554	0.0321621082052	0.000343381912557	0.000103813136355	2.7949690557e-05	0	0.000187662208026	0	0.000187662208026	0.000802555400279	0.000235575963266	0.0018167298862	0.000403274106608	0.000155719704532	0.000111798762228	7.18706328609e-05	0.00052305849471	0	0.000179676582152	2.7949690557e-05	3.59353164304e-05	3.19425034937e-05	0.000343381912557	9.98203234178e-05	0.000371331603114	0.000219604711519	0.00205629866241	0.000111798762228	0.000175683769215	0.000179676582152	0.00163705330405	0.000399281293671	0.000259532840886	2.39568776203e-05	3.99281293671e-06	1.59712517469e-05	0.000311439409064	0.0048832102216	0.000762627270912	0.0176202834897	0.00363345977241	0.000986224795368	0.000343381912557	7.98562587343e-05	0.000263525653823	5.5899381114e-05	0.000351367538431	9.18346975444e-05	0.000127770013975	0.000107805949291	1.99640646836e-05
