3477	0	387	0	49	0	0	731	249	2	174	538	38	12	1934	0	1	192	84	535	598	1266	0	1187	305	0	282	5	799	1483	1484	0	0	60	730	0	0	0	0	5	0	0	0	0	6	0	1	4	1	0	0	0	0	0	0	0	0	0	0	6	1	0	0	1	0	0	0	0	0	1	3	6	670	0	0	0	0	0	0	1	0	0	0	1
0	2550	72	0	0	0	0	0	0	326	0	0	0	0	0	0	270	0	0	0	0	0	674	1	408	69	490	2272	0	0	0	0	0	0	0	0	1370	104	0	0	0	0	0	0	0	0	0	0	5	0	0	0	34	0	5	0	9	0	7	0	20	20	1358	0	3	1	0	0	0	107	0	0	0	0	0	0	0	4	0	55	0	0	0	0
387	72	5756	0	0	0	0	0	0	0	0	0	0	0	300	0	10	1972	0	0	0	639	84	2984	2	0	1279	2158	3	409	574	0	0	0	211	0	19	43	0	0	0	0	0	0	2	0	0	0	0	0	0	162	6	0	0	0	31	324	39	2	0	25	255	3	2	0	0	0	0	253	535	304	47	0	0	0	0	113	16	233	3	1	0	0
0	0	0	0	0	0	0	0	0	0	0	0	0	0	0	0	0	0	0	0	0	0	0	0	0	0	0	0	0	0	0	0	0	0	0	0	0	0	0	0	0	0	0	0	0	0	0	0	0	0	0	0	0	0	0	0	0	0	0	0	0	0	0	0	0	0	0	0	0	0	0	0	0	0	0	0	0	0	0	0	0	0	0	0
49	0	0	0	1463	2	1	99	2	136	5	137	248	10	65	4	0	0	15	47	366	0	0	0	799	0	73	0	624	209	14	2	2	68	283	0	0	0	0	282	0	1	1	0	319	173	0	163	0	0	0	0	0	0	0	506	0	0	0	308	0	0	0	19	0	0	0	0	0	1	28	4	234	45	2	2	0	1	0	0	0	12	0	0
0	0	0	0	2	416	119	12	40	0	0	0	2	15	18	110	0	0	0	0	1	0	0	0	0	0	0	0	14	42	0	0	144	0	132	0	0	0	0	0	0	0	0	0	0	0	0	0	0	0	0	0	0	0	0	0	0	0	0	0	0	0	0	0	0	0	0	0	0	0	16	0	9	34	152	52	0	0	0	0	0	0	0	0
0	0	0	0	1	119	1374	145	584	0	658	2	193	2	250	78	0	0	0	1	95	0	0	1	6	0	1	0	42	102	60	0	1	84	56	0	0	0	0	0	0	0	0	1	0	0	0	0	0	1	0	0	0	0	0	0	0	0	0	0	0	0	0	0	1	0	0	0	0	0	31	0	35	5	154	0	0	2	0	0	0	1	0	0
731	0	0	0	99	12	145	5515	610	109	1124	84	0	7	889	130	0	1	25	58	0	360	0	298	462	0	128	1	3194	1301	1466	2	1	1115	768	0	0	0	0	294	0	1	2	5	513	289	0	57	0	5	0	0	0	0	0	232	0	0	0	532	0	0	0	370	5	0	0	0	0	3	172	3	504	85	208	1	1	22	0	0	0	5	0	0
249	0	0	0	2	40	584	610	2381	2	934	11	47	45	1551	11	0	0	0	1	162	29	0	3	39	0	5	0	150	570	274	0	34	287	255	0	0	0	0	0	0	1	0	3	0	2	0	4	0	3	0	0	0	0	0	0	0	0	0	0	0	0	0	0	3	0	0	0	0	3	246	0	239	134	55	24	11	6	0	0	0	7	0	0
2	326	0	0	136	0	0	109	2	3325	233	83	57	4	9	16	244	0	0	0	30	11	819	4	2059	11	73	235	1921	116	7	0	0	65	175	29	0	0	0	345	0	0	0	0	1959	552	47	644	7	8	2	0	0	0	0	796	48	155	0	1824	7	1	0	419	52	0	0	0	37	96	59	1	128	8	177	0	5	35	1	56	13	92	1	7
174	0	0	0	5	0	658	1124	934	233	3007	131	81	7	758	6	0	56	27	156	36	0	0	3	21	0	225	1	688	877	270	0	0	707	721	0	0	0	0	2	0	2	0	3	167	351	0	262	0	3	0	0	0	0	0	352	0	0	0	352	0	0	0	0	3	0	0	0	0	1	89	1	535	83	6	0	3	9	0	0	0	4	0	0
538	0	0	0	137	0	2	84	11	83	131	3616	556	466	1334	1	0	43	278	940	1243	0	0	0	15	45	762	0	232	1925	11	29	7	153	2623	0	2	0	0	0	0	0	0	0	0	0	60	111	159	0	0	0	0	0	0	0	0	0	0	0	38	0	0	0	0	0	0	0	0	82	141	285	2106	2	3	0	39	31	16	45	0	56	0	18
38	0	0	0	248	2	193	0	47	57	81	556	2054	20	643	23	0	0	32	102	955	0	0	0	84	2	65	0	130	513	0	0	0	0	683	0	0	0	0	89	0	112	0	23	38	14	72	507	3	21	0	0	0	2	0	409	0	0	0	13	1	0	0	0	4	0	0	0	0	91	2	5	587	0	101	0	7	0	4	15	0	26	0	15
12	0	0	0	10	15	2	7	45	4	7	466	20	1506	151	0	0	0	0	1	24	0	0	0	3	522	315	80	12	178	2	107	14	8	216	0	2	0	0	0	0	1	0	4	0	3	184	6	572	7	0	0	0	0	0	1	0	0	0	0	217	2	0	0	3	0	0	3	0	24	22	455	168	121	0	9	169	0	135	10	0	2	0	115
1934	0	300	0	65	18	250	889	1551	9	758	1334	643	151	5466	6	0	95	118	457	1134	710	0	632	305	0	97	4	764	2776	919	0	17	205	1893	0	0	0	0	5	0	0	0	0	6	0	1	8	0	0	0	0	0	0	0	0	0	0	0	6	0	0	0	1	0	0	0	0	0	9	285	9	1403	203	50	0	42	1	0	0	0	10	0	0
0	0	0	0	4	110	78	130	11	16	6	1	23	0	6	390	0	0	0	0	7	0	0	0	23	0	0	0	126	21	16	0	7	25	33	0	0	0	0	5	0	0	0	0	8	0	0	0	0	0	0	0	0	0	0	0	0	0	0	8	0	0	0	1	0	0	0	0	0	0	2	0	32	0	279	0	0	0	0	0	0	0	0	0
1	270	10	0	0	0	0	0	0	244	0	0	0	0	0	0	2485	0	0	0	0	506	2111	459	1028	0	22	509	267	3	9	0	0	0	1	0	0	0	0	0	0	0	0	0	303	0	0	0	0	0	0	380	0	0	0	0	280	766	87	166	0	0	13	425	0	0	0	0	0	0	145	39	14	3	0	0	0	19	0	0	0	0	0	0
192	0	1972	0	0	0	0	1	0	0	56	43	0	0	95	0	0	3010	0	235	3	259	0	1245	1	0	1300	165	9	309	264	0	0	47	492	0	0	0	0	0	0	0	0	0	0	0	0	0	0	0	0	0	0	0	0	0	0	0	0	0	0	0	1	0	0	0	0	0	0	0	31	0	169	0	0	0	0	1	0	1	1	0	0	0
84	0	0	0	15	0	0	25	0	0	27	278	32	0	118	0	0	0	302	128	146	0	0	0	4	0	131	0	36	193	2	0	0	34	253	0	0	0	0	0	0	0	0	0	0	0	0	0	0	0	0	0	0	0	0	0	0	0	0	0	0	0	0	0	0	0	0	0	0	0	9	9	209	1	0	0	0	0	0	0	0	0	0	0
535	0	0	0	47	0	1	58	1	0	156	940	102	1	457	0	0	235	128	1710	725	6	0	6	3	0	786	1	113	831	1	0	0	186	1470	0	0	0	0	0	0	0	0	0	0	1	0	0	1	3	0	0	0	0	0	1	0	0	0	0	1	0	2	0	4	0	0	0	0	1	6	0	1143	7	0	0	0	0	0	6	1	0	0	0
598	0	0	0	366	1	95	0	162	30	36	1243	955	24	1134	7	0	3	146	725	2254	0	0	0	167	0	315	0	222	1148	0	0	0	8	1432	0	0	0	0	5	0	0	0	0	17	13	0	24	0	0	0	0	0	0	0	23	0	0	0	14	0	0	0	0	0	0	0	0	0	0	12	9	1382	5	30	0	2	1	0	0	0	8	0	0
1266	0	639	0	0	0	0	360	29	11	0	0	0	0	710	0	506	259	0	6	0	6435	792	3821	203	0	48	137	864	905	2605	0	0	282	729	0	0	6	0	0	0	0	0	0	21	0	1	0	1	0	0	419	0	0	0	0	421	534	37	53	1	0	22	172	0	0	0	0	0	15	779	71	811	95	1	8	0	32	12	53	43	3	0	1
0	674	84	0	0	0	0	0	0	819	0	0	0	0	0	0	2111	0	0	0	0	792	4771	1189	1216	11	92	2026	289	0	0	0	0	0	0	0	150	175	0	0	0	0	0	0	377	0	0	0	0	0	0	1257	0	0	0	0	510	2022	162	217	0	0	612	531	0	0	0	0	0	0	26	0	0	0	0	0	0	23	0	0	0	0	0	0
1187	1	2984	0	0	0	1	298	3	4	3	0	0	0	632	0	459	1245	0	6	0	3821	1189	9892	31	0	190	1610	577	675	1603	0	0	127	676	0	0	1	0	0	0	0	0	0	9	0	0	0	0	0	0	1482	0	0	0	0	26	1661	289	8	0	0	429	1	1	0	0	0	0	7	1338	275	1084	80	6	10	0	17	1	167	255	5	0	0
305	408	2	0	799	0	6	462	39	2059	21	15	84	3	305	23	1028	1	4	3	167	203	1216	31	6211	1	48	412	4119	676	466	2	0	309	540	29	0	0	0	671	0	0	0	0	2329	234	1	210	0	8	5	16	0	0	0	609	143	305	1	1900	0	1	0	746	53	0	0	0	38	21	369	2	322	86	140	3	1	54	1	24	17	19	2	0
0	69	0	0	0	0	0	0	0	11	0	45	2	522	0	0	0	0	0	0	0	0	11	0	1	899	242	287	0	0	0	42	0	0	0	0	10	0	0	0	0	3	0	4	0	4	161	6	349	8	0	0	0	0	0	4	0	0	0	0	194	20	14	0	4	0	0	3	0	27	0	139	0	0	0	0	75	0	106	13	0	0	0	121
282	490	1279	0	73	0	1	128	5	73	225	762	65	315	97	0	22	1300	131	786	315	48	92	190	48	242	9400	3151	200	553	9	145	0	297	1254	0	1115	7	0	0	0	0	0	0	1	25	101	0	617	33	0	2	37	21	76	3	7	4	3	2	612	840	1235	5	81	0	47	0	0	964	909	1000	1290	28	0	0	0	168	44	669	12	0	0	0
5	2272	2158	0	0	0	0	1	0	235	1	0	0	80	4	0	509	165	0	1	0	137	2026	1610	412	287	3151	10148	2	6	11	30	0	1	63	0	2468	517	0	0	0	0	0	0	5	11	2	0	225	14	0	670	95	1	34	1	17	1196	31	4	440	461	3230	5	48	1	0	0	0	932	591	224	41	0	0	0	0	160	9	591	8	1	0	0
799	0	3	0	624	14	42	3194	150	1921	688	232	130	12	764	126	267	9	36	113	222	864	289	577	4119	0	200	2	9263	1207	1526	2	2	667	1116	29	0	0	0	1292	0	0	3	1	3414	984	1	430	0	9	2	0	0	0	0	1395	30	149	1	3186	0	1	0	1122	54	0	0	0	38	21	362	7	770	162	298	5	2	50	1	24	17	10	2	0
1483	0	409	0	209	42	102	1301	570	116	877	1925	513	178	2776	21	3	309	193	831	1148	905	0	675	676	0	553	6	1207	6649	2033	2	54	1804	3894	0	0	0	0	35	0	1	1	5	73	40	50	125	14	5	0	0	0	0	0	24	0	0	0	117	14	0	0	22	5	0	0	0	0	78	524	33	2561	294	11	3	58	44	0	40	0	63	0	14
1484	0	574	0	14	0	60	1466	274	7	270	11	0	2	919	16	9	264	2	1	0	2605	0	1603	466	0	9	11	1526	2033	5013	0	0	914	468	0	0	0	0	26	0	0	0	0	39	2	0	2	0	0	0	0	0	0	0	2	0	0	0	47	0	0	0	12	0	0	0	0	0	0	38	0	190	36	0	0	0	2	0	0	0	0	0	0
0	0	0	0	2	0	0	2	0	0	0	29	0	107	0	0	0	0	0	0	0	0	0	0	2	42	145	30	2	2	0	149	0	1	3	0	0	0	0	0	0	0	0	0	0	0	1	0	95	0	0	0	0	0	0	0	0	0	0	0	33	2	0	0	0	0	0	0	0	0	3	7	7	0	0	0	0	0	0	0	0	0	0	0
0	0	0	0	2	144	1	1	34	0	0	7	0	14	17	7	0	0	0	0	0	0	0	0	0	0	0	0	2	54	0	0	191	0	139	0	0	0	0	0	0	0	0	0	0	0	0	0	0	0	0	0	0	0	0	0	0	0	0	0	0	0	0	0	0	0	0	0	0	0	20	0	17	42	15	32	0	0	0	0	0	0	0	0
60	0	0	0	68	0	84	1115	287	65	707	153	0	8	205	25	0	47	34	186	8	282	0	127	309	0	297	1	667	1804	914	1	0	2100	1402	0	0	0	0	68	0	0	0	0	165	19	0	15	0	0	0	0	0	0	0	19	0	0	0	192	0	0	0	34	0	0	0	0	0	0	76	1	857	108	0	1	3	5	0	0	0	0	0	0
730	0	211	0	283	132	56	768	255	175	721	2623	683	216	1893	33	1	492	253	1470	1432	729	0	676	540	0	1254	63	1116	3894	468	3	139	1402	7209	0	0	1	0	101	0	1	1	0	281	75	59	142	20	11	0	7	0	0	0	47	2	0	2	297	20	0	22	76	14	0	0	0	0	120	829	44	4218	390	8	41	64	169	4	79	28	65	0	20
0	0	0	0	0	0	0	0	0	29	0	0	0	0	0	0	0	0	0	0	0	0	0	0	29	0	0	0	29	0	0	0	0	0	0	1334	0	0	0	0	0	3	443	156	29	0	0	0	0	653	0	0	0	0	0	0	286	0	128	174	0	0	0	387	357	331	0	0	58	158	0	0	0	0	0	0	0	0	0	0	0	0	0	0
0	1370	19	0	0	0	0	0	0	0	0	2	0	2	0	0	0	0	0	0	0	0	150	0	0	10	1115	2468	0	0	0	0	0	0	0	0	3874	219	0	0	0	0	0	0	582	0	0	0	242	0	0	0	40	0	27	0	1	849	2	504	549	188	3420	0	1	0	0	0	0	195	0	0	0	0	0	0	0	1	0	28	0	0	0	0
0	104	43	0	0	0	0	0	0	0	0	0	0	0	0	0	0	0	0	0	0	6	175	1	0	0	7	517	0	0	0	0	0	0	1	0	219	2957	0	0	0	1	0	1	0	0	0	0	0	0	0	0	657	0	33	0	83	15	1029	0	0	693	1806	1	2	12	0	0	0	74	14	0	1	0	0	0	0	4	0	34	0	0	0	0
0	0	0	0	0	0	0	0	0	0	0	0	0	0	0	0	0	0	0	0	0	0	0	0	0	0	0	0	0	0	0	0	0	0	0	0	0	0	0	0	0	0	0	0	0	0	0	0	0	0	0	0	0	0	0	0	0	0	0	0	0	0	0	0	0	0	0	0	0	0	0	0	0	0	0	0	0	0	0	0	0	0	0	0
5	0	0	0	282	0	0	294	0	345	2	0	89	0	5	5	0	0	0	0	5	0	0	0	671	0	0	0	1292	35	26	0	0	68	101	0	0	0	0	2553	0	7	69	0	1874	268	0	586	0	0	196	0	0	0	0	1055	0	0	0	2125	0	0	0	798	0	0	0	0	0	2	90	0	40	8	7	1	0	26	1	0	0	19	0	0
0	0	0	0	0	0	0	0	0	0	0	0	0	0	0	0	0	0	0	0	0	0	0	0	0	0	0	0	0	0	0	0	0	0	0	0	0	0	0	0	383	168	0	50	0	0	0	10	0	0	121	0	0	0	0	0	0	0	0	0	0	0	0	0	0	0	0	122	0	29	0	0	0	0	0	0	0	28	0	0	0	150	149	0
0	0	0	0	1	0	0	1	1	0	2	0	112	1	0	0	0	0	0	0	0	0	0	0	0	3	0	0	0	1	0	0	0	0	1	3	0	1	0	7	168	3109	551	1536	24	916	203	747	8	274	308	0	11	8	0	168	80	0	39	42	9	0	6	436	13	28	0	194	0	322	3	1	0	0	0	0	2	171	9	53	0	322	211	31
0	0	0	0	1	0	0	2	0	0	0	0	0	0	0	0	0	0	0	0	0	0	0	0	0	0	0	0	3	1	0	0	0	0	1	443	0	0	0	69	0	551	4799	1034	2	885	11	2	0	1197	0	0	4	5	0	0	435	0	69	928	0	0	0	2307	295	780	0	0	1	50	0	0	1	0	0	0	0	61	4	49	16	4	41	1
0	0	0	0	0	0	1	5	3	0	3	0	23	4	0	0	0	0	0	0	0	0	0	0	0	4	0	0	1	5	0	0	0	0	0	156	0	1	0	0	50	1536	1034	3938	0	900	145	258	1	1639	47	0	14	51	5	47	522	0	422	147	23	2	7	820	79	260	0	275	3	392	8	4	0	0	0	0	1	209	28	54	0	273	235	10
6	0	2	0	319	0	0	513	0	1959	167	0	38	0	6	8	303	0	0	0	17	21	377	9	2329	0	1	5	3414	73	39	0	0	165	281	29	582	0	0	1874	0	24	2	0	6191	1000	1	873	28	8	352	0	0	0	0	1539	97	1347	1	5090	67	7	512	1462	53	0	0	0	38	21	278	1	124	24	9	1	0	180	2	24	17	45	2	0
0	0	0	0	173	0	0	289	2	552	351	0	14	3	0	0	0	0	0	1	13	0	0	0	234	4	25	11	984	40	2	0	0	19	75	0	0	0	0	268	0	916	885	900	1000	5598	457	1365	22	713	6	0	0	168	42	1734	11	0	0	1462	10	36	28	841	276	0	2	0	0	581	136	3	8	2	0	0	2	120	41	567	4	16	161	58
1	0	0	0	0	0	0	0	0	47	0	60	72	184	1	0	0	0	0	0	0	1	0	0	1	161	101	2	1	50	0	1	0	0	59	0	0	0	0	0	0	203	11	145	1	457	3186	528	572	300	0	0	0	972	44	252	1	0	0	9	141	310	2	12	127	0	124	73	0	1466	10	133	57	0	0	0	66	227	677	906	142	47	3	318
4	0	0	0	163	0	0	57	4	644	262	111	507	6	8	0	0	0	0	0	24	0	0	0	210	6	0	0	430	125	2	0	0	15	142	0	0	0	0	586	10	747	2	258	873	1365	528	3599	41	168	397	0	0	78	3	1674	0	1	0	1039	30	4	5	46	18	0	0	0	0	676	96	3	123	0	9	0	8	77	22	342	0	172	79	99
1	5	0	0	0	0	0	0	0	7	0	159	3	572	0	0	0	0	0	1	0	1	0	0	0	349	617	225	0	14	0	95	0	0	20	0	242	0	0	0	0	8	0	1	28	22	572	41	1909	6	0	0	0	0	0	17	0	28	0	23	935	295	344	0	4	0	122	1	0	88	17	174	22	1	0	0	64	0	374	74	0	18	1	219
0	0	0	0	0	0	1	5	3	8	3	0	21	7	0	0	0	0	0	3	0	0	0	0	8	8	33	14	9	5	0	0	0	0	11	653	0	0	0	0	0	274	1197	1639	8	713	300	168	6	3528	18	0	0	127	56	36	323	0	213	452	3	42	24	649	1039	263	0	99	8	576	11	7	13	0	0	0	3	56	9	127	0	74	9	27
0	0	0	0	0	0	0	0	0	2	0	0	0	0	0	0	0	0	0	0	0	0	0	0	5	0	0	0	2	0	0	0	0	0	0	0	0	0	0	196	121	308	0	47	352	6	0	397	0	18	850	0	0	0	0	47	0	2	0	252	0	0	0	41	2	0	0	3	0	0	0	0	0	0	0	0	0	0	0	0	0	123	0	0
0	0	162	0	0	0	0	0	0	0	0	0	0	0	0	0	380	0	0	0	0	419	1257	1482	16	0	2	670	0	0	0	0	0	0	7	0	0	0	0	0	0	0	0	0	0	0	0	0	0	0	0	3268	0	0	0	0	228	2167	497	180	0	0	358	148	0	0	0	0	0	36	89	0	136	2	25	0	0	29	23	235	181	0	0	0
0	34	6	0	0	0	0	0	0	0	0	0	0	0	0	0	0	0	0	0	0	0	0	0	0	0	37	95	0	0	0	0	0	0	0	0	40	657	0	0	0	11	4	14	0	0	0	0	0	0	0	0	1996	0	234	0	38	0	693	0	0	785	818	2	12	11	0	0	0	272	0	0	0	0	0	0	0	0	0	0	0	0	0	0
0	0	0	0	0	0	0	0	0	0	0	0	2	0	0	0	0	0	0	0	0	0	0	0	0	0	21	1	0	0	0	0	0	0	0	0	0	0	0	0	0	8	5	51	0	168	972	78	0	127	0	0	0	1255	87	23	2	0	0	6	0	221	3	11	71	0	0	9	0	471	0	0	0	0	0	0	0	209	224	499	140	0	3	0
0	5	0	0	0	0	0	0	0	0	0	0	0	0	0	0	0	0	0	0	0	0	0	0	0	0	76	34	0	0	0	0	0	0	0	0	27	33	0	0	0	0	0	5	0	42	44	3	0	56	0	0	234	87	1430	2	3	0	0	0	0	777	270	8	56	0	0	0	0	480	0	0	0	0	0	0	0	38	35	67	21	0	0	0
0	0	0	0	506	0	0	232	0	796	352	0	409	1	0	0	0	0	0	1	23	0	0	0	609	4	3	1	1395	24	2	0	0	19	47	0	0	0	0	1055	0	168	0	47	1539	1734	252	1674	17	36	47	0	0	23	2	3299	0	0	0	1858	10	3	4	274	15	0	1	0	0	315	85	1	8	1	7	0	2	56	16	188	0	25	116	66
0	9	31	0	0	0	0	0	0	48	0	0	0	0	0	0	280	0	0	0	0	421	510	26	143	0	7	17	30	0	0	0	0	0	2	286	1	83	0	0	0	80	435	522	97	11	1	0	0	323	0	228	38	2	3	0	4707	331	1664	36	0	3	165	1127	282	1869	0	0	114	1084	1	0	0	0	0	0	0	196	40	396	142	61	0	0
0	0	324	0	0	0	0	0	0	155	0	0	0	0	0	0	766	0	0	0	0	534	2022	1661	305	0	4	1196	149	0	0	0	0	0	0	0	849	15	0	0	0	0	0	0	1347	0	0	1	28	0	2	2167	0	0	0	0	331	5230	323	1164	71	6	1741	443	0	0	0	0	0	7	41	0	2	0	0	0	0	10	0	7	0	2	0	0
0	7	39	0	0	0	0	0	0	0	0	0	0	0	0	0	87	0	0	0	0	37	162	289	1	0	3	31	1	0	0	0	0	0	2	128	2	1029	0	0	0	39	69	422	1	0	0	0	0	213	0	497	693	0	0	0	1664	323	5476	15	0	133	1483	170	167	499	0	0	9	970	3	0	5	0	0	0	0	267	30	434	160	52	0	0
6	0	2	0	308	0	0	532	0	1824	352	0	13	0	6	8	166	0	0	0	14	53	217	8	1900	0	2	4	3186	117	47	0	0	192	297	174	504	0	0	2125	0	42	928	147	5090	1462	9	1039	23	452	252	180	0	6	0	1858	36	1164	15	7865	51	4	468	2834	339	0	0	0	13	58	266	1	119	24	2	1	0	252	6	100	41	30	59	3
1	20	0	0	0	0	0	0	0	7	0	38	1	217	0	0	0	0	0	1	0	1	0	0	0	194	612	440	0	14	0	33	0	0	20	0	549	0	0	0	0	9	0	23	67	10	141	30	935	3	0	0	0	0	0	10	0	71	0	51	1377	248	600	0	1	0	0	16	0	59	17	28	21	0	0	0	4	0	26	47	0	17	24	117
0	20	25	0	0	0	0	0	0	1	0	0	0	2	0	0	0	0	0	0	0	0	0	0	1	20	840	461	1	0	0	2	0	0	0	0	188	693	0	0	0	0	0	2	7	36	310	4	295	42	0	0	785	221	777	3	3	6	133	4	248	4250	1357	7	47	0	105	0	0	271	5	5	3	0	0	0	0	59	195	107	22	0	0	0
0	1358	255	0	0	0	0	0	0	0	0	0	0	0	0	0	13	1	0	2	0	22	612	429	0	14	1235	3230	0	0	0	0	0	0	22	0	3420	1806	0	0	0	6	0	7	512	28	2	5	344	24	0	358	818	3	270	4	165	1741	1483	468	600	1357	9770	4	45	45	1	0	0	713	163	0	119	2	0	0	0	61	10	269	140	0	0	0
1	0	3	0	19	0	0	370	0	419	0	0	0	0	1	1	425	0	0	0	0	172	531	1	746	0	5	5	1122	22	12	0	0	34	76	387	0	1	0	798	0	436	2307	820	1462	841	12	46	0	649	41	148	2	11	8	274	1127	443	170	2834	0	7	4	6865	480	714	0	0	84	470	87	0	19	4	0	1	0	284	15	340	81	36	51	1
0	3	2	0	0	0	1	5	3	52	3	0	4	3	0	0	0	0	0	4	0	0	0	1	53	4	81	48	54	5	0	0	0	0	14	357	1	2	0	0	0	13	295	79	53	276	127	18	4	1039	2	0	12	71	56	15	282	0	167	339	1	47	45	480	2216	352	0	31	321	551	10	3	15	0	0	0	2	29	5	143	4	36	2	14
0	1	0	0	0	0	0	0	0	0	0	0	0	0	0	0	0	0	0	0	0	0	0	0	0	0	0	1	0	0	0	0	0	0	0	331	0	12	0	0	0	28	780	260	0	0	0	0	0	263	0	0	11	0	0	0	1869	0	499	0	0	0	45	714	352	2937	0	0	181	661	0	0	0	0	0	0	0	0	0	98	3	0	0	0
0	0	0	0	0	0	0	0	0	0	0	0	0	0	0	0	0	0	0	0	0	0	0	0	0	0	47	0	0	0	0	0	0	0	0	0	0	0	0	0	0	0	0	0	0	2	124	0	122	0	0	0	0	0	0	1	0	0	0	0	0	105	1	0	0	0	138	0	0	2	0	0	0	0	0	0	0	0	94	2	0	0	0	0
0	0	0	0	0	0	0	0	0	0	0	0	0	3	0	0	0	0	0	0	0	0	0	0	0	3	0	0	0	0	0	0	0	0	0	0	0	0	0	0	122	194	0	275	0	0	73	0	1	99	3	0	0	9	0	0	0	0	0	0	16	0	0	0	31	0	0	460	0	257	0	3	0	0	0	0	0	42	11	7	0	43	202	6
0	0	0	0	0	0	0	0	0	37	0	0	0	0	0	0	0	0	0	0	0	0	0	0	38	0	0	0	38	0	0	0	0	0	0	58	0	0	0	0	0	0	1	3	38	0	0	0	0	8	0	0	0	0	0	0	114	0	9	13	0	0	0	84	321	181	0	0	389	148	0	0	0	0	0	0	0	0	0	0	0	0	0	0
1	107	253	0	1	0	0	3	3	96	1	82	91	24	9	0	0	0	0	1	0	15	0	7	21	27	964	932	21	78	0	0	0	0	120	158	195	74	0	2	29	322	50	392	21	581	1466	676	88	576	0	36	272	471	480	315	1084	7	970	58	59	271	713	470	551	661	2	257	148	6132	40	21	121	0	0	0	13	41	79	1987	74	78	76	179
3	0	535	0	28	16	31	172	246	59	89	141	2	22	285	2	145	31	9	6	12	779	26	1338	369	0	909	591	362	524	38	3	20	76	829	0	0	14	0	90	0	3	0	8	278	136	10	96	17	11	0	89	0	0	0	85	1	41	3	266	17	5	163	87	10	0	0	0	0	40	4987	894	950	178	4	16	9	453	46	167	154	18	0	10
6	0	304	0	4	0	0	3	0	1	1	285	5	455	9	0	39	0	9	0	9	71	0	275	2	139	1000	224	7	33	0	7	0	1	44	0	0	0	0	0	0	1	0	4	1	3	133	3	174	7	0	0	0	0	0	1	0	0	0	1	28	5	0	0	3	0	0	3	0	21	894	1929	243	56	0	0	141	5	149	9	0	2	0	84
670	0	47	0	234	9	35	504	239	128	535	2106	587	168	1403	32	14	169	209	1143	1382	811	0	1084	322	0	1290	41	770	2561	190	7	17	857	4218	0	0	1	0	40	0	0	1	0	124	8	57	123	22	13	0	136	0	0	0	8	0	2	5	119	21	3	119	19	15	0	0	0	0	121	950	243	5648	449	13	18	71	53	0	204	230	62	0	18
0	0	0	0	45	34	5	85	134	8	83	2	0	121	203	0	3	0	1	7	5	95	0	80	86	0	28	0	162	294	36	0	42	108	390	0	0	0	0	8	0	0	0	0	24	2	0	0	1	0	0	2	0	0	0	1	0	0	0	24	0	0	2	4	0	0	0	0	0	0	178	56	449	807	0	40	111	1	0	2	4	0	0	0
0	0	0	0	2	152	154	208	55	177	6	3	101	0	50	279	0	0	0	0	30	1	0	6	140	0	0	0	298	11	0	0	15	0	8	0	0	0	0	7	0	0	0	0	9	0	0	9	0	0	0	25	0	0	0	7	0	0	0	2	0	0	0	0	0	0	0	0	0	0	4	0	13	0	863	6	0	0	0	5	13	7	0	0
0	0	0	0	2	52	0	1	24	0	0	0	0	9	0	0	0	0	0	0	0	8	0	10	3	0	0	0	5	3	0	0	32	1	41	0	0	0	0	1	0	0	0	0	1	0	0	0	0	0	0	0	0	0	0	0	0	0	0	1	0	0	0	1	0	0	0	0	0	0	16	0	18	40	6	88	0	0	0	0	0	0	0	0
0	0	0	0	0	0	0	1	11	5	3	39	7	169	42	0	0	0	0	0	2	0	0	0	1	75	0	0	2	58	0	0	0	3	64	0	0	0	0	0	0	2	0	1	0	2	66	8	64	3	0	0	0	0	0	2	0	0	0	0	4	0	0	0	2	0	0	0	0	13	9	141	71	111	0	0	303	0	76	7	0	5	0	40
0	4	113	0	1	0	2	22	6	35	9	31	0	0	1	0	19	1	0	0	1	32	23	17	54	0	168	160	50	44	2	0	0	5	169	0	1	4	0	26	28	171	61	209	180	120	227	77	0	56	0	29	0	209	38	56	196	10	267	252	0	59	61	284	29	0	0	42	0	41	453	5	53	1	0	0	0	2504	165	345	255	260	133	0
0	0	16	0	0	0	0	0	0	1	0	16	4	135	0	0	0	0	0	0	0	12	0	1	1	106	44	9	1	0	0	0	0	0	4	0	0	0	0	1	0	9	4	28	2	41	677	22	374	9	0	23	0	224	35	16	40	0	30	6	26	195	10	15	5	0	94	11	0	79	46	149	0	0	0	0	76	165	1146	163	29	0	26	114
1	55	233	0	0	0	0	0	0	56	0	45	15	10	0	0	0	1	0	6	0	53	0	167	24	13	669	591	24	40	0	0	0	0	79	0	28	34	0	0	0	53	49	54	24	567	906	342	74	127	0	235	0	499	67	188	396	7	434	100	47	107	269	340	143	98	2	7	0	1987	167	9	204	2	5	0	7	345	163	3912	697	44	56	146
0	0	3	0	0	0	0	0	0	13	0	0	0	0	0	0	0	1	0	1	0	43	0	255	17	0	12	8	17	0	0	0	0	0	28	0	0	0	0	0	0	0	16	0	17	4	142	0	0	0	0	181	0	140	21	0	142	0	160	41	0	22	140	81	4	3	0	0	0	74	154	0	230	4	13	0	0	255	29	697	1060	47	23	0
0	0	1	0	12	0	1	5	7	92	4	56	26	2	10	0	0	0	0	0	8	3	0	5	19	0	0	1	10	63	0	0	0	0	65	0	0	0	0	19	150	322	4	273	45	16	47	172	18	74	123	0	0	0	0	25	61	2	52	30	17	0	0	36	36	0	0	43	0	78	18	2	62	0	7	0	5	260	0	44	47	934	90	18
0	0	0	0	0	0	0	0	0	1	0	0	0	0	0	0	0	0	0	0	0	0	0	0	2	0	0	0	2	0	0	0	0	0	0	0	0	0	0	0	149	211	41	235	2	161	3	79	1	9	0	0	0	3	0	116	0	0	0	59	24	0	0	51	2	0	0	202	0	76	0	0	0	0	0	0	0	133	26	56	23	90	649	0
1	0	0	0	0	0	0	0	0	7	0	18	15	115	0	0	0	0	0	0	0	1	0	0	0	121	0	0	0	14	0	0	0	0	20	0	0	0	0	0	0	31	1	10	0	58	318	99	219	27	0	0	0	0	0	66	0	0	0	3	117	0	0	1	14	0	0	6	0	179	10	84	18	0	0	0	40	0	114	146	0	18	0	369
