0.0380253502335	0	0.00423232974989	0	0.000535876376601	0	0	0.00799440063868	0.00272312689334	2.18725051674e-05	0.00190290794956	0.00588370389003	0.00041557759818	0.000131235031004	0.0211507124969	0	1.09362525837e-05	0.00209976049607	0.00091864521703	0.00585089513227	0.00653987904505	0.013845295771	0	0.0129813318168	0.00333555703803	0	0.0030840232286	5.46812629184e-05	0.00873806581437	0.0162184625816	0.0162293988342	0	0	0.000656175155021	0.00798346438609	0	0	0	0	5.46812629184e-05	0	0	0	0	6.56175155021e-05	0	1.09362525837e-05	4.37450103348e-05	1.09362525837e-05	0	0	0	0	0	0	0	0	0	0	6.56175155021e-05	1.09362525837e-05	0	0	1.09362525837e-05	0	0	0	0	0	1.09362525837e-05	3.28087577511e-05	6.56175155021e-05	0.00732728923107	0	0	0	0	0	0	1.09362525837e-05	0	0	0	1.09362525837e-05
0	0.0278874440884	0.000787410186026	0	0	0	0	0	0	0.00356521834228	0	0	0	0	0	0	0.0029527881976	0	0	0	0	0	0.00737103424141	1.09362525837e-05	0.00446199105415	0.000754601428275	0.00535876376601	0.0248471658701	0	0	0	0	0	0	0	0	0.0149826660397	0.0011373702687	0	0	0	0	0	0	0	0	0	0	5.46812629184e-05	0	0	0	0.000371832587845	0	5.46812629184e-05	0	9.84262732532e-05	0	7.65537680858e-05	0	0.000218725051674	0.000218725051674	0.0148514310087	0	3.28087577511e-05	1.09362525837e-05	0	0	0	0.00117017902645	0	0	0	0	0	0	0	4.37450103348e-05	0	0.000601493892103	0	0	0	0
0.00423232974989	0.000787410186026	0.0629490698717	0	0	0	0	0	0	0	0	0	0	0	0.00328087577511	0	0.000109362525837	0.021566290095	0	0	0	0.00698826540098	0.00091864521703	0.0326337777097	2.18725051674e-05	0	0.0139874670545	0.0236004330756	3.28087577511e-05	0.00447292730673	0.00627740898304	0	0	0	0.00230754929516	0	0.00020778879909	0.000470258861099	0	0	0	0	0	0	2.18725051674e-05	0	0	0	0	0	0	0.00177167291856	6.56175155021e-05	0	0	0	0.000339023830094	0.00354334583712	0.000426513850764	2.18725051674e-05	0	0.000273406314592	0.00278874440884	3.28087577511e-05	2.18725051674e-05	0	0	0	0	0.00276687190367	0.00585089513227	0.00332462078544	0.000514003871433	0	0	0	0	0.00123579654196	0.000174980041339	0.002548146852	3.28087577511e-05	1.09362525837e-05	0	0
0	0	0	0	0	0	0	0	0	0	0	0	0	0	0	0	0	0	0	0	0	0	0	0	0	0	0	0	0	0	0	0	0	0	0	0	0	0	0	0	0	0	0	0	0	0	0	0	0	0	0	0	0	0	0	0	0	0	0	0	0	0	0	0	0	0	0	0	0	0	0	0	0	0	0	0	0	0	0	0	0	0	0	0
0.000535876376601	0	0	0	0.0159997375299	2.18725051674e-05	1.09362525837e-05	0.00108268900579	2.18725051674e-05	0.00148733035138	5.46812629184e-05	0.00149826660397	0.00271219064076	0.000109362525837	0.00071085641794	4.37450103348e-05	0	0	0.000164043788755	0.000514003871433	0.00400266844563	0	0	0	0.00873806581437	0	0.000798346438609	0	0.00682422161222	0.00228567678999	0.000153107536172	2.18725051674e-05	2.18725051674e-05	0.000743665175691	0.00309495948118	0	0	0	0	0.0030840232286	0	1.09362525837e-05	1.09362525837e-05	0	0.0034886645742	0.00189197169698	0	0.00178260917114	0	0	0	0	0	0	0	0.00553374380735	0	0	0	0.00336836579578	0	0	0	0.00020778879909	0	0	0	0	0	1.09362525837e-05	0.000306215072343	4.37450103348e-05	0.00255908310458	0.000492131366266	2.18725051674e-05	2.18725051674e-05	0	1.09362525837e-05	0	0	0	0.000131235031004	0	0
0	0	0	0	2.18725051674e-05	0.00454948107481	0.00130141405746	0.000131235031004	0.000437450103348	0	0	0	2.18725051674e-05	0.000164043788755	0.000196852546506	0.00120298778421	0	0	0	0	1.09362525837e-05	0	0	0	0	0	0	0	0.000153107536172	0.000459322608515	0	0	0.00157482037205	0	0.00144358534105	0	0	0	0	0	0	0	0	0	0	0	0	0	0	0	0	0	0	0	0	0	0	0	0	0	0	0	0	0	0	0	0	0	0	0	0.000174980041339	0	9.84262732532e-05	0.000371832587845	0.00166231039272	0.000568685134352	0	0	0	0	0	0	0	0
0	0	0	0	1.09362525837e-05	0.00130141405746	0.01502641105	0.00158575662464	0.00638677150887	0	0.00719605420007	2.18725051674e-05	0.00211069674865	2.18725051674e-05	0.00273406314592	0.000853027701528	0	0	0	1.09362525837e-05	0.00103894399545	0	0	1.09362525837e-05	6.56175155021e-05	0	1.09362525837e-05	0	0.000459322608515	0.00111549776354	0.000656175155021	0	1.09362525837e-05	0.00091864521703	0.000612430144687	0	0	0	0	0	0	0	0	1.09362525837e-05	0	0	0	0	0	1.09362525837e-05	0	0	0	0	0	0	0	0	0	0	0	0	0	0	1.09362525837e-05	0	0	0	0	0	0.000339023830094	0	0.000382768840429	5.46812629184e-05	0.00168418289789	0	0	2.18725051674e-05	0	0	0	1.09362525837e-05	0	0
0.00799440063868	0	0	0	0.00108268900579	0.000131235031004	0.00158575662464	0.060313432999	0.00667111407605	0.00119205153162	0.0122923479041	0.00091864521703	0	7.65537680858e-05	0.0097223285469	0.00142171283588	0	1.09362525837e-05	0.000273406314592	0.000634302649854	0	0.00393705093013	0	0.00325900326994	0.00505254869366	0	0.00139984033071	1.09362525837e-05	0.0349303907523	0.0142280646114	0.0160325462877	2.18725051674e-05	1.09362525837e-05	0.0121939216308	0.00839904198427	0	0	0	0	0.0032152582596	0	1.09362525837e-05	2.18725051674e-05	5.46812629184e-05	0.00561029757543	0.00316057699669	0	0.00062336639727	0	5.46812629184e-05	0	0	0	0	0	0.00253721059942	0	0	0	0.00581808637452	0	0	0	0.00404641345597	5.46812629184e-05	0	0	0	0	3.28087577511e-05	0.00188103544439	3.28087577511e-05	0.00551187130218	0.000929581469614	0.00227474053741	1.09362525837e-05	1.09362525837e-05	0.000240597556841	0	0	0	5.46812629184e-05	0	0
0.00272312689334	0	0	0	2.18725051674e-05	0.000437450103348	0.00638677150887	0.00667111407605	0.0260392174018	2.18725051674e-05	0.0102144599132	0.000120298778421	0.000514003871433	0.000492131366266	0.0169621277573	0.000120298778421	0	0	0	1.09362525837e-05	0.00177167291856	0.000317151324927	0	3.28087577511e-05	0.000426513850764	0	5.46812629184e-05	0	0.00164043788755	0.0062336639727	0.00299653320793	0	0.000371832587845	0.00313870449152	0.00278874440884	0	0	0	0	0	0	1.09362525837e-05	0	3.28087577511e-05	0	2.18725051674e-05	0	4.37450103348e-05	0	3.28087577511e-05	0	0	0	0	0	0	0	0	0	0	0	0	0	0	3.28087577511e-05	0	0	0	0	3.28087577511e-05	0.00269031813559	0	0.0026137643675	0.00146545784621	0.000601493892103	0.000262470062009	0.000120298778421	6.56175155021e-05	0	0	0	7.65537680858e-05	0	0
2.18725051674e-05	0.00356521834228	0	0	0.00148733035138	0	0	0.00119205153162	2.18725051674e-05	0.0363630398408	0.002548146852	0.000907708964446	0.00062336639727	4.37450103348e-05	9.84262732532e-05	0.000174980041339	0.00266844563042	0	0	0	0.000328087577511	0.000120298778421	0.00895679086604	4.37450103348e-05	0.0225177440698	0.000120298778421	0.000798346438609	0.00257001935717	0.0210085412133	0.00126860529971	7.65537680858e-05	0	0	0.00071085641794	0.00191384420215	0.000317151324927	0	0	0	0.00377300714137	0	0	0	0	0.0214241188114	0.0060368114262	0.000514003871433	0.0070429466639	7.65537680858e-05	8.74900206695e-05	2.18725051674e-05	0	0	0	0	0.00870525705662	0.000524940124017	0.00169511915047	0	0.0199477247126	7.65537680858e-05	1.09362525837e-05	0	0.00458228983257	0.000568685134352	0	0	0	0.000404641345597	0.00104988024803	0.000645238902438	1.09362525837e-05	0.00139984033071	8.74900206695e-05	0.00193571670731	0	5.46812629184e-05	0.000382768840429	1.09362525837e-05	0.000612430144687	0.000142171283588	0.0010061352377	1.09362525837e-05	7.65537680858e-05
0.00190290794956	0	0	0	5.46812629184e-05	0	0.00719605420007	0.0122923479041	0.0102144599132	0.002548146852	0.0328853115192	0.00143264908846	0.000885836459279	7.65537680858e-05	0.00828967945844	6.56175155021e-05	0	0.000612430144687	0.00029527881976	0.00170605540306	0.000393705093013	0	0	3.28087577511e-05	0.000229661304257	0	0.00246065683133	1.09362525837e-05	0.00752414177758	0.0095910935159	0.0029527881976	0	0	0.00773193057667	0.00788503811284	0	0	0	0	2.18725051674e-05	0	2.18725051674e-05	0	3.28087577511e-05	0.00182635418148	0.00383862465688	0	0.00286529817693	0	3.28087577511e-05	0	0	0	0	0	0.00384956090946	0	0	0	0.00384956090946	0	0	0	0	3.28087577511e-05	0	0	0	0	1.09362525837e-05	0.000973326479948	1.09362525837e-05	0.00585089513227	0.000907708964446	6.56175155021e-05	0	3.28087577511e-05	9.84262732532e-05	0	0	0	4.37450103348e-05	0	0
0.00588370389003	0	0	0	0.00149826660397	0	2.18725051674e-05	0.00091864521703	0.000120298778421	0.000907708964446	0.00143264908846	0.0395454893426	0.00608055643653	0.005096293704	0.0145889609466	1.09362525837e-05	0	0.000470258861099	0.00304027821827	0.0102800774287	0.0135937619615	0	0	0	0.000164043788755	0.000492131366266	0.00833342446877	0	0.00253721059942	0.0210522862236	0.000120298778421	0.000317151324927	7.65537680858e-05	0.0016732466453	0.028685790527	0	2.18725051674e-05	0	0	0	0	0	0	0	0	0	0.000656175155021	0.00121392403679	0.00173886416081	0	0	0	0	0	0	0	0	0	0	0	0.00041557759818	0	0	0	0	0	0	0	0	0.000896772711863	0.0015420116143	0.00311683198635	0.0230317479413	2.18725051674e-05	3.28087577511e-05	0	0.000426513850764	0.000339023830094	0.000174980041339	0.000492131366266	0	0.000612430144687	0	0.000196852546506
0.00041557759818	0	0	0	0.00271219064076	2.18725051674e-05	0.00211069674865	0	0.000514003871433	0.00062336639727	0.000885836459279	0.00608055643653	0.0224630628069	0.000218725051674	0.00703201041131	0.000251533809425	0	0	0.000349960082678	0.00111549776354	0.0104441212174	0	0	0	0.00091864521703	2.18725051674e-05	0.00071085641794	0	0.00142171283588	0.00561029757543	0	0	0	0	0.00746946051466	0	0	0	0	0.000973326479948	0	0.00122486028937	0	0.000251533809425	0.00041557759818	0.000153107536172	0.000787410186026	0.00554468005993	3.28087577511e-05	0.000229661304257	0	0	0	2.18725051674e-05	0	0.00447292730673	0	0	0	0.000142171283588	1.09362525837e-05	0	0	0	4.37450103348e-05	0	0	0	0	0.000995198985116	2.18725051674e-05	5.46812629184e-05	0.00641958026663	0	0.00110456151095	0	7.65537680858e-05	0	4.37450103348e-05	0.000164043788755	0	0.000284342567176	0	0.000164043788755
0.000131235031004	0	0	0	0.000109362525837	0.000164043788755	2.18725051674e-05	7.65537680858e-05	0.000492131366266	4.37450103348e-05	7.65537680858e-05	0.005096293704	0.000218725051674	0.016469996391	0.00165137414014	0	0	0	0	1.09362525837e-05	0.000262470062009	0	0	0	3.28087577511e-05	0.00570872384869	0.00344491956386	0.000874900206695	0.000131235031004	0.0019466529599	2.18725051674e-05	0.00117017902645	0.000153107536172	8.74900206695e-05	0.00236223055808	0	2.18725051674e-05	0	0	0	0	1.09362525837e-05	0	4.37450103348e-05	0	3.28087577511e-05	0.0020122704754	6.56175155021e-05	0.00625553647787	7.65537680858e-05	0	0	0	0	0	1.09362525837e-05	0	0	0	0	0.00237316681066	2.18725051674e-05	0	0	3.28087577511e-05	0	0	3.28087577511e-05	0	0.000262470062009	0.000240597556841	0.00497599492558	0.00183729043406	0.00132328656263	0	9.84262732532e-05	0.00184822668664	0	0.0014763940988	0.000109362525837	0	2.18725051674e-05	0	0.00125766904712
0.0211507124969	0	0.00328087577511	0	0.00071085641794	0.000196852546506	0.00273406314592	0.0097223285469	0.0169621277573	9.84262732532e-05	0.00828967945844	0.0145889609466	0.00703201041131	0.00165137414014	0.0597775566224	6.56175155021e-05	0	0.00103894399545	0.00129047780488	0.00499786743075	0.0124017104299	0.00776473933442	0	0.00691171163289	0.00333555703803	0	0.00106081650062	4.37450103348e-05	0.00835529697394	0.0303590371723	0.0100504161244	0	0.000185916293923	0.00224193177966	0.0207023261409	0	0	0	0	5.46812629184e-05	0	0	0	0	6.56175155021e-05	0	1.09362525837e-05	8.74900206695e-05	0	0	0	0	0	0	0	0	0	0	0	6.56175155021e-05	0	0	0	1.09362525837e-05	0	0	0	0	0	9.84262732532e-05	0.00311683198635	9.84262732532e-05	0.0153435623749	0.00222005927449	0.000546812629184	0	0.000459322608515	1.09362525837e-05	0	0	0	0.000109362525837	0	0
0	0	0	0	4.37450103348e-05	0.00120298778421	0.000853027701528	0.00142171283588	0.000120298778421	0.000174980041339	6.56175155021e-05	1.09362525837e-05	0.000251533809425	0	6.56175155021e-05	0.00426513850764	0	0	0	0	7.65537680858e-05	0	0	0	0.000251533809425	0	0	0	0.00137796782554	0.000229661304257	0.000174980041339	0	7.65537680858e-05	0.000273406314592	0.000360896335262	0	0	0	0	5.46812629184e-05	0	0	0	0	8.74900206695e-05	0	0	0	0	0	0	0	0	0	0	0	0	0	0	8.74900206695e-05	0	0	0	1.09362525837e-05	0	0	0	0	0	0	2.18725051674e-05	0	0.000349960082678	0	0.00305121447085	0	0	0	0	0	0	0	0	0
1.09362525837e-05	0.0029527881976	0.000109362525837	0	0	0	0	0	0	0.00266844563042	0	0	0	0	0	0	0.0271765876705	0	0	0	0	0.00553374380735	0.0230864292042	0.00501973993591	0.011242467656	0	0.000240597556841	0.0055665525651	0.00291997943985	3.28087577511e-05	9.84262732532e-05	0	0	0	1.09362525837e-05	0	0	0	0	0	0	0	0	0	0.00331368453286	0	0	0	0	0	0	0.0041557759818	0	0	0	0	0.00306215072343	0.00837716947911	0.000951453974781	0.00181541792889	0	0	0.000142171283588	0.00464790734807	0	0	0	0	0	0	0.00158575662464	0.000426513850764	0.000153107536172	3.28087577511e-05	0	0	0	0.00020778879909	0	0	0	0	0	0
0.00209976049607	0	0.021566290095	0	0	0	0	1.09362525837e-05	0	0	0.000612430144687	0.000470258861099	0	0	0.00103894399545	0	0	0.0329181202769	0	0.00257001935717	3.28087577511e-05	0.00283248941918	0	0.0136156344667	1.09362525837e-05	0	0.0142171283588	0.00180448167631	9.84262732532e-05	0.00337930204836	0.00288717068209	0	0	0.000514003871433	0.00538063627118	0	0	0	0	0	0	0	0	0	0	0	0	0	0	0	0	0	0	0	0	0	0	0	0	0	0	0	1.09362525837e-05	0	0	0	0	0	0	0	0.000339023830094	0	0.00184822668664	0	0	0	0	1.09362525837e-05	0	1.09362525837e-05	1.09362525837e-05	0	0	0
0.00091864521703	0	0	0	0.000164043788755	0	0	0.000273406314592	0	0	0.00029527881976	0.00304027821827	0.000349960082678	0	0.00129047780488	0	0	0	0.00330274828027	0.00139984033071	0.00159669287722	0	0	0	4.37450103348e-05	0	0.00143264908846	0	0.000393705093013	0.00211069674865	2.18725051674e-05	0	0	0.000371832587845	0.00276687190367	0	0	0	0	0	0	0	0	0	0	0	0	0	0	0	0	0	0	0	0	0	0	0	0	0	0	0	0	0	0	0	0	0	0	0	9.84262732532e-05	9.84262732532e-05	0.00228567678999	1.09362525837e-05	0	0	0	0	0	0	0	0	0	0
0.00585089513227	0	0	0	0.000514003871433	0	1.09362525837e-05	0.000634302649854	1.09362525837e-05	0	0.00170605540306	0.0102800774287	0.00111549776354	1.09362525837e-05	0.00499786743075	0	0	0.00257001935717	0.00139984033071	0.0187009919181	0.00792878312318	6.56175155021e-05	0	6.56175155021e-05	3.28087577511e-05	0	0.00859589453078	1.09362525837e-05	0.00123579654196	0.00908802589705	1.09362525837e-05	0	0	0.00203414298057	0.016076291298	0	0	0	0	0	0	0	0	0	0	1.09362525837e-05	0	0	1.09362525837e-05	3.28087577511e-05	0	0	0	0	0	1.09362525837e-05	0	0	0	0	1.09362525837e-05	0	2.18725051674e-05	0	4.37450103348e-05	0	0	0	0	1.09362525837e-05	6.56175155021e-05	0	0.0125001367032	7.65537680858e-05	0	0	0	0	0	6.56175155021e-05	1.09362525837e-05	0	0	0
0.00653987904505	0	0	0	0.00400266844563	1.09362525837e-05	0.00103894399545	0	0.00177167291856	0.000328087577511	0.000393705093013	0.0135937619615	0.0104441212174	0.000262470062009	0.0124017104299	7.65537680858e-05	0	3.28087577511e-05	0.00159669287722	0.00792878312318	0.0246503133236	0	0	0	0.00182635418148	0	0.00344491956386	0	0.00242784807358	0.0125548179661	0	0	0	8.74900206695e-05	0.0156607136998	0	0	0	0	5.46812629184e-05	0	0	0	0	0.000185916293923	0.000142171283588	0	0.000262470062009	0	0	0	0	0	0	0	0.000251533809425	0	0	0	0.000153107536172	0	0	0	0	0	0	0	0	0	0	0.000131235031004	9.84262732532e-05	0.0151139010707	5.46812629184e-05	0.000328087577511	0	2.18725051674e-05	1.09362525837e-05	0	0	0	8.74900206695e-05	0	0
0.013845295771	0	0.00698826540098	0	0	0	0	0.00393705093013	0.000317151324927	0.000120298778421	0	0	0	0	0.00776473933442	0	0.00553374380735	0.00283248941918	0	6.56175155021e-05	0	0.070374785376	0.00866151204628	0.0417874211223	0.00222005927449	0	0.000524940124017	0.00149826660397	0.00944892223231	0.00989730858824	0.0284889379805	0	0	0.0030840232286	0.00797252813351	0	0	6.56175155021e-05	0	0	0	0	0	0	0.000229661304257	0	1.09362525837e-05	0	1.09362525837e-05	0	0	0.00458228983257	0	0	0	0	0.00460416233773	0.00583995887969	0.000404641345597	0.000579621386936	1.09362525837e-05	0	0.000240597556841	0.00188103544439	0	0	0	0	0	0.000164043788755	0.00851934076269	0.000776473933442	0.00886930084537	0.00103894399545	1.09362525837e-05	8.74900206695e-05	0	0.000349960082678	0.000131235031004	0.000579621386936	0.000470258861099	3.28087577511e-05	0	1.09362525837e-05
0	0.00737103424141	0.00091864521703	0	0	0	0	0	0	0.00895679086604	0	0	0	0	0	0	0.0230864292042	0	0	0	0	0.00866151204628	0.0521768610768	0.013003204322	0.0132984831418	0.000120298778421	0.0010061352377	0.0221568477346	0.00316057699669	0	0	0	0	0	0	0	0.00164043788755	0.00191384420215	0	0	0	0	0	0	0.00412296722405	0	0	0	0	0	0	0.0137468694977	0	0	0	0	0.00557748881768	0.0221131027242	0.00177167291856	0.00237316681066	0	0	0.00669298658122	0.00580715012194	0	0	0	0	0	0	0.000284342567176	0	0	0	0	0	0	0.000251533809425	0	0	0	0	0	0
0.0129813318168	1.09362525837e-05	0.0326337777097	0	0	0	1.09362525837e-05	0.00325900326994	3.28087577511e-05	4.37450103348e-05	3.28087577511e-05	0	0	0	0.00691171163289	0	0.00501973993591	0.0136156344667	0	6.56175155021e-05	0	0.0417874211223	0.013003204322	0.108181410558	0.000339023830094	0	0.0020778879909	0.0176073666597	0.00631021774079	0.00738197049399	0.0175308128917	0	0	0.00138890407813	0.00739290674657	0	0	1.09362525837e-05	0	0	0	0	0	0	9.84262732532e-05	0	0	0	0	0	0	0.016207526329	0	0	0	0	0.000284342567176	0.0181651155415	0.00316057699669	8.74900206695e-05	0	0	0.0046916523584	1.09362525837e-05	1.09362525837e-05	0	0	0	0	7.65537680858e-05	0.014632705957	0.00300746946051	0.0118548978007	0.000874900206695	6.56175155021e-05	0.000109362525837	0	0.000185916293923	1.09362525837e-05	0.00182635418148	0.00278874440884	5.46812629184e-05	0	0
0.00333555703803	0.00446199105415	2.18725051674e-05	0	0.00873806581437	0	6.56175155021e-05	0.00505254869366	0.000426513850764	0.0225177440698	0.000229661304257	0.000164043788755	0.00091864521703	3.28087577511e-05	0.00333555703803	0.000251533809425	0.011242467656	1.09362525837e-05	4.37450103348e-05	3.28087577511e-05	0.00182635418148	0.00222005927449	0.0132984831418	0.000339023830094	0.0679250647973	1.09362525837e-05	0.000524940124017	0.00450573606448	0.0450464243922	0.00739290674657	0.005096293704	2.18725051674e-05	0	0.00337930204836	0.00590557639519	0.000317151324927	0	0	0	0.00733822548366	0	0	0	0	0.0254705322674	0.00255908310458	1.09362525837e-05	0.00229661304257	0	8.74900206695e-05	5.46812629184e-05	0.000174980041339	0	0	0	0.00666017782347	0.00156388411947	0.00333555703803	1.09362525837e-05	0.020778879909	0	1.09362525837e-05	0	0.00815844442743	0.000579621386936	0	0	0	0.00041557759818	0.000229661304257	0.00403547720338	2.18725051674e-05	0.00352147333195	0.000940517722197	0.00153107536172	3.28087577511e-05	1.09362525837e-05	0.000590557639519	1.09362525837e-05	0.000262470062009	0.000185916293923	0.00020778879909	2.18725051674e-05	0
0	0.000754601428275	0	0	0	0	0	0	0	0.000120298778421	0	0.000492131366266	2.18725051674e-05	0.00570872384869	0	0	0	0	0	0	0	0	0.000120298778421	0	1.09362525837e-05	0.00983169107274	0.00264657312525	0.00313870449152	0	0	0	0.000459322608515	0	0	0	0	0.000109362525837	0	0	0	0	3.28087577511e-05	0	4.37450103348e-05	0	4.37450103348e-05	0.00176073666597	6.56175155021e-05	0.00381675215171	8.74900206695e-05	0	0	0	0	0	4.37450103348e-05	0	0	0	0	0.00212163300124	0.000218725051674	0.000153107536172	0	4.37450103348e-05	0	0	3.28087577511e-05	0	0.00029527881976	0	0.00152013910913	0	0	0	0	0.000820218943777	0	0.00115924277387	0.000142171283588	0	0	0	0.00132328656263
0.0030840232286	0.00535876376601	0.0139874670545	0	0.000798346438609	0	1.09362525837e-05	0.00139984033071	5.46812629184e-05	0.000798346438609	0.00246065683133	0.00833342446877	0.00071085641794	0.00344491956386	0.00106081650062	0	0.000240597556841	0.0142171283588	0.00143264908846	0.00859589453078	0.00344491956386	0.000524940124017	0.0010061352377	0.0020778879909	0.000524940124017	0.00264657312525	0.102800774287	0.0344601318912	0.00218725051674	0.00604774767878	9.84262732532e-05	0.00158575662464	0	0.00324806701736	0.0137140607399	0	0.0121939216308	7.65537680858e-05	0	0	0	0	0	0	1.09362525837e-05	0.000273406314592	0.00110456151095	0	0.00674766784414	0.000360896335262	0	2.18725051674e-05	0.000404641345597	0.000229661304257	0.00083115519636	3.28087577511e-05	7.65537680858e-05	4.37450103348e-05	3.28087577511e-05	2.18725051674e-05	0.00669298658122	0.0091864521703	0.0135062719409	5.46812629184e-05	0.000885836459279	0	0.000514003871433	0	0	0.0105425474907	0.00994105359857	0.0109362525837	0.014107765833	0.000306215072343	0	0	0	0.00183729043406	0.000481195113682	0.00731635297849	0.000131235031004	0	0	0
5.46812629184e-05	0.0248471658701	0.0236004330756	0	0	0	0	1.09362525837e-05	0	0.00257001935717	1.09362525837e-05	0	0	0.000874900206695	4.37450103348e-05	0	0.0055665525651	0.00180448167631	0	1.09362525837e-05	0	0.00149826660397	0.0221568477346	0.0176073666597	0.00450573606448	0.00313870449152	0.0344601318912	0.110981091219	2.18725051674e-05	6.56175155021e-05	0.000120298778421	0.000328087577511	0	1.09362525837e-05	0.000688983912772	0	0.0269906713765	0.00565404258577	0	0	0	0	0	0	5.46812629184e-05	0.000120298778421	2.18725051674e-05	0	0.00246065683133	0.000153107536172	0	0.00732728923107	0.00103894399545	1.09362525837e-05	0.000371832587845	1.09362525837e-05	0.000185916293923	0.0130797580901	0.000339023830094	4.37450103348e-05	0.00481195113682	0.00504161244108	0.0353240958453	5.46812629184e-05	0.000524940124017	1.09362525837e-05	0	0	0	0.010192587408	0.00646332527696	0.00244972057875	0.000448386355931	0	0	0	0	0.00174980041339	9.84262732532e-05	0.00646332527696	8.74900206695e-05	1.09362525837e-05	0	0
0.00873806581437	0	3.28087577511e-05	0	0.00682422161222	0.000153107536172	0.000459322608515	0.0349303907523	0.00164043788755	0.0210085412133	0.00752414177758	0.00253721059942	0.00142171283588	0.000131235031004	0.00835529697394	0.00137796782554	0.00291997943985	9.84262732532e-05	0.000393705093013	0.00123579654196	0.00242784807358	0.00944892223231	0.00316057699669	0.00631021774079	0.0450464243922	0	0.00218725051674	2.18725051674e-05	0.101302507683	0.0132000568685	0.0166887214427	2.18725051674e-05	2.18725051674e-05	0.00729448047332	0.0122048578834	0.000317151324927	0	0	0	0.0141296383381	0	0	3.28087577511e-05	1.09362525837e-05	0.0373363663207	0.0107612725424	1.09362525837e-05	0.00470258861099	0	9.84262732532e-05	2.18725051674e-05	0	0	0	0	0.0152560723542	0.000328087577511	0.00162950163497	1.09362525837e-05	0.0348429007316	0	1.09362525837e-05	0	0.0122704753989	0.000590557639519	0	0	0	0.00041557759818	0.000229661304257	0.0039589234353	7.65537680858e-05	0.00842091448944	0.00177167291856	0.00325900326994	5.46812629184e-05	2.18725051674e-05	0.000546812629184	1.09362525837e-05	0.000262470062009	0.000185916293923	0.000109362525837	2.18725051674e-05	0
0.0162184625816	0	0.00447292730673	0	0.00228567678999	0.000459322608515	0.00111549776354	0.0142280646114	0.0062336639727	0.00126860529971	0.0095910935159	0.0210522862236	0.00561029757543	0.0019466529599	0.0303590371723	0.000229661304257	3.28087577511e-05	0.00337930204836	0.00211069674865	0.00908802589705	0.0125548179661	0.00989730858824	0	0.00738197049399	0.00739290674657	0	0.00604774767878	6.56175155021e-05	0.0132000568685	0.072715143429	0.0222334015026	2.18725051674e-05	0.000590557639519	0.019728999661	0.0425857675609	0	0	0	0	0.000382768840429	0	1.09362525837e-05	1.09362525837e-05	5.46812629184e-05	0.000798346438609	0.000437450103348	0.000546812629184	0.00136703157296	0.000153107536172	5.46812629184e-05	0	0	0	0	0	0.000262470062009	0	0	0	0.00127954155229	0.000153107536172	0	0	0.000240597556841	5.46812629184e-05	0	0	0	0	0.000853027701528	0.00573059635385	0.000360896335262	0.0280077428668	0.0032152582596	0.000120298778421	3.28087577511e-05	0.000634302649854	0.000481195113682	0	0.000437450103348	0	0.000688983912772	0	0.000153107536172
0.0162293988342	0	0.00627740898304	0	0.000153107536172	0	0.000656175155021	0.0160325462877	0.00299653320793	7.65537680858e-05	0.0029527881976	0.000120298778421	0	2.18725051674e-05	0.0100504161244	0.000174980041339	9.84262732532e-05	0.00288717068209	2.18725051674e-05	1.09362525837e-05	0	0.0284889379805	0	0.0175308128917	0.005096293704	0	9.84262732532e-05	0.000120298778421	0.0166887214427	0.0222334015026	0.054823434202	0	0	0.00999573486149	0.00511816620917	0	0	0	0	0.000284342567176	0	0	0	0	0.000426513850764	2.18725051674e-05	0	2.18725051674e-05	0	0	0	0	0	0	0	2.18725051674e-05	0	0	0	0.000514003871433	0	0	0	0.000131235031004	0	0	0	0	0	0	0.00041557759818	0	0.0020778879909	0.000393705093013	0	0	0	2.18725051674e-05	0	0	0	0	0	0
0	0	0	0	2.18725051674e-05	0	0	2.18725051674e-05	0	0	0	0.000317151324927	0	0.00117017902645	0	0	0	0	0	0	0	0	0	0	2.18725051674e-05	0.000459322608515	0.00158575662464	0.000328087577511	2.18725051674e-05	2.18725051674e-05	0	0.00162950163497	0	1.09362525837e-05	3.28087577511e-05	0	0	0	0	0	0	0	0	0	0	0	1.09362525837e-05	0	0.00103894399545	0	0	0	0	0	0	0	0	0	0	0	0.000360896335262	2.18725051674e-05	0	0	0	0	0	0	0	0	3.28087577511e-05	7.65537680858e-05	7.65537680858e-05	0	0	0	0	0	0	0	0	0	0	0
0	0	0	0	2.18725051674e-05	0.00157482037205	1.09362525837e-05	1.09362525837e-05	0.000371832587845	0	0	7.65537680858e-05	0	0.000153107536172	0.000185916293923	7.65537680858e-05	0	0	0	0	0	0	0	0	0	0	0	0	2.18725051674e-05	0.000590557639519	0	0	0.00208882424348	0	0.00152013910913	0	0	0	0	0	0	0	0	0	0	0	0	0	0	0	0	0	0	0	0	0	0	0	0	0	0	0	0	0	0	0	0	0	0	0	0.000218725051674	0	0.000185916293923	0.000459322608515	0.000164043788755	0.000349960082678	0	0	0	0	0	0	0	0
0.000656175155021	0	0	0	0.000743665175691	0	0.00091864521703	0.0121939216308	0.00313870449152	0.00071085641794	0.00773193057667	0.0016732466453	0	8.74900206695e-05	0.00224193177966	0.000273406314592	0	0.000514003871433	0.000371832587845	0.00203414298057	8.74900206695e-05	0.0030840232286	0	0.00138890407813	0.00337930204836	0	0.00324806701736	1.09362525837e-05	0.00729448047332	0.019728999661	0.00999573486149	1.09362525837e-05	0	0.0229661304257	0.0153326261223	0	0	0	0	0.000743665175691	0	0	0	0	0.00180448167631	0.00020778879909	0	0.000164043788755	0	0	0	0	0	0	0	0.00020778879909	0	0	0	0.00209976049607	0	0	0	0.000371832587845	0	0	0	0	0	0	0.00083115519636	1.09362525837e-05	0.00937236846422	0.00118111527904	0	1.09362525837e-05	3.28087577511e-05	5.46812629184e-05	0	0	0	0	0	0
0.00798346438609	0	0.00230754929516	0	0.00309495948118	0.00144358534105	0.000612430144687	0.00839904198427	0.00278874440884	0.00191384420215	0.00788503811284	0.028685790527	0.00746946051466	0.00236223055808	0.0207023261409	0.000360896335262	1.09362525837e-05	0.00538063627118	0.00276687190367	0.016076291298	0.0156607136998	0.00797252813351	0	0.00739290674657	0.00590557639519	0	0.0137140607399	0.000688983912772	0.0122048578834	0.0425857675609	0.00511816620917	3.28087577511e-05	0.00152013910913	0.0153326261223	0.0788394448758	0	0	1.09362525837e-05	0	0.00110456151095	0	1.09362525837e-05	1.09362525837e-05	0	0.00307308697602	0.000820218943777	0.000645238902438	0.00155294786688	0.000218725051674	0.000120298778421	0	7.65537680858e-05	0	0	0	0.000514003871433	2.18725051674e-05	0	2.18725051674e-05	0.00324806701736	0.000218725051674	0	0.000240597556841	0.00083115519636	0.000153107536172	0	0	0	0	0.00131235031004	0.00906615339188	0.000481195113682	0.046129113398	0.00426513850764	8.74900206695e-05	0.000448386355931	0.000699920165356	0.00184822668664	4.37450103348e-05	0.000863963954111	0.000306215072343	0.00071085641794	0	0.000218725051674
0	0	0	0	0	0	0	0	0	0.000317151324927	0	0	0	0	0	0	0	0	0	0	0	0	0	0	0.000317151324927	0	0	0	0.000317151324927	0	0	0	0	0	0	0.0145889609466	0	0	0	0	0	3.28087577511e-05	0.00484475989457	0.00170605540306	0.000317151324927	0	0	0	0	0.00714137293715	0	0	0	0	0	0	0.00312776823894	0	0.00139984033071	0.00190290794956	0	0	0	0.00423232974989	0.00390424217238	0.0036198996052	0	0	0.000634302649854	0.00172792790822	0	0	0	0	0	0	0	0	0	0	0	0	0	0
0	0.0149826660397	0.00020778879909	0	0	0	0	0	0	0	0	2.18725051674e-05	0	2.18725051674e-05	0	0	0	0	0	0	0	0	0.00164043788755	0	0	0.000109362525837	0.0121939216308	0.0269906713765	0	0	0	0	0	0	0	0	0.0423670425092	0.00239503931583	0	0	0	0	0	0	0.00636489900371	0	0	0	0.00264657312525	0	0	0	0.000437450103348	0	0.00029527881976	0	1.09362525837e-05	0.00928487844355	2.18725051674e-05	0.00551187130218	0.00600400266845	0.00205601548573	0.0374019838362	0	1.09362525837e-05	0	0	0	0	0.00213256925382	0	0	0	0	0	0	0	1.09362525837e-05	0	0.000306215072343	0	0	0	0
0	0.0011373702687	0.000470258861099	0	0	0	0	0	0	0	0	0	0	0	0	0	0	0	0	0	0	6.56175155021e-05	0.00191384420215	1.09362525837e-05	0	0	7.65537680858e-05	0.00565404258577	0	0	0	0	0	0	1.09362525837e-05	0	0.00239503931583	0.03233849889	0	0	0	1.09362525837e-05	0	1.09362525837e-05	0	0	0	0	0	0	0	0	0.00718511794748	0	0.000360896335262	0	0.000907708964446	0.000164043788755	0.0112534039086	0	0	0.0075788230405	0.0197508721661	1.09362525837e-05	2.18725051674e-05	0.000131235031004	0	0	0	0.000809282691193	0.000153107536172	0	1.09362525837e-05	0	0	0	0	4.37450103348e-05	0	0.000371832587845	0	0	0	0
0	0	0	0	0	0	0	0	0	0	0	0	0	0	0	0	0	0	0	0	0	0	0	0	0	0	0	0	0	0	0	0	0	0	0	0	0	0	0	0	0	0	0	0	0	0	0	0	0	0	0	0	0	0	0	0	0	0	0	0	0	0	0	0	0	0	0	0	0	0	0	0	0	0	0	0	0	0	0	0	0	0	0	0
5.46812629184e-05	0	0	0	0.0030840232286	0	0	0.0032152582596	0	0.00377300714137	2.18725051674e-05	0	0.000973326479948	0	5.46812629184e-05	5.46812629184e-05	0	0	0	0	5.46812629184e-05	0	0	0	0.00733822548366	0	0	0	0.0141296383381	0.000382768840429	0.000284342567176	0	0	0.000743665175691	0.00110456151095	0	0	0	0	0.0279202528462	0	7.65537680858e-05	0.000754601428275	0	0.0204945373418	0.00293091569243	0	0.00640864401404	0	0	0.0021435055064	0	0	0	0	0.0115377464758	0	0	0	0.0232395367403	0	0	0	0.00872712956178	0	0	0	0	0	2.18725051674e-05	0.000984262732532	0	0.000437450103348	8.74900206695e-05	7.65537680858e-05	1.09362525837e-05	0	0.000284342567176	1.09362525837e-05	0	0	0.00020778879909	0	0
0	0	0	0	0	0	0	0	0	0	0	0	0	0	0	0	0	0	0	0	0	0	0	0	0	0	0	0	0	0	0	0	0	0	0	0	0	0	0	0	0.00418858473955	0.00183729043406	0	0.000546812629184	0	0	0	0.000109362525837	0	0	0.00132328656263	0	0	0	0	0	0	0	0	0	0	0	0	0	0	0	0	0.00133422281521	0	0.000317151324927	0	0	0	0	0	0	0	0.000306215072343	0	0	0	0.00164043788755	0.00162950163497	0
0	0	0	0	1.09362525837e-05	0	0	1.09362525837e-05	1.09362525837e-05	0	2.18725051674e-05	0	0.00122486028937	1.09362525837e-05	0	0	0	0	0	0	0	0	0	0	0	3.28087577511e-05	0	0	0	1.09362525837e-05	0	0	0	0	1.09362525837e-05	3.28087577511e-05	0	1.09362525837e-05	0	7.65537680858e-05	0.00183729043406	0.0340008092827	0.00602587517361	0.0167980839685	0.000262470062009	0.0100176073667	0.00222005927449	0.00816938068002	8.74900206695e-05	0.00299653320793	0.00336836579578	0	0.000120298778421	8.74900206695e-05	0	0.00183729043406	0.000874900206695	0	0.000426513850764	0.000459322608515	9.84262732532e-05	0	6.56175155021e-05	0.00476820612649	0.000142171283588	0.000306215072343	0	0.00212163300124	0	0.00352147333195	3.28087577511e-05	1.09362525837e-05	0	0	0	0	2.18725051674e-05	0.00187009919181	9.84262732532e-05	0.000579621386936	0	0.00352147333195	0.00230754929516	0.000339023830094
0	0	0	0	1.09362525837e-05	0	0	2.18725051674e-05	0	0	0	0	0	0	0	0	0	0	0	0	0	0	0	0	0	0	0	0	3.28087577511e-05	1.09362525837e-05	0	0	0	0	1.09362525837e-05	0.00484475989457	0	0	0	0.000754601428275	0	0.00602587517361	0.0524830761491	0.0113080851715	2.18725051674e-05	0.00967858353657	0.000120298778421	2.18725051674e-05	0	0.0130906943427	0	0	4.37450103348e-05	5.46812629184e-05	0	0	0.00475726987391	0	0.000754601428275	0.0101488423977	0	0	0	0.0252299347106	0.00322619451219	0.00853027701528	0	0	1.09362525837e-05	0.000546812629184	0	0	1.09362525837e-05	0	0	0	0	0.000667111407605	4.37450103348e-05	0.000535876376601	0.000174980041339	4.37450103348e-05	0.000448386355931	1.09362525837e-05
0	0	0	0	0	0	1.09362525837e-05	5.46812629184e-05	3.28087577511e-05	0	3.28087577511e-05	0	0.000251533809425	4.37450103348e-05	0	0	0	0	0	0	0	0	0	0	0	4.37450103348e-05	0	0	1.09362525837e-05	5.46812629184e-05	0	0	0	0	0	0.00170605540306	0	1.09362525837e-05	0	0	0.000546812629184	0.0167980839685	0.0113080851715	0.0430669626746	0	0.00984262732532	0.00158575662464	0.00282155316659	1.09362525837e-05	0.0179245179847	0.000514003871433	0	0.000153107536172	0.000557748881768	5.46812629184e-05	0.000514003871433	0.00570872384869	0	0.00461509859032	0.0016076291298	0.000251533809425	2.18725051674e-05	7.65537680858e-05	0.00896772711863	0.000863963954111	0.00284342567176	0	0.00300746946051	3.28087577511e-05	0.00428701101281	8.74900206695e-05	4.37450103348e-05	0	0	0	0	1.09362525837e-05	0.00228567678999	0.000306215072343	0.000590557639519	0	0.00298559695535	0.00257001935717	0.000109362525837
6.56175155021e-05	0	2.18725051674e-05	0	0.0034886645742	0	0	0.00561029757543	0	0.0214241188114	0.00182635418148	0	0.00041557759818	0	6.56175155021e-05	8.74900206695e-05	0.00331368453286	0	0	0	0.000185916293923	0.000229661304257	0.00412296722405	9.84262732532e-05	0.0254705322674	0	1.09362525837e-05	5.46812629184e-05	0.0373363663207	0.000798346438609	0.000426513850764	0	0	0.00180448167631	0.00307308697602	0.000317151324927	0.00636489900371	0	0	0.0204945373418	0	0.000262470062009	2.18725051674e-05	0	0.0677063397456	0.0109362525837	1.09362525837e-05	0.00954734850556	0.000306215072343	8.74900206695e-05	0.00384956090946	0	0	0	0	0.0168308927263	0.00106081650062	0.0147311322302	1.09362525837e-05	0.055665525651	0.000732728923107	7.65537680858e-05	0.00559936132285	0.0159888012774	0.000579621386936	0	0	0	0.00041557759818	0.000229661304257	0.00304027821827	1.09362525837e-05	0.00135609532038	0.000262470062009	9.84262732532e-05	1.09362525837e-05	0	0.00196852546506	2.18725051674e-05	0.000262470062009	0.000185916293923	0.000492131366266	2.18725051674e-05	0
0	0	0	0	0.00189197169698	0	0	0.00316057699669	2.18725051674e-05	0.0060368114262	0.00383862465688	0	0.000153107536172	3.28087577511e-05	0	0	0	0	0	1.09362525837e-05	0.000142171283588	0	0	0	0.00255908310458	4.37450103348e-05	0.000273406314592	0.000120298778421	0.0107612725424	0.000437450103348	2.18725051674e-05	0	0	0.00020778879909	0.000820218943777	0	0	0	0	0.00293091569243	0	0.0100176073667	0.00967858353657	0.00984262732532	0.0109362525837	0.0612211419635	0.00499786743075	0.0149279847767	0.000240597556841	0.00779754809217	6.56175155021e-05	0	0	0.00183729043406	0.000459322608515	0.0189634619801	0.000120298778421	0	0	0.0159888012774	0.000109362525837	0.000393705093013	0.000306215072343	0.00919738842288	0.0030184057131	0	2.18725051674e-05	0	0	0.00635396275112	0.00148733035138	3.28087577511e-05	8.74900206695e-05	2.18725051674e-05	0	0	2.18725051674e-05	0.00131235031004	0.000448386355931	0.00620085521495	4.37450103348e-05	0.000174980041339	0.00176073666597	0.000634302649854
1.09362525837e-05	0	0	0	0	0	0	0	0	0.000514003871433	0	0.000656175155021	0.000787410186026	0.0020122704754	1.09362525837e-05	0	0	0	0	0	0	1.09362525837e-05	0	0	1.09362525837e-05	0.00176073666597	0.00110456151095	2.18725051674e-05	1.09362525837e-05	0.000546812629184	0	1.09362525837e-05	0	0	0.000645238902438	0	0	0	0	0	0	0.00222005927449	0.000120298778421	0.00158575662464	1.09362525837e-05	0.00499786743075	0.0348429007316	0.00577434136419	0.00625553647787	0.00328087577511	0	0	0	0.0106300375113	0.000481195113682	0.00275593565109	1.09362525837e-05	0	0	9.84262732532e-05	0.0015420116143	0.00339023830094	2.18725051674e-05	0.000131235031004	0.00138890407813	0	0.00135609532038	0.000798346438609	0	0.0160325462877	0.000109362525837	0.00145452159363	0.00062336639727	0	0	0	0.000721792670524	0.0024825293365	0.00740384299916	0.00990824484082	0.00155294786688	0.000514003871433	3.28087577511e-05	0.00347772832161
4.37450103348e-05	0	0	0	0.00178260917114	0	0	0.00062336639727	4.37450103348e-05	0.0070429466639	0.00286529817693	0.00121392403679	0.00554468005993	6.56175155021e-05	8.74900206695e-05	0	0	0	0	0	0.000262470062009	0	0	0	0.00229661304257	6.56175155021e-05	0	0	0.00470258861099	0.00136703157296	2.18725051674e-05	0	0	0.000164043788755	0.00155294786688	0	0	0	0	0.00640864401404	0.000109362525837	0.00816938068002	2.18725051674e-05	0.00282155316659	0.00954734850556	0.0149279847767	0.00577434136419	0.0393595730487	0.000448386355931	0.00183729043406	0.00434169227572	0	0	0.000853027701528	3.28087577511e-05	0.0183072868251	0	1.09362525837e-05	0	0.0113627664345	0.000328087577511	4.37450103348e-05	5.46812629184e-05	0.00050306761885	0.000196852546506	0	0	0	0	0.00739290674657	0.00104988024803	3.28087577511e-05	0.00134515906779	0	9.84262732532e-05	0	8.74900206695e-05	0.000842091448944	0.000240597556841	0.00374019838362	0	0.00188103544439	0.000863963954111	0.00108268900579
1.09362525837e-05	5.46812629184e-05	0	0	0	0	0	0	0	7.65537680858e-05	0	0.00173886416081	3.28087577511e-05	0.00625553647787	0	0	0	0	0	1.09362525837e-05	0	1.09362525837e-05	0	0	0	0.00381675215171	0.00674766784414	0.00246065683133	0	0.000153107536172	0	0.00103894399545	0	0	0.000218725051674	0	0.00264657312525	0	0	0	0	8.74900206695e-05	0	1.09362525837e-05	0.000306215072343	0.000240597556841	0.00625553647787	0.000448386355931	0.0208773061823	6.56175155021e-05	0	0	0	0	0	0.000185916293923	0	0.000306215072343	0	0.000251533809425	0.0102253961657	0.00322619451219	0.00376207088879	0	4.37450103348e-05	0	0.00133422281521	1.09362525837e-05	0	0.000962390227365	0.000185916293923	0.00190290794956	0.000240597556841	1.09362525837e-05	0	0	0.000699920165356	0	0.0040901584663	0.000809282691193	0	0.000196852546506	1.09362525837e-05	0.00239503931583
0	0	0	0	0	0	1.09362525837e-05	5.46812629184e-05	3.28087577511e-05	8.74900206695e-05	3.28087577511e-05	0	0.000229661304257	7.65537680858e-05	0	0	0	0	0	3.28087577511e-05	0	0	0	0	8.74900206695e-05	8.74900206695e-05	0.000360896335262	0.000153107536172	9.84262732532e-05	5.46812629184e-05	0	0	0	0	0.000120298778421	0.00714137293715	0	0	0	0	0	0.00299653320793	0.0130906943427	0.0179245179847	8.74900206695e-05	0.00779754809217	0.00328087577511	0.00183729043406	6.56175155021e-05	0.0385830991153	0.000196852546506	0	0	0.00138890407813	0.000612430144687	0.000393705093013	0.00353240958453	0	0.00232942180033	0.00494318616783	3.28087577511e-05	0.000459322608515	0.000262470062009	0.00709762792681	0.0113627664345	0.00287623442951	0	0.00108268900579	8.74900206695e-05	0.00629928148821	0.000120298778421	7.65537680858e-05	0.000142171283588	0	0	0	3.28087577511e-05	0.000612430144687	9.84262732532e-05	0.00138890407813	0	0.000809282691193	9.84262732532e-05	0.00029527881976
0	0	0	0	0	0	0	0	0	2.18725051674e-05	0	0	0	0	0	0	0	0	0	0	0	0	0	0	5.46812629184e-05	0	0	0	2.18725051674e-05	0	0	0	0	0	0	0	0	0	0	0.0021435055064	0.00132328656263	0.00336836579578	0	0.000514003871433	0.00384956090946	6.56175155021e-05	0	0.00434169227572	0	0.000196852546506	0.00929581469614	0	0	0	0	0.000514003871433	0	2.18725051674e-05	0	0.00275593565109	0	0	0	0.000448386355931	2.18725051674e-05	0	0	3.28087577511e-05	0	0	0	0	0	0	0	0	0	0	0	0	0	0.00134515906779	0	0
0	0	0.00177167291856	0	0	0	0	0	0	0	0	0	0	0	0	0	0.0041557759818	0	0	0	0	0.00458228983257	0.0137468694977	0.016207526329	0.000174980041339	0	2.18725051674e-05	0.00732728923107	0	0	0	0	0	0	7.65537680858e-05	0	0	0	0	0	0	0	0	0	0	0	0	0	0	0	0	0.0357396734435	0	0	0	0	0.00249346558908	0.0236988593489	0.00543531753409	0.00196852546506	0	0	0.00391517842496	0.00161856538239	0	0	0	0	0	0.000393705093013	0.000973326479948	0	0.00148733035138	2.18725051674e-05	0.000273406314592	0	0	0.000317151324927	0.000251533809425	0.00257001935717	0.00197946171765	0	0	0
0	0.000371832587845	6.56175155021e-05	0	0	0	0	0	0	0	0	0	0	0	0	0	0	0	0	0	0	0	0	0	0	0	0.000404641345597	0.00103894399545	0	0	0	0	0	0	0	0	0.000437450103348	0.00718511794748	0	0	0	0.000120298778421	4.37450103348e-05	0.000153107536172	0	0	0	0	0	0	0	0	0.021828760157	0	0.00255908310458	0	0.00041557759818	0	0.0075788230405	0	0	0.0085849582782	0.00894585461346	2.18725051674e-05	0.000131235031004	0.000120298778421	0	0	0	0.00297466070276	0	0	0	0	0	0	0	0	0	0	0	0	0	0
0	0	0	0	0	0	0	0	0	0	0	0	2.18725051674e-05	0	0	0	0	0	0	0	0	0	0	0	0	0	0.000229661304257	1.09362525837e-05	0	0	0	0	0	0	0	0	0	0	0	0	0	8.74900206695e-05	5.46812629184e-05	0.000557748881768	0	0.00183729043406	0.0106300375113	0.000853027701528	0	0.00138890407813	0	0	0	0.0137249969925	0.000951453974781	0.000251533809425	2.18725051674e-05	0	0	6.56175155021e-05	0	0.002416911821	3.28087577511e-05	0.000120298778421	0.000776473933442	0	0	9.84262732532e-05	0	0.00515097496692	0	0	0	0	0	0	0	0.00228567678999	0.00244972057875	0.00545719003926	0.00153107536172	0	3.28087577511e-05	0
