0.013085248886	5.16732185658e-05	0.000838696085952	0	7.9497259332e-05	7.9497259332e-06	0.00021066773723	0.00511564863801	0.0018681855943	0.000115271026031	0.00147864902357	5.16732185658e-05	0.000286190133595	0	0.0076993095663	1.19245888998e-05	3.57737666994e-05	0.000218617463163	1.58994518664e-05	6.75726704322e-05	0.000417360611493	0.000457109241159	0.000111296163065	0.00111693649361	0.000600204307956	1.19245888998e-05	0.000540581363457	0.00018681855943	0.00154622169401	0.00621271081679	0.00540183877161	0	7.9497259332e-06	0.000620078622789	0.000858570400785	7.9497259332e-06	1.9874314833e-05	7.9497259332e-06	0	6.75726704322e-05	0	4.37234926326e-05	0.000103346437132	3.57737666994e-05	0.000214642600196	9.9371574165e-05	0	3.57737666994e-05	0	2.38491777996e-05	1.19245888998e-05	0.000103346437132	1.19245888998e-05	0	7.9497259332e-06	8.34721222986e-05	1.19245888998e-05	0.000158994518664	1.9874314833e-05	0.000381586844794	0	1.9874314833e-05	3.57737666994e-05	0.000147069929764	1.19245888998e-05	1.19245888998e-05	0	0	0	1.19245888998e-05	0.000182843696464	0.000107321300098	0.000628028348723	0.000314014174361	2.78240407662e-05	3.57737666994e-05	0	4.76983555992e-05	7.9497259332e-06	3.17989037328e-05	1.58994518664e-05	1.19245888998e-05	3.9748629666e-06	0
5.16732185658e-05	0.0371053457932	0.00464661480795	0	0	0	0	6.75726704322e-05	7.15475333988e-05	0.00148659874951	7.9497259332e-06	0.000413385748526	0	0.000469033830059	0.000234516915029	3.57737666994e-05	0.000496857870825	0.00284997674705	9.14218482318e-05	0.000818821771119	0	0.000532631637524	0.00560853164587	0.00156212114587	0.000381586844794	0.00394306406287	0.0131885953232	0.0222791069278	0.000274265544695	0.000433260063359	0.000739324511787	1.19245888998e-05	0	0.000182843696464	0.00164559326817	7.9497259332e-06	0.0106208338468	0.00266713305059	0	3.9748629666e-06	0	3.17989037328e-05	0.000123220751965	4.76983555992e-05	5.9622944499e-05	3.17989037328e-05	0.000202718011297	3.9748629666e-06	8.34721222986e-05	5.56480815324e-05	0	0.000266315818762	0.00294139859528	0.000155019655697	0.00191190908693	7.9497259332e-06	0.000270290681729	0.000655852389489	0.00326733735854	0.000123220751965	0.000266315818762	0.00330708598821	0.0113522086326	0.000206692874263	0.000111296163065	9.53967111984e-05	3.9748629666e-06	0	0	0.000985766015717	0.00232131997249	0.00212655168713	0.00143492553094	0.000699575882121	0.000158994518664	4.76983555992e-05	2.38491777996e-05	0.000977816289783	0.00151839765324	0.00102948950835	0.000282215270629	4.37234926326e-05	1.19245888998e-05	3.57737666994e-05
0.000838696085952	0.00464661480795	0.0419427540236	0	1.19245888998e-05	7.9497259332e-06	5.56480815324e-05	0.00151839765324	0.000679701567288	0.00017489397053	3.9748629666e-05	0.000361712529961	3.57737666994e-05	8.34721222986e-05	0.00198345662033	1.9874314833e-05	0.00022259232613	0.00820014230009	9.9371574165e-05	0.000977816289783	3.57737666994e-05	0.00333888489194	0.000691626156188	0.0202559016778	0.000226567189096	0.000206692874263	0.0163843851483	0.0146831437986	0.00080689718222	0.00263930900982	0.00741311943271	3.9748629666e-06	7.9497259332e-06	0.000556480815324	0.00219412435756	1.58994518664e-05	0.00193575826473	0.00151442279027	0	1.58994518664e-05	0	3.57737666994e-05	7.15475333988e-05	3.57737666994e-05	8.74469852652e-05	2.78240407662e-05	8.34721222986e-05	1.19245888998e-05	1.58994518664e-05	1.9874314833e-05	3.9748629666e-06	0.000580329993123	0.00107718786395	2.38491777996e-05	0.000353762804027	1.9874314833e-05	0.000294139859528	0.000846645811886	0.00284997674705	0.000206692874263	5.16732185658e-05	0.000600204307956	0.00380394385904	0.000166944244597	9.53967111984e-05	4.37234926326e-05	0	0	0	0.00040941088556	0.00295332318418	0.00180061292387	0.00324348818074	0.00188805990913	7.9497259332e-05	0.000178868833497	4.76983555992e-05	0.000449159515226	0.000671751841355	0.000480958418959	0.000254391229862	2.38491777996e-05	3.9748629666e-05	3.9748629666e-06
0	0	0	0	0	0	0	0	0	0	0	0	0	0	0	0	0	0	0	0	0	0	0	0	0	0	0	0	0	0	0	0	0	0	0	0	0	0	0	0	0	0	0	0	0	0	0	0	0	0	0	0	0	0	0	0	0	0	0	0	0	0	0	0	0	0	0	0	0	0	0	0	0	0	0	0	0	0	0	0	0	0	0	0
7.9497259332e-05	0	1.19245888998e-05	0	0.0172787293158	3.9748629666e-06	0.000826771497053	0.000317989037328	0.00120438347888	0.000369662255894	0.00124015724558	0.000131170477898	0.0060934649278	2.38491777996e-05	0.0016773921719	8.34721222986e-05	0	3.9748629666e-06	2.78240407662e-05	1.9874314833e-05	0.00736939594007	2.38491777996e-05	0	3.9748629666e-05	0.00725015005108	0	3.17989037328e-05	1.19245888998e-05	0.00362904988851	0.0017012413497	9.53967111984e-05	3.9748629666e-06	5.16732185658e-05	0.000306064448428	0.00109706217878	3.9748629666e-06	0	3.9748629666e-06	0	0.00376419522937	0	0.000170919107564	0.000158994518664	4.76983555992e-05	0.000604179170923	0.000743299374754	7.9497259332e-06	0.000433260063359	0	5.16732185658e-05	2.38491777996e-05	3.9748629666e-06	0	0	0	0.00281022811739	0	1.9874314833e-05	3.9748629666e-06	0.000814846908153	0	0	0	0.000234516915029	1.9874314833e-05	3.9748629666e-06	0	0	0	1.9874314833e-05	0.00019874314833	5.16732185658e-05	0.000747274237721	0.000214642600196	0.000166944244597	5.56480815324e-05	0	3.57737666994e-05	0	2.78240407662e-05	0	3.17989037328e-05	3.9748629666e-06	0
7.9497259332e-06	0	7.9497259332e-06	0	3.9748629666e-06	0.00460686617829	0.00216232545383	5.56480815324e-05	0.00109308731581	1.19245888998e-05	5.16732185658e-05	4.76983555992e-05	8.34721222986e-05	1.9874314833e-05	0.000282215270629	0.000842670948919	7.9497259332e-06	7.9497259332e-06	3.9748629666e-06	0	7.15475333988e-05	7.9497259332e-06	3.9748629666e-06	3.9748629666e-05	2.78240407662e-05	3.9748629666e-06	1.19245888998e-05	7.9497259332e-06	5.16732185658e-05	0.000516732185658	5.16732185658e-05	0	0.0017370151164	9.14218482318e-05	0.000862545263752	0	0	0	0	1.58994518664e-05	0	0	1.58994518664e-05	3.9748629666e-06	3.9748629666e-06	1.58994518664e-05	7.9497259332e-06	3.9748629666e-06	3.9748629666e-06	0	3.9748629666e-06	0	0	0	0	1.19245888998e-05	0	7.9497259332e-06	3.9748629666e-06	3.57737666994e-05	0	0	0	2.78240407662e-05	0	0	0	0	0	0	0.000234516915029	1.9874314833e-05	0.000556480815324	0.000202718011297	0.00096986656385	0.00105731354912	1.19245888998e-05	7.9497259332e-06	3.9748629666e-06	7.9497259332e-06	0	3.9748629666e-06	0	0
0.00021066773723	0	5.56480815324e-05	0	0.000826771497053	0.00216232545383	0.0323832085889	0.0022378478502	0.0141703864759	0.000135145340864	0.0119166391739	0.000182843696464	0.00787022867387	6.35978074656e-05	0.00419745529273	0.0017370151164	1.9874314833e-05	7.9497259332e-06	2.38491777996e-05	1.9874314833e-05	0.00345813078094	6.35978074656e-05	1.58994518664e-05	0.00019874314833	0.00163366867927	1.19245888998e-05	7.55223963654e-05	4.37234926326e-05	0.0018681855943	0.00401858645923	0.000321963900295	3.9748629666e-06	0.00130375505304	0.000405436022593	0.00261545983202	0	0	3.9748629666e-06	0	0.000115271026031	0	5.9622944499e-05	6.75726704322e-05	1.19245888998e-05	0.000262340955796	0.000143095066798	7.9497259332e-06	2.78240407662e-05	7.9497259332e-06	7.9497259332e-06	3.9748629666e-06	4.37234926326e-05	0	0	0	0.000143095066798	7.9497259332e-06	3.9748629666e-05	0	0.000393511433693	3.9748629666e-06	1.19245888998e-05	7.9497259332e-06	0.000111296163065	0	0	0	0	3.9748629666e-06	7.9497259332e-06	0.000775098278487	0.000155019655697	0.0020589790167	0.000600204307956	0.000155019655697	0.00124015724558	5.56480815324e-05	3.17989037328e-05	1.9874314833e-05	3.9748629666e-05	2.38491777996e-05	3.9748629666e-06	1.58994518664e-05	0
0.00511564863801	6.75726704322e-05	0.00151839765324	0	0.000317989037328	5.56480815324e-05	0.0022378478502	0.0400308449366	0.00660622225049	0.000604179170923	0.00899114003045	0.000143095066798	0.00157007087181	4.37234926326e-05	0.00820014230009	0.000119245888998	3.17989037328e-05	0.000365687392927	2.78240407662e-05	8.34721222986e-05	0.0021663003168	0.00146672443468	8.74469852652e-05	0.00293742373232	0.00378804440717	2.78240407662e-05	0.000938067660117	0.000306064448428	0.0153071972844	0.00781060572937	0.0099013836498	0	7.9497259332e-05	0.00290959969155	0.00309641825098	7.9497259332e-06	2.38491777996e-05	7.9497259332e-06	0	0.000405436022593	0	0.00021066773723	0.000361712529961	9.9371574165e-05	0.00109706217878	0.000461084104126	1.19245888998e-05	0.000135145340864	3.9748629666e-06	9.53967111984e-05	2.38491777996e-05	0.000135145340864	7.9497259332e-06	3.9748629666e-06	3.9748629666e-06	0.000441209789293	2.38491777996e-05	0.000178868833497	4.76983555992e-05	0.00160186977554	7.9497259332e-06	3.17989037328e-05	8.74469852652e-05	0.000480958418959	3.17989037328e-05	7.9497259332e-06	3.9748629666e-06	7.9497259332e-06	0	1.9874314833e-05	0.00075919882662	0.000246441503929	0.00220604894646	0.00105731354912	0.000178868833497	0.00017489397053	1.58994518664e-05	9.14218482318e-05	3.17989037328e-05	3.9748629666e-05	2.38491777996e-05	3.9748629666e-05	0	0
0.0018681855943	7.15475333988e-05	0.000679701567288	0	0.00120438347888	0.00109308731581	0.0141703864759	0.00660622225049	0.0425906566871	0.000381586844794	0.00959929406434	0.000600204307956	0.00618091191306	0.000123220751965	0.0207487846856	0.00078304800442	7.9497259332e-05	0.000119245888998	7.9497259332e-05	0.000131170477898	0.00433260063359	0.000524681911591	0.000135145340864	0.00136735286051	0.00329516139931	2.38491777996e-05	0.000528656774558	0.000298114722495	0.00444389679666	0.0113879823993	0.00317989037328	0	0.00118053430108	0.00135940313458	0.00550518520874	1.58994518664e-05	7.9497259332e-06	7.9497259332e-06	0	0.000254391229862	0	0.000166944244597	0.000246441503929	7.55223963654e-05	0.000755223963654	0.000369662255894	1.9874314833e-05	0.000131170477898	3.9748629666e-05	7.55223963654e-05	2.78240407662e-05	0.000178868833497	0	0	0	0.00037363711886	2.78240407662e-05	0.00018681855943	2.38491777996e-05	0.00127195614931	1.19245888998e-05	3.17989037328e-05	3.17989037328e-05	0.00037363711886	2.78240407662e-05	3.9748629666e-06	7.9497259332e-06	3.9748629666e-06	7.9497259332e-06	3.9748629666e-05	0.00144685011984	0.000357737666994	0.0039033154332	0.00133555395678	0.000158994518664	0.00122425779371	7.15475333988e-05	6.75726704322e-05	3.57737666994e-05	8.74469852652e-05	4.37234926326e-05	3.9748629666e-05	1.9874314833e-05	1.19245888998e-05
0.000115271026031	0.00148659874951	0.00017489397053	0	0.000369662255894	1.19245888998e-05	0.000135145340864	0.000604179170923	0.000381586844794	0.0200094601739	0.000238491777996	6.35978074656e-05	0.00127195614931	5.9622944499e-05	0.000898319030451	0.000635978074656	0.00037363711886	0.000115271026031	1.58994518664e-05	6.35978074656e-05	0.000266315818762	0.000425310337426	0.00443594707072	0.000469033830059	0.0079497259332	0.000278240407662	0.000457109241159	0.00132362936788	0.00261943469499	0.00237696805403	0.00288972537672	0	3.17989037328e-05	0.00187216045727	0.00257571120236	7.15475333988e-05	5.56480815324e-05	3.17989037328e-05	0	0.000600204307956	0	0.000226567189096	0.000528656774558	0.000131170477898	0.00294934832122	0.000437234926326	1.9874314833e-05	0.00021066773723	3.9748629666e-06	0.000178868833497	7.9497259332e-05	0.000667776978389	1.19245888998e-05	0	3.9748629666e-06	0.000453134378192	5.56480815324e-05	0.0019397331277	8.34721222986e-05	0.00322361386591	1.19245888998e-05	2.38491777996e-05	8.34721222986e-05	0.00120438347888	7.15475333988e-05	6.75726704322e-05	3.9748629666e-06	1.19245888998e-05	1.19245888998e-05	5.56480815324e-05	0.0017727888831	0.00019874314833	0.00113283594548	0.000624053485756	0.00310436797691	6.75726704322e-05	1.19245888998e-05	0.000147069929764	2.38491777996e-05	0.00018681855943	7.9497259332e-05	9.9371574165e-05	1.9874314833e-05	3.9748629666e-06
0.00147864902357	7.9497259332e-06	3.9748629666e-05	0	0.00124015724558	5.16732185658e-05	0.0119166391739	0.00899114003045	0.00959929406434	0.000238491777996	0.0382580560535	0.00021066773723	0.00917000886394	7.9497259332e-05	0.00833926250393	0.000190793422397	1.58994518664e-05	3.9748629666e-06	2.38491777996e-05	1.58994518664e-05	0.0103266939872	6.75726704322e-05	1.19245888998e-05	0.000143095066798	0.00451941919302	1.9874314833e-05	9.9371574165e-05	7.15475333988e-05	0.00695998505452	0.00468636343762	0.000310039311395	0	0.000151044792731	0.00119643375295	0.00288972537672	3.9748629666e-06	0	0	0	0.000445184652259	0	0.00019874314833	0.000166944244597	8.34721222986e-05	0.000866520126719	0.000651877526522	1.19245888998e-05	0.000425310337426	3.9748629666e-06	5.9622944499e-05	3.9748629666e-05	1.19245888998e-05	0	0	0	0.000707525608055	1.19245888998e-05	2.38491777996e-05	7.9497259332e-06	0.00101756491945	7.9497259332e-06	2.38491777996e-05	1.19245888998e-05	0.000242466640963	1.58994518664e-05	3.9748629666e-06	3.9748629666e-06	0	0	4.76983555992e-05	0.000453134378192	9.53967111984e-05	0.0018443364165	0.000663802115422	9.14218482318e-05	0.000250416366896	1.9874314833e-05	3.57737666994e-05	0	5.9622944499e-05	1.58994518664e-05	2.78240407662e-05	3.9748629666e-06	0
5.16732185658e-05	0.000413385748526	0.000361712529961	0	0.000131170477898	4.76983555992e-05	0.000182843696464	0.000143095066798	0.000600204307956	6.35978074656e-05	0.00021066773723	0.0307773639504	0.000433260063359	0.00856582969302	0.00141107635314	1.19245888998e-05	3.9748629666e-05	0.00103346437132	0.00533824096414	0.00788612812573	0.000341838215128	0.000250416366896	9.53967111984e-05	0.000719450196954	0.000294139859528	0.00234914401326	0.00762378716994	0.00236504346513	0.000206692874263	0.00287780078782	0.000476983555992	0.00096986656385	0.000290164996562	0.000345813078094	0.00803717291846	0	0.000230542052063	2.38491777996e-05	0	3.17989037328e-05	0	3.17989037328e-05	3.9748629666e-05	2.78240407662e-05	7.9497259332e-05	5.16732185658e-05	0.000985766015717	2.38491777996e-05	0.000890369304518	2.78240407662e-05	3.9748629666e-06	4.37234926326e-05	5.56480815324e-05	0.000194768285363	0.000178868833497	2.78240407662e-05	1.58994518664e-05	5.56480815324e-05	4.37234926326e-05	0.000139120203831	0.000739324511787	0.000938067660117	0.000699575882121	3.57737666994e-05	7.9497259332e-06	3.9748629666e-06	0.000135145340864	0	0	0.000178868833497	0.00185228614244	0.00465058967092	0.00662609656532	0.00118848402701	1.9874314833e-05	7.55223963654e-05	0.000548531089391	0.00021066773723	0.00131170477898	0.000317989037328	0.000123220751965	1.58994518664e-05	1.58994518664e-05	0.000147069929764
0.000286190133595	0	3.57737666994e-05	0	0.0060934649278	8.34721222986e-05	0.00787022867387	0.00157007087181	0.00618091191306	0.00127195614931	0.00917000886394	0.000433260063359	0.0357817164253	0.000119245888998	0.00734157189931	0.00118450916405	1.58994518664e-05	1.58994518664e-05	7.15475333988e-05	5.56480815324e-05	0.0156490354995	5.16732185658e-05	1.19245888998e-05	0.000143095066798	0.00850620674852	2.38491777996e-05	0.000123220751965	6.35978074656e-05	0.00185228614244	0.00692818615078	0.000290164996562	3.9748629666e-06	0.000250416366896	0.00111693649361	0.00445979624852	7.9497259332e-06	0	7.9497259332e-06	0	0.000405436022593	0	0.00111693649361	0.000166944244597	0.000282215270629	0.00060815403389	0.00078304800442	1.9874314833e-05	0.00261943469499	0	0.000214642600196	7.55223963654e-05	1.58994518664e-05	0	0	3.9748629666e-06	0.00166944244597	1.19245888998e-05	2.38491777996e-05	1.58994518664e-05	0.000731374785854	7.9497259332e-06	2.38491777996e-05	1.19245888998e-05	0.000194768285363	9.53967111984e-05	7.9497259332e-06	0	2.38491777996e-05	0	9.53967111984e-05	0.000628028348723	0.000170919107564	0.00286587619892	0.000787022867387	0.000520707048624	0.000325938763261	3.9748629666e-05	8.74469852652e-05	1.58994518664e-05	0.000103346437132	3.17989037328e-05	9.14218482318e-05	1.58994518664e-05	0
0	0.000469033830059	8.34721222986e-05	0	2.38491777996e-05	1.9874314833e-05	6.35978074656e-05	4.37234926326e-05	0.000123220751965	5.9622944499e-05	7.9497259332e-05	0.00856582969302	0.000119245888998	0.0215517070049	0.000266315818762	0	1.58994518664e-05	0.000111296163065	0.000810872045186	0.000711500471021	0.000115271026031	5.56480815324e-05	0.000139120203831	0.000155019655697	0.000119245888998	0.00623258513163	0.00544158740127	0.00568007917927	7.55223963654e-05	0.000600204307956	0.000103346437132	0.00157802059774	7.15475333988e-05	0.000131170477898	0.00135940313458	0	0.000115271026031	1.58994518664e-05	0	1.58994518664e-05	0	5.16732185658e-05	3.9748629666e-05	5.16732185658e-05	3.17989037328e-05	3.17989037328e-05	0.00169726648674	1.9874314833e-05	0.00170521621267	3.9748629666e-05	3.9748629666e-06	5.56480815324e-05	1.9874314833e-05	0.00021066773723	9.9371574165e-05	7.9497259332e-06	1.19245888998e-05	3.9748629666e-05	4.76983555992e-05	7.15475333988e-05	0.00148659874951	0.00108911245285	0.000651877526522	3.57737666994e-05	1.58994518664e-05	1.58994518664e-05	0.000218617463163	3.9748629666e-06	0	0.000282215270629	0.000643927800589	0.00211462709823	0.0020112806611	0.000755223963654	1.9874314833e-05	0.000103346437132	0.00104538896022	0.000206692874263	0.00226169702799	0.000655852389489	0.000278240407662	2.78240407662e-05	8.34721222986e-05	0.000393511433693
0.0076993095663	0.000234516915029	0.00198345662033	0	0.0016773921719	0.000282215270629	0.00419745529273	0.00820014230009	0.0207487846856	0.000898319030451	0.00833926250393	0.00141107635314	0.00734157189931	0.000266315818762	0.0502700919386	0.000258366092829	0.000115271026031	0.000564430541257	0.000190793422397	0.000393511433693	0.00593447040913	0.00118848402701	0.000437234926326	0.00294139859528	0.00492485521562	8.34721222986e-05	0.00156609600884	0.000755223963654	0.00630413266503	0.0303083301203	0.0116860971218	1.19245888998e-05	0.000520707048624	0.00507590000835	0.0112568119214	4.76983555992e-05	5.16732185658e-05	4.37234926326e-05	0	0.000302089585462	0	0.000246441503929	0.000437234926326	0.000155019655697	0.00105333868615	0.000469033830059	4.76983555992e-05	0.00021066773723	2.78240407662e-05	0.000155019655697	5.56480815324e-05	0.000520707048624	1.58994518664e-05	0	1.58994518664e-05	0.000445184652259	5.56480815324e-05	0.000703550745088	8.34721222986e-05	0.0020470544278	2.38491777996e-05	7.55223963654e-05	0.000111296163065	0.000719450196954	4.37234926326e-05	3.57737666994e-05	0	3.9748629666e-06	0	0.000111296163065	0.00218219976866	0.000790997730353	0.00708718066945	0.00212655168713	0.000218617463163	0.000699575882121	8.74469852652e-05	0.000170919107564	7.9497259332e-05	0.000178868833497	7.9497259332e-05	7.15475333988e-05	1.9874314833e-05	1.58994518664e-05
1.19245888998e-05	3.57737666994e-05	1.9874314833e-05	0	8.34721222986e-05	0.000842670948919	0.0017370151164	0.000119245888998	0.00078304800442	0.000635978074656	0.000190793422397	1.19245888998e-05	0.00118450916405	0	0.000258366092829	0.00642337855402	5.16732185658e-05	1.58994518664e-05	0	0	0.000107321300098	0.000119245888998	0.000119245888998	0.000155019655697	0.000333888489194	7.9497259332e-06	3.57737666994e-05	4.76983555992e-05	0.000226567189096	0.00060815403389	0.000190793422397	0	0.000270290681729	0.000234516915029	0.000747274237721	3.9748629666e-06	3.9748629666e-06	0	0	1.19245888998e-05	0	3.9748629666e-06	1.58994518664e-05	3.9748629666e-06	2.38491777996e-05	1.58994518664e-05	3.9748629666e-06	3.9748629666e-06	0	7.9497259332e-06	0	3.17989037328e-05	0	0	3.9748629666e-06	7.9497259332e-06	7.9497259332e-06	4.37234926326e-05	2.78240407662e-05	5.16732185658e-05	3.9748629666e-06	3.9748629666e-06	2.38491777996e-05	3.57737666994e-05	0	0	0	0	0	3.9748629666e-06	0.000528656774558	3.57737666994e-05	0.000739324511787	0.000620078622789	0.00293344886935	0.000166944244597	3.9748629666e-06	2.38491777996e-05	1.19245888998e-05	3.9748629666e-05	6.35978074656e-05	0	3.9748629666e-06	0
3.57737666994e-05	0.000496857870825	0.00022259232613	0	0	7.9497259332e-06	1.9874314833e-05	3.17989037328e-05	7.9497259332e-05	0.00037363711886	1.58994518664e-05	3.9748629666e-05	1.58994518664e-05	1.58994518664e-05	0.000115271026031	5.16732185658e-05	0.0177398134199	9.53967111984e-05	7.9497259332e-06	2.78240407662e-05	1.58994518664e-05	0.00300102153978	0.00519117103438	0.00858172914489	0.00329913626228	5.9622944499e-05	0.000230542052063	0.00328323681041	0.00152237251621	0.000349787941061	0.000552505952357	0	7.9497259332e-06	0.000302089585462	0.000850620674852	3.17989037328e-05	5.9622944499e-05	4.37234926326e-05	0	7.9497259332e-06	0	3.17989037328e-05	9.9371574165e-05	3.57737666994e-05	0.000151044792731	2.38491777996e-05	1.58994518664e-05	1.58994518664e-05	0	4.76983555992e-05	7.9497259332e-06	0.00252801284676	2.38491777996e-05	0	1.19245888998e-05	1.19245888998e-05	0.000647902663556	0.00370457228487	0.000965891700884	0.000814846908153	0	1.58994518664e-05	0.000274265544695	0.000675726704322	1.58994518664e-05	7.15475333988e-05	0	0	0	5.56480815324e-05	0.00161379436444	0.000639952937622	0.00112091135658	0.000838696085952	0.000119245888998	6.35978074656e-05	3.9748629666e-06	0.000147069929764	4.76983555992e-05	0.000135145340864	7.15475333988e-05	5.56480815324e-05	1.9874314833e-05	0
0.000218617463163	0.00284997674705	0.00820014230009	0	3.9748629666e-06	7.9497259332e-06	7.9497259332e-06	0.000365687392927	0.000119245888998	0.000115271026031	3.9748629666e-06	0.00103346437132	1.58994518664e-05	0.000111296163065	0.000564430541257	1.58994518664e-05	9.53967111984e-05	0.0301334361498	0.000151044792731	0.00291754941748	1.19245888998e-05	0.00287382592485	0.000329913626228	0.0106089092579	8.34721222986e-05	0.000298114722495	0.012496969167	0.00621271081679	0.000294139859528	0.00142697580501	0.00354160290324	3.9748629666e-06	3.9748629666e-06	0.00037363711886	0.00431272631876	0	0.000985766015717	0.000476983555992	0	3.9748629666e-06	0	1.9874314833e-05	4.76983555992e-05	1.9874314833e-05	3.9748629666e-05	1.58994518664e-05	5.56480815324e-05	3.9748629666e-06	1.9874314833e-05	1.58994518664e-05	3.9748629666e-06	9.53967111984e-05	0.000715475333988	3.17989037328e-05	0.000441209789293	1.19245888998e-05	6.75726704322e-05	0.000166944244597	0.000628028348723	5.9622944499e-05	6.35978074656e-05	0.000632003211689	0.00183638669057	7.9497259332e-05	1.19245888998e-05	1.58994518664e-05	0	0	0	0.000194768285363	0.00157802059774	0.00143095066798	0.00228952106876	0.000997690604616	2.78240407662e-05	7.55223963654e-05	1.58994518664e-05	0.000194768285363	0.000357737666994	0.000190793422397	8.74469852652e-05	3.9748629666e-06	3.9748629666e-06	3.9748629666e-06
1.58994518664e-05	9.14218482318e-05	9.9371574165e-05	0	2.78240407662e-05	3.9748629666e-06	2.38491777996e-05	2.78240407662e-05	7.9497259332e-05	1.58994518664e-05	2.38491777996e-05	0.00533824096414	7.15475333988e-05	0.000810872045186	0.000190793422397	0	7.9497259332e-06	0.000151044792731	0.00794177620727	0.00341440728831	5.9622944499e-05	3.9748629666e-05	1.58994518664e-05	0.000115271026031	5.16732185658e-05	0.000345813078094	0.00263533414686	0.000695601019155	4.76983555992e-05	0.000369662255894	7.15475333988e-05	9.53967111984e-05	3.9748629666e-06	6.35978074656e-05	0.000977816289783	0	5.16732185658e-05	1.19245888998e-05	0	3.9748629666e-06	0	7.9497259332e-06	3.9748629666e-06	7.9497259332e-06	1.19245888998e-05	3.9748629666e-06	0.000270290681729	3.9748629666e-06	0.000170919107564	7.9497259332e-06	3.9748629666e-06	0	1.19245888998e-05	7.55223963654e-05	5.9622944499e-05	0	3.9748629666e-06	3.9748629666e-06	0	1.9874314833e-05	0.000282215270629	0.000377611981827	0.000250416366896	7.9497259332e-06	3.9748629666e-06	0	2.38491777996e-05	0	0	2.78240407662e-05	0.000500832733792	0.00115668512328	0.00106128841208	0.000333888489194	0	7.9497259332e-06	3.57737666994e-05	5.16732185658e-05	0.00017489397053	3.9748629666e-05	1.58994518664e-05	3.9748629666e-06	0	0
6.75726704322e-05	0.000818821771119	0.000977816289783	0	1.9874314833e-05	0	1.9874314833e-05	8.34721222986e-05	0.000131170477898	6.35978074656e-05	1.58994518664e-05	0.00788612812573	5.56480815324e-05	0.000711500471021	0.000393511433693	0	2.78240407662e-05	0.00291754941748	0.00341440728831	0.0199538120923	2.78240407662e-05	0.000333888489194	0.000127195614931	0.000914218482318	6.75726704322e-05	0.00114476053438	0.0075681390884	0.00298114722495	7.55223963654e-05	0.000695601019155	0.000755223963654	7.55223963654e-05	7.9497259332e-06	0.000127195614931	0.0037005974219	0	0.000417360611493	8.34721222986e-05	0	7.9497259332e-06	0	1.19245888998e-05	1.58994518664e-05	1.58994518664e-05	7.9497259332e-06	3.9748629666e-06	0.000413385748526	3.9748629666e-06	0.000206692874263	1.19245888998e-05	3.9748629666e-06	1.58994518664e-05	0.000119245888998	0.000266315818762	0.000469033830059	3.9748629666e-06	1.19245888998e-05	2.78240407662e-05	7.55223963654e-05	1.58994518664e-05	0.000695601019155	0.00118053430108	0.00122823265668	2.38491777996e-05	3.9748629666e-06	1.19245888998e-05	3.17989037328e-05	0	0	0.000111296163065	0.00132362936788	0.00222194839833	0.00213450141306	0.000747274237721	3.9748629666e-06	2.78240407662e-05	1.58994518664e-05	0.000162969381631	0.000321963900295	0.000214642600196	9.14218482318e-05	7.9497259332e-06	0	3.9748629666e-06
0.000417360611493	0	3.57737666994e-05	0	0.00736939594007	7.15475333988e-05	0.00345813078094	0.0021663003168	0.00433260063359	0.000266315818762	0.0103266939872	0.000341838215128	0.0156490354995	0.000115271026031	0.00593447040913	0.000107321300098	1.58994518664e-05	1.19245888998e-05	5.9622944499e-05	2.78240407662e-05	0.0278677642588	7.15475333988e-05	1.9874314833e-05	0.000139120203831	0.00895934112671	1.58994518664e-05	0.000119245888998	5.56480815324e-05	0.00491293062672	0.00600601794253	0.000294139859528	3.9748629666e-06	0.000170919107564	0.00155814628291	0.00403051104813	1.58994518664e-05	0	3.9748629666e-06	0	0.00222194839833	0	0.000691626156188	0.000226567189096	0.000206692874263	0.00104141409725	0.00114873539735	3.17989037328e-05	0.00182446210167	3.9748629666e-06	0.00017489397053	7.55223963654e-05	1.19245888998e-05	0	0	3.9748629666e-06	0.00311231770285	7.9497259332e-06	2.78240407662e-05	1.19245888998e-05	0.00126798128635	1.58994518664e-05	2.78240407662e-05	1.9874314833e-05	0.000345813078094	5.16732185658e-05	3.9748629666e-06	3.9748629666e-06	1.19245888998e-05	3.9748629666e-06	0.000103346437132	0.000568405404224	0.000155019655697	0.00265918332465	0.000882419578585	0.000131170477898	0.000258366092829	3.57737666994e-05	8.34721222986e-05	7.9497259332e-06	0.000107321300098	2.38491777996e-05	9.14218482318e-05	1.58994518664e-05	0
0.000457109241159	0.000532631637524	0.00333888489194	0	2.38491777996e-05	7.9497259332e-06	6.35978074656e-05	0.00146672443468	0.000524681911591	0.000425310337426	6.75726704322e-05	0.000250416366896	5.16732185658e-05	5.56480815324e-05	0.00118848402701	0.000119245888998	0.00300102153978	0.00287382592485	3.9748629666e-05	0.000333888489194	7.15475333988e-05	0.0426979779872	0.00142300094204	0.0229429090432	0.00170919107564	7.55223963654e-05	0.0021663003168	0.0017966380609	0.00831143846316	0.00387151652947	0.0134390116901	0	5.56480815324e-05	0.00300102153978	0.00782253031827	5.9622944499e-05	0.000119245888998	5.16732185658e-05	0	3.17989037328e-05	0	3.9748629666e-05	0.000182843696464	2.78240407662e-05	0.000250416366896	5.16732185658e-05	2.38491777996e-05	1.9874314833e-05	0	6.75726704322e-05	1.58994518664e-05	0.00172906539047	3.57737666994e-05	0	3.57737666994e-05	2.78240407662e-05	0.00042133547446	0.00247633962819	0.000317989037328	0.00133555395678	2.78240407662e-05	0.000103346437132	0.000337863352161	0.000731374785854	4.76983555992e-05	6.75726704322e-05	0	0	7.9497259332e-06	8.74469852652e-05	0.00343030674018	0.00129183046414	0.0058907469165	0.00321566413998	0.000349787941061	0.000345813078094	3.57737666994e-05	0.000270290681729	7.9497259332e-05	0.00021066773723	9.53967111984e-05	3.17989037328e-05	1.58994518664e-05	0
0.000111296163065	0.00560853164587	0.000691626156188	0	0	3.9748629666e-06	1.58994518664e-05	8.74469852652e-05	0.000135145340864	0.00443594707072	1.19245888998e-05	9.53967111984e-05	1.19245888998e-05	0.000139120203831	0.000437234926326	0.000119245888998	0.00519117103438	0.000329913626228	1.58994518664e-05	0.000127195614931	1.9874314833e-05	0.00142300094204	0.0254470727122	0.00439222357809	0.00284600188409	0.00110501190471	0.00127195614931	0.00952377166797	0.00104141409725	0.00122425779371	0.0017131659386	0	1.19245888998e-05	0.000961916837917	0.00186421073134	4.37234926326e-05	0.000473008693025	7.9497259332e-05	0	1.9874314833e-05	0	3.57737666994e-05	0.000202718011297	4.76983555992e-05	0.000719450196954	5.56480815324e-05	3.17989037328e-05	3.9748629666e-05	3.9748629666e-06	6.35978074656e-05	3.57737666994e-05	0.00468636343762	8.34721222986e-05	7.9497259332e-06	5.16732185658e-05	2.78240407662e-05	0.000802922319253	0.00813654449263	0.00283407729519	0.00167341730894	3.17989037328e-05	6.75726704322e-05	0.00238094291699	0.000846645811886	3.57737666994e-05	0.000127195614931	0	0	7.9497259332e-06	0.00018681855943	0.00131170477898	0.000548531089391	0.000946017386051	0.000544556226424	0.000437234926326	5.9622944499e-05	1.58994518664e-05	0.00039748629666	0.000202718011297	0.00037363711886	0.000162969381631	5.56480815324e-05	1.9874314833e-05	0
0.00111693649361	0.00156212114587	0.0202559016778	0	3.9748629666e-05	3.9748629666e-05	0.00019874314833	0.00293742373232	0.00136735286051	0.000469033830059	0.000143095066798	0.000719450196954	0.000143095066798	0.000155019655697	0.00294139859528	0.000155019655697	0.00858172914489	0.0106089092579	0.000115271026031	0.000914218482318	0.000139120203831	0.0229429090432	0.00439222357809	0.0815920121154	0.00219809922053	0.000218617463163	0.0078901029887	0.0133992630604	0.00382381817387	0.00488908144892	0.0115708260958	7.9497259332e-06	7.55223963654e-05	0.00209077792043	0.00930515420481	7.55223963654e-05	0.000659827252455	0.000337863352161	0	5.16732185658e-05	0	9.53967111984e-05	0.000234516915029	9.14218482318e-05	0.000286190133595	9.14218482318e-05	6.75726704322e-05	4.76983555992e-05	3.9748629666e-06	7.9497259332e-05	2.78240407662e-05	0.00485728254518	0.000314014174361	2.78240407662e-05	0.000162969381631	3.57737666994e-05	0.00124810697151	0.00690036211002	0.00394306406287	0.00137927744941	4.76983555992e-05	0.000294139859528	0.00288972537672	0.00111296163065	7.55223963654e-05	0.000115271026031	0	0	0	0.000393511433693	0.0100603781685	0.00485330768222	0.0134946597716	0.00898716516748	0.000739324511787	0.00108911245285	0.000119245888998	0.000882419578585	0.000445184652259	0.000703550745088	0.000469033830059	9.14218482318e-05	3.57737666994e-05	3.9748629666e-06
0.000600204307956	0.000381586844794	0.000226567189096	0	0.00725015005108	2.78240407662e-05	0.00163366867927	0.00378804440717	0.00329516139931	0.0079497259332	0.00451941919302	0.000294139859528	0.00850620674852	0.000119245888998	0.00492485521562	0.000333888489194	0.00329913626228	8.34721222986e-05	5.16732185658e-05	6.75726704322e-05	0.00895934112671	0.00170919107564	0.00284600188409	0.00219809922053	0.0442958728998	5.16732185658e-05	0.000290164996562	0.000620078622789	0.0161061447407	0.00856582969302	0.00382779303684	7.9497259332e-06	0.000103346437132	0.00478176014882	0.00645915232072	5.16732185658e-05	3.9748629666e-05	2.38491777996e-05	0	0.00163764354224	0	0.000429285200393	0.000878444715618	0.000250416366896	0.00430875145579	0.00137132772348	3.57737666994e-05	0.000453134378192	3.9748629666e-06	0.000218617463163	0.000103346437132	0.00107718786395	7.9497259332e-06	0	1.19245888998e-05	0.00174496484234	0.000170919107564	0.00189600963507	0.000158994518664	0.00573175239784	1.19245888998e-05	3.17989037328e-05	7.9497259332e-05	0.00184036155354	9.14218482318e-05	8.34721222986e-05	3.9748629666e-06	1.19245888998e-05	1.19245888998e-05	0.000111296163065	0.0018801101832	0.000365687392927	0.00410205858153	0.00197153203143	0.00107321300098	0.000361712529961	4.76983555992e-05	0.000254391229862	5.56480815324e-05	0.000246441503929	7.9497259332e-05	0.00017489397053	3.57737666994e-05	0
1.19245888998e-05	0.00394306406287	0.000206692874263	0	0	3.9748629666e-06	1.19245888998e-05	2.78240407662e-05	2.38491777996e-05	0.000278240407662	1.9874314833e-05	0.00234914401326	2.38491777996e-05	0.00623258513163	8.34721222986e-05	7.9497259332e-06	5.9622944499e-05	0.000298114722495	0.000345813078094	0.00114476053438	1.58994518664e-05	7.55223963654e-05	0.00110501190471	0.000218617463163	5.16732185658e-05	0.0180021543757	0.00560853164587	0.00717860251768	5.16732185658e-05	0.000162969381631	0.000127195614931	0.00017489397053	7.9497259332e-06	1.9874314833e-05	0.000600204307956	3.9748629666e-06	0.00143492553094	5.16732185658e-05	0	0	0	1.9874314833e-05	1.58994518664e-05	1.19245888998e-05	1.9874314833e-05	7.9497259332e-06	0.00145479984578	1.19245888998e-05	0.00131567964194	1.58994518664e-05	1.19245888998e-05	3.9748629666e-05	6.35978074656e-05	0.000357737666994	0.000508782459725	3.9748629666e-06	7.9497259332e-06	4.37234926326e-05	5.56480815324e-05	1.58994518664e-05	0.00381189358497	0.00226964675393	0.00233324456139	1.9874314833e-05	1.19245888998e-05	7.9497259332e-06	0.00018681855943	0	0	0.00022259232613	0.000564430541257	0.00114476053438	0.000612128896856	0.000218617463163	2.78240407662e-05	3.9748629666e-06	0.000234516915029	0.000178868833497	0.00161379436444	0.000329913626228	7.15475333988e-05	2.38491777996e-05	0	0.000465058967092
0.000540581363457	0.0131885953232	0.0163843851483	0	3.17989037328e-05	1.19245888998e-05	7.55223963654e-05	0.000938067660117	0.000528656774558	0.000457109241159	9.9371574165e-05	0.00762378716994	0.000123220751965	0.00544158740127	0.00156609600884	3.57737666994e-05	0.000230542052063	0.012496969167	0.00263533414686	0.0075681390884	0.000119245888998	0.0021663003168	0.00127195614931	0.0078901029887	0.000290164996562	0.00560853164587	0.0860875821306	0.0308449366208	0.000576355130157	0.00254391229862	0.00528259288261	0.00137530258644	3.57737666994e-05	0.000600204307956	0.00608949006483	3.9748629666e-05	0.00552903438654	0.00147069929764	0	1.19245888998e-05	0	3.57737666994e-05	0.000151044792731	6.35978074656e-05	6.75726704322e-05	5.16732185658e-05	0.00149852333841	1.19245888998e-05	0.00105333868615	7.15475333988e-05	1.19245888998e-05	0.00022259232613	0.00257173633939	0.000790997730353	0.00283010243222	1.58994518664e-05	0.000214642600196	0.000262340955796	0.00129978019008	0.000178868833497	0.00281817784332	0.0060219173944	0.0099729311832	0.000238491777996	7.55223963654e-05	7.55223963654e-05	0.000147069929764	0	3.9748629666e-06	0.00108911245285	0.0060338419833	0.00737337080304	0.00535811527898	0.00263930900982	6.75726704322e-05	0.000123220751965	0.000115271026031	0.00119643375295	0.00241671668369	0.00123220751965	0.00037363711886	5.9622944499e-05	1.9874314833e-05	9.53967111984e-05
0.00018681855943	0.0222791069278	0.0146831437986	0	1.19245888998e-05	7.9497259332e-06	4.37234926326e-05	0.000306064448428	0.000298114722495	0.00132362936788	7.15475333988e-05	0.00236504346513	6.35978074656e-05	0.00568007917927	0.000755223963654	4.76983555992e-05	0.00328323681041	0.00621271081679	0.000695601019155	0.00298114722495	5.56480815324e-05	0.0017966380609	0.00952377166797	0.0133992630604	0.000620078622789	0.00717860251768	0.0308449366208	0.0909965378944	0.000739324511787	0.00138722717534	0.00226964675393	0.000496857870825	2.78240407662e-05	0.00056045567829	0.00482945850442	3.9748629666e-06	0.00677714135805	0.00193575826473	0	3.9748629666e-06	0	5.16732185658e-05	0.000131170477898	6.35978074656e-05	5.56480815324e-05	2.78240407662e-05	0.000878444715618	1.9874314833e-05	0.000683676430255	5.9622944499e-05	3.9748629666e-06	0.00247633962819	0.0019635823055	0.00040941088556	0.00153429710511	1.19245888998e-05	0.000687651293222	0.0041537318001	0.00515937213065	0.000282215270629	0.00168534189784	0.00358930125884	0.0112409124695	0.00038556170776	9.14218482318e-05	9.14218482318e-05	7.55223963654e-05	0	0	0.000846645811886	0.00779073141453	0.00641542882809	0.00618091191306	0.0036767482441	0.000242466640963	0.000333888489194	0.000107321300098	0.00127195614931	0.0016893167608	0.00114476053438	0.000437234926326	7.55223963654e-05	3.9748629666e-05	4.37234926326e-05
0.00154622169401	0.000274265544695	0.00080689718222	0	0.00362904988851	5.16732185658e-05	0.0018681855943	0.0153071972844	0.00444389679666	0.00261943469499	0.00695998505452	0.000206692874263	0.00185228614244	7.55223963654e-05	0.00630413266503	0.000226567189096	0.00152237251621	0.000294139859528	4.76983555992e-05	7.55223963654e-05	0.00491293062672	0.00831143846316	0.00104141409725	0.00382381817387	0.0161061447407	5.16732185658e-05	0.000576355130157	0.000739324511787	0.0600800537401	0.0109666469248	0.0113204097289	3.9748629666e-06	0.000119245888998	0.00718655224361	0.00885201982662	7.9497259332e-05	4.76983555992e-05	3.57737666994e-05	0	0.00303679530648	0	0.000480958418959	0.000949992249017	0.000226567189096	0.00451544433006	0.00165354299411	3.17989037328e-05	0.000520707048624	1.19245888998e-05	0.000218617463163	8.74469852652e-05	0.00100166546758	2.38491777996e-05	0	1.19245888998e-05	0.00277445435069	0.000178868833497	0.00158597032367	0.000139120203831	0.0058191993831	1.19245888998e-05	3.57737666994e-05	0.000158994518664	0.0020470544278	7.9497259332e-05	7.55223963654e-05	7.9497259332e-06	1.58994518664e-05	1.19245888998e-05	0.000107321300098	0.00289370023968	0.000600204307956	0.00567212945334	0.00315604119548	0.000862545263752	0.000453134378192	3.17989037328e-05	0.000310039311395	5.56480815324e-05	0.000194768285363	8.34721222986e-05	0.000119245888998	2.38491777996e-05	0
0.00621271081679	0.000433260063359	0.00263930900982	0	0.0017012413497	0.000516732185658	0.00401858645923	0.00781060572937	0.0113879823993	0.00237696805403	0.00468636343762	0.00287780078782	0.00692818615078	0.000600204307956	0.0303083301203	0.00060815403389	0.000349787941061	0.00142697580501	0.000369662255894	0.000695601019155	0.00600601794253	0.00387151652947	0.00122425779371	0.00488908144892	0.00856582969302	0.000162969381631	0.00254391229862	0.00138722717534	0.0109666469248	0.0713646897023	0.0242983373148	3.17989037328e-05	0.0022020740835	0.0228395626061	0.0320532949627	0.000107321300098	8.34721222986e-05	7.15475333988e-05	0	0.000616103759823	3.9748629666e-06	0.000457109241159	0.00107321300098	0.000302089585462	0.00228554620579	0.00100961519352	8.74469852652e-05	0.00042133547446	7.15475333988e-05	0.00040941088556	0.000166944244597	0.00161776922741	5.9622944499e-05	0	4.76983555992e-05	0.000834721222986	0.000178868833497	0.00220604894646	0.000178868833497	0.00499640274902	3.9748629666e-05	0.000131170477898	0.000270290681729	0.00189600963507	0.000194768285363	0.000127195614931	1.19245888998e-05	7.9497259332e-06	1.9874314833e-05	0.000214642600196	0.00713090416208	0.00187613532023	0.0191071662804	0.00754428991061	0.000564430541257	0.00226964675393	0.000206692874263	0.000504807596758	0.000147069929764	0.000469033830059	0.000178868833497	0.00019874314833	7.55223963654e-05	1.9874314833e-05
0.00540183877161	0.000739324511787	0.00741311943271	0	9.53967111984e-05	5.16732185658e-05	0.000321963900295	0.0099013836498	0.00317989037328	0.00288972537672	0.000310039311395	0.000476983555992	0.000290164996562	0.000103346437132	0.0116860971218	0.000190793422397	0.000552505952357	0.00354160290324	7.15475333988e-05	0.000755223963654	0.000294139859528	0.0134390116901	0.0017131659386	0.0115708260958	0.00382779303684	0.000127195614931	0.00528259288261	0.00226964675393	0.0113204097289	0.0242983373148	0.0618607923492	3.9748629666e-06	0.000115271026031	0.01250094403	0.0168255949376	0.000139120203831	0.000230542052063	0.000115271026031	0	0.000306064448428	0	0.000306064448428	0.000886394441552	0.000206692874263	0.00179266319794	0.000556480815324	3.9748629666e-05	0.000282215270629	1.58994518664e-05	0.000341838215128	0.000147069929764	0.00172906539047	8.74469852652e-05	7.9497259332e-06	8.74469852652e-05	0.000389536570727	0.000226567189096	0.00267508277652	0.000321963900295	0.00399473728143	3.17989037328e-05	0.000155019655697	0.000500832733792	0.00172111566454	0.00017489397053	0.000143095066798	0	3.9748629666e-06	1.9874314833e-05	0.000170919107564	0.00433260063359	0.00165354299411	0.00945222413457	0.00490895576375	0.000512757322691	0.000576355130157	6.35978074656e-05	0.000476983555992	0.000190793422397	0.000417360611493	0.000166944244597	0.000166944244597	3.17989037328e-05	3.9748629666e-06
