0.015207432427	4.01145672039e-06	8.42405911283e-05	0	4.81374806447e-05	4.81374806447e-05	0.00109512768467	0.00559598212495	0.00263953852202	0.000216618662901	0.000950715242733	1.60458268816e-05	0.000188538465858	4.01145672039e-06	0.00465328979566	7.22062209671e-05	0.000148423898655	4.41260239243e-05	0	8.02291344079e-06	6.01718508059e-05	0.000473351893006	0.000120343701612	0.000361031104835	0.000645844531983	0	2.40687403224e-05	4.01145672039e-05	0.00146418170294	0.0052911114142	0.00427220140722	0	1.20343701612e-05	0.00148423898655	0.00176102950025	0	8.02291344079e-06	0	0	0	0	4.01145672039e-06	0	0	6.01718508059e-05	4.01145672039e-06	0	4.01145672039e-06	0	0	0	4.01145672039e-06	0	0	0	4.01145672039e-06	0	2.80801970428e-05	4.01145672039e-06	4.01145672039e-05	0	0	0	4.01145672039e-06	0	0	0	0	0	4.01145672039e-06	0.000842405911283	0.000156446812095	0.000746130949993	0.000272779056987	0.00061375287822	9.2263504569e-05	0	2.0057283602e-05	0	4.01145672039e-06	8.02291344079e-06	8.02291344079e-06	4.01145672039e-06	0
4.01145672039e-06	0.0113524225187	0.00133180363117	0	0	0	0	2.0057283602e-05	0	3.20916537631e-05	0	0.000228653033062	0	0.00010429787473	0	0	0.000176504095697	0.00050945500349	6.41833075263e-05	0.000489397719888	0	0.000112320788171	0.00159655977472	0.000537535200533	5.21489373651e-05	0.00133581508789	0.00237879383519	0.00376274640373	6.81947642467e-05	1.20343701612e-05	6.41833075263e-05	1.20343701612e-05	0	8.02291344079e-06	0.000549569570694	0	0.00152435355375	0.000280801970428	0	0	0	0	0	0	8.02291344079e-06	0	6.01718508059e-05	0	5.61603940855e-05	4.01145672039e-06	0	1.20343701612e-05	0.000120343701612	1.20343701612e-05	4.81374806447e-05	0	3.20916537631e-05	0.000373065474997	0.000136389528493	8.02291344079e-06	0.000276790513707	0.000348996734674	0.00091461213225	0	4.01145672039e-06	4.01145672039e-06	0	0	0	0.000116332244891	0.000292836340589	0.000866474651605	0.000449283152684	0.000136389528493	4.01145672039e-06	0	4.01145672039e-06	2.80801970428e-05	0.000120343701612	0.00010429787473	4.01145672039e-05	8.02291344079e-06	4.01145672039e-06	4.01145672039e-06
8.42405911283e-05	0.00133180363117	0.032681337901	0	4.01145672039e-06	0	2.0057283602e-05	0.00040916858548	3.61031104835e-05	8.42405911283e-05	1.60458268816e-05	9.62749612894e-05	4.01145672039e-06	8.02291344079e-06	1.60458268816e-05	8.02291344079e-06	0.00139197548198	0.00289627175212	1.20343701612e-05	0.000425214412362	0	0.00190945339891	0.00200973981692	0.0120383816179	0.000252721773385	3.61031104835e-05	0.00476561058383	0.012295114848	0.00103094437714	0.000156446812095	0.00128767760725	0	0	8.42405911283e-05	0.00340171529889	0	0.000910600675529	0.000244698859944	0	0	0	0	4.01145672039e-06	0	2.0057283602e-05	0	1.60458268816e-05	0	0	0	0	4.41260239243e-05	0.000120343701612	8.02291344079e-06	2.0057283602e-05	0	2.40687403224e-05	0.000834382997842	0.00020859574946	8.02291344079e-06	2.80801970428e-05	0.000144412441934	0.000726073666391	8.02291344079e-06	0	2.80801970428e-05	0	0	0	0.000124355158332	0.00255930938761	0.00367449435588	0.00237879383519	0.000846417368003	0.000116332244891	1.60458268816e-05	8.02291344079e-06	0.00010028641801	8.42405911283e-05	7.62176776875e-05	4.41260239243e-05	8.02291344079e-06	1.20343701612e-05	4.01145672039e-06
0	0	0	0	0	0	0	0	0	0	0	0	0	0	0	0	0	0	0	0	0	0	0	0	0	0	0	0	0	0	0	0	0	0	0	0	0	0	0	0	0	0	0	0	0	0	0	0	0	0	0	0	0	0	0	0	0	0	0	0	0	0	0	0	0	0	0	0	0	0	0	0	0	0	0	0	0	0	0	0	0	0	0	0
4.81374806447e-05	0	4.01145672039e-06	0	0.0138916746227	0	0.000156446812095	0.00123151721316	9.2263504569e-05	9.2263504569e-05	0.00235071363815	0	0.000541546657253	0	6.41833075263e-05	0	2.0057283602e-05	0	0	0	0.00365042561556	2.0057283602e-05	8.02291344079e-06	8.02291344079e-06	0.00416790353249	0	0	0	0.00519082499619	2.0057283602e-05	1.20343701612e-05	0	0	1.20343701612e-05	2.80801970428e-05	1.60458268816e-05	0	0	0	0.00211804914837	0	0.000160458268816	4.01145672039e-06	1.60458268816e-05	2.0057283602e-05	0.000348996734674	0	0.00040515712876	0	8.02291344079e-06	0	0	0	0	0	0.00163667434192	4.01145672039e-06	0	8.02291344079e-06	0.00010429787473	0	0	0	8.42405911283e-05	0	4.01145672039e-06	0	0	0	0	4.01145672039e-06	4.01145672039e-06	8.02291344079e-06	4.01145672039e-06	0	0	0	0	0	0	0	0	0	0
4.81374806447e-05	0	0	0	0	0.00797076450342	0.00364240270212	3.61031104835e-05	0.00324927994352	0	8.02291344079e-06	4.01145672039e-06	4.01145672039e-06	0	0.000685959099187	0.00101489855026	4.01145672039e-06	0	0	0	0	4.01145672039e-06	0	8.02291344079e-06	4.01145672039e-06	0	0	0	1.20343701612e-05	0.00101489855026	1.20343701612e-05	0	0.00235472509487	1.20343701612e-05	0.000577649767737	0	0	0	0	0	0	0	0	0	4.01145672039e-06	0	0	0	0	0	0	0	0	0	0	0	0	0	0	4.01145672039e-06	0	0	0	0	0	0	0	0	0	0	4.81374806447e-05	1.20343701612e-05	0.000192549922579	4.81374806447e-05	0.000581661224457	0.00139197548198	4.01145672039e-06	0	0	0	0	0	0	0
0.00109512768467	0	2.0057283602e-05	0	0.000156446812095	0.00364240270212	0.0319031152973	0.00386704427846	0.0130251999711	0.000116332244891	0.00802291344079	1.60458268816e-05	0.00473753038678	4.01145672039e-06	0.00308079876126	0.00188538465858	3.61031104835e-05	4.01145672039e-06	0	8.02291344079e-06	0.000517477916931	6.41833075263e-05	3.20916537631e-05	4.41260239243e-05	0.000493409176608	4.01145672039e-06	1.20343701612e-05	8.02291344079e-06	0.00116332244891	0.00155243375079	0.000312893624191	0	0.000866474651605	0.000228653033062	0.000978795439776	0	0	0	0	0	0	0	0	0	2.0057283602e-05	0	0	4.01145672039e-06	0	0	0	0	0	0	0	0	0	1.20343701612e-05	4.01145672039e-06	1.60458268816e-05	0	0	4.01145672039e-06	8.02291344079e-06	0	8.02291344079e-06	0	0	0	0	0.000316905080911	4.81374806447e-05	0.000585672681177	0.000136389528493	0.000798279887358	0.00050945500349	4.01145672039e-06	4.01145672039e-06	4.01145672039e-06	0	0	0	0	0
0.00559598212495	2.0057283602e-05	0.00040916858548	0	0.00123151721316	3.61031104835e-05	0.00386704427846	0.0570389031073	0.0049180459392	0.00227048450374	0.0154762000273	8.02291344079e-06	0.00164870871208	8.02291344079e-06	0.00486990845856	0.00010028641801	0.00110315059811	8.42405911283e-05	0	4.01145672039e-06	0.0014361015059	0.00254727501745	0.00081432571424	0.00152034209703	0.0071403929623	1.60458268816e-05	2.40687403224e-05	0.000152435355375	0.0234028385068	0.00339369238545	0.0114085829128	0	1.20343701612e-05	0.00148423898655	0.00308079876126	1.20343701612e-05	8.02291344079e-06	8.02291344079e-06	0	2.40687403224e-05	0	2.80801970428e-05	4.81374806447e-05	8.02291344079e-06	0.000497420633329	2.40687403224e-05	0	6.81947642467e-05	0	8.02291344079e-06	0	2.40687403224e-05	2.0057283602e-05	0	0	4.41260239243e-05	1.60458268816e-05	0.000144412441934	3.20916537631e-05	0.000401145672039	0	4.01145672039e-06	2.80801970428e-05	0.000120343701612	8.02291344079e-06	6.01718508059e-05	0	0	0	2.0057283602e-05	0.00192148776907	0.000589684137898	0.00138395256854	0.000525500830372	0.000778222603756	6.41833075263e-05	8.02291344079e-06	0.000116332244891	4.01145672039e-06	2.0057283602e-05	1.20343701612e-05	2.0057283602e-05	4.01145672039e-06	0
0.00263953852202	0	3.61031104835e-05	0	9.2263504569e-05	0.00324927994352	0.0130251999711	0.0049180459392	0.0380687242765	0.000136389528493	0.00486990845856	4.81374806447e-05	0.000685959099187	0	0.0122188971703	0.000942692329292	2.0057283602e-05	1.60458268816e-05	0	2.0057283602e-05	0.000192549922579	0.000132378071773	2.80801970428e-05	9.2263504569e-05	0.000441260239243	4.01145672039e-06	2.80801970428e-05	1.60458268816e-05	0.00111117351155	0.00380687242765	0.000577649767737	0	0.00133581508789	0.000381088388437	0.0018292242645	0	0	0	0	0	0	0	4.01145672039e-06	0	2.80801970428e-05	0	0	0	0	0	0	4.01145672039e-06	0	0	0	0	0	8.02291344079e-06	0	3.20916537631e-05	0	0	0	0	0	8.02291344079e-06	0	0	0	4.01145672039e-06	0.000461317522845	0.000136389528493	0.00111117351155	0.000280801970428	0.00116733390563	0.000986818353217	4.01145672039e-06	2.0057283602e-05	4.01145672039e-06	0	0	0	0	4.01145672039e-06
0.000216618662901	3.20916537631e-05	8.42405911283e-05	0	9.2263504569e-05	0	0.000116332244891	0.00227048450374	0.000136389528493	0.0137793538346	0.000397134215319	0	0.000938680872572	0	0.000116332244891	0.00030487071075	0.000730085123112	1.60458268816e-05	0	0	9.2263504569e-05	0.000381088388437	0.0022825188739	0.000413180042201	0.00553581027414	0	1.60458268816e-05	6.41833075263e-05	0.00250314899353	0.00030085925403	0.000730085123112	0	0	0.000172492638977	0.000481374806447	6.01718508059e-05	8.02291344079e-06	8.02291344079e-06	0	6.01718508059e-05	0	0.00010429787473	0.000240687403224	3.61031104835e-05	0.00242693131584	4.01145672039e-05	0	0.000224641576342	0	5.61603940855e-05	4.01145672039e-06	8.82520478487e-05	1.20343701612e-05	0	4.01145672039e-06	0.000136389528493	0.000116332244891	0.000381088388437	0.000112320788171	0.00152836501047	0	1.20343701612e-05	1.20343701612e-05	0.000481374806447	2.40687403224e-05	0.000216618662901	0	0	2.40687403224e-05	9.62749612894e-05	0.000361031104835	8.42405911283e-05	0.000188538465858	5.21489373651e-05	0.000665901815585	0	0	0.000212607206181	1.60458268816e-05	4.41260239243e-05	1.60458268816e-05	4.01145672039e-05	4.01145672039e-06	0
0.000950715242733	0	1.60458268816e-05	0	0.00235071363815	8.02291344079e-06	0.00802291344079	0.0154762000273	0.00486990845856	0.000397134215319	0.0413661417007	4.01145672039e-06	0.00503838964081	4.01145672039e-06	0.00208996895132	4.81374806447e-05	5.21489373651e-05	4.01145672039e-06	0	0	0.00417592644593	7.62176776875e-05	4.41260239243e-05	8.82520478487e-05	0.00176504095697	0	4.01145672039e-06	1.60458268816e-05	0.00868480379965	0.000545558113974	0.000565615397575	0	8.02291344079e-06	0.000188538465858	0.000397134215319	0	0	0	0	0.000248710316664	0	2.80801970428e-05	4.01145672039e-06	0	9.2263504569e-05	0.000128366615053	0	7.22062209671e-05	0	0	0	0	0	0	0	0.000172492638977	4.01145672039e-06	8.02291344079e-06	0	0.00010028641801	0	0	0	1.20343701612e-05	0	1.20343701612e-05	0	0	0	0	0.000240687403224	4.01145672039e-05	0.000252721773385	9.2263504569e-05	0.00020859574946	2.80801970428e-05	0	2.40687403224e-05	0	0	0	0	0	0
1.60458268816e-05	0.000228653033062	9.62749612894e-05	0	0	4.01145672039e-06	1.60458268816e-05	8.02291344079e-06	4.81374806447e-05	0	4.01145672039e-06	0.029295668429	0	0.00883322769831	4.41260239243e-05	0	1.20343701612e-05	0.000465328979566	0.00266360726234	0.00469741581958	0	2.80801970428e-05	0	0.00010429787473	8.02291344079e-06	0.00272377911315	0.00898165159696	0.00219827828278	8.02291344079e-06	0.000112320788171	3.20916537631e-05	0.000702004926069	8.02291344079e-06	1.20343701612e-05	0.00300458108357	0	0.000140400985214	4.01145672039e-06	0	0	0	0	0	0	0	0	0.000108309331451	0	0.000112320788171	0	0	0	1.20343701612e-05	4.01145672039e-06	2.40687403224e-05	0	0	0	0	0	0.000413180042201	9.2263504569e-05	0.000144412441934	0	0	0	4.01145672039e-06	0	0	2.0057283602e-05	0.000220630119622	0.00343781840938	0.00419197227281	0.000232664489783	2.80801970428e-05	4.41260239243e-05	0.000770199690316	8.02291344079e-06	0.000112320788171	1.20343701612e-05	4.01145672039e-06	0	0	8.02291344079e-06
0.000188538465858	0	4.01145672039e-06	0	0.000541546657253	4.01145672039e-06	0.00473753038678	0.00164870871208	0.000685959099187	0.000938680872572	0.00503838964081	0	0.0233587124829	0	0.000216618662901	0.00091862358897	8.02291344079e-06	0	0	0	0.00822348627681	1.60458268816e-05	8.02291344079e-06	1.20343701612e-05	0.00142406713574	0	0	0	0.00131174634757	8.02291344079e-05	5.21489373651e-05	0	0	2.40687403224e-05	8.42405911283e-05	4.01145672039e-06	0	0	0	1.20343701612e-05	0	6.01718508059e-05	8.02291344079e-06	4.01145672039e-06	4.41260239243e-05	0.000112320788171	0	0.000822348627681	0	8.02291344079e-06	0	0	0	0	0	0.000328939451072	4.01145672039e-06	4.01145672039e-06	0	4.01145672039e-05	0	0	0	1.20343701612e-05	0	0	0	0	0	0	6.01718508059e-05	1.20343701612e-05	4.01145672039e-05	1.60458268816e-05	0.000593695594618	8.02291344079e-06	0	1.60458268816e-05	0	4.01145672039e-06	4.01145672039e-06	0	0	0
4.01145672039e-06	0.00010429787473	8.02291344079e-06	0	0	0	4.01145672039e-06	8.02291344079e-06	0	0	4.01145672039e-06	0.00883322769831	0	0.0159736206606	8.02291344079e-06	0	0	5.21489373651e-05	0.000284813427148	0.000533523743812	0	4.01145672039e-06	0	1.20343701612e-05	0	0.00322119974648	0.00398738798007	0.00292034049245	0	2.40687403224e-05	4.01145672039e-06	0.000958738156174	4.01145672039e-06	4.01145672039e-06	0.000280801970428	0	4.41260239243e-05	0	0	0	0	0	0	0	0	0	9.2263504569e-05	0	0.00010028641801	0	0	0	0	8.02291344079e-06	8.02291344079e-06	0	0	0	0	0	0.000256733230105	7.22062209671e-05	6.81947642467e-05	0	0	0	0	0	0	2.0057283602e-05	6.81947642467e-05	0.00124756304004	0.000830371541121	5.21489373651e-05	4.01145672039e-06	8.02291344079e-06	0.000673924729026	4.01145672039e-06	8.82520478487e-05	2.40687403224e-05	4.01145672039e-06	0	0	1.20343701612e-05
0.00465328979566	0	1.60458268816e-05	0	6.41833075263e-05	0.000685959099187	0.00308079876126	0.00486990845856	0.0122188971703	0.000116332244891	0.00208996895132	4.41260239243e-05	0.000216618662901	8.02291344079e-06	0.0260503999422	0.000256733230105	2.80801970428e-05	8.02291344079e-06	4.01145672039e-06	1.20343701612e-05	7.22062209671e-05	0.000152435355375	3.20916537631e-05	8.42405911283e-05	0.000316905080911	0	2.0057283602e-05	8.02291344079e-06	0.000657878902145	0.00557592484135	0.00092263504569	0	0.000693982012628	0.000557592484135	0.00146418170294	0	0	0	0	0	0	4.01145672039e-06	0	0	3.20916537631e-05	4.01145672039e-06	0	0	0	0	0	8.02291344079e-06	0	0	0	0	4.01145672039e-06	1.60458268816e-05	4.01145672039e-06	2.80801970428e-05	0	0	0	4.01145672039e-06	4.01145672039e-06	8.02291344079e-06	0	0	0	4.01145672039e-06	0.000385099845158	0.000112320788171	0.000894554848648	0.000220630119622	0.000786245517197	0.000441260239243	0	1.20343701612e-05	0	4.01145672039e-06	8.02291344079e-06	8.02291344079e-06	4.01145672039e-06	0
7.22062209671e-05	0	8.02291344079e-06	0	0	0.00101489855026	0.00188538465858	0.00010028641801	0.000942692329292	0.00030487071075	4.81374806447e-05	0	0.00091862358897	0	0.000256733230105	0.0062739183107	4.01145672039e-06	0	0	0	8.02291344079e-06	8.02291344079e-06	1.20343701612e-05	1.60458268816e-05	9.62749612894e-05	0	0	0	5.61603940855e-05	0.000188538465858	2.0057283602e-05	0	8.42405911283e-05	2.80801970428e-05	0.000140400985214	0	0	0	0	0	0	0	0	0	1.20343701612e-05	0	0	0	0	0	0	0	0	0	0	0	4.01145672039e-06	1.20343701612e-05	4.01145672039e-06	4.01145672039e-06	0	0	8.02291344079e-06	4.01145672039e-06	0	4.01145672039e-06	0	0	0	0	0.000272779056987	1.60458268816e-05	0.000156446812095	5.21489373651e-05	0.00235071363815	0.00010028641801	0	4.01145672039e-06	4.01145672039e-06	4.01145672039e-06	4.01145672039e-06	0	0	0
0.000148423898655	0.000176504095697	0.00139197548198	0	2.0057283602e-05	4.01145672039e-06	3.61031104835e-05	0.00110315059811	2.0057283602e-05	0.000730085123112	5.21489373651e-05	1.20343701612e-05	8.02291344079e-06	0	2.80801970428e-05	4.01145672039e-06	0.0229014064167	0.00010429787473	0	1.20343701612e-05	0	0.00462520959861	0.00602921945075	0.00941488892276	0.00564010814887	4.01145672039e-06	6.01718508059e-05	0.00244297714272	0.00427220140722	0.000312893624191	0.00135186091477	0	4.01145672039e-06	0.000256733230105	0.0016126056016	0	3.61031104835e-05	5.21489373651e-05	0	0	0	0	2.0057283602e-05	0	0.000164469725536	0	4.01145672039e-06	0	4.01145672039e-06	4.01145672039e-06	0	0.000132378071773	2.40687403224e-05	0	8.02291344079e-06	0	4.41260239243e-05	0.000669913272306	0.000140400985214	0.000116332244891	0	4.01145672039e-06	7.22062209671e-05	8.82520478487e-05	4.01145672039e-06	4.81374806447e-05	0	0	4.01145672039e-06	5.21489373651e-05	0.00168882327929	0.000990829809937	0.000798279887358	0.000344985277954	8.82520478487e-05	8.02291344079e-06	8.02291344079e-06	7.22062209671e-05	2.0057283602e-05	4.81374806447e-05	3.20916537631e-05	0	4.01145672039e-06	0
4.41260239243e-05	0.00050945500349	0.00289627175212	0	0	0	4.01145672039e-06	8.42405911283e-05	1.60458268816e-05	1.60458268816e-05	4.01145672039e-06	0.000465328979566	0	5.21489373651e-05	8.02291344079e-06	0	0.00010429787473	0.0217019808573	0.000160458268816	0.00534727180828	0	0.000706016382789	0.000188538465858	0.00626990685397	4.01145672039e-05	0.000148423898655	0.00578853204753	0.00203782001396	0.000140400985214	5.21489373651e-05	0.000465328979566	4.01145672039e-06	0	2.80801970428e-05	0.00526704267388	0	0.000461317522845	9.2263504569e-05	0	0	0	4.01145672039e-06	0	0	0	0	0	0	4.01145672039e-06	0	0	4.01145672039e-06	6.41833075263e-05	0	1.60458268816e-05	0	1.20343701612e-05	8.82520478487e-05	6.01718508059e-05	0	6.01718508059e-05	0.000152435355375	0.000296847797309	0	0	4.01145672039e-06	0	0	0	4.41260239243e-05	0.00144011296262	0.00301260399702	0.00249111462336	0.000573638311016	3.20916537631e-05	4.01145672039e-06	2.80801970428e-05	2.40687403224e-05	3.61031104835e-05	3.20916537631e-05	2.80801970428e-05	8.02291344079e-06	0	4.01145672039e-06
0	6.41833075263e-05	1.20343701612e-05	0	0	0	0	0	0	0	0	0.00266360726234	0	0.000284813427148	4.01145672039e-06	0	0	0.000160458268816	0.00494211467952	0.00225443867686	0	0	0	1.20343701612e-05	0	0.000196561379299	0.00284412281476	0.000340973821233	0	4.01145672039e-06	4.01145672039e-06	3.61031104835e-05	0	0	0.000184527009138	0	3.20916537631e-05	0	0	0	0	0	0	0	0	0	8.02291344079e-06	0	2.0057283602e-05	0	0	0	0	0	4.01145672039e-06	0	0	0	0	0	3.20916537631e-05	8.02291344079e-06	2.80801970428e-05	0	0	0	0	0	0	4.01145672039e-06	2.80801970428e-05	0.000296847797309	0.00020859574946	1.60458268816e-05	0	0	2.80801970428e-05	0	8.02291344079e-06	0	0	0	0	0
8.02291344079e-06	0.000489397719888	0.000425214412362	0	0	0	8.02291344079e-06	4.01145672039e-06	2.0057283602e-05	0	0	0.00469741581958	0	0.000533523743812	1.20343701612e-05	0	1.20343701612e-05	0.00534727180828	0.00225443867686	0.0201896616737	0	6.41833075263e-05	1.20343701612e-05	0.000393122758599	4.01145672039e-06	0.000778222603756	0.00972778254695	0.00194154505267	1.60458268816e-05	2.80801970428e-05	5.61603940855e-05	7.62176776875e-05	4.01145672039e-06	4.01145672039e-06	0.00385099845158	0	0.000340973821233	3.20916537631e-05	0	0	0	0	0	0	0	0	4.41260239243e-05	0	7.22062209671e-05	0	0	0	2.40687403224e-05	4.01145672039e-06	3.61031104835e-05	0	0	2.0057283602e-05	4.01145672039e-06	0	0.000272779056987	0.000192549922579	0.000228653033062	0	0	0	0	0	0	2.40687403224e-05	0.000481374806447	0.00229455324407	0.00223839284998	0.000348996734674	0	1.60458268816e-05	4.41260239243e-05	8.02291344079e-06	4.81374806447e-05	1.20343701612e-05	1.20343701612e-05	0	0	8.02291344079e-06
6.01718508059e-05	0	0	0	0.00365042561556	0	0.000517477916931	0.0014361015059	0.000192549922579	9.2263504569e-05	0.00417592644593	0	0.00822348627681	0	7.22062209671e-05	8.02291344079e-06	0	0	0	0	0.0152395240808	1.20343701612e-05	0	8.02291344079e-06	0.00143209004918	0	0	0	0.0028521457282	4.81374806447e-05	2.0057283602e-05	0	0	1.60458268816e-05	4.01145672039e-05	4.01145672039e-06	0	0	0	8.42405911283e-05	0	8.02291344079e-06	0	0	1.60458268816e-05	1.20343701612e-05	0	4.81374806447e-05	0	0	0	0	0	0	0	5.61603940855e-05	0	0	0	2.40687403224e-05	0	0	0	0	0	0	0	0	0	0	2.80801970428e-05	4.01145672039e-06	2.40687403224e-05	8.02291344079e-06	2.0057283602e-05	8.02291344079e-06	0	1.20343701612e-05	0	0	0	0	0	0
0.000473351893006	0.000112320788171	0.00190945339891	0	2.0057283602e-05	4.01145672039e-06	6.41833075263e-05	0.00254727501745	0.000132378071773	0.000381088388437	7.62176776875e-05	2.80801970428e-05	1.60458268816e-05	4.01145672039e-06	0.000152435355375	8.02291344079e-06	0.00462520959861	0.000706016382789	0	6.41833075263e-05	1.20343701612e-05	0.0356738846145	0.00120343701612	0.0140039954109	0.00170888056289	4.01145672039e-06	0.000248710316664	0.000910600675529	0.0104658905835	0.000990829809937	0.0129088677262	0	0	0.000938680872572	0.0050744927513	0	2.80801970428e-05	1.60458268816e-05	0	0	0	0	1.20343701612e-05	0	9.62749612894e-05	0	4.01145672039e-06	0	0	0	0	0	4.01145672039e-06	4.01145672039e-06	0	0	1.20343701612e-05	0.000284813427148	3.61031104835e-05	6.81947642467e-05	4.01145672039e-06	0	6.01718508059e-05	3.20916537631e-05	0	1.60458268816e-05	0	0	0	3.20916537631e-05	0.00236274800831	0.0014561587895	0.00194154505267	0.000702004926069	0.000152435355375	1.20343701612e-05	4.01145672039e-06	6.81947642467e-05	1.20343701612e-05	2.40687403224e-05	1.60458268816e-05	4.01145672039e-06	0	0
0.000120343701612	0.00159655977472	0.00200973981692	0	8.02291344079e-06	0	3.20916537631e-05	0.00081432571424	2.80801970428e-05	0.0022825188739	4.41260239243e-05	0	8.02291344079e-06	0	3.20916537631e-05	1.20343701612e-05	0.00602921945075	0.000188538465858	0	1.20343701612e-05	0	0.00120343701612	0.0182039905971	0.00334555490481	0.00254326356073	1.20343701612e-05	0.000160458268816	0.00285615718492	0.00197363670643	0.000244698859944	0.000934669415852	0	0	0.000176504095697	0.00116332244891	2.40687403224e-05	0.000184527009138	0.00020458429274	0	4.01145672039e-06	0	0	4.41260239243e-05	4.01145672039e-06	0.000437248782523	0	4.01145672039e-06	0	0	1.20343701612e-05	0	0.000272779056987	7.62176776875e-05	0	1.20343701612e-05	0	0.000180515552418	0.00228653033062	0.000481374806447	0.000288824883868	8.02291344079e-06	2.80801970428e-05	0.000361031104835	0.000176504095697	4.01145672039e-06	0.000144412441934	0	0	4.01145672039e-06	0.000148423898655	0.00129168906397	0.000942692329292	0.000681947642467	0.000264756143546	6.01718508059e-05	0	0	0.000160458268816	6.01718508059e-05	0.000120343701612	7.62176776875e-05	8.02291344079e-06	8.02291344079e-06	0
0.000361031104835	0.000537535200533	0.0120383816179	0	8.02291344079e-06	8.02291344079e-06	4.41260239243e-05	0.00152034209703	9.2263504569e-05	0.000413180042201	8.82520478487e-05	0.00010429787473	1.20343701612e-05	1.20343701612e-05	8.42405911283e-05	1.60458268816e-05	0.00941488892276	0.00626990685397	1.20343701612e-05	0.000393122758599	8.02291344079e-06	0.0140039954109	0.00334555490481	0.0558033744374	0.00155644520751	2.80801970428e-05	0.00110315059811	0.00663494941553	0.00486188554512	0.000453294609404	0.00533523743812	0	4.01145672039e-06	0.000280801970428	0.00770199690316	0	0.000296847797309	0.000160458268816	0	0	0	4.01145672039e-06	2.0057283602e-05	0	0.00010429787473	0	4.01145672039e-06	0	8.02291344079e-06	4.01145672039e-06	0	0.00010028641801	7.62176776875e-05	0	4.01145672039e-06	0	4.81374806447e-05	0.000926646502411	0.000248710316664	4.41260239243e-05	2.0057283602e-05	3.20916537631e-05	0.000296847797309	5.21489373651e-05	4.01145672039e-06	4.01145672039e-05	0	0	0	0.00010028641801	0.00534326035156	0.00399942235023	0.00410773168168	0.00164870871208	0.000240687403224	4.01145672039e-05	2.80801970428e-05	0.000160458268816	6.41833075263e-05	7.62176776875e-05	4.81374806447e-05	4.01145672039e-06	1.20343701612e-05	0
0.000645844531983	5.21489373651e-05	0.000252721773385	0	0.00416790353249	4.01145672039e-06	0.000493409176608	0.0071403929623	0.000441260239243	0.00553581027414	0.00176504095697	8.02291344079e-06	0.00142406713574	0	0.000316905080911	9.62749612894e-05	0.00564010814887	4.01145672039e-05	0	4.01145672039e-06	0.00143209004918	0.00170888056289	0.00254326356073	0.00155644520751	0.0364079811943	4.01145672039e-06	1.20343701612e-05	0.000116332244891	0.0152756271913	0.000645844531983	0.00162463997176	0	4.01145672039e-06	0.000393122758599	0.0012395401266	2.40687403224e-05	0	4.01145672039e-06	0	3.20916537631e-05	0	3.20916537631e-05	0.000116332244891	2.0057283602e-05	0.000994841266658	2.40687403224e-05	0	0.00010028641801	0	2.40687403224e-05	1.20343701612e-05	3.20916537631e-05	8.02291344079e-06	0	0	5.21489373651e-05	4.81374806447e-05	0.000216618662901	5.21489373651e-05	0.000689970555908	0	0	1.60458268816e-05	0.000188538465858	1.20343701612e-05	9.62749612894e-05	0	0	4.01145672039e-06	4.01145672039e-05	0.000782234060477	0.000312893624191	0.000485386263168	0.000152435355375	0.000328939451072	1.20343701612e-05	4.01145672039e-06	0.000152435355375	0	2.40687403224e-05	8.02291344079e-06	2.80801970428e-05	0	0
0	0.00133581508789	3.61031104835e-05	0	0	0	4.01145672039e-06	1.60458268816e-05	4.01145672039e-06	0	0	0.00272377911315	0	0.00322119974648	0	0	4.01145672039e-06	0.000148423898655	0.000196561379299	0.000778222603756	0	4.01145672039e-06	1.20343701612e-05	2.80801970428e-05	4.01145672039e-06	0.0114848005905	0.00293237486261	0.0035020017169	4.01145672039e-06	2.40687403224e-05	1.60458268816e-05	8.02291344079e-05	0	8.02291344079e-06	0.000353008191395	4.01145672039e-06	0.000272779056987	1.20343701612e-05	0	0	0	0	0	0	0	0	0.000296847797309	0	0.000320916537631	0	0	0	1.20343701612e-05	1.20343701612e-05	4.41260239243e-05	0	0	4.01145672039e-06	4.01145672039e-06	0	0.00109512768467	0.000248710316664	0.000357019648115	0	4.01145672039e-06	0	8.02291344079e-06	0	0	0.000136389528493	0.000220630119622	0.0010429787473	0.000597707051339	0.000172492638977	0	4.01145672039e-06	0.000497420633329	6.01718508059e-05	0.000377076931717	0.00010429787473	5.21489373651e-05	0	4.01145672039e-06	5.61603940855e-05
2.40687403224e-05	0.00237879383519	0.00476561058383	0	0	0	1.20343701612e-05	2.40687403224e-05	2.80801970428e-05	1.60458268816e-05	4.01145672039e-06	0.00898165159696	0	0.00398738798007	2.0057283602e-05	0	6.01718508059e-05	0.00578853204753	0.00284412281476	0.00972778254695	0	0.000248710316664	0.000160458268816	0.00110315059811	1.20343701612e-05	0.00293237486261	0.0539179897788	0.0170206108646	6.41833075263e-05	6.41833075263e-05	0.000140400985214	0.00150830772687	4.01145672039e-06	2.40687403224e-05	0.00403953691744	0	0.0016326628852	0.000160458268816	0	0	0	0	0	0	0	0	0.000188538465858	0	0.000192549922579	0	0	0	8.02291344079e-05	3.20916537631e-05	9.62749612894e-05	0	8.02291344079e-06	8.82520478487e-05	2.80801970428e-05	0	0.000806302800799	0.000758165320154	0.00112320788171	0	0	0	0	0	0	0.000112320788171	0.0010028641801	0.00444068258948	0.00308079876126	0.000565615397575	2.80801970428e-05	8.02291344079e-06	7.22062209671e-05	3.20916537631e-05	0.000192549922579	8.02291344079e-05	3.20916537631e-05	0	0	1.60458268816e-05
4.01145672039e-05	0.00376274640373	0.012295114848	0	0	0	8.02291344079e-06	0.000152435355375	1.60458268816e-05	6.41833075263e-05	1.60458268816e-05	0.00219827828278	0	0.00292034049245	8.02291344079e-06	0	0.00244297714272	0.00203782001396	0.000340973821233	0.00194154505267	0	0.000910600675529	0.00285615718492	0.00663494941553	0.000116332244891	0.0035020017169	0.0170206108646	0.0555065266401	0.000449283152684	8.42405911283e-05	0.000457306066125	0.000577649767737	0	5.61603940855e-05	0.00260744686826	0	0.00161661705832	0.000441260239243	0	0	0	0	8.02291344079e-06	0	2.40687403224e-05	0	0.000120343701612	0	0.000108309331451	0	0	5.61603940855e-05	0.00020859574946	1.60458268816e-05	8.02291344079e-05	0	4.81374806447e-05	0.000854440281444	0.000264756143546	2.0057283602e-05	0.000429225869082	0.000517477916931	0.00187736174514	2.0057283602e-05	0	2.40687403224e-05	0	0	4.01145672039e-06	0.000172492638977	0.00162865142848	0.0034418298661	0.00200171690348	0.000493409176608	3.61031104835e-05	1.60458268816e-05	1.20343701612e-05	6.81947642467e-05	0.000160458268816	0.000116332244891	6.01718508059e-05	1.20343701612e-05	1.60458268816e-05	8.02291344079e-06
0.00146418170294	6.81947642467e-05	0.00103094437714	0	0.00519082499619	1.20343701612e-05	0.00116332244891	0.0234028385068	0.00111117351155	0.00250314899353	0.00868480379965	8.02291344079e-06	0.00131174634757	0	0.000657878902145	5.61603940855e-05	0.00427220140722	0.000140400985214	0	1.60458268816e-05	0.0028521457282	0.0104658905835	0.00197363670643	0.00486188554512	0.0152756271913	4.01145672039e-06	6.41833075263e-05	0.000449283152684	0.0575042320868	0.001592548318	0.00781832914805	0	4.01145672039e-06	0.000894554848648	0.00301260399702	2.40687403224e-05	0	2.0057283602e-05	0	2.0057283602e-05	0	1.60458268816e-05	5.61603940855e-05	1.60458268816e-05	0.000645844531983	1.60458268816e-05	0	5.61603940855e-05	0	1.60458268816e-05	0	4.01145672039e-05	2.0057283602e-05	0	4.01145672039e-06	2.40687403224e-05	4.01145672039e-05	0.000348996734674	7.62176776875e-05	0.000453294609404	0	4.01145672039e-06	4.81374806447e-05	0.000172492638977	8.02291344079e-06	0.00010429787473	0	0	4.01145672039e-06	5.21489373651e-05	0.00218223245589	0.00101088709354	0.00121547138628	0.000493409176608	0.000393122758599	2.0057283602e-05	4.01145672039e-06	0.000108309331451	4.01145672039e-06	2.0057283602e-05	1.60458268816e-05	1.20343701612e-05	4.01145672039e-06	0
0.0052911114142	1.20343701612e-05	0.000156446812095	0	2.0057283602e-05	0.00101489855026	0.00155243375079	0.00339369238545	0.00380687242765	0.00030085925403	0.000545558113974	0.000112320788171	8.02291344079e-05	2.40687403224e-05	0.00557592484135	0.000188538465858	0.000312893624191	5.21489373651e-05	4.01145672039e-06	2.80801970428e-05	4.81374806447e-05	0.000990829809937	0.000244698859944	0.000453294609404	0.000645844531983	2.40687403224e-05	6.41833075263e-05	8.42405911283e-05	0.001592548318	0.0295283329188	0.00583666952817	0	0.00133581508789	0.00669110980962	0.00604526527763	4.01145672039e-06	4.01145672039e-06	0	0	0	0	0	4.01145672039e-06	0	6.81947642467e-05	0	0	8.02291344079e-06	0	0	0	1.20343701612e-05	8.02291344079e-06	0	0	4.01145672039e-06	8.02291344079e-06	6.01718508059e-05	1.20343701612e-05	3.20916537631e-05	0	0	0	1.20343701612e-05	0	1.60458268816e-05	0	0	0	4.01145672039e-06	0.00171289201961	0.000357019648115	0.00251518336369	0.000742119493273	0.00135186091477	0.000834382997842	0	2.80801970428e-05	1.20343701612e-05	1.20343701612e-05	8.02291344079e-06	4.01145672039e-06	0	0
0.00427220140722	6.41833075263e-05	0.00128767760725	0	1.20343701612e-05	1.20343701612e-05	0.000312893624191	0.0114085829128	0.000577649767737	0.000730085123112	0.000565615397575	3.20916537631e-05	5.21489373651e-05	4.01145672039e-06	0.00092263504569	2.0057283602e-05	0.00135186091477	0.000465328979566	4.01145672039e-06	5.61603940855e-05	2.0057283602e-05	0.0129088677262	0.000934669415852	0.00533523743812	0.00162463997176	1.60458268816e-05	0.000140400985214	0.000457306066125	0.00781832914805	0.00583666952817	0.0377839108494	0	0	0.00180515552418	0.00693982012628	4.01145672039e-06	1.60458268816e-05	4.01145672039e-06	0	4.01145672039e-06	0	0	2.80801970428e-05	0	0.000212607206181	0	4.01145672039e-06	8.02291344079e-06	0	0	0	8.02291344079e-06	4.01145672039e-06	4.01145672039e-06	0	4.01145672039e-06	1.20343701612e-05	0.00020859574946	4.41260239243e-05	0.000124355158332	4.01145672039e-06	0	4.81374806447e-05	3.61031104835e-05	0	2.40687403224e-05	0	0	4.01145672039e-06	2.40687403224e-05	0.00333753199137	0.00135186091477	0.00213810643197	0.000810314257519	0.000477363349727	2.0057283602e-05	4.01145672039e-06	5.61603940855e-05	2.40687403224e-05	8.02291344079e-06	8.02291344079e-06	4.01145672039e-06	4.01145672039e-06	0
0	1.20343701612e-05	0	0	0	0	0	0	0	0	0	0.000702004926069	0	0.000958738156174	0	0	0	4.01145672039e-06	3.61031104835e-05	7.62176776875e-05	0	0	0	0	0	8.02291344079e-05	0.00150830772687	0.000577649767737	0	0	0	0.00188538465858	0	0	2.0057283602e-05	0	0	0	0	0	0	0	0	0	0	0	4.01145672039e-06	0	0	0	0	0	0	0	0	0	0	0	0	0	0	0	0	0	0	0	0	0	0	0	0	4.41260239243e-05	2.40687403224e-05	0	0	0	4.01145672039e-06	0	0	0	0	0	0	0
1.20343701612e-05	0	0	0	0	0.00235472509487	0.000866474651605	1.20343701612e-05	0.00133581508789	0	8.02291344079e-06	8.02291344079e-06	0	4.01145672039e-06	0.000693982012628	8.42405911283e-05	4.01145672039e-06	0	0	4.01145672039e-06	0	0	0	4.01145672039e-06	4.01145672039e-06	0	4.01145672039e-06	0	4.01145672039e-06	0.00133581508789	0	0	0.00410773168168	1.20343701612e-05	0.000485386263168	0	0	0	0	0	0	0	0	0	0	0	0	0	0	0	0	0	0	0	0	0	0	0	0	0	0	0	0	0	0	0	0	0	0	0	2.0057283602e-05	8.02291344079e-06	0.000112320788171	1.60458268816e-05	6.41833075263e-05	0.000657878902145	4.01145672039e-06	0	0	0	0	0	0	0
0.00148423898655	8.02291344079e-06	8.42405911283e-05	0	1.20343701612e-05	1.20343701612e-05	0.000228653033062	0.00148423898655	0.000381088388437	0.000172492638977	0.000188538465858	1.20343701612e-05	2.40687403224e-05	4.01145672039e-06	0.000557592484135	2.80801970428e-05	0.000256733230105	2.80801970428e-05	0	4.01145672039e-06	1.60458268816e-05	0.000938680872572	0.000176504095697	0.000280801970428	0.000393122758599	8.02291344079e-06	2.40687403224e-05	5.61603940855e-05	0.000894554848648	0.00669110980962	0.00180515552418	0	1.20343701612e-05	0.00961546175878	0.00385099845158	0	0	0	0	0	0	0	4.01145672039e-06	4.01145672039e-06	4.41260239243e-05	0	0	0	0	4.01145672039e-06	0	4.01145672039e-06	4.01145672039e-06	0	0	0	4.01145672039e-06	2.40687403224e-05	0	8.02291344079e-06	0	0	0	1.20343701612e-05	0	1.20343701612e-05	0	0	0	0	0.00146819315966	0.000272779056987	0.0013959869387	0.000501432090049	0.000477363349727	2.0057283602e-05	0	3.61031104835e-05	4.01145672039e-06	8.02291344079e-06	8.02291344079e-06	4.01145672039e-06	0	0
0.00176102950025	0.000549569570694	0.00340171529889	0	2.80801970428e-05	0.000577649767737	0.000978795439776	0.00308079876126	0.0018292242645	0.000481374806447	0.000397134215319	0.00300458108357	8.42405911283e-05	0.000280801970428	0.00146418170294	0.000140400985214	0.0016126056016	0.00526704267388	0.000184527009138	0.00385099845158	4.01145672039e-05	0.0050744927513	0.00116332244891	0.00770199690316	0.0012395401266	0.000353008191395	0.00403953691744	0.00260744686826	0.00301260399702	0.00604526527763	0.00693982012628	2.0057283602e-05	0.000485386263168	0.00385099845158	0.046885906148	8.02291344079e-06	0.000389111301878	8.82520478487e-05	0	0	0	4.01145672039e-06	3.20916537631e-05	4.01145672039e-06	0.000144412441934	4.01145672039e-06	2.40687403224e-05	4.01145672039e-06	2.0057283602e-05	4.01145672039e-06	0	4.81374806447e-05	4.81374806447e-05	1.20343701612e-05	2.40687403224e-05	0	4.01145672039e-05	0.000320916537631	8.02291344079e-05	6.41833075263e-05	0.000132378071773	0.000136389528493	0.000272779056987	4.81374806447e-05	4.01145672039e-06	4.41260239243e-05	0	0	0	0.000108309331451	0.0104538562133	0.00666302961257	0.0199449628138	0.00501030944377	0.00213409497525	0.00091461213225	0.000108309331451	0.000244698859944	6.81947642467e-05	0.00010028641801	7.22062209671e-05	3.20916537631e-05	1.60458268816e-05	0
0	0	0	0	1.60458268816e-05	0	0	1.20343701612e-05	0	6.01718508059e-05	0	0	4.01145672039e-06	0	0	0	0	0	0	0	4.01145672039e-06	0	2.40687403224e-05	0	2.40687403224e-05	4.01145672039e-06	0	0	2.40687403224e-05	4.01145672039e-06	4.01145672039e-06	0	0	0	8.02291344079e-06	0.017846970949	8.02291344079e-06	6.81947642467e-05	0	8.82520478487e-05	8.02291344079e-06	0.00160859414488	0.00340973821233	0.0024189084024	0.000296847797309	0.000312893624191	1.20343701612e-05	0.000834382997842	0	0.0066870983529	0.000240687403224	0.000108309331451	6.01718508059e-05	0	0	0.000280801970428	0.000441260239243	0.000120343701612	0.000393122758599	0.00124355158332	0	8.02291344079e-06	2.80801970428e-05	0.000846417368003	0.00495816050641	0.0031088789583	0	3.61031104835e-05	0.00107105894435	0.0026154697817	1.20343701612e-05	0	4.01145672039e-06	0	4.01145672039e-06	0	0	0.000890543391927	9.2263504569e-05	0.0010630360309	0.000288824883868	0.000738108036552	0.000156446812095	0
8.02291344079e-06	0.00152435355375	0.000910600675529	0	0	0	0	8.02291344079e-06	0	8.02291344079e-06	0	0.000140400985214	0	4.41260239243e-05	0	0	3.61031104835e-05	0.000461317522845	3.20916537631e-05	0.000340973821233	0	2.80801970428e-05	0.000184527009138	0.000296847797309	0	0.000272779056987	0.0016326628852	0.00161661705832	0	4.01145672039e-06	1.60458268816e-05	0	0	0	0.000389111301878	8.02291344079e-06	0.0183845061496	0.00260343541154	0	0	0	4.01145672039e-06	8.02291344079e-06	0	6.81947642467e-05	4.01145672039e-06	0.000248710316664	0	0.000244698859944	8.02291344079e-06	0	0.000180515552418	0.00162865142848	8.02291344079e-05	0.000545558113974	0	0.000176504095697	0.0020859574946	0.00081432571424	7.22062209671e-05	0.00175701804353	0.00394727341287	0.0118378087819	4.01145672039e-05	8.02291344079e-06	6.81947642467e-05	8.02291344079e-06	0	0	0.000858451738164	0.000164469725536	0.000750142406714	0.000340973821233	6.41833075263e-05	4.01145672039e-06	0	4.01145672039e-06	0.000252721773385	0.000878509021766	0.000786245517197	0.000316905080911	2.40687403224e-05	3.20916537631e-05	8.02291344079e-06
0	0.000280801970428	0.000244698859944	0	0	0	0	8.02291344079e-06	0	8.02291344079e-06	0	4.01145672039e-06	0	0	0	0	5.21489373651e-05	9.2263504569e-05	0	3.20916537631e-05	0	1.60458268816e-05	0.00020458429274	0.000160458268816	4.01145672039e-06	1.20343701612e-05	0.000160458268816	0.000441260239243	2.0057283602e-05	0	4.01145672039e-06	0	0	0	8.82520478487e-05	6.81947642467e-05	0.00260343541154	0.0343621382669	0	0	0	3.20916537631e-05	0.000124355158332	4.01145672039e-05	0.000140400985214	1.60458268816e-05	0.000116332244891	1.60458268816e-05	6.01718508059e-05	6.01718508059e-05	4.01145672039e-06	0.000934669415852	0.00939082018244	4.41260239243e-05	0.000774211147036	4.01145672039e-06	0.00194555650939	0.00225042722014	0.0114888120472	0.000184527009138	7.22062209671e-05	0.00844010493971	0.0126320772125	0.000485386263168	5.61603940855e-05	0.00108309331451	0	0	1.60458268816e-05	0.00321317683304	7.62176776875e-05	0.000152435355375	7.62176776875e-05	1.60458268816e-05	0	0	0	0.00178509824058	0.00194956796611	0.00304068419406	0.00150830772687	0.000136389528493	0.000224641576342	1.20343701612e-05
0	0	0	0	0	0	0	0	0	0	0	0	0	0	0	0	0	0	0	0	0	0	0	0	0	0	0	0	0	0	0	0	0	0	0	0	0	0	0	0	0	0	0	0	0	0	0	0	0	0	0	0	0	0	0	0	0	0	0	0	0	0	0	0	0	0	0	0	0	0	0	0	0	0	0	0	0	0	0	0	0	0	0	0
0	0	0	0	0.00211804914837	0	0	2.40687403224e-05	0	6.01718508059e-05	0.000248710316664	0	1.20343701612e-05	0	0	0	0	0	0	0	8.42405911283e-05	0	4.01145672039e-06	0	3.20916537631e-05	0	0	0	2.0057283602e-05	0	4.01145672039e-06	0	0	0	0	8.82520478487e-05	0	0	0	0.0156125895558	0	0.00170486910617	0.000220630119622	0.000176504095697	0.000417191498921	0.00302463836718	0	0.00295644360293	0	0.000188538465858	2.40687403224e-05	8.02291344079e-06	8.02291344079e-06	0	0	0.0102131688101	2.40687403224e-05	1.60458268816e-05	2.80801970428e-05	0.0040716285712	0	0	4.01145672039e-06	0.00315300498223	2.80801970428e-05	5.21489373651e-05	0	0	8.02291344079e-06	4.81374806447e-05	4.01145672039e-06	0	0	0	0	0	0	3.20916537631e-05	1.20343701612e-05	2.0057283602e-05	4.01145672039e-06	4.81374806447e-05	4.01145672039e-06	0
0	0	0	0	0	0	0	0	0	0	0	0	0	0	0	0	0	0	0	0	0	0	0	0	0	0	0	0	0	0	0	0	0	0	0	8.02291344079e-06	0	0	0	0	0.00217019808573	0.000786245517197	0	0.000794268430638	4.01145672039e-06	0	0	8.02291344079e-06	0	0.000292836340589	0.000477363349727	0	0	0	0	0	0	0	0	0	0	0	0	0	0.000152435355375	0	0	0.000822348627681	0	0.000268767600266	0	0	0	0	0	0	0	8.02291344079e-06	4.01145672039e-06	3.61031104835e-05	4.01145672039e-06	0.000140400985214	0.000272779056987	0
4.01145672039e-06	0	0	0	0.000160458268816	0	0	2.80801970428e-05	0	0.00010429787473	2.80801970428e-05	0	6.01718508059e-05	0	4.01145672039e-06	0	0	4.01145672039e-06	0	0	8.02291344079e-06	0	0	4.01145672039e-06	3.20916537631e-05	0	0	0	1.60458268816e-05	0	0	0	0	0	4.01145672039e-06	0.00160859414488	4.01145672039e-06	3.20916537631e-05	0	0.00170486910617	0.000786245517197	0.0408286065002	0.00139197548198	0.0128647417023	0.000433237325802	0.00884125061175	8.02291344079e-06	0.0118859462625	0	0.00716446170262	0.00301260399702	2.0057283602e-05	2.0057283602e-05	0	8.02291344079e-06	0.00521088227979	7.62176776875e-05	4.01145672039e-05	9.2263504569e-05	0.00284412281476	0	1.20343701612e-05	1.20343701612e-05	0.00102693292042	0.00179713261074	0.000365042561556	0	0.000842405911283	8.42405911283e-05	0.00156847957767	8.02291344079e-06	0	4.01145672039e-06	4.01145672039e-06	4.01145672039e-06	0	0	0.000312893624191	4.01145672039e-05	0.000545558113974	0.000140400985214	0.00176102950025	0.000938680872572	4.01145672039e-06
