0.0143881475854	8.63375192641e-06	3.45350077056e-05	0	0.000202893170271	2.1584379816e-05	0.00163609599005	0.00581483192243	0.00586231755803	0.000151090658712	0.000975613967684	4.3168759632e-06	0.000470539479989	0	0.00527522242703	3.88518836688e-05	6.04362634848e-05	1.29506278896e-05	0	4.3168759632e-06	0.000276280061645	0.000293547565498	4.3168759632e-05	0.000259012557792	0.000621630138701	0	8.63375192641e-06	2.59012557792e-05	0.00106195148695	0.00391972337459	0.00219297298931	0	2.1584379816e-05	0.00127347840914	0.00108353586676	0	0	0	0	4.3168759632e-06	0	4.3168759632e-06	4.3168759632e-06	0	4.3168759632e-05	0	0	8.63375192641e-06	0	0	0	0	0	0	0	0	8.63375192641e-06	4.3168759632e-06	0	3.02181317424e-05	0	0	0	1.29506278896e-05	0	0	0	0	0	0	0.000271963185682	4.74856355952e-05	0.000453271976136	0.000125189402933	3.45350077056e-05	1.72675038528e-05	0	4.3168759632e-06	0	0	0	4.3168759632e-06	0	0
8.63375192641e-06	0.012674347828	0.00128211216107	0	0	0	0	4.3168759632e-06	0	3.45350077056e-05	0	0.000332399449167	0	0.000133823154859	4.3168759632e-06	0	0.000142456906786	0.000569827627143	3.02181317424e-05	0.000474856355952	0	9.92881471537e-05	0.00114828900621	0.000423053844394	1.72675038528e-05	0.00166199724583	0.00430824221128	0.00319017133681	1.72675038528e-05	1.29506278896e-05	6.90700154112e-05	4.3168759632e-06	0	8.63375192641e-06	0.000612996386775	0	0.00283187063186	0.000151090658712	0	0	0	0	0	0	0	0	0.000233111302013	0	0.000194259418344	0	0	3.02181317424e-05	0.000138140030822	6.90700154112e-05	0.000155407534675	0	8.63375192641e-06	0.00043168759632	8.20206433009e-05	8.63375192641e-06	0.000764087045487	0.000643214518517	0.00120440839373	8.63375192641e-06	0	1.29506278896e-05	1.72675038528e-05	0	0	9.49712711905e-05	0.000189942542381	0.000289230689535	0.000474856355952	0.00010792189908	0	0	1.72675038528e-05	6.04362634848e-05	0.000246061929903	0.000142456906786	3.88518836688e-05	0	4.3168759632e-06	0
3.45350077056e-05	0.00128211216107	0.030032506076	0	0	0	4.3168759632e-06	0.000172675038528	2.59012557792e-05	0.000116555651006	0	3.45350077056e-05	4.3168759632e-06	1.72675038528e-05	3.02181317424e-05	8.63375192641e-06	0.00106195148695	0.00419600343623	0	0.000405786340541	4.3168759632e-06	0.00262466058563	0.00154112471886	0.0119965983017	0.000155407534675	2.59012557792e-05	0.0108785274273	0.0117203182401	0.000513708239621	0.000125189402933	0.00109648649465	0	0	0.00010792189908	0.0033196776157	0	0.000582778255032	7.33868913745e-05	0	0	0	0	0	0	8.63375192641e-06	0	8.63375192641e-06	0	4.3168759632e-06	0	0	3.88518836688e-05	1.72675038528e-05	1.29506278896e-05	1.72675038528e-05	0	1.29506278896e-05	0.000379885084762	7.33868913745e-05	8.63375192641e-06	4.3168759632e-06	8.63375192641e-05	0.000319448821277	0	4.3168759632e-06	1.72675038528e-05	4.3168759632e-06	0	0	2.1584379816e-05	0.0021239029739	0.00148932220731	0.00270236435297	0.000923811456125	1.29506278896e-05	2.1584379816e-05	4.3168759632e-06	3.88518836688e-05	0.000125189402933	7.77037673377e-05	3.88518836688e-05	4.3168759632e-06	8.63375192641e-06	0
0	0	0	0	0	0	0	0	0	0	0	0	0	0	0	0	0	0	0	0	0	0	0	0	0	0	0	0	0	0	0	0	0	0	0	0	0	0	0	0	0	0	0	0	0	0	0	0	0	0	0	0	0	0	0	0	0	0	0	0	0	0	0	0	0	0	0	0	0	0	0	0	0	0	0	0	0	0	0	0	0	0	0	0
0.000202893170271	0	0	0	0.0136672292995	0	0.000505074487695	0.00200734732289	0.000479173231916	9.92881471537e-05	0.00200734732289	0	0.00243040116728	0	0.000146773782749	2.59012557792e-05	4.3168759632e-06	0	0	0	0.00840927437632	1.72675038528e-05	1.72675038528e-05	1.29506278896e-05	0.00367366144469	0	0	4.3168759632e-06	0.00491692172209	0.000146773782749	9.06543952273e-05	0	0	5.61193875216e-05	7.77037673377e-05	0	0	0	0	0.000582778255032	0	0	4.3168759632e-06	0	3.45350077056e-05	0.000250378805866	0	6.90700154112e-05	0	0	0	0	0	0	0	5.18025115584e-05	4.3168759632e-06	0	4.3168759632e-06	1.72675038528e-05	0	0	0	3.02181317424e-05	0	4.3168759632e-06	0	0	0	0	1.29506278896e-05	0	2.1584379816e-05	1.29506278896e-05	2.1584379816e-05	4.3168759632e-06	0	0	0	0	0	0	0	0
2.1584379816e-05	0	0	0	0	0.00521478616355	0.00140298468804	8.63375192641e-06	0.00150658971116	0	0	1.72675038528e-05	0	0	0.000945395835941	0.000634580766591	0	0	0	4.3168759632e-06	0	0	0	0	0	0	0	0	0	0.000777037673377	4.3168759632e-06	0	0.00237859865572	1.29506278896e-05	0.000751136417597	0	0	0	0	0	0	0	0	0	0	0	0	0	0	0	0	0	0	0	0	0	0	0	0	0	0	0	0	0	0	0	0	0	0	0	0	0	0.000125189402933	0	0.00117850713795	0.0012087252697	4.3168759632e-06	0	0	0	0	0	0	0
0.00163609599005	0	4.3168759632e-06	0	0.000505074487695	0.00140298468804	0.0370905982758	0.00316858695699	0.0183380890917	8.20206433009e-05	0.0113145318996	1.29506278896e-05	0.00695880405268	0	0.00553855186079	0.00142025219189	1.29506278896e-05	8.63375192641e-06	0	0	0.00120440839373	3.45350077056e-05	8.63375192641e-06	3.02181317424e-05	0.000518025115584	0	4.3168759632e-06	0	0.000820206433009	0.00338874763111	0.000289230689535	0	0.00135118217648	0.000332399449167	0.00165336349391	0	0	0	0	0	0	0	0	0	1.29506278896e-05	0	0	5.18025115584e-05	0	0	0	0	0	0	0	0	0	0	0	1.29506278896e-05	0	0	0	4.3168759632e-06	0	0	0	0	0	4.3168759632e-06	0.000181308790455	1.29506278896e-05	0.000707967657965	0.000112238775043	0.000707967657965	0.000366934456872	1.29506278896e-05	0	0	4.3168759632e-06	0	0	0	0
0.00581483192243	4.3168759632e-06	0.000172675038528	0	0.00200734732289	8.63375192641e-06	0.00316858695699	0.0452063250867	0.0056551075118	0.00178718664877	0.00606952760426	4.3168759632e-06	0.00155839222272	4.3168759632e-06	0.00368661207258	3.02181317424e-05	0.000448955100173	5.61193875216e-05	0	4.3168759632e-06	0.00168358162565	0.00206778358637	0.000362617580909	0.00156702597464	0.00780059486551	0	4.74856355952e-05	0.00010792189908	0.0170905119383	0.00464927541237	0.0106108811176	0	1.29506278896e-05	0.00198576294307	0.00259875932985	4.3168759632e-06	4.3168759632e-06	0	0	1.29506278896e-05	0	8.63375192641e-06	2.1584379816e-05	0	0.000535292619437	4.3168759632e-06	0	4.74856355952e-05	0	0	4.3168759632e-06	8.63375192641e-06	0	0	0	4.3168759632e-06	1.29506278896e-05	6.4753139448e-05	4.3168759632e-06	0.000259012557792	0	0	4.3168759632e-06	0.00010792189908	0	2.1584379816e-05	0	0	0	8.63375192641e-06	0.000824523308972	0.000198576294307	0.000979930843647	0.000310815069351	8.63375192641e-05	3.02181317424e-05	0	1.72675038528e-05	0	4.3168759632e-06	0	3.02181317424e-05	0	0
0.00586231755803	0	2.59012557792e-05	0	0.000479173231916	0.00150658971116	0.0183380890917	0.0056551075118	0.0388475667929	0.00012087252697	0.00520615241162	1.29506278896e-05	0.00226635988068	4.3168759632e-06	0.0163005236371	0.000164041286602	4.3168759632e-05	1.29506278896e-05	0	4.3168759632e-06	0.000828840184935	0.000168358162565	3.45350077056e-05	0.000151090658712	0.000751136417597	0	1.29506278896e-05	8.63375192641e-06	0.00118282401392	0.00770994047028	0.000833157060898	0	0.00173970101317	0.000815889557045	0.00319017133681	0	0	0	0	0	0	0	0	0	3.45350077056e-05	0	0	1.72675038528e-05	0	0	0	0	0	0	0	0	0	0	0	2.1584379816e-05	0	0	0	1.29506278896e-05	0	0	0	0	0	4.3168759632e-06	0.000349666953019	5.18025115584e-05	0.0013252809207	0.000263329433755	0.000155407534675	0.000612996386775	8.63375192641e-06	4.3168759632e-06	0	4.3168759632e-06	0	0	0	0
0.000151090658712	3.45350077056e-05	0.000116555651006	0	9.92881471537e-05	0	8.20206433009e-05	0.00178718664877	0.00012087252697	0.0166933593497	8.20206433009e-05	0	0.0015842934785	0	0.00010792189908	0.000271963185682	0.00139003406015	2.1584379816e-05	0	0	0.000414420092467	0.000785671425303	0.00369092894854	0.000884959572457	0.00744661103653	0	3.45350077056e-05	0.00022879442605	0.00354847204175	0.000535292619437	0.00137708343226	0	0	0.000362617580909	0.000729552037781	3.88518836688e-05	4.3168759632e-06	4.3168759632e-06	0	8.63375192641e-06	0	2.59012557792e-05	0.000198576294307	8.63375192641e-06	0.0026635124693	6.4753139448e-05	0	9.92881471537e-05	0	2.1584379816e-05	3.02181317424e-05	0.000133823154859	4.3168759632e-06	0	0	4.3168759632e-05	7.33868913745e-05	0.000591412006959	6.04362634848e-05	0.00113533837832	0	4.3168759632e-06	1.72675038528e-05	0.000522341991548	1.72675038528e-05	0.000211526922197	0	0	0	3.88518836688e-05	0.000379885084762	0.000129506278896	0.000263329433755	7.33868913745e-05	0.000241745053939	8.63375192641e-06	0	6.90700154112e-05	2.1584379816e-05	2.1584379816e-05	1.29506278896e-05	9.49712711905e-05	4.3168759632e-06	0
0.000975613967684	0	0	0	0.00200734732289	0	0.0113145318996	0.00606952760426	0.00520615241162	8.20206433009e-05	0.0340601513497	0	0.00828408497339	0	0.00110943712254	5.18025115584e-05	2.1584379816e-05	4.3168759632e-06	0	0	0.00417441905642	3.45350077056e-05	4.3168759632e-06	3.02181317424e-05	0.000949712711905	0	0	0	0.0026635124693	0.00056551075118	0.000254695681829	0	4.3168759632e-06	0.000176991914491	0.000176991914491	0	0	0	0	0.000289230689535	0	8.63375192641e-06	4.3168759632e-06	0	1.72675038528e-05	0.00111375399851	0	0.000492123859805	0	0	4.3168759632e-06	0	0	0	0	3.02181317424e-05	0	4.3168759632e-06	0	2.59012557792e-05	0	0	0	4.74856355952e-05	0	0	0	0	0	0	6.4753139448e-05	1.29506278896e-05	6.90700154112e-05	2.1584379816e-05	3.45350077056e-05	8.63375192641e-06	0	0	0	0	0	8.63375192641e-06	0	0
4.3168759632e-06	0.000332399449167	3.45350077056e-05	0	0	1.72675038528e-05	1.29506278896e-05	4.3168759632e-06	1.29506278896e-05	0	0	0.0242781104171	0	0.00684224840168	5.61193875216e-05	0	0	0.000297864441461	0.00159724410639	0.00440321348247	0	1.72675038528e-05	0	3.02181317424e-05	0	0.0023224792682	0.00800780491174	0.00151090658712	4.3168759632e-06	0.000138140030822	8.63375192641e-06	0.000353983828983	1.29506278896e-05	4.3168759632e-06	0.00437299535072	0	0.000168358162565	0	0	0	0	0	0	0	0	0	0.000224477550087	0	0.000198576294307	0	0	0	0	3.45350077056e-05	2.1584379816e-05	0	0	0	0	0	0.000522341991548	0.00012087252697	0.00012087252697	0	0	0	4.3168759632e-06	0	0	1.72675038528e-05	0.000116555651006	0.00327219198011	0.00366502769276	0.000125189402933	0	1.29506278896e-05	0.00055256012329	4.3168759632e-06	6.04362634848e-05	3.88518836688e-05	4.3168759632e-06	0	0	4.3168759632e-06
0.000470539479989	0	4.3168759632e-06	0	0.00243040116728	0	0.00695880405268	0.00155839222272	0.00226635988068	0.0015842934785	0.00828408497339	0	0.0355581073089	0	0.000587095130996	0.00172243350932	8.63375192641e-06	0	0	0	0.0112886306438	4.3168759632e-06	0	1.29506278896e-05	0.00200303044693	0	0	0	0.00126916153318	0.000366934456872	0.000112238775043	0	0	9.06543952273e-05	0.000164041286602	4.3168759632e-06	0	0	0	0.00010792189908	0	8.63375192641e-06	4.3168759632e-06	0	3.02181317424e-05	0.000133823154859	0	0.00233542989609	0	0	0	0	0	0	0	0.000133823154859	0	4.3168759632e-06	0	2.59012557792e-05	0	0	0	8.63375192641e-06	0	4.3168759632e-06	0	0	0	0	2.59012557792e-05	8.63375192641e-06	6.04362634848e-05	1.29506278896e-05	0.000384201960725	0	0	0	0	0	0	0	0	0
0	0.000133823154859	1.72675038528e-05	0	0	0	0	4.3168759632e-06	4.3168759632e-06	0	0	0.00684224840168	0	0.0184934966264	8.63375192641e-06	0	4.3168759632e-06	3.45350077056e-05	0.00012087252697	0.000224477550087	0	4.3168759632e-06	0	3.02181317424e-05	4.3168759632e-06	0.00389382211881	0.00427802407953	0.00280596937608	4.3168759632e-06	3.45350077056e-05	4.3168759632e-06	0.00104036710713	0	4.3168759632e-06	0.00064753139448	0	8.63375192641e-05	0	0	0	0	0	0	0	0	0	0.000207210046234	0	0.000483490107879	4.3168759632e-06	0	0	8.63375192641e-06	1.72675038528e-05	1.29506278896e-05	0	0	0	8.63375192641e-06	0	0.000561193875216	0.00012087252697	8.20206433009e-05	0	4.3168759632e-06	0	0	0	0	1.29506278896e-05	0.000237428177976	0.00239586615958	0.00131233029281	0.000237428177976	0	8.63375192641e-06	0.000949712711905	8.63375192641e-05	0.000116555651006	7.77037673377e-05	5.61193875216e-05	0	8.63375192641e-06	8.20206433009e-05
0.00527522242703	4.3168759632e-06	3.02181317424e-05	0	0.000146773782749	0.000945395835941	0.00553855186079	0.00368661207258	0.0163005236371	0.00010792189908	0.00110943712254	5.61193875216e-05	0.000587095130996	8.63375192641e-06	0.0333694511956	0.000129506278896	4.74856355952e-05	1.72675038528e-05	0	1.72675038528e-05	0.00021584379816	0.000155407534675	3.45350077056e-05	0.000185625666418	0.000366934456872	0	3.88518836688e-05	2.1584379816e-05	0.000556876999253	0.0169092031479	0.000820206433009	0	0.00116987338603	0.00123894340144	0.00521910303951	0	0	0	0	4.3168759632e-06	0	0	0	0	3.45350077056e-05	0	0	4.3168759632e-06	0	0	0	0	0	0	0	0	4.3168759632e-06	4.3168759632e-06	0	1.72675038528e-05	0	0	0	1.72675038528e-05	0	4.3168759632e-06	0	0	0	0	0.000612996386775	0.00012087252697	0.00219297298931	0.000470539479989	0.000164041286602	0.0005396094954	8.63375192641e-06	4.3168759632e-06	0	0	0	4.3168759632e-06	0	0
3.88518836688e-05	0	8.63375192641e-06	0	2.59012557792e-05	0.000634580766591	0.00142025219189	3.02181317424e-05	0.000164041286602	0.000271963185682	5.18025115584e-05	0	0.00172243350932	0	0.000129506278896	0.00702355719213	4.3168759632e-06	1.72675038528e-05	0	0	0.000146773782749	1.72675038528e-05	4.3168759632e-06	2.1584379816e-05	2.59012557792e-05	0	1.72675038528e-05	4.3168759632e-06	2.1584379816e-05	0.000142456906786	8.63375192641e-06	0	2.1584379816e-05	4.3168759632e-05	9.92881471537e-05	0	0	0	0	0	0	0	0	0	1.29506278896e-05	0	0	8.63375192641e-06	0	0	0	0	0	0	0	0	0	0	0	8.63375192641e-06	0	0	0	0	0	0	0	0	0	1.29506278896e-05	0.00010792189908	1.72675038528e-05	0.000103605023117	8.20206433009e-05	0.00310383381754	6.90700154112e-05	0	8.63375192641e-06	0	1.72675038528e-05	1.29506278896e-05	0	4.3168759632e-06	0
6.04362634848e-05	0.000142456906786	0.00106195148695	0	4.3168759632e-06	0	1.29506278896e-05	0.000448955100173	4.3168759632e-05	0.00139003406015	2.1584379816e-05	0	8.63375192641e-06	4.3168759632e-06	4.74856355952e-05	4.3168759632e-06	0.0203886051742	0.000164041286602	0	1.72675038528e-05	4.3168759632e-06	0.00540472870593	0.00382043522743	0.0116857832324	0.00459315602485	4.3168759632e-06	0.000207210046234	0.00388950524285	0.00410103216504	0.000263329433755	0.00118282401392	0	0	0.000246061929903	0.00147637157942	0	3.45350077056e-05	1.72675038528e-05	0	0	0	0	1.72675038528e-05	0	0.000181308790455	0	4.3168759632e-06	4.3168759632e-06	0	0	0	4.74856355952e-05	4.3168759632e-06	4.3168759632e-06	4.3168759632e-06	0	1.72675038528e-05	0.000280596937608	4.74856355952e-05	4.74856355952e-05	0	1.29506278896e-05	6.4753139448e-05	3.88518836688e-05	0	3.02181317424e-05	0	0	0	8.63375192641e-06	0.00098424771961	0.000487806983842	0.000811572681082	0.00032376569724	2.59012557792e-05	8.63375192641e-06	0	2.59012557792e-05	1.72675038528e-05	0	4.3168759632e-06	0	0	0
1.29506278896e-05	0.000569827627143	0.00419600343623	0	0	0	8.63375192641e-06	5.61193875216e-05	1.29506278896e-05	2.1584379816e-05	4.3168759632e-06	0.000297864441461	0	3.45350077056e-05	1.72675038528e-05	1.72675038528e-05	0.000164041286602	0.0213728528938	3.88518836688e-05	0.00475719731145	0	0.00134686530052	0.000246061929903	0.00467085979219	6.90700154112e-05	9.92881471537e-05	0.010908745559	0.00221024049316	0.000198576294307	6.04362634848e-05	0.0004575888521	0	4.3168759632e-06	3.88518836688e-05	0.00462769103255	0	0.000237428177976	2.1584379816e-05	0	0	0	0	0	0	8.63375192641e-06	0	2.1584379816e-05	0	1.72675038528e-05	0	0	1.29506278896e-05	0	4.3168759632e-06	2.59012557792e-05	0	0	3.88518836688e-05	4.3168759632e-06	4.3168759632e-06	3.88518836688e-05	6.90700154112e-05	8.20206433009e-05	4.3168759632e-06	0	4.3168759632e-06	0	0	0	8.63375192641e-06	0.0010792189908	0.00113533837832	0.00250810493462	0.000630263890628	8.63375192641e-06	1.72675038528e-05	1.29506278896e-05	1.29506278896e-05	3.02181317424e-05	3.45350077056e-05	1.29506278896e-05	0	0	4.3168759632e-06
0	3.02181317424e-05	0	0	0	0	0	0	0	0	0	0.00159724410639	0	0.00012087252697	0	0	0	3.88518836688e-05	0.00342328263882	0.00186920729207	0	0	0	0	0	0.000129506278896	0.00195986168729	0.000176991914491	0	0	0	8.63375192641e-06	0	0	0.000246061929903	0	1.72675038528e-05	4.3168759632e-06	0	0	0	0	0	0	0	0	2.1584379816e-05	0	1.29506278896e-05	0	0	0	0	4.3168759632e-06	0	0	0	0	0	0	6.04362634848e-05	2.59012557792e-05	4.3168759632e-06	0	0	0	0	0	0	0	0	0.000116555651006	0.000155407534675	4.3168759632e-06	0	0	4.3168759632e-06	8.63375192641e-06	4.3168759632e-06	1.29506278896e-05	0	0	0	4.3168759632e-06
4.3168759632e-06	0.000474856355952	0.000405786340541	0	0	4.3168759632e-06	0	4.3168759632e-06	4.3168759632e-06	0	0	0.00440321348247	0	0.000224477550087	1.72675038528e-05	0	1.72675038528e-05	0.00475719731145	0.00186920729207	0.0167278943574	0	9.49712711905e-05	1.29506278896e-05	0.000259012557792	0	0.000371251332835	0.00961368277005	0.00146342095153	2.1584379816e-05	3.02181317424e-05	2.59012557792e-05	8.63375192641e-06	4.3168759632e-06	4.3168759632e-06	0.00457157164503	0	0.00022879442605	4.3168759632e-06	0	0	0	0	0	0	0	0	8.63375192641e-05	0	4.3168759632e-05	0	0	0	0	8.63375192641e-06	1.72675038528e-05	0	0	4.3168759632e-06	0	0	0.000138140030822	0.00010792189908	7.77037673377e-05	0	0	0	0	0	0	4.3168759632e-06	0.000276280061645	0.000923811456125	0.00198576294307	0.000168358162565	0	2.1584379816e-05	1.72675038528e-05	8.63375192641e-06	1.72675038528e-05	3.02181317424e-05	0	0	0	0
0.000276280061645	0	4.3168759632e-06	0	0.00840927437632	0	0.00120440839373	0.00168358162565	0.000828840184935	0.000414420092467	0.00417441905642	0	0.0112886306438	0	0.00021584379816	0.000146773782749	4.3168759632e-06	0	0	0	0.0218779273815	8.63375192641e-06	1.29506278896e-05	1.72675038528e-05	0.00468381042008	0	0	0	0.00334557887148	0.000194259418344	0.000112238775043	0	0	6.04362634848e-05	8.63375192641e-05	0	0	0	0	0.00043168759632	0	0	0	0	2.59012557792e-05	0	0	0.000418736968431	0	0	0	0	0	0	0	0	0	0	0	8.63375192641e-06	0	0	0	0	0	0	0	0	0	0	8.63375192641e-06	4.3168759632e-06	2.59012557792e-05	1.29506278896e-05	5.18025115584e-05	0	0	0	0	0	0	0	0	0
0.000293547565498	9.92881471537e-05	0.00262466058563	0	1.72675038528e-05	0	3.45350077056e-05	0.00206778358637	0.000168358162565	0.000785671425303	3.45350077056e-05	1.72675038528e-05	4.3168759632e-06	4.3168759632e-06	0.000155407534675	1.72675038528e-05	0.00540472870593	0.00134686530052	0	9.49712711905e-05	8.63375192641e-06	0.0425255451135	0.00139003406015	0.0248608886721	0.00311678444543	1.29506278896e-05	0.000884959572457	0.00135118217648	0.00962663339794	0.00127779528511	0.0138528549659	0	0	0.000906543952273	0.00474856355952	0	4.3168759632e-05	0	0	4.3168759632e-06	0	0	8.63375192641e-06	0	0.000198576294307	0	4.3168759632e-06	0	0	0	0	3.45350077056e-05	0	0	0	0	1.72675038528e-05	0.000172675038528	2.59012557792e-05	5.18025115584e-05	0	4.3168759632e-06	4.3168759632e-05	3.88518836688e-05	4.3168759632e-06	2.1584379816e-05	0	0	0	1.29506278896e-05	0.00213685360179	0.00106626836291	0.00221887424509	0.000880642696493	3.45350077056e-05	2.1584379816e-05	4.3168759632e-06	1.72675038528e-05	3.45350077056e-05	1.29506278896e-05	4.3168759632e-06	8.63375192641e-06	0	0
4.3168759632e-05	0.00114828900621	0.00154112471886	0	1.72675038528e-05	0	8.63375192641e-06	0.000362617580909	3.45350077056e-05	0.00369092894854	4.3168759632e-06	0	0	0	3.45350077056e-05	4.3168759632e-06	0.00382043522743	0.000246061929903	0	1.29506278896e-05	1.29506278896e-05	0.00139003406015	0.0151090658712	0.00373409770817	0.00255127369425	4.3168759632e-06	0.000470539479989	0.00322038946855	0.00152385721501	0.000189942542381	0.000837473936861	0	0	0.000164041286602	0.000954029587868	8.63375192641e-06	0.000202893170271	0.00010792189908	0	0	0	4.3168759632e-06	1.72675038528e-05	4.3168759632e-06	0.000315131945314	0	4.3168759632e-06	0	0	8.63375192641e-06	4.3168759632e-06	0.000259012557792	2.59012557792e-05	4.3168759632e-06	8.63375192641e-06	0	0.00012087252697	0.00164041286602	0.000328082573203	7.33868913745e-05	0	3.45350077056e-05	0.000276280061645	0.000133823154859	2.1584379816e-05	0.000125189402933	0	0	0	9.92881471537e-05	0.00066048202237	0.000375568208799	0.000561193875216	0.000220160674123	2.1584379816e-05	8.63375192641e-06	0	8.20206433009e-05	0.000103605023117	5.61193875216e-05	2.59012557792e-05	4.3168759632e-06	0	0
0.000259012557792	0.000423053844394	0.0119965983017	0	1.29506278896e-05	0	3.02181317424e-05	0.00156702597464	0.000151090658712	0.000884959572457	3.02181317424e-05	3.02181317424e-05	1.29506278896e-05	3.02181317424e-05	0.000185625666418	2.1584379816e-05	0.0116857832324	0.00467085979219	0	0.000259012557792	1.72675038528e-05	0.0248608886721	0.00373409770817	0.061351441189	0.0026160268337	1.72675038528e-05	0.0032031219647	0.00986406157592	0.00609974573601	0.00123462652548	0.0084697106398	0	0	0.000811572681082	0.00785239737707	0	0.000151090658712	3.02181317424e-05	0	0	0	0	8.63375192641e-06	4.3168759632e-06	0.000168358162565	0	8.63375192641e-06	0	0	4.3168759632e-06	0	7.77037673377e-05	2.1584379816e-05	4.3168759632e-06	8.63375192641e-06	0	3.45350077056e-05	0.000587095130996	0.000146773782749	4.74856355952e-05	0	1.72675038528e-05	0.000159724410639	4.74856355952e-05	1.29506278896e-05	3.02181317424e-05	0	0	0	2.59012557792e-05	0.00493418922594	0.00262034370966	0.00504211112502	0.00202893170271	4.3168759632e-05	3.02181317424e-05	4.3168759632e-06	5.18025115584e-05	9.49712711905e-05	4.3168759632e-05	1.72675038528e-05	8.63375192641e-06	8.63375192641e-06	0
0.000621630138701	1.72675038528e-05	0.000155407534675	0	0.00367366144469	0	0.000518025115584	0.00780059486551	0.000751136417597	0.00744661103653	0.000949712711905	0	0.00200303044693	4.3168759632e-06	0.000366934456872	2.59012557792e-05	0.00459315602485	6.90700154112e-05	0	0	0.00468381042008	0.00311678444543	0.00255127369425	0.0026160268337	0.0417830424478	0	5.18025115584e-05	0.000202893170271	0.0183553565955	0.00146773782749	0.00300022879443	0	0	0.000759770169524	0.00152817409097	2.59012557792e-05	1.29506278896e-05	4.3168759632e-06	0	0.000358300704946	0	0	0.000116555651006	4.3168759632e-06	0.00105331773502	2.59012557792e-05	0	8.63375192641e-05	0	4.3168759632e-06	4.3168759632e-06	5.61193875216e-05	4.3168759632e-06	0	0	3.02181317424e-05	3.02181317424e-05	0.000146773782749	3.88518836688e-05	0.000474856355952	0	0	4.3168759632e-06	0.000189942542381	4.3168759632e-06	7.77037673377e-05	0	0	0	8.63375192641e-06	0.000604362634848	0.00022879442605	0.000543926371364	0.000176991914491	0.000129506278896	8.63375192641e-06	0	2.59012557792e-05	1.29506278896e-05	0	0	3.02181317424e-05	0	0
0	0.00166199724583	2.59012557792e-05	0	0	0	0	0	0	0	0	0.0023224792682	0	0.00389382211881	0	0	4.3168759632e-06	9.92881471537e-05	0.000129506278896	0.000371251332835	0	1.29506278896e-05	4.3168759632e-06	1.72675038528e-05	0	0.0123030964951	0.00306498193387	0.00290094064727	0	4.3168759632e-06	8.63375192641e-06	5.61193875216e-05	0	4.3168759632e-06	0.000418736968431	0	0.000293547565498	0	0	0	0	0	0	0	0	0	0.000332399449167	0	0.00033671632513	0	0	0	0	3.02181317424e-05	3.02181317424e-05	0	0	0	0	0	0.00106195148695	0.000211526922197	0.000189942542381	0	0	0	8.63375192641e-06	0	0	3.02181317424e-05	8.63375192641e-06	0.00196417856326	0.00078135454934	1.29506278896e-05	0	4.3168759632e-06	0.000962663339794	0	9.06543952273e-05	4.74856355952e-05	4.3168759632e-06	0	0	4.3168759632e-06
8.63375192641e-06	0.00430824221128	0.0108785274273	0	0	0	4.3168759632e-06	4.74856355952e-05	1.29506278896e-05	3.45350077056e-05	0	0.00800780491174	0	0.00427802407953	3.88518836688e-05	1.72675038528e-05	0.000207210046234	0.010908745559	0.00195986168729	0.00961368277005	0	0.000884959572457	0.000470539479989	0.0032031219647	5.18025115584e-05	0.00306498193387	0.0664669392054	0.0210706715764	0.000164041286602	9.92881471537e-05	0.000345350077056	0.000487806983842	4.3168759632e-06	6.90700154112e-05	0.00742070978075	0	0.00185193978821	6.4753139448e-05	0	0	0	0	0	0	4.3168759632e-06	0	0.000453271976136	0	0.000315131945314	0	0	2.1584379816e-05	6.04362634848e-05	7.77037673377e-05	0.000129506278896	0	8.63375192641e-06	9.06543952273e-05	2.59012557792e-05	0	0.00104036710713	0.000699333906039	0.000811572681082	4.3168759632e-06	0	1.29506278896e-05	8.63375192641e-06	0	0	8.20206433009e-05	0.00189942542381	0.00317290383295	0.00546948184538	0.00101878272732	0	8.63375192641e-06	0.000112238775043	4.3168759632e-05	0.000267646309719	0.000146773782749	3.45350077056e-05	0	1.29506278896e-05	8.63375192641e-06
2.59012557792e-05	0.00319017133681	0.0117203182401	0	4.3168759632e-06	0	0	0.00010792189908	8.63375192641e-06	0.00022879442605	0	0.00151090658712	0	0.00280596937608	2.1584379816e-05	4.3168759632e-06	0.00388950524285	0.00221024049316	0.000176991914491	0.00146342095153	0	0.00135118217648	0.00322038946855	0.00986406157592	0.000202893170271	0.00290094064727	0.0210706715764	0.0552689629569	0.000345350077056	8.63375192641e-05	0.000492123859805	0.000401469464578	0	6.04362634848e-05	0.00271963185682	0	0.0011612396341	8.20206433009e-05	0	0	0	0	0	0	8.63375192641e-06	0	0.000164041286602	0	0.000146773782749	0	0	5.61193875216e-05	5.61193875216e-05	2.59012557792e-05	6.90700154112e-05	0	1.29506278896e-05	0.000483490107879	9.06543952273e-05	4.3168759632e-06	0.000427370720357	0.000332399449167	0.000651848270444	4.3168759632e-06	0	2.1584379816e-05	8.63375192641e-06	0	0	8.63375192641e-05	0.00133391467263	0.00155839222272	0.0022059236172	0.000526658867511	4.3168759632e-06	1.72675038528e-05	4.3168759632e-05	3.88518836688e-05	0.000246061929903	0.000103605023117	3.02181317424e-05	4.3168759632e-06	1.29506278896e-05	0
0.00106195148695	1.72675038528e-05	0.000513708239621	0	0.00491692172209	0	0.000820206433009	0.0170905119383	0.00118282401392	0.00354847204175	0.0026635124693	4.3168759632e-06	0.00126916153318	4.3168759632e-06	0.000556876999253	2.1584379816e-05	0.00410103216504	0.000198576294307	0	2.1584379816e-05	0.00334557887148	0.00962663339794	0.00152385721501	0.00609974573601	0.0183553565955	0	0.000164041286602	0.000345350077056	0.0513060708227	0.00239586615958	0.010092856002	0	0	0.00160156098235	0.00347076827442	1.72675038528e-05	1.72675038528e-05	0	0	1.72675038528e-05	0	8.63375192641e-06	9.49712711905e-05	4.3168759632e-06	0.00088927644842	8.63375192641e-06	0	6.4753139448e-05	0	0	4.3168759632e-06	6.4753139448e-05	4.3168759632e-06	0	0	1.29506278896e-05	2.59012557792e-05	0.000233111302013	3.45350077056e-05	0.000384201960725	0	0	1.29506278896e-05	0.000138140030822	4.3168759632e-06	9.49712711905e-05	0	0	0	2.59012557792e-05	0.00143320281978	0.000574144503106	0.00114828900621	0.000392835712651	6.90700154112e-05	4.3168759632e-06	0	2.59012557792e-05	1.29506278896e-05	0	0	1.72675038528e-05	4.3168759632e-06	0
0.00391972337459	1.29506278896e-05	0.000125189402933	0	0.000146773782749	0.000777037673377	0.00338874763111	0.00464927541237	0.00770994047028	0.000535292619437	0.00056551075118	0.000138140030822	0.000366934456872	3.45350077056e-05	0.0169092031479	0.000142456906786	0.000263329433755	6.04362634848e-05	0	3.02181317424e-05	0.000194259418344	0.00127779528511	0.000189942542381	0.00123462652548	0.00146773782749	4.3168759632e-06	9.92881471537e-05	8.63375192641e-05	0.00239586615958	0.0460178977677	0.0104641073348	0	0.00178718664877	0.0102482635366	0.0124498702779	0	0	4.3168759632e-06	0	8.63375192641e-06	0	0	4.3168759632e-06	0	0.000146773782749	0	0	4.3168759632e-06	0	0	0	0	0	0	0	0	4.3168759632e-06	2.1584379816e-05	4.3168759632e-06	5.61193875216e-05	4.3168759632e-06	0	0	3.02181317424e-05	0	1.29506278896e-05	0	0	0	0	0.00235701427591	0.000453271976136	0.00530544055878	0.00123894340144	0.000345350077056	0.000664798898333	1.29506278896e-05	3.02181317424e-05	0	8.63375192641e-06	8.63375192641e-06	4.3168759632e-06	4.3168759632e-06	4.3168759632e-06
0.00219297298931	6.90700154112e-05	0.00109648649465	0	9.06543952273e-05	4.3168759632e-06	0.000289230689535	0.0106108811176	0.000833157060898	0.00137708343226	0.000254695681829	8.63375192641e-06	0.000112238775043	4.3168759632e-06	0.000820206433009	8.63375192641e-06	0.00118282401392	0.0004575888521	0	2.59012557792e-05	0.000112238775043	0.0138528549659	0.000837473936861	0.0084697106398	0.00300022879443	8.63375192641e-06	0.000345350077056	0.000492123859805	0.010092856002	0.0104641073348	0.0410362229062	0	4.3168759632e-06	0.00464064166044	0.00590548631766	8.63375192641e-06	1.29506278896e-05	0	0	4.3168759632e-06	0	0	2.1584379816e-05	4.3168759632e-06	0.00033671632513	0	0	8.63375192641e-06	0	0	0	8.63375192641e-06	0	0	0	0	2.1584379816e-05	0.000129506278896	1.72675038528e-05	0.000133823154859	0	0	1.29506278896e-05	6.4753139448e-05	0	1.29506278896e-05	0	0	0	8.63375192641e-06	0.00208505109023	0.00067343265026	0.00202893170271	0.000712284533928	8.20206433009e-05	1.72675038528e-05	0	1.72675038528e-05	8.63375192641e-06	8.63375192641e-06	1.29506278896e-05	1.72675038528e-05	8.63375192641e-06	0
0	4.3168759632e-06	0	0	0	0	0	0	0	0	0	0.000353983828983	0	0.00104036710713	0	0	0	0	8.63375192641e-06	8.63375192641e-06	0	0	0	0	0	5.61193875216e-05	0.000487806983842	0.000401469464578	0	0	0	0.00114828900621	0	0	4.3168759632e-06	0	0	0	0	0	0	0	0	0	0	0	4.3168759632e-06	0	4.3168759632e-06	0	0	0	0	4.3168759632e-06	0	0	0	0	0	0	4.3168759632e-06	4.3168759632e-06	4.3168759632e-06	0	0	0	0	0	0	0	0	3.02181317424e-05	8.63375192641e-06	0	0	0	4.3168759632e-06	0	0	0	0	0	0	0
2.1584379816e-05	0	0	0	0	0.00237859865572	0.00135118217648	1.29506278896e-05	0.00173970101317	0	4.3168759632e-06	1.29506278896e-05	0	0	0.00116987338603	2.1584379816e-05	0	4.3168759632e-06	0	4.3168759632e-06	0	0	0	0	0	0	4.3168759632e-06	0	0	0.00178718664877	4.3168759632e-06	0	0.00599614071289	1.72675038528e-05	0.001290745913	0	0	0	0	0	0	0	0	0	0	0	0	0	0	0	0	0	0	0	0	0	0	0	0	0	0	0	0	0	0	0	0	0	0	0	1.29506278896e-05	4.3168759632e-06	0.000202893170271	2.59012557792e-05	0.00012087252697	0.000854741440714	0	0	0	0	0	0	0	0
0.00127347840914	8.63375192641e-06	0.00010792189908	0	5.61193875216e-05	1.29506278896e-05	0.000332399449167	0.00198576294307	0.000815889557045	0.000362617580909	0.000176991914491	4.3168759632e-06	9.06543952273e-05	4.3168759632e-06	0.00123894340144	4.3168759632e-05	0.000246061929903	3.88518836688e-05	0	4.3168759632e-06	6.04362634848e-05	0.000906543952273	0.000164041286602	0.000811572681082	0.000759770169524	4.3168759632e-06	6.90700154112e-05	6.04362634848e-05	0.00160156098235	0.0102482635366	0.00464064166044	0	1.72675038528e-05	0.0131621548118	0.00607816135619	4.3168759632e-06	0	0	0	4.3168759632e-06	0	0	8.63375192641e-06	0	7.77037673377e-05	0	0	4.3168759632e-06	0	0	0	0	0	0	0	0	0	2.1584379816e-05	8.63375192641e-06	2.59012557792e-05	0	0	0	8.63375192641e-06	0	4.3168759632e-06	0	0	0	4.3168759632e-06	0.00201598107482	0.000410103216504	0.00214548735371	0.00067343265026	0.000146773782749	3.88518836688e-05	0	2.1584379816e-05	0	4.3168759632e-06	8.63375192641e-06	4.3168759632e-06	4.3168759632e-06	0
0.00108353586676	0.000612996386775	0.0033196776157	0	7.77037673377e-05	0.000751136417597	0.00165336349391	0.00259875932985	0.00319017133681	0.000729552037781	0.000176991914491	0.00437299535072	0.000164041286602	0.00064753139448	0.00521910303951	9.92881471537e-05	0.00147637157942	0.00462769103255	0.000246061929903	0.00457157164503	8.63375192641e-05	0.00474856355952	0.000954029587868	0.00785239737707	0.00152817409097	0.000418736968431	0.00742070978075	0.00271963185682	0.00347076827442	0.0124498702779	0.00590548631766	4.3168759632e-06	0.001290745913	0.00607816135619	0.052670203627	4.3168759632e-06	0.000254695681829	3.02181317424e-05	0	4.3168759632e-06	0	4.3168759632e-06	1.29506278896e-05	8.63375192641e-06	0.000172675038528	0	6.4753139448e-05	4.3168759632e-06	4.3168759632e-05	0	4.3168759632e-06	3.88518836688e-05	1.29506278896e-05	0	2.1584379816e-05	0	3.45350077056e-05	0.000155407534675	3.88518836688e-05	7.33868913745e-05	0.000142456906786	7.77037673377e-05	9.49712711905e-05	5.18025115584e-05	0	2.1584379816e-05	0	0	0	7.33868913745e-05	0.00993313159133	0.00451113538155	0.0233672495888	0.00589253568977	0.000530975743474	0.000906543952273	0.000146773782749	0.000138140030822	7.77037673377e-05	9.92881471537e-05	8.20206433009e-05	2.1584379816e-05	8.63375192641e-06	8.63375192641e-06
0	0	0	0	0	0	0	4.3168759632e-06	0	3.88518836688e-05	0	0	4.3168759632e-06	0	0	0	0	0	0	0	0	0	8.63375192641e-06	0	2.59012557792e-05	0	0	0	1.72675038528e-05	0	8.63375192641e-06	0	0	4.3168759632e-06	4.3168759632e-06	0.0158688360407	4.3168759632e-06	6.4753139448e-05	0	6.4753139448e-05	4.3168759632e-06	0.00186057354014	0.00572417752721	0.00284913813571	0.000211526922197	0.000820206433009	8.63375192641e-06	0.000198576294307	0	0.00387655461496	0.000789988301266	9.92881471537e-05	6.04362634848e-05	0	8.63375192641e-06	4.74856355952e-05	0.000293547565498	0.000112238775043	0.000224477550087	0.00113102150236	0	1.29506278896e-05	4.3168759632e-05	0.00106195148695	0.00426939032761	0.00259012557792	0	0	0.000151090658712	0.000625947014664	4.3168759632e-06	0	0	0	0	0	0	0.000600045758885	0.000103605023117	0.000569827627143	0.000189942542381	0.000872008944567	0.000155407534675	0
0	0.00283187063186	0.000582778255032	0	0	0	0	4.3168759632e-06	0	4.3168759632e-06	0	0.000168358162565	0	8.63375192641e-05	0	0	3.45350077056e-05	0.000237428177976	1.72675038528e-05	0.00022879442605	0	4.3168759632e-05	0.000202893170271	0.000151090658712	1.29506278896e-05	0.000293547565498	0.00185193978821	0.0011612396341	1.72675038528e-05	0	1.29506278896e-05	0	0	0	0.000254695681829	4.3168759632e-06	0.0177725783405	0.00088927644842	0	0	0	0	4.3168759632e-06	8.63375192641e-06	1.29506278896e-05	0	0.000695017030076	0	0.000405786340541	8.63375192641e-06	0	0.000194259418344	0.000988564595573	0.000241745053939	0.00102309960328	0	0.000138140030822	0.00211526922197	0.000505074487695	2.59012557792e-05	0.00204619920656	0.00380316772358	0.0103043829242	4.3168759632e-05	0	0.000103605023117	8.63375192641e-06	0	4.3168759632e-06	0.000712284533928	0.00010792189908	0.000263329433755	0.00022879442605	5.18025115584e-05	0	0	1.29506278896e-05	0.000315131945314	0.00191669292766	0.000945395835941	0.000259012557792	4.3168759632e-06	2.59012557792e-05	8.63375192641e-06
0	0.000151090658712	7.33868913745e-05	0	0	0	0	0	0	4.3168759632e-06	0	0	0	0	0	0	1.72675038528e-05	2.1584379816e-05	4.3168759632e-06	4.3168759632e-06	0	0	0.00010792189908	3.02181317424e-05	4.3168759632e-06	0	6.4753139448e-05	8.20206433009e-05	0	4.3168759632e-06	0	0	0	0	3.02181317424e-05	6.4753139448e-05	0.00088927644842	0.0181395127974	0	0	0	1.72675038528e-05	8.63375192641e-05	1.72675038528e-05	3.88518836688e-05	0	6.04362634848e-05	0	0	3.45350077056e-05	1.29506278896e-05	0.000630263890628	0.0045284028854	4.3168759632e-06	0.000440321348247	0	0.000962663339794	0.0011267046264	0.00528385617896	4.74856355952e-05	8.63375192641e-06	0.00365207706487	0.00455430414118	0.000125189402933	3.45350077056e-05	0.000751136417597	0	0	4.3168759632e-06	0.00183467228436	3.45350077056e-05	8.63375192641e-06	3.45350077056e-05	8.63375192641e-06	4.3168759632e-06	0	0	0.0011267046264	0.00176991914491	0.00166199724583	0.00066048202237	6.4753139448e-05	9.49712711905e-05	2.1584379816e-05
0	0	0	0	0	0	0	0	0	0	0	0	0	0	0	0	0	0	0	0	0	0	0	0	0	0	0	0	0	0	0	0	0	0	0	0	0	0	0	0	0	0	0	0	0	0	0	0	0	0	0	0	0	0	0	0	0	0	0	0	0	0	0	0	0	0	0	0	0	0	0	0	0	0	0	0	0	0	0	0	0	0	0	0
4.3168759632e-06	0	0	0	0.000582778255032	0	0	1.29506278896e-05	0	8.63375192641e-06	0.000289230689535	0	0.00010792189908	0	4.3168759632e-06	0	0	0	0	0	0.00043168759632	4.3168759632e-06	0	0	0.000358300704946	0	0	0	1.72675038528e-05	8.63375192641e-06	4.3168759632e-06	0	0	4.3168759632e-06	4.3168759632e-06	6.4753139448e-05	0	0	0	0.0146212588874	0	0.00021584379816	0.000345350077056	3.88518836688e-05	9.49712711905e-05	0.00499894236539	0	0.00167063099776	0	2.1584379816e-05	2.59012557792e-05	8.63375192641e-06	0	0	0	0.00581483192243	4.3168759632e-06	0	4.3168759632e-06	0.00196417856326	0	0	0	0.00413556717275	1.29506278896e-05	4.3168759632e-05	0	0	0	8.63375192641e-06	0	0	4.3168759632e-06	4.3168759632e-06	0	0	0	8.63375192641e-06	4.3168759632e-06	1.29506278896e-05	4.3168759632e-06	1.72675038528e-05	4.3168759632e-06	0
0	0	0	0	0	0	0	0	0	0	0	0	0	0	0	0	0	0	0	0	0	0	0	0	0	0	0	0	0	0	0	0	0	0	0	4.3168759632e-06	0	0	0	0	0.00244766867114	0.000893593324383	0	0.000798622053193	4.3168759632e-06	0	4.3168759632e-06	4.3168759632e-06	0	0.000246061929903	0.000530975743474	4.3168759632e-06	0	0	0	0	0	0	0	4.3168759632e-06	0	4.3168759632e-06	0	0	4.74856355952e-05	0	0	0.000522341991548	0	6.4753139448e-05	4.3168759632e-06	0	4.3168759632e-06	4.3168759632e-06	0	0	0	4.3168759632e-06	0	2.59012557792e-05	1.29506278896e-05	0.00033671632513	0.000418736968431	0
4.3168759632e-06	0	0	0	0	0	0	8.63375192641e-06	0	2.59012557792e-05	8.63375192641e-06	0	8.63375192641e-06	0	0	0	0	0	0	0	0	0	4.3168759632e-06	0	0	0	0	0	8.63375192641e-06	0	0	0	0	0	4.3168759632e-06	0.00186057354014	0	1.72675038528e-05	0	0.00021584379816	0.000893593324383	0.0360933999283	0.00189510854785	0.0128945085021	0.000254695681829	0.00741207602882	8.20206433009e-05	0.00467085979219	4.3168759632e-06	0.00523637054337	0.00677749526223	2.59012557792e-05	3.02181317424e-05	4.3168759632e-06	1.72675038528e-05	0.000859058316677	4.3168759632e-05	2.1584379816e-05	5.61193875216e-05	0.00101446585135	8.63375192641e-06	8.63375192641e-06	8.63375192641e-06	0.00103605023117	0.00200734732289	0.000427370720357	0	0.000811572681082	3.88518836688e-05	0.000859058316677	4.3168759632e-06	0	0	4.3168759632e-06	0	0	0	0.000401469464578	0.000103605023117	0.00103605023117	0.000289230689535	0.00424780594779	0.00193396043151	4.3168759632e-06
4.3168759632e-06	0	0	0	4.3168759632e-06	0	0	2.1584379816e-05	0	0.000198576294307	4.3168759632e-06	0	4.3168759632e-06	0	0	0	1.72675038528e-05	0	0	0	0	8.63375192641e-06	1.72675038528e-05	8.63375192641e-06	0.000116555651006	0	0	0	9.49712711905e-05	4.3168759632e-06	2.1584379816e-05	0	0	8.63375192641e-06	1.29506278896e-05	0.00572417752721	4.3168759632e-06	8.63375192641e-05	0	0.000345350077056	0	0.00189510854785	0.0331579242734	0.00209368484215	0.00105763461098	0.00564647375987	4.3168759632e-06	0.000371251332835	0	0.00264624496544	0.000496440735768	0.000345350077056	0.000116555651006	0	1.72675038528e-05	0.00033671632513	0.000910860828236	0.000332399449167	0.000669115774296	0.00600909134078	4.3168759632e-06	2.59012557792e-05	7.77037673377e-05	0.0104900085906	0.000738185789708	0.00854741440714	0	0	5.18025115584e-05	0.0009971983475	1.72675038528e-05	8.63375192641e-06	4.3168759632e-06	4.3168759632e-06	0	0	0	0.000703650782002	0.000267646309719	0.000664798898333	0.000202893170271	0.000535292619437	0.000116555651006	4.3168759632e-06
0	0	0	0	0	0	0	0	0	8.63375192641e-06	0	0	0	0	0	0	0	0	0	0	0	0	4.3168759632e-06	4.3168759632e-06	4.3168759632e-06	0	0	0	4.3168759632e-06	0	4.3168759632e-06	0	0	0	8.63375192641e-06	0.00284913813571	8.63375192641e-06	1.72675038528e-05	0	3.88518836688e-05	0.000798622053193	0.0128945085021	0.00209368484215	0.0272394873278	8.63375192641e-05	0.00142888594382	5.18025115584e-05	0.000470539479989	4.3168759632e-06	0.0110641530937	0.00267646309719	3.45350077056e-05	2.1584379816e-05	0	4.3168759632e-06	5.18025115584e-05	7.33868913745e-05	2.59012557792e-05	6.4753139448e-05	0.00056551075118	0	1.29506278896e-05	2.59012557792e-05	0.0005396094954	0.00259875932985	0.000548243247327	0	0.000578461379069	3.88518836688e-05	0.000759770169524	0	0	4.3168759632e-06	4.3168759632e-06	0	0	0	0.000328082573203	8.20206433009e-05	0.000854741440714	0.000284913813571	0.0027800681203	0.00144183657171	8.63375192641e-06
4.3168759632e-05	0	8.63375192641e-06	0	3.45350077056e-05	0	1.29506278896e-05	0.000535292619437	3.45350077056e-05	0.0026635124693	1.72675038528e-05	0	3.02181317424e-05	0	3.45350077056e-05	1.29506278896e-05	0.000181308790455	8.63375192641e-06	0	0	2.59012557792e-05	0.000198576294307	0.000315131945314	0.000168358162565	0.00105331773502	0	4.3168759632e-06	8.63375192641e-06	0.00088927644842	0.000146773782749	0.00033671632513	0	0	7.77037673377e-05	0.000172675038528	0.000211526922197	1.29506278896e-05	3.88518836688e-05	0	9.49712711905e-05	4.3168759632e-06	0.000254695681829	0.00105763461098	8.63375192641e-05	0.0149104895769	0.000276280061645	4.3168759632e-06	0.00220160674123	0	5.61193875216e-05	0.000854741440714	0.000604362634848	3.02181317424e-05	0	0	0.000345350077056	0.00033671632513	0.00224909237683	0.000306498193387	0.00739912540093	0	0	7.33868913745e-05	0.002581491826	5.18025115584e-05	0.000954029587868	0	0	8.63375192641e-06	0.000246061929903	0.00010792189908	3.02181317424e-05	4.74856355952e-05	4.3168759632e-06	3.45350077056e-05	0	0	0.000254695681829	9.06543952273e-05	0.000142456906786	4.74856355952e-05	0.000518025115584	2.1584379816e-05	0
