0.0219105167712	6.92166064482e-06	0.00048797707546	0	2.76866425793e-05	1.38433212896e-05	0.000121129061284	0.00827830613121	0.00492130071847	0.00182039674959	0.00466519927461	0.000844442598668	0.000359926353531	7.26774367706e-05	0.0156118055844	0.000377230505143	1.73041516121e-05	0.00193460415023	0.000204188989022	0.00131511552252	0.000249179783214	0.000792530143832	3.11474729017e-05	0.0010347882664	0.00176156263411	6.92166064482e-06	0.0027029084818	0.000481055414815	0.00363387183853	0.00776264241317	0.00538505198167	3.46083032241e-06	1.38433212896e-05	2.76866425793e-05	0.00426374295721	6.92166064482e-06	4.84516245138e-05	3.11474729017e-05	0	3.46083032241e-06	0	1.38433212896e-05	1.03824909672e-05	0.000183424007088	0.000571037003198	0	3.46083032241e-06	6.92166064482e-06	3.46083032241e-06	7.6138267093e-05	0	0.000204188989022	6.92166064482e-06	2.07649819345e-05	5.53732851586e-05	6.92166064482e-06	3.46083032241e-06	1.03824909672e-05	2.76866425793e-05	0.000366848014176	6.57557761258e-05	8.99815883827e-05	9.34424187051e-05	0.000169580685798	5.8834115481e-05	0.00011420740064	1.38433212896e-05	0	6.92166064482e-06	5.8834115481e-05	0.000678322743193	0.000283788086438	0.00246757201988	0.000366848014176	0.000263023104503	5.8834115481e-05	6.92166064482e-06	0.000297631407727	3.11474729017e-05	2.76866425793e-05	3.80691335465e-05	1.03824909672e-05	6.92166064482e-06	3.46083032241e-06
6.92166064482e-06	0.0136460539613	0.00218378393344	0	0	0	3.46083032241e-06	1.03824909672e-05	6.92166064482e-06	0.00304899151404	0	6.92166064482e-05	1.38433212896e-05	0.000245718952891	3.46083032241e-06	3.11474729017e-05	0.000121129061284	0.000256101443858	5.8834115481e-05	0.0002007281587	0	3.46083032241e-06	0.00488669241524	0.000304553068372	0.00211456732699	0.0013428021651	0.00110746570317	0.00819870703379	0.000242258122569	3.46083032241e-06	7.6138267093e-05	6.92166064482e-06	0	0	0.000204188989022	0	0.00675900161967	2.07649819345e-05	0	0	0	3.46083032241e-06	3.46083032241e-06	3.46083032241e-06	3.46083032241e-05	0	4.49907941913e-05	0	0.000519124548362	0	0	6.92166064482e-06	4.49907941913e-05	6.57557761258e-05	7.26774367706e-05	0	3.46083032241e-06	6.92166064482e-05	5.8834115481e-05	2.76866425793e-05	0.00110400487285	0.000228414801279	0.00640945775711	6.92166064482e-06	3.46083032241e-06	0	3.80691335465e-05	0	0	1.03824909672e-05	0.000363387183853	0.000131511552252	0.000176502346443	2.76866425793e-05	6.92166064482e-06	0	0.00010036407935	3.11474729017e-05	0.000103824909672	1.03824909672e-05	0	3.46083032241e-06	0	6.92166064482e-06
0.00048797707546	0.00218378393344	0.0464824120603	0	0	3.46083032241e-05	0.000384152165788	0.00340545703725	0.00151584368122	0.000377230505143	0.00172349350056	3.11474729017e-05	1.03824909672e-05	4.49907941913e-05	0.000719852707061	1.73041516121e-05	0.000442986281269	0.0144351232748	7.6138267093e-05	0.00028724891676	0	0.00208688068441	0.00107285739995	0.0128846712903	0.0015746777967	3.80691335465e-05	0.0115868599194	0.0161966859089	0.00294516660437	7.95990974155e-05	0.00336046624306	3.46083032241e-06	0	2.42258122569e-05	0.00110054404253	0.000138433212896	0.0115730165981	0.00234990378892	0	3.46083032241e-06	0	1.73041516121e-05	3.46083032241e-05	5.19124548362e-05	2.76866425793e-05	6.92166064482e-06	0.000162659025153	6.92166064482e-06	0.000349543862564	0.000183424007088	0	0.000224953970957	0.000335700541274	7.26774367706e-05	0.00124589891607	3.46083032241e-06	0.000152276534186	0.000131511552252	0.000432603790301	0.000193806498055	0.000757921840608	0.00415991804754	0.0109881362737	0.000245718952891	0.00011420740064	0.000162659025153	1.38433212896e-05	0	1.38433212896e-05	0.000283788086438	0.00338469205532	0.00218032310312	0.00184808339217	0.000290709747083	3.46083032241e-06	6.92166064482e-06	3.46083032241e-06	0.000238797292246	0.000221493140634	0.000190345667733	6.92166064482e-06	0	3.46083032241e-06	1.38433212896e-05
0	0	0	0	0	0	0	0	0	0	0	0	0	0	0	0	0	0	0	0	0	0	0	0	0	0	0	0	0	0	0	0	0	0	0	0	0	0	0	0	0	0	0	0	0	0	0	0	0	0	0	0	0	0	0	0	0	0	0	0	0	0	0	0	0	0	0	0	0	0	0	0	0	0	0	0	0	0	0	0	0	0	0	0
2.76866425793e-05	0	0	0	0.0134107174993	0	0.000245718952891	0.000197267328377	0.000152276534186	0.00148815703864	0.00322203303016	8.65207580603e-05	0.00274097761535	3.80691335465e-05	0.000179963176765	0.000110746570317	0	3.46083032241e-06	1.03824909672e-05	2.42258122569e-05	0.00836828771959	3.46083032241e-06	6.92166064482e-06	1.03824909672e-05	0.00308013898695	0	2.42258122569e-05	1.38433212896e-05	0.00292094079211	0.000252640613536	0	6.92166064482e-06	0	2.42258122569e-05	0.000204188989022	0	3.46083032241e-06	0	0	0.00138433212896	0	4.15299638689e-05	0	1.73041516121e-05	0.00097595415092	1.73041516121e-05	0	7.95990974155e-05	0	6.92166064482e-06	3.11474729017e-05	0	0	0	0	0.00010036407935	0	0	6.92166064482e-06	0.00158852111799	6.92166064482e-06	2.07649819345e-05	1.03824909672e-05	0.000380691335465	4.15299638689e-05	0	1.38433212896e-05	0	0	2.07649819345e-05	0.000418760469012	4.84516245138e-05	0.000442986281269	4.15299638689e-05	4.84516245138e-05	2.42258122569e-05	0	2.76866425793e-05	3.46083032241e-06	6.92166064482e-06	6.92166064482e-06	3.80691335465e-05	0	0
1.38433212896e-05	0	3.46083032241e-05	0	0	0.00535044367845	0.00328432797597	0.000370308844498	0.00303860902308	0.000159198194831	0.0010970832122	1.38433212896e-05	0.00030109223805	3.11474729017e-05	0.00047413375417	0.000792530143832	0	6.92166064482e-06	0	2.07649819345e-05	3.46083032241e-05	5.8834115481e-05	0	8.30599277379e-05	6.57557761258e-05	0	1.03824909672e-05	6.92166064482e-06	0.00027340559547	6.57557761258e-05	7.26774367706e-05	0	0.000598723645777	0	0.000214571479989	3.46083032241e-06	0	3.46083032241e-06	0	2.07649819345e-05	0	2.07649819345e-05	6.92166064482e-06	0	7.6138267093e-05	3.46083032241e-06	3.46083032241e-06	1.73041516121e-05	0	1.03824909672e-05	0	0	0	0	0	1.73041516121e-05	0	0	3.46083032241e-06	6.22949458034e-05	0	0	6.92166064482e-06	5.19124548362e-05	7.6138267093e-05	2.76866425793e-05	0	0	0	6.92166064482e-06	0.000456829602558	3.11474729017e-05	7.6138267093e-05	5.19124548362e-05	0.00140855794122	0.000515663718039	0	8.65207580603e-05	1.03824909672e-05	1.38433212896e-05	1.38433212896e-05	0	0	0
0.000121129061284	3.46083032241e-06	0.000384152165788	0	0.000245718952891	0.00328432797597	0.0346705981699	0.00619488627712	0.0154041557651	0.00086174675028	0.0200347467364	0.000712931046417	0.00795990974155	0.000591801985132	0.002007281587	0.00106247490898	3.46083032241e-06	7.95990974155e-05	7.95990974155e-05	0.000162659025153	0.0024087379044	0.000508742057394	2.07649819345e-05	0.00112476985478	0.00057449783352	1.38433212896e-05	0.00028724891676	0.000283788086438	0.00385536497917	0.000830599277379	0.000747539349641	5.19124548362e-05	0.000231875631602	0	0.00101056245414	9.69032490275e-05	1.03824909672e-05	6.92166064482e-05	0	5.53732851586e-05	0	0.000145354873541	0.000148815703864	0.000103824909672	0.000446447111591	3.80691335465e-05	1.73041516121e-05	8.30599277379e-05	2.76866425793e-05	0.0002007281587	3.46083032241e-06	1.38433212896e-05	4.49907941913e-05	3.46083032241e-06	6.92166064482e-06	9.34424187051e-05	4.84516245138e-05	1.73041516121e-05	5.53732851586e-05	0.0004014563174	1.38433212896e-05	0.000304553068372	5.53732851586e-05	0.000377230505143	0.000339161371596	0.000252640613536	0.000269944765148	0	1.38433212896e-05	0.000228414801279	0.00191729999862	0.000834060107701	0.00338815288564	0.0012978113709	0.00239835541343	0.000169580685798	2.42258122569e-05	0.000436064620624	5.8834115481e-05	0.000308013898695	0.000218032310312	0	3.46083032241e-05	3.46083032241e-05
0.00827830613121	1.03824909672e-05	0.00340545703725	0	0.000197267328377	0.000370308844498	0.00619488627712	0.0565292024863	0.0131753810374	0.00341930035854	0.0225680745324	0.00104517075737	0.00028724891676	0.000207649819345	0.0101575369963	0.000155737364508	2.42258122569e-05	0.00459598266816	0.000231875631602	0.00172003267024	0.000110746570317	0.00594916732422	3.11474729017e-05	0.00739925522931	0.00336738790371	1.38433212896e-05	0.00485208411202	0.000837520938023	0.0218101526918	0.00348851696499	0.016380109916	1.03824909672e-05	6.92166064482e-06	6.57557761258e-05	0.00383459999723	0.00011420740064	8.65207580603e-05	0.000346083032241	0	0.000155737364508	0	0.000276866425793	0.000308013898695	0.000339161371596	0.00167850270637	0.000107285739995	4.49907941913e-05	0.000231875631602	2.07649819345e-05	0.000584880324487	3.46083032241e-06	5.8834115481e-05	0.000214571479989	4.84516245138e-05	0.000162659025153	0.000238797292246	1.03824909672e-05	1.38433212896e-05	6.57557761258e-05	0.00166465938508	7.95990974155e-05	0.000526046209006	0.000176502346443	0.00112130902446	0.000858285919958	0.0006021844761	7.95990974155e-05	3.46083032241e-06	3.11474729017e-05	0.00121129061284	0.00105901407866	0.000764843501253	0.00269598682116	0.000339161371596	0.000159198194831	3.11474729017e-05	3.46083032241e-06	0.0012355164251	0.000221493140634	0.000439525450946	7.6138267093e-05	3.46083032241e-06	0.000138433212896	2.07649819345e-05
0.00492130071847	6.92166064482e-06	0.00151584368122	0	0.000152276534186	0.00303860902308	0.0154041557651	0.0131753810374	0.0460705732519	0.00216301895151	0.0245442086465	0.00226338303086	0.00284480252502	0.00146393122638	0.0156775613605	0.000231875631602	3.46083032241e-06	0.000709470216094	0.000169580685798	0.00028724891676	0.00136702797735	0.00113861317607	2.76866425793e-05	0.00309398230824	0.00230491299473	4.49907941913e-05	0.000726774367706	0.000321857219984	0.00863131082409	0.00440217617011	0.0030732173263	1.38433212896e-05	0.000335700541274	3.46083032241e-06	0.00354735108047	0.000128050721929	3.80691335465e-05	0.000224953970957	0	0.000141894043219	0	0.000134972382574	0.000214571479989	0.000124589891607	0.00100710162382	5.8834115481e-05	2.42258122569e-05	7.6138267093e-05	1.03824909672e-05	0.00028724891676	0	7.26774367706e-05	0.000176502346443	3.46083032241e-06	2.42258122569e-05	9.34424187051e-05	2.07649819345e-05	1.73041516121e-05	3.46083032241e-05	0.00132895884381	1.03824909672e-05	0.000269944765148	6.22949458034e-05	0.000830599277379	0.000397995487077	0.000256101443858	9.69032490275e-05	0	2.07649819345e-05	0.00030109223805	0.00181693591927	0.00103132743608	0.0028413416947	0.000404917147722	0.00185154422249	0.000238797292246	5.53732851586e-05	0.000512202887717	0.000121129061284	0.000169580685798	6.92166064482e-05	0	3.11474729017e-05	2.76866425793e-05
0.00182039674959	0.00304899151404	0.000377230505143	0	0.00148815703864	0.000159198194831	0.00086174675028	0.00341930035854	0.00216301895151	0.0411458117031	0.00154006949347	0.000304553068372	0.0022080097457	0.000131511552252	0.00312512978114	0.00271329097277	0.00128742887994	0.000162659025153	3.11474729017e-05	0.000214571479989	0.00114553483672	0.00105555324834	0.00875936154602	0.000993258302532	0.0224192588286	0.000418760469012	0.000532967869651	0.0018377009012	0.0127081689439	0.0038138350153	0.00331893627919	1.03824909672e-05	3.46083032241e-06	0.000543350360619	0.00132895884381	0.000356465523208	0.000148815703864	2.76866425793e-05	0	0.00145700956574	0	0.000404917147722	0.000622949458034	0.000463751263203	0.0152864875341	0.00018688483741	5.53732851586e-05	0.00068870523416	2.07649819345e-05	0.000913659205116	6.92166064482e-06	0.0044783144372	2.07649819345e-05	1.73041516121e-05	3.46083032241e-06	0.00047413375417	0.000730235198029	0.00286210667663	0.00086174675028	0.0128569846478	1.03824909672e-05	0.000169580685798	0.000242258122569	0.00781801569833	0.00165773772443	0.00287941082825	6.57557761258e-05	3.46083032241e-06	0.000183424007088	0.00151930451154	0.00352312526821	0.000124589891607	0.00147777454767	0.000498359566427	0.00111092653349	6.92166064482e-06	6.92166064482e-06	0.00269252599084	0.000117668230962	0.000491437905782	7.26774367706e-05	0.000283788086438	0.000152276534186	3.46083032241e-05
0.00466519927461	0	0.00172349350056	0	0.00322203303016	0.0010970832122	0.0200347467364	0.0225680745324	0.0245442086465	0.00154006949347	0.0734388194416	0.00421875216302	0.0101644586569	0.00125974223736	0.0124589891607	0.000221493140634	8.30599277379e-05	0.0012043689522	0.000647175270291	0.00116629981865	0.00911236623891	0.00157121696637	3.11474729017e-05	0.00345736949209	0.002640613536	5.19124548362e-05	0.00193460415023	0.000550272021263	0.0124278416878	0.00838905270152	0.00303168736243	0.000121129061284	4.84516245138e-05	3.46083032241e-06	0.0069493472874	0.000103824909672	6.57557761258e-05	0.000252640613536	0	0.000740617688996	0	0.000256101443858	0.000204188989022	0.000179963176765	0.000944806678018	0.000148815703864	6.92166064482e-05	0.000183424007088	0.000110746570317	0.000166119855476	2.76866425793e-05	2.42258122569e-05	0.000190345667733	1.73041516121e-05	4.15299638689e-05	0.000228414801279	3.11474729017e-05	1.38433212896e-05	0.00010036407935	0.00219070559409	7.95990974155e-05	0.000778686822542	0.000162659025153	0.00152622617218	0.000311474729017	0.000224953970957	0.000577958663843	0	2.42258122569e-05	0.000280327256115	0.00385536497917	0.00173733682185	0.00837867021056	0.000948267508341	0.000550272021263	0.000152276534186	2.07649819345e-05	0.000442986281269	0.000173041516121	0.000308013898695	0.000197267328377	2.42258122569e-05	4.15299638689e-05	6.57557761258e-05
0.000844442598668	6.92166064482e-05	3.11474729017e-05	0	8.65207580603e-05	1.38433212896e-05	0.000712931046417	0.00104517075737	0.00226338303086	0.000304553068372	0.00421875216302	0.0281434721818	0.000598723645777	0.00486938826363	0.00247449368052	2.07649819345e-05	0.000304553068372	0.000633331949001	0.00442986281269	0.0100121821227	0.000508742057394	0.000325318050307	0.000339161371596	0.000453368772236	0.00078906931351	0.00102440577543	0.00757575757576	0.00183077924056	0.00105209241801	0.00499397815524	0.000377230505143	0.000169580685798	6.92166064482e-06	2.07649819345e-05	0.00960380414469	0	0.000294170577405	0	0	5.8834115481e-05	0	1.73041516121e-05	1.38433212896e-05	1.73041516121e-05	0.000124589891607	6.92166064482e-06	0.000308013898695	1.73041516121e-05	0.000868668410925	1.38433212896e-05	0	6.92166064482e-06	1.38433212896e-05	5.8834115481e-05	3.46083032241e-05	2.07649819345e-05	6.92166064482e-06	2.07649819345e-05	3.11474729017e-05	0.000377230505143	0.000353004692886	0.000384152165788	0.000508742057394	0.000259562274181	2.42258122569e-05	6.92166064482e-06	0.000467212093525	0	0	3.46083032241e-05	0.00386574747013	0.00524315793845	0.00890125558924	0.000837520938023	1.03824909672e-05	0	0.000391073826432	0.000325318050307	0.000121129061284	0.000110746570317	8.99815883827e-05	0	1.73041516121e-05	3.46083032241e-06
0.000359926353531	1.38433212896e-05	1.03824909672e-05	0	0.00274097761535	0.00030109223805	0.00795990974155	0.00028724891676	0.00284480252502	0.0022080097457	0.0101644586569	0.000598723645777	0.029797749076	0.000512202887717	0.00184808339217	0.00192422165926	6.92166064482e-06	6.92166064482e-06	0.000141894043219	0.000145354873541	0.0108912330246	6.57557761258e-05	1.73041516121e-05	0.000159198194831	0.00229106967344	1.38433212896e-05	0.000283788086438	0.000231875631602	0.000584880324487	0.000719852707061	6.57557761258e-05	1.03824909672e-05	2.07649819345e-05	9.34424187051e-05	0.000879050901892	0	1.03824909672e-05	0	0	0.000110746570317	0	4.84516245138e-05	0	3.80691335465e-05	0.000110746570317	6.92166064482e-06	6.92166064482e-06	0.000134972382574	6.92166064482e-06	1.38433212896e-05	6.92166064482e-06	3.46083032241e-06	0	3.46083032241e-06	6.92166064482e-06	7.26774367706e-05	2.76866425793e-05	1.03824909672e-05	4.15299638689e-05	0.000173041516121	6.92166064482e-06	8.99815883827e-05	2.76866425793e-05	9.69032490275e-05	2.76866425793e-05	3.46083032241e-06	8.99815883827e-05	0	0	2.07649819345e-05	0.00196575162313	0.000678322743193	0.00310090396888	0.000747539349641	0.000799451804477	4.84516245138e-05	1.03824909672e-05	0.000110746570317	2.42258122569e-05	0.000173041516121	0.000155737364508	0.000107285739995	0	4.84516245138e-05
7.26774367706e-05	0.000245718952891	4.49907941913e-05	0	3.80691335465e-05	3.11474729017e-05	0.000591801985132	0.000207649819345	0.00146393122638	0.000131511552252	0.00125974223736	0.00486938826363	0.000512202887717	0.0215021387931	0.000751000179963	3.46083032241e-06	0.000342622201919	0.000107285739995	0.000245718952891	0.000764843501253	0.000335700541274	9.69032490275e-05	0.000356465523208	0.000141894043219	0.000505281227072	0.00418414385979	0.00721929205255	0.00565499674682	0.000515663718039	0.0021007240057	5.8834115481e-05	0.000117668230962	7.6138267093e-05	0	0.00236720794053	3.46083032241e-06	0.00137741046832	0	0	2.76866425793e-05	0	2.07649819345e-05	2.42258122569e-05	6.57557761258e-05	6.92166064482e-05	1.73041516121e-05	0.000508742057394	6.92166064482e-06	0.00324971967274	2.76866425793e-05	0	0	0	0.000276866425793	6.22949458034e-05	1.38433212896e-05	0	0	3.46083032241e-06	0.000228414801279	0.0031043647992	0.00165427689411	0.00203150739926	0.000141894043219	5.19124548362e-05	3.46083032241e-06	0.00113169151543	3.46083032241e-06	0	8.65207580603e-05	0.0004014563174	0.00481401497847	0.00279635090051	0.000294170577405	2.42258122569e-05	9.69032490275e-05	0.000349543862564	3.46083032241e-05	0.000134972382574	6.57557761258e-05	1.38433212896e-05	3.46083032241e-06	0	0.000159198194831
0.0156118055844	3.46083032241e-06	0.000719852707061	0	0.000179963176765	0.00047413375417	0.002007281587	0.0101575369963	0.0156775613605	0.00312512978114	0.0124589891607	0.00247449368052	0.00184808339217	0.000751000179963	0.0411804200064	0.000394534656755	2.42258122569e-05	0.00185846588313	0.000532967869651	0.00172003267024	0.00179617093733	0.000733696028351	3.80691335465e-05	0.00158506028766	0.00351274277725	3.11474729017e-05	0.00294170577405	0.000622949458034	0.00492822237911	0.0153903124438	0.00377922671207	6.92166064482e-06	0.000211110649667	0.00018688483741	0.00684552237773	2.76866425793e-05	7.26774367706e-05	3.80691335465e-05	0	3.46083032241e-05	0	7.6138267093e-05	6.92166064482e-05	0.000169580685798	0.000640253609646	3.80691335465e-05	1.38433212896e-05	6.57557761258e-05	6.92166064482e-06	0.000235336461924	3.46083032241e-06	0.000134972382574	5.8834115481e-05	2.42258122569e-05	5.53732851586e-05	8.30599277379e-05	1.73041516121e-05	1.73041516121e-05	4.49907941913e-05	0.00068870523416	8.30599277379e-05	0.000190345667733	0.00011420740064	0.000411838808367	0.000304553068372	9.69032490275e-05	5.19124548362e-05	0	3.46083032241e-06	0.000332239710951	0.00175810180378	0.000827138447056	0.00548887689134	0.000612566967067	0.00108323989091	0.000211110649667	3.46083032241e-05	0.000280327256115	6.57557761258e-05	0.000124589891607	6.22949458034e-05	2.07649819345e-05	1.38433212896e-05	1.73041516121e-05
0.000377230505143	3.11474729017e-05	1.73041516121e-05	0	0.000110746570317	0.000792530143832	0.00106247490898	0.000155737364508	0.000231875631602	0.00271329097277	0.000221493140634	2.07649819345e-05	0.00192422165926	3.46083032241e-06	0.000394534656755	0.0054819552307	0	0	3.46083032241e-06	1.38433212896e-05	1.73041516121e-05	3.46083032241e-06	4.15299638689e-05	6.92166064482e-06	0.000996719132854	0	6.92166064482e-06	3.11474729017e-05	0.000183424007088	0.000522585378684	0.000141894043219	0	6.92166064482e-05	8.30599277379e-05	0.000131511552252	0	6.92166064482e-06	0	0	3.46083032241e-06	0	0	0	1.38433212896e-05	5.53732851586e-05	0	0	2.07649819345e-05	0	6.92166064482e-06	0	3.46083032241e-06	0	0	0	6.92166064482e-06	0	3.46083032241e-06	1.03824909672e-05	4.84516245138e-05	3.46083032241e-06	0	6.92166064482e-06	3.80691335465e-05	0	0	0	0	0	0	0.000263023104503	6.92166064482e-06	8.30599277379e-05	3.46083032241e-06	0.00212494981796	8.65207580603e-05	0	2.76866425793e-05	0	0	3.46083032241e-06	2.42258122569e-05	0	0
1.73041516121e-05	0.000121129061284	0.000442986281269	0	0	0	3.46083032241e-06	2.42258122569e-05	3.46083032241e-06	0.00128742887994	8.30599277379e-05	0.000304553068372	6.92166064482e-06	0.000342622201919	2.42258122569e-05	0	0.0224331021499	0.000325318050307	6.92166064482e-05	0.000411838808367	0	0.00269944765148	0.0124659108213	0.00768304331575	0.00951036172599	2.07649819345e-05	0.000830599277379	0.0068109140745	0.00270636931213	2.42258122569e-05	8.30599277379e-05	0	0	0	0.000719852707061	1.03824909672e-05	0.000460290432881	6.92166064482e-06	0	0	0	3.46083032241e-06	6.92166064482e-06	3.11474729017e-05	2.76866425793e-05	0	6.92166064482e-06	0	0	2.42258122569e-05	0	0.0010970832122	1.03824909672e-05	1.03824909672e-05	4.15299638689e-05	0	0.00168196353669	0.00507357725265	0.00415645721722	0.000245718952891	2.42258122569e-05	0.000283788086438	0.000681783573515	0.00116283898833	0.00011420740064	0.000283788086438	3.46083032241e-06	0	7.95990974155e-05	9.69032490275e-05	0.00231183465537	0.000557193681908	0.000858285919958	0.000249179783214	2.07649819345e-05	0	2.07649819345e-05	5.19124548362e-05	2.42258122569e-05	4.49907941913e-05	4.49907941913e-05	1.38433212896e-05	0	0
0.00193460415023	0.000256101443858	0.0144351232748	0	3.46083032241e-06	6.92166064482e-06	7.95990974155e-05	0.00459598266816	0.000709470216094	0.000162659025153	0.0012043689522	0.000633331949001	6.92166064482e-06	0.000107285739995	0.00185846588313	0	0.000325318050307	0.0403255949167	0.000190345667733	0.007288508659	3.46083032241e-06	0.00414607472625	0.000439525450946	0.0151653584728	0.000550272021263	0	0.0138087129864	0.00693896479643	0.00119744729155	0.000522585378684	0.00578304746875	0	0	4.84516245138e-05	0.00805335216025	0.000397995487077	0.00287941082825	0.000207649819345	0	0	0	3.46083032241e-06	2.42258122569e-05	2.07649819345e-05	4.49907941913e-05	6.92166064482e-06	2.76866425793e-05	3.46083032241e-06	3.46083032241e-06	0.000242258122569	0	3.11474729017e-05	0.000481055414815	2.42258122569e-05	0.00125628140704	0	4.84516245138e-05	3.46083032241e-05	0.000349543862564	3.46083032241e-05	0.000211110649667	0.00230491299473	0.0014050971109	4.49907941913e-05	0.000280327256115	0.000484516245138	3.46083032241e-06	0	6.92166064482e-06	4.15299638689e-05	0.00403878898625	0.00255755360826	0.00563423176489	0.00119052563091	6.92166064482e-06	0	0	6.92166064482e-05	3.46083032241e-05	4.84516245138e-05	3.11474729017e-05	0	3.46083032241e-06	0
0.000204188989022	5.8834115481e-05	7.6138267093e-05	0	1.03824909672e-05	0	7.95990974155e-05	0.000231875631602	0.000169580685798	3.11474729017e-05	0.000647175270291	0.00442986281269	0.000141894043219	0.000245718952891	0.000532967869651	3.46083032241e-06	6.92166064482e-05	0.000190345667733	0.00806719548154	0.00322895469081	0.000131511552252	3.80691335465e-05	8.65207580603e-05	0.000103824909672	0.000107285739995	4.49907941913e-05	0.00341930035854	0.000626410288356	0.000173041516121	0.000366848014176	8.30599277379e-05	1.73041516121e-05	0	3.46083032241e-06	0.00136356714703	0	0.00028724891676	0	0	0	0	0	6.92166064482e-06	0	1.38433212896e-05	0	0.00011420740064	0	0.00038761299611	0	0	3.46083032241e-06	0	5.19124548362e-05	3.11474729017e-05	0	0	1.03824909672e-05	0	1.38433212896e-05	0.000422221299334	0.000190345667733	0.00048797707546	1.38433212896e-05	0	3.46083032241e-06	0.000107285739995	0	0	3.46083032241e-06	0.00110400487285	0.00118360397026	0.00219070559409	0.000276866425793	0	0	6.92166064482e-06	9.34424187051e-05	2.07649819345e-05	2.76866425793e-05	2.07649819345e-05	0	6.92166064482e-06	0
0.00131511552252	0.0002007281587	0.00028724891676	0	2.42258122569e-05	2.07649819345e-05	0.000162659025153	0.00172003267024	0.00028724891676	0.000214571479989	0.00116629981865	0.0100121821227	0.000145354873541	0.000764843501253	0.00172003267024	1.38433212896e-05	0.000411838808367	0.007288508659	0.00322895469081	0.0294793526863	0.000103824909672	0.00128396804961	0.00047413375417	0.00152622617218	0.000726774367706	7.6138267093e-05	0.0174875756191	0.00379653086368	0.00132895884381	0.00171657183992	0.00166465938508	3.46083032241e-06	0	6.57557761258e-05	0.0127462380774	3.46083032241e-06	0.000550272021263	3.46083032241e-06	0	2.42258122569e-05	0	6.92166064482e-06	2.07649819345e-05	1.38433212896e-05	6.92166064482e-05	6.92166064482e-06	0.000173041516121	1.73041516121e-05	0.000391073826432	1.03824909672e-05	0	1.03824909672e-05	1.03824909672e-05	4.49907941913e-05	0.000235336461924	1.73041516121e-05	1.03824909672e-05	3.80691335465e-05	3.11474729017e-05	8.99815883827e-05	0.000757921840608	0.00104170992705	0.00112130902446	7.26774367706e-05	6.92166064482e-06	2.07649819345e-05	0.000221493140634	0	0	1.73041516121e-05	0.00851710342345	0.00372039259659	0.00925772111245	0.00252640613536	1.03824909672e-05	0	1.73041516121e-05	0.00037376967482	4.15299638689e-05	0.000128050721929	0.000121129061284	0	1.73041516121e-05	3.46083032241e-06
0.000249179783214	0	0	0	0.00836828771959	3.46083032241e-05	0.0024087379044	0.000110746570317	0.00136702797735	0.00114553483672	0.00911236623891	0.000508742057394	0.0108912330246	0.000335700541274	0.00179617093733	1.73041516121e-05	0	3.46083032241e-06	0.000131511552252	0.000103824909672	0.0227445768789	2.76866425793e-05	3.46083032241e-06	0.000107285739995	0.0018065534283	1.73041516121e-05	0.000266483934826	0.000162659025153	0.00310090396888	0.000616027797389	1.73041516121e-05	2.07649819345e-05	1.38433212896e-05	1.03824909672e-05	0.000712931046417	0	3.46083032241e-06	0	0	0.00176848429475	0	0.00011420740064	0	6.57557761258e-05	0.000930963356729	3.11474729017e-05	3.46083032241e-06	0.000128050721929	1.38433212896e-05	1.03824909672e-05	4.49907941913e-05	3.46083032241e-06	0	0	6.92166064482e-06	0.000117668230962	3.11474729017e-05	6.92166064482e-06	4.84516245138e-05	0.00196921245345	3.46083032241e-06	8.99815883827e-05	2.42258122569e-05	0.000650636100613	8.30599277379e-05	3.46083032241e-06	9.34424187051e-05	0	0	4.84516245138e-05	0.00170618934895	0.000432603790301	0.00274097761535	0.00067486191287	0.000294170577405	6.22949458034e-05	6.92166064482e-06	3.11474729017e-05	2.76866425793e-05	0.000193806498055	0.000166119855476	4.49907941913e-05	3.46083032241e-06	4.84516245138e-05
0.000792530143832	3.46083032241e-06	0.00208688068441	0	3.46083032241e-06	5.8834115481e-05	0.000508742057394	0.00594916732422	0.00113861317607	0.00105555324834	0.00157121696637	0.000325318050307	6.57557761258e-05	9.69032490275e-05	0.000733696028351	3.46083032241e-06	0.00269944765148	0.00414607472625	3.80691335465e-05	0.00128396804961	2.76866425793e-05	0.0400867976245	0.00169580685798	0.0226303694782	0.00216647978183	0	0.00280673339148	0.00182731841023	0.00745462851447	0.000854825089636	0.0149507869928	0	0	8.30599277379e-05	0.0117668230962	6.57557761258e-05	7.26774367706e-05	0.000318396389662	0	1.73041516121e-05	0	1.03824909672e-05	1.73041516121e-05	4.15299638689e-05	0.000224953970957	6.92166064482e-06	1.73041516121e-05	2.76866425793e-05	3.46083032241e-06	0.000103824909672	0	0.000252640613536	0.000103824909672	1.38433212896e-05	0.000131511552252	1.73041516121e-05	0.00114899566704	0.000823677616734	0.00216647978183	0.000197267328377	5.8834115481e-05	0.000311474729017	0.00028724891676	0.000532967869651	0.000418760469012	0.000539889530296	1.03824909672e-05	0	0.00027340559547	0.000280327256115	0.00402148483464	0.00136010631671	0.00745116768415	0.00113861317607	0.000297631407727	0	0	0.000214571479989	0.000110746570317	7.26774367706e-05	7.26774367706e-05	2.07649819345e-05	1.73041516121e-05	6.92166064482e-06
3.11474729017e-05	0.00488669241524	0.00107285739995	0	6.92166064482e-06	0	2.07649819345e-05	3.11474729017e-05	2.76866425793e-05	0.00875936154602	3.11474729017e-05	0.000339161371596	1.73041516121e-05	0.000356465523208	3.80691335465e-05	4.15299638689e-05	0.0124659108213	0.000439525450946	8.65207580603e-05	0.00047413375417	3.46083032241e-06	0.00169580685798	0.0371589351717	0.0110711962014	0.0118221963814	0.000650636100613	0.00123897725542	0.0138121738167	0.00332585793984	2.76866425793e-05	0.00038761299611	0	0	0	0.000422221299334	8.30599277379e-05	0.0027029084818	4.49907941913e-05	0	6.92166064482e-06	3.46083032241e-06	2.42258122569e-05	2.76866425793e-05	0.000110746570317	0.00164735523347	0	2.07649819345e-05	6.92166064482e-06	0.00010036407935	8.30599277379e-05	0	0.00600454060938	0.00010036407935	2.07649819345e-05	3.11474729017e-05	6.92166064482e-06	0.0025783185902	0.0154491465592	0.00733696028351	0.00204535072054	0.000231875631602	0.000391073826432	0.00428104710882	0.00211456732699	0.000138433212896	0.000595262815455	1.38433212896e-05	0	4.49907941913e-05	0.000103824909672	0.000716391876739	0.000259562274181	0.000436064620624	6.57557761258e-05	3.80691335465e-05	0	3.11474729017e-05	0.000263023104503	0.000349543862564	7.95990974155e-05	3.11474729017e-05	6.92166064482e-06	1.03824909672e-05	0
0.0010347882664	0.000304553068372	0.0128846712903	0	1.03824909672e-05	8.30599277379e-05	0.00112476985478	0.00739925522931	0.00309398230824	0.000993258302532	0.00345736949209	0.000453368772236	0.000159198194831	0.000141894043219	0.00158506028766	6.92166064482e-06	0.00768304331575	0.0151653584728	0.000103824909672	0.00152622617218	0.000107285739995	0.0226303694782	0.0110711962014	0.0859739468693	0.00357849855337	1.38433212896e-05	0.00502858645846	0.0250564115343	0.00742002021125	0.000882511732215	0.0104101776098	0	6.92166064482e-06	1.03824909672e-05	0.0100848595595	6.22949458034e-05	0.000719852707061	0.00240527707408	0	2.76866425793e-05	0	3.11474729017e-05	8.30599277379e-05	0.000169580685798	0.000166119855476	1.38433212896e-05	2.76866425793e-05	4.84516245138e-05	3.46083032241e-05	0.000131511552252	0	0.00388305162175	0.000377230505143	1.03824909672e-05	0.000238797292246	3.80691335465e-05	0.00105209241801	0.0128466021568	0.00882511732215	0.000325318050307	0.000169580685798	0.000764843501253	0.00829561028282	0.000577958663843	0.000304553068372	0.000397995487077	1.03824909672e-05	0	0.000176502346443	0.000276866425793	0.015736395476	0.00207649819345	0.00824715865831	0.00128396804961	0.000432603790301	3.11474729017e-05	4.15299638689e-05	0.000882511732215	0.0006021844761	0.000754461010286	0.00068870523416	2.42258122569e-05	7.95990974155e-05	3.11474729017e-05
0.00176156263411	0.00211456732699	0.0015746777967	0	0.00308013898695	6.57557761258e-05	0.00057449783352	0.00336738790371	0.00230491299473	0.0224192588286	0.002640613536	0.00078906931351	0.00229106967344	0.000505281227072	0.00351274277725	0.000996719132854	0.00951036172599	0.000550272021263	0.000107285739995	0.000726774367706	0.0018065534283	0.00216647978183	0.0118221963814	0.00357849855337	0.0566088015837	6.92166064482e-05	0.00136010631671	0.00512202887717	0.0196194470977	0.00572075252295	0.00204188989022	2.42258122569e-05	0	0.00121129061284	0.00327740631532	7.95990974155e-05	0.000858285919958	3.80691335465e-05	0	0.000647175270291	0	4.84516245138e-05	0.000176502346443	0.000311474729017	0.0077834073951	5.19124548362e-05	4.49907941913e-05	9.69032490275e-05	1.38433212896e-05	0.000221493140634	6.92166064482e-06	0.00267522183922	2.42258122569e-05	1.38433212896e-05	3.46083032241e-05	4.15299638689e-05	0.00111784819414	0.00349197779531	0.00142932292316	0.00845826930797	6.57557761258e-05	0.000332239710951	0.00106247490898	0.00541619945457	0.000290709747083	0.00100710162382	7.6138267093e-05	0	9.69032490275e-05	0.000231875631602	0.00664479421903	0.000730235198029	0.00314589476307	0.000827138447056	0.00057449783352	2.07649819345e-05	1.38433212896e-05	0.000955189168985	0.000117668230962	0.000121129061284	0.000128050721929	4.49907941913e-05	3.46083032241e-06	1.03824909672e-05
6.92166064482e-06	0.0013428021651	3.80691335465e-05	0	0	0	1.38433212896e-05	1.38433212896e-05	4.49907941913e-05	0.000418760469012	5.19124548362e-05	0.00102440577543	1.38433212896e-05	0.00418414385979	3.11474729017e-05	0	2.07649819345e-05	0	4.49907941913e-05	7.6138267093e-05	1.73041516121e-05	0	0.000650636100613	1.38433212896e-05	6.92166064482e-05	0.00834752273766	0.00151584368122	0.00241912039537	3.46083032241e-06	5.8834115481e-05	3.46083032241e-06	8.65207580603e-05	3.46083032241e-06	0	0.00011420740064	0	0.00086174675028	0	0	0	0	0	0	1.03824909672e-05	6.57557761258e-05	0	0.000346083032241	3.46083032241e-06	0.00239489458311	1.38433212896e-05	0	0	0	2.76866425793e-05	3.46083032241e-06	3.46083032241e-06	0	6.57557761258e-05	0	5.53732851586e-05	0.00165773772443	0.00028724891676	0.00110746570317	6.92166064482e-06	1.38433212896e-05	0	0.000332239710951	0	0	1.73041516121e-05	3.46083032241e-05	0.00118706480059	0.000183424007088	0	0	0	0.000671401082548	0	0.000190345667733	3.46083032241e-06	0	0	0	3.46083032241e-05
0.0027029084818	0.00110746570317	0.0115868599194	0	2.42258122569e-05	1.03824909672e-05	0.00028724891676	0.00485208411202	0.000726774367706	0.000532967869651	0.00193460415023	0.00757575757576	0.000283788086438	0.00721929205255	0.00294170577405	6.92166064482e-06	0.000830599277379	0.0138087129864	0.00341930035854	0.0174875756191	0.000266483934826	0.00280673339148	0.00123897725542	0.00502858645846	0.00136010631671	0.00151584368122	0.0770277004859	0.0279808131567	0.00151584368122	0.00135318465606	0.00433295956366	0.000526046209006	0	6.57557761258e-05	0.0102994310395	4.15299638689e-05	0.0131476943948	0.000121129061284	0	3.11474729017e-05	0	4.49907941913e-05	3.11474729017e-05	1.73041516121e-05	9.69032490275e-05	3.11474729017e-05	0.000951728338663	6.57557761258e-05	0.00277212508825	8.65207580603e-05	0	6.92166064482e-05	0.000159198194831	0.00194498664119	0.00257485775987	6.57557761258e-05	2.42258122569e-05	8.99815883827e-05	7.26774367706e-05	0.000166119855476	0.013718731398	0.0116076249014	0.0168057920456	0.000124589891607	0.000145354873541	7.95990974155e-05	0.00159544277863	0	6.92166064482e-06	0.000173041516121	0.00915389620278	0.0111265694866	0.0085240250841	0.00209380234506	6.92166064482e-06	0	2.76866425793e-05	0.000380691335465	0.000134972382574	0.000256101443858	0.000162659025153	0	2.07649819345e-05	2.42258122569e-05
0.000481055414815	0.00819870703379	0.0161966859089	0	1.38433212896e-05	6.92166064482e-06	0.000283788086438	0.000837520938023	0.000321857219984	0.0018377009012	0.000550272021263	0.00183077924056	0.000231875631602	0.00565499674682	0.000622949458034	3.11474729017e-05	0.0068109140745	0.00693896479643	0.000626410288356	0.00379653086368	0.000162659025153	0.00182731841023	0.0138121738167	0.0250564115343	0.00512202887717	0.00241912039537	0.0279808131567	0.102990849565	0.00244680703794	0.000339161371596	0.00111438736382	0.000145354873541	6.92166064482e-06	2.42258122569e-05	0.00382421750626	2.42258122569e-05	0.0287629608096	0.000667940252225	0	6.92166064482e-06	0	1.73041516121e-05	6.22949458034e-05	0.000128050721929	0.000380691335465	3.46083032241e-06	0.000612566967067	1.03824909672e-05	0.00221839223667	6.92166064482e-05	3.46083032241e-06	0.0027790467489	0.000145354873541	0.000681783573515	0.000754461010286	1.38433212896e-05	0.000107285739995	0.00876974403699	0.0027029084818	0.000498359566427	0.0106005232775	0.00626756371389	0.0378822487091	0.000242258122569	5.8834115481e-05	9.69032490275e-05	0.000695626894805	0	1.03824909672e-05	0.000141894043219	0.00953458753824	0.0045094619101	0.00355427274112	0.000553732851586	0.000256101443858	5.53732851586e-05	2.07649819345e-05	0.000647175270291	0.000598723645777	0.00068870523416	0.0006021844761	1.38433212896e-05	6.57557761258e-05	4.49907941913e-05
0.00363387183853	0.000242258122569	0.00294516660437	0	0.00292094079211	0.00027340559547	0.00385536497917	0.0218101526918	0.00863131082409	0.0127081689439	0.0124278416878	0.00105209241801	0.000584880324487	0.000515663718039	0.00492822237911	0.000183424007088	0.00270636931213	0.00119744729155	0.000173041516121	0.00132895884381	0.00310090396888	0.00745462851447	0.00332585793984	0.00742002021125	0.0196194470977	3.46083032241e-06	0.00151584368122	0.00244680703794	0.0703067679998	0.00564461425585	0.00975608067888	2.42258122569e-05	3.46083032241e-06	0.000937885017373	0.00712931046417	0.000290709747083	0.000110746570317	0.000190345667733	0	0.00138779295929	0	0.000204188989022	0.000636792779324	0.000650636100613	0.00989451389177	8.99815883827e-05	8.30599277379e-05	0.000117668230962	3.46083032241e-05	0.000522585378684	4.15299638689e-05	0.00310090396888	9.34424187051e-05	2.42258122569e-05	2.07649819345e-05	0.000128050721929	0.000394534656755	0.00211802815732	0.000526046209006	0.00833367941637	7.95990974155e-05	0.000269944765148	0.000505281227072	0.00564807508617	0.0010036407935	0.00199689909603	9.69032490275e-05	0	0.000339161371596	0.000820216786411	0.00589725486939	0.000664479421903	0.007181222919	0.00183077924056	0.00027340559547	7.26774367706e-05	1.03824909672e-05	0.00179617093733	0.000311474729017	0.000346083032241	0.000166119855476	1.73041516121e-05	0.000103824909672	2.07649819345e-05
0.00776264241317	3.46083032241e-06	7.95990974155e-05	0	0.000252640613536	6.57557761258e-05	0.000830599277379	0.00348851696499	0.00440217617011	0.0038138350153	0.00838905270152	0.00499397815524	0.000719852707061	0.0021007240057	0.0153903124438	0.000522585378684	2.42258122569e-05	0.000522585378684	0.000366848014176	0.00171657183992	0.000616027797389	0.000854825089636	2.76866425793e-05	0.000882511732215	0.00572075252295	5.8834115481e-05	0.00135318465606	0.000339161371596	0.00564461425585	0.0345183216357	0.00336738790371	0.000107285739995	0.000359926353531	0.00180309259798	0.010680122375	3.46083032241e-06	7.95990974155e-05	2.07649819345e-05	0	6.92166064482e-05	0	2.76866425793e-05	2.42258122569e-05	0.000190345667733	0.00104170992705	2.07649819345e-05	1.73041516121e-05	1.38433212896e-05	5.19124548362e-05	5.8834115481e-05	0	0.000221493140634	3.46083032241e-06	0	1.73041516121e-05	2.42258122569e-05	2.42258122569e-05	1.38433212896e-05	3.46083032241e-05	0.00113861317607	0.000148815703864	0.000297631407727	0.000166119855476	0.000598723645777	6.22949458034e-05	0.000148815703864	0.000218032310312	0	3.46083032241e-06	5.19124548362e-05	0.000699087725127	0.00124935974639	0.00763113086092	0.000699087725127	0.000249179783214	0.000235336461924	4.49907941913e-05	0.000325318050307	3.11474729017e-05	4.15299638689e-05	2.76866425793e-05	0	6.92166064482e-06	3.46083032241e-06
0.00538505198167	7.6138267093e-05	0.00336046624306	0	0	7.26774367706e-05	0.000747539349641	0.016380109916	0.0030732173263	0.00331893627919	0.00303168736243	0.000377230505143	6.57557761258e-05	5.8834115481e-05	0.00377922671207	0.000141894043219	8.30599277379e-05	0.00578304746875	8.30599277379e-05	0.00166465938508	1.73041516121e-05	0.0149507869928	0.00038761299611	0.0104101776098	0.00204188989022	3.46083032241e-06	0.00433295956366	0.00111438736382	0.00975608067888	0.00336738790371	0.0458663842629	0	0	0.00058834115481	0.010970832122	0.000269944765148	7.95990974155e-05	0.000484516245138	0	0	0	4.84516245138e-05	0.00027340559547	0.000207649819345	0.00276866425793	6.92166064482e-06	1.73041516121e-05	1.38433212896e-05	3.46083032241e-06	0.000311474729017	0	0.000809834295444	0.000207649819345	2.07649819345e-05	0.000155737364508	2.07649819345e-05	0.000771765161898	7.6138267093e-05	0.000744078519318	0.00154699115412	3.80691335465e-05	0.000404917147722	0.000121129061284	0.00126320306768	0.000377230505143	0.00116976064897	6.92166064482e-06	0	0.000141894043219	0.000238797292246	0.00161274693024	0.000982875811565	0.0051116463862	0.00107631823027	0.000221493140634	3.46083032241e-06	3.46083032241e-06	0.000681783573515	0.000193806498055	8.65207580603e-05	3.80691335465e-05	0	6.92166064482e-06	3.46083032241e-06
3.46083032241e-06	6.92166064482e-06	3.46083032241e-06	0	6.92166064482e-06	0	5.19124548362e-05	1.03824909672e-05	1.38433212896e-05	1.03824909672e-05	0.000121129061284	0.000169580685798	1.03824909672e-05	0.000117668230962	6.92166064482e-06	0	0	0	1.73041516121e-05	3.46083032241e-06	2.07649819345e-05	0	0	0	2.42258122569e-05	8.65207580603e-05	0.000526046209006	0.000145354873541	2.42258122569e-05	0.000107285739995	0	0.00076138267093	0	0	0.000117668230962	0	3.11474729017e-05	0	0	0	0	0	0	0	0	0	3.11474729017e-05	0	0.000207649819345	0	0	0	0	1.38433212896e-05	0	0	0	0	0	1.03824909672e-05	0.00010036407935	6.57557761258e-05	7.6138267093e-05	1.03824909672e-05	0	0	8.99815883827e-05	0	0	0	0	0.000259562274181	0.00011420740064	0	0	0	0	0	0	0	0	0	0	0
