0.0170344956314	4.44416791844e-06	6.22183508582e-05	0	3.11091754291e-05	6.66625187766e-05	0.00218653061587	0.004795257184	0.00309758503915	0.00028442674678	0.000559965157724	1.33325037553e-05	0.000493302638947	0	0.00379976357027	0.000479970135192	0.000102215862124	3.11091754291e-05	0	4.44416791844e-06	9.77716942057e-05	0.00025776173927	0.000124436701716	0.00019998755633	0.000813282729075	0	2.66650075106e-05	2.22208395922e-05	0.00076884104989	0.00713733367702	0.00359533184602	0	1.77766716738e-05	0.00241762734763	0.00175544632778	0	0	0	0	0	0	0	8.88833583688e-06	0	5.77741829397e-05	0	0	4.44416791844e-06	0	0	0	1.33325037553e-05	0	0	0	0	8.88833583688e-06	3.55533433475e-05	1.33325037553e-05	1.33325037553e-05	0	0	4.44416791844e-06	2.22208395922e-05	4.44416791844e-06	1.77766716738e-05	0	0	4.44416791844e-06	8.88833583688e-06	0.000919942759117	6.66625187766e-05	0.00104437946083	0.000253317571351	0.000488858471028	6.22183508582e-05	8.88833583688e-06	1.33325037553e-05	0	0	0	0	0	0
4.44416791844e-06	0.0147057516421	0.00191988054077	0	0	0	8.88833583688e-06	2.66650075106e-05	4.44416791844e-06	6.66625187766e-05	4.44416791844e-06	0.000297759250536	0	0.000106660030043	8.88833583688e-06	8.88833583688e-06	0.000111104197961	0.0010843769721	4.88858471028e-05	0.000631071844419	0	0.000231096731759	0.00173322548819	0.000835503568667	2.66650075106e-05	0.000608851004826	0.00298203667327	0.00596851751447	6.22183508582e-05	1.77766716738e-05	9.77716942057e-05	0	0	1.33325037553e-05	0.00119103700214	0	0.00203542890665	0.000271094243025	0	0	0	0	4.44416791844e-06	0	4.44416791844e-06	0	0.000106660030043	0	0.000151101709227	0	0	3.9997511266e-05	0.000173322548819	2.66650075106e-05	0.000111104197961	0	1.33325037553e-05	0.000146657541309	0.000133325037553	4.44416791844e-06	0.000746620210298	0.000813282729075	0.00115992782671	0	4.44416791844e-06	1.33325037553e-05	0	0	0	6.66625187766e-05	0.000297759250536	0.00111993031545	0.000719955202787	0.000235540899677	1.77766716738e-05	8.88833583688e-06	4.44416791844e-06	5.33300150213e-05	0.000386642608904	0.000111104197961	2.66650075106e-05	0	0	0
6.22183508582e-05	0.00191988054077	0.0294870541389	0	0	0	1.33325037553e-05	0.000182210884656	8.88833583688e-06	7.99950225319e-05	0	0.000146657541309	8.88833583688e-06	1.33325037553e-05	3.11091754291e-05	1.77766716738e-05	0.000395530944741	0.00340867679344	1.77766716738e-05	0.000457749295599	0	0.00150657292435	0.00119992533798	0.0101238145182	0.000128880869635	3.11091754291e-05	0.00615961673496	0.0109059880719	0.000262205907188	8.44391904504e-05	0.000715511034869	4.44416791844e-06	0	7.55508546135e-05	0.00420862701876	4.44416791844e-06	0.00110215364377	0.000217764228004	0	0	0	0	8.88833583688e-06	0	4.44416791844e-06	0	8.88833583688e-06	0	1.33325037553e-05	4.44416791844e-06	0	4.44416791844e-05	4.44416791844e-05	4.44416791844e-06	2.22208395922e-05	0	0	0.000213320060085	0.000106660030043	1.33325037553e-05	0.000133325037553	0.000262205907188	0.000595518501071	0	0	4.44416791844e-06	0	0	0	2.66650075106e-05	0.00198209889162	0.00223097229506	0.0031820242296	0.00119103700214	0.000128880869635	5.77741829397e-05	0	8.88833583688e-05	0.00019998755633	8.88833583688e-05	1.77766716738e-05	0	4.44416791844e-06	8.88833583688e-06
0	0	0	0	0	0	0	0	0	0	0	0	0	0	0	0	0	0	0	0	0	0	0	0	0	0	0	0	0	0	0	0	0	0	0	0	0	0	0	0	0	0	0	0	0	0	0	0	0	0	0	0	0	0	0	0	0	0	0	0	0	0	0	0	0	0	0	0	0	0	0	0	0	0	0	0	0	0	0	0	0	0	0	0
3.11091754291e-05	0	0	0	0.00751064378216	0	0.000208875892167	0.000386642608904	8.88833583688e-05	0.000146657541309	0.00321313340503	0	0.00125769952092	0	2.66650075106e-05	1.77766716738e-05	8.88833583688e-06	0	0	0	0.00386198192112	1.33325037553e-05	1.33325037553e-05	0	0.0016621188015	0	0	0	0.00207542641791	1.77766716738e-05	2.66650075106e-05	0	0	1.33325037553e-05	1.77766716738e-05	0	0	0	0	0.00121325784173	0	4.44416791844e-06	1.33325037553e-05	0	3.11091754291e-05	3.11091754291e-05	0	8.88833583688e-06	0	0	0	0	0	0	0	5.77741829397e-05	0	0	0	3.55533433475e-05	0	0	0	1.33325037553e-05	0	0	0	0	0	4.44416791844e-06	2.22208395922e-05	0	4.44416791844e-06	0	2.22208395922e-05	0	0	0	0	0	0	0	0	0
6.66625187766e-05	0	0	0	0	0.00647515265717	0.00357311100643	1.33325037553e-05	0.00244429235514	4.44416791844e-06	1.33325037553e-05	3.11091754291e-05	2.66650075106e-05	4.44416791844e-06	0.00103993529292	0.000848836072422	4.44416791844e-06	1.33325037553e-05	0	0	0	0	0	1.77766716738e-05	4.44416791844e-06	4.44416791844e-06	0	0	4.44416791844e-06	0.00116437199463	0	0	0.00234652066094	2.22208395922e-05	0.000586630165234	0	4.44416791844e-06	0	0	0	0	0	0	0	4.44416791844e-06	0	0	0	0	0	0	0	0	0	0	0	0	4.44416791844e-06	0	4.44416791844e-06	4.44416791844e-06	0	4.44416791844e-06	4.44416791844e-06	0	0	0	0	0	0	3.55533433475e-05	8.88833583688e-06	0.000248873403433	3.9997511266e-05	0.000537744318131	0.000288870914699	0	0	0	0	0	0	0	0
0.00218653061587	8.88833583688e-06	1.33325037553e-05	0	0.000208875892167	0.00357311100643	0.0448372101291	0.00356866683851	0.0208609242092	0.000262205907188	0.0130569653444	7.55508546135e-05	0.00747953460674	0	0.00771063133849	0.00351089265557	3.55533433475e-05	3.55533433475e-05	0	1.33325037553e-05	0.0015910121148	5.33300150213e-05	1.77766716738e-05	7.11066866951e-05	0.000662181019848	0	2.22208395922e-05	0	0.00100882611749	0.00343978596887	0.00042664012017	0	0.00154657043562	0.00048441430311	0.00199098722746	0	4.44416791844e-06	0	0	4.44416791844e-05	0	0	8.88833583688e-06	0	3.55533433475e-05	0	0	3.11091754291e-05	4.44416791844e-06	0	0	4.44416791844e-06	0	0	0	4.44416791844e-06	4.44416791844e-06	1.77766716738e-05	4.44416791844e-06	1.77766716738e-05	4.44416791844e-06	0	4.44416791844e-06	1.33325037553e-05	0	8.88833583688e-06	0	0	0	0	0.000466637631436	2.22208395922e-05	0.00111548614753	0.000195543388411	0.000644404348174	0.000373310105149	4.44416791844e-06	4.44416791844e-06	4.44416791844e-06	4.44416791844e-06	0	0	0	0
0.004795257184	2.66650075106e-05	0.000182210884656	0	0.000386642608904	1.33325037553e-05	0.00356866683851	0.0446416667407	0.00363088518937	0.00237762983637	0.006266276765	4.44416791844e-06	0.00143991040557	1.33325037553e-05	0.00311980587875	0.000306647586372	0.00054218848605	9.77716942057e-05	0	8.88833583688e-06	0.00109326530794	0.000871056912014	0.00074217604238	0.000799950225319	0.00899055169901	0	4.88858471028e-05	0.000124436701716	0.0119503675327	0.00177766716738	0.00966162105469	0	1.33325037553e-05	0.00164434212982	0.00274205160568	1.33325037553e-05	4.44416791844e-06	0	0	3.9997511266e-05	0	8.88833583688e-06	0.000124436701716	4.44416791844e-06	0.000666625187766	4.44416791844e-06	0	3.9997511266e-05	0	0	0	5.33300150213e-05	0	0	0	8.88833583688e-06	3.9997511266e-05	0.000213320060085	5.33300150213e-05	0.000297759250536	0	0	4.44416791844e-06	0.000151101709227	8.88833583688e-06	0.000111104197961	0	0	8.88833583688e-06	2.66650075106e-05	0.0016621188015	0.000186655052575	0.00147990791684	0.000479970135192	0.000724399370706	6.66625187766e-05	4.44416791844e-06	3.11091754291e-05	8.88833583688e-06	2.22208395922e-05	1.33325037553e-05	1.33325037553e-05	4.44416791844e-06	0
0.00309758503915	4.44416791844e-06	8.88833583688e-06	0	8.88833583688e-05	0.00244429235514	0.0208609242092	0.00363088518937	0.0400330646093	0.000164434212982	0.00352422515932	0.000115548365879	0.00193321304452	1.33325037553e-05	0.0175011332628	0.00199543139538	4.44416791844e-05	2.66650075106e-05	1.33325037553e-05	3.9997511266e-05	0.000493302638947	6.22183508582e-05	4.88858471028e-05	7.11066866951e-05	0.000608851004826	4.44416791844e-06	3.55533433475e-05	1.77766716738e-05	0.000599962668989	0.00467082048228	0.000511079310621	0	0.00175544632778	0.000524411814376	0.00215097727253	0	4.44416791844e-06	0	0	1.77766716738e-05	0	0	4.44416791844e-06	0	4.88858471028e-05	0	0	4.44416791844e-06	4.44416791844e-06	0	0	4.44416791844e-06	0	0	0	0	8.88833583688e-06	1.77766716738e-05	8.88833583688e-06	1.77766716738e-05	4.44416791844e-06	0	4.44416791844e-06	1.77766716738e-05	0	8.88833583688e-06	0	0	0	0	0.000555520989805	4.88858471028e-05	0.00104882362875	0.000195543388411	0.000551076821887	0.000391086776823	0	4.44416791844e-06	0	0	0	4.44416791844e-06	0	0
0.00028442674678	6.66625187766e-05	7.99950225319e-05	0	0.000146657541309	4.44416791844e-06	0.000262205907188	0.00237762983637	0.000164434212982	0.0170522723031	0.000253317571351	8.88833583688e-06	0.00110659781169	4.44416791844e-06	0.000128880869635	0.000511079310621	0.000564409325642	1.77766716738e-05	0	0	0.000191099220493	0.000288870914699	0.00401308363035	0.000466637631436	0.00964384438302	0	1.33325037553e-05	0.000288870914699	0.00208875892167	0.000177766716738	0.000804394393238	0	0	0.000155545877145	0.000782173553646	0.000102215862124	3.55533433475e-05	2.66650075106e-05	0	3.11091754291e-05	0	8.88833583688e-06	0.000422195952252	2.66650075106e-05	0.00200876389914	1.77766716738e-05	8.88833583688e-06	3.11091754291e-05	0	4.88858471028e-05	8.88833583688e-06	0.000315535922209	0	0	0	3.55533433475e-05	0.000177766716738	0.00123103451341	0.000239985067596	0.00103993529292	4.44416791844e-06	0	4.88858471028e-05	0.000502190974784	6.66625187766e-05	0.000497746806865	0	0	3.55533433475e-05	0.000151101709227	0.000475525967273	8.88833583688e-05	0.000306647586372	0.000106660030043	0.000751064378216	8.88833583688e-06	0	0.000102215862124	3.11091754291e-05	7.11066866951e-05	4.44416791844e-05	3.55533433475e-05	1.33325037553e-05	0
0.000559965157724	4.44416791844e-06	0	0	0.00321313340503	1.33325037553e-05	0.0130569653444	0.006266276765	0.00352422515932	0.000253317571351	0.0424551361249	4.44416791844e-06	0.0135369354796	0	0.000675513523603	0.000177766716738	1.77766716738e-05	8.88833583688e-06	0	0	0.00855057907508	2.22208395922e-05	2.66650075106e-05	2.22208395922e-05	0.00131102953594	0	4.44416791844e-06	0	0.00639515763464	0.000208875892167	0.000191099220493	0	4.44416791844e-06	0.000186655052575	0.000208875892167	0	0	0	0	0.000635516012337	0	4.44416791844e-06	8.88833583688e-06	0	5.77741829397e-05	3.55533433475e-05	0	0.000355533433475	0	0	0	0	0	0	0	2.22208395922e-05	4.44416791844e-06	8.88833583688e-06	4.44416791844e-06	3.11091754291e-05	0	0	0	8.88833583688e-06	0	1.77766716738e-05	0	0	0	0	0.000137769205472	0	0.000115548365879	2.22208395922e-05	0.000164434212982	3.11091754291e-05	4.44416791844e-06	0	0	0	0	0	0	0
1.33325037553e-05	0.000297759250536	0.000146657541309	0	0	3.11091754291e-05	7.55508546135e-05	4.44416791844e-06	0.000115548365879	8.88833583688e-06	4.44416791844e-06	0.0285804438835	4.44416791844e-06	0.00564853742434	0.000119992533798	3.11091754291e-05	0	0.00135991538304	0.00354644599892	0.00852391406757	0	1.77766716738e-05	4.44416791844e-06	6.66625187766e-05	0	0.00187099469366	0.0086750157768	0.00166656296942	4.44416791844e-06	0.00025776173927	1.77766716738e-05	0.000431084288089	2.66650075106e-05	3.11091754291e-05	0.00764396881972	0	5.77741829397e-05	8.88833583688e-06	0	0	0	0	4.44416791844e-06	0	8.88833583688e-06	0	0.00028442674678	0	0.000519967646458	0	0	4.44416791844e-06	8.88833583688e-06	3.9997511266e-05	3.55533433475e-05	0	0	4.44416791844e-06	4.44416791844e-06	4.44416791844e-06	0.00108882114002	0.00034220092972	0.000275538410943	0	0	0	8.88833583688e-06	0	0	2.22208395922e-05	0.000271094243025	0.00176877883154	0.0033509026105	0.000564409325642	5.33300150213e-05	5.33300150213e-05	0.000373310105149	8.88833583688e-06	0.000191099220493	7.55508546135e-05	8.88833583688e-06	0	4.44416791844e-06	4.44416791844e-06
0.000493302638947	0	8.88833583688e-06	0	0.00125769952092	2.66650075106e-05	0.00747953460674	0.00143991040557	0.00193321304452	0.00110659781169	0.0135369354796	4.44416791844e-06	0.0338867803781	0	0.000613295172745	0.000853280240341	0	8.88833583688e-06	0	0	0.00828392899997	2.66650075106e-05	0	2.66650075106e-05	0.00131102953594	0	4.44416791844e-06	8.88833583688e-06	0.000835503568667	0.000235540899677	0.000159990045064	0	0	0.000146657541309	0.000262205907188	4.44416791844e-06	0	0	0	0.000604406836908	0	1.33325037553e-05	3.55533433475e-05	8.88833583688e-06	8.44391904504e-05	5.33300150213e-05	0	0.00186210635783	0	0	4.44416791844e-06	4.44416791844e-06	0	0	0	0.000408863448497	4.44416791844e-06	4.44416791844e-06	4.44416791844e-06	0.000102215862124	0	0	0	2.66650075106e-05	0	2.22208395922e-05	0	0	0	0	0.000124436701716	4.44416791844e-06	0.000173322548819	2.66650075106e-05	0.000511079310621	8.88833583688e-06	0	0	0	0	0	4.44416791844e-06	0	0
0	0.000106660030043	1.33325037553e-05	0	0	4.44416791844e-06	0	1.33325037553e-05	1.33325037553e-05	4.44416791844e-06	0	0.00564853742434	0	0.0137458113717	2.66650075106e-05	4.44416791844e-06	8.88833583688e-06	0.000146657541309	0.000239985067596	0.000715511034869	0	1.77766716738e-05	1.33325037553e-05	8.88833583688e-05	8.88833583688e-06	0.00165323046566	0.00323091007671	0.00178211133529	1.33325037553e-05	1.77766716738e-05	1.33325037553e-05	0.000777729385727	0	1.33325037553e-05	0.000804394393238	0	2.22208395922e-05	1.33325037553e-05	0	0	0	0	0	0	4.44416791844e-06	0	0.000271094243025	0	0.00139991289431	0	0	8.88833583688e-06	4.44416791844e-06	2.22208395922e-05	2.66650075106e-05	0	0	8.88833583688e-06	0	0	0.000515523478539	0.000133325037553	0.000133325037553	0	4.44416791844e-06	0	0	0	0	8.88833583688e-06	0.000319980090128	0.000595518501071	0.000839947736585	0.000635516012337	1.33325037553e-05	3.9997511266e-05	0.000137769205472	7.99950225319e-05	0.000128880869635	9.77716942057e-05	3.9997511266e-05	0	0	0.000124436701716
0.00379976357027	8.88833583688e-06	3.11091754291e-05	0	2.66650075106e-05	0.00103993529292	0.00771063133849	0.00311980587875	0.0175011332628	0.000128880869635	0.000675513523603	0.000119992533798	0.000613295172745	2.66650075106e-05	0.0283937888309	0.00128880869635	4.88858471028e-05	3.9997511266e-05	1.33325037553e-05	2.66650075106e-05	0.000115548365879	8.88833583688e-05	6.22183508582e-05	7.99950225319e-05	0.00039997511266	0	3.9997511266e-05	2.22208395922e-05	0.000368865937231	0.00727510288249	0.000528855982294	0	0.001035491125	0.000906610255362	0.0023376323251	0	0	0	0	4.44416791844e-06	0	0	0	0	3.55533433475e-05	0	0	0	4.44416791844e-06	0	0	1.33325037553e-05	0	0	0	0	0	2.66650075106e-05	0	1.77766716738e-05	0	0	0	1.77766716738e-05	0	4.44416791844e-06	0	0	0	0	0.000631071844419	4.44416791844e-05	0.00118659283422	0.000239985067596	0.000648848516092	0.000244429235514	4.44416791844e-06	8.88833583688e-06	0	0	0	0	0	0
0.000479970135192	8.88833583688e-06	1.77766716738e-05	0	1.77766716738e-05	0.000848836072422	0.00351089265557	0.000306647586372	0.00199543139538	0.000511079310621	0.000177766716738	3.11091754291e-05	0.000853280240341	4.44416791844e-06	0.00128880869635	0.00739509541629	2.22208395922e-05	1.77766716738e-05	4.44416791844e-06	1.33325037553e-05	4.88858471028e-05	3.55533433475e-05	1.33325037553e-05	6.66625187766e-05	0.000191099220493	0	2.22208395922e-05	3.55533433475e-05	8.88833583688e-05	0.00068440185944	0.000146657541309	0	0.000155545877145	0.000137769205472	0.000648848516092	0	0	8.88833583688e-06	0	0	0	0	4.44416791844e-06	0	2.22208395922e-05	0	4.44416791844e-06	4.44416791844e-06	0	0	0	0	4.44416791844e-06	0	0	0	4.44416791844e-06	4.44416791844e-06	8.88833583688e-06	8.88833583688e-06	0	0	0	4.44416791844e-06	0	0	0	0	0	4.44416791844e-06	0.00034220092972	2.22208395922e-05	0.000475525967273	0.000173322548819	0.00182210884656	7.11066866951e-05	4.44416791844e-06	1.77766716738e-05	4.44416791844e-06	0	8.88833583688e-06	0	0	0
0.000102215862124	0.000111104197961	0.000395530944741	0	8.88833583688e-06	4.44416791844e-06	3.55533433475e-05	0.00054218848605	4.44416791844e-05	0.000564409325642	1.77766716738e-05	0	0	8.88833583688e-06	4.88858471028e-05	2.22208395922e-05	0.0166300763508	5.77741829397e-05	0	8.88833583688e-06	4.44416791844e-06	0.00201320806705	0.00367532686855	0.00594629667487	0.00337756761801	0	6.66625187766e-05	0.00250206653808	0.00280426995654	8.88833583688e-05	0.000902166087443	0	0	0.000164434212982	0.00163545379399	4.44416791844e-06	8.88833583688e-05	4.88858471028e-05	0	0	0	0	1.77766716738e-05	0	0.000102215862124	0	0	0	0	0	0	0.000266650075106	8.88833583688e-06	0	0	0	3.55533433475e-05	0.000306647586372	0.000208875892167	3.11091754291e-05	0	1.33325037553e-05	7.99950225319e-05	1.77766716738e-05	8.88833583688e-06	3.11091754291e-05	0	0	8.88833583688e-06	2.22208395922e-05	0.00107548863626	0.000368865937231	0.000915498591199	0.000315535922209	0.000137769205472	2.22208395922e-05	0	4.44416791844e-05	3.55533433475e-05	3.11091754291e-05	1.33325037553e-05	0	0	0
3.11091754291e-05	0.0010843769721	0.00340867679344	0	0	1.33325037553e-05	3.55533433475e-05	9.77716942057e-05	2.66650075106e-05	1.77766716738e-05	8.88833583688e-06	0.00135991538304	8.88833583688e-06	0.000146657541309	3.9997511266e-05	1.77766716738e-05	5.77741829397e-05	0.0226208147049	0.00034220092972	0.00417751784333	0	0.0010132702854	0.000173322548819	0.00435972872799	5.33300150213e-05	0.000128880869635	0.00957718186424	0.00294203916201	7.55508546135e-05	9.33275262873e-05	0.000386642608904	1.33325037553e-05	0	4.44416791844e-05	0.0083150381754	0	0.000444416791844	2.66650075106e-05	0	0	0	0	0	0	0	0	3.55533433475e-05	0	5.77741829397e-05	0	0	0	1.77766716738e-05	8.88833583688e-06	8.88833583688e-06	0	4.44416791844e-06	3.11091754291e-05	2.66650075106e-05	0	0.000306647586372	0.00028442674678	0.000222208395922	0	0	8.88833583688e-06	4.44416791844e-06	0	0	2.66650075106e-05	0.00158656794688	0.00133769454345	0.00383531691361	0.00126658785676	0.000106660030043	4.44416791844e-05	8.88833583688e-06	3.9997511266e-05	9.33275262873e-05	4.44416791844e-05	8.88833583688e-06	0	0	4.44416791844e-06
0	4.88858471028e-05	1.77766716738e-05	0	0	0	0	0	1.33325037553e-05	0	0	0.00354644599892	0	0.000239985067596	1.33325037553e-05	4.44416791844e-06	0	0.00034220092972	0.00652848267219	0.0044352795826	0	0	0	0	0	0.000133325037553	0.0019287688766	0.000262205907188	0	8.88833583688e-06	0	3.55533433475e-05	4.44416791844e-06	4.44416791844e-06	0.000671069355685	0	8.88833583688e-06	0	0	0	0	0	0	0	0	0	4.44416791844e-05	0	3.55533433475e-05	0	0	0	4.44416791844e-06	8.88833583688e-06	1.33325037553e-05	0	0	0	0	0	7.55508546135e-05	3.9997511266e-05	3.11091754291e-05	0	0	0	0	0	0	4.44416791844e-06	2.22208395922e-05	7.55508546135e-05	0.000222208395922	7.11066866951e-05	4.44416791844e-06	4.44416791844e-06	0	0	3.55533433475e-05	1.33325037553e-05	0	0	0	0
4.44416791844e-06	0.000631071844419	0.000457749295599	0	0	0	1.33325037553e-05	8.88833583688e-06	3.9997511266e-05	0	0	0.00852391406757	0	0.000715511034869	2.66650075106e-05	1.33325037553e-05	8.88833583688e-06	0.00417751784333	0.0044352795826	0.019887651435	0	6.66625187766e-05	1.77766716738e-05	0.000186655052575	4.44416791844e-06	0.000564409325642	0.0110259806057	0.00219986311963	1.33325037553e-05	6.22183508582e-05	1.77766716738e-05	6.22183508582e-05	4.44416791844e-06	1.77766716738e-05	0.00548854737927	0	0.000164434212982	1.33325037553e-05	0	0	0	0	0	0	0	0	0.000146657541309	0	0.000288870914699	0	0	0	2.22208395922e-05	2.22208395922e-05	3.9997511266e-05	0	4.44416791844e-06	0	8.88833583688e-06	0	0.000702178531114	0.000368865937231	0.000293315082617	0	0	0	8.88833583688e-06	0	0	1.77766716738e-05	0.000364421769312	0.000506635142702	0.00206653808207	0.000537744318131	3.9997511266e-05	3.55533433475e-05	1.33325037553e-05	1.33325037553e-05	0.000168878380901	4.44416791844e-05	8.88833583688e-06	0	0	0
9.77716942057e-05	0	0	0	0.00386198192112	0	0.0015910121148	0.00109326530794	0.000493302638947	0.000191099220493	0.00855057907508	0	0.00828392899997	0	0.000115548365879	4.88858471028e-05	4.44416791844e-06	0	0	0	0.0167634013884	0	8.88833583688e-06	0	0.00076884104989	0	0	0	0.00251984320976	4.44416791844e-05	3.55533433475e-05	0	0	3.11091754291e-05	3.9997511266e-05	0	0	0	0	0.000617739340663	0	4.44416791844e-06	1.33325037553e-05	0	2.66650075106e-05	2.22208395922e-05	0	0.00014221337339	0	0	0	0	0	0	0	2.22208395922e-05	0	0	0	2.22208395922e-05	0	0	0	1.33325037553e-05	0	4.44416791844e-06	0	0	0	0	2.66650075106e-05	0	2.22208395922e-05	4.44416791844e-06	5.77741829397e-05	4.44416791844e-06	0	0	0	0	0	0	0	0
0.00025776173927	0.000231096731759	0.00150657292435	0	1.33325037553e-05	0	5.33300150213e-05	0.000871056912014	6.22183508582e-05	0.000288870914699	2.22208395922e-05	1.77766716738e-05	2.66650075106e-05	1.77766716738e-05	8.88833583688e-05	3.55533433475e-05	0.00201320806705	0.0010132702854	0	6.66625187766e-05	0	0.0302603393567	0.00111548614753	0.0150523967398	0.000862168576177	0	0.000422195952252	0.00111104197961	0.00609295421618	0.000355533433475	0.00836836819042	0	0	0.000279982578862	0.00711511283742	4.44416791844e-06	0.000106660030043	4.44416791844e-05	0	0	0	0	4.44416791844e-06	0	2.22208395922e-05	0	4.44416791844e-06	4.44416791844e-06	8.88833583688e-06	0	0	4.44416791844e-05	8.88833583688e-06	0	0	0	2.22208395922e-05	0.000217764228004	6.22183508582e-05	2.22208395922e-05	1.33325037553e-05	1.77766716738e-05	8.44391904504e-05	0	0	1.77766716738e-05	0	0	0	1.33325037553e-05	0.00185321802199	0.000799950225319	0.0026265032398	0.000995493613731	0.00028442674678	7.55508546135e-05	0	3.9997511266e-05	3.11091754291e-05	2.66650075106e-05	1.77766716738e-05	0	0	4.44416791844e-06
0.000124436701716	0.00173322548819	0.00119992533798	0	1.33325037553e-05	0	1.77766716738e-05	0.00074217604238	4.88858471028e-05	0.00401308363035	2.66650075106e-05	4.44416791844e-06	0	1.33325037553e-05	6.22183508582e-05	1.33325037553e-05	0.00367532686855	0.000173322548819	0	1.77766716738e-05	8.88833583688e-06	0.00111548614753	0.0183721901748	0.0035197809914	0.00295981583368	0	0.000195543388411	0.00498635640449	0.00171544881652	0.000128880869635	0.000906610255362	0	0	0.00019998755633	0.00188877136534	2.66650075106e-05	0.000582185997316	0.000222208395922	0	8.88833583688e-06	0	0	9.77716942057e-05	4.44416791844e-06	0.000244429235514	0	2.22208395922e-05	0	0	1.33325037553e-05	0	0.000453305127681	5.33300150213e-05	0	4.44416791844e-06	4.44416791844e-06	0.000137769205472	0.00223097229506	0.000582185997316	0.000177766716738	1.77766716738e-05	5.33300150213e-05	0.000559965157724	0.000155545877145	3.55533433475e-05	0.00019998755633	0	0	2.22208395922e-05	0.000128880869635	0.00127103202467	0.00076884104989	0.00107104446834	0.000448860959763	0.000155545877145	1.77766716738e-05	0	0.000168878380901	0.000168878380901	0.000115548365879	7.55508546135e-05	8.88833583688e-06	8.88833583688e-06	0
0.00019998755633	0.000835503568667	0.0101238145182	0	0	1.77766716738e-05	7.11066866951e-05	0.000799950225319	7.11066866951e-05	0.000466637631436	2.22208395922e-05	6.66625187766e-05	2.66650075106e-05	8.88833583688e-05	7.99950225319e-05	6.66625187766e-05	0.00594629667487	0.00435972872799	0	0.000186655052575	0	0.0150523967398	0.0035197809914	0.0498324548695	0.000973272774138	8.88833583688e-06	0.00148879625268	0.00751064378216	0.00302647835246	0.000235540899677	0.00306203169581	0	0	0.000275538410943	0.0095682935284	0	0.000582185997316	0.000191099220493	0	0	0	0	8.88833583688e-06	0	6.22183508582e-05	0	1.33325037553e-05	4.44416791844e-06	8.88833583688e-06	0	0	0.000128880869635	4.88858471028e-05	4.44416791844e-06	4.44416791844e-06	0	3.11091754291e-05	0.000671069355685	0.000168878380901	4.44416791844e-05	3.9997511266e-05	0.000115548365879	0.000373310105149	8.88833583688e-06	0	2.22208395922e-05	0	0	0	4.88858471028e-05	0.00418640617917	0.002506510706	0.00560853991307	0.00227985814216	0.000506635142702	0.000159990045064	4.44416791844e-06	0.000151101709227	0.000137769205472	7.55508546135e-05	3.9997511266e-05	4.44416791844e-06	0	8.88833583688e-06
0.000813282729075	2.66650075106e-05	0.000128880869635	0	0.0016621188015	4.44416791844e-06	0.000662181019848	0.00899055169901	0.000608851004826	0.00964384438302	0.00131102953594	0	0.00131102953594	8.88833583688e-06	0.00039997511266	0.000191099220493	0.00337756761801	5.33300150213e-05	0	4.44416791844e-06	0.00076884104989	0.000862168576177	0.00295981583368	0.000973272774138	0.0404597047295	0	4.88858471028e-05	0.000266650075106	0.0141768956598	0.000471081799355	0.00182210884656	4.44416791844e-06	4.44416791844e-06	0.000693290195277	0.00151101709227	2.66650075106e-05	2.22208395922e-05	1.33325037553e-05	0	8.88833583688e-06	0	4.44416791844e-06	0.000244429235514	1.33325037553e-05	0.00124881118508	4.44416791844e-06	4.44416791844e-06	2.22208395922e-05	0	8.88833583688e-06	4.44416791844e-06	0.000173322548819	0	0	0	1.33325037553e-05	0.000102215862124	0.000466637631436	9.77716942057e-05	0.000622183508582	4.44416791844e-06	4.44416791844e-06	1.33325037553e-05	0.000311091754291	3.9997511266e-05	0.000253317571351	0	0	3.11091754291e-05	0.000102215862124	0.000937719430791	0.00014221337339	0.000773285217809	0.000248873403433	0.00054218848605	1.33325037553e-05	0	5.33300150213e-05	4.44416791844e-06	1.33325037553e-05	8.88833583688e-06	1.33325037553e-05	8.88833583688e-06	0
0	0.000608851004826	3.11091754291e-05	0	0	4.44416791844e-06	0	0	4.44416791844e-06	0	0	0.00187099469366	0	0.00165323046566	0	0	0	0.000128880869635	0.000133325037553	0.000564409325642	0	0	0	8.88833583688e-06	0	0.00682624192272	0.00159545628272	0.00167100713733	0	1.33325037553e-05	0	3.9997511266e-05	4.44416791844e-06	0	0.000404419280578	0	7.11066866951e-05	4.44416791844e-06	0	0	0	0	0	0	0	0	0.000235540899677	0	0.000519967646458	0	0	0	8.88833583688e-06	1.77766716738e-05	2.66650075106e-05	0	0	0	0	0	0.00109326530794	0.000235540899677	0.000195543388411	0	0	0	0	0	0	0	2.66650075106e-05	0.000697734363195	0.000253317571351	3.55533433475e-05	4.44416791844e-06	8.88833583688e-06	0.000151101709227	4.44416791844e-06	0.000133325037553	3.11091754291e-05	0	0	0	4.44416791844e-06
2.66650075106e-05	0.00298203667327	0.00615961673496	0	0	0	2.22208395922e-05	4.88858471028e-05	3.55533433475e-05	1.33325037553e-05	4.44416791844e-06	0.0086750157768	4.44416791844e-06	0.00323091007671	3.9997511266e-05	2.22208395922e-05	6.66625187766e-05	0.00957718186424	0.0019287688766	0.0110259806057	0	0.000422195952252	0.000195543388411	0.00148879625268	4.88858471028e-05	0.00159545628272	0.0517612237461	0.014492431582	4.88858471028e-05	5.77741829397e-05	0.000191099220493	0.00104882362875	0	4.44416791844e-05	0.0063373834517	0	0.000795506057401	8.44391904504e-05	0	0	0	0	0	0	0	0	0.000297759250536	0	0.000604406836908	0	0	4.44416791844e-06	5.77741829397e-05	5.77741829397e-05	0.000115548365879	0	4.44416791844e-06	1.77766716738e-05	5.33300150213e-05	0	0.00171544881652	0.000893277751607	0.000919942759117	0	0	0	4.44416791844e-06	0	0	4.44416791844e-05	0.00119992533798	0.00193765721244	0.0033731234501	0.00107104446834	0.000102215862124	3.55533433475e-05	4.88858471028e-05	3.55533433475e-05	0.000382198440986	0.000133325037553	2.66650075106e-05	0	0	1.77766716738e-05
2.22208395922e-05	0.00596851751447	0.0109059880719	0	0	0	0	0.000124436701716	1.77766716738e-05	0.000288870914699	0	0.00166656296942	8.88833583688e-06	0.00178211133529	2.22208395922e-05	3.55533433475e-05	0.00250206653808	0.00294203916201	0.000262205907188	0.00219986311963	0	0.00111104197961	0.00498635640449	0.00751064378216	0.000266650075106	0.00167100713733	0.014492431582	0.056178726657	0.000386642608904	6.66625187766e-05	0.000435528456007	0.000488858471028	0	6.22183508582e-05	0.00388864692864	0	0.00185766218991	0.000333312593883	0	0	0	4.44416791844e-06	1.33325037553e-05	0	2.66650075106e-05	0	0.000151101709227	0	0.000244429235514	0	0	0.000173322548819	0.000146657541309	2.22208395922e-05	8.44391904504e-05	0	2.22208395922e-05	0.000657736851929	0.000293315082617	1.33325037553e-05	0.000799950225319	0.000777729385727	0.00112437448337	1.77766716738e-05	4.44416791844e-06	3.55533433475e-05	4.44416791844e-06	0	0	8.88833583688e-05	0.00171989298444	0.00268872159066	0.00271983076609	0.000942163598709	0.000151101709227	3.9997511266e-05	8.88833583688e-06	0.000137769205472	0.000435528456007	0.000151101709227	4.88858471028e-05	4.44416791844e-06	4.44416791844e-06	4.44416791844e-06
0.00076884104989	6.22183508582e-05	0.000262205907188	0	0.00207542641791	4.44416791844e-06	0.00100882611749	0.0119503675327	0.000599962668989	0.00208875892167	0.00639515763464	4.44416791844e-06	0.000835503568667	1.33325037553e-05	0.000368865937231	8.88833583688e-05	0.00280426995654	7.55508546135e-05	0	1.33325037553e-05	0.00251984320976	0.00609295421618	0.00171544881652	0.00302647835246	0.0141768956598	0	4.88858471028e-05	0.000386642608904	0.0448283217933	0.000475525967273	0.00390642360031	4.44416791844e-06	8.88833583688e-06	0.000675513523603	0.00269316575858	1.33325037553e-05	3.55533433475e-05	1.33325037553e-05	0	8.44391904504e-05	0	4.44416791844e-06	7.99950225319e-05	4.44416791844e-06	0.000479970135192	4.44416791844e-06	0	4.44416791844e-06	0	0	0	0.000102215862124	0	0	0	0	5.33300150213e-05	0.000368865937231	8.44391904504e-05	0.000235540899677	4.44416791844e-06	4.44416791844e-06	2.22208395922e-05	0.000133325037553	1.33325037553e-05	0.000115548365879	0	0	4.44416791844e-06	2.66650075106e-05	0.001471019581	0.000328868425965	0.0013732478868	0.000448860959763	0.00034220092972	4.88858471028e-05	0	5.77741829397e-05	1.33325037553e-05	8.88833583688e-06	4.44416791844e-06	4.44416791844e-06	0	0
0.00713733367702	1.77766716738e-05	8.44391904504e-05	0	1.77766716738e-05	0.00116437199463	0.00343978596887	0.00177766716738	0.00467082048228	0.000177766716738	0.000208875892167	0.00025776173927	0.000235540899677	1.77766716738e-05	0.00727510288249	0.00068440185944	8.88833583688e-05	9.33275262873e-05	8.88833583688e-06	6.22183508582e-05	4.44416791844e-05	0.000355533433475	0.000128880869635	0.000235540899677	0.000471081799355	1.33325037553e-05	5.77741829397e-05	6.66625187766e-05	0.000475525967273	0.0260028264908	0.00333757010675	0	0.00174655799195	0.00398197445492	0.00446194459011	0	0	0	0	0	0	0	8.88833583688e-06	0	3.11091754291e-05	0	0	0	4.44416791844e-06	0	0	0	0	0	0	0	0	2.22208395922e-05	4.44416791844e-06	1.33325037553e-05	4.44416791844e-06	0	0	8.88833583688e-06	0	8.88833583688e-06	0	0	0	1.77766716738e-05	0.00106215613251	0.000155545877145	0.00184432968615	0.000404419280578	0.000582185997316	0.000315535922209	1.77766716738e-05	3.55533433475e-05	1.33325037553e-05	8.88833583688e-06	4.44416791844e-06	0	0	0
0.00359533184602	9.77716942057e-05	0.000715511034869	0	2.66650075106e-05	0	0.00042664012017	0.00966162105469	0.000511079310621	0.000804394393238	0.000191099220493	1.77766716738e-05	0.000159990045064	1.33325037553e-05	0.000528855982294	0.000146657541309	0.000902166087443	0.000386642608904	0	1.77766716738e-05	3.55533433475e-05	0.00836836819042	0.000906610255362	0.00306203169581	0.00182210884656	0	0.000191099220493	0.000435528456007	0.00390642360031	0.00333757010675	0.0353044699441	0	4.44416791844e-06	0.000991049445812	0.00690179277734	1.33325037553e-05	3.11091754291e-05	4.44416791844e-06	0	0	0	0	3.55533433475e-05	0	0.000217764228004	0	0	4.44416791844e-06	0	0	0	3.9997511266e-05	4.44416791844e-06	0	0	0	2.22208395922e-05	0.000168878380901	1.77766716738e-05	0.000106660030043	0	0	2.22208395922e-05	3.9997511266e-05	4.44416791844e-06	4.44416791844e-05	0	0	0	1.77766716738e-05	0.00236429733261	0.000479970135192	0.00246206902682	0.00091105442328	0.000497746806865	6.66625187766e-05	0	3.9997511266e-05	1.77766716738e-05	1.33325037553e-05	4.44416791844e-06	0	0	0
0	0	4.44416791844e-06	0	0	0	0	0	0	0	0	0.000431084288089	0	0.000777729385727	0	0	0	1.33325037553e-05	3.55533433475e-05	6.22183508582e-05	0	0	0	0	4.44416791844e-06	3.9997511266e-05	0.00104882362875	0.000488858471028	4.44416791844e-06	0	0	0.00161767712231	0	0	5.33300150213e-05	0	0	0	0	0	0	0	0	0	0	0	0	0	4.44416791844e-06	0	0	0	0	0	0	0	0	0	0	0	4.44416791844e-06	8.88833583688e-06	0	0	0	0	0	0	0	0	0	4.44416791844e-06	1.77766716738e-05	0	0	0	0	0	0	0	0	0	0	0
1.77766716738e-05	0	0	0	0	0.00234652066094	0.00154657043562	1.33325037553e-05	0.00175544632778	0	4.44416791844e-06	2.66650075106e-05	0	0	0.001035491125	0.000155545877145	0	0	4.44416791844e-06	4.44416791844e-06	0	0	0	0	4.44416791844e-06	4.44416791844e-06	0	0	8.88833583688e-06	0.00174655799195	4.44416791844e-06	0	0.00447972126179	4.44416791844e-06	0.000519967646458	0	0	0	0	0	0	0	0	0	0	0	0	0	0	0	0	0	0	0	0	0	0	0	0	0	0	0	0	0	0	0	0	0	0	0	1.33325037553e-05	4.44416791844e-06	0.000133325037553	1.33325037553e-05	3.55533433475e-05	0.000106660030043	0	0	0	0	0	0	0	0
0.00241762734763	1.33325037553e-05	7.55508546135e-05	0	1.33325037553e-05	2.22208395922e-05	0.00048441430311	0.00164434212982	0.000524411814376	0.000155545877145	0.000186655052575	3.11091754291e-05	0.000146657541309	1.33325037553e-05	0.000906610255362	0.000137769205472	0.000164434212982	4.44416791844e-05	4.44416791844e-06	1.77766716738e-05	3.11091754291e-05	0.000279982578862	0.00019998755633	0.000275538410943	0.000693290195277	0	4.44416791844e-05	6.22183508582e-05	0.000675513523603	0.00398197445492	0.000991049445812	0	4.44416791844e-06	0.00815504813034	0.0033020167634	0	0	0	0	0	0	0	8.88833583688e-06	0	4.88858471028e-05	0	0	0	0	0	0	4.44416791844e-06	0	0	0	0	4.44416791844e-06	4.44416791844e-05	0	2.22208395922e-05	0	0	0	2.66650075106e-05	0	8.88833583688e-06	0	0	0	2.22208395922e-05	0.00135547121512	0.000124436701716	0.00167545130525	0.000444416791844	0.00039997511266	6.22183508582e-05	4.44416791844e-06	3.55533433475e-05	4.44416791844e-06	4.44416791844e-06	4.44416791844e-06	0	0	0
0.00175544632778	0.00119103700214	0.00420862701876	0	1.77766716738e-05	0.000586630165234	0.00199098722746	0.00274205160568	0.00215097727253	0.000782173553646	0.000208875892167	0.00764396881972	0.000262205907188	0.000804394393238	0.0023376323251	0.000648848516092	0.00163545379399	0.0083150381754	0.000671069355685	0.00548854737927	3.9997511266e-05	0.00711511283742	0.00188877136534	0.0095682935284	0.00151101709227	0.000404419280578	0.0063373834517	0.00388864692864	0.00269316575858	0.00446194459011	0.00690179277734	5.33300150213e-05	0.000519967646458	0.0033020167634	0.0554676597901	1.77766716738e-05	0.000462193463518	7.99950225319e-05	0	4.44416791844e-06	0	0	3.9997511266e-05	0	0.000106660030043	0	0.000106660030043	0	0.00019998755633	0	0	7.11066866951e-05	2.22208395922e-05	2.22208395922e-05	1.77766716738e-05	4.44416791844e-06	2.22208395922e-05	0.000368865937231	0.000128880869635	7.99950225319e-05	0.000408863448497	0.000231096731759	0.000355533433475	3.9997511266e-05	4.44416791844e-06	5.33300150213e-05	4.44416791844e-06	4.44416791844e-06	4.44416791844e-06	9.33275262873e-05	0.0104837921196	0.00325757508422	0.0237851866995	0.00750619961425	0.00223986063089	0.000853280240341	0.000102215862124	0.00022665256384	0.000164434212982	0.000111104197961	4.88858471028e-05	0	8.88833583688e-06	4.44416791844e-06
0	0	4.44416791844e-06	0	0	0	0	1.33325037553e-05	0	0.000102215862124	0	0	4.44416791844e-06	0	0	0	4.44416791844e-06	0	0	0	0	4.44416791844e-06	2.66650075106e-05	0	2.66650075106e-05	0	0	0	1.33325037553e-05	0	1.33325037553e-05	0	0	0	1.77766716738e-05	0.0168789497542	8.88833583688e-06	7.99950225319e-05	0	0.000106660030043	1.33325037553e-05	0.00153323793186	0.00541744069258	0.00357755517434	0.000244429235514	0.000195543388411	6.66625187766e-05	0.000888833583688	4.44416791844e-06	0.00695512279236	0.000582185997316	0.000195543388411	8.44391904504e-05	0	8.88833583688e-06	0.000368865937231	0.000586630165234	0.000235540899677	0.000582185997316	0.00140435706223	0	2.22208395922e-05	5.33300150213e-05	0.00091105442328	0.00558187490556	0.00386642608904	0	1.33325037553e-05	0.00118214866631	0.00206209391416	8.88833583688e-06	0	8.88833583688e-06	4.44416791844e-06	4.44416791844e-06	0	0	0.000733287706543	0.000204431724248	0.000737731874461	0.000266650075106	0.000355533433475	0.000133325037553	8.88833583688e-06
0	0.00203542890665	0.00110215364377	0	0	4.44416791844e-06	4.44416791844e-06	4.44416791844e-06	4.44416791844e-06	3.55533433475e-05	0	5.77741829397e-05	0	2.22208395922e-05	0	0	8.88833583688e-05	0.000444416791844	8.88833583688e-06	0.000164434212982	0	0.000106660030043	0.000582185997316	0.000582185997316	2.22208395922e-05	7.11066866951e-05	0.000795506057401	0.00185766218991	3.55533433475e-05	0	3.11091754291e-05	0	0	0	0.000462193463518	8.88833583688e-06	0.0185988427387	0.00183544135032	0	0	0	0	3.55533433475e-05	0	3.9997511266e-05	0	0.000195543388411	4.44416791844e-06	0.000191099220493	8.88833583688e-06	4.44416791844e-06	0.000435528456007	0.000982161109975	3.9997511266e-05	0.000439972623926	0	0.000151101709227	0.00196432221995	0.00112881865128	3.9997511266e-05	0.00259094989645	0.00406641364537	0.0106037846534	4.88858471028e-05	1.33325037553e-05	0.000111104197961	1.33325037553e-05	4.44416791844e-06	8.88833583688e-06	0.00048441430311	0.000168878380901	0.000933275262873	0.000302203418454	0.000124436701716	1.33325037553e-05	1.77766716738e-05	0	0.0006266276765	0.00207987058583	0.000888833583688	0.000248873403433	1.33325037553e-05	1.77766716738e-05	3.9997511266e-05
0	0.000271094243025	0.000217764228004	0	0	0	0	0	0	2.66650075106e-05	0	8.88833583688e-06	0	1.33325037553e-05	0	8.88833583688e-06	4.88858471028e-05	2.66650075106e-05	0	1.33325037553e-05	0	4.44416791844e-05	0.000222208395922	0.000191099220493	1.33325037553e-05	4.44416791844e-06	8.44391904504e-05	0.000333312593883	1.33325037553e-05	0	4.44416791844e-06	0	0	0	7.99950225319e-05	7.99950225319e-05	0.00183544135032	0.029260401575	0	0	4.44416791844e-06	2.22208395922e-05	0.000204431724248	1.77766716738e-05	7.11066866951e-05	4.44416791844e-06	0.000213320060085	2.22208395922e-05	6.22183508582e-05	4.88858471028e-05	1.33325037553e-05	0.000959940270383	0.00630183010835	2.66650075106e-05	0.000533300150213	0	0.00192432470868	0.000999937781649	0.0124658910112	8.88833583688e-05	0.000137769205472	0.00607073337659	0.00858613241843	0.000288870914699	7.55508546135e-05	0.000964384438302	0	0	5.77741829397e-05	0.00161323295439	7.99950225319e-05	0.000124436701716	9.33275262873e-05	3.9997511266e-05	1.33325037553e-05	8.88833583688e-06	0	0.00247095736265	0.00361755268561	0.0027953816207	0.000977716942057	2.66650075106e-05	3.11091754291e-05	4.88858471028e-05
0	0	0	0	0	0	0	0	0	0	0	0	0	0	0	0	0	0	0	0	0	0	0	0	0	0	0	0	0	0	0	0	0	0	0	0	0	0	0	0	0	0	0	0	0	0	0	0	0	0	0	0	0	0	0	0	0	0	0	0	0	0	0	0	0	0	0	0	0	0	0	0	0	0	0	0	0	0	0	0	0	0	0	0
0	0	0	0	0.00121325784173	0	4.44416791844e-05	3.9997511266e-05	1.77766716738e-05	3.11091754291e-05	0.000635516012337	0	0.000604406836908	0	4.44416791844e-06	0	0	0	0	0	0.000617739340663	0	8.88833583688e-06	0	8.88833583688e-06	0	0	0	8.44391904504e-05	0	0	0	0	0	4.44416791844e-06	0.000106660030043	0	0	0	0.012368119317	0	0.000168878380901	0.00116437199463	9.33275262873e-05	0.000106660030043	0.000817726896993	0	0.000928831094954	0	0.000164434212982	3.11091754291e-05	4.44416791844e-06	0	0	0	0.00392420027198	2.22208395922e-05	1.77766716738e-05	1.77766716738e-05	0.00775062884976	0	0	0	0.00314647088626	3.9997511266e-05	6.22183508582e-05	0	0	2.66650075106e-05	6.66625187766e-05	8.88833583688e-06	4.44416791844e-06	0	0	8.88833583688e-06	0	0	3.9997511266e-05	8.88833583688e-06	1.77766716738e-05	0	1.77766716738e-05	0	0
0	0	0	0	0	0	0	0	0	0	0	0	0	0	0	0	0	0	0	0	0	0	0	0	0	0	0	0	0	0	0	0	0	0	0	1.33325037553e-05	0	4.44416791844e-06	0	0	0.00343534180095	0.000599962668989	4.44416791844e-06	0.0010132702854	4.44416791844e-06	0	6.22183508582e-05	4.44416791844e-06	0	0.000186655052575	0.000453305127681	0	0	0	0	0	0	0	8.88833583688e-06	8.88833583688e-06	0	4.44416791844e-06	4.44416791844e-06	0	0.000417751784333	0	0	0.000986605277894	0	0.000582185997316	0	0	0	0	0	0	0	3.9997511266e-05	1.77766716738e-05	0.000151101709227	4.88858471028e-05	0.000448860959763	0.00125769952092	0
0	0	0	0	4.44416791844e-06	0	0	8.88833583688e-06	0	8.88833583688e-06	4.44416791844e-06	0	1.33325037553e-05	0	0	0	0	0	0	0	4.44416791844e-06	0	0	0	4.44416791844e-06	0	0	4.44416791844e-06	4.44416791844e-06	0	0	0	0	0	0	0.00153323793186	0	2.22208395922e-05	0	0.000168878380901	0.000599962668989	0.0202298523647	0.00243984818722	0.00579519496565	4.44416791844e-05	0.00106660030043	0.000133325037553	0.00443972375052	4.44416791844e-06	0.00268872159066	0.00343534180095	4.44416791844e-05	4.44416791844e-06	0	0	0.000862168576177	3.9997511266e-05	1.33325037553e-05	7.55508546135e-05	0.00110659781169	0	0	1.33325037553e-05	0.000639960180255	0.00197321055579	0.00019998755633	0	0.000515523478539	0.000115548365879	0.00122659034549	1.77766716738e-05	0	0	4.44416791844e-06	4.44416791844e-06	0	0	0.000217764228004	5.33300150213e-05	0.000519967646458	0.000168878380901	0.000853280240341	0.000524411814376	0
