3833	1	14	0	7	15	492	1079	697	64	126	3	111	0	855	108	23	7	0	1	22	58	28	45	183	0	6	5	173	1606	809	0	4	544	395	0	0	0	0	0	0	0	2	0	13	0	0	1	0	0	0	3	0	0	0	0	2	8	3	3	0	0	1	5	1	4	0	0	1	2	207	15	235	57	110	14	2	3	0	0	0	0	0	0
1	3309	432	0	0	0	2	6	1	15	1	67	0	24	2	2	25	244	11	142	0	52	390	188	6	137	671	1343	14	4	22	0	0	3	268	0	458	61	0	0	0	0	1	0	1	0	24	0	34	0	0	9	39	6	25	0	3	33	30	1	168	183	261	0	1	3	0	0	0	15	67	252	162	53	4	2	1	12	87	25	6	0	0	0
14	432	6635	0	0	0	3	41	2	18	0	33	2	3	7	4	89	767	4	103	0	339	270	2278	29	7	1386	2454	59	19	161	1	0	17	947	1	248	49	0	0	0	0	2	0	1	0	2	0	3	1	0	10	10	1	5	0	0	48	24	3	30	59	134	0	0	1	0	0	0	6	446	502	716	268	29	13	0	20	45	20	4	0	1	2
0	0	0	0	0	0	0	0	0	0	0	0	0	0	0	0	0	0	0	0	0	0	0	0	0	0	0	0	0	0	0	0	0	0	0	0	0	0	0	0	0	0	0	0	0	0	0	0	0	0	0	0	0	0	0	0	0	0	0	0	0	0	0	0	0	0	0	0	0	0	0	0	0	0	0	0	0	0	0	0	0	0	0	0
7	0	0	0	1690	0	47	87	20	33	723	0	283	0	6	4	2	0	0	0	869	3	3	0	374	0	0	0	467	4	6	0	0	3	4	0	0	0	0	273	0	1	3	0	7	7	0	2	0	0	0	0	0	0	0	13	0	0	0	8	0	0	0	3	0	0	0	0	0	1	5	0	1	0	5	0	0	0	0	0	0	0	0	0
15	0	0	0	0	1457	804	3	550	1	3	7	6	1	234	191	1	3	0	0	0	0	0	4	1	1	0	0	1	262	0	0	528	5	132	0	1	0	0	0	0	0	0	0	1	0	0	0	0	0	0	0	0	0	0	0	0	1	0	1	1	0	1	1	0	0	0	0	0	0	8	2	56	9	121	65	0	0	0	0	0	0	0	0
492	2	3	0	47	804	10089	803	4694	59	2938	17	1683	0	1735	790	8	8	0	3	358	12	4	16	149	0	5	0	227	774	96	0	348	109	448	0	1	0	0	10	0	0	2	0	8	0	0	7	1	0	0	1	0	0	0	1	1	4	1	4	1	0	1	3	0	2	0	0	0	0	105	5	251	44	145	84	1	1	1	1	0	0	0	0
1079	6	41	0	87	3	803	10045	817	535	1410	1	324	3	702	69	122	22	0	2	246	196	167	180	2023	0	11	28	2689	400	2174	0	3	370	617	3	1	0	0	9	0	2	28	1	150	1	0	9	0	0	0	12	0	0	0	2	9	48	12	67	0	0	1	34	2	25	0	0	2	6	374	42	333	108	163	15	1	7	2	5	3	3	1	0
697	1	2	0	20	550	4694	817	9008	37	793	26	435	3	3938	449	10	6	3	9	111	14	11	16	137	1	8	4	135	1051	115	0	395	118	484	0	1	0	0	4	0	0	1	0	11	0	0	1	1	0	0	1	0	0	0	0	2	4	2	4	1	0	1	4	0	2	0	0	0	0	125	11	236	44	124	88	0	1	0	0	0	1	0	0
64	15	18	0	33	1	59	535	37	3837	57	2	249	1	29	115	127	4	0	0	43	65	903	105	2170	0	3	65	470	40	181	0	0	35	176	23	8	6	0	7	0	2	95	6	452	4	2	7	0	11	2	71	0	0	0	8	40	277	54	234	1	0	11	113	15	112	0	0	8	34	107	20	69	24	169	2	0	23	7	16	10	8	3	0
126	1	0	0	723	3	2938	1410	793	57	9553	1	3046	0	152	40	4	2	0	0	1924	5	6	5	295	0	1	0	1439	47	43	0	1	42	47	0	0	0	0	143	0	1	2	0	13	8	0	80	0	0	0	0	0	0	0	5	1	2	1	7	0	0	0	2	0	4	0	0	0	0	31	0	26	5	37	7	1	0	0	0	0	0	0	0
3	67	33	0	0	7	17	1	26	2	1	6431	1	1271	27	7	0	306	798	1918	0	4	1	15	0	421	1952	375	1	58	4	97	6	7	1720	0	13	2	0	0	0	0	1	0	2	0	64	0	117	0	0	1	2	9	8	0	0	1	1	1	245	77	62	0	0	0	2	0	0	5	61	398	754	127	12	12	84	2	43	17	2	0	1	1
111	0	2	0	283	6	1683	324	435	249	3046	1	7625	0	138	192	0	2	0	0	1864	6	0	6	295	0	1	2	188	53	36	0	0	33	59	1	0	0	0	136	0	3	8	2	19	12	0	419	0	0	1	1	0	0	0	92	1	1	1	23	0	0	0	6	0	5	0	0	0	0	28	1	39	6	115	2	0	0	0	0	0	1	0	0
0	24	3	0	0	1	0	3	3	1	0	1271	0	3093	6	1	2	33	54	161	0	4	3	20	2	372	727	401	3	4	3	175	0	3	181	0	5	3	0	0	0	0	0	0	1	0	61	0	315	0	0	2	1	5	6	0	0	2	0	0	116	30	30	0	1	0	0	0	0	2	72	134	189	143	3	9	31	18	29	22	9	0	0	28
855	2	7	0	6	234	1735	702	3938	29	152	27	138	6	6389	290	11	9	3	6	26	20	14	18	90	0	9	5	83	1637	119	0	233	204	526	0	0	0	0	1	0	0	0	0	8	0	0	0	1	0	0	3	0	0	0	0	0	6	0	4	0	0	0	4	0	1	0	0	0	0	142	10	267	54	146	55	1	2	0	0	0	0	0	0
108	2	4	0	4	191	790	69	449	115	40	7	192	1	290	1664	5	4	1	3	11	8	3	15	43	0	5	8	20	154	33	0	35	31	146	0	0	2	0	0	0	0	1	0	5	0	1	1	0	0	0	0	1	0	0	0	1	1	2	2	0	0	0	1	0	0	0	0	0	1	77	5	107	39	410	16	1	4	1	0	2	0	0	0
23	25	89	0	2	1	8	122	10	127	4	0	0	2	11	5	3742	13	0	2	1	453	827	1338	760	0	15	563	631	20	203	0	0	37	368	1	20	11	0	0	0	0	4	0	23	0	0	0	0	0	0	60	2	0	0	0	8	69	47	7	0	3	18	4	2	7	0	0	2	5	242	83	206	71	31	5	0	10	8	7	3	0	0	0
7	244	767	0	0	3	8	22	6	4	2	306	2	33	9	4	13	5090	77	940	0	228	39	981	12	29	2155	662	17	21	87	3	0	10	1871	0	100	6	0	0	0	0	0	0	0	0	8	0	13	0	0	0	4	2	2	0	1	7	6	0	69	64	50	0	0	2	1	0	0	6	357	301	863	285	24	10	2	9	21	10	2	0	0	1
0	11	4	0	0	0	0	0	3	0	0	798	0	54	3	1	0	77	1469	998	0	0	0	0	0	30	434	59	0	2	0	8	1	1	151	0	2	0	0	0	0	0	0	0	0	0	10	0	8	0	0	0	1	2	3	0	0	0	0	0	17	9	7	0	0	0	0	0	0	1	5	17	50	16	1	1	0	0	8	3	0	0	0	0
1	142	103	0	0	0	3	2	9	0	0	1918	0	161	6	3	2	940	998	4475	0	15	4	42	1	127	2481	495	3	14	4	14	1	4	1235	0	37	3	0	0	0	0	0	0	0	0	33	0	65	0	0	0	5	5	9	0	1	0	2	0	158	83	66	0	0	0	2	0	0	4	82	114	465	121	9	8	3	3	38	10	2	0	0	0
22	0	0	0	869	0	358	246	111	43	1924	0	1864	0	26	11	1	0	0	0	3772	0	2	0	173	0	0	0	567	10	8	0	0	7	9	0	0	0	0	139	0	1	3	0	6	5	0	32	0	0	0	0	0	0	0	5	0	0	0	5	0	0	0	3	0	1	0	0	0	0	6	0	5	1	13	1	0	0	0	0	0	0	0	0
58	52	339	0	3	0	12	196	14	65	5	4	6	4	20	8	453	228	0	15	0	6809	251	3387	194	0	95	250	1371	80	1883	0	0	63	1601	1	24	10	0	0	0	0	1	0	5	0	1	1	2	0	0	10	2	0	0	0	5	49	14	5	3	4	19	0	0	4	0	0	0	3	417	180	591	224	64	17	0	9	7	6	4	0	0	1
28	390	270	0	3	0	4	167	11	903	6	1	0	3	14	3	827	39	0	4	2	251	4134	792	666	0	44	1122	386	29	204	0	0	45	425	6	131	50	0	2	0	0	22	1	55	0	5	0	0	3	0	102	12	0	1	1	31	502	131	40	4	12	126	35	8	45	0	0	5	29	286	173	241	101	35	4	0	38	38	26	17	2	2	0
45	188	2278	0	0	4	16	180	16	105	5	15	6	20	18	15	1338	981	0	42	0	3387	792	11213	219	2	335	1690	681	53	689	0	0	62	2153	0	131	43	0	0	0	0	2	0	14	0	3	1	2	0	0	29	11	1	1	0	7	151	38	10	9	26	84	2	0	5	0	0	0	11	942	564	1262	513	114	36	1	34	31	17	9	1	0	2
183	6	29	0	374	1	149	2023	137	2170	295	0	295	2	90	43	760	12	0	1	173	194	666	219	9104	0	11	60	3190	106	410	1	1	156	340	6	5	3	0	2	0	1	55	3	281	1	1	5	0	2	1	39	0	0	0	3	23	105	22	140	1	1	3	70	9	57	0	0	7	23	211	32	174	56	122	3	0	12	1	3	2	3	2	0
0	137	7	0	0	1	0	0	1	0	0	421	0	372	0	0	0	29	30	127	0	0	0	2	0	1536	359	376	0	3	0	9	1	0	91	0	16	1	0	0	0	0	0	0	0	0	53	0	117	0	0	0	2	4	6	0	0	0	0	0	246	53	44	0	0	0	0	0	0	0	6	157	57	8	1	2	34	1	30	7	0	0	0	1
6	671	1386	0	0	0	5	11	8	3	1	1952	1	727	9	5	15	2155	434	2481	0	95	44	335	11	359	11647	3261	11	13	43	236	0	10	1426	0	179	19	0	0	0	0	0	0	0	0	67	0	136	0	0	1	13	13	26	0	1	4	12	0	386	201	207	0	0	0	1	0	0	10	270	436	759	241	23	8	11	8	86	30	6	0	0	4
5	1343	2454	0	0	0	0	28	4	65	0	375	2	401	5	8	563	662	59	495	0	250	1122	1690	60	376	3261	12641	87	15	98	110	0	14	875	0	418	75	0	0	0	1	3	0	6	0	34	0	55	0	0	39	33	5	19	0	5	148	66	3	180	175	253	4	1	8	1	0	0	20	387	605	612	212	34	9	2	31	98	34	11	1	1	1
173	14	59	0	467	1	227	2689	135	470	1439	1	188	3	83	20	631	17	0	3	567	1371	386	681	3190	0	11	87	10087	107	879	1	2	152	606	3	8	3	0	19	0	1	18	1	108	1	0	1	0	0	0	23	0	0	0	0	12	83	19	53	1	1	5	30	3	26	0	0	1	6	331	74	309	101	77	11	0	13	3	2	1	1	0	0
1606	4	19	0	4	262	774	400	1051	40	47	58	53	4	1637	154	20	21	2	14	10	80	29	53	106	3	13	15	107	5851	751	0	393	896	1004	0	0	0	0	0	0	0	2	0	7	0	0	0	1	0	0	0	0	0	0	0	0	5	1	3	1	0	0	2	0	2	0	0	0	4	239	35	415	91	131	71	4	8	3	2	1	0	0	0
809	22	161	0	6	0	96	2174	115	181	43	4	36	3	119	33	203	87	0	4	8	1883	204	689	410	0	43	98	879	751	7944	0	1	223	1553	3	7	1	0	0	0	0	8	0	49	0	0	1	0	0	0	9	1	0	0	0	5	38	4	24	0	0	5	9	1	10	0	0	0	4	532	108	554	205	112	15	0	9	4	3	1	0	0	0
0	0	1	0	0	0	0	0	0	0	0	97	0	175	0	0	0	3	8	14	0	0	0	0	1	9	236	110	1	0	0	364	0	0	12	0	0	0	0	0	0	0	0	0	0	0	0	0	1	0	0	0	0	0	0	0	0	0	0	0	1	2	0	0	0	0	0	0	0	0	0	1	4	0	0	0	0	0	0	0	0	0	0	0
4	0	0	0	0	528	348	3	395	0	1	6	0	0	233	35	0	0	1	1	0	0	0	0	1	1	0	0	2	393	1	0	1008	1	117	0	0	0	0	0	0	0	0	0	0	0	0	0	0	0	0	0	0	0	0	0	0	0	0	0	0	0	0	0	0	0	0	0	0	0	3	1	30	3	8	24	0	0	0	0	0	0	0	0
544	3	17	0	3	5	109	370	118	35	42	7	33	3	204	31	37	10	1	4	7	63	45	62	156	0	10	14	152	896	223	0	1	1835	743	0	0	0	0	0	0	0	2	0	11	0	0	0	0	0	0	1	0	0	0	0	1	10	0	5	0	0	0	6	0	2	0	0	0	5	305	28	377	100	90	14	1	8	1	1	1	0	0	0
395	268	947	0	4	132	448	617	484	176	47	1720	59	181	526	146	368	1871	151	1235	9	1601	425	2153	340	91	1426	875	606	1004	1553	12	117	743	12481	4	104	18	0	1	0	0	9	0	24	0	24	0	45	0	0	16	5	5	4	1	5	83	29	18	92	52	80	9	1	12	1	1	1	21	2359	733	5352	1689	504	192	23	51	37	25	11	0	2	1
0	0	1	0	0	0	0	3	0	23	0	0	1	0	0	0	1	0	0	0	0	1	6	0	6	0	0	0	3	0	3	0	0	0	4	3798	2	18	0	24	3	345	1219	805	55	44	15	200	1	1565	131	44	19	0	2	83	132	53	131	316	0	5	12	205	1256	870	0	3	266	464	2	0	2	1	1	0	0	165	46	166	60	80	30	2
0	458	248	0	0	1	1	1	1	8	0	13	0	5	0	0	20	100	2	37	0	24	131	131	5	16	179	418	8	0	7	0	0	0	104	2	4185	413	0	0	0	0	8	0	9	0	44	1	43	2	1	98	221	9	99	0	34	442	254	9	583	915	2386	11	3	25	3	1	2	109	38	210	68	28	3	4	0	141	468	200	56	3	4	9
0	61	49	0	0	0	0	0	0	6	0	2	0	3	0	2	11	6	0	3	0	10	50	43	3	1	19	75	3	0	1	0	0	0	18	18	413	6584	0	0	1	5	46	4	16	1	48	5	14	11	3	216	1418	6	120	0	433	225	2805	20	31	1366	1932	65	17	217	0	0	13	363	18	28	21	9	3	2	0	556	814	629	220	6	7	11
0	0	0	0	0	0	0	0	0	0	0	0	0	0	0	0	0	0	0	0	0	0	0	0	0	0	0	0	0	0	0	0	0	0	0	0	0	0	0	0	0	0	0	0	0	0	0	0	0	0	0	0	0	0	0	0	0	0	0	0	0	0	0	0	0	0	0	0	0	0	0	0	0	0	0	0	0	0	0	0	0	0	0	0
0	0	0	0	273	0	10	9	4	7	143	0	136	0	1	0	0	0	0	0	139	0	2	0	2	0	0	0	19	0	0	0	0	0	1	24	0	0	0	2783	0	38	262	21	24	184	0	209	0	37	7	1	0	0	0	883	5	4	4	1744	0	0	0	708	9	14	0	0	6	15	2	1	0	0	2	0	0	9	2	4	0	4	0	0
0	0	0	0	0	0	0	0	0	0	0	0	0	0	0	0	0	0	0	0	0	0	0	0	0	0	0	0	0	0	0	0	0	0	0	3	0	1	0	0	773	135	1	228	1	0	14	1	0	42	102	0	0	0	0	0	0	0	2	2	0	1	1	0	94	0	0	222	0	131	0	0	0	0	0	0	0	9	4	34	11	101	283	0
0	0	0	0	1	0	0	2	0	2	1	0	3	0	0	0	0	0	0	0	1	0	0	0	1	0	0	1	1	0	0	0	0	0	0	345	0	5	0	38	135	4552	549	1304	10	240	30	999	1	605	773	10	1	0	0	194	9	3	17	249	0	0	3	144	444	45	0	116	26	276	4	0	0	1	1	0	0	49	12	117	38	192	118	0
2	1	2	0	3	0	2	28	1	95	2	1	8	0	0	1	4	0	0	0	3	1	22	2	55	0	0	3	18	2	8	0	0	2	9	1219	8	46	0	262	1	549	10274	604	315	776	9	675	0	1271	92	188	31	0	1	391	396	189	364	2317	0	8	31	2861	458	2402	0	2	182	507	6	2	5	1	2	0	0	293	111	259	93	72	23	1
0	0	0	0	0	0	0	1	0	6	0	0	2	0	0	0	0	0	0	0	0	0	1	0	3	0	0	0	1	0	0	0	0	0	0	805	0	4	0	21	228	1304	604	5590	11	109	48	231	3	2052	221	7	7	0	1	72	20	8	26	173	0	2	2	94	1045	83	0	527	54	521	0	0	0	0	0	0	0	49	24	179	34	133	184	1
13	1	1	0	7	1	8	150	11	452	13	2	19	1	8	5	23	0	0	0	6	5	55	14	281	0	0	6	108	7	49	0	0	11	24	55	9	16	0	24	1	10	315	11	3153	11	1	267	1	23	116	165	3	0	0	70	96	599	108	1460	0	2	16	415	42	329	0	0	22	89	18	2	10	4	14	0	0	65	32	47	16	237	5	1
0	0	0	0	7	0	0	1	0	4	8	0	12	0	0	0	0	0	0	0	5	0	0	0	1	0	0	0	1	0	0	0	0	0	0	44	0	1	0	184	0	240	776	109	11	3310	0	847	0	78	11	1	0	0	0	770	2	3	4	572	0	0	0	764	17	12	0	0	7	23	0	0	0	0	0	0	0	6	0	11	4	5	1	0
0	24	2	0	0	0	0	0	0	2	0	64	0	61	0	1	0	8	10	33	0	1	5	3	1	53	67	34	0	0	0	0	0	0	24	15	44	48	0	0	14	30	9	48	1	0	6536	6	2261	59	16	20	55	659	346	0	28	19	90	6	699	1147	315	5	127	25	186	22	10	495	8	84	16	8	1	0	4	277	979	1444	582	33	182	399
1	0	0	0	2	0	7	9	1	7	80	0	419	0	0	1	0	0	0	0	32	1	0	1	5	0	0	0	1	0	1	0	0	0	0	200	1	5	0	209	1	999	675	231	267	847	6	6020	0	190	189	5	1	0	0	2351	9	8	11	1064	0	0	1	322	87	46	0	1	23	83	0	0	1	1	0	1	0	30	6	41	16	106	6	1
0	34	3	0	0	0	1	0	1	0	0	117	0	315	1	0	0	13	8	65	0	2	0	2	0	117	136	55	0	1	0	1	0	0	45	1	43	14	0	0	0	1	0	3	1	0	2261	0	5793	5	1	1	25	146	112	0	4	1	19	2	1836	1480	1074	2	9	3	390	0	1	61	6	110	22	9	2	1	2	61	553	378	73	6	6	270
0	0	1	0	0	0	0	0	0	11	0	0	0	0	0	0	0	0	0	0	0	0	3	0	2	0	0	0	0	0	0	0	0	0	0	1565	2	11	0	37	42	605	1271	2052	23	78	59	190	5	6411	234	15	10	0	2	78	37	21	50	256	0	7	7	145	2553	210	0	174	155	793	2	0	0	0	0	0	0	134	41	302	71	230	138	1
0	0	0	0	0	0	0	0	0	2	0	0	1	0	0	0	0	0	0	0	0	0	0	0	1	0	0	0	0	0	0	0	0	0	0	131	1	3	0	7	102	773	92	221	116	11	16	189	1	234	1714	3	0	0	0	22	3	1	5	54	0	1	0	15	214	12	0	27	10	137	0	0	0	0	0	0	0	29	8	62	17	552	66	2
3	9	10	0	0	0	1	12	1	71	0	1	1	2	3	0	60	0	0	0	0	10	102	29	39	0	1	39	23	0	9	0	0	1	16	44	98	216	0	1	0	10	188	7	165	1	20	5	1	15	3	5451	74	0	4	1	1133	1582	2262	738	1	35	989	1125	42	634	0	0	34	294	12	6	11	4	5	0	0	353	308	243	107	7	10	3
0	39	10	0	0	0	0	0	0	0	0	2	0	1	0	1	2	4	1	5	0	2	12	11	0	2	13	33	0	0	1	0	0	0	5	19	221	1418	0	0	0	1	31	7	3	0	55	1	25	10	0	74	4646	48	811	0	352	67	1564	9	61	1115	643	22	18	147	0	0	7	789	5	21	5	4	1	0	0	314	681	537	173	1	11	13
0	6	1	0	0	0	0	0	0	0	0	9	0	5	0	0	0	2	2	5	0	0	0	1	0	4	13	5	0	0	0	0	0	0	5	0	9	6	0	0	0	0	0	0	0	0	659	0	146	0	0	0	48	1256	489	0	0	0	4	0	90	543	89	0	0	0	4	1	0	14	0	7	2	0	0	0	0	7	111	57	12	0	0	8
0	25	5	0	0	0	0	0	0	0	0	8	0	6	0	0	0	2	3	9	0	0	1	1	0	6	26	19	0	0	0	0	0	0	4	2	99	120	0	0	0	0	1	1	0	0	346	0	112	2	0	4	811	489	3079	0	11	6	52	1	165	1764	405	1	3	5	1	0	1	197	1	18	3	1	0	0	0	54	389	201	44	0	8	10
0	0	0	0	13	0	1	2	0	8	5	0	92	0	0	0	0	0	0	0	5	0	1	0	3	0	0	0	0	0	0	0	0	0	1	83	0	0	0	883	0	194	391	72	70	770	0	2351	0	78	22	1	0	0	0	3938	8	3	6	1314	0	0	0	511	20	25	0	1	7	27	1	1	1	1	0	1	0	7	0	12	4	15	0	0
2	3	0	0	0	0	1	9	2	40	1	0	1	0	0	1	8	1	0	1	0	5	31	7	23	0	1	5	12	0	5	0	0	1	5	132	34	433	0	5	0	9	396	20	96	2	28	9	4	37	3	1133	352	0	11	8	8224	369	4784	280	2	64	270	1386	183	2996	0	3	81	958	11	3	5	4	2	0	0	508	365	455	190	19	17	8
8	33	48	0	0	1	4	48	4	277	2	1	1	2	6	1	69	7	0	0	0	49	502	151	105	0	4	148	83	5	38	0	0	10	83	53	442	225	0	4	0	3	189	8	599	3	19	8	1	21	1	1582	67	0	6	3	369	4587	949	647	3	44	905	529	53	509	0	0	27	222	45	37	44	22	6	1	0	293	260	190	101	7	10	4
3	30	24	0	0	0	1	12	2	54	1	1	1	0	0	2	47	6	0	2	0	14	131	38	22	0	12	66	19	1	4	0	0	0	29	131	254	2805	0	4	2	17	364	26	108	4	90	11	19	50	5	2262	1564	4	52	6	4784	949	14165	253	19	365	2312	885	139	1931	0	2	83	1196	30	22	25	14	5	2	0	1398	1272	1206	520	16	43	16
3	1	3	0	8	1	4	67	4	234	7	1	23	0	4	2	7	0	0	0	5	5	40	10	140	0	0	3	53	3	24	0	0	5	18	316	9	20	0	1744	2	249	2317	173	1460	572	6	1064	2	256	54	738	9	0	1	1314	280	647	253	10599	0	4	19	4368	165	776	0	1	87	269	9	2	6	2	13	0	0	188	81	127	46	105	14	2
0	168	30	0	0	1	1	0	1	1	0	245	0	116	0	0	0	69	17	158	0	3	4	9	1	246	386	180	1	1	0	1	0	0	92	0	583	31	0	0	0	0	0	0	0	0	699	0	1836	0	0	1	61	90	165	0	2	3	19	0	4412	1293	1809	1	2	2	43	0	1	38	8	219	54	17	2	2	11	27	479	210	20	2	3	57
0	183	59	0	0	0	0	0	0	0	0	77	0	30	0	0	3	64	9	83	0	4	12	26	1	53	201	175	1	0	0	2	0	0	52	5	915	1366	0	0	1	0	8	2	2	0	1147	0	1480	7	1	35	1115	543	1764	0	64	44	365	4	1293	12545	4386	9	12	28	267	0	2	318	10	129	30	8	1	1	0	282	1624	802	173	5	11	43
1	261	134	0	0	1	1	1	1	11	0	62	0	30	0	0	18	50	7	66	0	19	126	84	3	44	207	253	5	0	5	0	0	0	80	12	2386	1932	0	0	1	3	31	2	16	0	315	1	1074	7	0	989	643	89	405	0	270	905	2312	19	1809	4386	15158	86	11	150	45	0	5	372	27	177	50	19	4	3	0	518	1490	722	234	4	17	26
5	0	0	0	3	1	3	34	4	113	2	0	6	0	4	1	4	0	0	0	3	0	35	2	70	0	0	4	30	2	9	0	0	6	9	205	11	65	0	708	0	144	2861	94	415	764	5	322	2	145	15	1125	22	0	1	511	1386	529	885	4368	1	9	86	10358	135	1318	0	0	81	311	5	1	5	2	5	0	0	211	120	158	52	22	3	1
1	1	0	0	0	0	0	2	0	15	0	0	0	1	0	0	2	0	0	0	0	0	8	0	9	0	0	1	3	0	1	0	0	0	1	1256	3	17	0	9	94	444	458	1045	42	17	127	87	9	2553	214	42	18	0	3	20	183	53	139	165	2	12	11	135	7507	916	0	318	1040	2083	6	1	1	1	0	0	0	278	89	624	150	285	290	4
4	3	1	0	0	0	2	25	2	112	4	0	5	0	1	0	7	2	0	0	1	4	45	5	57	0	0	8	26	2	10	0	0	2	12	870	25	217	0	14	0	45	2402	83	329	12	25	46	3	210	12	634	147	0	5	25	2996	509	1931	776	2	28	150	1318	916	8624	0	3	406	1151	13	1	6	5	2	0	0	577	313	397	172	35	25	5
0	0	0	0	0	0	0	0	0	0	0	2	0	0	0	0	0	1	0	2	0	0	0	0	0	0	1	1	0	0	0	0	0	0	1	0	3	0	0	0	0	0	0	0	0	0	186	0	390	0	0	0	0	4	1	0	0	0	0	0	43	267	45	0	0	0	417	0	0	1	0	3	1	0	0	0	0	0	20	7	1	0	0	1
0	0	0	0	0	0	0	0	0	0	0	0	0	0	0	0	0	0	0	0	0	0	0	0	0	0	0	0	0	0	0	0	0	0	1	3	1	0	0	0	222	116	2	527	0	0	22	1	0	174	27	0	0	1	0	1	3	0	2	1	0	0	0	0	318	3	0	905	1	242	0	0	1	0	0	0	0	10	7	41	13	31	202	0
1	0	0	0	0	0	0	2	0	8	0	0	0	0	0	0	2	0	0	0	0	0	5	0	7	0	0	0	1	0	0	0	0	0	1	266	2	13	0	6	0	26	182	54	22	7	10	23	1	155	10	34	7	0	1	7	81	27	83	87	1	2	5	81	1040	406	0	1	1478	819	5	1	0	1	1	0	0	153	56	137	42	24	12	2
2	15	6	0	1	0	0	6	0	34	0	5	0	2	0	1	5	6	1	4	0	3	29	11	23	0	10	20	6	4	4	0	0	5	21	464	109	363	0	15	131	276	507	521	89	23	495	83	61	793	137	294	789	14	197	27	958	222	1196	269	38	318	372	311	2083	1151	1	242	819	7711	28	16	21	13	5	0	0	1267	884	2521	658	269	490	41
207	67	446	0	5	8	105	374	125	107	31	61	28	72	142	77	242	357	5	82	6	417	286	942	211	6	270	387	331	239	532	0	3	305	2359	2	38	18	0	2	0	4	6	0	18	0	8	0	6	2	0	12	5	0	1	1	11	45	30	9	8	10	27	5	6	13	0	0	5	28	7920	971	2830	1643	1005	93	16	165	48	48	28	0	1	3
15	252	502	0	0	2	5	42	11	20	0	398	1	134	10	5	83	301	17	114	0	180	173	564	32	157	436	605	74	35	108	1	1	28	733	0	210	28	0	1	0	0	2	0	2	0	84	0	110	0	0	6	21	7	18	1	3	37	22	2	219	129	177	1	1	1	3	0	1	16	971	4118	846	342	46	18	111	10	92	32	3	1	0	6
235	162	716	0	1	56	251	333	236	69	26	754	39	189	267	107	206	863	50	465	5	591	241	1262	174	57	759	612	309	415	554	4	30	377	5352	2	68	21	0	0	0	0	5	0	10	0	16	1	22	0	0	11	5	2	3	1	5	44	25	6	54	30	50	5	1	6	1	1	0	21	2830	846	8411	3099	613	237	84	67	37	27	18	1	2	2
57	53	268	0	0	9	44	108	44	24	5	127	6	143	54	39	71	285	16	121	1	224	101	513	56	8	241	212	101	91	205	0	3	100	1689	1	28	9	0	0	0	1	1	0	4	0	8	1	9	0	0	4	4	0	1	1	4	22	14	2	17	8	19	2	1	5	0	0	1	13	1643	342	3099	3543	387	193	35	63	22	18	15	1	1	2
110	4	29	0	5	121	145	163	124	169	37	12	115	3	146	410	31	24	1	9	13	64	35	114	122	1	23	34	77	131	112	0	8	90	504	1	3	3	0	2	0	1	2	0	14	0	1	0	2	0	0	5	1	0	0	0	2	6	5	13	2	1	4	5	0	2	0	0	1	5	1005	46	613	387	2497	73	3	28	5	8	6	0	2	1
14	2	13	0	0	65	84	15	88	2	7	12	2	9	55	16	5	10	1	8	1	17	4	36	3	2	8	9	11	71	15	0	24	14	192	0	4	2	0	0	0	0	0	0	0	0	0	1	1	0	0	0	0	0	0	1	0	1	2	0	2	1	3	0	0	0	0	0	0	0	93	18	237	193	73	539	3	0	0	1	1	0	0	0
2	1	0	0	0	0	1	1	0	0	1	84	0	31	1	1	0	2	0	3	0	0	0	1	0	34	11	2	0	4	0	0	0	1	23	0	0	0	0	0	0	0	0	0	0	0	4	0	2	0	0	0	0	0	0	0	0	0	0	0	11	0	0	0	0	0	0	0	0	0	16	111	84	35	3	3	213	0	0	0	0	0	0	0
3	12	20	0	0	0	1	7	1	23	0	2	0	18	2	4	10	9	0	3	0	9	38	34	12	1	8	31	13	8	9	0	0	8	51	165	141	556	0	9	9	49	293	49	65	6	277	30	61	134	29	353	314	7	54	7	508	293	1398	188	27	282	518	211	278	577	0	10	153	1267	165	10	67	63	28	0	0	8016	2968	2049	1193	167	134	139
0	87	45	0	0	0	1	2	0	7	0	43	0	29	0	1	8	21	8	38	0	7	38	31	1	30	86	98	3	3	4	0	0	1	37	46	468	814	0	2	4	12	111	24	32	0	979	6	553	41	8	308	681	111	389	0	365	260	1272	81	479	1624	1490	120	89	313	20	7	56	884	48	92	37	22	5	0	0	2968	8988	2671	1022	25	61	324
0	25	20	0	0	0	1	5	0	16	0	17	0	22	0	0	7	10	3	10	0	6	26	17	3	7	30	34	2	2	3	0	0	1	25	166	200	629	0	4	34	117	259	179	47	11	1444	41	378	302	62	243	537	57	201	12	455	190	1206	127	210	802	722	158	624	397	7	41	137	2521	48	32	27	18	8	1	0	2049	2671	7895	2265	214	378	349
0	6	4	0	0	0	0	3	0	10	0	2	0	9	0	2	3	2	0	2	0	4	17	9	2	0	6	11	1	1	1	0	0	1	11	60	56	220	0	0	11	38	93	34	16	4	582	16	73	71	17	107	173	12	44	4	190	101	520	46	20	173	234	52	150	172	1	13	42	658	28	3	18	15	6	1	0	1193	1022	2265	2847	59	237	178
0	0	0	0	0	0	0	3	1	8	0	0	1	0	0	0	0	0	0	0	0	0	2	1	3	0	0	1	1	0	0	0	0	0	0	80	3	6	0	4	101	192	72	133	237	5	33	106	6	230	552	7	1	0	0	15	19	7	16	105	2	5	4	22	285	35	0	31	24	269	0	1	1	1	0	0	0	167	25	214	59	1607	158	2
0	0	1	0	0	0	0	1	0	3	0	1	0	0	0	0	0	0	0	0	0	0	2	0	2	0	0	1	0	0	0	0	0	0	2	30	4	7	0	0	283	118	23	184	5	1	182	6	6	138	66	10	11	0	8	0	17	10	43	14	3	11	17	3	290	25	0	202	12	490	1	0	2	1	2	0	0	134	61	378	237	158	1129	10
0	0	2	0	0	0	0	0	0	0	0	1	0	28	0	0	0	1	0	0	0	1	0	2	0	1	4	1	0	0	0	0	0	0	1	2	9	11	0	0	0	0	1	1	1	0	399	1	270	1	2	3	13	8	10	0	8	4	16	2	57	43	26	1	4	5	1	0	2	41	3	6	2	2	1	0	0	139	324	349	178	2	10	713
