0.0240608098231	0	0.000623690493593	0	0	0	0.000146177459436	0.00589582419724	0.0109730546216	0	0	9.74516396238e-06	0	0	0.0169858207864	0	0	0.000906300248502	0	9.74516396238e-06	0	0.0045607367344	0	0.00386883009307	0.000682161477367	0	9.74516396238e-06	0	0.00511621108025	0.0147931588949	0.0152024557813	0	0	0.00575939190177	0.00324513959947	0	0	0	0	0	0	0	0	0	0	0	0	0	0	0	0	0	0	0	0	0	0	0	0	0	0	0	0	0	0	0	0	0	0	0	0	0	9.74516396238e-06	0	0	0	0	0	0	0	0	0	0	0
0	0.0564634799981	9.74516396238e-06	0	0	0	0	0	0	0	0	0	0	0.00100375188813	0	0	0.00473614968572	0.000107196803586	0	0.000224138771135	0	0	0.00719193100424	0.00128636164303	0.00288456853287	0.00251425230229	0.0106514642109	0.0513277785899	0	0	0	6.82161477367e-05	0	0	6.82161477367e-05	0	0.0258929006481	0.000107196803586	0	0	0	0	0	0	0	0	0	0	2.92354918872e-05	0	0	0.00371290746967	0.000974516396238	0	9.74516396238e-06	0	0	0.00785460215368	2.92354918872e-05	0	0.000399551722458	0.0034985138625	0.0376358232227	0	0	0	0	0	0	0	0	0	3.89806558495e-05	2.92354918872e-05	0	0	0	9.74516396238e-06	0	0	0	0	0	0
0.000623690493593	9.74516396238e-06	0.0638600594455	0	0	0	0	1.94903279248e-05	0.00210495541587	0	0	0.000419042050382	0	0	0.00211470057984	0	0.00153973590606	0.0102226769965	3.89806558495e-05	0.000789358280953	0	0.000565219509818	0.000516493690006	0.0260195877796	0	0	0.0105150319154	0.0308921697608	0	0.00192954246455	0.00216342639965	0	0	0.00119865516737	0.000964771232276	0	0	0.000175412951323	0	0	0	0	0	0	1.94903279248e-05	0	0	0	0	0	0	0.00943331871559	9.74516396238e-06	0	0	0	0.00687034059348	0.010095989865	0.0166155045559	1.94903279248e-05	0	0	0.000935535740389	0.000380061394533	0	0	0	0	0	0	0.000945280904351	9.74516396238e-06	0.0112751547045	0.00870243141841	0.006217414608	0.0028748233689	9.74516396238e-06	0.00622715977196	0	1.94903279248e-05	9.74516396238e-06	9.74516396238e-06	0	0
0	0	0	0	0	0	0	0	0	0	0	0	0	0	0	0	0	0	0	0	0	0	0	0	0	0	0	0	0	0	0	0	0	0	0	0	0	0	0	0	0	0	0	0	0	0	0	0	0	0	0	0	0	0	0	0	0	0	0	0	0	0	0	0	0	0	0	0	0	0	0	0	0	0	0	0	0	0	0	0	0	0	0	0
0	0	0	0	0.0179505920187	0.000165667787361	0.00281635238513	0.000370316230571	0.00665594698631	0.000126687131511	0.00024362909906	0.00156897139794	0.00595429518102	0.000185158115285	0.00491156263704	0.000350825902646	0	0	0.00112069385567	1.94903279248e-05	0.00731861813575	0	0	0	0.0108561126541	0	0.000555474345856	0	0.00395653656873	0.00783511182576	0.000136432295473	1.94903279248e-05	0.000438532378307	0.00164693270964	0.00495054329289	9.74516396238e-06	0	0	0	0.00176387467719	9.74516396238e-06	0.000302100082834	1.94903279248e-05	3.89806558495e-05	0.000760122789066	0.00201724894021	0.000175412951323	0.000623690493593	0	0.000175412951323	0	0	0	0	0	0.00227062320324	0	0	0	0.00110120352775	0	1.94903279248e-05	0	0.00132534229888	0.000311845246796	0	0	0	0	0	0.000691906641329	0.000107196803586	0.00288456853287	0.000107196803586	0.000302100082834	8.77064756615e-05	0	0.000136432295473	0	0.00024362909906	0	0.000116941967549	9.74516396238e-06	0
0	0	0	0	0.000165667787361	0.0030307459923	0.00140330361058	0	0.00114992934756	0	0.000116941967549	0	0.000185158115285	0	0	0.000428787214345	1.94903279248e-05	0	0	0	0.000545729181893	0.000214393607172	0	0.000214393607172	0.000721142133216	0	0	0	0.000594455001705	3.89806558495e-05	0	0	0.000565219509818	0	0.000116941967549	0	0	0	0	9.74516396238e-06	0	0	0	0	3.89806558495e-05	0	0	0	0	0	0	0	0	0	0	0	0	0	0	9.74516396238e-06	0	0	0	3.89806558495e-05	0	0	0	0	0	0	0.000107196803586	0	0.000311845246796	0.00024362909906	0.000750377625104	0.000214393607172	0	0	0	0	0	0	0	0
0.000146177459436	0	0	0	0.00281635238513	0.00140330361058	0.0302587341032	0.00260195877796	0.0163913657847	0	0.00608098231253	0.00202699410418	0.0111874482288	0.00100375188813	0.00406373337231	0.00269941041758	0	0	0.000126687131511	4.87258198119e-05	0.0114798031477	0	0	0	0.00566194026214	1.94903279248e-05	0.00109145836379	0	0.0082638990401	0.00823466354821	0.000721142133216	9.74516396238e-06	0.000701651805292	0.00157871656191	0.00575939190177	0	9.74516396238e-06	9.74516396238e-06	0	0	0	0	0	0	1.94903279248e-05	0	0	1.94903279248e-05	9.74516396238e-06	0	0	0	0	0	0	9.74516396238e-06	0	0	0	1.94903279248e-05	1.94903279248e-05	0	0	0	0	0	0	0	0	0	0.00230960385908	0.000126687131511	0.00297227500853	7.79613116991e-05	0.00151050041417	0	0	1.94903279248e-05	0	0	0	1.94903279248e-05	0	0
0.00589582419724	0	1.94903279248e-05	0	0.000370316230571	0	0.00260195877796	0.0251522681869	0.00921892510841	0	0.000263119426984	0.000175412951323	0.000165667787361	1.94903279248e-05	0.00541831116309	0	0	9.74516396238e-06	0.000136432295473	5.84709837743e-05	0.000282609754909	0.000506748526044	0	0.00020464844321	0.00142279393851	0	7.79613116991e-05	0	0.0171904692296	0.00362520099401	0.00413194952005	0	4.87258198119e-05	0.00362520099401	0.00352774935438	0	0	0	0	0	0	0	0	0	0	0	0	0	0	0	0	0	0	0	0	0	0	0	0	0	0	0	0	0	0	0	0	0	0	0	0	0	0.000370316230571	0	0	0	0	0	0	0	0	0	0	0
0.0109730546216	0	0.00210495541587	0	0.00665594698631	0.00114992934756	0.0163913657847	0.00921892510841	0.0616284168981	0	0.00363494615797	0.000721142133216	0.00964771232276	3.89806558495e-05	0.0376553135507	0.000838084100765	0	0.0039370462408	0.000477513034157	0.000253374263022	0.0121327291332	0.00477513034157	0	0.00844905715539	0.00969643814257	0	0.000302100082834	0	0.0142864103689	0.0288456853287	0.0184475953808	0	0.00534034985139	0.0153876138966	0.0176777274278	0	0	2.92354918872e-05	0	0.00024362909906	0	0	0	0	0.000272864590947	9.74516396238e-06	0	2.92354918872e-05	0	0	0	0	9.74516396238e-06	0	0	2.92354918872e-05	0	0	0	0.000282609754909	0	0	0	0.000175412951323	0	0	0	0	0	0	0.00245578131852	0.000506748526044	0.00426838181552	0.000370316230571	0.000506748526044	0.000136432295473	0.000302100082834	0.000126687131511	0	0	0	3.89806558495e-05	0	0
0	0	0	0	0.000126687131511	0	0	0	0	0.00993032207767	0	0	0.000955026068314	0	0	0.000360571066608	0.0022803683672	0	0	0	8.77064756615e-05	0	0.00375188812552	0	0.00566194026214	0	0	0	0	4.87258198119e-05	0	0	0	4.87258198119e-05	4.87258198119e-05	0	0	0	0	0.000175412951323	0	0	0	0	0.0029527846806	0	0	9.74516396238e-06	0	0	0	0	0	0	0	0	0	0	0	0.00274813623739	0	0	0	0.00147151975832	0	0	0	0	0	0	0.000935535740389	0	0	0	0.000701651805292	0	0	0	0	0	0	0	0	0
0	0	0	0	0.00024362909906	0.000116941967549	0.00608098231253	0.000263119426984	0.00363494615797	0	0.0141402329094	0	0.00278711689324	0	0.000165667787361	0.000224138771135	0	0	0	0	0.00545729181893	0	0	0	0.000623690493593	2.92354918872e-05	0	0	0.00155922623398	0.000302100082834	0	0	8.77064756615e-05	9.74516396238e-06	0.000146177459436	0	0	0	0	0.000136432295473	0.000224138771135	0.00108171319982	0.00138381328266	0.000789358280953	9.74516396238e-05	0.00418067533986	0.00115967451152	0.00252399746626	0.000136432295473	0.000399551722458	0.000253374263022	0	0	0.000126687131511	0.000292354918872	0.000438532378307	0	0	0	5.84709837743e-05	7.79613116991e-05	0.000136432295473	0	0.000672416313404	0.000565219509818	0	0	0	0	0	0.000224138771135	9.74516396238e-06	0.000233883935097	0	9.74516396238e-06	0	2.92354918872e-05	0.000136432295473	0	0.00162744238172	0	0.000760122789066	9.74516396238e-06	6.82161477367e-05
9.74516396238e-06	0	0.000419042050382	0	0.00156897139794	0	0.00202699410418	0.000175412951323	0.000721142133216	0	0	0.039380207572	0.00588607903328	0.0137114456951	0.00382984943722	0.000155922623398	6.82161477367e-05	0.000185158115285	0.00937484773181	0.00842956682746	0.00542805632705	0.000194903279248	0	0.00167616820153	0.00242654582663	0.000662671149442	0.0153973590606	0.000419042050382	0.000594455001705	0.01347756176	0.000185158115285	0.000565219509818	0.00185158115285	0.00191005213663	0.0272279881109	0	0	0	0	0.000116941967549	0	0	0	0	0.000389806558495	4.87258198119e-05	0.00112069385567	0.000165667787361	0.00158846172587	0	0	9.74516396238e-06	5.84709837743e-05	0	5.84709837743e-05	3.89806558495e-05	0	9.74516396238e-06	9.74516396238e-06	0.000438532378307	0.000321590410759	6.82161477367e-05	0	0.000116941967549	0	0	0	0	0	0	0.00136432295473	0.00191005213663	0.00697753739707	0.000194903279248	3.89806558495e-05	0	0.000116941967549	0.000282609754909	0.00229985869512	1.94903279248e-05	0	0.000233883935097	0	0.000604200165668
0	0	0	0	0.00595429518102	0.000185158115285	0.0111874482288	0.000165667787361	0.00964771232276	0.000955026068314	0.00278711689324	0.00588607903328	0.0307557374653	0.00166642303757	0.0110705062613	0.00239731033475	0	0	0.00210495541587	0	0.0219753447352	0	0	0	0.00644155337914	2.92354918872e-05	0.00301125566438	0	0.00205622959606	0.0153876138966	9.74516396238e-06	1.94903279248e-05	0.000740632461141	0.000497003362082	0.00922867027238	0	9.74516396238e-06	9.74516396238e-06	0	9.74516396238e-06	0	6.82161477367e-05	0	0	2.92354918872e-05	3.89806558495e-05	1.94903279248e-05	9.74516396238e-05	2.92354918872e-05	0	0	0	0	0	0	5.84709837743e-05	0	0	0	2.92354918872e-05	5.84709837743e-05	0	0	0	0	0	0	0	0	0	0.00260195877796	0.000146177459436	0.00360571066608	9.74516396238e-05	0.00133508746285	9.74516396238e-06	9.74516396238e-06	1.94903279248e-05	0	7.79613116991e-05	0	8.77064756615e-05	0	3.89806558495e-05
0	0.00100375188813	0	0	0.000185158115285	0	0.00100375188813	1.94903279248e-05	3.89806558495e-05	0	0	0.0137114456951	0.00166642303757	0.0412902597086	0.00312819763193	2.92354918872e-05	2.92354918872e-05	0	0.000107196803586	0	0.00152999074209	6.82161477367e-05	0	0.000224138771135	0.000399551722458	0.0177264532476	0.003108707304	0.00956975101106	0.000116941967549	0.00640257272329	0	0.00583735321347	0.00183209082493	0.000955026068314	0.00856599912294	0	0.00183209082493	9.74516396238e-06	0	0.000126687131511	0	0	4.87258198119e-05	9.74516396238e-06	0.000711396969254	0.000165667787361	0.00681186960971	0.000438532378307	0.00710422452858	0	0	0	2.92354918872e-05	0.000292354918872	0	5.84709837743e-05	0	1.94903279248e-05	0	0.000925790576426	0.00271890074551	0.0100082833894	0.00269941041758	0.000389806558495	0	0	8.77064756615e-05	0	0	0	0.00284558787702	0.0022803683672	0.00254348779418	0.00125712615115	9.74516396238e-06	2.92354918872e-05	0.00192954246455	0.000896555084539	0.00855625395897	9.74516396238e-06	0	0.000526238853969	0	0.00123763582322
0.0169858207864	0	0.00211470057984	0	0.00491156263704	0	0.00406373337231	0.00541831116309	0.0376553135507	0	0.000165667787361	0.00382984943722	0.0110705062613	0.00312819763193	0.0606733908298	0.000214393607172	0.000662671149442	0.00406373337231	0.00040929688642	0.000214393607172	0.0116162354432	0.006217414608	0	0.00869268625445	0.00779613116991	0.000146177459436	0.000302100082834	1.94903279248e-05	0.00732836329971	0.0441943185694	0.0253569166301	0	0.00297227500853	0.0214685962091	0.0242264776105	0	9.74516396238e-06	3.89806558495e-05	0	0.000370316230571	0	0	0	0	0.000438532378307	1.94903279248e-05	3.89806558495e-05	8.77064756615e-05	6.82161477367e-05	0	0	0	0	0	0	9.74516396238e-05	0	0	0	0.000477513034157	9.74516396238e-05	0	0	0.000224138771135	0	0	0	0	0	0	0.00150075525021	0.000808848608878	0.00350825902646	0.00065292598548	0.000155922623398	0	7.79613116991e-05	0.000214393607172	0	0	0	0.000107196803586	0	6.82161477367e-05
0	0	0	0	0.000350825902646	0.000428787214345	0.00269941041758	0	0.000838084100765	0.000360571066608	0.000224138771135	0.000155922623398	0.00239731033475	2.92354918872e-05	0.000214393607172	0.00525264337572	2.92354918872e-05	0	0	0	0.000769867953028	9.74516396238e-06	0	2.92354918872e-05	0.000389806558495	0	0.000155922623398	0	9.74516396238e-05	0.00111094869171	0	0	0.000370316230571	0	0.00102324221605	0	0	0	0	9.74516396238e-05	0	0	9.74516396238e-06	0	0.000214393607172	1.94903279248e-05	0	9.74516396238e-06	0	0	0	0	0	0	0	0	0	0	0	0.000175412951323	0	0	0	0.000136432295473	0	0	0	0	0	0	0.00151050041417	0	0.00103298738001	0.000146177459436	0.00306972664815	0	0	9.74516396238e-06	0	0	0	0	0	0
0	0.00473614968572	0.00153973590606	0	0	1.94903279248e-05	0	0	0	0.0022803683672	0	6.82161477367e-05	0	2.92354918872e-05	0.000662671149442	2.92354918872e-05	0.0287287433611	0	9.74516396238e-06	9.74516396238e-06	0	0.000945280904351	0.0152122009453	0.00863421527067	0.00994981240559	4.87258198119e-05	4.87258198119e-05	0.0128831067583	0.00313794279589	0.00277737172928	0	9.74516396238e-06	0	0.0029527846806	0.00359596550212	0	0	0	0	0	0	0	0	0	0.00821517322029	0	0	0	0	0	0	0.0062953759197	0	0	0	0	0.00152999074209	0.00607123714857	0.00231934902305	0.0071237148565	0	0	0	0.00505774009648	0	0	0	0	0	0	0.000389806558495	0	0.00128636164303	0.000399551722458	0.000272864590947	9.74516396238e-05	9.74516396238e-06	9.74516396238e-06	0	0	0	9.74516396238e-06	0	0
0.000906300248502	0.000107196803586	0.0102226769965	0	0	0	0	9.74516396238e-06	0.0039370462408	0	0	0.000185158115285	0	0	0.00406373337231	0	0	0.0345660965746	0	0.00537933050724	0	0.00157871656191	0	0.00893631535351	0	0	0.0157676752911	0.00750377625104	0	0.00408322370024	0.00488232714515	0	0	0.00325488476344	0.00644155337914	0	0.000155922623398	2.92354918872e-05	0	0	0	0	0	0	0	0	0	0	0	0	0	9.74516396238e-06	0.000272864590947	0	1.94903279248e-05	0	0	9.74516396238e-06	7.79613116991e-05	0	0	0.000107196803586	0.000399551722458	0	0	0	0	0	0	0	0	0	0.000214393607172	0.000136432295473	0	0	0	3.89806558495e-05	0	9.74516396238e-06	0	0	0	0
0	0	3.89806558495e-05	0	0.00112069385567	0	0.000126687131511	0.000136432295473	0.000477513034157	0	0	0.00937484773181	0.00210495541587	0.000107196803586	0.00040929688642	0	9.74516396238e-06	0	0.0113823515081	0.00208546508795	0.00214393607172	3.89806558495e-05	0	0.000769867953028	0.00177361984115	0	0.00584709837743	0.000838084100765	0.000360571066608	0.00339131705891	4.87258198119e-05	9.74516396238e-05	0	0.00123763582322	0.00740632461141	0	0	0	0	7.79613116991e-05	0	0	0	0	0.000224138771135	1.94903279248e-05	0	0.000107196803586	0	0	0	0	0	0	0	1.94903279248e-05	0	0	0	0.000233883935097	0	0	0	6.82161477367e-05	0	0	0	0	0	0	0.00146177459436	0.00203673926814	0.00368367197778	0.000321590410759	0	0	0	0.000116941967549	0	0	0	0.000107196803586	0	0
9.74516396238e-06	0.000224138771135	0.000789358280953	0	1.94903279248e-05	0	4.87258198119e-05	5.84709837743e-05	0.000253374263022	0	0	0.00842956682746	0	0	0.000214393607172	0	9.74516396238e-06	0.00537933050724	0.00208546508795	0.0191979730059	9.74516396238e-06	0.000526238853969	0	0.00101349705209	0.000136432295473	0	0.0131267358573	0.00130585197096	6.82161477367e-05	0.000331335574721	0.000428787214345	0	0	0.000535984017931	0.0106612093748	0	0.000672416313404	2.92354918872e-05	0	5.84709837743e-05	0	0	0	0	0.00020464844321	9.74516396238e-06	0	7.79613116991e-05	0	0	0	9.74516396238e-06	0.0014520294304	0	0.000389806558495	9.74516396238e-06	0	9.74516396238e-06	0.000185158115285	0.00020464844321	0	0.000399551722458	0.000838084100765	3.89806558495e-05	0	0	0	0	0	0	0.000146177459436	0.000350825902646	0.00298202017249	0.000458022706232	0	0	0	0.000175412951323	9.74516396238e-06	0.000126687131511	0	8.77064756615e-05	0	0
0	0	0	0	0.00731861813575	0.000545729181893	0.0114798031477	0.000282609754909	0.0121327291332	8.77064756615e-05	0.00545729181893	0.00542805632705	0.0219753447352	0.00152999074209	0.0116162354432	0.000769867953028	0	0	0.00214393607172	9.74516396238e-06	0.0307849729572	0	0	0	0.00777664084198	2.92354918872e-05	0.00260195877796	0	0.00459971739025	0.015017297666	9.74516396238e-06	1.94903279248e-05	0.00081859377284	0.000545729181893	0.00835160551576	0	9.74516396238e-06	9.74516396238e-06	0	9.74516396238e-05	0	0.000302100082834	0	0.000399551722458	0.000389806558495	0.00222189738342	0.00128636164303	0.00207571992399	0.000292354918872	5.84709837743e-05	0	0	0	0	0	0.000263119426984	0	0	0	6.82161477367e-05	5.84709837743e-05	9.74516396238e-06	0	0.000360571066608	5.84709837743e-05	0	0	0	0	7.79613116991e-05	0.00223164254739	0.000155922623398	0.00344004287872	0.000116941967549	0.000292354918872	9.74516396238e-06	9.74516396238e-06	0.000467767870194	0	0.00149101008624	0	0.0012181454953	0	3.89806558495e-05
0.0045607367344	0	0.000565219509818	0	0	0.000214393607172	0	0.000506748526044	0.00477513034157	0	0	0.000194903279248	0	6.82161477367e-05	0.006217414608	9.74516396238e-06	0.000945280904351	0.00157871656191	3.89806558495e-05	0.000526238853969	0	0.0444282025045	0.000565219509818	0.0294693758222	0.000292354918872	0	0.000272864590947	5.84709837743e-05	0.0133606197924	0.00824440871218	0.0152122009453	0	0	0.00725040198801	0.0162062076694	0	0	0	0	0	0	0	0	0	0.00361545583004	0	0	0	0	0	0	0.000107196803586	0	0	0	0	9.74516396238e-06	1.94903279248e-05	9.74516396238e-06	0.00112069385567	0	0	0	0.00364469132193	0	0	0	0	0	0	0.000194903279248	9.74516396238e-06	0.00402475271646	0.00140330361058	0.000916045412464	0.000419042050382	3.89806558495e-05	0	0	0	0	0	0	0
0	0.00719193100424	0.000516493690006	0	0	0	0	0	0	0.00375188812552	0	0	0	0	0	0	0.0152122009453	0	0	0	0	0.000565219509818	0.0273254397505	0.00681186960971	0.00604200165668	0.000136432295473	0	0.0142864103689	0	0	0	0	0	0	0	0	0	0	0	0	0	0	0	0	0.00517468206403	0	0	0	0	0	0	0.00587633386932	0	0	0	0	0.000994006724163	0.00575939190177	0.00218291672757	0.0051551917361	0	0	0.000497003362082	0.00352774935438	0	0	0	0	0	0	6.82161477367e-05	0	0	0	0	0	0	0	0	0	0	0	0	0
0.00386883009307	0.00128636164303	0.0260195877796	0	0	0.000214393607172	0	0.00020464844321	0.00844905715539	0	0	0.00167616820153	0	0.000224138771135	0.00869268625445	2.92354918872e-05	0.00863421527067	0.00893631535351	0.000769867953028	0.00101349705209	0	0.0294693758222	0.00681186960971	0.0944208936315	0.00109145836379	0	0.00339131705891	0.0211372606344	0.00880962822199	0.00946255420747	0.0131169906934	1.94903279248e-05	0	0.00697753739707	0.0214003800614	0	0	0	0	0	0	0	0	0	0.00789358280953	0	0	0	0	0	0	0.0131657165132	0	0	0	0	0.00578862739366	0.0127661647907	0.0105345222433	0.00458997222628	0	0	9.74516396238e-06	0.00609072747649	0	0	0	0	0	0	0.00175412951323	2.92354918872e-05	0.0190810310383	0.0061394532963	0.0039370462408	0.00187107148078	0.000107196803586	0.00213419090776	0	0	0	0	0	0
0.000682161477367	0.00288456853287	0	0	0.0108561126541	0.000721142133216	0.00566194026214	0.00142279393851	0.00969643814257	0.00566194026214	0.000623690493593	0.00242654582663	0.00644155337914	0.000399551722458	0.00779613116991	0.000389806558495	0.00994981240559	0	0.00177361984115	0.000136432295473	0.00777664084198	0.000292354918872	0.00604200165668	0.00109145836379	0.0576134093456	0.000136432295473	0.000769867953028	0.00280660722117	0.0161379915217	0.0211762412903	0.000789358280953	6.82161477367e-05	0.00110120352775	0.0149783170102	0.0201919797301	0	0	9.74516396238e-06	0	0.00488232714515	0	0	9.74516396238e-06	0	0.0107196803586	0.00247527164645	0	7.79613116991e-05	0	0	1.94903279248e-05	0	0	0	0	0.000253374263022	0	0	0	0.0103396189641	0	0	0	0.00687034059348	0	0	0	0	0	0	0.00315743312381	0.000321590410759	0.00671441797008	0.000721142133216	0.00124738098719	0.000272864590947	9.74516396238e-05	0.000146177459436	0	0	0	2.92354918872e-05	0	0
0	0.00251425230229	0	0	0	0	1.94903279248e-05	0	0	0	2.92354918872e-05	0.000662671149442	2.92354918872e-05	0.0177264532476	0.000146177459436	0	4.87258198119e-05	0	0	0	2.92354918872e-05	0	0.000136432295473	0	0.000136432295473	0.0225015835891	0.000730887297179	0.010875602982	0	0.000263119426984	0	0.00246552648248	0.000146177459436	0	0.000399551722458	0	0.00298202017249	0	0	0	0	2.92354918872e-05	0	5.84709837743e-05	1.94903279248e-05	4.87258198119e-05	0.00294303951664	4.87258198119e-05	0.00550601763875	7.79613116991e-05	0	0	0	0	0	0	0	1.94903279248e-05	0	1.94903279248e-05	0.00367392681382	0.0090142766652	0.00433659796326	0	9.74516396238e-06	0	3.89806558495e-05	1.94903279248e-05	0	1.94903279248e-05	0	0	2.92354918872e-05	0	0	0	0.000458022706232	0	0.00271890074551	0.000116941967549	0	4.87258198119e-05	0	0.0012181454953
9.74516396238e-06	0.0106514642109	0.0105150319154	0	0.000555474345856	0	0.00109145836379	7.79613116991e-05	0.000302100082834	0	0	0.0153973590606	0.00301125566438	0.003108707304	0.000302100082834	0.000155922623398	4.87258198119e-05	0.0157676752911	0.00584709837743	0.0131267358573	0.00260195877796	0.000272864590947	0	0.00339131705891	0.000769867953028	0.000730887297179	0.0813136481021	0.0262437265507	0.000292354918872	0.00387857525703	0.000292354918872	0.00282609754909	0	0.00105247770794	0.0143253910247	0	0.011392096672	9.74516396238e-06	0	8.77064756615e-05	0	0	9.74516396238e-06	0	0.000302100082834	3.89806558495e-05	0.00117916483945	0.000116941967549	1.94903279248e-05	0	0	1.94903279248e-05	0.00286507820494	3.89806558495e-05	0.000545729181893	1.94903279248e-05	0	9.74516396238e-06	0.000116941967549	0.000350825902646	0	0.00642206305121	0.0142961555328	0.000136432295473	0	0	0	0	0	0	0.00421965599571	0.0059055693612	0.00581786288554	0.000623690493593	3.89806558495e-05	0	9.74516396238e-06	0.000438532378307	0.00135457779077	0.000126687131511	9.74516396238e-06	0.000165667787361	0	0
0	0.0513277785899	0.0308921697608	0	0	0	0	0	0	0	0	0.000419042050382	0	0.00956975101106	1.94903279248e-05	0	0.0128831067583	0.00750377625104	0.000838084100765	0.00130585197096	0	5.84709837743e-05	0.0142864103689	0.0211372606344	0.00280660722117	0.010875602982	0.0262437265507	0.165482629245	9.74516396238e-06	7.79613116991e-05	0	0.00240705549871	6.82161477367e-05	4.87258198119e-05	0.000535984017931	0	0.0275105978658	0.000672416313404	0	1.94903279248e-05	0	0	0	9.74516396238e-06	0.000789358280953	4.87258198119e-05	0.000721142133216	7.79613116991e-05	0.00168591336549	0	0	0.0378891974857	0.000672416313404	0.000847829264727	0.000224138771135	2.92354918872e-05	0.0054670369829	0.0419919115139	0.0307362471374	0.00123763582322	0.00151050041417	0.0140427812698	0.0547775666326	0.000107196803586	0	0	0	0	0	0	0.00476538517761	0.000847829264727	0.00911172830483	0.00459971739025	0.00321590410759	0.00158846172587	9.74516396238e-06	0.00160795205379	0.00182234566097	2.92354918872e-05	9.74516396238e-06	0.000107196803586	0	0.000194903279248
0.00511621108025	0	0	0	0.00395653656873	0.000594455001705	0.0082638990401	0.0171904692296	0.0142864103689	0	0.00155922623398	0.000594455001705	0.00205622959606	0.000116941967549	0.00732836329971	9.74516396238e-05	0.00313794279589	0	0.000360571066608	6.82161477367e-05	0.00459971739025	0.0133606197924	0	0.00880962822199	0.0161379915217	0	0.000292354918872	9.74516396238e-06	0.0673001023242	0.0118208838864	0.0132826584807	2.92354918872e-05	0.000808848608878	0.0112459192126	0.013730936023	0	0	0	0	0.00312819763193	0	0	9.74516396238e-06	0	0.0073575987916	0.0037811236174	1.94903279248e-05	0	0	0	0	0	0	0	0	0.00044827754227	0	0	0	0.00653900501876	9.74516396238e-06	0	0	0.00707498903669	0	0	0	0	0	0	0.000789358280953	7.79613116991e-05	0.00447303025873	0.000428787214345	0.000233883935097	0.000419042050382	9.74516396238e-06	0.000155922623398	0	6.82161477367e-05	0	0	0	9.74516396238e-06
0.0147931588949	0	0.00192954246455	0	0.00783511182576	3.89806558495e-05	0.00823466354821	0.00362520099401	0.0288456853287	4.87258198119e-05	0.000302100082834	0.01347756176	0.0153876138966	0.00640257272329	0.0441943185694	0.00111094869171	0.00277737172928	0.00408322370024	0.00339131705891	0.000331335574721	0.015017297666	0.00824440871218	0	0.00946255420747	0.0211762412903	0.000263119426984	0.00387857525703	7.79613116991e-05	0.0118208838864	0.0939238902695	0.0280855625396	4.87258198119e-05	0.00841007649954	0.045344247917	0.0638308239536	0	1.94903279248e-05	5.84709837743e-05	0	0.00234858451493	0	0	0	0	0.00371290746967	0.000789358280953	3.89806558495e-05	0.000399551722458	7.79613116991e-05	0	9.74516396238e-06	9.74516396238e-06	1.94903279248e-05	0	0	0.000682161477367	0	0	0	0.00382010427325	0.000116941967549	9.74516396238e-06	9.74516396238e-06	0.00118891000341	0	0	0	0	0	0	0.00713346002046	0.00156897139794	0.0158164011109	0.0012181454953	0.00081859377284	0.000974516396238	0.000497003362082	0.000847829264727	9.74516396238e-06	0	0	0.00040929688642	0	6.82161477367e-05
0.0152024557813	0	0.00216342639965	0	0.000136432295473	0	0.000721142133216	0.00413194952005	0.0184475953808	0	0	0.000185158115285	9.74516396238e-06	0	0.0253569166301	0	0	0.00488232714515	4.87258198119e-05	0.000428787214345	9.74516396238e-06	0.0152122009453	0	0.0131169906934	0.000789358280953	0	0.000292354918872	0	0.0132826584807	0.0280855625396	0.0518637626078	0	0	0.0190712858744	0.0168104078351	0	0	0	0	0	0	0	0	0	0	0	0	0	0	0	0	0	0	0	0	0	0	0	0	0	0	0	0	0	0	0	0	0	0	0	0	0	0.000233883935097	0	0	0	0	0	0	0	0	0	0	0
0	6.82161477367e-05	0	0	1.94903279248e-05	0	9.74516396238e-06	0	0	0	0	0.000565219509818	1.94903279248e-05	0.00583735321347	0	0	9.74516396238e-06	0	9.74516396238e-05	0	1.94903279248e-05	0	0	1.94903279248e-05	6.82161477367e-05	0.00246552648248	0.00282609754909	0.00240705549871	2.92354918872e-05	4.87258198119e-05	0	0.00656824051065	0	8.77064756615e-05	0.000428787214345	0	0.000350825902646	0	0	9.74516396238e-06	0	0	0	0	3.89806558495e-05	9.74516396238e-06	0.0017346391853	1.94903279248e-05	0.00020464844321	0	0	0	0	6.82161477367e-05	0	0	0	0	0	4.87258198119e-05	3.89806558495e-05	0.00382010427325	0.000604200165668	1.94903279248e-05	0	0	0	0	0	0	0.000994006724163	0.00123763582322	0.000438532378307	7.79613116991e-05	0	0	9.74516396238e-06	3.89806558495e-05	0.00135457779077	0	0	2.92354918872e-05	0	9.74516396238e-06
0	0	0	0	0.000438532378307	0.000565219509818	0.000701651805292	4.87258198119e-05	0.00534034985139	0	8.77064756615e-05	0.00185158115285	0.000740632461141	0.00183209082493	0.00297227500853	0.000370316230571	0	0	0	0	0.00081859377284	0	0	0	0.00110120352775	0.000146177459436	0	6.82161477367e-05	0.000808848608878	0.00841007649954	0	0	0.0120450226575	0.00133508746285	0.00829313453199	0	0	2.92354918872e-05	0	0.000535984017931	0	0	0	0	0.000633435657555	4.87258198119e-05	9.74516396238e-06	6.82161477367e-05	9.74516396238e-06	0	0	9.74516396238e-06	9.74516396238e-06	0	0	4.87258198119e-05	0	0	0	0.000672416313404	2.92354918872e-05	0	9.74516396238e-06	0.000428787214345	0	0	0	0	0	0	0.00292354918872	0.000555474345856	0.00487258198119	0.00044827754227	0.000263119426984	0.000458022706232	0.000438532378307	0.000311845246796	0	0	0	0.000116941967549	0	9.74516396238e-06
0.00575939190177	0	0.00119865516737	0	0.00164693270964	0	0.00157871656191	0.00362520099401	0.0153876138966	4.87258198119e-05	9.74516396238e-06	0.00191005213663	0.000497003362082	0.000955026068314	0.0214685962091	0	0.0029527846806	0.00325488476344	0.00123763582322	0.000535984017931	0.000545729181893	0.00725040198801	0	0.00697753739707	0.0149783170102	0	0.00105247770794	4.87258198119e-05	0.0112459192126	0.045344247917	0.0190712858744	8.77064756615e-05	0.00133508746285	0.0531306339229	0.0470009257906	0	0	1.94903279248e-05	0	0.00346927837061	0	0.000185158115285	0	9.74516396238e-06	0.00788383764557	0.00177361984115	1.94903279248e-05	0.00237782000682	0	0	9.74516396238e-06	2.92354918872e-05	8.77064756615e-05	0	0	0.00197826828436	0	0	0	0.00833211518784	0	0.000126687131511	7.79613116991e-05	0.00223164254739	0	0	0	9.74516396238e-06	0	0	0.00142279393851	0.000526238853969	0.0119962968377	0.00215368123569	9.74516396238e-06	0.000799103444915	0.000633435657555	0.00285533304098	0.000116941967549	9.74516396238e-06	0	0.00266042976173	0	0
0.00324513959947	6.82161477367e-05	0.000964771232276	0	0.00495054329289	0.000116941967549	0.00575939190177	0.00352774935438	0.0176777274278	4.87258198119e-05	0.000146177459436	0.0272279881109	0.00922867027238	0.00856599912294	0.0242264776105	0.00102324221605	0.00359596550212	0.00644155337914	0.00740632461141	0.0106612093748	0.00835160551576	0.0162062076694	0	0.0214003800614	0.0201919797301	0.000399551722458	0.0143253910247	0.000535984017931	0.013730936023	0.0638308239536	0.0168104078351	0.000428787214345	0.00829313453199	0.0470009257906	0.109457681625	0	0.000272864590947	0.000107196803586	0	0.00366418164986	0	0.00020464844321	1.94903279248e-05	1.94903279248e-05	0.00970618330653	0.0019685231204	9.74516396238e-05	0.00338157189495	0.000136432295473	0	9.74516396238e-06	3.89806558495e-05	0.000506748526044	0	5.84709837743e-05	0.00218291672757	0	9.74516396238e-06	7.79613116991e-05	0.0103201286362	0.000185158115285	0.00020464844321	0.000565219509818	0.00314768795985	0	0	0	1.94903279248e-05	0	0	0.00811772158067	0.00241680066267	0.0369049359255	0.00455099157043	0.000916045412464	0.00155922623398	0.00177361984115	0.00419042050382	0.000292354918872	4.87258198119e-05	0	0.00306972664815	0	0.000126687131511
0	0	0	0	9.74516396238e-06	0	0	0	0	0	0	0	0	0	0	0	0	0	0	0	0	0	0	0	0	0	0	0	0	0	0	0	0	0	0	0.0172976660332	0	0	0	0.00216342639965	0	0.00081859377284	0.00998879306144	0.00192954246455	0	0.00136432295473	0	0	0	0.0105247770794	9.74516396238e-06	0	0	0	0	9.74516396238e-06	0	0	9.74516396238e-06	0.00391755591288	0	0	0	0.00833211518784	0.00453150124251	0.000253374263022	0	0	0.000419042050382	6.82161477367e-05	0	0	0	0	0	0	0	0	0	0.000506748526044	0	0	0	0
0	0.0258929006481	0	0	0	0	9.74516396238e-06	0	0	0	0	0	9.74516396238e-06	0.00183209082493	9.74516396238e-06	0	0	0.000155922623398	0	0.000672416313404	9.74516396238e-06	0	0	0	0	0.00298202017249	0.011392096672	0.0275105978658	0	1.94903279248e-05	0	0.000350825902646	0	0	0.000272864590947	0	0.0427812697949	0	0	0	0	0	0	0	0.00152024557813	0	0	0	0.000497003362082	0	0	0.000672416313404	0.000672416313404	0	9.74516396238e-06	0	0	0.00677288895386	4.87258198119e-05	0.00166642303757	0.00206597476003	0.00611021780441	0.0385518686352	9.74516396238e-06	0	0	0	0	0	0	5.84709837743e-05	1.94903279248e-05	0.000224138771135	0.000136432295473	0	0	0	2.92354918872e-05	2.92354918872e-05	0	0	0	0	0
0	0.000107196803586	0.000175412951323	0	0	0	9.74516396238e-06	0	2.92354918872e-05	0	0	0	9.74516396238e-06	9.74516396238e-06	3.89806558495e-05	0	0	2.92354918872e-05	0	2.92354918872e-05	9.74516396238e-06	0	0	0	9.74516396238e-06	0	9.74516396238e-06	0.000672416313404	0	5.84709837743e-05	0	0	2.92354918872e-05	1.94903279248e-05	0.000107196803586	0	0	0.0324319056668	0	0	0	0	1.94903279248e-05	0	1.94903279248e-05	1.94903279248e-05	0	2.92354918872e-05	0	0	0	0	0.00663645665838	0	0	1.94903279248e-05	0.000438532378307	0	0.0146957072553	3.89806558495e-05	0	0.00285533304098	0.01451054914	0	0	1.94903279248e-05	0	0	0	5.84709837743e-05	0.00115967451152	0.000360571066608	0.00040929688642	9.74516396238e-05	0	9.74516396238e-06	9.74516396238e-06	3.89806558495e-05	0.000165667787361	0.000477513034157	0	2.92354918872e-05	0	0
0	0	0	0	0	0	0	0	0	0	0	0	0	0	0	0	0	0	0	0	0	0	0	0	0	0	0	0	0	0	0	0	0	0	0	0	0	0	0	0	0	0	0	0	0	0	0	0	0	0	0	0	0	0	0	0	0	0	0	0	0	0	0	0	0	0	0	0	0	0	0	0	0	0	0	0	0	0	0	0	0	0	0	0
0	0	0	0	0.00176387467719	9.74516396238e-06	0	0	0.00024362909906	0.000175412951323	0.000136432295473	0.000116941967549	9.74516396238e-06	0.000126687131511	0.000370316230571	9.74516396238e-05	0	0	7.79613116991e-05	5.84709837743e-05	9.74516396238e-05	0	0	0	0.00488232714515	0	8.77064756615e-05	1.94903279248e-05	0.00312819763193	0.00234858451493	0	9.74516396238e-06	0.000535984017931	0.00346927837061	0.00366418164986	0.00216342639965	0	0	0	0.0245285776933	5.84709837743e-05	0.00116941967549	3.89806558495e-05	0.000155922623398	0.0118403742143	0.00648053403499	0.000711396969254	0.00217317156361	0	0.00081859377284	0.000584709837743	9.74516396238e-06	0	0	0	0.00614919846026	1.94903279248e-05	0	2.92354918872e-05	0.0174535886566	9.74516396238e-06	0.000165667787361	2.92354918872e-05	0.011918335526	0.00165667787361	0	0	3.89806558495e-05	0.000214393607172	0	0.00134483262681	5.84709837743e-05	0.00297227500853	0.000263119426984	0.000116941967549	0.000214393607172	0.000146177459436	0.00211470057984	7.79613116991e-05	0.00102324221605	3.89806558495e-05	0.00100375188813	6.82161477367e-05	9.74516396238e-06
0	0	0	0	9.74516396238e-06	0	0	0	0	0	0.000224138771135	0	0	0	0	0	0	0	0	0	0	0	0	0	0	0	0	0	0	0	0	0	0	0	0	0	0	0	0	5.84709837743e-05	0.00233883935097	0.000974516396238	0.000165667787361	0.000691906641329	0	0.000565219509818	0	6.82161477367e-05	0	0	0.00127661647907	0	0	0	0	4.87258198119e-05	0	0	0	9.74516396238e-06	0	0	0	0.000107196803586	0	0	0	9.74516396238e-05	0	0	0	0	0	0	0	0	0	2.92354918872e-05	0	0	0	0.00182234566097	0.000389806558495	0
0	0	0	0	0.000302100082834	0	0	0	0	0	0.00108171319982	0	6.82161477367e-05	0	0	0	0	0	0	0	0.000302100082834	0	0	0	0	2.92354918872e-05	0	0	0	0	0	0	0	0.000185158115285	0.00020464844321	0.00081859377284	0	0	0	0.00116941967549	0.000974516396238	0.026692004093	0.00367392681382	0.00693855674122	0.000623690493593	0.019178482678	0.000194903279248	0.00688983092141	8.77064756615e-05	0.00146177459436	0.00229011353116	0	0	0	0	0.00138381328266	0	0	0	0.000555474345856	0.000155922623398	0	0	0.00353749451835	0.00101349705209	0	0	0.000233883935097	0	0	5.84709837743e-05	0	0.000224138771135	3.89806558495e-05	0	0	1.94903279248e-05	0.000116941967549	9.74516396238e-06	0.00103298738001	9.74516396238e-06	0.00365443648589	0	0.000146177459436
0	0	0	0	1.94903279248e-05	0	0	0	0	0	0.00138381328266	0	0	4.87258198119e-05	0	9.74516396238e-06	0	0	0	0	0	0	0	0	9.74516396238e-06	0	9.74516396238e-06	0	9.74516396238e-06	0	0	0	0	0	1.94903279248e-05	0.00998879306144	0	1.94903279248e-05	0	3.89806558495e-05	0.000165667787361	0.00367392681382	0.0802026994104	0.0143936071724	1.94903279248e-05	0.0238756517078	0.00166642303757	0.00201724894021	1.94903279248e-05	0.0208156702237	0.000194903279248	9.74516396238e-06	0.000194903279248	0.000808848608878	0.00142279393851	0.00112069385567	0.00564244993422	0	0.004404814111	0.00457048189836	9.74516396238e-06	0.00136432295473	5.84709837743e-05	0.0353457096916	0.00324513959947	0.0158651269308	0	2.92354918872e-05	0	0.00200750377625	0.000487258198119	1.94903279248e-05	2.92354918872e-05	4.87258198119e-05	9.74516396238e-06	0	8.77064756615e-05	0.00112069385567	0.000389806558495	0.00802026994104	0.00103298738001	0.000253374263022	5.84709837743e-05	1.94903279248e-05
0	0	0	0	3.89806558495e-05	0	0	0	0	0	0.000789358280953	0	0	9.74516396238e-06	0	0	0	0	0	0	0.000399551722458	0	0	0	0	5.84709837743e-05	0	9.74516396238e-06	0	0	0	0	0	9.74516396238e-06	1.94903279248e-05	0.00192954246455	0	0	0	0.000155922623398	0.000691906641329	0.00693855674122	0.0143936071724	0.0322857282074	0.0013740681187	0.0134873069239	0.00148126492228	0.00215368123569	0.000808848608878	0.0134288359402	0.000438532378307	1.94903279248e-05	0	3.89806558495e-05	0.000136432295473	0.000867319592652	4.87258198119e-05	0	9.74516396238e-05	0.000370316230571	0.000185158115285	0.000224138771135	4.87258198119e-05	0.00505774009648	5.84709837743e-05	0.00044827754227	0	0.00396628173269	0	0.000760122789066	0.000136432295473	9.74516396238e-06	0.000126687131511	0	0	0	6.82161477367e-05	0.00200750377625	0.000136432295473	0.00496028845685	0.00104273254398	0.00510646591629	0.0022803683672	0.000146177459436
0	0	1.94903279248e-05	0	0.000760122789066	3.89806558495e-05	1.94903279248e-05	0	0.000272864590947	0.0029527846806	9.74516396238e-05	0.000389806558495	2.92354918872e-05	0.000711396969254	0.000438532378307	0.000214393607172	0.00821517322029	0	0.000224138771135	0.00020464844321	0.000389806558495	0.00361545583004	0.00517468206403	0.00789358280953	0.0107196803586	1.94903279248e-05	0.000302100082834	0.000789358280953	0.0073575987916	0.00371290746967	0	3.89806558495e-05	0.000633435657555	0.00788383764557	0.00970618330653	0	0.00152024557813	1.94903279248e-05	0	0.0118403742143	0	0.000623690493593	1.94903279248e-05	0.0013740681187	0.0597378550894	0.00771816985821	9.74516396238e-06	0.00798128928519	8.77064756615e-05	0	0.00223164254739	0.00490181747308	0.000136432295473	0	9.74516396238e-06	0.0027968620572	0.00143253910247	0.0107878965064	5.84709837743e-05	0.0484821907129	0.000370316230571	0.000194903279248	0.000945280904351	0.0267017492569	0	0	0	0.001296106807	0	0	0.00419042050382	0.000487258198119	0.00911172830483	0.00270915558154	0.000838084100765	0.000662671149442	0.000604200165668	0.00535984017931	0.000214393607172	1.94903279248e-05	0	0.00731861813575	0.000331335574721	0
0	0	0	0	0.00201724894021	0	0	0	9.74516396238e-06	0	0.00418067533986	4.87258198119e-05	3.89806558495e-05	0.000165667787361	1.94903279248e-05	1.94903279248e-05	0	0	1.94903279248e-05	9.74516396238e-06	0.00222189738342	0	0	0	0.00247527164645	4.87258198119e-05	3.89806558495e-05	4.87258198119e-05	0.0037811236174	0.000789358280953	0	9.74516396238e-06	4.87258198119e-05	0.00177361984115	0.0019685231204	0.00136432295473	0	1.94903279248e-05	0	0.00648053403499	0.000565219509818	0.019178482678	0.0238756517078	0.0134873069239	0.00771816985821	0.0764800467768	0.00542805632705	0.0155922623398	0.000896555084539	0.00900453150124	0.000662671149442	3.89806558495e-05	9.74516396238e-06	0.000370316230571	0.000643180821517	0.00872192174633	9.74516396238e-06	0	3.89806558495e-05	0.00955026068314	0.000263119426984	0.000643180821517	6.82161477367e-05	0.0217024801442	0.0043268527993	9.74516396238e-06	0	0.000321590410759	0	0.000584709837743	0.00161769721776	0.000107196803586	0.00256297812211	0.000370316230571	2.92354918872e-05	6.82161477367e-05	0.000214393607172	0.00371290746967	9.74516396238e-05	0.00823466354821	9.74516396238e-06	0.00620766944404	0.000331335574721	0.000282609754909
0	0	0	0	0.000175412951323	0	0	0	0	0	0.00115967451152	0.00112069385567	1.94903279248e-05	0.00681186960971	3.89806558495e-05	0	0	0	0	0	0.00128636164303	0	0	0	0	0.00294303951664	0.00117916483945	0.000721142133216	1.94903279248e-05	3.89806558495e-05	0	0.0017346391853	9.74516396238e-06	1.94903279248e-05	9.74516396238e-05	0	0	0	0	0.000711396969254	0	0.000194903279248	0.00166642303757	0.00148126492228	9.74516396238e-06	0.00542805632705	0.031096818204	0.00311845246796	0.00533060468742	0.000877064756615	0	5.84709837743e-05	0	0.00218291672757	0.00408322370024	0.00104273254398	0.000194903279248	0	0.000253374263022	0.000506748526044	0.00172489402134	0.0055449982946	0.000107196803586	0.00185158115285	0.000350825902646	0.000740632461141	6.82161477367e-05	0.000224138771135	0	0.00647078887102	0	0	2.92354918872e-05	9.74516396238e-06	0	0	0.000253374263022	0.00105247770794	0.00866345076256	0.0152122009453	0.00140330361058	0.00122789065926	1.94903279248e-05	0.00244603615456
0	0	0	0	0.000623690493593	0	1.94903279248e-05	0	2.92354918872e-05	9.74516396238e-06	0.00252399746626	0.000165667787361	9.74516396238e-05	0.000438532378307	8.77064756615e-05	9.74516396238e-06	0	0	0.000107196803586	7.79613116991e-05	0.00207571992399	0	0	0	7.79613116991e-05	4.87258198119e-05	0.000116941967549	7.79613116991e-05	0	0.000399551722458	0	1.94903279248e-05	6.82161477367e-05	0.00237782000682	0.00338157189495	0	0	2.92354918872e-05	0	0.00217317156361	6.82161477367e-05	0.00688983092141	0.00201724894021	0.00215368123569	0.00798128928519	0.0155922623398	0.00311845246796	0.0311552891877	0.000633435657555	0.00136432295473	0.0032646299274	4.87258198119e-05	3.89806558495e-05	0.000224138771135	0.00044827754227	0.00724065682405	0	0	2.92354918872e-05	0.00822491838425	0.000272864590947	0.000360571066608	0.000136432295473	0.00195877795644	0.00150075525021	0	0	0.000399551722458	0	0.000116941967549	0.00246552648248	0.000253374263022	0.00388832042099	0.00107196803586	0.000399551722458	0.000107196803586	0.000341080738683	0.00503824976855	0.000350825902646	0.00526238853969	9.74516396238e-06	0.00949178969936	0.00024362909906	0.000282609754909
0	2.92354918872e-05	0	0	0	0	9.74516396238e-06	0	0	0	0.000136432295473	0.00158846172587	2.92354918872e-05	0.00710422452858	6.82161477367e-05	0	0	0	0	0	0.000292354918872	0	0	0	0	0.00550601763875	1.94903279248e-05	0.00168591336549	0	7.79613116991e-05	0	0.00020464844321	9.74516396238e-06	0	0.000136432295473	0	0.000497003362082	0	0	0	0	8.77064756615e-05	1.94903279248e-05	0.000808848608878	8.77064756615e-05	0.000896555084539	0.00533060468742	0.000633435657555	0.0121912001169	0.000604200165668	0	0	0	0	0	1.94903279248e-05	0	8.77064756615e-05	0	0.000126687131511	0.00324513959947	0.00143253910247	0.000584709837743	5.84709837743e-05	0.000253374263022	0	9.74516396238e-06	0.000165667787361	0	0.000964771232276	0	0	2.92354918872e-05	0	0	0	0.000282609754909	0	0.00453150124251	0.00158846172587	9.74516396238e-06	0.000419042050382	9.74516396238e-06	0.00256297812211
