0.0179728184936	4.53629946835e-06	1.81451978734e-05	0	0.000117943786177	0	0.00163760410807	0.00611493168333	0.0040418428263	0.00016330678086	0.00113407486709	4.53629946835e-06	0.000544355936201	2.72177968101e-05	0.00713559906371	0.000104334887772	8.61896898986e-05	1.3608898405e-05	0	4.53629946835e-06	0.000371976556404	0.000185988278202	7.71170909619e-05	0.00013608898405	0.000870969497922	0	0	1.81451978734e-05	0.00112953856762	0.00701311897806	0.00221371414055	0	1.3608898405e-05	0.00131552684582	0.00156502331658	4.53629946835e-06	0	0	0	0	0	0	1.81451978734e-05	0	3.62903957468e-05	0	0	0	0	0	0	0	0	0	0	0	0	4.53629946835e-06	0	3.17540962784e-05	0	0	0	1.81451978734e-05	0	0	0	0	0	4.53629946835e-06	0.000403730652683	2.72177968101e-05	0.000430948449493	0.000117943786177	0.000344758759594	2.72177968101e-05	0	0	0	0	0	9.07259893669e-06	0	0
4.53629946835e-06	0.0135227087151	0.00380595525394	0	0	0	0	4.53629946835e-06	4.53629946835e-06	3.62903957468e-05	0	0.000408266952151	0	0.000290323165974	0	0	7.71170909619e-05	0.00146976102774	4.53629946835e-05	0.000893650995264	0	0.000185988278202	0.000639618225037	0.000988913284099	4.53629946835e-05	0.00105242147666	0.00358367657999	0.00545716826042	5.44355936201e-05	4.53629946835e-06	0.00010887118724	9.07259893669e-06	0	0	0.000961695487289	0	0.00210484295331	0.000140625283519	0	0	0	0	0	0	4.53629946835e-06	0	7.25807914935e-05	0	5.44355936201e-05	0	0	1.3608898405e-05	0.00010887118724	3.17540962784e-05	7.71170909619e-05	0	9.07259893669e-06	0.000426412150024	9.52622888353e-05	9.07259893669e-06	0.000181451978734	0.000326613561721	0.000716735315999	4.53629946835e-06	0	9.07259893669e-06	4.53629946835e-06	0	0	7.25807914935e-05	0.000281250567037	0.000784779808024	0.000743953112809	0.000213206075012	1.81451978734e-05	1.81451978734e-05	1.3608898405e-05	6.80444920252e-05	0.000399194353214	0.000145161582987	3.62903957468e-05	4.53629946835e-06	4.53629946835e-06	9.07259893669e-06
1.81451978734e-05	0.00380595525394	0.0398423182305	0	0	0	2.72177968101e-05	0.000104334887772	4.53629946835e-06	3.17540962784e-05	4.53629946835e-06	0.000385585454809	0	0.000113407486709	9.07259893669e-06	4.53629946835e-06	0.000276714267569	0.0123568797518	2.72177968101e-05	0.00148790622562	4.53629946835e-06	0.00229083123151	0.000861896898986	0.013327647838	9.07259893669e-05	9.97985883036e-05	0.0076527372031	0.0135726080093	0.000421875850556	0.000213206075012	0.000948086588884	0	0	5.89718930885e-05	0.00614214948014	0	0.00129738164795	0.00010887118724	0	0	0	0	0	0	4.53629946835e-06	0	2.26814973417e-05	0	2.26814973417e-05	0	0	9.52622888353e-05	5.44355936201e-05	9.07259893669e-06	3.62903957468e-05	0	9.07259893669e-06	0.000743953112809	0.000154234181924	0	4.98992941518e-05	0.000158770481392	0.00057611003248	4.53629946835e-06	0	0	0	0	0	7.25807914935e-05	0.00270363448313	0.00329788971349	0.0045861987625	0.00154234181924	0.000158770481392	8.16533904302e-05	3.62903957468e-05	4.98992941518e-05	0.000222278673949	8.16533904302e-05	4.08266952151e-05	9.07259893669e-06	0	9.07259893669e-06
0	0	0	0	0	0	0	0	0	0	0	0	0	0	0	0	0	0	0	0	0	0	0	0	0	0	0	0	0	0	0	0	0	0	0	0	0	0	0	0	0	0	0	0	0	0	0	0	0	0	0	0	0	0	0	0	0	0	0	0	0	0	0	0	0	0	0	0	0	0	0	0	0	0	0	0	0	0	0	0	0	0	0	0
0.000117943786177	0	0	0	0.0165212026637	0	0.000762098310682	0.00162853150914	0.00010887118724	0.000131552684582	0.00435484748961	0	0.00275807007675	0	0.000145161582987	9.07259893669e-06	2.26814973417e-05	0	0	0	0.00935384950373	1.3608898405e-05	2.26814973417e-05	1.3608898405e-05	0.00416432291194	0	0	0	0.0062192665711	0.00010887118724	0.000185988278202	0	0	2.72177968101e-05	5.44355936201e-05	0	0	0	0	0.00206855255757	0	0	9.07259893669e-06	4.53629946835e-06	1.81451978734e-05	0	0	8.61896898986e-05	0	0	0	0	0	0	0	4.98992941518e-05	0	0	0	3.62903957468e-05	0	0	0	9.07259893669e-06	0	9.07259893669e-06	0	0	0	4.53629946835e-06	1.81451978734e-05	0	1.3608898405e-05	4.53629946835e-06	4.53629946835e-05	4.53629946835e-06	0	4.53629946835e-06	4.53629946835e-06	4.53629946835e-06	0	0	0	0
0	0	0	0	0	0.00151512402243	0.000371976556404	4.53629946835e-06	6.80444920252e-05	4.53629946835e-06	0	0	0	9.07259893669e-06	6.80444920252e-05	0.000480847743645	0	0	0	0	0	0	0	0	0	0	0	0	0	0.000145161582987	0	0	0.000589718930885	0	0.000172379379797	0	0	0	0	0	0	0	0	0	0	0	0	0	0	0	0	0	0	0	0	0	0	0	0	0	0	0	0	0	0	0	0	0	0	0	0	0	4.53629946835e-06	0	0.000544355936201	0.00052167443886	0	0	0	0	0	0	0	0
0.00163760410807	0	2.72177968101e-05	0	0.000762098310682	0.000371976556404	0.038549472882	0.00334778900764	0.0100161492261	0.000117943786177	0.0123568797518	5.89718930885e-05	0.00809275825153	0.000258569069696	0.00669104171581	0.00076663461015	1.81451978734e-05	1.3608898405e-05	0	1.3608898405e-05	0.00230897642939	6.35081925568e-05	4.08266952151e-05	4.98992941518e-05	0.000852824300049	9.07259893669e-06	1.81451978734e-05	1.81451978734e-05	0.000870969497922	0.00524849848488	0.000430948449493	0	0.00165121300648	0.00016330678086	0.00357914028052	0	4.53629946835e-06	0	0	3.17540962784e-05	0	0	0	0	9.07259893669e-06	0	0	9.07259893669e-06	0	0	0	0	0	0	0	0	0	9.07259893669e-06	4.53629946835e-06	0	0	0	4.53629946835e-06	4.53629946835e-06	0	0	0	0	0	0	0.000344758759594	2.26814973417e-05	0.000979840685163	0.000131552684582	0.00176462049319	0.00127923645007	0	1.3608898405e-05	9.07259893669e-06	9.07259893669e-06	4.53629946835e-06	0	0	0
0.00611493168333	4.53629946835e-06	0.000104334887772	0	0.00162853150914	4.53629946835e-06	0.00334778900764	0.0405817350438	0.00232258532779	0.00147883362668	0.00601513309503	4.53629946835e-06	0.00191431837564	2.26814973417e-05	0.00352016838744	6.80444920252e-05	0.000480847743645	8.61896898986e-05	0	1.3608898405e-05	0.00218649634374	0.0011612926639	0.00076663461015	0.000807461305366	0.00745767632596	0	1.81451978734e-05	4.98992941518e-05	0.0142167625338	0.00464970695505	0.0139718023625	0	9.07259893669e-06	0.000898187294732	0.00267641668632	1.81451978734e-05	0	4.53629946835e-06	0	2.26814973417e-05	0	9.07259893669e-06	7.25807914935e-05	1.3608898405e-05	0.000435484748961	4.53629946835e-06	4.53629946835e-06	2.26814973417e-05	0	2.72177968101e-05	0	3.62903957468e-05	4.53629946835e-06	0	0	9.07259893669e-06	2.26814973417e-05	7.25807914935e-05	3.17540962784e-05	0.000272177968101	0	0	9.07259893669e-06	0.000122480085645	2.72177968101e-05	6.35081925568e-05	0	0	4.53629946835e-06	2.26814973417e-05	0.000902723594201	9.52622888353e-05	0.000798388706429	0.000199597176607	0.000453629946835	3.62903957468e-05	4.53629946835e-06	3.17540962784e-05	1.3608898405e-05	1.3608898405e-05	9.07259893669e-06	9.07259893669e-06	0	0
0.0040418428263	4.53629946835e-06	4.53629946835e-06	0	0.00010887118724	6.80444920252e-05	0.0100161492261	0.00232258532779	0.027372030992	6.80444920252e-05	0.00152873292083	1.81451978734e-05	0.00060332782929	9.52622888353e-05	0.0137132332928	0.000204133476076	2.72177968101e-05	0	0	0	0.000313004663316	4.08266952151e-05	1.3608898405e-05	2.72177968101e-05	0.000453629946835	4.53629946835e-06	0	1.3608898405e-05	0.000408266952151	0.00449547277313	0.000476311444176	0	0.000880042096859	0.000176915679265	0.00181905608681	0	4.53629946835e-06	0	0	0	0	0	0	0	2.72177968101e-05	0	0	0	0	0	0	0	0	0	0	0	0	0	0	1.81451978734e-05	4.53629946835e-06	0	4.53629946835e-06	4.53629946835e-06	0	0	0	0	0	0	0.000222278673949	4.53629946835e-06	0.00044002104843	7.71170909619e-05	0.000453629946835	0.000403730652683	0	9.07259893669e-06	0	4.53629946835e-06	0	1.3608898405e-05	0	0
0.00016330678086	3.62903957468e-05	3.17540962784e-05	0	0.000131552684582	4.53629946835e-06	0.000117943786177	0.00147883362668	6.80444920252e-05	0.012320589356	0.000158770481392	4.53629946835e-06	0.00122026455698	4.53629946835e-06	8.61896898986e-05	0.000435484748961	0.000480847743645	9.07259893669e-06	0	4.53629946835e-06	0.000353831358531	0.000290323165974	0.00205040735969	0.000290323165974	0.00647329934133	0	1.3608898405e-05	7.71170909619e-05	0.00272631598048	0.000381049155341	0.00141532543412	0	0	0.000127016385114	0.000621473027163	7.71170909619e-05	4.53629946835e-06	9.07259893669e-06	0	0	0	2.26814973417e-05	0.000353831358531	2.72177968101e-05	0.00190070947724	4.08266952151e-05	4.53629946835e-06	6.80444920252e-05	0	6.35081925568e-05	9.07259893669e-06	7.25807914935e-05	9.07259893669e-06	0	0	9.07259893669e-06	3.62903957468e-05	0.000140625283519	4.98992941518e-05	0.001075102974	0	0	4.53629946835e-06	0.000449093647366	7.25807914935e-05	0.000172379379797	0	0	2.26814973417e-05	6.80444920252e-05	0.000254032770227	3.62903957468e-05	0.000190524577671	5.89718930885e-05	0.000721271615467	4.53629946835e-06	0	8.16533904302e-05	3.62903957468e-05	4.08266952151e-05	2.26814973417e-05	9.07259893669e-05	4.53629946835e-06	0
0.00113407486709	0	4.53629946835e-06	0	0.00435484748961	0	0.0123568797518	0.00601513309503	0.00152873292083	0.000158770481392	0.0349158970079	0	0.0114405472592	0	0.00225907713524	5.44355936201e-05	1.81451978734e-05	0	0	0	0.00948993848778	3.17540962784e-05	1.3608898405e-05	3.17540962784e-05	0.00171472119903	0	0	0	0.00387399974597	0.000517138139391	0.000408266952151	0	4.53629946835e-06	8.61896898986e-05	0.000272177968101	0	0	0	0	0.000231351272886	0	0	9.07259893669e-06	0	3.17540962784e-05	0	0	0.000190524577671	0	0	0	4.53629946835e-06	0	0	0	0	0	9.07259893669e-06	0	1.3608898405e-05	0	0	0	9.07259893669e-06	0	0	0	0	0	0	5.89718930885e-05	4.53629946835e-06	4.98992941518e-05	0	0.000104334887772	0	0	9.07259893669e-06	0	4.53629946835e-06	4.53629946835e-06	0	0	0
4.53629946835e-06	0.000408266952151	0.000385585454809	0	0	0	5.89718930885e-05	4.53629946835e-06	1.81451978734e-05	4.53629946835e-06	0	0.0264965251946	0	0.00713106276424	4.08266952151e-05	0	0	0.000635081925568	0.00214113334906	0.00648690823973	0	4.08266952151e-05	4.53629946835e-06	0.000154234181924	0	0.00264012629058	0.00950354738618	0.00164667670701	1.3608898405e-05	9.97985883036e-05	2.72177968101e-05	0.000571573733012	9.07259893669e-06	0	0.00449093647366	0	0.000322077262253	0	0	0	0	0	0	0	4.53629946835e-06	0	0.00013608898405	0	9.07259893669e-05	0	0	0	9.07259893669e-06	2.26814973417e-05	2.72177968101e-05	0	0	0	4.53629946835e-06	0	0.000231351272886	0.000122480085645	0.000181451978734	0	0	0	0	0	0	2.72177968101e-05	0.000344758759594	0.00351563208797	0.00413710511513	0.000598791529822	8.61896898986e-05	4.98992941518e-05	0.000530747037796	1.3608898405e-05	0.000154234181924	4.08266952151e-05	4.53629946835e-06	0	0	2.26814973417e-05
0.000544355936201	0	0	0	0.00275807007675	0	0.00809275825153	0.00191431837564	0.00060332782929	0.00122026455698	0.0114405472592	0	0.0323029885141	4.53629946835e-06	0.000616936727695	0.000671372321315	1.81451978734e-05	0	0	0	0.0106285496543	3.62903957468e-05	1.3608898405e-05	2.26814973417e-05	0.00217288744534	0	0	9.07259893669e-06	0.00127923645007	0.000272177968101	0.000204133476076	0	9.07259893669e-06	3.17540962784e-05	0.000185988278202	0	0	0	0	0.000276714267569	0	0	9.07259893669e-06	0	8.61896898986e-05	4.53629946835e-06	0	0.00188710057883	0	0	0	0	0	0	0	4.53629946835e-06	4.53629946835e-06	0	0	4.08266952151e-05	0	0	0	3.17540962784e-05	4.53629946835e-06	9.07259893669e-06	0	0	0	4.53629946835e-06	5.89718930885e-05	4.53629946835e-06	5.89718930885e-05	0	0.000480847743645	4.53629946835e-06	0	0	0	0	4.53629946835e-06	4.53629946835e-06	4.53629946835e-06	0
2.72177968101e-05	0.000290323165974	0.000113407486709	0	0	9.07259893669e-06	0.000258569069696	2.26814973417e-05	9.52622888353e-05	4.53629946835e-06	0	0.00713106276424	4.53629946835e-06	0.0235388579412	0.000190524577671	9.07259893669e-06	9.07259893669e-06	0.00016330678086	0.000376512855873	0.000807461305366	0	8.16533904302e-05	1.81451978734e-05	0.000154234181924	4.53629946835e-06	0.00665475132006	0.00597884269928	0.00337500680445	2.26814973417e-05	0.000408266952151	6.35081925568e-05	0.00132913574423	9.07259893669e-05	1.3608898405e-05	0.00236794832248	0	0.000249496470759	0	0	0	0	0	0	0	0	0	0.000127016385114	0	0.00049445664205	0	0	0	9.07259893669e-06	9.07259893669e-06	2.72177968101e-05	0	0	0	0	4.53629946835e-06	0.000344758759594	0.000113407486709	0.000158770481392	4.53629946835e-06	4.53629946835e-06	0	4.53629946835e-06	0	0	2.72177968101e-05	0.000376512855873	0.00227268603364	0.00276260637622	0.000979840685163	0.000176915679265	0.000349295059063	0.001075102974	1.3608898405e-05	0.000231351272886	3.62903957468e-05	1.3608898405e-05	4.53629946835e-06	4.53629946835e-06	6.80444920252e-05
0.00713559906371	0	9.07259893669e-06	0	0.000145161582987	6.80444920252e-05	0.00669104171581	0.00352016838744	0.0137132332928	8.61896898986e-05	0.00225907713524	4.08266952151e-05	0.000616936727695	0.000190524577671	0.0293997568543	0.000172379379797	3.62903957468e-05	0	0	4.53629946835e-06	0.000349295059063	8.61896898986e-05	3.17540962784e-05	6.35081925568e-05	0.000557964834607	4.53629946835e-06	9.07259893669e-06	9.07259893669e-06	0.000698590118125	0.0100524396219	0.000821070203771	0	0.0010887118724	0.000340222460126	0.00321623632306	4.53629946835e-06	4.53629946835e-06	0	0	4.53629946835e-06	0	0	4.53629946835e-06	0	1.3608898405e-05	0	0	0	0	0	0	0	0	0	0	0	0	0	0	9.07259893669e-06	4.53629946835e-06	0	4.53629946835e-06	4.53629946835e-06	0	0	0	0	0	0	0.000362903957468	3.62903957468e-05	0.000753025711745	0.000149697882455	0.00073941681334	0.00052167443886	4.53629946835e-06	0	0	0	0	4.53629946835e-06	0	0
0.000104334887772	0	4.53629946835e-06	0	9.07259893669e-06	0.000480847743645	0.00076663461015	6.80444920252e-05	0.000204133476076	0.000435484748961	5.44355936201e-05	0	0.000671372321315	9.07259893669e-06	0.000172379379797	0.00398287093321	9.07259893669e-06	0	0	0	3.62903957468e-05	0	4.53629946835e-06	4.53629946835e-06	7.25807914935e-05	0	0	4.53629946835e-06	3.62903957468e-05	0.00010887118724	2.72177968101e-05	0	9.07259893669e-06	4.53629946835e-06	9.97985883036e-05	0	0	0	0	0	0	0	0	0	0	0	0	0	0	0	0	0	0	0	0	0	0	0	0	0	0	0	0	0	0	0	0	0	0	0	4.53629946835e-06	0	1.81451978734e-05	0	0.00173286639691	4.53629946835e-06	0	0	0	0	0	0	0	0
8.61896898986e-05	7.71170909619e-05	0.000276714267569	0	2.26814973417e-05	0	1.81451978734e-05	0.000480847743645	2.72177968101e-05	0.000480847743645	1.81451978734e-05	0	1.81451978734e-05	9.07259893669e-06	3.62903957468e-05	9.07259893669e-06	0.0152328936147	6.35081925568e-05	0	4.53629946835e-06	1.3608898405e-05	0.00437299268749	0.00353831358531	0.00481301373591	0.0054027326668	0	1.3608898405e-05	0.000970768086226	0.00405091542523	0.000231351272886	0.00141078913466	0	0	0.000117943786177	0.00127470015061	0	3.62903957468e-05	3.62903957468e-05	0	4.53629946835e-06	0	0	4.53629946835e-05	0	0.000181451978734	0	9.07259893669e-06	0	0	9.07259893669e-06	0	0.00230897642939	1.81451978734e-05	4.53629946835e-06	4.53629946835e-06	0	0.000213206075012	0.000435484748961	0.000589718930885	0.000222278673949	0	1.3608898405e-05	0.000176915679265	0.000176915679265	4.53629946835e-06	8.61896898986e-05	0	0	4.53629946835e-06	5.44355936201e-05	0.000503529240986	0.000117943786177	0.000412803251619	0.000158770481392	0.000104334887772	1.81451978734e-05	0	5.44355936201e-05	6.35081925568e-05	7.25807914935e-05	2.72177968101e-05	9.07259893669e-06	0	0
1.3608898405e-05	0.00146976102774	0.0123568797518	0	0	0	1.3608898405e-05	8.61896898986e-05	0	9.07259893669e-06	0	0.000635081925568	0	0.00016330678086	0	0	6.35081925568e-05	0.0268276750558	4.08266952151e-05	0.00404637912576	4.53629946835e-06	0.00173286639691	0.000308468363848	0.00870969497922	7.25807914935e-05	0.000113407486709	0.00608771388652	0.00315726442997	0.000281250567037	0.000371976556404	0.00071219901653	0	4.53629946835e-06	3.62903957468e-05	0.00762551940629	0	0.000512601839923	2.26814973417e-05	0	0	0	0	0	0	0	0	1.3608898405e-05	0	1.3608898405e-05	0	0	4.53629946835e-06	2.26814973417e-05	0	1.3608898405e-05	0	4.53629946835e-06	0.000281250567037	5.44355936201e-05	4.53629946835e-06	3.62903957468e-05	5.44355936201e-05	0.000185988278202	0	0	0	0	0	0	2.26814973417e-05	0.00187349168043	0.00234073052567	0.00438660158589	0.00144254323093	0.000117943786177	2.72177968101e-05	4.08266952151e-05	4.53629946835e-05	9.52622888353e-05	3.62903957468e-05	3.17540962784e-05	4.53629946835e-06	0	0
0	4.53629946835e-05	2.72177968101e-05	0	0	0	0	0	0	0	0	0.00214113334906	0	0.000376512855873	0	0	0	4.08266952151e-05	0.00467692475186	0.00254032770227	0	4.53629946835e-06	0	9.07259893669e-06	0	0.000231351272886	0.00265373518898	0.000326613561721	0	0	0	2.26814973417e-05	0	0	0.00016330678086	0	4.08266952151e-05	0	0	0	0	0	0	0	0	0	9.07259893669e-06	0	1.3608898405e-05	0	0	0	0	0	4.53629946835e-06	0	0	0	0	0	3.17540962784e-05	1.81451978734e-05	1.81451978734e-05	0	0	0	0	0	0	0	2.72177968101e-05	0.000190524577671	0.000172379379797	3.17540962784e-05	9.07259893669e-06	0	9.07259893669e-06	0	2.72177968101e-05	4.53629946835e-06	0	0	0	4.53629946835e-06
4.53629946835e-06	0.000893650995264	0.00148790622562	0	0	0	1.3608898405e-05	1.3608898405e-05	0	4.53629946835e-06	0	0.00648690823973	0	0.000807461305366	4.53629946835e-06	0	4.53629946835e-06	0.00404637912576	0.00254032770227	0.0214612327847	0	0.000104334887772	2.72177968101e-05	0.000453629946835	4.53629946835e-06	0.000839215401644	0.0124385331422	0.00217742374481	2.72177968101e-05	1.3608898405e-05	1.81451978734e-05	4.53629946835e-06	0	0	0.00458166246303	0	0.000485384043113	4.53629946835e-06	0	0	0	0	4.53629946835e-06	0	9.07259893669e-06	0	8.16533904302e-05	0	6.35081925568e-05	0	0	0	4.53629946835e-06	4.53629946835e-06	2.72177968101e-05	0	0	9.07259893669e-06	0	4.53629946835e-06	0.000158770481392	9.97985883036e-05	0.000176915679265	0	4.53629946835e-06	4.53629946835e-06	0	0	0	3.17540962784e-05	0.000480847743645	0.00213659704959	0.00283065086825	0.000635081925568	4.08266952151e-05	1.81451978734e-05	6.35081925568e-05	4.53629946835e-06	8.61896898986e-05	5.44355936201e-05	0	0	0	1.3608898405e-05
0.000371976556404	0	4.53629946835e-06	0	0.00935384950373	0	0.00230897642939	0.00218649634374	0.000313004663316	0.000353831358531	0.00948993848778	0	0.0106285496543	0	0.000349295059063	3.62903957468e-05	1.3608898405e-05	4.53629946835e-06	0	0	0.0227676870316	2.26814973417e-05	2.26814973417e-05	1.81451978734e-05	0.00453176316888	0	0	0	0.00354284988478	0.000267641668632	0.000267641668632	0	0	5.89718930885e-05	0.000127016385114	0	0	0	0	0.00114768376549	0	0	1.3608898405e-05	4.53629946835e-06	6.80444920252e-05	0	0	0.000390121754278	0	0	0	0	0	0	0	4.53629946835e-05	4.53629946835e-06	0	0	3.62903957468e-05	0	0	0	1.81451978734e-05	0	4.53629946835e-06	0	0	0	0	3.17540962784e-05	0	3.17540962784e-05	4.53629946835e-06	9.07259893669e-05	0	0	9.07259893669e-06	0	4.53629946835e-06	4.53629946835e-06	4.53629946835e-06	0	0
0.000185988278202	0.000185988278202	0.00229083123151	0	1.3608898405e-05	0	6.35081925568e-05	0.0011612926639	4.08266952151e-05	0.000290323165974	3.17540962784e-05	4.08266952151e-05	3.62903957468e-05	8.16533904302e-05	8.61896898986e-05	0	0.00437299268749	0.00173286639691	4.53629946835e-06	0.000104334887772	2.26814973417e-05	0.0411079457821	0.0016194589102	0.0226225254486	0.00232258532779	4.53629946835e-06	0.000249496470759	0.00140171653572	0.0104244161783	0.00128830904901	0.0122389359656	0	0	0.000254032770227	0.00808368565259	4.53629946835e-06	2.72177968101e-05	0	0	0	0	0	1.3608898405e-05	0	0.000117943786177	4.53629946835e-06	4.53629946835e-06	0	0	4.53629946835e-06	0	7.25807914935e-05	4.53629946835e-06	0	0	0	4.53629946835e-06	0.000190524577671	1.81451978734e-05	5.44355936201e-05	0	4.53629946835e-06	4.08266952151e-05	2.26814973417e-05	4.53629946835e-06	4.53629946835e-06	0	0	9.07259893669e-06	1.3608898405e-05	0.00262651739217	0.000839215401644	0.00312097403422	0.00117036526283	0.000299395764911	7.25807914935e-05	1.81451978734e-05	4.08266952151e-05	1.3608898405e-05	2.26814973417e-05	1.81451978734e-05	4.53629946835e-06	0	0
7.71170909619e-05	0.000639618225037	0.000861896898986	0	2.26814973417e-05	0	4.08266952151e-05	0.00076663461015	1.3608898405e-05	0.00205040735969	1.3608898405e-05	4.53629946835e-06	1.3608898405e-05	1.81451978734e-05	3.17540962784e-05	4.53629946835e-06	0.00353831358531	0.000308468363848	0	2.72177968101e-05	2.26814973417e-05	0.0016194589102	0.0157409591552	0.00325706301827	0.00442289198164	4.53629946835e-06	8.16533904302e-05	0.00208216145597	0.0031527281305	0.000208669775544	0.00178730199053	0	0	0.000149697882455	0.00172379379797	2.72177968101e-05	6.35081925568e-05	5.44355936201e-05	0	4.53629946835e-06	0	0	0.000122480085645	9.07259893669e-06	0.000825606503239	1.3608898405e-05	9.07259893669e-06	0	0	3.62903957468e-05	0	0.000394658053746	2.26814973417e-05	0	0	0	0.00013608898405	0.00132459944476	0.000240423871822	0.000335686160658	0	4.53629946835e-06	0.000127016385114	0.000244960171291	3.17540962784e-05	0.000127016385114	0	0	4.53629946835e-06	5.44355936201e-05	0.00076663461015	0.000240423871822	0.000662299722378	0.000217742374481	0.000122480085645	3.62903957468e-05	4.53629946835e-06	0.000117943786177	9.07259893669e-05	8.16533904302e-05	4.53629946835e-05	2.26814973417e-05	0	0
0.00013608898405	0.000988913284099	0.013327647838	0	1.3608898405e-05	0	4.98992941518e-05	0.000807461305366	2.72177968101e-05	0.000290323165974	3.17540962784e-05	0.000154234181924	2.26814973417e-05	0.000154234181924	6.35081925568e-05	4.53629946835e-06	0.00481301373591	0.00870969497922	9.07259893669e-06	0.000453629946835	1.81451978734e-05	0.0226225254486	0.00325706301827	0.0620611130264	0.00148790622562	4.08266952151e-05	0.00109324817187	0.0107147393442	0.00498539311571	0.00175101159478	0.0071219901653	0	0	0.000258569069696	0.0119894394948	1.3608898405e-05	0.000176915679265	4.53629946835e-05	0	0	0	0	2.26814973417e-05	0	0.00010887118724	0	0	0	0	4.53629946835e-06	0	0.000185988278202	2.72177968101e-05	0	4.53629946835e-06	0	1.3608898405e-05	0.000707662717062	0.000131552684582	4.98992941518e-05	0	2.72177968101e-05	0.000195060877139	2.72177968101e-05	9.07259893669e-06	1.3608898405e-05	0	0	9.07259893669e-06	2.72177968101e-05	0.00528932518009	0.00237248462194	0.00643247264611	0.0023498031246	0.000476311444176	0.000131552684582	4.53629946835e-05	8.16533904302e-05	9.07259893669e-05	4.53629946835e-05	4.98992941518e-05	2.26814973417e-05	0	0
0.000870969497922	4.53629946835e-05	9.07259893669e-05	0	0.00416432291194	0	0.000852824300049	0.00745767632596	0.000453629946835	0.00647329934133	0.00171472119903	0	0.00217288744534	4.53629946835e-06	0.000557964834607	7.25807914935e-05	0.0054027326668	7.25807914935e-05	0	4.53629946835e-06	0.00453176316888	0.00232258532779	0.00442289198164	0.00148790622562	0.0399012901236	0	9.07259893669e-06	0.000140625283519	0.0170700948994	0.00117943786177	0.00438660158589	0	4.53629946835e-06	0.000462702545771	0.00201411696395	2.72177968101e-05	4.53629946835e-06	4.53629946835e-06	0	0.000294859465442	0	2.26814973417e-05	0.000249496470759	2.26814973417e-05	0.0010887118724	3.62903957468e-05	0	5.89718930885e-05	0	3.17540962784e-05	4.53629946835e-06	5.44355936201e-05	4.53629946835e-06	0	0	1.3608898405e-05	2.26814973417e-05	0.000172379379797	2.26814973417e-05	0.00140625283519	0	0	4.53629946835e-06	0.000294859465442	4.98992941518e-05	9.07259893669e-05	0	0	9.07259893669e-06	5.89718930885e-05	0.00065776342291	9.07259893669e-05	0.00052167443886	0.000140625283519	0.000371976556404	2.26814973417e-05	0	0.000113407486709	4.08266952151e-05	2.72177968101e-05	1.81451978734e-05	8.61896898986e-05	0	0
0	0.00105242147666	9.97985883036e-05	0	0	0	9.07259893669e-06	0	4.53629946835e-06	0	0	0.00264012629058	0	0.00665475132006	4.53629946835e-06	0	0	0.000113407486709	0.000231351272886	0.000839215401644	0	4.53629946835e-06	4.53629946835e-06	4.08266952151e-05	0	0.0137948866832	0.00303478434432	0.00145615212934	0	9.07259893669e-06	4.53629946835e-06	6.80444920252e-05	0	0	0.000594255230353	0	0.000884578396327	0	0	0	0	0	0	0	4.53629946835e-06	0	0.000381049155341	0	0.000349295059063	0	0	0	1.81451978734e-05	4.98992941518e-05	7.25807914935e-05	0	0	0	0	0	0.00101613108091	0.000308468363848	0.000421875850556	0	4.53629946835e-06	0	1.3608898405e-05	0	0	6.35081925568e-05	1.3608898405e-05	0.00158770481392	0.000703126417594	6.35081925568e-05	4.53629946835e-06	4.53629946835e-06	0.000671372321315	1.3608898405e-05	0.000589718930885	0.000117943786177	1.3608898405e-05	0	4.53629946835e-06	0.000145161582987
0	0.00358367657999	0.0076527372031	0	0	0	1.81451978734e-05	1.81451978734e-05	0	1.3608898405e-05	0	0.00950354738618	0	0.00597884269928	9.07259893669e-06	0	1.3608898405e-05	0.00608771388652	0.00265373518898	0.0124385331422	0	0.000249496470759	8.16533904302e-05	0.00109324817187	9.07259893669e-06	0.00303478434432	0.0530701674802	0.0154597085881	3.17540962784e-05	4.98992941518e-05	7.25807914935e-05	0.000598791529822	0	4.53629946835e-06	0.00480847743645	0	0.00190524577671	3.62903957468e-05	0	0	0	0	4.53629946835e-06	0	9.07259893669e-06	0	0.000190524577671	0	0.00013608898405	0	0	1.3608898405e-05	4.53629946835e-05	4.53629946835e-05	0.00010887118724	0	0	9.07259893669e-05	2.26814973417e-05	0	0.000462702545771	0.000399194353214	0.000689517519189	0	4.53629946835e-06	4.53629946835e-06	4.53629946835e-06	0	0	8.16533904302e-05	0.000848288000581	0.00394204423799	0.00364718477255	0.000821070203771	6.35081925568e-05	9.07259893669e-06	7.25807914935e-05	4.08266952151e-05	0.000421875850556	0.000140625283519	2.72177968101e-05	0	0	3.62903957468e-05
1.81451978734e-05	0.00545716826042	0.0135726080093	0	0	0	1.81451978734e-05	4.98992941518e-05	1.3608898405e-05	7.71170909619e-05	0	0.00164667670701	9.07259893669e-06	0.00337500680445	9.07259893669e-06	4.53629946835e-06	0.000970768086226	0.00315726442997	0.000326613561721	0.00217742374481	0	0.00140171653572	0.00208216145597	0.0107147393442	0.000140625283519	0.00145615212934	0.0154597085881	0.0548529331712	0.000358367657999	9.52622888353e-05	0.000512601839923	0.000435484748961	0	2.72177968101e-05	0.00289869536027	4.53629946835e-06	0.00127923645007	8.61896898986e-05	0	0	0	0	4.53629946835e-06	0	3.62903957468e-05	0	8.61896898986e-05	0	4.98992941518e-05	0	0	0.000154234181924	0.00010887118724	3.17540962784e-05	7.25807914935e-05	0	1.81451978734e-05	0.00060332782929	0.000154234181924	9.07259893669e-06	0.000181451978734	0.000231351272886	0.000698590118125	1.81451978734e-05	9.07259893669e-06	1.3608898405e-05	0	0	0	8.16533904302e-05	0.00114768376549	0.00188256427936	0.00217742374481	0.000662299722378	0.000117943786177	2.72177968101e-05	3.62903957468e-05	5.44355936201e-05	0.000331149861189	0.000117943786177	3.62903957468e-05	4.53629946835e-06	0	3.62903957468e-05
0.00112953856762	5.44355936201e-05	0.000421875850556	0	0.0062192665711	0	0.000870969497922	0.0142167625338	0.000408266952151	0.00272631598048	0.00387399974597	1.3608898405e-05	0.00127923645007	2.26814973417e-05	0.000698590118125	3.62903957468e-05	0.00405091542523	0.000281250567037	0	2.72177968101e-05	0.00354284988478	0.0104244161783	0.0031527281305	0.00498539311571	0.0170700948994	0	3.17540962784e-05	0.000358367657999	0.0490283246539	0.00190524577671	0.0148427718604	0	4.53629946835e-06	0.000821070203771	0.00420061330769	2.26814973417e-05	4.53629946835e-06	4.53629946835e-06	0	0.000299395764911	0	1.3608898405e-05	0.000122480085645	1.81451978734e-05	0.000821070203771	1.3608898405e-05	9.07259893669e-06	5.44355936201e-05	0	3.17540962784e-05	4.53629946835e-06	8.61896898986e-05	9.07259893669e-06	0	0	9.07259893669e-06	4.08266952151e-05	0.000222278673949	4.08266952151e-05	0.000553428535138	0	0	1.3608898405e-05	0.000195060877139	3.62903957468e-05	8.61896898986e-05	0	0	1.3608898405e-05	3.62903957468e-05	0.00148790622562	0.000244960171291	0.00134274464263	0.000421875850556	0.000362903957468	3.62903957468e-05	4.53629946835e-06	7.71170909619e-05	3.17540962784e-05	2.72177968101e-05	1.3608898405e-05	3.62903957468e-05	0	0
0.00701311897806	4.53629946835e-06	0.000213206075012	0	0.00010887118724	0.000145161582987	0.00524849848488	0.00464970695505	0.00449547277313	0.000381049155341	0.000517138139391	9.97985883036e-05	0.000272177968101	0.000408266952151	0.0100524396219	0.00010887118724	0.000231351272886	0.000371976556404	0	1.3608898405e-05	0.000267641668632	0.00128830904901	0.000208669775544	0.00175101159478	0.00117943786177	9.07259893669e-06	4.98992941518e-05	9.52622888353e-05	0.00190524577671	0.0383952387001	0.00540726896627	0	0.00127470015061	0.00484930413166	0.00940828509735	4.53629946835e-06	4.53629946835e-06	4.53629946835e-06	0	4.53629946835e-06	0	0	2.26814973417e-05	0	9.52622888353e-05	0	0	4.53629946835e-06	0	0	0	0	0	0	0	0	9.07259893669e-06	1.3608898405e-05	1.81451978734e-05	5.44355936201e-05	4.53629946835e-06	0	4.53629946835e-06	3.62903957468e-05	4.53629946835e-06	4.53629946835e-06	0	0	0	9.07259893669e-06	0.00163760410807	0.000185988278202	0.00259022699643	0.000530747037796	0.00165574930595	0.00102520367985	4.53629946835e-06	9.07259893669e-06	4.53629946835e-06	0	4.53629946835e-06	9.07259893669e-06	4.53629946835e-06	0
0.00221371414055	0.00010887118724	0.000948086588884	0	0.000185988278202	0	0.000430948449493	0.0139718023625	0.000476311444176	0.00141532543412	0.000408266952151	2.72177968101e-05	0.000204133476076	6.35081925568e-05	0.000821070203771	2.72177968101e-05	0.00141078913466	0.00071219901653	0	1.81451978734e-05	0.000267641668632	0.0122389359656	0.00178730199053	0.0071219901653	0.00438660158589	4.53629946835e-06	7.25807914935e-05	0.000512601839923	0.0148427718604	0.00540726896627	0.0442606739126	0	0	0.0013608898405	0.00951261998512	1.3608898405e-05	9.07259893669e-06	4.53629946835e-06	0	1.3608898405e-05	0	0	4.08266952151e-05	1.3608898405e-05	0.000435484748961	0	4.53629946835e-06	1.3608898405e-05	0	1.3608898405e-05	0	4.53629946835e-05	4.53629946835e-06	0	0	0	2.26814973417e-05	0.000117943786177	1.81451978734e-05	0.000276714267569	0	0	1.3608898405e-05	7.71170909619e-05	1.81451978734e-05	4.53629946835e-05	0	0	0	2.26814973417e-05	0.00260383589483	0.00054889223567	0.00283972346718	0.000939013989948	0.000508065540455	8.61896898986e-05	1.81451978734e-05	4.53629946835e-05	1.3608898405e-05	2.72177968101e-05	9.07259893669e-06	2.26814973417e-05	0	0
0	9.07259893669e-06	0	0	0	0	0	0	0	0	0	0.000571573733012	0	0.00132913574423	0	0	0	0	2.26814973417e-05	4.53629946835e-06	0	0	0	0	0	6.80444920252e-05	0.000598791529822	0.000435484748961	0	0	0	0.00146976102774	0	0	1.3608898405e-05	0	0	0	0	0	0	0	0	0	0	0	0	0	4.53629946835e-06	0	0	0	0	0	0	0	0	0	0	0	0	4.53629946835e-06	0	0	0	0	0	0	0	0	4.53629946835e-06	4.08266952151e-05	2.26814973417e-05	9.07259893669e-06	0	0	9.07259893669e-06	0	4.53629946835e-06	0	0	0	0	0
1.3608898405e-05	0	0	0	0	0.000589718930885	0.00165121300648	9.07259893669e-06	0.000880042096859	0	4.53629946835e-06	9.07259893669e-06	9.07259893669e-06	9.07259893669e-05	0.0010887118724	9.07259893669e-06	0	4.53629946835e-06	0	0	0	0	0	0	4.53629946835e-06	0	0	0	4.53629946835e-06	0.00127470015061	0	0	0.00371976556404	4.53629946835e-06	0.000925405091543	0	0	0	0	0	0	0	0	0	0	0	0	0	0	0	0	0	0	0	0	0	0	0	0	0	0	0	0	0	0	0	0	0	0	0	1.3608898405e-05	1.3608898405e-05	0.000117943786177	0	0.000145161582987	0.000784779808024	0	0	0	0	0	0	0	0
0.00131552684582	0	5.89718930885e-05	0	2.72177968101e-05	0	0.00016330678086	0.000898187294732	0.000176915679265	0.000127016385114	8.61896898986e-05	0	3.17540962784e-05	1.3608898405e-05	0.000340222460126	4.53629946835e-06	0.000117943786177	3.62903957468e-05	0	0	5.89718930885e-05	0.000254032770227	0.000149697882455	0.000258569069696	0.000462702545771	0	4.53629946835e-06	2.72177968101e-05	0.000821070203771	0.00484930413166	0.0013608898405	0	4.53629946835e-06	0.00675454990837	0.0031391192321	4.53629946835e-06	0	4.53629946835e-06	0	0	0	0	9.07259893669e-06	0	2.72177968101e-05	0	0	0	0	0	0	0	0	0	0	0	4.53629946835e-06	4.53629946835e-06	9.07259893669e-06	1.3608898405e-05	0	0	0	9.07259893669e-06	0	4.53629946835e-06	0	0	0	0	0.00107056667453	7.71170909619e-05	0.000943550289416	0.000281250567037	0.000281250567037	5.89718930885e-05	4.53629946835e-06	9.07259893669e-06	0	0	4.53629946835e-06	9.07259893669e-06	4.53629946835e-06	0
0.00156502331658	0.000961695487289	0.00614214948014	0	5.44355936201e-05	0.000172379379797	0.00357914028052	0.00267641668632	0.00181905608681	0.000621473027163	0.000272177968101	0.00449093647366	0.000185988278202	0.00236794832248	0.00321623632306	9.97985883036e-05	0.00127470015061	0.00762551940629	0.00016330678086	0.00458166246303	0.000127016385114	0.00808368565259	0.00172379379797	0.0119894394948	0.00201411696395	0.000594255230353	0.00480847743645	0.00289869536027	0.00420061330769	0.00940828509735	0.00951261998512	1.3608898405e-05	0.000925405091543	0.0031391192321	0.0595570757199	1.3608898405e-05	0.000390121754278	3.17540962784e-05	0	9.07259893669e-06	0	0	4.98992941518e-05	0	0.000208669775544	0	1.81451978734e-05	4.53629946835e-06	9.07259893669e-06	4.53629946835e-06	0	7.25807914935e-05	3.17540962784e-05	4.53629946835e-06	1.81451978734e-05	0	2.26814973417e-05	0.000249496470759	6.35081925568e-05	9.07259893669e-05	8.16533904302e-05	6.80444920252e-05	0.000131552684582	2.72177968101e-05	1.81451978734e-05	3.62903957468e-05	0	0	4.53629946835e-06	4.98992941518e-05	0.0116401444358	0.00559325724447	0.0248906751828	0.0071083812669	0.00313004663316	0.00217288744534	0.000226814973417	0.000158770481392	0.000145161582987	7.71170909619e-05	8.61896898986e-05	5.44355936201e-05	2.26814973417e-05	1.3608898405e-05
4.53629946835e-06	0	0	0	0	0	0	1.81451978734e-05	0	7.71170909619e-05	0	0	0	0	4.53629946835e-06	0	0	0	0	0	0	4.53629946835e-06	2.72177968101e-05	1.3608898405e-05	2.72177968101e-05	0	0	4.53629946835e-06	2.26814973417e-05	4.53629946835e-06	1.3608898405e-05	0	0	4.53629946835e-06	1.3608898405e-05	0.0138629311753	4.53629946835e-06	3.17540962784e-05	0	2.72177968101e-05	0	0.00116582896336	0.00418700440928	0.00179183829	0.000294859465442	0.000394658053746	4.53629946835e-06	7.25807914935e-05	0	0.00575656402533	7.71170909619e-05	0.00013608898405	4.53629946835e-06	4.53629946835e-06	4.53629946835e-06	2.72177968101e-05	0.000195060877139	9.97985883036e-05	0.000249496470759	0.000884578396327	0	9.07259893669e-06	9.07259893669e-06	0.00125655495273	0.00686795739508	0.00265373518898	0	0	0.000934477690479	0.00136542613997	0	0	4.53629946835e-06	4.53629946835e-06	4.53629946835e-06	0	0	0.000399194353214	9.97985883036e-05	0.000430948449493	0.000122480085645	0.000294859465442	2.72177968101e-05	4.53629946835e-06
0	0.00210484295331	0.00129738164795	0	0	0	4.53629946835e-06	0	4.53629946835e-06	4.53629946835e-06	0	0.000322077262253	0	0.000249496470759	4.53629946835e-06	0	3.62903957468e-05	0.000512601839923	4.08266952151e-05	0.000485384043113	0	2.72177968101e-05	6.35081925568e-05	0.000176915679265	4.53629946835e-06	0.000884578396327	0.00190524577671	0.00127923645007	4.53629946835e-06	4.53629946835e-06	9.07259893669e-06	0	0	0	0.000390121754278	4.53629946835e-06	0.0255756564025	0.00120211935911	0	0	0	9.07259893669e-06	9.07259893669e-06	4.53629946835e-06	5.89718930885e-05	0	0.00107963927347	0	0.000730344214404	0	0	0.000195060877139	0.00135635354104	0.000290323165974	0.00156048701711	0	0.000158770481392	0.00318901852625	0.000884578396327	2.72177968101e-05	0.00349295059063	0.0053029340785	0.0142122262343	6.35081925568e-05	1.3608898405e-05	7.25807914935e-05	1.3608898405e-05	0	0	0.00116582896336	0.00013608898405	0.000852824300049	0.000281250567037	8.16533904302e-05	4.53629946835e-06	0	9.07259893669e-06	0.000567037433543	0.00267641668632	0.0015196603219	0.000417339551088	2.72177968101e-05	1.3608898405e-05	9.07259893669e-05
0	0.000140625283519	0.00010887118724	0	0	0	0	4.53629946835e-06	0	9.07259893669e-06	0	0	0	0	0	0	3.62903957468e-05	2.26814973417e-05	0	4.53629946835e-06	0	0	5.44355936201e-05	4.53629946835e-05	4.53629946835e-06	0	3.62903957468e-05	8.61896898986e-05	4.53629946835e-06	4.53629946835e-06	4.53629946835e-06	0	0	4.53629946835e-06	3.17540962784e-05	3.17540962784e-05	0.00120211935911	0.0180590081835	0	0	0	4.53629946835e-06	0.000127016385114	0	2.72177968101e-05	0	4.98992941518e-05	0	9.07259893669e-06	4.53629946835e-05	0	0.000902723594201	0.002508573606	9.07259893669e-06	0.000430948449493	0	0.000911796193137	0.0016194589102	0.00970768086226	4.53629946835e-05	9.07259893669e-06	0.00261290849377	0.00552974905191	0.000244960171291	4.53629946835e-05	0.000408266952151	0	0	1.3608898405e-05	0.00100705848197	3.62903957468e-05	4.08266952151e-05	2.72177968101e-05	4.53629946835e-06	0	4.53629946835e-06	0	0.000970768086226	0.00188256427936	0.00110685707028	0.000530747037796	0.000104334887772	5.44355936201e-05	3.17540962784e-05
0	0	0	0	0	0	0	0	0	0	0	0	0	0	0	0	0	0	0	0	0	0	0	0	0	0	0	0	0	0	0	0	0	0	0	0	0	0	0	0	0	0	0	0	0	0	0	0	0	0	0	0	0	0	0	0	0	0	0	0	0	0	0	0	0	0	0	0	0	0	0	0	0	0	0	0	0	0	0	0	0	0	0	0
0	0	0	0	0.00206855255757	0	3.17540962784e-05	2.26814973417e-05	0	0	0.000231351272886	0	0.000276714267569	0	4.53629946835e-06	0	4.53629946835e-06	0	0	0	0.00114768376549	0	4.53629946835e-06	0	0.000294859465442	0	0	0	0.000299395764911	4.53629946835e-06	1.3608898405e-05	0	0	0	9.07259893669e-06	2.72177968101e-05	0	0	0	0.0108916550235	0	0.000353831358531	0.000517138139391	8.16533904302e-05	4.98992941518e-05	0.0027943604725	0	0.000571573733012	0	4.98992941518e-05	4.53629946835e-06	0	0	0	0	0.00443196458057	0	4.53629946835e-06	4.53629946835e-06	0.00277621527463	0	0	0	0.00309829253688	1.81451978734e-05	1.3608898405e-05	0	0	4.53629946835e-06	9.07259893669e-06	4.53629946835e-06	0	0	0	0	0	0	0	0	0	0	9.07259893669e-06	0	0
0	0	0	0	0	0	0	0	0	0	0	0	0	0	0	0	0	0	0	0	0	0	0	0	0	0	0	0	0	0	0	0	0	0	0	0	0	0	0	0	0.00274446117835	0.00113861116655	0	0.000285786866506	0	0	0	0	0	9.52622888353e-05	0.000526210738328	0	0	0	0	0	0	0	4.53629946835e-06	0	0	0	0	0	0.00010887118724	0	0	0.000539819636733	0	0.00016330678086	0	0	0	0	0	0	0	9.07259893669e-06	4.53629946835e-06	3.62903957468e-05	1.81451978734e-05	0.000557964834607	0.000362903957468	4.53629946835e-06
0	0	0	0	0	0	0	9.07259893669e-06	0	2.26814973417e-05	0	0	0	0	0	0	0	0	0	0	0	0	0	0	2.26814973417e-05	0	0	0	1.3608898405e-05	0	0	0	0	0	0	0.00116582896336	9.07259893669e-06	4.53629946835e-06	0	0.000353831358531	0.00113861116655	0.0443740813994	0.00286240496453	0.017764148718	0.000140625283519	0.010741957141	8.61896898986e-05	0.00714013536318	1.3608898405e-05	0.00687249369454	0.00166482190488	4.08266952151e-05	9.07259893669e-06	1.3608898405e-05	0	0.00183266498521	7.71170909619e-05	5.44355936201e-05	8.61896898986e-05	0.00185534648255	4.53629946835e-06	1.81451978734e-05	1.81451978734e-05	0.00130645424688	0.0055025312551	0.000376512855873	0	0.00189617317777	0.000290323165974	0.00324799041934	0	0	0	0	0	0	0	0.000376512855873	0.000113407486709	0.00132913574423	0.000235887572354	0.00110232077081	0.00119758305964	4.53629946835e-06
1.81451978734e-05	0	0	0	9.07259893669e-06	0	0	7.25807914935e-05	0	0.000353831358531	9.07259893669e-06	0	9.07259893669e-06	0	4.53629946835e-06	0	4.53629946835e-05	0	0	4.53629946835e-06	1.3608898405e-05	1.3608898405e-05	0.000122480085645	2.26814973417e-05	0.000249496470759	0	4.53629946835e-06	4.53629946835e-06	0.000122480085645	2.26814973417e-05	4.08266952151e-05	0	0	9.07259893669e-06	4.98992941518e-05	0.00418700440928	9.07259893669e-06	0.000127016385114	0	0.000517138139391	0	0.00286240496453	0.0410625827875	0.00238155722088	0.00142893433253	0.00861443269039	9.07259893669e-06	0.000843751701112	9.07259893669e-06	0.00407813322204	0.000117943786177	0.00054889223567	0.00010887118724	0	4.53629946835e-06	0.000716735315999	0.0012610912522	0.000390121754278	0.00126562755167	0.00681352180146	0	1.3608898405e-05	0.000104334887772	0.0157908584493	0.00264012629058	0.00825152873292	0	4.53629946835e-06	0.000598791529822	0.00142893433253	2.26814973417e-05	0	2.26814973417e-05	1.3608898405e-05	1.3608898405e-05	0	0	0.000784779808024	0.000376512855873	0.000635081925568	0.000276714267569	0.000358367657999	9.07259893669e-06	1.3608898405e-05
