0.0273883008572	7.74008785e-06	0.00400162541845	0	0.000158671800925	0.000491495578475	0.0020588633681	0.00867663847985	0.00775169798177	7.74008785e-06	0.00469823332495	0.0016563787999	0.00352173997175	1.9350219625e-05	0.0203448209137	7.74008785e-06	0	0.00106039203545	0.000491495578475	0.0001238414056	0.00575475531647	0.00276321136245	0	0.0043499293717	0.000537936105575	0	0.0037616826951	0.0003560440411	0.00380425317827	0.00784457903597	0.00765494688365	2.322026355e-05	0.00180344046905	0.000174151976625	0.00338241839045	0	0	3.870043925e-06	0	0	0	0	1.1610131775e-05	0	1.1610131775e-05	0	0	0	0	0	0	0	1.1610131775e-05	3.870043925e-06	7.74008785e-06	0	0	0	0	3.4830395325e-05	0	1.9350219625e-05	1.9350219625e-05	4.2570483175e-05	0	0	0	0	0	7.74008785e-06	0.000576636544825	0.000154801757	0.00252713868302	0.000290253294375	3.870043925e-06	8.9011010275e-05	3.870043925e-06	5.8050658875e-05	0	1.54801757e-05	0	7.74008785e-06	0	0
7.74008785e-06	0.0308481201262	1.1610131775e-05	0	1.1610131775e-05	3.870043925e-06	2.7090307475e-05	3.870043925e-06	0	0.00415255713152	3.870043925e-06	7.74008785e-06	3.4830395325e-05	0.00019350219625	0	0	0.00128872462702	8.9011010275e-05	0	0.0004024845682	2.7090307475e-05	6.19207028e-05	0.00601017821552	0.000359914085025	0.00234524661855	0.00271290079142	0.0095512684069	0.0217457768146	5.418061495e-05	1.9350219625e-05	1.1610131775e-05	3.870043925e-06	0	7.74008785e-06	0.0002012422841	0	0.016203873914	7.74008785e-06	0	1.54801757e-05	3.870043925e-06	5.0310571025e-05	3.870043925e-06	7.74008785e-06	0.000476015402775	4.64405271e-05	0	6.19207028e-05	0.0001702819327	0	1.1610131775e-05	9.28810542e-05	9.6751098125e-05	8.514096635e-05	5.418061495e-05	3.870043925e-06	7.74008785e-06	0.00213239420267	6.966079065e-05	0.00068886781865	0.001702819327	0.00126550436347	0.0185878209718	4.2570483175e-05	2.7090307475e-05	0	1.54801757e-05	0	0	0.000154801757	0.0005108457981	0.00033282377755	0.00013158149345	0	0.000700477950425	0	0	0.0003870043925	0.000328953733625	0.00025542289905	0.000119971361675	3.870043925e-06	0	3.870043925e-06
0.00400162541845	1.1610131775e-05	0.0286654153525	0	7.74008785e-06	1.54801757e-05	1.54801757e-05	0.000708218038275	0.000855279707425	0	7.3530834575e-05	7.74008785e-06	0.000197372240175	0	0.00351012983997	0	6.966079065e-05	0.00681514735192	0.0001238414056	0.000460535227075	0.0002012422841	0.004179647439	0	0.0125466824048	6.966079065e-05	0	0.0098144313938	0.0110025348788	0.00124615414385	0.00268968052787	0.00596760773235	0	0.0001857621084	0.000127711449525	0.00105652199152	0	1.54801757e-05	0.0002322026355	0	0	0	0	3.870043925e-06	0	0	0	3.870043925e-06	0	0	0	0	0	0.0002786431626	3.870043925e-06	7.74008785e-06	0	1.9350219625e-05	1.1610131775e-05	0.0001702819327	3.09603514e-05	0	0.000243812767275	0.00201629288492	6.5790746725e-05	3.870043925e-06	0	0	0	0	0	0.0036688016409	0.000801099092475	0.00210143385127	0.000274773118675	2.322026355e-05	0	0	4.2570483175e-05	3.870043925e-06	1.54801757e-05	5.8050658875e-05	3.4830395325e-05	0	0
0	0	0	0	0	0	0	0	0	0	0	0	0	0	0	0	0	0	0	0	0	0	0	0	0	0	0	0	0	0	0	0	0	0	0	0	0	0	0	0	0	0	0	0	0	0	0	0	0	0	0	0	0	0	0	0	0	0	0	0	0	0	0	0	0	0	0	0	0	0	0	0	0	0	0	0	0	0	0	0	0	0	0	0
0.000158671800925	1.1610131775e-05	7.74008785e-06	0	0.0240136225546	0.000104491185975	0.00541032140715	0.000731438301825	0.000607596896225	0.0007894889607	0.00231428626715	0.00093655062985	0.00875016931442	3.09603514e-05	0.0012693744074	0.00020898237195	1.54801757e-05	8.1270922425e-05	0.0002167224598	0.0002476828112	0.0128795061824	7.74008785e-06	2.7090307475e-05	2.322026355e-05	0.002941233383	0	0.0015634977457	0.000135451537375	0.005572863252	0.0025851893419	3.870043925e-06	2.7090307475e-05	0.00101395150835	3.4830395325e-05	0.00319278623812	0.000166411888775	3.4830395325e-05	3.870043925e-06	0	0.00805356140792	0	0.00030186342615	0.0014860968672	0.000499235666325	0.00147448673542	0.0011300528261	0	0.00363397124557	0	0.0002167224598	1.1610131775e-05	0	1.54801757e-05	0.00010062114205	0.000646297335475	0.0070125195921	1.1610131775e-05	4.2570483175e-05	3.09603514e-05	0.00352561001567	3.870043925e-06	0.000344433909325	7.3530834575e-05	0.000700477950425	0.000909460322375	7.74008785e-06	0	0	0	0.00178409024942	0.00129259467095	0.0002631629869	0.0031579558428	0.000135451537375	0.000150931713075	0.000158671800925	0	0.000398614524275	3.4830395325e-05	0.00145900655972	0.000189632152325	1.1610131775e-05	3.4830395325e-05	0
0.000491495578475	3.870043925e-06	1.54801757e-05	0	0.000104491185975	0.0123802705161	0.00756206582945	0.00131194489057	0.00629656146597	0.0005727665009	0.00135064532982	3.4830395325e-05	0.00118036339712	7.74008785e-06	0.00178796029335	0.00271677083535	0	0	0	3.870043925e-06	0.000259292942975	1.54801757e-05	3.870043925e-06	2.7090307475e-05	0.0005108457981	0	4.2570483175e-05	0.000119971361675	0.000824319356025	0.0003405638654	3.870043925e-05	3.870043925e-06	0.00681514735192	0.000205112328025	0.0006966079065	3.870043925e-06	0	0	0	3.870043925e-05	3.870043925e-06	3.870043925e-05	1.1610131775e-05	3.09603514e-05	7.74008785e-05	1.54801757e-05	0	5.0310571025e-05	0	1.54801757e-05	3.870043925e-06	0	0	0	0	1.9350219625e-05	7.74008785e-06	0	1.54801757e-05	0.0001083612299	0	0	2.7090307475e-05	6.966079065e-05	4.2570483175e-05	0	0	3.870043925e-06	0	5.0310571025e-05	0.000963640937325	7.3530834575e-05	0.00104491185975	0.0006346872037	0.00229493604752	0.000774008785	7.74008785e-06	1.1610131775e-05	0	0.00014706166915	0.000150931713075	3.870043925e-05	0	0
0.0020588633681	2.7090307475e-05	1.54801757e-05	0	0.00541032140715	0.00756206582945	0.0478221327812	0.00751562530235	0.0186342614989	0.000112231273825	0.0149964202094	0.00262388978115	0.0162270941775	0.00016254184485	0.0080651715397	0.00275160123067	3.870043925e-06	6.966079065e-05	0.000328953733625	0.000205112328025	0.0110528454498	1.54801757e-05	0	4.64405271e-05	0.0002786431626	0	0.0025232686391	0.000119971361675	0.00440798003057	0.00509684784922	3.09603514e-05	9.6751098125e-05	0.00800712088082	0.000390874436425	0.00590568702955	0	3.870043925e-06	3.870043925e-06	0	5.418061495e-05	0	1.54801757e-05	1.9350219625e-05	3.870043925e-06	8.9011010275e-05	1.1610131775e-05	0	5.8050658875e-05	0	0	0	0	1.54801757e-05	0	2.7090307475e-05	7.3530834575e-05	0	0	0	0.000154801757	0	1.9350219625e-05	5.0310571025e-05	6.5790746725e-05	7.74008785e-06	0	0	0	0	5.8050658875e-05	0.00211304398305	0.0004489250953	0.0050929778053	0.000723698213975	0.000963640937325	0.00061146694015	3.870043925e-06	8.9011010275e-05	1.54801757e-05	8.9011010275e-05	3.4830395325e-05	3.4830395325e-05	0	0
0.00867663847985	3.870043925e-06	0.000708218038275	0	0.000731438301825	0.00131194489057	0.00751562530235	0.0623618878074	0.0128291956114	3.870043925e-06	0.0212117107529	0.0002012422841	0.00131194489057	7.74008785e-06	0.0134948431665	0.00017802202055	1.1610131775e-05	0.00056502641305	0.00010062114205	5.418061495e-05	0.00319278623812	0.0039784051549	0	0.00352173997175	0.00144739642795	0	0.00079722904855	0.00022446254765	0.0222566226127	0.0105884401788	0.0117068828731	3.870043925e-06	0.0016873391513	0.00789101956307	0.0091642640144	0	0	0	0	0.0017182995027	0	4.2570483175e-05	9.6751098125e-05	1.9350219625e-05	0.00160606822887	8.514096635e-05	0	0.000390874436425	0	1.1610131775e-05	0	0	0	7.74008785e-06	6.5790746725e-05	0.0008359294878	0	0	0	0.00246521798022	0	5.418061495e-05	2.7090307475e-05	0.00135838541767	4.2570483175e-05	0	0	0	0	0.0002322026355	0.0027399910989	0.000158671800925	0.0078794094313	0.00279804175777	0.000236072679425	0.0003560440411	7.74008785e-06	7.3530834575e-05	1.54801757e-05	0.000119971361675	7.74008785e-06	7.74008785e-06	0	0
0.00775169798177	0	0.000855279707425	0	0.000607596896225	0.00629656146597	0.0186342614989	0.0128291956114	0.0451169720776	4.2570483175e-05	0.0129839973684	0.0006811277308	0.00347142940072	6.5790746725e-05	0.0193927901082	0.00163315853635	0	0.0002631629869	2.7090307475e-05	6.5790746725e-05	0.00364171133342	9.28810542e-05	0	0.00016254184485	0.00033282377755	0	0.00079722904855	0.000127711449525	0.00469823332495	0.00328566729232	0.00124615414385	7.74008785e-06	0.0091023433116	0.000928810542	0.0024923082877	3.870043925e-06	0	3.870043925e-06	0	6.5790746725e-05	3.870043925e-06	6.19207028e-05	2.322026355e-05	3.870043925e-05	5.8050658875e-05	3.09603514e-05	0	8.9011010275e-05	0	1.9350219625e-05	3.870043925e-06	0	3.870043925e-06	0	1.1610131775e-05	8.1270922425e-05	7.74008785e-06	0	1.54801757e-05	0.0001393215813	0	1.54801757e-05	7.74008785e-06	5.418061495e-05	5.8050658875e-05	0	0	3.870043925e-06	0	0.000112231273825	0.00076626869715	3.4830395325e-05	0.00259292942975	0.000994601288725	0.0005727665009	0.00070434799435	3.870043925e-06	5.0310571025e-05	1.1610131775e-05	0.000205112328025	0.00016254184485	3.870043925e-05	0	0
7.74008785e-06	0.00415255713152	0	0	0.0007894889607	0.0005727665009	0.000112231273825	3.870043925e-06	4.2570483175e-05	0.0240368428182	0	3.870043925e-06	0.00149383695505	3.4830395325e-05	7.74008785e-06	0.0028019118017	0.000112231273825	7.74008785e-06	0	2.322026355e-05	0	7.74008785e-06	0.0050465372782	1.54801757e-05	0.0132549004431	0.00107974225507	0.000870759883125	0.0028793126802	0.00327792720447	5.0310571025e-05	0.0001393215813	0	8.1270922425e-05	5.8050658875e-05	0.000135451537375	0	0.0002941233383	0	0	0.0007120880822	7.74008785e-06	0	2.7090307475e-05	1.54801757e-05	0.00861084773312	0	0	0.00041022465605	1.54801757e-05	3.870043925e-06	5.8050658875e-05	1.1610131775e-05	0	3.870043925e-06	3.870043925e-06	1.1610131775e-05	3.870043925e-06	8.1270922425e-05	1.1610131775e-05	0.00729890284255	1.54801757e-05	4.2570483175e-05	0.000305733470075	0.0032817972484	0	3.870043925e-06	0	0	0	0	0.000104491185975	4.2570483175e-05	3.09603514e-05	3.870043925e-06	0.00501944697072	0	0	0.0003250836897	0.0002941233383	0	0	0.000112231273825	0	0
0.00469823332495	3.870043925e-06	7.3530834575e-05	0	0.00231428626715	0.00135064532982	0.0149964202094	0.0212117107529	0.0129839973684	0	0.0415952321059	0.00047214535885	0.0039319646278	1.54801757e-05	0.00686545792295	0.000135451537375	0	3.4830395325e-05	0.000150931713075	6.5790746725e-05	0.00676096673697	1.54801757e-05	0	0.000359914085025	0.0001238414056	0	0.000669517599025	6.966079065e-05	0.0107703322433	0.00268194044002	6.19207028e-05	1.9350219625e-05	0.00243425762882	0.000847539619575	0.00509684784922	9.6751098125e-05	0	0	0	0.00214787437837	0	5.418061495e-05	0.00067338764295	0.000336693821475	0.00050310571025	0.000537936105575	0	0.00027090307475	0	0.00011610131775	0	0	0	0	7.74008785e-06	0.00172603959055	0	0	0	0.0006346872037	0	7.74008785e-06	1.1610131775e-05	8.514096635e-05	0.00023994272335	0	0	0	0	0.000154801757	0.00121906383637	0.0001083612299	0.0045511716558	0.00154027748215	6.966079065e-05	0.00027090307475	7.74008785e-06	2.322026355e-05	7.74008785e-06	7.3530834575e-05	7.74008785e-06	0	3.870043925e-06	0
0.0016563787999	7.74008785e-06	7.74008785e-06	0	0.00093655062985	3.4830395325e-05	0.00262388978115	0.0002012422841	0.0006811277308	3.870043925e-06	0.00047214535885	0.0269393757619	0.00376555273902	0.00447764082122	0.00241877745312	0	0	0.00016254184485	0.0029102730316	0.0028638325045	0.00395905493527	5.8050658875e-05	0	7.74008785e-06	0.00011610131775	0.0007120880822	0.0115404709843	0.0004334449196	0.00027090307475	0.00315408579887	0.000104491185975	0.00200468275315	0.00125002418777	6.966079065e-05	0.0137502660655	0	1.9350219625e-05	7.74008785e-06	0	0	0	3.870043925e-06	0	0	0	3.870043925e-06	0.0001393215813	3.870043925e-06	0.00059598676445	0	0	0	1.1610131775e-05	2.7090307475e-05	3.870043925e-06	0	0	0	0	0	0.000228332591575	0.0001083612299	4.64405271e-05	0	0	0	0	0	0	7.74008785e-06	0.0005108457981	0.0014396563401	0.00542967162677	4.64405271e-05	3.870043925e-06	0.0002786431626	0.00027090307475	0	0.0001702819327	7.74008785e-06	0	0	0	0.0001083612299
0.00352173997175	3.4830395325e-05	0.000197372240175	0	0.00875016931442	0.00118036339712	0.0162270941775	0.00131194489057	0.00347142940072	0.00149383695505	0.0039319646278	0.00376555273902	0.0388939414462	0.000166411888775	0.00667969581455	0.00313860562317	0	0.00023994272335	0.000777878828925	0.0005108457981	0.0201861491128	8.9011010275e-05	0	8.1270922425e-05	0.00187697130362	0	0.00429187871282	0.0002322026355	0.00143191625225	0.00750014512665	0.0004334449196	9.28810542e-05	0.00321213645775	9.28810542e-05	0.00861471777705	3.870043925e-05	5.8050658875e-05	3.870043925e-06	0	0.000166411888775	0	0.00273612105497	0.000336693821475	0.000166411888775	0.00039474448035	0.00147448673542	0.000251552855125	0.00468662319317	0.0004334449196	0.00011610131775	2.322026355e-05	0	2.322026355e-05	0.0003405638654	0.00166798893167	0.00202016292885	3.870043925e-06	0	7.74008785e-06	0.00042570483175	6.966079065e-05	0.0009597708934	0.0001702819327	6.966079065e-05	0.00081270922425	3.870043925e-06	3.870043925e-06	0	0	0.00313473557925	0.00188084134755	0.000499235666325	0.00700864954817	0.000607596896225	0.00132355502235	0.000390874436425	0	0.0002167224598	0.000104491185975	0.00305733470075	7.74008785e-06	0.0001083612299	0	1.1610131775e-05
1.9350219625e-05	0.00019350219625	0	0	3.09603514e-05	7.74008785e-06	0.00016254184485	7.74008785e-06	6.5790746725e-05	3.4830395325e-05	1.54801757e-05	0.00447764082122	0.000166411888775	0.0162193540897	0.000127711449525	0	0	0	0	0	0.0001393215813	0	3.09603514e-05	0	3.870043925e-06	0.00507362758567	0.00280578184562	0.0034211188297	3.870043925e-06	0.0001083612299	0	0.00152092726252	0.00011610131775	0	0.00037926430465	0	0.00031734360185	0	0	0	0	0	0	0	2.322026355e-05	0	0.00033282377755	0	0.00570057470152	0	0	0	0	0.000166411888775	0	0	0	5.0310571025e-05	0	3.870043925e-06	0.0031734360185	0.0019350219625	0.0027709514503	0	0	0	0.00053406606165	0	0	0	5.0310571025e-05	0.0008978501906	0.000483755490625	0.000181892064475	0	0.000112231273825	0.0004024845682	0	0.000630817159775	2.322026355e-05	0	0	0	0.00019350219625
0.0203448209137	0	0.00351012983997	0	0.0012693744074	0.00178796029335	0.0080651715397	0.0134948431665	0.0193927901082	7.74008785e-06	0.00686545792295	0.00241877745312	0.00667969581455	0.000127711449525	0.0469088024149	8.514096635e-05	0	0.00207821358772	0.0001238414056	0.000127711449525	0.00798390061727	0.0022910660036	0	0.00371137212407	0.000661777511175	0	0.00298380386617	0.000282513206525	0.00536775092397	0.0152015325374	0.00604113856692	4.2570483175e-05	0.00775169798177	0.00169894928307	0.0054335416707	0	0	0	0	3.870043925e-06	0	1.54801757e-05	1.9350219625e-05	0	1.1610131775e-05	1.1610131775e-05	0	1.9350219625e-05	0	0	0	0	0	3.870043925e-06	7.74008785e-06	1.54801757e-05	0	0	0	6.5790746725e-05	0	0	3.870043925e-06	5.0310571025e-05	1.54801757e-05	0	0	0	0	5.418061495e-05	0.00033282377755	8.9011010275e-05	0.0026625902204	0.000328953733625	8.1270922425e-05	0.0002322026355	0	8.9011010275e-05	0	6.966079065e-05	3.870043925e-06	7.74008785e-06	0	0
7.74008785e-06	0	0	0	0.00020898237195	0.00271677083535	0.00275160123067	0.00017802202055	0.00163315853635	0.0028019118017	0.000135451537375	0	0.00313860562317	0	8.514096635e-05	0.0093345459471	7.74008785e-06	0	0	0	0.0001083612299	3.870043925e-06	1.1610131775e-05	0.00011610131775	0.00134290524197	0	0	3.870043925e-06	0.00071982817005	2.322026355e-05	3.870043925e-06	0	0.0013622554616	0	0.00020898237195	0	0	0	0	0.000158671800925	0	0	0	0	0.00059598676445	0	0	0.000228332591575	0	0	1.54801757e-05	0	0	0	0	0	0	3.870043925e-06	0	0.00037926430465	0	0	0	6.5790746725e-05	3.870043925e-06	0	0	0	0	3.870043925e-06	0.000189632152325	0	0.000228332591575	3.09603514e-05	0.00480659455485	0	0	3.870043925e-06	0	1.54801757e-05	7.74008785e-06	0.0001238414056	0	0
0	0.00128872462702	6.966079065e-05	0	1.54801757e-05	0	3.870043925e-06	1.1610131775e-05	0	0.000112231273825	0	0	0	0	0	7.74008785e-06	0.0190328760231	1.1610131775e-05	7.74008785e-06	1.9350219625e-05	0	0.000863019795275	0.013723175758	0.00501170688287	0.00266646026432	1.9350219625e-05	0.000150931713075	0.00657520462857	0.0006501673794	7.74008785e-06	0	0	0	0	3.870043925e-05	0	0.000228332591575	0	0	3.870043925e-06	0	0	3.870043925e-06	0	0.0006811277308	0	0	7.74008785e-06	3.870043925e-06	3.870043925e-06	0	0.00470984345672	0	3.870043925e-06	3.870043925e-06	3.870043925e-06	0.00213239420267	0.00919135432187	0.0020743435438	0.000654037423325	2.7090307475e-05	0	0.000599856808375	0.00346368931287	0	0	0	0	0	0	0.00208208363165	0.00034830395325	0.000228332591575	0.0001702819327	0.000197372240175	0	0	1.9350219625e-05	3.870043925e-06	1.9350219625e-05	4.64405271e-05	4.64405271e-05	0	0
0.00106039203545	8.9011010275e-05	0.00681514735192	0	8.1270922425e-05	0	6.966079065e-05	0.00056502641305	0.0002631629869	7.74008785e-06	3.4830395325e-05	0.00016254184485	0.00023994272335	0	0.00207821358772	0	1.1610131775e-05	0.0290949902281	7.74008785e-06	0.00465179279785	0.00020898237195	0.0036533214652	0	0.00714410108555	7.74008785e-05	0	0.00486851525765	0.00499622670717	0.00110683256255	0.00467888310532	0.0077091274986	0	6.5790746725e-05	0.00078174887285	0.0089939820817	0	3.870043925e-05	5.0310571025e-05	0	0	0	3.870043925e-06	0	0	1.1610131775e-05	0	0	0	0	0	0	0	0.00030186342615	0	0.000398614524275	0	3.870043925e-06	0	7.74008785e-06	1.9350219625e-05	0	0.0010990924747	0.00163702858027	2.322026355e-05	0	0	0	0	0	7.74008785e-06	0.0004334449196	0.00065790746725	0.00167572901952	1.54801757e-05	0	0	0	0.000150931713075	4.64405271e-05	1.1610131775e-05	7.74008785e-06	3.870043925e-06	0	0
0.000491495578475	0	0.0001238414056	0	0.0002167224598	0	0.000328953733625	0.00010062114205	2.7090307475e-05	0	0.000150931713075	0.0029102730316	0.000777878828925	0	0.0001238414056	0	7.74008785e-06	7.74008785e-06	0.00553803285667	0.00226784574005	0.00085914975135	6.5790746725e-05	0	0.000228332591575	3.870043925e-05	0	0.00378103291472	0.000297993382225	0.000127711449525	0.00017802202055	4.2570483175e-05	0	3.870043925e-06	4.2570483175e-05	0.0031889161942	0	0	7.74008785e-06	0	3.870043925e-06	0	0	1.9350219625e-05	0	0	0	0	1.54801757e-05	0	0	0	0	7.74008785e-06	0	0	1.9350219625e-05	3.870043925e-06	0	1.54801757e-05	1.9350219625e-05	0	1.1610131775e-05	1.1610131775e-05	3.870043925e-06	0	0	0	0	0	7.74008785e-06	0.00090559027845	4.2570483175e-05	0.00227171578397	1.54801757e-05	0	3.870043925e-06	0	3.870043925e-06	0	3.870043925e-06	7.74008785e-06	0	0	0
0.0001238414056	0.0004024845682	0.000460535227075	0	0.0002476828112	3.870043925e-06	0.000205112328025	5.418061495e-05	6.5790746725e-05	2.322026355e-05	6.5790746725e-05	0.0028638325045	0.0005108457981	0	0.000127711449525	0	1.9350219625e-05	0.00465179279785	0.00226784574005	0.0182743474138	0.000460535227075	0.0005572863252	1.54801757e-05	0.000855279707425	0.00016254184485	3.870043925e-05	0.00911008339945	0.00110296251862	0.000274773118675	0.00034830395325	0.000228332591575	0	0	0.000112231273825	0.00843282571257	0	0.000801099092475	8.9011010275e-05	0	3.870043925e-06	0	7.74008785e-06	0	0	1.1610131775e-05	0	0	1.1610131775e-05	1.54801757e-05	0	0	0	0.00022446254765	4.2570483175e-05	0.0007430484336	3.870043925e-06	0	7.74008785e-06	3.870043925e-06	3.4830395325e-05	0.000127711449525	0.00119971361675	0.0029721937344	5.418061495e-05	0	0	0	0	0	1.1610131775e-05	0.00142804620832	0.00121132374852	0.00440798003057	5.8050658875e-05	1.54801757e-05	0	0	0.000212852415875	0.000251552855125	2.322026355e-05	1.9350219625e-05	0	0	0
0.00575475531647	2.7090307475e-05	0.0002012422841	0	0.0128795061824	0.000259292942975	0.0110528454498	0.00319278623812	0.00364171133342	0	0.00676096673697	0.00395905493527	0.0201861491128	0.0001393215813	0.00798390061727	0.0001083612299	0	0.00020898237195	0.00085914975135	0.000460535227075	0.0328218425279	9.6751098125e-05	3.870043925e-06	0.000150931713075	0.00176861007372	0	0.00440023994272	0.000228332591575	0.00351012983997	0.00792972000232	0.000437314963525	8.9011010275e-05	0.00245747789237	0.00017802202055	0.00999632345827	5.8050658875e-05	3.870043925e-05	7.74008785e-06	0	0.00399775537452	0	0.00104878190367	0.0011145726504	0.000154801757	0.000274773118675	0.00109135238685	4.64405271e-05	0.00415255713152	2.7090307475e-05	0.00013158149345	1.1610131775e-05	0	2.7090307475e-05	0.00016254184485	0.00155188761392	0.00498074653147	1.54801757e-05	3.870043925e-06	3.4830395325e-05	0.0023375065307	2.7090307475e-05	0.00090559027845	9.6751098125e-05	0.0001083612299	0.00085914975135	7.74008785e-06	0	0	0	0.00272838096712	0.00217496468585	0.0005418061495	0.00824319356025	0.00104491185975	6.5790746725e-05	0.00045666518315	3.870043925e-06	0.000464405271	5.0310571025e-05	0.00246908802415	0.0001857621084	1.1610131775e-05	3.09603514e-05	0
0.00276321136245	6.19207028e-05	0.004179647439	0	7.74008785e-06	1.54801757e-05	1.54801757e-05	0.0039784051549	9.28810542e-05	7.74008785e-06	1.54801757e-05	5.8050658875e-05	8.9011010275e-05	0	0.0022910660036	3.870043925e-06	0.000863019795275	0.0036533214652	6.5790746725e-05	0.0005572863252	9.6751098125e-05	0.0447764082122	0.0012848545831	0.023479556493	0.00023994272335	0	0.0021053038952	0.00124228409992	0.0068577178351	0.00229880609145	0.013413572244	0	2.322026355e-05	0.00115714313357	0.00602952843515	0	1.9350219625e-05	4.64405271e-05	0	3.870043925e-06	0	0	1.54801757e-05	3.870043925e-06	0.000220592503725	0	0	7.74008785e-06	0	3.870043925e-06	0	3.870043925e-06	6.5790746725e-05	0	3.870043925e-06	1.1610131775e-05	0.00107974225507	0.00168346910737	4.2570483175e-05	0.000259292942975	0	5.8050658875e-05	0.000158671800925	0.0019814624896	0	0	0	0	0	7.74008785e-06	0.00481046459877	0.00134290524197	0.00512780820062	0.000948160761625	9.6751098125e-05	0	0	7.3530834575e-05	2.322026355e-05	1.54801757e-05	3.09603514e-05	2.322026355e-05	0	0
0	0.00601017821552	0	0	2.7090307475e-05	3.870043925e-06	0	0	0	0.0050465372782	0	0	0	3.09603514e-05	0	1.1610131775e-05	0.013723175758	0	0	1.54801757e-05	3.870043925e-06	0.0012848545831	0.0337158226746	0.00552255268097	0.0077246076743	0.0010681321233	0.00076626869715	0.012020356431	0.00250004837555	1.1610131775e-05	0.00013158149345	0	0	3.4830395325e-05	0.0001238414056	0	0.00070434799435	0	0	1.1610131775e-05	3.870043925e-06	0	1.1610131775e-05	0	0.00367267168482	0	0	0	1.1610131775e-05	0	3.870043925e-06	0.00808839180325	0	0	0	3.870043925e-06	0.00279417171385	0.0169430523036	0.00365719150912	0.00324309680915	0.000119971361675	1.9350219625e-05	0.00405967607732	0.00584763637067	0	2.7090307475e-05	0	0	0	0	0.00010062114205	8.9011010275e-05	7.74008785e-06	7.74008785e-06	0.000464405271	0	0	0.0001702819327	0.00013158149345	3.870043925e-06	3.870043925e-06	0	0	0
0.0043499293717	0.000359914085025	0.0125466824048	0	2.322026355e-05	2.7090307475e-05	4.64405271e-05	0.00352173997175	0.00016254184485	1.54801757e-05	0.000359914085025	7.74008785e-06	8.1270922425e-05	0	0.00371137212407	0.00011610131775	0.00501170688287	0.00714410108555	0.000228332591575	0.000855279707425	0.000150931713075	0.023479556493	0.00552255268097	0.0688209911182	0.0002322026355	1.1610131775e-05	0.0053716209679	0.00802647110045	0.00230267613537	0.001857621084	0.00725633235937	0	5.418061495e-05	0.0005882466766	0.0052168192109	0	7.74008785e-05	6.19207028e-05	0	2.7090307475e-05	0	0	5.418061495e-05	1.1610131775e-05	8.1270922425e-05	3.870043925e-06	0	3.870043925e-05	0	1.1610131775e-05	0	0.00384295361752	0.000104491185975	3.870043925e-06	2.322026355e-05	4.2570483175e-05	0.00325857698485	0.00873855918265	0.00429187871282	0.000499235666325	7.74008785e-06	0.0001393215813	0.00119971361675	0.00376555273902	1.1610131775e-05	7.74008785e-06	0	0	0	1.9350219625e-05	0.0146752065636	0.00340176861007	0.00926875520037	0.00224849552042	0.00044118500745	3.870043925e-06	1.1610131775e-05	0.00027090307475	3.4830395325e-05	0.000104491185975	0.00017802202055	0.00020898237195	0	3.870043925e-06
0.000537936105575	0.00234524661855	6.966079065e-05	0	0.002941233383	0.0005108457981	0.0002786431626	0.00144739642795	0.00033282377755	0.0132549004431	0.0001238414056	0.00011610131775	0.00187697130362	3.870043925e-06	0.000661777511175	0.00134290524197	0.00266646026432	7.74008785e-05	3.870043925e-05	0.00016254184485	0.00176861007372	0.00023994272335	0.0077246076743	0.0002322026355	0.0421254281236	0.00056502641305	0.00113392287002	0.0019350219625	0.0137657462412	0.00207047349987	0.00117262330927	0	0.000150931713075	0.00123067396815	0.00332049768765	0	0.000421834787825	3.870043925e-06	0	0.000863019795275	5.418061495e-05	2.322026355e-05	0.000464405271	3.09603514e-05	0.0113701890516	3.09603514e-05	3.870043925e-06	0.00044118500745	3.09603514e-05	2.322026355e-05	0.00036378412895	5.0310571025e-05	2.322026355e-05	4.2570483175e-05	6.19207028e-05	0.0004334449196	0.00039474448035	0.00126550436347	4.2570483175e-05	0.0122409489348	9.28810542e-05	0.000189632152325	0.000514715842025	0.0073221231061	4.64405271e-05	3.870043925e-06	0	0	0	0.000119971361675	0.0033746783026	0.000708218038275	0.00220592503725	0.00065790746725	0.00250391841947	3.870043925e-05	0	0.000994601288725	0.000499235666325	0.00030186342615	0.000104491185975	0.000127711449525	7.74008785e-06	0
0	0.00271290079142	0	0	0	0	0	0	0	0.00107974225507	0	0.0007120880822	0	0.00507362758567	0	0	1.9350219625e-05	0	0	3.870043925e-05	0	0	0.0010681321233	1.1610131775e-05	0.00056502641305	0.0116527022582	0.00327792720447	0.0061765901043	7.74008785e-06	0	0	3.09603514e-05	0	0	0	0	0.00164863871205	0	0	7.74008785e-06	0	0	0	0	3.4830395325e-05	0	8.514096635e-05	0	0.0022755858279	0	0	3.870043925e-06	0	8.9011010275e-05	0	0	3.870043925e-06	4.64405271e-05	3.870043925e-06	1.9350219625e-05	0.0027554712746	0.00165250875597	0.0017802202055	0	0	0	0.000212852415875	0	0	0	3.870043925e-06	2.322026355e-05	4.64405271e-05	3.09603514e-05	9.6751098125e-05	0	0.00010062114205	0	0.0001857621084	0	0	0	0	1.9350219625e-05
0.0037616826951	0.0095512684069	0.0098144313938	0	0.0015634977457	4.2570483175e-05	0.0025232686391	0.00079722904855	0.00079722904855	0.000870759883125	0.000669517599025	0.0115404709843	0.00429187871282	0.00280578184562	0.00298380386617	0	0.000150931713075	0.00486851525765	0.00378103291472	0.00911008339945	0.00440023994272	0.0021053038952	0.00076626869715	0.0053716209679	0.00113392287002	0.00327792720447	0.0935583118868	0.0241103736527	0.0014860968672	0.00415255713152	0.00290640298767	0.0023065461793	0.0003405638654	0.000243812767275	0.0118113740591	8.1270922425e-05	0.0118578145862	0.000437314963525	0	3.4830395325e-05	3.870043925e-06	0.00039474448035	0.000104491185975	2.322026355e-05	0.0005727665009	0.000359914085025	5.8050658875e-05	0.0005263259738	0.00361462102595	5.418061495e-05	1.1610131775e-05	1.9350219625e-05	0.0017337796784	0.00218657481762	0.00130807484665	0.000127711449525	4.64405271e-05	0.00076626869715	0.000135451537375	0.000932680585925	0.00940807678167	0.0136109444842	0.0224501248089	0.000305733470075	0.000359914085025	3.870043925e-06	6.966079065e-05	0	0	0.000746918477525	0.0108709533853	0.0092571450686	0.0102827067087	0.000197372240175	0.000189632152325	7.74008785e-05	3.09603514e-05	0.00176086998587	0.00134290524197	0.00135451537375	0.000383134348575	7.74008785e-06	3.870043925e-06	3.09603514e-05
0.0003560440411	0.0217457768146	0.0110025348788	0	0.000135451537375	0.000119971361675	0.000119971361675	0.00022446254765	0.000127711449525	0.0028793126802	6.966079065e-05	0.0004334449196	0.0002322026355	0.0034211188297	0.000282513206525	3.870043925e-06	0.00657520462857	0.00499622670717	0.000297993382225	0.00110296251862	0.000228332591575	0.00124228409992	0.012020356431	0.00802647110045	0.0019350219625	0.0061765901043	0.0241103736527	0.0963253932932	0.000708218038275	0.000522455929875	0.0007585286093	0.000309603514	1.54801757e-05	6.19207028e-05	0.00301476421757	5.418061495e-05	0.0171094641924	0.000166411888775	0	3.4830395325e-05	0	0.000127711449525	4.2570483175e-05	1.54801757e-05	0.0003405638654	0.000154801757	8.9011010275e-05	0.0001702819327	0.00283674219702	3.870043925e-05	1.1610131775e-05	0.00357205054277	0.00036378412895	0.0008668898392	8.514096635e-05	4.64405271e-05	0.00017802202055	0.0138392770758	0.00638170243232	0.000568896456975	0.00904816269665	0.00531744035295	0.033386868941	0.00037926430465	0.0001857621084	0	0.000104491185975	0	0	0.0003560440411	0.0111573366358	0.0022291453008	0.00406354612125	0.000406354612125	0.000746918477525	1.9350219625e-05	3.4830395325e-05	0.00068886781865	0.0005727665009	0.00061146694015	0.000375394260725	7.3530834575e-05	3.870043925e-06	5.0310571025e-05
0.00380425317827	5.418061495e-05	0.00124615414385	0	0.005572863252	0.000824319356025	0.00440798003057	0.0222566226127	0.00469823332495	0.00327792720447	0.0107703322433	0.00027090307475	0.00143191625225	3.870043925e-06	0.00536775092397	0.00071982817005	0.0006501673794	0.00110683256255	0.000127711449525	0.000274773118675	0.00351012983997	0.0068577178351	0.00250004837555	0.00230267613537	0.0137657462412	7.74008785e-06	0.0014860968672	0.000708218038275	0.0635112908532	0.0031579558428	0.00613788966505	3.870043925e-06	0.000832059443875	0.00193889200642	0.00616885001645	0	3.870043925e-05	2.7090307475e-05	0	0.0073995239846	0	3.870043925e-05	0.00070434799435	5.418061495e-05	0.0119932661236	6.19207028e-05	3.870043925e-06	0.00101395150835	1.9350219625e-05	3.09603514e-05	3.870043925e-06	3.870043925e-06	4.64405271e-05	4.2570483175e-05	0.000112231273825	0.00262775982507	0.00027090307475	0.00059598676445	8.9011010275e-05	0.0119119952011	1.54801757e-05	0.000259292942975	0.000174151976625	0.00837090500977	5.418061495e-05	0.000189632152325	0	0	0	0.0002476828112	0.00542580158285	0.0006811277308	0.00512006811277	0.00163702858027	0.0011300528261	0.000236072679425	7.74008785e-06	0.00164476866812	0.00084366957565	0.00031734360185	7.74008785e-05	4.2570483175e-05	3.870043925e-06	0
0.00784457903597	1.9350219625e-05	0.00268968052787	0	0.0025851893419	0.0003405638654	0.00509684784922	0.0105884401788	0.00328566729232	5.0310571025e-05	0.00268194044002	0.00315408579887	0.00750014512665	0.0001083612299	0.0152015325374	2.322026355e-05	7.74008785e-06	0.00467888310532	0.00017802202055	0.00034830395325	0.00792972000232	0.00229880609145	1.1610131775e-05	0.001857621084	0.00207047349987	0	0.00415255713152	0.000522455929875	0.0031579558428	0.0446564368506	0.0158787902243	8.9011010275e-05	0.0008668898392	0.0131891096964	0.0152402329766	3.870043925e-06	1.1610131775e-05	7.74008785e-06	0	5.8050658875e-05	0	3.4830395325e-05	5.0310571025e-05	1.1610131775e-05	0.00011610131775	1.9350219625e-05	0	8.1270922425e-05	3.870043925e-06	1.1610131775e-05	0	0	1.9350219625e-05	3.870043925e-06	3.09603514e-05	5.0310571025e-05	3.870043925e-06	0	0	0.00056502641305	0	3.4830395325e-05	4.64405271e-05	0.000522455929875	2.7090307475e-05	3.870043925e-06	0	0	0	9.6751098125e-05	0.0023994272335	0.000522455929875	0.00866115830415	0.0017337796784	0.00028638325045	0.00011610131775	0	0.00020898237195	3.870043925e-05	0.000127711449525	0	7.74008785e-06	0	0
0.00765494688365	1.1610131775e-05	0.00596760773235	0	3.870043925e-06	3.870043925e-05	3.09603514e-05	0.0117068828731	0.00124615414385	0.0001393215813	6.19207028e-05	0.000104491185975	0.0004334449196	0	0.00604113856692	3.870043925e-06	0	0.0077091274986	4.2570483175e-05	0.000228332591575	0.000437314963525	0.013413572244	0.00013158149345	0.00725633235937	0.00117262330927	0	0.00290640298767	0.0007585286093	0.00613788966505	0.0158787902243	0.0450589214188	0	0.000290253294375	0.00581280597535	0.00801099092475	0	7.74008785e-06	0	0	0	0	0	2.7090307475e-05	0	0.0002012422841	0	0	0	0	0	0	7.74008785e-06	0	3.870043925e-06	3.870043925e-06	0	3.870043925e-06	7.74008785e-06	7.74008785e-06	0.00011610131775	0	3.870043925e-06	1.1610131775e-05	0.000166411888775	0	0	0	0	0	3.870043925e-06	0.000646297335475	2.7090307475e-05	0.0027245109232	0.0005882466766	8.9011010275e-05	0	0	0.00017802202055	5.8050658875e-05	1.54801757e-05	3.870043925e-06	1.1610131775e-05	0	0
2.322026355e-05	3.870043925e-06	0	0	2.7090307475e-05	3.870043925e-06	9.6751098125e-05	3.870043925e-06	7.74008785e-06	0	1.9350219625e-05	0.00200468275315	9.28810542e-05	0.00152092726252	4.2570483175e-05	0	0	0	0	0	8.9011010275e-05	0	0	0	0	3.09603514e-05	0.0023065461793	0.000309603514	3.870043925e-06	8.9011010275e-05	0	0.00355270032315	2.322026355e-05	0	0.000267033030825	0	7.74008785e-06	0	0	0	0	0	0	0	0	0	7.74008785e-06	3.870043925e-06	0.00064242729155	0	0	0	0	0.0002322026355	0	0	0	0	0	0	0.00028638325045	0.000723698213975	0.0004334449196	0	0	0	3.870043925e-06	0	0	3.870043925e-06	3.870043925e-06	0.00051858588595	0.0002012422841	0	0	3.09603514e-05	7.74008785e-06	0	6.5790746725e-05	3.870043925e-06	0	0	0	3.870043925e-06
0.00180344046905	0	0.0001857621084	0	0.00101395150835	0.00681514735192	0.00800712088082	0.0016873391513	0.0091023433116	8.1270922425e-05	0.00243425762882	0.00125002418777	0.00321213645775	0.00011610131775	0.00775169798177	0.0013622554616	0	6.5790746725e-05	3.870043925e-06	0	0.00245747789237	2.322026355e-05	0	5.418061495e-05	0.000150931713075	0	0.0003405638654	1.54801757e-05	0.000832059443875	0.0008668898392	0.000290253294375	2.322026355e-05	0.0155072660075	0.00010062114205	0.00210917393912	3.870043925e-06	0	3.870043925e-06	0	4.64405271e-05	3.870043925e-06	6.5790746725e-05	1.54801757e-05	3.4830395325e-05	3.09603514e-05	3.4830395325e-05	0	7.74008785e-05	0	1.54801757e-05	3.870043925e-06	0	3.870043925e-06	0	3.870043925e-06	3.4830395325e-05	7.74008785e-06	0	1.54801757e-05	0.00010062114205	0	7.74008785e-06	7.74008785e-06	5.418061495e-05	5.8050658875e-05	0	0	3.870043925e-06	0	0.000112231273825	0.0011919735289	5.8050658875e-05	0.00209369376342	0.000901720234525	0.000774008785	0.00123067396815	1.1610131775e-05	5.0310571025e-05	1.1610131775e-05	0.000212852415875	0.00016254184485	3.4830395325e-05	0	0
0.000174151976625	7.74008785e-06	0.000127711449525	0	3.4830395325e-05	0.000205112328025	0.000390874436425	0.00789101956307	0.000928810542	5.8050658875e-05	0.000847539619575	6.966079065e-05	9.28810542e-05	0	0.00169894928307	0	0	0.00078174887285	4.2570483175e-05	0.000112231273825	0.00017802202055	0.00115714313357	3.4830395325e-05	0.0005882466766	0.00123067396815	0	0.000243812767275	6.19207028e-05	0.00193889200642	0.0131891096964	0.00581280597535	0	0.00010062114205	0.0143114224346	0.00677644691267	0	3.870043925e-06	0	0	4.2570483175e-05	0	3.870043925e-06	1.1610131775e-05	7.74008785e-06	0.000104491185975	7.74008785e-06	0	2.322026355e-05	0	7.74008785e-06	0	0	0	0	3.870043925e-06	1.9350219625e-05	3.870043925e-06	0	0	0.000336693821475	0	3.870043925e-06	3.870043925e-06	0.000321213645775	1.54801757e-05	3.870043925e-06	0	0	0	1.9350219625e-05	0.00102556164012	3.4830395325e-05	0.00375007256332	0.00136999554945	0.000166411888775	1.1610131775e-05	0	6.5790746725e-05	3.09603514e-05	2.7090307475e-05	0	3.870043925e-06	0	0
0.00338241839045	0.0002012422841	0.00105652199152	0	0.00319278623812	0.0006966079065	0.00590568702955	0.0091642640144	0.0024923082877	0.000135451537375	0.00509684784922	0.0137502660655	0.00861471777705	0.00037926430465	0.0054335416707	0.00020898237195	3.870043925e-05	0.0089939820817	0.0031889161942	0.00843282571257	0.00999632345827	0.00602952843515	0.0001238414056	0.0052168192109	0.00332049768765	0	0.0118113740591	0.00301476421757	0.00616885001645	0.0152402329766	0.00801099092475	0.000267033030825	0.00210917393912	0.00677644691267	0.0551868263705	3.870043925e-06	5.0310571025e-05	0.00013158149345	0	6.5790746725e-05	0	0.00010062114205	6.5790746725e-05	1.9350219625e-05	0.000154801757	7.3530834575e-05	0	0.000197372240175	1.1610131775e-05	1.9350219625e-05	0	7.74008785e-06	0.00019350219625	1.1610131775e-05	6.5790746725e-05	0.00011610131775	1.1610131775e-05	1.1610131775e-05	1.9350219625e-05	0.0005882466766	0	0.000243812767275	0.00093655062985	0.000514715842025	8.514096635e-05	3.870043925e-06	0	0	0	0.00023994272335	0.00581667601927	0.00156736778962	0.0266994330386	0.00420673774647	0.00059598676445	0.00107200216722	7.74008785e-06	0.000220592503725	7.3530834575e-05	0.000282513206525	3.09603514e-05	2.7090307475e-05	0	0
0	0	0	0	0.000166411888775	3.870043925e-06	0	0	3.870043925e-06	0	9.6751098125e-05	0	3.870043925e-05	0	0	0	0	0	0	0	5.8050658875e-05	0	0	0	0	0	8.1270922425e-05	5.418061495e-05	0	3.870043925e-06	0	0	3.870043925e-06	0	3.870043925e-06	0.0317304901411	6.966079065e-05	0.000839799531725	0	0.00042570483175	2.322026355e-05	0.002631629869	0.0197217438418	0.00878112966582	0	0.000692737862575	0.00174538981017	0.00036378412895	0.000522455929875	0.0150080303411	9.28810542e-05	0	0.00124228409992	0.00118036339712	0.0015789779214	0.000274773118675	0.00515876855202	0	0.005108457981	0.00409063642872	6.19207028e-05	0.000305733470075	0.000197372240175	0.00689641827435	0.016513477428	0.00733373323787	7.74008785e-06	0	5.0310571025e-05	0.00464792275392	3.870043925e-06	3.870043925e-06	7.74008785e-06	3.870043925e-06	0	0	0	6.5790746725e-05	4.64405271e-05	0.00285996246057	3.4830395325e-05	8.1270922425e-05	0	2.322026355e-05
0	0.016203873914	1.54801757e-05	0	3.4830395325e-05	0	3.870043925e-06	0	0	0.0002941233383	0	1.9350219625e-05	5.8050658875e-05	0.00031734360185	0	0	0.000228332591575	3.870043925e-05	0	0.000801099092475	3.870043925e-05	1.9350219625e-05	0.00070434799435	7.74008785e-05	0.000421834787825	0.00164863871205	0.0118578145862	0.0171094641924	3.870043925e-05	1.1610131775e-05	7.74008785e-06	7.74008785e-06	0	3.870043925e-06	5.0310571025e-05	6.966079065e-05	0.0355695737147	7.74008785e-06	0	1.9350219625e-05	3.870043925e-06	0.000212852415875	3.870043925e-05	1.1610131775e-05	0.00516650863987	0.0001857621084	0.00013158149345	0.000282513206525	0.00177248011765	3.870043925e-05	7.74008785e-05	0.00010062114205	7.3530834575e-05	0.000692737862575	8.514096635e-05	7.3530834575e-05	4.64405271e-05	0.00908299309197	4.2570483175e-05	0.00489947560905	0.0118345943226	0.0033591981269	0.0285299638151	0.0002167224598	0.000228332591575	0	2.322026355e-05	0	0	0.000429574875675	0.0002786431626	0.00023994272335	3.870043925e-05	0	4.2570483175e-05	0	0	0.00085914975135	0.00099847133265	0.000754658565375	0.000174151976625	1.1610131775e-05	0	8.1270922425e-05
3.870043925e-06	7.74008785e-06	0.0002322026355	0	3.870043925e-06	0	3.870043925e-06	0	3.870043925e-06	0	0	7.74008785e-06	3.870043925e-06	0	0	0	0	5.0310571025e-05	7.74008785e-06	8.9011010275e-05	7.74008785e-06	4.64405271e-05	0	6.19207028e-05	3.870043925e-06	0	0.000437314963525	0.000166411888775	2.7090307475e-05	7.74008785e-06	0	0	3.870043925e-06	0	0.00013158149345	0.000839799531725	7.74008785e-06	0.0200274773119	0	1.54801757e-05	1.1610131775e-05	0.00017802202055	0.00101782155227	0.00163702858027	0	3.870043925e-05	4.64405271e-05	1.54801757e-05	1.54801757e-05	0.00082818939995	7.74008785e-06	0	0.00531357030902	3.870043925e-05	5.0310571025e-05	1.54801757e-05	0.00224075543257	0	0.0106155304863	1.54801757e-05	1.1610131775e-05	0.0059443874688	0.00806130149577	0.00102556164012	0.000715958126125	6.966079065e-05	0	0	0.000228332591575	0.000305733470075	0.000375394260725	0.0001393215813	9.28810542e-05	0	0	3.870043925e-06	0	9.28810542e-05	1.9350219625e-05	0.000251552855125	0.000119971361675	7.74008785e-06	0	0
0	0	0	0	0	0	0	0	0	0	0	0	0	0	0	0	0	0	0	0	0	0	0	0	0	0	0	0	0	0	0	0	0	0	0	0	0	0	0	0	0	0	0	0	0	0	0	0	0	0	0	0	0	0	0	0	0	0	0	0	0	0	0	0	0	0	0	0	0	0	0	0	0	0	0	0	0	0	0	0	0	0	0	0
0	1.54801757e-05	0	0	0.00805356140792	3.870043925e-05	5.418061495e-05	0.0017182995027	6.5790746725e-05	0.0007120880822	0.00214787437837	0	0.000166411888775	0	3.870043925e-06	0.000158671800925	3.870043925e-06	0	3.870043925e-06	3.870043925e-06	0.00399775537452	3.870043925e-06	1.1610131775e-05	2.7090307475e-05	0.000863019795275	7.74008785e-06	3.4830395325e-05	3.4830395325e-05	0.0073995239846	5.8050658875e-05	0	0	4.64405271e-05	4.2570483175e-05	6.5790746725e-05	0.00042570483175	1.9350219625e-05	1.54801757e-05	0	0.0298496487935	7.74008785e-06	0.00114166295787	0.0027709514503	0.00228332591575	0.00525551965015	0.0069041583622	5.0310571025e-05	0.00533292052865	3.09603514e-05	0.00075078852145	0.000135451537375	0	3.870043925e-06	0.0002012422841	0.000824319356025	0.017182995027	2.322026355e-05	3.870043925e-06	6.5790746725e-05	0.0142533717758	2.7090307475e-05	0.000367654172875	8.9011010275e-05	0.01083612299	0.0015015770429	7.74008785e-06	0	3.870043925e-06	0	0.00372298225585	7.3530834575e-05	0	0.000158671800925	6.966079065e-05	0.000174151976625	0	0	0.000592116720525	7.74008785e-05	0.00425317827357	0.000847539619575	0.000119971361675	0.000154801757	0
