0.0105303954877	4.12309925125e-06	9.89543820299e-05	0	0.000144308473794	2.06154962562e-05	0.000841112247254	0.00276659959759	0.00166985519675	0.000251509054326	0.0021398885114	0.000226770458818	0.000218524260316	1.6492397005e-05	0.00608981759409	4.12309925125e-05	4.12309925125e-05	0.000140185374542	3.71078932612e-05	9.89543820299e-05	0.000305109344592	4.12309925125e-05	2.88616947587e-05	0.000107200580532	0.000404063726622	8.24619850249e-06	7.83388857737e-05	4.53540917637e-05	0.000832866048752	0.00405712966323	0.00315004782795	0	1.23692977537e-05	0.000210278061814	0.000684434475707	2.06154962562e-05	2.06154962562e-05	0	0	5.77233895174e-05	0	0	8.24619850249e-06	8.24619850249e-06	8.65850842761e-05	0	4.12309925125e-06	1.6492397005e-05	4.12309925125e-06	2.88616947587e-05	0	4.12309925125e-06	4.12309925125e-06	0	0	2.88616947587e-05	4.12309925125e-06	8.24619850249e-06	8.24619850249e-06	0.000115446779035	1.23692977537e-05	1.23692977537e-05	1.23692977537e-05	6.18464887687e-05	6.59695880199e-05	4.53540917637e-05	0	4.12309925125e-06	1.6492397005e-05	6.18464887687e-05	0.000152554672296	8.24619850249e-05	0.000676188277204	9.48312827786e-05	9.07081835274e-05	3.71078932612e-05	4.12309925125e-06	1.23692977537e-05	4.12309925125e-06	3.71078932612e-05	1.6492397005e-05	8.24619850249e-06	8.24619850249e-06	8.24619850249e-06
4.12309925125e-06	0.0161872876604	0.00223471979417	0	3.71078932612e-05	0	3.298479401e-05	5.77233895174e-05	2.88616947587e-05	0.00148431573045	2.88616947587e-05	0.000177293267804	3.298479401e-05	0.000346340337105	2.06154962562e-05	4.12309925125e-05	0.000523633604908	0.00153791602071	3.71078932612e-05	0.000601972490682	1.6492397005e-05	0.000156677771547	0.00334795659201	0.000672065177953	0.00119157568361	0.00173582478477	0.00408599135798	0.00838638387703	0.000268001451331	3.298479401e-05	0.00013193917604	0	0	4.12309925125e-06	0.000577233895174	2.47385955075e-05	0.00789161196688	0.000428802322129	0	0	0	0	8.24619850249e-06	8.24619850249e-06	7.83388857737e-05	0	7.00926872712e-05	0	9.48312827786e-05	3.298479401e-05	4.12309925125e-06	3.71078932612e-05	0.00119157568361	1.6492397005e-05	0.000441171619883	0	3.71078932612e-05	0.000305109344592	0.00019790876406	5.77233895174e-05	0.000239139756572	0.00292740046838	0.00463848665765	2.88616947587e-05	4.12309925125e-05	5.36002902662e-05	1.6492397005e-05	4.12309925125e-06	8.24619850249e-06	0.00019790876406	0.000676188277204	0.000816373651747	0.000754527162978	0.000111323679784	7.00926872712e-05	8.24619850249e-06	8.24619850249e-06	0.000259755252828	0.000288616947587	0.00016492397005	7.83388857737e-05	8.24619850249e-06	8.24619850249e-06	0
9.89543820299e-05	0.00223471979417	0.0370460467724	0	1.23692977537e-05	1.6492397005e-05	0.000185539466306	0.00248210574925	0.000399940627371	0.000305109344592	0.000659695880199	0.000189662565557	3.298479401e-05	7.83388857737e-05	0.000515387406406	1.6492397005e-05	0.000601972490682	0.00967691394267	5.77233895174e-05	0.000812250552495	2.06154962562e-05	0.00219348880166	0.000940066629284	0.0120806808061	0.000659695880199	5.77233895174e-05	0.00695566843685	0.0152554672296	0.00345103407329	0.000247385955075	0.00122043737837	4.12309925125e-06	4.12309925125e-06	4.12309925125e-05	0.00161625490649	2.88616947587e-05	0.00538889072138	0.00103902101131	0	8.24619850249e-06	0	0	2.06154962562e-05	1.23692977537e-05	0.000123692977537	0	7.42157865224e-05	0	3.71078932612e-05	3.298479401e-05	0	0.00016492397005	0.00104726720982	8.24619850249e-06	0.000181416367055	4.12309925125e-06	0.000123692977537	0.00153791602071	0.000655572780948	8.65850842761e-05	6.59695880199e-05	0.00127816076789	0.00459725566514	7.00926872712e-05	5.77233895174e-05	0.000107200580532	1.23692977537e-05	0	2.06154962562e-05	0.000321601741597	0.00389220569318	0.00261404492529	0.00240376686348	0.000812250552495	0.000193785664809	2.88616947587e-05	4.12309925125e-05	0.000404063726622	0.000350463436356	0.000333971039351	0.00019790876406	1.6492397005e-05	1.23692977537e-05	1.6492397005e-05
0	0	0	0	0	0	0	0	0	0	0	0	0	0	0	0	0	0	0	0	0	0	0	0	0	0	0	0	0	0	0	0	0	0	0	0	0	0	0	0	0	0	0	0	0	0	0	0	0	0	0	0	0	0	0	0	0	0	0	0	0	0	0	0	0	0	0	0	0	0	0	0	0	0	0	0	0	0	0	0	0	0	0	0
0.000144308473794	3.71078932612e-05	1.23692977537e-05	0	0.0174901870238	1.6492397005e-05	0.000746280964475	0.00166985519675	0.0008287429495	0.00162037800574	0.00356648085233	8.24619850249e-05	0.00220998119867	2.47385955075e-05	0.000490648810898	0.00013193917604	6.18464887687e-05	4.12309925125e-06	2.47385955075e-05	3.298479401e-05	0.00824619850249	3.71078932612e-05	0.000123692977537	3.298479401e-05	0.0043127618168	8.24619850249e-06	4.12309925125e-05	3.71078932612e-05	0.00775554969159	0.000688557574958	0.000202031863311	0	8.24619850249e-06	9.07081835274e-05	0.000387571329617	2.47385955075e-05	8.24619850249e-06	8.24619850249e-06	0	0.000556618398918	4.12309925125e-06	6.18464887687e-05	2.06154962562e-05	6.59695880199e-05	0.000515387406406	2.88616947587e-05	8.24619850249e-06	0.000173170168552	0	6.59695880199e-05	2.47385955075e-05	4.12309925125e-06	0	0	4.12309925125e-06	0.000140185374542	0	3.298479401e-05	1.6492397005e-05	0.000470033314642	0	4.12309925125e-06	1.23692977537e-05	0.000239139756572	5.77233895174e-05	3.298479401e-05	0	2.47385955075e-05	4.12309925125e-06	6.18464887687e-05	0.000342217237853	4.12309925125e-05	0.000593726292179	9.89543820299e-05	0.000305109344592	2.88616947587e-05	1.6492397005e-05	0.000160800870799	8.24619850249e-06	5.77233895174e-05	2.88616947587e-05	0.000235016657321	1.6492397005e-05	1.23692977537e-05
2.06154962562e-05	0	1.6492397005e-05	0	1.6492397005e-05	0.00695566843685	0.00336444898902	0.00016492397005	0.00199145693835	8.24619850249e-05	0.000387571329617	3.71078932612e-05	0.000222647359567	2.88616947587e-05	0.000428802322129	0.00125342217238	8.24619850249e-06	3.298479401e-05	0	1.23692977537e-05	0.000107200580532	2.06154962562e-05	4.12309925125e-06	3.298479401e-05	2.47385955075e-05	0	1.6492397005e-05	1.6492397005e-05	0.000107200580532	0.000338094138602	7.42157865224e-05	0	0.000614341788436	4.12309925125e-06	0.000321601741597	4.12309925125e-06	4.12309925125e-06	0	0	2.06154962562e-05	0	0	0	4.12309925125e-06	1.6492397005e-05	1.23692977537e-05	0	4.12309925125e-06	0	8.24619850249e-06	0	0	0	0	4.12309925125e-06	1.23692977537e-05	4.12309925125e-06	8.24619850249e-06	4.12309925125e-06	2.88616947587e-05	4.12309925125e-06	8.24619850249e-06	0	1.23692977537e-05	1.23692977537e-05	1.23692977537e-05	0	0	0	4.12309925125e-06	0.000226770458818	8.24619850249e-05	0.000651449681697	0.000284493848336	0.00138536134842	0.00110086750008	4.12309925125e-06	1.23692977537e-05	8.24619850249e-06	1.6492397005e-05	0	4.12309925125e-06	4.12309925125e-06	2.47385955075e-05
0.000841112247254	3.298479401e-05	0.000185539466306	0	0.000746280964475	0.00336444898902	0.0442779628591	0.00648563512221	0.0244128706666	0.00165336279975	0.0204464491869	0.000799881254742	0.00903371045948	0.000160800870799	0.00810601312795	0.00371903552462	6.59695880199e-05	0.000177293267804	0.000119569878286	0.000235016657321	0.00375614341788	0.00019790876406	7.00926872712e-05	0.000321601741597	0.00159151631098	3.298479401e-05	0.000251509054326	0.000214401161065	0.00357060395158	0.00307170894218	0.000725665468219	1.6492397005e-05	0.000280370749085	5.36002902662e-05	0.00225121219118	4.94771910149e-05	2.06154962562e-05	4.12309925125e-06	0	0.000288616947587	0	4.12309925125e-05	3.298479401e-05	1.23692977537e-05	0.000379325131115	6.18464887687e-05	2.88616947587e-05	0.000206154962562	3.298479401e-05	6.59695880199e-05	0	1.23692977537e-05	0	0	0	0.00019790876406	1.23692977537e-05	2.88616947587e-05	2.06154962562e-05	0.000577233895174	4.12309925125e-06	3.298479401e-05	2.06154962562e-05	0.000276247649833	0.000119569878286	6.18464887687e-05	1.23692977537e-05	0	2.47385955075e-05	0.000119569878286	0.00127403766863	0.000424679222878	0.00405300656397	0.000783388857737	0.0026552759178	0.00066381897945	4.94771910149e-05	0.000123692977537	4.12309925125e-05	9.07081835274e-05	2.88616947587e-05	8.65850842761e-05	4.12309925125e-06	2.47385955075e-05
0.00276659959759	5.77233895174e-05	0.00248210574925	0	0.00166985519675	0.00016492397005	0.00648563512221	0.0635658211564	0.0109468285121	0.00552082989742	0.0243386548801	0.000548372200416	0.000808127453244	9.89543820299e-05	0.0109179668173	0.000342217237853	0.000325724840848	0.0023171817792	0.000123692977537	0.000581356994426	0.00133176105815	0.00228007388594	0.000338094138602	0.00300986245341	0.0084399841673	2.06154962562e-05	0.00100191311805	0.000721542368968	0.0273485173335	0.00682372926081	0.0120105881189	1.23692977537e-05	4.94771910149e-05	0.000981297621796	0.00418906883927	0.000437048520632	0.000148431573045	0.000136062275291	0	0.00118332948511	0	0.000127816076789	0.000321601741597	0.000305109344592	0.00227595078669	0.000173170168552	7.83388857737e-05	0.0003298479401	2.06154962562e-05	0.000709173071214	2.47385955075e-05	0.000206154962562	4.53540917637e-05	1.6492397005e-05	1.6492397005e-05	0.000626711086189	8.65850842761e-05	0.000300986245341	0.000259755252828	0.00238727446647	1.6492397005e-05	0.000119569878286	0.000202031863311	0.0013193917604	0.00108025200383	0.000634957284692	8.24619850249e-06	7.83388857737e-05	0.000222647359567	0.00108437510308	0.00285318468186	0.000746280964475	0.0044818088861	0.000997790018801	0.00104726720982	0.000185539466306	4.53540917637e-05	0.000507141207903	0.000119569878286	0.00076277336148	0.000222647359567	0.000226770458818	0.000115446779035	4.12309925125e-05
0.00166985519675	2.88616947587e-05	0.000399940627371	0	0.0008287429495	0.00199145693835	0.0244128706666	0.0109468285121	0.0463683741795	0.00153791602071	0.0213411617244	0.00120806808061	0.00541775241614	0.000214401161065	0.0187518553947	0.000709173071214	0.000111323679784	0.000428802322129	0.000206154962562	0.000416433024376	0.00367780453211	0.000399940627371	6.18464887687e-05	0.000589603192928	0.00195022594584	3.71078932612e-05	0.000432925421381	0.000284493848336	0.00438697760332	0.00420143813702	0.00173994788403	2.06154962562e-05	0.000288616947587	0.000107200580532	0.00359534254709	0.000152554672296	4.94771910149e-05	4.12309925125e-06	0	0.000354586535607	0	3.71078932612e-05	0.000107200580532	7.00926872712e-05	0.000585480093677	7.42157865224e-05	4.94771910149e-05	0.000193785664809	3.71078932612e-05	0.000173170168552	0	2.88616947587e-05	1.23692977537e-05	0	4.12309925125e-06	0.000222647359567	1.6492397005e-05	6.59695880199e-05	5.36002902662e-05	0.000733911666722	4.12309925125e-06	6.18464887687e-05	4.12309925125e-05	0.000428802322129	0.000247385955075	0.000136062275291	1.6492397005e-05	1.23692977537e-05	5.36002902662e-05	0.000235016657321	0.00150905432596	0.000630834185441	0.00558679948544	0.000935943530033	0.00212751921364	0.000573110795923	6.18464887687e-05	0.000140185374542	7.00926872712e-05	0.000185539466306	6.59695880199e-05	8.24619850249e-05	1.23692977537e-05	5.77233895174e-05
0.000251509054326	0.00148431573045	0.000305109344592	0	0.00162037800574	8.24619850249e-05	0.00165336279975	0.00552082989742	0.00153791602071	0.0364853052743	0.00282019988785	0.000177293267804	0.00268413761256	8.65850842761e-05	0.000940066629284	0.00127403766863	0.00261816802454	0.000235016657321	2.47385955075e-05	0.000152554672296	0.000791635056239	0.000659695880199	0.00522396675133	0.00092769733153	0.0210401754791	0.000387571329617	0.000556618398918	0.00126166837088	0.0117467097668	0.00119569878286	0.00138123824917	0	1.6492397005e-05	0.00019790876406	0.000692680674209	0.00112148299634	0.000169047069301	0.000189662565557	0	0.00244912095524	1.6492397005e-05	0.000272124550582	0.000779265758485	0.000643203483194	0.00962743675166	0.00036283273411	0.000160800870799	0.000738034765973	3.298479401e-05	0.00158327011248	9.07081835274e-05	0.00104726720982	8.65850842761e-05	8.24619850249e-06	1.6492397005e-05	0.00116271398885	0.000869973942013	0.00264290662005	0.00100191311805	0.00598674011281	2.06154962562e-05	0.000156677771547	0.000268001451331	0.00399116007521	0.00256044463502	0.00278721509384	4.12309925125e-06	0.000177293267804	0.000890589438269	0.00279546129234	0.00220585809942	0.000437048520632	0.00100191311805	0.000177293267804	0.00177293267804	6.59695880199e-05	4.12309925125e-06	0.00159563941023	0.000210278061814	0.0018100405713	0.000581356994426	0.00099366691955	0.000371078932612	1.6492397005e-05
0.0021398885114	2.88616947587e-05	0.000659695880199	0	0.00356648085233	0.000387571329617	0.0204464491869	0.0243386548801	0.0213411617244	0.00282019988785	0.0704926278985	0.00134413035591	0.0140845070423	0.00016492397005	0.0129753933437	0.000416433024376	0.000156677771547	0.000536002902662	0.000255632153577	0.000540126001913	0.0124641290365	0.000445294719134	0.000107200580532	0.000688557574958	0.00377263581489	2.06154962562e-05	0.000536002902662	0.000383448230366	0.0143896163868	0.00637843454168	0.00216875020615	2.06154962562e-05	0.000144308473794	0.000453540917637	0.00473331794043	0.000169047069301	6.18464887687e-05	2.47385955075e-05	0	0.000907081835274	0	9.07081835274e-05	0.000181416367055	9.07081835274e-05	0.0011668370881	0.000136062275291	2.88616947587e-05	0.000391694428868	2.88616947587e-05	0.000247385955075	8.24619850249e-06	4.12309925125e-05	1.6492397005e-05	0	4.12309925125e-06	0.000482402612396	2.47385955075e-05	8.65850842761e-05	7.00926872712e-05	0.00152554672296	8.24619850249e-06	7.83388857737e-05	6.18464887687e-05	0.0008287429495	0.000354586535607	0.000189662565557	1.23692977537e-05	2.06154962562e-05	7.42157865224e-05	0.000346340337105	0.00228832008444	0.000709173071214	0.00641966553419	0.000882343239766	0.00166160899825	0.000288616947587	7.42157865224e-05	0.00026387835208	4.53540917637e-05	0.000243262855823	9.07081835274e-05	0.000259755252828	3.71078932612e-05	1.6492397005e-05
0.000226770458818	0.000177293267804	0.000189662565557	0	8.24619850249e-05	3.71078932612e-05	0.000799881254742	0.000548372200416	0.00120806808061	0.000177293267804	0.00134413035591	0.0289194181482	0.000486525711647	0.0054795989049	0.000705049971963	2.06154962562e-05	5.36002902662e-05	0.000775142659234	0.0056239073787	0.00722779298743	0.000412309925125	0.000185539466306	8.24619850249e-05	0.000358709634858	0.000226770458818	0.00226770458818	0.00633720354916	0.0018182867698	0.000490648810898	0.00113385229409	0.000152554672296	0.000259755252828	5.36002902662e-05	1.23692977537e-05	0.00702988422337	1.6492397005e-05	0.000321601741597	8.24619850249e-06	0	2.47385955075e-05	0	0	4.12309925125e-06	1.23692977537e-05	5.36002902662e-05	8.24619850249e-06	0.000733911666722	2.88616947587e-05	0.00137299205066	2.88616947587e-05	0	1.23692977537e-05	2.47385955075e-05	8.65850842761e-05	0.000152554672296	3.298479401e-05	4.12309925125e-06	3.298479401e-05	2.06154962562e-05	5.36002902662e-05	0.000898835636771	0.00119982188211	0.000771019559983	2.88616947587e-05	5.36002902662e-05	8.24619850249e-06	0.000288616947587	1.23692977537e-05	1.23692977537e-05	0.000148431573045	0.00186364086156	0.0063000956559	0.00936768149883	0.00106375960682	0.000160800870799	3.298479401e-05	0.00104726720982	6.59695880199e-05	0.000218524260316	0.00013193917604	2.88616947587e-05	0	1.6492397005e-05	2.47385955075e-05
0.000218524260316	3.298479401e-05	3.298479401e-05	0	0.00220998119867	0.000222647359567	0.00903371045948	0.000808127453244	0.00541775241614	0.00268413761256	0.0140845070423	0.000486525711647	0.0304284724742	5.36002902662e-05	0.00144308473794	0.00179767127354	4.94771910149e-05	2.06154962562e-05	7.83388857737e-05	0.000140185374542	0.010616980572	2.47385955075e-05	0.00016492397005	4.94771910149e-05	0.0019873338391	1.6492397005e-05	0.000119569878286	0.000107200580532	0.00187601015932	0.0011503446911	9.48312827786e-05	4.12309925125e-06	5.77233895174e-05	2.47385955075e-05	0.00116271398885	4.12309925125e-06	8.24619850249e-06	0	0	0.000107200580532	0	1.6492397005e-05	8.24619850249e-06	1.6492397005e-05	0.000206154962562	8.24619850249e-06	8.24619850249e-06	0.00072978856747	4.12309925125e-06	2.06154962562e-05	8.24619850249e-06	1.6492397005e-05	0	0	0	3.71078932612e-05	4.12309925125e-06	2.06154962562e-05	2.06154962562e-05	0.000119569878286	0	2.47385955075e-05	8.24619850249e-06	7.00926872712e-05	3.71078932612e-05	8.24619850249e-06	0	8.24619850249e-06	0	4.12309925125e-05	0.000432925421381	0.000193785664809	0.0018265329683	0.000177293267804	0.00079575815549	8.65850842761e-05	2.06154962562e-05	0.000111323679784	1.23692977537e-05	3.71078932612e-05	1.6492397005e-05	0.000103077481281	4.12309925125e-06	4.12309925125e-06
1.6492397005e-05	0.000346340337105	7.83388857737e-05	0	2.47385955075e-05	2.88616947587e-05	0.000160800870799	9.89543820299e-05	0.000214401161065	8.65850842761e-05	0.00016492397005	0.0054795989049	5.36002902662e-05	0.0144597090741	0.000115446779035	4.12309925125e-06	1.23692977537e-05	0.000107200580532	0.00029686314609	0.000272124550582	2.88616947587e-05	4.12309925125e-05	0.00013193917604	4.53540917637e-05	4.12309925125e-05	0.00466322525316	0.004135468549	0.00239964376422	5.77233895174e-05	0.000144308473794	1.23692977537e-05	0.000577233895174	4.12309925125e-06	0	0.000771019559983	8.24619850249e-06	0.00026387835208	1.23692977537e-05	0	4.12309925125e-06	0	0	0	1.23692977537e-05	1.23692977537e-05	4.12309925125e-06	0.00066381897945	2.06154962562e-05	0.00159976250948	2.88616947587e-05	0	4.12309925125e-06	2.88616947587e-05	9.07081835274e-05	8.65850842761e-05	2.06154962562e-05	0	2.47385955075e-05	0	8.24619850249e-06	0.00101840551506	0.00113797539334	0.000766896460732	0	4.12309925125e-05	1.23692977537e-05	0.000305109344592	1.23692977537e-05	4.12309925125e-06	0.000107200580532	0.000313355543095	0.00286143088036	0.00155853151697	0.00036283273411	4.12309925125e-05	4.94771910149e-05	0.00099366691955	6.18464887687e-05	0.000268001451331	0.000193785664809	7.83388857737e-05	0	8.24619850249e-06	0.00016492397005
0.00608981759409	2.06154962562e-05	0.000515387406406	0	0.000490648810898	0.000428802322129	0.00810601312795	0.0109179668173	0.0187518553947	0.000940066629284	0.0129753933437	0.000705049971963	0.00144308473794	0.000115446779035	0.0343742784576	0.000127816076789	7.42157865224e-05	0.000564864597421	9.48312827786e-05	0.000280370749085	0.00142659234093	0.000379325131115	5.36002902662e-05	0.000519510505657	0.00130289936339	3.298479401e-05	0.000366955833361	0.00023089355807	0.00329435630174	0.00503018108652	0.00331084869875	0	0.000680311376455	0.000111323679784	0.00237078206947	8.65850842761e-05	4.12309925125e-05	8.24619850249e-06	0	0.000181416367055	0	1.23692977537e-05	7.83388857737e-05	3.71078932612e-05	0.000424679222878	4.53540917637e-05	1.23692977537e-05	8.24619850249e-05	0	0.000103077481281	0	2.06154962562e-05	1.23692977537e-05	0	4.12309925125e-06	9.89543820299e-05	3.298479401e-05	7.00926872712e-05	6.59695880199e-05	0.000437048520632	4.12309925125e-06	2.47385955075e-05	3.71078932612e-05	0.000251509054326	0.000173170168552	0.000127816076789	0	8.24619850249e-06	5.36002902662e-05	0.00019790876406	0.000865850842761	0.000375202031863	0.00289853877363	0.000470033314642	0.00069680377346	0.000255632153577	2.47385955075e-05	9.89543820299e-05	3.298479401e-05	0.00013193917604	4.94771910149e-05	4.53540917637e-05	2.06154962562e-05	1.6492397005e-05
4.12309925125e-05	4.12309925125e-05	1.6492397005e-05	0	0.00013193917604	0.00125342217238	0.00371903552462	0.000342217237853	0.000709173071214	0.00127403766863	0.000416433024376	2.06154962562e-05	0.00179767127354	4.12309925125e-06	0.000127816076789	0.00787924266913	6.59695880199e-05	1.23692977537e-05	4.12309925125e-06	8.24619850249e-06	0.000123692977537	6.18464887687e-05	0.000127816076789	9.89543820299e-05	0.000865850842761	8.24619850249e-06	1.6492397005e-05	5.77233895174e-05	0.000585480093677	0.000119569878286	0.000115446779035	0	2.88616947587e-05	1.6492397005e-05	0.000107200580532	1.6492397005e-05	1.6492397005e-05	0	0	0	0	0	4.12309925125e-06	4.12309925125e-06	6.18464887687e-05	0	0	8.24619850249e-06	0	4.12309925125e-06	0	4.12309925125e-06	4.12309925125e-06	0	0	0	8.24619850249e-06	4.12309925125e-05	2.06154962562e-05	2.88616947587e-05	0	4.12309925125e-06	1.23692977537e-05	8.24619850249e-06	2.06154962562e-05	2.47385955075e-05	0	4.12309925125e-06	8.24619850249e-06	8.24619850249e-06	0.000478279513144	4.53540917637e-05	0.000210278061814	7.00926872712e-05	0.00153379292146	6.18464887687e-05	4.12309925125e-06	3.71078932612e-05	0	4.12309925125e-06	8.24619850249e-06	4.12309925125e-06	0	8.24619850249e-06
4.12309925125e-05	0.000523633604908	0.000601972490682	0	6.18464887687e-05	8.24619850249e-06	6.59695880199e-05	0.000325724840848	0.000111323679784	0.00261816802454	0.000156677771547	5.36002902662e-05	4.94771910149e-05	1.23692977537e-05	7.42157865224e-05	6.59695880199e-05	0.0236707128014	0.000300986245341	8.24619850249e-06	0.000136062275291	3.298479401e-05	0.00272124550582	0.00930583501006	0.00971814493518	0.00788336576838	5.77233895174e-05	0.000432925421381	0.00403651416697	0.00471682554342	0.00013193917604	0.000622587986938	0	4.12309925125e-06	4.12309925125e-05	0.000692680674209	0.000119569878286	0.000181416367055	0.000218524260316	0	2.06154962562e-05	4.12309925125e-06	0	2.88616947587e-05	4.53540917637e-05	0.000482402612396	0	8.24619850249e-06	0	4.12309925125e-06	0.000136062275291	8.24619850249e-06	0.00112148299634	4.53540917637e-05	0	1.23692977537e-05	1.23692977537e-05	0.00096068212554	0.0043127618168	0.00246561335224	0.000416433024376	8.24619850249e-06	7.83388857737e-05	0.000577233895174	0.000503018108652	0.000226770458818	0.000890589438269	0	1.6492397005e-05	0.000140185374542	0.000284493848336	0.00324075601148	0.00171520928852	0.000882343239766	0.000399940627371	0.000156677771547	4.12309925125e-05	8.24619850249e-06	0.000226770458818	8.65850842761e-05	0.000284493848336	0.000185539466306	2.88616947587e-05	3.71078932612e-05	4.12309925125e-06
0.000140185374542	0.00153791602071	0.00967691394267	0	4.12309925125e-06	3.298479401e-05	0.000177293267804	0.0023171817792	0.000428802322129	0.000235016657321	0.000536002902662	0.000775142659234	2.06154962562e-05	0.000107200580532	0.000564864597421	1.23692977537e-05	0.000300986245341	0.0319086651054	0.000218524260316	0.00582593924201	4.53540917637e-05	0.00265939901705	0.000507141207903	0.0105551340832	0.000437048520632	0.000115446779035	0.00867087772537	0.00655572780948	0.00227182768744	0.000292740046838	0.00272536860507	0	4.12309925125e-06	4.94771910149e-05	0.00565276907346	3.298479401e-05	0.00321189431672	0.000243262855823	0	1.23692977537e-05	0	0	4.12309925125e-06	2.88616947587e-05	6.59695880199e-05	0	4.53540917637e-05	0	3.71078932612e-05	3.71078932612e-05	0	5.77233895174e-05	0.000622587986938	1.23692977537e-05	0.000317478642346	4.12309925125e-06	5.36002902662e-05	0.000251509054326	0.000177293267804	6.59695880199e-05	0.000123692977537	0.00159151631098	0.00184714846456	5.36002902662e-05	7.00926872712e-05	8.65850842761e-05	1.23692977537e-05	1.23692977537e-05	1.23692977537e-05	0.000144308473794	0.0026635221163	0.00296038526239	0.00359121944783	0.000758650262229	9.89543820299e-05	5.36002902662e-05	1.23692977537e-05	0.000189662565557	0.000173170168552	0.000127816076789	7.42157865224e-05	8.24619850249e-06	1.6492397005e-05	1.23692977537e-05
3.71078932612e-05	3.71078932612e-05	5.77233895174e-05	0	2.47385955075e-05	0	0.000119569878286	0.000123692977537	0.000206154962562	2.47385955075e-05	0.000255632153577	0.0056239073787	7.83388857737e-05	0.00029686314609	9.48312827786e-05	4.12309925125e-06	8.24619850249e-06	0.000218524260316	0.00792871986014	0.0038221130059	7.42157865224e-05	4.12309925125e-05	2.47385955075e-05	0.000111323679784	3.298479401e-05	0.000181416367055	0.00245324405449	0.000808127453244	0.000115446779035	0.000160800870799	3.71078932612e-05	3.71078932612e-05	0	4.12309925125e-06	0.000968928324043	8.24619850249e-06	9.48312827786e-05	0	0	4.12309925125e-06	0	0	0	4.12309925125e-06	8.24619850249e-06	4.12309925125e-06	6.18464887687e-05	4.12309925125e-06	0.000140185374542	8.24619850249e-06	0	4.12309925125e-06	8.24619850249e-06	1.23692977537e-05	4.94771910149e-05	4.12309925125e-06	0	8.24619850249e-06	0	4.12309925125e-06	0.000136062275291	0.000272124550582	0.000160800870799	0	8.24619850249e-06	0	4.12309925125e-05	0	4.12309925125e-06	2.47385955075e-05	0.000643203483194	0.00119569878286	0.00191724115183	0.000305109344592	3.298479401e-05	4.12309925125e-06	4.12309925125e-06	4.12309925125e-06	2.06154962562e-05	2.47385955075e-05	1.6492397005e-05	0	0	0
9.89543820299e-05	0.000601972490682	0.000812250552495	0	3.298479401e-05	1.23692977537e-05	0.000235016657321	0.000581356994426	0.000416433024376	0.000152554672296	0.000540126001913	0.00722779298743	0.000140185374542	0.000272124550582	0.000280370749085	8.24619850249e-06	0.000136062275291	0.00582593924201	0.0038221130059	0.0220750733912	0.000156677771547	0.000536002902662	0.000226770458818	0.00103902101131	0.000202031863311	0.000404063726622	0.00688557574958	0.00270887620807	0.000577233895174	0.000338094138602	0.000503018108652	3.298479401e-05	0	2.06154962562e-05	0.00615578718211	1.23692977537e-05	0.00151317742521	2.88616947587e-05	0	8.24619850249e-06	0	0	4.12309925125e-06	2.06154962562e-05	2.47385955075e-05	0	0.000103077481281	4.12309925125e-06	0.000226770458818	2.06154962562e-05	0	1.6492397005e-05	7.42157865224e-05	3.298479401e-05	0.000300986245341	8.24619850249e-06	4.12309925125e-06	7.42157865224e-05	6.18464887687e-05	4.12309925125e-06	0.000478279513144	0.00140185374542	0.00103077481281	4.12309925125e-06	2.06154962562e-05	1.6492397005e-05	5.36002902662e-05	8.24619850249e-06	8.24619850249e-06	0.000107200580532	0.00294389286539	0.00297275456015	0.00643615793119	0.00103902101131	0.000111323679784	3.71078932612e-05	1.23692977537e-05	0.000119569878286	0.000119569878286	7.42157865224e-05	2.88616947587e-05	4.12309925125e-06	8.24619850249e-06	8.24619850249e-06
0.000305109344592	1.6492397005e-05	2.06154962562e-05	0	0.00824619850249	0.000107200580532	0.00375614341788	0.00133176105815	0.00367780453211	0.000791635056239	0.0124641290365	0.000412309925125	0.010616980572	2.88616947587e-05	0.00142659234093	0.000123692977537	3.298479401e-05	4.53540917637e-05	7.42157865224e-05	0.000156677771547	0.0245819177359	4.53540917637e-05	2.88616947587e-05	6.18464887687e-05	0.00170283999076	0	0.000111323679784	6.18464887687e-05	0.00627123396114	0.00131526866115	0.000148431573045	4.12309925125e-06	4.53540917637e-05	3.71078932612e-05	0.00120806808061	8.24619850249e-06	2.06154962562e-05	4.12309925125e-06	0	0.00039581752812	0	3.298479401e-05	1.6492397005e-05	2.88616947587e-05	0.0003298479401	2.88616947587e-05	1.23692977537e-05	0.000383448230366	1.23692977537e-05	2.88616947587e-05	2.88616947587e-05	4.12309925125e-06	4.12309925125e-06	0	4.12309925125e-06	0.000111323679784	4.12309925125e-06	2.06154962562e-05	1.23692977537e-05	0.000313355543095	0	3.298479401e-05	2.88616947587e-05	0.000202031863311	2.47385955075e-05	1.6492397005e-05	0	1.23692977537e-05	4.12309925125e-06	2.47385955075e-05	0.000527756704159	0.000169047069301	0.00176056338028	0.000206154962562	0.000589603192928	7.83388857737e-05	2.47385955075e-05	0.000123692977537	4.12309925125e-06	3.71078932612e-05	2.06154962562e-05	0.000119569878286	4.12309925125e-06	4.12309925125e-06
4.12309925125e-05	0.000156677771547	0.00219348880166	0	3.71078932612e-05	2.06154962562e-05	0.00019790876406	0.00228007388594	0.000399940627371	0.000659695880199	0.000445294719134	0.000185539466306	2.47385955075e-05	4.12309925125e-05	0.000379325131115	6.18464887687e-05	0.00272124550582	0.00265939901705	4.12309925125e-05	0.000536002902662	4.53540917637e-05	0.0383406999373	0.0011585908896	0.0192095194116	0.000832866048752	2.06154962562e-05	0.000746280964475	0.0013193917604	0.0108767358248	0.000424679222878	0.0120765577069	0	8.24619850249e-06	4.94771910149e-05	0.00547547580565	7.42157865224e-05	0.000202031863311	0.000148431573045	0	2.47385955075e-05	0	0	4.12309925125e-06	2.06154962562e-05	0.000152554672296	0	2.06154962562e-05	8.24619850249e-06	4.12309925125e-06	7.83388857737e-05	0	0.000453540917637	5.77233895174e-05	0	2.47385955075e-05	1.6492397005e-05	0.000333971039351	0.00153791602071	0.000915328033776	0.000160800870799	1.23692977537e-05	8.65850842761e-05	0.000300986245341	0.000189662565557	0.00013193917604	0.000445294719134	0	4.12309925125e-06	6.59695880199e-05	0.000177293267804	0.00437873140482	0.001657485899	0.00406537586173	0.00161625490649	0.000507141207903	0.000103077481281	2.06154962562e-05	0.00019790876406	8.65850842761e-05	0.000173170168552	0.000148431573045	1.23692977537e-05	2.47385955075e-05	8.24619850249e-06
2.88616947587e-05	0.00334795659201	0.000940066629284	0	0.000123692977537	4.12309925125e-06	7.00926872712e-05	0.000338094138602	6.18464887687e-05	0.00522396675133	0.000107200580532	8.24619850249e-05	0.00016492397005	0.00013193917604	5.36002902662e-05	0.000127816076789	0.00930583501006	0.000507141207903	2.47385955075e-05	0.000226770458818	2.88616947587e-05	0.0011585908896	0.0253529372959	0.00665880529076	0.00717419269717	0.00079575815549	0.00139360754692	0.00629597255665	0.00167810139526	0.000136062275291	0.000577233895174	0	0	2.88616947587e-05	0.000511264307154	7.83388857737e-05	0.000902958736023	0.000643203483194	0	4.12309925125e-06	4.12309925125e-06	0	4.12309925125e-05	1.23692977537e-05	0.000300986245341	0	8.24619850249e-06	4.12309925125e-06	1.6492397005e-05	8.24619850249e-05	4.12309925125e-06	0.00239552066497	0.000148431573045	0	4.53540917637e-05	4.12309925125e-06	0.000948312827786	0.00913678794076	0.00507965827753	0.000375202031863	2.88616947587e-05	0.00026387835208	0.00249035194775	0.000412309925125	0.000119569878286	0.000639080383943	0	1.23692977537e-05	5.77233895174e-05	0.000259755252828	0.00167397829601	0.00096068212554	0.000564864597421	0.00019790876406	0.000181416367055	1.6492397005e-05	4.12309925125e-06	0.000305109344592	0.000173170168552	0.000333971039351	0.000259755252828	5.36002902662e-05	3.298479401e-05	1.23692977537e-05
0.000107200580532	0.000672065177953	0.0120806808061	0	3.298479401e-05	3.298479401e-05	0.000321601741597	0.00300986245341	0.000589603192928	0.00092769733153	0.000688557574958	0.000358709634858	4.94771910149e-05	4.53540917637e-05	0.000519510505657	9.89543820299e-05	0.00971814493518	0.0105551340832	0.000111323679784	0.00103902101131	6.18464887687e-05	0.0192095194116	0.00665880529076	0.0636524062407	0.00202856483161	5.77233895174e-05	0.00209865751888	0.0104067025101	0.00756176402678	0.000428802322129	0.00521572055283	0	8.24619850249e-06	4.53540917637e-05	0.00603209420457	9.89543820299e-05	0.0014801926312	0.00114622159185	0	4.53540917637e-05	0	8.24619850249e-06	2.88616947587e-05	2.47385955075e-05	0.000235016657321	8.24619850249e-06	3.298479401e-05	8.24619850249e-06	2.47385955075e-05	9.89543820299e-05	0	0.00203681103012	0.000276247649833	0	7.42157865224e-05	8.24619850249e-06	0.000651449681697	0.00752053303427	0.004972457697	0.000358709634858	2.47385955075e-05	0.000465910215391	0.00297275456015	0.000325724840848	0.000152554672296	0.000507141207903	8.24619850249e-06	8.24619850249e-06	6.18464887687e-05	0.000375202031863	0.00969340633968	0.00420143813702	0.00555793779068	0.00247385955075	0.000725665468219	0.000152554672296	5.36002902662e-05	0.000507141207903	0.00023089355807	0.000478279513144	0.000379325131115	4.53540917637e-05	4.94771910149e-05	2.06154962562e-05
0.000404063726622	0.00119157568361	0.000659695880199	0	0.0043127618168	2.47385955075e-05	0.00159151631098	0.0084399841673	0.00195022594584	0.0210401754791	0.00377263581489	0.000226770458818	0.0019873338391	4.12309925125e-05	0.00130289936339	0.000865850842761	0.00788336576838	0.000437048520632	3.298479401e-05	0.000202031863311	0.00170283999076	0.000832866048752	0.00717419269717	0.00202856483161	0.0526231157436	0.000173170168552	0.000709173071214	0.00218111950391	0.0223636903388	0.00196671834284	0.00274186100208	0	1.6492397005e-05	0.000379325131115	0.00141009994393	0.000597849391431	0.00019790876406	0.000148431573045	0	0.00216875020615	1.23692977537e-05	0.000189662565557	0.000482402612396	0.000399940627371	0.00535590592737	0.00026387835208	9.07081835274e-05	0.000519510505657	2.06154962562e-05	0.000923574232279	4.94771910149e-05	0.000560741498169	7.42157865224e-05	8.24619850249e-06	1.6492397005e-05	0.000944189728535	0.000482402612396	0.00168634759376	0.000775142659234	0.00455190157337	1.23692977537e-05	0.000119569878286	0.000317478642346	0.00260579872679	0.00143071544018	0.00139773064617	4.12309925125e-06	0.000111323679784	0.000449417818386	0.00154203911997	0.00415608404526	0.00163274730349	0.00199970313685	0.000428802322129	0.00114209849259	7.00926872712e-05	2.06154962562e-05	0.000977174522545	0.000119569878286	0.000944189728535	0.000313355543095	0.000705049971963	0.000214401161065	1.23692977537e-05
8.24619850249e-06	0.00173582478477	5.77233895174e-05	0	8.24619850249e-06	0	3.298479401e-05	2.06154962562e-05	3.71078932612e-05	0.000387571329617	2.06154962562e-05	0.00226770458818	1.6492397005e-05	0.00466322525316	3.298479401e-05	8.24619850249e-06	5.77233895174e-05	0.000115446779035	0.000181416367055	0.000404063726622	0	2.06154962562e-05	0.00079575815549	5.77233895174e-05	0.000173170168552	0.0115405548042	0.0029768776594	0.00353349605832	2.88616947587e-05	4.12309925125e-05	2.06154962562e-05	0.000123692977537	0	0	0.000375202031863	8.24619850249e-06	0.000771019559983	1.23692977537e-05	0	4.12309925125e-06	0	4.12309925125e-06	0	1.23692977537e-05	1.6492397005e-05	0	0.000639080383943	1.23692977537e-05	0.00163274730349	3.298479401e-05	0	4.12309925125e-06	3.71078932612e-05	9.07081835274e-05	0.000148431573045	4.12309925125e-06	0	3.298479401e-05	0	8.24619850249e-06	0.00270063000957	0.00154616221922	0.00151317742521	0	4.12309925125e-05	0	0.000280370749085	1.23692977537e-05	0	9.89543820299e-05	0.000222647359567	0.00101428241581	0.000573110795923	0.000107200580532	2.06154962562e-05	0	0.000878220140515	6.18464887687e-05	0.00016492397005	9.07081835274e-05	2.88616947587e-05	0	0	4.94771910149e-05
7.83388857737e-05	0.00408599135798	0.00695566843685	0	4.12309925125e-05	1.6492397005e-05	0.000251509054326	0.00100191311805	0.000432925421381	0.000556618398918	0.000536002902662	0.00633720354916	0.000119569878286	0.004135468549	0.000366955833361	1.6492397005e-05	0.000432925421381	0.00867087772537	0.00245324405449	0.00688557574958	0.000111323679784	0.000746280964475	0.00139360754692	0.00209865751888	0.000709173071214	0.0029768776594	0.0568946465679	0.0201949401326	0.00123280667612	0.000354586535607	0.000622587986938	0.000849358445757	4.12309925125e-06	2.06154962562e-05	0.00388395949467	6.18464887687e-05	0.00915740343702	0.00016492397005	0	8.24619850249e-06	0	4.12309925125e-06	1.6492397005e-05	4.94771910149e-05	6.59695880199e-05	1.23692977537e-05	0.000692680674209	2.88616947587e-05	0.00142659234093	0.000103077481281	4.12309925125e-06	5.77233895174e-05	0.000647326582445	0.000259755252828	0.001657485899	2.47385955075e-05	2.06154962562e-05	0.00029686314609	0.000189662565557	7.00926872712e-05	0.00387983639542	0.00819259821222	0.00644852722895	5.36002902662e-05	0.000111323679784	6.59695880199e-05	0.000214401161065	2.88616947587e-05	8.24619850249e-06	0.000494771910149	0.00410660685424	0.00687320645183	0.00540538311838	0.000898835636771	0.000123692977537	5.36002902662e-05	0.000144308473794	0.000358709634858	0.000486525711647	0.000379325131115	0.000160800870799	8.24619850249e-06	2.06154962562e-05	3.298479401e-05
4.53540917637e-05	0.00838638387703	0.0152554672296	0	3.71078932612e-05	1.6492397005e-05	0.000214401161065	0.000721542368968	0.000284493848336	0.00126166837088	0.000383448230366	0.0018182867698	0.000107200580532	0.00239964376422	0.00023089355807	5.77233895174e-05	0.00403651416697	0.00655572780948	0.000808127453244	0.00270887620807	6.18464887687e-05	0.0013193917604	0.00629597255665	0.0104067025101	0.00218111950391	0.00353349605832	0.0201949401326	0.0718285120559	0.00153791602071	0.000218524260316	0.000618464887687	0.00026387835208	0	8.24619850249e-06	0.00357885015008	4.94771910149e-05	0.00818435201372	0.00119157568361	0	1.6492397005e-05	0	8.24619850249e-06	2.88616947587e-05	2.88616947587e-05	0.000127816076789	4.12309925125e-06	0.000276247649833	8.24619850249e-06	0.000630834185441	8.24619850249e-05	4.12309925125e-06	0.000573110795923	0.0011503446911	0.00013193917604	0.000853481545008	1.23692977537e-05	0.000177293267804	0.00338918758452	0.00193373354883	0.000119569878286	0.00205742652637	0.00479104132995	0.00805653593693	9.07081835274e-05	9.89543820299e-05	0.000148431573045	5.36002902662e-05	8.24619850249e-06	2.88616947587e-05	0.000432925421381	0.00817198271597	0.0054631065079	0.00484051852096	0.0013276379589	0.000321601741597	6.18464887687e-05	0.000103077481281	0.000573110795923	0.000548372200416	0.000416433024376	0.000255632153577	2.47385955075e-05	2.47385955075e-05	1.6492397005e-05
0.000832866048752	0.000268001451331	0.00345103407329	0	0.00775554969159	0.000107200580532	0.00357060395158	0.0273485173335	0.00438697760332	0.0117467097668	0.0143896163868	0.000490648810898	0.00187601015932	5.77233895174e-05	0.00329435630174	0.000585480093677	0.00471682554342	0.00227182768744	0.000115446779035	0.000577233895174	0.00627123396114	0.0108767358248	0.00167810139526	0.00756176402678	0.0223636903388	2.88616947587e-05	0.00123280667612	0.00153791602071	0.0805158821783	0.00452716297787	0.0094460203846	4.12309925125e-06	6.18464887687e-05	0.000874097041264	0.0049559653	0.000758650262229	0.000300986245341	0.000222647359567	0	0.00155440841772	4.12309925125e-06	0.000193785664809	0.000449417818386	0.000457664016888	0.00494771910149	0.000189662565557	0.000123692977537	0.000432925421381	1.6492397005e-05	0.00113385229409	5.36002902662e-05	0.000907081835274	9.89543820299e-05	1.6492397005e-05	3.71078932612e-05	0.000779265758485	0.000890589438269	0.0023089355807	0.00118745258436	0.00352937295907	2.47385955075e-05	0.000214401161065	0.000412309925125	0.00238727446647	0.00175231718178	0.00229244318369	0	0.00013193917604	0.000676188277204	0.00194197974734	0.00740920935449	0.00256044463502	0.00610218689184	0.00164511660125	0.00140597684467	0.000251509054326	6.18464887687e-05	0.00112560609559	0.000222647359567	0.00134000725665	0.000536002902662	0.000519510505657	0.000305109344592	4.53540917637e-05
0.00405712966323	3.298479401e-05	0.000247385955075	0	0.000688557574958	0.000338094138602	0.00307170894218	0.00682372926081	0.00420143813702	0.00119569878286	0.00637843454168	0.00113385229409	0.0011503446911	0.000144308473794	0.00503018108652	0.000119569878286	0.00013193917604	0.000292740046838	0.000160800870799	0.000338094138602	0.00131526866115	0.000424679222878	0.000136062275291	0.000428802322129	0.00196671834284	4.12309925125e-05	0.000354586535607	0.000218524260316	0.00452716297787	0.029917208167	0.00802767424217	1.23692977537e-05	0.000214401161065	0.00435811590857	0.00471682554342	9.07081835274e-05	3.298479401e-05	8.24619850249e-06	0	0.00016492397005	0	1.6492397005e-05	7.00926872712e-05	4.12309925125e-05	0.000379325131115	2.06154962562e-05	2.88616947587e-05	5.77233895174e-05	2.47385955075e-05	0.000152554672296	4.12309925125e-06	4.12309925125e-05	0	0	0	0.000111323679784	5.77233895174e-05	8.65850842761e-05	6.18464887687e-05	0.000366955833361	8.24619850249e-06	4.94771910149e-05	4.12309925125e-05	0.00026387835208	0.000218524260316	0.000210278061814	1.6492397005e-05	2.47385955075e-05	8.24619850249e-05	0.00023089355807	0.000997790018801	0.000515387406406	0.00449005508461	0.000544249101164	0.000614341788436	0.000189662565557	3.298479401e-05	9.89543820299e-05	2.47385955075e-05	0.00016492397005	5.77233895174e-05	2.88616947587e-05	3.71078932612e-05	2.47385955075e-05
