4681	16	163	0	37	2	241	2084	1506	259	248	35	15	29	1580	5	17	235	9	60	14	256	47	235	376	0	90	100	450	1582	1059	3	12	25	580	13	18	3	0	13	0	2	22	7	146	3	1	0	0	14	2	13	8	1	1	12	11	60	13	94	2	11	15	81	35	51	0	2	20	54	139	17	400	118	59	49	2	36	13	34	14	0	0	1
16	4704	562	0	28	0	11	63	29	359	14	77	8	94	13	6	67	410	22	139	9	71	776	280	315	88	770	2258	47	11	48	4	1	1	260	7	2564	252	0	4	0	1	8	1	18	0	19	2	22	6	0	44	408	7	167	3	28	104	151	31	334	1006	1734	30	12	24	5	1	3	76	220	118	282	95	12	16	4	115	123	66	45	0	0	3
163	562	7500	0	8	1	89	698	258	70	45	139	2	57	127	4	94	1259	35	190	4	651	263	3469	170	1	978	3115	458	41	580	4	4	2	816	10	774	150	0	1	0	0	9	1	22	2	4	0	5	5	0	71	177	2	24	3	20	146	129	36	25	246	601	52	13	24	4	0	2	51	725	229	927	360	62	48	4	74	69	48	45	0	1	0
0	0	0	0	0	0	0	0	0	0	0	0	0	0	0	0	0	0	0	0	0	0	0	0	0	0	0	0	0	0	0	0	0	0	0	0	0	0	0	0	0	0	0	0	0	0	0	0	0	0	0	0	0	0	0	0	0	0	0	0	0	0	0	0	0	0	0	0	0	0	0	0	0	0	0	0	0	0	0	0	0	0	0	0
37	28	8	0	4582	5	329	520	535	230	1582	22	779	34	211	15	4	4	6	0	1652	10	54	17	994	0	10	24	1143	81	15	0	12	5	45	2	2	1	0	157	0	5	2	1	53	8	0	164	2	5	3	2	1	0	0	149	1	7	2	120	2	3	4	35	8	4	1	0	5	6	66	9	79	18	118	52	0	6	1	2	0	6	0	0
2	0	1	0	5	1113	834	24	219	23	41	5	40	25	28	218	1	1	1	1	14	1	2	5	26	0	4	3	16	17	1	0	357	1	28	0	0	0	0	0	0	0	1	0	6	0	0	0	0	0	1	0	0	0	0	0	0	1	0	5	1	1	0	4	1	0	0	0	0	1	39	2	39	18	151	131	4	2	0	1	0	1	0	0
241	11	89	0	329	834	13053	2139	6977	208	5094	149	2148	315	1694	526	21	54	15	44	805	80	27	153	338	2	61	75	802	253	170	5	791	6	383	4	6	1	0	30	0	2	7	1	113	7	2	4	2	6	1	8	2	0	0	21	8	23	8	107	5	9	12	71	33	27	1	1	16	43	456	38	457	129	1020	459	8	18	7	23	6	1	0	0
2084	63	698	0	520	24	2139	16921	4468	1130	4596	144	194	189	2715	81	89	504	30	145	136	853	149	1217	2433	2	232	375	6140	1115	2787	4	50	73	1117	47	70	19	0	256	0	8	58	8	616	69	7	22	1	46	9	30	21	2	6	193	20	120	45	737	8	42	66	358	145	146	2	2	78	148	731	88	1223	385	489	311	3	88	37	97	38	17	0	1
1506	29	258	0	535	219	6977	4468	14594	353	5548	302	1251	528	5439	34	35	211	37	113	1042	226	60	354	680	6	155	170	1414	764	529	5	474	28	918	15	18	5	0	77	0	5	35	5	247	21	2	7	3	20	3	18	6	0	1	53	10	59	18	273	9	15	23	175	63	54	1	1	35	86	630	76	1006	243	1290	538	11	61	19	44	22	3	0	0
259	359	70	0	230	23	208	1130	353	6277	298	31	417	61	249	289	113	43	6	11	117	86	1344	155	3746	12	78	271	1232	404	329	0	6	64	287	90	38	30	0	305	1	18	144	24	1792	70	12	25	1	90	18	82	23	2	1	218	101	839	75	1225	5	37	72	788	284	429	0	8	161	310	519	66	354	123	234	136	3	236	66	173	69	32	0	1
248	14	45	0	1582	41	5094	4596	5548	298	15226	144	2021	270	2163	43	30	29	25	29	1796	73	35	91	731	4	67	61	2472	558	84	3	75	25	326	9	10	1	0	124	0	4	11	4	153	45	0	18	1	5	4	8	5	1	1	104	2	25	10	275	3	4	12	108	28	23	1	0	19	31	430	35	555	110	750	287	2	28	13	20	12	9	0	0
35	77	139	0	22	5	149	144	302	31	144	8542	40	3309	110	4	20	462	1585	2218	28	117	30	186	58	184	3031	711	103	117	101	204	31	1	2746	3	71	6	0	2	0	1	1	3	17	2	135	4	365	7	1	8	12	24	27	3	4	15	14	19	632	346	296	8	18	9	51	0	2	31	683	416	2508	560	175	148	127	31	50	26	7	1	0	18
15	8	2	0	779	40	2148	194	1251	417	2021	40	6683	63	259	483	2	5	3	7	2631	6	23	5	406	2	10	10	278	60	4	1	28	1	72	0	3	0	0	4	0	0	1	0	10	2	0	39	1	0	1	1	0	0	0	5	2	3	3	13	1	0	5	9	2	3	0	1	1	4	57	7	85	18	192	64	1	3	2	3	3	1	0	0
29	94	57	0	34	25	315	189	528	61	270	3309	63	6916	178	2	17	190	392	466	52	83	44	137	79	589	1966	832	118	200	61	292	67	2	1720	2	69	4	0	7	0	1	6	1	33	3	196	6	476	8	0	12	12	11	18	6	4	23	9	34	730	286	226	27	25	15	55	1	7	43	396	490	1947	421	315	399	203	22	59	60	12	0	1	45
1580	13	127	0	211	28	1694	2715	5439	249	2163	110	259	178	8397	11	19	124	7	49	282	112	49	198	477	2	70	90	811	1963	383	3	154	67	440	13	4	4	0	36	0	4	21	6	169	7	1	5	0	16	3	13	4	0	0	26	9	50	17	173	4	6	12	116	48	45	0	1	23	55	318	35	431	110	475	167	2	36	8	31	10	2	0	0
5	6	4	0	15	218	526	81	34	289	43	4	483	2	11	1256	13	1	0	2	25	37	16	50	204	0	5	10	80	8	12	0	16	1	28	0	1	1	0	0	0	2	1	1	7	0	0	0	0	1	1	1	0	0	0	0	1	4	5	4	0	0	2	5	1	1	0	0	0	0	57	7	45	20	61	5	0	1	0	4	4	2	0	0
17	67	94	0	4	1	21	89	35	113	30	20	2	17	19	13	4265	38	5	20	5	1100	1325	1810	1474	3	40	710	855	38	185	0	3	5	312	4	36	20	0	0	0	1	10	0	22	0	1	0	1	2	1	245	13	0	2	0	67	368	91	39	3	21	86	104	8	63	0	0	10	30	718	204	309	176	85	55	0	49	38	26	18	0	0	0
235	410	1259	0	4	1	54	504	211	43	29	462	5	190	124	1	38	7387	121	1524	6	827	94	2100	87	9	1374	2084	238	90	789	8	5	5	2481	4	508	59	0	0	0	0	4	0	14	1	16	0	18	3	0	13	118	6	57	0	11	49	38	12	145	315	413	12	8	19	5	0	3	25	421	294	1189	362	43	57	4	44	41	21	17	0	0	1
9	22	35	0	6	1	15	30	37	6	25	1585	3	392	7	0	5	121	2330	900	2	21	5	30	12	13	1390	260	20	8	19	55	4	0	332	1	25	3	0	0	0	1	0	0	2	0	25	2	79	3	1	0	6	4	11	0	2	1	2	2	166	105	100	0	5	2	9	0	0	5	112	64	392	75	16	21	5	3	7	4	0	1	0	3
60	139	190	0	0	1	44	145	113	11	29	2218	7	466	49	2	20	1524	900	5062	3	144	17	216	19	28	2586	856	60	41	136	42	7	0	1543	3	209	13	0	1	0	0	1	2	5	1	39	1	111	8	0	4	36	22	67	1	4	15	14	7	519	409	437	5	10	6	17	0	0	31	403	177	1138	266	44	33	7	27	39	30	12	0	0	3
14	9	4	0	1652	14	805	136	1042	117	1796	28	2631	52	282	25	5	6	2	3	4622	7	15	7	458	1	8	13	249	76	8	1	24	2	67	0	1	0	0	7	0	0	1	0	14	0	0	27	2	0	0	0	0	0	0	3	1	4	1	13	2	0	2	10	1	4	1	0	2	3	65	10	90	15	163	55	2	2	1	2	2	0	0	0
256	71	651	0	10	1	80	853	226	86	73	117	6	83	112	37	1100	827	21	144	7	10808	597	5848	405	2	174	671	2546	252	3432	1	7	57	2420	9	101	37	0	1	0	1	20	1	25	2	3	0	5	4	0	144	26	2	9	2	83	387	135	47	9	54	121	92	15	81	3	0	10	34	1008	203	1802	844	243	190	4	69	44	44	42	0	0	0
47	776	263	0	54	2	27	149	60	1344	35	30	23	44	49	16	1325	94	5	17	15	597	6078	1490	1745	26	108	1298	630	67	266	0	0	12	300	25	421	138	0	9	0	5	46	6	74	4	4	3	4	20	2	906	60	1	4	5	286	2259	567	259	23	85	555	446	44	301	2	1	27	112	543	207	300	150	76	52	3	191	130	89	60	1	0	2
235	280	3469	0	17	5	153	1217	354	155	91	186	5	137	198	50	1810	2100	30	216	7	5848	1490	16023	790	4	505	3209	1803	137	1846	3	10	39	2267	8	463	125	0	0	0	1	32	3	49	3	9	0	5	7	0	436	99	3	15	2	94	902	345	67	26	139	578	148	17	89	2	0	11	62	2197	467	2221	1138	353	212	13	124	88	89	94	1	1	1
376	315	170	0	994	26	338	2433	680	3746	731	58	406	79	477	204	1474	87	12	19	458	405	1745	790	12430	10	95	531	4608	678	740	0	20	84	678	44	62	33	0	170	0	12	97	13	839	37	3	16	1	55	6	83	24	2	3	117	80	557	84	663	7	37	79	488	153	262	0	4	101	203	989	209	689	271	273	225	2	165	54	109	52	13	0	1
0	88	1	0	0	0	2	2	6	12	4	184	2	589	2	0	3	9	13	28	1	2	26	4	10	877	140	153	3	3	1	5	1	0	39	0	8	0	0	0	0	0	0	1	1	2	31	1	73	2	0	0	1	3	3	1	0	1	0	1	121	35	20	1	3	0	5	1	0	8	14	90	57	10	3	3	63	0	5	10	0	0	0	8
90	770	978	0	10	4	61	232	155	78	67	3031	10	1966	70	5	40	1374	1390	2586	8	174	108	505	95	140	12829	4731	127	55	212	463	9	1	1712	15	1083	44	0	2	0	1	7	5	16	3	154	2	463	21	0	13	160	71	226	3	16	31	45	16	1755	1436	1537	16	25	23	75	0	3	81	781	416	1800	494	81	64	19	67	106	79	25	0	0	9
100	2258	3115	0	24	3	75	375	170	271	61	711	10	832	90	10	710	2084	260	856	13	671	1298	3209	531	153	4731	17281	399	67	327	129	7	6	1839	18	1845	232	0	5	0	0	18	3	36	2	95	1	217	9	0	167	312	32	148	4	39	390	266	59	824	1121	1702	87	27	44	41	2	10	104	1720	704	2047	758	156	109	16	147	126	105	77	0	0	10
450	47	458	0	1143	16	802	6140	1414	1232	2472	103	278	118	811	80	855	238	20	60	249	2546	630	1803	4608	3	127	399	16235	659	2156	0	30	71	1249	59	52	35	0	164	0	10	88	14	673	49	7	16	3	55	5	105	29	4	5	133	94	486	115	625	9	47	71	444	164	246	1	3	92	182	1000	165	1254	502	375	290	8	161	61	108	53	18	0	1
1582	11	41	0	81	17	253	1115	764	404	558	117	60	200	1963	8	38	90	8	41	76	252	67	137	678	3	55	67	659	5898	530	2	53	459	760	22	8	9	0	21	0	6	22	8	238	8	2	2	2	20	2	17	10	1	1	17	19	115	23	154	5	19	18	120	53	86	1	3	35	74	248	27	441	91	177	129	2	59	14	37	18	1	0	0
1059	48	580	0	15	1	170	2787	529	329	84	101	4	61	383	12	185	789	19	136	8	3432	266	1846	740	1	212	327	2156	530	9346	1	3	31	2294	17	67	20	0	5	0	2	28	4	122	4	1	1	2	16	0	59	20	0	5	5	55	224	61	79	9	39	67	130	46	112	2	0	27	52	299	65	1087	330	86	129	3	59	34	44	25	0	1	0
3	4	4	0	0	0	5	4	5	0	3	204	1	292	3	0	0	8	55	42	1	1	0	3	0	5	463	129	0	2	1	496	2	0	33	0	5	1	0	0	0	0	1	0	0	1	9	0	42	2	0	0	1	1	1	0	0	0	0	1	63	29	21	2	2	0	10	0	0	2	20	16	63	18	1	5	1	0	2	1	0	0	0	0
12	1	4	0	12	357	791	50	474	6	75	31	28	67	154	16	3	5	4	7	24	7	0	10	20	1	9	7	30	53	3	2	991	2	63	0	0	0	0	0	0	0	1	0	7	0	0	0	0	0	0	0	1	0	0	0	0	2	1	6	0	0	0	5	0	3	0	0	0	2	47	5	73	20	118	139	4	1	1	2	1	0	0	0
25	1	2	0	5	1	6	73	28	64	25	1	1	2	67	1	5	5	0	0	2	57	12	39	84	0	1	6	71	459	31	0	2	588	118	3	1	2	0	0	0	0	3	0	38	2	0	0	0	3	1	2	0	0	0	1	0	14	1	21	0	2	2	17	4	6	0	1	4	10	19	1	25	7	7	9	0	11	1	4	2	0	0	0
580	260	816	0	45	28	383	1117	918	287	326	2746	72	1720	440	28	312	2481	332	1543	67	2420	300	2267	678	39	1712	1839	1249	760	2294	33	63	118	12098	13	304	54	0	13	0	2	18	2	109	6	19	5	63	12	0	54	63	2	41	11	48	203	80	102	179	223	314	128	42	104	14	1	34	63	1359	447	6501	1603	461	539	22	108	61	60	50	1	0	4
13	7	10	0	2	0	4	47	15	90	9	3	0	2	13	0	4	4	1	3	0	9	25	8	44	0	15	18	59	22	17	0	0	3	13	5953	31	525	0	217	5	167	1486	718	147	373	36	225	15	2876	7	36	389	8	42	399	520	81	809	1101	7	294	107	989	2310	2664	2	21	243	461	26	2	18	4	9	13	0	74	57	220	69	7	2	8
18	2564	774	0	2	0	6	70	18	38	10	71	3	69	4	1	36	508	25	209	1	101	421	463	62	8	1083	1845	52	8	67	5	0	1	304	31	7758	518	0	1	1	1	24	5	185	4	94	0	227	32	9	293	900	34	457	2	87	1489	421	258	1551	2463	5207	161	49	93	29	1	15	222	228	141	321	107	13	15	5	398	410	184	123	11	0	6
3	252	150	0	1	0	1	19	5	30	1	6	0	4	4	1	20	59	3	13	0	37	138	125	33	0	44	232	35	9	20	1	0	2	54	525	518	7559	0	2	3	22	275	63	46	14	45	6	11	321	4	203	1890	17	125	11	694	337	4391	148	31	2674	2694	456	387	1123	1	4	96	331	47	24	63	29	6	4	1	291	254	355	250	5	1	7
0	0	0	0	0	0	0	0	0	0	0	0	0	0	0	0	0	0	0	0	0	0	0	0	0	0	0	0	0	0	0	0	0	0	0	0	0	0	0	0	0	0	0	0	0	0	0	0	0	0	0	0	0	0	0	0	0	0	0	0	0	0	0	0	0	0	0	0	0	0	0	0	0	0	0	0	0	0	0	0	0	0	0	0
13	4	1	0	157	0	30	256	77	305	124	2	4	7	36	0	0	0	0	1	7	1	9	0	170	0	2	5	164	21	5	0	0	0	13	217	1	2	0	4140	4	186	127	88	297	430	11	875	2	282	33	3	7	1	1	2502	24	6	14	2462	3	16	10	1358	402	116	1	9	165	263	13	2	28	6	19	9	1	100	17	145	31	31	1	1
0	0	0	0	0	0	0	0	0	1	0	0	0	0	0	0	0	0	0	0	0	0	0	0	0	0	0	0	0	0	0	0	0	0	0	5	1	3	0	4	790	138	5	123	13	9	5	36	2	80	86	0	1	0	0	19	0	1	4	17	1	2	2	8	95	6	1	232	2	98	1	0	0	0	0	0	0	12	1	27	4	298	211	0
2	1	0	0	5	0	2	8	5	18	4	1	0	1	4	2	1	0	1	0	0	1	5	1	12	0	1	0	10	6	2	0	0	0	2	167	1	22	0	186	138	6182	284	1579	43	1918	18	2379	10	946	685	2	11	1	3	812	21	5	35	538	2	27	12	637	856	97	1	122	29	243	3	2	1	1	4	2	0	42	16	117	17	153	23	7
22	8	9	0	2	1	7	58	35	144	11	1	1	6	21	1	10	4	0	1	1	20	46	32	97	0	7	18	88	22	28	1	1	3	18	1486	24	275	0	127	5	284	8510	355	203	462	17	136	12	1183	24	65	116	3	13	130	578	117	749	1245	9	138	163	4374	686	2559	2	9	251	428	47	4	25	6	25	10	0	180	60	280	124	14	3	5
7	1	1	0	1	0	1	8	5	24	4	3	0	1	6	1	0	0	0	2	0	1	6	3	13	1	5	3	14	8	4	0	0	0	2	718	5	63	0	88	123	1579	355	4500	36	596	39	587	13	2471	106	5	46	0	8	350	71	16	111	352	7	50	22	373	931	287	0	458	21	442	4	0	4	2	4	1	0	108	29	236	42	90	132	7
146	18	22	0	53	6	113	616	247	1792	153	17	10	33	169	7	22	14	2	5	14	25	74	49	839	1	16	36	673	238	122	0	7	38	109	147	185	46	0	297	13	43	203	36	5088	64	18	209	17	140	300	89	33	2	11	215	85	1165	92	2379	61	94	204	1101	453	600	3	7	278	482	270	11	200	49	131	86	0	353	87	262	107	468	0	2
3	0	2	0	8	0	7	69	21	70	45	2	2	3	7	0	0	1	0	1	0	2	4	3	37	2	3	2	49	8	4	1	0	2	6	373	4	14	0	430	9	1918	462	596	64	7540	38	2346	15	1043	108	8	7	4	6	2731	10	10	27	1407	7	42	30	881	1087	72	4	35	192	658	7	1	8	3	10	4	0	129	36	301	46	16	3	8
1	19	4	0	0	0	2	7	2	12	0	135	0	196	1	0	1	16	25	39	0	3	4	9	3	31	154	95	7	2	1	9	0	0	19	36	94	45	0	11	5	18	17	39	18	38	5222	50	1823	154	5	17	86	524	310	48	32	46	100	77	699	1259	444	58	351	54	161	50	29	864	9	98	25	8	0	3	35	253	658	1085	246	5	15	369
0	2	0	0	164	0	4	22	7	25	18	4	39	6	5	0	0	0	2	1	27	0	3	0	16	1	2	1	16	2	1	0	0	0	5	225	0	6	0	875	36	2379	136	587	209	2346	50	8074	25	1517	333	2	7	4	6	3166	8	4	13	970	9	38	21	453	1533	36	2	88	40	549	2	3	7	1	3	2	0	65	30	258	21	138	6	11
0	22	5	0	2	0	2	1	3	1	1	365	1	476	0	0	1	18	79	111	2	5	4	5	1	73	463	217	3	2	2	42	0	0	63	15	227	11	0	2	2	10	12	13	17	15	1823	25	5411	67	4	14	21	88	44	25	9	108	23	56	2103	1651	1339	22	141	19	718	16	9	297	14	217	65	13	6	8	54	127	601	505	59	3	2	450
14	6	5	0	5	0	6	46	20	90	5	7	0	8	16	1	2	3	3	8	0	4	20	7	55	2	21	9	55	20	16	2	0	3	12	2876	32	321	0	282	80	946	1183	2471	140	1043	154	1517	67	8968	100	27	255	12	43	1117	323	64	514	1192	30	268	134	925	4850	1351	9	303	164	1508	31	3	19	3	12	12	0	303	111	786	107	59	43	30
2	0	0	0	3	1	1	9	3	18	4	1	1	0	3	1	1	0	1	0	0	0	2	0	6	0	0	0	5	2	0	0	0	1	0	7	9	4	0	33	86	685	24	106	300	108	5	333	4	100	1391	0	3	1	1	108	5	17	4	143	4	8	12	56	109	15	1	24	4	32	3	3	0	0	1	1	0	43	2	17	1	718	3	3
13	44	71	0	2	0	8	30	18	82	8	8	1	12	13	1	245	13	0	4	0	144	906	436	83	0	13	167	105	17	59	0	0	2	54	36	293	203	0	3	0	2	65	5	89	8	17	2	14	27	0	7016	152	8	26	8	598	2851	1184	1631	46	215	1858	1367	68	308	5	3	39	203	114	34	72	42	13	14	4	933	541	244	224	6	2	9
8	408	177	0	1	0	2	21	6	23	5	12	0	12	4	0	13	118	6	36	0	26	60	99	24	1	160	312	29	10	20	1	1	0	63	389	900	1890	0	7	1	11	116	46	33	7	86	7	21	255	3	152	6927	44	999	11	595	219	1947	130	84	3037	2168	246	353	803	4	2	91	434	55	36	66	20	3	4	0	427	462	378	232	3	1	10
1	7	2	0	0	0	0	2	0	2	1	24	0	11	0	0	0	6	4	22	0	2	1	3	2	3	71	32	4	1	0	1	0	0	2	8	34	17	0	1	0	1	3	0	2	4	524	4	88	12	1	8	44	1348	368	5	3	12	14	15	145	725	304	11	40	11	29	1	6	131	7	1	5	1	0	1	1	90	159	164	29	0	0	3
1	167	24	0	0	0	0	6	1	1	1	27	0	18	0	0	2	57	11	67	0	9	4	15	3	3	226	148	5	1	5	1	0	0	41	42	457	125	0	1	0	3	13	8	11	6	310	6	44	43	1	26	999	368	3341	8	62	32	183	37	302	1992	810	41	76	87	13	2	16	361	23	19	40	11	2	3	2	209	324	277	86	1	0	7
12	3	3	0	149	0	21	193	53	218	104	3	5	6	26	0	0	0	0	1	3	2	5	2	117	1	3	4	133	17	5	0	0	1	11	399	2	11	0	2502	19	812	130	350	215	2731	48	3166	25	1117	108	8	11	5	8	6718	12	12	22	2503	11	51	27	529	1354	92	3	51	240	815	15	4	22	8	19	9	1	164	36	373	64	39	8	11
11	28	20	0	1	0	8	20	10	101	2	4	2	4	9	1	67	11	2	4	1	83	286	94	80	0	16	39	94	19	55	0	0	0	48	520	87	694	0	24	0	21	578	71	85	10	32	8	9	323	5	598	595	3	62	12	9736	518	5563	367	13	304	413	2300	699	3310	1	9	293	773	69	19	48	24	15	8	0	438	218	699	408	7	6	11
60	104	146	0	7	1	23	120	59	839	25	15	3	23	50	4	368	49	1	15	4	387	2259	902	557	1	31	390	486	115	224	0	2	14	203	81	1489	337	0	6	1	5	117	16	1165	10	46	4	108	64	17	2851	219	12	32	12	518	8064	1012	1743	376	393	2154	1272	187	772	14	4	115	336	375	96	218	111	61	55	2	635	380	270	171	26	2	6
13	151	129	0	2	0	8	45	18	75	10	14	3	9	17	5	91	38	2	14	1	135	567	345	84	0	45	266	115	23	61	0	1	1	80	809	421	4391	0	14	4	35	749	111	92	27	100	13	23	514	4	1184	1947	14	183	22	5563	1012	15651	406	35	1384	3163	1825	623	2588	5	18	188	1315	157	39	121	61	26	14	3	1322	704	1623	1269	14	24	29
94	31	36	0	120	5	107	737	273	1225	275	19	13	34	173	4	39	12	2	7	13	47	259	67	663	1	16	59	625	154	79	1	6	21	102	1101	258	148	0	2462	17	538	1245	352	2379	1407	77	970	56	1192	143	1631	130	15	37	2503	367	1743	406	14668	91	230	541	6254	2043	1871	7	34	969	1848	196	27	159	43	109	65	4	985	333	1021	328	220	8	18
2	334	25	0	2	1	5	8	9	5	3	632	1	730	4	0	3	145	166	519	2	9	23	26	7	121	1755	824	9	5	9	63	0	0	179	7	1551	31	0	3	1	2	9	7	61	7	699	9	2103	30	4	46	84	145	302	11	13	376	35	91	5750	2250	3233	26	75	23	198	6	10	189	62	296	178	36	9	15	86	106	245	219	29	4	1	194
11	1006	246	0	3	1	9	42	15	37	4	346	0	286	6	0	21	315	105	409	0	54	85	139	37	35	1436	1121	47	19	39	29	0	2	223	294	2463	2674	0	16	2	27	138	50	94	42	1259	38	1651	268	8	215	3037	725	1992	51	304	393	1384	230	2250	17654	8439	320	483	611	702	14	101	1370	164	113	246	82	14	21	6	1408	2152	1452	477	8	3	61
15	1734	601	0	4	0	12	66	23	72	12	296	5	226	12	2	86	413	100	437	2	121	555	578	79	20	1537	1702	71	18	67	21	0	2	314	107	5207	2694	0	10	2	12	163	22	204	30	444	21	1339	134	12	1858	2168	304	810	27	413	2154	3163	541	3233	8439	23646	845	234	364	284	6	61	1016	267	119	341	132	30	32	7	1755	1779	1117	776	14	5	36
81	30	52	0	35	4	71	358	175	788	108	8	9	27	116	5	104	12	0	5	10	92	446	148	488	1	16	87	444	120	130	2	5	17	128	989	161	456	0	1358	8	637	4374	373	1101	881	58	453	22	925	56	1367	246	11	41	529	2300	1272	1825	6254	26	320	845	16327	1392	3515	5	25	714	1390	231	42	156	53	97	48	1	1028	404	992	444	39	8	14
35	12	13	0	8	1	33	145	63	284	28	18	2	25	48	1	8	8	5	10	1	15	44	17	153	3	25	27	164	53	46	2	0	4	42	2310	49	387	0	402	95	856	686	931	453	1087	351	1533	141	4850	109	68	353	40	76	1354	699	187	623	2043	75	483	234	1392	12166	3150	13	671	2441	4240	77	16	65	21	42	31	4	746	260	1976	274	90	82	74
51	24	24	0	4	0	27	146	54	429	23	9	3	15	45	1	63	19	2	6	4	81	301	89	262	0	23	44	246	86	112	0	3	6	104	2664	93	1123	0	116	6	97	2559	287	600	72	54	36	19	1351	15	308	803	11	87	92	3310	772	2588	1871	23	611	364	3515	3150	13038	1	20	1529	1754	158	24	100	40	43	32	0	476	195	945	412	15	6	14
0	5	4	0	1	0	1	2	1	0	1	51	0	55	0	0	0	5	9	17	1	3	2	2	0	5	75	41	1	1	2	10	0	0	14	2	29	1	0	1	1	1	2	0	3	4	161	2	718	9	1	5	4	29	13	3	1	14	5	7	198	702	284	5	13	1	901	1	1	40	2	7	9	1	2	2	0	28	105	70	12	1	0	11
2	1	0	0	0	0	1	2	1	8	0	0	1	1	1	0	0	0	0	0	0	0	1	0	4	1	0	2	3	3	0	0	0	1	1	21	1	4	0	9	232	122	9	458	7	35	50	88	16	303	24	3	2	1	2	51	9	4	18	34	6	14	6	25	671	20	1	1273	12	547	3	0	1	0	0	0	1	68	13	226	41	50	289	9
20	3	2	0	5	0	16	78	35	161	19	2	1	7	23	0	10	3	0	0	2	10	27	11	101	0	3	10	92	35	27	0	0	4	34	243	15	96	0	165	2	29	251	21	278	192	29	40	9	164	4	39	91	6	16	240	293	115	188	969	10	101	61	714	2441	1529	1	12	3076	1543	41	9	36	8	20	13	1	166	51	545	118	4	2	8
54	76	51	0	6	1	43	148	86	310	31	31	4	43	55	0	30	25	5	31	3	34	112	62	203	8	81	104	182	74	52	2	2	10	63	461	222	331	0	263	98	243	428	442	482	658	864	549	297	1508	32	203	434	131	361	815	773	336	1315	1848	189	1370	1016	1390	4240	1754	40	547	1543	10625	128	49	104	50	56	35	11	1592	784	5250	1071	33	205	158
139	220	725	0	66	39	456	731	630	519	430	683	57	396	318	57	718	421	112	403	65	1008	543	2197	989	14	781	1720	1000	248	299	20	47	19	1359	26	228	47	0	13	1	3	47	4	270	7	9	2	14	31	3	114	55	7	23	15	69	375	157	196	62	164	267	231	77	158	2	3	41	128	10506	1362	2903	1388	1556	380	59	277	99	114	96	2	0	2
17	118	229	0	9	2	38	88	76	66	35	416	7	490	35	7	204	294	64	177	10	203	207	467	209	90	416	704	165	27	65	16	5	1	447	2	141	24	0	2	0	2	4	0	11	1	98	3	217	3	3	34	36	1	19	4	19	96	39	27	296	113	119	42	16	24	7	0	9	49	1362	3457	703	353	108	77	126	30	47	49	20	1	0	44
400	282	927	0	79	39	457	1223	1006	354	555	2508	85	1947	431	45	309	1189	392	1138	90	1802	300	2221	689	57	1800	2047	1254	441	1087	63	73	25	6501	18	321	63	0	28	0	1	25	4	200	8	25	7	65	19	0	72	66	5	40	22	48	218	121	159	178	246	341	156	65	100	9	1	36	104	2903	703	12483	4083	843	1386	138	159	81	112	106	0	0	5
118	95	360	0	18	18	129	385	243	123	110	560	18	421	110	20	176	362	75	266	15	844	150	1138	271	10	494	758	502	91	330	18	20	7	1603	4	107	29	0	6	0	1	6	2	49	3	8	1	13	3	0	42	20	1	11	8	24	111	61	43	36	82	132	53	21	40	1	0	8	50	1388	353	4083	4576	514	871	63	69	40	81	86	0	0	1
59	12	62	0	118	151	1020	489	1290	234	750	175	192	315	475	61	85	43	16	44	163	243	76	353	273	3	81	156	375	177	86	1	118	7	461	9	13	6	0	19	0	4	25	4	131	10	0	3	6	12	1	13	3	0	2	19	15	61	26	109	9	14	30	97	42	43	2	0	20	56	1556	108	843	514	3800	675	17	45	13	34	18	1	0	0
49	16	48	0	52	131	459	311	538	136	287	148	64	399	167	5	55	57	21	33	55	190	52	212	225	3	64	109	290	129	129	5	139	9	539	13	15	4	0	9	0	2	10	1	86	4	3	2	8	12	1	14	4	1	3	9	8	55	14	65	15	21	32	48	31	32	2	0	13	35	380	77	1386	871	675	2294	35	37	16	25	15	1	0	1
2	4	4	0	0	4	8	3	11	3	2	127	1	203	2	0	0	4	5	7	2	4	3	13	2	63	19	16	8	2	3	1	4	0	22	0	5	1	0	1	0	0	0	0	0	0	35	0	54	0	0	4	0	1	2	1	0	2	3	4	86	6	7	1	4	0	0	1	1	11	59	126	138	63	17	35	392	3	9	13	1	0	0	23
36	115	74	0	6	2	18	88	61	236	28	31	3	22	36	1	49	44	3	27	2	69	191	124	165	0	67	147	161	59	59	0	1	11	108	74	398	291	0	100	12	42	180	108	353	129	253	65	127	303	43	933	427	90	209	164	438	635	1322	985	106	1408	1755	1028	746	476	28	68	166	1592	277	30	159	69	45	37	3	9278	3952	1506	753	65	16	156
13	123	69	0	1	0	7	37	19	66	13	50	2	59	8	0	38	41	7	39	1	44	130	88	54	5	106	126	61	14	34	2	1	1	61	57	410	254	0	17	1	16	60	29	87	36	658	30	601	111	2	541	462	159	324	36	218	380	704	333	245	2152	1779	404	260	195	105	13	51	784	99	47	81	40	13	16	9	3952	6899	1298	721	6	4	320
34	66	48	0	2	1	23	97	44	173	20	26	3	60	31	4	26	21	4	30	2	44	89	89	109	10	79	105	108	37	44	1	2	4	60	220	184	355	0	145	27	117	280	236	262	301	1085	258	505	786	17	244	378	164	277	373	699	270	1623	1021	219	1452	1117	992	1976	945	70	226	545	5250	114	49	112	81	34	25	13	1506	1298	8691	2702	25	89	417
14	45	45	0	0	0	6	38	22	69	12	7	3	12	10	4	18	17	0	12	2	42	60	94	52	0	25	77	53	18	25	0	1	2	50	69	123	250	0	31	4	17	124	42	107	46	246	21	59	107	1	224	232	29	86	64	408	171	1269	328	29	477	776	444	274	412	12	41	118	1071	96	20	106	86	18	15	1	753	721	2702	3944	16	54	117
0	0	0	0	6	1	1	17	3	32	9	1	1	0	2	2	0	0	1	0	0	0	1	1	13	0	0	0	18	1	0	0	0	0	1	7	11	5	0	31	298	153	14	90	468	16	5	138	3	59	718	6	3	0	1	39	7	26	14	220	4	8	14	39	90	15	1	50	4	33	2	1	0	0	1	1	0	65	6	25	16	1536	82	1
0	0	1	0	0	0	0	0	0	0	0	0	0	1	0	0	0	0	0	0	0	0	0	1	0	0	0	0	0	0	1	0	0	0	0	2	0	1	0	1	211	23	3	132	0	3	15	6	2	43	3	2	1	0	0	8	6	2	24	8	1	3	5	8	82	6	0	289	2	205	0	0	0	0	0	0	0	16	4	89	54	82	589	1
1	3	0	0	0	0	0	1	0	1	0	18	0	45	0	0	0	1	3	3	0	0	2	1	1	8	9	10	1	0	0	0	0	0	4	8	6	7	0	1	0	7	5	7	2	8	369	11	450	30	3	9	10	3	7	11	11	6	29	18	194	61	36	14	74	14	11	9	8	158	2	44	5	1	0	1	23	156	320	417	117	1	1	865
