0.0198602442967	6.78837660216e-05	0.000691565866345	0	0.000156981208925	8.4854707527e-06	0.0010224992257	0.00884186052432	0.00638955947679	0.00109886846248	0.00105219837334	0.000148495738172	6.36410306453e-05	0.000123039325914	0.00670352189464	2.12136768818e-05	7.2126501398e-05	0.000997042813443	3.81846183872e-05	0.000254564122581	5.93982952689e-05	0.00108614025635	0.000199408562689	0.000997042813443	0.00159526850151	0	0.000381846183872	0.000424273537635	0.00190923091936	0.00671200736539	0.00449305676356	1.27282061291e-05	5.09128245162e-05	0.000106068384409	0.00246078651828	5.51555598926e-05	7.63692367743e-05	1.27282061291e-05	0	5.51555598926e-05	0	8.4854707527e-06	9.33401782797e-05	2.96991476345e-05	0.000619439364947	1.27282061291e-05	4.24273537635e-06	0	0	5.93982952689e-05	8.4854707527e-06	5.51555598926e-05	3.39418830108e-05	4.24273537635e-06	4.24273537635e-06	5.09128245162e-05	4.66700891399e-05	0.000254564122581	5.51555598926e-05	0.000398817125377	8.4854707527e-06	4.66700891399e-05	6.36410306453e-05	0.000343661565484	0.000148495738172	0.000216379504194	0	8.4854707527e-06	8.4854707527e-05	0.000229107710323	0.000589740217313	7.2126501398e-05	0.00169709415054	0.00050064277441	0.000250321387205	0.000207894033441	8.4854707527e-06	0.000152738473549	5.51555598926e-05	0.000144253002796	5.93982952689e-05	0	0	4.24273537635e-06
6.78837660216e-05	0.0199578272104	0.00238441728151	0	0.000118796590538	0	4.66700891399e-05	0.00026729232871	0.000123039325914	0.00152314200011	5.93982952689e-05	0.000326690623979	3.39418830108e-05	0.000398817125377	5.51555598926e-05	2.54564122581e-05	0.000284263270216	0.0017395215043	9.33401782797e-05	0.000589740217313	3.81846183872e-05	0.000301234211721	0.00329236265205	0.00118796590538	0.00133646164355	0.000373360713119	0.00326690623979	0.0095800964798	0.000199408562689	4.66700891399e-05	0.000203651298065	1.69709415054e-05	4.24273537635e-06	4.24273537635e-06	0.00110311119785	2.96991476345e-05	0.010878373505	0.00106916931484	0	1.69709415054e-05	0	4.24273537635e-06	3.39418830108e-05	4.24273537635e-06	7.63692367743e-05	0	8.06119721507e-05	8.4854707527e-06	9.33401782797e-05	2.54564122581e-05	0	0.000186680356559	0.00173103603355	2.96991476345e-05	0.000708536807851	1.27282061291e-05	0.000118796590538	0.000441244479141	0.000640653041829	0.000131524796667	0.0014170736157	0.00426819178861	0.00735690314259	0.000127282061291	5.09128245162e-05	0.000101825649032	2.12136768818e-05	4.24273537635e-06	1.27282061291e-05	0.000322447888603	0.000933401782797	0.00050064277441	0.00119645137613	0.000403059860753	5.09128245162e-05	6.78837660216e-05	1.69709415054e-05	0.00048791456828	0.000521856451291	0.000280020534839	0.000190923091936	0	0	1.27282061291e-05
0.000691565866345	0.00238441728151	0.0318205153226	0	3.39418830108e-05	4.24273537635e-06	0.000377603448495	0.00296142929269	0.0010946257271	0.000296991476345	0.000190923091936	0.000589740217313	8.4854707527e-06	0.000241835916452	0.000538827392797	1.69709415054e-05	0.000398817125377	0.00534160383883	0.000148495738172	0.000806119721507	1.69709415054e-05	0.00276202073001	0.00111583940398	0.0147180490206	0.00072126501398	4.24273537635e-06	0.00414939519807	0.0132161206973	0.00194317280237	0.00017395215043	0.00246078651828	1.69709415054e-05	1.69709415054e-05	8.4854707527e-06	0.0034620720671	4.24273537635e-05	0.0032838771813	0.000636410306453	0	4.24273537635e-06	0	0	3.81846183872e-05	4.24273537635e-06	9.33401782797e-05	8.4854707527e-06	1.69709415054e-05	0	2.12136768818e-05	2.12136768818e-05	0	0.000301234211721	0.000750964161614	8.4854707527e-06	0.000101825649032	1.27282061291e-05	8.4854707527e-05	0.000619439364947	0.000547312863549	0.000152738473549	0.000106068384409	0.00104371290258	0.00254988396119	0.00022062223957	5.51555598926e-05	0.000101825649032	1.69709415054e-05	0	8.4854707527e-06	0.000216379504194	0.00307598314786	0.000971586401185	0.00393301569388	0.00152738473549	0.000263049593334	0.000203651298065	1.69709415054e-05	0.00031396241785	0.000292748740968	0.000203651298065	0.000190923091936	0	4.24273537635e-06	0
0	0	0	0	0	0	0	0	0	0	0	0	0	0	0	0	0	0	0	0	0	0	0	0	0	0	0	0	0	0	0	0	0	0	0	0	0	0	0	0	0	0	0	0	0	0	0	0	0	0	0	0	0	0	0	0	0	0	0	0	0	0	0	0	0	0	0	0	0	0	0	0	0	0	0	0	0	0	0	0	0	0	0	0
0.000156981208925	0.000118796590538	3.39418830108e-05	0	0.0194402134944	2.12136768818e-05	0.00139585993882	0.0022062223957	0.00226986342635	0.000975829136561	0.00671200736539	9.33401782797e-05	0.00330509085818	0.000144253002796	0.00089521716441	6.36410306453e-05	1.69709415054e-05	1.69709415054e-05	2.54564122581e-05	0	0.00700899884173	4.24273537635e-05	0.000229107710323	7.2126501398e-05	0.00421727896409	0	4.24273537635e-05	0.000101825649032	0.00484944653517	0.000343661565484	6.36410306453e-05	0	5.09128245162e-05	2.12136768818e-05	0.000190923091936	8.4854707527e-06	8.4854707527e-06	4.24273537635e-06	0	0.000666109454087	0	2.12136768818e-05	8.4854707527e-06	4.24273537635e-06	0.000224864974947	3.39418830108e-05	0	0.000695808601722	8.4854707527e-06	2.12136768818e-05	1.27282061291e-05	8.4854707527e-06	4.24273537635e-06	0	0	0.000632167571076	4.24273537635e-06	2.96991476345e-05	8.4854707527e-06	0.000509128245162	8.4854707527e-06	1.27282061291e-05	1.69709415054e-05	0.000148495738172	3.39418830108e-05	1.69709415054e-05	4.24273537635e-06	0	2.12136768818e-05	2.54564122581e-05	0.000280020534839	3.81846183872e-05	0.000335176094732	7.63692367743e-05	0.00050064277441	0.00022062223957	0	2.54564122581e-05	4.24273537635e-06	8.4854707527e-06	0	2.54564122581e-05	0	0
8.4854707527e-06	0	4.24273537635e-06	0	2.12136768818e-05	0.00472216447388	0.00353844130388	0.000101825649032	0.000929159047421	9.75829136561e-05	0.00017395215043	2.12136768818e-05	0.000169709415054	0.000106068384409	0.000118796590538	0.000924916312045	4.24273537635e-06	4.24273537635e-06	4.24273537635e-06	4.24273537635e-06	5.93982952689e-05	4.24273537635e-06	8.4854707527e-06	2.12136768818e-05	0.000110311119785	0	1.69709415054e-05	1.27282061291e-05	6.78837660216e-05	7.2126501398e-05	4.24273537635e-06	0	0.00151465652936	4.24273537635e-06	0.000118796590538	0	0	0	0	0	0	0	4.24273537635e-06	0	2.54564122581e-05	0	0	0	0	0	4.24273537635e-06	0	0	0	0	0	0	4.24273537635e-06	0	2.12136768818e-05	4.24273537635e-06	4.24273537635e-06	0	1.69709415054e-05	4.24273537635e-06	0	0	0	0	4.24273537635e-06	0.000165466679678	8.4854707527e-06	0.000165466679678	7.63692367743e-05	0.000640653041829	0.000555798334302	1.69709415054e-05	8.4854707527e-06	0	4.24273537635e-06	0	4.24273537635e-06	0	0
0.0010224992257	4.66700891399e-05	0.000377603448495	0	0.00139585993882	0.00353844130388	0.0553804248675	0.00907521097002	0.0296015647208	0.000882488958281	0.0216124940071	0.000632167571076	0.0091133955884	0.00133646164355	0.00718719372754	0.00223167880796	8.90974429034e-05	0.000229107710323	6.36410306453e-05	0.000186680356559	0.00341540197796	0.000339418830108	0.000114553855161	0.000649138512582	0.00143404455721	8.4854707527e-06	0.000258806857957	0.000318205153226	0.00340267377183	0.00107341205022	0.00072126501398	2.12136768818e-05	0.00335600368269	2.54564122581e-05	0.00162496764914	1.69709415054e-05	2.54564122581e-05	4.24273537635e-06	0	0.000127282061291	0	8.4854707527e-06	2.96991476345e-05	4.24273537635e-06	0.000479429097528	2.96991476345e-05	8.4854707527e-06	1.69709415054e-05	8.4854707527e-06	2.54564122581e-05	4.24273537635e-06	3.39418830108e-05	8.4854707527e-06	0	0	8.90974429034e-05	3.39418830108e-05	9.75829136561e-05	3.39418830108e-05	0.00045397268527	2.12136768818e-05	3.81846183872e-05	5.09128245162e-05	0.000301234211721	0.00014001026742	0.000114553855161	4.24273537635e-06	4.24273537635e-06	6.78837660216e-05	0.000182437621183	0.00193468733162	0.000161223944301	0.00193893006699	0.000547312863549	0.00432759008388	0.00194741553775	3.39418830108e-05	7.63692367743e-05	2.96991476345e-05	9.75829136561e-05	2.54564122581e-05	4.24273537635e-06	0	0
0.00884186052432	0.00026729232871	0.00296142929269	0	0.0022062223957	0.000101825649032	0.00907521097002	0.0717913253032	0.0189565416615	0.00479429097528	0.0194996117897	0.000610953894195	0.000823090663012	0.00080187698613	0.0115190265468	0.000343661565484	0.000377603448495	0.00213833862968	0.000127282061291	0.000615196629571	0.000577012011184	0.00361905327603	0.000632167571076	0.00516340895302	0.0103225751707	8.4854707527e-06	0.000984314607314	0.00159102576613	0.0260503952108	0.00473064994463	0.0118245034939	1.69709415054e-05	0.000212136768818	0.000309719682474	0.00473913541539	0.000199408562689	0.000296991476345	8.06119721507e-05	0	0.00108614025635	0	3.39418830108e-05	0.000246078651828	3.39418830108e-05	0.00261352499183	0.000292748740968	2.96991476345e-05	9.33401782797e-05	4.24273537635e-06	0.000195165827312	3.81846183872e-05	0.000127282061291	8.90974429034e-05	8.4854707527e-06	2.54564122581e-05	0.000818847927636	8.4854707527e-05	0.000509128245162	0.000190923091936	0.00312689597237	3.39418830108e-05	0.000178194885807	0.000280020534839	0.00151889926473	0.000615196629571	0.000619439364947	8.4854707527e-06	8.4854707527e-06	0.000330933359355	0.0006279248357	0.00310143956011	0.000373360713119	0.00518886536528	0.0016334531199	0.00207469759904	0.00131949070205	1.27282061291e-05	0.000373360713119	0.000156981208925	0.000411545331506	0.000161223944301	7.2126501398e-05	0	4.24273537635e-06
0.00638955947679	0.000123039325914	0.0010946257271	0	0.00226986342635	0.000929159047421	0.0296015647208	0.0189565416615	0.0619184800825	0.00149768558785	0.023538695868	0.00128130608366	0.00530766195582	0.00224016427871	0.023076237712	0.000144253002796	0.000148495738172	0.00089521716441	0.000156981208925	0.000479429097528	0.00442093026216	0.000958858195056	0.000254564122581	0.00150192832323	0.00288506005592	2.54564122581e-05	0.000657623983335	0.00072126501398	0.00599922782216	0.00324144982753	0.00224440701409	2.12136768818e-05	0.00201105656839	0.000118796590538	0.00389483107549	6.36410306453e-05	7.63692367743e-05	2.12136768818e-05	0	0.000326690623979	0	2.12136768818e-05	0.000148495738172	2.12136768818e-05	0.00104795563796	8.90974429034e-05	8.4854707527e-06	2.96991476345e-05	1.27282061291e-05	8.4854707527e-05	1.27282061291e-05	7.63692367743e-05	2.54564122581e-05	0	4.24273537635e-06	0.000224864974947	4.24273537635e-05	0.000250321387205	7.63692367743e-05	0.00115826675774	3.81846183872e-05	6.36410306453e-05	9.75829136561e-05	0.000742478690862	0.00026729232871	0.000229107710323	4.24273537635e-06	4.24273537635e-06	0.000148495738172	0.000364875242366	0.0026729232871	0.000322447888603	0.00426819178861	0.00103098469645	0.00547312863549	0.00228259163248	4.66700891399e-05	0.000258806857957	8.06119721507e-05	0.000186680356559	9.33401782797e-05	1.27282061291e-05	0	0
0.00109886846248	0.00152314200011	0.000296991476345	0	0.000975829136561	9.75829136561e-05	0.000882488958281	0.00479429097528	0.00149768558785	0.0266316499574	0.00126433514215	0.000131524796667	0.00176922065194	0.000258806857957	0.00105644110871	0.00122615052377	0.000479429097528	0.000182437621183	2.54564122581e-05	4.66700891399e-05	0.000496400039033	0.000364875242366	0.00570223634582	0.000657623983335	0.0158932867198	5.09128245162e-05	0.000330933359355	0.00114978128699	0.00522704998367	0.00171406509205	0.00139585993882	0	2.54564122581e-05	0.000271535064087	0.00121766505301	0.000381846183872	0.000161223944301	0.000127282061291	0	0.00129403428979	4.24273537635e-06	7.63692367743e-05	0.000610953894195	0.000101825649032	0.00760298179442	0.000296991476345	5.09128245162e-05	0.000106068384409	4.24273537635e-06	0.000381846183872	7.63692367743e-05	0.000347904300861	9.75829136561e-05	8.4854707527e-06	4.24273537635e-06	0.000924916312045	0.000428516273012	0.00355965498076	0.000318205153226	0.00519735083603	2.12136768818e-05	0.000156981208925	0.000305476947097	0.00334327547657	0.00120493684688	0.00182013347645	0	3.39418830108e-05	0.000683080395593	0.00131524796667	0.00220197966033	0.000280020534839	0.00150192832323	0.000521856451291	0.000992800078066	0.000577012011184	1.27282061291e-05	0.00100128554882	0.000280020534839	0.000733993220109	0.000292748740968	0.000135767532043	0	4.24273537635e-06
0.00105219837334	5.93982952689e-05	0.000190923091936	0	0.00671200736539	0.00017395215043	0.0216124940071	0.0194996117897	0.023538695868	0.00126433514215	0.0645998888403	0.000610953894195	0.00857456819561	0.00114553855161	0.00917703661905	0.000182437621183	0.000127282061291	0.000123039325914	0.000106068384409	0.000123039325914	0.00761995273593	0.000309719682474	0.000148495738172	0.000386088919248	0.00310143956011	1.69709415054e-05	0.000284263270216	0.000258806857957	0.0104880418503	0.00236744634	0.000356389771614	1.27282061291e-05	0.000318205153226	0.000106068384409	0.00138313173269	3.81846183872e-05	4.24273537635e-05	4.24273537635e-06	0	0.000526099186668	0	1.69709415054e-05	4.66700891399e-05	1.69709415054e-05	0.000649138512582	0.000190923091936	0	7.63692367743e-05	4.24273537635e-06	2.12136768818e-05	1.69709415054e-05	3.39418830108e-05	2.12136768818e-05	4.24273537635e-06	4.24273537635e-06	0.000441244479141	8.4854707527e-06	0.000106068384409	4.24273537635e-05	0.0011667522285	1.27282061291e-05	1.69709415054e-05	5.09128245162e-05	0.000458215420646	0.000118796590538	9.75829136561e-05	4.24273537635e-06	0	8.06119721507e-05	0.000131524796667	0.00182437621183	0.000148495738172	0.00235471813388	0.000466700891399	0.00318205153226	0.00121766505301	8.4854707527e-06	0.000118796590538	5.51555598926e-05	8.4854707527e-05	5.09128245162e-05	3.81846183872e-05	0	0
0.000148495738172	0.000326690623979	0.000589740217313	0	9.33401782797e-05	2.12136768818e-05	0.000632167571076	0.000610953894195	0.00128130608366	0.000131524796667	0.000610953894195	0.0362414455848	0.000169709415054	0.0140392113603	0.000466700891399	1.69709415054e-05	8.4854707527e-05	0.00196014374387	0.00672473557152	0.00941038706475	0.000118796590538	0.000496400039033	0.000127282061291	0.000789148780001	0.000246078651828	0.000780663309249	0.0128597309257	0.00301658485259	0.000437001743764	0.000496400039033	0.000428516273012	0.000865518016776	0.000131524796667	4.24273537635e-06	0.0116505513435	1.27282061291e-05	0.000301234211721	2.54564122581e-05	0	8.4854707527e-06	0	4.24273537635e-06	4.24273537635e-06	1.27282061291e-05	7.2126501398e-05	8.4854707527e-06	0.000572769275807	1.69709415054e-05	0.00154859841237	2.96991476345e-05	4.24273537635e-06	3.39418830108e-05	5.09128245162e-05	0.000101825649032	0.000114553855161	1.27282061291e-05	1.69709415054e-05	6.36410306453e-05	5.93982952689e-05	8.06119721507e-05	0.00268140875785	0.00146798644022	0.0012558496714	3.39418830108e-05	7.63692367743e-05	3.81846183872e-05	0.000216379504194	0	8.4854707527e-06	0.000131524796667	0.00289778826205	0.00176497791656	0.0106407803239	0.00237593181076	0.000742478690862	0.0006279248357	0.000538827392797	0.000131524796667	0.000212136768818	0.000110311119785	2.96991476345e-05	4.24273537635e-06	0	7.63692367743e-05
6.36410306453e-05	3.39418830108e-05	8.4854707527e-06	0	0.00330509085818	0.000169709415054	0.0091133955884	0.000823090663012	0.00530766195582	0.00176922065194	0.00857456819561	0.000169709415054	0.0283542005202	0.00026729232871	0.00109886846248	0.00204924118678	8.4854707527e-06	2.12136768818e-05	1.27282061291e-05	2.96991476345e-05	0.0111626367752	2.54564122581e-05	9.75829136561e-05	2.12136768818e-05	0.0017225505628	8.4854707527e-06	4.24273537635e-05	4.24273537635e-05	0.00117948043463	0.000254564122581	1.69709415054e-05	4.24273537635e-06	0.000118796590538	4.24273537635e-06	0.000305476947097	0	1.27282061291e-05	0	0	1.69709415054e-05	0	0	4.24273537635e-06	0	4.24273537635e-05	8.4854707527e-06	0	0.000165466679678	4.24273537635e-06	0	4.24273537635e-06	4.24273537635e-06	0	0	0	2.12136768818e-05	8.4854707527e-06	1.27282061291e-05	1.27282061291e-05	5.51555598926e-05	4.24273537635e-06	0	2.12136768818e-05	3.81846183872e-05	8.4854707527e-06	1.27282061291e-05	0	4.24273537635e-06	4.24273537635e-06	1.69709415054e-05	0.000241835916452	2.96991476345e-05	0.00036063250699	7.63692367743e-05	0.00081460519226	0.000271535064087	4.24273537635e-06	1.27282061291e-05	8.4854707527e-06	1.27282061291e-05	1.27282061291e-05	4.24273537635e-06	0	0
0.000123039325914	0.000398817125377	0.000241835916452	0	0.000144253002796	0.000106068384409	0.00133646164355	0.00080187698613	0.00224016427871	0.000258806857957	0.00114553855161	0.0140392113603	0.00026729232871	0.0293427578628	0.000755206896991	8.4854707527e-06	7.2126501398e-05	0.000806119721507	0.00166315226753	0.00197711468538	0.00022062223957	0.000352147036237	0.000186680356559	0.00058125474656	0.000335176094732	0.00249897113667	0.00834121774991	0.00352995583312	0.00050064277441	0.00084854707527	0.000258806857957	0.00123887872989	0.000284263270216	8.4854707527e-06	0.00729750484733	8.4854707527e-06	0.000292748740968	1.69709415054e-05	0	2.96991476345e-05	0	4.24273537635e-06	2.54564122581e-05	4.24273537635e-06	0.00014001026742	1.27282061291e-05	0.000831576133765	2.54564122581e-05	0.00201954203914	3.39418830108e-05	0	5.09128245162e-05	5.09128245162e-05	4.66700891399e-05	7.63692367743e-05	2.54564122581e-05	1.69709415054e-05	9.75829136561e-05	3.81846183872e-05	0.000144253002796	0.00309719682474	0.00121342231764	0.000958858195056	0.000114553855161	0.000106068384409	6.36410306453e-05	0.000233350445699	4.24273537635e-06	2.96991476345e-05	0.000182437621183	0.00168012320904	0.00207894033441	0.00826060577776	0.00178619159344	0.00133646164355	0.00169285141516	0.000861275281399	9.33401782797e-05	0.000250321387205	0.000254564122581	5.09128245162e-05	0	4.24273537635e-06	0.000190923091936
0.00670352189464	5.51555598926e-05	0.000538827392797	0	0.00089521716441	0.000118796590538	0.00718719372754	0.0115190265468	0.023076237712	0.00105644110871	0.00917703661905	0.000466700891399	0.00109886846248	0.000755206896991	0.0356262489552	4.66700891399e-05	8.06119721507e-05	0.000526099186668	2.96991476345e-05	0.000207894033441	0.00119645137613	0.000475186362151	0.000207894033441	0.000840061604518	0.00202378477452	8.4854707527e-06	0.000296991476345	0.000381846183872	0.00344085839022	0.00832848954378	0.00162496764914	1.27282061291e-05	0.000653381247958	0.000284263270216	0.00186680356559	5.51555598926e-05	1.69709415054e-05	1.69709415054e-05	0	0.000152738473549	0	1.69709415054e-05	8.90974429034e-05	2.54564122581e-05	0.000717022278603	2.96991476345e-05	4.24273537635e-06	2.12136768818e-05	0	6.78837660216e-05	1.27282061291e-05	5.51555598926e-05	1.69709415054e-05	0	0	0.000110311119785	3.81846183872e-05	0.000212136768818	7.2126501398e-05	0.000733993220109	1.69709415054e-05	2.54564122581e-05	5.09128245162e-05	0.000492157303657	0.000203651298065	0.000190923091936	0	4.24273537635e-06	9.75829136561e-05	0.000233350445699	0.00134918984968	0.000148495738172	0.00182861894721	0.000466700891399	0.00201529930377	0.000708536807851	8.4854707527e-06	0.000152738473549	3.39418830108e-05	0.000131524796667	4.24273537635e-05	8.4854707527e-06	0	0
2.12136768818e-05	2.54564122581e-05	1.69709415054e-05	0	6.36410306453e-05	0.000924916312045	0.00223167880796	0.000343661565484	0.000144253002796	0.00122615052377	0.000182437621183	1.69709415054e-05	0.00204924118678	8.4854707527e-06	4.66700891399e-05	0.0053288756327	5.51555598926e-05	4.24273537635e-06	0	8.4854707527e-06	0.000106068384409	0.000156981208925	6.78837660216e-05	0.000212136768818	0.000865518016776	0	2.12136768818e-05	4.24273537635e-05	0.000339418830108	3.39418830108e-05	5.09128245162e-05	0	6.78837660216e-05	4.24273537635e-06	0.000118796590538	0	4.24273537635e-06	4.24273537635e-06	0	0	0	8.4854707527e-06	4.24273537635e-06	4.24273537635e-06	2.96991476345e-05	0	0	0	0	4.24273537635e-06	4.24273537635e-06	4.24273537635e-06	0	0	0	0	4.24273537635e-06	1.69709415054e-05	2.12136768818e-05	1.69709415054e-05	0	0	8.4854707527e-06	2.12136768818e-05	4.24273537635e-06	4.24273537635e-06	0	0	0	0	0.000241835916452	2.96991476345e-05	0.000190923091936	8.4854707527e-05	0.000258806857957	2.12136768818e-05	0	4.24273537635e-06	0	1.69709415054e-05	1.69709415054e-05	8.4854707527e-06	0	0
7.2126501398e-05	0.000284263270216	0.000398817125377	0	1.69709415054e-05	4.24273537635e-06	8.90974429034e-05	0.000377603448495	0.000148495738172	0.000479429097528	0.000127282061291	8.4854707527e-05	8.4854707527e-06	7.2126501398e-05	8.06119721507e-05	5.51555598926e-05	0.0180952663801	0.000161223944301	2.12136768818e-05	8.4854707527e-05	2.12136768818e-05	0.00466700891399	0.00562162437367	0.0076793510312	0.00625379194474	1.27282061291e-05	0.000169709415054	0.00301234211721	0.00362753874678	0.000161223944301	0.000784906044625	0	1.27282061291e-05	2.12136768818e-05	0.00132373343742	1.69709415054e-05	0.000152738473549	8.4854707527e-05	0	0	0	4.24273537635e-06	4.24273537635e-05	0	9.33401782797e-05	0	4.24273537635e-06	0	4.24273537635e-06	8.4854707527e-06	4.24273537635e-06	0.00103947016721	5.51555598926e-05	0	8.4854707527e-06	0	0.000284263270216	0.0015613266185	0.000386088919248	0.000165466679678	1.27282061291e-05	8.90974429034e-05	0.000364875242366	0.000441244479141	3.39418830108e-05	0.00026729232871	0	0	4.24273537635e-05	0.000127282061291	0.00304628400022	0.000865518016776	0.00131100523129	0.000746721426238	0.00036063250699	0.000233350445699	0	0.000207894033441	0.000161223944301	0.000110311119785	7.63692367743e-05	0	0	0
0.000997042813443	0.0017395215043	0.00534160383883	0	1.69709415054e-05	4.24273537635e-06	0.000229107710323	0.00213833862968	0.00089521716441	0.000182437621183	0.000123039325914	0.00196014374387	2.12136768818e-05	0.000806119721507	0.000526099186668	4.24273537635e-06	0.000161223944301	0.0313410862251	0.000513370980539	0.00646592871356	2.54564122581e-05	0.00350874215624	0.000398817125377	0.00890974429034	0.000369117977743	3.81846183872e-05	0.00582951840711	0.00884186052432	0.00100977101957	0.000381846183872	0.00334751821194	3.39418830108e-05	2.12136768818e-05	2.12136768818e-05	0.0105262264687	1.69709415054e-05	0.00215530957119	0.000250321387205	0	0	0	0	1.69709415054e-05	0	5.93982952689e-05	4.24273537635e-06	6.78837660216e-05	0	7.63692367743e-05	1.27282061291e-05	0	5.51555598926e-05	0.00050064277441	2.54564122581e-05	0.000241835916452	0	4.66700891399e-05	0.000207894033441	0.000161223944301	5.09128245162e-05	0.000615196629571	0.00133646164355	0.00175224971043	5.09128245162e-05	3.39418830108e-05	8.06119721507e-05	2.12136768818e-05	0	1.27282061291e-05	0.000106068384409	0.00178619159344	0.00124736420065	0.00504461236248	0.00153587020624	0.000182437621183	0.000241835916452	1.69709415054e-05	0.000186680356559	0.00017395215043	8.90974429034e-05	7.2126501398e-05	0	0	4.24273537635e-06
3.81846183872e-05	9.33401782797e-05	0.000148495738172	0	2.54564122581e-05	4.24273537635e-06	6.36410306453e-05	0.000127282061291	0.000156981208925	2.54564122581e-05	0.000106068384409	0.00672473557152	1.27282061291e-05	0.00166315226753	2.96991476345e-05	0	2.12136768818e-05	0.000513370980539	0.0098855734269	0.00381846183872	8.4854707527e-06	8.90974429034e-05	2.12136768818e-05	0.000127282061291	5.09128245162e-05	5.51555598926e-05	0.00589740217313	0.00110311119785	8.4854707527e-05	3.39418830108e-05	8.06119721507e-05	0.000233350445699	1.69709415054e-05	0	0.00140858814495	4.24273537635e-06	0.000106068384409	1.27282061291e-05	0	0	0	4.24273537635e-06	0	0	8.4854707527e-06	0	0.000106068384409	8.4854707527e-06	0.000335176094732	1.27282061291e-05	4.24273537635e-06	0	2.54564122581e-05	1.69709415054e-05	4.66700891399e-05	0	8.4854707527e-06	4.24273537635e-06	8.4854707527e-06	8.4854707527e-06	0.000704294072474	0.000445487214517	0.000424273537635	0	2.12136768818e-05	8.4854707527e-06	3.81846183872e-05	0	0	2.12136768818e-05	0.000475186362151	0.000271535064087	0.00166315226753	0.000318205153226	6.78837660216e-05	8.90974429034e-05	2.12136768818e-05	1.27282061291e-05	2.96991476345e-05	1.69709415054e-05	0	4.24273537635e-06	0	1.27282061291e-05
0.000254564122581	0.000589740217313	0.000806119721507	0	0	4.24273537635e-06	0.000186680356559	0.000615196629571	0.000479429097528	4.66700891399e-05	0.000123039325914	0.00941038706475	2.96991476345e-05	0.00197711468538	0.000207894033441	8.4854707527e-06	8.4854707527e-05	0.00646592871356	0.00381846183872	0.0214767264751	1.27282061291e-05	0.000610953894195	7.2126501398e-05	0.000916430841292	8.06119721507e-05	0.000118796590538	0.0109717136832	0.00363178148216	0.000254564122581	0.00017395215043	0.000577012011184	0.000178194885807	2.96991476345e-05	0	0.00654654068571	1.27282061291e-05	0.000886731693658	5.51555598926e-05	0	4.24273537635e-06	0	0	4.24273537635e-06	8.4854707527e-06	2.12136768818e-05	4.24273537635e-06	0.000165466679678	4.24273537635e-06	0.000470943626775	3.39418830108e-05	0	1.69709415054e-05	0.000152738473549	9.33401782797e-05	0.000284263270216	4.24273537635e-06	1.69709415054e-05	6.36410306453e-05	5.93982952689e-05	2.96991476345e-05	0.00220197966033	0.00173527876893	0.00185407535947	2.12136768818e-05	4.24273537635e-05	2.54564122581e-05	7.2126501398e-05	0	0	0.000131524796667	0.00170982235667	0.000750964161614	0.00482823285829	0.00112856761011	0.000186680356559	0.00014001026742	2.96991476345e-05	0.000114553855161	0.000165466679678	0.000127282061291	5.09128245162e-05	0	0	1.27282061291e-05
5.93982952689e-05	3.81846183872e-05	1.69709415054e-05	0	0.00700899884173	5.93982952689e-05	0.00341540197796	0.000577012011184	0.00442093026216	0.000496400039033	0.00761995273593	0.000118796590538	0.0111626367752	0.00022062223957	0.00119645137613	0.000106068384409	2.12136768818e-05	2.54564122581e-05	8.4854707527e-06	1.27282061291e-05	0.0196099229095	2.96991476345e-05	6.36410306453e-05	2.96991476345e-05	0.00194317280237	4.24273537635e-06	3.39418830108e-05	5.51555598926e-05	0.00105644110871	0.000322447888603	3.39418830108e-05	4.24273537635e-06	0.000101825649032	8.4854707527e-06	0.000284263270216	0	4.24273537635e-06	0	0	2.96991476345e-05	0	0	4.24273537635e-06	0	5.93982952689e-05	0	0	0.000114553855161	8.4854707527e-06	0	0	0	0	0	0	1.27282061291e-05	4.24273537635e-06	1.69709415054e-05	4.24273537635e-06	5.51555598926e-05	8.4854707527e-06	0	8.4854707527e-06	4.24273537635e-05	4.24273537635e-06	1.69709415054e-05	4.24273537635e-06	0	8.4854707527e-06	1.27282061291e-05	0.000275777799463	4.24273537635e-05	0.000381846183872	6.36410306453e-05	0.000691565866345	0.000233350445699	8.4854707527e-06	8.4854707527e-06	4.24273537635e-06	8.4854707527e-06	8.4854707527e-06	0	0	0
0.00108614025635	0.000301234211721	0.00276202073001	0	4.24273537635e-05	4.24273537635e-06	0.000339418830108	0.00361905327603	0.000958858195056	0.000364875242366	0.000309719682474	0.000496400039033	2.54564122581e-05	0.000352147036237	0.000475186362151	0.000156981208925	0.00466700891399	0.00350874215624	8.90974429034e-05	0.000610953894195	2.96991476345e-05	0.0458554839476	0.00253291301968	0.0248115164809	0.00171830782742	8.4854707527e-06	0.000738235955485	0.00284687543753	0.0108020042682	0.00106916931484	0.0145610678116	4.24273537635e-06	2.96991476345e-05	0.000241835916452	0.0102674196108	3.81846183872e-05	0.000428516273012	0.000156981208925	0	4.24273537635e-06	0	4.24273537635e-06	8.4854707527e-05	4.24273537635e-06	0.000106068384409	8.4854707527e-06	1.27282061291e-05	0	2.12136768818e-05	1.69709415054e-05	0	0.000610953894195	0.000110311119785	8.4854707527e-06	3.81846183872e-05	8.4854707527e-06	0.000352147036237	0.00164193859065	0.000572769275807	0.000199408562689	3.81846183872e-05	0.000229107710323	0.000513370980539	0.000390331654624	6.36410306453e-05	0.000343661565484	1.27282061291e-05	0	4.24273537635e-05	0.000144253002796	0.00427667725936	0.000861275281399	0.00764540914819	0.00358086865764	0.00103098469645	0.000806119721507	1.69709415054e-05	0.000292748740968	0.000186680356559	0.000186680356559	0.000178194885807	0	0	0
0.000199408562689	0.00329236265205	0.00111583940398	0	0.000229107710323	8.4854707527e-06	0.000114553855161	0.000632167571076	0.000254564122581	0.00570223634582	0.000148495738172	0.000127282061291	9.75829136561e-05	0.000186680356559	0.000207894033441	6.78837660216e-05	0.00562162437367	0.000398817125377	2.12136768818e-05	7.2126501398e-05	6.36410306453e-05	0.00253291301968	0.0257873456175	0.00632167571076	0.00740357323173	0.000110311119785	0.000458215420646	0.0055070705185	0.0026729232871	0.000284263270216	0.00112856761011	0	0	5.09128245162e-05	0.00127282061291	0.000106068384409	0.00178619159344	0.000585497481937	0	3.81846183872e-05	0	2.12136768818e-05	0.000195165827312	2.54564122581e-05	0.00031396241785	1.69709415054e-05	1.69709415054e-05	1.27282061291e-05	1.69709415054e-05	8.4854707527e-05	8.4854707527e-06	0.00384391825097	0.000254564122581	4.24273537635e-06	1.69709415054e-05	2.12136768818e-05	0.00121342231764	0.00958433921518	0.00240563095839	0.00109886846248	9.75829136561e-05	0.00036063250699	0.00235471813388	0.00189225997785	0.000186680356559	0.00127706334828	8.4854707527e-06	4.24273537635e-06	0.000114553855161	0.000475186362151	0.00230380530936	0.000878246222905	0.00127282061291	0.000636410306453	0.000322447888603	0.00022062223957	1.27282061291e-05	0.000810362456883	0.000551555598926	0.000377603448495	0.000254564122581	4.24273537635e-06	0	8.4854707527e-06
0.000997042813443	0.00118796590538	0.0147180490206	0	7.2126501398e-05	2.12136768818e-05	0.000649138512582	0.00516340895302	0.00150192832323	0.000657623983335	0.000386088919248	0.000789148780001	2.12136768818e-05	0.00058125474656	0.000840061604518	0.000212136768818	0.0076793510312	0.00890974429034	0.000127282061291	0.000916430841292	2.96991476345e-05	0.0248115164809	0.00632167571076	0.0679813489353	0.00335176094732	1.69709415054e-05	0.00214258136506	0.0136149378227	0.00764965188356	0.00058125474656	0.00783208950475	1.27282061291e-05	4.24273537635e-05	0.000165466679678	0.00961828109819	3.39418830108e-05	0.00196438647925	0.000530341922044	0	0	0	4.24273537635e-06	0.000135767532043	1.27282061291e-05	0.000207894033441	1.27282061291e-05	3.81846183872e-05	0	2.12136768818e-05	2.96991476345e-05	0	0.00184983262409	0.000420030802259	1.27282061291e-05	6.36410306453e-05	8.4854707527e-06	0.000398817125377	0.00382694730947	0.00146374370484	0.000284263270216	0.000110311119785	0.000589740217313	0.00245230104753	0.0006279248357	7.2126501398e-05	0.000377603448495	8.4854707527e-06	0	4.66700891399e-05	0.000263049593334	0.00932128962184	0.00198135742076	0.00942311527088	0.00482823285829	0.00149768558785	0.000899459899787	5.51555598926e-05	0.000526099186668	0.000373360713119	0.000377603448495	0.000398817125377	4.24273537635e-06	4.24273537635e-06	4.24273537635e-06
0.00159526850151	0.00133646164355	0.00072126501398	0	0.00421727896409	0.000110311119785	0.00143404455721	0.0103225751707	0.00288506005592	0.0158932867198	0.00310143956011	0.000246078651828	0.0017225505628	0.000335176094732	0.00202378477452	0.000865518016776	0.00625379194474	0.000369117977743	5.09128245162e-05	8.06119721507e-05	0.00194317280237	0.00171830782742	0.00740357323173	0.00335176094732	0.0527372007281	4.24273537635e-05	0.000403059860753	0.00225289248484	0.0195505246142	0.00287657458517	0.0031396241785	0	8.4854707527e-05	0.000356389771614	0.00287657458517	0.000186680356559	0.000263049593334	0.00014001026742	0	0.00072126501398	0	5.09128245162e-05	0.000411545331506	5.51555598926e-05	0.00355965498076	0.000156981208925	1.27282061291e-05	6.78837660216e-05	4.24273537635e-06	0.000233350445699	2.54564122581e-05	0.000352147036237	0.000101825649032	8.4854707527e-06	1.27282061291e-05	0.000496400039033	0.000339418830108	0.00236320360463	0.000356389771614	0.00281293355452	2.96991476345e-05	0.000156981208925	0.000335176094732	0.00207045486366	0.000649138512582	0.0011115966686	0	1.69709415054e-05	0.000428516273012	0.000861275281399	0.00419606528721	0.000886731693658	0.00292324467431	0.00114978128699	0.00115826675774	0.000954615459679	8.4854707527e-06	0.000700051337098	0.000229107710323	0.000462458156022	0.00022062223957	5.51555598926e-05	0	4.24273537635e-06
0	0.000373360713119	4.24273537635e-06	0	0	0	8.4854707527e-06	8.4854707527e-06	2.54564122581e-05	5.09128245162e-05	1.69709415054e-05	0.000780663309249	8.4854707527e-06	0.00249897113667	8.4854707527e-06	0	1.27282061291e-05	3.81846183872e-05	5.51555598926e-05	0.000118796590538	4.24273537635e-06	8.4854707527e-06	0.000110311119785	1.69709415054e-05	4.24273537635e-05	0.00372087892506	0.000593982952689	0.000649138512582	1.27282061291e-05	1.27282061291e-05	4.24273537635e-06	2.12136768818e-05	4.24273537635e-06	0	0.000165466679678	0	3.39418830108e-05	0	0	0	0	0	0	4.24273537635e-06	4.24273537635e-06	8.4854707527e-06	0.000131524796667	4.24273537635e-06	0.000309719682474	8.4854707527e-06	0	0	4.24273537635e-06	1.27282061291e-05	1.27282061291e-05	4.24273537635e-06	0	4.24273537635e-06	0	4.24273537635e-06	0.000513370980539	0.000148495738172	8.4854707527e-05	4.24273537635e-06	1.27282061291e-05	0	2.12136768818e-05	4.24273537635e-06	0	3.39418830108e-05	5.93982952689e-05	0.000381846183872	0.000241835916452	4.24273537635e-05	1.27282061291e-05	1.27282061291e-05	0.00026729232871	0	2.12136768818e-05	4.24273537635e-05	0	0	0	3.39418830108e-05
0.000381846183872	0.00326690623979	0.00414939519807	0	4.24273537635e-05	1.69709415054e-05	0.000258806857957	0.000984314607314	0.000657623983335	0.000330933359355	0.000284263270216	0.0128597309257	4.24273537635e-05	0.00834121774991	0.000296991476345	2.12136768818e-05	0.000169709415054	0.00582951840711	0.00589740217313	0.0109717136832	3.39418830108e-05	0.000738235955485	0.000458215420646	0.00214258136506	0.000403059860753	0.000593982952689	0.0544300521432	0.0200723810655	0.000538827392797	0.000233350445699	0.000899459899787	0.00196438647925	3.81846183872e-05	4.24273537635e-06	0.00726356296431	6.36410306453e-05	0.00459488241259	0.000186680356559	0	8.4854707527e-06	0	4.24273537635e-06	2.96991476345e-05	2.12136768818e-05	6.78837660216e-05	1.27282061291e-05	0.000653381247958	8.4854707527e-06	0.00196438647925	8.90974429034e-05	0	5.51555598926e-05	0.000678837660216	0.000301234211721	0.000958858195056	1.27282061291e-05	6.78837660216e-05	0.000131524796667	0.000190923091936	6.78837660216e-05	0.0074460005855	0.00609256800044	0.00652108427345	6.78837660216e-05	0.000106068384409	9.75829136561e-05	0.000318205153226	0	1.27282061291e-05	0.000343661565484	0.00331357632893	0.00176497791656	0.00763692367743	0.00209591127592	0.000343661565484	0.000271535064087	8.06119721507e-05	0.000284263270216	0.000449729949893	0.000335176094732	0.000106068384409	0	0	3.81846183872e-05
0.000424273537635	0.0095800964798	0.0132161206973	0	0.000101825649032	1.27282061291e-05	0.000318205153226	0.00159102576613	0.00072126501398	0.00114978128699	0.000258806857957	0.00301658485259	4.24273537635e-05	0.00352995583312	0.000381846183872	4.24273537635e-05	0.00301234211721	0.00884186052432	0.00110311119785	0.00363178148216	5.51555598926e-05	0.00284687543753	0.0055070705185	0.0136149378227	0.00225289248484	0.000649138512582	0.0200723810655	0.0733187100387	0.00169285141516	0.000284263270216	0.00138737446807	0.000547312863549	2.96991476345e-05	2.54564122581e-05	0.00780239035711	7.63692367743e-05	0.00782784676937	0.000984314607314	0	2.12136768818e-05	0	0	7.63692367743e-05	1.27282061291e-05	0.000152738473549	8.4854707527e-06	0.000403059860753	4.24273537635e-06	0.000920673576668	3.81846183872e-05	0	0.000708536807851	0.00132373343742	0.000135767532043	0.0006279248357	1.69709415054e-05	0.000165466679678	0.00165466679678	0.00112856761011	0.000250321387205	0.00349601395011	0.00475610635689	0.00722113561055	0.000369117977743	0.000114553855161	0.000186680356559	0.00017395215043	8.4854707527e-06	4.24273537635e-05	0.000441244479141	0.00729750484733	0.00298688570495	0.00868487931539	0.00321599341527	0.000661866718711	0.000462458156022	6.78837660216e-05	0.000623682100324	0.00053458465742	0.000445487214517	0.000326690623979	0	0	4.24273537635e-05
0.00190923091936	0.000199408562689	0.00194317280237	0	0.00484944653517	6.78837660216e-05	0.00340267377183	0.0260503952108	0.00599922782216	0.00522704998367	0.0104880418503	0.000437001743764	0.00117948043463	0.00050064277441	0.00344085839022	0.000339418830108	0.00362753874678	0.00100977101957	8.4854707527e-05	0.000254564122581	0.00105644110871	0.0108020042682	0.0026729232871	0.00764965188356	0.0195505246142	1.27282061291e-05	0.000538827392797	0.00169285141516	0.0688808088351	0.00279596261302	0.00914733747141	0	0.000127282061291	0.000301234211721	0.00529917648506	0.000250321387205	0.00022062223957	0.000148495738172	0	0.000695808601722	0	4.24273537635e-05	0.000373360713119	5.93982952689e-05	0.00285536090828	0.000207894033441	2.96991476345e-05	6.78837660216e-05	1.27282061291e-05	0.000233350445699	2.12136768818e-05	0.000445487214517	0.000123039325914	1.69709415054e-05	2.12136768818e-05	0.000564283805055	0.000398817125377	0.00206196939291	0.00048791456828	0.00265170961022	3.81846183872e-05	0.000199408562689	0.000301234211721	0.0018837745071	0.000695808601722	0.00104371290258	4.24273537635e-06	1.27282061291e-05	0.000390331654624	0.000772177838496	0.00424273537635	0.000700051337098	0.00532039016195	0.00212985315893	0.00159102576613	0.00123039325914	3.39418830108e-05	0.000683080395593	0.000258806857957	0.000458215420646	0.000224864974947	7.63692367743e-05	0	4.24273537635e-06
0.00671200736539	4.66700891399e-05	0.00017395215043	0	0.000343661565484	7.2126501398e-05	0.00107341205022	0.00473064994463	0.00324144982753	0.00171406509205	0.00236744634	0.000496400039033	0.000254564122581	0.00084854707527	0.00832848954378	3.39418830108e-05	0.000161223944301	0.000381846183872	3.39418830108e-05	0.00017395215043	0.000322447888603	0.00106916931484	0.000284263270216	0.00058125474656	0.00287657458517	1.27282061291e-05	0.000233350445699	0.000284263270216	0.00279596261302	0.0250236532497	0.00224864974947	8.4854707527e-06	0.000224864974947	0.00194741553775	0.00322447888603	9.33401782797e-05	3.39418830108e-05	3.81846183872e-05	0	8.90974429034e-05	0	2.54564122581e-05	9.33401782797e-05	3.39418830108e-05	0.00100977101957	3.39418830108e-05	8.4854707527e-06	8.4854707527e-06	8.4854707527e-06	8.4854707527e-05	8.4854707527e-06	7.2126501398e-05	4.24273537635e-05	4.24273537635e-06	4.24273537635e-06	7.2126501398e-05	8.06119721507e-05	0.00048791456828	9.75829136561e-05	0.000653381247958	2.12136768818e-05	8.06119721507e-05	7.63692367743e-05	0.000509128245162	0.000224864974947	0.000364875242366	4.24273537635e-06	1.27282061291e-05	0.000148495738172	0.00031396241785	0.00105219837334	0.000114553855161	0.00187104630097	0.000386088919248	0.000750964161614	0.000547312863549	8.4854707527e-06	0.000250321387205	5.93982952689e-05	0.000156981208925	7.63692367743e-05	4.24273537635e-06	0	0
0.00449305676356	0.000203651298065	0.00246078651828	0	6.36410306453e-05	4.24273537635e-06	0.00072126501398	0.0118245034939	0.00224440701409	0.00139585993882	0.000356389771614	0.000428516273012	1.69709415054e-05	0.000258806857957	0.00162496764914	5.09128245162e-05	0.000784906044625	0.00334751821194	8.06119721507e-05	0.000577012011184	3.39418830108e-05	0.0145610678116	0.00112856761011	0.00783208950475	0.0031396241785	4.24273537635e-06	0.000899459899787	0.00138737446807	0.00914733747141	0.00224864974947	0.0396526048274	4.24273537635e-06	1.27282061291e-05	0.000131524796667	0.00973283495335	7.2126501398e-05	0.000284263270216	8.4854707527e-05	0	2.12136768818e-05	0	8.4854707527e-06	0.000118796590538	1.69709415054e-05	0.000517613715915	1.69709415054e-05	4.24273537635e-06	4.24273537635e-06	8.4854707527e-06	6.78837660216e-05	0	0.000250321387205	8.4854707527e-05	0	2.12136768818e-05	2.12136768818e-05	0.000233350445699	0.000950372724303	0.000258806857957	0.000335176094732	3.81846183872e-05	0.000165466679678	0.000284263270216	0.000551555598926	0.000195165827312	0.000475186362151	8.4854707527e-06	0	0.000114553855161	0.00022062223957	0.00126857787753	0.000275777799463	0.00461185335409	0.0014001026742	0.000364875242366	0.000547312863549	1.27282061291e-05	0.000250321387205	0.000144253002796	0.000186680356559	0.000106068384409	0	4.24273537635e-06	0
