0.0143423307251	2.10246724531e-05	0.000662277182273	0	1.75205603776e-05	1.40164483021e-05	0.000276824853966	0.00425749617176	0.00162240389097	0.000371435880005	0.000991663717372	3.15370086797e-05	0	0	0.00871122261974	0	0	0.00077440876869	3.50411207552e-06	0.000126148034719	1.75205603776e-05	0.000161189155474	7.70904656615e-05	0.000378444104156	0.000178709715852	0	0.000791929329068	0.00057117026831	0.00165744501172	0.00702924882349	0.00368983001552	0	7.00822415104e-06	0.000252296069437	0.00132805847662	0	2.10246724531e-05	0	0	0	0	0	7.00822415104e-06	0	0.000381948216232	0	0	0	0	0	0	0	1.05123362266e-05	0	1.40164483021e-05	0	3.50411207552e-06	0	1.40164483021e-05	0.000255800181513	0	3.50411207552e-06	2.10246724531e-05	4.55534569818e-05	2.10246724531e-05	0	0	0	3.15370086797e-05	5.60657932083e-05	0.000392460552458	0.000171701491701	0.00122643922643	0.000476559242271	0.000105123362266	7.00822415104e-06	0	3.50411207552e-06	0	5.25616811328e-05	2.45287845286e-05	0	0	0
2.10246724531e-05	0.0361764530677	0.000136660370945	0	3.50411207552e-06	0	2.10246724531e-05	8.7602801888e-05	0.000171701491701	0.00254398536683	5.60657932083e-05	1.75205603776e-05	7.00822415104e-06	0.000497583914724	0.000220759060758	3.50411207552e-06	0.00329386535099	0.00207793846078	3.50411207552e-06	0.00013315625887	3.50411207552e-06	0.000273320741891	0.00963630820768	0.00167846968417	0.00285234722947	0.00186769173625	0.0106314760371	0.0263719474804	0.000231271396984	6.65781294349e-05	0.000108627474341	0	0	0	0.00033639475925	0	0.0193181698723	0.000192726164154	0	3.50411207552e-06	0	2.10246724531e-05	0	0	0.000227767284909	3.50411207552e-06	2.45287845286e-05	3.50411207552e-05	0.000441518121516	1.05123362266e-05	3.50411207552e-06	0.000620227837367	5.60657932083e-05	0	8.0594577737e-05	3.15370086797e-05	0.000178709715852	0.00206742612456	0.000637748397745	0.00013315625887	0.000946110260391	0.000925085587937	0.0193356904327	5.25616811328e-05	3.15370086797e-05	3.50411207552e-06	5.95699052839e-05	0	7.00822415104e-06	8.7602801888e-05	0.00110379530379	0.000711334751331	0.000466046906044	0.000332890647174	0	9.11069139635e-05	1.05123362266e-05	0.00023477550906	0.000119139810568	7.70904656615e-05	3.50411207552e-05	0	0	3.50411207552e-06
0.000662277182273	0.000136660370945	0.0326618286559	0	3.50411207552e-06	0	7.00822415104e-06	0.00444321411176	0.00191674930531	3.15370086797e-05	1.05123362266e-05	1.40164483021e-05	0	0	0.00245638256494	0	7.00822415104e-06	0.00203588911588	0	4.55534569818e-05	3.50411207552e-06	0.00304156928155	0.000988159605297	0.0185998268969	2.10246724531e-05	0	0.00712736396161	0.0095767383024	0.00596750286461	6.30740173594e-05	0.00346907095477	0	0	3.50411207552e-06	0.000343402983401	1.40164483021e-05	0.000259304293589	0.00164342856342	0	0	0	0	3.50411207552e-06	1.05123362266e-05	2.80328966042e-05	0	0	7.00822415104e-06	0	3.50411207552e-06	7.00822415104e-06	0.000115635698492	0.000686805966802	0	0.000220759060758	0	0.000416989336987	0.000634244285669	0.00171351080493	0.000164693267549	0	0.000399468776609	0.00464294850006	0.000339898871326	3.50411207552e-06	0.000210246724531	0	0	3.50411207552e-06	0.000346907095477	0.00127199268341	0.000427501673214	0.000490575690573	0.000252296069437	8.40986898125e-05	2.45287845286e-05	0	0.00149275174417	0.00115285287285	0.000255800181513	0.000119139810568	2.80328966042e-05	0	0
0	0	0	0	0	0	0	0	0	0	0	0	0	0	0	0	0	0	0	0	0	0	0	0	0	0	0	0	0	0	0	0	0	0	0	0	0	0	0	0	0	0	0	0	0	0	0	0	0	0	0	0	0	0	0	0	0	0	0	0	0	0	0	0	0	0	0	0	0	0	0	0	0	0	0	0	0	0	0	0	0	0	0	0
1.75205603776e-05	3.50411207552e-06	3.50411207552e-06	0	0.0194197891225	1.40164483021e-05	0.000224263172833	0.0048531952246	0.000858507458503	0.00121592689021	0.0040087042144	2.45287845286e-05	0.00162590800304	0	0.00136660370945	1.75205603776e-05	0	0	1.05123362266e-05	2.45287845286e-05	0.005753752028	3.50411207552e-06	3.50411207552e-06	4.90575690573e-05	0.00336745170458	0	1.40164483021e-05	6.30740173594e-05	0.0080454413254	0.00070432652718	0	0	3.50411207552e-06	7.00822415104e-06	0.000332890647174	0	1.05123362266e-05	0	0	0.00879882542163	0	0.000483567466422	3.50411207552e-06	0.000953118484542	0.000770904656615	6.65781294349e-05	5.60657932083e-05	0.00163642033927	0	0.000553649707932	0.000325882423023	0	0	2.10246724531e-05	0.000126148034719	0.00550145595857	0	1.40164483021e-05	7.00822415104e-06	0.00466397317252	0	0.000199734388305	3.50411207552e-05	0.00175556014984	0.000395964664534	0	1.05123362266e-05	1.05123362266e-05	0	0.00106875418303	0.00145070239927	4.20493449062e-05	0.000150676819247	1.75205603776e-05	4.55534569818e-05	3.50411207552e-06	3.50411207552e-06	9.11069139635e-05	7.00822415104e-06	0.000416989336987	1.05123362266e-05	3.50411207552e-05	0	0
1.40164483021e-05	0	0	0	1.40164483021e-05	0.00526668044951	0.00262457994456	0.000318874198872	0.00105473773473	3.50411207552e-06	0.00033639475925	2.10246724531e-05	0	0	0.000441518121516	0.000991663717372	0	0	0	3.50411207552e-06	7.00822415104e-06	3.50411207552e-06	0	0	1.05123362266e-05	0	7.00822415104e-06	0	0.000206742612456	0.000196230276229	3.50411207552e-06	0	0.00209195490909	7.00822415104e-06	0.000546641483781	0	0	3.50411207552e-06	0	0	0	0	0	0	0	0	0	0	0	0	0	0	0	0	0	0	0	0	3.50411207552e-06	0	0	3.50411207552e-06	7.00822415104e-06	0	0	0	0	0	0	1.05123362266e-05	9.11069139635e-05	7.00822415104e-06	7.70904656615e-05	2.80328966042e-05	0.000862011570578	0.000988159605297	3.50411207552e-06	2.80328966042e-05	1.75205603776e-05	3.50411207552e-06	3.50411207552e-06	0	0	0
0.000276824853966	2.10246724531e-05	7.00822415104e-06	0	0.000224263172833	0.00262457994456	0.0385872821756	0.00659824303821	0.0241188034158	0.000364427655854	0.0152989533217	0.000224263172833	0.00549444773442	1.40164483021e-05	0.0104457580971	0.004408172991	0	0	7.70904656615e-05	0.000175205603776	0.00145070239927	5.25616811328e-05	3.50411207552e-06	3.15370086797e-05	0.000301353638495	3.50411207552e-06	0.000276824853966	3.85452328307e-05	0.00420143037855	0.00271568685853	2.10246724531e-05	0	0.00139814071813	8.40986898125e-05	0.00152078464078	0	3.15370086797e-05	0	0	0	0	0	7.00822415104e-06	0	6.65781294349e-05	0	0	0	0	3.50411207552e-06	0	0	0	0	0	0	0	0	0	8.40986898125e-05	3.15370086797e-05	1.40164483021e-05	5.25616811328e-05	1.40164483021e-05	3.50411207552e-06	0	0	0	0	8.0594577737e-05	0.00142967772681	1.75205603776e-05	0.00176607248606	0.000511600363026	0.000830474561898	0.000665781294349	3.15370086797e-05	7.70904656615e-05	1.40164483021e-05	3.85452328307e-05	1.05123362266e-05	1.05123362266e-05	0	3.50411207552e-06
0.00425749617176	8.7602801888e-05	0.00444321411176	0	0.0048531952246	0.000318874198872	0.00659824303821	0.0698439618893	0.0209756148841	0.0025194565823	0.0229939834396	0.000252296069437	7.00822415104e-05	1.05123362266e-05	0.0293574509687	0.000241783733211	3.50411207552e-06	0.000185717940003	7.70904656615e-05	0.00040647700076	0.00103721717435	0.00305908984193	9.46110260391e-05	0.00483217055214	0.00609715501141	3.50411207552e-06	0.00136660370945	0.00144719828719	0.0440361764531	0.00989210838919	0.00801740842879	0	0.000297849526419	0.000416989336987	0.00325882423023	3.50411207552e-06	0.000115635698492	0.000122643922643	0	0.00271568685853	0	3.50411207552e-06	2.10246724531e-05	1.75205603776e-05	0.00178008893436	0.000161189155474	0	4.55534569818e-05	0	3.50411207552e-06	1.75205603776e-05	1.40164483021e-05	0.000112131586417	0	2.45287845286e-05	0.00074287176001	5.25616811328e-05	3.50411207552e-05	0.000560657932083	0.00531924213064	3.15370086797e-05	5.95699052839e-05	0.000371435880005	0.00253697714268	1.75205603776e-05	2.80328966042e-05	0	0	1.40164483021e-05	0.000189222052078	0.00504942550083	0.000287337190193	0.00378794515364	0.0021900700472	0.000707830639255	0.000140164483021	7.00822415104e-06	0.000402972888685	0.000255800181513	0.000357419431703	0.000287337190193	3.50411207552e-05	0	3.50411207552e-06
0.00162240389097	0.000171701491701	0.00191674930531	0	0.000858507458503	0.00105473773473	0.0241188034158	0.0209756148841	0.0662382305636	0.000308361862646	0.0228398025082	0.00326232834231	0.00330087357514	0.000322378310948	0.0455884981025	0.00319575021287	1.40164483021e-05	0.000105123362266	0.0012019104419	0.000967134932844	0.00191674930531	0.000452030457742	0.000143668595096	0.0020043521072	0.000560657932083	3.50411207552e-06	0.00172402314116	0.00127900090757	0.0114514382628	0.0113533231247	0.00130352969209	2.45287845286e-05	0.00156984220983	9.81151381146e-05	0.00661225948651	3.50411207552e-06	0.000175205603776	8.40986898125e-05	0	0.000105123362266	0	7.00822415104e-06	1.05123362266e-05	3.50411207552e-06	0.000252296069437	2.80328966042e-05	3.50411207552e-06	2.80328966042e-05	0	1.05123362266e-05	0	7.00822415104e-06	8.7602801888e-05	3.50411207552e-06	4.55534569818e-05	3.50411207552e-05	4.90575690573e-05	3.15370086797e-05	0.000431005785289	0.000634244285669	3.50411207552e-05	7.35863535859e-05	0.000388956440383	0.000262808405664	2.45287845286e-05	4.20493449062e-05	0	0	1.40164483021e-05	0.000374939992081	0.00565563688989	0.00060270727699	0.00805244954955	0.00350411207552	0.00155932987361	0.00162941211512	0.000294345414344	0.000350411207552	0.000213750836607	0.000497583914724	0.00040647700076	2.45287845286e-05	1.75205603776e-05	9.11069139635e-05
0.000371435880005	0.00254398536683	3.15370086797e-05	0	0.00121592689021	3.50411207552e-06	0.000364427655854	0.0025194565823	0.000308361862646	0.0260565773936	0.000655268958122	0	0.00126148034719	0	0.00106525007096	0.00125447212304	0.000700822415104	3.85452328307e-05	0	1.75205603776e-05	0.00010161925019	3.50411207552e-05	0.00521762288045	9.11069139635e-05	0.0121697812383	8.40986898125e-05	0.000255800181513	0.00141566127851	0.0084028607571	0.000935597924164	0.000388956440383	0	0	0.000182213827927	0.000238279621135	0	0.000161189155474	2.10246724531e-05	0	0.00137010782153	0	1.40164483021e-05	6.65781294349e-05	1.40164483021e-05	0.010904796779	0.00013315625887	3.50411207552e-06	0.000206742612456	7.00822415104e-06	7.00822415104e-06	4.20493449062e-05	0.00010161925019	1.40164483021e-05	0	3.50411207552e-06	0.000823466337747	1.05123362266e-05	0.000490575690573	6.65781294349e-05	0.00847294299861	0	4.20493449062e-05	0.000217254948682	0.0025474894789	0.000592194940763	7.00822415104e-05	3.50411207552e-06	0	0.000735863535859	0.00122643922643	0.0011878939936	0.000171701491701	0.000122643922643	0.000140164483021	0.00222160705588	0	0	0.00050809625095	0.000129652146794	0.000497583914724	0.000199734388305	0.000140164483021	0	0
0.000991663717372	5.60657932083e-05	1.05123362266e-05	0	0.0040087042144	0.00033639475925	0.0152989533217	0.0229939834396	0.0228398025082	0.000655268958122	0.0560868178808	0.00145420651134	0.00290490891061	3.50411207552e-05	0.0244902392958	0.000308361862646	0	8.7602801888e-05	0.000536129147555	0.000911069139635	0.00568366978649	0.000126148034719	1.05123362266e-05	0.000227767284909	0.000395964664534	3.50411207552e-06	0.000735863535859	0.000192726164154	0.0194618384674	0.0111220517277	0.000136660370945	0	0.000332890647174	8.7602801888e-05	0.00507045017328	0	6.65781294349e-05	3.50411207552e-06	0	0.0038790520676	0	0.000595699052839	1.05123362266e-05	0.00179760949474	8.7602801888e-05	0.000210246724531	4.20493449062e-05	0.00128951324379	0	0.000623731949443	3.85452328307e-05	0	0	1.40164483021e-05	7.00822415104e-05	0.00351812852382	0	3.50411207552e-06	7.00822415104e-06	0.00384401094685	3.15370086797e-05	9.11069139635e-05	8.7602801888e-05	0.000732359423784	0.000241783733211	0	7.00822415104e-06	1.05123362266e-05	0	0.000809449889445	0.00453081691365	0.00010161925019	0.00426800850798	0.000893548579258	0.000129652146794	0.000140164483021	2.80328966042e-05	4.90575690573e-05	1.05123362266e-05	0.000280328966042	2.10246724531e-05	1.05123362266e-05	3.50411207552e-06	1.40164483021e-05
3.15370086797e-05	1.75205603776e-05	1.40164483021e-05	0	2.45287845286e-05	2.10246724531e-05	0.000224263172833	0.000252296069437	0.00326232834231	0	0.00145420651134	0.0242029021056	0.000119139810568	0.00398767954194	0.00772656712652	0	3.50411207552e-05	0.000360923543779	0.00610416323556	0.00616373314084	0.000259304293589	2.10246724531e-05	3.50411207552e-06	0.000210246724531	3.50411207552e-06	0.000353915319628	0.0077160547903	0.000504592138875	0.000262808405664	0.00801390431672	1.75205603776e-05	0.000970639044919	0.000262808405664	3.50411207552e-06	0.0109994078051	0	2.10246724531e-05	3.50411207552e-06	0	0	0	3.50411207552e-06	0	0	0	0	0.000175205603776	3.50411207552e-06	0.000252296069437	0	0	0	0	3.50411207552e-06	0	3.50411207552e-06	3.50411207552e-06	0	1.75205603776e-05	0	0.000161189155474	0.000192726164154	0.000241783733211	3.50411207552e-06	3.50411207552e-06	0	3.50411207552e-06	0	0	0.000227767284909	0.00106875418303	0.0025194565823	0.0113708436851	0.000385452328307	0	0	0.000409981112836	3.50411207552e-06	9.81151381146e-05	3.50411207552e-06	7.00822415104e-06	0	0	0.000175205603776
0	7.00822415104e-06	0	0	0.00162590800304	0	0.00549444773442	7.00822415104e-05	0.00330087357514	0.00126148034719	0.00290490891061	0.000119139810568	0.0236877976305	0	0.00365829300684	0.00240031677173	0	0	3.15370086797e-05	3.85452328307e-05	0.0069276295733	3.50411207552e-06	0	1.05123362266e-05	0.00163642033927	0	4.90575690573e-05	1.05123362266e-05	0.000693814190953	0.00153830520115	0	0	0	0	0.000816458113596	0	1.05123362266e-05	0	0	0.000546641483781	0	0.00356718609288	0	0.000332890647174	0.000115635698492	0.000518608587177	0.000189222052078	0.00541385315668	2.10246724531e-05	0.00125447212304	0.000553649707932	0	0	7.35863535859e-05	0.000105123362266	0.00367581356722	0	3.50411207552e-06	3.50411207552e-06	4.90575690573e-05	7.00822415104e-06	0.000322378310948	8.0594577737e-05	1.05123362266e-05	0.00129301735587	0	1.05123362266e-05	3.15370086797e-05	0	0.00110379530379	0.000890044467182	7.00822415104e-06	0.000700822415104	7.00822415104e-06	0.000423997561138	0	0	0.000248791957362	3.50411207552e-06	0.000353915319628	2.10246724531e-05	7.35863535859e-05	0.000136660370945	7.00822415104e-06
0	0.000497583914724	0	0	0	0	1.40164483021e-05	1.05123362266e-05	0.000322378310948	0	3.50411207552e-05	0.00398767954194	0	0.0175415850501	0.000427501673214	0	3.15370086797e-05	3.50411207552e-06	0.000164693267549	3.50411207552e-06	7.00822415104e-06	0	5.95699052839e-05	7.70904656615e-05	0	0.00767750955747	0.00291892535891	0.00372837524835	3.50411207552e-06	0.000518608587177	0	0.000879532130956	5.95699052839e-05	0	0.000802441665294	0	0.000862011570578	3.50411207552e-06	0	0	0	0	0	0	0.000245287845286	0	0.000826970449823	0	0.00560657932083	7.00822415104e-06	0	9.81151381146e-05	0	3.50411207552e-06	0	0	1.40164483021e-05	0.000441518121516	3.15370086797e-05	0.000301353638495	0.00279628143627	0.000879532130956	0.000648260733971	0	7.00822415104e-06	0	0.000525616811328	0	0	0.00036793176793	0.000455534569818	0.00236527565098	0.00134207492492	6.65781294349e-05	3.50411207552e-06	1.40164483021e-05	0.00141916539059	0	0.00108627474341	3.50411207552e-06	0	0	0	0.00033639475925
0.00871122261974	0.000220759060758	0.00245638256494	0	0.00136660370945	0.000441518121516	0.0104457580971	0.0293574509687	0.0455884981025	0.00106525007096	0.0244902392958	0.00772656712652	0.00365829300684	0.000427501673214	0.0782222938618	0.00215853303852	1.40164483021e-05	0.000763896432463	0.00303105694533	0.00349359973929	0.00378794515364	0.000620227837367	0.00020323850038	0.00262808405664	0.0011458446487	7.00822415104e-06	0.00399468776609	0.00168547790833	0.0157404714432	0.0281134911819	0.00290140479853	2.45287845286e-05	0.00112131586417	0.00050809625095	0.0147137666051	3.50411207552e-06	0.000224263172833	7.35863535859e-05	0	0.000560657932083	0	1.40164483021e-05	2.10246724531e-05	1.75205603776e-05	0.000627236061518	0.000147172707172	7.00822415104e-06	0.000136660370945	3.50411207552e-06	3.15370086797e-05	0	7.00822415104e-06	9.81151381146e-05	3.50411207552e-06	0.000126148034719	0.000385452328307	5.60657932083e-05	3.15370086797e-05	0.000388956440383	0.00172402314116	3.50411207552e-05	0.000164693267549	0.000511600363026	0.000697318303029	9.46110260391e-05	4.90575690573e-05	0	0	4.20493449062e-05	0.000883036243031	0.00846243066238	0.000963630820768	0.0155197123825	0.00433458663742	0.0015172805287	0.00142967772681	0.000301353638495	0.000515104475102	0.000259304293589	0.000665781294349	0.000399468776609	3.50411207552e-05	1.75205603776e-05	0.000126148034719
0	3.50411207552e-06	0	0	1.75205603776e-05	0.000991663717372	0.004408172991	0.000241783733211	0.00319575021287	0.00125447212304	0.000308361862646	0	0.00240031677173	0	0.00215853303852	0.0111045311673	0	7.00822415104e-06	0	1.05123362266e-05	1.05123362266e-05	0	3.50411207552e-06	7.00822415104e-06	0.000953118484542	0	1.75205603776e-05	7.00822415104e-06	0.00030485775057	0.000161189155474	0	0	0.000255800181513	0	0.00023477550906	0	3.50411207552e-06	3.50411207552e-06	0	0	0	1.75205603776e-05	1.05123362266e-05	0	0.000164693267549	0	0	1.75205603776e-05	0	2.10246724531e-05	0	0	0	0	7.00822415104e-06	1.75205603776e-05	3.50411207552e-06	3.50411207552e-06	7.00822415104e-06	5.25616811328e-05	3.50411207552e-06	3.50411207552e-06	4.90575690573e-05	5.95699052839e-05	4.20493449062e-05	0	0	0	3.15370086797e-05	0.000189222052078	0.000816458113596	1.75205603776e-05	0.000182213827927	1.05123362266e-05	0.00281029788457	0.000231271396984	7.00822415104e-06	0.000147172707172	7.00822415104e-05	0.000126148034719	5.25616811328e-05	2.10246724531e-05	0	0
0	0.00329386535099	7.00822415104e-06	0	0	0	0	3.50411207552e-06	1.40164483021e-05	0.000700822415104	0	3.50411207552e-05	0	3.15370086797e-05	1.40164483021e-05	0	0.0202397513482	7.00822415104e-06	7.00822415104e-06	4.20493449062e-05	0	0.00150676819247	0.01438438007	0.0077581041352	0.00281029788457	7.00822415104e-06	0.00145070239927	0.00740769292765	0.00227767284909	7.00822415104e-06	3.50411207552e-06	1.75205603776e-05	0	0	3.85452328307e-05	0	0.000378444104156	3.50411207552e-06	0	0	0	0	0	0	0.000847995122276	0	0	0	0	0	0	0.000921581475862	0	0	3.50411207552e-06	0	0.000995167829448	0.00365128478269	0.00179410538267	0.00108977885549	3.50411207552e-06	1.05123362266e-05	0.000357419431703	0.00205691378833	3.50411207552e-06	1.40164483021e-05	0	0	3.50411207552e-06	7.00822415104e-06	0.000679797742651	0.00043801400944	2.45287845286e-05	7.00822415104e-06	0	3.50411207552e-06	0	4.20493449062e-05	2.10246724531e-05	3.50411207552e-06	0	0	0	0
0.00077440876869	0.00207793846078	0.00203588911588	0	0	0	0	0.000185717940003	0.000105123362266	3.85452328307e-05	8.7602801888e-05	0.000360923543779	0	3.50411207552e-06	0.000763896432463	7.00822415104e-06	7.00822415104e-06	0.0286601326657	2.45287845286e-05	0.00346206273061	1.40164483021e-05	0.000970639044919	0.000150676819247	0.00446073467214	3.50411207552e-06	7.00822415104e-06	0.0125622417907	0.00192025341739	0.000241783733211	0.0013736119336	0.00211297958154	0	0	0	0.0067138787367	3.50411207552e-06	0.0018606835121	0.000231271396984	0	0	0	0	0	3.50411207552e-06	7.70904656615e-05	0	7.00822415104e-06	0	3.50411207552e-06	0	0	0.000154180931323	0.000634244285669	3.50411207552e-06	0.00121943100228	0	5.25616811328e-05	0.000206742612456	0.000178709715852	4.20493449062e-05	1.05123362266e-05	0.00173103136531	0.00180461771889	6.65781294349e-05	7.00822415104e-06	3.50411207552e-06	0	0	1.40164483021e-05	4.20493449062e-05	0.00140865305436	0.00216904537475	0.00423296738723	0.000399468776609	3.50411207552e-05	3.50411207552e-05	0	0.000851499234352	0.000739367647935	3.85452328307e-05	2.10246724531e-05	0	0	0
3.50411207552e-06	3.50411207552e-06	0	0	1.05123362266e-05	0	7.70904656615e-05	7.70904656615e-05	0.0012019104419	0	0.000536129147555	0.00610416323556	3.15370086797e-05	0.000164693267549	0.00303105694533	0	7.00822415104e-06	2.45287845286e-05	0.00969587811297	0.0027191909706	0.000105123362266	3.50411207552e-06	3.50411207552e-06	4.55534569818e-05	0	3.50411207552e-06	0.00480764176761	0.000129652146794	6.30740173594e-05	0.0030345610574	3.50411207552e-06	0.000245287845286	1.75205603776e-05	0	0.00361273954986	0	7.00822415104e-06	0	0	0	0	0	0	0	0	0	3.50411207552e-06	0	3.50411207552e-06	0	0	0	0	0	0	0	0	0	7.00822415104e-06	0	1.05123362266e-05	0.000108627474341	3.50411207552e-05	0	0	0	0	0	0	7.00822415104e-06	0.000346907095477	0.00122994333851	0.0037213670242	5.25616811328e-05	0	0	3.50411207552e-05	0	0	3.50411207552e-06	0	0	0	0
0.000126148034719	0.00013315625887	4.55534569818e-05	0	2.45287845286e-05	3.50411207552e-06	0.000175205603776	0.00040647700076	0.000967134932844	1.75205603776e-05	0.000911069139635	0.00616373314084	3.85452328307e-05	3.50411207552e-06	0.00349359973929	1.05123362266e-05	4.20493449062e-05	0.00346206273061	0.0027191909706	0.0191780053893	0.000112131586417	0.000136660370945	4.90575690573e-05	0.00053963325963	2.45287845286e-05	0	0.0127549679549	0.000869019794729	0.000532625035479	0.00350411207552	0.000280328966042	0	3.50411207552e-06	3.50411207552e-06	0.00925435999145	0	0.000360923543779	1.75205603776e-05	0	0	0	1.05123362266e-05	3.50411207552e-06	0	9.11069139635e-05	0	3.50411207552e-06	1.05123362266e-05	0	1.05123362266e-05	0	1.75205603776e-05	7.00822415104e-06	3.50411207552e-06	1.40164483021e-05	1.05123362266e-05	1.40164483021e-05	4.90575690573e-05	5.95699052839e-05	5.25616811328e-05	7.00822415104e-06	0.000718342975482	0.000476559242271	7.70904656615e-05	1.05123362266e-05	3.50411207552e-06	0	0	7.00822415104e-06	6.30740173594e-05	0.00244937434079	0.00310814741099	0.00797886319596	0.000497583914724	1.05123362266e-05	0	0	0.000129652146794	9.81151381146e-05	0.000115635698492	2.45287845286e-05	0	0	0
1.75205603776e-05	3.50411207552e-06	3.50411207552e-06	0	0.005753752028	7.00822415104e-06	0.00145070239927	0.00103721717435	0.00191674930531	0.00010161925019	0.00568366978649	0.000259304293589	0.0069276295733	7.00822415104e-06	0.00378794515364	1.05123362266e-05	0	1.40164483021e-05	0.000105123362266	0.000112131586417	0.0149835832349	1.05123362266e-05	3.50411207552e-06	2.10246724531e-05	0.00168197379625	0	6.65781294349e-05	2.45287845286e-05	0.00308361862646	0.00226365640079	1.05123362266e-05	0	7.00822415104e-06	0	0.00108277063134	0	3.50411207552e-06	0	0	0.000900556803409	0	0.000115635698492	0	0.000322378310948	0.000129652146794	1.40164483021e-05	7.00822415104e-06	0.000129652146794	0	0.000129652146794	1.40164483021e-05	0	0	3.50411207552e-06	2.80328966042e-05	0.000700822415104	0	0	0	0.000840986898125	0	2.80328966042e-05	1.05123362266e-05	0.000115635698492	5.60657932083e-05	0	0	3.50411207552e-06	0	0.000175205603776	0.00107576240718	1.05123362266e-05	0.000697318303029	4.55534569818e-05	7.00822415104e-06	0	3.50411207552e-06	2.80328966042e-05	7.00822415104e-06	8.40986898125e-05	3.50411207552e-06	1.05123362266e-05	0	0
0.000161189155474	0.000273320741891	0.00304156928155	0	3.50411207552e-06	3.50411207552e-06	5.25616811328e-05	0.00305908984193	0.000452030457742	3.50411207552e-05	0.000126148034719	2.10246724531e-05	3.50411207552e-06	0	0.000620227837367	0	0.00150676819247	0.000970639044919	3.50411207552e-06	0.000136660370945	1.05123362266e-05	0.0346661807631	0.00219707827135	0.0153480108908	0.000154180931323	0	0.000739367647935	0.000960126708693	0.00645807855518	0.00036793176793	0.0125867705753	0	3.50411207552e-06	2.10246724531e-05	0.00564162044159	0	0.000143668595096	0.000105123362266	0	0	0	0	0	3.50411207552e-06	2.45287845286e-05	0	0	0	0	0	0	0.000105123362266	3.50411207552e-05	0	5.60657932083e-05	0	0.00121943100228	0.00177308071021	0.000942606148315	0.000157685043398	3.50411207552e-06	3.85452328307e-05	0.00033639475925	0.0017029984687	0	0.000161189155474	0	0	0	7.00822415104e-05	0.00205340967626	0.00122994333851	0.00432057018912	0.00227416873701	0.000574674380385	1.40164483021e-05	0	0.000154180931323	1.75205603776e-05	0.000311865974721	0.000452030457742	0	0	0
7.70904656615e-05	0.00963630820768	0.000988159605297	0	3.50411207552e-06	0	3.50411207552e-06	9.46110260391e-05	0.000143668595096	0.00521762288045	1.05123362266e-05	3.50411207552e-06	0	5.95699052839e-05	0.00020323850038	3.50411207552e-06	0.01438438007	0.000150676819247	3.50411207552e-06	4.90575690573e-05	3.50411207552e-06	0.00219707827135	0.041712950147	0.0129231653345	0.0069276295733	0.000252296069437	0.00197982332267	0.0198753236924	0.00511249951818	0.000105123362266	9.46110260391e-05	0	0	0	1.75205603776e-05	0	0.00162590800304	0.00131404202832	0	3.50411207552e-06	0	0	0	0	0.0022181029438	0	0	0	1.40164483021e-05	0	0	0.00309062685061	0	0	7.00822415104e-06	3.50411207552e-06	0.00264910872909	0.0169528942214	0.0104913115541	0.00257902648758	1.05123362266e-05	2.10246724531e-05	0.00604809744235	0.00520711054422	3.50411207552e-06	4.55534569818e-05	3.50411207552e-06	0	3.50411207552e-06	3.50411207552e-05	0.00113182820039	0.000981151381146	5.60657932083e-05	0.000185717940003	0.00010161925019	8.0594577737e-05	0	0.000385452328307	8.7602801888e-05	2.80328966042e-05	1.75205603776e-05	0	0	0
0.000378444104156	0.00167846968417	0.0185998268969	0	4.90575690573e-05	0	3.15370086797e-05	0.00483217055214	0.0020043521072	9.11069139635e-05	0.000227767284909	0.000210246724531	1.05123362266e-05	7.70904656615e-05	0.00262808405664	7.00822415104e-06	0.0077581041352	0.00446073467214	4.55534569818e-05	0.00053963325963	2.10246724531e-05	0.0153480108908	0.0129231653345	0.0753103767271	0.000350411207552	3.50411207552e-06	0.00517557353554	0.0188801558629	0.00797535908388	0.000760392320388	0.00684703499557	3.85452328307e-05	0	8.7602801888e-05	0.00597451108876	1.75205603776e-05	0.000522112699253	0.00151027230455	0	2.80328966042e-05	0	0	1.75205603776e-05	1.75205603776e-05	0.000108627474341	1.05123362266e-05	0	0	0	7.00822415104e-06	0	0.00149975996832	0.000227767284909	0	9.11069139635e-05	2.45287845286e-05	0.00202187266758	0.00792279740275	0.0127199268341	0.000339898871326	2.10246724531e-05	0.00013315625887	0.00446073467214	0.00111430764002	3.50411207552e-06	0.000196230276229	0	0	7.00822415104e-06	0.000269816629815	0.00872173495597	0.00361974777401	0.00435911542195	0.00442218943931	0.00124045567473	0.000171701491701	3.50411207552e-06	0.00123695156266	0.000557153820008	0.000557153820008	0.000683301854727	2.10246724531e-05	0	0
0.000178709715852	0.00285234722947	2.10246724531e-05	0	0.00336745170458	1.05123362266e-05	0.000301353638495	0.00609715501141	0.000560657932083	0.0121697812383	0.000395964664534	3.50411207552e-06	0.00163642033927	0	0.0011458446487	0.000953118484542	0.00281029788457	3.50411207552e-06	0	2.45287845286e-05	0.00168197379625	0.000154180931323	0.0069276295733	0.000350411207552	0.0339443336756	5.25616811328e-05	0.000364427655854	0.00227066462494	0.0154706548134	0.00182213827927	0.000217254948682	0	7.00822415104e-06	0.000445022233591	0.00020323850038	0	0.000161189155474	0	0	0.000557153820008	0	1.05123362266e-05	6.65781294349e-05	0	0.00471653485365	0	0	0.000105123362266	3.50411207552e-06	1.05123362266e-05	5.60657932083e-05	0.000434509897365	0	0	0	2.80328966042e-05	4.90575690573e-05	0.00144719828719	1.05123362266e-05	0.00411382757666	0	1.05123362266e-05	0.000178709715852	0.00200785621927	0.000136660370945	3.85452328307e-05	0	0	0.000122643922643	0.000248791957362	0.000949614372466	4.55534569818e-05	0.000462542793969	0.000210246724531	0.00190273285701	1.05123362266e-05	0	5.60657932083e-05	3.85452328307e-05	0.000147172707172	3.50411207552e-05	7.70904656615e-05	0	0
0	0.00186769173625	0	0	0	0	3.50411207552e-06	3.50411207552e-06	3.50411207552e-06	8.40986898125e-05	3.50411207552e-06	0.000353915319628	0	0.00767750955747	7.00822415104e-06	0	7.00822415104e-06	7.00822415104e-06	3.50411207552e-06	0	0	0	0.000252296069437	3.50411207552e-06	5.25616811328e-05	0.0140830264315	0.00255800181513	0.00576776847631	0	7.00822415104e-06	0	1.05123362266e-05	0	0	1.05123362266e-05	0	0.0010302089502	7.00822415104e-06	0	0	0	3.50411207552e-06	0	0	0.000192726164154	0	0.00107576240718	3.50411207552e-06	0.00571520679517	7.00822415104e-06	0	0.000105123362266	0	3.50411207552e-06	0	3.50411207552e-06	3.15370086797e-05	0.00046955101812	0.000105123362266	0.000210246724531	0.00421194271478	0.000627236061518	0.00164342856342	3.50411207552e-06	7.00822415104e-06	0	0.000480063354346	0	0	0.000557153820008	0	0.00030485775057	0.000196230276229	7.00822415104e-06	0	0	0.000991663717372	0	0.00109328296756	0	0	0	0	0.000522112699253
0.000791929329068	0.0106314760371	0.00712736396161	0	1.40164483021e-05	7.00822415104e-06	0.000276824853966	0.00136660370945	0.00172402314116	0.000255800181513	0.000735863535859	0.0077160547903	4.90575690573e-05	0.00291892535891	0.00399468776609	1.75205603776e-05	0.00145070239927	0.0125622417907	0.00480764176761	0.0127549679549	6.65781294349e-05	0.000739367647935	0.00197982332267	0.00517557353554	0.000364427655854	0.00255800181513	0.084214325511	0.0257201826343	0.00154180931323	0.00340599693741	0.00126848857134	0.000956622596617	1.40164483021e-05	1.75205603776e-05	0.00672439107292	7.00822415104e-06	0.0109748790205	0.000627236061518	0	0	0	2.10246724531e-05	3.50411207552e-06	7.00822415104e-06	0.00046955101812	0	0.000150676819247	3.15370086797e-05	0.00377042459326	2.10246724531e-05	3.50411207552e-06	0.000546641483781	0.00026631251774	1.40164483021e-05	0.00105473773473	2.80328966042e-05	0.000322378310948	0.000914573251711	0.000511600363026	0.000378444104156	0.0075583697469	0.0118894522722	0.0182844568101	0.000210246724531	4.55534569818e-05	5.60657932083e-05	0.000613219613216	0	3.85452328307e-05	0.000262808405664	0.00614270846839	0.00942956559523	0.00855353757635	0.00158385865814	2.10246724531e-05	3.50411207552e-05	0.000105123362266	0.000795433441143	0.000581682604536	0.00033639475925	8.40986898125e-05	7.00822415104e-06	0	1.40164483021e-05
0.00057117026831	0.0263719474804	0.0095767383024	0	6.30740173594e-05	0	3.85452328307e-05	0.00144719828719	0.00127900090757	0.00141566127851	0.000192726164154	0.000504592138875	1.05123362266e-05	0.00372837524835	0.00168547790833	7.00822415104e-06	0.00740769292765	0.00192025341739	0.000129652146794	0.000869019794729	2.45287845286e-05	0.000960126708693	0.0198753236924	0.0188801558629	0.00227066462494	0.00576776847631	0.0257201826343	0.093121778407	0.000953118484542	0.00033639475925	0.00120541455398	0.000231271396984	0	0	0.000553649707932	1.05123362266e-05	0.0188626353025	0.00156283398568	0	3.15370086797e-05	0	3.15370086797e-05	7.00822415104e-06	1.40164483021e-05	0.000311865974721	1.40164483021e-05	0.00013315625887	4.55534569818e-05	0.00332890647174	1.75205603776e-05	7.00822415104e-06	0.00182564239135	0.000122643922643	0	0.000227767284909	6.65781294349e-05	0.000297849526419	0.00838534019672	0.00623381538235	0.000413485224911	0.00388606029175	0.00281380199664	0.0243710994852	0.000178709715852	4.20493449062e-05	1.75205603776e-05	0.000269816629815	3.50411207552e-06	1.40164483021e-05	0.000213750836607	0.0101934620277	0.00394212608496	0.000630740173594	0.00102670483813	5.25616811328e-05	0.000269816629815	0.000150676819247	0.000946110260391	0.00036793176793	0.00033639475925	0.000392460552458	3.50411207552e-06	3.50411207552e-06	2.45287845286e-05
0.00165744501172	0.000231271396984	0.00596750286461	0	0.0080454413254	0.000206742612456	0.00420143037855	0.0440361764531	0.0114514382628	0.0084028607571	0.0194618384674	0.000262808405664	0.000693814190953	3.50411207552e-06	0.0157404714432	0.00030485775057	0.00227767284909	0.000241783733211	6.30740173594e-05	0.000532625035479	0.00308361862646	0.00645807855518	0.00511249951818	0.00797535908388	0.0154706548134	0	0.00154180931323	0.000953118484542	0.0865550723774	0.00954520129372	0.00922983120692	0	0.000210246724531	0.0013315625887	0.00322378310948	7.00822415104e-06	0.000154180931323	0.000213750836607	0	0.00274371975513	3.50411207552e-06	1.05123362266e-05	0.000122643922643	1.75205603776e-05	0.00987458782882	4.55534569818e-05	0	0.000119139810568	3.50411207552e-06	7.00822415104e-06	0.000112131586417	0.000718342975482	0.000164693267549	0	2.80328966042e-05	0.000431005785289	0.000676293630575	0.00372837524835	0.000995167829448	0.0112411915383	0	7.35863535859e-05	0.000564162044159	0.00729556134123	0.00020323850038	7.70904656615e-05	0	0	0.000259304293589	0.000869019794729	0.00695215835783	0.000665781294349	0.00335693936835	0.00169599024455	0.000960126708693	7.70904656615e-05	7.00822415104e-06	0.00118088576945	0.000466046906044	0.000830474561898	0.000374939992081	0.00013315625887	0	3.50411207552e-06
0.00702924882349	6.65781294349e-05	6.30740173594e-05	0	0.00070432652718	0.000196230276229	0.00271568685853	0.00989210838919	0.0113533231247	0.000935597924164	0.0111220517277	0.00801390431672	0.00153830520115	0.000518608587177	0.0281134911819	0.000161189155474	7.00822415104e-06	0.0013736119336	0.0030345610574	0.00350411207552	0.00226365640079	0.00036793176793	0.000105123362266	0.000760392320388	0.00182213827927	7.00822415104e-06	0.00340599693741	0.00033639475925	0.00954520129372	0.0469691182603	0.00362325188609	2.45287845286e-05	0.000784921104917	0.00270867863438	0.0163396746082	0	9.46110260391e-05	7.00822415104e-06	0	0.000353915319628	0	1.05123362266e-05	5.25616811328e-05	0	0.000837482786049	0.000126148034719	3.50411207552e-06	0.00010161925019	3.50411207552e-06	1.40164483021e-05	0	0	1.05123362266e-05	0	5.60657932083e-05	0.000206742612456	3.50411207552e-06	3.50411207552e-06	2.45287845286e-05	0.00147172707172	3.15370086797e-05	8.0594577737e-05	0.000182213827927	0.000756888208312	0.000105123362266	2.10246724531e-05	0	0	9.81151381146e-05	0.000518608587177	0.00491276512988	0.000420493449062	0.0145000157685	0.00223912761626	0.000297849526419	0.000108627474341	0.000164693267549	0.000199734388305	5.60657932083e-05	0.000224263172833	7.00822415104e-05	2.80328966042e-05	0	8.7602801888e-05
0.00368983001552	0.000108627474341	0.00346907095477	0	0	3.50411207552e-06	2.10246724531e-05	0.00801740842879	0.00130352969209	0.000388956440383	0.000136660370945	1.75205603776e-05	0	0	0.00290140479853	0	3.50411207552e-06	0.00211297958154	3.50411207552e-06	0.000280328966042	1.05123362266e-05	0.0125867705753	9.46110260391e-05	0.00684703499557	0.000217254948682	0	0.00126848857134	0.00120541455398	0.00922983120692	0.00362325188609	0.0383630190028	0	0	4.55534569818e-05	0.00624783183065	3.50411207552e-06	0.000119139810568	0.000147172707172	0	0	0	0	1.40164483021e-05	3.50411207552e-06	0.000455534569818	0	0	0	0	0	0	2.80328966042e-05	9.81151381146e-05	0	1.05123362266e-05	0	0.000245287845286	0.000115635698492	0.000480063354346	0.000473055130195	3.50411207552e-06	3.50411207552e-05	0.000332890647174	0.000245287845286	1.05123362266e-05	0.000115635698492	0	0	1.40164483021e-05	9.81151381146e-05	0.00131053791624	0.000946110260391	0.00457637037063	0.00105123362266	8.0594577737e-05	0	0	0.000357419431703	0.000136660370945	0.000161189155474	0.000136660370945	7.00822415104e-06	0	0
0	0	0	0	0	0	0	0	2.45287845286e-05	0	0	0.000970639044919	0	0.000879532130956	2.45287845286e-05	0	1.75205603776e-05	0	0.000245287845286	0	0	0	0	3.85452328307e-05	0	1.05123362266e-05	0.000956622596617	0.000231271396984	0	2.45287845286e-05	0	0.00122994333851	0	0	2.45287845286e-05	0	0	0	0	0	0	0	0	0	0	0	0	0	1.05123362266e-05	0	0	0	0	0	0	0	0	0	0	0	0	0	0	0	0	0	0	0	0	0	0.000238279621135	0.000381948216232	8.40986898125e-05	3.50411207552e-06	0	0	0	0	0	0	0	0	0	0
7.00822415104e-06	0	0	0	3.50411207552e-06	0.00209195490909	0.00139814071813	0.000297849526419	0.00156984220983	0	0.000332890647174	0.000262808405664	0	5.95699052839e-05	0.00112131586417	0.000255800181513	0	0	1.75205603776e-05	3.50411207552e-06	7.00822415104e-06	3.50411207552e-06	0	0	7.00822415104e-06	0	1.40164483021e-05	0	0.000210246724531	0.000784921104917	0	0	0.00428903318044	7.00822415104e-06	0.000833978673974	0	0	0	0	0	0	0	3.50411207552e-06	0	3.50411207552e-06	0	0	0	0	0	0	0	0	0	0	0	0	0	0	3.50411207552e-06	0	0	0	3.50411207552e-06	0	0	0	0	0	0	1.75205603776e-05	7.00822415104e-06	0.000241783733211	7.00822415104e-06	0.000122643922643	0.00100918427775	0	0	0	0	0	0	0	0
0.000252296069437	0	3.50411207552e-06	0	7.00822415104e-06	7.00822415104e-06	8.40986898125e-05	0.000416989336987	9.81151381146e-05	0.000182213827927	8.7602801888e-05	3.50411207552e-06	0	0	0.00050809625095	0	0	0	0	3.50411207552e-06	0	2.10246724531e-05	0	8.7602801888e-05	0.000445022233591	0	1.75205603776e-05	0	0.0013315625887	0.00270867863438	4.55534569818e-05	0	7.00822415104e-06	0.00324130366986	0.000676293630575	0	0	0	0	3.85452328307e-05	0	0	1.40164483021e-05	0	0.000308361862646	1.75205603776e-05	0	0	0	0	0	0	0	0	0	1.40164483021e-05	0	0	7.00822415104e-06	0.000287337190193	0	0	7.00822415104e-06	0.000154180931323	3.85452328307e-05	7.00822415104e-06	0	0	4.90575690573e-05	5.95699052839e-05	2.80328966042e-05	0	0.000238279621135	9.46110260391e-05	0	1.05123362266e-05	0	5.95699052839e-05	1.40164483021e-05	2.10246724531e-05	1.05123362266e-05	3.50411207552e-06	0	0
0.00132805847662	0.00033639475925	0.000343402983401	0	0.000332890647174	0.000546641483781	0.00152078464078	0.00325882423023	0.00661225948651	0.000238279621135	0.00507045017328	0.0109994078051	0.000816458113596	0.000802441665294	0.0147137666051	0.00023477550906	3.85452328307e-05	0.0067138787367	0.00361273954986	0.00925435999145	0.00108277063134	0.00564162044159	1.75205603776e-05	0.00597451108876	0.00020323850038	1.05123362266e-05	0.00672439107292	0.000553649707932	0.00322378310948	0.0163396746082	0.00624783183065	2.45287845286e-05	0.000833978673974	0.000676293630575	0.0447580235406	0	0.000413485224911	8.7602801888e-05	0	9.46110260391e-05	0	0	1.05123362266e-05	0	0.000196230276229	2.45287845286e-05	3.50411207552e-06	7.00822415104e-06	7.00822415104e-06	0	0	0	1.05123362266e-05	0	4.55534569818e-05	6.30740173594e-05	3.50411207552e-05	2.10246724531e-05	9.46110260391e-05	0.000290841302268	3.15370086797e-05	0.000259304293589	0.000455534569818	0.000147172707172	2.45287845286e-05	0	0	0	3.50411207552e-05	0.000108627474341	0.00564162044159	0.00080594577737	0.0278576910004	0.0026771416257	0.000224263172833	0.000371435880005	0.000105123362266	9.11069139635e-05	1.40164483021e-05	7.70904656615e-05	3.85452328307e-05	3.50411207552e-06	0	9.81151381146e-05
0	0	1.40164483021e-05	0	0	0	0	3.50411207552e-06	3.50411207552e-06	0	0	0	0	0	3.50411207552e-06	0	0	3.50411207552e-06	0	0	0	0	0	1.75205603776e-05	0	0	7.00822415104e-06	1.05123362266e-05	7.00822415104e-06	0	3.50411207552e-06	0	0	0	0	0.0239541101483	0	0.00118438988153	0	0	0	1.05123362266e-05	0.00784570693709	0.00559256287253	3.50411207552e-06	0	5.25616811328e-05	0.000248791957362	7.00822415104e-06	0.0111641010726	0	0	0.00240031677173	1.05123362266e-05	3.15370086797e-05	3.50411207552e-06	0.00090756502756	0	0.00128250501964	0.00215853303852	0	0.000921581475862	0.000427501673214	0.00145771062342	0.00527368867366	0.0102144867001	2.80328966042e-05	0	0.00010161925019	0.000609715501141	3.50411207552e-06	0	0	0	0	0	0	1.75205603776e-05	0	0.000150676819247	1.75205603776e-05	0	0	0
2.10246724531e-05	0.0193181698723	0.000259304293589	0	1.05123362266e-05	0	3.15370086797e-05	0.000115635698492	0.000175205603776	0.000161189155474	6.65781294349e-05	2.10246724531e-05	1.05123362266e-05	0.000862011570578	0.000224263172833	3.50411207552e-06	0.000378444104156	0.0018606835121	7.00822415104e-06	0.000360923543779	3.50411207552e-06	0.000143668595096	0.00162590800304	0.000522112699253	0.000161189155474	0.0010302089502	0.0109748790205	0.0188626353025	0.000154180931323	9.46110260391e-05	0.000119139810568	0	0	0	0.000413485224911	0	0.0425574411572	0.00030485775057	0	3.50411207552e-06	0	3.85452328307e-05	0	3.50411207552e-06	0.00341650927363	7.00822415104e-06	0.00141916539059	5.60657932083e-05	0.00420493449062	2.80328966042e-05	7.00822415104e-06	0.00189572463286	7.35863535859e-05	0	9.46110260391e-05	4.90575690573e-05	0.000998671941523	0.00654568135707	0.000648260733971	0.00374589580873	0.009419053259	0.0018466670638	0.0345610574009	0.000168197379625	6.30740173594e-05	3.50411207552e-06	7.00822415104e-05	3.50411207552e-06	1.05123362266e-05	0.000185717940003	0.00114934876077	0.000683301854727	0.000546641483781	0.000329386535099	3.50411207552e-06	8.40986898125e-05	1.05123362266e-05	0.000826970449823	0.000416989336987	0.000241783733211	0.000227767284909	0	3.50411207552e-06	0
