0.0196528614275	0.00011317978609	0.00386023913272	0	0	0	0.000481014090883	0.00840764125242	0.00759112993848	8.08427043501e-06	0.000816511313936	4.04213521751e-06	0	0	0.0124012708473	0	0.000202106760875	0.00133390462178	0	5.25477578276e-05	0	0.000957986046549	1.21264056525e-05	0.00505266902188	0.000206148896093	0	0.00225955358659	0.000549730389581	0.00234848056137	0.00491119428927	0.00704948381933	0	4.04213521751e-06	0.000246570248268	0.00245357607703	0	0.000202106760875	4.04213521751e-06	0	0	0	0	0	0	4.85056226101e-05	0	1.21264056525e-05	0	0	0	0	0	5.65898930451e-05	1.21264056525e-05	6.87162986976e-05	0	0	0.000291033735661	2.82949465226e-05	8.08427043501e-06	0	0.000173811814353	0.00025869665392	4.04213521751e-06	0	0	0	0	0	4.44634873926e-05	0.000101053380438	3.63792169576e-05	0.00118838775395	8.89269747852e-05	4.04213521751e-06	0	0	0.000262738789138	0.0001616854087	0.000202106760875	0.000137432597395	4.04213521751e-06	0	0
0.00011317978609	0.0303240984017	0.00152792711222	0	0	0	1.21264056525e-05	2.82949465226e-05	8.08427043501e-05	0.000751837150456	3.63792169576e-05	0.000424424197838	2.82949465226e-05	0.00151984284178	7.68005691326e-05	1.616854087e-05	0.00237273337268	0.000865016936547	1.616854087e-05	0.000307202276531	2.4252811305e-05	6.06320282626e-05	0.00888057107286	0.00136624170352	0.00552964097755	0.00326604525575	0.00371472226489	0.0214071481119	0.000323370817401	9.29691100027e-05	0.000202106760875	0.000121264056525	8.08427043501e-06	0	0.000456761279578	1.21264056525e-05	0.0151256699839	0.000638657364366	0	0	0	4.04213521751e-06	1.21264056525e-05	8.08427043501e-06	0.000121264056525	0	1.21264056525e-05	4.04213521751e-06	0.000202106760875	4.04213521751e-05	4.04213521751e-06	0.000497182631753	0.000549730389581	3.63792169576e-05	0.000181896084788	0	3.23370817401e-05	0.00104287088612	0.000371876440011	8.89269747852e-05	0.000355707899141	0.000699289392629	0.0158977178105	1.616854087e-05	4.04213521751e-06	2.02106760875e-05	0.00019402249044	0	0	0.000141474732613	0.00105903942699	0.000206148896093	0.000885227612634	3.23370817401e-05	8.08427043501e-06	0	3.63792169576e-05	0.000327412952618	2.82949465226e-05	0.000347623628706	0.000295075870878	4.04213521751e-06	0	0
0.00386023913272	0.00152792711222	0.0243174854685	0	0	0	4.04213521751e-05	0.0021019103131	0.003047769954	3.63792169576e-05	9.29691100027e-05	0	0	0	0.00322966603879	1.21264056525e-05	1.21264056525e-05	0.00313669692879	0	8.08427043501e-06	0	0.000852890530894	8.48848395677e-05	0.0157077374552	5.25477578276e-05	0	0.0111077875777	0.00905438288722	0.00154005351787	0.000590151741756	0.000860974801329	0	0	1.21264056525e-05	0.000206148896093	8.08427043501e-06	0.00276482048877	0.000464845550013	0	4.04213521751e-06	0	0	2.02106760875e-05	1.21264056525e-05	5.65898930451e-05	8.08427043501e-06	4.04213521751e-06	0	0	4.44634873926e-05	0	4.44634873926e-05	0.000468887685231	8.08427043501e-06	0.000121264056525	0	3.23370817401e-05	0.000521435443058	0.000436550603491	1.616854087e-05	0	0.000121264056525	0.0016855703857	2.82949465226e-05	0	2.4252811305e-05	0	0	0	0.000238485977833	0.000626530958714	3.63792169576e-05	0.000375918575228	8.08427043501e-06	4.04213521751e-06	0	0	0.00122880910612	0.00012934832696	0.000428466333056	0.00025869665392	0	0	0
0	0	0	0	0	0	0	0	0	0	0	0	0	0	0	0	0	0	0	0	0	0	0	0	0	0	0	0	0	0	0	0	0	0	0	0	0	0	0	0	0	0	0	0	0	0	0	0	0	0	0	0	0	0	0	0	0	0	0	0	0	0	0	0	0	0	0	0	0	0	0	0	0	0	0	0	0	0	0	0	0	0	0	0
0	0	0	0	0.0148386783835	0.000363792169576	0.000497182631753	0.00019402249044	4.04213521751e-05	0.00138241024439	0.00251825024051	0.000149559003048	0.00308010703574	0	0.000137432597395	0.00110350291438	0	4.04213521751e-06	0	8.08427043501e-05	0.0048020566384	0	0	0	0.00255058732225	0	3.63792169576e-05	0	0.00606320282626	0.000363792169576	0	0	4.44634873926e-05	0	0.000286991600443	4.85056226101e-05	0	0	0	0.00469696112274	4.04213521751e-06	2.82949465226e-05	0	3.63792169576e-05	0.001523884977	0.000565898930451	6.06320282626e-05	0.00427657906012	0	2.82949465226e-05	4.04213521751e-06	0	0	6.87162986976e-05	2.4252811305e-05	0.00541646119146	2.02106760875e-05	0	1.21264056525e-05	0.00333880368966	0	5.25477578276e-05	0	0.000282949465226	4.85056226101e-05	4.04213521751e-06	0	0	3.63792169576e-05	0.000202106760875	2.02106760875e-05	0	0.000202106760875	4.44634873926e-05	0.000598236012191	0.000198064625658	0	6.87162986976e-05	1.616854087e-05	0.000214233166528	0.000165727543918	8.08427043501e-06	8.08427043501e-05	0
0	0	0	0	0.000363792169576	0.0050567111571	0.00157643273483	0	0.000282949465226	0.001523884977	7.27584339151e-05	0	0.00101457593959	0	4.04213521751e-06	0.0037874806988	0	0	0	0	0.000165727543918	0	4.04213521751e-06	0	0.00208574177223	0	0	8.08427043501e-06	0.00101053380438	8.08427043501e-06	0	0	0.000703331527846	0	8.08427043501e-06	0	0	0	0	6.06320282626e-05	0	0	0	0	6.87162986976e-05	0	0	8.08427043501e-06	0	0	0	0	0	0	0	6.46741634801e-05	0	0	4.04213521751e-06	6.87162986976e-05	0	0	8.08427043501e-05	0	0	0	0	0	0	0	2.02106760875e-05	0	1.616854087e-05	0	0.00328625593183	0.00242123899529	0	1.21264056525e-05	0	9.29691100027e-05	7.68005691326e-05	0	0	0
0.000481014090883	1.21264056525e-05	4.04213521751e-05	0	0.000497182631753	0.00157643273483	0.0499688755588	0.0100447060155	0.0185331899723	0.000355707899141	0.0270257160643	0.00154005351787	0.0117626134829	4.85056226101e-05	0.00836721990024	0.00213020525963	8.08427043501e-06	0.000198064625658	0.000250612383485	0.000541646119146	0.00400171386533	2.4252811305e-05	0	0.0001616854087	0.000747795015239	4.04213521751e-06	0.000561856795234	2.4252811305e-05	0.0036257952901	0.00875526488112	0.000327412952618	1.21264056525e-05	0.00432508468273	0.000513351172623	0.00380364923967	0	4.04213521751e-06	2.82949465226e-05	0	0.000234443842615	0	9.29691100027e-05	8.08427043501e-06	0	0.000286991600443	0.000109137650873	3.23370817401e-05	2.02106760875e-05	4.04213521751e-06	8.08427043501e-06	0	0	1.21264056525e-05	1.616854087e-05	1.616854087e-05	0.00017785394957	4.04213521751e-06	1.21264056525e-05	2.02106760875e-05	0.000262738789138	4.04213521751e-06	3.63792169576e-05	4.44634873926e-05	2.02106760875e-05	5.25477578276e-05	4.04213521751e-06	4.04213521751e-06	0	0	0.000109137650873	0.0015926012757	0.000238485977833	0.00289012668052	0.000622488823496	0.0019402249044	0.000978196722637	1.616854087e-05	0.000246570248268	1.21264056525e-05	0.000157643273483	5.65898930451e-05	1.616854087e-05	3.23370817401e-05	0
0.00840764125242	2.82949465226e-05	0.0021019103131	0	0.00019402249044	0	0.0100447060155	0.0628754133083	0.0134441417334	0.000565898930451	0.0210999458354	0.000751837150456	0.000327412952618	4.04213521751e-06	0.01626150998	8.08427043501e-06	4.85056226101e-05	0.00112775572568	0.000363792169576	0.00110350291438	0.000291033735661	0.00202915187919	1.21264056525e-05	0.00697672538542	0.00122880910612	4.04213521751e-06	0.00109946077916	0.000311244411748	0.0241921792768	0.0108571751942	0.00979409363202	4.04213521751e-06	0.000222317436963	0.00255867159268	0.00728796979717	8.08427043501e-06	0.000101053380438	1.616854087e-05	0	0.00188363501136	0	1.21264056525e-05	4.04213521751e-06	0	0.00127327259351	0.000594193876974	8.08427043501e-05	0.000327412952618	1.21264056525e-05	4.04213521751e-06	4.04213521751e-06	0	0.00011317978609	5.25477578276e-05	4.44634873926e-05	0.000776089961761	3.63792169576e-05	0.000424424197838	0.000153601138265	0.00194830917484	3.23370817401e-05	0.000117221921308	8.08427043501e-05	0.000307202276531	9.70112452202e-05	2.02106760875e-05	0	4.04213521751e-06	1.21264056525e-05	0.000202106760875	0.000820553449154	0.000218275301745	0.00585705393017	0.00139857878526	0.000117221921308	0	1.616854087e-05	0.000472929820448	0.000109137650873	0.000481014090883	0.000262738789138	3.63792169576e-05	0.000173811814353	0
0.00759112993848	8.08427043501e-05	0.003047769954	0	4.04213521751e-05	0.000282949465226	0.0185331899723	0.0134441417334	0.0505751958415	0.00014551686783	0.019810504701	0.000929691100027	0.00220700582876	6.06320282626e-05	0.0254856625464	0.000173811814353	2.4252811305e-05	0.00111158718481	0.00021019103131	0.000339539358271	0.000541646119146	0.000396129251316	8.08427043501e-06	0.00324583457966	0.000347623628706	1.616854087e-05	0.00225955358659	0.000460803414796	0.00470100325796	0.00717074787586	0.00200085693267	0	0.00208978390745	0.000662910175671	0.00361771101967	0	0.000137432597395	0	0	2.82949465226e-05	0	1.616854087e-05	0	6.87162986976e-05	0.000206148896093	4.04213521751e-06	2.02106760875e-05	1.21264056525e-05	0	0	0	0	1.21264056525e-05	1.616854087e-05	2.82949465226e-05	1.616854087e-05	0	4.85056226101e-05	4.04213521751e-06	3.23370817401e-05	8.08427043501e-06	8.89269747852e-05	0.00014551686783	0	0.00012934832696	0	0	0.000133390462178	0	0.000299118006096	0.000634615229149	0.000198064625658	0.00315286546966	0.00128944113438	0.000359750034358	0.000133390462178	7.27584339151e-05	8.08427043501e-05	8.08427043501e-06	0.000379960710446	0.000173811814353	1.21264056525e-05	0.000250612383485	4.44634873926e-05
8.08427043501e-06	0.000751837150456	3.63792169576e-05	0	0.00138241024439	0.001523884977	0.000355707899141	0.000565898930451	0.00014551686783	0.0281251768434	0.000836721990024	1.21264056525e-05	0.00154005351787	3.63792169576e-05	0.000141474732613	0.0024939974292	0.00112371359047	8.08427043501e-06	8.08427043501e-06	0.000173811814353	0.000444634873926	1.21264056525e-05	0.00472929820448	0.000121264056525	0.01523884977	4.44634873926e-05	0.000343581493488	4.04213521751e-05	0.0109097229521	0.000238485977833	0.000537603983928	4.04213521751e-06	0.00014551686783	0	0.000165727543918	0.00116413494264	6.87162986976e-05	0.0001616854087	0	0.00377535429315	2.02106760875e-05	4.04213521751e-06	0.000173811814353	1.616854087e-05	0.0162898049266	0.000165727543918	0.000578025336104	0.000860974801329	1.21264056525e-05	0.000489098361318	2.4252811305e-05	0.000331455087836	0.000703331527846	0.000691205122194	0.000278907330008	0.00219083728789	0.00187959287614	0.00472121393405	0.00276077835356	0.00716266360542	2.4252811305e-05	0.000185938220005	0.000481014090883	0.00303968568357	0.000881185477417	0.00137028383873	4.04213521751e-06	0	0.000602278147409	0.00127327259351	0.00234039629094	0.000941817505679	0.00017785394957	0.000133390462178	0.00282141038182	0.000901396153504	0	0.00250208169964	0.000157643273483	0.00188767714658	0.000945859640897	8.08427043501e-05	0.000101053380438	0
0.000816511313936	3.63792169576e-05	9.29691100027e-05	0	0.00251825024051	7.27584339151e-05	0.0270257160643	0.0210999458354	0.019810504701	0.000836721990024	0.0662546383502	0.0052871128645	0.0131773608091	2.02106760875e-05	0.0136987962521	0.000165727543918	8.08427043501e-06	0.00119242988916	0.00224742718093	0.00374705934663	0.0050567111571	4.44634873926e-05	4.04213521751e-06	0.000359750034358	0.000533561848711	0.000198064625658	0.00184321365918	0.000137432597395	0.0129590855073	0.0130884338343	0.000505266902188	2.02106760875e-05	0.000464845550013	0.000695247257411	0.0112088409581	0	8.08427043501e-06	4.04213521751e-06	0	0.00492736283014	0	6.87162986976e-05	0	0	0.00214233166528	0.00108733437351	3.23370817401e-05	0.00227167999224	4.04213521751e-05	0	0	0	4.04213521751e-06	2.02106760875e-05	2.02106760875e-05	0.004571654931	0	8.08427043501e-06	0	0.00572366346799	0.00025869665392	0.00012934832696	0.000214233166528	0.000105095515655	0.000101053380438	0	2.82949465226e-05	8.08427043501e-06	0	0.000105095515655	0.0011317978609	0.000299118006096	0.00952327057245	0.00128135686395	0.000109137650873	4.04213521751e-06	2.4252811305e-05	0.000173811814353	2.02106760875e-05	0.000153601138265	6.87162986976e-05	2.02106760875e-05	5.65898930451e-05	0
4.04213521751e-06	0.000424424197838	0	0	0.000149559003048	0	0.00154005351787	0.000751837150456	0.000929691100027	1.21264056525e-05	0.0052871128645	0.0354818629393	0.00299522219617	0.00841168338763	0.00219892155832	4.04213521751e-06	4.04213521751e-05	0.00143495800222	0.00665335456802	0.00497991058797	0.00313265479357	0	0.000278907330008	2.4252811305e-05	0.000238485977833	0.00337518290662	0.00854507384981	0.000594193876974	0.000181896084788	0.00889269747852	4.04213521751e-06	0.0031164862527	0.000206148896093	2.02106760875e-05	0.0120091837312	8.08427043501e-06	0.000117221921308	0	0	4.85056226101e-05	0	8.08427043501e-06	0	0	2.82949465226e-05	3.23370817401e-05	0.00131773608091	0	0.00481822517927	4.04213521751e-06	0	0	0	0	0	3.23370817401e-05	4.04213521751e-06	1.616854087e-05	4.04213521751e-06	7.27584339151e-05	0.00200085693267	0.00154005351787	0.0013621995683	4.04213521751e-06	6.06320282626e-05	0	0.000929691100027	0	0	0.00133390462178	0.00137028383873	0.00300734860183	0.0109420600338	0.000141474732613	4.04213521751e-06	0	0.000654825905236	4.04213521751e-05	0.00111967145525	4.04213521751e-05	8.08427043501e-06	1.21264056525e-05	8.08427043501e-06	0.000711415798281
0	2.82949465226e-05	0	0	0.00308010703574	0.00101457593959	0.0117626134829	0.000327412952618	0.00220700582876	0.00154005351787	0.0131773608091	0.00299522219617	0.0352150820149	2.02106760875e-05	0.00210999458354	0.00371876440011	4.04213521751e-06	0.00024252811305	0.000852890530894	0.0018230029831	0.0143576642926	4.04213521751e-06	4.44634873926e-05	0	0.00188767714658	3.63792169576e-05	0.00105903942699	5.65898930451e-05	0.00196447771571	0.00573174773843	0	8.08427043501e-06	0.000262738789138	0	0.00487885720753	8.08427043501e-06	0	1.21264056525e-05	0	0.000299118006096	0	6.87162986976e-05	4.04213521751e-06	0	0.000238485977833	8.08427043501e-05	0	6.46741634801e-05	8.08427043501e-06	8.08427043501e-06	0	0	8.08427043501e-06	0	4.04213521751e-06	0.00022635957218	0	1.21264056525e-05	4.04213521751e-06	0.000311244411748	4.04213521751e-05	2.4252811305e-05	5.25477578276e-05	1.616854087e-05	5.25477578276e-05	8.08427043501e-06	8.08427043501e-06	0	0	5.25477578276e-05	0.000634615229149	0.00012934832696	0.00365813237184	0.000198064625658	0.000945859640897	4.85056226101e-05	8.08427043501e-06	0.000165727543918	4.04213521751e-06	5.25477578276e-05	4.04213521751e-06	1.21264056525e-05	1.616854087e-05	0
0	0.00151984284178	0	0	0	0	4.85056226101e-05	4.04213521751e-06	6.06320282626e-05	3.63792169576e-05	2.02106760875e-05	0.00841168338763	2.02106760875e-05	0.021184830675	8.48848395677e-05	0	0.000367834304793	8.08427043501e-06	9.70112452202e-05	0.000137432597395	8.08427043501e-06	1.21264056525e-05	0.00135007316265	6.06320282626e-05	0.00107116583264	0.00882802331504	0.00461207628318	0.00384811272707	2.02106760875e-05	0.000153601138265	0	0.00278098902965	8.08427043501e-06	0	0.000375918575228	0	0.000485056226101	4.04213521751e-06	0	0	4.04213521751e-06	0	0	4.04213521751e-06	6.06320282626e-05	0	0.00108733437351	0	0.00546496681407	0	8.08427043501e-06	8.08427043501e-06	4.04213521751e-06	1.21264056525e-05	1.616854087e-05	0	8.08427043501e-06	0.000109137650873	1.616854087e-05	2.82949465226e-05	0.0031164862527	0.00284970532834	0.00238485977833	4.04213521751e-06	4.04213521751e-06	0	0.000610362417844	4.04213521751e-06	0	0.00126114618786	9.70112452202e-05	0.00125710405264	0.000949901776114	0.000254654518703	1.616854087e-05	0	0.000476971955666	3.63792169576e-05	0.000460803414796	6.46741634801e-05	4.04213521751e-06	0	8.08427043501e-06	0.000695247257411
0.0124012708473	7.68005691326e-05	0.00322966603879	0	0.000137432597395	4.04213521751e-06	0.00836721990024	0.01626150998	0.0254856625464	0.000141474732613	0.0136987962521	0.00219892155832	0.00210999458354	8.48848395677e-05	0.0454174313039	1.616854087e-05	7.68005691326e-05	0.00109541864394	0.000303160141313	0.000319328682183	0.000994365263507	0.000816511313936	8.08427043501e-06	0.00463228695926	0.000169769679135	1.616854087e-05	0.00227572212746	0.000497182631753	0.00418360995012	0.0142242738304	0.00449485436187	0	0.00271227273095	0.000553772524798	0.00606724496148	0	0.000153601138265	4.04213521751e-06	0	5.25477578276e-05	0	3.23370817401e-05	0	8.89269747852e-05	0.000218275301745	2.02106760875e-05	2.82949465226e-05	8.08427043501e-06	0	0	0	0	5.25477578276e-05	2.4252811305e-05	5.65898930451e-05	3.23370817401e-05	0	0.000206148896093	3.63792169576e-05	5.65898930451e-05	8.08427043501e-06	0.000141474732613	0.000181896084788	4.04213521751e-06	0.000202106760875	0	0	0.000189980355223	0	0.000412297792186	0.000788216367414	0.000250612383485	0.00387236553837	0.0013621995683	0.000266780924355	4.04213521751e-06	0.000101053380438	0.000254654518703	0.000101053380438	0.000485056226101	0.000173811814353	1.21264056525e-05	0.000331455087836	6.87162986976e-05
0	1.616854087e-05	1.21264056525e-05	0	0.00110350291438	0.0037874806988	0.00213020525963	8.08427043501e-06	0.000173811814353	0.0024939974292	0.000165727543918	4.04213521751e-06	0.00371876440011	0	1.616854087e-05	0.00980622003767	0.000246570248268	4.04213521751e-06	0	4.04213521751e-06	0.00101053380438	0.00019402249044	5.65898930451e-05	2.02106760875e-05	0.00364600596619	0	0	8.08427043501e-06	0.00269206205486	4.44634873926e-05	0	0	0.000311244411748	0	5.65898930451e-05	1.616854087e-05	8.08427043501e-06	4.04213521751e-06	0	0.00014551686783	0	0	0	4.04213521751e-06	0.000347623628706	0	0	2.82949465226e-05	0	2.02106760875e-05	0	0	8.08427043501e-06	0	4.04213521751e-06	0.00014551686783	0	0.000222317436963	8.08427043501e-06	0.0001616854087	0	4.04213521751e-06	2.4252811305e-05	1.21264056525e-05	1.21264056525e-05	4.04213521751e-06	0	0	0	0	0.00147133721917	0	4.85056226101e-05	1.616854087e-05	0.00437763244056	0.00200489906788	0	0.000173811814353	8.08427043501e-06	8.08427043501e-06	8.08427043501e-06	0	4.04213521751e-06	0
0.000202106760875	0.00237273337268	1.21264056525e-05	0	0	0	8.08427043501e-06	4.85056226101e-05	2.4252811305e-05	0.00112371359047	8.08427043501e-06	4.04213521751e-05	4.04213521751e-06	0.000367834304793	7.68005691326e-05	0.000246570248268	0.021019103131	2.02106760875e-05	0	2.4252811305e-05	4.04213521751e-06	0.00403000881185	0.00960007114158	0.00363387956054	0.00787003726849	0.000549730389581	0.000565898930451	0.0040865987049	0.00504458475145	0.000432508468273	0.00118838775395	4.04213521751e-05	0	4.04213521751e-06	0.000472929820448	0	0.000319328682183	8.08427043501e-05	0	0	0	0	0	0	0.000388044980881	0	1.21264056525e-05	0	9.29691100027e-05	0	0	0.000359750034358	0.000468887685231	2.02106760875e-05	8.08427043501e-05	0	0.000687162986976	0.00398150318924	0.00141474732613	4.04213521751e-05	0.000117221921308	0.000117221921308	0.00218679515267	0.000121264056525	0	4.85056226101e-05	3.63792169576e-05	0	0	3.63792169576e-05	0.00284970532834	0.000347623628706	7.68005691326e-05	0.000137432597395	1.616854087e-05	0	0	0.000545688254363	0.00011317978609	6.46741634801e-05	1.616854087e-05	0	0	0
0.00133390462178	0.000865016936547	0.00313669692879	0	4.04213521751e-06	0	0.000198064625658	0.00112775572568	0.00111158718481	8.08427043501e-06	0.00119242988916	0.00143495800222	0.00024252811305	8.08427043501e-06	0.00109541864394	4.04213521751e-06	2.02106760875e-05	0.0259909294486	0.00223530077528	0.00468887685231	0.000291033735661	0.000517393307841	1.616854087e-05	0.0116453915616	0.000133390462178	4.04213521751e-06	0.00776494175283	0.00385215486228	0.000905438288722	0.000933733235244	0.00166535970961	1.21264056525e-05	1.21264056525e-05	2.82949465226e-05	0.00711820011803	4.04213521751e-06	0.000860974801329	0.00120859843003	0	2.82949465226e-05	0	0	3.23370817401e-05	0	3.63792169576e-05	1.616854087e-05	4.04213521751e-06	0	0	0	0	2.02106760875e-05	0.000840764125242	2.82949465226e-05	0.00145112654309	2.02106760875e-05	3.63792169576e-05	0.000198064625658	0.000165727543918	8.08427043501e-05	1.616854087e-05	0.00209786817789	0.00348027842227	8.48848395677e-05	1.616854087e-05	1.21264056525e-05	0	0	8.08427043501e-06	0.000662910175671	0.0036702587775	0.00127731472873	0.00597023371626	0.000218275301745	4.04213521751e-06	4.04213521751e-06	0	0.000286991600443	6.87162986976e-05	0.000428466333056	0.000347623628706	0	4.04213521751e-06	0
0	1.616854087e-05	0	0	0	0	0.000250612383485	0.000363792169576	0.00021019103131	8.08427043501e-06	0.00224742718093	0.00665335456802	0.000852890530894	9.70112452202e-05	0.000303160141313	0	0	0.00223530077528	0.0110794926312	0.00354091045054	0.000913522559157	4.04213521751e-06	8.08427043501e-06	5.25477578276e-05	0	2.02106760875e-05	0.00367834304793	0.000202106760875	0.000133390462178	0.00238485977833	2.82949465226e-05	6.46741634801e-05	1.616854087e-05	1.616854087e-05	0.00414318859794	0	1.21264056525e-05	0	0	4.04213521751e-06	0	0	0	0	8.08427043501e-06	0	4.04213521751e-06	0	2.02106760875e-05	0	0	0	0	0	1.616854087e-05	0	0	4.04213521751e-06	0	8.08427043501e-06	5.65898930451e-05	9.29691100027e-05	2.4252811305e-05	0	2.02106760875e-05	0	0	4.04213521751e-06	0	8.08427043501e-06	0.00109946077916	0.000755879285674	0.0043170004123	0.000254654518703	4.04213521751e-06	0	0	8.08427043501e-06	0	1.21264056525e-05	8.08427043501e-06	0	8.08427043501e-06	0
5.25477578276e-05	0.000307202276531	8.08427043501e-06	0	8.08427043501e-05	0	0.000541646119146	0.00110350291438	0.000339539358271	0.000173811814353	0.00374705934663	0.00497991058797	0.0018230029831	0.000137432597395	0.000319328682183	4.04213521751e-06	2.4252811305e-05	0.00468887685231	0.00354091045054	0.0226844628407	0.00205744682571	0.000117221921308	5.65898930451e-05	0.000198064625658	0.000198064625658	0.00130560967525	0.00753049791022	0.000763963556109	0.000772047826544	0.00312861265835	5.65898930451e-05	8.08427043501e-06	4.04213521751e-06	3.63792169576e-05	0.00932520594679	8.08427043501e-06	0.000788216367414	2.4252811305e-05	0	7.68005691326e-05	0	2.02106760875e-05	8.08427043501e-06	4.04213521751e-06	0.000311244411748	4.04213521751e-05	3.23370817401e-05	4.04213521751e-06	0.000723542203934	4.04213521751e-06	0	0	3.23370817401e-05	5.25477578276e-05	0.000747795015239	5.25477578276e-05	0	0.000222317436963	2.02106760875e-05	0.00022635957218	0.00223125864006	0.00346815201662	0.00183512938875	0.000105095515655	8.08427043501e-05	1.616854087e-05	0.000153601138265	0	4.04213521751e-06	0.000121264056525	0.00479397236796	0.00325391885009	0.00915947840287	0.000173811814353	0	0	0	0.000254654518703	0.000117221921308	0.000137432597395	3.23370817401e-05	1.616854087e-05	8.08427043501e-06	0
0	2.4252811305e-05	0	0	0.0048020566384	0.000165727543918	0.00400171386533	0.000291033735661	0.000541646119146	0.000444634873926	0.0050567111571	0.00313265479357	0.0143576642926	8.08427043501e-06	0.000994365263507	0.00101053380438	4.04213521751e-06	0.000291033735661	0.000913522559157	0.00205744682571	0.0190384568745	4.04213521751e-06	8.08427043501e-06	0	0.000513351172623	6.06320282626e-05	0.0011075450496	6.46741634801e-05	0.00215850020615	0.00549326176059	0	8.08427043501e-06	0.000165727543918	0	0.00493544710058	8.08427043501e-06	0	2.02106760875e-05	0	0.000299118006096	0	7.68005691326e-05	8.08427043501e-06	0	0.000230401707398	8.89269747852e-05	0	4.85056226101e-05	8.08427043501e-06	8.08427043501e-06	0	0	1.21264056525e-05	0	4.04213521751e-06	0.00021019103131	0	1.21264056525e-05	1.21264056525e-05	0.000307202276531	6.46741634801e-05	1.616854087e-05	8.48848395677e-05	2.02106760875e-05	4.85056226101e-05	1.21264056525e-05	8.08427043501e-06	0	0	5.25477578276e-05	0.000590151741756	0.000105095515655	0.00385215486228	0.000157643273483	5.25477578276e-05	2.4252811305e-05	0	0.000149559003048	0	4.85056226101e-05	4.04213521751e-06	8.08427043501e-06	8.08427043501e-06	0
0.000957986046549	6.06320282626e-05	0.000852890530894	0	0	0	2.4252811305e-05	0.00202915187919	0.000396129251316	1.21264056525e-05	4.44634873926e-05	0	4.04213521751e-06	1.21264056525e-05	0.000816511313936	0.00019402249044	0.00403000881185	0.000517393307841	4.04213521751e-06	0.000117221921308	4.04213521751e-06	0.033060623944	0.00225146931615	0.0121627848695	0.000808427043501	2.02106760875e-05	0.000905438288722	0.000396129251316	0.00934137448766	0.00165323330396	0.0129792961834	0	0	5.65898930451e-05	0.00571557919756	0	0.000101053380438	4.44634873926e-05	0	0	0	0	1.21264056525e-05	0	1.616854087e-05	0	2.82949465226e-05	0	0	0	0	0.000218275301745	3.63792169576e-05	3.23370817401e-05	8.48848395677e-05	0	9.70112452202e-05	0.00234443842615	0.000784174232196	4.04213521751e-06	8.08427043501e-06	0.000133390462178	0.000642699499584	2.02106760875e-05	4.04213521751e-06	4.04213521751e-06	0	0	0	4.04213521751e-05	0.00352878404488	0.000234443842615	0.00236869123746	0.000578025336104	5.65898930451e-05	0	0	0.00116817707786	0.000412297792186	0.000157643273483	0.000109137650873	8.08427043501e-06	4.04213521751e-06	0
1.21264056525e-05	0.00888057107286	8.48848395677e-05	0	0	4.04213521751e-06	0	1.21264056525e-05	8.08427043501e-06	0.00472929820448	4.04213521751e-06	0.000278907330008	4.44634873926e-05	0.00135007316265	8.08427043501e-06	5.65898930451e-05	0.00960007114158	1.616854087e-05	8.08427043501e-06	5.65898930451e-05	8.08427043501e-06	0.00225146931615	0.0344026128362	0.00742540239456	0.0121183213821	0.00220700582876	0.00101457593959	0.0117383606716	0.00173003387309	1.616854087e-05	6.87162986976e-05	0.00011317978609	0	0	6.06320282626e-05	0	0.00126114618786	0.000262738789138	0	4.04213521751e-06	0	0	0	0	0.000941817505679	4.04213521751e-06	4.85056226101e-05	0	2.4252811305e-05	0	0	0.00124093551177	0.000533561848711	6.87162986976e-05	0.00014551686783	0	0.00106712369742	0.0139736614469	0.00219487942311	0.000121264056525	3.23370817401e-05	0.00021019103131	0.00879164409808	0.000505266902188	0	2.82949465226e-05	8.08427043501e-06	0	0	4.44634873926e-05	0.000307202276531	0.000169769679135	9.29691100027e-05	2.4252811305e-05	4.44634873926e-05	0	1.616854087e-05	0.00296288511443	0.000428466333056	0.000218275301745	0.000234443842615	1.21264056525e-05	0	0
0.00505266902188	0.00136624170352	0.0157077374552	0	0	0	0.0001616854087	0.00697672538542	0.00324583457966	0.000121264056525	0.000359750034358	2.4252811305e-05	0	6.06320282626e-05	0.00463228695926	2.02106760875e-05	0.00363387956054	0.0116453915616	5.25477578276e-05	0.000198064625658	0	0.0121627848695	0.00742540239456	0.0778434400188	0.000448677009143	8.08427043501e-05	0.00844806260459	0.0137594282804	0.00586918033582	0.00112371359047	0.00672611300193	1.616854087e-05	1.616854087e-05	1.21264056525e-05	0.00812064965197	2.02106760875e-05	0.00369046945358	0.00203319401441	0	1.21264056525e-05	0	0	6.87162986976e-05	1.21264056525e-05	0.00011317978609	2.82949465226e-05	6.06320282626e-05	0	1.616854087e-05	4.44634873926e-05	0	0.000828637719589	0.000812469178719	0.000105095515655	0.000537603983928	0	8.08427043501e-05	0.0129388748312	0.00104691302133	9.70112452202e-05	1.21264056525e-05	0.00169769679135	0.0116938971842	0.000165727543918	1.21264056525e-05	3.63792169576e-05	8.08427043501e-06	0	0	0.00109946077916	0.00633402588583	0.00107116583264	0.00603086574452	0.00114796640177	4.85056226101e-05	8.08427043501e-06	0	0.0057721690906	0.00117221921308	0.00261526148573	0.00247782888833	1.616854087e-05	0	0
0.000206148896093	0.00552964097755	5.25477578276e-05	0	0.00255058732225	0.00208574177223	0.000747795015239	0.00122880910612	0.000347623628706	0.01523884977	0.000533561848711	0.000238485977833	0.00188767714658	0.00107116583264	0.000169769679135	0.00364600596619	0.00787003726849	0.000133390462178	0	0.000198064625658	0.000513351172623	0.000808427043501	0.0121183213821	0.000448677009143	0.0455104004139	0.00156026419396	0.00157239059961	0.00442613806317	0.0154126615844	0.000367834304793	0.00227572212746	9.29691100027e-05	9.29691100027e-05	1.21264056525e-05	0.000743752880021	0.000638657364366	0.000327412952618	0.000375918575228	0	0.00132177821612	4.04213521751e-06	4.04213521751e-06	6.06320282626e-05	8.08427043501e-06	0.00784174232196	9.70112452202e-05	0.000363792169576	2.82949465226e-05	8.08427043501e-06	0.000266780924355	8.08427043501e-06	0.00027486519479	0.000877143342199	0.000440592738708	0.000278907330008	0.000230401707398	0.00166535970961	0.00440188525187	0.00267185137877	0.0025869665392	2.02106760875e-05	0.000476971955666	0.0011075450496	0.00188363501136	0.000468887685231	0.000683120851759	4.04213521751e-06	0	0.000400171386533	0.000937775370462	0.00563069435799	0.00139049451482	0.000335497223053	0.000307202276531	0.00324179244444	0.00125306191743	1.616854087e-05	0.0016855703857	0.000121264056525	0.00130965181047	0.000630573093931	4.44634873926e-05	9.29691100027e-05	0
0	0.00326604525575	0	0	0	0	4.04213521751e-06	4.04213521751e-06	1.616854087e-05	4.44634873926e-05	0.000198064625658	0.00337518290662	3.63792169576e-05	0.00882802331504	1.616854087e-05	0	0.000549730389581	4.04213521751e-06	2.02106760875e-05	0.00130560967525	6.06320282626e-05	2.02106760875e-05	0.00220700582876	8.08427043501e-05	0.00156026419396	0.0160108975965	0.00458378133665	0.00485056226101	2.4252811305e-05	0.000153601138265	0	0.00133390462178	4.04213521751e-06	0	0.000384002845663	0	0.000658868040454	0	0	0	0	0	0	0	2.02106760875e-05	0	0.000303160141313	0	0.0041553150036	0	0	1.21264056525e-05	0	0	1.21264056525e-05	0	0	6.87162986976e-05	1.21264056525e-05	1.21264056525e-05	0.00451506503796	0.00339135144749	0.00362983742532	0	0	0	0.000986280993072	0	0	0.000436550603491	8.08427043501e-05	0.000165727543918	0.000501224766971	1.616854087e-05	0	0	0.00021019103131	3.23370817401e-05	6.46741634801e-05	1.616854087e-05	0	0	0	0.000181896084788
0.00225955358659	0.00371472226489	0.0111077875777	0	3.63792169576e-05	0	0.000561856795234	0.00109946077916	0.00225955358659	0.000343581493488	0.00184321365918	0.00854507384981	0.00105903942699	0.00461207628318	0.00227572212746	0	0.000565898930451	0.00776494175283	0.00367834304793	0.00753049791022	0.0011075450496	0.000905438288722	0.00101457593959	0.00844806260459	0.00157239059961	0.00458378133665	0.0781951057827	0.0234282157207	0.00234848056137	0.00297501152009	0.000893311883069	0.00319732895705	8.08427043501e-06	4.04213521751e-06	0.00504054261623	1.616854087e-05	0.00830254573676	0.000121264056525	0	4.85056226101e-05	4.04213521751e-06	2.02106760875e-05	2.02106760875e-05	1.616854087e-05	0.000743752880021	1.21264056525e-05	0.000355707899141	4.04213521751e-06	0.00299118006096	0	1.21264056525e-05	6.87162986976e-05	0.000169769679135	0.000165727543918	0.0036702587775	8.08427043501e-06	2.02106760875e-05	0.0013621995683	0.000173811814353	0.000485056226101	0.00441805379274	0.0125831669321	0.0126397568251	0.000250612383485	6.06320282626e-05	4.44634873926e-05	0.00151580070657	4.04213521751e-06	4.04213521751e-06	0.000424424197838	0.0085652845259	0.00522648083624	0.00647954275366	0.000440592738708	4.04213521751e-06	0	8.08427043501e-06	0.00200085693267	0.00115605067221	0.000921606829592	0.000379960710446	8.08427043501e-06	3.63792169576e-05	4.04213521751e-06
0.000549730389581	0.0214071481119	0.00905438288722	0	0	8.08427043501e-06	2.4252811305e-05	0.000311244411748	0.000460803414796	4.04213521751e-05	0.000137432597395	0.000594193876974	5.65898930451e-05	0.00384811272707	0.000497182631753	8.08427043501e-06	0.0040865987049	0.00385215486228	0.000202106760875	0.000763963556109	6.46741634801e-05	0.000396129251316	0.0117383606716	0.0137594282804	0.00442613806317	0.00485056226101	0.0234282157207	0.0782597799462	0.000662910175671	0.00022635957218	0.000537603983928	0.000440592738708	0	0	0.00148750576004	1.21264056525e-05	0.0201379176536	0.000865016936547	0	0	4.04213521751e-06	0	1.616854087e-05	1.21264056525e-05	0.000319328682183	4.04213521751e-06	8.48848395677e-05	4.04213521751e-06	0.00186746647049	4.44634873926e-05	8.08427043501e-06	0.000925648964809	0.000610362417844	2.4252811305e-05	0.000715457933499	0	2.82949465226e-05	0.00696055684455	0.000505266902188	0.000359750034358	0.0019846883918	0.00520222802493	0.0264517328634	2.4252811305e-05	4.04213521751e-06	2.02106760875e-05	0.000978196722637	0	0	0.000185938220005	0.00282141038182	0.000157643273483	0.00216658447658	0.00019402249044	2.4252811305e-05	0	0	0.0011317978609	0.000125306191743	0.000909480423939	0.00105499729177	4.04213521751e-06	1.21264056525e-05	0
0.00234848056137	0.000323370817401	0.00154005351787	0	0.00606320282626	0.00101053380438	0.0036257952901	0.0241921792768	0.00470100325796	0.0109097229521	0.0129590855073	0.000181896084788	0.00196447771571	2.02106760875e-05	0.00418360995012	0.00269206205486	0.00504458475145	0.000905438288722	0.000133390462178	0.000772047826544	0.00215850020615	0.00934137448766	0.00173003387309	0.00586918033582	0.0154126615844	2.4252811305e-05	0.00234848056137	0.000662910175671	0.0854184014164	0.00569536852147	0.00890078174895	8.08427043501e-06	0.00021019103131	0.00138241024439	0.00605511855583	0.000666952310889	0.000206148896093	0.000396129251316	0	0.0112209673638	4.04213521751e-06	4.04213521751e-06	0.000125306191743	1.616854087e-05	0.0128176107747	0.00210999458354	0.000424424197838	0.00415935713882	1.21264056525e-05	0.00022635957218	8.08427043501e-06	0.000121264056525	0.000485056226101	0.000464845550013	0.000363792169576	0.00712224225325	0.00104691302133	0.00377939642837	0.00211403671876	0.0119808887847	2.4252811305e-05	0.000569941065669	0.00124497764699	0.00273652554225	0.000602278147409	0.000792258502631	4.04213521751e-06	4.04213521751e-06	0.000404213521751	0.00107925010307	0.00926457391853	0.00192809849875	0.00542454546189	0.00255462945746	0.00179470803657	0.000666952310889	4.04213521751e-06	0.0026314300266	0.000444634873926	0.00170982319701	0.000953943911332	7.68005691326e-05	0.00027486519479	0
0.00491119428927	9.29691100027e-05	0.000590151741756	0	0.000363792169576	8.08427043501e-06	0.00875526488112	0.0108571751942	0.00717074787586	0.000238485977833	0.0130884338343	0.00889269747852	0.00573174773843	0.000153601138265	0.0142242738304	4.44634873926e-05	0.000432508468273	0.000933733235244	0.00238485977833	0.00312861265835	0.00549326176059	0.00165323330396	1.616854087e-05	0.00112371359047	0.000367834304793	0.000153601138265	0.00297501152009	0.00022635957218	0.00569536852147	0.0484369063114	0.00905842502243	3.23370817401e-05	0.00259909294486	0.00402596667664	0.0186706225697	0	0.000109137650873	2.82949465226e-05	0	0.000270823059573	0	0.000234443842615	8.08427043501e-06	8.89269747852e-05	0.000408255656968	0.000169769679135	6.46741634801e-05	8.08427043501e-06	3.23370817401e-05	8.08427043501e-06	0	0	3.23370817401e-05	3.23370817401e-05	0.000262738789138	0.000165727543918	1.21264056525e-05	0.000925648964809	3.63792169576e-05	0.000303160141313	0.000169769679135	0.000379960710446	0.000343581493488	6.06320282626e-05	0.000400171386533	4.44634873926e-05	1.21264056525e-05	0.000230401707398	8.08427043501e-06	0.000626530958714	0.00270418846051	0.000638657364366	0.0118677089986	0.00238081764311	0.000945859640897	1.616854087e-05	0.000133390462178	0.00153601138265	0.000521435443058	0.000505266902188	1.616854087e-05	6.06320282626e-05	0.000384002845663	8.08427043501e-05
0.00704948381933	0.000202106760875	0.000860974801329	0	0	0	0.000327412952618	0.00979409363202	0.00200085693267	0.000537603983928	0.000505266902188	4.04213521751e-06	0	0	0.00449485436187	0	0.00118838775395	0.00166535970961	2.82949465226e-05	5.65898930451e-05	0	0.0129792961834	6.87162986976e-05	0.00672611300193	0.00227572212746	0	0.000893311883069	0.000537603983928	0.00890078174895	0.00905842502243	0.0438409985691	0	0	0.000792258502631	0.0110350291438	0	0.000404213521751	1.21264056525e-05	0	0	0	0	0	1.21264056525e-05	0.000893311883069	4.04213521751e-06	2.4252811305e-05	0	0	1.21264056525e-05	0	8.08427043501e-06	0.00019402249044	2.82949465226e-05	0.000323370817401	0	5.25477578276e-05	0.0027243991366	0.00024252811305	0.000149559003048	0	0.000573983200886	0.000606320282626	0.000198064625658	0	0.0001616854087	0	0	0	3.63792169576e-05	0.000246570248268	8.08427043501e-05	0.00289821095095	0.000569941065669	2.4252811305e-05	0	0	0.00278098902965	0.000970112452202	0.00012934832696	4.85056226101e-05	0	0	0
0	0.000121264056525	0	0	0	0	1.21264056525e-05	4.04213521751e-06	0	4.04213521751e-06	2.02106760875e-05	0.0031164862527	8.08427043501e-06	0.00278098902965	0	0	4.04213521751e-05	1.21264056525e-05	6.46741634801e-05	8.08427043501e-06	8.08427043501e-06	0	0.00011317978609	1.616854087e-05	9.29691100027e-05	0.00133390462178	0.00319732895705	0.000440592738708	8.08427043501e-06	3.23370817401e-05	0	0.00513351172623	0	0	3.63792169576e-05	0	3.63792169576e-05	0	0	0	0	0	0	0	1.21264056525e-05	0	9.29691100027e-05	0	0.00127327259351	0	0	0	0	0	0	0	0	1.21264056525e-05	0	8.08427043501e-06	0.000428466333056	0.000776089961761	0.000642699499584	0	4.04213521751e-06	0	0.000578025336104	0	0	4.04213521751e-06	0.000214233166528	0.00022635957218	0.00025869665392	7.27584339151e-05	0	0	0	0	0.000133390462178	0	0	0	0	0
4.04213521751e-06	8.08427043501e-06	0	0	4.44634873926e-05	0.000703331527846	0.00432508468273	0.000222317436963	0.00208978390745	0.00014551686783	0.000464845550013	0.000206148896093	0.000262738789138	8.08427043501e-06	0.00271227273095	0.000311244411748	0	1.21264056525e-05	1.616854087e-05	4.04213521751e-06	0.000165727543918	0	0	1.616854087e-05	9.29691100027e-05	4.04213521751e-06	8.08427043501e-06	0	0.00021019103131	0.00259909294486	0	0	0.00711820011803	0	0.000933733235244	0	8.08427043501e-06	0	0	3.23370817401e-05	0	1.21264056525e-05	0	2.02106760875e-05	2.02106760875e-05	8.08427043501e-06	4.04213521751e-06	0	0	0	0	0	4.04213521751e-06	0	0	2.82949465226e-05	0	0	4.04213521751e-06	3.23370817401e-05	0	4.04213521751e-06	1.21264056525e-05	4.04213521751e-06	8.08427043501e-05	0	0	6.87162986976e-05	0	0.00011317978609	0.000788216367414	2.02106760875e-05	0.000610362417844	0.000420382062621	0.000986280993072	0.000602278147409	4.04213521751e-06	3.23370817401e-05	0	8.48848395677e-05	0	0	9.29691100027e-05	2.4252811305e-05
0.000246570248268	0	1.21264056525e-05	0	0	0	0.000513351172623	0.00255867159268	0.000662910175671	0	0.000695247257411	2.02106760875e-05	0	0	0.000553772524798	0	4.04213521751e-06	2.82949465226e-05	1.616854087e-05	3.63792169576e-05	0	5.65898930451e-05	0	1.21264056525e-05	1.21264056525e-05	0	4.04213521751e-06	0	0.00138241024439	0.00402596667664	0.000792258502631	0	0	0.00436550603491	0.00158855914048	0	0	0	0	0	0	0	0	0	0	0	0	0	0	0	0	0	4.04213521751e-06	4.04213521751e-06	3.23370817401e-05	0	0	4.04213521751e-06	0	0	0	3.23370817401e-05	0	0	0	0	0	0	0	0	0	0	8.89269747852e-05	0	0	0	0	6.06320282626e-05	2.02106760875e-05	0	0	0	0	0
0.00245357607703	0.000456761279578	0.000206148896093	0	0.000286991600443	8.08427043501e-06	0.00380364923967	0.00728796979717	0.00361771101967	0.000165727543918	0.0112088409581	0.0120091837312	0.00487885720753	0.000375918575228	0.00606724496148	5.65898930451e-05	0.000472929820448	0.00711820011803	0.00414318859794	0.00932520594679	0.00493544710058	0.00571557919756	6.06320282626e-05	0.00812064965197	0.000743752880021	0.000384002845663	0.00504054261623	0.00148750576004	0.00605511855583	0.0186706225697	0.0110350291438	3.63792169576e-05	0.000933733235244	0.00158855914048	0.0494474401158	8.08427043501e-06	0.000618446688279	6.06320282626e-05	0	0.000250612383485	0	0.00017785394957	8.08427043501e-06	5.25477578276e-05	0.000299118006096	0.00014551686783	9.70112452202e-05	1.21264056525e-05	9.29691100027e-05	2.4252811305e-05	0	4.04213521751e-06	9.70112452202e-05	2.82949465226e-05	0.000307202276531	0.000165727543918	2.02106760875e-05	0.000650783770019	6.87162986976e-05	0.000303160141313	0.000505266902188	0.000998407398724	0.00137432597395	6.06320282626e-05	0.000404213521751	3.63792169576e-05	4.44634873926e-05	0.000141474732613	1.616854087e-05	0.000626530958714	0.0032781716614	0.000962028181767	0.0298026629587	0.00425636838404	0.000598236012191	1.616854087e-05	0.000165727543918	0.000982238857854	0.000359750034358	0.000719500068716	0.000286991600443	4.85056226101e-05	0.000331455087836	4.04213521751e-05
