0.0276355953017	0.000296276660026	0.00500941458071	0	2.72886397393e-05	7.40691650066e-05	0.000514585777941	0.00694300962509	0.00857253125524	0.00044441499004	0.00145019628329	0.00142680602065	0.0031966692266	0.000163731838436	0.0177103271908	0.000132544821591	7.79675421122e-06	0.0013176514617	0.000116951313168	0.000912220242713	0.00286920554973	0.000997984539036	5.06789023729e-05	0.00610096017028	0.0004171263503	7.79675421122e-06	0.00218698955625	0.000752386781383	0.00276005099077	0.0198505362218	0.0135195718023	2.72886397393e-05	7.40691650066e-05	0.00261581103786	0.00384769820324	0	0.000109154558957	3.89837710561e-06	0	0.000136443198696	0	7.79675421122e-06	3.50853939505e-05	7.79675421122e-05	0.000791370552439	0.000580858188736	9.35610505347e-05	0.000354752316611	2.33902626337e-05	6.62724107954e-05	3.89837710561e-06	3.89837710561e-06	3.89837710561e-06	3.89837710561e-06	6.23740336898e-05	0.0004171263503	0.000179325346858	9.35610505347e-05	0.000214410740809	0.000920016996924	3.89837710561e-06	0.000105256181851	0.000140341575802	0.000210512363703	0.000101357804746	8.57642963234e-05	1.94918855281e-05	0	0	1.55935084224e-05	0.000467805252673	0.000105256181851	0.00153985895672	0.00114222449194	0.00082645594639	8.57642963234e-05	0	8.96626734291e-05	7.40691650066e-05	0.00012474806738	1.55935084224e-05	7.79675421122e-06	0	0
0.000296276660026	0.0342940233981	0.00221427819599	0	0	3.89837710561e-06	0	4.28821481617e-05	1.16951313168e-05	0.00262750616918	0	0.000818659192178	1.16951313168e-05	0.000814760815073	0.000253394511865	0.000191020478175	0.000612045205581	0.00221427819599	3.11870168449e-05	0.0024325873139	7.79675421122e-06	0.000288479905815	0.00655707029164	0.00183613561674	0.00228834736099	0.0054889149647	0.00563315491761	0.0264738789242	0.000405431218984	0.00047950038399	0.000448313367145	3.89837710561e-05	0	0.000152036707119	0.00115781800037	0	0.0146306092774	0.000210512363703	0	0	0	1.55935084224e-05	3.89837710561e-06	1.55935084224e-05	0.000105256181851	1.16951313168e-05	0.000214410740809	3.89837710561e-06	0.000374244202139	3.89837710561e-06	2.33902626337e-05	0.000428821481617	0.000265089643182	1.16951313168e-05	1.55935084224e-05	7.79675421122e-06	3.50853939505e-05	0.00440906450645	0.000374244202139	0.000241699380548	0.000280683151604	0.00231953437784	0.0174179489079	9.74594276403e-05	3.89837710561e-06	7.79675421122e-06	0	0	0	0.000116951313168	0.00466635739542	0.00169969241805	0.00116171637747	0.000608146828475	0.000592553320053	9.74594276403e-05	0	0.00118510664011	0.000752386781383	0.000152036707119	3.11870168449e-05	3.50853939505e-05	0	7.79675421122e-06
0.00500941458071	0.00221427819599	0.0574386882741	0	0	0	0.00044441499004	0.00168799728673	0.00210512363703	8.96626734291e-05	3.89837710561e-06	0.000136443198696	7.79675421122e-06	7.79675421122e-06	0.00413617810905	1.16951313168e-05	0.000198817232386	0.00480669897122	1.94918855281e-05	0.000721199764538	0	0.0022220749502	0.000627638714003	0.0306880245754	0.000409329596089	4.28821481617e-05	0.0118276761384	0.0144629790618	0.000467805252673	0.00460398336173	0.00638554169899	0	1.16951313168e-05	0.000210512363703	0.00185952587938	7.79675421122e-06	0.00168409890962	0.00661944432533	0	2.72886397393e-05	0	3.89837710561e-06	0.000354752316611	3.11870168449e-05	7.0170787901e-05	0.000132544821591	6.62724107954e-05	0	3.50853939505e-05	6.23740336898e-05	1.16951313168e-05	0.000920016996924	0.00125917580511	7.79675421122e-06	0.000237801003442	0	0.00481839410254	0.00130985470749	0.0107166386633	0.000202715609492	7.79675421122e-06	0.00141121251223	0.00835422213732	0.000884931602974	0.000198817232386	0.000670520862165	0	0	0.000101357804746	0.000931712128241	0.00472873142911	0.000362549070822	0.00389837710561	0.00485737787359	0.000717301387432	0.000253394511865	0	0.000635435468215	0.000767980289805	0.000565264680314	4.28821481617e-05	1.16951313168e-05	0	0
0	0	0	0	0	0	0	0	0	0	0	0	0	0	0	0	0	0	0	0	0	0	0	0	0	0	0	0	0	0	0	0	0	0	0	0	0	0	0	0	0	0	0	0	0	0	0	0	0	0	0	0	0	0	0	0	0	0	0	0	0	0	0	0	0	0	0	0	0	0	0	0	0	0	0	0	0	0	0	0	0	0	0	0
2.72886397393e-05	0	0	0	0.0232109372868	0.00028458152871	0.000421024727406	0.000191020478175	0.000296276660026	0.000838151077706	0.000920016996924	0.00028458152871	0.00610875692449	3.89837710561e-05	0.000752386781383	0.000596451697158	0	0	3.89837710561e-06	0	0.00984340219167	0	0	0	0.00926254400293	0	4.67805252673e-05	0	0.00888829980079	0.00115391962326	7.79675421122e-06	3.89837710561e-06	0.000144239952908	8.18659192178e-05	0.0011149358522	0	0	0	0	0.00449482880277	3.89837710561e-06	0.00038204095635	1.16951313168e-05	0.000148138330013	0.00537586202864	0.00454940608225	8.96626734291e-05	0.00435838560407	1.16951313168e-05	1.55935084224e-05	8.96626734291e-05	0	0	0	0	0.00702487554431	0	0	0	0.0050717886144	0	0	0	0.000370345825033	8.96626734291e-05	0	3.89837710561e-06	2.72886397393e-05	0	1.16951313168e-05	0.00057695981163	3.89837710561e-06	0.00012474806738	3.50853939505e-05	0.00226885547547	3.89837710561e-06	3.89837710561e-06	1.55935084224e-05	7.79675421122e-05	0.00015983346133	6.62724107954e-05	1.16951313168e-05	0	1.55935084224e-05
7.40691650066e-05	3.89837710561e-06	0	0	0.00028458152871	0.0061867244666	0.00185172912517	3.89837710561e-05	0.00205054635755	0.000214410740809	7.79675421122e-05	5.45772794786e-05	0.000647130599531	3.50853939505e-05	0.00148528167724	0.00158274110488	0	0	0	3.89837710561e-06	0.000475602006885	1.55935084224e-05	0	3.89837710561e-06	0.000261191266076	0	1.16951313168e-05	3.89837710561e-06	0.000152036707119	0.00136833036407	0.000171528592647	1.16951313168e-05	0.00246377433075	0.000206613986597	0.00175816807463	0	0	0	0	3.89837710561e-06	0	3.50853939505e-05	6.23740336898e-05	6.23740336898e-05	9.74594276403e-05	0.000140341575802	1.55935084224e-05	0.000101357804746	0	3.11870168449e-05	3.11870168449e-05	0	0	0	0	8.96626734291e-05	3.89837710561e-06	0	1.16951313168e-05	0.000179325346858	0	0	7.79675421122e-06	0.000171528592647	0.000113052936063	3.89837710561e-06	0	0	0	0	0.000803065683756	0	0.000315768545554	1.94918855281e-05	0.00196088368412	0.000202715609492	3.89837710561e-06	2.72886397393e-05	2.33902626337e-05	5.06789023729e-05	7.79675421122e-06	2.72886397393e-05	0	0
0.000514585777941	0	0.00044441499004	0	0.000421024727406	0.00185172912517	0.0311324395654	0.00300175037132	0.0165291189278	0.000194918855281	0.00495483730123	0.000230004249231	0.0084789702047	6.62724107954e-05	0.00795658767255	0.000869338094551	3.89837710561e-06	2.33902626337e-05	3.89837710561e-06	1.55935084224e-05	0.00278344125341	5.84756565842e-05	7.79675421122e-06	0.000592553320053	0.00054187441768	0	4.67805252673e-05	1.16951313168e-05	0.00251835161022	0.00248326621627	0.000428821481617	7.79675421122e-06	0.00178935509148	0.000155935084224	0.00178155833726	0	0	3.89837710561e-06	0	0.00015983346133	0	5.06789023729e-05	0.000424923104512	5.84756565842e-05	0.00103306993299	0.00128646444485	7.79675421122e-06	0.000280683151604	3.89837710561e-06	1.16951313168e-05	3.89837710561e-06	0	0	0	0	0.000432719858723	2.33902626337e-05	0	3.89837710561e-05	0.00106425694983	0	3.89837710561e-06	0	0.000237801003442	1.55935084224e-05	0	0	1.16951313168e-05	0	0	0.000697809501904	1.16951313168e-05	0.000806964060861	0.000167630215541	0.00183613561674	0.000514585777941	1.16951313168e-05	1.16951313168e-05	0	6.23740336898e-05	5.45772794786e-05	7.79675421122e-06	0	0
0.00694300962509	4.28821481617e-05	0.00168799728673	0	0.000191020478175	3.89837710561e-05	0.00300175037132	0.0366096593988	0.00689622909983	0.000853744586129	0.00308751466764	0.000693911124799	0.000401532841878	7.40691650066e-05	0.00598011048001	0.000152036707119	0	0.000483398761096	7.79675421122e-06	0.000272886397393	0.000487297138201	0.00148528167724	0	0.00367616961059	0.000830354323495	0	0.000791370552439	4.28821481617e-05	0.0162757244159	0.0098628940772	0.0120927657816	2.72886397393e-05	0.000140341575802	0.00595672021737	0.00606587477633	1.16951313168e-05	2.72886397393e-05	7.79675421122e-06	0	0.000627638714003	0	1.94918855281e-05	0.000335260431083	1.94918855281e-05	0.00191410315885	0.00162172487593	7.79675421122e-05	0.000413227973195	1.55935084224e-05	1.55935084224e-05	2.33902626337e-05	3.89837710561e-06	7.79675421122e-06	0	0	0.000654927353743	0.000183223723964	3.89837710561e-06	0.00025729288897	0.00191800153596	0	0.000128646444485	2.72886397393e-05	0.000335260431083	5.06789023729e-05	0.000191020478175	0	0	0	3.89837710561e-06	0.000495093892413	2.33902626337e-05	0.00192969666728	0.000272886397393	0.000522382532152	0.000261191266076	3.89837710561e-06	9.35610505347e-05	8.18659192178e-05	0.000116951313168	5.45772794786e-05	2.72886397393e-05	0	0
0.00857253125524	1.16951313168e-05	0.00210512363703	0	0.000296276660026	0.00205054635755	0.0165291189278	0.00689622909983	0.0467727285131	0.000300175037132	0.00392956412246	0.00138002549539	0.00762912399568	0.000514585777941	0.0310349801378	0.000393736087667	1.55935084224e-05	0.000237801003442	3.89837710561e-06	3.11870168449e-05	0.00491975190728	0.000179325346858	5.84756565842e-05	0.00244428244522	0.00113052936063	3.89837710561e-06	0.000506789023729	0.000113052936063	0.00442855639197	0.0150048534795	0.00385549495745	0.000101357804746	0.00488466651333	0.000502890646624	0.00839320590838	0	3.89837710561e-06	0	0	0.000307971791343	0	0.000280683151604	0.000881033225868	0.000467805252673	0.00178545671437	0.00278344125341	7.79675421122e-05	0.000471703629779	0	0.000152036707119	0.000128646444485	7.79675421122e-06	0	3.89837710561e-06	1.16951313168e-05	0.00102137480167	0.000140341575802	1.16951313168e-05	0.000155935084224	0.00217919280204	0	1.16951313168e-05	2.72886397393e-05	0.00100967967035	0.000358650693716	4.67805252673e-05	7.79675421122e-06	8.96626734291e-05	0	2.33902626337e-05	0.00153206220251	9.74594276403e-05	0.00328243352292	0.00132934659301	0.00120849690274	0.00153206220251	4.67805252673e-05	0.000163731838436	9.35610505347e-05	0.000487297138201	0.000343057185294	0.000116951313168	1.16951313168e-05	0
0.00044441499004	0.00262750616918	8.96626734291e-05	0	0.000838151077706	0.000214410740809	0.000194918855281	0.000853744586129	0.000300175037132	0.0247391011122	1.94918855281e-05	0.00115002124616	0.00216749767072	0.000187122101069	0.000795268929545	0.00178155833726	0.00148528167724	0.000233902626337	7.79675421122e-06	0.000460008498462	0.000647130599531	0.000947305636663	0.00890389330922	0.00168799728673	0.00655707029164	0.00082645594639	0.000990187784825	0.00407380407536	0.00146578979171	0.00664673296507	0.0050055162036	3.89837710561e-05	0.000265089643182	0.00824116920126	0.0088921981779	0.000167630215541	2.72886397393e-05	2.33902626337e-05	0	0.000666622485059	0	8.57642963234e-05	0.000842049454812	0.000366447447927	0.00831913674337	0.00261970941497	0.000362549070822	0.00122798878827	1.16951313168e-05	0.000265089643182	0.00028458152871	0.00235461977179	1.16951313168e-05	3.89837710561e-06	3.89837710561e-06	0.00102137480167	0.000175426969752	0.00410888946931	0.00138002549539	0.00654147678322	0	3.89837710561e-05	0.000109154558957	0.00209732688282	0.000179325346858	0.000128646444485	7.79675421122e-06	3.89837710561e-06	0	3.50853939505e-05	0.00534467501179	0.000678317616376	0.00504060159755	0.000803065683756	0.00349684426373	0.000272886397393	2.72886397393e-05	0.00203885122623	0.000612045205581	0.000775777044017	0.00028458152871	0.000440516612934	0	3.89837710561e-06
0.00145019628329	0	3.89837710561e-06	0	0.000920016996924	7.79675421122e-05	0.00495483730123	0.00308751466764	0.00392956412246	1.94918855281e-05	0.0244116374353	0.000982391030614	0.00489636164465	0.000155935084224	0.00259242077523	3.50853939505e-05	0	7.79675421122e-06	5.45772794786e-05	4.67805252673e-05	0.00864270204314	3.89837710561e-06	0	1.94918855281e-05	0.000171528592647	0	0.000366447447927	1.55935084224e-05	0.00334480755661	0.00305242927369	2.33902626337e-05	1.94918855281e-05	0.000171528592647	0.00134104172433	0.00305242927369	0	0	0	0	0.000171528592647	0	7.0170787901e-05	0.000144239952908	1.16951313168e-05	0.00214410740809	0.00356701505163	7.79675421122e-06	0.00183223723964	3.89837710561e-06	0	0	0	0	0	0	0.00272496559682	0	0	0	0.00258072564391	0	0	0	0.000101357804746	0	0	0	3.89837710561e-06	0	0	0.00054187441768	2.33902626337e-05	0.0013215498388	3.50853939505e-05	5.06789023729e-05	0.000191020478175	3.89837710561e-06	3.89837710561e-06	7.79675421122e-06	1.55935084224e-05	1.55935084224e-05	0	7.79675421122e-06	0
0.00142680602065	0.000818659192178	0.000136443198696	0	0.00028458152871	5.45772794786e-05	0.000230004249231	0.000693911124799	0.00138002549539	0.00115002124616	0.000982391030614	0.0437748765189	0.00362549070822	0.00628808227135	0.0065999524398	5.84756565842e-05	0.000105256181851	0.00559417114655	0.00363718583954	0.00976153627245	0.00474432493753	0.00334480755661	0.000343057185294	0.00328243352292	0.000612045205581	0.00102527317878	0.0187472955009	0.00291208769789	0.00155935084224	0.0148995972976	0.00305242927369	0.00140341575802	0.000440516612934	0.00455720283646	0.024103665644	5.45772794786e-05	0.00025729288897	1.16951313168e-05	0	0.000163731838436	0	0.000389837710561	0.0007640819127	0.000350853939505	0.00160223299041	0.00205054635755	0.00135663523275	0.000635435468215	0.000693911124799	0.00025729288897	0.000109154558957	5.06789023729e-05	3.11870168449e-05	0.000323565299766	0.000245597757653	0.00079916730665	5.45772794786e-05	0.000210512363703	3.50853939505e-05	0.00219478631046	0.000140341575802	0.00173087943489	0.000526280909257	0.000795268929545	0.000495093892413	5.84756565842e-05	0	2.33902626337e-05	0	3.89837710561e-05	0.00553569548997	0.00129426119906	0.0113715660171	0.00488466651333	0.000191020478175	0.000253394511865	0.000120849690274	0.00022220749502	0.000608146828475	0.000421024727406	0.000175426969752	0.00022220749502	7.79675421122e-06	6.23740336898e-05
0.0031966692266	1.16951313168e-05	7.79675421122e-06	0	0.00610875692449	0.000647130599531	0.0084789702047	0.000401532841878	0.00762912399568	0.00216749767072	0.00489636164465	0.00362549070822	0.0371164484225	0.000378142579244	0.0120147982395	0.00150477356277	0	3.11870168449e-05	0.000179325346858	0.000120849690274	0.0219400663504	3.50853939505e-05	7.79675421122e-06	3.50853939505e-05	0.00397244627062	3.11870168449e-05	0.00125527742801	0.000163731838436	0.00210902201414	0.0100851015722	2.72886397393e-05	7.40691650066e-05	0.000931712128241	0.000113052936063	0.00838930753127	0	3.89837710561e-06	0	0	8.18659192178e-05	0	0.000424923104512	2.33902626337e-05	0.000113052936063	0.0010447650643	0.00181274535411	7.79675421122e-05	0.00225716034415	4.67805252673e-05	0	9.35610505347e-05	0	0	0	0	0.00159443623619	0	0	0	0.000947305636663	1.55935084224e-05	4.28821481617e-05	0	6.62724107954e-05	0.000148138330013	7.79675421122e-06	3.89837710561e-06	1.55935084224e-05	0	0	0.000982391030614	0.000101357804746	0.000810862437967	0.000101357804746	0.00290818932079	5.06789023729e-05	1.94918855281e-05	1.55935084224e-05	2.33902626337e-05	0.000101357804746	7.0170787901e-05	3.11870168449e-05	0	0
0.000163731838436	0.000814760815073	7.79675421122e-06	0	3.89837710561e-05	3.50853939505e-05	6.62724107954e-05	7.40691650066e-05	0.000514585777941	0.000187122101069	0.000155935084224	0.00628808227135	0.000378142579244	0.0242089218258	0.00118510664011	7.79675421122e-06	1.55935084224e-05	0.000105256181851	0.000288479905815	0.000132544821591	0.000510687400835	0.000105256181851	0.000331362053977	6.62724107954e-05	0.000128646444485	0.00592163482342	0.00536026852022	0.00651028976637	0.000389837710561	0.00211681876835	8.96626734291e-05	0.00499771944939	0.000245597757653	0.00060424845137	0.00264699805471	1.16951313168e-05	7.0170787901e-05	1.16951313168e-05	0	2.72886397393e-05	0	0.000167630215541	0.000128646444485	0.000276784774498	0.000175426969752	0.000343057185294	0.00398414140193	0.000144239952908	0.00383990144903	5.06789023729e-05	7.79675421122e-06	7.79675421122e-06	0	3.89837710561e-05	3.89837710561e-06	0.000101357804746	7.79675421122e-06	3.89837710561e-06	3.89837710561e-06	0.000315768545554	0.00182833886253	0.00210122525992	0.000140341575802	0.000155935084224	6.23740336898e-05	0	6.62724107954e-05	6.23740336898e-05	0	5.45772794786e-05	0.00100188291614	0.000682215993482	0.00162562325304	0.000261191266076	3.50853939505e-05	0.000230004249231	0.000662724107954	0.000113052936063	0.000962899145086	0.000339158808188	0.000350853939505	1.55935084224e-05	0.000171528592647	0.00047950038399
0.0177103271908	0.000253394511865	0.00413617810905	0	0.000752386781383	0.00148528167724	0.00795658767255	0.00598011048001	0.0310349801378	0.000795268929545	0.00259242077523	0.0065999524398	0.0120147982395	0.00118510664011	0.061017398457	0.000226105872125	1.16951313168e-05	0.000530179286363	0.000261191266076	0.000288479905815	0.0103384960841	0.000771878666911	0.000128646444485	0.00481059734832	0.00206613986597	3.11870168449e-05	0.00247546946206	0.000756285158489	0.00471703629779	0.0399622637096	0.00927813751135	0.000191020478175	0.00786302662202	0.0018751193878	0.0206497035284	3.89837710561e-06	0.000101357804746	0	0	0.000206613986597	0	0.000510687400835	0.00124358229669	0.000838151077706	0.00197257881544	0.00309920979896	0.000265089643182	0.000947305636663	7.40691650066e-05	0.000421024727406	0.000307971791343	1.55935084224e-05	0	3.89837710561e-06	1.55935084224e-05	0.00143070439776	0.000163731838436	7.79675421122e-05	0.000120849690274	0.00324344975187	1.16951313168e-05	7.0170787901e-05	0.000148138330013	0.00202715609492	0.00127087093643	7.0170787901e-05	1.55935084224e-05	0.000113052936063	0	3.11870168449e-05	0.00270157533419	0.000226105872125	0.00530179286363	0.00203885122623	0.00149307843145	0.00129426119906	7.0170787901e-05	0.000296276660026	0.000268988020287	0.000842049454812	0.000424923104512	0.000456110121356	1.94918855281e-05	0
0.000132544821591	0.000191020478175	1.16951313168e-05	0	0.000596451697158	0.00158274110488	0.000869338094551	0.000152036707119	0.000393736087667	0.00178155833726	3.50853939505e-05	5.84756565842e-05	0.00150477356277	7.79675421122e-06	0.000226105872125	0.00825676270968	3.89837710561e-06	1.16951313168e-05	0	2.72886397393e-05	0.000775777044017	0.000132544821591	0.00044441499004	0.000105256181851	0.000686114370588	0	6.62724107954e-05	0.000206613986597	0.000467805252673	0.000892728357185	0.000534077663469	3.89837710561e-06	0.000163731838436	0.000857642963234	0.00150477356277	2.72886397393e-05	7.79675421122e-06	0	0	0	0	0	1.16951313168e-05	1.16951313168e-05	6.62724107954e-05	3.89837710561e-05	0	3.50853939505e-05	0	0	3.89837710561e-06	7.79675421122e-06	0	0	0	3.50853939505e-05	2.72886397393e-05	0	3.89837710561e-06	6.62724107954e-05	0	0	7.79675421122e-06	0.000116951313168	3.50853939505e-05	0.000128646444485	0	3.89837710561e-06	0	3.89837710561e-06	0.00191410315885	4.28821481617e-05	0.00118510664011	0.000978492653508	0.00488076813622	1.94918855281e-05	3.89837710561e-06	0.00012474806738	0	3.11870168449e-05	1.16951313168e-05	3.89837710561e-06	0	0
7.79675421122e-06	0.000612045205581	0.000198817232386	0	0	0	3.89837710561e-06	0	1.55935084224e-05	0.00148528167724	0	0.000105256181851	0	1.55935084224e-05	1.16951313168e-05	3.89837710561e-06	0.0184861042348	0.000171528592647	3.11870168449e-05	0.000187122101069	0	0.00205054635755	0.00949254825216	0.00525111396126	0.00131375308459	0.000132544821591	0.000495093892413	0.00399193815615	0.00125917580511	1.55935084224e-05	1.16951313168e-05	0	0	0	0.000120849690274	7.79675421122e-06	3.50853939505e-05	8.96626734291e-05	0	0	0	0	1.94918855281e-05	0	0.000116951313168	7.79675421122e-06	1.16951313168e-05	0	0	1.16951313168e-05	0	0.00549281334181	5.84756565842e-05	0	1.16951313168e-05	0	0.0024325873139	0.0075004775512	0.00655317191453	0.000510687400835	0	7.79675421122e-05	0.000249496134759	0.00120849690274	1.94918855281e-05	0.000155935084224	0	0	0	7.79675421122e-06	0.0013215498388	0.000245597757653	0.000666622485059	0.000440516612934	5.06789023729e-05	1.16951313168e-05	0	0.000187122101069	0.000214410740809	7.79675421122e-06	0	0	0	3.89837710561e-06
0.0013176514617	0.00221427819599	0.00480669897122	0	0	0	2.33902626337e-05	0.000483398761096	0.000237801003442	0.000233902626337	7.79675421122e-06	0.00559417114655	3.11870168449e-05	0.000105256181851	0.000530179286363	1.16951313168e-05	0.000171528592647	0.0309881996125	0.00100967967035	0.0090988121645	3.89837710561e-05	0.00699758690457	0.000955102390875	0.0133402464554	0.000327463676871	1.94918855281e-05	0.00869727932262	0.00427262130775	0.000514585777941	0.00233512788626	0.00574620785367	3.11870168449e-05	0	0.00107205370404	0.00754725807646	7.79675421122e-06	0.000771878666911	0.000744590027172	0	0	0	0	1.16951313168e-05	1.16951313168e-05	6.23740336898e-05	3.11870168449e-05	0.000136443198696	1.55935084224e-05	5.06789023729e-05	7.79675421122e-06	0	0.000183223723964	0.000265089643182	8.96626734291e-05	0.000647130599531	1.55935084224e-05	0.000370345825033	0.00136053360986	0.00135663523275	6.23740336898e-05	1.55935084224e-05	0.00191410315885	0.00207783499729	8.18659192178e-05	0	8.96626734291e-05	0	3.89837710561e-06	0	6.62724107954e-05	0.00189071289622	0.000565264680314	0.00191800153596	0.00152036707119	7.79675421122e-05	0.000132544821591	0	8.57642963234e-05	7.40691650066e-05	3.11870168449e-05	0	3.89837710561e-06	0	0
0.000116951313168	3.11870168449e-05	1.94918855281e-05	0	3.89837710561e-06	0	3.89837710561e-06	7.79675421122e-06	3.89837710561e-06	7.79675421122e-06	5.45772794786e-05	0.00363718583954	0.000179325346858	0.000288479905815	0.000261191266076	0	3.11870168449e-05	0.00100967967035	0.00545382957075	0.00247936783917	0.000366447447927	0.000643232222426	2.72886397393e-05	0.000514585777941	7.79675421122e-06	3.11870168449e-05	0.00219088793335	6.23740336898e-05	1.16951313168e-05	0.000537976040574	0.000654927353743	0	0	5.06789023729e-05	0.00155545246514	0	3.89837710561e-06	0	0	0	0	0	1.55935084224e-05	3.89837710561e-06	6.23740336898e-05	8.18659192178e-05	0.000152036707119	7.79675421122e-05	2.33902626337e-05	0	0	7.79675421122e-06	1.94918855281e-05	6.62724107954e-05	3.89837710561e-05	7.40691650066e-05	1.16951313168e-05	1.94918855281e-05	3.11870168449e-05	7.79675421122e-05	3.89837710561e-06	9.35610505347e-05	1.94918855281e-05	3.89837710561e-06	0	1.55935084224e-05	0	0	0	4.67805252673e-05	0.000530179286363	5.84756565842e-05	0.000767980289805	0.000592553320053	1.16951313168e-05	3.89837710561e-05	0	3.89837710561e-06	3.89837710561e-05	1.16951313168e-05	0	0	0	0
0.000912220242713	0.0024325873139	0.000721199764538	0	0	3.89837710561e-06	1.55935084224e-05	0.000272886397393	3.11870168449e-05	0.000460008498462	4.67805252673e-05	0.00976153627245	0.000120849690274	0.000132544821591	0.000288479905815	2.72886397393e-05	0.000187122101069	0.0090988121645	0.00247936783917	0.0302942884877	0.000358650693716	0.00370345825033	0.000881033225868	0.00401532841878	0.000385939333455	0.00100188291614	0.0175310018439	0.00407770245247	0.000241699380548	0.0021519041623	0.00366057610217	5.45772794786e-05	3.89837710561e-06	0.000713403010327	0.0106425694983	7.79675421122e-06	0.000635435468215	4.28821481617e-05	0	3.89837710561e-06	0	0	0.000210512363703	2.72886397393e-05	0.000144239952908	0.000206613986597	0.00119680177142	0.000132544821591	0.000534077663469	2.72886397393e-05	0	7.40691650066e-05	0.000409329596089	0.000362549070822	0.00198037556965	0.000144239952908	0.000354752316611	0.000140341575802	0.000354752316611	0.000187122101069	0.000171528592647	0.00579688675604	0.00138002549539	0.000120849690274	1.55935084224e-05	0.000346955562399	0	3.89837710561e-06	0	0.000350853939505	0.0050016178265	0.000931712128241	0.00381261280929	0.00396854789351	0.000296276660026	0.00015983346133	0	0.000366447447927	0.000678317616376	0.000132544821591	5.06789023729e-05	7.79675421122e-06	0	7.79675421122e-06
0.00286920554973	7.79675421122e-06	0	0	0.00984340219167	0.000475602006885	0.00278344125341	0.000487297138201	0.00491975190728	0.000647130599531	0.00864270204314	0.00474432493753	0.0219400663504	0.000510687400835	0.0103384960841	0.000775777044017	0	3.89837710561e-05	0.000366447447927	0.000358650693716	0.0372178062273	3.89837710561e-05	1.16951313168e-05	3.11870168449e-05	0.00348904750952	2.33902626337e-05	0.00192969666728	0.000175426969752	0.0054226425539	0.0119329323203	5.45772794786e-05	9.35610505347e-05	0.000865439717446	0.000678317616376	0.00999154052168	0	3.89837710561e-06	0	0	0.000775777044017	0	0.00031966692266	8.18659192178e-05	0.000105256181851	0.00506399186019	0.00598400885711	0.000105256181851	0.00455720283646	5.84756565842e-05	1.16951313168e-05	9.74594276403e-05	0	0	0	0	0.00564485004892	0	0	0	0.00530179286363	1.16951313168e-05	3.11870168449e-05	0	9.74594276403e-05	0.00012474806738	1.16951313168e-05	3.89837710561e-06	1.55935084224e-05	0	3.89837710561e-06	0.00107205370404	7.0170787901e-05	0.00183223723964	0.000113052936063	0.00221817657309	0.000230004249231	1.94918855281e-05	1.55935084224e-05	5.06789023729e-05	0.000109154558957	6.62724107954e-05	3.11870168449e-05	3.89837710561e-06	0
0.000997984539036	0.000288479905815	0.0022220749502	0	0	1.55935084224e-05	5.84756565842e-05	0.00148528167724	0.000179325346858	0.000947305636663	3.89837710561e-06	0.00334480755661	3.50853939505e-05	0.000105256181851	0.000771878666911	0.000132544821591	0.00205054635755	0.00699758690457	0.000643232222426	0.00370345825033	3.89837710561e-05	0.0457942358596	0.00182444048543	0.0287349376455	0.000467805252673	2.33902626337e-05	0.00437008073539	0.00133324497012	0.00721589602249	0.00457669472199	0.0135039782938	2.33902626337e-05	7.79675421122e-06	0.00314599032423	0.0113247854918	6.62724107954e-05	0.000132544821591	3.11870168449e-05	0	1.94918855281e-05	0	7.79675421122e-06	0.000584756565842	6.23740336898e-05	0.00160223299041	0.000526280909257	0.000128646444485	5.06789023729e-05	2.72886397393e-05	0.000366447447927	0	0.00311870168449	4.28821481617e-05	3.11870168449e-05	4.67805252673e-05	2.33902626337e-05	0.00174257456621	0.00137222874118	0.000619841959792	0.00123968391958	0	0.000619841959792	0.000163731838436	0.00425312942222	0.000113052936063	0.00246377433075	3.89837710561e-06	0	7.79675421122e-06	6.62724107954e-05	0.00155155408803	0.000343057185294	0.00445974340882	0.00114612286905	0.00057695981163	7.0170787901e-05	3.89837710561e-06	0.000261191266076	6.23740336898e-05	8.57642963234e-05	2.72886397393e-05	3.11870168449e-05	0	3.89837710561e-06
5.06789023729e-05	0.00655707029164	0.000627638714003	0	0	0	7.79675421122e-06	0	5.84756565842e-05	0.00890389330922	0	0.000343057185294	7.79675421122e-06	0.000331362053977	0.000128646444485	0.00044441499004	0.00949254825216	0.000955102390875	2.72886397393e-05	0.000881033225868	1.16951313168e-05	0.00182444048543	0.0358767645029	0.00522772369862	0.00781234771964	0.00219478631046	0.00198427394676	0.0169501436552	0.00300954712553	0.00116951313168	0.000612045205581	0	1.55935084224e-05	0.00116951313168	0.00281072989315	3.11870168449e-05	0.000245597757653	4.28821481617e-05	0	3.89837710561e-06	0	1.16951313168e-05	2.33902626337e-05	1.16951313168e-05	0.00316158383265	7.79675421122e-06	2.33902626337e-05	0	1.16951313168e-05	0	2.33902626337e-05	0.0108569802391	2.33902626337e-05	3.89837710561e-06	1.55935084224e-05	0	0.00118900501721	0.0170943836081	0.00566824031156	0.00217529442493	3.89837710561e-06	0.000191020478175	0.00393736087667	0.00307581953633	2.72886397393e-05	0.000191020478175	0	0	0	3.11870168449e-05	0.00515755291072	0.00168799728673	0.00199986745518	0.00148138330013	0.00113052936063	8.57642963234e-05	0	0.00178545671437	0.000732894895855	0.000140341575802	1.16951313168e-05	2.72886397393e-05	0	3.89837710561e-06
0.00610096017028	0.00183613561674	0.0306880245754	0	0	3.89837710561e-06	0.000592553320053	0.00367616961059	0.00244428244522	0.00168799728673	1.94918855281e-05	0.00328243352292	3.50853939505e-05	6.62724107954e-05	0.00481059734832	0.000105256181851	0.00525111396126	0.0133402464554	0.000514585777941	0.00401532841878	3.11870168449e-05	0.0287349376455	0.00522772369862	0.0985353797214	0.00102137480167	2.72886397393e-05	0.00720420089117	0.0136092344757	0.00355531992032	0.00918067808371	0.0137144906575	2.72886397393e-05	3.50853939505e-05	0.00234682301758	0.0123617538019	6.23740336898e-05	0.000900525111396	0.000647130599531	0	4.28821481617e-05	0	3.89837710561e-06	0.00109544396668	8.18659192178e-05	0.000592553320053	0.000693911124799	0.00012474806738	1.55935084224e-05	2.33902626337e-05	0.000452211744251	2.33902626337e-05	0.00493924379281	0.000280683151604	1.55935084224e-05	0.000202715609492	7.79675421122e-06	0.00853354748418	0.00717691225143	0.0164043708604	0.00060424845137	1.16951313168e-05	0.000892728357185	0.00364498259375	0.0036839663648	0.000428821481617	0.00369955987322	0	0	0.000109154558957	0.000881033225868	0.00841269779391	0.00106035857273	0.0137768646912	0.0129270184822	0.00281462827025	0.000693911124799	1.94918855281e-05	0.00184393237095	0.000943407259558	0.000304073414238	5.45772794786e-05	3.11870168449e-05	0	7.79675421122e-06
0.0004171263503	0.00228834736099	0.000409329596089	0	0.00926254400293	0.000261191266076	0.00054187441768	0.000830354323495	0.00113052936063	0.00655707029164	0.000171528592647	0.000612045205581	0.00397244627062	0.000128646444485	0.00206613986597	0.000686114370588	0.00131375308459	0.000327463676871	7.79675421122e-06	0.000385939333455	0.00348904750952	0.000467805252673	0.00781234771964	0.00102137480167	0.0348281010615	0.000877134848762	0.00112273260642	0.0054889149647	0.0127009126101	0.00637774494478	0.00186732263359	1.16951313168e-05	0.000822557569284	0.00335260431083	0.0084049010397	3.89837710561e-06	0.000128646444485	2.33902626337e-05	0	0.00234292464047	0	0.000128646444485	0.000144239952908	4.28821481617e-05	0.00452601581961	0.00221037981888	2.33902626337e-05	0.0013917206267	0	3.89837710561e-06	5.84756565842e-05	0.000378142579244	0	0	0	0.00267428669445	7.79675421122e-06	0.000728996518749	4.28821481617e-05	0.00420634889695	0	0.000148138330013	0.000307971791343	0.00123188716537	0.000218309117914	0	0	7.79675421122e-06	0	7.79675421122e-06	0.0033331124253	0.000573061434525	0.00322395786634	0.000927813751135	0.00245987595364	0.000456110121356	3.89837710561e-06	0.000191020478175	5.06789023729e-05	7.79675421122e-05	3.50853939505e-05	6.23740336898e-05	0	0
7.79675421122e-06	0.0054889149647	4.28821481617e-05	0	0	0	0	0	3.89837710561e-06	0.00082645594639	0	0.00102527317878	3.11870168449e-05	0.00592163482342	3.11870168449e-05	0	0.000132544821591	1.94918855281e-05	3.11870168449e-05	0.00100188291614	2.33902626337e-05	2.33902626337e-05	0.00219478631046	2.72886397393e-05	0.000877134848762	0.0177064288137	0.00654927353743	0.0100734064409	1.16951313168e-05	7.0170787901e-05	3.89837710561e-05	0.000370345825033	0	3.11870168449e-05	0.000194918855281	0	0.00158274110488	1.16951313168e-05	0	0	0	0	0	0	3.89837710561e-06	3.89837710561e-06	0.00161002974462	0	0.0030602260279	0	1.55935084224e-05	1.55935084224e-05	0	6.23740336898e-05	3.89837710561e-06	3.89837710561e-06	1.94918855281e-05	0.000101357804746	3.89837710561e-06	1.16951313168e-05	0.00513416264809	0.00367616961059	0.00302903901106	2.33902626337e-05	0	0	6.23740336898e-05	0	0	5.84756565842e-05	0.000810862437967	0.000206613986597	0.000249496134759	7.0170787901e-05	5.84756565842e-05	1.55935084224e-05	0	0.000994086161931	0.00116171637747	0.000105256181851	2.33902626337e-05	3.89837710561e-06	0	0.000288479905815
0.00218698955625	0.00563315491761	0.0118276761384	0	4.67805252673e-05	1.16951313168e-05	4.67805252673e-05	0.000791370552439	0.000506789023729	0.000990187784825	0.000366447447927	0.0187472955009	0.00125527742801	0.00536026852022	0.00247546946206	6.62724107954e-05	0.000495093892413	0.00869727932262	0.00219088793335	0.0175310018439	0.00192969666728	0.00437008073539	0.00198427394676	0.00720420089117	0.00112273260642	0.00654927353743	0.0962704226231	0.0227314369028	0.0010447650643	0.006533680029	0.00484958111938	0.00238580678863	7.40691650066e-05	0.00158274110488	0.0105801954646	0.000183223723964	0.00366837285638	0.00327853514582	0	3.50853939505e-05	0	9.74594276403e-05	0.000288479905815	9.35610505347e-05	0.000440516612934	0.000795268929545	0.00366447447927	0.000280683151604	0.00380091767797	0.000253394511865	0.000101357804746	0.000171528592647	0.0031966692266	0.000506789023729	0.00413227973195	0.000339158808188	0.000226105872125	0.000362549070822	0.000615943582687	0.000631537091109	0.00327073839161	0.0190786575549	0.00914559268976	0.000265089643182	0.000179325346858	0.000210512363703	1.55935084224e-05	3.89837710561e-06	0	0.000510687400835	0.0113598708858	0.00490415839886	0.00898965760554	0.00633096441951	0.000448313367145	0.000311870168449	3.89837710561e-06	0.00147748492303	0.00211292039124	0.000366447447927	9.74594276403e-05	6.23740336898e-05	0	0.000136443198696
0.000752386781383	0.0264738789242	0.0144629790618	0	0	3.89837710561e-06	1.16951313168e-05	4.28821481617e-05	0.000113052936063	0.00407380407536	1.55935084224e-05	0.00291208769789	0.000163731838436	0.00651028976637	0.000756285158489	0.000206613986597	0.00399193815615	0.00427262130775	6.23740336898e-05	0.00407770245247	0.000175426969752	0.00133324497012	0.0169501436552	0.0136092344757	0.0054889149647	0.0100734064409	0.0227314369028	0.0976504481184	0.00236631490311	0.0012474806738	0.00123968391958	0.00110713909799	4.28821481617e-05	0.00022220749502	0.00327073839161	3.89837710561e-06	0.0129231201051	0.0020154609636	0	0	0	1.16951313168e-05	7.0170787901e-05	5.45772794786e-05	0.00012474806738	2.72886397393e-05	0.00184783074806	3.89837710561e-06	0.00268208344866	6.62724107954e-05	3.50853939505e-05	0.00492754866149	0.000522382532152	5.45772794786e-05	0.000276784774498	7.79675421122e-06	0.000261191266076	0.0100266259156	0.00302124225685	0.00031966692266	0.00321226273502	0.00832693349758	0.0237177263105	0.00025729288897	7.79675421122e-06	8.18659192178e-05	3.50853939505e-05	0	0	0.000194918855281	0.0127554898896	0.00165681026988	0.00470144278937	0.00515365453362	0.000771878666911	0.000140341575802	0	0.00302514063395	0.00218309117914	0.000327463676871	3.89837710561e-05	3.89837710561e-05	0	5.45772794786e-05
0.00276005099077	0.000405431218984	0.000467805252673	0	0.00888829980079	0.000152036707119	0.00251835161022	0.0162757244159	0.00442855639197	0.00146578979171	0.00334480755661	0.00155935084224	0.00210902201414	0.000389837710561	0.00471703629779	0.000467805252673	0.00125917580511	0.000514585777941	1.16951313168e-05	0.000241699380548	0.0054226425539	0.00721589602249	0.00300954712553	0.00355531992032	0.0127009126101	1.16951313168e-05	0.0010447650643	0.00236631490311	0.0651184911721	0.0138626289876	0.0110869844884	7.40691650066e-05	0.000362549070822	0.0103969717407	0.0144590806847	0.000136443198696	0.000191020478175	3.11870168449e-05	0	0.00606587477633	0	9.35610505347e-05	0.000346955562399	2.72886397393e-05	0.0131102422062	0.00698199339615	1.16951313168e-05	0.0022922457381	1.55935084224e-05	1.16951313168e-05	4.67805252673e-05	0.0020856317515	0	0	0	0.00591773644632	0.00044441499004	0.00126697255932	5.84756565842e-05	0.010299512313	7.79675421122e-06	0.000132544821591	0.000378142579244	0.00766031101253	6.62724107954e-05	3.11870168449e-05	0	3.89837710561e-06	0	0	0.00427262130775	0.00098628940772	0.00650249301216	0.00135273685565	0.00216749767072	0.00102527317878	7.79675421122e-06	0.00022220749502	1.55935084224e-05	2.72886397393e-05	1.55935084224e-05	1.16951313168e-05	0	3.89837710561e-06
0.0198505362218	0.00047950038399	0.00460398336173	0	0.00115391962326	0.00136833036407	0.00248326621627	0.0098628940772	0.0150048534795	0.00664673296507	0.00305242927369	0.0148995972976	0.0100851015722	0.00211681876835	0.0399622637096	0.000892728357185	1.55935084224e-05	0.00233512788626	0.000537976040574	0.0021519041623	0.0119329323203	0.00457669472199	0.00116951313168	0.00918067808371	0.00637774494478	7.0170787901e-05	0.006533680029	0.0012474806738	0.0138626289876	0.0948787019964	0.0218114199059	0.000452211744251	0.0070170787901	0.0304775122117	0.0607640039452	0.000323565299766	0.000148138330013	3.89837710561e-06	0	0.0007640819127	0	0.000939508882452	0.00399193815615	0.00217919280204	0.00879473875026	0.00725877817065	0.00102917155588	0.00240529867416	0.000183223723964	0.00179715184569	0.00047950038399	0.000187122101069	2.33902626337e-05	3.89837710561e-05	8.18659192178e-05	0.00278733963051	0.00015983346133	0.000510687400835	0.000109154558957	0.0111025779968	1.94918855281e-05	0.000311870168449	0.000296276660026	0.00676758265534	0.00223766845862	8.18659192178e-05	4.67805252673e-05	0.000237801003442	0	8.96626734291e-05	0.00806964060861	0.000526280909257	0.023070595711	0.00556688250681	0.0045143206883	0.00537976040574	0.000163731838436	0.0016685054012	0.00103306993299	0.00253004674154	0.000900525111396	0.00144629790618	3.50853939505e-05	3.89837710561e-06
0.0135195718023	0.000448313367145	0.00638554169899	0	7.79675421122e-06	0.000171528592647	0.000428821481617	0.0120927657816	0.00385549495745	0.0050055162036	2.33902626337e-05	0.00305242927369	2.72886397393e-05	8.96626734291e-05	0.00927813751135	0.000534077663469	1.16951313168e-05	0.00574620785367	0.000654927353743	0.00366057610217	5.45772794786e-05	0.0135039782938	0.000612045205581	0.0137144906575	0.00186732263359	3.89837710561e-05	0.00484958111938	0.00123968391958	0.0110869844884	0.0218114199059	0.050273471154	3.11870168449e-05	0.000116951313168	0.0110869844884	0.0148489183953	0.00022220749502	0.000144239952908	2.33902626337e-05	0	1.94918855281e-05	0	3.50853939505e-05	0.000623740336898	0.000253394511865	0.00345396211557	0.001181208263	0.000460008498462	0.000612045205581	3.11870168449e-05	0.000210512363703	7.79675421122e-05	5.84756565842e-05	3.50853939505e-05	6.62724107954e-05	8.57642963234e-05	0.000374244202139	0.000471703629779	0.000440516612934	0.000471703629779	0.00281072989315	0	0.000612045205581	0.00022220749502	0.00138002549539	0.000210512363703	0.000814760815073	0	3.89837710561e-06	7.79675421122e-06	3.89837710561e-05	0.00186342425648	0.000163731838436	0.00686504208298	0.00184393237095	0.00203885122623	0.000537976040574	2.33902626337e-05	0.00128256606775	0.000358650693716	0.000631537091109	0.000327463676871	0.000311870168449	0	0
2.72886397393e-05	3.89837710561e-05	0	0	3.89837710561e-06	1.16951313168e-05	7.79675421122e-06	2.72886397393e-05	0.000101357804746	3.89837710561e-05	1.94918855281e-05	0.00140341575802	7.40691650066e-05	0.00499771944939	0.000191020478175	3.89837710561e-06	0	3.11870168449e-05	0	5.45772794786e-05	9.35610505347e-05	2.33902626337e-05	0	2.72886397393e-05	1.16951313168e-05	0.000370345825033	0.00238580678863	0.00110713909799	7.40691650066e-05	0.000452211744251	3.11870168449e-05	0.00552400035865	4.28821481617e-05	0.00022220749502	0.00054187441768	1.16951313168e-05	0	0	0	7.79675421122e-06	0	0	3.11870168449e-05	7.79675421122e-06	4.28821481617e-05	3.11870168449e-05	0.00143070439776	1.16951313168e-05	0.0010447650643	1.55935084224e-05	0	0	0	7.79675421122e-06	0	3.89837710561e-06	7.79675421122e-06	0	0	7.0170787901e-05	0.000265089643182	0.000261191266076	3.89837710561e-06	3.89837710561e-05	7.79675421122e-06	0	3.89837710561e-06	0	0	7.79675421122e-06	5.06789023729e-05	0.00012474806738	0.000362549070822	1.94918855281e-05	3.89837710561e-06	0	0	7.79675421122e-06	0.000214410740809	2.33902626337e-05	0	3.89837710561e-06	0	5.84756565842e-05
