0.0166420997575	0	0	0	0	0	0.00011411725548	0.0107840806429	0.0021872473967	1.901954258e-05	0.00069421330417	0	0	0	0.00750320954781	0	0	0	0	0	0	0	0	0	0.00016166611193	0	0	0	0.00918643906614	0.0056107650611	0.0035186153773	0	0	9.50977129e-06	4.754885645e-05	0	0	0	0	0	0	0	0	0	0	0	0	0	0	0	0	0	0	0	0	0	0	0	0	9.50977129e-06	0	0	0	0	0	0	0	0	0	1.901954258e-05	2.852931387e-05	0	7.607817032e-05	9.50977129e-06	9.50977129e-06	0	0	6.656839903e-05	0	9.50977129e-06	0	0	0	0
0	0.0125338785602	0	0	0.00015215634064	0	0	0	0	0.00470733678855	0	0	0	3.803908516e-05	0	0	0	0	0	0	0	0	0.00472635633113	0	0.00450763159146	0.00060862536256	0.00099852598545	0.00971898625838	9.50977129e-05	0	0	0	0	0	0	0	0.00632399790785	0	0	0	0	0	0	0	2.852931387e-05	0	0	0	0.00023774428225	0	0	7.607817032e-05	0	0	0	0	0	0.00011411725548	0	9.50977129e-05	0.0007607817032	0.00017117588322	0.00658076173268	0	0	0	0.00011411725548	0	0	0	0	9.50977129e-06	0	0	0	0	0	0	0	0	0	0	0	0
0	0	0.0211212020351	0	0	0	0	0	0	0	0	0	0	0	0	0	0	0.00270077504636	0	0	0	9.50977129e-06	0	0.00964290808806	0	0	0.00354714469117	0.00948124197613	0	0	0	0	0	0	0	0	0.00093195758642	0	0	0	0	0	0	0	0	0	0	0	0	0	0	0	0	0	0	0	0	0	0	0	0	0.00055156673482	0.00117921163996	0	0	0	0	0	0	0	0	0.00023774428225	0	0	0	0	0	0	0	0	0	0	0	0
0	0	0	0	0	0	0	0	0	0	0	0	0	0	0	0	0	0	0	0	0	0	0	0	0	0	0	0	0	0	0	0	0	0	0	0	0	0	0	0	0	0	0	0	0	0	0	0	0	0	0	0	0	0	0	0	0	0	0	0	0	0	0	0	0	0	0	0	0	0	0	0	0	0	0	0	0	0	0	0	0	0	0	0
0	0.00015215634064	0	0	0.0196376777139	0	0.00069421330417	3.803908516e-05	9.50977129e-06	0.0156245542295	0.00263420664733	0	0.00303361704151	0	9.50977129e-06	0.00121725072512	0	0	0	0	0.00790261994199	0	0.00019970519709	0	0.0169369026675	0	0	0.00014264656935	0.00716085778137	0	0	0	0	0	0	0	0	0	0	0.00026627359612	0	0	0	0	0.00393704531406	0	9.50977129e-06	9.50977129e-06	0	0	0	0	9.50977129e-06	0	9.50977129e-06	0.00017117588322	0	0	0	0.0117540773144	0	9.50977129e-06	0	0.00461223907565	5.705862774e-05	8.558794161e-05	0	0	1.901954258e-05	8.558794161e-05	1.901954258e-05	0	0	0	0.00145499500737	0	0	0.00015215634064	9.50977129e-06	2.852931387e-05	1.901954258e-05	9.50977129e-06	0	0
0	0	0	0	0	0.00412724073986	0.00174979791736	0.00086538918739	0.00124578003899	1.901954258e-05	0.00072274261804	0	0.00017117588322	0	0.00073225238933	0.00056107650611	0	0	0	0	0	0	0	0	0.00011411725548	0	0	0	0.00067519376159	0	0	0	0.00022823451096	0	0	0	0	0	0	0	0	0	0	0	0	0	0	1.901954258e-05	0	0	0	0	0	0	0	0	0	0	0	0	0	0	0	0	0	0	0	0	0	0	3.803908516e-05	0	9.50977129e-06	9.50977129e-06	0.00097950644287	0.00058009604869	0	0	0	0	0	0	0	0
0.00011411725548	0	0	0	0.00069421330417	0.00174979791736	0.0362322286149	0.00622890019495	0.0167086681565	0.00150254386382	0.0240502115924	0.0034235176644	0.00744615092007	9.50977129e-06	0.00501164946983	0.00229185488089	0	0.00090342827255	0.00091293804384	0.00202558128477	0.00018068565451	0	0	9.50977129e-06	0.00365175217536	0	0.00153107317769	9.50977129e-06	0.00690409395654	0.00124578003899	0	9.50977129e-06	0	0	0.00125528981028	0	0	0	0	0	0	0	0	0	0	0	0	0.00288146070087	0	0	9.50977129e-06	0	0	0	0	9.50977129e-06	0	0	0	8.558794161e-05	0	0	0	5.705862774e-05	0	0	0	0	0	2.852931387e-05	0.00051352764966	0	0.00946222243355	0.00040892016547	0.00117921163996	0	3.803908516e-05	0.00016166611193	0	0	0	0.00010460748419	0	0
0.0107840806429	0	0	0	3.803908516e-05	0.00086538918739	0.00622890019495	0.0736436688698	0.0143407351053	0.00143597546479	0.0175265084875	0.00109362369835	0	0	0.0236317816557	0.0002852931387	0	8.558794161e-05	0.00015215634064	0.00054205696353	9.50977129e-06	0.00966192763064	0	0.00757928771813	0.00463125861823	0	0.0003803908516	0.00023774428225	0.0274261804004	0.00503066901241	0.0271599068042	0	0	0.00037088108031	0.00572488231658	0	0	0	0	0	0	0	6.656839903e-05	0	0	0	0	0	0	0.00011411725548	0	0	8.558794161e-05	1.901954258e-05	9.50977129e-06	0	9.50977129e-06	0	2.852931387e-05	0.00061813513385	0	0	0	0.00110313346964	0.00056107650611	0.00074176216062	0	0	0.0004754885645	0.00118872141125	0.0013313679806	0	0.00747468023394	0.00075127193191	4.754885645e-05	0	0	0.00037088108031	1.901954258e-05	0.00044695925063	0.00019970519709	0	0	0
0.0021872473967	0	0	0	9.50977129e-06	0.00124578003899	0.0167086681565	0.0143407351053	0.0380105558461	4.754885645e-05	0.0209690456945	0.00083685987352	0.00038990062289	0	0.0191621891494	0.00027578336741	0	3.803908516e-05	0.00023774428225	0.00019970519709	0	0.00042793970805	0	0.00034235176644	0.00265322618991	0	0.00051352764966	0.00017117588322	0.0108886881271	0.00097950644287	0.00063715467643	0	0	0	0.00025676382483	0	0	0	0	0	0	0	0	0	0	0	0	0.00010460748419	0	0	0	0	9.50977129e-06	0	0	0	0	0	0	0.00027578336741	0	0	0	0.00023774428225	0	0	0	0	0	0.00011411725548	0.00063715467643	0	0.00283391184442	0.00022823451096	0.00048499833579	0	9.50977129e-06	0.00011411725548	0	9.50977129e-06	9.50977129e-06	0	0	0
1.901954258e-05	0.00470733678855	0	0	0.0156245542295	1.901954258e-05	0.00150254386382	0.00143597546479	4.754885645e-05	0.0563739242071	0.00188293471542	0	0.00593409728496	0	3.803908516e-05	0.00309067566925	0.00084636964481	0	0	0	0.00692311349912	0	0.0102895725358	0.00018068565451	0.0500594360706	0.00027578336741	1.901954258e-05	0.00612429271076	0.0286529408968	1.901954258e-05	0	0	0	0	2.852931387e-05	0	7.607817032e-05	0	0	0.0002852931387	0.0002852931387	9.50977129e-06	4.754885645e-05	0	0.0110883933241	0	1.901954258e-05	0.00013313679806	0	0.00060862536256	0.00024725405354	0.00519233512434	2.852931387e-05	4.754885645e-05	2.852931387e-05	0	0	0.00660929104655	0.00012362702677	0.0295563691693	0	1.901954258e-05	0.00010460748419	0.0112215301222	0.00195901288574	0.00282440207313	0	0	0.00167371974704	0.00300508772764	4.754885645e-05	3.803908516e-05	9.50977129e-06	1.901954258e-05	0.00260567733346	1.901954258e-05	0	0.00188293471542	0.00016166611193	0.00098901621416	0.0002852931387	0.00096999667158	0	0
0.00069421330417	0	0	0	0.00263420664733	0.00072274261804	0.0240502115924	0.0175265084875	0.0209690456945	0.00188293471542	0.0657695782416	0.00239646236508	0.00537302077885	0	0.012134468166	0.00052303742095	2.852931387e-05	0.00116970186867	0.0008558794161	0.0024725405354	0.0030431268128	0.00056107650611	0	0.00045646902192	0.00391802577148	0	0.00089391850126	0.00020921496838	0.0145499500737	0.00165470020446	0.00135038752318	0	9.50977129e-06	0	0.0026627359612	0	0	0	0	0.00030431268128	0	0	0	0	0	0.00055156673482	0	0.00501164946983	0	0	0	0	1.901954258e-05	0	0	0.00093195758642	0	0	9.50977129e-06	0.00236793305121	0	0	0	0.00182587608768	0	2.852931387e-05	0	0	0	0.00014264656935	0.00224430602444	0	0.0110028053825	0.00128381912415	0.00046597879321	6.656839903e-05	9.50977129e-06	0.00015215634064	0	9.50977129e-06	2.852931387e-05	0	0	0
0	0	0	0	0	0	0.0034235176644	0.00109362369835	0.00083685987352	0	0.00239646236508	0.0300128381912	8.558794161e-05	0.00452665113404	0.00595311682754	0	0	0.00042793970805	0.00447910227759	0.00581998002948	0	8.558794161e-05	0	0.00077029147449	0.00077029147449	0.00079882078836	0.0090342827255	0.00058009604869	0.00141695592221	0.00615282202463	1.901954258e-05	0.00065617421901	0.00056107650611	0	0.0101944748229	0	9.50977129e-06	0	0	0	0	0	0	0	0	0	0.00043744947934	0.00039941039418	0.00065617421901	0	0	0	0	0	0	0	0	1.901954258e-05	0	1.901954258e-05	0.00016166611193	0.00037088108031	2.852931387e-05	1.901954258e-05	0	4.754885645e-05	0.00037088108031	0	0	4.754885645e-05	0.00484047358661	0.00334743949408	0.0148447529837	0.00290048024345	0	6.656839903e-05	0.0016166611193	0.00011411725548	9.50977129e-06	0	0	0	0	0
0	0	0	0	0.00303361704151	0.00017117588322	0.00744615092007	0	0.00038990062289	0.00593409728496	0.00537302077885	8.558794161e-05	0.0200180685655	0	5.705862774e-05	0.00409871142599	0	6.656839903e-05	2.852931387e-05	8.558794161e-05	0.00467880747468	0	3.803908516e-05	0	0.004754885645	0	4.754885645e-05	0	0.00100803575674	5.705862774e-05	0	0	9.50977129e-06	0	5.705862774e-05	0	0	0	0	9.50977129e-05	1.901954258e-05	0	0	0	0.0005705862774	0	0	0.00251057962056	0	0	8.558794161e-05	0	0	0	0	2.852931387e-05	0	0	0	0.00136940706576	0	0	0	0.00012362702677	0	0	0	0	0	0	0.00014264656935	0	0.00229185488089	0.00019970519709	0.00146450477866	0	0	0.00087489895868	0	0	0	0.00059911559127	0	0
0	3.803908516e-05	0	0	0	0	9.50977129e-06	0	0	0	0	0.00452665113404	0	0.0180495459084	2.852931387e-05	0	0	0	0	0	0	0	0	0	0	0.00229185488089	0.00470733678855	0.00164519043317	0	0	0	0.00040892016547	0	0	0.00013313679806	0	0.00018068565451	0	0	0	0	0	0	0	5.705862774e-05	0	0.0012362702677	0	0.00819742285198	0	0	9.50977129e-06	0	9.50977129e-06	0	0	0	6.656839903e-05	0	9.50977129e-06	0.00501164946983	0.00410822119728	0.00194950311445	0	0	0	0.0068470353288	0	0	9.50977129e-06	3.803908516e-05	0.00911036089582	0.00119823118254	0	0	0	0.00132185820931	0	0	0	0	0	0	1.901954258e-05
0.00750320954781	0	0	0	9.50977129e-06	0.00073225238933	0.00501164946983	0.0236317816557	0.0191621891494	3.803908516e-05	0.012134468166	0.00595311682754	5.705862774e-05	2.852931387e-05	0.0466549379487	0.00027578336741	0	3.803908516e-05	0.00084636964481	0.0002852931387	9.50977129e-06	0.00058960581998	0	0.00042793970805	0.0015215634064	0	0.00089391850126	0.00020921496838	0.0134753459179	0.00850173553326	0.00434596547953	9.50977129e-06	0.00087489895868	0	0.00535400123627	0	0	0	0	0	0	0	0	0	0	0	0	3.803908516e-05	0	0	0	0	1.901954258e-05	0	0	0	0	0	9.50977129e-06	0.00021872473967	0	0	0	0.00018068565451	0	0	0	0	0	9.50977129e-05	0.00077980124578	1.901954258e-05	0.0039941039418	0.00051352764966	0.00011411725548	9.50977129e-06	0.00012362702677	0.00012362702677	0	9.50977129e-06	2.852931387e-05	0	0	0
0	0	0	0	0.00121725072512	0.00056107650611	0.00229185488089	0.0002852931387	0.00027578336741	0.00309067566925	0.00052303742095	0	0.00409871142599	0	0.00027578336741	0.00911036089582	3.803908516e-05	0	0	0	9.50977129e-05	0.00019970519709	0	0.00017117588322	0.00250106984927	0	0	0	0.00291949978603	9.50977129e-06	0	0	0	0	0	0	0	0	0	0	9.50977129e-06	0	0	0	9.50977129e-06	0	0	9.50977129e-05	0	0	4.754885645e-05	0.00040892016547	0	0	0	0	0	0.00050401787837	0	0.00048499833579	0	0	9.50977129e-06	0.00027578336741	0	5.705862774e-05	0	0	0	0.00011411725548	0.00031382245257	0	0	0	0.00032333222386	5.705862774e-05	0	0.00041842993676	9.50977129e-06	0	0	0.00020921496838	0	0
0	0	0	0	0	0	0	0	0	0.00084636964481	2.852931387e-05	0	0	0	0	3.803908516e-05	0.0198564024535	0	0	0	0	0.00340449812182	0.0108126099567	0.00699919166944	0.00697066235557	0	0	0.00186391517284	0.00249156007798	0	0	0	0	0	0	0	9.50977129e-06	0	0	0	0	0	0	0	9.50977129e-06	0	0	0	0	0	0	0.00440302410727	0	0	0	0	0.00310969521183	0.00777899291522	0.00516380581047	0.00013313679806	0	0	0.00482145404403	0.00086538918739	0	0	0	0	0	0	0.00249156007798	0.00056107650611	0	0	0	0	0	1.901954258e-05	9.50977129e-06	0	0	0	0	0
0	0	0.00270077504636	0	0	0	0.00090342827255	8.558794161e-05	3.803908516e-05	0	0.00116970186867	0.00042793970805	6.656839903e-05	0	3.803908516e-05	0	0	0.0209690456945	0	0.00648566401978	0	4.754885645e-05	0	0.00674242784461	4.754885645e-05	0	0.00225381579573	0.0014264656935	0.00014264656935	0.00117921163996	1.901954258e-05	0	0	0	0.0075127193191	0	0.00120774095383	0	0	0	0	0	0	0	0	0	0	0.00023774428225	0	0	0	9.50977129e-06	0	0.00031382245257	0.00069421330417	0	0	1.901954258e-05	0	3.803908516e-05	0.00010460748419	0.00132185820931	0.00135989729447	4.754885645e-05	0	0	0	0	0	9.50977129e-06	0.00282440207313	0.00090342827255	0.00727497503685	0.00045646902192	0	0	0	4.754885645e-05	1.901954258e-05	0	0	0	0	0
0	0	0	0	0	0	0.00091293804384	0.00015215634064	0.00023774428225	0	0.0008558794161	0.00447910227759	2.852931387e-05	0	0.00084636964481	0	0	0	0.00614331225334	0.0016166611193	0	9.50977129e-06	0	0.00010460748419	0.00025676382483	0	0.00319528315344	7.607817032e-05	0.00059911559127	0.00098901621416	0	0	0	0	0.00059911559127	0	2.852931387e-05	0	0	0	0	0	0	0	0	0	0	0.00014264656935	0	0	0	0	0	9.50977129e-05	1.901954258e-05	0	0	0	0	0	9.50977129e-06	0.00014264656935	3.803908516e-05	0	0	9.50977129e-06	0	0	0	9.50977129e-06	0.00122676049641	0.00049450810708	0.00315724406828	0.0003803908516	0	0	0	9.50977129e-06	0	0	0	0	0	0
0	0	0	0	0	0	0.00202558128477	0.00054205696353	0.00019970519709	0	0.0024725405354	0.00581998002948	8.558794161e-05	0	0.0002852931387	0	0	0.00648566401978	0.0016166611193	0.0151966145214	0	4.754885645e-05	0	0.00040892016547	0.00012362702677	0	0.00112215301222	0.00029480290999	0.00052303742095	0.00166420997575	0	0	0	0	0.00605772431173	0	0.00027578336741	0	0	0	0	0	0	0	0	0	0	0.00055156673482	0	0	0	0	0	1.901954258e-05	0.00022823451096	0	0	9.50977129e-06	0	4.754885645e-05	6.656839903e-05	0.00023774428225	0.00012362702677	4.754885645e-05	0	9.50977129e-06	0	0	0	1.901954258e-05	0.00239646236508	0.00092244781513	0.00853026484713	0.00109362369835	0	0	0	2.852931387e-05	0	0	0	0	0	0
0	0	0	0	0.00790261994199	0	0.00018068565451	9.50977129e-06	0	0.00692311349912	0.0030431268128	0	0.00467880747468	0	9.50977129e-06	9.50977129e-05	0	0	0	0	0.0139983833389	0	0	0	0.00720840663782	0	0	0	0.00286244115829	0	0	0	9.50977129e-06	0	0	0	0	0	0	0.00032333222386	0	0	0	0	0.00172126860349	0	0	0.00060862536256	0	0	0	0	0	0	0	0.00019970519709	0	0	0	0.00635252722172	0	0	0	0.00316675383957	0	0	0	0	0	0	0.00014264656935	0	0.00019970519709	0.00013313679806	0.00130283866673	9.50977129e-06	0	0.00023774428225	0	0	0	6.656839903e-05	0	0
0	0	9.50977129e-06	0	0	0	0	0.00966192763064	0.00042793970805	0	0.00056107650611	8.558794161e-05	0	0	0.00058960581998	0.00019970519709	0.00340449812182	4.754885645e-05	9.50977129e-06	4.754885645e-05	0	0.0597879321002	0.00204460082735	0.0384384955542	0.00088440872997	0	7.607817032e-05	0.00015215634064	0.0130093671247	0.00022823451096	0.0228805097237	9.50977129e-06	0	0.00240597213637	0.00677095715848	0	2.852931387e-05	0	0	0	0	0	0	0	0	0	0	0	0	0	0	0.00153107317769	0.00013313679806	0	0.00010460748419	0	0.00127430935286	0.00395606485664	0.00390851600019	0	0	9.50977129e-06	0.00157862203414	0.00024725405354	0.00010460748419	2.852931387e-05	0	0	0	0.00015215634064	0.0113641766916	0.00145499500737	0.00531596215111	0.00038990062289	0	0	0	0.00024725405354	5.705862774e-05	0.00010460748419	0.00013313679806	0	0	0
0	0.00472635633113	0	0	0.00019970519709	0	0	0	0	0.0102895725358	0	0	3.803908516e-05	0	0	0	0.0108126099567	0	0	0	0	0.00204460082735	0.0496885549903	0.0124007417622	0.0207978698112	0.00027578336741	2.852931387e-05	0.013903285626	0.00556321620465	0	0	0	0	0	0	0	0.0039941039418	0	0	0	0	0	0	0	0.0001901954258	0	0	0	0	0	0	0.0121820170225	0	0	0	0	0.00489753221435	0.0304122485854	0.0109267272122	0.00309067566925	0	0	0.019380913889	0.00679948647235	0	0	0	0	0	0	8.558794161e-05	2.852931387e-05	0	0	0	0	0	0	0	0	0	0	0	0
0	0	0.00964290808806	0	0	0	9.50977129e-06	0.00757928771813	0.00034235176644	0.00018068565451	0.00045646902192	0.00077029147449	0	0	0.00042793970805	0.00017117588322	0.00699919166944	0.00674242784461	0.00010460748419	0.00040892016547	0	0.0384384955542	0.0124007417622	0.0945841852503	0.00105558461319	0	0.00138842660834	0.0126479958157	0.00933859540678	0.00027578336741	0.0123817222196	9.50977129e-06	0	0	0.0084636964481	0	0.00405116256954	0	0	0	0	0	0	0	0	0	0	0	0	0	0	0.0064666444772	0.00017117588322	0	0.00014264656935	0	0.00156911226285	0.0127430935286	0.00676144738719	0	0	0.00017117588322	0.0143692644192	0.00035186153773	0.00013313679806	0.00013313679806	0	0	0	0.00043744947934	0.0166991583852	0.00455518044791	0.00883457752841	0.00183538585897	0	0	0	0.00280538253055	0.00213018876896	0.00013313679806	0.00013313679806	0	0	0
0.00016166611193	0.00450763159146	0	0	0.0169369026675	0.00011411725548	0.00365175217536	0.00463125861823	0.00265322618991	0.0500594360706	0.00391802577148	0.00077029147449	0.004754885645	0	0.0015215634064	0.00250106984927	0.00697066235557	4.754885645e-05	0.00025676382483	0.00012362702677	0.00720840663782	0.00088440872997	0.0207978698112	0.00105558461319	0.0789786505635	0.00027578336741	0.00059911559127	0.0056107650611	0.0438685749608	0.00023774428225	2.852931387e-05	0	0	0	0.00011411725548	0	3.803908516e-05	0	0	0.00026627359612	0	0	8.558794161e-05	0	0.0108506490419	0	1.901954258e-05	0	0	0.00060862536256	0	0.00701821121202	2.852931387e-05	4.754885645e-05	2.852931387e-05	0	0.00423184822405	0.0146735771005	0.00598164614141	0.0309638153202	0	1.901954258e-05	0.0002852931387	0.0178118016262	0.0019970519709	0.00283391184442	0	0	0.0017117588322	0.00289097047216	0.00366126194665	0.00039941039418	0.00146450477866	0.00015215634064	0.00162617089059	0	0	0.00054205696353	6.656839903e-05	0.00100803575674	0.00027578336741	6.656839903e-05	0	0
0	0.00060862536256	0	0	0	0	0	0	0	0.00027578336741	0	0.00079882078836	0	0.00229185488089	0	0	0	0	0	0	0	0	0.00027578336741	0	0.00027578336741	0.00662831058913	0.00046597879321	0.00191146402929	0	0	0	0	0	0	0	0	0.0003803908516	0	0	0	0	0	0	0	7.607817032e-05	0	0.00078931101707	0	0.00287195092958	0	0	0	0	0	0	0	0	7.607817032e-05	0	0	0.00262469687604	0.00025676382483	0.00038990062289	0	0	0	0.00073225238933	0	0	5.705862774e-05	0	0.00165470020446	0	0	0	0	0.00096048690029	0	0	0	0	0	0	8.558794161e-05
0	0.00099852598545	0.00354714469117	0	0	0	0.00153107317769	0.0003803908516	0.00051352764966	1.901954258e-05	0.00089391850126	0.0090342827255	4.754885645e-05	0.00470733678855	0.00089391850126	0	0	0.00225381579573	0.00319528315344	0.00112215301222	0	7.607817032e-05	2.852931387e-05	0.00138842660834	0.00059911559127	0.00046597879321	0.042860539204	0.0104797679616	0.00088440872997	0.00043744947934	1.901954258e-05	0.00125528981028	0	0	0.00016166611193	0	0.00281489230184	0	0	0	0	0	0	0	5.705862774e-05	0	0.00010460748419	9.50977129e-05	0.00229185488089	0	0	1.901954258e-05	0	0.00317626361086	0.00033284199515	0	0	8.558794161e-05	0	1.901954258e-05	0.00757928771813	0.0088440872997	0.00746517046265	0	0	3.803908516e-05	0.00173077837478	0	0	3.803908516e-05	0.00470733678855	0.00620037088108	0.00819742285198	0.00290048024345	0	0	5.705862774e-05	0.00013313679806	9.50977129e-06	0	0	0	0	0
0	0.00971898625838	0.00948124197613	0	0.00014264656935	0	9.50977129e-06	0.00023774428225	0.00017117588322	0.00612429271076	0.00020921496838	0.00058009604869	0	0.00164519043317	0.00020921496838	0	0.00186391517284	0.0014264656935	7.607817032e-05	0.00029480290999	0	0.00015215634064	0.013903285626	0.0126479958157	0.0056107650611	0.00191146402929	0.0104797679616	0.0823546193714	0.00068470353288	0	9.50977129e-05	0	0	0	0.00065617421901	0	0.0278351005658	9.50977129e-06	0	0	0	0	0	0	0.00021872473967	0	2.852931387e-05	0	0.00128381912415	0	0	0.00118872141125	4.754885645e-05	3.803908516e-05	7.607817032e-05	0	0	0.00940516380581	0	0.00058009604869	0.00181636631639	0.00127430935286	0.0365935999239	3.803908516e-05	4.754885645e-05	1.901954258e-05	0.0004754885645	0	0	0.00016166611193	0.00422233845276	0.00090342827255	0.00115068232609	0.00110313346964	4.754885645e-05	0	3.803908516e-05	0.00074176216062	0.00032333222386	5.705862774e-05	0	0	0	0
0.00918643906614	9.50977129e-05	0	0	0.00716085778137	0.00067519376159	0.00690409395654	0.0274261804004	0.0108886881271	0.0286529408968	0.0145499500737	0.00141695592221	0.00100803575674	0	0.0134753459179	0.00291949978603	0.00249156007798	0.00014264656935	0.00059911559127	0.00052303742095	0.00286244115829	0.0130093671247	0.00556321620465	0.00933859540678	0.0438685749608	0	0.00088440872997	0.00068470353288	0.109229233037	0.00402263325567	0.0180590556797	0	0	9.50977129e-06	0.0013313679806	9.50977129e-06	3.803908516e-05	0	0	0.00024725405354	0	0	8.558794161e-05	0	0.00724644572298	0	1.901954258e-05	0	0	0.00061813513385	0	0.00685654510009	7.607817032e-05	4.754885645e-05	2.852931387e-05	2.852931387e-05	0.00155960249156	0.0113641766916	0.00231087442347	0.0234320764586	0	1.901954258e-05	2.852931387e-05	0.014198088536	0.00202558128477	0.0029480290999	0	0	0.00174028814607	0.00360420331891	0.00968094717322	0.00021872473967	0.00499262992725	0.0017117588322	0.00032333222386	0	0	0.00090342827255	0.00017117588322	0.00124578003899	0.00034235176644	0	0	0
0.0056107650611	0	0	0	0	0	0.00124578003899	0.00503066901241	0.00097950644287	1.901954258e-05	0.00165470020446	0.00615282202463	5.705862774e-05	0	0.00850173553326	9.50977129e-06	0	0.00117921163996	0.00098901621416	0.00166420997575	0	0.00022823451096	0	0.00027578336741	0.00023774428225	0	0.00043744947934	0	0.00402263325567	0.0219770814512	0.00421282868147	0	0.00073225238933	0.00144548523608	0.00835908896391	0	0	0	0	0	0	0	0	0	0	0	0	0.00020921496838	0	0	0	0	0	0	0	0	0	0	0	2.852931387e-05	0	0	0	1.901954258e-05	0	0	0	0	0	1.901954258e-05	9.50977129e-05	1.901954258e-05	0.00396557462793	7.607817032e-05	0	0	4.754885645e-05	5.705862774e-05	0	9.50977129e-06	0	0	0	0
0.0035186153773	0	0	0	0	0	0	0.0271599068042	0.00063715467643	0	0.00135038752318	1.901954258e-05	0	0	0.00434596547953	0	0	1.901954258e-05	0	0	0	0.0228805097237	0	0.0123817222196	2.852931387e-05	0	1.901954258e-05	9.50977129e-05	0.0180590556797	0.00421282868147	0.0573058817935	0	0	0.00279587275926	0.0119062336551	0	0	0	0	0	0	0	0	0	0	0	0	0	0	0	0	0	0.00013313679806	0	9.50977129e-06	0	9.50977129e-06	0	1.901954258e-05	0	0	0	9.50977129e-06	0	0	9.50977129e-06	0	0	0	2.852931387e-05	0.00105558461319	0	0.00775997337264	0.00088440872997	0	0	0	2.852931387e-05	9.50977129e-06	9.50977129e-06	0.00015215634064	0	0	0
0	0	0	0	0	0	9.50977129e-06	0	0	0	0	0.00065617421901	0	0.00040892016547	9.50977129e-06	0	0	0	0	0	0	9.50977129e-06	0	9.50977129e-06	0	0	0.00125528981028	0	0	0	0	0.00125528981028	0	0	0	0	0	0	0	0	0	0	0	0	0	0	0	0	0	0	0	0	0	0	0	0	0	0	0	0	0	0	0	0	0	0	0	0	0	0	0.00015215634064	1.901954258e-05	0.00052303742095	1.901954258e-05	0	0	0	0	0	0	0	0	0	0
0	0	0	0	0	0.00022823451096	0	0	0	0	9.50977129e-06	0.00056107650611	9.50977129e-06	0	0.00087489895868	0	0	0	0	0	9.50977129e-06	0	0	0	0	0	0	0	0	0.00073225238933	0	0	0.00225381579573	0	0.00113166278351	0	0	0	0	0	0	0	0	0	0	0	0	9.50977129e-06	0	0	0	0	0	0	0	0	0	0	0	0	0	0	0	0	0	0	0	0	0	0	9.50977129e-06	5.705862774e-05	0.00040892016547	3.803908516e-05	6.656839903e-05	0.00043744947934	9.50977129e-05	0	0	0	0	0	0	0
9.50977129e-06	0	0	0	0	0	0	0.00037088108031	0	0	0	0	0	0	0	0	0	0	0	0	0	0.00240597213637	0	0	0	0	0	0	9.50977129e-06	0.00144548523608	0.00279587275926	0	0	0.00575341163045	0.00366126194665	0	0	0	0	0	0	0	0	0	0	0	0	0	0	0	0	0	0	0	0	0	0	0	0	0	0	0	0	0	0	0	0	0	0	0	0	0	0.00010460748419	0	0	0	0	0	0	0	0	0	0	0
4.754885645e-05	0	0	0	0	0	0.00125528981028	0.00572488231658	0.00025676382483	2.852931387e-05	0.0026627359612	0.0101944748229	5.705862774e-05	0.00013313679806	0.00535400123627	0	0	0.0075127193191	0.00059911559127	0.00605772431173	0	0.00677095715848	0	0.0084636964481	0.00011411725548	0	0.00016166611193	0.00065617421901	0.0013313679806	0.00835908896391	0.0119062336551	0	0.00113166278351	0.00366126194665	0.0455042556227	0	0.00058960581998	0	0	0	0	0	0	0	0	0	0	0.00037088108031	0	0	0	9.50977129e-06	0	0	0	0	5.705862774e-05	4.754885645e-05	7.607817032e-05	6.656839903e-05	0	0	0.00019970519709	9.50977129e-05	0	2.852931387e-05	0	0	0	7.607817032e-05	0.00144548523608	0.00052303742095	0.0239265845656	0.00046597879321	0	0.00012362702677	0.00056107650611	0.00087489895868	0.00068470353288	0	0	0	0	0
0	0	0	0	0	0	0	0	0	0	0	0	0	0	0	0	0	0	0	0	0	0	0	0	0	0	0	0	9.50977129e-06	0	0	0	0	0	0	0.0221862964196	0	0.00071323284675	0	0.00012362702677	0	9.50977129e-06	0.0043744947934	0.00662831058913	0	0.00018068565451	0	0.00026627359612	0	0.0195806190861	0	0.00163568066188	0.00140744615092	0	9.50977129e-05	0.00027578336741	0.00385145737245	0	0.00413675051115	0.00436498502211	0	0.00013313679806	0.00031382245257	0.00632399790785	0.0109457467548	0.0144263230469	0	0	0.00077980124578	0.00011411725548	0	0	0	0	0	0	0	2.852931387e-05	0	0.00040892016547	0.00017117588322	0	0	0
0	0.00632399790785	0.00093195758642	0	0	0	0	0	0	7.607817032e-05	0	9.50977129e-06	0	0.00018068565451	0	0	9.50977129e-06	0.00120774095383	2.852931387e-05	0.00027578336741	0	2.852931387e-05	0.0039941039418	0.00405116256954	3.803908516e-05	0.0003803908516	0.00281489230184	0.0278351005658	3.803908516e-05	0	0	0	0	0	0.00058960581998	0	0.0450002377443	9.50977129e-06	0	0	0	0	0	0	0.00214920831154	0	0	0	0.00072274261804	0	0	0.00486900290048	1.901954258e-05	0.00035186153773	0.0008558794161	0	2.852931387e-05	0.010822119728	4.754885645e-05	0.00417478959631	0.00432694593695	0.00201607151348	0.0381817317294	9.50977129e-06	0	3.803908516e-05	0.00018068565451	0	0	6.656839903e-05	0.00040892016547	0.00181636631639	6.656839903e-05	1.901954258e-05	0	0	0	0.00151205363511	0.0012362702677	0	0	0	0	0
0	0	0	0	0	0	0	0	0	0	0	0	0	0	0	0	0	0	0	0	0	0	0	0	0	0	0	9.50977129e-06	0	0	0	0	0	0	0	0.00071323284675	9.50977129e-06	0.0367077171794	0	0	0	0	0.00103656507061	9.50977129e-06	0	0	0	0	0	0.00116970186867	0	0	0.00801673719747	0	0.00239646236508	0	0.00336645903666	0	0.0158432789691	0	0	0.0096048690029	0.0169939612952	0	4.754885645e-05	0.00350910560601	0	0	0	0	0	0	0	0	0	0	0	0.0022823451096	2.852931387e-05	2.852931387e-05	0.00015215634064	0	0	0
0	0	0	0	0	0	0	0	0	0	0	0	0	0	0	0	0	0	0	0	0	0	0	0	0	0	0	0	0	0	0	0	0	0	0	0	0	0	0	0	0	0	0	0	0	0	0	0	0	0	0	0	0	0	0	0	0	0	0	0	0	0	0	0	0	0	0	0	0	0	0	0	0	0	0	0	0	0	0	0	0	0	0	0
0	0	0	0	0.00026627359612	0	0	0	0	0.0002852931387	0.00030431268128	0	9.50977129e-05	0	0	0	0	0	0	0	0.00032333222386	0	0	0	0.00026627359612	0	0	0	0.00024725405354	0	0	0	0	0	0	0.00012362702677	0	0	0	0.0167181779278	0.00035186153773	0.00022823451096	0	0.00032333222386	0.00102705529932	0.00010460748419	0.00211116922638	0.00857781370358	0	0.00036137130902	0.00021872473967	0	0	0.00303361704151	0.00260567733346	0.00869193095906	0	0	0	0.0114307450906	0	0.00179734677381	0	0.00586752888593	0.00468831724597	0	0	0	0	0.00505919832628	0	0	0	0	0	0	0	0.00065617421901	0.00118872141125	0.00421282868147	4.754885645e-05	0.00154058294898	0	0
0	0	0	0	0	0	0	0	0	0.0002852931387	0	0	1.901954258e-05	0	0	9.50977129e-06	0	0	0	0	0	0	0	0	0	0	0	0	0	0	0	0	0	0	0	0	0	0	0	0.00035186153773	0.00504968855499	0.00035186153773	0	0.00019970519709	0.00135989729447	0	0	0.00042793970805	0	0	0.00219675716799	0	0	0	0	0.00039941039418	0	0	0	0.00174979791736	0	0	0	0.0001901954258	0	0	0	0.00038990062289	0	0.00016166611193	0	0	0	0	0.00012362702677	0	0	0.00283391184442	0	0	0	0.00453616090533	0.0002852931387	0
0	0	0	0	0	0	0	0	0	9.50977129e-06	0	0	0	0	0	0	0	0	0	0	0	0	0	0	0	0	0	0	0	0	0	0	0	0	0	9.50977129e-06	0	0	0	0.00022823451096	0.00035186153773	0.0285863724977	0.0038990062289	0.0135894631734	0	0.0059911559127	1.901954258e-05	0.00762683657458	0	0.00029480290999	0.00296704864248	0	0	0	0	0.00596262659883	0	0	0	0.00236793305121	0	0	0	0.00896771432647	9.50977129e-05	0	0	0.00065617421901	9.50977129e-06	0.00083685987352	0	0	0	0	9.50977129e-06	0	0	0.00053254719224	9.50977129e-06	0.00044695925063	0.00027578336741	0.00291949978603	0.00089391850126	9.50977129e-06
0	0	0	0	0	0	0	6.656839903e-05	0	4.754885645e-05	0	0	0	0	0	0	0	0	0	0	0	0	0	0	8.558794161e-05	0	0	0	8.558794161e-05	0	0	0	0	0	0	0.0043744947934	0	0.00103656507061	0	0	0	0.0038990062289	0.0417383861918	0.00700870144073	0	0.00141695592221	0	0.00014264656935	0	0.00758879748942	0	0	0.00014264656935	9.50977129e-06	0.00058960581998	7.607817032e-05	0.00232989396605	0	0.00290999001474	0.00092244781513	0	0.0006656839903	6.656839903e-05	0.00972849602967	0.00735105320717	0.00607674385431	0	0	0.00548713803433	0.00661880081784	0	0	0	0	0	0	0	0.00013313679806	0	0.00158813180543	0.00043744947934	3.803908516e-05	2.852931387e-05	0
0	0	0	0	0	0	0	0	0	0	0	0	0	0	0	0	0	0	0	0	0	0	0	0	0	0	0	0	0	0	0	0	0	0	0	0.00662831058913	0	9.50977129e-06	0	0.00032333222386	0.00019970519709	0.0135894631734	0.00700870144073	0.0444962198659	0	0.0021872473967	0.00244401122153	0.00683752555751	0.00049450810708	0.0168703342685	0.00050401787837	0.0010460748419	1.901954258e-05	0.00010460748419	0	0.00431743616566	0.0032333222386	0	0.00166420997575	0.0084636964481	0	0	9.50977129e-06	0.0134087775189	0.00753173886168	0.00442204364985	0	0.00195901288574	0.00052303742095	0.00647615424849	0	0	0	0	0	0	0	0.00254861870572	5.705862774e-05	0.00476439541629	0.00176881745994	0.00173077837478	0.00224430602444	9.50977129e-06
0	2.852931387e-05	0	0	0.00393704531406	0	0	0	0	0.0110883933241	0	0	0.0005705862774	5.705862774e-05	0	9.50977129e-06	9.50977129e-06	0	0	0	0.00172126860349	0	0.0001901954258	0	0.0108506490419	7.607817032e-05	5.705862774e-05	0.00021872473967	0.00724644572298	0	0	0	0	0	0	0	0.00214920831154	0	0	0.00102705529932	0.00135989729447	0	0	0	0.0232323712615	0	1.901954258e-05	0.00214920831154	0.00023774428225	9.50977129e-06	0.00188293471542	0.00011411725548	0	9.50977129e-06	0	0.00048499833579	0	0.00519233512434	9.50977129e-06	0.0165184727307	0.00149303409253	4.754885645e-05	0.00071323284675	0.00044695925063	1.901954258e-05	0.00012362702677	3.803908516e-05	0	9.50977129e-06	0.00014264656935	0	9.50977129e-06	0	0	2.852931387e-05	0	0	0.0020921496838	1.901954258e-05	7.607817032e-05	2.852931387e-05	0.00245352099282	0	0
0	0	0	0	0	0	0	0	0	0	0.00055156673482	0	0	0	0	0	0	0	0	0	0	0	0	0	0	0	0	0	0	0	0	0	0	0	0	0.00018068565451	0	0	0	0.00010460748419	0	0.0059911559127	0.00141695592221	0.0021872473967	0	0.0179544481955	0.00018068565451	0.00329038086634	0	0.00156911226285	0	0	0	0.00013313679806	0.0003803908516	0.00753173886168	0	0	0	0.00163568066188	0	0.00036137130902	0	0.00683752555751	0.00110313346964	0	0	0	0	0.00062764490514	0	0	0	0	0	0	0	9.50977129e-06	9.50977129e-06	0.00035186153773	9.50977129e-06	0	0	0
0	0	0	0	9.50977129e-06	0	0	0	0	1.901954258e-05	0	0.00043744947934	0	0.0012362702677	0	0	0	0	0	0	0	0	0	0	1.901954258e-05	0.00078931101707	0.00010460748419	2.852931387e-05	1.901954258e-05	0	0	0	0	0	0	0	0	0	0	0.00211116922638	0	1.901954258e-05	0	0.00244401122153	1.901954258e-05	0.00018068565451	0.0292045076316	0.00375635965955	0.00752222909039	0.00428890685179	0	0	4.754885645e-05	0.0061813513385	0.00149303409253	0.00331891018021	0	0	0	0.00176881745994	0.00124578003899	0.00451714136275	0	0.00058960581998	0.00756026817555	0.00010460748419	0.00235842327992	0.00034235176644	9.50977129e-06	0.0119537825115	0.00027578336741	0.00143597546479	0	0	0.00025676382483	0	0.00051352764966	0.00297655841377	0.00685654510009	0.0062764490514	0.00067519376159	0.00032333222386	6.656839903e-05	0.00113166278351
0	0	0	0	9.50977129e-06	1.901954258e-05	0.00288146070087	0	0.00010460748419	0.00013313679806	0.00501164946983	0.00039941039418	0.00251057962056	0	3.803908516e-05	9.50977129e-05	0	0.00023774428225	0.00014264656935	0.00055156673482	0.00060862536256	0	0	0	0	0	9.50977129e-05	0	0	0.00020921496838	0	0	9.50977129e-06	0	0.00037088108031	0.00026627359612	0	0	0	0.00857781370358	0.00042793970805	0.00762683657458	0.00014264656935	0.00683752555751	0.00214920831154	0.00329038086634	0.00375635965955	0.0353953687414	0	0.00292900955732	0.00132185820931	0	0	0.00402263325567	0.00315724406828	0.0194094432029	0	0	3.803908516e-05	0.0111264324093	0	0.00224430602444	2.852931387e-05	0.00642860539204	0.00915790975227	0	0	0	1.901954258e-05	0.00719889686653	0.00013313679806	0	0.00290048024345	0.00024725405354	6.656839903e-05	0	0	0.00067519376159	0.00119823118254	0.00545860872046	0.00015215634064	0.00433645570824	9.50977129e-06	0
0	0.00023774428225	0	0	0	0	0	0	0	0	0	0.00065617421901	0	0.00819742285198	0	0	0	0	0	0	0	0	0	0	0	0.00287195092958	0.00229185488089	0.00128381912415	0	0	0	0	0	0	0	0	0.00072274261804	0	0	0	0	0	0	0.00049450810708	0.00023774428225	0	0.00752222909039	0	0.0214255147164	0.00111264324093	0	1.901954258e-05	0	9.50977129e-05	0	0	0	0.00025676382483	0	9.50977129e-06	0.0104987875042	0.00610527316818	0.00282440207313	0	0.00088440872997	0	0.00907232181066	0.00021872473967	0	0.00176881745994	0	0.00536351100756	0	0	0	0	0.00053254719224	1.901954258e-05	0.0003803908516	0.0006656839903	9.50977129e-06	0	2.852931387e-05	0.00072274261804
0	0	0	0	0	0	0	0.00011411725548	0	0.00060862536256	0	0	0	0	0	0	0	0	0	0	0	0	0	0	0.00060862536256	0	0	0	0.00061813513385	0	0	0	0	0	0	0.0195806190861	0	0.00116970186867	0	0.00036137130902	0	0.00029480290999	0.00758879748942	0.0168703342685	9.50977129e-06	0.00156911226285	0.00428890685179	0.00292900955732	0.00111264324093	0.0486329703771	0	0.00183538585897	0.00146450477866	0.0001901954258	0.00071323284675	0.00281489230184	0.00582948980077	0	0.00602919499786	0.00875849935809	0	0.00068470353288	0.0003803908516	0.0108886881271	0.0275022585707	0.0180115068233	0	0.00129332889544	0.00576292140174	0.0104797679616	0	0	0	0	0	0	0	0.00019970519709	1.901954258e-05	0.00264371641862	0.00074176216062	0.0001901954258	0.00050401787837	0
0	0	0	0	0	0	9.50977129e-06	0	0	0.00024725405354	0	0	8.558794161e-05	0	0	4.754885645e-05	0	0	0	0	0	0	0	0	0	0	0	0	0	0	0	0	0	0	0	0	0	0	0	0.00021872473967	0.00219675716799	0.00296704864248	0	0.00050401787837	0.00188293471542	0	0	0.00132185820931	0	0	0.00671389853074	0	0	0	0	0.00019970519709	0	0	0	0.00174028814607	0	0	0	4.754885645e-05	0	0	0	0	0	0	0	0	0	0	0.00013313679806	0	0	0.00216822785412	0	0	0	0.00500213969854	0	0
0	7.607817032e-05	0	0	0	0	0	0	0	0.00519233512434	0	0	0	9.50977129e-06	0	0.00040892016547	0.00440302410727	9.50977129e-06	0	0	0	0.00153107317769	0.0121820170225	0.0064666444772	0.00701821121202	0	1.901954258e-05	0.00118872141125	0.00685654510009	0	0	0	0	0	9.50977129e-06	0.00163568066188	0.00486900290048	0	0	0	0	0	0	0.0010460748419	0.00011411725548	0	0	0	1.901954258e-05	0.00183538585897	0	0.042432599496	1.901954258e-05	0	9.50977129e-06	0	0.00087489895868	0.031448813656	0.0107460415577	0.0146735771005	0.00055156673482	9.50977129e-06	0.0176311159717	0.0128286814702	0.00277685321668	0.00367077171794	9.50977129e-06	0	0.00222528648186	0.00205411059864	0.0002852931387	9.50977129e-06	4.754885645e-05	7.607817032e-05	2.852931387e-05	0	0	0.00084636964481	0.0002852931387	0.0005705862774	0.00022823451096	0	0	0
0	0	0	0	9.50977129e-06	0	0	8.558794161e-05	9.50977129e-06	2.852931387e-05	1.901954258e-05	0	0	0	1.901954258e-05	0	0	0	0	0	0	0.00013313679806	0	0.00017117588322	2.852931387e-05	0	0	4.754885645e-05	7.607817032e-05	0	0.00013313679806	0	0	0	0	0.00140744615092	1.901954258e-05	0.00801673719747	0	0	0	0	0.00014264656935	1.901954258e-05	0	0	4.754885645e-05	0	0	0.00146450477866	0	1.901954258e-05	0.0340925300747	0.00010460748419	0.00717036755266	0	0.00230136465218	0	0.0119442727402	8.558794161e-05	0	0.00430792639437	0.0074176216062	3.803908516e-05	0.00055156673482	0.00729399457943	0	0	0.00011411725548	0.00652370310494	0	9.50977129e-06	0.00027578336741	9.50977129e-05	0	0	0	0.00063715467643	0.00023774428225	0.00486900290048	0.00135989729447	0	0	0
0	0	0	0	0	0	0	1.901954258e-05	0	4.754885645e-05	0	0	0	9.50977129e-06	0	0	0	0.00031382245257	9.50977129e-05	1.901954258e-05	0	0	0	0	4.754885645e-05	0	0.00317626361086	3.803908516e-05	4.754885645e-05	0	0	0	0	0	0	0	0.00035186153773	0	0	0.00303361704151	0	0	9.50977129e-06	0.00010460748419	9.50977129e-06	0.00013313679806	0.0061813513385	0.00402263325567	9.50977129e-05	0.0001901954258	0	0	0.00010460748419	0.0203984594171	0.00720840663782	0.00375635965955	0	0	0.00018068565451	0.00298606818506	0.00099852598545	0.00973800580096	0.00131234843802	0.00144548523608	0.00469782701726	8.558794161e-05	0	0	3.803908516e-05	0.00572488231658	0.00029480290999	0.00179734677381	0	0	0.00024725405354	0	0	0.00415577005373	0.00927202700775	0.00462174884694	0.00043744947934	3.803908516e-05	9.50977129e-06	0
0	0	0	0	9.50977129e-06	0	0	9.50977129e-06	0	2.852931387e-05	0	0	0	0	0	0	0	0.00069421330417	1.901954258e-05	0.00022823451096	0	0.00010460748419	0	0.00014264656935	2.852931387e-05	0	0.00033284199515	7.607817032e-05	2.852931387e-05	0	9.50977129e-06	0	0	0	0	9.50977129e-05	0.0008558794161	0.00239646236508	0	0.00260567733346	0	0	0.00058960581998	0	0	0.0003803908516	0.00149303409253	0.00315724406828	0	0.00071323284675	0	9.50977129e-06	0.00717036755266	0.00720840663782	0.0418334839047	0.00307165612667	2.852931387e-05	0	0.0003803908516	0.00440302410727	0	0.0280157862203	0.0077980124578	0.00327136132376	0.00575341163045	0.00012362702677	0	0	0.00041842993676	0.0130378964386	1.901954258e-05	0.00025676382483	0.00012362702677	9.50977129e-06	1.901954258e-05	0	0	0.0074176216062	0.01009937711	0.00726546526556	0.00097950644287	0	0	0
0	0	0	0	0.00017117588322	0	9.50977129e-06	0	0	0	0.00093195758642	0	2.852931387e-05	0	0	0	0	0	0	0	0.00019970519709	0	0	0	0	0	0	0	2.852931387e-05	0	0	0	0	0	0	0.00027578336741	0	0	0	0.00869193095906	0.00039941039418	0.00596262659883	7.607817032e-05	0.00431743616566	0.00048499833579	0.00753173886168	0.00331891018021	0.0194094432029	0	0.00281489230184	0.00019970519709	0	0	0.00375635965955	0.00307165612667	0.0289477438068	0	0	0	0.00976653511483	0	0.00212067899767	0	0.0105463363606	0.00826399125101	0	0	0	0	0.00756977794684	0	0	0	0	0	0	0	0.00122676049641	0.00126479958157	0.00576292140174	0.00018068565451	0.00150254386382	9.50977129e-06	0
0	0	0	0	0	0	0	9.50977129e-06	0	0	0	0	0	0	0	0	0.00310969521183	0	0	0	0	0.00127430935286	0.00489753221435	0.00156911226285	0.00423184822405	0	0	0	0.00155960249156	0	9.50977129e-06	0	0	0	5.705862774e-05	0.00385145737245	2.852931387e-05	0.00336645903666	0	0	0	0	0.00232989396605	0.0032333222386	0	0	0	0	0	0.00582948980077	0	0.00087489895868	0.00230136465218	0	2.852931387e-05	0	0.0451904331701	0.00598164614141	0.0324283200989	0.00011411725548	0	0.00030431268128	0.00035186153773	0.0106794731587	0.00302410727022	0.0181636631639	0	0	0.00117921163996	0.00251057962056	8.558794161e-05	0.00019970519709	9.50977129e-06	0	0	0	0	0.00288146070087	0.00049450810708	0.00013313679806	6.656839903e-05	0	0	0
0	0.00011411725548	0	0	0	0	0	0	0	0.00660929104655	0	1.901954258e-05	0	6.656839903e-05	0	0.00050401787837	0.00777899291522	1.901954258e-05	0	9.50977129e-06	0	0.00395606485664	0.0304122485854	0.0127430935286	0.0146735771005	7.607817032e-05	8.558794161e-05	0.00940516380581	0.0113641766916	0	0	0	0	0	4.754885645e-05	0	0.010822119728	0	0	0	0	0	0	0	0.00519233512434	0	0	0	0.00025676382483	0	0	0.031448813656	0	0	0	0	0.00598164614141	0.0644287004898	0.0145309305311	0.0145309305311	0.00206362036993	3.803908516e-05	0.0300984261329	0.0108886881271	0	0	4.754885645e-05	0	0	0	0.00077980124578	0.00011411725548	7.607817032e-05	9.50977129e-05	2.852931387e-05	0	0	0.00037088108031	7.607817032e-05	0	0	0	0	0
0	0	0	0	0	0	0	2.852931387e-05	0	0.00012362702677	9.50977129e-06	0	0	0	9.50977129e-06	0	0.00516380581047	0	0	0	0	0.00390851600019	0.0109267272122	0.00676144738719	0.00598164614141	0	0	0	0.00231087442347	0	1.901954258e-05	0	0	0	7.607817032e-05	0.00413675051115	4.754885645e-05	0.0158432789691	0	0	0	0	0.00290999001474	0.00166420997575	9.50977129e-06	0	0	3.803908516e-05	0	0.00602919499786	0	0.0107460415577	0.0119442727402	0.00018068565451	0.0003803908516	0	0.0324283200989	0.0145309305311	0.0837715752936	0.00116019209738	0	0.00385145737245	0.0151775949788	0.00609576339689	0.00369930103181	0.0211972802054	0	0	0.0021872473967	0.00521135466692	4.754885645e-05	0.00017117588322	1.901954258e-05	0	0	0	0	0.00926251723646	0.0014264656935	0.00214920831154	0.00164519043317	3.803908516e-05	0	0
9.50977129e-06	9.50977129e-05	0	0	0.0117540773144	0	8.558794161e-05	0.00061813513385	0.00027578336741	0.0295563691693	0.00236793305121	1.901954258e-05	0.00136940706576	9.50977129e-06	0.00021872473967	0.00048499833579	0.00013313679806	3.803908516e-05	0	4.754885645e-05	0.00635252722172	0	0.00309067566925	0	0.0309638153202	0	1.901954258e-05	0.00058009604869	0.0234320764586	2.852931387e-05	0	0	0	0	6.656839903e-05	0.00436498502211	0.00417478959631	0	0	0.0114307450906	0.00174979791736	0.00236793305121	0.00092244781513	0.0084636964481	0.0165184727307	0.00163568066188	0.00176881745994	0.0111264324093	9.50977129e-06	0.00875849935809	0.00174028814607	0.0146735771005	8.558794161e-05	0.00298606818506	0.00440302410727	0.00976653511483	0.00011411725548	0.0145309305311	0.00116019209738	0.0878322476344	0.00056107650611	0.00336645903666	0.00216822785412	0.0316675383957	0.0157672007988	0.0109552565261	9.50977129e-06	0	0.00750320954781	0.0172507251201	0.00014264656935	0	8.558794161e-05	5.705862774e-05	0.00181636631639	0	0	0.00496410061338	0.00143597546479	0.00977604488612	0.00208263991251	0.0026627359612	7.607817032e-05	0
