0.0187057943257	8.94113439466e-05	0.00224940117929	0	0.000263528171632	4.70586020772e-06	0.00120940607338	0.00642349918353	0.00735996536487	0.000263528171632	0.000884701719051	0.000197646128724	0.000668232149496	4.23527418695e-05	0.00697879068804	0.000117646505193	9.41172041543e-05	0.00160940419104	3.2941021454e-05	0.000169410967478	0.000531762203472	0.00192940268516	0.000131764085816	0.00419292144508	0.000644702848457	2.35293010386e-05	0.00103058338549	0.000381174676825	0.0023764594049	0.00516232864787	0.00498821182018	0	4.70586020772e-05	0.000254116451217	0.00206116677098	4.70586020772e-05	0.000108234784777	9.41172041543e-06	0	3.2941021454e-05	0	2.35293010386e-05	7.52937633235e-05	2.35293010386e-05	0.000381174676825	6.5882042908e-05	1.88234408309e-05	7.99996235312e-05	9.41172041543e-06	3.2941021454e-05	0	2.35293010386e-05	2.35293010386e-05	9.41172041543e-06	1.41175806232e-05	9.41172041543e-06	5.17644622849e-05	9.88230643621e-05	1.88234408309e-05	0.00032941021454	9.41172041543e-06	6.11761827003e-05	0.000169410967478	0.000197646128724	4.23527418695e-05	5.17644622849e-05	0	0	2.82351612463e-05	8.94113439466e-05	0.000654114568873	0.000244704730801	0.00130352327754	0.000348233655371	0.000117646505193	6.5882042908e-05	1.88234408309e-05	5.64703224926e-05	1.88234408309e-05	7.99996235312e-05	3.2941021454e-05	4.70586020772e-06	4.70586020772e-06	0
8.94113439466e-05	0.0226210700185	0.00394821671427	0	9.41172041543e-06	4.70586020772e-06	0.000108234784777	7.99996235312e-05	0.000150587526647	0.00114352403048	2.82351612463e-05	0.000287057472671	6.5882042908e-05	0.00032941021454	9.41172041543e-05	6.11761827003e-05	0.000239998870594	0.00151058112668	4.23527418695e-05	0.000531762203472	3.2941021454e-05	0.000211763709347	0.00204234333015	0.000809407955727	0.000607055966795	0.00199057886786	0.00556232676552	0.0115293575089	0.000235293010386	0.000211763709347	0.000183528548101	5.17644622849e-05	1.41175806232e-05	3.76468816617e-05	0.000828231396558	4.70586020772e-05	0.0115717102508	0.000832937256766	0	0	0	2.82351612463e-05	7.05879031158e-05	6.11761827003e-05	9.41172041543e-05	3.76468816617e-05	0.000188234408309	1.88234408309e-05	9.41172041543e-05	0.000131764085816	4.70586020772e-06	0.000117646505193	0.000950583761959	7.99996235312e-05	0.000818819676143	0	2.35293010386e-05	0.00106352440694	0.000319998494125	8.47054837389e-05	0.000230587150178	0.00440939101463	0.00744937670882	6.5882042908e-05	0.000150587526647	1.88234408309e-05	9.41172041543e-06	0	4.70586020772e-06	0.000809407955727	0.00105881854674	0.000738820052612	0.000931760321128	0.000183528548101	5.17644622849e-05	4.23527418695e-05	1.88234408309e-05	0.000541173923887	0.000541173923887	0.000569409085134	0.000244704730801	9.41172041543e-06	1.88234408309e-05	4.70586020772e-06
0.00224940117929	0.00394821671427	0.0576514934047	0	5.64703224926e-05	1.41175806232e-05	0.000404703977864	0.00206587263119	0.00197646128724	0.000216469569555	0.000169410967478	0.000447056719733	0.000131764085816	0.000155293386855	0.000931760321128	0.000108234784777	0.000465880160564	0.0137881704086	7.52937633235e-05	0.000795290375104	8.47054837389e-05	0.00311998531772	0.00277645752255	0.0210446068489	0.000522350483057	0.000183528548101	0.0162916880391	0.0204281391617	0.00151528698688	0.00136940532045	0.00289880988795	4.70586020772e-06	4.23527418695e-05	0.000192940268516	0.00476233053021	8.94113439466e-05	0.00729878918217	0.00192469682496	0	9.41172041543e-06	0	3.2941021454e-05	0.000117646505193	3.76468816617e-05	0.000254116451217	3.76468816617e-05	5.17644622849e-05	1.88234408309e-05	1.41175806232e-05	0.00010352892457	4.70586020772e-06	0.00106823026715	0.00164234521249	4.23527418695e-05	0.000385880537033	9.41172041543e-06	0.000263528171632	0.00577409047487	0.00150116940626	0.000272939892048	5.17644622849e-05	0.00191999096475	0.00918113326526	0.000301175053294	7.52937633235e-05	0.000145881666439	0	0	1.88234408309e-05	0.000663526289288	0.00941172041543	0.00361410063953	0.0065882042908	0.00161411005125	0.000357645375786	0.000202351988932	9.41172041543e-05	0.000992936503828	0.000672938009703	0.000592938386172	0.000404703977864	2.82351612463e-05	1.88234408309e-05	9.41172041543e-06
0	0	0	0	0	0	0	0	0	0	0	0	0	0	0	0	0	0	0	0	0	0	0	0	0	0	0	0	0	0	0	0	0	0	0	0	0	0	0	0	0	0	0	0	0	0	0	0	0	0	0	0	0	0	0	0	0	0	0	0	0	0	0	0	0	0	0	0	0	0	0	0	0	0	0	0	0	0	0	0	0	0	0	0
0.000263528171632	9.41172041543e-06	5.64703224926e-05	0	0.0215951924932	4.70586020772e-05	0.00285645714608	0.000404703977864	0.00137411118065	0.00149646354605	0.0035952771987	8.47054837389e-05	0.00671526251641	1.41175806232e-05	0.000879995858843	0.000559997364718	9.41172041543e-06	1.41175806232e-05	1.41175806232e-05	5.17644622849e-05	0.01404699272	3.2941021454e-05	2.82351612463e-05	6.11761827003e-05	0.00542115095929	0	9.41172041543e-05	3.76468816617e-05	0.00794819789083	0.00142587564294	4.70586020772e-05	0	5.64703224926e-05	0.000192940268516	0.000992936503828	7.05879031158e-05	1.41175806232e-05	0	0	0.00389174639178	4.70586020772e-06	4.23527418695e-05	0.000583526665757	4.23527418695e-05	0.00173175655644	0.00138352290107	4.70586020772e-06	0.00032941021454	0	5.17644622849e-05	0	4.70586020772e-06	0	0	4.70586020772e-06	0.000310586773709	0	1.88234408309e-05	4.70586020772e-06	0.00192469682496	0	9.41172041543e-06	9.41172041543e-06	0.00105881854674	4.70586020772e-05	4.70586020772e-06	0	0	4.70586020772e-06	6.11761827003e-05	0.000319998494125	5.17644622849e-05	0.00070117317095	0.00016470510727	0.000654114568873	5.64703224926e-05	9.41172041543e-06	9.41172041543e-06	9.41172041543e-06	2.82351612463e-05	0	1.41175806232e-05	9.41172041543e-06	0
4.70586020772e-06	4.70586020772e-06	1.41175806232e-05	0	4.70586020772e-05	0.00493174149769	0.000889407579258	2.82351612463e-05	0.000964701342582	0.000202351988932	5.17644622849e-05	1.88234408309e-05	0.000192940268516	2.82351612463e-05	6.11761827003e-05	0.00120940607338	4.70586020772e-06	4.70586020772e-06	0	4.70586020772e-06	6.11761827003e-05	1.41175806232e-05	1.41175806232e-05	2.82351612463e-05	0.000117646505193	4.70586020772e-06	1.41175806232e-05	9.41172041543e-06	9.88230643621e-05	0.000461174300356	1.88234408309e-05	0	0.00234822424365	9.41172041543e-06	0.00104470096611	0	0	0	0	0	0	0	4.70586020772e-06	0	1.88234408309e-05	4.70586020772e-06	4.70586020772e-06	1.41175806232e-05	0	0	0	0	0	0	0	0	0	0	0	1.88234408309e-05	0	0	0	4.70586020772e-06	0	0	0	0	0	4.70586020772e-06	0.000122352365401	2.35293010386e-05	0.000188234408309	9.88230643621e-05	0.00172705069623	0.00183528548101	2.35293010386e-05	0	4.70586020772e-06	4.70586020772e-06	4.70586020772e-06	0	0	0
0.00120940607338	0.000108234784777	0.000404703977864	0	0.00285645714608	0.000889407579258	0.0547668010974	0.00349645413433	0.026211641357	0.000879995858843	0.019416379217	0.00191999096475	0.0239857694787	0.00032941021454	0.00656938084997	0.00731290676279	4.70586020772e-05	0.000367057096202	0.000239998870594	0.000743525912819	0.0104140686397	0.000414115698279	7.05879031158e-05	0.000630585267834	0.0024423414478	0.000150587526647	0.00120940607338	0.00039058639724	0.00609408896899	0.00882348788947	0.000381174676825	2.35293010386e-05	0.00180705031976	0.00026823403184	0.00903995745902	0.000367057096202	7.52937633235e-05	1.88234408309e-05	0	0.00065882042908	0	7.99996235312e-05	0.000936466181336	0.000235293010386	0.00183528548101	0.000978818923205	6.5882042908e-05	0.00182116790039	1.88234408309e-05	0.000362351235994	9.41172041543e-06	4.70586020772e-06	1.41175806232e-05	2.82351612463e-05	2.35293010386e-05	0.000159999247062	2.82351612463e-05	6.11761827003e-05	3.76468816617e-05	0.00248940004988	1.41175806232e-05	9.41172041543e-05	0.000112940644985	0.00116234747131	0.000178822687893	5.17644622849e-05	0	0	3.2941021454e-05	0.000277645752255	0.00240940042635	0.000879995858843	0.00575997289425	0.00143999322356	0.00244704730801	0.00140705220211	0.000169410967478	0.00016470510727	7.99996235312e-05	0.000216469569555	4.23527418695e-05	1.41175806232e-05	9.41172041543e-06	2.82351612463e-05
0.00642349918353	7.99996235312e-05	0.00206587263119	0	0.000404703977864	2.82351612463e-05	0.00349645413433	0.0386398181656	0.00674820353787	0.00112940644985	0.0044517437565	0.000249410591009	0.000748231773027	6.5882042908e-05	0.0036564533814	0.000574114945341	0.000197646128724	0.00136940532045	3.2941021454e-05	0.000169410967478	0.000447056719733	0.0037176295641	0.00020705784914	0.00533173961534	0.00197175542703	6.11761827003e-05	0.000814113815935	0.000343527795163	0.0179387391118	0.00509174074475	0.00846113665347	0	0.000122352365401	0.00175057999727	0.00347292483329	0.000362351235994	4.23527418695e-05	1.88234408309e-05	0	0.000127058225608	0	5.64703224926e-05	0.000555291504511	0.000122352365401	0.00179763859935	0.000338821934956	4.70586020772e-05	2.82351612463e-05	0	0.000249410591009	4.70586020772e-06	5.64703224926e-05	2.35293010386e-05	4.70586020772e-06	1.41175806232e-05	2.35293010386e-05	0.000122352365401	0.000183528548101	9.88230643621e-05	0.00168469795436	9.41172041543e-06	4.70586020772e-05	0.000131764085816	0.000790584514896	0.000235293010386	0.000117646505193	0	0	6.5882042908e-05	0.000334116074748	0.00156705144917	0.00032941021454	0.00279057510318	0.000799996235312	0.000465880160564	0.00026823403184	6.5882042908e-05	0.000169410967478	6.5882042908e-05	0.000221175429763	7.05879031158e-05	9.41172041543e-06	1.88234408309e-05	4.70586020772e-06
0.00735996536487	0.000150587526647	0.00197646128724	0	0.00137411118065	0.000964701342582	0.026211641357	0.00674820353787	0.0568514971694	0.000785878654689	0.00925642702858	0.00335998418831	0.0101552463283	0.000437644999318	0.0193975557762	0.00371292370389	9.88230643621e-05	0.00136940532045	0.000475291880979	0.00122822951421	0.00431527381048	0.00160940419104	0.000145881666439	0.00330821972602	0.00205175505056	0.00020705784914	0.00231057736199	0.000799996235312	0.00656938084997	0.0144658142785	0.00237175354469	5.17644622849e-05	0.00279528096338	0.00039058639724	0.0119340614868	0.000301175053294	0.000117646505193	1.41175806232e-05	0	0.000348233655371	0	5.17644622849e-05	0.00059764424638	0.000159999247062	0.00145411080418	0.000527056343264	9.88230643621e-05	0.000959995482374	2.35293010386e-05	0.00026823403184	4.70586020772e-06	9.41172041543e-06	2.82351612463e-05	3.76468816617e-05	3.2941021454e-05	7.99996235312e-05	7.05879031158e-05	0.000127058225608	3.76468816617e-05	0.00167528623395	1.41175806232e-05	0.000174116827686	0.000216469569555	0.000870584138428	0.000155293386855	8.47054837389e-05	0	0	2.35293010386e-05	0.000277645752255	0.00303998569418	0.00120940607338	0.00751525875172	0.00183528548101	0.00202822574953	0.00197175542703	0.000197646128724	0.000136469946024	5.64703224926e-05	0.000197646128724	5.64703224926e-05	1.88234408309e-05	2.35293010386e-05	2.82351612463e-05
0.000263528171632	0.00114352403048	0.000216469569555	0	0.00149646354605	0.000202351988932	0.000879995858843	0.00112940644985	0.000785878654689	0.0236798885652	0.000296469193086	7.05879031158e-05	0.00223057773846	2.82351612463e-05	0.000564703224926	0.0019529319862	0.00104470096611	7.99996235312e-05	0	2.35293010386e-05	0.00120470021318	0.000310586773709	0.00498350595997	0.000508232902433	0.010489362403	0.000131764085816	0.000122352365401	0.000677643869911	0.0056093853676	0.00174587413706	0.000870584138428	4.70586020772e-06	4.70586020772e-05	0.000625879407626	0.00115293575089	0.000945877901751	0.000117646505193	8.94113439466e-05	0	0.000555291504511	4.70586020772e-06	0.000136469946024	0.00101646580487	0.000287057472671	0.00828701982579	0.000847054837389	3.2941021454e-05	0.000244704730801	0	0.000602350106588	5.64703224926e-05	0.000155293386855	2.35293010386e-05	0	4.70586020772e-06	0.000211763709347	0.000367057096202	0.00059764424638	0.000296469193086	0.00515291692745	0	5.17644622849e-05	0.000221175429763	0.00278586924297	0.000550585644303	0.000451762579941	0	0	0.000249410591009	0.00082352553635	0.000889407579258	0.000169410967478	0.00107764198757	0.000437644999318	0.0024988117703	0.000131764085816	1.41175806232e-05	0.000578820805549	0.000141175806232	0.000621173547419	0.000188234408309	4.70586020772e-05	3.76468816617e-05	4.70586020772e-06
0.000884701719051	2.82351612463e-05	0.000169410967478	0	0.0035952771987	5.17644622849e-05	0.019416379217	0.0044517437565	0.00925642702858	0.000296469193086	0.034390426398	0.000588232525965	0.0132658199256	8.94113439466e-05	0.0037176295641	0.000983524783413	1.88234408309e-05	0.000150587526647	7.52937633235e-05	0.000230587150178	0.00976465993101	0.00026823403184	1.88234408309e-05	0.000352939515579	0.00117646505193	3.2941021454e-05	0.000418821558487	0.000169410967478	0.0061599710119	0.00389645225199	0.00022588128997	9.41172041543e-06	0.000211763709347	0.000282351612463	0.00333174902706	3.76468816617e-05	2.82351612463e-05	4.70586020772e-06	0	0.00070117317095	0	2.35293010386e-05	0.000409409838071	5.17644622849e-05	0.000771761074066	0.000578820805549	1.88234408309e-05	0.000442350859525	0	5.64703224926e-05	0	9.41172041543e-06	0	0	0	9.88230643621e-05	4.70586020772e-06	2.35293010386e-05	1.41175806232e-05	0.00122352365401	4.70586020772e-06	2.35293010386e-05	4.23527418695e-05	0.000607055966795	4.23527418695e-05	0	0	0	1.88234408309e-05	8.47054837389e-05	0.000696467310742	0.000338821934956	0.00236234182427	0.000564703224926	0.000338821934956	0.000254116451217	7.05879031158e-05	3.2941021454e-05	3.2941021454e-05	3.2941021454e-05	4.70586020772e-06	9.41172041543e-06	0	9.41172041543e-06
0.000197646128724	0.000287057472671	0.000447056719733	0	8.47054837389e-05	1.88234408309e-05	0.00191999096475	0.000249410591009	0.00335998418831	7.05879031158e-05	0.000588232525965	0.0307292671564	0.00110587714881	0.00767996385899	0.00239528284573	0.000437644999318	1.41175806232e-05	0.00116705333151	0.0034164545108	0.00464938988522	0.000465880160564	0.00022588128997	1.41175806232e-05	0.00053646806368	0.000131764085816	0.00474350708938	0.00863054762095	0.00170352139519	0.000461174300356	0.00581644321674	0.000155293386855	0.000851760697597	0.000399998117656	9.41172041543e-05	0.012348177185	4.23527418695e-05	0.000258822311424	1.41175806232e-05	0	1.41175806232e-05	0	1.41175806232e-05	5.17644622849e-05	3.76468816617e-05	0.000141175806232	3.76468816617e-05	0.00299763295232	0.000136469946024	0.00134587601941	0.000112940644985	0	1.88234408309e-05	1.88234408309e-05	0.000301175053294	0.000136469946024	1.41175806232e-05	1.41175806232e-05	4.23527418695e-05	2.82351612463e-05	0.000169410967478	0.000776466934273	0.0010964654284	0.000531762203472	7.52937633235e-05	9.41172041543e-05	4.70586020772e-06	4.70586020772e-06	0	0	0.000639996988249	0.00121411193359	0.00314351461875	0.00729408332196	0.000705879031158	0.000145881666439	9.41172041543e-05	0.000941172041543	0.000174116827686	0.00179293273914	0.00022588128997	4.23527418695e-05	0	0	8.94113439466e-05
0.000668232149496	6.5882042908e-05	0.000131764085816	0	0.00671526251641	0.000192940268516	0.0239857694787	0.000748231773027	0.0101552463283	0.00223057773846	0.0132658199256	0.00110587714881	0.0456703733159	0.000174116827686	0.00411762768175	0.00447056719733	1.88234408309e-05	0.000192940268516	0.000155293386855	0.000456468440149	0.0184610895949	9.41172041543e-05	6.11761827003e-05	0.000188234408309	0.00305410327481	8.94113439466e-05	0.000654114568873	0.000202351988932	0.00306351499522	0.00560467950739	0.000117646505193	9.41172041543e-06	0.00037176295641	0.000145881666439	0.0054870330022	0.000174116827686	3.76468816617e-05	0	0	0.00207999021181	4.70586020772e-06	6.11761827003e-05	0.000776466934273	0.000155293386855	0.00142587564294	0.00131764085816	2.82351612463e-05	0.00401880461739	4.70586020772e-06	0.00020705784914	4.70586020772e-06	4.70586020772e-06	4.70586020772e-06	1.88234408309e-05	1.41175806232e-05	0.000381174676825	9.41172041543e-06	1.41175806232e-05	9.41172041543e-06	0.00198587300766	9.41172041543e-06	6.11761827003e-05	6.5882042908e-05	0.000992936503828	7.05879031158e-05	1.41175806232e-05	0	0	1.41175806232e-05	0.000127058225608	0.00101646580487	0.000442350859525	0.0037223354243	0.000734114192404	0.00203293160973	0.000442350859525	6.11761827003e-05	5.64703224926e-05	2.82351612463e-05	9.41172041543e-05	1.88234408309e-05	1.41175806232e-05	9.41172041543e-06	4.70586020772e-06
4.23527418695e-05	0.00032941021454	0.000155293386855	0	1.41175806232e-05	2.82351612463e-05	0.00032941021454	6.5882042908e-05	0.000437644999318	2.82351612463e-05	8.94113439466e-05	0.00767996385899	0.000174116827686	0.0208799017416	0.000249410591009	7.05879031158e-05	1.41175806232e-05	0.000145881666439	0.000150587526647	0.000159999247062	5.17644622849e-05	0.000136469946024	1.88234408309e-05	0.000178822687893	9.41172041543e-05	0.00854113627701	0.00595291316276	0.0038446877897	0.000221175429763	0.000790584514896	9.41172041543e-05	0.00218822499659	0.000117646505193	5.17644622849e-05	0.00201881402911	2.82351612463e-05	0.000305880913502	9.41172041543e-06	0	0	0	9.41172041543e-06	1.88234408309e-05	2.82351612463e-05	4.23527418695e-05	0	0.00349645413433	4.70586020772e-06	0.00198587300766	9.41172041543e-05	0	4.70586020772e-06	2.35293010386e-05	0.000475291880979	0.000174116827686	0	0	4.70586020772e-06	4.70586020772e-06	4.23527418695e-05	0.00153881628792	0.00187293236267	0.000635291128042	1.41175806232e-05	7.99996235312e-05	4.70586020772e-06	3.2941021454e-05	0	0	0.000574114945341	0.000578820805549	0.00144469908377	0.00207999021181	0.00103999510591	6.11761827003e-05	0.000296469193086	0.00135528773982	9.88230643621e-05	0.00173646241665	0.00022588128997	3.76468816617e-05	9.41172041543e-06	0	7.99996235312e-05
0.00697879068804	9.41172041543e-05	0.000931760321128	0	0.000879995858843	6.11761827003e-05	0.00656938084997	0.0036564533814	0.0193975557762	0.000564703224926	0.0037176295641	0.00239528284573	0.00411762768175	0.000249410591009	0.0367151213406	0.00139293462148	4.23527418695e-05	0.00086587827822	0.000310586773709	0.000898819299674	0.00221646015783	0.000814113815935	6.11761827003e-05	0.00159528661042	0.00117646505193	0.000145881666439	0.00150116940626	0.000475291880979	0.00384939364991	0.0158211020183	0.00190587338413	3.76468816617e-05	0.00111999472944	0.000489409461603	0.00762819939671	0.000174116827686	7.99996235312e-05	0	0	0.000159999247062	0	2.82351612463e-05	0.000352939515579	6.5882042908e-05	0.000884701719051	0.000230587150178	7.52937633235e-05	0.000418821558487	1.88234408309e-05	0.000150587526647	9.41172041543e-06	4.70586020772e-06	0	2.82351612463e-05	3.2941021454e-05	5.17644622849e-05	2.35293010386e-05	4.70586020772e-05	2.35293010386e-05	0.000814113815935	1.88234408309e-05	0.000117646505193	0.000141175806232	0.000461174300356	0.000112940644985	3.76468816617e-05	0	0	4.70586020772e-05	0.00016470510727	0.00150116940626	0.000687055590327	0.00432468553089	0.000687055590327	0.000574114945341	0.000296469193086	7.99996235312e-05	9.41172041543e-05	3.2941021454e-05	0.00010352892457	2.82351612463e-05	1.41175806232e-05	1.41175806232e-05	4.70586020772e-06
0.000117646505193	6.11761827003e-05	0.000108234784777	0	0.000559997364718	0.00120940607338	0.00731290676279	0.000574114945341	0.00371292370389	0.0019529319862	0.000983524783413	0.000437644999318	0.00447056719733	7.05879031158e-05	0.00139293462148	0.0123717064861	1.41175806232e-05	9.88230643621e-05	4.23527418695e-05	0.000197646128724	0.00131764085816	7.99996235312e-05	0.000127058225608	0.000150587526647	0.00136469946024	5.64703224926e-05	0.000301175053294	0.000127058225608	0.00159058075021	0.00166587451353	0.000145881666439	9.41172041543e-06	0.000385880537033	0.000112940644985	0.00235763596407	0.000178822687893	1.88234408309e-05	4.70586020772e-06	0	9.41172041543e-05	0	3.2941021454e-05	0.000263528171632	7.05879031158e-05	0.000583526665757	0.000150587526647	1.41175806232e-05	0.00022588128997	9.41172041543e-06	0.00016470510727	9.41172041543e-06	9.41172041543e-06	4.70586020772e-06	9.41172041543e-06	1.41175806232e-05	9.41172041543e-06	2.82351612463e-05	2.82351612463e-05	9.41172041543e-06	0.000691761450534	4.70586020772e-06	2.35293010386e-05	3.76468816617e-05	0.000334116074748	9.88230643621e-05	4.70586020772e-06	0	0	2.35293010386e-05	0.000159999247062	0.00107764198757	0.000296469193086	0.00150587526647	0.000465880160564	0.00423056832674	0.000437644999318	3.2941021454e-05	8.47054837389e-05	3.2941021454e-05	0.00010352892457	1.88234408309e-05	9.41172041543e-06	9.41172041543e-06	4.70586020772e-06
9.41172041543e-05	0.000239998870594	0.000465880160564	0	9.41172041543e-06	4.70586020772e-06	4.70586020772e-05	0.000197646128724	9.88230643621e-05	0.00104470096611	1.88234408309e-05	1.41175806232e-05	1.88234408309e-05	1.41175806232e-05	4.23527418695e-05	1.41175806232e-05	0.0186257947021	0.000108234784777	4.70586020772e-06	1.88234408309e-05	4.70586020772e-06	0.00322822010249	0.00724231885968	0.00627761751709	0.00644702848457	1.88234408309e-05	0.000112940644985	0.0017694034381	0.00226351875991	0.000381174676825	0.000550585644303	0	9.41172041543e-06	0.000239998870594	0.000950583761959	8.94113439466e-05	0.000112940644985	0.000112940644985	0	4.70586020772e-06	0	9.41172041543e-06	8.94113439466e-05	3.76468816617e-05	0.00104470096611	2.82351612463e-05	0	0	4.70586020772e-06	5.64703224926e-05	4.70586020772e-06	0.00343057209143	2.82351612463e-05	0	4.70586020772e-06	4.70586020772e-06	0.00112470058964	0.00327998456478	0.0014635225246	0.000917642740505	1.41175806232e-05	3.2941021454e-05	0.000611761827003	0.000941172041543	7.52937633235e-05	0.000315292633917	0	0	4.70586020772e-06	0.000174116827686	0.0017694034381	0.000465880160564	0.000964701342582	0.00049411532181	0.000178822687893	6.11761827003e-05	1.41175806232e-05	0.00043293913911	0.000254116451217	0.000188234408309	9.88230643621e-05	4.70586020772e-06	4.70586020772e-06	4.70586020772e-06
0.00160940419104	0.00151058112668	0.0137881704086	0	1.41175806232e-05	4.70586020772e-06	0.000367057096202	0.00136940532045	0.00136940532045	7.99996235312e-05	0.000150587526647	0.00116705333151	0.000192940268516	0.000145881666439	0.00086587827822	9.88230643621e-05	0.000108234784777	0.0347998362361	0.000296469193086	0.0040235104776	0.000108234784777	0.00355292445683	0.000230587150178	0.0127622928833	0.000141175806232	0.000136469946024	0.0144658142785	0.00528938687347	0.00096940720279	0.00179293273914	0.00496938837935	0	3.2941021454e-05	0.000145881666439	0.00776937520294	3.76468816617e-05	0.00232940080282	0.000428233278902	0	4.70586020772e-06	0	9.41172041543e-06	4.70586020772e-05	4.70586020772e-06	9.88230643621e-05	2.82351612463e-05	7.05879031158e-05	1.88234408309e-05	2.35293010386e-05	6.11761827003e-05	4.70586020772e-06	4.23527418695e-05	0.000545879784095	7.99996235312e-05	0.000428233278902	4.70586020772e-06	4.70586020772e-05	0.000272939892048	0.000131764085816	0.00010352892457	4.70586020772e-05	0.00167999209415	0.00204234333015	7.99996235312e-05	6.11761827003e-05	2.35293010386e-05	0	0	4.70586020772e-06	0.000310586773709	0.00429174450944	0.00226822462012	0.00580703149632	0.0012188177938	0.000216469569555	0.000145881666439	8.94113439466e-05	0.000409409838071	0.000244704730801	0.000254116451217	0.000141175806232	0	4.70586020772e-06	0
3.2941021454e-05	4.23527418695e-05	7.52937633235e-05	0	1.41175806232e-05	0	0.000239998870594	3.2941021454e-05	0.000475291880979	0	7.52937633235e-05	0.0034164545108	0.000155293386855	0.000150587526647	0.000310586773709	4.23527418695e-05	4.70586020772e-06	0.000296469193086	0.00600467762505	0.00175528585748	5.17644622849e-05	3.76468816617e-05	9.41172041543e-06	0.00010352892457	1.88234408309e-05	0.000150587526647	0.00242822386718	0.000315292633917	6.5882042908e-05	0.000719996611781	3.76468816617e-05	3.76468816617e-05	4.23527418695e-05	9.41172041543e-06	0.00168469795436	4.70586020772e-06	4.70586020772e-05	1.41175806232e-05	0	4.70586020772e-06	0	0	9.41172041543e-06	0	3.2941021454e-05	9.41172041543e-06	0.000117646505193	1.41175806232e-05	4.23527418695e-05	2.35293010386e-05	0	4.70586020772e-06	1.41175806232e-05	4.70586020772e-05	2.82351612463e-05	0	4.70586020772e-06	4.70586020772e-06	9.41172041543e-06	3.76468816617e-05	4.23527418695e-05	0.000188234408309	7.05879031158e-05	2.35293010386e-05	9.41172041543e-06	0	0	0	0	6.11761827003e-05	0.000296469193086	0.000705879031158	0.00116705333151	0.000141175806232	4.23527418695e-05	9.41172041543e-06	2.35293010386e-05	5.64703224926e-05	5.17644622849e-05	3.76468816617e-05	4.70586020772e-06	0	0	4.70586020772e-06
0.000169410967478	0.000531762203472	0.000795290375104	0	5.17644622849e-05	4.70586020772e-06	0.000743525912819	0.000169410967478	0.00122822951421	2.35293010386e-05	0.000230587150178	0.00464938988522	0.000456468440149	0.000159999247062	0.000898819299674	0.000197646128724	1.88234408309e-05	0.0040235104776	0.00175528585748	0.0145458139021	0.000211763709347	0.00026823403184	3.76468816617e-05	0.000625879407626	9.41172041543e-05	0.000263528171632	0.00654114568873	0.00134587601941	0.000291763332878	0.00183999134122	0.000319998494125	5.17644622849e-05	6.11761827003e-05	5.17644622849e-05	0.00566114982988	2.35293010386e-05	0.000418821558487	2.82351612463e-05	0	1.41175806232e-05	0	0	1.88234408309e-05	9.41172041543e-06	5.17644622849e-05	1.88234408309e-05	7.99996235312e-05	4.23527418695e-05	4.70586020772e-05	3.76468816617e-05	0	1.88234408309e-05	4.70586020772e-05	9.88230643621e-05	0.000169410967478	0	1.88234408309e-05	3.2941021454e-05	2.35293010386e-05	4.70586020772e-05	9.41172041543e-05	0.000814113815935	0.000470586020772	3.76468816617e-05	2.82351612463e-05	0	0	0	0	0.000122352365401	0.00173175655644	0.00148705182564	0.00415527456341	0.000404703977864	6.11761827003e-05	5.17644622849e-05	2.82351612463e-05	0.00026823403184	0.000112940644985	9.88230643621e-05	3.2941021454e-05	0	0	0
0.000531762203472	3.2941021454e-05	8.47054837389e-05	0	0.01404699272	6.11761827003e-05	0.0104140686397	0.000447056719733	0.00431527381048	0.00120470021318	0.00976465993101	0.000465880160564	0.0184610895949	5.17644622849e-05	0.00221646015783	0.00131764085816	4.70586020772e-06	0.000108234784777	5.17644622849e-05	0.000211763709347	0.0307763257585	8.47054837389e-05	9.41172041543e-06	0.000131764085816	0.00337880762914	2.35293010386e-05	0.000287057472671	8.94113439466e-05	0.00484233015374	0.00344468967205	8.47054837389e-05	0	0.000192940268516	0.000188234408309	0.00309645601668	7.52937633235e-05	2.35293010386e-05	4.70586020772e-06	0	0.00313880875855	0	4.70586020772e-05	0.000776466934273	8.94113439466e-05	0.00166587451353	0.00153881628792	9.41172041543e-06	0.00240940042635	0	7.52937633235e-05	0	4.70586020772e-06	0	4.70586020772e-06	9.41172041543e-06	0.000456468440149	0	9.41172041543e-06	0	0.00226351875991	4.70586020772e-06	1.88234408309e-05	2.35293010386e-05	0.00122352365401	4.23527418695e-05	4.70586020772e-06	0	0	9.41172041543e-06	8.47054837389e-05	0.00065882042908	0.00022588128997	0.00223998945887	0.000418821558487	0.00082352553635	0.000197646128724	3.76468816617e-05	1.88234408309e-05	2.35293010386e-05	5.17644622849e-05	4.70586020772e-06	1.41175806232e-05	4.70586020772e-06	0
0.00192940268516	0.000211763709347	0.00311998531772	0	3.2941021454e-05	1.41175806232e-05	0.000414115698279	0.0037176295641	0.00160940419104	0.000310586773709	0.00026823403184	0.00022588128997	9.41172041543e-05	0.000136469946024	0.000814113815935	7.99996235312e-05	0.00322822010249	0.00355292445683	3.76468816617e-05	0.00026823403184	8.47054837389e-05	0.0481268323443	0.00172705069623	0.0253598806594	0.00139764048169	4.70586020772e-05	0.00142116978273	0.00145881666439	0.0112752410577	0.00162352177166	0.0157975727173	1.41175806232e-05	5.17644622849e-05	0.000545879784095	0.00984936541475	7.99996235312e-05	0.000192940268516	7.52937633235e-05	0	0	0	1.41175806232e-05	6.11761827003e-05	9.41172041543e-06	0.000635291128042	9.41172041543e-06	2.82351612463e-05	0	9.41172041543e-06	6.11761827003e-05	1.41175806232e-05	0.000550585644303	6.5882042908e-05	4.70586020772e-06	4.70586020772e-06	0	0.000517644622849	0.0016470510727	0.000602350106588	0.000447056719733	1.88234408309e-05	0.00010352892457	0.000404703977864	0.000418821558487	5.64703224926e-05	0.000239998870594	0	0	1.41175806232e-05	0.000169410967478	0.00606114794754	0.00146822838481	0.00802349165416	0.00263528171632	0.00116234747131	0.000465880160564	7.05879031158e-05	0.000385880537033	0.000112940644985	0.00020705784914	0.000169410967478	1.88234408309e-05	4.70586020772e-06	4.70586020772e-06
0.000131764085816	0.00204234333015	0.00277645752255	0	2.82351612463e-05	1.41175806232e-05	7.05879031158e-05	0.00020705784914	0.000145881666439	0.00498350595997	1.88234408309e-05	1.41175806232e-05	6.11761827003e-05	1.88234408309e-05	6.11761827003e-05	0.000127058225608	0.00724231885968	0.000230587150178	9.41172041543e-06	3.76468816617e-05	9.41172041543e-06	0.00172705069623	0.0231104794801	0.00482821257312	0.00550115058282	0.000178822687893	0.000272939892048	0.00567997327071	0.00145881666439	0.000512938762641	0.000602350106588	0	1.41175806232e-05	0.000272939892048	0.000616467687211	7.52937633235e-05	0.000395292257448	0.000254116451217	0	4.70586020772e-06	0	1.41175806232e-05	0.000122352365401	3.2941021454e-05	0.00154822800834	4.70586020772e-05	4.70586020772e-06	4.70586020772e-06	4.70586020772e-06	6.5882042908e-05	0	0.00253645865196	0.000136469946024	9.41172041543e-06	9.41172041543e-06	1.88234408309e-05	0.00112940644985	0.00807055025623	0.00227293048033	0.00113881817027	2.35293010386e-05	8.94113439466e-05	0.00306351499522	0.000997642364036	7.05879031158e-05	0.000423527418695	0	0	2.35293010386e-05	0.000230587150178	0.00150116940626	0.000470586020772	0.00059764424638	0.000287057472671	0.000291763332878	4.70586020772e-05	9.41172041543e-06	0.000475291880979	0.000258822311424	0.000239998870594	0.000131764085816	1.41175806232e-05	1.41175806232e-05	0
0.00419292144508	0.000809407955727	0.0210446068489	0	6.11761827003e-05	2.82351612463e-05	0.000630585267834	0.00533173961534	0.00330821972602	0.000508232902433	0.000352939515579	0.00053646806368	0.000188234408309	0.000178822687893	0.00159528661042	0.000150587526647	0.00627761751709	0.0127622928833	0.00010352892457	0.000625879407626	0.000131764085816	0.0253598806594	0.00482821257312	0.0767055213858	0.00212704881389	9.88230643621e-05	0.00686585004306	0.00961877826457	0.00562820880843	0.00223057773846	0.00972701304935	1.41175806232e-05	5.17644622849e-05	0.000527056343264	0.00971760132893	0.000122352365401	0.0014635225246	0.000550585644303	0	4.70586020772e-06	0	3.2941021454e-05	0.000155293386855	6.11761827003e-05	0.000654114568873	3.76468816617e-05	3.76468816617e-05	2.35293010386e-05	2.82351612463e-05	0.000112940644985	9.41172041543e-06	0.00304469155439	0.000409409838071	5.17644622849e-05	0.000145881666439	0	0.000842348977181	0.0071952602576	0.00297410365128	0.000668232149496	4.70586020772e-05	0.000564703224926	0.00343057209143	0.000672938009703	5.64703224926e-05	0.000376468816617	0	0	1.88234408309e-05	0.00039058639724	0.0134446426134	0.00356704203745	0.0107670081553	0.00324233768312	0.00156234558896	0.000517644622849	0.000122352365401	0.000814113815935	0.000352939515579	0.000465880160564	0.00039058639724	2.35293010386e-05	1.88234408309e-05	1.88234408309e-05
0.000644702848457	0.000607055966795	0.000522350483057	0	0.00542115095929	0.000117646505193	0.0024423414478	0.00197175542703	0.00205175505056	0.010489362403	0.00117646505193	0.000131764085816	0.00305410327481	9.41172041543e-05	0.00117646505193	0.00136469946024	0.00644702848457	0.000141175806232	1.88234408309e-05	9.41172041543e-05	0.00337880762914	0.00139764048169	0.00550115058282	0.00212704881389	0.0405645149905	5.64703224926e-05	0.000221175429763	0.00109175956819	0.0173505065859	0.00327057284436	0.00159058075021	0	9.88230643621e-05	0.00124705295504	0.00279057510318	0.00076234935365	0.000127058225608	9.41172041543e-05	0	0.000743525912819	9.41172041543e-06	0.000117646505193	0.0013411701592	0.00032941021454	0.00589644284027	0.00126117053567	3.2941021454e-05	0.000249410591009	0	0.000583526665757	1.41175806232e-05	0.000244704730801	3.2941021454e-05	1.88234408309e-05	1.88234408309e-05	0.000244704730801	0.000592938386172	0.000879995858843	0.000334116074748	0.0053035044541	4.70586020772e-06	3.76468816617e-05	0.00016470510727	0.00332704316686	0.000404703977864	0.000352939515579	0	0	9.41172041543e-05	0.000574114945341	0.00214116639451	0.000414115698279	0.0023199890824	0.000931760321128	0.00154822800834	0.000235293010386	3.76468816617e-05	0.000461174300356	9.88230643621e-05	0.000399998117656	0.000136469946024	3.76468816617e-05	3.76468816617e-05	4.70586020772e-06
2.35293010386e-05	0.00199057886786	0.000183528548101	0	0	4.70586020772e-06	0.000150587526647	6.11761827003e-05	0.00020705784914	0.000131764085816	3.2941021454e-05	0.00474350708938	8.94113439466e-05	0.00854113627701	0.000145881666439	5.64703224926e-05	1.88234408309e-05	0.000136469946024	0.000150587526647	0.000263528171632	2.35293010386e-05	4.70586020772e-05	0.000178822687893	9.88230643621e-05	5.64703224926e-05	0.0164987458883	0.00377409988659	0.00332704316686	6.11761827003e-05	0.000451762579941	3.2941021454e-05	0.000818819676143	5.64703224926e-05	1.88234408309e-05	0.00119528849276	1.41175806232e-05	0.000818819676143	9.41172041543e-06	0	0	0	9.41172041543e-06	9.41172041543e-06	3.2941021454e-05	1.41175806232e-05	0	0.00373174714472	1.41175806232e-05	0.00211763709347	9.41172041543e-05	4.70586020772e-06	0	2.82351612463e-05	0.000381174676825	0.000197646128724	4.70586020772e-06	0	1.41175806232e-05	0	1.88234408309e-05	0.00211293123326	0.0020094023087	0.00102587752528	0	7.52937633235e-05	0	4.70586020772e-05	0	0	0.000879995858843	0.000249410591009	0.000903525159882	0.00105881854674	8.47054837389e-05	1.41175806232e-05	1.88234408309e-05	0.000799996235312	6.11761827003e-05	0.00194822612599	0.000244704730801	2.35293010386e-05	0	0	0.000127058225608
0.00103058338549	0.00556232676552	0.0162916880391	0	9.41172041543e-05	1.41175806232e-05	0.00120940607338	0.000814113815935	0.00231057736199	0.000122352365401	0.000418821558487	0.00863054762095	0.000654114568873	0.00595291316276	0.00150116940626	0.000301175053294	0.000112940644985	0.0144658142785	0.00242822386718	0.00654114568873	0.000287057472671	0.00142116978273	0.000272939892048	0.00686585004306	0.000221175429763	0.00377409988659	0.0757078790217	0.0229834212545	0.000879995858843	0.00321410252187	0.00177881515852	0.00312939703813	0.000155293386855	0.000136469946024	0.00929877977045	7.52937633235e-05	0.00752467047214	0.000771761074066	0	2.35293010386e-05	0	1.88234408309e-05	6.5882042908e-05	9.88230643621e-05	0.000183528548101	3.76468816617e-05	0.0022541070395	9.41172041543e-05	0.0016470510727	0.000362351235994	0	7.52937633235e-05	0.00141646392252	0.00126587639588	0.00207999021181	9.41172041543e-06	5.64703224926e-05	0.000296469193086	0.000239998870594	0.000216469569555	0.00198587300766	0.0101411287476	0.00750584703131	0.000127058225608	0.000296469193086	3.76468816617e-05	6.5882042908e-05	0	9.41172041543e-06	0.00148705182564	0.00675290939807	0.00637644058146	0.00857878315867	0.00141646392252	0.000211763709347	0.000174116827686	0.000188234408309	0.00131764085816	0.00152940456751	0.00109175956819	0.000409409838071	1.88234408309e-05	9.41172041543e-06	3.2941021454e-05
0.000381174676825	0.0115293575089	0.0204281391617	0	3.76468816617e-05	9.41172041543e-06	0.00039058639724	0.000343527795163	0.000799996235312	0.000677643869911	0.000169410967478	0.00170352139519	0.000202351988932	0.0038446877897	0.000475291880979	0.000127058225608	0.0017694034381	0.00528938687347	0.000315292633917	0.00134587601941	8.94113439466e-05	0.00145881666439	0.00567997327071	0.00961877826457	0.00109175956819	0.00332704316686	0.0229834212545	0.0757831727851	0.000715290751573	0.00105881854674	0.000729408332196	0.000894113439466	4.70586020772e-05	0.00010352892457	0.00444703789629	0.000117646505193	0.0110587714881	0.00191528510454	0	4.70586020772e-06	0	3.2941021454e-05	0.000131764085816	9.88230643621e-05	0.000197646128724	5.64703224926e-05	0.000705879031158	3.76468816617e-05	0.000545879784095	0.000282351612463	0	0.00207999021181	0.00208469607202	0.000428233278902	0.00128469983671	9.41172041543e-06	0.000183528548101	0.00642820504374	0.00242351800697	0.000254116451217	0.000781172794481	0.00636232300083	0.0144799318591	0.000211763709347	0.00026823403184	0.000122352365401	1.88234408309e-05	0	1.88234408309e-05	0.00133646429899	0.0067670269787	0.0035999830589	0.00505409386309	0.00096940720279	0.000324704354332	0.000131764085816	9.41172041543e-05	0.00151999284709	0.00139764048169	0.00119528849276	0.000475291880979	4.23527418695e-05	2.82351612463e-05	0
0.0023764594049	0.000235293010386	0.00151528698688	0	0.00794819789083	9.88230643621e-05	0.00609408896899	0.0179387391118	0.00656938084997	0.0056093853676	0.0061599710119	0.000461174300356	0.00306351499522	0.000221175429763	0.00384939364991	0.00159058075021	0.00226351875991	0.00096940720279	6.5882042908e-05	0.000291763332878	0.00484233015374	0.0112752410577	0.00145881666439	0.00562820880843	0.0173505065859	6.11761827003e-05	0.000879995858843	0.000715290751573	0.0709220191905	0.00919525084588	0.00858348901888	4.70586020772e-06	0.000216469569555	0.00319527908104	0.00827290224517	0.000941172041543	0.000127058225608	0.000112940644985	0	0.00117646505193	4.70586020772e-06	0.000216469569555	0.00167528623395	0.000465880160564	0.00704937859116	0.00161881591145	7.05879031158e-05	0.000277645752255	4.70586020772e-06	0.000729408332196	2.35293010386e-05	0.00022588128997	6.11761827003e-05	1.88234408309e-05	1.41175806232e-05	0.000254116451217	0.000559997364718	0.00070117317095	0.000381174676825	0.00626349993647	1.88234408309e-05	0.00010352892457	0.000282351612463	0.00361880649973	0.000592938386172	0.000451762579941	0	0	0.000150587526647	0.000847054837389	0.00485644773436	0.000908231020089	0.00678585041953	0.00255057623258	0.00145411080418	0.000644702848457	0.000127058225608	0.000691761450534	0.000159999247062	0.000574114945341	0.000174116827686	4.70586020772e-05	2.35293010386e-05	9.41172041543e-06
0.00516232864787	0.000211763709347	0.00136940532045	0	0.00142587564294	0.000461174300356	0.00882348788947	0.00509174074475	0.0144658142785	0.00174587413706	0.00389645225199	0.00581644321674	0.00560467950739	0.000790584514896	0.0158211020183	0.00166587451353	0.000381174676825	0.00179293273914	0.000719996611781	0.00183999134122	0.00344468967205	0.00162352177166	0.000512938762641	0.00223057773846	0.00327057284436	0.000451762579941	0.00321410252187	0.00105881854674	0.00919525084588	0.0567856151265	0.00951995520021	8.94113439466e-05	0.00404703977864	0.00784937482647	0.0231810673832	0.000423527418695	0.000131764085816	3.2941021454e-05	0	0.000296469193086	0	7.05879031158e-05	0.000625879407626	0.000174116827686	0.00197175542703	0.000404703977864	0.000211763709347	0.000512938762641	7.99996235312e-05	0.000324704354332	1.88234408309e-05	6.11761827003e-05	2.82351612463e-05	4.70586020772e-05	4.70586020772e-05	9.88230643621e-05	0.000131764085816	0.000145881666439	0.000122352365401	0.00191528510454	5.17644622849e-05	0.000239998870594	0.000287057472671	0.00100705408445	0.000263528171632	0.000127058225608	0	0	9.41172041543e-05	0.000541173923887	0.0038446877897	0.00175057999727	0.0124752354107	0.00271528133985	0.00132705257858	0.00194352026579	0.000301175053294	0.00032941021454	0.000117646505193	0.000338821934956	0.000108234784777	1.41175806232e-05	3.2941021454e-05	5.64703224926e-05
