0.0339449581052	0.000169052913562	0.000398791488403	0	0.000186391673927	0	0.00149113339142	0.0224753681236	0.0118033611187	0.000927623679545	0.00760738111029	0.00378418444973	0.000303428306393	4.33469009133e-06	0.0158823044946	6.502035137e-05	0.000173387603653	6.93550414613e-05	0.000355444587489	0.00081492173717	0.00142177834996	6.06856612786e-05	0.000494154670412	0.000143044773014	0.00210665938439	8.66938018266e-06	0.00182923921854	0.000602521922695	0.00999146066052	0.0135198983949	0.00711322643988	1.3004070274e-05	8.66938018266e-06	0.00295625864229	0.00752068730846	0	2.16734504567e-05	0	0	2.6008140548e-05	0	0.000572179092056	1.3004070274e-05	0.000606856612786	0.000156048843288	0.000169052913562	4.76815910047e-05	8.66938018266e-06	0	0.000251412025297	3.03428306393e-05	1.3004070274e-05	0	5.2016281096e-05	2.6008140548e-05	4.33469009133e-06	0	0.000407460868585	0	0.00101865217146	4.33469009133e-06	0.000156048843288	5.2016281096e-05	0.000190726364019	8.23591117353e-05	0	0	0	3.03428306393e-05	0.000190726364019	0.000884276778632	9.96978721006e-05	0.00544003606462	0.000251412025297	5.2016281096e-05	0	0	0.000342440517215	0.000238407955023	8.23591117353e-05	4.33469009133e-06	0	2.6008140548e-05	4.33469009133e-06
0.000169052913562	0.028903713529	0.00257480591425	0	0	0	8.66938018266e-06	8.23591117353e-05	3.46775207307e-05	0.0027481935179	1.73387603653e-05	2.16734504567e-05	2.16734504567e-05	0.000433469009133	3.9012210822e-05	0.000138710082923	0.0020503084132	0.000164718223471	4.33469009133e-06	0.000138710082923	0	0.000151714153197	0.00715657334079	0.000398791488403	0.00411362089667	0.00109667659311	0.00596453356567	0.0245820275079	0.000420464938859	0.000190726364019	0.000273085475754	3.46775207307e-05	0	8.66938018266e-05	0.000173387603653	0	0.0166538793309	0.00071522386507	0	0	0	0	8.66938018266e-06	8.66938018266e-06	2.16734504567e-05	4.33469009133e-06	7.8024421644e-05	0	0.000117036632466	4.33469009133e-06	8.66938018266e-06	0.000307762996485	0.000238407955023	6.06856612786e-05	7.8024421644e-05	0	4.33469009133e-05	0.000489819980321	0.000160383533379	0.000112701942375	0.000697885104704	0.00320767066759	0.0151020602782	0.000147379463105	0	4.33469009133e-06	0	0	0	0.000121371322557	0.000645868823608	0.000160383533379	0.000229738574841	1.73387603653e-05	0.00013004070274	0	4.33469009133e-06	0.000173387603653	0.000281754855937	2.6008140548e-05	1.73387603653e-05	4.33469009133e-06	0	8.66938018266e-06
0.000398791488403	0.00257480591425	0.0389558598508	0	0	8.66938018266e-06	2.6008140548e-05	0.000706554484887	0.000182056983836	0.000121371322557	3.03428306393e-05	0.000216734504567	4.33469009133e-06	4.33469009133e-06	0.000203730434293	8.66938018266e-06	0.000498489360503	0.00725627121289	3.03428306393e-05	0.000745566695709	0	0.000485485290229	0.00115736225439	0.01091474965	0.0006502035137	4.33469009133e-06	0.00994811375961	0.0209625612817	0.00203730434293	0.000329436446941	0.00147812932114	0	0	7.8024421644e-05	0.00158216188334	4.33469009133e-06	0.0027005119269	0.00198962275192	0	0	8.66938018266e-06	8.66938018266e-06	3.46775207307e-05	1.73387603653e-05	7.36897315526e-05	4.76815910047e-05	0.00013004070274	8.66938018266e-06	0	4.33469009133e-06	0	1.73387603653e-05	0.000654538203791	7.36897315526e-05	0.000602521922695	0	0.000281754855937	0.0020503084132	0.0019506105411	9.1028491918e-05	0	0.00267450378635	0.00386220887138	0.000221069194658	8.66938018266e-06	0.000307762996485	0	8.66938018266e-06	0	0.000312097686576	0.00625495780179	0.000515828120868	0.00203730434293	0.000398791488403	0.000164718223471	4.33469009133e-06	0.000147379463105	0.000398791488403	0.000992644030915	0.000234073264932	8.66938018266e-05	4.33469009133e-06	3.03428306393e-05	8.66938018266e-06
0	0	0	0	0	0	0	0	0	0	0	0	0	0	0	0	0	0	0	0	0	0	0	0	0	0	0	0	0	0	0	0	0	0	0	0	0	0	0	0	0	0	0	0	0	0	0	0	0	0	0	0	0	0	0	0	0	0	0	0	0	0	0	0	0	0	0	0	0	0	0	0	0	0	0	0	0	0	0	0	0	0	0	0
0.000186391673927	0	0	0	0.0147076034799	4.33469009133e-06	0.000836595187627	0.00165585161489	0.000429134319042	0.000186391673927	0.000840929877718	0.000290424236119	0.0035024295938	3.9012210822e-05	0.000810587047079	0.000151714153197	0	0	4.33469009133e-06	0	0.00740365067599	0	0	0	0.00541836261416	0	0.000164718223471	0	0.00464678777791	0.000290424236119	4.33469009133e-06	3.03428306393e-05	0	8.23591117353e-05	0.00111401535347	0	0	0	0	0.00138276613913	0	0	1.3004070274e-05	0	0.000515828120868	9.53631820093e-05	0	0.000481150600138	4.33469009133e-06	0	0	0	0	0	0	0.00101865217146	0	0	0	0.000563509711873	4.33469009133e-06	4.33469009133e-06	4.33469009133e-06	0.000589517852421	0	0	0	0	0	0	0.000147379463105	9.1028491918e-05	0.00100998279128	0.000138710082923	0.000121371322557	4.33469009133e-06	0	0	0	0	4.33469009133e-06	7.8024421644e-05	8.66938018266e-06	0
0	0	8.66938018266e-06	0	4.33469009133e-06	0.00532733412225	0.00283488731973	3.9012210822e-05	0.00152581091215	1.73387603653e-05	1.73387603653e-05	0.000342440517215	2.16734504567e-05	8.66938018266e-06	6.06856612786e-05	0.00114435818411	0	3.46775207307e-05	0	2.6008140548e-05	4.33469009133e-05	8.66938018266e-06	4.33469009133e-06	0	4.33469009133e-06	0	1.3004070274e-05	1.73387603653e-05	6.502035137e-05	0.00032510175685	4.76815910047e-05	0	0.00202863496274	4.33469009133e-06	0.00136542737877	0	0	0	0	0	4.33469009133e-06	2.16734504567e-05	0	5.63509711873e-05	4.33469009133e-06	4.33469009133e-06	4.33469009133e-06	0	0	4.33469009133e-06	0	0	0	4.33469009133e-06	0	0	8.66938018266e-06	4.33469009133e-06	8.66938018266e-06	1.3004070274e-05	0	0	0	0	0	0	0	4.33469009133e-06	0	8.66938018266e-05	0.000242742645115	8.66938018266e-06	0.000663207583974	0.000359779277581	0.00149113339142	0.000936293059728	4.33469009133e-06	1.73387603653e-05	0	3.9012210822e-05	8.66938018266e-06	2.6008140548e-05	3.46775207307e-05	8.66938018266e-06
0.00149113339142	8.66938018266e-06	2.6008140548e-05	0	0.000836595187627	0.00283488731973	0.0441271451298	0.00744699757691	0.0225577272353	0.000463811839773	0.0142828038509	0.00101431748137	0.0117816876682	1.3004070274e-05	0.00789780534641	0.00377984975964	0	8.66938018266e-05	8.66938018266e-06	0.000208065124384	0.00539235447362	2.6008140548e-05	1.3004070274e-05	8.66938018266e-06	0.00106199907238	4.33469009133e-06	0.000247077335206	6.502035137e-05	0.00448640424453	0.00357611932535	0.000208065124384	0	0.00110534597329	0.00132641516795	0.00402692709485	0	4.33469009133e-06	0	0	0.000346775207307	1.3004070274e-05	0.000138710082923	4.33469009133e-06	0.000242742645115	0.000229738574841	1.3004070274e-05	4.33469009133e-05	0	4.33469009133e-06	6.06856612786e-05	5.63509711873e-05	0	0	4.33469009133e-05	0	1.3004070274e-05	1.73387603653e-05	1.73387603653e-05	8.66938018266e-06	0.000840929877718	0	4.33469009133e-06	4.33469009133e-06	0.000442138389316	1.3004070274e-05	0	0	4.33469009133e-06	0	0.000234073264932	0.00204163903302	0.000108367252283	0.003701825338	0.0010489950021	0.00129607233731	0.000598187232604	8.66938018266e-06	0.000186391673927	4.33469009133e-05	0.000190726364019	2.16734504567e-05	0.000277420165845	0.000143044773014	4.33469009133e-05
0.0224753681236	8.23591117353e-05	0.000706554484887	0	0.00165585161489	3.9012210822e-05	0.00744699757691	0.0705297424761	0.0161727287308	0.00119203977512	0.0231559144679	0.00596019887558	0.00175988417708	4.33469009133e-06	0.0131904619479	0.00101431748137	1.3004070274e-05	0.000537501571325	0.00052016281096	0.00230605512859	0.00370616002809	6.502035137e-05	0.00019506105411	0.00129173764722	0.00498922829512	4.33469009133e-06	0.00467279591846	0.000472481219955	0.0338625989935	0.0123755402108	0.0101605135741	3.03428306393e-05	4.33469009133e-06	0.00917220423326	0.0175684989402	0	6.502035137e-05	0	0	0.00257480591425	0	0.000394456798311	3.03428306393e-05	0.000264416095571	0.00215434097539	0.000112701942375	6.93550414613e-05	0.00019506105411	0	3.03428306393e-05	4.33469009133e-05	8.66938018266e-06	0	6.502035137e-05	1.73387603653e-05	0.00129173764722	4.33469009133e-06	0.000234073264932	8.66938018266e-06	0.00576513782147	4.33469009133e-06	0.000775909526348	6.502035137e-05	0.00283055262964	8.66938018266e-06	0	0	0	0	0.000199395744201	0.0014521211806	0.000143044773014	0.0142741344708	0.00275686289809	0.000905950229088	1.3004070274e-05	8.66938018266e-06	0.000606856612786	0.000173387603653	0.000229738574841	5.63509711873e-05	0.000160383533379	6.06856612786e-05	0
0.0118033611187	3.46775207307e-05	0.000182056983836	0	0.000429134319042	0.00152581091215	0.0225577272353	0.0161727287308	0.0461731188529	0.000416130248768	0.0133118332705	0.00186391673927	0.00269184254672	2.6008140548e-05	0.0198051990273	0.000897280848906	4.76815910047e-05	9.1028491918e-05	8.66938018266e-06	0.000221069194658	0.00288256891074	3.46775207307e-05	0.000143044773014	9.53631820093e-05	0.00109667659311	0	0.000567844401964	0.000190726364019	0.00535767695289	0.00630697408289	0.00123972136612	0	0.000797582976805	0.00172087196626	0.00501090174558	0	1.3004070274e-05	4.33469009133e-06	0	0.000472481219955	1.3004070274e-05	0.000559175021782	4.33469009133e-06	0.000697885104704	0.000242742645115	0.000138710082923	0.000117036632466	4.33469009133e-06	4.33469009133e-06	0.000242742645115	2.6008140548e-05	0	0	0.000108367252283	2.6008140548e-05	8.66938018266e-06	8.66938018266e-06	0.000173387603653	8.66938018266e-06	0.00177288824735	0	4.33469009133e-05	3.46775207307e-05	0.00058518316233	6.06856612786e-05	0	0	4.33469009133e-06	0	0.000364113967672	0.00219768787631	8.23591117353e-05	0.00407027399576	0.00108367252283	0.000381452728037	0.000394456798311	1.3004070274e-05	0.000424799628951	0.000173387603653	0.000277420165845	2.16734504567e-05	0.000117036632466	0.000134375392831	5.2016281096e-05
0.000927623679545	0.0027481935179	0.000121371322557	0	0.000186391673927	1.73387603653e-05	0.000463811839773	0.00119203977512	0.000416130248768	0.018270718735	0.00013004070274	6.06856612786e-05	0.00247944273224	0.000221069194658	0.000290424236119	0.00216301035557	0.000424799628951	5.63509711873e-05	0	0.000303428306393	2.16734504567e-05	1.3004070274e-05	0.00456442866617	5.63509711873e-05	0.0105202928517	0.000741232005618	0.00132641516795	0.0014477864905	0.0012007091553	0.00135675799859	0.000767240146166	0	0	0.000983974650732	0.00106199907238	0.000420464938859	0.000212399814475	1.73387603653e-05	0	0.000827925807444	0	8.66938018266e-06	0.000229738574841	0.000112701942375	0.00456442866617	8.66938018266e-06	2.16734504567e-05	8.66938018266e-05	1.73387603653e-05	0.000446473079407	0.000182056983836	0.000364113967672	8.66938018266e-06	1.3004070274e-05	0	0.000134375392831	7.8024421644e-05	0.000437803699225	7.36897315526e-05	0.00265716502599	3.03428306393e-05	0.000221069194658	0.000238407955023	0.000203730434293	3.03428306393e-05	7.8024421644e-05	0	0	8.66938018266e-06	3.46775207307e-05	0.00160383533379	0.000156048843288	0.00106199907238	0.000143044773014	0.0016991985158	1.73387603653e-05	7.8024421644e-05	0.000485485290229	3.03428306393e-05	6.502035137e-05	1.3004070274e-05	0.000117036632466	4.33469009133e-06	4.33469009133e-06
0.00760738111029	1.73387603653e-05	3.03428306393e-05	0	0.000840929877718	1.73387603653e-05	0.0142828038509	0.0231559144679	0.0133118332705	0.00013004070274	0.04224155494	0.00439104106252	0.00299527085311	4.33469009133e-06	0.0061986068306	0.000182056983836	0	6.502035137e-05	0.000450807769499	0.000871272708358	0.00525364439069	2.16734504567e-05	8.66938018266e-06	2.6008140548e-05	0.000442138389316	4.33469009133e-06	0.00179456169781	0.000108367252283	0.0156395618495	0.00419164531832	2.16734504567e-05	2.16734504567e-05	8.66938018266e-06	0.00271351599717	0.00954498758111	0	0	0	0	0.000368448657763	0	0	1.3004070274e-05	0	0.000212399814475	8.66938018266e-06	4.33469009133e-06	0	0	0	0	0	0	8.66938018266e-06	0	4.33469009133e-06	0	4.33469009133e-06	0	0.000736897315526	4.33469009133e-06	2.16734504567e-05	0	0.00032510175685	0	0	0	0	0	8.66938018266e-06	0.000533166881234	6.502035137e-05	0.00797582976805	0.00114435818411	0.000143044773014	1.3004070274e-05	0	8.66938018266e-06	4.33469009133e-06	1.3004070274e-05	0	0	0	0
0.00378418444973	2.16734504567e-05	0.000216734504567	0	0.000290424236119	0.000342440517215	0.00101431748137	0.00596019887558	0.00186391673927	6.06856612786e-05	0.00439104106252	0.0344911290567	0.00136542737877	0.00687481848485	0.00160817002388	1.73387603653e-05	4.76815910047e-05	0.0013480886184	0.00283488731973	0.0061986068306	0.00242309176105	0.0014998027716	5.2016281096e-05	0.000983974650732	0.000229738574841	0.00154748436261	0.00538801978353	0.00140443958959	0.00382319666055	0.00619427214051	0.0020503084132	0.000741232005618	0.00058518316233	0.00162117409416	0.019696831775	6.06856612786e-05	5.63509711873e-05	4.33469009133e-06	0	1.3004070274e-05	1.3004070274e-05	9.96978721006e-05	2.16734504567e-05	0.000368448657763	5.2016281096e-05	0.00013004070274	0.00107500314265	4.76815910047e-05	0.00193327178073	0.0006502035137	2.16734504567e-05	0	0	2.6008140548e-05	1.3004070274e-05	1.73387603653e-05	4.33469009133e-06	4.76815910047e-05	8.66938018266e-06	0.000182056983836	0.00257914060434	0.000177722293745	8.66938018266e-05	3.46775207307e-05	0.000355444587489	0	2.16734504567e-05	0.000138710082923	0	0.000888611468723	0.00147812932114	0.00449507362471	0.011721002007	8.66938018266e-05	2.6008140548e-05	1.3004070274e-05	0.00112268473365	9.53631820093e-05	0.000611191302878	0.000546170951508	6.93550414613e-05	0	9.53631820093e-05	0.00135675799859
0.000303428306393	2.16734504567e-05	4.33469009133e-06	0	0.0035024295938	2.16734504567e-05	0.0117816876682	0.00175988417708	0.00269184254672	0.00247944273224	0.00299527085311	0.00136542737877	0.0301651083456	0.000112701942375	0.0038492048011	0.00327269101896	0	1.3004070274e-05	1.3004070274e-05	4.76815910047e-05	0.0146989340997	4.33469009133e-06	2.6008140548e-05	0	0.0030993034153	4.33469009133e-06	0.000611191302878	2.16734504567e-05	0.00155615374279	0.00182923921854	0.000143044773014	0.000121371322557	1.73387603653e-05	0.000147379463105	0.00290857705128	0	0	0	0	1.3004070274e-05	0	4.76815910047e-05	0	4.76815910047e-05	0.000182056983836	1.3004070274e-05	4.33469009133e-06	0.000355444587489	4.33469009133e-06	1.73387603653e-05	6.502035137e-05	0	0	8.66938018266e-06	0	0.000199395744201	4.33469009133e-06	1.73387603653e-05	0	8.66938018266e-06	4.33469009133e-06	8.66938018266e-06	4.33469009133e-06	4.33469009133e-06	4.33469009133e-06	0	0	0	0	3.03428306393e-05	3.03428306393e-05	0.000208065124384	0.00218034911594	3.46775207307e-05	0.00182490452845	4.33469009133e-06	0	5.63509711873e-05	1.3004070274e-05	3.9012210822e-05	0	0.000225403884749	2.6008140548e-05	0
4.33469009133e-06	0.000433469009133	4.33469009133e-06	0	3.9012210822e-05	8.66938018266e-06	1.3004070274e-05	4.33469009133e-06	2.6008140548e-05	0.000221069194658	4.33469009133e-06	0.00687481848485	0.000112701942375	0.0162420837722	3.46775207307e-05	4.33469009133e-06	1.3004070274e-05	4.33469009133e-06	8.66938018266e-06	1.3004070274e-05	0.00013004070274	1.3004070274e-05	0.000286089546028	1.73387603653e-05	0.000117036632466	0.00466412653827	0.00492420794375	0.00421765345887	2.6008140548e-05	6.93550414613e-05	4.33469009133e-06	0.00187258611946	7.36897315526e-05	4.33469009133e-06	0.000567844401964	6.06856612786e-05	0.000351109897398	0	0	4.33469009133e-06	0	3.46775207307e-05	8.66938018266e-06	0.000320767066759	8.66938018266e-05	9.1028491918e-05	0.00167752506535	6.06856612786e-05	0.00535767695289	0.000667542274065	3.03428306393e-05	0	0	2.16734504567e-05	8.66938018266e-06	2.16734504567e-05	0	8.66938018266e-05	0	3.46775207307e-05	0.00620727621079	0.00117903570484	0.000420464938859	4.33469009133e-06	0.000377118037946	0	2.6008140548e-05	0.000156048843288	0	0.000940627749819	0.000125706012649	0.00423065752914	0.000450807769499	0	4.33469009133e-06	0	0.000957966510184	4.33469009133e-06	0.000927623679545	0.000515828120868	0	0	5.2016281096e-05	0.00146512525087
0.0158823044946	3.9012210822e-05	0.000203730434293	0	0.000810587047079	6.06856612786e-05	0.00789780534641	0.0131904619479	0.0198051990273	0.000290424236119	0.0061986068306	0.00160817002388	0.0038492048011	3.46775207307e-05	0.0389428557805	0.000351109897398	5.2016281096e-05	4.33469009133e-06	1.3004070274e-05	6.502035137e-05	0.00453842052562	1.3004070274e-05	0.000203730434293	0.000112701942375	0.0013480886184	4.33469009133e-06	0.00061986068306	0.000247077335206	0.00462944901754	0.0129867315136	0.00293891988192	1.3004070274e-05	0.000372783347855	0.000515828120868	0.00563076242864	4.33469009133e-06	3.46775207307e-05	4.33469009133e-06	0	0.000138710082923	0	0.000628530063243	0	0.000871272708358	5.2016281096e-05	9.1028491918e-05	0.000173387603653	8.66938018266e-06	0	0.000381452728037	1.3004070274e-05	1.3004070274e-05	8.66938018266e-06	0.000134375392831	2.6008140548e-05	1.3004070274e-05	0	0.000229738574841	8.66938018266e-06	0.000970970580458	0	8.23591117353e-05	5.63509711873e-05	0.000329436446941	9.1028491918e-05	0	0	4.33469009133e-06	0	0.000459477149681	0.00116169694448	0.000138710082923	0.00302994837384	0.000346775207307	6.93550414613e-05	1.73387603653e-05	4.33469009133e-06	0.000723893245252	0.000190726364019	0.000420464938859	3.9012210822e-05	0.000212399814475	0.000117036632466	2.16734504567e-05
6.502035137e-05	0.000138710082923	8.66938018266e-06	0	0.000151714153197	0.00114435818411	0.00377984975964	0.00101431748137	0.000897280848906	0.00216301035557	0.000182056983836	1.73387603653e-05	0.00327269101896	4.33469009133e-06	0.000351109897398	0.0137756451103	6.06856612786e-05	8.66938018266e-06	0	3.46775207307e-05	0.000247077335206	0.000104032562192	0.00019506105411	0.000281754855937	0.0024490999016	2.6008140548e-05	9.53631820093e-05	9.1028491918e-05	0.00129173764722	0.000329436446941	0.000377118037946	0	0.00019506105411	0.000221069194658	0.000450807769499	1.73387603653e-05	3.03428306393e-05	1.3004070274e-05	0	4.33469009133e-06	0	0.000338105827124	0.000143044773014	0.000385787418129	0.0013480886184	0.000212399814475	0.000108367252283	4.76815910047e-05	4.33469009133e-06	6.93550414613e-05	0.000104032562192	2.6008140548e-05	1.73387603653e-05	0.000104032562192	1.73387603653e-05	0	3.03428306393e-05	6.93550414613e-05	5.63509711873e-05	0.00139143551932	0	2.6008140548e-05	9.1028491918e-05	0.000264416095571	1.73387603653e-05	0	0	0	8.66938018266e-06	0.00013004070274	0.000485485290229	8.66938018266e-06	0.00317299314685	0.000108367252283	0.00705687546869	8.66938018266e-06	8.66938018266e-06	0.000247077335206	5.63509711873e-05	0.000364113967672	0.000203730434293	2.16734504567e-05	2.6008140548e-05	0
0.000173387603653	0.0020503084132	0.000498489360503	0	0	0	0	1.3004070274e-05	4.76815910047e-05	0.000424799628951	0	4.76815910047e-05	0	1.3004070274e-05	5.2016281096e-05	6.06856612786e-05	0.0228004698804	5.63509711873e-05	0	0.000273085475754	0	0.00276986696836	0.0111748310555	0.00866938018266	0.00702653263805	4.76815910047e-05	0.00128306826703	0.00670576557129	0.00288690360083	0.000160383533379	0.000294758926211	4.33469009133e-06	0	3.46775207307e-05	0.000346775207307	0	0.000871272708358	6.93550414613e-05	0	0	0	0	0	0	4.33469009133e-06	0	1.3004070274e-05	0	4.33469009133e-06	0	4.33469009133e-06	0.00316432376667	1.3004070274e-05	4.33469009133e-06	0	0	0.00175554948699	0.00409194744622	0.000988309340824	5.63509711873e-05	0	0.000238407955023	0.000957966510184	0.000489819980321	0	3.9012210822e-05	0	0	0	0	0.00305595651439	0.000459477149681	0.00137843144904	0.00052016281096	8.66938018266e-06	0	4.33469009133e-06	1.73387603653e-05	2.6008140548e-05	4.33469009133e-06	8.66938018266e-06	0	0	4.33469009133e-06
6.93550414613e-05	0.000164718223471	0.00725627121289	0	0	3.46775207307e-05	8.66938018266e-05	0.000537501571325	9.1028491918e-05	5.63509711873e-05	6.502035137e-05	0.0013480886184	1.3004070274e-05	4.33469009133e-06	4.33469009133e-06	8.66938018266e-06	5.63509711873e-05	0.026532638049	0.000143044773014	0.00586917038366	4.33469009133e-06	0.00142177834996	3.46775207307e-05	0.00787179720586	0.000121371322557	4.33469009133e-06	0.010251542066	0.0048028366212	0.00277420165845	0.000173387603653	0.00279154041882	1.3004070274e-05	0	0.000156048843288	0.0034980949037	8.66938018266e-06	0.000242742645115	4.76815910047e-05	0	4.33469009133e-06	4.33469009133e-06	1.3004070274e-05	9.53631820093e-05	1.73387603653e-05	3.03428306393e-05	8.66938018266e-06	0.000255746715389	8.66938018266e-06	4.33469009133e-06	2.6008140548e-05	1.3004070274e-05	0	0.000190726364019	0.000169052913562	0.000840929877718	0	6.93550414613e-05	0.000151714153197	0.00013004070274	2.6008140548e-05	1.73387603653e-05	0.00240575300069	6.502035137e-05	9.1028491918e-05	4.33469009133e-06	0.000346775207307	0	4.33469009133e-06	0	0.000338105827124	0.0010489950021	0.000173387603653	0.00157782719324	0.000450807769499	2.16734504567e-05	0	0	1.3004070274e-05	0.000117036632466	0.000125706012649	8.66938018266e-06	0	4.33469009133e-06	0
0.000355444587489	4.33469009133e-06	3.03428306393e-05	0	4.33469009133e-06	0	8.66938018266e-06	0.00052016281096	8.66938018266e-06	0	0.000450807769499	0.00283488731973	1.3004070274e-05	8.66938018266e-06	1.3004070274e-05	0	0	0.000143044773014	0.00457743273645	0.00310797279548	7.8024421644e-05	0.000143044773014	0	8.66938018266e-05	0	5.2016281096e-05	0.00110534597329	0.000108367252283	0.000364113967672	8.66938018266e-05	8.23591117353e-05	1.3004070274e-05	0	0.000112701942375	0.00178155762754	0	8.66938018266e-06	0	0	0	1.3004070274e-05	1.3004070274e-05	8.66938018266e-06	0	0	8.66938018266e-06	6.06856612786e-05	0	5.63509711873e-05	0	0	0	0	8.66938018266e-06	0	0	0	0	4.33469009133e-06	8.66938018266e-06	4.33469009133e-06	1.3004070274e-05	8.66938018266e-06	1.3004070274e-05	0	0	3.9012210822e-05	0	0	1.73387603653e-05	0.000225403884749	0.000173387603653	0.00104032562192	8.66938018266e-06	0	0	4.33469009133e-06	8.66938018266e-06	8.66938018266e-06	3.03428306393e-05	2.6008140548e-05	0	1.3004070274e-05	0
0.00081492173717	0.000138710082923	0.000745566695709	0	0	2.6008140548e-05	0.000208065124384	0.00230605512859	0.000221069194658	0.000303428306393	0.000871272708358	0.0061986068306	4.76815910047e-05	1.3004070274e-05	6.502035137e-05	3.46775207307e-05	0.000273085475754	0.00586917038366	0.00310797279548	0.0262248750526	7.8024421644e-05	0.00127439888685	7.36897315526e-05	0.00198095337174	0.000368448657763	0.000108367252283	0.0122498341981	0.00154748436261	0.00247944273224	0.00113568880393	0.00375384161909	1.73387603653e-05	0	0.00196361461137	0.0119247324413	8.66938018266e-06	0.00013004070274	0	0	6.93550414613e-05	2.6008140548e-05	4.33469009133e-05	8.23591117353e-05	4.33469009133e-05	0.000359779277581	1.73387603653e-05	0.000988309340824	4.33469009133e-06	5.2016281096e-05	2.16734504567e-05	0	0	0	0.000966635890367	0.000329436446941	8.66938018266e-06	8.66938018266e-06	1.73387603653e-05	2.16734504567e-05	0.000364113967672	7.8024421644e-05	0.0011486928742	6.93550414613e-05	0.000138710082923	4.33469009133e-06	3.46775207307e-05	4.33469009133e-05	0	0	6.502035137e-05	0.00308629934503	0.00108367252283	0.0075987117301	0.000533166881234	0.000104032562192	0	0	9.96978721006e-05	4.33469009133e-05	0.000147379463105	0.000112701942375	1.3004070274e-05	6.93550414613e-05	4.33469009133e-06
0.00142177834996	0	0	0	0.00740365067599	4.33469009133e-05	0.00539235447362	0.00370616002809	0.00288256891074	2.16734504567e-05	0.00525364439069	0.00242309176105	0.0146989340997	0.00013004070274	0.00453842052562	0.000247077335206	0	4.33469009133e-06	7.8024421644e-05	7.8024421644e-05	0.027243527224	8.66938018266e-06	4.33469009133e-06	0	0.0019982921321	1.3004070274e-05	0.00143911711032	4.33469009133e-06	0.00454275521572	0.00224536946731	1.3004070274e-05	0.000151714153197	2.6008140548e-05	0.000108367252283	0.00557441145745	0	0	0	0	7.8024421644e-05	0	4.33469009133e-06	0	4.33469009133e-06	0	0	0	0	4.33469009133e-06	0	0	0	0	0	0	0	0	8.66938018266e-06	0	4.33469009133e-06	4.33469009133e-06	4.33469009133e-06	4.33469009133e-06	0	0	0	0	0	0	4.33469009133e-06	5.63509711873e-05	0.000286089546028	0.00474648565001	0.000320767066759	3.9012210822e-05	8.66938018266e-06	0	3.46775207307e-05	4.33469009133e-06	8.66938018266e-06	0	0	4.33469009133e-06	0
6.06856612786e-05	0.000151714153197	0.000485485290229	0	0	8.66938018266e-06	2.6008140548e-05	6.502035137e-05	3.46775207307e-05	1.3004070274e-05	2.16734504567e-05	0.0014998027716	4.33469009133e-06	1.3004070274e-05	1.3004070274e-05	0.000104032562192	0.00276986696836	0.00142177834996	0.000143044773014	0.00127439888685	8.66938018266e-06	0.0334638075051	0.0006502035137	0.0133118332705	0.000320767066759	2.16734504567e-05	0.00193760647083	0.000836595187627	0.0115562837835	0.000359779277581	0.00856968231056	0	0	9.53631820093e-05	0.00667108805056	1.73387603653e-05	3.03428306393e-05	0	0	4.33469009133e-06	8.66938018266e-06	3.03428306393e-05	2.6008140548e-05	3.46775207307e-05	1.3004070274e-05	2.6008140548e-05	3.03428306393e-05	1.73387603653e-05	4.33469009133e-06	1.73387603653e-05	1.3004070274e-05	0.000533166881234	8.66938018266e-06	1.3004070274e-05	2.16734504567e-05	0	0.00233639795923	0.00368882126772	0.000281754855937	0.000437803699225	0	0.000372783347855	4.76815910047e-05	0.00230605512859	2.16734504567e-05	0.000507158740686	0	4.33469009133e-06	0	0.000160383533379	0.00202430027265	0.000511493430777	0.0090031513197	0.00241442238087	0.000160383533379	0	4.33469009133e-06	6.93550414613e-05	6.502035137e-05	0.000182056983836	0.000156048843288	0	3.9012210822e-05	1.73387603653e-05
0.000494154670412	0.00715657334079	0.00115736225439	0	0	4.33469009133e-06	1.3004070274e-05	0.00019506105411	0.000143044773014	0.00456442866617	8.66938018266e-06	5.2016281096e-05	2.6008140548e-05	0.000286089546028	0.000203730434293	0.00019506105411	0.0111748310555	3.46775207307e-05	0	7.36897315526e-05	4.33469009133e-06	0.0006502035137	0.0342873986224	0.00819256427262	0.00872139646376	0.000823591117353	0.00218468380603	0.0136759472382	0.00269184254672	0.000411795558677	0.000442138389316	4.33469009133e-06	0	0.000164718223471	0.000190726364019	3.46775207307e-05	0.0017988963879	0.000125706012649	0	0	4.33469009133e-06	8.66938018266e-06	0	1.3004070274e-05	0.00107066845256	0	3.03428306393e-05	0	0.000117036632466	4.33469009133e-06	1.3004070274e-05	0.00817956020234	6.502035137e-05	3.9012210822e-05	3.46775207307e-05	0	0.00147379463105	0.0144908689753	0.00354144180462	0.00120937853548	0.000117036632466	0.000468146529864	0.00551806048627	0.00126139481658	3.46775207307e-05	0.000251412025297	0	0	0	4.76815910047e-05	0.00153448029233	0.000294758926211	0.00032510175685	2.6008140548e-05	0.000190726364019	4.33469009133e-06	6.502035137e-05	0.0012483907463	0.000494154670412	1.73387603653e-05	0	0	2.6008140548e-05	4.76815910047e-05
0.000143044773014	0.000398791488403	0.01091474965	0	0	0	8.66938018266e-06	0.00129173764722	9.53631820093e-05	5.63509711873e-05	2.6008140548e-05	0.000983974650732	0	1.73387603653e-05	0.000112701942375	0.000281754855937	0.00866938018266	0.00787179720586	8.66938018266e-05	0.00198095337174	0	0.0133118332705	0.00819256427262	0.0623241741332	0.00132641516795	3.03428306393e-05	0.00702219794796	0.00915920016298	0.0071002223696	0.000290424236119	0.00497188953476	0	0	8.23591117353e-05	0.00377551506955	7.8024421644e-05	0.000169052913562	0.000251412025297	0	8.66938018266e-06	8.66938018266e-06	3.9012210822e-05	7.8024421644e-05	6.502035137e-05	7.36897315526e-05	4.33469009133e-05	6.93550414613e-05	3.03428306393e-05	4.33469009133e-06	8.23591117353e-05	3.03428306393e-05	0.00526664846097	0.000112701942375	4.76815910047e-05	3.9012210822e-05	4.33469009133e-06	0.0026008140548	0.00785879313558	0.00718691617143	0.000169052913562	4.33469009133e-06	0.000793248286714	0.00306462589457	0.00052016281096	2.16734504567e-05	0.000524497501051	0	1.3004070274e-05	0	0.000247077335206	0.0112225126465	0.00122238260576	0.00921988582426	0.00206331248347	0.000381452728037	0	3.9012210822e-05	0.000212399814475	0.000104032562192	0.000407460868585	0.000316432376667	4.33469009133e-06	4.76815910047e-05	2.6008140548e-05
0.00210665938439	0.00411362089667	0.0006502035137	0	0.00541836261416	4.33469009133e-06	0.00106199907238	0.00498922829512	0.00109667659311	0.0105202928517	0.000442138389316	0.000229738574841	0.0030993034153	0.000117036632466	0.0013480886184	0.0024490999016	0.00702653263805	0.000121371322557	0	0.000368448657763	0.0019982921321	0.000320767066759	0.00872139646376	0.00132641516795	0.0482581047868	0.000169052913562	0.00196794930146	0.00568277870974	0.0178242456556	0.00250545087279	0.00153014560224	4.33469009133e-06	0	0.0020503084132	0.00396624143357	0.000216734504567	0.000819256427262	0.00013004070274	0	0.00124405605621	4.33469009133e-06	0.00032510175685	0.000398791488403	0.000433469009133	0.00722592838225	0.000294758926211	0.000225403884749	0.000134375392831	1.73387603653e-05	0.00032510175685	0.00045514245959	0.00127006419676	3.03428306393e-05	0.000251412025297	1.73387603653e-05	0.000836595187627	9.96978721006e-05	0.00152147622206	0.000299093616302	0.00513227306814	1.73387603653e-05	0.000377118037946	0.00110534597329	0.00148246401124	5.2016281096e-05	5.63509711873e-05	0	4.33469009133e-06	1.73387603653e-05	0.000403126178494	0.00369749064791	0.000862603328175	0.00281754855937	0.000437803699225	0.00168185975544	8.66938018266e-06	1.73387603653e-05	0.00233639795923	0.000208065124384	0.000862603328175	0.000489819980321	0.000156048843288	2.6008140548e-05	8.66938018266e-06
8.66938018266e-06	0.00109667659311	4.33469009133e-06	0	0	0	4.33469009133e-06	4.33469009133e-06	0	0.000741232005618	4.33469009133e-06	0.00154748436261	4.33469009133e-06	0.00466412653827	4.33469009133e-06	2.6008140548e-05	4.76815910047e-05	4.33469009133e-06	5.2016281096e-05	0.000108367252283	1.3004070274e-05	2.16734504567e-05	0.000823591117353	3.03428306393e-05	0.000169052913562	0.00933258776664	0.00282621793955	0.00347208676316	1.3004070274e-05	1.3004070274e-05	4.33469009133e-06	0.000485485290229	1.3004070274e-05	0	0.00019506105411	0	0.00161683940407	8.66938018266e-06	0	0	0	0	0	8.66938018266e-06	0.000320767066759	4.33469009133e-06	0.000580848472238	0	0.00231905919886	2.6008140548e-05	3.46775207307e-05	0.00026008140548	0	7.36897315526e-05	1.73387603653e-05	4.33469009133e-06	4.33469009133e-06	0.000576513782147	0	0.000294758926211	0.0034027317217	0.000481150600138	0.000927623679545	1.3004070274e-05	0	0	4.33469009133e-06	3.46775207307e-05	0	9.96978721006e-05	3.03428306393e-05	0.000788913596622	0.000247077335206	0	3.03428306393e-05	0	0.000567844401964	1.73387603653e-05	3.46775207307e-05	4.33469009133e-05	4.33469009133e-06	1.3004070274e-05	4.33469009133e-06	0.000225403884749
0.00182923921854	0.00596453356567	0.00994811375961	0	0.000164718223471	1.3004070274e-05	0.000247077335206	0.00467279591846	0.000567844401964	0.00132641516795	0.00179456169781	0.00538801978353	0.000611191302878	0.00492420794375	0.00061986068306	9.53631820093e-05	0.00128306826703	0.010251542066	0.00110534597329	0.0122498341981	0.00143911711032	0.00193760647083	0.00218468380603	0.00702219794796	0.00196794930146	0.00282621793955	0.0919691196678	0.0280151020603	0.00447773486435	0.0016991985158	0.00546170951508	0.0028522260801	1.3004070274e-05	0.00179022700772	0.0118553773998	3.03428306393e-05	0.00972270987486	0.000125706012649	0	6.93550414613e-05	3.03428306393e-05	7.8024421644e-05	0.000229738574841	0.000112701942375	0.000485485290229	6.502035137e-05	0.00354577649471	2.16734504567e-05	0.00606856612786	0.000182056983836	4.33469009133e-05	8.66938018266e-06	0.000255746715389	0.00191593302037	0.0017988963879	1.3004070274e-05	0.000108367252283	0.000342440517215	0.000238407955023	0.000515828120868	0.0082489152438	0.018461445099	0.00995678313979	0.000377118037946	1.73387603653e-05	0.000433469009133	0.0007499013858	0.000143044773014	0	0.00078024421644	0.010537631612	0.00748600978773	0.0120634425242	0.000693550414613	0.000199395744201	0	0.000229738574841	0.00032510175685	0.000316432376667	0.000550505641599	7.36897315526e-05	4.33469009133e-06	4.76815910047e-05	0.000286089546028
0.000602521922695	0.0245820275079	0.0209625612817	0	0	1.73387603653e-05	6.502035137e-05	0.000472481219955	0.000190726364019	0.0014477864905	0.000108367252283	0.00140443958959	2.16734504567e-05	0.00421765345887	0.000247077335206	9.1028491918e-05	0.00670576557129	0.0048028366212	0.000108367252283	0.00154748436261	4.33469009133e-06	0.000836595187627	0.0136759472382	0.00915920016298	0.00568277870974	0.00347208676316	0.0280151020603	0.0928187189257	0.00256180184398	0.000628530063243	0.00152581091215	0.000242742645115	4.33469009133e-06	0.000169052913562	0.00289123829092	8.66938018266e-06	0.0202039905157	0.00311230748558	0	0	8.66938018266e-06	8.66938018266e-06	9.1028491918e-05	6.502035137e-05	0.000160383533379	2.16734504567e-05	0.000901615538997	0	0.00270918130708	0.000138710082923	4.33469009133e-06	0.00119637446521	0.00116603163457	0.000420464938859	0.000949297130002	0	0.000104032562192	0.00482017538156	0.00179022700772	0.000277420165845	0.0052493097006	0.01044226843	0.0239058158537	0.00039012210822	8.66938018266e-06	0.000134375392831	2.16734504567e-05	0.000151714153197	0	0.000745566695709	0.0133725189318	0.00503257519604	0.0038015232101	0.000528832191142	0.000333771137033	1.3004070274e-05	0.000368448657763	0.000658872893882	0.00143911711032	0.000416130248768	9.96978721006e-05	4.33469009133e-06	3.46775207307e-05	0.00032510175685
0.00999146066052	0.000420464938859	0.00203730434293	0	0.00464678777791	6.502035137e-05	0.00448640424453	0.0338625989935	0.00535767695289	0.0012007091553	0.0156395618495	0.00382319666055	0.00155615374279	2.6008140548e-05	0.00462944901754	0.00129173764722	0.00288690360083	0.00277420165845	0.000364113967672	0.00247944273224	0.00454275521572	0.0115562837835	0.00269184254672	0.0071002223696	0.0178242456556	1.3004070274e-05	0.00447773486435	0.00256180184398	0.0834297801879	0.00771141367248	0.0137062900688	1.3004070274e-05	4.33469009133e-06	0.0066017330091	0.016276761293	3.46775207307e-05	0.000251412025297	0.000134375392831	0	0.00286956484046	0	0.00055484033169	1.73387603653e-05	0.000485485290229	0.00407027399576	0.000173387603653	0.000117036632466	0.000286089546028	0	0.000160383533379	6.93550414613e-05	0.00186391673927	2.6008140548e-05	0.000134375392831	5.63509711873e-05	0.0020503084132	0.00107933783274	0.00526231377088	0.000320767066759	0.00754669544901	2.16734504567e-05	0.00145645587069	0.000481150600138	0.00568711339983	7.36897315526e-05	0.000567844401964	0	0	4.33469009133e-06	0.00032510175685	0.0055007217259	0.00128740295713	0.0142004447392	0.00320333597749	0.00110534597329	2.6008140548e-05	2.6008140548e-05	0.00185958204918	0.000342440517215	0.000468146529864	0.000221069194658	0.000199395744201	3.03428306393e-05	4.33469009133e-06
0.0135198983949	0.000190726364019	0.000329436446941	0	0.000290424236119	0.00032510175685	0.00357611932535	0.0123755402108	0.00630697408289	0.00135675799859	0.00419164531832	0.00619427214051	0.00182923921854	6.93550414613e-05	0.0129867315136	0.000329436446941	0.000160383533379	0.000173387603653	8.66938018266e-05	0.00113568880393	0.00224536946731	0.000359779277581	0.000411795558677	0.000290424236119	0.00250545087279	1.3004070274e-05	0.0016991985158	0.000628530063243	0.00771141367248	0.044564948829	0.0104596071904	2.6008140548e-05	0.000489819980321	0.0112831983077	0.0181103352016	4.33469009133e-06	1.73387603653e-05	1.3004070274e-05	0	0.000125706012649	4.33469009133e-06	0.000420464938859	0.000238407955023	0.000567844401964	0.00143911711032	0.000104032562192	0.000151714153197	3.46775207307e-05	0	0.000225403884749	4.76815910047e-05	2.16734504567e-05	8.66938018266e-06	0.000151714153197	5.2016281096e-05	1.73387603653e-05	0	0.000229738574841	8.66938018266e-06	0.00159516595361	4.33469009133e-06	4.76815910047e-05	4.76815910047e-05	0.000563509711873	0.000156048843288	0	0	4.33469009133e-06	0.000147379463105	0.000398791488403	0.00192460240055	0.000234073264932	0.00811887454106	0.000858268638084	0.000238407955023	3.03428306393e-05	4.33469009133e-06	0.000888611468723	0.000190726364019	0.000468146529864	8.23591117353e-05	0.000238407955023	0.000121371322557	1.73387603653e-05
0.00711322643988	0.000273085475754	0.00147812932114	0	4.33469009133e-06	4.76815910047e-05	0.000208065124384	0.0101605135741	0.00123972136612	0.000767240146166	2.16734504567e-05	0.0020503084132	0.000143044773014	4.33469009133e-06	0.00293891988192	0.000377118037946	0.000294758926211	0.00279154041882	8.23591117353e-05	0.00375384161909	1.3004070274e-05	0.00856968231056	0.000442138389316	0.00497188953476	0.00153014560224	4.33469009133e-06	0.00546170951508	0.00152581091215	0.0137062900688	0.0104596071904	0.0443482143244	0	0	0.0041526331075	0.0123148545495	6.93550414613e-05	0.000125706012649	3.9012210822e-05	0	4.76815910047e-05	4.33469009133e-06	0.000138710082923	0.000221069194658	0.000147379463105	0.00127439888685	3.9012210822e-05	6.502035137e-05	8.66938018266e-06	0	2.6008140548e-05	9.53631820093e-05	0.000117036632466	0	9.53631820093e-05	7.8024421644e-05	1.3004070274e-05	2.16734504567e-05	0.000411795558677	3.46775207307e-05	0.00117903570484	1.3004070274e-05	0.00162550878425	0.000151714153197	0.000606856612786	0.000108367252283	0.000104032562192	0	0	2.6008140548e-05	0.000186391673927	0.000736897315526	0.000212399814475	0.00560475428809	0.00101865217146	0.000359779277581	0	0	0.00110534597329	0.000151714153197	0.000277420165845	0.000138710082923	3.03428306393e-05	3.46775207307e-05	8.66938018266e-06
1.3004070274e-05	3.46775207307e-05	0	0	3.03428306393e-05	0	0	3.03428306393e-05	0	0	2.16734504567e-05	0.000741232005618	0.000121371322557	0.00187258611946	1.3004070274e-05	0	4.33469009133e-06	1.3004070274e-05	1.3004070274e-05	1.73387603653e-05	0.000151714153197	0	4.33469009133e-06	0	4.33469009133e-06	0.000485485290229	0.0028522260801	0.000242742645115	1.3004070274e-05	2.6008140548e-05	0	0.00322067473786	4.33469009133e-06	0	0.000238407955023	0	3.9012210822e-05	0	0	0	0	4.33469009133e-06	0	0	2.6008140548e-05	4.33469009133e-06	0.000316432376667	0	0.0015518190527	4.33469009133e-06	1.3004070274e-05	0	0	0	0	0	0	2.6008140548e-05	4.33469009133e-06	1.3004070274e-05	0.00124405605621	0.000234073264932	6.93550414613e-05	0	4.33469009133e-06	0	3.46775207307e-05	0	0	4.33469009133e-06	3.9012210822e-05	0.000281754855937	0.000247077335206	0	0	0	7.36897315526e-05	1.3004070274e-05	1.73387603653e-05	4.33469009133e-05	4.33469009133e-06	0	0	3.9012210822e-05
8.66938018266e-06	0	0	0	0	0.00202863496274	0.00110534597329	4.33469009133e-06	0.000797582976805	0	8.66938018266e-06	0.00058518316233	1.73387603653e-05	7.36897315526e-05	0.000372783347855	0.00019506105411	0	0	0	0	2.6008140548e-05	0	0	0	0	1.3004070274e-05	1.3004070274e-05	4.33469009133e-06	4.33469009133e-06	0.000489819980321	0	4.33469009133e-06	0.00396624143357	0	0.00113135411384	0	0	0	0	0	0	0	0	0	0	0	0	0	0	0	0	0	0	0	0	0	0	0	0	0	4.33469009133e-06	4.33469009133e-06	0	0	0	0	0	0	0	0	3.03428306393e-05	8.66938018266e-06	0.000121371322557	4.33469009133e-06	0.000420464938859	0.000459477149681	3.46775207307e-05	0	0	4.33469009133e-06	4.33469009133e-06	0	0	0
0.00295625864229	8.66938018266e-05	7.8024421644e-05	0	8.23591117353e-05	4.33469009133e-06	0.00132641516795	0.00917220423326	0.00172087196626	0.000983974650732	0.00271351599717	0.00162117409416	0.000147379463105	4.33469009133e-06	0.000515828120868	0.000221069194658	3.46775207307e-05	0.000156048843288	0.000112701942375	0.00196361461137	0.000108367252283	9.53631820093e-05	0.000164718223471	8.23591117353e-05	0.0020503084132	0	0.00179022700772	0.000169052913562	0.0066017330091	0.0112831983077	0.0041526331075	0	0	0.0182100330737	0.0122064872972	2.16734504567e-05	8.66938018266e-06	8.66938018266e-06	0	0.000125706012649	0	6.502035137e-05	0.000320767066759	7.36897315526e-05	0.00215434097539	5.63509711873e-05	3.46775207307e-05	4.33469009133e-06	0	5.2016281096e-05	3.9012210822e-05	4.33469009133e-06	4.33469009133e-06	3.9012210822e-05	5.63509711873e-05	8.66938018266e-06	0	0.000104032562192	2.16734504567e-05	0.00219335318621	4.33469009133e-06	5.63509711873e-05	7.8024421644e-05	0.000546170951508	0.000125706012649	4.33469009133e-06	0	0	0.000164718223471	0.000108367252283	0.000229738574841	1.73387603653e-05	0.00833560904563	0.00131341109767	0.000147379463105	4.33469009133e-06	8.66938018266e-06	0.000320767066759	0.000160383533379	0.000186391673927	0.000112701942375	0	0	4.33469009133e-06
