1864	0	75	0	0	0	1	504	37	0	0	5	0	0	1148	0	6	18	0	33	0	111	0	112	35	0	33	4	268	854	1308	0	1	0	194	0	1	0	0	0	0	0	0	0	0	0	0	0	0	0	0	0	3	0	4	0	1	0	0	0	0	0	0	1	0	0	0	0	0	2	1	0	78	0	0	0	0	0	0	7	1	0	0	0
0	1477	5	0	0	0	0	0	0	117	0	1	0	13	0	0	1	0	0	0	0	0	417	0	364	117	333	970	11	0	0	0	0	0	0	0	667	0	0	0	0	0	0	0	0	0	0	0	4	0	0	0	5	0	5	0	0	11	0	0	5	0	693	0	0	0	0	0	0	0	0	0	0	0	0	0	0	0	0	1	0	0	0	0
75	5	4965	0	0	0	0	82	19	0	0	0	0	0	37	0	6	460	0	2	0	216	486	2324	0	0	602	3025	2	1	356	0	0	0	56	0	3	0	0	0	0	0	0	0	1	0	0	0	1	0	0	923	0	0	30	0	3	1148	1267	1	0	4	698	5	0	0	1	0	0	23	263	0	444	59	85	44	0	80	1	81	23	0	0	0
0	0	0	0	0	0	0	0	0	0	0	0	0	0	0	0	0	0	0	0	0	0	0	0	0	0	0	0	0	0	0	0	0	0	0	0	0	0	0	0	0	0	0	0	0	0	0	0	0	0	0	0	0	0	0	0	0	0	0	0	0	0	0	0	0	0	0	0	0	0	0	0	0	0	0	0	0	0	0	0	0	0	0	0
0	0	0	0	1041	0	90	23	27	177	81	11	277	6	28	28	0	0	1	0	588	0	0	0	464	0	1	0	170	7	0	0	27	0	17	0	0	0	0	249	0	4	9	4	129	108	0	47	0	1	2	0	0	9	0	221	0	0	0	195	0	6	0	122	0	0	0	0	0	12	0	0	8	3	51	0	0	0	0	12	0	4	0	0
0	0	0	0	0	560	98	0	13	6	2	0	0	3	1	110	10	0	0	0	0	101	0	136	15	0	0	0	9	8	2	0	65	4	94	0	0	0	0	2	0	0	0	0	12	1	0	3	0	1	0	0	0	0	0	2	0	1	0	6	0	0	0	1	0	0	0	0	0	0	18	0	192	127	396	44	0	2	0	0	0	0	0	0
1	0	0	0	90	98	3544	433	1684	0	1128	746	1323	103	771	215	0	0	178	85	552	0	0	0	84	0	150	0	181	660	0	3	341	4	881	0	0	0	0	1	0	0	1	0	2	2	0	0	0	0	0	0	0	0	0	0	0	0	0	4	0	0	0	1	0	0	0	0	0	0	9	0	138	3	152	13	0	0	0	0	0	0	0	0
504	0	82	0	23	0	433	4258	1004	33	467	10	1	0	1066	18	0	0	10	9	1	146	0	109	4	0	11	1	1873	938	896	0	30	258	188	0	0	0	0	7	0	0	10	0	70	73	0	2	0	0	0	0	0	0	0	35	0	0	0	82	0	0	0	60	0	0	0	0	0	0	10	2	136	54	9	14	0	0	0	0	0	0	0	0
37	0	19	0	27	13	1684	1004	3829	18	884	261	391	55	1821	63	0	3	3	14	82	148	0	41	50	0	22	9	521	517	183	0	691	44	467	0	0	0	0	1	0	0	0	0	3	1	0	0	0	0	0	0	0	0	0	1	0	0	0	4	0	0	0	3	0	0	0	0	0	0	114	0	103	22	59	50	0	4	0	0	0	3	0	0
0	117	0	0	177	6	0	33	18	2726	216	4	10	6	6	65	169	0	2	1	41	0	397	0	1077	20	2	0	1200	3	7	0	18	9	46	174	0	0	0	470	0	0	80	39	1638	633	0	81	0	239	0	0	0	0	0	690	8	20	1	1440	0	0	0	1002	145	7	0	0	43	22	113	15	23	8	311	2	0	51	0	28	16	19	0	0
0	0	0	0	81	2	1128	467	884	216	2514	65	283	11	635	28	0	0	16	26	95	0	0	0	0	0	21	0	215	166	0	0	141	0	181	0	0	0	0	1	0	0	14	0	175	255	0	26	0	0	0	0	0	0	0	160	0	0	0	276	0	0	0	50	0	0	0	0	0	0	0	0	74	10	1	9	0	0	0	0	0	0	0	0
5	1	0	0	11	0	746	10	261	4	65	3094	969	629	249	0	0	0	634	397	380	0	0	0	9	136	425	3	24	943	6	42	166	15	1786	0	2	0	0	0	0	0	0	0	1	0	5	0	159	0	0	0	0	0	0	0	0	1	0	0	11	29	107	0	0	0	24	0	0	0	199	266	306	0	4	0	1	4	119	11	0	0	0	1
0	0	0	0	277	0	1323	1	391	10	283	969	2342	96	413	80	0	0	441	122	1142	0	0	0	214	0	316	0	1	695	0	42	131	0	1217	0	0	0	0	0	0	0	0	0	0	0	0	15	0	0	0	0	0	0	0	15	0	0	0	5	0	0	0	0	0	0	0	0	0	0	1	0	267	1	37	0	0	0	0	0	0	0	0	0
0	13	0	0	6	3	103	0	55	6	11	629	96	1448	45	0	0	0	0	0	9	0	6	0	7	310	425	288	0	134	0	49	8	3	168	0	1	0	0	0	0	0	0	0	3	0	8	0	381	0	0	0	0	6	0	0	0	0	0	2	146	160	427	2	0	0	43	0	0	1	133	178	17	7	1	10	4	1	153	7	0	0	0	1
1148	0	37	0	28	1	771	1066	1821	6	635	249	413	45	4695	4	9	8	3	27	196	224	0	88	286	0	39	15	1198	2393	1679	0	472	286	638	0	1	0	0	0	0	0	6	0	22	6	0	0	0	0	0	0	0	0	0	0	0	0	0	20	0	0	2	16	0	0	0	0	0	1	56	0	114	5	36	17	0	7	0	4	1	3	0	0
0	0	0	0	28	110	215	18	63	65	28	0	80	0	4	869	17	0	0	0	29	4	0	0	188	0	0	0	95	61	18	0	12	50	111	6	0	0	0	23	0	0	0	0	156	3	0	30	0	0	0	7	0	0	0	26	0	1	2	62	0	0	0	28	17	0	0	0	4	4	151	0	92	2	511	0	0	36	11	11	4	1	0	0
6	1	6	0	0	10	0	0	0	169	0	0	0	0	9	17	2261	0	0	0	0	217	1043	199	1344	0	0	291	209	176	95	0	0	140	347	60	0	0	0	0	0	0	32	31	644	0	0	0	0	103	0	179	0	1	0	0	196	811	0	158	0	0	0	711	30	4	0	0	9	2	125	1	128	45	57	10	0	200	6	19	5	0	0	0
18	0	460	0	0	0	0	0	3	0	0	0	0	0	8	0	0	1423	0	80	0	95	0	725	0	0	261	585	1	0	140	0	0	0	315	0	13	0	0	0	0	0	0	0	0	0	0	0	0	0	0	0	5	0	9	0	4	0	3	0	0	3	45	4	0	0	0	0	0	5	0	0	71	0	0	0	0	2	0	35	11	0	0	0
0	0	0	0	1	0	178	10	3	2	16	634	441	0	3	0	0	0	1384	288	287	1	0	1	0	0	777	130	13	185	0	0	0	9	504	0	0	0	0	6	0	0	0	0	12	4	0	0	0	0	0	0	0	0	3	1	1	1	7	8	0	0	1	10	0	0	0	0	0	1	50	63	181	1	0	0	0	25	9	69	4	0	0	0
33	0	2	0	0	0	85	9	14	1	26	397	122	0	27	0	0	80	288	1669	120	57	0	81	0	0	1179	309	41	104	91	0	0	15	1017	0	0	0	0	15	0	0	5	0	5	16	0	0	0	0	0	0	0	0	0	0	2	1	10	0	0	1	3	19	0	0	0	0	0	3	21	40	557	2	0	0	0	47	13	134	14	0	0	0
0	0	0	0	588	0	552	1	82	41	95	380	1142	9	196	29	0	0	287	120	1599	0	0	0	398	0	153	0	9	347	0	29	27	0	600	0	0	0	0	1	0	0	1	0	26	31	0	5	0	0	0	0	0	0	0	24	0	0	0	46	0	0	0	24	0	0	0	0	0	0	1	0	258	1	25	0	0	0	0	0	0	0	0	0
111	0	216	0	0	101	0	146	148	0	0	0	0	0	224	4	217	95	1	57	0	5422	74	2540	82	0	82	50	820	316	1996	0	0	79	1216	0	0	0	0	0	0	0	0	0	2	0	0	0	0	0	0	147	0	0	0	0	115	217	6	10	0	0	4	120	0	0	0	0	0	0	108	0	1075	486	258	53	0	29	6	17	18	0	0	0
0	417	486	0	0	0	0	0	0	397	0	0	0	6	0	0	1043	0	0	0	0	74	3324	563	1345	31	12	1195	89	0	0	0	0	0	0	18	44	0	0	0	0	0	2	7	410	0	0	0	0	25	0	916	0	1	0	0	207	1728	290	319	0	0	162	504	10	0	0	0	3	0	0	0	0	0	0	0	0	92	0	7	2	0	0	0
112	0	2324	0	0	136	0	109	41	0	0	0	0	0	88	0	199	725	1	81	0	2540	563	8263	0	0	380	1775	15	79	1109	0	0	18	863	0	5	0	0	0	0	0	0	0	1	0	0	0	0	0	0	781	0	0	1	0	119	1320	313	162	0	3	35	76	0	0	0	0	0	0	677	22	1850	560	640	152	0	28	3	33	24	0	0	0
35	364	0	0	464	15	84	4	50	1077	0	9	214	7	286	188	1344	0	0	0	398	82	1345	0	5567	13	20	133	1638	664	379	0	27	398	591	192	75	0	0	331	0	0	119	41	1577	66	0	5	10	243	0	4	0	1	0	110	117	605	1	1618	52	0	37	1677	168	5	0	0	56	50	159	6	275	95	552	21	4	173	3	37	32	0	0	0
0	117	0	0	0	0	0	0	0	20	0	136	0	310	0	0	0	0	0	0	0	0	31	0	13	607	27	148	0	0	0	0	0	0	0	0	6	0	0	0	0	0	0	0	0	0	5	0	292	0	0	0	0	0	0	0	0	0	0	0	71	26	205	0	0	0	18	0	0	0	0	0	0	0	0	0	4	0	140	6	0	0	0	1
33	333	602	0	1	0	150	11	22	2	21	425	316	425	39	0	0	261	777	1179	153	82	12	380	20	27	7792	3994	34	88	119	252	0	14	1106	0	1045	0	0	25	0	0	13	0	11	51	0	1	104	0	0	0	37	12	148	1	5	13	21	20	504	248	1485	42	0	0	4	0	0	33	280	233	580	9	0	0	0	96	139	292	30	0	0	0
4	970	3025	0	0	0	0	1	9	0	0	3	0	288	15	0	291	585	130	309	0	50	1195	1775	133	148	3994	11381	12	2	76	2	0	2	193	0	2326	0	0	7	0	0	8	0	1	32	0	1	129	0	0	1391	92	8	257	0	3	2076	1393	19	561	191	3680	20	0	0	2	0	0	90	583	112	595	77	81	39	0	142	91	262	34	0	0	0
268	11	2	0	170	9	181	1873	521	1200	215	24	1	0	1198	95	209	1	13	41	9	820	89	15	1638	0	34	12	7294	2258	1840	0	46	1174	1268	194	0	0	0	578	0	0	76	19	1656	601	0	10	0	202	0	0	0	0	0	591	0	0	1	1501	0	0	0	1091	188	6	0	0	65	44	113	8	644	202	173	59	4	34	6	29	27	1	0	0
854	0	1	0	7	8	660	938	517	3	166	943	695	134	2393	61	176	0	185	104	347	316	0	79	664	0	88	2	2258	5996	2469	2	345	1466	2755	0	0	0	0	18	0	0	14	0	213	31	0	0	0	0	0	0	0	0	0	0	0	0	1	191	0	1	2	172	2	0	0	0	2	2	161	12	696	176	52	64	4	26	6	2	2	0	0	0
1308	0	356	0	0	2	0	896	183	7	0	6	0	0	1679	18	95	140	0	91	0	1996	0	1109	379	0	119	76	1840	2469	6379	0	0	905	1653	9	2	0	0	0	0	0	9	1	89	9	0	0	0	11	0	0	0	0	0	0	3	0	2	34	0	0	3	28	19	1	0	0	11	10	16	0	572	69	35	13	0	10	2	19	8	0	0	0
0	0	0	0	0	0	3	0	0	0	0	42	42	49	0	0	0	0	0	0	29	0	0	0	0	0	252	2	0	2	0	258	0	0	43	0	0	0	0	0	0	0	0	0	0	0	0	0	0	0	0	0	0	1	0	0	0	0	0	0	0	8	3	0	0	0	0	0	0	0	74	63	33	0	0	0	0	1	8	0	0	0	0	0
1	0	0	0	27	65	341	30	691	18	141	166	131	8	472	12	0	0	0	0	27	0	0	0	27	0	0	0	46	345	0	0	1045	3	380	0	0	0	0	1	0	0	0	0	3	1	0	0	0	0	0	0	0	0	0	1	0	0	0	4	0	0	0	3	0	0	0	0	0	0	100	0	36	11	57	62	0	4	0	0	0	3	0	0
0	0	0	0	0	4	4	258	44	9	0	15	0	3	286	50	140	0	9	15	0	79	0	18	398	0	14	2	1174	1466	905	0	3	1843	1112	20	0	0	0	11	0	0	14	1	234	30	0	0	0	20	0	0	0	0	0	0	0	0	0	120	0	1	0	102	38	1	0	0	17	15	30	8	603	167	117	33	3	26	3	12	9	0	0	0
194	0	56	0	17	94	881	188	467	46	181	1786	1217	168	638	111	347	315	504	1017	600	1216	0	863	591	0	1106	193	1268	2755	1653	43	380	1112	7030	22	5	0	0	82	0	0	10	1	363	65	0	0	0	20	0	0	5	0	10	9	9	5	11	221	0	4	11	211	42	3	0	0	19	23	226	31	2898	488	247	228	4	58	3	82	46	4	0	0
0	0	0	0	0	0	0	0	0	174	0	0	0	0	0	6	60	0	0	0	0	0	18	0	192	0	0	0	194	0	9	0	0	20	22	2356	0	0	0	266	1	43	810	8	310	493	7	113	0	747	18	0	190	0	27	11	38	18	79	220	0	16	0	825	1200	638	0	0	138	183	5	0	20	8	13	3	0	0	0	31	0	13	0	0
1	667	3	0	0	0	0	0	0	0	0	2	0	1	1	0	0	13	0	0	0	0	44	5	75	6	1045	2326	0	0	2	0	0	0	5	0	3074	0	0	0	0	0	2	0	46	11	0	1	58	0	0	1	60	4	150	0	1	548	5	471	378	76	2485	4	0	0	0	0	0	45	0	0	4	0	0	0	0	21	4	104	9	0	0	0
0	0	0	0	0	0	0	0	0	0	0	0	0	0	0	0	0	0	0	0	0	0	0	0	0	0	0	0	0	0	0	0	0	0	0	0	0	1987	0	0	0	0	6	9	0	0	0	0	0	12	0	0	307	0	7	0	3	0	1176	0	0	721	688	5	0	12	0	0	0	0	0	0	0	0	0	0	0	0	0	0	0	0	0	0
0	0	0	0	0	0	0	0	0	0	0	0	0	0	0	0	0	0	0	0	0	0	0	0	0	0	0	0	0	0	0	0	0	0	0	0	0	0	0	0	0	0	0	0	0	0	0	0	0	0	0	0	0	0	0	0	0	0	0	0	0	0	0	0	0	0	0	0	0	0	0	0	0	0	0	0	0	0	0	0	0	0	0	0
0	0	0	0	249	2	1	7	1	470	1	0	0	0	0	23	0	0	6	15	1	0	0	0	331	0	25	7	578	18	0	0	1	11	82	266	0	0	0	2005	0	32	187	32	674	757	9	211	0	144	49	0	0	23	11	696	0	0	0	968	0	16	0	1317	263	0	0	0	21	91	38	0	76	27	82	40	0	42	0	78	17	34	0	0
0	0	0	0	0	0	0	0	0	0	0	0	0	0	0	0	0	0	0	0	0	0	0	0	0	0	0	0	0	0	0	0	0	0	0	1	0	0	0	0	96	8	0	2	29	0	0	0	0	5	64	0	0	0	0	0	0	0	0	21	0	0	0	5	1	0	0	24	0	8	0	0	0	0	0	0	0	1	0	0	0	40	12	0
0	0	0	0	4	0	0	0	0	0	0	0	0	0	0	0	0	0	0	0	0	0	0	0	0	0	0	0	0	0	0	0	0	0	0	43	0	0	0	32	8	1654	187	414	9	685	107	389	0	150	260	0	0	55	30	107	0	0	0	8	0	50	0	23	113	0	0	9	0	140	0	0	0	0	0	0	0	3	0	121	0	206	1	0
0	0	0	0	9	0	1	10	0	80	14	0	0	0	6	0	32	0	0	5	1	0	2	0	119	0	13	8	76	14	9	0	0	14	10	810	2	6	0	187	0	187	6756	1174	167	982	1	0	0	2334	16	0	28	4	4	0	1222	2	336	588	0	2	0	4072	335	1573	0	0	104	102	0	0	8	3	0	7	0	35	1	97	53	13	0	0
0	0	0	0	4	0	0	0	0	39	0	0	0	0	0	0	31	0	0	0	0	0	7	0	41	0	0	0	19	0	1	0	0	1	1	8	0	9	0	32	2	414	1174	3050	59	424	54	68	27	1958	73	0	13	0	0	34	387	9	467	3	0	0	0	988	30	1001	0	50	2	148	0	0	1	1	0	0	0	122	0	83	3	280	72	1
0	0	1	0	129	12	2	70	3	1638	175	1	0	3	22	156	644	0	12	5	26	2	410	1	1577	0	11	1	1656	213	89	0	3	234	363	310	46	0	0	674	29	9	167	59	4356	768	0	152	0	369	155	7	0	1	0	544	88	722	5	3079	2	2	2	2435	313	13	0	0	113	89	280	16	332	123	262	93	0	260	31	89	54	62	1	0
0	0	0	0	108	1	2	73	1	633	255	0	0	0	6	3	0	0	4	16	31	0	0	0	66	0	51	32	601	31	9	0	1	30	65	493	11	0	0	757	0	685	982	424	768	4676	47	411	1	715	18	0	0	75	179	802	0	0	0	975	0	100	4	1696	397	0	0	0	32	265	8	0	61	22	2	39	0	25	0	407	12	25	6	0
0	0	0	0	0	0	0	0	0	0	0	5	0	8	0	0	0	0	0	0	0	0	0	0	0	5	0	0	0	0	0	0	0	0	0	7	0	0	0	9	0	107	1	54	0	47	2027	362	557	190	0	0	0	390	75	115	0	0	0	0	17	251	5	4	213	0	173	22	0	975	1	0	0	0	0	0	0	219	282	794	160	3	0	161
0	0	0	0	47	3	0	2	0	81	26	0	15	0	0	30	0	0	0	0	5	0	0	0	5	0	1	1	10	0	0	0	0	0	0	113	1	0	0	211	0	389	0	68	152	411	362	1675	1	200	141	0	0	220	107	667	0	0	0	204	0	227	1	61	173	0	0	0	0	527	25	0	0	0	38	0	0	1	0	514	0	105	0	0
0	4	1	0	0	0	0	0	0	0	0	159	0	381	0	0	0	0	0	0	0	0	0	0	10	292	104	129	0	0	0	0	0	0	0	0	58	0	0	0	0	0	0	27	0	1	557	1	1484	16	0	0	0	0	0	0	0	34	0	34	258	206	471	0	6	0	251	15	0	75	1	0	1	0	0	0	4	237	580	261	117	0	0	186
0	0	0	0	1	1	0	0	0	239	0	0	0	0	0	0	103	0	0	0	0	0	25	0	243	0	0	0	202	0	11	0	0	20	20	747	0	12	0	144	5	150	2334	1958	369	715	190	200	16	5315	21	0	109	72	9	47	518	24	762	189	0	33	0	1734	629	1770	0	2	0	394	1	0	20	8	9	3	0	59	0	229	0	80	4	0
0	0	0	0	2	0	0	0	0	0	0	0	0	0	0	0	0	0	0	0	0	0	0	0	0	0	0	0	0	0	0	0	0	0	0	18	0	0	0	49	64	260	16	73	155	18	0	141	0	21	565	0	0	0	0	46	0	0	1	136	0	0	0	65	16	0	0	0	4	9	0	0	0	0	0	0	0	1	0	2	1	292	2	0
0	0	923	0	0	0	0	0	0	0	0	0	0	0	0	7	179	0	0	0	0	147	916	781	4	0	0	1391	0	0	0	0	0	0	0	0	1	0	0	0	0	0	0	0	7	0	0	0	0	0	0	2908	0	1	0	0	203	2111	882	412	0	3	228	155	0	0	0	0	0	0	87	0	7	1	1	0	0	238	214	5	4	0	0	0
3	5	0	0	0	0	0	0	0	0	0	0	0	0	0	0	0	5	0	0	0	0	0	0	0	0	37	92	0	0	0	0	0	0	5	190	60	307	0	0	0	0	28	13	0	0	0	0	0	109	0	0	2044	0	283	0	36	0	635	0	0	272	504	0	119	97	0	0	36	375	3	0	9	2	0	0	0	0	0	256	0	0	0	0
0	0	0	0	9	0	0	0	0	0	0	0	0	6	0	0	1	0	0	0	0	0	1	0	1	0	12	8	0	0	0	1	0	0	0	0	4	0	0	23	0	55	4	0	1	75	390	220	0	72	0	1	0	724	145	118	1	1	25	1	3	47	5	14	93	0	0	0	0	406	1	0	1	0	0	0	0	51	4	420	42	0	0	0
4	5	30	0	0	0	0	0	0	0	0	0	0	0	0	0	0	9	3	0	0	0	0	1	0	0	148	257	0	0	0	0	0	0	10	27	150	7	0	11	0	30	4	0	0	179	75	107	0	9	0	0	283	145	1752	55	3	0	44	1	14	362	305	18	52	0	0	0	0	647	18	0	19	7	0	0	0	12	3	848	17	0	0	0
0	0	0	0	221	2	0	35	1	690	160	0	15	0	0	26	0	0	1	0	24	0	0	0	110	0	1	0	591	0	0	0	1	0	9	11	0	0	0	696	0	107	0	34	544	802	115	667	0	47	46	0	0	118	55	1765	0	0	0	947	0	79	0	461	41	0	0	0	0	216	24	0	9	3	48	4	0	0	0	241	0	49	0	0
1	0	3	0	0	0	0	0	0	8	0	0	0	0	0	0	196	4	1	2	0	115	207	119	117	0	5	3	0	0	3	0	0	0	9	38	1	3	0	0	0	0	1222	387	88	0	0	0	0	518	0	203	36	1	3	0	4534	323	1573	90	0	1	22	2292	30	1214	0	0	15	143	4	0	10	1	0	0	0	237	1	234	126	2	0	0
0	11	1148	0	0	1	0	0	0	20	0	1	0	0	0	1	811	0	1	1	0	217	1728	1320	605	0	13	2076	0	0	0	0	0	0	5	18	548	0	0	0	0	0	2	9	722	0	0	0	34	24	0	2111	0	1	0	0	323	4893	990	1480	134	0	568	677	9	1	0	0	4	0	120	12	4	2	3	1	0	240	42	8	4	0	0	0
0	0	1267	0	0	0	0	0	0	1	0	0	0	0	0	2	0	3	7	10	0	6	290	313	1	0	21	1393	1	1	2	0	0	0	11	79	5	1176	0	0	0	0	336	467	5	0	0	0	0	762	1	882	635	25	44	0	1573	990	6846	3	1	395	735	480	43	1116	0	0	5	283	29	0	20	6	41	0	0	927	179	406	126	3	0	0
0	0	1	0	195	6	4	82	4	1440	276	0	5	2	20	62	158	0	8	0	46	10	319	162	1618	0	20	19	1501	191	34	0	4	120	221	220	471	0	0	968	21	8	588	3	3079	975	0	204	34	189	136	412	0	1	1	947	90	1480	3	6593	134	1	228	3542	240	1	0	0	79	100	124	2	214	80	197	85	0	76	8	57	69	51	1	0
0	5	0	0	0	0	0	0	0	0	0	11	0	146	0	0	0	0	0	0	0	0	0	0	52	71	504	561	0	0	0	0	0	0	0	0	378	0	0	0	0	0	0	0	2	0	17	0	258	0	0	0	0	3	14	0	0	134	1	134	878	48	560	0	0	0	0	0	0	6	0	0	0	0	0	0	4	14	14	19	1	0	0	33
0	0	4	0	6	0	0	0	0	0	0	29	0	160	0	0	0	3	0	1	0	0	0	3	0	26	248	191	0	1	0	8	0	1	4	16	76	721	0	16	0	50	2	0	2	100	251	227	206	33	0	3	272	47	362	79	1	0	395	1	48	4396	2193	6	85	0	85	0	0	322	53	3	8	4	0	1	0	197	122	428	80	1	0	1
0	693	698	0	0	0	0	0	0	0	0	107	0	427	2	0	0	45	1	3	0	4	162	35	37	205	1485	3680	0	2	3	3	0	0	11	0	2485	688	0	0	0	0	0	0	2	4	5	1	471	0	0	228	504	5	305	0	22	568	735	228	560	2193	8725	10	0	0	76	0	0	252	32	6	30	11	1	0	0	160	151	339	71	0	0	3
1	0	5	0	122	1	1	60	3	1002	50	0	0	2	16	28	711	4	10	19	24	120	504	76	1677	0	42	20	1091	172	28	0	3	102	211	825	4	5	0	1317	5	23	4072	988	2435	1696	4	61	0	1734	65	155	0	14	18	461	2292	677	480	3542	0	6	10	10123	733	1214	0	0	201	276	99	3	209	76	142	71	0	404	20	354	193	32	0	0
0	0	0	0	0	0	0	0	0	145	0	0	0	0	0	17	30	0	0	0	0	0	10	0	168	0	0	0	188	2	19	0	0	38	42	1200	0	0	0	263	1	113	335	30	313	397	213	173	6	629	16	0	119	93	52	41	30	9	43	240	0	85	0	733	2516	320	0	28	467	563	28	0	40	15	22	3	0	1	0	142	0	10	0	0
0	0	0	0	0	0	0	0	0	7	0	0	0	0	0	0	4	0	0	0	0	0	0	0	5	0	0	0	6	0	1	0	0	1	3	638	0	12	0	0	0	0	1573	1001	13	0	0	0	0	1770	0	0	97	0	0	0	1214	1	1116	1	0	0	0	1214	320	4130	0	0	28	320	2	0	1	1	0	0	0	0	0	146	0	0	0	0
0	0	1	0	0	0	0	0	0	0	0	24	0	43	0	0	0	0	0	0	0	0	0	0	0	18	4	2	0	0	0	0	0	0	0	0	0	0	0	0	0	0	0	0	0	0	173	0	251	0	0	0	0	0	0	0	0	0	0	0	0	85	76	0	0	0	309	0	0	0	2	0	1	0	0	0	0	215	165	160	114	0	0	1
0	0	0	0	0	0	0	0	0	0	0	0	0	0	0	0	0	0	0	0	0	0	0	0	0	0	0	0	0	0	0	0	0	0	0	0	0	0	0	0	24	9	0	50	0	0	22	0	15	2	0	0	0	0	0	0	0	0	0	0	0	0	0	0	28	0	0	111	0	34	0	0	0	0	0	0	0	0	0	0	0	0	3	0
0	0	0	0	0	0	0	0	0	43	0	0	0	0	0	4	9	0	0	0	0	0	3	0	56	0	0	0	65	2	11	0	0	17	19	138	0	0	0	21	0	0	104	2	113	32	0	0	0	0	4	0	36	0	0	0	15	4	5	79	0	0	0	201	467	28	0	0	501	142	17	0	18	9	7	2	0	1	0	1	0	4	0	0
2	0	23	0	12	0	0	0	0	22	0	0	0	1	1	4	2	5	1	3	0	0	0	0	50	0	33	90	44	2	10	0	0	15	23	183	45	0	0	91	8	140	102	148	89	265	975	527	75	394	9	0	375	406	647	216	143	0	283	100	6	322	252	276	563	320	0	34	142	3439	13	0	19	7	7	3	0	8	0	1770	4	11	49	19
1	0	263	0	0	18	9	10	114	113	0	199	1	133	56	151	125	0	50	21	1	108	0	677	159	0	280	583	113	161	16	74	100	30	226	5	0	0	0	38	0	0	0	0	280	8	1	25	1	1	0	87	3	1	18	24	4	120	29	124	0	53	32	99	28	2	2	0	17	13	3153	667	580	146	173	80	4	325	103	55	31	2	0	0
0	0	0	0	0	0	0	2	0	15	0	266	0	178	0	0	1	0	63	40	0	0	0	22	6	0	233	112	8	12	0	63	0	8	31	0	0	0	0	0	0	0	0	0	16	0	0	0	0	0	0	0	0	0	0	0	0	12	0	2	0	3	6	3	0	0	0	0	0	0	667	831	12	12	0	0	1	19	8	2	1	0	0	0
78	0	444	0	8	192	138	136	103	23	74	306	267	17	114	92	128	71	181	557	258	1075	0	1850	275	0	580	595	644	696	572	33	36	603	2898	20	4	0	0	76	0	0	8	1	332	61	0	0	1	20	0	7	9	1	19	9	10	4	20	214	0	8	30	209	40	1	1	0	18	19	580	12	4910	1130	885	376	4	104	9	105	65	0	0	0
0	0	59	0	3	127	3	54	22	8	10	0	1	7	5	2	45	0	1	2	1	486	0	560	95	0	9	77	202	176	69	0	11	167	488	8	0	0	0	27	0	0	3	1	123	22	0	0	0	8	0	1	2	0	7	3	1	2	6	80	0	4	11	76	15	1	0	0	9	7	146	12	1130	1159	232	145	7	36	4	27	16	0	0	0
0	0	85	0	51	396	152	9	59	311	1	4	37	1	36	511	57	0	0	0	25	258	0	640	552	0	0	81	173	52	35	0	57	117	247	13	0	0	0	82	0	0	0	0	262	2	0	38	0	9	0	1	0	0	0	48	0	3	41	197	0	0	1	142	22	0	0	0	7	7	173	0	885	232	2145	160	0	11	1	6	2	0	0	0
0	0	44	0	0	44	13	14	50	2	9	0	0	10	17	0	10	0	0	0	0	53	0	152	21	0	0	39	59	64	13	0	62	33	228	3	0	0	0	40	0	0	7	0	93	39	0	0	0	3	0	0	0	0	0	4	0	1	0	85	0	1	0	71	3	0	0	0	2	3	80	0	376	145	160	531	0	2	0	2	0	0	0	0
0	0	0	0	0	0	0	0	0	0	0	1	0	4	0	0	0	0	0	0	0	0	0	0	4	4	0	0	4	4	0	0	0	3	4	0	0	0	0	0	0	0	0	0	0	0	0	0	4	0	0	0	0	0	0	0	0	0	0	0	4	0	0	0	0	0	0	0	0	0	4	1	4	7	0	0	17	0	0	0	0	0	0	0
0	0	80	0	0	2	0	0	4	51	0	4	0	1	7	36	200	2	25	47	0	29	92	28	173	0	96	142	34	26	10	1	4	26	58	0	21	0	0	42	1	3	35	122	260	25	219	1	237	59	1	238	0	51	12	0	237	240	927	76	14	197	160	404	1	0	215	0	1	8	325	19	104	36	11	2	0	3340	708	384	507	187	0	1
0	0	1	0	0	0	0	0	0	0	0	119	0	153	0	11	6	0	9	13	0	6	0	3	3	140	139	91	6	6	2	8	0	3	3	0	4	0	0	0	0	0	1	0	31	0	282	0	580	0	0	214	0	4	3	0	1	42	179	8	14	122	151	20	0	0	165	0	0	0	103	8	9	4	1	0	0	708	1463	112	46	0	0	40
7	1	81	0	12	0	0	0	0	28	0	11	0	7	4	11	19	35	69	134	0	17	7	33	37	6	292	262	29	2	19	0	0	12	82	31	104	0	0	78	0	121	97	83	89	407	794	514	261	229	2	5	256	420	848	241	234	8	406	57	19	428	339	354	142	146	160	0	1	1770	55	2	105	27	6	2	0	384	112	4024	527	28	12	32
1	0	23	0	0	0	0	0	0	16	0	0	0	0	1	4	5	11	4	14	0	18	2	24	32	0	30	34	27	2	8	0	0	9	46	0	9	0	0	17	0	0	53	3	54	12	160	0	117	0	1	4	0	42	17	0	126	4	126	69	1	80	71	193	0	0	114	0	0	4	31	1	65	16	2	0	0	507	46	527	947	1	2	3
0	0	0	0	4	0	0	0	3	19	0	0	0	0	3	1	0	0	0	0	0	0	0	0	0	0	0	0	1	0	0	0	3	0	4	13	0	0	0	34	40	206	13	280	62	25	3	105	0	80	292	0	0	0	0	49	2	0	3	51	0	1	0	32	10	0	0	0	4	11	2	0	0	0	0	0	0	187	0	28	1	727	16	0
0	0	0	0	0	0	0	0	0	0	0	0	0	0	0	0	0	0	0	0	0	0	0	0	0	0	0	0	0	0	0	0	0	0	0	0	0	0	0	0	12	1	0	72	1	6	0	0	0	4	2	0	0	0	0	0	0	0	0	1	0	0	0	0	0	0	0	3	0	49	0	0	0	0	0	0	0	0	0	12	2	16	161	3
0	0	0	0	0	0	0	0	0	0	0	1	0	1	0	0	0	0	0	0	0	0	0	0	0	1	0	0	0	0	0	0	0	0	0	0	0	0	0	0	0	0	0	1	0	0	161	0	186	0	0	0	0	0	0	0	0	0	0	0	33	1	3	0	0	0	1	0	0	19	0	0	0	0	0	0	0	1	40	32	3	0	3	219
