0.0210661935061	0	0.000847620446865	0	0	0	1.13016059582e-05	0.00569600940294	0.000418159420454	0	0	5.6508029791e-05	0	0	0.01297424364	0	6.78096357492e-05	0.000203428907248	0	0.000372952996621	0	0.00125447826136	0	0.00126577986732	0.000395556208537	0	0.000372952996621	4.52064238328e-05	0.0030288303968	0.00965157148831	0.0147825005933	0	1.13016059582e-05	0	0.00219251155589	0	1.13016059582e-05	0	0	0	0	0	0	0	0	0	0	0	0	0	0	0	3.39048178746e-05	0	4.52064238328e-05	0	1.13016059582e-05	0	0	0	0	0	0	1.13016059582e-05	0	0	0	0	0	2.26032119164e-05	1.13016059582e-05	0	0.00088152526474	0	0	0	0	0	0	7.91112417074e-05	1.13016059582e-05	0	0	0
0	0.0166924720003	5.6508029791e-05	0	0	0	0	0	0	0.00132228789711	0	1.13016059582e-05	0	0.000146920877457	0	0	1.13016059582e-05	0	0	0	0	0	0.00471276968457	0	0.00411378456879	0.00132228789711	0.00376343478408	0.0109625577795	0.00012431766554	0	0	0	0	0	0	0	0.00753817117412	0	0	0	0	0	0	0	0	0	0	0	4.52064238328e-05	0	0	0	5.6508029791e-05	0	5.6508029791e-05	0	0	0.00012431766554	0	0	5.6508029791e-05	0	0.00783201292904	0	0	0	0	0	0	0	0	0	0	0	0	0	0	0	0	1.13016059582e-05	0	0	0	0
0.000847620446865	5.6508029791e-05	0.0561124735825	0	0	0	0	0.000926731688573	0.000214730513206	0	0	0	0	0	0.000418159420454	0	6.78096357492e-05	0.00519873874078	0	2.26032119164e-05	0	0.00244114688697	0.00549258049569	0.0262649322469	0	0	0.00680356678684	0.0341873580236	2.26032119164e-05	1.13016059582e-05	0.00402337172112	0	0	0	0.00063288993366	0	3.39048178746e-05	0	0	0	0	0	0	0	1.13016059582e-05	0	0	0	1.13016059582e-05	0	0	0.0104313822994	0	0	0.000339048178746	0	3.39048178746e-05	0.01297424364	0.014319134749	1.13016059582e-05	0	4.52064238328e-05	0.00788852095883	5.6508029791e-05	0	0	1.13016059582e-05	0	0	0.000259936937039	0.00297232236701	0	0.00501791304544	0.000666794751534	0.000960636506448	0.000497270662161	0	0.000904128476657	1.13016059582e-05	0.000915430082615	0.000259936937039	0	0	0
0	0	0	0	0	0	0	0	0	0	0	0	0	0	0	0	0	0	0	0	0	0	0	0	0	0	0	0	0	0	0	0	0	0	0	0	0	0	0	0	0	0	0	0	0	0	0	0	0	0	0	0	0	0	0	0	0	0	0	0	0	0	0	0	0	0	0	0	0	0	0	0	0	0	0	0	0	0	0	0	0	0	0	0
0	0	0	0	0.0117649718025	0	0.00101714453624	0.000259936937039	0.000305143360872	0.0020003842546	0.000915430082615	0.00012431766554	0.00313054485042	6.78096357492e-05	0.00031644496683	0.00031644496683	0	0	1.13016059582e-05	0	0.00664534430343	0	0	0	0.00524394516461	0	1.13016059582e-05	0	0.0019212730129	7.91112417074e-05	0	0	0.000305143360872	0	0.00019212730129	0	0	0	0	0.00281409988359	0	4.52064238328e-05	0.000101714453624	4.52064238328e-05	0.00145790716861	0.00122057344349	0	0.000531175480036	0	1.13016059582e-05	2.26032119164e-05	0	0	0.000101714453624	0	0.00249765491676	0	0	0	0.00220381316185	0	6.78096357492e-05	0	0.0013787959269	0	0	0	0	0	0.000135619271498	0	0	9.04128476657e-05	3.39048178746e-05	0.000576381903869	0	0	0	0	0.000135619271498	0	4.52064238328e-05	0	0
0	0	0	0	0	0.0063288993366	0.0011075573839	0	0.000146920877457	6.78096357492e-05	2.26032119164e-05	0	0	3.39048178746e-05	1.13016059582e-05	0.0012431766554	0.000113016059582	0	0	0	0	0.00114146220178	0	0.00153701841032	0.000169524089373	0	0	0	0.000101714453624	9.04128476657e-05	2.26032119164e-05	0	0.000734604387283	4.52064238328e-05	0.00106235096007	0	0	0	0	2.26032119164e-05	0	0	0	0	0.000135619271498	1.13016059582e-05	0	3.39048178746e-05	0	1.13016059582e-05	0	0	0	0	0	2.26032119164e-05	0	1.13016059582e-05	0	6.78096357492e-05	0	0	0	1.13016059582e-05	0	0	0	0	0	0	0.000203428907248	0	0.00216990834398	0.00143530395669	0.00447543595945	0.000497270662161	0	2.26032119164e-05	0	0	0	0	0	0
1.13016059582e-05	0	0	0	0.00101714453624	0.0011075573839	0.0400528915159	0.0048935953799	0.0190319044336	0	0.0127482115209	0.00843099804482	0.0149520246827	0.0011640654137	0.00871353819378	0.00242984528101	0	0	0.00201168586056	0.000960636506448	0.00623848648893	0	0	0	0.000949334900489	0	0.00169524089373	0	0.00204559067844	0.00745905993242	0	3.39048178746e-05	0.00385384763175	4.52064238328e-05	0.00995671484918	0	0	0	0	1.13016059582e-05	0	0	1.13016059582e-05	0	2.26032119164e-05	2.26032119164e-05	0	0	0	0	0	0	0	0	0	0	0	0	0	4.52064238328e-05	0	0	0	1.13016059582e-05	0	0	0	0	0	0	0.000101714453624	0	0.00155962162223	3.39048178746e-05	0.00171784410565	0.000146920877457	0	0	0	0	0	0	0	0
0.00569600940294	0	0.000926731688573	0	0.000259936937039	0	0.0048935953799	0.04812223817	0.011346812382	0.000372952996621	0.00527784998248	0.000113016059582	1.13016059582e-05	0	0.0120475119514	0.000203428907248	0	0	0.000113016059582	0.000101714453624	1.13016059582e-05	0.0016500344699	0	0.00123187504944	4.52064238328e-05	0	0.00012431766554	1.13016059582e-05	0.0211679079597	0.0106009063888	0.0101262389386	0	0.000339048178746	0.00291581433722	0.00212470192014	0	0	0	0	7.91112417074e-05	0	0	0.000113016059582	0	0.000791112417074	0.000825017234949	0	2.26032119164e-05	0	0	0	0	0	0	0	0.000395556208537	0	0	0	0.000926731688573	0	0	0	0.000678096357492	0	0	0	0	0	0	0.000113016059582	2.26032119164e-05	0.00153701841032	0.000610286721743	0.000101714453624	0.000158222483415	0	0	0	0	0	0	0	0
0.000418159420454	0	0.000214730513206	0	0.000305143360872	0.000146920877457	0.0190319044336	0.011346812382	0.043273849214	0.000203428907248	0.00999061966705	0.00294971915509	0.00441892792966	0.000621588327701	0.0205802244499	0.000712001175367	0	3.39048178746e-05	3.39048178746e-05	0.000158222483415	0.000926731688573	0.00167263768181	0	0.000463365844286	0.00056508029791	0	0.000248635331081	0.000101714453624	0.00588813670423	0.00584293028039	0.00206819389035	0	0.00780940971712	0.000497270662161	0.00527784998248	0	0	0	0	1.13016059582e-05	0	0	0	0	3.39048178746e-05	1.13016059582e-05	0	0	0	0	0	0	0	0	0	1.13016059582e-05	0	0	0	4.52064238328e-05	0	0	0	3.39048178746e-05	0	0	0	0	0	0	0.00128838307924	0	0.0011640654137	0.000248635331081	0.000666794751534	0.00056508029791	0	4.52064238328e-05	0	0	0	3.39048178746e-05	0	0
0	0.00132228789711	0	0	0.0020003842546	6.78096357492e-05	0	0.000372952996621	0.000203428907248	0.0308081778421	0.00244114688697	4.52064238328e-05	0.000113016059582	6.78096357492e-05	6.78096357492e-05	0.000734604387283	0.00190997140694	0	2.26032119164e-05	1.13016059582e-05	0.000463365844286	0	0.00448673756541	0	0.012171829617	0.000226032119164	2.26032119164e-05	0	0.0135619271498	3.39048178746e-05	7.91112417074e-05	0	0.000203428907248	0.000101714453624	0.000519873874078	0.00196647943673	0	0	0	0.00531175480036	0	0	0.000904128476657	0.00044076263237	0.0185120305595	0.00715391657154	0	0.000915430082615	0	0.00270108382401	0	0	0	0	0	0.00779810811116	9.04128476657e-05	0.000226032119164	1.13016059582e-05	0.0162743125798	0	0	0	0.0113242091701	0.00163873286394	7.91112417074e-05	0	0	0.000485969056203	0.000248635331081	0.00127708147328	0.000169524089373	0.000259936937039	9.04128476657e-05	0.003514799453	2.26032119164e-05	0	0.000576381903869	0	0.00031644496683	0.000180825695331	0.000214730513206	0	0
0	0	0	0	0.000915430082615	2.26032119164e-05	0.0127482115209	0.00527784998248	0.00999061966705	0.00244114688697	0.0284122373789	0.000734604387283	0.00319835448617	0.00012431766554	0.00717651978346	0.00031644496683	0	0	0.000180825695331	0.000293841754913	0.00107365256603	0	0	0	0	0	0.000237333725122	0	0.00242984528101	0.00187606658906	0	0	0.00159352644011	0	0.00204559067844	0	0	0	0	1.13016059582e-05	0	0	0.000158222483415	0	0.00197778104269	0.00288190951934	0	0.000293841754913	0	0	0	0	0	0	0	0.00180825695331	0	0	0	0.00311924324447	0	0	0	0.00056508029791	0	0	0	0	0	0	0	0	0.000836318840907	0.000113016059582	1.13016059582e-05	0.000101714453624	0	0	0	0	0	0	0	0
5.6508029791e-05	1.13016059582e-05	0	0	0.00012431766554	0	0.00843099804482	0.000113016059582	0.00294971915509	4.52064238328e-05	0.000734604387283	0.0349671688347	0.0109512561735	0.00710871014771	0.00281409988359	0	0	0	0.0071652181775	0.00448673756541	0.00429461026412	0	0	0	0.000101714453624	0.00153701841032	0.00480318253224	3.39048178746e-05	0.000271238542997	0.0106574144186	6.78096357492e-05	0.000474667450245	0.00187606658906	0.000169524089373	0.0201846682414	0	2.26032119164e-05	0	0	0	0	0	0	0	1.13016059582e-05	0	5.6508029791e-05	0	0.00179695534735	0	0	0	0	0	0	0	0	1.13016059582e-05	0	0	0.00012431766554	0.000327746572788	0.00120927183753	0	0	0	0.000271238542997	0	0	0	0.00224901958568	0.00300622718488	0.00345829142321	0	4.52064238328e-05	0	1.13016059582e-05	4.52064238328e-05	0.00134489110903	0.00012431766554	0	0	0	1.13016059582e-05
0	0	0	0	0.00313054485042	0	0.0149520246827	1.13016059582e-05	0.00441892792966	0.000113016059582	0.00319835448617	0.0109512561735	0.0264683611541	0.00108495417199	0.00466756326074	0.000904128476657	0	0	0.00498400822757	0.0013787959269	0.0129064340043	0	0	0	0.00241854367506	0	0.00357130748279	0	1.13016059582e-05	0.00785461614095	0	0.000474667450245	0.00148051038053	0	0.0137540544511	0	0	0	0	0	0	0	0	0	0	0	0	0.000169524089373	0	0	0	0	0	0	0	0.000169524089373	0	0	0	5.6508029791e-05	0	0	0	0	0	0	0	0	0	0	1.13016059582e-05	0	0.00301752879084	1.13016059582e-05	0.000418159420454	0	0	0	0	0	0	0	0	0
0	0.000146920877457	0	0	6.78096357492e-05	3.39048178746e-05	0.0011640654137	0	0.000621588327701	6.78096357492e-05	0.00012431766554	0.00710871014771	0.00108495417199	0.0163647254275	0.000508572268119	0	0	0	0	0	0.000101714453624	0	6.78096357492e-05	0	7.91112417074e-05	0.00350349784704	0.00480318253224	0.00325486251596	0	0.0015144151984	0	0.000553778691952	9.04128476657e-05	3.39048178746e-05	0.00189866980098	0	1.13016059582e-05	0	0	0	0	0	0	0	3.39048178746e-05	0	9.04128476657e-05	0	0.00430591187008	0	0	0	0	6.78096357492e-05	0	0	0	0	0	2.26032119164e-05	0.0016500344699	0.00180825695331	0.00482578574415	2.26032119164e-05	0	0	0.000485969056203	0	0	1.13016059582e-05	0.00150311359244	0.00201168586056	0.00019212730129	7.91112417074e-05	1.13016059582e-05	0.000113016059582	4.52064238328e-05	1.13016059582e-05	0.00172914571161	7.91112417074e-05	0	0	0	1.13016059582e-05
0.01297424364	0	0.000418159420454	0	0.00031644496683	1.13016059582e-05	0.00871353819378	0.0120475119514	0.0205802244499	6.78096357492e-05	0.00717651978346	0.00281409988359	0.00466756326074	0.000508572268119	0.0530610399738	4.52064238328e-05	0.000101714453624	9.04128476657e-05	3.39048178746e-05	0.000305143360872	0.00221511476781	0.00253155973464	0	0.000994541324322	0.00323225930405	0	0.00044076263237	0.000169524089373	0.0135393239379	0.027044743058	0.0189753964038	0	0.00533435801227	0.00323225930405	0.00721042460134	0	1.13016059582e-05	0	0	0	0	0	6.78096357492e-05	0	0.000248635331081	6.78096357492e-05	0	0	0	0	0	0	0	0	0	0	0	0	0	0.000226032119164	0	0	2.26032119164e-05	0.000180825695331	0	0	0	0	0	1.13016059582e-05	0.00063288993366	0	0.00128838307924	5.6508029791e-05	0.000406857814495	0.00019212730129	0	7.91112417074e-05	0	4.52064238328e-05	1.13016059582e-05	3.39048178746e-05	0	0
0	0	0	0	0.00031644496683	0.0012431766554	0.00242984528101	0.000203428907248	0.000712001175367	0.000734604387283	0.00031644496683	0	0.000904128476657	0	4.52064238328e-05	0.00982109557768	0.00019212730129	0	0	0	0.000327746572788	4.52064238328e-05	0	0	0.00212470192014	0	0	0	0.00107365256603	0.000689397963451	0.000203428907248	0	0.000135619271498	0.00056508029791	0.00125447826136	6.78096357492e-05	0	0	0	0.000259936937039	0	0	0	0	0.00176305052948	3.39048178746e-05	0	0.000339048178746	0	0	0	7.91112417074e-05	0	0	0	0.000293841754913	0	1.13016059582e-05	2.26032119164e-05	0.000700699569409	0	0	0	0.00031644496683	0.00019212730129	0	0	0	4.52064238328e-05	4.52064238328e-05	0.00170654249969	0	0.00103974774816	2.26032119164e-05	0.00577512064464	0	0	0.000406857814495	0.00012431766554	0.00012431766554	4.52064238328e-05	1.13016059582e-05	0	0
6.78096357492e-05	1.13016059582e-05	6.78096357492e-05	0	0	0.000113016059582	0	0	0	0.00190997140694	0	0	0	0	0.000101714453624	0.00019212730129	0.0255529310715	0	0	0	0	0.00245244849293	0.0117875750144	0.00224901958568	0.0151893584078	0	0	0.00328876733384	0.00236203564527	0.00198908264864	0.00107365256603	0	0	0.00158222483415	0.0039216572675	0.000678096357492	0	0	0	0	0	0	0.000361651390663	0.000350349784704	0.00727823423709	0	0	0	0	0.0011640654137	0	0.00202298746652	0	1.13016059582e-05	0	0	0.00221511476781	0.00916560243211	0	0.0017856537414	0	0	0	0.00803544183628	0.000339048178746	4.52064238328e-05	0	0	0.000101714453624	2.26032119164e-05	0.00141270074478	1.13016059582e-05	0.00144660556265	0.000508572268119	0.000644191539618	0.000113016059582	0	0.00226032119164	6.78096357492e-05	0.000214730513206	5.6508029791e-05	0	0	0
0.000203428907248	0	0.00519873874078	0	0	0	0	0	3.39048178746e-05	0	0	0	0	0	9.04128476657e-05	0	0	0.0160821852785	0	0.000904128476657	0	0.00107365256603	0	0.0081936643197	0	0	0.00294971915509	0.00661143948555	1.13016059582e-05	0	0.00158222483415	0	0	0	0.00356000587684	0	0.000146920877457	0	0	0	0	0	0	0	0	0	0	0	0	0	0	0	5.6508029791e-05	0	0.000101714453624	0	4.52064238328e-05	0	3.39048178746e-05	0	0	3.39048178746e-05	0.000508572268119	4.52064238328e-05	0	0	0	0	0	5.6508029791e-05	0	0	0.000802414023033	0	0	0	0	2.26032119164e-05	0	0.000395556208537	0.00012431766554	0	0	0
0	0	0	0	1.13016059582e-05	0	0.00201168586056	0.000113016059582	3.39048178746e-05	2.26032119164e-05	0.000180825695331	0.0071652181775	0.00498400822757	0	3.39048178746e-05	0	0	0	0.0156414226462	0.00325486251596	0.00324356091001	1.13016059582e-05	0	1.13016059582e-05	0	0	0.00878134782953	0.00146920877457	0.000146920877457	0.00209079710227	0	0	0	0.000101714453624	0.00569600940294	0	0	0	0	6.78096357492e-05	0	0	0	0	0.000135619271498	4.52064238328e-05	0	0	0	0	0	0	0	0	3.39048178746e-05	1.13016059582e-05	1.13016059582e-05	1.13016059582e-05	7.91112417074e-05	9.04128476657e-05	0	0	1.13016059582e-05	0.000113016059582	0	0	0	0	0	1.13016059582e-05	0.00056508029791	0.000712001175367	0.00204559067844	1.13016059582e-05	0	0	0	0.000282540148955	0.000101714453624	0.000779810811116	4.52064238328e-05	0	0	0
0.000372952996621	0	2.26032119164e-05	0	0	0	0.000960636506448	0.000101714453624	0.000158222483415	1.13016059582e-05	0.000293841754913	0.00448673756541	0.0013787959269	0	0.000305143360872	0	0	0.000904128476657	0.00325486251596	0.0188623803442	0.00135619271498	0.000644191539618	0	0.000915430082615	0	0	0.0133245934247	0.00349219624109	0.000463365844286	0.00117536701965	0.0010284461422	0	0	0.000169524089373	0.0114937332595	0	0	0	0	0.000169524089373	0	0	5.6508029791e-05	0	5.6508029791e-05	0.000180825695331	0	0	0	0	0	0	0	0	0	0	2.26032119164e-05	1.13016059582e-05	0.000113016059582	0	0	1.13016059582e-05	3.39048178746e-05	0.000214730513206	0	0	0	0	0	3.39048178746e-05	0.000237333725122	0.000452064238328	0.00629499451872	2.26032119164e-05	0	0	0	0.000531175480036	0.000146920877457	0.0015144151984	0.000158222483415	0	0	0
0	0	0	0	0.00664534430343	0	0.00623848648893	1.13016059582e-05	0.000926731688573	0.000463365844286	0.00107365256603	0.00429461026412	0.0129064340043	0.000101714453624	0.00221511476781	0.000327746572788	0	0	0.00324356091001	0.00135619271498	0.0180712679272	0	0	0	0.00449803917137	0	0.00172914571161	0	0.000101714453624	0.0039216572675	0	0.000327746572788	0.000305143360872	0	0.00678096357492	0	0	0	0	1.13016059582e-05	0	0	1.13016059582e-05	0	0.000293841754913	0.000350349784704	0	5.6508029791e-05	0	0	0	0	0	0	0	0.000271238542997	0	0	0	0.000519873874078	0	0	0	0.000271238542997	0	0	0	0	0	0	1.13016059582e-05	0	0.00291581433722	1.13016059582e-05	0.000282540148955	0	0	0	0	0	0	0	0	0
0.00125447826136	0	0.00244114688697	0	0	0.00114146220178	0	0.0016500344699	0.00167263768181	0	0	0	0	0	0.00253155973464	4.52064238328e-05	0.00245244849293	0.00107365256603	1.13016059582e-05	0.000644191539618	0	0.0612773075054	0.000836318840907	0.0287060791338	0.000926731688573	0	0.000926731688573	0.00056508029791	0.00926731688573	0.00357130748279	0.0225580054926	0	0	0.000892826870698	0.0137427528452	0	0	0	0	0	0	0	0	0	2.26032119164e-05	0	0	0	0	0	0	0.00166133607586	0	0	0	0	0.00129968468519	0.00245244849293	6.78096357492e-05	0.000113016059582	0	0	4.52064238328e-05	0.00135619271498	0	0	0	0	0	0	0.00122057344349	0	0.0121492264051	0.00549258049569	0.00291581433722	0.000598985115785	0	0.000327746572788	6.78096357492e-05	0.00019212730129	0.000203428907248	0	0	0
0	0.00471276968457	0.00549258049569	0	0	0	0	0	0	0.00448673756541	0	0	0	6.78096357492e-05	0	0	0.0117875750144	0	0	0	0	0.000836318840907	0.0375665382051	0.00636280415447	0.0152006600138	0.000350349784704	0.000135619271498	0.0135054191201	0.00100584293028	0	0	0	0	0	0	0.000203428907248	0.000497270662161	0	0	0	0	0	2.26032119164e-05	7.91112417074e-05	0.00463365844286	0	0	0	0	0.000282540148955	0	0.0103522710577	0	1.13016059582e-05	0	0	0.00233943243335	0.0195291750958	0.00327746572788	0.00360521230067	0	0	0.00183086016523	0.00569600940294	0.000113016059582	0	0	0	3.39048178746e-05	0	0	0	0	0	0	0	0	0.00103974774816	0	7.91112417074e-05	2.26032119164e-05	0	0	0
0.00126577986732	0	0.0262649322469	0	0	0.00153701841032	0	0.00123187504944	0.000463365844286	0	0	0	0	0	0.000994541324322	0	0.00224901958568	0.0081936643197	1.13016059582e-05	0.000915430082615	0	0.0287060791338	0.00636280415447	0.0933851700327	0	0	0.00429461026412	0.0200603505758	0.000169524089373	0.000892826870698	0.0125334810077	0	0	0.000203428907248	0.00975328594193	0	5.6508029791e-05	0	0	0	0	0	0	0	1.13016059582e-05	0	0	0	0	0	0	0.00882655425336	0	0	1.13016059582e-05	0	0.00134489110903	0.0149181198648	0.00353740266492	0.00183086016523	0	3.39048178746e-05	0.000395556208537	0.000858922052824	0	0	0	0	0	0	0.00765118723371	0.000248635331081	0.0209079710227	0.0063288993366	0.00723302781325	0.00171784410565	0	0.00031644496683	3.39048178746e-05	0.000372952996621	0.000271238542997	0	0	0
0.000395556208537	0.00411378456879	0	0	0.00524394516461	0.000169524089373	0.000949334900489	4.52064238328e-05	0.00056508029791	0.012171829617	0	0.000101714453624	0.00241854367506	7.91112417074e-05	0.00323225930405	0.00212470192014	0.0151893584078	0	0	0	0.00449803917137	0.000926731688573	0.0152006600138	0	0.0629160403693	0.000146920877457	0.000226032119164	0.00150311359244	0.0185120305595	0.00750426635625	0.00428330865816	0	0.000305143360872	0.00449803917137	0.0066792491213	0.00216990834398	0.000847620446865	0	0	0.00374083157217	0	0	0.00134489110903	0.000463365844286	0.0178226325961	0.000745905993242	0	5.6508029791e-05	0.000113016059582	0.00274629024784	0	4.52064238328e-05	0	1.13016059582e-05	0	0.0012431766554	0.00132228789711	0.00683747160472	1.13016059582e-05	0.0182859984404	0.000587683509827	0	0.000418159420454	0.0189527931919	0.00189866980098	5.6508029791e-05	0	0	0.00063288993366	0.00056508029791	0.00179695534735	6.78096357492e-05	0.00310794163851	0.00107365256603	0.00623848648893	0.000237333725122	4.52064238328e-05	0.00195517783077	3.39048178746e-05	0.000418159420454	0.000361651390663	0	0	0
0	0.00132228789711	0	0	0	0	0	0	0	0.000226032119164	0	0.00153701841032	0	0.00350349784704	0	0	0	0	0	0	0	0	0.000350349784704	0	0.000146920877457	0.00686007481663	0.000305143360872	0.00167263768181	0	0	0	0	0	0	0	0	6.78096357492e-05	0	0	0	0	0	0	0	0	0	5.6508029791e-05	0	0.0033000689398	0	0	0	0	0	0	0	0	0	0	0	0.000802414023033	0.000293841754913	0.00231682922143	0	0	0	0.000203428907248	0	0	0	0	0	0	0	0	0	4.52064238328e-05	0	0.00158222483415	6.78096357492e-05	0	0	0	1.13016059582e-05
0.000372952996621	0.00376343478408	0.00680356678684	0	1.13016059582e-05	0	0.00169524089373	0.00012431766554	0.000248635331081	2.26032119164e-05	0.000237333725122	0.00480318253224	0.00357130748279	0.00480318253224	0.00044076263237	0	0	0.00294971915509	0.00878134782953	0.0133245934247	0.00172914571161	0.000926731688573	0.000135619271498	0.00429461026412	0.000226032119164	0.000305143360872	0.0880621136263	0.0451386141971	0.000384254602579	0.000994541324322	0.00134489110903	0.00284800470147	0	0.000158222483415	0.0124995761898	0	0.0118101782263	0	0	0.000282540148955	0	0	0.000146920877457	0	0.00012431766554	0.000576381903869	0	1.13016059582e-05	0.00117536701965	0	0	0	0.000418159420454	0.000135619271498	0.00167263768181	1.13016059582e-05	5.6508029791e-05	0.000146920877457	0.000237333725122	0.000226032119164	0.00569600940294	0.00280279827764	0.0167828848479	0.000474667450245	0	0	4.52064238328e-05	0	0	0.000372952996621	0.0031644496683	0.00263327418826	0.00655493145576	0.000101714453624	0	0	0	0.00108495417199	0.00157092322819	0.0033000689398	0.000339048178746	0	0	0
4.52064238328e-05	0.0109625577795	0.0341873580236	0	0	0	0	1.13016059582e-05	0.000101714453624	0	0	3.39048178746e-05	0	0.00325486251596	0.000169524089373	0	0.00328876733384	0.00661143948555	0.00146920877457	0.00349219624109	0	0.00056508029791	0.0135054191201	0.0200603505758	0.00150311359244	0.00167263768181	0.0451386141971	0.12862357741	0.000135619271498	2.26032119164e-05	0.000858922052824	2.26032119164e-05	0	2.26032119164e-05	0.00218120994993	0	0.0262875354588	0	0	7.91112417074e-05	0	0	9.04128476657e-05	0	1.13016059582e-05	0.000361651390663	0	1.13016059582e-05	0.00145790716861	0	0	0.0157205338879	0.00103974774816	9.04128476657e-05	0.00290451273126	0	3.39048178746e-05	0.0234621339692	0.0157431370998	0.000214730513206	0.00634020094255	0.00215860673802	0.0415899099262	0.000226032119164	0	0	2.26032119164e-05	0	0	0.00101714453624	0.00658883627363	0.00126577986732	0.00672445554513	0.000870223658782	0.000915430082615	0.00044076263237	0	0.00160482804607	0.0010284461422	0.00296102076105	0.000384254602579	0	0	0
0.0030288303968	0.00012431766554	2.26032119164e-05	0	0.0019212730129	0.000101714453624	0.00204559067844	0.0211679079597	0.00588813670423	0.0135619271498	0.00242984528101	0.000271238542997	1.13016059582e-05	0	0.0135393239379	0.00107365256603	0.00236203564527	1.13016059582e-05	0.000146920877457	0.000463365844286	0.000101714453624	0.00926731688573	0.00100584293028	0.000169524089373	0.0185120305595	0	0.000384254602579	0.000135619271498	0.0824339138592	0.0255190262536	0.0207949549631	0	0.000519873874078	0.0132680853949	0.014330436355	0.00219251155589	0	0	0	0.00653232824384	0	0	0.000858922052824	0.000214730513206	0.0187154594668	0.00679226518088	0	0.000113016059582	0	0.00228292440356	0	0	0	0	0	0.0066792491213	0	0	1.13016059582e-05	0.0169637105433	0	0	0	0.0123300521004	0.00212470192014	6.78096357492e-05	0	0	0.000734604387283	0.000497270662161	0.00127708147328	9.04128476657e-05	0.00727823423709	0.00228292440356	0.00195517783077	0.000666794751534	4.52064238328e-05	0.000384254602579	6.78096357492e-05	0.000327746572788	0.000305143360872	1.13016059582e-05	0	0
0.00965157148831	0	1.13016059582e-05	0	7.91112417074e-05	9.04128476657e-05	0.00745905993242	0.0106009063888	0.00584293028039	3.39048178746e-05	0.00187606658906	0.0106574144186	0.00785461614095	0.0015144151984	0.027044743058	0.000689397963451	0.00198908264864	0	0.00209079710227	0.00117536701965	0.0039216572675	0.00357130748279	0	0.000892826870698	0.00750426635625	0	0.000994541324322	2.26032119164e-05	0.0255190262536	0.0677644293254	0.0279036651108	2.26032119164e-05	0.00389905405558	0.0165681543347	0.0311359244149	0	0	0	0	0.000203428907248	0	0	0.000158222483415	0	0.0024072420691	0.000350349784704	0	0	0	0	0	0	0	0	0	0	0	0	1.13016059582e-05	0.00215860673802	0	1.13016059582e-05	2.26032119164e-05	0.00194387622481	2.26032119164e-05	0	0	0	2.26032119164e-05	2.26032119164e-05	0.00181955855927	0.000135619271498	0.00786591774691	0.00198908264864	0.000587683509827	0.000723302781325	4.52064238328e-05	0.000293841754913	6.78096357492e-05	2.26032119164e-05	2.26032119164e-05	0	0	0
0.0147825005933	0	0.00402337172112	0	0	2.26032119164e-05	0	0.0101262389386	0.00206819389035	7.91112417074e-05	0	6.78096357492e-05	0	0	0.0189753964038	0.000203428907248	0.00107365256603	0.00158222483415	0	0.0010284461422	0	0.0225580054926	0	0.0125334810077	0.00428330865816	0	0.00134489110903	0.000858922052824	0.0207949549631	0.0279036651108	0.0720929444074	0	0	0.0102279533922	0.0186815546489	0.000101714453624	2.26032119164e-05	0	0	0	0	0	0.000101714453624	1.13016059582e-05	0.00100584293028	0.000101714453624	0	0	0	0.00012431766554	0	0	0	0	0	0	3.39048178746e-05	0	2.26032119164e-05	0.000384254602579	0	0	3.39048178746e-05	0.00031644496683	0.000214730513206	1.13016059582e-05	0	0	0.00012431766554	0.000113016059582	0.000180825695331	0	0.00646451860809	0.000779810811116	0.000395556208537	0.000146920877457	0	0.000113016059582	2.26032119164e-05	0.000214730513206	9.04128476657e-05	0	0	0
0	0	0	0	0	0	3.39048178746e-05	0	0	0	0	0.000474667450245	0.000474667450245	0.000553778691952	0	0	0	0	0	0	0.000327746572788	0	0	0	0	0	0.00284800470147	2.26032119164e-05	0	2.26032119164e-05	0	0.00291581433722	0	0	0.000485969056203	0	0	0	0	0	0	0	0	0	0	0	0	0	0	0	0	0	0	1.13016059582e-05	0	0	0	0	0	0	0	9.04128476657e-05	3.39048178746e-05	0	0	0	0	0	0	0	0.000836318840907	0.000712001175367	0.000372952996621	0	0	0	0	1.13016059582e-05	9.04128476657e-05	0	0	0	0	0
1.13016059582e-05	0	0	0	0.000305143360872	0.000734604387283	0.00385384763175	0.000339048178746	0.00780940971712	0.000203428907248	0.00159352644011	0.00187606658906	0.00148051038053	9.04128476657e-05	0.00533435801227	0.000135619271498	0	0	0	0	0.000305143360872	0	0	0	0.000305143360872	0	0	0	0.000519873874078	0.00389905405558	0	0	0.0118101782263	3.39048178746e-05	0.00429461026412	0	0	0	0	1.13016059582e-05	0	0	0	0	3.39048178746e-05	1.13016059582e-05	0	0	0	0	0	0	0	0	0	1.13016059582e-05	0	0	0	4.52064238328e-05	0	0	0	3.39048178746e-05	0	0	0	0	0	0	0.00113016059582	0	0.000406857814495	0.00012431766554	0.000644191539618	0.000700699569409	0	4.52064238328e-05	0	0	0	3.39048178746e-05	0	0
0	0	0	0	0	4.52064238328e-05	4.52064238328e-05	0.00291581433722	0.000497270662161	0.000101714453624	0	0.000169524089373	0	3.39048178746e-05	0.00323225930405	0.00056508029791	0.00158222483415	0	0.000101714453624	0.000169524089373	0	0.000892826870698	0	0.000203428907248	0.00449803917137	0	0.000158222483415	2.26032119164e-05	0.0132680853949	0.0165681543347	0.0102279533922	0	3.39048178746e-05	0.020828859781	0.0125673858255	0.000226032119164	0	0	0	0.00012431766554	0	0	0.000158222483415	1.13016059582e-05	0.00264457579422	0.000339048178746	0	0	0	0.000226032119164	0	0	0	0	0	0	0	0	0	0.00135619271498	0	1.13016059582e-05	0	0.00115276380774	0.000429461026412	1.13016059582e-05	0	0	0.00019212730129	0.000169524089373	0.000339048178746	9.04128476657e-05	0.0068148683928	0.00188736819502	0.00132228789711	0.000372952996621	3.39048178746e-05	0.000293841754913	3.39048178746e-05	0.000135619271498	0.000101714453624	0	0	0
0.00219251155589	0	0.00063288993366	0	0.00019212730129	0.00106235096007	0.00995671484918	0.00212470192014	0.00527784998248	0.000519873874078	0.00204559067844	0.0201846682414	0.0137540544511	0.00189866980098	0.00721042460134	0.00125447826136	0.0039216572675	0.00356000587684	0.00569600940294	0.0114937332595	0.00678096357492	0.0137427528452	0	0.00975328594193	0.0066792491213	0	0.0124995761898	0.00218120994993	0.014330436355	0.0311359244149	0.0186815546489	0.000485969056203	0.00429461026412	0.0125673858255	0.0794502898862	0.000248635331081	5.6508029791e-05	0	0	0.000926731688573	0	0	0.000113016059582	1.13016059582e-05	0.00410248296283	0.000734604387283	0	0	0	0.000226032119164	0	0	5.6508029791e-05	0	0.000113016059582	0.000101714453624	0.000101714453624	5.6508029791e-05	0.00012431766554	0.00249765491676	0	4.52064238328e-05	0.00012431766554	0.00238463885718	0.000474667450245	3.39048178746e-05	0	0	0.000214730513206	0.000259936937039	0.00255416294655	0.000350349784704	0.0327520540669	0.0055151837076	0.00279149667168	0.00257676615847	4.52064238328e-05	0.000655493145576	3.39048178746e-05	0.000926731688573	0.000519873874078	4.52064238328e-05	0	0
0	0	0	0	0	0	0	0	0	0.00196647943673	0	0	0	0	0	6.78096357492e-05	0.000678096357492	0	0	0	0	0	0.000203428907248	0	0.00216990834398	0	0	0	0.00219251155589	0	0.000101714453624	0	0	0.000226032119164	0.000248635331081	0.0266265836375	0	0	0	0.00300622718488	1.13016059582e-05	0.000485969056203	0.00915430082615	9.04128476657e-05	0.00350349784704	0.0055716917374	7.91112417074e-05	0.00127708147328	0	0.00844229965078	0.000203428907248	0	0.00214730513206	0	0.000305143360872	0.00012431766554	0.000429461026412	0.000203428907248	0.000892826870698	0.00248635331081	0	0.000180825695331	0	0.00932382491552	0.0135619271498	0.00721042460134	0	0	0.00155962162223	0.00206819389035	5.6508029791e-05	0	0.000226032119164	9.04128476657e-05	0.000146920877457	3.39048178746e-05	0	0	0	0.000350349784704	0	0.000146920877457	0	0
1.13016059582e-05	0.00753817117412	3.39048178746e-05	0	0	0	0	0	0	0	0	2.26032119164e-05	0	1.13016059582e-05	1.13016059582e-05	0	0	0.000146920877457	0	0	0	0	0.000497270662161	5.6508029791e-05	0.000847620446865	6.78096357492e-05	0.0118101782263	0.0262875354588	0	0	2.26032119164e-05	0	0	0	5.6508029791e-05	0	0.0347411367155	0	0	0	0	0	2.26032119164e-05	0	0.000519873874078	0.00012431766554	0	1.13016059582e-05	0.000655493145576	0	0	1.13016059582e-05	0.000678096357492	4.52064238328e-05	0.00169524089373	0	1.13016059582e-05	0.0061932800651	5.6508029791e-05	0.00532305640632	0.0042720070522	0.000858922052824	0.0280844908061	4.52064238328e-05	0	0	0	0	0	0.000508572268119	0	0	4.52064238328e-05	0	0	0	0	0.000237333725122	4.52064238328e-05	0.00117536701965	0.000101714453624	0	0	0
0	0	0	0	0	0	0	0	0	0	0	0	0	0	0	0	0	0	0	0	0	0	0	0	0	0	0	0	0	0	0	0	0	0	0	0	0	0.022456291039	0	0	0	0	6.78096357492e-05	0.000101714453624	0	0	0	0	0	0.000135619271498	0	0	0.00346959302917	0	7.91112417074e-05	0	3.39048178746e-05	0	0.0132906886069	0	0	0.00814845789587	0.00777550489925	5.6508029791e-05	0	0.000135619271498	0	0	0	0	0	0	0	0	0	0	0	0	0	0	0	0	0	0
0	0	0	0	0	0	0	0	0	0	0	0	0	0	0	0	0	0	0	0	0	0	0	0	0	0	0	0	0	0	0	0	0	0	0	0	0	0	0	0	0	0	0	0	0	0	0	0	0	0	0	0	0	0	0	0	0	0	0	0	0	0	0	0	0	0	0	0	0	0	0	0	0	0	0	0	0	0	0	0	0	0	0	0
0	0	0	0	0.00281409988359	2.26032119164e-05	1.13016059582e-05	7.91112417074e-05	1.13016059582e-05	0.00531175480036	1.13016059582e-05	0	0	0	0	0.000259936937039	0	0	6.78096357492e-05	0.000169524089373	1.13016059582e-05	0	0	0	0.00374083157217	0	0.000282540148955	7.91112417074e-05	0.00653232824384	0.000203428907248	0	0	1.13016059582e-05	0.00012431766554	0.000926731688573	0.00300622718488	0	0	0	0.0226597199462	0	0.000361651390663	0.00211340031418	0.000361651390663	0.00761728241583	0.00855531571036	0.000101714453624	0.00238463885718	0	0.00162743125798	0.000553778691952	0	0	0.000259936937039	0.00012431766554	0.00786591774691	0	0	0	0.0109399545675	0	0.000180825695331	0	0.014884215047	0.00297232236701	0	0	0	0.000237333725122	0.0010284461422	0.000429461026412	0	0.000858922052824	0.000305143360872	0.000926731688573	0.000452064238328	0	0.000474667450245	0	0.00088152526474	0.00019212730129	0.000384254602579	0	0
0	0	0	0	0	0	0	0	0	0	0	0	0	0	0	0	0	0	0	0	0	0	0	0	0	0	0	0	0	0	0	0	0	0	0	1.13016059582e-05	0	0	0	0	0.00108495417199	9.04128476657e-05	0	2.26032119164e-05	0.000327746572788	0	0	0	0	5.6508029791e-05	0.000723302781325	0	0	0	0	0	0	0	0	0.000237333725122	0	0	0	5.6508029791e-05	1.13016059582e-05	0	0	0.000271238542997	0	9.04128476657e-05	0	0	0	0	0	0	0	1.13016059582e-05	0	0	0	0.000452064238328	0.000135619271498	0
0	0	0	0	4.52064238328e-05	0	0	0	0	0	0	0	0	0	0	0	0	0	0	0	0	0	0	0	0	0	0	0	0	0	0	0	0	0	0	0.000485969056203	0	0	0	0.000361651390663	9.04128476657e-05	0.0186928562549	0.00211340031418	0.0046788648667	0.000101714453624	0.00774160008137	0.00120927183753	0.00439632471774	0	0.00169524089373	0.00293841754913	0	0	0.000621588327701	0.000339048178746	0.00120927183753	0	0	0	9.04128476657e-05	0	0.00056508029791	0	0.000259936937039	0.00127708147328	0	0	0.000101714453624	0	0.00158222483415	0	0	0	0	0	0	0	3.39048178746e-05	0	0.00136749432094	0	0.00232813082739	1.13016059582e-05	0
0	0	0	0	0.000101714453624	0	1.13016059582e-05	0.000113016059582	0	0.000904128476657	0.000158222483415	0	0	0	6.78096357492e-05	0	0.000361651390663	0	0	5.6508029791e-05	1.13016059582e-05	0	2.26032119164e-05	0	0.00134489110903	0	0.000146920877457	9.04128476657e-05	0.000858922052824	0.000158222483415	0.000101714453624	0	0	0.000158222483415	0.000113016059582	0.00915430082615	2.26032119164e-05	6.78096357492e-05	0	0.00211340031418	0	0.00211340031418	0.0763536498536	0.0132680853949	0.00188736819502	0.011098177051	1.13016059582e-05	0	0	0.0263779483065	0.000180825695331	0	0.00031644496683	4.52064238328e-05	4.52064238328e-05	0	0.0138105624809	2.26032119164e-05	0.00379733960196	0.00664534430343	0	2.26032119164e-05	0	0.0460201394618	0.003786037996	0.0177774261723	0	0	0.00117536701965	0.00115276380774	0	0	9.04128476657e-05	3.39048178746e-05	0	7.91112417074e-05	0	0.000395556208537	1.13016059582e-05	0.00109625577795	0.000598985115785	0.000146920877457	0	0
0	0	0	0	4.52064238328e-05	0	0	0	0	0.00044076263237	0	0	0	0	0	0	0.000350349784704	0	0	0	0	0	7.91112417074e-05	0	0.000463365844286	0	0	0	0.000214730513206	0	1.13016059582e-05	0	0	1.13016059582e-05	1.13016059582e-05	9.04128476657e-05	0	0.000101714453624	0	0.000361651390663	2.26032119164e-05	0.0046788648667	0.0132680853949	0.0344698981725	0.000666794751534	0.00479188092628	0.000610286721743	0.000768509205158	0.000305143360872	0.0221285444662	0.000825017234949	0	0.000146920877457	0	0	0.000384254602579	0.00437372150583	0.000101714453624	0.00527784998248	3.39048178746e-05	0	0	0	0.0111659866867	0.000339048178746	0.0113129075642	0	0.00056508029791	2.26032119164e-05	0.00167263768181	0	0	1.13016059582e-05	1.13016059582e-05	0	0	0	0.0013787959269	0	0.000938033294531	3.39048178746e-05	0.0031644496683	0.000813715628991	1.13016059582e-05
0	0	1.13016059582e-05	0	0.00145790716861	0.000135619271498	2.26032119164e-05	0.000791112417074	3.39048178746e-05	0.0185120305595	0.00197778104269	1.13016059582e-05	0	3.39048178746e-05	0.000248635331081	0.00176305052948	0.00727823423709	0	0.000135619271498	5.6508029791e-05	0.000293841754913	2.26032119164e-05	0.00463365844286	1.13016059582e-05	0.0178226325961	0	0.00012431766554	1.13016059582e-05	0.0187154594668	0.0024072420691	0.00100584293028	0	3.39048178746e-05	0.00264457579422	0.00410248296283	0.00350349784704	0.000519873874078	0	0	0.00761728241583	0.000327746572788	0.000101714453624	0.00188736819502	0.000666794751534	0.0492297955539	0.0086796333759	0	0.00171784410565	0	0.00417029259858	0.00175174892352	7.91112417074e-05	0	1.13016059582e-05	0	0.00614807364126	0.000994541324322	0.00815975950183	5.6508029791e-05	0.0347976447453	2.26032119164e-05	2.26032119164e-05	2.26032119164e-05	0.0275194105082	0.00353740266492	0.000146920877457	0	0	0.00127708147328	0.00100584293028	0.0031644496683	0.000180825695331	0.00375213317812	0.00139009753286	0.00296102076105	0.00105104935411	0	0.00293841754913	0.000350349784704	0.00100584293028	0.000610286721743	0.000700699569409	1.13016059582e-05	0
0	0	0	0	0.00122057344349	1.13016059582e-05	2.26032119164e-05	0.000825017234949	1.13016059582e-05	0.00715391657154	0.00288190951934	0	0	0	6.78096357492e-05	3.39048178746e-05	0	0	4.52064238328e-05	0.000180825695331	0.000350349784704	0	0	0	0.000745905993242	0	0.000576381903869	0.000361651390663	0.00679226518088	0.000350349784704	0.000101714453624	0	1.13016059582e-05	0.000339048178746	0.000734604387283	0.0055716917374	0.00012431766554	0	0	0.00855531571036	0	0.00774160008137	0.011098177051	0.00479188092628	0.0086796333759	0.0528463094606	0.000531175480036	0.00464496004882	1.13016059582e-05	0.00808064826012	0.000203428907248	0	0	0.000847620446865	0.00202298746652	0.00906388797848	0	0	0	0.0110190658093	0	0.00113016059582	4.52064238328e-05	0.0191675237051	0.00448673756541	0	0	0	0.000361651390663	0.00299492557892	9.04128476657e-05	0	0.000689397963451	0.000248635331081	2.26032119164e-05	0.00044076263237	0	0.000282540148955	0	0.00459975362499	0.000135619271498	0.000282540148955	6.78096357492e-05	0
0	0	0	0	0	0	0	0	0	0	0	5.6508029791e-05	0	9.04128476657e-05	0	0	0	0	0	0	0	0	0	0	0	5.6508029791e-05	0	0	0	0	0	0	0	0	0	7.91112417074e-05	0	0	0	0.000101714453624	0	0.00120927183753	1.13016059582e-05	0.000610286721743	0	0.000531175480036	0.0229083552773	0.00409118135687	0.00629499451872	0.00214730513206	0	0	0	0.0044076263237	0.000847620446865	0.00129968468519	0	0	0	0	0.00019212730129	0.00283670309551	5.6508029791e-05	4.52064238328e-05	0.0024072420691	0	0.00195517783077	0.000248635331081	0	0.0110190658093	1.13016059582e-05	0	0	0	0	0	0	0.00247505170485	0.00318705288021	0.00897347513082	0.00180825695331	3.39048178746e-05	0	0.00181955855927
0	0	0	0	0.000531175480036	3.39048178746e-05	0	2.26032119164e-05	0	0.000915430082615	0.000293841754913	0	0.000169524089373	0	0	0.000339048178746	0	0	0	0	5.6508029791e-05	0	0	0	5.6508029791e-05	0	1.13016059582e-05	1.13016059582e-05	0.000113016059582	0	0	0	0	0	0	0.00127708147328	1.13016059582e-05	0	0	0.00238463885718	0	0.00439632471774	0	0.000768509205158	0.00171784410565	0.00464496004882	0.00409118135687	0.01893018998	1.13016059582e-05	0.00226032119164	0.00159352644011	0	0	0.00248635331081	0.00120927183753	0.00753817117412	0	0	0	0.00230552761547	0	0.00256546455251	1.13016059582e-05	0.000689397963451	0.00195517783077	0	0	0	0	0.00595594633997	0.000282540148955	0	0	0	0.000429461026412	0	0	1.13016059582e-05	0	0.00580902546252	0	0.00118666862561	0	0
0	4.52064238328e-05	1.13016059582e-05	0	0	0	0	0	0	0	0	0.00179695534735	0	0.00430591187008	0	0	0	0	0	0	0	0	0	0	0.000113016059582	0.0033000689398	0.00117536701965	0.00145790716861	0	0	0	0	0	0	0	0	0.000655493145576	0	0	0	0	0	0	0.000305143360872	0	1.13016059582e-05	0.00629499451872	1.13016059582e-05	0.016771583242	0.000180825695331	0	0	0	0	0	0	0	0.000384254602579	0	0.000384254602579	0.00291581433722	0.00232813082739	0.00532305640632	0	6.78096357492e-05	0	0.00283670309551	0.000169524089373	0	0.000847620446865	1.13016059582e-05	0	1.13016059582e-05	0	0	0	4.52064238328e-05	0.00267848061209	0.00655493145576	0.00294971915509	0.00132228789711	0	0	0.00210209870823
0	0	0	0	1.13016059582e-05	1.13016059582e-05	0	0	0	0.00270108382401	0	0	0	0	0	0	0.0011640654137	0	0	0	0	0	0.000282540148955	0	0.00274629024784	0	0	0	0.00228292440356	0	0.00012431766554	0	0	0.000226032119164	0.000226032119164	0.00844229965078	0	0.000135619271498	0	0.00162743125798	5.6508029791e-05	0.00169524089373	0.0263779483065	0.0221285444662	0.00417029259858	0.00808064826012	0.00214730513206	0.00226032119164	0.000180825695331	0.0600680356679	0.000237333725122	0	0.00123187504944	0.000813715628991	0.000101714453624	0.000531175480036	0.00585423188635	0.000271238542997	0.00861182374015	0.0021360035261	0	0.000372952996621	0	0.0195969847315	0.00710871014771	0.020003842546	0	2.26032119164e-05	0	0.00445283274753	1.13016059582e-05	0	0.000226032119164	9.04128476657e-05	0.000101714453624	3.39048178746e-05	0	0.000666794751534	0	0.00258806776443	0	0.000904128476657	4.52064238328e-05	0
0	0	0	0	2.26032119164e-05	0	0	0	0	0	0	0	0	0	0	0	0	0	0	0	0	0	0	0	0	0	0	0	0	0	0	0	0	0	0	0.000203428907248	0	0	0	0.000553778691952	0.000723302781325	0.00293841754913	0.000180825695331	0.000825017234949	0.00175174892352	0.000203428907248	0	0.00159352644011	0	0.000237333725122	0.00638540736639	0	0	0	0	0.000519873874078	0	0	1.13016059582e-05	0.00153701841032	0	0	0	0.000734604387283	0.000180825695331	0	0	0	4.52064238328e-05	0.000101714453624	0	0	0	0	0	0	0	1.13016059582e-05	0	2.26032119164e-05	1.13016059582e-05	0.0033000689398	2.26032119164e-05	0
0	0	0.0104313822994	0	0	0	0	0	0	0	0	0	0	0	0	7.91112417074e-05	0.00202298746652	0	0	0	0	0.00166133607586	0.0103522710577	0.00882655425336	4.52064238328e-05	0	0	0.0157205338879	0	0	0	0	0	0	0	0	1.13016059582e-05	0	0	0	0	0	0	0	7.91112417074e-05	0	0	0	0	0	0	0.0328650701265	0	1.13016059582e-05	0	0	0.00229422600952	0.0238576901778	0.00996801645514	0.00465626165478	0	3.39048178746e-05	0.00257676615847	0.00175174892352	0	0	0	0	0	0	0.000983239718364	0	7.91112417074e-05	1.13016059582e-05	1.13016059582e-05	0	0	0.00268978221805	0.00241854367506	5.6508029791e-05	4.52064238328e-05	0	0	0
3.39048178746e-05	5.6508029791e-05	0	0	0	0	0	0	0	0	0	0	0	0	0	0	0	5.6508029791e-05	0	0	0	0	0	0	0	0	0.000418159420454	0.00103974774816	0	0	0	0	0	0	5.6508029791e-05	0.00214730513206	0.000678096357492	0.00346959302917	0	0	0	0	0.00031644496683	0.000146920877457	0	0	0	0	0	0.00123187504944	0	0	0.0231004825786	0	0.00319835448617	0	0.000406857814495	0	0.00717651978346	0	0	0.00307403682063	0.00569600940294	0	0.00134489110903	0.00109625577795	0	0	0.000406857814495	0.00423810223433	3.39048178746e-05	0	0.000101714453624	2.26032119164e-05	0	0	0	0	0	0.0028932111253	0	0	0	0
