0.0340615072217	6.87780434284e-05	0.00497494514132	0	9.82543477549e-06	1.9650869551e-05	0.00150656666557	0.0196737955655	0.0129237218747	0.00114957586873	0.00169652507123	0.00341597615694	2.62011594013e-05	0.000324239347591	0.0195395146235	4.91271738774e-05	0.00010807978253	0.00514197753251	0.000386467101169	0.00352078079455	6.55028985033e-06	0.000733632463236	0.000140831231782	0.00239413094029	0.00131333311499	6.55028985033e-06	0.00608849441588	0.00133953427439	0.00208626731733	0.00782104608129	0.00572495332918	0.000121180362231	7.86034782039e-05	0.000134280941932	0.00995316542757	0	0.000111354927456	7.86034782039e-05	0	3.27514492516e-06	0	2.29260144761e-05	2.29260144761e-05	3.27514492516e-05	0.00160809615826	6.55028985033e-06	6.55028985033e-06	6.55028985033e-06	9.82543477549e-06	9.17040579046e-05	6.55028985033e-06	3.27514492516e-06	3.27514492516e-06	3.27514492516e-06	1.31005797007e-05	0	0.000465070579373	0.000717256738611	0.000199783840435	0.000540398912652	2.62011594013e-05	8.18786231291e-05	0.000252186159238	0.00165067304228	0.000199783840435	3.27514492516e-05	0	3.27514492516e-06	0	4.91271738774e-05	0.000520748043101	0.000167032391183	0.00372383977991	0.000356990796843	9.82543477549e-06	5.89526086529e-05	3.27514492516e-06	0.000356990796843	0.000343890217142	9.82543477549e-06	6.55028985033e-06	2.94763043265e-05	0	3.27514492516e-06
6.87780434284e-05	0.0181672288999	0.000281662463564	0	6.55028985033e-06	0.000340615072217	0.000379916811319	8.51537680542e-05	4.58520289523e-05	0.00463433006911	2.94763043265e-05	0.000140831231782	1.31005797007e-05	0.000271837028789	5.89526086529e-05	0.000412668260571	0.000150656666557	0.00020960927521	1.31005797007e-05	0.000170307536108	3.27514492516e-06	4.25768840271e-05	0.00302623391085	0.000275112173714	0.0024203320997	0.00141158746275	0.00130350768021	0.0116660662234	0.00019650869551	5.56774637278e-05	9.17040579046e-05	3.60265941768e-05	0	0	0.000294763043265	0.000206334130285	0.00874136180526	0.000707431303835	0	6.55028985033e-06	0	3.9301739102e-05	1.31005797007e-05	4.91271738774e-05	3.9301739102e-05	6.87780434284e-05	0.000278387318639	2.62011594013e-05	0.000284937608489	0.000265286738938	0	0.000121180362231	0.00010807978253	2.94763043265e-05	0.000127730652081	3.9301739102e-05	9.82543477549e-06	0.000144106376707	0.000160482101333	0.000144106376707	0.0034880293453	0.00137556086857	0.00719221825566	9.49792028297e-05	0.000114630072381	9.82543477549e-06	0	0	0	0.000232535289687	0.000763108767563	8.84289129794e-05	0.000258736449088	5.24023188026e-05	0.000176857825959	3.27514492516e-06	8.18786231291e-05	0.00101201978188	0.000989093767399	0.000278387318639	1.9650869551e-05	0	6.55028985033e-06	7.20531883536e-05
0.00497494514132	0.000281662463564	0.040480791275	0	3.27514492516e-06	0	0.000487996593849	0.0104378868765	0.00359610912783	0.000248911014312	0.000288212753414	0.000275112173714	1.63757246258e-05	4.58520289523e-05	0.00419218550421	0	0.000140831231782	0.00644548521272	2.29260144761e-05	0.000222709854911	1.63757246258e-05	0.00145416434677	0.000170307536108	0.0167294402777	0.000972718042773	0	0.0122883437592	0.0127828906429	0.00388432188124	0.000746733042937	0.00241050666492	0.00010807978253	6.55028985033e-06	1.9650869551e-05	0.00142468804245	3.9301739102e-05	0.00176857825959	0.00174237710019	0	3.27514492516e-06	0	1.63757246258e-05	7.86034782039e-05	0.000121180362231	0.000854812825468	9.82543477549e-06	3.27514492516e-06	0	6.55028985033e-06	0.000235810434612	0	6.22277535781e-05	0.000281662463564	2.29260144761e-05	4.58520289523e-05	3.27514492516e-06	0.000131005797007	0.0010545966659	0.000625552680706	0.000576425506829	3.27514492516e-06	0.00173255166541	0.00375331608424	0.00039301739102	3.27514492516e-05	0.000153931811483	0	0	0	2.94763043265e-05	0.00292142927325	0.000831886810991	0.00274784659221	0.000520748043101	7.86034782039e-05	2.62011594013e-05	0	0.000229260144761	0.000199783840435	3.9301739102e-05	6.55028985033e-06	3.27514492516e-06	0	0
0	0	0	0	0	0	0	0	0	0	0	0	0	0	0	0	0	0	0	0	0	0	0	0	0	0	0	0	0	0	0	0	0	0	0	0	0	0	0	0	0	0	0	0	0	0	0	0	0	0	0	0	0	0	0	0	0	0	0	0	0	0	0	0	0	0	0	0	0	0	0	0	0	0	0	0	0	0	0	0	0	0	0	0
9.82543477549e-06	6.55028985033e-06	3.27514492516e-06	0	0.0205220581011	0.000206334130285	0.00173582681034	0.00239413094029	0.000671404709658	0.00184718173779	0.00264959224446	1.31005797007e-05	0.00363213572201	5.24023188026e-05	0.000114630072381	0.000320964202666	0	3.27514492516e-06	0	3.27514492516e-05	0.00743457898012	0	6.55028985033e-06	3.27514492516e-06	0.00878393868929	0	8.84289129794e-05	7.20531883536e-05	0.00794877673337	7.53283332787e-05	0	0	6.22277535781e-05	0	0.000170307536108	3.27514492516e-06	6.55028985033e-06	3.27514492516e-06	0	0.00472275898208	3.27514492516e-06	0.000360265941768	0	2.94763043265e-05	0.000432319130122	0.00169652507123	4.58520289523e-05	0.00107752268038	5.24023188026e-05	0.000140831231782	1.9650869551e-05	3.27514492516e-06	0	0	0	0.00285265122982	0	0	6.55028985033e-06	0.00247928470835	0	0	2.29260144761e-05	0.00228932630269	0.00020305898536	0	3.27514492516e-06	0	3.27514492516e-06	0.00010152949268	6.87780434284e-05	3.27514492516e-06	0.000193233550585	3.27514492516e-06	0.000307863622965	6.22277535781e-05	0	5.89526086529e-05	1.9650869551e-05	7.20531883536e-05	3.27514492516e-06	7.20531883536e-05	3.27514492516e-06	9.82543477549e-06
1.9650869551e-05	0.000340615072217	0	0	0.000206334130285	0.0119935807159	0.0086431074575	0.000890839419644	0.00268889398356	0.00181115514362	0.00119215275276	0.000153931811483	0.000923590868896	2.62011594013e-05	0.000104804637605	0.00482101332984	9.82543477549e-06	0	0	0	0.000160482101333	3.27514492516e-06	5.24023188026e-05	3.27514492516e-06	0.00173910195526	9.17040579046e-05	1.9650869551e-05	0.000216159565061	0.00109062326008	0.000347165362067	0	9.82543477549e-06	0.00167032391183	0	0.0005076474634	0	6.55028985033e-06	0	0	7.53283332787e-05	0	0	0	0	5.89526086529e-05	0	3.27514492516e-06	0	3.27514492516e-06	3.27514492516e-06	0	0	0	0	0	0	0	3.27514492516e-06	0	0.000176857825959	3.27514492516e-06	0	6.55028985033e-06	0.000121180362231	6.55028985033e-06	0	0	0	0	3.27514492516e-06	0.000740182753087	6.55028985033e-06	0.000402842825795	0.000235810434612	0.00306881079488	0.000599351521305	3.27514492516e-06	0	0	0	0	0	0	0
0.00150656666557	0.000379916811319	0.000487996593849	0	0.00173582681034	0.0086431074575	0.0561425343071	0.0108309042675	0.0294206268627	0.00273802115744	0.0209543772312	0.00039956768087	0.00974355615236	0.000124455507156	0.00269216912848	0.00707431303835	2.29260144761e-05	6.87780434284e-05	1.31005797007e-05	0.000114630072381	0.00366816231618	5.56774637278e-05	7.86034782039e-05	0.000167032391183	0.00328497035994	9.49792028297e-05	0.000491271738774	0.000514197753251	0.00645203550257	0.00107752268038	0.00020960927521	6.22277535781e-05	0.00176202796974	1.31005797007e-05	0.00151966724528	0	1.31005797007e-05	3.27514492516e-06	0	0.000356990796843	0	0	3.27514492516e-06	3.27514492516e-06	0.000337339927292	6.87780434284e-05	3.27514492516e-06	0	9.82543477549e-06	3.60265941768e-05	0	0	3.27514492516e-06	3.27514492516e-06	3.27514492516e-06	3.9301739102e-05	9.82543477549e-06	4.91271738774e-05	3.60265941768e-05	0.000605901811155	9.82543477549e-06	3.27514492516e-06	1.31005797007e-05	0.000425768840271	3.9301739102e-05	3.27514492516e-06	0	0	0	1.9650869551e-05	0.00134608456424	3.9301739102e-05	0.00143778862215	0.000455245144598	0.00311793796876	0.000343890217142	1.63757246258e-05	3.60265941768e-05	1.31005797007e-05	0	0	0	0	0
0.0196737955655	8.51537680542e-05	0.0104378868765	0	0.00239413094029	0.000890839419644	0.0108309042675	0.0787967117545	0.022100677955	0.00174237710019	0.0147119510038	0.00224674941866	0.00123472963679	0.000553499492353	0.0200962892608	0.000910490289195	9.17040579046e-05	0.00383519470737	0.000265286738938	0.00166704876691	0.00128385681066	0.00222709854911	8.51537680542e-05	0.00830576753021	0.00610814528543	6.55028985033e-06	0.00776209347264	0.0024858349982	0.0340811580912	0.00881013984869	0.0105623423837	0.000121180362231	0.000438869419972	9.49792028297e-05	0.00734942521207	0	0.000124455507156	7.86034782039e-05	0	0.00175547767989	0	5.24023188026e-05	1.9650869551e-05	3.27514492516e-05	0.000776209347264	0.000199783840435	3.27514492516e-06	1.31005797007e-05	9.82543477549e-06	0.000167032391183	6.55028985033e-06	8.18786231291e-05	9.82543477549e-06	0	9.82543477549e-06	0.000160482101333	0.000271837028789	0.000723807028461	0.000582975796679	0.00342580159172	9.82543477549e-06	0.00010152949268	0.000189958405659	0.00212884420136	0.000222709854911	1.9650869551e-05	0	3.27514492516e-06	0	0.000104804637605	0.00215832050568	0.000265286738938	0.00599351521305	0.00091376543412	0.0010545966659	0.000579700651754	9.82543477549e-06	0.000262011594013	6.87780434284e-05	9.82543477549e-06	3.27514492516e-06	5.24023188026e-05	0	0
0.0129237218747	4.58520289523e-05	0.00359610912783	0	0.000671404709658	0.00268889398356	0.0294206268627	0.022100677955	0.0673206039367	0.00114957586873	0.0178691907117	0.00368781318573	0.00337339927292	0.000497822028625	0.0235122654177	0.0014312383323	6.55028985033e-05	0.00122490420201	0.000193233550585	0.00113320014411	0.00138866144827	0.00060262666623	0.000140831231782	0.00223037369404	0.00163102217273	3.9301739102e-05	0.00345855304097	0.00152949268005	0.00672059738643	0.00389414731602	0.00127075623096	0.000232535289687	0.0035404316641	1.63757246258e-05	0.00769331542921	0	7.53283332787e-05	4.58520289523e-05	0	3.60265941768e-05	3.27514492516e-06	1.31005797007e-05	2.94763043265e-05	3.9301739102e-05	0.00124783021649	9.82543477549e-06	3.27514492516e-05	3.27514492516e-06	5.89526086529e-05	0.000252186159238	3.27514492516e-06	1.63757246258e-05	6.55028985033e-06	9.82543477549e-06	2.62011594013e-05	3.27514492516e-06	0.000360265941768	0.000635378115482	0.000360265941768	0.000825336521141	3.27514492516e-05	8.51537680542e-05	0.000147381521632	0.00180787999869	0.000625552680706	1.31005797007e-05	0	0	0	0.000163757246258	0.00248255985327	0.000117905217306	0.00462777977926	0.00123800478171	0.00172272623064	0.000186683260734	4.25768840271e-05	0.000186683260734	0.000121180362231	5.89526086529e-05	9.82543477549e-06	2.62011594013e-05	3.27514492516e-06	9.82543477549e-06
0.00114957586873	0.00463433006911	0.000248911014312	0	0.00184718173779	0.00181115514362	0.00273802115744	0.00174237710019	0.00114957586873	0.0351357547571	0.000448694854747	0.000134280941932	0.00193561065077	0.00019650869551	0.000887564274719	0.00276749746176	0.00020960927521	5.89526086529e-05	9.82543477549e-06	4.91271738774e-05	0.000766383912488	5.89526086529e-05	0.00314413912816	0.000114630072381	0.0199816591884	0.00081223594144	0.000301313333115	0.00249566043297	0.00927193528314	0.00123472963679	0.000864638260243	2.29260144761e-05	0.000193233550585	1.31005797007e-05	0.000645203550257	4.91271738774e-05	0.000131005797007	0.000330789637441	0	0.00426751383749	3.27514492516e-06	6.22277535781e-05	0.000625552680706	1.9650869551e-05	0.0140503717289	0.00182753086824	9.82543477549e-06	0.000327514492516	1.31005797007e-05	0.000153931811483	3.60265941768e-05	2.94763043265e-05	1.31005797007e-05	1.9650869551e-05	2.94763043265e-05	0.00183080601317	0.000376641666394	0.00159172043363	0.000157206956408	0.0120885599188	9.82543477549e-06	9.17040579046e-05	0.000736907608162	0.00931123702224	0.000212884420136	0.000343890217142	0	0	0	8.18786231291e-05	0.00281989978057	5.56774637278e-05	0.00117577702813	0.000599351521305	0.0019912881145	0.000163757246258	3.27514492516e-06	0.00184390659287	0.000828611666066	2.94763043265e-05	0	5.89526086529e-05	0	6.55028985033e-06
0.00169652507123	2.94763043265e-05	0.000288212753414	0	0.00264959224446	0.00119215275276	0.0209543772312	0.0147119510038	0.0178691907117	0.000448694854747	0.0499459601087	0.00167359905676	0.00389414731602	0.000445419709822	0.00540071398159	0.00020305898536	1.63757246258e-05	0.000127730652081	0.000127730652081	0.000723807028461	0.00222382340419	9.82543477549e-05	2.29260144761e-05	0.000278387318639	0.00131660825992	1.31005797007e-05	0.00224019912881	0.00173582681034	0.0085645039793	0.00184063144794	0.000150656666557	4.58520289523e-05	0.000537123767727	1.63757246258e-05	0.00520093014116	0	2.62011594013e-05	9.82543477549e-06	0	0.00112337470933	0	0.000150656666557	1.9650869551e-05	0.000117905217306	4.25768840271e-05	0.00109717354993	0.000281662463564	0.00148691579602	0.00029148789834	0.00020305898536	9.82543477549e-06	3.27514492516e-06	3.27514492516e-06	1.63757246258e-05	9.82543477549e-06	0.00203386499853	1.31005797007e-05	5.89526086529e-05	4.58520289523e-05	0.000746733042937	2.29260144761e-05	4.58520289523e-05	7.20531883536e-05	0.000530573477876	0.000625552680706	6.55028985033e-06	0	3.27514492516e-06	0	0.000730357318311	0.000619002390856	5.56774637278e-05	0.00489634166312	0.000334064782367	0.000255461304163	0.000861363115318	9.82543477549e-06	0.000265286738938	6.87780434284e-05	0.000605901811155	3.27514492516e-06	6.87780434284e-05	6.87780434284e-05	7.53283332787e-05
0.00341597615694	0.000140831231782	0.000275112173714	0	1.31005797007e-05	0.000153931811483	0.00039956768087	0.00224674941866	0.00368781318573	0.000134280941932	0.00167359905676	0.0296498870075	2.94763043265e-05	0.00531883535846	0.00322601775129	0	3.60265941768e-05	0.00228932630269	0.00261029050535	0.00525660760489	6.55028985033e-05	0.000356990796843	3.27514492516e-05	0.000370091376543	0.000330789637441	0.000504372318475	0.00707758818328	0.00321619231651	0.000717256738611	0.00504044803983	0.00111354927456	0.00187338289719	0.00194871123047	9.82543477549e-06	0.0158222251335	0	0.000229260144761	0.000163757246258	0	0	0	0	3.27514492516e-06	0	9.17040579046e-05	6.55028985033e-06	0.000193233550585	3.27514492516e-06	0.00115940130351	3.27514492516e-06	0	0	0.000173582681034	1.9650869551e-05	3.9301739102e-05	6.55028985033e-06	0	6.55028985033e-06	0.000219434709986	2.62011594013e-05	0.000727082173386	0.000497822028625	0.000360265941768	9.49792028297e-05	1.9650869551e-05	3.27514492516e-06	0	0	0	1.31005797007e-05	0.000622277535781	0.00246618412865	0.00424131267809	0.000723807028461	9.82543477549e-06	0.00010152949268	0.00121507876724	2.94763043265e-05	0.00010807978253	1.63757246258e-05	3.27514492516e-06	0	0	6.55028985033e-06
2.62011594013e-05	1.31005797007e-05	1.63757246258e-05	0	0.00363213572201	0.000923590868896	0.00974355615236	0.00123472963679	0.00337339927292	0.00193561065077	0.00389414731602	2.94763043265e-05	0.0223725149838	1.31005797007e-05	0.000671404709658	0.00271509514296	0	4.25768840271e-05	3.27514492516e-06	0.00010152949268	0.01115841876	9.82543477549e-06	9.82543477549e-06	5.56774637278e-05	0.00451314970687	3.27514492516e-06	0.000301313333115	0.000294763043265	0.0021091933318	0.000314413912816	3.27514492516e-06	0	0.000140831231782	0	0.000632102970556	0	3.27514492516e-06	0	0	0.000455245144598	0	1.9650869551e-05	0	3.27514492516e-06	0.000265286738938	0.000167032391183	0	0.000147381521632	3.27514492516e-06	9.82543477549e-06	3.27514492516e-06	0	0	0	0	0.000167032391183	0	0	0	0.000510922608325	3.27514492516e-06	0	0	0.000255461304163	6.55028985033e-06	0	0	0	0	6.55028985033e-06	0.00031113876789	2.94763043265e-05	0.000727082173386	2.62011594013e-05	0.000540398912652	3.27514492516e-05	3.27514492516e-06	0	0	0	0	1.9650869551e-05	3.27514492516e-06	0
0.000324239347591	0.000271837028789	4.58520289523e-05	0	5.24023188026e-05	2.62011594013e-05	0.000124455507156	0.000553499492353	0.000497822028625	0.00019650869551	0.000445419709822	0.00531883535846	1.31005797007e-05	0.0172960403498	0.000307863622965	3.27514492516e-06	0.00010807978253	0.000114630072381	0.000144106376707	0.000180132970884	1.63757246258e-05	0.000111354927456	0.000262011594013	0.000248911014312	0.000677954999509	0.00139521173812	0.00126093079619	0.00344545246127	0.000592801231454	0.000556774637278	1.31005797007e-05	0.00217797137523	0.00029148789834	0	0.00160482101333	3.27514492516e-06	0.000677954999509	6.55028985033e-06	0	2.29260144761e-05	0	3.27514492516e-06	0	0	4.58520289523e-05	4.58520289523e-05	0.00130350768021	1.63757246258e-05	0.00378934267841	6.55028985033e-06	0	1.63757246258e-05	3.27514492516e-06	2.29260144761e-05	1.9650869551e-05	3.9301739102e-05	0	7.53283332787e-05	3.27514492516e-06	7.53283332787e-05	0.00239413094029	0.000694330724135	0.000481446303999	5.24023188026e-05	4.58520289523e-05	3.27514492516e-06	3.27514492516e-06	0	0	0.000121180362231	0.00059607637638	0.00455245144598	0.00216814594046	0.000759833622638	0.000415943405496	0.00118887760783	0.00175547767989	6.22277535781e-05	0.000815511086366	0.000144106376707	1.63757246258e-05	0	0	7.53283332787e-05
0.0195395146235	5.89526086529e-05	0.00419218550421	0	0.000114630072381	0.000104804637605	0.00269216912848	0.0200962892608	0.0235122654177	0.000887564274719	0.00540071398159	0.00322601775129	0.000671404709658	0.000307863622965	0.0438541905479	8.84289129794e-05	0.000104804637605	0.00344545246127	0.00029148789834	0.00217469623031	0.000409393115645	0.000779484492189	8.84289129794e-05	0.00214521992598	0.00116267644843	9.82543477549e-06	0.00443454622867	0.000917040579046	0.00379916811319	0.0114695575279	0.00311793796876	0.000104804637605	0.00169652507123	0.000186683260734	0.00797170274785	0	6.87780434284e-05	2.94763043265e-05	0	2.62011594013e-05	3.27514492516e-06	1.31005797007e-05	3.27514492516e-05	4.25768840271e-05	0.00109062326008	6.55028985033e-06	3.27514492516e-05	3.27514492516e-06	4.58520289523e-05	0.000242360724462	3.27514492516e-06	1.31005797007e-05	3.27514492516e-06	6.55028985033e-06	1.31005797007e-05	3.27514492516e-06	0.000252186159238	0.000553499492353	0.00031113876789	0.000766383912488	2.62011594013e-05	7.20531883536e-05	0.000167032391183	0.00158189499885	0.000625552680706	6.55028985033e-06	0	0	0	0.000163757246258	0.00153276782498	0.000124455507156	0.00266596796908	0.000330789637441	0.000707431303835	6.22277535781e-05	6.55028985033e-06	0.000229260144761	0.000212884420136	5.89526086529e-05	9.82543477549e-06	2.94763043265e-05	3.27514492516e-06	6.55028985033e-06
4.91271738774e-05	0.000412668260571	0	0	0.000320964202666	0.00482101332984	0.00707431303835	0.000910490289195	0.0014312383323	0.00276749746176	0.00020305898536	0	0.00271509514296	3.27514492516e-06	8.84289129794e-05	0.0110143123833	3.27514492516e-05	0	0	0	0.000412668260571	1.9650869551e-05	7.53283332787e-05	3.60265941768e-05	0.00271181999803	9.82543477549e-05	1.63757246258e-05	0.000242360724462	0.00139521173812	0.000140831231782	3.27514492516e-06	0	0.00020960927521	0	7.53283332787e-05	0	9.82543477549e-06	3.27514492516e-06	0	9.49792028297e-05	0	3.27514492516e-06	1.31005797007e-05	6.55028985033e-06	4.91271738774e-05	3.27514492516e-06	0	0	3.27514492516e-06	3.27514492516e-06	0	3.27514492516e-06	0	0	0	3.27514492516e-06	4.25768840271e-05	9.82543477549e-06	0.000157206956408	0.000193233550585	3.27514492516e-06	3.27514492516e-06	1.63757246258e-05	0.000137556086857	6.55028985033e-06	3.27514492516e-06	0	0	0	3.27514492516e-06	0.000514197753251	3.27514492516e-06	0.000343890217142	0.000111354927456	0.00298365702682	9.82543477549e-06	0	3.60265941768e-05	1.9650869551e-05	2.94763043265e-05	3.27514492516e-05	5.56774637278e-05	0	0
0.00010807978253	0.000150656666557	0.000140831231782	0	0	9.82543477549e-06	2.29260144761e-05	9.17040579046e-05	6.55028985033e-05	0.00020960927521	1.63757246258e-05	3.60265941768e-05	0	0.00010807978253	0.000104804637605	3.27514492516e-05	0.0215930304916	9.82543477549e-06	5.56774637278e-05	3.9301739102e-05	0	0.00383846985229	0.0101726001376	0.00545639144532	0.00709723905283	4.58520289523e-05	0.000180132970884	0.00386794615662	0.00146398978155	0.000140831231782	0.0005076474634	6.55028985033e-06	0	6.55028985033e-06	0.000127730652081	0	0.000111354927456	0.000117905217306	0	0	0	2.29260144761e-05	1.31005797007e-05	0	0.000127730652081	4.25768840271e-05	0	0	0	0	0	0.00328824550486	1.9650869551e-05	2.62011594013e-05	4.25768840271e-05	0	0.00151311695543	0.00604919267678	0.00427078898241	0.000127730652081	0	0.000163757246258	0.000717256738611	0.000150656666557	0	4.25768840271e-05	0	0	0	1.31005797007e-05	0.00237120492582	0.000546949202502	0.000268561883863	0.000229260144761	0.000127730652081	1.63757246258e-05	0	3.9301739102e-05	8.18786231291e-05	4.25768840271e-05	0	0	0	0
0.00514197753251	0.00020960927521	0.00644548521272	0	3.27514492516e-06	0	6.87780434284e-05	0.00383519470737	0.00122490420201	5.89526086529e-05	0.000127730652081	0.00228932630269	4.25768840271e-05	0.000114630072381	0.00344545246127	0	9.82543477549e-06	0.0293518488193	0.000635378115482	0.0065601152851	4.91271738774e-05	0.0014312383323	7.20531883536e-05	0.00420528608391	0.000167032391183	9.82543477549e-06	0.0123996986867	0.00584613369142	0.00110372383978	0.00114302557888	0.00315723970786	4.25768840271e-05	9.82543477549e-06	1.63757246258e-05	0.00889529361674	9.82543477549e-06	0.000969442897848	0.000615727245931	0	0	0	3.27514492516e-06	1.31005797007e-05	1.31005797007e-05	7.53283332787e-05	1.9650869551e-05	0.000104804637605	0	9.82543477549e-06	3.27514492516e-05	0	1.31005797007e-05	0.000288212753414	0.00020305898536	0.000127730652081	3.27514492516e-06	4.25768840271e-05	0.000173582681034	0.000232535289687	5.89526086529e-05	2.62011594013e-05	0.0015360429699	0.00138211115842	7.53283332787e-05	1.9650869551e-05	1.31005797007e-05	0	0	0	3.27514492516e-05	0.00114957586873	0.000530573477876	0.00184718173779	0.000442144564897	2.29260144761e-05	6.55028985033e-06	3.27514492516e-06	7.86034782039e-05	8.18786231291e-05	3.60265941768e-05	1.63757246258e-05	3.27514492516e-06	0	3.27514492516e-06
0.000386467101169	1.31005797007e-05	2.29260144761e-05	0	0	0	1.31005797007e-05	0.000265286738938	0.000193233550585	9.82543477549e-06	0.000127730652081	0.00261029050535	3.27514492516e-06	0.000144106376707	0.00029148789834	0	5.56774637278e-05	0.000635378115482	0.00493891854715	0.00290505354862	3.27514492516e-06	4.91271738774e-05	6.87780434284e-05	6.55028985033e-05	9.82543477549e-05	6.87780434284e-05	0.00107424753545	0.000265286738938	8.51537680542e-05	0.000242360724462	2.62011594013e-05	0.000117905217306	6.22277535781e-05	0	0.00116922673828	0	8.51537680542e-05	0	0	0	0	0	0	0	0	3.27514492516e-06	2.62011594013e-05	0	0.000248911014312	0	0	3.27514492516e-06	0	6.55028985033e-06	0	3.27514492516e-06	0	9.82543477549e-06	9.82543477549e-06	0	0.000284937608489	0.00019650869551	3.9301739102e-05	0	3.27514492516e-06	0	9.82543477549e-06	0	0	3.27514492516e-06	0.000173582681034	0.000127730652081	0.000229260144761	9.17040579046e-05	0	9.82543477549e-06	0	0	0	3.27514492516e-06	0	0	0	3.27514492516e-06
0.00352078079455	0.000170307536108	0.000222709854911	0	3.27514492516e-05	0	0.000114630072381	0.00166704876691	0.00113320014411	4.91271738774e-05	0.000723807028461	0.00525660760489	0.00010152949268	0.000180132970884	0.00217469623031	0	3.9301739102e-05	0.0065601152851	0.00290505354862	0.0171355582485	0.000268561883863	0.000320964202666	9.17040579046e-05	0.00080568565159	0.000163757246258	5.56774637278e-05	0.00751645760325	0.00218452166508	0.0004945468837	0.00110699898471	0.00115285101366	0.000114630072381	4.58520289523e-05	6.55028985033e-06	0.00952412144237	0	0.000317689057741	5.24023188026e-05	0	0	0	0	3.27514492516e-06	0	4.25768840271e-05	6.55028985033e-06	7.86034782039e-05	0	0.00029148789834	3.27514492516e-06	0	6.55028985033e-06	4.58520289523e-05	0.000134280941932	6.22277535781e-05	6.55028985033e-06	9.82543477549e-06	7.20531883536e-05	8.51537680542e-05	2.62011594013e-05	0.000324239347591	0.00060917695608	0.000379916811319	2.29260144761e-05	2.29260144761e-05	0	9.82543477549e-06	0	0	1.63757246258e-05	0.000975993187699	0.000461795434448	0.00238758065044	0.000252186159238	3.27514492516e-06	6.55028985033e-06	0	1.63757246258e-05	1.31005797007e-05	1.31005797007e-05	3.27514492516e-06	0	0	3.27514492516e-06
6.55028985033e-06	3.27514492516e-06	1.63757246258e-05	0	0.00743457898012	0.000160482101333	0.00366816231618	0.00128385681066	0.00138866144827	0.000766383912488	0.00222382340419	6.55028985033e-05	0.01115841876	1.63757246258e-05	0.000409393115645	0.000412668260571	0	4.91271738774e-05	3.27514492516e-06	0.000268561883863	0.0174368715816	3.27514492516e-06	0	5.24023188026e-05	0.00566272557561	6.55028985033e-06	0.000625552680706	0.000438869419972	0.00272492057774	0.000242360724462	3.27514492516e-06	0	3.27514492516e-05	0	0.000989093767399	0	3.27514492516e-06	0	0	0.000553499492353	0	3.27514492516e-06	9.82543477549e-06	3.27514492516e-06	0.000314413912816	0.000225984999836	0	7.86034782039e-05	6.55028985033e-06	2.29260144761e-05	3.27514492516e-06	0	0	0	0	0.000222709854911	0	0	0	0.00070415615891	6.55028985033e-06	0	0	0.000376641666394	2.94763043265e-05	0	0	0	0	1.63757246258e-05	0.000189958405659	3.27514492516e-05	0.000933416303671	1.31005797007e-05	0.000252186159238	3.9301739102e-05	3.27514492516e-06	0	0	0	0	1.63757246258e-05	0	0
0.000733632463236	4.25768840271e-05	0.00145416434677	0	0	3.27514492516e-06	5.56774637278e-05	0.00222709854911	0.00060262666623	5.89526086529e-05	9.82543477549e-05	0.000356990796843	9.82543477549e-06	0.000111354927456	0.000779484492189	1.9650869551e-05	0.00383846985229	0.0014312383323	4.91271738774e-05	0.000320964202666	3.27514492516e-06	0.0398454131595	0.00163429731766	0.0196115678119	0.000619002390856	3.27514492516e-06	0.000966167752923	0.00126093079619	0.00790947499427	0.00164412275243	0.0117217436872	0	2.94763043265e-05	7.53283332787e-05	0.00735925064684	6.55028985033e-06	0.000199783840435	0.0010676972456	0	0	0	2.62011594013e-05	0.000127730652081	5.24023188026e-05	0.000180132970884	0.00010152949268	0	0	0	5.89526086529e-05	3.27514492516e-06	0.00107424753545	1.9650869551e-05	1.63757246258e-05	7.53283332787e-05	0	0.000966167752923	0.00441162021419	0.00387777159139	0.000114630072381	0	0.000212884420136	0.00126420594111	0.00030458847804	2.62011594013e-05	0.000137556086857	0	0	0	1.9650869551e-05	0.00307536108473	0.00112992499918	0.00479153702551	0.00162119673796	0.000972718042773	0.000802410506665	0	0.000111354927456	6.87780434284e-05	4.91271738774e-05	1.31005797007e-05	3.27514492516e-06	0	0
0.000140831231782	0.00302623391085	0.000170307536108	0	6.55028985033e-06	5.24023188026e-05	7.86034782039e-05	8.51537680542e-05	0.000140831231782	0.00314413912816	2.29260144761e-05	3.27514492516e-05	9.82543477549e-06	0.000262011594013	8.84289129794e-05	7.53283332787e-05	0.0101726001376	7.20531883536e-05	6.87780434284e-05	9.17040579046e-05	0	0.00163429731766	0.0256509350539	0.00377624209871	0.00746078013952	0.000478171159074	0.000334064782367	0.00578063079291	0.0014967412308	4.25768840271e-05	0.000802410506665	3.9301739102e-05	0	0	0.000248911014312	0	0.000255461304163	0.000337339927292	0	6.55028985033e-06	0	2.94763043265e-05	2.94763043265e-05	0	0.000687780434284	4.58520289523e-05	6.55028985033e-06	6.55028985033e-06	4.25768840271e-05	6.55028985033e-06	0	0.00363868601186	4.58520289523e-05	2.62011594013e-05	5.24023188026e-05	0	0.0035666328235	0.0105426915141	0.0050240723152	0.000222709854911	4.91271738774e-05	0.000225984999836	0.00194871123047	0.00113647528903	6.55028985033e-06	0.000199783840435	0	0	0	2.62011594013e-05	0.00206661644778	0.000347165362067	0.000189958405659	3.27514492516e-05	9.17040579046e-05	9.82543477549e-06	3.27514492516e-06	0.000137556086857	0.000327514492516	6.55028985033e-05	3.27514492516e-06	6.55028985033e-06	0	3.27514492516e-06
0.00239413094029	0.000275112173714	0.0167294402777	0	3.27514492516e-06	3.27514492516e-06	0.000167032391183	0.00830576753021	0.00223037369404	0.000114630072381	0.000278387318639	0.000370091376543	5.56774637278e-05	0.000248911014312	0.00214521992598	3.60265941768e-05	0.00545639144532	0.00420528608391	6.55028985033e-05	0.00080568565159	5.24023188026e-05	0.0196115678119	0.00377624209871	0.0692660400223	0.00157206956408	2.62011594013e-05	0.00563979956113	0.0127861657878	0.00984836078996	0.00208954246225	0.00588871057544	2.29260144761e-05	6.55028985033e-06	4.58520289523e-05	0.00798152818262	3.27514492516e-05	0.00184718173779	0.00428716470704	0	3.27514492516e-06	0	1.63757246258e-05	0.000193233550585	4.58520289523e-05	0.00113320014411	8.51537680542e-05	0	3.27514492516e-06	6.55028985033e-06	9.82543477549e-05	3.27514492516e-06	0.00393344905512	0.000219434709986	3.27514492516e-06	2.29260144761e-05	0	0.00172927652049	0.0136016768742	0.0103036059346	0.000664854419808	3.27514492516e-06	0.000281662463564	0.00692693151672	0.000933416303671	3.27514492516e-05	0.000222709854911	0	0	0	3.27514492516e-05	0.00585268398127	0.00212884420136	0.00568565159008	0.00199783840435	0.000294763043265	0.000560049782203	0	0.00059607637638	0.000612452101005	6.22277535781e-05	1.31005797007e-05	9.82543477549e-06	3.27514492516e-06	3.27514492516e-06
0.00131333311499	0.0024203320997	0.000972718042773	0	0.00878393868929	0.00173910195526	0.00328497035994	0.00610814528543	0.00163102217273	0.0199816591884	0.00131660825992	0.000330789637441	0.00451314970687	0.000677954999509	0.00116267644843	0.00271181999803	0.00709723905283	0.000167032391183	9.82543477549e-05	0.000163757246258	0.00566272557561	0.000619002390856	0.00746078013952	0.00157206956408	0.0648183932139	0.000271837028789	0.00100874463695	0.00670094651688	0.0242327973013	0.00428716470704	0.00202403956375	9.82543477549e-05	0.000288212753414	0.000543674057577	0.00217142108538	4.25768840271e-05	0.000320964202666	0.000687780434284	0	0.00333737267874	0	9.17040579046e-05	0.000645203550257	8.84289129794e-05	0.00789309926964	0.00121507876724	1.31005797007e-05	0.000117905217306	9.82543477549e-06	0.000448694854747	2.29260144761e-05	0.000524023188026	2.94763043265e-05	1.9650869551e-05	4.91271738774e-05	0.00119542789768	0.00237120492582	0.00349130449022	0.00196836210002	0.0105230406445	1.9650869551e-05	0.000137556086857	0.00105132152098	0.00819768774768	0.000517472898176	0.00040611797072	0	0	0	0.000225984999836	0.00581665738709	0.000471620869223	0.00387449644647	0.00249238528805	0.00204696557823	0.000225984999836	0	0.00107097239053	0.000425768840271	4.91271738774e-05	1.31005797007e-05	7.86034782039e-05	0	3.27514492516e-06
6.55028985033e-06	0.00141158746275	0	0	0	9.17040579046e-05	9.49792028297e-05	6.55028985033e-06	3.9301739102e-05	0.00081223594144	1.31005797007e-05	0.000504372318475	3.27514492516e-06	0.00139521173812	9.82543477549e-06	9.82543477549e-05	4.58520289523e-05	9.82543477549e-06	6.87780434284e-05	5.56774637278e-05	6.55028985033e-06	3.27514492516e-06	0.000478171159074	2.62011594013e-05	0.000271837028789	0.00529918448891	0.00029803818819	0.00190285920152	1.63757246258e-05	4.91271738774e-05	0	1.9650869551e-05	1.9650869551e-05	0	0.00031113876789	0	0.000838437100842	0	0	9.82543477549e-06	0	3.27514492516e-06	0	0	0	1.63757246258e-05	0.000520748043101	6.55028985033e-06	0.00121507876724	0	0	0	0	6.55028985033e-06	3.27514492516e-06	1.31005797007e-05	0	3.27514492516e-06	6.55028985033e-06	2.29260144761e-05	0.00176857825959	0.00029803818819	0.000356990796843	6.55028985033e-06	1.63757246258e-05	0	3.27514492516e-06	0	0	6.87780434284e-05	1.9650869551e-05	0.000890839419644	9.82543477549e-05	6.55028985033e-06	4.58520289523e-05	0	0.000903939999345	7.53283332787e-05	0.00019650869551	7.53283332787e-05	6.55028985033e-06	0	0	1.9650869551e-05
0.00608849441588	0.00130350768021	0.0122883437592	0	8.84289129794e-05	1.9650869551e-05	0.000491271738774	0.00776209347264	0.00345855304097	0.000301313333115	0.00224019912881	0.00707758818328	0.000301313333115	0.00126093079619	0.00443454622867	1.63757246258e-05	0.000180132970884	0.0123996986867	0.00107424753545	0.00751645760325	0.000625552680706	0.000966167752923	0.000334064782367	0.00563979956113	0.00100874463695	0.00029803818819	0.0648249435038	0.0215897553467	0.00178822912914	0.00239085579537	0.00235482920119	0.00335047325844	0.000458520289523	3.27514492516e-05	0.0113713031802	6.55028985033e-06	0.00422821209839	0.000530573477876	0	3.27514492516e-06	0	3.27514492516e-05	4.91271738774e-05	4.58520289523e-05	0.000193233550585	8.84289129794e-05	0.000402842825795	1.63757246258e-05	0.00156879441915	4.58520289523e-05	0	3.9301739102e-05	8.51537680542e-05	0.000887564274719	0.00116595159336	5.89526086529e-05	0.00010152949268	0.00030458847804	0.000301313333115	0.00020305898536	0.00264304195461	0.00787344840009	0.00680247600956	0.000248911014312	0.000124455507156	2.94763043265e-05	5.24023188026e-05	0	0	0.000222709854911	0.00584940883634	0.00170962565094	0.00746733042937	0.00198473782465	7.86034782039e-05	8.18786231291e-05	3.60265941768e-05	0.000170307536108	0.000275112173714	0.000284937608489	1.63757246258e-05	0	6.55028985033e-06	8.18786231291e-05
0.00133953427439	0.0116660662234	0.0127828906429	0	7.20531883536e-05	0.000216159565061	0.000514197753251	0.0024858349982	0.00152949268005	0.00249566043297	0.00173582681034	0.00321619231651	0.000294763043265	0.00344545246127	0.000917040579046	0.000242360724462	0.00386794615662	0.00584613369142	0.000265286738938	0.00218452166508	0.000438869419972	0.00126093079619	0.00578063079291	0.0127861657878	0.00670094651688	0.00190285920152	0.0215897553467	0.0992761929715	0.00391052304064	0.00146726492647	0.000353715651918	0.00121180362231	0.000167032391183	3.60265941768e-05	0.00753283332787	0.000206334130285	0.0173484426686	0.0030589853601	0	9.82543477549e-06	0	3.9301739102e-05	0.000140831231782	0.000127730652081	0.00176530311466	9.82543477549e-05	0.000458520289523	2.29260144761e-05	0.00205024072315	0.000307863622965	0	0.000573150361904	0.00040611797072	0.000471620869223	0.00106114695575	4.58520289523e-05	0.000458520289523	0.00579045622769	0.00241705695477	0.00121180362231	0.00557757180755	0.00678937542986	0.0212098385354	0.00117250188321	0.000186683260734	0.000252186159238	2.29260144761e-05	0	0	0.000314413912816	0.0126420594111	0.00228932630269	0.00921625781941	0.00166704876691	0.000173582681034	6.87780434284e-05	7.53283332787e-05	0.00191923492615	0.00190940949137	0.000451969999672	0.000163757246258	1.31005797007e-05	3.27514492516e-06	2.62011594013e-05
0.00208626731733	0.00019650869551	0.00388432188124	0	0.00794877673337	0.00109062326008	0.00645203550257	0.0340811580912	0.00672059738643	0.00927193528314	0.0085645039793	0.000717256738611	0.0021091933318	0.000592801231454	0.00379916811319	0.00139521173812	0.00146398978155	0.00110372383978	8.51537680542e-05	0.0004945468837	0.00272492057774	0.00790947499427	0.0014967412308	0.00984836078996	0.0242327973013	1.63757246258e-05	0.00178822912914	0.00391052304064	0.0856221137785	0.0060524678217	0.0131005797007	3.27514492516e-05	0.000455245144598	0.00115285101366	0.00826319064619	3.27514492516e-05	9.49792028297e-05	0.000180132970884	0	0.00368453804081	0	5.24023188026e-05	0.00040611797072	7.86034782039e-05	0.00812563455933	0.00104477123113	6.55028985033e-06	7.53283332787e-05	6.55028985033e-06	0.000468345724298	0	0.000219434709986	1.63757246258e-05	3.27514492516e-06	6.55028985033e-05	0.000962892607998	0.00266269282416	0.00526315789474	0.000743457898012	0.0104280614417	6.55028985033e-06	0.000167032391183	0.000740182753087	0.00860708086333	0.00060262666623	0.000658304129958	0	0	0	0.000232535289687	0.00296400615727	0.000232535289687	0.00986146136967	0.00371401434513	0.00246618412865	0.000982543477549	3.27514492516e-06	0.00131005797007	0.00116595159336	5.56774637278e-05	1.9650869551e-05	3.27514492516e-05	0	3.27514492516e-06
0.00782104608129	5.56774637278e-05	0.000746733042937	0	7.53283332787e-05	0.000347165362067	0.00107752268038	0.00881013984869	0.00389414731602	0.00123472963679	0.00184063144794	0.00504044803983	0.000314413912816	0.000556774637278	0.0114695575279	0.000140831231782	0.000140831231782	0.00114302557888	0.000242360724462	0.00110699898471	0.000242360724462	0.00164412275243	4.25768840271e-05	0.00208954246225	0.00428716470704	4.91271738774e-05	0.00239085579537	0.00146726492647	0.0060524678217	0.0368290046835	0.00747388071922	9.17040579046e-05	0.00161137130318	0.00253496217208	0.0121966397013	0	2.94763043265e-05	5.24023188026e-05	0	3.27514492516e-06	0	1.63757246258e-05	1.9650869551e-05	3.27514492516e-06	0.00117250188321	3.27514492516e-06	3.9301739102e-05	0	5.56774637278e-05	4.91271738774e-05	0	3.27514492516e-06	0	6.55028985033e-06	9.82543477549e-06	0	0.000199783840435	0.000334064782367	7.53283332787e-05	0.000763108767563	3.60265941768e-05	3.27514492516e-05	8.84289129794e-05	0.00114302557888	5.56774637278e-05	2.29260144761e-05	0	3.27514492516e-06	0	1.31005797007e-05	0.00112009956441	0.000337339927292	0.00665836963286	0.0025513378967	0.000206334130285	0.00030458847804	4.58520289523e-05	0.000222709854911	0.00019650869551	3.27514492516e-06	3.27514492516e-06	2.62011594013e-05	0	0
0.00572495332918	9.17040579046e-05	0.00241050666492	0	0	0	0.00020960927521	0.0105623423837	0.00127075623096	0.000864638260243	0.000150656666557	0.00111354927456	3.27514492516e-06	1.31005797007e-05	0.00311793796876	3.27514492516e-06	0.0005076474634	0.00315723970786	2.62011594013e-05	0.00115285101366	3.27514492516e-06	0.0117217436872	0.000802410506665	0.00588871057544	0.00202403956375	0	0.00235482920119	0.000353715651918	0.0131005797007	0.00747388071922	0.0450594438804	6.55028985033e-06	0	0.00140176202797	0.00945861854387	6.55028985033e-06	4.58520289523e-05	5.89526086529e-05	0	0	0	4.91271738774e-05	0.000104804637605	1.63757246258e-05	0.00131333311499	3.27514492516e-06	0	0	0	4.58520289523e-05	0	0.000173582681034	1.31005797007e-05	1.31005797007e-05	2.94763043265e-05	0	0.00180460485376	0.00278387318639	0.00113320014411	0.000353715651918	6.55028985033e-06	9.49792028297e-05	0.000212884420136	0.00127730652081	4.58520289523e-05	0.00019650869551	0	3.27514492516e-06	0	9.82543477549e-06	0.000458520289523	0.000468345724298	0.00320964202666	0.000632102970556	0.00020960927521	4.91271738774e-05	3.27514492516e-06	0.000455245144598	0.000514197753251	1.9650869551e-05	3.27514492516e-06	4.91271738774e-05	0	0
0.000121180362231	3.60265941768e-05	0.00010807978253	0	0	9.82543477549e-06	6.22277535781e-05	0.000121180362231	0.000232535289687	2.29260144761e-05	4.58520289523e-05	0.00187338289719	0	0.00217797137523	0.000104804637605	0	6.55028985033e-06	4.25768840271e-05	0.000117905217306	0.000114630072381	0	0	3.9301739102e-05	2.29260144761e-05	9.82543477549e-05	1.9650869551e-05	0.00335047325844	0.00121180362231	3.27514492516e-05	9.17040579046e-05	6.55028985033e-06	0.00540726427144	0.000134280941932	0	0.000484721448924	3.27514492516e-06	0.000121180362231	3.27514492516e-06	0	0	0	0	0	0	1.31005797007e-05	1.63757246258e-05	5.89526086529e-05	0	0.000438869419972	3.27514492516e-06	0	0	3.27514492516e-06	1.63757246258e-05	2.94763043265e-05	1.63757246258e-05	0	3.27514492516e-06	9.82543477549e-06	6.55028985033e-06	0.000235810434612	0.000265286738938	9.82543477549e-05	1.31005797007e-05	1.63757246258e-05	0	0	0	0	1.63757246258e-05	0.000389742246094	0.000982543477549	0.000687780434284	0.000117905217306	9.82543477549e-06	1.63757246258e-05	9.17040579046e-05	0	8.84289129794e-05	2.29260144761e-05	0	0	0	1.31005797007e-05
7.86034782039e-05	0	6.55028985033e-06	0	6.22277535781e-05	0.00167032391183	0.00176202796974	0.000438869419972	0.0035404316641	0.000193233550585	0.000537123767727	0.00194871123047	0.000140831231782	0.00029148789834	0.00169652507123	0.00020960927521	0	9.82543477549e-06	6.22277535781e-05	4.58520289523e-05	3.27514492516e-05	2.94763043265e-05	0	6.55028985033e-06	0.000288212753414	1.9650869551e-05	0.000458520289523	0.000167032391183	0.000455245144598	0.00161137130318	0	0.000134280941932	0.00769986571906	0	0.00321291717158	0	3.27514492516e-06	0	0	9.82543477549e-06	3.27514492516e-06	3.27514492516e-06	1.31005797007e-05	1.63757246258e-05	0.000124455507156	3.27514492516e-06	1.63757246258e-05	3.27514492516e-06	1.63757246258e-05	7.86034782039e-05	3.27514492516e-06	0	0	0	3.27514492516e-06	3.27514492516e-06	0	6.55028985033e-06	6.55028985033e-06	0.000288212753414	9.82543477549e-06	3.27514492516e-06	3.27514492516e-06	0.000324239347591	0.000176857825959	0	0	0	0	3.9301739102e-05	0.000422493695346	5.89526086529e-05	0.00118887760783	0.000458520289523	0.000370091376543	0.000432319130122	9.82543477549e-06	6.55028985033e-06	3.27514492516e-06	1.31005797007e-05	6.55028985033e-06	6.55028985033e-06	3.27514492516e-06	3.27514492516e-06
