0.0184479097696	3.80526191618e-06	8.75210240721e-05	0	0.000342473572456	1.52210476647e-05	0.00116060488443	0.00418959336971	0.00193687831533	0.000186457833893	0.00186077307701	3.80526191618e-06	0.00101600493162	0	0.0106090702223	0.000224510453054	0.000121768381318	4.1857881078e-05	0	0	0.000540347192097	0.000605036644672	9.89368098206e-05	0.000525126144433	0.000970341788625	0	7.61052383236e-06	2.28315714971e-05	0.00137369955174	0.00911740755116	0.00459675639474	0	2.28315714971e-05	0.0016933415527	0.00159440474288	0	0	3.80526191618e-06	0	0	0	0	1.90263095809e-05	0	9.89368098206e-05	3.80526191618e-06	0	0	0	0	0	0	0	0	0	0	1.14157857485e-05	2.28315714971e-05	7.61052383236e-06	3.80526191618e-05	0	0	0	1.90263095809e-05	0	1.14157857485e-05	0	0	0	7.61052383236e-06	0.000346278834372	8.75210240721e-05	0.00054795771593	0.000182652571977	5.70789287427e-05	1.90263095809e-05	0	1.14157857485e-05	3.80526191618e-06	1.14157857485e-05	3.80526191618e-06	3.80526191618e-06	0	0
3.80526191618e-06	0.0154303370701	0.0029871306042	0	0	0	0	3.80526191618e-06	0	1.14157857485e-05	0	0.000464241953774	0	0.000361499882037	7.61052383236e-06	0	0.000171236786228	0.00104644702695	4.56631429941e-05	0.000662115573415	0	0.00012937890515	0.0016933415527	0.000509905096768	7.61052383236e-06	0.00155635212372	0.00481365632396	0.00967297579092	1.52210476647e-05	2.66368334132e-05	5.32736668265e-05	3.80526191618e-05	3.80526191618e-06	1.14157857485e-05	0.000582205073175	0	0.00299474112803	0.000696362930661	0	0	0	0	7.61052383236e-06	0	1.14157857485e-05	0	0.00033866831054	0	0.000140794690899	3.80526191618e-06	0	8.37157621559e-05	0.000589815597008	8.75210240721e-05	0.000441410382277	0	7.61052383236e-05	0.000525126144433	0.000232120976887	7.61052383236e-06	0.000753441859403	0.00067733662108	0.00149166267114	1.14157857485e-05	3.80526191618e-06	2.28315714971e-05	0	0	0	0.000475657739522	0.000270173596049	0.000715389240241	0.000483268263355	0.000194068357725	0	0	2.66368334132e-05	9.51315479044e-05	0.000277784119881	0.000342473572456	0.000110352595569	1.14157857485e-05	1.14157857485e-05	7.61052383236e-06
8.75210240721e-05	0.0029871306042	0.0445139538954	0	0	3.80526191618e-06	1.14157857485e-05	0.000224510453054	1.90263095809e-05	0.000133184167066	7.61052383236e-06	0.000175042048144	1.14157857485e-05	3.42473572456e-05	6.4689452575e-05	2.66368334132e-05	0.00174280995761	0.0100611125064	1.90263095809e-05	0.00064689452575	0	0.00477940896672	0.00257616231725	0.0184517150315	0.000235926238803	4.94684049103e-05	0.00762574488002	0.0173443838139	0.000616452430421	0.000449020906109	0.00197112567258	3.80526191618e-06	3.80526191618e-06	0.000163626262396	0.00390039346408	3.80526191618e-06	0.00100458914587	0.000456631429941	0	0	0	7.61052383236e-06	4.1857881078e-05	7.61052383236e-06	7.99105002397e-05	0	3.04420953294e-05	0	3.80526191618e-06	3.80526191618e-06	3.80526191618e-06	0.000243536762635	0.000323447262875	1.14157857485e-05	0.000102742071737	0	0.000163626262396	0.0010121996697	0.000346278834372	5.70789287427e-05	4.94684049103e-05	0.000121768381318	0.00064689452575	6.84947144912e-05	1.14157857485e-05	4.94684049103e-05	0	0	0	0.00028919990563	0.00346278834372	0.00441029856085	0.00379004086851	0.00199395724408	2.28315714971e-05	7.61052383236e-06	3.80526191618e-05	0.000125573643234	0.000136989428982	0.000152210476647	5.70789287427e-05	2.66368334132e-05	1.14157857485e-05	3.80526191618e-06
0	0	0	0	0	0	0	0	0	0	0	0	0	0	0	0	0	0	0	0	0	0	0	0	0	0	0	0	0	0	0	0	0	0	0	0	0	0	0	0	0	0	0	0	0	0	0	0	0	0	0	0	0	0	0	0	0	0	0	0	0	0	0	0	0	0	0	0	0	0	0	0	0	0	0	0	0	0	0	0	0	0	0	0
0.000342473572456	0	0	0	0.0176373889815	0	0.000616452430421	0.00195970988683	0.000136989428982	0.000106547333653	0.00371013036827	0	0.00329916208133	0	0.000220705191138	7.61052383236e-06	0	0	0	0	0.00817750785787	1.52210476647e-05	1.14157857485e-05	1.14157857485e-05	0.00781600797583	0	0	0	0.00495445101486	0.000372915667785	0.00020928940539	0	0	0.000121768381318	9.51315479044e-05	0	0	0	0	0.000993173360122	0	7.61052383236e-06	7.61052383236e-06	0	5.32736668265e-05	3.80526191618e-05	0	4.94684049103e-05	0	0	0	0	0	0	0	0.000624062954253	0	0	0	7.22999764074e-05	0	0	0	5.70789287427e-05	0	0	0	0	0	0	1.90263095809e-05	7.61052383236e-06	2.28315714971e-05	7.61052383236e-06	2.66368334132e-05	0	0	7.61052383236e-06	0	0	0	0	0	0
1.52210476647e-05	0	3.80526191618e-06	0	0	0.0036682724872	0.000886626026469	3.80526191618e-06	0.000711583978325	0	1.52210476647e-05	7.61052383236e-06	7.61052383236e-06	3.80526191618e-06	0.000570789287427	0.000251147286468	0	3.80526191618e-06	0	0	3.80526191618e-06	0	0	3.80526191618e-06	0	3.80526191618e-06	0	0	3.80526191618e-06	0.000928483907547	0	0	0.0016705099812	3.80526191618e-06	0.000734415549822	0	0	0	0	0	0	0	0	0	0	0	0	0	0	0	0	0	0	0	0	0	0	0	0	0	0	0	0	0	0	0	0	0	0	0	3.80526191618e-06	3.80526191618e-06	8.37157621559e-05	1.14157857485e-05	0.000681141882996	0.000829547097727	0	0	0	0	0	0	0	0
0.00116060488443	0	1.14157857485e-05	0	0.000616452430421	0.000886626026469	0.0224472400435	0.00126715221809	0.00429233544145	3.42473572456e-05	0.00737459759355	3.80526191618e-06	0.0070321240211	0	0.00210430983965	0.00262563072216	7.61052383236e-06	7.61052383236e-06	0	0	0.00231740450695	3.80526191618e-05	7.61052383236e-06	4.1857881078e-05	0.000909457597966	0	0	3.80526191618e-06	0.000312031477127	0.00154493633797	0.00017884731006	0	0.000296810429462	0.00017884731006	0.000441410382277	0	0	0	0	0	0	3.80526191618e-06	3.80526191618e-06	0	2.66368334132e-05	3.80526191618e-06	0	0	0	0	0	0	0	0	0	3.80526191618e-06	7.61052383236e-06	3.80526191618e-06	7.61052383236e-06	1.52210476647e-05	0	0	0	0	0	3.80526191618e-06	0	0	0	3.80526191618e-06	8.37157621559e-05	2.28315714971e-05	0.000140794690899	4.56631429941e-05	9.51315479044e-05	3.80526191618e-05	0	7.61052383236e-06	3.80526191618e-06	3.80526191618e-06	3.80526191618e-06	0	0	0
0.00418959336971	3.80526191618e-06	0.000224510453054	0	0.00195970988683	3.80526191618e-06	0.00126715221809	0.0359825566794	0.000738220811738	0.00114157857485	0.0051979877775	0	0.000795299740481	0	0.00230218345929	5.70789287427e-05	0.000722999764074	7.22999764074e-05	0	0	0.00125954169425	0.00160201526671	0.000643089263834	0.00141936269473	0.00671628728205	0	0	8.75210240721e-05	0.0170665996941	0.0047033037284	0.00895758655068	0	3.80526191618e-06	0.00168953629078	0.0016933415527	3.80526191618e-06	0	0	0	7.61052383236e-06	0	7.61052383236e-06	0.000106547333653	1.14157857485e-05	0.000722999764074	2.66368334132e-05	3.80526191618e-06	1.14157857485e-05	0	3.80526191618e-06	3.80526191618e-06	3.04420953294e-05	3.80526191618e-06	0	0	3.80526191618e-06	3.80526191618e-05	0.000102742071737	2.28315714971e-05	0.000449020906109	0	0	3.80526191618e-06	0.000144599952815	7.61052383236e-06	7.22999764074e-05	0	0	7.61052383236e-06	1.90263095809e-05	0.000635478740002	0.000140794690899	0.000506099834852	0.000190263095809	7.61052383236e-05	7.61052383236e-06	0	3.04420953294e-05	3.80526191618e-06	1.14157857485e-05	0	4.94684049103e-05	7.61052383236e-06	0
0.00193687831533	0	1.90263095809e-05	0	0.000136989428982	0.000711583978325	0.00429233544145	0.000738220811738	0.0198748829882	2.28315714971e-05	0.00342854098648	1.52210476647e-05	0.000536541930181	0	0.010080138816	0.000487073525271	1.52210476647e-05	3.80526191618e-06	0	0	0.000201678881557	3.80526191618e-05	1.52210476647e-05	4.94684049103e-05	0.000243536762635	0	0	3.80526191618e-06	0.000228315714971	0.00511046675343	0.000304420953294	0	0.00153352055222	0.000228315714971	0.0013889205994	0	0	0	0	0	0	3.80526191618e-06	3.80526191618e-06	0	2.28315714971e-05	3.80526191618e-06	0	3.80526191618e-06	0	0	0	0	0	0	0	3.80526191618e-06	0	0	0	1.52210476647e-05	0	0	0	0	0	0	0	0	0	0	0.000102742071737	1.14157857485e-05	0.000429994596528	9.89368098206e-05	4.1857881078e-05	0.000186457833893	0	0	0	0	0	0	0	0
0.000186457833893	1.14157857485e-05	0.000133184167066	0	0.000106547333653	0	3.42473572456e-05	0.00114157857485	2.28315714971e-05	0.0136951376363	8.37157621559e-05	0	0.000886626026469	0	0.000102742071737	0.000117963119402	0.00141555743282	4.56631429941e-05	0	0	0.000190263095809	0.000658310311499	0.00343615151031	0.000882820764553	0.00439127225127	0	3.80526191618e-06	0.000182652571977	0.00221846769713	0.000422384072696	0.0010578628127	0	0	0.000224510453054	0.000502294572935	3.04420953294e-05	3.80526191618e-06	1.52210476647e-05	0	3.80526191618e-05	0	3.04420953294e-05	0.000353889358205	3.04420953294e-05	0.0024696149836	4.94684049103e-05	0	3.80526191618e-05	0	2.28315714971e-05	7.61052383236e-06	0.000171236786228	7.61052383236e-06	0	0	7.61052383236e-06	0.000106547333653	0.000780078692816	6.84947144912e-05	0.00135847850408	0	0	1.14157857485e-05	0.000521320882516	1.90263095809e-05	0.000175042048144	0	0	3.80526191618e-06	0.000102742071737	0.000376720929702	0.000106547333653	0.000171236786228	5.70789287427e-05	0.000376720929702	0	0	0.000152210476647	2.28315714971e-05	1.90263095809e-05	7.61052383236e-06	0.000110352595569	3.80526191618e-06	0
0.00186077307701	0	7.61052383236e-06	0	0.00371013036827	1.52210476647e-05	0.00737459759355	0.0051979877775	0.00342854098648	8.37157621559e-05	0.032550210431	0	0.00629390320936	0	0.00216519403031	7.61052383236e-05	1.14157857485e-05	3.80526191618e-06	0	0	0.00803671316697	2.66368334132e-05	1.52210476647e-05	3.80526191618e-05	0.00281589381797	0	0	7.61052383236e-06	0.00380526191618	0.00135467324216	0.000391941977366	0	1.14157857485e-05	0.000319642000959	0.000296810429462	0	0	0	0	3.42473572456e-05	0	3.80526191618e-06	3.80526191618e-06	0	6.84947144912e-05	3.80526191618e-06	0	7.61052383236e-06	0	0	0	0	0	0	0	3.80526191618e-06	1.14157857485e-05	7.61052383236e-06	0	3.42473572456e-05	0	0	0	7.61052383236e-06	0	3.80526191618e-06	0	0	0	3.80526191618e-06	8.75210240721e-05	1.14157857485e-05	7.99105002397e-05	1.14157857485e-05	4.94684049103e-05	3.80526191618e-06	0	3.80526191618e-06	0	3.80526191618e-06	3.80526191618e-06	7.61052383236e-06	0	0
3.80526191618e-06	0.000464241953774	0.000175042048144	0	0	7.61052383236e-06	3.80526191618e-06	0	1.52210476647e-05	0	0	0.0235964291422	0	0.00588293492241	7.22999764074e-05	3.80526191618e-06	1.14157857485e-05	0.00030822621521	0.00100078388395	0.00238209395953	0	4.1857881078e-05	1.14157857485e-05	9.89368098206e-05	0	0.00199015198216	0.00826883414385	0.00219944138755	0	0.000254952548384	1.14157857485e-05	0.000996978622039	3.80526191618e-05	1.52210476647e-05	0.00323066736683	0	0.000102742071737	1.14157857485e-05	0	0	0	0	0	0	3.80526191618e-06	0	0.000194068357725	0	0.000156015738563	0	0	0	1.90263095809e-05	1.52210476647e-05	5.32736668265e-05	0	0	3.80526191618e-06	0	0	0.000441410382277	6.4689452575e-05	4.94684049103e-05	0	0	0	0	0	0	1.90263095809e-05	0.000239731500719	0.0031050937236	0.00364924617761	0.000357694620121	0	1.14157857485e-05	0.000563178763594	3.80526191618e-06	2.66368334132e-05	5.32736668265e-05	7.61052383236e-06	3.80526191618e-06	3.80526191618e-06	1.90263095809e-05
0.00101600493162	0	1.14157857485e-05	0	0.00329916208133	7.61052383236e-06	0.0070321240211	0.000795299740481	0.000536541930181	0.000886626026469	0.00629390320936	0	0.0315798686424	0	0.00103883650312	0.00128998378958	3.80526191618e-06	0	0	0	0.012622053776	1.14157857485e-05	1.14157857485e-05	2.66368334132e-05	0.00184174676743	0	0	7.61052383236e-06	0.000372915667785	0.000859989193056	0.000121768381318	0	7.61052383236e-06	0.000186457833893	0.00020928940539	0	0	3.80526191618e-06	0	3.80526191618e-06	0	1.14157857485e-05	0	0	3.04420953294e-05	7.61052383236e-06	7.61052383236e-06	0.000502294572935	0	0	3.80526191618e-06	0	0	0	0	0.00017884731006	3.80526191618e-06	3.80526191618e-06	3.80526191618e-06	2.28315714971e-05	0	0	0	0	0	3.80526191618e-06	0	0	0	3.80526191618e-06	0.000133184167066	1.90263095809e-05	8.37157621559e-05	1.90263095809e-05	0.000601231382756	0	0	1.90263095809e-05	0	7.61052383236e-06	1.14157857485e-05	3.80526191618e-06	3.80526191618e-06	0
0	0.000361499882037	3.42473572456e-05	0	0	3.80526191618e-06	0	0	0	0	0	0.00588293492241	0	0.0154265318082	7.61052383236e-06	0	3.80526191618e-06	5.70789287427e-05	0.000121768381318	0.000323447262875	0	0	7.61052383236e-06	7.61052383236e-06	3.80526191618e-06	0.00347800939139	0.00484409841929	0.00401455132157	3.80526191618e-06	2.28315714971e-05	3.80526191618e-06	0.0018113046721	0	0	0.000407163025031	0	5.32736668265e-05	7.61052383236e-06	0	0	0	0	0	0	0	0	0.00012937890515	0	0.000182652571977	0	0	0	3.80526191618e-06	7.61052383236e-06	3.80526191618e-05	0	0	0	0	0	0.000353889358205	2.28315714971e-05	6.08841906588e-05	0	0	0	0	0	0	1.52210476647e-05	3.80526191618e-05	0.00164006788587	0.000863794454972	5.70789287427e-05	0	0	0.000624062954253	1.14157857485e-05	4.56631429941e-05	1.52210476647e-05	3.80526191618e-06	3.80526191618e-06	0	1.90263095809e-05
0.0106090702223	7.61052383236e-06	6.4689452575e-05	0	0.000220705191138	0.000570789287427	0.00210430983965	0.00230218345929	0.010080138816	0.000102742071737	0.00216519403031	7.22999764074e-05	0.00103883650312	7.61052383236e-06	0.0367436090626	0.000635478740002	6.84947144912e-05	1.52210476647e-05	0	3.80526191618e-06	0.000456631429941	0.000380526191618	7.22999764074e-05	0.000422384072696	0.000673531359163	7.61052383236e-06	1.90263095809e-05	4.56631429941e-05	0.000764857645152	0.0213208825163	0.00200917829174	0	0.00186838360084	0.00166670471929	0.00476038265714	0	7.61052383236e-06	3.80526191618e-06	0	0	0	0	7.61052383236e-06	0	5.32736668265e-05	0	0	3.80526191618e-06	0	0	0	0	0	0	0	0	3.80526191618e-06	1.52210476647e-05	3.80526191618e-06	1.52210476647e-05	0	0	0	1.14157857485e-05	0	3.80526191618e-06	0	0	0	0	0.000449020906109	9.89368098206e-05	0.00156015738563	0.00028919990563	9.89368098206e-05	0.000277784119881	0	1.14157857485e-05	3.80526191618e-06	7.61052383236e-06	3.80526191618e-06	3.80526191618e-06	0	0
0.000224510453054	0	2.66368334132e-05	0	7.61052383236e-06	0.000251147286468	0.00262563072216	5.70789287427e-05	0.000487073525271	0.000117963119402	7.61052383236e-05	3.80526191618e-06	0.00128998378958	0	0.000635478740002	0.00609602958972	1.14157857485e-05	1.14157857485e-05	0	0	4.1857881078e-05	2.66368334132e-05	7.61052383236e-06	5.32736668265e-05	2.28315714971e-05	0	0	0	7.61052383236e-06	0.000460436691858	7.99105002397e-05	0	4.56631429941e-05	7.99105002397e-05	0.000197873619641	0	0	0	0	0	0	0	3.80526191618e-06	0	3.80526191618e-06	0	1.14157857485e-05	0	0	0	0	0	0	3.80526191618e-06	3.80526191618e-06	0	7.61052383236e-06	3.80526191618e-06	0	0	0	0	0	0	0	0	0	0	0	1.90263095809e-05	0.00020928940539	6.08841906588e-05	0.000171236786228	0.000125573643234	0.000909457597966	5.70789287427e-05	0	2.28315714971e-05	0	3.04420953294e-05	1.90263095809e-05	1.52210476647e-05	3.80526191618e-06	0
0.000121768381318	0.000171236786228	0.00174280995761	0	0	0	7.61052383236e-06	0.000722999764074	1.52210476647e-05	0.00141555743282	1.14157857485e-05	1.14157857485e-05	3.80526191618e-06	3.80526191618e-06	6.84947144912e-05	1.14157857485e-05	0.0238742132621	0.000300615691378	0	7.61052383236e-06	0	0.00441790908468	0.0089613918126	0.0103731439835	0.00430755648911	0	9.51315479044e-05	0.00523984565858	0.00325349893833	0.00041857881078	0.00186838360084	0	3.80526191618e-06	0.000220705191138	0.00124432064659	3.80526191618e-06	1.52210476647e-05	1.90263095809e-05	0	3.80526191618e-06	0	7.61052383236e-06	9.13262859883e-05	7.61052383236e-06	0.000490878787187	1.52210476647e-05	3.80526191618e-06	0	0	3.80526191618e-06	7.61052383236e-06	0.000631673478085	1.14157857485e-05	0	0	0	0.000186457833893	0.000616452430421	0.000163626262396	0.000350084096288	0	0	5.32736668265e-05	0.000201678881557	3.80526191618e-06	0.000102742071737	0	0	0	6.4689452575e-05	0.00117202067018	0.000635478740002	0.000859989193056	0.000403357763115	1.14157857485e-05	0	0	4.94684049103e-05	2.28315714971e-05	1.90263095809e-05	1.14157857485e-05	1.14157857485e-05	3.80526191618e-06	0
4.1857881078e-05	0.00104644702695	0.0100611125064	0	0	3.80526191618e-06	7.61052383236e-06	7.22999764074e-05	3.80526191618e-06	4.56631429941e-05	3.80526191618e-06	0.00030822621521	0	5.70789287427e-05	1.52210476647e-05	1.14157857485e-05	0.000300615691378	0.0270782437955	8.75210240721e-05	0.00400313553582	0	0.0030099621757	0.000422384072696	0.0101448282685	9.13262859883e-05	5.70789287427e-05	0.00831449728685	0.00352367253438	0.000163626262396	0.000148405214731	0.00109972069378	3.80526191618e-06	0	5.70789287427e-05	0.00234404134037	0	0.000350084096288	0.000121768381318	0	0	0	3.80526191618e-06	3.80526191618e-06	0	3.80526191618e-05	3.80526191618e-06	7.61052383236e-06	0	1.14157857485e-05	0	0	1.90263095809e-05	6.84947144912e-05	7.61052383236e-06	1.90263095809e-05	0	2.66368334132e-05	0.000117963119402	4.56631429941e-05	1.14157857485e-05	4.1857881078e-05	4.56631429941e-05	0.000205484143474	7.61052383236e-06	0	7.61052383236e-06	0	0	0	3.80526191618e-05	0.00139653112324	0.00218041507797	0.00199015198216	0.000848573407308	0	3.80526191618e-06	1.52210476647e-05	2.66368334132e-05	3.04420953294e-05	3.42473572456e-05	1.14157857485e-05	7.61052383236e-06	3.80526191618e-06	0
0	4.56631429941e-05	1.90263095809e-05	0	0	0	0	0	0	0	0	0.00100078388395	0	0.000121768381318	0	0	0	8.75210240721e-05	0.00249625181701	0.00177705731485	0	3.80526191618e-06	0	7.61052383236e-06	0	4.56631429941e-05	0.00132042588491	0.000194068357725	0	3.80526191618e-06	0	7.61052383236e-06	0	0	7.99105002397e-05	0	3.80526191618e-06	0	0	0	0	0	0	0	0	0	7.61052383236e-06	0	1.14157857485e-05	0	0	0	0	0	0	0	0	0	0	0	2.28315714971e-05	1.14157857485e-05	1.14157857485e-05	0	0	0	0	0	0	0	3.80526191618e-06	5.32736668265e-05	6.08841906588e-05	3.80526191618e-06	0	0	3.80526191618e-06	0	0	0	0	0	0	0
0	0.000662115573415	0.00064689452575	0	0	0	0	0	0	0	0	0.00238209395953	0	0.000323447262875	3.80526191618e-06	0	7.61052383236e-06	0.00400313553582	0.00177705731485	0.0146426478535	0	4.94684049103e-05	2.28315714971e-05	0.000159821000479	0	0.000228315714971	0.00920112331332	0.00164006788587	0	1.14157857485e-05	1.14157857485e-05	3.04420953294e-05	0	0	0.00124432064659	0	0.000159821000479	1.52210476647e-05	0	0	0	0	0	0	0	0	6.4689452575e-05	0	6.84947144912e-05	0	0	0	7.61052383236e-06	7.61052383236e-06	2.28315714971e-05	0	0	1.14157857485e-05	3.80526191618e-06	0	0.000144599952815	9.51315479044e-05	0.000117963119402	0	0	0	3.80526191618e-06	0	0	1.52210476647e-05	0.000285394643713	0.000848573407308	0.000814326050062	0.000197873619641	0	0	1.90263095809e-05	0	2.28315714971e-05	2.28315714971e-05	3.80526191618e-06	3.80526191618e-06	3.80526191618e-06	0
0.000540347192097	0	0	0	0.00817750785787	3.80526191618e-06	0.00231740450695	0.00125954169425	0.000201678881557	0.000190263095809	0.00803671316697	0	0.012622053776	0	0.000456631429941	4.1857881078e-05	0	0	0	0	0.0232843976651	7.61052383236e-06	1.14157857485e-05	7.61052383236e-06	0.00426189334612	0	0	0	0.0020472309109	0.000471852477606	0.000125573643234	0	0	0.000140794690899	0.000133184167066	0	0	0	0	1.14157857485e-05	0	0	0	0	4.56631429941e-05	0	0	1.14157857485e-05	0	0	0	0	0	0	0	0	3.80526191618e-06	7.61052383236e-06	0	2.66368334132e-05	0	0	0	7.61052383236e-06	0	0	0	0	0	0	3.42473572456e-05	3.80526191618e-06	3.80526191618e-05	1.14157857485e-05	0.000110352595569	0	0	0	0	0	0	0	0	0
0.000605036644672	0.00012937890515	0.00477940896672	0	1.52210476647e-05	0	3.80526191618e-05	0.00160201526671	3.80526191618e-05	0.000658310311499	2.66368334132e-05	4.1857881078e-05	1.14157857485e-05	0	0.000380526191618	2.66368334132e-05	0.00441790908468	0.0030099621757	3.80526191618e-06	4.94684049103e-05	7.61052383236e-06	0.0508839623431	0.00211572562539	0.0344680624367	0.00167431524312	7.61052383236e-06	0.00028919990563	0.00202059407749	0.00519037725367	0.00349323043905	0.0156967054042	0	3.80526191618e-06	0.0016705099812	0.00406021446456	3.80526191618e-06	3.80526191618e-05	1.52210476647e-05	0	3.80526191618e-06	0	3.80526191618e-06	7.22999764074e-05	7.61052383236e-06	0.000399552501199	7.61052383236e-06	0	0	0	0	0	5.70789287427e-05	1.90263095809e-05	0	3.80526191618e-06	0	3.80526191618e-05	0.000273978857965	3.80526191618e-05	0.000197873619641	0	0	3.80526191618e-05	0.000133184167066	7.61052383236e-06	5.32736668265e-05	0	0	0	4.56631429941e-05	0.00250386234084	0.00140794690899	0.00234404134037	0.00121007328934	2.28315714971e-05	2.28315714971e-05	3.80526191618e-06	6.08841906588e-05	1.14157857485e-05	3.04420953294e-05	2.28315714971e-05	2.66368334132e-05	0	3.80526191618e-06
9.89368098206e-05	0.0016933415527	0.00257616231725	0	1.14157857485e-05	0	7.61052383236e-06	0.000643089263834	1.52210476647e-05	0.00343615151031	1.52210476647e-05	1.14157857485e-05	1.14157857485e-05	7.61052383236e-06	7.22999764074e-05	7.61052383236e-06	0.0089613918126	0.000422384072696	0	2.28315714971e-05	1.14157857485e-05	0.00211572562539	0.0206587669429	0.00490878787187	0.00285394643713	3.80526191618e-06	0.000228315714971	0.00618355061379	0.00205864669665	0.000441410382277	0.00179608362444	0	3.80526191618e-06	0.000235926238803	0.00131281536108	1.52210476647e-05	0.000235926238803	0.00020928940539	0	7.61052383236e-06	0	3.42473572456e-05	0.000235926238803	2.28315714971e-05	0.00144980479006	2.28315714971e-05	1.14157857485e-05	3.80526191618e-06	3.80526191618e-06	1.14157857485e-05	1.90263095809e-05	0.000799105002397	8.75210240721e-05	0	1.14157857485e-05	0	0.000384331453534	0.00339048836731	0.000540347192097	0.000738220811738	3.80526191618e-06	1.14157857485e-05	0.000464241953774	0.000479463001438	2.28315714971e-05	0.000266368334132	0	0	0	0.000399552501199	0.00104644702695	0.000742026073655	0.000821936573894	0.000361499882037	3.80526191618e-06	7.61052383236e-06	7.61052383236e-06	0.000216899929222	0.000175042048144	0.000190263095809	8.37157621559e-05	4.56631429941e-05	2.66368334132e-05	7.61052383236e-06
0.000525126144433	0.000509905096768	0.0184517150315	0	1.14157857485e-05	3.80526191618e-06	4.1857881078e-05	0.00141936269473	4.94684049103e-05	0.000882820764553	3.80526191618e-05	9.89368098206e-05	2.66368334132e-05	7.61052383236e-06	0.000422384072696	5.32736668265e-05	0.0103731439835	0.0101448282685	7.61052383236e-06	0.000159821000479	7.61052383236e-06	0.0344680624367	0.00490878787187	0.0734491655061	0.00185316255318	3.80526191618e-06	0.000996978622039	0.0103388966263	0.00469188794265	0.00269793069857	0.010848801723	0	7.61052383236e-06	0.000962731264793	0.00699787666385	7.61052383236e-06	0.000159821000479	7.61052383236e-05	0	3.80526191618e-06	0	2.28315714971e-05	0.000106547333653	3.80526191618e-06	0.000475657739522	1.14157857485e-05	1.52210476647e-05	3.80526191618e-06	0	0	7.61052383236e-06	0.000247342024552	5.32736668265e-05	3.80526191618e-06	1.52210476647e-05	0	0.000136989428982	0.000928483907547	0.000194068357725	0.000254952548384	3.80526191618e-06	1.14157857485e-05	0.000197873619641	0.000197873619641	7.61052383236e-06	0.000102742071737	0	0	0	0.000163626262396	0.0057383349696	0.00402977236923	0.00538064034948	0.00297952008037	1.90263095809e-05	4.94684049103e-05	2.66368334132e-05	0.000152210476647	7.61052383236e-05	7.61052383236e-05	4.56631429941e-05	4.1857881078e-05	1.14157857485e-05	0
0.000970341788625	7.61052383236e-06	0.000235926238803	0	0.00781600797583	0	0.000909457597966	0.00671628728205	0.000243536762635	0.00439127225127	0.00281589381797	0	0.00184174676743	3.80526191618e-06	0.000673531359163	2.28315714971e-05	0.00430755648911	9.13262859883e-05	0	0	0.00426189334612	0.00167431524312	0.00285394643713	0.00185316255318	0.0375807666842	3.80526191618e-06	3.80526191618e-06	0.000266368334132	0.0129150589435	0.00154874159988	0.00254952548384	0	7.61052383236e-06	0.000586010335091	0.000920873383715	1.52210476647e-05	0	3.80526191618e-06	0	0.000190263095809	0	2.28315714971e-05	0.000190263095809	2.66368334132e-05	0.0011758259321	3.04420953294e-05	0	2.66368334132e-05	0	1.90263095809e-05	7.61052383236e-06	8.75210240721e-05	0	0	0	0	6.08841906588e-05	0.000216899929222	2.66368334132e-05	0.00243156236444	0	0	7.61052383236e-06	0.000445215644193	1.52210476647e-05	8.75210240721e-05	0	0	3.80526191618e-06	4.1857881078e-05	0.000513710358684	0.000171236786228	0.000369110405869	0.000144599952815	0.000140794690899	3.80526191618e-06	0	8.37157621559e-05	1.52210476647e-05	1.52210476647e-05	1.14157857485e-05	5.70789287427e-05	7.61052383236e-06	0
0	0.00155635212372	4.94684049103e-05	0	0	3.80526191618e-06	0	0	0	0	0	0.00199015198216	0	0.00347800939139	7.61052383236e-06	0	0	5.70789287427e-05	4.56631429941e-05	0.000228315714971	0	7.61052383236e-06	3.80526191618e-06	3.80526191618e-06	3.80526191618e-06	0.0084210446205	0.00160962579054	0.00205103617282	3.80526191618e-06	2.66368334132e-05	7.61052383236e-06	0.000102742071737	7.61052383236e-06	0	0.000182652571977	0	0.000102742071737	7.61052383236e-06	0	0	0	0	0	0	0	0	0.000270173596049	0	0.000304420953294	0	0	3.80526191618e-06	3.80526191618e-06	1.52210476647e-05	5.32736668265e-05	0	0	3.80526191618e-06	0	0	0.000772468168984	6.84947144912e-05	7.22999764074e-05	0	0	0	0	0	0	3.42473572456e-05	5.32736668265e-05	0.00144980479006	0.000479463001438	6.08841906588e-05	0	0	0.000768662907068	2.28315714971e-05	9.13262859883e-05	7.61052383236e-05	1.90263095809e-05	0	0	8.75210240721e-05
7.61052383236e-06	0.00481365632396	0.00762574488002	0	0	0	0	0	0	3.80526191618e-06	0	0.00826883414385	0	0.00484409841929	1.90263095809e-05	0	9.51315479044e-05	0.00831449728685	0.00132042588491	0.00920112331332	0	0.00028919990563	0.000228315714971	0.000996978622039	3.80526191618e-06	0.00160962579054	0.053977640281	0.0183071150787	1.52210476647e-05	3.80526191618e-05	9.13262859883e-05	0.00267509912707	0	1.52210476647e-05	0.00298332534228	0	0.00127095748	0.000239731500719	0	0	0	0	3.80526191618e-06	0	7.61052383236e-06	0	0.000456631429941	0	0.000304420953294	0	0	7.61052383236e-06	0.000216899929222	0.000114157857485	0.000315836739043	0	3.80526191618e-06	5.32736668265e-05	4.94684049103e-05	0	0.00106927859845	0.000521320882516	0.000742026073655	0	3.80526191618e-06	3.80526191618e-06	3.80526191618e-06	0	0	0.000156015738563	0.000928483907547	0.00353128305821	0.00262182546025	0.000764857645152	3.80526191618e-06	3.80526191618e-06	9.51315479044e-05	3.42473572456e-05	0.000121768381318	0.000163626262396	2.66368334132e-05	7.61052383236e-06	7.61052383236e-06	1.14157857485e-05
2.28315714971e-05	0.00967297579092	0.0173443838139	0	0	0	3.80526191618e-06	8.75210240721e-05	3.80526191618e-06	0.000182652571977	7.61052383236e-06	0.00219944138755	7.61052383236e-06	0.00401455132157	4.56631429941e-05	0	0.00523984565858	0.00352367253438	0.000194068357725	0.00164006788587	0	0.00202059407749	0.00618355061379	0.0103388966263	0.000266368334132	0.00205103617282	0.0183071150787	0.0656788206732	0.000407163025031	0.000171236786228	0.000742026073655	0.00121387855126	3.80526191618e-06	8.37157621559e-05	0.00269032017474	0	0.00174280995761	0.000574594549343	0	0	0	1.14157857485e-05	3.42473572456e-05	3.80526191618e-06	6.84947144912e-05	3.80526191618e-06	0.000254952548384	0	7.61052383236e-05	0	3.80526191618e-06	0.000353889358205	0.000429994596528	4.56631429941e-05	0.000285394643713	0	0.000182652571977	0.00122529433701	0.000391941977366	6.84947144912e-05	0.000475657739522	0.000376720929702	0.00112635752719	7.22999764074e-05	1.14157857485e-05	5.70789287427e-05	0	0	3.80526191618e-06	0.000449020906109	0.00191024148192	0.00332960417666	0.00256855179342	0.00109211016994	7.61052383236e-06	1.52210476647e-05	5.32736668265e-05	0.000110352595569	0.000277784119881	0.00028919990563	0.000121768381318	1.90263095809e-05	2.28315714971e-05	1.52210476647e-05
0.00137369955174	1.52210476647e-05	0.000616452430421	0	0.00495445101486	3.80526191618e-06	0.000312031477127	0.0170665996941	0.000228315714971	0.00221846769713	0.00380526191618	0	0.000372915667785	3.80526191618e-06	0.000764857645152	7.61052383236e-06	0.00325349893833	0.000163626262396	0	0	0.0020472309109	0.00519037725367	0.00205864669665	0.00469188794265	0.0129150589435	3.80526191618e-06	1.52210476647e-05	0.000407163025031	0.0453663325647	0.00318119896192	0.012028432917	0	3.80526191618e-06	0.00133184167066	0.00222227295905	0	0	7.61052383236e-06	0	2.66368334132e-05	0	1.52210476647e-05	0.000175042048144	3.04420953294e-05	0.00128998378958	3.80526191618e-05	3.80526191618e-06	2.28315714971e-05	0	1.52210476647e-05	1.14157857485e-05	7.99105002397e-05	3.80526191618e-06	0	0	3.80526191618e-06	8.37157621559e-05	0.000273978857965	4.1857881078e-05	0.000749636597487	0	0	7.61052383236e-06	0.000277784119881	3.80526191618e-06	8.75210240721e-05	0	0	3.80526191618e-06	4.94684049103e-05	0.0010350312412	0.000350084096288	0.0007762734309	0.000342473572456	5.32736668265e-05	3.80526191618e-06	0	7.61052383236e-05	1.14157857485e-05	3.04420953294e-05	7.61052383236e-06	6.4689452575e-05	7.61052383236e-06	3.80526191618e-06
0.00911740755116	2.66368334132e-05	0.000449020906109	0	0.000372915667785	0.000928483907547	0.00154493633797	0.0047033037284	0.00511046675343	0.000422384072696	0.00135467324216	0.000254952548384	0.000859989193056	2.28315714971e-05	0.0213208825163	0.000460436691858	0.00041857881078	0.000148405214731	3.80526191618e-06	1.14157857485e-05	0.000471852477606	0.00349323043905	0.000441410382277	0.00269793069857	0.00154874159988	2.66368334132e-05	3.80526191618e-05	0.000171236786228	0.00318119896192	0.0540271086859	0.0145627373532	0	0.00320022527151	0.0111874700336	0.0143420321621	3.80526191618e-06	1.14157857485e-05	1.14157857485e-05	0	3.80526191618e-06	0	3.80526191618e-06	5.70789287427e-05	3.80526191618e-06	0.000296810429462	1.90263095809e-05	0	0	3.80526191618e-06	3.80526191618e-06	0	3.42473572456e-05	0	0	0	3.80526191618e-06	2.28315714971e-05	8.75210240721e-05	1.52210476647e-05	0.000144599952815	0	0	0	9.51315479044e-05	0	1.90263095809e-05	0	0	0	1.90263095809e-05	0.0024467834121	0.000525126144433	0.00540727718289	0.00128617852767	0.000144599952815	0.000681141882996	7.61052383236e-06	3.80526191618e-05	7.61052383236e-06	1.90263095809e-05	1.14157857485e-05	2.28315714971e-05	7.61052383236e-06	0
0.00459675639474	5.32736668265e-05	0.00197112567258	0	0.00020928940539	0	0.00017884731006	0.00895758655068	0.000304420953294	0.0010578628127	0.000391941977366	1.14157857485e-05	0.000121768381318	3.80526191618e-06	0.00200917829174	7.99105002397e-05	0.00186838360084	0.00109972069378	0	1.14157857485e-05	0.000125573643234	0.0156967054042	0.00179608362444	0.010848801723	0.00254952548384	7.61052383236e-06	9.13262859883e-05	0.000742026073655	0.012028432917	0.0145627373532	0.0520559830133	0	7.61052383236e-06	0.00539966665906	0.00624062954253	7.61052383236e-06	3.80526191618e-06	1.14157857485e-05	0	3.80526191618e-06	0	7.61052383236e-06	0.000117963119402	1.90263095809e-05	0.000738220811738	2.66368334132e-05	0	7.61052383236e-06	3.80526191618e-06	1.52210476647e-05	7.61052383236e-06	6.84947144912e-05	1.14157857485e-05	0	3.80526191618e-06	3.80526191618e-06	6.84947144912e-05	0.000216899929222	3.04420953294e-05	0.000334863048624	0	0	1.52210476647e-05	0.00017884731006	3.80526191618e-06	6.08841906588e-05	0	0	0	3.80526191618e-05	0.00260660441258	0.00090565233605	0.00222607822096	0.000920873383715	3.42473572456e-05	1.14157857485e-05	3.80526191618e-06	4.56631429941e-05	3.80526191618e-06	1.52210476647e-05	1.52210476647e-05	3.42473572456e-05	7.61052383236e-06	3.80526191618e-06
0	3.80526191618e-05	3.80526191618e-06	0	0	0	0	0	0	0	0	0.000996978622039	0	0.0018113046721	0	0	0	3.80526191618e-06	7.61052383236e-06	3.04420953294e-05	0	0	0	0	0	0.000102742071737	0.00267509912707	0.00121387855126	0	0	0	0.00345898308181	0	0	2.66368334132e-05	0	3.80526191618e-06	0	0	0	0	0	0	0	0	0	7.61052383236e-06	0	0	0	0	0	0	0	0	0	0	0	0	0	1.90263095809e-05	0	0	0	0	0	0	0	0	3.80526191618e-06	7.61052383236e-06	5.70789287427e-05	5.70789287427e-05	7.61052383236e-06	0	0	3.80526191618e-06	0	3.80526191618e-06	0	0	0	0	0
2.28315714971e-05	3.80526191618e-06	3.80526191618e-06	0	0	0.0016705099812	0.000296810429462	3.80526191618e-06	0.00153352055222	0	1.14157857485e-05	3.80526191618e-05	7.61052383236e-06	0	0.00186838360084	4.56631429941e-05	3.80526191618e-06	0	0	0	0	3.80526191618e-06	3.80526191618e-06	7.61052383236e-06	7.61052383236e-06	7.61052383236e-06	0	3.80526191618e-06	3.80526191618e-06	0.00320022527151	7.61052383236e-06	0	0.00590957175582	2.66368334132e-05	0.00192165726767	0	0	0	0	0	0	0	0	0	0	0	0	0	0	0	0	0	0	0	0	0	0	0	0	0	0	0	0	0	0	0	0	0	0	0	2.28315714971e-05	3.80526191618e-06	0.000331057786707	7.61052383236e-05	8.37157621559e-05	0.000901847074134	0	0	0	0	0	0	0	0
0.0016933415527	1.14157857485e-05	0.000163626262396	0	0.000121768381318	3.80526191618e-06	0.00017884731006	0.00168953629078	0.000228315714971	0.000224510453054	0.000319642000959	1.52210476647e-05	0.000186457833893	0	0.00166670471929	7.99105002397e-05	0.000220705191138	5.70789287427e-05	0	0	0.000140794690899	0.0016705099812	0.000235926238803	0.000962731264793	0.000586010335091	0	1.52210476647e-05	8.37157621559e-05	0.00133184167066	0.0111874700336	0.00539966665906	0	2.66368334132e-05	0.0133222219685	0.00674292411547	0	0	7.61052383236e-06	0	0	0	0	2.66368334132e-05	3.80526191618e-06	0.000102742071737	7.61052383236e-06	0	0	3.80526191618e-06	0	0	7.61052383236e-06	3.80526191618e-06	0	3.80526191618e-06	0	1.52210476647e-05	1.52210476647e-05	1.14157857485e-05	4.94684049103e-05	0	0	3.80526191618e-06	3.04420953294e-05	0	1.90263095809e-05	0	0	0	1.90263095809e-05	0.00202059407749	0.000312031477127	0.00247342024552	0.000627868216169	3.04420953294e-05	2.28315714971e-05	3.80526191618e-06	1.90263095809e-05	3.80526191618e-06	1.14157857485e-05	7.61052383236e-06	7.61052383236e-06	3.80526191618e-06	0
0.00159440474288	0.000582205073175	0.00390039346408	0	9.51315479044e-05	0.000734415549822	0.000441410382277	0.0016933415527	0.0013889205994	0.000502294572935	0.000296810429462	0.00323066736683	0.00020928940539	0.000407163025031	0.00476038265714	0.000197873619641	0.00124432064659	0.00234404134037	7.99105002397e-05	0.00124432064659	0.000133184167066	0.00406021446456	0.00131281536108	0.00699787666385	0.000920873383715	0.000182652571977	0.00298332534228	0.00269032017474	0.00222227295905	0.0143420321621	0.00624062954253	2.66368334132e-05	0.00192165726767	0.00674292411547	0.0443274960616	0	0.00017884731006	6.08841906588e-05	0	0	0	1.14157857485e-05	6.08841906588e-05	1.14157857485e-05	0.000281589381797	3.80526191618e-06	1.52210476647e-05	0	2.66368334132e-05	3.80526191618e-06	3.80526191618e-06	6.4689452575e-05	2.66368334132e-05	3.80526191618e-06	1.14157857485e-05	0	5.32736668265e-05	0.000243536762635	6.84947144912e-05	0.000102742071737	5.70789287427e-05	2.66368334132e-05	0.000125573643234	0.000102742071737	0	4.1857881078e-05	0	0	0	8.37157621559e-05	0.00889289709811	0.00455489851366	0.0200347039887	0.00577258232684	0.000163626262396	0.00106927859845	0.000110352595569	0.00012937890515	3.42473572456e-05	6.84947144912e-05	5.70789287427e-05	3.04420953294e-05	2.28315714971e-05	7.61052383236e-06
0	0	3.80526191618e-06	0	0	0	0	3.80526191618e-06	0	3.04420953294e-05	0	0	0	0	0	0	3.80526191618e-06	0	0	0	0	3.80526191618e-06	1.52210476647e-05	7.61052383236e-06	1.52210476647e-05	0	0	0	0	3.80526191618e-06	7.61052383236e-06	0	0	0	0	0.00842865514433	0	1.52210476647e-05	0	1.90263095809e-05	0	0.000498489311019	0.00217280455414	0.000654505049583	0.000136989428982	0.000300615691378	3.80526191618e-06	1.14157857485e-05	0	0.00332960417666	0.000273978857965	3.42473572456e-05	7.61052383236e-06	0	3.80526191618e-06	2.28315714971e-05	0.000186457833893	4.94684049103e-05	6.84947144912e-05	0.00046804721569	0	7.61052383236e-06	0	0.000334863048624	0.00248483603126	0.000791494478565	0	0	0.00017884731006	0.000270173596049	7.61052383236e-06	0	0	0	0	0	0	0.000224510453054	7.61052383236e-06	0.000125573643234	5.32736668265e-05	0.00059742612084	4.1857881078e-05	0
0	0.00299474112803	0.00100458914587	0	0	0	0	0	0	3.80526191618e-06	0	0.000102742071737	0	5.32736668265e-05	7.61052383236e-06	0	1.52210476647e-05	0.000350084096288	3.80526191618e-06	0.000159821000479	0	3.80526191618e-05	0.000235926238803	0.000159821000479	0	0.000102742071737	0.00127095748	0.00174280995761	0	1.14157857485e-05	3.80526191618e-06	3.80526191618e-06	0	0	0.00017884731006	0	0.016613773526	0.00219183086372	0	0	0	1.52210476647e-05	1.52210476647e-05	1.14157857485e-05	4.94684049103e-05	0	0.000787689216649	0	0.000422384072696	7.61052383236e-06	3.80526191618e-06	0.000235926238803	0.00197873619641	0.000194068357725	0.00138511533749	0	0.000232120976887	0.00213475193498	0.000753441859403	3.80526191618e-05	0.00274739910348	0.00229076767354	0.00854661826374	3.42473572456e-05	1.52210476647e-05	5.70789287427e-05	7.61052383236e-06	0	3.80526191618e-06	0.00139272586132	7.22999764074e-05	0.000224510453054	0.00012937890515	3.42473572456e-05	0	0	3.80526191618e-06	0.000254952548384	0.000688752406828	0.000848573407308	0.000300615691378	3.04420953294e-05	3.80526191618e-05	2.28315714971e-05
3.80526191618e-06	0.000696362930661	0.000456631429941	0	0	0	0	0	0	1.52210476647e-05	0	1.14157857485e-05	3.80526191618e-06	7.61052383236e-06	3.80526191618e-06	0	1.90263095809e-05	0.000121768381318	0	1.52210476647e-05	0	1.52210476647e-05	0.00020928940539	7.61052383236e-05	3.80526191618e-06	7.61052383236e-06	0.000239731500719	0.000574594549343	7.61052383236e-06	1.14157857485e-05	1.14157857485e-05	0	0	7.61052383236e-06	6.08841906588e-05	1.52210476647e-05	0.00219183086372	0.0276300067734	0	0	0	3.42473572456e-05	7.22999764074e-05	1.52210476647e-05	6.08841906588e-05	1.14157857485e-05	0.000456631429941	3.80526191618e-06	4.56631429941e-05	1.14157857485e-05	2.66368334132e-05	0.00108069438419	0.00897280759835	7.61052383236e-05	0.00141555743282	0	0.00181510993402	0.00146502583773	0.00617594008996	0.000102742071737	9.89368098206e-05	0.0040449934169	0.00925820224206	0.000312031477127	9.89368098206e-05	0.000445215644193	0	0	1.90263095809e-05	0.00449020906109	2.28315714971e-05	6.08841906588e-05	3.04420953294e-05	1.52210476647e-05	0	0	0	0.00105025228887	0.00124432064659	0.00261421493641	0.00103883650312	0.000220705191138	0.000190263095809	4.94684049103e-05
0	0	0	0	0	0	0	0	0	0	0	0	0	0	0	0	0	0	0	0	0	0	0	0	0	0	0	0	0	0	0	0	0	0	0	0	0	0	0	0	0	0	0	0	0	0	0	0	0	0	0	0	0	0	0	0	0	0	0	0	0	0	0	0	0	0	0	0	0	0	0	0	0	0	0	0	0	0	0	0	0	0	0	0
0	0	0	0	0.000993173360122	0	0	7.61052383236e-06	0	3.80526191618e-05	3.42473572456e-05	0	3.80526191618e-06	0	0	0	3.80526191618e-06	0	0	0	1.14157857485e-05	3.80526191618e-06	7.61052383236e-06	3.80526191618e-06	0.000190263095809	0	0	0	2.66368334132e-05	3.80526191618e-06	3.80526191618e-06	0	0	0	0	1.90263095809e-05	0	0	0	0.0125649748472	0	0.000460436691858	0.000605036644672	8.37157621559e-05	0.000323447262875	0.00289580431821	3.80526191618e-06	0.0010121996697	0	4.94684049103e-05	1.52210476647e-05	0	0	0	0	0.00687610828253	1.52210476647e-05	2.66368334132e-05	0	0.00340190415306	0	0	0	0.00218422033989	1.14157857485e-05	3.04420953294e-05	0	0	0	1.14157857485e-05	0	0	0	0	0	0	0	7.61052383236e-06	0	7.61052383236e-06	3.80526191618e-06	2.66368334132e-05	3.80526191618e-06	0
0	0	0	0	0	0	0	0	0	0	0	0	0	0	0	0	0	0	0	0	0	0	0	0	0	0	0	0	0	0	0	0	0	0	0	0	0	0	0	0	0.00414773548863	0.00273978857965	3.80526191618e-06	0.000901847074134	0	3.80526191618e-06	4.1857881078e-05	0	3.80526191618e-06	0.000171236786228	0.000802910264313	0	0	0	0	0	0	0	0	0	3.80526191618e-06	0	0	0	4.94684049103e-05	3.80526191618e-06	0	7.22999764074e-05	0	4.56631429941e-05	0	0	0	0	0	0	0	1.90263095809e-05	0	5.32736668265e-05	1.90263095809e-05	0.00041857881078	0.000730610287906	0
0	0	7.61052383236e-06	0	7.61052383236e-06	0	3.80526191618e-06	7.61052383236e-06	3.80526191618e-06	3.04420953294e-05	3.80526191618e-06	0	1.14157857485e-05	0	0	0	7.61052383236e-06	3.80526191618e-06	0	0	0	3.80526191618e-06	3.42473572456e-05	2.28315714971e-05	2.28315714971e-05	0	0	1.14157857485e-05	1.52210476647e-05	3.80526191618e-06	7.61052383236e-06	0	0	0	1.14157857485e-05	0.000498489311019	1.52210476647e-05	3.42473572456e-05	0	0.000460436691858	0.00273978857965	0.049072657671	0.00384331453534	0.0210469036584	0.000342473572456	0.0144752163291	0.000574594549343	0.0062558505902	2.28315714971e-05	0.00504577730085	0.00626726637594	8.75210240721e-05	3.42473572456e-05	7.61052383236e-06	2.28315714971e-05	0.00186457833893	0.00012937890515	7.22999764074e-05	9.89368098206e-05	0.00191785200575	1.14157857485e-05	3.04420953294e-05	3.80526191618e-05	0.00152591002839	0.00114157857485	0.000342473572456	0	0.000262563072216	5.70789287427e-05	0.000939899693296	1.14157857485e-05	0	0	0	3.80526191618e-06	0	0	0.00080671552623	0.000102742071737	0.00113777331294	0.000429994596528	0.00561656658828	0.00214997298264	2.28315714971e-05
