0.0182350831041	4.27051126561e-06	2.56230675937e-05	0	0.000179361473156	4.27051126561e-06	0.0027075041424	0.00624775798159	0.00501358022582	0.000226337097077	0.000760151005278	8.54102253122e-06	0.00110179190653	0	0.00599579781691	8.54102253122e-05	5.55166464529e-05	3.84346013905e-05	0	8.54102253122e-06	0.000909618899575	0.000294665277327	7.6869202781e-05	0.000290394766061	0.000589330554654	4.27051126561e-06	4.27051126561e-06	2.1352556328e-05	0.00146905587537	0.00722143455014	0.00355306537299	0	2.1352556328e-05	0.00209682103141	0.00217369023419	0	0	0	0	4.27051126561e-06	0	4.27051126561e-06	8.54102253122e-06	4.27051126561e-06	5.97871577185e-05	0	0	4.27051126561e-06	0	0	0	0	0	0	0	0	0	8.54102253122e-06	0	4.69756239217e-05	0	0	0	1.28115337968e-05	0	0	0	0	0	0	0.000503920329342	5.55166464529e-05	0.000802856117934	0.000264771698468	0.000200714029484	4.69756239217e-05	1.28115337968e-05	8.54102253122e-06	0	0	0	0	0	0
4.27051126561e-06	0.0139261372372	0.00219931330179	0	0	0	0	8.54102253122e-06	0	2.98935788593e-05	0	0.00024341914214	0	6.40576689841e-05	8.54102253122e-06	0	0.000111033292906	0.0012170957107	2.98935788593e-05	0.000721716403888	0	0.000153738405562	0.0016142532584	0.000824208674262	1.28115337968e-05	0.000866913786919	0.00515450709759	0.00803710220188	1.70820450624e-05	3.41640901249e-05	7.25986915153e-05	1.70820450624e-05	0	1.28115337968e-05	0.000892536854512	0	0.00197724671598	0.000328829367452	0	0	0	0	4.27051126561e-06	4.27051126561e-06	0	4.27051126561e-06	0.000102492270375	0	2.98935788593e-05	0	0	5.97871577185e-05	0.000140926871765	4.27051126561e-06	0.000170820450624	0	5.12461351873e-05	0.000251960164671	0.000209255052015	4.27051126561e-06	0.000328829367452	0.000478297261748	0.00100784065868	1.28115337968e-05	0	2.1352556328e-05	0	0	0	0.000119574315437	0.000384346013905	0.000691822825029	0.000576519020857	0.000226337097077	2.98935788593e-05	1.70820450624e-05	1.70820450624e-05	7.25986915153e-05	0.000486838284279	0.000102492270375	5.12461351873e-05	4.27051126561e-06	0	2.1352556328e-05
2.56230675937e-05	0.00219931330179	0.0335363249688	0	0	1.70820450624e-05	8.54102253122e-06	6.83281802497e-05	1.28115337968e-05	0.00010676278164	0	0.000102492270375	4.27051126561e-06	3.84346013905e-05	5.12461351873e-05	8.11397140466e-05	0.000892536854512	0.0057993542987	1.70820450624e-05	0.000811397140466	0	0.00199432876104	0.00184486086674	0.0167574862062	0.000145197383031	1.70820450624e-05	0.00737090244444	0.0122093917084	0.000273312720999	0.000230607608343	0.00076869202781	0	4.27051126561e-06	0.000119574315437	0.00407406774739	0	0.000649117712373	9.39512478434e-05	0	1.28115337968e-05	0	0	8.54102253122e-06	8.54102253122e-06	2.1352556328e-05	4.27051126561e-06	4.27051126561e-06	4.27051126561e-06	0	4.27051126561e-06	0	5.12461351873e-05	4.69756239217e-05	0	1.70820450624e-05	4.27051126561e-06	5.12461351873e-05	0.00028185374353	0.000128115337968	1.70820450624e-05	8.54102253122e-06	4.69756239217e-05	0.000260501187202	2.1352556328e-05	0	2.1352556328e-05	0	0	0	3.84346013905e-05	0.00280999641277	0.00241283886507	0.00375377940247	0.00152457252182	0.00021352556328	0.000196443518218	4.69756239217e-05	0.000162279428093	9.8221759109e-05	5.12461351873e-05	2.98935788593e-05	4.27051126561e-06	0	1.28115337968e-05
0	0	0	0	0	0	0	0	0	0	0	0	0	0	0	0	0	0	0	0	0	0	0	0	0	0	0	0	0	0	0	0	0	0	0	0	0	0	0	0	0	0	0	0	0	0	0	0	0	0	0	0	0	0	0	0	0	0	0	0	0	0	0	0	0	0	0	0	0	0	0	0	0	0	0	0	0	0	0	0	0	0	0	0
0.000179361473156	0	0	0	0.0162535658769	0	0.00035018192378	0.00225055943698	9.8221759109e-05	0.000354452435046	0.00108470986146	0	0.00201568131737	0	0.000102492270375	8.54102253122e-06	4.27051126561e-06	0	0	0	0.00457371756547	0	8.54102253122e-06	0	0.00690114620522	0	0	0	0.00392887036436	0.000123844826703	6.83281802497e-05	0	0	6.40576689841e-05	5.55166464529e-05	0	0	0	0	0.00231888761723	0	9.8221759109e-05	4.69756239217e-05	2.98935788593e-05	1.70820450624e-05	0.0014904084317	0	0.0014904084317	0	1.70820450624e-05	0	0	0	0	0	0.00288259510429	0	0	0	0.000128115337968	0	0	0	0.000192173006952	0	0	0	0	0	0	1.28115337968e-05	0	1.70820450624e-05	1.28115337968e-05	1.28115337968e-05	0	0	4.27051126561e-06	0	0	0	8.54102253122e-06	0	0
4.27051126561e-06	0	1.70820450624e-05	0	0	0.0063203566731	0.0029551937958	0	0.000862643275653	4.27051126561e-06	0	8.54102253122e-06	0	4.27051126561e-06	0.00091388941084	0.0012299072445	8.54102253122e-06	1.70820450624e-05	0	1.28115337968e-05	0	4.27051126561e-06	4.27051126561e-06	2.98935788593e-05	4.27051126561e-06	0	1.28115337968e-05	4.27051126561e-06	4.27051126561e-06	0.000790044584138	1.28115337968e-05	0	0.00197297620471	1.28115337968e-05	0.000555166464529	0	0	0	0	0	0	0	0	0	0	0	4.27051126561e-06	0	0	0	0	0	4.27051126561e-06	0	0	0	4.27051126561e-06	0	8.54102253122e-06	0	0	0	4.27051126561e-06	0	0	0	0	0	0	4.27051126561e-06	9.8221759109e-05	3.41640901249e-05	0.000179361473156	0.000123844826703	0.000845561230591	0.000661929246169	4.27051126561e-06	2.56230675937e-05	1.70820450624e-05	1.70820450624e-05	2.1352556328e-05	8.54102253122e-06	0	4.27051126561e-06
0.0027075041424	0	8.54102253122e-06	0	0.00035018192378	0.0029551937958	0.0340402452982	0.00525699936796	0.00998445533899	0.000277583232265	0.00648263610119	4.27051126561e-05	0.00436019200219	4.27051126561e-06	0.00341213850122	0.00219931330179	1.28115337968e-05	8.54102253122e-06	0	4.27051126561e-06	0.00275875027758	2.98935788593e-05	3.41640901249e-05	3.41640901249e-05	0.000572248509592	4.27051126561e-06	8.54102253122e-06	8.54102253122e-06	0.000734527937685	0.00254949522557	0.000341640901249	0	0.00191318904699	0.000328829367452	0.00131531746981	4.27051126561e-06	0	0	0	0	0	0	4.27051126561e-06	0	1.28115337968e-05	0	0	0	0	4.27051126561e-06	0	0	0	0	0	0	0	0	0	1.28115337968e-05	0	0	0	0	0	0	0	0	0	4.27051126561e-06	0.000136656360499	2.1352556328e-05	0.000461215216686	0.00017509096189	0.00125553031209	0.000286124254796	4.27051126561e-06	8.54102253122e-06	0	4.27051126561e-06	0	0	0	0
0.00624775798159	8.54102253122e-06	6.83281802497e-05	0	0.00225055943698	0	0.00525699936796	0.0456389538956	0.00346765514767	0.00134521104867	0.00793888044277	1.70820450624e-05	0.00312601424643	0	0.00225055943698	0.00010676278164	0.000311747322389	7.25986915153e-05	0	4.27051126561e-06	0.00532959805948	0.000832749696794	0.000277583232265	0.00063203566731	0.00539365572846	0	2.1352556328e-05	5.97871577185e-05	0.0174279564749	0.00459507012179	0.00960865034762	0	1.28115337968e-05	0.00196870569345	0.00194308262585	8.54102253122e-06	0	0	0	8.54102253122e-05	0	4.27051126561e-06	5.97871577185e-05	4.27051126561e-06	0.000486838284279	8.54102253122e-06	0	3.41640901249e-05	0	8.54102253122e-06	0	4.27051126561e-06	0	0	0	2.98935788593e-05	4.27051126561e-06	4.27051126561e-05	8.54102253122e-06	0.000298935788593	0	0	4.27051126561e-06	0.000102492270375	0	1.70820450624e-05	0	0	0	4.27051126561e-06	0.000474026750483	5.55166464529e-05	0.000691822825029	0.000256230675937	0.000204984540749	2.56230675937e-05	8.54102253122e-06	4.27051126561e-06	4.27051126561e-06	4.27051126561e-06	4.27051126561e-06	4.27051126561e-06	0	0
0.00501358022582	0	1.28115337968e-05	0	9.8221759109e-05	0.000862643275653	0.00998445533899	0.00346765514767	0.0282323499769	0.000102492270375	0.0010804393502	5.12461351873e-05	0.00118293162057	0	0.0139261372372	0.000333099878717	0	2.1352556328e-05	0	8.54102253122e-06	0.000696093336294	6.83281802497e-05	2.56230675937e-05	8.54102253122e-05	0.000273312720999	4.27051126561e-06	1.70820450624e-05	1.28115337968e-05	0.000401428058967	0.00631608616184	0.000644847201107	0	0.00168685194992	0.000597871577185	0.00245554397773	0	0	0	0	4.27051126561e-06	0	0	4.27051126561e-06	0	1.28115337968e-05	0	0	0	0	0	0	0	0	0	0	0	0	0	0	1.28115337968e-05	0	0	0	0	0	0	0	0	0	4.27051126561e-06	0.000204984540749	4.69756239217e-05	0.000824208674262	0.000303206299858	0.00038861652517	0.000307476811124	2.1352556328e-05	4.27051126561e-06	0	0	0	0	0	0
0.000226337097077	2.98935788593e-05	0.00010676278164	0	0.000354452435046	4.27051126561e-06	0.000277583232265	0.00134521104867	0.000102492270375	0.0158307852616	0.000132385849234	8.54102253122e-06	0.002942382262	0	7.25986915153e-05	0.000333099878717	0.000909618899575	4.69756239217e-05	0	4.27051126561e-06	0.000790044584138	0.000627765156044	0.00300216941972	0.000755880494013	0.00541927879606	4.27051126561e-06	1.28115337968e-05	0.000166549939359	0.00267334005227	0.000606412599716	0.00152030201056	0	0	0.000448403682889	0.000990758613621	1.70820450624e-05	8.54102253122e-06	8.54102253122e-06	0	0.000269042209733	0	2.98935788593e-05	0.000222066585812	2.56230675937e-05	0.00173382757384	5.55166464529e-05	0	0.000115303804171	0	2.56230675937e-05	0	6.40576689841e-05	0	0	0	5.55166464529e-05	3.41640901249e-05	0.000533813908201	3.84346013905e-05	0.00098221759109	0	0	8.54102253122e-06	0.000290394766061	8.54102253122e-06	6.40576689841e-05	0	0	0	4.27051126561e-05	0.000580789532123	5.97871577185e-05	0.000277583232265	5.97871577185e-05	0.000538084419467	8.54102253122e-06	0	4.69756239217e-05	8.54102253122e-06	2.1352556328e-05	1.70820450624e-05	4.27051126561e-05	0	0
0.000760151005278	0	0	0	0.00108470986146	0	0.00648263610119	0.00793888044277	0.0010804393502	0.000132385849234	0.0219675099503	0	0.0028441605029	0	0.000435592149092	3.41640901249e-05	1.70820450624e-05	0	0	0	0.00480859568508	1.70820450624e-05	1.28115337968e-05	8.54102253122e-06	0.000802856117934	0	0	4.27051126561e-06	0.00264771698468	0.000328829367452	0.000162279428093	0	0	0.000102492270375	0.000115303804171	0	0	0	0	0.000196443518218	0	1.28115337968e-05	8.54102253122e-06	4.27051126561e-06	1.28115337968e-05	0.00021352556328	0	0.000204984540749	0	0	0	0	0	0	0	0.000486838284279	0	0	0	2.1352556328e-05	0	0	0	1.70820450624e-05	0	0	0	0	0	0	4.69756239217e-05	4.27051126561e-06	4.69756239217e-05	1.28115337968e-05	2.56230675937e-05	4.27051126561e-06	0	4.27051126561e-06	0	0	0	8.54102253122e-06	0	0
8.54102253122e-06	0.00024341914214	0.000102492270375	0	0	8.54102253122e-06	4.27051126561e-05	1.70820450624e-05	5.12461351873e-05	8.54102253122e-06	0	0.0295818315369	0	0.00747339471482	0.000145197383031	1.28115337968e-05	2.1352556328e-05	0.000461215216686	0.00424061768675	0.0026818810748	0	2.98935788593e-05	8.54102253122e-06	0.000128115337968	4.27051126561e-06	0.00524845834543	0.00843425974958	0.0024213798876	8.54102253122e-06	0.000324558856186	4.27051126561e-05	0.000465485727951	5.55166464529e-05	2.98935788593e-05	0.00423634717548	0	6.40576689841e-05	1.28115337968e-05	0	4.27051126561e-06	0	0	4.27051126561e-06	0	4.27051126561e-06	0	0.000222066585812	0	0.000132385849234	0	0	4.27051126561e-06	1.28115337968e-05	8.54102253122e-06	6.40576689841e-05	0	0	4.27051126561e-06	4.27051126561e-06	4.27051126561e-06	0.000311747322389	0.000192173006952	9.8221759109e-05	4.27051126561e-06	0	0	4.27051126561e-06	0	0	4.27051126561e-05	0.000392887036436	0.00228899403837	0.00283988999163	0.000627765156044	1.28115337968e-05	5.55166464529e-05	0.00076869202781	1.70820450624e-05	0.000529543396935	4.69756239217e-05	0	0	0	0.00021352556328
0.00110179190653	0	4.27051126561e-06	0	0.00201568131737	0	0.00436019200219	0.00312601424643	0.00118293162057	0.002942382262	0.0028441605029	0	0.0284714986078	0	0.000465485727951	0.00125553031209	4.27051126561e-06	0	0	0	0.0121154404605	2.56230675937e-05	4.27051126561e-06	2.1352556328e-05	0.00268615158607	0	0	4.27051126561e-06	0.000922430433371	0.000414239592764	0.000128115337968	0	0	0.000102492270375	0.000162279428093	0	0	0	0	1.28115337968e-05	0	8.54102253122e-05	1.28115337968e-05	8.54102253122e-06	4.27051126561e-06	0.000405698570233	0	0.00248970806785	0	0	0	0	0	0	0	0.000973676568559	4.27051126561e-06	0	0	8.54102253122e-06	0	0	0	4.27051126561e-06	0	0	0	0	0	0	9.39512478434e-05	4.27051126561e-06	5.55166464529e-05	2.56230675937e-05	0.000849831741856	0	0	0	0	0	0	0	0	0
0	6.40576689841e-05	3.84346013905e-05	0	0	4.27051126561e-06	4.27051126561e-06	0	0	0	0	0.00747339471482	0	0.0147375343776	8.54102253122e-06	4.27051126561e-06	8.54102253122e-06	5.12461351873e-05	0.00028185374353	0.000196443518218	0	1.70820450624e-05	8.54102253122e-06	5.12461351873e-05	4.27051126561e-06	0.00387762422917	0.0038861652517	0.00204130438496	4.27051126561e-06	2.98935788593e-05	8.54102253122e-06	0.00116157906425	0	1.28115337968e-05	0.000516731863139	4.27051126561e-06	8.54102253122e-06	4.27051126561e-06	0	0	4.27051126561e-06	8.54102253122e-06	4.27051126561e-06	8.54102253122e-06	0	0	0.000200714029484	0	8.11397140466e-05	0	0	8.54102253122e-06	8.54102253122e-06	0	3.41640901249e-05	0	1.28115337968e-05	0	3.41640901249e-05	0	0.000162279428093	7.6869202781e-05	4.69756239217e-05	4.27051126561e-06	0	1.28115337968e-05	4.27051126561e-06	4.27051126561e-06	0	4.69756239217e-05	0.000320288344921	0.000717445892622	0.000892536854512	0.000448403682889	4.27051126561e-06	4.69756239217e-05	0.000572248509592	0.000316017833655	0.000328829367452	0.000247689653405	0.000345911412514	2.1352556328e-05	3.41640901249e-05	0.000341640901249
0.00599579781691	8.54102253122e-06	5.12461351873e-05	0	0.000102492270375	0.00091388941084	0.00341213850122	0.00225055943698	0.0139261372372	7.25986915153e-05	0.000435592149092	0.000145197383031	0.000465485727951	8.54102253122e-06	0.0306708119096	0.00024341914214	2.98935788593e-05	4.27051126561e-05	0	2.56230675937e-05	0.000333099878717	8.96807365778e-05	3.41640901249e-05	0.000170820450624	0.000170820450624	4.27051126561e-06	3.84346013905e-05	4.27051126561e-05	0.000345911412514	0.0162450248544	0.000777233050341	0	0.00245554397773	0.00124698928956	0.00521002374404	0	0	0	0	4.27051126561e-06	0	0	4.27051126561e-06	0	2.1352556328e-05	0	0	0	0	0	0	0	0	0	0	0	0	8.54102253122e-06	0	1.70820450624e-05	0	0	0	4.27051126561e-06	0	0	0	0	0	0	0.000559436975795	8.54102253122e-05	0.00191745955826	0.000772962539075	0.000358722946311	0.000499649818076	4.69756239217e-05	8.54102253122e-06	0	0	0	0	0	0
8.54102253122e-05	0	8.11397140466e-05	0	8.54102253122e-06	0.0012299072445	0.00219931330179	0.00010676278164	0.000333099878717	0.000333099878717	3.41640901249e-05	1.28115337968e-05	0.00125553031209	4.27051126561e-06	0.00024341914214	0.00718727046002	1.70820450624e-05	7.6869202781e-05	0	2.1352556328e-05	0.00010676278164	3.41640901249e-05	2.56230675937e-05	0.000140926871765	5.12461351873e-05	0	2.98935788593e-05	6.83281802497e-05	4.27051126561e-06	0.000234878119608	4.69756239217e-05	0	4.69756239217e-05	6.40576689841e-05	0.000414239592764	0	0	1.28115337968e-05	0	0	0	0	4.27051126561e-06	0	0	0	8.54102253122e-06	0	0	0	1.28115337968e-05	8.54102253122e-06	1.28115337968e-05	0	0	0	2.56230675937e-05	0	2.98935788593e-05	4.27051126561e-06	0	0	8.54102253122e-06	8.54102253122e-06	0	8.54102253122e-06	0	0	0	2.98935788593e-05	0.000708904870091	0.000123844826703	0.000482567773014	0.000307476811124	0.00284843101416	8.11397140466e-05	4.27051126561e-06	0.000102492270375	4.27051126561e-05	5.55166464529e-05	5.12461351873e-05	2.56230675937e-05	4.27051126561e-06	8.54102253122e-06
5.55166464529e-05	0.000111033292906	0.000892536854512	0	4.27051126561e-06	8.54102253122e-06	1.28115337968e-05	0.000311747322389	0	0.000909618899575	1.70820450624e-05	2.1352556328e-05	4.27051126561e-06	8.54102253122e-06	2.98935788593e-05	1.70820450624e-05	0.0192557352966	0.000170820450624	0	1.70820450624e-05	0	0.00475734954989	0.00393314087563	0.00781930612733	0.00471037392597	0	9.39512478434e-05	0.00459507012179	0.00353171281666	0.000341640901249	0.00134521104867	0	0	0.000277583232265	0.00140926871765	0	1.28115337968e-05	0	0	8.54102253122e-06	0	4.27051126561e-06	2.1352556328e-05	4.27051126561e-06	0.00010676278164	4.27051126561e-06	0	0	0	0	0	0.000140926871765	0	0	0	8.54102253122e-06	2.56230675937e-05	0.000149467894296	2.56230675937e-05	7.25986915153e-05	0	0	4.27051126561e-06	3.41640901249e-05	0	1.70820450624e-05	0	0	0	1.28115337968e-05	0.000939512478434	0.00035018192378	0.000802856117934	0.000320288344921	7.25986915153e-05	5.12461351873e-05	1.28115337968e-05	2.1352556328e-05	4.27051126561e-06	8.54102253122e-06	4.27051126561e-06	4.27051126561e-06	0	0
3.84346013905e-05	0.0012170957107	0.0057993542987	0	0	1.70820450624e-05	8.54102253122e-06	7.25986915153e-05	2.1352556328e-05	4.69756239217e-05	0	0.000461215216686	0	5.12461351873e-05	4.27051126561e-05	7.6869202781e-05	0.000170820450624	0.0274593874379	8.11397140466e-05	0.00822500469756	0	0.00204130438496	0.000409969081498	0.00890401598879	4.27051126561e-05	0.000136656360499	0.0102321449924	0.00365555764336	9.8221759109e-05	0.000149467894296	0.000619224133513	4.27051126561e-06	4.27051126561e-06	7.6869202781e-05	0.00782784714986	0	0.000367263968842	5.12461351873e-05	0	0	0	0	0	0	4.27051126561e-06	0	8.54102253122e-06	0	4.27051126561e-06	0	0	8.54102253122e-06	2.56230675937e-05	0	3.41640901249e-05	0	2.56230675937e-05	4.69756239217e-05	3.41640901249e-05	0	4.69756239217e-05	9.8221759109e-05	0.000149467894296	0	0	8.54102253122e-06	0	0	0	2.1352556328e-05	0.00227618250457	0.00266479902974	0.00421499461916	0.00159290070207	0.000183631984421	0.000204984540749	7.6869202781e-05	0.000145197383031	0.000115303804171	4.27051126561e-05	1.28115337968e-05	4.27051126561e-06	0	0
0	2.98935788593e-05	1.70820450624e-05	0	0	0	0	0	0	0	0	0.00424061768675	0	0.00028185374353	0	0	0	8.11397140466e-05	0.0067175142208	0.00199005824977	0	4.27051126561e-06	0	8.54102253122e-06	0	0.000503920329342	0.00283988999163	0.000555166464529	0	4.27051126561e-06	0	1.70820450624e-05	0	0	0.000230607608343	0	8.54102253122e-06	0	0	0	0	0	0	0	0	0	2.1352556328e-05	0	1.70820450624e-05	0	0	0	0	0	4.27051126561e-06	0	0	0	4.27051126561e-06	0	5.12461351873e-05	1.70820450624e-05	2.98935788593e-05	0	0	0	0	0	0	8.54102253122e-06	2.1352556328e-05	0.000217796074546	0.000153738405562	3.84346013905e-05	0	0	2.1352556328e-05	0	6.40576689841e-05	4.27051126561e-06	0	0	0	2.56230675937e-05
8.54102253122e-06	0.000721716403888	0.000811397140466	0	0	1.28115337968e-05	4.27051126561e-06	4.27051126561e-06	8.54102253122e-06	4.27051126561e-06	0	0.0026818810748	0	0.000196443518218	2.56230675937e-05	2.1352556328e-05	1.70820450624e-05	0.00822500469756	0.00199005824977	0.0188244136588	0	0.000200714029484	7.25986915153e-05	0.000815667651731	1.28115337968e-05	0.000491108795545	0.0107189832767	0.00229326454963	1.28115337968e-05	4.69756239217e-05	8.54102253122e-05	4.27051126561e-06	4.27051126561e-06	2.98935788593e-05	0.00599579781691	0	0.00024341914214	3.84346013905e-05	0	0	0	0	0	0	0	0	2.56230675937e-05	0	1.70820450624e-05	0	0	1.28115337968e-05	2.56230675937e-05	0	2.98935788593e-05	0	0	1.70820450624e-05	8.54102253122e-06	0	9.8221759109e-05	0.000115303804171	0.000145197383031	0	0	0	0	0	0	1.70820450624e-05	0.0010804393502	0.00207973898635	0.00247689653405	0.000995029124887	7.6869202781e-05	8.96807365778e-05	0.000102492270375	9.8221759109e-05	0.00010676278164	3.41640901249e-05	8.54102253122e-06	0	0	4.27051126561e-06
0.000909618899575	0	0	0	0.00457371756547	0	0.00275875027758	0.00532959805948	0.000696093336294	0.000790044584138	0.00480859568508	0	0.0121154404605	0	0.000333099878717	0.00010676278164	0	0	0	0	0.0219504279052	1.28115337968e-05	4.27051126561e-06	4.27051126561e-06	0.00316871935908	0	0	0	0.00275447976632	0.000354452435046	0.000166549939359	0	0	0.000136656360499	0.000149467894296	0	0	0	0	5.55166464529e-05	0	0	8.54102253122e-06	0	3.41640901249e-05	5.55166464529e-05	0	7.6869202781e-05	0	0	0	0	0	0	0	9.39512478434e-05	4.27051126561e-06	0	0	2.56230675937e-05	0	0	0	1.28115337968e-05	0	0	0	0	0	0	4.69756239217e-05	8.54102253122e-06	6.83281802497e-05	3.41640901249e-05	5.97871577185e-05	0	0	0	0	0	0	4.27051126561e-06	0	0
0.000294665277327	0.000153738405562	0.00199432876104	0	0	4.27051126561e-06	2.98935788593e-05	0.000832749696794	6.83281802497e-05	0.000627765156044	1.70820450624e-05	2.98935788593e-05	2.56230675937e-05	1.70820450624e-05	8.96807365778e-05	3.41640901249e-05	0.00475734954989	0.00204130438496	4.27051126561e-06	0.000200714029484	1.28115337968e-05	0.0444090466511	0.00133239951487	0.0253369433389	0.00286551305922	8.54102253122e-06	0.000469756239217	0.00122563673323	0.00680719495738	0.00240429784254	0.0137980218992	0	4.27051126561e-06	0.00149467894296	0.00552177106643	0	8.54102253122e-06	0	0	2.56230675937e-05	0	0	8.54102253122e-06	0	0.00010676278164	0	0	0	0	0	0	2.56230675937e-05	4.27051126561e-06	0	0	4.27051126561e-06	1.70820450624e-05	9.39512478434e-05	2.1352556328e-05	8.11397140466e-05	0	4.27051126561e-06	8.54102253122e-06	3.41640901249e-05	0	2.98935788593e-05	0	0	0	1.28115337968e-05	0.0020114108061	0.000747339471482	0.00258792982696	0.000926700944637	0.000132385849234	0.000128115337968	2.56230675937e-05	7.25986915153e-05	8.54102253122e-06	1.28115337968e-05	4.27051126561e-06	0	0	0
7.6869202781e-05	0.0016142532584	0.00184486086674	0	8.54102253122e-06	4.27051126561e-06	3.41640901249e-05	0.000277583232265	2.56230675937e-05	0.00300216941972	1.28115337968e-05	8.54102253122e-06	4.27051126561e-06	8.54102253122e-06	3.41640901249e-05	2.56230675937e-05	0.00393314087563	0.000409969081498	0	7.25986915153e-05	4.27051126561e-06	0.00133239951487	0.0153524879999	0.00352744230539	0.00175945064143	0	0.000401428058967	0.0059103875916	0.00119574315437	0.000290394766061	0.000952324012231	0	0	0.000179361473156	0.00118293162057	4.27051126561e-06	0.000230607608343	3.41640901249e-05	0	2.98935788593e-05	0	4.27051126561e-06	7.6869202781e-05	4.27051126561e-06	0.000298935788593	4.27051126561e-06	4.27051126561e-06	8.54102253122e-06	0	4.27051126561e-06	4.27051126561e-06	0.000158008916828	2.1352556328e-05	0	4.27051126561e-06	1.70820450624e-05	7.25986915153e-05	0.000952324012231	0.000149467894296	0.000158008916828	0	1.70820450624e-05	7.6869202781e-05	9.8221759109e-05	4.27051126561e-06	7.6869202781e-05	0	0	0	7.25986915153e-05	0.000948053500965	0.000431321637826	0.000691822825029	0.000286124254796	9.39512478434e-05	4.27051126561e-05	1.70820450624e-05	7.25986915153e-05	2.56230675937e-05	4.27051126561e-05	3.41640901249e-05	3.84346013905e-05	0	0
0.000290394766061	0.000824208674262	0.0167574862062	0	0	2.98935788593e-05	3.41640901249e-05	0.00063203566731	8.54102253122e-05	0.000755880494013	8.54102253122e-06	0.000128115337968	2.1352556328e-05	5.12461351873e-05	0.000170820450624	0.000140926871765	0.00781930612733	0.00890401598879	8.54102253122e-06	0.000815667651731	4.27051126561e-06	0.0253369433389	0.00352744230539	0.0674100203276	0.00176799166396	2.1352556328e-05	0.00224201841444	0.0105268102697	0.0032285065168	0.00221639534685	0.00646128354487	0	1.28115337968e-05	0.0012170957107	0.00968124903913	0	0.000204984540749	4.27051126561e-05	0	3.41640901249e-05	0	0	3.41640901249e-05	0	0.000119574315437	0	4.27051126561e-06	4.27051126561e-06	0	0	4.27051126561e-06	8.54102253122e-05	1.70820450624e-05	0	4.27051126561e-06	8.54102253122e-06	5.97871577185e-05	0.000311747322389	9.8221759109e-05	0.000102492270375	4.27051126561e-06	1.70820450624e-05	8.96807365778e-05	5.97871577185e-05	0	3.84346013905e-05	0	0	0	3.84346013905e-05	0.00520148272151	0.00261782340582	0.00661502195043	0.00247262602279	0.000482567773014	0.000337370389983	6.83281802497e-05	0.000183631984421	6.40576689841e-05	2.56230675937e-05	1.28115337968e-05	8.54102253122e-06	0	4.27051126561e-06
0.000589330554654	1.28115337968e-05	0.000145197383031	0	0.00690114620522	4.27051126561e-06	0.000572248509592	0.00539365572846	0.000273312720999	0.00541927879606	0.000802856117934	4.27051126561e-06	0.00268615158607	4.27051126561e-06	0.000170820450624	5.12461351873e-05	0.00471037392597	4.27051126561e-05	0	1.28115337968e-05	0.00316871935908	0.00286551305922	0.00175945064143	0.00176799166396	0.0351420372047	0	2.98935788593e-05	0.000187902495687	0.0147930510241	0.00105054577134	0.00225055943698	0	0	0.000674740779966	0.00112314446286	1.70820450624e-05	0	0	0	0.000538084419467	0	1.28115337968e-05	0.00010676278164	1.70820450624e-05	0.000567977998326	3.41640901249e-05	0	5.12461351873e-05	0	2.1352556328e-05	0	1.28115337968e-05	0	0	0	2.1352556328e-05	1.70820450624e-05	0.000153738405562	1.28115337968e-05	0.00112741497412	0	0	0	0.000427051126561	4.27051126561e-06	2.98935788593e-05	0	0	0	4.27051126561e-06	0.000478297261748	9.8221759109e-05	0.000362993457577	0.000128115337968	9.39512478434e-05	4.27051126561e-06	4.27051126561e-06	3.84346013905e-05	8.54102253122e-06	1.28115337968e-05	4.27051126561e-06	2.1352556328e-05	4.27051126561e-06	0
4.27051126561e-06	0.000866913786919	1.70820450624e-05	0	0	0	4.27051126561e-06	0	4.27051126561e-06	4.27051126561e-06	0	0.00524845834543	0	0.00387762422917	4.27051126561e-06	0	0	0.000136656360499	0.000503920329342	0.000491108795545	0	8.54102253122e-06	0	2.1352556328e-05	0	0.0164670914402	0.00501785073709	0.00656804632651	0	2.1352556328e-05	8.54102253122e-06	0.000162279428093	0	4.27051126561e-06	0.000512461351873	0	0.000204984540749	8.54102253122e-06	0	0	4.27051126561e-06	4.27051126561e-06	0	4.27051126561e-06	4.27051126561e-06	0	0.000491108795545	0	0.000303206299858	0	0	8.54102253122e-06	3.84346013905e-05	2.56230675937e-05	0.00017509096189	0	4.27051126561e-06	4.27051126561e-06	4.27051126561e-06	0	0.000790044584138	0.000486838284279	0.00028185374353	0	0	0	4.27051126561e-06	4.27051126561e-06	0	5.55166464529e-05	9.39512478434e-05	0.000794315095403	0.000546625441998	0.000136656360499	0	1.28115337968e-05	0.000320288344921	5.97871577185e-05	0.00103346372628	0.000145197383031	4.27051126561e-05	8.54102253122e-06	8.54102253122e-06	0.00041851010403
4.27051126561e-06	0.00515450709759	0.00737090244444	0	0	1.28115337968e-05	8.54102253122e-06	2.1352556328e-05	1.70820450624e-05	1.28115337968e-05	0	0.00843425974958	0	0.0038861652517	3.84346013905e-05	2.98935788593e-05	9.39512478434e-05	0.0102321449924	0.00283988999163	0.0107189832767	0	0.000469756239217	0.000401428058967	0.00224201841444	2.98935788593e-05	0.00501785073709	0.0676448984472	0.0259305444048	2.1352556328e-05	0.00010676278164	0.000204984540749	0.00117439059804	1.28115337968e-05	6.83281802497e-05	0.00690541671649	0	0.00160998274713	0.000247689653405	0	0	0	4.27051126561e-06	8.54102253122e-06	4.27051126561e-06	0	0	0.000187902495687	0	0.000115303804171	0	0	2.98935788593e-05	0.00021352556328	1.28115337968e-05	0.000307476811124	0	4.27051126561e-05	9.8221759109e-05	0.000111033292906	0	0.000644847201107	0.000798585606669	0.00102065219248	1.70820450624e-05	0	1.28115337968e-05	4.27051126561e-06	0	0	0.000145197383031	0.00206692745255	0.00434738046839	0.004035633146	0.00152030201056	0.000119574315437	0.000128115337968	0.000149467894296	0.000136656360499	0.000815667651731	0.000204984540749	4.69756239217e-05	4.27051126561e-06	0	9.39512478434e-05
2.1352556328e-05	0.00803710220188	0.0122093917084	0	0	4.27051126561e-06	8.54102253122e-06	5.97871577185e-05	1.28115337968e-05	0.000166549939359	4.27051126561e-06	0.0024213798876	4.27051126561e-06	0.00204130438496	4.27051126561e-05	6.83281802497e-05	0.00459507012179	0.00365555764336	0.000555166464529	0.00229326454963	0	0.00122563673323	0.0059103875916	0.0105268102697	0.000187902495687	0.00656804632651	0.0259305444048	0.0697929656138	0.000277583232265	0.000153738405562	0.00052527288567	0.000256230675937	4.27051126561e-06	0.000115303804171	0.0038861652517	0	0.00164414683726	0.000277583232265	0	1.28115337968e-05	0	0	4.27051126561e-06	0	2.1352556328e-05	0	0.000170820450624	4.27051126561e-06	6.40576689841e-05	0	0	0.000115303804171	0.000145197383031	4.27051126561e-06	0.000209255052015	4.27051126561e-06	5.97871577185e-05	0.00045694470542	0.000187902495687	1.70820450624e-05	0.000422780615295	0.000533813908201	0.000922430433371	1.70820450624e-05	0	2.1352556328e-05	4.27051126561e-06	0	0	0.000128115337968	0.00236586324115	0.00302779248732	0.00313028475769	0.00132385849234	0.000226337097077	0.000200714029484	6.83281802497e-05	0.000145197383031	0.000614953622248	0.000153738405562	5.97871577185e-05	1.70820450624e-05	4.27051126561e-06	8.96807365778e-05
0.00146905587537	1.70820450624e-05	0.000273312720999	0	0.00392887036436	4.27051126561e-06	0.000734527937685	0.0174279564749	0.000401428058967	0.00267334005227	0.00264771698468	8.54102253122e-06	0.000922430433371	4.27051126561e-06	0.000345911412514	4.27051126561e-06	0.00353171281666	9.8221759109e-05	0	1.28115337968e-05	0.00275447976632	0.00680719495738	0.00119574315437	0.0032285065168	0.0147930510241	0	2.1352556328e-05	0.000277583232265	0.0448360977776	0.00266906954101	0.00755453442886	0	8.54102253122e-06	0.00164414683726	0.00217369023419	1.28115337968e-05	0	0	0	0.000977947079824	0	2.1352556328e-05	9.8221759109e-05	1.70820450624e-05	0.000760151005278	0.000333099878717	0	0.000256230675937	0	2.1352556328e-05	4.27051126561e-06	2.1352556328e-05	0	0	0	0.000555166464529	1.28115337968e-05	0.000132385849234	1.28115337968e-05	0.000444133171623	0	0	8.54102253122e-06	0.000170820450624	0	2.56230675937e-05	0	0	0	0	0.000751609982747	0.000166549939359	0.000683281802497	0.000222066585812	0.000132385849234	1.28115337968e-05	8.54102253122e-06	5.12461351873e-05	0	1.28115337968e-05	8.54102253122e-06	3.41640901249e-05	4.27051126561e-06	0
0.00722143455014	3.41640901249e-05	0.000230607608343	0	0.000123844826703	0.000790044584138	0.00254949522557	0.00459507012179	0.00631608616184	0.000606412599716	0.000328829367452	0.000324558856186	0.000414239592764	2.98935788593e-05	0.0162450248544	0.000234878119608	0.000341640901249	0.000149467894296	4.27051126561e-06	4.69756239217e-05	0.000354452435046	0.00240429784254	0.000290394766061	0.00221639534685	0.00105054577134	2.1352556328e-05	0.00010676278164	0.000153738405562	0.00266906954101	0.0469201072752	0.0119232674536	0	0.00205411591876	0.0118506687621	0.0139133257034	0	0	0	0	3.41640901249e-05	0	4.27051126561e-06	2.56230675937e-05	4.27051126561e-06	0.000192173006952	0	0	4.27051126561e-06	0	0	0	1.28115337968e-05	0	0	0	8.54102253122e-06	0	2.98935788593e-05	8.54102253122e-06	0.000128115337968	0	0	0	3.41640901249e-05	0	0	0	0	0	0	0.00235305170735	0.000341640901249	0.00509899045114	0.00195162364838	0.000474026750483	0.000781503561606	8.54102253122e-05	2.1352556328e-05	0	0	0	4.27051126561e-06	0	0
0.00355306537299	7.25986915153e-05	0.00076869202781	0	6.83281802497e-05	1.28115337968e-05	0.000341640901249	0.00960865034762	0.000644847201107	0.00152030201056	0.000162279428093	4.27051126561e-05	0.000128115337968	8.54102253122e-06	0.000777233050341	4.69756239217e-05	0.00134521104867	0.000619224133513	0	8.54102253122e-05	0.000166549939359	0.0137980218992	0.000952324012231	0.00646128354487	0.00225055943698	8.54102253122e-06	0.000204984540749	0.00052527288567	0.00755453442886	0.0119232674536	0.0435293213303	0	1.28115337968e-05	0.00679865393485	0.00765702669924	0	1.28115337968e-05	0	0	4.27051126561e-05	0	8.54102253122e-06	5.12461351873e-05	4.27051126561e-06	0.000345911412514	8.54102253122e-06	0	2.1352556328e-05	0	4.27051126561e-06	0	3.41640901249e-05	0	0	0	1.28115337968e-05	8.54102253122e-06	0.000102492270375	1.28115337968e-05	0.00021352556328	4.27051126561e-06	0	0	5.97871577185e-05	0	4.27051126561e-06	0	0	0	4.27051126561e-06	0.0021352556328	0.00045694470542	0.00237867477494	0.000828479185528	0.000166549939359	0.000132385849234	8.54102253122e-06	5.12461351873e-05	8.54102253122e-06	8.54102253122e-06	4.27051126561e-06	1.28115337968e-05	4.27051126561e-06	0
0	1.70820450624e-05	0	0	0	0	0	0	0	0	0	0.000465485727951	0	0.00116157906425	0	0	0	4.27051126561e-06	1.70820450624e-05	4.27051126561e-06	0	0	0	0	0	0.000162279428093	0.00117439059804	0.000256230675937	0	0	0	0.00146905587537	0	0	1.28115337968e-05	0	4.27051126561e-06	0	0	0	0	0	0	0	0	0	4.27051126561e-06	0	4.27051126561e-06	0	0	0	0	0	4.27051126561e-06	0	0	0	0	0	8.54102253122e-06	0	8.54102253122e-06	0	0	0	0	0	0	0	0	4.27051126561e-06	8.54102253122e-06	0	0	0	4.27051126561e-06	0	2.1352556328e-05	8.54102253122e-06	0	0	0	4.27051126561e-06
2.1352556328e-05	0	4.27051126561e-06	0	0	0.00197297620471	0.00191318904699	1.28115337968e-05	0.00168685194992	0	0	5.55166464529e-05	0	0	0.00245554397773	4.69756239217e-05	0	4.27051126561e-06	0	4.27051126561e-06	0	4.27051126561e-06	0	1.28115337968e-05	0	0	1.28115337968e-05	4.27051126561e-06	8.54102253122e-06	0.00205411591876	1.28115337968e-05	0	0.00569259151706	2.1352556328e-05	0.00122563673323	0	0	0	0	0	0	0	0	0	0	0	0	0	0	0	0	0	0	0	0	0	0	0	0	0	0	0	0	0	0	0	0	0	0	0	3.84346013905e-05	8.54102253122e-06	0.000222066585812	8.96807365778e-05	2.56230675937e-05	0.000478297261748	0	0	0	0	0	0	0	0
0.00209682103141	1.28115337968e-05	0.000119574315437	0	6.40576689841e-05	1.28115337968e-05	0.000328829367452	0.00196870569345	0.000597871577185	0.000448403682889	0.000102492270375	2.98935788593e-05	0.000102492270375	1.28115337968e-05	0.00124698928956	6.40576689841e-05	0.000277583232265	7.6869202781e-05	0	2.98935788593e-05	0.000136656360499	0.00149467894296	0.000179361473156	0.0012170957107	0.000674740779966	4.27051126561e-06	6.83281802497e-05	0.000115303804171	0.00164414683726	0.0118506687621	0.00679865393485	0	2.1352556328e-05	0.0151645855042	0.00782784714986	0	0	0	0	2.1352556328e-05	0	8.54102253122e-06	2.1352556328e-05	8.54102253122e-06	0.000132385849234	0	4.27051126561e-06	8.54102253122e-06	0	4.27051126561e-06	0	0	0	0	0	4.27051126561e-06	0	1.28115337968e-05	0	8.96807365778e-05	0	0	0	3.84346013905e-05	0	0	0	0	0	0	0.00201995182863	0.000230607608343	0.00264771698468	0.000909618899575	0.000196443518218	9.8221759109e-05	8.54102253122e-06	2.1352556328e-05	4.27051126561e-06	0	0	4.27051126561e-06	0	4.27051126561e-06
0.00217369023419	0.000892536854512	0.00407406774739	0	5.55166464529e-05	0.000555166464529	0.00131531746981	0.00194308262585	0.00245554397773	0.000990758613621	0.000115303804171	0.00423634717548	0.000162279428093	0.000516731863139	0.00521002374404	0.000414239592764	0.00140926871765	0.00782784714986	0.000230607608343	0.00599579781691	0.000149467894296	0.00552177106643	0.00118293162057	0.00968124903913	0.00112314446286	0.000512461351873	0.00690541671649	0.0038861652517	0.00217369023419	0.0139133257034	0.00765702669924	1.28115337968e-05	0.00122563673323	0.00782784714986	0.0563195025708	0	0.000260501187202	5.97871577185e-05	0	2.1352556328e-05	0	8.54102253122e-06	2.56230675937e-05	8.54102253122e-06	0.000226337097077	0	3.41640901249e-05	1.28115337968e-05	4.27051126561e-06	8.54102253122e-06	4.27051126561e-06	2.98935788593e-05	1.70820450624e-05	0	3.41640901249e-05	0	8.54102253122e-06	0.000102492270375	5.12461351873e-05	0.000132385849234	6.40576689841e-05	8.11397140466e-05	0.000149467894296	4.27051126561e-05	0	8.54102253122e-06	0	0	0	3.41640901249e-05	0.0115688150185	0.00589757605781	0.0246408500026	0.0094250183632	0.00103346372628	0.00172101604004	0.00056370748706	0.000354452435046	0.000140926871765	8.96807365778e-05	8.96807365778e-05	2.56230675937e-05	1.28115337968e-05	3.41640901249e-05
0	0	0	0	0	0	4.27051126561e-06	8.54102253122e-06	0	1.70820450624e-05	0	0	0	4.27051126561e-06	0	0	0	0	0	0	0	0	4.27051126561e-06	0	1.70820450624e-05	0	0	0	1.28115337968e-05	0	0	0	0	0	0	0.0128200748194	8.54102253122e-06	1.28115337968e-05	0	0.000217796074546	1.28115337968e-05	0.000683281802497	0.00445414325003	0.00110606241779	0.000239148630874	0.000247689653405	1.70820450624e-05	0.0008071266292	0	0.00362993457577	9.39512478434e-05	3.41640901249e-05	4.27051126561e-06	0	8.54102253122e-06	0.000307476811124	7.6869202781e-05	8.54102253122e-05	8.11397140466e-05	0.00102492270375	4.27051126561e-06	1.28115337968e-05	1.70820450624e-05	0.000589330554654	0.00411250234878	0.000538084419467	0	0	0.000226337097077	0.000320288344921	1.28115337968e-05	4.27051126561e-06	0	0	4.27051126561e-06	0	0	0.000491108795545	8.54102253122e-05	0.000324558856186	0.000158008916828	0.00102065219248	5.12461351873e-05	8.54102253122e-06
0	0.00197724671598	0.000649117712373	0	0	0	0	0	0	8.54102253122e-06	0	6.40576689841e-05	0	8.54102253122e-06	0	0	1.28115337968e-05	0.000367263968842	8.54102253122e-06	0.00024341914214	0	8.54102253122e-06	0.000230607608343	0.000204984540749	0	0.000204984540749	0.00160998274713	0.00164414683726	0	0	1.28115337968e-05	4.27051126561e-06	0	0	0.000260501187202	8.54102253122e-06	0.0144172460327	0.0013281290036	0	0	1.28115337968e-05	8.54102253122e-06	3.84346013905e-05	1.70820450624e-05	3.84346013905e-05	4.27051126561e-06	0.000222066585812	0	0.000136656360499	4.27051126561e-06	4.27051126561e-06	0.000491108795545	0.00087545480945	1.28115337968e-05	0.00070036384756	0	0.00038861652517	0.00239575682001	0.0012299072445	4.27051126561e-05	0.00166976990485	0.0021608787004	0.00597444526059	9.8221759109e-05	0	0.000102492270375	0	8.54102253122e-06	0	0.000606412599716	0.000102492270375	0.000286124254796	0.000222066585812	8.96807365778e-05	4.27051126561e-06	4.27051126561e-06	8.54102253122e-06	0.000439862660358	0.00113168548539	0.000580789532123	0.000247689653405	4.27051126561e-05	1.28115337968e-05	2.1352556328e-05
0	0.000328829367452	9.39512478434e-05	0	0	0	0	0	0	8.54102253122e-06	0	1.28115337968e-05	0	4.27051126561e-06	0	1.28115337968e-05	0	5.12461351873e-05	0	3.84346013905e-05	0	0	3.41640901249e-05	4.27051126561e-05	0	8.54102253122e-06	0.000247689653405	0.000277583232265	0	0	0	0	0	0	5.97871577185e-05	1.28115337968e-05	0.0013281290036	0.0242735860337	0	0	8.54102253122e-06	3.84346013905e-05	0.000149467894296	3.41640901249e-05	2.98935788593e-05	4.27051126561e-06	0.000136656360499	8.54102253122e-06	2.56230675937e-05	2.1352556328e-05	4.27051126561e-06	0.00070036384756	0.00305768606618	1.28115337968e-05	0.000328829367452	0	0.00238294528621	0.00052527288567	0.00925846842384	9.39512478434e-05	6.83281802497e-05	0.00209255052015	0.00628192207171	0.000362993457577	1.70820450624e-05	0.000939512478434	4.27051126561e-06	8.54102253122e-06	4.27051126561e-06	0.00202849285116	7.25986915153e-05	5.97871577185e-05	5.97871577185e-05	2.1352556328e-05	1.28115337968e-05	0	0	0.00167404041612	0.00221639534685	0.0020114108061	0.000952324012231	0.000145197383031	5.97871577185e-05	1.70820450624e-05
0	0	0	0	0	0	0	0	0	0	0	0	0	0	0	0	0	0	0	0	0	0	0	0	0	0	0	0	0	0	0	0	0	0	0	0	0	0	0	0	0	0	0	0	0	0	0	0	0	0	0	0	0	0	0	0	0	0	0	0	0	0	0	0	0	0	0	0	0	0	0	0	0	0	0	0	0	0	0	0	0	0	0	0
4.27051126561e-06	0	1.28115337968e-05	0	0.00231888761723	0	0	8.54102253122e-05	4.27051126561e-06	0.000269042209733	0.000196443518218	4.27051126561e-06	1.28115337968e-05	0	4.27051126561e-06	0	8.54102253122e-06	0	0	0	5.55166464529e-05	2.56230675937e-05	2.98935788593e-05	3.41640901249e-05	0.000538084419467	0	0	1.28115337968e-05	0.000977947079824	3.41640901249e-05	4.27051126561e-05	0	0	2.1352556328e-05	2.1352556328e-05	0.000217796074546	0	0	0	0.0205838643002	4.27051126561e-06	0.000576519020857	0.00204557489623	0.00035018192378	0.00256230675937	0.00495806357937	0	0.00306195657744	0	0.000222066585812	1.70820450624e-05	6.40576689841e-05	0	0	0	0.00862643275653	4.69756239217e-05	0.000132385849234	6.40576689841e-05	0.011286961275	0	0	4.27051126561e-06	0.00499649818076	4.69756239217e-05	0.000217796074546	0	0	8.54102253122e-06	5.97871577185e-05	4.69756239217e-05	0	2.1352556328e-05	4.27051126561e-06	1.28115337968e-05	0	0	0.000111033292906	8.54102253122e-06	3.41640901249e-05	1.28115337968e-05	0.000136656360499	1.28115337968e-05	0
0	0	0	0	0	0	0	0	0	0	0	0	0	4.27051126561e-06	0	0	0	0	0	0	0	0	0	0	0	4.27051126561e-06	0	0	0	0	0	0	0	0	0	1.28115337968e-05	1.28115337968e-05	8.54102253122e-06	0	4.27051126561e-06	0.00571394407338	0.00386481269538	8.54102253122e-06	0.00158008916828	0	8.54102253122e-06	7.25986915153e-05	3.41640901249e-05	0	0.000341640901249	0.00116584957551	0	0	0	0	1.28115337968e-05	8.54102253122e-06	8.54102253122e-06	1.70820450624e-05	8.54102253122e-06	0	0	4.27051126561e-06	0	0.00017509096189	1.70820450624e-05	0	0.000977947079824	0	0.000320288344921	0	0	0	0	0	0	0	3.84346013905e-05	2.1352556328e-05	0.000303206299858	0.000166549939359	0.00178934422029	0.00140926871765	1.28115337968e-05
