0.0232431347919	4.36163159915e-06	6.97861055864e-05	0	0.000239889737953	8.7232631983e-06	0.00190167137723	0.010097177152	0.00691754771625	0.000662968003071	0.00188858648243	0	0.000680414529467	0	0.00783349035207	2.61697895949e-05	0.000353292159531	3.48930527932e-05	0	0	0.000601905160683	0.000811263477442	0.000405631738721	0.000606266792282	0.00143497679612	0	1.74465263966e-05	6.54244739872e-05	0.00396472312363	0.009237935727	0.00482832618026	0	8.7232631983e-06	0.00275655117066	0.00246868348512	0	0	0	0	3.0531421194e-05	0	4.36163159915e-06	2.18081579957e-05	4.36163159915e-06	0.000200635053561	1.30848947974e-05	0	8.7232631983e-06	0	0	0	1.30848947974e-05	0	0	0	1.74465263966e-05	8.7232631983e-06	6.54244739872e-05	4.36163159915e-06	0.000135210579574	0	0	4.36163159915e-06	2.61697895949e-05	0	8.7232631983e-06	0	0	0	1.30848947974e-05	0.00108168463659	0.000213719948358	0.00117327890017	0.000348930527932	0.000440524791514	8.7232631983e-06	0	2.61697895949e-05	4.36163159915e-06	0	0	0	0	0
4.36163159915e-06	0.0118898077393	0.00170539795527	0	0	0	0	1.74465263966e-05	0	4.79779475906e-05	0	0.000388185212324	0	3.92546843923e-05	8.7232631983e-06	0	0.00010031752678	0.000885411214627	6.54244739872e-05	0.000436163159915	0	0.00010467915838	0.0015178477965	0.000676052897868	4.79779475906e-05	0.000580097002687	0.00266495690708	0.00414355001919	5.67012107889e-05	8.7232631983e-06	4.36163159915e-05	1.30848947974e-05	0	1.30848947974e-05	0.000636798213476	0	0.00310112006699	0.00040999337032	0	0	0	0	0	0	8.7232631983e-06	0	0.00010031752678	0	5.67012107889e-05	0	0	2.18081579957e-05	0.000187550158763	1.30848947974e-05	0.000148295474371	0	3.0531421194e-05	0.000222443211557	0.000174465263966	4.36163159915e-06	0.000279144422346	0.000754562266653	0.00141753026972	4.36163159915e-06	0	8.7232631983e-06	0	0	0	0.000183188527164	0.000187550158763	0.000837433267037	0.000497226002303	0.000135210579574	8.7232631983e-06	0	8.7232631983e-06	7.85093687847e-05	0.000396908475523	0.000139572211173	6.97861055864e-05	4.36163159915e-06	0	1.30848947974e-05
6.97861055864e-05	0.00170539795527	0.031761401305	0	0	0	2.61697895949e-05	0.000239889737953	2.18081579957e-05	0.000117764053177	0	0.000187550158763	0	4.36163159915e-06	2.61697895949e-05	0	0.00122561847936	0.00272165811787	2.61697895949e-05	0.000331484001535	0	0.00239017411633	0.00195837258802	0.013111064587	0.000196273421962	5.67012107889e-05	0.00545203949894	0.0103719599428	0.000828710003838	0.000126487316375	0.000946474057015	0	4.36163159915e-06	0.00010467915838	0.00318835269898	0	0.000963920583412	0.000161380369168	0	0	0	0	8.7232631983e-06	0	2.61697895949e-05	0	1.30848947974e-05	0	8.7232631983e-06	0	4.36163159915e-06	1.74465263966e-05	7.85093687847e-05	4.36163159915e-06	2.18081579957e-05	0	1.74465263966e-05	0.000327122369936	0.000122125684776	8.7232631983e-06	3.48930527932e-05	0.000161380369168	0.000436163159915	8.7232631983e-06	0	8.7232631983e-06	0	0	0	6.10628423881e-05	0.00187550158763	0.00285250706584	0.00286559196064	0.00112093932098	7.85093687847e-05	0	8.7232631983e-06	7.41477371855e-05	0.000143933842772	6.10628423881e-05	3.48930527932e-05	0	8.7232631983e-06	4.36163159915e-06
0	0	0	0	0	0	0	0	0	0	0	0	0	0	0	0	0	0	0	0	0	0	0	0	0	0	0	0	0	0	0	0	0	0	0	0	0	0	0	0	0	0	0	0	0	0	0	0	0	0	0	0	0	0	0	0	0	0	0	0	0	0	0	0	0	0	0	0	0	0	0	0	0	0	0	0	0	0	0	0	0	0	0	0
0.000239889737953	0	0	0	0.0199544645661	0	0.000174465263966	0.00213283785198	0.000191911790363	0.000676052897868	0.00242070553753	0	0.00387749049164	0	7.41477371855e-05	1.74465263966e-05	4.36163159915e-06	0	0	0	0.00453609686311	1.30848947974e-05	4.36163159915e-06	1.74465263966e-05	0.00806465682683	0	0	4.36163159915e-06	0.00629383439757	7.85093687847e-05	5.67012107889e-05	0	0	3.0531421194e-05	4.36163159915e-05	0	0	0	0	0.00327122369936	0	0.000113402421578	3.48930527932e-05	1.74465263966e-05	3.0531421194e-05	0.00129976621655	0	0.000793816951045	0	1.30848947974e-05	4.36163159915e-06	0	0	0	0	0.00149603963851	0	8.7232631983e-06	0	0.000113402421578	0	0	0	0.000327122369936	4.36163159915e-06	0	0	0	0	4.36163159915e-06	2.61697895949e-05	1.30848947974e-05	2.18081579957e-05	4.36163159915e-06	3.0531421194e-05	0	0	1.74465263966e-05	0	0	0	4.36163159915e-06	0	0
8.7232631983e-06	0	0	0	0	0.00594054223804	0.00262570222269	0	0.000977005478209	0	0	0	8.7232631983e-06	0	0.00071530758226	0.000798178582644	0	0	0	0	0	0	0	0	4.36163159915e-06	0	0	0	0	0.000658606371471	0	0	0.000994452004606	8.7232631983e-06	0.000213719948358	0	0	0	0	0	0	0	0	0	0	0	0	0	0	0	0	0	0	0	0	0	0	0	0	0	0	0	0	0	0	0	0	0	0	0	8.7232631983e-06	0	0.000109040789979	0	0.00105115321539	0.00129976621655	0	0	0	0	0	0	0	0
0.00190167137723	0	2.61697895949e-05	0	0.000174465263966	0.00262570222269	0.0322193726229	0.00185805506124	0.0125396908476	0.000174465263966	0.00629819602917	2.18081579957e-05	0.0046102446003	0	0.00418280470358	0.00163997348128	8.7232631983e-06	1.30848947974e-05	0	8.7232631983e-06	0.00126051153215	5.23395791898e-05	1.30848947974e-05	6.54244739872e-05	0.000449248054712	0	1.30848947974e-05	1.30848947974e-05	0.000588820265885	0.00313165148819	0.000252974632751	0	0.000610628423881	0.00020499668516	0.00140444537493	0	4.36163159915e-06	0	0	4.36163159915e-06	0	0	0	0	2.61697895949e-05	0	0	4.36163159915e-06	0	0	0	0	0	0	0	0	0	4.36163159915e-06	0	8.7232631983e-06	4.36163159915e-06	4.36163159915e-06	0	0	0	0	0	0	0	0	0.00025733626435	2.61697895949e-05	0.000929027530619	0.000170103632367	0.00171412121847	0.0005146725287	0	0	0	0	0	0	0	0
0.010097177152	1.74465263966e-05	0.000239889737953	0	0.00213283785198	0	0.00185805506124	0.0500715307582	0.00414791165079	0.00229421822115	0.0113969433686	0	0.0015178477965	0	0.00340207264734	3.92546843923e-05	0.000889772846226	3.0531421194e-05	0	4.36163159915e-06	0.00263006385429	0.00220262395757	0.000968282215011	0.00157454900729	0.00591001081685	0	2.18081579957e-05	0.000135210579574	0.0248176837992	0.00382078928085	0.00774625772009	0	4.36163159915e-06	0.00128668132175	0.00195401095642	8.7232631983e-06	8.7232631983e-06	0	0	0.000117764053177	0	1.74465263966e-05	0.00010467915838	1.30848947974e-05	0.000654244739872	2.61697895949e-05	0	3.48930527932e-05	0	1.74465263966e-05	4.36163159915e-06	1.74465263966e-05	0	0	0	4.79779475906e-05	1.30848947974e-05	0.000218081579957	1.74465263966e-05	0.000453609686311	0	0	4.36163159915e-06	8.7232631983e-05	8.7232631983e-06	1.74465263966e-05	0	0	0	3.48930527932e-05	0.000977005478209	0.000292229317143	0.000811263477442	0.000287867685544	0.00030967584354	4.36163159915e-06	4.36163159915e-06	8.28710003838e-05	4.36163159915e-06	2.18081579957e-05	1.30848947974e-05	2.18081579957e-05	4.36163159915e-06	0
0.00691754771625	0	2.18081579957e-05	0	0.000191911790363	0.000977005478209	0.0125396908476	0.00414791165079	0.0388403293904	0.00020499668516	0.00476726333787	1.74465263966e-05	0.00119944868977	0	0.013547227747	0.000139572211173	6.54244739872e-05	1.30848947974e-05	0	0	0.000662968003071	0.000165742000768	7.85093687847e-05	0.000139572211173	0.000610628423881	0	8.7232631983e-06	1.74465263966e-05	0.00122998011096	0.00421769775638	0.000750200635054	0	0.000588820265885	0.000571373739488	0.00144370005932	0	0	0	0	2.61697895949e-05	0	0	1.30848947974e-05	0	6.97861055864e-05	4.36163159915e-06	0	0	0	0	0	0	0	0	0	4.36163159915e-06	0	2.18081579957e-05	0	5.67012107889e-05	0	0	0	1.30848947974e-05	0	0	0	0	0	0	0.000274782790746	3.48930527932e-05	0.000789455319446	0.000126487316375	0.000588820265885	0.000266059527548	4.36163159915e-06	4.36163159915e-06	0	0	0	0	0	0
0.000662968003071	4.79779475906e-05	0.000117764053177	0	0.000676052897868	0	0.000174465263966	0.00229421822115	0.00020499668516	0.0197669144073	0.000279144422346	4.36163159915e-06	0.00292665480303	0	0.000135210579574	0.000270421159147	0.00116019400537	1.30848947974e-05	0	0	0.000292229317143	0.000654244739872	0.0040999337032	0.000671691266269	0.00908964025263	0	4.36163159915e-06	0.00020499668516	0.0041173802296	0.000536480686695	0.000963920583412	0	0	0.000279144422346	0.00056265047629	2.18081579957e-05	4.36163159915e-06	4.36163159915e-06	0	0.000292229317143	0	5.67012107889e-05	0.000266059527548	4.36163159915e-05	0.00174901427126	7.85093687847e-05	0	0.000117764053177	0	3.92546843923e-05	4.36163159915e-06	6.10628423881e-05	0	0	0	0.000130848947974	3.92546843923e-05	0.000802540214243	3.92546843923e-05	0.00124742663736	0	0	1.30848947974e-05	0.000287867685544	3.48930527932e-05	0.000109040789979	0	0	4.36163159915e-06	6.97861055864e-05	0.000588820265885	0.000161380369168	0.000218081579957	0.000122125684776	0.000933389162218	0	0	0.000122125684776	4.36163159915e-06	1.74465263966e-05	1.30848947974e-05	3.48930527932e-05	8.7232631983e-06	0
0.00188858648243	0	0	0	0.00242070553753	0	0.00629819602917	0.0113969433686	0.00476726333787	0.000279144422346	0.0385655465997	0	0.0056177814997	0	0.00145242332252	2.61697895949e-05	3.48930527932e-05	0	0	0	0.00928591367459	7.41477371855e-05	3.48930527932e-05	3.92546843923e-05	0.00168795142887	0	0	0	0.00635053560836	0.000414355001919	0.000187550158763	0	4.36163159915e-06	0.00010031752678	0.000139572211173	0	0	0	0	2.61697895949e-05	0	4.36163159915e-06	1.74465263966e-05	0	6.97861055864e-05	0	0	4.36163159915e-06	0	0	0	0	0	0	0	0	0	8.7232631983e-06	0	5.23395791898e-05	0	0	0	4.36163159915e-06	4.36163159915e-06	0	0	0	0	0	0.000122125684776	2.18081579957e-05	9.59558951813e-05	1.30848947974e-05	0.000109040789979	0	0	2.18081579957e-05	0	0	0	4.36163159915e-06	0	0
0	0.000388185212324	0.000187550158763	0	0	0	2.18081579957e-05	0	1.74465263966e-05	4.36163159915e-06	0	0.0334100980495	0	0.00849645835514	2.18081579957e-05	0	4.36163159915e-06	0.00148295474371	0.00475417844307	0.00670382776789	0	3.92546843923e-05	1.74465263966e-05	0.000157018737569	0	0.00286123032904	0.0105856798911	0.00149603963851	4.36163159915e-06	5.23395791898e-05	1.74465263966e-05	0.000654244739872	0	4.36163159915e-06	0.0040781255452	0	0.000340207264734	3.0531421194e-05	0	0	0	0	0	0	4.36163159915e-06	4.36163159915e-06	0.000187550158763	0	0.000331484001535	0	0	0	2.18081579957e-05	1.74465263966e-05	5.67012107889e-05	0	0	8.7232631983e-06	4.36163159915e-06	4.36163159915e-06	0.000876687951429	0.000348930527932	0.000388185212324	0	0	0	4.36163159915e-06	0	0	3.48930527932e-05	0.000327122369936	0.00339334938414	0.0050987473394	0.000484141107505	1.74465263966e-05	4.36163159915e-06	0.000833071635437	8.7232631983e-06	0.000143933842772	6.97861055864e-05	8.7232631983e-06	0	0	2.18081579957e-05
0.000680414529467	0	0	0	0.00387749049164	8.7232631983e-06	0.0046102446003	0.0015178477965	0.00119944868977	0.00292665480303	0.0056177814997	0	0.0315389580934	0	0.000300952580341	0.00124306500576	4.36163159915e-06	0	0	0	0.00837433267037	3.0531421194e-05	4.36163159915e-06	1.74465263966e-05	0.00608447608081	0	0	0	0.000885411214627	0.000183188527164	0.00010031752678	0	4.36163159915e-06	3.92546843923e-05	8.7232631983e-05	4.36163159915e-06	0	0	0	8.7232631983e-05	0	0.000270421159147	1.74465263966e-05	4.36163159915e-06	3.48930527932e-05	0.000370738685928	0	0.00378153459646	0	4.36163159915e-06	8.7232631983e-06	0	0	0	0	0.000737115740256	0	4.36163159915e-06	0	3.92546843923e-05	0	0	0	8.7232631983e-06	0	4.36163159915e-06	0	0	0	0	0.000157018737569	4.36163159915e-06	5.23395791898e-05	3.48930527932e-05	0.00115583237377	0	0	4.36163159915e-06	0	0	0	8.7232631983e-06	0	0
0	3.92546843923e-05	4.36163159915e-06	0	0	0	0	0	0	0	0	0.00849645835514	0	0.0140226455913	4.36163159915e-06	0	0	6.97861055864e-05	0.000431801528316	0.000444886423113	0	4.36163159915e-06	0	1.30848947974e-05	0	0.00184497016644	0.00435290833595	0.000837433267037	0	4.36163159915e-06	0	0.00115147074218	0	0	0.000322760738337	0	6.97861055864e-05	0	0	0	0	0	0	4.36163159915e-06	0	0	6.10628423881e-05	0	0.000327122369936	4.36163159915e-06	0	0	8.7232631983e-06	8.7232631983e-06	1.30848947974e-05	0	0	4.36163159915e-06	0	0	0.000300952580341	8.28710003838e-05	0.00010031752678	0	0	0	4.36163159915e-06	0	0	2.61697895949e-05	2.18081579957e-05	0.000850518161834	0.000785093687847	4.36163159915e-05	0	0	0.000601905160683	8.7232631983e-06	5.67012107889e-05	3.0531421194e-05	8.7232631983e-06	0	0	8.7232631983e-06
0.00783349035207	8.7232631983e-06	2.61697895949e-05	0	7.41477371855e-05	0.00071530758226	0.00418280470358	0.00340207264734	0.013547227747	0.000135210579574	0.00145242332252	2.18081579957e-05	0.000300952580341	4.36163159915e-06	0.0284727310792	7.41477371855e-05	5.23395791898e-05	2.61697895949e-05	4.36163159915e-06	8.7232631983e-06	0.000218081579957	0.000165742000768	6.54244739872e-05	0.000139572211173	0.000340207264734	0	1.30848947974e-05	1.74465263966e-05	0.000802540214243	0.00807338009002	0.00112530095258	0	0.00117327890017	0.000955197320214	0.00198890400921	0	4.36163159915e-06	0	0	4.36163159915e-06	0	0	4.36163159915e-06	0	3.0531421194e-05	0	0	0	0	0	0	0	0	0	0	0	0	1.30848947974e-05	0	2.18081579957e-05	0	0	4.36163159915e-06	0	4.36163159915e-06	0	0	0	0	0	0.000375100317527	9.59558951813e-05	0.00107732300499	0.000183188527164	0.000654244739872	0.000266059527548	4.36163159915e-06	4.36163159915e-06	4.36163159915e-06	0	0	4.36163159915e-06	0	0
2.61697895949e-05	0	0	0	1.74465263966e-05	0.000798178582644	0.00163997348128	3.92546843923e-05	0.000139572211173	0.000270421159147	2.61697895949e-05	0	0.00124306500576	0	7.41477371855e-05	0.0061499005548	4.36163159915e-06	0	0	0	1.74465263966e-05	8.7232631983e-06	0	4.36163159915e-06	5.23395791898e-05	0	0	0	3.48930527932e-05	5.23395791898e-05	8.7232631983e-06	0	2.61697895949e-05	8.7232631983e-06	1.74465263966e-05	0	0	0	0	0	0	0	0	0	0	0	0	0	0	0	0	0	0	0	0	0	0	0	0	0	0	0	0	0	0	0	0	0	0	0	0.000270421159147	8.7232631983e-06	2.18081579957e-05	8.7232631983e-06	0.00372483338567	8.7232631983e-05	0	0	0	0	0	0	0	0
0.000353292159531	0.00010031752678	0.00122561847936	0	4.36163159915e-06	0	8.7232631983e-06	0.000889772846226	6.54244739872e-05	0.00116019400537	3.48930527932e-05	4.36163159915e-06	4.36163159915e-06	0	5.23395791898e-05	4.36163159915e-06	0.023775253847	6.10628423881e-05	0	8.7232631983e-06	8.7232631983e-06	0.00453173523152	0.00638542866115	0.010467915838	0.00365068564849	0	5.67012107889e-05	0.00505949265501	0.00476290170627	0.000383823580725	0.00146550821731	0	4.36163159915e-06	0.000239889737953	0.00129976621655	4.36163159915e-06	7.41477371855e-05	1.30848947974e-05	0	1.74465263966e-05	0	8.7232631983e-06	2.18081579957e-05	4.36163159915e-06	0.000139572211173	0	0	0	0	8.7232631983e-06	0	3.0531421194e-05	4.36163159915e-06	0	0	0	1.30848947974e-05	0.000375100317527	4.36163159915e-05	9.15942635821e-05	0	4.36163159915e-06	4.36163159915e-05	3.48930527932e-05	4.36163159915e-06	1.74465263966e-05	0	0	0	3.48930527932e-05	0.00115583237377	0.000815625109041	0.000841794898636	0.000431801528316	4.79779475906e-05	8.7232631983e-06	0	4.36163159915e-05	1.74465263966e-05	2.61697895949e-05	1.30848947974e-05	0	4.36163159915e-06	0
3.48930527932e-05	0.000885411214627	0.00272165811787	0	0	0	1.30848947974e-05	3.0531421194e-05	1.30848947974e-05	1.30848947974e-05	0	0.00148295474371	0	6.97861055864e-05	2.61697895949e-05	0	6.10628423881e-05	0.0212542307827	0.000292229317143	0.00587511776405	0	0.00056265047629	0.000183188527164	0.00500279144422	2.61697895949e-05	0.000143933842772	0.00984420251928	0.00220698558917	9.59558951813e-05	2.61697895949e-05	0.000244251369552	8.7232631983e-06	0	2.18081579957e-05	0.00414355001919	0	0.000418716633518	4.36163159915e-05	0	0	0	0	0	0	0	0	4.36163159915e-05	0	2.61697895949e-05	0	0	8.7232631983e-06	3.92546843923e-05	0	4.36163159915e-05	0	0	1.30848947974e-05	1.30848947974e-05	0	0.000117764053177	0.000178826895565	0.000200635053561	0	0	0	0	0	0	3.0531421194e-05	0.000898496109425	0.00184497016644	0.00259517080149	0.000741477371855	2.18081579957e-05	0	1.74465263966e-05	1.30848947974e-05	9.15942635821e-05	2.18081579957e-05	0	8.7232631983e-06	0	4.36163159915e-06
0	6.54244739872e-05	2.61697895949e-05	0	0	0	0	0	0	0	0	0.00475417844307	0	0.000431801528316	4.36163159915e-06	0	0	0.000292229317143	0.00710945950661	0.00295718622422	0	4.36163159915e-06	4.36163159915e-06	2.18081579957e-05	0	0.000331484001535	0.00365504728009	0.000318399106738	0	4.36163159915e-06	4.36163159915e-06	3.48930527932e-05	0	0	0.00030967584354	0	4.79779475906e-05	0	0	0	0	0	0	0	0	0	1.74465263966e-05	0	3.0531421194e-05	0	0	0	4.36163159915e-06	4.36163159915e-06	1.30848947974e-05	0	0	0	0	0	7.85093687847e-05	6.54244739872e-05	7.85093687847e-05	0	0	0	0	0	0	8.7232631983e-06	2.18081579957e-05	0.00030967584354	0.000383823580725	3.92546843923e-05	0	0	1.74465263966e-05	0	1.74465263966e-05	1.30848947974e-05	8.7232631983e-06	0	0	4.36163159915e-06
0	0.000436163159915	0.000331484001535	0	0	0	8.7232631983e-06	4.36163159915e-06	0	0	0	0.00670382776789	0	0.000444886423113	8.7232631983e-06	0	8.7232631983e-06	0.00587511776405	0.00295718622422	0.0156626190725	0	6.10628423881e-05	3.0531421194e-05	0.000283506053945	4.36163159915e-06	0.000558288844691	0.00827837677518	0.00116455563697	1.30848947974e-05	1.30848947974e-05	3.0531421194e-05	3.0531421194e-05	0	0	0.00247740674832	0	0.00030531421194	1.74465263966e-05	0	0	0	0	0	0	0	0	6.10628423881e-05	0	3.48930527932e-05	0	0	4.36163159915e-06	1.30848947974e-05	1.30848947974e-05	2.61697895949e-05	0	0	8.7232631983e-06	8.7232631983e-06	0	0.000239889737953	0.000174465263966	0.000165742000768	0	4.36163159915e-06	0	0	0	0	2.18081579957e-05	0.00025733626435	0.0010249834258	0.00166614327087	0.000287867685544	8.7232631983e-06	4.36163159915e-06	3.92546843923e-05	1.30848947974e-05	6.97861055864e-05	4.79779475906e-05	4.36163159915e-06	8.7232631983e-06	0	4.36163159915e-06
0.000601905160683	0	0	0	0.00453609686311	0	0.00126051153215	0.00263006385429	0.000662968003071	0.000292229317143	0.00928591367459	0	0.00837433267037	0	0.000218081579957	1.74465263966e-05	8.7232631983e-06	0	0	0	0.0205825395164	1.74465263966e-05	4.36163159915e-06	1.74465263966e-05	0.00326686206776	0	0	0	0.00349366691092	0.000157018737569	7.85093687847e-05	0	0	6.10628423881e-05	6.54244739872e-05	0	4.36163159915e-06	0	0	0.000122125684776	0	2.61697895949e-05	1.30848947974e-05	0	4.79779475906e-05	6.97861055864e-05	0	0.000440524791514	0	0	0	4.36163159915e-06	0	0	0	0.000196273421962	0	8.7232631983e-06	4.36163159915e-06	3.48930527932e-05	0	0	0	8.7232631983e-06	0	0	0	0	0	0	6.54244739872e-05	4.36163159915e-06	4.36163159915e-05	1.30848947974e-05	4.79779475906e-05	0	0	0	4.36163159915e-06	0	0	4.36163159915e-06	0	0
0.000811263477442	0.00010467915838	0.00239017411633	0	1.30848947974e-05	0	5.23395791898e-05	0.00220262395757	0.000165742000768	0.000654244739872	7.41477371855e-05	3.92546843923e-05	3.0531421194e-05	4.36163159915e-06	0.000165742000768	8.7232631983e-06	0.00453173523152	0.00056265047629	4.36163159915e-06	6.10628423881e-05	1.74465263966e-05	0.0377411982274	0.00165305837608	0.0195357479326	0.00182316200844	0	0.000239889737953	0.00115147074218	0.0103894064692	0.000990090373007	0.012469904742	0	4.36163159915e-06	0.000553927213092	0.00485449596985	4.36163159915e-06	8.7232631983e-05	1.74465263966e-05	0	1.74465263966e-05	0	0	3.0531421194e-05	0	9.59558951813e-05	4.36163159915e-06	0	8.7232631983e-06	4.36163159915e-06	4.36163159915e-06	0	1.30848947974e-05	4.36163159915e-06	0	0	8.7232631983e-06	4.36163159915e-06	0.000183188527164	2.61697895949e-05	7.41477371855e-05	4.36163159915e-06	1.30848947974e-05	4.79779475906e-05	1.30848947974e-05	4.36163159915e-06	8.7232631983e-06	0	0	4.36163159915e-06	2.18081579957e-05	0.00193220279842	0.00111221605778	0.00235528106354	0.00109913116299	0.000109040789979	1.74465263966e-05	0	4.79779475906e-05	8.7232631983e-06	8.7232631983e-06	4.36163159915e-06	0	0	0
0.000405631738721	0.0015178477965	0.00195837258802	0	4.36163159915e-06	0	1.30848947974e-05	0.000968282215011	7.85093687847e-05	0.0040999337032	3.48930527932e-05	1.74465263966e-05	4.36163159915e-06	0	6.54244739872e-05	0	0.00638542866115	0.000183188527164	4.36163159915e-06	3.0531421194e-05	4.36163159915e-06	0.00165305837608	0.021598799679	0.00405195575561	0.00432673854636	1.30848947974e-05	0.000222443211557	0.00397780801842	0.00351111343731	0.000436163159915	0.00134338253254	0	0	0.000266059527548	0.00141316863812	8.7232631983e-06	0.000863603056631	0.000209358316759	0	2.61697895949e-05	0	8.7232631983e-06	0.00010031752678	4.36163159915e-06	0.000348930527932	0	0	4.36163159915e-06	4.36163159915e-06	1.30848947974e-05	4.36163159915e-06	0.000252974632751	8.7232631983e-05	0	1.74465263966e-05	4.36163159915e-06	9.59558951813e-05	0.00238145085314	0.000401270107122	0.000340207264734	4.36163159915e-06	3.0531421194e-05	0.000549565581493	0.000148295474371	2.18081579957e-05	0.000122125684776	0	0	4.36163159915e-06	0.000196273421962	0.00126923479535	0.000876687951429	0.000863603056631	0.000475417844307	7.41477371855e-05	4.36163159915e-06	4.36163159915e-06	0.000209358316759	0.000117764053177	9.15942635821e-05	5.23395791898e-05	8.7232631983e-06	2.18081579957e-05	8.7232631983e-06
0.000606266792282	0.000676052897868	0.013111064587	0	1.74465263966e-05	0	6.54244739872e-05	0.00157454900729	0.000139572211173	0.000671691266269	3.92546843923e-05	0.000157018737569	1.74465263966e-05	1.30848947974e-05	0.000139572211173	4.36163159915e-06	0.010467915838	0.00500279144422	2.18081579957e-05	0.000283506053945	1.74465263966e-05	0.0195357479326	0.00405195575561	0.0596147806972	0.00145678495412	1.30848947974e-05	0.00163561184968	0.00783349035207	0.00660351024111	0.000780732056248	0.00638106702955	4.36163159915e-06	4.36163159915e-06	0.000388185212324	0.00836560940717	0	0.000457971317911	6.97861055864e-05	0	8.7232631983e-06	0	0	1.74465263966e-05	0	8.28710003838e-05	0	4.36163159915e-06	4.36163159915e-06	8.7232631983e-06	0	4.36163159915e-06	4.36163159915e-05	3.92546843923e-05	0	1.30848947974e-05	4.36163159915e-06	8.7232631983e-06	0.000584458634286	0.000117764053177	5.23395791898e-05	2.18081579957e-05	3.48930527932e-05	0.000244251369552	2.18081579957e-05	0	4.36163159915e-06	0	0	0	4.36163159915e-05	0.00431801528316	0.00344132733173	0.00521651139258	0.00238145085314	0.000218081579957	1.30848947974e-05	2.18081579957e-05	8.28710003838e-05	4.36163159915e-05	3.48930527932e-05	1.74465263966e-05	4.36163159915e-06	4.36163159915e-06	0
0.00143497679612	4.79779475906e-05	0.000196273421962	0	0.00806465682683	4.36163159915e-06	0.000449248054712	0.00591001081685	0.000610628423881	0.00908964025263	0.00168795142887	0	0.00608447608081	0	0.000340207264734	5.23395791898e-05	0.00365068564849	2.61697895949e-05	0	4.36163159915e-06	0.00326686206776	0.00182316200844	0.00432673854636	0.00145678495412	0.0433982344115	0	8.7232631983e-06	0.000248613001151	0.0177213091873	0.0010206217942	0.00187113995603	0	4.36163159915e-06	0.0005146725287	0.000994452004606	4.36163159915e-06	8.7232631983e-06	8.7232631983e-06	0	0.000475417844307	0	1.30848947974e-05	9.59558951813e-05	8.7232631983e-06	0.000641159845075	8.7232631983e-06	0	7.41477371855e-05	0	1.30848947974e-05	0	4.79779475906e-05	4.36163159915e-06	0	0	5.23395791898e-05	1.30848947974e-05	0.000348930527932	3.48930527932e-05	0.000710945950661	0	0	1.30848947974e-05	0.000126487316375	1.30848947974e-05	4.36163159915e-05	0	0	8.7232631983e-06	4.79779475906e-05	0.000588820265885	0.000196273421962	0.000444886423113	0.000226804843156	0.000300952580341	4.36163159915e-06	0	7.41477371855e-05	1.30848947974e-05	1.30848947974e-05	8.7232631983e-06	1.74465263966e-05	4.36163159915e-06	0
0	0.000580097002687	5.67012107889e-05	0	0	0	0	0	0	0	0	0.00286123032904	0	0.00184497016644	0	0	0	0.000143933842772	0.000331484001535	0.000558288844691	0	0	1.30848947974e-05	1.30848947974e-05	0	0.00855752119753	0.00188422485083	0.000863603056631	0	0	4.36163159915e-06	4.79779475906e-05	0	0	0.000274782790746	0	0.000453609686311	1.74465263966e-05	0	0	0	0	0	0	0	0	0.000296590948742	0	0.000248613001151	0	0	0	4.36163159915e-06	1.74465263966e-05	7.85093687847e-05	0	0	0	0	0	0.00114274747898	0.000383823580725	0.000392546843923	0	0	0	4.36163159915e-06	0	0	4.79779475906e-05	3.92546843923e-05	0.000802540214243	0.000436163159915	2.61697895949e-05	0	0	0.000300952580341	2.18081579957e-05	0.00015265710597	8.7232631983e-05	1.30848947974e-05	4.36163159915e-06	0	2.18081579957e-05
1.74465263966e-05	0.00266495690708	0.00545203949894	0	0	0	1.30848947974e-05	2.18081579957e-05	8.7232631983e-06	4.36163159915e-06	0	0.0105856798911	0	0.00435290833595	1.30848947974e-05	0	5.67012107889e-05	0.00984420251928	0.00365504728009	0.00827837677518	0	0.000239889737953	0.000222443211557	0.00163561184968	8.7232631983e-06	0.00188422485083	0.0540449771451	0.0150956069647	3.0531421194e-05	2.61697895949e-05	6.97861055864e-05	0.00138263721693	0	1.30848947974e-05	0.00347185875292	0	0.00141753026972	0.000117764053177	0	0	0	0	0	0	0	0	0.000187550158763	0	0.000196273421962	0	0	8.7232631983e-06	7.41477371855e-05	1.30848947974e-05	0.000157018737569	0	8.7232631983e-06	5.23395791898e-05	4.79779475906e-05	0	0.000732754108657	0.000728392477058	0.000876687951429	0	4.36163159915e-06	4.36163159915e-06	0	0	0	0.000122125684776	0.000658606371471	0.0030662270142	0.00287867685544	0.000593181897484	2.61697895949e-05	8.7232631983e-06	4.36163159915e-05	3.0531421194e-05	0.000279144422346	0.000143933842772	4.36163159915e-05	4.36163159915e-06	4.36163159915e-06	1.74465263966e-05
6.54244739872e-05	0.00414355001919	0.0103719599428	0	4.36163159915e-06	0	1.30848947974e-05	0.000135210579574	1.74465263966e-05	0.00020499668516	0	0.00149603963851	0	0.000837433267037	1.74465263966e-05	0	0.00505949265501	0.00220698558917	0.000318399106738	0.00116455563697	0	0.00115147074218	0.00397780801842	0.00783349035207	0.000248613001151	0.000863603056631	0.0150956069647	0.0522523465578	0.000601905160683	9.59558951813e-05	0.000418716633518	0.000170103632367	0	5.23395791898e-05	0.00232911127395	0	0.0015614641125	0.000270421159147	0	4.36163159915e-06	0	0	4.36163159915e-06	0	1.74465263966e-05	0	8.28710003838e-05	0	6.54244739872e-05	0	0	5.23395791898e-05	0.000126487316375	4.36163159915e-06	0.00010467915838	0	2.61697895949e-05	0.000431801528316	0.000135210579574	1.74465263966e-05	0.000191911790363	0.000431801528316	0.000968282215011	4.36163159915e-06	4.36163159915e-06	4.36163159915e-06	0	0	0	0.000117764053177	0.00115147074218	0.00241634390593	0.00200635053561	0.000610628423881	3.48930527932e-05	4.36163159915e-06	2.18081579957e-05	5.23395791898e-05	0.00020499668516	6.97861055864e-05	3.0531421194e-05	4.36163159915e-06	0	0
0.00396472312363	5.67012107889e-05	0.000828710003838	0	0.00629383439757	0	0.000588820265885	0.0248176837992	0.00122998011096	0.0041173802296	0.00635053560836	4.36163159915e-06	0.000885411214627	0	0.000802540214243	3.48930527932e-05	0.00476290170627	9.59558951813e-05	0	1.30848947974e-05	0.00349366691092	0.0103894064692	0.00351111343731	0.00660351024111	0.0177213091873	0	3.0531421194e-05	0.000601905160683	0.0615818765484	0.00269984995987	0.00938623120137	0	0	0.00124742663736	0.00324941554137	4.36163159915e-06	3.48930527932e-05	2.61697895949e-05	0	0.00105987647859	0	5.67012107889e-05	0.000139572211173	1.74465263966e-05	0.000833071635437	0.000549565581493	0	0.000113402421578	4.36163159915e-06	2.61697895949e-05	4.36163159915e-06	2.61697895949e-05	8.7232631983e-06	0	4.36163159915e-06	0.000314037475139	1.30848947974e-05	0.00046233294951	4.79779475906e-05	0.000745839003454	0	8.7232631983e-06	1.74465263966e-05	0.000841794898636	2.18081579957e-05	5.67012107889e-05	0	0	1.30848947974e-05	5.67012107889e-05	0.00163997348128	0.000763285529851	0.00150040127011	0.000676052897868	0.000300952580341	4.36163159915e-06	0	0.00015265710597	3.0531421194e-05	2.18081579957e-05	2.18081579957e-05	1.30848947974e-05	4.36163159915e-06	4.36163159915e-06
0.009237935727	8.7232631983e-06	0.000126487316375	0	7.85093687847e-05	0.000658606371471	0.00313165148819	0.00382078928085	0.00421769775638	0.000536480686695	0.000414355001919	5.23395791898e-05	0.000183188527164	4.36163159915e-06	0.00807338009002	5.23395791898e-05	0.000383823580725	2.61697895949e-05	4.36163159915e-06	1.30848947974e-05	0.000157018737569	0.000990090373007	0.000436163159915	0.000780732056248	0.0010206217942	0	2.61697895949e-05	9.59558951813e-05	0.00269984995987	0.033676157577	0.0071836072438	0	0.00111221605778	0.00759796224572	0.00630255766077	0	8.7232631983e-06	0	0	2.61697895949e-05	0	8.7232631983e-06	8.7232631983e-06	4.36163159915e-06	0.000122125684776	4.36163159915e-06	0	8.7232631983e-06	0	0	0	8.7232631983e-06	0	0	0	1.30848947974e-05	8.7232631983e-06	4.79779475906e-05	0	0.00010467915838	0	0	8.7232631983e-06	1.74465263966e-05	0	4.36163159915e-06	0	0	0	1.30848947974e-05	0.00163561184968	0.000414355001919	0.00300952580341	0.000732754108657	0.001033706689	0.000244251369552	0	3.92546843923e-05	8.7232631983e-06	4.36163159915e-06	4.36163159915e-06	0	0	0
0.00482832618026	4.36163159915e-05	0.000946474057015	0	5.67012107889e-05	0	0.000252974632751	0.00774625772009	0.000750200635054	0.000963920583412	0.000187550158763	1.74465263966e-05	0.00010031752678	0	0.00112530095258	8.7232631983e-06	0.00146550821731	0.000244251369552	4.36163159915e-06	3.0531421194e-05	7.85093687847e-05	0.012469904742	0.00134338253254	0.00638106702955	0.00187113995603	4.36163159915e-06	6.97861055864e-05	0.000418716633518	0.00938623120137	0.0071836072438	0.0343565721065	0	0	0.00233347290554	0.00468439233749	0	3.48930527932e-05	4.36163159915e-06	0	3.0531421194e-05	0	4.36163159915e-06	3.0531421194e-05	4.36163159915e-06	0.000191911790363	4.36163159915e-06	0	1.74465263966e-05	0	0	0	1.30848947974e-05	4.36163159915e-06	0	0	1.74465263966e-05	4.36163159915e-06	0.000183188527164	1.30848947974e-05	0.00015265710597	0	1.30848947974e-05	2.18081579957e-05	3.0531421194e-05	4.36163159915e-06	2.18081579957e-05	0	0	0	2.18081579957e-05	0.00170103632367	0.000846156530235	0.00189294811403	0.000859241425032	0.000235528106354	4.36163159915e-06	4.36163159915e-06	4.36163159915e-05	8.7232631983e-06	1.30848947974e-05	8.7232631983e-06	4.36163159915e-06	0	0
0	1.30848947974e-05	0	0	0	0	0	0	0	0	0	0.000654244739872	0	0.00115147074218	0	0	0	8.7232631983e-06	3.48930527932e-05	3.0531421194e-05	0	0	0	4.36163159915e-06	0	4.79779475906e-05	0.00138263721693	0.000170103632367	0	0	0	0.00177518406085	0	0	1.30848947974e-05	0	1.30848947974e-05	4.36163159915e-06	0	0	0	0	0	0	0	0	0	0	0	0	0	0	0	0	0	0	0	0	0	0	0	8.7232631983e-06	4.36163159915e-06	0	0	0	0	0	0	4.36163159915e-06	0	8.7232631983e-06	2.18081579957e-05	0	0	0	0	0	0	4.36163159915e-06	0	0	0	0
8.7232631983e-06	0	4.36163159915e-06	0	0	0.000994452004606	0.000610628423881	4.36163159915e-06	0.000588820265885	0	4.36163159915e-06	0	4.36163159915e-06	0	0.00117327890017	2.61697895949e-05	4.36163159915e-06	0	0	0	0	4.36163159915e-06	0	4.36163159915e-06	4.36163159915e-06	0	0	0	0	0.00111221605778	0	0	0.00320579922537	4.36163159915e-06	0.000148295474371	0	0	0	0	0	0	0	0	0	0	0	0	0	0	0	0	0	0	0	0	0	0	0	0	0	0	0	0	0	0	0	0	0	0	0	0	0	5.23395791898e-05	1.30848947974e-05	6.97861055864e-05	0.000300952580341	0	0	0	0	0	0	0	0
0.00275655117066	1.30848947974e-05	0.00010467915838	0	3.0531421194e-05	8.7232631983e-06	0.00020499668516	0.00128668132175	0.000571373739488	0.000279144422346	0.00010031752678	4.36163159915e-06	3.92546843923e-05	0	0.000955197320214	8.7232631983e-06	0.000239889737953	2.18081579957e-05	0	0	6.10628423881e-05	0.000553927213092	0.000266059527548	0.000388185212324	0.0005146725287	0	1.30848947974e-05	5.23395791898e-05	0.00124742663736	0.00759796224572	0.00233347290554	0	4.36163159915e-06	0.00997505146725	0.00367685543808	0	1.30848947974e-05	4.36163159915e-06	0	4.36163159915e-06	0	0	0	0	4.79779475906e-05	0	0	0	0	0	0	0	0	0	0	0	0	3.48930527932e-05	0	2.18081579957e-05	0	0	4.36163159915e-06	4.36163159915e-06	0	0	0	0	0	8.7232631983e-06	0.00142625353292	0.000314037475139	0.00147423148051	0.000567012107889	0.000235528106354	8.7232631983e-06	4.36163159915e-06	3.0531421194e-05	1.74465263966e-05	4.36163159915e-06	4.36163159915e-06	0	0	0
0.00246868348512	0.000636798213476	0.00318835269898	0	4.36163159915e-05	0.000213719948358	0.00140444537493	0.00195401095642	0.00144370005932	0.00056265047629	0.000139572211173	0.0040781255452	8.7232631983e-05	0.000322760738337	0.00198890400921	1.74465263966e-05	0.00129976621655	0.00414355001919	0.00030967584354	0.00247740674832	6.54244739872e-05	0.00485449596985	0.00141316863812	0.00836560940717	0.000994452004606	0.000274782790746	0.00347185875292	0.00232911127395	0.00324941554137	0.00630255766077	0.00468439233749	1.30848947974e-05	0.000148295474371	0.00367685543808	0.0415532642451	0	0.000388185212324	6.97861055864e-05	0	1.30848947974e-05	0	4.36163159915e-06	1.30848947974e-05	0	0.00015265710597	8.7232631983e-06	6.10628423881e-05	8.7232631983e-06	4.36163159915e-05	4.36163159915e-06	4.36163159915e-06	0	3.0531421194e-05	4.36163159915e-06	4.36163159915e-05	4.36163159915e-06	1.30848947974e-05	0.000191911790363	2.61697895949e-05	9.15942635821e-05	0.000148295474371	0.000157018737569	0.00020499668516	1.74465263966e-05	0	1.74465263966e-05	0	0	0	5.23395791898e-05	0.00726647824418	0.00432673854636	0.0198367005129	0.00535172197216	0.00129540458495	0.000226804843156	0.000126487316375	0.000200635053561	0.000113402421578	7.85093687847e-05	2.61697895949e-05	2.18081579957e-05	0	8.7232631983e-06
0	0	0	0	0	0	0	8.7232631983e-06	0	2.18081579957e-05	0	0	4.36163159915e-06	0	0	0	4.36163159915e-06	0	0	0	0	4.36163159915e-06	8.7232631983e-06	0	4.36163159915e-06	0	0	0	4.36163159915e-06	0	0	0	0	0	0	0.00875815625109	0	2.18081579957e-05	0	7.85093687847e-05	0	0.000824348372239	0.00311856659339	0.000968282215011	9.15942635821e-05	0.00020499668516	4.36163159915e-06	0.000209358316759	0	0.00247304511672	0.000187550158763	2.18081579957e-05	8.7232631983e-06	4.36163159915e-06	4.36163159915e-06	8.28710003838e-05	0.000122125684776	3.92546843923e-05	0.000143933842772	0.000545203949894	0	1.30848947974e-05	8.7232631983e-06	0.000222443211557	0.0025820859067	0.000471056212708	0	1.30848947974e-05	0.000340207264734	0.000802540214243	4.36163159915e-06	0	0	0	0	0	0	0.000231166474755	5.67012107889e-05	0.000274782790746	0.000109040789979	0.00040999337032	3.0531421194e-05	4.36163159915e-06
0	0.00310112006699	0.000963920583412	0	0	0	4.36163159915e-06	8.7232631983e-06	0	4.36163159915e-06	0	0.000340207264734	0	6.97861055864e-05	4.36163159915e-06	0	7.41477371855e-05	0.000418716633518	4.79779475906e-05	0.00030531421194	4.36163159915e-06	8.7232631983e-05	0.000863603056631	0.000457971317911	8.7232631983e-06	0.000453609686311	0.00141753026972	0.0015614641125	3.48930527932e-05	8.7232631983e-06	3.48930527932e-05	1.30848947974e-05	0	1.30848947974e-05	0.000388185212324	0	0.0227589936844	0.0025864475383	0	0	4.36163159915e-06	1.30848947974e-05	3.92546843923e-05	2.18081579957e-05	8.7232631983e-05	0	0.000536480686695	0	0.000370738685928	1.30848947974e-05	1.30848947974e-05	0.000261697895949	0.00126487316375	9.59558951813e-05	0.00120817195296	0	0.000200635053561	0.00332792491015	0.00124742663736	4.79779475906e-05	0.00282197564465	0.00600596671203	0.0117764053177	3.92546843923e-05	1.30848947974e-05	7.41477371855e-05	4.36163159915e-06	8.7232631983e-06	0	0.00132593600614	0.000157018737569	0.000828710003838	0.000287867685544	5.23395791898e-05	4.36163159915e-06	0	0	0.000505949265501	0.00190603300883	0.00115147074218	0.000453609686311	4.79779475906e-05	5.67012107889e-05	4.36163159915e-05
0	0.00040999337032	0.000161380369168	0	0	0	0	0	0	4.36163159915e-06	0	3.0531421194e-05	0	0	0	0	1.30848947974e-05	4.36163159915e-05	0	1.74465263966e-05	0	1.74465263966e-05	0.000209358316759	6.97861055864e-05	8.7232631983e-06	1.74465263966e-05	0.000117764053177	0.000270421159147	2.61697895949e-05	0	4.36163159915e-06	4.36163159915e-06	0	4.36163159915e-06	6.97861055864e-05	2.18081579957e-05	0.0025864475383	0.0322499040441	0	1.30848947974e-05	0	4.36163159915e-06	0.000183188527164	3.48930527932e-05	6.97861055864e-05	4.36163159915e-06	0.000117764053177	0	3.0531421194e-05	3.92546843923e-05	8.7232631983e-06	0.000850518161834	0.00542586970934	8.7232631983e-06	0.0010162601626	0	0.00197145748282	0.00157891063889	0.0118243832653	0.000174465263966	8.28710003838e-05	0.00628074950277	0.0104112146272	0.000252974632751	6.10628423881e-05	0.000636798213476	0	0	4.36163159915e-06	0.0030967584354	7.85093687847e-05	0.000113402421578	3.92546843923e-05	2.18081579957e-05	0	0	0	0.00160944206009	0.00301388743501	0.00265187201228	0.00111221605778	9.15942635821e-05	0.000165742000768	5.23395791898e-05
0	0	0	0	0	0	0	0	0	0	0	0	0	0	0	0	0	0	0	0	0	0	0	0	0	0	0	0	0	0	0	0	0	0	0	0	0	0	0	0	0	0	0	0	0	0	0	0	0	0	0	0	0	0	0	0	0	0	0	0	0	0	0	0	0	0	0	0	0	0	0	0	0	0	0	0	0	0	0	0	0	0	0	0
3.0531421194e-05	0	0	0	0.00327122369936	0	4.36163159915e-06	0.000117764053177	2.61697895949e-05	0.000292229317143	2.61697895949e-05	0	8.7232631983e-05	0	4.36163159915e-06	0	1.74465263966e-05	0	0	0	0.000122125684776	1.74465263966e-05	2.61697895949e-05	8.7232631983e-06	0.000475417844307	0	0	4.36163159915e-06	0.00105987647859	2.61697895949e-05	3.0531421194e-05	0	0	4.36163159915e-06	1.30848947974e-05	7.85093687847e-05	0	1.30848947974e-05	0	0.0231995184759	0	0.00112093932098	0.00170103632367	0.00025733626435	0.00278708259186	0.00699605708503	0	0.00348058201612	0	0.000161380369168	8.28710003838e-05	6.54244739872e-05	0	0	0	0.0105507868383	5.67012107889e-05	0.000170103632367	6.54244739872e-05	0.0102280261	0	0	1.74465263966e-05	0.00523395791898	6.97861055864e-05	0.000143933842772	0	4.36163159915e-06	4.36163159915e-06	0.000157018737569	2.18081579957e-05	8.7232631983e-06	0	0	4.36163159915e-06	0	0	0.000157018737569	2.61697895949e-05	6.10628423881e-05	3.48930527932e-05	0.000191911790363	1.74465263966e-05	0
0	0	0	0	0	0	0	0	0	0	0	0	0	0	0	0	0	0	0	0	0	0	0	0	0	0	0	0	0	0	0	0	0	0	0	0	4.36163159915e-06	0	0	0	0.00313601311979	0.00046233294951	4.36163159915e-06	0.0010424299522	4.36163159915e-06	0	0	4.36163159915e-06	0	0.000287867685544	0.000597543529083	0	0	0	0	0	0	0	0	0	0	0	4.36163159915e-06	0	0.000226804843156	4.36163159915e-06	0	0.00145678495412	0	8.7232631983e-05	0	0	0	0	0	0	0	0	0	1.74465263966e-05	4.36163159915e-06	0.000702222687463	0.000479779475906	0
4.36163159915e-06	0	0	0	0.000113402421578	0	0	1.74465263966e-05	0	5.67012107889e-05	4.36163159915e-06	0	0.000270421159147	0	0	0	8.7232631983e-06	0	0	0	2.61697895949e-05	0	8.7232631983e-06	0	1.30848947974e-05	0	0	0	5.67012107889e-05	8.7232631983e-06	4.36163159915e-06	0	0	0	4.36163159915e-06	0.000824348372239	1.30848947974e-05	4.36163159915e-06	0	0.00112093932098	0.00046233294951	0.0439303534666	0.0035939844377	0.0159592100213	0.000370738685928	0.0117938518441	4.36163159915e-06	0.0117371506333	4.36163159915e-06	0.00709201298022	0.00484141107505	3.0531421194e-05	1.30848947974e-05	0	8.7232631983e-06	0.00382951254405	7.41477371855e-05	3.0531421194e-05	5.67012107889e-05	0.00226804843156	0	8.7232631983e-06	1.74465263966e-05	0.000619351687079	0.00330611675215	0.000222443211557	0	0.00139136048013	7.41477371855e-05	0.00196709585122	8.7232631983e-06	0	0	0	4.36163159915e-06	0	0	0.000523395791898	6.54244739872e-05	0.000798178582644	0.000178826895565	0.00317962943578	0.0015440175861	4.36163159915e-06
2.18081579957e-05	0	8.7232631983e-06	0	3.48930527932e-05	0	0	0.00010467915838	1.30848947974e-05	0.000266059527548	1.74465263966e-05	0	1.74465263966e-05	0	4.36163159915e-06	0	2.18081579957e-05	0	0	0	1.30848947974e-05	3.0531421194e-05	0.00010031752678	1.74465263966e-05	9.59558951813e-05	0	0	4.36163159915e-06	0.000139572211173	8.7232631983e-06	3.0531421194e-05	0	0	0	1.30848947974e-05	0.00311856659339	3.92546843923e-05	0.000183188527164	0	0.00170103632367	4.36163159915e-06	0.0035939844377	0.0381206601766	0.00332356327855	0.00129976621655	0.00481960291706	0	0.00127795805855	0	0.00326686206776	0.000300952580341	0.000532119055096	0.000135210579574	4.36163159915e-06	2.18081579957e-05	0.00167922816567	0.00144370005932	0.00066732963467	0.00115583237377	0.00823476045919	4.36163159915e-06	2.18081579957e-05	0.000126487316375	0.009237935727	0.00157018737569	0.00696552566384	0	1.74465263966e-05	0.000274782790746	0.00229857985275	3.92546843923e-05	0	4.36163159915e-06	4.36163159915e-06	4.36163159915e-06	0	0	0.000942112425416	0.000274782790746	0.000758923898252	0.000279144422346	0.00087232631983	0.000109040789979	8.7232631983e-06
