0.0102415813202	4.16663194473e-06	5.83328472263e-05	0	2.08331597237e-05	1.24998958342e-05	0.000958325347289	0.00220831493071	0.0022541478821	9.16659027841e-05	0.000249997916684	4.16663194473e-06	0.000166665277789	0	0.0051041241323	5.41662152815e-05	7.08327430605e-05	2.08331597237e-05	0	4.16663194473e-06	4.99995833368e-05	0.000258331180573	9.58325347289e-05	0.000183331805568	0.000262497812518	0	4.16663194473e-06	1.66665277789e-05	0.000495829201423	0.00339580503496	0.00319580670161	0	1.24998958342e-05	0.000720827326439	0.00119165673619	4.16663194473e-06	0	0	0	8.33326388947e-06	0	0	1.66665277789e-05	4.16663194473e-06	5.83328472263e-05	4.16663194473e-06	0	4.16663194473e-06	0	0	0	0	0	0	0	4.16663194473e-06	0	1.24998958342e-05	0	4.99995833368e-05	0	0	0	2.08331597237e-05	0	0	0	0	0	4.16663194473e-06	0.000320830659745	4.16663194473e-06	0.000495829201423	0.000120832326397	0.0001583320139	2.91664236131e-05	0	0	0	0	4.16663194473e-06	0	0	0
4.16663194473e-06	0.0134790543412	0.00181248489596	0	0	0	4.16663194473e-06	1.66665277789e-05	0	3.33330555579e-05	4.16663194473e-06	0.000258331180573	4.16663194473e-06	4.99995833368e-05	4.16663194473e-06	8.33326388947e-06	0.000154165381955	0.000679161006992	9.99991666736e-05	0.000491662569479	0	0.000199998333347	0.00205414954875	0.00078332680561	2.91664236131e-05	0.000741660486163	0.00369163590303	0.0059332838893	4.16663194473e-05	5.41662152815e-05	0.000116665694453	0	0	2.91664236131e-05	0.000895825868118	0	0.00252081232656	0.00046666277781	0	0	0	0	0	0	1.24998958342e-05	0	7.91660069499e-05	4.16663194473e-06	5.41662152815e-05	0	4.16663194473e-06	8.74992708394e-05	0.000291664236131	2.49997916684e-05	0.000124998958342	0	6.66661111157e-05	0.000687494270881	0.000274997708352	0	0.000224998125016	0.000433329722252	0.00140415496538	2.08331597237e-05	0	1.24998958342e-05	4.16663194473e-06	0	0	0.000116665694453	0.00030833076391	0.00046666277781	0.000649994583378	0.000116665694453	3.33330555579e-05	8.33326388947e-06	8.33326388947e-06	8.74992708394e-05	0.000270831076408	0.000191665069458	4.58329513921e-05	4.16663194473e-06	4.16663194473e-06	8.33326388947e-06
5.83328472263e-05	0.00181248489596	0.0327288939259	0	4.16663194473e-06	8.33326388947e-06	2.08331597237e-05	0.000245831284739	6.2499479171e-05	0.000112499062508	4.16663194473e-06	9.99991666736e-05	0	1.24998958342e-05	7.08327430605e-05	2.49997916684e-05	0.000887492604228	0.00420829826418	3.33330555579e-05	0.000591661736152	4.16663194473e-06	0.0029708085766	0.00196665027791	0.0157915350705	0.000249997916684	2.49997916684e-05	0.00540412163232	0.0111124073966	0.000495829201423	0.000520828993092	0.00190415079874	0	4.16663194473e-06	0.000320830659745	0.0054207881601	8.33326388947e-06	0.000679161006992	0.000199998333347	0	8.33326388947e-06	0	0	2.08331597237e-05	0	3.33330555579e-05	0	1.24998958342e-05	0	0	8.33326388947e-06	0	0.000129165590287	8.74992708394e-05	0	2.49997916684e-05	0	2.49997916684e-05	0.000666661111157	0.000220831493071	3.33330555579e-05	1.24998958342e-05	7.91660069499e-05	0.000512495729202	3.74996875026e-05	4.16663194473e-06	4.58329513921e-05	0	0	0	5.41662152815e-05	0.00252497895851	0.00194581711819	0.00421663152807	0.00114999041675	0.000233331388905	6.2499479171e-05	1.66665277789e-05	8.74992708394e-05	7.49993750052e-05	7.49993750052e-05	4.16663194473e-05	8.33326388947e-06	0	0
0	0	0	0	0	0	0	0	0	0	0	0	0	0	0	0	0	0	0	0	0	0	0	0	0	0	0	0	0	0	0	0	0	0	0	0	0	0	0	0	0	0	0	0	0	0	0	0	0	0	0	0	0	0	0	0	0	0	0	0	0	0	0	0	0	0	0	0	0	0	0	0	0	0	0	0	0	0	0	0	0	0	0	0
2.08331597237e-05	0	4.16663194473e-06	0	0.0108332430563	0	0.000374996875026	0.000729160590328	8.74992708394e-05	1.66665277789e-05	0.00104999125007	0	0.000612494895876	0	3.74996875026e-05	1.66665277789e-05	0	4.16663194473e-06	0	0	0.00598745010458	8.33326388947e-06	4.16663194473e-06	8.33326388947e-06	0.00263747802102	0	0	0	0.00156665361122	4.58329513921e-05	6.2499479171e-05	0	0	4.16663194473e-06	1.66665277789e-05	0	0	0	0	0.00199581670153	0	1.24998958342e-05	3.74996875026e-05	4.16663194473e-06	8.33326388947e-06	6.66661111157e-05	0	5.83328472263e-05	0	8.33326388947e-06	0	0	0	0	0	0.00070416079866	0	0	0	0.000191665069458	0	0	0	0.000145832118066	0	0	0	0	0	0	8.33326388947e-06	0	8.33326388947e-06	8.33326388947e-06	2.08331597237e-05	0	0	0	0	0	0	0	0	0
1.24998958342e-05	0	8.33326388947e-06	0	0	0.00807493270889	0.00467912767394	4.16663194473e-06	0.00153332055566	0	0	4.16663194473e-05	4.16663194473e-06	4.16663194473e-06	0.000870826076449	0.000908325763952	0	0	0	8.33326388947e-06	0	4.16663194473e-06	0	2.49997916684e-05	0	4.16663194473e-06	2.08331597237e-05	8.33326388947e-06	0	0.000799993333389	1.24998958342e-05	0	0.00269581086824	4.16663194473e-06	0.0010708244098	0	0	0	0	0	0	0	0	0	0	0	0	0	0	0	4.16663194473e-06	0	0	0	0	0	0	0	0	0	0	0	0	0	0	0	0	0	0	0	6.2499479171e-05	4.16663194473e-06	0.000133332222231	4.16663194473e-05	0.000999991666736	0.000399996666694	0	4.16663194473e-06	0	0	0	0	0	0
0.000958325347289	4.16663194473e-06	2.08331597237e-05	0	0.000374996875026	0.00467912767394	0.0466871109407	0.00275831034741	0.0193831718069	0.000179165173624	0.00992491729236	7.08327430605e-05	0.00809993250056	4.16663194473e-06	0.0058582845143	0.00326247281273	5.83328472263e-05	8.33326388947e-06	0	1.66665277789e-05	0.002337480521	0.000104165798618	6.2499479171e-05	0.000116665694453	0.000583328472263	0	2.49997916684e-05	8.33326388947e-06	0.00086249281256	0.00405829951417	0.00106249114591	0	0.00249997916684	0.000441662986142	0.0028124765627	0	0	0	0	4.16663194473e-06	0	4.16663194473e-06	1.66665277789e-05	4.16663194473e-06	8.74992708394e-05	4.16663194473e-06	0	0	0	4.16663194473e-06	0	0	0	0	0	4.16663194473e-06	0	8.33326388947e-06	0	6.2499479171e-05	0	0	0	2.49997916684e-05	0	8.33326388947e-06	0	0	0	0	0.000370830243081	4.58329513921e-05	0.000816659861168	0.000195831701402	0.00267497770852	0.000262497812518	0	0	0	0	0	0	0	0
0.00220831493071	1.66665277789e-05	0.000245831284739	0	0.000729160590328	4.16663194473e-06	0.00275831034741	0.0341663819468	0.00299997500021	0.00100832493063	0.00487912600728	0	0.000733327222273	0	0.00238331347239	0.000108332430563	0.000612494895876	4.99995833368e-05	0	0	0.00115415704869	0.00110415746535	0.000608328263931	0.000887492604228	0.00335413871551	0	1.24998958342e-05	8.33326388947e-05	0.0134373880218	0.00329163923634	0.00824993125057	0	4.16663194473e-06	0.00104582461813	0.00207498270848	1.24998958342e-05	0	0	0	4.16663194473e-05	0	1.24998958342e-05	0.000112499062508	1.24998958342e-05	0.000595828368097	4.99995833368e-05	0	1.24998958342e-05	0	2.49997916684e-05	0	0	0	0	0	1.66665277789e-05	2.91664236131e-05	5.41662152815e-05	3.74996875026e-05	0.000424996458363	0	0	0	0.000199998333347	4.16663194473e-06	2.49997916684e-05	0	0	0	4.16663194473e-06	0.000558328680594	8.33326388947e-05	0.000733327222273	0.000258331180573	0.000420829826418	2.91664236131e-05	0	1.66665277789e-05	8.33326388947e-06	4.16663194473e-06	4.16663194473e-06	0	0	0
0.0022541478821	0	6.2499479171e-05	0	8.74992708394e-05	0.00153332055566	0.0193831718069	0.00299997500021	0.0463954467046	0.000145832118066	0.00327497270856	0.000120832326397	0.00167498604178	1.66665277789e-05	0.018020683161	0.000649994583378	6.66661111157e-05	1.24998958342e-05	0	1.66665277789e-05	0.000449996250031	0.000187498437513	9.99991666736e-05	0.000208331597237	0.00039583003475	8.33326388947e-06	3.74996875026e-05	1.66665277789e-05	0.00070416079866	0.00733743885468	0.00208748260431	0	0.00281664319464	0.000866659444505	0.00408746593778	0	0	0	0	8.33326388947e-06	0	4.16663194473e-06	2.08331597237e-05	4.16663194473e-06	7.49993750052e-05	8.33326388947e-06	0	4.16663194473e-06	0	4.16663194473e-06	0	4.16663194473e-06	0	0	0	0	0	2.08331597237e-05	4.16663194473e-06	3.74996875026e-05	0	0	0	1.24998958342e-05	0	8.33326388947e-06	0	0	0	4.16663194473e-06	0.0004749960417	4.58329513921e-05	0.00120415663203	0.000249997916684	0.00105415788202	0.000345830451413	0	0	0	0	4.16663194473e-06	0	0	0
9.16659027841e-05	3.33330555579e-05	0.000112499062508	0	1.66665277789e-05	0	0.000179165173624	0.00100832493063	0.000145832118066	0.0122332313897	9.16659027841e-05	4.16663194473e-06	0.000483329305589	0	0.000145832118066	0.000266664444463	0.000737493854218	2.49997916684e-05	0	4.16663194473e-06	7.08327430605e-05	0.000420829826418	0.00282914309047	0.000462496145865	0.00399996666694	0	8.33326388947e-06	0.000133332222231	0.00169581920151	0.000645827951434	0.000887492604228	0	0	0.000295830868076	0.000687494270881	4.16663194473e-05	1.24998958342e-05	8.33326388947e-06	0	0.000137498854176	0	2.91664236131e-05	0.000258331180573	2.49997916684e-05	0.00199581670153	7.91660069499e-05	0	3.33330555579e-05	0	2.91664236131e-05	4.16663194473e-06	4.16663194473e-05	4.16663194473e-06	0	0	2.91664236131e-05	4.58329513921e-05	0.000254164548629	5.83328472263e-05	0.00129582253481	0	0	8.33326388947e-06	0.000524995625036	1.66665277789e-05	5.83328472263e-05	0	0	0	4.16663194473e-06	0.000358330347247	4.58329513921e-05	0.000187498437513	8.33326388947e-05	0.00128332263898	1.66665277789e-05	0	2.91664236131e-05	1.66665277789e-05	8.33326388947e-06	0	2.08331597237e-05	0	0
0.000249997916684	4.16663194473e-06	4.16663194473e-06	0	0.00104999125007	0	0.00992491729236	0.00487912600728	0.00327497270856	9.16659027841e-05	0.0264956125366	0	0.00488745927117	0	0.00104582461813	4.58329513921e-05	1.24998958342e-05	4.16663194473e-06	0	0	0.00504579128507	3.74996875026e-05	3.74996875026e-05	4.99995833368e-05	0.000599995000042	0	4.16663194473e-06	4.16663194473e-06	0.00149582086816	0.000429163090308	0.000420829826418	0	4.16663194473e-06	8.74992708394e-05	0.000162498645845	0	0	0	0	0	0	0	1.24998958342e-05	0	4.99995833368e-05	8.33326388947e-06	0	0	0	0	0	4.16663194473e-06	0	0	0	0	0	4.16663194473e-06	8.33326388947e-06	4.16663194473e-05	0	0	4.16663194473e-06	2.08331597237e-05	0	4.16663194473e-06	0	0	0	0	7.91660069499e-05	4.16663194473e-06	5.83328472263e-05	4.16663194473e-06	0.000145832118066	0	0	0	0	0	4.16663194473e-06	0	0	0
4.16663194473e-06	0.000258331180573	9.99991666736e-05	0	0	4.16663194473e-05	7.08327430605e-05	0	0.000120832326397	4.16663194473e-06	0	0.0302997475021	4.16663194473e-06	0.00755827034775	7.91660069499e-05	4.16663194473e-06	4.16663194473e-06	0.00046666277781	0.00422079816002	0.00371246906276	0	1.66665277789e-05	2.08331597237e-05	6.66661111157e-05	0	0.00324997291689	0.0111165740285	0.00201664986125	0	0.000249997916684	0	0.000312497395855	3.74996875026e-05	1.24998958342e-05	0.00467912767394	0	0.000245831284739	4.16663194473e-06	0	0	0	0	0	0	0	0	0.000224998125016	0	0.000145832118066	0	0	0	1.66665277789e-05	5.41662152815e-05	7.49993750052e-05	0	0	8.33326388947e-06	8.33326388947e-06	0	0.000374996875026	0.000204164965292	0.000345830451413	0	4.16663194473e-06	0	4.16663194473e-06	0	0	3.74996875026e-05	0.000154165381955	0.00177498520846	0.00161665319456	0.000129165590287	1.24998958342e-05	1.24998958342e-05	0.0001583320139	1.66665277789e-05	0.000162498645845	5.83328472263e-05	4.16663194473e-06	4.16663194473e-06	0	3.33330555579e-05
0.000166665277789	4.16663194473e-06	0	0	0.000612494895876	4.16663194473e-06	0.00809993250056	0.000733327222273	0.00167498604178	0.000483329305589	0.00488745927117	4.16663194473e-06	0.0240706327447	0	0.000441662986142	0.00139165506954	1.24998958342e-05	0	0	0	0.00790410079916	2.08331597237e-05	1.66665277789e-05	2.91664236131e-05	0.000720827326439	0	0	8.33326388947e-06	0.000345830451413	0.000262497812518	0.000174998541679	0	4.16663194473e-06	4.58329513921e-05	0.000141665486121	0	0	0	0	1.66665277789e-05	0	2.08331597237e-05	4.16663194473e-06	0	4.99995833368e-05	9.16659027841e-05	0	0.000520828993092	0	0	0	4.16663194473e-06	0	0	0	0.000166665277789	0	0	4.16663194473e-06	3.33330555579e-05	0	0	4.16663194473e-06	1.66665277789e-05	0	4.16663194473e-06	0	0	0	0	2.49997916684e-05	4.16663194473e-06	7.08327430605e-05	2.91664236131e-05	0.000912492395897	8.33326388947e-06	0	0	0	0	0	0	0	0
0	4.99995833368e-05	1.24998958342e-05	0	0	4.16663194473e-06	4.16663194473e-06	0	1.66665277789e-05	0	0	0.00755827034775	0	0.0145998783343	1.24998958342e-05	8.33326388947e-06	0	2.91664236131e-05	0.000324997291689	0.000187498437513	0	8.33326388947e-06	4.16663194473e-06	2.91664236131e-05	0	0.00325413954884	0.00481662652811	0.00240831326406	0	4.16663194473e-05	8.33326388947e-06	0.000458329513921	4.16663194473e-06	1.66665277789e-05	0.000412496562529	0	9.58325347289e-05	0	0	0	0	0	0	0	0	0	0.000129165590287	0	9.58325347289e-05	0	0	0	4.16663194473e-06	4.16663194473e-05	4.16663194473e-05	0	0	0	0	0	0.000224998125016	6.66661111157e-05	0.000124998958342	0	4.16663194473e-06	0	4.16663194473e-06	0	0	2.08331597237e-05	0.000154165381955	0.000595828368097	0.000295830868076	0.000141665486121	1.24998958342e-05	8.33326388947e-06	0.000199998333347	1.24998958342e-05	0.000104165798618	4.16663194473e-05	4.16663194473e-06	4.16663194473e-06	0	2.49997916684e-05
0.0051041241323	4.16663194473e-06	7.08327430605e-05	0	3.74996875026e-05	0.000870826076449	0.0058582845143	0.00238331347239	0.018020683161	0.000145832118066	0.00104582461813	7.91660069499e-05	0.000441662986142	1.24998958342e-05	0.0362121982317	0.000166665277789	9.99991666736e-05	2.49997916684e-05	4.16663194473e-06	8.33326388947e-06	0.000133332222231	0.000291664236131	0.000129165590287	0.00023749802085	0.000312497395855	1.24998958342e-05	2.91664236131e-05	3.33330555579e-05	0.000562495312539	0.0130040582995	0.00258331180573	0	0.00282914309047	0.00162498645845	0.00475829368089	0	0	0	0	8.33326388947e-06	0	0	1.24998958342e-05	0	6.2499479171e-05	0	0	0	0	0	0	0	0	0	0	4.16663194473e-06	0	2.08331597237e-05	0	4.16663194473e-05	0	0	0	1.66665277789e-05	0	8.33326388947e-06	0	0	0	0	0.000616661527821	4.58329513921e-05	0.00156248697928	0.000362496979192	0.00055416204865	0.000383330138916	4.16663194473e-06	4.16663194473e-06	0	0	4.16663194473e-06	0	0	0
5.41662152815e-05	8.33326388947e-06	2.49997916684e-05	0	1.66665277789e-05	0.000908325763952	0.00326247281273	0.000108332430563	0.000649994583378	0.000266664444463	4.58329513921e-05	4.16663194473e-06	0.00139165506954	8.33326388947e-06	0.000166665277789	0.00828743093808	1.24998958342e-05	1.66665277789e-05	0	4.16663194473e-06	4.99995833368e-05	2.49997916684e-05	2.08331597237e-05	4.99995833368e-05	0.000112499062508	0	1.66665277789e-05	1.24998958342e-05	4.58329513921e-05	0.0001583320139	8.74992708394e-05	0	3.74996875026e-05	5.83328472263e-05	0.000224998125016	0	0	0	0	0	0	0	8.33326388947e-06	0	2.08331597237e-05	0	0	0	0	0	0	0	0	0	0	0	0	4.16663194473e-06	4.16663194473e-06	1.24998958342e-05	0	0	0	4.16663194473e-06	0	8.33326388947e-06	0	0	0	0	0.000329163923634	2.91664236131e-05	0.000195831701402	0.000112499062508	0.00454162881976	2.49997916684e-05	0	2.49997916684e-05	0	0	0	0	0	0
7.08327430605e-05	0.000154165381955	0.000887492604228	0	0	0	5.83328472263e-05	0.000612494895876	6.66661111157e-05	0.000737493854218	1.24998958342e-05	4.16663194473e-06	1.24998958342e-05	0	9.99991666736e-05	1.24998958342e-05	0.0174956875359	9.58325347289e-05	4.16663194473e-06	4.16663194473e-06	8.33326388947e-06	0.00347497104191	0.00493329222256	0.00554578711844	0.00552912059066	0	4.16663194473e-05	0.00204998291681	0.00305414121549	0.000591661736152	0.00107499104174	0	0	0.000429163090308	0.0016208198265	1.66665277789e-05	3.74996875026e-05	3.74996875026e-05	0	4.16663194473e-06	0	0	5.83328472263e-05	4.16663194473e-06	0.000233331388905	0	0	0	0	8.33326388947e-06	0	0.00183331805568	2.49997916684e-05	0	8.33326388947e-06	4.16663194473e-06	0.000195831701402	0.000454162881976	0.000383330138916	0.00124582295148	0	1.24998958342e-05	7.08327430605e-05	0.000354163715302	4.16663194473e-06	9.58325347289e-05	0	0	0	2.91664236131e-05	0.000570828576429	0.000212498229181	0.000762493645886	0.000274997708352	8.74992708394e-05	4.16663194473e-05	0	4.58329513921e-05	5.41662152815e-05	4.16663194473e-05	3.33330555579e-05	0	0	0
2.08331597237e-05	0.000679161006992	0.00420829826418	0	4.16663194473e-06	0	8.33326388947e-06	4.99995833368e-05	1.24998958342e-05	2.49997916684e-05	4.16663194473e-06	0.00046666277781	0	2.91664236131e-05	2.49997916684e-05	1.66665277789e-05	9.58325347289e-05	0.0196665027791	0.000129165590287	0.00379163506971	0	0.00163331972234	0.000283330972242	0.00667077774352	5.83328472263e-05	4.99995833368e-05	0.00745410454913	0.00280830993075	9.58325347289e-05	0.000145832118066	0.000770826909776	0	0	7.91660069499e-05	0.00547912100732	0	0.000291664236131	5.83328472263e-05	0	4.16663194473e-06	0	0	0	0	4.16663194473e-06	0	8.33326388947e-06	0	8.33326388947e-06	0	0	4.16663194473e-06	3.33330555579e-05	0	2.49997916684e-05	0	4.16663194473e-06	6.2499479171e-05	1.66665277789e-05	4.16663194473e-06	3.33330555579e-05	5.83328472263e-05	0.000174998541679	4.16663194473e-06	0	0	0	0	0	3.33330555579e-05	0.00086249281256	0.000954158715344	0.00223748135432	0.000420829826418	5.83328472263e-05	2.91664236131e-05	8.33326388947e-06	1.66665277789e-05	1.66665277789e-05	4.58329513921e-05	0	0	0	0
0	9.99991666736e-05	3.33330555579e-05	0	0	0	0	0	0	0	0	0.00422079816002	0	0.000324997291689	4.16663194473e-06	0	4.16663194473e-06	0.000129165590287	0.00773326888943	0.00256664527796	0	1.24998958342e-05	8.33326388947e-06	1.66665277789e-05	0	0.000320830659745	0.00440829659753	0.000374996875026	0	8.33326388947e-06	0	4.16663194473e-06	0	0	0.000512495729202	0	9.99991666736e-05	8.33326388947e-06	0	0	0	0	0	0	0	0	2.49997916684e-05	0	1.66665277789e-05	0	0	0	0	8.33326388947e-06	8.33326388947e-06	0	0	4.16663194473e-06	4.16663194473e-06	0	7.08327430605e-05	4.99995833368e-05	7.91660069499e-05	0	0	0	0	0	0	8.33326388947e-06	3.74996875026e-05	0.000224998125016	0.000224998125016	4.58329513921e-05	0	4.16663194473e-06	0	0	2.08331597237e-05	4.16663194473e-06	0	0	0	0
4.16663194473e-06	0.000491662569479	0.000591661736152	0	0	8.33326388947e-06	1.66665277789e-05	0	1.66665277789e-05	4.16663194473e-06	0	0.00371246906276	0	0.000187498437513	8.33326388947e-06	4.16663194473e-06	4.16663194473e-06	0.00379163506971	0.00256664527796	0.0154373713552	0	9.99991666736e-05	3.74996875026e-05	0.000358330347247	0	0.000233331388905	0.00902492479229	0.00185415121541	1.24998958342e-05	5.41662152815e-05	5.83328472263e-05	1.24998958342e-05	0	8.33326388947e-06	0.00361663652803	0	0.000262497812518	2.08331597237e-05	0	0	0	0	0	0	0	0	3.33330555579e-05	0	2.49997916684e-05	0	0	4.16663194473e-06	1.66665277789e-05	1.24998958342e-05	2.91664236131e-05	0	4.16663194473e-06	2.08331597237e-05	2.08331597237e-05	0	0.000104165798618	0.000108332430563	0.000187498437513	0	0	0	0	0	0	1.66665277789e-05	0.000379163506971	0.000912492395897	0.00153332055566	0.000224998125016	1.24998958342e-05	2.08331597237e-05	8.33326388947e-06	1.24998958342e-05	2.91664236131e-05	2.91664236131e-05	4.16663194473e-06	0	0	4.16663194473e-06
4.99995833368e-05	0	4.16663194473e-06	0	0.00598745010458	0	0.002337480521	0.00115415704869	0.000449996250031	7.08327430605e-05	0.00504579128507	0	0.00790410079916	0	0.000133332222231	4.99995833368e-05	8.33326388947e-06	0	0	0	0.0187456771194	2.49997916684e-05	8.33326388947e-06	1.66665277789e-05	0.00252081232656	0	0	0	0.00136665527787	0.000124998958342	0.000124998958342	0	0	2.08331597237e-05	3.74996875026e-05	4.16663194473e-06	0	0	0	2.91664236131e-05	0	0	8.33326388947e-06	0	2.08331597237e-05	3.74996875026e-05	0	3.74996875026e-05	0	0	0	0	0	0	0	0.000141665486121	0	0	0	2.49997916684e-05	0	0	0	1.66665277789e-05	0	0	0	0	4.16663194473e-06	0	1.66665277789e-05	0	4.16663194473e-06	4.16663194473e-06	9.99991666736e-05	0	0	0	0	0	0	0	0	0
0.000258331180573	0.000199998333347	0.0029708085766	0	8.33326388947e-06	4.16663194473e-06	0.000104165798618	0.00110415746535	0.000187498437513	0.000420829826418	3.74996875026e-05	1.66665277789e-05	2.08331597237e-05	8.33326388947e-06	0.000291664236131	2.49997916684e-05	0.00347497104191	0.00163331972234	1.24998958342e-05	9.99991666736e-05	2.49997916684e-05	0.040632994725	0.00144582128482	0.0184415129874	0.00153748718761	4.16663194473e-06	0.000420829826418	0.00119999000008	0.0061291155907	0.00192915059041	0.0133707219107	0	8.33326388947e-06	0.00107915767369	0.00848326263948	0	2.91664236131e-05	1.24998958342e-05	0	1.66665277789e-05	0	0	2.91664236131e-05	4.16663194473e-06	0.000133332222231	0	0	0	0	4.16663194473e-06	0	2.49997916684e-05	1.24998958342e-05	0	8.33326388947e-06	0	1.24998958342e-05	0.000204164965292	5.83328472263e-05	9.99991666736e-05	4.16663194473e-06	4.16663194473e-06	4.16663194473e-05	3.74996875026e-05	0	2.08331597237e-05	0	0	0	4.16663194473e-06	0.00168331930567	0.000708327430605	0.00294580878493	0.000929158923676	0.00030833076391	0.000112499062508	4.16663194473e-06	3.33330555579e-05	4.16663194473e-06	8.33326388947e-06	8.33326388947e-06	0	0	0
9.58325347289e-05	0.00205414954875	0.00196665027791	0	4.16663194473e-06	0	6.2499479171e-05	0.000608328263931	9.99991666736e-05	0.00282914309047	3.74996875026e-05	2.08331597237e-05	1.66665277789e-05	4.16663194473e-06	0.000129165590287	2.08331597237e-05	0.00493329222256	0.000283330972242	8.33326388947e-06	3.74996875026e-05	8.33326388947e-06	0.00144582128482	0.0184915125707	0.00323330638911	0.00294164215298	0	0.00023749802085	0.00357913684053	0.00188331763902	0.000608328263931	0.00104582461813	0	8.33326388947e-06	0.000429163090308	0.00174581878484	1.24998958342e-05	0.000345830451413	0.000174998541679	0	1.24998958342e-05	0	8.33326388947e-06	9.99991666736e-05	8.33326388947e-06	0.000562495312539	1.24998958342e-05	0	1.24998958342e-05	0	1.66665277789e-05	4.16663194473e-06	0.000412496562529	5.41662152815e-05	0	1.66665277789e-05	8.33326388947e-06	0.000199998333347	0.0025708119099	0.000574995208373	0.000470829409755	4.16663194473e-06	2.91664236131e-05	0.000437496354197	0.000295830868076	4.16663194473e-06	0.000129165590287	0	0	0	7.91660069499e-05	0.000741660486163	0.000362496979192	0.000887492604228	0.000233331388905	0.000170831909734	3.33330555579e-05	4.16663194473e-06	0.000137498854176	0.000166665277789	0.000112499062508	4.99995833368e-05	3.33330555579e-05	0	0
0.000183331805568	0.00078332680561	0.0157915350705	0	8.33326388947e-06	2.49997916684e-05	0.000116665694453	0.000887492604228	0.000208331597237	0.000462496145865	4.99995833368e-05	6.66661111157e-05	2.91664236131e-05	2.91664236131e-05	0.00023749802085	4.99995833368e-05	0.00554578711844	0.00667077774352	1.66665277789e-05	0.000358330347247	1.66665277789e-05	0.0184415129874	0.00323330638911	0.0541995483371	0.00141248822926	1.24998958342e-05	0.00167915267373	0.00752077066024	0.00291247572937	0.00155832034733	0.00604994958375	0	1.24998958342e-05	0.000924992291731	0.00992491729236	0	0.000266664444463	9.16659027841e-05	0	8.33326388947e-06	0	0	4.58329513921e-05	8.33326388947e-06	0.000145832118066	4.16663194473e-06	4.16663194473e-06	0	0	1.24998958342e-05	0	0.000174998541679	4.99995833368e-05	0	1.66665277789e-05	0	7.08327430605e-05	0.000695827534771	0.000220831493071	0.000137498854176	0	3.74996875026e-05	0.00022916475696	9.99991666736e-05	0	8.33326388947e-05	0	0	0	2.49997916684e-05	0.00349163756969	0.00184998458346	0.00551245406288	0.00166248614595	0.000429163090308	0.000187498437513	1.66665277789e-05	9.58325347289e-05	4.16663194473e-05	3.74996875026e-05	1.24998958342e-05	1.24998958342e-05	0	0
0.000262497812518	2.91664236131e-05	0.000249997916684	0	0.00263747802102	0	0.000583328472263	0.00335413871551	0.00039583003475	0.00399996666694	0.000599995000042	0	0.000720827326439	0	0.000312497395855	0.000112499062508	0.00552912059066	5.83328472263e-05	0	0	0.00252081232656	0.00153748718761	0.00294164215298	0.00141248822926	0.0305289122591	0	1.66665277789e-05	0.000279164340297	0.0103082474313	0.00101665819452	0.00158748677094	0	0	0.000454162881976	0.00118749010425	2.91664236131e-05	8.33326388947e-06	8.33326388947e-06	0	6.2499479171e-05	0	1.24998958342e-05	0.000370830243081	3.74996875026e-05	0.000762493645886	4.99995833368e-05	0	1.24998958342e-05	0	3.74996875026e-05	4.16663194473e-06	1.66665277789e-05	1.24998958342e-05	0	4.16663194473e-06	8.33326388947e-06	8.33326388947e-05	0.000141665486121	5.83328472263e-05	0.00355413704886	0	4.16663194473e-06	1.24998958342e-05	0.00206664944459	1.24998958342e-05	0.000129165590287	0	0	8.33326388947e-06	2.91664236131e-05	0.000412496562529	7.08327430605e-05	0.00039583003475	0.000129165590287	0.000541662152815	3.33330555579e-05	4.16663194473e-06	7.91660069499e-05	2.49997916684e-05	2.08331597237e-05	1.24998958342e-05	8.33326388947e-06	0	0
0	0.000741660486163	2.49997916684e-05	0	0	4.16663194473e-06	0	0	8.33326388947e-06	0	0	0.00324997291689	0	0.00325413954884	1.24998958342e-05	0	0	4.99995833368e-05	0.000320830659745	0.000233331388905	0	4.16663194473e-06	0	1.24998958342e-05	0	0.0099290839243	0.00212081565987	0.000695827534771	0	8.33326388947e-06	8.33326388947e-06	1.66665277789e-05	4.16663194473e-06	0	0.000291664236131	0	0.0003166640278	8.33326388947e-06	0	0	0	0	0	0	0	0	0.000416663194473	0	0.000279164340297	0	0	0	1.66665277789e-05	7.49993750052e-05	7.91660069499e-05	0	0	0	4.16663194473e-06	0	0.000949992083399	0.000370830243081	0.000499995833368	0	4.16663194473e-06	0	0	0	0	4.58329513921e-05	1.24998958342e-05	0.000379163506971	0.000116665694453	8.33326388947e-06	0	0	0.000108332430563	8.33326388947e-06	0.000295830868076	9.99991666736e-05	4.16663194473e-06	4.16663194473e-06	0	7.08327430605e-05
4.16663194473e-06	0.00369163590303	0.00540412163232	0	0	2.08331597237e-05	2.49997916684e-05	1.24998958342e-05	3.74996875026e-05	8.33326388947e-06	4.16663194473e-06	0.0111165740285	0	0.00481662652811	2.91664236131e-05	1.66665277789e-05	4.16663194473e-05	0.00745410454913	0.00440829659753	0.00902492479229	0	0.000420829826418	0.00023749802085	0.00167915267373	1.66665277789e-05	0.00212081565987	0.0610369913584	0.0220956492029	1.66665277789e-05	0.000124998958342	0.000249997916684	0.000820826493113	4.16663194473e-06	2.91664236131e-05	0.00542495479204	0	0.00196248364597	0.000220831493071	0	4.16663194473e-06	0	4.16663194473e-06	0	0	8.33326388947e-06	0	0.000274997708352	0	0.000166665277789	4.16663194473e-06	0	2.49997916684e-05	0.000170831909734	4.99995833368e-05	0.000212498229181	0	4.16663194473e-06	9.58325347289e-05	7.08327430605e-05	4.16663194473e-06	0.000733327222273	0.000733327222273	0.00130832243065	8.33326388947e-06	0	8.33326388947e-06	0	0	0	0.000108332430563	0.000983325138957	0.00242914642378	0.00326247281273	0.000520828993092	7.08327430605e-05	4.58329513921e-05	8.33326388947e-06	4.58329513921e-05	0.000345830451413	0.000216664861126	5.41662152815e-05	0	0	1.66665277789e-05
1.66665277789e-05	0.0059332838893	0.0111124073966	0	0	8.33326388947e-06	8.33326388947e-06	8.33326388947e-05	1.66665277789e-05	0.000133332222231	4.16663194473e-06	0.00201664986125	8.33326388947e-06	0.00240831326406	3.33330555579e-05	1.24998958342e-05	0.00204998291681	0.00280830993075	0.000374996875026	0.00185415121541	0	0.00119999000008	0.00357913684053	0.00752077066024	0.000279164340297	0.000695827534771	0.0220956492029	0.0587411771569	0.000295830868076	0.000183331805568	0.000608328263931	0.000204164965292	8.33326388947e-06	0.000154165381955	0.00382496812527	0	0.00167498604178	0.000320830659745	0	0	0	0	8.33326388947e-06	0	4.58329513921e-05	0	9.58325347289e-05	4.16663194473e-06	5.83328472263e-05	0	4.16663194473e-06	0.000141665486121	0.000204164965292	2.08331597237e-05	0.000124998958342	0	3.33330555579e-05	0.000754160381997	0.000245831284739	4.16663194473e-05	0.000191665069458	0.000337497187523	0.00101665819452	4.16663194473e-05	0	4.16663194473e-05	0	0	0	9.58325347289e-05	0.00160831993067	0.00182915142374	0.00294164215298	0.000762493645886	0.000133332222231	5.83328472263e-05	1.24998958342e-05	9.58325347289e-05	0.000254164548629	0.000162498645845	7.08327430605e-05	8.33326388947e-06	0	0
0.000495829201423	4.16663194473e-05	0.000495829201423	0	0.00156665361122	0	0.00086249281256	0.0134373880218	0.00070416079866	0.00169581920151	0.00149582086816	0	0.000345830451413	0	0.000562495312539	4.58329513921e-05	0.00305414121549	9.58325347289e-05	0	1.24998958342e-05	0.00136665527787	0.0061291155907	0.00188331763902	0.00291247572937	0.0103082474313	0	1.66665277789e-05	0.000295830868076	0.0371746902109	0.00216248197932	0.0053374555212	0	0	0.000920825659786	0.00233331388905	2.08331597237e-05	4.16663194473e-06	0	0	4.99995833368e-05	0	8.33326388947e-06	9.99991666736e-05	1.66665277789e-05	0.000741660486163	2.08331597237e-05	0	4.16663194473e-06	0	1.24998958342e-05	0	1.66665277789e-05	4.16663194473e-06	0	4.16663194473e-06	2.08331597237e-05	3.74996875026e-05	0.00014999875001	2.49997916684e-05	0.00054582878476	0	0	4.16663194473e-06	0.000249997916684	4.16663194473e-06	2.08331597237e-05	0	0	0	4.16663194473e-06	0.000770826909776	0.00014999875001	0.000745827118107	0.000262497812518	0.000358330347247	6.66661111157e-05	0	3.33330555579e-05	1.24998958342e-05	4.16663194473e-06	8.33326388947e-06	8.33326388947e-06	0	0
0.00339580503496	5.41662152815e-05	0.000520828993092	0	4.58329513921e-05	0.000799993333389	0.00405829951417	0.00329163923634	0.00733743885468	0.000645827951434	0.000429163090308	0.000249997916684	0.000262497812518	4.16663194473e-05	0.0130040582995	0.0001583320139	0.000591661736152	0.000145832118066	8.33326388947e-06	5.41662152815e-05	0.000124998958342	0.00192915059041	0.000608328263931	0.00155832034733	0.00101665819452	8.33326388947e-06	0.000124998958342	0.000183331805568	0.00216248197932	0.044932958892	0.0141873817718	0	0.00248747927101	0.00904575795202	0.0134748877093	8.33326388947e-06	1.66665277789e-05	0	0	1.24998958342e-05	0	0	3.33330555579e-05	8.33326388947e-06	0.000274997708352	8.33326388947e-06	0	0	0	4.16663194473e-06	0	8.33326388947e-06	4.16663194473e-06	0	0	4.16663194473e-06	2.08331597237e-05	9.58325347289e-05	4.16663194473e-06	0.000179165173624	4.16663194473e-06	0	4.16663194473e-06	9.99991666736e-05	0	1.66665277789e-05	0	0	0	4.16663194473e-06	0.00274164381963	0.000279164340297	0.00473746052116	0.00125832284731	0.00085415954867	0.000579161840318	4.16663194473e-06	4.58329513921e-05	4.16663194473e-06	4.16663194473e-06	1.24998958342e-05	8.33326388947e-06	0	0
0.00319580670161	0.000116665694453	0.00190415079874	0	6.2499479171e-05	1.24998958342e-05	0.00106249114591	0.00824993125057	0.00208748260431	0.000887492604228	0.000420829826418	0	0.000174998541679	8.33326388947e-06	0.00258331180573	8.74992708394e-05	0.00107499104174	0.000770826909776	0	5.83328472263e-05	0.000124998958342	0.0133707219107	0.00104582461813	0.00604994958375	0.00158748677094	8.33326388947e-06	0.000249997916684	0.000608328263931	0.0053374555212	0.0141873817718	0.0443746302114	0	8.33326388947e-06	0.00456246197948	0.0107499104174	8.33326388947e-06	1.66665277789e-05	1.24998958342e-05	0	4.16663194473e-05	0	0	3.33330555579e-05	4.16663194473e-06	0.000370830243081	2.08331597237e-05	0	0	0	4.16663194473e-06	0	1.66665277789e-05	1.66665277789e-05	0	4.16663194473e-06	4.16663194473e-06	2.49997916684e-05	0.00014999875001	3.74996875026e-05	0.00023749802085	4.16663194473e-06	0	4.16663194473e-05	9.58325347289e-05	0	2.08331597237e-05	0	0	0	1.66665277789e-05	0.00223331472238	0.000454162881976	0.00312497395855	0.000995825034791	0.0004749960417	0.000129165590287	8.33326388947e-06	2.49997916684e-05	0	1.66665277789e-05	2.08331597237e-05	0	0	0
0	0	0	0	0	0	0	0	0	0	0	0.000312497395855	0	0.000458329513921	0	0	0	0	4.16663194473e-06	1.24998958342e-05	0	0	0	0	0	1.66665277789e-05	0.000820826493113	0.000204164965292	0	0	0	0.000866659444505	0	0	8.33326388947e-06	0	0	0	0	0	0	0	0	0	0	0	0	0	0	0	0	0	0	0	0	0	0	0	0	0	0	0	0	0	0	0	0	0	0	0	0	8.33326388947e-06	4.16663194473e-06	0	0	0	0	0	0	0	0	0	0	0
1.24998958342e-05	0	4.16663194473e-06	0	0	0.00269581086824	0.00249997916684	4.16663194473e-06	0.00281664319464	0	4.16663194473e-06	3.74996875026e-05	4.16663194473e-06	4.16663194473e-06	0.00282914309047	3.74996875026e-05	0	0	0	0	0	8.33326388947e-06	8.33326388947e-06	1.24998958342e-05	0	4.16663194473e-06	4.16663194473e-06	8.33326388947e-06	0	0.00248747927101	8.33326388947e-06	0	0.00757910350747	4.58329513921e-05	0.00172081899318	0	0	0	0	0	0	0	0	0	0	0	0	0	0	0	0	0	0	0	0	0	0	0	0	0	0	0	0	0	0	0	0	0	0	0	5.41662152815e-05	1.24998958342e-05	0.000199998333347	3.33330555579e-05	4.58329513921e-05	0.000320830659745	0	0	0	0	0	0	0	0
0.000720827326439	2.91664236131e-05	0.000320830659745	0	4.16663194473e-06	4.16663194473e-06	0.000441662986142	0.00104582461813	0.000866659444505	0.000295830868076	8.74992708394e-05	1.24998958342e-05	4.58329513921e-05	1.66665277789e-05	0.00162498645845	5.83328472263e-05	0.000429163090308	7.91660069499e-05	0	8.33326388947e-06	2.08331597237e-05	0.00107915767369	0.000429163090308	0.000924992291731	0.000454162881976	0	2.91664236131e-05	0.000154165381955	0.000920825659786	0.00904575795202	0.00456246197948	0	4.58329513921e-05	0.0115249039591	0.00665827784768	0	1.66665277789e-05	0	0	0	0	4.16663194473e-06	1.66665277789e-05	4.16663194473e-06	0.000104165798618	0	0	0	0	4.16663194473e-06	0	4.16663194473e-06	4.16663194473e-06	0	0	0	2.08331597237e-05	6.2499479171e-05	8.33326388947e-06	5.83328472263e-05	4.16663194473e-06	0	8.33326388947e-06	4.99995833368e-05	0	1.24998958342e-05	0	0	0	4.16663194473e-06	0.00177081857651	0.000179165173624	0.00256247864601	0.000833326388947	0.000299997500021	0.000145832118066	4.16663194473e-06	3.33330555579e-05	4.16663194473e-06	4.16663194473e-06	1.24998958342e-05	4.16663194473e-06	0	0
0.00119165673619	0.000895825868118	0.0054207881601	0	1.66665277789e-05	0.0010708244098	0.0028124765627	0.00207498270848	0.00408746593778	0.000687494270881	0.000162498645845	0.00467912767394	0.000141665486121	0.000412496562529	0.00475829368089	0.000224998125016	0.0016208198265	0.00547912100732	0.000512495729202	0.00361663652803	3.74996875026e-05	0.00848326263948	0.00174581878484	0.00992491729236	0.00118749010425	0.000291664236131	0.00542495479204	0.00382496812527	0.00233331388905	0.0134748877093	0.0107499104174	8.33326388947e-06	0.00172081899318	0.00665827784768	0.0540995491704	4.16663194473e-06	0.000320830659745	7.08327430605e-05	0	4.16663194473e-06	0	4.16663194473e-06	4.99995833368e-05	4.16663194473e-06	0.000233331388905	8.33326388947e-06	4.16663194473e-05	0	2.91664236131e-05	1.24998958342e-05	0	2.49997916684e-05	6.66661111157e-05	1.24998958342e-05	2.08331597237e-05	0	4.58329513921e-05	0.000320830659745	8.74992708394e-05	0.000154165381955	0.000104165798618	9.99991666736e-05	0.000287497604187	0.000112499062508	0	3.74996875026e-05	0	0	0	3.74996875026e-05	0.00805409954917	0.00287080940992	0.0203206639945	0.00497495854201	0.00143748802093	0.00125415621536	7.91660069499e-05	0.00014999875001	2.49997916684e-05	6.66661111157e-05	4.99995833368e-05	1.24998958342e-05	0	0
4.16663194473e-06	0	8.33326388947e-06	0	0	0	0	1.24998958342e-05	0	4.16663194473e-05	0	0	0	0	0	0	1.66665277789e-05	0	0	0	4.16663194473e-06	0	1.24998958342e-05	0	2.91664236131e-05	0	0	0	2.08331597237e-05	8.33326388947e-06	8.33326388947e-06	0	0	0	4.16663194473e-06	0.0181373488554	4.16663194473e-06	2.91664236131e-05	0	5.41662152815e-05	8.33326388947e-06	0.00111249072924	0.00568745260456	0.00228331430571	0.000191665069458	0.000508329097258	2.08331597237e-05	0.000204164965292	4.16663194473e-06	0.00614161548654	4.99995833368e-05	0.000120832326397	3.33330555579e-05	0	0	7.91660069499e-05	0.000324997291689	9.16659027841e-05	0.00038749677086	0.000833326388947	4.16663194473e-06	8.33326388947e-06	3.33330555579e-05	0.00148748760427	0.00648327930601	0.00201664986125	0	1.66665277789e-05	0.00124998958342	0.000949992083399	4.16663194473e-06	0	4.16663194473e-06	0	1.24998958342e-05	0	0	0.000920825659786	0.000112499062508	0.000874992708394	0.00023749802085	0.000916659027841	8.33326388947e-05	0
0	0.00252081232656	0.000679161006992	0	0	0	0	0	0	1.24998958342e-05	0	0.000245831284739	0	9.58325347289e-05	0	0	3.74996875026e-05	0.000291664236131	9.99991666736e-05	0.000262497812518	0	2.91664236131e-05	0.000345830451413	0.000266664444463	8.33326388947e-06	0.0003166640278	0.00196248364597	0.00167498604178	4.16663194473e-06	1.66665277789e-05	1.66665277789e-05	0	0	1.66665277789e-05	0.000320830659745	4.16663194473e-06	0.0169415254873	0.00156665361122	0	0	0	0	2.49997916684e-05	8.33326388947e-06	4.16663194473e-05	0	0.000558328680594	0	0.000283330972242	1.66665277789e-05	0	0.000245831284739	0.00120832326397	0.000141665486121	0.000720827326439	0	0.000154165381955	0.00187498437513	0.000608328263931	4.58329513921e-05	0.00202914975709	0.00277081024325	0.0100415829868	4.58329513921e-05	1.66665277789e-05	2.91664236131e-05	4.16663194473e-06	0	0	0.000604161631986	0.000133332222231	0.000233331388905	0.000270831076408	6.2499479171e-05	8.33326388947e-06	0	0	0.000270831076408	0.00129582253481	0.000979158507012	0.000279164340297	8.33326388947e-06	8.33326388947e-06	2.08331597237e-05
0	0.00046666277781	0.000199998333347	0	0	0	0	0	0	8.33326388947e-06	0	4.16663194473e-06	0	0	0	0	3.74996875026e-05	5.83328472263e-05	8.33326388947e-06	2.08331597237e-05	0	1.24998958342e-05	0.000174998541679	9.16659027841e-05	8.33326388947e-06	8.33326388947e-06	0.000220831493071	0.000320830659745	0	0	1.24998958342e-05	0	0	0	7.08327430605e-05	2.91664236131e-05	0.00156665361122	0.0250747910434	0	0	4.16663194473e-06	2.08331597237e-05	0.000187498437513	2.49997916684e-05	2.49997916684e-05	4.16663194473e-06	0.000129165590287	0	4.16663194473e-06	3.33330555579e-05	0	0.000720827326439	0.00467079441005	2.91664236131e-05	0.000595828368097	0	0.00149165423621	0.000904159132007	0.00728327263939	0.000154165381955	3.74996875026e-05	0.00581661819485	0.0108290764244	0.000429163090308	1.24998958342e-05	0.000812493229223	0	0	0	0.00147915434038	6.2499479171e-05	3.33330555579e-05	5.41662152815e-05	2.08331597237e-05	8.33326388947e-06	4.16663194473e-06	0	0.000987491770902	0.00208331597237	0.00198331680569	0.000791660069499	4.16663194473e-05	2.49997916684e-05	4.16663194473e-06
0	0	0	0	0	0	0	0	0	0	0	0	0	0	0	0	0	0	0	0	0	0	0	0	0	0	0	0	0	0	0	0	0	0	0	0	0	0	0	0	0	0	0	0	0	0	0	0	0	0	0	0	0	0	0	0	0	0	0	0	0	0	0	0	0	0	0	0	0	0	0	0	0	0	0	0	0	0	0	0	0	0	0	0
8.33326388947e-06	0	8.33326388947e-06	0	0.00199581670153	0	4.16663194473e-06	4.16663194473e-05	8.33326388947e-06	0.000137498854176	0	0	1.66665277789e-05	0	8.33326388947e-06	0	4.16663194473e-06	4.16663194473e-06	0	0	2.91664236131e-05	1.66665277789e-05	1.24998958342e-05	8.33326388947e-06	6.2499479171e-05	0	4.16663194473e-06	0	4.99995833368e-05	1.24998958342e-05	4.16663194473e-05	0	0	0	4.16663194473e-06	5.41662152815e-05	0	0	0	0.0143332138899	0	0.000212498229181	0.00149582086816	0.000137498854176	0.000745827118107	0.00327913934051	0	0.000795826701444	0	0.000195831701402	1.24998958342e-05	4.16663194473e-06	0	0	0	0.00634161381988	3.33330555579e-05	1.66665277789e-05	2.08331597237e-05	0.00471246072949	0	0	0	0.00459579503504	2.08331597237e-05	6.2499479171e-05	0	0	4.16663194473e-06	1.66665277789e-05	2.08331597237e-05	4.16663194473e-06	4.16663194473e-06	4.16663194473e-06	4.16663194473e-05	0	0	3.33330555579e-05	0	2.49997916684e-05	8.33326388947e-06	1.66665277789e-05	4.16663194473e-06	0
0	0	0	0	0	0	0	0	0	0	0	0	0	0	0	0	0	0	0	0	0	0	0	0	0	0	0	0	0	0	0	0	0	0	0	8.33326388947e-06	0	4.16663194473e-06	0	0	0.00222498145849	0.00086249281256	0	0.000199998333347	0	0	0	0	0	6.66661111157e-05	0.000449996250031	0	0	0	0	0	0	4.16663194473e-06	0	0	0	0	4.16663194473e-06	0	8.74992708394e-05	0	0	0.000566661944484	0	5.83328472263e-05	0	0	0	0	0	0	0	4.16663194473e-06	4.16663194473e-06	4.16663194473e-05	4.16663194473e-06	0.000508329097258	0.000699994166715	0
0	0	0	0	1.24998958342e-05	0	4.16663194473e-06	1.24998958342e-05	4.16663194473e-06	2.91664236131e-05	0	0	2.08331597237e-05	0	0	0	0	0	0	0	0	0	8.33326388947e-06	0	1.24998958342e-05	0	4.16663194473e-06	0	8.33326388947e-06	0	0	0	0	4.16663194473e-06	4.16663194473e-06	0.00111249072924	0	2.08331597237e-05	0	0.000212498229181	0.00086249281256	0.0317789018425	0.00246247947934	0.00893325888951	0.00022916475696	0.00656244531296	3.74996875026e-05	0.00482912642395	1.24998958342e-05	0.00465412788227	0.00306247447938	2.91664236131e-05	2.91664236131e-05	4.16663194473e-06	8.33326388947e-06	0.000987491770902	0.000129165590287	2.49997916684e-05	8.33326388947e-05	0.00070416079866	0	1.24998958342e-05	1.24998958342e-05	0.00119999000008	0.00205414954875	0.000283330972242	0	0.000654161215323	4.58329513921e-05	0.000749993750052	0	0	4.16663194473e-06	0	4.16663194473e-06	0	0	0.000233331388905	2.91664236131e-05	0.000708327430605	0.000108332430563	0.00364580295164	0.0012666561112	0
