0.0322254757263	4.73555851966e-05	0.000619568906323	0	4.73555851966e-05	1.18388962992e-05	0.000955004301466	0.0204023646222	0.0134766102872	0.000299918706245	0.00365427265767	0.00103787657556	0.000351220590208	0.000106550066692	0.0146052517344	0.00022888532845	0.000153905651889	0.00061167630879	0.000438039163069	0.000564320723593	0.000576159619893	0.000868185728605	0.000303865005012	0.00189422340787	0.000757689363146	3.15703901311e-05	0.000647192997687	0.000505126242098	0.00322412609214	0.00707176738937	0.00549324788281	3.15703901311e-05	0.000173637145721	0.000146013054356	0.00430146565536	4.34092864303e-05	7.49796765614e-05	6.31407802622e-05	0	0.000173637145721	0	1.97314938319e-05	0.000319650200077	1.57851950655e-05	0.000824776442175	5.1301883963e-05	1.18388962992e-05	3.55166888975e-05	0	5.1301883963e-05	3.94629876639e-06	4.73555851966e-05	2.76240913647e-05	0	7.89259753277e-06	0.000138120456824	6.70870790286e-05	0.000205207535852	0.000110496365459	0.000651139296454	3.94629876639e-06	4.34092864303e-05	7.49796765614e-05	0.000808991247109	0.000114442664225	0.000114442664225	0	0	2.36777925983e-05	9.86574691597e-05	0.00215073282768	0.000414361370471	0.00442774721589	0.00108917845952	0.000627461503856	0.000217046432151	1.18388962992e-05	7.1033377795e-05	1.57851950655e-05	9.07648716269e-05	2.76240913647e-05	0	0	7.89259753277e-06
4.73555851966e-05	0.00715463966346	0.000292026108713	0	1.18388962992e-05	7.89259753277e-06	1.97314938319e-05	0.000110496365459	4.34092864303e-05	0.000702441180417	3.94629876639e-06	0.000114442664225	1.57851950655e-05	0.00014206675559	2.76240913647e-05	4.34092864303e-05	0.000820830143408	0.000307811303778	2.76240913647e-05	0.000193368639553	7.89259753277e-06	0.000248616822282	0.00388710428489	0.000635354101388	0.00141672125713	0.000528804034696	0.000516965138397	0.00414756000347	0.000505126242098	4.34092864303e-05	0.000153905651889	3.15703901311e-05	7.89259753277e-06	7.89259753277e-06	0.000276240913647	7.89259753277e-06	0.00115231923979	0.000173637145721	0	1.18388962992e-05	0	0	2.76240913647e-05	0	4.34092864303e-05	0	3.94629876639e-06	0	1.18388962992e-05	1.18388962992e-05	0	3.94629876639e-05	7.89259753277e-05	0	3.94629876639e-05	3.94629876639e-06	2.36777925983e-05	0.000122335261758	8.28722740941e-05	4.34092864303e-05	2.36777925983e-05	0.000248616822282	0.000951058002699	6.31407802622e-05	1.18388962992e-05	2.76240913647e-05	0	0	0	3.94629876639e-05	0.000473555851966	0.000197314938319	0.000307811303778	5.91944814958e-05	6.31407802622e-05	3.94629876639e-06	0	3.55166888975e-05	1.97314938319e-05	3.15703901311e-05	1.18388962992e-05	0	0	0
0.000619568906323	0.000292026108713	0.0307179895976	0	3.94629876639e-06	0	7.49796765614e-05	0.00169690846955	0.000414361370471	8.28722740941e-05	7.49796765614e-05	0.000173637145721	1.97314938319e-05	8.28722740941e-05	0.000292026108713	5.1301883963e-05	0.000252563121049	0.00566293872977	5.52481827294e-05	0.000844507936007	1.18388962992e-05	0.00110496365459	0.00042620026677	0.00856741462183	0.000418307669237	4.73555851966e-05	0.00481448449499	0.0103314101704	0.00185870671897	0.000122335261758	0.000473555851966	7.89259753277e-06	1.97314938319e-05	1.18388962992e-05	0.00161798249422	6.31407802622e-05	0.00393051357132	0.00242697374133	0	7.89259753277e-06	0	1.57851950655e-05	0.000201261237086	1.18388962992e-05	0.00022888532845	1.97314938319e-05	3.15703901311e-05	0	7.89259753277e-06	5.91944814958e-05	0	0.000264402017348	0.000706387479183	0	9.86574691597e-05	7.89259753277e-06	0.000169690846955	0.00126676190401	0.00106550066692	0.000149959353123	2.76240913647e-05	0.000777420856978	0.00442774721589	0.000461716955667	8.68185728605e-05	8.28722740941e-05	3.94629876639e-06	3.94629876639e-06	3.55166888975e-05	0.00032754279761	0.00408441922321	0.000986574691597	0.00227701438821	0.000603783711257	0.000209153834619	2.76240913647e-05	3.94629876639e-06	0.000434092864303	0.000307811303778	0.000268348316114	0.000106550066692	0	0	0
0	0	0	0	0	0	0	0	0	0	0	0	0	0	0	0	0	0	0	0	0	0	0	0	0	0	0	0	0	0	0	0	0	0	0	0	0	0	0	0	0	0	0	0	0	0	0	0	0	0	0	0	0	0	0	0	0	0	0	0	0	0	0	0	0	0	0	0	0	0	0	0	0	0	0	0	0	0	0	0	0	0	0	0
4.73555851966e-05	1.18388962992e-05	3.94629876639e-06	0	0.01234796884	1.57851950655e-05	0.000213100133385	0.000335435395143	0.00018547604202	0.000974735795298	0.000883970923671	3.55166888975e-05	0.00219019581534	1.57851950655e-05	7.1033377795e-05	0.000165744548188	0	0	7.89259753277e-06	1.97314938319e-05	0.0051420272926	7.89259753277e-06	1.97314938319e-05	7.89259753277e-06	0.00219019581534	1.18388962992e-05	3.15703901311e-05	7.89259753277e-06	0.00472371962337	6.31407802622e-05	1.57851950655e-05	7.89259753277e-06	7.89259753277e-06	7.89259753277e-06	9.47111703933e-05	7.89259753277e-06	1.57851950655e-05	0	0	0.00115626553855	0	1.97314938319e-05	5.91944814958e-05	0	0.000532750333462	0.000157851950655	3.94629876639e-06	0.000430146565536	0	1.18388962992e-05	3.94629876639e-06	3.94629876639e-06	0	0	3.94629876639e-06	0.000998413587896	0	1.57851950655e-05	0	0.000785313454511	3.94629876639e-06	3.94629876639e-06	1.18388962992e-05	0.000181529743254	1.57851950655e-05	0	0	0	7.89259753277e-06	3.55166888975e-05	3.55166888975e-05	7.89259753277e-06	0.000153905651889	3.55166888975e-05	0.000323596498844	1.18388962992e-05	3.94629876639e-06	7.89259753277e-06	0	1.97314938319e-05	0	1.18388962992e-05	0	0
1.18388962992e-05	7.89259753277e-06	0	0	1.57851950655e-05	0.00318071680571	0.00191790120046	3.15703901311e-05	0.00108917845952	2.76240913647e-05	2.76240913647e-05	2.76240913647e-05	5.91944814958e-05	0	6.70870790286e-05	0.000698494881651	0	0	3.94629876639e-06	0	2.76240913647e-05	7.89259753277e-06	7.89259753277e-06	7.89259753277e-06	2.36777925983e-05	3.94629876639e-06	0	0	2.76240913647e-05	5.1301883963e-05	1.57851950655e-05	0	0.000726118973015	0	9.47111703933e-05	0	3.94629876639e-06	0	0	0	0	0	3.94629876639e-06	0	7.89259753277e-06	0	0	0	3.94629876639e-06	0	3.94629876639e-06	0	3.94629876639e-06	0	0	0	0	0	0	3.94629876639e-06	0	7.89259753277e-06	0	1.18388962992e-05	0	0	0	0	0	0	9.47111703933e-05	3.94629876639e-06	5.91944814958e-05	3.15703901311e-05	0.000465663254434	0.00018547604202	0	0	0	0	0	0	0	0
0.000955004301466	1.97314938319e-05	7.49796765614e-05	0	0.000213100133385	0.00191790120046	0.036909732362	0.00501969203084	0.0192934546689	0.000335435395143	0.0128609876797	0.00171269366461	0.00733222310795	0.000193368639553	0.00307022044025	0.00227701438821	3.15703901311e-05	4.34092864303e-05	0.000481448449499	0.00038279098034	0.00209153834619	7.49796765614e-05	6.31407802622e-05	0.000173637145721	0.000564320723593	6.31407802622e-05	0.000615622607556	0.000169690846955	0.00353588369468	0.00114442664225	0.000193368639553	4.73555851966e-05	0.00202050496839	2.36777925983e-05	0.00277424803277	1.57851950655e-05	2.36777925983e-05	1.18388962992e-05	0	0.000138120456824	0	1.18388962992e-05	0.000157851950655	1.97314938319e-05	0.000351220590208	6.31407802622e-05	3.94629876639e-06	2.36777925983e-05	1.97314938319e-05	2.76240913647e-05	0	1.97314938319e-05	0	3.94629876639e-06	3.94629876639e-06	9.86574691597e-05	3.94629876639e-06	2.36777925983e-05	7.89259753277e-06	0.000390683577872	2.36777925983e-05	4.73555851966e-05	4.73555851966e-05	0.000347274291442	3.15703901311e-05	1.57851950655e-05	0	3.94629876639e-06	1.97314938319e-05	3.15703901311e-05	0.0023125310771	0.00022888532845	0.00254141640555	0.00065508559522	0.00499996053701	0.00101419878296	1.18388962992e-05	2.76240913647e-05	7.89259753277e-06	2.76240913647e-05	1.57851950655e-05	0	0	7.89259753277e-06
0.0204023646222	0.000110496365459	0.00169690846955	0	0.000335435395143	3.15703901311e-05	0.00501969203084	0.0647350849638	0.0158720136384	0.00183502892637	0.011385071941	0.00116810443485	0.00101419878296	0.000157851950655	0.011317984862	0.000572213321126	0.000359113187741	0.00161798249422	0.000449878059368	0.00089580981997	0.000544589229761	0.00204812905975	0.000651139296454	0.00485394748266	0.0033583002502	3.15703901311e-05	0.00110101735582	0.00111285625212	0.0213376374299	0.00543010710255	0.00960529119739	5.91944814958e-05	0.000260455718582	0.000295972407479	0.00625093724596	0.000173637145721	0.000189422340787	0.00014206675559	0	0.00140093606207	0	0.000118388962992	0.00119572852622	0.000114442664225	0.00409231182074	0.00056826702236	3.15703901311e-05	0.000209153834619	1.18388962992e-05	0.000319650200077	2.36777925983e-05	0.000126281560524	5.52481827294e-05	7.89259753277e-06	7.89259753277e-06	0.000986574691597	0.000173637145721	0.00042620026677	0.00022888532845	0.0038279098034	1.57851950655e-05	0.000114442664225	0.000256509419815	0.00316098531188	0.000319650200077	0.000260455718582	0	0	0.000110496365459	0.000339381693909	0.00441985461835	0.000698494881651	0.00736379349808	0.00205996795605	0.00143645275096	0.000386737279106	2.36777925983e-05	0.000217046432151	6.70870790286e-05	0.000323596498844	0.000106550066692	7.89259753277e-06	3.94629876639e-06	1.57851950655e-05
0.0134766102872	4.34092864303e-05	0.000414361370471	0	0.00018547604202	0.00108917845952	0.0192934546689	0.0158720136384	0.0554928532529	0.000390683577872	0.0114126960324	0.00293604628219	0.00293999258096	0.000331489096377	0.0190803545355	0.00105366177063	0.000110496365459	0.000398576175405	0.00085240053354	0.000631407802622	0.00258877199075	0.00051301883963	0.000217046432151	0.00119967482498	0.000808991247109	8.68185728605e-05	0.000943165405166	0.000473555851966	0.00480264559869	0.00370557454164	0.00202839756592	0.000126281560524	0.00301102595875	6.31407802622e-05	0.00566688502853	3.94629876639e-05	6.31407802622e-05	5.52481827294e-05	0	0.000288079809946	0	4.73555851966e-05	0.000363059486508	2.76240913647e-05	0.000856346832306	0.000134174158057	1.97314938319e-05	6.31407802622e-05	2.36777925983e-05	7.49796765614e-05	3.94629876639e-06	3.15703901311e-05	1.97314938319e-05	0	3.94629876639e-06	0.000205207535852	4.34092864303e-05	0.000106550066692	7.1033377795e-05	0.00084056163724	2.76240913647e-05	8.28722740941e-05	8.68185728605e-05	0.000769528259445	0.000106550066692	5.91944814958e-05	3.94629876639e-06	3.94629876639e-06	3.15703901311e-05	9.47111703933e-05	0.00269532205744	0.000390683577872	0.0046369010505	0.00113653404472	0.00292420738589	0.00102998397803	3.55166888975e-05	4.34092864303e-05	7.89259753277e-06	8.68185728605e-05	1.57851950655e-05	0	0	1.57851950655e-05
0.000299918706245	0.000702441180417	8.28722740941e-05	0	0.000974735795298	2.76240913647e-05	0.000335435395143	0.00183502892637	0.000390683577872	0.0182319003007	0.00111680255089	9.47111703933e-05	0.00203234386469	3.15703901311e-05	0.000244670523516	0.00125886930648	0.000236777925983	4.73555851966e-05	1.97314938319e-05	5.1301883963e-05	0.000911595015035	0.000134174158057	0.00367400415151	0.000268348316114	0.00823592552545	9.47111703933e-05	9.07648716269e-05	0.000331489096377	0.00499996053701	0.000264402017348	0.000473555851966	1.18388962992e-05	1.18388962992e-05	2.76240913647e-05	0.000315703901311	9.86574691597e-05	9.47111703933e-05	2.76240913647e-05	0	0.00218230321781	3.94629876639e-06	0.000102603767926	0.000844507936007	2.76240913647e-05	0.00589182405822	0.000516965138397	1.18388962992e-05	0.00071033377795	7.89259753277e-06	8.28722740941e-05	4.34092864303e-05	7.49796765614e-05	2.36777925983e-05	3.94629876639e-06	1.97314938319e-05	0.00199682717579	0.000130227859291	0.000627461503856	0.000130227859291	0.00445931760602	0	2.76240913647e-05	0.000118388962992	0.00258877199075	0.000122335261758	0.000272294614881	0	7.89259753277e-06	5.52481827294e-05	0.000193368639553	0.000516965138397	0.000102603767926	0.000315703901311	0.000118388962992	0.00148775463493	1.97314938319e-05	0	0.000264402017348	6.70870790286e-05	0.000173637145721	8.28722740941e-05	7.89259753277e-05	3.94629876639e-06	0
0.00365427265767	3.94629876639e-06	7.49796765614e-05	0	0.000883970923671	2.76240913647e-05	0.0128609876797	0.011385071941	0.0114126960324	0.00111680255089	0.0446247464503	0.00141277495837	0.00591550185081	0.000146013054356	0.00385948019353	0.000363059486508	5.1301883963e-05	8.68185728605e-05	0.000532750333462	0.000461716955667	0.00713885446839	8.28722740941e-05	8.68185728605e-05	0.000224939029684	0.000714280076716	1.97314938319e-05	0.000591944814958	0.000205207535852	0.00720594154742	0.00207969944989	0.000260455718582	6.31407802622e-05	0.000209153834619	5.1301883963e-05	0.00325569648227	1.18388962992e-05	2.36777925983e-05	1.97314938319e-05	0	0.000951058002699	0	2.76240913647e-05	0.000201261237086	1.57851950655e-05	0.000986574691597	0.000260455718582	0	0.000268348316114	3.94629876639e-06	5.52481827294e-05	1.97314938319e-05	1.18388962992e-05	3.94629876639e-06	3.94629876639e-06	1.18388962992e-05	0.00089580981997	1.18388962992e-05	3.15703901311e-05	7.89259753277e-06	0.00159430470162	1.57851950655e-05	3.55166888975e-05	3.94629876639e-05	0.000576159619893	5.1301883963e-05	1.57851950655e-05	3.94629876639e-06	0	1.57851950655e-05	5.1301883963e-05	0.00098262839283	0.000153905651889	0.00349247440825	0.000757689363146	0.00114442664225	0.000319650200077	7.89259753277e-06	2.76240913647e-05	7.89259753277e-06	3.15703901311e-05	2.36777925983e-05	2.76240913647e-05	0	0
0.00103787657556	0.000114442664225	0.000173637145721	0	3.55166888975e-05	2.76240913647e-05	0.00171269366461	0.00116810443485	0.00293604628219	9.47111703933e-05	0.00141277495837	0.0374424826955	0.000572213321126	0.00754137694257	0.00183502892637	0.000173637145721	5.91944814958e-05	0.000943165405166	0.00766765850309	0.00703625070047	0.000635354101388	0.000272294614881	0.000114442664225	0.000548535528528	0.000205207535852	0.00363059486508	0.00758083993023	0.00149959353123	0.000793206052044	0.00117599703238	0.000280187212413	0.00247038302776	0.000319650200077	2.76240913647e-05	0.0126952431315	1.97314938319e-05	0.000430146565536	3.15703901311e-05	0	3.15703901311e-05	0	1.18388962992e-05	5.91944814958e-05	7.89259753277e-06	0.00014206675559	3.55166888975e-05	0.000781367155745	1.57851950655e-05	0.00178767334117	3.94629876639e-05	7.89259753277e-06	1.57851950655e-05	2.76240913647e-05	0.000173637145721	0.000232831627217	2.36777925983e-05	1.97314938319e-05	3.94629876639e-05	3.55166888975e-05	0.000138120456824	0.000978682094064	0.00211916243755	0.00115231923979	0.000146013054356	5.91944814958e-05	1.57851950655e-05	9.07648716269e-05	0	3.94629876639e-06	0.000102603767926	0.0028413351118	0.00338987064033	0.00936062067387	0.00109312475829	0.00075374306438	9.47111703933e-05	0.000737957869314	5.1301883963e-05	0.000406468772938	0.000165744548188	1.18388962992e-05	3.94629876639e-06	0	4.34092864303e-05
0.000351220590208	1.57851950655e-05	1.97314938319e-05	0	0.00219019581534	5.91944814958e-05	0.00733222310795	0.00101419878296	0.00293999258096	0.00203234386469	0.00591550185081	0.000572213321126	0.0269334890806	5.1301883963e-05	0.000903702417503	0.00162587509175	1.57851950655e-05	7.89259753277e-06	0.000224939029684	0.000213100133385	0.011317984862	1.97314938319e-05	4.34092864303e-05	2.76240913647e-05	0.00196920308443	1.57851950655e-05	0.000268348316114	5.91944814958e-05	0.00215073282768	0.000576159619893	2.76240913647e-05	0	0.000110496365459	1.18388962992e-05	0.00106155436816	7.89259753277e-06	0	3.94629876639e-06	0	0.000532750333462	0	2.76240913647e-05	3.94629876639e-05	7.89259753277e-06	0.000591944814958	0.000118388962992	0	0.000615622607556	3.94629876639e-06	1.97314938319e-05	7.89259753277e-06	3.94629876639e-06	3.94629876639e-06	0	0	0.000824776442175	0	1.57851950655e-05	3.94629876639e-06	0.000737957869314	7.89259753277e-06	7.89259753277e-06	1.18388962992e-05	0.000138120456824	1.57851950655e-05	1.18388962992e-05	0	0	3.94629876639e-06	1.18388962992e-05	0.000244670523516	4.34092864303e-05	0.000836615338474	0.000122335261758	0.00226517549191	0.000138120456824	3.94629876639e-06	1.97314938319e-05	3.94629876639e-06	2.36777925983e-05	7.89259753277e-06	1.18388962992e-05	0	3.94629876639e-06
0.000106550066692	0.00014206675559	8.28722740941e-05	0	1.57851950655e-05	0	0.000193368639553	0.000157851950655	0.000331489096377	3.15703901311e-05	0.000146013054356	0.00754137694257	5.1301883963e-05	0.0194710381134	0.000189422340787	3.55166888975e-05	2.76240913647e-05	7.89259753277e-05	0.000662978192753	0.000319650200077	7.49796765614e-05	6.70870790286e-05	9.07648716269e-05	0.000134174158057	8.68185728605e-05	0.00619174276446	0.00385158759599	0.00334251505513	0.000122335261758	0.00014206675559	4.34092864303e-05	0.00293999258096	4.34092864303e-05	3.94629876639e-06	0.00118388962992	3.94629876639e-06	0.000331489096377	1.57851950655e-05	0	3.94629876639e-06	0	1.57851950655e-05	2.36777925983e-05	3.94629876639e-06	2.36777925983e-05	1.18388962992e-05	0.00071033377795	1.57851950655e-05	0.00171663996338	5.52481827294e-05	7.89259753277e-06	7.89259753277e-06	7.89259753277e-06	0.00022888532845	0.000169690846955	3.94629876639e-06	1.18388962992e-05	1.97314938319e-05	1.97314938319e-05	2.36777925983e-05	0.00176794184734	0.0022888532845	0.00144039904973	3.15703901311e-05	9.86574691597e-05	3.94629876639e-06	8.28722740941e-05	3.94629876639e-06	1.18388962992e-05	0.000149959353123	0.000970789496531	0.00149170093369	0.00163771398805	0.000694548582884	9.47111703933e-05	0.000161798249422	0.000943165405166	9.86574691597e-05	0.000461716955667	0.000295972407479	8.68185728605e-05	0	0	7.1033377795e-05
0.0146052517344	2.76240913647e-05	0.000292026108713	0	7.1033377795e-05	6.70870790286e-05	0.00307022044025	0.011317984862	0.0190803545355	0.000244670523516	0.00385948019353	0.00183502892637	0.000903702417503	0.000189422340787	0.0350036700579	0.000343327992676	9.47111703933e-05	0.00028413351118	0.000461716955667	0.000355166888975	0.00106944696569	0.000390683577872	0.000153905651889	0.000793206052044	0.000599837412491	7.49796765614e-05	0.000434092864303	0.000323596498844	0.00232831627217	0.00730459901658	0.00267953686238	4.73555851966e-05	0.0013496341781	8.68185728605e-05	0.00399365435158	2.76240913647e-05	6.31407802622e-05	4.73555851966e-05	0	0.000146013054356	0	7.89259753277e-06	0.000220992730918	3.94629876639e-06	0.000560374424827	6.70870790286e-05	1.57851950655e-05	2.76240913647e-05	1.18388962992e-05	3.15703901311e-05	0	1.97314938319e-05	1.18388962992e-05	0	3.94629876639e-06	0.000114442664225	3.55166888975e-05	0.000106550066692	5.91944814958e-05	0.000465663254434	3.15703901311e-05	5.1301883963e-05	7.49796765614e-05	0.000532750333462	7.1033377795e-05	5.91944814958e-05	0	0	1.57851950655e-05	4.73555851966e-05	0.00165349918312	0.000323596498844	0.00318466310447	0.00079715235081	0.00100235988666	0.000244670523516	1.18388962992e-05	3.15703901311e-05	0	5.91944814958e-05	2.36777925983e-05	0	0	7.89259753277e-06
0.00022888532845	4.34092864303e-05	5.1301883963e-05	0	0.000165744548188	0.000698494881651	0.00227701438821	0.000572213321126	0.00105366177063	0.00125886930648	0.000363059486508	0.000173637145721	0.00162587509175	3.55166888975e-05	0.000343327992676	0.00818856994025	3.94629876639e-05	1.97314938319e-05	5.52481827294e-05	3.55166888975e-05	0.000351220590208	0.000169690846955	0.000126281560524	0.000236777925983	0.000816883844642	7.89259753277e-06	4.73555851966e-05	7.89259753277e-05	0.000694548582884	0.000169690846955	0.000197314938319	3.94629876639e-06	9.86574691597e-05	3.94629876639e-06	0.000359113187741	2.36777925983e-05	7.89259753277e-06	1.57851950655e-05	0	5.1301883963e-05	0	3.94629876639e-06	0.000110496365459	3.94629876639e-06	0.000193368639553	1.97314938319e-05	0	7.89259753277e-06	3.94629876639e-06	1.97314938319e-05	0	1.18388962992e-05	3.94629876639e-06	3.94629876639e-06	3.94629876639e-06	5.1301883963e-05	1.97314938319e-05	4.34092864303e-05	6.70870790286e-05	0.000153905651889	3.94629876639e-06	2.36777925983e-05	2.76240913647e-05	0.000197314938319	1.57851950655e-05	4.34092864303e-05	0	0	7.89259753277e-06	2.76240913647e-05	0.00104576917309	9.86574691597e-05	0.000477502150733	0.000110496365459	0.00250589971666	7.49796765614e-05	0	5.52481827294e-05	2.36777925983e-05	5.52481827294e-05	7.89259753277e-05	7.89259753277e-06	0	0
0.000153905651889	0.000820830143408	0.000252563121049	0	0	0	3.15703901311e-05	0.000359113187741	0.000110496365459	0.000236777925983	5.1301883963e-05	5.91944814958e-05	1.57851950655e-05	2.76240913647e-05	9.47111703933e-05	3.94629876639e-05	0.0185239264094	0.000177583444487	2.76240913647e-05	5.52481827294e-05	7.89259753277e-06	0.0041791303936	0.00726513602892	0.00711123037703	0.00942376145413	5.91944814958e-05	0.00014206675559	0.00423437857633	0.0037805542182	0.000106550066692	0.000674817089052	7.89259753277e-06	3.94629876639e-06	1.97314938319e-05	0.000465663254434	1.57851950655e-05	0.000217046432151	0.000161798249422	0	7.89259753277e-06	0	3.94629876639e-06	0.000244670523516	3.94629876639e-06	0.000299918706245	1.57851950655e-05	0	0	0	1.57851950655e-05	0	0.00105366177063	5.91944814958e-05	0	1.18388962992e-05	7.89259753277e-06	0.000777420856978	0.00301497225752	0.000943165405166	0.000299918706245	7.89259753277e-06	7.49796765614e-05	0.000449878059368	0.000812937545876	2.76240913647e-05	0.00038279098034	0	0	1.57851950655e-05	0.000169690846955	0.00135358047687	0.000666924491519	0.000516965138397	0.000146013054356	0.000126281560524	1.57851950655e-05	0	0.000217046432151	8.68185728605e-05	0.000114442664225	5.52481827294e-05	0	0	0
0.00061167630879	0.000307811303778	0.00566293872977	0	0	0	4.34092864303e-05	0.00161798249422	0.000398576175405	4.73555851966e-05	8.68185728605e-05	0.000943165405166	7.89259753277e-06	7.89259753277e-05	0.00028413351118	1.97314938319e-05	0.000177583444487	0.0278016748092	0.000311757602545	0.00777026227102	3.55166888975e-05	0.00134568787934	0.00024072422475	0.00891468891327	0.000189422340787	3.94629876639e-05	0.00683104316462	0.00604178341134	0.000966843197765	0.000118388962992	0.0014325064522	2.36777925983e-05	1.97314938319e-05	1.18388962992e-05	0.00683498946338	1.57851950655e-05	0.00174426405474	0.000631407802622	0	3.94629876639e-06	0	3.94629876639e-06	5.91944814958e-05	7.89259753277e-06	5.91944814958e-05	0	2.36777925983e-05	0	7.89259753277e-06	1.97314938319e-05	0	4.73555851966e-05	0.000406468772938	2.36777925983e-05	0.000169690846955	3.94629876639e-06	6.31407802622e-05	0.000153905651889	0.00018547604202	4.34092864303e-05	4.34092864303e-05	0.00109312475829	0.00179951223747	0.00014206675559	1.57851950655e-05	3.55166888975e-05	0	0	3.94629876639e-06	0.000138120456824	0.00259271828952	0.00110496365459	0.00348458181072	0.000785313454511	0.00014206675559	3.94629876639e-05	7.89259753277e-06	0.000157851950655	0.000153905651889	0.000122335261758	4.73555851966e-05	0	0	0
0.000438039163069	2.76240913647e-05	5.52481827294e-05	0	7.89259753277e-06	3.94629876639e-06	0.000481448449499	0.000449878059368	0.00085240053354	1.97314938319e-05	0.000532750333462	0.00766765850309	0.000224939029684	0.000662978192753	0.000461716955667	5.52481827294e-05	2.76240913647e-05	0.000311757602545	0.0138278308774	0.00516965138397	0.000268348316114	0.000114442664225	3.94629876639e-05	0.000213100133385	9.47111703933e-05	0.000292026108713	0.00488157157402	0.000599837412491	0.000292026108713	0.000311757602545	0.000130227859291	0.000347274291442	7.49796765614e-05	7.89259753277e-06	0.00326753537857	7.89259753277e-06	0.000173637145721	1.18388962992e-05	0	7.89259753277e-06	0	3.94629876639e-06	2.36777925983e-05	0	5.91944814958e-05	1.18388962992e-05	5.52481827294e-05	7.89259753277e-06	0.000165744548188	3.94629876639e-06	0	1.18388962992e-05	1.57851950655e-05	5.52481827294e-05	0.000106550066692	7.89259753277e-06	0	1.97314938319e-05	7.89259753277e-06	5.91944814958e-05	0.000351220590208	0.000619568906323	0.000390683577872	6.70870790286e-05	1.57851950655e-05	3.94629876639e-06	3.94629876639e-06	0	7.89259753277e-06	1.97314938319e-05	0.00150748612876	0.00115231923979	0.00314520011681	0.000434092864303	0.000236777925983	2.76240913647e-05	1.57851950655e-05	1.57851950655e-05	3.55166888975e-05	1.97314938319e-05	3.94629876639e-06	0	0	0
0.000564320723593	0.000193368639553	0.000844507936007	0	1.97314938319e-05	0	0.00038279098034	0.00089580981997	0.000631407802622	5.1301883963e-05	0.000461716955667	0.00703625070047	0.000213100133385	0.000319650200077	0.000355166888975	3.55166888975e-05	5.52481827294e-05	0.00777026227102	0.00516965138397	0.0278608692907	0.000248616822282	0.000576159619893	0.000130227859291	0.00158246580532	0.00014206675559	0.000165744548188	0.0109233549854	0.00533144963339	0.000497233644565	0.000268348316114	0.000781367155745	0.000122335261758	3.94629876639e-05	2.36777925983e-05	0.0112627366793	1.97314938319e-05	0.00172847885968	0.000118388962992	0	1.18388962992e-05	0	7.89259753277e-06	4.34092864303e-05	0	6.70870790286e-05	7.89259753277e-06	7.1033377795e-05	7.89259753277e-06	5.1301883963e-05	1.97314938319e-05	0	3.15703901311e-05	0.000189422340787	8.28722740941e-05	0.000627461503856	7.89259753277e-06	2.36777925983e-05	5.91944814958e-05	0.000102603767926	4.73555851966e-05	0.000434092864303	0.00179951223747	0.00188238451157	6.31407802622e-05	3.15703901311e-05	1.97314938319e-05	0	0	0	0.000153905651889	0.00410415071704	0.00170085476831	0.00689813024364	0.00111285625212	0.000193368639553	2.36777925983e-05	1.57851950655e-05	0.000149959353123	0.000130227859291	0.000153905651889	5.1301883963e-05	0	0	0
0.000576159619893	7.89259753277e-06	1.18388962992e-05	0	0.0051420272926	2.76240913647e-05	0.00209153834619	0.000544589229761	0.00258877199075	0.000911595015035	0.00713885446839	0.000635354101388	0.011317984862	7.49796765614e-05	0.00106944696569	0.000351220590208	7.89259753277e-06	3.55166888975e-05	0.000268348316114	0.000248616822282	0.0213376374299	7.89259753277e-06	1.18388962992e-05	2.76240913647e-05	0.0014561842448	7.89259753277e-06	0.000339381693909	4.73555851966e-05	0.00291236848959	0.000694548582884	3.94629876639e-05	2.36777925983e-05	7.49796765614e-05	1.18388962992e-05	0.00133384898304	3.94629876639e-06	1.18388962992e-05	0	0	0.000505126242098	0	2.36777925983e-05	2.76240913647e-05	0	0.000406468772938	0.000126281560524	0	0.000205207535852	0	3.94629876639e-06	7.89259753277e-06	0	0	0	0	0.000544589229761	0	0	0	0.000757689363146	7.89259753277e-06	1.97314938319e-05	1.57851950655e-05	0.000153905651889	1.97314938319e-05	0	0	0	0	2.36777925983e-05	0.000307811303778	4.34092864303e-05	0.00123913781265	0.000209153834619	0.00104182287433	0.000122335261758	3.94629876639e-06	7.89259753277e-06	0	1.57851950655e-05	3.94629876639e-06	1.57851950655e-05	0	0
0.000868185728605	0.000248616822282	0.00110496365459	0	7.89259753277e-06	7.89259753277e-06	7.49796765614e-05	0.00204812905975	0.00051301883963	0.000134174158057	8.28722740941e-05	0.000272294614881	1.97314938319e-05	6.70870790286e-05	0.000390683577872	0.000169690846955	0.0041791303936	0.00134568787934	0.000114442664225	0.000576159619893	7.89259753277e-06	0.0366374377471	0.00318071680571	0.0202958145555	0.00291631478836	3.55166888975e-05	0.000560374424827	0.0018429215239	0.00822803292792	0.000497233644565	0.00890679631574	1.18388962992e-05	7.89259753277e-06	0.000110496365459	0.00577343509522	5.91944814958e-05	0.000292026108713	0.000134174158057	0	3.94629876639e-06	0	7.89259753277e-06	0.000315703901311	3.94629876639e-06	0.000418307669237	1.18388962992e-05	1.18388962992e-05	7.89259753277e-06	3.94629876639e-06	5.1301883963e-05	3.94629876639e-06	0.000769528259445	8.28722740941e-05	3.94629876639e-06	1.97314938319e-05	3.94629876639e-06	0.000773474558212	0.00265585906978	0.000832669039708	0.000319650200077	2.76240913647e-05	0.000106550066692	0.000477502150733	0.000887917222437	7.1033377795e-05	0.000457770656901	0	0	2.36777925983e-05	0.000193368639553	0.00435276753932	0.00132990268427	0.00436855273439	0.00119967482498	0.000627461503856	7.89259753277e-05	3.94629876639e-06	0.000256509419815	8.68185728605e-05	0.000177583444487	6.70870790286e-05	0	0	0
0.000303865005012	0.00388710428489	0.00042620026677	0	1.97314938319e-05	7.89259753277e-06	6.31407802622e-05	0.000651139296454	0.000217046432151	0.00367400415151	8.68185728605e-05	0.000114442664225	4.34092864303e-05	9.07648716269e-05	0.000153905651889	0.000126281560524	0.00726513602892	0.00024072422475	3.94629876639e-05	0.000130227859291	1.18388962992e-05	0.00318071680571	0.0263218127718	0.00589577035698	0.00771106778952	0.000323596498844	0.000367005785274	0.0052130606704	0.00376082272437	0.000331489096377	0.00155878801272	3.15703901311e-05	1.18388962992e-05	3.55166888975e-05	0.000702441180417	7.89259753277e-05	0.000832669039708	0.000315703901311	0	3.94629876639e-05	0	1.97314938319e-05	0.000662978192753	1.57851950655e-05	0.00155089541519	3.94629876639e-05	7.89259753277e-06	7.89259753277e-06	0	9.47111703933e-05	1.57851950655e-05	0.00304259634888	0.000177583444487	3.94629876639e-06	3.55166888975e-05	2.76240913647e-05	0.00177583444487	0.00940797625907	0.00242302744256	0.00123913781265	3.55166888975e-05	0.000205207535852	0.00135358047687	0.00224149769931	0.000130227859291	0.000880024624904	0	0	5.1301883963e-05	0.00042620026677	0.00132595638551	0.000576159619893	0.000718226375482	0.000181529743254	0.000205207535852	7.89259753277e-06	0	0.000532750333462	0.000193368639553	0.000319650200077	0.000161798249422	7.89259753277e-06	0	3.94629876639e-06
0.00189422340787	0.000635354101388	0.00856741462183	0	7.89259753277e-06	7.89259753277e-06	0.000173637145721	0.00485394748266	0.00119967482498	0.000268348316114	0.000224939029684	0.000548535528528	2.76240913647e-05	0.000134174158057	0.000793206052044	0.000236777925983	0.00711123037703	0.00891468891327	0.000213100133385	0.00158246580532	2.76240913647e-05	0.0202958145555	0.00589577035698	0.068211774177	0.00398181545528	7.49796765614e-05	0.00207969944989	0.0109667642718	0.00836220708597	0.000465663254434	0.00417123779607	3.55166888975e-05	2.76240913647e-05	6.70870790286e-05	0.00670081530533	5.1301883963e-05	0.00147591573863	0.00130227859291	0	2.76240913647e-05	0	1.18388962992e-05	0.000441985461835	1.57851950655e-05	0.000587998516192	2.36777925983e-05	2.36777925983e-05	1.18388962992e-05	1.97314938319e-05	6.70870790286e-05	3.94629876639e-06	0.00236383296107	0.000311757602545	7.89259753277e-06	7.89259753277e-05	1.57851950655e-05	0.00085240053354	0.00785708084388	0.00366216525521	0.000422253968003	4.73555851966e-05	0.000398576175405	0.00349642070702	0.00110101735582	0.000102603767926	0.000394629876639	0	3.94629876639e-06	2.36777925983e-05	0.000386737279106	0.0109391401804	0.0032517501835	0.00679552647572	0.00203234386469	0.00117599703238	0.000146013054356	1.57851950655e-05	0.000666924491519	0.000268348316114	0.000363059486508	0.000213100133385	0	0	3.94629876639e-06
0.000757689363146	0.00141672125713	0.000418307669237	0	0.00219019581534	2.36777925983e-05	0.000564320723593	0.0033583002502	0.000808991247109	0.00823592552545	0.000714280076716	0.000205207535852	0.00196920308443	8.68185728605e-05	0.000599837412491	0.000816883844642	0.00942376145413	0.000189422340787	9.47111703933e-05	0.00014206675559	0.0014561842448	0.00291631478836	0.00771106778952	0.00398181545528	0.0440998887144	0.000193368639553	0.000256509419815	0.00236777925983	0.0187607043354	0.000572213321126	0.00175610295104	1.57851950655e-05	3.55166888975e-05	7.49796765614e-05	0.00106550066692	0.000197314938319	0.00024072422475	0.000130227859291	0	0.00113653404472	0	8.68185728605e-05	0.00183502892637	8.28722740941e-05	0.00574581100386	0.000394629876639	3.55166888975e-05	0.000220992730918	3.94629876639e-06	0.00022888532845	7.89259753277e-06	0.000587998516192	9.86574691597e-05	1.57851950655e-05	4.34092864303e-05	0.000801098649577	0.000690602284118	0.00247038302776	0.00061167630879	0.00396603026022	1.18388962992e-05	0.000106550066692	0.000351220590208	0.00456981397148	0.000402522474171	0.000734011570548	0	1.57851950655e-05	0.000173637145721	0.000576159619893	0.00200077347456	0.000548535528528	0.00140488236083	0.000473555851966	0.00124703041018	8.68185728605e-05	3.94629876639e-06	0.000497233644565	0.000138120456824	0.000477502150733	0.000169690846955	1.97314938319e-05	7.89259753277e-06	1.18388962992e-05
3.15703901311e-05	0.000528804034696	4.73555851966e-05	0	1.18388962992e-05	3.94629876639e-06	6.31407802622e-05	3.15703901311e-05	8.68185728605e-05	9.47111703933e-05	1.97314938319e-05	0.00363059486508	1.57851950655e-05	0.00619174276446	7.49796765614e-05	7.89259753277e-06	5.91944814958e-05	3.94629876639e-05	0.000292026108713	0.000165744548188	7.89259753277e-06	3.55166888975e-05	0.000323596498844	7.49796765614e-05	0.000193368639553	0.0104458528346	0.00151143242753	0.00138120456824	7.89259753277e-05	3.55166888975e-05	1.57851950655e-05	0.000903702417503	3.94629876639e-06	3.94629876639e-06	0.000378844681573	3.94629876639e-06	0.000252563121049	1.18388962992e-05	0	0	0	3.94629876639e-06	1.57851950655e-05	3.94629876639e-06	7.89259753277e-06	7.89259753277e-06	0.000651139296454	7.89259753277e-06	0.00178767334117	2.76240913647e-05	3.94629876639e-06	0	7.89259753277e-06	0.000134174158057	8.28722740941e-05	3.94629876639e-06	3.94629876639e-06	7.89259753277e-06	3.94629876639e-06	7.89259753277e-06	0.00189422340787	0.00201655866962	0.00123913781265	3.94629876639e-06	3.94629876639e-05	0	0.000106550066692	3.94629876639e-06	0	7.89259753277e-05	0.000256509419815	0.00061167630879	0.000603783711257	4.73555851966e-05	3.15703901311e-05	7.89259753277e-06	0.000406468772938	4.34092864303e-05	0.000434092864303	0.000146013054356	1.57851950655e-05	0	0	5.1301883963e-05
0.000647192997687	0.000516965138397	0.00481448449499	0	3.15703901311e-05	0	0.000615622607556	0.00110101735582	0.000943165405166	9.07648716269e-05	0.000591944814958	0.00758083993023	0.000268348316114	0.00385158759599	0.000434092864303	4.73555851966e-05	0.00014206675559	0.00683104316462	0.00488157157402	0.0109233549854	0.000339381693909	0.000560374424827	0.000367005785274	0.00207969944989	0.000256509419815	0.00151143242753	0.0614754421828	0.0165586696238	0.000662978192753	0.000386737279106	0.000635354101388	0.00350431330455	2.76240913647e-05	2.36777925983e-05	0.00814121435506	0.000106550066692	0.0075255917475	0.000801098649577	0	1.57851950655e-05	0	5.52481827294e-05	0.000181529743254	2.36777925983e-05	0.000114442664225	5.52481827294e-05	0.000461716955667	4.34092864303e-05	0.000824776442175	0.000149959353123	7.89259753277e-06	8.68185728605e-05	0.000943165405166	0.000394629876639	0.00186265301773	1.97314938319e-05	9.86574691597e-05	0.000165744548188	0.000272294614881	0.000130227859291	0.00340960213416	0.00840956267117	0.00909227235776	0.000201261237086	0.000268348316114	6.70870790286e-05	3.55166888975e-05	1.18388962992e-05	1.97314938319e-05	0.000737957869314	0.00589971665575	0.0032517501835	0.00715463966346	0.00116415813608	0.000386737279106	3.55166888975e-05	2.36777925983e-05	0.00061167630879	0.000651139296454	0.000816883844642	0.000161798249422	0	3.94629876639e-06	7.89259753277e-06
0.000505126242098	0.00414756000347	0.0103314101704	0	7.89259753277e-06	0	0.000169690846955	0.00111285625212	0.000473555851966	0.000331489096377	0.000205207535852	0.00149959353123	5.91944814958e-05	0.00334251505513	0.000323596498844	7.89259753277e-05	0.00423437857633	0.00604178341134	0.000599837412491	0.00533144963339	4.73555851966e-05	0.0018429215239	0.0052130606704	0.0109667642718	0.00236777925983	0.00138120456824	0.0165586696238	0.0734564052375	0.00194157899306	0.000165744548188	0.000816883844642	0.000619568906323	1.18388962992e-05	3.15703901311e-05	0.00550903307788	9.47111703933e-05	0.011266682978	0.00306627414148	0	1.18388962992e-05	3.94629876639e-06	5.1301883963e-05	0.000319650200077	1.97314938319e-05	0.000193368639553	2.76240913647e-05	0.000153905651889	3.15703901311e-05	0.000205207535852	0.000114442664225	3.94629876639e-06	0.00159825100039	0.00113258774595	0.00014206675559	0.000793206052044	1.97314938319e-05	0.000307811303778	0.0042028081862	0.00226912179067	0.000244670523516	0.00140093606207	0.00453035098381	0.0133148120378	0.000627461503856	0.000189422340787	0.000134174158057	0	1.18388962992e-05	2.36777925983e-05	0.000801098649577	0.00805834208096	0.00262823497841	0.00479475300116	0.00103393027679	0.000390683577872	2.36777925983e-05	1.57851950655e-05	0.000891863521203	0.000718226375482	0.000773474558212	0.000220992730918	0	0	1.57851950655e-05
0.00322412609214	0.000505126242098	0.00185870671897	0	0.00472371962337	2.76240913647e-05	0.00353588369468	0.0213376374299	0.00480264559869	0.00499996053701	0.00720594154742	0.000793206052044	0.00215073282768	0.000122335261758	0.00232831627217	0.000694548582884	0.0037805542182	0.000966843197765	0.000292026108713	0.000497233644565	0.00291236848959	0.00822803292792	0.00376082272437	0.00836220708597	0.0187607043354	7.89259753277e-05	0.000662978192753	0.00194157899306	0.0725566491188	0.00226122919314	0.00843324046377	4.73555851966e-05	0.000126281560524	0.000193368639553	0.0038279098034	0.000351220590208	0.000248616822282	0.00022888532845	0	0.00260850348458	3.94629876639e-06	0.000122335261758	0.00259271828952	0.000110496365459	0.00821224773285	0.000836615338474	4.34092864303e-05	0.000544589229761	7.89259753277e-06	0.000445931760602	7.89259753277e-06	0.000639300400155	0.000130227859291	7.89259753277e-06	3.94629876639e-05	0.00201261237086	0.0009392191064	0.00295183147726	0.000737957869314	0.00674422459176	1.97314938319e-05	0.000149959353123	0.000418307669237	0.00664162082383	0.000572213321126	0.00114048034349	0	1.97314938319e-05	0.000213100133385	0.000761635661913	0.00447904909985	0.000793206052044	0.00491314196415	0.00151537872629	0.00138120456824	0.000220992730918	7.89259753277e-06	0.000666924491519	0.000232831627217	0.000694548582884	0.000213100133385	4.73555851966e-05	3.94629876639e-06	1.18388962992e-05
0.00707176738937	4.34092864303e-05	0.000122335261758	0	6.31407802622e-05	5.1301883963e-05	0.00114442664225	0.00543010710255	0.00370557454164	0.000264402017348	0.00207969944989	0.00117599703238	0.000576159619893	0.00014206675559	0.00730459901658	0.000169690846955	0.000106550066692	0.000118388962992	0.000311757602545	0.000268348316114	0.000694548582884	0.000497233644565	0.000331489096377	0.000465663254434	0.000572213321126	3.55166888975e-05	0.000386737279106	0.000165744548188	0.00226122919314	0.0269690057695	0.00519727547533	4.73555851966e-05	0.000505126242098	0.00161008989669	0.0056826702236	2.76240913647e-05	2.36777925983e-05	2.76240913647e-05	0	7.89259753277e-05	0	7.89259753277e-06	0.000343327992676	3.94629876639e-06	0.00065508559522	1.97314938319e-05	3.94629876639e-06	7.89259753277e-06	7.89259753277e-06	3.55166888975e-05	3.94629876639e-06	4.73555851966e-05	1.97314938319e-05	3.94629876639e-06	3.94629876639e-06	6.31407802622e-05	9.47111703933e-05	0.000201261237086	7.1033377795e-05	0.000390683577872	0	3.15703901311e-05	5.1301883963e-05	0.000690602284118	5.52481827294e-05	0.00014206675559	3.94629876639e-06	0	2.36777925983e-05	9.86574691597e-05	0.00146013054356	0.000347274291442	0.00227306808944	0.000560374424827	0.000457770656901	0.000106550066692	1.18388962992e-05	4.34092864303e-05	1.18388962992e-05	9.47111703933e-05	4.34092864303e-05	0	0	0
0.00549324788281	0.000153905651889	0.000473555851966	0	1.57851950655e-05	1.57851950655e-05	0.000193368639553	0.00960529119739	0.00202839756592	0.000473555851966	0.000260455718582	0.000280187212413	2.76240913647e-05	4.34092864303e-05	0.00267953686238	0.000197314938319	0.000674817089052	0.0014325064522	0.000130227859291	0.000781367155745	3.94629876639e-05	0.00890679631574	0.00155878801272	0.00417123779607	0.00175610295104	1.57851950655e-05	0.000635354101388	0.000816883844642	0.00843324046377	0.00519727547533	0.0394866654565	0	1.18388962992e-05	0.000390683577872	0.00836220708597	9.47111703933e-05	0.000134174158057	6.70870790286e-05	0	4.73555851966e-05	0	2.36777925983e-05	0.000923433911335	3.94629876639e-05	0.00161403619545	3.55166888975e-05	1.57851950655e-05	1.57851950655e-05	3.94629876639e-06	0.000114442664225	0	0.000268348316114	5.91944814958e-05	7.89259753277e-06	1.18388962992e-05	2.76240913647e-05	0.000406468772938	0.00114837294102	0.00024072422475	0.000741904168081	1.57851950655e-05	0.000114442664225	0.000209153834619	0.00191000860293	0.000149959353123	0.000560374424827	0	0	5.52481827294e-05	0.000217046432151	0.00315703901311	0.000793206052044	0.00502758462838	0.00129833229414	0.000461716955667	8.28722740941e-05	7.89259753277e-06	0.000213100133385	8.68185728605e-05	0.000193368639553	9.47111703933e-05	0	0	7.89259753277e-06
