0.0196345759104	0.000481488051494	0.00371506043942	0	2.02731811155e-05	0	5.06829527888e-05	0.0128531968272	0.00588935911406	0.000385190441195	0.000197663515876	0.000471351460936	1.52048858366e-05	5.06829527888e-06	0.0111907959758	0.000116570791414	4.56146575099e-05	0.0010795468944	5.06829527888e-06	0.000288892830896	1.52048858366e-05	0.00173842528066	0.000299029421454	0.00430298269177	0.000380122145916	5.06829527888e-06	0.00224018651327	0.00036491726008	0.00251387445833	0.00871746787968	0.00274701604115	0	0	0.000192595220598	0.00072476622488	5.06829527888e-05	0.000349712374243	0.000106434200857	0	0	0	0	0	0	0.000243278173386	0	0	0	0	5.06829527888e-05	0	1.01365905578e-05	7.09561339044e-05	0	0	0	1.01365905578e-05	0.000106434200857	6.58878386255e-05	4.05463622311e-05	0	5.06829527888e-05	0.000496692937331	7.09561339044e-05	7.60244291832e-05	8.6161019741e-05	0	0	3.54780669522e-05	5.57512480677e-05	0.00156610324117	0.000329439193127	0.00104406882745	0.000329439193127	0.000253414763944	1.52048858366e-05	0	0.000420668508147	0.000126707381972	5.06829527888e-05	3.54780669522e-05	0	0	5.06829527888e-06
0.000481488051494	0.0320164212767	0.00176376675705	0	5.57512480677e-05	0	0.000146980563088	0.00119611768582	0.00101365905578	0.0035528749905	0.000648741795697	0.000309166012012	4.56146575099e-05	0.00022807328755	0.000962976102988	0.000177390334761	0.000745039405996	0.000663946681534	2.02731811155e-05	0.00041053191759	5.57512480677e-05	0.000121639086693	0.0112110691569	0.000658878386255	0.00412559235701	0.00512404652695	0.00776462836725	0.024824510276	0.00186006436735	0.00036491726008	0.000375053850637	1.01365905578e-05	0	1.52048858366e-05	0.00125693722916	6.08195433466e-05	0.0158586959276	0.00149514710727	0	1.01365905578e-05	0	5.06829527888e-06	1.01365905578e-05	1.01365905578e-05	9.62976102988e-05	5.06829527888e-06	3.54780669522e-05	1.52048858366e-05	0.000537239299562	6.08195433466e-05	0	2.53414763944e-05	0.00108461518968	2.02731811155e-05	6.08195433466e-05	1.52048858366e-05	0.000116570791414	0.000111502496135	0.000932566331314	0.000121639086693	0.00151542028839	0.0032639821596	0.0120878842401	7.09561339044e-05	9.12293150199e-05	0.000121639086693	0.000385190441195	0	2.02731811155e-05	0.000369985555358	0.00232127923773	0.001272142115	0.00167760573731	0.000126707381972	0.000293961126175	5.06829527888e-06	0.000223004992271	0.00095283951243	0.00102886394161	0.000233141582829	2.53414763944e-05	0	4.56146575099e-05	0
0.00371506043942	0.00176376675705	0.0493449228352	0	0	0	0.000121639086693	0.00416613871924	0.00318795773042	0.00018245863004	0.000293961126175	0.00127721041028	3.04097716733e-05	2.02731811155e-05	0.00427764121538	5.06829527888e-06	0.000552444185398	0.00840323357239	3.54780669522e-05	0.000618332024024	1.52048858366e-05	0.00058792225235	0.00298015762398	0.0180431311928	0.000496692937331	1.52048858366e-05	0.0188692633233	0.0152555687894	0.000805858949342	0.00181444970984	0.00183979118623	5.06829527888e-06	0	3.54780669522e-05	0.00216416208408	0.000304097716733	0.00619345683079	0.00659385215783	0	0	0	2.02731811155e-05	2.53414763944e-05	0.000106434200857	5.57512480677e-05	1.01365905578e-05	3.54780669522e-05	1.52048858366e-05	5.06829527888e-05	0.000329439193127	0	0.000293961126175	0.00203238640683	3.04097716733e-05	0.0011758445047	1.01365905578e-05	0.000623400319303	0.00125693722916	0.00174856187121	0.000152048858366	5.06829527888e-05	0.00871746787968	0.00348698715187	4.05463622311e-05	8.6161019741e-05	0.000202731811155	1.01365905578e-05	0	1.01365905578e-05	0.000527102709004	0.00347685056131	0.00313220648235	0.00281290387978	0.000385190441195	2.02731811155e-05	1.52048858366e-05	1.01365905578e-05	0.000197663515876	0.000268619649781	0.000506829527888	0.00027368794506	0	4.56146575099e-05	5.06829527888e-05
0	0	0	0	0	0	0	0	0	0	0	0	0	0	0	0	0	0	0	0	0	0	0	0	0	0	0	0	0	0	0	0	0	0	0	0	0	0	0	0	0	0	0	0	0	0	0	0	0	0	0	0	0	0	0	0	0	0	0	0	0	0	0	0	0	0	0	0	0	0	0	0	0	0	0	0	0	0	0	0	0	0	0	0
2.02731811155e-05	5.57512480677e-05	0	0	0.0231823826056	1.01365905578e-05	0.00248346468665	0.00342616760852	0.00165733255619	0.00274701604115	0.00263044524974	0.000243278173386	0.00407490940422	4.56146575099e-05	0.000299029421454	0.000192595220598	3.54780669522e-05	0	0	9.62976102988e-05	0.0106180786093	0	8.6161019741e-05	0	0.00298015762398	4.56146575099e-05	0.000157117153645	0.000111502496135	0.00306631864372	0.000106434200857	5.06829527888e-06	1.01365905578e-05	0.00013684397253	1.01365905578e-05	0.000598058842908	7.60244291832e-05	5.06829527888e-06	0.000157117153645	0	0.010303844302	0	0.000821063835179	2.02731811155e-05	0.000375053850637	0.00128227870556	0.00626948125998	0.000314234307291	0.00330452852183	0.000288892830896	0.000440941689263	4.05463622311e-05	0	5.06829527888e-06	0	5.06829527888e-06	0.00415600212868	0	0	0.000101365905578	0.00602620308659	6.08195433466e-05	1.52048858366e-05	0.000106434200857	0.00455639745572	0.000684219862649	0	0	5.06829527888e-06	0	0.00112516155191	0.000516966118446	0.000288892830896	0.000790654063506	0.000258483059223	0.000978180988824	6.58878386255e-05	2.02731811155e-05	0.00027368794506	2.02731811155e-05	0.000613263728745	0.000263551354502	5.57512480677e-05	0.000131775677251	8.10927244621e-05
0	0	0	0	1.01365905578e-05	0.00518993436558	0.00297002103343	0.00022807328755	0.00242264514331	1.01365905578e-05	0.000243278173386	2.53414763944e-05	0.000121639086693	0	0.000101365905578	0.00106941030384	0	5.06829527888e-06	0	0	6.58878386255e-05	0	0	0	5.06829527888e-06	0	5.06829527888e-06	0	7.09561339044e-05	0.000197663515876	5.06829527888e-06	0	0.000674083272091	0	0.000734902815438	0	0	0	0	0	0	0	0	3.54780669522e-05	0	0	0	0	0	4.05463622311e-05	0	0	0	0	0	0	0	0	0	0	0	0	0	0	5.06829527888e-06	0	0	0	0	4.05463622311e-05	0.000126707381972	1.52048858366e-05	0.000669014976813	0.000157117153645	0.000415600212868	0.00157623983173	5.06829527888e-06	1.52048858366e-05	0	3.04097716733e-05	5.06829527888e-06	0	5.06829527888e-06	5.06829527888e-06
5.06829527888e-05	0.000146980563088	0.000121639086693	0	0.00248346468665	0.00297002103343	0.0515344263957	0.00786599427283	0.0305162058742	0.0012011859811	0.0224677529713	0.00200197663516	0.0143331390487	5.06829527888e-05	0.00377081168749	0.00241250855275	0.00036491726008	0.000268619649781	5.06829527888e-06	0.0011758445047	0.00698917918958	4.56146575099e-05	0.000248346468665	0.000476419756215	0.000988317579382	7.09561339044e-05	0.00112516155191	0.000572717366514	0.00357314817161	0.000527102709004	3.54780669522e-05	2.02731811155e-05	0.00167760573731	0	0.00475406097159	4.05463622311e-05	0.000106434200857	2.02731811155e-05	0	0.000359848964801	5.06829527888e-06	4.05463622311e-05	1.01365905578e-05	0.000299029421454	0.000420668508147	0.000278756240339	2.53414763944e-05	0.000177390334761	0.000314234307291	0.000385190441195	0	0	0	0	1.52048858366e-05	0.000253414763944	6.08195433466e-05	7.09561339044e-05	7.60244291832e-05	0.000856541902131	0.000349712374243	0.000177390334761	0.000212868401713	0.000349712374243	0.000375053850637	2.02731811155e-05	5.06829527888e-06	6.08195433466e-05	5.06829527888e-06	0.00118091279998	0.00180431311928	0.00170801550898	0.0077038088239	0.00176376675705	0.00257469400167	0.00127721041028	0.000121639086693	0.000126707381972	3.04097716733e-05	0.00100352246522	0.000192595220598	0	0.000309166012012	6.08195433466e-05
0.0128531968272	0.00119611768582	0.00416613871924	0	0.00342616760852	0.00022807328755	0.00786599427283	0.0822381591952	0.0255847545678	0.0047033780188	0.0204556397456	0.00216923037936	0.000942702921872	1.01365905578e-05	0.0190010390005	0.00238209878107	0.00175869846177	0.00217936696992	2.02731811155e-05	0.00155596665062	0.00126707381972	0.00566635412179	0.0026405818403	0.00694863282735	0.00536732470034	0.000293961126175	0.0036491726008	0.0031930260257	0.0322242213831	0.00984262943159	0.00935100478954	5.06829527888e-06	0.000238209878107	0.00169787891843	0.00721218418185	7.60244291832e-05	0.000557512480677	0.000380122145916	0	0.0032639821596	0	0.000552444185398	0.000106434200857	0.000795722358785	0.00344137249436	0.00210841083602	5.57512480677e-05	0.000937634626593	0.000106434200857	0.000390258736474	5.06829527888e-06	5.06829527888e-06	7.09561339044e-05	0	5.06829527888e-05	0.00101872735106	0.000385190441195	0.000344644078964	0.000643673500418	0.00599072501964	0.000121639086693	0.000223004992271	0.000957907807709	0.00260003547807	0.000547375890119	6.58878386255e-05	4.05463622311e-05	1.01365905578e-05	1.52048858366e-05	0.0018245863004	0.00455132916044	0.000922429740757	0.00747066724107	0.00099845416994	0.00241757684803	0.000339575783685	3.54780669522e-05	0.00152048858366	0.000106434200857	0.00171308380426	0.000572717366514	0	0.000451078279821	0.000162185448924
0.00588935911406	0.00101365905578	0.00318795773042	0	0.00165733255619	0.00242264514331	0.0305162058742	0.0255847545678	0.0767339905223	0.00114036643775	0.0256050277489	0.00551430526342	0.00612756899217	0.000288892830896	0.0269126479309	0.000648741795697	0.00113529814247	0.000714629634322	7.09561339044e-05	0.0028078355845	0.00515445629862	0.00268619649781	0.00149007881199	0.00480981221966	0.00305111375789	0.00041053191759	0.00293454296647	0.00162185448924	0.00912799979727	0.00183979118623	0.000962976102988	1.52048858366e-05	0.00286865512785	0	0.0108461518968	0.000101365905578	0.000562580775956	0.000167253744203	0	0.000390258736474	5.06829527888e-06	0.000146980563088	4.56146575099e-05	0.000841337016295	0.00101872735106	0.000309166012012	6.58878386255e-05	0.000233141582829	0.000598058842908	0.00135830313474	1.01365905578e-05	0	5.57512480677e-05	0	6.08195433466e-05	0.000233141582829	0.000223004992271	0.000217936696992	0.000304097716733	0.00195636197765	0.000643673500418	0.000314234307291	0.000765312587111	0.000805858949342	0.00147994222143	4.56146575099e-05	1.52048858366e-05	9.12293150199e-05	5.06829527888e-06	0.00317275284458	0.00351232862827	0.00324370897849	0.0137350802058	0.00270140138364	0.00302070398621	0.00144446415448	0.000395327031753	0.000846405311573	4.56146575099e-05	0.00303084057677	0.000344644078964	0	0.000729834520159	0.000141912267809
0.000385190441195	0.0035528749905	0.00018245863004	0	0.00274701604115	1.01365905578e-05	0.0012011859811	0.0047033780188	0.00114036643775	0.0364157015788	0.00195636197765	0.000157117153645	0.00183472289096	0.000207800106434	0.000750107701275	0.00169281062315	0.00231114264717	8.6161019741e-05	0	0.000263551354502	0.00158130812701	0.000623400319303	0.00994399533717	0.00109982007552	0.0114442107397	0.00247839639137	0.0015356934695	0.00339068954157	0.00829679937153	0.00313220648235	0.00162185448924	0	0	3.04097716733e-05	0.000506829527888	0.000917361445478	0.000684219862649	0.000380122145916	0	0.00382656293556	0	0.000592990547629	8.6161019741e-05	0.000324370897849	0.00864651174577	0.00206786447378	1.52048858366e-05	0.00108461518968	7.60244291832e-05	0.000420668508147	3.54780669522e-05	0.00104913712273	3.54780669522e-05	5.06829527888e-06	2.02731811155e-05	0.00154076176478	0.00392792884113	0.00971592204962	0.00268619649781	0.00901649730113	8.6161019741e-05	0.000243278173386	0.00128227870556	0.00817516028484	0.00135323483946	0.00175869846177	4.56146575099e-05	5.06829527888e-06	0.000942702921872	0.00135323483946	0.00589949570462	0.00206279617851	0.00109475178024	0.000146980563088	0.00180938141456	7.09561339044e-05	0.000207800106434	0.00429284610121	0.000669014976813	0.000496692937331	0.000192595220598	1.52048858366e-05	5.57512480677e-05	1.52048858366e-05
0.000197663515876	0.000648741795697	0.000293961126175	0	0.00263044524974	0.000243278173386	0.0224677529713	0.0204556397456	0.0256050277489	0.00195636197765	0.0590811180659	0.00178910823345	0.00634550568916	5.06829527888e-05	0.00675096931147	0.000380122145916	0.000922429740757	0.000598058842908	5.06829527888e-06	0.00139378120169	0.00620359342135	0.000233141582829	0.000993385874661	0.000932566331314	0.00167760573731	0.000131775677251	0.0013684397253	0.00188540584374	0.00651275943336	0.00135323483946	4.05463622311e-05	5.06829527888e-06	0.000795722358785	1.01365905578e-05	0.00660398874838	4.56146575099e-05	0.000375053850637	6.08195433466e-05	0	0.00161678619396	0	0.000471351460936	5.06829527888e-05	0.000745039405996	0.000187526925319	0.00264565013558	1.52048858366e-05	0.00180938141456	0.00022807328755	9.62976102988e-05	1.01365905578e-05	1.52048858366e-05	1.01365905578e-05	0	3.54780669522e-05	0.00168774232787	0.000202731811155	0.000288892830896	0.00018245863004	0.00296495273815	0.000268619649781	0.00041053191759	0.000496692937331	0.00101872735106	6.08195433466e-05	3.04097716733e-05	1.01365905578e-05	0	1.01365905578e-05	0.000390258736474	0.0022807328755	0.00113022984719	0.00822584323763	0.000400395327032	0.00159144471757	0.000430805098705	6.58878386255e-05	0.000192595220598	7.60244291832e-05	0.00041053191759	0.000141912267809	0	8.10927244621e-05	4.05463622311e-05
0.000471351460936	0.000309166012012	0.00127721041028	0	0.000243278173386	2.53414763944e-05	0.00200197663516	0.00216923037936	0.00551430526342	0.000157117153645	0.00178910823345	0.0323458604698	0.000922429740757	0.00276222092699	0.00305618205317	3.54780669522e-05	5.57512480677e-05	0.0008159955399	0.00182965459568	0.0100453612427	0.000638605205139	0.000126707381972	0.000369985555358	0.000491624642052	0.000167253744203	0.00117077620942	0.0110539520032	0.000653810090976	0.000669014976813	0.00169787891843	0.000481488051494	0.00086161019741	0.000212868401713	2.02731811155e-05	0.00876308253719	5.57512480677e-05	0.000223004992271	1.52048858366e-05	0	2.53414763944e-05	0	1.52048858366e-05	0	0.000101365905578	6.58878386255e-05	2.02731811155e-05	0.000106434200857	2.02731811155e-05	0.00274194774588	0.000304097716733	5.06829527888e-06	0	7.09561339044e-05	8.6161019741e-05	0.00063353690986	2.02731811155e-05	3.54780669522e-05	4.56146575099e-05	5.57512480677e-05	0.000126707381972	0.00278249410811	0.001272142115	0.00054230759484	1.52048858366e-05	0.000334507488406	4.56146575099e-05	0.000202731811155	2.53414763944e-05	0	0.000699424748486	0.00287879171841	0.00954866830542	0.0127467626264	0.00124173234333	8.10927244621e-05	4.05463622311e-05	0.0014647373356	0.000456146575099	1.01365905578e-05	0.00063353690986	6.08195433466e-05	5.06829527888e-06	6.08195433466e-05	0.000283824535617
1.52048858366e-05	4.56146575099e-05	3.04097716733e-05	0	0.00407490940422	0.000121639086693	0.0143331390487	0.000942702921872	0.00612756899217	0.00183472289096	0.00634550568916	0.000922429740757	0.0337345733762	7.09561339044e-05	0.00105927371329	0.00171308380426	3.54780669522e-05	5.57512480677e-05	0	0.000425736803426	0.0117736499328	1.01365905578e-05	1.52048858366e-05	3.54780669522e-05	0.00189047413902	4.56146575099e-05	0.000491624642052	0.000121639086693	0.00116570791414	7.09561339044e-05	1.01365905578e-05	2.02731811155e-05	0.000567649071235	0	0.00203238640683	0.000106434200857	4.05463622311e-05	1.01365905578e-05	0	0.00214895719825	2.53414763944e-05	0.00336534806518	1.52048858366e-05	0.00166746914675	0.000157117153645	0.00277235751755	0.000527102709004	0.00857048731659	0.000451078279821	0.000663946681534	0.000324370897849	0	0	1.01365905578e-05	0	0.00741491599301	0	5.06829527888e-06	0	0.00112009325663	0.000192595220598	5.57512480677e-05	6.08195433466e-05	0.000344644078964	0.000745039405996	0	0	1.01365905578e-05	0	0.00110995666608	0.000456146575099	0.000805858949342	0.00341096272269	0.000557512480677	0.00138364461114	0.000375053850637	7.09561339044e-05	0.00031930260257	1.01365905578e-05	0.000516966118446	0.000106434200857	0.000111502496135	5.06829527888e-05	0.000233141582829
5.06829527888e-06	0.00022807328755	2.02731811155e-05	0	4.56146575099e-05	0	5.06829527888e-05	1.01365905578e-05	0.000288892830896	0.000207800106434	5.06829527888e-05	0.00276222092699	7.09561339044e-05	0.00970071716378	0.000223004992271	0	5.06829527888e-06	0	4.05463622311e-05	8.6161019741e-05	0.00036491726008	0	0.000187526925319	5.06829527888e-06	1.52048858366e-05	0.00132789336307	0.00188033754847	0.00111502496135	1.52048858366e-05	6.58878386255e-05	5.06829527888e-06	0.000288892830896	1.52048858366e-05	0	0.000359848964801	7.60244291832e-05	4.05463622311e-05	0	0	0.000116570791414	0	7.60244291832e-05	0	1.52048858366e-05	1.52048858366e-05	0.000116570791414	0.000608195433466	0.000709561339044	0.00508350016472	0.000745039405996	0	0	0	7.09561339044e-05	0	0.000598058842908	0	1.52048858366e-05	0	0.000430805098705	0.00258483059223	0.000197663515876	0.000223004992271	5.57512480677e-05	0.000912293150199	0	0.000856541902131	1.01365905578e-05	0	0.000947771217151	1.52048858366e-05	0.00274701604115	0.000592990547629	0	0	0	0.000653810090976	0.000162185448924	0.000157117153645	4.05463622311e-05	2.02731811155e-05	0	0	0.000121639086693
0.0111907959758	0.000962976102988	0.00427764121538	0	0.000299029421454	0.000101365905578	0.00377081168749	0.0190010390005	0.0269126479309	0.000750107701275	0.00675096931147	0.00305618205317	0.00105927371329	0.000223004992271	0.0438559590482	0.000202731811155	0.000709561339044	0.000886951673805	2.53414763944e-05	0.000765312587111	0.000821063835179	0.00281797217506	0.00121639086693	0.00541293935785	0.00162692278452	0.000217936696992	0.00260510377335	0.000927498036036	0.00648234966169	0.00788119915866	0.00157117153645	0	0.00027368794506	1.01365905578e-05	0.00724259395352	0.000106434200857	0.000856541902131	0.000101365905578	0	0.000187526925319	0	9.12293150199e-05	2.02731811155e-05	0.000212868401713	0.000375053850637	0.000101365905578	2.02731811155e-05	0.000106434200857	0.000187526925319	0.000344644078964	0	5.06829527888e-06	6.08195433466e-05	0	8.6161019741e-05	4.05463622311e-05	9.12293150199e-05	0.000152048858366	0.000192595220598	0.000618332024024	0.000192595220598	0.000263551354502	0.000932566331314	0.000288892830896	0.000390258736474	0.000111502496135	1.01365905578e-05	0	7.60244291832e-05	0.000481488051494	0.0036238311244	0.00135323483946	0.00602620308659	0.000608195433466	0.0015356934695	7.09561339044e-05	0.000162185448924	0.000278756240339	4.56146575099e-05	0.000334507488406	6.58878386255e-05	0	0.000111502496135	6.58878386255e-05
0.000116570791414	0.000177390334761	5.06829527888e-06	0	0.000192595220598	0.00106941030384	0.00241250855275	0.00238209878107	0.000648741795697	0.00169281062315	0.000380122145916	3.54780669522e-05	0.00171308380426	0	0.000202731811155	0.00848432629685	0.000177390334761	5.06829527888e-06	5.06829527888e-06	5.06829527888e-06	0.000146980563088	3.04097716733e-05	0.000202731811155	6.08195433466e-05	0.00102886394161	2.02731811155e-05	0.000106434200857	0.000329439193127	0.00203745470211	0.000116570791414	8.10927244621e-05	0	2.53414763944e-05	1.01365905578e-05	0.000121639086693	7.09561339044e-05	1.52048858366e-05	1.01365905578e-05	0	5.06829527888e-06	0	5.06829527888e-06	5.06829527888e-06	0	0.000131775677251	5.06829527888e-06	0	5.06829527888e-06	1.52048858366e-05	3.04097716733e-05	0	0	0	0	0	5.06829527888e-06	1.52048858366e-05	0.00013684397253	3.54780669522e-05	0.000106434200857	1.52048858366e-05	5.06829527888e-06	5.57512480677e-05	0.000121639086693	6.08195433466e-05	9.12293150199e-05	1.01365905578e-05	0	5.06829527888e-05	6.08195433466e-05	0.00113022984719	2.53414763944e-05	0.000192595220598	2.53414763944e-05	0.00157117153645	5.06829527888e-05	0	0.000192595220598	4.05463622311e-05	6.08195433466e-05	5.06829527888e-05	1.01365905578e-05	0	0
4.56146575099e-05	0.000745039405996	0.000552444185398	0	3.54780669522e-05	0	0.00036491726008	0.00175869846177	0.00113529814247	0.00231114264717	0.000922429740757	5.57512480677e-05	3.54780669522e-05	5.06829527888e-06	0.000709561339044	0.000177390334761	0.0332074706672	0.000101365905578	0	6.58878386255e-05	4.05463622311e-05	0.00238209878107	0.0188793999138	0.00857555561187	0.0111451813183	0.000131775677251	0.000375053850637	0.00635564227972	0.0019918400446	0.000162185448924	0.00228580117078	0	0	0	0.000932566331314	1.01365905578e-05	0.000841337016295	0.000658878386255	0	0	0	5.06829527888e-06	0	5.06829527888e-06	8.6161019741e-05	0	0	1.01365905578e-05	4.05463622311e-05	2.02731811155e-05	0	0.00380122145916	1.01365905578e-05	0	5.06829527888e-06	1.52048858366e-05	0.00263551354502	0.00976153670713	0.00794708699729	0.000152048858366	4.05463622311e-05	3.54780669522e-05	0.00421682167203	0.000922429740757	1.01365905578e-05	0.000223004992271	4.05463622311e-05	0	5.06829527888e-06	2.53414763944e-05	0.00537239299562	0.00245812321026	0.000628468614581	0.000283824535617	0.00013684397253	0	0	0.000233141582829	2.02731811155e-05	3.04097716733e-05	2.02731811155e-05	0	1.01365905578e-05	0
0.0010795468944	0.000663946681534	0.00840323357239	0	0	5.06829527888e-06	0.000268619649781	0.00217936696992	0.000714629634322	8.6161019741e-05	0.000598058842908	0.0008159955399	5.57512480677e-05	0	0.000886951673805	5.06829527888e-06	0.000101365905578	0.0254732520717	6.08195433466e-05	0.00461721699906	5.06829527888e-05	0.0017029472137	0.000917361445478	0.0109120397354	0.000329439193127	3.54780669522e-05	0.00534198322394	0.00598058842908	0.00104406882745	0.00124680063861	0.00213375231241	0	0	1.52048858366e-05	0.00667494488229	6.08195433466e-05	0.000223004992271	0.000167253744203	0	0	0	1.52048858366e-05	1.01365905578e-05	5.57512480677e-05	7.60244291832e-05	5.06829527888e-06	0	1.01365905578e-05	1.52048858366e-05	0.000121639086693	0	5.06829527888e-06	0.000121639086693	3.04097716733e-05	0.000440941689263	5.06829527888e-06	2.02731811155e-05	4.05463622311e-05	0.000207800106434	0.000116570791414	2.02731811155e-05	0.00125693722916	0.000369985555358	2.53414763944e-05	7.60244291832e-05	3.54780669522e-05	0	0	0	0.000299029421454	0.00157623983173	0.00141405438281	0.00534198322394	0.000729834520159	2.53414763944e-05	5.06829527888e-06	0	0.000116570791414	0	0.000359848964801	0.000207800106434	0	7.09561339044e-05	4.05463622311e-05
5.06829527888e-06	2.02731811155e-05	3.54780669522e-05	0	0	0	5.06829527888e-06	2.02731811155e-05	7.09561339044e-05	0	5.06829527888e-06	0.00182965459568	0	4.05463622311e-05	2.53414763944e-05	5.06829527888e-06	0	6.08195433466e-05	0.00240237196219	0.00102886394161	0	1.01365905578e-05	4.05463622311e-05	3.04097716733e-05	1.01365905578e-05	0	0.000826132130458	4.56146575099e-05	5.06829527888e-06	0	5.06829527888e-06	0	0	0	0.000101365905578	0	1.01365905578e-05	5.06829527888e-06	0	0	0	0	0	5.06829527888e-06	0	0	5.06829527888e-06	0	4.56146575099e-05	2.02731811155e-05	0	0	5.06829527888e-06	5.06829527888e-06	0	0	1.52048858366e-05	2.02731811155e-05	1.52048858366e-05	0	5.06829527888e-05	5.06829527888e-06	1.52048858366e-05	0	1.52048858366e-05	0	1.52048858366e-05	0	0	3.04097716733e-05	0.000253414763944	0.000663946681534	0.000582853957072	9.62976102988e-05	5.06829527888e-06	5.06829527888e-06	1.01365905578e-05	1.01365905578e-05	0	3.04097716733e-05	0	0	0	0
0.000288892830896	0.00041053191759	0.000618332024024	0	9.62976102988e-05	0	0.0011758445047	0.00155596665062	0.0028078355845	0.000263551354502	0.00139378120169	0.0100453612427	0.000425736803426	8.6161019741e-05	0.000765312587111	5.06829527888e-06	6.58878386255e-05	0.00461721699906	0.00102886394161	0.0181242239173	0.000369985555358	0.000324370897849	0.000339575783685	0.000704493043765	0.000192595220598	0.000111502496135	0.00404449963255	0.000704493043765	0.00067915156737	0.000527102709004	0.000694356453207	9.12293150199e-05	0	1.01365905578e-05	0.00474392438103	1.52048858366e-05	0.000197663515876	4.56146575099e-05	0	1.01365905578e-05	0	5.06829527888e-06	0	6.58878386255e-05	2.53414763944e-05	0	5.06829527888e-06	5.06829527888e-06	0.00013684397253	0.000177390334761	0	4.05463622311e-05	4.56146575099e-05	1.01365905578e-05	0.000202731811155	5.06829527888e-06	2.53414763944e-05	8.6161019741e-05	7.60244291832e-05	9.62976102988e-05	0.000157117153645	0.000471351460936	0.000425736803426	9.62976102988e-05	0.000192595220598	1.01365905578e-05	2.02731811155e-05	1.01365905578e-05	0	0.000415600212868	0.00342616760852	0.00455132916044	0.00765819416639	0.000851473606852	3.04097716733e-05	1.01365905578e-05	2.02731811155e-05	0.000440941689263	1.01365905578e-05	0.000415600212868	7.60244291832e-05	0	2.02731811155e-05	5.06829527888e-06
1.52048858366e-05	5.57512480677e-05	1.52048858366e-05	0	0.0106180786093	6.58878386255e-05	0.00698917918958	0.00126707381972	0.00515445629862	0.00158130812701	0.00620359342135	0.000638605205139	0.0117736499328	0.00036491726008	0.000821063835179	0.000146980563088	4.05463622311e-05	5.06829527888e-05	0	0.000369985555358	0.0298167811257	2.02731811155e-05	5.06829527888e-06	3.54780669522e-05	0.00212868401713	5.06829527888e-06	0.000385190441195	0.000106434200857	0.00112009325663	6.58878386255e-05	5.06829527888e-06	1.01365905578e-05	0.000278756240339	0	0.00144953244976	0.000435873393984	7.60244291832e-05	4.05463622311e-05	0	0.00360355794329	2.53414763944e-05	0.00320823091153	3.54780669522e-05	0.00217429867464	0.000501761232609	0.00288892830896	0.00174349357594	0.0109982007552	0.00117077620942	0.00380628975444	0.000329439193127	0	5.06829527888e-06	0.000126707381972	3.04097716733e-05	0.0105978054281	0	1.01365905578e-05	4.56146575099e-05	0.00568155900763	0.00022807328755	0.000263551354502	0.000167253744203	0.00109982007552	0.00340589442741	3.04097716733e-05	5.06829527888e-06	2.02731811155e-05	5.06829527888e-06	0.00320316261625	0.000486556346773	0.000592990547629	0.00244291832442	0.000511897823167	0.000978180988824	0.000207800106434	4.05463622311e-05	0.00058792225235	8.6161019741e-05	0.00130255188667	0.000324370897849	6.08195433466e-05	7.60244291832e-05	0.000440941689263
0.00173842528066	0.000121639086693	0.00058792225235	0	0	0	4.56146575099e-05	0.00566635412179	0.00268619649781	0.000623400319303	0.000233141582829	0.000126707381972	1.01365905578e-05	0	0.00281797217506	3.04097716733e-05	0.00238209878107	0.0017029472137	1.01365905578e-05	0.000324370897849	2.02731811155e-05	0.0434403588353	0.00263044524974	0.0266490965764	0.000223004992271	2.02731811155e-05	0.000304097716733	0.00125186893388	0.0103291857784	0.000258483059223	0.00555485162566	0	0	1.01365905578e-05	0.00575758343681	5.06829527888e-06	0.000425736803426	0.000192595220598	0	0	0	0	5.06829527888e-06	3.04097716733e-05	1.01365905578e-05	5.06829527888e-06	1.01365905578e-05	5.06829527888e-06	0	5.06829527888e-05	0	0.000511897823167	0.000126707381972	5.06829527888e-06	5.06829527888e-05	1.01365905578e-05	0.000466283165657	0.00163705937508	0.00167253744203	1.01365905578e-05	0	0.000172322039482	0.000917361445478	0.00013684397253	3.04097716733e-05	0.000425736803426	0	0	1.01365905578e-05	0.000101365905578	0.00818022858012	0.00197156686349	0.00648234966169	0.0028331770609	0.000106434200857	2.02731811155e-05	0	0.000187526925319	1.01365905578e-05	0.000197663515876	0.00018245863004	7.60244291832e-05	0	0
0.000299029421454	0.0112110691569	0.00298015762398	0	8.6161019741e-05	0	0.000248346468665	0.0026405818403	0.00149007881199	0.00994399533717	0.000993385874661	0.000369985555358	1.52048858366e-05	0.000187526925319	0.00121639086693	0.000202731811155	0.0188793999138	0.000917361445478	4.05463622311e-05	0.000339575783685	5.06829527888e-06	0.00263044524974	0.0552798966068	0.00929525354147	0.0138719241783	0.00421682167203	0.00389751906946	0.020698917919	0.00354780669522	0.000881883378526	0.00108461518968	1.01365905578e-05	0	5.06829527888e-06	0.00133296165835	0.000304097716733	0.00706520361876	0.00339575783685	0	2.02731811155e-05	0	9.12293150199e-05	2.02731811155e-05	5.57512480677e-05	7.60244291832e-05	1.52048858366e-05	4.56146575099e-05	7.09561339044e-05	0.000400395327032	0.000187526925319	5.06829527888e-06	0.00268112820253	0.000420668508147	0	1.52048858366e-05	5.57512480677e-05	0.00651782772864	0.0209624692735	0.0157725349079	0.000856541902131	0.000400395327032	0.000400395327032	0.0141912267809	0.0041762753098	0.000207800106434	0.000947771217151	0.000304097716733	0	1.01365905578e-05	0.000309166012012	0.00515445629862	0.00321329920681	0.00182965459568	0.000162185448924	0.00031930260257	1.52048858366e-05	0.000223004992271	0.000481488051494	0.00013684397253	7.60244291832e-05	3.04097716733e-05	0	5.06829527888e-06	1.52048858366e-05
0.00430298269177	0.000658878386255	0.0180431311928	0	0	0	0.000476419756215	0.00694863282735	0.00480981221966	0.00109982007552	0.000932566331314	0.000491624642052	3.54780669522e-05	5.06829527888e-06	0.00541293935785	6.08195433466e-05	0.00857555561187	0.0109120397354	3.04097716733e-05	0.000704493043765	3.54780669522e-05	0.0266490965764	0.00929525354147	0.0768150832467	0.00122652745749	2.53414763944e-05	0.00327411875016	0.011758445047	0.00454119256988	0.00101872735106	0.00322850409265	0	0	2.02731811155e-05	0.0058082663896	7.60244291832e-05	0.000962976102988	0.00256455741111	0	0	0	1.01365905578e-05	1.52048858366e-05	0.000101365905578	6.58878386255e-05	1.52048858366e-05	3.04097716733e-05	1.52048858366e-05	2.02731811155e-05	0.000131775677251	0	0.00296495273815	0.000440941689263	2.02731811155e-05	0.000157117153645	2.02731811155e-05	0.000800790654064	0.00657357897671	0.00954866830542	0.000101365905578	1.52048858366e-05	0.000902156559641	0.00308659182484	5.06829527888e-05	6.08195433466e-05	0.000212868401713	1.01365905578e-05	0	5.06829527888e-06	0.000380122145916	0.0159397886521	0.0069841108943	0.00617318364968	0.00277235751755	9.12293150199e-05	1.01365905578e-05	5.06829527888e-06	0.000375053850637	3.54780669522e-05	0.000618332024024	0.000567649071235	7.60244291832e-05	2.53414763944e-05	2.02731811155e-05
0.000380122145916	0.00412559235701	0.000496692937331	0	0.00298015762398	5.06829527888e-06	0.000988317579382	0.00536732470034	0.00305111375789	0.0114442107397	0.00167760573731	0.000167253744203	0.00189047413902	1.52048858366e-05	0.00162692278452	0.00102886394161	0.0111451813183	0.000329439193127	1.01365905578e-05	0.000192595220598	0.00212868401713	0.000223004992271	0.0138719241783	0.00122652745749	0.0443273105091	0.00187526925319	0.00200197663516	0.00665973999645	0.014829831986	0.00120625427637	0.00288386001368	0	4.05463622311e-05	3.54780669522e-05	0.000932566331314	0.000324370897849	0.000344644078964	0.000146980563088	0	0.00036491726008	0	0.00022807328755	4.05463622311e-05	0.00031930260257	0.00218950356048	8.6161019741e-05	0	0.000152048858366	0.000212868401713	0.000177390334761	5.06829527888e-06	0.00018245863004	1.01365905578e-05	5.06829527888e-06	2.02731811155e-05	0.000172322039482	0.00368465066775	0.00563087605484	0.00276728922227	0.00233648412357	0.000217936696992	0.000101365905578	0.000684219862649	0.00400395327032	0.000506829527888	0.00101365905578	0.000162185448924	0	0.000288892830896	0.000557512480677	0.0042725729201	0.00119611768582	0.00111502496135	0.000506829527888	0.000567649071235	3.04097716733e-05	3.04097716733e-05	0.00170801550898	0.00022807328755	0.000187526925319	9.62976102988e-05	1.52048858366e-05	4.56146575099e-05	1.52048858366e-05
5.06829527888e-06	0.00512404652695	1.52048858366e-05	0	4.56146575099e-05	0	7.09561339044e-05	0.000293961126175	0.00041053191759	0.00247839639137	0.000131775677251	0.00117077620942	4.56146575099e-05	0.00132789336307	0.000217936696992	2.02731811155e-05	0.000131775677251	3.54780669522e-05	0	0.000111502496135	5.06829527888e-06	2.02731811155e-05	0.00421682167203	2.53414763944e-05	0.00187526925319	0.009959200223	0.00299536250982	0.00529636856643	0.000527102709004	4.56146575099e-05	2.02731811155e-05	7.09561339044e-05	3.04097716733e-05	0	0.000471351460936	0	0.000197663515876	0	0	5.06829527888e-06	0	0	0	5.06829527888e-06	5.06829527888e-06	0	8.10927244621e-05	5.06829527888e-06	0.00100352246522	3.54780669522e-05	0	0	0	3.04097716733e-05	0	0	0	1.01365905578e-05	0	1.01365905578e-05	0.00124173234333	0.000243278173386	0.000334507488406	5.06829527888e-06	4.56146575099e-05	0	0.000223004992271	0	0	7.60244291832e-05	0.000141912267809	0.00177390334761	0.000831200425737	1.01365905578e-05	7.09561339044e-05	5.06829527888e-06	0.00104913712273	1.01365905578e-05	5.06829527888e-06	2.53414763944e-05	0	0	0	0.000121639086693
0.00224018651327	0.00776462836725	0.0188692633233	0	0.000157117153645	5.06829527888e-06	0.00112516155191	0.0036491726008	0.00293454296647	0.0015356934695	0.0013684397253	0.0110539520032	0.000491624642052	0.00188033754847	0.00260510377335	0.000106434200857	0.000375053850637	0.00534198322394	0.000826132130458	0.00404449963255	0.000385190441195	0.000304097716733	0.00389751906946	0.00327411875016	0.00200197663516	0.00299536250982	0.0774435518613	0.0281999949317	0.00172322039482	0.00175363016649	0.00190061072958	0.00112516155191	2.53414763944e-05	4.05463622311e-05	0.00466789995185	0.000248346468665	0.00774435518613	0.000344644078964	0	5.57512480677e-05	0	4.05463622311e-05	0	9.12293150199e-05	0.00036491726008	5.06829527888e-05	0.000897088264362	0.000152048858366	0.0112161374522	0.00054230759484	5.06829527888e-06	8.6161019741e-05	0.000430805098705	0.00148501051671	0.00172322039482	0.000116570791414	0.000248346468665	0.000537239299562	0.000390258736474	0.000420668508147	0.0154278908289	0.0184536631104	0.00912293150199	0.000116570791414	0.000527102709004	0.000207800106434	0.00324877727376	2.02731811155e-05	2.53414763944e-05	0.000978180988824	0.00405463622311	0.00862623856466	0.00705506702821	0.000663946681534	0.000111502496135	1.52048858366e-05	0.000293961126175	0.000846405311573	0.000810927244621	0.000598058842908	0.000197663515876	5.06829527888e-06	8.6161019741e-05	0.000106434200857
0.00036491726008	0.024824510276	0.0152555687894	0	0.000111502496135	0	0.000572717366514	0.0031930260257	0.00162185448924	0.00339068954157	0.00188540584374	0.000653810090976	0.000121639086693	0.00111502496135	0.000927498036036	0.000329439193127	0.00635564227972	0.00598058842908	4.56146575099e-05	0.000704493043765	0.000106434200857	0.00125186893388	0.020698917919	0.011758445047	0.00665973999645	0.00529636856643	0.0281999949317	0.0985225919262	0.00326905045488	0.000451078279821	0.000486556346773	0.000106434200857	0	5.06829527888e-06	0.00314234307291	0.000582853957072	0.021226020628	0.0087833557183	0	1.52048858366e-05	0	2.02731811155e-05	3.54780669522e-05	7.60244291832e-05	0.000491624642052	1.52048858366e-05	0.000288892830896	3.54780669522e-05	0.00601606649603	0.000496692937331	0	0.000157117153645	0.00172322039482	0.000532171004283	0.000141912267809	2.02731811155e-05	0.000217936696992	0.00431818757761	0.00518993436558	0.000527102709004	0.00912293150199	0.00733889156382	0.0227667823927	0.000354780669522	0.000446009984542	0.000481488051494	0.00206786447378	5.06829527888e-06	8.10927244621e-05	0.000836268721016	0.01272142115	0.0050632269836	0.00427764121538	0.000643673500418	0.000359848964801	6.58878386255e-05	5.57512480677e-05	0.00186006436735	0.00150021540255	0.000486556346773	0.000106434200857	0	4.56146575099e-05	1.01365905578e-05
0.00251387445833	0.00186006436735	0.000805858949342	0	0.00306631864372	7.09561339044e-05	0.00357314817161	0.0322242213831	0.00912799979727	0.00829679937153	0.00651275943336	0.000669014976813	0.00116570791414	1.52048858366e-05	0.00648234966169	0.00203745470211	0.0019918400446	0.00104406882745	5.06829527888e-06	0.00067915156737	0.00112009325663	0.0103291857784	0.00354780669522	0.00454119256988	0.014829831986	0.000527102709004	0.00172322039482	0.00326905045488	0.071022021743	0.00252401104888	0.0132231823826	5.06829527888e-06	0.000157117153645	0.000618332024024	0.00615291046856	0.000248346468665	0.000527102709004	0.000385190441195	0	0.00243278173386	0	0.000567649071235	0.000141912267809	0.000790654063506	0.00549403208231	0.00156610324117	3.04097716733e-05	0.000608195433466	0.00013684397253	0.000390258736474	1.52048858366e-05	2.02731811155e-05	0.000106434200857	5.06829527888e-06	5.57512480677e-05	0.000522034413725	0.00118598109526	0.00121132257165	0.00120625427637	0.00555485162566	0.00013684397253	0.000223004992271	0.000775449177669	0.00336534806518	0.000674083272091	0.00102379564633	6.08195433466e-05	5.06829527888e-06	0.000167253744203	0.00149514710727	0.00392792884113	0.00063353690986	0.0047287194952	0.00131775677251	0.00158637642229	0.000217936696992	1.52048858366e-05	0.00256962570639	0.000324370897849	0.00120625427637	0.000552444185398	1.01365905578e-05	0.000217936696992	0.000126707381972
0.00871746787968	0.00036491726008	0.00181444970984	0	0.000106434200857	0.000197663515876	0.000527102709004	0.00984262943159	0.00183979118623	0.00313220648235	0.00135323483946	0.00169787891843	7.09561339044e-05	6.58878386255e-05	0.00788119915866	0.000116570791414	0.000162185448924	0.00124680063861	0	0.000527102709004	6.58878386255e-05	0.000258483059223	0.000881883378526	0.00101872735106	0.00120625427637	4.56146575099e-05	0.00175363016649	0.000451078279821	0.00252401104888	0.0315602747016	0.00611743240161	0	0.000339575783685	0.00317275284458	0.00642153011834	0.000304097716733	0.00031930260257	0.000131775677251	0	0	0	3.04097716733e-05	2.02731811155e-05	3.54780669522e-05	0.000623400319303	5.06829527888e-06	0	3.04097716733e-05	5.57512480677e-05	0.000192595220598	0	0.000172322039482	8.6161019741e-05	0	5.57512480677e-05	5.06829527888e-06	0.000608195433466	0.00202731811155	0.000197663515876	0.000375053850637	5.57512480677e-05	0.000152048858366	0.000552444185398	0.00156610324117	0.000501761232609	0.000694356453207	0	0	0.000349712374243	0.000375053850637	0.0021844352652	0.000369985555358	0.00382149464028	0.000623400319303	0.000258483059223	7.60244291832e-05	4.56146575099e-05	0.0010085907605	0.000435873393984	0.000106434200857	4.56146575099e-05	0	6.08195433466e-05	2.53414763944e-05
0.00274701604115	0.000375053850637	0.00183979118623	0	5.06829527888e-06	5.06829527888e-06	3.54780669522e-05	0.00935100478954	0.000962976102988	0.00162185448924	4.05463622311e-05	0.000481488051494	1.01365905578e-05	5.06829527888e-06	0.00157117153645	8.10927244621e-05	0.00228580117078	0.00213375231241	5.06829527888e-06	0.000694356453207	5.06829527888e-06	0.00555485162566	0.00108461518968	0.00322850409265	0.00288386001368	2.02731811155e-05	0.00190061072958	0.000486556346773	0.0132231823826	0.00611743240161	0.0345809786878	0	0	0.000243278173386	0.00508856846	3.54780669522e-05	0.000202731811155	0.000207800106434	0	0	0	5.06829527888e-06	0	2.53414763944e-05	0.00013684397253	0	5.06829527888e-06	1.01365905578e-05	5.06829527888e-06	2.53414763944e-05	0	8.10927244621e-05	0.000141912267809	0	6.58878386255e-05	0	0.000608195433466	0.00095283951243	0.000405463622311	0.000157117153645	5.06829527888e-06	0.000177390334761	0.000354780669522	0.000988317579382	9.12293150199e-05	0.000126707381972	0	5.06829527888e-06	5.57512480677e-05	0.000111502496135	0.00103393223689	0.000283824535617	0.00246319150554	0.000435873393984	0.000253414763944	1.01365905578e-05	0	0.000613263728745	0.000146980563088	7.09561339044e-05	2.02731811155e-05	0	1.52048858366e-05	0
0	1.01365905578e-05	5.06829527888e-06	0	1.01365905578e-05	0	2.02731811155e-05	5.06829527888e-06	1.52048858366e-05	0	5.06829527888e-06	0.00086161019741	2.02731811155e-05	0.000288892830896	0	0	0	0	0	9.12293150199e-05	1.01365905578e-05	0	1.01365905578e-05	0	0	7.09561339044e-05	0.00112516155191	0.000106434200857	5.06829527888e-06	0	0	0.00147487392615	0	0	2.53414763944e-05	0	0	0	0	5.06829527888e-06	0	0	0	0	0	5.06829527888e-06	1.52048858366e-05	0	0.000821063835179	0	0	0	0	1.01365905578e-05	5.06829527888e-06	0	0	0	0	5.06829527888e-06	0.00054230759484	2.02731811155e-05	6.58878386255e-05	5.06829527888e-06	0	0	0.000461214870378	0	0	0	0	0.000653810090976	0.00013684397253	5.06829527888e-06	0	0	8.6161019741e-05	2.02731811155e-05	2.02731811155e-05	0	0	0	0	1.01365905578e-05
0	0	0	0	0.00013684397253	0.000674083272091	0.00167760573731	0.000238209878107	0.00286865512785	0	0.000795722358785	0.000212868401713	0.000567649071235	1.52048858366e-05	0.00027368794506	2.53414763944e-05	0	0	0	0	0.000278756240339	0	0	0	4.05463622311e-05	3.04097716733e-05	2.53414763944e-05	0	0.000157117153645	0.000339575783685	0	0	0.00357821646689	0	0.00240237196219	0	0	5.06829527888e-06	0	0	0	0	5.06829527888e-06	1.01365905578e-05	0	5.06829527888e-06	0	0	0.000121639086693	2.53414763944e-05	0	0	0	0	0	0	0	0	0	2.02731811155e-05	0.000121639086693	0	5.06829527888e-06	5.06829527888e-06	2.02731811155e-05	0	0	0	0	4.05463622311e-05	3.54780669522e-05	0.000329439193127	0.000461214870378	6.08195433466e-05	8.10927244621e-05	0.000349712374243	8.6161019741e-05	0	0	3.54780669522e-05	5.06829527888e-06	0	0	1.01365905578e-05
