0.031397359321	0	2.61972126166e-05	0	0	0	0	0.0233024206224	0.0103871948025	0	2.61972126166e-05	0	0	0	0.0213507282825	0	0.000353662370324	0	0	1.30986063083e-05	0	0.00504296342869	0	0.00763648747773	0.00104788850466	0	1.30986063083e-05	0	0.0126139578749	0.00800324845436	0.00335324321492	0	0	3.92958189249e-05	0.000104788850466	0	0	0	0	0	0	0	0	0	0	0	0	0	0	0	0	0	0	0	0	0	0	0	0	0	0	0	0	0	0	0	0	0	0	0	3.92958189249e-05	0	0.000812113591114	0.000144084669391	0	0	0	0	0	0	0	0	0	0
0	0.0265901708058	0.000510845646023	0	0	0	0	0	0	0.00251493241119	0	0	0	0.000117887456775	0	0	0.000222676307241	1.30986063083e-05	0	0	0	0	0.00941789793566	0	0.0064838101226	0.00206957979671	0.00687676831185	0.022686786126	0.000275070732474	0	0	0	0	0	0	0	0.0129807188515	0.00130986063083	0	0	0	0	0	0	2.61972126166e-05	0	0	0	0	0	0	0	0.00288169338782	0	0.00272451011212	0	0	1.30986063083e-05	0	1.30986063083e-05	0.000484648433407	0.00327465157707	0.00745310698942	0	0	0	0	0	0	0.000209577700933	2.61972126166e-05	0	2.61972126166e-05	2.61972126166e-05	0	0	0	1.30986063083e-05	0	0.000222676307241	0.000117887456775	0	0	0
2.61972126166e-05	0.000510845646023	0.0452556847951	0	0	0	0	2.61972126166e-05	1.30986063083e-05	0.000130986063083	1.30986063083e-05	0	0	0	0	5.23944252332e-05	0.000144084669391	0.00956198260505	0	6.54930315414e-05	0	0.000340563764016	2.61972126166e-05	0.0139631143246	6.54930315414e-05	0	0.016740018862	0.0152598763492	7.85916378497e-05	0	0	0	0	0	0.000510845646023	0	0.00523944252332	3.92958189249e-05	0	0	0	0	0	0	1.30986063083e-05	0	0	0	0	0	0	0	0.000694226134339	0	0.00516085088547	0	0	2.61972126166e-05	0.000196479094624	0	0	0.00533113276747	0.000406056795557	0	0	0	0	0	0	0.00115267735513	0.00702085298124	0.00129676202452	0.00227915749764	0.000392958189249	0	0	0	0.00242324216703	2.61972126166e-05	0.00128366341821	0.000484648433407	0	0	0
0	0	0	0	0	0	0	0	0	0	0	0	0	0	0	0	0	0	0	0	0	0	0	0	0	0	0	0	0	0	0	0	0	0	0	0	0	0	0	0	0	0	0	0	0	0	0	0	0	0	0	0	0	0	0	0	0	0	0	0	0	0	0	0	0	0	0	0	0	0	0	0	0	0	0	0	0	0	0	0	0	0	0	0
0	0	0	0	0.0220056585979	0.000104788850466	0.00263281986797	0.00526563973593	0.00191239652101	0.000589437283873	0.0034711306717	0.000235774913549	0.00344493345908	0	7.85916378497e-05	0.000353662370324	0	2.61972126166e-05	3.92958189249e-05	0.000288169338782	0.00927381326627	0	0	0	0.00293408781306	0	2.61972126166e-05	0	0.00467620245206	2.61972126166e-05	0	0	0	0	0.000235774913549	0.000877606622655	0	0	0	0.011854238709	2.61972126166e-05	0.00103478989835	0	0.00128366341821	0.000170281882008	0.00860578434455	0.00045845122079	0.00337944042754	0.000130986063083	0.00146704390653	0	0	0	0.000261972126166	0.000117887456775	0.00547521743686	0	0	0	0.00775437493451	0	0.000353662370324	0	0.0041129623808	0.000877606622655	0	0	0.000209577700933	0	0.00233155192288	0.000340563764016	0	0.00213507282825	0.000877606622655	0.000432254008174	6.54930315414e-05	0	0.000183380488316	0	0.00216127004087	0.000602535890181	0	0.000550141464948	0.000275070732474
0	0	0	0	0.000104788850466	0.00492507597192	0.00298648223829	0.000170281882008	0.000196479094624	7.85916378497e-05	0	0	3.92958189249e-05	0	0	0.00265901708058	0	0	0	0	1.30986063083e-05	0	0	0	0.000222676307241	0	0	0	0.000183380488316	0	0	0	0.000654930315414	0	5.23944252332e-05	0	0	0	0	1.30986063083e-05	0	0	0	0	1.30986063083e-05	0	0	0	0	0	0	0	0	0	0	0	0	0	0	1.30986063083e-05	0	0	0	1.30986063083e-05	0	0	0	0	0	0	0.000406056795557	0	0.000825212197422	1.30986063083e-05	0.000510845646023	0.00208267840302	0	0	0	0	0	0	0	0
0	0	0	0	0.00263281986797	0.00298648223829	0.0357984910406	0.0066409933983	0.0177486115477	0.000851409410039	0.0136880435922	0.000144084669391	0.0102693073457	3.92958189249e-05	0.00106098711097	0.00349732788431	0	0	2.61972126166e-05	2.61972126166e-05	0.00517394949177	0	0	0	0.00161112857592	0	1.30986063083e-05	0	0.00366760976632	0	0	0	0.000196479094624	0	0.000288169338782	0	0	0	0	0.000248873519857	0	0	0	1.30986063083e-05	0.000275070732474	1.30986063083e-05	0	1.30986063083e-05	0	0	0	0	0	0	0	1.30986063083e-05	0	0	0	0.000314366551399	0	0	0	0.000222676307241	1.30986063083e-05	0	0	0	0	3.92958189249e-05	0.00265901708058	0	0.00406056795557	0.00154563554438	0.00280310174997	0.00172901603269	1.30986063083e-05	2.61972126166e-05	0	3.92958189249e-05	0	0	1.30986063083e-05	5.23944252332e-05
0.0233024206224	0	2.61972126166e-05	0	0.00526563973593	0.000170281882008	0.0066409933983	0.100806874149	0.0301005972964	0.00259352404904	0.0250314366551	0.000602535890181	5.23944252332e-05	0	0.0277166509483	0.000720423346956	6.54930315414e-05	7.85916378497e-05	0.000104788850466	0.00091690244158	0.00100859268574	0.0096405742429	0	0.0105050822592	0.000392958189249	0	0.000117887456775	0.000497747039715	0.0442994865346	0.01096353348	0.0114350833071	0	0	0.00151943833176	0.00316986272661	0.00037985958294	0	0	0	0.00880226343917	0	2.61972126166e-05	0	0.000720423346956	0.001742114639	0.00375930001048	0.000170281882008	0.00130986063083	6.54930315414e-05	0.000589437283873	0	0	0	2.61972126166e-05	2.61972126166e-05	0.00335324321492	1.30986063083e-05	0	0.000196479094624	0.0104657864403	0	6.54930315414e-05	0	0.00539662579901	0.000288169338782	0	0	0	0	0.000812113591114	0.00128366341821	9.1690244158e-05	0.00530493555486	0.00155873415069	0.000235774913549	0.000117887456775	0	6.54930315414e-05	0	0.000864508016347	0.000222676307241	0.000222676307241	0.000196479094624	0.000157183275699
0.0103871948025	0	1.30986063083e-05	0	0.00191239652101	0.000196479094624	0.0177486115477	0.0301005972964	0.0649297914702	2.61972126166e-05	0.0280310174997	0.00543592161794	0.00264591847427	0.000261972126166	0.0286859478152	2.61972126166e-05	9.1690244158e-05	0	0.000235774913549	0.000733521953264	0.00495127318453	0.00179450906424	0	0.000668028921723	0.000943099654197	0	0.000340563764016	6.54930315414e-05	0.0162160746097	0.00155873415069	0	0	0.00113957874882	7.85916378497e-05	0.00357591952216	0	0	0	0	2.61972126166e-05	0	0.000117887456775	0	2.61972126166e-05	0	0	0	0.000183380488316	0	0.000248873519857	0	0	0	0	0	0.000183380488316	0	0	0	0	0	0	0	0	0.000275070732474	0	0	0	0	0.000406056795557	0.00191239652101	0	0.0101383212826	0.00319605993922	0.00138845226868	0.000366760976632	7.85916378497e-05	2.61972126166e-05	0	0.000497747039715	0	1.30986063083e-05	1.30986063083e-05	0.000314366551399
0	0.00251493241119	0.000130986063083	0	0.000589437283873	7.85916378497e-05	0.000851409410039	0.00259352404904	2.61972126166e-05	0.0267604526878	1.30986063083e-05	0	0.00199098815886	0.000117887456775	0	0.00280310174997	1.30986063083e-05	0	0	0	2.61972126166e-05	0	0.00637902127214	0	0.0151419888924	0.000890705228964	0.000825212197422	0.0011002829299	0.00939170072304	0	0	0	0	0	0	0.00045845122079	6.54930315414e-05	0	0	0.00328775018338	0	0	1.30986063083e-05	0	0.0120114219847	0.000183380488316	0.000117887456775	0	0.000209577700933	0.000248873519857	0	1.30986063083e-05	0	0	2.61972126166e-05	0	1.30986063083e-05	0.00381169443571	5.23944252332e-05	0.00720423346956	6.54930315414e-05	2.61972126166e-05	6.54930315414e-05	0.00302577805721	0.00123126899298	0.00138845226868	0	0	0.00119197317405	0.00500366760977	0.00251493241119	0.000248873519857	2.61972126166e-05	2.61972126166e-05	0.00165042439484	0	0	0.00339253903385	0.000144084669391	0.00394268049879	0.00269831289951	0.00053704285864	9.1690244158e-05	0
2.61972126166e-05	0	1.30986063083e-05	0	0.0034711306717	0	0.0136880435922	0.0250314366551	0.0280310174997	1.30986063083e-05	0.0565335848266	0.00280310174997	0.00225296028503	2.61972126166e-05	0.00675888085508	1.30986063083e-05	0	0.000117887456775	0.000327465157707	0.00319605993922	0.00762338887142	0	0	0	1.30986063083e-05	0	0.000523944252332	6.54930315414e-05	0.00915592580949	0.00061563449649	0	0	0	7.85916378497e-05	0.00399507492403	0.000694226134339	0	0	0	0.00275070732474	0	3.92958189249e-05	0	0.000812113591114	0	0.00357591952216	0.000812113591114	0.00296028502567	0.000432254008174	0.00124436759929	0	0	0	0.000196479094624	2.61972126166e-05	0.00404746934926	0	0	0	0.00285549617521	0	0.000248873519857	0	0.000196479094624	0.00083831080373	0	0	0	0	0.00117887456775	0.000799014984806	0	0.00994184218799	0.00303887666352	0.000275070732474	0	0	1.30986063083e-05	0	0.000812113591114	0	0	0.000104788850466	0.000275070732474
0	0	0	0	0.000235774913549	0	0.000144084669391	0.000602535890181	0.00543592161794	0	0.00280310174997	0.0327727129833	0	0.00265901708058	0.00702085298124	0	0	0	0.00144084669391	0.0118018442838	0.00123126899298	0	0	0	0	0.00130986063083	0.00484648433407	0	0.000471549827098	0.00231845331657	0	0.00037985958294	0.000641831709106	0	0.0101383212826	0	0	0	0	0	0	0	0	0	0	0	0.00124436759929	0	0.00357591952216	0	0	0	0	0	0	0	0	0	0	0	0.00327465157707	0	3.92958189249e-05	0	0	0	0.000589437283873	0	0	0	0.00289479199413	0.00753169862727	0.0179974850676	0.00116577596144	0	0	0.00251493241119	0.00037985958294	0	0	0	0	0	0
0	0	0	0	0.00344493345908	3.92958189249e-05	0.0102693073457	5.23944252332e-05	0.00264591847427	0.00199098815886	0.00225296028503	0	0.0235774913549	0	5.23944252332e-05	0.00339253903385	0	0	0	0	0.008540291313	0	0	0	0.00335324321492	0	0	0	0.000144084669391	0	0	0	0	0	0	0.000406056795557	0	0	0	0.0012574662056	0	0.00123126899298	0	0.00136225505606	0.000628733102798	0.00112648014251	0.000406056795557	0.00455831499528	0.000261972126166	0.00186000209578	0	0	0	3.92958189249e-05	1.30986063083e-05	0.0042701456565	0	0	0	0.000799014984806	0	3.92958189249e-05	0	0.000576338677565	0.000903803835272	0	0	0	0	0.00099549407943	0.00083831080373	0	0.00108718432359	0.000733521953264	0.00154563554438	1.30986063083e-05	0	3.92958189249e-05	0	0.000589437283873	0	0	0	0.000222676307241
0	0.000117887456775	0	0	0	0	3.92958189249e-05	0	0.000261972126166	0.000117887456775	2.61972126166e-05	0.00265901708058	0	0.00699465576863	0.000104788850466	0	0	0	0	0	0	0	0.000117887456775	0	6.54930315414e-05	0.00188619930839	0.00112648014251	1.30986063083e-05	1.30986063083e-05	0	0	0.000196479094624	3.92958189249e-05	0	3.92958189249e-05	0	0	0	0	0	0	0	0	0	1.30986063083e-05	1.30986063083e-05	0.000969296866813	1.30986063083e-05	0.00374620140417	0	0	0	0	0	0	1.30986063083e-05	0	1.30986063083e-05	0	3.92958189249e-05	0.00231845331657	0	0	1.30986063083e-05	0	0	0.000117887456775	0	0	0.000157183275699	0	0.00251493241119	0.000419155401865	0	0	0	0.00129676202452	0	0	0.000170281882008	0	0	0	2.61972126166e-05
0.0213507282825	0	0	0	7.85916378497e-05	0	0.00106098711097	0.0277166509483	0.0286859478152	0	0.00675888085508	0.00702085298124	5.23944252332e-05	0.000104788850466	0.0548176674002	0	0.000301267945091	0.000144084669391	0.000104788850466	0.00352352509693	0.000406056795557	0.00420465262496	0	0.00449282196374	0.00151943833176	0	0.000772817772189	0	0.0164125537043	0.00973226448706	0.000301267945091	0	0	9.1690244158e-05	0.00707324740648	0	0	0	0	2.61972126166e-05	0	0.000117887456775	0	1.30986063083e-05	0	0	0	0.000170281882008	0	0.000248873519857	0	0	0	0	0	0.000170281882008	0	0	0	0	0	0	0	0	0.000261972126166	0	0	0	0	0.000340563764016	2.61972126166e-05	0	0.00720423346956	0.000261972126166	0	0	2.61972126166e-05	0	0	0.00037985958294	0	1.30986063083e-05	0	0.000183380488316
0	0	5.23944252332e-05	0	0.000353662370324	0.00265901708058	0.00349732788431	0.000720423346956	2.61972126166e-05	0.00280310174997	1.30986063083e-05	0	0.00339253903385	0	0	0.0129414230326	0	1.30986063083e-05	0	0	0.000157183275699	2.61972126166e-05	0.000117887456775	2.61972126166e-05	0.00334014460861	0	3.92958189249e-05	0	0.00365451116001	0	0	0	6.54930315414e-05	0	0	0	0	2.61972126166e-05	0	0.000366760976632	0	0	0	0	0.00091690244158	3.92958189249e-05	0	0	0	0	0	0	0	0	0	0	0.000261972126166	0.000157183275699	0.00171591742639	0.000589437283873	0	0	2.61972126166e-05	0.000353662370324	0	0	0	0	0	0.000445352614482	0.00120507178036	0	0.000144084669391	7.85916378497e-05	0.00145394530022	0.000602535890181	0	0.000628733102798	2.61972126166e-05	0.00231845331657	0.00206957979671	0.001742114639	0	0.000222676307241
0.000353662370324	0.000222676307241	0.000144084669391	0	0	0	0	6.54930315414e-05	9.1690244158e-05	1.30986063083e-05	0	0	0	0	0.000301267945091	0	0.0302970763911	7.85916378497e-05	0	7.85916378497e-05	0	0.00326155297076	0.0195955150372	0.0104788850466	0.00484648433407	0	7.85916378497e-05	0.00496437179084	0.001742114639	0.000327465157707	0.000982395473122	0	0	0	1.30986063083e-05	0	0	0.000681127528031	0	0	0	0	0	0	0	0	0	0	0	0	0	0.00175521324531	0	0	0	0	0.00037985958294	0.0116708582207	0.00806874148591	6.54930315414e-05	0	0	0.00783296657236	0.00053704285864	0	0	0	0	0	3.92958189249e-05	0.0047416954836	0.00208267840302	0.000248873519857	0.000209577700933	2.61972126166e-05	0	0	0.000668028921723	0.000157183275699	0.000589437283873	0.000366760976632	0.000157183275699	2.61972126166e-05	0
0	1.30986063083e-05	0.00956198260505	0	2.61972126166e-05	0	0	7.85916378497e-05	0	0	0.000117887456775	0	0	0	0.000144084669391	1.30986063083e-05	7.85916378497e-05	0.0229749554647	0	0.0029995808446	6.54930315414e-05	0.00213507282825	0	0.0102169129205	2.61972126166e-05	0	0.00227915749764	0.000812113591114	9.1690244158e-05	9.1690244158e-05	0	0	0	0	0.00673268364246	0	3.92958189249e-05	3.92958189249e-05	0	0	0	0	0	0	0	0	0	0	0	0	0	0	0	0	3.92958189249e-05	0	0	0	0	0	0	3.92958189249e-05	7.85916378497e-05	0	0	0	0	0	0	0	0.00225296028503	3.92958189249e-05	0.00580268259457	0.000602535890181	0	0	0	0	0	0.000117887456775	0.000117887456775	0	0	0
0	0	0	0	3.92958189249e-05	0	2.61972126166e-05	0.000104788850466	0.000235774913549	0	0.000327465157707	0.00144084669391	0	0	0.000104788850466	0	0	0	0.00206957979671	0.00129676202452	0.000117887456775	0	0	0	0	0	0.000550141464948	0	0.000104788850466	0	0	0	0	0	0.000248873519857	0	0	0	0	0	0	0	0	0	0	0	0	0	0	0	0	0	0	0	0	0	0	0	0	0	0	0	0	0	0	0	0	0	0	0	0.000104788850466	0	0.00115267735513	0.000104788850466	0	0	0	0	0	0	0	0	0	0
1.30986063083e-05	0	6.54930315414e-05	0	0.000288169338782	0	2.61972126166e-05	0.00091690244158	0.000733521953264	0	0.00319605993922	0.0118018442838	0	0	0.00352352509693	0	7.85916378497e-05	0.0029995808446	0.00129676202452	0.0262627056481	0.00163732578854	0	0	9.1690244158e-05	0	0	0.00607775332705	0.00053704285864	0.000681127528031	0.000969296866813	0	0.000419155401865	0	0	0.0097977575186	0	0	0	0	0	0	0	0	0	0	0	0	0	0.00153253693807	0	0	1.30986063083e-05	2.61972126166e-05	0	0	0	0	0	0	0	0.00108718432359	0	0.000445352614482	0	0	0	0.00129676202452	0	0	1.30986063083e-05	0.00656240176045	0.005056062035	0.0177748087603	0.00108718432359	0	0	0	0.000497747039715	1.30986063083e-05	1.30986063083e-05	0	0	0	0
0	0	0	0	0.00927381326627	1.30986063083e-05	0.00517394949177	0.00100859268574	0.00495127318453	2.61972126166e-05	0.00762338887142	0.00123126899298	0.008540291313	0	0.000406056795557	0.000157183275699	0	6.54930315414e-05	0.000117887456775	0.00163732578854	0.0221497432673	0	0	0	0.00166352300115	0	0.000327465157707	0	0.000510845646023	7.85916378497e-05	0	0	0	0	0.00159802996961	0.000746620559572	0	0	0	0.00475479408991	0	0.000576338677565	0	0.00251493241119	1.30986063083e-05	0.003484229278	0.000432254008174	0.00550141464948	0.000117887456775	0.00244943937965	0	0	0	0.000183380488316	5.23944252332e-05	0.00662789479199	0	0	0	0.00290789060044	0	0.000222676307241	0	0.000484648433407	0.00099549407943	0	0	1.30986063083e-05	0	0.00134915644975	0.000563240071256	0	0.00502986482238	0.00201718537148	0.000366760976632	1.30986063083e-05	0	6.54930315414e-05	0	0.00104788850466	6.54930315414e-05	0	0.000144084669391	0.000288169338782
0.00504296342869	0	0.000340563764016	0	0	0	0	0.0096405742429	0.00179450906424	0	0	0	0	0	0.00420465262496	2.61972126166e-05	0.00326155297076	0.00213507282825	0	0	0	0.0524337210521	0.00112648014251	0.0335455307555	0.000602535890181	0	2.61972126166e-05	0.000353662370324	0.00793775542282	0.000825212197422	0.00999423661322	0	0	0	0.00447972335743	0	1.30986063083e-05	0.000117887456775	0	0	0	0	0	0	0	0	0	0	0	0	0	1.30986063083e-05	0	0	0	0	0.000484648433407	0.000943099654197	0.00447972335743	3.92958189249e-05	0	0	0.000288169338782	0.000301267945091	0	0	0	0	0	0.00061563449649	0.0118149428901	0.000851409410039	0.00386408886095	0.00187310070209	0.000785916378497	0	0	0.000432254008174	0	0.00492507597192	0.00484648433407	0.000523944252332	2.61972126166e-05	0
0	0.00941789793566	2.61972126166e-05	0	0	0	0	0	0	0.00637902127214	0	0	0	0.000117887456775	0	0.000117887456775	0.0195955150372	0	0	0	0	0.00112648014251	0.0552892172273	0.00834381221838	0.0168972021377	0.00150633972545	0.00208267840302	0.025110028293	0.000694226134339	0	0	0	0	0	0	0	0.00483338572776	0.00510845646023	0	0	0	0	0	0	7.85916378497e-05	0	1.30986063083e-05	0	7.85916378497e-05	0	0	0.00144084669391	1.30986063083e-05	0	0	0	0.000406056795557	0.0194383317615	0.0127842397569	0.000406056795557	7.85916378497e-05	0	0.0206303049356	0.000720423346956	2.61972126166e-05	7.85916378497e-05	0	0	5.23944252332e-05	0.000694226134339	0.00119197317405	0.000432254008174	1.30986063083e-05	0	0	0	0	0.00159802996961	0.00045845122079	0.00153253693807	0.00083831080373	0.000275070732474	3.92958189249e-05	0
0.00763648747773	0	0.0139631143246	0	0	0	0	0.0105050822592	0.000668028921723	0	0	0	0	0	0.00449282196374	2.61972126166e-05	0.0104788850466	0.0102169129205	0	9.1690244158e-05	0	0.0335455307555	0.00834381221838	0.09015770722	0.000432254008174	0	0.000261972126166	0.00823902336791	0.000799014984806	0.0022136644661	0.0034711306717	0	0	0	0.0036283139474	0	2.61972126166e-05	0.000157183275699	0	0	0	0	0	0	0	0	0	0	0	0	0	0.00163732578854	0	0	0	0	0.00123126899298	0.00644451430368	0.0117625484648	5.23944252332e-05	0	0	0.00389028607356	0.000392958189249	0	0	0	0	0	0.00148014251284	0.0250052394425	0.00712564183171	0.00423084983758	0.00261972126166	0.000799014984806	0	0	0.000484648433407	0.000144084669391	0.00778057214712	0.00791155821021	0.000510845646023	2.61972126166e-05	0
0.00104788850466	0.0064838101226	6.54930315414e-05	0	0.00293408781306	0.000222676307241	0.00161112857592	0.000392958189249	0.000943099654197	0.0151419888924	1.30986063083e-05	0	0.00335324321492	6.54930315414e-05	0.00151943833176	0.00334014460861	0.00484648433407	2.61972126166e-05	0	0	0.00166352300115	0.000602535890181	0.0168972021377	0.000432254008174	0.0469323064026	0.000956198260505	0.00188619930839	0.00715183904433	0.0150110028293	0.00162422718223	0.00083831080373	0	0	0.000222676307241	0.000275070732474	0.000432254008174	2.61972126166e-05	1.30986063083e-05	0	0.000366760976632	0	0	1.30986063083e-05	0	0.00643141569737	5.23944252332e-05	0.000104788850466	0	0.000196479094624	0.000222676307241	0	9.1690244158e-05	0	0	0	0	6.54930315414e-05	0.00432254008174	0.0012705648119	0.00269831289951	1.30986063083e-05	0	2.61972126166e-05	0.000746620559572	0.00108718432359	0.00128366341821	0	0	0.00108718432359	0.00400817353034	0.00280310174997	7.85916378497e-05	0.000641831709106	0.000720423346956	0.000772817772189	0	0	0.000851409410039	0	0.00462380802683	0.00340563764016	0.00138845226868	6.54930315414e-05	0
0	0.00206957979671	0	0	0	0	0	0	0	0.000890705228964	0	0.00130986063083	0	0.00188619930839	0	0	0	0	0	0	0	0	0.00150633972545	0	0.000956198260505	0.00586817562611	0.00226605889133	0.00201718537148	7.85916378497e-05	0	0	0.000314366551399	0	0	0	0	0.000117887456775	0	0	0	0	0	0	0	2.61972126166e-05	0	0.000248873519857	0	0.00248873519857	0	0	0	0	0	0	0	0	2.61972126166e-05	0	2.61972126166e-05	0.00265901708058	0	0.000104788850466	0	0	0	0.000222676307241	0	0	0	0	0.00171591742639	0	0	0	0	0.000510845646023	0	0	0	0	0	0	0
1.30986063083e-05	0.00687676831185	0.016740018862	0	2.61972126166e-05	0	1.30986063083e-05	0.000117887456775	0.000340563764016	0.000825212197422	0.000523944252332	0.00484648433407	0	0.00112648014251	0.000772817772189	3.92958189249e-05	7.85916378497e-05	0.00227915749764	0.000550141464948	0.00607775332705	0.000327465157707	2.61972126166e-05	0.00208267840302	0.000261972126166	0.00188619930839	0.00226605889133	0.0756182542178	0.0283322854448	0.00037985958294	0.000209577700933	0	0.00155873415069	0	0	0.00112648014251	0	0.0150110028293	2.61972126166e-05	0	0	0	0	0	0	1.30986063083e-05	0	0.00061563449649	0	0.0107801529917	0	0	0	0.000406056795557	0	0.00692916273708	0	0	3.92958189249e-05	0.000183380488316	1.30986063083e-05	0.0173818505711	0.015338467987	0.0119066331342	0	0	0	0.00525254112962	0	0	0.00121817038667	0.00595986587027	0.0116053651891	0.00506916064131	0.000366760976632	0	0	0.000144084669391	0.000720423346956	5.23944252332e-05	0.00119197317405	0.000340563764016	0	0	0
0	0.022686786126	0.0152598763492	0	0	0	0	0.000497747039715	6.54930315414e-05	0.0011002829299	6.54930315414e-05	0	0	1.30986063083e-05	0	0	0.00496437179084	0.000812113591114	0	0.00053704285864	0	0.000353662370324	0.025110028293	0.00823902336791	0.00715183904433	0.00201718537148	0.0283322854448	0.0990909567222	0.000877606622655	3.92958189249e-05	3.92958189249e-05	0.000720423346956	0	0	0.000589437283873	0	0.024769464529	0.00698155716232	0	0	0	0	0	0	0	0	3.92958189249e-05	0	0.00542282301163	0	0	2.61972126166e-05	0.005056062035	1.30986063083e-05	0.00399507492403	0	7.85916378497e-05	0.00640521848475	0.0061563449649	0	0.0091690244158	0.00949648957351	0.0270879178455	0	0	0	0.00326155297076	0	0	0.0012705648119	0.0128497327884	0.00372000419155	0.00162422718223	0.00106098711097	0	0	0	0.00462380802683	0.000235774913549	0.0012705648119	0.00061563449649	0	0	0
0.0126139578749	0.000275070732474	7.85916378497e-05	0	0.00467620245206	0.000183380488316	0.00366760976632	0.0442994865346	0.0162160746097	0.00939170072304	0.00915592580949	0.000471549827098	0.000144084669391	1.30986063083e-05	0.0164125537043	0.00365451116001	0.001742114639	9.1690244158e-05	0.000104788850466	0.000681127528031	0.000510845646023	0.00793775542282	0.000694226134339	0.000799014984806	0.0150110028293	7.85916378497e-05	0.00037985958294	0.000877606622655	0.0840537566803	0.00720423346956	0.00956198260505	0	0	0.00115267735513	0.00225296028503	0.00091690244158	0	2.61972126166e-05	0	0.00804254427329	0	1.30986063083e-05	1.30986063083e-05	0.00083831080373	0.00778057214712	0.00416535680604	0.000301267945091	0.00146704390653	0.000222676307241	0.00102169129205	0	0	0	2.61972126166e-05	2.61972126166e-05	0.00306507387614	0.000261972126166	0.00259352404904	0.00276380593105	0.011133815362	0	6.54930315414e-05	2.61972126166e-05	0.00449282196374	0.00145394530022	0.00108718432359	0	0	0.00106098711097	0.00496437179084	0.00264591847427	6.54930315414e-05	0.0044273289322	0.00214817143456	0.000445352614482	6.54930315414e-05	0	0.000956198260505	0	0.00674578224877	0.00518704809808	0.00254112962381	0.000196479094624	0.000222676307241
0.00800324845436	0	0	0	2.61972126166e-05	0	0	0.01096353348	0.00155873415069	0	0.00061563449649	0.00231845331657	0	0	0.00973226448706	0	0.000327465157707	9.1690244158e-05	0	0.000969296866813	7.85916378497e-05	0.000825212197422	0	0.0022136644661	0.00162422718223	0	0.000209577700933	3.92958189249e-05	0.00720423346956	0.0297993293514	0.00559310489364	0	0.000235774913549	0.00316986272661	0.00470239966468	0	0	0	0	0	0	0	0	0	0	0	0	0	0	0	0	0	0	0	0	0	0	0	0	0	0	0	0	0	0	0	0	0	0	0	0.000340563764016	0	0.00332704600231	0.000563240071256	0	0	0	0	0	0	0	0	0	0
0.00335324321492	0	0	0	0	0	0	0.0114350833071	0	0	0	0	0	0	0.000301267945091	0	0.000982395473122	0	0	0	0	0.00999423661322	0	0.0034711306717	0.00083831080373	0	0	3.92958189249e-05	0.00956198260505	0.00559310489364	0.0328644032275	0	0	0	0.00736141674526	0	0	0	0	0	0	0	0	0	0	0	0	0	0	0	0	0	0	0	0	0	0	0	0	0	0	0	0	0	0	0	0	0	0	0	0.000392958189249	1.30986063083e-05	0.00459761081421	0.000563240071256	0	0	0	0	0	0	0	0	0	0
0	0	0	0	0	0	0	0	0	0	0	0.00037985958294	0	0.000196479094624	0	0	0	0	0	0.000419155401865	0	0	0	0	0	0.000314366551399	0.00155873415069	0.000720423346956	0	0	0	0.00196479094624	0	0	0	0	0	0	0	0	0	0	0	0	0	0	0	0	0.00196479094624	0	0	0	0	0	0	0	0	0	0	0	0.00166352300115	0	0	0	0	0	0.00153253693807	0	0	0	0	0.00136225505606	0	0	0	0	0	0	0	0	0	0	0	0
0	0	0	0	0	0.000654930315414	0.000196479094624	0	0.00113957874882	0	0	0.000641831709106	0	3.92958189249e-05	0	6.54930315414e-05	0	0	0	0	0	0	0	0	0	0	0	0	0	0.000235774913549	0	0	0.00254112962381	0	0.00157183275699	0	0	0	0	0	0	0	0	0	0	0	0	0	0	0	0	0	0	0	0	0	0	0	0	0	0	0	0	0	0	0	0	0	0	0	0	0	0.000720423346956	0	1.30986063083e-05	0.000812113591114	1.30986063083e-05	0	0	0	0	0	0	0
3.92958189249e-05	0	0	0	0	0	0	0.00151943833176	7.85916378497e-05	0	7.85916378497e-05	0	0	0	9.1690244158e-05	0	0	0	0	0	0	0	0	0	0.000222676307241	0	0	0	0.00115267735513	0.00316986272661	0	0	0	0.00369380697894	3.92958189249e-05	0	0	0	0	0	0	0	0	0	0	0	0	0	0	0	0	0	0	0	0	0	0	0	0	0	0	0	0	0	0	0	0	0	0	0	0	0	6.54930315414e-05	0	0	0	0	0	0	0	0	0	0	0
0.000104788850466	0	0.000510845646023	0	0.000235774913549	5.23944252332e-05	0.000288169338782	0.00316986272661	0.00357591952216	0	0.00399507492403	0.0101383212826	0	3.92958189249e-05	0.00707324740648	0	1.30986063083e-05	0.00673268364246	0.000248873519857	0.0097977575186	0.00159802996961	0.00447972335743	0	0.0036283139474	0.000275070732474	0	0.00112648014251	0.000589437283873	0.00225296028503	0.00470239966468	0.00736141674526	0	0.00157183275699	3.92958189249e-05	0.0392958189249	0	0	0	0	0	0	0	0	0	0	0	0	0	0	0	0	0	0	0	0	0	0	0	0	0	0	0	0	0	0	0	0	0	0	0	0.000969296866813	7.85916378497e-05	0.0206696007545	0.00107408571728	2.61972126166e-05	0.000314366551399	1.30986063083e-05	0	0	0	0	0	0	0
0	0	0	0	0.000877606622655	0	0	0.00037985958294	0	0.00045845122079	0.000694226134339	0	0.000406056795557	0	0	0	0	0	0	0	0.000746620559572	0	0	0	0.000432254008174	0	0	0	0.00091690244158	0	0	0	0	0	0	0.0396494812952	0	5.23944252332e-05	0	0.00138845226868	0	2.61972126166e-05	0.00775437493451	0.00449282196374	0.000654930315414	0.00200408676517	0.000196479094624	0.00261972126166	0.000130986063083	0.0198967829823	0	5.23944252332e-05	0.000812113591114	2.61972126166e-05	0	0.00238394634811	0.00551451325579	0.000288169338782	0.00563240071256	0.00712564183171	0	2.61972126166e-05	1.30986063083e-05	0.00450592057005	0.0110159279053	0.0211411505816	0	1.30986063083e-05	0.000851409410039	0.00107408571728	0	0	0	0	0	0	0	0	0	0.000104788850466	2.61972126166e-05	0	6.54930315414e-05	0
0	0.0129807188515	0.00523944252332	0	0	0	0	0	0	6.54930315414e-05	0	0	0	0	0	0	0	3.92958189249e-05	0	0	0	1.30986063083e-05	0.00483338572776	2.61972126166e-05	2.61972126166e-05	0.000117887456775	0.0150110028293	0.024769464529	0	0	0	0	0	0	0	0	0.045334276433	0.00200408676517	0	0	0	0	0	0	0.00176831185162	0	2.61972126166e-05	0	0.000602535890181	0	0	0.00108718432359	0.00497747039715	0	0.00610395053966	0	0	0.00716493765063	0.000170281882008	0.0055276118621	0.00520014670439	0.00958817981767	0.0264984805617	1.30986063083e-05	0	0	0	0	0	0.00179450906424	5.23944252332e-05	0	5.23944252332e-05	5.23944252332e-05	0	0	0	0.000707324740648	1.30986063083e-05	0.00167662160746	0.000576338677565	0	0	0
0	0.00130986063083	3.92958189249e-05	0	0	0	0	0	0	0	0	0	0	0	0	2.61972126166e-05	0.000681127528031	3.92958189249e-05	0	0	0	0.000117887456775	0.00510845646023	0.000157183275699	1.30986063083e-05	0	2.61972126166e-05	0.00698155716232	2.61972126166e-05	0	0	0	0	0	0	5.23944252332e-05	0.00200408676517	0.0439982185895	0	0	0	0	0.00083831080373	6.54930315414e-05	0	0	2.61972126166e-05	0	0	6.54930315414e-05	0	0	0.00960127842398	1.30986063083e-05	0.00322225715184	0	0.0015849313633	0.00305197526983	0.0222807293304	0.000117887456775	0	0.0108194488106	0.0212066436131	0.00209577700933	1.30986063083e-05	0.0023708477418	0	0	0	1.30986063083e-05	0.000144084669391	0	0.000117887456775	0.000144084669391	2.61972126166e-05	0	0	0.00157183275699	1.30986063083e-05	0.00134915644975	0.00112648014251	0	0	2.61972126166e-05
0	0	0	0	0	0	0	0	0	0	0	0	0	0	0	0	0	0	0	0	0	0	0	0	0	0	0	0	0	0	0	0	0	0	0	0	0	0	0	0	0	0	0	0	0	0	0	0	0	0	0	0	0	0	0	0	0	0	0	0	0	0	0	0	0	0	0	0	0	0	0	0	0	0	0	0	0	0	0	0	0	0	0	0
0	0	0	0	0.011854238709	1.30986063083e-05	0.000248873519857	0.00880226343917	2.61972126166e-05	0.00328775018338	0.00275070732474	0	0.0012574662056	0	2.61972126166e-05	0.000366760976632	0	0	0	0	0.00475479408991	0	0	0	0.000366760976632	0	0	0	0.00804254427329	0	0	0	0	0	0	0.00138845226868	0	0	0	0.0288038352719	2.61972126166e-05	0.00168972021377	0.000248873519857	0.00255422823012	0.00233155192288	0.0149455097978	0.000890705228964	0.00534423137378	0.000301267945091	0.00263281986797	0.000157183275699	0	0	0.000340563764016	0.000157183275699	0.00971916588075	0	1.30986063083e-05	0	0.0206696007545	0	0.00053704285864	2.61972126166e-05	0.0143298753013	0.00166352300115	0	0	0.000340563764016	0	0.00470239966468	0	0	0	0	0.000982395473122	0	0	0.000903803835272	0	0.00441423032589	0.00150633972545	7.85916378497e-05	0.000956198260505	0.000392958189249
0	0	0	0	2.61972126166e-05	0	0	0	0	0	0	0	0	0	0	0	0	0	0	0	0	0	0	0	0	0	0	0	0	0	0	0	0	0	0	0	0	0	0	2.61972126166e-05	0.00510845646023	0.000733521953264	0	0.00145394530022	0.000248873519857	3.92958189249e-05	0	0.000471549827098	0	0	0.00121817038667	0	0	0	0	2.61972126166e-05	0	0	0	0.000104788850466	0	0	0	3.92958189249e-05	0	0	0	0.000956198260505	0	0.000157183275699	0	0	0	0	0	0	0	0.000668028921723	0	0.000130986063083	0	0.00345803206539	0.00107408571728	0
0	0	0	0	0.00103478989835	0	0	2.61972126166e-05	0.000117887456775	0	3.92958189249e-05	0	0.00123126899298	0	0.000117887456775	0	0	0	0	0	0.000576338677565	0	0	0	0	0	0	0	1.30986063083e-05	0	0	0	0	0	0	2.61972126166e-05	0	0	0	0.00168972021377	0.000733521953264	0.0162160746097	0.00099549407943	0.00310436969506	0	0.00497747039715	0.000419155401865	0.00829141779315	0.000209577700933	0.00227915749764	0.00256732683642	0	0	2.61972126166e-05	0	0.00302577805721	0	0	0	0.00116577596144	0	2.61972126166e-05	0	0.00157183275699	0.00124436759929	0	0	6.54930315414e-05	1.30986063083e-05	0.00235774913549	0	0	0	0	0	0	0	0.000497747039715	0	0.00182070627685	0.000170281882008	0.00258042544273	6.54930315414e-05	0.000471549827098
0	0	0	0	0	0	0	0	0	1.30986063083e-05	0	0	0	0	0	0	0	0	0	0	0	0	0	0	1.30986063083e-05	0	0	0	1.30986063083e-05	0	0	0	0	0	0	0.00775437493451	0	0.00083831080373	0	0.000248873519857	0	0.00099549407943	0.0392303258933	0.0048988787593	3.92958189249e-05	0.00243634077334	0	0.00103478989835	0	0.00865817876978	0	0	0	0	0	0	0.0034711306717	0	0.00289479199413	0.000445352614482	0	0	0	0.0097977575186	0.00117887456775	0.0165173425548	0	0	0.000104788850466	0.000104788850466	0	0	0	0	0	0	0	0	0	0	0	0	0	0
0	0	0	0	0.00128366341821	0	1.30986063083e-05	0.000720423346956	2.61972126166e-05	0	0.000812113591114	0	0.00136225505606	0	1.30986063083e-05	0	0	0	0	0	0.00251493241119	0	0	0	0	0	0	0	0.00083831080373	0	0	0	0	0	0	0.00449282196374	0	6.54930315414e-05	0	0.00255422823012	0.00145394530022	0.00310436969506	0.0048988787593	0.0306114429425	0	0.00420465262496	0.00146704390653	0.00943099654197	0.000589437283873	0.0114612805198	9.1690244158e-05	0	0	0.000104788850466	0	0.00550141464948	0.000812113591114	0	0.00192549512732	0.00829141779315	0	0.000104788850466	0	0.00466310384575	0.00195169233994	0.00103478989835	0	0.00272451011212	0.00104788850466	0.00804254427329	0	0	0	0	0	0	0	0.00277690453736	1.30986063083e-05	0.00658859897307	0.000720423346956	0.00146704390653	0.003313947396	0.00083831080373
0	2.61972126166e-05	1.30986063083e-05	0	0.000170281882008	1.30986063083e-05	0.000275070732474	0.001742114639	0	0.0120114219847	0	0	0.000628733102798	1.30986063083e-05	0	0.00091690244158	0	0	0	0	1.30986063083e-05	0	7.85916378497e-05	0	0.00643141569737	2.61972126166e-05	1.30986063083e-05	0	0.00778057214712	0	0	0	0	0	0	0.000654930315414	0.00176831185162	0	0	0.00233155192288	0.000248873519857	0	3.92958189249e-05	0	0.0253981976318	2.61972126166e-05	0.000117887456775	0.00102169129205	0.000235774913549	0.000314366551399	0.00129676202452	0	0	0	0	0.000209577700933	1.30986063083e-05	0.00761029026512	5.23944252332e-05	0.014316776695	0.000510845646023	0	0.00206957979671	0.00170281882008	0.00200408676517	0.00206957979671	0	0	0.00170281882008	0.00572409095672	0.000772817772189	0	2.61972126166e-05	2.61972126166e-05	0.00107408571728	0	0	0.00246253798596	5.23944252332e-05	0.00373310279786	0.00272451011212	0.00115267735513	6.54930315414e-05	0
0	0	0	0	0.00860578434455	0	1.30986063083e-05	0.00375930001048	0	0.000183380488316	0.00357591952216	0	0.00112648014251	1.30986063083e-05	0	3.92958189249e-05	0	0	0	0	0.003484229278	0	0	0	5.23944252332e-05	0	0	0	0.00416535680604	0	0	0	0	0	0	0.00200408676517	0	0	0	0.0149455097978	3.92958189249e-05	0.00497747039715	0.00243634077334	0.00420465262496	2.61972126166e-05	0.0304673582731	0.00265901708058	0.00753169862727	0.00099549407943	0.00334014460861	2.61972126166e-05	0	0	0.00112648014251	0.000209577700933	0.0106098711097	0	0	0	0.0121424080478	0	0.00138845226868	2.61972126166e-05	0.0110159279053	0.00217436864718	0	0	0.000432254008174	1.30986063083e-05	0.00700775437493	0	0	0	0	0.000144084669391	0	0	0.000903803835272	0	0.00624803520905	0.00166352300115	0	0.00113957874882	0.000327465157707
0	0	0	0	0.00045845122079	0	0	0.000170281882008	0	0.000117887456775	0.000812113591114	0.00124436759929	0.000406056795557	0.000969296866813	0	0	0	0	0	0	0.000432254008174	0	1.30986063083e-05	0	0.000104788850466	0.000248873519857	0.00061563449649	3.92958189249e-05	0.000301267945091	0	0	0	0	0	0	0.000196479094624	2.61972126166e-05	2.61972126166e-05	0	0.000890705228964	0	0.000419155401865	0	0.00146704390653	0.000117887456775	0.00265901708058	0.0325500366761	0.00244943937965	0.0116184637955	0.00605155611443	1.30986063083e-05	0	0.000288169338782	0.00962747563659	0.00525254112962	0.00292098920675	0.000144084669391	7.85916378497e-05	0.000301267945091	0.0014277480876	0.00290789060044	0.00829141779315	7.85916378497e-05	0.00061563449649	0.0115267735513	0	0	0.00286859478152	0	0.0207612909986	1.30986063083e-05	0.0018992979147	0	2.61972126166e-05	0	0	0.000785916378497	0.00045845122079	0.000497747039715	0.00585507701981	1.30986063083e-05	0	0.000117887456775	0.0012705648119
0	0	0	0	0.00337944042754	0	1.30986063083e-05	0.00130986063083	0.000183380488316	0	0.00296028502567	0	0.00455831499528	1.30986063083e-05	0.000170281882008	0	0	0	0	0	0.00550141464948	0	0	0	0	0	0	0	0.00146704390653	0	0	0	0	0	0	0.00261972126166	0	0	0	0.00534423137378	0.000471549827098	0.00829141779315	0.00103478989835	0.00943099654197	0.00102169129205	0.00753169862727	0.00244943937965	0.0287252436341	0.0011002829299	0.00737451535157	0.00163732578854	0	0	0.00061563449649	1.30986063083e-05	0.0150502986482	0	0	0	0.00788536099759	0	0.000681127528031	0	0.000799014984806	0.00404746934926	0	0	2.61972126166e-05	0.000275070732474	0.00770198050927	0	0	0	2.61972126166e-05	0	0	0	0.000943099654197	1.30986063083e-05	0.00565859792518	0.00045845122079	0.00168972021377	0.000144084669391	0.00103478989835
0	0	0	0	0.000130986063083	0	0	6.54930315414e-05	0	0.000209577700933	0.000432254008174	0.00357591952216	0.000261972126166	0.00374620140417	0	0	0	0	0	0.00153253693807	0.000117887456775	0	7.85916378497e-05	0	0.000196479094624	0.00248873519857	0.0107801529917	0.00542282301163	0.000222676307241	0	0	0.00196479094624	0	0	0	0.000130986063083	0.000602535890181	0	0	0.000301267945091	0	0.000209577700933	0	0.000589437283873	0.000235774913549	0.00099549407943	0.0116184637955	0.0011002829299	0.0359687729226	0.00220056585979	1.30986063083e-05	0	0	0.000183380488316	0	0.0011133815362	1.30986063083e-05	0.000261972126166	2.61972126166e-05	0.000877606622655	0.0179974850676	0.00250183380488	0.00496437179084	0.000301267945091	0.00314366551399	0	0.00848789688777	0.00106098711097	0	0.00609085193335	0	0.00814733312376	0	0	0	0	0.000785916378497	1.30986063083e-05	0.00167662160746	0.00261972126166	1.30986063083e-05	0	1.30986063083e-05	0.00083831080373
0	0	0	0	0.00146704390653	0	0	0.000589437283873	0.000248873519857	0.000248873519857	0.00124436759929	0	0.00186000209578	0	0.000248873519857	0	0	0	0	0	0.00244943937965	0	0	0	0.000222676307241	0	0	0	0.00102169129205	0	0	0	0	0	0	0.0198967829823	0	6.54930315414e-05	0	0.00263281986797	0	0.00227915749764	0.00865817876978	0.0114612805198	0.000314366551399	0.00334014460861	0.00605155611443	0.00737451535157	0.00220056585979	0.0478623074505	1.30986063083e-05	0	0.000694226134339	0.00239704495442	0.000628733102798	0.00671958503615	0.00233155192288	0.000170281882008	0.00510845646023	0.00889395368333	0	0.00191239652101	1.30986063083e-05	0.00708634601278	0.01937283873	0.0075840930525	0	0.000170281882008	0.000799014984806	0.00878916483286	0	0	0	1.30986063083e-05	0	0	0	0.000602535890181	0	0.00246253798596	3.92958189249e-05	0.000261972126166	6.54930315414e-05	0.00102169129205
0	0	0	0	0	0	0	0	0	0	0	0	0	0	0	0	0	0	0	0	0	0	0	0	0	0	0	0	0	0	0	0	0	0	0	0	0	0	0	0.000157183275699	0.00121817038667	0.00256732683642	0	9.1690244158e-05	0.00129676202452	2.61972126166e-05	1.30986063083e-05	0.00163732578854	1.30986063083e-05	1.30986063083e-05	0.00512155506654	0	0	0	0	0.000157183275699	0	0	0	0.00107408571728	0	0	0	0	0	0	0	0	0	1.30986063083e-05	0	0	0	0	0	0	0	0.000550141464948	0	1.30986063083e-05	0	0.00328775018338	0	0
0	0	0	0	0	0	0	0	0	1.30986063083e-05	0	0	0	0	0	0	0.00175521324531	0	0	1.30986063083e-05	0	1.30986063083e-05	0.00144084669391	0.00163732578854	9.1690244158e-05	0	0	2.61972126166e-05	0	0	0	0	0	0	0	5.23944252332e-05	0.00108718432359	0	0	0	0	0	0	0	0	0	0	0	0	0	0	0.0148800167662	0	0	0	0	0.000694226134339	0.00956198260505	0.00233155192288	0.00370690558525	0	0	0.00365451116001	0.00192549512732	0.000157183275699	0.000471549827098	0	0	0.00045845122079	0.00113957874882	0.000445352614482	0.000288169338782	1.30986063083e-05	0	0	0	0	0.000261972126166	7.85916378497e-05	0.000471549827098	1.30986063083e-05	0	0	0
0	0.00288169338782	0.000694226134339	0	0	0	0	0	0	0	0	0	0	0	0	0	0	0	0	2.61972126166e-05	0	0	1.30986063083e-05	0	0	0	0.000406056795557	0.005056062035	0	0	0	0	0	0	0	0.000812113591114	0.00497747039715	0.00960127842398	0	0	0	0	0	0	0	0	0.000288169338782	0	0	0.000694226134339	0	0	0.0291182018233	0	0.00977156030598	0	0.00275070732474	0	0.0130200146704	6.54930315414e-05	0	0.00493817457822	0.0093262076915	0.000144084669391	0.000157183275699	0.000340563764016	0	0	0	0.00369380697894	0.000183380488316	6.54930315414e-05	0	0	0	0	0	5.23944252332e-05	0	0.000170281882008	0	0	0	0
0	0	0	0	0.000261972126166	0	0	2.61972126166e-05	0	0	0.000196479094624	0	3.92958189249e-05	0	0	0	0	0	0	0	0.000183380488316	0	0	0	0	0	0	1.30986063083e-05	2.61972126166e-05	0	0	0	0	0	0	2.61972126166e-05	0	1.30986063083e-05	0	0.000340563764016	0	2.61972126166e-05	0	0.000104788850466	0	0.00112648014251	0.00962747563659	0.00061563449649	0.000183380488316	0.00239704495442	0	0	0	0.0119197317405	0.00210887561563	0.00099549407943	1.30986063083e-05	0	0.000130986063083	0.000340563764016	0	0.00744000838311	0.000406056795557	0.000235774913549	0.00517394949177	0	0.000183380488316	0.000825212197422	0	0.00816043173006	0	0	0	0	0	0	0	0.00150633972545	0.00116577596144	0.00279000314367	0	0	0	0
0	0.00272451011212	0.00516085088547	0	0.000117887456775	0	0	2.61972126166e-05	0	2.61972126166e-05	2.61972126166e-05	0	1.30986063083e-05	0	0	0	0	3.92958189249e-05	0	0	5.23944252332e-05	0	0	0	0	0	0.00692916273708	0.00399507492403	2.61972126166e-05	0	0	0	0	0	0	0	0.00610395053966	0.00322225715184	0	0.000157183275699	0	0	0	0	0	0.000209577700933	0.00525254112962	1.30986063083e-05	0	0.000628733102798	0	0	0.00977156030598	0.00210887561563	0.0300351042649	7.85916378497e-05	0.000130986063083	0	0.000510845646023	7.85916378497e-05	1.30986063083e-05	0.0178403017919	0.00540972440532	9.1690244158e-05	0.00183380488316	0	0	0	0	0.00744000838311	0.000170281882008	0.000104788850466	0	0	0	0	0	0.00229225610395	0.00130986063083	0.00112648014251	0.000104788850466	0	0	0
0	0	0	0	0.00547521743686	0	1.30986063083e-05	0.00335324321492	0.000183380488316	0	0.00404746934926	0	0.0042701456565	1.30986063083e-05	0.000170281882008	0	0	0	0	0	0.00662789479199	0	0	0	0	0	0	0	0.00306507387614	0	0	0	0	0	0	0.00238394634811	0	0	0	0.00971916588075	2.61972126166e-05	0.00302577805721	0	0.00550141464948	0.000209577700933	0.0106098711097	0.00292098920675	0.0150502986482	0.0011133815362	0.00671958503615	0.000157183275699	0	0	0.00099549407943	7.85916378497e-05	0.0228046735827	0	0	0	0.00788536099759	0	0.00116577596144	1.30986063083e-05	0.000183380488316	0.00403437074295	0	0	1.30986063083e-05	1.30986063083e-05	0.00751860002096	0	0	0	2.61972126166e-05	0	0	0	0.00061563449649	0	0.00578958398826	0.000275070732474	6.54930315414e-05	0.000432254008174	0.00106098711097
