0.0255027782757	0.000885463344685	0.00998745294856	0	4.66033339308e-05	1.07546155225e-05	0.000247356157017	0.00301846208998	0.00590069905001	4.301846209e-05	0.00201828284639	0.00310091414232	0.000100376411543	0.000351317440402	0.0181322817709	1.43394873633e-05	2.86789747267e-05	0.00205054669296	0.000125470514429	0.00174583258649	0.00017207384836	0.000329808209357	3.22638465675e-05	0.00124395052877	0.000229431797813	3.58487184083e-06	0.00641333572325	0.00166696540599	0.00102527334648	0.0170460656032	0.0146872199319	0.000182828463882	2.1509231045e-05	0.0012726295035	0.00430543108084	0	0.00081735077971	7.16974368166e-05	0	6.81125649758e-05	0	1.79243592042e-05	1.43394873633e-05	1.43394873633e-05	6.4527693135e-05	0.000236601541495	7.16974368166e-06	1.43394873633e-05	3.58487184083e-06	3.58487184083e-06	0	7.16974368166e-06	0.000132640258111	0	1.79243592042e-05	0.000157734360997	8.96217960208e-05	7.16974368166e-06	6.81125649758e-05	0.000315468721993	7.16974368166e-06	0.000143394873633	0.000924896934935	0.000311883850152	7.16974368166e-06	7.16974368166e-06	0	0	0	5.01882057716e-05	0.000211507438609	0.000261695644381	0.00221903566947	0.00051622154508	1.79243592042e-05	7.16974368166e-06	3.22638465675e-05	7.88671804983e-05	0.000448108980104	7.16974368166e-05	3.58487184083e-06	2.86789747267e-05	2.50941028858e-05	0
0.000885463344685	0.0317870586127	0.00145545796738	0	0	3.58487184083e-06	1.07546155225e-05	5.01882057716e-05	0.000286789747267	0.00231224233734	1.07546155225e-05	0.000146979745474	2.1509231045e-05	0.00254884387883	0.000892633088367	7.16974368166e-06	0.00124395052877	0.000276035131744	7.16974368166e-06	0.000139810001792	3.58487184083e-06	5.37730776125e-05	0.00643484495429	0.000186413335723	0.00375694568919	0.00365298440581	0.00361355081556	0.0259437175121	0.000175658720201	0.00104319770568	0.00100017924359	4.66033339308e-05	0	7.88671804983e-05	0.000354902312242	1.43394873633e-05	0.0133070442732	0.00121885642588	0	1.43394873633e-05	0	1.07546155225e-05	7.16974368166e-06	3.22638465675e-05	0.000207922566768	1.43394873633e-05	0.000197167951246	1.07546155225e-05	0.000656031546872	1.07546155225e-05	0	0.000268865388062	0.000293959490948	3.58487184083e-05	1.79243592042e-05	3.58487184083e-06	6.09428212941e-05	0.00195017028141	0.000677540777917	0.000455278723786	0.00034414769672	0.000519806416921	0.0151855171178	0.000103961283384	0	1.07546155225e-05	2.1509231045e-05	0	0	0.000100376411543	0.0010181036028	0.00107546155225	0.000150564617315	8.603692418e-05	4.66033339308e-05	0	0	0.000390751030651	0.000480372826671	0.000200752823087	3.94335902491e-05	2.86789747267e-05	1.07546155225e-05	3.58487184083e-05
0.00998745294856	0.00145545796738	0.0550636314752	0	3.58487184083e-06	1.07546155225e-05	0.000494712314035	0.00140885463345	0.0025022405449	7.16974368166e-06	7.16974368166e-05	0.00182828463882	6.4527693135e-05	0.00030112923463	0.00830256318337	0.000121885642588	0.000752823086575	0.00545617494175	0.000118300770747	0.000982254884388	3.58487184083e-05	0.0010539523212	0.000555655135329	0.0166768238035	0.000620182828464	3.58487184083e-06	0.00856067395591	0.0183724681843	0.00195734002509	0.00834199677362	0.0105431080839	0.000139810001792	2.50941028858e-05	0.000336977953038	0.00291808567844	0	0.00124395052877	0.00469259723965	0	2.50941028858e-05	0	2.50941028858e-05	0.00017207384836	3.94335902491e-05	0.000100376411543	7.16974368166e-05	1.43394873633e-05	5.37730776125e-05	3.58487184083e-06	7.16974368166e-06	2.1509231045e-05	0.00187488797275	0.000659616418713	0	5.37730776125e-05	2.1509231045e-05	0.00120093206668	0.00442373185159	0.00681125649758	0.000885463344685	7.16974368166e-06	0.000279620003585	0.00860727728984	0.000885463344685	1.79243592042e-05	3.94335902491e-05	0	0	0	4.66033339308e-05	0.00353109876322	0.00201828284639	0.00505825416741	0.00591862340921	0.000179243592042	3.58487184083e-06	3.94335902491e-05	0.000831690267073	0.00378203979208	0.00030112923463	0.000225846925972	2.50941028858e-05	3.94335902491e-05	3.58487184083e-06
0	0	0	0	0	0	0	0	0	0	0	0	0	0	0	0	0	0	0	0	0	0	0	0	0	0	0	0	0	0	0	0	0	0	0	0	0	0	0	0	0	0	0	0	0	0	0	0	0	0	0	0	0	0	0	0	0	0	0	0	0	0	0	0	0	0	0	0	0	0	0	0	0	0	0	0	0	0	0	0	0	0	0	0
4.66033339308e-05	0	3.58487184083e-06	0	0.0221975264384	0	0.000770747445779	0.0016239469439	8.96217960208e-05	0.000759992830256	0.00195017028141	0.000200752823087	0.00460297544363	7.16974368166e-06	0.00108263129593	0.000501882057716	0	3.58487184083e-06	3.58487184083e-05	0.00017207384836	0.00587202007528	3.58487184083e-06	1.43394873633e-05	7.16974368166e-06	0.0104857501344	3.58487184083e-06	0.000326223337516	7.88671804983e-05	0.00503674493637	0.00139451514608	0.000114715898907	0	0	0.000552070263488	0.00114357411723	0	0	0	0	0.00792973651192	3.58487184083e-06	0.0012116866822	3.58487184083e-06	0.00073489872737	0.00367090876501	0.00480731313856	6.09428212941e-05	0.00307582003943	8.24520523391e-05	4.301846209e-05	2.1509231045e-05	3.58487184083e-06	0	0	0	0.00837067574834	0	1.43394873633e-05	0	0.00417279082273	7.16974368166e-06	3.58487184083e-06	1.43394873633e-05	0.00358845671267	7.52823086575e-05	0	0	1.43394873633e-05	0	0.000179243592042	0.000401505646173	1.43394873633e-05	0.000957160781502	8.24520523391e-05	0.000781502061301	0	3.58487184083e-06	0.000204337694927	3.58487184083e-06	0.000304714106471	6.4527693135e-05	0.00017207384836	3.94335902491e-05	2.50941028858e-05
1.07546155225e-05	3.58487184083e-06	1.07546155225e-05	0	0	0.00265280516222	0.00137300591504	1.43394873633e-05	0.000526976160602	8.24520523391e-05	7.16974368166e-06	3.58487184083e-06	0	0	0.000161319232837	0.000462448467467	0	0	0	0	0	0	0	1.07546155225e-05	7.16974368166e-06	0	0	7.16974368166e-06	3.58487184083e-06	3.22638465675e-05	7.16974368166e-06	0	0.000759992830256	0	0.000179243592042	0	3.58487184083e-06	0	0	0	0	0	0	0	0	0	0	0	0	0	0	0	0	0	0	0	0	0	0	0	0	0	3.58487184083e-06	0	0	0	0	0	0	0	0.000143394873633	0	5.37730776125e-05	1.07546155225e-05	0.00103961283384	0.000103961283384	0	0	0	0	0	0	0	0
0.000247356157017	1.07546155225e-05	0.000494712314035	0	0.000770747445779	0.00137300591504	0.0342677899265	0.00605843341101	0.00738483599211	0.00025811077254	0.00919519627173	0.000426599749059	0.00798709446137	3.58487184083e-06	0.00573937981717	0.00390034056282	0	2.50941028858e-05	2.1509231045e-05	0.000311883850152	0.00172790822728	1.79243592042e-05	3.58487184083e-06	0.000351317440402	0.00116149847643	3.58487184083e-06	0.00148055207026	0.000369241799606	0.00319412081018	0.00450259903208	0.000433769492741	0	0.00064527693135	0.000641692059509	0.00178168130489	1.07546155225e-05	2.1509231045e-05	4.301846209e-05	0	0.000376411543287	0	2.86789747267e-05	2.1509231045e-05	1.79243592042e-05	0.000276035131744	0.00105036744936	7.16974368166e-06	8.603692418e-05	7.16974368166e-06	0	0	0	1.07546155225e-05	0	0	0.00073131385553	3.58487184083e-06	0	1.43394873633e-05	0.00115432873275	7.16974368166e-06	2.1509231045e-05	2.86789747267e-05	0.000824520523391	0	1.43394873633e-05	0	0	0	7.16974368166e-06	0.000437354364581	0.000150564617315	0.00146979745474	0.000161319232837	0.00293601003764	0.000114715898907	7.16974368166e-06	3.58487184083e-05	6.09428212941e-05	2.1509231045e-05	1.07546155225e-05	1.79243592042e-05	1.07546155225e-05	0
0.00301846208998	5.01882057716e-05	0.00140885463345	0	0.0016239469439	1.43394873633e-05	0.00605843341101	0.0496755690984	0.00486467108801	0.000200752823087	0.00862520164904	0.00121527155404	0.00228356336261	0.000114715898907	0.00795841548665	0.000573579494533	1.07546155225e-05	0.00034414769672	2.86789747267e-05	0.000720559240007	0.000358487184083	0.00139093027424	0.000114715898907	0.00314034773257	0.00143036386449	0	0.00209356515505	0.000544900519806	0.0204265997491	0.0164330525184	0.00961821114895	2.86789747267e-05	7.88671804983e-05	0.0133930811973	0.0105215988528	3.58487184083e-06	3.58487184083e-05	3.58487184083e-06	0	0.00300412260262	0	0.000164904104678	1.07546155225e-05	0.000132640258111	0.00222620541316	0.00363864491844	2.1509231045e-05	0.000315468721993	1.79243592042e-05	2.50941028858e-05	0	3.22638465675e-05	3.94335902491e-05	0	3.58487184083e-06	0.000799426420505	3.58487184083e-06	9.67915397025e-05	3.58487184083e-05	0.00473561570174	1.07546155225e-05	1.43394873633e-05	0.000139810001792	0.00362789030292	1.07546155225e-05	0	0	0	0	3.94335902491e-05	0.00187488797275	0.00073131385553	0.00671804982972	0.000613013084782	0.000466033339308	3.22638465675e-05	2.1509231045e-05	0.000605843341101	5.37730776125e-05	0.000186413335723	0.000132640258111	0.000146979745474	0.000164904104678	0
0.00590069905001	0.000286789747267	0.0025022405449	0	8.96217960208e-05	0.000526976160602	0.00738483599211	0.00486467108801	0.0256461731493	2.86789747267e-05	0.00348091055745	0.000293959490948	0.000322638465675	2.86789747267e-05	0.0127836529844	0.000795841548665	7.16974368166e-06	0.000336977953038	1.07546155225e-05	0.000236601541495	0.000161319232837	7.16974368166e-05	1.79243592042e-05	0.000609428212941	0.000283204875426	0	0.00174583258649	0.000699050008962	0.000699050008962	0.00591145366553	0.00337336440222	4.301846209e-05	0.00129413873454	0.000315468721993	0.00160243771285	0	0.000265280516222	8.603692418e-05	0	0.000265280516222	0	2.50941028858e-05	2.1509231045e-05	2.1509231045e-05	0.000233016669654	0.000458863595626	0	4.301846209e-05	3.58487184083e-06	3.58487184083e-06	0	7.16974368166e-06	0.000121885642588	0	0	0.000186413335723	2.86789747267e-05	7.16974368166e-06	5.37730776125e-05	0.000509051801398	0	0.000118300770747	0.000354902312242	0.00047320308299	0	1.79243592042e-05	0	0	0	2.1509231045e-05	0.000716974368166	0.000279620003585	0.00167772002151	0.000584334110056	0.000627352572146	0.000552070263488	6.4527693135e-05	5.37730776125e-05	0.000329808209357	0.000150564617315	8.24520523391e-05	5.37730776125e-05	6.09428212941e-05	0
4.301846209e-05	0.00231224233734	7.16974368166e-06	0	0.000759992830256	8.24520523391e-05	0.00025811077254	0.000200752823087	2.86789747267e-05	0.0162215450798	6.81125649758e-05	3.22638465675e-05	0.00200035848718	0.000283204875426	0.000114715898907	0.000616597956623	0.000656031546872	3.58487184083e-05	0	3.22638465675e-05	0.000311883850152	1.43394873633e-05	0.00291808567844	1.43394873633e-05	0.00868614447034	0.0010181036028	0.000121885642588	0.00140526976161	0.0031690267073	0.000179243592042	0.000107546155225	0	0	0.000100376411543	0.000526976160602	2.1509231045e-05	6.09428212941e-05	0	0	0.000555655135329	0	7.16974368166e-05	0.000168488976519	2.50941028858e-05	0.00402581107725	0.000283204875426	0	0.000426599749059	1.79243592042e-05	3.22638465675e-05	0.000164904104678	6.81125649758e-05	0	0	0	0.000426599749059	3.58487184083e-06	0.000204337694927	3.58487184083e-06	0.00370675748342	3.58487184083e-06	1.79243592042e-05	6.09428212941e-05	0.00073489872737	2.1509231045e-05	7.16974368166e-06	0	0	0	3.58487184083e-06	0.00118300770747	9.67915397025e-05	0.000290374619107	5.01882057716e-05	0.00175658720201	3.58487184083e-06	0	0.000487542570353	0	5.73579494533e-05	3.58487184083e-06	8.24520523391e-05	9.32066678616e-05	0
0.00201828284639	1.07546155225e-05	7.16974368166e-05	0	0.00195017028141	7.16974368166e-06	0.00919519627173	0.00862520164904	0.00348091055745	6.81125649758e-05	0.0348377845492	0.00270657823983	0.00257752285356	6.4527693135e-05	0.00885104857501	0.000466033339308	0	0.000204337694927	0.000103961283384	0.00123319591325	0.00279978490769	6.81125649758e-05	4.301846209e-05	0.000125470514429	0.000763577702097	1.07546155225e-05	0.00309374439864	0.00034414769672	0.00762502240545	0.0104427316723	0.000340562824879	1.43394873633e-05	3.22638465675e-05	0.00356336260979	0.00693672701201	0	1.07546155225e-05	0	0	0.000566409750851	0	7.52823086575e-05	0	6.4527693135e-05	0.000828105395232	0.00177451156121	1.79243592042e-05	0.000405090518014	2.50941028858e-05	2.86789747267e-05	0	1.79243592042e-05	3.58487184083e-06	0	0	0.00157734360997	0	4.66033339308e-05	3.58487184083e-06	0.00133357232479	7.16974368166e-06	0	5.37730776125e-05	0.00112206488618	2.86789747267e-05	0	3.58487184083e-06	0	0	2.86789747267e-05	0.000770747445779	0.000383581286969	0.00523032801577	0.00034414769672	0.000573579494533	1.79243592042e-05	2.50941028858e-05	7.52823086575e-05	1.07546155225e-05	6.4527693135e-05	3.58487184083e-05	4.301846209e-05	7.16974368166e-06	0
0.00310091414232	0.000146979745474	0.00182828463882	0	0.000200752823087	3.58487184083e-06	0.000426599749059	0.00121527155404	0.000293959490948	3.22638465675e-05	0.00270657823983	0.0307832944972	0.00144111848001	0.00695465137121	0.00803011292346	7.16974368166e-06	2.1509231045e-05	0.00166338053415	0.00302563183366	0.00700125470514	0.00139810001792	0.000254525900699	5.01882057716e-05	0.000605843341101	0.000351317440402	0.000917727191253	0.0114930991217	0.000544900519806	0.000978670012547	0.0120881878473	0.00259544721276	0.00116866822011	9.32066678616e-05	0.00141243950529	0.0152894784011	0	0.000121885642588	3.58487184083e-06	0	0.000132640258111	0	0.000207922566768	1.79243592042e-05	0.000222262054132	5.01882057716e-05	0.000168488976519	0.000397920774332	0.000383581286969	0.000466033339308	2.1509231045e-05	3.58487184083e-06	3.94335902491e-05	3.22638465675e-05	1.43394873633e-05	5.01882057716e-05	9.67915397025e-05	2.1509231045e-05	6.4527693135e-05	3.22638465675e-05	0.000613013084782	0.000229431797813	9.67915397025e-05	0.000279620003585	0.000268865388062	2.1509231045e-05	0	1.07546155225e-05	0	0	0.000114715898907	0.00186413335723	0.00364939953397	0.00738125112027	0.00108980103961	1.43394873633e-05	0	0.000279620003585	0.000161319232837	0.00090697257573	0.000372826671446	0.000200752823087	0.000261695644381	8.24520523391e-05	0.000347732568561
0.000100376411543	2.1509231045e-05	6.4527693135e-05	0	0.00460297544363	0	0.00798709446137	0.00228356336261	0.000322638465675	0.00200035848718	0.00257752285356	0.00144111848001	0.0377236063811	5.73579494533e-05	0.00670371034236	0.00156658899444	0	2.50941028858e-05	0.000168488976519	0.000928481806775	0.0111381968095	0	2.50941028858e-05	3.22638465675e-05	0.00625560136225	4.66033339308e-05	0.00190715181932	7.16974368166e-05	0.00266714464958	0.00681484136942	0.000100376411543	3.58487184083e-06	1.43394873633e-05	0.00038716615881	0.00389317081914	0	2.1509231045e-05	7.16974368166e-06	0	0.00165262591862	3.58487184083e-06	0.00311525362968	5.37730776125e-05	0.00330166696541	0.000691880265281	0.00664276752106	0.000544900519806	0.0110915934755	0.000566409750851	0.00112923462986	2.86789747267e-05	1.07546155225e-05	7.16974368166e-06	3.58487184083e-06	1.79243592042e-05	0.00427675210611	8.96217960208e-05	2.86789747267e-05	3.22638465675e-05	0.00090697257573	1.79243592042e-05	3.22638465675e-05	3.94335902491e-05	0.000759992830256	0.000501882057716	5.73579494533e-05	0	2.50941028858e-05	0	0.000953575909661	0.000584334110056	0.000222262054132	0.00305072593655	0.000383581286969	0.00243412797992	1.79243592042e-05	5.01882057716e-05	0.00176734181753	3.58487184083e-05	0.00277827567664	0.000781502061301	0.00204337694927	0.00060225846926	1.07546155225e-05
0.000351317440402	0.00254884387883	0.00030112923463	0	7.16974368166e-06	0	3.58487184083e-06	0.000114715898907	2.86789747267e-05	0.000283204875426	6.4527693135e-05	0.00695465137121	5.73579494533e-05	0.0194264205055	0.00073489872737	0	0.000111131027066	7.88671804983e-05	9.32066678616e-05	0.000236601541495	2.86789747267e-05	1.43394873633e-05	0.000706219752644	1.79243592042e-05	0.000423014877218	0.00744219394157	0.00371751209894	0.00382147338233	5.37730776125e-05	0.00118300770747	0.000329808209357	0.000634522315827	3.58487184083e-05	8.96217960208e-05	0.00140168488977	0	0.000978670012547	0	0	2.86789747267e-05	0	5.37730776125e-05	0	6.81125649758e-05	6.4527693135e-05	0.000107546155225	0.00139810001792	7.88671804983e-05	0.00375336081735	0	0	5.73579494533e-05	0	1.43394873633e-05	3.58487184083e-06	5.37730776125e-05	1.07546155225e-05	0.000139810001792	1.07546155225e-05	8.24520523391e-05	0.00171356873992	0.000405090518014	0.000813765907869	7.16974368166e-05	7.16974368166e-06	0	7.88671804983e-05	0	0	0.000143394873633	0.000451693851945	0.00165979566231	0.000738483599211	0.000462448467467	1.43394873633e-05	0	0.0004301846209	5.01882057716e-05	0.00198601899982	0.000261695644381	0.000121885642588	7.16974368166e-05	5.37730776125e-05	0.000455278723786
0.0181322817709	0.000892633088367	0.00830256318337	0	0.00108263129593	0.000161319232837	0.00573937981717	0.00795841548665	0.0127836529844	0.000114715898907	0.00885104857501	0.00803011292346	0.00670371034236	0.00073489872737	0.0601147158989	0.000867538985481	3.58487184083e-05	0.00206130130848	0.000469618211149	0.00378920953576	0.00521957340025	0.000365656927765	0.000189998207564	0.000867538985481	0.00197884925614	1.79243592042e-05	0.0104068829539	0.00192507617853	0.00389317081914	0.0480910557448	0.0149202366015	0.000315468721993	0.00159526796917	0.0084280336978	0.0195554758917	0.000415845133536	0.000788671804983	4.66033339308e-05	0	0.000336977953038	0	0.00017207384836	0.000157734360997	0.000250941028858	0.0004301846209	0.00090697257573	2.86789747267e-05	0.00038716615881	3.22638465675e-05	0.000283204875426	3.58487184083e-06	0.000118300770747	1.43394873633e-05	0	1.07546155225e-05	0.000483957698512	8.96217960208e-05	0.000154149489156	3.22638465675e-05	0.00197167951246	2.50941028858e-05	2.86789747267e-05	0.000914142319412	0.00115074386091	8.24520523391e-05	7.16974368166e-06	3.58487184083e-06	7.16974368166e-06	0	0.000168488976519	0.00359562645635	0.00132998745295	0.0135759096612	0.00195375515325	0.00168847463703	0.000462448467467	0.000218677182291	0.000749238214734	0.000189998207564	0.000530561032443	0.000193583079405	0.000544900519806	0.000319053593834	0
1.43394873633e-05	7.16974368166e-06	0.000121885642588	0	0.000501882057716	0.000462448467467	0.00390034056282	0.000573579494533	0.000795841548665	0.000616597956623	0.000466033339308	7.16974368166e-06	0.00156658899444	0	0.000867538985481	0.00809822548844	0	0	0	1.07546155225e-05	0.000276035131744	3.58487184083e-06	0	2.50941028858e-05	0.00124753540061	0	0.000161319232837	0.000100376411543	0.00116149847643	0.000487542570353	3.58487184083e-05	0	1.43394873633e-05	5.01882057716e-05	0.000132640258111	0	3.58487184083e-06	3.58487184083e-06	0	4.301846209e-05	0	1.79243592042e-05	0	1.43394873633e-05	1.79243592042e-05	0.000164904104678	0	2.86789747267e-05	0	0	0	0	0	0	0	0.00012905538627	0	0	0	0.000186413335723	0	0	3.58487184083e-06	0.000121885642588	0	0	0	0	0	0	0.00195734002509	1.07546155225e-05	0.000132640258111	3.58487184083e-05	0.00501165083348	1.07546155225e-05	0	0	3.58487184083e-06	7.16974368166e-06	0	3.58487184083e-06	3.58487184083e-06	0
2.86789747267e-05	0.00124395052877	0.000752823086575	0	0	0	0	1.07546155225e-05	7.16974368166e-06	0.000656031546872	0	2.1509231045e-05	0	0.000111131027066	3.58487184083e-05	0	0.0189317081914	0.000265280516222	0	4.301846209e-05	0	0.00188205771644	0.00968632371393	0.0038716615881	0.00686502957519	5.73579494533e-05	0.000960745653343	0.00665710700842	0.0016418713031	0.000136225129952	0.000179243592042	3.58487184083e-06	3.58487184083e-06	6.81125649758e-05	0.000233016669654	0.000114715898907	0.000268865388062	3.22638465675e-05	0	1.07546155225e-05	0	3.58487184083e-06	8.603692418e-05	7.16974368166e-06	0.00256318336619	7.16974368166e-06	2.50941028858e-05	3.94335902491e-05	0.000107546155225	3.58487184083e-06	4.301846209e-05	0.00154149489156	7.16974368166e-06	1.79243592042e-05	0	3.58487184083e-06	0.000250941028858	0.00333751568381	7.16974368166e-05	0.00317619645098	2.1509231045e-05	1.43394873633e-05	0.000627352572146	0.0034414769672	7.16974368166e-05	4.301846209e-05	1.79243592042e-05	0	3.58487184083e-06	7.16974368166e-06	0.0012116866822	0.000505466929557	0.000118300770747	0.000132640258111	3.58487184083e-06	0	0	0.000451693851945	0.000329808209357	2.1509231045e-05	0	2.50941028858e-05	7.16974368166e-06	3.58487184083e-06
0.00205054669296	0.000276035131744	0.00545617494175	0	3.58487184083e-06	0	2.50941028858e-05	0.00034414769672	0.000336977953038	3.58487184083e-05	0.000204337694927	0.00166338053415	2.50941028858e-05	7.88671804983e-05	0.00206130130848	0	0.000265280516222	0.0238573221007	0.000132640258111	0.00789747266535	1.07546155225e-05	0.00235167592759	0.000426599749059	0.0120451693852	0.000182828463882	3.58487184083e-06	0.00826671446496	0.00297185875605	0.001193762323	0.00326940311884	0.00592937802474	1.07546155225e-05	3.58487184083e-06	0.000569994622692	0.00597956623051	0	0.000189998207564	0.000433769492741	0	7.16974368166e-06	0	7.16974368166e-06	7.16974368166e-06	1.43394873633e-05	7.16974368166e-06	3.94335902491e-05	3.58487184083e-06	1.79243592042e-05	0	0	0	0.000236601541495	0.000139810001792	0	5.01882057716e-05	1.79243592042e-05	5.37730776125e-05	0.000333393081197	0.000322638465675	0.000107546155225	0	0.000319053593834	0.00104319770568	3.58487184083e-05	0	0	0	0	0	6.09428212941e-05	0.000752823086575	0.00118300770747	0.00227639361893	0.00149847642947	7.16974368166e-06	7.16974368166e-06	1.79243592042e-05	0.000114715898907	0.000526976160602	0.000207922566768	0.000150564617315	2.50941028858e-05	2.1509231045e-05	0
0.000125470514429	7.16974368166e-06	0.000118300770747	0	3.58487184083e-05	0	2.1509231045e-05	2.86789747267e-05	1.07546155225e-05	0	0.000103961283384	0.00302563183366	0.000168488976519	9.32066678616e-05	0.000469618211149	0	0	0.000132640258111	0.00428750672163	0.0023265818247	0.000100376411543	2.86789747267e-05	3.58487184083e-06	3.58487184083e-05	6.09428212941e-05	2.50941028858e-05	0.00141243950529	7.52823086575e-05	4.66033339308e-05	0.000627352572146	0.000136225129952	0.000164904104678	0	3.22638465675e-05	0.000964330525184	0	0	0	0	7.16974368166e-06	0	1.79243592042e-05	0	1.79243592042e-05	1.07546155225e-05	7.16974368166e-06	7.16974368166e-06	2.1509231045e-05	1.79243592042e-05	0	0	0	0	3.58487184083e-06	3.58487184083e-06	0	0	0	0	2.1509231045e-05	1.43394873633e-05	7.16974368166e-06	7.16974368166e-06	7.16974368166e-06	0	0	0	0	0	7.16974368166e-06	0.000308298978312	0.000620182828464	0.000455278723786	2.86789747267e-05	0	0	0	7.16974368166e-06	3.22638465675e-05	7.16974368166e-06	0	1.07546155225e-05	0	7.16974368166e-06
0.00174583258649	0.000139810001792	0.000982254884388	0	0.00017207384836	0	0.000311883850152	0.000720559240007	0.000236601541495	3.22638465675e-05	0.00123319591325	0.00700125470514	0.000928481806775	0.000236601541495	0.00378920953576	1.07546155225e-05	4.301846209e-05	0.00789747266535	0.0023265818247	0.0299229252554	0.000871123857322	0.000892633088367	6.81125649758e-05	0.00287506721635	0.000268865388062	4.66033339308e-05	0.0194264205055	0.00320846029754	0.000939236422298	0.00602975443628	0.00306506542391	0.000268865388062	0	0.00124753540061	0.0102061301308	3.58487184083e-06	7.16974368166e-05	4.301846209e-05	0	2.1509231045e-05	0	0.00012905538627	2.86789747267e-05	0.00012905538627	3.94335902491e-05	6.81125649758e-05	4.301846209e-05	0.000132640258111	5.73579494533e-05	7.16974368166e-06	0	8.24520523391e-05	6.09428212941e-05	2.1509231045e-05	0.000118300770747	2.86789747267e-05	3.22638465675e-05	9.67915397025e-05	5.37730776125e-05	0.00025811077254	2.50941028858e-05	0.000494712314035	0.000451693851945	0.000118300770747	1.07546155225e-05	0	3.58487184083e-06	0	0	0.000197167951246	0.00193224592221	0.00217243233554	0.00620541315648	0.00190356694748	7.16974368166e-06	1.07546155225e-05	3.58487184083e-06	0.000125470514429	0.000225846925972	0.000254525900699	4.301846209e-05	6.81125649758e-05	2.50941028858e-05	3.58487184083e-06
0.00017207384836	3.58487184083e-06	3.58487184083e-05	0	0.00587202007528	0	0.00172790822728	0.000358487184083	0.000161319232837	0.000311883850152	0.00279978490769	0.00139810001792	0.0111381968095	2.86789747267e-05	0.00521957340025	0.000276035131744	0	1.07546155225e-05	0.000100376411543	0.000871123857322	0.0214052697616	3.58487184083e-06	1.43394873633e-05	1.07546155225e-05	0.00470335185517	2.1509231045e-05	0.00182469976698	2.86789747267e-05	0.00197884925614	0.00554579673777	2.86789747267e-05	3.58487184083e-06	3.58487184083e-06	0.000311883850152	0.00380713389496	0	0	0	0	0.00298619824341	0	0.00158809822549	0	0.000960745653343	0.00073131385553	0.00339128876143	0.00017207384836	0.00432335544004	0.00017207384836	0.000100376411543	1.07546155225e-05	1.07546155225e-05	0	0	0	0.0044165621079	0	1.07546155225e-05	3.58487184083e-06	0.000910557447571	1.43394873633e-05	7.16974368166e-06	1.43394873633e-05	0.000896217960208	5.37730776125e-05	0	0	1.43394873633e-05	0	0.000319053593834	0.000333393081197	7.88671804983e-05	0.00306865029575	0.000200752823087	0.000397920774332	7.16974368166e-06	1.43394873633e-05	0.000240186413336	1.79243592042e-05	0.000727728983689	9.32066678616e-05	0.000397920774332	0.000186413335723	2.1509231045e-05
0.000329808209357	5.37730776125e-05	0.0010539523212	0	3.58487184083e-06	0	1.79243592042e-05	0.00139093027424	7.16974368166e-05	1.43394873633e-05	6.81125649758e-05	0.000254525900699	0	1.43394873633e-05	0.000365656927765	3.58487184083e-06	0.00188205771644	0.00235167592759	2.86789747267e-05	0.000892633088367	3.58487184083e-06	0.0391145366553	0.000781502061301	0.0232514787596	0.00038716615881	0	0.000853199498118	0.000699050008962	0.0074887972755	0.00314034773257	0.0129127083707	0	7.16974368166e-06	0.00243054310808	0.0061014518731	0.00115074386091	4.301846209e-05	5.37730776125e-05	0	7.16974368166e-06	0	3.22638465675e-05	0.000379996415128	3.94335902491e-05	0.00055924000717	2.86789747267e-05	0	1.43394873633e-05	0	0.000164904104678	0	0.00124036565693	3.58487184083e-06	0	0	3.58487184083e-06	0.00138017565872	0.00166338053415	0.000121885642588	0.00124395052877	0	2.1509231045e-05	4.301846209e-05	0.00523391288761	0.000448108980104	0.000329808209357	0	0	0	3.58487184083e-05	0.00111848001434	0.000724144111848	0.00410826312959	0.00064527693135	1.79243592042e-05	0	0	0.000247356157017	7.52823086575e-05	8.24520523391e-05	2.86789747267e-05	5.01882057716e-05	7.16974368166e-06	3.58487184083e-06
3.22638465675e-05	0.00643484495429	0.000555655135329	0	1.43394873633e-05	0	3.58487184083e-06	0.000114715898907	1.79243592042e-05	0.00291808567844	4.301846209e-05	5.01882057716e-05	2.50941028858e-05	0.000706219752644	0.000189998207564	0	0.00968632371393	0.000426599749059	3.58487184083e-06	6.81125649758e-05	1.43394873633e-05	0.000781502061301	0.0307044273167	0.00287506721635	0.00534862878652	0.0019931887435	0.000677540777917	0.0154830614806	0.00090697257573	0.000405090518014	0.000179243592042	3.58487184083e-06	7.52823086575e-05	0.000240186413336	0.000663201290554	1.79243592042e-05	0.00115074386091	3.94335902491e-05	0	2.1509231045e-05	0	1.07546155225e-05	1.07546155225e-05	1.07546155225e-05	0.00211865925793	1.07546155225e-05	4.301846209e-05	4.66033339308e-05	0.000139810001792	7.16974368166e-06	4.301846209e-05	0.00712314034773	2.1509231045e-05	1.79243592042e-05	0	3.58487184083e-06	0.000293959490948	0.012837426062	0.000767162573938	0.00358487184083	3.94335902491e-05	3.94335902491e-05	0.00470693672701	0.00158451335365	0.000139810001792	0.000161319232837	1.79243592042e-05	0	0	7.16974368166e-06	0.00251299516042	0.00129772360638	0.000519806416921	0.000354902312242	4.301846209e-05	3.58487184083e-06	3.22638465675e-05	0.000598673597419	0.000466033339308	2.86789747267e-05	3.58487184083e-06	2.86789747267e-05	1.43394873633e-05	1.43394873633e-05
0.00124395052877	0.000186413335723	0.0166768238035	0	7.16974368166e-06	1.07546155225e-05	0.000351317440402	0.00314034773257	0.000609428212941	1.43394873633e-05	0.000125470514429	0.000605843341101	3.22638465675e-05	1.79243592042e-05	0.000867538985481	2.50941028858e-05	0.0038716615881	0.0120451693852	3.58487184083e-05	0.00287506721635	1.07546155225e-05	0.0232514787596	0.00287506721635	0.0768524825237	0.00081735077971	0	0.00421222441298	0.0100268865388	0.0082093565155	0.00247356157017	0.00874350241979	3.58487184083e-06	3.94335902491e-05	0.00143753360817	0.00892633088367	0.000197167951246	0.000125470514429	0.000634522315827	0	2.50941028858e-05	0	2.86789747267e-05	0.000268865388062	3.58487184083e-05	0.000247356157017	7.52823086575e-05	1.07546155225e-05	3.94335902491e-05	3.58487184083e-06	7.16974368166e-06	0	0.00491485929378	4.66033339308e-05	0	3.58487184083e-05	2.86789747267e-05	0.00204337694927	0.00902312242337	0.00402939594909	0.00309374439864	0	6.09428212941e-05	0.00140526976161	0.00486825595985	0.000308298978312	0.00127621437534	0	0	0	6.4527693135e-05	0.00685785983151	0.00411901774512	0.00861803190536	0.00481806775408	0.000383581286969	3.58487184083e-05	2.86789747267e-05	0.000652446675031	0.000494712314035	0.000136225129952	7.52823086575e-05	3.58487184083e-05	3.94335902491e-05	3.58487184083e-06
0.000229431797813	0.00375694568919	0.000620182828464	0	0.0104857501344	7.16974368166e-06	0.00116149847643	0.00143036386449	0.000283204875426	0.00868614447034	0.000763577702097	0.000351317440402	0.00625560136225	0.000423014877218	0.00197884925614	0.00124753540061	0.00686502957519	0.000182828463882	6.09428212941e-05	0.000268865388062	0.00470335185517	0.00038716615881	0.00534862878652	0.00081735077971	0.0467288044452	0.00051622154508	0.00170639899624	0.0062771105933	0.014188922746	0.00249865567306	0.00077433231762	3.58487184083e-06	3.58487184083e-06	0.00106470693673	0.00272091772719	0.000103961283384	0.000365656927765	2.1509231045e-05	0	0.00444165621079	0	0.000390751030651	0.000623767700305	0.000372826671446	0.0119053593834	0.00358487184083	5.73579494533e-05	0.00115791360459	0.000197167951246	7.52823086575e-05	0.000189998207564	0.000254525900699	3.58487184083e-06	1.07546155225e-05	0	0.00307582003943	1.07546155225e-05	0.000935651550457	1.79243592042e-05	0.0128911991396	5.37730776125e-05	1.79243592042e-05	0.000580749238215	0.00675748341997	0.000121885642588	4.66033339308e-05	1.07546155225e-05	0	3.58487184083e-06	0.000100376411543	0.00240903387704	0.000584334110056	0.00191790643484	0.00038716615881	0.00211507438609	0	1.07546155225e-05	0.00183545438251	2.50941028858e-05	0.000268865388062	0.000139810001792	0.000423014877218	0.000304714106471	7.16974368166e-06
3.58487184083e-06	0.00365298440581	3.58487184083e-06	0	3.58487184083e-06	0	3.58487184083e-06	0	0	0.0010181036028	1.07546155225e-05	0.000917727191253	4.66033339308e-05	0.00744219394157	1.79243592042e-05	0	5.73579494533e-05	3.58487184083e-06	2.50941028858e-05	4.66033339308e-05	2.1509231045e-05	0	0.0019931887435	0	0.00051622154508	0.013289119914	0.00322638465675	0.00468901236781	1.43394873633e-05	3.22638465675e-05	7.16974368166e-06	0.000853199498118	3.58487184083e-06	3.58487184083e-06	5.01882057716e-05	0	0.00131206309374	0	0	7.16974368166e-06	0	3.58487184083e-05	3.58487184083e-06	4.66033339308e-05	3.22638465675e-05	5.73579494533e-05	0.00167055027783	6.4527693135e-05	0.00494712314035	7.16974368166e-06	0	3.58487184083e-06	0	2.1509231045e-05	3.58487184083e-06	2.1509231045e-05	0	7.16974368166e-06	7.16974368166e-06	2.86789747267e-05	0.00276752106112	0.000555655135329	0.000842444882595	3.94335902491e-05	0	0	0.000118300770747	0	0	0.000114715898907	5.01882057716e-05	0.000125470514429	8.96217960208e-05	5.73579494533e-05	3.94335902491e-05	0	6.81125649758e-05	0.000111131027066	0.00216167772002	0.000290374619107	8.24520523391e-05	3.94335902491e-05	1.07546155225e-05	0.000613013084782
0.00641333572325	0.00361355081556	0.00856067395591	0	0.000326223337516	0	0.00148055207026	0.00209356515505	0.00174583258649	0.000121885642588	0.00309374439864	0.0114930991217	0.00190715181932	0.00371751209894	0.0104068829539	0.000161319232837	0.000960745653343	0.00826671446496	0.00141243950529	0.0194264205055	0.00182469976698	0.000853199498118	0.000677540777917	0.00421222441298	0.00170639899624	0.00322638465675	0.107865208819	0.0293636852483	0.00211507438609	0.0149345760889	0.00624126187489	0.0048108980104	2.50941028858e-05	0.00241978849256	0.0149811794228	0.000100376411543	0.0113138555297	0.00101093385911	0	0.000125470514429	0	0.000752823086575	0.000304714106471	0.000824520523391	0.000293959490948	0.000390751030651	0.00358845671267	0.000426599749059	0.00643842982613	0.000200752823087	7.16974368166e-06	0.000268865388062	0.00165979566231	0.00177451156121	0.0018963972038	7.88671804983e-05	0.00012905538627	0.00060225846926	0.000448108980104	0.00115074386091	0.00292167055028	0.00955726832766	0.0164724861086	0.000512636673239	0.000125470514429	0.000103961283384	0.000319053593834	0	0	0.00115074386091	0.00790105753719	0.00977953038179	0.0120021509231	0.00336619465854	9.32066678616e-05	3.58487184083e-05	0.000111131027066	0.0017207384836	0.00569636135508	0.00249148592938	0.000681125649758	0.000261695644381	8.96217960208e-05	4.301846209e-05
0.00166696540599	0.0259437175121	0.0183724681843	0	7.88671804983e-05	7.16974368166e-06	0.000369241799606	0.000544900519806	0.000699050008962	0.00140526976161	0.00034414769672	0.000544900519806	7.16974368166e-05	0.00382147338233	0.00192507617853	0.000100376411543	0.00665710700842	0.00297185875605	7.52823086575e-05	0.00320846029754	2.86789747267e-05	0.000699050008962	0.0154830614806	0.0100268865388	0.0062771105933	0.00468901236781	0.0293636852483	0.106033339308	0.00206847105216	0.00276752106112	0.001914321563	0.000397920774332	0.000161319232837	0.000996594371751	0.00311525362968	8.603692418e-05	0.0192758558882	0.00210073489873	0	3.94335902491e-05	0	6.4527693135e-05	6.81125649758e-05	0.000121885642588	0.000512636673239	8.24520523391e-05	0.00123319591325	7.52823086575e-05	0.00392543466571	3.94335902491e-05	0	0.00671088008604	0.000609428212941	0.000412260261696	0.000132640258111	3.22638465675e-05	0.000799426420505	0.0144398637749	0.00629145008066	0.00122244129772	0.00187130310091	0.00229790284997	0.0266965405987	0.000523391288761	2.86789747267e-05	0.000139810001792	0.000254525900699	0	0	0.000505466929557	0.0117763039971	0.00645635418534	0.0057859831511	0.00630578956802	0.000186413335723	3.58487184083e-05	6.4527693135e-05	0.00170998386808	0.00192149130669	0.00126545975981	0.000466033339308	0.000118300770747	5.37730776125e-05	6.09428212941e-05
0.00102527334648	0.000175658720201	0.00195734002509	0	0.00503674493637	3.58487184083e-06	0.00319412081018	0.0204265997491	0.000699050008962	0.0031690267073	0.00762502240545	0.000978670012547	0.00266714464958	5.37730776125e-05	0.00389317081914	0.00116149847643	0.0016418713031	0.001193762323	4.66033339308e-05	0.000939236422298	0.00197884925614	0.0074887972755	0.00090697257573	0.0082093565155	0.014188922746	1.43394873633e-05	0.00211507438609	0.00206847105216	0.0742964689012	0.00825237497759	0.0114572504033	1.43394873633e-05	4.301846209e-05	0.00795841548665	0.0100053773078	4.66033339308e-05	8.603692418e-05	1.79243592042e-05	0	0.00735615701739	0	0.00122961104141	0.000885463344685	0.00165979566231	0.0130059150385	0.00782577522854	0.000189998207564	0.00149847642947	0.000211507438609	0.000369241799606	2.1509231045e-05	0.000315468721993	2.86789747267e-05	0	3.58487184083e-06	0.00349883491665	2.86789747267e-05	0.000487542570353	6.09428212941e-05	0.019752643843	1.07546155225e-05	1.43394873633e-05	0.000423014877218	0.012027245026	0.000164904104678	0.000132640258111	3.58487184083e-06	0	3.58487184083e-06	0.000283204875426	0.00583617135687	0.00107187668041	0.0068220111131	0.00104678257752	0.00208281053952	1.07546155225e-05	3.58487184083e-06	0.00373902132999	7.88671804983e-05	0.000716974368166	0.000394335902491	0.000856784369959	0.000569994622692	2.50941028858e-05
0.0170460656032	0.00104319770568	0.00834199677362	0	0.00139451514608	3.22638465675e-05	0.00450259903208	0.0164330525184	0.00591145366553	0.000179243592042	0.0104427316723	0.0120881878473	0.00681484136942	0.00118300770747	0.0480910557448	0.000487542570353	0.000136225129952	0.00326940311884	0.000627352572146	0.00602975443628	0.00554579673777	0.00314034773257	0.000405090518014	0.00247356157017	0.00249865567306	3.22638465675e-05	0.0149345760889	0.00276752106112	0.00825237497759	0.0842480731314	0.0280803011292	0.000397920774332	0.00179243592042	0.0266929557268	0.0393511381968	0.000727728983689	0.000892633088367	6.09428212941e-05	0	0.000552070263488	0	0.00112923462986	0.000394335902491	0.00124036565693	0.0012116866822	0.00107904642409	0.000150564617315	0.00183186951066	0.000143394873633	0.000483957698512	7.16974368166e-06	0.000204337694927	4.301846209e-05	0	2.50941028858e-05	0.000591503853737	9.67915397025e-05	0.000319053593834	6.09428212941e-05	0.00493636852483	5.73579494533e-05	6.09428212941e-05	0.00115074386091	0.00253091951963	0.000157734360997	5.37730776125e-05	3.58487184083e-06	7.16974368166e-06	0	0.000476787954831	0.00730596881161	0.00256676823804	0.0262018282846	0.00363864491844	0.00145904283922	0.000218677182291	0.000293959490948	0.0018784728446	0.000265280516222	0.00150923104499	0.000405090518014	0.00142319412081	0.000874708729163	2.50941028858e-05
0.0146872199319	0.00100017924359	0.0105431080839	0	0.000114715898907	7.16974368166e-06	0.000433769492741	0.00961821114895	0.00337336440222	0.000107546155225	0.000340562824879	0.00259544721276	0.000100376411543	0.000329808209357	0.0149202366015	3.58487184083e-05	0.000179243592042	0.00592937802474	0.000136225129952	0.00306506542391	2.86789747267e-05	0.0129127083707	0.000179243592042	0.00874350241979	0.00077433231762	7.16974368166e-06	0.00624126187489	0.001914321563	0.0114572504033	0.0280803011292	0.0518946047679	0.00017207384836	1.43394873633e-05	0.0147230686503	0.0131959132461	0.00153791001972	0.000889048216526	4.301846209e-05	0	8.24520523391e-05	0	0.000175658720201	0.000501882057716	0.000200752823087	0.000706219752644	0.000139810001792	7.16974368166e-06	0.000197167951246	7.16974368166e-06	0.000412260261696	0	6.4527693135e-05	1.43394873633e-05	0	1.79243592042e-05	2.86789747267e-05	0.000168488976519	6.4527693135e-05	5.73579494533e-05	0.00120093206668	3.58487184083e-06	5.01882057716e-05	0.000996594371751	0.0019752643843	0.00047320308299	0.000175658720201	0	0	0	8.24520523391e-05	0.00137300591504	0.000426599749059	0.00520523391289	0.000756407958415	2.50941028858e-05	7.16974368166e-06	2.50941028858e-05	0.000914142319412	0.000197167951246	0.000136225129952	2.1509231045e-05	0.000222262054132	7.88671804983e-05	0
0.000182828463882	4.66033339308e-05	0.000139810001792	0	0	0	0	2.86789747267e-05	4.301846209e-05	0	1.43394873633e-05	0.00116866822011	3.58487184083e-06	0.000634522315827	0.000315468721993	0	3.58487184083e-06	1.07546155225e-05	0.000164904104678	0.000268865388062	3.58487184083e-06	0	3.58487184083e-06	3.58487184083e-06	3.58487184083e-06	0.000853199498118	0.0048108980104	0.000397920774332	1.43394873633e-05	0.000397920774332	0.00017207384836	0.00493636852483	0	2.50941028858e-05	0.000397920774332	0	3.22638465675e-05	0	0	0	0	0	0	0	3.58487184083e-06	0	0.000781502061301	0	0.00157017386628	0	0	0	0	2.1509231045e-05	3.58487184083e-06	0	0	3.58487184083e-06	0	3.58487184083e-06	0.000372826671446	2.86789747267e-05	4.66033339308e-05	0	1.07546155225e-05	0	2.86789747267e-05	0	0	5.01882057716e-05	0.000211507438609	0.000426599749059	0.000154149489156	0.00012905538627	0	0	7.16974368166e-06	3.58487184083e-06	0.00183545438251	6.09428212941e-05	0	0	0	3.58487184083e-06
2.1509231045e-05	0	2.50941028858e-05	0	0	0.000759992830256	0.00064527693135	7.88671804983e-05	0.00129413873454	0	3.22638465675e-05	9.32066678616e-05	1.43394873633e-05	3.58487184083e-05	0.00159526796917	1.43394873633e-05	3.58487184083e-06	3.58487184083e-06	0	0	3.58487184083e-06	7.16974368166e-06	7.52823086575e-05	3.94335902491e-05	3.58487184083e-06	3.58487184083e-06	2.50941028858e-05	0.000161319232837	4.301846209e-05	0.00179243592042	1.43394873633e-05	0	0.00411184800143	0.000143394873633	0.00169205950887	0	3.58487184083e-06	3.58487184083e-06	0	1.79243592042e-05	0	7.16974368166e-06	0	3.58487184083e-06	0	4.66033339308e-05	0	3.58487184083e-05	3.58487184083e-06	0	0	8.603692418e-05	0	0	0	1.43394873633e-05	0	8.96217960208e-05	0	3.94335902491e-05	0	7.16974368166e-06	3.58487184083e-05	2.86789747267e-05	0	0	0	3.58487184083e-06	0	4.301846209e-05	0.000785086933142	0.000157734360997	0.00138017565872	0.000684710521599	2.86789747267e-05	0.000663201290554	8.24520523391e-05	5.73579494533e-05	0	0.000146979745474	5.73579494533e-05	8.96217960208e-05	0.000107546155225	0
