0.023258878084	5.48990041321e-05	0.00218498036446	0	0.00018299668044	1.46397344352e-05	0.00121509795812	0.00479085309392	0.0041979438493	0.000226915883746	0.00167258965922	0.000289134755096	0.000340373825619	2.19596016528e-05	0.014379879149	0.000139077477135	5.85589377409e-05	0.000801525460328	2.92794688704e-05	0.000314754290357	0.000516050638841	0.00122973769256	0.000117117875482	0.00312924323553	0.000442851966665	2.19596016528e-05	0.000845444663634	0.000322074157575	0.00310728363387	0.0139150675807	0.0105076693909	7.31986721761e-06	7.31986721761e-05	0.00202028335206	0.00291330715261	2.56195352616e-05	2.92794688704e-05	3.6599336088e-05	0	0.000263515219834	0	6.95387385673e-05	0.000120777809091	4.39192033057e-05	0.00049043110358	0.000252535419007	7.31986721761e-06	6.58788049585e-05	3.6599336088e-06	3.6599336088e-05	0	3.29394024792e-05	3.6599336088e-06	3.6599336088e-06	3.6599336088e-06	0.000120777809091	6.58788049585e-05	9.51582738289e-05	3.6599336088e-05	0.000757606257022	3.6599336088e-06	7.31986721761e-06	8.05185393937e-05	0.000439192033057	2.92794688704e-05	5.12390705233e-05	0	0	0	3.29394024792e-05	0.000750286389805	0.000230575817355	0.00203126315289	0.000677087717629	0.000113457941873	3.6599336088e-05	1.46397344352e-05	0.000109798008264	2.92794688704e-05	6.95387385673e-05	3.6599336088e-05	4.39192033057e-05	1.09798008264e-05	0
5.48990041321e-05	0.023127120474	0.00245581545151	0	3.6599336088e-06	0	1.09798008264e-05	5.48990041321e-05	2.92794688704e-05	0.000966222472724	1.09798008264e-05	0.000106138074655	7.31986721761e-06	0.000369653294489	8.41784730025e-05	3.6599336088e-06	0.000823485061981	0.000775905925067	1.46397344352e-05	0.000548990041321	1.09798008264e-05	0.000146397344352	0.00448341867079	0.000768586057849	0.000991842007986	0.00161037078787	0.0049043110358	0.0155327582358	0.000296454622313	0.00015371721157	0.00024521555179	2.56195352616e-05	3.6599336088e-06	6.95387385673e-05	0.000384293028924	1.09798008264e-05	0.00703805232973	0.0024521555179	0	4.39192033057e-05	0	4.75791369145e-05	0.000139077477135	6.22188713497e-05	0.000186656614049	4.39192033057e-05	5.48990041321e-05	1.09798008264e-05	0.000106138074655	4.75791369145e-05	0	0.000219596016528	0.000534350306885	5.48990041321e-05	0.000164697012396	3.6599336088e-06	0.000230575817355	0.00100282180881	0.000878384066113	0.000281814887878	0.000124437742699	0.00101380160964	0.00670865830494	0.000150057277961	1.8299668044e-05	9.88182074377e-05	7.31986721761e-06	0	0	0.000113457941873	0.000984522140768	0.00103576121129	0.000303774489531	0.000223255950137	2.56195352616e-05	0	0	0.000486771169971	0.000966222472724	0.000296454622313	0.000124437742699	3.6599336088e-06	7.31986721761e-06	3.6599336088e-06
0.00218498036446	0.00245581545151	0.0477218743252	0	7.31986721761e-06	3.6599336088e-06	0.000215936082919	0.000878384066113	0.000417232431404	0.000113457941873	5.12390705233e-05	0.000193976481267	2.56195352616e-05	2.92794688704e-05	0.00157011151818	2.19596016528e-05	0.00073564665537	0.007316207284	1.46397344352e-05	0.00138345490413	3.29394024792e-05	0.00206054262176	0.00204956282093	0.0204663487404	0.000570949642973	3.29394024792e-05	0.00820191121733	0.0177689776707	0.00233137770881	0.00260953266308	0.00454197760853	3.6599336088e-06	3.6599336088e-05	0.000618528779888	0.00263149226473	4.39192033057e-05	0.00158841118622	0.00180068733553	0	3.6599336088e-05	0	7.31986721761e-05	0.00024521555179	8.05185393937e-05	0.000175676813223	0.000113457941873	2.92794688704e-05	1.46397344352e-05	2.19596016528e-05	5.85589377409e-05	0	0.00171650886253	0.000289134755096	1.8299668044e-05	4.02592696968e-05	1.46397344352e-05	0.000882043999722	0.00413938491156	0.00288036775013	0.000559969842147	7.31986721761e-06	0.000311094356748	0.00468105508566	0.000453831767492	1.46397344352e-05	0.000223255950137	0	0	0	0.000120777809091	0.00581197457078	0.0038246306212	0.00380633095316	0.00371849254655	8.05185393937e-05	6.95387385673e-05	4.02592696968e-05	0.000592909244626	0.00121509795812	0.000340373825619	0.000263515219834	2.19596016528e-05	1.09798008264e-05	7.31986721761e-06
0	0	0	0	0	0	0	0	0	0	0	0	0	0	0	0	0	0	0	0	0	0	0	0	0	0	0	0	0	0	0	0	0	0	0	0	0	0	0	0	0	0	0	0	0	0	0	0	0	0	0	0	0	0	0	0	0	0	0	0	0	0	0	0	0	0	0	0	0	0	0	0	0	0	0	0	0	0	0	0	0	0	0	0
0.00018299668044	3.6599336088e-06	7.31986721761e-06	0	0.0216668069641	1.46397344352e-05	0.000775905925067	0.00240457638098	0.000263515219834	0.000523370506059	0.00266443166721	6.58788049585e-05	0.00395638823112	3.6599336088e-06	0.000808845327546	0.000179336746831	0	3.6599336088e-06	7.31986721761e-06	2.56195352616e-05	0.00626580633827	1.46397344352e-05	1.09798008264e-05	2.56195352616e-05	0.00894853767353	3.6599336088e-06	4.75791369145e-05	1.8299668044e-05	0.00376607168346	0.00119679829008	0.000124437742699	3.6599336088e-06	7.31986721761e-06	0.000486771169971	0.000808845327546	1.8299668044e-05	0	1.09798008264e-05	0	0.0060279106537	3.6599336088e-06	0.000556309908538	0.000150057277961	0.00039893276336	0.00176774793305	0.00541670174103	3.6599336088e-05	0.00180800720275	2.56195352616e-05	0.000117117875482	2.92794688704e-05	7.31986721761e-06	7.31986721761e-06	0	3.6599336088e-06	0.00661350003111	3.6599336088e-06	1.46397344352e-05	3.6599336088e-06	0.00234235750963	3.6599336088e-06	1.46397344352e-05	1.09798008264e-05	0.00259123299503	5.85589377409e-05	1.09798008264e-05	3.6599336088e-06	3.6599336088e-06	3.6599336088e-06	9.14983402201e-05	0.000230575817355	1.46397344352e-05	0.000468471501927	9.14983402201e-05	0.000420892365012	7.31986721761e-06	1.09798008264e-05	0.000161037078787	1.46397344352e-05	0.000259855286225	6.22188713497e-05	0.00018299668044	3.6599336088e-05	7.31986721761e-06
1.46397344352e-05	0	3.6599336088e-06	0	1.46397344352e-05	0.00301578529365	0.00162867045592	1.46397344352e-05	0.000647808248758	1.46397344352e-05	1.09798008264e-05	0	1.09798008264e-05	3.6599336088e-06	0.000234235750963	0.000680747651238	0	3.6599336088e-06	0	3.6599336088e-06	3.6599336088e-06	0	0	7.31986721761e-06	1.8299668044e-05	0	3.6599336088e-06	3.6599336088e-06	2.56195352616e-05	0.000142737410743	3.6599336088e-06	0	0.000940602937463	7.31986721761e-06	0.000179336746831	0	0	0	0	0	0	0	0	3.6599336088e-06	3.6599336088e-06	3.6599336088e-06	0	0	0	3.6599336088e-06	0	0	0	0	0	0	0	0	0	3.6599336088e-06	0	0	0	3.6599336088e-06	0	0	0	0	0	3.6599336088e-06	0.000135417543526	3.6599336088e-06	8.41784730025e-05	5.12390705233e-05	0.00101380160964	0.000124437742699	3.6599336088e-06	0	0	7.31986721761e-06	7.31986721761e-06	3.6599336088e-06	3.6599336088e-06	0
0.00121509795812	1.09798008264e-05	0.000215936082919	0	0.000775905925067	0.00162867045592	0.0351280427773	0.00523370506059	0.00830072942477	0.00027449502066	0.0105113293245	0.00024521555179	0.00798963506802	4.75791369145e-05	0.00624018680301	0.00319878197409	1.46397344352e-05	4.75791369145e-05	4.02592696968e-05	9.14983402201e-05	0.00185924627327	0.000128097676308	1.8299668044e-05	0.000387952962533	0.00118215855564	1.8299668044e-05	0.00018299668044	8.05185393937e-05	0.00285108828126	0.0050287487785	0.000574609576582	0	0.00105406087934	0.000849104597243	0.00237895684572	3.6599336088e-06	0	0	0	0.000314754290357	0	2.92794688704e-05	4.02592696968e-05	2.92794688704e-05	0.000395272829751	0.000340373825619	0	5.12390705233e-05	1.09798008264e-05	7.31986721761e-06	0	7.31986721761e-06	0	0	0	0.000201296348484	7.31986721761e-06	7.31986721761e-06	3.6599336088e-06	0.000552649974929	0	0	3.6599336088e-06	0.000413572497795	3.6599336088e-06	0	3.6599336088e-06	0	0	1.09798008264e-05	0.000695387385673	0.000146397344352	0.00152985224848	0.00039893276336	0.00273031047217	0.000208616215702	4.75791369145e-05	2.56195352616e-05	7.31986721761e-06	2.92794688704e-05	2.19596016528e-05	7.31986721761e-06	1.09798008264e-05	0
0.00479085309392	5.48990041321e-05	0.000878384066113	0	0.00240457638098	1.46397344352e-05	0.00523370506059	0.0485307196527	0.00438460046335	0.000907663534983	0.0092266926278	0.000373313228098	0.001496912846	4.02592696968e-05	0.00727228808069	0.000322074157575	9.88182074377e-05	0.000296454622313	6.95387385673e-05	0.000248875485399	0.000841784730025	0.00121143802451	0.000146397344352	0.00250339458842	0.00282912867961	2.19596016528e-05	0.000439192033057	0.000318414223966	0.0226549890385	0.0133733974066	0.00893023800548	3.6599336088e-06	9.14983402201e-05	0.00905467574818	0.00830804929199	3.6599336088e-05	3.29394024792e-05	2.19596016528e-05	0	0.0026607717336	3.6599336088e-06	0.000329394024792	0.000333053958401	0.000281814887878	0.00342569785784	0.00252901412368	2.56195352616e-05	0.000589249311017	1.46397344352e-05	0.000102478141047	1.09798008264e-05	2.19596016528e-05	3.6599336088e-06	3.6599336088e-06	0	0.00136149530248	5.85589377409e-05	9.14983402201e-05	6.22188713497e-05	0.0049482302391	3.6599336088e-06	0	6.58788049585e-05	0.00297552602396	4.39192033057e-05	4.75791369145e-05	0	3.6599336088e-06	3.6599336088e-06	6.95387385673e-05	0.00199832375041	0.000376973161707	0.00434800112726	0.00114921915316	0.00073564665537	0.000113457941873	2.92794688704e-05	0.000168356946005	4.02592696968e-05	0.000142737410743	4.02592696968e-05	0.000139077477135	1.09798008264e-05	1.46397344352e-05
0.0041979438493	2.92794688704e-05	0.000417232431404	0	0.000263515219834	0.000647808248758	0.00830072942477	0.00438460046335	0.0257073736682	9.14983402201e-05	0.00406984617299	0.000193976481267	0.00117849862203	4.02592696968e-05	0.0133916970746	0.000592909244626	2.19596016528e-05	0.000142737410743	2.19596016528e-05	0.000109798008264	0.000677087717629	0.00024521555179	3.29394024792e-05	0.000680747651238	0.000508730771624	1.46397344352e-05	0.000241555618181	9.14983402201e-05	0.00176408799944	0.00614868846279	0.00173480853057	3.6599336088e-06	0.00164697012396	0.000812505261155	0.00249973465481	1.09798008264e-05	0	1.46397344352e-05	0	0.000219596016528	0	4.02592696968e-05	6.58788049585e-05	2.19596016528e-05	0.000292794688704	0.000252535419007	0	7.31986721761e-05	0	1.46397344352e-05	0	1.8299668044e-05	0	0	0	0.000128097676308	1.8299668044e-05	4.39192033057e-05	2.56195352616e-05	0.000479451302753	0	0	2.92794688704e-05	0.000289134755096	7.31986721761e-06	2.19596016528e-05	0	0	0	2.92794688704e-05	0.000655128115976	0.000204956282093	0.00195074461349	0.000728326788152	0.000753946323414	0.000538010240494	6.22188713497e-05	4.02592696968e-05	7.31986721761e-06	5.85589377409e-05	5.12390705233e-05	1.8299668044e-05	1.8299668044e-05	7.31986721761e-06
0.000226915883746	0.000966222472724	0.000113457941873	0	0.000523370506059	1.46397344352e-05	0.00027449502066	0.000907663534983	9.14983402201e-05	0.0157413744515	0.000146397344352	2.92794688704e-05	0.00196538434793	1.46397344352e-05	0.000457491701101	0.000435532099448	0.000603889045453	4.39192033057e-05	1.09798008264e-05	4.02592696968e-05	0.000281814887878	0.000285474821487	0.00238627671294	0.000190316547658	0.00603889045453	0.000117117875482	0.000201296348484	0.000614868846279	0.00324636111101	0.000936943003854	0.000944262871072	0	7.31986721761e-06	0.000728326788152	0.0010394211449	9.51582738289e-05	4.02592696968e-05	3.29394024792e-05	0	0.000640488381541	0	0.000135417543526	0.000413572497795	0.000168356946005	0.00364529387437	0.000387952962533	1.46397344352e-05	0.00024521555179	3.6599336088e-06	0.000120777809091	2.56195352616e-05	5.12390705233e-05	7.31986721761e-06	0	0	0.000285474821487	6.22188713497e-05	0.000204956282093	6.95387385673e-05	0.00285108828126	3.6599336088e-06	2.19596016528e-05	7.31986721761e-05	0.00118947842286	7.68586057849e-05	8.78384066113e-05	0	0	7.31986721761e-06	5.48990041321e-05	0.000896683734157	8.41784730025e-05	0.000413572497795	0.000128097676308	0.00169820919449	3.6599336088e-06	7.31986721761e-06	0.000226915883746	3.6599336088e-05	9.14983402201e-05	3.29394024792e-05	7.31986721761e-05	1.09798008264e-05	7.31986721761e-06
0.00167258965922	1.09798008264e-05	5.12390705233e-05	0	0.00266443166721	1.09798008264e-05	0.0105113293245	0.0092266926278	0.00406984617299	0.000146397344352	0.033587210728	0.000409912564186	0.00302310516087	6.58788049585e-05	0.00563263782395	0.000278154954269	1.09798008264e-05	3.29394024792e-05	4.39192033057e-05	0.000139077477135	0.00354647566693	4.75791369145e-05	7.31986721761e-06	0.000113457941873	0.00108700028181	1.8299668044e-05	0.000226915883746	5.85589377409e-05	0.00768220064488	0.00634266494406	0.000387952962533	7.31986721761e-06	6.22188713497e-05	0.00252901412368	0.00375143194902	1.8299668044e-05	7.31986721761e-06	3.6599336088e-06	0	0.00073564665537	3.6599336088e-06	0.000197636414875	6.95387385673e-05	0.000161037078787	0.00076492612424	0.00222889956776	1.8299668044e-05	0.000559969842147	1.46397344352e-05	4.75791369145e-05	0	3.6599336088e-06	3.6599336088e-06	0	0	0.00163599032314	7.31986721761e-06	1.09798008264e-05	1.09798008264e-05	0.00108334034821	7.31986721761e-06	7.31986721761e-06	1.09798008264e-05	0.000845444663634	2.92794688704e-05	7.31986721761e-06	0	0	0	3.6599336088e-05	0.0005819294438	0.000164697012396	0.00231307804076	0.000409912564186	0.00033671389201	5.48990041321e-05	2.56195352616e-05	7.31986721761e-05	1.09798008264e-05	0.000109798008264	4.02592696968e-05	8.41784730025e-05	2.92794688704e-05	3.6599336088e-06
0.000289134755096	0.000106138074655	0.000193976481267	0	6.58788049585e-05	0	0.00024521555179	0.000373313228098	0.000193976481267	2.92794688704e-05	0.000409912564186	0.0293124082729	0.000322074157575	0.00771148011375	0.00192146514462	2.19596016528e-05	5.85589377409e-05	0.000534350306885	0.0039490683639	0.0046554355504	0.000303774489531	0.000113457941873	4.39192033057e-05	0.000417232431404	0.000135417543526	0.0017055290617	0.010412511117	0.00155547178374	0.000289134755096	0.00351719619806	0.000311094356748	0.00114921915316	0.000131757609917	0.000534350306885	0.00785421752449	7.31986721761e-06	0.000135417543526	2.92794688704e-05	0	3.6599336088e-05	0	2.19596016528e-05	2.92794688704e-05	2.19596016528e-05	5.85589377409e-05	5.48990041321e-05	0.000728326788152	1.8299668044e-05	0.0012480373606	7.31986721761e-06	0	1.8299668044e-05	2.92794688704e-05	8.78384066113e-05	6.95387385673e-05	2.56195352616e-05	1.8299668044e-05	1.8299668044e-05	4.39192033057e-05	0.000128097676308	0.000409912564186	0.000300114555922	0.000420892365012	8.41784730025e-05	7.31986721761e-06	1.8299668044e-05	3.6599336088e-05	3.6599336088e-06	3.6599336088e-06	0.000128097676308	0.0014529936427	0.00394174849668	0.00434800112726	0.000699047319282	2.92794688704e-05	2.19596016528e-05	0.000263515219834	7.68586057849e-05	0.0012882966303	0.000226915883746	6.22188713497e-05	1.8299668044e-05	0	9.51582738289e-05
0.000340373825619	7.31986721761e-06	2.56195352616e-05	0	0.00395638823112	1.09798008264e-05	0.00798963506802	0.001496912846	0.00117849862203	0.00196538434793	0.00302310516087	0.000322074157575	0.0328991432095	2.92794688704e-05	0.00417964418125	0.00140541450578	0	2.56195352616e-05	4.75791369145e-05	0.000109798008264	0.00966222472724	3.29394024792e-05	1.46397344352e-05	5.48990041321e-05	0.00587785337574	2.19596016528e-05	0.000161037078787	3.29394024792e-05	0.00142371417382	0.00417232431404	0.000135417543526	3.6599336088e-06	7.31986721761e-05	0.000457491701101	0.00228379857189	1.8299668044e-05	7.31986721761e-06	3.6599336088e-06	0	0.000900343667766	3.6599336088e-06	0.00161769065509	9.14983402201e-05	0.00128097676308	0.000424552298621	0.00368555314407	4.02592696968e-05	0.00670133843772	1.8299668044e-05	0.000289134755096	1.8299668044e-05	0	3.6599336088e-06	0	7.31986721761e-06	0.00362699420633	1.8299668044e-05	7.31986721761e-06	2.56195352616e-05	0.000691727452064	3.6599336088e-06	0	1.09798008264e-05	0.000435532099448	0.000139077477135	0	3.6599336088e-06	5.48990041321e-05	3.6599336088e-06	0.000146397344352	0.00049043110358	7.68586057849e-05	0.00128097676308	0.000204956282093	0.00214838102837	2.19596016528e-05	2.19596016528e-05	0.000201296348484	2.19596016528e-05	0.000329394024792	9.51582738289e-05	0.000472131435536	5.12390705233e-05	0
2.19596016528e-05	0.000369653294489	2.92794688704e-05	0	3.6599336088e-06	3.6599336088e-06	4.75791369145e-05	4.02592696968e-05	4.02592696968e-05	1.46397344352e-05	6.58788049585e-05	0.00771148011375	2.92794688704e-05	0.0180654322931	0.000300114555922	0	3.6599336088e-06	2.92794688704e-05	0.000300114555922	0.000333053958401	2.19596016528e-05	3.6599336088e-06	4.75791369145e-05	3.6599336088e-05	2.19596016528e-05	0.00528860406472	0.00443217960026	0.00283644854682	4.75791369145e-05	0.000556309908538	4.02592696968e-05	0.000984522140768	4.39192033057e-05	7.31986721761e-05	0.00102478141047	3.6599336088e-06	0.00033671389201	3.6599336088e-06	0	0	0	1.8299668044e-05	1.8299668044e-05	2.19596016528e-05	3.6599336088e-06	1.46397344352e-05	0.00108334034821	1.8299668044e-05	0.0018702260741	1.09798008264e-05	0	7.31986721761e-06	2.19596016528e-05	0.000172016879614	7.68586057849e-05	3.6599336088e-06	1.09798008264e-05	0	2.19596016528e-05	2.19596016528e-05	0.000823485061981	0.000413572497795	0.000556309908538	1.46397344352e-05	7.31986721761e-06	7.31986721761e-06	4.75791369145e-05	3.6599336088e-06	3.6599336088e-06	0.000175676813223	0.000267175153443	0.00155913171735	0.000929623136636	0.000212276149311	3.6599336088e-06	7.31986721761e-06	0.000351353626445	0.000102478141047	0.00169088932727	0.000322074157575	9.14983402201e-05	1.8299668044e-05	2.56195352616e-05	0.000193976481267
0.014379879149	8.41784730025e-05	0.00157011151818	0	0.000808845327546	0.000234235750963	0.00624018680301	0.00727228808069	0.0133916970746	0.000457491701101	0.00563263782395	0.00192146514462	0.00417964418125	0.000300114555922	0.050726679818	0.000658788049585	9.14983402201e-05	0.000669767850411	0.000241555618181	0.000695387385673	0.00360869453828	0.00103576121129	0.000139077477135	0.00217766049724	0.00162501052231	0.000106138074655	0.00148593304517	0.000457491701101	0.00504704844654	0.0367164539635	0.00943896877711	5.48990041321e-05	0.00165428999118	0.00693557418868	0.0137027914314	4.02592696968e-05	1.8299668044e-05	2.56195352616e-05	0	0.000501410904406	0	0.000124437742699	0.000193976481267	0.000106138074655	0.000823485061981	0.000483111236362	2.19596016528e-05	0.000150057277961	4.75791369145e-05	8.05185393937e-05	0	3.6599336088e-05	0	3.6599336088e-06	3.6599336088e-06	0.000234235750963	5.85589377409e-05	0.000102478141047	5.12390705233e-05	0.00151155258044	2.19596016528e-05	7.31986721761e-06	8.05185393937e-05	0.000860084398069	4.75791369145e-05	4.02592696968e-05	3.6599336088e-06	0	3.6599336088e-06	6.22188713497e-05	0.00288036775013	0.000775905925067	0.00856790457821	0.00187388600771	0.00116019895399	0.000585589377409	0.000146397344352	0.000175676813223	4.75791369145e-05	0.000168356946005	8.41784730025e-05	0.000102478141047	2.92794688704e-05	1.46397344352e-05
0.000139077477135	3.6599336088e-06	2.19596016528e-05	0	0.000179336746831	0.000680747651238	0.00319878197409	0.000322074157575	0.000592909244626	0.000435532099448	0.000278154954269	2.19596016528e-05	0.00140541450578	0	0.000658788049585	0.00665741923442	0	0	1.09798008264e-05	1.8299668044e-05	0.000179336746831	7.31986721761e-06	7.31986721761e-06	4.02592696968e-05	0.000479451302753	0	1.8299668044e-05	7.31986721761e-06	0.000223255950137	0.000505070838015	6.95387385673e-05	0	4.75791369145e-05	5.85589377409e-05	0.000157377145179	0	0	0	0	3.6599336088e-05	0	7.31986721761e-06	3.6599336088e-06	0	7.31986721761e-05	3.6599336088e-05	0	1.09798008264e-05	0	0	3.6599336088e-06	0	0	0	0	2.56195352616e-05	0	3.6599336088e-06	0	7.31986721761e-05	0	0	0	4.02592696968e-05	0	0	0	0	0	0	0.000808845327546	7.31986721761e-06	0.000124437742699	3.6599336088e-05	0.00421990345095	2.56195352616e-05	0	0	0	0	0	0	0	0
5.85589377409e-05	0.000823485061981	0.00073564665537	0	0	0	1.46397344352e-05	9.88182074377e-05	2.19596016528e-05	0.000603889045453	1.09798008264e-05	5.85589377409e-05	0	3.6599336088e-06	9.14983402201e-05	0	0.0163269638289	0.000223255950137	7.31986721761e-06	7.68586057849e-05	0	0.00205688268815	0.00624018680301	0.00405520643856	0.00556309908538	3.29394024792e-05	0.00030743442314	0.00458223687822	0.00200930355123	0.000219596016528	0.000314754290357	3.6599336088e-06	3.6599336088e-06	0.000172016879614	0.000596569178235	0.000113457941873	9.88182074377e-05	8.78384066113e-05	0	3.29394024792e-05	0	4.39192033057e-05	0.000303774489531	6.58788049585e-05	0.00140907443939	4.39192033057e-05	7.31986721761e-06	7.31986721761e-06	3.6599336088e-06	5.85589377409e-05	0	0.00101014167603	1.8299668044e-05	7.31986721761e-06	7.31986721761e-06	3.6599336088e-06	0.000578269510191	0.00240091644738	0.00064414831515	0.00142737410743	3.6599336088e-06	4.39192033057e-05	0.000270835087052	0.00138345490413	7.31986721761e-05	0.000281814887878	0	0	1.09798008264e-05	6.22188713497e-05	0.000929623136636	0.000464811568318	0.000439192033057	0.000380633095316	1.8299668044e-05	1.09798008264e-05	3.6599336088e-06	0.000285474821487	0.000172016879614	0.000102478141047	5.12390705233e-05	2.19596016528e-05	3.6599336088e-06	0
0.000801525460328	0.000775905925067	0.007316207284	0	3.6599336088e-06	3.6599336088e-06	4.75791369145e-05	0.000296454622313	0.000142737410743	4.39192033057e-05	3.29394024792e-05	0.000534350306885	2.56195352616e-05	2.92794688704e-05	0.000669767850411	0	0.000223255950137	0.0271018083732	4.02592696968e-05	0.00711491093552	2.92794688704e-05	0.00314754290357	0.000387952962533	0.015053306933	0.000139077477135	3.29394024792e-05	0.00790179666141	0.00464811568318	0.00121143802451	0.00135417543526	0.00395638823112	0	1.09798008264e-05	0.000420892365012	0.00566557722643	1.09798008264e-05	0.000570949642973	0.000512390705233	0	1.8299668044e-05	0	1.8299668044e-05	6.22188713497e-05	1.09798008264e-05	5.48990041321e-05	3.29394024792e-05	1.8299668044e-05	0	1.46397344352e-05	7.31986721761e-06	0	9.51582738289e-05	0.000135417543526	1.09798008264e-05	5.48990041321e-05	0	0.000109798008264	0.000292794688704	0.000376973161707	0.000120777809091	2.56195352616e-05	0.000300114555922	0.00106504068016	0.000117117875482	3.6599336088e-06	5.48990041321e-05	0	0	0	4.75791369145e-05	0.0023277177752	0.00206054262176	0.00309264389944	0.00178238766749	1.8299668044e-05	1.8299668044e-05	2.56195352616e-05	0.000135417543526	0.000541670174103	0.000117117875482	8.78384066113e-05	3.6599336088e-06	0	0
2.92794688704e-05	1.46397344352e-05	1.46397344352e-05	0	7.31986721761e-06	0	4.02592696968e-05	6.95387385673e-05	2.19596016528e-05	1.09798008264e-05	4.39192033057e-05	0.0039490683639	4.75791369145e-05	0.000300114555922	0.000241555618181	1.09798008264e-05	7.31986721761e-06	4.02592696968e-05	0.00558139875343	0.00284010848043	6.22188713497e-05	0	3.6599336088e-06	4.02592696968e-05	1.46397344352e-05	8.78384066113e-05	0.00162867045592	0.000281814887878	2.19596016528e-05	0.000483111236362	5.48990041321e-05	8.78384066113e-05	2.92794688704e-05	9.14983402201e-05	0.00094792280468	0	2.19596016528e-05	0	0	1.09798008264e-05	0	3.6599336088e-06	3.6599336088e-06	0	2.19596016528e-05	7.31986721761e-06	7.68586057849e-05	7.31986721761e-06	0.000124437742699	0	0	0	3.6599336088e-06	3.6599336088e-05	1.8299668044e-05	7.31986721761e-06	0	0	0	2.92794688704e-05	3.6599336088e-05	4.02592696968e-05	6.58788049585e-05	2.19596016528e-05	0	0	7.31986721761e-06	0	0	1.8299668044e-05	0.000318414223966	0.000563629775756	0.000585589377409	9.51582738289e-05	7.31986721761e-06	7.31986721761e-06	1.8299668044e-05	7.31986721761e-06	0.000102478141047	2.56195352616e-05	0	0	0	1.09798008264e-05
0.000314754290357	0.000548990041321	0.00138345490413	0	2.56195352616e-05	3.6599336088e-06	9.14983402201e-05	0.000248875485399	0.000109798008264	4.02592696968e-05	0.000139077477135	0.0046554355504	0.000109798008264	0.000333053958401	0.000695387385673	1.8299668044e-05	7.68586057849e-05	0.00711491093552	0.00284010848043	0.0279911722401	8.41784730025e-05	0.000662447983194	0.000150057277961	0.00238627671294	8.41784730025e-05	0.000237895684572	0.0193098097201	0.00451635807326	0.00039893276336	0.00131391616556	0.00111261981708	0.000102478141047	4.39192033057e-05	0.000355013560054	0.00579367490274	7.31986721761e-06	0.000746626456196	0.000186656614049	0	1.09798008264e-05	0	2.92794688704e-05	4.02592696968e-05	2.92794688704e-05	5.12390705233e-05	2.56195352616e-05	0.000172016879614	7.31986721761e-06	0.000223255950137	7.31986721761e-06	0	3.6599336088e-05	0.000204956282093	0.000117117875482	0.000208616215702	7.31986721761e-06	6.22188713497e-05	0.000113457941873	0.000175676813223	0.000102478141047	0.000186656614049	0.000647808248758	0.00105406087934	6.58788049585e-05	1.46397344352e-05	4.02592696968e-05	7.31986721761e-06	0	0	8.41784730025e-05	0.0025765932606	0.00293892668787	0.00320610184131	0.00130293636473	1.46397344352e-05	1.09798008264e-05	3.6599336088e-05	0.000131757609917	0.000453831767492	0.000186656614049	7.68586057849e-05	3.6599336088e-06	7.31986721761e-06	7.31986721761e-06
0.000516050638841	1.09798008264e-05	3.29394024792e-05	0	0.00626580633827	3.6599336088e-06	0.00185924627327	0.000841784730025	0.000677087717629	0.000281814887878	0.00354647566693	0.000303774489531	0.00966222472724	2.19596016528e-05	0.00360869453828	0.000179336746831	0	2.92794688704e-05	6.22188713497e-05	8.41784730025e-05	0.0215753086239	2.19596016528e-05	0	5.48990041321e-05	0.00380633095316	1.09798008264e-05	0.000172016879614	3.29394024792e-05	0.00226549890385	0.00416500444682	0.000135417543526	3.6599336088e-06	4.02592696968e-05	0.000988182074377	0.00258391312782	1.09798008264e-05	3.6599336088e-06	3.6599336088e-06	0	0.00226183897024	3.6599336088e-06	0.000812505261155	9.51582738289e-05	0.000570949642973	0.00082714499559	0.00357209520219	2.56195352616e-05	0.00327198064627	1.8299668044e-05	0.000164697012396	1.8299668044e-05	3.6599336088e-06	3.6599336088e-06	0	3.6599336088e-06	0.00471033455453	3.6599336088e-06	7.31986721761e-06	3.6599336088e-06	0.00114189928595	0	3.6599336088e-06	3.6599336088e-06	0.000991842007986	6.22188713497e-05	1.09798008264e-05	3.6599336088e-06	1.09798008264e-05	3.6599336088e-06	0.000102478141047	0.000384293028924	6.22188713497e-05	0.00157743138539	0.000197636414875	0.000270835087052	2.19596016528e-05	1.09798008264e-05	0.000131757609917	2.19596016528e-05	0.000219596016528	6.22188713497e-05	0.000204956282093	2.92794688704e-05	0
0.00122973769256	0.000146397344352	0.00206054262176	0	1.46397344352e-05	0	0.000128097676308	0.00121143802451	0.00024521555179	0.000285474821487	4.75791369145e-05	0.000113457941873	3.29394024792e-05	3.6599336088e-06	0.00103576121129	7.31986721761e-06	0.00205688268815	0.00314754290357	0	0.000662447983194	2.19596016528e-05	0.0402995289665	0.00118947842286	0.0251254442244	0.000936943003854	2.56195352616e-05	0.000958902605507	0.00117483868843	0.00817995161568	0.00396370809834	0.0147019533066	0	2.19596016528e-05	0.00223255950137	0.00648906228841	0.000168356946005	4.75791369145e-05	8.05185393937e-05	0	6.22188713497e-05	0	8.41784730025e-05	0.00039893276336	9.51582738289e-05	0.00114555921956	6.58788049585e-05	3.6599336088e-06	5.85589377409e-05	3.6599336088e-06	7.68586057849e-05	3.6599336088e-06	0.00039893276336	7.31986721761e-06	7.31986721761e-06	3.6599336088e-06	1.09798008264e-05	0.000552649974929	0.00128097676308	0.000340373825619	0.00150057277961	3.6599336088e-06	3.29394024792e-05	0.000146397344352	0.001496912846	8.78384066113e-05	0.000351353626445	0	0	3.6599336088e-06	4.39192033057e-05	0.00177872773388	0.000717346987326	0.00366725347602	0.0014566535763	5.85589377409e-05	5.48990041321e-05	3.6599336088e-06	0.000281814887878	0.000117117875482	0.000120777809091	8.41784730025e-05	4.39192033057e-05	7.31986721761e-06	0
0.000117117875482	0.00448341867079	0.00204956282093	0	1.09798008264e-05	0	1.8299668044e-05	0.000146397344352	3.29394024792e-05	0.00238627671294	7.31986721761e-06	4.39192033057e-05	1.46397344352e-05	4.75791369145e-05	0.000139077477135	7.31986721761e-06	0.00624018680301	0.000387952962533	3.6599336088e-06	0.000150057277961	0	0.00118947842286	0.0248070300005	0.00329394024792	0.00367457334324	0.000373313228098	0.000893023800548	0.0103136929096	0.00121143802451	0.000340373825619	0.000534350306885	0	0	0.000252535419007	0.000775905925067	0.000109798008264	0.000559969842147	0.000362333427272	0	8.41784730025e-05	0	8.78384066113e-05	0.000373313228098	0.000106138074655	0.00196172441432	8.78384066113e-05	1.8299668044e-05	2.56195352616e-05	1.8299668044e-05	7.68586057849e-05	3.6599336088e-06	0.00273397040578	2.19596016528e-05	1.09798008264e-05	7.31986721761e-06	2.19596016528e-05	0.000940602937463	0.00784323772367	0.00218132043085	0.00201296348484	7.31986721761e-06	7.31986721761e-05	0.00231307804076	0.00151887244765	8.78384066113e-05	0.000325734091184	0	3.6599336088e-06	7.31986721761e-06	0.000124437742699	0.00129195656391	0.000699047319282	0.000516050638841	0.000417232431404	5.48990041321e-05	7.31986721761e-06	1.09798008264e-05	0.000534350306885	0.000303774489531	0.000204956282093	0.000124437742699	3.6599336088e-05	1.46397344352e-05	0
0.00312924323553	0.000768586057849	0.0204663487404	0	2.56195352616e-05	7.31986721761e-06	0.000387952962533	0.00250339458842	0.000680747651238	0.000190316547658	0.000113457941873	0.000417232431404	5.48990041321e-05	3.6599336088e-05	0.00217766049724	4.02592696968e-05	0.00405520643856	0.015053306933	4.02592696968e-05	0.00238627671294	5.48990041321e-05	0.0251254442244	0.00329394024792	0.0803172430452	0.00142371417382	4.02592696968e-05	0.00436996072891	0.0114519322619	0.00831902909281	0.00438826039696	0.0113384743201	0	5.85589377409e-05	0.00165794992479	0.00996599921677	0.000157377145179	0.00039893276336	0.000501410904406	0	0.000120777809091	0	0.000120777809091	0.000497750970797	0.000102478141047	0.000973542339942	0.000139077477135	1.8299668044e-05	3.6599336088e-05	1.8299668044e-05	7.31986721761e-05	0	0.0024521555179	0.000113457941873	1.8299668044e-05	2.92794688704e-05	2.56195352616e-05	0.0013724751033	0.00543134147547	0.00231673797437	0.00193976481267	1.8299668044e-05	0.000146397344352	0.00156279165096	0.00181532706997	0.000109798008264	0.000578269510191	0	0	3.6599336088e-06	0.000150057277961	0.00832634896003	0.00418330411486	0.0101819352997	0.00701975266169	0.000248875485399	0.000190316547658	7.31986721761e-05	0.000717346987326	0.000523370506059	0.000453831767492	0.000391612896142	4.39192033057e-05	1.8299668044e-05	3.6599336088e-06
0.000442851966665	0.000991842007986	0.000570949642973	0	0.00894853767353	1.8299668044e-05	0.00118215855564	0.00282912867961	0.000508730771624	0.00603889045453	0.00108700028181	0.000135417543526	0.00587785337574	2.19596016528e-05	0.00162501052231	0.000479451302753	0.00556309908538	0.000139077477135	1.46397344352e-05	8.41784730025e-05	0.00380633095316	0.000936943003854	0.00367457334324	0.00142371417382	0.0407423809332	5.48990041321e-05	0.000281814887878	0.00206054262176	0.0118106057556	0.00276324987465	0.00163965025674	3.6599336088e-06	2.92794688704e-05	0.00169454926088	0.00287304788291	0.000252535419007	0.000150057277961	8.41784730025e-05	0	0.00177140786666	0	0.00033671389201	0.00102844134407	0.000380633095316	0.00510194745067	0.0013322158336	2.92794688704e-05	0.0005819294438	1.46397344352e-05	0.000215936082919	2.92794688704e-05	0.000190316547658	4.02592696968e-05	7.31986721761e-06	3.6599336088e-06	0.000721006920934	0.000241555618181	0.00102844134407	0.000223255950137	0.0069428940559	1.8299668044e-05	4.39192033057e-05	0.000237895684572	0.00303042502809	0.000186656614049	0.00024521555179	0	3.6599336088e-06	3.6599336088e-06	0.000142737410743	0.001412734373	0.000355013560054	0.00131757609917	0.000457491701101	0.00104674101212	2.92794688704e-05	7.31986721761e-06	0.000505070838015	0.000120777809091	0.000259855286225	8.78384066113e-05	0.000230575817355	2.56195352616e-05	3.6599336088e-06
2.19596016528e-05	0.00161037078787	3.29394024792e-05	0	3.6599336088e-06	0	1.8299668044e-05	2.19596016528e-05	1.46397344352e-05	0.000117117875482	1.8299668044e-05	0.0017055290617	2.19596016528e-05	0.00528860406472	0.000106138074655	0	3.29394024792e-05	3.29394024792e-05	8.78384066113e-05	0.000237895684572	1.09798008264e-05	2.56195352616e-05	0.000373313228098	4.02592696968e-05	5.48990041321e-05	0.0113421342537	0.00360503460467	0.0032427011774	4.02592696968e-05	0.00018299668044	3.6599336088e-05	0.000362333427272	7.31986721761e-06	4.39192033057e-05	0.000311094356748	0	0.000863744331678	7.31986721761e-06	0	0	0	1.8299668044e-05	1.09798008264e-05	1.8299668044e-05	7.31986721761e-06	2.92794688704e-05	0.00129195656391	1.46397344352e-05	0.00241555618181	3.6599336088e-06	0	3.6599336088e-06	1.8299668044e-05	0.000139077477135	6.95387385673e-05	7.31986721761e-06	1.09798008264e-05	1.09798008264e-05	7.31986721761e-06	1.8299668044e-05	0.00177506780027	0.000505070838015	0.000955242671898	1.8299668044e-05	1.09798008264e-05	7.31986721761e-06	6.58788049585e-05	0	0	0.000179336746831	7.31986721761e-05	0.000340373825619	0.000289134755096	7.31986721761e-05	0	0	0.000150057277961	0.000113457941873	0.00173480853057	0.000351353626445	6.22188713497e-05	1.46397344352e-05	1.09798008264e-05	0.000267175153443
0.000845444663634	0.0049043110358	0.00820191121733	0	4.75791369145e-05	3.6599336088e-06	0.00018299668044	0.000439192033057	0.000241555618181	0.000201296348484	0.000226915883746	0.010412511117	0.000161037078787	0.00443217960026	0.00148593304517	1.8299668044e-05	0.00030743442314	0.00790179666141	0.00162867045592	0.0193098097201	0.000172016879614	0.000958902605507	0.000893023800548	0.00436996072891	0.000281814887878	0.00360503460467	0.0908358922369	0.0294185463476	0.000819825128372	0.00268273133525	0.00210446182506	0.00277422967547	6.22188713497e-05	0.000559969842147	0.00706367186499	2.56195352616e-05	0.00942066910906	0.00165063005757	0	5.12390705233e-05	0	8.41784730025e-05	0.000179336746831	9.51582738289e-05	0.000212276149311	0.000120777809091	0.00181898700358	2.92794688704e-05	0.00336347898649	5.12390705233e-05	0	0.000226915883746	0.00143835390826	0.00119679829008	0.00154083204931	2.19596016528e-05	0.000281814887878	0.000574609576582	0.000907663534983	0.000362333427272	0.0026607717336	0.00690995465342	0.0112908951832	0.00018299668044	5.48990041321e-05	0.000142737410743	0.000179336746831	3.6599336088e-06	0	0.000739306588978	0.0071075910683	0.00938406977297	0.00510560738428	0.00238993664655	3.29394024792e-05	3.29394024792e-05	0.000109798008264	0.000958902605507	0.00391612896142	0.00157377145179	0.000395272829751	2.92794688704e-05	1.46397344352e-05	0.000102478141047
0.000322074157575	0.0155327582358	0.0177689776707	0	1.8299668044e-05	3.6599336088e-06	8.05185393937e-05	0.000318414223966	9.14983402201e-05	0.000614868846279	5.85589377409e-05	0.00155547178374	3.29394024792e-05	0.00283644854682	0.000457491701101	7.31986721761e-06	0.00458223687822	0.00464811568318	0.000281814887878	0.00451635807326	3.29394024792e-05	0.00117483868843	0.0103136929096	0.0114519322619	0.00206054262176	0.0032427011774	0.0294185463476	0.0897452320215	0.00158475125261	0.00101380160964	0.00101014167603	0.000318414223966	3.29394024792e-05	0.000406252630577	0.00312558330192	4.75791369145e-05	0.00929257143275	0.00323904124379	0	6.95387385673e-05	0	0.000109798008264	0.000318414223966	0.000131757609917	0.000340373825619	0.000117117875482	0.000658788049585	2.19596016528e-05	0.00135783536887	9.51582738289e-05	3.6599336088e-06	0.00292794688704	0.00100648174242	0.000475791369145	0.000541670174103	3.6599336088e-06	0.00127365689586	0.00738208608896	0.00434068126004	0.000808845327546	0.00122241782534	0.00337079885371	0.011638588876	0.000622188713497	5.85589377409e-05	0.000285474821487	5.48990041321e-05	7.31986721761e-06	3.6599336088e-06	0.000402592696968	0.00841418736664	0.00657324076141	0.00377339155068	0.00379535115233	5.85589377409e-05	4.39192033057e-05	6.95387385673e-05	0.00100648174242	0.00284376841404	0.00105040094573	0.000461151634709	4.39192033057e-05	2.92794688704e-05	5.12390705233e-05
0.00310728363387	0.000296454622313	0.00233137770881	0	0.00376607168346	2.56195352616e-05	0.00285108828126	0.0226549890385	0.00176408799944	0.00324636111101	0.00768220064488	0.000289134755096	0.00142371417382	4.75791369145e-05	0.00504704844654	0.000223255950137	0.00200930355123	0.00121143802451	2.19596016528e-05	0.00039893276336	0.00226549890385	0.00817995161568	0.00121143802451	0.00831902909281	0.0118106057556	4.02592696968e-05	0.000819825128372	0.00158475125261	0.069428940559	0.0102880733743	0.0149837681944	3.6599336088e-06	7.31986721761e-05	0.00754312316775	0.0097281035322	0.000292794688704	4.75791369145e-05	0.000120777809091	0	0.00331223991597	0	0.000772245991458	0.00160671085427	0.000742966522587	0.00723568874461	0.00316950250522	3.29394024792e-05	0.00104308107851	1.09798008264e-05	0.000384293028924	3.29394024792e-05	0.00018299668044	4.39192033057e-05	3.6599336088e-06	3.6599336088e-06	0.00160671085427	0.000278154954269	0.000636828447932	0.000285474821487	0.0100245581545	7.31986721761e-06	2.92794688704e-05	0.000175676813223	0.00545696101073	0.000212276149311	0.000395272829751	3.6599336088e-06	7.31986721761e-06	7.31986721761e-06	0.000212276149311	0.00413572497795	0.000962562539116	0.00499946930963	0.00169454926088	0.00103210127768	8.41784730025e-05	3.6599336088e-05	0.00070270725289	0.000150057277961	0.000376973161707	0.000124437742699	0.000358673493663	5.85589377409e-05	7.31986721761e-06
0.0139150675807	0.00015371721157	0.00260953266308	0	0.00119679829008	0.000142737410743	0.0050287487785	0.0133733974066	0.00614868846279	0.000936943003854	0.00634266494406	0.00351719619806	0.00417232431404	0.000556309908538	0.0367164539635	0.000505070838015	0.000219596016528	0.00135417543526	0.000483111236362	0.00131391616556	0.00416500444682	0.00396370809834	0.000340373825619	0.00438826039696	0.00276324987465	0.00018299668044	0.00268273133525	0.00101380160964	0.0102880733743	0.0718591364753	0.023763948922	8.05185393937e-05	0.00194342474628	0.0236029118432	0.0305311661646	8.41784730025e-05	4.39192033057e-05	6.22188713497e-05	0	0.000914983402201	3.6599336088e-06	0.000289134755096	0.00049043110358	0.000300114555922	0.00178970753471	0.00094792280468	4.39192033057e-05	0.000329394024792	7.68586057849e-05	0.000168356946005	7.31986721761e-06	5.85589377409e-05	1.09798008264e-05	7.31986721761e-06	1.09798008264e-05	0.000450171833883	0.000120777809091	0.000179336746831	0.000109798008264	0.00319878197409	4.02592696968e-05	2.56195352616e-05	0.000161037078787	0.00158841118622	9.14983402201e-05	9.88182074377e-05	3.6599336088e-06	7.31986721761e-06	1.09798008264e-05	0.000102478141047	0.00588151330935	0.001412734373	0.0170296710818	0.00380999088677	0.00112725955151	0.000548990041321	0.000270835087052	0.000329394024792	0.000106138074655	0.000263515219834	0.000146397344352	0.000172016879614	5.48990041321e-05	1.8299668044e-05
0.0105076693909	0.00024521555179	0.00454197760853	0	0.000124437742699	3.6599336088e-06	0.000574609576582	0.00893023800548	0.00173480853057	0.000944262871072	0.000387952962533	0.000311094356748	0.000135417543526	4.02592696968e-05	0.00943896877711	6.95387385673e-05	0.000314754290357	0.00395638823112	5.48990041321e-05	0.00111261981708	0.000135417543526	0.0147019533066	0.000534350306885	0.0113384743201	0.00163965025674	3.6599336088e-05	0.00210446182506	0.00101014167603	0.0149837681944	0.023763948922	0.0514989258095	3.6599336088e-06	5.48990041321e-05	0.0141749228669	0.0122754173239	0.000124437742699	8.78384066113e-05	0.000124437742699	0	0.000391612896142	3.6599336088e-06	0.000193976481267	0.000556309908538	0.000226915883746	0.00165428999118	0.000420892365012	3.6599336088e-06	0.000212276149311	7.31986721761e-06	0.000146397344352	1.09798008264e-05	0.000131757609917	2.19596016528e-05	3.6599336088e-06	3.6599336088e-06	0.000128097676308	0.000252535419007	0.000303774489531	0.000179336746831	0.00247777505316	3.6599336088e-06	2.92794688704e-05	0.000215936082919	0.00154449198292	6.95387385673e-05	0.000201296348484	0	0	0	0.000102478141047	0.00290598728539	0.000830804929199	0.00546428087794	0.0019946638168	0.000150057277961	6.22188713497e-05	4.75791369145e-05	0.000333053958401	0.000124437742699	0.000193976481267	0.000102478141047	0.000128097676308	2.19596016528e-05	3.6599336088e-06
