6355	15	597	0	50	4	332	1309	1147	62	457	79	93	6	3929	38	16	219	8	86	141	336	32	855	121	6	231	88	849	3802	2871	2	20	552	796	7	8	10	0	72	0	19	33	12	134	69	2	18	1	10	0	9	1	1	1	33	18	26	10	207	1	2	22	120	8	14	0	0	0	9	205	63	555	185	31	10	4	30	8	19	10	12	3	0
15	6319	671	0	1	0	3	15	8	264	3	29	2	101	23	1	225	212	4	150	3	40	1225	210	271	440	1340	4244	81	42	67	7	1	19	105	3	1923	670	0	12	0	13	38	17	51	12	15	3	29	13	0	60	146	15	45	1	63	274	240	77	34	277	1833	41	5	27	2	0	0	31	269	283	83	61	7	0	0	133	264	81	34	1	2	1
597	671	13039	0	2	1	59	240	114	31	14	53	7	8	429	6	201	1999	4	378	9	563	560	5592	156	9	2241	4855	637	713	1241	1	10	169	719	12	434	492	0	10	0	20	67	22	48	31	8	4	6	16	0	469	79	5	11	4	241	1131	787	153	2	85	1279	124	4	61	0	0	0	33	1588	1045	1040	1016	22	19	11	162	332	93	72	6	3	2
0	0	0	0	0	0	0	0	0	0	0	0	0	0	0	0	0	0	0	0	0	0	0	0	0	0	0	0	0	0	0	0	0	0	0	0	0	0	0	0	0	0	0	0	0	0	0	0	0	0	0	0	0	0	0	0	0	0	0	0	0	0	0	0	0	0	0	0	0	0	0	0	0	0	0	0	0	0	0	0	0	0	0	0
50	1	2	0	5920	4	212	657	72	143	728	18	1081	1	221	49	0	1	2	7	1712	4	3	7	2445	1	13	5	1029	327	34	1	2	133	221	5	0	3	0	1647	1	152	41	109	483	1480	10	494	7	32	8	2	2	0	1	1807	1	4	1	640	1	4	3	708	16	3	1	1	1	25	63	4	128	25	115	2	3	44	4	71	17	50	10	2
4	0	1	0	4	824	445	4	177	4	3	0	3	1	64	186	0	1	0	1	1	0	0	2	5	0	1	1	7	39	1	0	257	2	49	0	0	0	0	0	0	0	0	1	1	1	0	0	0	1	0	0	0	0	0	0	0	0	0	1	0	0	0	1	0	0	0	0	0	1	37	1	23	14	277	34	1	0	0	2	2	1	1	0
332	3	59	0	212	445	9598	1430	2268	75	2872	67	2183	13	1705	874	4	13	11	25	508	35	5	106	323	5	50	22	779	1374	157	0	288	232	650	1	0	0	0	86	0	8	11	8	108	93	0	14	3	2	0	2	0	0	0	55	2	2	1	151	0	0	1	113	1	0	1	0	0	3	190	40	418	109	746	57	13	7	2	8	6	2	3	0
1309	15	240	0	657	4	1430	13260	1198	248	2521	102	409	11	1987	88	27	81	19	68	230	331	40	684	773	6	120	87	6190	3654	2440	1	25	2474	2270	10	9	6	0	727	1	90	91	77	936	691	7	161	4	28	3	6	1	1	0	372	16	25	17	1352	1	0	18	813	12	13	0	1	1	19	546	103	1188	314	201	31	8	46	11	39	11	38	3	4
1147	8	114	0	72	177	2268	1198	7024	25	1112	53	322	11	3659	162	6	39	6	30	185	67	9	186	139	4	66	25	482	1680	474	1	450	222	683	3	0	4	0	60	0	11	18	6	80	69	0	20	0	4	0	5	0	0	0	35	5	12	7	131	0	0	8	79	2	6	0	0	0	8	179	56	533	199	206	147	17	11	2	16	14	5	5	2
62	264	31	0	143	4	75	248	25	4301	40	8	537	4	125	119	165	12	3	11	77	78	652	52	1650	32	55	168	887	256	258	0	2	199	284	26	11	9	0	175	0	37	113	46	996	106	4	67	1	33	7	14	2	0	0	78	17	56	19	779	1	6	20	325	21	24	0	0	2	15	245	23	113	35	464	1	2	62	10	25	9	20	3	2
457	3	14	0	728	3	2872	2521	1112	40	9177	112	826	18	1539	76	3	9	12	38	969	13	2	31	297	5	62	16	2099	1733	106	2	17	691	1025	5	2	1	0	201	1	54	19	44	209	609	5	153	4	13	0	1	1	0	0	447	2	3	3	296	2	2	3	231	8	2	0	0	0	10	159	45	632	112	92	15	7	20	3	30	11	23	8	1
79	29	53	0	18	0	67	102	53	8	112	8009	88	2107	525	6	16	146	1079	1272	83	31	12	114	37	466	2845	425	79	961	85	314	36	146	2146	2	37	8	0	10	0	6	8	6	16	15	199	5	341	2	0	5	8	24	19	7	5	5	12	35	112	82	115	23	2	5	10	1	1	35	397	1077	1188	191	8	6	72	21	352	62	17	5	0	26
93	2	7	0	1081	3	2183	409	322	537	826	88	8989	8	1142	384	0	7	13	30	2640	9	4	15	1606	6	44	9	389	1140	37	1	20	125	624	5	2	1	0	246	1	442	25	350	116	1007	11	1831	5	79	5	0	1	0	2	991	5	2	7	189	1	0	3	119	38	0	1	15	1	40	134	21	350	56	587	6	6	55	6	90	26	129	14	0
6	101	8	0	1	1	13	11	11	4	18	2107	8	4936	82	0	1	8	82	91	6	1	13	10	6	1445	1211	775	13	152	11	269	12	20	280	1	92	1	0	0	0	5	5	6	1	4	296	5	511	3	0	2	6	47	21	1	3	0	6	6	225	113	152	4	2	2	13	1	1	48	73	426	254	58	1	2	96	28	462	88	25	5	7	53
3929	23	429	0	221	64	1705	1987	3659	125	1539	525	1142	82	13860	180	25	183	66	190	986	283	38	595	444	29	406	125	1379	10032	2579	15	452	1895	3744	11	5	7	0	137	0	34	53	29	225	132	6	41	13	22	0	10	0	1	1	64	16	28	14	413	6	2	22	235	13	11	1	0	1	17	787	212	2341	512	317	160	40	48	13	46	23	28	8	4
38	1	6	0	49	186	874	88	162	119	76	6	384	0	180	1819	0	0	3	5	49	2	2	11	131	0	5	2	61	138	19	0	13	16	43	0	0	0	0	10	0	2	1	0	20	10	0	3	0	0	1	0	0	0	0	7	0	1	0	20	0	0	0	11	0	0	0	0	0	0	221	2	34	10	1153	7	0	0	0	0	0	0	0	0
16	225	201	0	0	0	4	27	6	165	3	16	0	1	25	0	4461	61	2	21	0	562	1705	1108	1520	9	84	1252	549	60	86	1	1	47	163	31	27	24	0	9	0	12	83	18	385	12	2	2	1	16	0	276	5	2	2	1	158	656	176	390	1	12	74	378	20	77	0	0	3	17	254	127	120	104	5	3	1	78	47	28	14	6	1	0
219	212	1999	0	1	1	13	81	39	12	9	146	7	8	183	0	61	7405	11	1944	8	860	106	4113	38	9	2159	1270	331	370	1081	0	3	115	1548	3	156	140	0	5	0	5	17	3	15	9	5	0	4	2	0	26	37	3	15	0	30	80	103	33	7	82	291	32	1	15	0	0	0	13	636	563	845	487	5	5	7	37	148	32	24	1	0	0
8	4	4	0	2	0	11	19	6	3	12	1079	13	82	66	3	2	11	1525	776	17	0	1	11	4	24	445	77	6	132	15	24	8	25	259	0	6	0	0	3	0	1	1	0	6	2	21	2	34	0	0	0	1	10	5	2	0	0	0	8	10	11	18	6	0	0	2	0	0	5	87	154	160	26	2	2	5	2	28	7	0	0	0	3
86	150	378	0	7	1	25	68	30	11	38	1272	30	91	190	5	21	1944	776	7648	23	181	41	652	23	65	5276	1234	109	359	304	28	12	97	1583	2	204	51	0	3	0	8	11	8	14	7	47	2	61	2	0	10	56	32	57	2	17	31	48	28	51	177	288	18	4	11	2	0	0	23	704	803	876	356	4	3	10	36	124	51	21	1	2	2
141	3	9	0	1712	1	508	230	185	77	969	83	2640	6	986	49	0	8	17	23	5895	6	0	15	1040	3	47	9	619	1138	37	1	11	270	706	3	1	1	0	618	1	222	26	156	226	976	7	894	5	45	5	1	1	0	1	1287	1	2	1	312	0	1	1	271	17	3	1	3	1	28	105	17	431	54	74	6	3	36	6	60	17	56	8	0
336	40	563	0	4	0	35	331	67	78	13	31	9	1	283	2	562	860	0	181	6	11011	325	6865	256	7	262	321	2235	1083	4017	0	6	610	1773	46	13	22	0	17	0	23	109	26	313	18	1	16	1	21	1	109	2	2	1	3	151	350	93	410	1	9	40	409	24	96	0	0	1	12	486	196	1002	398	16	15	1	77	32	33	23	12	2	0
32	1225	560	0	3	0	5	40	9	652	2	12	4	13	38	2	1705	106	1	41	0	325	6778	900	1004	102	244	2818	331	93	146	0	0	69	212	30	153	99	0	23	0	24	102	29	536	24	5	7	5	21	1	747	6	3	2	6	257	2143	596	550	2	20	632	415	24	89	0	1	2	34	353	191	141	114	15	2	3	146	83	56	34	10	4	0
855	210	5592	0	7	2	106	684	186	52	31	114	15	10	595	11	1108	4113	11	652	15	6865	900	21945	389	11	1194	3129	2273	1199	3098	0	16	453	2723	43	109	137	0	33	0	33	136	28	266	38	5	10	5	20	0	670	31	5	8	7	375	1484	633	530	5	40	427	496	30	158	0	0	1	41	2275	1143	2782	1918	68	52	20	196	143	124	107	12	5	1
121	271	156	0	2445	5	323	773	139	1650	297	37	1606	6	444	131	1520	38	4	23	1040	256	1004	389	11132	15	77	563	3227	755	448	1	8	463	785	69	41	23	0	484	0	92	281	104	1394	364	8	159	4	59	8	52	11	2	1	197	66	281	61	1897	5	12	65	828	51	67	0	1	1	39	386	97	360	125	286	8	2	138	33	71	24	63	7	1
6	440	9	0	1	0	5	6	4	32	5	466	6	1445	29	0	9	9	24	65	3	7	102	11	15	3099	985	886	11	50	10	99	2	12	85	0	236	2	0	0	0	5	3	5	2	8	353	4	660	1	0	1	5	38	19	2	3	3	2	5	485	138	261	5	3	2	18	0	0	49	20	93	79	20	0	0	41	31	474	96	17	4	3	73
231	1340	2241	0	13	1	50	120	66	55	62	2845	44	1211	406	5	84	2159	445	5276	47	262	244	1194	77	985	24819	8038	224	733	575	758	17	153	1930	7	2574	451	0	14	0	23	49	26	58	33	497	8	919	14	0	62	393	327	421	6	77	157	248	99	727	1888	3085	50	15	39	49	1	0	202	1942	2564	1395	653	9	9	30	262	1070	430	108	8	4	28
88	4244	4855	0	5	1	22	87	25	168	16	425	9	775	125	2	1252	1270	77	1234	9	321	2818	3129	563	886	8038	24521	433	277	276	87	9	111	854	13	2539	885	0	19	0	30	87	36	93	32	180	6	371	26	1	800	275	130	148	1	348	2017	1186	221	334	921	3180	170	16	78	15	2	1	110	2299	1796	1031	1037	16	12	19	275	777	287	126	12	8	14
849	81	637	0	1029	7	779	6190	482	887	2099	79	389	13	1379	61	549	331	6	109	619	2235	331	2273	3227	11	224	433	18970	2811	4094	1	20	2061	2658	80	13	33	0	905	0	211	439	203	1977	866	9	285	3	105	9	50	12	1	1	439	76	174	78	2739	2	8	48	1491	58	108	1	2	2	58	1130	263	1366	463	282	23	10	192	41	103	34	98	16	2
3802	42	713	0	327	39	1374	3654	1680	256	1733	961	1140	152	10032	138	60	370	132	359	1138	1083	93	1199	755	50	733	277	2811	19634	6493	22	531	6449	8342	23	12	17	0	250	1	79	134	82	489	259	12	90	21	46	2	16	3	2	3	123	33	49	30	874	11	7	44	434	25	27	1	2	3	28	1607	386	4653	1041	308	150	74	90	29	72	40	47	15	5
2871	67	1241	0	34	1	157	2440	474	258	106	85	37	11	2579	19	86	1081	15	304	37	4017	146	3098	448	10	575	276	4094	6493	14071	1	15	3873	3354	34	24	34	0	107	1	53	152	62	452	115	1	58	2	40	3	36	6	1	1	35	69	83	49	677	1	8	59	422	19	55	0	0	0	28	794	227	1493	545	41	17	13	91	34	53	28	35	6	1
2	7	1	0	1	0	0	1	1	0	2	314	1	269	15	0	1	0	24	28	1	0	0	0	1	99	758	87	1	22	1	788	0	1	36	0	20	0	0	0	0	0	0	0	0	1	52	1	92	0	0	1	3	12	6	1	0	0	1	0	33	20	37	0	0	1	3	1	0	8	24	70	32	7	0	0	2	4	66	15	1	1	0	1
20	1	10	0	2	257	288	25	450	2	17	36	20	12	452	13	1	3	8	12	11	6	0	16	8	2	17	9	20	531	15	0	1176	46	483	1	0	1	0	5	0	1	2	3	9	4	0	3	0	3	0	0	0	0	0	1	1	0	1	13	0	0	1	6	1	0	0	0	0	3	67	27	242	104	15	112	7	4	0	5	8	2	3	2
552	19	169	0	133	2	232	2474	222	199	691	146	125	20	1895	16	47	115	25	97	270	610	69	453	463	12	153	111	2061	6449	3873	1	46	7619	5002	19	6	10	0	142	1	51	114	59	387	139	4	69	6	35	2	8	2	1	1	62	26	33	21	603	1	4	22	294	20	26	0	2	2	14	966	202	2279	624	39	47	22	60	11	35	20	27	6	1
796	105	719	0	221	49	650	2270	683	284	1025	2146	624	280	3744	43	163	1548	259	1583	706	1773	212	2723	785	85	1930	854	2658	8342	3354	36	483	5002	17354	27	66	35	0	177	1	79	170	97	541	178	23	87	41	54	2	67	12	7	11	82	82	165	83	875	23	36	131	464	29	56	1	2	2	46	2632	1035	8154	1890	124	278	99	130	77	112	80	46	19	8
7	3	12	0	5	0	1	10	3	26	5	2	5	1	11	0	31	3	0	2	3	46	30	43	69	0	7	13	80	23	34	0	1	19	27	2986	8	46	0	92	0	87	1022	121	166	177	10	44	6	1232	3	16	46	3	17	35	126	43	89	635	0	19	26	402	1382	690	0	1	54	148	8	0	15	7	0	0	0	166	46	159	69	21	15	0
8	1923	434	0	0	0	0	9	0	11	2	37	2	92	5	0	27	156	6	204	1	13	153	109	41	236	2574	2539	13	12	24	20	0	6	66	8	7736	700	0	77	0	29	54	36	711	35	119	37	225	24	4	104	458	81	168	10	79	1241	279	724	854	1212	4665	64	14	48	7	0	0	167	133	157	51	42	1	0	0	330	482	399	123	9	7	8
10	670	492	0	3	0	0	6	4	9	1	8	1	1	7	0	24	140	0	51	1	22	99	137	23	2	451	885	33	17	34	0	1	10	35	46	700	9626	0	19	0	237	795	291	72	328	52	16	12	201	2	78	1567	30	221	6	972	202	3088	257	10	2166	3394	446	49	767	1	3	2	315	74	74	50	62	2	0	0	1027	891	635	291	31	26	4
0	0	0	0	0	0	0	0	0	0	0	0	0	0	0	0	0	0	0	0	0	0	0	0	0	0	0	0	0	0	0	0	0	0	0	0	0	0	0	0	0	0	0	0	0	0	0	0	0	0	0	0	0	0	0	0	0	0	0	0	0	0	0	0	0	0	0	0	0	0	0	0	0	0	0	0	0	0	0	0	0	0	0	0
72	12	10	0	1647	0	86	727	60	175	201	10	246	0	137	10	9	5	3	3	618	17	23	33	484	0	14	19	905	250	107	0	5	142	177	92	77	19	0	8732	4	634	678	499	2400	3899	30	1407	14	241	52	19	8	3	5	3299	32	164	40	5793	6	18	84	4391	117	29	0	13	5	124	84	13	90	20	67	2	3	255	28	260	79	187	38	2
0	0	0	0	1	0	0	1	0	0	1	0	1	0	0	0	0	0	0	0	1	0	0	0	0	0	0	0	0	1	1	0	0	1	1	0	0	0	0	4	268	81	3	53	2	8	0	7	1	2	48	2	0	0	0	4	1	0	1	8	0	0	1	5	0	1	0	65	0	4	0	0	1	1	0	0	0	4	0	18	8	55	113	0
19	13	20	0	152	0	8	90	11	37	54	6	442	5	34	2	12	5	1	8	222	23	24	33	92	5	23	30	211	79	53	0	1	51	79	87	29	237	0	634	81	13894	2499	8438	505	6263	83	3370	42	1358	224	24	272	12	66	1177	309	52	440	1883	2	95	121	1699	368	607	1	244	5	497	32	9	52	24	8	2	12	551	88	1025	353	1261	343	13
33	38	67	0	41	0	11	91	18	113	19	8	25	5	53	1	83	17	1	11	26	109	102	136	281	3	49	87	439	134	152	0	2	114	170	1022	54	795	0	678	3	2499	17871	3179	725	4760	83	344	33	3362	21	92	512	19	125	173	1842	210	1288	4656	4	183	281	6302	783	3730	1	21	30	652	66	22	76	52	4	3	2	924	220	970	415	251	103	13
12	17	22	0	109	1	8	77	6	46	44	6	350	6	29	0	18	3	0	8	156	26	29	28	104	5	26	36	203	82	62	0	3	59	97	121	36	291	0	499	53	8438	3179	13332	330	4932	113	2101	54	3737	91	31	361	19	96	958	410	70	577	1793	5	121	163	1390	595	836	3	368	5	659	31	9	58	30	5	4	14	638	118	1285	415	1424	346	15
134	51	48	0	483	1	108	936	80	996	209	16	116	1	225	20	385	15	6	14	226	313	536	266	1394	2	58	93	1977	489	452	0	9	387	541	166	711	72	0	2400	2	505	725	330	9591	1766	22	1429	19	172	320	70	52	5	16	1205	86	1827	86	7545	73	75	626	2836	118	206	0	2	9	105	299	62	222	74	114	6	6	553	124	200	75	171	20	2
69	12	31	0	1480	1	93	691	69	106	609	15	1007	4	132	10	12	9	2	7	976	18	24	38	364	8	33	32	866	259	115	1	4	139	178	177	35	328	0	3899	8	6263	4760	4932	1766	20511	130	4948	65	1876	51	30	236	13	66	4919	390	66	468	4478	8	103	146	6130	504	674	4	77	8	583	96	19	105	38	52	4	8	779	123	1179	348	786	130	10
2	15	8	0	10	0	0	7	0	4	5	199	11	296	6	0	2	5	21	47	7	1	5	5	8	353	497	180	9	12	1	52	0	4	23	10	119	52	0	30	0	83	83	113	22	130	7282	67	2055	58	2	10	224	1103	1137	47	70	18	119	102	384	781	461	99	93	49	26	1	1	1986	9	30	17	6	0	0	6	338	910	2287	312	29	11	442
18	3	4	0	494	0	14	161	20	67	153	5	1831	5	41	3	2	0	2	2	894	16	7	10	159	4	8	6	285	90	58	1	3	69	87	44	37	16	0	1407	7	3370	344	2101	1429	4948	67	10557	32	555	340	7	11	6	7	3395	29	74	40	2343	6	17	45	1095	255	29	0	58	2	264	45	5	43	13	23	3	5	451	37	654	164	819	100	4
1	29	6	0	7	0	3	4	0	1	4	341	5	511	13	0	1	4	34	61	5	1	5	5	4	660	919	371	3	21	2	92	0	6	41	6	225	12	0	14	1	42	33	54	19	65	2055	32	6270	29	0	6	18	112	44	21	13	24	29	69	1032	600	1562	49	32	18	245	1	0	590	16	57	35	7	0	0	5	161	1128	1057	174	27	8	357
10	13	16	0	32	1	2	28	4	33	13	2	79	3	22	0	16	2	0	2	45	21	21	20	59	1	14	26	105	46	40	0	3	35	54	1232	24	201	0	241	2	1358	3362	3737	172	1876	58	555	29	8392	13	19	232	9	64	300	317	48	368	1056	3	72	87	798	1781	695	0	58	39	325	20	11	37	21	1	3	8	306	63	582	190	324	82	6
0	0	0	0	8	0	0	3	0	7	0	0	5	0	0	1	0	0	0	0	5	1	1	0	8	0	0	1	9	2	3	0	0	2	2	3	4	2	0	52	48	224	21	91	320	51	2	340	0	13	959	2	3	0	1	40	7	9	10	148	1	1	6	43	6	9	0	5	0	7	3	0	2	0	2	0	0	85	6	26	9	83	14	0
9	60	469	0	2	0	2	6	5	14	1	5	0	2	10	0	276	26	0	10	1	109	747	670	52	1	62	800	50	16	36	1	0	8	67	16	104	78	0	19	2	24	92	31	70	30	10	7	6	19	2	6410	24	6	16	9	664	2812	1339	1575	8	29	1320	994	25	186	0	1	3	91	72	39	76	60	2	2	0	587	296	165	108	12	21	0
1	146	79	0	2	0	0	1	0	2	1	8	1	6	0	0	5	37	1	56	1	2	6	31	11	5	393	275	12	3	6	3	0	2	12	46	458	1567	0	8	0	272	512	361	52	236	224	11	18	232	3	24	6248	125	1724	7	382	69	2513	110	18	1581	1020	84	48	590	0	1	3	714	25	29	18	20	0	0	0	439	612	729	224	20	5	4
1	15	5	0	0	0	0	1	0	0	0	24	0	47	1	0	2	3	10	32	0	2	3	5	2	38	327	130	1	2	1	12	0	1	7	3	81	30	0	3	0	12	19	19	5	13	1103	6	112	9	0	6	125	2287	747	3	22	6	51	15	61	572	210	14	14	17	2	0	0	239	2	5	9	3	0	0	1	170	227	456	113	3	3	4
1	45	11	0	1	0	0	0	0	0	0	19	2	21	1	0	2	15	5	57	1	1	2	8	1	19	421	148	1	3	1	6	0	1	11	17	168	221	0	5	0	66	125	96	16	66	1137	7	44	64	1	16	1724	747	4410	6	114	24	348	49	30	862	518	31	29	166	3	2	0	678	5	13	7	8	0	0	0	391	403	873	198	16	6	2
33	1	4	0	1807	0	55	372	35	78	447	7	991	1	64	7	1	0	2	2	1287	3	6	7	197	2	6	1	439	123	35	1	1	62	82	35	10	6	0	3299	4	1177	173	958	1205	4919	47	3395	21	300	40	9	7	3	6	7737	16	20	18	2137	2	10	15	2090	149	16	1	23	1	168	85	5	51	13	59	3	4	244	17	391	103	362	49	5
18	63	241	0	1	0	2	16	5	17	2	5	5	3	16	0	158	30	0	17	1	151	257	375	66	3	77	348	76	33	69	0	1	26	82	126	79	972	0	32	1	309	1842	410	86	390	70	29	13	317	7	664	382	22	114	16	12609	744	6150	730	5	198	623	2840	473	4723	0	4	22	1536	62	31	78	85	1	0	2	1157	466	1357	702	54	46	1
26	274	1131	0	4	0	2	25	12	56	3	5	2	0	28	1	656	80	0	31	2	350	2143	1484	281	3	157	2017	174	49	83	0	0	33	165	43	1241	202	0	164	0	52	210	70	1827	66	18	74	24	48	9	2812	69	6	24	20	744	9326	1707	2693	104	123	2350	775	66	301	1	1	3	109	190	110	126	94	3	3	2	559	328	201	112	29	10	2
10	240	787	0	1	0	1	17	7	19	3	12	7	6	14	0	176	103	0	48	1	93	596	633	61	2	248	1186	78	30	49	1	1	21	83	89	279	3088	0	40	1	440	1288	577	86	468	119	40	29	368	10	1339	2513	51	348	18	6150	1707	16548	564	12	618	2787	1017	130	1873	0	8	13	1239	109	77	124	161	1	1	5	2151	971	1515	847	65	70	4
207	77	153	0	640	1	151	1352	131	779	296	35	189	6	413	20	390	33	8	28	312	410	550	530	1897	5	99	221	2739	874	677	0	13	603	875	635	724	257	0	5793	8	1883	4656	1793	7545	4478	102	2343	69	1056	148	1575	110	15	49	2137	730	2693	564	23614	74	122	1031	10627	641	700	2	35	24	562	374	79	393	123	121	11	6	1746	310	1131	404	673	145	12
1	34	2	0	1	0	0	1	0	1	2	112	1	225	6	0	1	7	10	51	0	1	2	5	5	485	727	334	2	11	1	33	0	1	23	0	854	10	0	6	0	2	4	5	73	8	384	6	1032	3	1	8	18	61	30	2	5	104	12	74	2550	240	1223	7	4	5	21	0	0	82	10	22	17	3	0	0	2	44	245	190	42	2	2	154
2	277	85	0	4	0	0	0	0	6	2	82	0	113	2	0	12	82	11	177	1	9	20	40	12	138	1888	921	8	7	8	20	0	4	36	19	1212	2166	0	18	0	95	183	121	75	103	781	17	600	72	1	29	1581	572	862	10	198	123	618	122	240	10880	2542	83	35	197	61	1	1	579	55	83	38	26	0	0	2	633	960	1208	339	15	20	3
22	1833	1279	0	3	0	1	18	8	20	3	115	3	152	22	0	74	291	18	288	1	40	632	427	65	261	3085	3180	48	44	59	37	1	22	131	26	4665	3394	0	84	1	121	281	163	626	146	461	45	1562	87	6	1320	1020	210	518	15	623	2350	2787	1031	1223	2542	23895	358	53	313	148	2	3	798	203	210	152	156	1	0	4	2304	1764	1843	663	57	50	17
120	41	124	0	708	1	113	813	79	325	231	23	119	4	235	11	378	32	6	18	271	409	415	496	828	5	50	170	1491	434	422	0	6	294	464	402	64	446	0	4391	5	1699	6302	1390	2836	6130	99	1095	49	798	43	994	84	14	31	2090	2840	775	1017	10627	7	83	358	20240	467	1433	3	32	20	517	249	60	223	77	65	4	2	1170	225	978	364	399	105	6
8	5	4	0	16	0	1	12	2	21	8	2	38	2	13	0	20	1	0	4	17	24	24	30	51	3	15	16	58	25	19	0	1	20	29	1382	14	49	0	117	0	368	783	595	118	504	93	255	32	1781	6	25	48	14	29	149	473	66	130	641	4	35	53	467	5114	1472	0	138	175	551	6	3	17	5	0	0	2	214	78	447	117	125	28	1
14	27	61	0	3	0	0	13	6	24	2	5	0	2	11	0	77	15	0	11	3	96	89	158	67	2	39	78	108	27	55	1	0	26	56	690	48	767	0	29	1	607	3730	836	206	674	49	29	18	695	9	186	590	17	166	16	4723	301	1873	700	5	197	313	1433	1472	11009	0	8	62	1506	29	16	37	43	3	0	2	679	288	1170	491	56	58	2
0	2	0	0	1	0	1	0	0	0	0	10	1	13	1	0	0	0	2	2	1	0	0	0	0	18	49	15	1	1	0	3	0	0	1	0	7	1	0	0	0	1	1	3	0	4	26	0	245	0	0	0	0	2	3	1	0	1	0	2	21	61	148	3	0	0	285	0	0	17	0	2	1	1	0	0	0	6	37	39	7	0	0	0
0	0	0	0	1	0	0	1	0	0	0	1	15	1	0	0	0	0	0	0	3	0	1	0	1	0	1	2	2	2	0	1	0	2	2	1	0	3	0	13	65	244	21	368	2	77	1	58	1	58	5	1	1	0	2	23	4	1	8	35	0	1	2	32	138	8	0	781	0	76	0	1	3	3	0	0	0	32	6	75	34	148	140	0
0	0	0	0	1	0	0	1	0	2	0	1	1	1	1	0	3	0	0	0	1	1	2	1	1	0	0	1	2	3	0	0	0	2	2	54	0	2	0	5	0	5	30	5	9	8	1	2	0	39	0	3	3	0	0	1	22	3	13	24	0	1	3	20	175	62	0	0	308	137	1	0	3	1	0	0	0	11	2	30	7	1	1	0
9	31	33	0	25	1	3	19	8	15	10	35	40	48	17	0	17	13	5	23	28	12	34	41	39	49	202	110	58	28	28	8	3	14	46	148	167	315	0	124	4	497	652	659	105	583	1986	264	590	325	7	91	714	239	678	168	1536	109	1239	562	82	579	798	517	551	1506	17	76	137	8868	20	33	49	49	1	6	19	602	514	5099	787	205	277	122
205	269	1588	0	63	37	190	546	179	245	159	397	134	73	787	221	254	636	87	704	105	486	353	2275	386	20	1942	2299	1130	1607	794	24	67	966	2632	8	133	74	0	84	0	32	66	31	299	96	9	45	16	20	3	72	25	2	5	85	62	190	109	374	10	55	203	249	6	29	0	0	1	20	12810	4543	2278	1512	637	81	72	118	88	46	34	8	2	2
63	283	1045	0	4	1	40	103	56	23	45	1077	21	426	212	2	127	563	154	803	17	196	191	1143	97	93	2564	1796	263	386	227	70	27	202	1035	0	157	74	0	13	0	9	22	9	62	19	30	5	57	11	0	39	29	5	13	5	31	110	77	79	22	83	210	60	3	16	2	1	0	33	4543	8559	1166	1068	11	40	213	77	130	70	68	6	7	8
555	83	1040	0	128	23	418	1188	533	113	632	1188	350	254	2341	34	120	845	160	876	431	1002	141	2782	360	79	1395	1031	1366	4653	1493	32	242	2279	8154	15	51	50	0	90	1	52	76	58	222	105	17	43	35	37	2	76	18	9	7	51	78	126	124	393	17	38	152	223	17	37	1	3	3	49	2278	1166	12675	4280	142	293	244	153	73	166	153	32	24	10
185	61	1016	0	25	14	109	314	199	35	112	191	56	58	512	10	104	487	26	356	54	398	114	1918	125	20	653	1037	463	1041	545	7	104	624	1890	7	42	62	0	20	1	24	52	30	74	38	6	13	7	21	0	60	20	3	8	13	85	94	161	123	3	26	156	77	5	43	1	3	1	49	1512	1068	4280	6309	105	206	164	194	66	202	208	23	22	4
31	7	22	0	115	277	746	201	206	464	92	8	587	1	317	1153	5	5	2	4	74	16	15	68	286	0	9	16	282	308	41	0	15	39	124	0	1	2	0	67	0	8	4	5	114	52	0	23	0	1	2	2	0	0	0	59	1	3	1	121	0	0	1	65	0	3	0	0	0	1	637	11	142	105	2960	22	1	4	0	3	1	2	0	0
10	0	19	0	2	34	57	31	147	1	15	6	6	2	160	7	3	5	2	3	6	15	2	52	8	0	9	12	23	150	17	0	112	47	278	0	0	0	0	2	0	2	3	4	6	4	0	3	0	3	0	2	0	0	0	3	0	3	1	11	0	0	0	4	0	0	0	0	0	6	81	40	293	206	22	495	11	5	2	7	8	2	2	1
4	0	11	0	3	1	13	8	17	2	7	72	6	96	40	0	1	7	5	10	3	1	3	20	2	41	30	19	10	74	13	2	7	22	99	0	0	0	0	3	0	12	2	14	6	8	6	5	5	8	0	0	0	1	0	4	2	2	5	6	2	2	4	2	2	2	0	0	0	19	72	213	244	164	1	11	468	10	10	32	30	7	14	12
30	133	162	0	44	0	7	46	11	62	20	21	55	28	48	0	78	37	2	36	36	77	146	196	138	31	262	275	192	90	91	4	4	60	130	166	330	1027	0	255	4	551	924	638	553	779	338	451	161	306	85	587	439	170	391	244	1157	559	2151	1746	44	633	2304	1170	214	679	6	32	11	602	118	77	153	194	4	5	10	13432	2248	2548	1419	1343	273	20
8	264	332	0	4	0	2	11	2	10	3	352	6	462	13	0	47	148	28	124	6	32	83	143	33	474	1070	777	41	29	34	66	0	11	77	46	482	891	0	28	0	88	220	118	124	123	910	37	1128	63	6	296	612	227	403	17	466	328	971	310	245	960	1764	225	78	288	37	6	2	514	88	130	73	66	0	2	10	2248	8799	1410	376	63	34	215
19	81	93	0	71	2	8	39	16	25	30	62	90	88	46	0	28	32	7	51	60	33	56	124	71	96	430	287	103	72	53	15	5	35	112	159	399	635	0	260	18	1025	970	1285	200	1179	2287	654	1057	582	26	165	729	456	873	391	1357	201	1515	1131	190	1208	1843	978	447	1170	39	75	30	5099	46	70	166	202	3	7	32	2548	1410	13663	3771	876	576	187
10	34	72	0	17	2	6	11	14	9	11	17	26	25	23	0	14	24	0	21	17	23	34	107	24	17	108	126	34	40	28	1	8	20	80	69	123	291	0	79	8	353	415	415	75	348	312	164	174	190	9	108	224	113	198	103	702	112	847	404	42	339	663	364	117	491	7	34	7	787	34	68	153	208	1	8	30	1419	376	3771	4802	268	365	17
12	1	6	0	50	1	2	38	5	20	23	5	129	5	28	0	6	1	0	1	56	12	10	12	63	4	8	12	98	47	35	1	2	27	46	21	9	31	0	187	55	1261	251	1424	171	786	29	819	27	324	83	12	20	3	16	362	54	29	65	673	2	15	57	399	125	56	0	148	1	205	8	6	32	23	2	2	7	1343	63	876	268	3628	326	11
3	2	3	0	10	1	3	3	5	3	8	0	14	7	8	0	1	0	0	2	8	2	4	5	7	3	4	8	16	15	6	0	3	6	19	15	7	26	0	38	113	343	103	346	20	130	11	100	8	82	14	21	5	3	6	49	46	10	70	145	2	20	50	105	28	58	0	140	1	277	2	7	24	22	0	2	14	273	34	576	365	326	1343	15
0	1	2	0	2	0	0	4	2	2	1	26	0	53	4	0	0	0	3	2	0	0	0	1	1	73	28	14	2	5	1	1	2	1	8	0	8	4	0	2	0	13	13	15	2	10	442	4	357	6	0	0	4	4	2	5	1	2	4	12	154	3	17	6	1	2	0	0	0	122	2	8	10	4	0	1	12	20	215	187	17	11	15	729
