0.00870664508862	9.83801704928e-06	1.47570255739e-05	0	4.42710767218e-05	9.83801704928e-06	0.00021151736656	0.00240539516855	0.000723094253122	7.37851278696e-05	0.000270545468855	0	3.93520681971e-05	0	0.00153964966821	1.47570255739e-05	2.45950426232e-05	9.83801704928e-06	0	0	5.90281022957e-05	0.000162327281313	9.83801704928e-06	8.85421534436e-05	0.000255788443281	0	4.91900852464e-06	9.83801704928e-06	0.000526333912137	0.00596183833187	0.00115104799477	0	0	0.000959206662305	0.000418115724595	0	0	0	0	0	0	0	4.91900852464e-06	0	9.83801704928e-06	0	0	0	0	0	0	1.47570255739e-05	0	0	0	0	4.91900852464e-06	1.96760340986e-05	4.91900852464e-06	4.91900852464e-06	0	0	0	0	0	0	0	0	0	0	0.000177084306887	3.44330596725e-05	0.000177084306887	7.37851278696e-05	5.90281022957e-05	0	0	9.83801704928e-06	0	0	0	4.91900852464e-06	0	0
9.83801704928e-06	0.0141421495083	0.00252837038167	0	0	0	0	1.47570255739e-05	4.91900852464e-06	4.42710767218e-05	0	0.000226274392134	0	6.8866119345e-05	0	4.91900852464e-06	0.00021151736656	0.0010182347646	3.44330596725e-05	0.00062471408263	0	0.000226274392134	0.00185446621379	0.000934611619682	2.45950426232e-05	0.000728013261647	0.00343838695872	0.00705385822434	5.90281022957e-05	2.45950426232e-05	0.000122975213116	1.47570255739e-05	0	4.91900852464e-06	0.000954287653781	4.91900852464e-06	0.00326130265184	0.000373844647873	0	0	0	0	4.91900852464e-06	0	0	0	9.34611619682e-05	0	4.91900852464e-05	0	0	3.93520681971e-05	0.00027546447738	3.44330596725e-05	6.39471108203e-05	0	3.44330596725e-05	0.000319735554102	0.00021151736656	0	0.000408277707545	0.000678823176401	0.00130845626755	0	4.91900852464e-06	2.95140511479e-05	4.91900852464e-06	0	4.91900852464e-06	0.000191841332461	0.000452548784267	0.00151013561707	0.00068866119345	0.00027546447738	1.47570255739e-05	1.96760340986e-05	9.83801704928e-06	8.36231449189e-05	0.000393520681971	0.000186922323936	9.83801704928e-05	4.91900852464e-06	4.91900852464e-06	1.47570255739e-05
1.47570255739e-05	0.00252837038167	0.0305913140147	0	0	0	0	0.000118056204591	1.96760340986e-05	4.42710767218e-05	9.83801704928e-06	0.000241031417707	0	5.41090937711e-05	1.96760340986e-05	5.90281022957e-05	0.000777203346893	0.00459927297054	1.47570255739e-05	0.000816555415091	0	0.0017560860433	0.000949368645256	0.00829836738107	0.000118056204591	7.87041363943e-05	0.00572572592268	0.0115153989562	0.000442710767218	0.000108218187542	0.000654228133777	0	0	3.44330596725e-05	0.00360563324856	9.83801704928e-06	0.000728013261647	5.90281022957e-05	0	0	0	4.91900852464e-06	4.91900852464e-06	4.91900852464e-06	1.96760340986e-05	0	9.83801704928e-06	0	4.91900852464e-06	9.83801704928e-06	0	2.45950426232e-05	5.41090937711e-05	4.91900852464e-06	1.96760340986e-05	0	1.47570255739e-05	0.000196760340986	6.39471108203e-05	1.96760340986e-05	3.93520681971e-05	7.37851278696e-05	0.000250869434757	9.83801704928e-06	9.83801704928e-06	4.91900852464e-06	0	0	0	6.8866119345e-05	0.0020561455633	0.00339903489053	0.00308913735348	0.00122483312264	5.41090937711e-05	2.45950426232e-05	3.44330596725e-05	3.93520681971e-05	0.000152489264264	5.41090937711e-05	4.42710767218e-05	0	4.91900852464e-06	4.91900852464e-06
0	0	0	0	0	0	0	0	0	0	0	0	0	0	0	0	0	0	0	0	0	0	0	0	0	0	0	0	0	0	0	0	0	0	0	0	0	0	0	0	0	0	0	0	0	0	0	0	0	0	0	0	0	0	0	0	0	0	0	0	0	0	0	0	0	0	0	0	0	0	0	0	0	0	0	0	0	0	0	0	0	0	0	0
4.42710767218e-05	0	0	0	0.012873045309	9.83801704928e-06	0.000383682664922	0.00184954720527	0.00021151736656	3.93520681971e-05	0.00358595721446	0	0.000560766971809	0	9.83801704928e-05	4.91900852464e-06	4.91900852464e-06	0	0	0	0.00286778196987	0	0	0	0.005091173823	0	0	0	0.00469765314103	0.000103299179017	2.45950426232e-05	0	4.91900852464e-06	3.44330596725e-05	4.42710767218e-05	0	0	0	0	0.000939530628207	0	4.42710767218e-05	3.44330596725e-05	0	9.83801704928e-06	0.000221355383609	0	0.000821474423615	0	9.83801704928e-06	0	0	0	0	0	0.0017364100092	0	0	0	4.42710767218e-05	0	0	0	2.95140511479e-05	0	0	0	0	0	0	2.45950426232e-05	4.91900852464e-06	3.44330596725e-05	1.47570255739e-05	2.45950426232e-05	4.91900852464e-06	0	0	0	0	0	0	0	0
9.83801704928e-06	0	0	0	9.83801704928e-06	0.00814095910828	0.00337935885643	2.95140511479e-05	0.00407785806693	4.91900852464e-06	9.83801704928e-06	4.91900852464e-06	1.96760340986e-05	2.45950426232e-05	0.00238571913445	0.00096412567083	0	0	0	0	4.91900852464e-06	9.83801704928e-06	0	9.83801704928e-06	9.83801704928e-06	0	0	4.91900852464e-06	9.83801704928e-06	0.00120515708854	9.83801704928e-06	0	0.00177084306887	9.83801704928e-06	0.000546009946235	0	0	0	0	0	0	0	0	0	0	0	0	0	0	0	0	0	0	0	0	0	0	0	0	0	0	0	0	0	0	0	0	0	0	0	4.42710767218e-05	1.96760340986e-05	0.000236112409183	5.90281022957e-05	0.000929692611157	0.000841150457714	0	0	0	0	0	0	0	0
0.00021151736656	0	0	0	0.000383682664922	0.00337935885643	0.034531439843	0.00537647631743	0.0142159346362	0.000108218187542	0.0106693294899	1.47570255739e-05	0.0044517027148	1.47570255739e-05	0.00427461840791	0.0023955571515	1.47570255739e-05	0	0	0	0.00150029760002	2.45950426232e-05	2.95140511479e-05	2.95140511479e-05	0.000875583517386	0	0	1.47570255739e-05	0.0014363504892	0.001697057941	0.000206598358035	0	0.000423034733119	0.000132813230165	0.000762446321319	0	0	0	0	0	0	0	4.91900852464e-06	0	1.96760340986e-05	0	0	0	0	0	0	0	0	0	0	0	0	0	0	1.47570255739e-05	0	0	0	0	0	0	0	0	0	0	0.000231193400658	3.93520681971e-05	0.00034924960525	6.8866119345e-05	0.000619795074105	0.000127894221641	0	0	0	0	0	0	0	0
0.00240539516855	1.47570255739e-05	0.000118056204591	0	0.00184954720527	2.95140511479e-05	0.00537647631743	0.0508330340936	0.00837215250894	0.00182495216264	0.0132419709483	0	0.00137240337838	4.91900852464e-06	0.00642422513318	0.000113137196067	0.000250869434757	4.91900852464e-05	0	0	0.00182987117117	0.00181511414559	0.000231193400658	0.000885421534436	0.00819998721058	0	4.91900852464e-06	8.36231449189e-05	0.02027123413	0.00546009946235	0.00885913435288	0	1.96760340986e-05	0.00130353725903	0.00263658856921	1.47570255739e-05	4.91900852464e-06	4.91900852464e-06	0	9.83801704928e-06	0	4.91900852464e-06	2.45950426232e-05	4.91900852464e-06	0.000354168613774	1.96760340986e-05	0	1.47570255739e-05	0	0	0	7.37851278696e-05	9.83801704928e-06	0	0	4.91900852464e-06	1.47570255739e-05	0.000142651247215	2.45950426232e-05	0.000241031417707	0	0	4.91900852464e-06	5.90281022957e-05	0	9.83801704928e-06	0	0	0	1.47570255739e-05	0.0010772628669	0.000162327281313	0.00107234385837	0.000324654562626	0.000526333912137	3.44330596725e-05	4.91900852464e-06	4.42710767218e-05	4.91900852464e-06	9.83801704928e-06	4.91900852464e-06	0	0	4.91900852464e-06
0.000723094253122	4.91900852464e-06	1.96760340986e-05	0	0.00021151736656	0.00407785806693	0.0142159346362	0.00837215250894	0.0398685640922	0.000152489264264	0.00533220524071	1.47570255739e-05	0.00112645295214	4.42710767218e-05	0.0178117298677	0.000678823176401	4.42710767218e-05	9.83801704928e-06	0	4.91900852464e-06	0.000693580201974	0.000122975213116	4.42710767218e-05	8.36231449189e-05	0.000757527312795	0	9.83801704928e-06	3.44330596725e-05	0.00125434717378	0.0054699374794	0.000664066150827	0	0.000841150457714	0.000423034733119	0.00216928275937	0	0	0	0	0	0	0	0	0	9.83801704928e-06	0	0	0	0	0	0	9.83801704928e-06	0	0	0	0	0	4.91900852464e-06	0	4.91900852464e-06	0	0	0	4.91900852464e-06	0	0	0	0	0	0	0.000462386801316	0.000103299179017	0.0010379107987	0.000285302494429	0.00104282980722	0.000319735554102	0	1.47570255739e-05	0	0	0	0	0	0
7.37851278696e-05	4.42710767218e-05	4.42710767218e-05	0	3.93520681971e-05	4.91900852464e-06	0.000108218187542	0.00182495216264	0.000152489264264	0.0155440669379	0.000167246289838	0	0.000319735554102	0	0.000122975213116	0.000127894221641	0.000368925639348	1.96760340986e-05	0	0	3.93520681971e-05	0.000600119040006	0.00239063814298	0.000398439690496	0.0082245822532	0	4.91900852464e-06	0.000152489264264	0.00347773902692	0.000565685980334	0.000870664508862	0	0	0.000231193400658	0.00062471408263	2.95140511479e-05	0	0	0	4.91900852464e-05	0	1.96760340986e-05	0.000260707451806	0	0.00181019513707	4.42710767218e-05	0	6.39471108203e-05	0	9.83801704928e-06	0	0.000319735554102	9.83801704928e-06	0	0	7.87041363943e-05	5.90281022957e-05	0.00120515708854	0.000108218187542	0.000944449636731	0	0	4.91900852464e-06	0.000447629775742	3.44330596725e-05	0.000167246289838	0	0	1.47570255739e-05	0.000122975213116	0.00041319671607	9.83801704928e-05	0.00027546447738	0.000122975213116	0.000747689295746	4.91900852464e-06	0	0.000108218187542	9.83801704928e-06	2.95140511479e-05	4.91900852464e-06	1.96760340986e-05	0	0
0.000270545468855	0	9.83801704928e-06	0	0.00358595721446	9.83801704928e-06	0.0106693294899	0.0132419709483	0.00533220524071	0.000167246289838	0.0389437904896	0	0.00379747458102	0	0.00186430423084	1.96760340986e-05	0	9.83801704928e-06	0	0	0.00512068787415	9.83801704928e-05	9.83801704928e-06	5.90281022957e-05	0.00302027123413	0	0	4.91900852464e-06	0.00751132601713	0.000668985159351	0.000373844647873	0	4.91900852464e-06	0.000172165298362	0.0003394115882	0	0	0	0	4.91900852464e-06	0	0	9.83801704928e-06	0	4.42710767218e-05	4.91900852464e-05	0	1.96760340986e-05	0	0	0	0	0	0	0	0.000132813230165	4.91900852464e-06	0	0	2.45950426232e-05	0	0	0	0	0	4.91900852464e-06	0	0	0	0	0.000113137196067	9.83801704928e-06	0.000142651247215	2.45950426232e-05	0.000103299179017	4.91900852464e-06	0	0	0	0	0	0	0	0
0	0.000226274392134	0.000241031417707	0	0	4.91900852464e-06	1.47570255739e-05	0	1.47570255739e-05	0	0	0.0282842990167	0	0.00699974913057	2.95140511479e-05	9.83801704928e-06	1.96760340986e-05	0.000605038048531	0.00321703157512	0.00440743163808	0	4.91900852464e-05	1.47570255739e-05	0.000122975213116	4.91900852464e-06	0.00400407293906	0.00776711446041	0.00176100505182	4.91900852464e-06	0.000118056204591	1.96760340986e-05	0.000841150457714	4.91900852464e-06	0	0.00442218866365	0	0.000270545468855	9.83801704928e-06	0	0	0	0	0	0	0	0	0.000167246289838	0	0.000231193400658	0	0	0	4.91900852464e-05	2.95140511479e-05	7.37851278696e-05	0	0	0	4.91900852464e-06	0	0.000639471108203	0.000295140511479	0.000290221502954	0	0	0	0	0	0	4.42710767218e-05	0.000467305809841	0.00351709109512	0.00563226476071	0.000698499210499	3.44330596725e-05	2.45950426232e-05	0.00134780833575	1.47570255739e-05	3.44330596725e-05	3.44330596725e-05	1.96760340986e-05	0	0	0
3.93520681971e-05	0	0	0	0.000560766971809	1.96760340986e-05	0.0044517027148	0.00137240337838	0.00112645295214	0.000319735554102	0.00379747458102	0	0.0204630754625	0	0.000300059520003	0.000629633091154	4.91900852464e-06	0	0	0	0.00666033754236	1.47570255739e-05	0	1.96760340986e-05	0.000993639721978	0	0	0	0.000560766971809	0.000191841332461	7.87041363943e-05	0	0	2.45950426232e-05	0.000127894221641	4.91900852464e-06	0	0	0	6.39471108203e-05	0	0.00020167934951	1.47570255739e-05	4.91900852464e-06	4.91900852464e-06	0.000250869434757	0	0.00229225797248	0	9.83801704928e-06	0	0	0	0	0	0.000324654562626	4.91900852464e-06	0	4.91900852464e-06	4.91900852464e-05	0	0	0	2.45950426232e-05	0	4.91900852464e-06	0	0	0	0	2.95140511479e-05	0	2.95140511479e-05	0	0.000836231449189	0	0	0	0	4.91900852464e-06	0	0	0	0
0	6.8866119345e-05	5.41090937711e-05	0	0	2.45950426232e-05	1.47570255739e-05	4.91900852464e-06	4.42710767218e-05	0	0	0.00699974913057	0	0.0173247480238	7.87041363943e-05	4.91900852464e-06	4.91900852464e-06	8.36231449189e-05	0.000536171929186	0.000531252920661	0	1.47570255739e-05	9.83801704928e-06	3.93520681971e-05	0	0.00319243653249	0.00474192421775	0.00321703157512	4.91900852464e-06	7.37851278696e-05	4.91900852464e-06	0.00243982822822	4.91900852464e-06	0	0.000914935585583	0	0.000132813230165	0	0	0	0	0	0	0	0	0	0.000162327281313	0	0.000895259551485	0	0	0	2.95140511479e-05	1.47570255739e-05	3.44330596725e-05	0	0	0	4.91900852464e-06	0	0.000378763656397	0.00013773223869	0.000113137196067	4.91900852464e-06	4.91900852464e-06	9.83801704928e-06	0	0	0	5.41090937711e-05	0.000231193400658	0.00126418519083	0.00174624802625	0.000442710767218	3.44330596725e-05	2.45950426232e-05	0.000944449636731	3.93520681971e-05	5.41090937711e-05	7.37851278696e-05	6.8866119345e-05	0	9.83801704928e-06	4.91900852464e-05
0.00153964966821	0	1.96760340986e-05	0	9.83801704928e-05	0.00238571913445	0.00427461840791	0.00642422513318	0.0178117298677	0.000122975213116	0.00186430423084	2.95140511479e-05	0.000300059520003	7.87041363943e-05	0.0317718760607	0.000467305809841	5.41090937711e-05	1.96760340986e-05	0	9.83801704928e-06	0.000177084306887	0.000113137196067	2.45950426232e-05	0.000108218187542	0.000506657878038	4.91900852464e-06	1.96760340986e-05	2.45950426232e-05	0.000959206662305	0.00930676412862	0.000831312440664	0	0.000900178560009	0.000467305809841	0.00270545468855	0	0	0	0	0	0	0	4.91900852464e-06	0	1.96760340986e-05	0	0	0	0	0	0	9.83801704928e-06	0	0	0	0	0	1.47570255739e-05	4.91900852464e-06	1.47570255739e-05	0	0	0	9.83801704928e-06	0	4.91900852464e-06	0	0	0	0	0.000516495895087	0.000113137196067	0.00136256536133	0.00041319671607	0.00119040006296	0.000295140511479	4.91900852464e-06	4.91900852464e-06	0	0	0	0	0	0
1.47570255739e-05	4.91900852464e-06	5.90281022957e-05	0	4.91900852464e-06	0.00096412567083	0.0023955571515	0.000113137196067	0.000678823176401	0.000127894221641	1.96760340986e-05	9.83801704928e-06	0.000629633091154	4.91900852464e-06	0.000467305809841	0.00712272434368	7.37851278696e-05	1.47570255739e-05	0	4.91900852464e-06	9.83801704928e-06	0.000147570255739	5.41090937711e-05	0.000182003315412	6.8866119345e-05	0	1.47570255739e-05	5.41090937711e-05	0.000103299179017	0.000226274392134	0.000122975213116	0	5.41090937711e-05	1.47570255739e-05	0.00055092895476	0	0	0	0	0	0	0	4.91900852464e-06	0	0	0	4.91900852464e-06	0	4.91900852464e-06	0	0	4.91900852464e-06	0	0	0	0	9.83801704928e-06	1.47570255739e-05	4.91900852464e-06	0	9.83801704928e-06	4.91900852464e-06	9.83801704928e-06	0	0	9.83801704928e-06	0	0	0	3.44330596725e-05	0.00114120997772	0.00020167934951	0.000673904167876	0.000531252920661	0.00153473065969	6.8866119345e-05	1.47570255739e-05	0.000127894221641	2.95140511479e-05	2.95140511479e-05	4.42710767218e-05	0	0	4.91900852464e-06
2.45950426232e-05	0.00021151736656	0.000777203346893	0	4.91900852464e-06	0	1.47570255739e-05	0.000250869434757	4.42710767218e-05	0.000368925639348	0	1.96760340986e-05	4.91900852464e-06	4.91900852464e-06	5.41090937711e-05	7.37851278696e-05	0.0231144210573	0.000157408272789	0	1.96760340986e-05	4.91900852464e-06	0.00468781512398	0.00357611919741	0.0104184600552	0.00344330596725	0	7.37851278696e-05	0.00606513751088	0.00414672418627	0.000280383485905	0.000910016577059	0	0	0.000108218187542	0.00188889927346	0	7.87041363943e-05	1.96760340986e-05	0	4.91900852464e-06	0	0	0	0	4.42710767218e-05	4.91900852464e-06	0	4.91900852464e-06	0	0	0	0.000255788443281	9.83801704928e-06	0	0	4.91900852464e-06	2.95140511479e-05	0.000398439690496	5.41090937711e-05	4.42710767218e-05	0	4.91900852464e-06	3.93520681971e-05	3.93520681971e-05	4.91900852464e-06	4.91900852464e-06	0	0	0	2.95140511479e-05	0.00158392074493	0.000900178560009	0.00151505462559	0.000703418219024	0.000108218187542	2.45950426232e-05	4.91900852464e-06	3.44330596725e-05	2.45950426232e-05	1.96760340986e-05	4.91900852464e-06	0	0	0
9.83801704928e-06	0.0010182347646	0.00459927297054	0	0	0	0	4.91900852464e-05	9.83801704928e-06	1.96760340986e-05	9.83801704928e-06	0.000605038048531	0	8.36231449189e-05	1.96760340986e-05	1.47570255739e-05	0.000157408272789	0.0227012243412	0.000108218187542	0.00642422513318	4.91900852464e-06	0.000791960372467	0.000191841332461	0.00489441348202	4.42710767218e-05	0.000221355383609	0.00591756725514	0.00263166956068	0.000122975213116	5.90281022957e-05	0.000354168613774	0	0	1.47570255739e-05	0.00534204325776	0	0.000432872750168	2.95140511479e-05	0	0	0	0	0	0	4.91900852464e-06	0	1.96760340986e-05	0	9.83801704928e-06	0	0	0	2.95140511479e-05	4.91900852464e-06	1.96760340986e-05	0	4.91900852464e-06	3.44330596725e-05	2.95140511479e-05	0	5.41090937711e-05	0.000127894221641	0.000142651247215	0	0	0	0	0	0	1.96760340986e-05	0.00121499510559	0.00222339185314	0.00269069766298	0.000787041363943	5.41090937711e-05	9.83801704928e-06	1.96760340986e-05	2.45950426232e-05	5.90281022957e-05	2.45950426232e-05	1.47570255739e-05	0	0	9.83801704928e-06
0	3.44330596725e-05	1.47570255739e-05	0	0	0	0	0	0	0	0	0.00321703157512	0	0.000536171929186	0	0	0	0.000108218187542	0.0055092895476	0.00183479017969	0	0	0	4.91900852464e-06	0	0.000403358699021	0.00285794395282	0.000408277707545	4.91900852464e-06	0	0	3.93520681971e-05	0	0	0.000236112409183	0	3.44330596725e-05	0	0	0	0	0	0	0	0	0	4.91900852464e-06	0	2.95140511479e-05	0	0	0	4.91900852464e-06	0	0	0	0	0	0	0	6.8866119345e-05	3.44330596725e-05	4.42710767218e-05	0	0	0	0	0	0	0	1.96760340986e-05	0.000314816545577	0.000319735554102	6.8866119345e-05	0	4.91900852464e-06	1.47570255739e-05	0	1.96760340986e-05	4.91900852464e-06	0	0	0	4.91900852464e-06
0	0.00062471408263	0.000816555415091	0	0	0	0	0	4.91900852464e-06	0	0	0.00440743163808	0	0.000531252920661	9.83801704928e-06	4.91900852464e-06	1.96760340986e-05	0.00642422513318	0.00183479017969	0.0176444835779	0	5.41090937711e-05	4.91900852464e-05	0.000270545468855	0	0.000698499210499	0.00925757404338	0.00185938522231	1.47570255739e-05	1.96760340986e-05	3.93520681971e-05	4.42710767218e-05	0	0	0.00396472087086	0	0.000403358699021	1.96760340986e-05	0	0	0	0	0	0	0	0	1.47570255739e-05	0	2.95140511479e-05	0	0	0	2.45950426232e-05	1.47570255739e-05	1.96760340986e-05	0	4.91900852464e-06	4.91900852464e-06	9.83801704928e-06	0	0.000191841332461	0.000142651247215	0.000191841332461	0	0	4.91900852464e-06	0	0	0	9.83801704928e-06	0.000418115724595	0.00160851578756	0.001997117461	0.000472224818366	1.96760340986e-05	4.91900852464e-06	3.44330596725e-05	4.91900852464e-06	7.37851278696e-05	2.45950426232e-05	1.47570255739e-05	0	0	9.83801704928e-06
5.90281022957e-05	0	0	0	0.00286778196987	4.91900852464e-06	0.00150029760002	0.00182987117117	0.000693580201974	3.93520681971e-05	0.00512068787415	0	0.00666033754236	0	0.000177084306887	9.83801704928e-06	4.91900852464e-06	4.91900852464e-06	0	0	0.0147570255739	2.45950426232e-05	0	1.47570255739e-05	0.00226766292986	0	4.91900852464e-06	0	0.00132813230165	0.000172165298362	9.34611619682e-05	0	0	3.93520681971e-05	8.36231449189e-05	0	0	0	0	0	0	0	0	0	1.47570255739e-05	0	0	0	0	0	0	0	0	0	0	0	0	0	0	0	0	0	0	0	0	4.91900852464e-06	0	0	0	0	3.93520681971e-05	4.91900852464e-06	4.91900852464e-05	1.47570255739e-05	2.45950426232e-05	4.91900852464e-06	0	0	0	0	0	0	0	0
0.000162327281313	0.000226274392134	0.0017560860433	0	0	9.83801704928e-06	2.45950426232e-05	0.00181511414559	0.000122975213116	0.000600119040006	9.83801704928e-05	4.91900852464e-05	1.47570255739e-05	1.47570255739e-05	0.000113137196067	0.000147570255739	0.00468781512398	0.000791960372467	0	5.41090937711e-05	2.45950426232e-05	0.0455746139808	0.00140683643805	0.0209353002809	0.00302027123413	9.83801704928e-06	0.000221355383609	0.00160359677903	0.0125434717378	0.00110185790952	0.01547028181	0	0	0.000344330596725	0.00629141190302	0	6.39471108203e-05	1.47570255739e-05	0	4.91900852464e-06	0	0	9.83801704928e-06	4.91900852464e-06	0.000103299179017	9.83801704928e-06	0	9.83801704928e-06	0	0	0	0.000127894221641	9.83801704928e-06	0	0	9.83801704928e-06	2.45950426232e-05	0.000314816545577	4.91900852464e-05	4.42710767218e-05	0	4.91900852464e-06	3.93520681971e-05	5.41090937711e-05	0	9.83801704928e-06	0	0	0	5.41090937711e-05	0.00268085964593	0.00118056204591	0.0028136728761	0.00128386122493	0.000147570255739	5.90281022957e-05	1.47570255739e-05	4.91900852464e-05	1.47570255739e-05	2.95140511479e-05	1.47570255739e-05	0	0	0
9.83801704928e-06	0.00185446621379	0.000949368645256	0	0	0	2.95140511479e-05	0.000231193400658	4.42710767218e-05	0.00239063814298	9.83801704928e-06	1.47570255739e-05	0	9.83801704928e-06	2.45950426232e-05	5.41090937711e-05	0.00357611919741	0.000191841332461	0	4.91900852464e-05	0	0.00140683643805	0.0154309297418	0.00314816545577	0.00203155052068	0	0.000147570255739	0.00393028781119	0.00141175544657	0.000172165298362	0.000703418219024	0	0	6.8866119345e-05	0.00115104799477	2.95140511479e-05	0.000900178560009	0.00021151736656	0	4.91900852464e-06	0	0	0.000108218187542	4.91900852464e-06	0.00021151736656	4.91900852464e-06	1.47570255739e-05	4.91900852464e-06	0	9.83801704928e-06	0	0.000467305809841	0.000113137196067	0	0	0	0.00020167934951	0.00275956378232	0.000619795074105	0.000103299179017	4.91900852464e-06	3.93520681971e-05	0.000536171929186	0.000147570255739	2.45950426232e-05	0.000132813230165	0	0	0	0.000167246289838	0.00117072402886	0.000762446321319	0.000870664508862	0.000437791758693	4.91900852464e-05	4.91900852464e-06	4.91900852464e-06	0.00020167934951	0.000118056204591	0.000191841332461	7.87041363943e-05	4.91900852464e-06	1.47570255739e-05	0
8.85421534436e-05	0.000934611619682	0.00829836738107	0	0	9.83801704928e-06	2.95140511479e-05	0.000885421534436	8.36231449189e-05	0.000398439690496	5.90281022957e-05	0.000122975213116	1.96760340986e-05	3.93520681971e-05	0.000108218187542	0.000182003315412	0.0104184600552	0.00489441348202	4.91900852464e-06	0.000270545468855	1.47570255739e-05	0.0209353002809	0.00314816545577	0.0573802344399	0.00142651247215	2.45950426232e-05	0.000969044679354	0.00816063514238	0.00576507799088	0.000555847963285	0.00544042342825	0	4.91900852464e-06	0.000186922323936	0.00825901531287	0	0.00027546447738	5.90281022957e-05	0	4.91900852464e-06	0	0	9.83801704928e-06	0	6.8866119345e-05	0	4.91900852464e-06	4.91900852464e-06	0	0	0	0.00013773223869	1.47570255739e-05	0	0	0	4.42710767218e-05	0.00048698184394	0.000132813230165	5.41090937711e-05	1.47570255739e-05	1.47570255739e-05	0.00013773223869	3.93520681971e-05	9.83801704928e-06	1.47570255739e-05	0	0	0	4.91900852464e-05	0.00481570934562	0.00307929933643	0.00525350110432	0.00236112409183	0.000241031417707	5.41090937711e-05	3.93520681971e-05	5.41090937711e-05	5.41090937711e-05	4.42710767218e-05	2.45950426232e-05	0	4.91900852464e-06	0
0.000255788443281	2.45950426232e-05	0.000118056204591	0	0.005091173823	9.83801704928e-06	0.000875583517386	0.00819998721058	0.000757527312795	0.0082245822532	0.00302027123413	4.91900852464e-06	0.000993639721978	0	0.000506657878038	6.8866119345e-05	0.00344330596725	4.42710767218e-05	0	0	0.00226766292986	0.00302027123413	0.00203155052068	0.00142651247215	0.0451614172647	0	2.45950426232e-05	0.00027546447738	0.0213534160055	0.00142651247215	0.00226766292986	0	4.91900852464e-06	0.000570604988858	0.00166262488133	0	0	4.91900852464e-06	0	5.90281022957e-05	0	4.91900852464e-06	0.000142651247215	4.91900852464e-06	0.00104774881575	1.96760340986e-05	0	1.47570255739e-05	0	4.91900852464e-06	0	0.000324654562626	4.91900852464e-06	0	0	1.96760340986e-05	3.93520681971e-05	0.000634552099679	5.90281022957e-05	0.000762446321319	4.91900852464e-06	0	9.83801704928e-06	0.000260707451806	9.83801704928e-06	0.000113137196067	0	0	0	7.87041363943e-05	0.000959206662305	0.000280383485905	0.000747689295746	0.000344330596725	0.000295140511479	4.91900852464e-06	4.91900852464e-06	0.000122975213116	9.83801704928e-06	2.95140511479e-05	4.91900852464e-06	9.83801704928e-06	0	0
0	0.000728013261647	7.87041363943e-05	0	0	0	0	0	0	0	0	0.00400407293906	0	0.00319243653249	4.91900852464e-06	0	0	0.000221355383609	0.000403358699021	0.000698499210499	0	9.83801704928e-06	0	2.45950426232e-05	0	0.0117908634336	0.00262675055216	0.00195776539281	4.91900852464e-06	1.96760340986e-05	4.91900852464e-06	0.000172165298362	4.91900852464e-06	0	0.000619795074105	0	0.000600119040006	1.96760340986e-05	0	0	0	0	0	0	0	0	0.000516495895087	0	0.000595200031482	0	0	0	5.90281022957e-05	3.93520681971e-05	0.000152489264264	0	4.91900852464e-06	4.91900852464e-06	9.83801704928e-06	0	0.00184462819674	0.000703418219024	0.000678823176401	0	0	0	0	0	0	5.90281022957e-05	6.39471108203e-05	0.00179543811149	0.00108218187542	0.000113137196067	0	9.83801704928e-06	0.00100347773903	2.95140511479e-05	0.000122975213116	0.000103299179017	3.44330596725e-05	0	0	2.95140511479e-05
4.91900852464e-06	0.00343838695872	0.00572572592268	0	0	0	0	4.91900852464e-06	9.83801704928e-06	4.91900852464e-06	0	0.00776711446041	0	0.00474192421775	1.96760340986e-05	1.47570255739e-05	7.37851278696e-05	0.00591756725514	0.00285794395282	0.00925757404338	4.91900852464e-06	0.000221355383609	0.000147570255739	0.000969044679354	2.45950426232e-05	0.00262675055216	0.0521660854038	0.0177527017654	5.90281022957e-05	4.42710767218e-05	0.000118056204591	0.00177084306887	0	0	0.00447629775742	0	0.00147078354887	6.8866119345e-05	0	0	0	0	0	0	0	0	0.000182003315412	0	0.000177084306887	0	0	9.83801704928e-06	9.83801704928e-05	3.44330596725e-05	0.000122975213116	0	0	3.93520681971e-05	1.96760340986e-05	0	0.000816555415091	0.000654228133777	0.000737851278696	0	0	4.91900852464e-06	0	0	0	9.34611619682e-05	0.00102315377313	0.00429921345054	0.00363022829119	0.000939530628207	1.47570255739e-05	1.47570255739e-05	0.000118056204591	4.42710767218e-05	0.000270545468855	0.000132813230165	5.90281022957e-05	0	0	1.96760340986e-05
9.83801704928e-06	0.00705385822434	0.0115153989562	0	0	4.91900852464e-06	1.47570255739e-05	8.36231449189e-05	3.44330596725e-05	0.000152489264264	4.91900852464e-06	0.00176100505182	0	0.00321703157512	2.45950426232e-05	5.41090937711e-05	0.00606513751088	0.00263166956068	0.000408277707545	0.00185938522231	0	0.00160359677903	0.00393028781119	0.00816063514238	0.00027546447738	0.00195776539281	0.0177527017654	0.0587673948439	0.000693580201974	9.83801704928e-05	0.000555847963285	0.00101331575608	4.91900852464e-06	2.95140511479e-05	0.00334984480528	0	0.00158392074493	0.000142651247215	0	0	0	0	4.91900852464e-06	0	4.91900852464e-06	0	8.36231449189e-05	0	6.8866119345e-05	0	0	0.00020167934951	9.34611619682e-05	0	6.8866119345e-05	0	2.95140511479e-05	0.000482062835415	0.000206598358035	1.96760340986e-05	0.000373844647873	0.000314816545577	0.000811636406566	4.91900852464e-06	0	2.45950426232e-05	0	0	0	0.000118056204591	0.00208074060592	0.00362530928266	0.00289729602101	0.00118056204591	7.37851278696e-05	5.41090937711e-05	3.44330596725e-05	5.41090937711e-05	0.000236112409183	6.8866119345e-05	5.41090937711e-05	4.91900852464e-06	0	4.91900852464e-06
0.000526333912137	5.90281022957e-05	0.000442710767218	0	0.00469765314103	9.83801704928e-06	0.0014363504892	0.02027123413	0.00125434717378	0.00347773902692	0.00751132601713	4.91900852464e-06	0.000560766971809	4.91900852464e-06	0.000959206662305	0.000103299179017	0.00414672418627	0.000122975213116	4.91900852464e-06	1.47570255739e-05	0.00132813230165	0.0125434717378	0.00141175544657	0.00576507799088	0.0213534160055	4.91900852464e-06	5.90281022957e-05	0.000693580201974	0.0605087238616	0.00251361335609	0.00812128307418	0	4.91900852464e-06	0.000910016577059	0.00406802004988	1.96760340986e-05	1.47570255739e-05	4.91900852464e-06	0	3.44330596725e-05	0	9.83801704928e-06	7.87041363943e-05	4.91900852464e-06	0.00068866119345	2.95140511479e-05	4.91900852464e-06	2.45950426232e-05	0	4.91900852464e-06	0	0.000231193400658	4.91900852464e-06	0	0	2.45950426232e-05	2.95140511479e-05	0.000531252920661	4.91900852464e-05	0.000452548784267	0	0	1.96760340986e-05	0.000132813230165	1.47570255739e-05	4.42710767218e-05	0	0	4.91900852464e-06	3.93520681971e-05	0.00215452573379	0.000678823176401	0.00190857530756	0.000816555415091	0.000324654562626	2.45950426232e-05	4.91900852464e-06	0.000122975213116	1.96760340986e-05	1.96760340986e-05	4.91900852464e-06	1.47570255739e-05	0	4.91900852464e-06
0.00596183833187	2.45950426232e-05	0.000108218187542	0	0.000103299179017	0.00120515708854	0.001697057941	0.00546009946235	0.0054699374794	0.000565685980334	0.000668985159351	0.000118056204591	0.000191841332461	7.37851278696e-05	0.00930676412862	0.000226274392134	0.000280383485905	5.90281022957e-05	0	1.96760340986e-05	0.000172165298362	0.00110185790952	0.000172165298362	0.000555847963285	0.00142651247215	1.96760340986e-05	4.42710767218e-05	9.83801704928e-05	0.00251361335609	0.0353725903007	0.00629141190302	0	0.000403358699021	0.00551912756465	0.00630124992007	0	9.83801704928e-06	4.91900852464e-06	0	0	0	0	2.45950426232e-05	0	9.83801704928e-05	4.91900852464e-06	0	9.83801704928e-06	0	0	0	2.95140511479e-05	4.91900852464e-06	0	0	4.91900852464e-06	1.47570255739e-05	0.000103299179017	1.96760340986e-05	5.90281022957e-05	0	0	4.91900852464e-06	3.44330596725e-05	0	1.47570255739e-05	0	0	0	1.47570255739e-05	0.00190365629904	0.000304978528528	0.00282842990167	0.000836231449189	0.00137240337838	0.000191841332461	2.45950426232e-05	2.95140511479e-05	4.91900852464e-06	9.83801704928e-06	4.91900852464e-06	4.91900852464e-06	0	4.91900852464e-06
0.00115104799477	0.000122975213116	0.000654228133777	0	2.45950426232e-05	9.83801704928e-06	0.000206598358035	0.00885913435288	0.000664066150827	0.000870664508862	0.000373844647873	1.96760340986e-05	7.87041363943e-05	4.91900852464e-06	0.000831312440664	0.000122975213116	0.000910016577059	0.000354168613774	0	3.93520681971e-05	9.34611619682e-05	0.01547028181	0.000703418219024	0.00544042342825	0.00226766292986	4.91900852464e-06	0.000118056204591	0.000555847963285	0.00812128307418	0.00629141190302	0.0381124780489	0	0	0.0013182942846	0.00627173586892	0	4.42710767218e-05	4.91900852464e-06	0	4.91900852464e-06	0	0	2.45950426232e-05	0	0.000162327281313	9.83801704928e-06	0	1.96760340986e-05	0	0	0	3.93520681971e-05	4.91900852464e-06	0	0	1.47570255739e-05	9.83801704928e-06	0.000206598358035	1.96760340986e-05	8.85421534436e-05	0	0	2.45950426232e-05	6.8866119345e-05	0	2.45950426232e-05	0	0	0	2.95140511479e-05	0.00206106457182	0.000570604988858	0.0020954976315	0.000821474423615	0.00020167934951	1.96760340986e-05	4.91900852464e-06	4.91900852464e-05	1.47570255739e-05	2.95140511479e-05	9.83801704928e-06	0	0	4.91900852464e-06
0	1.47570255739e-05	0	0	0	0	0	0	0	0	0	0.000841150457714	0	0.00243982822822	0	0	0	0	3.93520681971e-05	4.42710767218e-05	0	0	0	0	0	0.000172165298362	0.00177084306887	0.00101331575608	0	0	0	0.00321703157512	0	0	3.93520681971e-05	0	0	0	0	0	0	0	0	0	0	0	0	0	4.91900852464e-06	0	0	0	0	4.91900852464e-06	0	0	0	0	0	0	4.91900852464e-06	4.91900852464e-06	4.91900852464e-06	0	0	0	0	0	0	0	4.91900852464e-06	7.37851278696e-05	5.41090937711e-05	9.83801704928e-06	0	0	0	0	0	0	0	0	0	0
0	0	0	0	4.91900852464e-06	0.00177084306887	0.000423034733119	1.96760340986e-05	0.000841150457714	0	4.91900852464e-06	4.91900852464e-06	0	4.91900852464e-06	0.000900178560009	5.41090937711e-05	0	0	0	0	0	0	0	4.91900852464e-06	4.91900852464e-06	4.91900852464e-06	0	4.91900852464e-06	4.91900852464e-06	0.000403358699021	0	0	0.00245950426232	4.91900852464e-06	0.000231193400658	0	0	0	0	0	0	0	0	0	0	0	0	0	0	0	0	0	0	0	0	0	0	0	0	0	0	0	0	0	0	0	0	0	0	0	4.91900852464e-06	0	7.87041363943e-05	1.47570255739e-05	0.000122975213116	0.000368925639348	0	0	0	0	0	0	0	0
0.000959206662305	4.91900852464e-06	3.44330596725e-05	0	3.44330596725e-05	9.83801704928e-06	0.000132813230165	0.00130353725903	0.000423034733119	0.000231193400658	0.000172165298362	0	2.45950426232e-05	0	0.000467305809841	1.47570255739e-05	0.000108218187542	1.47570255739e-05	0	0	3.93520681971e-05	0.000344330596725	6.8866119345e-05	0.000186922323936	0.000570604988858	0	0	2.95140511479e-05	0.000910016577059	0.00551912756465	0.0013182942846	0	4.91900852464e-06	0.00677839374696	0.0020758215974	0	4.91900852464e-06	0	0	0	0	0	0	0	2.95140511479e-05	4.91900852464e-06	0	4.91900852464e-06	0	0	0	1.47570255739e-05	4.91900852464e-06	0	0	4.91900852464e-06	4.91900852464e-06	4.42710767218e-05	9.83801704928e-06	1.96760340986e-05	0	0	0	9.83801704928e-06	0	0	0	0	0	4.91900852464e-06	0.000767365329844	7.37851278696e-05	0.000693580201974	0.000206598358035	0.000186922323936	1.47570255739e-05	4.91900852464e-06	1.47570255739e-05	4.91900852464e-06	9.83801704928e-06	9.83801704928e-06	0	0	4.91900852464e-06
0.000418115724595	0.000954287653781	0.00360563324856	0	4.42710767218e-05	0.000546009946235	0.000762446321319	0.00263658856921	0.00216928275937	0.00062471408263	0.0003394115882	0.00442218866365	0.000127894221641	0.000914935585583	0.00270545468855	0.00055092895476	0.00188889927346	0.00534204325776	0.000236112409183	0.00396472087086	8.36231449189e-05	0.00629141190302	0.00115104799477	0.00825901531287	0.00166262488133	0.000619795074105	0.00447629775742	0.00334984480528	0.00406802004988	0.00630124992007	0.00627173586892	3.93520681971e-05	0.000231193400658	0.0020758215974	0.0501837249684	4.91900852464e-06	0.000408277707545	2.95140511479e-05	0	0	0	4.91900852464e-06	1.96760340986e-05	0	9.34611619682e-05	9.83801704928e-06	3.93520681971e-05	9.83801704928e-06	4.42710767218e-05	0	0	5.90281022957e-05	4.42710767218e-05	4.91900852464e-06	2.45950426232e-05	4.91900852464e-06	2.45950426232e-05	0.000265626460331	5.90281022957e-05	5.41090937711e-05	0.000191841332461	0.000103299179017	0.000245950426232	7.87041363943e-05	4.91900852464e-06	2.45950426232e-05	0	0	0	5.90281022957e-05	0.00927233106895	0.00548469450498	0.0237784872081	0.00668985159351	0.00196760340986	0.000295140511479	0.000280383485905	0.000162327281313	0.000113137196067	7.37851278696e-05	5.41090937711e-05	4.91900852464e-06	0	1.47570255739e-05
0	4.91900852464e-06	9.83801704928e-06	0	0	0	0	1.47570255739e-05	0	2.95140511479e-05	0	0	4.91900852464e-06	0	0	0	0	0	0	0	0	0	2.95140511479e-05	0	0	0	0	0	1.96760340986e-05	0	0	0	0	0	4.91900852464e-06	0.0180429232684	1.96760340986e-05	3.93520681971e-05	0	0.000191841332461	2.45950426232e-05	0.00223322987019	0.00470257214956	0.00270545468855	0.000236112409183	0.000546009946235	1.96760340986e-05	0.0010575868328	0	0.00708829128401	0.000344330596725	0.000186922323936	5.41090937711e-05	0	0	0.000334492579676	0.000319735554102	0.000196760340986	0.00027546447738	0.00140191742952	0	1.96760340986e-05	2.95140511479e-05	0.00107234385837	0.00714240037778	0.00270053568003	0	2.95140511479e-05	0.000703418219024	0.00235128607478	0	0	4.91900852464e-06	4.91900852464e-06	0	0	0	0.000673904167876	7.87041363943e-05	0.000821474423615	0.000226274392134	0.00061487606558	0.000157408272789	0
0	0.00326130265184	0.000728013261647	0	0	0	0	4.91900852464e-06	0	0	0	0.000270545468855	0	0.000132813230165	0	0	7.87041363943e-05	0.000432872750168	3.44330596725e-05	0.000403358699021	0	6.39471108203e-05	0.000900178560009	0.00027546447738	0	0.000600119040006	0.00147078354887	0.00158392074493	1.47570255739e-05	9.83801704928e-06	4.42710767218e-05	0	0	4.91900852464e-06	0.000408277707545	1.96760340986e-05	0.0255690063111	0.00269069766298	0	0	0	4.91900852464e-06	3.93520681971e-05	4.91900852464e-06	3.93520681971e-05	0	0.000491900852464	9.83801704928e-06	0.00034924960525	4.91900852464e-06	0	0.000226274392134	0.00195284638428	8.85421534436e-05	0.000791960372467	0	0.000265626460331	0.00242999021117	0.00153473065969	9.83801704928e-06	0.0031137323961	0.00656195737187	0.0156276900828	3.93520681971e-05	2.45950426232e-05	0.000152489264264	9.83801704928e-06	0	4.91900852464e-06	0.00129861825051	0.000177084306887	0.00127402320788	0.000309897537052	0.000122975213116	9.83801704928e-06	4.91900852464e-06	9.83801704928e-06	0.000668985159351	0.00227750094691	0.00121991411411	0.000491900852464	9.83801704928e-06	4.42710767218e-05	4.91900852464e-05
0	0.000373844647873	5.90281022957e-05	0	0	0	0	4.91900852464e-06	0	0	0	9.83801704928e-06	0	0	0	0	1.96760340986e-05	2.95140511479e-05	0	1.96760340986e-05	0	1.47570255739e-05	0.00021151736656	5.90281022957e-05	4.91900852464e-06	1.96760340986e-05	6.8866119345e-05	0.000142651247215	4.91900852464e-06	4.91900852464e-06	4.91900852464e-06	0	0	0	2.95140511479e-05	3.93520681971e-05	0.00269069766298	0.0278661832921	0	4.91900852464e-06	0	9.83801704928e-06	0.000280383485905	1.96760340986e-05	2.45950426232e-05	0	0.000157408272789	0	3.44330596725e-05	3.44330596725e-05	0	0.00061487606558	0.00615859867285	1.96760340986e-05	0.000482062835415	0	0.00179051910297	0.0010772628669	0.0102708897995	0.000103299179017	0.000118056204591	0.00677347473843	0.0103840269955	0.000378763656397	5.41090937711e-05	0.000944449636731	4.91900852464e-06	0	1.96760340986e-05	0.00304486627675	3.93520681971e-05	0.00013773223869	1.96760340986e-05	1.96760340986e-05	0	0	0	0.00166754388985	0.00268577865445	0.00244474723675	0.00113629096919	3.93520681971e-05	4.42710767218e-05	6.39471108203e-05
0	0	0	0	0	0	0	0	0	0	0	0	0	0	0	0	0	0	0	0	0	0	0	0	0	0	0	0	0	0	0	0	0	0	0	0	0	0	0	0	0	0	0	0	0	0	0	0	0	0	0	0	0	0	0	0	0	0	0	0	0	0	0	0	0	0	0	0	0	0	0	0	0	0	0	0	0	0	0	0	0	0	0	0
0	0	0	0	0.000939530628207	0	0	9.83801704928e-06	0	4.91900852464e-05	4.91900852464e-06	0	6.39471108203e-05	0	0	0	4.91900852464e-06	0	0	0	0	4.91900852464e-06	4.91900852464e-06	4.91900852464e-06	5.90281022957e-05	0	0	0	3.44330596725e-05	0	4.91900852464e-06	0	0	0	0	0.000191841332461	0	4.91900852464e-06	0	0.0140880404146	0	0.000757527312795	0.000806717398041	9.83801704928e-05	0.000408277707545	0.00286286296134	0	0.00288745800396	0	0.000142651247215	1.96760340986e-05	3.44330596725e-05	0	0	0	0.00699974913057	4.91900852464e-06	3.44330596725e-05	4.91900852464e-06	0.00498295563546	0	0	0	0.00482062835415	0.000103299179017	7.87041363943e-05	0	0	4.91900852464e-06	0.000118056204591	0	0	0	0	0	0	0	4.42710767218e-05	9.83801704928e-06	2.95140511479e-05	4.91900852464e-06	1.96760340986e-05	9.83801704928e-06	0
0	0	0	0	0	0	0	0	0	0	0	0	0	0	0	0	0	0	0	0	0	0	0	0	0	0	0	0	0	0	0	0	0	0	0	2.45950426232e-05	0	0	0	0	0.00463370603021	0.00163802983871	9.83801704928e-06	0.00111661493509	0	4.91900852464e-06	4.91900852464e-06	4.91900852464e-06	0	0.000683742184925	0.000437791758693	4.91900852464e-06	0	0	0	0	0	0	0	9.83801704928e-06	0	0	0	4.91900852464e-06	0.000236112409183	4.91900852464e-06	0	0.00151997363411	4.91900852464e-06	0.000580443005908	0	0	0	0	0	0	0	1.96760340986e-05	4.91900852464e-06	0.000142651247215	2.95140511479e-05	0.000860826491812	0.0010575868328	0
0	0	4.91900852464e-06	0	4.42710767218e-05	0	0	4.91900852464e-06	0	1.96760340986e-05	0	0	0.00020167934951	0	0	0	0	0	0	0	0	0	0	0	4.91900852464e-06	0	0	0	9.83801704928e-06	0	0	0	0	0	4.91900852464e-06	0.00223322987019	4.91900852464e-06	9.83801704928e-06	0	0.000757527312795	0.00163802983871	0.0412950765644	0.00287761998692	0.010388946004	0.000221355383609	0.0100200203647	2.45950426232e-05	0.0118252964932	4.91900852464e-06	0.00581918708465	0.00344330596725	3.93520681971e-05	4.91900852464e-06	0	0	0.00288253899544	5.90281022957e-05	2.95140511479e-05	3.44330596725e-05	0.00126910419936	0	0	4.91900852464e-06	0.000983801704928	0.00229225797248	0.000191841332461	0	0.000919854594108	8.85421534436e-05	0.00203155052068	0	0	4.91900852464e-06	4.91900852464e-06	0	0	0	0.0003394115882	4.42710767218e-05	0.000723094253122	0.000132813230165	0.00239063814298	0.000703418219024	0
4.91900852464e-06	4.91900852464e-06	4.91900852464e-06	0	3.44330596725e-05	0	4.91900852464e-06	2.45950426232e-05	0	0.000260707451806	9.83801704928e-06	0	1.47570255739e-05	0	4.91900852464e-06	4.91900852464e-06	0	0	0	0	0	9.83801704928e-06	0.000108218187542	9.83801704928e-06	0.000142651247215	0	0	4.91900852464e-06	7.87041363943e-05	2.45950426232e-05	2.45950426232e-05	0	0	0	1.96760340986e-05	0.00470257214956	3.93520681971e-05	0.000280383485905	0	0.000806717398041	9.83801704928e-06	0.00287761998692	0.0373844647873	0.00131337527608	0.00109201989247	0.00471241016661	2.95140511479e-05	0.00221355383609	0	0.00183479017969	0.000147570255739	0.00135272734428	0.000241031417707	0	9.83801704928e-06	0.00126910419936	0.00162819182166	0.000914935585583	0.00154948768526	0.00581918708465	4.91900852464e-06	5.90281022957e-05	0.000177084306887	0.010088886484	0.00189381828199	0.00938546826502	0	4.91900852464e-06	0.000226274392134	0.00234636706625	2.95140511479e-05	9.83801704928e-06	1.47570255739e-05	9.83801704928e-06	0	0	0	0.000983801704928	0.000172165298362	0.000850988474763	0.000334492579676	0.000309897537052	7.37851278696e-05	9.83801704928e-06
