0.0276396042662	0	0	0	0	0	0.00154411197018	0.0149889154819	0.0106323138518	0	0.000463233591053	0.000231616795526	0	0.000319851765251	0.00862496829056	0	0	0.000253675537958	4.41174848622e-05	0.000264704909173	0	0.000463233591053	0	0.000110293712155	0.00513968698644	0	0.00081617346995	0.000650732901717	0.0135220091103	0.00741173745685	0.0056029205775	5.51468560777e-05	0	0	0.00393748552395	0	0	0	0	0	0	0	0	0	0	0	0	0	0	0	0	0	0	0	0	0	0	0	0	0	0	0	0	0	0	0	0	0	0	0	6.61762272933e-05	0	0.00448895408473	9.92643409399e-05	1.10293712155e-05	5.51468560777e-05	0	0	0	0	0	0	0	0
0	0.0259521104702	0.000419116106191	0	0.000143381825802	0	0	0	0	0.00522792195617	0	4.41174848622e-05	0	7.72055985088e-05	0	0	3.30881136466e-05	0.000264704909173	0	0	4.41174848622e-05	2.20587424311e-05	0.00715806191889	1.10293712155e-05	0.00490807019092	0.000683821015364	0.00245954978107	0.0211874221051	3.30881136466e-05	1.10293712155e-05	1.10293712155e-05	3.30881136466e-05	0	0	0.000132352454587	0	0.016885967331	0	0	0	0	0	0	0	1.10293712155e-05	0	1.10293712155e-05	0	2.20587424311e-05	0	0	2.20587424311e-05	0.00216175675825	1.10293712155e-05	0.000584556674424	0	0	0.000209558053095	0.000165440568233	1.10293712155e-05	0.000981614038184	0.00229410921283	0.0139852427013	1.10293712155e-05	0	0	3.30881136466e-05	0	0	3.30881136466e-05	0.000121323083371	1.10293712155e-05	0.00029779302282	0.000187499310664	0	0	0	0.000650732901717	0.000529409818346	0.000187499310664	0.000220587424311	0	0	0
0	0.000419116106191	0.0271763706751	0	0	0	0	0.000970584666968	0	0	0	0.000165440568233	0	0.000341910507682	0	0	0	0.00502939327429	0	8.82349697244e-05	0	0.0013455832883	0.000959555295753	0.0126176006706	7.72055985088e-05	0	0.00505145201672	0.0106543725942	0.000970584666968	0	0.00103676089426	0.00019852868188	0	0	0.000286763651604	0	0.00145587700045	0	0	0	0	0	0	0	0	0	0	0	0	0	0	3.30881136466e-05	1.10293712155e-05	0	2.20587424311e-05	0	0	0.000363969250113	3.30881136466e-05	0	0	3.30881136466e-05	0.00159925882625	0	0	0	1.10293712155e-05	0	0	0	0.00162131756869	0	0.00204043367488	0.00130146580343	0	7.72055985088e-05	0	0	5.51468560777e-05	0.000121323083371	0.000242646166742	0	0	0
0	0	0	0	0	0	0	0	0	0	0	0	0	0	0	0	0	0	0	0	0	0	0	0	0	0	0	0	0	0	0	0	0	0	0	0	0	0	0	0	0	0	0	0	0	0	0	0	0	0	0	0	0	0	0	0	0	0	0	0	0	0	0	0	0	0	0	0	0	0	0	0	0	0	0	0	0	0	0	0	0	0	0	0
0	0.000143381825802	0	0	0.0182866974754	7.72055985088e-05	0.00298895959941	0.00106984900791	0.00791908853276	0.0011360252352	0.00616541850949	0.0029117540009	0.00596688982761	0.00290072462969	0.00293381274334	0.000209558053095	0	0	0.000363969250113	0.000860290954813	0.00855879206326	0	0.000143381825802	0	0.00410292609218	0	0.000860290954813	0.000143381825802	0.0024816085235	0.000551468560777	0	0.000143381825802	0.000308822394035	0	0.0029117540009	0	0	0	0	0.000683821015364	1.10293712155e-05	6.61762272933e-05	0	0	0.000286763651604	0	0	0.000308822394035	0	5.51468560777e-05	7.72055985088e-05	0	0	0	0	0.000738967871442	0	0	0	0.000573527303208	0	0	0	0.000363969250113	5.51468560777e-05	0	0	0	0	0	0	0	0.00109190775034	0	0.000727938500226	0	0	4.41174848622e-05	0	0	0	8.82349697244e-05	0	0
0	0	0	0	7.72055985088e-05	0.0054595387517	0.00418013169069	0.000419116106191	5.51468560777e-05	0.000584556674424	0.000187499310664	0	0.000540439189562	0	0	0.00237131481134	0	0	0	0	0	0	0	0	0.000474262962269	0	0	0	0.000485292333484	0	0	0	0.00308822394035	0	1.10293712155e-05	0	0	0	0	1.10293712155e-05	0	0	0	0	0.000121323083371	0	0	0	0	0	5.51468560777e-05	0	0	0	0	1.10293712155e-05	0	0	0	1.10293712155e-05	0	0	0	0	0	0	0	0	0	0	0.0004963217047	0	0.000110293712155	0	0.00100367278061	0.000805144098735	0	0	0	0	0	5.51468560777e-05	0	0
0.00154411197018	0	0	0	0.00298895959941	0.00418013169069	0.0563711162827	0.0162683225429	0.0377976551557	0.000529409818346	0.0309484156308	0.000540439189562	0.00895584942702	0.000893379068459	0.0122867195341	0.00294484211455	0	0	0	0	0.00436763100136	0	0	0	0.000584556674424	0	0.00029779302282	7.72055985088e-05	0.00956246484388	0.00183087562178	0	0.000121323083371	0.007522031169	0	0.000474262962269	0	0	0	0	1.10293712155e-05	0	0	0	0	0.000143381825802	0	1.10293712155e-05	2.20587424311e-05	0	0	5.51468560777e-05	0	0	0	0	1.10293712155e-05	0	0	0	1.10293712155e-05	0	1.10293712155e-05	0	0	0	0	1.10293712155e-05	0	0	1.10293712155e-05	0.00320954702372	5.51468560777e-05	0.000761026613873	4.41174848622e-05	0.00369483935721	0.00216175675825	0	0	0	1.10293712155e-05	0	6.61762272933e-05	0	0
0.0149889154819	0	0.000970584666968	0	0.00106984900791	0.000419116106191	0.0162683225429	0.0722423814618	0.0273307818721	0.00206249241731	0.0223455060827	0.00133455391708	0.000121323083371	0.00140073014437	0.0151102385653	9.92643409399e-05	0	0.000154411197018	0.000165440568233	0.00091543781089	0	0.00452204219837	2.20587424311e-05	0.00566909680479	0.00410292609218	0	0.00118014272006	0.000716909129011	0.0331763486164	0.00229410921283	0.0147131812015	0.000242646166742	0.000463233591053	0	0.00377204495572	0	0	0	0	0.0044668953423	0	0	0	0	0.00039705736376	0	0	9.92643409399e-05	0	0	7.72055985088e-05	0	0	0	1.10293712155e-05	0.00426836666042	0	0	0	0.00449998345594	0	1.10293712155e-05	0	0.0041139554634	0	0	0	0	0	0	0.000606615416855	7.72055985088e-05	0.00583453737302	9.92643409399e-05	0.000264704909173	0.00161028819747	0	5.51468560777e-05	4.41174848622e-05	0	0	7.72055985088e-05	0	0
0.0106323138518	0	0	0	0.00791908853276	5.51468560777e-05	0.0377976551557	0.0273307818721	0.0757276627659	0	0.0420329337024	0.00871320326028	0.0119448090264	0.00885658508608	0.0292719512061	0.000308822394035	0	1.10293712155e-05	0.000738967871442	0.00251469663714	0.0105330495108	0.000132352454587	0	7.72055985088e-05	0.00152205322775	0	0.00275734280389	0.000242646166742	0.0150881798229	0.00309925331157	0.00240440292499	0.000507351075915	0.00455513031202	0	0.00969481729847	0	0	0	0	0	0	0	0	0	0	0	0	0	0	0	0	0	0	0	0	0	0	0	0	0	0	0	0	0	0	0	0	0	0	0	0.00201837493245	5.51468560777e-05	0.00634188844894	5.51468560777e-05	0.00444483659987	0.00159925882625	0	0	0	0	0	0	0	0
0	0.00522792195617	0	0	0.0011360252352	0.000584556674424	0.000529409818346	0.00206249241731	0	0.0264815202885	0.0004963217047	0	0.00238234418256	0.000165440568233	0	0.00269116657659	1.10293712155e-05	0	0	0	0.000386027992544	0	0.00799629413127	1.10293712155e-05	0.0187058135816	0.000540439189562	0.000871320326028	0.00335292884953	0.00743379619928	0	0	0	0.000187499310664	0	6.61762272933e-05	0	1.10293712155e-05	0	0	0.0021286686446	0	0	0	0	0.00815070532829	6.61762272933e-05	3.30881136466e-05	0.000165440568233	0	0	0.000363969250113	6.61762272933e-05	0	5.51468560777e-05	2.20587424311e-05	0.0016323469399	0	0.00129043643222	0	0.00882349697244	1.10293712155e-05	0.000110293712155	5.51468560777e-05	0.00308822394035	0	5.51468560777e-05	0	0	0	0.000441174848622	0.00210660990217	0.000286763651604	0.000683821015364	8.82349697244e-05	0.000904408439675	0.0011360252352	0	0.00172058190963	0.000286763651604	0.000176469939449	4.41174848622e-05	0.000430145477406	0	0
0.000463233591053	0	0	0	0.00616541850949	0.000187499310664	0.0309484156308	0.0223455060827	0.0420329337024	0.0004963217047	0.072815908765	0.00584556674424	0.00756614865387	0.00579041988816	0.0112940761247	0	0	0	0.000772055985088	0.00294484211455	0.0067389458127	0	0	0	0.000452204219837	0	0.00230513858405	0	0.0134999503678	0.00285660714483	0	0.000617644788071	0.00157720008382	0	0.00583453737302	0	0	0	0	0.00542645063805	0	0	0	0	0.000341910507682	0.00019852868188	0	6.61762272933e-05	0	0	0.000154411197018	0	0	0	1.10293712155e-05	0.00526101006982	0	0	0	0.00547056812291	0	1.10293712155e-05	0	0.0039705736376	0	0	0	0	0	0	8.82349697244e-05	2.20587424311e-05	0.00380513306936	2.20587424311e-05	0.00210660990217	0.00039705736376	0	3.30881136466e-05	1.10293712155e-05	0	0	0.000165440568233	0	0
0.000231616795526	4.41174848622e-05	0.000165440568233	0	0.0029117540009	0	0.000540439189562	0.00133455391708	0.00871320326028	0	0.00584556674424	0.0388454454212	0.00194116933394	0.0234815313179	0.00378307432693	0	0	0.000893379068459	0.00386027992544	0.0103565795714	0.00308822394035	0.0004963217047	0	0.000386027992544	0	0.000341910507682	0.0117131922309	0.000683821015364	0.00121323083371	0.0013455832883	0.00029779302282	0.00280146028875	0.00112499586399	7.72055985088e-05	0.0217499200371	0	7.72055985088e-05	0	0	0.000121323083371	0	0	0	0	2.20587424311e-05	8.82349697244e-05	5.51468560777e-05	0	3.30881136466e-05	0	0	0	2.20587424311e-05	0	0	0.000165440568233	0	0	1.10293712155e-05	0.000176469939449	3.30881136466e-05	7.72055985088e-05	2.20587424311e-05	1.10293712155e-05	0	0	6.61762272933e-05	0	0	6.61762272933e-05	0.00167646442476	0.000154411197018	0.0148014161713	0.00122426020493	0.00256984349322	0.00162131756869	0.000672791644148	0.000121323083371	3.30881136466e-05	7.72055985088e-05	2.20587424311e-05	0	0	0
0	0	0	0	0.00596688982761	0.000540439189562	0.00895584942702	0.000121323083371	0.0119448090264	0.00238234418256	0.00756614865387	0.00194116933394	0.0227977103025	0.00187499310664	0.00495218767578	0.00351836941776	0	0	3.30881136466e-05	0.000165440568233	0.0114484873217	0	0	0	0.00243749103864	0	0.00019852868188	0	0.000264704909173	0.000242646166742	0	8.82349697244e-05	0.00102573152305	0	0.00199631619001	0	0	0	0	0	0	0	0	0	0.000220587424311	0	0	8.82349697244e-05	0	0	7.72055985088e-05	0	0	0	0	0	0	0	0	0	0	0	0	0	0	0	0	0	0	0	0	0	0.000132352454587	0	0.000672791644148	0	0	0	0	0	0	8.82349697244e-05	0	0
0.000319851765251	7.72055985088e-05	0.000341910507682	0	0.00290072462969	0	0.000893379068459	0.00140073014437	0.00885658508608	0.000165440568233	0.00579041988816	0.0234815313179	0.00187499310664	0.0393417671259	0.00401469112246	0	0	0.000154411197018	0.00189705184907	0.0046102771681	0.00302204771306	0.000628674159286	0.000154411197018	0.000860290954813	4.41174848622e-05	0.00181984625057	0.00966172918482	0.00247057915228	0.0013455832883	0.00164337631112	0.000352939878898	0.00285660714483	0.00156617071261	0	0.0172389072099	0	0.000121323083371	0	0	0.000143381825802	0	0	0	0	0.000485292333484	8.82349697244e-05	0.00114705460642	0	0.00474262962269	7.72055985088e-05	0	0	3.30881136466e-05	2.20587424311e-05	0	0.000187499310664	0	4.41174848622e-05	3.30881136466e-05	0.000374998621329	0.00386027992544	0.00164337631112	0.000672791644148	5.51468560777e-05	0.000683821015364	0	0.00125734831857	0	0	0.000860290954813	0.00311028268278	0.0039705736376	0.015044062338	0.00168749379598	0.00263601972052	0.00219484487189	0.00154411197018	0.000694850386579	0.000474262962269	0.000463233591053	4.41174848622e-05	0	0	9.92643409399e-05
0.00862496829056	0	0	0	0.00293381274334	0	0.0122867195341	0.0151102385653	0.0292719512061	0	0.0112940761247	0.00378307432693	0.00495218767578	0.00401469112246	0.0403785280201	1.10293712155e-05	0	1.10293712155e-05	3.30881136466e-05	4.41174848622e-05	0.00413601420583	9.92643409399e-05	0	2.20587424311e-05	0.00108087837912	0	0.000738967871442	0.000220587424311	0.00911026062404	0.00656247587325	0.00210660990217	7.72055985088e-05	0.0021286686446	0.000187499310664	0.00438968974379	0	0	0	0	0	0	0	0	0	0	0	0	0	0	0	0	0	0	0	0	0	0	0	0	0	0	0	0	0	0	0	0	0	0	0	0.00106984900791	5.51468560777e-05	0.00256984349322	2.20587424311e-05	0.00109190775034	0.00153308259896	0	0	0	0	0	0	0	0
0	0	0	0	0.000209558053095	0.00237131481134	0.00294484211455	9.92643409399e-05	0.000308822394035	0.00269116657659	0	0	0.00351836941776	0	1.10293712155e-05	0.0070918856916	3.30881136466e-05	0	0	0	0.000584556674424	5.51468560777e-05	1.10293712155e-05	3.30881136466e-05	0.0027683721751	0	0	0	0.000738967871442	0	0	0	0.00114705460642	0	0.000209558053095	0	0	0	0	0	0	0	0	0	0.000308822394035	0	1.10293712155e-05	0	0	0	7.72055985088e-05	0	0	0	0	0	0	3.30881136466e-05	0	5.51468560777e-05	0	0	0	0	0	1.10293712155e-05	0	0	0	1.10293712155e-05	2.20587424311e-05	0	1.10293712155e-05	0	0.000165440568233	0	0	4.41174848622e-05	2.20587424311e-05	1.10293712155e-05	1.10293712155e-05	8.82349697244e-05	0	0
0	3.30881136466e-05	0	0	0	0	0	0	0	1.10293712155e-05	0	0	0	0	0	3.30881136466e-05	0.0124411307311	0	0	0	0	0.00275734280389	0.00645218216109	0.0027683721751	0.00272425469024	0	0	0.00140073014437	0.00136764203073	0	0	0	0	0	0.000187499310664	0	0	0	0	0	0	0	0	0	1.10293712155e-05	0	1.10293712155e-05	0	0	0	0	0.00179778750813	0	1.10293712155e-05	0	0	0.000551468560777	0.00271322531902	6.61762272933e-05	0.000749997242657	0	1.10293712155e-05	4.41174848622e-05	0.00102573152305	0	0	0	0	0	1.10293712155e-05	0.00236028544013	0	2.20587424311e-05	5.51468560777e-05	6.61762272933e-05	5.51468560777e-05	0	0.000187499310664	7.72055985088e-05	1.10293712155e-05	0	0	0	0
0.000253675537958	0.000264704909173	0.00502939327429	0	0	0	0	0.000154411197018	1.10293712155e-05	0	0	0.000893379068459	0	0.000154411197018	1.10293712155e-05	0	0	0.0280146028875	1.10293712155e-05	0.00371689809964	0	0.00122426020493	0	0.00615438913828	0	0	0.00366175124356	0.0125624538145	0	0.000584556674424	0.00129043643222	2.20587424311e-05	0	0	0.00725732625983	0	0.000374998621329	0	0	0	0	0	0	0	0	0	0	0	1.10293712155e-05	0	0	0	0.000176469939449	1.10293712155e-05	4.41174848622e-05	0	0	0	3.30881136466e-05	0	0	0.000231616795526	5.51468560777e-05	0	0	0	1.10293712155e-05	0	0	0	3.30881136466e-05	2.20587424311e-05	0.00250366726593	1.10293712155e-05	0	0	0	0.000110293712155	9.92643409399e-05	1.10293712155e-05	1.10293712155e-05	0	0	0
4.41174848622e-05	0	0	0	0.000363969250113	0	0	0.000165440568233	0.000738967871442	0	0.000772055985088	0.00386027992544	3.30881136466e-05	0.00189705184907	3.30881136466e-05	0	0	1.10293712155e-05	0.00575733177452	0.00166543505355	0.000154411197018	2.20587424311e-05	0	0	0	0	0.00365072187235	0.000805144098735	0.000110293712155	0	0	6.61762272933e-05	0	0	0.00156617071261	0	1.10293712155e-05	0	0	2.20587424311e-05	0	0	0	0	2.20587424311e-05	3.30881136466e-05	0	0	0	0	0	0	0	0.000242646166742	1.10293712155e-05	4.41174848622e-05	0	0	0	6.61762272933e-05	0.00029779302282	0.000319851765251	0.000308822394035	2.20587424311e-05	0	0	0	0	0	2.20587424311e-05	0.000617644788071	4.41174848622e-05	0.00167646442476	7.72055985088e-05	0.000143381825802	0	0	6.61762272933e-05	3.30881136466e-05	1.10293712155e-05	1.10293712155e-05	0	0	0
0.000264704909173	0	8.82349697244e-05	0	0.000860290954813	0	0	0.00091543781089	0.00251469663714	0	0.00294484211455	0.0103565795714	0.000165440568233	0.0046102771681	4.41174848622e-05	0	0	0.00371689809964	0.00166543505355	0.0188602247786	0.000783085356304	0.000352939878898	0	6.61762272933e-05	0	0	0.00972790541211	0.00318748828129	0.000761026613873	0.000308822394035	0.000716909129011	0	0	8.82349697244e-05	0.00993746346521	0	0	0	0	2.20587424311e-05	0	0	0	0	0	2.20587424311e-05	0	0	0	0	0	0	0	3.30881136466e-05	0	2.20587424311e-05	0	0	0	3.30881136466e-05	5.51468560777e-05	6.61762272933e-05	0.000121323083371	1.10293712155e-05	0	0	0	0	0	1.10293712155e-05	0.00136764203073	1.10293712155e-05	0.00893379068459	0.00081617346995	0.000540439189562	0	0	1.10293712155e-05	1.10293712155e-05	4.41174848622e-05	6.61762272933e-05	0	0	0
0	4.41174848622e-05	0	0	0.00855879206326	0	0.00436763100136	0	0.0105330495108	0.000386027992544	0.0067389458127	0.00308822394035	0.0114484873217	0.00302204771306	0.00413601420583	0.000584556674424	0	0	0.000154411197018	0.000783085356304	0.0178014051419	0	4.41174848622e-05	0	0.00216175675825	0	0.000661762272933	3.30881136466e-05	0.000143381825802	0.000220587424311	0	0.000132352454587	0.000507351075915	0	0.00315440016765	0	0	0	0	0	0	0	0	0	0	0	0	8.82349697244e-05	0	0	0	0	0	0	0	0	0	0	0	0	0	0	0	0	0	0	0	0	0	0	0	0	0.000705879757795	0	0.00110293712155	0	0	0	0	0	0	0	0	0
0.000463233591053	2.20587424311e-05	0.0013455832883	0	0	0	0	0.00452204219837	0.000132352454587	0	0	0.0004963217047	0	0.000628674159286	9.92643409399e-05	5.51468560777e-05	0.00275734280389	0.00122426020493	2.20587424311e-05	0.000352939878898	0	0.055929941434	0.000275734280389	0.0294484211455	0.000474262962269	0	0.00118014272006	0.00135661265951	0.018727872324	0.00121323083371	0.0190697828317	0.000165440568233	0	0.000628674159286	0.0086580564042	0	0.000121323083371	0	0	0	0	0	0	0	0	0	1.10293712155e-05	0	0	0	0	0	1.10293712155e-05	0	0	0	0	4.41174848622e-05	0.00207352178852	5.51468560777e-05	0	1.10293712155e-05	0.00249263789471	5.51468560777e-05	0	1.10293712155e-05	0	0	0	1.10293712155e-05	0.00893379068459	0	0.0146139168606	0.00703673883552	0.000639703530502	0.000860290954813	0	8.82349697244e-05	1.10293712155e-05	0.0014889651141	0.00328675262223	0	0	0
0	0.00715806191889	0.000959555295753	0	0.000143381825802	0	0	2.20587424311e-05	0	0.00799629413127	0	0	0	0.000154411197018	0	1.10293712155e-05	0.00645218216109	0	0	0	4.41174848622e-05	0.000275734280389	0.0341469332833	0.00850364520719	0.0102021683744	0.000540439189562	0.000893379068459	0.009363936162	6.61762272933e-05	0	0	0	0	0	1.10293712155e-05	0	0.00373895684207	0	0	1.10293712155e-05	0	0	0	0	0.000165440568233	0	0	0	0	0	0	0.0108198131625	0	1.10293712155e-05	2.20587424311e-05	0	0.0011360252352	0.0147462693152	0.00149999448531	0.00188602247786	0.000330881136466	5.51468560777e-05	0.00502939327429	0.00204043367488	0	0	1.10293712155e-05	0	0	3.30881136466e-05	0.00210660990217	0.000165440568233	0	0	0	0	0	0.000926467182106	0.000341910507682	0	1.10293712155e-05	0	0	0
0.000110293712155	1.10293712155e-05	0.0126176006706	0	0	0	0	0.00566909680479	7.72055985088e-05	1.10293712155e-05	0	0.000386027992544	0	0.000860290954813	2.20587424311e-05	3.30881136466e-05	0.0027683721751	0.00615438913828	0	6.61762272933e-05	0	0.0294484211455	0.00850364520719	0.069694596711	0.000419116106191	0	0.00159925882625	0.00654041713082	0.00640806467623	0.000308822394035	0.0109190775034	0.000507351075915	0	0.000110293712155	0.00481983522119	0	0.000165440568233	0	0	0	0	0	0	0	1.10293712155e-05	0	0	0	0	0	0	0.00674997518391	0	0	0	0	0.000727938500226	0.00725732625983	0.00339704633439	0.000187499310664	0	0	0.00379410369815	0.000573527303208	0	1.10293712155e-05	0	0	0	0	0.0124521601024	6.61762272933e-05	0.0072352675174	0.0037610155845	0.000363969250113	0.000143381825802	0	9.92643409399e-05	2.20587424311e-05	0.0014889651141	0.00351836941776	0	0	0
0.00513968698644	0.00490807019092	7.72055985088e-05	0	0.00410292609218	0.000474262962269	0.000584556674424	0.00410292609218	0.00152205322775	0.0187058135816	0.000452204219837	0	0.00243749103864	4.41174848622e-05	0.00108087837912	0.0027683721751	0.00272425469024	0	0	0	0.00216175675825	0.000474262962269	0.0102021683744	0.000419116106191	0.0517387803721	0.000540439189562	0.000617644788071	0.00302204771306	0.0228087396738	0.00552571497899	0.000363969250113	0	0.000187499310664	0.00141175951559	0.00345219319047	0	0	0	0	0.000363969250113	0	0	0	0	0.00487498207727	0	0	7.72055985088e-05	0	0	0.00019852868188	1.10293712155e-05	0	3.30881136466e-05	1.10293712155e-05	0.000242646166742	0	0.00152205322775	0	0.00540439189562	1.10293712155e-05	6.61762272933e-05	1.10293712155e-05	0.00194116933394	0	1.10293712155e-05	0	0	0	4.41174848622e-05	0.0019852868188	2.20587424311e-05	0.00319851765251	0.00114705460642	0.000727938500226	0.00230513858405	0	0.000838232212382	0.000154411197018	2.20587424311e-05	0	0.000253675537958	0	0
0	0.000683821015364	0	0	0	0	0	0	0	0.000540439189562	0	0.000341910507682	0	0.00181984625057	0	0	0	0	0	0	0	0	0.000540439189562	0	0.000540439189562	0.00306616519792	0.000341910507682	0.000661762272933	0	0	0	0	0	0	0	0	0	0	0	0	0	0	0	0	0	0	0.000143381825802	0	0.000584556674424	0	0	0	0	0	0	0	0	0	0	0	0.000628674159286	0	0	0	0	0	0	0	0	3.30881136466e-05	0	0.000639703530502	0	0	0	0	0.000639703530502	0	0	4.41174848622e-05	0	0	0	6.61762272933e-05
0.00081617346995	0.00245954978107	0.00505145201672	0	0.000860290954813	0	0.00029779302282	0.00118014272006	0.00275734280389	0.000871320326028	0.00230513858405	0.0117131922309	0.00019852868188	0.00966172918482	0.000738967871442	0	0	0.00366175124356	0.00365072187235	0.00972790541211	0.000661762272933	0.00118014272006	0.000893379068459	0.00159925882625	0.000617644788071	0.000341910507682	0.0561064113735	0.0278160742056	0.00091543781089	0.00039705736376	0.00091543781089	0.00383822118301	0.000132352454587	7.72055985088e-05	0.00850364520719	0	0.00261396097808	0	0	0.000110293712155	0	0	0	0	0.000220587424311	5.51468560777e-05	6.61762272933e-05	0	0.00129043643222	0	0	1.10293712155e-05	3.30881136466e-05	0.000882349697244	0.000672791644148	0.000143381825802	0	1.10293712155e-05	5.51468560777e-05	0.00029779302282	0.00625365347922	0.00498527578943	0.00651835838839	9.92643409399e-05	2.20587424311e-05	0	0.000937496553321	0	0	0.000220587424311	0.00564703806236	0.000540439189562	0.0137867140194	0.00319851765251	0.000937496553321	0.00059558604564	0	0.000672791644148	0.000639703530502	0.000363969250113	0.000408086734975	0	0	0
0.000650732901717	0.0211874221051	0.0106543725942	0	0.000143381825802	0	7.72055985088e-05	0.000716909129011	0.000242646166742	0.00335292884953	0	0.000683821015364	0	0.00247057915228	0.000220587424311	0	0.00140073014437	0.0125624538145	0.000805144098735	0.00318748828129	3.30881136466e-05	0.00135661265951	0.009363936162	0.00654041713082	0.00302204771306	0.000661762272933	0.0278160742056	0.0923268664453	0.000683821015364	0.000452204219837	0.000849261583597	0.000628674159286	1.10293712155e-05	0	0.0039043974103	0	0.02159550884	0	0	0.000264704909173	0	0	0	0	0.000352939878898	0.000132352454587	0.000529409818346	0	0.004963217047	4.41174848622e-05	0	0.000783085356304	0.00258087286444	0.000628674159286	0.00155514134139	0.000209558053095	0	0.00147793574288	0.000286763651604	0.000716909129011	0.00891173194216	0.00958452358631	0.0234043257194	0.000430145477406	0.000551468560777	1.10293712155e-05	0.00389336803909	0	0	0.000959555295753	0.00694850386579	0.000827202841166	0.00831614589652	0.00381616244058	0.000187499310664	0.000143381825802	0	0.0017757287657	0.00186396373543	0.00124631894736	0.000937496553321	0	0	0
0.0135220091103	3.30881136466e-05	0.000970584666968	0	0.0024816085235	0.000485292333484	0.00956246484388	0.0331763486164	0.0150881798229	0.00743379619928	0.0134999503678	0.00121323083371	0.000264704909173	0.0013455832883	0.00911026062404	0.000738967871442	0.00136764203073	0	0.000110293712155	0.000761026613873	0.000143381825802	0.018727872324	6.61762272933e-05	0.00640806467623	0.0228087396738	0	0.00091543781089	0.000683821015364	0.0995400752203	0.0135661265951	0.00882349697244	0.000275734280389	0.000408086734975	0.00187499310664	0.0122426020493	0	0.000143381825802	0	0	0.00442277785743	0	0	0	0	0.00369483935721	8.82349697244e-05	1.10293712155e-05	0.000154411197018	0	0	0.000275734280389	0	2.20587424311e-05	0	1.10293712155e-05	0.00402572049367	0	5.51468560777e-05	3.30881136466e-05	0.00749997242657	0	3.30881136466e-05	8.82349697244e-05	0.00430145477406	0	1.10293712155e-05	0	0	0	2.20587424311e-05	0.00498527578943	8.82349697244e-05	0.0188491954074	0.00665071084297	0.00126837768979	0.00459924779688	0	0.000242646166742	5.51468560777e-05	1.10293712155e-05	3.30881136466e-05	0.000330881136466	0	0
0.00741173745685	1.10293712155e-05	0	0	0.000551468560777	0	0.00183087562178	0.00229410921283	0.00309925331157	0	0.00285660714483	0.0013455832883	0.000242646166742	0.00164337631112	0.00656247587325	0	0	0.000584556674424	0	0.000308822394035	0.000220587424311	0.00121323083371	0	0.000308822394035	0.00552571497899	0	0.00039705736376	0.000452204219837	0.0135661265951	0.0253013775685	0.00266910783416	0	0.000165440568233	0.0021286686446	0.00558086183507	0	2.20587424311e-05	0	0	0	0	0	0	0	0	0	0	0	0	0	0	0	1.10293712155e-05	0	0	0	0	0	0	0	0	1.10293712155e-05	1.10293712155e-05	0	0	0	0	0	0	0	8.82349697244e-05	0	0.00296690085698	9.92643409399e-05	2.20587424311e-05	0.000121323083371	0	0	0	0	0	0	0	0
0.0056029205775	1.10293712155e-05	0.00103676089426	0	0	0	0	0.0147131812015	0.00240440292499	0	0	0.00029779302282	0	0.000352939878898	0.00210660990217	0	0	0.00129043643222	0	0.000716909129011	0	0.0190697828317	0	0.0109190775034	0.000363969250113	0	0.00091543781089	0.000849261583597	0.00882349697244	0.00266910783416	0.0401579405958	1.10293712155e-05	0	0.000242646166742	0.0060992422822	0	2.20587424311e-05	0	0	0	0	0	0	0	0	0	0	0	0	0	0	0	1.10293712155e-05	0	0	0	0	0	0	0	0	1.10293712155e-05	1.10293712155e-05	0	0	0	0	0	0	0	0	0	0.00481983522119	0	0	0	0	0	0	0	0	0	0	0
5.51468560777e-05	3.30881136466e-05	0.00019852868188	0	0.000143381825802	0	0.000121323083371	0.000242646166742	0.000507351075915	0	0.000617644788071	0.00280146028875	8.82349697244e-05	0.00285660714483	7.72055985088e-05	0	0	2.20587424311e-05	6.61762272933e-05	0	0.000132352454587	0.000165440568233	0	0.000507351075915	0	0	0.00383822118301	0.000628674159286	0.000275734280389	0	1.10293712155e-05	0.00387130929666	1.10293712155e-05	0	0.00102573152305	0	6.61762272933e-05	0	0	5.51468560777e-05	0	0	0	0	2.20587424311e-05	3.30881136466e-05	2.20587424311e-05	0	1.10293712155e-05	0	0	0	2.20587424311e-05	0	0	7.72055985088e-05	0	0	0	8.82349697244e-05	0	4.41174848622e-05	1.10293712155e-05	1.10293712155e-05	0	0	3.30881136466e-05	0	0	3.30881136466e-05	0.000518380447131	0	0.00277940154632	0.000893379068459	0.00039705736376	0.000154411197018	0	7.72055985088e-05	3.30881136466e-05	3.30881136466e-05	0	0	0	0
0	0	0	0	0.000308822394035	0.00308822394035	0.007522031169	0.000463233591053	0.00455513031202	0.000187499310664	0.00157720008382	0.00112499586399	0.00102573152305	0.00156617071261	0.0021286686446	0.00114705460642	0	0	0	0	0.000507351075915	0	0	0	0.000187499310664	0	0.000132352454587	1.10293712155e-05	0.000408086734975	0.000165440568233	0	1.10293712155e-05	0.00945217113172	0	0.00126837768979	0	0	0	0	1.10293712155e-05	0	0	0	0	2.20587424311e-05	0	0	0	0	0	0	0	0	0	0	1.10293712155e-05	0	0	0	1.10293712155e-05	0	0	0	0	0	0	0	0	0	0	0.00178675813692	0	0.000981614038184	4.41174848622e-05	0.00215072738703	0.00274631343267	0	0	0	0	0	0	0	0
0	0	0	0	0	0	0	0	0	0	0	7.72055985088e-05	0	0	0.000187499310664	0	0	0	0	8.82349697244e-05	0	0.000628674159286	0	0.000110293712155	0.00141175951559	0	7.72055985088e-05	0	0.00187499310664	0.0021286686446	0.000242646166742	0	0	0.00307719456914	0.00124631894736	0	0	0	0	0	0	0	0	0	0	0	0	0	0	0	0	0	0	0	0	0	0	0	0	0	0	0	0	0	0	0	0	0	0	0	0	0	0.000308822394035	0	0	0	0	0	0	0	0	0	0	0
0.00393748552395	0.000132352454587	0.000286763651604	0	0.0029117540009	1.10293712155e-05	0.000474262962269	0.00377204495572	0.00969481729847	6.61762272933e-05	0.00583453737302	0.0217499200371	0.00199631619001	0.0172389072099	0.00438968974379	0.000209558053095	0.000187499310664	0.00725732625983	0.00156617071261	0.00993746346521	0.00315440016765	0.0086580564042	1.10293712155e-05	0.00481983522119	0.00345219319047	0	0.00850364520719	0.0039043974103	0.0122426020493	0.00558086183507	0.0060992422822	0.00102573152305	0.00126837768979	0.00124631894736	0.0532387748574	0	0.000319851765251	0	0	8.82349697244e-05	0	0	0	0	7.72055985088e-05	5.51468560777e-05	5.51468560777e-05	0	2.20587424311e-05	0	0	0	0.000176469939449	1.10293712155e-05	4.41174848622e-05	0.000110293712155	0	2.20587424311e-05	0	0.000165440568233	0	0.000275734280389	0.000264704909173	1.10293712155e-05	0	1.10293712155e-05	7.72055985088e-05	0	0	6.61762272933e-05	0.00161028819747	3.30881136466e-05	0.0302866533579	0.0032646938798	0.00280146028875	0.00280146028875	0	0.000209558053095	0.000121323083371	0.000132352454587	0.000264704909173	0	0	0
0	0	0	0	0	0	0	0	0	0	0	0	0	0	0	0	0	0	0	0	0	0	0	0	0	0	0	0	0	0	0	0	0	0	0	0.0365733949508	0	0.00372792747085	0	0.000981614038184	0	4.41174848622e-05	0.0065955639869	0.00331984073588	0	0.000253675537958	1.10293712155e-05	3.30881136466e-05	0	0.0279484266602	3.30881136466e-05	0	0	0	0	4.41174848622e-05	0.00357351627384	0	0.00607718353977	0.00612130102463	0	0	0	0.010334520829	0.00943011238929	0.0222131536281	0	0	0	0.000319851765251	0	0	0	0	0	0	0	4.41174848622e-05	0	0.000584556674424	7.72055985088e-05	1.10293712155e-05	0	0
0	0.016885967331	0.00145587700045	0	0	0	0	0	0	1.10293712155e-05	0	7.72055985088e-05	0	0.000121323083371	0	0	0	0.000374998621329	1.10293712155e-05	0	0	0.000121323083371	0.00373895684207	0.000165440568233	0	0	0.00261396097808	0.02159550884	0.000143381825802	2.20587424311e-05	2.20587424311e-05	6.61762272933e-05	0	0	0.000319851765251	0	0.0432351351649	0	0	0	0	0	0	0	0.000352939878898	2.20587424311e-05	1.10293712155e-05	0	0.00164337631112	1.10293712155e-05	0	0.004963217047	0.00314337079643	2.20587424311e-05	0.00161028819747	2.20587424311e-05	0	0.00979408163941	0.00039705736376	0.00701468009309	0.00916540748012	0.00378307432693	0.0361542788446	1.10293712155e-05	1.10293712155e-05	0	0.000121323083371	0	0	0.000187499310664	0.000408086734975	2.20587424311e-05	0.00110293712155	0.000694850386579	1.10293712155e-05	0	0	0.00156617071261	0.00135661265951	0.000606615416855	0.000430145477406	0	0	0
0	0	0	0	0	0	0	0	0	0	0	0	0	0	0	0	0	0	0	0	0	0	0	0	0	0	0	0	0	0	0	0	0	0	0	0.00372792747085	0	0.035922662049	0	0	0	0	0.0011360252352	2.20587424311e-05	0	0	0	0	0	0.00372792747085	0	0	0.00403674986489	0	0	0	0.00458821842567	0	0.0257425524171	0	0	0.00631982970651	0.00626468285043	0.00183087562178	0.00029779302282	0.00570218491844	0	0	0	0	0	0	0	0	0	0	0	0	0	0	0	0	0	0
0	0	0	0	0	0	0	0	0	0	0	0	0	0	0	0	0	0	0	0	0	0	0	0	0	0	0	0	0	0	0	0	0	0	0	0	0	0	0	0	0	0	0	0	0	0	0	0	0	0	0	0	0	0	0	0	0	0	0	0	0	0	0	0	0	0	0	0	0	0	0	0	0	0	0	0	0	0	0	0	0	0	0	0
0	0	0	0	0.000683821015364	1.10293712155e-05	1.10293712155e-05	0.0044668953423	0	0.0021286686446	0.00542645063805	0.000121323083371	0	0.000143381825802	0	0	0	0	2.20587424311e-05	2.20587424311e-05	0	0	1.10293712155e-05	0	0.000363969250113	0	0.000110293712155	0.000264704909173	0.00442277785743	0	0	5.51468560777e-05	1.10293712155e-05	0	8.82349697244e-05	0.000981614038184	0	0	0	0.0201837493245	0.000220587424311	0.000540439189562	0	0.000143381825802	0.000727938500226	0.000617644788071	3.30881136466e-05	0.0017757287657	1.10293712155e-05	0.00183087562178	1.10293712155e-05	0	0	0.000275734280389	0.000143381825802	0.0131028930041	0	4.41174848622e-05	0	0.0174925827479	0	0.00029779302282	0	0.0126506887842	0.00436763100136	7.72055985088e-05	6.61762272933e-05	2.20587424311e-05	0.00309925331157	0.0034742519329	0.00112499586399	0	0.000154411197018	0	0.000154411197018	0.000121323083371	0	0.000352939878898	4.41174848622e-05	0.00141175951559	0.000286763651604	5.51468560777e-05	0	0
0	0	0	0	1.10293712155e-05	0	0	0	0	0	0	0	0	0	0	0	0	0	0	0	0	0	0	0	0	0	0	0	0	0	0	0	0	0	0	0	0	0	0	0.000220587424311	0.00770953047967	0.00438968974379	0.000132352454587	0.00119117209128	0.00039705736376	0.00115808397763	0	0.00323160576616	0	0.000694850386579	0.00176469939449	0	0	0	0	0.00100367278061	0	6.61762272933e-05	0	0.00102573152305	0	0	1.10293712155e-05	0.000716909129011	0.000176469939449	0	0	0.00142278888681	0	0.000386027992544	0	0	0	0	0	0	0	0.000132352454587	0	0	0	0.00279043091753	0.00195219870515	0
0	0	0	0	6.61762272933e-05	0	0	0	0	0	0	0	0	0	0	0	0	0	0	0	0	0	0	0	0	0	0	0	0	0	0	0	0	0	0	4.41174848622e-05	0	0	0	0.000540439189562	0.00438968974379	0.0278491623193	0.000441174848622	0.00832717526774	0	0.0101690802607	0	0.0133675979132	0	0.00540439189562	0.0046102771681	0	0	0	0	0.00345219319047	0	0	0	0.00170955253841	0	0	0	0.00519483384252	0.00457718905445	0	0	1.10293712155e-05	0	0	0	0	0	0	0	0	0	0	0	0	0	0.00195219870515	0	0
0	0	0	0	0	0	0	0	0	0	0	0	0	0	0	0	0	0	0	0	0	0	0	0	0	0	0	0	0	0	0	0	0	0	0	0.0065955639869	0	0.0011360252352	0	0	0.000132352454587	0.000441174848622	0.0434667519605	0.00231616795526	0	0.00228307984162	0	0	0	0.00791908853276	0	0	0.000562497931993	1.10293712155e-05	3.30881136466e-05	0	0.0032646938798	0	0.00229410921283	0.00358454564505	0	4.41174848622e-05	2.20587424311e-05	0.0224557997949	0.00238234418256	0.0122205433068	0	0	0.000452204219837	0.000430145477406	0	0	0	0	0	0	0	0	0	0.000419116106191	0	0	0	0
0	0	0	0	0	0	0	0	0	0	0	0	0	0	0	0	0	0	0	0	0	0	0	0	0	0	0	0	0	0	0	0	0	0	0	0.00331984073588	0	2.20587424311e-05	0	0.000143381825802	0.00119117209128	0.00832717526774	0.00231616795526	0.0228418277874	0	0.00393748552395	0.000165440568233	0.00404777923611	0	0.0102573152305	0.00029779302282	0	0	0	0	0.00189705184907	0.000220587424311	0	6.61762272933e-05	0.00388233866787	0	0	0	0.00565806743358	0.00399263238003	0.00159925882625	0	0.0028345484024	5.51468560777e-05	0.00183087562178	0	0	0	0	0	0	0	0.00108087837912	0	0.00166543505355	0.000110293712155	0.000551468560777	0.000518380447131	0
0	1.10293712155e-05	0	0	0.000286763651604	0.000121323083371	0.000143381825802	0.00039705736376	0	0.00815070532829	0.000341910507682	2.20587424311e-05	0.000220587424311	0.000485292333484	0	0.000308822394035	1.10293712155e-05	0	2.20587424311e-05	0	0	0	0.000165440568233	1.10293712155e-05	0.00487498207727	0	0.000220587424311	0.000352939878898	0.00369483935721	0	0	2.20587424311e-05	2.20587424311e-05	0	7.72055985088e-05	0	0.000352939878898	0	0	0.000727938500226	0.00039705736376	0	0	0	0.0191580178014	4.41174848622e-05	5.51468560777e-05	0.000319851765251	0	0	0.00491909956213	0	0	0.000121323083371	4.41174848622e-05	0.000474262962269	0	0.00277940154632	0	0.0138308315043	0	0.00029779302282	0.000507351075915	0.001279407061	6.61762272933e-05	5.51468560777e-05	1.10293712155e-05	0	0	0.000518380447131	0.00215072738703	0.000573527303208	0.000639703530502	8.82349697244e-05	0.000419116106191	0.000882349697244	0	0.00249263789471	0.000562497931993	0.000264704909173	7.72055985088e-05	0.00536027441076	5.51468560777e-05	0
0	0	0	0	0	0	0	0	0	6.61762272933e-05	0.00019852868188	8.82349697244e-05	0	8.82349697244e-05	0	0	0	0	3.30881136466e-05	2.20587424311e-05	0	0	0	0	0	0	5.51468560777e-05	0.000132352454587	8.82349697244e-05	0	0	3.30881136466e-05	0	0	5.51468560777e-05	0.000253675537958	2.20587424311e-05	0	0	0.000617644788071	0.00115808397763	0.0101690802607	0.00228307984162	0.00393748552395	4.41174848622e-05	0.0342903151091	2.20587424311e-05	0.0124411307311	4.41174848622e-05	0.0118124565719	0.00143381825802	0	0	0.0017757287657	3.30881136466e-05	0.0139080371028	0	1.10293712155e-05	1.10293712155e-05	0.00832717526774	0	0.00194116933394	1.10293712155e-05	0.00412498483461	0.0123970132463	2.20587424311e-05	0.000176469939449	2.20587424311e-05	0.000551468560777	0.00540439189562	0.000330881136466	0	8.82349697244e-05	0	1.10293712155e-05	1.10293712155e-05	0	0.000694850386579	0.000110293712155	0.00252572600836	5.51468560777e-05	0.000430145477406	0	1.10293712155e-05
0	1.10293712155e-05	0	0	0	0	1.10293712155e-05	0	0	3.30881136466e-05	0	5.51468560777e-05	0	0.00114705460642	0	1.10293712155e-05	1.10293712155e-05	0	0	0	0	1.10293712155e-05	0	0	0	0.000143381825802	6.61762272933e-05	0.000529409818346	1.10293712155e-05	0	0	2.20587424311e-05	0	0	5.51468560777e-05	1.10293712155e-05	1.10293712155e-05	0	0	3.30881136466e-05	0	0	0	0.000165440568233	5.51468560777e-05	2.20587424311e-05	0.0222462417418	9.92643409399e-05	0.00736761997199	0.000970584666968	0	0	0	0.00432351351649	0.00112499586399	8.82349697244e-05	0	0	1.10293712155e-05	0.000352939878898	0.00153308259896	0.00459924779688	5.51468560777e-05	0.00029779302282	0.00406983797854	0.000275734280389	0.00204043367488	0.00130146580343	3.30881136466e-05	0.00726835563105	0.000253675537958	0.000529409818346	8.82349697244e-05	0	0.000154411197018	1.10293712155e-05	0.000485292333484	0.00154411197018	0.00145587700045	0.00590071360032	0.000452204219837	0	1.10293712155e-05	0.00124631894736
0	0	0	0	0.000308822394035	0	2.20587424311e-05	9.92643409399e-05	0	0.000165440568233	6.61762272933e-05	0	8.82349697244e-05	0	0	0	0	0	0	0	8.82349697244e-05	0	0	0	7.72055985088e-05	0	0	0	0.000154411197018	0	0	0	0	0	0	3.30881136466e-05	0	0	0	0.0017757287657	0.00323160576616	0.0133675979132	0	0.00404777923611	0.000319851765251	0.0124411307311	9.92643409399e-05	0.0359336914203	0	0.0167205267628	0.00358454564505	0	0	0.000132352454587	0	0.0160808232323	0	0	0	0.00526101006982	0	0.000253675537958	0	0.00157720008382	0.0154300903306	0	0	0	0	0.000794114727519	0	0	0	0	0	0	0	0	0	0.00029779302282	0	0.00129043643222	0	0
0	2.20587424311e-05	0	0	0	0	0	0	0	0	0	3.30881136466e-05	0	0.00474262962269	0	0	0	1.10293712155e-05	0	0	0	0	0	0	0	0.000584556674424	0.00129043643222	0.004963217047	0	0	0	1.10293712155e-05	0	0	2.20587424311e-05	0	0.00164337631112	0	0	1.10293712155e-05	0	0	0	0	0	4.41174848622e-05	0.00736761997199	0	0.0257535817883	0.00125734831857	0	0	0	2.20587424311e-05	0	4.41174848622e-05	0	0.00019852868188	0	6.61762272933e-05	0.011669074746	0.00643012341866	0.00697056260823	4.41174848622e-05	0.00366175124356	2.20587424311e-05	0.00809555847221	0.000926467182106	3.30881136466e-05	0.00438968974379	2.20587424311e-05	0.00238234418256	4.41174848622e-05	1.10293712155e-05	0	0	0.000970584666968	0.00209558053095	0.00360660438748	0.00367278061478	9.92643409399e-05	0	0	0.00105881963669
0	0	0	0	5.51468560777e-05	0	0	0	0	0	0	0	0	7.72055985088e-05	0	0	0	0	0	0	0	0	0	0	0	0	0	4.41174848622e-05	0	0	0	0	0	0	0	0.0279484266602	1.10293712155e-05	0.00372792747085	0	0.00183087562178	0.000694850386579	0.00540439189562	0.00791908853276	0.0102573152305	0	0.0118124565719	0.000970584666968	0.0167205267628	0.00125734831857	0.060275513693	0	0	0	4.41174848622e-05	0	0.0122095139356	0.00356248690262	0	0.00597791919883	0.0106654019654	0.000132352454587	0.000308822394035	0.000253675537958	0.0121433377083	0.0290072462969	0.0174815533766	4.41174848622e-05	0.000341910507682	7.72055985088e-05	0.00497424641821	3.30881136466e-05	0	0	0	0	0	0	0.00206249241731	2.20587424311e-05	0.00441174848622	6.61762272933e-05	0.000176469939449	0	3.30881136466e-05
0	0	0	0	7.72055985088e-05	5.51468560777e-05	5.51468560777e-05	7.72055985088e-05	0	0.000363969250113	0.000154411197018	0	7.72055985088e-05	0	0	7.72055985088e-05	0	0	0	0	0	0	0	0	0.00019852868188	0	0	0	0.000275734280389	0	0	0	0	0	0	3.30881136466e-05	0	0	0	1.10293712155e-05	0.00176469939449	0.0046102771681	0	0.00029779302282	0.00491909956213	0.00143381825802	0	0.00358454564505	0	0	0.0104558439123	0	0	0	0	0.000209558053095	0	0.000176469939449	0	0.00402572049367	0	0	3.30881136466e-05	0.00102573152305	0	0	0	0	0	0	0	0	0	0	0	0	0	0.000518380447131	0	0	0	0.00712497380524	8.82349697244e-05	0
0	2.20587424311e-05	3.30881136466e-05	0	0	0	0	0	0	6.61762272933e-05	0	0	0	0	0	0	0.00179778750813	0	0	0	0	0	0.0108198131625	0.00674997518391	1.10293712155e-05	0	1.10293712155e-05	0.000783085356304	0	0	0	0	0	0	0	0	0.004963217047	0	0	0	0	0	0	0	0	0	0	0	0	0	0	0.0302315065018	0	4.41174848622e-05	3.30881136466e-05	0	0.00122426020493	0.0250918195154	0.00162131756869	0.00916540748012	0.00131249517465	7.72055985088e-05	0.0113933404657	0.000959555295753	0	2.20587424311e-05	1.10293712155e-05	0	0	2.20587424311e-05	0.00108087837912	0	0	0	0	0	0	0.0014889651141	0.000187499310664	2.20587424311e-05	6.61762272933e-05	0	0	0
0	0.00216175675825	1.10293712155e-05	0	0	0	0	0	0	0	0	2.20587424311e-05	0	3.30881136466e-05	0	0	0	0.000176469939449	0	0	0	1.10293712155e-05	0	0	0	0	3.30881136466e-05	0.00258087286444	2.20587424311e-05	1.10293712155e-05	1.10293712155e-05	2.20587424311e-05	0	0	0.000176469939449	0	0.00314337079643	0.00403674986489	0	0	0	0	0.000562497931993	0	0	0	0	0	0	0	0	0	0.0309815037445	0	0.00264704909173	0	0.00108087837912	0	0.00536027441076	0	0	0.0096506998136	0.0136984790497	0.000794114727519	0	0.000154411197018	0	0	0	0.00363969250113	0.00029779302282	1.10293712155e-05	0.000738967871442	0.000363969250113	0	0	0	5.51468560777e-05	0	0.00223896235676	0.000143381825802	0	0	0
0	1.10293712155e-05	0	0	0	0	0	0	0	5.51468560777e-05	0	0	0	2.20587424311e-05	0	0	1.10293712155e-05	1.10293712155e-05	0.000242646166742	3.30881136466e-05	0	0	1.10293712155e-05	0	3.30881136466e-05	0	0.000882349697244	0.000628674159286	0	0	0	0	0	0	1.10293712155e-05	0	2.20587424311e-05	0	0	0.000275734280389	0	0	1.10293712155e-05	0	0.000121323083371	0.0017757287657	0.00432351351649	0.000132352454587	2.20587424311e-05	4.41174848622e-05	0	4.41174848622e-05	0	0.0124080426175	0.000860290954813	0.00186396373543	1.10293712155e-05	1.10293712155e-05	0.000264704909173	0.0023382266977	0.000860290954813	0.00861393891934	0.000904408439675	0.000573527303208	0.00124631894736	0.000110293712155	2.20587424311e-05	0	0.000584556674424	0.00458821842567	0.000121323083371	3.30881136466e-05	1.10293712155e-05	0	0	0	0	0.0021286686446	0.0026249903493	0.00393748552395	0.000242646166742	0	0	0
