2506	0	0	0	0	0	140	1359	964	0	42	21	0	29	782	0	0	23	4	24	0	42	0	10	466	0	74	59	1226	672	508	5	0	0	357	0	0	0	0	0	0	0	0	0	0	0	0	0	0	0	0	0	0	0	0	0	0	0	0	0	0	0	0	0	0	0	0	0	0	0	6	0	407	9	1	5	0	0	0	0	0	0	0	0
0	2353	38	0	13	0	0	0	0	474	0	4	0	7	0	0	3	24	0	0	4	2	649	1	445	62	223	1921	3	1	1	3	0	0	12	0	1531	0	0	0	0	0	0	0	1	0	1	0	2	0	0	2	196	1	53	0	0	19	15	1	89	208	1268	1	0	0	3	0	0	3	11	1	27	17	0	0	0	59	48	17	20	0	0	0
0	38	2464	0	0	0	0	88	0	0	0	15	0	31	0	0	0	456	0	8	0	122	87	1144	7	0	458	966	88	0	94	18	0	0	26	0	132	0	0	0	0	0	0	0	0	0	0	0	0	0	0	3	1	0	2	0	0	33	3	0	0	3	145	0	0	0	1	0	0	0	147	0	185	118	0	7	0	0	5	11	22	0	0	0
0	0	0	0	0	0	0	0	0	0	0	0	0	0	0	0	0	0	0	0	0	0	0	0	0	0	0	0	0	0	0	0	0	0	0	0	0	0	0	0	0	0	0	0	0	0	0	0	0	0	0	0	0	0	0	0	0	0	0	0	0	0	0	0	0	0	0	0	0	0	0	0	0	0	0	0	0	0	0	0	0	0	0	0
0	13	0	0	1658	7	271	97	718	103	559	264	541	263	266	19	0	0	33	78	776	0	13	0	372	0	78	13	225	50	0	13	28	0	264	0	0	0	0	62	1	6	0	0	26	0	0	28	0	5	7	0	0	0	0	67	0	0	0	52	0	0	0	33	5	0	0	0	0	0	0	0	99	0	66	0	0	4	0	0	0	8	0	0
0	0	0	0	7	495	379	38	5	53	17	0	49	0	0	215	0	0	0	0	0	0	0	0	43	0	0	0	44	0	0	0	280	0	1	0	0	0	0	1	0	0	0	0	11	0	0	0	0	0	5	0	0	0	0	1	0	0	0	1	0	0	0	0	0	0	0	0	0	0	45	0	10	0	91	73	0	0	0	0	0	5	0	0
140	0	0	0	271	379	5111	1475	3427	48	2806	49	812	81	1114	267	0	0	0	0	396	0	0	0	53	0	27	7	867	166	0	11	682	0	43	0	0	0	0	1	0	0	0	0	13	0	1	2	0	0	5	0	0	0	0	1	0	0	0	1	0	1	0	0	0	0	1	0	0	1	291	5	69	4	335	196	0	0	0	1	0	6	0	0
1359	0	88	0	97	38	1475	6550	2478	187	2026	121	11	127	1370	9	0	14	15	83	0	410	2	514	372	0	107	65	3008	208	1334	22	42	0	342	0	0	0	0	405	0	0	0	0	36	0	0	9	0	0	7	0	0	0	1	387	0	0	0	408	0	1	0	373	0	0	0	0	0	0	55	7	529	9	24	146	0	5	4	0	0	7	0	0
964	0	0	0	718	5	3427	2478	6866	0	3811	790	1083	803	2654	28	0	1	67	228	955	12	0	7	138	0	250	22	1368	281	218	46	413	0	879	0	0	0	0	0	0	0	0	0	0	0	0	0	0	0	0	0	0	0	0	0	0	0	0	0	0	0	0	0	0	0	0	0	0	0	183	5	575	5	403	145	0	0	0	0	0	0	0	0
0	474	0	0	103	53	48	187	0	2401	45	0	216	15	0	244	1	0	0	0	35	0	725	1	1696	49	79	304	674	0	0	0	17	0	6	0	1	0	0	193	0	0	0	0	739	6	3	15	0	0	33	6	0	5	2	148	0	117	0	800	1	10	5	280	0	5	0	0	0	40	191	26	62	8	82	103	0	156	26	16	4	39	0	0
42	0	0	0	559	17	2806	2026	3811	45	6602	530	686	525	1024	0	0	0	70	267	611	0	0	0	41	0	209	0	1224	259	0	56	143	0	529	0	0	0	0	492	0	0	0	0	31	18	0	6	0	0	14	0	0	0	1	477	0	0	0	496	0	1	0	360	0	0	0	0	0	0	8	2	345	2	191	36	0	3	1	0	0	15	0	0
21	4	15	0	264	0	49	121	790	0	530	3522	176	2129	343	0	0	81	350	939	280	45	0	35	0	31	1062	62	110	122	27	254	102	7	1972	0	7	0	0	11	0	0	0	0	2	8	5	0	3	0	0	0	2	0	0	15	0	0	1	16	3	7	2	1	0	0	6	0	0	6	152	14	1342	111	233	147	61	11	3	7	2	0	0	0
0	0	0	0	541	49	812	11	1083	216	686	176	2067	170	449	319	0	0	3	15	1038	0	0	0	221	0	18	0	24	22	0	8	93	0	181	0	0	0	0	0	0	0	0	0	20	0	0	8	0	0	7	0	0	0	0	0	0	0	0	0	0	0	0	0	0	0	0	0	0	0	0	0	12	0	61	0	0	0	0	0	0	8	0	0
29	7	31	0	263	0	81	127	803	15	525	2129	170	3567	364	0	0	14	172	418	274	57	14	78	4	165	876	224	122	149	32	259	142	0	1563	0	11	0	0	13	0	0	0	0	44	8	104	0	430	7	0	0	3	2	0	17	0	4	3	34	350	149	61	5	62	0	114	0	0	78	282	360	1364	153	239	199	140	63	43	42	4	0	0	9
782	0	0	0	266	0	1114	1370	2654	0	1024	343	449	364	3661	1	0	1	3	4	375	9	0	2	98	0	67	20	826	595	191	7	193	17	398	0	0	0	0	0	0	0	0	0	0	0	0	0	0	0	0	0	0	0	0	0	0	0	0	0	0	0	0	0	0	0	0	0	0	0	97	5	233	2	99	139	0	0	0	0	0	0	0	0
0	0	0	0	19	215	267	9	28	244	0	0	319	0	1	643	3	0	0	0	53	5	1	3	251	0	0	0	67	0	0	0	104	0	19	0	0	0	0	0	0	0	0	0	28	0	1	0	0	0	7	0	0	0	0	0	0	3	0	5	0	0	0	0	0	1	0	0	0	1	2	0	1	0	15	0	0	4	2	1	1	8	0	0
0	3	0	0	0	0	0	0	0	1	0	0	0	0	0	3	1128	0	0	0	0	250	585	251	247	0	0	127	124	0	0	0	0	0	17	0	0	0	0	0	0	0	0	0	1	0	1	0	0	0	0	163	0	1	0	0	50	246	6	68	0	1	4	93	0	0	0	0	0	1	214	0	2	5	6	5	0	17	7	1	0	0	0	0
23	24	456	0	0	0	0	14	1	0	0	81	0	14	1	0	0	2540	1	337	0	111	0	558	0	0	332	1139	0	53	117	2	0	0	658	0	34	0	0	0	0	0	0	0	0	0	0	0	1	0	0	0	16	1	4	0	0	0	3	0	0	21	5	0	0	0	1	0	0	0	3	2	227	1	0	0	0	10	9	1	1	0	0	0
4	0	0	0	33	0	0	15	67	0	70	350	3	172	3	0	0	1	522	151	14	2	0	0	0	0	331	73	10	0	0	6	0	0	142	0	1	0	0	2	0	0	0	0	2	3	0	0	0	0	0	0	0	22	1	4	0	0	0	6	27	29	28	2	0	0	0	0	0	2	56	4	152	7	13	0	0	6	3	1	1	0	0	0
24	0	8	0	78	0	0	83	228	0	267	939	15	418	4	0	0	337	151	1710	71	32	0	6	0	0	882	289	69	28	65	0	0	8	901	0	0	0	0	2	0	0	0	0	0	2	0	0	0	0	0	0	0	3	0	2	0	0	0	3	5	6	11	1	0	0	0	0	0	1	124	1	810	74	49	0	0	1	1	4	6	0	0	0
0	4	0	0	776	0	396	0	955	35	611	280	1038	274	375	53	0	0	14	71	1614	0	4	0	196	0	60	3	13	20	0	12	46	0	286	0	0	0	0	0	0	0	0	0	0	0	0	8	0	0	0	0	0	0	0	0	0	0	0	0	0	0	0	0	0	0	0	0	0	0	0	0	64	0	100	0	0	0	0	0	0	0	0	0
42	2	122	0	0	0	0	410	12	0	0	45	0	57	9	5	250	111	2	32	0	5071	25	2670	43	0	107	123	1698	110	1729	15	0	57	785	0	11	0	0	0	0	0	0	0	0	0	1	0	0	0	0	0	1	0	0	0	0	4	188	5	0	1	226	5	0	1	0	0	0	1	810	0	1325	638	58	78	0	8	1	135	298	0	0	0
0	649	87	0	13	0	0	2	0	725	0	0	0	14	0	1	585	0	0	0	4	25	3096	771	925	49	81	849	6	0	0	0	0	0	1	0	339	0	0	1	0	0	0	0	15	0	0	0	0	0	0	981	0	1	2	0	103	1337	136	171	30	5	456	185	0	0	1	0	0	3	191	15	0	0	0	0	0	84	31	0	1	0	0	0
10	1	1144	0	0	0	0	514	7	1	0	35	0	78	2	3	251	558	0	6	0	2670	771	6319	38	0	145	593	581	28	990	46	0	10	437	0	15	0	0	0	0	0	0	0	1	0	0	0	0	0	0	612	0	0	0	0	66	658	308	17	0	0	344	52	0	1	0	0	0	0	1129	6	656	341	33	13	0	9	2	135	319	0	0	0
466	445	7	0	372	43	53	372	138	1696	41	0	221	4	98	251	247	0	0	0	196	43	925	38	4691	49	56	274	2068	501	33	0	17	128	313	0	0	0	0	33	0	0	0	0	442	0	0	7	0	0	18	1	0	3	1	22	0	138	0	490	1	6	1	176	0	1	0	0	0	4	180	2	290	104	66	209	0	76	14	2	0	23	0	0
0	62	0	0	0	0	0	0	0	49	0	31	0	165	0	0	0	0	0	0	0	0	49	0	49	278	31	60	0	0	0	0	0	0	0	0	0	0	0	0	0	0	0	0	0	0	13	0	53	0	0	0	0	0	0	0	0	0	0	0	57	0	0	0	0	0	0	0	0	3	0	58	0	0	0	0	58	0	0	4	0	0	0	6
74	223	458	0	78	0	27	107	250	79	209	1062	18	876	67	0	0	332	331	882	60	107	81	145	56	31	5087	2522	83	36	83	348	12	7	771	0	237	0	0	10	0	0	0	0	20	5	6	0	117	0	0	1	3	80	61	13	0	1	5	27	567	452	591	9	2	0	85	0	0	20	512	49	1250	290	85	54	0	61	58	33	37	0	0	0
59	1921	966	0	13	0	7	65	22	304	0	62	0	224	20	0	127	1139	73	289	3	123	849	593	274	60	2522	8371	62	41	77	57	1	0	354	0	1958	0	0	24	0	0	0	0	32	12	48	0	450	4	0	71	234	57	141	19	0	134	26	65	808	869	2122	39	50	1	353	0	0	87	630	75	754	346	17	13	0	161	169	113	85	0	0	0
1226	3	88	0	225	44	867	3008	1368	674	1224	110	24	122	826	67	124	0	10	69	13	1698	6	581	2068	0	83	62	9025	1230	800	25	37	170	1110	0	13	0	0	401	0	0	0	0	335	8	1	14	0	0	25	0	2	0	1	365	0	5	3	680	0	3	8	390	0	1	0	0	0	2	452	8	1709	603	115	417	0	22	5	1	3	30	0	0
672	1	0	0	50	0	166	208	281	0	259	122	22	149	595	0	0	53	0	28	20	110	0	28	501	0	36	41	1230	2294	242	0	15	193	506	0	2	0	0	0	0	0	0	0	0	0	0	0	0	0	0	0	1	0	0	0	0	0	0	0	0	1	1	0	0	0	0	0	0	0	8	0	269	9	2	11	0	0	0	0	0	0	0	0
508	1	94	0	0	0	0	1334	218	0	0	27	0	32	191	0	0	117	0	65	0	1729	0	990	33	0	83	77	800	242	3641	1	0	22	553	0	2	0	0	0	0	0	0	0	0	0	0	0	0	0	0	0	1	0	0	0	0	0	0	0	0	1	1	0	0	0	0	0	0	0	0	0	437	0	0	0	0	0	0	0	0	0	0	0
5	3	18	0	13	0	11	22	46	0	56	254	8	259	7	0	0	2	6	0	12	15	0	46	0	0	348	57	25	0	1	351	1	0	93	0	6	0	0	5	0	0	0	0	2	3	2	0	1	0	0	0	2	0	0	7	0	0	0	8	0	4	1	1	0	0	3	0	0	3	47	0	252	81	36	14	0	7	3	3	0	0	0	0
0	0	0	0	28	280	682	42	413	17	143	102	93	142	193	104	0	0	0	0	46	0	0	0	17	0	12	1	37	15	0	1	857	0	115	0	0	0	0	1	0	0	0	0	2	0	0	0	0	0	0	0	0	0	0	1	0	0	0	1	0	0	0	0	0	0	0	0	0	0	162	0	89	4	195	249	0	0	0	0	0	0	0	0
0	0	0	0	0	0	0	0	0	0	0	7	0	0	17	0	0	0	0	8	0	57	0	10	128	0	7	0	170	193	22	0	0	279	113	0	0	0	0	0	0	0	0	0	0	0	0	0	0	0	0	0	0	0	0	0	0	0	0	0	0	0	0	0	0	0	0	0	0	0	0	0	28	0	0	0	0	0	0	0	0	0	0	0
357	12	26	0	264	1	43	342	879	6	529	1972	181	1563	398	19	17	658	142	901	286	785	1	437	313	0	771	354	1110	506	553	93	115	113	4827	0	29	0	0	8	0	0	0	0	7	5	5	0	2	0	0	0	16	1	4	10	0	2	0	15	0	25	24	1	0	1	7	0	0	6	146	3	2746	296	254	254	0	19	11	12	24	0	0	0
0	0	0	0	0	0	0	0	0	0	0	0	0	0	0	0	0	0	0	0	0	0	0	0	0	0	0	0	0	0	0	0	0	0	0	3316	0	338	0	89	0	4	598	301	0	23	1	3	0	2534	3	0	0	0	0	4	324	0	551	555	0	0	0	937	855	2014	0	0	0	29	0	0	0	0	0	0	0	4	0	53	7	1	0	0
0	1531	132	0	0	0	0	0	0	1	0	7	0	11	0	0	0	34	1	0	0	11	339	15	0	0	237	1958	13	2	2	6	0	0	29	0	3920	0	0	0	0	0	0	0	32	2	1	0	149	1	0	450	285	2	146	2	0	888	36	636	831	343	3278	1	1	0	11	0	0	17	37	2	100	63	1	0	0	142	123	55	39	0	0	0
0	0	0	0	0	0	0	0	0	0	0	0	0	0	0	0	0	0	0	0	0	0	0	0	0	0	0	0	0	0	0	0	0	0	0	338	0	3257	0	0	0	0	103	2	0	0	0	0	0	338	0	0	366	0	0	0	416	0	2334	0	0	573	568	166	27	517	0	0	0	0	0	0	0	0	0	0	0	0	0	0	0	0	0	0
0	0	0	0	0	0	0	0	0	0	0	0	0	0	0	0	0	0	0	0	0	0	0	0	0	0	0	0	0	0	0	0	0	0	0	0	0	0	0	0	0	0	0	0	0	0	0	0	0	0	0	0	0	0	0	0	0	0	0	0	0	0	0	0	0	0	0	0	0	0	0	0	0	0	0	0	0	0	0	0	0	0	0	0
0	0	0	0	62	1	1	405	0	193	492	11	0	13	0	0	0	0	2	2	0	0	1	0	33	0	10	24	401	0	0	5	1	0	8	89	0	0	0	1830	20	49	0	13	66	56	3	161	1	166	1	0	0	25	13	1188	0	4	0	1586	0	27	0	1147	396	7	6	2	281	315	102	0	14	0	14	11	0	32	4	128	26	5	0	0
0	0	0	0	1	0	0	0	0	0	0	0	0	0	0	0	0	0	0	0	0	0	0	0	0	0	0	0	0	0	0	0	0	0	0	0	0	0	0	20	699	398	12	108	36	105	0	293	0	63	160	0	0	0	0	91	0	6	0	93	0	0	1	65	16	0	0	129	0	35	0	0	0	0	0	0	0	12	0	0	0	253	177	0
0	0	0	0	6	0	0	0	0	0	0	0	0	0	0	0	0	0	0	0	0	0	0	0	0	0	0	0	0	0	0	0	0	0	0	4	0	0	0	49	398	2525	40	755	0	922	0	1212	0	490	418	0	0	0	0	313	0	0	0	155	0	0	0	471	415	0	0	1	0	0	0	0	0	0	0	0	0	0	0	0	0	177	0	0
0	0	0	0	0	0	0	0	0	0	0	0	0	0	0	0	0	0	0	0	0	0	0	0	0	0	0	0	0	0	0	0	0	0	0	598	0	103	0	0	12	40	3941	210	0	207	0	0	0	718	0	0	51	1	3	0	296	0	208	325	0	4	2	2036	216	1108	0	0	41	39	0	0	0	0	0	0	0	0	0	38	0	0	0	0
0	0	0	0	0	0	0	0	0	0	0	0	0	0	0	0	0	0	0	0	0	0	0	0	0	0	0	0	0	0	0	0	0	0	0	301	0	2	0	13	108	755	210	2071	0	357	15	367	0	930	27	0	0	0	0	172	20	0	6	352	0	0	0	513	362	145	0	257	5	166	0	0	0	0	0	0	0	98	0	151	10	50	47	0
0	1	0	0	26	11	13	36	0	739	31	2	20	44	0	28	1	0	2	0	0	0	15	1	442	0	20	32	335	0	0	2	2	0	7	0	32	0	0	66	36	0	0	0	1737	4	5	29	0	0	446	0	0	11	4	43	0	252	0	1254	0	27	46	116	6	5	1	0	0	47	195	52	58	8	38	80	0	226	51	24	7	486	5	0
0	0	0	0	0	0	0	0	0	6	18	8	0	8	0	0	0	0	3	2	0	0	0	0	0	0	5	12	8	0	0	3	0	0	5	23	2	0	0	56	105	922	207	357	4	3109	2	1128	4	1071	130	0	0	161	3	1261	0	1	1	755	0	176	1	374	1124	2	16	2	50	490	30	0	8	0	1	1	0	63	10	229	5	39	0	1
0	1	0	0	0	0	1	0	0	3	0	5	0	104	0	1	1	0	0	0	0	1	0	0	0	13	6	48	1	0	0	2	0	0	5	1	1	0	0	3	0	0	0	15	5	2	2017	9	668	88	0	0	0	392	102	8	0	0	1	32	139	417	5	27	369	25	185	118	3	659	23	48	8	0	14	1	44	140	132	535	41	0	1	113
0	0	0	0	28	0	2	9	0	15	6	0	8	0	0	0	0	0	0	0	8	0	0	0	7	0	0	0	14	0	0	0	0	0	0	3	0	0	0	161	293	1212	0	367	29	1128	9	3258	0	1516	325	0	0	12	0	1458	0	0	0	477	0	23	0	143	1399	0	0	0	0	72	0	0	0	0	0	0	0	0	0	27	0	117	0	0
0	2	0	0	0	0	0	0	0	0	0	3	0	430	0	0	0	1	0	0	0	0	0	0	0	53	117	450	0	0	0	1	0	0	2	0	149	0	0	1	0	0	0	0	0	4	668	0	2335	114	0	0	0	2	0	4	0	18	0	6	1058	583	632	4	332	2	734	84	3	398	2	216	4	1	0	0	88	190	327	333	9	0	0	96
0	0	0	0	5	0	0	0	0	0	0	0	0	7	0	0	0	0	0	0	0	0	0	0	0	0	0	4	0	0	0	0	0	0	0	2534	1	338	0	166	63	490	718	930	0	1071	88	1516	114	5465	0	0	0	4	0	1107	323	0	542	967	12	28	23	1101	2630	1585	4	31	7	451	3	0	0	0	0	0	0	187	2	400	6	16	0	3
0	0	0	0	7	5	5	7	0	33	14	0	7	0	0	7	0	0	0	0	0	0	0	0	18	0	0	0	25	0	0	0	0	0	0	3	0	0	0	1	160	418	0	27	446	130	0	325	0	0	948	0	0	0	0	19	0	16	0	365	0	0	3	93	0	0	0	0	0	0	0	0	0	0	0	0	0	47	0	0	0	646	8	0
0	2	3	0	0	0	0	0	0	6	0	0	0	0	0	0	163	0	0	0	0	0	981	612	1	0	1	71	0	0	0	0	0	0	0	0	450	0	0	0	0	0	0	0	0	0	0	0	0	0	0	2741	0	4	3	0	111	2275	147	831	119	7	1033	87	0	2	1	0	0	2	98	0	0	0	0	0	0	135	17	2	6	0	0	0
0	196	1	0	0	0	0	0	0	0	0	2	0	3	0	0	0	16	0	0	0	1	0	0	0	0	3	234	2	1	1	2	0	0	16	0	285	366	0	0	0	0	51	0	0	0	0	0	0	0	0	0	2809	0	240	0	98	0	486	0	0	875	1242	72	0	14	0	0	0	330	27	1	67	33	0	0	0	5	0	203	13	0	0	0
0	1	0	0	0	0	0	0	0	5	0	0	0	2	0	0	1	1	22	3	0	0	1	0	3	0	80	57	0	0	0	0	0	0	1	0	2	0	0	25	0	0	1	0	11	161	392	12	2	4	0	4	0	1125	78	169	1	1	24	212	78	781	82	52	113	10	2	0	53	416	11	3	1	0	0	0	0	193	238	357	22	0	0	0
0	53	2	0	0	0	0	1	0	2	1	0	0	0	0	0	0	4	1	0	0	0	2	0	1	0	61	141	1	0	0	0	0	0	4	0	146	0	0	13	0	0	3	0	4	3	102	0	0	0	0	3	240	78	1278	3	27	3	87	32	17	783	168	38	12	17	0	0	37	470	3	7	6	1	0	2	0	114	118	342	4	0	0	0
0	0	0	0	67	1	1	387	0	148	477	15	0	17	0	0	0	0	4	2	0	0	0	0	22	0	13	19	365	0	0	7	1	0	10	4	2	0	0	1188	91	313	0	172	43	1261	8	1458	4	1107	19	0	0	169	3	3227	0	3	0	1847	0	192	1	628	1394	0	16	2	56	571	69	0	18	0	9	4	0	70	10	259	7	17	0	1
0	0	0	0	0	0	0	0	0	0	0	0	0	0	0	0	50	0	0	0	0	0	103	66	0	0	0	0	0	0	0	0	0	0	0	324	0	416	0	0	0	0	296	20	0	0	0	0	0	323	0	111	98	1	27	0	4232	103	2674	68	0	27	2	926	230	1579	0	0	168	265	9	0	0	0	0	0	0	170	2	228	102	0	9	0
0	19	33	0	0	0	0	0	0	117	0	0	0	4	0	3	246	0	0	0	0	4	1337	658	138	0	1	134	5	0	0	0	0	0	2	0	888	0	0	4	6	0	0	0	252	1	0	0	18	0	16	2275	0	1	3	3	103	3594	136	1400	250	6	1429	254	0	0	1	0	0	18	213	7	3	2	0	2	0	191	21	0	2	16	1	0
0	15	3	0	0	0	0	0	0	0	0	1	0	3	0	0	6	3	0	0	0	188	136	308	0	0	5	26	3	0	0	0	0	0	0	551	36	2334	0	0	0	0	208	6	0	1	1	0	0	542	0	147	486	24	87	0	2674	136	7356	7	0	140	1026	385	110	1261	7	0	10	308	116	0	64	46	0	0	0	429	49	728	697	7	10	0
0	1	0	0	52	1	1	408	0	800	496	16	0	34	0	5	68	0	6	3	0	5	171	17	490	0	27	65	680	0	0	8	1	0	15	555	636	0	0	1586	93	155	325	352	1254	755	32	477	6	967	365	831	0	212	32	1847	68	1400	7	8399	168	242	719	4219	1925	839	22	27	868	1584	304	25	59	3	63	102	0	834	28	871	201	406	12	1
0	89	0	0	0	0	0	0	0	1	0	3	0	350	0	0	0	0	27	5	0	0	30	0	1	57	567	808	0	0	0	0	0	0	0	0	831	0	0	0	0	0	0	0	0	0	139	0	1058	12	0	119	0	78	17	0	0	250	0	168	2268	553	1557	0	69	0	264	0	0	78	0	212	0	0	0	0	91	0	1	88	0	0	0	43
0	208	3	0	0	0	1	1	0	10	1	7	0	149	0	0	1	21	29	6	0	1	5	0	6	0	452	869	3	1	1	4	0	0	25	0	343	573	0	27	0	0	4	0	27	176	417	23	583	28	0	7	875	781	783	192	27	6	140	242	553	6251	2551	65	180	20	898	0	61	708	60	14	46	23	14	3	0	809	947	917	61	0	0	57
0	1268	145	0	0	0	0	0	0	5	0	2	0	61	0	0	4	5	28	11	0	226	456	344	1	0	591	2122	8	1	1	1	0	0	24	0	3278	568	0	0	1	0	2	0	46	1	5	0	632	23	3	1033	1242	82	168	1	2	1429	1026	719	1557	2551	10051	5	30	2	229	4	0	42	72	5	262	223	0	0	0	88	77	347	547	3	0	0
0	1	0	0	33	0	0	373	0	280	360	1	0	5	0	0	93	0	2	1	0	5	185	52	176	0	9	39	390	0	0	1	0	0	1	937	1	166	0	1147	65	471	2036	513	116	374	27	143	4	1101	93	87	72	52	38	628	926	254	385	4219	0	65	5	8575	1703	1955	12	27	993	1058	171	7	5	0	23	32	0	853	17	814	275	29	12	0
0	0	0	0	5	0	0	0	0	0	0	0	0	62	0	0	0	0	0	0	0	0	0	0	0	0	2	50	0	0	0	0	0	0	0	855	1	27	0	396	16	415	216	362	6	1124	369	1399	332	2630	0	0	0	113	12	1394	230	0	110	1925	69	180	30	1703	5939	1498	40	307	1034	1922	95	12	0	0	2	0	0	340	15	947	35	1	2	6
0	0	0	0	0	0	0	0	0	5	0	0	0	0	0	1	0	0	0	0	0	1	0	1	1	0	0	1	1	0	0	0	0	0	1	2014	0	517	0	7	0	0	1108	145	5	2	25	0	2	1585	0	2	14	10	17	0	1579	0	1261	839	0	20	2	1955	1498	5798	6	11	643	555	2	0	5	0	1	2	0	51	4	336	84	0	3	0
0	3	1	0	0	0	1	0	0	0	0	6	0	114	0	0	0	1	0	0	0	0	1	0	0	0	85	353	0	0	0	3	0	0	7	0	11	0	0	6	0	0	0	0	1	16	185	0	734	4	0	1	0	2	0	16	0	1	7	22	264	898	229	12	40	6	1148	0	10	122	25	1	10	3	13	1	0	359	493	308	29	0	0	76
0	0	0	0	0	0	0	0	0	0	0	0	0	0	0	0	0	0	0	0	0	0	0	0	0	0	0	0	0	0	0	0	0	0	0	0	0	0	0	2	129	1	0	257	0	2	118	0	84	31	0	0	0	0	0	2	0	0	0	27	0	0	4	27	307	11	0	633	7	410	0	0	0	0	0	0	0	112	0	253	13	29	186	1
0	0	0	0	0	0	0	0	0	0	0	0	0	0	0	0	0	0	0	0	0	0	0	0	0	0	0	0	0	0	0	0	0	0	0	0	0	0	0	281	0	0	41	5	0	50	3	0	3	7	0	0	0	53	37	56	168	0	10	868	0	61	0	993	1034	643	10	7	1292	644	0	0	0	0	0	0	0	0	6	281	37	0	3	0
0	3	0	0	0	0	1	0	0	40	0	6	0	78	0	1	1	0	2	1	0	1	3	0	4	3	20	87	2	0	0	3	0	0	6	29	17	0	0	315	35	0	39	166	47	490	659	72	398	451	0	2	330	416	470	571	265	18	308	1584	78	708	42	1058	1922	555	122	410	644	4603	211	25	18	0	36	10	8	626	29	2323	217	0	86	16
6	11	147	0	0	45	291	55	183	191	8	152	0	282	97	2	214	3	56	124	0	810	191	1129	180	0	512	630	452	8	0	47	162	0	146	0	37	0	0	102	0	0	0	0	195	30	23	0	2	3	0	98	27	11	3	69	9	213	116	304	0	60	72	171	95	2	25	0	0	211	4055	278	876	547	426	255	0	346	173	38	63	0	0	0
0	1	0	0	0	0	5	7	5	26	2	14	0	360	5	0	0	2	4	1	0	0	15	6	2	58	49	75	8	0	0	0	0	0	3	0	2	0	0	0	0	0	0	0	52	0	48	0	216	0	0	0	1	3	7	0	0	7	0	25	212	14	5	7	12	0	1	0	0	25	278	667	18	17	5	1	112	50	93	15	1	0	0	16
407	27	185	0	99	10	69	529	575	62	345	1342	12	1364	233	1	2	227	152	810	64	1325	0	656	290	0	1250	754	1709	269	437	252	89	28	2746	0	100	0	0	14	0	0	0	0	58	8	8	0	4	0	0	0	67	1	6	18	0	3	64	59	0	46	262	5	0	5	10	0	0	18	876	18	5453	1474	128	477	13	74	35	155	282	0	0	0
9	17	118	0	0	0	4	9	5	8	2	111	0	153	2	0	5	1	7	74	0	638	0	341	104	0	290	346	603	9	0	81	4	0	296	0	63	0	0	0	0	0	0	0	8	0	0	0	1	0	0	0	33	0	1	0	0	2	46	3	0	23	223	0	0	0	3	0	0	0	547	17	1474	1566	73	225	0	32	12	103	226	0	0	0
1	0	0	0	66	91	335	24	403	82	191	233	61	239	99	15	6	0	13	49	100	58	0	33	66	0	85	17	115	2	0	36	195	0	254	0	1	0	0	14	0	0	0	0	38	1	14	0	0	0	0	0	0	0	0	9	0	0	0	63	0	14	0	23	2	1	13	0	0	36	426	5	128	73	1095	158	0	23	1	18	2	0	0	0
5	0	7	0	0	73	196	146	145	103	36	147	0	199	139	0	5	0	0	0	0	78	0	13	209	0	54	13	417	11	0	14	249	0	254	0	0	0	0	11	0	0	0	0	80	1	1	0	0	0	0	0	0	0	2	4	0	2	0	102	0	3	0	32	0	2	1	0	0	10	255	1	477	225	158	949	0	12	4	8	1	0	0	0
0	0	0	0	0	0	0	0	0	0	0	61	0	140	0	0	0	0	0	0	0	0	0	0	0	58	0	0	0	0	0	0	0	0	0	0	0	0	0	0	0	0	0	0	0	0	44	0	88	0	0	0	0	0	0	0	0	0	0	0	91	0	0	0	0	0	0	0	0	8	0	112	13	0	0	0	171	0	0	10	0	0	0	15
0	59	0	0	4	0	0	5	0	156	3	11	0	63	0	4	17	10	6	1	0	8	84	9	76	0	61	161	22	0	0	7	0	0	19	4	142	0	0	32	12	0	0	98	226	63	140	0	190	187	47	135	5	193	114	70	170	191	429	834	0	809	88	853	340	51	359	112	0	626	346	50	74	32	23	12	0	3527	1081	747	290	55	19	36
0	48	5	0	0	0	0	4	0	26	1	3	0	43	0	2	7	9	3	1	0	1	31	2	14	0	58	169	5	0	0	3	0	0	11	0	123	0	0	4	0	0	0	0	51	10	132	0	327	2	0	17	0	238	118	10	2	21	49	28	1	947	77	17	15	4	493	0	6	29	173	93	35	12	1	4	0	1081	1575	297	82	0	0	117
0	17	11	0	0	0	1	0	0	16	0	7	0	42	0	1	1	1	1	4	0	135	0	135	2	4	33	113	1	0	0	3	0	0	12	53	55	0	0	128	0	0	38	151	24	229	535	27	333	400	0	2	203	357	342	259	228	0	728	871	88	917	347	814	947	336	308	253	281	2323	38	15	155	103	18	8	10	747	297	4017	911	0	41	148
0	20	22	0	0	0	0	0	0	4	0	2	0	4	0	1	0	1	1	6	0	298	1	319	0	0	37	85	3	0	0	0	0	0	24	7	39	0	0	26	0	0	0	10	7	5	41	0	9	6	0	6	13	22	4	7	102	2	697	201	0	61	547	275	35	84	29	13	37	217	63	1	282	226	2	1	0	290	82	911	1526	5	23	3
0	0	0	0	8	5	6	7	0	39	15	0	8	0	0	8	0	0	0	0	0	0	0	0	23	0	0	0	30	0	0	0	0	0	0	1	0	0	0	5	253	177	0	50	486	39	0	117	0	16	646	0	0	0	0	17	0	16	7	406	0	0	3	29	1	0	0	29	0	0	0	0	0	0	0	0	0	55	0	0	5	959	79	0
0	0	0	0	0	0	0	0	0	0	0	0	0	0	0	0	0	0	0	0	0	0	0	0	0	0	0	0	0	0	0	0	0	0	0	0	0	0	0	0	177	0	0	47	5	0	1	0	0	0	8	0	0	0	0	0	9	1	10	12	0	0	0	12	2	3	0	186	3	86	0	0	0	0	0	0	0	19	0	41	23	79	288	0
0	0	0	0	0	0	0	0	0	0	0	0	0	9	0	0	0	0	0	0	0	0	0	0	0	6	0	0	0	0	0	0	0	0	0	0	0	0	0	0	0	0	0	0	0	1	113	0	96	3	0	0	0	0	0	1	0	0	0	1	43	57	0	0	6	0	76	1	0	16	0	16	0	0	0	0	15	36	117	148	3	0	0	215
