7653	0	79	0	2	0	427	3475	3085	53	1047	178	746	4	4629	58	14	137	67	88	1114	547	0	388	140	0	215	132	1035	4451	3525	0	3	1080	973	8	0	0	0	0	0	39	12	9	49	34	0	34	0	1	0	0	2	0	3	4	0	2	0	22	0	0	0	48	0	9	0	0	0	59	16	6	332	126	31	1	39	2	0	68	67	35	2	0
0	7313	153	0	0	0	0	0	0	1037	0	2	0	333	0	0	409	20	0	2	0	7	1714	24	320	1477	1327	6199	0	0	0	91	0	0	4	1	3016	140	0	0	0	0	1	0	1	1	8	1	400	0	0	416	32	0	190	0	0	414	113	11	608	834	3092	15	0	1	226	0	0	2	125	112	0	0	0	0	0	115	115	16	2	1	0	1
79	153	7079	0	0	0	0	147	31	30	0	0	0	1	72	0	20	650	0	90	0	656	0	3557	0	0	2339	2515	154	63	910	0	2	0	38	0	79	540	0	0	0	15	4	3	16	9	0	5	0	2	0	126	11	0	3	0	143	363	592	17	0	1	161	22	0	3	0	0	0	8	514	187	188	47	69	7	2	30	32	17	16	15	7	0
0	0	0	0	0	0	0	0	0	0	0	0	0	0	0	0	0	0	0	0	0	0	0	0	0	0	0	0	0	0	0	0	0	0	0	0	0	0	0	0	0	0	0	0	0	0	0	0	0	0	0	0	0	0	0	0	0	0	0	0	0	0	0	0	0	0	0	0	0	0	0	0	0	0	0	0	0	0	0	0	0	0	0	0
2	0	0	0	4636	0	20	199	54	616	193	6	601	15	40	78	0	1	6	4	1156	0	0	2	2110	0	3	2	1420	173	7	0	15	65	219	10	0	0	0	1171	0	170	11	57	588	425	9	848	1	5	0	0	1	0	0	1599	0	0	0	471	0	0	0	320	1	9	0	0	0	38	40	1	157	116	14	16	36	92	0	68	59	173	2	0
0	0	0	0	0	1697	1004	1	168	267	0	0	0	0	10	762	0	0	0	0	0	0	0	0	167	0	0	0	104	9	0	0	428	0	27	0	0	0	0	0	0	0	0	0	1	0	0	0	0	1	0	0	0	0	0	0	2	0	2	3	0	0	0	0	0	0	0	0	0	0	275	0	2	3	759	72	0	4	0	1	0	0	0	0
427	0	0	0	20	1004	9950	3249	4666	234	1688	125	1214	9	1684	1707	1	1	67	78	398	81	0	55	109	0	67	20	1286	1948	918	0	455	1040	1024	16	0	0	0	246	0	66	23	37	315	121	2	66	1	3	0	2	9	0	0	133	3	3	2	362	0	0	0	253	0	18	0	0	0	87	303	4	705	333	790	64	71	10	0	112	110	63	6	0
3475	0	147	0	199	1	3249	15525	7072	204	3652	483	605	58	3844	725	3	11	255	381	1265	625	0	499	467	0	354	123	6238	5684	4138	0	20	4234	4450	89	0	0	0	645	0	259	100	109	772	379	2	250	0	23	0	5	26	0	21	499	5	10	4	889	0	0	1	507	1	99	0	0	0	459	421	27	2912	1257	164	45	416	26	1	523	503	275	10	0
3085	0	31	0	54	168	4666	7072	13370	67	1887	376	693	116	6781	806	6	49	203	348	1019	450	0	208	148	0	441	189	1758	6365	2623	0	831	2411	3691	83	0	0	0	251	0	371	85	186	348	394	1	344	1	32	0	3	26	1	21	203	11	6	9	486	0	0	1	325	16	86	0	16	11	405	734	82	2412	1439	270	414	312	134	2	805	795	449	102	0
53	1037	30	0	616	267	234	204	67	7746	104	2	1199	43	80	1088	664	19	1	15	505	579	1641	185	3507	227	87	984	1015	280	155	0	37	95	451	10	44	10	0	351	0	280	19	48	2194	301	13	667	2	14	6	1	22	3	17	497	1	975	13	1455	8	12	46	1184	1	9	0	0	1	83	1175	169	195	194	1190	13	72	84	17	148	135	94	5	0
1047	0	0	0	193	0	1688	3652	1887	104	7968	280	849	34	1233	125	1	10	135	183	2270	29	0	14	65	0	175	23	2085	2317	123	0	19	1079	2237	44	0	0	0	129	1	190	60	103	108	332	2	278	0	13	0	0	11	0	6	236	1	0	4	243	0	1	0	51	1	47	0	0	0	235	290	17	1430	742	57	22	200	84	0	303	297	238	14	0
178	2	0	0	6	0	125	483	376	2	280	6499	394	1367	1006	10	4	79	1562	883	503	40	0	35	13	364	1022	63	255	1973	122	147	416	403	2614	10	22	0	0	0	0	2	13	1	0	1	36	1	419	3	0	8	5	0	2	0	0	21	3	16	54	26	21	4	0	12	59	0	0	30	180	660	1031	32	0	12	216	32	327	39	34	2	1	29
746	0	0	0	601	0	1214	605	693	1199	849	394	8702	23	1216	794	1	1	183	154	4341	51	0	61	460	0	110	18	625	2785	242	0	13	260	1705	54	1	0	0	7	0	1157	83	350	378	1091	248	1770	46	55	4	3	11	58	33	601	0	5	0	28	1	224	0	32	16	61	23	0	0	371	160	27	838	527	271	1	271	30	2	834	424	743	17	4
4	333	1	0	15	0	9	58	116	43	34	1367	23	4768	219	8	1	4	14	4	38	2	2	7	15	2226	767	810	61	282	26	399	214	57	395	67	45	0	0	4	0	7	15	6	5	17	342	22	1412	18	0	18	22	1	19	12	0	40	1	42	156	151	23	11	6	76	206	3	4	140	38	171	449	372	4	70	307	2	906	188	162	13	4	97
4629	0	72	0	40	10	1684	3844	6781	80	1233	1006	1216	219	12420	104	17	132	425	435	1572	746	0	430	162	6	534	258	1403	9229	3306	0	1196	2140	3562	67	0	0	0	26	0	243	52	134	92	241	0	251	1	28	0	1	22	1	23	76	7	3	7	115	0	0	1	100	14	73	0	5	9	324	333	24	1580	852	89	266	246	72	2	579	563	278	38	0
58	0	0	0	78	762	1707	725	806	1088	125	10	794	8	104	3547	6	0	5	8	179	57	0	56	368	0	9	3	498	560	323	0	10	426	611	10	0	0	0	119	0	216	18	88	427	200	1	368	0	3	1	0	4	0	0	253	10	1	13	117	0	0	0	76	0	10	0	0	0	81	472	2	598	440	1501	11	55	12	0	165	161	133	21	0
14	409	20	0	0	0	1	3	6	664	1	4	1	1	17	6	4906	4	0	2	3	648	2359	1174	711	99	29	1462	302	28	61	0	1	16	25	0	57	4	0	0	0	2	3	0	6	2	0	2	2	0	0	569	2	0	6	0	533	1262	359	105	7	5	52	437	0	0	0	0	0	1	748	151	30	24	5	9	1	7	3	3	3	1	0	0
137	20	650	0	1	0	1	11	49	19	10	79	1	4	132	0	4	6530	3	2180	5	1123	1	2259	3	0	2922	1492	12	148	1022	0	1	3	1415	1	20	42	0	1	0	43	13	9	9	36	1	27	0	6	0	4	24	0	24	3	3	15	18	6	0	1	27	23	0	12	1	0	0	47	276	204	548	281	95	51	29	33	106	69	59	44	4	0
67	0	0	0	6	0	67	255	203	1	135	1562	183	14	425	5	0	3	2204	995	233	11	0	4	11	9	618	85	123	877	62	8	125	205	1030	1	0	0	0	0	0	2	2	1	0	1	0	1	0	0	0	0	2	0	2	0	0	1	2	2	0	4	0	3	0	2	0	0	0	4	421	413	504	20	1	7	1	142	2	9	9	2	1	0
88	2	90	0	4	0	78	381	348	15	183	883	154	4	435	8	2	2180	995	4767	225	227	0	394	14	13	2184	586	127	870	223	0	71	233	2127	3	2	13	0	0	0	19	12	8	7	16	0	10	0	5	0	1	12	0	15	0	1	8	4	8	0	9	5	11	0	13	0	0	0	26	631	544	858	155	37	18	7	151	29	41	30	20	3	0
1114	0	0	0	1156	0	398	1265	1019	505	2270	503	4341	38	1572	179	3	5	233	225	7240	67	0	29	732	0	199	32	1697	3367	276	0	24	691	2440	38	0	0	0	5	0	171	57	89	55	136	2	157	0	10	1	2	2	1	3	12	0	4	0	101	0	8	0	56	1	40	0	0	0	208	259	15	1292	751	41	18	171	19	1	267	259	188	16	0
547	7	656	0	0	0	81	625	450	579	29	40	51	2	746	57	648	1123	11	227	67	12378	305	6560	839	2	421	274	2308	1377	5809	0	9	803	2273	5	3	5	0	1	0	33	13	9	20	28	0	28	0	2	0	67	6	0	8	2	21	1094	6	119	0	1	7	1043	0	7	0	0	0	32	547	97	1290	228	125	39	25	5	5	38	34	24	1	0
0	1714	0	0	0	0	0	0	0	1641	0	0	0	2	0	0	2359	1	0	0	0	305	5619	784	762	336	25	2861	1	0	0	0	0	0	1	0	197	0	0	1	0	0	0	0	1	0	0	0	2	0	0	852	0	0	13	0	310	1452	601	41	14	13	278	258	0	0	0	0	0	0	12	4	1	0	5	0	0	1	1	0	0	0	0	0
388	24	3557	0	2	0	55	499	208	185	14	35	61	7	430	56	1174	2259	4	394	29	6560	784	18682	22	3	1315	3121	563	712	3629	0	8	311	2000	11	16	42	0	6	1	388	27	37	15	335	0	309	0	9	0	546	22	1	9	19	644	1942	1339	81	0	4	33	568	2	14	0	0	2	412	2887	475	2689	1324	902	213	312	55	22	449	440	383	16	1
140	320	0	0	2110	167	109	467	148	3507	65	13	460	15	162	368	711	3	11	14	732	839	762	22	9784	14	8	288	3565	584	953	0	3	552	915	9	18	0	0	1148	0	91	29	11	2179	133	5	334	0	14	48	4	2	0	3	451	1	262	4	2168	2	2	16	983	5	4	0	1	1	23	589	12	453	265	778	9	23	93	2	40	36	28	3	0
0	1477	0	0	0	0	0	0	0	227	0	364	0	2226	6	0	99	0	9	13	0	2	336	3	14	4801	1375	2744	0	7	0	177	7	0	13	1	63	0	0	0	0	0	0	0	0	1	283	1	1012	0	0	25	17	0	170	0	0	49	1	31	330	1254	187	4	0	1	208	0	0	2	28	40	2	0	0	0	37	20	395	11	0	1	0	99
215	1327	2339	0	3	0	67	354	441	87	175	1022	110	767	534	9	29	2922	618	2184	199	421	25	1315	8	1375	21918	9483	51	863	557	259	73	143	1550	6	1203	1163	0	0	0	37	56	13	34	34	19	16	628	20	0	26	694	3	1371	1	23	54	246	49	86	2567	1758	141	3	48	484	0	1	101	2203	2204	889	237	20	28	8	913	1814	305	86	49	7	2
132	6199	2515	0	2	0	20	123	189	984	23	63	18	810	258	3	1462	1492	85	586	32	274	2861	3121	288	2744	9483	28481	39	312	340	70	9	64	353	7	4158	807	0	0	0	3	32	1	43	4	41	2	332	9	0	1829	220	0	1249	1	789	2833	2798	51	683	3024	4151	112	1	41	231	0	0	48	4246	1130	506	106	45	11	6	649	632	182	60	10	0	1
1035	0	154	0	1420	104	1286	6238	1758	1015	2085	255	625	61	1403	498	302	12	123	127	1697	2308	1	563	3565	0	51	39	16067	3567	4426	0	28	3464	4233	65	0	1	0	2485	0	241	92	98	3042	410	5	386	0	15	0	3	11	0	5	1321	3	322	4	3233	0	0	1	2355	8	59	0	0	2	308	901	27	2909	1477	500	56	274	77	3	377	367	238	13	1
4451	0	63	0	173	9	1948	5684	6365	280	2317	1973	2785	282	9229	560	28	148	877	870	3367	1377	0	712	584	7	863	312	3567	18084	5770	0	1159	5729	8875	176	0	0	0	36	0	942	208	465	303	746	4	753	1	62	1	8	54	1	40	121	10	23	8	312	0	0	1	222	15	198	0	16	9	1003	1083	83	4770	2707	321	317	812	134	3	1572	1558	988	166	0
3525	0	910	0	7	0	918	4138	2623	155	123	122	242	26	3306	323	61	1022	62	223	276	5809	0	3629	953	0	557	340	4426	5770	16140	0	7	4606	4557	45	0	1	0	40	2	138	60	32	505	128	1	232	0	13	1	38	12	0	12	19	21	89	7	418	0	0	3	286	1	53	0	0	0	254	736	20	2835	946	317	71	219	100	4	271	254	193	5	1
0	91	0	0	0	0	0	0	0	0	0	147	0	399	0	0	0	0	8	0	0	0	0	0	0	177	259	70	0	0	0	491	0	0	0	0	3	0	0	0	0	0	0	0	0	0	0	0	159	0	0	1	0	0	0	0	0	3	0	2	20	36	0	0	0	0	69	0	0	0	0	14	0	0	0	0	1	0	84	0	0	0	0	0
3	0	2	0	15	428	455	20	831	37	19	416	13	214	1196	10	1	1	125	71	24	9	0	8	3	7	73	9	28	1159	7	0	2334	13	1459	18	0	0	0	15	0	134	20	92	16	148	0	159	1	10	0	1	8	1	1	70	7	3	9	56	0	0	0	40	13	15	0	10	9	96	330	55	734	745	79	460	61	90	1	362	366	179	49	0
1080	0	0	0	65	0	1040	4234	2411	95	1079	403	260	57	2140	426	16	3	205	233	691	803	0	311	552	0	143	64	3464	5729	4606	0	13	7525	5038	75	0	0	0	35	0	190	90	84	341	167	1	240	0	18	0	5	16	0	11	20	6	17	4	427	0	0	1	206	1	84	0	0	0	362	676	15	3229	1411	221	59	327	62	1	404	385	227	8	0
973	4	38	0	219	27	1024	4450	3691	451	2237	2614	1705	395	3562	611	25	1415	1030	2127	2440	2273	1	2000	915	13	1550	353	4233	8875	4557	0	1459	5038	18743	235	4	4	0	87	3	1380	288	543	996	1150	6	1229	1	101	2	11	77	3	53	174	29	195	39	774	0	7	19	527	22	255	0	16	13	1585	2681	185	9518	4426	587	632	1301	634	46	2236	2217	1497	173	1
8	1	0	0	10	0	16	89	83	10	44	10	54	67	67	10	0	1	1	3	38	5	0	11	9	1	6	7	65	176	45	0	18	75	235	3815	2	1	0	14	1	14	924	421	9	235	25	349	9	1679	0	0	197	5	31	38	126	5	98	548	1	24	4	432	1624	732	2	1	97	601	22	18	251	245	16	17	229	59	28	602	357	7	2	13
0	3016	79	0	0	0	0	0	0	44	0	22	1	45	0	0	57	20	0	2	0	3	197	16	18	63	1203	4158	0	0	0	3	0	0	4	2	8660	111	0	32	0	3	5	0	48	2	27	10	1405	0	3	2362	68	0	144	1	140	3437	822	1132	2544	1301	6372	83	1	7	205	0	0	13	178	150	0	0	0	0	0	333	242	53	29	2	0	2
0	140	540	0	0	0	0	0	0	10	0	0	0	0	0	0	4	42	0	13	0	5	0	42	0	0	1163	807	1	0	1	0	0	0	4	1	111	5978	0	0	0	1	56	1	7	1	2	2	0	0	0	3	1816	1	21	0	540	3	1775	6	0	1023	997	245	0	624	0	0	0	10	90	76	15	12	25	1	0	213	191	43	20	1	0	0
0	0	0	0	0	0	0	0	0	0	0	0	0	0	0	0	0	0	0	0	0	0	0	0	0	0	0	0	0	0	0	0	0	0	0	0	0	0	0	0	0	0	0	0	0	0	0	0	0	0	0	0	0	0	0	0	0	0	0	0	0	0	0	0	0	0	0	0	0	0	0	0	0	0	0	0	0	0	0	0	0	0	0	0
0	0	0	0	1171	0	246	645	251	351	129	0	7	4	26	119	0	1	0	0	5	1	1	6	1148	0	0	0	2485	36	40	0	15	35	87	14	32	0	0	7170	29	672	380	491	3318	1672	24	2326	12	199	444	0	9	10	13	3741	9	135	15	4652	7	9	0	2678	16	11	3	1	0	50	47	4	45	31	1	13	14	230	5	125	122	217	3	0
0	0	0	0	0	0	0	0	0	0	1	0	0	0	0	0	0	0	0	0	0	0	0	1	0	0	0	0	0	0	2	0	0	0	3	1	0	0	0	29	2548	2003	42	888	10	290	4	177	3	13	552	0	0	0	1	43	3	2	3	32	0	2	2	21	0	1	0	172	0	29	2	0	1	1	0	0	0	50	9	20	53	662	484	0
39	0	15	0	170	0	66	259	371	280	190	2	1157	7	243	216	2	43	2	19	171	33	0	388	91	0	37	3	241	942	138	0	134	190	1380	14	3	1	0	672	2003	14064	211	5084	1109	7418	810	6016	177	908	1319	2	13	193	116	1197	9	74	19	890	8	551	6	236	83	12	60	149	0	1412	113	140	1731	1636	228	47	675	531	52	3135	1961	4024	516	32
12	1	4	0	11	0	23	100	85	19	60	13	83	15	52	18	3	13	2	12	57	13	0	27	29	0	56	32	92	208	60	0	20	90	288	924	5	56	0	380	42	211	11176	1965	24	958	99	1215	30	2050	0	7	743	60	113	527	314	54	612	1309	2	99	48	4298	156	2226	15	1	2	625	125	23	346	297	31	23	271	362	73	1160	1085	36	7	5
9	0	3	0	57	0	37	109	186	48	103	1	350	6	134	88	0	9	1	8	89	9	0	37	11	0	13	1	98	465	32	0	92	84	543	421	0	1	0	491	888	5084	1965	10939	112	4165	88	3831	29	3634	25	2	6	21	46	1310	12	11	10	748	2	31	7	1138	361	212	3	157	11	462	38	8	575	573	79	13	69	264	38	885	844	1323	220	27
49	1	16	0	588	1	315	772	348	2194	108	0	378	5	92	427	6	9	0	7	55	20	1	15	2179	0	34	43	3042	303	505	0	16	341	996	9	48	7	0	3318	10	1109	24	112	8717	542	25	2534	21	33	740	1	18	0	2	1486	18	1328	26	6444	10	7	3	2607	2	6	1	3	0	86	846	99	238	160	297	14	56	526	44	147	111	509	7	0
34	1	9	0	425	0	121	379	394	301	332	1	1091	17	241	200	2	36	1	16	136	28	0	335	133	1	34	4	410	746	128	0	148	167	1150	235	2	1	0	1672	290	7418	958	4165	542	15358	922	7483	157	1111	21	2	21	295	216	3837	22	6	36	1646	7	617	1	927	321	31	61	6	1	1303	131	139	1450	1332	165	98	551	630	29	3043	1837	2737	53	26
0	8	0	0	9	0	2	2	1	13	2	36	248	342	0	1	0	1	0	0	2	0	0	0	5	283	19	41	5	4	1	0	0	1	6	25	27	2	0	24	4	810	99	88	25	922	6409	1024	1861	254	2	75	108	928	883	143	43	5	155	42	168	703	191	55	143	21	95	50	3	1818	10	20	3	3	9	0	3	570	909	3308	414	383	28	579
34	1	5	0	848	0	66	250	344	667	278	1	1770	22	251	368	2	27	1	10	157	28	0	309	334	1	16	2	386	753	232	0	159	240	1229	349	10	2	0	2326	177	6016	1215	3831	2534	7483	1024	14458	209	1855	929	2	17	294	211	3852	31	192	39	3105	8	655	0	1076	396	80	69	5	9	1476	231	108	1336	1194	312	110	733	749	22	3103	1611	3014	28	29
0	400	0	0	1	0	1	0	1	2	0	419	46	1412	1	0	2	0	0	0	0	0	2	0	0	1012	628	332	0	1	0	159	1	0	1	9	1405	0	0	12	3	177	30	29	21	157	1861	209	6645	88	3	603	13	3	10	32	57	1265	112	804	2037	1504	1113	59	102	7	1029	28	1	384	1	27	1	1	2	1	0	118	1563	1036	57	125	20	593
1	0	2	0	5	1	3	23	32	14	13	3	55	18	28	3	0	6	0	5	10	2	0	9	14	0	20	9	15	62	13	0	10	18	101	1679	0	0	0	199	13	908	2050	3634	33	1111	254	1855	88	7813	0	5	43	62	56	381	31	18	16	753	11	52	2	825	1776	298	2	2	22	487	53	6	101	84	7	3	66	104	38	591	214	51	12	58
0	0	0	0	0	0	0	0	0	6	0	0	4	0	0	1	0	0	0	0	1	0	0	0	48	0	0	0	0	1	1	0	0	0	2	0	3	0	0	444	552	1319	0	25	740	21	2	929	3	0	1879	0	0	0	0	42	0	83	0	620	0	3	0	85	0	0	1	6	0	3	2	0	1	1	0	0	1	3	0	7	1	314	102	0
0	416	126	0	0	0	2	5	3	1	0	8	3	18	1	0	569	4	0	1	2	67	852	546	4	25	26	1829	3	8	38	1	1	5	11	0	2362	3	0	0	0	2	7	2	1	2	75	2	603	5	0	7828	56	6	81	1	842	5242	3078	777	1307	784	2634	902	0	53	102	0	0	18	32	13	37	30	4	11	0	1184	495	143	153	3	0	0
2	32	11	0	1	0	9	26	26	22	11	5	11	22	22	4	2	24	2	12	2	6	0	22	2	17	694	220	11	54	12	0	8	16	77	197	68	1816	0	9	0	13	743	6	18	21	108	17	13	43	0	56	9947	18	1912	10	930	9	3709	24	8	710	1552	431	18	1501	6	0	7	1858	113	99	74	65	22	9	52	1040	991	2005	496	15	7	6
0	0	0	0	0	0	0	0	1	3	0	0	58	1	1	0	0	0	0	0	1	0	0	1	0	0	3	0	0	1	0	0	1	0	3	5	0	1	0	10	0	193	60	21	0	295	928	294	3	62	0	6	18	1423	892	39	16	1	14	3	0	172	12	9	0	11	2	0	0	450	3	1	4	4	0	1	11	122	125	781	39	49	1	0
3	190	3	0	0	0	0	21	21	17	6	2	33	19	23	0	6	24	2	15	3	8	13	9	3	170	1371	1249	5	40	12	0	1	11	53	31	144	21	0	13	1	116	113	46	2	216	883	211	10	56	0	81	1912	892	7294	45	145	24	316	11	227	2069	480	202	17	104	0	7	2	1413	76	64	34	28	5	2	48	1428	1595	2377	248	63	20	4
4	0	0	0	1599	0	133	499	203	497	236	0	601	12	76	253	0	3	0	0	12	2	0	19	451	0	1	1	1321	121	19	0	70	20	174	38	1	0	0	3741	43	1197	527	1310	1486	3837	143	3852	32	381	42	1	10	39	45	7127	14	5	22	2058	3	103	0	1318	39	13	13	3	1	175	73	34	183	162	102	76	82	412	9	545	351	892	11	1
0	0	143	0	0	2	3	5	11	1	1	0	0	0	7	10	533	3	0	1	0	21	310	644	1	0	23	789	3	10	21	0	7	6	29	126	140	540	0	9	3	9	314	12	18	22	43	31	57	31	0	842	930	16	145	14	9474	1039	5323	29	71	139	286	986	490	2663	13	0	115	1577	62	21	28	26	35	11	1	1432	609	1253	471	7	3	1
2	414	363	0	0	0	3	10	6	975	0	21	5	40	3	1	1262	15	1	8	4	1094	1452	1942	262	49	54	2833	322	23	89	3	3	17	195	5	3437	3	0	135	2	74	54	11	1328	6	5	192	1265	18	83	5242	9	1	24	5	1039	11656	3357	2901	2094	1016	2613	2122	1	4	171	1	0	4	738	63	68	46	7	15	0	134	57	22	13	4	1	2
0	113	592	0	0	2	2	4	9	13	4	3	0	1	7	13	359	18	2	4	0	6	601	1339	4	1	246	2798	4	8	7	0	9	4	39	98	822	1775	0	15	3	19	612	10	26	36	155	39	112	16	0	3078	3709	14	316	22	5323	3357	17113	52	273	237	2988	364	30	1763	18	1	9	1037	136	58	51	43	114	13	0	4314	1055	1631	790	19	9	3
22	11	17	0	471	3	362	889	486	1455	243	16	28	42	115	117	105	6	2	8	101	119	41	81	2168	31	49	51	3233	312	418	2	56	427	774	548	1132	6	0	4652	32	890	1309	748	6444	1646	42	3105	804	753	620	777	24	3	11	2058	29	2901	52	15201	884	311	479	5945	352	21	66	3	15	84	649	105	305	123	10	57	38	783	40	356	658	527	10	9
0	608	0	0	0	0	0	0	0	8	0	54	1	156	0	0	7	0	0	0	0	0	14	0	2	330	86	683	0	0	0	20	0	0	0	1	2544	0	0	7	0	8	2	2	10	7	168	8	2037	11	0	1307	8	0	227	3	71	2094	273	884	4215	1770	2332	50	10	1	218	0	0	20	0	0	0	0	0	0	0	8	121	54	0	6	0	144
0	834	1	0	0	0	0	0	0	12	1	26	224	151	0	0	5	1	4	9	8	1	13	4	2	1254	2567	3024	0	0	0	36	0	0	7	24	1301	1023	0	9	2	551	99	31	7	617	703	655	1504	52	3	784	710	172	2069	103	139	1016	237	311	1770	12269	4115	150	9	34	1000	1	0	248	76	75	2	0	1	0	4	540	1393	1239	88	324	5	1
0	3092	161	0	0	0	0	1	1	46	0	21	0	23	1	0	52	27	0	5	0	7	278	33	16	187	1758	4151	1	1	3	0	0	1	19	4	6372	997	0	0	2	6	48	7	3	1	191	0	1113	2	0	2634	1552	12	480	0	286	2613	2988	479	2332	4115	18372	249	0	99	178	2	0	88	160	120	11	7	7	0	1	3141	1169	422	217	30	10	0
48	15	22	0	320	0	253	507	325	1184	51	4	32	11	100	76	437	23	3	11	56	1043	258	568	983	4	141	112	2355	222	286	0	40	206	527	432	83	245	0	2678	21	236	4298	1138	2607	927	55	1076	59	825	85	902	431	9	202	1318	986	2122	364	5945	50	150	249	16477	262	1924	12	3	5	217	799	124	227	121	11	47	24	1744	943	667	869	133	9	3
0	0	0	0	1	0	0	1	16	1	1	0	16	6	14	0	0	0	0	0	1	0	0	2	5	0	3	1	8	15	1	0	13	1	22	1624	1	0	0	16	0	83	156	361	2	321	143	396	102	1776	0	0	18	0	17	39	490	1	30	352	10	9	0	262	4678	465	4	10	300	444	8	4	25	24	0	12	7	11	3	431	79	15	0	61
9	1	3	0	9	0	18	99	86	9	47	12	61	76	73	10	0	12	2	13	40	7	0	14	4	1	48	41	59	198	53	0	15	84	255	732	7	624	0	11	1	12	2226	212	6	31	21	80	7	298	0	53	1501	11	104	13	2663	4	1763	21	1	34	99	1924	465	9151	6	2	98	1964	53	20	319	274	25	6	262	378	34	1629	950	16	5	6
0	226	0	0	0	0	0	0	0	0	0	59	23	206	0	0	0	1	0	0	0	0	0	0	0	208	484	231	0	0	0	69	0	0	0	2	205	0	0	3	0	60	15	3	1	61	95	69	1029	2	1	102	6	2	0	13	13	171	18	66	218	1000	178	12	4	6	1262	0	0	12	0	0	0	0	0	0	0	30	321	157	13	44	0	0
0	0	0	0	0	0	0	0	16	0	0	0	0	3	5	0	0	0	0	0	0	0	0	0	1	0	0	0	0	16	0	0	10	0	16	1	0	0	0	1	172	149	1	157	3	6	50	5	28	2	6	0	0	0	7	3	0	1	1	3	0	1	2	3	10	2	0	529	0	143	2	0	12	16	0	9	0	57	10	122	69	201	311	4
0	0	0	0	0	0	0	0	11	1	0	0	0	4	9	0	0	0	0	0	0	0	0	2	1	0	1	0	2	9	0	0	9	0	13	97	0	0	0	0	0	0	2	11	0	1	3	9	1	22	0	0	7	0	2	1	115	0	9	15	0	0	0	5	300	98	0	0	487	104	5	0	11	13	0	10	2	5	1	56	24	0	0	4
59	2	8	0	38	0	87	459	405	83	235	30	371	140	324	81	1	47	4	26	208	32	0	412	23	2	101	48	308	1003	254	0	96	362	1585	601	13	10	0	50	29	1412	625	462	86	1303	1818	1476	384	487	3	18	1858	450	1413	175	1577	4	1037	84	20	248	88	217	444	1964	12	143	104	9411	77	105	1870	1770	84	12	1497	410	146	6576	2797	1239	193	222
16	125	514	0	40	275	303	421	734	1175	290	180	160	38	333	472	748	276	421	631	259	547	12	2887	589	28	2203	4246	901	1083	736	0	330	676	2681	22	178	90	0	47	2	113	125	38	846	131	10	231	1	53	2	32	113	3	76	73	62	738	136	649	0	76	160	799	8	53	0	2	5	77	14005	2916	1789	706	814	266	58	984	224	245	231	168	22	0
6	112	187	0	1	0	4	27	82	169	17	660	27	171	24	2	151	204	413	544	15	97	4	475	12	40	2204	1130	27	83	20	14	55	15	185	18	150	76	0	4	0	140	23	8	99	139	20	108	27	6	0	13	99	1	64	34	21	63	58	105	0	75	120	124	4	20	0	0	0	105	2916	4518	532	174	4	33	221	339	153	241	238	114	7	6
332	0	188	0	157	2	705	2912	2412	195	1430	1031	838	449	1580	598	30	548	504	858	1292	1290	1	2689	453	2	889	506	2909	4770	2835	0	734	3229	9518	251	0	15	0	45	1	1731	346	575	238	1450	3	1336	1	101	1	37	74	4	34	183	28	68	51	305	0	2	11	227	25	319	0	12	11	1870	1789	532	13133	5929	1554	877	1647	201	22	2719	2677	1732	175	2
126	0	47	0	116	3	333	1257	1439	194	742	32	527	372	852	440	24	281	20	155	751	228	0	1324	265	0	237	106	1477	2707	946	0	745	1411	4426	245	0	12	0	31	1	1636	297	573	160	1332	3	1194	1	84	1	30	65	4	28	162	26	46	43	123	0	0	7	121	24	274	0	16	13	1770	706	174	5929	6314	1163	1021	1469	149	19	2571	2540	1650	201	2
31	0	69	0	14	759	790	164	270	1190	57	0	271	4	89	1501	5	95	1	37	41	125	5	902	778	0	20	45	500	321	317	0	79	221	587	16	0	25	0	1	0	228	31	79	297	165	9	312	2	7	0	4	22	0	5	102	35	7	114	10	0	1	7	11	0	25	0	0	0	84	814	4	1554	1163	4463	477	45	25	1	170	152	123	17	0
1	0	7	0	16	72	64	45	414	13	22	12	1	70	266	11	9	51	7	18	18	39	0	213	9	0	28	11	56	317	71	0	460	59	632	17	0	1	0	13	0	47	23	13	14	98	0	110	1	3	0	11	9	1	2	76	11	15	13	57	0	0	0	47	12	6	0	9	10	12	266	33	877	1021	477	1170	2	95	2	257	257	90	31	0
39	0	2	0	36	0	71	416	312	72	200	216	271	307	246	55	1	29	1	7	171	25	0	312	23	37	8	6	274	812	219	1	61	327	1301	229	0	0	0	14	0	675	271	69	56	551	3	733	0	66	1	0	52	11	48	82	1	0	0	38	0	4	1	24	7	262	0	0	2	1497	58	221	1647	1469	45	2	1860	3	4	1469	1438	658	2	2
2	115	30	0	92	4	10	26	134	84	84	32	30	2	72	12	7	33	142	151	19	5	1	55	93	20	913	649	77	134	100	0	90	62	634	59	333	213	0	230	50	531	362	264	526	630	570	749	118	104	3	1184	1040	122	1428	412	1432	134	4314	783	8	540	3141	1744	11	378	30	57	5	410	984	339	201	149	25	95	3	14195	3561	2191	1450	1179	154	1
0	115	32	0	0	0	0	1	2	17	0	327	2	906	2	0	3	106	2	29	1	5	1	22	2	395	1814	632	3	3	4	84	1	1	46	28	242	191	0	5	9	52	73	38	44	29	909	22	1563	38	0	495	991	125	1595	9	609	57	1055	40	121	1393	1169	943	3	34	321	10	1	146	224	153	22	19	1	2	4	3561	8690	859	245	87	44	270
68	16	17	0	68	1	112	523	805	148	303	39	834	188	579	165	3	69	9	41	267	38	0	449	40	11	305	182	377	1572	271	0	362	404	2236	602	53	43	0	125	20	3135	1160	885	147	3043	3308	3103	1036	591	7	143	2005	781	2377	545	1253	22	1631	356	54	1239	422	667	431	1629	157	122	56	6576	245	241	2719	2571	170	257	1469	2191	859	13717	5246	2594	394	405
67	2	16	0	59	0	110	503	795	135	297	34	424	162	563	161	3	59	9	30	259	34	0	440	36	0	86	60	367	1558	254	0	366	385	2217	357	29	20	0	122	53	1961	1085	844	111	1837	414	1611	57	214	1	153	496	39	248	351	471	13	790	658	0	88	217	869	79	950	13	69	24	2797	231	238	2677	2540	152	257	1438	1450	245	5246	6369	1982	417	49
35	1	15	0	173	0	63	275	449	94	238	2	743	13	278	133	1	44	2	20	188	24	0	383	28	1	49	10	238	988	193	0	179	227	1497	7	2	1	0	217	662	4024	36	1323	509	2737	383	3014	125	51	314	3	15	49	63	892	7	4	19	527	6	324	30	133	15	16	44	201	0	1239	168	114	1732	1650	123	90	658	1179	87	2594	1982	5779	860	18
2	0	7	0	2	0	6	10	102	5	14	1	17	4	38	21	0	4	1	3	16	1	0	16	3	0	7	0	13	166	5	0	49	8	173	2	0	0	0	3	484	516	7	220	7	53	28	28	20	12	102	0	7	1	20	11	3	1	9	10	0	5	10	9	0	5	0	311	0	193	22	7	175	201	17	31	2	154	44	394	417	860	1146	14
0	1	0	0	0	0	0	0	0	0	0	29	4	97	0	0	0	0	0	0	0	0	0	1	0	99	2	1	1	0	1	0	0	0	1	13	2	0	0	0	0	32	5	27	0	26	579	29	593	58	0	0	6	0	4	1	1	2	3	9	144	1	0	3	61	6	0	4	4	222	0	6	2	2	0	0	2	1	270	405	49	18	14	877
