0.0228149619011	0.000221974686814	0.00426594989022	0	0	8.07180679323e-06	0.000133184812088	0.00513770502389	0.0146745447501	1.61436135865e-05	7.26462611391e-05	0.00053677515175	0	2.01795169831e-05	0.0163413728529	8.07180679323e-06	0	0.000900006457445	8.47539713289e-05	0.000407626243058	3.22872271729e-05	0.00299464032029	1.61436135865e-05	0.00604981919153	4.43949373628e-05	0	0.00295831718972	0.00121077101898	0.000544846958543	0.0123781157174	0.0143234211546	4.03590339662e-06	4.43949373628e-05	0.00231660854966	0.00445967325326	0	6.45744543459e-05	5.2466744156e-05	0	0	0	0	4.03590339662e-06	0	0	0	0	0	0	0	0	0	0	0	0	0	4.03590339662e-06	4.03590339662e-06	2.01795169831e-05	4.03590339662e-06	0	1.61436135865e-05	0.000209866976624	0	0	0	0	0	0	0	0.000161436135865	8.47539713289e-05	0.00362424125016	0.000427805760041	2.82513237763e-05	2.42154203797e-05	4.03590339662e-06	4.03590339662e-06	1.21077101898e-05	0	0	0	0	0
0.000221974686814	0.0236261784838	0.000778929355547	0	0	0.000181615652848	4.03590339662e-06	1.21077101898e-05	0.000181615652848	0.00337401523957	1.21077101898e-05	7.26462611391e-05	1.61436135865e-05	0.000234082397004	0.000117041198502	0.00051255973137	0.000355159498902	0.000637672736665	1.61436135865e-05	0.000387446726075	2.01795169831e-05	0.000165472039261	0.00514577683069	0.000569062378923	0.00233678806664	0.00208656205605	0.00337401523957	0.0164382345344	0.000423769856645	0.000226010590211	0.00026233372078	4.03590339662e-06	8.07180679323e-06	8.07180679323e-06	0.000246190107194	0	0.00983953248095	9.28257781222e-05	0	4.03590339662e-06	0	4.03590339662e-06	1.61436135865e-05	4.03590339662e-06	0.000141256618882	8.07180679323e-06	8.07180679323e-05	0	5.2466744156e-05	2.42154203797e-05	0	0.000141256618882	3.63231305695e-05	0.000125113005295	0.000383410822679	0	0	0.0014327457058	4.03590339662e-06	0.000189687459641	0.000125113005295	0.000831396099703	0.0108000774893	0.000104933488312	2.01795169831e-05	2.01795169831e-05	0	0	0	6.45744543459e-05	0.00187265917603	0.000439913470231	0.000189687459641	2.42154203797e-05	0.00210674157303	0	1.61436135865e-05	0.000960545008395	0.000496416117784	0.000104933488312	4.03590339662e-06	8.07180679323e-06	0	4.43949373628e-05
0.00426594989022	0.000778929355547	0.0595053596797	0	4.03590339662e-06	9.68616815188e-05	0.00173543846055	0.00580766498773	0.00923414697146	8.07180679323e-06	6.86103577425e-05	0.000952473201601	4.43949373628e-05	3.22872271729e-05	0.00499241250161	0.000108969391709	6.86103577425e-05	0.00828167376986	0.000242154203797	0.000851575616686	6.05385509492e-05	0.00805969908304	0.000141256618882	0.0309311636317	0.000278477334367	1.61436135865e-05	0.0132740862715	0.0121238538034	0.00803548366266	0.00363634896035	0.012200535968	4.03590339662e-06	0.00027444143097	0.000407626243058	0.00318029187653	5.65026475526e-05	0.000673995867235	0.00725251840372	0	4.03590339662e-06	0	0.000226010590211	0.000552918765336	0.000326908175126	0.000427805760041	1.61436135865e-05	0	8.07180679323e-06	0	0.000205831073227	3.63231305695e-05	0.00111794524086	0.000690139480821	1.21077101898e-05	6.45744543459e-05	0	0.000367267209092	0.000452021180421	0.0038139287098	0.000629600929872	4.03590339662e-06	0.000839467906496	0.00599735244737	0.000904042360842	2.01795169831e-05	4.84308407594e-05	0	4.03590339662e-06	0	7.66821645357e-05	0.00303096345086	0.000867719230273	0.0039350058117	0.00206234663567	6.45744543459e-05	2.82513237763e-05	4.03590339662e-06	0.000347087692109	0.0023852189074	0.000137220715485	6.45744543459e-05	4.03590339662e-05	4.03590339662e-06	0
0	0	0	0	0	0	0	0	0	0	0	0	0	0	0	0	0	0	0	0	0	0	0	0	0	0	0	0	0	0	0	0	0	0	0	0	0	0	0	0	0	0	0	0	0	0	0	0	0	0	0	0	0	0	0	0	0	0	0	0	0	0	0	0	0	0	0	0	0	0	0	0	0	0	0	0	0	0	0	0	0	0	0	0
0	0	4.03590339662e-06	0	0.0155341921736	7.66821645357e-05	0.000879826940462	0.000960545008395	0.000104933488312	0.000920185974429	0.00112601704766	0.000242154203797	0.00651394808214	8.07180679323e-06	0.000149328425675	0.000363231305695	0	0	0.000108969391709	0	0.00892741831332	0	4.03590339662e-06	3.22872271729e-05	0.00752695983469	4.03590339662e-06	0.000226010590211	3.22872271729e-05	0.00374935425546	0.00027444143097	1.61436135865e-05	0	3.22872271729e-05	0.0002381183004	0.00144081751259	0	0	0	0	0.00215920831719	0	0.000129148908692	2.01795169831e-05	4.43949373628e-05	0.00078700116234	8.47539713289e-05	0	0.000714354901201	0	4.84308407594e-05	8.07180679323e-06	4.03590339662e-06	0	0	0	0.00174754617073	0	4.03590339662e-06	4.03590339662e-06	0.000791037065737	0	0	0	0.000415698049851	3.22872271729e-05	0	0	8.07180679323e-06	0	4.03590339662e-06	0.000133184812088	9.28257781222e-05	0.000831396099703	0.00026233372078	0.000137220715485	8.07180679323e-06	1.21077101898e-05	8.07180679323e-06	0	8.07180679323e-06	0	4.03590339662e-05	0	0
8.07180679323e-06	0.000181615652848	9.68616815188e-05	0	7.66821645357e-05	0.00504487924577	0.00126323776314	0.000165472039261	0.00057309828232	3.22872271729e-05	3.63231305695e-05	1.61436135865e-05	0.000294620947953	0	0.000221974686814	0.0016668281028	4.03590339662e-06	2.01795169831e-05	0	4.03590339662e-06	6.45744543459e-05	0	0.000213902880021	0.000121077101898	0.000141256618882	4.03590339662e-06	4.43949373628e-05	0.000153364329071	0.000254261913987	0.000137220715485	7.66821645357e-05	0	0.00150942787033	3.63231305695e-05	0.00054888286194	0	0	0	0	0	0	4.03590339662e-06	1.21077101898e-05	4.03590339662e-06	4.03590339662e-06	0	0	0	0	0	0	4.03590339662e-06	0	0	0	0	0	8.07180679323e-06	0	2.01795169831e-05	0	0	4.03590339662e-06	1.21077101898e-05	0	0	0	0	0	8.07180679323e-06	0.000347087692109	3.22872271729e-05	0.000363231305695	0.000181615652848	0.00231257264626	0.000439913470231	4.03590339662e-06	0	0	4.03590339662e-06	0	0	0	0
0.000133184812088	4.03590339662e-06	0.00173543846055	0	0.000879826940462	0.00126323776314	0.0421832623014	0.0079951246287	0.0173987795428	0.000314800464936	0.0124790133023	0.00126727366654	0.0129108549658	3.22872271729e-05	0.00391886219811	0.00502873563218	8.07180679323e-06	0.000100897584915	0.000234082397004	0.000290585044556	0.00353141547204	2.01795169831e-05	1.61436135865e-05	0.0021511365104	0.000330944078523	0	0.00128745318352	0.000193723363038	0.00534757200052	0.00399150845925	0.00121480692238	8.07180679323e-06	0.00644937362779	0.000157400232468	0.00357177450601	0	4.03590339662e-06	2.01795169831e-05	0	4.03590339662e-06	0	2.42154203797e-05	4.84308407594e-05	2.82513237763e-05	8.47539713289e-05	0	0	8.07180679323e-06	0	8.07180679323e-06	0	4.03590339662e-06	0	0	0	4.03590339662e-06	8.07180679323e-06	1.21077101898e-05	4.03590339662e-06	0.000197759266434	0	0	4.03590339662e-06	7.66821645357e-05	8.07180679323e-06	0	0	0	0	8.07180679323e-06	0.00209463386284	0.000153364329071	0.00387850316415	0.000960545008395	0.000972652718585	0.000165472039261	1.21077101898e-05	8.07180679323e-06	0	8.07180679323e-06	4.03590339662e-06	4.03590339662e-06	0	0
0.00513770502389	1.21077101898e-05	0.00580766498773	0	0.000960545008395	0.000165472039261	0.0079951246287	0.0514496965001	0.0125799108873	0.000322872271729	0.00353141547204	0.00111390933747	0.00154171509751	4.84308407594e-05	0.00780140126566	0.00142467389901	2.82513237763e-05	0.000577134185716	0.000197759266434	0.000694175384218	0.00142063799561	0.0023852189074	1.21077101898e-05	0.00708704636446	0.00158207413147	8.07180679323e-06	0.00196144905076	0.000371303112489	0.0272262043136	0.0120350639287	0.010440882087	8.07180679323e-06	0.00146906883637	0.00933100865298	0.0108807955573	0	8.07180679323e-06	5.2466744156e-05	0	0.00170315123337	0	0.000544846958543	0.000637672736665	0.000359195402299	0.00348702053468	0.000189687459641	0	0.000447985277024	0	8.47539713289e-05	8.87898747256e-05	2.01795169831e-05	4.03590339662e-06	0	1.21077101898e-05	0.000415698049851	1.21077101898e-05	4.84308407594e-05	5.2466744156e-05	0.00479868913858	0	8.07180679323e-06	2.42154203797e-05	0.00222781867493	0.000108969391709	4.03590339662e-06	0	3.63231305695e-05	0	0.000125113005295	0.00232468035645	0.00054888286194	0.00796687330492	0.00270405527573	0.000468164794007	0.000129148908692	6.05385509492e-05	0.000100897584915	2.42154203797e-05	0.000213902880021	6.86103577425e-05	4.43949373628e-05	4.43949373628e-05	1.61436135865e-05
0.0146745447501	0.000181615652848	0.00923414697146	0	0.000104933488312	0.00057309828232	0.0173987795428	0.0125799108873	0.0509008136381	2.01795169831e-05	0.00360809763657	0.00121077101898	0.0021511365104	6.05385509492e-05	0.0223750484308	0.000908078264239	8.07180679323e-06	0.000803144775927	0.000266369624177	0.000322872271729	0.000992832235568	0.0036928516079	2.42154203797e-05	0.0115103964871	0.000343051788712	2.01795169831e-05	0.00351123595506	0.0010735503035	0.00503277153558	0.0123377566835	0.0163373369495	4.03590339662e-06	0.00469375565026	0.00110987343407	0.00658659434328	0	5.2466744156e-05	0.000104933488312	0	0	0	4.43949373628e-05	0.000145292522278	4.43949373628e-05	0.000117041198502	4.03590339662e-06	0	1.21077101898e-05	0	2.01795169831e-05	1.61436135865e-05	4.03590339662e-06	0	0	4.03590339662e-06	0	1.21077101898e-05	1.61436135865e-05	3.63231305695e-05	0.00028654914116	0	1.61436135865e-05	0.000177579749451	9.28257781222e-05	2.01795169831e-05	0	0	4.03590339662e-06	0	1.21077101898e-05	0.00213499289681	0.000375339015885	0.00640094278703	0.00141256618882	0.000322872271729	0.000104933488312	7.26462611391e-05	4.43949373628e-05	1.61436135865e-05	1.61436135865e-05	4.03590339662e-06	8.07180679323e-06	8.07180679323e-06	0
1.61436135865e-05	0.00337401523957	8.07180679323e-06	0	0.000920185974429	3.22872271729e-05	0.000314800464936	0.000322872271729	2.01795169831e-05	0.0218140578587	0.000117041198502	2.42154203797e-05	0.00281302466744	9.28257781222e-05	2.82513237763e-05	0.000702247191011	2.42154203797e-05	4.43949373628e-05	4.03590339662e-06	4.43949373628e-05	0.00114216066124	5.2466744156e-05	0.00398343665246	4.03590339662e-05	0.0104893129278	0.00148521244995	0.000347087692109	0.0016668281028	0.00371706702828	0.000121077101898	0.000673995867235	4.03590339662e-06	1.21077101898e-05	0.000476236600801	0.000766821645357	5.2466744156e-05	1.21077101898e-05	4.03590339662e-06	0	0.0020219876017	0	0.00027444143097	0.000359195402299	5.65026475526e-05	0.00820095570192	5.65026475526e-05	4.03590339662e-06	0.000621529123079	8.07180679323e-06	0.000141256618882	0.000141256618882	0.000121077101898	4.03590339662e-05	4.03590339662e-06	2.01795169831e-05	0.000754713935167	4.43949373628e-05	0.000900006457445	0.000104933488312	0.00769646777735	8.07180679323e-06	1.61436135865e-05	3.63231305695e-05	0.000665924060442	0.000185651556244	3.63231305695e-05	0	5.2466744156e-05	0	6.05385509492e-05	0.000504487924577	5.65026475526e-05	0.000302692754746	8.07180679323e-05	0.00252243962289	0	4.03590339662e-06	0.00108565801369	4.43949373628e-05	9.28257781222e-05	1.61436135865e-05	0.00025022601059	2.82513237763e-05	0
7.26462611391e-05	1.21077101898e-05	6.86103577425e-05	0	0.00112601704766	3.63231305695e-05	0.0124790133023	0.00353141547204	0.00360809763657	0.000117041198502	0.0261809053338	0.00120673511559	0.00710318997804	4.03590339662e-06	0.00207849024926	0.00138835076844	2.82513237763e-05	6.05385509492e-05	0.000201795169831	0.000456057083818	0.00773279090792	4.03590339662e-05	1.61436135865e-05	0.000117041198502	0.000827360196306	0	0.00076278574196	0.000205831073227	0.00276459382668	0.00533950019372	7.66821645357e-05	4.03590339662e-06	0.00140853028542	0.000843503809893	0.00611842954927	0	8.07180679323e-06	0	0	0.000185651556244	0	2.01795169831e-05	1.61436135865e-05	8.07180679323e-06	0.000217938783417	1.61436135865e-05	0	4.84308407594e-05	0	8.07180679323e-06	0	8.07180679323e-06	0	0	0	6.86103577425e-05	0	8.07180679323e-06	4.03590339662e-06	0.000242154203797	0	0	8.07180679323e-06	0.000133184812088	4.03590339662e-06	0	0	0	0	0	0.000904042360842	0.000258297817383	0.00511348960351	0.00081121658272	2.42154203797e-05	2.01795169831e-05	1.61436135865e-05	0	0	0	0	4.03590339662e-06	0	0
0.00053677515175	7.26462611391e-05	0.000952473201601	0	0.000242154203797	1.61436135865e-05	0.00126727366654	0.00111390933747	0.00121077101898	2.42154203797e-05	0.00120673511559	0.0236019630634	0.00203409531189	0.00302692754746	0.00181615652848	8.47539713289e-05	1.21077101898e-05	0.000920185974429	0.00246190107194	0.00756731886866	0.00141660209221	0.000254261913987	8.07180679323e-06	0.00129552499031	0.000129148908692	0.000605385509492	0.0106023182229	0.00123095053597	0.000968616815188	0.0051296332171	0.000645744543459	0.000230046493607	0.00128341728012	0.000419733953248	0.0128018855741	0	4.84308407594e-05	0	0	0	0	0	4.03590339662e-06	0	2.01795169831e-05	0	0.000121077101898	0	0.00056099057213	0	0	0	0	0	0	0	0	0	4.03590339662e-06	1.61436135865e-05	0.000149328425675	8.47539713289e-05	6.86103577425e-05	1.21077101898e-05	0	0	7.66821645357e-05	0	0	0	0.00385832364717	0.00340630246674	0.00912517757975	0.000496416117784	1.61436135865e-05	4.03590339662e-06	0.000322872271729	4.03590339662e-06	0.000254261913987	0	0	0	0	0.000100897584915
0	1.61436135865e-05	4.43949373628e-05	0	0.00651394808214	0.000294620947953	0.0129108549658	0.00154171509751	0.0021511365104	0.00281302466744	0.00710318997804	0.00203409531189	0.0377397326618	4.03590339662e-06	0.00293813767274	0.00619107581041	2.01795169831e-05	4.43949373628e-05	0.000347087692109	0.000234082397004	0.015986213354	1.61436135865e-05	3.63231305695e-05	0.000226010590211	0.00431438073098	4.03590339662e-06	0.00180808472168	0.000339015885316	0.00277670153687	0.0054807568126	0.000113005295105	0	0.00147310473976	5.2466744156e-05	0.00769243187395	0	1.21077101898e-05	0	0	0.000193723363038	0	2.01795169831e-05	3.22872271729e-05	6.86103577425e-05	0.000221974686814	0.000609421412889	1.21077101898e-05	0.000778929355547	0	6.86103577425e-05	0	2.01795169831e-05	0	1.61436135865e-05	3.22872271729e-05	0.000690139480821	4.03590339662e-06	2.01795169831e-05	4.03590339662e-06	0.000258297817383	0	3.63231305695e-05	1.21077101898e-05	8.47539713289e-05	5.2466744156e-05	0	0	1.21077101898e-05	0	0.000129148908692	0.00124709414955	0.000407626243058	0.00458478625856	0.000613457316286	0.00106547849671	4.03590339662e-06	4.03590339662e-06	0.000221974686814	3.22872271729e-05	0.000129148908692	2.82513237763e-05	4.03590339662e-06	2.82513237763e-05	1.21077101898e-05
2.01795169831e-05	0.000234082397004	3.22872271729e-05	0	8.07180679323e-06	0	3.22872271729e-05	4.84308407594e-05	6.05385509492e-05	9.28257781222e-05	4.03590339662e-06	0.00302692754746	4.03590339662e-06	0.0188839919928	1.21077101898e-05	0	0	2.42154203797e-05	0.000330944078523	0.000266369624177	8.07180679323e-06	4.03590339662e-06	0	2.82513237763e-05	4.03590339662e-06	0.00409240604417	0.00565026475526	0.0035838822162	4.43949373628e-05	8.07180679323e-05	2.42154203797e-05	0.00303499935426	2.82513237763e-05	2.82513237763e-05	0.000379374919282	0	0.000181615652848	4.03590339662e-06	0	0	0	4.03590339662e-06	0	4.03590339662e-06	4.03590339662e-06	0	0.00158207413147	0	0.00493187395067	4.03590339662e-06	0	0	0	8.07180679323e-05	4.03590339662e-06	0	4.03590339662e-06	4.03590339662e-06	4.03590339662e-06	4.03590339662e-06	0.00292602996255	0.00054888286194	0.0010735503035	0	4.03590339662e-06	0	0.00137220715485	0	0	4.03590339662e-06	0.000314800464936	0.00307535838822	0.000589241895906	0.000113005295105	8.87898747256e-05	2.01795169831e-05	0.000484308407594	3.63231305695e-05	0.00212288518662	2.01795169831e-05	0	0	4.03590339662e-06	0.000294620947953
0.0163413728529	0.000117041198502	0.00499241250161	0	0.000149328425675	0.000221974686814	0.00391886219811	0.00780140126566	0.0223750484308	2.82513237763e-05	0.00207849024926	0.00181615652848	0.00293813767274	1.21077101898e-05	0.0396204636446	0.00110987343407	4.03590339662e-06	0.000754713935167	0.000347087692109	0.000637672736665	0.00254261913987	0.00220763915795	2.82513237763e-05	0.00698211287615	0.000661888157045	7.26462611391e-05	0.00354755908563	0.00100493994576	0.00328926126824	0.0217777347281	0.0141095182746	3.22872271729e-05	0.00306728658143	0.00395922123208	0.00994850187266	0	3.63231305695e-05	4.84308407594e-05	0	0	0	4.84308407594e-05	0.000121077101898	4.03590339662e-05	0.000129148908692	8.07180679323e-06	0	8.07180679323e-06	0	0	1.61436135865e-05	4.03590339662e-06	0	0	4.03590339662e-06	0	0	1.21077101898e-05	2.42154203797e-05	0.00026233372078	0	8.07180679323e-06	0.000104933488312	9.68616815188e-05	0	0	0	0	0	8.07180679323e-06	0.0011986633088	0.000246190107194	0.00670767144518	0.000669959963838	0.000149328425675	2.42154203797e-05	8.07180679323e-06	3.22872271729e-05	8.07180679323e-06	1.21077101898e-05	4.03590339662e-06	4.03590339662e-06	4.03590339662e-06	0
8.07180679323e-06	0.00051255973137	0.000108969391709	0	0.000363231305695	0.0016668281028	0.00502873563218	0.00142467389901	0.000908078264239	0.000702247191011	0.00138835076844	8.47539713289e-05	0.00619107581041	0	0.00110987343407	0.0134274506005	3.63231305695e-05	5.65026475526e-05	8.07180679323e-06	5.65026475526e-05	0.00141660209221	4.43949373628e-05	0.000569062378923	0.000213902880021	0.000726462611391	3.63231305695e-05	0.000165472039261	0.00051255973137	0.00167893581299	0.00259912178742	0.000302692754746	0	0.000605385509492	0.000617493219682	0.00206234663567	0	0	4.03590339662e-06	0	4.03590339662e-06	0	1.61436135865e-05	4.03590339662e-06	0	2.42154203797e-05	2.01795169831e-05	0	0	0	0	0	1.61436135865e-05	0	0	0	0	4.03590339662e-06	3.22872271729e-05	8.07180679323e-06	5.65026475526e-05	0	0	8.07180679323e-06	5.2466744156e-05	0	0	0	0	0	0	0.000992832235568	0.000169507942658	0.00121884282578	0.000726462611391	0.00495205346765	0	0	8.07180679323e-06	0	4.03590339662e-06	0	0	0	0
0	0.000355159498902	6.86103577425e-05	0	0	4.03590339662e-06	8.07180679323e-06	2.82513237763e-05	8.07180679323e-06	2.42154203797e-05	2.82513237763e-05	1.21077101898e-05	2.01795169831e-05	0	4.03590339662e-06	3.63231305695e-05	0.0180848831202	4.03590339662e-05	4.03590339662e-06	6.86103577425e-05	4.43949373628e-05	0.00307939429162	0.00801530414568	0.00769646777735	0.00324486633088	0	0.000310764561539	0.0016668281028	0.00193723363038	4.43949373628e-05	7.26462611391e-05	0	8.07180679323e-06	7.26462611391e-05	0.000226010590211	0	0.000108969391709	1.21077101898e-05	0	4.03590339662e-06	0	1.61436135865e-05	5.2466744156e-05	2.42154203797e-05	0.000528703344957	0	4.03590339662e-06	0	0	1.21077101898e-05	0	0.00446774506005	1.61436135865e-05	4.03590339662e-06	1.21077101898e-05	0	0.000722426707994	0.00663906108743	0.00077489345215	0.00259912178742	0	4.03590339662e-06	0.000141256618882	0.00302289164407	2.01795169831e-05	0.000266369624177	0	0	4.03590339662e-06	4.84308407594e-05	0.00305517887124	0.000649780446855	0.000306728658143	0.000201795169831	4.84308407594e-05	2.01795169831e-05	0	9.68616815188e-05	1.61436135865e-05	2.01795169831e-05	1.61436135865e-05	1.21077101898e-05	0	0
0.000900006457445	0.000637672736665	0.00828167376986	0	0	2.01795169831e-05	0.000100897584915	0.000577134185716	0.000803144775927	4.43949373628e-05	6.05385509492e-05	0.000920185974429	4.43949373628e-05	2.42154203797e-05	0.000754713935167	5.65026475526e-05	4.03590339662e-05	0.0208615846571	0.000201795169831	0.00323679452409	2.01795169831e-05	0.00292199405915	0.000254261913987	0.00701036419992	0.000141256618882	4.03590339662e-06	0.00850768436007	0.00409644194757	0.000637672736665	0.000472200697404	0.00311168151879	4.03590339662e-06	2.82513237763e-05	8.47539713289e-05	0.00516192044427	0	0.000193723363038	0.00029865685135	0	0	0	0	1.21077101898e-05	0	0	0	0	0	0	0	0	0	1.21077101898e-05	0	4.03590339662e-06	0	7.66821645357e-05	8.07180679323e-06	0.000282513237763	4.03590339662e-06	0	0.000157400232468	0.000532739248353	3.22872271729e-05	0	8.07180679323e-06	0	0	0	0	0.00102511946274	0.000730498514788	0.00279688105386	0.000597313702699	7.66821645357e-05	4.03590339662e-06	0	1.61436135865e-05	4.43949373628e-05	0	1.21077101898e-05	0	0	0
8.47539713289e-05	1.61436135865e-05	0.000242154203797	0	0.000108969391709	0	0.000234082397004	0.000197759266434	0.000266369624177	4.03590339662e-06	0.000201795169831	0.00246190107194	0.000347087692109	0.000330944078523	0.000347087692109	8.07180679323e-06	4.03590339662e-06	0.000201795169831	0.00729691334108	0.00215920831719	0.000278477334367	3.22872271729e-05	4.03590339662e-06	0.000185651556244	0.000125113005295	7.26462611391e-05	0.0053637156141	0.000706283094408	0.000334979981919	0.00082332429291	0.000169507942658	6.05385509492e-05	0.000161436135865	7.26462611391e-05	0.00158611003487	0	8.07180679323e-06	0	0	0	0	0	8.07180679323e-06	0	4.03590339662e-06	0	8.07180679323e-06	0	0.000221974686814	0	0	0	0	0	0	0	0	0	0	8.07180679323e-06	4.03590339662e-06	3.22872271729e-05	3.63231305695e-05	4.03590339662e-06	0	0	0.000100897584915	0	0	0	0.00133184812088	0.00136009944466	0.00133184812088	0.000185651556244	0	2.42154203797e-05	4.03590339662e-06	0	4.03590339662e-06	0	0	0	0	0
0.000407626243058	0.000387446726075	0.000851575616686	0	0	4.03590339662e-06	0.000290585044556	0.000694175384218	0.000322872271729	4.43949373628e-05	0.000456057083818	0.00756731886866	0.000234082397004	0.000266369624177	0.000637672736665	5.65026475526e-05	6.86103577425e-05	0.00323679452409	0.00215920831719	0.0227423156399	0.000129148908692	0.000544846958543	8.47539713289e-05	0.00113408885445	0.000113005295105	0.000133184812088	0.0173463127987	0.00253858323647	0.000807180679323	0.00205831073227	0.00158207413147	2.01795169831e-05	6.05385509492e-05	0.000443949373628	0.00802337595247	0	0.000100897584915	8.07180679323e-06	0	4.03590339662e-06	0	0	0	0	1.21077101898e-05	0	8.07180679323e-06	0	9.28257781222e-05	0	0	4.03590339662e-06	0	8.07180679323e-06	0	0	0	0	0	8.07180679323e-06	6.86103577425e-05	0.000117041198502	0.000145292522278	8.07180679323e-06	0	0	1.61436135865e-05	0	0	4.03590339662e-06	0.00593277799303	0.00348702053468	0.00534757200052	0.000742606224977	7.26462611391e-05	0	0	8.07180679323e-06	0	4.03590339662e-06	1.21077101898e-05	0	0	0
3.22872271729e-05	2.01795169831e-05	6.05385509492e-05	0	0.00892741831332	6.45744543459e-05	0.00353141547204	0.00142063799561	0.000992832235568	0.00114216066124	0.00773279090792	0.00141660209221	0.015986213354	8.07180679323e-06	0.00254261913987	0.00141660209221	4.43949373628e-05	2.01795169831e-05	0.000278477334367	0.000129148908692	0.0275208252615	2.01795169831e-05	3.63231305695e-05	0.000246190107194	0.00686910758104	4.03590339662e-06	0.00126727366654	0.000322872271729	0.00305921477464	0.00595699341341	0.000133184812088	4.03590339662e-06	0.000395518532868	0.000443949373628	0.00937136768694	0	1.61436135865e-05	0	0	0.000645744543459	0	0.000121077101898	2.42154203797e-05	1.21077101898e-05	0.000702247191011	5.65026475526e-05	0	0.00025022601059	0	1.21077101898e-05	4.03590339662e-06	2.42154203797e-05	0	0	0	0.000375339015885	0	2.42154203797e-05	4.03590339662e-06	0.000698211287615	0	0	1.61436135865e-05	0.000270405527573	2.01795169831e-05	0	0	1.21077101898e-05	0	8.07180679323e-06	0.00148924835335	0.000387446726075	0.00688121529123	0.000908078264239	0.000137220715485	8.07180679323e-06	1.21077101898e-05	0	0	2.01795169831e-05	8.07180679323e-06	8.07180679323e-06	1.21077101898e-05	0
0.00299464032029	0.000165472039261	0.00805969908304	0	0	0	2.01795169831e-05	0.0023852189074	0.0036928516079	5.2466744156e-05	4.03590339662e-05	0.000254261913987	1.61436135865e-05	4.03590339662e-06	0.00220763915795	4.43949373628e-05	0.00307939429162	0.00292199405915	3.22872271729e-05	0.000544846958543	2.01795169831e-05	0.0487698566447	0.000326908175126	0.0247078005941	0.000589241895906	0	0.00268387575875	0.00116234017823	0.00883459253519	0.00415698049851	0.0196992444789	4.03590339662e-06	2.01795169831e-05	0.00318432777993	0.00800319643549	2.01795169831e-05	4.43949373628e-05	0.00149328425675	0	0	0	0.000254261913987	0.0002381183004	0.00027444143097	0.00056099057213	2.82513237763e-05	0	4.03590339662e-06	0	8.07180679323e-05	4.43949373628e-05	0.00078700116234	0	0	0	0	0.00180404881829	0.00368074389771	0.00081121658272	0.000960545008395	0	0.00026233372078	0.000177579749451	0.00334576391579	6.86103577425e-05	0.000593277799303	0	8.07180679323e-06	3.63231305695e-05	2.42154203797e-05	0.00248611649232	0.00255069094666	0.00422155495286	0.000924221877825	0.000169507942658	3.63231305695e-05	4.03590339662e-06	6.86103577425e-05	6.05385509492e-05	1.21077101898e-05	0	3.63231305695e-05	4.03590339662e-06	0
1.61436135865e-05	0.00514577683069	0.000141256618882	0	4.03590339662e-06	0.000213902880021	1.61436135865e-05	1.21077101898e-05	2.42154203797e-05	0.00398343665246	1.61436135865e-05	8.07180679323e-06	3.63231305695e-05	0	2.82513237763e-05	0.000569062378923	0.00801530414568	0.000254261913987	4.03590339662e-06	8.47539713289e-05	3.63231305695e-05	0.000326908175126	0.0296759976753	0.00624757845796	0.00778929355547	0.000605385509492	0.000621529123079	0.00848346893969	0.00159821774506	4.84308407594e-05	0.000189687459641	0	4.03590339662e-06	0.000221974686814	0.000339015885316	5.65026475526e-05	0.000314800464936	2.01795169831e-05	0	8.07180679323e-06	0	1.21077101898e-05	0.000371303112489	1.21077101898e-05	0.0038139287098	1.21077101898e-05	0	1.21077101898e-05	0	5.65026475526e-05	4.03590339662e-06	0.0095368397262	4.03590339662e-05	0	0	0	0.00082332429291	0.0147673705282	0.00416101640191	0.00509734598993	0	2.42154203797e-05	0.00137220715485	0.00213095699341	8.87898747256e-05	0.000452021180421	0	1.21077101898e-05	4.03590339662e-06	8.07180679323e-05	0.00100493994576	0.000334979981919	0.000100897584915	3.22872271729e-05	0.00110180162728	0	0	0.000246190107194	9.28257781222e-05	5.2466744156e-05	2.01795169831e-05	0.0002381183004	1.21077101898e-05	0
0.00604981919153	0.000569062378923	0.0309311636317	0	3.22872271729e-05	0.000121077101898	0.0021511365104	0.00708704636446	0.0115103964871	4.03590339662e-05	0.000117041198502	0.00129552499031	0.000226010590211	2.82513237763e-05	0.00698211287615	0.000213902880021	0.00769646777735	0.00701036419992	0.000185651556244	0.00113408885445	0.000246190107194	0.0247078005941	0.00624757845796	0.084439170864	0.000617493219682	8.07180679323e-06	0.00778525765207	0.00945208575488	0.0111512010849	0.00631215291231	0.0186095505618	4.03590339662e-06	0.000447985277024	0.000702247191011	0.0102552305308	1.21077101898e-05	0.00025022601059	0.000593277799303	0	4.03590339662e-06	0	0.000302692754746	0.000916150071032	0.000443949373628	0.000419733953248	2.42154203797e-05	1.61436135865e-05	8.07180679323e-06	0	0.000318836368333	3.63231305695e-05	0.00968213224848	0.000108969391709	1.61436135865e-05	7.26462611391e-05	4.03590339662e-06	0.00219149554436	0.0102108355934	0.0109615136252	0.00185651556244	4.03590339662e-06	5.65026475526e-05	0.00196144905076	0.0034628051143	5.65026475526e-05	0.000234082397004	0	8.07180679323e-06	0	6.45744543459e-05	0.00792247836756	0.00171122304017	0.00825745834948	0.0038139287098	0.000326908175126	4.43949373628e-05	8.07180679323e-06	0.000532739248353	0.000113005295105	0.000157400232468	0.000108969391709	4.84308407594e-05	4.03590339662e-06	0
4.43949373628e-05	0.00233678806664	0.000278477334367	0	0.00752695983469	0.000141256618882	0.000330944078523	0.00158207413147	0.000343051788712	0.0104893129278	0.000827360196306	0.000129148908692	0.00431438073098	4.03590339662e-06	0.000661888157045	0.000726462611391	0.00324486633088	0.000141256618882	0.000125113005295	0.000113005295105	0.00686910758104	0.000589241895906	0.00778929355547	0.000617493219682	0.0440962805114	0.000431841663438	0.000742606224977	0.00125920185974	0.0140126565931	0.00169104352318	0.000815252486116	0	6.45744543459e-05	0.000891934650652	0.00339015885316	0.00026233372078	0.000149328425675	4.03590339662e-05	0	0.00169104352318	0	0.000351123595506	0.00104529897972	0.00026233372078	0.012842244608	0.00025022601059	0	0.000686103577425	4.03590339662e-06	0.000371303112489	4.03590339662e-05	0.000843503809893	9.28257781222e-05	4.03590339662e-06	4.03590339662e-05	0.000746642128374	0.000213902880021	0.00493994575746	0.000387446726075	0.013350768436	4.03590339662e-06	3.22872271729e-05	0.000294620947953	0.00401572387963	0.00050045202118	0.00057309828232	0	3.63231305695e-05	9.28257781222e-05	0.000141256618882	0.00331347668862	0.00105337078652	0.00187669507943	0.000702247191011	0.00102108355934	1.21077101898e-05	4.03590339662e-06	0.00116234017823	9.28257781222e-05	0.00027444143097	0.000100897584915	0.000343051788712	4.84308407594e-05	1.21077101898e-05
0	0.00208656205605	1.61436135865e-05	0	4.03590339662e-06	4.03590339662e-06	0	8.07180679323e-06	2.01795169831e-05	0.00148521244995	0	0.000605385509492	4.03590339662e-06	0.00409240604417	7.26462611391e-05	3.63231305695e-05	0	4.03590339662e-06	7.26462611391e-05	0.000133184812088	4.03590339662e-06	0	0.000605385509492	8.07180679323e-06	0.000431841663438	0.00849961255327	0.00115023246804	0.0027444143097	3.22872271729e-05	0.000157400232468	0	0.000246190107194	8.07180679323e-05	0	0.000193723363038	0	0.000294620947953	0	0	0	0	0	4.03590339662e-06	0	8.07180679323e-06	0	0.000460092987214	0	0.0017879052047	0	0	0	0	3.63231305695e-05	2.42154203797e-05	0	0	4.03590339662e-06	0	4.03590339662e-06	0.00259104998063	9.68616815188e-05	0.000758749838564	0	0	0	0.000145292522278	0	0	0	4.43949373628e-05	0.000221974686814	3.22872271729e-05	1.21077101898e-05	0.000718390804598	0	0.000205831073227	4.03590339662e-06	0.000209866976624	0	0	0	0	3.63231305695e-05
0.00295831718972	0.00337401523957	0.0132740862715	0	0.000226010590211	4.43949373628e-05	0.00128745318352	0.00196144905076	0.00351123595506	0.000347087692109	0.00076278574196	0.0106023182229	0.00180808472168	0.00565026475526	0.00354755908563	0.000165472039261	0.000310764561539	0.00850768436007	0.0053637156141	0.0173463127987	0.00126727366654	0.00268387575875	0.000621529123079	0.00778525765207	0.000742606224977	0.00115023246804	0.0980522730208	0.0344706509105	0.00239329071419	0.0045363554178	0.00468164794007	0.00275248611649	0.000359195402299	0.0008354320031	0.0132014400103	2.42154203797e-05	0.00557358259073	0.00217938783417	0	1.21077101898e-05	0	2.82513237763e-05	2.82513237763e-05	4.03590339662e-05	0.000213902880021	7.26462611391e-05	0.000694175384218	5.2466744156e-05	0.00372110293168	0.000125113005295	0	7.66821645357e-05	0.000113005295105	0.000431841663438	0.000863683326876	4.03590339662e-05	2.42154203797e-05	0.000282513237763	8.07180679323e-05	0.000326908175126	0.00219149554436	0.0112319191528	0.0125718390805	6.05385509492e-05	9.68616815188e-05	2.42154203797e-05	0.00133184812088	1.21077101898e-05	0	0.000246190107194	0.0125314800465	0.0104893129278	0.00980320935038	0.0013116686039	0.000343051788712	1.61436135865e-05	1.61436135865e-05	0.000992832235568	0.00212288518662	0.000339015885316	6.45744543459e-05	3.63231305695e-05	8.07180679323e-06	1.61436135865e-05
0.00121077101898	0.0164382345344	0.0121238538034	0	3.22872271729e-05	0.000153364329071	0.000193723363038	0.000371303112489	0.0010735503035	0.0016668281028	0.000205831073227	0.00123095053597	0.000339015885316	0.0035838822162	0.00100493994576	0.00051255973137	0.0016668281028	0.00409644194757	0.000706283094408	0.00253858323647	0.000322872271729	0.00116234017823	0.00848346893969	0.00945208575488	0.00125920185974	0.0027444143097	0.0344706509105	0.094726688622	0.0010775862069	0.00127534547333	0.00132781221749	0.000714354901201	8.87898747256e-05	0.000266369624177	0.00263948082139	1.61436135865e-05	0.0132821580783	0.00156593051789	0	8.07180679323e-06	0	1.61436135865e-05	5.2466744156e-05	2.82513237763e-05	0.000266369624177	6.45744543459e-05	0.000686103577425	6.45744543459e-05	0.00216728012398	6.86103577425e-05	0	0.00401168797624	0.000125113005295	0.000447985277024	0.000920185974429	4.43949373628e-05	0.000411662146455	0.00688928709802	0.00133184812088	0.000520631538164	0.00289374273537	0.00554936717035	0.0231983727238	0.000290585044556	5.65026475526e-05	9.28257781222e-05	0.000673995867235	4.03590339662e-06	0	0.000161436135865	0.0141781286323	0.00460496577554	0.00447178096345	0.00234082397004	0.00137624305825	1.61436135865e-05	1.61436135865e-05	0.00137624305825	0.00078700116234	0.000310764561539	8.07180679323e-05	4.84308407594e-05	8.07180679323e-06	0.000153364329071
0.000544846958543	0.000423769856645	0.00803548366266	0	0.00374935425546	0.000254261913987	0.00534757200052	0.0272262043136	0.00503277153558	0.00371706702828	0.00276459382668	0.000968616815188	0.00277670153687	4.43949373628e-05	0.00328926126824	0.00167893581299	0.00193723363038	0.000637672736665	0.000334979981919	0.000807180679323	0.00305921477464	0.00883459253519	0.00159821774506	0.0111512010849	0.0140126565931	3.22872271729e-05	0.00239329071419	0.0010775862069	0.0818521567868	0.00856822291102	0.0134395583107	4.03590339662e-06	0.00101704765595	0.00746238538034	0.0135162404753	0.000117041198502	0.000125113005295	0.000302692754746	0	0.00705072323389	0	0.00217131602738	0.00355159498902	0.00133588402428	0.0189445305437	0.000690139480821	0	0.00196952085755	0	0.000645744543459	0.000480272504197	0.00151749967713	5.2466744156e-05	0	4.03590339662e-05	0.00209463386284	0.000242154203797	0.00496819708123	0.000351123595506	0.0211279542813	4.03590339662e-06	9.28257781222e-05	0.000351123595506	0.0130359679711	0.000770857548754	0.000597313702699	0	0.000185651556244	4.84308407594e-05	0.000456057083818	0.00534757200052	0.00221571096474	0.00927047010203	0.00343455379052	0.00138027896164	0.000153364329071	7.26462611391e-05	0.00116637608162	0.000104933488312	0.000641708640062	0.000169507942658	0.000375339015885	0.000165472039261	4.43949373628e-05
0.0123781157174	0.000226010590211	0.00363634896035	0	0.00027444143097	0.000137220715485	0.00399150845925	0.0120350639287	0.0123377566835	0.000121077101898	0.00533950019372	0.0051296332171	0.0054807568126	8.07180679323e-05	0.0217777347281	0.00259912178742	4.43949373628e-05	0.000472200697404	0.00082332429291	0.00205831073227	0.00595699341341	0.00415698049851	4.84308407594e-05	0.00631215291231	0.00169104352318	0.000157400232468	0.0045363554178	0.00127534547333	0.00856822291102	0.0533384992897	0.0174028154462	6.86103577425e-05	0.0030955379052	0.0139682616557	0.0253737246545	0	6.86103577425e-05	5.65026475526e-05	0	8.07180679323e-06	0	1.61436135865e-05	0.000161436135865	2.01795169831e-05	0.000698211287615	8.07180679323e-06	0	0	0	1.21077101898e-05	8.07180679323e-06	1.61436135865e-05	0	0	0	0	4.03590339662e-06	0.000129148908692	4.84308407594e-05	0.000532739248353	4.03590339662e-06	2.42154203797e-05	0.000217938783417	0.000383410822679	4.03590339662e-06	0	0	0	0	0	0.00301481983727	0.00078700116234	0.0158812798657	0.0022641418055	0.000339015885316	8.07180679323e-05	8.07180679323e-05	0.000133184812088	2.42154203797e-05	0	4.03590339662e-06	0	0	0
0.0143234211546	0.00026233372078	0.012200535968	0	1.61436135865e-05	7.66821645357e-05	0.00121480692238	0.010440882087	0.0163373369495	0.000673995867235	7.66821645357e-05	0.000645744543459	0.000113005295105	2.42154203797e-05	0.0141095182746	0.000302692754746	7.26462611391e-05	0.00311168151879	0.000169507942658	0.00158207413147	0.000133184812088	0.0196992444789	0.000189687459641	0.0186095505618	0.000815252486116	0	0.00468164794007	0.00132781221749	0.0134395583107	0.0174028154462	0.0587990765853	4.03590339662e-06	0.000242154203797	0.00980320935038	0.0162929420121	1.61436135865e-05	6.86103577425e-05	0.00115830427483	0	6.05385509492e-05	0	0.000399554436265	0.00121480692238	0.000456057083818	0.00141660209221	8.07180679323e-06	0	0	0	0.000113005295105	8.47539713289e-05	2.01795169831e-05	0	0	8.07180679323e-06	0	0.000722426707994	0.000383410822679	0.000653816350252	0.00153364329071	0	0.000217938783417	0.000213902880021	0.00237714710061	4.03590339662e-05	0.000290585044556	0	8.07180679323e-06	0	1.21077101898e-05	0.00319643549012	0.00175965388092	0.00866912049593	0.00148521244995	0.000508523827974	6.05385509492e-05	3.63231305695e-05	0.000254261913987	6.86103577425e-05	1.21077101898e-05	0	5.2466744156e-05	4.03590339662e-06	0
4.03590339662e-06	4.03590339662e-06	4.03590339662e-06	0	0	0	8.07180679323e-06	8.07180679323e-06	4.03590339662e-06	4.03590339662e-06	4.03590339662e-06	0.000230046493607	0	0.00303499935426	3.22872271729e-05	0	0	4.03590339662e-06	6.05385509492e-05	2.01795169831e-05	4.03590339662e-06	4.03590339662e-06	0	4.03590339662e-06	0	0.000246190107194	0.00275248611649	0.000714354901201	4.03590339662e-06	6.86103577425e-05	4.03590339662e-06	0.00389061087434	1.61436135865e-05	4.03590339662e-06	8.07180679323e-05	0	8.07180679323e-06	0	0	0	0	0	0	0	0	0	8.07180679323e-05	0	0.00131974041069	0	0	0	0	3.63231305695e-05	1.21077101898e-05	0	0	0	0	0	0.000540811055147	0.00025022601059	0.000355159498902	0	0	0	0.000540811055147	0	0	0	4.84308407594e-05	0.000201795169831	5.65026475526e-05	1.61436135865e-05	4.03590339662e-06	4.03590339662e-06	4.03590339662e-06	4.03590339662e-05	0.000363231305695	2.01795169831e-05	0	0	0	0
4.43949373628e-05	8.07180679323e-06	0.00027444143097	0	3.22872271729e-05	0.00150942787033	0.00644937362779	0.00146906883637	0.00469375565026	1.21077101898e-05	0.00140853028542	0.00128341728012	0.00147310473976	2.82513237763e-05	0.00306728658143	0.000605385509492	8.07180679323e-06	2.82513237763e-05	0.000161436135865	6.05385509492e-05	0.000395518532868	2.01795169831e-05	4.03590339662e-06	0.000447985277024	6.45744543459e-05	8.07180679323e-05	0.000359195402299	8.87898747256e-05	0.00101704765595	0.0030955379052	0.000242154203797	1.61436135865e-05	0.0114619656464	0.000108969391709	0.00363634896035	0	8.07180679323e-06	1.61436135865e-05	0	0	0	8.07180679323e-06	5.2466744156e-05	8.07180679323e-06	1.61436135865e-05	0	0	4.03590339662e-06	0	0	0	0	0	0	0	0	0	4.03590339662e-06	4.03590339662e-06	8.07180679323e-05	0	8.07180679323e-06	1.21077101898e-05	2.82513237763e-05	0	0	0	0	0	8.07180679323e-06	0.000916150071032	0.000100897584915	0.00222378277154	0.000807180679323	0.00026233372078	0.000431841663438	2.42154203797e-05	4.03590339662e-06	0	8.07180679323e-06	4.03590339662e-06	4.03590339662e-06	0	0
0.00231660854966	8.07180679323e-06	0.000407626243058	0	0.0002381183004	3.63231305695e-05	0.000157400232468	0.00933100865298	0.00110987343407	0.000476236600801	0.000843503809893	0.000419733953248	5.2466744156e-05	2.82513237763e-05	0.00395922123208	0.000617493219682	7.26462611391e-05	8.47539713289e-05	7.26462611391e-05	0.000443949373628	0.000443949373628	0.00318432777993	0.000221974686814	0.000702247191011	0.000891934650652	0	0.0008354320031	0.000266369624177	0.00746238538034	0.0139682616557	0.00980320935038	4.03590339662e-06	0.000108969391709	0.0202037324035	0.0136696048043	0	0	1.21077101898e-05	0	5.65026475526e-05	0	8.07180679323e-06	5.2466744156e-05	1.21077101898e-05	0.000940365491412	0	0	0	0	4.03590339662e-06	0	1.21077101898e-05	4.03590339662e-06	0	1.21077101898e-05	0	8.07180679323e-06	0.000504487924577	8.07180679323e-06	0.000609421412889	0	1.21077101898e-05	4.03590339662e-06	0.00079910887253	0	4.03590339662e-06	0	0	0	0	0.00289374273537	0.00056099057213	0.00695386155237	0.00217535193078	0.000314800464936	0.000125113005295	8.07180679323e-05	3.22872271729e-05	0	4.03590339662e-06	8.07180679323e-06	4.03590339662e-06	0	0
0.00445967325326	0.000246190107194	0.00318029187653	0	0.00144081751259	0.00054888286194	0.00357177450601	0.0108807955573	0.00658659434328	0.000766821645357	0.00611842954927	0.0128018855741	0.00769243187395	0.000379374919282	0.00994850187266	0.00206234663567	0.000226010590211	0.00516192044427	0.00158611003487	0.00802337595247	0.00937136768694	0.00800319643549	0.000339015885316	0.0102552305308	0.00339015885316	0.000193723363038	0.0132014400103	0.00263948082139	0.0135162404753	0.0253737246545	0.0162929420121	8.07180679323e-05	0.00363634896035	0.0136696048043	0.0711408691722	0	0.000177579749451	6.05385509492e-05	0	6.45744543459e-05	0	5.65026475526e-05	0.000411662146455	6.05385509492e-05	0.0019049464032	1.61436135865e-05	0	8.07180679323e-06	4.03590339662e-06	3.63231305695e-05	1.21077101898e-05	5.2466744156e-05	4.03590339662e-06	0	1.61436135865e-05	4.03590339662e-06	4.84308407594e-05	0.000556954668733	7.26462611391e-05	0.00159821774506	4.03590339662e-06	6.05385509492e-05	0.000266369624177	0.00105740668991	4.03590339662e-05	8.07180679323e-06	4.03590339662e-06	1.21077101898e-05	0	1.61436135865e-05	0.0119018791166	0.00349105643807	0.0387204571871	0.00707090275087	0.000758749838564	0.000456057083818	0.000205831073227	0.000177579749451	2.01795169831e-05	6.05385509492e-05	6.45744543459e-05	8.07180679323e-06	1.61436135865e-05	4.03590339662e-06
