0.0279832082887	0	0.00175955698464	0	0.000169703465523	0	0.000526973919257	0.0170239371204	0.00887817077528	0	0.000678813862094	0	9.82493747767e-05	0	0.0200428724544	3.57270453733e-05	0	0.00215255448374	0	0.000366202215077	0	0.000116112897463	0	0.000580564487317	0.00205430510897	0	0.00134869596284	0.00163451232583	0.00921757770632	0.00618077884959	0.00355484101465	0	2.679528403e-05	0.000312611647017	0.00447481243301	0	0	0	0	0	0	0	0	0	0	0	0	0	0	0	0	0	0	0	0	0	0	0	0	0	0	0	0	0	0	0	0	0	0	0	8.93176134334e-06	0	0.00253662022151	9.82493747767e-05	0	0	0	0	0	0	0	0	0	0
0	0.0187388352983	0	0	0	0	0	0	0	0.00363522686674	0	0	0	0.000169703465523	0	0	0.000151839942837	0	0	0	0	0	0.00148267238299	0	0.00598428010004	0.00155412647374	0.000848517327617	0.0148088603073	0.00128617363344	0	0	0.0005359056806	0	0	0	0	0.0099142550911	0	0	0	0	0	0	0	0.00018756698821	0	8.93176134334e-06	0	0.0014022865309	0	0	0	0	0	0	0	0	0.000276884601643	0	0.000223294033583	0.00507324044302	0.00066988210075	0.00954805287603	0	0	0	0	0	0	0	0	0	0	0	0	0	0	0	0	0	0	0	0	0
0.00175955698464	0	0.0240443015363	0	0	0	0	0.00229546266524	3.57270453733e-05	0	0	0	0	0	0.00155412647374	0	0	0.00333154698106	0	0	0	0.0010718113612	0	0.0109682029296	0	0	0.00685066095034	0.00969989281886	0.00018756698821	0	8.038585209e-05	0	0	0	7.14540907467e-05	0	0	6.25223294034e-05	0	0	0	0	0	0	0	0	0	0	0	0	0	0	0	0	0	0	0	0.000196498749553	2.679528403e-05	0	0	0	0.000232225794927	0	0	0	0	0	0	0	8.93176134334e-06	0	0.000142908181493	9.82493747767e-05	0	0	0	8.93176134334e-06	0	8.93176134334e-06	6.25223294034e-05	0	0	0
0	0	0	0	0	0	0	0	0	0	0	0	0	0	0	0	0	0	0	0	0	0	0	0	0	0	0	0	0	0	0	0	0	0	0	0	0	0	0	0	0	0	0	0	0	0	0	0	0	0	0	0	0	0	0	0	0	0	0	0	0	0	0	0	0	0	0	0	0	0	0	0	0	0	0	0	0	0	0	0	0	0	0	0
0.000169703465523	0	0	0	0.0164701679171	2.679528403e-05	0.00024115755627	0.00231332618792	0.000652018578064	0.00289389067524	0.00161664880314	8.93176134334e-06	0.00180421579135	0	0.000446588067167	1.78635226867e-05	0	0	8.93176134334e-06	0	0.0044926759557	0	0	0	0.00673454805288	0	1.78635226867e-05	0	0.0071096820293	0.00021436227224	0	0	0	0	2.679528403e-05	0	0	0	0	0.00468917470525	8.93176134334e-06	0.00108074312254	0	0.000232225794927	0.000169703465523	0.00221507681315	0	0.00217041800643	0	0.00077706323687	0.00034833869239	0	0	0	0	0.00337620578778	0	0	0	0.0034833869239	0	0	0	0.00293854948196	0.000732404430154	0	0	8.93176134334e-06	0	8.93176134334e-06	0.000357270453733	0	8.93176134334e-05	1.78635226867e-05	0	0	0	0	0	8.93176134334e-06	0	0.000437656305824	0	0
0	0	0	0	2.679528403e-05	0.0083065380493	0.00607359771347	0.00105394783851	0.00141121829225	0.000500178635227	8.038585209e-05	0	4.46588067167e-05	0	0	0.00285816362987	0	0	0	8.93176134334e-06	0	0	0	0	0.00117899249732	0	3.57270453733e-05	0	0.00120578778135	0.000232225794927	0	0	0.00117006073598	0	0.000812790282244	0	0	0	0	0.000116112897463	0	0	0	0	8.93176134334e-05	0.000116112897463	0	0	0	0	0	0	0	0	0	0.000116112897463	0	0	0	0.00016077170418	0	0	0	0.00016077170418	0	0	0	0	0	0	0.00234012147195	0	0.00192032868882	0.00093783494105	0.00309932118614	0.000232225794927	0	0	0	0	0	0	0	0
0.000526973919257	0	0	0	0.00024115755627	0.00607359771347	0.0478295819936	0.0143712040014	0.0304126473741	0.00045551982851	0.0210878885316	0.00021436227224	0.00592175777063	5.359056806e-05	0.00320650232226	0.00316184351554	0	0	3.57270453733e-05	0.000125044658807	0.00218828152912	2.679528403e-05	0	8.93176134334e-06	0.00100035727045	0	0.00050911039657	8.93176134334e-06	0.00900321543408	0.00192032868882	0	2.679528403e-05	0.00122365130404	0	0.00210789567703	0	0	0	0	6.25223294034e-05	0	0	0	0	7.14540907467e-05	4.46588067167e-05	0	0	0	0	0	0	0	0	0	5.359056806e-05	0	0	0	8.93176134334e-05	0	0	0	8.93176134334e-05	0	0	0	0	0	0	0.00319757056091	0	0.00296534476599	0.00109860664523	0.00322436584494	0.00016077170418	0	3.57270453733e-05	8.93176134334e-06	0	0	0	0	0
0.0170239371204	0	0.00229546266524	0	0.00231332618792	0.00105394783851	0.0143712040014	0.0825026795284	0.02619685602	0.00228653090389	0.0173097534834	0.00016077170418	0.000660950339407	0	0.022659878528	0.00101822079314	0	0.00173276170061	3.57270453733e-05	0.00061629153269	0.00100035727045	0.00414433726331	0	0.00702036441586	0.00245623436942	0	0.00178635226867	0.00164344408717	0.0438281529118	0.00489460521615	0.00861914969632	0	0.000232225794927	0	0.00513576277242	0	0	0	0	0.0028849589139	0	0	0	0	0.00130403715613	0.000571632725974	0	0	0	0	0	0	0	0	0	0.000169703465523	0	0	0	0.0042247231154	0	0	0	0.00296534476599	3.57270453733e-05	0	0	0	0	2.679528403e-05	0.00284923186852	0	0.0045551982851	0.000732404430154	0.00072347266881	3.57270453733e-05	0	0	0	0	0	0	0	0
0.00887817077528	0	3.57270453733e-05	0	0.000652018578064	0.00141121829225	0.0304126473741	0.02619685602	0.0689353340479	0	0.0221239728474	0.00860128617363	0.00387638442301	0.000919971418364	0.0240353697749	0.00032154340836	0	0.00133083244016	0.000866380850304	0.00066988210075	0.00201857806359	0.000196498749553	0	2.679528403e-05	0.000419792783137	0	0.00729724901751	0.000142908181493	0.0131564844587	0.00588603072526	0	0.00061629153269	0.00235798499464	1.78635226867e-05	0.0126027152554	0	0	0	0	0	0	0	0	0	0	0	0	0	0	0.000312611647017	0	0	0	0	0	0	0	0	0	0	0	8.93176134334e-06	0	0	0.0008038585209	0	0	0	0	0.000142908181493	0.00405501964987	8.93176134334e-06	0.00501071811361	0.00115219721329	0.00314397999285	5.359056806e-05	0	0.000250089317613	0.000116112897463	0	0	0	0	0
0	0.00363522686674	0	0	0.00289389067524	0.000500178635227	0.00045551982851	0.00228653090389	0	0.0328867452662	7.14540907467e-05	0	0.00093783494105	3.57270453733e-05	0	0.00119685602001	0	0	0	0	0.000464451589854	0	0.00566273669168	0	0.0211950696677	0.000553769203287	0	0.00125937834941	0.0112093604859	0.00024115755627	0	0	8.93176134334e-06	0	1.78635226867e-05	0	8.93176134334e-06	0	0	0.00588603072526	0	0	0	0	0.00902107895677	0.00239371204001	0	0.000169703465523	0	8.93176134334e-06	8.93176134334e-06	0	0	0	0	0.00161664880314	1.78635226867e-05	0.00104501607717	0	0.0143533404787	8.93176134334e-06	0	8.93176134334e-06	0.0109860664523	4.46588067167e-05	0	0	0	0	2.679528403e-05	0.00106287959986	0	0.00034833869239	0.000303679885673	0.00139335476956	4.46588067167e-05	0	0.00010718113612	0	0	0	8.93176134334e-06	0	0
0.000678813862094	0	0	0	0.00161664880314	8.038585209e-05	0.0210878885316	0.0173097534834	0.0221239728474	7.14540907467e-05	0.0462397284745	0.00128617363344	0.00100035727045	0	0.00478742408003	4.46588067167e-05	0	0	0.000392997499107	0.00102715255448	0.00021436227224	0	0	0	5.359056806e-05	0	0.00145587709896	6.25223294034e-05	0.00972668810289	0.00135762772419	0	8.93176134334e-06	0	8.93176134334e-06	0.00237584851733	0	0	0	0	0.00209003215434	0	0.00013397642015	0	3.57270453733e-05	0	0.00156305823508	0.000473383351197	0.00165237584852	9.82493747767e-05	0.00045551982851	0	0	0	0.000339406931047	7.14540907467e-05	0.00349231868524	0	0	0	0.00134869596284	0	0.000116112897463	0	8.93176134334e-05	0.00121471954269	0	0	0	0	0.00132190067881	0.000464451589854	0	0.00221507681315	0.00024115755627	0	0	0	0.00159878528046	0	0.00106287959986	0	0	0	0
0	0	0	0	8.93176134334e-06	0	0.00021436227224	0.00016077170418	0.00860128617363	0	0.00128617363344	0.029733833512	0.000660950339407	0.00660057163273	0.00415326902465	0	0	0	0.00514469453376	0.00499285459093	0.00069667738478	0	0	0	0	6.25223294034e-05	0.00838692390139	8.93176134334e-06	5.359056806e-05	0.00664523043944	0	0.00177742050732	0.00337620578778	0	0.0186405859235	0	0	0	0	0	0	0	0	0	0	0	0	0	8.93176134334e-06	0	0	0	0	0	0	0	0	0	0	0	0	2.679528403e-05	0	0	0	0	0	0	0	0	1.78635226867e-05	0.00182207931404	0.00275991425509	1.78635226867e-05	8.93176134334e-06	0.00021436227224	0.000491246873884	0	4.46588067167e-05	0	0	0	0	0
9.82493747767e-05	0	0	0	0.00180421579135	4.46588067167e-05	0.00592175777063	0.000660950339407	0.00387638442301	0.00093783494105	0.00100035727045	0.000660950339407	0.0140943193998	0	0.00117899249732	0.00114326545195	0	0	8.038585209e-05	0.000205430510897	0.0079760628796	0	0	0	0.00235798499464	0	0.00123258306538	1.78635226867e-05	0.000571632725974	0.000339406931047	0	2.679528403e-05	0	0	0.0012772418721	0	0	0	0	0.000169703465523	0	0	0	0	3.57270453733e-05	8.038585209e-05	0	2.679528403e-05	0	0	0	0	0	0	0	5.359056806e-05	0	0	0	0.000357270453733	0	0	0	0.000312611647017	0	0	0	0	0	0	0.000151839942837	0	0.00085744908896	1.78635226867e-05	5.359056806e-05	0	0	0	0	0	0	0	0	0
0	0.000169703465523	0	0	0	0	5.359056806e-05	0	0.000919971418364	3.57270453733e-05	0	0.00660057163273	0	0.0188192211504	0.00024115755627	7.14540907467e-05	4.46588067167e-05	0	1.78635226867e-05	0	0	0.000303679885673	0	8.93176134334e-05	0.00018756698821	0.0011343336906	0.00146480886031	0.0014022865309	0.000571632725974	0.00083065380493	0	0.00369774919614	0.00099142550911	0	0.003277956413	0	0.000705609146124	8.93176134334e-06	0	0	0	2.679528403e-05	0	8.038585209e-05	2.679528403e-05	0	0.00119685602001	0	0.00484101464809	0.0002679528403	0	0	0	0	0	0	0	3.57270453733e-05	0	2.679528403e-05	0.00225080385852	0.0002679528403	0.00085744908896	2.679528403e-05	0.000196498749553	0	0	8.93176134334e-06	0	0.00040192926045	0.000366202215077	0.00711861379064	0.00251875669882	0.000902107895677	0	0.00135762772419	0.00206323687031	0	0.00117899249732	0.00021436227224	0	0	0.000125044658807	8.93176134334e-05
0.0200428724544	0	0.00155412647374	0	0.000446588067167	0	0.00320650232226	0.022659878528	0.0240353697749	0	0.00478742408003	0.00415326902465	0.00117899249732	0.00024115755627	0.0480618077885	2.679528403e-05	0	0.00215255448374	0.00040192926045	0.00075026795284	0.000946766702394	0.000169703465523	0	0.00058949624866	0.00177742050732	0	0.00432297249018	0.00138442300822	0.0095837799214	0.0123526259378	0.00200964630225	9.82493747767e-05	0.00085744908896	0	0.00840478742408	0	0	0	0	0	0	0	0	0	0	0	0	0	0	0.000312611647017	0	0	0	0	0	0	0	0	0	0	0	8.93176134334e-06	0	0	0.0008038585209	0	0	0	0	0.000142908181493	0.00198285101822	0	0.00317970703823	0.000178635226867	0.00178635226867	0	0	0.000250089317613	0.000116112897463	0	0	0	0	0
3.57270453733e-05	0	0	0	1.78635226867e-05	0.00285816362987	0.00316184351554	0.00101822079314	0.00032154340836	0.00119685602001	4.46588067167e-05	0	0.00114326545195	7.14540907467e-05	2.679528403e-05	0.00685959271168	0	0	0	8.93176134334e-06	3.57270453733e-05	0	0	0	0.00201857806359	0	1.78635226867e-05	8.93176134334e-06	0.00146480886031	8.93176134334e-05	0	0	0	0	8.038585209e-05	0	1.78635226867e-05	8.93176134334e-06	0	0.000125044658807	0	0	0	0	0.00010718113612	0.000125044658807	0	0	0	8.93176134334e-06	0	0	0	0	0	0.000116112897463	0	8.93176134334e-06	0	0.000205430510897	0	0	3.57270453733e-05	0.000232225794927	8.93176134334e-06	0	0	0	0	0	0.000151839942837	0	0.000652018578064	0.00040192926045	0.002081100393	6.25223294034e-05	0	8.93176134334e-06	0	0	0	0	0	0
0	0.000151839942837	0	0	0	0	0	0	0	0	0	0	0	4.46588067167e-05	0	0	0.0187745623437	0	0	0	0	0.00170596641658	0.00889603429796	0.00236691675598	0.00552876027153	3.57270453733e-05	8.93176134334e-06	0.00259021078957	0.00112540192926	0	0	0	0	0	0	0	0	0	0	0	0	0	0	0	8.93176134334e-06	0	0	0	0	0	0	0.00531439799929	0	8.93176134334e-06	8.93176134334e-06	0	4.46588067167e-05	0.00574312254377	0.00069667738478	0	0	8.93176134334e-06	0.00117006073598	1.78635226867e-05	0	0	0	0	0	0	0.00313504823151	0.0002679528403	0.000142908181493	0.0002679528403	0.000250089317613	7.14540907467e-05	0	0.000232225794927	0.00021436227224	0	0	0	0	0
0.00215255448374	0	0.00333154698106	0	0	0	0	0.00173276170061	0.00133083244016	0	0	0	0	0	0.00215255448374	0	0	0.0231153983566	0	0.00555555555556	0	0.000464451589854	0	0.0038138620936	0	0	0.00677027509825	0.00653804930332	8.93176134334e-05	0.00100035727045	0.00226866738121	0	0	0	0.00660950339407	0	0	0	0	0	0	0	0	0	0	0	0	0	0	0	0	0	0	0	0	0	0	0	0	0	0	0	0	0	0	0	0	0	0	0	0	0	0.000196498749553	0	0	0	0	0	0	0	0	0	0	0
0	0	0	0	8.93176134334e-06	0	3.57270453733e-05	3.57270453733e-05	0.000866380850304	0	0.000392997499107	0.00514469453376	8.038585209e-05	1.78635226867e-05	0.00040192926045	0	0	0	0.00573419078242	0.00300107181136	7.14540907467e-05	0	0	0	0	0	0.000553769203287	0	1.78635226867e-05	0.000705609146124	0	0	0	0	0.00211682743837	0	0	0	0	0	0	0	0	0	0	0	0	0	0	0	0	0	0	0	0	0	0	0	0	0	0	0	0	0	0	0	0	0	0	0	0	0	0.000125044658807	0	0	0	0	0	0	0	0	0	0	0
0.000366202215077	0	0	0	0	8.93176134334e-06	0.000125044658807	0.00061629153269	0.00066988210075	0	0.00102715255448	0.00499285459093	0.000205430510897	0	0.00075026795284	8.93176134334e-06	0	0.00555555555556	0.00300107181136	0.0144605216149	0.000116112897463	3.57270453733e-05	0	3.57270453733e-05	0	0	0.00518042157914	0.000437656305824	0.000116112897463	0.00123258306538	0.000285816362987	0	8.93176134334e-06	0	0.00702929617721	0	0	0	0	0	0	0	0	0	0	0	0	0	0	0	0	0	0	0	0	0	0	0	0	0	0	0	0	0	0	0	0	0	0	0	1.78635226867e-05	0	0.00267059664166	0.000232225794927	0	0	0	0	0	0	0	0	0	0
0	0	0	0	0.0044926759557	0	0.00218828152912	0.00100035727045	0.00201857806359	0.000464451589854	0.00021436227224	0.00069667738478	0.0079760628796	0	0.000946766702394	3.57270453733e-05	0	0	7.14540907467e-05	0.000116112897463	0.0127366916756	0	0	0	0.00364415862808	0	0.0014022865309	1.78635226867e-05	0.00159878528046	0.00016077170418	0	3.57270453733e-05	0	0	0.0013397642015	0	0	0	0	0.0002679528403	0	0	0	0	9.82493747767e-05	0.00010718113612	0	0	0	0	0	0	0	0	0	3.57270453733e-05	0	0	0	0.000473383351197	0	0	0	0.000392997499107	0	0	0	0	0	0	0.000196498749553	0	0.00103608431583	8.93176134334e-06	0	0	0	0	0	0	0	0	0	0
0.000116112897463	0	0.0010718113612	0	0	0	2.679528403e-05	0.00414433726331	0.000196498749553	0	0	0	0	0.000303679885673	0.000169703465523	0	0.00170596641658	0.000464451589854	0	3.57270453733e-05	0	0.043444087174	4.46588067167e-05	0.0224365844945	0.000518042157914	0	0.000384065737763	0.00108967488389	0.00945873526259	0.00138442300822	0.0116827438371	0	0	0.000125044658807	0.00949446230797	0	0	8.038585209e-05	0	0	0	0	0	0	0	0	0	0	0	0	0	0.000276884601643	0	0	0	0	6.25223294034e-05	0.000276884601643	0.000125044658807	0	0	0	6.25223294034e-05	0	0	0	0	0	0	0	0.00243837084673	1.78635226867e-05	0.00822615219721	0.0019381922115	0.000678813862094	0.00040192926045	0	0	0	0	0.000178635226867	0	0	0
0	0.00148267238299	0	0	0	0	0	0	0	0.00566273669168	0	0	0	0	0	0	0.00889603429796	0	0	0	0	4.46588067167e-05	0.0278492318685	0.00335834226509	0.0114862450875	0.000116112897463	0	0.00503751339764	0.0022061450518	0	0	0	0	0	0	0	0.00013397642015	0	0	0	0	0	0	0	0.000446588067167	0	0	0	0	0	0	0.00619864237228	0	0	0	0	0.00121471954269	0.010146480886	0.00130403715613	0.000196498749553	0	0	0.00246516613076	0.00096463022508	0	0	0	0	0	0	0.000196498749553	4.46588067167e-05	0	0	0	0	0	0.00058949624866	0.00029474812433	0	0	0	0	0
0.000580564487317	0	0.0109682029296	0	0	0	8.93176134334e-06	0.00702036441586	2.679528403e-05	0	0	0	0	8.93176134334e-05	0.00058949624866	0	0.00236691675598	0.0038138620936	0	3.57270453733e-05	0	0.0224365844945	0.00335834226509	0.0678367274026	4.46588067167e-05	0	0.00238478027867	0.00623436941765	0.00605573419078	0.00177742050732	0.0077706323687	2.679528403e-05	0	0	0.0100392997499	0	0	0.000312611647017	0	0	0	0	0	0	0	0	0	0	0	0	0	0.00926223651304	0	0	0	0	0.000223294033583	0.00861914969632	0.00137549124687	0	0	0	0.00134869596284	8.93176134334e-06	0	0	0	0	0	0	0.00741336191497	0.000205430510897	0.00867274026438	0.00295641300464	0.000330475169703	0.000410861021793	0	2.679528403e-05	2.679528403e-05	2.679528403e-05	0.00093783494105	0	0	0
0.00205430510897	0.00598428010004	0	0	0.00673454805288	0.00117899249732	0.00100035727045	0.00245623436942	0.000419792783137	0.0211950696677	5.359056806e-05	0	0.00235798499464	0.00018756698821	0.00177742050732	0.00201857806359	0.00552876027153	0	0	0	0.00364415862808	0.000518042157914	0.0114862450875	4.46588067167e-05	0.0596998928189	0.000660950339407	1.78635226867e-05	0.00448374419436	0.0258127902822	0.00587709896392	0.000196498749553	0	0.000125044658807	9.82493747767e-05	0.00115219721329	0	1.78635226867e-05	0	0	0.00266166488031	0	0	0	0	0.00564487316899	0.000678813862094	0	8.93176134334e-06	0	0	8.93176134334e-06	0.00021436227224	0	8.93176134334e-06	8.93176134334e-06	0.000473383351197	0.000759199714184	0.00161664880314	0.00056270096463	0.00868167202572	1.78635226867e-05	8.93176134334e-06	5.359056806e-05	0.00729724901751	8.93176134334e-06	0	0	0	0	8.93176134334e-06	0.00412647374062	6.25223294034e-05	0.00357270453733	0.00257234726688	0.00211682743837	0.000205430510897	0	0.000518042157914	0.000205430510897	0	0	8.93176134334e-06	0	0
0	0.00155412647374	0	0	0	0	0	0	0	0.000553769203287	0	6.25223294034e-05	0	0.0011343336906	0	0	3.57270453733e-05	0	0	0	0	0	0.000116112897463	0	0.000660950339407	0.00377813504823	0	0.00133083244016	4.46588067167e-05	0	0	6.25223294034e-05	0	0	4.46588067167e-05	0	0.000902107895677	0	0	0	0	0	0	0	0	0	0.000142908181493	0	0.00085744908896	0	0	0	0	0	0	0	0	0	0	0	0.00117006073598	3.57270453733e-05	0.000526973919257	0	0	0	0	0	0	1.78635226867e-05	0	0.000714540907467	3.57270453733e-05	0	0	0	0.000768131475527	0	0	0	0	0	0	7.14540907467e-05
0.00134869596284	0.000848517327617	0.00685066095034	0	1.78635226867e-05	3.57270453733e-05	0.00050911039657	0.00178635226867	0.00729724901751	0	0.00145587709896	0.00838692390139	0.00123258306538	0.00146480886031	0.00432297249018	1.78635226867e-05	8.93176134334e-06	0.00677027509825	0.000553769203287	0.00518042157914	0.0014022865309	0.000384065737763	0	0.00238478027867	1.78635226867e-05	0	0.0547427652733	0.0218381564845	0.000223294033583	0.00230439442658	8.93176134334e-06	0.00479635584137	0.00099142550911	0	0.0129778492319	0	0.00280457306181	8.93176134334e-06	0	0	0	0	0	0	8.93176134334e-06	8.93176134334e-06	0.000491246873884	0	0.00212575919971	0	0	8.93176134334e-06	0	0.0019381922115	0.00177742050732	0	0	0.00018756698821	2.679528403e-05	8.93176134334e-06	0.00286709539121	0.00385852090032	0.00753840657378	0	0	0	0	0	0	0	0.00619864237228	0.00131296891747	0.00800285816363	0.00145587709896	8.93176134334e-06	2.679528403e-05	8.93176134334e-06	5.359056806e-05	0.00010718113612	1.78635226867e-05	1.78635226867e-05	0	0	8.93176134334e-06
0.00163451232583	0.0148088603073	0.00969989281886	0	0	0	8.93176134334e-06	0.00164344408717	0.000142908181493	0.00125937834941	6.25223294034e-05	8.93176134334e-06	1.78635226867e-05	0.0014022865309	0.00138442300822	8.93176134334e-06	0.00259021078957	0.00653804930332	0	0.000437656305824	1.78635226867e-05	0.00108967488389	0.00503751339764	0.00623436941765	0.00448374419436	0.00133083244016	0.0218381564845	0.107761700607	0.00150946766702	0.00010718113612	9.82493747767e-05	0.00225080385852	0	0	0.00224187209718	0	0.0276884601643	0.000384065737763	0	1.78635226867e-05	0	0	0	0	2.679528403e-05	3.57270453733e-05	0.00024115755627	0	0.00320650232226	1.78635226867e-05	0	0.000946766702394	0	0.00233118971061	0.00267059664166	1.78635226867e-05	0	0.00680600214362	0.000652018578064	4.46588067167e-05	0.00727045373348	0.0052965344766	0.0481421936406	3.57270453733e-05	1.78635226867e-05	0	0	0	0	1.78635226867e-05	0.0107538406574	0.0010092890318	0.00727938549482	0.00254555198285	0	8.93176134334e-06	0	0.00010718113612	0.000178635226867	0.00013397642015	0.000410861021793	0	0	3.57270453733e-05
0.00921757770632	0.00128617363344	0.00018756698821	0	0.0071096820293	0.00120578778135	0.00900321543408	0.0438281529118	0.0131564844587	0.0112093604859	0.00972668810289	5.359056806e-05	0.000571632725974	0.000571632725974	0.0095837799214	0.00146480886031	0.00112540192926	8.93176134334e-05	1.78635226867e-05	0.000116112897463	0.00159878528046	0.00945873526259	0.0022061450518	0.00605573419078	0.0258127902822	4.46588067167e-05	0.000223294033583	0.00150946766702	0.0978563772776	0.00903894247946	0.00739549839228	0	0.000232225794927	0.000125044658807	0.00479635584137	0	8.93176134334e-06	0	0	0.00554662379421	0	0	0	0	0.00576098606645	0.00145587709896	0	8.93176134334e-06	0	0	8.93176134334e-06	8.93176134334e-06	0	0	0	0.00058949624866	0.000732404430154	0.00163451232583	0.000303679885673	0.0124062165059	8.93176134334e-06	0	8.038585209e-05	0.00999464094319	4.46588067167e-05	0	0	0	0	3.57270453733e-05	0.00565380493033	2.679528403e-05	0.00972668810289	0.00456413004645	0.0023490532333	0.000759199714184	0	0.000357270453733	7.14540907467e-05	0	0	8.93176134334e-06	0	0
0.00618077884959	0	0	0	0.00021436227224	0.000232225794927	0.00192032868882	0.00489460521615	0.00588603072526	0.00024115755627	0.00135762772419	0.00664523043944	0.000339406931047	0.00083065380493	0.0123526259378	8.93176134334e-05	0	0.00100035727045	0.000705609146124	0.00123258306538	0.00016077170418	0.00138442300822	0	0.00177742050732	0.00587709896392	0	0.00230439442658	0.00010718113612	0.00903894247946	0.0380493033226	0.00614505180422	0.00013397642015	0.00215255448374	0.00238478027867	0.0131832797428	0	0	0	0	8.93176134334e-06	0	0	0	0	0.000223294033583	0	0	0	0	0	0	0	0	0	0	0	0	8.93176134334e-06	0	0.00024115755627	0	0	8.93176134334e-06	0.000223294033583	0	0	0	0	0	0	0.000357270453733	0.000178635226867	0.00606466595213	0.00142908181493	7.14540907467e-05	0.00010718113612	2.679528403e-05	8.93176134334e-06	0	0	0	0	0	0
0.00355484101465	0	8.038585209e-05	0	0	0	0	0.00861914969632	0	0	0	0	0	0	0.00200964630225	0	0	0.00226866738121	0	0.000285816362987	0	0.0116827438371	0	0.0077706323687	0.000196498749553	0	8.93176134334e-06	9.82493747767e-05	0.00739549839228	0.00614505180422	0.0423633440514	0	0	0.00161664880314	0.0131028938907	0	0	0	0	0	0	0	0	0	0	0	0	0	0	0	0	0	0	0	0	0	0	0	0	0	0	0	0	0	0	0	0	0	0	0	0	0	0.00407288317256	6.25223294034e-05	0	0	0	0	0	0	0	0	0	0
0	0.0005359056806	0	0	0	0	2.679528403e-05	0	0.00061629153269	0	8.93176134334e-06	0.00177742050732	2.679528403e-05	0.00369774919614	9.82493747767e-05	0	0	0	0	0	3.57270453733e-05	0	0	2.679528403e-05	0	6.25223294034e-05	0.00479635584137	0.00225080385852	0	0.00013397642015	0	0.00810110753841	0.00040192926045	0	0.00083065380493	0	0.00137549124687	0	0	0	0	0	0	0	0	8.93176134334e-06	0.000687745623437	0	0.00333154698106	0	0	0	0	0	0	0	0	0	0	8.93176134334e-06	0.002679528403	0.000384065737763	0.00123258306538	0	0	0	0	0	0	0	0.00058949624866	0.000919971418364	0.000973561986424	0.000250089317613	8.93176134334e-06	2.679528403e-05	5.359056806e-05	1.78635226867e-05	0.00010718113612	0	0	0	0	2.679528403e-05
2.679528403e-05	0	0	0	0	0.00117006073598	0.00122365130404	0.000232225794927	0.00235798499464	8.93176134334e-06	0	0.00337620578778	0	0.00099142550911	0.00085744908896	0	0	0	0	8.93176134334e-06	0	0	0	0	0.000125044658807	0	0.00099142550911	0	0.000232225794927	0.00215255448374	0	0.00040192926045	0.00661843515541	0	0.00517148981779	0	0	0	0	8.93176134334e-06	0	0	0	0	8.93176134334e-06	0	0	0	0	0	0	0	0	0	0	0	0	0	0	8.93176134334e-06	0	0	0	8.93176134334e-06	0	0	0	0	0	0	0.000714540907467	8.038585209e-05	0.00106287959986	0.000330475169703	0.000259021078957	0.00058949624866	0	0	0	0	0	0	0	0
0.000312611647017	0	0	0	0	0	0	0	1.78635226867e-05	0	8.93176134334e-06	0	0	0	0	0	0	0	0	0	0	0.000125044658807	0	0	9.82493747767e-05	0	0	0	0.000125044658807	0.00238478027867	0.00161664880314	0	0	0.00341193283315	0.00175062522329	0	0	0	0	0	0	0	0	0	0	0	0	0	0	0	0	0	0	0	0	0	0	0	0	0	0	0	0	0	0	0	0	0	0	0	0	0	0.00096463022508	2.679528403e-05	0	0	0	0	0	0	0	0	0	0
0.00447481243301	0	7.14540907467e-05	0	2.679528403e-05	0.000812790282244	0.00210789567703	0.00513576277242	0.0126027152554	1.78635226867e-05	0.00237584851733	0.0186405859235	0.0012772418721	0.003277956413	0.00840478742408	8.038585209e-05	0	0.00660950339407	0.00211682743837	0.00702929617721	0.0013397642015	0.00949446230797	0	0.0100392997499	0.00115219721329	4.46588067167e-05	0.0129778492319	0.00224187209718	0.00479635584137	0.0131832797428	0.0131028938907	0.00083065380493	0.00517148981779	0.00175062522329	0.0613969274741	0	0	3.57270453733e-05	0	8.93176134334e-06	0	0	0	0	1.78635226867e-05	0	0	0	0	0	0	0	0	0	0	0	0	0	2.679528403e-05	1.78635226867e-05	0	0	0.000196498749553	1.78635226867e-05	0	0	0	0	0	0	0.000821722043587	0.000785994998214	0.0250982493748	0.00190246516613	0	0.000759199714184	0.00024115755627	0	0	2.679528403e-05	3.57270453733e-05	0	0	0
0	0	0	0	0	0	0	0	0	0	0	0	0	0	0	0	0	0	0	0	0	0	0	0	0	0	0	0	0	0	0	0	0	0	0	0.0122811718471	0	3.57270453733e-05	0	0	0	0	0.00341193283315	0.00116112897463	0	5.359056806e-05	0	0	0	0.00868167202572	0	0	0	0	0	0	0.00100035727045	0	0.00330475169703	3.57270453733e-05	0	0	0	8.038585209e-05	0.00231332618792	0.00493033226152	0	0	8.93176134334e-06	1.78635226867e-05	0	0	0	0	0	0	0	0	0	0	0	0	0	0
0	0.0099142550911	0	0	0	0	0	0	0	8.93176134334e-06	0	0	0	0.000705609146124	0	1.78635226867e-05	0	0	0	0	0	0	0.00013397642015	0	1.78635226867e-05	0.000902107895677	0.00280457306181	0.0276884601643	8.93176134334e-06	0	0	0.00137549124687	0	0	0	0	0.0412290103608	0	0	0	0	0	0	0	0.00223294033583	0	0.000125044658807	8.93176134334e-06	0.00400142908181	0	0	0.00168810289389	0	0	0	0	0	0.00709181850661	0	0.00653804930332	0.0106377277599	0.00099142550911	0.0362272240086	8.93176134334e-06	0	0	0	0	0	8.93176134334e-06	0.00045551982851	4.46588067167e-05	0.000232225794927	4.46588067167e-05	0	1.78635226867e-05	0	0	0	0	0	0	0	8.93176134334e-06
0	0	6.25223294034e-05	0	0	0	0	0	0	0	0	0	0	8.93176134334e-06	0	8.93176134334e-06	0	0	0	0	0	8.038585209e-05	0	0.000312611647017	0	0	8.93176134334e-06	0.000384065737763	0	0	0	0	0	0	3.57270453733e-05	3.57270453733e-05	0	0.0375580564487	0	0	0	8.93176134334e-06	0.000178635226867	0.000232225794927	0	0	0	0	0	0.000705609146124	0	0.00034833869239	0.00726152197213	0	8.93176134334e-06	0	0.00648445873526	0.000491246873884	0.0192836727403	5.359056806e-05	0	0.00585923544123	0.0134155055377	9.82493747767e-05	0.000919971418364	0.000875312611647	0	0	0.000437656305824	0.00231332618792	0.00050911039657	4.46588067167e-05	0.000652018578064	0.00061629153269	0	1.78635226867e-05	0	0.00142015005359	0.000634155055377	0.00291175419793	0.00108074312254	0	0	0
0	0	0	0	0	0	0	0	0	0	0	0	0	0	0	0	0	0	0	0	0	0	0	0	0	0	0	0	0	0	0	0	0	0	0	0	0	0	0	0	0	0	0	0	0	0	0	0	0	0	0	0	0	0	0	0	0	0	0	0	0	0	0	0	0	0	0	0	0	0	0	0	0	0	0	0	0	0	0	0	0	0	0	0
0	0	0	0	0.00468917470525	0.000116112897463	6.25223294034e-05	0.0028849589139	0	0.00588603072526	0.00209003215434	0	0.000169703465523	0	0	0.000125044658807	0	0	0	0	0.0002679528403	0	0	0	0.00266166488031	0	0	1.78635226867e-05	0.00554662379421	8.93176134334e-06	0	0	8.93176134334e-06	0	8.93176134334e-06	0	0	0	0	0.0242497320472	0.00072347266881	0.00159878528046	8.93176134334e-06	0.000437656305824	0.00543944265809	0.00639514112183	0.00013397642015	0.00441229010361	6.25223294034e-05	0.00118792425866	0.00165237584852	0	0	1.78635226867e-05	1.78635226867e-05	0.0117095391211	0	0	0	0.0170418006431	0	0	0	0.00785101822079	0.00129510539478	0	0	0.00016077170418	0	0.00217041800643	7.14540907467e-05	0	2.679528403e-05	8.93176134334e-06	0.00045551982851	0	0	0.0031529117542	0	0.00088424437299	0.00037513397642	0.00135762772419	0.00016077170418	0
0	0	0	0	8.93176134334e-06	0	0	0	0	0	0	0	0	0	0	0	0	0	0	0	0	0	0	0	0	0	0	0	0	0	0	0	0	0	0	0	0	0	0	0.00072347266881	0.0055644873169	0.00173276170061	0	0.00037513397642	0.00155412647374	0.00058949624866	0	0.000151839942837	0	1.78635226867e-05	0.00412647374062	0	0	0	0	1.78635226867e-05	0	0	0	0.00164344408717	0	0	0	0.0002679528403	0	0	0	0.00114326545195	0	0.000169703465523	0	0	0	0	0	0	0	0.000205430510897	0	0.000196498749553	8.93176134334e-06	0.00326009289032	0.00108967488389	0
0	0	0	0	0.00108074312254	0	0	0	0	0	0.00013397642015	0	0	2.679528403e-05	0	0	0	0	0	0	0	0	0	0	0	0	0	0	0	0	0	0	0	0	0	0	0	8.93176134334e-06	0	0.00159878528046	0.00173276170061	0.0274026438014	0.00112540192926	0.00951232583065	0	0.0116380850304	0.00164344408717	0.0069042515184	0.00085744908896	0.00607359771347	0.00377813504823	8.93176134334e-06	0	0.000125044658807	0	0.00361736334405	8.93176134334e-06	0	1.78635226867e-05	0.00034833869239	0	0.0002679528403	8.93176134334e-06	0.00111647016792	0.00514469453376	0	0	0.000178635226867	0	0.00232225794927	0	0	0	0	0	0	0	0.000812790282244	8.93176134334e-06	0.00290282243658	9.82493747767e-05	0.00378706680957	0.000303679885673	0
0	0	0	0	0	0	0	0	0	0	0	0	0	0	0	0	0	0	0	0	0	0	0	0	0	0	0	0	0	0	0	0	0	0	0	0.00341193283315	0	0.000178635226867	0	8.93176134334e-06	0	0.00112540192926	0.0469274740979	0.0106555912826	0	0.00447481243301	4.46588067167e-05	8.93176134334e-06	5.359056806e-05	0.0150589496249	0	8.93176134334e-06	0	0.000125044658807	0.000125044658807	8.93176134334e-06	0.00590389424795	8.93176134334e-06	0.000580564487317	0.00021436227224	0	1.78635226867e-05	8.93176134334e-06	0.019301536263	0.0048231511254	0.0103429796356	0	0	0.000357270453733	0.0026170060736	1.78635226867e-05	8.93176134334e-06	0	0	0	0	0	0.00135762772419	2.679528403e-05	0.0014022865309	0.000223294033583	6.25223294034e-05	0	0
0	0	0	0	0.000232225794927	0	0	0	0	0	3.57270453733e-05	0	0	8.038585209e-05	0	0	0	0	0	0	0	0	0	0	0	0	0	0	0	0	0	0	0	0	0	0.00116112897463	0	0.000232225794927	0	0.000437656305824	0.00037513397642	0.00951232583065	0.0106555912826	0.0342533047517	0	0.010459092533	0.00016077170418	0.00136655948553	0.000116112897463	0.0201232583065	0.000116112897463	1.78635226867e-05	8.93176134334e-06	0.000125044658807	4.46588067167e-05	0.00085744908896	0.00096463022508	0	0.00121471954269	0.00223294033583	0	3.57270453733e-05	1.78635226867e-05	0.00384065737763	0.00246516613076	0.00534119328332	0	0.00029474812433	0	0.00175062522329	0	0	0	0	0	0	0	0.00177742050732	6.25223294034e-05	0.00259914255091	0.000339406931047	0.000955698463737	0.00111647016792	0
0	0.00018756698821	0	0	0.000169703465523	8.93176134334e-05	7.14540907467e-05	0.00130403715613	0	0.00902107895677	0	0	3.57270453733e-05	2.679528403e-05	0	0.00010718113612	8.93176134334e-06	0	0	0	9.82493747767e-05	0	0.000446588067167	0	0.00564487316899	0	8.93176134334e-06	2.679528403e-05	0.00576098606645	0.000223294033583	0	0	8.93176134334e-06	0	1.78635226867e-05	0	0.00223294033583	0	0	0.00543944265809	0.00155412647374	0	0	0	0.0288317256163	0.0008038585209	0	0.00150946766702	8.038585209e-05	0	0.00346552340121	8.93176134334e-06	0	0	0	0.00075026795284	3.57270453733e-05	0.00915505537692	0	0.0244372990354	0.000732404430154	0	0.00119685602001	0.00853876384423	0	0	0	0.000303679885673	0	0	0.00146480886031	6.25223294034e-05	0.000232225794927	0.000223294033583	0.000366202215077	4.46588067167e-05	0	0.00096463022508	0.00029474812433	0	0	0.00192926045016	0.000312611647017	0
0	0	0	0	0.00221507681315	0.000116112897463	4.46588067167e-05	0.000571632725974	0	0.00239371204001	0.00156305823508	0	8.038585209e-05	0	0	0.000125044658807	0	0	0	0	0.00010718113612	0	0	0	0.000678813862094	0	8.93176134334e-06	3.57270453733e-05	0.00145587709896	0	0	8.93176134334e-06	0	0	0	5.359056806e-05	0	0	0	0.00639514112183	0.00058949624866	0.0116380850304	0.00447481243301	0.010459092533	0.0008038585209	0.0469989281886	0.00133083244016	0.00475169703466	0.000339406931047	0.0108431582708	0.00230439442658	0	0	0.00152733118971	0.00205430510897	0.00901214719543	0	0	0	0.00800285816363	0	0.000821722043587	0.00010718113612	0.012173990711	0.00811897106109	0	0	1.78635226867e-05	0	0.00938728117185	5.359056806e-05	0	4.46588067167e-05	0	0.000303679885673	0	0	0.00262593783494	7.14540907467e-05	0.00689531975706	0.00124151482672	0.00251875669882	0	0
0	8.93176134334e-06	0	0	0	0	0	0	0	0	0.000473383351197	0	0	0.00119685602001	0	0	0	0	0	0	0	0	0	0	0	0.000142908181493	0.000491246873884	0.00024115755627	0	0	0	0.000687745623437	0	0	0	0	0.000125044658807	0	0	0.00013397642015	0	0.00164344408717	4.46588067167e-05	0.00016077170418	0	0.00133083244016	0.0238835298321	0.00322436584494	0.00729724901751	0.000946766702394	0	0	0	0.00389424794569	4.46588067167e-05	0.0024740978921	0	0	0	0.000518042157914	0.0010092890318	0.00175062522329	9.82493747767e-05	0.000339406931047	0.00746695248303	0	8.038585209e-05	4.46588067167e-05	0	0.011575562701	0	0.000553769203287	0	0	0	0	9.82493747767e-05	0.000142908181493	0.000794926759557	0.0101643444087	0	0	1.78635226867e-05	0.00056270096463
0	0	0	0	0.00217041800643	0	0	0	0	0.000169703465523	0.00165237584852	0	2.679528403e-05	0	0	0	0	0	0	0	0	0	0	0	8.93176134334e-06	0	0	0	8.93176134334e-06	0	0	0	0	0	0	0	8.93176134334e-06	0	0	0.00441229010361	0.000151839942837	0.0069042515184	8.93176134334e-06	0.00136655948553	0.00150946766702	0.00475169703466	0.00322436584494	0.0219632011433	0.00114326545195	0.00427831368346	0.00256341550554	0	0	0.00119685602001	0.000250089317613	0.0132725973562	0	0.000125044658807	0	0.00197391925688	0	0.000946766702394	0	0.000276884601643	0.00787781350482	0	0	8.038585209e-05	0	0.00534119328332	0	0	0	0	6.25223294034e-05	0	0	0.000848517327617	0	0.00516255805645	0.000142908181493	0.00169703465523	0	0
0	0.0014022865309	0	0	0	0	0	0	0	0	9.82493747767e-05	8.93176134334e-06	0	0.00484101464809	0	0	0	0	0	0	0	0	0	0	0	0.00085744908896	0.00212575919971	0.00320650232226	0	0	0	0.00333154698106	0	0	0	0	0.00400142908181	0	0	6.25223294034e-05	0	0.00085744908896	5.359056806e-05	0.000116112897463	8.038585209e-05	0.000339406931047	0.00729724901751	0.00114326545195	0.0209896391568	0.00058949624866	0	0	0	0	0	0.00058949624866	0	8.93176134334e-05	0	0.000357270453733	0.00727938549482	0.00100035727045	0.00515362629511	0.000169703465523	0.00257234726688	0	0.000142908181493	3.57270453733e-05	0	0.00341193283315	8.93176134334e-06	0.00230439442658	0	0	0	0	0.000259021078957	7.14540907467e-05	0.00134869596284	0.00429617720615	0	0	1.78635226867e-05	0.000785994998214
0	0	0	0	0.00077706323687	0	0	0	0.000312611647017	8.93176134334e-06	0.00045551982851	0	0	0.0002679528403	0.000312611647017	8.93176134334e-06	0	0	0	0	0	0	0	0	0	0	0	1.78635226867e-05	0	0	0	0	0	0	0	0.00868167202572	0	0.000705609146124	0	0.00118792425866	1.78635226867e-05	0.00607359771347	0.0150589496249	0.0201232583065	0	0.0108431582708	0.000946766702394	0.00427831368346	0.00058949624866	0.0549660593069	3.57270453733e-05	0	8.93176134334e-06	0	0	0.00304573061808	0.00259914255091	0	0.00856555912826	0.000741336191497	8.93176134334e-06	0	0	0.00269739192569	0.0160861021793	0.0121471954269	0	0.00013397642015	0	0.00404608788853	0.000169703465523	1.78635226867e-05	1.78635226867e-05	8.93176134334e-06	0	0	0	0.00118792425866	7.14540907467e-05	0.00275098249375	0.000205430510897	0.00029474812433	0.000714540907467	0
0	0	0	0	0.00034833869239	0	0	0	0	8.93176134334e-06	0	0	0	0	0	0	0	0	0	0	0	0	0	0	8.93176134334e-06	0	0	0	8.93176134334e-06	0	0	0	0	0	0	0	0	0	0	0.00165237584852	0.00412647374062	0.00377813504823	0	0.000116112897463	0.00346552340121	0.00230439442658	0	0.00256341550554	0	3.57270453733e-05	0.0108699535548	0	0	0	0	0.0008038585209	0	0	0	0.00316184351554	0	0	0	0.000330475169703	1.78635226867e-05	0	0	0.000660950339407	0	1.78635226867e-05	0	0	0	0	0	0	0	2.679528403e-05	0	0	0	0.00572525902108	0.000660950339407	0
0	0	0	0	0	0	0	0	0	0	0	0	0	0	0	0	0.00531439799929	0	0	0	0	0.000276884601643	0.00619864237228	0.00926223651304	0.00021436227224	0	8.93176134334e-06	0.000946766702394	8.93176134334e-06	0	0	0	0	0	0	0	0.00168810289389	0.00034833869239	0	0	0	8.93176134334e-06	8.93176134334e-06	1.78635226867e-05	8.93176134334e-06	0	0	0	0	0	0	0.0336191496963	0	8.93176134334e-06	1.78635226867e-05	0	0.00149160414434	0.0221596998928	0.00842265094677	0.00459092533048	0	0.00010718113612	0.00939621293319	0.000928903179707	0	0	0	0	0	8.93176134334e-06	0.000759199714184	0.000410861021793	2.679528403e-05	8.93176134334e-06	0	0	0	0.00625223294034	0.00438549481958	7.14540907467e-05	8.038585209e-05	0	0	0
0	0	0	0	0	0	0	0	0	0	0	0	0	0	0	0	0	0	0	0	0	0	0	0	0	0	0	0	0	0	0	0	0	0	0	0	0	0.00726152197213	0	0	0	0	0	8.93176134334e-06	0	0	0	0	0	8.93176134334e-06	0	0	0.0165505537692	2.679528403e-05	0.000276884601643	0	0.00279564130046	0	0.00677920685959	0	0	0.00229546266524	0.00693104680243	8.93176134334e-06	0	2.679528403e-05	0	0	0	0.00142908181493	0	0	0	0	0	0	0	0	0	8.038585209e-05	0	0	0	0
0	0	0	0	0	0	0	0	0	0	0.000339406931047	0	0	0	0	0	8.93176134334e-06	0	0	0	0	0	0	0	8.93176134334e-06	0	0.0019381922115	0.00233118971061	0	0	0	0	0	0	0	0	0	0	0	1.78635226867e-05	0	0.000125044658807	0.000125044658807	0.000125044658807	0	0.00152733118971	0.00389424794569	0.00119685602001	0	0	0	8.93176134334e-06	2.679528403e-05	0.0149696320114	0.00606466595213	0.00130403715613	0	0	8.93176134334e-06	0.000366202215077	0	0.00581457663451	0.00145587709896	0.000544837441944	0.00253662022151	0	0	0	0	0.00536798856735	0.000259021078957	0.00018756698821	0	0	0	0	0	0.00045551982851	0.00058949624866	0.00530546623794	1.78635226867e-05	0	0	0
0	0	0	0	0	0	0	0	0	0	7.14540907467e-05	0	0	0	0	0	8.93176134334e-06	0	0	0	0	0	0	0	8.93176134334e-06	0	0.00177742050732	0.00267059664166	0	0	0	0	0	0	0	0	0	8.93176134334e-06	0	1.78635226867e-05	0	0	0.000125044658807	4.46588067167e-05	0	0.00205430510897	4.46588067167e-05	0.000250089317613	0	0	0	1.78635226867e-05	0.000276884601643	0.00606466595213	0.0188370846731	0.00042872454448	2.679528403e-05	0	3.57270453733e-05	0.000151839942837	0	0.00951232583065	0.00459092533048	0.00048231511254	0.00201857806359	0	0	0	0	0.00685066095034	0.00018756698821	0.00010718113612	0	0	0	0	0	0.0010092890318	0.00150053590568	0.00718113612004	8.93176134334e-05	0	0	0
0	0	0	0	0.00337620578778	0.000116112897463	5.359056806e-05	0.000169703465523	0	0.00161664880314	0.00349231868524	0	5.359056806e-05	0	0	0.000116112897463	0	0	0	0	3.57270453733e-05	0	0	0	0.000473383351197	0	0	1.78635226867e-05	0.00058949624866	0	0	0	0	0	0	0	0	0	0	0.0117095391211	1.78635226867e-05	0.00361736334405	8.93176134334e-06	0.00085744908896	0.00075026795284	0.00901214719543	0.0024740978921	0.0132725973562	0.00058949624866	0.00304573061808	0.0008038585209	0	0	0.00130403715613	0.00042872454448	0.023490532333	0	0	0	0.00575205430511	0	0.00099142550911	0	0.00200071454091	0.00612718828153	0	0	1.78635226867e-05	0	0.00613612004287	1.78635226867e-05	0	1.78635226867e-05	0	0.000446588067167	0	0	0.00307252590211	1.78635226867e-05	0.00539478385138	0.000526973919257	0.00069667738478	0	0
0	0	0	0	0	0	0	0	0	1.78635226867e-05	0	0	0	0	0	0	4.46588067167e-05	0	0	0	0	6.25223294034e-05	0.00121471954269	0.000223294033583	0.000759199714184	0	0	0	0.000732404430154	0	0	0	0	0	0	0.00100035727045	0	0.00648445873526	0	0	0	8.93176134334e-06	0.00590389424795	0.00096463022508	3.57270453733e-05	0	0	0	0	0.00259914255091	0	0.00149160414434	0.00279564130046	0	2.679528403e-05	0	0.0654072883173	0.00291175419793	0.0337531261165	0.00061629153269	0	2.679528403e-05	9.82493747767e-05	0.013424437299	0.00242943908539	0.01722043587	0	0	0.00201857806359	0.00748481600572	3.57270453733e-05	0	0.000223294033583	0.000223294033583	0	0.000116112897463	0	0.00515362629511	0.0002679528403	0.00604680242944	0.00320650232226	0.000419792783137	0	4.46588067167e-05
0	0.000276884601643	0.000196498749553	0	0	0	0	0	0	0.00104501607717	0	0	0	3.57270453733e-05	0	8.93176134334e-06	0.00574312254377	0	0	0	0	0.000276884601643	0.010146480886	0.00861914969632	0.00161664880314	0	0.00018756698821	0.00680600214362	0.00163451232583	8.93176134334e-06	0	0	0	0	0	0	0.00709181850661	0.000491246873884	0	0	0	0	8.93176134334e-06	0	0.00915505537692	0	0	0.000125044658807	8.93176134334e-05	0	0	0.0221596998928	0	0	0	0	0.00291175419793	0.0510092890318	0.00393890675241	0.0167827795641	0.000839585566274	0	0.0169256877456	0.00356377277599	0	0	0	0	0	0	0.00286709539121	0.00102715255448	0.000473383351197	0.000259021078957	8.038585209e-05	5.359056806e-05	0	0.00151839942837	0.00125937834941	0	0	0	0	0
0	0	2.679528403e-05	0	0	0	0	0	0	0	0	0	0	0	0	0	0.00069667738478	0	0	0	0	0.000125044658807	0.00130403715613	0.00137549124687	0.00056270096463	0	2.679528403e-05	0.000652018578064	0.000303679885673	0	0	0	0	0	2.679528403e-05	0.00330475169703	0	0.0192836727403	0	0	0	1.78635226867e-05	0.000580564487317	0.00121471954269	0	0	0	0	0	0.00856555912826	0	0.00842265094677	0.00677920685959	8.93176134334e-06	3.57270453733e-05	0	0.0337531261165	0.00393890675241	0.0823240443015	0.00029474812433	0	0.00108074312254	0.0079760628796	0.00137549124687	0.00519828510182	0.00753840657378	0	0	0.00323329760629	0.00658270811004	0.000678813862094	0.00016077170418	0.000946766702394	0.000902107895677	0	0.000178635226867	0	0.0101643444087	0.00366202215077	0.00602893890675	0.0034833869239	0.00050911039657	0	1.78635226867e-05
