0.0237896526113	1.1485187936e-05	3.44555638079e-05	0	9.57098994663e-05	1.1485187936e-05	0.00326179337381	0.0116038682113	0.00756491045382	0.000409638369716	0.00148541763972	7.65679195731e-06	0.000604886564627	7.65679195731e-06	0.00671883494254	0.000241188946655	0.000195248194911	1.53135839146e-05	0	3.82839597865e-06	0.000627856940499	0.000386667993844	0.000233532154698	0.000329242054164	0.00134759538449	0	3.82839597865e-06	5.35975437011e-05	0.0019907659089	0.00502668391997	0.00376714164299	0	1.91419798933e-05	0.000267987718506	0.00181465969388	3.82839597865e-06	7.65679195731e-06	0	0	3.82839597865e-06	0	3.82839597865e-06	4.97691477225e-05	0	0.000168449423061	7.65679195731e-06	0	1.1485187936e-05	0	3.82839597865e-06	0	1.53135839146e-05	0	0	0	3.82839597865e-06	3.82839597865e-06	4.59407517438e-05	1.1485187936e-05	0.000103366691424	0	0	3.82839597865e-06	8.03963155517e-05	3.82839597865e-06	1.1485187936e-05	0	0	3.82839597865e-06	3.82839597865e-06	0.00125954227698	0.000218218570783	0.00107960766598	0.000356040826015	0.000861389095197	6.89111276158e-05	0	0	0	3.82839597865e-06	0	3.82839597865e-06	0	0
1.1485187936e-05	0.00566602604841	0.000907329846941	0	0	0	0	2.67987718506e-05	3.82839597865e-06	2.67987718506e-05	0	6.50827316371e-05	0	1.91419798933e-05	3.82839597865e-06	1.1485187936e-05	0.000118680275338	0.000344555638079	1.53135839146e-05	0.000237360550676	0	0.000126337067296	0.00114469039762	0.000474721101353	3.44555638079e-05	0.000206733382847	0.000620200148542	0.00341110081698	4.59407517438e-05	1.53135839146e-05	4.59407517438e-05	0	0	0	0.000359869221993	0	0.000980069370535	0.000214390174805	0	0	0	0	3.82839597865e-06	0	3.82839597865e-06	0	1.1485187936e-05	0	0	0	0	2.67987718506e-05	9.18815034877e-05	3.82839597865e-06	2.67987718506e-05	0	1.53135839146e-05	0.000156964235125	7.65679195731e-05	0	3.44555638079e-05	0.000187591402954	0.000562774208862	3.82839597865e-06	0	3.82839597865e-06	0	0	3.82839597865e-06	3.82839597865e-05	0.000252674134591	0.000264159322527	0.000245017342634	9.18815034877e-05	7.65679195731e-06	7.65679195731e-06	0	3.06271678292e-05	7.27395235944e-05	3.44555638079e-05	2.29703758719e-05	0	3.82839597865e-06	0
3.44555638079e-05	0.000907329846941	0.0261211457623	0	0	0	2.29703758719e-05	0.000111023483381	1.91419798933e-05	4.21123557652e-05	0	0.000187591402954	0	4.59407517438e-05	1.53135839146e-05	1.1485187936e-05	0.00042495195363	0.00412701086499	1.53135839146e-05	0.000811619947474	0	0.00143564849199	0.000949442202706	0.00797837721951	0.000130165463274	3.06271678292e-05	0.00419209359662	0.00961693069838	0.00039815318178	6.50827316371e-05	0.000486206289289	0	0	1.53135839146e-05	0.00312397111858	0	0.00122125831719	0.000267987718506	0	0	0	0	1.53135839146e-05	0	7.65679195731e-06	0	3.82839597865e-06	0	3.82839597865e-06	0	0	6.50827316371e-05	0.000122508671317	3.82839597865e-06	7.65679195731e-06	0	4.59407517438e-05	0.000467064309396	0.000179934610997	7.65679195731e-06	7.65679195731e-06	0.000164621027082	0.000673797692243	1.1485187936e-05	0	7.65679195731e-06	0	0	0	9.9538295445e-05	0.00226258202338	0.00164238187484	0.00232766475502	0.000826933531389	0.000164621027082	4.21123557652e-05	3.82839597865e-06	8.03963155517e-05	9.57098994663e-05	6.50827316371e-05	3.44555638079e-05	0	3.82839597865e-06	3.82839597865e-06
0	0	0	0	0	0	0	0	0	0	0	0	0	0	0	0	0	0	0	0	0	0	0	0	0	0	0	0	0	0	0	0	0	0	0	0	0	0	0	0	0	0	0	0	0	0	0	0	0	0	0	0	0	0	0	0	0	0	0	0	0	0	0	0	0	0	0	0	0	0	0	0	0	0	0	0	0	0	0	0	0	0	0	0
9.57098994663e-05	0	0	0	0.0109492124989	0	0.000160792631103	0.000895844659005	0.000107195087402	0.000111023483381	0.00135908057242	3.82839597865e-06	0.000895844659005	0	3.44555638079e-05	1.53135839146e-05	7.65679195731e-06	0	3.82839597865e-06	0	0.00378628362289	0	7.65679195731e-06	0	0.00192951157324	0	0	0	0.0036944021194	3.06271678292e-05	7.65679195731e-06	0	0	7.65679195731e-06	2.29703758719e-05	0	0	0	0	0.00062402854452	0	1.1485187936e-05	1.53135839146e-05	3.82839597865e-06	4.21123557652e-05	4.59407517438e-05	0	0.000179934610997	0	0	0	0	0	0	0	0.000375182805908	0	0	0	6.89111276158e-05	0	0	0	1.91419798933e-05	0	0	0	0	0	0	1.91419798933e-05	3.82839597865e-06	1.53135839146e-05	3.82839597865e-06	5.35975437011e-05	0	0	3.82839597865e-06	3.82839597865e-06	0	0	0	0	0
1.1485187936e-05	0	0	0	0	0.00357189344808	0.00241188946655	7.65679195731e-06	0.0011829743574	0	0	1.1485187936e-05	0	0	0.00019907659089	0.000421123557652	0	0	0	0	0	0	0	0	0	0	0	0	3.82839597865e-06	0.000191419798933	0	0	0.000811619947474	0	0.000153135839146	0	0	0	0	0	0	0	0	0	0	0	0	0	0	0	0	0	0	0	0	0	0	0	0	0	0	0	0	0	0	0	0	0	0	0	7.65679195731e-06	0	4.21123557652e-05	7.65679195731e-06	0.000218218570783	0.000137822255232	0	0	0	0	0	0	0	0
0.00326179337381	0	2.29703758719e-05	0	0.000160792631103	0.00241188946655	0.0402172997557	0.00314311309847	0.0203823801903	0.000202904986869	0.00766444874926	0.000233532154698	0.00713230170823	3.44555638079e-05	0.00461321715428	0.00171894979442	4.97691477225e-05	3.06271678292e-05	1.53135839146e-05	4.21123557652e-05	0.00192951157324	9.57098994663e-05	9.18815034877e-05	0.000103366691424	0.000773335987688	3.82839597865e-05	3.44555638079e-05	1.91419798933e-05	0.00114469039762	0.00241188946655	0.000421123557652	3.82839597865e-06	0.00163089668691	8.42247115304e-05	0.00214007335207	0	3.82839597865e-06	0	0	3.82839597865e-06	0	0	1.1485187936e-05	0	4.97691477225e-05	3.82839597865e-06	0	3.82839597865e-06	0	0	3.82839597865e-06	3.82839597865e-06	0	0	0	0	3.82839597865e-06	0	3.82839597865e-06	2.67987718506e-05	3.82839597865e-06	3.82839597865e-06	3.82839597865e-06	1.53135839146e-05	0	0	0	0	0	3.82839597865e-06	0.000934128618791	0.000118680275338	0.0016500386668	0.000467064309396	0.00370588730734	0.000811619947474	3.82839597865e-06	7.65679195731e-06	3.82839597865e-06	1.1485187936e-05	7.65679195731e-06	0	0	0
0.0116038682113	2.67987718506e-05	0.000111023483381	0	0.000895844659005	7.65679195731e-06	0.00314311309847	0.0446161267352	0.00498457156421	0.0015237015995	0.00828847729378	7.65679195731e-06	0.00117531756545	3.82839597865e-06	0.00338813044111	0.000145479047189	0.000555117416905	4.59407517438e-05	0	1.91419798933e-05	0.00159261272712	0.00108726445794	0.000761850799752	0.000849903907261	0.0064202200562	3.82839597865e-06	7.65679195731e-06	0.00011485187936	0.0157653346401	0.00184528686171	0.00807408711898	0	3.82839597865e-06	0.000206733382847	0.00196779553303	1.91419798933e-05	7.65679195731e-06	0	0	1.1485187936e-05	0	3.82839597865e-06	9.9538295445e-05	7.65679195731e-06	0.000547460624947	2.29703758719e-05	3.82839597865e-06	3.06271678292e-05	0	7.65679195731e-06	3.82839597865e-06	3.82839597865e-05	3.82839597865e-06	0	0	1.53135839146e-05	1.1485187936e-05	9.57098994663e-05	1.1485187936e-05	0.000336898846121	0	0	1.1485187936e-05	0.000137822255232	1.1485187936e-05	1.53135839146e-05	0	0	7.65679195731e-06	2.29703758719e-05	0.00145861886787	0.000379011201887	0.000926471826834	0.000371354409929	0.00059722977267	2.67987718506e-05	0	3.82839597865e-05	3.82839597865e-06	1.91419798933e-05	1.1485187936e-05	1.91419798933e-05	3.82839597865e-06	0
0.00756491045382	3.82839597865e-06	1.91419798933e-05	0	0.000107195087402	0.0011829743574	0.0203823801903	0.00498457156421	0.0461781122945	0.000187591402954	0.00390496389823	0.000164621027082	0.00190654119737	2.29703758719e-05	0.0143182009602	0.00079630636356	9.9538295445e-05	2.67987718506e-05	1.1485187936e-05	2.29703758719e-05	0.00100686814239	0.000103366691424	0.000126337067296	0.000156964235125	0.000704424860072	2.67987718506e-05	2.29703758719e-05	1.91419798933e-05	0.00115234718957	0.00343789958883	0.000731223631923	3.82839597865e-06	0.00202139307673	0.000118680275338	0.00218984249979	0	3.82839597865e-06	0	0	7.65679195731e-06	0	0	1.53135839146e-05	0	4.97691477225e-05	0	0	7.65679195731e-06	0	0	0	0	0	0	0	0	0	7.65679195731e-06	0	4.59407517438e-05	3.82839597865e-06	3.82839597865e-06	3.82839597865e-06	2.67987718506e-05	3.82839597865e-06	7.65679195731e-06	0	0	0	0	0.000761850799752	0.00011485187936	0.00131696821666	0.000379011201887	0.00210561778826	0.000558945812883	3.82839597865e-06	3.82839597865e-06	3.82839597865e-06	7.65679195731e-06	3.82839597865e-06	0	0	0
0.000409638369716	2.67987718506e-05	4.21123557652e-05	0	0.000111023483381	0	0.000202904986869	0.0015237015995	0.000187591402954	0.0138664502347	0.000317756866228	0	0.00118680275338	0	0.000149307443167	0.000478549497332	0.000436437141566	1.1485187936e-05	0	0	0.0003407272421	0.000321585262207	0.00279090066844	0.00031392847025	0.00676477569428	0	7.65679195731e-06	0.00011485187936	0.00168832262659	0.000156964235125	0.000566602604841	0	0	1.53135839146e-05	0.000417295161673	8.03963155517e-05	1.1485187936e-05	1.1485187936e-05	0	9.18815034877e-05	0	1.91419798933e-05	0.000317756866228	2.29703758719e-05	0.00185294365367	6.89111276158e-05	0	9.18815034877e-05	0	4.59407517438e-05	7.65679195731e-06	8.42247115304e-05	3.82839597865e-06	0	0	8.03963155517e-05	5.74259396798e-05	0.000248845738612	6.12543356584e-05	0.00111789162577	0	7.65679195731e-06	1.53135839146e-05	0.000444093933524	5.74259396798e-05	0.000107195087402	0	0	2.67987718506e-05	6.50827316371e-05	0.000344555638079	0.000149307443167	0.000183763006975	7.65679195731e-05	0.00101452493434	1.1485187936e-05	0	4.21123557652e-05	1.1485187936e-05	3.82839597865e-05	1.91419798933e-05	4.21123557652e-05	0	0
0.00148541763972	0	0	0	0.00135908057242	0	0.00766444874926	0.00828847729378	0.00390496389823	0.000317756866228	0.0340956945859	0	0.00547843464545	3.82839597865e-06	0.00132079661264	4.21123557652e-05	2.67987718506e-05	1.1485187936e-05	0	3.82839597865e-06	0.00616371752563	4.59407517438e-05	5.74259396798e-05	3.82839597865e-05	0.00130548302872	0	0	7.65679195731e-06	0.0052717012626	0.000202904986869	0.000210561778826	0	0	1.91419798933e-05	0.000210561778826	3.82839597865e-06	3.82839597865e-06	0	0	7.65679195731e-06	0	3.82839597865e-06	1.53135839146e-05	0	6.50827316371e-05	3.82839597865e-06	0	1.1485187936e-05	0	3.82839597865e-06	3.82839597865e-06	3.82839597865e-06	0	0	0	1.1485187936e-05	3.82839597865e-06	7.65679195731e-06	0	6.50827316371e-05	0	0	3.82839597865e-06	1.91419798933e-05	0	0	0	0	0	0	0.000133993859253	2.67987718506e-05	0.00014165065121	6.12543356584e-05	0.000156964235125	3.82839597865e-06	0	0	0	0	0	0	0	0
7.65679195731e-06	6.50827316371e-05	0.000187591402954	0	3.82839597865e-06	1.1485187936e-05	0.000233532154698	7.65679195731e-06	0.000164621027082	0	0	0.0350413083926	0	0.00989257520884	0.000107195087402	7.65679195731e-06	1.1485187936e-05	0.000983897766514	0.00491566043659	0.00628239780097	0	5.35975437011e-05	1.91419798933e-05	0.000183763006975	3.82839597865e-06	0.00388965031431	0.00848755388467	0.00152752999548	1.91419798933e-05	0.000149307443167	3.44555638079e-05	0.000983897766514	1.53135839146e-05	0	0.00650444476773	0	0.000375182805908	2.29703758719e-05	0	0	0	0	0	0	0	0	0.000321585262207	0	0.000225875362741	0	0	0	1.91419798933e-05	2.67987718506e-05	0.000103366691424	0	3.82839597865e-06	0	0	0	0.000903501450962	0.000447922329502	0.000474721101353	0	0	0	0	3.82839597865e-06	3.82839597865e-06	5.35975437011e-05	0.000708253256051	0.00315076989043	0.00500754194008	0.000746537215837	9.57098994663e-05	7.27395235944e-05	0.000830761927368	1.1485187936e-05	0.000168449423061	6.12543356584e-05	7.65679195731e-06	0	0	4.21123557652e-05
0.000604886564627	0	0	0	0.000895844659005	0	0.00713230170823	0.00117531756545	0.00190654119737	0.00118680275338	0.00547843464545	0	0.0265805532798	0	0.000363697617972	0.000735052027901	0	0	0	0	0.00953270598685	1.53135839146e-05	1.53135839146e-05	2.67987718506e-05	0.00225109683545	0	0	3.82839597865e-06	0.00079630636356	0.000149307443167	8.03963155517e-05	0	0	1.91419798933e-05	9.9538295445e-05	0	0	0	0	1.91419798933e-05	0	1.91419798933e-05	1.91419798933e-05	0	9.18815034877e-05	1.1485187936e-05	0	0.000363697617972	0	3.82839597865e-06	3.82839597865e-06	0	0	0	0	0.000225875362741	0	0	0	8.42247115304e-05	0	0	0	7.65679195731e-06	0	3.82839597865e-06	0	0	0	0	0.00011485187936	3.82839597865e-06	7.27395235944e-05	2.67987718506e-05	0.000972412578578	0	0	3.82839597865e-06	0	0	0	0	0	0
7.65679195731e-06	1.91419798933e-05	4.59407517438e-05	0	0	0	3.44555638079e-05	3.82839597865e-06	2.29703758719e-05	0	3.82839597865e-06	0.00989257520884	0	0.0197621800418	1.53135839146e-05	1.1485187936e-05	3.82839597865e-06	8.8053107509e-05	0.000650827316371	0.000432608745588	0	1.91419798933e-05	7.65679195731e-06	6.89111276158e-05	0	0.00512622221542	0.00451750725481	0.00228172400328	1.53135839146e-05	2.67987718506e-05	1.91419798933e-05	0.00148158924374	3.82839597865e-06	0	0.00100686814239	0	0.000164621027082	3.82839597865e-06	0	0	0	0	0	0	0	0	0.000241188946655	0	0.000168449423061	0	0	0	7.65679195731e-06	1.53135839146e-05	6.89111276158e-05	0	3.82839597865e-06	0	7.65679195731e-06	3.82839597865e-06	0.000712081652029	0.000317756866228	0.000267987718506	3.82839597865e-06	3.82839597865e-06	3.82839597865e-06	0	0	0	3.82839597865e-05	0.000662312504307	0.00126337067296	0.00152752999548	0.000696768068115	5.35975437011e-05	7.65679195731e-05	0.000968584182599	4.21123557652e-05	0.000195248194911	7.65679195731e-05	6.12543356584e-05	0	0	4.59407517438e-05
0.00671883494254	3.82839597865e-06	1.53135839146e-05	0	3.44555638079e-05	0.00019907659089	0.00461321715428	0.00338813044111	0.0143182009602	0.000149307443167	0.00132079661264	0.000107195087402	0.000363697617972	1.53135839146e-05	0.026722203931	0.000187591402954	5.74259396798e-05	1.1485187936e-05	7.65679195731e-06	1.53135839146e-05	0.000267987718506	7.65679195731e-05	8.03963155517e-05	8.8053107509e-05	0.000306271678292	7.65679195731e-06	1.91419798933e-05	7.65679195731e-06	0.000562774208862	0.00513005061139	0.000692939672136	0	0.00111023483381	0.000214390174805	0.00138970774025	0	3.82839597865e-06	0	0	3.82839597865e-06	0	0	7.65679195731e-06	3.82839597865e-06	4.59407517438e-05	0	3.82839597865e-06	3.82839597865e-06	0	0	0	3.82839597865e-06	0	0	0	0	0	1.53135839146e-05	3.82839597865e-06	3.06271678292e-05	0	0	0	2.29703758719e-05	0	0	0	0	0	0	0.000513005061139	0.000107195087402	0.000826933531389	0.000245017342634	0.000987726162492	0.000279472906442	0	3.82839597865e-06	0	3.82839597865e-06	0	0	3.82839597865e-06	0
0.000241188946655	1.1485187936e-05	1.1485187936e-05	0	1.53135839146e-05	0.000421123557652	0.00171894979442	0.000145479047189	0.00079630636356	0.000478549497332	4.21123557652e-05	7.65679195731e-06	0.000735052027901	1.1485187936e-05	0.000187591402954	0.00592635697495	1.1485187936e-05	1.53135839146e-05	0	0	2.67987718506e-05	2.29703758719e-05	1.1485187936e-05	8.03963155517e-05	0.000149307443167	3.82839597865e-06	3.82839597865e-06	1.91419798933e-05	4.59407517438e-05	0.000133993859253	6.12543356584e-05	0	1.1485187936e-05	7.65679195731e-06	0.000218218570783	7.65679195731e-06	3.82839597865e-06	3.82839597865e-06	0	3.82839597865e-06	0	7.65679195731e-06	0	0	2.67987718506e-05	0	0	3.82839597865e-06	0	7.65679195731e-06	7.65679195731e-06	7.65679195731e-06	0	0	0	0	1.1485187936e-05	0	1.53135839146e-05	2.67987718506e-05	0	0	3.82839597865e-06	3.82839597865e-06	7.65679195731e-06	3.82839597865e-06	0	0	7.65679195731e-06	2.67987718506e-05	0.000501519873204	9.57098994663e-05	0.000275644510463	0.000107195087402	0.00160409791506	3.06271678292e-05	3.82839597865e-06	7.65679195731e-05	2.29703758719e-05	4.21123557652e-05	3.06271678292e-05	7.65679195731e-06	0	0
0.000195248194911	0.000118680275338	0.00042495195363	0	7.65679195731e-06	0	4.97691477225e-05	0.000555117416905	9.9538295445e-05	0.000436437141566	2.67987718506e-05	1.1485187936e-05	0	3.82839597865e-06	5.74259396798e-05	1.1485187936e-05	0.0175953079179	9.9538295445e-05	3.82839597865e-06	1.91419798933e-05	1.1485187936e-05	0.00482760732908	0.00432608745588	0.00792477967581	0.00645467562001	0	3.06271678292e-05	0.0022778956073	0.00362549099178	0.000183763006975	0.00101835333032	0	0	3.82839597865e-05	0.00109492124989	1.53135839146e-05	2.67987718506e-05	3.44555638079e-05	0	3.82839597865e-06	0	0	4.97691477225e-05	3.82839597865e-06	0.000183763006975	7.65679195731e-06	0	3.82839597865e-06	0	1.1485187936e-05	0	0.000306271678292	0	0	0	0	2.29703758719e-05	0.00028330130242	0.000107195087402	0.000145479047189	0	3.82839597865e-06	7.27395235944e-05	7.27395235944e-05	1.1485187936e-05	2.67987718506e-05	0	0	3.82839597865e-06	2.67987718506e-05	0.00104515210217	0.000758022403773	0.000566602604841	0.000233532154698	9.18815034877e-05	7.65679195731e-06	0	1.1485187936e-05	7.65679195731e-06	1.53135839146e-05	3.82839597865e-06	0	0	0
1.53135839146e-05	0.000344555638079	0.00412701086499	0	0	0	3.06271678292e-05	4.59407517438e-05	2.67987718506e-05	1.1485187936e-05	1.1485187936e-05	0.000983897766514	0	8.8053107509e-05	1.1485187936e-05	1.53135839146e-05	9.9538295445e-05	0.0217682595346	0.000176106215018	0.00614840394172	0	0.00160792631103	0.000187591402954	0.00747685734631	6.12543356584e-05	7.65679195731e-05	0.00492714562453	0.00277175868854	0.000176106215018	2.29703758719e-05	0.000478549497332	3.82839597865e-06	3.82839597865e-06	1.1485187936e-05	0.00745005857446	3.82839597865e-06	0.000593401376691	8.8053107509e-05	0	0	0	0	7.65679195731e-06	0	7.65679195731e-06	0	1.91419798933e-05	0	7.65679195731e-06	0	0	7.65679195731e-06	6.12543356584e-05	7.65679195731e-06	7.65679195731e-06	0	1.1485187936e-05	6.89111276158e-05	3.44555638079e-05	7.65679195731e-06	3.82839597865e-05	0.000160792631103	0.000379011201887	3.82839597865e-06	0	1.1485187936e-05	0	0	0	2.29703758719e-05	0.00171129300246	0.00179934610997	0.00300146244726	0.000987726162492	8.8053107509e-05	2.67987718506e-05	1.1485187936e-05	3.44555638079e-05	3.44555638079e-05	3.06271678292e-05	2.29703758719e-05	0	0	0
0	1.53135839146e-05	1.53135839146e-05	0	3.82839597865e-06	0	1.53135839146e-05	0	1.1485187936e-05	0	0	0.00491566043659	0	0.000650827316371	7.65679195731e-06	0	3.82839597865e-06	0.000176106215018	0.00843778473695	0.00339578723307	0	3.82839597865e-06	7.65679195731e-06	4.59407517438e-05	0	0.000390496389823	0.00361400580385	0.000363697617972	7.65679195731e-06	3.82839597865e-06	3.82839597865e-06	6.12543356584e-05	3.82839597865e-06	0	0.000505348269182	0	6.12543356584e-05	3.82839597865e-06	0	0	0	0	0	0	0	0	4.59407517438e-05	0	1.53135839146e-05	0	0	0	3.82839597865e-06	0	2.29703758719e-05	0	0	0	0	0	0.00011485187936	6.50827316371e-05	9.18815034877e-05	0	0	0	0	0	0	0	4.59407517438e-05	0.000241188946655	0.000329242054164	7.27395235944e-05	0	3.82839597865e-06	1.91419798933e-05	0	7.65679195731e-06	0	0	0	0	0
3.82839597865e-06	0.000237360550676	0.000811619947474	0	0	0	4.21123557652e-05	1.91419798933e-05	2.29703758719e-05	0	3.82839597865e-06	0.00628239780097	0	0.000432608745588	1.53135839146e-05	0	1.91419798933e-05	0.00614840394172	0.00339578723307	0.0208724148756	0	0.000103366691424	3.82839597865e-05	0.000593401376691	7.65679195731e-06	0.000436437141566	0.00865600330773	0.00248462899015	2.29703758719e-05	3.06271678292e-05	3.44555638079e-05	4.59407517438e-05	3.82839597865e-06	3.82839597865e-06	0.00658866947926	0	0.000566602604841	1.91419798933e-05	0	0	0	0	0	0	0	0	4.59407517438e-05	0	3.82839597865e-05	0	0	0	3.06271678292e-05	7.65679195731e-06	4.21123557652e-05	0	7.65679195731e-06	7.65679195731e-06	0	0	0.000183763006975	0.000252674134591	0.000379011201887	3.82839597865e-06	0	3.82839597865e-06	0	0	3.82839597865e-06	3.06271678292e-05	0.000895844659005	0.00180700290192	0.00273347472876	0.000731223631923	4.97691477225e-05	1.91419798933e-05	7.65679195731e-06	1.53135839146e-05	3.44555638079e-05	2.29703758719e-05	1.53135839146e-05	0	0	3.82839597865e-06
0.000627856940499	0	0	0	0.00378628362289	0	0.00192951157324	0.00159261272712	0.00100686814239	0.0003407272421	0.00616371752563	0	0.00953270598685	0	0.000267987718506	2.67987718506e-05	1.1485187936e-05	0	0	0	0.0190003292421	1.53135839146e-05	1.53135839146e-05	1.53135839146e-05	0.00176106215018	0	0	3.82839597865e-06	0.00225109683545	0.00011485187936	9.57098994663e-05	0	0	1.1485187936e-05	7.65679195731e-05	3.82839597865e-06	0	0	0	3.82839597865e-06	0	3.82839597865e-06	0	0	7.65679195731e-05	0	0	2.67987718506e-05	0	3.82839597865e-06	3.82839597865e-06	3.82839597865e-06	3.82839597865e-06	0	0	0	0	3.82839597865e-06	0	3.82839597865e-05	0	0	0	7.65679195731e-06	0	0	0	0	0	0	5.74259396798e-05	3.82839597865e-06	5.35975437011e-05	3.06271678292e-05	0.000122508671317	1.1485187936e-05	0	3.82839597865e-06	0	3.82839597865e-06	3.82839597865e-06	0	0	0
0.000386667993844	0.000126337067296	0.00143564849199	0	0	0	9.57098994663e-05	0.00108726445794	0.000103366691424	0.000321585262207	4.59407517438e-05	5.35975437011e-05	1.53135839146e-05	1.91419798933e-05	7.65679195731e-05	2.29703758719e-05	0.00482760732908	0.00160792631103	3.82839597865e-06	0.000103366691424	1.53135839146e-05	0.0354126628025	0.00145479047189	0.0191687786651	0.00268753397701	7.65679195731e-06	0.000195248194911	0.00131313982068	0.00666140900286	0.000551289020926	0.00887039348254	0	0	0.000111023483381	0.00700213624496	3.82839597865e-06	8.8053107509e-05	3.82839597865e-05	0	0	0	0	3.82839597865e-05	0	0.000133993859253	0	3.82839597865e-06	0	0	3.82839597865e-06	0	3.06271678292e-05	1.1485187936e-05	0	3.82839597865e-06	3.82839597865e-06	2.67987718506e-05	0.000218218570783	6.12543356584e-05	4.21123557652e-05	3.82839597865e-06	1.53135839146e-05	5.74259396798e-05	3.82839597865e-05	0	1.91419798933e-05	0	0	0	2.29703758719e-05	0.00266839199712	0.00113703360566	0.00236594871481	0.000957098994663	0.000290958094378	5.35975437011e-05	7.65679195731e-06	2.67987718506e-05	3.82839597865e-06	1.1485187936e-05	1.1485187936e-05	0	0	3.82839597865e-06
0.000233532154698	0.00114469039762	0.000949442202706	0	7.65679195731e-06	0	9.18815034877e-05	0.000761850799752	0.000126337067296	0.00279090066844	5.74259396798e-05	1.91419798933e-05	1.53135839146e-05	7.65679195731e-06	8.03963155517e-05	1.1485187936e-05	0.00432608745588	0.000187591402954	7.65679195731e-06	3.82839597865e-05	1.53135839146e-05	0.00145479047189	0.0187323415235	0.00349532552851	0.00301677603118	0	7.27395235944e-05	0.00388582191833	0.00223195485555	0.000229703758719	0.00108343606196	0	0	4.21123557652e-05	0.00134759538449	1.53135839146e-05	0.000490034685268	0.000164621027082	0	1.1485187936e-05	0	3.82839597865e-06	0.000149307443167	1.1485187936e-05	0.000643170524414	1.1485187936e-05	0	3.82839597865e-06	0	2.67987718506e-05	0	0.000528318645054	5.74259396798e-05	0	0	0	0.000122508671317	0.0022051560837	0.000447922329502	0.000333070450143	0	2.67987718506e-05	0.000394324785801	0.000336898846121	3.06271678292e-05	0.000103366691424	0	0	3.44555638079e-05	0.000126337067296	0.00137056576036	0.000876702679112	0.000727395235944	0.000325413658185	0.000153135839146	2.29703758719e-05	0	6.89111276158e-05	7.27395235944e-05	8.42247115304e-05	4.97691477225e-05	0	7.65679195731e-06	0
0.000329242054164	0.000474721101353	0.00797837721951	0	0	0	0.000103366691424	0.000849903907261	0.000156964235125	0.00031392847025	3.82839597865e-05	0.000183763006975	2.67987718506e-05	6.89111276158e-05	8.8053107509e-05	8.03963155517e-05	0.00792477967581	0.00747685734631	4.59407517438e-05	0.000593401376691	1.53135839146e-05	0.0191687786651	0.00349532552851	0.0558562973285	0.00275261670865	1.91419798933e-05	0.000960927390642	0.00829230568976	0.00440648377143	0.000386667993844	0.00422654916043	0	3.82839597865e-06	5.74259396798e-05	0.00896993177798	3.82839597865e-06	0.00048237789331	0.000149307443167	0	0	0	0	2.67987718506e-05	0	0.000103366691424	3.82839597865e-06	0	0	0	7.65679195731e-06	0	0.000122508671317	5.35975437011e-05	0	3.82839597865e-06	0	4.59407517438e-05	0.000646998920392	0.000153135839146	5.35975437011e-05	0	4.59407517438e-05	0.0003407272421	3.06271678292e-05	7.65679195731e-06	2.29703758719e-05	0	0	3.82839597865e-06	3.82839597865e-05	0.00503051231595	0.0027794154805	0.00469361346983	0.00182231648584	0.000478549497332	6.89111276158e-05	1.53135839146e-05	7.27395235944e-05	4.97691477225e-05	3.82839597865e-05	1.53135839146e-05	3.82839597865e-06	0	0
0.00134759538449	3.44555638079e-05	0.000130165463274	0	0.00192951157324	0	0.000773335987688	0.0064202200562	0.000704424860072	0.00676477569428	0.00130548302872	3.82839597865e-06	0.00225109683545	0	0.000306271678292	0.000149307443167	0.00645467562001	6.12543356584e-05	0	7.65679195731e-06	0.00176106215018	0.00268753397701	0.00301677603118	0.00275261670865	0.0403130096552	0	1.91419798933e-05	0.000329242054164	0.0157576778481	0.000532147041033	0.00178786092203	0	0	8.03963155517e-05	0.00119828794132	4.59407517438e-05	1.91419798933e-05	7.65679195731e-06	0	6.89111276158e-05	0	1.1485187936e-05	0.000248845738612	3.82839597865e-06	0.00115234718957	3.82839597865e-05	3.82839597865e-06	6.50827316371e-05	0	1.91419798933e-05	1.53135839146e-05	8.8053107509e-05	3.82839597865e-06	0	0	5.35975437011e-05	2.29703758719e-05	0.000229703758719	4.59407517438e-05	0.000869045887154	0	3.82839597865e-06	3.06271678292e-05	0.000409638369716	1.53135839146e-05	8.8053107509e-05	0	0	2.29703758719e-05	4.97691477225e-05	0.00101069653836	0.000394324785801	0.000558945812883	0.000229703758719	0.000643170524414	1.91419798933e-05	0	2.67987718506e-05	0	2.67987718506e-05	1.91419798933e-05	2.67987718506e-05	0	0
0	0.000206733382847	3.06271678292e-05	0	0	0	3.82839597865e-05	3.82839597865e-06	2.67987718506e-05	0	0	0.00388965031431	0	0.00512622221542	7.65679195731e-06	3.82839597865e-06	0	7.65679195731e-05	0.000390496389823	0.000436437141566	0	7.65679195731e-06	0	1.91419798933e-05	0	0.0105931716729	0.00204053505662	0.000899673054983	3.82839597865e-06	2.29703758719e-05	3.82839597865e-06	0.000156964235125	0	0	0.000490034685268	0	0.000516833457118	1.91419798933e-05	0	0	0	0	0	0	0	0	0.000470892705374	0	0.000371354409929	0	0	0	2.29703758719e-05	3.44555638079e-05	0.000126337067296	0	3.82839597865e-06	0	0	0	0.00155050037135	0.000658484108328	0.000673797692243	0	0	0	0	7.65679195731e-06	0	6.12543356584e-05	4.97691477225e-05	0.000750365611816	0.000486206289289	5.74259396798e-05	1.1485187936e-05	7.65679195731e-06	0.000382839597865	1.53135839146e-05	0.000260330926548	6.89111276158e-05	3.82839597865e-06	0	3.82839597865e-06	4.97691477225e-05
3.82839597865e-06	0.000620200148542	0.00419209359662	0	0	0	3.44555638079e-05	7.65679195731e-06	2.29703758719e-05	7.65679195731e-06	0	0.00848755388467	0	0.00451750725481	1.91419798933e-05	3.82839597865e-06	3.06271678292e-05	0.00492714562453	0.00361400580385	0.00865600330773	0	0.000195248194911	7.27395235944e-05	0.000960927390642	1.91419798933e-05	0.00204053505662	0.0467102593355	0.0140731836175	3.44555638079e-05	3.44555638079e-05	4.97691477225e-05	0.00150838801559	7.65679195731e-06	0	0.00501519873204	3.82839597865e-06	0.00197545232498	0.000149307443167	0	0	0	0	3.82839597865e-06	0	0	0	0.000214390174805	0	8.8053107509e-05	0	0	3.82839597865e-06	0.000107195087402	3.44555638079e-05	0.000168449423061	0	1.1485187936e-05	3.82839597865e-05	4.21123557652e-05	0	0.000849903907261	0.000884359471069	0.00143947688797	3.82839597865e-06	3.82839597865e-06	3.82839597865e-06	0	0	3.82839597865e-06	0.00011485187936	0.000957098994663	0.00205967703652	0.00267987718506	0.000662312504307	6.12543356584e-05	2.29703758719e-05	3.44555638079e-05	3.06271678292e-05	0.000133993859253	0.000107195087402	3.44555638079e-05	0	0	7.65679195731e-06
5.35975437011e-05	0.00341110081698	0.00961693069838	0	0	0	1.91419798933e-05	0.00011485187936	1.91419798933e-05	0.00011485187936	7.65679195731e-06	0.00152752999548	3.82839597865e-06	0.00228172400328	7.65679195731e-06	1.91419798933e-05	0.0022778956073	0.00277175868854	0.000363697617972	0.00248462899015	3.82839597865e-06	0.00131313982068	0.00388582191833	0.00829230568976	0.000329242054164	0.000899673054983	0.0140731836175	0.0530539114722	0.000447922329502	7.27395235944e-05	0.000386667993844	0.000302443282314	0	3.82839597865e-06	0.00337664525317	3.82839597865e-06	0.00232000796306	0.000440265537545	0	0	0	0	3.06271678292e-05	0	3.82839597865e-05	0	0.000118680275338	0	3.44555638079e-05	0	3.82839597865e-06	0.000497691477225	0.000233532154698	2.67987718506e-05	7.65679195731e-05	0	6.89111276158e-05	0.000742708819859	0.000371354409929	3.06271678292e-05	0.000298614886335	0.000627856940499	0.00227406721132	4.59407517438e-05	3.82839597865e-06	2.29703758719e-05	0	0	1.1485187936e-05	9.57098994663e-05	0.00194099676118	0.00189505600943	0.00214007335207	0.000685282880179	0.000103366691424	2.67987718506e-05	3.82839597865e-06	0.000103366691424	0.000172277819039	0.000118680275338	4.59407517438e-05	0	0	7.65679195731e-06
0.0019907659089	4.59407517438e-05	0.00039815318178	0	0.0036944021194	3.82839597865e-06	0.00114469039762	0.0157653346401	0.00115234718957	0.00168832262659	0.0052717012626	1.91419798933e-05	0.00079630636356	1.53135839146e-05	0.000562774208862	4.59407517438e-05	0.00362549099178	0.000176106215018	7.65679195731e-06	2.29703758719e-05	0.00225109683545	0.00666140900286	0.00223195485555	0.00440648377143	0.0157576778481	3.82839597865e-06	3.44555638079e-05	0.000447922329502	0.048609143741	0.000800134759538	0.00618285950552	0	3.82839597865e-06	9.9538295445e-05	0.00248845738612	1.91419798933e-05	2.67987718506e-05	1.53135839146e-05	0	3.06271678292e-05	0	3.82839597865e-06	0.00011485187936	3.82839597865e-06	0.000658484108328	7.65679195731e-06	3.82839597865e-06	3.06271678292e-05	0	1.1485187936e-05	0	7.65679195731e-05	3.82839597865e-06	0	3.82839597865e-06	3.44555638079e-05	1.91419798933e-05	0.000245017342634	3.44555638079e-05	0.000382839597865	0	3.82839597865e-06	2.29703758719e-05	0.000160792631103	7.65679195731e-06	4.59407517438e-05	0	0	1.1485187936e-05	3.82839597865e-05	0.00187208563356	0.000780992779645	0.00111789162577	0.000444093933524	0.000390496389823	4.59407517438e-05	0	3.06271678292e-05	3.82839597865e-06	2.29703758719e-05	7.65679195731e-06	3.82839597865e-06	0	0
0.00502668391997	1.53135839146e-05	6.50827316371e-05	0	3.06271678292e-05	0.000191419798933	0.00241188946655	0.00184528686171	0.00343789958883	0.000156964235125	0.000202904986869	0.000149307443167	0.000149307443167	2.67987718506e-05	0.00513005061139	0.000133993859253	0.000183763006975	2.29703758719e-05	3.82839597865e-06	3.06271678292e-05	0.00011485187936	0.000551289020926	0.000229703758719	0.000386667993844	0.000532147041033	2.29703758719e-05	3.44555638079e-05	7.27395235944e-05	0.000800134759538	0.0249917689486	0.00480463695321	0	0.000589572980713	0.00168066583463	0.00373651447517	3.82839597865e-06	0	0	0	0	0	0	2.67987718506e-05	0	9.18815034877e-05	3.82839597865e-06	3.82839597865e-06	0	0	3.82839597865e-06	0	3.82839597865e-06	0	0	0	0	3.82839597865e-06	3.06271678292e-05	0	4.59407517438e-05	0	0	0	5.74259396798e-05	0	1.91419798933e-05	0	0	7.65679195731e-06	1.1485187936e-05	0.00142416330406	0.000245017342634	0.00155432876733	0.000470892705374	0.00107577927	0.000222046966762	7.65679195731e-06	3.82839597865e-06	0	3.82839597865e-06	3.82839597865e-06	3.82839597865e-06	3.82839597865e-06	0
0.00376714164299	4.59407517438e-05	0.000486206289289	0	7.65679195731e-06	0	0.000421123557652	0.00807408711898	0.000731223631923	0.000566602604841	0.000210561778826	3.44555638079e-05	8.03963155517e-05	1.91419798933e-05	0.000692939672136	6.12543356584e-05	0.00101835333032	0.000478549497332	3.82839597865e-06	3.44555638079e-05	9.57098994663e-05	0.00887039348254	0.00108343606196	0.00422654916043	0.00178786092203	3.82839597865e-06	4.97691477225e-05	0.000386667993844	0.00618285950552	0.00480463695321	0.0353092961111	0	0	0.000336898846121	0.00799369080343	1.1485187936e-05	2.67987718506e-05	1.1485187936e-05	0	3.82839597865e-06	0	0	6.89111276158e-05	0	0.000275644510463	0	3.82839597865e-06	3.82839597865e-06	0	0	0	2.67987718506e-05	3.82839597865e-06	0	3.82839597865e-06	3.82839597865e-06	1.91419798933e-05	0.000153135839146	3.06271678292e-05	0.000145479047189	0	0	2.67987718506e-05	0.000122508671317	1.91419798933e-05	3.44555638079e-05	0	0	1.1485187936e-05	2.67987718506e-05	0.00322733781	0.00101069653836	0.00223578325153	0.000838418719325	0.000401981577759	8.8053107509e-05	3.82839597865e-06	3.06271678292e-05	3.82839597865e-06	1.1485187936e-05	7.65679195731e-06	1.53135839146e-05	0	0
0	0	0	0	0	0	3.82839597865e-06	0	3.82839597865e-06	0	0	0.000983897766514	0	0.00148158924374	0	0	0	3.82839597865e-06	6.12543356584e-05	4.59407517438e-05	0	0	0	0	0	0.000156964235125	0.00150838801559	0.000302443282314	0	0	0	0.00248080059417	0	0	4.59407517438e-05	0	1.1485187936e-05	0	0	0	0	0	0	0	0	0	7.65679195731e-06	0	3.82839597865e-06	0	0	0	0	0	3.82839597865e-06	0	0	0	0	0	2.67987718506e-05	1.53135839146e-05	1.53135839146e-05	0	0	0	0	0	0	0	0	2.67987718506e-05	4.97691477225e-05	7.65679195731e-06	3.82839597865e-06	0	7.65679195731e-06	0	0	0	0	0	0	0
1.91419798933e-05	0	0	0	0	0.000811619947474	0.00163089668691	3.82839597865e-06	0.00202139307673	0	0	1.53135839146e-05	0	3.82839597865e-06	0.00111023483381	1.1485187936e-05	0	3.82839597865e-06	3.82839597865e-06	3.82839597865e-06	0	0	0	3.82839597865e-06	0	0	7.65679195731e-06	0	3.82839597865e-06	0.000589572980713	0	0	0.00355657986417	0	0.000218218570783	0	0	0	0	0	0	0	0	0	0	0	0	0	0	0	0	0	0	0	0	0	0	0	0	0	0	0	0	0	0	0	0	0	0	0	1.53135839146e-05	3.82839597865e-06	8.42247115304e-05	1.91419798933e-05	0.000103366691424	0.000111023483381	0	0	0	0	0	0	0	0
0.000267987718506	0	1.53135839146e-05	0	7.65679195731e-06	0	8.42247115304e-05	0.000206733382847	0.000118680275338	1.53135839146e-05	1.91419798933e-05	0	1.91419798933e-05	0	0.000214390174805	7.65679195731e-06	3.82839597865e-05	1.1485187936e-05	0	3.82839597865e-06	1.1485187936e-05	0.000111023483381	4.21123557652e-05	5.74259396798e-05	8.03963155517e-05	0	0	3.82839597865e-06	9.9538295445e-05	0.00168066583463	0.000336898846121	0	0	0.00221281287566	0.000861389095197	0	0	0	0	0	0	0	0	0	3.82839597865e-06	0	0	0	0	0	0	0	0	0	0	0	0	3.82839597865e-06	0	3.82839597865e-06	0	0	0	0	0	0	0	0	0	0	0.000306271678292	6.89111276158e-05	0.000191419798933	5.74259396798e-05	0.000126337067296	7.65679195731e-06	0	3.82839597865e-06	0	0	3.82839597865e-06	0	0	0
0.00181465969388	0.000359869221993	0.00312397111858	0	2.29703758719e-05	0.000153135839146	0.00214007335207	0.00196779553303	0.00218984249979	0.000417295161673	0.000210561778826	0.00650444476773	9.9538295445e-05	0.00100686814239	0.00138970774025	0.000218218570783	0.00109492124989	0.00745005857446	0.000505348269182	0.00658866947926	7.65679195731e-05	0.00700213624496	0.00134759538449	0.00896993177798	0.00119828794132	0.000490034685268	0.00501519873204	0.00337664525317	0.00248845738612	0.00373651447517	0.00799369080343	4.59407517438e-05	0.000218218570783	0.000861389095197	0.0514038728054	1.53135839146e-05	0.000612543356584	8.42247115304e-05	0	3.82839597865e-06	0	0	2.29703758719e-05	0	0.000179934610997	0	3.82839597865e-05	0	1.1485187936e-05	0	0	5.35975437011e-05	4.97691477225e-05	7.65679195731e-06	2.67987718506e-05	3.82839597865e-06	3.82839597865e-05	0.000210561778826	4.59407517438e-05	9.18815034877e-05	0.000149307443167	0.000187591402954	0.000386667993844	7.27395235944e-05	7.65679195731e-06	2.67987718506e-05	0	0	1.53135839146e-05	7.65679195731e-05	0.0103175271625	0.0057923631157	0.0200148541764	0.00566219765243	0.00178403252605	0.000490034685268	0.000122508671317	0.000130165463274	6.89111276158e-05	7.65679195731e-05	7.27395235944e-05	0	0	1.1485187936e-05
3.82839597865e-06	0	0	0	0	0	0	1.91419798933e-05	0	8.03963155517e-05	3.82839597865e-06	0	0	0	0	7.65679195731e-06	1.53135839146e-05	3.82839597865e-06	0	0	3.82839597865e-06	3.82839597865e-06	1.53135839146e-05	3.82839597865e-06	4.59407517438e-05	0	3.82839597865e-06	3.82839597865e-06	1.91419798933e-05	3.82839597865e-06	1.1485187936e-05	0	0	0	1.53135839146e-05	0.0192568317726	1.1485187936e-05	9.18815034877e-05	0	0.000111023483381	7.65679195731e-06	0.00169215102256	0.00780992779645	0.00161175470701	0.00039815318178	0.000899673054983	3.82839597865e-06	0.000467064309396	3.82839597865e-06	0.00565836925645	0.000356040826015	0.000222046966762	4.59407517438e-05	0	0	0.000149307443167	0.000566602604841	0.000145479047189	0.00062402854452	0.00123274350513	0	3.44555638079e-05	5.35975437011e-05	0.00205584864054	0.00699065105702	0.00263393643331	0	1.91419798933e-05	0.00132079661264	0.0027794154805	1.91419798933e-05	3.82839597865e-06	3.82839597865e-06	0	7.65679195731e-06	0	0	0.000972412578578	0.000252674134591	0.00127102746491	0.000401981577759	6.12543356584e-05	9.18815034877e-05	1.53135839146e-05
7.65679195731e-06	0.000980069370535	0.00122125831719	0	0	0	3.82839597865e-06	7.65679195731e-06	3.82839597865e-06	1.1485187936e-05	3.82839597865e-06	0.000375182805908	0	0.000164621027082	3.82839597865e-06	3.82839597865e-06	2.67987718506e-05	0.000593401376691	6.12543356584e-05	0.000566602604841	0	8.8053107509e-05	0.000490034685268	0.00048237789331	1.91419798933e-05	0.000516833457118	0.00197545232498	0.00232000796306	2.67987718506e-05	0	2.67987718506e-05	1.1485187936e-05	0	0	0.000612543356584	1.1485187936e-05	0.0182193364624	0.00224344004349	0	0	0	0	4.97691477225e-05	0	4.21123557652e-05	0	0.000382839597865	0	9.9538295445e-05	0	3.82839597865e-06	0.000329242054164	0.00134376698851	9.18815034877e-05	0.000635513732456	0	0.000153135839146	0.00243485984242	0.00079630636356	4.97691477225e-05	0.00201373628477	0.00398536021378	0.0104783197936	7.27395235944e-05	1.53135839146e-05	9.9538295445e-05	0	3.82839597865e-06	3.82839597865e-06	0.000731223631923	0.000229703758719	0.000386667993844	0.000321585262207	9.18815034877e-05	1.1485187936e-05	3.82839597865e-06	7.65679195731e-06	0.000432608745588	0.000945613806727	0.000704424860072	0.000267987718506	0	2.29703758719e-05	2.67987718506e-05
0	0.000214390174805	0.000267987718506	0	0	0	0	0	0	1.1485187936e-05	0	2.29703758719e-05	0	3.82839597865e-06	0	3.82839597865e-06	3.44555638079e-05	8.8053107509e-05	3.82839597865e-06	1.91419798933e-05	0	3.82839597865e-05	0.000164621027082	0.000149307443167	7.65679195731e-06	1.91419798933e-05	0.000149307443167	0.000440265537545	1.53135839146e-05	0	1.1485187936e-05	0	0	0	8.42247115304e-05	9.18815034877e-05	0.00224344004349	0.0298002342978	0	3.82839597865e-06	0	7.65679195731e-06	0.000413466765695	3.82839597865e-06	7.27395235944e-05	3.82839597865e-06	0.000149307443167	3.82839597865e-06	2.67987718506e-05	4.97691477225e-05	1.53135839146e-05	0.000968584182599	0.00594167055887	1.1485187936e-05	0.000390496389823	0	0.00171894979442	0.00115617558555	0.0103902666861	8.42247115304e-05	6.12543356584e-05	0.00600292489453	0.0119369386614	0.000528318645054	0.000103366691424	0.000750365611816	0	0	5.35975437011e-05	0.00256119690972	7.65679195731e-05	5.74259396798e-05	5.35975437011e-05	7.65679195731e-06	0	0	0	0.00189505600943	0.00271816114484	0.00227406721132	0.00100686814239	7.65679195731e-06	2.67987718506e-05	1.1485187936e-05
0	0	0	0	0	0	0	0	0	0	0	0	0	0	0	0	0	0	0	0	0	0	0	0	0	0	0	0	0	0	0	0	0	0	0	0	0	0	0	0	0	0	0	0	0	0	0	0	0	0	0	0	0	0	0	0	0	0	0	0	0	0	0	0	0	0	0	0	0	0	0	0	0	0	0	0	0	0	0	0	0	0	0	0
3.82839597865e-06	0	0	0	0.00062402854452	0	3.82839597865e-06	1.1485187936e-05	7.65679195731e-06	9.18815034877e-05	7.65679195731e-06	0	1.91419798933e-05	0	3.82839597865e-06	3.82839597865e-06	3.82839597865e-06	0	0	0	3.82839597865e-06	0	1.1485187936e-05	0	6.89111276158e-05	0	0	0	3.06271678292e-05	0	3.82839597865e-06	0	0	0	3.82839597865e-06	0.000111023483381	0	3.82839597865e-06	0	0.0160409791506	0	0.000685282880179	0.000807791551496	6.89111276158e-05	0.000279472906442	0.00346852675666	0	0.00327327856175	0	0.000160792631103	7.65679195731e-06	3.06271678292e-05	0	0	0	0.0108496742035	2.67987718506e-05	1.91419798933e-05	2.67987718506e-05	0.00510325183954	0	0	0	0.00274113152072	8.42247115304e-05	8.03963155517e-05	0	0	4.21123557652e-05	6.89111276158e-05	0	0	0	0	3.82839597865e-06	0	0	3.44555638079e-05	7.65679195731e-06	3.06271678292e-05	1.1485187936e-05	1.91419798933e-05	3.82839597865e-06	0
0	0	0	0	0	0	0	0	0	0	0	0	0	0	0	0	0	0	0	0	0	0	0	0	0	0	0	0	0	0	0	0	0	0	0	7.65679195731e-06	0	0	0	0	0.00243103144644	0.000516833457118	0	0.000440265537545	3.82839597865e-06	0	3.82839597865e-06	0	0	0.000206733382847	0.000551289020926	0	0	0	0	0	0	0	0	0	0	3.82839597865e-06	0	0	0.000145479047189	0	0	0.000700596464093	0	0.000126337067296	0	0	0	0	0	0	0	0	0	1.91419798933e-05	3.82839597865e-06	0.000869045887154	0.000413466765695	0
