0.0151963443573	0	4.32659826204e-05	0	8.986011775e-05	0	0.00157754428939	0.0051020577967	0.00374084342041	0.000123141642843	0.000858663347389	0	0.000502551028898	1.3312610037e-05	0.00685266601657	0.000206345455574	5.32504401482e-05	1.99689150556e-05	0	0	0.000329487098417	0.00040603460613	4.99222876389e-05	0.000232970675648	0.000392721996093	0	6.65630501852e-06	3.32815250926e-05	0.00134124546123	0.00509207333917	0.00285888300545	0	6.65630501852e-06	0.00121144751337	0.000971820532704	3.32815250926e-06	0	0	0	1.99689150556e-05	0	0	6.65630501852e-06	3.32815250926e-06	7.32193552037e-05	0	0	3.32815250926e-06	0	0	0	3.32815250926e-06	0	0	0	6.65630501852e-06	0	1.66407625463e-05	0	4.99222876389e-05	0	0	0	9.98445752778e-06	0	3.32815250926e-06	0	0	0	0	0.000249611438195	1.99689150556e-05	0.000352784165982	8.65319652408e-05	6.98912026945e-05	3.32815250926e-06	0	3.32815250926e-06	0	3.32815250926e-06	3.32815250926e-06	0	3.32815250926e-06	0
0	0.0158653030116	0.00309518183361	0	3.32815250926e-06	0	3.32815250926e-06	1.3312610037e-05	6.65630501852e-06	3.32815250926e-05	0	0.000286221115796	0	0.000309518183361	9.98445752778e-06	0	9.65164227686e-05	0.00098846129525	6.3234897676e-05	0.00031284633587	0	8.32038127315e-05	0.00182382757507	0.000695583874435	1.66407625463e-05	0.00178056159245	0.00406700236632	0.00949854726143	2.99533725833e-05	3.32815250926e-05	5.32504401482e-05	1.3312610037e-05	0	2.32970675648e-05	0.000625692671741	0	0.00265253754988	0.000392721996093	0	0	0	0	0	0	0	0	0.000216329913102	0	0.000119813490333	0	0	4.99222876389e-05	0.000289549268306	4.32659826204e-05	0.000203017303065	0	4.32659826204e-05	0.000329487098417	0.000286221115796	3.32815250926e-06	0.000402706453621	0.000605723756685	0.00110494663307	1.66407625463e-05	0	6.65630501852e-06	0	0	3.32815250926e-06	0.00022631437063	0.000299533725833	0.000469269503806	0.000475925808824	0.000129797947861	9.98445752778e-06	0	1.66407625463e-05	6.98912026945e-05	0.00106168065045	0.000252939590704	6.65630501852e-05	3.32815250926e-06	1.3312610037e-05	3.32815250926e-06
4.32659826204e-05	0.00309518183361	0.0440181450875	0	0	0	1.3312610037e-05	0.00022631437063	2.99533725833e-05	6.98912026945e-05	6.65630501852e-06	0.000266252200741	6.65630501852e-06	6.65630501852e-05	3.99378301111e-05	6.65630501852e-06	0.000792100297204	0.0125637757225	3.99378301111e-05	0.000549145164028	3.32815250926e-06	0.00319169825638	0.00195695367545	0.0157488176738	6.65630501852e-05	8.32038127315e-05	0.0126669484502	0.0189937663704	0.000642333434287	0.000236298828158	0.00155757537433	0	0	0.000153095015426	0.00476924254577	0	0.000981804990232	0.00022631437063	0	0	0	0	3.32815250926e-06	0	2.99533725833e-05	0	3.99378301111e-05	0	6.65630501852e-06	0	0	5.65785926574e-05	9.31882702593e-05	6.65630501852e-06	8.65319652408e-05	0	2.66252200741e-05	0.000382737538565	0.000173063930482	6.65630501852e-06	2.66252200741e-05	0.000199689150556	0.000552473316537	2.66252200741e-05	0	1.99689150556e-05	0	0	0	0.000123141642843	0.00260261526224	0.00243287948427	0.00358109209996	0.00134790176625	8.32038127315e-05	0	3.32815250926e-06	6.98912026945e-05	0.000622364519232	0.000169735777972	2.99533725833e-05	9.98445752778e-06	9.98445752778e-06	0
0	0	0	0	0	0	0	0	0	0	0	0	0	0	0	0	0	0	0	0	0	0	0	0	0	0	0	0	0	0	0	0	0	0	0	0	0	0	0	0	0	0	0	0	0	0	0	0	0	0	0	0	0	0	0	0	0	0	0	0	0	0	0	0	0	0	0	0	0	0	0	0	0	0	0	0	0	0	0	0	0	0	0	0
8.986011775e-05	3.32815250926e-06	0	0	0.0132327343768	0	0.000252939590704	0.00151430939171	0.000119813490333	7.98756602223e-05	0.00112824370064	0	0.00163412288205	0	9.31882702593e-05	1.99689150556e-05	6.65630501852e-06	3.32815250926e-06	0	0	0.00202684487814	3.99378301111e-05	2.32970675648e-05	1.66407625463e-05	0.00580429797615	0	0	0	0.00350121643974	0.000129797947861	0.000149766862917	0	0	6.3234897676e-05	4.65941351296e-05	1.3312610037e-05	0	0	0	0.000825381822297	0	3.32815250926e-05	2.99533725833e-05	3.32815250926e-06	4.99222876389e-05	0.00182715572758	0	0.00031617448838	0	0	0	0	0	0	0	0.00239959795918	0	6.65630501852e-06	0	9.65164227686e-05	0	0	0	0.000163079472954	0	6.65630501852e-06	0	0	0	0	1.3312610037e-05	0	1.66407625463e-05	0	2.66252200741e-05	0	0	3.32815250926e-06	3.32815250926e-06	6.65630501852e-06	0	3.32815250926e-06	0	0
0	0	0	0	0	0.0054981079453	0.0016540917971	6.65630501852e-06	0.00126136980101	0	3.32815250926e-06	9.98445752778e-06	0	3.99378301111e-05	0.000535832553991	0.000552473316537	0	0	3.32815250926e-06	3.32815250926e-06	0	0	3.32815250926e-06	0	0	0	3.32815250926e-06	0	0	0.00114821261569	1.3312610037e-05	0	0.00227645631633	2.66252200741e-05	0.00139116774887	0	0	0	0	0	0	0	0	0	0	0	0	0	0	0	0	0	0	0	0	0	0	0	0	0	0	0	0	0	0	0	0	0	0	3.32815250926e-06	6.65630501852e-06	6.65630501852e-06	0.000113157185315	1.3312610037e-05	0.000888616719973	0.000708896484473	0	0	0	0	0	0	0	0
0.00157754428939	3.32815250926e-06	1.3312610037e-05	0	0.000252939590704	0.0016540917971	0.0357976083896	0.00235300382405	0.0123041798267	0.000252939590704	0.0079775815647	1.3312610037e-05	0.0077279701265	9.98445752778e-05	0.00394053257096	0.00390059474085	6.65630501852e-06	3.32815250926e-06	0	3.32815250926e-06	0.00244952024682	6.3234897676e-05	1.3312610037e-05	4.99222876389e-05	0.000505879181408	0	9.98445752778e-06	6.65630501852e-06	0.00094519531263	0.00374084342041	0.000412690911148	0	0.00102174282034	0.000505879181408	0.00178056159245	0	0	0	0	6.65630501852e-06	0	0	6.65630501852e-06	0	2.66252200741e-05	0	0	0	0	0	0	0	0	0	0	6.65630501852e-06	0	6.65630501852e-06	0	2.32970675648e-05	0	0	0	6.65630501852e-06	0	0	0	0	0	0	0.000113157185315	1.66407625463e-05	0.000469269503806	7.6547507713e-05	0.0011515407682	0.00022631437063	0	0	0	0	0	0	0	0
0.0051020577967	1.3312610037e-05	0.00022631437063	0	0.00151430939171	6.65630501852e-06	0.00235300382405	0.0441878808655	0.00326491761158	0.00128133871607	0.00710893375978	0	0.00156090352684	1.3312610037e-05	0.00241956687423	0.000139782405389	0.000615708214213	8.986011775e-05	0	3.32815250926e-06	0.00264588124486	0.0021932525036	0.00072220909451	0.00153427830677	0.00492899386621	0	6.65630501852e-06	0.000159751320445	0.0224284197599	0.00490569679865	0.0113689689716	0	9.98445752778e-06	0.0023729727391	0.00225315924877	6.65630501852e-06	0	6.65630501852e-06	0	9.31882702593e-05	0	1.3312610037e-05	7.98756602223e-05	1.66407625463e-05	0.000815397364769	4.65941351296e-05	0	5.32504401482e-05	0	6.65630501852e-06	3.32815250926e-06	3.66096776019e-05	0	0	0	5.99067451667e-05	9.98445752778e-06	9.65164227686e-05	2.99533725833e-05	0.000522519943954	0	3.32815250926e-06	3.32815250926e-06	7.98756602223e-05	0	2.32970675648e-05	0	0	3.32815250926e-06	9.98445752778e-06	0.000635677129269	9.98445752778e-05	0.000785443992185	0.000249611438195	0.000219658065611	9.98445752778e-06	0	3.66096776019e-05	9.98445752778e-06	1.3312610037e-05	3.32815250926e-06	1.66407625463e-05	0	3.32815250926e-06
0.00374084342041	6.65630501852e-06	2.99533725833e-05	0	0.000119813490333	0.00126136980101	0.0123041798267	0.00326491761158	0.0308719426759	9.31882702593e-05	0.00461947568285	6.65630501852e-06	0.0011149310906	9.98445752778e-05	0.0107233073848	0.000685599416908	2.32970675648e-05	1.66407625463e-05	0	3.32815250926e-06	0.000622364519232	0.000106500880296	2.66252200741e-05	9.65164227686e-05	0.000349456013472	0	6.65630501852e-06	1.3312610037e-05	0.000975148685213	0.00572775046844	0.000925226397574	0	0.00106500880296	0.000622364519232	0.00209340792832	0	0	3.32815250926e-06	0	9.98445752778e-06	0	0	3.32815250926e-06	0	2.66252200741e-05	3.32815250926e-06	0	0	0	0	0	0	0	0	0	6.65630501852e-06	0	3.32815250926e-06	0	1.99689150556e-05	0	3.32815250926e-06	0	9.98445752778e-06	0	0	0	0	0	0	0.000126469795352	2.99533725833e-05	0.000562457774065	0.000116485337824	0.000153095015426	0.000242955133176	0	0	0	0	0	0	0	0
0.000123141642843	3.32815250926e-05	6.98912026945e-05	0	7.98756602223e-05	0	0.000252939590704	0.00128133871607	9.31882702593e-05	0.0134157827648	9.98445752778e-05	0	0.00140780851142	0	7.32193552037e-05	0.000372753081037	0.000875304109936	3.32815250926e-05	0	0	9.31882702593e-05	0.000499222876389	0.00313511966372	0.000522519943954	0.00299866541084	3.32815250926e-06	6.65630501852e-06	0.000166407625463	0.00240292611169	0.000472597656315	0.00108164956551	0	3.32815250926e-06	0.000299533725833	0.000525848096463	4.65941351296e-05	6.65630501852e-06	6.65630501852e-06	0	0.00026958035325	0	2.66252200741e-05	0.000169735777972	4.65941351296e-05	0.0024062542642	0.000119813490333	0	0.0001797202355	0	3.66096776019e-05	6.65630501852e-06	7.32193552037e-05	3.32815250926e-06	0	0	0.0001797202355	5.32504401482e-05	0.000272908505759	6.3234897676e-05	0.00133791730872	0	0	6.65630501852e-06	0.000332815250926	1.66407625463e-05	6.98912026945e-05	0	0	6.65630501852e-06	2.99533725833e-05	0.000286221115796	3.32815250926e-05	0.000143110557898	4.65941351296e-05	0.000768803229639	0	0	6.65630501852e-05	2.32970675648e-05	3.32815250926e-05	9.98445752778e-06	4.65941351296e-05	3.32815250926e-06	0
0.000858663347389	0	6.65630501852e-06	0	0.00112824370064	3.32815250926e-06	0.0079775815647	0.00710893375978	0.00461947568285	9.98445752778e-05	0.0238595253389	0	0.0035577950324	6.65630501852e-06	0.0018338120326	0.000103172727787	6.65630501852e-06	0	0	0	0.00534501292987	4.65941351296e-05	3.32815250926e-06	4.32659826204e-05	0.000915241940047	0	0	3.32815250926e-06	0.00455624078518	0.000778787687167	0.000416019063658	0	0	0.000286221115796	0.000213001760593	0	0	0	0	2.99533725833e-05	0	3.32815250926e-06	0	0	3.32815250926e-05	0.000382737538565	0	1.99689150556e-05	0	0	0	0	0	0	0	0.00031617448838	0	0	0	1.66407625463e-05	0	0	0	1.3312610037e-05	0	0	0	0	0	0	2.32970675648e-05	6.65630501852e-06	9.65164227686e-05	2.32970675648e-05	6.65630501852e-05	3.32815250926e-06	0	0	0	0	0	0	0	0
0	0.000286221115796	0.000266252200741	0	0	9.98445752778e-06	1.3312610037e-05	0	6.65630501852e-06	0	0	0.0231206754818	0	0.00725537247019	2.99533725833e-05	3.32815250926e-06	9.98445752778e-06	0.00049589472388	0.000835366279824	0.00351785720229	0	1.66407625463e-05	6.65630501852e-06	6.3234897676e-05	0	0.00111160293809	0.00751829651842	0.00185378094766	3.32815250926e-06	9.98445752778e-05	3.32815250926e-06	0.000256267743213	1.66407625463e-05	9.98445752778e-06	0.00336143403435	0	0.00013645425288	0	0	0	0	0	0	0	0	0	0.000159751320445	0	9.65164227686e-05	0	0	0	6.65630501852e-06	1.66407625463e-05	1.3312610037e-05	0	0	3.32815250926e-06	0	0	0.000169735777972	0.000103172727787	0.000103172727787	0	0	0	3.32815250926e-06	0	0	2.99533725833e-05	0.000129797947861	0.00206012640323	0.00248945807693	0.000113157185315	3.32815250926e-06	9.98445752778e-06	0.000482582113843	0	0.000126469795352	2.32970675648e-05	3.32815250926e-06	0	0	3.32815250926e-06
0.000502551028898	0	6.65630501852e-06	0	0.00163412288205	0	0.0077279701265	0.00156090352684	0.0011149310906	0.00140780851142	0.0035577950324	0	0.0279697936878	0	0.000609051909195	0.00146438710407	6.65630501852e-06	0	0	0	0.00908252819777	3.99378301111e-05	1.3312610037e-05	2.66252200741e-05	0.00209007977582	0	0	0	0.00117816598828	0.000569114079084	0.000196360998046	0	3.32815250926e-06	0.000189704693028	0.000166407625463	6.65630501852e-06	0	0	0	6.65630501852e-06	0	3.66096776019e-05	6.65630501852e-06	6.65630501852e-06	3.32815250926e-05	0.000475925808824	0	0.00133458915621	0	0	0	0	0	0	0	0.000296205573324	0	0	0	2.99533725833e-05	0	0	0	3.32815250926e-06	0	0	0	0	0	0	4.65941351296e-05	3.32815250926e-06	5.99067451667e-05	6.65630501852e-06	0.000688927569417	0	0	0	0	0	0	0	0	0
1.3312610037e-05	0.000309518183361	6.65630501852e-05	0	0	3.99378301111e-05	9.98445752778e-05	1.3312610037e-05	9.98445752778e-05	0	6.65630501852e-06	0.00725537247019	0	0.0176591772141	0.000159751320445	1.3312610037e-05	0	6.65630501852e-05	0.000166407625463	0.000392721996093	0	6.65630501852e-06	0	2.32970675648e-05	0	0.00328488652664	0.00379409386056	0.00315176042627	0	0.000419347216167	6.65630501852e-06	0.000489238418861	5.32504401482e-05	2.66252200741e-05	0.000978476837723	0	0.000166407625463	6.65630501852e-06	0	0	0	0	0	0	3.32815250926e-06	0	0.000292877420815	0	0.000329487098417	0	0	0	1.66407625463e-05	3.66096776019e-05	3.66096776019e-05	0	3.32815250926e-06	0	3.32815250926e-06	3.32815250926e-06	0.000392721996093	0.000119813490333	0.000129797947861	0	0	3.32815250926e-06	9.98445752778e-06	0	3.32815250926e-06	0.000266252200741	0.000123141642843	0.0022997533839	0.00113822815817	0.000166407625463	9.98445752778e-06	3.32815250926e-05	0.000971820532704	1.3312610037e-05	0.000339471555945	6.3234897676e-05	1.3312610037e-05	0	3.32815250926e-06	5.32504401482e-05
0.00685266601657	9.98445752778e-06	3.99378301111e-05	0	9.31882702593e-05	0.000535832553991	0.00394053257096	0.00241956687423	0.0107233073848	7.32193552037e-05	0.0018338120326	2.99533725833e-05	0.000609051909195	0.000159751320445	0.0296072447224	0.000515863638935	2.66252200741e-05	9.98445752778e-06	0	6.65630501852e-06	0.000346127860963	0.00022298621812	2.32970675648e-05	0.000123141642843	0.000219658065611	0	1.66407625463e-05	2.32970675648e-05	0.000648989739306	0.0142977431798	0.0011515407682	0	0.00114821261569	0.00145440264655	0.00329154283166	0	0	0	0	6.65630501852e-06	0	0	3.32815250926e-06	0	2.32970675648e-05	0	0	3.32815250926e-06	0	0	0	0	0	0	0	3.32815250926e-06	0	3.32815250926e-06	0	1.66407625463e-05	0	0	0	3.32815250926e-06	0	3.32815250926e-06	0	0	0	0	0.000292877420815	1.3312610037e-05	0.0011149310906	0.00022631437063	0.000113157185315	0.000203017303065	0	0	0	0	0	0	0	0
0.000206345455574	0	6.65630501852e-06	0	1.99689150556e-05	0.000552473316537	0.00390059474085	0.000139782405389	0.000685599416908	0.000372753081037	0.000103172727787	3.32815250926e-06	0.00146438710407	1.3312610037e-05	0.000515863638935	0.00803083200485	0	3.32815250926e-06	0	0	0.00013312610037	1.66407625463e-05	3.32815250926e-06	1.3312610037e-05	7.6547507713e-05	0	0	0	6.3234897676e-05	0.000499222876389	6.65630501852e-05	0	2.32970675648e-05	8.986011775e-05	0.000196360998046	0	0	0	0	0	0	0	3.32815250926e-06	0	1.66407625463e-05	0	0	0	0	0	0	0	0	0	0	0	0	0	0	9.98445752778e-06	0	0	0	3.32815250926e-06	0	0	0	0	0	0	0.00022631437063	6.65630501852e-06	5.32504401482e-05	9.98445752778e-06	0.00380407831808	5.65785926574e-05	0	0	0	0	0	0	0	0
5.32504401482e-05	9.65164227686e-05	0.000792100297204	0	6.65630501852e-06	0	6.65630501852e-06	0.000615708214213	2.32970675648e-05	0.000875304109936	6.65630501852e-06	9.98445752778e-06	6.65630501852e-06	0	2.66252200741e-05	0	0.0204115593393	0.000209673608083	0	1.3312610037e-05	9.98445752778e-06	0.00465608536046	0.00559129621556	0.00818392702027	0.00371089004783	0	6.98912026945e-05	0.00479919591835	0.00376414048797	0.000319502640889	0.00128133871607	0	0	0.000246283285685	0.000955179770158	3.32815250926e-06	1.99689150556e-05	9.98445752778e-06	0	3.32815250926e-05	0	6.65630501852e-06	1.99689150556e-05	3.32815250926e-06	0.000382737538565	1.66407625463e-05	0	1.99689150556e-05	0	0	3.32815250926e-06	0.00013312610037	3.32815250926e-06	0	0	1.66407625463e-05	2.66252200741e-05	0.000309518183361	6.98912026945e-05	0.000193032845537	0	3.32815250926e-06	4.99222876389e-05	5.65785926574e-05	0	2.32970675648e-05	0	0	3.32815250926e-06	9.98445752778e-06	0.000718880942	0.000259595895722	0.000525848096463	0.000292877420815	4.32659826204e-05	0	0	3.99378301111e-05	5.99067451667e-05	1.99689150556e-05	6.65630501852e-06	6.65630501852e-06	0	0
1.99689150556e-05	0.00098846129525	0.0125637757225	0	3.32815250926e-06	0	3.32815250926e-06	8.986011775e-05	1.66407625463e-05	3.32815250926e-05	0	0.00049589472388	0	6.65630501852e-05	9.98445752778e-06	3.32815250926e-06	0.000209673608083	0.0261592787228	9.98445752778e-05	0.00268914722748	0	0.00167738886467	0.000529176248972	0.00913245048541	2.99533725833e-05	7.32193552037e-05	0.00956178215911	0.00443975544735	0.000242955133176	0.000106500880296	0.000738849857056	0	0	9.65164227686e-05	0.00547148272522	0	0.000296205573324	6.3234897676e-05	0	0	0	0	0	0	1.3312610037e-05	3.32815250926e-06	9.98445752778e-06	0	9.98445752778e-06	0	0	1.3312610037e-05	3.99378301111e-05	3.32815250926e-06	2.99533725833e-05	3.32815250926e-06	3.32815250926e-06	0.000113157185315	3.66096776019e-05	6.65630501852e-06	2.32970675648e-05	8.32038127315e-05	0.000189704693028	3.32815250926e-06	0	0	0	0	0	2.32970675648e-05	0.00147104340909	0.00151763754422	0.00255934927962	0.00076547507713	2.66252200741e-05	3.32815250926e-06	6.65630501852e-06	1.99689150556e-05	0.000183048388009	4.65941351296e-05	9.98445752778e-06	0	0	0
0	6.3234897676e-05	3.99378301111e-05	0	0	3.32815250926e-06	0	0	0	0	0	0.000835366279824	0	0.000166407625463	0	0	0	9.98445752778e-05	0.00400376746864	0.00193698476039	0	0	0	3.32815250926e-06	0	8.65319652408e-05	0.00299866541084	0.000309518183361	0	0	0	1.66407625463e-05	0	0	0.000109829032806	0	2.66252200741e-05	0	0	0	0	0	0	0	0	0	2.32970675648e-05	0	6.65630501852e-06	0	0	0	0	3.32815250926e-06	3.32815250926e-06	0	0	3.32815250926e-06	0	0	1.99689150556e-05	3.32815250926e-05	2.32970675648e-05	0	0	0	0	0	0	0	1.3312610037e-05	9.98445752778e-05	8.986011775e-05	1.3312610037e-05	0	3.32815250926e-06	9.98445752778e-06	0	1.3312610037e-05	3.32815250926e-06	0	0	0	0
0	0.00031284633587	0.000549145164028	0	0	3.32815250926e-06	3.32815250926e-06	3.32815250926e-06	3.32815250926e-06	0	0	0.00351785720229	0	0.000392721996093	6.65630501852e-06	0	1.3312610037e-05	0.00268914722748	0.00193698476039	0.0135755340853	0	3.32815250926e-05	1.66407625463e-05	0.000129797947861	0	0.00022631437063	0.00825381822297	0.00125471349599	6.65630501852e-06	2.32970675648e-05	1.66407625463e-05	1.99689150556e-05	0	3.32815250926e-06	0.00170734223725	0	0.000106500880296	3.32815250926e-06	0	0	0	0	0	0	3.32815250926e-06	0	7.32193552037e-05	0	1.99689150556e-05	0	0	0	3.32815250926e-06	1.3312610037e-05	2.32970675648e-05	0	0	3.32815250926e-06	3.32815250926e-06	0	3.66096776019e-05	7.6547507713e-05	5.99067451667e-05	0	0	0	0	0	0	1.66407625463e-05	0.000146438710407	0.000482582113843	0.000605723756685	7.6547507713e-05	0	3.32815250926e-06	3.32815250926e-06	3.32815250926e-06	6.3234897676e-05	9.98445752778e-06	0	0	0	0
0.000329487098417	0	3.32815250926e-06	0	0.00202684487814	0	0.00244952024682	0.00264588124486	0.000622364519232	9.31882702593e-05	0.00534501292987	0	0.00908252819777	0	0.000346127860963	0.00013312610037	9.98445752778e-06	0	0	0	0.017253142608	3.66096776019e-05	1.66407625463e-05	1.66407625463e-05	0.00107166510798	0	0	6.65630501852e-06	0.00338473110192	0.000266252200741	0.000166407625463	0	0	9.31882702593e-05	8.32038127315e-05	0	0	0	0	1.99689150556e-05	0	1.3312610037e-05	0	3.32815250926e-06	3.99378301111e-05	7.98756602223e-05	0	0.000173063930482	0	0	0	0	0	0	0	0.000116485337824	0	3.32815250926e-06	0	3.32815250926e-05	0	0	0	6.65630501852e-06	0	0	0	0	0	0	1.3312610037e-05	3.32815250926e-06	2.99533725833e-05	9.98445752778e-06	7.6547507713e-05	0	0	0	0	0	0	0	0	0
0.00040603460613	8.32038127315e-05	0.00319169825638	0	3.99378301111e-05	0	6.3234897676e-05	0.0021932525036	0.000106500880296	0.000499222876389	4.65941351296e-05	1.66407625463e-05	3.99378301111e-05	6.65630501852e-06	0.00022298621812	1.66407625463e-05	0.00465608536046	0.00167738886467	0	3.32815250926e-05	3.66096776019e-05	0.046916965923	0.00198357889552	0.0247048760762	0.00152762200175	0	0.000302861878343	0.00225981555379	0.00892610502984	0.00480585222337	0.0158553185541	0	0	0.00304858769848	0.00519857421947	6.65630501852e-06	4.65941351296e-05	1.3312610037e-05	0	2.32970675648e-05	0	6.65630501852e-06	3.32815250926e-05	0	0.000339471555945	1.3312610037e-05	0	2.32970675648e-05	0	3.32815250926e-06	0	5.32504401482e-05	0	0	0	1.3312610037e-05	9.98445752778e-06	0.00022631437063	4.65941351296e-05	0.0001797202355	3.32815250926e-06	6.65630501852e-06	3.32815250926e-05	3.99378301111e-05	0	2.32970675648e-05	0	0	0	1.3312610037e-05	0.00234634751903	0.000795428449713	0.00248612992442	0.00100177390529	0.000123141642843	6.65630501852e-06	0	3.66096776019e-05	6.3234897676e-05	2.32970675648e-05	9.98445752778e-06	3.32815250926e-06	0	0
4.99222876389e-05	0.00182382757507	0.00195695367545	0	2.32970675648e-05	3.32815250926e-06	1.3312610037e-05	0.00072220909451	2.66252200741e-05	0.00313511966372	3.32815250926e-06	6.65630501852e-06	1.3312610037e-05	0	2.32970675648e-05	3.32815250926e-06	0.00559129621556	0.000529176248972	0	1.66407625463e-05	1.66407625463e-05	0.00198357889552	0.0211603936539	0.00400376746864	0.00239959795918	9.98445752778e-06	0.000272908505759	0.00587751733135	0.00272242875258	0.00044930058875	0.00172065484729	0	0	0.000372753081037	0.00160416950946	2.99533725833e-05	0.000745506162074	0.000256267743213	0	8.986011775e-05	0	1.99689150556e-05	0.000106500880296	1.99689150556e-05	0.00108164956551	3.32815250926e-05	0	4.32659826204e-05	0	9.98445752778e-06	3.32815250926e-06	0.000502551028898	0.000103172727787	0	1.99689150556e-05	2.66252200741e-05	0.000186376540519	0.00251275514449	0.000678943111889	0.000542488859009	3.32815250926e-06	6.65630501852e-05	0.000728865399528	0.000266252200741	3.32815250926e-06	0.000166407625463	0	0	6.65630501852e-06	0.000213001760593	0.00103838358289	0.000445972436241	0.000782115839676	0.000326158945908	6.98912026945e-05	0	0	0.000262924048232	0.000572442231593	0.000213001760593	9.98445752778e-05	3.32815250926e-05	9.98445752778e-06	0
0.000232970675648	0.000695583874435	0.0157488176738	0	1.66407625463e-05	0	4.99222876389e-05	0.00153427830677	9.65164227686e-05	0.000522519943954	4.32659826204e-05	6.3234897676e-05	2.66252200741e-05	2.32970675648e-05	0.000123141642843	1.3312610037e-05	0.00818392702027	0.00913245048541	3.32815250926e-06	0.000129797947861	1.66407625463e-05	0.0247048760762	0.00400376746864	0.0648057856603	0.00106833695547	9.98445752778e-06	0.00160749766197	0.0120113024059	0.0055347176229	0.00194696921792	0.00922231060316	0	3.32815250926e-06	0.000951851617649	0.00804081646237	3.32815250926e-06	0.000249611438195	7.6547507713e-05	0	2.32970675648e-05	0	0	2.32970675648e-05	3.32815250926e-06	0.00031617448838	9.98445752778e-06	0	3.32815250926e-06	0	0	0	0.00013312610037	1.99689150556e-05	0	1.99689150556e-05	1.3312610037e-05	1.66407625463e-05	0.000559129621556	0.000149766862917	0.000146438710407	3.32815250926e-06	3.66096776019e-05	0.000209673608083	3.99378301111e-05	0	3.99378301111e-05	0	0	6.65630501852e-06	4.99222876389e-05	0.00455291263267	0.00216662728353	0.00519524606696	0.00225648740128	0.000196360998046	0	3.32815250926e-06	7.6547507713e-05	0.000193032845537	4.32659826204e-05	1.99689150556e-05	9.98445752778e-06	3.32815250926e-06	0
0.000392721996093	1.66407625463e-05	6.65630501852e-05	0	0.00580429797615	0	0.000505879181408	0.00492899386621	0.000349456013472	0.00299866541084	0.000915241940047	0	0.00209007977582	0	0.000219658065611	7.6547507713e-05	0.00371089004783	2.99533725833e-05	0	0	0.00107166510798	0.00152762200175	0.00239959795918	0.00106833695547	0.0283691719889	0	0	0.000119813490333	0.0123241487418	0.000848678889861	0.00185378094766	0	0	0.000509207333917	0.000728865399528	6.65630501852e-06	0	0	0	0.000232970675648	0	3.32815250926e-06	4.32659826204e-05	6.65630501852e-06	0.000645661586797	3.32815250926e-05	0	6.3234897676e-05	0	0	3.32815250926e-06	3.32815250926e-05	0	0	0	4.32659826204e-05	1.99689150556e-05	8.986011775e-05	9.98445752778e-06	0.0005391607065	0	0	0	9.65164227686e-05	0	2.99533725833e-05	0	0	0	9.98445752778e-06	0.000339471555945	6.65630501852e-05	0.00022298621812	0.000103172727787	0.000183048388009	0	0	2.99533725833e-05	1.66407625463e-05	9.98445752778e-06	3.32815250926e-06	9.98445752778e-06	0	0
0	0.00178056159245	8.32038127315e-05	0	0	0	0	0	0	3.32815250926e-06	0	0.00111160293809	0	0.00328488652664	0	0	0	7.32193552037e-05	8.65319652408e-05	0.00022631437063	0	0	9.98445752778e-06	9.98445752778e-06	0	0.00905257482519	0.00189371877777	0.00174728006736	0	0	0	4.32659826204e-05	0	0	0.000126469795352	0	0.000416019063658	3.32815250926e-06	0	0	0	0	0	0	0	0	0.000372753081037	0	0.000372753081037	0	0	0	1.99689150556e-05	5.32504401482e-05	6.3234897676e-05	0	0	9.98445752778e-06	6.65630501852e-06	0	0.000662302349343	0.000272908505759	0.000266252200741	0	0	0	3.32815250926e-06	0	0	0.000186376540519	3.32815250926e-06	0.00106833695547	0.000203017303065	6.65630501852e-06	0	0	0.000509207333917	3.32815250926e-06	0.00031284633587	6.65630501852e-05	0	0	0	3.32815250926e-05
6.65630501852e-06	0.00406700236632	0.0126669484502	0	0	3.32815250926e-06	9.98445752778e-06	6.65630501852e-06	6.65630501852e-06	6.65630501852e-06	0	0.00751829651842	0	0.00379409386056	1.66407625463e-05	0	6.98912026945e-05	0.00956178215911	0.00299866541084	0.00825381822297	0	0.000302861878343	0.000272908505759	0.00160749766197	0	0.00189371877777	0.0611448179001	0.022807829146	5.32504401482e-05	5.32504401482e-05	0.000146438710407	0.000362768623509	0	1.66407625463e-05	0.00380407831808	0	0.00171399854227	0.000109829032806	0	0	0	0	0	0	6.65630501852e-06	3.32815250926e-06	0.000459285046278	0	0.000262924048232	0	0	9.98445752778e-06	0.000113157185315	5.32504401482e-05	0.00022298621812	3.32815250926e-06	9.98445752778e-06	6.98912026945e-05	6.65630501852e-05	3.32815250926e-06	0.000562457774065	0.000732193552037	0.000852007042371	0	0	3.32815250926e-06	0	0	0	0.000229642523139	0.000888616719973	0.0024794736194	0.00247281731438	0.000515863638935	9.98445752778e-06	6.65630501852e-06	4.65941351296e-05	2.66252200741e-05	0.00094519531263	0.000213001760593	4.99222876389e-05	3.32815250926e-06	6.65630501852e-06	0
3.32815250926e-05	0.00949854726143	0.0189937663704	0	0	0	6.65630501852e-06	0.000159751320445	1.3312610037e-05	0.000166407625463	3.32815250926e-06	0.00185378094766	0	0.00315176042627	2.32970675648e-05	0	0.00479919591835	0.00443975544735	0.000309518183361	0.00125471349599	6.65630501852e-06	0.00225981555379	0.00587751733135	0.0120113024059	0.000119813490333	0.00174728006736	0.022807829146	0.0774261399754	0.000705568331963	0.000163079472954	0.000858663347389	0.000519191791445	0	0.000119813490333	0.00322497978147	0	0.00230308153641	0.000399378301111	0	1.3312610037e-05	0	0	3.32815250926e-06	3.32815250926e-06	6.98912026945e-05	3.32815250926e-06	0.000282892963287	3.32815250926e-06	0.000156423167935	0	0	0.000183048388009	0.000249611438195	4.65941351296e-05	0.000252939590704	3.32815250926e-06	5.65785926574e-05	0.000848678889861	0.000366096776019	2.99533725833e-05	0.000339471555945	0.000595739299158	0.00128133871607	2.32970675648e-05	0	3.32815250926e-05	3.32815250926e-06	0	3.32815250926e-06	0.000259595895722	0.0018704217102	0.00214000206345	0.00245950470434	0.000881960414954	6.3234897676e-05	0	2.32970675648e-05	0.000106500880296	0.00124472903846	0.000296205573324	8.32038127315e-05	6.65630501852e-06	1.3312610037e-05	0
0.00134124546123	2.99533725833e-05	0.000642333434287	0	0.00350121643974	0	0.00094519531263	0.0224284197599	0.000975148685213	0.00240292611169	0.00455624078518	3.32815250926e-06	0.00117816598828	0	0.000648989739306	6.3234897676e-05	0.00376414048797	0.000242955133176	0	6.65630501852e-06	0.00338473110192	0.00892610502984	0.00272242875258	0.0055347176229	0.0123241487418	0	5.32504401482e-05	0.000705568331963	0.0525781533413	0.00304193139346	0.0105469153018	0	3.32815250926e-06	0.00180053050751	0.00294208681819	6.65630501852e-06	1.3312610037e-05	1.3312610037e-05	0	0.000169735777972	0	1.99689150556e-05	0.000103172727787	2.32970675648e-05	0.00137119883382	6.65630501852e-05	0	8.32038127315e-05	0	1.3312610037e-05	6.65630501852e-06	8.65319652408e-05	0	0	0	9.65164227686e-05	2.32970675648e-05	0.000302861878343	6.65630501852e-05	0.000928554550084	3.32815250926e-06	0	1.66407625463e-05	0.000193032845537	0	3.99378301111e-05	0	0	0	1.99689150556e-05	0.00113490000566	0.00026958035325	0.00103172727787	0.000412690911148	0.000219658065611	1.3312610037e-05	0	9.31882702593e-05	3.66096776019e-05	2.99533725833e-05	1.66407625463e-05	2.32970675648e-05	0	0
0.00509207333917	3.32815250926e-05	0.000236298828158	0	0.000129797947861	0.00114821261569	0.00374084342041	0.00490569679865	0.00572775046844	0.000472597656315	0.000778787687167	9.98445752778e-05	0.000569114079084	0.000419347216167	0.0142977431798	0.000499222876389	0.000319502640889	0.000106500880296	0	2.32970675648e-05	0.000266252200741	0.00480585222337	0.00044930058875	0.00194696921792	0.000848678889861	0	5.32504401482e-05	0.000163079472954	0.00304193139346	0.0497525518609	0.012384055487	0	0.00214000206345	0.0130563422938	0.0128433405332	6.65630501852e-06	3.32815250926e-06	6.65630501852e-06	0	3.66096776019e-05	0	6.65630501852e-06	2.66252200741e-05	9.98445752778e-06	0.000296205573324	1.3312610037e-05	0	1.99689150556e-05	0	3.32815250926e-06	0	1.66407625463e-05	0	0	0	1.99689150556e-05	3.32815250926e-06	5.99067451667e-05	3.32815250926e-06	0.0001797202355	0	0	6.65630501852e-06	3.32815250926e-05	0	1.3312610037e-05	0	0	3.32815250926e-06	1.3312610037e-05	0.00220989326615	0.000236298828158	0.00477589885079	0.00110827478558	0.000296205573324	0.000462613198787	0	3.32815250926e-05	1.3312610037e-05	9.98445752778e-06	3.32815250926e-06	6.65630501852e-06	9.98445752778e-06	0
0.00285888300545	5.32504401482e-05	0.00155757537433	0	0.000149766862917	1.3312610037e-05	0.000412690911148	0.0113689689716	0.000925226397574	0.00108164956551	0.000416019063658	3.32815250926e-06	0.000196360998046	6.65630501852e-06	0.0011515407682	6.65630501852e-05	0.00128133871607	0.000738849857056	0	1.66407625463e-05	0.000166407625463	0.0158553185541	0.00172065484729	0.00922231060316	0.00185378094766	0	0.000146438710407	0.000858663347389	0.0105469153018	0.012384055487	0.045445922514	0	3.32815250926e-06	0.00680607188144	0.00792433112455	1.3312610037e-05	1.99689150556e-05	9.98445752778e-06	0	6.3234897676e-05	0	1.66407625463e-05	7.98756602223e-05	9.98445752778e-06	0.000692255721926	2.99533725833e-05	0	3.99378301111e-05	0	9.98445752778e-06	0	6.65630501852e-05	0	0	0	3.32815250926e-05	1.3312610037e-05	0.000186376540519	3.32815250926e-05	0.000409362758639	0	0	2.32970675648e-05	0.000103172727787	0	4.65941351296e-05	0	0	3.32815250926e-06	1.99689150556e-05	0.00266252200741	0.000535832553991	0.0026591938549	0.000955179770158	0.000189704693028	9.98445752778e-06	0	4.99222876389e-05	1.99689150556e-05	1.66407625463e-05	0	2.32970675648e-05	3.32815250926e-06	3.32815250926e-06
0	1.3312610037e-05	0	0	0	0	0	0	0	0	0	0.000256267743213	0	0.000489238418861	0	0	0	0	1.66407625463e-05	1.99689150556e-05	0	0	0	0	0	4.32659826204e-05	0.000362768623509	0.000519191791445	0	0	0	0.000798756602223	0	0	3.32815250926e-06	0	3.32815250926e-06	0	0	0	0	0	0	0	0	0	0	0	3.32815250926e-06	0	0	0	0	0	0	0	0	3.32815250926e-06	0	0	6.65630501852e-06	0	0	0	0	0	0	0	0	0	3.32815250926e-06	1.66407625463e-05	1.66407625463e-05	0	0	0	0	0	3.32815250926e-06	0	0	0	0	0
6.65630501852e-06	0	0	0	0	0.00227645631633	0.00102174282034	9.98445752778e-06	0.00106500880296	3.32815250926e-06	0	1.66407625463e-05	3.32815250926e-06	5.32504401482e-05	0.00114821261569	2.32970675648e-05	0	0	0	0	0	0	0	3.32815250926e-06	0	0	0	0	3.32815250926e-06	0.00214000206345	3.32815250926e-06	0	0.00508208888164	1.66407625463e-05	0.00157421613688	0	0	0	0	0	0	0	0	0	0	0	0	0	0	0	0	0	0	0	0	0	0	0	0	0	0	0	0	0	0	0	0	0	0	0	6.65630501852e-06	0	0.000129797947861	2.32970675648e-05	6.3234897676e-05	0.000399378301111	0	0	0	0	0	0	0	0
0.00121144751337	2.32970675648e-05	0.000153095015426	0	6.3234897676e-05	2.66252200741e-05	0.000505879181408	0.0023729727391	0.000622364519232	0.000299533725833	0.000286221115796	9.98445752778e-06	0.000189704693028	2.66252200741e-05	0.00145440264655	8.986011775e-05	0.000246283285685	9.65164227686e-05	0	3.32815250926e-06	9.31882702593e-05	0.00304858769848	0.000372753081037	0.000951851617649	0.000509207333917	0	1.66407625463e-05	0.000119813490333	0.00180053050751	0.0130563422938	0.00680607188144	0	1.66407625463e-05	0.0159385223668	0.00728532584277	3.32815250926e-06	3.32815250926e-06	3.32815250926e-06	0	2.99533725833e-05	0	3.32815250926e-06	1.3312610037e-05	3.32815250926e-06	0.000229642523139	3.32815250926e-06	0	9.98445752778e-06	0	0	0	6.65630501852e-06	0	0	0	1.66407625463e-05	9.98445752778e-06	3.66096776019e-05	3.32815250926e-06	0.000126469795352	0	0	6.65630501852e-06	2.66252200741e-05	0	1.99689150556e-05	0	0	3.32815250926e-06	6.65630501852e-06	0.00228976892637	0.000256267743213	0.00301197802088	0.00090192933001	0.000173063930482	1.99689150556e-05	0	2.99533725833e-05	9.98445752778e-06	3.32815250926e-06	3.32815250926e-06	9.98445752778e-06	9.98445752778e-06	0
0.000971820532704	0.000625692671741	0.00476924254577	0	4.65941351296e-05	0.00139116774887	0.00178056159245	0.00225315924877	0.00209340792832	0.000525848096463	0.000213001760593	0.00336143403435	0.000166407625463	0.000978476837723	0.00329154283166	0.000196360998046	0.000955179770158	0.00547148272522	0.000109829032806	0.00170734223725	8.32038127315e-05	0.00519857421947	0.00160416950946	0.00804081646237	0.000728865399528	0.000126469795352	0.00380407831808	0.00322497978147	0.00294208681819	0.0128433405332	0.00792433112455	3.32815250926e-06	0.00157421613688	0.00728532584277	0.0459251764753	6.65630501852e-06	0.000252939590704	4.65941351296e-05	0	4.65941351296e-05	0	6.65630501852e-06	4.99222876389e-05	6.65630501852e-06	0.000349456013472	1.66407625463e-05	3.99378301111e-05	9.98445752778e-06	1.99689150556e-05	3.32815250926e-06	0	3.99378301111e-05	2.32970675648e-05	0	1.99689150556e-05	3.32815250926e-05	1.3312610037e-05	0.000193032845537	5.32504401482e-05	0.000219658065611	5.32504401482e-05	6.3234897676e-05	0.000123141642843	5.99067451667e-05	0	3.32815250926e-05	0	0	0	3.66096776019e-05	0.00844019476348	0.00290214898808	0.0176824742817	0.00500886952644	0.00062902082425	0.000842022584843	2.99533725833e-05	0.000103172727787	0.000149766862917	5.65785926574e-05	2.32970675648e-05	1.3312610037e-05	9.98445752778e-06	6.65630501852e-06
3.32815250926e-06	0	0	0	1.3312610037e-05	0	0	6.65630501852e-06	0	4.65941351296e-05	0	0	6.65630501852e-06	0	0	0	3.32815250926e-06	0	0	0	0	6.65630501852e-06	2.99533725833e-05	3.32815250926e-06	6.65630501852e-06	0	0	0	6.65630501852e-06	6.65630501852e-06	1.3312610037e-05	0	0	3.32815250926e-06	6.65630501852e-06	0.0146671681083	9.98445752778e-06	2.66252200741e-05	0	0.000176392082991	0	0.0026591938549	0.00409029943388	0.00289216453055	0.000286221115796	0.00101175836282	3.32815250926e-06	0.00186376540519	0	0.00446638066743	5.32504401482e-05	9.98445752778e-05	6.65630501852e-06	0	0	0.000569114079084	0.000169735777972	0.000123141642843	0.000169735777972	0.00159751320445	0	0	2.99533725833e-05	0.000758818772111	0.00333148066177	0.000728865399528	0	0	0.000213001760593	0.000582426689121	9.98445752778e-06	0	3.32815250926e-06	0	0	0	0	0.000545817011519	7.32193552037e-05	0.000336143403435	0.000149766862917	0.00118149414079	0.00013645425288	6.65630501852e-06
0	0.00265253754988	0.000981804990232	0	0	0	0	0	0	6.65630501852e-06	0	0.00013645425288	0	0.000166407625463	0	0	1.99689150556e-05	0.000296205573324	2.66252200741e-05	0.000106500880296	0	4.65941351296e-05	0.000745506162074	0.000249611438195	0	0.000416019063658	0.00171399854227	0.00230308153641	1.3312610037e-05	3.32815250926e-06	1.99689150556e-05	3.32815250926e-06	0	3.32815250926e-06	0.000252939590704	9.98445752778e-06	0.0196494124147	0.00120479120835	0	0	3.32815250926e-06	3.32815250926e-06	9.98445752778e-06	6.65630501852e-06	4.65941351296e-05	0	0.00129797947861	3.32815250926e-06	0.000708896484473	6.65630501852e-06	0	0.000206345455574	0.000971820532704	0.000252939590704	0.00110494663307	0	0.000159751320445	0.00217993989357	0.000772131382148	2.99533725833e-05	0.00298868095332	0.00336809033937	0.00723540355513	4.32659826204e-05	6.65630501852e-06	6.3234897676e-05	3.32815250926e-06	0	3.32815250926e-06	0.000875304109936	9.65164227686e-05	0.000239626980667	0.000176392082991	4.99222876389e-05	3.32815250926e-06	0	2.32970675648e-05	0.000366096776019	0.00248945807693	0.00109496217555	0.000289549268306	3.32815250926e-05	3.99378301111e-05	1.66407625463e-05
0	0.000392721996093	0.00022631437063	0	0	0	0	6.65630501852e-06	3.32815250926e-06	6.65630501852e-06	0	0	0	6.65630501852e-06	0	0	9.98445752778e-06	6.3234897676e-05	0	3.32815250926e-06	0	1.3312610037e-05	0.000256267743213	7.6547507713e-05	0	3.32815250926e-06	0.000109829032806	0.000399378301111	1.3312610037e-05	6.65630501852e-06	9.98445752778e-06	0	0	3.32815250926e-06	4.65941351296e-05	2.66252200741e-05	0.00120479120835	0.0205280446771	0	6.65630501852e-06	0	9.98445752778e-06	7.32193552037e-05	1.66407625463e-05	4.99222876389e-05	1.3312610037e-05	8.65319652408e-05	1.3312610037e-05	1.3312610037e-05	1.3312610037e-05	0	0.000552473316537	0.00272908505759	9.98445752778e-06	0.000708896484473	3.32815250926e-06	0.00085533519488	0.000805412907241	0.00702240179454	8.32038127315e-05	3.32815250926e-05	0.00457953785274	0.00667627393358	0.000219658065611	3.99378301111e-05	0.000352784165982	0	0	2.66252200741e-05	0.00140448035891	3.32815250926e-05	3.66096776019e-05	3.99378301111e-05	1.66407625463e-05	0	0	0	0.00098846129525	0.0023363630615	0.00175393637238	0.000562457774065	4.99222876389e-05	6.98912026945e-05	1.3312610037e-05
0	0	0	0	0	0	0	0	0	0	0	0	0	0	0	0	0	0	0	0	0	0	0	0	0	0	0	0	0	0	0	0	0	0	0	0	0	0	0	0	0	0	0	0	0	0	0	0	0	0	0	0	0	0	0	0	0	0	0	0	0	0	0	0	0	0	0	0	0	0	0	0	0	0	0	0	0	0	0	0	0	0	0	0
1.99689150556e-05	0	0	0	0.000825381822297	0	6.65630501852e-06	9.31882702593e-05	9.98445752778e-06	0.00026958035325	2.99533725833e-05	0	6.65630501852e-06	0	6.65630501852e-06	0	3.32815250926e-05	0	0	0	1.99689150556e-05	2.32970675648e-05	8.986011775e-05	2.32970675648e-05	0.000232970675648	0	0	1.3312610037e-05	0.000169735777972	3.66096776019e-05	6.3234897676e-05	0	0	2.99533725833e-05	4.65941351296e-05	0.000176392082991	0	6.65630501852e-06	0	0.0163878229556	0	0.000396050148602	0.00124140088595	0.000236298828158	0.00208009531829	0.00322497978147	0	0.0015109812392	0	0.000199689150556	1.66407625463e-05	0.000113157185315	0	0	0	0.00669957100114	4.32659826204e-05	0.000159751320445	3.99378301111e-05	0.0095950636842	0	0	6.65630501852e-06	0.00481916483341	5.32504401482e-05	0.000116485337824	0	0	1.66407625463e-05	5.65785926574e-05	1.66407625463e-05	9.98445752778e-06	9.98445752778e-06	0	1.66407625463e-05	0	0	0.000113157185315	2.66252200741e-05	4.99222876389e-05	6.65630501852e-06	9.98445752778e-05	9.98445752778e-06	0
0	0	0	0	0	0	0	0	0	0	0	0	0	0	0	0	0	0	0	0	0	0	0	0	0	0	0	0	0	0	0	0	0	0	0	0	3.32815250926e-06	0	0	0	0.00229642523139	0.00121477566588	0	0.000602395604176	0	0	3.32815250926e-06	0	0	0.000166407625463	0.000479253961334	0	0	0	0	0	0	0	0	0	0	0	0	0	6.65630501852e-05	0	0	0.00013312610037	0	4.65941351296e-05	0	0	0	0	0	0	0	6.65630501852e-06	6.65630501852e-06	1.99689150556e-05	3.32815250926e-06	0.000239626980667	0.000575770384102	0
0	0	0	0	3.32815250926e-05	0	0	1.3312610037e-05	0	2.66252200741e-05	3.32815250926e-06	0	3.66096776019e-05	0	0	0	6.65630501852e-06	0	0	0	1.3312610037e-05	6.65630501852e-06	1.99689150556e-05	0	3.32815250926e-06	0	0	0	1.99689150556e-05	6.65630501852e-06	1.66407625463e-05	0	0	3.32815250926e-06	6.65630501852e-06	0.0026591938549	3.32815250926e-06	9.98445752778e-06	0	0.000396050148602	0.00121477566588	0.0395883740977	0.00233303490899	0.0174960977412	0.000329487098417	0.0083736317133	2.66252200741e-05	0.00893276133486	3.32815250926e-06	0.00562457774065	0.000775459534658	6.65630501852e-05	6.65630501852e-06	0	0	0.00261592787228	4.99222876389e-05	4.32659826204e-05	4.32659826204e-05	0.00232970675648	3.32815250926e-06	0	1.66407625463e-05	0.000768803229639	0.00173729560983	0.000256267743213	0	0.000419347216167	9.65164227686e-05	0.000775459534658	9.98445752778e-06	0	0	0	0	0	0	0.000465941351296	9.31882702593e-05	0.000635677129269	0.000153095015426	0.00451963110758	0.00178721789747	3.32815250926e-06
