0.0209514031769	7.03761813884e-05	0.00173870565783	0	9.93546090189e-05	1.24193261274e-05	0.000654084509375	0.0081387983888	0.00993132112652	9.52148336431e-05	0.000654084509375	0.000327042254687	0.000335321805439	6.20966306368e-05	0.0116369085813	2.06988768789e-05	3.72579783821e-05	0.00050091282047	5.38170798852e-05	0.000132472812025	0.000699622038508	0.0027363915234	0.00015731146428	0.003282841873	0.000409837762203	1.24193261274e-05	0.00057956855261	0.000248386522547	0.00229757533356	0.00934347302315	0.0103163202365	8.27955075158e-06	0.000165591015032	0.00250042432698	0.00298891782132	0	1.65591015032e-05	1.24193261274e-05	0	1.65591015032e-05	0	4.13977537579e-06	3.31182030063e-05	1.65591015032e-05	0.000202848993414	1.24193261274e-05	4.13977537579e-06	1.65591015032e-05	0	2.06988768789e-05	0	2.48386522547e-05	1.65591015032e-05	4.13977537579e-06	0	8.27955075158e-06	2.89784276305e-05	6.62364060126e-05	4.13977537579e-05	0.000149031913528	0	4.13977537579e-06	8.69352828916e-05	8.69352828916e-05	1.24193261274e-05	4.13977537579e-06	0	0	0	1.24193261274e-05	0.000964567662559	0.000289784276305	0.00206574791252	0.000546450349604	5.7956855261e-05	0.00015731146428	1.65591015032e-05	3.72579783821e-05	4.13977537579e-05	1.24193261274e-05	1.65591015032e-05	2.06988768789e-05	4.13977537579e-06	0
7.03761813884e-05	0.0209058656477	0.00387896952711	0	4.13977537579e-06	0	1.65591015032e-05	0.000103494384395	6.20966306368e-05	0.00100596541632	4.13977537579e-06	0.00015731146428	4.13977537579e-06	0.000248386522547	5.7956855261e-05	1.65591015032e-05	0.000517471921974	0.00114257800372	4.96773045095e-05	0.000327042254687	4.13977537579e-06	0.000426396863706	0.00431364594157	0.000906610807298	0.000861073278164	0.00130816901875	0.00461998931938	0.0108669103614	0.000451235515961	0.000136612587401	0.000310483153184	3.31182030063e-05	4.13977537579e-06	6.62364060126e-05	0.00081553574903	3.31182030063e-05	0.005265794278	0.00178838296234	0	4.13977537579e-06	0	4.13977537579e-06	6.20966306368e-05	3.31182030063e-05	9.52148336431e-05	4.13977537579e-06	7.865573214e-05	1.24193261274e-05	5.38170798852e-05	4.13977537579e-05	0	0.000136612587401	0.000993546090189	4.13977537579e-05	0.000397418436076	0	0.000153171688904	0.00125435193886	0.000774137995272	0.00010763415977	9.52148336431e-05	0.000910750582673	0.00661536105051	8.27955075158e-05	2.89784276305e-05	7.865573214e-05	1.65591015032e-05	4.13977537579e-06	0	0.000298063827057	0.0014530611569	0.00119225530823	0.00057956855261	9.93546090189e-05	9.52148336431e-05	1.24193261274e-05	4.13977537579e-06	0.00055059012498	0.00057956855261	0.000256666073299	8.69352828916e-05	3.31182030063e-05	0	1.24193261274e-05
0.00173870565783	0.00387896952711	0.0488783278619	0	1.24193261274e-05	2.06988768789e-05	0.000335321805439	0.0018297807161	0.0021195649924	0.000182150116535	5.38170798852e-05	0.000335321805439	8.27955075158e-05	7.03761813884e-05	0.001333007671	1.24193261274e-05	0.000298063827057	0.0108006739554	0.00010763415977	0.00125021216349	8.27955075158e-05	0.00740191837191	0.00197053307888	0.0229426351326	0.000538170798852	3.72579783821e-05	0.0106599215927	0.0123116919676	0.00311725085797	0.00176768408546	0.00660708149976	2.48386522547e-05	4.96773045095e-05	0.000745159567642	0.00450407560886	7.03761813884e-05	0.00139924407702	0.00200779105726	0	1.24193261274e-05	0	1.24193261274e-05	0.000219408094917	6.20966306368e-05	0.00034360135619	2.06988768789e-05	4.96773045095e-05	1.65591015032e-05	4.13977537579e-06	7.865573214e-05	0	0.000873492604291	0.00110532002534	2.48386522547e-05	0.000273225174802	0	0.000360160457694	0.00228515600744	0.00214854342003	0.000364300233069	8.27955075158e-06	0.000492633269719	0.00485181674042	0.000376719559197	6.62364060126e-05	0.000202848993414	0	8.27955075158e-06	4.13977537579e-06	0.00034360135619	0.00715353184936	0.00303031557508	0.00384585132411	0.000948008561055	9.10750582673e-05	0.000111773935146	2.06988768789e-05	0.00062924585712	0.00137854520014	0.000335321805439	0.000149031913528	5.7956855261e-05	1.24193261274e-05	1.24193261274e-05
0	0	0	0	0	0	0	0	0	0	0	0	0	0	0	0	0	0	0	0	0	0	0	0	0	0	0	0	0	0	0	0	0	0	0	0	0	0	0	0	0	0	0	0	0	0	0	0	0	0	0	0	0	0	0	0	0	0	0	0	0	0	0	0	0	0	0	0	0	0	0	0	0	0	0	0	0	0	0	0	0	0	0	0
9.93546090189e-05	4.13977537579e-06	1.24193261274e-05	0	0.0151846960784	8.27955075158e-06	0.000985266539438	0.00139510430164	0.000426396863706	0.000451235515961	0.00156069531667	0.000128333036649	0.0047359030299	1.65591015032e-05	0.000401558211451	0.00010763415977	1.24193261274e-05	8.27955075158e-06	2.89784276305e-05	3.31182030063e-05	0.00755922983619	2.48386522547e-05	8.27955075158e-06	4.96773045095e-05	0.00672713498566	4.13977537579e-06	6.62364060126e-05	1.65591015032e-05	0.00364714210607	0.0007865573214	7.865573214e-05	0	4.13977537579e-05	0.000165591015032	0.000902471031922	8.27955075158e-06	0	4.13977537579e-06	0	0.00165177037494	0	7.45159567642e-05	2.89784276305e-05	4.55375291337e-05	0.000335321805439	0.000372579783821	4.13977537579e-06	0.000389138885324	0	4.55375291337e-05	8.27955075158e-06	0	4.13977537579e-06	4.13977537579e-06	8.27955075158e-06	0.00135784632326	0	0	0	0.000389138885324	0	4.13977537579e-06	1.24193261274e-05	0.000380859334573	4.55375291337e-05	0	0	0	0	3.31182030063e-05	0.000206988768789	6.62364060126e-05	0.000616826530992	0.000165591015032	6.62364060126e-05	7.03761813884e-05	0	3.72579783821e-05	0	3.72579783821e-05	1.65591015032e-05	7.03761813884e-05	8.27955075158e-06	0
1.24193261274e-05	0	2.06988768789e-05	0	8.27955075158e-06	0.00483525763892	0.0021195649924	0.000120053485898	0.000662364060126	4.55375291337e-05	6.20966306368e-05	8.69352828916e-05	0.000124193261274	1.65591015032e-05	0.000269085399426	0.00103908361932	0	8.27955075158e-06	1.24193261274e-05	2.06988768789e-05	8.69352828916e-05	1.24193261274e-05	0	4.55375291337e-05	2.48386522547e-05	0	3.72579783821e-05	8.27955075158e-06	9.10750582673e-05	0.000633385632496	5.7956855261e-05	4.13977537579e-06	0.00204918881102	4.13977537579e-05	0.000956288111807	0	0	0	0	0	0	0	0	0	4.13977537579e-06	0	0	0	0	0	0	0	0	0	0	0	0	0	0	4.13977537579e-06	0	0	4.13977537579e-06	0	0	0	0	0	0	0	0.000211128544165	2.06988768789e-05	0.000463654842088	0.00010763415977	0.00125021216349	0.000910750582673	4.13977537579e-06	0	0	0	0	0	0	0
0.000654084509375	1.65591015032e-05	0.000335321805439	0	0.000985266539438	0.0021195649924	0.0422008701808	0.00626348014357	0.0168695846563	0.000335321805439	0.0117818007195	0.000662364060126	0.013648839414	0.000120053485898	0.00525337495188	0.00305929400271	1.24193261274e-05	6.20966306368e-05	7.03761813884e-05	0.000182150116535	0.0066857372319	0.000521611697349	5.7956855261e-05	0.000741019792266	0.00107220182233	2.48386522547e-05	0.000451235515961	0.00015731146428	0.00290198253843	0.00567977181558	0.00127091104037	4.13977537579e-05	0.00327042254687	0.000587848103362	0.0050091282047	0	4.13977537579e-06	4.13977537579e-06	0	3.72579783821e-05	0	0	2.06988768789e-05	4.13977537579e-06	0.000153171688904	1.65591015032e-05	2.06988768789e-05	4.13977537579e-06	8.27955075158e-06	4.13977537579e-06	4.13977537579e-06	1.65591015032e-05	0	0	0	1.24193261274e-05	1.65591015032e-05	2.89784276305e-05	1.24193261274e-05	0.000128333036649	4.13977537579e-06	4.13977537579e-06	2.48386522547e-05	6.62364060126e-05	4.13977537579e-06	4.13977537579e-06	8.27955075158e-06	0	0	1.65591015032e-05	0.00168488857795	0.000306343377808	0.00428880728932	0.00108462114846	0.00115913710522	0.00137854520014	8.27955075158e-05	2.48386522547e-05	1.24193261274e-05	4.13977537579e-05	1.24193261274e-05	8.27955075158e-06	0	4.13977537579e-06
0.0081387983888	0.000103494384395	0.0018297807161	0	0.00139510430164	0.000120053485898	0.00626348014357	0.0511138065649	0.0121957782571	0.000948008561055	0.0061558459838	0.000778277770648	0.00180494206384	9.93546090189e-05	0.00866454986152	0.000339461580815	0.000173870565783	0.000380859334573	0.000115913710522	0.000368440008445	0.00255838118224	0.00382515244723	0.000405697986827	0.0040859582959	0.00248386522547	4.13977537579e-05	0.000948008561055	0.000438816189834	0.0234766661561	0.0127049706283	0.0137647531245	2.06988768789e-05	0.000476074168216	0.00596955609189	0.0109704047458	4.55375291337e-05	3.31182030063e-05	2.89784276305e-05	0	0.000608546980241	0	7.03761813884e-05	0.000335321805439	7.865573214e-05	0.00219822072454	0.000231827421044	2.48386522547e-05	0.000244246747171	8.27955075158e-06	7.03761813884e-05	2.06988768789e-05	8.27955075158e-05	1.65591015032e-05	4.13977537579e-06	1.24193261274e-05	0.000128333036649	4.55375291337e-05	0.000161451239656	8.27955075158e-05	0.00193741487587	8.27955075158e-06	3.31182030063e-05	9.10750582673e-05	0.000778277770648	5.38170798852e-05	3.31182030063e-05	4.13977537579e-06	0	0	8.27955075158e-05	0.0030427349012	0.000699622038508	0.00713283297248	0.00230585488431	0.000256666073299	0.000803116422903	3.72579783821e-05	0.000128333036649	4.55375291337e-05	0.000115913710522	6.20966306368e-05	0.000132472812025	3.31182030063e-05	1.24193261274e-05
0.00993132112652	6.20966306368e-05	0.0021195649924	0	0.000426396863706	0.000662364060126	0.0168695846563	0.0121957782571	0.046576612753	0.00015731146428	0.00519127832124	0.00111359957609	0.00339047603277	0.000161451239656	0.0209141451985	0.000492633269719	5.7956855261e-05	0.000484353718967	0.000211128544165	0.000302203602433	0.00303031557508	0.00297649849519	0.000202848993414	0.00399488323764	0.00089419148117	5.7956855261e-05	0.00104736317007	0.00034360135619	0.00427638796319	0.0109455660936	0.00823401322244	1.65591015032e-05	0.00248800500085	0.00185461936835	0.00666503835502	4.13977537579e-06	2.48386522547e-05	2.48386522547e-05	0	6.20966306368e-05	0	1.65591015032e-05	8.27955075158e-05	2.89784276305e-05	0.0003932786607	3.72579783821e-05	2.48386522547e-05	2.48386522547e-05	2.89784276305e-05	2.48386522547e-05	4.13977537579e-06	6.62364060126e-05	2.06988768789e-05	4.13977537579e-06	0	2.06988768789e-05	3.31182030063e-05	0.000115913710522	5.38170798852e-05	0.000318762703936	1.24193261274e-05	1.65591015032e-05	9.52148336431e-05	0.000149031913528	8.27955075158e-06	8.27955075158e-06	2.48386522547e-05	0	0	2.48386522547e-05	0.00227687645668	0.000563009451107	0.00541482619153	0.00138682475089	0.000438816189834	0.00128333036649	5.38170798852e-05	4.96773045095e-05	5.38170798852e-05	5.38170798852e-05	2.89784276305e-05	2.48386522547e-05	4.13977537579e-06	8.27955075158e-06
9.52148336431e-05	0.00100596541632	0.000182150116535	0	0.000451235515961	4.55375291337e-05	0.000335321805439	0.000948008561055	0.00015731146428	0.0173704974768	0.000182150116535	2.48386522547e-05	0.00219408094917	1.24193261274e-05	0.00018628989191	0.000563009451107	0.000153171688904	4.55375291337e-05	4.13977537579e-06	3.31182030063e-05	0.000558869675731	0.000405697986827	0.00324144411924	0.000306343377808	0.00678095206554	8.69352828916e-05	0.000252526297923	0.000534031023477	0.0043260652677	0.00062924585712	0.00127091104037	0	1.65591015032e-05	0.000505052595846	0.00100596541632	8.69352828916e-05	4.13977537579e-05	2.06988768789e-05	0	0.000960427887183	0	8.27955075158e-05	0.000645804958623	0.000128333036649	0.00499670887858	0.000211128544165	3.72579783821e-05	0.000327042254687	4.13977537579e-06	0.000149031913528	2.06988768789e-05	9.93546090189e-05	4.13977537579e-06	1.24193261274e-05	8.27955075158e-06	0.000206988768789	2.89784276305e-05	0.000273225174802	8.27955075158e-05	0.00392450705625	4.13977537579e-06	8.27955075158e-06	9.10750582673e-05	0.00152343733829	0.00015731146428	6.62364060126e-05	4.13977537579e-06	0	8.27955075158e-06	0.000178010341159	0.000964567662559	8.69352828916e-05	0.000463654842088	0.000165591015032	0.00105564272083	3.72579783821e-05	0	0.000182150116535	3.72579783821e-05	0.000215268319541	0.000115913710522	0.000124193261274	6.62364060126e-05	4.13977537579e-06
0.000654084509375	4.13977537579e-06	5.38170798852e-05	0	0.00156069531667	6.20966306368e-05	0.0117818007195	0.0061558459838	0.00519127832124	0.000182150116535	0.0271072491607	0.00042225708833	0.00756750938694	4.13977537579e-05	0.00256666073299	0.000397418436076	4.13977537579e-06	2.06988768789e-05	6.20966306368e-05	0.000149031913528	0.0090454091961	0.000132472812025	3.72579783821e-05	0.000111773935146	0.00125021216349	1.24193261274e-05	0.000269085399426	6.20966306368e-05	0.00362230345381	0.00391208773012	0.000372579783821	2.89784276305e-05	0.000331182030063	0.000782417546024	0.00402386166527	0	0	0	0	5.7956855261e-05	0	0	4.13977537579e-06	8.27955075158e-06	0.000178010341159	2.06988768789e-05	4.13977537579e-06	3.31182030063e-05	4.13977537579e-06	8.27955075158e-06	0	4.13977537579e-06	0	0	0	1.65591015032e-05	4.13977537579e-06	2.06988768789e-05	4.13977537579e-06	0.000136612587401	4.13977537579e-06	0	8.27955075158e-06	4.96773045095e-05	8.27955075158e-06	4.13977537579e-06	0	0	0	4.13977537579e-06	0.000790697096776	0.000202848993414	0.00272397219727	0.00070790158926	9.93546090189e-05	0.000310483153184	3.31182030063e-05	8.27955075158e-06	8.27955075158e-06	8.27955075158e-06	4.13977537579e-06	2.48386522547e-05	0	4.13977537579e-06
0.000327042254687	0.00015731146428	0.000335321805439	0	0.000128333036649	8.69352828916e-05	0.000662364060126	0.000778277770648	0.00111359957609	2.48386522547e-05	0.00042225708833	0.0233773115471	0.000670643610878	0.00472762347915	0.00141580317852	4.13977537579e-05	2.48386522547e-05	0.000554729900356	0.0026494562405	0.00646218936161	0.000712041364636	0.000231827421044	5.7956855261e-05	0.000521611697349	0.000244246747171	0.00133714744638	0.00911164560211	0.001949834202	0.000525751472725	0.00374649671509	0.000571289001859	0.000765858444521	0.000687202712381	0.000302203602433	0.0101300303446	0	7.03761813884e-05	1.65591015032e-05	0	8.27955075158e-06	0	0	8.27955075158e-06	0	2.89784276305e-05	0	0.000513332146598	0	0.000571289001859	0	0	4.13977537579e-06	2.89784276305e-05	6.62364060126e-05	3.72579783821e-05	0	4.13977537579e-06	1.24193261274e-05	1.65591015032e-05	2.06988768789e-05	0.000322902479311	0.000285644500929	0.00034360135619	2.89784276305e-05	4.13977537579e-06	4.13977537579e-06	0.000182150116535	0	0	3.31182030063e-05	0.0015731146428	0.00245488679784	0.0073688001689	0.000778277770648	4.13977537579e-05	0.000306343377808	0.000678923161629	2.48386522547e-05	0.000558869675731	8.69352828916e-05	8.27955075158e-06	0	0	4.13977537579e-05
0.000335321805439	4.13977537579e-06	8.27955075158e-05	0	0.0047359030299	0.000124193261274	0.013648839414	0.00180494206384	0.00339047603277	0.00219408094917	0.00756750938694	0.000670643610878	0.0343311571914	7.45159567642e-05	0.00268671421889	0.00223547870293	1.24193261274e-05	2.48386522547e-05	8.27955075158e-05	0.000206988768789	0.016480445771	0.000124193261274	2.06988768789e-05	0.00018628989191	0.00384585132411	2.48386522547e-05	0.000426396863706	0.000124193261274	0.00209472634015	0.00384999109948	0.000318762703936	2.06988768789e-05	0.000467794617464	0.000248386522547	0.00447095740585	4.13977537579e-06	0	4.13977537579e-06	0	6.20966306368e-05	4.13977537579e-06	3.72579783821e-05	8.27955075158e-06	4.13977537579e-05	0.000111773935146	0.000260805848675	1.24193261274e-05	0.000360160457694	1.24193261274e-05	2.06988768789e-05	4.13977537579e-06	0	0	0	0	0.000190429667286	0	4.13977537579e-06	4.13977537579e-06	7.865573214e-05	4.13977537579e-06	4.13977537579e-06	1.65591015032e-05	4.55375291337e-05	2.89784276305e-05	4.13977537579e-06	8.27955075158e-06	0	0	4.96773045095e-05	0.000848653952037	0.000248386522547	0.00345671243878	0.000798976647527	0.000546450349604	0.000455375291337	3.72579783821e-05	1.24193261274e-05	2.06988768789e-05	4.96773045095e-05	2.06988768789e-05	2.89784276305e-05	0	0
6.20966306368e-05	0.000248386522547	7.03761813884e-05	0	1.65591015032e-05	1.65591015032e-05	0.000120053485898	9.93546090189e-05	0.000161451239656	1.24193261274e-05	4.13977537579e-05	0.00472762347915	7.45159567642e-05	0.0174491532089	0.000190429667286	8.27955075158e-06	8.27955075158e-06	5.7956855261e-05	0.000732740241514	0.000447095740585	6.62364060126e-05	7.45159567642e-05	3.31182030063e-05	0.000115913710522	3.72579783821e-05	0.0034028953589	0.0056590729387	0.00320418614086	5.38170798852e-05	0.000488493494343	0.00010763415977	0.00304687467658	9.52148336431e-05	3.31182030063e-05	0.00110945980071	0	9.52148336431e-05	1.65591015032e-05	0	0	4.13977537579e-06	4.13977537579e-06	0	8.27955075158e-06	4.13977537579e-06	8.27955075158e-06	0.00116741665597	0	0.0015731146428	2.48386522547e-05	0	0	1.24193261274e-05	0.000169730790407	4.55375291337e-05	4.13977537579e-06	4.13977537579e-06	8.27955075158e-06	4.13977537579e-06	4.13977537579e-06	0.000948008561055	0.000608546980241	0.000732740241514	4.13977537579e-06	3.72579783821e-05	0	0.000513332146598	4.13977537579e-06	0	7.45159567642e-05	0.000335321805439	0.00134542699713	0.00138268497551	0.000430536639082	4.13977537579e-06	9.10750582673e-05	0.000724460690763	6.62364060126e-05	0.00116741665597	0.000169730790407	3.31182030063e-05	8.27955075158e-06	4.13977537579e-06	0.000149031913528
0.0116369085813	5.7956855261e-05	0.001333007671	0	0.000401558211451	0.000269085399426	0.00525337495188	0.00866454986152	0.0209141451985	0.00018628989191	0.00256666073299	0.00141580317852	0.00268671421889	0.000190429667286	0.0383508790813	0.000256666073299	6.62364060126e-05	0.000418117312955	0.000260805848675	0.000405697986827	0.00286886433542	0.00212784454316	0.000219408094917	0.00265359601588	0.000952148336431	6.20966306368e-05	0.00110118024996	0.000306343377808	0.00326214299612	0.0173166803969	0.00769170264821	2.89784276305e-05	0.00208230701402	0.00337391693127	0.00802288467828	0	1.65591015032e-05	1.24193261274e-05	0	2.89784276305e-05	0	1.24193261274e-05	5.7956855261e-05	2.48386522547e-05	0.00031462292856	2.89784276305e-05	2.89784276305e-05	2.48386522547e-05	2.06988768789e-05	2.48386522547e-05	0	2.06988768789e-05	1.65591015032e-05	4.13977537579e-06	0	1.65591015032e-05	1.65591015032e-05	7.865573214e-05	4.55375291337e-05	0.000256666073299	1.24193261274e-05	2.89784276305e-05	6.62364060126e-05	0.000111773935146	2.06988768789e-05	1.24193261274e-05	1.65591015032e-05	0	0	4.13977537579e-05	0.00179666251309	0.000509192371222	0.00505880550921	0.00114671777909	0.000248386522547	0.000803116422903	4.55375291337e-05	3.72579783821e-05	5.7956855261e-05	4.96773045095e-05	2.48386522547e-05	2.06988768789e-05	0	4.13977537579e-06
2.06988768789e-05	1.65591015032e-05	1.24193261274e-05	0	0.00010763415977	0.00103908361932	0.00305929400271	0.000339461580815	0.000492633269719	0.000563009451107	0.000397418436076	4.13977537579e-05	0.00223547870293	8.27955075158e-06	0.000256666073299	0.00738535927041	1.24193261274e-05	0	8.27955075158e-06	1.65591015032e-05	0.00034360135619	3.72579783821e-05	3.31182030063e-05	7.03761813884e-05	0.000202848993414	0	2.89784276305e-05	1.24193261274e-05	0.000273225174802	0.000364300233069	8.27955075158e-05	4.13977537579e-06	0.000128333036649	3.31182030063e-05	0.0003932786607	0	0	4.13977537579e-06	0	1.24193261274e-05	0	0	8.27955075158e-06	0	2.89784276305e-05	0	0	0	0	0	0	0	0	0	0	0	0	0	4.13977537579e-06	2.06988768789e-05	0	0	0	8.27955075158e-06	0	4.13977537579e-06	0	0	0	4.13977537579e-06	0.000596127654113	8.27955075158e-06	0.000322902479311	8.69352828916e-05	0.00327870209762	0.000103494384395	4.13977537579e-06	4.13977537579e-06	4.13977537579e-06	0	4.13977537579e-06	4.13977537579e-06	0	0
3.72579783821e-05	0.000517471921974	0.000298063827057	0	1.24193261274e-05	0	1.24193261274e-05	0.000173870565783	5.7956855261e-05	0.000153171688904	4.13977537579e-06	2.48386522547e-05	1.24193261274e-05	8.27955075158e-06	6.62364060126e-05	1.24193261274e-05	0.0154662008039	0.000115913710522	4.13977537579e-06	3.31182030063e-05	1.65591015032e-05	0.00227273668131	0.00616826530992	0.00693412375445	0.00310483153184	3.31182030063e-05	0.000219408094917	0.00183806026685	0.00242176859484	0.00015731146428	0.000331182030063	0	1.24193261274e-05	8.27955075158e-05	0.000757578893769	4.96773045095e-05	4.13977537579e-05	5.7956855261e-05	0	2.48386522547e-05	0	1.65591015032e-05	0.000318762703936	4.96773045095e-05	0.000769998219897	2.06988768789e-05	8.27955075158e-06	2.06988768789e-05	8.27955075158e-06	7.03761813884e-05	8.27955075158e-06	0.00166832947644	3.72579783821e-05	0	4.13977537579e-06	4.13977537579e-06	0.000596127654113	0.0030427349012	0.000852793727412	0.000769998219897	2.06988768789e-05	4.13977537579e-06	0.000144892138153	0.00121709396048	4.13977537579e-05	0.000227687645668	0	0	0	9.52148336431e-05	0.00174284543321	0.000546450349604	0.000712041364636	0.000219408094917	0.00010763415977	2.06988768789e-05	4.13977537579e-06	0.000169730790407	4.55375291337e-05	0.000103494384395	7.03761813884e-05	2.48386522547e-05	1.24193261274e-05	0
0.00050091282047	0.00114257800372	0.0108006739554	0	8.27955075158e-06	8.27955075158e-06	6.20966306368e-05	0.000380859334573	0.000484353718967	4.55375291337e-05	2.06988768789e-05	0.000554729900356	2.48386522547e-05	5.7956855261e-05	0.000418117312955	0	0.000115913710522	0.0244246747171	0.000111773935146	0.00315450883635	3.72579783821e-05	0.00349397041717	0.000389138885324	0.00896261368858	0.00018628989191	2.48386522547e-05	0.0083954644621	0.00375477626584	0.000778277770648	0.000583708327986	0.00253768230536	1.65591015032e-05	4.96773045095e-05	0.000248386522547	0.0058991799105	1.65591015032e-05	0.000434676414458	0.000438816189834	0	8.27955075158e-06	0	4.13977537579e-06	5.38170798852e-05	8.27955075158e-06	0.00010763415977	4.13977537579e-06	2.89784276305e-05	0	4.13977537579e-06	4.13977537579e-06	0	9.10750582673e-05	0.000244246747171	2.06988768789e-05	0.000132472812025	0	6.20966306368e-05	0.000327042254687	0.000318762703936	0.00010763415977	2.06988768789e-05	0.000269085399426	0.00105564272083	0.000111773935146	1.24193261274e-05	4.96773045095e-05	4.13977537579e-06	4.13977537579e-06	4.13977537579e-06	4.96773045095e-05	0.00315036906097	0.00167660902719	0.00272811197264	0.000637525407871	4.55375291337e-05	3.72579783821e-05	0	0.000198709218038	0.000492633269719	8.27955075158e-05	4.55375291337e-05	2.48386522547e-05	4.13977537579e-06	8.27955075158e-06
5.38170798852e-05	4.96773045095e-05	0.00010763415977	0	2.89784276305e-05	1.24193261274e-05	7.03761813884e-05	0.000115913710522	0.000211128544165	4.13977537579e-06	6.20966306368e-05	0.0026494562405	8.27955075158e-05	0.000732740241514	0.000260805848675	8.27955075158e-06	4.13977537579e-06	0.000111773935146	0.00837062580984	0.00276536995103	0.000103494384395	2.48386522547e-05	8.27955075158e-06	0.000136612587401	3.72579783821e-05	0.000310483153184	0.005915739012	0.000633385632496	5.7956855261e-05	0.000542310574228	0.000103494384395	0.000165591015032	7.03761813884e-05	5.38170798852e-05	0.00133714744638	0	3.72579783821e-05	8.27955075158e-06	0	0	0	0	4.13977537579e-06	0	4.13977537579e-06	0	0.000194569442662	0	0.000364300233069	0	0	0	1.65591015032e-05	7.45159567642e-05	2.89784276305e-05	0	4.13977537579e-06	8.27955075158e-06	1.65591015032e-05	0	0.000190429667286	0.000281504725554	0.000442955965209	0	0	0	0.000128333036649	0	0	1.24193261274e-05	0.000418117312955	0.000712041364636	0.00113429845297	0.000178010341159	1.65591015032e-05	3.72579783821e-05	2.89784276305e-05	4.13977537579e-06	0.000173870565783	3.72579783821e-05	4.13977537579e-06	0	0	1.24193261274e-05
0.000132472812025	0.000327042254687	0.00125021216349	0	3.31182030063e-05	2.06988768789e-05	0.000182150116535	0.000368440008445	0.000302203602433	3.31182030063e-05	0.000149031913528	0.00646218936161	0.000206988768789	0.000447095740585	0.000405697986827	1.65591015032e-05	3.31182030063e-05	0.00315450883635	0.00276536995103	0.022781183893	0.000252526297923	0.000409837762203	9.52148336431e-05	0.00100596541632	8.69352828916e-05	0.000248386522547	0.0167992084749	0.00283574613241	0.000360160457694	0.00104736317007	0.00047193439284	0.000161451239656	0.000124193261274	0.000198709218038	0.00680165094242	8.27955075158e-06	0.000215268319541	4.96773045095e-05	0	0	0	0	1.24193261274e-05	8.27955075158e-06	1.65591015032e-05	0	0.000140752362777	4.13977537579e-06	0.000215268319541	1.65591015032e-05	0	8.27955075158e-06	5.38170798852e-05	7.45159567642e-05	0.000111773935146	0	4.13977537579e-06	2.89784276305e-05	2.89784276305e-05	1.24193261274e-05	0.000211128544165	0.000554729900356	0.000807256198279	8.27955075158e-06	1.24193261274e-05	8.27955075158e-06	4.96773045095e-05	0	0	2.89784276305e-05	0.0024797254501	0.00268671421889	0.00387896952711	0.000670643610878	2.06988768789e-05	6.20966306368e-05	4.13977537579e-05	4.55375291337e-05	0.000136612587401	7.03761813884e-05	8.27955075158e-06	0	0	4.13977537579e-06
0.000699622038508	4.13977537579e-06	8.27955075158e-05	0	0.00755922983619	8.69352828916e-05	0.0066857372319	0.00255838118224	0.00303031557508	0.000558869675731	0.0090454091961	0.000712041364636	0.016480445771	6.62364060126e-05	0.00286886433542	0.00034360135619	1.65591015032e-05	3.72579783821e-05	0.000103494384395	0.000252526297923	0.0278068711992	0.000128333036649	2.89784276305e-05	0.000194569442662	0.00537342843777	2.89784276305e-05	0.000480213943591	0.000124193261274	0.00336977715589	0.00505466573384	0.000364300233069	2.06988768789e-05	0.000380859334573	0.00062924585712	0.00580396507685	8.27955075158e-06	0	4.13977537579e-06	0	9.10750582673e-05	0	1.24193261274e-05	8.27955075158e-06	2.48386522547e-05	0.000231827421044	2.06988768789e-05	4.13977537579e-06	4.96773045095e-05	8.27955075158e-06	2.89784276305e-05	4.13977537579e-06	0	0	0	0	2.89784276305e-05	0	4.13977537579e-06	4.13977537579e-06	0.000173870565783	4.13977537579e-06	8.27955075158e-06	8.27955075158e-06	4.55375291337e-05	1.65591015032e-05	8.27955075158e-06	4.13977537579e-06	0	0	2.06988768789e-05	0.00102252451782	0.000244246747171	0.00416047425267	0.00094386878568	0.000144892138153	0.00050091282047	8.27955075158e-06	8.27955075158e-06	8.27955075158e-06	3.72579783821e-05	2.06988768789e-05	3.31182030063e-05	0	0
0.0027363915234	0.000426396863706	0.00740191837191	0	2.48386522547e-05	1.24193261274e-05	0.000521611697349	0.00382515244723	0.00297649849519	0.000405697986827	0.000132472812025	0.000231827421044	0.000124193261274	7.45159567642e-05	0.00212784454316	3.72579783821e-05	0.00227273668131	0.00349397041717	2.48386522547e-05	0.000409837762203	0.000128333036649	0.0553736354265	0.00274881084952	0.0288128366155	0.00171386700558	3.31182030063e-05	0.00192499554974	0.00156069531667	0.0118604564516	0.00649116778924	0.0232489785104	4.13977537579e-06	8.69352828916e-05	0.00397832413613	0.00867282941228	9.10750582673e-05	9.10750582673e-05	0.000178010341159	0	4.55375291337e-05	0	2.06988768789e-05	0.00055059012498	0.000115913710522	0.00132058834488	3.72579783821e-05	4.13977537579e-06	3.31182030063e-05	0	0.000140752362777	8.27955075158e-06	0.00109704047458	7.03761813884e-05	4.13977537579e-06	2.06988768789e-05	8.27955075158e-06	0.00042225708833	0.00251698342848	0.000509192371222	0.00115499732984	1.24193261274e-05	4.13977537579e-05	0.000413977537579	0.00150273846141	6.20966306368e-05	0.000389138885324	0	0	8.27955075158e-06	0.000178010341159	0.00601509362102	0.00181736138997	0.00550176147442	0.0015896737443	0.000298063827057	0.000206988768789	2.06988768789e-05	0.000331182030063	0.000144892138153	0.000227687645668	0.000124193261274	6.20966306368e-05	2.48386522547e-05	0
0.00015731146428	0.00431364594157	0.00197053307888	0	8.27955075158e-06	0	5.7956855261e-05	0.000405697986827	0.000202848993414	0.00324144411924	3.72579783821e-05	5.7956855261e-05	2.06988768789e-05	3.31182030063e-05	0.000219408094917	3.31182030063e-05	0.00616826530992	0.000389138885324	8.27955075158e-06	9.52148336431e-05	2.89784276305e-05	0.00274881084952	0.0292061152762	0.00648288823848	0.00558455698194	0.000231827421044	0.000774137995272	0.0069424033052	0.0034360135619	0.00055059012498	0.00149445891066	0	1.24193261274e-05	0.00055059012498	0.00159795329505	0.000144892138153	0.000223547870293	0.000293924051681	0	7.865573214e-05	0	3.72579783821e-05	0.000877632379667	0.000132472812025	0.00313794973485	4.96773045095e-05	3.31182030063e-05	8.27955075158e-05	2.89784276305e-05	0.000165591015032	1.24193261274e-05	0.00465310752239	8.69352828916e-05	1.24193261274e-05	4.96773045095e-05	8.27955075158e-06	0.00122123373586	0.0101134712431	0.00272397219727	0.00262047781287	4.13977537579e-05	3.72579783821e-05	0.00168488857795	0.00275709040027	0.00010763415977	0.000571289001859	0	0	1.24193261274e-05	0.000364300233069	0.00205746836177	0.000683062937005	0.000902471031922	0.000277364950178	0.000169730790407	3.72579783821e-05	4.13977537579e-06	0.000484353718967	0.000153171688904	0.000277364950178	9.52148336431e-05	4.96773045095e-05	1.24193261274e-05	8.27955075158e-06
0.003282841873	0.000906610807298	0.0229426351326	0	4.96773045095e-05	4.55375291337e-05	0.000741019792266	0.0040859582959	0.00399488323764	0.000306343377808	0.000111773935146	0.000521611697349	0.00018628989191	0.000115913710522	0.00265359601588	7.03761813884e-05	0.00693412375445	0.00896261368858	0.000136612587401	0.00100596541632	0.000194569442662	0.0288128366155	0.00648288823848	0.0775669712161	0.00166418970107	4.55375291337e-05	0.00380859334573	0.0114009413849	0.00886325907956	0.00358504547543	0.0141911499882	8.27955075158e-06	0.000124193261274	0.00135370654788	0.00978642898836	5.38170798852e-05	0.000256666073299	0.000463654842088	0	2.06988768789e-05	0	2.06988768789e-05	0.000484353718967	8.69352828916e-05	0.000749299343018	4.13977537579e-05	2.48386522547e-05	4.55375291337e-05	0	0.000115913710522	8.27955075158e-06	0.00452063471036	0.000202848993414	8.27955075158e-06	5.38170798852e-05	8.27955075158e-06	0.00118397575748	0.00712869319711	0.00392864683162	0.00110532002534	1.65591015032e-05	0.00010763415977	0.00156069531667	0.0015565555413	7.03761813884e-05	0.000397418436076	0	4.13977537579e-06	8.27955075158e-06	0.00031462292856	0.0153254484412	0.00413149582504	0.00924411841413	0.00256252095761	0.000467794617464	0.000273225174802	8.27955075158e-05	0.000798976647527	0.000401558211451	0.000405697986827	0.000285644500929	0.000124193261274	3.31182030063e-05	1.24193261274e-05
0.000409837762203	0.000861073278164	0.000538170798852	0	0.00672713498566	2.48386522547e-05	0.00107220182233	0.00248386522547	0.00089419148117	0.00678095206554	0.00125021216349	0.000244246747171	0.00384585132411	3.72579783821e-05	0.000952148336431	0.000202848993414	0.00310483153184	0.00018628989191	3.72579783821e-05	8.69352828916e-05	0.00537342843777	0.00171386700558	0.00558455698194	0.00166418970107	0.0381894278416	5.7956855261e-05	0.000442955965209	0.000807256198279	0.0147582992147	0.00260391871137	0.00283988590779	1.24193261274e-05	0.000103494384395	0.00116741665597	0.0040528400929	0.000169730790407	4.13977537579e-05	3.72579783821e-05	0	0.000703761813884	4.13977537579e-06	9.52148336431e-05	0.00122123373586	0.000215268319541	0.00503810663233	0.000206988768789	2.89784276305e-05	0.000368440008445	1.65591015032e-05	0.00026494562405	3.72579783821e-05	0.000269085399426	3.72579783821e-05	1.24193261274e-05	1.24193261274e-05	0.000103494384395	0.000103494384395	0.000939729010304	0.000165591015032	0.00505466573384	1.65591015032e-05	8.27955075158e-06	0.000132472812025	0.00271155287114	0.00018628989191	0.000194569442662	0	0	1.65591015032e-05	0.000219408094917	0.0023596719642	0.000542310574228	0.00244660724709	0.000749299343018	0.000616826530992	0.000169730790407	4.13977537579e-06	0.000364300233069	4.55375291337e-05	0.000335321805439	0.000173870565783	0.00015731146428	6.62364060126e-05	8.27955075158e-06
1.24193261274e-05	0.00130816901875	3.72579783821e-05	0	4.13977537579e-06	0	2.48386522547e-05	4.13977537579e-05	5.7956855261e-05	8.69352828916e-05	1.24193261274e-05	0.00133714744638	2.48386522547e-05	0.0034028953589	6.20966306368e-05	0	3.31182030063e-05	2.48386522547e-05	0.000310483153184	0.000248386522547	2.89784276305e-05	3.31182030063e-05	0.000231827421044	4.55375291337e-05	5.7956855261e-05	0.00862315210777	0.00263703691438	0.00248800500085	6.20966306368e-05	0.000169730790407	4.13977537579e-05	0.000273225174802	3.31182030063e-05	1.65591015032e-05	0.000409837762203	0	0.000198709218038	2.06988768789e-05	0	0	4.13977537579e-06	0	0	1.24193261274e-05	0	0	0.000794836872151	0	0.0010597824962	1.24193261274e-05	0	0	1.65591015032e-05	8.27955075158e-05	7.03761813884e-05	0	0	4.13977537579e-06	8.27955075158e-06	0	0.00151929756291	0.000525751472725	0.000910750582673	0	1.65591015032e-05	0	0.000248386522547	4.13977537579e-06	0	5.7956855261e-05	0.000132472812025	0.000567149226483	0.000488493494343	0.000169730790407	8.27955075158e-06	3.72579783821e-05	0.000447095740585	2.89784276305e-05	0.000509192371222	0.000120053485898	2.06988768789e-05	4.13977537579e-06	4.13977537579e-06	0.000111773935146
0.00057956855261	0.00461998931938	0.0106599215927	0	6.62364060126e-05	3.72579783821e-05	0.000451235515961	0.000948008561055	0.00104736317007	0.000252526297923	0.000269085399426	0.00911164560211	0.000426396863706	0.0056590729387	0.00110118024996	2.89784276305e-05	0.000219408094917	0.0083954644621	0.005915739012	0.0167992084749	0.000480213943591	0.00192499554974	0.000774137995272	0.00380859334573	0.000442955965209	0.00263703691438	0.0885580748389	0.0318845499443	0.00108462114846	0.00231827421044	0.00200779105726	0.00303031557508	0.000306343377808	0.000409837762203	0.0113222856528	3.72579783821e-05	0.00440886077521	0.00113843822834	0	8.27955075158e-06	0	4.13977537579e-06	8.27955075158e-05	6.20966306368e-05	0.000144892138153	1.65591015032e-05	0.00197053307888	2.89784276305e-05	0.00263703691438	8.27955075158e-05	0	0.000115913710522	0.00111359957609	0.000836234625909	0.00180494206384	8.27955075158e-06	0.000115913710522	0.000339461580815	0.000347741131566	0.000136612587401	0.00258735960987	0.00685960779768	0.0108296523831	0.000124193261274	5.38170798852e-05	4.96773045095e-05	0.000695482263132	0	0	0.000612686755617	0.0069589624067	0.0081222392873	0.00751783208243	0.00136198609863	7.03761813884e-05	0.000140752362777	0.000128333036649	0.000670643610878	0.00259149938524	0.000699622038508	0.000153171688904	2.06988768789e-05	4.13977537579e-06	0.000111773935146
0.000248386522547	0.0108669103614	0.0123116919676	0	1.65591015032e-05	8.27955075158e-06	0.00015731146428	0.000438816189834	0.00034360135619	0.000534031023477	6.20966306368e-05	0.001949834202	0.000124193261274	0.00320418614086	0.000306343377808	1.24193261274e-05	0.00183806026685	0.00375477626584	0.000633385632496	0.00283574613241	0.000124193261274	0.00156069531667	0.0069424033052	0.0114009413849	0.000807256198279	0.00248800500085	0.0318845499443	0.0820462081727	0.00110118024996	0.000823815299782	0.00109704047458	0.000890051705794	7.865573214e-05	0.000269085399426	0.00455375291337	3.72579783821e-05	0.00538998753928	0.001982952405	0	2.48386522547e-05	0	1.65591015032e-05	0.000227687645668	8.27955075158e-05	0.000211128544165	2.89784276305e-05	0.00089419148117	2.48386522547e-05	0.00114671777909	8.27955075158e-05	4.13977537579e-06	0.0022561775798	0.00117155643135	0.000384999109948	0.00128333036649	4.13977537579e-06	0.00042225708833	0.00457031201487	0.002632897139	0.000289784276305	0.00150687823679	0.00402800144064	0.0105108896791	0.000310483153184	6.62364060126e-05	0.000165591015032	0.00026494562405	4.13977537579e-06	0	0.000683062937005	0.00899987166696	0.00577498664922	0.00354364772167	0.000724460690763	0.000103494384395	5.7956855261e-05	4.55375291337e-05	0.00102252451782	0.0018628989191	0.000666503835502	0.000223547870293	4.13977537579e-05	0	7.03761813884e-05
0.00229757533356	0.000451235515961	0.00311725085797	0	0.00364714210607	9.10750582673e-05	0.00290198253843	0.0234766661561	0.00427638796319	0.0043260652677	0.00362230345381	0.000525751472725	0.00209472634015	5.38170798852e-05	0.00326214299612	0.000273225174802	0.00242176859484	0.000778277770648	5.7956855261e-05	0.000360160457694	0.00336977715589	0.0118604564516	0.0034360135619	0.00886325907956	0.0147582992147	6.20966306368e-05	0.00108462114846	0.00110118024996	0.0683973687588	0.00845756109274	0.0165839401554	1.65591015032e-05	0.000310483153184	0.00493875202332	0.0108669103614	0.000248386522547	6.62364060126e-05	9.52148336431e-05	0	0.00277364950178	4.13977537579e-06	0.000277364950178	0.00147789980916	0.000451235515961	0.00777035838035	0.000890051705794	4.13977537579e-05	0.000910750582673	1.24193261274e-05	0.000492633269719	5.38170798852e-05	0.00065822428475	4.96773045095e-05	8.27955075158e-06	1.24193261274e-05	0.000881772155043	0.000227687645668	0.00182564094072	0.000331182030063	0.00692170442832	1.24193261274e-05	4.13977537579e-05	0.000231827421044	0.00445853807972	0.000331182030063	0.000360160457694	0	0	1.24193261274e-05	0.000380859334573	0.00590745946125	0.00127919059112	0.00662364060126	0.00231413443507	0.000670643610878	0.000600267429489	1.65591015032e-05	0.000637525407871	9.93546090189e-05	0.000447095740585	0.000190429667286	0.000310483153184	9.93546090189e-05	0
0.00934347302315	0.000136612587401	0.00176768408546	0	0.0007865573214	0.000633385632496	0.00567977181558	0.0127049706283	0.0109455660936	0.00062924585712	0.00391208773012	0.00374649671509	0.00384999109948	0.000488493494343	0.0173166803969	0.000364300233069	0.00015731146428	0.000583708327986	0.000542310574228	0.00104736317007	0.00505466573384	0.00649116778924	0.00055059012498	0.00358504547543	0.00260391871137	0.000169730790407	0.00231827421044	0.000823815299782	0.00845756109274	0.0548106259754	0.0171138314035	0.000140752362777	0.00395762525925	0.0153544268688	0.026780206906	1.24193261274e-05	3.72579783821e-05	3.31182030063e-05	0	0.000120053485898	0	2.89784276305e-05	0.000190429667286	6.62364060126e-05	0.00101010519169	5.7956855261e-05	5.7956855261e-05	4.96773045095e-05	7.03761813884e-05	7.03761813884e-05	1.24193261274e-05	4.13977537579e-05	2.06988768789e-05	1.65591015032e-05	8.27955075158e-06	2.06988768789e-05	2.48386522547e-05	0.000124193261274	9.52148336431e-05	0.00081553574903	4.13977537579e-05	4.55375291337e-05	0.000161451239656	0.000327042254687	6.62364060126e-05	3.31182030063e-05	3.72579783821e-05	0	0	7.45159567642e-05	0.00490977359568	0.00127919059112	0.0157352862034	0.00423499020943	0.000442955965209	0.00266187556663	0.000115913710522	0.000115913710522	9.52148336431e-05	0.000132472812025	5.7956855261e-05	4.55375291337e-05	8.27955075158e-06	2.06988768789e-05
0.0103163202365	0.000310483153184	0.00660708149976	0	7.865573214e-05	5.7956855261e-05	0.00127091104037	0.0137647531245	0.00823401322244	0.00127091104037	0.000372579783821	0.000571289001859	0.000318762703936	0.00010763415977	0.00769170264821	8.27955075158e-05	0.000331182030063	0.00253768230536	0.000103494384395	0.00047193439284	0.000364300233069	0.0232489785104	0.00149445891066	0.0141911499882	0.00283988590779	4.13977537579e-05	0.00200779105726	0.00109704047458	0.0165839401554	0.0171138314035	0.0577498664922	8.27955075158e-06	0.000248386522547	0.0105150294545	0.0150646425925	0.000103494384395	7.03761813884e-05	0.000132472812025	0	0.000136612587401	0	4.96773045095e-05	0.000703761813884	0.000161451239656	0.00252112320385	6.62364060126e-05	2.89784276305e-05	9.10750582673e-05	0	0.00015731146428	4.13977537579e-06	0.000269085399426	4.13977537579e-05	1.24193261274e-05	3.31182030063e-05	1.24193261274e-05	0.000103494384395	0.000670643610878	0.000227687645668	0.00185875914373	4.13977537579e-06	5.38170798852e-05	0.000318762703936	0.00125435193886	0.00010763415977	0.000173870565783	0	0	8.27955075158e-06	0.000169730790407	0.00579982530148	0.00135370654788	0.00817191659181	0.00280676770478	0.000331182030063	0.000513332146598	4.13977537579e-05	0.000289784276305	0.000111773935146	0.000198709218038	9.52148336431e-05	9.10750582673e-05	2.89784276305e-05	8.27955075158e-06
