0.014369962344	7.78016369464e-06	0.000147823110198	0	0.000120592537267	0	3.11206547786e-05	0.00679597298727	0.00250132262783	0.000252855320076	0.000704104814365	5.44611458625e-05	7.78016369464e-06	3.89008184732e-06	0.00695935642486	0	7.78016369464e-06	0.00172719634021	7.78016369464e-06	0.00059518252264	0.00011670245542	0.00027619581116	4.66809821679e-05	9.33619643357e-05	0.000353997448106	0	0.00110478324464	0.000260635483771	0.0008713783338	0.00525550057573	0.00657423832197	0	0	3.89008184732e-06	0.002828089503	6.22413095572e-05	1.55603273893e-05	1.94504092366e-05	0	1.1670245542e-05	0	3.50107366259e-05	0.000466809821679	4.66809821679e-05	0.000443469330595	4.66809821679e-05	7.78016369464e-05	2.72305729313e-05	0	0.000136152864656	0	7.78016369464e-06	0.00037733793919	3.89008184732e-06	0.000132262782809	3.11206547786e-05	2.33404910839e-05	1.55603273893e-05	0.00039289826658	0.000466809821679	0	0.000466809821679	0.000140042946504	0.000509600721999	6.22413095572e-05	0.000155603273893	0	0	0	6.22413095572e-05	0.000245075156381	4.27909003205e-05	0.00168829552174	0.000202284256061	0	0	0	0.00021784458345	1.94504092366e-05	0.000120592537267	0	6.22413095572e-05	9.72520461831e-05	0
7.78016369464e-06	0.0228931316715	0.000964740298136	0	0	0	0	7.78016369464e-06	1.1670245542e-05	0.00280863909377	1.1670245542e-05	5.05710640152e-05	1.94504092366e-05	0.000175053683129	7.78016369464e-06	0	0.000696324650671	0.000408458593969	0	9.72520461831e-05	3.89008184732e-06	2.33404910839e-05	0.00452805527028	7.39115550991e-05	0.00138875921949	0.00144322036536	0.000579622195251	0.01783602527	2.33404910839e-05	0.000155603273893	6.61313914045e-05	0	0	8.16917187938e-05	0.000178943764977	1.1670245542e-05	0.0132807394268	0.000291756138549	0	1.1670245542e-05	3.89008184732e-06	3.89008184732e-06	1.1670245542e-05	7.78016369464e-06	7.39115550991e-05	3.89008184732e-06	3.89008184732e-06	8.55818006411e-05	1.1670245542e-05	5.05710640152e-05	7.78016369464e-06	0.000439579248747	0.000120592537267	7.78016369464e-06	1.94504092366e-05	8.94718824884e-05	0	0.00037733793919	3.11206547786e-05	0.000303426384091	0.000330656957022	0.000575732113404	0.0139965144867	9.33619643357e-05	0	3.89008184732e-06	7.78016369464e-06	0	0	0.000128372700962	0.000785796533159	0.000809137024243	5.44611458625e-05	0	3.11206547786e-05	0	8.55818006411e-05	0.000171163601282	0.000124482619114	0.00011670245542	0	3.89008184732e-06	3.89008184732e-06	0
0.000147823110198	0.000964740298136	0.0402506768742	0	7.78016369464e-06	0	0.000233404910839	0.00127594684592	0.000346217284412	0.000132262782809	0.000490150312763	4.66809821679e-05	6.61313914045e-05	3.89008184732e-05	0.000280085893007	0	0.000221734665297	0.00846481809977	0	7.78016369464e-05	2.33404910839e-05	0.00107755267171	0.00055239162232	0.0114368406311	0.000295646220396	1.94504092366e-05	0.00890828743037	0.0169451965269	0.00140820962873	0.000221734665297	0.0018166682227	0	0	6.22413095572e-05	0.00100364111661	0	0.00304204400461	0.0111567547381	0	0	3.89008184732e-06	0	1.55603273893e-05	3.89008184732e-06	2.72305729313e-05	0	1.55603273893e-05	3.89008184732e-06	0	3.89008184732e-06	3.89008184732e-06	0.000369557775496	0.000921949397815	7.78016369464e-06	0.000283975974855	3.89008184732e-06	1.1670245542e-05	0.000797466778701	0.00301870351352	3.89008184732e-05	3.89008184732e-06	0.00272694737497	0.00844925777238	3.89008184732e-05	0	0	0	0	0	5.44611458625e-05	0.00246242180935	0.000937509725205	0.00143155011981	0.00108144275356	2.72305729313e-05	3.89008184732e-06	1.1670245542e-05	0.000198394174213	0.00146267077459	0.00011670245542	1.55603273893e-05	7.78016369464e-06	0	1.55603273893e-05
0	0	0	0	0	0	0	0	0	0	0	0	0	0	0	0	0	0	0	0	0	0	0	0	0	0	0	0	0	0	0	0	0	0	0	0	0	0	0	0	0	0	0	0	0	0	0	0	0	0	0	0	0	0	0	0	0	0	0	0	0	0	0	0	0	0	0	0	0	0	0	0	0	0	0	0	0	0	0	0	0	0	0	0
0.000120592537267	0	7.78016369464e-06	0	0.0232004481374	1.55603273893e-05	0.000447359412442	0.000210064419755	0.000206174337908	0.000886938661189	0.00322098776958	0.000591292440793	0.00332601997946	5.83512277098e-05	0.000307316465938	0.000229514828992	0	3.89008184732e-06	0.000105032209878	0.000143933028351	0.0107677465534	5.44611458625e-05	3.89008184732e-06	7.78016369464e-06	0.0128372700962	7.78016369464e-06	0.000692434568823	2.72305729313e-05	0.0102386954222	0.00161827404849	0.000225624747145	0	3.89008184732e-06	1.1670245542e-05	0.0020306227243	3.89008184732e-06	0	0	0	0.0037811595556	0	7.78016369464e-05	5.05710640152e-05	3.50107366259e-05	0.00348940341705	0.000840257679022	1.94504092366e-05	0.000198394174213	0	1.55603273893e-05	0	0	0	3.89008184732e-06	0	0.002318488781	0	1.55603273893e-05	0	0.00443469330595	0	3.89008184732e-06	1.55603273893e-05	0.00294868204027	3.89008184732e-06	3.89008184732e-06	0	0	0	2.33404910839e-05	0.000283975974855	0	0.00147823110198	0.000105032209878	0.00015949335574	0	0	0	3.89008184732e-06	1.94504092366e-05	0	0	1.1670245542e-05	0
0	0	0	0	1.55603273893e-05	0.00846870818162	0.00418572806772	0.000108922291725	0.001528802166	0.000136152864656	0.000389008184732	0.000404568512121	0.000206174337908	0.000661313914045	0.000396788348427	0.00221345657113	0	0	1.94504092366e-05	0	5.05710640152e-05	1.55603273893e-05	0	7.78016369464e-06	0.00011670245542	0	3.11206547786e-05	0	0.000213954501603	0.000462919739831	3.11206547786e-05	0	0.00155992282078	2.72305729313e-05	0.00219789624374	0	0	3.89008184732e-06	0	7.78016369464e-06	0	3.11206547786e-05	5.05710640152e-05	2.33404910839e-05	1.1670245542e-05	3.50107366259e-05	4.27909003205e-05	3.89008184732e-06	2.33404910839e-05	2.33404910839e-05	0	0	3.89008184732e-06	0	0	3.89008184732e-06	0	0	1.1670245542e-05	4.66809821679e-05	2.33404910839e-05	7.78016369464e-06	0	1.94504092366e-05	7.78016369464e-06	1.55603273893e-05	3.89008184732e-06	0	0	3.89008184732e-06	0.000894718824884	3.89008184732e-05	0.00164939470326	0.000451249494289	0.00224846730775	0.000735225469144	1.1670245542e-05	3.50107366259e-05	0	1.1670245542e-05	0	3.89008184732e-06	4.27909003205e-05	0
3.11206547786e-05	0	0.000233404910839	0	0.000447359412442	0.00418572806772	0.0380839012853	0.00443469330595	0.0126972271497	0.000248965238229	0.0152919117418	0.00184778887748	0.00830921482588	0.00103865185323	0.00289422089441	0.00338048112532	0	8.16917187938e-05	0.000299536302244	0.000132262782809	0.00161827404849	0.000525161049388	1.1670245542e-05	0.000163383437588	0.000875268415647	0	0.00162605421218	0.000105032209878	0.00479647091775	0.00454750567952	0.00197227149659	0	0.000206174337908	0.000299536302244	0.00346995300781	4.27909003205e-05	1.1670245542e-05	1.55603273893e-05	0	9.72520461831e-05	0	0.000287866056702	0.00033454703887	0.000143933028351	0.000303426384091	0.00098808078922	4.66809821679e-05	0.00011670245542	0	0.00011670245542	0	3.89008184732e-06	3.89008184732e-06	0	3.89008184732e-06	0.000665203995892	7.78016369464e-05	2.33404910839e-05	9.72520461831e-05	0.00102698160769	0	1.94504092366e-05	0.00010114212803	0.000443469330595	1.1670245542e-05	4.27909003205e-05	0	0	0	4.27909003205e-05	0.00125649643669	6.22413095572e-05	0.00269582672019	0.00061074285003	0.00343494227119	0.000256745401923	0	8.16917187938e-05	1.1670245542e-05	0.00010114212803	3.89008184732e-06	7.78016369464e-06	4.66809821679e-05	0
0.00679597298727	7.78016369464e-06	0.00127594684592	0	0.000210064419755	0.000108922291725	0.00443469330595	0.0451560700837	0.0092972956151	0.00109700308094	0.0119970124171	0.0004356891669	0.000140042946504	0.000291756138549	0.00956182118072	5.44611458625e-05	2.33404910839e-05	0.0024740920549	6.61313914045e-05	0.000762456042075	0.000925839479663	0.00229903837177	5.05710640152e-05	0.00135374848287	0.00225624747145	1.94504092366e-05	0.00192559051442	0.000602962686335	0.0175520492951	0.00652755733981	0.0148990134752	0	1.1670245542e-05	0.00201117231507	0.00606074751813	0.000151713192046	7.39115550991e-05	0.000124482619114	0	4.27909003205e-05	0	0.000225624747145	0.000295646220396	0.000155603273893	0.00150546167491	0.000466809821679	4.27909003205e-05	7.78016369464e-05	3.89008184732e-06	0.000175053683129	0	2.72305729313e-05	0.000455139576137	1.1670245542e-05	0.000128372700962	9.33619643357e-05	0.000128372700962	5.44611458625e-05	0.000696324650671	0.00198394174213	1.1670245542e-05	0.000560171786014	0.000544611458625	0.000540721376778	6.61313914045e-05	4.66809821679e-05	0	0	0	5.83512277098e-05	0.00134985840102	0.000190614010519	0.00597127563564	0.00142376995612	3.50107366259e-05	1.55603273893e-05	0	0.00031898671148	6.22413095572e-05	9.72520461831e-05	0	1.94504092366e-05	9.33619643357e-05	0
0.00250132262783	1.1670245542e-05	0.000346217284412	0	0.000206174337908	0.001528802166	0.0126972271497	0.0092972956151	0.0458679550618	0.00100753119846	0.0116352348053	0.00351663398998	0.000774126287617	0.00121759561821	0.0224496623409	0.000676874241434	7.78016369464e-06	0.000836367597174	0.000583512277098	0.00245464164566	0.000412348675816	0.000509600721999	0.00011670245542	0.000175053683129	0.0016027137211	7.78016369464e-06	0.00315874646003	0.000474589985373	0.00423629913173	0.0140470855507	0.00652366725796	0	0.000793576696854	0.000190614010519	0.00974465502754	0.000194504092366	3.11206547786e-05	7.00214732518e-05	0	5.44611458625e-05	3.89008184732e-06	0.000124482619114	0.00118647496343	0.000213954501603	0.000972520461831	0.000132262782809	0.000213954501603	0.000128372700962	0	0.000525161049388	0	2.33404910839e-05	0.000136152864656	2.33404910839e-05	4.27909003205e-05	0.000132262782809	0.000112812373572	3.89008184732e-05	0.000548501540472	0.000875268415647	0	0.000206174337908	0.000171163601282	0.00116313447235	0.000252855320076	0.000272305729313	0	0	0	0.000186723928671	0.00241185074534	7.39115550991e-05	0.00748451747425	0.0013809790558	0.0013731988921	0.000108922291725	0	0.000529051131236	2.72305729313e-05	0.000338437120717	4.66809821679e-05	0.00010114212803	0.000357887529954	0
0.000252855320076	0.00280863909377	0.000132262782809	0	0.000886938661189	0.000136152864656	0.000248965238229	0.00109700308094	0.00100753119846	0.0348123424517	5.83512277098e-05	7.39115550991e-05	0.00105032209878	3.89008184732e-05	0.00136541872841	0.000999751034762	0.000665203995892	0.000287866056702	1.1670245542e-05	0.000108922291725	0.000287866056702	0.00294090187658	0.00930507577879	0.0017427566676	0.0127205676407	0.000260635483771	0.000287866056702	0.00163383437588	0.00708772912582	0.00332601997946	0.0055900476146	0	0	0.00127594684592	0.00237294992687	0.000466809821679	0.000338437120717	3.89008184732e-06	0	0.000268415647465	0	5.05710640152e-05	0.002038402888	0.000186723928671	0.0116041141506	0.000221734665297	4.27909003205e-05	7.39115550991e-05	0	0.000466809821679	1.1670245542e-05	0.00289811097625	3.50107366259e-05	7.78016369464e-06	3.11206547786e-05	4.66809821679e-05	9.72520461831e-05	0.00386674135624	0.00139264930134	0.00946067905269	3.50107366259e-05	0.000140042946504	0.000665203995892	0.00439579248747	0.000245075156381	0.000280085893007	0	0	7.78016369464e-06	0.00010114212803	0.00353608439922	8.16917187938e-05	0.000451249494289	0.000147823110198	0.0023262689447	0	0	0.0010114212803	0.000381228021038	0.000120592537267	0	4.66809821679e-05	0.000120592537267	0
0.000704104814365	1.1670245542e-05	0.000490150312763	0	0.00322098776958	0.000389008184732	0.0152919117418	0.0119970124171	0.0116352348053	5.83512277098e-05	0.0633811035384	0.0042168487225	0.00985357731927	0.00101531136215	0.00686988454237	0.00055239162232	3.89008184732e-06	0.000291756138549	0.000743005632839	0.00336103071609	0.0121837363458	0.00133818815548	3.89008184732e-05	0.000447359412442	0.00269582672019	7.00214732518e-05	0.00447359412442	0.000280085893007	0.0175598294588	0.0154514050976	0.00311984564155	3.89008184732e-06	0.00010114212803	0.000719665141755	0.013681417857	7.78016369464e-06	3.89008184732e-05	7.78016369464e-06	0	0.000894718824884	0	0.000567951949709	0.000264525565618	0.00010114212803	0.000140042946504	0.00374614881897	7.78016369464e-05	0.000295646220396	7.78016369464e-06	0.000105032209878	0	7.78016369464e-06	7.78016369464e-06	1.55603273893e-05	7.78016369464e-06	0.00350885382628	7.78016369464e-06	1.94504092366e-05	4.27909003205e-05	0.00238462017241	3.50107366259e-05	7.78016369464e-05	0.000245075156381	0.000684654405129	7.78016369464e-06	2.72305729313e-05	0	0	0	7.00214732518e-05	0.00248965238229	0.000120592537267	0.0096590732269	0.00122926586375	0.000879158497495	3.89008184732e-06	1.1670245542e-05	7.78016369464e-05	1.55603273893e-05	0.000140042946504	3.89008184732e-06	2.72305729313e-05	8.55818006411e-05	0
5.44611458625e-05	5.05710640152e-05	4.66809821679e-05	0	0.000591292440793	0.000404568512121	0.00184778887748	0.0004356891669	0.00351663398998	7.39115550991e-05	0.0042168487225	0.0288605172253	0.00460585690723	0.00881881554788	0.00341549186195	5.44611458625e-05	0	0.00037733793919	0.00281252917561	0.00633694332929	0.00185167895933	0.00015949335574	3.89008184732e-06	3.50107366259e-05	0.000202284256061	0.000462919739831	0.0122615379828	0.000287866056702	0.0010114212803	0.0131406964803	0.000447359412442	1.55603273893e-05	0.00134207823733	4.27909003205e-05	0.0174664674945	7.78016369464e-06	5.05710640152e-05	7.78016369464e-06	0	1.1670245542e-05	0	2.72305729313e-05	3.50107366259e-05	3.89008184732e-06	2.72305729313e-05	4.66809821679e-05	0.00115535430865	1.55603273893e-05	0.00158715339371	5.83512277098e-05	0	0	3.89008184732e-06	2.33404910839e-05	7.78016369464e-06	2.33404910839e-05	0	0	0	9.72520461831e-05	0.00105421218062	0.00015949335574	0.000143933028351	4.66809821679e-05	4.66809821679e-05	7.78016369464e-06	0.000474589985373	3.89008184732e-06	0	3.11206547786e-05	0.000171163601282	0.00267248622911	0.00816528179753	0.000120592537267	5.44611458625e-05	7.78016369464e-06	0.000248965238229	2.33404910839e-05	0.000353997448106	3.50107366259e-05	0	0	2.72305729313e-05	5.05710640152e-05
7.78016369464e-06	1.94504092366e-05	6.61313914045e-05	0	0.00332601997946	0.000206174337908	0.00830921482588	0.000140042946504	0.000774126287617	0.00105032209878	0.00985357731927	0.00460585690723	0.0373292254069	0.000190614010519	0.00167273519435	0.00263358541064	0	3.50107366259e-05	0.000307316465938	0.000851927924564	0.0121137148726	8.16917187938e-05	1.1670245542e-05	5.44611458625e-05	0.00138875921949	0.000124482619114	0.00501820558305	0.00015949335574	0.00310817539601	0.00698269691594	0.000186723928671	3.89008184732e-06	1.1670245542e-05	5.05710640152e-05	0.00779961410388	1.94504092366e-05	7.39115550991e-05	0	0	0.000369557775496	0	0.000797466778701	2.72305729313e-05	0.000785796533159	0.000147823110198	0.000303426384091	0.000396788348427	0.0033454703887	2.72305729313e-05	0.000707994896213	0	0	1.1670245542e-05	0.000147823110198	0.000136152864656	0.00180110789531	0	7.78016369464e-06	3.89008184732e-06	0.000307316465938	5.83512277098e-05	0.00011670245542	0.000124482619114	0.000128372700962	2.33404910839e-05	3.89008184732e-06	0	0	0	0.000369557775496	0.000350107366259	7.00214732518e-05	0.00483537173622	7.39115550991e-05	0.00208119378832	0	2.33404910839e-05	0.000136152864656	2.33404910839e-05	0.000525161049388	0	5.83512277098e-05	5.83512277098e-05	0
3.89008184732e-06	0.000175053683129	3.89008184732e-05	0	5.83512277098e-05	0.000661313914045	0.00103865185323	0.000291756138549	0.00121759561821	3.89008184732e-05	0.00101531136215	0.00881881554788	0.000190614010519	0.0224068714406	0.00154047241154	3.89008184732e-05	0	2.33404910839e-05	0.00075467587838	0.000202284256061	3.50107366259e-05	0.00015949335574	7.78016369464e-06	5.05710640152e-05	0.000120592537267	0.00495985435534	0.00410403634892	0.0042907602776	0.000424018921358	0.00352441415367	0.000311206547786	0.000567951949709	0.0013809790558	1.94504092366e-05	0.00516602869324	0	9.72520461831e-05	0	0	1.1670245542e-05	1.1670245542e-05	3.89008184732e-05	1.94504092366e-05	0.000369557775496	1.94504092366e-05	2.33404910839e-05	0.00256745401923	7.78016369464e-06	0.0061074285003	0.000389008184732	3.89008184732e-06	0	3.89008184732e-06	0.000108922291725	2.72305729313e-05	1.94504092366e-05	0	3.89008184732e-06	0	4.66809821679e-05	0.00397566364796	0.00147823110198	0.00257912426477	2.33404910839e-05	1.1670245542e-05	3.89008184732e-06	0.00158326331186	7.78016369464e-06	0	5.05710640152e-05	0.00011670245542	0.00253633336445	0.00338437120717	0.000883048579342	6.22413095572e-05	1.55603273893e-05	0.000781906451312	1.1670245542e-05	0.000455139576137	0.000303426384091	3.89008184732e-05	0	0.00031898671148	0.000256745401923
0.00695935642486	7.78016369464e-06	0.000280085893007	0	0.000307316465938	0.000396788348427	0.00289422089441	0.00956182118072	0.0224496623409	0.00136541872841	0.00686988454237	0.00341549186195	0.00167273519435	0.00154047241154	0.0413943609374	0.000128372700962	3.50107366259e-05	0.00162605421218	0.000669094077739	0.00191781035073	0.000626303177419	0.000933619643357	0.000108922291725	0.00021784458345	0.00208897395201	3.89008184732e-06	0.00278529860268	0.000342327202564	0.00396010332057	0.0192986960446	0.0103748482868	0	0.00119814520898	0.000120592537267	0.00998973018392	0.000147823110198	3.11206547786e-05	5.83512277098e-05	0	5.44611458625e-05	0	8.16917187938e-05	0.00140042946504	9.72520461831e-05	0.000883048579342	0.000221734665297	8.16917187938e-05	3.11206547786e-05	0	0.000268415647465	0	1.94504092366e-05	0.000381228021038	1.1670245542e-05	0.000136152864656	0.000105032209878	5.05710640152e-05	2.33404910839e-05	0.000474589985373	0.000863598170105	0	0.000474589985373	0.000186723928671	0.00138875921949	0.000202284256061	0.000206174337908	0	0	0	0.00010114212803	0.00207341362462	5.44611458625e-05	0.00585457318022	0.000906389070426	0.000466809821679	4.27909003205e-05	1.1670245542e-05	0.000299536302244	2.72305729313e-05	0.00010114212803	3.89008184732e-06	1.1670245542e-05	0.00011670245542	0
0	0	0	0	0.000229514828992	0.00221345657113	0.00338048112532	5.44611458625e-05	0.000676874241434	0.000999751034762	0.00055239162232	5.44611458625e-05	0.00263358541064	3.89008184732e-05	0.000128372700962	0.00869044284692	0	0	1.55603273893e-05	3.89008184732e-06	0.0004356891669	3.89008184732e-06	0	0	0.000462919739831	0	3.50107366259e-05	0	0.000369557775496	0.000132262782809	2.33404910839e-05	0	0.000171163601282	3.89008184732e-06	0.000105032209878	0	0	0	0	3.89008184732e-06	0	1.94504092366e-05	1.1670245542e-05	7.78016369464e-06	1.55603273893e-05	2.33404910839e-05	0	3.89008184732e-06	0	0	0	0	0	0	0	0	0	0	0	4.66809821679e-05	0	0	0	7.78016369464e-06	0	0	0	0	0	0	0.000151713192046	0	8.16917187938e-05	7.78016369464e-06	0.00457473625245	4.66809821679e-05	0	0	0	0	0	0	0	0
7.78016369464e-06	0.000696324650671	0.000221734665297	0	0	0	0	2.33404910839e-05	7.78016369464e-06	0.000665203995892	3.89008184732e-06	0	0	0	3.50107366259e-05	0	0.0195476612828	0.0004356891669	3.89008184732e-06	3.89008184732e-05	0	0.00205007313354	0.013222388199	0.00593237481717	0.00232237886285	1.94504092366e-05	0.000245075156381	0.00456306600691	0.00141598979243	7.00214732518e-05	7.00214732518e-05	0	0	4.66809821679e-05	0.000143933028351	3.89008184732e-06	0.000128372700962	1.94504092366e-05	0	0	0	0	3.89008184732e-06	0	5.44611458625e-05	0	0	3.89008184732e-06	0	3.89008184732e-06	0	0.0047925808359	3.89008184732e-06	0	0	3.89008184732e-06	0.000295646220396	0.00655478791274	0.00464086764386	2.33404910839e-05	1.55603273893e-05	2.72305729313e-05	0.000280085893007	7.00214732518e-05	0	3.89008184732e-06	0	0	0	3.89008184732e-06	0.00113201381757	0.000175053683129	6.61313914045e-05	4.27909003205e-05	0	0	0	0.00010114212803	2.33404910839e-05	1.94504092366e-05	0	0	0	3.89008184732e-06
0.00172719634021	0.000408458593969	0.00846481809977	0	3.89008184732e-06	0	8.16917187938e-05	0.0024740920549	0.000836367597174	0.000287866056702	0.000291756138549	0.00037733793919	3.50107366259e-05	2.33404910839e-05	0.00162605421218	0	0.0004356891669	0.0319803628668	8.16917187938e-05	0.00517380885694	1.1670245542e-05	0.0027541779479	0.000762456042075	0.0070449382255	0.00059518252264	0	0.0119736719261	0.00681153331466	0.00199172190583	0.00137708897395	0.00722388199048	0	0	5.05710640152e-05	0.00628637226527	3.89008184732e-06	0.000248965238229	0.00107366258986	0	0	0	0	0.00010114212803	3.89008184732e-06	6.61313914045e-05	3.89008184732e-06	1.1670245542e-05	3.89008184732e-06	0	1.1670245542e-05	0	3.89008184732e-06	0.00112034357203	3.89008184732e-06	0.000287866056702	3.89008184732e-06	2.72305729313e-05	2.72305729313e-05	0.000128372700962	1.94504092366e-05	0	0.00166495503065	0.001019201444	0.000108922291725	3.89008184732e-06	1.1670245542e-05	0	0	0	3.11206547786e-05	0.00237684000871	0.00179721781346	0.00306149441384	0.00163383437588	0	0	0	4.66809821679e-05	0.000241185074534	6.61313914045e-05	2.72305729313e-05	0	0	0
7.78016369464e-06	0	0	0	0.000105032209878	1.94504092366e-05	0.000299536302244	6.61313914045e-05	0.000583512277098	1.1670245542e-05	0.000743005632839	0.00281252917561	0.000307316465938	0.00075467587838	0.000669094077739	1.55603273893e-05	3.89008184732e-06	8.16917187938e-05	0.00338048112532	0.000937509725205	0.000151713192046	2.33404910839e-05	3.89008184732e-06	3.89008184732e-06	3.11206547786e-05	3.89008184732e-06	0.000960850216289	7.78016369464e-06	0.000124482619114	0.00192559051442	7.00214732518e-05	0	0.000128372700962	0	0.00221734665297	0	3.89008184732e-06	0	0	0	0	7.78016369464e-06	3.89008184732e-06	0	0	1.94504092366e-05	1.55603273893e-05	0	3.50107366259e-05	0	0	0	0	0	0	1.1670245542e-05	0	0	0	1.55603273893e-05	7.78016369464e-06	3.89008184732e-06	3.89008184732e-06	3.89008184732e-06	0	0	2.72305729313e-05	0	0	0	3.50107366259e-05	1.94504092366e-05	0.000396788348427	3.50107366259e-05	1.55603273893e-05	3.89008184732e-06	0	0	7.78016369464e-06	0	0	0	0	0
0.00059518252264	9.72520461831e-05	7.78016369464e-05	0	0.000143933028351	0	0.000132262782809	0.000762456042075	0.00245464164566	0.000108922291725	0.00336103071609	0.00633694332929	0.000851927924564	0.000202284256061	0.00191781035073	3.89008184732e-06	3.89008184732e-05	0.00517380885694	0.000937509725205	0.0208586188653	0.000684654405129	0.000108922291725	7.78016369464e-05	0.000303426384091	0.000326766875175	7.78016369464e-06	0.0119814520898	0.00113979398127	0.0010114212803	0.00699825724333	0.00134985840102	3.89008184732e-06	3.89008184732e-06	0.000221734665297	0.0134363427007	3.89008184732e-06	2.72305729313e-05	3.89008184732e-05	0	7.78016369464e-06	0	1.1670245542e-05	8.94718824884e-05	7.78016369464e-06	6.61313914045e-05	3.89008184732e-05	2.72305729313e-05	7.78016369464e-06	1.55603273893e-05	1.55603273893e-05	0	0	1.55603273893e-05	1.1670245542e-05	4.66809821679e-05	7.78016369464e-06	7.78016369464e-06	0	2.72305729313e-05	8.16917187938e-05	3.89008184732e-06	0.00015949335574	4.66809821679e-05	0.000128372700962	0	1.55603273893e-05	7.78016369464e-06	0	0	1.94504092366e-05	0.000863598170105	0.000424018921358	0.0075545389475	0.001019201444	3.89008184732e-06	0	0	1.1670245542e-05	3.89008184732e-06	4.27909003205e-05	1.94504092366e-05	0	1.55603273893e-05	0
0.00011670245542	3.89008184732e-06	2.33404910839e-05	0	0.0107677465534	5.05710640152e-05	0.00161827404849	0.000925839479663	0.000412348675816	0.000287866056702	0.0121837363458	0.00185167895933	0.0121137148726	3.50107366259e-05	0.000626303177419	0.0004356891669	0	1.1670245542e-05	0.000151713192046	0.000684654405129	0.02960741294	5.83512277098e-05	0	2.72305729313e-05	0.00373447857343	6.22413095572e-05	0.00252855320076	5.44611458625e-05	0.00839090654467	0.00363722652725	0.000124482619114	3.89008184732e-06	7.78016369464e-06	0.000241185074534	0.00529829147605	0	0	0	0	0.00148601126568	0	0.00027619581116	5.05710640152e-05	3.50107366259e-05	0.000669094077739	0.00317819686926	3.11206547786e-05	0.000194504092366	3.89008184732e-06	3.11206547786e-05	0	0	0	1.1670245542e-05	0	0.00397566364796	0	0	0	0.00194115084181	2.72305729313e-05	4.66809821679e-05	3.50107366259e-05	0.000618523013724	0	1.1670245542e-05	0	0	0	3.50107366259e-05	0.00114757414496	1.94504092366e-05	0.00440746273302	0.000396788348427	0.000256745401923	0	7.78016369464e-06	1.94504092366e-05	7.78016369464e-06	4.27909003205e-05	0	1.55603273893e-05	2.72305729313e-05	0
0.00027619581116	2.33404910839e-05	0.00107755267171	0	5.44611458625e-05	1.55603273893e-05	0.000525161049388	0.00229903837177	0.000509600721999	0.00294090187658	0.00133818815548	0.00015949335574	8.16917187938e-05	0.00015949335574	0.000933619643357	3.89008184732e-06	0.00205007313354	0.0027541779479	2.33404910839e-05	0.000108922291725	5.83512277098e-05	0.0433666324339	0.00376948931006	0.0139342731771	0.000353997448106	0	0.000980300625525	0.000618523013724	0.0171552609467	0.00176998724053	0.0155603273893	0	0	0.00049404039461	0.00542277409517	2.72305729313e-05	3.50107366259e-05	0.000229514828992	0	0	0	2.72305729313e-05	8.16917187938e-05	3.89008184732e-06	5.44611458625e-05	8.94718824884e-05	3.89008184732e-06	3.89008184732e-06	0	3.89008184732e-06	0	0.00445414371518	0.000229514828992	0	5.83512277098e-05	3.89008184732e-06	0.00124871627299	0.00650032676688	0.00332991006131	0.00059518252264	0	4.27909003205e-05	0.000260635483771	0.00111256340833	5.83512277098e-05	9.33619643357e-05	0	0	5.83512277098e-05	3.89008184732e-05	0.00252077303706	0.000252855320076	0.00485871222731	0.00251299287337	0.000143933028351	1.55603273893e-05	1.1670245542e-05	0.000470699903526	0.000365667693648	1.94504092366e-05	0	0	0	0
4.66809821679e-05	0.00452805527028	0.00055239162232	0	3.89008184732e-06	0	1.1670245542e-05	5.05710640152e-05	0.00011670245542	0.00930507577879	3.89008184732e-05	3.89008184732e-06	1.1670245542e-05	7.78016369464e-06	0.000108922291725	0	0.013222388199	0.000762456042075	3.89008184732e-06	7.78016369464e-05	0	0.00376948931006	0.0353102729281	0.00891995767591	0.00620079046463	0.000280085893007	0.000657423832197	0.0100286310024	0.00171552609467	0.00145878069275	0.000766346123922	0	0	0.000902498988579	0.00121370553636	1.1670245542e-05	0.00307705474123	1.1670245542e-05	0	3.89008184732e-06	3.11206547786e-05	1.1670245542e-05	3.89008184732e-06	7.78016369464e-06	0.00189446985965	1.1670245542e-05	0	7.78016369464e-06	3.89008184732e-06	1.55603273893e-05	8.16917187938e-05	0.00855039990041	1.1670245542e-05	0	7.78016369464e-06	7.78016369464e-06	3.11206547786e-05	0.0157665017272	0.00702548781626	0.00134596831917	5.83512277098e-05	0.00011670245542	0.00463697756201	0.00143544020166	3.89008184732e-06	2.72305729313e-05	0	0	0	7.78016369464e-06	0.00229514828992	0.000248965238229	0.000346217284412	5.44611458625e-05	0.000155603273893	0	0	0.000369557775496	0.000248965238229	3.11206547786e-05	3.89008184732e-06	4.27909003205e-05	3.89008184732e-06	3.89008184732e-06
9.33619643357e-05	7.39115550991e-05	0.0114368406311	0	7.78016369464e-06	7.78016369464e-06	0.000163383437588	0.00135374848287	0.000175053683129	0.0017427566676	0.000447359412442	3.50107366259e-05	5.44611458625e-05	5.05710640152e-05	0.00021784458345	0	0.00593237481717	0.0070449382255	3.89008184732e-06	0.000303426384091	2.72305729313e-05	0.0139342731771	0.00891995767591	0.0609186817291	0.00059518252264	0	0.00205396321539	0.0115379827592	0.00419739831326	0.000626303177419	0.0045786263343	0	3.89008184732e-06	8.94718824884e-05	0.00288255064887	3.89008184732e-06	0.00031898671148	0.00198783182398	0	0	0	0	0.000167273519435	3.11206547786e-05	3.11206547786e-05	1.1670245542e-05	3.89008184732e-06	0	0	7.78016369464e-06	0	0.00615799956431	0.000178943764977	0	0.00010114212803	0	0.00134596831917	0.00913780225936	0.0180421996079	7.39115550991e-05	3.89008184732e-06	8.55818006411e-05	0.00564450876046	0.000303426384091	1.1670245542e-05	3.11206547786e-05	0	0	3.89008184732e-06	2.72305729313e-05	0.00866321227399	0.00206952354278	0.00367612734572	0.00360610587247	0.000280085893007	2.33404910839e-05	2.33404910839e-05	0.000245075156381	0.000206174337908	9.72520461831e-05	3.89008184732e-05	3.89008184732e-06	0	0
0.000353997448106	0.00138875921949	0.000295646220396	0	0.0128372700962	0.00011670245542	0.000875268415647	0.00225624747145	0.0016027137211	0.0127205676407	0.00269582672019	0.000202284256061	0.00138875921949	0.000120592537267	0.00208897395201	0.000462919739831	0.00232237886285	0.00059518252264	3.11206547786e-05	0.000326766875175	0.00373447857343	0.000353997448106	0.00620079046463	0.00059518252264	0.0518625711885	5.05710640152e-05	0.00106977250801	0.00271527712943	0.0248498428407	0.00811860081536	0.00676874241434	0	0	0.0016688451125	0.00629804251081	0.00039289826658	0.00021784458345	0	0	0.00331823981577	0	0.000108922291725	0.000505710640152	0.00010114212803	0.00809137024243	0.000809137024243	9.33619643357e-05	0.000241185074534	0	0.000501820558305	0	0.000455139576137	3.89008184732e-06	0	3.89008184732e-06	0.00157937323001	2.72305729313e-05	0.0014471104472	0.000105032209878	0.00758565960228	2.72305729313e-05	5.44611458625e-05	0.000295646220396	0.00546167491364	0.000439579248747	4.27909003205e-05	0	0	0	0.000151713192046	0.00416238757663	0.00021784458345	0.00377726947375	0.00112423365388	0.000840257679022	3.89008184732e-06	0	0.000567951949709	3.89008184732e-05	0.000264525565618	3.89008184732e-06	1.94504092366e-05	8.94718824884e-05	0
0	0.00144322036536	1.94504092366e-05	0	7.78016369464e-06	0	0	1.94504092366e-05	7.78016369464e-06	0.000260635483771	7.00214732518e-05	0.000462919739831	0.000124482619114	0.00495985435534	3.89008184732e-06	0	1.94504092366e-05	0	3.89008184732e-06	7.78016369464e-06	6.22413095572e-05	0	0.000280085893007	0	5.05710640152e-05	0.00960461208104	0.00049404039461	0.00292534154919	3.50107366259e-05	0.000268415647465	3.89008184732e-06	0.000108922291725	0	0	0.000525161049388	0	0.000248965238229	0	0	3.89008184732e-06	0	0	0	3.89008184732e-06	3.89008184732e-06	0	0.000447359412442	7.78016369464e-06	0.00205007313354	1.1670245542e-05	3.89008184732e-06	0	0	6.61313914045e-05	1.94504092366e-05	7.78016369464e-06	0	3.89008184732e-06	0	3.89008184732e-06	0.00314707621448	0.000949179970747	0.00165328478511	0	0	0	0.000233404910839	0	0	1.1670245542e-05	0	0.0004356891669	0.000602962686335	1.1670245542e-05	0	0	0.000719665141755	3.89008184732e-05	4.66809821679e-05	1.55603273893e-05	3.89008184732e-06	3.89008184732e-06	7.78016369464e-06	7.78016369464e-06
0.00110478324464	0.000579622195251	0.00890828743037	0	0.000692434568823	3.11206547786e-05	0.00162605421218	0.00192559051442	0.00315874646003	0.000287866056702	0.00447359412442	0.0122615379828	0.00501820558305	0.00410403634892	0.00278529860268	3.50107366259e-05	0.000245075156381	0.0119736719261	0.000960850216289	0.0119814520898	0.00252855320076	0.000980300625525	0.000657423832197	0.00205396321539	0.00106977250801	0.00049404039461	0.0789297606822	0.0209597609934	0.00256356393739	0.0119347711076	0.00363722652725	0.00142376995612	0.000451249494289	0.000303426384091	0.0213798898329	2.72305729313e-05	0.00271916721128	0.0028358696667	0	1.55603273893e-05	0	1.55603273893e-05	0.000233404910839	1.55603273893e-05	0.00010114212803	7.39115550991e-05	0.000964740298136	7.00214732518e-05	0.00143155011981	0.000124482619114	1.1670245542e-05	3.89008184732e-06	0.0016688451125	0.000890828743037	0.00300314318613	8.55818006411e-05	1.1670245542e-05	3.50107366259e-05	0.000128372700962	0.000147823110198	0.000657423832197	0.0115807736595	0.00637584414776	0.000241185074534	6.22413095572e-05	9.72520461831e-05	0.000719665141755	0	0	0.000178943764977	0.0060996483366	0.00581956244359	0.0153697133788	0.00200339215137	4.27909003205e-05	3.89008184732e-06	1.55603273893e-05	0.00049404039461	0.00116313447235	0.000264525565618	4.66809821679e-05	3.89008184732e-06	3.50107366259e-05	0
0.000260635483771	0.01783602527	0.0169451965269	0	2.72305729313e-05	0	0.000105032209878	0.000602962686335	0.000474589985373	0.00163383437588	0.000280085893007	0.000287866056702	0.00015949335574	0.0042907602776	0.000342327202564	0	0.00456306600691	0.00681153331466	7.78016369464e-06	0.00113979398127	5.44611458625e-05	0.000618523013724	0.0100286310024	0.0115379827592	0.00271527712943	0.00292534154919	0.0209597609934	0.0981856658264	0.00157937323001	0.0008713783338	0.00120203529082	0.00027619581116	0	0.000408458593969	0.0032637786699	0.000132262782809	0.0236516976317	0.0031237357234	0	8.55818006411e-05	3.89008184732e-06	1.1670245542e-05	3.89008184732e-05	2.33404910839e-05	6.22413095572e-05	0.000163383437588	0.000579622195251	0.000715775059907	0.00126816668223	0.000338437120717	3.89008184732e-06	0.00281252917561	0.00049404039461	0.00103865185323	0.00136152864656	0.000785796533159	6.22413095572e-05	0.00546556499549	0.00231070861731	0.000342327202564	0.0026219151651	0.0104759904148	0.0338048112532	0.000233404910839	3.89008184732e-06	3.89008184732e-06	0.000637973422961	0	0	0.000420128839511	0.00731724395481	0.00348162325335	0.00262580524694	0.000848037842716	5.83512277098e-05	3.89008184732e-06	4.27909003205e-05	0.00118647496343	0.00111256340833	0.00118258488159	0.000124482619114	7.78016369464e-06	1.1670245542e-05	2.33404910839e-05
0.0008713783338	2.33404910839e-05	0.00140820962873	0	0.0102386954222	0.000213954501603	0.00479647091775	0.0175520492951	0.00423629913173	0.00708772912582	0.0175598294588	0.0010114212803	0.00310817539601	0.000424018921358	0.00396010332057	0.000369557775496	0.00141598979243	0.00199172190583	0.000124482619114	0.0010114212803	0.00839090654467	0.0171552609467	0.00171552609467	0.00419739831326	0.0248498428407	3.50107366259e-05	0.00256356393739	0.00157937323001	0.0873984688638	0.0148134316746	0.019796626521	0	2.33404910839e-05	0.00401456446644	0.0141171070239	0.000567951949709	7.78016369464e-05	0.000190614010519	0	0.00302648367722	0	0.000474589985373	0.00126816668223	0.000283975974855	0.00807969999689	0.00310817539601	0.000229514828992	0.000412348675816	3.89008184732e-06	0.000719665141755	3.89008184732e-06	0.00166495503065	6.22413095572e-05	1.94504092366e-05	2.72305729313e-05	0.00396788348427	0.000451249494289	0.0042907602776	0.000669094077739	0.00928173528771	1.55603273893e-05	7.39115550991e-05	0.000322876793328	0.00790853639561	0.000575732113404	0.000252855320076	0	0	5.44611458625e-05	0.000303426384091	0.00504543615598	0.000210064419755	0.010880558927	0.002828089503	0.000606852768182	1.94504092366e-05	1.1670245542e-05	0.00100364111661	0.000163383437588	0.000462919739831	0	5.83512277098e-05	0.000213954501603	0
0.00525550057573	0.000155603273893	0.000221734665297	0	0.00161827404849	0.000462919739831	0.00454750567952	0.00652755733981	0.0140470855507	0.00332601997946	0.0154514050976	0.0131406964803	0.00698269691594	0.00352441415367	0.0192986960446	0.000132262782809	7.00214732518e-05	0.00137708897395	0.00192559051442	0.00699825724333	0.00363722652725	0.00176998724053	0.00145878069275	0.000626303177419	0.00811860081536	0.000268415647465	0.0119347711076	0.0008713783338	0.0148134316746	0.069430180811	0.0161516198301	0	0.00114757414496	0.0059596053901	0.0377688046556	0.000396788348427	0.000132262782809	3.89008184732e-06	0	0.000120592537267	3.89008184732e-06	0.000225624747145	0.0031159555597	0.000482370149068	0.00205007313354	0.000455139576137	0.000513490803847	0.000186723928671	7.39115550991e-05	0.000863598170105	0	1.94504092366e-05	7.78016369464e-05	4.66809821679e-05	6.61313914045e-05	0.000280085893007	6.61313914045e-05	0.000190614010519	0.000112812373572	0.00194893100551	0.00011670245542	0.000237294992687	0.000307316465938	0.00350107366259	0.000248965238229	0.000832477515327	0	0	1.1670245542e-05	0.000268415647465	0.00556281704167	0.000280085893007	0.0204384900258	0.0031976472785	0.000470699903526	2.33404910839e-05	8.94718824884e-05	0.00129539725516	0.000132262782809	0.000669094077739	4.66809821679e-05	0.000198394174213	0.000560171786014	0
0.00657423832197	6.61313914045e-05	0.0018166682227	0	0.000225624747145	3.11206547786e-05	0.00197227149659	0.0148990134752	0.00652366725796	0.0055900476146	0.00311984564155	0.000447359412442	0.000186723928671	0.000311206547786	0.0103748482868	2.33404910839e-05	7.00214732518e-05	0.00722388199048	7.00214732518e-05	0.00134985840102	0.000124482619114	0.0155603273893	0.000766346123922	0.0045786263343	0.00676874241434	3.89008184732e-06	0.00363722652725	0.00120203529082	0.019796626521	0.0161516198301	0.0640190769614	0	1.1670245542e-05	0.00241185074534	0.0166262098155	0.000283975974855	0.000108922291725	0.000151713192046	0	2.33404910839e-05	0	8.55818006411e-05	0.00349718358074	0.000178943764977	0.0031898671148	0.000237294992687	6.61313914045e-05	4.27909003205e-05	0	0.000330656957022	0	0.000143933028351	0.000739115550991	1.1670245542e-05	0.000229514828992	5.05710640152e-05	0.000385118102885	0.00039289826658	0.00142376995612	0.00232237886285	3.89008184732e-06	0.00075467587838	0.000704104814365	0.00402623471198	0.00015949335574	0.00059518252264	0	0	3.89008184732e-06	0.000120592537267	0.0031159555597	0.00037733793919	0.00969797404537	0.00175442691314	0.000120592537267	1.1670245542e-05	0	0.001019201444	0.000143933028351	0.000132262782809	3.89008184732e-06	2.72305729313e-05	0.000303426384091	0
0	0	0	0	0	0	0	0	0	0	3.89008184732e-06	1.55603273893e-05	3.89008184732e-06	0.000567951949709	0	0	0	0	0	3.89008184732e-06	3.89008184732e-06	0	0	0	0	0.000108922291725	0.00142376995612	0.00027619581116	0	0	0	0.00149379142937	0	0	3.89008184732e-06	0	0	0	0	0	0	0	0	0	0	0	0.000291756138549	0	0.000688544486976	0	0	0	0	2.72305729313e-05	7.78016369464e-06	0	0	0	0	0	0.000178943764977	0.000237294992687	0.000190614010519	0	0	0	0.000396788348427	0	0	0	0	3.89008184732e-06	3.89008184732e-06	0	0	0	0	0	5.05710640152e-05	0	0	0	0	0
0	0	0	0	3.89008184732e-06	0.00155992282078	0.000206174337908	1.1670245542e-05	0.000793576696854	0	0.00010114212803	0.00134207823733	1.1670245542e-05	0.0013809790558	0.00119814520898	0.000171163601282	0	0	0.000128372700962	3.89008184732e-06	7.78016369464e-06	0	0	3.89008184732e-06	0	0	0.000451249494289	0	2.33404910839e-05	0.00114757414496	1.1670245542e-05	0	0.00395232315688	0	0.0023924003361	3.89008184732e-06	0	0	0	0	0	0	7.78016369464e-06	0	0	0	2.33404910839e-05	0	2.33404910839e-05	3.89008184732e-06	0	0	0	0	0	0	0	0	0	0	2.33404910839e-05	3.89008184732e-06	0	3.89008184732e-06	3.89008184732e-06	3.89008184732e-06	3.89008184732e-06	0	0	0	3.11206547786e-05	2.72305729313e-05	0.000902498988579	3.11206547786e-05	0.000186723928671	0.000260635483771	1.1670245542e-05	0	0	0	0	0	7.78016369464e-06	0
3.89008184732e-06	8.16917187938e-05	6.22413095572e-05	0	1.1670245542e-05	2.72305729313e-05	0.000299536302244	0.00201117231507	0.000190614010519	0.00127594684592	0.000719665141755	4.27909003205e-05	5.05710640152e-05	1.94504092366e-05	0.000120592537267	3.89008184732e-06	4.66809821679e-05	5.05710640152e-05	0	0.000221734665297	0.000241185074534	0.00049404039461	0.000902498988579	8.94718824884e-05	0.0016688451125	0	0.000303426384091	0.000408458593969	0.00401456446644	0.0059596053901	0.00241185074534	0	0	0.00889661718483	0.00655478791274	7.78016369464e-06	6.22413095572e-05	3.89008184732e-06	0	0	0	7.78016369464e-06	6.22413095572e-05	3.89008184732e-06	0.000369557775496	7.78016369464e-06	0	7.78016369464e-06	0	3.89008184732e-06	0	1.55603273893e-05	0	0	0	3.89008184732e-06	0	8.16917187938e-05	3.50107366259e-05	0.00027619581116	0	0	6.61313914045e-05	0.000241185074534	0	1.94504092366e-05	0	0	0	3.89008184732e-06	0.00176220707684	0.00010114212803	0.00296035228581	0.000385118102885	4.66809821679e-05	1.55603273893e-05	0	3.11206547786e-05	0	3.89008184732e-06	0	0	0	0
