0.0174339654044	0	7.56518351244e-06	0	8.6999610393e-05	2.64781422935e-05	0.00235655466412	0.00592353869024	0.00571549614365	0.000234520688886	0.000726257617194	7.56518351244e-06	0.000264781422935	3.78259175622e-06	0.00559445320745	4.16085093184e-05	6.05214680995e-05	2.64781422935e-05	0	2.26955505373e-05	0.000257216239423	0.000124825527955	7.56518351244e-05	0.00013995589498	0.000571171355189	0	1.89129587811e-05	2.26955505373e-05	0.00124069009604	0.0066611440827	0.00262890127057	0	2.64781422935e-05	0.000272346606448	0.00144116745912	0	3.78259175622e-06	0	0	3.78259175622e-06	0	0	1.13477752687e-05	0	6.05214680995e-05	0	0	3.78259175622e-06	0	0	0	2.26955505373e-05	0	0	0	7.56518351244e-06	3.78259175622e-06	2.64781422935e-05	3.78259175622e-06	4.16085093184e-05	0	0	0	1.89129587811e-05	0	3.78259175622e-06	0	0	0	3.78259175622e-06	0.00059008431397	9.45647939055e-05	0.000771648718269	0.000238303280642	0.000805692044075	0.000132390711468	3.78259175622e-06	1.13477752687e-05	0	3.78259175622e-06	3.78259175622e-06	3.78259175622e-06	3.78259175622e-06	0
0	0.00929761053679	0.000949430530811	0	0	0	3.78259175622e-06	7.56518351244e-06	7.56518351244e-06	3.78259175622e-06	0	0.000608997272751	0	9.07822021493e-05	3.78259175622e-06	7.56518351244e-06	7.56518351244e-05	0.000495519520065	9.07822021493e-05	0.000688431699632	0	6.43040598557e-05	0.000854865736906	0.00031017252401	3.78259175622e-06	0.000892691654468	0.00214472952578	0.00285207418419	1.13477752687e-05	0	1.89129587811e-05	3.78259175622e-06	0	0	0.000684649107876	0	0.00265159682111	0.000208042546592	0	0	0	0	0	0	0	0	0.000158868853761	0	0.000173999220786	0	0	1.89129587811e-05	0.000215607730105	3.78259175622e-05	7.56518351244e-05	0	1.13477752687e-05	5.67388763433e-05	0.000136173303224	0	0.0010364301412	0.000752735759488	0.00147142819317	7.56518351244e-06	0	7.56518351244e-06	0	0	0	6.43040598557e-05	0.000128608119711	0.000529562845871	0.000389606950891	0.000102129977418	2.26955505373e-05	1.51303670249e-05	0	4.16085093184e-05	0.000196694771323	0.000113477752687	3.4043325806e-05	0	0	0
7.56518351244e-06	0.000949430530811	0.025835101695	0	0	0	1.13477752687e-05	0.000143738486736	1.13477752687e-05	4.16085093184e-05	0	0.000287476973473	0	7.56518351244e-06	3.78259175622e-06	3.78259175622e-06	0.000469041377771	0.00243220649925	2.64781422935e-05	0.000915387205005	0	0.00118016862794	0.00125582046306	0.00710748990994	5.67388763433e-05	3.4043325806e-05	0.00586301722214	0.00925978461923	0.000223172913617	2.26955505373e-05	0.000461476194259	0	0	1.13477752687e-05	0.00283316122541	0	0.00121042936199	0.000242085872398	0	0	0	0	0	0	3.78259175622e-06	0	3.78259175622e-06	0	0	0	0	3.4043325806e-05	0.000124825527955	3.78259175622e-06	3.02607340498e-05	0	1.89129587811e-05	0.000162651445517	0.000155086262005	0	7.56518351244e-05	0.000219390321861	0.000567388763433	0	0	7.56518351244e-06	0	0	0	4.53911010746e-05	0.00131255933941	0.00248138019208	0.00198586067202	0.000593866905726	0.000124825527955	8.6999610393e-05	3.78259175622e-06	3.02607340498e-05	8.32170186368e-05	3.78259175622e-05	1.51303670249e-05	3.78259175622e-06	0	0
0	0	0	0	0	0	0	0	0	0	0	0	0	0	0	0	0	0	0	0	0	0	0	0	0	0	0	0	0	0	0	0	0	0	0	0	0	0	0	0	0	0	0	0	0	0	0	0	0	0	0	0	0	0	0	0	0	0	0	0	0	0	0	0	0	0	0	0	0	0	0	0	0	0	0	0	0	0	0	0	0	0	0	0
8.6999610393e-05	0	0	0	0.0160154934958	3.78259175622e-06	0.000711127250169	0.00146386300966	0.000260998831179	0.000105912569174	0.00327950705264	0	0.00341568035587	0	4.91736928309e-05	1.89129587811e-05	0	0	0	0	0.00809474635831	0	7.56518351244e-06	0	0.00700157734076	0	0	3.78259175622e-06	0.00623749380601	3.4043325806e-05	6.8086651612e-05	0	0	7.56518351244e-06	1.89129587811e-05	0	0	0	0	0.000431215460209	0	0	0	0	2.26955505373e-05	1.89129587811e-05	0	9.45647939055e-05	0	0	0	3.78259175622e-06	0	0	0	0.000264781422935	3.78259175622e-06	1.51303670249e-05	3.78259175622e-06	2.64781422935e-05	0	0	0	2.64781422935e-05	0	0	0	0	0	3.78259175622e-06	1.13477752687e-05	3.78259175622e-06	1.89129587811e-05	3.78259175622e-06	2.26955505373e-05	0	0	0	0	0	0	0	0	0
2.64781422935e-05	0	0	0	3.78259175622e-06	0.00737983651638	0.0035594188426	7.56518351244e-06	0.00218255544334	0	3.78259175622e-06	1.13477752687e-05	3.78259175622e-06	0	0.000873778695687	0.00117638603618	7.56518351244e-06	0	0	0	7.56518351244e-06	0	1.13477752687e-05	1.13477752687e-05	7.56518351244e-06	0	0	0	0	0.000389606950891	0	0	0.00215229470929	7.56518351244e-06	0.0008208224111	0	0	0	0	0	0	0	0	0	0	0	0	0	0	0	0	0	0	0	0	0	0	0	0	0	0	0	0	0	0	0	0	0	0	0	3.4043325806e-05	1.51303670249e-05	0.000204259954836	1.51303670249e-05	0.000234520688886	0.00146386300966	3.78259175622e-06	0	0	0	0	0	0	0
0.00235655466412	3.78259175622e-06	1.13477752687e-05	0	0.000711127250169	0.0035594188426	0.0467641818821	0.00534101955978	0.0208572109438	0.000238303280642	0.0107349954042	6.05214680995e-05	0.00576088724472	7.56518351244e-06	0.00573440910243	0.00275750939028	1.51303670249e-05	1.51303670249e-05	0	1.51303670249e-05	0.00207664287416	7.18692433682e-05	5.29562845871e-05	7.94344268806e-05	0.000688431699632	3.78259175622e-06	1.51303670249e-05	3.78259175622e-06	0.00170973147381	0.00164921000571	0.000495519520065	0	0.00116882085267	6.43040598557e-05	0.00197073030499	0	7.56518351244e-06	0	0	0	0	0	3.78259175622e-06	0	4.53911010746e-05	0	0	0	0	0	0	7.56518351244e-06	0	0	0	0	3.78259175622e-06	1.13477752687e-05	0	7.56518351244e-06	7.56518351244e-06	3.78259175622e-06	7.56518351244e-06	3.78259175622e-06	0	3.78259175622e-06	0	0	0	0	0.000506867295333	6.05214680995e-05	0.00149412374371	0.000257216239423	0.00268185755516	0.00121421195375	7.56518351244e-06	7.56518351244e-06	3.78259175622e-06	3.78259175622e-06	0	0	0	0
0.00592353869024	7.56518351244e-06	0.000143738486736	0	0.00146386300966	7.56518351244e-06	0.00534101955978	0.0585961288956	0.00697509919847	0.00301850822146	0.00873778695687	2.26955505373e-05	0.00172486184084	3.78259175622e-06	0.00361615771895	7.18692433682e-05	0.000624127639776	9.45647939055e-05	0	2.64781422935e-05	0.00196316512148	0.00117260344443	0.000779213901781	0.00141847190858	0.00771648718269	0	3.78259175622e-05	0.00017021662903	0.0226350290692	0.00344215849816	0.0130158982332	0	1.13477752687e-05	0.000204259954836	0.0031017252401	7.56518351244e-06	1.13477752687e-05	1.13477752687e-05	0	1.89129587811e-05	0	7.56518351244e-06	9.45647939055e-05	7.56518351244e-06	0.000695996883144	1.51303670249e-05	0	2.26955505373e-05	0	7.56518351244e-06	0	0.000105912569174	3.78259175622e-06	0	0	1.51303670249e-05	2.64781422935e-05	0.00020047736308	6.43040598557e-05	0.00037069399211	0	3.78259175622e-06	3.78259175622e-06	0.000162651445517	1.13477752687e-05	4.53911010746e-05	0	0	2.26955505373e-05	3.4043325806e-05	0.00132390711468	0.000363128808597	0.00130877674765	0.000457693602503	0.000881343879199	0.000121042936199	0	4.91736928309e-05	1.13477752687e-05	1.51303670249e-05	3.78259175622e-06	4.53911010746e-05	0	0
0.00571549614365	7.56518351244e-06	1.13477752687e-05	0	0.000260998831179	0.00218255544334	0.0208572109438	0.00697509919847	0.0414307275059	0.000181564404299	0.00367289659529	3.78259175622e-05	0.000964560897836	7.56518351244e-06	0.0127586819937	0.000355563625085	3.78259175622e-06	1.89129587811e-05	0	1.51303670249e-05	0.000711127250169	7.56518351244e-05	4.53911010746e-05	5.67388763433e-05	0.000525780254115	3.78259175622e-06	1.13477752687e-05	7.56518351244e-06	0.00111586456808	0.00225820727846	0.000771648718269	0	0.00106669087525	6.43040598557e-05	0.00156977557883	0	7.56518351244e-06	0	0	0	0	0	3.78259175622e-06	0	4.53911010746e-05	0	0	0	0	0	0	1.13477752687e-05	0	0	0	0	0	1.89129587811e-05	0	2.26955505373e-05	0	0	7.56518351244e-06	7.56518351244e-06	0	0	0	0	0	0	0.00045012841899	6.43040598557e-05	0.00108182124228	0.000196694771323	0.00180807885947	0.000873778695687	3.78259175622e-06	7.56518351244e-06	0	0	0	0	0	0
0.000234520688886	3.78259175622e-06	4.16085093184e-05	0	0.000105912569174	0	0.000238303280642	0.00301850822146	0.000181564404299	0.0167039251955	0.000196694771323	0	0.00166055778098	0	8.32170186368e-05	0.000260998831179	0.00109316901755	3.78259175622e-06	0	0	0.000211825138348	0.000363128808597	0.0032832896444	0.00051064988709	0.0088815254436	0	3.78259175622e-06	0.000230738097129	0.00402846022037	0.000336650666304	0.00119151640321	0	3.78259175622e-06	1.89129587811e-05	0.000605214680995	1.89129587811e-05	4.91736928309e-05	4.16085093184e-05	0	4.91736928309e-05	0	4.53911010746e-05	0.000204259954836	2.64781422935e-05	0.00210690360821	2.64781422935e-05	3.78259175622e-06	3.78259175622e-05	3.78259175622e-06	3.4043325806e-05	7.56518351244e-06	0.00031017252401	3.78259175622e-06	0	0	3.4043325806e-05	0.000155086262005	0.000764083534756	0.00020047736308	0.000956995714324	3.78259175622e-06	3.78259175622e-06	5.29562845871e-05	0.000306389932254	8.32170186368e-05	0.000253433647667	0	3.78259175622e-06	4.53911010746e-05	0.000162651445517	0.000378259175622	0.00010969516093	0.000245868464154	6.43040598557e-05	0.000325302891035	1.13477752687e-05	0	0.000124825527955	5.29562845871e-05	8.6999610393e-05	4.16085093184e-05	8.6999610393e-05	7.56518351244e-06	3.78259175622e-06
0.000726257617194	0	0	0	0.00327950705264	3.78259175622e-06	0.0107349954042	0.00873778695687	0.00367289659529	0.000196694771323	0.0381171771274	3.78259175622e-06	0.00613158123683	0	0.00086999610393	2.26955505373e-05	7.56518351244e-06	3.78259175622e-06	0	3.78259175622e-06	0.00689188217983	3.4043325806e-05	1.51303670249e-05	3.4043325806e-05	0.00128608119711	0	0	3.78259175622e-06	0.00604458162644	0.000291259565229	0.000355563625085	0	3.78259175622e-06	2.64781422935e-05	0.000245868464154	0	0	0	0	0	0	3.78259175622e-06	0	0	5.67388763433e-05	0	0	0	0	0	0	7.56518351244e-06	0	0	0	3.78259175622e-06	0	1.51303670249e-05	0	2.26955505373e-05	0	0	0	3.78259175622e-06	0	0	0	0	0	0	8.32170186368e-05	3.78259175622e-06	9.83473856617e-05	3.02607340498e-05	0.000105912569174	1.89129587811e-05	0	7.56518351244e-06	0	0	0	3.78259175622e-06	0	0
7.56518351244e-06	0.000608997272751	0.000287476973473	0	0	1.13477752687e-05	6.05214680995e-05	2.26955505373e-05	3.78259175622e-05	0	3.78259175622e-06	0.031932639606	0	0.00666492667446	1.89129587811e-05	0	3.78259175622e-06	0.0021598598928	0.00417219870711	0.0103226929027	0	3.4043325806e-05	3.02607340498e-05	0.000234520688886	3.78259175622e-06	0.00332868074547	0.00997469446115	0.00207664287416	3.4043325806e-05	3.78259175622e-05	4.91736928309e-05	0.000332868074547	3.78259175622e-06	3.78259175622e-06	0.00649092745367	0	0.00045012841899	1.13477752687e-05	0	0	0	0	0	0	0	0	0.000325302891035	0	0.000302607340498	0	0	0	2.26955505373e-05	2.26955505373e-05	2.64781422935e-05	0	0	7.56518351244e-06	1.13477752687e-05	0	0.00110073420106	0.000434998051965	0.000631692823289	0	0	0	7.56518351244e-06	0	0	1.89129587811e-05	0.000366911400353	0.00302985599673	0.00473580487879	0.000465258786015	7.18692433682e-05	7.56518351244e-05	0.000926734980274	1.13477752687e-05	0.000113477752687	4.53911010746e-05	7.56518351244e-06	0	3.78259175622e-06	7.56518351244e-06
0.000264781422935	0	0	0	0.00341568035587	3.78259175622e-06	0.00576088724472	0.00172486184084	0.000964560897836	0.00166055778098	0.00613158123683	0	0.0267467063082	0	0.000192912179567	0.00132012452292	7.56518351244e-06	3.78259175622e-06	0	0	0.0106706913443	7.56518351244e-06	1.51303670249e-05	2.64781422935e-05	0.00282937863365	0	0	3.78259175622e-06	0.00230738097129	6.8086651612e-05	8.32170186368e-05	0	0	1.51303670249e-05	7.56518351244e-05	0	0	0	0	3.78259175622e-06	0	5.29562845871e-05	1.13477752687e-05	7.56518351244e-06	9.45647939055e-05	0.000192912179567	0	0.00134660266521	0	3.78259175622e-06	0	0	0	0	0	0.000298824748741	7.56518351244e-06	1.51303670249e-05	7.56518351244e-06	8.6999610393e-05	0	0	0	1.13477752687e-05	0	0	0	0	0	0	0.000105912569174	7.56518351244e-06	4.16085093184e-05	1.13477752687e-05	0.000219390321861	0	0	0	0	0	0	7.56518351244e-06	0	0
3.78259175622e-06	9.07822021493e-05	7.56518351244e-06	0	0	0	7.56518351244e-06	3.78259175622e-06	7.56518351244e-06	0	0	0.00666492667446	0	0.0125771175894	0	0	0	3.4043325806e-05	0.00020047736308	0.000382041767378	0	3.78259175622e-06	0	1.13477752687e-05	0	0.00277642234907	0.00394524320174	0.00166812296449	0	0	3.78259175622e-06	0.000556040988164	0	0	0.000306389932254	0	8.6999610393e-05	0	0	0	0	0	0	0	0	0	0.000147521078493	0	0.000158868853761	0	0	0	3.78259175622e-06	3.78259175622e-06	7.56518351244e-06	0	0	0	0	0	0.000287476973473	7.18692433682e-05	9.83473856617e-05	0	0	0	1.51303670249e-05	0	0	1.89129587811e-05	4.16085093184e-05	0.000975908673105	0.000533345437627	4.16085093184e-05	7.56518351244e-06	3.78259175622e-06	0.000726257617194	4.16085093184e-05	7.18692433682e-05	3.4043325806e-05	1.51303670249e-05	0	3.78259175622e-06	2.26955505373e-05
0.00559445320745	3.78259175622e-06	3.78259175622e-06	0	4.91736928309e-05	0.000873778695687	0.00573440910243	0.00361615771895	0.0127586819937	8.32170186368e-05	0.00086999610393	1.89129587811e-05	0.000192912179567	0	0.0247721934115	0.000132390711468	1.89129587811e-05	7.56518351244e-06	0	3.78259175622e-06	0.000151303670249	5.29562845871e-05	4.16085093184e-05	6.05214680995e-05	0.000192912179567	7.56518351244e-06	1.13477752687e-05	3.78259175622e-06	0.000431215460209	0.00406628613794	0.00107047346701	0	0.00127473342185	5.29562845871e-05	0.00137686339926	0	3.78259175622e-06	0	0	0	0	0	7.56518351244e-06	0	1.89129587811e-05	0	0	0	0	0	0	3.78259175622e-06	0	0	0	0	0	3.78259175622e-06	0	1.89129587811e-05	3.78259175622e-06	0	0	1.13477752687e-05	0	0	0	0	0	0	0.000317737707522	4.16085093184e-05	0.000873778695687	0.000147521078493	0.00120286417848	0.000537128029383	3.78259175622e-06	0	3.78259175622e-06	0	0	0	0	0
4.16085093184e-05	7.56518351244e-06	3.78259175622e-06	0	1.89129587811e-05	0.00117638603618	0.00275750939028	7.18692433682e-05	0.000355563625085	0.000260998831179	2.26955505373e-05	0	0.00132012452292	0	0.000132390711468	0.00740631465868	7.56518351244e-06	7.56518351244e-06	0	3.78259175622e-06	3.4043325806e-05	3.4043325806e-05	7.56518351244e-06	6.43040598557e-05	7.18692433682e-05	3.78259175622e-06	0	1.13477752687e-05	3.4043325806e-05	5.29562845871e-05	6.8086651612e-05	0	3.4043325806e-05	1.89129587811e-05	0.000283694381716	0	3.78259175622e-06	3.78259175622e-06	0	0	0	3.78259175622e-06	0	0	3.78259175622e-06	0	0	3.78259175622e-06	0	0	0	0	3.78259175622e-06	0	0	3.78259175622e-06	3.78259175622e-06	0	1.13477752687e-05	3.78259175622e-06	0	0	3.78259175622e-06	0	0	3.78259175622e-06	0	0	3.78259175622e-06	7.56518351244e-06	0.000552258396408	4.91736928309e-05	0.000291259565229	0.000181564404299	0.00048038915304	0.00010969516093	0	1.13477752687e-05	7.56518351244e-06	7.56518351244e-06	7.56518351244e-06	0	0	0
6.05214680995e-05	7.56518351244e-05	0.000469041377771	0	0	7.56518351244e-06	1.51303670249e-05	0.000624127639776	3.78259175622e-06	0.00109316901755	7.56518351244e-06	3.78259175622e-06	7.56518351244e-06	0	1.89129587811e-05	7.56518351244e-06	0.0212354701194	0.000113477752687	0	1.89129587811e-05	0	0.00338920221357	0.00653631855475	0.00945647939055	0.0055982357992	3.78259175622e-06	2.26955505373e-05	0.00353672329207	0.00443319753829	0.000147521078493	0.00122934232077	0	0	1.51303670249e-05	0.00137686339926	7.56518351244e-06	0.00013995589498	6.05214680995e-05	0	7.56518351244e-06	0	3.78259175622e-06	1.51303670249e-05	0	7.94344268806e-05	3.78259175622e-06	0	3.78259175622e-06	0	1.13477752687e-05	0	8.6999610393e-05	2.26955505373e-05	0	0	0	3.4043325806e-05	0.000404737317915	0.000166434037274	4.16085093184e-05	3.78259175622e-06	0	0.000102129977418	2.64781422935e-05	7.56518351244e-06	4.16085093184e-05	0	0	3.78259175622e-06	1.13477752687e-05	0.000839735369881	0.000423650276697	0.000779213901781	0.000336650666304	0.000166434037274	7.18692433682e-05	0	3.4043325806e-05	4.16085093184e-05	2.64781422935e-05	7.56518351244e-06	0	0	0
2.64781422935e-05	0.000495519520065	0.00243220649925	0	0	0	1.51303670249e-05	9.45647939055e-05	1.89129587811e-05	3.78259175622e-06	3.78259175622e-06	0.0021598598928	3.78259175622e-06	3.4043325806e-05	7.56518351244e-06	7.56518351244e-06	0.000113477752687	0.0194841301363	0.000677083924363	0.0072663587637	0	0.00100995199891	0.000147521078493	0.00493628224187	1.51303670249e-05	8.6999610393e-05	0.00524645476588	0.00161516667991	0.000105912569174	3.4043325806e-05	0.000329085482791	0	0	2.64781422935e-05	0.00786022566942	0	0.00055982357992	2.64781422935e-05	0	0	0	0	0	0	3.78259175622e-06	0	3.78259175622e-06	0	3.78259175622e-06	0	0	3.78259175622e-06	3.02607340498e-05	0	2.26955505373e-05	0	3.78259175622e-06	2.64781422935e-05	1.89129587811e-05	3.78259175622e-06	0.000158868853761	0.000177781812542	0.000272346606448	0	0	0	0	0	0	1.89129587811e-05	0.00105156050823	0.00177025294191	0.00300716044619	0.000688431699632	0.000105912569174	6.05214680995e-05	7.56518351244e-06	7.56518351244e-06	3.02607340498e-05	3.78259175622e-06	3.78259175622e-06	0	0	0
0	9.07822021493e-05	2.64781422935e-05	0	0	0	0	0	0	0	0	0.00417219870711	0	0.00020047736308	0	0	0	0.000677083924363	0.00655523151353	0.00411545983077	0	0	7.56518351244e-06	1.89129587811e-05	0	0.00017021662903	0.00272724865623	0.000242085872398	0	2.26955505373e-05	0	7.56518351244e-06	0	0	0.000658170965582	0	3.78259175622e-05	0	0	0	0	0	0	0	0	0	1.51303670249e-05	0	1.51303670249e-05	0	0	0	0	0	0	0	0	0	0	0	5.29562845871e-05	2.64781422935e-05	5.67388763433e-05	0	0	0	0	0	0	0	3.78259175622e-05	0.000143738486736	0.000272346606448	4.53911010746e-05	7.56518351244e-06	0	1.13477752687e-05	0	3.78259175622e-06	3.78259175622e-06	0	0	0	0
2.26955505373e-05	0.000688431699632	0.000915387205005	0	0	0	1.51303670249e-05	2.64781422935e-05	1.51303670249e-05	0	3.78259175622e-06	0.0103226929027	0	0.000382041767378	3.78259175622e-06	3.78259175622e-06	1.89129587811e-05	0.0072663587637	0.00411545983077	0.0227901153312	0	0.000155086262005	3.78259175622e-05	0.000669518740851	3.78259175622e-06	0.00065060578207	0.0112607756583	0.00201233881431	5.29562845871e-05	3.02607340498e-05	7.56518351244e-05	2.64781422935e-05	0	7.56518351244e-06	0.00760679202176	0	0.000627910231532	2.26955505373e-05	0	0	0	0	0	0	0	0	0.000113477752687	0	9.45647939055e-05	0	0	0	1.51303670249e-05	7.56518351244e-06	3.02607340498e-05	0	0	2.26955505373e-05	7.56518351244e-06	0	0.000593866905726	0.000366911400353	0.000624127639776	0	0	3.78259175622e-06	0	0	0	1.13477752687e-05	0.000631692823289	0.00156221039532	0.00319629003401	0.000578736538702	4.16085093184e-05	5.29562845871e-05	3.02607340498e-05	7.56518351244e-06	3.02607340498e-05	1.89129587811e-05	3.78259175622e-06	0	0	0
0.000257216239423	0	0	0	0.00809474635831	7.56518351244e-06	0.00207664287416	0.00196316512148	0.000711127250169	0.000211825138348	0.00689188217983	0	0.0106706913443	0	0.000151303670249	3.4043325806e-05	0	0	0	0	0.0205735165621	7.56518351244e-06	1.13477752687e-05	1.51303670249e-05	0.00368802696231	0	0	0	0.00434998051965	9.07822021493e-05	8.6999610393e-05	0	3.78259175622e-06	1.13477752687e-05	6.43040598557e-05	3.78259175622e-06	0	0	0	0	0	0	7.56518351244e-06	0	4.91736928309e-05	0	0	0	0	3.78259175622e-06	0	7.56518351244e-06	0	0	0	0	0	1.51303670249e-05	0	3.02607340498e-05	0	0	0	0	0	0	0	0	0	0	2.64781422935e-05	1.13477752687e-05	3.02607340498e-05	3.78259175622e-06	4.53911010746e-05	3.78259175622e-06	0	0	0	0	0	0	0	0
0.000124825527955	6.43040598557e-05	0.00118016862794	0	0	0	7.18692433682e-05	0.00117260344443	7.56518351244e-05	0.000363128808597	3.4043325806e-05	3.4043325806e-05	7.56518351244e-06	3.78259175622e-06	5.29562845871e-05	3.4043325806e-05	0.00338920221357	0.00100995199891	0	0.000155086262005	7.56518351244e-06	0.0367100529941	0.00147142819317	0.0196732597241	0.00166812296449	0	0.000313955115766	0.00115369048565	0.00681623034471	0.000828387594612	0.010613952468	0	0	0.000446345827234	0.00608619013576	0	0.000128608119711	5.29562845871e-05	0	0	0	0	0	0	4.91736928309e-05	0	0	0	0	0	0	5.29562845871e-05	2.26955505373e-05	0	0	0	2.26955505373e-05	0.00020047736308	9.07822021493e-05	3.78259175622e-05	0	3.78259175622e-06	7.56518351244e-05	1.13477752687e-05	3.78259175622e-06	2.64781422935e-05	0	0	0	3.02607340498e-05	0.00163029704693	0.000907822021493	0.00221281617739	0.000801909452319	0.000245868464154	0.00010969516093	0	1.13477752687e-05	1.13477752687e-05	2.26955505373e-05	3.78259175622e-06	0	0	0
7.56518351244e-05	0.000854865736906	0.00125582046306	0	7.56518351244e-06	1.13477752687e-05	5.29562845871e-05	0.000779213901781	4.53911010746e-05	0.0032832896444	1.51303670249e-05	3.02607340498e-05	1.51303670249e-05	0	4.16085093184e-05	7.56518351244e-06	0.00653631855475	0.000147521078493	7.56518351244e-06	3.78259175622e-05	1.13477752687e-05	0.00147142819317	0.01886756768	0.00425163313399	0.0024965105591	3.78259175622e-06	0.00017021662903	0.00500815148523	0.00216364248456	0.000162651445517	0.00134282007346	0	0	1.51303670249e-05	0.001365515624	1.51303670249e-05	0.00114612530213	0.000389606950891	0	1.51303670249e-05	0	1.89129587811e-05	5.29562845871e-05	0	0.000245868464154	1.13477752687e-05	0	1.51303670249e-05	0	1.51303670249e-05	0	0.000423650276697	0.000128608119711	0	1.13477752687e-05	7.56518351244e-06	0.000196694771323	0.00202368658958	0.000896474246224	0.000155086262005	3.78259175622e-06	8.6999610393e-05	0.000745170575975	9.83473856617e-05	2.64781422935e-05	0.000151303670249	0	3.78259175622e-06	1.13477752687e-05	0.000162651445517	0.000934300163786	0.000612779864508	0.000862430920418	0.000344215849816	0.000155086262005	6.8086651612e-05	0	0.000124825527955	0.000185346996055	0.000132390711468	7.18692433682e-05	0	1.13477752687e-05	0
0.00013995589498	0.00031017252401	0.00710748990994	0	0	1.13477752687e-05	7.94344268806e-05	0.00141847190858	5.67388763433e-05	0.00051064988709	3.4043325806e-05	0.000234520688886	2.64781422935e-05	1.13477752687e-05	6.05214680995e-05	6.43040598557e-05	0.00945647939055	0.00493628224187	1.89129587811e-05	0.000669518740851	1.51303670249e-05	0.0196732597241	0.00425163313399	0.0537392810806	0.00178538330894	7.56518351244e-06	0.00160003631288	0.00778079124254	0.00419489425765	0.000374476583866	0.00503462962753	0	0	0.000204259954836	0.00878317805794	1.13477752687e-05	0.000665736149095	0.000177781812542	0	1.13477752687e-05	0	0	1.51303670249e-05	3.78259175622e-06	7.56518351244e-05	0	0	3.78259175622e-06	0	7.56518351244e-06	0	0.000181564404299	5.29562845871e-05	0	1.13477752687e-05	0	5.29562845871e-05	0.00068086651612	0.000366911400353	6.8086651612e-05	3.02607340498e-05	3.4043325806e-05	0.000423650276697	1.51303670249e-05	1.13477752687e-05	4.16085093184e-05	0	0	7.56518351244e-06	8.32170186368e-05	0.00339676739709	0.00265537941287	0.0042591983175	0.00152816706951	0.000427432868453	0.000215607730105	3.78259175622e-06	6.8086651612e-05	7.56518351244e-05	7.18692433682e-05	3.02607340498e-05	0	0	0
0.000571171355189	3.78259175622e-06	5.67388763433e-05	0	0.00700157734076	7.56518351244e-06	0.000688431699632	0.00771648718269	0.000525780254115	0.0088815254436	0.00128608119711	3.78259175622e-06	0.00282937863365	0	0.000192912179567	7.18692433682e-05	0.0055982357992	1.51303670249e-05	0	3.78259175622e-06	0.00368802696231	0.00166812296449	0.0024965105591	0.00178538330894	0.0416841611535	3.78259175622e-06	7.56518351244e-06	0.000287476973473	0.019597607889	0.000601432089239	0.00242842390749	0	0	3.78259175622e-05	0.00111586456808	7.56518351244e-06	2.64781422935e-05	2.64781422935e-05	0	1.89129587811e-05	0	1.89129587811e-05	9.45647939055e-05	7.56518351244e-06	0.00096077830608	1.51303670249e-05	0	2.26955505373e-05	0	1.89129587811e-05	3.78259175622e-06	0.000117260344443	3.78259175622e-06	0	0	2.26955505373e-05	6.05214680995e-05	0.000325302891035	0.000124825527955	0.00048038915304	0	0	1.51303670249e-05	0.000151303670249	3.78259175622e-05	0.000117260344443	0	0	1.51303670249e-05	6.43040598557e-05	0.000503084703577	0.000181564404299	0.000453911010746	0.000155086262005	0.000234520688886	3.4043325806e-05	0	6.8086651612e-05	3.02607340498e-05	2.26955505373e-05	3.78259175622e-06	3.4043325806e-05	0	0
0	0.000892691654468	3.4043325806e-05	0	0	0	3.78259175622e-06	0	3.78259175622e-06	0	0	0.00332868074547	0	0.00277642234907	7.56518351244e-06	3.78259175622e-06	3.78259175622e-06	8.6999610393e-05	0.00017021662903	0.00065060578207	0	0	3.78259175622e-06	7.56518351244e-06	3.78259175622e-06	0.00927113239449	0.00172107924908	0.00114234271038	0	0	0	4.91736928309e-05	0	0	0.000382041767378	0	0.000219390321861	7.56518351244e-06	0	0	0	0	0	0	0	0	0.000514432478846	0	0.00051064988709	0	0	0	7.56518351244e-06	2.26955505373e-05	2.26955505373e-05	0	0	0	3.78259175622e-06	0	0.00135038525697	0.00034043325806	0.000438780643721	0	0	0	1.13477752687e-05	0	0	2.26955505373e-05	5.67388763433e-05	0.00133147229819	0.000465258786015	3.4043325806e-05	7.56518351244e-06	7.56518351244e-06	0.000537128029383	2.26955505373e-05	0.000226955505373	6.43040598557e-05	1.13477752687e-05	0	0	3.02607340498e-05
1.89129587811e-05	0.00214472952578	0.00586301722214	0	0	0	1.51303670249e-05	3.78259175622e-05	1.13477752687e-05	3.78259175622e-06	0	0.00997469446115	0	0.00394524320174	1.13477752687e-05	0	2.26955505373e-05	0.00524645476588	0.00272724865623	0.0112607756583	0	0.000313955115766	0.00017021662903	0.00160003631288	7.56518351244e-06	0.00172107924908	0.0519160718541	0.0169233155173	4.16085093184e-05	2.64781422935e-05	0.000113477752687	0.00093051757203	0	7.56518351244e-06	0.00533345437627	0	0.00163407963869	7.18692433682e-05	0	0	0	0	0	0	0	0	0.000230738097129	0	0.000181564404299	0	0	3.78259175622e-06	9.83473856617e-05	1.89129587811e-05	7.18692433682e-05	0	0	2.64781422935e-05	4.16085093184e-05	0	0.00113099493511	0.000764083534756	0.00123312491253	3.78259175622e-06	0	3.78259175622e-06	7.56518351244e-06	0	0	5.67388763433e-05	0.000654388373826	0.0023414242971	0.00269320533043	0.000499302111821	5.67388763433e-05	4.16085093184e-05	4.53911010746e-05	1.13477752687e-05	0.000136173303224	7.18692433682e-05	2.26955505373e-05	0	3.78259175622e-06	7.56518351244e-06
2.26955505373e-05	0.00285207418419	0.00925978461923	0	3.78259175622e-06	0	3.78259175622e-06	0.00017021662903	7.56518351244e-06	0.000230738097129	3.78259175622e-06	0.00207664287416	3.78259175622e-06	0.00166812296449	3.78259175622e-06	1.13477752687e-05	0.00353672329207	0.00161516667991	0.000242085872398	0.00201233881431	0	0.00115369048565	0.00500815148523	0.00778079124254	0.000287476973473	0.00114234271038	0.0169233155173	0.0517193770828	0.00041986768494	4.53911010746e-05	0.000506867295333	0.000442563235478	0	1.51303670249e-05	0.00262511867882	3.78259175622e-06	0.00166055778098	0.000260998831179	0	0	0	0	0	0	1.51303670249e-05	0	8.6999610393e-05	0	6.43040598557e-05	3.78259175622e-06	0	6.8086651612e-05	0.000158868853761	3.78259175622e-06	2.26955505373e-05	0	3.78259175622e-05	0.000397172134403	0.000317737707522	3.78259175622e-06	0.000412302501428	0.000385824359134	0.00096077830608	1.51303670249e-05	3.78259175622e-06	1.13477752687e-05	0	0	0	5.29562845871e-05	0.00105912569174	0.00206151250714	0.00181564404299	0.000544693212896	0.000132390711468	4.91736928309e-05	3.78259175622e-06	5.67388763433e-05	0.000143738486736	8.6999610393e-05	3.78259175622e-05	0	3.78259175622e-06	0
0.00124069009604	1.13477752687e-05	0.000223172913617	0	0.00623749380601	0	0.00170973147381	0.0226350290692	0.00111586456808	0.00402846022037	0.00604458162644	3.4043325806e-05	0.00230738097129	0	0.000431215460209	3.4043325806e-05	0.00443319753829	0.000105912569174	0	5.29562845871e-05	0.00434998051965	0.00681623034471	0.00216364248456	0.00419489425765	0.019597607889	0	4.16085093184e-05	0.00041986768494	0.060964031335	0.00127095083009	0.0100427811128	0	0	0.000136173303224	0.00315468152469	1.13477752687e-05	4.53911010746e-05	1.51303670249e-05	0	3.02607340498e-05	0	2.26955505373e-05	9.83473856617e-05	1.13477752687e-05	0.000832170186368	2.26955505373e-05	0	2.64781422935e-05	0	1.51303670249e-05	3.78259175622e-06	0.000185346996055	1.13477752687e-05	0	0	1.89129587811e-05	7.56518351244e-05	0.000389606950891	0.000105912569174	0.00045012841899	0	3.78259175622e-06	2.64781422935e-05	0.000189129587811	3.02607340498e-05	0.000105912569174	0	0	3.78259175622e-05	7.94344268806e-05	0.00135038525697	0.00041986768494	0.00133525488995	0.000495519520065	0.000472823969527	0.000124825527955	3.78259175622e-06	5.29562845871e-05	3.02607340498e-05	3.4043325806e-05	1.51303670249e-05	3.78259175622e-05	3.78259175622e-06	0
0.0066611440827	0	2.26955505373e-05	0	3.4043325806e-05	0.000389606950891	0.00164921000571	0.00344215849816	0.00225820727846	0.000336650666304	0.000291259565229	3.78259175622e-05	6.8086651612e-05	0	0.00406628613794	5.29562845871e-05	0.000147521078493	3.4043325806e-05	2.26955505373e-05	3.02607340498e-05	9.07822021493e-05	0.000828387594612	0.000162651445517	0.000374476583866	0.000601432089239	0	2.64781422935e-05	4.53911010746e-05	0.00127095083009	0.022483725399	0.00465637045191	0	0.000964560897836	0.00099103904013	0.00239059798993	0	3.78259175622e-06	3.78259175622e-06	0	3.78259175622e-06	0	3.78259175622e-06	7.56518351244e-06	0	8.6999610393e-05	1.13477752687e-05	0	3.78259175622e-06	0	0	0	1.89129587811e-05	0	0	0	7.56518351244e-06	3.78259175622e-06	2.26955505373e-05	7.56518351244e-06	4.16085093184e-05	0	0	0	1.51303670249e-05	0	2.64781422935e-05	0	0	0	3.78259175622e-06	0.000953213122567	0.000136173303224	0.00101373459067	0.000344215849816	0.000866213512174	0.000302607340498	7.56518351244e-06	0	1.13477752687e-05	1.51303670249e-05	1.51303670249e-05	0	0	0
0.00262890127057	1.89129587811e-05	0.000461476194259	0	6.8086651612e-05	0	0.000495519520065	0.0130158982332	0.000771648718269	0.00119151640321	0.000355563625085	4.91736928309e-05	8.32170186368e-05	3.78259175622e-06	0.00107047346701	6.8086651612e-05	0.00122934232077	0.000329085482791	0	7.56518351244e-05	8.6999610393e-05	0.010613952468	0.00134282007346	0.00503462962753	0.00242842390749	0	0.000113477752687	0.000506867295333	0.0100427811128	0.00465637045191	0.0435716744399	0	0	0.000366911400353	0.00787157344469	7.56518351244e-06	4.53911010746e-05	2.26955505373e-05	0	1.13477752687e-05	0	3.78259175622e-06	1.51303670249e-05	0	0.00024965105591	3.78259175622e-06	0	7.56518351244e-06	0	0	0	9.45647939055e-05	1.51303670249e-05	0	0	3.78259175622e-06	5.67388763433e-05	0.000189129587811	6.43040598557e-05	0.000124825527955	0	3.78259175622e-06	3.78259175622e-05	4.91736928309e-05	7.56518351244e-06	4.53911010746e-05	0	0	7.56518351244e-06	2.26955505373e-05	0.00238303280642	0.000832170186368	0.00262890127057	0.000922952388518	0.000646823190314	0.000204259954836	0	3.02607340498e-05	2.64781422935e-05	2.26955505373e-05	7.56518351244e-06	1.51303670249e-05	0	0
0	3.78259175622e-06	0	0	0	0	0	0	0	0	0	0.000332868074547	0	0.000556040988164	0	0	0	0	7.56518351244e-06	2.64781422935e-05	0	0	0	0	0	4.91736928309e-05	0.00093051757203	0.000442563235478	0	0	0	0.00122555972902	0	0	3.78259175622e-06	0	3.78259175622e-06	0	0	0	0	0	0	0	0	0	0	0	0	0	0	0	0	0	0	0	0	0	0	0	7.56518351244e-06	3.78259175622e-06	7.56518351244e-06	0	0	0	0	0	0	0	0	0	1.13477752687e-05	0	0	0	0	0	0	0	0	0	0	0
2.64781422935e-05	0	0	0	0	0.00215229470929	0.00116882085267	1.13477752687e-05	0.00106669087525	3.78259175622e-06	3.78259175622e-06	3.78259175622e-06	0	0	0.00127473342185	3.4043325806e-05	0	0	0	0	3.78259175622e-06	0	0	0	0	0	0	0	0	0.000964560897836	0	0	0.00399063430281	3.78259175622e-06	0.000624127639776	0	0	0	0	0	0	0	0	0	0	0	0	0	0	0	0	0	0	0	0	0	0	0	0	0	0	0	0	0	0	0	0	0	0	0	1.51303670249e-05	0	0.000105912569174	1.51303670249e-05	0.000117260344443	0.000597649497483	0	0	0	0	0	0	0	0
0.000272346606448	0	1.13477752687e-05	0	7.56518351244e-06	7.56518351244e-06	6.43040598557e-05	0.000204259954836	6.43040598557e-05	1.89129587811e-05	2.64781422935e-05	3.78259175622e-06	1.51303670249e-05	0	5.29562845871e-05	1.89129587811e-05	1.51303670249e-05	2.64781422935e-05	0	7.56518351244e-06	1.13477752687e-05	0.000446345827234	1.51303670249e-05	0.000204259954836	3.78259175622e-05	0	7.56518351244e-06	1.51303670249e-05	0.000136173303224	0.00099103904013	0.000366911400353	0	3.78259175622e-06	0.00194046957094	0.000771648718269	0	3.78259175622e-06	0	0	0	0	0	0	0	7.56518351244e-06	0	0	0	0	0	0	0	0	0	0	0	0	0	0	3.78259175622e-06	0	0	0	0	0	0	0	0	0	0	0.000166434037274	6.8086651612e-05	0.000226955505373	7.94344268806e-05	7.94344268806e-05	2.26955505373e-05	0	0	3.78259175622e-06	3.78259175622e-06	3.78259175622e-06	0	0	0
0.00144116745912	0.000684649107876	0.00283316122541	0	1.89129587811e-05	0.0008208224111	0.00197073030499	0.0031017252401	0.00156977557883	0.000605214680995	0.000245868464154	0.00649092745367	7.56518351244e-05	0.000306389932254	0.00137686339926	0.000283694381716	0.00137686339926	0.00786022566942	0.000658170965582	0.00760679202176	6.43040598557e-05	0.00608619013576	0.001365515624	0.00878317805794	0.00111586456808	0.000382041767378	0.00533345437627	0.00262511867882	0.00315468152469	0.00239059798993	0.00787157344469	3.78259175622e-06	0.000624127639776	0.000771648718269	0.0492266491154	3.78259175622e-06	0.000779213901781	0.000124825527955	0	0	0	1.13477752687e-05	0	3.78259175622e-06	9.83473856617e-05	3.78259175622e-06	3.02607340498e-05	7.56518351244e-06	4.91736928309e-05	0	0	5.67388763433e-05	6.43040598557e-05	7.56518351244e-06	1.51303670249e-05	0	3.78259175622e-05	0.000211825138348	0.000105912569174	4.16085093184e-05	0.000283694381716	0.000257216239423	0.000457693602503	1.13477752687e-05	1.13477752687e-05	2.26955505373e-05	0	0	3.78259175622e-06	5.29562845871e-05	0.00727392394721	0.00467150081893	0.0205583861951	0.00484550003972	0.00253055388491	0.00153194966127	0.000132390711468	9.45647939055e-05	7.18692433682e-05	8.6999610393e-05	4.53911010746e-05	7.56518351244e-06	0	2.26955505373e-05
0	0	0	0	0	0	0	7.56518351244e-06	0	1.89129587811e-05	0	0	0	0	0	0	7.56518351244e-06	0	0	0	3.78259175622e-06	0	1.51303670249e-05	1.13477752687e-05	7.56518351244e-06	0	0	3.78259175622e-06	1.13477752687e-05	0	7.56518351244e-06	0	0	0	3.78259175622e-06	0.01337524445	3.78259175622e-06	6.8086651612e-05	0	6.8086651612e-05	3.78259175622e-06	0.000786779085294	0.00469041377771	0.00202368658958	0.000117260344443	0.000268564014692	3.78259175622e-06	0.000408519909672	0	0.00475850042932	5.67388763433e-05	0.000136173303224	1.89129587811e-05	0	3.78259175622e-06	0.000143738486736	0.000276129198204	9.07822021493e-05	0.000268564014692	0.000828387594612	0	1.13477752687e-05	3.02607340498e-05	0.000552258396408	0.00658927483933	0.00193668697918	0	1.51303670249e-05	0.00125960305482	0.00147899337668	7.56518351244e-06	0	3.78259175622e-06	3.78259175622e-06	0	0	0	0.000264781422935	7.18692433682e-05	0.00051064988709	0.000181564404299	0.00013995589498	2.26955505373e-05	1.13477752687e-05
3.78259175622e-06	0.00265159682111	0.00121042936199	0	0	0	7.56518351244e-06	1.13477752687e-05	7.56518351244e-06	4.91736928309e-05	0	0.00045012841899	0	8.6999610393e-05	3.78259175622e-06	3.78259175622e-06	0.00013995589498	0.00055982357992	3.78259175622e-05	0.000627910231532	0	0.000128608119711	0.00114612530213	0.000665736149095	2.64781422935e-05	0.000219390321861	0.00163407963869	0.00166055778098	4.53911010746e-05	3.78259175622e-06	4.53911010746e-05	3.78259175622e-06	0	3.78259175622e-06	0.000779213901781	3.78259175622e-06	0.0245830638237	0.00288990010175	0	7.56518351244e-06	0	7.56518351244e-06	4.53911010746e-05	7.56518351244e-06	6.05214680995e-05	0	0.000344215849816	3.78259175622e-06	0.000238303280642	1.13477752687e-05	0	0.000442563235478	0.00213338175051	5.67388763433e-05	0.000669518740851	3.78259175622e-06	0.000298824748741	0.00311685560712	0.00214472952578	3.78259175622e-05	0.00329463741967	0.0057798002035	0.0157998857657	7.18692433682e-05	3.02607340498e-05	0.000151303670249	3.78259175622e-06	0	0	0.000745170575975	0.000204259954836	0.00131634193116	0.00045012841899	0.000136173303224	2.64781422935e-05	1.89129587811e-05	0	0.000487954336552	0.00160003631288	0.00105912569174	0.000457693602503	0	1.13477752687e-05	3.02607340498e-05
0	0.000208042546592	0.000242085872398	0	0	0	0	1.13477752687e-05	0	4.16085093184e-05	0	1.13477752687e-05	0	0	0	3.78259175622e-06	6.05214680995e-05	2.64781422935e-05	0	2.26955505373e-05	0	5.29562845871e-05	0.000389606950891	0.000177781812542	2.64781422935e-05	7.56518351244e-06	7.18692433682e-05	0.000260998831179	1.51303670249e-05	3.78259175622e-06	2.26955505373e-05	0	0	0	0.000124825527955	6.8086651612e-05	0.00288990010175	0.0321066388268	0	7.56518351244e-06	0	2.26955505373e-05	0.000287476973473	2.64781422935e-05	5.67388763433e-05	3.78259175622e-06	7.18692433682e-05	1.51303670249e-05	7.56518351244e-06	9.45647939055e-05	7.56518351244e-06	0.00104777791647	0.00810231154182	3.78259175622e-06	0.000533345437627	7.56518351244e-06	0.00280668308311	0.00134282007346	0.0180202671266	0.00020047736308	0.000132390711468	0.00378637434798	0.00940352310596	0.000295042156985	0.000215607730105	0.00146764560141	0	0	6.43040598557e-05	0.00254946684369	3.78259175622e-05	0.000136173303224	8.6999610393e-05	1.51303670249e-05	0	3.78259175622e-06	0	0.00195938252972	0.00289746528526	0.00268564014692	0.0012179945455	2.26955505373e-05	4.16085093184e-05	6.05214680995e-05
0	0	0	0	0	0	0	0	0	0	0	0	0	0	0	0	0	0	0	0	0	0	0	0	0	0	0	0	0	0	0	0	0	0	0	0	0	0	0	0	0	0	0	0	0	0	0	0	0	0	0	0	0	0	0	0	0	0	0	0	0	0	0	0	0	0	0	0	0	0	0	0	0	0	0	0	0	0	0	0	0	0	0	0
3.78259175622e-06	0	0	0	0.000431215460209	0	0	1.89129587811e-05	0	4.91736928309e-05	0	0	3.78259175622e-06	0	0	0	7.56518351244e-06	0	0	0	0	0	1.51303670249e-05	1.13477752687e-05	1.89129587811e-05	0	0	0	3.02607340498e-05	3.78259175622e-06	1.13477752687e-05	0	0	0	0	6.8086651612e-05	7.56518351244e-06	7.56518351244e-06	0	0.0126754649751	0	0.000400954726159	0.000506867295333	9.07822021493e-05	0.000298824748741	0.00225820727846	0	0.00173242702435	0	7.94344268806e-05	1.51303670249e-05	7.18692433682e-05	0	0	0	0.00667249185797	2.26955505373e-05	7.56518351244e-05	3.78259175622e-05	0.00503084703577	0	0	0	0.00271968347272	6.8086651612e-05	0.000136173303224	0	0	2.64781422935e-05	7.56518351244e-05	7.56518351244e-06	3.78259175622e-06	0	0	0	0	0	3.4043325806e-05	3.78259175622e-06	1.51303670249e-05	1.13477752687e-05	3.78259175622e-05	3.78259175622e-06	0
0	0	0	0	0	0	0	0	0	0	0	0	0	0	0	0	0	0	0	0	0	0	0	0	0	0	0	0	0	0	0	0	0	0	0	3.78259175622e-06	0	0	0	0	0.00281424826663	0.000518215070602	0	0.000847300553393	0	0	0	3.78259175622e-06	0	0.000215607730105	0.00031017252401	0	0	0	0	0	3.78259175622e-06	0	0	0	0	0	0	3.78259175622e-06	0.000317737707522	0	0	0.000953213122567	0	0.00010969516093	0	0	0	0	0	0	0	0	3.78259175622e-06	3.4043325806e-05	1.13477752687e-05	0.0011234297516	0.000499302111821	0
0	0	0	0	0	0	0	7.56518351244e-06	0	4.53911010746e-05	3.78259175622e-06	0	5.29562845871e-05	0	0	3.78259175622e-06	3.78259175622e-06	0	0	0	0	0	1.89129587811e-05	0	1.89129587811e-05	0	0	0	2.26955505373e-05	3.78259175622e-06	3.78259175622e-06	0	0	0	1.13477752687e-05	0.000786779085294	7.56518351244e-06	2.26955505373e-05	0	0.000400954726159	0.000518215070602	0.0322882032311	0.00277642234907	0.0093656971884	0.000189129587811	0.0099444337271	3.78259175622e-06	0.00832548445544	0	0.00320763780927	0.00212203397524	3.02607340498e-05	1.89129587811e-05	0	1.13477752687e-05	0.00278398753258	5.29562845871e-05	3.4043325806e-05	8.6999610393e-05	0.00257972757774	0	7.56518351244e-06	2.64781422935e-05	0.00135795044048	0.00224685950319	0.000264781422935	0	0.000748953167731	0.000189129587811	0.00110829938457	3.78259175622e-06	0	3.78259175622e-06	3.78259175622e-06	3.78259175622e-06	0	0	0.000189129587811	7.18692433682e-05	0.000544693212896	0.000158868853761	0.00183833959352	0.000397172134403	7.56518351244e-06
1.13477752687e-05	0	0	0	0	0	3.78259175622e-06	9.45647939055e-05	3.78259175622e-06	0.000204259954836	0	0	1.13477752687e-05	0	7.56518351244e-06	0	1.51303670249e-05	0	0	0	7.56518351244e-06	0	5.29562845871e-05	1.51303670249e-05	9.45647939055e-05	0	0	0	9.83473856617e-05	7.56518351244e-06	1.51303670249e-05	0	0	0	0	0.00469041377771	4.53911010746e-05	0.000287476973473	0	0.000506867295333	0	0.00277642234907	0.0362372290246	0.0031622467082	0.000801909452319	0.0050194992605	3.78259175622e-06	0.00166812296449	0	0.00329463741967	0.000113477752687	0.000605214680995	0.00010969516093	0	0	0.000956995714324	0.00105912569174	0.000434998051965	0.00128986378887	0.00509893368738	0	2.64781422935e-05	0.000136173303224	0.0110376027446	0.00417976389062	0.00624127639776	0	0	0.000862430920418	0.00178160071718	7.56518351244e-06	0	0	0	3.78259175622e-06	0	0	0.000552258396408	0.000223172913617	0.000767866126513	0.000238303280642	0.000264781422935	1.89129587811e-05	1.13477752687e-05
