0.0185355260673	4.29162446569e-06	0.000193123100956	0	0.00024891421901	2.14581223285e-05	0.00100424012497	0.00759188367981	0.00272088991125	0.000454912193363	0.0013261119599	1.71664978628e-05	0.00064803529432	8.58324893139e-06	0.00833433471238	7.72492403825e-05	0.000283247214736	9.01241137795e-05	0	0	0.000381954577447	0.00101711499837	0.000231747721147	0.000708118036839	0.00114157210787	4.29162446569e-06	3.43329957255e-05	4.29162446569e-05	0.00242905944758	0.00738159408099	0.00543319657357	0	4.29162446569e-06	0.00197843887868	0.00205997974353	8.58324893139e-06	4.29162446569e-06	0	0	1.28748733971e-05	0	4.29162446569e-06	8.58324893139e-06	4.29162446569e-06	0.000193123100956	8.58324893139e-06	0	4.29162446569e-06	0	4.29162446569e-06	0	0	0	0	0	1.28748733971e-05	0	2.57497467942e-05	0	0.000133040358436	0	0	0	3.86246201912e-05	0	8.58324893139e-06	0	0	0	1.28748733971e-05	0.000841158395276	0.00018883147649	0.00104715636963	0.000205997974353	0.00021887284775	4.29162446569e-06	4.29162446569e-06	8.58324893139e-06	0	4.29162446569e-06	4.29162446569e-06	8.58324893139e-06	0	0
4.29162446569e-06	0.0120895061199	0.00267797366659	0	0	0	0	4.29162446569e-06	0	1.71664978628e-05	0	0.000205997974353	0	4.72078691226e-05	8.58324893139e-06	4.29162446569e-06	0.000133040358436	0.00083686677081	8.58324893139e-06	0.000287538839201	0	0.000137331982902	0.00187114826704	0.000733867783633	8.58324893139e-06	0.000390537826378	0.00363500592244	0.00728717834275	2.14581223285e-05	1.71664978628e-05	2.57497467942e-05	0	0	1.28748733971e-05	0.00077678402829	0	0.00214581223285	0.000472078691226	0	0	0	0	4.29162446569e-06	0	8.58324893139e-06	0	3.43329957255e-05	0	6.43743669854e-05	0	0	1.28748733971e-05	0.000377662952981	0	6.86659914511e-05	0	4.72078691226e-05	0.000171664978628	0.00018883147649	0	0.000150206856299	0.000403412699775	0.000789658901687	0	4.29162446569e-06	8.58324893139e-06	0	0	4.29162446569e-06	0.000214581223285	0.000442037319966	0.000716701285771	0.000579369302869	0.000197414725422	4.29162446569e-06	4.29162446569e-06	8.58324893139e-06	9.01241137795e-05	0.000253205843476	0.000236039345613	5.5791118054e-05	0	4.29162446569e-06	0
0.000193123100956	0.00267797366659	0.0420750862617	0	0	0	0	0.000193123100956	1.71664978628e-05	0.000120165485039	0	0.000223164472216	0	6.86659914511e-05	9.44157382452e-05	1.71664978628e-05	0.000884074639933	0.00943728220006	4.29162446569e-06	0.000321871834927	0	0.00506840849398	0.00297838737919	0.0192651022265	0.000167373354162	4.72078691226e-05	0.00742021870118	0.0186471083034	0.000390537826378	0.000433454071035	0.00171664978628	0	0	0.000240330970079	0.00491391001322	0	0.000879783015467	0.000296122088133	0	0	0	0	0	0	3.86246201912e-05	0	4.29162446569e-06	4.29162446569e-06	4.29162446569e-06	0	0	5.5791118054e-05	0.000167373354162	0	1.71664978628e-05	0	3.86246201912e-05	0.000532161433746	0.000175956603093	1.71664978628e-05	1.71664978628e-05	9.87073627109e-05	0.000424870822104	2.14581223285e-05	0	1.28748733971e-05	0	0	0	0.000124457109505	0.00454912193363	0.0039654610063	0.00442895644859	0.00155785968105	8.58324893139e-06	2.14581223285e-05	8.58324893139e-05	0.000107290611642	0.000137331982902	7.72492403825e-05	2.14581223285e-05	8.58324893139e-06	4.29162446569e-06	0
0	0	0	0	0	0	0	0	0	0	0	0	0	0	0	0	0	0	0	0	0	0	0	0	0	0	0	0	0	0	0	0	0	0	0	0	0	0	0	0	0	0	0	0	0	0	0	0	0	0	0	0	0	0	0	0	0	0	0	0	0	0	0	0	0	0	0	0	0	0	0	0	0	0	0	0	0	0	0	0	0	0	0	0
0.00024891421901	0	0	0	0.0171750811117	0	0.000313288585996	0.00211577086159	0.00018883147649	0.000111582236108	0.00116732185467	0	0.00151494343639	0	0.000244622594544	8.58324893139e-06	1.28748733971e-05	0	0	0	0.00451049731344	2.57497467942e-05	8.58324893139e-06	1.71664978628e-05	0.00874203903662	0	0	0	0.00533878083532	0.000231747721147	0.000214581223285	0	0	7.72492403825e-05	7.29576159168e-05	8.58324893139e-06	0	0	0	0.00224022797109	0	1.28748733971e-05	1.71664978628e-05	4.29162446569e-06	5.14994935883e-05	0.000442037319966	0	0.000351913206187	0	1.28748733971e-05	0	0	0	0	0	0.00208572949033	0	0	0	5.5791118054e-05	0	0	0	6.86659914511e-05	4.29162446569e-06	8.58324893139e-06	0	0	0	0	3.43329957255e-05	4.29162446569e-06	3.86246201912e-05	4.29162446569e-06	5.5791118054e-05	0	0	0	0	0	0	8.58324893139e-06	4.29162446569e-06	0
2.14581223285e-05	0	0	0	0	0.00524865672154	0.00256209980602	1.28748733971e-05	0.00089694951333	0	0	1.71664978628e-05	0	3.43329957255e-05	0.000596535800731	0.000656618543251	4.29162446569e-06	4.29162446569e-06	0	4.29162446569e-06	0	0	0	8.58324893139e-06	0	4.29162446569e-06	1.28748733971e-05	1.28748733971e-05	8.58324893139e-06	0.00121452972379	4.29162446569e-06	0	0.00127890409078	4.29162446569e-06	0.00125744596845	0	0	0	0	0	0	0	0	0	0	0	0	0	0	0	0	0	0	0	0	0	0	0	0	0	0	0	0	0	0	0	0	0	0	0	3.00413712598e-05	2.14581223285e-05	0.000137331982902	2.57497467942e-05	0.00100853174944	0.000600827425197	0	0	0	4.29162446569e-06	0	4.29162446569e-06	4.29162446569e-06	0
0.00100424012497	0	0	0	0.000313288585996	0.00256209980602	0.0258913704015	0.00142911094708	0.00767771616912	8.15408648482e-05	0.00419291710298	1.71664978628e-05	0.00560056992773	2.57497467942e-05	0.00467787066761	0.0017638576554	2.14581223285e-05	8.58324893139e-06	0	4.29162446569e-06	0.00196985562975	7.72492403825e-05	2.57497467942e-05	4.29162446569e-05	0.000476370315692	4.29162446569e-06	8.58324893139e-06	8.58324893139e-06	0.000785367277222	0.00299984550152	0.00021887284775	0	0.000579369302869	0.000197414725422	0.00168660841502	0	0	0	0	0	0	0	0	0	1.28748733971e-05	0	0	0	0	0	0	0	0	0	0	0	0	4.29162446569e-06	0	0	0	0	0	0	0	0	0	0	0	0	0.000167373354162	3.43329957255e-05	0.000695243163442	0.000145915231834	0.00197414725422	0.000257497467942	0	4.29162446569e-06	0	0	0	0	0	0
0.00759188367981	4.29162446569e-06	0.000193123100956	0	0.00211577086159	1.28748733971e-05	0.00142911094708	0.0448217259197	0.00224881122002	0.00184969014471	0.00966044667227	8.58324893139e-06	0.00152781830979	1.28748733971e-05	0.00412425111153	4.29162446569e-05	0.000944157382452	8.58324893139e-05	0	1.28748733971e-05	0.00164369217036	0.00184110689578	0.00086690814207	0.00130894546204	0.00720134585343	4.29162446569e-06	3.00413712598e-05	6.43743669854e-05	0.0209517106415	0.00476370315692	0.00948019844472	0	0	0.0019140645117	0.00196127238082	1.71664978628e-05	0	0	0	9.44157382452e-05	0	1.28748733971e-05	6.86659914511e-05	1.28748733971e-05	0.000858324893139	3.86246201912e-05	0	9.01241137795e-05	0	2.57497467942e-05	0	4.29162446569e-06	0	0	0	5.14994935883e-05	4.29162446569e-06	0.000120165485039	0	0.00049782843802	0	0	0	0.000150206856299	8.58324893139e-06	2.57497467942e-05	0	4.29162446569e-06	0	2.57497467942e-05	0.0010385731207	0.000274663965804	0.00077678402829	0.000210289598819	0.000253205843476	8.58324893139e-06	8.58324893139e-06	2.14581223285e-05	0	4.29162446569e-06	0	4.29162446569e-06	0	0
0.00272088991125	0	1.71664978628e-05	0	0.00018883147649	0.00089694951333	0.00767771616912	0.00224881122002	0.0280371826344	5.14994935883e-05	0.00458774655383	5.5791118054e-05	0.0010385731207	3.00413712598e-05	0.0148447290268	0.000304705337064	3.86246201912e-05	4.29162446569e-06	0	4.29162446569e-06	0.000493536813555	0.000120165485039	2.57497467942e-05	8.15408648482e-05	0.00036907970405	8.58324893139e-06	8.58324893139e-06	8.58324893139e-06	0.000673785041114	0.00533019758639	0.000549327931609	0	0.000733867783633	0.000454912193363	0.00212435411052	0	0	0	0	4.29162446569e-06	0	0	0	0	2.14581223285e-05	0	0	0	0	0	0	0	0	0	0	0	0	0	0	1.28748733971e-05	0	0	0	4.29162446569e-06	0	0	0	0	0	4.29162446569e-06	0.00033903833279	6.00827425197e-05	0.000815408648482	0.000150206856299	0.000519286560349	0.000193123100956	4.29162446569e-06	4.29162446569e-06	0	4.29162446569e-06	4.29162446569e-06	0	0	0
0.000454912193363	1.71664978628e-05	0.000120165485039	0	0.000111582236108	0	8.15408648482e-05	0.00184969014471	5.14994935883e-05	0.0139306130156	0.000163081729696	0	0.000592244176266	0	0.000210289598819	2.57497467942e-05	0.00136044495562	2.57497467942e-05	0	0	0.000111582236108	0.000708118036839	0.00311142773763	0.000703826412374	0.00602544074983	0	0	9.01241137795e-05	0.00310713611316	0.000669493416648	0.00158790105231	0	0	0.000416287573172	0.00055791118054	5.5791118054e-05	8.58324893139e-06	4.29162446569e-06	0	0.000150206856299	0	3.43329957255e-05	0.000197414725422	3.86246201912e-05	0.00289255488988	0.000133040358436	0	0.000283247214736	0	6.86659914511e-05	4.29162446569e-06	3.86246201912e-05	4.29162446569e-06	0	0	0.000163081729696	7.29576159168e-05	0.000373371328515	4.72078691226e-05	0.00144627744494	0	0	1.28748733971e-05	0.000549327931609	1.71664978628e-05	0.000167373354162	0	0	4.29162446569e-06	0.000102998987177	0.000386246201912	9.87073627109e-05	0.000214581223285	7.29576159168e-05	0.000545036307143	0	0	6.00827425197e-05	1.28748733971e-05	5.5791118054e-05	3.00413712598e-05	9.44157382452e-05	1.28748733971e-05	0
0.0013261119599	0	0	0	0.00116732185467	0	0.00419291710298	0.00966044667227	0.00458774655383	0.000163081729696	0.0298096235387	0	0.00432166583695	0	0.00408133486687	2.57497467942e-05	4.29162446569e-05	0	0	0	0.00360496455118	4.29162446569e-05	3.00413712598e-05	1.71664978628e-05	0.00161794242357	0	0	0	0.00502120062486	0.00080682539955	0.000514994935883	0	0	0.00024891421901	0.000300413712598	0	0	0	0	1.28748733971e-05	0	4.29162446569e-06	0	4.29162446569e-06	6.43743669854e-05	1.28748733971e-05	0	1.71664978628e-05	0	4.29162446569e-06	0	0	0	0	0	1.28748733971e-05	0	0	0	4.29162446569e-05	0	0	0	8.58324893139e-06	0	8.58324893139e-06	0	4.29162446569e-06	0	0	7.72492403825e-05	0	0.000115873860574	1.28748733971e-05	8.15408648482e-05	0	0	0	0	0	0	0	0	0
1.71664978628e-05	0.000205997974353	0.000223164472216	0	0	1.71664978628e-05	1.71664978628e-05	8.58324893139e-06	5.5791118054e-05	0	0	0.0252862513519	0	0.00637735395602	0.000111582236108	0	4.29162446569e-06	0.000592244176266	0.00102140662283	0.0043903318284	0	4.29162446569e-05	3.00413712598e-05	0.000111582236108	8.58324893139e-06	0.00361783942458	0.00815837810928	0.00122311297272	4.29162446569e-06	0.000274663965804	1.71664978628e-05	0.000137331982902	4.29162446569e-06	1.28748733971e-05	0.00539886357784	0	0.000154498480765	8.58324893139e-06	0	0	0	0	0	0	0	0	0.000240330970079	0	0.000321871834927	0	0	0	1.28748733971e-05	2.57497467942e-05	3.86246201912e-05	0	0	0	0	0	0.000467787066761	0.000184539852025	0.000107290611642	0	0	0	0	0	0	6.00827425197e-05	0.000476370315692	0.0033775084545	0.00469503716547	0.00064803529432	8.58324893139e-06	8.58324893139e-06	0.000716701285771	1.28748733971e-05	0.000261789092407	3.86246201912e-05	8.58324893139e-06	0	0	4.72078691226e-05
0.00064803529432	0	0	0	0.00151494343639	0	0.00560056992773	0.00152781830979	0.0010385731207	0.000592244176266	0.00432166583695	0	0.0269900262647	0	0.00103428149623	0.000381954577447	1.28748733971e-05	0	0	0	0.00963040530101	3.00413712598e-05	2.14581223285e-05	1.71664978628e-05	0.00224022797109	0	0	0	0.00134327845776	0.000442037319966	0.000163081729696	0	0	0.000124457109505	0.000145915231834	4.29162446569e-06	0	0	0	8.58324893139e-05	0	5.5791118054e-05	8.58324893139e-06	4.29162446569e-06	1.28748733971e-05	0.000321871834927	0	0.00256639143048	0	1.28748733971e-05	0	0	0	0	0	0.00140765282475	0	0	0	1.28748733971e-05	0	0	0	4.29162446569e-06	0	0	0	0	0	0	6.43743669854e-05	4.29162446569e-06	6.00827425197e-05	8.58324893139e-06	0.0010256982473	0	0	4.29162446569e-06	0	0	0	4.29162446569e-06	0	0
8.58324893139e-06	4.72078691226e-05	6.86659914511e-05	0	0	3.43329957255e-05	2.57497467942e-05	1.28748733971e-05	3.00413712598e-05	0	0	0.00637735395602	0	0.01481897928	9.87073627109e-05	0	1.28748733971e-05	8.58324893139e-05	4.72078691226e-05	0.000442037319966	0	3.00413712598e-05	1.71664978628e-05	6.43743669854e-05	4.29162446569e-06	0.00333459220984	0.00404271024668	0.000879783015467	8.58324893139e-06	0.000236039345613	3.00413712598e-05	0.000330455083858	1.71664978628e-05	2.57497467942e-05	0.00100424012497	0	3.43329957255e-05	0	0	0	0	0	0	0	0	0	0.000141623607368	0	0.000909824386727	0	0	4.29162446569e-06	4.29162446569e-06	1.71664978628e-05	1.28748733971e-05	0	4.29162446569e-06	4.29162446569e-06	8.58324893139e-06	0	0.000270372341339	7.29576159168e-05	1.71664978628e-05	0	0	0	0	0	0	3.86246201912e-05	0.000755325905962	0.00144627744494	0.00142481932261	0.000665201792182	0	1.28748733971e-05	0.000918407635658	0.000115873860574	0.000175956603093	9.87073627109e-05	9.44157382452e-05	0	0	8.58324893139e-05
0.00833433471238	8.58324893139e-06	9.44157382452e-05	0	0.000244622594544	0.000596535800731	0.00467787066761	0.00412425111153	0.0148447290268	0.000210289598819	0.00408133486687	0.000111582236108	0.00103428149623	9.87073627109e-05	0.0374916313323	0.000351913206187	0.000124457109505	3.43329957255e-05	4.29162446569e-06	3.00413712598e-05	0.000506411686952	0.000386246201912	8.15408648482e-05	0.000334746708324	0.000703826412374	1.28748733971e-05	4.29162446569e-05	5.14994935883e-05	0.00115015535681	0.0157159287934	0.00159219267677	0	0.000536453058212	0.00140765282475	0.0052786980928	4.29162446569e-06	0	0	0	8.58324893139e-06	0	0	8.58324893139e-06	0	9.87073627109e-05	0	0	0	0	0	0	0	0	0	0	4.29162446569e-06	0	0	0	6.43743669854e-05	0	0	0	2.14581223285e-05	0	4.29162446569e-06	0	0	0	0	0.00100853174944	0.000145915231834	0.00257497467942	0.000506411686952	0.000733867783633	0.000201706349888	8.58324893139e-06	1.28748733971e-05	0	0	0	4.29162446569e-06	0	0
7.72492403825e-05	4.29162446569e-06	1.71664978628e-05	0	8.58324893139e-06	0.000656618543251	0.0017638576554	4.29162446569e-05	0.000304705337064	2.57497467942e-05	2.57497467942e-05	0	0.000381954577447	0	0.000351913206187	0.00536023895765	8.58324893139e-06	1.71664978628e-05	0	0	1.71664978628e-05	2.14581223285e-05	8.58324893139e-06	3.00413712598e-05	2.57497467942e-05	0	8.58324893139e-06	8.58324893139e-06	2.14581223285e-05	0.000261789092407	4.29162446569e-05	0	1.71664978628e-05	2.57497467942e-05	0.000223164472216	0	0	0	0	4.29162446569e-06	0	8.58324893139e-06	0	4.29162446569e-06	4.29162446569e-06	0	0	0	0	0	4.29162446569e-06	0	0	0	0	0	0	4.29162446569e-06	4.29162446569e-06	4.29162446569e-06	4.29162446569e-06	0	0	0	0	4.29162446569e-06	0	0	0	8.58324893139e-06	0.000283247214736	4.29162446569e-05	0.000175956603093	7.29576159168e-05	0.00300413712598	1.71664978628e-05	4.29162446569e-06	6.00827425197e-05	8.58324893139e-06	1.28748733971e-05	8.58324893139e-06	1.28748733971e-05	4.29162446569e-06	0
0.000283247214736	0.000133040358436	0.000884074639933	0	1.28748733971e-05	4.29162446569e-06	2.14581223285e-05	0.000944157382452	3.86246201912e-05	0.00136044495562	4.29162446569e-05	4.29162446569e-06	1.28748733971e-05	1.28748733971e-05	0.000124457109505	8.58324893139e-06	0.020385216212	0.000201706349888	0	0	8.58324893139e-06	0.00547611281822	0.00790946389027	0.00963040530101	0.00537311383105	0	4.72078691226e-05	0.0019269393851	0.00345475769488	0.000579369302869	0.00226168609342	0	0	0.000463495442295	0.00132182033543	2.14581223285e-05	1.71664978628e-05	1.71664978628e-05	0	1.28748733971e-05	0	0	3.00413712598e-05	8.58324893139e-06	0.000463495442295	4.29162446569e-06	0	1.28748733971e-05	0	1.28748733971e-05	0	0.000347621581721	8.58324893139e-06	0	0	4.29162446569e-06	5.14994935883e-05	0.00052786980928	7.72492403825e-05	0.000167373354162	0	0	0.000175956603093	0.000137331982902	0	8.58324893139e-05	0	0	0	8.15408648482e-05	0.00115444698127	0.000575077678403	0.000708118036839	0.000261789092407	8.58324893139e-06	4.29162446569e-06	4.29162446569e-06	3.86246201912e-05	2.57497467942e-05	3.43329957255e-05	1.28748733971e-05	8.58324893139e-06	0	0
9.01241137795e-05	0.00083686677081	0.00943728220006	0	0	4.29162446569e-06	8.58324893139e-06	8.58324893139e-05	4.29162446569e-06	2.57497467942e-05	0	0.000592244176266	0	8.58324893139e-05	3.43329957255e-05	1.71664978628e-05	0.000201706349888	0.0254750828284	4.29162446569e-05	0.00317151048015	0	0.00275093128251	0.000506411686952	0.00939865757987	3.43329957255e-05	0.00021887284775	0.0080940037423	0.00381954577447	0.000158790105231	0.000231747721147	0.000819700272947	0	0	0.000107290611642	0.00535594733318	0	0.00030899696153	5.5791118054e-05	0	0	0	0	0	0	1.71664978628e-05	0	3.00413712598e-05	8.58324893139e-06	8.58324893139e-06	4.29162446569e-06	0	8.58324893139e-06	4.29162446569e-05	0	4.29162446569e-06	0	8.58324893139e-06	0.000102998987177	3.43329957255e-05	1.71664978628e-05	6.00827425197e-05	5.14994935883e-05	0.000141623607368	0	0	4.29162446569e-06	0	0	0	3.00413712598e-05	0.00226597771789	0.00256209980602	0.00316292723122	0.000987073627109	4.29162446569e-06	8.58324893139e-06	5.14994935883e-05	3.86246201912e-05	4.72078691226e-05	2.57497467942e-05	8.58324893139e-06	0	0	0
0	8.58324893139e-06	4.29162446569e-06	0	0	0	0	0	0	0	0	0.00102140662283	0	4.72078691226e-05	4.29162446569e-06	0	0	4.29162446569e-05	0.00209860436372	0.00123169622165	0	0	0	4.29162446569e-06	0	5.5791118054e-05	0.000708118036839	6.43743669854e-05	0	8.58324893139e-06	0	0	0	0	0.000111582236108	0	0	0	0	0	0	0	0	0	0	0	4.29162446569e-06	0	4.29162446569e-06	0	0	0	0	0	0	0	0	0	0	0	4.29162446569e-06	0	0	0	0	0	0	0	0	0	8.58324893139e-06	5.14994935883e-05	0.000111582236108	1.28748733971e-05	0	0	4.29162446569e-06	0	4.29162446569e-06	4.29162446569e-06	0	0	0	0
0	0.000287538839201	0.000321871834927	0	0	4.29162446569e-06	4.29162446569e-06	1.28748733971e-05	4.29162446569e-06	0	0	0.0043903318284	0	0.000442037319966	3.00413712598e-05	0	0	0.00317151048015	0.00123169622165	0.0147503132886	0	3.86246201912e-05	2.57497467942e-05	8.58324893139e-05	0	0.000828283521879	0.00849741644207	0.0013132370865	8.58324893139e-06	7.72492403825e-05	2.14581223285e-05	2.14581223285e-05	0	4.29162446569e-06	0.00294405438347	0	0.000180248227559	1.28748733971e-05	0	0	0	0	0	0	0	0	0.000111582236108	0	9.87073627109e-05	0	0	0	8.58324893139e-06	8.58324893139e-06	1.28748733971e-05	0	0	4.29162446569e-06	1.28748733971e-05	0	0.000205997974353	0.000133040358436	9.01241137795e-05	0	0	0	0	0	0	2.14581223285e-05	0.000407704324241	0.00135615333116	0.00178531577773	0.00036907970405	4.29162446569e-06	0	6.00827425197e-05	1.28748733971e-05	8.15408648482e-05	4.29162446569e-05	8.58324893139e-06	0	0	4.29162446569e-06
0.000381954577447	0	0	0	0.00451049731344	0	0.00196985562975	0.00164369217036	0.000493536813555	0.000111582236108	0.00360496455118	0	0.00963040530101	0	0.000506411686952	1.71664978628e-05	8.58324893139e-06	0	0	0	0.0177887834103	1.28748733971e-05	8.58324893139e-06	1.28748733971e-05	0.0031028444887	0	4.29162446569e-06	0	0.00293117951007	0.000244622594544	9.01241137795e-05	0	0	0.000111582236108	9.87073627109e-05	0	0	0	0	8.58324893139e-06	0	4.29162446569e-06	0	0	1.28748733971e-05	2.57497467942e-05	0	4.72078691226e-05	0	0	0	0	0	0	0	4.72078691226e-05	0	0	0	8.58324893139e-06	0	0	0	0	0	0	0	0	0	0	3.43329957255e-05	1.28748733971e-05	4.29162446569e-05	8.58324893139e-06	9.01241137795e-05	0	0	0	0	0	0	0	0	0
0.00101711499837	0.000137331982902	0.00506840849398	0	2.57497467942e-05	0	7.72492403825e-05	0.00184110689578	0.000120165485039	0.000708118036839	4.29162446569e-05	4.29162446569e-05	3.00413712598e-05	3.00413712598e-05	0.000386246201912	2.14581223285e-05	0.00547611281822	0.00275093128251	0	3.86246201912e-05	1.28748733971e-05	0.0484309820953	0.00239472645186	0.0293246699741	0.00242476782312	8.58324893139e-06	0.000317580210461	0.00181106552452	0.00490532676429	0.00472078691226	0.0160420922528	0	0	0.00333030058538	0.00456199680703	0	2.57497467942e-05	1.71664978628e-05	0	8.58324893139e-06	0	0	1.71664978628e-05	0	0.000210289598819	0	0	1.28748733971e-05	4.29162446569e-06	4.29162446569e-06	0	1.71664978628e-05	8.58324893139e-06	0	0	0	1.28748733971e-05	0.00018883147649	3.00413712598e-05	9.44157382452e-05	0	0	2.14581223285e-05	9.44157382452e-05	0	1.28748733971e-05	0	0	0	2.57497467942e-05	0.00340325820129	0.00183681527132	0.0028024307761	0.000918407635658	2.57497467942e-05	3.43329957255e-05	3.86246201912e-05	6.86659914511e-05	3.43329957255e-05	2.14581223285e-05	8.58324893139e-06	4.29162446569e-06	4.29162446569e-06	0
0.000231747721147	0.00187114826704	0.00297838737919	0	8.58324893139e-06	0	2.57497467942e-05	0.00086690814207	2.57497467942e-05	0.00311142773763	3.00413712598e-05	3.00413712598e-05	2.14581223285e-05	1.71664978628e-05	8.15408648482e-05	8.58324893139e-06	0.00790946389027	0.000506411686952	0	2.57497467942e-05	8.58324893139e-06	0.00239472645186	0.0232219799839	0.00630868796457	0.00357063155546	0	0.000317580210461	0.00690951538977	0.0024891421901	0.000506411686952	0.00190977288723	0	0	0.000450620568898	0.00141194444921	3.00413712598e-05	0.000476370315692	0.00033903833279	0	1.71664978628e-05	0	4.29162446569e-06	8.15408648482e-05	8.58324893139e-06	0.000901241137795	1.28748733971e-05	4.29162446569e-06	2.57497467942e-05	4.29162446569e-06	1.71664978628e-05	0	0.000347621581721	0.000120165485039	0	8.58324893139e-06	1.28748733971e-05	0.000223164472216	0.00271230666232	0.000467787066761	0.000326163459393	0	3.86246201912e-05	0.000472078691226	0.000364788079584	8.58324893139e-06	0.000236039345613	0	0	8.58324893139e-06	0.000326163459393	0.00137331982902	0.000823991897413	0.00104286474516	0.000364788079584	3.00413712598e-05	0	1.28748733971e-05	0.000236039345613	0.000193123100956	0.000175956603093	9.01241137795e-05	2.57497467942e-05	1.71664978628e-05	0
0.000708118036839	0.000733867783633	0.0192651022265	0	1.71664978628e-05	8.58324893139e-06	4.29162446569e-05	0.00130894546204	8.15408648482e-05	0.000703826412374	1.71664978628e-05	0.000111582236108	1.71664978628e-05	6.43743669854e-05	0.000334746708324	3.00413712598e-05	0.00963040530101	0.00939865757987	4.29162446569e-06	8.58324893139e-05	1.28748733971e-05	0.0293246699741	0.00630868796457	0.0755111324739	0.00193123100956	1.28748733971e-05	0.000918407635658	0.0150421437523	0.00359208967778	0.00289684651434	0.00864333167391	0	0	0.00133040358436	0.00714984635984	0	0.000236039345613	0.000145915231834	0	8.58324893139e-06	0	0	4.29162446569e-06	0	0.00024891421901	0	4.29162446569e-06	1.28748733971e-05	4.29162446569e-06	4.29162446569e-06	0	9.44157382452e-05	3.86246201912e-05	0	8.58324893139e-06	0	5.5791118054e-05	0.000789658901687	0.000141623607368	8.58324893139e-05	4.29162446569e-06	1.71664978628e-05	0.00021887284775	0.000102998987177	0	5.5791118054e-05	0	0	0	8.58324893139e-05	0.00692239026316	0.00448903919111	0.00553190393628	0.00190548126277	3.86246201912e-05	4.29162446569e-05	9.01241137795e-05	0.000120165485039	8.58324893139e-05	5.5791118054e-05	3.00413712598e-05	1.71664978628e-05	8.58324893139e-06	0
0.00114157210787	8.58324893139e-06	0.000167373354162	0	0.00874203903662	0	0.000476370315692	0.00720134585343	0.00036907970405	0.00602544074983	0.00161794242357	8.58324893139e-06	0.00224022797109	4.29162446569e-06	0.000703826412374	2.57497467942e-05	0.00537311383105	3.43329957255e-05	0	0	0.0031028444887	0.00242476782312	0.00357063155546	0.00193123100956	0.0388263265411	0	1.71664978628e-05	0.000167373354162	0.0179346986421	0.00149348531406	0.00353200693527	0	0	0.00083686677081	0.00113298885894	2.57497467942e-05	4.29162446569e-06	0	0	0.000231747721147	0	2.14581223285e-05	7.29576159168e-05	1.71664978628e-05	0.00121452972379	6.86659914511e-05	0	0.000128748733971	0	2.57497467942e-05	8.58324893139e-06	2.14581223285e-05	0	0	0	5.5791118054e-05	1.71664978628e-05	0.000124457109505	2.57497467942e-05	0.000935574133521	0	0	4.29162446569e-06	0.00021887284775	8.58324893139e-06	4.29162446569e-05	0	0	0	3.43329957255e-05	0.000729576159168	0.000291830463667	0.000394829450844	0.000133040358436	0.000304705337064	4.29162446569e-06	0	2.14581223285e-05	4.29162446569e-06	1.28748733971e-05	8.58324893139e-06	1.28748733971e-05	4.29162446569e-06	0
4.29162446569e-06	0.000390537826378	4.72078691226e-05	0	0	4.29162446569e-06	4.29162446569e-06	4.29162446569e-06	8.58324893139e-06	0	0	0.00361783942458	0	0.00333459220984	1.28748733971e-05	0	0	0.00021887284775	5.5791118054e-05	0.000828283521879	0	8.58324893139e-06	0	1.28748733971e-05	0	0.0129435393885	0.00378092115428	0.00249772543903	0	2.57497467942e-05	4.29162446569e-06	1.71664978628e-05	4.29162446569e-06	0	0.000609410674128	0	0.000343329957255	0	0	0	0	4.29162446569e-06	0	4.29162446569e-06	0	0	0.000472078691226	0	0.000832575146344	4.29162446569e-06	0	0	1.28748733971e-05	4.29162446569e-05	4.29162446569e-05	0	0	0	0	0	0.00105573961856	0.000360496455118	0.000184539852025	0	0	0	0	4.29162446569e-06	0	4.72078691226e-05	6.00827425197e-05	0.00136473658009	0.000669493416648	7.29576159168e-05	0	0	0.000609410674128	4.29162446569e-06	0.000489245189089	9.44157382452e-05	8.58324893139e-06	4.29162446569e-06	8.58324893139e-06	0.000128748733971
3.43329957255e-05	0.00363500592244	0.00742021870118	0	0	1.28748733971e-05	8.58324893139e-06	3.00413712598e-05	8.58324893139e-06	0	0	0.00815837810928	0	0.00404271024668	4.29162446569e-05	8.58324893139e-06	4.72078691226e-05	0.0080940037423	0.000708118036839	0.00849741644207	4.29162446569e-06	0.000317580210461	0.000317580210461	0.000918407635658	1.71664978628e-05	0.00378092115428	0.0591900846308	0.020947419017	4.29162446569e-05	0.000128748733971	0.000133040358436	0.000553619556074	0	2.57497467942e-05	0.00546323794483	0	0.00165227541929	9.44157382452e-05	0	0	0	0	0	0	0	0	0.000356204830652	0	0.000351913206187	0	0	8.58324893139e-06	0.000184539852025	8.15408648482e-05	0.000111582236108	0	8.58324893139e-06	3.00413712598e-05	6.43743669854e-05	0	0.000793950526153	0.000678076665579	0.000746742657031	0	0	0	4.29162446569e-06	0	0	0.000141623607368	0.0016007759257	0.00388392014145	0.00390966988825	0.00092699088459	1.28748733971e-05	4.29162446569e-06	0.000141623607368	6.86659914511e-05	0.000364788079584	0.000158790105231	5.5791118054e-05	0	4.29162446569e-06	3.00413712598e-05
4.29162446569e-05	0.00728717834275	0.0186471083034	0	0	1.28748733971e-05	8.58324893139e-06	6.43743669854e-05	8.58324893139e-06	9.01241137795e-05	0	0.00122311297272	0	0.000879783015467	5.14994935883e-05	8.58324893139e-06	0.0019269393851	0.00381954577447	6.43743669854e-05	0.0013132370865	0	0.00181106552452	0.00690951538977	0.0150421437523	0.000167373354162	0.00249772543903	0.020947419017	0.0686788663245	0.000253205843476	0.000154498480765	0.000592244176266	8.15408648482e-05	4.29162446569e-06	8.15408648482e-05	0.00344188282149	0	0.00174669115754	0.000446328944432	0	0	0	4.29162446569e-06	4.29162446569e-06	0	3.86246201912e-05	0	9.44157382452e-05	0	8.15408648482e-05	0	0	0.000167373354162	0.000270372341339	8.58324893139e-06	4.29162446569e-05	0	8.15408648482e-05	0.00100424012497	0.000300413712598	1.71664978628e-05	0.000201706349888	0.00033903833279	0.000909824386727	2.14581223285e-05	4.29162446569e-06	4.29162446569e-05	0	0	0	0.000274663965804	0.00287538839201	0.00330455083858	0.00284105539629	0.000952740631384	2.14581223285e-05	4.29162446569e-06	5.14994935883e-05	0.000154498480765	0.00027895559027	0.000214581223285	4.72078691226e-05	8.58324893139e-06	4.29162446569e-06	8.58324893139e-06
0.00242905944758	2.14581223285e-05	0.000390537826378	0	0.00533878083532	8.58324893139e-06	0.000785367277222	0.0209517106415	0.000673785041114	0.00310713611316	0.00502120062486	4.29162446569e-06	0.00134327845776	8.58324893139e-06	0.00115015535681	2.14581223285e-05	0.00345475769488	0.000158790105231	0	8.58324893139e-06	0.00293117951007	0.00490532676429	0.0024891421901	0.00359208967778	0.0179346986421	0	4.29162446569e-05	0.000253205843476	0.0494867217139	0.00290113813881	0.0116989682935	0	0	0.00169948328841	0.00211147923712	2.14581223285e-05	0	4.29162446569e-06	0	6.86659914511e-05	0	2.57497467942e-05	8.15408648482e-05	2.57497467942e-05	0.00109865586322	4.72078691226e-05	0	8.15408648482e-05	0	3.86246201912e-05	8.58324893139e-06	1.28748733971e-05	4.29162446569e-06	0	0	3.86246201912e-05	3.86246201912e-05	0.000175956603093	2.14581223285e-05	0.000575077678403	0	0	4.29162446569e-06	0.000193123100956	1.28748733971e-05	6.43743669854e-05	0	4.29162446569e-06	0	4.72078691226e-05	0.00125744596845	0.000446328944432	0.000772492403825	0.000244622594544	0.000175956603093	2.14581223285e-05	1.28748733971e-05	3.43329957255e-05	8.58324893139e-06	8.58324893139e-06	4.29162446569e-06	2.57497467942e-05	4.29162446569e-06	0
0.00738159408099	1.71664978628e-05	0.000433454071035	0	0.000231747721147	0.00121452972379	0.00299984550152	0.00476370315692	0.00533019758639	0.000669493416648	0.00080682539955	0.000274663965804	0.000442037319966	0.000236039345613	0.0157159287934	0.000261789092407	0.000579369302869	0.000231747721147	8.58324893139e-06	7.72492403825e-05	0.000244622594544	0.00472078691226	0.000506411686952	0.00289684651434	0.00149348531406	2.57497467942e-05	0.000128748733971	0.000154498480765	0.00290113813881	0.0441565241275	0.0107762690334	0	0.000978490378178	0.0105745626835	0.0134628259489	0	4.29162446569e-06	0	0	2.14581223285e-05	0	8.58324893139e-06	2.57497467942e-05	8.58324893139e-06	0.000291830463667	8.58324893139e-06	4.29162446569e-06	2.14581223285e-05	0	0	4.29162446569e-06	4.29162446569e-06	0	0	0	2.57497467942e-05	4.29162446569e-06	4.29162446569e-05	0	0.000163081729696	0	0	0	8.15408648482e-05	0	1.28748733971e-05	0	0	0	1.71664978628e-05	0.00342900794809	0.000545036307143	0.00602544074983	0.00134757008223	0.000635160420923	0.000381954577447	3.00413712598e-05	2.57497467942e-05	4.29162446569e-06	4.29162446569e-06	4.29162446569e-06	4.29162446569e-06	0	0
0.00543319657357	2.57497467942e-05	0.00171664978628	0	0.000214581223285	4.29162446569e-06	0.00021887284775	0.00948019844472	0.000549327931609	0.00158790105231	0.000514994935883	1.71664978628e-05	0.000163081729696	3.00413712598e-05	0.00159219267677	4.29162446569e-05	0.00226168609342	0.000819700272947	0	2.14581223285e-05	9.01241137795e-05	0.0160420922528	0.00190977288723	0.00864333167391	0.00353200693527	4.29162446569e-06	0.000133040358436	0.000592244176266	0.0116989682935	0.0107762690334	0.0421308773797	0	0	0.00563490292345	0.00580227627762	1.71664978628e-05	8.58324893139e-06	0	0	3.43329957255e-05	0	4.29162446569e-06	6.86659914511e-05	1.28748733971e-05	0.000733867783633	4.29162446569e-05	0	4.72078691226e-05	4.29162446569e-06	1.71664978628e-05	0	8.58324893139e-06	0	0	0	5.14994935883e-05	5.5791118054e-05	0.000180248227559	1.28748733971e-05	0.000356204830652	0	0	1.71664978628e-05	0.000184539852025	0	6.86659914511e-05	0	4.29162446569e-06	0	3.43329957255e-05	0.00318009372908	0.00107290611642	0.00236039345613	0.000746742657031	9.44157382452e-05	2.14581223285e-05	3.86246201912e-05	5.14994935883e-05	1.28748733971e-05	1.28748733971e-05	1.28748733971e-05	2.14581223285e-05	0	0
0	0	0	0	0	0	0	0	0	0	0	0.000137331982902	0	0.000330455083858	0	0	0	0	0	2.14581223285e-05	0	0	0	0	0	1.71664978628e-05	0.000553619556074	8.15408648482e-05	0	0	0	0.000592244176266	0	0	0	0	4.29162446569e-06	0	0	0	0	0	0	0	0	0	4.29162446569e-06	0	0	0	0	0	0	0	0	0	0	0	0	0	8.58324893139e-06	4.29162446569e-06	0	0	0	0	0	0	0	0	0	0	0	0	0	0	0	0	0	0	0	0	0	0
4.29162446569e-06	0	0	0	0	0.00127890409078	0.000579369302869	0	0.000733867783633	0	0	4.29162446569e-06	0	1.71664978628e-05	0.000536453058212	1.71664978628e-05	0	0	0	0	0	0	0	0	0	4.29162446569e-06	0	4.29162446569e-06	0	0.000978490378178	0	0	0.00225310284449	4.29162446569e-06	0.000540744682677	0	0	0	0	0	0	0	0	0	0	0	0	0	0	0	0	0	0	0	0	0	0	0	0	0	0	0	0	0	0	0	0	0	0	0	8.58324893139e-06	1.28748733971e-05	7.29576159168e-05	8.58324893139e-06	7.29576159168e-05	0.000128748733971	0	0	0	0	0	0	0	0
0.00197843887868	1.28748733971e-05	0.000240330970079	0	7.72492403825e-05	4.29162446569e-06	0.000197414725422	0.0019140645117	0.000454912193363	0.000416287573172	0.00024891421901	1.28748733971e-05	0.000124457109505	2.57497467942e-05	0.00140765282475	2.57497467942e-05	0.000463495442295	0.000107290611642	0	4.29162446569e-06	0.000111582236108	0.00333030058538	0.000450620568898	0.00133040358436	0.00083686677081	0	2.57497467942e-05	8.15408648482e-05	0.00169948328841	0.0105745626835	0.00563490292345	0	4.29162446569e-06	0.0136001579318	0.00693955676103	0	0	0	0	1.28748733971e-05	0	0	2.14581223285e-05	0	0.000171664978628	1.28748733971e-05	0	8.58324893139e-06	0	0	0	4.29162446569e-06	0	0	0	1.28748733971e-05	4.29162446569e-06	3.43329957255e-05	0	7.29576159168e-05	0	4.29162446569e-06	4.29162446569e-06	3.43329957255e-05	0	4.29162446569e-06	0	0	0	1.28748733971e-05	0.0023389353338	0.000347621581721	0.00249343381457	0.000609410674128	6.43743669854e-05	2.57497467942e-05	1.28748733971e-05	2.14581223285e-05	8.58324893139e-06	4.29162446569e-06	8.58324893139e-06	4.29162446569e-06	0	0
0.00205997974353	0.00077678402829	0.00491391001322	0	7.29576159168e-05	0.00125744596845	0.00168660841502	0.00196127238082	0.00212435411052	0.00055791118054	0.000300413712598	0.00539886357784	0.000145915231834	0.00100424012497	0.0052786980928	0.000223164472216	0.00132182033543	0.00535594733318	0.000111582236108	0.00294405438347	9.87073627109e-05	0.00456199680703	0.00141194444921	0.00714984635984	0.00113298885894	0.000609410674128	0.00546323794483	0.00344188282149	0.00211147923712	0.0134628259489	0.00580227627762	0	0.000540744682677	0.00693955676103	0.049847218169	4.29162446569e-06	0.00024891421901	3.86246201912e-05	0	1.71664978628e-05	0	0	1.71664978628e-05	4.29162446569e-06	0.000205997974353	1.28748733971e-05	5.5791118054e-05	4.29162446569e-06	5.14994935883e-05	4.29162446569e-06	0	1.28748733971e-05	1.71664978628e-05	0	8.58324893139e-06	8.58324893139e-06	1.71664978628e-05	0.000128748733971	6.43743669854e-05	0.000107290611642	0.000115873860574	0.000107290611642	0.000150206856299	7.72492403825e-05	4.29162446569e-06	8.58324893139e-06	0	0	0	7.29576159168e-05	0.0112268896023	0.00608981511682	0.0238571404048	0.00597823288071	0.000390537826378	0.000536453058212	0.000403412699775	0.000231747721147	9.01241137795e-05	8.58324893139e-05	6.00827425197e-05	3.86246201912e-05	4.29162446569e-06	8.58324893139e-06
8.58324893139e-06	0	0	0	8.58324893139e-06	0	0	1.71664978628e-05	0	5.5791118054e-05	0	0	4.29162446569e-06	0	4.29162446569e-06	0	2.14581223285e-05	0	0	0	0	0	3.00413712598e-05	0	2.57497467942e-05	0	0	0	2.14581223285e-05	0	1.71664978628e-05	0	0	0	4.29162446569e-06	0.0121324223645	4.29162446569e-06	1.71664978628e-05	0	9.44157382452e-05	0	0.000841158395276	0.00287968001648	0.00128748733971	0.00027895559027	0.000768200779359	8.58324893139e-06	0.000742451032565	0	0.00487528539303	6.00827425197e-05	8.58324893139e-05	1.28748733971e-05	0	4.29162446569e-06	0.000244622594544	0.000167373354162	0.000133040358436	0.000111582236108	0.000811117024016	0	4.29162446569e-06	2.14581223285e-05	0.000772492403825	0.00227026934235	0.00124886271952	0	4.29162446569e-06	0.000330455083858	0.000562202805006	1.28748733971e-05	4.29162446569e-06	0	0	0	0	0	0.000583660927334	9.87073627109e-05	0.000330455083858	0.000145915231834	0.000793950526153	7.29576159168e-05	0
4.29162446569e-06	0.00214581223285	0.000879783015467	0	0	0	0	0	0	8.58324893139e-06	0	0.000154498480765	0	3.43329957255e-05	0	0	1.71664978628e-05	0.00030899696153	0	0.000180248227559	0	2.57497467942e-05	0.000476370315692	0.000236039345613	4.29162446569e-06	0.000343329957255	0.00165227541929	0.00174669115754	0	4.29162446569e-06	8.58324893139e-06	4.29162446569e-06	0	0	0.00024891421901	4.29162446569e-06	0.0180119478825	0.0022016033509	0	0	0	4.29162446569e-06	4.29162446569e-06	4.29162446569e-06	3.00413712598e-05	0	0.000626577171991	0	0.000630868796457	0	0	0.000154498480765	0.00234322695827	0.000158790105231	0.00077678402829	0	0.00018883147649	0.00187973151597	0.000841158395276	4.29162446569e-06	0.00254922493262	0.00376804628088	0.00839012583043	1.28748733971e-05	1.28748733971e-05	8.15408648482e-05	0	0	8.58324893139e-06	0.00140336120028	0.000137331982902	0.000261789092407	0.000231747721147	8.58324893139e-05	0	0	8.58324893139e-06	0.000407704324241	0.00144627744494	0.001188779977	0.000411995948707	1.71664978628e-05	3.86246201912e-05	4.72078691226e-05
0	0.000472078691226	0.000296122088133	0	0	0	0	0	0	4.29162446569e-06	0	8.58324893139e-06	0	0	0	0	1.71664978628e-05	5.5791118054e-05	0	1.28748733971e-05	0	1.71664978628e-05	0.00033903833279	0.000145915231834	0	0	9.44157382452e-05	0.000446328944432	4.29162446569e-06	0	0	0	0	0	3.86246201912e-05	1.71664978628e-05	0.0022016033509	0.0250587952552	0	0	0	8.58324893139e-06	3.00413712598e-05	8.58324893139e-06	3.86246201912e-05	2.14581223285e-05	7.29576159168e-05	8.58324893139e-06	1.28748733971e-05	2.57497467942e-05	0	0.000665201792182	0.00703397249927	1.28748733971e-05	0.000223164472216	4.29162446569e-06	0.00154069318318	0.00141623607368	0.00769059104252	3.86246201912e-05	5.14994935883e-05	0.00390537826378	0.009694779668	0.000115873860574	9.44157382452e-05	0.000609410674128	0	0	3.86246201912e-05	0.0036650472937	3.86246201912e-05	3.00413712598e-05	4.29162446569e-05	4.29162446569e-06	0	0	0	0.00132182033543	0.0020385216212	0.00250630868796	0.000931282509055	9.87073627109e-05	9.87073627109e-05	2.57497467942e-05
0	0	0	0	0	0	0	0	0	0	0	0	0	0	0	0	0	0	0	0	0	0	0	0	0	0	0	0	0	0	0	0	0	0	0	0	0	0	0	0	0	0	0	0	0	0	0	0	0	0	0	0	0	0	0	0	0	0	0	0	0	0	0	0	0	0	0	0	0	0	0	0	0	0	0	0	0	0	0	0	0	0	0	0
1.28748733971e-05	0	0	0	0.00224022797109	0	0	9.44157382452e-05	4.29162446569e-06	0.000150206856299	1.28748733971e-05	0	8.58324893139e-05	0	8.58324893139e-06	4.29162446569e-06	1.28748733971e-05	0	0	0	8.58324893139e-06	8.58324893139e-06	1.71664978628e-05	8.58324893139e-06	0.000231747721147	0	0	0	6.86659914511e-05	2.14581223285e-05	3.43329957255e-05	0	0	1.28748733971e-05	1.71664978628e-05	9.44157382452e-05	0	0	0	0.0172437471032	0	0.000283247214736	0.000635160420923	0.000115873860574	0.00128748733971	0.00338609170343	0	0.00245051756991	0	0.000171664978628	1.28748733971e-05	8.58324893139e-06	0	0	0	0.00731721971401	1.71664978628e-05	4.29162446569e-05	0	0.00656618543251	0	0	4.29162446569e-06	0.00390108663931	3.43329957255e-05	9.87073627109e-05	0	0	4.29162446569e-06	4.72078691226e-05	4.29162446569e-06	0	8.58324893139e-06	0	8.58324893139e-06	0	0	4.72078691226e-05	1.28748733971e-05	2.57497467942e-05	1.71664978628e-05	0.000115873860574	8.58324893139e-06	0
0	0	0	0	0	0	0	0	0	0	0	0	0	0	0	0	0	0	0	0	0	0	0	0	0	0	0	0	0	0	0	0	0	0	0	0	0	0	0	0	0.00398262750416	0.00247197569224	0	0.000978490378178	0	8.58324893139e-06	8.58324893139e-06	8.58324893139e-06	0	0.000334746708324	0.000652326918785	0	0	0	4.29162446569e-06	0	0	0	0	0	0	0	0	0	0.000133040358436	0	0	0.00129177896417	0	0.000321871834927	0	0	0	0	0	0	0	1.71664978628e-05	0	4.29162446569e-05	1.28748733971e-05	0.000514994935883	0.000879783015467	0
4.29162446569e-06	0	0	0	1.28748733971e-05	0	0	1.28748733971e-05	0	3.43329957255e-05	4.29162446569e-06	0	5.5791118054e-05	0	0	8.58324893139e-06	0	0	0	0	4.29162446569e-06	0	4.29162446569e-06	0	2.14581223285e-05	4.29162446569e-06	0	4.29162446569e-06	2.57497467942e-05	8.58324893139e-06	4.29162446569e-06	0	0	0	0	0.000841158395276	4.29162446569e-06	8.58324893139e-06	0	0.000283247214736	0.00247197569224	0.0417617976757	0.00179819065113	0.0163467975898	0.000403412699775	0.00792663038813	7.29576159168e-05	0.0100252347519	1.71664978628e-05	0.00708118036839	0.00355346505759	4.29162446569e-05	8.58324893139e-06	0	1.28748733971e-05	0.00199989700101	4.29162446569e-05	3.43329957255e-05	4.29162446569e-05	0.00128748733971	4.29162446569e-06	4.29162446569e-06	1.71664978628e-05	0.000982782002644	0.00213722898391	0.000360496455118	0	0.00196985562975	4.72078691226e-05	0.00141623607368	0	0	4.29162446569e-06	4.29162446569e-06	0	0	0	0.000733867783633	9.44157382452e-05	0.00100853174944	0.000296122088133	0.00507270011845	0.00144198582047	4.29162446569e-06
8.58324893139e-06	4.29162446569e-06	0	0	1.71664978628e-05	0	0	6.86659914511e-05	0	0.000197414725422	0	0	8.58324893139e-06	0	8.58324893139e-06	0	3.00413712598e-05	0	0	0	0	1.71664978628e-05	8.15408648482e-05	4.29162446569e-06	7.29576159168e-05	0	0	4.29162446569e-06	8.15408648482e-05	2.57497467942e-05	6.86659914511e-05	0	0	2.14581223285e-05	1.71664978628e-05	0.00287968001648	4.29162446569e-06	3.00413712598e-05	0	0.000635160420923	0	0.00179819065113	0.0284920948277	0.00135186170669	0.0011630302302	0.00520144885242	1.28748733971e-05	0.00206856299246	4.29162446569e-06	0.00237755995399	4.72078691226e-05	0.000283247214736	3.00413712598e-05	0	0	0.00111582236108	0.000403412699775	0.000304705337064	0.000261789092407	0.0054417798225	0	0	2.57497467942e-05	0.0109908502566	0.000373371328515	0.00434312395928	0	4.29162446569e-06	7.72492403825e-05	0.000673785041114	1.28748733971e-05	0	4.29162446569e-06	8.58324893139e-06	8.58324893139e-06	0	0	0.000609410674128	0.000115873860574	0.000326163459393	0.000163081729696	0.000570786053937	8.58324893139e-05	0
