0.0157480617475	0	0.00180570603106	0	0	3.84192772566e-06	0.000192096386283	0.00271240097431	0.00131009735445	1.53677109026e-05	3.84192772566e-06	3.84192772566e-05	1.1525783177e-05	0	0.00927057160201	4.61031327079e-05	0.000357299278486	0.00162897735568	1.53677109026e-05	0.000372666989389	3.84192772566e-06	0.00159055807842	0	0.00126015229402	0.000695388918344	0	0.00132546506535	0.000184412530831	0.00147145831893	0.00778374557218	0.0121904366735	0	0	0.00113336867907	0.00431832676364	0	4.61031327079e-05	0	0	0	0	2.68934940796e-05	2.68934940796e-05	0	4.22612049822e-05	2.68934940796e-05	0	0	0	0	0	0	3.84192772566e-06	0	3.84192772566e-06	0	3.84192772566e-06	3.84192772566e-06	0	4.22612049822e-05	0	0	4.61031327079e-05	4.61031327079e-05	0	0	0	0	0	0	6.91546990618e-05	7.68385545131e-06	0.000883643376901	0.000261251085345	6.91546990618e-05	1.1525783177e-05	0.000111415904044	1.1525783177e-05	0	1.1525783177e-05	0	0	0	0
0	0.0221909745434	0.00011525783177	0	2.68934940796e-05	7.29966267875e-05	7.68385545131e-06	3.84192772566e-06	0	0.00398792097923	0	3.07354218052e-05	0	0.0005839730143	7.68385545131e-06	0.00035345735076	0.000280460723973	5.37869881592e-05	3.84192772566e-06	1.1525783177e-05	0	0.000242041446716	0.0083561928033	0.000676179279715	0.00465257447577	0.00313501302413	0.0031004356746	0.0180263248888	0.000207464097185	7.68385545131e-06	7.68385545131e-06	7.68385545131e-06	0	4.61031327079e-05	0.000215147952637	0	0.00737650123326	3.84192772566e-06	0	3.84192772566e-06	0	7.68385545131e-06	7.68385545131e-06	0	9.60481931414e-05	2.30515663539e-05	1.92096386283e-05	3.84192772566e-06	6.91546990618e-05	7.68385545131e-06	0	0.000257409157619	0.00109110747409	8.83643376901e-05	0.000242041446716	7.68385545131e-06	7.68385545131e-06	0.00195554121236	8.45224099644e-05	0.000195938314008	0.00029198650715	0.000153677109026	0.0086558631659	3.07354218052e-05	3.84192772566e-06	0	0	0	0	3.07354218052e-05	5.76289158848e-05	7.68385545131e-06	0.000242041446716	0.00011525783177	0.000303512290327	7.68385545131e-06	7.68385545131e-06	0.000107573976318	9.9890120867e-05	3.84192772566e-05	0	0	0	0
0.00180570603106	0.00011525783177	0.0426185042607	0	0	3.84192772566e-06	0.000142151325849	0.00154445494571	0.00422996242595	1.92096386283e-05	1.53677109026e-05	4.22612049822e-05	0	7.68385545131e-06	0.00287760386652	0.000107573976318	0.000126783614947	0.00582436243209	1.1525783177e-05	0.000195938314008	3.84192772566e-06	0.00405707567829	1.1525783177e-05	0.0196668280276	0.000134467470398	0	0.00778374557218	0.0151448790945	0.000749175906503	0.000503292532061	0.00681173785759	1.1525783177e-05	7.68385545131e-06	0.000192096386283	0.00203237976687	0	0.000376508917114	0.000791437111485	0	3.84192772566e-06	0	3.84192772566e-06	7.68385545131e-05	1.53677109026e-05	0.000153677109026	7.68385545131e-06	3.84192772566e-06	0	0	1.53677109026e-05	3.84192772566e-06	0.0014368809694	8.06804822388e-05	1.1525783177e-05	3.84192772566e-05	3.84192772566e-06	5.76289158848e-05	0.00197090892326	0.00478320001844	2.30515663539e-05	7.68385545131e-06	0.000449505543902	0.00308890989143	0.000103732048593	0	3.84192772566e-06	0	0	0	9.22062654157e-05	0.00323874507273	8.06804822388e-05	0.0036536732671	0.000845224099644	0.000741492051052	0.000161360964478	8.83643376901e-05	0.000948956148237	0.000391876628017	0.00049560867661	9.9890120867e-05	0	0	3.84192772566e-06
0	0	0	0	0	0	0	0	0	0	0	0	0	0	0	0	0	0	0	0	0	0	0	0	0	0	0	0	0	0	0	0	0	0	0	0	0	0	0	0	0	0	0	0	0	0	0	0	0	0	0	0	0	0	0	0	0	0	0	0	0	0	0	0	0	0	0	0	0	0	0	0	0	0	0	0	0	0	0	0	0	0	0	0
0	2.68934940796e-05	0	0	0.0123172202885	5.37869881592e-05	0.00100658506412	0.000161360964478	0.000276618796247	0.000987375425493	0.00082217253329	3.07354218052e-05	0.00270855904659	3.84192772566e-06	0.000587814942025	0.000464873254804	0	0	3.07354218052e-05	1.53677109026e-05	0.00667342845946	0	2.68934940796e-05	7.68385545131e-06	0.00400713061786	0	0.000215147952637	8.83643376901e-05	0.00141767133077	0.000195938314008	0	3.84192772566e-06	0.000107573976318	0	0.000414928194371	0	0	0	0	0.00335016097677	3.84192772566e-06	0.000126783614947	3.07354218052e-05	2.30515663539e-05	0.00096432385914	0.000165202892203	5.37869881592e-05	0.000391876628017	0.00011525783177	3.84192772566e-06	6.53127713361e-05	0	1.53677109026e-05	8.45224099644e-05	4.61031327079e-05	0.00262787856435	0	0	0	0.00109110747409	3.84192772566e-06	0.000161360964478	0.000153677109026	8.06804822388e-05	1.92096386283e-05	0	1.92096386283e-05	0	0	0.000303512290327	0.000192096386283	7.68385545131e-05	0.000330405784406	6.53127713361e-05	0.0010488462691	8.83643376901e-05	0	7.68385545131e-06	7.68385545131e-06	0.000172886747655	0	6.14708436105e-05	0	0
3.84192772566e-06	7.29966267875e-05	3.84192772566e-06	0	5.37869881592e-05	0.00948187762692	0.004537316644	0.000276618796247	0.000864433738273	0.00055707952022	0.000157519036752	9.9890120867e-05	0.000157519036752	6.14708436105e-05	0.000322721928955	0.00281613302291	2.68934940796e-05	3.84192772566e-06	0	0	9.60481931414e-05	3.45773495309e-05	9.22062654157e-05	0.000126783614947	0.000576289158848	7.68385545131e-06	1.92096386283e-05	7.68385545131e-05	0.000376508917114	0.000503292532061	6.53127713361e-05	3.84192772566e-06	0.00281613302291	0.000165202892203	0.00124094265539	0	0	0	0	0	0	7.68385545131e-06	7.68385545131e-06	0	2.68934940796e-05	7.68385545131e-06	0	0	0	0	0	1.53677109026e-05	0	0	0	0	1.53677109026e-05	1.53677109026e-05	3.84192772566e-06	2.30515663539e-05	0	0	0	1.53677109026e-05	0	0	0	0	0	0	0.000211306024911	7.68385545131e-06	0.000599340725202	0.00029198650715	0.00339242218175	0.000687705062892	3.45773495309e-05	1.1525783177e-05	0	0	0	0	0	0
0.000192096386283	7.68385545131e-06	0.000142151325849	0	0.00100658506412	0.004537316644	0.0643330797661	0.00695388918344	0.0310581437342	0.000149835181301	0.021733785144	0.00636607424141	0.0185027239268	0.000418770122096	0.0129933995682	0.00558232098538	7.68385545131e-05	3.45773495309e-05	0.00428759134183	0.00120636530586	0.00633918074733	0.000322721928955	1.1525783177e-05	0.000364983133937	0.00121020723358	0	0.00434522025772	0.000852907955096	0.00390339856927	0.0111876935371	0.0007338081956	0.000119099759495	0.00595498797477	0.00132546506535	0.0137118400529	0	2.30515663539e-05	0	0	0	0	7.68385545131e-06	3.84192772566e-06	0	0.000111415904044	8.45224099644e-05	3.84192772566e-06	0	3.84192772566e-06	0	0	0	1.92096386283e-05	4.22612049822e-05	7.29966267875e-05	1.1525783177e-05	0	0	3.84192772566e-06	0.000169044819929	4.61031327079e-05	3.45773495309e-05	3.07354218052e-05	3.84192772566e-05	0	0	0	0	0	1.92096386283e-05	0.00170197398247	0.000165202892203	0.00437595567952	0.00103732048593	0.00339242218175	0.000995059280945	0.000245883374442	3.84192772566e-05	1.1525783177e-05	4.22612049822e-05	3.84192772566e-06	0	0	0
0.00271240097431	3.84192772566e-06	0.00154445494571	0	0.000161360964478	0.000276618796247	0.00695388918344	0.0391492435244	0.0117332472742	2.30515663539e-05	0.00369977639981	0.000537869881592	7.29966267875e-05	8.45224099644e-05	0.00797200003074	0.000918220726432	5.37869881592e-05	0.000142151325849	0.000399560483468	0.000484082893433	7.68385545131e-05	0.00230131470767	0	0.00207464097185	0.000802962894662	0	0.00140230361986	0.000453347471627	0.0185603528426	0.0104462014861	0.00693852147253	6.53127713361e-05	0.000249725302168	0.00457957784898	0.00841766364691	0	1.1525783177e-05	0	0	1.53677109026e-05	0	3.84192772566e-05	4.99450604335e-05	0	0.000607024580654	0.000180570603106	3.84192772566e-06	3.84192772566e-06	0	0	0	0	3.84192772566e-05	3.84192772566e-06	0.000130625542672	0.000130625542672	0	0	3.84192772566e-06	0.000464873254804	1.1525783177e-05	1.1525783177e-05	2.68934940796e-05	0.00026509301307	5.37869881592e-05	0	0	0	0	6.53127713361e-05	0.00116410410087	0.000334247712132	0.00591656869751	0.00212458603229	0.000983533497768	0.000603182652928	0.000184412530831	0.000134467470398	2.68934940796e-05	8.06804822388e-05	4.99450604335e-05	1.1525783177e-05	0	0
0.00131009735445	0	0.00422996242595	0	0.000276618796247	0.000864433738273	0.0310581437342	0.0117332472742	0.0653742421798	0	0.010250263172	0.00300054555374	0.00878264678085	0.000261251085345	0.0279116049269	0.00187486073012	0.000357299278486	0.00124478458311	0.00172118362109	0.000587814942025	0.00318880001229	0.00189791229647	0	0.00298133591511	0.00109494940181	0	0.00459110363216	0.000430295905273	0.00553621785267	0.00909384292663	0.0101618988344	8.06804822388e-05	0.00522117977917	0.00175576097062	0.00935125208425	0	3.84192772566e-06	7.68385545131e-06	0	0	0	2.30515663539e-05	1.92096386283e-05	0	0.000153677109026	9.60481931414e-05	0	0	0	0	0	0	2.68934940796e-05	7.68385545131e-06	3.45773495309e-05	1.92096386283e-05	7.68385545131e-06	3.84192772566e-06	1.1525783177e-05	0.000215147952637	3.84192772566e-06	2.68934940796e-05	1.53677109026e-05	8.45224099644e-05	0	0	0	0	0	3.45773495309e-05	0.00112568482362	2.68934940796e-05	0.00439132339042	0.00121020723358	0.000710756629246	0.000633918074733	0.000338089639858	6.14708436105e-05	1.92096386283e-05	8.45224099644e-05	1.1525783177e-05	0	0	0
1.53677109026e-05	0.00398792097923	1.92096386283e-05	0	0.000987375425493	0.00055707952022	0.000149835181301	2.30515663539e-05	0	0.0182145793473	0	1.1525783177e-05	0.000368825061663	0.000211306024911	3.07354218052e-05	0.00177881253698	0.000852907955096	3.84192772566e-06	0	3.84192772566e-06	0.000192096386283	1.1525783177e-05	0.0060049330352	2.68934940796e-05	0.0109187585963	0.00167123856066	0.0007338081956	0.00256256579301	0.0035345735076	9.9890120867e-05	8.45224099644e-05	0	3.84192772566e-06	0.000391876628017	0.00113721060679	1.53677109026e-05	5.76289158848e-05	0	0	0.00170197398247	0	0.000184412530831	0.000514818315238	4.22612049822e-05	0.00708067279838	0.000334247712132	0	0.00011525783177	1.92096386283e-05	4.99450604335e-05	5.37869881592e-05	3.45773495309e-05	8.83643376901e-05	1.92096386283e-05	4.22612049822e-05	0.00108342361863	6.91546990618e-05	0.0005839730143	2.68934940796e-05	0.00542480194863	0.000119099759495	2.30515663539e-05	0.000103732048593	0.00220910844225	3.07354218052e-05	1.1525783177e-05	0	0	1.92096386283e-05	2.68934940796e-05	7.29966267875e-05	1.53677109026e-05	0.00127167807719	0.000726124340149	0.00299286169829	7.68385545131e-06	1.92096386283e-05	0.000845224099644	9.60481931414e-05	0.000388034700291	0.000541711809317	0	0	0
3.84192772566e-06	0	1.53677109026e-05	0	0.00082217253329	0.000157519036752	0.021733785144	0.00369977639981	0.010250263172	0	0.0353418931483	0.00257024964846	0.00624313255419	0.00011525783177	0.00451042314992	0.00046871518253	2.30515663539e-05	0	0.00139077783669	0.000710756629246	0.00320800965092	4.99450604335e-05	0	5.37869881592e-05	5.76289158848e-05	0	0.00226289543041	0.000518660242964	0.00240504675626	0.00441437495678	0.000126783614947	6.91546990618e-05	0.00067233735199	7.68385545131e-06	0.00696157303889	0	1.92096386283e-05	0	0	0	0	0	0	0	0.000142151325849	0.000111415904044	0	0	3.84192772566e-06	0	0	0	2.68934940796e-05	1.92096386283e-05	4.99450604335e-05	6.14708436105e-05	0	3.84192772566e-06	3.45773495309e-05	0.000218989880362	2.30515663539e-05	1.92096386283e-05	2.68934940796e-05	1.1525783177e-05	2.30515663539e-05	0	0	0	0	3.45773495309e-05	0.000779911328308	0.000230515663539	0.00332326748269	0.000464873254804	9.60481931414e-05	0.00103732048593	4.99450604335e-05	2.30515663539e-05	7.68385545131e-06	2.68934940796e-05	1.1525783177e-05	0	0	0
3.84192772566e-05	3.07354218052e-05	4.22612049822e-05	0	3.07354218052e-05	9.9890120867e-05	0.00636607424141	0.000537869881592	0.00300054555374	1.1525783177e-05	0.00257024964846	0.031523016989	0.00558232098538	0.00717672099152	0.00422996242595	4.99450604335e-05	8.45224099644e-05	4.99450604335e-05	0.00646212243455	0.00379582459295	0.00240888868399	4.22612049822e-05	1.92096386283e-05	6.14708436105e-05	0.000192096386283	0.00190943807965	0.00893632388987	0.000334247712132	0.000741492051052	0.010027431364	0.000276618796247	0.00301975519237	0.000549395664769	0.000126783614947	0.0170120559692	0	6.91546990618e-05	7.68385545131e-06	0	0	0	1.92096386283e-05	1.92096386283e-05	1.1525783177e-05	0.000802962894662	7.68385545131e-05	6.53127713361e-05	4.22612049822e-05	0.00222063422543	0	3.84192772566e-06	0	3.84192772566e-06	0.000230515663539	0.000172886747655	4.61031327079e-05	0	1.92096386283e-05	0	0.000180570603106	0.000299670362601	0.00076070168968	0.00191328000738	5.76289158848e-05	6.53127713361e-05	0	1.92096386283e-05	0	0	0.000487924821158	0.00209385061048	0.00170581591019	0.00244730796124	0.000103732048593	0.000130625542672	3.84192772566e-06	0.000134467470398	0.000399560483468	0.000357299278486	0.000668495424264	7.68385545131e-05	2.30515663539e-05	0	7.68385545131e-06
1.1525783177e-05	0	0	0	0.00270855904659	0.000157519036752	0.0185027239268	7.29966267875e-05	0.00878264678085	0.000368825061663	0.00624313255419	0.00558232098538	0.0354840444742	0.000207464097185	0.0061394005056	0.00291218121605	7.68385545131e-06	0	0.00436442989634	0.00131393928217	0.0141459778859	1.1525783177e-05	0	7.68385545131e-06	0.00213995374319	0	0.00424148820912	0.00138309398124	0.00011525783177	0.00567068532307	3.84192772566e-05	6.91546990618e-05	0.00138693590896	7.68385545131e-06	0.00954719039825	0	3.45773495309e-05	0	0	1.1525783177e-05	2.30515663539e-05	0.000307354218052	0	0.000188254458557	3.84192772566e-05	0.000122941687221	0.000138309398124	0.00155982265662	8.45224099644e-05	7.68385545131e-06	0.000207464097185	0	0	0.000341931567583	2.30515663539e-05	0.00126399422174	0	0	0	1.53677109026e-05	0.000249725302168	0.000130625542672	0.00011525783177	0	7.68385545131e-06	0	7.68385545131e-06	0	0	0.000341931567583	0.000484082893433	0.00011525783177	0.00102195277502	7.29966267875e-05	0.000868275665998	6.91546990618e-05	2.30515663539e-05	3.84192772566e-05	3.84192772566e-06	0.000195938314008	0	0.000295828434875	0	0
0	0.0005839730143	7.68385545131e-06	0	3.84192772566e-06	6.14708436105e-05	0.000418770122096	8.45224099644e-05	0.000261251085345	0.000211306024911	0.00011525783177	0.00717672099152	0.000207464097185	0.0182952598296	0.00111031711271	0	3.84192772566e-06	3.84192772566e-06	8.45224099644e-05	1.1525783177e-05	0.000192096386283	1.1525783177e-05	0.00026509301307	2.68934940796e-05	0.000218989880362	0.00789516147622	0.00539790845455	0.00315422266276	8.45224099644e-05	0.00084906602737	1.92096386283e-05	0.00335784483222	0.000195938314008	1.1525783177e-05	0.00293139085468	0	0.000480240965707	0	0	0	0	1.53677109026e-05	7.68385545131e-06	7.68385545131e-06	0.000391876628017	4.99450604335e-05	5.76289158848e-05	1.53677109026e-05	0.00466794218667	0	0	0	0	0.000138309398124	0.000245883374442	1.53677109026e-05	0	2.68934940796e-05	0	4.22612049822e-05	0.00112568482362	0.000653127713361	0.00455652628263	1.1525783177e-05	1.92096386283e-05	0	2.30515663539e-05	0	0	0.000199780241734	0.00109110747409	0.000802962894662	0.00076070168968	0.000157519036752	1.53677109026e-05	9.9890120867e-05	0.000242041446716	0.000218989880362	0.000480240965707	0.00029198650715	5.76289158848e-05	1.1525783177e-05	0	5.37869881592e-05
0.00927057160201	7.68385545131e-06	0.00287760386652	0	0.000587814942025	0.000322721928955	0.0129933995682	0.00797200003074	0.0279116049269	3.07354218052e-05	0.00451042314992	0.00422996242595	0.0061394005056	0.00111031711271	0.0565800696157	0.000860591810547	0.000680021207441	0.00291218121605	0.000261251085345	0.000956640003688	0.00242809832261	0.00228210506904	3.84192772566e-06	0.00253183037121	0.00230131470767	0	0.00446816194494	0.000572447231123	0.00531722797231	0.0206657292363	0.0160938352428	0.000426453977548	0.00512513158602	0.00204006362232	0.0134390631843	0	4.61031327079e-05	1.1525783177e-05	0	0	0	6.14708436105e-05	6.91546990618e-05	3.84192772566e-06	0.000284302651699	9.9890120867e-05	0	7.68385545131e-06	3.84192772566e-06	3.84192772566e-06	3.84192772566e-06	0	4.61031327079e-05	2.30515663539e-05	4.61031327079e-05	2.68934940796e-05	7.68385545131e-06	3.84192772566e-06	1.1525783177e-05	0.000149835181301	1.92096386283e-05	5.37869881592e-05	7.29966267875e-05	0.000122941687221	1.1525783177e-05	0	0	0	0	0.000130625542672	0.00110647518499	0.000138309398124	0.0036844086889	0.000676179279715	0.00105268819683	0.000103732048593	0.000284302651699	8.83643376901e-05	1.92096386283e-05	0.00017672867538	2.30515663539e-05	0	0	0
4.61031327079e-05	0.00035345735076	0.000107573976318	0	0.000464873254804	0.00281613302291	0.00558232098538	0.000918220726432	0.00187486073012	0.00177881253698	0.00046871518253	4.99450604335e-05	0.00291218121605	0	0.000860591810547	0.0176421321162	0.000326563856681	1.53677109026e-05	3.07354218052e-05	2.30515663539e-05	0.0005839730143	0.000445663616176	0.000303512290327	0.000741492051052	0.00306585832507	6.53127713361e-05	0.000169044819929	0.000372666989389	0.00202469591142	0.00105268819683	0.000345773495309	0	0.000434137832999	0.00148682602983	0.00339626410948	0	2.68934940796e-05	0	0	7.68385545131e-06	0	6.91546990618e-05	0.000134467470398	7.68385545131e-06	0.0027700298902	0.000111415904044	0	3.84192772566e-06	1.1525783177e-05	4.99450604335e-05	2.68934940796e-05	8.45224099644e-05	2.30515663539e-05	0	2.68934940796e-05	4.22612049822e-05	0.000180570603106	0.000165202892203	6.14708436105e-05	0.00133699084853	0	1.1525783177e-05	8.45224099644e-05	0.00113721060679	7.68385545131e-06	3.84192772566e-06	0	0	7.68385545131e-06	3.45773495309e-05	0.000226673735814	1.1525783177e-05	0.00546322122588	0.000534027953866	0.00941272292786	1.53677109026e-05	3.84192772566e-06	0.00102963663048	0.000207464097185	0.000111415904044	9.60481931414e-05	3.84192772566e-06	0	0
0.000357299278486	0.000280460723973	0.000126783614947	0	0	2.68934940796e-05	7.68385545131e-05	5.37869881592e-05	0.000357299278486	0.000852907955096	2.30515663539e-05	8.45224099644e-05	7.68385545131e-06	3.84192772566e-06	0.000680021207441	0.000326563856681	0.0223177581583	3.45773495309e-05	4.99450604335e-05	0.000107573976318	7.68385545131e-06	0.00220910844225	0.00678484436351	0.00339242218175	0.00988143811039	1.1525783177e-05	0.000357299278486	0.00335016097677	0.00298133591511	0.00150603566846	0.000941272292786	0	1.92096386283e-05	0.000395718555743	0.00232436627402	3.84192772566e-06	0.000153677109026	4.61031327079e-05	0	1.92096386283e-05	0	4.22612049822e-05	4.99450604335e-05	3.84192772566e-05	0.0039379759188	9.22062654157e-05	0	1.53677109026e-05	0	2.30515663539e-05	3.84192772566e-05	0.00495992869382	0.000184412530831	0	1.53677109026e-05	4.61031327079e-05	0.00258561735937	0.00956640003688	0.000280460723973	0.00276234603475	0	6.53127713361e-05	0.000703072773795	0.00461031327079	3.84192772566e-06	0	0	0	0	4.61031327079e-05	0.00117178795632	0.000165202892203	0.000972007714591	0.000503292532061	0.000368825061663	1.53677109026e-05	1.92096386283e-05	0.00254335615438	0.00112184289589	9.22062654157e-05	6.91546990618e-05	3.84192772566e-06	0	0
0.00162897735568	5.37869881592e-05	0.00582436243209	0	0	3.84192772566e-06	3.45773495309e-05	0.000142151325849	0.00124478458311	3.84192772566e-06	0	4.99450604335e-05	0	3.84192772566e-06	0.00291218121605	1.53677109026e-05	3.45773495309e-05	0.0253298294952	3.84192772566e-06	0.00555158556357	0	0.00339242218175	3.84192772566e-06	0.00616245207195	3.84192772566e-05	0	0.00916683955341	0.00656585448315	5.37869881592e-05	0.00282381687836	0.008640495455	0	0	0.00137156819806	0.00712677593109	0	0.000199780241734	0.000218989880362	0	0	0	0	3.84192772566e-06	0	3.45773495309e-05	0	0	1.53677109026e-05	0	0	1.92096386283e-05	0	0.000288144579424	3.84192772566e-06	0.000399560483468	1.1525783177e-05	1.92096386283e-05	1.1525783177e-05	0.000188254458557	2.68934940796e-05	0	0.00020362216946	0.000549395664769	1.53677109026e-05	0	0	0	0	0	1.92096386283e-05	0.000257409157619	9.22062654157e-05	0.000864433738273	0.000126783614947	2.30515663539e-05	4.61031327079e-05	3.45773495309e-05	0.000487924821158	0.000330405784406	6.53127713361e-05	1.1525783177e-05	0	0	0
1.53677109026e-05	3.84192772566e-06	1.1525783177e-05	0	3.07354218052e-05	0	0.00428759134183	0.000399560483468	0.00172118362109	0	0.00139077783669	0.00646212243455	0.00436442989634	8.45224099644e-05	0.000261251085345	3.07354218052e-05	4.99450604335e-05	3.84192772566e-06	0.0122173301676	0.00272392675749	0.00229747277994	2.68934940796e-05	0	1.92096386283e-05	0.000134467470398	4.99450604335e-05	0.00684631520712	0.000537869881592	0.000491766748884	0.00408012724465	0.000142151325849	1.92096386283e-05	7.68385545131e-06	3.84192772566e-05	0.00682326364076	3.84192772566e-06	3.45773495309e-05	0	0	0	0	0	3.84192772566e-06	0	0.000126783614947	2.68934940796e-05	1.1525783177e-05	1.1525783177e-05	8.83643376901e-05	3.84192772566e-06	3.84192772566e-06	0	3.84192772566e-06	0.00029198650715	0.000391876628017	7.68385545131e-06	3.84192772566e-06	0	3.84192772566e-06	2.30515663539e-05	3.07354218052e-05	0.000414928194371	0.00020362216946	1.92096386283e-05	7.68385545131e-06	0	0	0	0	0.000111415904044	0.000507134459787	0.000430295905273	0.000952798075963	6.91546990618e-05	6.91546990618e-05	3.84192772566e-06	1.1525783177e-05	9.9890120867e-05	2.30515663539e-05	0.000126783614947	7.68385545131e-06	1.92096386283e-05	3.84192772566e-06	0
0.000372666989389	1.1525783177e-05	0.000195938314008	0	1.53677109026e-05	0	0.00120636530586	0.000484082893433	0.000587814942025	3.84192772566e-06	0.000710756629246	0.00379582459295	0.00131393928217	1.1525783177e-05	0.000956640003688	2.30515663539e-05	0.000107573976318	0.00555158556357	0.00272392675749	0.0173770391031	0.000768385545131	0.000280460723973	3.84192772566e-06	0.000922062654157	0.000222831808088	0	0.0127667258324	0.00259714314254	0.00064544385791	0.00344236724219	0.00201701205597	3.84192772566e-06	3.84192772566e-06	0.000837540244193	0.00938198750605	0	5.37869881592e-05	7.68385545131e-06	0	0	0	0	0	0	5.37869881592e-05	2.30515663539e-05	0	1.92096386283e-05	0	3.84192772566e-06	2.68934940796e-05	0	0.000238199518991	7.68385545131e-06	0.000587814942025	1.92096386283e-05	1.1525783177e-05	3.84192772566e-06	4.61031327079e-05	4.22612049822e-05	1.53677109026e-05	0.000103732048593	0.000192096386283	1.1525783177e-05	0	0	0	0	0	7.68385545131e-05	0.00126015229402	0.00117947181178	0.00255872386529	0.000130625542672	2.68934940796e-05	1.1525783177e-05	1.53677109026e-05	0.000388034700291	0.00029198650715	0.000195938314008	3.45773495309e-05	0	0	0
3.84192772566e-06	0	3.84192772566e-06	0	0.00667342845946	9.60481931414e-05	0.00633918074733	7.68385545131e-05	0.00318880001229	0.000192096386283	0.00320800965092	0.00240888868399	0.0141459778859	0.000192096386283	0.00242809832261	0.0005839730143	7.68385545131e-06	0	0.00229747277994	0.000768385545131	0.0224406998456	7.68385545131e-06	0	1.1525783177e-05	0.0032195354341	0	0.00312348724096	0.00129472964355	0.000349615423035	0.00254719808211	3.45773495309e-05	5.37869881592e-05	0.000414928194371	1.1525783177e-05	0.00667342845946	0	2.30515663539e-05	0	0	0.000226673735814	0	0	7.68385545131e-06	0	0.000299670362601	0.000119099759495	3.84192772566e-06	0.000126783614947	0	0	3.84192772566e-06	0	0	0.000230515663539	1.53677109026e-05	0.000576289158848	0	3.84192772566e-06	7.68385545131e-06	0.000384192772566	0.000230515663539	1.92096386283e-05	1.92096386283e-05	1.92096386283e-05	1.1525783177e-05	0	0	0	0	2.68934940796e-05	0.000541711809317	0.000122941687221	0.00224368579178	0.000172886747655	0.000580131086574	0.000610866508379	3.84192772566e-05	2.68934940796e-05	7.68385545131e-06	4.99450604335e-05	3.84192772566e-06	0	0	0
0.00159055807842	0.000242041446716	0.00405707567829	0	0	3.45773495309e-05	0.000322721928955	0.00230131470767	0.00189791229647	1.1525783177e-05	4.99450604335e-05	4.22612049822e-05	1.1525783177e-05	1.1525783177e-05	0.00228210506904	0.000445663616176	0.00220910844225	0.00339242218175	2.68934940796e-05	0.000280460723973	7.68385545131e-06	0.0456997302967	0.000687705062892	0.0209192964662	0.00110263325726	4.99450604335e-05	0.00138693590896	0.00150603566846	0.00734576581145	0.00319648386775	0.0164280829549	0	1.53677109026e-05	0.000745333978777	0.0102041600393	0	3.84192772566e-06	1.1525783177e-05	0	3.84192772566e-06	0	0	0	0	8.45224099644e-05	4.22612049822e-05	0	3.84192772566e-06	0	0	7.68385545131e-06	0.00201701205597	3.07354218052e-05	0	1.53677109026e-05	4.22612049822e-05	0.0015867161507	0.00291218121605	0.00017672867538	0.00132930699308	0	1.1525783177e-05	0.000238199518991	0.00128320386037	0	0	0	0	0	1.1525783177e-05	0.00124478458311	0.00029198650715	0.00663116725448	0.0023512597681	0.00112568482362	0.000349615423035	0.000338089639858	0.000257409157619	0.000149835181301	4.61031327079e-05	1.1525783177e-05	0	0	0
0	0.0083561928033	1.1525783177e-05	0	2.68934940796e-05	9.22062654157e-05	1.1525783177e-05	0	0	0.0060049330352	0	1.92096386283e-05	0	0.00026509301307	3.84192772566e-06	0.000303512290327	0.00678484436351	3.84192772566e-06	0	3.84192772566e-06	0	0.000687705062892	0.0258984347986	0.00208232482731	0.0104116241365	0.00138693590896	0.000461031327079	0.0111108549826	0.00142151325849	7.68385545131e-06	7.68385545131e-06	0	0	8.45224099644e-05	0.000257409157619	7.68385545131e-06	0.000295828434875	0	0	2.68934940796e-05	0	6.53127713361e-05	6.14708436105e-05	3.45773495309e-05	0.00209769253821	8.06804822388e-05	0	1.92096386283e-05	1.92096386283e-05	2.30515663539e-05	7.68385545131e-05	0.00459110363216	0.000103732048593	7.68385545131e-06	2.30515663539e-05	2.30515663539e-05	0.0011986814504	0.00923215232475	0.000956640003688	0.0017826544647	0.000130625542672	1.1525783177e-05	0.00169429012701	0.00225905350269	1.1525783177e-05	3.84192772566e-06	0	0	3.84192772566e-06	1.92096386283e-05	3.45773495309e-05	7.68385545131e-06	0.000272776868522	0.000180570603106	0.00026509301307	7.68385545131e-06	1.92096386283e-05	0.000753017834229	0.00026509301307	5.76289158848e-05	4.99450604335e-05	3.84192772566e-06	0	0
0.00126015229402	0.000676179279715	0.0196668280276	0	7.68385545131e-06	0.000126783614947	0.000364983133937	0.00207464097185	0.00298133591511	2.68934940796e-05	5.37869881592e-05	6.14708436105e-05	7.68385545131e-06	2.68934940796e-05	0.00253183037121	0.000741492051052	0.00339242218175	0.00616245207195	1.92096386283e-05	0.000922062654157	1.1525783177e-05	0.0209192964662	0.00208232482731	0.0693813727976	0.000514818315238	0.00011525783177	0.00383040194248	0.0102541050998	0.00200164434507	0.00183259952514	0.00844071521327	1.1525783177e-05	1.92096386283e-05	0.000699230846069	0.00709219858156	0	4.99450604335e-05	9.60481931414e-05	0	7.68385545131e-06	0	1.92096386283e-05	8.83643376901e-05	3.07354218052e-05	0.000234357591265	6.53127713361e-05	2.30515663539e-05	1.1525783177e-05	0	1.92096386283e-05	2.68934940796e-05	0.00711525014791	3.84192772566e-05	1.1525783177e-05	3.84192772566e-05	6.14708436105e-05	0.00124862651084	0.0104308337752	0.00384192772566	0.00136388434261	0	9.60481931414e-05	0.000660811568813	0.000852907955096	3.84192772566e-06	0	0	0	0	6.91546990618e-05	0.00676947665261	0.000799120966936	0.011552676671	0.00390724049699	0.003669040978	0.000914378798706	0.000484082893433	0.000872117593724	0.000614708436105	0.00029198650715	0.00011525783177	1.1525783177e-05	0	0
0.000695388918344	0.00465257447577	0.000134467470398	0	0.00400713061786	0.000576289158848	0.00121020723358	0.000802962894662	0.00109494940181	0.0109187585963	5.76289158848e-05	0.000192096386283	0.00213995374319	0.000218989880362	0.00230131470767	0.00306585832507	0.00988143811039	3.84192772566e-05	0.000134467470398	0.000222831808088	0.0032195354341	0.00110263325726	0.0104116241365	0.000514818315238	0.0540520811722	0.00135620048716	0.00099890120867	0.00348462844717	0.0161898834359	0.00675795086943	0.00353841543533	1.1525783177e-05	0.000180570603106	0.00296212627648	0.00572447231123	0.000272776868522	0.000518660242964	4.99450604335e-05	0	0.00314269687959	1.53677109026e-05	0.000572447231123	0.00126399422174	0.000261251085345	0.0132162313763	0.00280460723973	3.84192772566e-06	0.000391876628017	2.30515663539e-05	0.000230515663539	0.00046871518253	0.000107573976318	0.000253567229893	1.1525783177e-05	4.99450604335e-05	0.00285839422789	0.00121404916131	0.00472941303028	0.000349615423035	0.0157058005425	0.000134467470398	0.000107573976318	0.000499450604335	0.010223369678	0.000649285785636	3.45773495309e-05	0	0	0.000345773495309	0.000226673735814	0.00213611181546	0.000295828434875	0.00299670362601	0.00176344482608	0.00455652628263	0.00020362216946	9.22062654157e-05	0.00276618796247	0.000972007714591	0.000484082893433	0.000518660242964	1.92096386283e-05	0	0
0	0.00313501302413	0	0	0	7.68385545131e-06	0	0	0	0.00167123856066	0	0.00190943807965	0	0.00789516147622	0	6.53127713361e-05	1.1525783177e-05	0	4.99450604335e-05	0	0	4.99450604335e-05	0.00138693590896	0.00011525783177	0.00135620048716	0.0138386236678	0.00359988627894	0.00436827182407	0	0	0	0.0007338081956	0	0	7.68385545131e-06	0	0.000914378798706	0	0	0	0	3.84192772566e-06	0	0	4.99450604335e-05	2.68934940796e-05	9.60481931414e-05	2.30515663539e-05	0.00475246459664	1.1525783177e-05	0	0	0	9.9890120867e-05	0.000234357591265	1.1525783177e-05	0	5.37869881592e-05	0	1.1525783177e-05	0.00132930699308	0.000245883374442	0.00418385929324	0	3.84192772566e-06	0	2.30515663539e-05	0	0	5.76289158848e-05	3.84192772566e-06	5.76289158848e-05	6.53127713361e-05	0	6.53127713361e-05	0	0.000134467470398	7.29966267875e-05	0.000860591810547	8.45224099644e-05	1.53677109026e-05	0	0	0.000103732048593
0.00132546506535	0.0031004356746	0.00778374557218	0	0.000215147952637	1.92096386283e-05	0.00434522025772	0.00140230361986	0.00459110363216	0.0007338081956	0.00226289543041	0.00893632388987	0.00424148820912	0.00539790845455	0.00446816194494	0.000169044819929	0.000357299278486	0.00916683955341	0.00684631520712	0.0127667258324	0.00312348724096	0.00138693590896	0.000461031327079	0.00383040194248	0.00099890120867	0.00359988627894	0.0968857333856	0.0421036859455	0.00170581591019	0.00613171665015	0.00661579954358	0.00640833544639	4.99450604335e-05	0.000895169160078	0.0179264347679	2.30515663539e-05	0.00643522894047	0.000268934940796	0	7.68385545131e-06	0	3.07354218052e-05	3.45773495309e-05	3.07354218052e-05	0.000968165786865	0.000518660242964	8.45224099644e-05	0.0005839730143	0.0020515894055	0.000188254458557	0.000122941687221	0.000457189399353	0.00308122603598	0.00284302651699	0.00678484436351	0.00038035084484	0.000145993253575	0.00107189783546	0.000384192772566	0.000933588437334	0.00399944676241	0.00673105737535	0.014130610175	0.000272776868522	7.68385545131e-05	7.68385545131e-06	7.68385545131e-06	0	0	0.00113336867907	0.00943193256648	0.00610098122834	0.00799889352482	0.000630076147008	0.000218989880362	3.07354218052e-05	6.53127713361e-05	0.00343468338674	0.00306585832507	0.00262787856435	0.000510976387512	3.07354218052e-05	7.68385545131e-06	0.000111415904044
0.000184412530831	0.0180263248888	0.0151448790945	0	8.83643376901e-05	7.68385545131e-05	0.000852907955096	0.000453347471627	0.000430295905273	0.00256256579301	0.000518660242964	0.000334247712132	0.00138309398124	0.00315422266276	0.000572447231123	0.000372666989389	0.00335016097677	0.00656585448315	0.000537869881592	0.00259714314254	0.00129472964355	0.00150603566846	0.0111108549826	0.0102541050998	0.00348462844717	0.00436827182407	0.0421036859455	0.110951030789	0.00135620048716	0.00171349976564	0.00169813205474	0.0007338081956	7.68385545131e-06	0.000341931567583	0.00725355954604	2.68934940796e-05	0.0188331297112	0.000338089639858	0	1.1525783177e-05	0	4.22612049822e-05	5.37869881592e-05	2.30515663539e-05	0.000864433738273	0.000499450604335	0.000107573976318	0.000545553737043	0.000829856388742	0.000195938314008	7.68385545131e-05	0.00726124340149	0.00532106990003	0.00202085398369	0.00413391423281	0.000364983133937	0.000188254458557	0.0120943884804	0.00639680966322	0.00108342361863	0.00363446362847	0.00439900724588	0.0282573784222	0.000357299278486	6.91546990618e-05	1.1525783177e-05	0	0	0	0.000929746509609	0.00957408389233	0.0026201947089	0.00667342845946	0.000756859761954	0.00064544385791	4.99450604335e-05	4.99450604335e-05	0.0035192057967	0.00257793350391	0.0023205243463	0.000484082893433	0	3.84192772566e-06	7.29966267875e-05
0.00147145831893	0.000207464097185	0.000749175906503	0	0.00141767133077	0.000376508917114	0.00390339856927	0.0185603528426	0.00553621785267	0.0035345735076	0.00240504675626	0.000741492051052	0.00011525783177	8.45224099644e-05	0.00531722797231	0.00202469591142	0.00298133591511	5.37869881592e-05	0.000491766748884	0.00064544385791	0.000349615423035	0.00734576581145	0.00142151325849	0.00200164434507	0.0161898834359	0	0.00170581591019	0.00135620048716	0.0571678845578	0.0163397186172	0.00848297641825	9.22062654157e-05	0.000280460723973	0.00632765496415	0.0138885687282	7.68385545131e-06	1.92096386283e-05	0	0	0.00347694459172	0	0.000172886747655	0.000499450604335	1.1525783177e-05	0.00969318365183	0.00281229109518	3.84192772566e-05	4.61031327079e-05	7.68385545131e-06	1.92096386283e-05	3.07354218052e-05	2.30515663539e-05	4.99450604335e-05	7.68385545131e-06	0.000184412530831	0.00340394796493	0.000207464097185	0.000384192772566	0.00017672867538	0.00809494171796	1.53677109026e-05	7.68385545131e-05	7.68385545131e-05	0.00379582459295	9.60481931414e-05	0	0	0	3.84192772566e-06	0.000288144579424	0.00361909591757	0.000795279039211	0.00856749882821	0.00443742652313	0.00267398169706	0.00126399422174	0.000222831808088	0.00140230361986	0.000180570603106	0.000487924821158	0.000453347471627	5.76289158848e-05	0	0
0.00778374557218	7.68385545131e-06	0.000503292532061	0	0.000195938314008	0.000503292532061	0.0111876935371	0.0104462014861	0.00909384292663	9.9890120867e-05	0.00441437495678	0.010027431364	0.00567068532307	0.00084906602737	0.0206657292363	0.00105268819683	0.00150603566846	0.00282381687836	0.00408012724465	0.00344236724219	0.00254719808211	0.00319648386775	7.68385545131e-06	0.00183259952514	0.00675795086943	0	0.00613171665015	0.00171349976564	0.0163397186172	0.0607716127644	0.0214110632151	0.000426453977548	0.0020515894055	0.0131893378822	0.0340663731434	0	9.22062654157e-05	5.76289158848e-05	0	0.000111415904044	0	0.00020362216946	0.000218989880362	7.68385545131e-06	0.00158287422297	0.000618550363831	0	7.68385545131e-06	3.84192772566e-06	7.68385545131e-06	1.92096386283e-05	4.99450604335e-05	4.99450604335e-05	3.07354218052e-05	0.000103732048593	0.000395718555743	1.1525783177e-05	0.000103732048593	0.000184412530831	0.00114105253452	2.68934940796e-05	0.000172886747655	0.000207464097185	0.00093743036506	2.30515663539e-05	0	0	0	0	0.000165202892203	0.00452963278855	0.00104500434138	0.0112760578748	0.00446047808949	0.00140614554759	0.00159824193387	0.00053018602614	0.000391876628017	7.29966267875e-05	0.000226673735814	6.53127713361e-05	0	0	0
0.0121904366735	7.68385545131e-06	0.00681173785759	0	0	6.53127713361e-05	0.0007338081956	0.00693852147253	0.0101618988344	8.45224099644e-05	0.000126783614947	0.000276618796247	3.84192772566e-05	1.92096386283e-05	0.0160938352428	0.000345773495309	0.000941272292786	0.008640495455	0.000142151325849	0.00201701205597	3.45773495309e-05	0.0164280829549	7.68385545131e-06	0.00844071521327	0.00353841543533	0	0.00661579954358	0.00169813205474	0.00848297641825	0.0214110632151	0.0562880831086	1.53677109026e-05	1.92096386283e-05	0.00754554605319	0.0186525591081	0	7.68385545131e-05	6.91546990618e-05	0	3.45773495309e-05	0	0.000107573976318	0.000111415904044	3.84192772566e-06	0.000357299278486	0.000145993253575	0	1.1525783177e-05	0	3.84192772566e-06	1.1525783177e-05	0	7.29966267875e-05	3.84192772566e-06	4.99450604335e-05	3.45773495309e-05	7.68385545131e-06	3.84192772566e-06	3.84192772566e-05	0.000341931567583	3.84192772566e-06	9.60481931414e-05	0.000145993253575	0.000322721928955	0	0	0	0	0	5.76289158848e-05	0.000403402411194	5.76289158848e-05	0.00623160677101	0.00174807711517	0.000614708436105	0.000199780241734	0.000372666989389	7.68385545131e-05	2.30515663539e-05	0.000126783614947	7.68385545131e-06	0	0	0
0	7.68385545131e-06	1.1525783177e-05	0	3.84192772566e-06	3.84192772566e-06	0.000119099759495	6.53127713361e-05	8.06804822388e-05	0	6.91546990618e-05	0.00301975519237	6.91546990618e-05	0.00335784483222	0.000426453977548	0	0	0	1.92096386283e-05	3.84192772566e-06	5.37869881592e-05	0	0	1.1525783177e-05	1.1525783177e-05	0.0007338081956	0.00640833544639	0.0007338081956	9.22062654157e-05	0.000426453977548	1.53677109026e-05	0.00671953159217	1.92096386283e-05	0	0.000995059280945	0	4.99450604335e-05	0	0	0	0	0	0	3.84192772566e-06	0.00011525783177	1.53677109026e-05	1.1525783177e-05	1.1525783177e-05	0.00111800096817	0	0	3.84192772566e-06	0	0.000318880001229	3.84192772566e-05	7.68385545131e-06	3.84192772566e-06	1.53677109026e-05	3.84192772566e-06	1.1525783177e-05	0.000537869881592	0.000991217353219	0.0019171219351	3.84192772566e-06	3.84192772566e-06	0	7.68385545131e-06	0	0	6.14708436105e-05	0.00101426891957	0.000875959521449	0.000238199518991	2.30515663539e-05	7.68385545131e-06	0	1.53677109026e-05	5.76289158848e-05	0.000122941687221	0.00011525783177	2.68934940796e-05	7.68385545131e-06	0	4.22612049822e-05
0	0	7.68385545131e-06	0	0.000107573976318	0.00281613302291	0.00595498797477	0.000249725302168	0.00522117977917	3.84192772566e-06	0.00067233735199	0.000549395664769	0.00138693590896	0.000195938314008	0.00512513158602	0.000434137832999	1.92096386283e-05	0	7.68385545131e-06	3.84192772566e-06	0.000414928194371	1.53677109026e-05	0	1.92096386283e-05	0.000180570603106	0	4.99450604335e-05	7.68385545131e-06	0.000280460723973	0.0020515894055	1.92096386283e-05	1.92096386283e-05	0.0116295152256	3.84192772566e-05	0.00316959037367	0	0	0	0	0	0	0	0	0	7.68385545131e-06	7.68385545131e-06	0	0	0	0	0	0	0	3.84192772566e-06	0	0	0	0	0	7.68385545131e-06	3.84192772566e-06	0	0	0	0	0	0	0	0	0	0.000507134459787	7.68385545131e-06	0.00096432385914	0.000430295905273	0.000541711809317	0.00107573976318	0.000126783614947	3.84192772566e-06	0	0	0	0	0	0
0.00113336867907	4.61031327079e-05	0.000192096386283	0	0	0.000165202892203	0.00132546506535	0.00457957784898	0.00175576097062	0.000391876628017	7.68385545131e-06	0.000126783614947	7.68385545131e-06	1.1525783177e-05	0.00204006362232	0.00148682602983	0.000395718555743	0.00137156819806	3.84192772566e-05	0.000837540244193	1.1525783177e-05	0.000745333978777	8.45224099644e-05	0.000699230846069	0.00296212627648	0	0.000895169160078	0.000341931567583	0.00632765496415	0.0131893378822	0.00754554605319	0	3.84192772566e-05	0.0174615615131	0.0121673851072	0	3.45773495309e-05	3.84192772566e-06	0	6.53127713361e-05	0	0.000222831808088	0.000280460723973	0	0.00134851663171	0.00035345735076	0	7.68385545131e-06	3.84192772566e-06	3.84192772566e-06	3.45773495309e-05	0	1.53677109026e-05	3.84192772566e-06	7.68385545131e-06	0.000111415904044	1.1525783177e-05	1.1525783177e-05	1.1525783177e-05	0.00109879132954	3.84192772566e-06	3.84192772566e-06	5.76289158848e-05	0.000764543617405	1.1525783177e-05	0	0	0	1.1525783177e-05	2.30515663539e-05	0.00017672867538	2.68934940796e-05	0.0083408250924	0.00357683471259	0.00122557494448	0.00044182168845	0.000145993253575	0.000222831808088	3.45773495309e-05	0.000122941687221	0.000153677109026	7.68385545131e-06	0	0
