0.0219336219336	0	0	0	0	0	1.443001443e-05	0.0134054834055	0.0103174603175	0	2.886002886e-05	2.886002886e-05	0	0	0.0129292929293	0	0	1.443001443e-05	0	1.443001443e-05	0	1.443001443e-05	0	1.443001443e-05	0.00160173160173	0	1.443001443e-05	1.443001443e-05	0.00473304473304	0.00650793650794	0.00519480519481	0	0	0.00122655122655	0.00041847041847	0	0	0	0	0	0	0	0	0	0	0	0	0	0	0	0	0	0	0	0	0	0	0	0	0	0	0	0	0	0	0	0	0	0	0	0	0	0.0010101010101	0.0001443001443	0	0	0	0	0	0.00010101010101	0.00010101010101	0	0	0
0	0.0364502164502	0.00017316017316	0	0	0	0	0	0	0	0	0	0	0.0004329004329	0	0	0.00373737373737	0.000548340548341	0	1.443001443e-05	0	0.00025974025974	0.00948051948052	0.00174603174603	0.00466089466089	0.000764790764791	0.000937950937951	0.0328715728716	0.00038961038961	0	4.329004329e-05	0	0	0	1.443001443e-05	0	0.0222222222222	0.000591630591631	0	0	0	0	0	0	0	0	0	0	0	0	0	0	0.00103896103896	0	0.00017316017316	0	0	0.00012987012987	0.000591630591631	0	0.00359307359307	0.00549783549784	0.0216161616162	0	0	0	0	0	0	1.443001443e-05	1.443001443e-05	0	0	0	0	0	0	0	0	0	0	0	0	0
0	0.00017316017316	0.0285858585859	0	0	0	0	0.00015873015873	0	0	0	0	0	0	0	0	0	0.00747474747475	0	0	0	0.00012987012987	0	0.00953823953824	0	0	0.0103896103896	0.0105483405483	8.65800865801e-05	0	8.65800865801e-05	0	0	0	4.329004329e-05	0	0.00106782106782	0	0	0	0	0	0	0	0	0	0	0	0	0	0	0	0.00021645021645	0	0	0	0	0	0	0	0	0.0001443001443	0.000981240981241	0	0	0	0	0	0	0	1.443001443e-05	0	0	0	0	0	0	0	0	0	0	0	0	0
0	0	0	0	0	0	0	0	0	0	0	0	0	0	0	0	0	0	0	0	0	0	0	0	0	0	0	0	0	0	0	0	0	0	0	0	0	0	0	0	0	0	0	0	0	0	0	0	0	0	0	0	0	0	0	0	0	0	0	0	0	0	0	0	0	0	0	0	0	0	0	0	0	0	0	0	0	0	0	0	0	0	0	0
0	0	0	0	0.0154112554113	0	0.00033189033189	0.00168831168831	0.00015873015873	0.0021645021645	0.00164502164502	4.329004329e-05	0.00181818181818	0	0.00020202020202	0.00011544011544	0	0	1.443001443e-05	2.886002886e-05	0.00294372294372	0	0	0	0.00722943722944	0	1.443001443e-05	0	0.0076911976912	7.21500721501e-05	0	0	2.886002886e-05	0	5.77200577201e-05	0	0	0	0	0.00220779220779	0	8.65800865801e-05	0	0	0.00212121212121	0.00417027417027	0	0.000865800865801	0	0	4.329004329e-05	0	0	0	0	0.00598845598846	0	0	0	0.00659451659452	0	0	0	0.00266955266955	0	0	0	0	0	0	0	0	4.329004329e-05	0	0	0	0	0	0	0	0	1.443001443e-05	0	0
0	0	0	0	0	0.00444444444444	0.000923520923521	7.21500721501e-05	0.00038961038961	0.0002886002886	0	0	0	0	0	0.00206349206349	0	0	0	0	0	0	0	0	0.00031746031746	0	0	0	0.00027417027417	0	0	0	0.000577200577201	0	0.00023088023088	0	0	0	0	0	0	0	0	0	0	0	0	0	0	0	0	0	0	0	0	0	0	0	0	0	0	0	0	0	0	0	0	0	0	0	0.000620490620491	0	4.329004329e-05	0	0.00261183261183	0.00047619047619	0	0	0	0	0	0	0	0
1.443001443e-05	0	0	0	0.00033189033189	0.000923520923521	0.0289033189033	0.0133766233766	0.0161183261183	0.00047619047619	0.0192063492063	0.000923520923521	0.00271284271284	0	0.00279942279942	0.00388167388167	0	0	0.00024531024531	0.000505050505051	0.00210678210678	7.21500721501e-05	1.443001443e-05	0.00011544011544	0.00040404040404	0	0.0004329004329	0	0.00311688311688	0.00137085137085	0	0	0.00010101010101	0.00012987012987	0.00219336219336	0	0	0	0	0.00015873015873	0	2.886002886e-05	0	0	0	0.00017316017316	5.77200577201e-05	0	0	0	0	0	0	5.77200577201e-05	1.443001443e-05	0.00011544011544	0	1.443001443e-05	0	0.00041847041847	0	0	0	0.00031746031746	5.77200577201e-05	0	0	0	0	5.77200577201e-05	0.000808080808081	0.00015873015873	0.0030303030303	0.000793650793651	0.000548340548341	0.00017316017316	0	0	0	7.21500721501e-05	0	0	0	0
0.0134054834055	0	0.00015873015873	0	0.00168831168831	7.21500721501e-05	0.0133766233766	0.107113997114	0.0294227994228	0.00164502164502	0.0262337662338	0.00582972582973	1.443001443e-05	0	0.0170707070707	0.00248196248196	0	0.000880230880231	0.00157287157287	0.0041847041847	0.00121212121212	0.0102597402597	4.329004329e-05	0.0123953823954	0.00285714285714	0	0.00235209235209	7.21500721501e-05	0.0417748917749	0.0109235209235	0.0221067821068	0	0.0001443001443	0.00526695526696	0.00997113997114	0	2.886002886e-05	0.000721500721501	0	0.00227994227994	0	0.0001443001443	0	5.77200577201e-05	0.00220779220779	0.0017316017316	0.00027417027417	0	0	0	0	0	0.00119769119769	0.00027417027417	4.329004329e-05	0.00176046176046	0.00010101010101	0.00207792207792	0.00108225108225	0.00943722943723	0	0	0.00023088023088	0.00354978354978	0.00018759018759	0	0	1.443001443e-05	0	0.000995670995671	0.00238095238095	0.00037518037518	0.0141991341991	0.00728715728716	0.000865800865801	0.00037518037518	0	0.00010101010101	0	0.00204906204906	0.00239538239538	0	0.00011544011544	0
0.0103174603175	0	0	0	0.00015873015873	0.00038961038961	0.0161183261183	0.0294227994228	0.0516161616162	0	0.0186291486291	0.00435786435786	0.00116883116883	0	0.0226551226551	0.00291486291486	0	1.443001443e-05	0.00145743145743	0.00238095238095	0.00311688311688	1.443001443e-05	0	1.443001443e-05	0.00118326118326	0	0.000851370851371	4.329004329e-05	0.00532467532468	0.0106060606061	0.00300144300144	0	0.00336219336219	0.00024531024531	0.00577200577201	0	1.443001443e-05	1.443001443e-05	0	0.00017316017316	0	2.886002886e-05	0	0	0	0.00017316017316	0.00025974025974	0	0	0	0	0	0	0.00024531024531	4.329004329e-05	0.00011544011544	0	0	0	0.0004329004329	0	0	1.443001443e-05	0.00031746031746	0.00027417027417	0	0	0	0	0.00027417027417	0.00362193362193	0.00024531024531	0.00776334776335	0.000966810966811	0.00103896103896	0.00020202020202	0	8.65800865801e-05	1.443001443e-05	0.00031746031746	0.00010101010101	0	0	0
0	0	0	0	0.0021645021645	0.0002886002886	0.00047619047619	0.00164502164502	0	0.03329004329	0.00106782106782	0	0.00137085137085	0	0	0.00619047619048	0.00021645021645	0	0	0	4.329004329e-05	0.00027417027417	0.00636363636364	1.443001443e-05	0.0173015873016	0	2.886002886e-05	0	0.0122799422799	0	0	0	0	0	2.886002886e-05	0	0.00207792207792	0	0	0.00148629148629	0	0	0	0	0.014632034632	0.000995670995671	0.00021645021645	0.000966810966811	0.000649350649351	0	0.00012987012987	0.0001443001443	2.886002886e-05	0	0	0.00209235209235	0.00038961038961	0.00907647907648	0	0.0103896103896	0.0012987012987	0.00038961038961	0.00177489177489	0.00307359307359	0.00027417027417	0	0	0	0.00049062049062	0.00178932178932	0.00388167388167	5.77200577201e-05	0.00010101010101	0.00012987012987	0.00339105339105	1.443001443e-05	0	0.00193362193362	0	0.00240981240981	0.000562770562771	0.000923520923521	0	0
2.886002886e-05	0	0	0	0.00164502164502	0	0.0192063492063	0.0262337662338	0.0186291486291	0.00106782106782	0.0425974025974	0.00525252525253	0.000562770562771	0	0.00395382395382	0.000923520923521	0	0	0.0015873015873	0.00405483405483	0.00128427128427	0	0	0	0.00034632034632	0	0.00112554112554	0	0.00939393939394	0.00470418470418	0	0	7.21500721501e-05	0.00012987012987	0.00701298701299	0	0	0	0	0.000634920634921	0	4.329004329e-05	0	0	0.00027417027417	0.00359307359307	0.00011544011544	8.65800865801e-05	0	0	1.443001443e-05	0	0	0.00012987012987	4.329004329e-05	0.00383838383838	0	0	0	0.00421356421356	0	0	0	0.000548340548341	0.00012987012987	0	0	0	0	0.00012987012987	0.000735930735931	0.00015873015873	0.00733044733045	0.000808080808081	0	0.00015873015873	0	0	0	0.00012987012987	0	1.443001443e-05	0	0
2.886002886e-05	0	0	0	4.329004329e-05	0	0.000923520923521	0.00582972582973	0.00435786435786	0	0.00525252525253	0.0307792207792	0.00015873015873	0.00588744588745	0.00363636363636	0	0	0	0.00350649350649	0.00748917748918	0.00229437229437	8.65800865801e-05	0	0.00012987012987	1.443001443e-05	0.00118326118326	0.00731601731602	1.443001443e-05	0.00024531024531	0.00907647907648	0	0.000981240981241	0.00113997113997	0	0.0174747474747	0	0	0	0	0	0	0	0	0	0	0	0.00577200577201	0	0.00304473304473	0	0	0	2.886002886e-05	1.443001443e-05	0	0	0	0	0	0	0.00197691197691	0.00046176046176	0	0	1.443001443e-05	0	0.000981240981241	0	0	5.77200577201e-05	0.00118326118326	0.00623376623377	0.0159595959596	0.000750360750361	0	0	0.00121212121212	0	0.00430014430014	2.886002886e-05	0	0	0	0.00148629148629
0	0	0	0	0.00181818181818	0	0.00271284271284	1.443001443e-05	0.00116883116883	0.00137085137085	0.000562770562771	0.00015873015873	0.0139538239538	0	0.00152958152958	0.00217893217893	0	0	2.886002886e-05	0	0.00675324675325	2.886002886e-05	0	2.886002886e-05	0.00137085137085	0	0.00015873015873	0	0.000851370851371	0.000577200577201	0	0	5.77200577201e-05	0	0.00015873015873	0	0	0	0	0	0	0	0	0	0	0.00015873015873	0	0.000981240981241	0	0	0	0	0	0	0	0.00025974025974	0	0	0	0	0	0	0	0	0	0	0	0	0	0	4.329004329e-05	0	0.00015873015873	0	0.00046176046176	0	0	0	0	0	0	0	0	0
0	0.0004329004329	0	0	0	0	0	0	0	0	0	0.00588744588745	0	0.0216883116883	0	0	5.77200577201e-05	0	0	0	0	0	0.00015873015873	0	0.00015873015873	0.0106204906205	0.00408369408369	0.00531024531025	0	4.329004329e-05	0	0.00122655122655	2.886002886e-05	0	4.329004329e-05	0	0	0	0	0	0	0	0	0	0	0	0.0105194805195	0	0.00900432900433	0	0	0	0	0.000707070707071	0	0	0	0	0	0	0.00518037518038	0.00735930735931	0.00174603174603	0	0	0	0.00301587301587	0	0	4.329004329e-05	0	0.0033189033189	0.000620490620491	4.329004329e-05	0	1.443001443e-05	0.00118326118326	1.443001443e-05	0.00365079365079	2.886002886e-05	0	0	0	0.0017316017316
0.0129292929293	0	0	0	0.00020202020202	0	0.00279942279942	0.0170707070707	0.0226551226551	0	0.00395382395382	0.00363636363636	0.00152958152958	0	0.0356421356421	0.00199134199134	0	1.443001443e-05	0.000519480519481	0.00030303030303	0.00206349206349	1.443001443e-05	0	1.443001443e-05	0.000909090909091	0	0.000692640692641	1.443001443e-05	0.002886002886	0.0121500721501	0.00356421356421	0	0.00118326118326	0.000894660894661	0.00493506493506	0	0	0	0	0	0	0	0	0	0	0	0.0001443001443	0	0	0	0	0	0	0.00010101010101	0	0	0	0	0	0	0	0	0	0	0.0001443001443	0	0	0	0	0.0001443001443	0.00031746031746	1.443001443e-05	0.00408369408369	0.0001443001443	0.00010101010101	0	0	0.00011544011544	1.443001443e-05	0.00017316017316	0.00010101010101	0	0	0
0	0	0	0	0.00011544011544	0.00206349206349	0.00388167388167	0.00248196248196	0.00291486291486	0.00619047619048	0.000923520923521	0	0.00217893217893	0	0.00199134199134	0.0201154401154	0.00011544011544	0	0	0	0.000937950937951	0.00119769119769	0.00041847041847	0.00285714285714	0.00507936507937	0	0	0	0.00497835497835	1.443001443e-05	2.886002886e-05	0	7.21500721501e-05	0	2.886002886e-05	0	0	0	0	1.443001443e-05	0	0	0	0	0.00049062049062	0	2.886002886e-05	0	0	0	0	0	0	1.443001443e-05	1.443001443e-05	0	0	0.000894660894661	0	1.443001443e-05	0	0	0	1.443001443e-05	7.21500721501e-05	0	0	0	0.00011544011544	0.00033189033189	0.00378066378066	0	5.77200577201e-05	0.00023088023088	0.0062481962482	1.443001443e-05	0	8.65800865801e-05	0	0.00047619047619	0.00010101010101	8.65800865801e-05	1.443001443e-05	0
0	0.00373737373737	0	0	0	0	0	0	0	0.00021645021645	0	0	0	5.77200577201e-05	0	0.00011544011544	0.0233044733045	0	0	0	0	0.00300144300144	0.0195093795094	0.00544011544012	0.0061038961039	7.21500721501e-05	0	0.00376623376623	0.00200577200577	0	0	0	0	0	0	0	0	0	0	0	0	0	0	0	0	0	0	0	0	0	0	0.0004329004329	1.443001443e-05	0	0	0	0.000606060606061	0.00617604617605	0.00419913419913	0.00018759018759	0	0	0.00018759018759	0.00033189033189	0	0	0	0	0	0	0.00239538239538	0.00021645021645	0	0	0	0	0	0.000894660894661	0	4.329004329e-05	4.329004329e-05	0	0	0
1.443001443e-05	0.000548340548341	0.00747474747475	0	0	0	0	0.000880230880231	1.443001443e-05	0	0	0	0	0	1.443001443e-05	0	0	0.0290476190476	0	0.00503607503608	0	0.00463203463203	0	0.0081240981241	0	0	0.00526695526696	0.0102164502165	0	1.443001443e-05	0.00421356421356	0	0	0	0.00450216450216	0	0.00163059163059	0	0	0	0	0	0	0	0	0	0	0	0	0	0	0	0.00142857142857	0	0.00021645021645	0	0	0	0	0	0	0.000779220779221	0.000548340548341	0	0	0	0	0	0	1.443001443e-05	8.65800865801e-05	0	0.00183261183261	0	0	0	0	1.443001443e-05	0	1.443001443e-05	0	0	0	0
0	0	0	0	1.443001443e-05	0	0.00024531024531	0.00157287157287	0.00145743145743	0	0.0015873015873	0.00350649350649	2.886002886e-05	0	0.000519480519481	0	0	0	0.00366522366522	0.00282828282828	0.000937950937951	0	0	0	0	0	0.00040404040404	0	5.77200577201e-05	0.00181818181818	0	0	0	0	0.00300144300144	0	0	0	0	0	0	0	0	0	0	0	0	0	0	0	0	0	0	0	0	0	0	0	0	0	0	0	0	0	0	0	0	0	0	0	0	0	0.0031746031746	0	0	0	0	0	0	0	0	0	0	0
1.443001443e-05	1.443001443e-05	0	0	2.886002886e-05	0	0.000505050505051	0.0041847041847	0.00238095238095	0	0.00405483405483	0.00748917748918	0	0	0.00030303030303	0	0	0.00503607503608	0.00282828282828	0.0273881673882	0.00119769119769	2.886002886e-05	0	0.00015873015873	0.00012987012987	0	0.00981240981241	0.00520923520924	0.00023088023088	0.0021645021645	0.00126984126984	0	0	0	0.0167243867244	0	0.000721500721501	0	0	0	0	0	0	0	0	0	0	0	0	0	0	0	0.00018759018759	0	0.00010101010101	0	0	0	1.443001443e-05	0	0.00047619047619	0.00131313131313	0.000663780663781	0	0	0	0	0	0	0.00036075036075	0.00300144300144	0.00160173160173	0.0131457431457	0.000865800865801	0	0	0	0.00015873015873	0	0.00027417027417	0	0	0	0
0	0	0	0	0.00294372294372	0	0.00210678210678	0.00121212121212	0.00311688311688	4.329004329e-05	0.00128427128427	0.00229437229437	0.00675324675325	0	0.00206349206349	0.000937950937951	0	0	0.000937950937951	0.00119769119769	0.0120779220779	0	0	0	0.000692640692641	0	0.00116883116883	0	0.000952380952381	0.00252525252525	0	0	5.77200577201e-05	0	0.00246753246753	0	0	0	0	0	0	0	0	0	1.443001443e-05	0	0	1.443001443e-05	0	0	0	0	0	0	0	0	0	0	0	0	0	0	0	0	0	0	0	0	0	0	0	0	0.00242424242424	0	0	0	0	0	0	0	0	0	0	0
1.443001443e-05	0.00025974025974	0.00012987012987	0	0	0	7.21500721501e-05	0.0102597402597	1.443001443e-05	0.00027417027417	0	8.65800865801e-05	2.886002886e-05	0	1.443001443e-05	0.00119769119769	0.00300144300144	0.00463203463203	0	2.886002886e-05	0	0.0392207792208	0.00473304473304	0.0236363636364	0.00036075036075	1.443001443e-05	0.00021645021645	0.00046176046176	0.00606060606061	5.77200577201e-05	0.0159307359307	0	0	0	0.00203463203463	0	0	0.00011544011544	0	0	0	0	0	0	0	0	0	0	0	0	0	0	0.000505050505051	0	0	0	0.00047619047619	0.0021645021645	0.00038961038961	0.00027417027417	0	0	0.00015873015873	0.000865800865801	0	0	0	0	0	1.443001443e-05	0.00339105339105	0	0.0020202020202	0.000981240981241	0.00011544011544	1.443001443e-05	0	0.000548340548341	0	0	0.00011544011544	7.21500721501e-05	0	0
0	0.00948051948052	0	0	0	0	1.443001443e-05	4.329004329e-05	0	0.00636363636364	0	0	0	0.00015873015873	0	0.00041847041847	0.0195093795094	0	0	0	0	0.00473304473304	0.0513564213564	0.0104617604618	0.0142712842713	0.00017316017316	1.443001443e-05	0.0174314574315	0.00414141414141	0	0	0	0	0	1.443001443e-05	0	0.00383838383838	0.00020202020202	0	0	0	0	0	0	0.000750360750361	0	4.329004329e-05	0	0	0	0	0.000634920634921	0.00020202020202	0	0	0	0.00138528138528	0.0205194805195	0.0103174603175	0.00174603174603	0	0	0.00865800865801	0.00239538239538	0.00021645021645	0	0	0	0.00037518037518	0.000735930735931	0.00240981240981	0.00011544011544	5.77200577201e-05	0.00012987012987	0	1.443001443e-05	0	0.0024531024531	0	0.00111111111111	0.00018759018759	2.886002886e-05	0	0
1.443001443e-05	0.00174603174603	0.00953823953824	0	0	0	0.00011544011544	0.0123953823954	1.443001443e-05	1.443001443e-05	0	0.00012987012987	2.886002886e-05	0	1.443001443e-05	0.00285714285714	0.00544011544012	0.0081240981241	0	0.00015873015873	0	0.0236363636364	0.0104617604618	0.0864213564214	0	0	0.00049062049062	0.0123520923521	0.00510822510823	0	0.0143722943723	0	0	0	0.00334776334776	0	0.00189033189033	0.00229437229437	0	0	0	0	0	0	0	0	0	0	0	0	0	1.443001443e-05	0.00507936507937	0	0.00025974025974	0	0.00046176046176	0.0170707070707	0.0110245310245	0.00015873015873	0	0.00025974025974	0.00748917748918	0.00046176046176	0	0	0	0	0	0.000721500721501	0.012683982684	0.00036075036075	0.00278499278499	0.00608946608947	0.00031746031746	1.443001443e-05	0	0.00232323232323	0	0.000620490620491	0.00272727272727	0.00027417027417	0	0
0.00160173160173	0.00466089466089	0	0	0.00722943722944	0.00031746031746	0.00040404040404	0.00285714285714	0.00118326118326	0.0173015873016	0.00034632034632	1.443001443e-05	0.00137085137085	0.00015873015873	0.000909090909091	0.00507936507937	0.0061038961039	0	0	0.00012987012987	0.000692640692641	0.00036075036075	0.0142712842713	0	0.0515151515152	0.00015873015873	0.00033189033189	0.00318903318903	0.0228571428571	0.00213564213564	0.00031746031746	0	0	0.00126984126984	0.00138528138528	0	0	0	0	0.00300144300144	0	0.00011544011544	0	0	0.0103751803752	0.00119769119769	0.00010101010101	0.00046176046176	0	0	5.77200577201e-05	1.443001443e-05	0	0	0	0.00251082251082	2.886002886e-05	0.000880230880231	0	0.0115584415584	1.443001443e-05	1.443001443e-05	0	0.00529581529582	0.00011544011544	0	0	0	0.00020202020202	0.000952380952381	0.00142857142857	0	0.00160173160173	0.0010101010101	0.00281385281385	1.443001443e-05	0	0.00017316017316	0	0.00106782106782	0.00024531024531	0.00044733044733	0	0
0	0.000764790764791	0	0	0	0	0	0	0	0	0	0.00118326118326	0	0.0106204906205	0	0	7.21500721501e-05	0	0	0	0	1.443001443e-05	0.00017316017316	0	0.00015873015873	0.0144733044733	0.00177489177489	0.00590187590188	0	0	0	0.000562770562771	0	0	0	0	0	0	0	0	0	0	0	0	0	0	0.00451659451659	0	0.00815295815296	0	0	0	0	0	0	0	0	0	0	0	0.00606060606061	0.00578643578644	0.00367965367965	0	0	0	0.00265512265512	0	0	0	0	0.00038961038961	0.00010101010101	0	0	0	0.00047619047619	0	0.000620490620491	0	0	0	0	0.00012987012987
1.443001443e-05	0.000937950937951	0.0103896103896	0	1.443001443e-05	0	0.0004329004329	0.00235209235209	0.000851370851371	2.886002886e-05	0.00112554112554	0.00731601731602	0.00015873015873	0.00408369408369	0.000692640692641	0	0	0.00526695526696	0.00040404040404	0.00981240981241	0.00116883116883	0.00021645021645	1.443001443e-05	0.00049062049062	0.00033189033189	0.00177489177489	0.0661471861472	0.0316017316017	0.000793650793651	0.00165945165945	0.000880230880231	0.0018759018759	4.329004329e-05	0	0.00828282828283	0	0.0012987012987	0	0	0	0	0	0	0	2.886002886e-05	0	0.00655122655123	0	0.00215007215007	0	0	0	0.00020202020202	0.00284271284271	1.443001443e-05	0	0	4.329004329e-05	0	0	0.00694083694084	0.0172438672439	0.0061038961039	0	5.77200577201e-05	0	0.000952380952381	0	2.886002886e-05	7.21500721501e-05	0.00603174603175	0.00434343434343	0.0117316017316	0.00580086580087	0	0	2.886002886e-05	1.443001443e-05	0.00209235209235	4.329004329e-05	0	0	0	0
1.443001443e-05	0.0328715728716	0.0105483405483	0	0	0	0	7.21500721501e-05	4.329004329e-05	0	0	1.443001443e-05	0	0.00531024531025	1.443001443e-05	0	0.00376623376623	0.0102164502165	0	0.00520923520924	0	0.00046176046176	0.0174314574315	0.0123520923521	0.00318903318903	0.00590187590188	0.0316017316017	0.11582972583	0.00037518037518	0.00010101010101	0.00207792207792	0	2.886002886e-05	0	0.00516594516595	0	0.0310678210678	0.00152958152958	0	0	0	0	0	0	0	0	0.00379509379509	0	0.00310245310245	0	0	0	0.00373737373737	0.00265512265512	5.77200577201e-05	0	0	0.0107215007215	0.00724386724387	0	0.0184992784993	0.0292496392496	0.0488167388167	0	0	0	0.00017316017316	0	0	0.00036075036075	0.00278499278499	0.00204906204906	0.00422799422799	0.000649350649351	0	1.443001443e-05	0	0	0.000562770562771	8.65800865801e-05	0.00010101010101	0	0	0
0.00473304473304	0.00038961038961	8.65800865801e-05	0	0.0076911976912	0.00027417027417	0.00311688311688	0.0417748917749	0.00532467532468	0.0122799422799	0.00939393939394	0.00024531024531	0.000851370851371	0	0.002886002886	0.00497835497835	0.00200577200577	0	5.77200577201e-05	0.00023088023088	0.000952380952381	0.00606060606061	0.00414141414141	0.00510822510823	0.0228571428571	0	0.000793650793651	0.00037518037518	0.0910822510823	0.00646464646465	0.00672438672439	0	2.886002886e-05	0.00343434343434	0.00366522366522	0	0	1.443001443e-05	0	0.0052380952381	0	0.0001443001443	0	4.329004329e-05	0.0125974025974	0.0052380952381	0.00027417027417	0.00024531024531	0	0	1.443001443e-05	0.0001443001443	0.00011544011544	0.00012987012987	0	0.00676767676768	0.00027417027417	0.00217893217893	0.00011544011544	0.024531024531	0	0	2.886002886e-05	0.00953823953824	4.329004329e-05	0	0	1.443001443e-05	0	0.00249639249639	0.00392496392496	2.886002886e-05	0.00422799422799	0.00337662337662	0.00242424242424	4.329004329e-05	0	0.00046176046176	0	0.00209235209235	0.000793650793651	0.00036075036075	0.00010101010101	0
0.00650793650794	0	0	0	7.21500721501e-05	0	0.00137085137085	0.0109235209235	0.0106060606061	0	0.00470418470418	0.00907647907648	0.000577200577201	4.329004329e-05	0.0121500721501	1.443001443e-05	0	1.443001443e-05	0.00181818181818	0.0021645021645	0.00252525252525	5.77200577201e-05	0	0	0.00213564213564	0	0.00165945165945	0.00010101010101	0.00646464646465	0.0362770562771	0.00376623376623	0	0.00399711399711	0.00730158730159	0.0143434343434	0	0.00010101010101	0	0	0	0	0	0	0	1.443001443e-05	0	0.0001443001443	0	0	0	0	0	4.329004329e-05	0.00010101010101	7.21500721501e-05	0	0	0	0	0	0	7.21500721501e-05	2.886002886e-05	0	0.0001443001443	0	0	0	0	0.00015873015873	0.00181818181818	8.65800865801e-05	0.0091341991342	1.443001443e-05	0.00027417027417	0.00015873015873	0	0.00011544011544	1.443001443e-05	7.21500721501e-05	0	0	0	0
0.00519480519481	4.329004329e-05	8.65800865801e-05	0	0	0	0	0.0221067821068	0.00300144300144	0	0	0	0	0	0.00356421356421	2.886002886e-05	0	0.00421356421356	0	0.00126984126984	0	0.0159307359307	0	0.0143722943723	0.00031746031746	0	0.000880230880231	0.00207792207792	0.00672438672439	0.00376623376623	0.0514718614719	0	0	0.00047619047619	0.00972582972583	0	0.00124098124098	0.000865800865801	0	0	0	0	0	0	0	0	0	0	0	0	0	0	0.00196248196248	0	0.00046176046176	0	0.00012987012987	0.00279942279942	0.0015873015873	0	0	0.000721500721501	0.00103896103896	0.00012987012987	0	0	0	0	0	0.00106782106782	0.00321789321789	0	0.0129292929293	0.00600288600289	0	0	0	5.77200577201e-05	0	0.00238095238095	0.00392496392496	0	0	0
0	0	0	0	0	0	0	0	0	0	0	0.000981240981241	0	0.00122655122655	0	0	0	0	0	0	0	0	0	0	0	0.000562770562771	0.0018759018759	0	0	0	0	0.0021645021645	0	0	0	0	0	0	0	0	0	0	0	0	0	0	0.00165945165945	0	0.000836940836941	0	0	0	0	0.0001443001443	0	0	0	0	0	0	0.00015873015873	0.00108225108225	0	0	0	0	0.00041847041847	0	0	0	0	0.0004329004329	0	0	0	0	0	0	0.000735930735931	0	0	0	0	7.21500721501e-05
0	0	0	0	2.886002886e-05	0.000577200577201	0.00010101010101	0.0001443001443	0.00336219336219	0	7.21500721501e-05	0.00113997113997	5.77200577201e-05	2.886002886e-05	0.00118326118326	7.21500721501e-05	0	0	0	0	5.77200577201e-05	0	0	0	0	0	4.329004329e-05	2.886002886e-05	2.886002886e-05	0.00399711399711	0	0	0.0062481962482	0	0.00243867243867	0	0	0	0	0	0	0	0	0	0	0	7.21500721501e-05	0	0	0	0	0	0	4.329004329e-05	0	0	0	0	0	0	0	0	0	0	7.21500721501e-05	0	0	0	0	7.21500721501e-05	0.00219336219336	8.65800865801e-05	0.00116883116883	0	0.000981240981241	0.00040404040404	0	5.77200577201e-05	0	5.77200577201e-05	0	0	0	0
0.00122655122655	0	0	0	0	0	0.00012987012987	0.00526695526696	0.00024531024531	0	0.00012987012987	0	0	0	0.000894660894661	0	0	0	0	0	0	0	0	0	0.00126984126984	0	0	0	0.00343434343434	0.00730158730159	0.00047619047619	0	0	0.00924963924964	0.00285714285714	0	0	0	0	0	0	0	0	0	1.443001443e-05	0	0	0	0	0	0	0	0	0	0	0	0	0	0	0	0	0	0	0	0	0	0	0	0	0	0	0	0.000808080808081	0	0	0	0	0	0	0	0	0	0	0
0.00041847041847	1.443001443e-05	4.329004329e-05	0	5.77200577201e-05	0.00023088023088	0.00219336219336	0.00997113997114	0.00577200577201	2.886002886e-05	0.00701298701299	0.0174747474747	0.00015873015873	4.329004329e-05	0.00493506493506	2.886002886e-05	0	0.00450216450216	0.00300144300144	0.0167243867244	0.00246753246753	0.00203463203463	1.443001443e-05	0.00334776334776	0.00138528138528	0	0.00828282828283	0.00516594516595	0.00366522366522	0.0143434343434	0.00972582972583	0	0.00243867243867	0.00285714285714	0.0508513708514	0	0.000663780663781	0	0	0	0	0	0	0	4.329004329e-05	0	0.0001443001443	0	0	0	0	0	0.00018759018759	0.00012987012987	0.00012987012987	0	0	1.443001443e-05	0	0	0.00025974025974	0.000793650793651	0.000606060606061	0	0.0001443001443	0	0	0	1.443001443e-05	0.00033189033189	0.00362193362193	0.00049062049062	0.032481962482	0.0023088023088	7.21500721501e-05	0.000505050505051	0	8.65800865801e-05	0	0.00038961038961	0.00024531024531	0	0	0
0	0	0	0	0	0	0	0	0	0	0	0	0	0	0	0	0	0	0	0	0	0	0	0	0	0	0	0	0	0	0	0	0	0	0	0.0230447330447	0	0.000634920634921	0	0	1.443001443e-05	0.00164502164502	0.00741702741703	0.00757575757576	0	0.000909090909091	0	0.000851370851371	0	0.0162337662338	0	0	0.00300144300144	0	0	0	0.000692640692641	0	0.00574314574315	0.000779220779221	0	0	0	0.00190476190476	0.0031746031746	0.00673881673882	0	0	0	0.00021645021645	0	0	0	0	0	0	0	0	0	0	0	0	0	0
0	0.0222222222222	0.00106782106782	0	0	0	0	2.886002886e-05	1.443001443e-05	0.00207792207792	0	0	0	0	0	0	0	0.00163059163059	0	0.000721500721501	0	0	0.00383838383838	0.00189033189033	0	0	0.0012987012987	0.0310678210678	0	0.00010101010101	0.00124098124098	0	0	0	0.000663780663781	0	0.0564790764791	0.00027417027417	0	0	0	0	0	0	0.00464646464646	0	0.00012987012987	0	0.00206349206349	0	0	0.00031746031746	0.00535353535354	0	0.00148629148629	0	1.443001443e-05	0.00924963924964	2.886002886e-05	0.00239538239538	0.00906204906205	0.0103896103896	0.0459451659452	4.329004329e-05	0	0	0	0	0	0.00044733044733	0.00269841269841	0.000692640692641	0.00044733044733	0	0	0	0	0.00018759018759	4.329004329e-05	0.00025974025974	0	0	0	0
0	0.000591630591631	0	0	0	0	0	0.000721500721501	1.443001443e-05	0	0	0	0	0	0	0	0	0	0	0	0	0.00011544011544	0.00020202020202	0.00229437229437	0	0	0	0.00152958152958	1.443001443e-05	0	0.000865800865801	0	0	0	0	0.000634920634921	0.00027417027417	0.0387445887446	0	0	0	0.00024531024531	0.00126984126984	0.000735930735931	0	0	0	0	0	0.000750360750361	0	0.00049062049062	0.0166522366522	0	0.00010101010101	0	0.00111111111111	0.00186147186147	0.0211688311688	0.00118326118326	0	0.00901875901876	0.0098556998557	0.00333333333333	0.00011544011544	0	0	0	0	0	0.00027417027417	0	0	0	0	0	0	0	0	0	0	0	0	0
0	0	0	0	0	0	0	0	0	0	0	0	0	0	0	0	0	0	0	0	0	0	0	0	0	0	0	0	0	0	0	0	0	0	0	0	0	0	0	0	0	0	0	0	0	0	0	0	0	0	0	0	0	0	0	0	0	0	0	0	0	0	0	0	0	0	0	0	0	0	0	0	0	0	0	0	0	0	0	0	0	0	0	0
0	0	0	0	0.00220779220779	0	0.00015873015873	0.00227994227994	0.00017316017316	0.00148629148629	0.000634920634921	0	0	0	0	1.443001443e-05	0	0	0	0	0	0	0	0	0.00300144300144	0	0	0	0.0052380952381	0	0	0	0	0	0	0	0	0	0	0.0141125541126	0	0.00015873015873	2.886002886e-05	0	0.00427128427128	0.000779220779221	4.329004329e-05	0.00271284271284	0	0	0.00108225108225	0	0	2.886002886e-05	0	0.00756132756133	0	0	0	0.00883116883117	0	0	0	0.00525252525253	0	0	0	0	0	0.00027417027417	0	0	0	0	0	0	0	0	0	0.00024531024531	0	0.000591630591631	4.329004329e-05	0
0	0	0	0	0	0	0	0	0	0	0	0	0	0	0	0	0	0	0	0	0	0	0	0	0	0	0	0	0	0	0	0	0	0	0	1.443001443e-05	0	0	0	0	0.00318903318903	0.00124098124098	0.000692640692641	0.00118326118326	4.329004329e-05	0.00046176046176	2.886002886e-05	0.00012987012987	0	0	0.00126984126984	0	0	1.443001443e-05	0	0	0	0	0	1.443001443e-05	0	0	0	0.000735930735931	0	0	0	0.000562770562771	0	0.00012987012987	0	0	0	0	0	0	0	5.77200577201e-05	0	0.00012987012987	0	0.00124098124098	0.000764790764791	0
0	0	0	0	8.65800865801e-05	0	2.886002886e-05	0.0001443001443	2.886002886e-05	0	4.329004329e-05	0	0	0	0	0	0	0	0	0	0	0	0	0	0.00011544011544	0	0	0	0.0001443001443	0	0	0	0	0	0	0.00164502164502	0	0.00024531024531	0	0.00015873015873	0.00124098124098	0.0465079365079	0.0047619047619	0.0168975468975	4.329004329e-05	0.0273593073593	0.00168831168831	0.0156854256854	0	0.00656565656566	0.00157287157287	0	0.00024531024531	0.00154401154401	0.000750360750361	0.0012987012987	0.00011544011544	0	0.00049062049062	0.00040404040404	0	0.000663780663781	0	0.00494949494949	0.00686868686869	0	0	0.000851370851371	0	0.00565656565657	0	0	0	0	0	0	0	0.000735930735931	0	0.00334776334776	1.443001443e-05	0.0012987012987	0.000764790764791	0
0	0	0	0	0	0	0	0	0	0	0	0	0	0	0	0	0	0	0	0	0	0	0	0	0	0	0	0	0	0	0	0	0	0	0	0.00741702741703	0	0.00126984126984	0	2.886002886e-05	0.000692640692641	0.0047619047619	0.0381240981241	0.00810966810967	0	0.00396825396825	0.00011544011544	0	0	0.00531024531025	1.443001443e-05	0	0.00132756132756	1.443001443e-05	0	0	0.00444444444444	0	0.00215007215007	0.0079797979798	0	0	0	0.0156421356421	0.000663780663781	0.00463203463203	0	0	0	0.000966810966811	0	0	0	0	0	0	0	0	0	0.00027417027417	1.443001443e-05	0	0	0
0	0	0	0	0	0	0	5.77200577201e-05	0	0	0	0	0	0	0	0	0	0	0	0	0	0	0	0	0	0	0	0	4.329004329e-05	0	0	0	0	0	0	0.00757575757576	0	0.000735930735931	0	0	0.00118326118326	0.0168975468975	0.00810966810967	0.040937950938	0	0.0102453102453	0.00116883116883	0.00673881673882	0	0.0118614718615	0.00112554112554	0	0.00148629148629	0.0001443001443	0	0	0.00347763347763	0	0.00487734487734	0.00010101010101	0	0	0	0.00378066378066	0.00204906204906	0.00215007215007	0	0.00619047619048	0	0.00333333333333	1.443001443e-05	0	1.443001443e-05	0	0	0	0	0.00464646464646	0	0.0047619047619	0	0.00249639249639	0.00334776334776	0
0	0	0	0	0.00212121212121	0	0	0.00220779220779	0	0.014632034632	0.00027417027417	0	0	0	0	0.00049062049062	0	0	0	0	1.443001443e-05	0	0.000750360750361	0	0.0103751803752	0	2.886002886e-05	0	0.0125974025974	1.443001443e-05	0	0	0	1.443001443e-05	4.329004329e-05	0	0.00464646464646	0	0	0.00427128427128	4.329004329e-05	4.329004329e-05	0	0	0.0367388167388	2.886002886e-05	0.00023088023088	0.00347763347763	0.00111111111111	0	0.0037518037518	0.0001443001443	0	0	0	0.0020202020202	0	0.00888888888889	0	0.0256998556999	0.00249639249639	0.000865800865801	0.00386724386724	0.0049062049062	0.00025974025974	0	0	0	0.0004329004329	0.00170274170274	0.000981240981241	0	0.00010101010101	0.00011544011544	1.443001443e-05	1.443001443e-05	0	0.000779220779221	0	0.00150072150072	0.00046176046176	0.00213564213564	0	0
0	0	0	0	0.00417027417027	0	0.00017316017316	0.0017316017316	0.00017316017316	0.000995670995671	0.00359307359307	0	0.00015873015873	0	0	0	0	0	0	0	0	0	0	0	0.00119769119769	0	0	0	0.0052380952381	0	0	0	0	0	0	0.000909090909091	0	0	0	0.000779220779221	0.00046176046176	0.0273593073593	0.00396825396825	0.0102453102453	2.886002886e-05	0.0433044733045	0.00157287157287	0.0109523809524	0	0.00497835497835	0.000533910533911	0	0	0.00141414141414	0.000750360750361	0.00823953823954	1.443001443e-05	0	8.65800865801e-05	0.00766233766234	0	0.000548340548341	0	0.00808080808081	0.00405483405483	4.329004329e-05	0	0.00012987012987	0	0.00451659451659	0	0	0	0	0	0	0	0.00010101010101	0	0.00290043290043	1.443001443e-05	8.65800865801e-05	0.00040404040404	0
0	0	0	0	0	0	5.77200577201e-05	0.00027417027417	0.00025974025974	0.00021645021645	0.00011544011544	0.00577200577201	0	0.0105194805195	0.0001443001443	2.886002886e-05	0	0	0	0	0	0	4.329004329e-05	0	0.00010101010101	0.00451659451659	0.00655122655123	0.00379509379509	0.00027417027417	0.0001443001443	0	0.00165945165945	7.21500721501e-05	0	0.0001443001443	0	0.00012987012987	0	0	4.329004329e-05	2.886002886e-05	0.00168831168831	0.00011544011544	0.00116883116883	0.00023088023088	0.00157287157287	0.0414141414141	0.000750360750361	0.00802308802309	0.00011544011544	1.443001443e-05	0	0	0.0130158730159	0.00304473304473	1.443001443e-05	1.443001443e-05	0.00017316017316	0	0.000909090909091	0.00379509379509	0.00643578643579	4.329004329e-05	0.00041847041847	0.00378066378066	0	0.00356421356421	0.000952380952381	0	0.00937950937951	0.00011544011544	0.00480519480519	0.00011544011544	0	4.329004329e-05	0	0	0.00421356421356	0.0103896103896	0.00968253968254	0.00112554112554	0	0.000707070707071	0.00506493506494
0	0	0	0	0.000865800865801	0	0	0	0	0.000966810966811	8.65800865801e-05	0	0.000981240981241	0	0	0	0	0	0	0	1.443001443e-05	0	0	0	0.00046176046176	0	0	0	0.00024531024531	0	0	0	0	0	0	0.000851370851371	0	0	0	0.00271284271284	0.00012987012987	0.0156854256854	0	0.00673881673882	0.00347763347763	0.0109523809524	0.000750360750361	0.026176046176	0	0.00489177489177	0.002886002886	0	0	0.000851370851371	0.000735930735931	0.00359307359307	0	0	1.443001443e-05	0.00217893217893	0	0.000678210678211	0	0.000533910533911	0.00561327561328	0	0	0	0	0.00341991341991	0	0	0	0	0	0	0	0	0	0.00167388167388	0	0.00102453102453	2.886002886e-05	0
0	0	0	0	0	0	0	0	0	0.000649350649351	0	0.00304473304473	0	0.00900432900433	0	0	0	0	0	0	0	0	0	0	0	0.00815295815296	0.00215007215007	0.00310245310245	0	0	0	0.000836940836941	0	0	0	0	0.00206349206349	0	0	0	0	0	0	0	0.00111111111111	0	0.00802308802309	0	0.0175757575758	0	0	0	0	0	0	0	0	0.00147186147186	0	0.00040404040404	0.00900432900433	0.00441558441558	0.004329004329	0	0	0	0.00323232323232	0	0	0.00025974025974	0	0.00147186147186	0	0	0	0	0	0	0.00200577200577	0.00030303030303	0	0	0	0.00122655122655
0	0	0	0	0	0	0	0	0	0	0	0	0	0	0	0	0	0	0	0	0	0	0	0	0	0	0	0	0	0	0	0	0	0	0	0.0162337662338	0	0.000750360750361	0	0	0	0.00656565656566	0.00531024531025	0.0118614718615	0	0.00497835497835	0.00011544011544	0.00489177489177	0	0.033189033189	0.00034632034632	0	0.00323232323232	0	0	0	0.000505050505051	0	0.00551226551227	0.00513708513709	0	4.329004329e-05	0	0.00564213564214	0.0116738816739	0.00613275613276	0	5.77200577201e-05	2.886002886e-05	0.00155844155844	0	0	0	0	0	0	0	0	0	0.00011544011544	0	1.443001443e-05	0	0
0	0	0	0	4.329004329e-05	0	0	0	0	0.00012987012987	1.443001443e-05	0	0	0	0	0	0	0	0	0	0	0	0	0	5.77200577201e-05	0	0	0	1.443001443e-05	0	0	0	0	0	0	0	0	0	0	0.00108225108225	0.00126984126984	0.00157287157287	1.443001443e-05	0.00112554112554	0.0037518037518	0.000533910533911	1.443001443e-05	0.002886002886	0	0.00034632034632	0.00773448773449	0	0	0	0	0	0	0	0	0.00264069264069	0	0	0	0.00011544011544	4.329004329e-05	0	0	0.00037518037518	0	1.443001443e-05	0	0	0	0	0	0	0	0	0	1.443001443e-05	0	0.0033189033189	0.00033189033189	0
0	0	0	0	0	0	0	0	0	0.0001443001443	0	0	0	0	0	0	0.0004329004329	0	0	0	0	0	0.000634920634921	1.443001443e-05	1.443001443e-05	0	0	0	0.0001443001443	0	0	0	0	0	0	0	0.00031746031746	0.00049062049062	0	0	0	0	0	0	0.0001443001443	0	0	0	0	0	0	0.0194805194805	0.0015873015873	0	0	0	0.00240981240981	0.0122366522367	0.00548340548341	0.00728715728716	0	0	0.00359307359307	0.00512265512266	0.00111111111111	0.000851370851371	0	0	0.0015873015873	0.00213564213564	0	0	0	0	0	0	0	0.00122655122655	0	0.000606060606061	0	0	0	0
0	0.00103896103896	0.00021645021645	0	0	0	0	0.00119769119769	0	2.886002886e-05	0	2.886002886e-05	0	0	0	0	1.443001443e-05	0.00142857142857	0	0.00018759018759	0	0.000505050505051	0.00020202020202	0.00507936507937	0	0	0.00020202020202	0.00373737373737	0.00011544011544	4.329004329e-05	0.00196248196248	0	0	0	0.00018759018759	0.00300144300144	0.00535353535354	0.0166522366522	0	0	0	0.00024531024531	0.00132756132756	0.00148629148629	0	0	0	0	0	0.00323232323232	0	0.0015873015873	0.0453823953824	0	0.00333333333333	0	0.00424242424242	0.00396825396825	0.0163636363636	0.002886002886	0	0.00500721500722	0.0101731601732	0.00842712842713	0.00030303030303	0.000880230880231	0	0	0	0.00385281385281	0.00203463203463	0.00030303030303	0.00018759018759	0	0	0	0	0.00033189033189	2.886002886e-05	0	0	0	0	0
0	0	0	0	0	0	5.77200577201e-05	0.00027417027417	0.00024531024531	0	0.00012987012987	1.443001443e-05	0	0.000707070707071	0.00010101010101	1.443001443e-05	0	0	0	0	0	0	0	0	0	0	0.00284271284271	0.00265512265512	0.00012987012987	0.00010101010101	0	0.0001443001443	4.329004329e-05	0	0.00012987012987	0	0	0	0	2.886002886e-05	1.443001443e-05	0.00154401154401	1.443001443e-05	0.0001443001443	0	0.00141414141414	0.0130158730159	0.000851370851371	0	0	0	0	0	0.020303030303	0.00326118326118	1.443001443e-05	0	1.443001443e-05	0	4.329004329e-05	0	0.00660894660895	0	4.329004329e-05	0.00150072150072	0	0	0	0	0.00341991341991	8.65800865801e-05	0.000779220779221	0.00011544011544	0	2.886002886e-05	0	0	0.00704184704185	0.00734487734488	0.0053823953824	0.00033189033189	0	0	0.00147186147186
0	0.00017316017316	0	0	0	0	1.443001443e-05	4.329004329e-05	4.329004329e-05	0	4.329004329e-05	0	0	0	0	1.443001443e-05	0	0.00021645021645	0	0.00010101010101	0	0	0	0.00025974025974	0	0	1.443001443e-05	5.77200577201e-05	0	7.21500721501e-05	0.00046176046176	0	0	0	0.00012987012987	0	0.00148629148629	0.00010101010101	0	0	0	0.000750360750361	0	0	0	0.000750360750361	0.00304473304473	0.000735930735931	0	0	0	0	0.00333333333333	0.00326118326118	0.0174314574315	0	0	2.886002886e-05	0	1.443001443e-05	0	0.0091341991342	0.00203463203463	0	0.00131313131313	0	0	0	0	0.00720057720058	0.00049062049062	8.65800865801e-05	0.00011544011544	0	0	0	0	0.00163059163059	0.000707070707071	0.00431457431457	0.00036075036075	0	0	0
0	0	0	0	0.00598845598846	0	0.00011544011544	0.00176046176046	0.00011544011544	0.00209235209235	0.00383838383838	0	0.00025974025974	0	0	0	0	0	0	0	0	0	0	0	0.00251082251082	0	0	0	0.00676767676768	0	0	0	0	0	0	0	0	0	0	0.00756132756133	0	0.0012987012987	0	0	0.0020202020202	0.00823953823954	1.443001443e-05	0.00359307359307	0	0	0	0	0	1.443001443e-05	0	0.0171428571429	0	0	0	0.00808080808081	0	0	0	0.00264069264069	1.443001443e-05	0	0	0	0	1.443001443e-05	0	0	0	0	0	0	0	0	0	1.443001443e-05	0	0.00010101010101	0	0
0	0	0	0	0	0	0	0.00010101010101	0	0.00038961038961	0	0	0	0	0	0	0.000606060606061	0	0	0	0	0.00047619047619	0.00138528138528	0.00046176046176	2.886002886e-05	0	0	0	0.00027417027417	0	0.00012987012987	0	0	0	0	0.000692640692641	1.443001443e-05	0.00111111111111	0	0	0	0.00011544011544	0.00444444444444	0.00347763347763	0	1.443001443e-05	1.443001443e-05	0	0	0.000505050505051	0	0.00240981240981	0.00424242424242	0	0	0	0.054329004329	0.00266955266955	0.0221500721501	0.00193362193362	0	0	5.77200577201e-05	0.0256132756133	0.0004329004329	0.00888888888889	0	0	0.00037518037518	0.00787878787879	8.65800865801e-05	0	1.443001443e-05	2.886002886e-05	0	0	0	0.00154401154401	0	0.00759018759019	0.00113997113997	0.000548340548341	0	0
0	0.00012987012987	0	0	0	0	1.443001443e-05	0.00207792207792	0	0.00907647907648	0	0	0	0	0	0.000894660894661	0.00617604617605	0	0	0	0	0.0021645021645	0.0205194805195	0.0170707070707	0.000880230880231	0	4.329004329e-05	0.0107215007215	0.00217893217893	0	0.00279942279942	0	0	0	1.443001443e-05	0	0.00924963924964	0.00186147186147	0	0	0	0	0	0	0.00888888888889	0	0.00017316017316	0	0.00147186147186	0	0	0.0122366522367	0.00396825396825	1.443001443e-05	2.886002886e-05	0	0.00266955266955	0.0646753246753	0.018354978355	0.00981240981241	0.00327561327561	0.00113997113997	0.0202308802309	0.00467532467532	0.00021645021645	0	0	0	0.00041847041847	0.00178932178932	0.00832611832612	0.000577200577201	0.000649350649351	0.00125541125541	1.443001443e-05	1.443001443e-05	0	0.00832611832612	1.443001443e-05	0.00207792207792	0.00186147186147	0.00021645021645	0	0
0	0.000591630591631	0	0	0	0	0	0.00108225108225	0	0	0	0	0	0	0	0	0.00419913419913	0	0	1.443001443e-05	0	0.00038961038961	0.0103174603175	0.0110245310245	0	0	0	0.00724386724387	0.00011544011544	0	0.0015873015873	0	0	0	0	0.00574314574315	2.886002886e-05	0.0211688311688	0	0	0	0.00049062049062	0.00215007215007	0.00487734487734	0	8.65800865801e-05	0	1.443001443e-05	0	0.00551226551227	0	0.00548340548341	0.0163636363636	0	0	0	0.0221500721501	0.018354978355	0.0936219336219	0.00354978354978	0	0.00015873015873	0.0135497835498	0.00988455988456	0.000663780663781	0.00301587301587	0	0	0.00017316017316	0.00311688311688	0.00015873015873	1.443001443e-05	0.00040404040404	0.0017316017316	0.00023088023088	0	0	0.00282828282828	0	0.00409812409812	0.00721500721501	0.00327561327561	0	0
0	0	0	0	0.00659451659452	0	0.00041847041847	0.00943722943723	0.0004329004329	0.0103896103896	0.00421356421356	0	0	0	0	1.443001443e-05	0.00018759018759	0	0	0	0	0.00027417027417	0.00174603174603	0.00015873015873	0.0115584415584	0	0	0	0.024531024531	0	0	0	0	0	0	0.000779220779221	0.00239538239538	0.00118326118326	0	0.00883116883117	1.443001443e-05	0.00040404040404	0.0079797979798	0.00010101010101	0.0256998556999	0.00766233766234	0.000909090909091	0.00217893217893	0.00040404040404	0.00513708513709	0.00264069264069	0.00728715728716	0.002886002886	4.329004329e-05	1.443001443e-05	0.00808080808081	0.00193362193362	0.00981240981241	0.00354978354978	0.0850649350649	0.0010101010101	0.00031746031746	0.00220779220779	0.0423953823954	0.0139826839827	0.00380952380952	0	2.886002886e-05	0.00607503607504	0.0137373737374	0.00017316017316	0	0	1.443001443e-05	1.443001443e-05	1.443001443e-05	0	0.00046176046176	0	0.00650793650794	0.00191919191919	0.00189033189033	0.00010101010101	0
