0.0402125818208	0	2.4378649179e-05	0	0.00026816514097	0	3.65679737686e-05	0.0229037409037	0.0162361803532	0	0.00538768146857	0.00117017516059	0.000304733114738	0	0.0230987700971	0	0	7.31359475371e-05	0.000999524616341	0.000670412852424	0.00273040870805	0.00276697668182	0	0.000304733114738	0.0037177439998	0	0.000694791501603	4.87572983581e-05	0.0161874230549	0.014907543973	0.0134204463731	0	0	0.00110922853765	0.00447348212436	0	1.21893245895e-05	1.21893245895e-05	0	0	0	0	0	0	0	0	0	0	0	0	0	0	1.21893245895e-05	0	0	0	0	0	0	0	0	1.21893245895e-05	1.21893245895e-05	0	0	0	0	0	0	0	0	0	0.00147490827533	9.75145967162e-05	0	0	0	0	0	0	0	0	0	0
0	0.0138836407075	1.21893245895e-05	0	0	0	0	0	0	0.00214532112776	0	0	0	0.000121893245895	0	0	0.000341301088507	0	0	0	0	0	0.00451005009812	4.87572983581e-05	0.0020965638294	0.000426626360633	0.000950767317983	0.0117505089043	0	0	0	0	0	0	0	0	0.00741110935043	0	0	0	0	0	0	0	0	0	0	0	0	0	0	1.21893245895e-05	0	0	0	0	0	1.21893245895e-05	0	0	3.65679737686e-05	4.87572983581e-05	0.00717951218323	1.21893245895e-05	0	0	0	0	0	0	1.21893245895e-05	0	1.21893245895e-05	1.21893245895e-05	0	0	0	0	0	1.21893245895e-05	1.21893245895e-05	1.21893245895e-05	0	0
2.4378649179e-05	1.21893245895e-05	0.0425163641683	0	0	0	3.65679737686e-05	0	4.87572983581e-05	0	0	0	6.09466229476e-05	0	4.87572983581e-05	0	0	0.00959299845196	0	1.21893245895e-05	0	0.000195029193432	0.00136520435403	0.0135057716452	0	0	0.008374065993	0.0257926108314	1.21893245895e-05	3.65679737686e-05	3.65679737686e-05	0	0	0	0.000670412852424	0	0.00274259803264	0.000816684747498	0	0	0	0	0	0	0	0	0	0	0	0	0	0.000280354465559	0.00101171394093	0	4.87572983581e-05	0	6.09466229476e-05	0.00219407842611	0.00546081741611	0	0	0.000902010019625	0.00564365728495	1.21893245895e-05	0	0	0	0	0	0	0.00129206840649	0	0.00219407842611	0.00326673898999	7.31359475371e-05	0	0	0.000597276904887	0	0.000463194334402	0.000426626360633	2.4378649179e-05	0	0
0	0	0	0	0	0	0	0	0	0	0	0	0	0	0	0	0	0	0	0	0	0	0	0	0	0	0	0	0	0	0	0	0	0	0	0	0	0	0	0	0	0	0	0	0	0	0	0	0	0	0	0	0	0	0	0	0	0	0	0	0	0	0	0	0	0	0	0	0	0	0	0	0	0	0	0	0	0	0	0	0	0	0	0
0.00026816514097	0	0	0	0.0341910554736	0	0.00229159302283	0.000841063396677	0.00286449127854	0.00160899084582	0.00192591328514	0.00146271895074	0.010482819147	0	0.0019746705835	0.00153585489828	0	0	0.0017430734163	0.000816684747498	0.00699667231439	0	0	0	0.0248418435135	0	0.000694791501603	0	0.0125793829764	0.00313265641951	0	0	0	1.21893245895e-05	0.00263289411134	0	0	0	0	0.0118114555272	0	0.000182839868843	2.4378649179e-05	0	0.010214654006	0.00742329867502	0.000146271895074	0.00703324028816	2.4378649179e-05	8.53252721267e-05	8.53252721267e-05	0	0	0	0	0.00925169736345	0	0	0	0.00983678494375	0	0	0	0.00134082570485	0.000158461219664	0	1.21893245895e-05	0	0	0.000182839868843	0.000292543790149	1.21893245895e-05	0.00251100086544	0.000280354465559	0.000975145967162	0.000170650544253	0	0	1.21893245895e-05	2.4378649179e-05	1.21893245895e-05	7.31359475371e-05	0	0
0	0	0	0	0	0.00477821523909	0.000597276904887	4.87572983581e-05	0.000438815685223	0.00052414095735	0	0	0	0	0.000121893245895	0.00241348626873	0	0	0	0	0	0	0	0	0.000426626360633	0	0	0	0.000158461219664	3.65679737686e-05	0	0	0.000560708931118	0	0.000280354465559	0	0	0	0	0.000341301088507	0	0	0	0	0.000536330281939	1.21893245895e-05	0	0.000109703921306	0	0	2.4378649179e-05	0	0	0	0	0.00025597581638	0	0	0	0.000414437036044	0	0	0	0	0	0	0	0	0	0	0.000646034203245	0	6.09466229476e-05	2.4378649179e-05	0.00287668060313	0.000390058386865	1.21893245895e-05	0	0	0	0	2.4378649179e-05	0	0
3.65679737686e-05	0	3.65679737686e-05	0	0.00229159302283	0.000597276904887	0.0283279903461	0.00696010434062	0.02138007533	0.00137739367862	0.00873974573069	0.00103609259011	0.00560708931118	0	0.00493667645876	0.00212094247858	1.21893245895e-05	0.000109703921306	0.000975145967162	0.000134082570485	0.002791355331	8.53252721267e-05	0	0.000182839868843	0.00287668060313	0	0.00076792744914	3.65679737686e-05	0.00313265641951	0.00405904508831	4.87572983581e-05	0	0.000572898255708	0.000121893245895	0.00324236034081	1.21893245895e-05	0	0	0	0.00110922853765	1.21893245895e-05	9.75145967162e-05	0	0	0.00312046709492	0.000451005009812	0	0.00240129694414	0	0	7.31359475371e-05	0	0	0	0	0.00138958300321	0	0	0	0.000694791501603	0	0	0	1.21893245895e-05	1.21893245895e-05	0	0	0	0	0	0.00196248125891	1.21893245895e-05	0.00293762722608	0.000902010019625	0.00464413266861	0.000731359475371	6.09466229476e-05	4.87572983581e-05	0	0	0	4.87572983581e-05	0	0
0.0229037409037	0	0	0	0.000841063396677	4.87572983581e-05	0.00696010434062	0.0766830409927	0.0191372396056	0	0.0111288533502	0.000914199344214	2.4378649179e-05	2.4378649179e-05	0.015858311291	0.000329111763917	0	6.09466229476e-05	0.000902010019625	0.00125550043272	0	0.00494886578335	0	0.000999524616341	0.00797181828155	0	0.00113360718683	0	0.0405660722339	0.0127012762223	0.0149197332976	0	2.4378649179e-05	0.00676507514719	0.0097758383208	8.53252721267e-05	0	0	0	0.00336425358671	0	0	0.000390058386865	0	0.00544862809152	0.00214532112776	0	0.000109703921306	0	0	0	0	0	0	0	0.000170650544253	0	0	0	0.00585087580297	0	0	0	0.00301076317361	4.87572983581e-05	0	0	0	0	1.21893245895e-05	0.00134082570485	0	0.00610685161935	0.00341301088507	0.00051195163276	0.00173088409171	0	3.65679737686e-05	0	0	0	0	0	0
0.0162361803532	0	4.87572983581e-05	0	0.00286449127854	0.000438815685223	0.02138007533	0.0191372396056	0.0593132534526	0.000926388668804	0.0176623313302	0.00297419519984	0.00854471653726	0	0.0297419519984	0.00101171394093	0	0.000170650544253	0.00312046709492	0.000841063396677	0.0116895622814	0.000170650544253	0	0.000207218518022	0.00508294835383	0	0.00130425773108	4.87572983581e-05	0.011848023501	0.00771584246517	0.00103609259011	0	0.000585087580297	0.000219407842611	0.00594839039969	1.21893245895e-05	1.21893245895e-05	0	0	0.000731359475371	1.21893245895e-05	9.75145967162e-05	0	0	0.00260851546216	0.000414437036044	1.21893245895e-05	0.00230378234742	0	0	1.21893245895e-05	0	1.21893245895e-05	0	0	0.00110922853765	0	0	0	0.000377869062275	0	1.21893245895e-05	1.21893245895e-05	1.21893245895e-05	1.21893245895e-05	0	0	0	0	0.000109703921306	0.00294981655066	2.4378649179e-05	0.00533892417021	0.00126768975731	0.00496105510794	0.000889820695035	8.53252721267e-05	6.09466229476e-05	1.21893245895e-05	1.21893245895e-05	8.53252721267e-05	1.21893245895e-05	0	0
0	0.00214532112776	0	0	0.00160899084582	0.00052414095735	0.00137739367862	0	0.000926388668804	0.0315581613623	0	3.65679737686e-05	0.00213313180317	0.000121893245895	0.00051195163276	0.00230378234742	0.0057046039079	0	0.00025597581638	9.75145967162e-05	0.000329111763917	0.00102390326552	0.0087275564061	0.00559489998659	0.0120430526945	0.000207218518022	0.000134082570485	0.000865442045856	0.00493667645876	0.00203561720645	0.000987335291751	0	0	0.00165774814418	0.00519265227514	0.000914199344214	1.21893245895e-05	0	0	0.00195029193432	2.4378649179e-05	1.21893245895e-05	9.75145967162e-05	0	0.0126890868977	0.000377869062275	4.87572983581e-05	0.001633369495	0.000109703921306	0	0.000219407842611	0.00471726861615	2.4378649179e-05	0	1.21893245895e-05	0.00196248125891	0.000390058386865	0.00700886163898	0.00102390326552	0.00664318190129	0	6.09466229476e-05	1.21893245895e-05	0.00414437036044	0.000950767317983	7.31359475371e-05	2.4378649179e-05	0	0.000329111763917	0.000828874072088	0.0038396372457	0	0.000853252721267	0.000658223527834	0.00494886578335	1.21893245895e-05	0	0.00219407842611	9.75145967162e-05	0.00107266056388	0.000316922439328	0.000170650544253	0	0
0.00538768146857	0	0	0	0.00192591328514	0	0.00873974573069	0.0111288533502	0.0176623313302	0	0.0311315350016	0.00175526274089	0.00132863638026	0	0.0101049500847	0	0	0	0.00152366557369	0.001157985836	0.00464413266861	0	0	0	0.000109703921306	0	0.00129206840649	0	0.010214654006	0.0012798790819	0	0	0	0	0.00205999585563	0	0	0	0	0.00166993746876	0	9.75145967162e-05	0	1.21893245895e-05	0.000109703921306	0.00107266056388	6.09466229476e-05	0.00198685990809	1.21893245895e-05	4.87572983581e-05	0	0	0	0	1.21893245895e-05	0.00024378649179	0	0	0	0.000121893245895	0	0	0	0	7.31359475371e-05	0	0	0	0	6.09466229476e-05	0	0	0.00176745206548	1.21893245895e-05	0	0	1.21893245895e-05	0	1.21893245895e-05	4.87572983581e-05	0	0	0	0
0.00117017516059	0	0	0	0.00146271895074	0	0.00103609259011	0.000914199344214	0.00297419519984	3.65679737686e-05	0.00175526274089	0.0327649044966	0.00187715598679	0.00509513767842	0.00258413681298	0	0	4.87572983581e-05	0.00995867818964	0.00599714769805	0.00249881154085	4.87572983581e-05	0	0	0.00190153463597	0.00152366557369	0.0144809176124	1.21893245895e-05	0.00305952047197	0.00873974573069	8.53252721267e-05	0.00145052962615	0.000365679737686	0.000475383658991	0.0154316849303	0	0	0	0	3.65679737686e-05	0	4.87572983581e-05	0	0	0.000341301088507	0.000499762308171	0.000682602177013	0.000719170150782	0.00143834030156	0	0	0	0	0	0	0.000158461219664	0	0	0	0.000499762308171	0	0.000195029193432	0.000170650544253	0	0	0	0	0	0	0	0.00292543790149	0.00542424944234	0.0113116932191	0.000231597167201	0.000280354465559	0.000109703921306	0.000280354465559	0.000621655554066	0.00145052962615	1.21893245895e-05	2.4378649179e-05	0	0	0.00024378649179
0.000304733114738	0	6.09466229476e-05	0	0.010482819147	0	0.00560708931118	2.4378649179e-05	0.00854471653726	0.00213313180317	0.00132863638026	0.00187715598679	0.0370189787784	0	0.0061677982423	0.00236472897037	0	0	0.00207218518022	0.000877631370446	0.0159314472385	0	0	0.00024378649179	0.0105559550945	0	0.000804495422909	1.21893245895e-05	0.00108484988847	0.00410780238667	0	0	0	0	0.00284011262936	0.000438815685223	0	0	0	0.00182839868843	0	0.00976364899621	1.21893245895e-05	0.000682602177013	0.00132863638026	0.00715513353405	0.00402247711454	0.0160289618352	0.000646034203245	0.0041931276588	0.0015114762491	0	0	0.000889820695035	0.00193810260973	0.00166993746876	0	0	7.31359475371e-05	0.00149928692451	0	0.000316922439328	4.87572983581e-05	1.21893245895e-05	0.00539987079316	0	0.000390058386865	0	0	0.00497324443253	0.000182839868843	1.21893245895e-05	0.00280354465559	0.00025597581638	0.00156023354746	0	2.4378649179e-05	0.00149928692451	0.000219407842611	0.00331549628835	0.00124331110813	0.00170650544253	0	2.4378649179e-05
0	0.000121893245895	0	0	0	0	0	2.4378649179e-05	0	0.000121893245895	0	0.00509513767842	0	0.0137251794878	0.000134082570485	0	0	0	0	0	0	0	0.000121893245895	0	0.000121893245895	0.00622874486525	0.00474164726533	0.00274259803264	0	0.000463194334402	1.21893245895e-05	0.00152366557369	0.000134082570485	1.21893245895e-05	0.000755738124551	0	1.21893245895e-05	0	0	0	0	0	0	0	0	0	0.0026816514097	0	0.00533892417021	0	0	0	0	0	0	0	0	0	0	0	0.000536330281939	0.000414437036044	0.000438815685223	0	0	0	0	0	0	0	0	0.001633369495	0.000316922439328	3.65679737686e-05	0	3.65679737686e-05	0.000280354465559	0	0.00393715184242	1.21893245895e-05	0	0	0	0.00108484988847
0.0230987700971	0	4.87572983581e-05	0	0.0019746705835	0.000121893245895	0.00493667645876	0.015858311291	0.0297419519984	0.00051195163276	0.0101049500847	0.00258413681298	0.0061677982423	0.000134082570485	0.0555955094528	4.87572983581e-05	0	0.000146271895074	0.00136520435403	0.000170650544253	0.00983678494375	0.0024378649179	0	0.000316922439328	0.00587525445215	0	0.00110922853765	8.53252721267e-05	0.0174794914614	0.0186130986482	0.00716732285864	0	0.000975145967162	0.00299857384902	0.0061677982423	0	2.4378649179e-05	1.21893245895e-05	0	0.000182839868843	0	7.31359475371e-05	0	0	0.001157985836	8.53252721267e-05	2.4378649179e-05	0.00102390326552	1.21893245895e-05	0	0	0	3.65679737686e-05	0	1.21893245895e-05	0.000377869062275	0	0	0	0.00024378649179	0	4.87572983581e-05	2.4378649179e-05	0	0	0	0	0	0	0.000134082570485	0.00135301502944	2.4378649179e-05	0.00330330696376	0.00117017516059	0.00230378234742	0.000962956642572	0.000121893245895	3.65679737686e-05	1.21893245895e-05	3.65679737686e-05	9.75145967162e-05	2.4378649179e-05	0	0
0	0	0	0	0.00153585489828	0.00241348626873	0.00212094247858	0.000329111763917	0.00101171394093	0.00230378234742	0	0	0.00236472897037	0	4.87572983581e-05	0.00930045466181	0	0	0	0	0.000146271895074	0	0	0	0.00184058801302	0	0	0	0.00052414095735	0	0	0	0	0	0	0	0	0	0	0.00156023354746	2.4378649179e-05	1.21893245895e-05	0	0	0.00310827777033	0.000377869062275	0	0.00166993746876	0	0	0.000195029193432	0	0	0	0	0.00160899084582	0	0	0	0.00141396165238	0	0	0	0	0	0	0	0	0	0	0.000816684747498	0	0	0	0.00642377405868	2.4378649179e-05	0	0	0	0	0	0.000134082570485	0	0
0	0.000341301088507	0	0	0	0	1.21893245895e-05	0	0	0.0057046039079	0	0	0	0	0	0	0.0241104840381	0	1.21893245895e-05	0	0	0.00181620936384	0.0154438742549	0.0142858884189	0.00342520020966	0	1.21893245895e-05	0.002791355331	0.000804495422909	0	0	0	0	0	0	0	0	0	0	0	0	0	0	0	2.4378649179e-05	0	0	0	0	0	0	0.0059362010751	0	0	0	0	0.000414437036044	0.0118602128256	0.0036080400785	0.00241348626873	0	0	1.21893245895e-05	0.00437596752764	0	0	0	0	0	0	0.00270603005887	4.87572983581e-05	0.000231597167201	0.000572898255708	1.21893245895e-05	0	0	0	0	0	0	0	0	0
7.31359475371e-05	0	0.00959299845196	0	0	0	0.000109703921306	6.09466229476e-05	0.000170650544253	0	0	4.87572983581e-05	0	0	0.000146271895074	0	0	0.0408708053487	0	0.00171869476712	0	0.00230378234742	0	0.0176745206548	0	0	0.0147612720779	0.0105681444191	0.000182839868843	0.000134082570485	0.000755738124551	0	0	2.4378649179e-05	0.0100440034618	0	0.00274259803264	0.000475383658991	0	0	0	0	3.65679737686e-05	0	0	0	0	0	0	0	0	0	0.000329111763917	0	0.000426626360633	0	0.00113360718683	0	0.00420531698339	0	0	0.00051195163276	0.00531454552103	0.000341301088507	1.21893245895e-05	0	0	0	0	2.4378649179e-05	0.00179183071466	0.000853252721267	0.0111897999732	0.00568022525872	8.53252721267e-05	0	0	0.000304733114738	2.4378649179e-05	0.000572898255708	0.000999524616341	0.000487572983581	0	0
0.000999524616341	0	0	0	0.0017430734163	0	0.000975145967162	0.000902010019625	0.00312046709492	0.00025597581638	0.00152366557369	0.00995867818964	0.00207218518022	0	0.00136520435403	0	1.21893245895e-05	0	0.0217091870939	0.0060459049964	0.00265727276052	1.21893245895e-05	0	1.21893245895e-05	0.00205999585563	0	0.00891039627494	7.31359475371e-05	0.00326673898999	0.007216080157	0.000402247711454	0	0	0.000646034203245	0.0124574897305	6.09466229476e-05	0	1.21893245895e-05	0	0.000146271895074	0	0.000134082570485	0	0	0.000938577993393	0.00123112178354	0	0.00166993746876	1.21893245895e-05	0	0	0	7.31359475371e-05	0	9.75145967162e-05	0.000377869062275	2.4378649179e-05	3.65679737686e-05	1.21893245895e-05	0.00136520435403	0	0.000377869062275	8.53252721267e-05	4.87572983581e-05	4.87572983581e-05	0	0	0	2.4378649179e-05	2.4378649179e-05	0.00191372396056	0.0018649666622	0.0120674313436	0.00125550043272	0.000670412852424	0	0	0.000487572983581	0.000109703921306	2.4378649179e-05	3.65679737686e-05	0	0	0
0.000670412852424	0	1.21893245895e-05	0	0.000816684747498	0	0.000134082570485	0.00125550043272	0.000841063396677	9.75145967162e-05	0.001157985836	0.00599714769805	0.000877631370446	0	0.000170650544253	0	0	0.00171869476712	0.0060459049964	0.020904691671	0.000609466229476	6.09466229476e-05	0	0.000207218518022	0.000938577993393	0	0.0154926315533	0.0023281609966	0.00297419519984	0.0036080400785	0.000377869062275	0	0	0.00106047123929	0.0104706298224	4.87572983581e-05	0.000109703921306	1.21893245895e-05	0	2.4378649179e-05	0	0.000134082570485	4.87572983581e-05	0	0.000390058386865	0.000999524616341	0	0.00113360718683	0	0	0	1.21893245895e-05	6.09466229476e-05	0	0.000292543790149	0.000195029193432	1.21893245895e-05	0	1.21893245895e-05	0.00109703921306	0	0.000316922439328	0.000146271895074	7.31359475371e-05	3.65679737686e-05	0	0	0	2.4378649179e-05	3.65679737686e-05	0.00138958300321	0.000146271895074	0.0105437657699	0.00149928692451	0.000182839868843	0	0	0.000182839868843	3.65679737686e-05	0.000146271895074	7.31359475371e-05	0	0	0
0.00273040870805	0	0	0	0.00699667231439	0	0.002791355331	0	0.0116895622814	0.000329111763917	0.00464413266861	0.00249881154085	0.0159314472385	0	0.00983678494375	0.000146271895074	0	0	0.00265727276052	0.000609466229476	0.0260242079986	0	0	0	0.00541206011775	0	0.000451005009812	0	0.001157985836	0.00386401589488	0	0	0	0	0.00320579236704	2.4378649179e-05	0	0	0	0.00247443289167	0	0.00341301088507	0	0.000182839868843	0.000658223527834	0.00299857384902	0.00179183071466	0.00635063811114	0.000414437036044	0.00199904923268	0.000304733114738	0	0	0.000316922439328	0.000463194334402	0.00160899084582	0	0	0	0.000353490413096	0	6.09466229476e-05	0	0	0.00248662221626	0	0.000219407842611	0	0	0.00193810260973	0.000146271895074	0	0.0031448457441	1.21893245895e-05	0.00052414095735	0	2.4378649179e-05	0.000121893245895	0.000134082570485	0.00125550043272	0.000219407842611	0.000353490413096	0	2.4378649179e-05
0.00276697668182	0	0.000195029193432	0	0	0	8.53252721267e-05	0.00494886578335	0.000170650544253	0.00102390326552	0	4.87572983581e-05	0	0	0.0024378649179	0	0.00181620936384	0.00230378234742	1.21893245895e-05	6.09466229476e-05	0	0.0485500798401	0.000377869062275	0.0245492997233	0.000926388668804	0	0.00119455380977	0.000219407842611	0.00781335706189	0.00313265641951	0.017430734163	0	0	0.0024378649179	0.00578992918002	9.75145967162e-05	0.000134082570485	3.65679737686e-05	0	0	0	0	0	0	0.000914199344214	0	1.21893245895e-05	0	1.21893245895e-05	0	0	0.000560708931118	0.000231597167201	0	0	0	0	0.00109703921306	3.65679737686e-05	0.000585087580297	0	0.000134082570485	0.000207218518022	0.00078011677373	8.53252721267e-05	0	0	0	3.65679737686e-05	2.4378649179e-05	0.00242567559332	0.000134082570485	0.0106412803667	0.00754519192092	0.00292543790149	1.21893245895e-05	0	0.000487572983581	2.4378649179e-05	0.000121893245895	0.000109703921306	0	0	0
0	0.00451005009812	0.00136520435403	0	0	0	0	0	0	0.0087275564061	0	0	0	0.000121893245895	0	0	0.0154438742549	0	0	0	0	0.000377869062275	0.0451614476042	0.0138836407075	0.00596057972428	0.000207218518022	9.75145967162e-05	0.0185521520253	0.00351052548178	0	0	0	0	0	0	0	0.00677726447178	0	0	0	0	0	0	0	0.00113360718683	0	0	0	0	0	0	0.0124209217567	0	0	0	0	0.000170650544253	0.0252928485233	0.0148100293763	0.00459537537025	0	0	0.0103243579273	0.00329111763917	0	0	0	0	0	0	2.4378649179e-05	0	0	0	0	0	0	0	0	0	0	0	0	0
0.000304733114738	4.87572983581e-05	0.0135057716452	0	0	0	0.000182839868843	0.000999524616341	0.000207218518022	0.00559489998659	0	0	0.00024378649179	0	0.000316922439328	0	0.0142858884189	0.0176745206548	1.21893245895e-05	0.000207218518022	0	0.0245492997233	0.0138836407075	0.100269384073	0.000121893245895	0	0.00297419519984	0.0121283779666	0.000536330281939	0.000706980826192	0.00477821523909	0	0	0.000451005009812	0.00693572569144	3.65679737686e-05	0.00185277733761	0.000182839868843	0	0	0	0	3.65679737686e-05	0	0.000109703921306	0	0	0	0	0	0	0.00853252721267	0.000292543790149	0	2.4378649179e-05	0	0.00149928692451	0.0220870561562	0.017016297127	0.00157242287205	0	0.000158461219664	0.00398590914077	0.00532673484562	2.4378649179e-05	0	0	0	1.21893245895e-05	1.21893245895e-05	0.0119211594486	0.000109703921306	0.0147368934287	0.015321981009	0.00301076317361	1.21893245895e-05	0	6.09466229476e-05	0	0.000402247711454	0.000841063396677	0.000475383658991	0	0
0.0037177439998	0.0020965638294	0	0	0.0248418435135	0.000426626360633	0.00287668060313	0.00797181828155	0.00508294835383	0.0120430526945	0.000109703921306	0.00190153463597	0.0105559550945	0.000121893245895	0.00587525445215	0.00184058801302	0.00342520020966	0	0.00205999585563	0.000938577993393	0.00541206011775	0.000926388668804	0.00596057972428	0.000121893245895	0.0651031826327	0.000207218518022	0.00102390326552	0.000865442045856	0.0347639537293	0.0137373688124	0.00683821109472	0	1.21893245895e-05	0.00748424529797	0.0100683821109	0.0012798790819	1.21893245895e-05	0	0	0.00806933287827	0	1.21893245895e-05	0.000182839868843	0	0.0165287241434	0.00888601762576	3.65679737686e-05	0.00284011262936	6.09466229476e-05	0	1.21893245895e-05	0.00076792744914	0	0	0	0.00761832786845	0	0.000828874072088	0	0.0167359426614	0	3.65679737686e-05	0	0.00357147210473	0.00078011677373	0	1.21893245895e-05	0	8.53252721267e-05	0.000170650544253	0.00136520435403	3.65679737686e-05	0.00482697253745	0.001633369495	0.00257194748839	0.000548519606529	0	0.000121893245895	4.87572983581e-05	0.00025597581638	0.000121893245895	1.21893245895e-05	0	0
0	0.000426626360633	0	0	0	0	0	0	0	0.000207218518022	0	0.00152366557369	0	0.00622874486525	0	0	0	0	0	0	0	0	0.000207218518022	0	0.000207218518022	0.00899572154707	0.00184058801302	0.00441253550141	0	0	0	0.000219407842611	0	0	0	0	6.09466229476e-05	0	0	0	0	0	0	0	0	0	0.00227940369824	0	0.00387620521947	0	0	0	0	0	0	0	0	0	0	0	0.000902010019625	6.09466229476e-05	6.09466229476e-05	0	0	0	0	0	0	0	0	0.000280354465559	0	0	0	0	0	0	0.00307170979656	1.21893245895e-05	0	0	0	0.00109703921306
0.000694791501603	0.000950767317983	0.008374065993	0	0.000694791501603	0	0.00076792744914	0.00113360718683	0.00130425773108	0.000134082570485	0.00129206840649	0.0144809176124	0.000804495422909	0.00474164726533	0.00110922853765	0	1.21893245895e-05	0.0147612720779	0.00891039627494	0.0154926315533	0.000451005009812	0.00119455380977	9.75145967162e-05	0.00297419519984	0.00102390326552	0.00184058801302	0.100245005424	0.0389083240898	0.00297419519984	0.00486354051122	0.000487572983581	0.00262070478675	0.000158461219664	0.000962956642572	0.012384353783	2.4378649179e-05	0.00921512938968	0.000304733114738	0	2.4378649179e-05	0	2.4378649179e-05	0.000109703921306	0	0.000280354465559	0.000390058386865	0.000975145967162	0.000487572983581	0.00852033788808	1.21893245895e-05	0	2.4378649179e-05	0.000938577993393	0.000231597167201	0.0043028315801	0.000109703921306	6.09466229476e-05	3.65679737686e-05	0.00025597581638	0.000414437036044	0.00631407013737	0.0114092078158	0.0158705006156	0.000158461219664	8.53252721267e-05	0	6.09466229476e-05	0	0	0.000146271895074	0.0118724021502	0.0110313387535	0.0142005631468	0.00411999171126	0.000146271895074	0.000109703921306	0	0.00193810260973	0.00170650544253	0.000597276904887	0.000304733114738	0	0	7.31359475371e-05
4.87572983581e-05	0.0117505089043	0.0257926108314	0	0	0	3.65679737686e-05	0	4.87572983581e-05	0.000865442045856	0	1.21893245895e-05	1.21893245895e-05	0.00274259803264	8.53252721267e-05	0	0.002791355331	0.0105681444191	7.31359475371e-05	0.0023281609966	0	0.000219407842611	0.0185521520253	0.0121283779666	0.000865442045856	0.00441253550141	0.0389083240898	0.115603554407	9.75145967162e-05	6.09466229476e-05	8.53252721267e-05	0.000365679737686	0	0	0.000658223527834	1.21893245895e-05	0.0335937785687	0.00157242287205	0	0	0	2.4378649179e-05	7.31359475371e-05	0	0	3.65679737686e-05	0.000670412852424	3.65679737686e-05	0.00674069649801	1.21893245895e-05	0	0.00452223942271	0.001157985836	0.000207218518022	0.00366898670145	0	0.000121893245895	0.0128231694682	0.0152976023599	3.65679737686e-05	0.00772803178976	0.0100683821109	0.0451736369288	7.31359475371e-05	6.09466229476e-05	0	9.75145967162e-05	0	0	0.000158461219664	0.00347395750801	0.000585087580297	0.00368117602604	0.00349833615719	7.31359475371e-05	0	0	0.00113360718683	0.000682602177013	0.000926388668804	0.000865442045856	3.65679737686e-05	0	0.000219407842611
0.0161874230549	0	1.21893245895e-05	0	0.0125793829764	0.000158461219664	0.00313265641951	0.0405660722339	0.011848023501	0.00493667645876	0.010214654006	0.00305952047197	0.00108484988847	0	0.0174794914614	0.00052414095735	0.000804495422909	0.000182839868843	0.00326673898999	0.00297419519984	0.001157985836	0.00781335706189	0.00351052548178	0.000536330281939	0.0347639537293	0	0.00297419519984	9.75145967162e-05	0.0986725825522	0.0200880069235	0.0213556966808	0	3.65679737686e-05	0.0109460134814	0.0157486073697	0.00124331110813	0	0	0	0.0106534696912	0	1.21893245895e-05	0.000365679737686	0	0.018649666622	0.00923950803886	2.4378649179e-05	0.0041931276588	3.65679737686e-05	0	1.21893245895e-05	0.00265727276052	0	0	0	0.00760613854386	0	0.00234035032119	3.65679737686e-05	0.0198807884055	0	2.4378649179e-05	0	0.00492448713417	0.00076792744914	0	1.21893245895e-05	0	6.09466229476e-05	0.000158461219664	0.00349833615719	3.65679737686e-05	0.0100196248126	0.00480259388827	0.00141396165238	0.00129206840649	0	0.000146271895074	3.65679737686e-05	0.000195029193432	8.53252721267e-05	1.21893245895e-05	0	0
0.014907543973	0	3.65679737686e-05	0	0.00313265641951	3.65679737686e-05	0.00405904508831	0.0127012762223	0.00771584246517	0.00203561720645	0.0012798790819	0.00873974573069	0.00410780238667	0.000463194334402	0.0186130986482	0	0	0.000134082570485	0.007216080157	0.0036080400785	0.00386401589488	0.00313265641951	0	0.000706980826192	0.0137373688124	0	0.00486354051122	6.09466229476e-05	0.0200880069235	0.0612513560624	0.0234644498348	0	0.00101171394093	0.0208193663989	0.0262923731396	0.0010482819147	1.21893245895e-05	1.21893245895e-05	0	0.000377869062275	0	9.75145967162e-05	1.21893245895e-05	0	0.00617998756689	0.000353490413096	6.09466229476e-05	0.00159680152123	7.31359475371e-05	2.4378649179e-05	0	0	1.21893245895e-05	1.21893245895e-05	1.21893245895e-05	0.000658223527834	0	0	0	0.00147490827533	0	3.65679737686e-05	1.21893245895e-05	1.21893245895e-05	0.000853252721267	0	2.4378649179e-05	0	0.000109703921306	0.00025597581638	0.000402247711454	2.4378649179e-05	0.0123599751338	0.0022062677507	0.00198685990809	0.00109703921306	0.000134082570485	0.00229159302283	0.000146271895074	0.000755738124551	0.000426626360633	0	0	0
0.0134204463731	0	3.65679737686e-05	0	0	0	4.87572983581e-05	0.0149197332976	0.00103609259011	0.000987335291751	0	8.53252721267e-05	0	1.21893245895e-05	0.00716732285864	0	0	0.000755738124551	0.000402247711454	0.000377869062275	0	0.017430734163	0	0.00477821523909	0.00683821109472	0	0.000487572983581	8.53252721267e-05	0.0213556966808	0.0234644498348	0.0566194127183	0	0	0.013213227855	0.0123965431075	0.000694791501603	1.21893245895e-05	1.21893245895e-05	0	2.4378649179e-05	0	2.4378649179e-05	1.21893245895e-05	0	0.0033764429113	6.09466229476e-05	4.87572983581e-05	4.87572983581e-05	4.87572983581e-05	2.4378649179e-05	0	0	1.21893245895e-05	1.21893245895e-05	1.21893245895e-05	2.4378649179e-05	0	0	0	0.00025597581638	0	3.65679737686e-05	1.21893245895e-05	0	0.000585087580297	0	1.21893245895e-05	0	4.87572983581e-05	0.000195029193432	0.000304733114738	3.65679737686e-05	0.00759394921927	0.00180402003925	0.00026816514097	4.87572983581e-05	0	0.00187715598679	8.53252721267e-05	0.000585087580297	0.000316922439328	0	0	0
0	0	0	0	0	0	0	0	0	0	0	0.00145052962615	0	0.00152366557369	0	0	0	0	0	0	0	0	0	0	0	0.000219407842611	0.00262070478675	0.000365679737686	0	0	0	0.0029132485769	0	0	0	0	0	0	0	0	0	0	0	0	0	0	0.000280354465559	0	0.00143834030156	0	0	0	0	0	0	0	0	0	0	0	0.000121893245895	0.00025597581638	0.00025597581638	0	0	0	0	0	0	0	2.4378649179e-05	0.000816684747498	2.4378649179e-05	0	0	0	2.4378649179e-05	0	0.000426626360633	0	0	0	0	0
0	0	0	0	0	0.000560708931118	0.000572898255708	2.4378649179e-05	0.000585087580297	0	0	0.000365679737686	0	0.000134082570485	0.000975145967162	0	0	0	0	0	0	0	0	0	1.21893245895e-05	0	0.000158461219664	0	3.65679737686e-05	0.00101171394093	0	0	0.00226721437365	0	0.00102390326552	0	0	0	0	0	0	0	0	0	0	0	0	0	0	0	0	0	0	0	0	0	0	0	0	0	0	0	0	0	0	0	0	0	0	0	1.21893245895e-05	0	0.000292543790149	0.000146271895074	1.21893245895e-05	0.000475383658991	2.4378649179e-05	0	0	0	0	0	0	0
0.00110922853765	0	0	0	1.21893245895e-05	0	0.000121893245895	0.00676507514719	0.000219407842611	0.00165774814418	0	0.000475383658991	0	1.21893245895e-05	0.00299857384902	0	0	2.4378649179e-05	0.000646034203245	0.00106047123929	0	0.0024378649179	0	0.000451005009812	0.00748424529797	0	0.000962956642572	0	0.0109460134814	0.0208193663989	0.013213227855	0	0	0.0237813722742	0.01232340716	0.000926388668804	0	0	0	2.4378649179e-05	0	2.4378649179e-05	1.21893245895e-05	0	0.00447348212436	6.09466229476e-05	4.87572983581e-05	4.87572983581e-05	6.09466229476e-05	2.4378649179e-05	0	0	0	1.21893245895e-05	1.21893245895e-05	2.4378649179e-05	0	0	0	0.000670412852424	0	2.4378649179e-05	0	0	0.000755738124551	0	1.21893245895e-05	0	8.53252721267e-05	0.000231597167201	0.000121893245895	3.65679737686e-05	0.00472945794074	0.00179183071466	0.000304733114738	0.000121893245895	0	0.00238910761955	0.000134082570485	0.000731359475371	0.000402247711454	0	0	0
0.00447348212436	0	0.000670412852424	0	0.00263289411134	0.000280354465559	0.00324236034081	0.0097758383208	0.00594839039969	0.00519265227514	0.00205999585563	0.0154316849303	0.00284011262936	0.000755738124551	0.0061677982423	0	0	0.0100440034618	0.0124574897305	0.0104706298224	0.00320579236704	0.00578992918002	0	0.00693572569144	0.0100683821109	0	0.012384353783	0.000658223527834	0.0157486073697	0.0262923731396	0.0123965431075	0	0.00102390326552	0.01232340716	0.0689915771767	0.000926388668804	0.00026816514097	0.000292543790149	0	0.000219407842611	0	0.000158461219664	8.53252721267e-05	0	0.00855690586185	0.00132863638026	4.87572983581e-05	0.00187715598679	9.75145967162e-05	1.21893245895e-05	0	8.53252721267e-05	0.000170650544253	1.21893245895e-05	4.87572983581e-05	0.00051195163276	0.000170650544253	0	0.000451005009812	0.0025597581638	0	0.000182839868843	0.000621655554066	0.000121893245895	0.00108484988847	7.31359475371e-05	2.4378649179e-05	0	0.000304733114738	0.000670412852424	0.00742329867502	0.000207218518022	0.0363241872768	0.00903228952084	0.00201123855727	0.00318141371787	0.000182839868843	0.00588744377674	0.000548519606529	0.00132863638026	0.000670412852424	0.000231597167201	0	0
0	0	0	0	0	0	1.21893245895e-05	8.53252721267e-05	1.21893245895e-05	0.000914199344214	0	0	0.000438815685223	0	0	0	0	0	6.09466229476e-05	4.87572983581e-05	2.4378649179e-05	9.75145967162e-05	0	3.65679737686e-05	0.0012798790819	0	2.4378649179e-05	1.21893245895e-05	0.00124331110813	0.0010482819147	0.000694791501603	0	0	0.000926388668804	0.000926388668804	0.0169065932057	0	0	0	0.00166993746876	0	0.00165774814418	0.005582710662	8.53252721267e-05	0.00253537951462	0.00610685161935	0.000280354465559	0.00210875315399	1.21893245895e-05	0.00555833201282	0	0	7.31359475371e-05	0.000109703921306	0.000755738124551	0.00148709759992	0.000182839868843	0	0.000182839868843	0.00836187666841	0	0.000414437036044	0	0.00203561720645	0.00897134289789	0.000755738124551	1.21893245895e-05	0	0.000463194334402	0.00110922853765	0.000146271895074	0	0.000292543790149	0.000195029193432	1.21893245895e-05	4.87572983581e-05	0	2.4378649179e-05	0	0.000938577993393	1.21893245895e-05	1.21893245895e-05	0	0
1.21893245895e-05	0.00741110935043	0.00274259803264	0	0	0	0	0	1.21893245895e-05	1.21893245895e-05	0	0	0	1.21893245895e-05	2.4378649179e-05	0	0	0.00274259803264	0	0.000109703921306	0	0.000134082570485	0.00677726447178	0.00185277733761	1.21893245895e-05	6.09466229476e-05	0.00921512938968	0.0335937785687	0	1.21893245895e-05	1.21893245895e-05	0	0	0	0.00026816514097	0	0.0536939748169	0.00164555881959	0	2.4378649179e-05	0	0	0	0	0.000219407842611	0	0	0	0.00142615097697	0	0	0.00355928278014	0.000475383658991	0	0.00137739367862	0	0.000451005009812	0.00578992918002	0.0043028315801	0.00310827777033	0.0090810468192	0.00557052133741	0.0498665268957	0.000195029193432	0	1.21893245895e-05	1.21893245895e-05	0	0	0	0.000755738124551	2.4378649179e-05	0.00264508343593	0.00238910761955	0	0	0	0.000158461219664	0	0.00026816514097	0.000219407842611	0.000182839868843	0	0
1.21893245895e-05	0	0.000816684747498	0	0	0	0	0	0	0	0	0	0	0	1.21893245895e-05	0	0	0.000475383658991	1.21893245895e-05	1.21893245895e-05	0	3.65679737686e-05	0	0.000182839868843	0	0	0.000304733114738	0.00157242287205	0	1.21893245895e-05	1.21893245895e-05	0	0	0	0.000292543790149	0	0.00164555881959	0.0292178110411	0	0	0	0	0	0	0	0	0	0	0	0	0	0	0.00549738538988	0	3.65679737686e-05	0	0.00248662221626	0	0.0152244664123	1.21893245895e-05	0	0.00638720608491	0.0172844622679	1.21893245895e-05	0	2.4378649179e-05	0	0	0	0	7.31359475371e-05	0	0.000938577993393	0.00129206840649	0	0	0	0.000938577993393	3.65679737686e-05	0.000755738124551	0.000463194334402	1.21893245895e-05	0	0
0	0	0	0	0	0	0	0	0	0	0	0	0	0	0	0	0	0	0	0	0	0	0	0	0	0	0	0	0	0	0	0	0	0	0	0	0	0	0	0	0	0	0	0	0	0	0	0	0	0	0	0	0	0	0	0	0	0	0	0	0	0	0	0	0	0	0	0	0	0	0	0	0	0	0	0	0	0	0	0	0	0	0	0
0	0	0	0	0.0118114555272	0.000341301088507	0.00110922853765	0.00336425358671	0.000731359475371	0.00195029193432	0.00166993746876	3.65679737686e-05	0.00182839868843	0	0.000182839868843	0.00156023354746	0	0	0.000146271895074	2.4378649179e-05	0.00247443289167	0	0	0	0.00806933287827	0	2.4378649179e-05	0	0.0106534696912	0.000377869062275	2.4378649179e-05	0	0	2.4378649179e-05	0.000219407842611	0.00166993746876	2.4378649179e-05	0	0	0.0361413474079	0.000182839868843	4.87572983581e-05	0.00101171394093	0.000170650544253	0.0159802045369	0.012798790819	0.000195029193432	0.012530625678	0.000134082570485	0.000914199344214	0.000585087580297	0	4.87572983581e-05	3.65679737686e-05	0.000365679737686	0.0180523897171	0	0.000292543790149	0	0.0217579443923	0	0.000170650544253	0	0.0052414095735	0.00158461219664	3.65679737686e-05	6.09466229476e-05	0.000146271895074	2.4378649179e-05	0.000962956642572	0.00102390326552	0	0.000207218518022	0	0.0029132485769	0	0	0.00218188910152	2.4378649179e-05	0.00112141786224	0.000426626360633	7.31359475371e-05	0.000182839868843	0
0	0	0	0	0	0	1.21893245895e-05	0	1.21893245895e-05	2.4378649179e-05	0	0	0	0	0	2.4378649179e-05	0	0	0	0	0	0	0	0	0	0	0	0	0	0	0	0	0	0	0	0	0	0	0	0.000182839868843	0.00216969977694	0.000682602177013	0	9.75145967162e-05	0.000548519606529	3.65679737686e-05	0	0.000548519606529	0	0	0.00152366557369	0	0	0	0	0.00025597581638	0	0	0	0.000365679737686	0	0	0	0	0	0	0	0.000463194334402	0	0	1.21893245895e-05	0	0	0	2.4378649179e-05	0	0	4.87572983581e-05	0	8.53252721267e-05	3.65679737686e-05	0.00106047123929	0.000926388668804	0
0	0	0	0	0.000182839868843	0	9.75145967162e-05	0	9.75145967162e-05	1.21893245895e-05	9.75145967162e-05	4.87572983581e-05	0.00976364899621	0	7.31359475371e-05	1.21893245895e-05	0	0	0.000134082570485	0.000134082570485	0.00341301088507	0	0	0	1.21893245895e-05	0	2.4378649179e-05	2.4378649179e-05	1.21893245895e-05	9.75145967162e-05	2.4378649179e-05	0	0	2.4378649179e-05	0.000158461219664	0.00165774814418	0	0	0	4.87572983581e-05	0.000682602177013	0.0376406343325	0.000597276904887	0.00761832786845	0.000329111763917	0.0223430319726	0.00420531698339	0.0180523897171	0.000658223527834	0.00631407013737	0.00617998756689	0	1.21893245895e-05	0.000950767317983	0.00242567559332	0.000134082570485	0	0	0	0.000975145967162	0	0.000463194334402	0	3.65679737686e-05	0.00735016272748	0	0.000402247711454	0.000353490413096	0	0.00568022525872	0	0	0.000146271895074	1.21893245895e-05	0.000109703921306	0	0	0.00341301088507	0.000231597167201	0.00427845293092	0.00170650544253	0.00658223527834	0.000548519606529	2.4378649179e-05
0	0	0	0	2.4378649179e-05	0	0	0.000390058386865	0	9.75145967162e-05	0	0	1.21893245895e-05	0	0	0	0	3.65679737686e-05	0	4.87572983581e-05	0	0	0	3.65679737686e-05	0.000182839868843	0	0.000109703921306	7.31359475371e-05	0.000365679737686	1.21893245895e-05	1.21893245895e-05	0	0	1.21893245895e-05	8.53252721267e-05	0.005582710662	0	0	0	0.00101171394093	0	0.000597276904887	0.0420044125355	0.00130425773108	0.000597276904887	0.00536330281939	0.000134082570485	3.65679737686e-05	4.87572983581e-05	0.0054730067407	8.53252721267e-05	0.000743548799961	0.000499762308171	2.4378649179e-05	0.00145052962615	1.21893245895e-05	0.00486354051122	0	0.00193810260973	0.0105315764453	0	0.000816684747498	0	0.0190397250088	0.00204780653104	0.0098855422421	1.21893245895e-05	6.09466229476e-05	0.000121893245895	0.00181620936384	0.000219407842611	0	4.87572983581e-05	4.87572983581e-05	0	0	0	0.00123112178354	7.31359475371e-05	0.00294981655066	0.00051195163276	0.000402247711454	2.4378649179e-05	0
0	0	0	0	0	0	0	0	0	0	1.21893245895e-05	0	0.000682602177013	0	0	0	0	0	0	0	0.000182839868843	0	0	0	0	0	0	0	0	0	0	0	0	0	0	8.53252721267e-05	0	0	0	0.000170650544253	9.75145967162e-05	0.00761832786845	0.00130425773108	0.0169187825303	0.000109703921306	0.00532673484562	0.000402247711454	0.00358366142932	4.87572983581e-05	0.00455880739648	0.00148709759992	0	0	0	0	0.000341301088507	0	0	0	0.000841063396677	0	0	0	0.00024378649179	0.00179183071466	2.4378649179e-05	0	0.00177964139007	0	0.000426626360633	0	0	0	0	0	0	0	0.00162118017041	3.65679737686e-05	0.00113360718683	0.0010482819147	0.00296200587525	0.000585087580297	0
0	0	0	0	0.010214654006	0.000536330281939	0.00312046709492	0.00544862809152	0.00260851546216	0.0126890868977	0.000109703921306	0.000341301088507	0.00132863638026	0	0.001157985836	0.00310827777033	2.4378649179e-05	0	0.000938577993393	0.000390058386865	0.000658223527834	0.000914199344214	0.00113360718683	0.000109703921306	0.0165287241434	0	0.000280354465559	0	0.018649666622	0.00617998756689	0.0033764429113	0	0	0.00447348212436	0.00855690586185	0.00253537951462	0.000219407842611	0	0	0.0159802045369	0.000548519606529	0.000329111763917	0.000597276904887	0.000109703921306	0.0493180072892	0.00943453723229	8.53252721267e-05	0.0103121686027	0.000146271895074	2.4378649179e-05	0.00292543790149	0.0048879191604	2.4378649179e-05	1.21893245895e-05	2.4378649179e-05	0.0123112178354	0.000134082570485	0.0038396372457	9.75145967162e-05	0.0324357927327	0	7.31359475371e-05	1.21893245895e-05	0.00560708931118	0.00218188910152	7.31359475371e-05	3.65679737686e-05	0	0.000402247711454	0.00108484988847	0.00621655554066	2.4378649179e-05	0.00290105925231	0.00153585489828	0.00736235205207	0.000219407842611	0	0.00468070064238	0.000280354465559	0.00169431611794	0.000706980826192	0.000889820695035	6.09466229476e-05	0
0	0	0	0	0.00742329867502	1.21893245895e-05	0.000451005009812	0.00214532112776	0.000414437036044	0.000377869062275	0.00107266056388	0.000499762308171	0.00715513353405	0	8.53252721267e-05	0.000377869062275	0	0	0.00123112178354	0.000999524616341	0.00299857384902	0	0	0	0.00888601762576	0	0.000390058386865	3.65679737686e-05	0.00923950803886	0.000353490413096	6.09466229476e-05	0	0	6.09466229476e-05	0.00132863638026	0.00610685161935	0	0	0	0.012798790819	3.65679737686e-05	0.0223430319726	0.00536330281939	0.00532673484562	0.00943453723229	0.0628237789344	0.0032545496654	0.0267921354478	0.000633844878655	0.00910542546837	0.00170650544253	0	3.65679737686e-05	0.00106047123929	0.00353490413096	0.0167725106352	1.21893245895e-05	0	0	0.0237691829496	0	0.000938577993393	0	0.00596057972428	0.0101658967077	7.31359475371e-05	0.000365679737686	0.000377869062275	3.65679737686e-05	0.00644815270786	0.000341301088507	0	0.00130425773108	1.21893245895e-05	0.00078011677373	0	0	0.00659442460293	0.00024378649179	0.00614341959312	0.00106047123929	2.4378649179e-05	0.00026816514097	2.4378649179e-05
0	0	0	0	0.000146271895074	0	0	0	1.21893245895e-05	4.87572983581e-05	6.09466229476e-05	0.000682602177013	0.00402247711454	0.0026816514097	2.4378649179e-05	0	0	0	0	0	0.00179183071466	1.21893245895e-05	0	0	3.65679737686e-05	0.00227940369824	0.000975145967162	0.000670412852424	2.4378649179e-05	6.09466229476e-05	4.87572983581e-05	0.000280354465559	0	4.87572983581e-05	4.87572983581e-05	0.000280354465559	0	0	0	0.000195029193432	0	0.00420531698339	0.000134082570485	0.000402247711454	8.53252721267e-05	0.0032545496654	0.0283036116969	0.00498543375712	0.00980021696998	0.00559489998659	1.21893245895e-05	0	0	0.00481478321286	0.0066309925767	0.000304733114738	0	0	0	0.000499762308171	0.000414437036044	0.001633369495	0	2.4378649179e-05	0.00667974987506	7.31359475371e-05	0.00354709345555	0.000792306098319	0	0.0147247041041	0	1.21893245895e-05	0	1.21893245895e-05	2.4378649179e-05	1.21893245895e-05	0	0.00026816514097	0.00475383658991	0.00646034203245	0.000414437036044	0.000451005009812	1.21893245895e-05	0.00273040870805
