0.0270010964912	0	1.24601275917e-05	0	0	0	0	0.0217180023923	0.00647926634769	0	0	0	0	0	0.0154380980861	0	2.49202551834e-05	0	0	0	0	0.00664124800638	1.24601275917e-05	0.00910835326954	3.73803827751e-05	0	0	1.24601275917e-05	0.0067658492823	0.0111144338118	0.00603070175439	0	0	0.000211822169059	2.49202551834e-05	0	0	0	0	0	0	0	0	0	0	0	0	0	0	0	0	0	0	0	0	0	0	0	0	0	0	0	0	0	0	0	0	0	0	0	2.49202551834e-05	0	9.96810207337e-05	2.49202551834e-05	0	0	0	0	0	1.24601275917e-05	1.24601275917e-05	0	0	0
0	0.0294059011164	0.00102173046252	0	0	0	0	0	0	0.00066038676236	0	0	0	0	0	0	0.00113387161085	0	0	0	0	0	0.00998056220096	0	0.00696521132376	0.00331439393939	0.00803678229665	0.0247333532695	0.000137061403509	0	0	0	0	0	0	1.24601275917e-05	0.0163850677831	0.00051086523126	0	0	0	0	0	0	0	0	3.73803827751e-05	0	0.000361343700159	1.24601275917e-05	0	0	0.00219298245614	0	0.00206838118022	0	0.000124601275917	3.73803827751e-05	0.000199362041467	1.24601275917e-05	0.00122109250399	0.00312749202552	0.0123106060606	0	0	0	0	0	0	0.000236742424242	0	0	0	0	0	0	0	0.0001495215311	0	0.000274122807018	9.96810207337e-05	0	0	0
1.24601275917e-05	0.00102173046252	0.0444826555024	0	0	0	0	0	0	0.000186901913876	0	0.000112141148325	0	0	0	0	0.000137061403509	0.00780003987241	0	0.000161981658692	0	0.000685307017544	0.000199362041467	0.0184908293461	9.96810207337e-05	0	0.0156374601276	0.0117125199362	0.000112141148325	1.24601275917e-05	0	0	0	0	0.000274122807018	0	0.0048096092504	2.49202551834e-05	0	0	0	0	0	0	0	0	1.24601275917e-05	0	0	0	0	3.73803827751e-05	0.00170703748006	0	0.00618022328549	0	0	8.72208931419e-05	0.000137061403509	0	0	0.00588118022329	0.000199362041467	0	0	0	0	0	0	7.47607655502e-05	0.005706738437	0.000598086124402	0.00160735645933	0.000112141148325	0	0	0	0.00402462121212	0.000199362041467	0.000199362041467	3.73803827751e-05	0	0	0
0	0	0	0	0	0	0	0	0	0	0	0	0	0	0	0	0	0	0	0	0	0	0	0	0	0	0	0	0	0	0	0	0	0	0	0	0	0	0	0	0	0	0	0	0	0	0	0	0	0	0	0	0	0	0	0	0	0	0	0	0	0	0	0	0	0	0	0	0	0	0	0	0	0	0	0	0	0	0	0	0	0	0	0
0	0	0	0	0.0194502591707	0.000361343700159	0.00256678628389	0.00412430223285	0.00155751594896	0.00427382376396	0.00309011164274	3.73803827751e-05	0.00313995215311	0	3.73803827751e-05	0.000174441786284	0	0	1.24601275917e-05	2.49202551834e-05	0.00792464114833	0	0	0	0.00336423444976	0	0	0	0.00448564593301	4.98405103668e-05	0	0	0	0	0.0001495215311	0.000623006379585	0	0	0	0.00897129186603	3.73803827751e-05	0.000386263955343	1.24601275917e-05	0.00066038676236	0.00215560207337	0.00735147527911	0.000299043062201	0.0013456937799	9.96810207337e-05	0.000809908293461	0	0	0	0.000249202551834	0.0001495215311	0.00322717304625	0	0	0	0.00890899122807	0	0.000311503189793	0	0.00378787878788	0.000336423444976	0	0	0	0	0.0010466507177	0.000884669059011	0	0.000672846889952	6.23006379585e-05	0.00160735645933	0.000174441786284	0	3.73803827751e-05	0	0.000847288676236	0.000124601275917	0	3.73803827751e-05	3.73803827751e-05
0	0	0	0	0.000361343700159	0.00738885566188	0.00464762759171	0.00138307416268	0.00306519138756	0.000336423444976	0.000448564593301	0	1.24601275917e-05	0	1.24601275917e-05	0.00191885964912	0	0	0	0	0.000112141148325	0	0	0	0.000311503189793	0	0	0	0.00159489633174	0	0	0	0.000448564593301	0	0.000398724082935	0	0	0	0	1.24601275917e-05	0	0	0	0	1.24601275917e-05	0	0	0	0	0	0	0	0	0	0	0	0	0	0	1.24601275917e-05	0	0	0	1.24601275917e-05	0	0	0	0	0	0	0.00188147926635	0	0.00295305023923	0.000311503189793	0.0011961722488	0.00304027113238	0	0	0	0	0	0	0	0
0	0	0	0	0.00256678628389	0.00464762759171	0.0378663277512	0.0048096092504	0.0222288676236	0.000224282296651	0.0159988038278	0.00139553429027	0.00993072169059	0	0.001495215311	0.00185655901116	0	1.24601275917e-05	7.47607655502e-05	0.00102173046252	0.00588118022329	0	0	0	0.00094696969697	0	9.96810207337e-05	0	0.00301535087719	0	0	0	2.49202551834e-05	0	0.000386263955343	0	0	0	0	0	0	0	0	0	2.49202551834e-05	0	0	0	0	0	0	0	0	0	0	0	0	0	0	2.49202551834e-05	0	0	0	0	0	0	0	0	0	0	0.0052581738437	0	0.00583133971292	0.000922049441786	0.00388755980861	0.00215560207337	0	0	0	0	0	0	0	0
0.0217180023923	0	0	0	0.00412430223285	0.00138307416268	0.0048096092504	0.097961523126	0.0283841706539	0.00594348086124	0.0224531499203	0.000124601275917	2.49202551834e-05	0	0.0262285685805	0.00148275518341	0	0.000174441786284	0	0.000274122807018	0.00100927033493	0.00914573365231	1.24601275917e-05	0.00853518740032	0.00051086523126	0	7.47607655502e-05	6.23006379585e-05	0.0391123405104	0.0138307416268	0.0125598086124	0	2.49202551834e-05	0.00176933811802	0.00261662679426	3.73803827751e-05	0	0	0	0.00763805821372	0	4.98405103668e-05	0	0	0.00560705741627	0.00452302631579	6.23006379585e-05	0.000124601275917	2.49202551834e-05	3.73803827751e-05	0	0	0	1.24601275917e-05	0	0.00188147926635	0	7.47607655502e-05	1.24601275917e-05	0.0103543660287	0	1.24601275917e-05	0	0.00664124800638	3.73803827751e-05	0	0	0	0	0.000473484848485	0.00218052232855	1.24601275917e-05	0.00423644338118	0.00066038676236	0.000959429824561	0.00051086523126	0	0.000336423444976	0	0.000361343700159	0.000112141148325	4.98405103668e-05	0	3.73803827751e-05
0.00647926634769	0	0	0	0.00155751594896	0.00306519138756	0.0222288676236	0.0283841706539	0.063110546252	4.98405103668e-05	0.0287205940989	0.00636712519936	0.00306519138756	0	0.0232007575758	7.47607655502e-05	0	0	0.000722687400319	0.00209330143541	0.00494667065391	0.0027038476874	0	0.00199362041467	0.000286582934609	0	0.000161981658692	0	0.0102422248804	0.000647926634769	0	0	0.0018067185008	0.000112141148325	0.00470992822967	0	0	0	0	0	0	0	0	0	0	0	0	0	0	0	0	0	0	0	0	0	0	0	0	0	0	0	0	0	0	0	0	0	0	0	0.004211523126	0	0.0104914274322	0.000847288676236	0.00256678628389	0.00235496411483	0	0	0	0	0	0	0	0
0	0.00066038676236	0.000186901913876	0	0.00427382376396	0.000336423444976	0.000224282296651	0.00594348086124	4.98405103668e-05	0.0406947767145	0.00347637559809	0.000224282296651	0.00145783492823	0	0	0.00331439393939	0.0031524122807	0.000124601275917	0	0.000348883572568	0.00184409888357	0.000411184210526	0.0102048444976	0.00153259569378	0.0170952950558	2.49202551834e-05	0.000224282296651	0.000573165869219	0.0143789872408	0	0	0	0	0	1.24601275917e-05	0.00138307416268	1.24601275917e-05	0	0	0.00686553030303	0	8.72208931419e-05	0	6.23006379585e-05	0.0114882376396	0.00297797049442	3.73803827751e-05	0.000548245614035	6.23006379585e-05	0.000834828548644	0	0.00118371212121	0	2.49202551834e-05	1.24601275917e-05	0.00246710526316	0.00144537480064	0.010802930622	0.000959429824561	0.0136438397129	0	3.73803827751e-05	0	0.00898375199362	0.00236742424242	0.00260416666667	0	0	0.00226774322169	0.00441088516746	0.00434858452951	0.000822368421053	0.0001495215311	8.72208931419e-05	0.00380033891547	0	1.24601275917e-05	0.00224282296651	0.0001495215311	0.00311503189793	0.00186901913876	0.000610546251994	0.000112141148325	0
0	0	0	0	0.00309011164274	0.000448564593301	0.0159988038278	0.0224531499203	0.0287205940989	0.00347637559809	0.0575782496013	0.00589364035088	0.00250448564593	0	0.00730163476874	0	0	0.00159489633174	0.000760067783094	0.00559459728868	0.00757575757576	0	0	0	2.49202551834e-05	0	0.000598086124402	0	0.00534539473684	0.000411184210526	0	0	0	8.72208931419e-05	0.00620514354067	0.000249202551834	0	0	0	0.00279106858054	0	7.47607655502e-05	0	0.000199362041467	1.24601275917e-05	0.00350129585327	0.000286582934609	0.00114633173844	0.000124601275917	0.000323963317384	0	0	0	0.0001495215311	4.98405103668e-05	0.00371311802233	0	0	0	0.00508373205742	0	0.0001495215311	0	0.000647926634769	0.000373803827751	0	0	0	0	0.00188147926635	0.00103419059011	0	0.0103294457735	0.000336423444976	0.000535785486443	0.000261662679426	0	3.73803827751e-05	0	0.00113387161085	2.49202551834e-05	0	0	3.73803827751e-05
0	0	0.000112141148325	0	3.73803827751e-05	0	0.00139553429027	0.000124601275917	0.00636712519936	0.000224282296651	0.00589364035088	0.033293460925	0.000112141148325	0.0010591108453	0.00551983652313	0	0	1.24601275917e-05	0.00176933811802	0.0133198763955	0.00281598883573	0.000112141148325	0	0.000112141148325	0	9.96810207337e-05	0.00590610047847	0.00043610446571	0.000124601275917	0.00213068181818	0	0.000236742424242	0.00109649122807	0	0.0115879186603	0	1.24601275917e-05	0	0	0	0	0	0	0	0	0	0	0	0.00286582934609	0	0	0	0	0	0	0	0	0	0	0	0.00286582934609	0	0	0	0	0	0.0001495215311	0	0	1.24601275917e-05	0.00618022328549	0.00905851275917	0.0185157496013	0.00156997607656	0	0	0.00181917862839	0.00115879186603	2.49202551834e-05	1.24601275917e-05	1.24601275917e-05	0	1.24601275917e-05	0.000386263955343
0	0	0	0	0.00313995215311	1.24601275917e-05	0.00993072169059	2.49202551834e-05	0.00306519138756	0.00145783492823	0.00250448564593	0.000112141148325	0.0233502791069	0	0	0.00224282296651	0	0	1.24601275917e-05	8.72208931419e-05	0.00772527910686	0	0	0	0.00269138755981	0	1.24601275917e-05	0	2.49202551834e-05	0	0	0	0	0	0.000199362041467	0.000535785486443	0	0	0	0.00124601275917	0	0.000934509569378	0	0.00128339314195	9.96810207337e-05	0.0010591108453	0.000498405103668	0.00493421052632	0.000174441786284	0.000722687400319	1.24601275917e-05	0	0	0.000199362041467	0	0.00449810606061	0	0	0	0.00169457735247	0	8.72208931419e-05	0	1.24601275917e-05	0.000473484848485	0	0	0	0	0.000672846889952	0.00205592105263	0	0.000822368421053	0.000411184210526	0.00181917862839	0	0	0	0	0.000473484848485	0	0	0	1.24601275917e-05
0	0	0	0	0	0	0	0	0	0	0	0.0010591108453	0	0.00801186204147	0	0	0	0	0	0	0	0	0	0	0	0.000772527910686	0.00156997607656	0.000971889952153	0	0	0	0.000311503189793	0	0	6.23006379585e-05	0	0	0	0	0	0	0	0	0	0	0	7.47607655502e-05	0	0.00523325358852	0	0	0	0	0	0	0	0	0	0	0	0.00387509968102	0	3.73803827751e-05	0	0	0	0.000274122807018	0	0	0	0	0.00411184210526	0.000174441786284	0	0	0	0.0015076754386	0	1.24601275917e-05	0	0	0	0	0.000124601275917
0.0154380980861	0	0	0	3.73803827751e-05	1.24601275917e-05	0.001495215311	0.0262285685805	0.0232007575758	0	0.00730163476874	0.00551983652313	0	0	0.0450059808612	0	0	3.73803827751e-05	8.72208931419e-05	0.00160735645933	0.000124601275917	0.00553229665072	0	0.00684061004785	0	0	2.49202551834e-05	0	0.00960675837321	0.0081115430622	0.00138307416268	0	0.000299043062201	0.000112141148325	0.00743869617225	0	0	0	0	0	0	0	0	0	0	0	0	0	0	0	0	0	0	0	0	0	0	0	0	0	0	0	0	0	0	0	0	0	0	0	0	0	0.00514603269537	0	1.24601275917e-05	1.24601275917e-05	0	0	0	0	0	0	0	0
0	0	0	0	0.000174441786284	0.00191885964912	0.00185655901116	0.00148275518341	7.47607655502e-05	0.00331439393939	0	0	0.00224282296651	0	0	0.0128339314195	0.000186901913876	1.24601275917e-05	0	0	1.24601275917e-05	9.96810207337e-05	0	0.000112141148325	0.00316487240829	0	0	1.24601275917e-05	0.00439842503987	0	0	0	0	0	0	1.24601275917e-05	0	1.24601275917e-05	0	6.23006379585e-05	0	0	0	1.24601275917e-05	0.000722687400319	0	0	1.24601275917e-05	0	0	0	2.49202551834e-05	0	0	0	0	3.73803827751e-05	0.000261662679426	0.000137061403509	0.000286582934609	0	0	3.73803827751e-05	6.23006379585e-05	2.49202551834e-05	9.96810207337e-05	0	0	0.000124601275917	0.000598086124402	0.00223036283892	1.24601275917e-05	1.24601275917e-05	0	0.000772527910686	8.72208931419e-05	0	9.96810207337e-05	0	0.000760067783094	0.000722687400319	0.000249202551834	6.23006379585e-05	0
2.49202551834e-05	0.00113387161085	0.000137061403509	0	0	0	0	0	0	0.0031524122807	0	0	0	0	0	0.000186901913876	0.0365580143541	0	0	0	0	0.00414922248804	0.0239234449761	0.0126968700159	0.00828598484848	9.96810207337e-05	0.000485944976077	0.00594348086124	0.0010466507177	0.000211822169059	0.000174441786284	0	0	0	0.000299043062201	0	0.00137061403509	0.00125847288676	0	0	0	0	0	0	0	0	0	0	0	0	0	0.00498405103668	0	0	0	0	0.0013581539075	0.0145409688995	0.00914573365231	0.0001495215311	0	0	0.0100927033493	0.00252940590112	0	0	0	0	0	0	0.00616776315789	0.00183163875598	0.000847288676236	0.000610546251994	0.000224282296651	0	0	9.96810207337e-05	0	0.000186901913876	0.000274122807018	9.96810207337e-05	0	0
0	0	0.00780003987241	0	0	0	1.24601275917e-05	0.000174441786284	0	0.000124601275917	0.00159489633174	1.24601275917e-05	0	0	3.73803827751e-05	1.24601275917e-05	0	0.0236368620415	0	0.00338915470494	0.000161981658692	0.00205592105263	0	0.0119118819777	1.24601275917e-05	0	0.00155751594896	0.000137061403509	0.000211822169059	9.96810207337e-05	0	0	0	0	0.00700259170654	0	0	2.49202551834e-05	0	0	0	0	0	0	0	0	0	0	0	0	0	0	0	0	0	0	0	0	3.73803827751e-05	0	0	0	2.49202551834e-05	0	0	0	0	0	0	0	0.00294059011164	0.000461024720893	0.00817384370016	8.72208931419e-05	0	0	0	7.47607655502e-05	2.49202551834e-05	4.98405103668e-05	4.98405103668e-05	0	0	0
0	0	0	0	1.24601275917e-05	0	7.47607655502e-05	0	0.000722687400319	0	0.000760067783094	0.00176933811802	1.24601275917e-05	0	8.72208931419e-05	0	0	0	0.00223036283892	0.00133323365231	0.000411184210526	0	0	0	0	0	0.000647926634769	0	0	0	0	0	0	0	0.000224282296651	0	0	0	0	0	0	0	0	0	0	0	0	0	0	0	0	0	0	0	0	0	0	0	0	0	0	0	0	0	0	0	0	0	0	0	0.000261662679426	1.24601275917e-05	0.00127093301435	0.000211822169059	0	0	0	9.96810207337e-05	0	0	0	0	0	0
0	0	0.000161981658692	0	2.49202551834e-05	0	0.00102173046252	0.000274122807018	0.00209330143541	0.000348883572568	0.00559459728868	0.0133198763955	8.72208931419e-05	0	0.00160735645933	0	0	0.00338915470494	0.00133323365231	0.0226275917065	0.00206838118022	0.000311503189793	0	0.000336423444976	1.24601275917e-05	0	0.00499651116427	0.00051086523126	0.000311503189793	0.000411184210526	0	1.24601275917e-05	0	0	0.00792464114833	0	1.24601275917e-05	0	0	0	0	0	0	0	1.24601275917e-05	0	0	0	0.000186901913876	0	0	0	0	0	0	0	0	0	0	0	0.000124601275917	0	0	0	0	0	0.000186901913876	0	0	1.24601275917e-05	0.00772527910686	0.00361343700159	0.0134195574163	0.00066038676236	0	0	0	0.000336423444976	6.23006379585e-05	1.24601275917e-05	1.24601275917e-05	0	1.24601275917e-05	0
0	0	0	0	0.00792464114833	0.000112141148325	0.00588118022329	0.00100927033493	0.00494667065391	0.00184409888357	0.00757575757576	0.00281598883573	0.00772527910686	0	0.000124601275917	1.24601275917e-05	0	0.000161981658692	0.000411184210526	0.00206838118022	0.0250448564593	0	0	0	0.00229266347687	0	0.000249202551834	0	0.000485944976077	2.49202551834e-05	0	0	0	0	0.0018067185008	0.00200608054226	0	0	0	0.0045105661882	0	0.00206838118022	0	0.0037504984051	0.000473484848485	0.00518341307815	0.00112141148325	0.00792464114833	0.00043610446571	0.00363835725678	3.73803827751e-05	0	0	0.000523325358852	0.0001495215311	0.00843550637959	0	0	0	0.00838566586922	0	0.000423644338118	0	0.00139553429027	0.00155751594896	0	0	0	0	0.00208084130781	0.00125847288676	0	0.00402462121212	0.000112141148325	0.00112141148325	8.72208931419e-05	0	0	1.24601275917e-05	0.00128339314195	7.47607655502e-05	0	0	6.23006379585e-05
0.00664124800638	0	0.000685307017544	0	0	0	0	0.00914573365231	0.0027038476874	0.000411184210526	0	0.000112141148325	0	0	0.00553229665072	9.96810207337e-05	0.00414922248804	0.00205592105263	0	0.000311503189793	0	0.0651913875598	0.000498405103668	0.0477472089314	0.000174441786284	0	8.72208931419e-05	0.0001495215311	0.00897129186603	0.00170703748006	0.0097687400319	0	0	0	0.0067658492823	0	0	0.000286582934609	0	0	0	0	0	0	8.72208931419e-05	0	0	0	0	0	0	0.000348883572568	0	0	0	0	0.000461024720893	0.000573165869219	0.00548245614035	9.96810207337e-05	0	0	0.000461024720893	0.000323963317384	0	0	0	0	0	7.47607655502e-05	0.022552830941	0.00100927033493	0.00922049441786	0.00201854066986	7.47607655502e-05	0	0	0.000286582934609	1.24601275917e-05	0.00489683014354	0.00564443779904	0.00143291467305	0	0
1.24601275917e-05	0.00998056220096	0.000199362041467	0	0	0	0	1.24601275917e-05	0	0.0102048444976	0	0	0	0	0	0	0.0239234449761	0	0	0	0	0.000498405103668	0.0585002990431	0.00677830940989	0.0191885964912	0.00249202551834	0.00166965709729	0.0242972488038	0.000847288676236	1.24601275917e-05	1.24601275917e-05	0	0	0	0	0	0.0085601076555	0.0039124800638	0	0	0	0	0	0	0	0	0	0	0	0	0	0.0033019338118	0.000112141148325	0	2.49202551834e-05	0	0.00200608054226	0.0242972488038	0.0115256180223	0.000872208931419	0	1.24601275917e-05	0.0225403708134	0.00458532695375	0	0.000137061403509	0	0	0.0001495215311	0.00051086523126	0.00118371212121	0.000423644338118	0	1.24601275917e-05	0	0	0	0.0010466507177	9.96810207337e-05	0.00112141148325	0.000573165869219	7.47607655502e-05	0	0
0.00910835326954	0	0.0184908293461	0	0	0	0	0.00853518740032	0.00199362041467	0.00153259569378	0	0.000112141148325	0	0	0.00684061004785	0.000112141148325	0.0126968700159	0.0119118819777	0	0.000336423444976	0	0.0477472089314	0.00677830940989	0.105587121212	0.000473484848485	0	0.00145783492823	0.00692783094099	0.00277860845295	0.00272876794258	0.00267892743222	0	0	0	0.00537031499203	0	0	0.000535785486443	0	0	0	0	0	0	8.72208931419e-05	0	0	0	0	0	0	0.00373803827751	0	0	0	0	0.00257924641148	0.00621760366826	0.0164099880383	9.96810207337e-05	0	0	0.0039124800638	0.00112141148325	0	0	0	0	0	7.47607655502e-05	0.0369193580542	0.00328947368421	0.0106035685805	0.0030028907496	0.000137061403509	0	0	0.000398724082935	1.24601275917e-05	0.0115754585327	0.0124102870813	0.00206838118022	0	0
3.73803827751e-05	0.00696521132376	9.96810207337e-05	0	0.00336423444976	0.000311503189793	0.00094696969697	0.00051086523126	0.000286582934609	0.0170952950558	2.49202551834e-05	0	0.00269138755981	0	0	0.00316487240829	0.00828598484848	1.24601275917e-05	0	1.24601275917e-05	0.00229266347687	0.000174441786284	0.0191885964912	0.000473484848485	0.0433612440191	0.00219298245614	0.00159489633174	0.00544507575758	0.0115754585327	0.000236742424242	0.000249202551834	0	0	0	0.000161981658692	0.00123355263158	1.24601275917e-05	0	0	0.000199362041467	0	0	0	0	0.00377541866029	0	0	0	0	0.000710227272727	0	0.000498405103668	0	0	0	0	8.72208931419e-05	0.00655402711324	2.49202551834e-05	0.00294059011164	0	0	1.24601275917e-05	0.00274122807018	0.00204346092504	0.00233004385965	0	0	0.00186901913876	0.00246710526316	0.00348883572568	0.000112141148325	0.000261662679426	0.000112141148325	0.00166965709729	0	0	0.000685307017544	0	0.00139553429027	0.000735147527911	0.000161981658692	4.98405103668e-05	0
0	0.00331439393939	0	0	0	0	0	0	0	2.49202551834e-05	0	9.96810207337e-05	0	0.000772527910686	0	0	9.96810207337e-05	0	0	0	0	0	0.00249202551834	0	0.00219298245614	0.00539523524721	0.000473484848485	0.00237988437002	9.96810207337e-05	0	0	0	0	0	0	0	0.000274122807018	0	0	0	0	0	0	0	3.73803827751e-05	0	0	0	0.000822368421053	0	0	0	0	0	0	0	0	3.73803827751e-05	0	2.49202551834e-05	0.000959429824561	0	0.000186901913876	0	0	0	1.24601275917e-05	0	0	0	0	0.000323963317384	0	0	0	0	0.000498405103668	0	0	0	0	0	0	7.47607655502e-05
0	0.00803678229665	0.0156374601276	0	0	0	9.96810207337e-05	7.47607655502e-05	0.000161981658692	0.000224282296651	0.000598086124402	0.00590610047847	1.24601275917e-05	0.00156997607656	2.49202551834e-05	0	0.000485944976077	0.00155751594896	0.000647926634769	0.00499651116427	0.000249202551834	8.72208931419e-05	0.00166965709729	0.00145783492823	0.00159489633174	0.000473484848485	0.0660511363636	0.0231758373206	8.72208931419e-05	1.24601275917e-05	0	0.000672846889952	0	0	0.00058562599681	0	0.0144412878788	0	0	0	0	0	0	0	1.24601275917e-05	0	0	0	0.0106658692185	0	0	0	0.00153259569378	0	0.00831090510367	0	0	1.24601275917e-05	0	0	0.0137684409888	0.0126470295056	0.0154380980861	0	0	0	0.00328947368421	0	0	2.49202551834e-05	0.0043610446571	0.00789972089314	0.00291566985646	0.000647926634769	0	0	0.0010466507177	0.00204346092504	0.000498405103668	6.23006379585e-05	0	0	0	0.000137061403509
1.24601275917e-05	0.0247333532695	0.0117125199362	0	0	0	0	6.23006379585e-05	0	0.000573165869219	0	0.00043610446571	0	0.000971889952153	0	1.24601275917e-05	0.00594348086124	0.000137061403509	0	0.00051086523126	0	0.0001495215311	0.0242972488038	0.00692783094099	0.00544507575758	0.00237988437002	0.0231758373206	0.0941238038278	0.000224282296651	1.24601275917e-05	1.24601275917e-05	0.000186901913876	0	0	0	1.24601275917e-05	0.0333308413078	0.00581887958533	0	0	0	0	0	0	0.000199362041467	0	0.000199362041467	0	0.00647926634769	1.24601275917e-05	0	8.72208931419e-05	0.00654156698565	0	0.00588118022329	0	0.000834828548644	0.00791218102073	0.00492175039872	8.72208931419e-05	0.00888407097289	0.00722687400319	0.0349381977671	7.47607655502e-05	0	0	0.00153259569378	0	0	0.00164473684211	0.00797448165869	0.00301535087719	0.000672846889952	0.000161981658692	1.24601275917e-05	0	0	0.00651664673046	8.72208931419e-05	0.00280352870813	0.00152013556619	3.73803827751e-05	1.24601275917e-05	0
0.0067658492823	0.000137061403509	0.000112141148325	0	0.00448564593301	0.00159489633174	0.00301535087719	0.0391123405104	0.0102422248804	0.0143789872408	0.00534539473684	0.000124601275917	2.49202551834e-05	0	0.00960675837321	0.00439842503987	0.0010466507177	0.000211822169059	0	0.000311503189793	0.000485944976077	0.00897129186603	0.000847288676236	0.00277860845295	0.0115754585327	9.96810207337e-05	8.72208931419e-05	0.000224282296651	0.0821994617225	0.0103792862839	0.010466507177	0	1.24601275917e-05	0.00129585326954	0.00434858452951	0.00124601275917	0	1.24601275917e-05	0	0.00768789872408	0	2.49202551834e-05	0	2.49202551834e-05	0.0097687400319	0.00422398325359	2.49202551834e-05	0.000199362041467	4.98405103668e-05	0.000697767145136	0	0.000112141148325	0	1.24601275917e-05	1.24601275917e-05	0.00164473684211	6.23006379585e-05	0.00357605661882	0.0001495215311	0.0123230661882	0	2.49202551834e-05	1.24601275917e-05	0.00731409489633	0.00200608054226	0.00204346092504	0	0	0.00156997607656	0.00223036283892	0.00599332137161	0.000112141148325	0.00523325358852	0.00148275518341	0.00158243620415	0.000498405103668	0	0.00138307416268	1.24601275917e-05	0.00148275518341	0.000934509569378	0.000299043062201	4.98405103668e-05	1.24601275917e-05
0.0111144338118	0	1.24601275917e-05	0	4.98405103668e-05	0	0	0.0138307416268	0.000647926634769	0	0.000411184210526	0.00213068181818	0	0	0.0081115430622	0	0.000211822169059	9.96810207337e-05	0	0.000411184210526	2.49202551834e-05	0.00170703748006	1.24601275917e-05	0.00272876794258	0.000236742424242	0	1.24601275917e-05	1.24601275917e-05	0.0103792862839	0.032745215311	0.0091581937799	0	0.000448564593301	0.00289074960128	0.00498405103668	0	0	0	0	0	0	0	0	0	0	0	0	0	0	0	0	0	0	0	0	0	0	0	0	0	0	0	0	0	0	0	0	0	0	0	3.73803827751e-05	0	0.00200608054226	3.73803827751e-05	0	0	0	0	0	1.24601275917e-05	1.24601275917e-05	0	0	0
0.00603070175439	0	0	0	0	0	0	0.0125598086124	0	0	0	0	0	0	0.00138307416268	0	0.000174441786284	0	0	0	0	0.0097687400319	1.24601275917e-05	0.00267892743222	0.000249202551834	0	0	1.24601275917e-05	0.010466507177	0.0091581937799	0.0341407496013	0	0	2.49202551834e-05	0.00801186204147	0	0	0	0	0	0	0	0	0	0	0	0	0	0	0	0	0	0	0	0	0	0	0	0	0	0	0	0	0	0	0	0	0	0	0	6.23006379585e-05	0	0.00581887958533	6.23006379585e-05	0	0	0	0	0	1.24601275917e-05	1.24601275917e-05	0	0	0
0	0	0	0	0	0	0	0	0	0	0	0.000236742424242	0	0.000311503189793	0	0	0	0	0	1.24601275917e-05	0	0	0	0	0	0	0.000672846889952	0.000186901913876	0	0	0	0.000884669059011	0	0	0	0	0	0	0	0	0	0	0	0	0	0	0	0	0.000535785486443	0	0	0	0	0	0	0	0	0	0	0	0.000224282296651	0	0	0	0	0	0.000311503189793	0	0	0	0	0.000735147527911	0	0	0	0	0	0	2.49202551834e-05	0	0	0	0	0
0	0	0	0	0	0.000448564593301	2.49202551834e-05	2.49202551834e-05	0.0018067185008	0	0	0.00109649122807	0	0	0.000299043062201	0	0	0	0	0	0	0	0	0	0	0	0	0	1.24601275917e-05	0.000448564593301	0	0	0.00254186602871	0	0.00213068181818	0	0	0	0	0	0	0	0	0	0	0	0	0	0	0	0	0	0	0	0	0	0	0	0	0	0	0	0	0	0	0	0	0	0	0	0.0001495215311	0	0.00108403110048	2.49202551834e-05	3.73803827751e-05	0.000461024720893	0	0	0	0	0	0	0	0
0.000211822169059	0	0	0	0	0	0	0.00176933811802	0.000112141148325	0	8.72208931419e-05	0	0	0	0.000112141148325	0	0	0	0	0	0	0	0	0	0	0	0	0	0.00129585326954	0.00289074960128	2.49202551834e-05	0	0	0.00347637559809	0.000348883572568	0	0	0	0	0	0	0	0	0	2.49202551834e-05	0	0	0	0	0	0	0	0	0	0	0	0	0	0	0	0	0	0	0	0	0	0	0	0	1.24601275917e-05	0	0	0.000373803827751	0	0	0	0	1.24601275917e-05	0	0	0	0	0	0
2.49202551834e-05	0	0.000274122807018	0	0.0001495215311	0.000398724082935	0.000386263955343	0.00261662679426	0.00470992822967	1.24601275917e-05	0.00620514354067	0.0115879186603	0.000199362041467	6.23006379585e-05	0.00743869617225	0	0.000299043062201	0.00700259170654	0.000224282296651	0.00792464114833	0.0018067185008	0.0067658492823	0	0.00537031499203	0.000161981658692	0	0.00058562599681	0	0.00434858452951	0.00498405103668	0.00801186204147	0	0.00213068181818	0.000348883572568	0.043211722488	0	0	0	0	0	0	0	0	0	3.73803827751e-05	0	0	0	0	0	0	0	0	0	0	0	0	0	0	0	0	0	0	0	0	0	0	0	0	2.49202551834e-05	0.00058562599681	4.98405103668e-05	0.0297049441786	0.000884669059011	2.49202551834e-05	0.000386263955343	7.47607655502e-05	0.000112141148325	0	0	0	0	0	0
0	1.24601275917e-05	0	0	0.000623006379585	0	0	3.73803827751e-05	0	0.00138307416268	0.000249202551834	0	0.000535785486443	0	0	1.24601275917e-05	0	0	0	0	0.00200608054226	0	0	0	0.00123355263158	0	0	1.24601275917e-05	0.00124601275917	0	0	0	0	0	0	0.0489433811802	1.24601275917e-05	0.000336423444976	0	0.00123355263158	0	0.000485944976077	0.0136064593301	0.00461024720893	0.000722687400319	0.00218052232855	0.000523325358852	0.00335177432217	0.000274122807018	0.0277985446571	0	0	0.000448564593301	0.000261662679426	2.49202551834e-05	0.00346391547049	0.00477222886762	0.00140799441786	0.00743869617225	0.00937001594896	0	0.0001495215311	0.000199362041467	0.00806170255183	0.0164722886762	0.0226151315789	0	0	0.000373803827751	0.00176933811802	1.24601275917e-05	0	0	0	0	0	0	0	0	0.000112141148325	2.49202551834e-05	0	0	0
0	0.0163850677831	0.0048096092504	0	0	0	0	0	0	1.24601275917e-05	0	1.24601275917e-05	0	0	0	0	0.00137061403509	0	0	1.24601275917e-05	0	0	0.0085601076555	0	1.24601275917e-05	0.000274122807018	0.0144412878788	0.0333308413078	0	0	0	0	0	0	0	1.24601275917e-05	0.0482456140351	0.00178179824561	0	0	0	0	0	0	0.00318979266348	0	0.000112141148325	0	0.00114633173844	1.24601275917e-05	0	0.00109649122807	0.00610546251994	0	0.00707735247209	0	2.49202551834e-05	0.0114633173844	0.000772527910686	0.00434858452951	0.00474730861244	0.00812400318979	0.0297174043062	0.000323963317384	0	0	0	0	0	0.000784988038278	1.24601275917e-05	1.24601275917e-05	0	0	0	0	0	0.00124601275917	7.47607655502e-05	0.000884669059011	0.000411184210526	0	0	0
0	0.00051086523126	2.49202551834e-05	0	0	0	0	0	0	0	0	0	0	0	0	1.24601275917e-05	0.00125847288676	2.49202551834e-05	0	0	0	0.000286582934609	0.0039124800638	0.000535785486443	0	0	0	0.00581887958533	1.24601275917e-05	0	0	0	0	0	0	0.000336423444976	0.00178179824561	0.0362340510367	0	0	0	0	0.0001495215311	1.24601275917e-05	0	0	0	0	0	0.000311503189793	0	4.98405103668e-05	0.00746361642743	0	0.00279106858054	0	0.00279106858054	0.00173195773525	0.020110645933	0	0	0.00671600877193	0.018067185008	0.000211822169059	1.24601275917e-05	8.72208931419e-05	0	0	0	1.24601275917e-05	0.000560705741627	0	2.49202551834e-05	3.73803827751e-05	0	0	0	0.00144537480064	0	0.000984350079745	0.000797448165869	0	0	0
0	0	0	0	0	0	0	0	0	0	0	0	0	0	0	0	0	0	0	0	0	0	0	0	0	0	0	0	0	0	0	0	0	0	0	0	0	0	0	0	0	0	0	0	0	0	0	0	0	0	0	0	0	0	0	0	0	0	0	0	0	0	0	0	0	0	0	0	0	0	0	0	0	0	0	0	0	0	0	0	0	0	0	0
0	0	0	0	0.00897129186603	1.24601275917e-05	0	0.00763805821372	0	0.00686553030303	0.00279106858054	0	0.00124601275917	0	0	6.23006379585e-05	0	0	0	0	0.0045105661882	0	0	0	0.000199362041467	0	0	0	0.00768789872408	0	0	0	0	0	0	0.00123355263158	0	0	0	0.0250573165869	4.98405103668e-05	0.00144537480064	6.23006379585e-05	0.0018067185008	0.00518341307815	0.0146032695375	0.000336423444976	0.00422398325359	0.000161981658692	0.00161981658692	0.000137061403509	0	0	0.000236742424242	0.000112141148325	0.00771281897927	0	0	0	0.0190141547049	0	0.000286582934609	0	0.0115256180223	0.000523325358852	0	0	1.24601275917e-05	0	0.00211822169059	0.000236742424242	0	0	0	0.000647926634769	0	0	0.000635466507177	2.49202551834e-05	0.00170703748006	0.000348883572568	0.000174441786284	8.72208931419e-05	4.98405103668e-05
0	0	0	0	3.73803827751e-05	0	0	0	0	0	0	0	0	0	0	0	0	0	0	0	0	0	0	0	0	0	0	0	0	0	0	0	0	0	0	0	0	0	0	4.98405103668e-05	0.00529555422648	0.00220544258373	0	0.00216806220096	0	0.000124601275917	0	0.000398724082935	0	0	0.00158243620415	0	0	0	0	2.49202551834e-05	0	0	0	0.000274122807018	0	0	0	8.72208931419e-05	0	0	0	0.000884669059011	0	0.0012086323764	0	0	0	0	0	0	0	0.00137061403509	0	0.0010591108453	0.000161981658692	0.00223036283892	0.00191885964912	0
0	0	0	0	0.000386263955343	0	0	4.98405103668e-05	0	8.72208931419e-05	7.47607655502e-05	0	0.000934509569378	0	0	0	0	0	0	0	0.00206838118022	0	0	0	0	0	0	0	2.49202551834e-05	0	0	0	0	0	0	0.000485944976077	0	0	0	0.00144537480064	0.00220544258373	0.0207585725678	0.000560705741627	0.0078125	0	0.005706738437	0.000261662679426	0.0121610845295	4.98405103668e-05	0.00175687799043	0.0031524122807	0	0	0.000174441786284	0.0001495215311	0.00722687400319	0	0	0	0.0043610446571	0	0.000249202551834	0	0.0013581539075	0.000224282296651	0	0	0.000161981658692	0	0.002105761563	0	0	0	0	0	0	0	0.0012086323764	0.000261662679426	0.00236742424242	0.000672846889952	0.00200608054226	0.00058562599681	0
0	0	0	0	1.24601275917e-05	0	0	0	0	0	0	0	0	0	0	0	0	0	0	0	0	0	0	0	0	0	0	0	0	0	0	0	0	0	0	0.0136064593301	0	0.0001495215311	0	6.23006379585e-05	0	0.000560705741627	0.0413427033493	0.00498405103668	1.24601275917e-05	0.00262908692185	0	0.00058562599681	0	0.00834828548644	0	0	0	0	0	0	0.00543261562998	0	0.00194377990431	0.00058562599681	0	0	0	0.0114882376396	0.00214314194577	0.0179052033493	0	0	0	2.49202551834e-05	1.24601275917e-05	0	0	0	0	0	0	1.24601275917e-05	0	0	0	0	0	0
0	0	0	0	0.00066038676236	0	0	0	0	6.23006379585e-05	0.000199362041467	0	0.00128339314195	0	0	1.24601275917e-05	0	0	0	0	0.0037504984051	0	0	0	0	0	0	0	2.49202551834e-05	0	0	0	0	0	0	0.00461024720893	0	1.24601275917e-05	0	0.0018067185008	0.00216806220096	0.0078125	0.00498405103668	0.0295429625199	0	0.00581887958533	0.000485944976077	0.00852272727273	0.000137061403509	0.0100304027113	0.00058562599681	0	0	9.96810207337e-05	2.49202551834e-05	0.00722687400319	0.000274122807018	0	0.000934509569378	0.00851026714514	0	0.000112141148325	0	0.005706738437	0.00191885964912	0.00124601275917	0	0.00140799441786	0	0.00428628389155	0	0	0	0	0	0	0	0.00277860845295	2.49202551834e-05	0.00312749202552	0.000199362041467	0.00117125199362	0.00156997607656	0.000211822169059
0	0	0	0	0.00215560207337	1.24601275917e-05	2.49202551834e-05	0.00560705741627	0	0.0114882376396	1.24601275917e-05	0	9.96810207337e-05	0	0	0.000722687400319	0	0	0	1.24601275917e-05	0.000473484848485	8.72208931419e-05	0	8.72208931419e-05	0.00377541866029	3.73803827751e-05	1.24601275917e-05	0.000199362041467	0.0097687400319	0	0	0	0	2.49202551834e-05	3.73803827751e-05	0.000722687400319	0.00318979266348	0	0	0.00518341307815	0	0	1.24601275917e-05	0	0.0253688197767	0.00122109250399	0	0.000573165869219	0.000299043062201	0.000473484848485	0.000797448165869	2.49202551834e-05	0	0	1.24601275917e-05	3.73803827751e-05	0	0.00621760366826	0	0.0179301236045	0.000909589314195	1.24601275917e-05	0.00142045454545	0.00551983652313	0.000959429824561	0.00103419059011	0	0	0.00066038676236	0.00152013556619	0.000909589314195	2.49202551834e-05	0.000211822169059	9.96810207337e-05	0.00154505582137	0	0	0.00260416666667	2.49202551834e-05	0.00158243620415	0.00115879186603	0.00114633173844	8.72208931419e-05	0
0	0	0	0	0.00735147527911	0	0	0.00452302631579	0	0.00297797049442	0.00350129585327	0	0.0010591108453	0	0	0	0	0	0	0	0.00518341307815	0	0	0	0	0	0	0	0.00422398325359	0	0	0	0	0	0	0.00218052232855	0	0	0	0.0146032695375	0.000124601275917	0.005706738437	0.00262908692185	0.00581887958533	0.00122109250399	0.0335426634769	0.00138307416268	0.00852272727273	0.000560705741627	0.00279106858054	0	0	0	0.000735147527911	0.000311503189793	0.0122233851675	0	0	0	0.0183786881978	0	0.000722687400319	0	0.0107904704944	0.00186901913876	0	0	3.73803827751e-05	0	0.00500897129187	0.000174441786284	0	0	0	0.000124601275917	0	0	0.000224282296651	9.96810207337e-05	0.00393740031898	0.000535785486443	0	0.000186901913876	8.72208931419e-05
0	3.73803827751e-05	1.24601275917e-05	0	0.000299043062201	0	0	6.23006379585e-05	0	3.73803827751e-05	0.000286582934609	0	0.000498405103668	7.47607655502e-05	0	0	0	0	0	0	0.00112141148325	0	0	0	0	0	0	0.000199362041467	2.49202551834e-05	0	0	0	0	0	0	0.000523325358852	0.000112141148325	0	0	0.000336423444976	0	0.000261662679426	0	0.000485944976077	0	0.00138307416268	0.0257800039872	0.00208084130781	0.00564443779904	0.00290320972887	0	0	0.0001495215311	0.00695275119617	0.00523325358852	0.00224282296651	0	0	2.49202551834e-05	0.00289074960128	0.000124601275917	0.00621760366826	0.000112141148325	0.000137061403509	0.00802432216906	0	0	0.00179425837321	0	0.0143789872408	0	4.98405103668e-05	0	0	0	0	2.49202551834e-05	0.00174441786284	0.00155751594896	0.00310257177033	7.47607655502e-05	0	0	0.00213068181818
0	0	0	0	0.0013456937799	0	0	0.000124601275917	0	0.000548245614035	0.00114633173844	0	0.00493421052632	0	0	1.24601275917e-05	0	0	0	0	0.00792464114833	0	0	0	0	0	0	0	0.000199362041467	0	0	0	0	0	0	0.00335177432217	0	0	0	0.00422398325359	0.000398724082935	0.0121610845295	0.00058562599681	0.00852272727273	0.000573165869219	0.00852272727273	0.00208084130781	0.0292439194577	0.000984350079745	0.00551983652313	0.00145783492823	0	0	0.000872208931419	0.000274122807018	0.0190141547049	0	0	0	0.0116502192982	0	0.000735147527911	0	0.000485944976077	0.00296551036683	0	0	2.49202551834e-05	0	0.00507127192982	1.24601275917e-05	0	0	0	0	0	0	0.000348883572568	0.000174441786284	0.00353867623604	0.000535785486443	0.00112141148325	0.000124601275917	7.47607655502e-05
0	0.000361343700159	0	0	9.96810207337e-05	0	0	2.49202551834e-05	0	6.23006379585e-05	0.000124601275917	0.00286582934609	0.000174441786284	0.00523325358852	0	0	0	0	0	0.000186901913876	0.00043610446571	0	0	0	0	0.000822368421053	0.0106658692185	0.00647926634769	4.98405103668e-05	0	0	0.000535785486443	0	0	0	0.000274122807018	0.00114633173844	0	0	0.000161981658692	0	4.98405103668e-05	0	0.000137061403509	0.000299043062201	0.000560705741627	0.00564443779904	0.000984350079745	0.0344771730463	0.000872208931419	0	6.23006379585e-05	0	0.000448564593301	0	0.000996810207337	0	0.000398724082935	0	0.00127093301435	0.0180298046252	0.00204346092504	0.00732655502392	9.96810207337e-05	0.00198116028708	0	0.00625498405104	0.000647926634769	0	0.00302781100478	0	0.00743869617225	0	0	0	0	0.00219298245614	0.000336423444976	0.00206838118022	0.00139553429027	0	0	0	0.00279106858054
0	1.24601275917e-05	0	0	0.000809908293461	0	0	3.73803827751e-05	0	0.000834828548644	0.000323963317384	0	0.000722687400319	0	0	0	0	0	0	0	0.00363835725678	0	0	0	0.000710227272727	0	0	1.24601275917e-05	0.000697767145136	0	0	0	0	0	0	0.0277985446571	1.24601275917e-05	0.000311503189793	0	0.00161981658692	0	0.00175687799043	0.00834828548644	0.0100304027113	0.000473484848485	0.00279106858054	0.00290320972887	0.00551983652313	0.000872208931419	0.0496037679426	0	0	0.000411184210526	0.00148275518341	0.000760067783094	0.00548245614035	0.00353867623604	0.000760067783094	0.00579395933014	0.0135690789474	0	0.0011961722488	0.000199362041467	0.0121361642743	0.0187151116427	0.00999302232855	0	1.24601275917e-05	0.00058562599681	0.0070648923445	0	0	0	0	0	0	0	0.000448564593301	0	0.000610546251994	3.73803827751e-05	3.73803827751e-05	0	7.47607655502e-05
0	0	0	0	0	0	0	0	0	0	0	0	1.24601275917e-05	0	0	0	0	0	0	0	3.73803827751e-05	0	0	0	0	0	0	0	0	0	0	0	0	0	0	0	0	0	0	0.000137061403509	0.00158243620415	0.0031524122807	0	0.00058562599681	0.000797448165869	0	0	0.00145783492823	0	0	0.00550737639553	0	0	0	0	0.0001495215311	0	0	0	0.000485944976077	0	0	0	0	0	0	0	0	0	1.24601275917e-05	0	0	0	0	0	0	0	0.000535785486443	1.24601275917e-05	2.49202551834e-05	2.49202551834e-05	0.00326455342903	1.24601275917e-05	0
0	0	3.73803827751e-05	0	0	0	0	0	0	0.00118371212121	0	0	0	0	0	2.49202551834e-05	0.00498405103668	0	0	0	0	0.000348883572568	0.0033019338118	0.00373803827751	0.000498405103668	0	0	8.72208931419e-05	0.000112141148325	0	0	0	0	0	0	0	0.00109649122807	4.98405103668e-05	0	0	0	0	0	0	2.49202551834e-05	0	0	0	6.23006379585e-05	0	0	0.0146281897927	0	0	0	0	0.00102173046252	0.00969397926635	0.00265400717703	0.00297797049442	0.000174441786284	0	0.00408692185008	0.00220544258373	0	0	0	0	0	1.24601275917e-05	0.00185655901116	0.000461024720893	4.98405103668e-05	4.98405103668e-05	8.72208931419e-05	0	0	0.000137061403509	0	8.72208931419e-05	9.96810207337e-05	7.47607655502e-05	0	0
0	0.00219298245614	0.00170703748006	0	0	0	0	0	0	0	0	0	0	0	0	0	0	0	0	0	0	0	0.000112141148325	0	0	0	0.00153259569378	0.00654156698565	0	0	0	0	0	0	0	0.000448564593301	0.00610546251994	0.00746361642743	0	0	0	0	0	0	0	0	0.0001495215311	0	0	0.000411184210526	0	0	0.0296675637959	0	0.0134943181818	0	0.00170703748006	0	0.0109399920255	0	0	0.00377541866029	0.00788726076555	0	0.000161981658692	0.000174441786284	0	0	0	0.00488437001595	0	0	0	0	0	0	0	0.00058562599681	0	0.000448564593301	8.72208931419e-05	0	0	0
0	0	0	0	0.000249202551834	0	0	1.24601275917e-05	0	2.49202551834e-05	0.0001495215311	0	0.000199362041467	0	0	0	0	0	0	0	0.000523325358852	0	0	0	0	0	0	0	1.24601275917e-05	0	0	0	0	0	0	0.000261662679426	0	0	0	0.000236742424242	0	0.000174441786284	0	9.96810207337e-05	0	0.000735147527911	0.00695275119617	0.000872208931419	0.000448564593301	0.00148275518341	0	0	0	0.0144911283892	0.0028533692185	0.000872208931419	1.24601275917e-05	0	4.98405103668e-05	0.00140799441786	0	0.00969397926635	0.00122109250399	0.000137061403509	0.00341407496013	0	0.000348883572568	0.000411184210526	0	0.00551983652313	0	0	0	0	0	0	0	0.00448564593301	0.00383771929825	0.00228020334928	0.000124601275917	0	0	0
0	0.00206838118022	0.00618022328549	0	0.0001495215311	0	0	0	0	1.24601275917e-05	4.98405103668e-05	0	0	0	0	0	0	0	0	0	0.0001495215311	0	2.49202551834e-05	0	0	0	0.00831090510367	0.00588118022329	1.24601275917e-05	0	0	0	0	0	0	2.49202551834e-05	0.00707735247209	0.00279106858054	0	0.000112141148325	0	0.0001495215311	0	2.49202551834e-05	1.24601275917e-05	0.000311503189793	0.00523325358852	0.000274122807018	0	0.000760067783094	0	0	0.0134943181818	0.0028533692185	0.0423021331738	0.000236742424242	0	0	0.000411184210526	0.00051086523126	1.24601275917e-05	0.0255806419458	0.00799940191388	3.73803827751e-05	0.00221790271132	0	0	0	0	0.0096192185008	0.000199362041467	2.49202551834e-05	0	0	0	0	0	0.00578149920255	0.00272876794258	0.00396232057416	0.00043610446571	0	0	0
0	0	0	0	0.00322717304625	0	0	0.00188147926635	0	0.00246710526316	0.00371311802233	0	0.00449810606061	0	0	0	0	0	0	0	0.00843550637959	0	0	0	0	0	0	0	0.00164473684211	0	0	0	0	0	0	0.00346391547049	0	0	0	0.00771281897927	2.49202551834e-05	0.00722687400319	0	0.00722687400319	3.73803827751e-05	0.0122233851675	0.00224282296651	0.0190141547049	0.000996810207337	0.00548245614035	0.0001495215311	0	0	0.000872208931419	0.000236742424242	0.0267518939394	0	0	0	0.0160237240829	0	0.000710227272727	0	0.000834828548644	0.00294059011164	0	0	1.24601275917e-05	0	0.00580641945774	3.73803827751e-05	0	0	0	0	0	0	4.98405103668e-05	6.23006379585e-05	0.0039000199362	0.000199362041467	3.73803827751e-05	3.73803827751e-05	0.000137061403509
0	0.000124601275917	0	0	0	0	0	0	0	0.00144537480064	0	0	0	0	0	3.73803827751e-05	0.0013581539075	0	0	0	0	0.000461024720893	0.00200608054226	0.00257924641148	8.72208931419e-05	0	0	0.000834828548644	6.23006379585e-05	0	0	0	0	0	0	0.00477222886762	2.49202551834e-05	0.00279106858054	0	0	0	0	0.00543261562998	0.000274122807018	0	0	0	0	0	0.00353867623604	0	0.00102173046252	0.00170703748006	1.24601275917e-05	0	0	0.0399596291866	0.00221790271132	0.0211572966507	0	0	1.24601275917e-05	0.00188147926635	0.00760067783094	0.00103419059011	0.0142294657097	0	0	0.000261662679426	0.00574411881978	0.00125847288676	0	2.49202551834e-05	4.98405103668e-05	0	0	0	0.00269138755981	0	0.00461024720893	0.00242972488038	0.000623006379585	0	0
