0.0302094096224	0	0	0	0	0	0.00111507810662	0.0073656535483	0.00729404302769	0	0.00162658182525	0.00122760892472	0.00383627788974	0.000337592454297	0.0198668044317	0	0	0	0.000624034536731	0	0.00304856216305	0.00157543145339	0	0.00146290063529	0.00285419074997	0	6.13804462358e-05	0	0.0100357029596	0.0220253501243	0.0208182013483	0.00015345111559	1.02300743726e-05	0.0019437141308	0.00504342666571	0	0	0	0	0	0	0	0	0	0	0	0	0	0	0	0	0	0	0	0	0	0	0	0	0	0	0	0	0	0	0	0	0	0	0	0	0	1.02300743726e-05	0	0	0	0	0	0	0	0	0	0	0
0	0.024020214627	0.00144244048654	0	0	0	0	0	0	0.00148336078403	0	0	0	7.16105206085e-05	0	0	0.000163681189962	0	0	0	0	0	0.00579022209491	0	0.00345776513795	0.00191302390768	0.0034782252867	0.0229869771153	0	0	0	0	0	0	0	0	0.0136366891387	0	0	0	0	0	0	0	0	0	0	0	9.20706693538e-05	0	0	0.000480813495514	0	0	0	0	2.04601487453e-05	0.00363167640229	0.000337592454297	3.06902231179e-05	0.000173911264335	8.18405949811e-05	0.0145573958323	0	0	0	0	0	0	0	0	0	0	0	0	0	0	0	0	0	0	0	0	0
0	0.00144244048654	0.0392118750703	0	0	2.04601487453e-05	0	0	0	1.02300743726e-05	0	0	0	0	0	5.11503718632e-05	2.04601487453e-05	0.00826590009309	0	0.000276212008061	0	0.000286442082434	0	0.0138003703287	3.06902231179e-05	0	0.0107518081656	0.0230688177103	8.18405949811e-05	1.02300743726e-05	0	0	0	5.11503718632e-05	0.0022813065851	0	0.00352937565856	2.04601487453e-05	0	0	0	0	0	0	1.02300743726e-05	0	0	0	0	0	0	0	2.04601487453e-05	0	0	0	0.000910476619165	0.000920706693538	0.00176980286647	0	0	0	0.00634264611104	2.04601487453e-05	0	0	0	0	0	0.00034782252867	0.000521733793005	0.000225061636198	0.000808175875439	0.000593344313613	0.000398972900533	0	0	0.000265981933689	3.06902231179e-05	0.000265981933689	0	0	0	0
0	0	0	0	0	0	0	0	0	0	0	0	0	0	0	0	0	0	0	0	0	0	0	0	0	0	0	0	0	0	0	0	0	0	0	0	0	0	0	0	0	0	0	0	0	0	0	0	0	0	0	0	0	0	0	0	0	0	0	0	0	0	0	0	0	0	0	0	0	0	0	0	0	0	0	0	0	0	0	0	0	0	0	0
0	0	0	0	0.0194576014568	0.00054219394175	7.16105206085e-05	0	0.000102300743726	0.000562654090495	0.00147313070966	0.000286442082434	0.00245521784943	5.11503718632e-05	0.000245521784943	0.00123783899909	0	0	0.000132990966844	0	0.00715082198648	0	0	0	0.00872625343986	0	0.00019437141308	0	0.0106904277194	0.000572884164868	0	0	1.02300743726e-05	0	0.000562654090495	0	0	0	0	0.00574930179742	0	2.04601487453e-05	0	0.000235291710571	0.00707921146587	0.00746795429203	1.02300743726e-05	0.00460353346769	0	0.000225061636198	2.04601487453e-05	0	0	0	0	0.00865464291925	0	0	0	0.00762140540762	0	0	0	0.00394880870784	0	0	0	0	0	1.02300743726e-05	0.000859326247302	0	0.000286442082434	0	0.00170842242023	0	0	0	1.02300743726e-05	1.02300743726e-05	0	0	0	0
0	0	2.04601487453e-05	0	0.00054219394175	0.00748841444077	0.00159589160213	0.000521733793005	0.000664954834222	0.000143221041217	2.04601487453e-05	0	0	0.000143221041217	0	0.00305879223742	0	0	0	0	0	0	0	0.000184141338708	0.00102300743726	0	0	3.06902231179e-05	0.000982087139774	0.000173911264335	0	0	0.000624034536731	9.20706693538e-05	0.000450123272396	0	0	0	0	0	0	0	0	0	0	0	0	0	0	0	0	0	0	0	0	0	3.06902231179e-05	1.02300743726e-05	1.02300743726e-05	0	0	0	0	0	0	0	0	0	0	0	0.00258820881628	0	0.000961626991028	0.000470583421141	0.00309971253491	1.02300743726e-05	0.000102300743726	4.09202974906e-05	0	4.09202974906e-05	0	0	0	0
0.00111507810662	0	0	0	7.16105206085e-05	0.00159589160213	0.0334625732729	0.00515595748381	0.0199384149523	0.000624034536731	0.00665977841659	0.00132990966844	0.011283772033	0.000971857065401	0.00768278585385	0.00181072316396	0	0	0.00073656535483	0.000122760892472	0.00145267056091	0	0	0	0.000664954834222	0	0.000828636024184	0	0.00229153665947	0.00607666417735	2.04601487453e-05	1.02300743726e-05	0.000470583421141	0.00136059989156	0.00659839797035	0	0	0	0	0.000163681189962	0	0	0	0	0.000624034536731	0.00038874282616	0.00019437141308	1.02300743726e-05	0	0	0	0	0	0	0	0.000235291710571	0	0	0	0.000664954834222	0	0	0	0.000173911264335	0	0	0	0	0	0.000102300743726	0.00195394420517	0.000327362379925	0.00496158607073	0.00116622847848	0.00230176673384	0.00105369766038	0.000327362379925	1.02300743726e-05	5.11503718632e-05	0.00019437141308	0	0.000102300743726	0	0
0.0073656535483	0	0	0	0	0.000521733793005	0.00515595748381	0.0470685721885	0.0115906742642	3.06902231179e-05	0.0050843469632	0.000368282677415	7.16105206085e-05	2.04601487453e-05	0.00832728053933	8.18405949811e-05	0	0.000255751859316	0.000132990966844	8.18405949811e-05	0.000122760892472	0.000419433049278	0	0.000675184908594	0.000163681189962	0	0.000358052603042	0	0.0253194340723	0.0131251854201	0.0150484394022	0	0	0.00965719020777	0.00670069871408	0	0	0	0	0	0	0	0	0	0	0	0	0	0	0	0	0	0	0	0	0	0	0	0	0	0	0	0	0	0	0	0	0	0	0	0.000317132305552	3.06902231179e-05	0.00209716524639	0.000777485652321	0.000102300743726	0.000358052603042	3.06902231179e-05	0	0	0	0	0	0	0
0.00729404302769	0	0	0	0.000102300743726	0.000664954834222	0.0199384149523	0.0115906742642	0.0420046853741	0.000531963867377	0.00398972900533	0.00182095323833	0.0122453990241	0.00343730498921	0.0240611349245	0.000869556321674	0	0	1.02300743726e-05	0	0.00591298298739	8.18405949811e-05	0	2.04601487453e-05	0.00100254728852	0	5.11503718632e-05	0	0.00320201327864	0.0084500414318	0.000767255577948	0.00015345111559	0.00218923591575	0.00140152018905	0.00857280232427	0	0	0	0	0.000163681189962	0	0	0	0	0.000634264611104	0.000358052603042	0.000235291710571	2.04601487453e-05	0	0	0	0	0	0	0	0.000225061636198	0	0	0	0.000685414982967	0	0	0	0.000173911264335	0	0	0	0	0	0.000132990966844	0.00185164346145	0.000583114239241	0.004859285327	0.00139129011468	0.000992317214146	0.00145267056091	0.000480813495514	2.04601487453e-05	5.11503718632e-05	0.000235291710571	0	0.000122760892472	0	0
0	0.00148336078403	1.02300743726e-05	0	0.000562654090495	0.000143221041217	0.000624034536731	3.06902231179e-05	0.000531963867377	0.0150382093278	0	0	0.00140152018905	0.000583114239241	0.000214831561825	0.00101277736289	0.00203578480016	0	0	0	0.000552424016123	0.000245521784943	0.00708944154024	1.02300743726e-05	0.00899223537355	0.000654724759849	0.000358052603042	0.00139129011468	0.000593344313613	0.00209716524639	0	0	1.02300743726e-05	0.00184141338708	0.00292580127058	0	8.18405949811e-05	0	0	0.000480813495514	0	3.06902231179e-05	0	0	0.00655747767286	0.000511503718632	0.00118668862723	0.000429663123651	3.06902231179e-05	0	0	0	0	0	0	0.000624034536731	1.02300743726e-05	0.00290534112183	3.06902231179e-05	0.0069564505734	6.13804462358e-05	3.06902231179e-05	7.16105206085e-05	0.00432732145963	0	0	0	0	0	0.000460353346769	0.00106392773475	0	0.00290534112183	0.00161635175088	0.00117645855285	0.000255751859316	0.000470583421141	8.18405949811e-05	0.000296672156807	0.00121737885034	0	0.000337592454297	0	0
0.00162658182525	0	0	0	0.00147313070966	2.04601487453e-05	0.00665977841659	0.0050843469632	0.00398972900533	0	0.0250329919899	0.0049718161451	0.00574930179742	0.000358052603042	0.00371351699727	2.04601487453e-05	0	0	0.00265981933689	0.000286442082434	0.00877740381173	0	0	0	0	0	0.00296672156807	0	0.00588229276427	0.00681322953218	0	7.16105206085e-05	0	0.000828636024184	0.0063937964829	0	0	0	0	1.02300743726e-05	0	0	0	0	0.00284396067559	0.0041124898978	0	0.00243475770069	0	0	0	0	0	0	0	0.0041124898978	0	0	0	0.0028030403781	0	0	0	0	0	0	0	0	0	0	0	0	0.00112530818099	0	2.04601487453e-05	0	0	0	0	0	0	0	0	0
0.00122760892472	0	0	0	0.000286442082434	0	0.00132990966844	0.000368282677415	0.00182095323833	0	0.0049718161451	0.0375341428732	0.0071405919121	0.0120203373879	0.0118566561979	0	0	0	0.0108950292069	0.00364190647666	0.00790784749005	0	0	0	0.000286442082434	0.000439893198024	0.0165215701118	1.02300743726e-05	0.00269050956	0.0210944133564	0	0.00148336078403	0.00199486450266	0.00307925238616	0.0257184069728	0	0	0	0	0	0	5.11503718632e-05	0	0.000225061636198	0.000552424016123	0.00089001647042	0.00501273644259	0.00054219394175	0.000491043569887	0.000204601487453	0	0	1.02300743726e-05	0	0	0.000818405949811	1.02300743726e-05	3.06902231179e-05	5.11503718632e-05	0.000951396916656	0.000480813495514	0	0	0	2.04601487453e-05	0	0	0	0	0.000961626991028	0.00258820881628	0.000634264611104	0.0047876748064	0.00175957279209	0	0	0	1.02300743726e-05	0.000562654090495	0.00460353346769	0	0.00143221041217	0	0.000112530818099
0.00383627788974	0	0	0	0.00245521784943	0	0.011283772033	7.16105206085e-05	0.0122453990241	0.00140152018905	0.00574930179742	0.0071405919121	0.0323270350175	0.00233245695696	0.0149563687328	0.00254728851879	0	0	0.00337592454297	3.06902231179e-05	0.0171046843511	0	0	0	0.00169819234586	0	0.00264958926251	0	0.000235291710571	0.0101175435545	2.04601487453e-05	0.000276212008061	0.000480813495514	0.00015345111559	0.00920706693538	0	0	0	0	0.000132990966844	7.16105206085e-05	0.000255751859316	0	0	0.00034782252867	0.000828636024184	1.02300743726e-05	0.00101277736289	0	0	0.000122760892472	0	0	0	0	0.00103323751164	0	0	0	0.000306902231179	0	0	0	0.000143221041217	0	0	0	0	0	0	0.00019437141308	1.02300743726e-05	0.00165727204837	0.000276212008061	0.00180049308958	0	0.000204601487453	0	0	1.02300743726e-05	0	0.000122760892472	0	0
0.000337592454297	7.16105206085e-05	0	0	5.11503718632e-05	0.000143221041217	0.000971857065401	2.04601487453e-05	0.00343730498921	0.000583114239241	0.000358052603042	0.0120203373879	0.00233245695696	0.0280406338554	0.00479790488077	0.000317132305552	0	0	3.06902231179e-05	0	0.00214831561825	0	7.16105206085e-05	0	0.000613804462358	0.00493089584761	0.00310994260928	0.00332477417111	0.000757025503575	0.00869556321674	0	0.00323270350175	0.00186187353582	0.00127875929658	0.010240304447	0	0	0	0	0.000255751859316	0	0	0	0	0.000746795429203	0.000419433049278	0.00398972900533	5.11503718632e-05	0.00552424016123	0	3.06902231179e-05	0	0	0.000501273644259	0	0.000265981933689	1.02300743726e-05	0	1.02300743726e-05	0.000818405949811	0.00285419074997	0.000634264611104	8.18405949811e-05	0.000214831561825	0	0	8.18405949811e-05	0	0	0.00034782252867	0.00236314718008	0.000920706693538	0.00415341019529	0.00189256375894	0.000531963867377	0.000624034536731	0.00201532465141	7.16105206085e-05	0.000879786396047	0.000920706693538	0	0.00054219394175	0	0.000910476619165
0.0198668044317	0	0	0	0.000245521784943	0	0.00768278585385	0.00832728053933	0.0240611349245	0.000214831561825	0.00371351699727	0.0118566561979	0.0149563687328	0.00479790488077	0.0546081370012	0.000173911264335	0	0	0.00505365674008	0	0.010158463852	0.00117645855285	0	0.00102300743726	0.00185164346145	0	0.00474675450891	0	0.00760094525887	0.0334318830498	0.0129205839326	0.000265981933689	0.00407156960031	0.00329408394799	0.0187108060276	0	0	0	0	5.11503718632e-05	0	5.11503718632e-05	0	0.000214831561825	0.000358052603042	0.000705875131712	0.00276212008061	0.00054219394175	0	0.00019437141308	0.000143221041217	0	0	0	0	0.000664954834222	0	0	0	0.000429663123651	0	0	0	5.11503718632e-05	2.04601487453e-05	0	0	0	0	0.000143221041217	0.00109461795787	0.000460353346769	0.00292580127058	0.000818405949811	0.000204601487453	0.000511503718632	0.000214831561825	0.000143221041217	8.18405949811e-05	0.00286442082434	0	0.000920706693538	0	3.06902231179e-05
0	0	5.11503718632e-05	0	0.00123783899909	0.00305879223742	0.00181072316396	8.18405949811e-05	0.000869556321674	0.00101277736289	2.04601487453e-05	0	0.00254728851879	0.000317132305552	0.000173911264335	0.00969811050526	0	0	0	0	0.000797945801066	6.13804462358e-05	0	0.000276212008061	0.00282350052685	0	0	8.18405949811e-05	0.00104346758601	0.00117645855285	0	0	3.06902231179e-05	0.00165727204837	0.00274165993187	0	0	0	0	0.000163681189962	0	0	0	0	0.000808175875439	0.000173911264335	1.02300743726e-05	1.02300743726e-05	0	0	0	0	0	0	0	8.18405949811e-05	0.000143221041217	1.02300743726e-05	5.11503718632e-05	0.000613804462358	0	0	0	0.000265981933689	0	0	0	0	0	2.04601487453e-05	0.00189256375894	1.02300743726e-05	0.00319178320426	0.00246544792381	0.00483882517826	0	0.00019437141308	0.000204601487453	1.02300743726e-05	7.16105206085e-05	0	0	0	0
0	0.000163681189962	2.04601487453e-05	0	0	0	0	0	0	0.00203578480016	0	0	0	0	0	0	0.0271915376825	0	0	0	0	0.00295649149369	0.014219803378	0.00358052603042	0.00640402655727	2.04601487453e-05	6.13804462358e-05	0.00154474123027	0.00338615461734	0	0	0	0	1.02300743726e-05	0.00015345111559	0	0	0	0	0	0	0	0	0	0.00366236662541	0	0	0	0	0	0	0.011007560025	0	0	0	0	0.001647041974	0.0175036572516	0.0101482337777	0.0063937964829	0	1.02300743726e-05	0	0.00798968808503	0	0	0	0	0	0	0.00227107651073	0.000358052603042	0.000644494685476	0.000429663123651	0.000214831561825	3.06902231179e-05	0	1.02300743726e-05	1.02300743726e-05	0	0	0	0	0
0	0	0.00826590009309	0	0	0	0	0.000255751859316	0	0	0	0	0	0	0	0	0	0.0246033288662	0	0.00360098617917	0	0.00221992613886	0	0.00824543994435	0.000235291710571	0	0.00643471678039	0.00580045216929	0.00122760892472	0.00100254728852	0.00245521784943	0	0	0.000879786396047	0.00631195588792	0	4.09202974906e-05	3.06902231179e-05	0	0	0	0	0	0	0	0	0	0	0	0	0	0	7.16105206085e-05	0	2.04601487453e-05	0	0.000317132305552	0	0.000327362379925	0	0	0.000255751859316	0.00015345111559	0	0	0	0	0	0	0	0	0	6.13804462358e-05	0	0	0	0	0	0	0	0	0	0	0
0.000624034536731	0	0	0	0.000132990966844	0	0.00073656535483	0.000132990966844	1.02300743726e-05	0	0.00265981933689	0.0108950292069	0.00337592454297	3.06902231179e-05	0.00505365674008	0	0	0	0.0115906742642	0.00166750212274	0.00329408394799	0	0	0	0	0	0.00611758447484	0	0.000910476619165	0.00850119180366	0	4.09202974906e-05	0	0.00101277736289	0.00983110147211	0	0	0	0	0	0	1.02300743726e-05	0	9.20706693538e-05	0.000184141338708	0.00015345111559	0.00299741179118	0.000112530818099	0	6.13804462358e-05	0	0	0	0	0	0.00015345111559	0	0	0	0.000460353346769	0	0	0	0	0	0	0	0	0	0.000470583421141	0	0	0.000572884164868	0	0	0	0	0	0.000184141338708	0.00303833208867	0	0.000920706693538	0	1.02300743726e-05
0	0	0.000276212008061	0	0	0	0.000122760892472	8.18405949811e-05	0	0	0.000286442082434	0.00364190647666	3.06902231179e-05	0	0	0	0	0.00360098617917	0.00166750212274	0.0149052183609	1.02300743726e-05	0	0	0	0	0	0.00883878425796	0.00132990966844	0.000450123272396	0.000624034536731	0	0	0	0.000480813495514	0.00627103559043	0	0.000613804462358	0	0	0	0	0	0	0	0	0	0	0	0	0	0	0	0.000276212008061	0	0.000368282677415	0	0	3.06902231179e-05	7.16105206085e-05	0	0	0.00104346758601	0.000869556321674	0	0	0	0	0	0	8.18405949811e-05	0.00265981933689	9.20706693538e-05	0.00252682837004	0.00112530818099	0	0	0	9.20706693538e-05	5.11503718632e-05	0.000102300743726	0	0	0	0
0.00304856216305	0	0	0	0.00715082198648	0	0.00145267056091	0.000122760892472	0.00591298298739	0.000552424016123	0.00877740381173	0.00790784749005	0.0171046843511	0.00214831561825	0.010158463852	0.000797945801066	0	0	0.00329408394799	1.02300743726e-05	0.0300764186556	0	0	0	0.00201532465141	0	0.00334523431985	0	0.00521733793005	0.0100663931827	0	0.000276212008061	0.000450123272396	4.09202974906e-05	0.00950373909218	0	0	0	0	0.000245521784943	0	3.06902231179e-05	0	3.06902231179e-05	0.00277235015499	0.00659839797035	3.06902231179e-05	0.00584137246678	0	3.06902231179e-05	0	0	0	0	0	0.00692576035028	0	0	0	0.00407156960031	0	0	0	1.02300743726e-05	0	0	0	0	0	1.02300743726e-05	1.02300743726e-05	0	0.00115599840411	3.06902231179e-05	0.000757025503575	0	3.06902231179e-05	0	0	3.06902231179e-05	0	0	0	0
0.00157543145339	0	0.000286442082434	0	0	0	0	0.000419433049278	8.18405949811e-05	0.000245521784943	0	0	0	0	0.00117645855285	6.13804462358e-05	0.00295649149369	0.00221992613886	0	0	0	0.0519483176643	0.00306902231179	0.0319178320426	0.0014219803378	0	0.000112530818099	0.000163681189962	0.0181072316396	0.00372374707164	0.0151405100715	0	0	0.00294626141932	0.0127057523708	0	0	0	0	0	0	0	1.02300743726e-05	0	0.00113553825536	0	0	0	0	0	0	0.000450123272396	0	0	0	0	0.000163681189962	0.0050843469632	0.000460353346769	0.00143221041217	0	2.04601487453e-05	0	0.0068439197553	0	0	0	0	0	2.04601487453e-05	0.00226084643635	0.000828636024184	0.00894108500169	0.0022813065851	0.00111507810662	0.000255751859316	0	5.11503718632e-05	2.04601487453e-05	4.09202974906e-05	0	0	0	0
0	0.00579022209491	0	0	0	0	0	0	0	0.00708944154024	0	0	0	7.16105206085e-05	0	0	0.014219803378	0	0	0	0	0.00306902231179	0.0370840196008	0.00172888256898	0.012490920809	0.00144244048654	0.000797945801066	0.0144244048654	0.00413295004655	0	0	0	0	0	2.04601487453e-05	0	0.000214831561825	0	0	0	0	0	0	0	0.00554470030997	0	0	0	6.13804462358e-05	0	0	0.0113144622561	0	0	0	0	0.00093093676791	0.0218718990087	0.00538101912001	0.0091252263404	0.000102300743726	6.13804462358e-05	0.00334523431985	0.0102607645958	0	0	0	0	0	0	0.000122760892472	2.04601487453e-05	6.13804462358e-05	2.04601487453e-05	0	0	0	0	0	0	0	0	0	0
0.00146290063529	0	0.0138003703287	0	0	0.000184141338708	0	0.000675184908594	2.04601487453e-05	1.02300743726e-05	0	0	0	0	0.00102300743726	0.000276212008061	0.00358052603042	0.00824543994435	0	0	0	0.0319178320426	0.00172888256898	0.0868635614981	0.000767255577948	0	0.000716105206085	0.0179435504496	0.00641425663165	0.00385673803849	0.0141175026342	0	0	0.00299741179118	0.0130842651226	2.04601487453e-05	0	0	0	0	0	0	4.09202974906e-05	0	1.02300743726e-05	0	0	0	0	3.06902231179e-05	0	0.00297695164244	0	0	1.02300743726e-05	0	0.00115599840411	0.00999478266207	0.0113246923305	0.000777485652321	0	1.02300743726e-05	0.000470583421141	0.000644494685476	0	0	0	0	0	0.000675184908594	0.00418410041841	0.000450123272396	0.0169307730867	0.006506327301	0.00486951540138	0.000480813495514	0	0.00139129011468	0	0.000777485652321	8.18405949811e-05	0	0	0
0.00285419074997	0.00345776513795	3.06902231179e-05	0	0.00872625343986	0.00102300743726	0.000664954834222	0.000163681189962	0.00100254728852	0.00899223537355	0	0.000286442082434	0.00169819234586	0.000613804462358	0.00185164346145	0.00282350052685	0.00640402655727	0.000235291710571	0	0	0.00201532465141	0.0014219803378	0.012490920809	0.000767255577948	0.0444803633722	0.000900246544792	0.000552424016123	0.00331454409674	0.0145369356835	0.00869556321674	0.00405110945157	0	4.09202974906e-05	0.0100970834058	0.0117032050823	0	0.000143221041217	0	0	0.00423525079027	0	3.06902231179e-05	0	0	0.0136673793618	0.0037032869229	0.00069564505734	0.00176980286647	5.11503718632e-05	0	0	0	0	0	0	0.00480813495514	9.20706693538e-05	0.00341684484046	3.06902231179e-05	0.0119794170904	8.18405949811e-05	5.11503718632e-05	0.000132990966844	0.0103323751164	0	0	0	0	0	0.000225061636198	0.00299741179118	2.04601487453e-05	0.00790784749005	0.00387719818723	0.00372374707164	0.00111507810662	0.000265981933689	6.13804462358e-05	0.000143221041217	0.00073656535483	0	0.000204601487453	0	0
0	0.00191302390768	0	0	0	0	0	0	0	0.000654724759849	0	0.000439893198024	0	0.00493089584761	0	0	2.04601487453e-05	0	0	0	0	0	0.00144244048654	0	0.000900246544792	0.0123067794703	0.00498204621948	0.00437847183149	0	0	0	0	0	0	0	0	0.00321224335301	0	0	0	0	0	0	0	0	0	0.000634264611104	0	0.00193348405643	0	0	0	0	1.02300743726e-05	0	0	0	0	0	0	0.00265981933689	0.00034782252867	0.00374420722039	0	0	0	1.02300743726e-05	0	0	6.13804462358e-05	0	0	0	0	0	0	0	0	0.000102300743726	9.20706693538e-05	0	0	0	0.00038874282616
6.13804462358e-05	0.0034782252867	0.0107518081656	0	0.00019437141308	0	0.000828636024184	0.000358052603042	5.11503718632e-05	0.000358052603042	0.00296672156807	0.0165215701118	0.00264958926251	0.00310994260928	0.00474675450891	0	6.13804462358e-05	0.00643471678039	0.00611758447484	0.00883878425796	0.00334523431985	0.000112530818099	0.000797945801066	0.000716105206085	0.000552424016123	0.00498204621948	0.103037309081	0.0297899765731	0.00255751859316	0.0111200908431	0	0.0019437141308	0	0.00264958926251	0.0165624904093	0	0.0138106004031	0	0	0	0	5.11503718632e-05	1.02300743726e-05	0.000214831561825	0.000214831561825	0.000613804462358	0.00554470030997	0.000460353346769	0.00545262964062	0.000184141338708	0	1.02300743726e-05	0.000808175875439	0.00188233368457	0.00154474123027	0.000603574387986	0.000368282677415	5.11503718632e-05	0.000797945801066	0.000531963867377	0.00348845536107	0.0119282667185	0.0224038628761	7.16105206085e-05	1.02300743726e-05	0	0.00034782252867	0	0	0.00141175026342	0.0096469601334	0.00247567799818	0.00624034536731	0.00276212008061	0	0	0	0.000664954834222	0.000726335280457	0.00439893198024	1.02300743726e-05	0.00093093676791	0	1.02300743726e-05
0	0.0229869771153	0.0230688177103	0	0	3.06902231179e-05	0	0	0	0.00139129011468	0	1.02300743726e-05	0	0.00332477417111	0	8.18405949811e-05	0.00154474123027	0.00580045216929	0	0.00132990966844	0	0.000163681189962	0.0144244048654	0.0179435504496	0.00331454409674	0.00437847183149	0.0297899765731	0.117144581641	7.16105206085e-05	3.06902231179e-05	0	0.000511503718632	0	7.16105206085e-05	0.00397949893096	0	0.0306186125973	0.000460353346769	0	0	0	0	1.02300743726e-05	0	1.02300743726e-05	0	0.000808175875439	0	0.00283373060122	0	0	0.00777485652321	0.000757025503575	2.04601487453e-05	0.00163681189962	0	0.00258820881628	0.0226289245123	0.014659696576	3.06902231179e-05	0.00265981933689	0.00233245695696	0.0417591635891	5.11503718632e-05	0	0	0	0	0	0.000757025503575	0.00169819234586	0.000317132305552	0.00285419074997	0.000920706693538	0.000634264611104	0	0	0.000879786396047	0.000378512751788	0.000879786396047	8.18405949811e-05	0	0	0
0.0100357029596	0	8.18405949811e-05	0	0.0106904277194	0.000982087139774	0.00229153665947	0.0253194340723	0.00320201327864	0.000593344313613	0.00588229276427	0.00269050956	0.000235291710571	0.000757025503575	0.00760094525887	0.00104346758601	0.00338615461734	0.00122760892472	0.000910476619165	0.000450123272396	0.00521733793005	0.0181072316396	0.00413295004655	0.00641425663165	0.0145369356835	0	0.00255751859316	7.16105206085e-05	0.0981677936799	0.0272119978312	0.026547042997	0	0	0.0196928931673	0.0274882098393	0	0	0	0	0.00758048511013	0	0	0	0	0.0167977821199	0.0119487268672	0	0.00563677097933	0	0	0	4.09202974906e-05	0	0	1.02300743726e-05	0.0120407975366	8.18405949811e-05	0.00554470030997	0.00015345111559	0.0163578889219	0	3.06902231179e-05	0	0.0162965084756	0	0	0	0	0	1.02300743726e-05	0.00477744473202	0.0011969187016	0.0116111344129	0.00284396067559	0.00186187353582	0.000480813495514	0.000746795429203	5.11503718632e-05	2.04601487453e-05	0	0	0	0	0
0.0220253501243	0	1.02300743726e-05	0	0.000572884164868	0.000173911264335	0.00607666417735	0.0131251854201	0.0084500414318	0.00209716524639	0.00681322953218	0.0210944133564	0.0101175435545	0.00869556321674	0.0334318830498	0.00117645855285	0	0.00100254728852	0.00850119180366	0.000624034536731	0.0100663931827	0.00372374707164	0	0.00385673803849	0.00869556321674	0	0.0111200908431	3.06902231179e-05	0.0272119978312	0.087876338861	0.0266902640382	0.000317132305552	0.0035907561048	0.0308436742335	0.0592525907663	0	1.02300743726e-05	0	0	0.000767255577948	0	0.000245521784943	0	0.000225061636198	0.00556516045872	0.00346799521233	0.00642448670602	0.000746795429203	0	0.000204601487453	0.000143221041217	0	0	0	0	0.00265981933689	4.09202974906e-05	0	1.02300743726e-05	0.00562654090495	0	0	0	0.000705875131712	2.04601487453e-05	0	0	0	0	0.0018311833127	0.0053094085994	0.000327362379925	0.0200202555473	0.00477744473202	0.00226084643635	0.00132990966844	0.00211762539514	0.000777485652321	0.000726335280457	0.00657793782161	0	0.00281327045248	0	9.20706693538e-05
0.0208182013483	0	0	0	0	0	2.04601487453e-05	0.0150484394022	0.000767255577948	0	0	0	2.04601487453e-05	0	0.0129205839326	0	0	0.00245521784943	0	0	0	0.0151405100715	0	0.0141175026342	0.00405110945157	0	0	0	0.026547042997	0.0266902640382	0.0593446614357	0	0	0.008675103068	0.0122556290984	0	0	0	0	0	0	0	0	0	0	0	0	0	0	0	0	0	0	0	0	0	0	0	0	1.02300743726e-05	0	0	0	1.02300743726e-05	0	0	0	0	0	0	0	0	0.0011969187016	0.000132990966844	2.04601487453e-05	2.04601487453e-05	0	0	0	0	0	0	0	0
0.00015345111559	0	0	0	0	0	1.02300743726e-05	0	0.00015345111559	0	7.16105206085e-05	0.00148336078403	0.000276212008061	0.00323270350175	0.000265981933689	0	0	0	4.09202974906e-05	0	0.000276212008061	0	0	0	0	0	0.0019437141308	0.000511503718632	0	0.000317132305552	0	0.00351914558419	0	0	0.000358052603042	0	0	0	0	0	0	0	0	0	1.02300743726e-05	0	0.000562654090495	0	0.000787715726693	0	0	0	0	0	0	0	0	0	0	3.06902231179e-05	5.11503718632e-05	4.09202974906e-05	0	0	0	0	0	0	0	2.04601487453e-05	0.000378512751788	0.000235291710571	0.000163681189962	0.000143221041217	0	0	0	0	2.04601487453e-05	3.06902231179e-05	0	2.04601487453e-05	0	0
1.02300743726e-05	0	0	0	1.02300743726e-05	0.000624034536731	0.000470583421141	0	0.00218923591575	1.02300743726e-05	0	0.00199486450266	0.000480813495514	0.00186187353582	0.00407156960031	3.06902231179e-05	0	0	0	0	0.000450123272396	0	0	0	4.09202974906e-05	0	0	0	0	0.0035907561048	0	0	0.00586183261552	0	0.00349868543544	0	0	0	0	0	0	0	0	0	2.04601487453e-05	0	2.04601487453e-05	0	0	0	0	0	0	0	0	0	0	0	0	2.04601487453e-05	0	0	0	0	0	0	0	0	0	2.04601487453e-05	0.000245521784943	3.06902231179e-05	0.000122760892472	5.11503718632e-05	0.00034782252867	0.000583114239241	0	0	1.02300743726e-05	2.04601487453e-05	0	0	0	0
0.0019437141308	0	5.11503718632e-05	0	0	9.20706693538e-05	0.00136059989156	0.00965719020777	0.00140152018905	0.00184141338708	0.000828636024184	0.00307925238616	0.00015345111559	0.00127875929658	0.00329408394799	0.00165727204837	1.02300743726e-05	0.000879786396047	0.00101277736289	0.000480813495514	4.09202974906e-05	0.00294626141932	0	0.00299741179118	0.0100970834058	0	0.00264958926251	7.16105206085e-05	0.0196928931673	0.0308436742335	0.008675103068	0	0	0.0381070270381	0.0337080950579	0	1.02300743726e-05	0	0	0.000255751859316	0	0	0	0	0.00284396067559	0.000378512751788	0.000726335280457	6.13804462358e-05	0	0	0	0	0	0	0	0.000225061636198	8.18405949811e-05	0	0.000102300743726	0.00197440435392	0	0	0	0.00113553825536	0	0	0	0	0	0.000317132305552	0.00282350052685	0.000143221041217	0.0165931806324	0.00653701752412	0.000838866098557	0.00162658182525	0.00115599840411	0.000521733793005	0.000184141338708	0.000787715726693	0	0.000327362379925	0	0
0.00504342666571	0	0.0022813065851	0	0.000562654090495	0.000450123272396	0.00659839797035	0.00670069871408	0.00857280232427	0.00292580127058	0.0063937964829	0.0257184069728	0.00920706693538	0.010240304447	0.0187108060276	0.00274165993187	0.00015345111559	0.00631195588792	0.00983110147211	0.00627103559043	0.00950373909218	0.0127057523708	2.04601487453e-05	0.0130842651226	0.0117032050823	0	0.0165624904093	0.00397949893096	0.0274882098393	0.0592525907663	0.0122556290984	0.000358052603042	0.00349868543544	0.0337080950579	0.107415780913	0	0.000368282677415	0.000184141338708	0	0.000797945801066	0	0.000245521784943	2.04601487453e-05	0.000225061636198	0.00734519339956	0.00345776513795	0.00646540700351	0.000746795429203	0	0.000204601487453	0.000143221041217	0	0.000439893198024	0	0.000603574387986	0.00264958926251	0.000613804462358	4.09202974906e-05	0.000828636024184	0.00631195588792	0	0.0010843878835	0.00115599840411	0.00227107651073	2.04601487453e-05	0	0	0	0	0.00238360732883	0.00791807756442	0.000746795429203	0.0393448660372	0.0117543554542	0.0031406328324	0.00315086290677	0.00218923591575	0.00180049308958	0.00107415780913	0.00762140540762	1.02300743726e-05	0.00278258022936	0	9.20706693538e-05
0	0	0	0	0	0	0	0	0	0	0	0	0	0	0	0	0	0	0	0	0	0	0	2.04601487453e-05	0	0	0	0	0	0	0	0	0	0	0	0.0160305265419	0	0	0	0	0	0	0.011201931438	0.000716105206085	0	0.00297695164244	0	0	0	0.00936051805097	0	0	0	0	0	0	0.000900246544792	0	0.00069564505734	0.00100254728852	0	0	0	0.00947304886907	0.00477744473202	0.000317132305552	0	0	0	0.00019437141308	0	0	2.04601487453e-05	0	1.02300743726e-05	0	0	0.000204601487453	0	0.000255751859316	8.18405949811e-05	0	0	0
0	0.0136366891387	0.00352937565856	0	0	0	0	0	0	8.18405949811e-05	0	0	0	0	0	0	0	4.09202974906e-05	0	0.000613804462358	0	0	0.000214831561825	0	0.000143221041217	0.00321224335301	0.0138106004031	0.0306186125973	0	1.02300743726e-05	0	0	0	1.02300743726e-05	0.000368282677415	0	0.0441120806948	7.16105206085e-05	0	0	0	0	1.02300743726e-05	0	0.00019437141308	0	0	0	0.00103323751164	0	0	0.00089001647042	0.00034782252867	0	0.000941166842283	0	7.16105206085e-05	0.00555493038434	0.000337592454297	0.00379535759225	0.00306902231179	0.000327362379925	0.0387924420211	5.11503718632e-05	0	0	0	0	0	3.06902231179e-05	1.02300743726e-05	0	1.02300743726e-05	0	0	0	0	0.000276212008061	0.000132990966844	7.16105206085e-05	0	0	0	0
0	0	2.04601487453e-05	0	0	0	0	0	0	0	0	0	0	0	0	0	0	3.06902231179e-05	0	0	0	0	0	0	0	0	0	0.000460353346769	0	0	0	0	0	0	0.000184141338708	0	7.16105206085e-05	0.0265879632945	0	0	0	0	0	0	0	0	0	0	0	0	0	0	0.0122658591728	0	2.04601487453e-05	0	2.04601487453e-05	0	0.0117850456773	0	0	0.0056470010537	0.0127671328171	0	0	0	0	0	0	7.16105206085e-05	5.11503718632e-05	0	2.04601487453e-05	0	0	0	0	0	0	0	0	0	0	0
0	0	0	0	0	0	0	0	0	0	0	0	0	0	0	0	0	0	0	0	0	0	0	0	0	0	0	0	0	0	0	0	0	0	0	0	0	0	0	0	0	0	0	0	0	0	0	0	0	0	0	0	0	0	0	0	0	0	0	0	0	0	0	0	0	0	0	0	0	0	0	0	0	0	0	0	0	0	0	0	0	0	0	0
0	0	0	0	0.00574930179742	0	0.000163681189962	0	0.000163681189962	0.000480813495514	1.02300743726e-05	0	0.000132990966844	0.000255751859316	5.11503718632e-05	0.000163681189962	0	0	0	0	0.000245521784943	0	0	0	0.00423525079027	0	0	0	0.00758048511013	0.000767255577948	0	0	0	0.000255751859316	0.000797945801066	0	0	0	0	0.0218718990087	0.000849096172929	0.000859326247302	0	2.04601487453e-05	0.0122658591728	0.00834774068807	0.000654724759849	0.00636310625978	0	2.04601487453e-05	0.00328385387362	0	0	0	0	0.0111405509918	0	0	0	0.0156827040133	0	0	0	0.00972880072838	0	0	0	0	0	0.000143221041217	0.000173911264335	0	0.000787715726693	4.09202974906e-05	0.000143221041217	1.02300743726e-05	0.000204601487453	0.000654724759849	0.000225061636198	0.000654724759849	0	0.000572884164868	0	0
0	0	0	0	0	0	0	0	0	0	0	0	7.16105206085e-05	0	0	0	0	0	0	0	0	0	0	0	0	0	0	0	0	0	0	0	0	0	0	0	0	0	0	0.000849096172929	0.004859285327	0.00252682837004	0.000327362379925	0.000521733793005	0.00089001647042	0.000460353346769	0	0.00162658182525	0	0	0.00294626141932	0	0	0	0	0.00069564505734	0	0	0	0.000439893198024	0	0	0	0.00038874282616	0	0	0	0.000204601487453	0	1.02300743726e-05	1.02300743726e-05	0	0	0	0	0	0	0.000306902231179	0	0.000368282677415	0.000173911264335	0.00276212008061	0.00173911264335	0
0	0	0	0	2.04601487453e-05	0	0	0	0	3.06902231179e-05	0	5.11503718632e-05	0.000255751859316	0	5.11503718632e-05	0	0	0	1.02300743726e-05	0	3.06902231179e-05	0	0	0	3.06902231179e-05	0	5.11503718632e-05	0	0	0.000245521784943	0	0	0	0	0.000245521784943	0	0	0	0	0.000859326247302	0.00252682837004	0.0236212417264	0.00203578480016	0.00879786396047	0.0010843878835	0.0103016848932	0.000255751859316	0.00712013176336	0	0.00134013974282	0.00426594101339	0	0	2.04601487453e-05	2.04601487453e-05	0.0030281020143	0	0	0	1.02300743726e-05	0	1.02300743726e-05	0	0.000327362379925	2.04601487453e-05	0	0	0	0	0.000225061636198	0.00034782252867	0	0.00019437141308	0	2.04601487453e-05	0	0	0.00156520137901	5.11503718632e-05	0.000777485652321	0.00015345111559	0.00524802815316	0.000613804462358	1.02300743726e-05
0	0	0	0	0	0	0	0	0	0	0	0	0	0	0	0	0	0	0	0	0	1.02300743726e-05	0	4.09202974906e-05	0	0	1.02300743726e-05	1.02300743726e-05	0	0	0	0	0	0	2.04601487453e-05	0.011201931438	1.02300743726e-05	0	0	0	0.000327362379925	0.00203578480016	0.0901576454461	0.00501273644259	0	0.0237133123958	0.00276212008061	2.04601487453e-05	2.04601487453e-05	0.0252682837004	0.000235291710571	0	0	3.06902231179e-05	0.000378512751788	0	0.00782600689507	0	0.0037748974435	0.00452169287271	0	0	0	0.0467207496599	0.00620965514419	0.0129103538583	0	1.02300743726e-05	2.04601487453e-05	0.00434778160837	0.000143221041217	0	4.09202974906e-05	2.04601487453e-05	4.09202974906e-05	0	0	0.00324293357613	0.00137082996593	0.00500250636822	0.000337592454297	0.000327362379925	0.00019437141308	0.000143221041217
0	0	0	0	0.000235291710571	0	0	0	0	0	0	0.000225061636198	0	0	0.000214831561825	0	0	0	9.20706693538e-05	0	3.06902231179e-05	0	0	0	0	0	0.000214831561825	0	0	0.000225061636198	0	0	0	0	0.000225061636198	0.000716105206085	0	0	0	2.04601487453e-05	0.000521733793005	0.00879786396047	0.00501273644259	0.0187619563994	0.00015345111559	0.00952419924093	0.000603574387986	0.00363167640229	0	0.00774416630009	0.000306902231179	0	0	1.02300743726e-05	2.04601487453e-05	0.00175957279209	2.04601487453e-05	0	0	6.13804462358e-05	0	1.02300743726e-05	0	0.00112530818099	0.000470583421141	0	0	0.000910476619165	0	0.000644494685476	0	0	0	0	0	0	0	0.00089001647042	0.000184141338708	0.00131967959407	0.000644494685476	0.000859326247302	0.0013094495197	0.00019437141308
0	0	1.02300743726e-05	0	0.00707921146587	0	0.000624034536731	0	0.000634264611104	0.00655747767286	0.00284396067559	0.000552424016123	0.00034782252867	0.000746795429203	0.000358052603042	0.000808175875439	0.00366236662541	0	0.000184141338708	0	0.00277235015499	0.00113553825536	0.00554470030997	1.02300743726e-05	0.0136673793618	0	0.000214831561825	1.02300743726e-05	0.0167977821199	0.00556516045872	0	1.02300743726e-05	2.04601487453e-05	0.00284396067559	0.00734519339956	0	0.00019437141308	0	0	0.0122658591728	0.00089001647042	0.0010843878835	0	0.00015345111559	0.0458921136357	0.0164601896656	0.00358052603042	0.0116111344129	0	0	0.00402041922845	1.02300743726e-05	0	0	0	0.0178105594828	0	0.00362144632791	7.16105206085e-05	0.0364599850641	0	0	0	0.0172274452435	0	0	0	0	0	0.00172888256898	0.0025063682213	1.02300743726e-05	0.00607666417735	0.00103323751164	0.000501273644259	0.000265981933689	0.000204601487453	0.000982087139774	0.000818405949811	0.00360098617917	0	0.00255751859316	0.000245521784943	0
0	0	0	0	0.00746795429203	0	0.00038874282616	0	0.000358052603042	0.000511503718632	0.0041124898978	0.00089001647042	0.000828636024184	0.000419433049278	0.000705875131712	0.000173911264335	0	0	0.00015345111559	0	0.00659839797035	0	0	0	0.0037032869229	0	0.000613804462358	0	0.0119487268672	0.00346799521233	0	0	0	0.000378512751788	0.00345776513795	0.00297695164244	0	0	0	0.00834774068807	0.000460353346769	0.0103016848932	0.0237133123958	0.00952419924093	0.0164601896656	0.0748227639615	0.00620965514419	0.0146290063529	1.02300743726e-05	0.0131251854201	0.00167773219711	0	0	1.02300743726e-05	0.000920706693538	0.0251762130311	2.04601487453e-05	0	0	0.0170330738304	0	0	0	0.0115497539667	0.00408179967468	0	0	0	0	0.00441939212898	0.000337592454297	0	0.00249613814692	1.02300743726e-05	0.000255751859316	4.09202974906e-05	4.09202974906e-05	0.00286442082434	0.00159589160213	0.00719174228397	9.20706693538e-05	0.000675184908594	7.16105206085e-05	0.000132990966844
0	0	0	0	1.02300743726e-05	0	0.00019437141308	0	0.000235291710571	0.00118668862723	0	0.00501273644259	1.02300743726e-05	0.00398972900533	0.00276212008061	1.02300743726e-05	0	0	0.00299741179118	0	3.06902231179e-05	0	0	0	0.00069564505734	0.000634264611104	0.00554470030997	0.000808175875439	0	0.00642448670602	0	0.000562654090495	2.04601487453e-05	0.000726335280457	0.00646540700351	0	0	0	0	0.000654724759849	0	0.000255751859316	0.00276212008061	0.000603574387986	0.00358052603042	0.00620965514419	0.0479278984358	0.00135036981719	0.00790784749005	0.00110484803225	0.000521733793005	0	0	0.00299741179118	0.00426594101339	0.00238360732883	1.02300743726e-05	0	1.02300743726e-05	0.00640402655727	0.00132990966844	0.00107415780913	4.09202974906e-05	0.00217900584137	0.00267004941126	0	0.000143221041217	0.000757025503575	0	0.0133809372794	0.000685414982967	0.000603574387986	0.00150382093278	0.000296672156807	9.20706693538e-05	0.000214831561825	0	0.0031406328324	0.0140868124111	0.028633978169	0.000296672156807	0.00342707491483	0	0.00256774866753
0	0	0	0	0.00460353346769	0	1.02300743726e-05	0	2.04601487453e-05	0.000429663123651	0.00243475770069	0.00054219394175	0.00101277736289	5.11503718632e-05	0.00054219394175	1.02300743726e-05	0	0	0.000112530818099	0	0.00584137246678	0	0	0	0.00176980286647	0	0.000460353346769	0	0.00563677097933	0.000746795429203	0	0	0	6.13804462358e-05	0.000746795429203	0	0	0	0	0.00636310625978	0.00162658182525	0.00712013176336	2.04601487453e-05	0.00363167640229	0.0116111344129	0.0146290063529	0.00135036981719	0.0311914967622	0	0.00126852922221	0.00654724759849	0	0	0	3.06902231179e-05	0.0189870180356	0	0	0	0.0137492199568	0	0	0	0.00225061636198	1.02300743726e-05	0	0	0	0	0.000716105206085	0.000306902231179	0	0.000204601487453	0	3.06902231179e-05	0	2.04601487453e-05	0	0.000296672156807	0.00138106004031	0	0.00137082996593	0.000286442082434	0
0	9.20706693538e-05	0	0	0	0	0	0	0	3.06902231179e-05	0	0.000491043569887	0	0.00552424016123	0	0	0	0	0	0	0	0	6.13804462358e-05	0	5.11503718632e-05	0.00193348405643	0.00545262964062	0.00283373060122	0	0	0	0.000787715726693	0	0	0	0	0.00103323751164	0	0	0	0	0	2.04601487453e-05	0	0	1.02300743726e-05	0.00790784749005	0	0.0170126136817	0	0	1.02300743726e-05	0	0.000675184908594	0	0	0	0.000143221041217	0	0.000143221041217	0.00646540700351	0.0022813065851	0.00300764186556	2.04601487453e-05	0	0	0.000337592454297	0	0	6.13804462358e-05	0	0.000409202974906	0	0	0	0	0	0	0.00345776513795	0.000654724759849	0	0	0	0.00201532465141
0	0	0	0	0.000225061636198	0	0	0	0	0	0	0.000204601487453	0	0	0.00019437141308	0	0	0	6.13804462358e-05	0	3.06902231179e-05	0	0	3.06902231179e-05	0	0	0.000184141338708	0	0	0.000204601487453	0	0	0	0	0.000204601487453	0.00936051805097	0	0	0	2.04601487453e-05	0	0.00134013974282	0.0252682837004	0.00774416630009	0	0.0131251854201	0.00110484803225	0.00126852922221	0	0.0351607656188	0	0	0	0	7.16105206085e-05	0.00104346758601	0.00232222688259	0	0.00154474123027	0.000368282677415	0	0	0	0.00748841444077	0.0066188581191	0.000317132305552	0	0.000184141338708	1.02300743726e-05	0.00206647502327	0	0	3.06902231179e-05	1.02300743726e-05	2.04601487453e-05	0	0	0.000214831561825	5.11503718632e-05	0.00161635175088	0.000163681189962	0	2.04601487453e-05	5.11503718632e-05
0	0	0	0	2.04601487453e-05	0	0	0	0	0	0	0	0.000122760892472	3.06902231179e-05	0.000143221041217	0	0	0	0	0	0	0	0	0	0	0	0	0	0	0.000143221041217	0	0	0	0	0.000143221041217	0	0	0	0	0.00328385387362	0.00294626141932	0.00426594101339	0.000235291710571	0.000306902231179	0.00402041922845	0.00167773219711	0.000521733793005	0.00654724759849	0	0	0.013012654602	0	0	0	0	0.00312017268366	0	0	0	0.00368282677415	0	0	0	0.00093093676791	0	0	0	1.02300743726e-05	0	9.20706693538e-05	0.000112530818099	0	4.09202974906e-05	0	0	0	0	0.00140152018905	0.000122760892472	0.000644494685476	1.02300743726e-05	0.00465468383955	0.000624034536731	0
0	0.000480813495514	0	0	0	0	0	0	0	0	0	0	0	0	0	0	0.011007560025	0	0	0	0	0.000450123272396	0.0113144622561	0.00297695164244	0	0	1.02300743726e-05	0.00777485652321	4.09202974906e-05	0	0	0	0	0	0	0	0.00089001647042	0	0	0	0	0	0	0	1.02300743726e-05	0	0	0	1.02300743726e-05	0	0	0.0263526715839	0	0	0	0	0.00211762539514	0.0245624085687	0.0093093676791	0.00610735440047	1.02300743726e-05	0	0.00363167640229	0.00152428108152	0	0	0	0	0	0	0.000225061636198	0.000102300743726	8.18405949811e-05	5.11503718632e-05	0	0	0	0	8.18405949811e-05	0	0	0	0	0
0	0	2.04601487453e-05	0	0	0	0	0	0	0	0	1.02300743726e-05	0	0	0	0	0	7.16105206085e-05	0	0.000276212008061	0	0	0	0	0	0	0.000808175875439	0.000757025503575	0	0	0	0	0	0	0.000439893198024	0	0.00034782252867	0.0122658591728	0	0	0	0	0	0	0	0	0	0	0	0	0	0	0.0229255966691	0	0.00241429755194	0	3.06902231179e-05	0	0.00779531667195	0	0	0.00404087937719	0.00979018117462	0	0	0	0	0	0	0.000204601487453	0.000163681189962	2.04601487453e-05	0.000143221041217	2.04601487453e-05	0	0	0	2.04601487453e-05	2.04601487453e-05	0.00054219394175	0	0	0	0
0	0	0	0	0	0	0	0	0	0	0	0	0	0.000501273644259	0	0	0	0	0	0	0	0	0	0	0	1.02300743726e-05	0.00188233368457	2.04601487453e-05	0	0	0	0	0	0	0	0	0	0	0	0	0	2.04601487453e-05	3.06902231179e-05	1.02300743726e-05	0	1.02300743726e-05	0.00299741179118	0	0.000675184908594	0	0	0	0	0.00871602336549	0.00145267056091	0	0	0	0	1.02300743726e-05	0.000296672156807	0.00138106004031	0.000204601487453	3.06902231179e-05	0	0	6.13804462358e-05	0	0	2.04601487453e-05	0	0	0	0	0	0	0	0.00263935918814	0.0047876748064	0.000480813495514	0.000143221041217	1.02300743726e-05	0	0
