0.028349637969	0	0.00111219556484	0	0.000397212701727	0	0.000170234015026	0.0102480877046	0.01117870032	0	0.000408561636062	2.26978686701e-05	0.000158885080691	0	0.0160587420841	0	0	0.00165694441292	1.13489343351e-05	2.26978686701e-05	0.000567446716753	0.0056631182332	0	0.0106112536033	0	0	9.07914746805e-05	0	0.00267834850308	0.00856844542297	0.0114056790067	0	0	6.80936060104e-05	0.000658238191434	0	0	0	0	0	0	0	0	0	0	0	0	2.26978686701e-05	0	0	0	0	0	0	0	0	0	0	0	0	0	0	0	0	0	0	0	0	0	0	0	0	0.000533399913748	0	0	0	0	0	0	0	0	0	0	0
0	0.0329119095717	0.00354086751254	0	0	0	0	0	0	0.0024286719477	0	0	0	1.13489343351e-05	0	0	0.00163424654425	2.26978686701e-05	0	0	0	0	0.00458496947137	0	0.00365435685589	0.00169099121592	0.00289397825544	0.0271920466668	0	0	0	0	0	0	0	0	0.0234015025989	0	0	0	0	0	0	0	0	0	0	0	0	0	0	0	0	0	4.53957373403e-05	0	0	0.00196336563997	0	1.13489343351e-05	2.26978686701e-05	0.00103275302449	0.0238554599723	0	0	0	0	0	0	0	0	0	0	0	0	0	0	0	0	1.13489343351e-05	0	0	0	0
0.00111219556484	0.00354086751254	0.0650747894773	0	6.80936060104e-05	0	1.13489343351e-05	0.000340468030052	0.000953310484146	0	1.13489343351e-05	0	0	0	0.000465306307738	0	0.000158885080691	0.0102480877046	0	1.13489343351e-05	1.13489343351e-05	0.002201693261	0.00441473545634	0.0169439589623	0.000181582949361	0	0.0121547086729	0.0309712418004	0.00091926368114	0.000136187212021	0.000351816964387	0	0	0	0.00111219556484	0	0.00927207935175	0	0	0	0	0	0	0	1.13489343351e-05	0	0	0	0	0.000340468030052	0	0.00279183784643	9.07914746805e-05	1.13489343351e-05	0.000158885080691	0	5.67446716753e-05	0.0126200149806	4.53957373403e-05	0	0	0.000249676555371	0.0267040424904	6.80936060104e-05	0.000476655242073	0	0	0	0	0.00082847220646	0.00922668361441	0.00122568490819	0.0041423610323	0.00104410195883	0.000102140409016	0	0	0.000862519009465	0.000192931883696	0.00091926368114	0.000885216878135	0	0	0
0	0	0	0	0	0	0	0	0	0	0	0	0	0	0	0	0	0	0	0	0	0	0	0	0	0	0	0	0	0	0	0	0	0	0	0	0	0	0	0	0	0	0	0	0	0	0	0	0	0	0	0	0	0	0	0	0	0	0	0	0	0	0	0	0	0	0	0	0	0	0	0	0	0	0	0	0	0	0	0	0	0	0	0
0.000397212701727	0	6.80936060104e-05	0	0.0251492384865	0.000113489343351	0.0028485825181	0.000238327621036	0.00153210613523	0.00491408856708	0.00329119095717	6.80936060104e-05	0.00549288421817	3.40468030052e-05	0.000907914746805	0.00150940826656	0	0	2.26978686701e-05	1.13489343351e-05	0.0125973171119	0	0	0	0.00604898200059	0	0.000170234015026	4.53957373403e-05	0.0118936831831	0.00105545089316	0	0	3.40468030052e-05	0	0.00114624236784	0	0	0	0	0.00616247134394	0	0	0.000192931883696	0	0.00813718591824	0.00714982863109	0	0.000817123272125	0	3.40468030052e-05	2.26978686701e-05	0	1.13489343351e-05	0	0	0.00080577433779	0	0	0	0.0105772068003	0	0	0	0.00645754363665	3.40468030052e-05	0	0	0	0	6.80936060104e-05	0.0008738679438	6.80936060104e-05	0.000714982863109	0.000158885080691	0.00189527203396	4.53957373403e-05	1.13489343351e-05	0	0	5.67446716753e-05	0	2.26978686701e-05	0	0
0	0	0	0	0.000113489343351	0.00716117756543	0.000567446716753	0	0.000817123272125	0.00198606350864	0	0	0.000680936060104	3.40468030052e-05	0	0.00393808021427	0	0	0	0	2.26978686701e-05	0	0	0	0.00131647638287	0	0	0	0.000726331797444	0	0	0	0.00203145924598	0	0.00103275302449	0	0	0	0	5.67446716753e-05	0	0	0	0	7.94425403455e-05	5.67446716753e-05	0	7.94425403455e-05	0	0	0	0	0	0	0	5.67446716753e-05	0	0	0	5.67446716753e-05	0	0	0	4.53957373403e-05	0	0	0	0	0	0	0	0	0	3.40468030052e-05	0.0045963184057	0.0019406677713	0	0	0	0	0	0	0	0
0.000170234015026	0	1.13489343351e-05	0	0.0028485825181	0.000567446716753	0.0514901150782	0.00296207186145	0.0214608348276	0.000295072292712	0.0210976689289	0.00660507978301	0.0266586467531	0.000215629752366	0.00322309735116	0.00510702045078	0	0.000419910570397	0.000635540322764	0.00599223732891	0.0127562021926	0	0	0	0.00186122523095	0.000158885080691	0.00355221644688	1.13489343351e-05	0.00857979435731	0.00722927117144	0	0	0.000102140409016	0.000351816964387	0.0164559547858	0.000646889257099	0	0	0	0.000306421227047	0	0	0.00231518260435	5.67446716753e-05	0.00102140409016	0.0041764078353	0.000295072292712	0.00231518260435	0	0.000612842454094	0	0	1.13489343351e-05	0.000147536146356	0	0.00114624236784	0	0	0	0.00466441201171	0	0	0	0.000397212701727	0.000329119095717	0	0	0	0	0.000476655242073	0.00188392309962	0.00080577433779	0.0135733254647	0.000771727534784	0.00158885080691	5.67446716753e-05	0.000261025489707	0.000306421227047	6.80936060104e-05	0.000272374424042	1.13489343351e-05	0	0	5.67446716753e-05
0.0102480877046	0	0.000340468030052	0	0.000238327621036	0	0.00296207186145	0.0424450144131	0.00932882402342	0	0.00448282906235	1.13489343351e-05	0	1.13489343351e-05	0.00785346255987	7.94425403455e-05	0	0.000147536146356	0	1.13489343351e-05	0	0.00498218217309	0	0.00509567151644	0.000953310484146	0	0.000272374424042	1.13489343351e-05	0.0208366434392	0.006536986177	0.0104977642599	0	0	0.00272374424042	0.00266699956874	0	0	0	0	0	0	0	0	0	0	0	0	0	0	0	0	0	0	0	0	0	0	0	0	2.26978686701e-05	0	0	0	0	0	0	0	0	0	1.13489343351e-05	0.000680936060104	0.000215629752366	0.00199741244297	0.00080577433779	4.53957373403e-05	1.13489343351e-05	0	0.000158885080691	0	1.13489343351e-05	0	0	0	0
0.01117870032	0	0.000953310484146	0	0.00153210613523	0.000817123272125	0.0214608348276	0.00932882402342	0.0477449667476	0.000363165898722	0.00937421976076	0.00426719930998	0.0124611298999	0.000408561636062	0.0148103593073	0.00231518260435	0	0.000442608439068	0.000226978686701	0.00213359965499	0.00512971831945	0.00435799078467	0	0.00770592641351	0.00118028917085	0.000192931883696	0.00149805933223	0	0.00687745420705	0.00696824568173	0.00238327621036	0	0.000601493519758	0.000351816964387	0.00843225821095	0.000136187212021	0	0	0	0.000170234015026	0	0	2.26978686701e-05	1.13489343351e-05	9.07914746805e-05	6.80936060104e-05	0.000181582949361	0.000442608439068	0	0.000147536146356	0	0	0	0.000102140409016	0	2.26978686701e-05	0	0	0	0.000204280818031	0	0	0	1.13489343351e-05	3.40468030052e-05	0	0	0	0	0.000215629752366	0.00299611866446	0.00089656581247	0.00797830083755	0.00113489343351	0.00246271875071	0.000306421227047	0.000385863767392	0.000136187212021	4.53957373403e-05	0.000113489343351	0	0	0	6.80936060104e-05
0	0.0024286719477	0	0	0.00491408856708	0.00198606350864	0.000295072292712	0	0.000363165898722	0.0318451097442	0	0	0.00291667612411	0	0	0.00384728873959	0.00121433597385	0	0	0	0.00107814876183	1.13489343351e-05	0.00770592641351	2.26978686701e-05	0.0208366434392	4.53957373403e-05	4.53957373403e-05	7.94425403455e-05	0.0114510747441	0	0	0	3.40468030052e-05	0	5.67446716753e-05	0	0	0	0	0.00246271875071	4.53957373403e-05	0	0	0	0.015309712418	0.00119163810518	0	0.00137322105454	0	0	0.000113489343351	1.13489343351e-05	0	0	0	0.00102140409016	0	0.00094196154981	0	0.0144925891459	0	0	0	0.00455092266836	0	0	0	0	0	0	6.80936060104e-05	0	5.67446716753e-05	0	0.00449417799669	1.13489343351e-05	0	0	0	0	0	0.000124838277686	0	0
0.000408561636062	0	1.13489343351e-05	0	0.00329119095717	0	0.0210976689289	0.00448282906235	0.00937421976076	0	0.0317543182695	0.0012937785142	0.0109176748303	0.000170234015026	0.00267834850308	0.000578795651088	0	0.000192931883696	0.000374514833057	0.00118028917085	0.0110311641737	0	0	0	0.00167964228159	5.67446716753e-05	0.0010667998275	1.13489343351e-05	0.0080577433779	0.00335928456318	0	0	0	0.000215629752366	0.00573121183921	2.26978686701e-05	0	0	0	2.26978686701e-05	0	0	0.000465306307738	0	0.000510702045078	0.00115759130218	2.26978686701e-05	0.000351816964387	0	1.13489343351e-05	0	0	1.13489343351e-05	0	0	0.000567446716753	0	0	0	0.000998706221486	0	0	0	4.53957373403e-05	1.13489343351e-05	0	0	0	0	3.40468030052e-05	0.00082847220646	0.000419910570397	0.00383593980525	0.000408561636062	0.000419910570397	1.13489343351e-05	0.000158885080691	9.07914746805e-05	2.26978686701e-05	4.53957373403e-05	0	0	0	2.26978686701e-05
2.26978686701e-05	0	0	0	6.80936060104e-05	0	0.00660507978301	1.13489343351e-05	0.00426719930998	0	0.0012937785142	0.0375649726491	0.0074449009238	0.00934017295776	0.00272374424042	0.000760378600449	0	0	0.00474385455206	0.00727466690878	0.00278048891209	0	0	0	0.000113489343351	0.00500488004176	0.00690015207572	0	0.000192931883696	0.0121093129355	0	0.00089656581247	0.000624191388429	3.40468030052e-05	0.0213473454843	0.000113489343351	0	0	0	9.07914746805e-05	0	0	0.000590144585423	0.000261025489707	0.000181582949361	0.00141861679188	0.00712713076242	0.000726331797444	0.0028145357151	0.000181582949361	0	0	0	2.26978686701e-05	0	5.67446716753e-05	0	0	0	0.0015548040039	0.000181582949361	0.000158885080691	0	0.000204280818031	3.40468030052e-05	0	9.07914746805e-05	0	0	0.000646889257099	0.000147536146356	0.000714982863109	0.00951040697279	6.80936060104e-05	0	0	0.000385863767392	5.67446716753e-05	0.00537939487482	6.80936060104e-05	0	0	0	0.000192931883696
0.000158885080691	0	0	0	0.00549288421817	0.000680936060104	0.0266586467531	0	0.0124611298999	0.00291667612411	0.0109176748303	0.0074449009238	0.04173003155	0.000136187212021	0.00316635267948	0.00464171414304	0	0.000397212701727	0.000612842454094	0.00633270535897	0.0170574483056	0	0	0	0.00261025489707	0.000192931883696	0.0034614249722	0	0.000987357287151	0.00560637356152	0	0	2.26978686701e-05	0	0.0156955761854	0.000601493519758	0	0	0	0.00219034432667	0	0	0.00230383367002	4.53957373403e-05	0.00163424654425	0.00458496947137	0.000397212701727	0.00376784619924	0	0.000726331797444	2.26978686701e-05	0	0	0.000261025489707	0	0.00172503801893	0	0	0	0.00465306307738	0	0	0	0.000397212701727	0.000306421227047	0	0	0	0	0.000533399913748	0.00101005515582	0.000760378600449	0.0130285766167	0.000261025489707	0.00291667612411	0	0.000215629752366	0.000124838277686	6.80936060104e-05	0.000226978686701	0	2.26978686701e-05	0	6.80936060104e-05
0	1.13489343351e-05	0	0	3.40468030052e-05	3.40468030052e-05	0.000215629752366	1.13489343351e-05	0.000408561636062	0	0.000170234015026	0.00934017295776	0.000136187212021	0.0246385364414	0	0	0	0	0	0	9.07914746805e-05	0	0	0	2.26978686701e-05	0.0145606827519	0.00916993894273	0.00398347595161	0.000124838277686	0.000862519009465	0	0.00418775676964	0.000295072292712	0	0.0019406677713	0	5.67446716753e-05	0	0	0	0	0	0	0.000181582949361	0	0	0.0110538620424	1.13489343351e-05	0.00838686247361	6.80936060104e-05	0	0	0	0.000295072292712	0	1.13489343351e-05	0	0	0	0	0.00374514833057	0.00225843793268	0.000397212701727	0	0	0	0.000124838277686	0	0	0.000749029666114	7.94425403455e-05	0.000624191388429	0.00078307646912	0.000976008352816	0	0.000317770161382	0.00102140409016	0	0.00525455659714	2.26978686701e-05	0	0	0	0.000181582949361
0.0160587420841	0	0.000465306307738	0	0.000907914746805	0	0.00322309735116	0.00785346255987	0.0148103593073	0	0.00267834850308	0.00272374424042	0.00316635267948	0	0.0325600926073	6.80936060104e-05	0	0.00160019974124	0.00107814876183	0.00169099121592	0.00172503801893	0.00280318678076	0	0.00585605011689	0	6.80936060104e-05	0.000601493519758	0	0.00443743332501	0.0125746192433	0.00626461175296	0	0.000419910570397	0.000113489343351	0.00463036520871	0	0	0	0	0	0	0	0	1.13489343351e-05	0	0	4.53957373403e-05	0.000113489343351	0	0	0	0	0	0	0	0	0	0	0	2.26978686701e-05	0	0	0	0	0	0	0	0	0	5.67446716753e-05	0.000102140409016	9.07914746805e-05	0.00256485915972	1.13489343351e-05	2.26978686701e-05	0	0	3.40468030052e-05	1.13489343351e-05	2.26978686701e-05	0	0	0	3.40468030052e-05
0	0	0	0	0.00150940826656	0.00393808021427	0.00510702045078	7.94425403455e-05	0.00231518260435	0.00384728873959	0.000578795651088	0.000760378600449	0.00464171414304	0	6.80936060104e-05	0.0119163810518	0	0.000136187212021	0.000102140409016	0.000976008352816	0.0012937785142	1.13489343351e-05	0	0	0.00282588464943	2.26978686701e-05	0.000987357287151	0	0.00166829334725	0.000340468030052	0	0	0.000136187212021	9.07914746805e-05	0.00256485915972	0.000295072292712	0	0	0	0.000204280818031	0	0	0.000431259504733	0	0.000544748848083	0.00107814876183	2.26978686701e-05	0.000192931883696	0	0.000181582949361	0	0	0	1.13489343351e-05	0	0.000124838277686	0	0	2.26978686701e-05	0.00160019974124	0	0	1.13489343351e-05	0.000499353110743	0.000124838277686	0	0	0	0	0.000181582949361	0.000646889257099	0.000238327621036	0.002167646458	9.07914746805e-05	0.00556097782418	6.80936060104e-05	2.26978686701e-05	0.000215629752366	1.13489343351e-05	0.000170234015026	4.53957373403e-05	2.26978686701e-05	0	2.26978686701e-05
0	0.00163424654425	0.000158885080691	0	0	0	0	0	0	0.00121433597385	0	0	0	0	0	0	0.02201693261	0	0	0	0	0.0030755612048	0.0148671039789	0.00560637356152	0.00796695190322	0.000669587125769	0	0.00271239530608	0.000351816964387	0	0	0	0	0	4.53957373403e-05	0	0	0	0	0	0	0	0	0	0.00214494858933	0	0	0	0	0	0	0.00864788796332	0	0	0	0	0.00214494858933	0.0112013981887	0.00359761218422	0.00272374424042	0	0	0.000612842454094	0.00354086751254	0	0	0	0	0	0	0.000987357287151	0.000181582949361	1.13489343351e-05	0.000124838277686	0.000102140409016	0	0	0	0	1.13489343351e-05	0	0	0	0
0.00165694441292	2.26978686701e-05	0.0102480877046	0	0	0	0.000419910570397	0.000147536146356	0.000442608439068	0	0.000192931883696	0	0.000397212701727	0	0.00160019974124	0.000136187212021	0	0.0347050411966	0	0.00214494858933	9.07914746805e-05	0.00169099121592	0	0.00772862428218	1.13489343351e-05	0	0.0178745715777	0.00305286333613	0.00111219556484	0.00128242957986	0.00249676555371	0	0	0	0.0080577433779	0	0.00177043375627	0	0	1.13489343351e-05	0	0	7.94425403455e-05	0	1.13489343351e-05	0	0	4.53957373403e-05	0	0.00256485915972	0	0	0.000397212701727	0.000158885080691	0.000544748848083	0	0	0	6.80936060104e-05	1.13489343351e-05	0	0.000567446716753	0.00179313162494	2.26978686701e-05	0.00296207186145	0	0	0	0	0.00332523776017	0.00164559547858	0.000295072292712	0.00727466690878	0.000839821140795	0	0	0	0.00139591892321	0.000714982863109	0.00401752275461	0.000646889257099	0	0	0
1.13489343351e-05	0	0	0	2.26978686701e-05	0	0.000635540322764	0	0.000226978686701	0	0.000374514833057	0.00474385455206	0.000612842454094	0	0.00107814876183	0.000102140409016	0	0	0.00713847969676	0.000442608439068	0.000340468030052	2.26978686701e-05	0	0	2.26978686701e-05	0	0.00333658669451	0	0.000124838277686	0.00416505890097	0	0	7.94425403455e-05	0	0.00525455659714	0	0	0	0	1.13489343351e-05	0	0	0	0	2.26978686701e-05	5.67446716753e-05	0	3.40468030052e-05	0	0	0	0	0	0	0	0	0	0	0	6.80936060104e-05	0	0	0	3.40468030052e-05	0	0	0	0	0	0	0	0	0.00123703384252	4.53957373403e-05	0	0	0	0	0	0	0	0	0	0
2.26978686701e-05	0	1.13489343351e-05	0	1.13489343351e-05	0	0.00599223732891	1.13489343351e-05	0.00213359965499	0	0.00118028917085	0.00727466690878	0.00633270535897	0	0.00169099121592	0.000976008352816	0	0.00214494858933	0.000442608439068	0.0166715845382	0.002167646458	0.000226978686701	0	6.80936060104e-05	9.07914746805e-05	0	0.0041764078353	2.26978686701e-05	0.000385863767392	0.00259890596273	6.80936060104e-05	0	0	0	0.0120525682638	0	0	0	0	4.53957373403e-05	0	0	0.000646889257099	0	0.000102140409016	0.00105545089316	0	0.00116894023651	0	1.13489343351e-05	0	0	0	0	3.40468030052e-05	3.40468030052e-05	0	0	0	0.00112354449917	0	0.000136187212021	1.13489343351e-05	0.000113489343351	1.13489343351e-05	0	0	0	0	1.13489343351e-05	0.00153210613523	0.000817123272125	0.00939691762943	0.000453957373403	1.13489343351e-05	0	0	0.000102140409016	4.53957373403e-05	1.13489343351e-05	1.13489343351e-05	0	0	0
0.000567446716753	0	1.13489343351e-05	0	0.0125973171119	2.26978686701e-05	0.0127562021926	0	0.00512971831945	0.00107814876183	0.0110311641737	0.00278048891209	0.0170574483056	9.07914746805e-05	0.00172503801893	0.0012937785142	0	9.07914746805e-05	0.000340468030052	0.002167646458	0.0292689016501	0	0	0	0.00196336563997	2.26978686701e-05	0.00131647638287	1.13489343351e-05	0.00323444628549	0.00285993145244	0	0	2.26978686701e-05	0	0.00734276051479	2.26978686701e-05	0	0	0	0.00347277390653	0	0	0.000998706221486	3.40468030052e-05	0.00249676555371	0.00601493519758	7.94425403455e-05	0.00291667612411	0	9.07914746805e-05	2.26978686701e-05	0	0	0	0	0.0015207572009	0	0	0	0.00500488004176	0	0	0	0.00101005515582	3.40468030052e-05	0	0	0	0	0.000113489343351	0.000760378600449	0.000306421227047	0.00571986290487	0.000215629752366	0.00138456998888	1.13489343351e-05	7.94425403455e-05	0	0	3.40468030052e-05	0	2.26978686701e-05	0	0
0.0056631182332	0	0.002201693261	0	0	0	0	0.00498218217309	0.00435799078467	1.13489343351e-05	0	0	0	0	0.00280318678076	1.13489343351e-05	0.0030755612048	0.00169099121592	2.26978686701e-05	0.000226978686701	0	0.0464738861021	0.002201693261	0.0250924938148	0.000737680731779	0	0.00142996572622	0.00091926368114	0.0114056790067	0.000170234015026	0.0120866150668	0	0	0.000261025489707	0.0059241437229	0	1.13489343351e-05	0	0	0	0	0	0	0	0.000113489343351	0	0	0	0	0	0	0.00091926368114	0	0	0.000124838277686	0	0.00209955285199	0.0030415144018	0.000817123272125	0.000590144585423	0	1.13489343351e-05	4.53957373403e-05	0.00217899539233	0	0	0	0	0	1.13489343351e-05	0.00499353110743	0.000465306307738	0.00668452232335	0.00296207186145	0.00101005515582	0.000215629752366	0	0	0	2.26978686701e-05	0.000136187212021	1.13489343351e-05	0	0
0	0.00458496947137	0.00441473545634	0	0	0	0	0	0	0.00770592641351	0	0	0	0	0	0	0.0148671039789	0	0	0	0	0.002201693261	0.0384842363302	0.00852304968563	0.0125973171119	0.000726331797444	0	0.0125405724402	0.000476655242073	0	0	0	0	0	0	0	4.53957373403e-05	0	0	0	0	0	0	0	0.00261025489707	0	0	0	0	0	0	0.0124724788342	0	0	0	0	0.00209955285199	0.0213700433529	0.00385863767392	0.00351816964387	0	0	0.0101572962299	0.00355221644688	0	0	0	0	0	0	0	0	0	0	0	0	0	0	0	0	0	0	0	0
0.0106112536033	0	0.0169439589623	0	0	0	0	0.00509567151644	0.00770592641351	2.26978686701e-05	0	0	0	0	0.00585605011689	0	0.00560637356152	0.00772862428218	0	6.80936060104e-05	0	0.0250924938148	0.00852304968563	0.0863086456182	0.000533399913748	0	0.00265565063441	0.012903738339	0.00497083323876	0.00104410195883	0.00545883741517	0	0	3.40468030052e-05	0.00255351022539	0	1.13489343351e-05	0	0	0	0	0	0	0	0.000113489343351	0	0	0	0	0	0	0.0195996095967	0	3.40468030052e-05	0.000397212701727	0	0.0028145357151	0.0215516263023	0.0085457475543	0.00160019974124	0	0.000102140409016	0.0109857684363	0.00295072292712	0	0	0	0	0	1.13489343351e-05	0.0145152870145	0.000658238191434	0.00600358626325	0.00238327621036	0.00108949769617	0.000136187212021	0	0.000680936060104	5.67446716753e-05	3.40468030052e-05	0.00082847220646	0	0	0
0	0.00365435685589	0.000181582949361	0	0.00604898200059	0.00131647638287	0.00186122523095	0.000953310484146	0.00118028917085	0.0208366434392	0.00167964228159	0.000113489343351	0.00261025489707	2.26978686701e-05	0	0.00282588464943	0.00796695190322	1.13489343351e-05	2.26978686701e-05	9.07914746805e-05	0.00196336563997	0.000737680731779	0.0125973171119	0.000533399913748	0.0479038518283	0.000680936060104	0.000374514833057	0.00153210613523	0.0193612819756	0.000102140409016	0	0	0	4.53957373403e-05	0.000726331797444	2.26978686701e-05	0	0	0	0.00146401252922	0.000102140409016	0	0.000181582949361	0	0.0173525205983	0.00153210613523	1.13489343351e-05	0.000885216878135	0	3.40468030052e-05	0.000124838277686	0	2.26978686701e-05	0	0	0.000714982863109	0.000465306307738	0.00161154867558	4.53957373403e-05	0.0171822865833	0	0	0	0.00955580271013	3.40468030052e-05	0	0	0	0	3.40468030052e-05	0.0023946251447	9.07914746805e-05	0.00104410195883	0.000522050979413	0.00389268447693	0	0	0.000556097782418	2.26978686701e-05	5.67446716753e-05	0	5.67446716753e-05	0	0
0	0.00169099121592	0	0	0	0	0.000158885080691	0	0.000192931883696	4.53957373403e-05	5.67446716753e-05	0.00500488004176	0.000192931883696	0.0145606827519	6.80936060104e-05	2.26978686701e-05	0.000669587125769	0	0	0	2.26978686701e-05	0	0.000726331797444	0	0.000680936060104	0.0205869668838	0.00497083323876	0.00540209274349	0	0.000578795651088	0	0.0024286719477	0.000385863767392	0	0.0017477358876	2.26978686701e-05	0.00195201670563	0	0	0	0	0	3.40468030052e-05	0.000453957373403	0	4.53957373403e-05	0.00889756451869	1.13489343351e-05	0.0078307646912	4.53957373403e-05	0	0	0	0	0	0	0	0	0	4.53957373403e-05	0.00444878225935	0.00265565063441	0.002167646458	0	2.26978686701e-05	0	2.26978686701e-05	0	0	0.00154345506957	9.07914746805e-05	0.000817123272125	0.00094196154981	0	0	0	0.000703633928774	0	0.00377919513358	0.000158885080691	0	0	0	0.000726331797444
9.07914746805e-05	0.00289397825544	0.0121547086729	0	0.000170234015026	0	0.00355221644688	0.000272374424042	0.00149805933223	4.53957373403e-05	0.0010667998275	0.00690015207572	0.0034614249722	0.00916993894273	0.000601493519758	0.000987357287151	0	0.0178745715777	0.00333658669451	0.0041764078353	0.00131647638287	0.00142996572622	0	0.00265565063441	0.000374514833057	0.00497083323876	0.0909957554986	0.0254783575822	0.00205415711465	0.00494813537009	0.000147536146356	0.00480059922373	0.000204280818031	0.000124838277686	0.0110879088454	0.000261025489707	0.00529995233448	0	0	7.94425403455e-05	0	0	0.000397212701727	0	0.000158885080691	0.000567446716753	0.00587874798556	0.000204280818031	0.00473250561772	0.00280318678076	0	0	0.000408561636062	0.00141861679188	0.00177043375627	4.53957373403e-05	0	0	9.07914746805e-05	0.000930612615475	0.00257620809406	0.0150259890596	0.00862519009465	0.000204280818031	0.00309825907347	0	0.000646889257099	0	0	0.0034954717752	0.00811448804957	0.00594684159157	0.0128583426016	0.00196336563997	3.40468030052e-05	0	0	0.00170234015026	0.00229248473568	0.00425585037565	0.000964659418481	0	0	0
0	0.0271920466668	0.0309712418004	0	4.53957373403e-05	0	1.13489343351e-05	1.13489343351e-05	0	7.94425403455e-05	1.13489343351e-05	0	0	0.00398347595161	0	0	0.00271239530608	0.00305286333613	0	2.26978686701e-05	1.13489343351e-05	0.00091926368114	0.0125405724402	0.012903738339	0.00153210613523	0.00540209274349	0.0254783575822	0.110572667227	0.000374514833057	1.13489343351e-05	0	0.000306421227047	0	0	3.40468030052e-05	0	0.0375195769117	0	0	0	0	0	0	0	3.40468030052e-05	0	0.000226978686701	0	0.00112354449917	0.000181582949361	0	0.0132328574347	0.000204280818031	0.00080577433779	0.000771727534784	0	9.07914746805e-05	0.0247179789818	0.00688880314139	0.000113489343351	0.00180448055928	0.0109857684363	0.0659032616837	9.07914746805e-05	0.000249676555371	0	4.53957373403e-05	0	0	0.000544748848083	0.00599223732891	0.00085117007513	0.00125973171119	0.000306421227047	0.000158885080691	0	0	0.00080577433779	0.000192931883696	0.000556097782418	0.000374514833057	0	0	0
0.00267834850308	0	0.00091926368114	0	0.0118936831831	0.000726331797444	0.00857979435731	0.0208366434392	0.00687745420705	0.0114510747441	0.0080577433779	0.000192931883696	0.000987357287151	0.000124838277686	0.00443743332501	0.00166829334725	0.000351816964387	0.00111219556484	0.000124838277686	0.000385863767392	0.00323444628549	0.0114056790067	0.000476655242073	0.00497083323876	0.0193612819756	0	0.00205415711465	0.000374514833057	0.0960460312777	0.0199627754954	0.00633270535897	0	9.07914746805e-05	0.00918128787707	0.0124951767029	2.26978686701e-05	0	0	0	0.00316635267948	0	0	0.000181582949361	0	0.0185782055065	0.00539074380916	1.13489343351e-05	0.000522050979413	0	6.80936060104e-05	2.26978686701e-05	0	5.67446716753e-05	0	0	0.000510702045078	0	0	1.13489343351e-05	0.0195882606623	0	0	3.40468030052e-05	0.010906325896	6.80936060104e-05	0	0	0	0	0.000158885080691	0.00882947091268	0.000578795651088	0.0143450529995	0.00633270535897	0.00313230587648	0.000295072292712	6.80936060104e-05	0.00250811448805	0.000158885080691	0.000158885080691	0	2.26978686701e-05	0	0
0.00856844542297	0	0.000136187212021	0	0.00105545089316	0	0.00722927117144	0.006536986177	0.00696824568173	0	0.00335928456318	0.0121093129355	0.00560637356152	0.000862519009465	0.0125746192433	0.000340468030052	0	0.00128242957986	0.00416505890097	0.00259890596273	0.00285993145244	0.000170234015026	0	0.00104410195883	0.000102140409016	0.000578795651088	0.00494813537009	1.13489343351e-05	0.0199627754954	0.0568468120843	0.00894296025603	0	0.00379054406791	0.00855709648864	0.0242413237397	7.94425403455e-05	0	0	0	1.13489343351e-05	0	0	7.94425403455e-05	0.000158885080691	0	0.000147536146356	0.000431259504733	0.000158885080691	0.000158885080691	4.53957373403e-05	0	0	0	0	0	2.26978686701e-05	0	0	0	0.000249676555371	1.13489343351e-05	0	0	0	3.40468030052e-05	0	0	0	0	0.000419910570397	0.00141861679188	0.000737680731779	0.0113262364664	0.00139591892321	0.000839821140795	0.0017477358876	0.000295072292712	0.000136187212021	0.000340468030052	7.94425403455e-05	0	0	0	0.000136187212021
0.0114056790067	0	0.000351816964387	0	0	0	0	0.0104977642599	0.00238327621036	0	0	0	0	0	0.00626461175296	0	0	0.00249676555371	0	6.80936060104e-05	0	0.0120866150668	0	0.00545883741517	0	0	0.000147536146356	0	0.00633270535897	0.00894296025603	0.038983589441	0	0	0.000408561636062	0.00396077808294	0	0	0	0	0	0	0	0	0	0	0	0	0	0	0	0	0	0	0	0	0	0	0	0	0	0	0	0	0	0	0	0	0	0	0	0	0	0.00199741244297	3.40468030052e-05	0	0	0	0	0	0	0	0	0	0
0	0	0	0	0	0	0	0	0	0	0	0.00089656581247	0	0.00418775676964	0	0	0	0	0	0	0	0	0	0	0	0.0024286719477	0.00480059922373	0.000306421227047	0	0	0	0.00488004176408	0	0	0	0	0	0	0	0	0	0	0	0	0	0	0.00205415711465	0	0.00268969743741	0	0	0	0	0	0	0	0	0	0	0	0.00124838277686	0.000215629752366	0	0	0	0	0.000147536146356	0	0	0	0	0	0	0	0	0	0	0	0.000102140409016	0	0	0	0	0
0	0	0	0	3.40468030052e-05	0.00203145924598	0.000102140409016	0	0.000601493519758	3.40468030052e-05	0	0.000624191388429	2.26978686701e-05	0.000295072292712	0.000419910570397	0.000136187212021	0	0	7.94425403455e-05	0	2.26978686701e-05	0	0	0	0	0.000385863767392	0.000204280818031	0	9.07914746805e-05	0.00379054406791	0	0	0.00682070953537	0	0.00523185872847	0	0	0	0	1.13489343351e-05	0	0	0	0.000147536146356	1.13489343351e-05	1.13489343351e-05	0.000306421227047	1.13489343351e-05	7.94425403455e-05	0	0	0	0	0	0	1.13489343351e-05	0	0	0	1.13489343351e-05	1.13489343351e-05	0	0	1.13489343351e-05	0	0	0	0	0	0.000295072292712	0.00107814876183	0.000351816964387	0.000885216878135	0.000601493519758	0.00113489343351	0.00341602923485	0.000113489343351	1.13489343351e-05	0.000226978686701	1.13489343351e-05	0	0	0	9.07914746805e-05
6.80936060104e-05	0	0	0	0	0	0.000351816964387	0.00272374424042	0.000351816964387	0	0.000215629752366	3.40468030052e-05	0	0	0.000113489343351	9.07914746805e-05	0	0	0	0	0	0.000261025489707	0	3.40468030052e-05	4.53957373403e-05	0	0.000124838277686	0	0.00918128787707	0.00855709648864	0.000408561636062	0	0	0.0105545089316	0.00316635267948	0	0	0	0	0	0	0	0	0	2.26978686701e-05	0	0	0	0	0	0	0	0	0	0	0	0	0	0	3.40468030052e-05	0	0	0	0	0	0	0	0	0	0	7.94425403455e-05	0.000102140409016	0.00280318678076	0.000226978686701	3.40468030052e-05	0	0	6.80936060104e-05	0	0	0	0	0	0
0.000658238191434	0	0.00111219556484	0	0.00114624236784	0.00103275302449	0.0164559547858	0.00266699956874	0.00843225821095	5.67446716753e-05	0.00573121183921	0.0213473454843	0.0156955761854	0.0019406677713	0.00463036520871	0.00256485915972	4.53957373403e-05	0.0080577433779	0.00525455659714	0.0120525682638	0.00734276051479	0.0059241437229	0	0.00255351022539	0.000726331797444	0.0017477358876	0.0110879088454	3.40468030052e-05	0.0124951767029	0.0242413237397	0.00396077808294	0	0.00523185872847	0.00316635267948	0.0686043080555	0.000646889257099	0	0	0	0.000226978686701	0	0	0.00161154867558	0.000317770161382	0.000590144585423	0.0028145357151	0.00104410195883	0.00158885080691	0.000306421227047	0.000624191388429	0	0	0	0.000192931883696	0	0.000113489343351	0	0	0	0.00360896111855	0.000136187212021	0	1.13489343351e-05	0.000590144585423	0.000317770161382	0	0	0	0	0.0010667998275	0.00345007603786	0.0019406677713	0.0392673127993	0.0052091608598	0.00170234015026	0.00314365481081	0.000612842454094	0.000749029666114	0.000624191388429	0.000272374424042	1.13489343351e-05	0	0	0.000340468030052
0	0	0	0	0	0	0.000646889257099	0	0.000136187212021	0	2.26978686701e-05	0.000113489343351	0.000601493519758	0	0	0.000295072292712	0	0	0	0	2.26978686701e-05	0	0	0	2.26978686701e-05	2.26978686701e-05	0.000261025489707	0	2.26978686701e-05	7.94425403455e-05	0	0	0	0	0.000646889257099	0.0481081326463	0	0.00247406768504	0	0	0	0.00219034432667	0.0231745239122	0.00596953946024	2.26978686701e-05	0.00888621558436	0.00135052318587	0.000340468030052	0	0.028485825181	0	0	0.00154345506957	0.0015207572009	0.000453957373403	0.00141861679188	0.00402887168895	0	0.0138797466918	0.00363165898722	0	0.000136187212021	2.26978686701e-05	0.00924938148308	0.0115532151531	0.0137095126768	0	0	0.00226978686701	0.00461901627437	0	6.80936060104e-05	0.000533399913748	0	0	0	1.13489343351e-05	0.000646889257099	1.13489343351e-05	0.00246271875071	7.94425403455e-05	0	0	1.13489343351e-05
0	0.0234015025989	0.00927207935175	0	0	0	0	0	0	0	0	0	0	5.67446716753e-05	0	0	0	0.00177043375627	0	0	0	1.13489343351e-05	4.53957373403e-05	1.13489343351e-05	0	0.00195201670563	0.00529995233448	0.0375195769117	0	0	0	0	0	0	0	0	0.0512290895885	0	0	0	0	0	1.13489343351e-05	0	0.00352951857821	0	0	0	0.000510702045078	0.000703633928774	0	0.000465306307738	0.000374514833057	0	0.000340468030052	0	0.000170234015026	0.00770592641351	2.26978686701e-05	0.00451687586536	0.00231518260435	0.00443743332501	0.0465079329051	0.000192931883696	0.00091926368114	0	0	0	0	0.00111219556484	0.000113489343351	0.000317770161382	4.53957373403e-05	1.13489343351e-05	0	0	0	0	0	0.00116894023651	0.000102140409016	0	0	0
0	0	0	0	0	0	0	0	0	0	0	0	0	0	0	0	0	0	0	0	0	0	0	0	0	0	0	0	0	0	0	0	0	0	0	0.00247406768504	0	0.0257280341376	0	0	0	0	0.00438068865334	2.26978686701e-05	0	0.000170234015026	0	0	0	0.00393808021427	0	0	0.0136300701364	0	1.13489343351e-05	0	0.000136187212021	0	0.0122908958849	0	0	0.00352951857821	0.008704632635	0.0028485825181	1.13489343351e-05	0.00247406768504	0	0	0	1.13489343351e-05	0	0	0	0	0	0	0	0	0	1.13489343351e-05	0	0	0	0
0	0	0	0	0	0	0	0	0	0	0	0	0	0	0	0	0	0	0	0	0	0	0	0	0	0	0	0	0	0	0	0	0	0	0	0	0	0	0	0	0	0	0	0	0	0	0	0	0	0	0	0	0	0	0	0	0	0	0	0	0	0	0	0	0	0	0	0	0	0	0	0	0	0	0	0	0	0	0	0	0	0	0	0
0	0	0	0	0.00616247134394	5.67446716753e-05	0.000306421227047	0	0.000170234015026	0.00246271875071	2.26978686701e-05	9.07914746805e-05	0.00219034432667	0	0	0.000204280818031	0	1.13489343351e-05	1.13489343351e-05	4.53957373403e-05	0.00347277390653	0	0	0	0.00146401252922	0	7.94425403455e-05	0	0.00316635267948	1.13489343351e-05	0	0	1.13489343351e-05	0	0.000226978686701	0	0	0	0	0.0136981637424	2.26978686701e-05	0.000465306307738	0.000158885080691	0.000238327621036	0.00430124611299	0.0058900969199	4.53957373403e-05	0.00207685498332	0	0.000136187212021	0.000476655242073	0	0	0	0	0.00511836938511	0	0	0	0.00771727534784	0	0	0	0.00642349683365	0.000113489343351	0	0	0	0	0.000329119095717	6.80936060104e-05	4.53957373403e-05	0.000204280818031	3.40468030052e-05	0.000624191388429	1.13489343351e-05	0	0.000295072292712	1.13489343351e-05	0.000295072292712	0	0.000170234015026	0	0
0	0	0	0	0	0	0	0	0	4.53957373403e-05	0	0	0	0	0	0	0	0	0	0	0	0	0	0	0.000102140409016	0	0	0	0	0	0	0	0	0	0	0	0	0	0	2.26978686701e-05	0.00494813537009	0.0011008466305	0	0	0.00308691013914	0	0	1.13489343351e-05	0	0	0.00413101209796	0	0	0	0	0	0	0	0	0.00283723358377	0	0	0	0.00222439112967	0	0	0	6.80936060104e-05	0	3.40468030052e-05	0	0	0	0	0	0	0	7.94425403455e-05	0	0	0	0.00270104637175	0.000215629752366	0
0	0	0	0	0	0	0	0	0	0	0	0	0	0	0	0	0	0	0	0	0	0	0	0	0	0	0	0	0	0	0	0	0	0	0	0.00219034432667	0	0	0	0.000465306307738	0.0011008466305	0.0275892593685	0.00408561636062	0.017545452482	1.13489343351e-05	0.0095785005788	0	0.00350682070954	0	0.00186122523095	0.00356356538121	0	0	0	0	0.00209955285199	0	0	0	0.000499353110743	0	0	0	0.000261025489707	0	0	0	0.000442608439068	0	0.000567446716753	0	0	0	0	0	0	0	0.00337063349751	0	0.00229248473568	0.000510702045078	0.00251946342238	0.00137322105454	2.26978686701e-05
0	0	0	0	0.000192931883696	0	0.00231518260435	0	2.26978686701e-05	0	0.000465306307738	0.000590144585423	0.00230383367002	0	0	0.000431259504733	0	7.94425403455e-05	0	0.000646889257099	0.000998706221486	0	0	0	0.000181582949361	3.40468030052e-05	0.000397212701727	0	0.000181582949361	7.94425403455e-05	0	0	0	0	0.00161154867558	0.0231745239122	1.13489343351e-05	0.00438068865334	0	0.000158885080691	0	0.00408561636062	0.0820868420455	0.00944231336677	0.000476655242073	0.0197925414804	0.000998706221486	0.000124838277686	0	0.0250584470118	0.000306421227047	0	0.00283723358377	0.00153210613523	0.000556097782418	0.000136187212021	0.00430124611299	0	0.0167964228159	0.0071838754341	0	0.000226978686701	0.000295072292712	0.028451778378	0.00609437773793	0.0211090178632	0	0	0.00146401252922	0.00670722019202	3.40468030052e-05	7.94425403455e-05	0.00144131466055	0	0	0	2.26978686701e-05	0.0030755612048	5.67446716753e-05	0.00410831422929	0.000976008352816	1.13489343351e-05	0.000170234015026	1.13489343351e-05
0	0	0	0	0	0	5.67446716753e-05	0	1.13489343351e-05	0	0	0.000261025489707	4.53957373403e-05	0.000181582949361	1.13489343351e-05	0	0	0	0	0	3.40468030052e-05	0	0	0	0	0.000453957373403	0	0	0	0.000158885080691	0	0	0.000147536146356	0	0.000317770161382	0.00596953946024	0	2.26978686701e-05	0	0.000238327621036	0	0.017545452482	0.00944231336677	0.035056858161	2.26978686701e-05	0.0143337040652	0.00221304219534	0.0019747145743	0.000192931883696	0.0094196154981	0.00181582949361	0	1.13489343351e-05	0.000283723358377	0.000261025489707	0.0030415144018	0.000158885080691	0	0.000215629752366	0.000317770161382	0	0	0	0.000317770161382	0.000363165898722	0.000124838277686	0	0.000737680731779	0	0.00316635267948	0	0.000204280818031	0.000102140409016	0	0	0	9.07914746805e-05	0.00256485915972	0.000624191388429	0.00146401252922	0.00080577433779	0.00150940826656	0.000794425403455	0.000385863767392
0	0	1.13489343351e-05	0	0.00813718591824	7.94425403455e-05	0.00102140409016	0	9.07914746805e-05	0.015309712418	0.000510702045078	0.000181582949361	0.00163424654425	0	0	0.000544748848083	0.00214494858933	1.13489343351e-05	2.26978686701e-05	0.000102140409016	0.00249676555371	0.000113489343351	0.00261025489707	0.000113489343351	0.0173525205983	0	0.000158885080691	3.40468030052e-05	0.0185782055065	0	0	0	1.13489343351e-05	2.26978686701e-05	0.000590144585423	2.26978686701e-05	0.00352951857821	0	0	0.00430124611299	0.00308691013914	1.13489343351e-05	0.000476655242073	2.26978686701e-05	0.0435004653063	0.00397212701727	6.80936060104e-05	0.00306421227047	1.13489343351e-05	9.07914746805e-05	0.00620786708128	0	0	1.13489343351e-05	0	0.00154345506957	0.000124838277686	0.00651428830833	0	0.0372131556847	0.000306421227047	0	0.00213359965499	0.0180448055928	3.40468030052e-05	0	0	0	0	9.07914746805e-05	0.000283723358377	0	0.000431259504733	2.26978686701e-05	0.00085117007513	1.13489343351e-05	0	0.00130512744853	6.80936060104e-05	3.40468030052e-05	0	0.00305286333613	0	0
0	0	0	0	0.00714982863109	5.67446716753e-05	0.0041764078353	0	6.80936060104e-05	0.00119163810518	0.00115759130218	0.00141861679188	0.00458496947137	0	0	0.00107814876183	0	0	5.67446716753e-05	0.00105545089316	0.00601493519758	0	0	0	0.00153210613523	4.53957373403e-05	0.000567446716753	0	0.00539074380916	0.000147536146356	0	0	1.13489343351e-05	0	0.0028145357151	0.00888621558436	0	0.000170234015026	0	0.0058900969199	0	0.0095785005788	0.0197925414804	0.0143337040652	0.00397212701727	0.0485847878884	0.00136187212021	0.00358626324988	0	0.00680936060104	0.000737680731779	0	0.000238327621036	0.00131647638287	0.000397212701727	0.0054701863495	0.000124838277686	0	0.000749029666114	0.0123022448192	0	0.000136187212021	0.000113489343351	0.00544748848083	0.00085117007513	0.000238327621036	0	0	9.07914746805e-05	0.00447148012802	4.53957373403e-05	0.000113489343351	0.00265565063441	2.26978686701e-05	0.000499353110743	1.13489343351e-05	2.26978686701e-05	0.00246271875071	5.67446716753e-05	0.00425585037565	0.00131647638287	2.26978686701e-05	7.94425403455e-05	2.26978686701e-05
0	0	0	0	0	0	0.000295072292712	0	0.000181582949361	0	2.26978686701e-05	0.00712713076242	0.000397212701727	0.0110538620424	4.53957373403e-05	2.26978686701e-05	0	0	0	0	7.94425403455e-05	0	0	0	1.13489343351e-05	0.00889756451869	0.00587874798556	0.000226978686701	1.13489343351e-05	0.000431259504733	0	0.00205415711465	0.000306421227047	0	0.00104410195883	0.00135052318587	0	0	0	4.53957373403e-05	0	0	0.000998706221486	0.00221304219534	6.80936060104e-05	0.00136187212021	0.0352157432417	0.000340468030052	0.00869328370066	0.00440338652201	0	0	0	0.00627596068729	0.00188392309962	0.000476655242073	0	0	0	0.000431259504733	0.00209955285199	0.00188392309962	0	0.000351816964387	0.00211090178632	0	0.000714982863109	0.000283723358377	0	0.0107133940123	0	0.000453957373403	0.000556097782418	0	0	0	0.000261025489707	0.000147536146356	0.00687745420705	0.00483464602674	2.26978686701e-05	0	0	0.00146401252922
2.26978686701e-05	0	0	0	0.000817123272125	7.94425403455e-05	0.00231518260435	0	0.000442608439068	0.00137322105454	0.000351816964387	0.000726331797444	0.00376784619924	1.13489343351e-05	0.000113489343351	0.000192931883696	0	4.53957373403e-05	3.40468030052e-05	0.00116894023651	0.00291667612411	0	0	0	0.000885216878135	1.13489343351e-05	0.000204280818031	0	0.000522050979413	0.000158885080691	0	0	1.13489343351e-05	0	0.00158885080691	0.000340468030052	0	0	0	0.00207685498332	1.13489343351e-05	0.00350682070954	0.000124838277686	0.0019747145743	0.00306421227047	0.00358626324988	0.000340468030052	0.0179199673151	0	0.00127108064553	0.00289397825544	0	0	7.94425403455e-05	0	0.00897700705904	0	0	0	0.00225843793268	0	0	0	0.00107814876183	0.000522050979413	0	0	0	0	0.00177043375627	1.13489343351e-05	4.53957373403e-05	0.00137322105454	0	0.000669587125769	1.13489343351e-05	2.26978686701e-05	0.0010667998275	2.26978686701e-05	0.00147536146356	0.000192931883696	0.000419910570397	1.13489343351e-05	1.13489343351e-05
0	0	0	0	0	0	0	0	0	0	0	0.0028145357151	0	0.00838686247361	0	0	0	0	0	0	0	0	0	0	0	0.0078307646912	0.00473250561772	0.00112354449917	0	0.000158885080691	0	0.00268969743741	7.94425403455e-05	0	0.000306421227047	0	0.000510702045078	0	0	0	0	0	0	0.000192931883696	1.13489343351e-05	0	0.00869328370066	0	0.015071384797	1.13489343351e-05	0	0	0	0	0	0	0	1.13489343351e-05	0	1.13489343351e-05	0.006536986177	0.00225843793268	0.00192931883696	0	0	0	0.000238327621036	0	0	0.00122568490819	0	0	0	0	0	0	0	0	0.0012937785142	6.80936060104e-05	0	0	0	0.000113489343351
0	0	0.000340468030052	0	3.40468030052e-05	0	0.000612842454094	0	0.000147536146356	0	1.13489343351e-05	0.000181582949361	0.000726331797444	6.80936060104e-05	0	0.000181582949361	0	0.00256485915972	0	1.13489343351e-05	9.07914746805e-05	0	0	0	3.40468030052e-05	4.53957373403e-05	0.00280318678076	0.000181582949361	6.80936060104e-05	4.53957373403e-05	0	0	0	0	0.000624191388429	0.028485825181	0.000703633928774	0.00393808021427	0	0.000136187212021	0	0.00186122523095	0.0250584470118	0.0094196154981	9.07914746805e-05	0.00680936060104	0.00440338652201	0.00127108064553	1.13489343351e-05	0.0616474113081	0	0	0.00211090178632	0.00373379939624	0.00648024150532	0.00225843793268	0.00382459087092	0	0.0147536146356	0.000499353110743	0	0.00335928456318	0.000885216878135	0.00626461175296	0.017170937649	0.0146741720952	0	0.000408561636062	0	0.0153324102867	0.000340468030052	0.000215629752366	0.000476655242073	0	0	0	5.67446716753e-05	0.000385863767392	0.000158885080691	0.010974419502	0.000238327621036	0	3.40468030052e-05	9.07914746805e-05
0	0	0	0	2.26978686701e-05	0	0	0	0	0.000113489343351	0	0	2.26978686701e-05	0	0	0	0	0	0	0	2.26978686701e-05	0	0	0	0.000124838277686	0	0	0	2.26978686701e-05	0	0	0	0	0	0	0	0	0	0	0.000476655242073	0.00413101209796	0.00356356538121	0.000306421227047	0.00181582949361	0.00620786708128	0.000737680731779	0	0.00289397825544	0	0	0.0122568490819	0	0	0	0	0.000612842454094	0	0	0	0.00516376512246	0	0	0	0.00313230587648	0	0	0	0	0	0	0	0	0	0	2.26978686701e-05	0	0	0.000147536146356	0	6.80936060104e-05	0	0.00510702045078	0	0
0	0	0.00279183784643	0	0	0	0	0	0	1.13489343351e-05	0	0	0	0	0	0	0.00864788796332	0	0	0	0	0.00091926368114	0.0124724788342	0.0195996095967	0	0	0	0.0132328574347	0	0	0	0	0	0	0	0	0.000465306307738	0	0	0	0	0	0	0	0	0	0	0	0	0	0	0.0409015593436	0	0	0	0	0.00103275302449	0.0318905054815	0.0137662573484	0.00300746759879	0	0	0.0142656104592	0.00149805933223	0	0	0	0	0	0	0	0	0	0	0	0	0	0.00453957373403	0.00180448055928	0	0	0	0	0
