0.0215459395014	4.27984042309e-05	0.00113721474099	0	0.000345444262721	8.55968084619e-05	0.00118001314522	0.00885009858918	0.00401693593996	0.000635862005717	0.00101799061492	0.000180364703545	0.000865139171239	1.22281154946e-05	0.0134386989285	5.80835485991e-05	7.94827507146e-05	0.000620576861348	2.44562309891e-05	7.33686929673e-05	0.00123809669382	0.00114332879874	0.000226220136649	0.00188618681503	0.00116472800086	0	0.000583892514865	0.000388242666952	0.00359812298427	0.00830900447855	0.00818978035248	9.17108662091e-06	0.000113110068325	0.00132063647341	0.0020298671721	8.25397795882e-05	1.83421732418e-05	1.52851443682e-05	0	0.000299588829616	0	9.78249239564e-05	0.000165079559176	0.000119224126072	0.000953793008575	0.000177307674671	9.17108662091e-06	0.000308759916237	0	0.000122281154946	1.22281154946e-05	4.89124619782e-05	9.17108662091e-06	3.05702887364e-06	9.17108662091e-06	0.00026901854088	3.05702887364e-05	0.000103938981704	5.19694908518e-05	0.00108524525014	0	2.44562309891e-05	3.362731761e-05	0.000345444262721	4.27984042309e-05	7.64257218409e-05	0	3.05702887364e-06	3.05702887364e-06	4.27984042309e-05	0.0006725463522	0.000140623328187	0.00124421075157	0.000357672378216	0.00013450927044	1.83421732418e-05	0	9.47678950828e-05	4.58554331046e-05	5.80835485991e-05	1.52851443682e-05	9.47678950828e-05	1.22281154946e-05	0
4.27984042309e-05	0.0210507008239	0.00385491340966	0	3.05702887364e-06	3.05702887364e-06	1.22281154946e-05	0.000131452241566	1.83421732418e-05	0.00104550387478	3.05702887364e-06	0.000103938981704	9.17108662091e-06	0.000256790425386	3.05702887364e-05	4.58554331046e-05	0.000684774467695	0.00188312978616	7.33686929673e-05	0.000284303685248	3.05702887364e-06	0.000400470782447	0.00567690261835	0.00120141234734	0.000660318236706	0.00149488711921	0.00389159775614	0.0131421671278	0.000421869984562	0.000131452241566	0.000388242666952	3.362731761e-05	0	7.03116640937e-05	0.000755086131789	1.22281154946e-05	0.00409947571955	0.00190452898828	0	1.22281154946e-05	0	1.83421732418e-05	1.83421732418e-05	1.52851443682e-05	5.50265197255e-05	1.52851443682e-05	0.000253733396512	1.83421732418e-05	0.000128395212693	1.52851443682e-05	0	0.000125338183819	0.000923222719839	0.000125338183819	0.000583892514865	6.11405774728e-06	0.000116167097198	0.000684774467695	0.000993534383932	6.41976063464e-05	0.000314873973985	0.00222551702001	0.00545985356832	5.50265197255e-05	4.58554331046e-05	2.44562309891e-05	6.11405774728e-06	3.05702887364e-06	6.11405774728e-06	0.000516637879645	0.000785656420525	0.000534980052887	0.000516637879645	0.000174250645797	0.000103938981704	3.05702887364e-06	9.17108662091e-06	0.000330159118353	0.00111887256775	0.000501352735277	7.03116640937e-05	1.52851443682e-05	3.05702887364e-06	6.11405774728e-06
0.00113721474099	0.00385491340966	0.0494229858001	0	1.22281154946e-05	0	4.58554331046e-05	0.00182504623756	0.000158965501429	0.000189535790166	2.44562309891e-05	0.000125338183819	1.83421732418e-05	5.19694908518e-05	0.000687831496568	9.17108662091e-06	0.000287360714122	0.0174067224065	0.000128395212693	0.000559436283876	3.66843464837e-05	0.00756614646225	0.00158354095654	0.021386974	0.000241505281017	3.362731761e-05	0.0139889641258	0.0219647524571	0.00159576907204	0.00158354095654	0.00831511853629	2.75132598627e-05	6.11405774728e-06	0.000513580850771	0.00270852758204	3.362731761e-05	0.00138177705088	0.00198706876786	0	1.83421732418e-05	0	1.22281154946e-05	9.78249239564e-05	2.13992021155e-05	0.000140623328187	2.44562309891e-05	9.47678950828e-05	3.05702887364e-05	2.44562309891e-05	2.75132598627e-05	0	0.000467725417667	0.00115861394311	4.58554331046e-05	0.000721458814178	1.52851443682e-05	0.000247619338765	0.00105161793253	0.00156825581218	0.000220106078902	6.725463522e-05	0.00237531143482	0.00406279137306	0.000223163107776	6.11405774728e-05	0.000122281154946	0	3.05702887364e-06	6.11405774728e-06	0.000663375265579	0.00358589486878	0.00137872002201	0.00281552359262	0.00110358742338	0.000149794414808	1.83421732418e-05	3.05702887364e-06	0.000525808966266	0.00242422389679	0.000580835485991	0.000116167097198	3.362731761e-05	2.13992021155e-05	6.11405774728e-06
0	0	0	0	0	0	0	0	0	0	0	0	0	0	0	0	0	0	0	0	0	0	0	0	0	0	0	0	0	0	0	0	0	0	0	0	0	0	0	0	0	0	0	0	0	0	0	0	0	0	0	0	0	0	0	0	0	0	0	0	0	0	0	0	0	0	0	0	0	0	0	0	0	0	0	0	0	0	0	0	0	0	0	0
0.000345444262721	3.05702887364e-06	1.22281154946e-05	0	0.0179050181129	3.66843464837e-05	0.00144291762836	0.0021338061538	0.000709230698684	0.000697002583189	0.00179447594883	5.80835485991e-05	0.00323739357718	6.11405774728e-06	0.000883481344481	0.000275132598627	6.11405774728e-06	3.05702887364e-06	6.11405774728e-06	1.52851443682e-05	0.00416061629702	4.27984042309e-05	1.52851443682e-05	4.27984042309e-05	0.00822646469896	3.05702887364e-06	3.05702887364e-05	1.83421732418e-05	0.00607125934304	0.00175779160234	0.000357672378216	0	3.66843464837e-05	0.000837625911377	0.00102716170154	6.725463522e-05	3.05702887364e-06	0	0	0.00158354095654	9.17108662091e-06	0.000232334194396	0.000128395212693	0.000149794414808	0.00133592161778	0.00303562967152	1.52851443682e-05	0.000889595402229	0	0.000140623328187	1.83421732418e-05	9.17108662091e-06	0	0	3.05702887364e-06	0.00426455527872	6.11405774728e-06	1.22281154946e-05	6.11405774728e-06	0.0016813658805	6.11405774728e-06	3.05702887364e-06	9.17108662091e-06	0.000556379255002	8.25397795882e-05	0	0	3.05702887364e-06	0	7.03116640937e-05	0.000293474771869	4.58554331046e-05	0.000632804976843	0.000137566299314	0.000360729407089	6.11405774728e-06	0	9.47678950828e-05	1.52851443682e-05	4.58554331046e-05	9.17108662091e-06	0.000116167097198	1.52851443682e-05	0
8.55968084619e-05	3.05702887364e-06	0	0	3.66843464837e-05	0.00587560949513	0.00154379958119	0.000116167097198	0.000947678950828	3.97413753573e-05	6.41976063464e-05	7.03116640937e-05	0.00016813658805	9.17108662091e-06	0.000507466793024	0.00109747336564	3.05702887364e-06	0	6.11405774728e-06	9.17108662091e-06	9.47678950828e-05	1.22281154946e-05	3.05702887364e-06	2.44562309891e-05	3.97413753573e-05	0	3.05702887364e-05	1.83421732418e-05	9.17108662091e-05	0.000883481344481	8.55968084619e-05	3.05702887364e-06	0.00263515888908	6.41976063464e-05	0.00182198920869	3.05702887364e-06	0	0	0	9.17108662091e-06	0	3.05702887364e-06	3.05702887364e-06	0	2.13992021155e-05	1.22281154946e-05	3.05702887364e-06	2.13992021155e-05	0	0	0	3.05702887364e-06	0	0	0	1.52851443682e-05	0	0	6.11405774728e-06	3.66843464837e-05	0	6.11405774728e-06	0	3.05702887364e-06	3.05702887364e-06	6.11405774728e-06	0	0	0	9.17108662091e-06	0.000143680357061	3.05702887364e-05	0.00036990049371	0.000152851443682	0.00109747336564	0.0006725463522	3.05702887364e-06	3.05702887364e-05	6.11405774728e-06	1.83421732418e-05	1.83421732418e-05	6.11405774728e-06	0	0
0.00118001314522	1.22281154946e-05	4.58554331046e-05	0	0.00144291762836	0.00154379958119	0.038805924522	0.00602234688107	0.0143435794751	0.000675603381074	0.0120874921664	0.00026901854088	0.0105008941809	2.44562309891e-05	0.00479953533161	0.0037693166012	2.13992021155e-05	3.66843464837e-05	3.66843464837e-05	3.97413753573e-05	0.00624245295997	0.000103938981704	3.05702887364e-05	0.000119224126072	0.00166913776501	6.11405774728e-06	0.000116167097198	3.66843464837e-05	0.00449077541537	0.0043256958562	0.000394356724699	2.13992021155e-05	0.00143680357061	0.000596120630359	0.00288889228559	1.22281154946e-05	6.11405774728e-06	6.11405774728e-06	0	0.000210934992281	0	3.97413753573e-05	2.75132598627e-05	1.52851443682e-05	0.000446326215551	0.000119224126072	9.17108662091e-06	0.000250676367638	3.05702887364e-06	2.44562309891e-05	6.11405774728e-06	3.05702887364e-06	0	0	0	0.000192592819039	0	6.11405774728e-06	6.11405774728e-06	0.000483010562035	3.05702887364e-06	3.05702887364e-06	3.05702887364e-06	0.00013450927044	2.13992021155e-05	3.05702887364e-06	0	0	0	6.11405774728e-06	0.000507466793024	0.00013450927044	0.00130840835792	0.000275132598627	0.00197484065237	0.000162022530303	6.11405774728e-06	2.75132598627e-05	1.22281154946e-05	1.52851443682e-05	1.22281154946e-05	1.52851443682e-05	9.17108662091e-06	3.05702887364e-06
0.00885009858918	0.000131452241566	0.00182504623756	0	0.0021338061538	0.000116167097198	0.00602234688107	0.0588722620485	0.00879201504058	0.00202069608547	0.0117175916727	0.000293474771869	0.0020176390566	3.362731761e-05	0.0088714977913	0.00030264585849	0.000180364703545	0.000859025113492	5.19694908518e-05	8.86538373355e-05	0.00378765877444	0.00356143863779	0.000461611359919	0.00380294391881	0.00607125934304	9.17108662091e-06	0.000819283738135	0.000859025113492	0.031062470385	0.0136251776898	0.0161441694817	1.83421732418e-05	0.000140623328187	0.00833346070954	0.00731547009462	0.000158965501429	3.66843464837e-05	4.89124619782e-05	0	0.00126560995369	3.05702887364e-06	0.000296531800743	0.000522751937392	0.000391299695826	0.00362563624413	0.000859025113492	3.362731761e-05	0.000929336777586	6.11405774728e-06	0.000324045060606	3.05702887364e-05	0.000113110068325	3.05702887364e-05	0	2.44562309891e-05	0.00110664445226	9.17108662091e-05	0.000207877963407	0.000122281154946	0.00390076884276	6.11405774728e-06	5.80835485991e-05	0.00010088195283	0.00130840835792	0.000128395212693	0.000183421732418	0	6.11405774728e-06	9.17108662091e-06	0.00016813658805	0.00276966815952	0.000461611359919	0.00455191599285	0.00114332879874	0.000562493312749	3.362731761e-05	0	0.000333216147227	8.86538373355e-05	0.00016813658805	4.27984042309e-05	0.000299588829616	5.50265197255e-05	0
0.00401693593996	1.83421732418e-05	0.000158965501429	0	0.000709230698684	0.000947678950828	0.0143435794751	0.00879201504058	0.0362838757012	0.000342387233847	0.00695474068753	0.00043715512893	0.00244562309891	7.33686929673e-05	0.0143405224462	0.000669489323327	3.362731761e-05	0.000103938981704	3.66843464837e-05	5.50265197255e-05	0.00239976766581	0.000244562309891	5.19694908518e-05	0.000299588829616	0.00138483407976	9.17108662091e-06	0.000232334194396	8.55968084619e-05	0.00444797701114	0.00626385216208	0.001403176253	2.75132598627e-05	0.00151017226358	0.000914051633218	0.00394356724699	2.13992021155e-05	1.22281154946e-05	9.17108662091e-06	0	0.000290417742996	0	3.66843464837e-05	6.11405774728e-05	4.89124619782e-05	0.000675603381074	0.000162022530303	9.17108662091e-06	0.000189535790166	3.05702887364e-06	3.97413753573e-05	9.17108662091e-06	9.17108662091e-06	0	0	3.05702887364e-06	0.000244562309891	3.05702887364e-06	2.75132598627e-05	1.83421732418e-05	0.000721458814178	6.11405774728e-06	3.05702887364e-06	1.22281154946e-05	0.000171193616924	9.17108662091e-06	1.52851443682e-05	0	0	0	1.22281154946e-05	0.000675603381074	0.00020176390566	0.00189841493053	0.00036990049371	0.000372957522584	0.000183421732418	0	3.97413753573e-05	9.17108662091e-06	2.13992021155e-05	1.22281154946e-05	3.362731761e-05	1.22281154946e-05	6.11405774728e-06
0.000635862005717	0.00104550387478	0.000189535790166	0	0.000697002583189	3.97413753573e-05	0.000675603381074	0.00202069608547	0.000342387233847	0.0213502896535	0.000213992021155	3.66843464837e-05	0.00208489369182	2.75132598627e-05	0.000745915045168	0.000917108662091	0.000962964095196	0.000131452241566	3.05702887364e-06	2.75132598627e-05	0.000351558320468	0.000730629900799	0.00548430979931	0.000596120630359	0.00539871299084	0.000128395212693	0.000204820934534	0.000498295706403	0.00534062944225	0.00203903825872	0.00273298381303	9.17108662091e-06	1.52851443682e-05	0.00125032480932	0.00153157146569	0.000382128609205	5.80835485991e-05	1.52851443682e-05	0	0.00154685661006	3.05702887364e-06	0.000366843464837	0.000755086131789	0.000455497302172	0.0070036531495	0.000871253228987	2.44562309891e-05	0.00126255292481	6.11405774728e-06	0.000443269186677	0.000110053039451	0.000525808966266	1.22281154946e-05	6.11405774728e-06	3.05702887364e-06	0.00127783806918	0.000198706876786	0.00147043088822	0.000137566299314	0.00524891857604	1.52851443682e-05	3.362731761e-05	7.64257218409e-05	0.00221328890451	0.000253733396512	0.000385185638078	0	1.22281154946e-05	2.44562309891e-05	0.000180364703545	0.0012411537227	0.000183421732418	0.000690888525442	0.000189535790166	0.00108830227902	1.52851443682e-05	0	0.000400470782447	6.11405774728e-05	0.000220106078902	5.19694908518e-05	0.000388242666952	5.80835485991e-05	0
0.00101799061492	3.05702887364e-06	2.44562309891e-05	0	0.00179447594883	6.41976063464e-05	0.0120874921664	0.0117175916727	0.00695474068753	0.000213992021155	0.0283019733121	0.00020176390566	0.00404444919982	2.13992021155e-05	0.00360729407089	0.000210934992281	3.05702887364e-06	6.11405774728e-06	2.13992021155e-05	3.362731761e-05	0.00731852712349	7.03116640937e-05	0	8.55968084619e-05	0.00203292420097	0	8.55968084619e-05	3.362731761e-05	0.0100729101386	0.00362257921526	0.000363786435963	1.22281154946e-05	7.94827507146e-05	0.00124421075157	0.00193509927701	1.22281154946e-05	0	3.05702887364e-06	0	0.000226220136649	0	4.27984042309e-05	3.362731761e-05	3.66843464837e-05	0.000489124619782	0.000299588829616	3.05702887364e-06	0.000149794414808	0	3.66843464837e-05	3.05702887364e-06	0	0	0	3.05702887364e-06	0.000376014551457	9.17108662091e-06	0	1.22281154946e-05	0.000522751937392	0	0	3.05702887364e-06	0.000131452241566	1.83421732418e-05	3.05702887364e-06	0	0	0	1.22281154946e-05	0.0003362731761	7.33686929673e-05	0.00106996010577	0.000171193616924	0.000174250645797	1.52851443682e-05	0	1.83421732418e-05	3.05702887364e-06	1.52851443682e-05	6.11405774728e-06	2.75132598627e-05	6.11405774728e-06	0
0.000180364703545	0.000103938981704	0.000125338183819	0	5.80835485991e-05	7.03116640937e-05	0.00026901854088	0.000293474771869	0.00043715512893	3.66843464837e-05	0.00020176390566	0.0190666890849	0.000314873973985	0.0057166439937	0.000822340767009	2.44562309891e-05	6.11405774728e-06	0.000431041071183	0.00151017226358	0.00319459517295	0.000317931002858	0.000110053039451	1.83421732418e-05	0.000162022530303	8.86538373355e-05	0.00087431025786	0.00536202864436	0.000727572871926	0.000244562309891	0.00247313635877	0.000213992021155	0.0022377451355	0.000122281154946	0.00030264585849	0.00591840789936	9.17108662091e-06	7.03116640937e-05	3.05702887364e-06	0	3.362731761e-05	0	6.11405774728e-06	1.22281154946e-05	1.52851443682e-05	6.41976063464e-05	3.05702887364e-06	0.000385185638078	2.44562309891e-05	0.000366843464837	1.22281154946e-05	0	3.05702887364e-06	6.11405774728e-06	4.89124619782e-05	1.83421732418e-05	1.22281154946e-05	3.05702887364e-06	9.17108662091e-06	9.17108662091e-06	7.94827507146e-05	0.00030264585849	0.000330159118353	0.000177307674671	2.13992021155e-05	1.22281154946e-05	6.11405774728e-06	6.11405774728e-06	0	0	3.66843464837e-05	0.000250676367638	0.00223163107776	0.00435320911606	0.000103938981704	3.97413753573e-05	6.11405774728e-06	0.000180364703545	3.05702887364e-05	0.000296531800743	5.80835485991e-05	1.22281154946e-05	3.05702887364e-06	3.05702887364e-06	3.05702887364e-05
0.000865139171239	9.17108662091e-06	1.83421732418e-05	0	0.00323739357718	0.00016813658805	0.0105008941809	0.0020176390566	0.00244562309891	0.00208489369182	0.00404444919982	0.000314873973985	0.0337954541981	3.66843464837e-05	0.00282469467924	0.00258930345597	3.05702887364e-06	1.83421732418e-05	2.44562309891e-05	6.11405774728e-05	0.0138177705088	8.55968084619e-05	2.44562309891e-05	9.47678950828e-05	0.00269935649542	0	0.000119224126072	3.97413753573e-05	0.00300811641166	0.00470171040765	0.000256790425386	3.05702887364e-05	0.000232334194396	0.000846796997998	0.00285526496798	3.05702887364e-05	6.11405774728e-06	6.11405774728e-06	0	0.000275132598627	1.22281154946e-05	0.0010088195283	6.41976063464e-05	0.000363786435963	0.000479953533161	0.00267490026443	7.03116640937e-05	0.00397108050686	0	0.000342387233847	1.83421732418e-05	6.11405774728e-06	0	9.17108662091e-06	3.05702887364e-06	0.00177307674671	6.11405774728e-06	9.17108662091e-06	0	0.000544151139508	3.05702887364e-06	1.52851443682e-05	6.11405774728e-06	0.000192592819039	0.000162022530303	6.11405774728e-06	0	1.22281154946e-05	0	0.000195649847913	0.00047078244654	0.000113110068325	0.00161716827415	0.000223163107776	0.00129312321355	9.17108662091e-06	9.17108662091e-06	7.03116640937e-05	1.52851443682e-05	0.000110053039451	9.17108662091e-06	0.000207877963407	3.362731761e-05	3.05702887364e-06
1.22281154946e-05	0.000256790425386	5.19694908518e-05	0	6.11405774728e-06	9.17108662091e-06	2.44562309891e-05	3.362731761e-05	7.33686929673e-05	2.75132598627e-05	2.13992021155e-05	0.0057166439937	3.66843464837e-05	0.0155052504471	0.000125338183819	6.11405774728e-06	6.11405774728e-06	0.000110053039451	0.000427984042309	0.000427984042309	3.05702887364e-05	4.27984042309e-05	4.58554331046e-05	6.725463522e-05	2.44562309891e-05	0.00286137902572	0.00341775828073	0.0033046482124	3.05702887364e-05	0.00036990049371	4.89124619782e-05	0.00265044403344	2.13992021155e-05	4.27984042309e-05	0.000855968084619	0	0.000186478761292	0	0	3.05702887364e-06	0	0	3.05702887364e-06	3.05702887364e-06	6.11405774728e-06	0	0.00123198263608	3.05702887364e-06	0.00130840835792	3.05702887364e-06	0	0	6.11405774728e-06	0.000204820934534	5.50265197255e-05	0	9.17108662091e-06	0	9.17108662091e-06	9.17108662091e-06	0.000797884536019	0.00063891903459	0.000360729407089	0	1.52851443682e-05	3.05702887364e-06	1.22281154946e-05	0	0	5.19694908518e-05	0.000180364703545	0.00335661770325	0.00182504623756	0.000122281154946	1.52851443682e-05	6.11405774728e-06	0.000544151139508	1.52851443682e-05	0.000473839475414	7.33686929673e-05	9.17108662091e-06	3.05702887364e-06	3.05702887364e-06	8.25397795882e-05
0.0134386989285	3.05702887364e-05	0.000687831496568	0	0.000883481344481	0.000507466793024	0.00479953533161	0.0088714977913	0.0143405224462	0.000745915045168	0.00360729407089	0.000822340767009	0.00282469467924	0.000125338183819	0.0405851153264	0.000391299695826	8.86538373355e-05	0.000458554331046	9.47678950828e-05	0.000155908472556	0.00307842807575	0.000822340767009	0.000195649847913	0.00127478104031	0.00165690964951	9.17108662091e-06	0.000620576861348	0.000308759916237	0.00507161090136	0.0205126637421	0.00646867309662	4.58554331046e-05	0.00199012579674	0.0032007092307	0.00706479372698	0.00010088195283	9.17108662091e-06	2.13992021155e-05	0	0.000440212157804	0	0.000131452241566	0.000198706876786	0.000162022530303	0.0012992372713	0.000327102089479	1.52851443682e-05	0.00043715512893	3.05702887364e-06	0.000131452241566	1.83421732418e-05	4.89124619782e-05	6.11405774728e-06	0	9.17108662091e-06	0.000446326215551	2.13992021155e-05	8.55968084619e-05	4.27984042309e-05	0.00151322929245	6.11405774728e-06	2.13992021155e-05	2.44562309891e-05	0.000501352735277	4.89124619782e-05	6.11405774728e-05	0	0	3.05702887364e-06	4.89124619782e-05	0.00119835531847	0.000333216147227	0.00350946914694	0.000675603381074	0.000385185638078	0.000113110068325	6.11405774728e-06	0.000110053039451	3.97413753573e-05	6.725463522e-05	3.05702887364e-05	0.000113110068325	1.22281154946e-05	6.11405774728e-06
5.80835485991e-05	4.58554331046e-05	9.17108662091e-06	0	0.000275132598627	0.00109747336564	0.0037693166012	0.00030264585849	0.000669489323327	0.000917108662091	0.000210934992281	2.44562309891e-05	0.00258930345597	6.11405774728e-06	0.000391299695826	0.00898155083075	9.17108662091e-06	3.05702887364e-06	9.17108662091e-06	3.05702887364e-06	0.000385185638078	1.22281154946e-05	9.78249239564e-05	1.52851443682e-05	0.000483010562035	0	1.83421732418e-05	1.52851443682e-05	0.000372957522584	0.000593063601486	6.725463522e-05	0	0.000363786435963	7.64257218409e-05	0.000311816945111	3.05702887364e-06	0	0	0	6.725463522e-05	0	6.11405774728e-06	1.22281154946e-05	3.05702887364e-06	0.000125338183819	2.75132598627e-05	0	2.44562309891e-05	0	0	0	3.05702887364e-06	0	0	0	5.19694908518e-05	6.11405774728e-06	3.05702887364e-06	9.17108662091e-06	0.000116167097198	0	0	0	3.05702887364e-05	3.05702887364e-06	0	0	0	0	6.11405774728e-06	0.00050440976415	6.11405774728e-06	0.00013450927044	2.44562309891e-05	0.00521529125843	4.27984042309e-05	3.05702887364e-06	9.17108662091e-06	3.05702887364e-06	0	3.05702887364e-06	3.05702887364e-06	0	0
7.94827507146e-05	0.000684774467695	0.000287360714122	0	6.11405774728e-06	3.05702887364e-06	2.13992021155e-05	0.000180364703545	3.362731761e-05	0.000962964095196	3.05702887364e-06	6.11405774728e-06	3.05702887364e-06	6.11405774728e-06	8.86538373355e-05	9.17108662091e-06	0.0177888510157	0.000128395212693	9.17108662091e-06	1.83421732418e-05	9.17108662091e-06	0.00298977423842	0.00668877917552	0.00645033092338	0.00463139874356	5.80835485991e-05	0.000213992021155	0.00484233373584	0.00295920394968	0.00016813658805	0.000495238677529	3.05702887364e-06	6.11405774728e-06	0.000110053039451	0.000327102089479	6.41976063464e-05	3.05702887364e-05	6.41976063464e-05	0	1.83421732418e-05	0	2.75132598627e-05	9.47678950828e-05	4.58554331046e-05	0.000449383244425	6.11405774728e-06	9.17108662091e-06	3.362731761e-05	0	5.19694908518e-05	0	0.00060529171698	2.75132598627e-05	3.05702887364e-06	1.22281154946e-05	9.17108662091e-06	0.000305702887364	0.00170582211149	0.000654204178958	0.000333216147227	3.05702887364e-06	6.725463522e-05	0.000140623328187	0.000434098100057	3.97413753573e-05	0.000207877963407	0	0	6.11405774728e-06	3.362731761e-05	0.000810112651514	0.000210934992281	0.000501352735277	0.00023539122327	8.25397795882e-05	3.05702887364e-06	0	0.000110053039451	0.000146737385935	7.03116640937e-05	1.83421732418e-05	9.17108662091e-06	6.11405774728e-06	0
0.000620576861348	0.00188312978616	0.0174067224065	0	3.05702887364e-06	0	3.66843464837e-05	0.000859025113492	0.000103938981704	0.000131452241566	6.11405774728e-06	0.000431041071183	1.83421732418e-05	0.000110053039451	0.000458554331046	3.05702887364e-06	0.000128395212693	0.0336364886966	0.000372957522584	0.00322210843281	3.362731761e-05	0.00561881906975	0.000629747947969	0.0146767956223	0.000158965501429	4.27984042309e-05	0.013475383275	0.0083028904208	0.000755086131789	0.00133592161778	0.00672852055088	6.41976063464e-05	3.05702887364e-06	0.000415755926815	0.00585115326414	1.22281154946e-05	0.000596120630359	0.000709230698684	0	1.22281154946e-05	0	3.05702887364e-06	4.58554331046e-05	1.52851443682e-05	8.25397795882e-05	1.83421732418e-05	9.78249239564e-05	1.83421732418e-05	3.66843464837e-05	1.22281154946e-05	0	0.00013450927044	0.000388242666952	3.362731761e-05	0.000372957522584	6.11405774728e-06	9.78249239564e-05	0.000250676367638	0.000507466793024	0.000116167097198	4.27984042309e-05	0.00103327575929	0.00143068951286	0.00010088195283	1.52851443682e-05	6.11405774728e-05	6.11405774728e-06	3.05702887364e-06	0	0.000265961512006	0.0024119957813	0.00102104764379	0.00287055011235	0.000944621921954	7.33686929673e-05	2.13992021155e-05	0	0.000262904483133	0.000944621921954	0.000241505281017	5.80835485991e-05	2.13992021155e-05	9.17108662091e-06	6.11405774728e-06
2.44562309891e-05	7.33686929673e-05	0.000128395212693	0	6.11405774728e-06	6.11405774728e-06	3.66843464837e-05	5.19694908518e-05	3.66843464837e-05	3.05702887364e-06	2.13992021155e-05	0.00151017226358	2.44562309891e-05	0.000427984042309	9.47678950828e-05	9.17108662091e-06	9.17108662091e-06	0.000372957522584	0.00610794368953	0.00218577564465	3.362731761e-05	5.50265197255e-05	1.52851443682e-05	0.000125338183819	1.52851443682e-05	0.000128395212693	0.00453051679073	0.000467725417667	2.75132598627e-05	0.000241505281017	0.00010088195283	0.000250676367638	6.11405774728e-06	2.75132598627e-05	0.000752029102915	3.05702887364e-06	0.000106996010577	0	0	0	0	0	6.11405774728e-06	6.11405774728e-06	6.11405774728e-06	3.05702887364e-06	0.000143680357061	3.05702887364e-06	7.33686929673e-05	0	0	3.05702887364e-06	0	4.89124619782e-05	5.19694908518e-05	0	0	3.05702887364e-06	0	6.11405774728e-06	7.03116640937e-05	0.000162022530303	0.000128395212693	9.17108662091e-06	0	3.05702887364e-06	3.05702887364e-06	0	0	1.83421732418e-05	0.00020176390566	0.000259847454259	0.000721458814178	6.725463522e-05	3.05702887364e-06	3.05702887364e-06	3.05702887364e-06	9.17108662091e-06	9.78249239564e-05	2.13992021155e-05	0	0	0	0
7.33686929673e-05	0.000284303685248	0.000559436283876	0	1.52851443682e-05	9.17108662091e-06	3.97413753573e-05	8.86538373355e-05	5.50265197255e-05	2.75132598627e-05	3.362731761e-05	0.00319459517295	6.11405774728e-05	0.000427984042309	0.000155908472556	3.05702887364e-06	1.83421732418e-05	0.00322210843281	0.00218577564465	0.0137199455849	6.11405774728e-05	0.000320988031732	5.80835485991e-05	0.000620576861348	3.05702887364e-05	0.000186478761292	0.00958072848998	0.00149183009034	8.25397795882e-05	0.000501352735277	0.000473839475414	0.000183421732418	3.05702887364e-06	8.25397795882e-05	0.00301728749828	3.05702887364e-06	0.000296531800743	1.22281154946e-05	0	0	0	0	9.17108662091e-06	6.11405774728e-06	2.44562309891e-05	0	0.000311816945111	1.22281154946e-05	0.000180364703545	3.05702887364e-06	0	6.11405774728e-06	2.13992021155e-05	9.17108662091e-05	0.000149794414808	0	3.05702887364e-06	1.22281154946e-05	3.362731761e-05	1.52851443682e-05	0.000122281154946	0.000513580850771	0.000357672378216	1.83421732418e-05	0	6.11405774728e-06	6.11405774728e-06	0	0	7.03116640937e-05	0.000547208168381	0.000611405774728	0.00145514574385	0.000165079559176	1.83421732418e-05	0	0	2.75132598627e-05	0.000256790425386	9.78249239564e-05	1.22281154946e-05	0	3.05702887364e-06	3.05702887364e-06
0.00123809669382	3.05702887364e-06	3.66843464837e-05	0	0.00416061629702	9.47678950828e-05	0.00624245295997	0.00378765877444	0.00239976766581	0.000351558320468	0.00731852712349	0.000317931002858	0.0138177705088	3.05702887364e-05	0.00307842807575	0.000385185638078	9.17108662091e-06	3.362731761e-05	3.362731761e-05	6.11405774728e-05	0.024337006863	0.000122281154946	1.22281154946e-05	0.000122281154946	0.00164773856289	3.05702887364e-06	0.000122281154946	4.89124619782e-05	0.00590923681274	0.00569830182046	0.00036990049371	1.52851443682e-05	0.000119224126072	0.00187701572841	0.0033168763279	3.05702887364e-05	0	6.11405774728e-06	0	0.000421869984562	0	0.000128395212693	4.58554331046e-05	8.25397795882e-05	0.000703116640937	0.000544151139508	6.11405774728e-06	0.000758143160662	3.05702887364e-06	6.725463522e-05	1.22281154946e-05	9.17108662091e-06	0	0	0	0.000724515843052	1.52851443682e-05	6.11405774728e-06	9.17108662091e-06	0.000800941564893	6.11405774728e-06	1.22281154946e-05	3.05702887364e-06	0.000262904483133	3.66843464837e-05	6.11405774728e-06	0	0	0	2.75132598627e-05	0.000547208168381	0.000125338183819	0.00194121333476	0.000256790425386	0.000342387233847	1.83421732418e-05	3.05702887364e-06	2.13992021155e-05	9.17108662091e-06	2.44562309891e-05	3.05702887364e-06	4.58554331046e-05	1.22281154946e-05	0
0.00114332879874	0.000400470782447	0.00756614646225	0	4.27984042309e-05	1.22281154946e-05	0.000103938981704	0.00356143863779	0.000244562309891	0.000730629900799	7.03116640937e-05	0.000110053039451	8.55968084619e-05	4.27984042309e-05	0.000822340767009	1.22281154946e-05	0.00298977423842	0.00561881906975	5.50265197255e-05	0.000320988031732	0.000122281154946	0.0510615532764	0.00285832199685	0.03161884964	0.00112192959663	3.05702887364e-05	0.00305397184476	0.00431652476958	0.0098803173196	0.00468336823441	0.0201305351329	1.52851443682e-05	3.05702887364e-05	0.0030264585849	0.00580835485991	0.000162022530303	7.03116640937e-05	0.000152851443682	0	3.66843464837e-05	0	9.47678950828e-05	0.000372957522584	0.000152851443682	0.000868196200113	6.725463522e-05	2.44562309891e-05	0.000125338183819	1.22281154946e-05	0.000174250645797	0	0.000926279748712	9.78249239564e-05	6.11405774728e-06	4.27984042309e-05	3.362731761e-05	0.000709230698684	0.00192287116152	0.000730629900799	0.000834568882503	3.05702887364e-06	0.000158965501429	0.000357672378216	0.000996591412806	0.000119224126072	0.000742858016294	0	0	1.52851443682e-05	0.000128395212693	0.00379071580331	0.000828454824756	0.00519389205631	0.00241505281017	0.000528865995139	6.11405774728e-05	0	0.000522751937392	0.000330159118353	0.000183421732418	0.00010088195283	7.64257218409e-05	2.13992021155e-05	0
0.000226220136649	0.00567690261835	0.00158354095654	0	1.52851443682e-05	3.05702887364e-06	3.05702887364e-05	0.000461611359919	5.19694908518e-05	0.00548430979931	0	1.83421732418e-05	2.44562309891e-05	4.58554331046e-05	0.000195649847913	9.78249239564e-05	0.00668877917552	0.000629747947969	1.52851443682e-05	5.80835485991e-05	1.22281154946e-05	0.00285832199685	0.0302309585314	0.00650230041423	0.00441129266466	0.000327102089479	0.000794827507146	0.0094156489308	0.00440212157804	0.000593063601486	0.00189841493053	1.22281154946e-05	3.05702887364e-06	0.000391299695826	0.000901823517723	0.000223163107776	0.000217049050028	0.00053803708176	0	8.55968084619e-05	0	0.000103938981704	0.000363786435963	0.000177307674671	0.00228971462635	6.725463522e-05	4.27984042309e-05	9.78249239564e-05	1.22281154946e-05	0.000171193616924	0	0.00360423704202	0.000165079559176	2.13992021155e-05	6.725463522e-05	3.05702887364e-05	0.00101799061492	0.00987114623298	0.00354309646455	0.00184950246855	1.83421732418e-05	0.000220106078902	0.00286137902572	0.00182198920869	0.000146737385935	0.000678660409948	0	0	1.83421732418e-05	0.000256790425386	0.00104856090366	0.000333216147227	0.00060529171698	0.000265961512006	0.000265961512006	1.52851443682e-05	0	0.000574721428244	0.000544151139508	0.000363786435963	9.17108662091e-05	5.19694908518e-05	3.362731761e-05	0
0.00188618681503	0.00120141234734	0.021386974	0	4.27984042309e-05	2.44562309891e-05	0.000119224126072	0.00380294391881	0.000299588829616	0.000596120630359	8.55968084619e-05	0.000162022530303	9.47678950828e-05	6.725463522e-05	0.00127478104031	1.52851443682e-05	0.00645033092338	0.0146767956223	0.000125338183819	0.000620576861348	0.000122281154946	0.03161884964	0.00650230041423	0.0799199058435	0.00136649190652	5.50265197255e-05	0.00643198875013	0.0187334729377	0.0083028904208	0.00377543065894	0.0170031945952	2.75132598627e-05	2.75132598627e-05	0.00153462849457	0.00809501245739	0.000149794414808	0.000253733396512	0.000590006572612	0	5.19694908518e-05	3.05702887364e-06	6.725463522e-05	0.000305702887364	0.000119224126072	0.000718401785305	6.11405774728e-05	5.50265197255e-05	0.00010088195283	2.75132598627e-05	0.000149794414808	0	0.00226831542424	0.00026901854088	1.83421732418e-05	0.000149794414808	3.66843464837e-05	0.000956850037449	0.005056325757	0.00317931002858	0.000868196200113	2.13992021155e-05	0.000486067590908	0.00161411124528	0.00100270547055	0.000122281154946	0.000645033092338	0	0	1.52851443682e-05	0.000311816945111	0.00876755880959	0.0021338061538	0.0100973663696	0.00514497959433	0.000904880546597	0.000122281154946	0	0.00101493358605	0.000859025113492	0.000418812955688	0.000210934992281	9.47678950828e-05	3.362731761e-05	3.05702887364e-06
0.00116472800086	0.000660318236706	0.000241505281017	0	0.00822646469896	3.97413753573e-05	0.00166913776501	0.00607125934304	0.00138483407976	0.00539871299084	0.00203292420097	8.86538373355e-05	0.00269935649542	2.44562309891e-05	0.00165690964951	0.000483010562035	0.00463139874356	0.000158965501429	1.52851443682e-05	3.05702887364e-05	0.00164773856289	0.00112192959663	0.00441129266466	0.00136649190652	0.0372193265365	5.80835485991e-05	0.000217049050028	0.00105467496141	0.0177980221023	0.00378765877444	0.00315791082647	9.17108662091e-06	4.89124619782e-05	0.00244562309891	0.00270852758204	0.00020176390566	3.66843464837e-05	1.52851443682e-05	0	0.00113721474099	3.05702887364e-06	0.000253733396512	0.000550265197255	0.000241505281017	0.00400165079559	0.000797884536019	2.75132598627e-05	0.000831511853629	0	0.000241505281017	4.27984042309e-05	0.000314873973985	3.05702887364e-05	6.11405774728e-06	6.11405774728e-06	0.00107913119239	0.00016813658805	0.000770371276157	0.000180364703545	0.00365009247512	1.22281154946e-05	3.66843464837e-05	7.64257218409e-05	0.00143374654174	0.000131452241566	0.00020176390566	0	0	9.17108662091e-06	0.000116167097198	0.00145820277273	0.00026901854088	0.00154379958119	0.000424927013436	0.00087431025786	9.17108662091e-06	0	0.00026901854088	7.94827507146e-05	0.000152851443682	3.97413753573e-05	0.000287360714122	1.83421732418e-05	0
0	0.00149488711921	3.362731761e-05	0	3.05702887364e-06	0	6.11405774728e-06	9.17108662091e-06	9.17108662091e-06	0.000128395212693	0	0.00087431025786	0	0.00286137902572	9.17108662091e-06	0	5.80835485991e-05	4.27984042309e-05	0.000128395212693	0.000186478761292	3.05702887364e-06	3.05702887364e-05	0.000327102089479	5.50265197255e-05	5.80835485991e-05	0.00883175641594	0.00152851443682	0.00226831542424	3.66843464837e-05	3.05702887364e-05	9.17108662091e-06	0.000213992021155	3.05702887364e-06	6.11405774728e-06	0.000143680357061	0	0.000510523821897	2.13992021155e-05	0	3.05702887364e-06	0	3.05702887364e-06	0	0	6.11405774728e-06	0	0.00106078901915	3.05702887364e-06	0.00113110068325	0	0	0	1.52851443682e-05	0.000152851443682	0.000106996010577	0	0	3.05702887364e-06	9.17108662091e-06	6.11405774728e-06	0.00133592161778	0.000748972074041	0.00057166439937	0	3.05702887364e-06	0	9.17108662091e-06	0	0	7.33686929673e-05	4.27984042309e-05	0.00112804365437	0.000244562309891	1.52851443682e-05	9.17108662091e-06	3.05702887364e-06	0.000348501291595	2.75132598627e-05	0.000293474771869	0.00010088195283	9.17108662091e-06	0	3.05702887364e-06	0.000122281154946
0.000583892514865	0.00389159775614	0.0139889641258	0	3.05702887364e-05	3.05702887364e-05	0.000116167097198	0.000819283738135	0.000232334194396	0.000204820934534	8.55968084619e-05	0.00536202864436	0.000119224126072	0.00341775828073	0.000620576861348	1.83421732418e-05	0.000213992021155	0.013475383275	0.00453051679073	0.00958072848998	0.000122281154946	0.00305397184476	0.000794827507146	0.00643198875013	0.000217049050028	0.00152851443682	0.0720419424361	0.0246488238081	0.000846796997998	0.00195344145025	0.00432875288507	0.0029806031518	3.362731761e-05	0.000486067590908	0.00774345413692	2.75132598627e-05	0.00466502606117	0.000556379255002	0	2.13992021155e-05	0	1.22281154946e-05	3.66843464837e-05	2.75132598627e-05	0.000116167097198	2.75132598627e-05	0.00263515888908	3.66843464837e-05	0.00110970148113	4.27984042309e-05	0	0.000106996010577	0.000697002583189	0.000794827507146	0.00221634593339	1.22281154946e-05	8.86538373355e-05	0.000256790425386	0.000320988031732	0.000137566299314	0.00132675053116	0.00702810938049	0.0054506824817	9.47678950828e-05	5.19694908518e-05	6.725463522e-05	2.75132598627e-05	0	0	0.000862082142366	0.00455497302172	0.00447854729988	0.00535591458661	0.00107301713465	8.86538373355e-05	1.83421732418e-05	2.13992021155e-05	0.000495238677529	0.0027024135243	0.00108830227902	0.000165079559176	2.44562309891e-05	1.22281154946e-05	4.58554331046e-05
0.000388242666952	0.0131421671278	0.0219647524571	0	1.83421732418e-05	1.83421732418e-05	3.66843464837e-05	0.000859025113492	8.55968084619e-05	0.000498295706403	3.362731761e-05	0.000727572871926	3.97413753573e-05	0.0033046482124	0.000308759916237	1.52851443682e-05	0.00484233373584	0.0083028904208	0.000467725417667	0.00149183009034	4.89124619782e-05	0.00431652476958	0.0094156489308	0.0187334729377	0.00105467496141	0.00226831542424	0.0246488238081	0.0934533726671	0.00288889228559	0.000892652431102	0.00317319597084	0.00094156489308	1.22281154946e-05	0.000360729407089	0.00457331519496	2.75132598627e-05	0.00493404460205	0.00263821591795	0	3.05702887364e-05	0	2.13992021155e-05	0.000110053039451	3.66843464837e-05	0.000253733396512	2.13992021155e-05	0.00148877306146	2.13992021155e-05	0.000727572871926	6.11405774728e-05	0	0.00166913776501	0.00143068951286	0.000452440273298	0.00154379958119	2.13992021155e-05	0.000467725417667	0.00430735368296	0.00377237363007	0.000391299695826	0.000944621921954	0.00571358696483	0.00928419668924	0.000372957522584	9.78249239564e-05	0.000158965501429	0	0	1.83421732418e-05	0.00102104764379	0.00581752594653	0.00334133255889	0.00383045717867	0.00142151842624	0.00023539122327	4.58554331046e-05	2.44562309891e-05	0.000929336777586	0.00338718799199	0.00119835531847	0.000223163107776	4.27984042309e-05	1.22281154946e-05	4.58554331046e-05
0.00359812298427	0.000421869984562	0.00159576907204	0	0.00607125934304	9.17108662091e-05	0.00449077541537	0.031062470385	0.00444797701114	0.00534062944225	0.0100729101386	0.000244562309891	0.00300811641166	3.05702887364e-05	0.00507161090136	0.000372957522584	0.00295920394968	0.000755086131789	2.75132598627e-05	8.25397795882e-05	0.00590923681274	0.0098803173196	0.00440212157804	0.0083028904208	0.0177980221023	3.66843464837e-05	0.000846796997998	0.00288889228559	0.0735735139018	0.00997814224355	0.0136037784877	2.44562309891e-05	7.94827507146e-05	0.00638307628816	0.00748360668267	0.000531923024013	8.86538373355e-05	4.89124619782e-05	0	0.0020757226052	6.11405774728e-06	0.000583892514865	0.00123809669382	0.000684774467695	0.00736743958547	0.00138483407976	5.19694908518e-05	0.00153768552344	6.11405774728e-06	0.000602234688107	5.80835485991e-05	0.00104856090366	8.25397795882e-05	1.22281154946e-05	3.05702887364e-05	0.00188007275729	0.000645033092338	0.00226525839537	0.000593063601486	0.00703116640937	1.22281154946e-05	8.55968084619e-05	0.000192592819039	0.00323433654831	0.000376014551457	0.000917108662091	0	3.05702887364e-06	3.05702887364e-05	0.000299588829616	0.00463139874356	0.000846796997998	0.00505938278587	0.00161411124528	0.00111887256775	2.75132598627e-05	0	0.000758143160662	0.000192592819039	0.000376014551457	0.000103938981704	0.00053803708176	8.55968084619e-05	0
0.00830900447855	0.000131452241566	0.00158354095654	0	0.00175779160234	0.000883481344481	0.0043256958562	0.0136251776898	0.00626385216208	0.00203903825872	0.00362257921526	0.00247313635877	0.00470171040765	0.00036990049371	0.0205126637421	0.000593063601486	0.00016813658805	0.00133592161778	0.000241505281017	0.000501352735277	0.00569830182046	0.00468336823441	0.000593063601486	0.00377543065894	0.00378765877444	3.05702887364e-05	0.00195344145025	0.000892652431102	0.00997814224355	0.0658912003424	0.0215398254437	0.000162022530303	0.00241505281017	0.0220564633233	0.0260428289745	0.000250676367638	5.50265197255e-05	3.66843464837e-05	0	0.00100270547055	0	0.000357672378216	0.000660318236706	0.000464668388793	0.00323127951944	0.000700059612063	5.80835485991e-05	0.00115555691424	1.22281154946e-05	0.000351558320468	3.05702887364e-05	0.000186478761292	6.41976063464e-05	3.05702887364e-06	3.66843464837e-05	0.000868196200113	0.000140623328187	0.000320988031732	0.000165079559176	0.00382128609205	2.13992021155e-05	7.64257218409e-05	8.55968084619e-05	0.00141846139737	0.000213992021155	0.000281246656375	0	6.11405774728e-06	1.22281154946e-05	0.000180364703545	0.00613239992052	0.00125949589594	0.0138208275377	0.0029102914877	0.000993534383932	0.000174250645797	2.44562309891e-05	0.000483010562035	0.000119224126072	0.000195649847913	7.33686929673e-05	0.000400470782447	3.66843464837e-05	1.22281154946e-05
0.00818978035248	0.000388242666952	0.00831511853629	0	0.000357672378216	8.55968084619e-05	0.000394356724699	0.0161441694817	0.001403176253	0.00273298381303	0.000363786435963	0.000213992021155	0.000256790425386	4.89124619782e-05	0.00646867309662	6.725463522e-05	0.000495238677529	0.00672852055088	0.00010088195283	0.000473839475414	0.00036990049371	0.0201305351329	0.00189841493053	0.0170031945952	0.00315791082647	9.17108662091e-06	0.00432875288507	0.00317319597084	0.0136037784877	0.0215398254437	0.0637329379576	3.362731761e-05	6.725463522e-05	0.0128181220672	0.0133378169757	0.000379071580331	0.000119224126072	0.000143680357061	0	0.000534980052887	6.11405774728e-06	0.000354615349342	0.000935450835333	0.000550265197255	0.00318236705746	0.000333216147227	3.66843464837e-05	0.00093239380646	0	0.000519694908518	1.83421732418e-05	0.000593063601486	0.000125338183819	9.17108662091e-06	8.55968084619e-05	0.000281246656375	0.000467725417667	0.00108830227902	0.000492181648656	0.00310899836449	3.05702887364e-06	0.000198706876786	0.000342387233847	0.00195038442138	0.000281246656375	0.00073980098742	0	6.11405774728e-06	1.83421732418e-05	0.000223163107776	0.00550570900142	0.000978249239564	0.00819283738135	0.00309982727787	0.000666432294453	7.33686929673e-05	3.05702887364e-06	0.000715344756431	0.000281246656375	0.000275132598627	0.000116167097198	0.00043715512893	6.11405774728e-05	0
