0.017006787279	4.53998592604e-06	9.07997185209e-06	0	0.000199759380746	0	0.00143917553856	0.00631512042313	0.00381358817788	0.000222459310376	0.000740017705945	0	0.000522098381495	0	0.00712323791796	4.08598733344e-05	5.44798311125e-05	1.36199577781e-05	0	0	0.000422218691122	0.000167979479264	9.07997185209e-05	0.000154359521485	0.000953397044469	0	0	9.07997185209e-06	0.00102603681929	0.00693255850907	0.00220189317413	0	0	0.0011849363267	0.00138015572152	0	0	0	0	4.53998592604e-06	0	0	0	0	5.90198170386e-05	0	0	1.36199577781e-05	0	0	0	0	0	0	0	0	0	9.07997185209e-06	0	3.63198874083e-05	0	0	0	9.07997185209e-06	0	4.53998592604e-06	0	0	0	4.53998592604e-06	0.000358658888157	3.63198874083e-05	0.000399518761492	0.000113499648151	0.000286019113341	7.71797607427e-05	4.53998592604e-06	4.53998592604e-06	0	0	0	0	0	4.53998592604e-06
4.53998592604e-06	0.0160261503189	0.00437200644678	0	0	0	0	1.81599437042e-05	0	2.72399155563e-05	0	0.00039043878964	0	0.000208839352598	0	0	8.17197466688e-05	0.00150273534152	4.53998592604e-05	0.000962477016321	0	0.00017251946519	0.00110321658003	0.00124849612966	3.17799014823e-05	0.000898917213357	0.00378634826232	0.00582026195719	7.26397748167e-05	1.81599437042e-05	0.000113499648151	4.53998592604e-06	0	9.07997185209e-06	0.00112591650966	0	0.00318707012008	0.000231539282228	0	0	0	0	1.36199577781e-05	0	1.81599437042e-05	0	9.07997185209e-05	4.53998592604e-06	5.44798311125e-05	0	0	7.71797607427e-05	0.000149819535559	2.72399155563e-05	0.000204299366672	0	3.17799014823e-05	0.00080357750891	0.000231539282228	0	0.000304179057045	0.000694617846685	0.00183415431412	1.81599437042e-05	4.53998592604e-06	2.72399155563e-05	0	0	4.53998592604e-06	0.000163439493338	0.000453998592604	0.000735477720019	0.0008716772978	0.000190679408894	1.36199577781e-05	1.36199577781e-05	9.07997185209e-06	0.000118039634077	0.000394978775566	0.000249699225932	4.08598733344e-05	9.07997185209e-06	0	1.36199577781e-05
9.07997185209e-06	0.00437200644678	0.0407418337003	0	4.53998592604e-06	0	9.07997185209e-06	8.62597325948e-05	4.53998592604e-06	3.17799014823e-05	4.53998592604e-06	0.000358658888157	0	0.000104419676299	9.07997185209e-06	0	0.000295099085193	0.0119447029714	3.17799014823e-05	0.0016389349193	0	0.0021610333008	0.00114861643929	0.0142555558078	9.9879690373e-05	0.000122579620003	0.00773159603205	0.0138197171589	0.000317799014823	0.000158899507412	0.000885297255579	9.07997185209e-06	0	4.08598733344e-05	0.00656481964906	0	0.00099879690373	6.35598029646e-05	0	0	0	0	0	0	2.26999296302e-05	0	3.17799014823e-05	0	1.81599437042e-05	0	0	5.44798311125e-05	7.26397748167e-05	1.81599437042e-05	4.08598733344e-05	0	1.81599437042e-05	0.000553878282977	0.000131659591855	0	4.99398451865e-05	0.000167979479264	0.000621978071868	1.81599437042e-05	4.53998592604e-06	1.81599437042e-05	0	0	0	4.53998592604e-05	0.00288743104896	0.0025106122171	0.0047760651942	0.00131205593263	0.000136199577781	0.000108959662225	5.90198170386e-05	0.000131659591855	0.000127119605929	9.07997185209e-05	4.08598733344e-05	4.53998592604e-06	4.53998592604e-06	0
0	0	0	0	0	0	0	0	0	0	0	0	0	0	0	0	0	0	0	0	0	0	0	0	0	0	0	0	0	0	0	0	0	0	0	0	0	0	0	0	0	0	0	0	0	0	0	0	0	0	0	0	0	0	0	0	0	0	0	0	0	0	0	0	0	0	0	0	0	0	0	0	0	0	0	0	0	0	0	0	0	0	0	0
0.000199759380746	0	4.53998592604e-06	0	0.0165845685878	0	0.000590198170386	0.00184323428597	0.000131659591855	9.9879690373e-05	0.00354118902231	0	0.00303725058452	0	0.000186139422968	9.07997185209e-06	4.53998592604e-06	0	0	0	0.00965201007877	3.17799014823e-05	2.26999296302e-05	2.72399155563e-05	0.00527092366014	0	0	0	0.0051256441105	9.9879690373e-05	0.00021791932445	0	0	3.17799014823e-05	7.71797607427e-05	0	0	0	0	0.00256509204821	0	0	4.53998592604e-06	0	1.36199577781e-05	4.53998592604e-05	0	4.53998592604e-05	0	0	0	4.53998592604e-06	0	0	0	0.000267859169637	0	4.53998592604e-06	0	9.07997185209e-06	0	0	0	4.53998592604e-06	0	0	0	0	0	4.53998592604e-06	2.26999296302e-05	4.53998592604e-06	1.81599437042e-05	0	2.26999296302e-05	0	0	0	0	0	0	0	0	0
0	0	0	0	0	0.00214287335709	0.000422218691122	0	9.9879690373e-05	0	0	4.53998592604e-06	0	0	0.000127119605929	0.000322339000749	0	0	0	0	0	0	0	0	0	0	0	0	0	0.00021791932445	0	0	0.000808117494836	0	0.000236079268154	0	0	0	0	0	0	0	0	0	0	0	0	0	0	0	0	0	0	0	0	0	0	0	0	0	0	0	0	0	0	0	0	0	0	0	9.07997185209e-06	0	2.72399155563e-05	4.53998592604e-06	0.000799037522984	0.0010986765941	0	0	0	0	0	0	0	0
0.00143917553856	0	9.07997185209e-06	0	0.000590198170386	0.000422218691122	0.0352212108142	0.00257417202007	0.00851247361133	9.9879690373e-05	0.0100469888543	5.44798311125e-05	0.00731845731278	9.07997185209e-06	0.00665561936758	0.000903457199283	1.81599437042e-05	9.07997185209e-06	4.53998592604e-06	9.07997185209e-06	0.00172065466597	3.17799014823e-05	6.80997888907e-05	4.08598733344e-05	0.00100787687558	4.53998592604e-06	2.72399155563e-05	1.36199577781e-05	0.000730937734093	0.00431298662974	0.000317799014823	0	0.00164801489115	0.00019521939482	0.00358658888157	0	0	0	0	1.81599437042e-05	0	0	4.53998592604e-06	0	9.07997185209e-06	0	0	4.53998592604e-05	0	4.53998592604e-06	0	0	0	0	0	0	0	0	0	2.26999296302e-05	0	0	0	9.07997185209e-06	0	0	0	0	0	4.53998592604e-06	0.000313259028897	2.26999296302e-05	0.00103965677706	0.000236079268154	0.00188863414523	0.00153905522893	0	0	0	0	0	0	0	0
0.00631512042313	1.81599437042e-05	8.62597325948e-05	0	0.00184323428597	0	0.00257417202007	0.041372891744	0.00201575375116	0.0017251946519	0.00537988332236	0	0.00202483372302	4.53998592604e-06	0.00401334755862	8.17197466688e-05	0.000581118198534	0.000104419676299	0	2.26999296302e-05	0.00246067237192	0.00113499648151	0.000517558395569	0.000907997185209	0.00790865548317	0	9.07997185209e-06	8.17197466688e-05	0.0143781354278	0.00542528318162	0.0141057362722	0	0	0.00099879690373	0.00266497173859	9.07997185209e-06	0	9.07997185209e-06	0	4.08598733344e-05	0	0	5.44798311125e-05	4.53998592604e-06	0.000308719042971	9.07997185209e-06	0	3.63198874083e-05	0	4.53998592604e-06	0	4.53998592604e-06	0	0	0	4.53998592604e-06	4.53998592604e-06	3.63198874083e-05	4.53998592604e-06	0.000295099085193	0	4.53998592604e-06	0	9.9879690373e-05	1.81599437042e-05	3.17799014823e-05	0	0	1.36199577781e-05	1.81599437042e-05	0.000876217283726	0.000113499648151	0.000612898100016	0.000190679408894	0.000340498944453	3.63198874083e-05	0	2.26999296302e-05	0	0	0	2.72399155563e-05	4.53998592604e-06	0
0.00381358817788	0	4.53998592604e-06	0	0.000131659591855	9.9879690373e-05	0.00851247361133	0.00201575375116	0.0256463804962	9.53397044469e-05	0.00106235670669	9.07997185209e-06	0.000526638367421	4.53998592604e-06	0.0135745579189	0.000140739563707	2.72399155563e-05	4.53998592604e-06	4.53998592604e-06	4.53998592604e-06	0.000245159240006	3.17799014823e-05	4.08598733344e-05	2.72399155563e-05	0.000485778494087	0	9.07997185209e-06	0	0.000426758677048	0.00392708782603	0.000422218691122	0	0.000917077157061	0.000149819535559	0.00183869430005	0	0	0	0	4.53998592604e-06	0	0	0	0	1.36199577781e-05	0	0	9.07997185209e-06	0	0	0	0	0	0	0	0	0	0	0	9.07997185209e-06	0	0	0	4.53998592604e-06	0	0	0	0	0	0	0.000154359521485	9.07997185209e-06	0.000467618550382	0.000108959662225	0.000494858465939	0.000440378634826	0	0	0	0	0	0	0	0
0.000222459310376	2.72399155563e-05	3.17799014823e-05	0	9.9879690373e-05	0	9.9879690373e-05	0.0017251946519	9.53397044469e-05	0.0140058565818	0.00017251946519	4.53998592604e-06	0.00148003541189	0	0.000154359521485	0.000467618550382	0.000726397748167	1.81599437042e-05	0	0	0.00036773886001	0.000381358817788	0.00200213379339	0.000322339000749	0.0068326788187	0	4.53998592604e-06	0.000113499648151	0.00329602978231	0.000417678705196	0.00130297596077	0	0	0.00017251946519	0.000694617846685	8.62597325948e-05	4.53998592604e-06	9.07997185209e-06	0	4.53998592604e-06	0	2.72399155563e-05	0.000349578916305	2.26999296302e-05	0.00203391369487	6.80997888907e-05	0	0.000118039634077	4.53998592604e-06	4.99398451865e-05	1.36199577781e-05	0.000140739563707	4.53998592604e-06	0	0	3.17799014823e-05	4.53998592604e-05	0.000476698522235	8.17197466688e-05	0.0013075159467	4.53998592604e-06	4.53998592604e-06	9.07997185209e-06	0.000594738156312	9.07997185209e-05	0.000186139422968	0	0	6.80997888907e-05	0.000108959662225	0.000295099085193	2.72399155563e-05	0.000213379338524	6.80997888907e-05	0.000939777086691	0	0	0.000208839352598	5.44798311125e-05	4.53998592604e-05	3.63198874083e-05	9.9879690373e-05	4.53998592604e-06	0
0.000740017705945	0	4.53998592604e-06	0	0.00354118902231	0	0.0100469888543	0.00537988332236	0.00106235670669	0.00017251946519	0.0303906657889	0	0.0104737475314	0	0.00226091299117	4.08598733344e-05	4.53998592604e-06	0	0	0	0.0078450956802	2.72399155563e-05	1.81599437042e-05	1.81599437042e-05	0.00236079268154	0	0	4.53998592604e-06	0.00326424988083	0.000349578916305	0.000335958958527	0	0	7.71797607427e-05	0.000263319183711	0	0	0	0	0.000199759380746	0	0	4.53998592604e-06	0	1.81599437042e-05	2.26999296302e-05	0	0.000345038930379	0	4.53998592604e-06	0	0	0	0	0	1.81599437042e-05	0	0	0	2.72399155563e-05	0	0	0	0	0	0	0	0	0	0	8.17197466688e-05	4.53998592604e-06	5.44798311125e-05	1.36199577781e-05	9.07997185209e-05	1.36199577781e-05	0	4.53998592604e-06	0	0	0	4.53998592604e-06	0	0
0	0.00039043878964	0.000358658888157	0	0	4.53998592604e-06	5.44798311125e-05	0	9.07997185209e-06	4.53998592604e-06	0	0.0253285814814	0	0.00626064059201	2.72399155563e-05	0	4.53998592604e-06	0.000517558395569	0.00182053435634	0.00622886069053	0	1.81599437042e-05	2.26999296302e-05	9.9879690373e-05	9.07997185209e-06	0.00230631285043	0.00903457199283	0.00176605452523	4.53998592604e-06	8.62597325948e-05	9.07997185209e-06	0.000177059451116	9.07997185209e-06	9.07997185209e-06	0.00431298662974	0	0.000154359521485	0	0	0	0	0	0	0	0	0	0.000122579620003	0	0.000145279549633	0	0	0	0	4.53998592604e-06	2.26999296302e-05	0	0	4.53998592604e-06	0	0	0.000249699225932	0.000104419676299	0.000186139422968	0	0	0	0	0	0	3.63198874083e-05	0.000199759380746	0.00194311397635	0.00350940912083	0.000317799014823	4.08598733344e-05	6.80997888907e-05	0.000394978775566	2.26999296302e-05	0.000158899507412	4.53998592604e-05	9.07997185209e-06	4.53998592604e-06	0	3.63198874083e-05
0.000522098381495	0	0	0	0.00303725058452	0	0.00731845731278	0.00202483372302	0.000526638367421	0.00148003541189	0.0104737475314	0	0.0322248201031	0	0.000753637663723	0.00084897736817	0	9.07997185209e-06	0	0	0.010373867841	9.07997185209e-06	2.26999296302e-05	1.36199577781e-05	0.00256055206229	0	0	0	0.00110321658003	0.000281479127415	0.00021791932445	0	0	3.63198874083e-05	0.000177059451116	0	0	0	0	0.000313259028897	0	0	9.07997185209e-06	0	4.53998592604e-05	2.26999296302e-05	0	0.00280571130229	0	4.53998592604e-06	0	0	0	0	0	1.81599437042e-05	0	0	0	2.26999296302e-05	0	0	0	1.36199577781e-05	0	0	0	0	0	0	5.44798311125e-05	0	4.53998592604e-05	4.53998592604e-06	0.000753637663723	0	0	9.07997185209e-06	0	0	0	4.53998592604e-06	0	0
0	0.000208839352598	0.000104419676299	0	0	0	9.07997185209e-06	4.53998592604e-06	4.53998592604e-06	0	0	0.00626064059201	0	0.0194810796087	9.07997185209e-06	0	0	0.000122579620003	0.000317799014823	0.000730937734093	0	1.81599437042e-05	4.53998592604e-06	3.17799014823e-05	0	0.00566136244978	0.0056659024357	0.00341406941638	4.53998592604e-06	2.26999296302e-05	1.36199577781e-05	0.000808117494836	4.53998592604e-06	0	0.000758177649649	0	9.07997185209e-05	4.53998592604e-06	0	0	0	0	0	0	0	0	0.000154359521485	0	0.000440378634826	0	0	0	4.53998592604e-06	2.26999296302e-05	3.17799014823e-05	0	4.53998592604e-06	0	0	0	0.000281479127415	0.000113499648151	0.000136199577781	4.53998592604e-06	0	0	1.36199577781e-05	0	0	4.53998592604e-05	0.000199759380746	0.00125303611559	0.00117585635485	0.000190679408894	1.81599437042e-05	2.26999296302e-05	0.000680997888907	2.26999296302e-05	0.00024061925408	2.72399155563e-05	2.72399155563e-05	0	0	4.08598733344e-05
0.00712323791796	0	9.07997185209e-06	0	0.000186139422968	0.000127119605929	0.00665561936758	0.00401334755862	0.0135745579189	0.000154359521485	0.00226091299117	2.72399155563e-05	0.000753637663723	9.07997185209e-06	0.030631285043	0.000213379338524	4.08598733344e-05	4.53998592604e-06	4.53998592604e-06	1.36199577781e-05	0.000490318480013	0.000108959662225	6.35598029646e-05	0.000108959662225	0.000794497537058	0	1.81599437042e-05	9.07997185209e-06	0.000735477720019	0.0101060086714	0.000862597325948	0	0.0012030962704	0.000449458606678	0.0034685492475	0	0	0	0	9.07997185209e-06	0	0	0	0	3.17799014823e-05	0	0	0	0	0	0	0	0	0	0	0	0	9.07997185209e-06	0	3.17799014823e-05	0	0	0	4.53998592604e-06	0	4.53998592604e-06	0	0	0	4.53998592604e-06	0.000426758677048	2.72399155563e-05	0.000962477016321	0.000231539282228	0.000867137311874	0.00065375797335	4.53998592604e-06	4.53998592604e-06	0	0	0	0	0	4.53998592604e-06
4.08598733344e-05	0	0	0	9.07997185209e-06	0.000322339000749	0.000903457199283	8.17197466688e-05	0.000140739563707	0.000467618550382	4.08598733344e-05	0	0.00084897736817	0	0.000213379338524	0.00403604748825	9.07997185209e-06	0	0	0	4.08598733344e-05	9.07997185209e-06	4.53998592604e-06	9.07997185209e-06	4.53998592604e-05	0	0	0	3.63198874083e-05	0.000136199577781	3.17799014823e-05	0	4.53998592604e-06	1.36199577781e-05	9.53397044469e-05	0	0	0	0	0	0	0	0	0	4.53998592604e-06	0	0	0	0	0	0	0	0	0	0	0	0	0	0	0	0	0	0	0	0	0	0	0	0	0	9.07997185209e-06	4.53998592604e-06	4.08598733344e-05	4.53998592604e-06	0.00187955417338	2.72399155563e-05	0	4.53998592604e-06	0	0	0	0	0	0
5.44798311125e-05	8.17197466688e-05	0.000295099085193	0	4.53998592604e-06	0	1.81599437042e-05	0.000581118198534	2.72399155563e-05	0.000726397748167	4.53998592604e-06	4.53998592604e-06	0	0	4.08598733344e-05	9.07997185209e-06	0.0163938891789	0.000118039634077	0	1.81599437042e-05	1.81599437042e-05	0.00431298662974	0.00296915079563	0.00569768233718	0.00582480194311	0	1.81599437042e-05	0.00147549542596	0.00454452591197	0.00021791932445	0.00144371552448	0	4.53998592604e-06	9.07997185209e-05	0.00136653576374	4.53998592604e-06	1.81599437042e-05	4.08598733344e-05	0	0	0	0	2.72399155563e-05	0	0.00017251946519	4.53998592604e-06	0	0	4.53998592604e-06	4.53998592604e-06	4.53998592604e-06	0.00203845368079	9.07997185209e-06	0	0	4.53998592604e-06	0.00019521939482	0.000426758677048	0.000531178353347	0.000177059451116	4.53998592604e-06	4.53998592604e-06	0.000136199577781	9.9879690373e-05	9.07997185209e-06	6.80997888907e-05	0	0	4.53998592604e-06	3.63198874083e-05	0.000617438085942	0.000181599437042	0.000490318480013	0.000158899507412	7.71797607427e-05	2.72399155563e-05	4.53998592604e-06	5.90198170386e-05	5.90198170386e-05	3.63198874083e-05	2.26999296302e-05	4.53998592604e-06	0	0
1.36199577781e-05	0.00150273534152	0.0119447029714	0	0	0	9.07997185209e-06	0.000104419676299	4.53998592604e-06	1.81599437042e-05	0	0.000517558395569	9.07997185209e-06	0.000122579620003	4.53998592604e-06	0	0.000118039634077	0.0258733797925	5.44798311125e-05	0.00439016639048	4.53998592604e-06	0.00149365536967	0.000254239211858	0.00892107234468	6.35598029646e-05	0.00017251946519	0.00580210201348	0.00307357047193	0.000249699225932	0.000340498944453	0.000730937734093	9.07997185209e-06	0	4.99398451865e-05	0.00709145801648	0	0.000304179057045	3.17799014823e-05	0	0	0	0	0	0	4.53998592604e-06	0	9.07997185209e-06	0	0	0	0	9.07997185209e-06	2.26999296302e-05	4.53998592604e-06	9.07997185209e-06	0	4.53998592604e-06	0.000104419676299	4.99398451865e-05	4.53998592604e-06	5.44798311125e-05	7.26397748167e-05	0.000177059451116	0	0	0	0	0	0	4.53998592604e-06	0.00191133407486	0.00152997525708	0.00387260799492	0.000894377227431	8.62597325948e-05	8.17197466688e-05	5.44798311125e-05	4.08598733344e-05	4.08598733344e-05	1.36199577781e-05	1.81599437042e-05	0	4.53998592604e-06	4.53998592604e-06
0	4.53998592604e-05	3.17799014823e-05	0	0	0	4.53998592604e-06	0	4.53998592604e-06	0	0	0.00182053435634	0	0.000317799014823	4.53998592604e-06	0	0	5.44798311125e-05	0.00455360588382	0.00236079268154	0	0	0	4.53998592604e-06	0	0.000226999296302	0.00309173041564	0.000258779197784	0	0	0	9.07997185209e-06	0	0	0.000190679408894	0	2.72399155563e-05	0	0	0	0	0	0	0	0	0	4.53998592604e-06	0	1.36199577781e-05	0	0	0	0	4.53998592604e-06	4.53998592604e-06	0	0	0	0	0	2.26999296302e-05	2.26999296302e-05	3.63198874083e-05	0	0	0	0	0	0	0	1.81599437042e-05	0.000181599437042	0.000208839352598	3.17799014823e-05	4.53998592604e-06	0	0	4.53998592604e-06	1.36199577781e-05	0	0	0	0	9.07997185209e-06
0	0.000962477016321	0.0016389349193	0	0	0	9.07997185209e-06	2.26999296302e-05	4.53998592604e-06	0	0	0.00622886069053	0	0.000730937734093	1.36199577781e-05	0	1.81599437042e-05	0.00439016639048	0.00236079268154	0.0228270492361	0	6.80997888907e-05	3.63198874083e-05	0.000531178353347	1.81599437042e-05	0.000817197466688	0.0134383583411	0.00246975234377	3.17799014823e-05	2.72399155563e-05	7.26397748167e-05	9.07997185209e-06	0	4.53998592604e-06	0.00558418268903	0	0.000267859169637	2.26999296302e-05	0	0	0	0	0	0	0	0	6.35598029646e-05	0	2.26999296302e-05	0	0	0	9.07997185209e-06	9.07997185209e-06	1.81599437042e-05	0	0	1.36199577781e-05	9.07997185209e-06	4.53998592604e-06	0.000136199577781	0.000113499648151	0.000231539282228	0	0	0	0	0	0	2.72399155563e-05	0.000621978071868	0.00149819535559	0.00309173041564	0.000626518057794	3.63198874083e-05	4.08598733344e-05	5.44798311125e-05	3.63198874083e-05	9.9879690373e-05	3.17799014823e-05	9.07997185209e-06	4.53998592604e-06	0	1.36199577781e-05
0.000422218691122	0	0	0	0.00965201007877	0	0.00172065466597	0.00246067237192	0.000245159240006	0.00036773886001	0.0078450956802	0	0.010373867841	0	0.000490318480013	4.08598733344e-05	1.81599437042e-05	4.53998592604e-06	0	0	0.0216194129798	4.08598733344e-05	1.36199577781e-05	3.17799014823e-05	0.00557964270311	0	0	0	0.00301001066897	0.000231539282228	0.000281479127415	0	0	8.17197466688e-05	0.00017251946519	0	0	0	0	0.00135291580596	0	0	4.53998592604e-06	0	2.72399155563e-05	2.72399155563e-05	0	0.000572038226681	0	0	0	0	0	0	0	0.000186139422968	0	0	0	3.63198874083e-05	0	0	0	9.07997185209e-06	0	4.53998592604e-06	0	0	4.53998592604e-06	4.53998592604e-06	4.99398451865e-05	0	2.72399155563e-05	4.53998592604e-06	5.90198170386e-05	1.36199577781e-05	0	4.53998592604e-06	4.53998592604e-06	0	0	4.53998592604e-06	0	0
0.000167979479264	0.00017251946519	0.0021610333008	0	3.17799014823e-05	0	3.17799014823e-05	0.00113499648151	3.17799014823e-05	0.000381358817788	2.72399155563e-05	1.81599437042e-05	9.07997185209e-06	1.81599437042e-05	0.000108959662225	9.07997185209e-06	0.00431298662974	0.00149365536967	0	6.80997888907e-05	4.08598733344e-05	0.0424670283522	0.00117585635485	0.0230313486028	0.00222913308969	4.53998592604e-06	0.000122579620003	0.00136199577781	0.00970194992396	0.00149365536967	0.0113318048714	0	0	0.000181599437042	0.00797221528613	9.07997185209e-06	1.81599437042e-05	4.53998592604e-06	0	0	0	0	9.07997185209e-06	4.53998592604e-06	0.000140739563707	0	0	9.07997185209e-06	0	4.53998592604e-06	0	4.08598733344e-05	4.53998592604e-06	0	0	4.53998592604e-06	9.07997185209e-06	0.000190679408894	3.17799014823e-05	4.53998592604e-05	0	9.07997185209e-06	3.17799014823e-05	4.99398451865e-05	4.53998592604e-06	2.26999296302e-05	0	0	0	1.81599437042e-05	0.00243797244229	0.000699157832611	0.00285565114748	0.000730937734093	0.000249699225932	0.000104419676299	2.26999296302e-05	6.35598029646e-05	1.81599437042e-05	4.53998592604e-06	4.53998592604e-06	9.07997185209e-06	0	0
9.07997185209e-05	0.00110321658003	0.00114861643929	0	2.26999296302e-05	0	6.80997888907e-05	0.000517558395569	4.08598733344e-05	0.00200213379339	1.81599437042e-05	2.26999296302e-05	2.26999296302e-05	4.53998592604e-06	6.35598029646e-05	4.53998592604e-06	0.00296915079563	0.000254239211858	0	3.63198874083e-05	1.36199577781e-05	0.00117585635485	0.0140421764693	0.00291921095045	0.0035911288675	0	9.53397044469e-05	0.00262865185118	0.00229723287858	0.000313259028897	0.00113953646744	0	4.53998592604e-06	0.000122579620003	0.00140739563707	4.53998592604e-06	0.000140739563707	5.90198170386e-05	0	0	0	9.07997185209e-06	5.44798311125e-05	4.53998592604e-06	0.000576578212608	4.53998592604e-06	0	4.53998592604e-06	4.53998592604e-06	9.07997185209e-06	0	0.000431298662974	4.08598733344e-05	0	4.53998592604e-06	0	5.90198170386e-05	0.00188409415931	0.000345038930379	0.000208839352598	4.53998592604e-06	4.53998592604e-05	0.000313259028897	0.000127119605929	0	7.71797607427e-05	0	0	1.36199577781e-05	7.71797607427e-05	0.000699157832611	0.000231539282228	0.000562958254829	0.000181599437042	9.9879690373e-05	4.53998592604e-05	4.53998592604e-06	9.07997185209e-05	0.000127119605929	8.17197466688e-05	4.08598733344e-05	0	9.07997185209e-06	0
0.000154359521485	0.00124849612966	0.0142555558078	0	2.72399155563e-05	0	4.08598733344e-05	0.000907997185209	2.72399155563e-05	0.000322339000749	1.81599437042e-05	9.9879690373e-05	1.36199577781e-05	3.17799014823e-05	0.000108959662225	9.07997185209e-06	0.00569768233718	0.00892107234468	4.53998592604e-06	0.000531178353347	3.17799014823e-05	0.0230313486028	0.00291921095045	0.064576759812	0.00145279549633	3.63198874083e-05	0.00100333688966	0.0103012280662	0.00470796540531	0.00211563344154	0.00658751957869	0	0	0.000263319183711	0.012094522507	4.53998592604e-06	0.000258779197784	9.07997185209e-06	0	0	0	0	9.07997185209e-06	0	0.000154359521485	4.53998592604e-06	4.53998592604e-06	9.07997185209e-06	4.53998592604e-06	4.53998592604e-06	0	0.000181599437042	1.36199577781e-05	4.53998592604e-06	9.07997185209e-06	0	2.26999296302e-05	0.00065375797335	0.000163439493338	4.53998592604e-05	0	2.72399155563e-05	0.000158899507412	3.17799014823e-05	9.07997185209e-06	3.17799014823e-05	0	0	4.53998592604e-06	3.17799014823e-05	0.00532994347718	0.00227907293487	0.00614260095794	0.00183869430005	0.000358658888157	0.00024061925408	7.71797607427e-05	0.000131659591855	6.80997888907e-05	4.99398451865e-05	2.72399155563e-05	4.53998592604e-06	0	0
0.000953397044469	3.17799014823e-05	9.9879690373e-05	0	0.00527092366014	0	0.00100787687558	0.00790865548317	0.000485778494087	0.0068326788187	0.00236079268154	9.07997185209e-06	0.00256055206229	0	0.000794497537058	4.53998592604e-05	0.00582480194311	6.35598029646e-05	0	1.81599437042e-05	0.00557964270311	0.00222913308969	0.0035911288675	0.00145279549633	0.0430890064241	0	9.07997185209e-06	0.000190679408894	0.0180691439857	0.00130297596077	0.00409960729122	0	9.07997185209e-06	0.000431298662974	0.00208839352598	2.26999296302e-05	4.53998592604e-06	4.53998592604e-06	0	0.000490318480013	0	9.07997185209e-06	0.000108959662225	9.07997185209e-06	0.00080357750891	4.53998592604e-06	0	7.71797607427e-05	4.53998592604e-06	2.26999296302e-05	4.53998592604e-06	5.44798311125e-05	0	0	0	5.44798311125e-05	1.81599437042e-05	0.000167979479264	1.36199577781e-05	0.00117131636892	4.53998592604e-06	4.53998592604e-06	9.07997185209e-06	0.000226999296302	2.26999296302e-05	7.71797607427e-05	0	0	4.53998592604e-05	4.99398451865e-05	0.000726397748167	0.000163439493338	0.000544798311125	0.000154359521485	0.000399518761492	4.53998592604e-05	4.53998592604e-06	7.71797607427e-05	2.26999296302e-05	1.81599437042e-05	1.81599437042e-05	4.53998592604e-05	0	0
0	0.000898917213357	0.000122579620003	0	0	0	4.53998592604e-06	0	0	0	0	0.00230631285043	0	0.00566136244978	0	0	0	0.00017251946519	0.000226999296302	0.000817197466688	0	4.53998592604e-06	0	3.63198874083e-05	0	0.0121717022677	0.00304633055638	0.00168433477856	4.53998592604e-06	4.53998592604e-06	0	6.80997888907e-05	0	0	0.000549338297051	0	0.00060835811409	2.26999296302e-05	0	0	0	0	0	0	0	0	0.000612898100016	0	0.000444918620752	0	0	0	9.07997185209e-06	7.71797607427e-05	0.000118039634077	0	4.53998592604e-06	4.53998592604e-06	4.53998592604e-06	4.53998592604e-06	0.00118039634077	0.000422218691122	0.000581118198534	0	0	0	1.36199577781e-05	0	0	0.000167979479264	4.53998592604e-05	0.00111683653781	0.000644678001498	4.99398451865e-05	0	0	0.000335958958527	1.36199577781e-05	0.00065375797335	0.000118039634077	1.36199577781e-05	0	0	0.000167979479264
0	0.00378634826232	0.00773159603205	0	0	0	2.72399155563e-05	9.07997185209e-06	9.07997185209e-06	4.53998592604e-06	0	0.00903457199283	0	0.0056659024357	1.81599437042e-05	0	1.81599437042e-05	0.00580210201348	0.00309173041564	0.0134383583411	0	0.000122579620003	9.53397044469e-05	0.00100333688966	9.07997185209e-06	0.00304633055638	0.054084852337	0.015776451093	4.08598733344e-05	3.17799014823e-05	9.53397044469e-05	0.000326878986675	0	4.53998592604e-06	0.00507116427939	0	0.00115315642522	6.35598029646e-05	0	0	0	0	0	0	0	0	0.000236079268154	0	0.000167979479264	0	0	9.07997185209e-06	6.35598029646e-05	1.36199577781e-05	0.000140739563707	0	0	8.62597325948e-05	4.08598733344e-05	0	0.000572038226681	0.000476698522235	0.000903457199283	0	4.53998592604e-06	0	4.53998592604e-06	0	0	0.000118039634077	0.000903457199283	0.00271037159785	0.00391346786825	0.000753637663723	5.44798311125e-05	8.17197466688e-05	8.17197466688e-05	4.99398451865e-05	0.000326878986675	0.000131659591855	2.26999296302e-05	4.53998592604e-06	0	5.44798311125e-05
9.07997185209e-06	0.00582026195719	0.0138197171589	0	0	0	1.36199577781e-05	8.17197466688e-05	0	0.000113499648151	4.53998592604e-06	0.00176605452523	0	0.00341406941638	9.07997185209e-06	0	0.00147549542596	0.00307357047193	0.000258779197784	0.00246975234377	0	0.00136199577781	0.00262865185118	0.0103012280662	0.000190679408894	0.00168433477856	0.015776451093	0.0560779061585	0.000399518761492	4.53998592604e-05	0.000522098381495	0.000431298662974	0	1.81599437042e-05	0.00325062992305	0	0.000844437382244	6.35598029646e-05	0	0	0	0	4.53998592604e-06	0	4.99398451865e-05	0	0.000108959662225	4.53998592604e-06	9.07997185209e-05	0	0	6.80997888907e-05	6.35598029646e-05	9.07997185209e-06	8.17197466688e-05	0	9.07997185209e-06	0.000463078564456	0.000104419676299	2.26999296302e-05	0.00019521939482	0.000222459310376	0.000808117494836	9.07997185209e-06	0	9.07997185209e-06	9.07997185209e-06	0	0	5.44798311125e-05	0.00146641545411	0.00160261503189	0.00234717272376	0.000581118198534	7.26397748167e-05	9.53397044469e-05	3.63198874083e-05	6.80997888907e-05	0.000177059451116	7.26397748167e-05	2.26999296302e-05	0	0	1.81599437042e-05
0.00102603681929	7.26397748167e-05	0.000317799014823	0	0.0051256441105	0	0.000730937734093	0.0143781354278	0.000426758677048	0.00329602978231	0.00326424988083	4.53998592604e-06	0.00110321658003	4.53998592604e-06	0.000735477720019	3.63198874083e-05	0.00454452591197	0.000249699225932	0	3.17799014823e-05	0.00301001066897	0.00970194992396	0.00229723287858	0.00470796540531	0.0180691439857	4.53998592604e-06	4.08598733344e-05	0.000399518761492	0.0493360270583	0.00203391369487	0.0141692960752	0	0	0.000676457902981	0.00408144734751	3.17799014823e-05	4.53998592604e-06	0	0	0.000281479127415	0	0	9.9879690373e-05	9.07997185209e-06	0.000749097677797	1.81599437042e-05	0	3.17799014823e-05	0	2.26999296302e-05	4.53998592604e-06	6.35598029646e-05	0	0	0	2.26999296302e-05	2.72399155563e-05	0.000222459310376	2.26999296302e-05	0.000567498240755	4.53998592604e-06	0	4.53998592604e-06	0.000208839352598	3.63198874083e-05	8.62597325948e-05	0	0	4.08598733344e-05	6.35598029646e-05	0.00142555558078	0.000304179057045	0.00112137652373	0.000295099085193	0.000254239211858	5.90198170386e-05	0	5.44798311125e-05	4.53998592604e-06	1.81599437042e-05	9.07997185209e-06	4.53998592604e-05	0	0
0.00693255850907	1.81599437042e-05	0.000158899507412	0	9.9879690373e-05	0.00021791932445	0.00431298662974	0.00542528318162	0.00392708782603	0.000417678705196	0.000349578916305	8.62597325948e-05	0.000281479127415	2.26999296302e-05	0.0101060086714	0.000136199577781	0.00021791932445	0.000340498944453	0	2.72399155563e-05	0.000231539282228	0.00149365536967	0.000313259028897	0.00211563344154	0.00130297596077	4.53998592604e-06	3.17799014823e-05	4.53998592604e-05	0.00203391369487	0.0376047034254	0.00550700292829	0	0.00151181531337	0.00480330510975	0.0089256123306	0	0	4.53998592604e-06	0	0	0	0	1.81599437042e-05	0	0.000122579620003	0	0	9.07997185209e-06	0	4.53998592604e-06	0	1.81599437042e-05	0	0	0	4.53998592604e-06	4.53998592604e-06	2.72399155563e-05	4.53998592604e-06	9.07997185209e-05	0	4.53998592604e-06	0	4.08598733344e-05	0	4.53998592604e-06	0	0	0	0	0.00169795473634	0.000208839352598	0.00218827321635	0.000576578212608	0.00139831566522	0.00106689669262	9.07997185209e-06	2.26999296302e-05	4.53998592604e-06	4.53998592604e-06	4.53998592604e-06	4.53998592604e-06	0	0
0.00220189317413	0.000113499648151	0.000885297255579	0	0.00021791932445	0	0.000317799014823	0.0141057362722	0.000422218691122	0.00130297596077	0.000335958958527	9.07997185209e-06	0.00021791932445	1.36199577781e-05	0.000862597325948	3.17799014823e-05	0.00144371552448	0.000730937734093	0	7.26397748167e-05	0.000281479127415	0.0113318048714	0.00113953646744	0.00658751957869	0.00409960729122	0	9.53397044469e-05	0.000522098381495	0.0141692960752	0.00550700292829	0.0441831430323	0	4.53998592604e-06	0.00112591650966	0.00920255147209	9.07997185209e-06	4.53998592604e-06	0	0	9.07997185209e-06	0	0	4.08598733344e-05	4.53998592604e-06	0.000263319183711	4.53998592604e-06	0	4.53998592604e-06	0	0	0	3.63198874083e-05	0	0	0	0	1.36199577781e-05	0.000136199577781	2.26999296302e-05	0.00021791932445	0	4.53998592604e-06	9.07997185209e-06	8.17197466688e-05	1.81599437042e-05	3.17799014823e-05	0	0	4.53998592604e-06	1.81599437042e-05	0.00243797244229	0.000508478423717	0.00227453294895	0.000649217987424	0.000358658888157	0.000104419676299	0	4.53998592604e-05	9.07997185209e-06	4.53998592604e-06	4.53998592604e-06	2.26999296302e-05	0	0
0	4.53998592604e-06	9.07997185209e-06	0	0	0	0	0	0	0	0	0.000177059451116	0	0.000808117494836	0	0	0	9.07997185209e-06	9.07997185209e-06	9.07997185209e-06	0	0	0	0	0	6.80997888907e-05	0.000326878986675	0.000431298662974	0	0	0	0.000853517354096	0	0	9.07997185209e-06	0	0	0	0	0	0	0	0	0	0	0	9.07997185209e-06	0	9.07997185209e-06	0	0	0	0	0	0	0	0	0	0	0	9.07997185209e-06	9.07997185209e-06	4.53998592604e-06	0	0	0	0	0	0	0	0	1.36199577781e-05	9.07997185209e-06	4.53998592604e-06	0	0	0	0	4.53998592604e-06	0	0	0	0	0
0	0	0	0	0	0.000808117494836	0.00164801489115	0	0.000917077157061	0	0	9.07997185209e-06	0	4.53998592604e-06	0.0012030962704	4.53998592604e-06	4.53998592604e-06	0	0	0	0	0	4.53998592604e-06	0	9.07997185209e-06	0	0	0	0	0.00151181531337	4.53998592604e-06	0	0.00379542823417	9.07997185209e-06	0.000749097677797	0	0	0	0	0	0	0	0	0	0	0	0	0	0	0	0	0	0	0	0	0	0	0	0	0	0	0	0	0	0	0	0	0	0	0	1.36199577781e-05	4.53998592604e-06	0.000104419676299	9.07997185209e-06	0.000136199577781	0.00103965677706	0	0	0	0	0	0	0	0
0.0011849363267	9.07997185209e-06	4.08598733344e-05	0	3.17799014823e-05	0	0.00019521939482	0.00099879690373	0.000149819535559	0.00017251946519	7.71797607427e-05	9.07997185209e-06	3.63198874083e-05	0	0.000449458606678	1.36199577781e-05	9.07997185209e-05	4.99398451865e-05	0	4.53998592604e-06	8.17197466688e-05	0.000181599437042	0.000122579620003	0.000263319183711	0.000431298662974	0	4.53998592604e-06	1.81599437042e-05	0.000676457902981	0.00480330510975	0.00112591650966	0	9.07997185209e-06	0.00653303974758	0.00285111116156	0	0	0	0	0	0	0	2.26999296302e-05	0	4.08598733344e-05	0	0	0	0	0	0	4.53998592604e-06	0	0	0	0	0	1.36199577781e-05	4.53998592604e-06	4.08598733344e-05	0	0	0	2.26999296302e-05	0	0	0	0	0	0	0.00113045649558	0.000104419676299	0.000735477720019	0.000226999296302	0.000290559099267	4.53998592604e-05	0	3.63198874083e-05	1.81599437042e-05	1.36199577781e-05	1.81599437042e-05	4.53998592604e-06	0	0
0.00138015572152	0.00112591650966	0.00656481964906	0	7.71797607427e-05	0.000236079268154	0.00358658888157	0.00266497173859	0.00183869430005	0.000694617846685	0.000263319183711	0.00431298662974	0.000177059451116	0.000758177649649	0.0034685492475	9.53397044469e-05	0.00136653576374	0.00709145801648	0.000190679408894	0.00558418268903	0.00017251946519	0.00797221528613	0.00140739563707	0.012094522507	0.00208839352598	0.000549338297051	0.00507116427939	0.00325062992305	0.00408144734751	0.0089256123306	0.00920255147209	9.07997185209e-06	0.000749097677797	0.00285111116156	0.0589834971512	4.53998592604e-06	0.000281479127415	1.81599437042e-05	0	0	0	0	2.72399155563e-05	4.53998592604e-06	0.00021791932445	9.07997185209e-06	4.99398451865e-05	9.07997185209e-06	2.72399155563e-05	4.53998592604e-06	0	6.80997888907e-05	9.07997185209e-06	4.53998592604e-06	2.26999296302e-05	4.53998592604e-06	1.81599437042e-05	0.000258779197784	5.90198170386e-05	0.000122579620003	9.9879690373e-05	7.71797607427e-05	0.000186139422968	4.53998592604e-05	0	1.81599437042e-05	0	0	0	4.99398451865e-05	0.0117040837173	0.00442194629197	0.0234762672236	0.005770322112	0.00316891017638	0.00222913308969	0.000204299366672	0.000345038930379	0.000145279549633	0.000104419676299	7.26397748167e-05	2.26999296302e-05	4.53998592604e-06	1.36199577781e-05
0	0	0	0	0	0	0	9.07997185209e-06	0	8.62597325948e-05	0	0	0	0	0	0	4.53998592604e-06	0	0	0	0	9.07997185209e-06	4.53998592604e-06	4.53998592604e-06	2.26999296302e-05	0	0	0	3.17799014823e-05	0	9.07997185209e-06	0	0	0	4.53998592604e-06	0.0140830363426	9.07997185209e-06	1.36199577781e-05	0	2.26999296302e-05	9.07997185209e-06	0.00148003541189	0.00379542823417	0.00193857399042	0.00024061925408	0.00036773886001	0	0.000158899507412	0	0.00587020180237	0.000127119605929	9.9879690373e-05	4.53998592604e-06	0	0	6.35598029646e-05	0.000167979479264	6.80997888907e-05	0.00024061925408	0.000835357410392	0	0	2.72399155563e-05	0.00121671622818	0.00778153587724	0.00254239211858	0	1.81599437042e-05	0.0013256758904	0.00125303611559	1.81599437042e-05	0	4.53998592604e-06	4.53998592604e-06	0	0	0	0.000499398451865	0.000104419676299	0.0004358386489	0.000181599437042	0.000204299366672	7.26397748167e-05	0
0	0.00318707012008	0.00099879690373	0	0	0	0	0	0	4.53998592604e-06	0	0.000154359521485	0	9.07997185209e-05	0	0	1.81599437042e-05	0.000304179057045	2.72399155563e-05	0.000267859169637	0	1.81599437042e-05	0.000140739563707	0.000258779197784	4.53998592604e-06	0.00060835811409	0.00115315642522	0.000844437382244	4.53998592604e-06	0	4.53998592604e-06	0	0	0	0.000281479127415	9.07997185209e-06	0.0225546500806	0.00124849612966	0	0	0	4.53998592604e-06	2.72399155563e-05	0	7.26397748167e-05	0	0.00084897736817	4.53998592604e-06	0.000526638367421	9.07997185209e-06	0	0.000222459310376	0.00107597666447	0.000163439493338	0.00127573604522	0	0.000158899507412	0.00295553083785	0.000858057340022	4.53998592604e-06	0.00236987265339	0.00447642612308	0.0147413343019	3.63198874083e-05	2.26999296302e-05	8.17197466688e-05	1.36199577781e-05	0	1.36199577781e-05	0.000930697114839	7.26397748167e-05	0.000708237804463	0.00024061925408	3.17799014823e-05	9.07997185209e-06	0	0	0.00058565818446	0.00185231425783	0.00133021587633	0.00036773886001	2.72399155563e-05	1.81599437042e-05	4.99398451865e-05
0	0.000231539282228	6.35598029646e-05	0	0	0	0	9.07997185209e-06	0	9.07997185209e-06	0	0	0	4.53998592604e-06	0	0	4.08598733344e-05	3.17799014823e-05	0	2.26999296302e-05	0	4.53998592604e-06	5.90198170386e-05	9.07997185209e-06	4.53998592604e-06	2.26999296302e-05	6.35598029646e-05	6.35598029646e-05	0	4.53998592604e-06	0	0	0	0	1.81599437042e-05	1.36199577781e-05	0.00124849612966	0.0168388077997	0	0	0	1.81599437042e-05	0.000108959662225	1.36199577781e-05	5.90198170386e-05	9.07997185209e-06	6.35598029646e-05	0	9.07997185209e-06	4.53998592604e-06	0	0.000635598029646	0.00236533266747	9.07997185209e-06	0.000385898803714	0	0.000907997185209	0.00149365536967	0.00875309286541	9.9879690373e-05	1.81599437042e-05	0.00241073252673	0.00538442330829	0.000272399155563	3.17799014823e-05	0.000508478423717	0	0	1.81599437042e-05	0.000930697114839	3.63198874083e-05	4.53998592604e-05	3.17799014823e-05	9.07997185209e-06	0	0	4.53998592604e-06	0.000889837241505	0.00168433477856	0.00124395614374	0.000685537874833	2.26999296302e-05	7.26397748167e-05	2.72399155563e-05
0	0	0	0	0	0	0	0	0	0	0	0	0	0	0	0	0	0	0	0	0	0	0	0	0	0	0	0	0	0	0	0	0	0	0	0	0	0	0	0	0	0	0	0	0	0	0	0	0	0	0	0	0	0	0	0	0	0	0	0	0	0	0	0	0	0	0	0	0	0	0	0	0	0	0	0	0	0	0	0	0	0	0	0
4.53998592604e-06	0	0	0	0.00256509204821	0	1.81599437042e-05	4.08598733344e-05	4.53998592604e-06	4.53998592604e-06	0.000199759380746	0	0.000313259028897	0	9.07997185209e-06	0	0	0	0	0	0.00135291580596	0	0	0	0.000490318480013	0	0	0	0.000281479127415	0	9.07997185209e-06	0	0	0	0	2.26999296302e-05	0	0	0	0.0114907043788	0	0.000313259028897	0.000535718339273	4.99398451865e-05	5.90198170386e-05	0.0025968719497	0	0.000712777790389	0	4.53998592604e-05	9.07997185209e-06	0	0	0	0	0.00459446575716	9.07997185209e-06	9.07997185209e-06	4.53998592604e-06	0.00344584931787	0	0	0	0.00267859169637	1.36199577781e-05	2.26999296302e-05	0	0	4.53998592604e-06	1.36199577781e-05	0	0	0	0	0	0	0	4.53998592604e-06	0	4.53998592604e-06	0	9.07997185209e-06	0	0
0	0	0	0	0	0	0	0	0	0	0	0	0	0	0	0	0	0	0	0	0	0	0	0	0	0	0	0	0	0	0	0	0	0	0	9.07997185209e-06	0	0	0	0	0.00320069007786	0.00148911538374	0	0.000281479127415	0	0	0	0	0	0.000127119605929	0.000712777790389	0	0	0	0	0	0	0	0	0	0	0	0	0	4.99398451865e-05	0	0	0.000730937734093	0	9.53397044469e-05	0	0	0	0	0	0	0	4.53998592604e-06	9.07997185209e-06	9.07997185209e-06	4.53998592604e-06	0.000576578212608	0.000145279549633	0
0	0	0	0	0	0	0	0	0	2.72399155563e-05	0	0	0	0	0	0	0	0	0	0	0	0	9.07997185209e-06	0	9.07997185209e-06	0	0	0	0	0	0	0	0	0	0	0.00148003541189	4.53998592604e-06	1.81599437042e-05	0	0.000313259028897	0.00148911538374	0.0447097813997	0.00393616779788	0.0177831248723	0.000108959662225	0.0105509272921	5.90198170386e-05	0.00603364129571	4.53998592604e-06	0.0078087757928	0.00175697455338	2.72399155563e-05	2.26999296302e-05	1.36199577781e-05	0	0.00161623498967	0.000104419676299	3.17799014823e-05	0.000140739563707	0.00199305382153	0	1.36199577781e-05	9.07997185209e-06	0.00153905522893	0.00544344312533	0.000354118902231	0	0.00262865185118	0.000354118902231	0.0032415499512	0	0	0	0	0	0	0	0.000381358817788	0.000131659591855	0.00126211608744	0.00041313871927	0.000712777790389	0.000976096974099	1.36199577781e-05
0	1.36199577781e-05	0	0	4.53998592604e-06	0	4.53998592604e-06	5.44798311125e-05	0	0.000349578916305	4.53998592604e-06	0	9.07997185209e-06	0	0	0	2.72399155563e-05	0	0	0	4.53998592604e-06	9.07997185209e-06	5.44798311125e-05	9.07997185209e-06	0.000108959662225	0	0	4.53998592604e-06	9.9879690373e-05	1.81599437042e-05	4.08598733344e-05	0	0	2.26999296302e-05	2.72399155563e-05	0.00379542823417	2.72399155563e-05	0.000108959662225	0	0.000535718339273	0	0.00393616779788	0.0443783624271	0.00287835107711	0.00111683653781	0.0102285882914	4.53998592604e-06	0.00114861643929	0	0.00433568655937	0.000122579620003	0.0004358386489	7.71797607427e-05	0	9.07997185209e-06	0.00099879690373	0.000880757269652	0.000363198874083	0.00107143667855	0.00680543890314	0	4.53998592604e-06	7.26397748167e-05	0.0156175515856	0.00284657117563	0.00812203482169	0	4.53998592604e-06	0.000617438085942	0.00122125621411	9.07997185209e-06	9.07997185209e-06	0	0	9.07997185209e-06	0	0	0.00063105804372	0.000286019113341	0.000453998592604	0.000158899507412	0.000226999296302	5.90198170386e-05	0
0	0	0	0	0	0	0	4.53998592604e-06	0	2.26999296302e-05	0	0	0	0	0	0	0	0	0	0	0	4.53998592604e-06	4.53998592604e-06	0	9.07997185209e-06	0	0	0	9.07997185209e-06	0	4.53998592604e-06	0	0	0	4.53998592604e-06	0.00193857399042	0	1.36199577781e-05	0	4.99398451865e-05	0.000281479127415	0.0177831248723	0.00287835107711	0.0359203686469	0.000104419676299	0.00350486913491	3.63198874083e-05	0.000499398451865	0	0.0114543844914	0.000640138015572	2.72399155563e-05	1.36199577781e-05	4.53998592604e-06	0	0.000254239211858	7.26397748167e-05	3.17799014823e-05	8.62597325948e-05	0.00080357750891	0	0	0	0.000789957551132	0.00464894558827	0.000408598733344	0	0.00179329444079	0.000299639071119	0.00189771411709	0	0	0	0	4.53998592604e-06	0	0	0.000295099085193	8.17197466688e-05	0.000730937734093	0.000204299366672	0.00036773886001	0.000385898803714	0
