0.0122054114864	0.000115383505928	0.000411053739868	0	7.21146912049e-06	1.08172036807e-05	0.000162258055211	0.0035552542764	0.00058412899876	0.000302881703061	0.000623792078922	0.000111777771368	6.85089566446e-05	3.60573456024e-06	0.00523552658148	7.21146912049e-06	0	0.00161897481755	2.8845876482e-05	0.00121873828136	9.73548331266e-05	2.52401419217e-05	0.000346150517783	0.000576917529639	0.000421870943549	0	0.00142787088586	0.000230767011856	0.00148556263882	0.00862852280267	0.00862852280267	0	1.4422938241e-05	7.21146912049e-05	0.00157570600283	0	2.16344073615e-05	6.12974875242e-05	0	0	0	0	2.52401419217e-05	7.21146912049e-06	0.000162258055211	0	0	0	0	1.4422938241e-05	0	0.000111777771368	1.80286728012e-05	0	0	0	1.08172036807e-05	0.0002992759685	0.000162258055211	5.76917529639e-05	0	2.16344073615e-05	1.80286728012e-05	0.000201921135374	1.08172036807e-05	2.52401419217e-05	0	0	0	3.60573456024e-06	0.000209132604494	0.000104566302247	0.00143868808954	0.000840136152537	0	0	3.60573456024e-06	2.8845876482e-05	3.96630801627e-05	7.21146912049e-06	7.21146912049e-06	3.24516110422e-05	0	0
0.000115383505928	0.02549975481	0.00292785646292	0	0	5.04802838434e-05	1.08172036807e-05	2.16344073615e-05	7.21146912049e-06	0.00345429370871	3.60573456024e-05	5.76917529639e-05	0	0.000789655868694	0.000100960567687	0.000403842270747	0.000836530417977	0.000360573456024	0	0.000580523264199	0	0.000284853030259	0.00631724694955	0.000425476678109	0.00343987077047	0.00274756973491	0.00658407130701	0.0187966942626	0.000284853030259	0.000364179190585	0.000245189950097	0.000198315400813	7.21146912049e-06	0.00014783511697	0.000667060893645	1.4422938241e-05	0.0103773040644	0.000537254449476	0	3.60573456024e-06	0	1.80286728012e-05	9.37490985664e-05	5.40860184037e-05	0.000108172036807	2.16344073615e-05	3.60573456024e-06	1.80286728012e-05	3.96630801627e-05	3.24516110422e-05	1.08172036807e-05	0.000230767011856	0.000158652320651	3.60573456024e-06	6.49032220844e-05	1.08172036807e-05	1.4422938241e-05	0.00230767011856	0.000346150517783	0.000248795684657	0.000281247295699	0.00133772752185	0.00789655868694	7.93261603254e-05	3.60573456024e-06	1.4422938241e-05	1.4422938241e-05	0	0	7.21146912049e-05	0.00343626503591	0.00144950529322	0.000324516110422	8.65376294459e-05	0.000602157671561	7.21146912049e-06	7.21146912049e-06	0.000530042980356	0.000212738339054	7.57204257651e-05	4.32688147229e-05	2.16344073615e-05	0	7.21146912049e-06
0.000411053739868	0.00292785646292	0.0589032797762	0	0	3.60573456024e-06	0.000609369140681	0.00724031499697	0.00073196411573	7.21146912049e-05	0.000306487437621	0.000313698906741	3.60573456024e-05	2.52401419217e-05	0.00176320419996	0	0.000277641561139	0.00365260910953	2.52401419217e-05	0.000194709666253	1.4422938241e-05	0.00330285285718	0.00145311102778	0.023015403698	0.000475956961952	7.21146912049e-06	0.012028730493	0.02283511697	0.00748911068163	0.000858164825338	0.00337857328295	3.60573456024e-06	0.000306487437621	3.96630801627e-05	0.00195430813165	0.000216344073615	0.00521389217411	0.00609008567225	0	2.8845876482e-05	0	4.32688147229e-05	0.000980759800387	0.000371390659705	0.000266824357458	4.68745492832e-05	1.08172036807e-05	0	7.21146912049e-06	0.000356967721464	0	0.00184974182941	0.000822107479736	3.60573456024e-06	0.00014783511697	1.4422938241e-05	0.00044350535091	0.00698070210863	0.00969942596706	0.000335333314103	0	0.00109974904087	0.00831482389592	0.000479562696513	5.40860184037e-05	0.000385813597946	5.04802838434e-05	0	0	0.000241584215536	0.00615498889434	0.00113220065192	0.00327040124614	0.00283410736435	0	0	0	0.0015324371881	0.00107811463351	0.000219949808175	5.76917529639e-05	3.24516110422e-05	0	1.4422938241e-05
0	0	0	0	0	0	0	0	0	0	0	0	0	0	0	0	0	0	0	0	0	0	0	0	0	0	0	0	0	0	0	0	0	0	0	0	0	0	0	0	0	0	0	0	0	0	0	0	0	0	0	0	0	0	0	0	0	0	0	0	0	0	0	0	0	0	0	0	0	0	0	0	0	0	0	0	0	0	0	0	0	0	0	0
7.21146912049e-06	0	0	0	0.0180358842703	3.60573456024e-05	9.73548331266e-05	4.32688147229e-05	3.24516110422e-05	0.00291343352468	0.00104926875703	2.52401419217e-05	0.00519225776675	0	7.21146912049e-05	0.000411053739868	3.60573456024e-06	0	0	0	0.0097679349237	3.60573456024e-06	0	3.60573456024e-06	0.00665618599821	0	2.8845876482e-05	0	0.00577638676551	0.000158652320651	1.08172036807e-05	0	2.52401419217e-05	1.80286728012e-05	0.000155046586091	0	0	0	0	0.00289540485188	0	0.000829318948856	1.4422938241e-05	0.000692301035567	0.00194349092797	0.00214180632879	9.01433640061e-05	0.00116465226296	7.21146912049e-06	0.000162258055211	0.000100960567687	0	3.60573456024e-06	0.00015144085153	2.16344073615e-05	0.00221392101999	3.60573456024e-06	0	3.60573456024e-06	0.00210574898318	1.08172036807e-05	3.60573456024e-05	1.4422938241e-05	0.00343626503591	2.52401419217e-05	0	0	0	0	0.000194709666253	0.000400236536187	0	0.000118989240488	7.57204257651e-05	0.00151801424986	1.08172036807e-05	0	0.000133412178729	2.16344073615e-05	0.000259612888338	3.60573456024e-06	0.000180286728012	1.80286728012e-05	3.60573456024e-06
1.08172036807e-05	5.04802838434e-05	3.60573456024e-06	0	3.60573456024e-05	0.00497230795858	0.00104205728791	1.4422938241e-05	0.000396630801627	0.000259612888338	1.4422938241e-05	7.21146912049e-05	0.000479562696513	3.60573456024e-06	0.000137017913289	0.000923068047423	0	0	3.60573456024e-06	1.08172036807e-05	5.40860184037e-05	3.60573456024e-06	5.40860184037e-05	1.08172036807e-05	0.00014062364785	2.52401419217e-05	2.52401419217e-05	4.68745492832e-05	6.85089566446e-05	0.0011610465284	2.52401419217e-05	0	0.00182089595292	0	0.00126921856521	1.08172036807e-05	0	0	0	0	0	1.80286728012e-05	9.01433640061e-05	6.85089566446e-05	0.000108172036807	3.60573456024e-06	0	0	0	6.49032220844e-05	3.60573456024e-06	0	0	0	0	0	0	0	0	5.04802838434e-05	0	0	0	0.00014783511697	3.60573456024e-06	7.21146912049e-05	0	0	0	3.60573456024e-06	0.000876193498139	2.52401419217e-05	0.000688695301007	0.000100960567687	0.00155407159547	0.00120431534312	3.60573456024e-06	1.08172036807e-05	0	0	0	2.16344073615e-05	0	0
0.000162258055211	1.08172036807e-05	0.000609369140681	0	9.73548331266e-05	0.00104205728791	0.0286475610811	0.00551677387717	0.0116068595494	0.000104566302247	0.00952995644273	0.000623792078922	0.0090792396227	3.60573456024e-05	0.00201921135374	0.00135575619465	0	4.68745492832e-05	2.8845876482e-05	9.37490985664e-05	0.00117186373208	5.76917529639e-05	3.60573456024e-05	0.000703118239248	0.000115383505928	0	0.000338939048663	5.04802838434e-05	0.00104205728791	0.0070383938616	0.000796867337814	0	0.00196873106989	0.000320910375862	0.00215983500159	2.52401419217e-05	0	0	0	3.60573456024e-06	0	3.60573456024e-05	5.40860184037e-05	0.000111777771368	0.000205526869934	7.21146912049e-06	3.60573456024e-06	7.21146912049e-06	0	9.01433640061e-05	3.60573456024e-06	7.21146912049e-06	0	3.60573456024e-06	0	0	7.21146912049e-06	7.57204257651e-05	8.65376294459e-05	0.000310093172181	0	3.60573456024e-06	3.60573456024e-06	0.000158652320651	2.8845876482e-05	1.80286728012e-05	0	0	0	7.21146912049e-06	0.000544465918597	7.21146912049e-05	0.00106008596071	0.000274035826579	0.00115744079384	0.000353361986904	2.16344073615e-05	6.12974875242e-05	3.60573456024e-06	3.60573456024e-06	0	4.32688147229e-05	0	0
0.0035552542764	2.16344073615e-05	0.00724031499697	0	4.32688147229e-05	1.4422938241e-05	0.00551677387717	0.0525211296045	0.00608287420313	0.00043629388179	0.0107883578043	0.00014062364785	0.000457928289151	3.60573456024e-05	0.0101068739724	0.000165863789771	3.60573456024e-06	0.00246271670465	1.80286728012e-05	0.000652637955404	0.000162258055211	0.00276199267315	9.73548331266e-05	0.00970663743618	0.00088340496726	0	0.00347592811608	0.000277641561139	0.0230334323708	0.0175310814319	0.0174445438025	0	0.000897827905501	0.00788934721782	0.00690498168287	0.00014783511697	1.4422938241e-05	1.80286728012e-05	0	3.60573456024e-05	0	0.000270430092018	0.00044711108547	0.000367784925145	0.00177402140364	5.76917529639e-05	0	0.00014422938241	0	0.000371390659705	3.60573456024e-05	3.24516110422e-05	7.21146912049e-06	3.60573456024e-06	0	2.16344073615e-05	8.29318948856e-05	0.000223555542735	0.000338939048663	0.00215622926703	0	3.24516110422e-05	3.24516110422e-05	0.00184253036028	0.000227161277295	0.000133412178729	0	0	0	6.85089566446e-05	0.00238339054432	0.000169469524331	0.00529321833444	0.0030107883578	0.000111777771368	2.16344073615e-05	1.4422938241e-05	0.000641820751724	4.32688147229e-05	6.49032220844e-05	1.08172036807e-05	0.000353361986904	6.49032220844e-05	0
0.00058412899876	7.21146912049e-06	0.00073196411573	0	3.24516110422e-05	0.000396630801627	0.0116068595494	0.00608287420313	0.0250887010702	3.60573456024e-05	0.00676435803502	0.000349756252344	0.00181007874924	2.8845876482e-05	0.00962370554129	0.000129806444169	0	5.76917529639e-05	1.08172036807e-05	0.000108172036807	0.000331727579543	7.57204257651e-05	3.24516110422e-05	0.000829318948856	0.000118989240488	0	0.000371390659705	5.04802838434e-05	0.000977154065826	0.00864294574091	0.000631003548043	3.60573456024e-05	0.00187498197133	0.000356967721464	0.00187498197133	2.16344073615e-05	1.08172036807e-05	0	0	7.21146912049e-06	0	7.93261603254e-05	4.32688147229e-05	0.000137017913289	0.000374996394265	3.60573456024e-05	7.21146912049e-06	3.24516110422e-05	0	9.01433640061e-05	1.4422938241e-05	1.4422938241e-05	3.60573456024e-06	7.21146912049e-06	3.60573456024e-06	1.80286728012e-05	7.21146912049e-06	8.29318948856e-05	9.73548331266e-05	0.000955519658465	0	1.80286728012e-05	2.16344073615e-05	0.000508408572994	5.04802838434e-05	1.80286728012e-05	0	0	0	2.16344073615e-05	0.000277641561139	0.00014783511697	0.00121152681224	0.000284853030259	0.000162258055211	0.00014783511697	1.80286728012e-05	0.000400236536187	7.57204257651e-05	1.4422938241e-05	0	0.000194709666253	0	0
0.000302881703061	0.00345429370871	7.21146912049e-05	0	0.00291343352468	0.000259612888338	0.000104566302247	0.00043629388179	3.60573456024e-05	0.0340092883722	3.96630801627e-05	3.60573456024e-05	0.00346150517783	0.000191103931693	0.000364179190585	0.00125840136153	0.00179205007644	0.00014422938241	1.08172036807e-05	9.73548331266e-05	0.00292785646292	0.00301439409236	0.00954798511553	0.00180647301468	0.0182991028932	0.00113941212104	0.000634609282603	0.00334251593735	0.00794343323622	0.00139181354025	0.0015324371881	2.16344073615e-05	4.32688147229e-05	0.000955519658465	0.00147113970058	0.000187498197133	0.000118989240488	1.08172036807e-05	0	0.00109253757175	0	0.000223555542735	0.000865376294459	0.000313698906741	0.0143580350189	0.000573311795079	7.21146912049e-06	0.000111777771368	3.60573456024e-06	0.000137017913289	1.80286728012e-05	0.00265382063634	4.68745492832e-05	1.08172036807e-05	1.08172036807e-05	0.000926673781983	0.0002992759685	0.00786771281045	0.000118989240488	0.0109866732051	1.80286728012e-05	2.16344073615e-05	0.000122594975048	0.00657685983789	0.000100960567687	0.000530042980356	0	0	0	6.12974875242e-05	0.00186416476765	0.00015144085153	0.000645426486284	0.00043629388179	0.00286295324083	6.85089566446e-05	0	0.00150359131162	0.00043989961635	0.000165863789771	3.96630801627e-05	0.000674272362766	8.29318948856e-05	0
0.000623792078922	3.60573456024e-05	0.000306487437621	0	0.00104926875703	1.4422938241e-05	0.00952995644273	0.0107883578043	0.00676435803502	3.96630801627e-05	0.0393313525831	0.000302881703061	0.00636051576427	3.24516110422e-05	0.00836530417977	0.000259612888338	0	7.93261603254e-05	5.04802838434e-05	0.000212738339054	0.00327040124614	0.000115383505928	1.08172036807e-05	0.000306487437621	0.000335333314103	3.60573456024e-06	0.000367784925145	3.96630801627e-05	0.0032920356535	0.0114229670869	0.00175238699628	0	0.000100960567687	0.00126921856521	0.00557085989558	7.21146912049e-06	1.80286728012e-05	0	0	0.000356967721464	0	8.29318948856e-05	2.8845876482e-05	6.49032220844e-05	0.000923068047423	0.000674272362766	0	8.29318948856e-05	3.60573456024e-06	9.01433640061e-05	1.08172036807e-05	1.80286728012e-05	0	0	0	0.000331727579543	0	3.60573456024e-05	1.4422938241e-05	0.00138460207113	0	3.60573456024e-06	2.52401419217e-05	0.000858164825338	5.76917529639e-05	1.4422938241e-05	0	0	0	1.08172036807e-05	0.00132330458361	7.93261603254e-05	0.00491101047105	0.00175599273084	0.00015144085153	8.29318948856e-05	7.21146912049e-06	7.93261603254e-05	3.60573456024e-06	3.60573456024e-06	0	7.21146912049e-05	0	0
0.000111777771368	5.76917529639e-05	0.000313698906741	0	2.52401419217e-05	7.21146912049e-05	0.000623792078922	0.00014062364785	0.000349756252344	3.60573456024e-05	0.000302881703061	0.0285105431679	0.00354083133816	0.00286655897539	0.00101681714599	1.4422938241e-05	2.8845876482e-05	0.00101321141143	0.00305766290709	0.00551316814261	0.00254925433409	0.000786050134133	2.8845876482e-05	0.00117546946664	0.000219949808175	0.000836530417977	0.0154866299363	0.00148195690426	0.0002992759685	0.00653719675772	0.000504802838434	0.00252040845761	0.00043989961635	7.93261603254e-05	0.0119061355179	0	4.32688147229e-05	1.80286728012e-05	0	0	0	2.52401419217e-05	0	9.73548331266e-05	3.96630801627e-05	0	8.29318948856e-05	0	0.000479562696513	9.01433640061e-05	0	2.52401419217e-05	7.21146912049e-06	7.21146912049e-06	3.96630801627e-05	0	3.60573456024e-06	3.96630801627e-05	4.32688147229e-05	0.000158652320651	6.49032220844e-05	0.00014422938241	9.73548331266e-05	2.52401419217e-05	2.16344073615e-05	3.60573456024e-06	0	0	0	3.60573456024e-06	0.00362736896761	0.00403121123835	0.00786410707589	0.000566100325958	7.21146912049e-06	7.21146912049e-06	0.000198315400813	7.21146912049e-05	0.000486774165633	0	0	1.80286728012e-05	0	3.96630801627e-05
6.85089566446e-05	0	3.60573456024e-05	0	0.00519225776675	0.000479562696513	0.0090792396227	0.000457928289151	0.00181007874924	0.00346150517783	0.00636051576427	0.00354083133816	0.0360393169296	0.00014062364785	0.00305766290709	0.00198675974269	3.60573456024e-06	0.000201921135374	0.000367784925145	0.000876193498139	0.0153171604119	1.80286728012e-05	1.08172036807e-05	0.000126200709609	0.00247353390833	2.16344073615e-05	0.0020949317795	7.93261603254e-05	0.00281247295699	0.00965615715234	5.76917529639e-05	4.32688147229e-05	0.000194709666253	1.4422938241e-05	0.00724392073153	0	1.08172036807e-05	0	0	0.000284853030259	0	3.60573456024e-06	7.21146912049e-06	3.60573456024e-05	0.000631003548043	0.000111777771368	0	0.000133412178729	3.60573456024e-06	4.68745492832e-05	0	2.52401419217e-05	0	0	0	0.000191103931693	0	3.24516110422e-05	7.21146912049e-06	0.000432688147229	0	7.21146912049e-06	1.4422938241e-05	0.000227161277295	1.08172036807e-05	1.08172036807e-05	0	0	0	0	0.00185695329853	0.000194709666253	0.00506605705714	0.0008797992327	0.00377880981914	0.000219949808175	1.80286728012e-05	3.60573456024e-05	7.21146912049e-06	0	0	1.80286728012e-05	0	0
3.60573456024e-06	0.000789655868694	2.52401419217e-05	0	0	3.60573456024e-06	3.60573456024e-05	3.60573456024e-05	2.8845876482e-05	0.000191103931693	3.24516110422e-05	0.00286655897539	0.00014062364785	0.0164349381256	5.76917529639e-05	5.04802838434e-05	0	8.65376294459e-05	1.08172036807e-05	4.32688147229e-05	0.000115383505928	7.21146912049e-06	0.000191103931693	3.96630801627e-05	0.000111777771368	0.00752156229267	0.00529321833444	0.00345068797415	6.49032220844e-05	0.000277641561139	1.4422938241e-05	0.00464779184816	7.21146912049e-06	2.52401419217e-05	0.000530042980356	0	8.65376294459e-05	3.60573456024e-06	0	0	0	3.60573456024e-06	0	7.21146912049e-06	0	3.60573456024e-06	0.00124397842328	0	0.00335333314103	3.60573456024e-06	0	0	0	7.21146912049e-06	2.16344073615e-05	0	0	0	0	3.60573456024e-06	0.000948308189344	0.000465139758272	0.000367784925145	7.21146912049e-06	0	0	2.52401419217e-05	3.60573456024e-06	0	5.04802838434e-05	0.000461534023711	0.00120431534312	0.000915856578302	0.000475956961952	8.29318948856e-05	0	0.00044711108547	3.24516110422e-05	0.00232569879136	1.4422938241e-05	0	0	0	0.000400236536187
0.00523552658148	0.000100960567687	0.00176320419996	0	7.21146912049e-05	0.000137017913289	0.00201921135374	0.0101068739724	0.00962370554129	0.000364179190585	0.00836530417977	0.00101681714599	0.00305766290709	5.76917529639e-05	0.0361114316208	6.49032220844e-05	0	0.000685089566446	6.85089566446e-05	0.000616580609802	0.00102402861511	0.000162258055211	0.00029567023394	0.00204445149566	0.000638215017163	0	0.00167666657051	0.000201921135374	0.00208411457582	0.020531052586	0.00519586350131	9.01433640061e-05	0.000605763406121	0.00133772752185	0.00525355525428	3.60573456024e-05	2.16344073615e-05	1.4422938241e-05	0	1.80286728012e-05	0	9.37490985664e-05	0.000108172036807	0.000155046586091	0.000807684541495	1.80286728012e-05	0	5.40860184037e-05	0	0.000227161277295	1.4422938241e-05	0.000122594975048	7.21146912049e-06	0	3.60573456024e-06	7.21146912049e-06	0	0.000324516110422	0.000137017913289	0.00100960567687	0	1.08172036807e-05	2.16344073615e-05	0.00074278131941	0.000122594975048	7.57204257651e-05	0	0	0	1.4422938241e-05	0.00107090316439	0.000277641561139	0.0038004442265	0.00124037268872	6.85089566446e-05	3.24516110422e-05	2.16344073615e-05	0.000324516110422	5.04802838434e-05	1.4422938241e-05	0	0.000205526869934	0	0
7.21146912049e-06	0.000403842270747	0	0	0.000411053739868	0.000923068047423	0.00135575619465	0.000165863789771	0.000129806444169	0.00125840136153	0.000259612888338	1.4422938241e-05	0.00198675974269	5.04802838434e-05	6.49032220844e-05	0.00504802838434	0	3.60573456024e-06	0	1.4422938241e-05	0.000526437245796	3.60573456024e-06	0.00043989961635	1.80286728012e-05	0.000328121844982	0.000194709666253	0.000165863789771	0.000328121844982	0.000245189950097	0.00028845876482	3.24516110422e-05	0	0.000165863789771	1.80286728012e-05	0.000191103931693	0	3.60573456024e-06	0	0	0	0	7.21146912049e-06	3.60573456024e-06	7.21146912049e-06	3.96630801627e-05	0	0	7.21146912049e-06	0	0	0	3.60573456024e-06	0	0	0	0	0	3.60573456024e-06	0	2.8845876482e-05	0	3.60573456024e-06	3.60573456024e-06	1.08172036807e-05	3.60573456024e-06	3.60573456024e-06	0	0	0	0	0.000609369140681	1.08172036807e-05	5.76917529639e-05	2.52401419217e-05	0.00289901058644	0.000346150517783	0	3.60573456024e-06	0	0	0	3.60573456024e-06	0	0
0	0.000836530417977	0.000277641561139	0	3.60573456024e-06	0	0	3.60573456024e-06	0	0.00179205007644	0	2.8845876482e-05	3.60573456024e-06	0	0	0	0.015800328843	2.8845876482e-05	0	7.21146912049e-06	3.60573456024e-06	0.00200118268094	0.00814896010615	0.00576917529639	0.00337136181383	0	0.000165863789771	0.00321631522774	0.00227521850751	1.08172036807e-05	2.16344073615e-05	0	0	7.21146912049e-06	5.76917529639e-05	7.21146912049e-06	3.24516110422e-05	2.52401419217e-05	0	0	0	0	2.16344073615e-05	1.08172036807e-05	0.000706723973808	3.60573456024e-06	0	0	0	0	0	0.004189863559	1.80286728012e-05	0	3.60573456024e-06	0	0.00102763434967	0.00648671647388	0.00302160556148	0.000598551937001	0	3.60573456024e-06	6.85089566446e-05	0.000284853030259	1.80286728012e-05	0.000822107479736	0	0	0	3.60573456024e-05	0.000418265208988	0.000118989240488	4.68745492832e-05	2.52401419217e-05	7.21146912049e-06	0	0	0.00028845876482	0.000133412178729	1.80286728012e-05	1.08172036807e-05	1.08172036807e-05	0	0
0.00161897481755	0.000360573456024	0.00365260910953	0	0	0	4.68745492832e-05	0.00246271670465	5.76917529639e-05	0.00014422938241	7.93261603254e-05	0.00101321141143	0.000201921135374	8.65376294459e-05	0.000685089566446	3.60573456024e-06	2.8845876482e-05	0.0261019124816	6.85089566446e-05	0.0073556985029	0.000158652320651	0.00276559840771	0.000100960567687	0.00821025759368	0.000118989240488	7.21146912049e-06	0.0113472466611	0.00379323275738	0.00192546225517	0.00271872385842	0.00717901750945	3.60573456024e-06	4.68745492832e-05	0.000544465918597	0.00845184180921	1.4422938241e-05	0.000699512504687	0.000995182738628	0	0	0	3.60573456024e-06	5.76917529639e-05	3.24516110422e-05	6.85089566446e-05	2.52401419217e-05	0	3.60573456024e-06	3.60573456024e-06	1.80286728012e-05	0	0.000100960567687	0.000786050134133	0	1.80286728012e-05	3.60573456024e-06	0.000100960567687	0.000627397813483	0.000378602128826	6.12974875242e-05	1.80286728012e-05	0.00108532610263	0.000274035826579	5.04802838434e-05	3.24516110422e-05	0.000335333314103	3.60573456024e-06	0	0	2.8845876482e-05	0.00168027230507	0.000342544783223	0.00324516110422	0.00200839415006	1.08172036807e-05	0	0	0.00014062364785	0.000403842270747	3.24516110422e-05	1.08172036807e-05	3.60573456024e-06	0	0
2.8845876482e-05	0	2.52401419217e-05	0	0	3.60573456024e-06	2.8845876482e-05	1.80286728012e-05	1.08172036807e-05	1.08172036807e-05	5.04802838434e-05	0.00305766290709	0.000367784925145	1.08172036807e-05	6.85089566446e-05	0	0	6.85089566446e-05	0.00553840828454	0.00185334756397	0.000331727579543	2.8845876482e-05	0	4.32688147229e-05	0	0.000162258055211	0.00362376323305	0.000173075258892	1.08172036807e-05	0.000706723973808	5.76917529639e-05	6.12974875242e-05	2.8845876482e-05	0	0.000998788473188	0	3.60573456024e-06	0	0	0	0	1.08172036807e-05	0	2.52401419217e-05	1.08172036807e-05	0	7.21146912049e-06	0	0.000165863789771	3.60573456024e-05	0	3.60573456024e-06	0	2.52401419217e-05	0.000158652320651	0	0	3.60573456024e-06	7.21146912049e-06	5.04802838434e-05	3.24516110422e-05	0.000555283122278	0.000165863789771	3.60573456024e-06	7.21146912049e-06	0	9.37490985664e-05	0	0	0	0.000346150517783	0.000558888856838	0.000703118239248	3.60573456024e-06	0	0	0	1.08172036807e-05	1.80286728012e-05	0	0	3.60573456024e-06	0	0
0.00121873828136	0.000580523264199	0.000194709666253	0	0	1.08172036807e-05	9.37490985664e-05	0.000652637955404	0.000108172036807	9.73548331266e-05	0.000212738339054	0.00551316814261	0.000876193498139	4.32688147229e-05	0.000616580609802	1.4422938241e-05	7.21146912049e-06	0.0073556985029	0.00185334756397	0.0224240632302	0.000609369140681	0.000789655868694	3.60573456024e-05	0.00173075258892	0.000180286728012	3.60573456024e-05	0.0147546658205	0.00254564859953	0.00044711108547	0.00291703925924	0.00306126864165	1.80286728012e-05	5.04802838434e-05	0.000180286728012	0.0103448524533	0	0.000209132604494	2.8845876482e-05	0	0	0	0	7.21146912049e-06	1.08172036807e-05	2.8845876482e-05	0	1.4422938241e-05	0	3.24516110422e-05	3.60573456024e-06	0	3.60573456024e-06	0.000623792078922	3.60573456024e-06	0.000191103931693	0	7.21146912049e-06	3.24516110422e-05	5.76917529639e-05	3.24516110422e-05	5.40860184037e-05	0.000804078806935	0.000158652320651	1.08172036807e-05	3.60573456024e-06	7.21146912049e-06	1.4422938241e-05	0	0	2.16344073615e-05	0.00303242276517	0.00118268093576	0.0047703868232	0.000522831511235	1.08172036807e-05	3.60573456024e-06	0	4.32688147229e-05	3.96630801627e-05	3.60573456024e-05	2.16344073615e-05	0	0	0
9.73548331266e-05	0	1.4422938241e-05	0	0.0097679349237	5.40860184037e-05	0.00117186373208	0.000162258055211	0.000331727579543	0.00292785646292	0.00327040124614	0.00254925433409	0.0153171604119	0.000115383505928	0.00102402861511	0.000526437245796	3.60573456024e-06	0.000158652320651	0.000331727579543	0.000609369140681	0.0257773963712	3.60573456024e-06	0	5.04802838434e-05	0.00481004990337	1.08172036807e-05	0.00172714685436	5.04802838434e-05	0.00408890299132	0.00534369861828	5.04802838434e-05	4.32688147229e-05	7.57204257651e-05	1.08172036807e-05	0.00540139037125	0	1.80286728012e-05	0	0	0.00281607869155	0	0.000757204257651	7.21146912049e-06	0.000515620042115	0.00168027230507	0.00111056624456	2.8845876482e-05	0.00102402861511	3.60573456024e-06	0.000353361986904	2.16344073615e-05	3.60573456024e-06	0	5.04802838434e-05	2.16344073615e-05	0.00198675974269	0	1.80286728012e-05	1.08172036807e-05	0.00173435832348	2.16344073615e-05	3.60573456024e-05	1.4422938241e-05	0.00137017913289	0.000122594975048	0	0	0	0	9.37490985664e-05	0.000793261603254	6.85089566446e-05	0.00404202844203	0.000998788473188	0.00215983500159	2.8845876482e-05	1.4422938241e-05	0.000115383505928	2.16344073615e-05	0.00014783511697	1.08172036807e-05	0.000111777771368	3.24516110422e-05	3.60573456024e-06
2.52401419217e-05	0.000284853030259	0.00330285285718	0	3.60573456024e-06	3.60573456024e-06	5.76917529639e-05	0.00276199267315	7.57204257651e-05	0.00301439409236	0.000115383505928	0.000786050134133	1.80286728012e-05	7.21146912049e-06	0.000162258055211	3.60573456024e-06	0.00200118268094	0.00276559840771	2.8845876482e-05	0.000789655868694	3.60573456024e-06	0.0471485851098	0.00182810742204	0.0300105287449	0.00192546225517	1.08172036807e-05	0.00209853751406	0.00105287449159	0.0135755906193	0.000951913923905	0.0134493899097	7.21146912049e-06	2.16344073615e-05	0.000977154065826	0.00790377015606	0.000331727579543	0.000108172036807	0.00015144085153	0	7.21146912049e-06	0	9.01433640061e-05	0.00138460207113	0.000241584215536	0.00209853751406	0.000194709666253	3.60573456024e-06	0	3.60573456024e-06	0.000201921135374	0	0.00285934750627	0.000111777771368	0	1.80286728012e-05	0	0.000764415726772	0.00847347621657	0.000533648714916	0.00270790665474	3.60573456024e-06	0.00014783511697	0.000162258055211	0.00258170594514	0.00059494620244	0.00282689589523	0	0	0	5.04802838434e-05	0.00252401419217	0.00128724723801	0.00628479533851	0.0020769031067	1.80286728012e-05	0	0	0.000284853030259	0.00014422938241	5.04802838434e-05	4.32688147229e-05	3.24516110422e-05	3.60573456024e-06	0
0.000346150517783	0.00631724694955	0.00145311102778	0	0	5.40860184037e-05	3.60573456024e-05	9.73548331266e-05	3.24516110422e-05	0.00954798511553	1.08172036807e-05	2.8845876482e-05	1.08172036807e-05	0.000191103931693	0.00029567023394	0.00043989961635	0.00814896010615	0.000100960567687	0	3.60573456024e-05	0	0.00182810742204	0.0302989875097	0.00610450861049	0.00908645109182	0.00115022932472	0.00073196411573	0.0113652753339	0.00311535466005	0.000814896010615	0.000984365534947	2.16344073615e-05	2.52401419217e-05	0.000382207863386	0.000800473072374	3.24516110422e-05	0.000951913923905	6.12974875242e-05	0	7.21146912049e-06	0	1.80286728012e-05	9.73548331266e-05	1.08172036807e-05	0.0032740069807	0.000100960567687	1.08172036807e-05	0	7.21146912049e-06	2.16344073615e-05	0	0.00822828626648	3.96630801627e-05	7.21146912049e-06	2.8845876482e-05	0	0.00130888164537	0.0153099489428	0.00602878818473	0.00289901058644	1.80286728012e-05	4.32688147229e-05	0.00178844434188	0.00140263074394	5.04802838434e-05	0.000573311795079	0	0	0	0.000100960567687	0.00122955548504	0.000205526869934	0.00014783511697	0.00014422938241	0.000699512504687	7.21146912049e-06	0	0.000843741887097	0.000353361986904	9.37490985664e-05	7.21146912049e-05	2.16344073615e-05	3.60573456024e-06	3.60573456024e-06
0.000576917529639	0.000425476678109	0.023015403698	0	3.60573456024e-06	1.08172036807e-05	0.000703118239248	0.00970663743618	0.000829318948856	0.00180647301468	0.000306487437621	0.00117546946664	0.000126200709609	3.96630801627e-05	0.00204445149566	1.80286728012e-05	0.00576917529639	0.00821025759368	4.32688147229e-05	0.00173075258892	5.04802838434e-05	0.0300105287449	0.00610450861049	0.0886397726945	0.00160815761387	1.08172036807e-05	0.00809847982231	0.0105395621196	0.0144265439755	0.00190382784781	0.0093604869184	7.21146912049e-06	0.000429082412669	0.00058773473332	0.00902875933885	0.000281247295699	0.000180286728012	0.000342544783223	0	7.21146912049e-06	0	9.37490985664e-05	0.000915856578302	0.000252401419217	0.000483168431073	0.00014783511697	1.08172036807e-05	3.60573456024e-06	7.21146912049e-06	0.000248795684657	3.60573456024e-06	0.0076730031442	0.000338939048663	7.21146912049e-06	5.76917529639e-05	0	0.00400597109643	0.0193087085701	0.013766694551	0.00180647301468	3.60573456024e-06	0.000411053739868	0.000969942596706	0.000941096720224	0.000382207863386	0.00368866645513	3.60573456024e-06	0	0	0.000385813597946	0.00843020740185	0.00225718983471	0.0112643147662	0.00694103902847	3.24516110422e-05	0	0	0.000854559090778	0.000191103931693	0.000237978480976	0.000126200709609	0.000137017913289	7.21146912049e-06	7.21146912049e-06
0.000421870943549	0.00343987077047	0.000475956961952	0	0.00665618599821	0.00014062364785	0.000115383505928	0.00088340496726	0.000118989240488	0.0182991028932	0.000335333314103	0.000219949808175	0.00247353390833	0.000111777771368	0.000638215017163	0.000328121844982	0.00337136181383	0.000118989240488	0	0.000180286728012	0.00481004990337	0.00192546225517	0.00908645109182	0.00160815761387	0.0470800761531	0.000580523264199	0.000811290276055	0.00456125421871	0.0144265439755	0.00185334756397	0.00278362708051	1.08172036807e-05	2.8845876482e-05	0.000569706060519	0.00241944788992	0.00015144085153	0.000118989240488	7.93261603254e-05	0	0.00143147662042	0	0.000162258055211	0.000670666628205	0.000194709666253	0.0137306372054	0.00119349813944	0	0.000252401419217	0	0.000317304641302	1.80286728012e-05	0.000951913923905	2.16344073615e-05	0	1.08172036807e-05	0.00123676695416	1.4422938241e-05	0.00338939048663	0.000183892462572	0.01152032192	1.08172036807e-05	2.16344073615e-05	0.000169469524331	0.00779199238469	0.000266824357458	0.000187498197133	0	0	0	2.8845876482e-05	0.00372111806617	0.000515620042115	0.00178123287276	0.00159373467563	0.00165503216315	3.60573456024e-05	1.4422938241e-05	0.00180647301468	0.000400236536187	0.000129806444169	3.60573456024e-05	0.00112138344824	8.65376294459e-05	0
0	0.00274756973491	7.21146912049e-06	0	0	2.52401419217e-05	0	0	0	0.00113941212104	3.60573456024e-06	0.000836530417977	2.16344073615e-05	0.00752156229267	0	0.000194709666253	0	7.21146912049e-06	0.000162258055211	3.60573456024e-05	1.08172036807e-05	1.08172036807e-05	0.00115022932472	1.08172036807e-05	0.000580523264199	0.013824386304	0.00487134739089	0.00596027922808	3.60573456024e-06	2.16344073615e-05	3.60573456024e-06	0.00206608590302	7.21146912049e-06	0	3.96630801627e-05	0	0.0002992759685	0	0	0	0	3.60573456024e-06	0	3.60573456024e-06	0	3.60573456024e-06	0.00148556263882	0	0.00332809299911	0	0	0	3.60573456024e-06	1.80286728012e-05	1.80286728012e-05	0	0	0	0	0	0.00176680993452	0.000483168431073	0.000746387053971	3.60573456024e-06	0	0	0	0	0	3.96630801627e-05	0.000194709666253	0.000317304641302	0.000100960567687	3.60573456024e-06	0.000324516110422	7.21146912049e-06	7.93261603254e-05	1.08172036807e-05	0.00130167017625	1.80286728012e-05	0	0	0	0.000746387053971
0.00142787088586	0.00658407130701	0.012028730493	0	2.8845876482e-05	2.52401419217e-05	0.000338939048663	0.00347592811608	0.000371390659705	0.000634609282603	0.000367784925145	0.0154866299363	0.0020949317795	0.00529321833444	0.00167666657051	0.000165863789771	0.000165863789771	0.0113472466611	0.00362376323305	0.0147546658205	0.00172714685436	0.00209853751406	0.00073196411573	0.00809847982231	0.000811290276055	0.00487134739089	0.104407649926	0.0306992240459	0.00316222920933	0.00540139037125	0.00542302477861	0.00628840107307	0.000320910375862	0.0002992759685	0.0143796694263	3.60573456024e-06	0.00765858020596	0.00390861626331	0	6.12974875242e-05	0	0.00014062364785	9.37490985664e-05	0.000122594975048	0.000277641561139	0.000209132604494	0.00105287449159	6.85089566446e-05	0.00641460178268	0.000100960567687	2.16344073615e-05	0.000176680993452	0.00379683849194	0.000713935442928	0.00264660916722	0.000162258055211	2.8845876482e-05	0.000454322554591	0.000338939048663	0.000627397813483	0.00686171286815	0.0172534398708	0.0114229670869	0.000237978480976	3.60573456024e-05	5.76917529639e-05	0.000465139758272	3.60573456024e-06	0	0.000317304641302	0.0126128594917	0.00786410707589	0.00898909625869	0.000973548331266	0.000205526869934	3.60573456024e-06	1.4422938241e-05	0.00118268093576	0.00283771309891	0.000457928289151	5.76917529639e-05	0.000187498197133	3.60573456024e-06	0.000133412178729
0.000230767011856	0.0187966942626	0.02283511697	0	0	4.68745492832e-05	5.04802838434e-05	0.000277641561139	5.04802838434e-05	0.00334251593735	3.96630801627e-05	0.00148195690426	7.93261603254e-05	0.00345068797415	0.000201921135374	0.000328121844982	0.00321631522774	0.00379323275738	0.000173075258892	0.00254564859953	5.04802838434e-05	0.00105287449159	0.0113652753339	0.0105395621196	0.00456125421871	0.00596027922808	0.0306992240459	0.0859390775089	0.00130888164537	0.000616580609802	0.000483168431073	0.00114662359016	1.80286728012e-05	0.000201921135374	0.00441341910174	1.08172036807e-05	0.0123532466034	0.00142787088586	0	2.52401419217e-05	0	3.24516110422e-05	0.000201921135374	4.32688147229e-05	6.85089566446e-05	9.01433640061e-05	0.000198315400813	1.4422938241e-05	0.00222473822367	4.68745492832e-05	1.80286728012e-05	0.00620546917818	0.000703118239248	0.000194709666253	0.000201921135374	7.21146912049e-06	0.000165863789771	0.0112643147662	0.00537615022932	0.000522831511235	0.00314420053653	0.00502639397698	0.0141741425563	0.000320910375862	3.60573456024e-06	1.08172036807e-05	4.68745492832e-05	0	0	0.000158652320651	0.0141921712291	0.00345068797415	0.00435212161422	0.00275838693859	0.000479562696513	7.21146912049e-06	7.21146912049e-06	0.00193988519341	0.000659849424525	0.000223555542735	7.21146912049e-05	3.96630801627e-05	7.21146912049e-06	0.000111777771368
0.00148556263882	0.000284853030259	0.00748911068163	0	0.00577638676551	6.85089566446e-05	0.00104205728791	0.0230334323708	0.000977154065826	0.00794343323622	0.0032920356535	0.0002992759685	0.00281247295699	6.49032220844e-05	0.00208411457582	0.000245189950097	0.00227521850751	0.00192546225517	1.08172036807e-05	0.00044711108547	0.00408890299132	0.0135755906193	0.00311535466005	0.0144265439755	0.0144265439755	3.60573456024e-06	0.00316222920933	0.00130888164537	0.0753310064326	0.0059494620244	0.016160902299	0	0.000389419332506	0.00322352669686	0.00721146912049	0.000227161277295	0.000191103931693	0.000118989240488	0	0.00232930452592	0	0.000562494591398	0.00227161277295	0.000987971269507	0.0135828020884	0.00232930452592	1.80286728012e-05	0.000663455159085	3.60573456024e-06	0.00121152681224	6.85089566446e-05	0.00192546225517	3.60573456024e-05	5.76917529639e-05	2.52401419217e-05	0.00165863789771	0.000183892462572	0.00666339746733	0.00059134046788	0.0133520350766	2.16344073615e-05	7.93261603254e-05	0.000263218622898	0.0135972250267	0.00059134046788	0.000695906770127	0	0	0	0.000158652320651	0.00426918971933	0.00058412899876	0.00657325410333	0.00324876683878	0.00110335477543	2.8845876482e-05	3.24516110422e-05	0.00267906077826	0.000497591369314	0.00029567023394	4.68745492832e-05	0.00160815761387	0.00014062364785	0
0.00862852280267	0.000364179190585	0.000858164825338	0	0.000158652320651	0.0011610465284	0.0070383938616	0.0175310814319	0.00864294574091	0.00139181354025	0.0114229670869	0.00653719675772	0.00965615715234	0.000277641561139	0.020531052586	0.00028845876482	1.08172036807e-05	0.00271872385842	0.000706723973808	0.00291703925924	0.00534369861828	0.000951913923905	0.000814896010615	0.00190382784781	0.00185334756397	2.16344073615e-05	0.00540139037125	0.000616580609802	0.0059494620244	0.0741014509476	0.0205743214008	0.000198315400813	0.00318746935126	0.0139325583408	0.0311715752733	1.80286728012e-05	6.49032220844e-05	0.000194709666253	0	1.08172036807e-05	0	0.000183892462572	0.000367784925145	0.000490379900193	0.00181729021836	5.40860184037e-05	0	2.16344073615e-05	7.21146912049e-06	0.000616580609802	2.8845876482e-05	0.000223555542735	3.60573456024e-05	3.60573456024e-06	3.60573456024e-06	3.60573456024e-05	4.32688147229e-05	0.000778838665013	0.000266824357458	0.00206248016846	0	9.73548331266e-05	8.29318948856e-05	0.00171993538524	0.000223555542735	0.000241584215536	0	0	0	3.96630801627e-05	0.00558167709926	0.00140263074394	0.0200731242969	0.00540139037125	0.000616580609802	0.000602157671561	0.00015144085153	0.000825713214296	0.000183892462572	6.85089566446e-05	1.08172036807e-05	0.000627397813483	1.80286728012e-05	0
0.00862852280267	0.000245189950097	0.00337857328295	0	1.08172036807e-05	2.52401419217e-05	0.000796867337814	0.0174445438025	0.000631003548043	0.0015324371881	0.00175238699628	0.000504802838434	5.76917529639e-05	1.4422938241e-05	0.00519586350131	3.24516110422e-05	2.16344073615e-05	0.00717901750945	5.76917529639e-05	0.00306126864165	5.04802838434e-05	0.0134493899097	0.000984365534947	0.0093604869184	0.00278362708051	3.60573456024e-06	0.00542302477861	0.000483168431073	0.016160902299	0.0205743214008	0.0536785703984	0	4.32688147229e-05	0.00813093143335	0.0105143219777	0.000313698906741	8.29318948856e-05	0.000378602128826	0	1.08172036807e-05	0	9.73548331266e-05	0.00145671676234	0.000407448005308	0.00100960567687	0.000162258055211	0	1.08172036807e-05	0	0.000457928289151	1.80286728012e-05	0.00028845876482	0.000122594975048	1.08172036807e-05	3.60573456024e-06	1.08172036807e-05	0.000566100325958	0.00227521850751	0.000450716820031	0.000677878097326	0	0.000241584215536	8.29318948856e-05	0.00179205007644	0.000356967721464	0.00221392101999	0	0	0	6.49032220844e-05	0.000955519658465	0.000569706060519	0.00513817174835	0.00158291747195	3.60573456024e-06	0	7.21146912049e-06	0.000360573456024	0.000205526869934	5.04802838434e-05	1.4422938241e-05	0.000223555542735	4.32688147229e-05	0
0	0.000198315400813	3.60573456024e-06	0	0	0	0	0	3.60573456024e-05	2.16344073615e-05	0	0.00252040845761	4.32688147229e-05	0.00464779184816	9.01433640061e-05	0	0	3.60573456024e-06	6.12974875242e-05	1.80286728012e-05	4.32688147229e-05	7.21146912049e-06	2.16344073615e-05	7.21146912049e-06	1.08172036807e-05	0.00206608590302	0.00628840107307	0.00114662359016	0	0.000198315400813	0	0.0076730031442	2.16344073615e-05	0	0.000237978480976	0	2.52401419217e-05	0	0	0	0	3.60573456024e-06	0	7.21146912049e-06	0	3.60573456024e-06	0.000645426486284	0	0.00234733319872	3.60573456024e-06	0	0	3.60573456024e-06	6.49032220844e-05	8.29318948856e-05	0	0	0	0	0	0.000180286728012	0.000674272362766	0.000526437245796	3.60573456024e-06	0	0	3.24516110422e-05	3.60573456024e-06	0	4.68745492832e-05	9.01433640061e-05	0.000566100325958	0.000284853030259	0	0	0	3.96630801627e-05	7.21146912049e-06	0.00117186373208	1.4422938241e-05	0	0	0	1.80286728012e-05
1.4422938241e-05	7.21146912049e-06	0.000306487437621	0	2.52401419217e-05	0.00182089595292	0.00196873106989	0.000897827905501	0.00187498197133	4.32688147229e-05	0.000100960567687	0.00043989961635	0.000194709666253	7.21146912049e-06	0.000605763406121	0.000165863789771	0	4.68745492832e-05	2.8845876482e-05	5.04802838434e-05	7.57204257651e-05	2.16344073615e-05	2.52401419217e-05	0.000429082412669	2.8845876482e-05	7.21146912049e-06	0.000320910375862	1.80286728012e-05	0.000389419332506	0.00318746935126	4.32688147229e-05	2.16344073615e-05	0.00598551937001	0	0.00192546225517	0	0	0	0	0	0	7.21146912049e-06	3.60573456024e-06	2.8845876482e-05	1.80286728012e-05	0	0	0	0	1.80286728012e-05	0	0	0	0	0	0	7.21146912049e-06	2.8845876482e-05	3.24516110422e-05	7.57204257651e-05	0	0	0	1.08172036807e-05	7.21146912049e-06	3.60573456024e-06	0	0	0	0	0.000227161277295	0.000191103931693	0.000789655868694	0.000230767011856	0.000371390659705	0.00122955548504	2.16344073615e-05	3.24516110422e-05	0	0	0	3.24516110422e-05	0	0
7.21146912049e-05	0.00014783511697	3.96630801627e-05	0	1.80286728012e-05	0	0.000320910375862	0.00788934721782	0.000356967721464	0.000955519658465	0.00126921856521	7.93261603254e-05	1.4422938241e-05	2.52401419217e-05	0.00133772752185	1.80286728012e-05	7.21146912049e-06	0.000544465918597	0	0.000180286728012	1.08172036807e-05	0.000977154065826	0.000382207863386	0.00058773473332	0.000569706060519	0	0.0002992759685	0.000201921135374	0.00322352669686	0.0139325583408	0.00813093143335	0	0	0.0160274901203	0.00820304612456	0	7.21146912049e-06	6.12974875242e-05	0	0	0	2.16344073615e-05	9.01433640061e-05	2.16344073615e-05	0.000832924683417	3.60573456024e-06	0	0	0	7.21146912049e-06	0	1.80286728012e-05	1.08172036807e-05	0	0	0	1.80286728012e-05	0.000320910375862	2.52401419217e-05	0.000245189950097	0	3.24516110422e-05	3.60573456024e-06	0.00059134046788	0	2.8845876482e-05	0	0	0	7.21146912049e-06	0.000923068047423	0.000212738339054	0.00365260910953	0.0014783511697	3.60573456024e-06	3.60573456024e-06	7.21146912049e-06	5.04802838434e-05	5.76917529639e-05	2.8845876482e-05	3.60573456024e-06	4.32688147229e-05	3.60573456024e-06	0
