0.0316845817938	4.19885791065e-05	0.00126385623111	0	0.000613033254955	0.000109170305677	0.00298958683238	0.0159388646288	0.0114754786698	0.000457675512261	0.0027586496473	0.0011042996305	0.00222959355055	0.000172153174337	0.0160984212294	0.000163755458515	0.00019314746389	0.000676016123614	0.000180550890158	0.000428283506886	0.0042996305005	0.00166694659053	0.000176352032247	0.00279643936849	0.00129744709439	7.1380584481e-05	0.00129324823648	0.00052065838092	0.00592878736984	0.019923580786	0.0114082969432	1.25965737319e-05	0.000302317769567	0.00385875041989	0.00767551226067	1.67954316426e-05	3.35908632852e-05	2.09942895532e-05	0	0.000151158884783	4.19885791065e-06	6.71817265704e-05	0.000117568021498	5.87840107491e-05	0.000541652670474	9.23748740343e-05	3.35908632852e-05	7.97783003023e-05	1.25965737319e-05	3.77897211958e-05	4.19885791065e-06	1.67954316426e-05	8.3977158213e-06	0	1.67954316426e-05	9.23748740343e-05	1.67954316426e-05	8.3977158213e-05	2.51931474639e-05	0.000499664091367	4.19885791065e-06	3.77897211958e-05	2.93920053745e-05	0.000272925764192	1.67954316426e-05	1.67954316426e-05	4.19885791065e-06	1.25965737319e-05	0	1.67954316426e-05	0.00109170305677	0.00032331205912	0.00374958011421	0.00136042996305	0.000251931474639	0.0001973463218	0.000201545179711	8.81760161236e-05	2.51931474639e-05	0.000121766879409	0.000125965737319	6.71817265704e-05	2.93920053745e-05	2.93920053745e-05
4.19885791065e-05	0.0189578434666	0.00183909976486	0	4.19885791065e-06	4.19885791065e-06	1.67954316426e-05	6.71817265704e-05	1.67954316426e-05	0.00146540141082	2.09942895532e-05	0.000142761168962	1.25965737319e-05	0.000146960026873	4.19885791065e-05	1.25965737319e-05	0.000550050386295	0.000743197850185	5.45851528384e-05	0.00064662411824	8.3977158213e-06	0.000281323480013	0.00305256970104	0.000780987571381	0.0007096069869	0.00120927107827	0.00594138394357	0.0129996640914	0.000163755458515	0.000100772589856	0.000155357742694	2.93920053745e-05	4.19885791065e-06	7.1380584481e-05	0.000684413839436	4.19885791065e-06	0.00676436009405	0.00168374202217	0	1.67954316426e-05	1.25965737319e-05	4.61874370171e-05	8.3977158213e-05	4.19885791065e-05	6.29828686597e-05	8.3977158213e-06	5.87840107491e-05	8.3977158213e-06	9.65737319449e-05	2.93920053745e-05	4.19885791065e-06	0.000604635539133	0.000508061807188	2.09942895532e-05	0.000373698354048	1.25965737319e-05	0.000155357742694	0.000684413839436	0.00129744709439	4.61874370171e-05	0.000587840107491	0.00209523009741	0.00584481021162	0.000109170305677	4.19885791065e-06	4.61874370171e-05	2.09942895532e-05	0	0	0.000125965737319	0.00096993617736	0.00071380584481	0.000575243533759	0.000251931474639	0.000104971447766	4.19885791065e-05	2.51931474639e-05	0.000499664091367	0.000495465233456	0.000285522337924	0.000109170305677	4.61874370171e-05	8.3977158213e-06	2.51931474639e-05
0.00126385623111	0.00183909976486	0.0380668458179	0	8.3977158213e-06	6.71817265704e-05	5.45851528384e-05	0.000743197850185	0.000482868659725	0.000209942895532	2.93920053745e-05	0.000125965737319	2.51931474639e-05	3.77897211958e-05	0.000734800134363	7.1380584481e-05	0.000722203560632	0.00611773597581	7.55794423917e-05	0.000948941887807	4.19885791065e-05	0.00316174000672	0.000503862949278	0.0183825999328	0.000327510917031	1.25965737319e-05	0.0102410144441	0.0135875041989	0.000957339603628	0.00157457171649	0.00316593886463	8.3977158213e-06	1.67954316426e-05	0.000474470943903	0.00212042324488	1.67954316426e-05	0.00278804165267	0.00116308364125	0	1.67954316426e-05	4.19885791065e-06	1.67954316426e-05	6.71817265704e-05	2.51931474639e-05	0.000104971447766	0	2.09942895532e-05	8.3977158213e-06	8.3977158213e-06	3.77897211958e-05	0	0.00146120255291	0.000314914343299	4.19885791065e-06	9.65737319449e-05	0	0.000608834397044	0.002208599261	0.00251091703057	0.000167954316426	2.09942895532e-05	0.000310715485388	0.00290980853208	0.000306516627477	0	9.65737319449e-05	0	0	0	8.3977158213e-05	0.00475310715485	0.00124286194155	0.00380416526705	0.0013394356735	0.000432482364797	0.000209942895532	0	0.000537453812563	0.00038629492778	0.00019314746389	0.000134363453141	3.35908632852e-05	2.09942895532e-05	8.3977158213e-06
0	0	0	0	0	0	0	0	0	0	0	0	0	0	0	0	0	0	0	0	0	0	0	0	0	0	0	0	0	0	0	0	0	0	0	0	0	0	0	0	0	0	0	0	0	0	0	0	0	0	0	0	0	0	0	0	0	0	0	0	0	0	0	0	0	0	0	0	0	0	0	0	0	0	0	0	0	0	0	0	0	0	0	0
0.000613033254955	4.19885791065e-06	8.3977158213e-06	0	0.0182776284851	4.19885791065e-06	0.000482868659725	0.00233876385623	0.000436681222707	0.000537453812563	0.00140241854216	0.000104971447766	0.00234716157205	2.09942895532e-05	0.000466073228082	0.000109170305677	0	4.19885791065e-06	2.93920053745e-05	2.93920053745e-05	0.00540812898892	4.19885791065e-05	8.3977158213e-06	4.19885791065e-05	0.008082801478	4.19885791065e-06	5.87840107491e-05	2.51931474639e-05	0.00520238495129	0.00109590191468	0.000172153174337	0	1.67954316426e-05	0.000466073228082	0.000911152166611	5.03862949278e-05	8.3977158213e-06	8.3977158213e-06	0	0.00311135371179	4.19885791065e-06	0.00025613033255	6.71817265704e-05	0.000239334900907	0.000911152166611	0.00149479341619	3.35908632852e-05	0.00221279811891	0	0.000188948605979	1.67954316426e-05	4.19885791065e-06	8.3977158213e-06	4.19885791065e-06	2.93920053745e-05	0.00408968760497	2.09942895532e-05	8.3977158213e-06	1.67954316426e-05	0.00120507222036	0	1.25965737319e-05	8.3977158213e-06	0.000415686933154	4.19885791065e-05	1.25965737319e-05	0	2.51931474639e-05	0	2.93920053745e-05	0.000159556600605	3.35908632852e-05	0.000529056096742	0.000268726906281	0.000104971447766	1.25965737319e-05	1.67954316426e-05	6.29828686597e-05	1.25965737319e-05	0.000188948605979	0.000100772589856	0.000121766879409	3.35908632852e-05	8.3977158213e-06
0.000109170305677	4.19885791065e-06	6.71817265704e-05	0	4.19885791065e-06	0.00614712798119	0.0029182062479	0.000104971447766	0.00102872018811	1.25965737319e-05	1.25965737319e-05	3.77897211958e-05	2.51931474639e-05	1.25965737319e-05	0.000676016123614	0.00192727578099	1.67954316426e-05	2.93920053745e-05	8.3977158213e-06	1.25965737319e-05	1.67954316426e-05	7.97783003023e-05	4.19885791065e-06	0.000243533758818	2.09942895532e-05	0	2.09942895532e-05	5.87840107491e-05	5.03862949278e-05	0.000428283506886	7.1380584481e-05	0	0.00176352032247	5.87840107491e-05	0.000554249244206	0	4.19885791065e-06	0	0	0	0	2.09942895532e-05	8.3977158213e-06	8.3977158213e-06	0	4.19885791065e-06	8.3977158213e-06	1.67954316426e-05	0	1.25965737319e-05	0	1.67954316426e-05	8.3977158213e-06	0	4.19885791065e-06	0	5.45851528384e-05	4.19885791065e-06	8.81760161236e-05	1.67954316426e-05	0	0	2.09942895532e-05	1.25965737319e-05	0	0	0	0	0	8.3977158213e-06	0.000155357742694	3.35908632852e-05	0.000524857238831	0.000310715485388	0.00151158884783	0.000738998992274	4.19885791065e-06	5.87840107491e-05	8.3977158213e-06	5.03862949278e-05	6.71817265704e-05	2.93920053745e-05	8.3977158213e-06	0
0.00298958683238	1.67954316426e-05	5.45851528384e-05	0	0.000482868659725	0.0029182062479	0.0368323815922	0.0097413503527	0.0147799798455	0.000277124622103	0.00860345985892	0.000407289217333	0.00503443063487	0.00019314746389	0.00525697010413	0.00272925764192	1.67954316426e-05	3.77897211958e-05	7.1380584481e-05	6.71817265704e-05	0.00355643265032	0.000176352032247	4.19885791065e-06	0.000188948605979	0.000923748740343	4.19885791065e-05	0.000251931474639	0.000151158884783	0.0034682566342	0.00553409472623	0.000944743029896	4.19885791065e-06	0.0021288209607	0.000982532751092	0.00392173328855	0	1.25965737319e-05	0	0	0.000151158884783	1.25965737319e-05	9.65737319449e-05	5.45851528384e-05	4.61874370171e-05	0.000335908632852	9.23748740343e-05	5.45851528384e-05	0.000100772589856	8.3977158213e-06	2.51931474639e-05	4.19885791065e-06	4.19885791065e-06	0	0	4.19885791065e-06	9.65737319449e-05	1.25965737319e-05	1.67954316426e-05	2.51931474639e-05	0.000268726906281	0	1.25965737319e-05	2.09942895532e-05	0.000104971447766	4.19885791065e-06	4.19885791065e-06	0	8.3977158213e-06	0	8.3977158213e-06	0.000676016123614	0.000247732616728	0.00217920725563	0.0013016459523	0.00169213973799	0.000638226402419	0.000167954316426	0.00013016459523	1.67954316426e-05	0.0001973463218	0.000205744037622	9.23748740343e-05	4.61874370171e-05	3.77897211958e-05
0.0159388646288	6.71817265704e-05	0.000743197850185	0	0.00233876385623	0.000104971447766	0.0097413503527	0.06334397044	0.0134993281827	0.00159136714814	0.0126553577427	0.00120507222036	0.00324151830702	0.000277124622103	0.0108120591199	0.000512260665099	0.000201545179711	0.000587840107491	0.000205744037622	0.000424084648975	0.00795263688277	0.00234716157205	0.000239334900907	0.00253611017803	0.00511840779308	7.55794423917e-05	0.00104131676184	0.000491266375546	0.027725058784	0.0187311051394	0.014754786698	1.67954316426e-05	0.000365300638226	0.00923328854552	0.0133775613033	0.000125965737319	2.93920053745e-05	1.67954316426e-05	0	0.00172992945919	2.93920053745e-05	0.000268726906281	0.000474470943903	0.000226738327175	0.00411488075244	0.000789385287202	0.000104971447766	0.000592038965401	8.3977158213e-06	0.000188948605979	5.03862949278e-05	2.93920053745e-05	2.51931474639e-05	8.3977158213e-06	4.19885791065e-05	0.000890157877057	2.09942895532e-05	0.000163755458515	4.61874370171e-05	0.00378317097749	1.25965737319e-05	4.19885791065e-05	5.03862949278e-05	0.00146960026873	7.97783003023e-05	3.35908632852e-05	4.19885791065e-06	1.25965737319e-05	8.3977158213e-06	5.45851528384e-05	0.00241434329862	0.000470272085993	0.00730601276453	0.00306096741686	0.0007096069869	0.000356902922405	0.000293920053745	0.00025613033255	6.29828686597e-05	0.000314914343299	0.000298118911656	0.000167954316426	6.29828686597e-05	4.19885791065e-05
0.0114754786698	1.67954316426e-05	0.000482868659725	0	0.000436681222707	0.00102872018811	0.0147799798455	0.0134993281827	0.0403090359422	0.000293920053745	0.00363201209271	0.00084397044004	0.00200285522338	0.000365300638226	0.0205995969096	0.000860765871683	9.65737319449e-05	0.000268726906281	0.000121766879409	0.000201545179711	0.00278384279476	0.000738998992274	8.81760161236e-05	0.001221867652	0.00097413503527	6.71817265704e-05	0.000680214981525	0.000335908632852	0.00471111857575	0.0143265031911	0.00430382935841	8.3977158213e-06	0.00206163923413	0.00191048034934	0.00743197850185	1.67954316426e-05	2.93920053745e-05	1.25965737319e-05	0	0.00019314746389	2.09942895532e-05	0.000138562311051	9.65737319449e-05	0.000109170305677	0.000508061807188	0.00013016459523	0.000167954316426	0.000113369163588	1.25965737319e-05	5.03862949278e-05	4.19885791065e-06	1.67954316426e-05	8.3977158213e-06	0	8.3977158213e-06	0.000117568021498	1.25965737319e-05	3.77897211958e-05	4.19885791065e-05	0.000470272085993	8.3977158213e-06	2.51931474639e-05	4.61874370171e-05	0.000230937185086	1.25965737319e-05	8.3977158213e-06	0	3.35908632852e-05	0	1.67954316426e-05	0.00123446422573	0.000478669801814	0.00427443735304	0.00247732616728	0.00077678871347	0.00058364124958	0.000331709774941	0.000176352032247	6.29828686597e-05	0.000365300638226	0.000428283506886	0.000163755458515	0.000113369163588	7.1380584481e-05
0.000457675512261	0.00146540141082	0.000209942895532	0	0.000537453812563	1.25965737319e-05	0.000277124622103	0.00159136714814	0.000293920053745	0.0246892845146	0.000142761168962	5.45851528384e-05	0.00267047363117	4.61874370171e-05	0.000415686933154	0.000814578434666	0.00217080953981	9.65737319449e-05	1.25965737319e-05	7.1380584481e-05	0.00111689620423	0.00218760497145	0.00679375209943	0.00146120255291	0.00896876049714	0.000146960026873	0.000319113201209	0.00104131676184	0.00548790728922	0.00123446422573	0.00280903594222	4.19885791065e-06	3.77897211958e-05	0.00131004366812	0.00279643936849	0.000491266375546	5.45851528384e-05	5.03862949278e-05	0	0.000566845817938	1.67954316426e-05	0.000121766879409	0.00105391333557	0.000218340611354	0.00599596909641	0.000268726906281	8.3977158213e-05	0.000293920053745	8.3977158213e-06	0.000403090359422	1.67954316426e-05	0.000310715485388	6.29828686597e-05	1.25965737319e-05	5.45851528384e-05	0.00025613033255	0.000172153174337	0.00334648975479	0.000180550890158	0.00364040980853	1.67954316426e-05	8.3977158213e-06	8.81760161236e-05	0.00262428619416	0.000251931474639	0.000398891501512	0	2.09942895532e-05	8.3977158213e-06	0.00019314746389	0.00186009405442	0.000239334900907	0.00131424252603	0.000680214981525	0.00155357742694	7.97783003023e-05	2.93920053745e-05	0.000663419549882	0.000109170305677	0.00039049378569	0.00025613033255	0.000176352032247	4.19885791065e-05	2.09942895532e-05
0.0027586496473	2.09942895532e-05	2.93920053745e-05	0	0.00140241854216	1.25965737319e-05	0.00860345985892	0.0126553577427	0.00363201209271	0.000142761168962	0.0287915686933	0.000365300638226	0.00358162579778	8.81760161236e-05	0.00246892845146	0.000172153174337	0	2.09942895532e-05	5.03862949278e-05	6.71817265704e-05	0.00688612697346	2.93920053745e-05	1.25965737319e-05	6.29828686597e-05	0.00108330534095	2.93920053745e-05	0.000155357742694	7.1380584481e-05	0.0059539805173	0.00352704064494	0.000340107490763	4.19885791065e-06	7.1380584481e-05	0.00104551561975	0.00282163251596	2.51931474639e-05	8.3977158213e-06	4.19885791065e-06	0	0.000466073228082	4.19885791065e-06	0.00013016459523	5.87840107491e-05	0.000100772589856	0.000302317769567	0.000600436681223	5.03862949278e-05	0.000524857238831	8.3977158213e-06	7.55794423917e-05	1.25965737319e-05	4.19885791065e-06	4.19885791065e-06	0	8.3977158213e-06	0.00104131676184	8.3977158213e-06	4.19885791065e-06	4.19885791065e-06	0.000415686933154	0	2.93920053745e-05	8.3977158213e-06	8.81760161236e-05	1.25965737319e-05	1.25965737319e-05	0	4.19885791065e-06	0	2.51931474639e-05	0.000352704064494	0.000121766879409	0.00149059455828	0.000621430970776	0.000155357742694	7.55794423917e-05	9.23748740343e-05	3.77897211958e-05	1.67954316426e-05	0.000121766879409	0.000117568021498	5.45851528384e-05	3.35908632852e-05	1.67954316426e-05
0.0011042996305	0.000142761168962	0.000125965737319	0	0.000104971447766	3.77897211958e-05	0.000407289217333	0.00120507222036	0.00084397044004	5.45851528384e-05	0.000365300638226	0.0291190796103	0.000474470943903	0.0065082297615	0.00238915015116	4.61874370171e-05	1.67954316426e-05	0.000600436681223	0.00569785018475	0.00245633187773	0.000634027544508	0.00026032919046	8.3977158213e-06	0.000491266375546	0.0001973463218	0.00373698354048	0.00789385287202	0.00188948605979	0.000457675512261	0.00442559623782	0.000503862949278	0.00096993617736	0.000415686933154	0.000503862949278	0.00946002687269	1.25965737319e-05	8.3977158213e-05	2.09942895532e-05	0	0	0	5.03862949278e-05	1.25965737319e-05	4.61874370171e-05	2.09942895532e-05	2.09942895532e-05	0.00110849848841	2.09942895532e-05	0.00117987907289	2.93920053745e-05	0	8.3977158213e-06	4.61874370171e-05	6.71817265704e-05	0.000176352032247	8.3977158213e-06	1.25965737319e-05	1.25965737319e-05	3.77897211958e-05	2.93920053745e-05	0.000218340611354	0.00110849848841	0.000327510917031	2.93920053745e-05	1.67954316426e-05	8.3977158213e-06	0.000113369163588	0	0	4.19885791065e-05	0.00125965737319	0.00314914343299	0.00513940208263	0.000999328182734	5.03862949278e-05	6.71817265704e-05	0.00103711790393	0.000163755458515	0.00162915686933	0.000176352032247	9.23748740343e-05	4.61874370171e-05	1.67954316426e-05	0.000608834397044
0.00222959355055	1.25965737319e-05	2.51931474639e-05	0	0.00234716157205	2.51931474639e-05	0.00503443063487	0.00324151830702	0.00200285522338	0.00267047363117	0.00358162579778	0.000474470943903	0.0293416190796	9.65737319449e-05	0.00241014444071	0.00185589519651	0	2.09942895532e-05	6.71817265704e-05	0.000100772589856	0.0144146792073	4.19885791065e-05	2.09942895532e-05	0.000100772589856	0.00262008733624	2.09942895532e-05	0.000188948605979	9.23748740343e-05	0.00173832717501	0.00380836412496	0.000184749748069	4.19885791065e-06	0.000138562311051	0.000419885791065	0.00303157541149	0	4.19885791065e-06	0	0	9.23748740343e-05	2.51931474639e-05	0.000827175008398	4.19885791065e-06	0.000285522337924	0.000205744037622	0.0011042996305	7.55794423917e-05	0.00332549546523	2.09942895532e-05	8.81760161236e-05	4.19885791065e-05	0	8.3977158213e-06	0	1.25965737319e-05	0.00133523681559	8.3977158213e-06	0	8.3977158213e-06	0.000113369163588	4.19885791065e-06	2.93920053745e-05	4.19885791065e-06	2.93920053745e-05	8.3977158213e-06	0	8.3977158213e-06	0	0	2.51931474639e-05	0.000474470943903	0.000100772589856	0.00138982196842	0.000566845817938	0.00115048706752	5.87840107491e-05	8.3977158213e-05	6.71817265704e-05	2.09942895532e-05	0.000209942895532	0.000117568021498	0.00026032919046	2.93920053745e-05	1.67954316426e-05
0.000172153174337	0.000146960026873	3.77897211958e-05	0	2.09942895532e-05	1.25965737319e-05	0.00019314746389	0.000277124622103	0.000365300638226	4.61874370171e-05	8.81760161236e-05	0.0065082297615	9.65737319449e-05	0.0168836076587	0.000495465233456	1.67954316426e-05	1.25965737319e-05	7.97783003023e-05	0.000281323480013	0.000104971447766	0.000113369163588	5.87840107491e-05	2.09942895532e-05	0.000138562311051	5.45851528384e-05	0.00564746388982	0.00384615384615	0.00245633187773	0.000172153174337	0.000944743029896	0.000121766879409	0.00254030903594	0.000151158884783	0.000172153174337	0.00198605979174	1.67954316426e-05	5.45851528384e-05	3.35908632852e-05	0	1.67954316426e-05	2.51931474639e-05	0.00039049378569	3.77897211958e-05	0.000205744037622	4.61874370171e-05	0.00013016459523	0.00181810547531	0.000176352032247	0.00180550890158	9.23748740343e-05	4.19885791065e-06	8.3977158213e-06	2.93920053745e-05	8.3977158213e-05	0.000172153174337	7.55794423917e-05	1.67954316426e-05	4.19885791065e-06	3.77897211958e-05	0.000151158884783	0.000335908632852	0.00135623110514	0.000352704064494	3.35908632852e-05	2.93920053745e-05	2.93920053745e-05	0.000159556600605	4.61874370171e-05	0	8.3977158213e-05	0.000579442391669	0.00166694659053	0.00227158212966	0.00137302653678	4.19885791065e-06	0.000113369163588	0.00110010077259	0.000319113201209	0.00196506550218	0.00102872018811	0.00101192475647	0.000419885791065	0.000268726906281	0.000990930466913
0.0160984212294	4.19885791065e-05	0.000734800134363	0	0.000466073228082	0.000676016123614	0.00525697010413	0.0108120591199	0.0205995969096	0.000415686933154	0.00246892845146	0.00238915015116	0.00241014444071	0.000495465233456	0.0440208263352	0.000449277796439	0.000146960026873	0.000445078938529	0.000348505206584	0.000436681222707	0.00344306348673	0.00102032247229	0.000142761168962	0.00164175344306	0.0010665099093	0.000184749748069	0.00138562311051	0.000562646960027	0.00434161907961	0.0301645952301	0.00712546187437	1.67954316426e-05	0.00343466577091	0.00440040309036	0.0136001007726	2.09942895532e-05	2.93920053745e-05	2.09942895532e-05	0	0.000125965737319	1.25965737319e-05	0.000167954316426	0.000134363453141	0.000121766879409	0.000440880080618	0.000104971447766	0.000163755458515	0.000104971447766	8.3977158213e-06	5.45851528384e-05	1.25965737319e-05	2.09942895532e-05	4.19885791065e-06	0	1.25965737319e-05	9.23748740343e-05	2.51931474639e-05	5.45851528384e-05	5.03862949278e-05	0.000428283506886	1.25965737319e-05	5.03862949278e-05	5.03862949278e-05	0.00025613033255	2.09942895532e-05	8.3977158213e-06	0	2.93920053745e-05	0	1.67954316426e-05	0.00195666778636	0.000684413839436	0.0065838092039	0.00320792744374	0.000533254954652	0.000608834397044	0.000428283506886	0.000226738327175	7.1380584481e-05	0.000407289217333	0.000482868659725	0.000188948605979	0.000121766879409	6.29828686597e-05
0.000163755458515	1.25965737319e-05	7.1380584481e-05	0	0.000109170305677	0.00192727578099	0.00272925764192	0.000512260665099	0.000860765871683	0.000814578434666	0.000172153174337	4.61874370171e-05	0.00185589519651	1.67954316426e-05	0.000449277796439	0.00953980517299	0.000100772589856	5.03862949278e-05	1.25965737319e-05	4.19885791065e-05	0.000403090359422	0.000264528048371	4.61874370171e-05	0.000751595566006	0.000356902922405	0	5.03862949278e-05	0.000222539469264	0.000503862949278	0.000718004702721	0.000424084648975	0	0.000159556600605	0.00038629492778	0.000940544171985	1.25965737319e-05	2.09942895532e-05	5.45851528384e-05	0	2.51931474639e-05	0	1.67954316426e-05	2.09942895532e-05	1.67954316426e-05	0.00013016459523	3.35908632852e-05	8.3977158213e-06	6.29828686597e-05	0	1.67954316426e-05	8.3977158213e-06	5.03862949278e-05	1.25965737319e-05	0	1.67954316426e-05	2.09942895532e-05	0.000146960026873	2.93920053745e-05	0.000230937185086	0.000109170305677	4.19885791065e-06	8.3977158213e-06	5.45851528384e-05	0.000104971447766	8.3977158213e-06	2.93920053745e-05	0	4.19885791065e-06	0	3.77897211958e-05	0.000831373866308	7.55794423917e-05	0.00122606650991	0.000491266375546	0.00377897211958	9.65737319449e-05	1.67954316426e-05	0.000176352032247	3.35908632852e-05	0.000109170305677	0.000159556600605	2.51931474639e-05	4.19885791065e-06	8.3977158213e-06
0.00019314746389	0.000550050386295	0.000722203560632	0	0	1.67954316426e-05	1.67954316426e-05	0.000201545179711	9.65737319449e-05	0.00217080953981	0	1.67954316426e-05	0	1.25965737319e-05	0.000146960026873	0.000100772589856	0.0194868995633	0.000176352032247	1.25965737319e-05	0.000117568021498	0	0.00486647631844	0.00687772925764	0.00671817265704	0.00535354383608	3.77897211958e-05	0.000344306348673	0.00591199193819	0.00315754114881	0.000331709774941	0.000965737319449	4.19885791065e-06	1.25965737319e-05	0.000302317769567	0.000990930466913	7.97783003023e-05	0.000121766879409	5.45851528384e-05	0	2.93920053745e-05	0	1.67954316426e-05	0.000239334900907	4.19885791065e-05	0.000571044675848	2.51931474639e-05	3.77897211958e-05	2.51931474639e-05	4.19885791065e-06	5.87840107491e-05	0	0.000953140745717	2.51931474639e-05	0	8.3977158213e-06	2.93920053745e-05	0.000428283506886	0.00263268390998	0.000566845817938	0.000575243533759	0	1.25965737319e-05	0.000142761168962	0.00107070876722	2.93920053745e-05	0.000218340611354	4.19885791065e-06	0	0	9.65737319449e-05	0.00223799126638	0.000478669801814	0.00104551561975	0.000457675512261	0.000188948605979	0.000104971447766	2.09942895532e-05	0.000218340611354	7.97783003023e-05	0.000113369163588	4.61874370171e-05	1.67954316426e-05	1.25965737319e-05	8.3977158213e-06
0.000676016123614	0.000743197850185	0.00611773597581	0	4.19885791065e-06	2.93920053745e-05	3.77897211958e-05	0.000587840107491	0.000268726906281	9.65737319449e-05	2.09942895532e-05	0.000600436681223	2.09942895532e-05	7.97783003023e-05	0.000445078938529	5.03862949278e-05	0.000176352032247	0.0324781659389	0.000365300638226	0.0114922741014	2.09942895532e-05	0.00584061135371	0.00025613033255	0.0125167954316	0.000167954316426	7.1380584481e-05	0.0129492777964	0.00666778636211	0.00052065838092	0.00117987907289	0.00492526032919	8.3977158213e-06	2.93920053745e-05	0.000428283506886	0.00750335908633	4.19885791065e-06	0.000537453812563	0.000562646960027	0	8.3977158213e-06	8.3977158213e-06	2.09942895532e-05	6.71817265704e-05	1.67954316426e-05	4.19885791065e-05	1.67954316426e-05	1.67954316426e-05	1.25965737319e-05	1.25965737319e-05	8.3977158213e-06	4.19885791065e-06	0.000117568021498	0.000314914343299	8.3977158213e-06	0.000155357742694	4.19885791065e-06	0.000113369163588	0.000146960026873	0.000428283506886	6.71817265704e-05	1.67954316426e-05	0.000541652670474	0.000936345314075	7.97783003023e-05	4.19885791065e-06	3.77897211958e-05	0	0	0	2.09942895532e-05	0.00290980853208	0.00151158884783	0.00440040309036	0.00154517971112	0.000247732616728	0.000180550890158	4.61874370171e-05	0.000251931474639	0.000428283506886	0.000138562311051	0.000125965737319	2.51931474639e-05	1.67954316426e-05	0
0.000180550890158	5.45851528384e-05	7.55794423917e-05	0	2.93920053745e-05	8.3977158213e-06	7.1380584481e-05	0.000205744037622	0.000121766879409	1.25965737319e-05	5.03862949278e-05	0.00569785018475	6.71817265704e-05	0.000281323480013	0.000348505206584	1.25965737319e-05	1.25965737319e-05	0.000365300638226	0.00956499832046	0.00270826335237	9.65737319449e-05	0.000113369163588	8.3977158213e-06	0.000247732616728	3.77897211958e-05	0.000466073228082	0.00383775613033	0.000978333893181	0.000125965737319	0.00065082297615	0.000142761168962	0.000104971447766	2.93920053745e-05	0.000100772589856	0.00200285522338	0	2.93920053745e-05	8.3977158213e-06	0	4.19885791065e-06	0	4.19885791065e-06	4.19885791065e-06	4.19885791065e-06	1.25965737319e-05	8.3977158213e-06	5.87840107491e-05	4.19885791065e-06	6.29828686597e-05	0	0	8.3977158213e-06	2.93920053745e-05	8.3977158213e-06	0.00013016459523	4.19885791065e-06	4.19885791065e-06	8.3977158213e-06	1.25965737319e-05	2.09942895532e-05	5.03862949278e-05	0.000415686933154	0.000176352032247	1.67954316426e-05	0	4.19885791065e-06	1.25965737319e-05	0	0	2.09942895532e-05	0.000751595566006	0.00110010077259	0.00121766879409	0.000365300638226	2.93920053745e-05	2.09942895532e-05	7.55794423917e-05	9.23748740343e-05	0.000138562311051	2.51931474639e-05	4.19885791065e-06	8.3977158213e-06	0	1.25965737319e-05
0.000428283506886	0.00064662411824	0.000948941887807	0	2.93920053745e-05	1.25965737319e-05	6.71817265704e-05	0.000424084648975	0.000201545179711	7.1380584481e-05	6.71817265704e-05	0.00245633187773	0.000100772589856	0.000104971447766	0.000436681222707	4.19885791065e-05	0.000117568021498	0.0114922741014	0.00270826335237	0.0236773597581	0.000117568021498	0.00152418542157	0.000109170305677	0.00270406449446	0.000142761168962	0.000251931474639	0.0152754450789	0.00466912999664	0.000319113201209	0.00111689620423	0.0017761168962	2.09942895532e-05	3.35908632852e-05	0.00038629492778	0.00884699361774	0	0.000482868659725	0.000268726906281	0	8.3977158213e-06	0	1.25965737319e-05	4.19885791065e-05	1.67954316426e-05	4.61874370171e-05	4.19885791065e-06	3.35908632852e-05	4.19885791065e-06	1.25965737319e-05	1.25965737319e-05	0	4.19885791065e-05	0.000272925764192	1.25965737319e-05	0.000268726906281	4.19885791065e-06	5.03862949278e-05	6.71817265704e-05	0.000142761168962	4.61874370171e-05	9.65737319449e-05	0.000902754450789	0.000793584145113	4.61874370171e-05	0	2.09942895532e-05	0	0	0	4.61874370171e-05	0.00278384279476	0.00184749748069	0.00390073899899	0.00142341283171	0.000134363453141	8.81760161236e-05	6.29828686597e-05	0.000218340611354	0.000331709774941	0.000117568021498	5.03862949278e-05	1.67954316426e-05	4.19885791065e-06	8.3977158213e-06
0.0042996305005	8.3977158213e-06	4.19885791065e-05	0	0.00540812898892	1.67954316426e-05	0.00355643265032	0.00795263688277	0.00278384279476	0.00111689620423	0.00688612697346	0.000634027544508	0.0144146792073	0.000113369163588	0.00344306348673	0.000403090359422	0	2.09942895532e-05	9.65737319449e-05	0.000117568021498	0.0266543500168	7.1380584481e-05	2.51931474639e-05	0.000159556600605	0.00399311387303	3.35908632852e-05	0.000268726906281	0.000121766879409	0.00353543836077	0.00569785018475	0.000310715485388	8.3977158213e-06	0.00013016459523	0.00115048706752	0.0050848169298	0	0	0	0	0.000172153174337	4.19885791065e-06	4.61874370171e-05	1.67954316426e-05	2.93920053745e-05	0.000222539469264	9.65737319449e-05	4.61874370171e-05	0.000117568021498	8.3977158213e-06	1.25965737319e-05	8.3977158213e-06	4.19885791065e-06	0	0	4.19885791065e-06	0.000218340611354	8.3977158213e-06	1.25965737319e-05	4.19885791065e-06	0.000201545179711	0	8.3977158213e-06	8.3977158213e-06	3.77897211958e-05	4.19885791065e-06	0	4.19885791065e-06	0	0	1.25965737319e-05	0.000613033254955	0.000184749748069	0.00269566677864	0.000986731609002	0.000268726906281	0.000113369163588	0.000104971447766	4.61874370171e-05	1.25965737319e-05	0.000104971447766	0.000117568021498	4.61874370171e-05	2.09942895532e-05	1.67954316426e-05
0.00166694659053	0.000281323480013	0.00316174000672	0	4.19885791065e-05	7.97783003023e-05	0.000176352032247	0.00234716157205	0.000738998992274	0.00218760497145	2.93920053745e-05	0.00026032919046	4.19885791065e-05	5.87840107491e-05	0.00102032247229	0.000264528048371	0.00486647631844	0.00584061135371	0.000113369163588	0.00152418542157	7.1380584481e-05	0.0540560967417	0.00271666106819	0.0322682230433	0.00330030231777	1.67954316426e-05	0.00313654685925	0.00207423580786	0.00970775948942	0.00424084648975	0.020771750084	4.19885791065e-06	5.03862949278e-05	0.002443735304	0.00752435337588	0.000134363453141	0.000146960026873	7.1380584481e-05	0	3.77897211958e-05	4.19885791065e-06	5.03862949278e-05	0.000356902922405	6.71817265704e-05	0.000957339603628	3.77897211958e-05	4.19885791065e-05	6.29828686597e-05	0	0.00013016459523	8.3977158213e-06	0.000415686933154	6.71817265704e-05	4.19885791065e-06	2.93920053745e-05	2.09942895532e-05	0.000180550890158	0.00205324151831	0.000243533758818	0.000860765871683	0	7.55794423917e-05	0.000209942895532	0.00121346993618	7.1380584481e-05	0.000277124622103	0	8.3977158213e-06	0	8.81760161236e-05	0.00319952972791	0.000818777292576	0.00587840107491	0.00207843466577	0.000759993281827	0.000335908632852	5.45851528384e-05	0.000352704064494	0.00013016459523	0.000167954316426	0.000117568021498	8.3977158213e-05	1.25965737319e-05	8.3977158213e-06
0.000176352032247	0.00305256970104	0.000503862949278	0	8.3977158213e-06	4.19885791065e-06	4.19885791065e-06	0.000239334900907	8.81760161236e-05	0.00679375209943	1.25965737319e-05	8.3977158213e-06	2.09942895532e-05	2.09942895532e-05	0.000142761168962	4.61874370171e-05	0.00687772925764	0.00025613033255	8.3977158213e-06	0.000109170305677	2.51931474639e-05	0.00271666106819	0.0195204904266	0.00377897211958	0.00409808532079	0.00019314746389	0.000466073228082	0.00631508229762	0.0014989922741	0.000369499496137	0.00104971447766	1.25965737319e-05	8.3977158213e-06	0.000344306348673	0.000965737319449	7.1380584481e-05	0.000461874370171	0.000109170305677	0	6.71817265704e-05	0	1.67954316426e-05	0.000285522337924	3.35908632852e-05	0.0007096069869	3.35908632852e-05	2.51931474639e-05	4.19885791065e-05	4.19885791065e-06	5.45851528384e-05	8.3977158213e-06	0.00144020826335	6.29828686597e-05	0	1.67954316426e-05	2.09942895532e-05	0.000487067517635	0.00455995969096	0.000932146456164	0.000953140745717	0	1.67954316426e-05	0.000365300638226	0.00167114544844	3.77897211958e-05	0.000382096069869	4.19885791065e-06	0	0	8.81760161236e-05	0.00137302653678	0.000306516627477	0.000655021834061	0.000314914343299	0.000201545179711	4.19885791065e-05	0	0.000361101780316	0.000109170305677	0.000155357742694	5.87840107491e-05	3.77897211958e-05	1.25965737319e-05	0
0.00279643936849	0.000780987571381	0.0183825999328	0	4.19885791065e-05	0.000243533758818	0.000188948605979	0.00253611017803	0.001221867652	0.00146120255291	6.29828686597e-05	0.000491266375546	0.000100772589856	0.000138562311051	0.00164175344306	0.000751595566006	0.00671817265704	0.0125167954316	0.000247732616728	0.00270406449446	0.000159556600605	0.0322682230433	0.00377897211958	0.0803787369835	0.00152838427948	6.29828686597e-05	0.00690292240511	0.0147757809876	0.0043374202217	0.0051268055089	0.0134111521666	2.51931474639e-05	7.97783003023e-05	0.00215401410816	0.0108960362781	7.55794423917e-05	0.000701209271078	0.000285522337924	0	4.19885791065e-05	8.3977158213e-06	6.71817265704e-05	0.000306516627477	6.71817265704e-05	0.000617232112865	5.03862949278e-05	7.1380584481e-05	9.23748740343e-05	4.19885791065e-06	0.000117568021498	8.3977158213e-06	0.00242274101444	0.000113369163588	8.3977158213e-06	7.1380584481e-05	2.93920053745e-05	0.00120087336245	0.00537033926772	0.00272925764192	0.00083977158213	1.25965737319e-05	0.000214141753443	0.000848169297951	0.00144020826335	3.77897211958e-05	0.000289721195835	4.19885791065e-06	8.3977158213e-06	0	0.000109170305677	0.0100436681223	0.00217080953981	0.0131172321129	0.00487487403426	0.00238915015116	0.00101612361438	8.3977158213e-05	0.000730601276453	0.000302317769567	0.000361101780316	0.000319113201209	0.000113369163588	2.09942895532e-05	2.51931474639e-05
0.00129744709439	0.0007096069869	0.000327510917031	0	0.008082801478	2.09942895532e-05	0.000923748740343	0.00511840779308	0.00097413503527	0.00896876049714	0.00108330534095	0.0001973463218	0.00262008733624	5.45851528384e-05	0.0010665099093	0.000356902922405	0.00535354383608	0.000167954316426	3.77897211958e-05	0.000142761168962	0.00399311387303	0.00330030231777	0.00409808532079	0.00152838427948	0.0432020490427	6.29828686597e-05	0.00039049378569	0.000927947598253	0.0180466913	0.00310715485388	0.00379576755123	4.19885791065e-06	5.45851528384e-05	0.002443735304	0.00452636882768	0.000419885791065	3.77897211958e-05	6.29828686597e-05	0	0.00218760497145	4.19885791065e-06	0.000247732616728	0.0010665099093	0.000369499496137	0.00546271414175	0.00071380584481	8.3977158213e-05	0.000743197850185	1.25965737319e-05	0.00039049378569	4.19885791065e-05	0.000176352032247	4.19885791065e-05	0	2.51931474639e-05	0.000831373866308	9.65737319449e-05	0.00124286194155	0.000167954316426	0.00636966745045	8.3977158213e-06	2.51931474639e-05	8.81760161236e-05	0.00303997312731	0.000167954316426	0.000176352032247	0	2.09942895532e-05	8.3977158213e-06	9.65737319449e-05	0.00186849177024	0.000306516627477	0.00243113873027	0.00116308364125	0.000734800134363	0.000117568021498	5.03862949278e-05	0.000461874370171	7.55794423917e-05	0.000369499496137	0.000268726906281	0.000209942895532	4.19885791065e-05	1.67954316426e-05
7.1380584481e-05	0.00120927107827	1.25965737319e-05	0	4.19885791065e-06	0	4.19885791065e-05	7.55794423917e-05	6.71817265704e-05	0.000146960026873	2.93920053745e-05	0.00373698354048	2.09942895532e-05	0.00564746388982	0.000184749748069	0	3.77897211958e-05	7.1380584481e-05	0.000466073228082	0.000251931474639	3.35908632852e-05	1.67954316426e-05	0.00019314746389	6.29828686597e-05	6.29828686597e-05	0.0151998656365	0.0040225058784	0.00659640577763	2.93920053745e-05	0.00032331205912	3.35908632852e-05	0.000927947598253	2.93920053745e-05	5.45851528384e-05	0.000718004702721	8.3977158213e-06	0.000251931474639	2.93920053745e-05	0	8.3977158213e-06	4.19885791065e-06	5.45851528384e-05	1.25965737319e-05	5.45851528384e-05	2.09942895532e-05	1.25965737319e-05	0.00161236143769	8.3977158213e-06	0.0020112529392	2.93920053745e-05	0	8.3977158213e-06	4.19885791065e-05	0.000125965737319	0.000373698354048	4.19885791065e-06	4.19885791065e-06	2.51931474639e-05	2.51931474639e-05	3.35908632852e-05	0.000734800134363	0.00285102452133	0.00107070876722	1.67954316426e-05	1.67954316426e-05	8.3977158213e-06	0.000180550890158	0	0	9.65737319449e-05	0.00026032919046	0.000575243533759	0.000604635539133	0.000117568021498	2.09942895532e-05	8.3977158213e-06	0.000289721195835	0.000134363453141	0.00170893516963	0.000281323480013	0.000104971447766	5.87840107491e-05	3.35908632852e-05	0.000634027544508
0.00129324823648	0.00594138394357	0.0102410144441	0	5.87840107491e-05	2.09942895532e-05	0.000251931474639	0.00104131676184	0.000680214981525	0.000319113201209	0.000155357742694	0.00789385287202	0.000188948605979	0.00384615384615	0.00138562311051	5.03862949278e-05	0.000344306348673	0.0129492777964	0.00383775613033	0.0152754450789	0.000268726906281	0.00313654685925	0.000466073228082	0.00690292240511	0.00039049378569	0.0040225058784	0.0918458179375	0.0329274437353	0.000759993281827	0.00292660396372	0.00375377897212	0.00290141081626	0.000134363453141	0.000797783003023	0.0114460866644	2.51931474639e-05	0.00592038965401	0.00290141081626	0	2.93920053745e-05	1.67954316426e-05	7.97783003023e-05	0.000172153174337	7.97783003023e-05	0.00013016459523	3.35908632852e-05	0.000764192139738	5.03862949278e-05	0.00138982196842	6.29828686597e-05	4.19885791065e-06	0.000230937185086	0.00207423580786	0.00026032919046	0.00229257641921	2.93920053745e-05	0.000327510917031	0.000264528048371	0.00127225394693	0.000163755458515	0.0015367819953	0.0105979173665	0.00969516291569	0.000293920053745	2.09942895532e-05	0.000121766879409	0.000180550890158	1.25965737319e-05	0	0.000436681222707	0.00867064158549	0.00788125629829	0.00750335908633	0.00272925764192	0.00025613033255	0.0001973463218	0.000230937185086	0.00128904937857	0.00349344978166	0.000902754450789	0.000344306348673	0.000121766879409	2.93920053745e-05	0.000159556600605
0.00052065838092	0.0129996640914	0.0135875041989	0	2.51931474639e-05	5.87840107491e-05	0.000151158884783	0.000491266375546	0.000335908632852	0.00104131676184	7.1380584481e-05	0.00188948605979	9.23748740343e-05	0.00245633187773	0.000562646960027	0.000222539469264	0.00591199193819	0.00666778636211	0.000978333893181	0.00466912999664	0.000121766879409	0.00207423580786	0.00631508229762	0.0147757809876	0.000927947598253	0.00659640577763	0.0329274437353	0.0913797447094	0.000718004702721	0.00133523681559	0.00136042996305	0.000642425260329	9.23748740343e-05	0.00058364124958	0.00619751427612	2.93920053745e-05	0.00848589183742	0.00238075243534	0	2.09942895532e-05	2.09942895532e-05	7.1380584481e-05	0.000151158884783	6.71817265704e-05	0.000205744037622	1.25965737319e-05	0.000314914343299	4.61874370171e-05	0.000600436681223	6.71817265704e-05	1.67954316426e-05	0.00318693315418	0.000835572724219	0.00013016459523	0.00133103795768	8.3977158213e-06	0.00155357742694	0.00537453812563	0.00526536781995	0.000277124622103	0.00113369163588	0.00636126973463	0.00900655021834	0.00051645952301	2.93920053745e-05	0.000109170305677	8.81760161236e-05	8.3977158213e-06	0	0.000344306348673	0.0122396708095	0.00613453140746	0.00633187772926	0.00241434329862	0.000680214981525	0.000327510917031	0.000117568021498	0.00142761168962	0.00168794088008	0.00065082297615	0.000293920053745	0.00013016459523	2.93920053745e-05	6.71817265704e-05
0.00592878736984	0.000163755458515	0.000957339603628	0	0.00520238495129	5.03862949278e-05	0.0034682566342	0.027725058784	0.00471111857575	0.00548790728922	0.0059539805173	0.000457675512261	0.00173832717501	0.000172153174337	0.00434161907961	0.000503862949278	0.00315754114881	0.00052065838092	0.000125965737319	0.000319113201209	0.00353543836077	0.00970775948942	0.0014989922741	0.0043374202217	0.0180466913	2.93920053745e-05	0.000759993281827	0.000718004702721	0.067198522002	0.0114166946591	0.0150613033255	4.19885791065e-06	0.000184749748069	0.00917030567686	0.0105895196507	0.000499664091367	3.77897211958e-05	5.03862949278e-05	0	0.00458095398052	3.35908632852e-05	0.000512260665099	0.00136042996305	0.000608834397044	0.00979593550554	0.00192727578099	0.000113369163588	0.00161236143769	4.19885791065e-06	0.00052065838092	7.1380584481e-05	0.000134363453141	6.29828686597e-05	1.25965737319e-05	5.87840107491e-05	0.00272925764192	7.55794423917e-05	0.00103711790393	0.000155357742694	0.00888058448102	4.19885791065e-06	5.03862949278e-05	8.81760161236e-05	0.00379576755123	0.00026032919046	0.000155357742694	4.19885791065e-06	2.93920053745e-05	1.25965737319e-05	0.000121766879409	0.00334648975479	0.000566845817938	0.00586580450118	0.00277964393685	0.00101192475647	0.000306516627477	0.000151158884783	0.000571044675848	0.000117568021498	0.000512260665099	0.000335908632852	0.000361101780316	7.1380584481e-05	2.93920053745e-05
0.019923580786	0.000100772589856	0.00157457171649	0	0.00109590191468	0.000428283506886	0.00553409472623	0.0187311051394	0.0143265031911	0.00123446422573	0.00352704064494	0.00442559623782	0.00380836412496	0.000944743029896	0.0301645952301	0.000718004702721	0.000331709774941	0.00117987907289	0.00065082297615	0.00111689620423	0.00569785018475	0.00424084648975	0.000369499496137	0.0051268055089	0.00310715485388	0.00032331205912	0.00292660396372	0.00133523681559	0.0114166946591	0.0699655693651	0.0221363789049	5.45851528384e-05	0.00276284850521	0.0219012428619	0.0322262344642	0.000104971447766	3.35908632852e-05	3.77897211958e-05	0	0.00032331205912	4.19885791065e-05	0.000352704064494	0.00038629492778	0.000277124622103	0.00159976486396	0.000226738327175	0.000314914343299	0.000272925764192	2.93920053745e-05	0.000180550890158	2.09942895532e-05	5.45851528384e-05	2.09942895532e-05	4.19885791065e-06	4.19885791065e-05	0.000201545179711	4.61874370171e-05	0.000163755458515	8.3977158213e-05	0.00144020826335	1.67954316426e-05	9.65737319449e-05	8.81760161236e-05	0.000671817265704	7.1380584481e-05	3.35908632852e-05	4.19885791065e-06	6.29828686597e-05	0	7.1380584481e-05	0.00558448102116	0.00138562311051	0.0162453812563	0.00756214309708	0.000923748740343	0.00101612361438	0.000877561303325	0.000604635539133	0.000167954316426	0.0009069533087	0.000990930466913	0.000382096069869	0.000243533758818	0.000146960026873
