0.00842829209089	0	2.62213531717e-05	0	7.4918151919e-06	0	7.4918151919e-06	0.00285063568052	0.00135976445733	0.000393320297575	0.000127360858262	0	3.74590759595e-06	0	0.00308662785906	1.12377227879e-05	0.000123614950666	0	0	0	0	1.49836303838e-05	0.000149836303838	5.61886139393e-05	0.000209770825373	0	5.99345215352e-05	5.61886139393e-05	0.000209770825373	0.00567879591546	0.00128859221301	0	0	0.000505697525453	0.000561886139393	3.74590759595e-05	2.62213531717e-05	1.49836303838e-05	0	2.24754455757e-05	3.74590759595e-06	3.74590759595e-06	0	2.62213531717e-05	0.000340877591232	0	0	0.00013859858105	0	4.12049835555e-05	3.74590759595e-06	2.24754455757e-05	0	0	3.74590759595e-06	0.00013859858105	9.73935974947e-05	4.49508911514e-05	0.000116123135474	8.24099671109e-05	0	1.49836303838e-05	3.37131683636e-05	1.87295379798e-05	9.73935974947e-05	1.12377227879e-05	0	2.24754455757e-05	5.99345215352e-05	0.000389574389979	0.000116123135474	1.87295379798e-05	0.000494459802666	4.49508911514e-05	0	0	0	0.0002771971621	6.36804291312e-05	0.000183549472202	5.61886139393e-05	1.49836303838e-05	1.87295379798e-05	0
0	0.0132417833517	0.000179803564606	0	2.62213531717e-05	0	0	2.24754455757e-05	1.49836303838e-05	0.00366349762884	1.49836303838e-05	7.8664059515e-05	3.37131683636e-05	0.000531918878625	1.87295379798e-05	0	0.000247229901333	7.11722443231e-05	0	7.4918151919e-06	0	1.12377227879e-05	0.00511690977607	0.000153582211434	0.00197034739547	0.000981427790139	0.00378711257951	0.0104435903775	4.86967987474e-05	3.74590759595e-06	0	0	0	0	0.000142344488646	0	0.00465241723417	0.000134852673454	0	0	0	0	3.74590759595e-06	0	2.62213531717e-05	0	0.000142344488646	0	7.4918151919e-05	0	0	2.99672607676e-05	7.11722443231e-05	3.74590759595e-06	0.000104885412687	0	2.62213531717e-05	0.000486967987474	7.4918151919e-05	1.49836303838e-05	0.000310910330464	0.000262213531717	0.00430404782775	3.74590759595e-05	0	0	7.4918151919e-06	0	0	5.99345215352e-05	0.000355861221615	0.000146090396242	0.000239738086141	0	0	0	1.87295379798e-05	0.000194787194989	0.000318402145656	5.61886139393e-05	0	0	7.4918151919e-06	1.12377227879e-05
2.62213531717e-05	0.000179803564606	0.0517572052533	0	6.36804291312e-05	3.74590759595e-06	0.00102263277369	0.00713220806269	0.0025022662741	0.000127360858262	0.0023112249867	0.000382082574787	6.74263367271e-05	8.24099671109e-05	0.00106758366485	7.4918151919e-06	0.000955206436968	0.0134852673454	4.12049835555e-05	0.000367098944403	0	0.000689246997655	0.00171187977135	0.0161785749069	0.00170813386375	3.74590759595e-06	0.00614328845736	0.0136613250024	0.00815109492879	0.000116123135474	0.00270454528428	0	7.4918151919e-06	3.74590759595e-06	0.000940222806584	2.99672607676e-05	0.0129121434832	0.0054615332749	0	2.99672607676e-05	3.74590759595e-06	0.000164819934222	2.99672607676e-05	0.000393320297575	7.8664059515e-05	4.12049835555e-05	0.000273451254504	7.4918151919e-06	5.61886139393e-05	2.99672607676e-05	3.74590759595e-06	0.000187295379798	0.000842829209089	0.000191041287394	0.000569377954585	7.4918151919e-05	0.000164819934222	0.00247229901333	0.000674263367271	0.000168565841818	1.12377227879e-05	0.00461121225062	0.00963447433679	0.000292180792484	6.36804291312e-05	0.000172311749414	3.37131683636e-05	0	3.74590759595e-05	0.000674263367271	0.00599719806112	0.00459997452783	0.00245356947535	0.000449508911514	1.87295379798e-05	0	0	0.000681755182463	0.000689246997655	0.000397066205171	1.49836303838e-05	3.74590759595e-06	0	0
0	0	0	0	0	0	0	0	0	0	0	0	0	0	0	0	0	0	0	0	0	0	0	0	0	0	0	0	0	0	0	0	0	0	0	0	0	0	0	0	0	0	0	0	0	0	0	0	0	0	0	0	0	0	0	0	0	0	0	0	0	0	0	0	0	0	0	0	0	0	0	0	0	0	0	0	0	0	0	0	0	0	0	0
7.4918151919e-06	2.62213531717e-05	6.36804291312e-05	0	0.0135976445733	0	0.000348369406423	0.000363353036807	0.000183549472202	0.00321398871733	0.00328141505405	6.36804291312e-05	0.00287685703369	0	0.000153582211434	0.000370844851999	2.99672607676e-05	7.4918151919e-06	1.87295379798e-05	3.74590759595e-06	0.00382457165547	0	0.000183549472202	1.87295379798e-05	0.00715842941586	0	5.99345215352e-05	9.73935974947e-05	0.00428157238217	0.00015732811903	1.12377227879e-05	0	2.62213531717e-05	4.86967987474e-05	0.000213516732969	0	3.74590759595e-06	3.74590759595e-06	0	0.00228125772593	0	4.12049835555e-05	1.49836303838e-05	7.4918151919e-06	0.000292180792484	0	0	0.00013859858105	0	4.86967987474e-05	0	1.12377227879e-05	7.4918151919e-06	0	0	0.00107882138763	1.87295379798e-05	3.37131683636e-05	4.12049835555e-05	0.00244607766016	0	0	3.74590759595e-06	0.000996411420523	0.000108631320283	3.74590759595e-05	0	0	4.12049835555e-05	0.000299672607676	0.000385828482383	1.87295379798e-05	0.000288434884888	4.49508911514e-05	1.12377227879e-05	0	0	0.00029592670008	3.74590759595e-06	0.000209770825373	7.4918151919e-05	0	1.12377227879e-05	0
0	0	3.74590759595e-06	0	0	0.00344623498828	0.00134478082695	7.4918151919e-06	0.000902763730624	1.87295379798e-05	1.87295379798e-05	0	3.74590759595e-06	0	0.000550648416605	0.00123989541426	3.74590759595e-06	0	0	0	3.74590759595e-06	0	0	0	1.12377227879e-05	0	3.74590759595e-06	0	1.87295379798e-05	4.12049835555e-05	0	0	0.00138223990291	0	0.00011986904307	0	0	0	0	0	0	0	0	0	0	0	0	0	0	0	0	0	0	0	0	0	0	0	0	0	0	0	0	0	0	0	0	0	0	0	0.00013859858105	0	5.99345215352e-05	5.24427063433e-05	0.000516935248241	0.000513189340645	0	3.74590759595e-06	0	0	0	0	0	0
7.4918151919e-06	0	0.00102263277369	0	0.000348369406423	0.00134478082695	0.0419841323354	0.00933105582151	0.0221233302617	0.000558140231797	0.0223443388099	0.00144592033204	0.00616576390294	1.49836303838e-05	0.00539785284577	0.00430779373534	3.74590759595e-06	0.000232246270949	0.000116123135474	2.99672607676e-05	0.00302669333753	3.74590759595e-06	0	0.000243483993737	0.000824099671109	0	0.00143468260925	0.000131106765858	0.00678009274867	0.002401126769	0.000131106765858	0	0.00216138868286	0	0.00310535739704	3.74590759595e-06	3.74590759595e-06	4.86967987474e-05	0	0.000337131683636	0	2.99672607676e-05	4.86967987474e-05	7.4918151919e-06	1.12377227879e-05	0	0	2.62213531717e-05	0	0.000191041287394	0	0	0	0	0	7.4918151919e-05	5.24427063433e-05	7.4918151919e-06	7.11722443231e-05	0.000558140231797	0	1.49836303838e-05	1.12377227879e-05	0.000344623498828	0.000367098944403	8.61558747069e-05	0	0	1.49836303838e-05	0.000269705346909	0.00169315023337	0.000127360858262	0.00330763640723	0.000393320297575	0.00149836303838	0.000149836303838	0	0.00017605765701	3.74590759595e-06	0.000131106765858	4.12049835555e-05	7.4918151919e-06	0	1.49836303838e-05
0.00285063568052	2.24754455757e-05	0.00713220806269	0	0.000363353036807	7.4918151919e-06	0.00933105582151	0.0704230628039	0.0212542796994	0.0017568306625	0.0242697353142	0.000618074753332	0.000307164422868	6.74263367271e-05	0.0162872062272	0.000606837030544	3.74590759595e-06	0.00523677881914	6.74263367271e-05	0.00096269825216	0.000284688977292	0.00107507548004	4.12049835555e-05	0.00457749908225	0.00539785284577	0	0.00160324845107	0.000831591486301	0.0339903655257	0.00789637321227	0.0115186658576	0	0.000584361584968	0.000142344488646	0.00576869769777	3.37131683636e-05	0.000367098944403	0.000438271188726	0	0.000734197888806	0	0.000191041287394	5.61886139393e-05	0.000123614950666	0.000247229901333	2.24754455757e-05	2.99672607676e-05	0.000299672607676	3.74590759595e-05	0.000427033465938	7.4918151919e-06	5.24427063433e-05	2.24754455757e-05	0	1.87295379798e-05	0.000280943069696	0.000520681155837	2.62213531717e-05	0.000509443433049	0.00152833029915	0	0.000580615677372	0.000183549472202	0.00125113313705	0.000876542377453	0.000449508911514	3.74590759595e-06	4.49508911514e-05	8.61558747069e-05	0.00112751818638	0.00473482720128	0.000812861948321	0.00722210984499	0.00185422426	0.000146090396242	0.000142344488646	3.74590759595e-06	0.000973935974947	7.11722443231e-05	0.000438271188726	0.000179803564606	3.37131683636e-05	1.12377227879e-05	0
0.00135976445733	1.49836303838e-05	0.0025022662741	0	0.000183549472202	0.000902763730624	0.0221233302617	0.0212542796994	0.0564620651938	0.000618074753332	0.0227301672922	0.00270079937668	0.00290682429446	0.000292180792484	0.0251500235992	0.00215389686767	2.24754455757e-05	0.00115748544715	0.000134852673454	0.000213516732969	0.00140471534848	1.12377227879e-05	4.86967987474e-05	0.00139347762569	0.0011087886484	3.74590759595e-05	0.00160699435866	0.00033338577604	0.0107020580016	0.00561886139393	0.00156578937511	0	0.00174184703212	0	0.0054577873673	2.99672607676e-05	0.000172311749414	0.000329639868444	0	0.000501951617857	0	4.49508911514e-05	0.000303418515272	2.24754455757e-05	0.000183549472202	0	7.4918151919e-06	8.61558747069e-05	2.24754455757e-05	0.000524427063433	0	3.74590759595e-06	1.87295379798e-05	0	7.4918151919e-06	0.000168565841818	0.000415795743151	5.61886139393e-05	0.000404558020363	0.000824099671109	0	0.000374590759595	9.36476898988e-05	0.0006480420141	0.00138223990291	0.000318402145656	1.12377227879e-05	1.49836303838e-05	4.12049835555e-05	0.00104510821927	0.00423287558343	0.000588107492564	0.00669393687397	0.000891526007836	0.00207148690056	0.000194787194989	7.4918151919e-06	0.000775402872362	8.61558747069e-05	0.000415795743151	0.00011986904307	2.99672607676e-05	1.87295379798e-05	1.49836303838e-05
0.000393320297575	0.00366349762884	0.000127360858262	0	0.00321398871733	1.87295379798e-05	0.000558140231797	0.0017568306625	0.000618074753332	0.036129278763	0.00189542924355	3.37131683636e-05	0.00358108766173	0.000310910330464	0.000914001453412	0.00355486630856	0.000325893960848	2.24754455757e-05	2.24754455757e-05	1.12377227879e-05	0.000464492541898	0	0.00745810202354	2.24754455757e-05	0.0225578555428	0.00011986904307	0.00197034739547	0.00362229264529	0.00770158601728	0.00156204346751	0.000666771552079	0	5.99345215352e-05	3.74590759595e-06	0.000535664786221	0.000516935248241	0.000363353036807	0.00015732811903	0	0.0028656193109	1.49836303838e-05	0.000438271188726	0.000269705346909	0.000543156601413	0.01073577117	2.62213531717e-05	4.12049835555e-05	0.00171562567895	2.99672607676e-05	0.000988919605331	2.62213531717e-05	0.000816607855917	3.37131683636e-05	1.49836303838e-05	3.74590759595e-06	0.00235242997026	0.00130357584339	0.003513661325	0.00118745270792	0.00718090486144	0	0.000104885412687	0.000678009274867	0.00267832393111	0.00209021643854	0.00146090396242	7.4918151919e-06	0.000224754455757	0.000955206436968	0.00510192614569	0.00374216168836	0.00011986904307	0.000696738812847	0.000655533829291	0.00033338577604	1.87295379798e-05	0	0.00551397598124	0.00090650963822	0.00207897871575	0.000393320297575	0.00013859858105	0.000187295379798	0
0.000127360858262	1.49836303838e-05	0.0023112249867	0	0.00328141505405	1.87295379798e-05	0.0223443388099	0.0242697353142	0.0227301672922	0.00189542924355	0.0676660748133	0.00306789832108	0.00710598670952	4.86967987474e-05	0.00928610493036	0.00015732811903	0	0.000981427790139	0.000554394324201	0.000340877591232	0.00763415968055	7.4918151919e-06	3.74590759595e-06	0.00116872316994	0.00199282284105	0	0.00296675881599	0.000348369406423	0.0180253073517	0.00966818750515	7.4918151919e-05	0	0.000479476172282	7.4918151919e-06	0.00968691704313	0	7.8664059515e-05	5.99345215352e-05	0	0.00319151327175	0	1.87295379798e-05	4.86967987474e-05	3.74590759595e-06	3.74590759595e-05	1.12377227879e-05	0	2.62213531717e-05	3.74590759595e-06	2.24754455757e-05	0	3.74590759595e-06	0	0	7.4918151919e-06	0.00167442069539	0	7.4918151919e-06	3.74590759595e-05	0.00379835030229	3.74590759595e-06	4.86967987474e-05	3.74590759595e-05	0.000880288285049	0.000161074026626	1.87295379798e-05	3.74590759595e-06	0	3.74590759595e-06	0.000142344488646	0.00137100218012	0.00033338577604	0.00926737539238	0.00103012458889	3.37131683636e-05	7.4918151919e-05	0	0.000153582211434	3.74590759595e-06	4.49508911514e-05	2.99672607676e-05	1.12377227879e-05	0	0
0	7.8664059515e-05	0.000382082574787	0	6.36804291312e-05	0	0.00144592033204	0.000618074753332	0.00270079937668	3.37131683636e-05	0.00306789832108	0.0303193760816	0.00104510821927	0.00344623498828	0.00224005274238	1.87295379798e-05	2.24754455757e-05	0.00217262640565	0.00221008548161	0.00809865222245	0.000985173697735	0.00059185340016	5.99345215352e-05	0.00121367406109	0.000131106765858	0.00144592033204	0.00734572479566	0.000415795743151	0.000854066931877	0.00428531828977	0.000475730264686	3.74590759595e-06	0.000243483993737	7.4918151919e-06	0.0120992815349	7.4918151919e-06	0.000741689703998	7.8664059515e-05	0	1.49836303838e-05	0	0	1.12377227879e-05	7.4918151919e-06	2.24754455757e-05	0	0.000123614950666	3.74590759595e-06	0.00134852673454	3.37131683636e-05	3.74590759595e-06	3.74590759595e-06	1.12377227879e-05	2.62213531717e-05	5.24427063433e-05	1.49836303838e-05	0	6.74263367271e-05	2.62213531717e-05	0.000153582211434	0.000363353036807	0.000816607855917	0.000501951617857	0.000198533102585	5.24427063433e-05	7.4918151919e-06	0.000524427063433	0	7.4918151919e-06	0.000116123135474	0.000576869769777	0.00487342578233	0.014249432495	0.00125862495224	7.4918151919e-06	0	0.000146090396242	0.000168565841818	2.99672607676e-05	4.49508911514e-05	2.99672607676e-05	7.4918151919e-06	3.74590759595e-06	0
3.74590759595e-06	3.37131683636e-05	6.74263367271e-05	0	0.00287685703369	3.74590759595e-06	0.00616576390294	0.000307164422868	0.00290682429446	0.00358108766173	0.00710598670952	0.00104510821927	0.0232321189101	0	0.0013897317181	0.0017605765701	3.74590759595e-06	7.4918151919e-06	0.000146090396242	1.49836303838e-05	0.00761917605017	0	9.73935974947e-05	7.4918151919e-06	0.00460372043542	0	0.00108631320283	6.74263367271e-05	0.00266708620832	0.00124738722945	2.62213531717e-05	0	1.87295379798e-05	0	0.00207897871575	0.000217262640565	7.4918151919e-06	3.74590759595e-06	0	0.000681755182463	0	0.000730451981211	1.49836303838e-05	8.24099671109e-05	0.000191041287394	0.000123614950666	0.000142344488646	0.00233744633987	0.00013859858105	0.000539410693817	0.000250975808929	7.4918151919e-06	3.74590759595e-06	7.4918151919e-06	0	0.00152833029915	1.49836303838e-05	2.62213531717e-05	2.62213531717e-05	0.00049071389507	0	0	7.4918151919e-06	0.000149836303838	0.000584361584968	2.24754455757e-05	0	1.12377227879e-05	2.24754455757e-05	0.000363353036807	0.00049071389507	3.74590759595e-05	0.00185797016759	0.000273451254504	1.12377227879e-05	0	0	0.000142344488646	0	0.00029592670008	2.99672607676e-05	3.74590759595e-05	0	0
0	0.000531918878625	8.24099671109e-05	0	0	0	1.49836303838e-05	6.74263367271e-05	0.000292180792484	0.000310910330464	4.86967987474e-05	0.00344623498828	0	0.0162047962601	0.00045325481911	0	7.4918151919e-06	0.000101139505091	0.00011986904307	0.00013859858105	3.74590759595e-06	7.4918151919e-06	0.000378336667191	1.12377227879e-05	0.000108631320283	0.0047160976633	0.00486593396714	0.00204151963979	3.37131683636e-05	0.000513189340645	4.86967987474e-05	0.000239738086141	0.000127360858262	0	0.000595599307756	0	0.00241236449179	1.49836303838e-05	0	0	0	0	0	3.74590759595e-06	7.8664059515e-05	0	0.000359607129211	3.74590759595e-06	0.00520306565078	3.74590759595e-06	0	7.4918151919e-06	7.4918151919e-06	0.000374590759595	0.000288434884888	3.74590759595e-06	1.49836303838e-05	0.000108631320283	2.24754455757e-05	1.12377227879e-05	0.00298548835397	0.00177930610808	0.00341626772751	7.4918151919e-06	7.4918151919e-06	1.87295379798e-05	0.00126611676743	0	0	5.24427063433e-05	5.24427063433e-05	0.00265959439313	0.00130357584339	3.37131683636e-05	0	0	0.000816607855917	1.49836303838e-05	2.99672607676e-05	0.000161074026626	5.99345215352e-05	0	0	3.74590759595e-06
0.00308662785906	1.87295379798e-05	0.00106758366485	0	0.000153582211434	0.000550648416605	0.00539785284577	0.0162872062272	0.0251500235992	0.000914001453412	0.00928610493036	0.00224005274238	0.0013897317181	0.00045325481911	0.0429655601256	0.00205650327018	0.000116123135474	0.000797878317938	7.4918151919e-05	0.000288434884888	0.000558140231797	1.87295379798e-05	0.000142344488646	0.000996411420523	0.000737943796402	3.74590759595e-05	0.000655533829291	0.000206024917777	0.00652537103215	0.0106233939421	0.00183549472202	0	0.00384330119345	4.49508911514e-05	0.00339753818953	7.11722443231e-05	0.000153582211434	0.000303418515272	0	3.74590759595e-05	0	4.86967987474e-05	9.36476898988e-05	6.74263367271e-05	0.000737943796402	0	7.4918151919e-06	0.000243483993737	4.49508911514e-05	0.000603091122948	0	7.4918151919e-06	3.74590759595e-06	0	3.74590759595e-06	0.000209770825373	0.000337131683636	7.4918151919e-05	0.000404558020363	0.000250975808929	0	0.000382082574787	8.24099671109e-05	0.000235992178545	0.00116497726234	0.000123614950666	1.87295379798e-05	4.49508911514e-05	6.74263367271e-05	0.00125487904464	0.00399688340488	0.000423287558343	0.00526300017231	0.000865304654665	0.00216138868286	5.24427063433e-05	1.49836303838e-05	0.00112751818638	0.000127360858262	0.000636804291312	0.000224754455757	5.61886139393e-05	4.49508911514e-05	3.74590759595e-05
1.12377227879e-05	0	7.4918151919e-06	0	0.000370844851999	0.00123989541426	0.00430779373534	0.000606837030544	0.00215389686767	0.00355486630856	0.00015732811903	1.87295379798e-05	0.0017605765701	0	0.00205650327018	0.0112714359562	3.74590759595e-06	7.4918151919e-06	0	0	0.000179803564606	3.74590759595e-06	3.74590759595e-06	3.74590759595e-06	0.00238239723103	0	0	0	0.000854066931877	0.000104885412687	0.000149836303838	0	0.00187669970557	3.74590759595e-06	0.000142344488646	1.12377227879e-05	3.74590759595e-06	0	0	0	0	2.24754455757e-05	6.74263367271e-05	1.49836303838e-05	0.000427033465938	0	0	2.24754455757e-05	0	0.000254721716525	0	3.74590759595e-06	2.24754455757e-05	0	0	7.4918151919e-06	3.74590759595e-06	3.74590759595e-06	1.87295379798e-05	0.000235992178545	0	0	3.74590759595e-06	8.24099671109e-05	0.000576869769777	0.00029592670008	0	3.74590759595e-06	0.000247229901333	0.000775402872362	0.000404558020363	3.74590759595e-06	0.000179803564606	7.11722443231e-05	0.00177181429289	0.000243483993737	0	0.000288434884888	4.12049835555e-05	0.000273451254504	4.49508911514e-05	0	1.12377227879e-05	0
0.000123614950666	0.000247229901333	0.000955206436968	0	2.99672607676e-05	3.74590759595e-06	3.74590759595e-06	3.74590759595e-06	2.24754455757e-05	0.000325893960848	0	2.24754455757e-05	3.74590759595e-06	7.4918151919e-06	0.000116123135474	3.74590759595e-06	0.030705204564	0.000370844851999	0	0.000112377227879	0	0.00047198435709	0.0189168333596	0.00505697525453	0.0124476509413	1.12377227879e-05	0.000340877591232	0.00423662149102	0.00347245634145	0.000378336667191	0.000288434884888	0	7.4918151919e-06	0.000232246270949	0.00013859858105	3.74590759595e-06	0.000262213531717	0.000269705346909	0	0	0	3.74590759595e-06	4.49508911514e-05	3.37131683636e-05	6.74263367271e-05	7.4918151919e-06	1.49836303838e-05	2.99672607676e-05	0	2.24754455757e-05	7.4918151919e-06	0.00356235812375	1.87295379798e-05	0	4.49508911514e-05	3.74590759595e-06	0.00391072753017	0.0105634594206	0.0096194907064	6.36804291312e-05	3.74590759595e-06	4.86967987474e-05	0.000644296106504	5.99345215352e-05	1.12377227879e-05	8.24099671109e-05	0	3.74590759595e-06	7.4918151919e-05	0.00011986904307	0.00475355673926	0.00167442069539	0.000771656964766	0.00033338577604	4.12049835555e-05	0	0	0.000202279010181	0.000101139505091	2.99672607676e-05	4.12049835555e-05	1.49836303838e-05	3.74590759595e-06	0
0	7.11722443231e-05	0.0134852673454	0	7.4918151919e-06	0	0.000232246270949	0.00523677881914	0.00115748544715	2.24754455757e-05	0.000981427790139	0.00217262640565	7.4918151919e-06	0.000101139505091	0.000797878317938	7.4918151919e-06	0.000370844851999	0.0406393515085	0.000149836303838	0.0102488031825	0	0.00198907693345	0.000363353036807	0.0098966878685	0.00011986904307	2.62213531717e-05	0.00590729627882	0.00162572389664	0.0043527446265	0.000131106765858	0.00697487994366	0	0	1.87295379798e-05	0.00865679245424	7.4918151919e-06	0.00484720442916	0.00125487904464	0	3.74590759595e-06	0	5.61886139393e-05	7.4918151919e-06	0.000164819934222	7.4918151919e-06	7.4918151919e-06	4.12049835555e-05	3.74590759595e-06	8.24099671109e-05	1.49836303838e-05	0	1.87295379798e-05	0.000374590759595	0.000123614950666	0.000947714621776	1.49836303838e-05	2.62213531717e-05	2.62213531717e-05	0.000127360858262	1.49836303838e-05	3.74590759595e-05	0.00580990268132	0.00268956165389	2.99672607676e-05	1.12377227879e-05	5.24427063433e-05	6.36804291312e-05	0	0	0.000206024917777	0.00128859221301	0.00863431700867	0.00422538376823	0.000973935974947	3.74590759595e-06	0	0	0.000262213531717	0.000310910330464	0.000164819934222	1.12377227879e-05	0	0	0
0	0	4.12049835555e-05	0	1.87295379798e-05	0	0.000116123135474	6.74263367271e-05	0.000134852673454	2.24754455757e-05	0.000554394324201	0.00221008548161	0.000146090396242	0.00011986904307	7.4918151919e-05	0	0	0.000149836303838	0.00514313112924	0.00111628046359	0.000164819934222	7.4918151919e-06	3.74590759595e-06	7.8664059515e-05	7.4918151919e-05	0.000116123135474	0.00197783921066	0.000112377227879	0.000161074026626	0.000161074026626	7.4918151919e-06	3.74590759595e-06	0	0	0.00114624772436	0	6.36804291312e-05	0	0	3.74590759595e-06	0	0	7.4918151919e-06	0	7.4918151919e-06	0	7.4918151919e-06	0	0.00011986904307	1.12377227879e-05	3.74590759595e-06	3.74590759595e-06	0	7.4918151919e-05	3.74590759595e-05	7.4918151919e-06	0	7.4918151919e-06	0	9.73935974947e-05	0.000243483993737	0.000179803564606	0.000269705346909	8.99017823028e-05	1.12377227879e-05	0	7.4918151919e-06	0	0	2.24754455757e-05	0.000213516732969	0.000621820660928	0.00202653600941	0.000486967987474	0	0	7.4918151919e-06	6.36804291312e-05	0	7.4918151919e-06	7.4918151919e-06	3.74590759595e-06	0	0
0	7.4918151919e-06	0.000367098944403	0	3.74590759595e-06	0	2.99672607676e-05	0.00096269825216	0.000213516732969	1.12377227879e-05	0.000340877591232	0.00809865222245	1.49836303838e-05	0.00013859858105	0.000288434884888	0	0.000112377227879	0.0102488031825	0.00111628046359	0.0243933502648	3.74590759595e-06	0.00195536376509	3.37131683636e-05	0.00242360221458	0.000198533102585	0.000344623498828	0.00299298016917	0.000914001453412	0.000576869769777	0.000284688977292	0.00323271825531	0	1.12377227879e-05	7.4918151919e-06	0.010717041632	3.74590759595e-06	0.000861558747069	0.000112377227879	0	0	0	0	0	7.4918151919e-06	1.12377227879e-05	0	1.49836303838e-05	0	0.000131106765858	3.74590759595e-06	0	3.74590759595e-06	7.4918151919e-06	3.74590759595e-05	0.000153582211434	0	1.12377227879e-05	7.11722443231e-05	3.37131683636e-05	1.12377227879e-05	0.000258467624121	0.00094396871418	0.000640550198908	3.74590759595e-06	1.12377227879e-05	1.12377227879e-05	4.86967987474e-05	0	7.4918151919e-06	6.74263367271e-05	0.0019441260423	0.003142816473	0.00852943159598	0.00134478082695	3.74590759595e-06	0	1.87295379798e-05	4.49508911514e-05	5.24427063433e-05	1.87295379798e-05	7.4918151919e-06	0	0	0
0	0	0	0	0.00382457165547	3.74590759595e-06	0.00302669333753	0.000284688977292	0.00140471534848	0.000464492541898	0.00763415968055	0.000985173697735	0.00761917605017	3.74590759595e-06	0.000558140231797	0.000179803564606	0	0	0.000164819934222	3.74590759595e-06	0.0155942133219	0	0	0	0.00103761640408	0	0.00100015732812	0	0.00325144779329	0.0013859858105	0	0	1.87295379798e-05	0	0.00237115950824	0	0	0	0	0.000299672607676	0	0	0	0	2.62213531717e-05	0	0	0	0	0	0	0	0	0	0	0.000191041287394	0	0	0	0.00033338577604	0	0	0	0.000108631320283	7.4918151919e-06	7.4918151919e-06	0	0	1.12377227879e-05	6.74263367271e-05	0.000142344488646	3.74590759595e-06	0.00183924062961	5.24427063433e-05	7.4918151919e-06	0	0	3.74590759595e-05	0	4.49508911514e-05	2.24754455757e-05	3.74590759595e-06	7.4918151919e-06	0
1.49836303838e-05	1.12377227879e-05	0.000689246997655	0	0	0	3.74590759595e-06	0.00107507548004	1.12377227879e-05	0	7.4918151919e-06	0.00059185340016	0	7.4918151919e-06	1.87295379798e-05	3.74590759595e-06	0.00047198435709	0.00198907693345	7.4918151919e-06	0.00195536376509	0	0.0324657811341	0.000603091122948	0.0165681492969	0.000374590759595	0	0.000606837030544	0.000363353036807	0.00405681792642	0.000876542377453	0.0135152346062	0	3.74590759595e-06	0.00156204346751	0.00867926789982	4.12049835555e-05	0.000123614950666	0.00254721716525	0	0	0	2.62213531717e-05	6.74263367271e-05	9.73935974947e-05	0	0	1.12377227879e-05	2.99672607676e-05	0	8.99017823028e-05	0	0.000112377227879	2.99672607676e-05	3.74590759595e-06	1.49836303838e-05	0	0.00033338577604	0.000292180792484	0.00377212894912	0	0	0.000599345215352	0.000412049835555	7.8664059515e-05	0.000209770825373	0.000232246270949	0	0	0.000161074026626	0.000213516732969	0.00500453254819	0.00169689614097	0.00530795106346	0.000479476172282	3.74590759595e-06	0	0	1.87295379798e-05	7.4918151919e-06	4.12049835555e-05	3.74590759595e-05	7.4918151919e-06	0	0
0.000149836303838	0.00511690977607	0.00171187977135	0	0.000183549472202	0	0	4.12049835555e-05	4.86967987474e-05	0.00745810202354	3.74590759595e-06	5.99345215352e-05	9.73935974947e-05	0.000378336667191	0.000142344488646	3.74590759595e-06	0.0189168333596	0.000363353036807	3.74590759595e-06	3.37131683636e-05	0	0.000603091122948	0.0381633065876	0.00572749271421	0.012803512163	0.000280943069696	0.00231871680189	0.00923366222402	0.00230747907911	0.000580615677372	0.000516935248241	0	3.74590759595e-06	0.000307164422868	0.000149836303838	1.12377227879e-05	0.00102637868129	0.000325893960848	0	3.74590759595e-06	0	3.74590759595e-06	4.49508911514e-05	3.74590759595e-05	0.000258467624121	1.12377227879e-05	3.74590759595e-05	4.12049835555e-05	0.000101139505091	2.62213531717e-05	0	0.0046224499734	0.000149836303838	3.74590759595e-06	7.11722443231e-05	1.12377227879e-05	0.00570876317623	0.0177368724668	0.013683800448	0.000116123135474	0.000262213531717	0.00017605765701	0.00279819297418	0.000213516732969	2.24754455757e-05	4.49508911514e-05	1.12377227879e-05	0	3.37131683636e-05	0.000179803564606	0.00239738086141	0.0013859858105	0.000258467624121	4.49508911514e-05	4.12049835555e-05	0	3.74590759595e-06	8.61558747069e-05	0.000206024917777	0.000149836303838	4.12049835555e-05	0	0	7.4918151919e-06
5.61886139393e-05	0.000153582211434	0.0161785749069	0	1.87295379798e-05	0	0.000243483993737	0.00457749908225	0.00139347762569	2.24754455757e-05	0.00116872316994	0.00121367406109	7.4918151919e-06	1.12377227879e-05	0.000996411420523	3.74590759595e-06	0.00505697525453	0.0098966878685	7.8664059515e-05	0.00242360221458	0	0.0165681492969	0.00572749271421	0.0662538676496	0.000921493268604	3.74590759595e-06	0.00175308475491	0.00444639231639	0.00573123862181	0.00183549472202	0.00467489267975	0	3.74590759595e-06	0.00174559293971	0.00773155327804	1.49836303838e-05	0.00106009184965	0.0104548281003	0	1.49836303838e-05	3.74590759595e-06	0.000142344488646	0.000187295379798	0.000524427063433	3.37131683636e-05	5.24427063433e-05	0.000172311749414	2.24754455757e-05	0	0.000142344488646	3.74590759595e-06	0.0021276755145	0.000213516732969	0.000116123135474	0.000340877591232	4.86967987474e-05	0.000250975808929	0.00903512912143	0.01444421969	4.12049835555e-05	1.49836303838e-05	0.0017568306625	0.0052704919875	0.000423287558343	3.37131683636e-05	0.000161074026626	2.24754455757e-05	0	3.74590759595e-06	0.000348369406423	0.0100090650964	0.00418417878468	0.00654784647772	0.00125487904464	1.12377227879e-05	3.74590759595e-06	3.74590759595e-06	0.000213516732969	0.000202279010181	0.000224754455757	3.74590759595e-05	3.74590759595e-06	0	0
0.000209770825373	0.00197034739547	0.00170813386375	0	0.00715842941586	1.12377227879e-05	0.000824099671109	0.00539785284577	0.0011087886484	0.0225578555428	0.00199282284105	0.000131106765858	0.00460372043542	0.000108631320283	0.000737943796402	0.00238239723103	0.0124476509413	0.00011986904307	7.4918151919e-05	0.000198533102585	0.00103761640408	0.000374590759595	0.012803512163	0.000921493268604	0.0686549944186	3.37131683636e-05	0.00122116587628	0.00493710621146	0.026135197297	0.00116497726234	0.000726706073615	0	0.00013859858105	0.000389574389979	0.00189917515115	0.000299672607676	0.000580615677372	0.000288434884888	0	0.0021276755145	0	0.000359607129211	0.000164819934222	0.000355861221615	0.00554019733441	5.61886139393e-05	4.49508911514e-05	0.000891526007836	2.99672607676e-05	0.00139347762569	1.49836303838e-05	0.000902763730624	2.99672607676e-05	1.12377227879e-05	1.12377227879e-05	0.00118745270792	0.00492212258108	0.00657406783089	0.0050869425153	0.00478726990763	3.74590759595e-06	0.000149836303838	0.000809116040726	0.00250975808929	0.00309411967426	0.00116872316994	0	8.61558747069e-05	0.00153207620674	0.00459622862023	0.00887405509481	0.00110129683321	0.0043489987189	0.00264835667034	0.000142344488646	3.74590759595e-05	0	0.00480225353801	0.000992665512927	0.00187295379798	0.000678009274867	6.74263367271e-05	9.36476898988e-05	0
0	0.000981427790139	3.74590759595e-06	0	0	0	0	0	3.74590759595e-05	0.00011986904307	0	0.00144592033204	0	0.0047160976633	3.74590759595e-05	0	1.12377227879e-05	2.62213531717e-05	0.000116123135474	0.000344623498828	0	0	0.000280943069696	3.74590759595e-06	3.37131683636e-05	0.012061822459	0.00372717805797	0.00289933247927	0	6.36804291312e-05	3.74590759595e-06	1.49836303838e-05	0	0	0.000101139505091	0	0.00228125772593	2.99672607676e-05	0	0	0	0	0	7.4918151919e-06	2.62213531717e-05	0	0.000419541650747	0	0.00344623498828	3.74590759595e-06	0	1.87295379798e-05	1.12377227879e-05	0.000228500363353	0.000355861221615	0	1.87295379798e-05	4.49508911514e-05	2.99672607676e-05	3.74590759595e-06	0.00365600581365	0.0012923381206	0.00321398871733	7.4918151919e-06	3.74590759595e-06	3.74590759595e-06	0.000794132410342	3.74590759595e-06	0	5.61886139393e-05	3.37131683636e-05	0.0006480420141	0.000232246270949	0	0	0	0.000981427790139	5.61886139393e-05	0.00013859858105	0.000269705346909	0.00013859858105	0	7.4918151919e-06	3.74590759595e-06
5.99345215352e-05	0.00378711257951	0.00614328845736	0	5.99345215352e-05	3.74590759595e-06	0.00143468260925	0.00160324845107	0.00160699435866	0.00197034739547	0.00296675881599	0.00734572479566	0.00108631320283	0.00486593396714	0.000655533829291	0	0.000340877591232	0.00590729627882	0.00197783921066	0.00299298016917	0.00100015732812	0.000606837030544	0.00231871680189	0.00175308475491	0.00122116587628	0.00372717805797	0.071385761056	0.0267457802351	0.00200406056383	0.00198907693345	0.00132979719656	0.00015732811903	1.87295379798e-05	0	0.00537537740019	0.000202279010181	0.0232920534316	0.000393320297575	0	3.37131683636e-05	0	1.12377227879e-05	1.87295379798e-05	2.62213531717e-05	8.99017823028e-05	1.49836303838e-05	0.000760419241978	4.12049835555e-05	0.00395193251373	0.000179803564606	0	2.99672607676e-05	4.49508911514e-05	0.00105260003446	0.00373841578076	6.36804291312e-05	1.49836303838e-05	0.000179803564606	0.000213516732969	0.000202279010181	0.00706478172596	0.0160212467879	0.0167741742147	0.000250975808929	0.000265959439313	0.000310910330464	0.00169315023337	0	1.12377227879e-05	0.000183549472202	0.00359607129211	0.0112676900486	0.00816607855917	0.0010188868661	3.74590759595e-06	0	0.00013859858105	0.0009252391762	0.00115748544715	0.000239738086141	5.99345215352e-05	3.74590759595e-06	2.62213531717e-05	0
5.61886139393e-05	0.0104435903775	0.0136613250024	0	9.73935974947e-05	0	0.000131106765858	0.000831591486301	0.00033338577604	0.00362229264529	0.000348369406423	0.000415795743151	6.74263367271e-05	0.00204151963979	0.000206024917777	0	0.00423662149102	0.00162572389664	0.000112377227879	0.000914001453412	0	0.000363353036807	0.00923366222402	0.00444639231639	0.00493710621146	0.00289933247927	0.0267457802351	0.0731088785502	0.0017568306625	0.000280943069696	0.000715468350827	0.000161074026626	3.74590759595e-06	3.74590759595e-06	0.0013897317181	4.12049835555e-05	0.0224941751137	0.00133728901175	0	1.12377227879e-05	0	0	1.12377227879e-05	0	6.36804291312e-05	3.74590759595e-06	0.00033338577604	1.12377227879e-05	0.00123240359907	2.24754455757e-05	0	0.000569377954585	0.000704230628039	0.00047198435709	0.00117246907753	1.49836303838e-05	0.000161074026626	0.00509443433049	0.00123614950666	0.000224754455757	0.00377587485672	0.00611706710419	0.0232171352797	0.000254721716525	4.49508911514e-05	0.000134852673454	0.000603091122948	0	2.24754455757e-05	0.000284688977292	0.00575371406738	0.00293304564763	0.00229624135632	0.000475730264686	1.49836303838e-05	0	0.000123614950666	0.00102637868129	0.00143093670165	0.000344623498828	7.4918151919e-05	0	1.87295379798e-05	0
0.000209770825373	4.86967987474e-05	0.00815109492879	0	0.00428157238217	1.87295379798e-05	0.00678009274867	0.0339903655257	0.0107020580016	0.00770158601728	0.0180253073517	0.000854066931877	0.00266708620832	3.37131683636e-05	0.00652537103215	0.000854066931877	0.00347245634145	0.0043527446265	0.000161074026626	0.000576869769777	0.00325144779329	0.00405681792642	0.00230747907911	0.00573123862181	0.026135197297	0	0.00200406056383	0.0017568306625	0.0824174589261	0.00287311112609	0.008139857206	0	0.000408303927959	0.000243483993737	0.00493710621146	0.000221008548161	0.000603091122948	0.000325893960848	0	0.00343874317308	0	0.000284688977292	0.000292180792484	0.00045325481911	0.00209396234614	4.86967987474e-05	3.74590759595e-05	0.000367098944403	3.74590759595e-05	0.00201529828662	1.87295379798e-05	0.000423287558343	0.000123614950666	1.49836303838e-05	5.24427063433e-05	0.00173060930933	0.00291806201725	0.00364851399846	0.00298923426157	0.00542407419894	3.74590759595e-06	0.000370844851999	0.000524427063433	0.00285438158811	0.00514313112924	0.00185797016759	7.4918151919e-06	0.000104885412687	0.00167816660299	0.00466740086456	0.00989294196091	0.00183924062961	0.00787764367429	0.00341252181991	9.36476898988e-05	0.000164819934222	7.4918151919e-06	0.00336382502116	0.00109005911042	0.00142344488646	0.000719214258423	0.000161074026626	8.99017823028e-05	1.12377227879e-05
0.00567879591546	3.74590759595e-06	0.000116123135474	0	0.00015732811903	4.12049835555e-05	0.002401126769	0.00789637321227	0.00561886139393	0.00156204346751	0.00966818750515	0.00428531828977	0.00124738722945	0.000513189340645	0.0106233939421	0.000104885412687	0.000378336667191	0.000131106765858	0.000161074026626	0.000284688977292	0.0013859858105	0.000876542377453	0.000580615677372	0.00183549472202	0.00116497726234	6.36804291312e-05	0.00198907693345	0.000280943069696	0.00287311112609	0.0336644715648	0.00388076026941	0	0.000621820660928	0.00216138868286	0.00947340031016	9.36476898988e-05	0.00015732811903	4.86967987474e-05	0	6.36804291312e-05	3.74590759595e-06	4.12049835555e-05	3.74590759595e-05	0.000134852673454	0.00124364132186	3.74590759595e-06	0	0.000404558020363	3.74590759595e-05	0.000213516732969	7.4918151919e-06	3.37131683636e-05	3.74590759595e-06	0	3.74590759595e-06	0.000412049835555	0.000265959439313	0.000344623498828	0.000228500363353	0.000303418515272	0	5.61886139393e-05	0.000153582211434	0.00015732811903	0.000389574389979	3.37131683636e-05	2.24754455757e-05	9.36476898988e-05	7.11722443231e-05	0.00126986267503	0.00159575663588	0.000640550198908	0.00869050562261	0.000674263367271	8.61558747069e-05	0	3.74590759595e-06	0.00146839577761	0.000423287558343	0.000651787921696	0.000239738086141	4.86967987474e-05	7.4918151919e-05	0
0.00128859221301	0	0.00270454528428	0	1.12377227879e-05	0	0.000131106765858	0.0115186658576	0.00156578937511	0.000666771552079	7.4918151919e-05	0.000475730264686	2.62213531717e-05	4.86967987474e-05	0.00183549472202	0.000149836303838	0.000288434884888	0.00697487994366	7.4918151919e-06	0.00323271825531	0	0.0135152346062	0.000516935248241	0.00467489267975	0.000726706073615	3.74590759595e-06	0.00132979719656	0.000715468350827	0.008139857206	0.00388076026941	0.0378823635179	0	2.24754455757e-05	0.000910255545816	0.0122865769147	4.86967987474e-05	0.00047198435709	0.000325893960848	0	3.74590759595e-06	0	4.49508911514e-05	0	8.99017823028e-05	0.000370844851999	3.74590759595e-06	7.4918151919e-06	7.11722443231e-05	1.87295379798e-05	8.61558747069e-05	3.74590759595e-06	4.49508911514e-05	3.74590759595e-06	0	7.4918151919e-06	5.24427063433e-05	0.000692992905251	0.000389574389979	0.00090650963822	3.37131683636e-05	0	0.000486967987474	0.000367098944403	1.87295379798e-05	0.000183549472202	0.000374590759595	3.74590759595e-06	4.86967987474e-05	3.37131683636e-05	0.00049071389507	0.00292555383244	0.00192539650432	0.00528172971029	0.000580615677372	0.00013859858105	0	0	0.00096269825216	0.000423287558343	0.000187295379798	6.36804291312e-05	1.87295379798e-05	1.87295379798e-05	0
0	0	0	0	0	0	0	0	0	0	0	3.74590759595e-06	0	0.000239738086141	0	0	0	0	3.74590759595e-06	0	0	0	0	0	0	1.49836303838e-05	0.00015732811903	0.000161074026626	0	0	0	0.000397066205171	0	0	0	0	7.11722443231e-05	0	0	0	0	0	0	0	0	0	0	0	0.000161074026626	0	0	0	0	3.74590759595e-06	0	0	0	0	0	0	6.36804291312e-05	0.000134852673454	7.4918151919e-05	0	0	0	9.36476898988e-05	0	0	0	0	0.00013859858105	0	0	0	0	0	0	0	0	0	0	0	0
0	0	7.4918151919e-06	0	2.62213531717e-05	0.00138223990291	0.00216138868286	0.000584361584968	0.00174184703212	5.99345215352e-05	0.000479476172282	0.000243483993737	1.87295379798e-05	0.000127360858262	0.00384330119345	0.00187669970557	7.4918151919e-06	0	0	1.12377227879e-05	1.87295379798e-05	3.74590759595e-06	3.74590759595e-06	3.74590759595e-06	0.00013859858105	0	1.87295379798e-05	3.74590759595e-06	0.000408303927959	0.000621820660928	2.24754455757e-05	0	0.00746559383873	0	0.000794132410342	7.4918151919e-06	3.74590759595e-06	0	0	3.74590759595e-06	0	2.24754455757e-05	1.12377227879e-05	1.49836303838e-05	1.49836303838e-05	0	0	1.12377227879e-05	7.4918151919e-06	9.73935974947e-05	0	3.74590759595e-06	0	0	0	0	3.74590759595e-06	2.24754455757e-05	3.74590759595e-06	1.49836303838e-05	0	1.12377227879e-05	0	2.62213531717e-05	0.000183549472202	3.74590759595e-06	0	3.74590759595e-06	2.62213531717e-05	0.000168565841818	0.000794132410342	4.86967987474e-05	0.00144592033204	0.000640550198908	0.00163696161943	0.000711722443231	0	0.000142344488646	1.49836303838e-05	7.8664059515e-05	2.62213531717e-05	0	7.4918151919e-06	1.49836303838e-05
0.000505697525453	0	3.74590759595e-06	0	4.86967987474e-05	0	0	0.000142344488646	0	3.74590759595e-06	7.4918151919e-06	7.4918151919e-06	0	0	4.49508911514e-05	3.74590759595e-06	0.000232246270949	1.87295379798e-05	0	7.4918151919e-06	0	0.00156204346751	0.000307164422868	0.00174559293971	0.000389574389979	0	0	3.74590759595e-06	0.000243483993737	0.00216138868286	0.000910255545816	0	0	0.00363727627567	0.00102637868129	0	3.74590759595e-06	0	0	0	0	0	0	0	0	0	0	0	0	0	0	1.49836303838e-05	0	0	0	0	0.00011986904307	2.99672607676e-05	0.000104885412687	0	0	0	3.74590759595e-06	0	1.49836303838e-05	2.24754455757e-05	0	3.74590759595e-06	1.49836303838e-05	3.74590759595e-05	2.62213531717e-05	3.74590759595e-06	0.000509443433049	4.49508911514e-05	0	0	0	2.24754455757e-05	1.12377227879e-05	3.74590759595e-06	7.4918151919e-06	0	0	0
0.000561886139393	0.000142344488646	0.000940222806584	0	0.000213516732969	0.00011986904307	0.00310535739704	0.00576869769777	0.0054577873673	0.000535664786221	0.00968691704313	0.0120992815349	0.00207897871575	0.000595599307756	0.00339753818953	0.000142344488646	0.00013859858105	0.00865679245424	0.00114624772436	0.010717041632	0.00237115950824	0.00867926789982	0.000149836303838	0.00773155327804	0.00189917515115	0.000101139505091	0.00537537740019	0.0013897317181	0.00493710621146	0.00947340031016	0.0122865769147	0	0.000794132410342	0.00102637868129	0.0531843960473	1.87295379798e-05	0.000666771552079	0.000183549472202	0	8.99017823028e-05	0	3.74590759595e-05	0.000374590759595	3.37131683636e-05	0.000112377227879	7.4918151919e-06	4.12049835555e-05	7.11722443231e-05	5.24427063433e-05	0.000400812112767	2.24754455757e-05	7.4918151919e-06	3.37131683636e-05	2.62213531717e-05	8.99017823028e-05	5.99345215352e-05	2.24754455757e-05	0.000153582211434	8.61558747069e-05	0.000722960166019	1.49836303838e-05	0.000404558020363	0.000599345215352	0.000872796469857	0.00114250181677	6.74263367271e-05	1.87295379798e-05	3.74590759595e-06	7.11722443231e-05	0.00117246907753	0.00147214168521	0.00210520006892	0.0331587740394	0.00399313749728	1.87295379798e-05	0.000179803564606	1.49836303838e-05	0.0010151409585	7.11722443231e-05	0.00045325481911	0.000209770825373	4.12049835555e-05	1.49836303838e-05	3.74590759595e-06
