0.024869822872	0	0	0	0.00082790474738	0	0	0.0150983681562	0.00711344473736	0	0.000795224296826	0	2.17869670363e-05	0	0.0112202880237	0	0	1.08934835182e-05	0	0	0.000283230571472	7.62543846271e-05	0	0.00162312904421	0.00510904377002	0	3.26804505545e-05	0	0.00943375672673	0.00535959389093	0.00901980435304	0	0	0.000130721802218	0.00221137715419	0	0	0	0	0	0	0	0	0	0	0	0	0	0	0	0	0	0	0	0	0	0	0	0	0	0	0	0	0	0	0	0	0	0	0	0	2.17869670363e-05	0.00166670297828	3.26804505545e-05	0	0	0	0	0	0	0	0	0	0
0	0.024869822872	0	0	0	0	0	0	0	0.00565371794592	0	0	0	0.000577354626462	0	0	0.000468419791281	2.17869670363e-05	0	2.17869670363e-05	0	0	0.00745114272642	0	0.00450990217652	0.00250550120918	0.0028214122312	0.0187367916512	0	0	0	0	0	0	0	0	0.010174513606	0	0	0	0	0	0	0	6.5360901109e-05	0	1.08934835182e-05	0	0.00123096363755	0	0	0.000795224296826	0	0	3.26804505545e-05	0	0	0.00242924682455	0	0.0021569097366	0.00177563781346	0.000522887208872	0.00785420161659	0.000522887208872	0	0	0	0	0	0	0	2.17869670363e-05	0	0	0	0	0.000196082703327	0	0	0	0	0	0	0
0	0	0.042593520556	0	0	0	0	0	0	0.000108934835182	0	0	0	0.000141615285736	0	0	1.08934835182e-05	0.0109915248698	0	0	0	0.00114381576941	0.000479313274799	0.0178108455522	0.000108934835182	0	0.0160134207717	0.0195973768492	9.80413516634e-05	0	0	0.000141615285736	0	0	7.62543846271e-05	0	0.00386718664895	1.08934835182e-05	0	0	0	0	0	0	5.44674175908e-05	0	0	0	0	0	0	4.35739340726e-05	0.0001198283187	0	0.000152508769254	0	0	0.00174295736291	1.08934835182e-05	0	0	0.000250550120918	0.00516351118761	0	0	0	0	0	0	0	0.00291945358287	6.5360901109e-05	0.000620928560535	2.17869670363e-05	0	0	0	0.000599141593499	1.08934835182e-05	0.000261443604436	0.0002396566374	0	0	0
0	0	0	0	0	0	0	0	0	0	0	0	0	0	0	0	0	0	0	0	0	0	0	0	0	0	0	0	0	0	0	0	0	0	0	0	0	0	0	0	0	0	0	0	0	0	0	0	0	0	0	0	0	0	0	0	0	0	0	0	0	0	0	0	0	0	0	0	0	0	0	0	0	0	0	0	0	0	0	0	0	0	0	0
0.00082790474738	0	0	0	0.0204797490141	0.000196082703327	0.00132900498922	0.00457526307763	0.00396522800061	0.000904159132007	0.00144883330792	0	0.00450990217652	2.17869670363e-05	0.00247282075862	0.00194993354975	0	0	0	0	0.0121789145733	0	0	0	0.00523976557223	0	0.000217869670363	0	0.00635090089109	0.00262532952788	0	0	0.000326804505545	0.00175385084642	0.00245103379159	0	0	0	0	0.00302838841805	5.44674175908e-05	0.000108934835182	0	6.5360901109e-05	0.00710255125384	0.00565371794592	0	0.000817011263862	0	0	0.000141615285736	0	0	0	0	0.00102398745071	0	0	0	0.00722237957254	3.26804505545e-05	0	0	0.00476045229744	0	0	0	0	0	0	0.000141615285736	0	0.00212422928604	0.000784330813307	0.000348591472581	9.80413516634e-05	8.71478681453e-05	1.08934835182e-05	0	1.08934835182e-05	0	0	0	3.26804505545e-05
0	0	0	0	0.000196082703327	0.00385629316543	0.000806117780344	0.000283230571472	0.000991307000153	7.62543846271e-05	0.000108934835182	0	9.80413516634e-05	0	2.17869670363e-05	0.00136168543977	0	0	0	0	0.000108934835182	0	0	0	1.08934835182e-05	0	0	0	0.0001198283187	0.000403058890172	0	0	0.00168848994531	0.000403058890172	0.00125275060459	0	0	0	0	3.26804505545e-05	0	1.08934835182e-05	0	1.08934835182e-05	9.80413516634e-05	0.000108934835182	0	7.62543846271e-05	0	0	7.62543846271e-05	0	0	0	0	0	0	0	0	0.000108934835182	0	0	0	7.62543846271e-05	0	0	0	0	0	0	0.000468419791281	1.08934835182e-05	0.00152508769254	0.000283230571472	0.00171027691235	0.00137257892329	0	0	0	0	0	0	0	0
0	0	0	0	0.00132900498922	0.000806117780344	0.025207520861	0.00241835334103	0.0156866162661	0.000784330813307	0.00973877426523	9.80413516634e-05	0.00303928190157	0.000206976186845	0.0031808971873	0.00271247739602	0	0	0.000359484956099	0.000196082703327	0.000838798230898	0	0	2.17869670363e-05	0.000217869670363	0	0.00029412405499	0	0.00266890346195	0.00235299243992	0	0	0.00250550120918	0.000435739340726	0.00208065535197	0	0	0	0	0.000283230571472	0	4.35739340726e-05	0	3.26804505545e-05	0.00106756138478	0.0001198283187	0	0.000893265648489	0	0	0.000370378439617	0	0	0	0	0.00041395237369	0	0	0	0.000457526307763	0.000108934835182	0	0	0.000326804505545	0	0	0	0	0	0	0.000740756879235	3.26804505545e-05	0.00269069042899	0.00120917667052	0.002102442319	1.08934835182e-05	0.000217869670363	0	0	2.17869670363e-05	0	1.08934835182e-05	0	0.000108934835182
0.0150983681562	0	0	0	0.00457526307763	0.000283230571472	0.00241835334103	0.059075361119	0.0158064445848	0	0.00562103749537	0	0	0.000250550120918	0.00807207128696	7.62543846271e-05	0	0.000217869670363	1.08934835182e-05	2.17869670363e-05	0.00115470925292	0.00898712390248	0	0.00750561014401	0.0038998670995	0	0.00053378069239	1.08934835182e-05	0.0311662563455	0.00824636702325	0.0198697139371	0	0.000599141593499	0.0064816226933	0.00745114272642	0	0	0	0	4.35739340726e-05	0	0	0	0	0.0001198283187	0.000152508769254	0	0	0	0	0	0	0	0	0	0	0	0	0	0.000217869670363	0.000196082703327	0	0	0.000206976186845	0	0	0	0	0	0	0.000283230571472	7.62543846271e-05	0.00639447482516	0.00193904006623	0	0.000217869670363	0.000283230571472	2.17869670363e-05	0	7.62543846271e-05	0	0	0	0.000196082703327
0.00711344473736	0	0	0	0.00396522800061	0.000991307000153	0.0156866162661	0.0158064445848	0.0588357044816	7.62543846271e-05	0.0175602954313	0.00328983202248	0.00904159132007	0.00188457264864	0.0344887688185	0.000642715527571	0	0	0.00808296477047	0.00460794352818	0.00197172051679	0	0	4.35739340726e-05	0.00406326935227	0	0.00606767031961	1.08934835182e-05	0.0119065774853	0.0253709231138	0.0001198283187	0.000283230571472	0.00676485326478	0.00436828689078	0.0201965184427	0	0	0	0	7.62543846271e-05	0	0	0	2.17869670363e-05	0.000141615285736	0.000163402252772	0	0.000522887208872	0	2.17869670363e-05	0	0	0	0	0	4.35739340726e-05	0	0	0	0.000250550120918	0.00113292228589	0	0	0.000152508769254	0	0	0	0	0	3.26804505545e-05	0.00349680820933	0.000163402252772	0.0194993354975	0.00562103749537	0.000337697989063	0.000381271923136	0.000566461142944	3.26804505545e-05	0	0.000729863395717	0	2.17869670363e-05	5.44674175908e-05	0.00114381576941
0	0.00565371794592	0.000108934835182	0	0.000904159132007	7.62543846271e-05	0.000784330813307	0	7.62543846271e-05	0.0389224166104	2.17869670363e-05	0	0.00183010523105	0.000206976186845	7.62543846271e-05	0.00185189219809	0.00201529445086	0	0	0	0.00142704634088	0.000936839582562	0.0139545523868	0.00125275060459	0.0198697139371	0.000599141593499	0.000228763153881	0.00782152116604	0.00343144730822	0.00305017538508	0.00133989847273	3.26804505545e-05	0	0.00283230571472	0.00340966034118	0.000915052615525	7.62543846271e-05	0	0	0.00162312904421	0.000392165406654	0.0010784548683	0.0002396566374	0.00138347240681	0.0145863744308	0.000555567659426	0	0.00359484956099	0	0.000283230571472	0.00297392100046	0.000697182945162	2.17869670363e-05	3.26804505545e-05	3.26804505545e-05	0.00140525937384	0.00141615285736	0.00635090089109	0.000163402252772	0.00520708512168	0	4.35739340726e-05	5.44674175908e-05	0.00552299614371	0.000435739340726	0.000163402252772	0	0	0.000261443604436	0.00041395237369	0.0027015839125	2.17869670363e-05	0.00154687465958	0.000958626549598	0.00235299243992	0	0	0.00276694481361	0.00053378069239	0.00129632453866	0.00094773306608	0.00144883330792	0.00132900498922	0
0.000795224296826	0	0	0	0.00144883330792	0.000108934835182	0.00973877426523	0.00562103749537	0.0175602954313	2.17869670363e-05	0.0406218000392	0.00190635961568	0.00612213773721	0.000958626549598	0.0139436589032	2.17869670363e-05	0	1.08934835182e-05	0.00422667160505	0.00367110394562	0.00184099871457	0	0	0	0.000686289461644	0	0.00724416653958	1.08934835182e-05	0.0027015839125	0.0165145210135	3.26804505545e-05	0.000272337087954	0.000610035077017	0.00214601625308	0.0166997102333	0	0	0	0	0.000163402252772	0	0	0	0	0.00129632453866	0.00198261400031	0	2.17869670363e-05	0	0	0	0	0	0	0	0	0	0	0	0.00137257892329	0.000348591472581	0	0	0.000838798230898	0	0	0	0	0	0	0.000501100241835	7.62543846271e-05	0.0150656877056	0.00242924682455	0	2.17869670363e-05	0.000359484956099	7.62543846271e-05	0	0.000185189219809	0	0	0	0.000381271923136
0	0	0	0	0	0	9.80413516634e-05	0	0.00328983202248	0	0.00190635961568	0.0239003028388	0.00265800997843	0.00909605873766	0.00555567659426	0	0	0	0.00493474803373	0.00598052245147	3.26804505545e-05	0	0	0	0	0.000108934835182	0.004499008693	0	0	0.00864942591342	0	0.0014379398244	0.00190635961568	0	0.0150330072551	0	0	0	0	0	0	0	0	0	0	0	0.000130721802218	0.000163402252772	0.000141615285736	0	0	0	0	0	0	0	0	0	0	0	5.44674175908e-05	9.80413516634e-05	1.08934835182e-05	0	0	0	0.0001198283187	0	0	0	0.000806117780344	0.00175385084642	0.00785420161659	0.000381271923136	0	0	0.000217869670363	3.26804505545e-05	1.08934835182e-05	0	0	0	0	0
2.17869670363e-05	0	0	0	0.00450990217652	9.80413516634e-05	0.00303928190157	0	0.00904159132007	0.00183010523105	0.00612213773721	0.00265800997843	0.0301749493453	0.000185189219809	0.00980413516634	0.00371467787969	0	0	0.00680842719885	0.00772347981438	0.00972788078172	0	0	0	0.00128543105514	0	0.00758186452864	0	0.000457526307763	0.0148587115188	2.17869670363e-05	5.44674175908e-05	0.000130721802218	4.35739340726e-05	0.014379398244	0	0	0	0	0.000381271923136	0	0.000206976186845	0	0.0001198283187	0.000174295736291	0.000511993725353	2.17869670363e-05	0.00286498616528	0	0.000250550120918	0.000174295736291	0	0	0.000108934835182	0.0001198283187	0.000599141593499	0	0	0	8.71478681453e-05	2.17869670363e-05	7.62543846271e-05	0	0.000108934835182	0.000206976186845	0	0	0	0	0.000130721802218	0.000359484956099	0.000108934835182	0.012908777969	0.00102398745071	0.000599141593499	0	5.44674175908e-05	6.5360901109e-05	0	1.08934835182e-05	0	0	0	2.17869670363e-05
0	0.000577354626462	0.000141615285736	0	2.17869670363e-05	0	0.000206976186845	0.000250550120918	0.00188457264864	0.000206976186845	0.000958626549598	0.00909605873766	0.000185189219809	0.0304037124992	0.00272337087954	6.5360901109e-05	0	0	2.17869670363e-05	0	5.44674175908e-05	0	0.000403058890172	6.5360901109e-05	0.000206976186845	0.0052179786052	0.00450990217652	0.00267979694547	0.000152508769254	0.00643804875923	0	0.00589337458332	0.00335519292359	0	0.00782152116604	0	2.17869670363e-05	0	0	2.17869670363e-05	0	0	0	3.26804505545e-05	4.35739340726e-05	7.62543846271e-05	0.00496742848428	0	0.00700450990218	3.26804505545e-05	0	0	0	0	1.08934835182e-05	0	0	0.000163402252772	0	0	0.00613303122072	0.00237477940696	0.00053378069239	2.17869670363e-05	0	0	0.00324625808841	0	0	3.26804505545e-05	0.00398701496765	0.00826815399028	0.00873657378156	0.00232031198937	0	0	0.00349680820933	0.00126364408811	0.000544674175908	0.00116560273644	4.35739340726e-05	0	8.71478681453e-05	0.00141615285736
0.0112202880237	0	0	0	0.00247282075862	2.17869670363e-05	0.0031808971873	0.00807207128696	0.0344887688185	7.62543846271e-05	0.0139436589032	0.00555567659426	0.00980413516634	0.00272337087954	0.0540316782501	0.00104577441774	0	0	0.00972788078172	0.00501100241835	0.00200440096734	0	0	0.000130721802218	0.00415041722042	0	0.00848602366065	0	0.00870389333101	0.0339332011591	0.00241835334103	0.000806117780344	0.00396522800061	0.000588248109981	0.0237260071026	0	0	0	0	5.44674175908e-05	0	0	0	2.17869670363e-05	0.000130721802218	0.0001198283187	0	0.000599141593499	0	2.17869670363e-05	0	0	0	0	0	4.35739340726e-05	0	0	0	0.000206976186845	0.00133989847273	0	0	0.0001198283187	0	0	0	0	0	4.35739340726e-05	0.00289766661583	0.000130721802218	0.0208501274538	0.00482581319854	0.000185189219809	0	0.000675395978126	3.26804505545e-05	0	0.000784330813307	0	2.17869670363e-05	5.44674175908e-05	0.00135079195625
0	0	0	0	0.00194993354975	0.00136168543977	0.00271247739602	7.62543846271e-05	0.000642715527571	0.00185189219809	2.17869670363e-05	0	0.00371467787969	6.5360901109e-05	0.00104577441774	0.0125383995294	0	0	0	0	0.00252728817621	9.80413516634e-05	0	9.80413516634e-05	0.00171027691235	0	0	0	7.62543846271e-05	0.001198283187	3.26804505545e-05	0	0.000196082703327	0.000337697989063	0.00133989847273	0	0	0	0	0.000446632824245	2.17869670363e-05	6.5360901109e-05	2.17869670363e-05	5.44674175908e-05	0.00160134207717	0.000217869670363	0	0.00125275060459	0	0	0.000522887208872	0	0	0	0	0.000577354626462	0.000152508769254	0	0.000250550120918	0.000762543846271	6.5360901109e-05	0	4.35739340726e-05	0.000544674175908	0	0	0	0	0	0	0.000588248109981	2.17869670363e-05	0.00141615285736	0.00029412405499	0.00570818536352	0.000141615285736	5.44674175908e-05	0.000163402252772	0	5.44674175908e-05	4.35739340726e-05	4.35739340726e-05	3.26804505545e-05	6.5360901109e-05
0	0.000468419791281	1.08934835182e-05	0	0	0	0	0	0	0.00201529445086	0	0	0	0	0	0	0.0195211224645	0	0	0	0	0.00284319919824	0.0136713218153	0.00955358504543	0.00571907884703	0	2.17869670363e-05	0.00498921545132	0.00130721802218	1.08934835182e-05	0	0	0	1.08934835182e-05	2.17869670363e-05	0	0	0	0	0	0	0	0	0	9.80413516634e-05	0	0	0	0	0	0	0.00214601625308	0	0	0	0	0.00147062027495	0.00383450619839	0.00142704634088	1.08934835182e-05	0	1.08934835182e-05	5.44674175908e-05	0.000468419791281	0	0	0	0	0	0	0.00106756138478	1.08934835182e-05	1.08934835182e-05	1.08934835182e-05	0	0	0	0.000599141593499	4.35739340726e-05	0	0	0	0	0
1.08934835182e-05	2.17869670363e-05	0.0109915248698	0	0	0	0	0.000217869670363	0	0	1.08934835182e-05	0	0	0	0	0	0	0.0340748164448	0	0.00642715527571	0	0.00478223926447	0	0.0123423168261	0	0	0.0126037604305	0.00762543846271	0.000511993725353	2.17869670363e-05	0.00412863025338	0	0	2.17869670363e-05	0.0082790474738	0	0.000196082703327	1.08934835182e-05	0	0	0	0	0	0	0	0	0	0	0	0	0	2.17869670363e-05	2.17869670363e-05	1.08934835182e-05	9.80413516634e-05	0	0	2.17869670363e-05	2.17869670363e-05	1.08934835182e-05	0	0.000196082703327	0.000479313274799	2.17869670363e-05	0	0	0	0	0	0	0.000359484956099	1.08934835182e-05	0.00652519662738	0.000686289461644	0	0	0	3.26804505545e-05	1.08934835182e-05	0.000392165406654	0.000403058890172	0	0	0
0	0	0	0	0	0	0.000359484956099	1.08934835182e-05	0.00808296477047	0	0.00422667160505	0.00493474803373	0.00680842719885	2.17869670363e-05	0.00972788078172	0	0	0	0.0133880912438	0.00572997233055	0.000446632824245	0	0	0	0	0	0.00760365149568	0.000283230571472	0	0.0110568857709	0	0	1.08934835182e-05	0	0.0122115950239	0	0	0	0	0	0	0	0	0	0	0	0	0.000403058890172	0	0	0	0	0	0	0	0	0	0	0	0	0	0	0	0	0	0	0	0	0	0	3.26804505545e-05	0	0.0102943419247	0	0	0	0	4.35739340726e-05	0	0	0	3.26804505545e-05	0	0
0	2.17869670363e-05	0	0	0	0	0.000196082703327	2.17869670363e-05	0.00460794352818	0	0.00367110394562	0.00598052245147	0.00772347981438	0	0.00501100241835	0	0	0.00642715527571	0.00572997233055	0.0237804745201	0.000479313274799	0	0	6.5360901109e-05	0	0	0.0145536939803	0.00123096363755	1.08934835182e-05	0.0100328983202	1.08934835182e-05	0	0	7.62543846271e-05	0.0198697139371	0	0.000359484956099	0	0	0	0	0	0	0	0	0	0	0.00129632453866	0	0	0	3.26804505545e-05	0	0	1.08934835182e-05	0	0	3.26804505545e-05	0	1.08934835182e-05	0	6.5360901109e-05	0.000435739340726	3.26804505545e-05	0	0	0	0	0	0	0.000315911022027	0	0.0133227303427	7.62543846271e-05	0	0	0	3.26804505545e-05	0	3.26804505545e-05	3.26804505545e-05	0	0	0
0.000283230571472	0	0	0	0.0121789145733	0.000108934835182	0.000838798230898	0.00115470925292	0.00197172051679	0.00142704634088	0.00184099871457	3.26804505545e-05	0.00972788078172	5.44674175908e-05	0.00200440096734	0.00252728817621	0	0	0.000446632824245	0.000479313274799	0.0196191638162	0	0	0	0.00361663652803	0	0.000762543846271	0	0.00363842349507	0.002396566374	0	0	7.62543846271e-05	0.000544674175908	0.00238567289048	0	0	0	0	0.00224405760474	1.08934835182e-05	3.26804505545e-05	0	1.08934835182e-05	0.00480402623151	0.003300725506	0	0.00139436589032	0	0	8.71478681453e-05	0	0	0	0	0.000795224296826	0	0	0	0.00470598487984	1.08934835182e-05	0	0	0.00324625808841	0	0	0	0	0	0	0.000206976186845	3.26804505545e-05	0.0023420989564	0.000610035077017	0.000620928560535	0	7.62543846271e-05	0	0	0	0	0	0	1.08934835182e-05
7.62543846271e-05	0	0.00114381576941	0	0	0	0	0.00898712390248	0	0.000936839582562	0	0	0	0	0	9.80413516634e-05	0.00284319919824	0.00478223926447	0	0	0	0.0591625089871	0.000784330813307	0.0352948865988	0.00114381576941	0	0	0	0.0242271073444	0.00082790474738	0.0193141462777	0	0	0.000838798230898	0.00345323427526	0	0	0.000860585197935	0	0	0	0	0	0	0.0001198283187	0	0	0	0	0	0	0.000599141593499	0.000893265648489	0	0.000697182945162	0	0.00189546613216	0.00149240724199	0.00232031198937	1.08934835182e-05	0	0.000206976186845	0.00123096363755	0.00041395237369	0	0	0	0	0	0	0.00435739340726	2.17869670363e-05	0.00570818536352	0.00579533323166	3.26804505545e-05	0	0	0.0010784548683	0.000185189219809	0.00347502124229	0.00404148238524	0.000315911022027	0	0
0	0.00745114272642	0.000479313274799	0	0	0	0	0	0	0.0139545523868	0	0	0	0.000403058890172	0	0	0.0136713218153	0	0	0	0	0.000784330813307	0.0451534891828	0.0169066864202	0.0134643456284	0.00144883330792	1.08934835182e-05	0.0215037364648	0.000490206758317	0	0	0	0	0	0	0	3.26804505545e-05	0	0	0	0	0	0	0	7.62543846271e-05	0	0	0	0	0	0	0.00896533693545	0	0	1.08934835182e-05	0	0.0027015839125	0.018290158827	0.00599141593499	0.000163402252772	0	1.08934835182e-05	0.00457526307763	0.00220048367067	0	0	0	0	0	0	0.000403058890172	0.000108934835182	0	0	0	0	0.000130721802218	0.000359484956099	0.0001198283187	1.08934835182e-05	1.08934835182e-05	0	0	0
0.00162312904421	0	0.0178108455522	0	0	0	2.17869670363e-05	0.00750561014401	4.35739340726e-05	0.00125275060459	0	0	0	6.5360901109e-05	0.000130721802218	9.80413516634e-05	0.00955358504543	0.0123423168261	0	6.5360901109e-05	0	0.0352948865988	0.0169066864202	0.0958735484433	0.000893265648489	0	0.00346412775877	0.0217433931022	0.0139872328373	0.000283230571472	0.0145536939803	7.62543846271e-05	0	0.000174295736291	0.00530512647334	0	4.35739340726e-05	0.000272337087954	0	0	0	0	0	0	0.000163402252772	0	0	0	0	0	0	0.00691736203403	0.000740756879235	0	0.000664502494608	0	0.00216780322011	0.0137802566505	0.00651430314386	1.08934835182e-05	0	0.000326804505545	0.00290856009935	0.000642715527571	0	0	0	0	0	0	0.00884550861675	0.000272337087954	0.00520708512168	0.00305017538508	0	0	0	0.00201529445086	0.000250550120918	0.00178653129698	0.00187367916512	2.17869670363e-05	2.17869670363e-05	0
0.00510904377002	0.00450990217652	0.000108934835182	0	0.00523976557223	1.08934835182e-05	0.000217869670363	0.0038998670995	0.00406326935227	0.0198697139371	0.000686289461644	0	0.00128543105514	0.000206976186845	0.00415041722042	0.00171027691235	0.00571907884703	0	0	0	0.00361663652803	0.00114381576941	0.0134643456284	0.000893265648489	0.0629534412514	0.000599141593499	0.000272337087954	0.00797402993529	0.0230723980915	0.0106320399137	0.00692825551755	3.26804505545e-05	7.62543846271e-05	0.00956447852894	0.00574086581407	0.000196082703327	7.62543846271e-05	2.17869670363e-05	0	0.00163402252772	5.44674175908e-05	9.80413516634e-05	1.08934835182e-05	9.80413516634e-05	0.0115144120787	0.00543584827556	0	0.000174295736291	0	5.44674175908e-05	9.80413516634e-05	0.000108934835182	2.17869670363e-05	1.08934835182e-05	2.17869670363e-05	0.000446632824245	0.000610035077017	0.00396522800061	7.62543846271e-05	0.0104141702434	0	3.26804505545e-05	8.71478681453e-05	0.00813743218807	0.0001198283187	0.000108934835182	0	0	0.000108934835182	0.000141615285736	0.00260354256084	1.08934835182e-05	0.00435739340726	0.00200440096734	0.00181921174753	1.08934835182e-05	0	0.00228763153881	0.000163402252772	0.000261443604436	0.00029412405499	1.08934835182e-05	8.71478681453e-05	0
0	0.00250550120918	0	0	0	0	0	0	0	0.000599141593499	0	0.000108934835182	0	0.0052179786052	0	0	0	0	0	0	0	0	0.00144883330792	0	0.000599141593499	0.00876925423212	0.000185189219809	0.00351859517637	0	0	0	1.08934835182e-05	0	0	5.44674175908e-05	0	0	0	0	0	0	0	0	0	0	0	0.00305017538508	0	0.00211333580252	0	0	0	0	0	0	0	0	0	0	0	0.00216780322011	7.62543846271e-05	0	0	0	0	0.000522887208872	0	0	0	0	0.00154687465958	0.000130721802218	0	0	0	0.00200440096734	0	0.000206976186845	0	0	0	0	0
3.26804505545e-05	0.0028214122312	0.0160134207717	0	0.000217869670363	0	0.00029412405499	0.00053378069239	0.00606767031961	0.000228763153881	0.00724416653958	0.004499008693	0.00758186452864	0.00450990217652	0.00848602366065	0	2.17869670363e-05	0.0126037604305	0.00760365149568	0.0145536939803	0.000762543846271	0	1.08934835182e-05	0.00346412775877	0.000272337087954	0.000185189219809	0.088171855596	0.0344669818515	0.000337697989063	0.0175929758818	5.44674175908e-05	0.00427024553912	0.000403058890172	0.00111113531885	0.0250550120918	0	0.0121135536722	0	0	0	0	0	0	0	0.000152508769254	0	0.000174295736291	0.00138347240681	0.00300660145101	0	0	0.000457526307763	4.35739340726e-05	0.000152508769254	0.000544674175908	0	0	0.000936839582562	5.44674175908e-05	0.0002396566374	0.00596962896795	0.00478223926447	0.0154142791782	0.000511993725353	0	0	0.000860585197935	0	0	3.26804505545e-05	0.00735310137476	0.00300660145101	0.0235190309157	0.000991307000153	0	0	1.08934835182e-05	0.0022767380553	0.00070807642868	0.000795224296826	0.000566461142944	5.44674175908e-05	0	0
0	0.0187367916512	0.0195973768492	0	0	0	0	1.08934835182e-05	1.08934835182e-05	0.00782152116604	1.08934835182e-05	0	0	0.00267979694547	0	0	0.00498921545132	0.00762543846271	0.000283230571472	0.00123096363755	0	0	0.0215037364648	0.0217433931022	0.00797402993529	0.00351859517637	0.0344669818515	0.121451447744	0.000196082703327	3.26804505545e-05	0	0.00137257892329	0	3.26804505545e-05	0.000392165406654	0	0.0369833765442	1.08934835182e-05	0	0	0	0	0	0	0.0001198283187	0	0.00082790474738	0	0.00352948865988	0	0	0.0047386653304	0.0002396566374	0.000152508769254	0.00100220048367	0	0	0.0109915248698	0.0028214122312	0.000315911022027	0.00702629686921	0.00543584827556	0.0447940042267	0.000599141593499	0	0	0.000544674175908	0	0	2.17869670363e-05	0.00778884071548	0.00262532952788	0.00128543105514	0.000163402252772	0	0	0.000174295736291	0.00183010523105	0.000620928560535	0.000925946099044	0.000479313274799	0	0	0
0.00943375672673	0	9.80413516634e-05	0	0.00635090089109	0.0001198283187	0.00266890346195	0.0311662563455	0.0119065774853	0.00343144730822	0.0027015839125	0	0.000457526307763	0.000152508769254	0.00870389333101	7.62543846271e-05	0.00130721802218	0.000511993725353	0	1.08934835182e-05	0.00363842349507	0.0242271073444	0.000490206758317	0.0139872328373	0.0230723980915	0	0.000337697989063	0.000196082703327	0.0845334321009	0.00964073291357	0.0245539118499	3.26804505545e-05	0.000446632824245	0.00745114272642	0.0118303231007	0.000174295736291	6.5360901109e-05	0.000305017538508	0	0.00114381576941	0	0	1.08934835182e-05	2.17869670363e-05	0.00627464650646	0.00442275430837	0	0.000272337087954	0	3.26804505545e-05	0	8.71478681453e-05	0.000174295736291	0	0.000108934835182	0.000315911022027	0.001198283187	0.00238567289048	0.00129632453866	0.00614392470424	9.80413516634e-05	5.44674175908e-05	0.000392165406654	0.00469509139633	0.0001198283187	9.80413516634e-05	0	0	0.000108934835182	0.000141615285736	0.00271247739602	4.35739340726e-05	0.0126691213316	0.00571907884703	0	8.71478681453e-05	0.0001198283187	0.00177563781346	0.000108934835182	0.00151419420902	0.0019172530992	0.000152508769254	6.5360901109e-05	9.80413516634e-05
0.00535959389093	0	0	0	0.00262532952788	0.000403058890172	0.00235299243992	0.00824636702325	0.0253709231138	0.00305017538508	0.0165145210135	0.00864942591342	0.0148587115188	0.00643804875923	0.0339332011591	0.001198283187	1.08934835182e-05	2.17869670363e-05	0.0110568857709	0.0100328983202	0.002396566374	0.00082790474738	0	0.000283230571472	0.0106320399137	0	0.0175929758818	3.26804505545e-05	0.00964073291357	0.0832153205952	0.015577681431	0.00130721802218	0.00528333950631	0.0236606462014	0.0491840780845	0.00029412405499	1.08934835182e-05	0	0	7.62543846271e-05	0	0	6.5360901109e-05	0.000163402252772	0.00359484956099	0.000348591472581	1.08934835182e-05	0.00185189219809	0	0.000130721802218	0	0	0	5.44674175908e-05	2.17869670363e-05	0	0	0	0	0.00115470925292	0.00139436589032	3.26804505545e-05	1.08934835182e-05	0.00110024183533	0.000152508769254	0	0	0	3.26804505545e-05	0.000174295736291	0.00391076058302	0.000283230571472	0.040763415325	0.010174513606	0.000468419791281	0.000272337087954	0.000675395978126	0.00163402252772	5.44674175908e-05	0.00183010523105	0.000697182945162	0.000196082703327	0.00135079195625	0.00138347240681
0.00901980435304	0	0	0	0	0	0	0.0198697139371	0.0001198283187	0.00133989847273	3.26804505545e-05	0	2.17869670363e-05	0	0.00241835334103	3.26804505545e-05	0	0.00412863025338	0	1.08934835182e-05	0	0.0193141462777	0	0.0145536939803	0.00692825551755	0	5.44674175908e-05	0	0.0245539118499	0.015577681431	0.0591407220201	0	0	0.00862763894638	0.00893265648489	6.5360901109e-05	0	0	0	1.08934835182e-05	0	0	0	1.08934835182e-05	0.00070807642868	1.08934835182e-05	0	0	0	1.08934835182e-05	0	0	0	0	0	0	1.08934835182e-05	0	1.08934835182e-05	1.08934835182e-05	0	0	2.17869670363e-05	1.08934835182e-05	2.17869670363e-05	0	0	0	0	0	8.71478681453e-05	3.26804505545e-05	0.00492385455021	0.000424845857208	0.000381271923136	0	0	0.000174295736291	0	0.000272337087954	0.000174295736291	1.08934835182e-05	0.000501100241835	0
0	0	0.000141615285736	0	0	0	0	0	0.000283230571472	3.26804505545e-05	0.000272337087954	0.0014379398244	5.44674175908e-05	0.00589337458332	0.000806117780344	0	0	0	0	0	0	0	0	7.62543846271e-05	3.26804505545e-05	1.08934835182e-05	0.00427024553912	0.00137257892329	3.26804505545e-05	0.00130721802218	0	0.00733131440772	0.00029412405499	0	0.00136168543977	0	3.26804505545e-05	0	0	0	0	0	0	0	3.26804505545e-05	0	7.62543846271e-05	0	0.0019172530992	0	0	0	0	0	0	0	0	0.000152508769254	0	0	0.00140525937384	0.0013181115057	0.000980413516634	0	0	0	0.00102398745071	0	0	0	0.00310464280268	0.00197172051679	0.00140525937384	0.000174295736291	0	0	0	0.00125275060459	3.26804505545e-05	4.35739340726e-05	3.26804505545e-05	0	0	0
0	0	0	0	0.000326804505545	0.00168848994531	0.00250550120918	0.000599141593499	0.00676485326478	0	0.000610035077017	0.00190635961568	0.000130721802218	0.00335519292359	0.00396522800061	0.000196082703327	0	0	1.08934835182e-05	0	7.62543846271e-05	0	0	0	7.62543846271e-05	0	0.000403058890172	0	0.000446632824245	0.00528333950631	0	0.00029412405499	0.0128760975185	0.000631822044053	0.00699361641866	0	0	0	0	5.44674175908e-05	0	0	0	0	4.35739340726e-05	0.000174295736291	0	0	0	0	0	0	0	0	0	0	0	0	0	0.000174295736291	0.000130721802218	0	0	0.000130721802218	0	0	0	0	0	0	0.00241835334103	0.000185189219809	0.00651430314386	0.00156866162661	0.000130721802218	0.00138347240681	0	0	0	4.35739340726e-05	0	0	0	0.0001198283187
0.000130721802218	0	0	0	0.00175385084642	0.000403058890172	0.000435739340726	0.0064816226933	0.00436828689078	0.00283230571472	0.00214601625308	0	4.35739340726e-05	0	0.000588248109981	0.000337697989063	1.08934835182e-05	2.17869670363e-05	0	7.62543846271e-05	0.000544674175908	0.000838798230898	0	0.000174295736291	0.00956447852894	0	0.00111113531885	3.26804505545e-05	0.00745114272642	0.0236606462014	0.00862763894638	0	0.000631822044053	0.0276367676856	0.0155667879474	0.000348591472581	0	0	0	7.62543846271e-05	0	0	0.000141615285736	0.000261443604436	0.0025817555938	0.000326804505545	0	0	0	0.000108934835182	0	0	0	5.44674175908e-05	2.17869670363e-05	0	3.26804505545e-05	1.08934835182e-05	3.26804505545e-05	0.0010784548683	0	1.08934835182e-05	3.26804505545e-05	0.00103488093423	7.62543846271e-05	1.08934835182e-05	0	0	3.26804505545e-05	8.71478681453e-05	0.000555567659426	5.44674175908e-05	0.0123532103096	0.00501100241835	0.000457526307763	0.000272337087954	0	0.000795224296826	0	0.000806117780344	0.000501100241835	0.000108934835182	0.00094773306608	0
0.00221137715419	0	7.62543846271e-05	0	0.00245103379159	0.00125275060459	0.00208065535197	0.00745114272642	0.0201965184427	0.00340966034118	0.0166997102333	0.0150330072551	0.014379398244	0.00782152116604	0.0237260071026	0.00133989847273	2.17869670363e-05	0.0082790474738	0.0122115950239	0.0198697139371	0.00238567289048	0.00345323427526	0	0.00530512647334	0.00574086581407	5.44674175908e-05	0.0250550120918	0.000392165406654	0.0118303231007	0.0491840780845	0.00893265648489	0.00136168543977	0.00699361641866	0.0155667879474	0.0945445434541	0.00065360901109	0.000206976186845	2.17869670363e-05	0	6.5360901109e-05	0	0	0.000217869670363	0.00041395237369	0.00422667160505	0.000305017538508	1.08934835182e-05	0.00177563781346	0	0.000196082703327	0	0	0	2.17869670363e-05	4.35739340726e-05	0	5.44674175908e-05	0.000795224296826	9.80413516634e-05	0.00111113531885	0.000729863395717	4.35739340726e-05	0.000457526307763	0.00103488093423	0.000283230571472	5.44674175908e-05	0	0	0.000141615285736	0.0002396566374	0.00628553998998	0.000762543846271	0.0628553998998	0.0116342403974	0.000468419791281	0.00161223556069	0.000664502494608	0.00237477940696	0.000272337087954	0.00116560273644	0.00070807642868	0.0002396566374	0.000664502494608	0.000762543846271
0	0	0	0	0	0	0	0	0	0.000915052615525	0	0	0	0	0	0	0	0	0	0	0	0	0	0	0.000196082703327	0	0	0	0.000174295736291	0.00029412405499	6.5360901109e-05	0	0	0.000348591472581	0.00065360901109	0.0198697139371	0	0.0001198283187	0	1.08934835182e-05	0	0.00108934835182	0.0108934835182	0.0114381576941	0.00145972679143	0.000152508769254	0	5.44674175908e-05	0	0.0101854070895	7.62543846271e-05	0	0.00216780322011	0	0	0	0.00132900498922	0	0.00188457264864	0.00262532952788	0	0	0	0.00673217281422	0.00324625808841	0.00542495479204	0	0	0	0.00137257892329	0.000163402252772	0	3.26804505545e-05	1.08934835182e-05	0	0	0	0	0	0.000250550120918	0.000163402252772	4.35739340726e-05	1.08934835182e-05	0
0	0.010174513606	0.00386718664895	0	0	0	0	0	0	7.62543846271e-05	0	0	0	2.17869670363e-05	0	0	0	0.000196082703327	0	0.000359484956099	0	0	3.26804505545e-05	4.35739340726e-05	7.62543846271e-05	0	0.0121135536722	0.0369833765442	6.5360901109e-05	1.08934835182e-05	0	3.26804505545e-05	0	0	0.000206976186845	0	0.0510686507331	0	0	0	0	0	0	0	0.0001198283187	0	0	0	0.00152508769254	0	0	0.0043791803743	0.000217869670363	0.000108934835182	0.000740756879235	0	1.08934835182e-05	0.00832262140787	6.5360901109e-05	0.0055774635613	0.00397612148413	0.00337697989063	0.0449791934465	0.00180831826401	0	0	0	0	0	0	0.000740756879235	9.80413516634e-05	0.0001198283187	2.17869670363e-05	0	0	0	0.000555567659426	0.000468419791281	0.000381271923136	0.000196082703327	0	0	0
0	0	1.08934835182e-05	0	0	0	0	0	0	0	0	0	0	0	0	0	0	1.08934835182e-05	0	0	0	0.000860585197935	0	0.000272337087954	2.17869670363e-05	0	0	1.08934835182e-05	0.000305017538508	0	0	0	0	0	2.17869670363e-05	0.0001198283187	0	0.0216344582671	0	0	0	0	0.000501100241835	0.00106756138478	0	0	0	0	0	0.000610035077017	0	0	0.0080393908364	0	0.000206976186845	0	2.17869670363e-05	0	0.013475239112	0	0	0.00456436959411	0.00578443974814	0	0	0.000392165406654	0	0	0	0	0	0	0.000686289461644	0.000936839582562	0	0	0	0	0	0.00106756138478	0.0010784548683	0	0	0
0	0	0	0	0	0	0	0	0	0	0	0	0	0	0	0	0	0	0	0	0	0	0	0	0	0	0	0	0	0	0	0	0	0	0	0	0	0	0	0	0	0	0	0	0	0	0	0	0	0	0	0	0	0	0	0	0	0	0	0	0	0	0	0	0	0	0	0	0	0	0	0	0	0	0	0	0	0	0	0	0	0	0	0
0	0	0	0	0.00302838841805	3.26804505545e-05	0.000283230571472	4.35739340726e-05	7.62543846271e-05	0.00162312904421	0.000163402252772	0	0.000381271923136	2.17869670363e-05	5.44674175908e-05	0.000446632824245	0	0	0	0	0.00224405760474	0	0	0	0.00163402252772	0	0	0	0.00114381576941	7.62543846271e-05	1.08934835182e-05	0	5.44674175908e-05	7.62543846271e-05	6.5360901109e-05	1.08934835182e-05	0	0	0	0.0170591951894	0.000348591472581	0.00189546613216	0	0.00115470925292	0.00459705004466	0.0066559184296	0.00118738970348	0.00429203250615	1.08934835182e-05	0.000566461142944	0.00159044859365	0	0	0.00172117039587	0.00094773306608	0.0092376740234	0	0	0	0.00568639839648	0	0.000315911022027	0	0.00917231312229	0.000370378439617	0	1.08934835182e-05	0	0	0.00217869670363	7.62543846271e-05	0	6.5360901109e-05	1.08934835182e-05	0.000555567659426	0	0	0.000446632824245	0	0.000751650362753	4.35739340726e-05	0.000217869670363	0.000206976186845	2.17869670363e-05
0	0	0	0	5.44674175908e-05	0	0	0	0	0.000392165406654	0	0	0	0	0	2.17869670363e-05	0	0	0	0	1.08934835182e-05	0	0	0	5.44674175908e-05	0	0	0	0	0	0	0	0	0	0	0	0	0	0	0.000348591472581	0.00435739340726	0.00149240724199	0	0.00135079195625	0.000860585197935	2.17869670363e-05	0	0.00150330072551	0	0	0.00301749493453	0	0	0	0	0.000457526307763	0	2.17869670363e-05	0	0.000435739340726	0	0	0	0.000337697989063	0	0	0	0.000446632824245	0	0	0	0	0	0	2.17869670363e-05	0	0	0	0	1.08934835182e-05	1.08934835182e-05	0.000904159132007	0.000675395978126	0
0	0	0	0	0.000108934835182	1.08934835182e-05	4.35739340726e-05	0	0	0.0010784548683	0	0	0.000206976186845	0	0	6.5360901109e-05	0	0	0	0	3.26804505545e-05	0	0	0	9.80413516634e-05	0	0	0	0	0	0	0	0	0	0	0.00108934835182	0	0	0	0.00189546613216	0.00149240724199	0.0359158151594	0.004499008693	0.0210897840912	0.00124185712107	0.0126909082987	0.00104577441774	0.00883461513323	4.35739340726e-05	0.00754918407808	0.0126255473975	0	0	0.00118738970348	0.000359484956099	0.00396522800061	0.0001198283187	0	0	0.00070807642868	0	8.71478681453e-05	0	0.00422667160505	0.00194993354975	0	1.08934835182e-05	0.000250550120918	8.71478681453e-05	0.00150330072551	0	0	0	0	7.62543846271e-05	0	0	0.00238567289048	0	0.00070807642868	2.17869670363e-05	0.00506546983594	0.00214601625308	0.000163402252772
0	0	0	0	0	0	0	0	0	0.0002396566374	0	0	0	0	0	2.17869670363e-05	0	0	0	0	0	0	0	0	1.08934835182e-05	0	0	0	1.08934835182e-05	6.5360901109e-05	0	0	0	0.000141615285736	0.000217869670363	0.0108934835182	0	0.000501100241835	0	0	0	0.004499008693	0.0541950805028	0.0164055861783	0.000305017538508	0.00556657007778	7.62543846271e-05	1.08934835182e-05	0	0.0193141462777	0.000141615285736	0	0.00340966034118	0.000675395978126	0.00053378069239	0	0.00392165406654	0	0.00255996862677	0.00472777184688	0	0.00041395237369	8.71478681453e-05	0.0240745985751	0.00257086211029	0.0125057190788	0	0	8.71478681453e-05	0.00185189219809	4.35739340726e-05	0	0	0	0	0	0	0.0002396566374	0	0.00169938342883	0.000152508769254	5.44674175908e-05	0.000326804505545	0
0	0	0	0	6.5360901109e-05	1.08934835182e-05	3.26804505545e-05	0	2.17869670363e-05	0.00138347240681	0	0	0.0001198283187	3.26804505545e-05	2.17869670363e-05	5.44674175908e-05	0	0	0	0	1.08934835182e-05	0	0	0	9.80413516634e-05	0	0	0	2.17869670363e-05	0.000163402252772	1.08934835182e-05	0	0	0.000261443604436	0.00041395237369	0.0114381576941	0	0.00106756138478	0	0.00115470925292	0.00135079195625	0.0210897840912	0.0164055861783	0.0566243273274	0.00175385084642	0.00757097104512	0.000457526307763	0.00582801368222	1.08934835182e-05	0.0224405760474	0.00915052615525	0	0.00357306259396	0.000217869670363	0.000130721802218	0.00205886838493	0.00570818536352	0	0.00448811520948	0.00422667160505	0	8.71478681453e-05	0.000555567659426	0.0138456175516	0.00261443604436	0.00491296106669	0	0.000697182945162	5.44674175908e-05	0.00225495108826	0.000141615285736	0	1.08934835182e-05	2.17869670363e-05	5.44674175908e-05	0	0	0.0028214122312	0	0.000893265648489	0.000152508769254	0.00483670668206	0.00411773676986	6.5360901109e-05
0	6.5360901109e-05	5.44674175908e-05	0	0.00710255125384	9.80413516634e-05	0.00106756138478	0.0001198283187	0.000141615285736	0.0145863744308	0.00129632453866	0	0.000174295736291	4.35739340726e-05	0.000130721802218	0.00160134207717	9.80413516634e-05	0	0	0	0.00480402623151	0.0001198283187	7.62543846271e-05	0.000163402252772	0.0115144120787	0	0.000152508769254	0.0001198283187	0.00627464650646	0.00359484956099	0.00070807642868	3.26804505545e-05	4.35739340726e-05	0.0025817555938	0.00422667160505	0.00145972679143	0.0001198283187	0	0	0.00459705004466	0.000860585197935	0.00124185712107	0.000305017538508	0.00175385084642	0.0409050306107	0.00746203620994	0	0.00704808383625	0	0.000501100241835	0.00511993725353	8.71478681453e-05	1.08934835182e-05	5.44674175908e-05	4.35739340726e-05	0.00279962526417	0	0.00714612518791	1.08934835182e-05	0.0243360421796	0	8.71478681453e-05	7.62543846271e-05	0.0129523519031	0.000620928560535	0.000174295736291	1.08934835182e-05	0	0.000272337087954	0.000468419791281	0.00388897361598	0.000403058890172	0.00184099871457	0.00111113531885	0.00180831826401	0	0	0.00417220418746	0.000217869670363	0.00152508769254	0.00114381576941	0.0016775964618	0.00144883330792	0
0	0	0	0	0.00565371794592	0.000108934835182	0.0001198283187	0.000152508769254	0.000163402252772	0.000555567659426	0.00198261400031	0	0.000511993725353	7.62543846271e-05	0.0001198283187	0.000217869670363	0	0	0	0	0.003300725506	0	0	0	0.00543584827556	0	0	0	0.00442275430837	0.000348591472581	1.08934835182e-05	0	0.000174295736291	0.000326804505545	0.000305017538508	0.000152508769254	0	0	0	0.0066559184296	2.17869670363e-05	0.0126909082987	0.00556657007778	0.00757097104512	0.00746203620994	0.0505784439748	0.0017974247805	0.00465151746225	0	0.00546852872612	0.00469509139633	0	0	0.00523976557223	0.00359484956099	0.00434649992375	3.26804505545e-05	0	0	0.012026405804	0	0.00230941850585	0	0.0172117039587	0.00186278568161	0	1.08934835182e-05	0	3.26804505545e-05	0.0067212793307	0.000272337087954	0	0.000305017538508	4.35739340726e-05	0.0002396566374	1.08934835182e-05	0	0.00136168543977	0	0.00440096734134	0.000174295736291	0.000141615285736	0.00101309396719	0.000228763153881
0	1.08934835182e-05	0	0	0	0	0	0	0	0	0	0.000130721802218	2.17869670363e-05	0.00496742848428	0	0	0	0	0	0	0	0	0	0	0	0.00305017538508	0.000174295736291	0.00082790474738	0	1.08934835182e-05	0	7.62543846271e-05	0	0	1.08934835182e-05	0	0	0	0	0.00118738970348	0	0.00104577441774	7.62543846271e-05	0.000457526307763	0	0.0017974247805	0.0307849844223	0.000403058890172	0.00625285953942	0.00233120547289	0.000305017538508	0	0	0.00921588705636	0.004499008693	0.0019172530992	0	0	0	6.5360901109e-05	0.00400880193468	0.00462973049522	5.44674175908e-05	0.000326804505545	0.00176474432994	0	0.00247282075862	0.00029412405499	0	0.0106211464302	1.08934835182e-05	0.00242924682455	2.17869670363e-05	0	0	0	0.00209154883549	0.00140525937384	0.00281051874769	0.00435739340726	0.000206976186845	0.000196082703327	0.000817011263862	0.000773437329789
0	0	0	0	0.000817011263862	7.62543846271e-05	0.000893265648489	0	0.000522887208872	0.00359484956099	2.17869670363e-05	0.000163402252772	0.00286498616528	0	0.000599141593499	0.00125275060459	0	0	0.000403058890172	0.00129632453866	0.00139436589032	0	0	0	0.000174295736291	0	0.00138347240681	0	0.000272337087954	0.00185189219809	0	0	0	0	0.00177563781346	5.44674175908e-05	0	0	0	0.00429203250615	0.00150330072551	0.00883461513323	1.08934835182e-05	0.00582801368222	0.00704808383625	0.00465151746225	0.000403058890172	0.0241835334103	4.35739340726e-05	0.00320268415434	0.0120917667052	0	0	0.000424845857208	0.000141615285736	0.00894354996841	0	2.17869670363e-05	0	0.00359484956099	0	4.35739340726e-05	0	0.00303928190157	0.000806117780344	0	1.08934835182e-05	0	0	0.000555567659426	0	0	0.00166670297828	1.08934835182e-05	0.0014379398244	0	0	1.08934835182e-05	0	0.000163402252772	1.08934835182e-05	0.00164491601124	4.35739340726e-05	1.08934835182e-05
0	0.00123096363755	0	0	0	0	0	0	0	0	0	0.000141615285736	0	0.00700450990218	0	0	0	0	0	0	0	0	0	0	0	0.00211333580252	0.00300660145101	0.00352948865988	0	0	0	0.0019172530992	0	0	0	0	0.00152508769254	0	0	1.08934835182e-05	0	4.35739340726e-05	0	1.08934835182e-05	0	0	0.00625285953942	4.35739340726e-05	0.0151746225408	0	4.35739340726e-05	0	0	0	0	2.17869670363e-05	0	0	0	0	0.00958626549598	0.00283230571472	0.00419399115449	1.08934835182e-05	0	0	0.00320268415434	0	0	0.000337697989063	0	0.00220048367067	0	0	0	0	0.00126364408811	0	0.000381271923136	0.000250550120918	0	0	0	0.000261443604436
