0.00742425479182	0	0.000311662869821	0	0	0	0	0.00118728712313	0.000107597895534	0	0	2.59719058184e-05	0	1.48410890391e-05	0.00372882362108	0	3.3392450338e-05	0.000426681309875	1.11308167793e-05	5.19438116369e-05	0	7.79157174553e-05	3.71027225978e-06	0.000315373142081	0.000181803340729	0	0.0003413450479	7.42054451956e-05	0.000244877969145	0.00581399663107	0.0039477296844	0	3.71027225978e-06	0.00015954170717	0.000946119426243	0	0	0	0	0	0	0	0	0	2.96821780782e-05	0	0	0	0	0	0	0	3.71027225978e-06	0	7.42054451956e-06	0	0	0	0	2.96821780782e-05	0	7.42054451956e-06	0	0	0	0	0	0	0	0	7.42054451956e-06	1.48410890391e-05	0.000857072892009	1.11308167793e-05	0	3.71027225978e-06	0	3.71027225978e-06	3.71027225978e-06	0	0	0	0	0
0	0.0361269209935	0.00100177351014	0	0	0	0	2.59719058184e-05	3.71027225978e-06	0.00484561557127	0	2.59719058184e-05	0	0.000953539970763	7.42054451956e-06	3.71027225978e-06	0.0022966585288	0.000155831434911	7.42054451956e-06	3.71027225978e-05	0	0.000122438984573	0.0108154436373	0.00138022128064	0.00235973315722	0.00335408612284	0.00851878510845	0.0298083273351	0.000129859529092	5.19438116369e-05	3.71027225978e-06	3.71027225978e-06	0	1.11308167793e-05	0.000103887623274	0	0.0150154718353	0.000422971037615	0	7.42054451956e-05	0	0	2.22616335587e-05	0	0.000233747152366	4.82335393771e-05	2.22616335587e-05	2.59719058184e-05	7.79157174553e-05	0	3.71027225978e-06	2.59719058184e-05	0.000849652347489	7.42054451956e-06	0.000923857792685	2.22616335587e-05	1.85513612989e-05	0.00351362783001	0.000352475864679	0.000196644429768	0.000452653215693	0.00223729417265	0.0177499424908	6.30746284162e-05	7.42054451956e-06	0	7.42054451956e-06	0	0	9.27568064945e-05	0.000589933289305	0.000256008785925	0.000200354702028	1.85513612989e-05	2.96821780782e-05	7.42054451956e-06	4.08129948576e-05	0.000682690095799	0.000218906063327	0.000192934157508	5.93643561565e-05	1.11308167793e-05	7.42054451956e-06	1.85513612989e-05
0.000311662869821	0.00100177351014	0.0397555672635	0	0	1.11308167793e-05	8.53362619749e-05	0.00348023537967	0.000630746284162	5.56540838967e-05	1.85513612989e-05	0.00033763477564	3.3392450338e-05	4.82335393771e-05	0.00235602288496	7.42054451956e-06	0.000445232671173	0.0164736088334	0.000100177351014	0.00122438984573	0	0.00152121162651	0.00105000704952	0.0177499424908	0.000704951729358	3.71027225978e-06	0.0123032628134	0.014796565772	0.00332811421702	0.000704951729358	0.00407016866898	0	1.11308167793e-05	0.000319083414341	0.00298676916912	7.42054451956e-06	0.000927568064945	0.000148410890391	0	3.71027225978e-05	0	0	0.000129859529092	0	0.000352475864679	1.48410890391e-05	7.42054451956e-06	0	3.71027225978e-06	7.42054451956e-06	0	0.00113905358375	0.00083852153071	0	0.000189223885249	1.11308167793e-05	0.000630746284162	0.0010240351437	0.00312033897047	0.000326503958861	3.71027225978e-06	0.000356186136939	0.00397741186248	0.00033021423112	0	1.48410890391e-05	0	0	0	5.56540838967e-05	0.00339118884544	0.000905306431386	0.00580657608655	0.00177722041243	0.000682690095799	0.000137280073612	4.45232671173e-05	0.00213340654937	0.000645587373201	0.000678979823539	0.00050459702733	7.42054451956e-06	3.71027225978e-06	0
0	0	0	0	0	0	0	0	0	0	0	0	0	0	0	0	0	0	0	0	0	0	0	0	0	0	0	0	0	0	0	0	0	0	0	0	0	0	0	0	0	0	0	0	0	0	0	0	0	0	0	0	0	0	0	0	0	0	0	0	0	0	0	0	0	0	0	0	0	0	0	0	0	0	0	0	0	0	0	0	0	0	0	0
0	0	0	0	0.0200651523809	0	0.00100919405466	0.00100177351014	0.000682690095799	0.00233005097914	0.00189594912475	0.000426681309875	0.00483819502675	0.000115018440053	0.00128746447414	0.000348765592419	0	0	8.16259897151e-05	0	0.0072869747182	0	3.71027225978e-06	3.71027225978e-06	0.0086523549098	0	9.64670787542e-05	3.71027225978e-06	0.0043447288162	0.00185884640215	0	0	0.000196644429768	5.19438116369e-05	0.000938698881724	7.42054451956e-06	0	0	0	0.00423342064841	0	7.04951729358e-05	0	2.96821780782e-05	0.00293111508522	0.00115760494505	5.19438116369e-05	0.00528713797018	0	1.48410890391e-05	7.42054451956e-06	0	0	1.11308167793e-05	7.42054451956e-06	0.00720163845623	0	0	0	0.00263058303218	1.48410890391e-05	4.45232671173e-05	2.22616335587e-05	0.00050459702733	8.16259897151e-05	0	0	0	0	7.79157174553e-05	0.000281980691743	0.000100177351014	0.000367316953718	6.6784900676e-05	0.000426681309875	0.000107597895534	3.71027225978e-06	0.000285690964003	5.56540838967e-05	8.90465342347e-05	1.48410890391e-05	1.48410890391e-05	3.71027225978e-06	0
0	0	1.11308167793e-05	0	0	0.00355815109713	0.00155831434911	0	9.64670787542e-05	3.71027225978e-06	0	0.000133569801352	0	0.000148410890391	1.48410890391e-05	0.000586223017045	1.11308167793e-05	1.11308167793e-05	0	0	0	0	3.71027225978e-06	2.59719058184e-05	1.85513612989e-05	3.71027225978e-06	0	3.71027225978e-06	1.48410890391e-05	1.48410890391e-05	0	0	0.00198499565898	0	0.000827390713931	0	0	0	0	0	0	0	7.42054451956e-06	0	1.11308167793e-05	0	0	0	0	0	0	0	3.71027225978e-06	0	0	0	3.71027225978e-06	0	4.45232671173e-05	1.85513612989e-05	0	0	0	2.22616335587e-05	0	0	0	0	0	3.71027225978e-06	0.000140990345872	2.96821780782e-05	0.000204064974288	8.16259897151e-05	0.000786577719073	0.000493466210551	7.42054451956e-06	3.71027225978e-05	0	3.71027225978e-06	0	0	0	0
0	0	8.53362619749e-05	0	0.00100919405466	0.00155831434911	0.0377074969761	0.00572123982458	0.0184215017698	4.45232671173e-05	0.0157501057428	0.00165478142786	0.00956879215797	0.000719792818397	0.00403306594638	0.00316115196533	2.59719058184e-05	1.85513612989e-05	3.3392450338e-05	5.93643561565e-05	0.00466010195828	8.53362619749e-05	2.22616335587e-05	0.000218906063327	0.0010054837824	0	0.000100177351014	6.30746284162e-05	0.00207775246548	0.00384755233339	0.000185513612989	0	0.00429278500456	0.000137280073612	0.00287175072907	0	0	0	0	3.71027225978e-06	0	3.71027225978e-06	0	3.71027225978e-06	3.71027225978e-05	0	0	7.42054451956e-06	0	0	0	0	3.71027225978e-06	0	3.71027225978e-06	3.71027225978e-06	0	0	8.53362619749e-05	9.64670787542e-05	0	3.71027225978e-06	7.42054451956e-06	7.42054451956e-05	3.71027225978e-06	0	0	0	0	3.71027225978e-06	0.00181061286277	9.64670787542e-05	0.00174011768984	0.000311662869821	0.000990642693361	0.00152863217103	2.59719058184e-05	0.000204064974288	3.71027225978e-06	3.71027225978e-06	3.71027225978e-06	7.42054451956e-06	3.71027225978e-06	0
0.00118728712313	2.59719058184e-05	0.00348023537967	0	0.00100177351014	0	0.00572123982458	0.0597205422934	0.0142288941163	0.000211485518807	0.011397956382	0.00321309577697	0.000137280073612	0.000593643561565	0.0135387834759	0.00016696225169	3.3392450338e-05	0.00431133636586	0.00224100444491	0.00162880952204	5.93643561565e-05	0.00532795096504	5.19438116369e-05	0.00654863053851	0.00179206150147	0	0.00502370863974	0.00103887623274	0.0248996371354	0.0155089380459	0.0160951610629	2.59719058184e-05	0.000653007917721	0.00811436543214	0.0118023760584	1.11308167793e-05	1.85513612989e-05	0	0	0.00258234949281	0	0	3.3392450338e-05	0	0.00344313265707	0.00120954875669	0	0.000716082546137	0	0	0	1.11308167793e-05	2.96821780782e-05	3.71027225978e-06	3.71027225978e-05	0.00277157337805	2.59719058184e-05	0	8.16259897151e-05	0.00463413005246	0	6.30746284162e-05	5.56540838967e-05	0.0017067252395	0	0	0	0	0	0	0.00121696930121	0.000730923635176	0.00798079563078	0.00158428625493	5.19438116369e-05	0.000593643561565	5.19438116369e-05	0.000103887623274	5.56540838967e-05	3.3392450338e-05	2.22616335587e-05	1.48410890391e-05	3.71027225978e-06	0
0.000107597895534	3.71027225978e-06	0.000630746284162	0	0.000682690095799	9.64670787542e-05	0.0184215017698	0.0142288941163	0.0471575604218	2.59719058184e-05	0.0177276808572	0.000912726975905	0.00302758216398	0.000152121162651	0.0168483463317	0.00100919405466	3.3392450338e-05	0.000307952597562	0.000270849874964	0.000200354702028	0.00468236359184	0.000567671655746	1.48410890391e-05	0.0010054837824	0.000656718189981	0	0.000660428462241	0.000263429330444	0.00517954007465	0.00846684129681	0.00364719763136	0	0.00283464800647	0.00201838810932	0.00384384206113	0	3.71027225978e-06	0	0	0.00017438279621	0	0	1.11308167793e-05	0	0.000656718189981	6.6784900676e-05	0	1.48410890391e-05	0	0	0	0	3.71027225978e-06	3.71027225978e-06	3.71027225978e-06	6.6784900676e-05	0	0	4.82335393771e-05	0.00102032487144	0	1.48410890391e-05	7.42054451956e-06	0.000211485518807	0	0	0	0	0	0	0.000697531184838	0.000126149256832	0.00286061991229	0.000615905195123	0.000248588241405	0.00143587536453	7.79157174553e-05	0.00015954170717	2.22616335587e-05	2.59719058184e-05	7.42054451956e-06	3.71027225978e-06	3.71027225978e-06	0
0	0.00484561557127	5.56540838967e-05	0	0.00233005097914	3.71027225978e-06	4.45232671173e-05	0.000211485518807	2.59719058184e-05	0.0285319936777	0.000267139602704	1.85513612989e-05	0.0023337612514	0.000244877969145	5.56540838967e-05	0.000107597895534	0.00453395270145	6.30746284162e-05	7.42054451956e-06	4.45232671173e-05	0.00157315543815	1.11308167793e-05	0.00911242867002	6.6784900676e-05	0.015954170717	0.000782867446813	0.00016696225169	0.00319454441567	0.00336521693962	0.000537989477668	7.42054451956e-06	0	1.85513612989e-05	0.000749474996475	0.00116131521731	0	0.000144700618131	3.71027225978e-06	0	0.00352104837453	0	0	7.42054451956e-06	1.11308167793e-05	0.0150748361915	0.000445232671173	3.71027225978e-06	0.00244877969145	0	0	1.85513612989e-05	7.42054451956e-06	0	7.42054451956e-06	2.22616335587e-05	0.00315373142081	1.48410890391e-05	3.3392450338e-05	7.42054451956e-05	0.0111604989574	5.19438116369e-05	0.000111308167793	0.00016325197943	0.00145442672583	7.42054451956e-06	3.71027225978e-06	0	0	0	1.11308167793e-05	0.00084223180297	3.71027225978e-05	0.000686400368059	0.000716082546137	0.000812549624891	5.93643561565e-05	7.42054451956e-06	0.00211114491581	0.000152121162651	0.000148410890391	0.000103887623274	7.42054451956e-06	7.04951729358e-05	0
0	0	1.85513612989e-05	0	0.00189594912475	0	0.0157501057428	0.011397956382	0.0177276808572	0.000267139602704	0.0431133636586	0.00126520284058	0.00495692373906	0.000515727844109	0.00612936977315	0.000426681309875	1.48410890391e-05	0	0.000411840220835	0.000129859529092	0.00446345752851	3.71027225978e-06	3.71027225978e-05	5.56540838967e-05	0.000482335393771	0	0.000589933289305	3.3392450338e-05	0.00904193349708	0.00552830566707	1.11308167793e-05	7.42054451956e-06	0.00118357685087	0.000248588241405	0.00296821780782	1.85513612989e-05	0	3.71027225978e-06	0	0.000378447770497	0	2.59719058184e-05	3.71027225978e-06	2.22616335587e-05	0.000367316953718	0.000827390713931	1.85513612989e-05	0.00103887623274	0	2.22616335587e-05	0	0	0	1.11308167793e-05	0	0.000771736630034	3.71027225978e-06	0	2.22616335587e-05	0.000348765592419	7.42054451956e-06	3.71027225978e-06	1.11308167793e-05	2.96821780782e-05	2.22616335587e-05	0	0	0	0	4.08129948576e-05	0.000793998263593	0.000853362619749	0.00120212821217	0.000144700618131	0	0.000393288859537	3.71027225978e-06	0.000226326607846	4.82335393771e-05	8.53362619749e-05	3.71027225978e-05	1.85513612989e-05	7.42054451956e-06	0
2.59719058184e-05	2.59719058184e-05	0.00033763477564	0	0.000426681309875	0.000133569801352	0.00165478142786	0.00321309577697	0.000912726975905	1.85513612989e-05	0.00126520284058	0.0308175213897	0.00113163303923	0.00961702569735	0.00131714665222	0.000482335393771	0.00016325197943	0.000552830566707	0.00668591061212	0.00791401073011	0.00120954875669	0.000181803340729	1.48410890391e-05	0.000897885886866	0.000938698881724	0.000326503958861	0.00644103264298	0.000408129948576	0.00253411595343	0.0104629677726	0.000742054451956	0.000786577719073	0.00067155927902	0.00278641446709	0.0182285676123	0	1.11308167793e-05	7.42054451956e-06	0	0.000237457424626	0	2.22616335587e-05	1.85513612989e-05	1.85513612989e-05	0.000530568933148	2.96821780782e-05	0.000348765592419	1.48410890391e-05	0.000352475864679	3.71027225978e-06	3.71027225978e-06	3.71027225978e-06	1.48410890391e-05	0	1.85513612989e-05	1.11308167793e-05	1.85513612989e-05	7.42054451956e-06	3.71027225978e-05	0.00109824058889	0.00016696225169	0.00015954170717	0.000137280073612	0.000307952597562	2.22616335587e-05	0	1.11308167793e-05	0	0	5.93643561565e-05	0.0026009008541	0.00170301496724	0.00993239883943	0.000949829698503	0.00016696225169	1.48410890391e-05	0.000133569801352	0.000218906063327	0.000441522398914	0.000237457424626	0.000144700618131	6.30746284162e-05	0	0.000140990345872
0	0	3.3392450338e-05	0	0.00483819502675	0	0.00956879215797	0.000137280073612	0.00302758216398	0.0023337612514	0.00495692373906	0.00113163303923	0.0318007435386	0.000281980691743	0.00323164713827	0.0016696225169	2.59719058184e-05	7.42054451956e-06	7.42054451956e-06	3.3392450338e-05	0.014525715897	3.71027225978e-06	7.42054451956e-06	0.000107597895534	0.00434843908846	3.71027225978e-06	3.71027225978e-05	8.16259897151e-05	0.000274560147224	0.0036620387204	3.71027225978e-06	0	0.000641877100942	3.71027225978e-06	0.00138764182516	0.000244877969145	1.11308167793e-05	3.71027225978e-06	0	0.000326503958861	0	0.00235973315722	7.42054451956e-06	0.000990642693361	0.000537989477668	0.00270849874964	0.000460073760213	0.00503483945652	1.11308167793e-05	0.000949829698503	0	0	0	0.000178093068469	4.08129948576e-05	0.000860783164269	7.42054451956e-06	0	2.96821780782e-05	0.000296821780782	9.64670787542e-05	0.000111308167793	0.000115018440053	0.000103887623274	0.000797708535852	0	0	0	0	0.000634456556422	0.000526858660889	2.22616335587e-05	0.00016696225169	8.53362619749e-05	0.000879334525567	7.79157174553e-05	7.42054451956e-06	0.000300532053042	0.00017438279621	0.000738344179696	0.000118728712313	5.56540838967e-05	1.11308167793e-05	3.71027225978e-06
1.48410890391e-05	0.000953539970763	4.82335393771e-05	0	0.000115018440053	0.000148410890391	0.000719792818397	0.000593643561565	0.000152121162651	0.000244877969145	0.000515727844109	0.00961702569735	0.000281980691743	0.0278530138542	0.000923857792685	0.000226326607846	0.000144700618131	7.42054451956e-05	0.000311662869821	0.000118728712313	0.000281980691743	0.000152121162651	0.000371027225978	0.000471204576992	0.000270849874964	0.010611378663	0.00486045666031	0.00359525381973	0.00049717648281	0.00339118884544	0.000115018440053	0.00293482535748	0.000422971037615	7.04951729358e-05	0.00493837237777	7.42054451956e-06	2.59719058184e-05	0	0	3.3392450338e-05	0	4.45232671173e-05	7.42054451956e-06	2.59719058184e-05	4.08129948576e-05	0.000155831434911	0.00514985789657	4.82335393771e-05	0.0070383864768	1.48410890391e-05	3.71027225978e-06	3.71027225978e-06	7.42054451956e-06	4.82335393771e-05	7.42054451956e-06	5.19438116369e-05	2.22616335587e-05	4.08129948576e-05	1.48410890391e-05	8.90465342347e-05	0.00335408612284	0.00293482535748	0.000434101854394	0.000111308167793	3.3392450338e-05	1.11308167793e-05	0.000760605813255	0	0	0.00033392450338	0.00160283761622	0.00213340654937	0.00225955580621	0.00049717648281	0.000140990345872	1.11308167793e-05	0.000578802472525	0.000222616335587	0.00439667262784	0.000793998263593	0.000211485518807	3.71027225978e-05	5.93643561565e-05	0.00105742759404
0.00372882362108	7.42054451956e-06	0.00235602288496	0	0.00128746447414	1.48410890391e-05	0.00403306594638	0.0135387834759	0.0168483463317	5.56540838967e-05	0.00612936977315	0.00131714665222	0.00323164713827	0.000923857792685	0.0481073901203	0.000897885886866	0.00016696225169	0.00300903080268	0.000148410890391	0.000430391582134	0.00534279205408	0.00109824058889	2.22616335587e-05	0.00213340654937	0.00154347326007	0	0.00268994738834	0.00033763477564	0.00482706420997	0.0225473245227	0.0108525463599	3.71027225978e-06	0.00557282893419	0.00241909751338	0.0100511275517	3.71027225978e-06	0	0	0	0.000103887623274	0	2.96821780782e-05	7.79157174553e-05	2.59719058184e-05	0.000441522398914	3.71027225978e-05	2.59719058184e-05	3.3392450338e-05	3.71027225978e-06	7.42054451956e-06	3.71027225978e-06	0	2.22616335587e-05	4.08129948576e-05	6.30746284162e-05	4.45232671173e-05	3.71027225978e-06	0	3.71027225978e-05	0.00158799652719	3.71027225978e-06	0.000118728712313	0.000103887623274	0.000779157174553	2.22616335587e-05	0	0	0	0	1.48410890391e-05	0.00206291137644	0.000660428462241	0.00730923635176	0.00107597895534	0.000474914849252	0.00321680604923	0.000133569801352	0.000638166828682	0.000244877969145	0.000233747152366	0.000126149256832	0.000148410890391	1.11308167793e-05	3.71027225978e-06
0	3.71027225978e-06	7.42054451956e-06	0	0.000348765592419	0.000586223017045	0.00316115196533	0.00016696225169	0.00100919405466	0.000107597895534	0.000426681309875	0.000482335393771	0.0016696225169	0.000226326607846	0.000897885886866	0.00788061827977	0	3.71027225978e-06	3.71027225978e-06	3.71027225978e-06	0.000805129080372	0	3.71027225978e-06	2.96821780782e-05	0.00128004392962	0	1.11308167793e-05	2.22616335587e-05	8.90465342347e-05	0.00114276385601	0	0	0.000630746284162	1.11308167793e-05	0.000734633907436	0	0	0	0	4.45232671173e-05	0	0	0	0	4.82335393771e-05	0	0	0	0	0	0	0	0	0	0	2.59719058184e-05	0	0	0	5.19438116369e-05	0	0	0	1.48410890391e-05	0	0	0	0	0	0	0.000649297645461	1.85513612989e-05	0.000129859529092	5.93643561565e-05	0.00372511334882	2.59719058184e-05	1.11308167793e-05	0	0	0	0	0	0	0
3.3392450338e-05	0.0022966585288	0.000445232671173	0	0	1.11308167793e-05	2.59719058184e-05	3.3392450338e-05	3.3392450338e-05	0.00453395270145	1.48410890391e-05	0.00016325197943	2.59719058184e-05	0.000144700618131	0.00016696225169	0	0.0360230333702	0.00033392450338	0.000204064974288	0.000723503090657	3.71027225978e-06	0.00171414578402	0.0199983674802	0.00464155059698	0.0180022410044	0.000148410890391	0.00120954875669	0.00706806865488	0.0083295612232	0.00033021423112	0.00109453031663	0	3.71027225978e-05	4.45232671173e-05	0.00303129243624	7.42054451956e-06	0.000215195791067	0	0	6.30746284162e-05	0	0	0.000122438984573	0	0.0100251556459	5.93643561565e-05	0	0	0	3.71027225978e-06	7.42054451956e-06	0.00614421086219	6.30746284162e-05	3.71027225978e-06	0.000115018440053	7.04951729358e-05	0.00124665147929	0.006641387345	0.00203322919836	0.00691965776449	1.85513612989e-05	0.000382158042757	0.000526858660889	0.00429278500456	2.59719058184e-05	7.42054451956e-06	0	0	7.42054451956e-06	1.11308167793e-05	0.00552459539481	0.00138764182516	0.00252298513665	0.00313518005951	0.000931278337204	0.00017438279621	0.00016325197943	0.00239683587982	0.000478625121511	0.000103887623274	0.000118728712313	7.42054451956e-06	2.96821780782e-05	0
0.000426681309875	0.000155831434911	0.0164736088334	0	0	1.11308167793e-05	1.85513612989e-05	0.00431133636586	0.000307952597562	6.30746284162e-05	0	0.000552830566707	7.42054451956e-06	7.42054451956e-05	0.00300903080268	3.71027225978e-06	0.00033392450338	0.0397815391693	0.000103887623274	0.00750217050927	0	0.00304242325302	5.93643561565e-05	0.0166071786348	0.00067526955128	3.71027225978e-06	0.0171006448453	0.00689368585867	0.00175124850662	0.000708662001618	0.0077581792952	0	7.42054451956e-06	0.000181803340729	0.00870058844918	1.48410890391e-05	0.000192934157508	5.93643561565e-05	0	0	0	0	2.59719058184e-05	0	0.000230036880106	7.42054451956e-06	3.71027225978e-06	0	0	1.11308167793e-05	0	0.000270849874964	0.000608484650604	3.71027225978e-06	0.000463784032472	0	0.000467494304732	0.000352475864679	0.000393288859537	0.000200354702028	0	0.0014210342755	0.00178093068469	0.000140990345872	0	7.42054451956e-06	0	0	0	3.71027225978e-05	0.00181803340729	0.000905306431386	0.00722018981753	0.00158057598267	0.000256008785925	8.53362619749e-05	4.08129948576e-05	0.000563961383486	0.000322793686601	0.000103887623274	6.30746284162e-05	7.42054451956e-06	0	0
1.11308167793e-05	7.42054451956e-06	0.000100177351014	0	8.16259897151e-05	0	3.3392450338e-05	0.00224100444491	0.000270849874964	7.42054451956e-06	0.000411840220835	0.00668591061212	7.42054451956e-06	0.000311662869821	0.000148410890391	3.71027225978e-06	0.000204064974288	0.000103887623274	0.0138133436232	0.0062814909358	7.42054451956e-06	5.56540838967e-05	1.48410890391e-05	0.000434101854394	0.000593643561565	5.93643561565e-05	0.00736489043566	0.000723503090657	0.00199983674802	0.00433730827168	0.000563961383486	0.000107597895534	2.22616335587e-05	0.00267881657156	0.00559509056775	0	3.71027225978e-06	7.42054451956e-06	0	0.000230036880106	0	0	3.71027225978e-06	0	0.00050459702733	1.11308167793e-05	5.93643561565e-05	0	7.42054451956e-05	0	0	0	2.96821780782e-05	0.000115018440053	5.56540838967e-05	7.42054451956e-06	1.48410890391e-05	0	1.11308167793e-05	0.0010240351437	2.22616335587e-05	0.000653007917721	0.000148410890391	0.000267139602704	0	0	0	0	0	1.11308167793e-05	0.00268623711608	0.00263429330444	0.00573979118588	0.000630746284162	7.42054451956e-06	7.42054451956e-06	2.59719058184e-05	5.56540838967e-05	8.16259897151e-05	7.42054451956e-05	2.22616335587e-05	0	0	0
5.19438116369e-05	3.71027225978e-05	0.00122438984573	0	0	0	5.93643561565e-05	0.00162880952204	0.000200354702028	4.45232671173e-05	0.000129859529092	0.00791401073011	3.3392450338e-05	0.000118728712313	0.000430391582134	3.71027225978e-06	0.000723503090657	0.00750217050927	0.0062814909358	0.031207099977	1.48410890391e-05	0.000118728712313	3.3392450338e-05	0.00367687980944	0.000983222148841	3.71027225978e-06	0.0178983533812	0.00166220197238	0.0017252766008	0.00257121867603	0.00151008080973	3.71027225978e-06	4.82335393771e-05	0.00207404219322	0.0141435578543	0	5.93643561565e-05	7.42054451956e-06	0	0.00016325197943	0	0	2.59719058184e-05	0	0.000467494304732	3.71027225978e-06	1.11308167793e-05	0	1.48410890391e-05	0	0	3.71027225978e-06	0.000115018440053	6.30746284162e-05	0.000389578587277	3.71027225978e-06	1.85513612989e-05	7.42054451956e-06	0.000103887623274	0.000786577719073	7.42054451956e-06	0.00207033192096	0.00196273402542	0.000185513612989	0	0	0	0	0	3.3392450338e-05	0.00693078858127	0.00488271829387	0.0106707430191	0.00210001409903	2.22616335587e-05	6.30746284162e-05	9.64670787542e-05	0.000278270419483	0.000155831434911	0.000107597895534	5.56540838967e-05	3.71027225978e-06	0	0
0	0	0	0	0.0072869747182	0	0.00466010195828	5.93643561565e-05	0.00468236359184	0.00157315543815	0.00446345752851	0.00120954875669	0.014525715897	0.000281980691743	0.00534279205408	0.000805129080372	3.71027225978e-06	0	7.42054451956e-06	1.48410890391e-05	0.0217607468036	0	0	1.11308167793e-05	0.00443006507818	0	2.22616335587e-05	7.42054451956e-06	0.000871913981048	0.00454137324597	0	0	0.000615905195123	0	0.0014210342755	3.71027225978e-06	0	0	0	0.000400709404056	0	8.90465342347e-05	0	5.56540838967e-05	0.000575092200266	0.000293111508522	1.11308167793e-05	0.000983222148841	0	3.71027225978e-05	0	0	0	3.71027225978e-06	7.42054451956e-06	0.000897885886866	0	0	3.71027225978e-06	0.000322793686601	0	7.42054451956e-06	0	8.90465342347e-05	4.08129948576e-05	0	0	0	0	2.22616335587e-05	0.000200354702028	2.59719058184e-05	0.000103887623274	5.19438116369e-05	0.000608484650604	7.04951729358e-05	3.71027225978e-06	8.53362619749e-05	2.59719058184e-05	6.30746284162e-05	2.59719058184e-05	7.42054451956e-06	7.42054451956e-06	0
7.79157174553e-05	0.000122438984573	0.00152121162651	0	0	0	8.53362619749e-05	0.00532795096504	0.000567671655746	1.11308167793e-05	3.71027225978e-06	0.000181803340729	3.71027225978e-06	0.000152121162651	0.00109824058889	0	0.00171414578402	0.00304242325302	5.56540838967e-05	0.000118728712313	0	0.0368578446286	0.00216679899971	0.0195679758981	0.000960960515283	3.3392450338e-05	0.00125407202381	0.000645587373201	0.0083666639458	0.00270107820512	0.0186849311002	0	4.82335393771e-05	0.00253782622569	0.00370656198752	0	7.42054451956e-06	0	0	1.48410890391e-05	0	7.42054451956e-06	2.22616335587e-05	7.42054451956e-06	0.00148039863165	0	0	7.42054451956e-06	3.71027225978e-06	3.71027225978e-06	0	0.00217792981649	1.11308167793e-05	0	1.48410890391e-05	0	0.00108710977212	0.00204436001514	4.08129948576e-05	0.0019738648422	0	2.96821780782e-05	4.82335393771e-05	0.000972091332062	3.71027225978e-06	0	0	0	0	7.42054451956e-06	0.000909016703646	0.000248588241405	0.00244506941919	0.00114276385601	0.000356186136939	0.00015954170717	8.53362619749e-05	0.000144700618131	8.90465342347e-05	2.96821780782e-05	2.22616335587e-05	0	3.71027225978e-06	3.71027225978e-06
3.71027225978e-06	0.0108154436373	0.00105000704952	0	3.71027225978e-06	3.71027225978e-06	2.22616335587e-05	5.19438116369e-05	1.48410890391e-05	0.00911242867002	3.71027225978e-05	1.48410890391e-05	7.42054451956e-06	0.000371027225978	2.22616335587e-05	3.71027225978e-06	0.0199983674802	5.93643561565e-05	1.48410890391e-05	3.3392450338e-05	0	0.00216679899971	0.0496471531081	0.00865606518206	0.0104592575003	0.00112421249471	0.000185513612989	0.0210595053465	0.000441522398914	0.00015954170717	1.48410890391e-05	0	1.11308167793e-05	0.000115018440053	0.000512017571849	0	0.000430391582134	0	0	0.000103887623274	0	0	7.42054451956e-06	0	0.00753185268735	2.96821780782e-05	0	3.71027225978e-06	3.71027225978e-06	0	3.71027225978e-06	0.0146852576042	2.22616335587e-05	0	3.3392450338e-05	4.45232671173e-05	0.00140990345872	0.018696061917	0.00582883772011	0.00799934699208	4.82335393771e-05	0.000115018440053	0.00425197200971	0.0029793486246	0	0	0	0	0	3.71027225978e-06	0.00084223180297	0.000126149256832	0.000278270419483	0.000129859529092	6.30746284162e-05	4.08129948576e-05	1.48410890391e-05	0.00185513612989	0.000133569801352	4.08129948576e-05	4.08129948576e-05	1.11308167793e-05	1.48410890391e-05	0
0.000315373142081	0.00138022128064	0.0177499424908	0	3.71027225978e-06	2.59719058184e-05	0.000218906063327	0.00654863053851	0.0010054837824	6.6784900676e-05	5.56540838967e-05	0.000897885886866	0.000107597895534	0.000471204576992	0.00213340654937	2.96821780782e-05	0.00464155059698	0.0166071786348	0.000434101854394	0.00367687980944	1.11308167793e-05	0.0195679758981	0.00865606518206	0.0784351555717	0.00117986657861	0.00050459702733	0.00794369290819	0.0103145568822	0.00760234786029	0.00149152944843	0.0155868537633	0	7.04951729358e-05	0.000942409153984	0.00782867446813	1.48410890391e-05	0.000111308167793	0.000115018440053	0	2.59719058184e-05	0	0	0.000226326607846	0	0.00161767870526	2.96821780782e-05	1.48410890391e-05	3.71027225978e-06	3.3392450338e-05	1.48410890391e-05	0	0.00713485355555	7.79157174553e-05	3.71027225978e-06	0.000115018440053	1.85513612989e-05	0.00176608959565	0.00800305726434	0.00703096593228	0.00359154354747	5.19438116369e-05	0.000300532053042	0.00197757511446	0.00158799652719	3.71027225978e-06	1.48410890391e-05	3.71027225978e-06	0	0	5.56540838967e-05	0.00848539265811	0.00170301496724	0.0148893225785	0.00786206691847	0.00334666557832	0.000363606681458	0.000281980691743	0.0023337612514	0.00050088675507	0.000782867446813	0.000645587373201	3.71027225978e-06	3.71027225978e-06	3.71027225978e-06
0.000181803340729	0.00235973315722	0.000704951729358	0	0.0086523549098	1.85513612989e-05	0.0010054837824	0.00179206150147	0.000656718189981	0.015954170717	0.000482335393771	0.000938698881724	0.00434843908846	0.000270849874964	0.00154347326007	0.00128004392962	0.0180022410044	0.00067526955128	0.000593643561565	0.000983222148841	0.00443006507818	0.000960960515283	0.0104592575003	0.00117986657861	0.0669592834722	5.56540838967e-05	0.00149894999295	0.00243764887467	0.0272927627429	0.00625922930225	0.00476398958156	0	0.000326503958861	0.0040775892135	0.0110751626954	7.42054451956e-06	0.000263429330444	0	0	0.00616647249575	0	6.30746284162e-05	0.00016696225169	7.42054451956e-05	0.0231298372675	0.000589933289305	6.30746284162e-05	0.00178835122921	7.42054451956e-06	1.85513612989e-05	2.22616335587e-05	0.000115018440053	5.19438116369e-05	0.000115018440053	0.0003413450479	0.00386610369469	0.000126149256832	0.00015954170717	0.000263429330444	0.0169188415046	7.79157174553e-05	0.000578802472525	0.000434101854394	0.00555427757289	5.93643561565e-05	7.42054451956e-06	3.71027225978e-06	0	1.11308167793e-05	4.08129948576e-05	0.0062814909358	0.00116131521731	0.00712001246651	0.00572495009684	0.00332440394476	0.000608484650604	0.000474914849252	0.00495692373906	0.00135795964708	0.00049717648281	0.00033763477564	0.00015954170717	9.64670787542e-05	0
0	0.00335408612284	3.71027225978e-06	0	0	3.71027225978e-06	0	0	0	0.000782867446813	0	0.000326503958861	3.71027225978e-06	0.010611378663	0	0	0.000148410890391	3.71027225978e-06	5.93643561565e-05	3.71027225978e-06	0	3.3392450338e-05	0.00112421249471	0.00050459702733	5.56540838967e-05	0.0196347607987	0.00664880788952	0.00923115738233	3.3392450338e-05	3.71027225978e-06	0	0.00099806323788	3.71027225978e-06	0	2.59719058184e-05	6.6784900676e-05	0.00286433018455	0	0	7.42054451956e-05	0	2.96821780782e-05	7.42054451956e-06	1.48410890391e-05	4.45232671173e-05	0.000526858660889	0.00408872003028	0.000270849874964	0.00569897819102	1.85513612989e-05	0	3.71027225978e-06	3.71027225978e-06	8.16259897151e-05	2.59719058184e-05	0.000111308167793	1.48410890391e-05	0.000115018440053	7.42054451956e-05	5.56540838967e-05	0.00671930306246	0.00455992460727	0.00432988772716	9.64670787542e-05	0.000267139602704	0	0.000749474996475	0	0	0.000871913981048	0	5.19438116369e-05	4.45232671173e-05	0	0	0	0.000237457424626	0.000374737498238	0.00307581570336	0.000894175614607	0.000181803340729	0	0	0.000860783164269
0.0003413450479	0.00851878510845	0.0123032628134	0	9.64670787542e-05	0	0.000100177351014	0.00502370863974	0.000660428462241	0.00016696225169	0.000589933289305	0.00644103264298	3.71027225978e-05	0.00486045666031	0.00268994738834	1.11308167793e-05	0.00120954875669	0.0171006448453	0.00736489043566	0.0178983533812	2.22616335587e-05	0.00125407202381	0.000185513612989	0.00794369290819	0.00149894999295	0.00664880788952	0.097049591499	0.0419112354465	0.00269736793286	0.0036620387204	0.00421857955937	0.00345797374611	5.93643561565e-05	0.00112792276697	0.0112087324968	5.93643561565e-05	0.0142140530272	2.22616335587e-05	0	0.00016325197943	0	1.11308167793e-05	5.19438116369e-05	1.48410890391e-05	0.000619615467383	0.000563961383486	0.00202209838158	0.0003413450479	0.00319083414341	7.42054451956e-06	3.71027225978e-06	0.00033392450338	0.00298305889686	0.000367316953718	0.00312404924273	0.000126149256832	0.000434101854394	0.000515727844109	0.000441522398914	0.000712372273877	0.00372882362108	0.0164216650218	0.0201504886429	0.000378447770497	0.000293111508522	0	0.000352475864679	0	0	0.000883044797827	0.0114499001937	0.00822196332767	0.00949087644051	0.00150637053747	3.71027225978e-05	0.000148410890391	0.000107597895534	0.00250443377535	0.00264913439348	0.00103516596048	0.000367316953718	1.48410890391e-05	2.96821780782e-05	3.71027225978e-06
7.42054451956e-05	0.0298083273351	0.014796565772	0	3.71027225978e-06	3.71027225978e-06	6.30746284162e-05	0.00103887623274	0.000263429330444	0.00319454441567	3.3392450338e-05	0.000408129948576	8.16259897151e-05	0.00359525381973	0.00033763477564	2.22616335587e-05	0.00706806865488	0.00689368585867	0.000723503090657	0.00166220197238	7.42054451956e-06	0.000645587373201	0.0210595053465	0.0103145568822	0.00243764887467	0.00923115738233	0.0419112354465	0.106718561008	0.00143587536453	0.000920147520425	0.00109824058889	0.00179948204599	1.85513612989e-05	0.000222616335587	0.00234860234044	4.82335393771e-05	0.0216049153687	0.00050459702733	0	0.000137280073612	0	1.11308167793e-05	7.42054451956e-05	1.48410890391e-05	0.000541699749928	0.000519438116369	0.00107597895534	0.000304242325302	0.00232263043462	7.42054451956e-06	3.71027225978e-06	0.00514614762431	0.00268623711608	9.27568064945e-05	0.0022781071675	0.000126149256832	0.000185513612989	0.0110788729677	0.00596611779372	0.000541699749928	0.00371027225978	0.010711556014	0.0301459621107	0.000345055320159	0.000259719058184	3.71027225978e-06	0.000267139602704	0	0	0.000827390713931	0.00927197037719	0.00200354702028	0.00438554181106	0.00145442672583	0.000697531184838	0.00016696225169	8.16259897151e-05	0.00310549788143	0.00135424937482	0.00128375420188	0.000578802472525	1.48410890391e-05	2.59719058184e-05	1.48410890391e-05
0.000244877969145	0.000129859529092	0.00332811421702	0	0.0043447288162	1.48410890391e-05	0.00207775246548	0.0248996371354	0.00517954007465	0.00336521693962	0.00904193349708	0.00253411595343	0.000274560147224	0.00049717648281	0.00482706420997	8.90465342347e-05	0.0083295612232	0.00175124850662	0.00199983674802	0.0017252766008	0.000871913981048	0.0083666639458	0.000441522398914	0.00760234786029	0.0272927627429	3.3392450338e-05	0.00269736793286	0.00143587536453	0.0784203144827	0.0153234244329	0.0134386061249	1.85513612989e-05	0.000957250243023	0.00900483077448	0.0191598459495	1.85513612989e-05	7.79157174553e-05	7.42054451956e-06	0	0.00516840925787	0	0.000326503958861	0.000192934157508	0.000307952597562	0.0144329590905	0.00178835122921	0.000100177351014	0.00163623006656	7.42054451956e-06	3.71027225978e-05	4.08129948576e-05	0.00033392450338	6.30746284162e-05	0.000137280073612	0.00050459702733	0.00481222312093	0.0003413450479	6.30746284162e-05	0.000367316953718	0.0123700477141	3.71027225978e-05	0.000734633907436	0.000404419676316	0.00503112918426	0.000126149256832	7.42054451956e-06	3.71027225978e-06	0	1.11308167793e-05	0.000115018440053	0.0063927991036	0.00230036880106	0.0123143936302	0.00712372273877	0.00102032487144	0.00139135209742	0.000512017571849	0.00427794391552	0.00178835122921	0.000916437248165	0.000660428462241	0.000545410022187	0.00016325197943	1.48410890391e-05
0.00581399663107	5.19438116369e-05	0.000704951729358	0	0.00185884640215	1.48410890391e-05	0.00384755233339	0.0155089380459	0.00846684129681	0.000537989477668	0.00552830566707	0.0104629677726	0.0036620387204	0.00339118884544	0.0225473245227	0.00114276385601	0.00033021423112	0.000708662001618	0.00433730827168	0.00257121867603	0.00454137324597	0.00270107820512	0.00015954170717	0.00149152944843	0.00625922930225	3.71027225978e-06	0.0036620387204	0.000920147520425	0.0153234244329	0.0686994011621	0.0144774823577	3.3392450338e-05	0.00263429330444	0.0214416633893	0.0381119166524	3.71027225978e-06	3.3392450338e-05	0	0	0.00110566113341	0	0.00015954170717	0.000122438984573	0.000107597895534	0.00388465505599	0.000244877969145	5.19438116369e-05	0.000185513612989	3.71027225978e-06	2.96821780782e-05	2.59719058184e-05	0	3.71027225978e-05	6.30746284162e-05	0.00016325197943	0.000185513612989	1.11308167793e-05	0	5.19438116369e-05	0.00714227410007	1.11308167793e-05	0.000281980691743	0.000211485518807	0.00292369454071	0.000103887623274	0	0	0	0	0.000111308167793	0.00716453573363	0.00238570506304	0.0185921742937	0.00450798079563	0.000437812126654	0.00351362783001	0.000218906063327	0.00154347326007	0.000742054451956	0.000630746284162	0.000430391582134	0.000474914849252	4.82335393771e-05	7.42054451956e-06
0.0039477296844	3.71027225978e-06	0.00407016866898	0	0	0	0.000185513612989	0.0160951610629	0.00364719763136	7.42054451956e-06	1.11308167793e-05	0.000742054451956	3.71027225978e-06	0.000115018440053	0.0108525463599	0	0.00109453031663	0.0077581792952	0.000563961383486	0.00151008080973	0	0.0186849311002	1.48410890391e-05	0.0155868537633	0.00476398958156	0	0.00421857955937	0.00109824058889	0.0134386061249	0.0144774823577	0.0559249337716	0	6.30746284162e-05	0.00569897819102	0.011097424329	0	3.71027225978e-06	0	0	0.000270849874964	0	2.22616335587e-05	4.82335393771e-05	2.22616335587e-05	0.00083481125845	0	0	2.22616335587e-05	0	0	0	1.11308167793e-05	1.11308167793e-05	3.71027225978e-06	1.85513612989e-05	3.71027225978e-06	3.3392450338e-05	0	1.11308167793e-05	0.00137280073612	0	2.96821780782e-05	1.48410890391e-05	0.00066784900676	3.71027225978e-06	0	0	0	0	7.42054451956e-06	9.27568064945e-05	0.000122438984573	0.00647813536557	0.000578802472525	5.93643561565e-05	0.000196644429768	6.6784900676e-05	0.000103887623274	4.08129948576e-05	3.3392450338e-05	7.42054451956e-06	1.85513612989e-05	1.48410890391e-05	0
0	3.71027225978e-06	0	0	0	0	0	2.59719058184e-05	0	0	7.42054451956e-06	0.000786577719073	0	0.00293482535748	3.71027225978e-06	0	0	0	0.000107597895534	3.71027225978e-06	0	0	0	0	0	0.00099806323788	0.00345797374611	0.00179948204599	1.85513612989e-05	3.3392450338e-05	0	0.00409243030254	0	3.71027225978e-06	4.45232671173e-05	0	1.11308167793e-05	0	0	0	0	0	0	0	7.42054451956e-06	0	0.000946119426243	0	0.00163623006656	0	0	0	0	7.42054451956e-06	0	0	0	7.42054451956e-06	0	7.42054451956e-06	0.000215195791067	0.00138022128064	2.22616335587e-05	0	0	0	0.000144700618131	0	0	3.71027225978e-06	7.42054451956e-06	0.000278270419483	5.93643561565e-05	3.71027225978e-06	0	0	1.11308167793e-05	3.71027225978e-06	0.000753185268735	7.42054451956e-06	0	0	0	7.42054451956e-06
3.71027225978e-06	0	1.11308167793e-05	0	0.000196644429768	0.00198499565898	0.00429278500456	0.000653007917721	0.00283464800647	1.85513612989e-05	0.00118357685087	0.00067155927902	0.000641877100942	0.000422971037615	0.00557282893419	0.000630746284162	3.71027225978e-05	7.42054451956e-06	2.22616335587e-05	4.82335393771e-05	0.000615905195123	4.82335393771e-05	1.11308167793e-05	7.04951729358e-05	0.000326503958861	3.71027225978e-06	5.93643561565e-05	1.85513612989e-05	0.000957250243023	0.00263429330444	6.30746284162e-05	0	0.00992497829491	4.45232671173e-05	0.00280125555613	3.71027225978e-06	0	0	0	0	0	1.11308167793e-05	1.11308167793e-05	1.11308167793e-05	3.71027225978e-05	0	3.71027225978e-06	1.11308167793e-05	0	3.71027225978e-06	3.71027225978e-06	0	0	0	7.42054451956e-06	0	0	0	1.85513612989e-05	0.000222616335587	0	1.11308167793e-05	2.22616335587e-05	0.000140990345872	3.71027225978e-06	0	0	0	0	3.71027225978e-06	0.00119470766765	0.000259719058184	0.00147668835939	0.000560251111227	0.000452653215693	0.00173640741758	8.53362619749e-05	0.00016696225169	4.82335393771e-05	4.82335393771e-05	3.3392450338e-05	4.82335393771e-05	0	3.71027225978e-06
0.00015954170717	1.11308167793e-05	0.000319083414341	0	5.19438116369e-05	0	0.000137280073612	0.00811436543214	0.00201838810932	0.000749474996475	0.000248588241405	0.00278641446709	3.71027225978e-06	7.04951729358e-05	0.00241909751338	1.11308167793e-05	4.45232671173e-05	0.000181803340729	0.00267881657156	0.00207404219322	0	0.00253782622569	0.000115018440053	0.000942409153984	0.0040775892135	0	0.00112792276697	0.000222616335587	0.00900483077448	0.0214416633893	0.00569897819102	3.71027225978e-06	4.45232671173e-05	0.0240907977827	0.0169596544994	0	7.42054451956e-06	0	0	0.000719792818397	0	0	3.71027225978e-06	0	0.00326503958861	8.90465342347e-05	3.71027225978e-06	1.11308167793e-05	0	0	0	0	1.48410890391e-05	0	1.85513612989e-05	7.79157174553e-05	0	0	0	0.00419631792581	0	1.85513612989e-05	2.22616335587e-05	0.000931278337204	3.71027225978e-06	0	0	0	0	3.71027225978e-06	0.000975801604322	0.000400709404056	0.00951313807407	0.0033021423112	2.96821780782e-05	0.000949829698503	0.000140990345872	7.79157174553e-05	7.42054451956e-06	1.85513612989e-05	7.42054451956e-06	0	3.71027225978e-06	0
0.000946119426243	0.000103887623274	0.00298676916912	0	0.000938698881724	0.000827390713931	0.00287175072907	0.0118023760584	0.00384384206113	0.00116131521731	0.00296821780782	0.0182285676123	0.00138764182516	0.00493837237777	0.0100511275517	0.000734633907436	0.00303129243624	0.00870058844918	0.00559509056775	0.0141435578543	0.0014210342755	0.00370656198752	0.000512017571849	0.00782867446813	0.0110751626954	2.59719058184e-05	0.0112087324968	0.00234860234044	0.0191598459495	0.0381119166524	0.011097424329	4.45232671173e-05	0.00280125555613	0.0169596544994	0.0782719035923	0	8.90465342347e-05	1.48410890391e-05	0	0.000949829698503	0	0.000181803340729	0.00015954170717	0.000129859529092	0.00419260765355	0.000211485518807	5.56540838967e-05	0.000189223885249	1.11308167793e-05	2.59719058184e-05	2.96821780782e-05	2.59719058184e-05	7.42054451956e-05	7.79157174553e-05	0.000241167696886	0.000148410890391	0.000118728712313	2.96821780782e-05	0.000248588241405	0.00722018981753	1.11308167793e-05	0.000753185268735	0.00067155927902	0.00285690964003	9.64670787542e-05	0	0	0	0	0.000140990345872	0.0111308167793	0.00289030209037	0.0405718271607	0.011683647346	0.000912726975905	0.00452282188467	0.000845942075229	0.00194789293638	0.000864493436528	0.000738344179696	0.000474914849252	0.000460073760213	3.71027225978e-05	1.11308167793e-05
