0.0232336331627	0	0.000165873739925	0	3.76985772557e-06	0	0.000165873739925	0.00649546486116	0.00469724272606	0.000113095731767	0.000452382927068	0.000294048902594	1.88492886278e-05	9.42464431392e-05	0.0149625653128	7.53971545114e-06	3.76985772557e-06	0.00142877607799	6.03177236091e-05	0.000184723028553	1.88492886278e-05	0.000150794309023	0	0.00177560298874	0.000848217988253	3.01588618046e-05	0.000131945020395	0.000173413455376	0.000829368699625	0.0148306202924	0.0128966832792	0	0	0.000245040752162	0.00274445642421	0	0	0	0	7.53971545114e-06	0	0	1.50794309023e-05	7.53971545114e-06	0.000109325874042	7.53971545114e-06	7.53971545114e-06	7.53971545114e-06	7.53971545114e-06	3.76985772557e-06	0	0	7.53971545114e-06	0	0	7.53971545114e-06	0	0	3.76985772557e-06	7.53971545114e-05	0	0	0	0.000150794309023	7.53971545114e-06	3.76985772557e-06	0	0	0	7.53971545114e-06	0.000655955244249	0.000294048902594	0.00176052355784	0.000180953170827	7.53971545114e-06	3.76985772557e-06	3.76985772557e-05	1.13095731767e-05	0	2.6389004079e-05	1.88492886278e-05	0	7.53971545114e-06	0
0	0.0240630018623	0.000795439980095	0	0	0	3.76985772557e-06	0	0	0.00283493300963	0	1.13095731767e-05	7.53971545114e-06	0.000565478658835	0	7.53971545114e-06	6.03177236091e-05	0.000806749553272	0	0.000165873739925	7.53971545114e-06	3.76985772557e-06	0.00503652992136	3.39287195301e-05	0.00199802459455	0.00224683520444	0.00658217158884	0.0174506714117	1.88492886278e-05	7.53971545114e-06	0	0	0	0	0.000165873739925	0	0.0150228830364	0.000851987845979	0	8.29368699625e-05	0	0	0	0	0.000278969471692	0	7.53971545114e-06	3.76985772557e-06	0.000836908415076	0	3.76985772557e-05	0	0.000113095731767	1.50794309023e-05	0	3.76985772557e-06	3.76985772557e-06	0.000761511260565	4.90081504324e-05	0.000192262744004	0.00204326288726	0.00237501036711	0.0135564083811	7.53971545114e-06	0	0	3.76985772557e-06	0	0	3.76985772557e-06	0.000542859512482	0.000278969471692	4.14684349813e-05	7.53971545114e-06	7.53971545114e-06	0	0	0.000339287195301	8.67067276881e-05	2.26191463534e-05	1.50794309023e-05	3.76985772557e-06	3.76985772557e-06	2.26191463534e-05
0.000165873739925	0.000795439980095	0.0372348847554	0	3.39287195301e-05	0	1.50794309023e-05	0.000180953170827	5.2778008158e-05	3.76985772557e-05	5.2778008158e-05	0.000226191463534	7.9167012237e-05	3.76985772557e-06	0.000214881890357	0	0.000139484735846	0.00884785608191	8.29368699625e-05	0.00049385136205	0.000120635447218	0.00022996132126	0.00210358061087	0.0109438969773	0.000131945020395	3.76985772557e-06	0.00283870286735	0.0200631828155	0.000275199613967	0.000373215914831	0.000497621219775	0	0	2.26191463534e-05	0.000640875813347	0	0.00164365796835	0.00395835061185	0	6.78574390602e-05	0	2.6389004079e-05	4.52382927068e-05	6.40875813347e-05	8.67067276881e-05	3.01588618046e-05	0.00010178615859	6.40875813347e-05	0.000131945020395	4.14684349813e-05	3.76985772557e-06	0.000188492886278	0.00373215914831	2.26191463534e-05	7.53971545114e-06	7.9167012237e-05	0.000162103882199	0.00349842796933	0.00470101258379	0.000199802459455	0	0.00186607957416	0.00233354193213	0.000414684349813	0.000154564166748	2.6389004079e-05	1.13095731767e-05	3.01588618046e-05	0	0.000286509187143	0.0059262163446	0.00245040752162	0.00118750518355	0.000580558089738	7.53971545114e-06	3.76985772557e-05	0	0.00293671916822	0.000531549939305	0.000425993922989	0.000678574390602	0.000109325874042	0.00013571487812	0
0	0	0	0	0	0	0	0	0	0	0	0	0	0	0	0	0	0	0	0	0	0	0	0	0	0	0	0	0	0	0	0	0	0	0	0	0	0	0	0	0	0	0	0	0	0	0	0	0	0	0	0	0	0	0	0	0	0	0	0	0	0	0	0	0	0	0	0	0	0	0	0	0	0	0	0	0	0	0	0	0	0	0	0
3.76985772557e-06	0	3.39287195301e-05	0	0.0188078201929	0	0.000282739329418	0.000267659898515	6.03177236091e-05	0.00150040337478	0.00106309987861	0.000531549939305	0.0054851429907	2.26191463534e-05	6.78574390602e-05	0.000376985772557	0	7.53971545114e-06	0.000128175162669	0.000165873739925	0.00781868492283	0	1.13095731767e-05	1.13095731767e-05	0.00876868906967	0	0.000165873739925	4.14684349813e-05	0.00383017544918	0.000282739329418	7.53971545114e-06	3.76985772557e-06	0	3.76985772557e-06	0.00114226689085	0	3.76985772557e-06	7.53971545114e-06	0	0.00614109823495	7.53971545114e-06	0.000324207764399	0	0.000226191463534	0.00119504489901	0.00120635447218	0.000256350325339	0.00271052770468	0.000192262744004	0.000150794309023	1.50794309023e-05	0	7.53971545114e-06	2.26191463534e-05	1.88492886278e-05	0.00461053599837	0	1.50794309023e-05	3.01588618046e-05	0.00291410002187	0	4.90081504324e-05	1.13095731767e-05	0.000320437906673	0.000245040752162	0	7.9167012237e-05	0.000124405304944	0	0.000652185386524	0.000546629370208	0.00022996132126	0.000934924715941	1.13095731767e-05	0.000275199613967	0	1.13095731767e-05	0.000312898191222	4.52382927068e-05	0.000486311646598	7.53971545114e-06	7.53971545114e-05	0.000131945020395	0
0	0	0	0	0	0.00422601051036	0.00186607957416	0	0.000633336097896	0	3.76985772557e-06	3.76985772557e-06	1.50794309023e-05	3.76985772557e-06	3.76985772557e-06	0.00142500622027	0	0	0	0	0	0	0	0	0	0	0	0	3.76985772557e-06	1.13095731767e-05	0	0	0.000987702724099	0	0.000128175162669	0	0	0	0	0	0	0	0	0	0	0	0	0	0	0	0	0	0	0	0	0	0	0	0	0	0	0	0	0	0	0	0	0	0	0	7.53971545114e-06	0	1.13095731767e-05	0	0.00165873739925	0.00108948888269	0	0	0	0	0	0	0	0
0.000165873739925	3.76985772557e-06	1.50794309023e-05	0	0.000282739329418	0.00186607957416	0.0355195994903	0.0065897113043	0.0143631579344	0.000444843211617	0.013929624296	0.000976393150922	0.00929269929353	0.000441073353892	0.0039809697582	0.00504029977909	1.13095731767e-05	3.76985772557e-05	0.00013571487812	7.53971545114e-05	0.000784130406918	3.76985772557e-06	3.76985772557e-06	0.000237501036711	0.000573018374287	3.39287195301e-05	0.000105556016316	7.9167012237e-05	0.00229207349715	0.00255973339566	0.000162103882199	0	0.000395835061185	0.000124405304944	0.00404505733954	0	3.76985772557e-06	3.76985772557e-06	0	8.29368699625e-05	0	7.53971545114e-06	1.13095731767e-05	7.53971545114e-06	0.000147024451297	2.26191463534e-05	4.14684349813e-05	8.67067276881e-05	4.52382927068e-05	0	3.76985772557e-06	0	7.53971545114e-06	0	0	9.04765854137e-05	0	0	3.76985772557e-06	0.000120635447218	0	1.88492886278e-05	0	9.80163008648e-05	6.03177236091e-05	0	1.13095731767e-05	0	0	8.29368699625e-05	0.00193016715549	0.000524010223854	0.00386787402643	0.000305358475771	0.00324207764399	0.000716272967858	0.000192262744004	1.13095731767e-05	0	1.50794309023e-05	1.13095731767e-05	4.90081504324e-05	0	0
0.00649546486116	0	0.000180953170827	0	0.000267659898515	0	0.0065897113043	0.0670959277997	0.0143970866539	0.00102917115908	0.0192979016972	0.00201687388318	0.000524010223854	0.000105556016316	0.0237086352361	0.000339287195301	6.03177236091e-05	0.000403374776636	0.000459922642519	0.00191885758231	0.000870837134607	0.00424862965672	0	0.00214504904585	0.0034946581116	0	0.000410914492087	0.000188492886278	0.0264116232253	0.0183177386885	0.00866313305336	0	2.6389004079e-05	0.00326092693262	0.00639744856029	0	0	7.53971545114e-06	0	0.00103671087453	0	0	0.000109325874042	7.53971545114e-06	0.0021525887613	2.26191463534e-05	1.88492886278e-05	1.50794309023e-05	1.50794309023e-05	1.88492886278e-05	0	0	1.13095731767e-05	3.76985772557e-06	3.76985772557e-06	2.6389004079e-05	0	0	7.53971545114e-06	0.00319683935128	0	0	0	0.000916075427313	4.52382927068e-05	0	7.53971545114e-06	0	0	7.53971545114e-05	0.00447105126253	0.000388295345734	0.00476133030739	0.00043353363844	4.14684349813e-05	6.03177236091e-05	2.6389004079e-05	0	0	2.26191463534e-05	3.76985772557e-06	1.88492886278e-05	0	0
0.00469724272606	0	5.2778008158e-05	0	6.03177236091e-05	0.000633336097896	0.0143631579344	0.0143970866539	0.0427388770348	0.000294048902594	0.00790162179279	0.00036567619938	0.00135337892348	0.000192262744004	0.0223288673085	0.00139484735846	6.78574390602e-05	0.0006634949597	4.14684349813e-05	0.000113095731767	0.000241270894436	0.00127044205352	1.50794309023e-05	0.00106309987861	0.00133829949258	6.40875813347e-05	3.76985772557e-05	0.000143254593572	0.00349088825388	0.00738515128439	0.00295556845685	0	5.65478658835e-05	0.00102540130135	0.00255973339566	0	0	1.88492886278e-05	0	1.13095731767e-05	0	0	2.6389004079e-05	0.000150794309023	0.000388295345734	3.76985772557e-06	0	1.88492886278e-05	0	0.000173413455376	3.76985772557e-06	0	1.50794309023e-05	0	0	1.88492886278e-05	0	0	1.50794309023e-05	0.000207342174906	0	0	0	0.000312898191222	0.000165873739925	0	0	5.65478658835e-05	0	0.000203572317181	0.00146270479752	0.000154564166748	0.00213373947267	0.0012968310576	0.00115734632175	0.00172282498059	5.65478658835e-05	0.000211112032632	0	0.000290279044869	3.01588618046e-05	3.01588618046e-05	0.000109325874042	4.14684349813e-05
0.000113095731767	0.00283493300963	3.76985772557e-05	0	0.00150040337478	0	0.000444843211617	0.00102917115908	0.000294048902594	0.0329862550987	0.00115734632175	6.78574390602e-05	0.0015192526634	4.90081504324e-05	0.000350596768478	0.00218651748083	0.00111587788677	0	0.000184723028553	0.000395835061185	0.000414684349813	3.39287195301e-05	0.00428632823397	0.000124405304944	0.0200179445228	0.000452382927068	0.000444843211617	0.00173413455376	0.00765281118291	0.00117242575265	0.000245040752162	0	0	0.000301588618046	0.00163234839517	0	7.16272967858e-05	0	0	0.00401866833546	3.76985772557e-05	8.29368699625e-05	0.000361906341655	0.000124405304944	0.0150945103332	0.000290279044869	0.000177183313102	0.00193016715549	0.000184723028553	5.2778008158e-05	0.000241270894436	5.2778008158e-05	0	0	0	0.0021676681922	0.000120635447218	7.53971545114e-06	4.52382927068e-05	0.0108194916724	1.88492886278e-05	4.14684349813e-05	6.03177236091e-05	0.00933416772851	0.000180953170827	3.01588618046e-05	2.26191463534e-05	0	0	0.000376985772557	0.00125913248034	0.000120635447218	0.000983932866374	9.04765854137e-05	0.00199425473683	1.88492886278e-05	3.76985772557e-06	4.90081504324e-05	3.76985772557e-06	0.000169643597651	8.67067276881e-05	0.000147024451297	7.53971545114e-05	0
0.000452382927068	0	5.2778008158e-05	0	0.00106309987861	3.76985772557e-06	0.013929624296	0.0192979016972	0.00790162179279	0.00115734632175	0.0449781725238	0.00389426303051	0.00947742232208	0.000286509187143	0.00763396189428	0.000614486809268	7.53971545114e-06	3.39287195301e-05	0.0013571487812	0.00200933416773	0.00758872360157	4.52382927068e-05	3.76985772557e-06	4.52382927068e-05	0.000863297419155	7.53971545114e-06	0.001002782155	0.000124405304944	0.00662740988155	0.0128891435637	4.90081504324e-05	3.76985772557e-06	7.53971545114e-06	0.000305358475771	0.00997881339958	0	0	0	0	0.000671034675151	0	1.13095731767e-05	1.13095731767e-05	1.50794309023e-05	0.000143254593572	7.16272967858e-05	8.29368699625e-05	7.9167012237e-05	7.9167012237e-05	1.88492886278e-05	0	0	0	0	0	0.000180953170827	3.76985772557e-06	3.76985772557e-06	3.76985772557e-06	0.00134583920803	0	0	3.76985772557e-06	0.000376985772557	8.29368699625e-05	0	3.01588618046e-05	0	0	0.000147024451297	0.00185100014325	0.000358136483929	0.00701947508501	0.000199802459455	0.000120635447218	3.39287195301e-05	8.67067276881e-05	7.53971545114e-06	0	5.2778008158e-05	7.53971545114e-06	6.03177236091e-05	3.76985772557e-06	0
0.000294048902594	1.13095731767e-05	0.000226191463534	0	0.000531549939305	3.76985772557e-06	0.000976393150922	0.00201687388318	0.00036567619938	6.78574390602e-05	0.00389426303051	0.0259969388755	0.00408652577452	0.00384148502236	0.00160972924882	3.76985772557e-06	1.13095731767e-05	0.000320437906673	0.00416946264448	0.00665756874336	0.00329485565215	1.88492886278e-05	3.76985772557e-06	0.000305358475771	0.000444843211617	0.00155318138293	0.00558692914929	0.000463692500245	0.000818059126449	0.00657086201567	0.000252580467613	0.000203572317181	9.04765854137e-05	1.50794309023e-05	0.0131228747427	0	6.40875813347e-05	1.50794309023e-05	0	0	0	3.76985772557e-06	3.76985772557e-06	3.76985772557e-06	5.65478658835e-05	3.76985772557e-06	4.52382927068e-05	3.76985772557e-06	0.000392065203459	0	0	0	0	3.76985772557e-06	0	0	0	3.76985772557e-06	7.53971545114e-06	8.29368699625e-05	0.000184723028553	0.000904765854137	0.000275199613967	6.03177236091e-05	1.13095731767e-05	0	1.13095731767e-05	0	0	2.26191463534e-05	0.00173413455376	0.00477263988057	0.012651642527	0.000358136483929	1.13095731767e-05	3.01588618046e-05	0.00146270479752	6.40875813347e-05	0.000188492886278	3.76985772557e-06	7.53971545114e-06	7.53971545114e-06	0	1.50794309023e-05
1.88492886278e-05	7.53971545114e-06	7.9167012237e-05	0	0.0054851429907	1.50794309023e-05	0.00929269929353	0.000524010223854	0.00135337892348	0.0015192526634	0.00947742232208	0.00408652577452	0.0390104877442	0.00039960491891	0.00089345628096	0.00341172124164	3.76985772557e-06	2.6389004079e-05	0.00180953170827	0.00228076392397	0.0168437243178	0	1.13095731767e-05	4.90081504324e-05	0.0038339453069	7.53971545114e-06	0.00153433209431	0.000139484735846	0.00191508772459	0.00589228762507	2.26191463534e-05	1.88492886278e-05	0	4.52382927068e-05	0.0106008399243	7.53971545114e-06	7.53971545114e-06	7.53971545114e-06	0	0.000674804532877	0	0.00142123636254	1.13095731767e-05	0.000512700650677	0.000746431829663	0.000546629370208	0.000418454207538	0.00469724272606	0.00036567619938	0.00059563752064	2.6389004079e-05	0	7.53971545114e-06	1.88492886278e-05	1.88492886278e-05	0.00320060920901	3.76985772557e-06	7.53971545114e-06	1.13095731767e-05	0.000245040752162	0	7.53971545114e-06	1.88492886278e-05	0.000169643597651	0.000569248516561	0	7.53971545114e-05	1.13095731767e-05	0	0.00069742367923	0.00187738914733	0.000701193536956	0.00924746100082	0.00010178615859	0.00153056223658	0	0.000116865589493	6.03177236091e-05	3.76985772557e-06	0.000222421605809	3.39287195301e-05	9.80163008648e-05	0.000109325874042	0
9.42464431392e-05	0.000565478658835	3.76985772557e-06	0	2.26191463534e-05	3.76985772557e-06	0.000441073353892	0.000105556016316	0.000192262744004	4.90081504324e-05	0.000286509187143	0.00384148502236	0.00039960491891	0.0179671419201	0.00033174747985	7.53971545114e-06	0	3.76985772557e-06	1.88492886278e-05	2.6389004079e-05	0.000222421605809	0	6.03177236091e-05	0.000109325874042	3.01588618046e-05	0.012157791165	0.0038037864451	0.00283493300963	3.39287195301e-05	0.00111210802904	0.000154564166748	0.000309128333497	3.39287195301e-05	0	0.00180953170827	0	0.00174167426921	1.13095731767e-05	0	3.76985772557e-06	0	3.76985772557e-06	0	0	3.76985772557e-05	0	0.000531549939305	3.76985772557e-06	0.00653316343841	0	0	0	0	3.76985772557e-05	0	3.76985772557e-06	0	7.9167012237e-05	0	2.26191463534e-05	0.00381132616055	0.00167004697243	0.00402243819318	3.76985772557e-06	0	0	0.00105556016316	0	0	1.13095731767e-05	4.14684349813e-05	0.00323830778626	0.00239008979801	0.000180953170827	0	3.76985772557e-06	0.00199802459455	1.50794309023e-05	0.00319683935128	1.13095731767e-05	0	0	0	0.000784130406918
0.0149625653128	0	0.000214881890357	0	6.78574390602e-05	3.76985772557e-06	0.0039809697582	0.0237086352361	0.0223288673085	0.000350596768478	0.00763396189428	0.00160972924882	0.00089345628096	0.00033174747985	0.0525744358408	0.000162103882199	4.52382927068e-05	0.00159464981792	0.000218651748083	0.000252580467613	0.000799209837821	0.00238631994029	0	0.00361529355882	0.00216389833448	6.78574390602e-05	0.000226191463534	0.000214881890357	0.00550776213706	0.0244701464967	0.0124631496407	0	9.42464431392e-05	0.00186984943188	0.00556807986067	0	0	0	0	1.50794309023e-05	0	3.76985772557e-06	3.76985772557e-05	0.000128175162669	0.000475002073422	1.13095731767e-05	2.26191463534e-05	2.6389004079e-05	2.26191463534e-05	0.000158334024474	0	0	7.53971545114e-06	0	0	1.13095731767e-05	0	0	7.53971545114e-06	0.00026389004079	0	3.76985772557e-06	0	0.000471232215696	0.000162103882199	3.76985772557e-06	7.53971545114e-06	4.52382927068e-05	0	0.000199802459455	0.00161726896427	0.000346826910752	0.00405259705499	0.000938694573667	0.000203572317181	0.000203572317181	9.80163008648e-05	6.40875813347e-05	3.76985772557e-06	0.000282739329418	1.88492886278e-05	5.65478658835e-05	0.00010178615859	7.9167012237e-05
7.53971545114e-06	7.53971545114e-06	0	0	0.000376985772557	0.00142500622027	0.00504029977909	0.000339287195301	0.00139484735846	0.00218651748083	0.000614486809268	3.76985772557e-06	0.00341172124164	7.53971545114e-06	0.000162103882199	0.0110946912864	3.76985772557e-06	3.76985772557e-06	3.76985772557e-06	0	0.000267659898515	0	0	1.88492886278e-05	0.00163988811062	0	0	1.13095731767e-05	0.000761511260565	0.00013571487812	7.53971545114e-06	0	0.000275199613967	4.14684349813e-05	0.00062956624017	0	0	0	0	0.000260120183064	0	0	0	0	0.000686114106054	7.53971545114e-06	1.13095731767e-05	0.000475002073422	1.13095731767e-05	0	3.01588618046e-05	0	0	0	0	0.000437303496166	0	0	0	0.00033174747985	0	0	0	3.76985772557e-05	1.13095731767e-05	0	0	0	0	1.88492886278e-05	0.000241270894436	0	0.000957543862295	5.2778008158e-05	0.00511192707587	7.53971545114e-05	1.50794309023e-05	0	0	0	3.76985772557e-06	2.26191463534e-05	0	0
3.76985772557e-06	6.03177236091e-05	0.000139484735846	0	0	0	1.13095731767e-05	6.03177236091e-05	6.78574390602e-05	0.00111587788677	7.53971545114e-06	1.13095731767e-05	3.76985772557e-06	0	4.52382927068e-05	3.76985772557e-06	0.0269431731646	7.53971545114e-05	3.76985772557e-06	0.000105556016316	0	0.00279346457465	0.0131492637468	0.00969984392789	0.00531549939305	1.13095731767e-05	0.000158334024474	0.00359267441247	0.00397719990048	7.16272967858e-05	6.40875813347e-05	0	0	4.14684349813e-05	4.52382927068e-05	0	3.01588618046e-05	4.52382927068e-05	0	4.14684349813e-05	1.13095731767e-05	0	0	0	0.0021676681922	0	0	0	0	0	2.6389004079e-05	0.007253206264	4.14684349813e-05	0	0	1.88492886278e-05	0.00138353778528	0.0102502431558	0.00720419811356	0.00156826081384	7.53971545114e-06	3.76985772557e-06	0.000738892114212	0.00121012432991	0	0	0	0	0	0	0.00325338721717	0.00103294101681	0.000143254593572	0.000139484735846	0	6.78574390602e-05	0	3.76985772557e-05	5.65478658835e-05	7.53971545114e-06	7.53971545114e-06	1.88492886278e-05	3.76985772557e-06	0
0.00142877607799	0.000806749553272	0.00884785608191	0	7.53971545114e-06	0	3.76985772557e-05	0.000403374776636	0.0006634949597	0	3.39287195301e-05	0.000320437906673	2.6389004079e-05	3.76985772557e-06	0.00159464981792	3.76985772557e-06	7.53971545114e-05	0.0409972027656	3.01588618046e-05	0.004821648031	3.01588618046e-05	0.000444843211617	0.000252580467613	0.00769427961789	8.67067276881e-05	1.50794309023e-05	0.00617502695448	0.00478017959602	0.000343057053027	0.00189246857824	0.00318175992038	0	0	5.2778008158e-05	0.00826352813445	0	0.00254465396476	0.00189623843596	0	1.50794309023e-05	0	3.76985772557e-06	1.13095731767e-05	3.76985772557e-06	3.76985772557e-06	1.13095731767e-05	0	1.50794309023e-05	0	3.76985772557e-06	3.76985772557e-06	1.50794309023e-05	0.00547760327525	0.00010178615859	6.40875813347e-05	1.88492886278e-05	1.88492886278e-05	0.000139484735846	0.00123651333399	7.53971545114e-06	7.53971545114e-06	0.00766035089836	0.00114226689085	3.39287195301e-05	0	3.76985772557e-06	0	0	0	6.40875813347e-05	0.00445974168935	0.00227699406624	0.00651431414978	0.00100655201273	2.26191463534e-05	2.6389004079e-05	0	0.00144008565117	0.00177937284647	0.000309128333497	0.000844448130528	0.000218651748083	1.50794309023e-05	0
6.03177236091e-05	0	8.29368699625e-05	0	0.000128175162669	0	0.00013571487812	0.000459922642519	4.14684349813e-05	0.000184723028553	0.0013571487812	0.00416946264448	0.00180953170827	1.88492886278e-05	0.000218651748083	3.76985772557e-06	3.76985772557e-06	3.01588618046e-05	0.0079770189473	0.00329862550987	0.00159464981792	0	3.76985772557e-06	0.000143254593572	0.000105556016316	0	0.00322322835536	0.000131945020395	0.000203572317181	0.00188492886278	1.50794309023e-05	0	3.76985772557e-06	2.26191463534e-05	0.00353612654658	0	0	0	0	6.03177236091e-05	0	0	0	0	1.88492886278e-05	8.29368699625e-05	6.78574390602e-05	7.16272967858e-05	7.53971545114e-05	1.13095731767e-05	0	0	0	0	0	4.14684349813e-05	0	0	3.76985772557e-06	0.000162103882199	0	2.26191463534e-05	0	0.000147024451297	7.53971545114e-05	0	1.88492886278e-05	0	0	0.000128175162669	0.000787900264644	0.00159087996019	0.0039658903273	0.000192262744004	3.76985772557e-06	2.6389004079e-05	1.13095731767e-05	6.03177236091e-05	0	3.76985772557e-05	3.76985772557e-06	5.2778008158e-05	0	0
0.000184723028553	0.000165873739925	0.00049385136205	0	0.000165873739925	0	7.53971545114e-05	0.00191885758231	0.000113095731767	0.000395835061185	0.00200933416773	0.00665756874336	0.00228076392397	2.6389004079e-05	0.000252580467613	0	0.000105556016316	0.004821648031	0.00329862550987	0.030124933085	0.00252580467613	8.67067276881e-05	4.14684349813e-05	0.000769050976016	0.000350596768478	1.88492886278e-05	0.0132585896208	0.00173790441149	0.000908535711862	0.00439565410801	0.00026389004079	7.53971545114e-06	0	0.00010178615859	0.0114264387662	0	0.000565478658835	6.40875813347e-05	0	0.000131945020395	0	1.13095731767e-05	3.76985772557e-06	7.53971545114e-06	4.14684349813e-05	0.000147024451297	8.29368699625e-05	0.000131945020395	9.80163008648e-05	1.50794309023e-05	0	0	1.13095731767e-05	3.76985772557e-05	3.76985772557e-06	9.04765854137e-05	0	1.13095731767e-05	2.26191463534e-05	0.000407144634361	0.000286509187143	0.00104425058998	0.000516470508403	0.000309128333497	9.80163008648e-05	0	1.88492886278e-05	0	0	0.000203572317181	0.00701193536956	0.00633713083668	0.0120371557177	0.00069742367923	1.13095731767e-05	3.39287195301e-05	3.76985772557e-06	0.000327977622125	7.53971545114e-06	8.29368699625e-05	4.14684349813e-05	6.78574390602e-05	3.76985772557e-06	0
1.88492886278e-05	7.53971545114e-06	0.000120635447218	0	0.00781868492283	0	0.000784130406918	0.000870837134607	0.000241270894436	0.000414684349813	0.00758872360157	0.00329485565215	0.0168437243178	0.000222421605809	0.000799209837821	0.000267659898515	0	3.01588618046e-05	0.00159464981792	0.00252580467613	0.0267282912743	0	7.53971545114e-06	1.50794309023e-05	0.00394704103867	0	0.00138730764301	0.000184723028553	0.00233731178985	0.0077847562033	2.6389004079e-05	1.88492886278e-05	0	1.13095731767e-05	0.00879884793148	0	7.53971545114e-06	3.76985772557e-06	0	0.00133452963485	0	0.000938694573667	3.76985772557e-06	7.53971545114e-05	0.000158334024474	0.000282739329418	0.000459922642519	0.0016662771147	0.000346826910752	0.000184723028553	0	0	7.53971545114e-06	2.26191463534e-05	2.26191463534e-05	0.00191885758231	7.53971545114e-06	7.53971545114e-06	1.50794309023e-05	0.000388295345734	0	4.14684349813e-05	2.26191463534e-05	0.000173413455376	0.000610716951542	0	0.00013571487812	1.88492886278e-05	0	0.000678574390602	0.00190754800914	0.000659725101975	0.00697800665003	8.29368699625e-05	7.16272967858e-05	3.01588618046e-05	3.76985772557e-05	9.42464431392e-05	1.50794309023e-05	0.000188492886278	3.01588618046e-05	2.26191463534e-05	2.6389004079e-05	0
0.000150794309023	3.76985772557e-06	0.00022996132126	0	0	0	3.76985772557e-06	0.00424862965672	0.00127044205352	3.39287195301e-05	4.52382927068e-05	1.88492886278e-05	0	0	0.00238631994029	0	0.00279346457465	0.000444843211617	0	8.67067276881e-05	0	0.0353914243276	0.000550399227933	0.0141256568977	0.0011648860372	0	3.39287195301e-05	0.000150794309023	0.0119278298437	0.00145139522434	0.0115847727907	0	0	0.00103671087453	0.00328354607897	0	3.76985772557e-06	6.03177236091e-05	0	3.76985772557e-06	0	0	2.26191463534e-05	3.01588618046e-05	0.000486311646598	0	0	0	0	1.50794309023e-05	1.13095731767e-05	0.000648415528798	2.26191463534e-05	0	0	3.76985772557e-06	0.00168512640333	0.000750201687388	0.00152302252113	0.000316668048948	0	7.53971545114e-06	7.53971545114e-06	0.000373215914831	0	1.88492886278e-05	0	0	0	0	0.00680836305238	0.000848217988253	0.00190377815141	0.000557938943384	1.88492886278e-05	0.000131945020395	3.76985772557e-06	5.2778008158e-05	7.53971545114e-06	0.000169643597651	0.000165873739925	3.76985772557e-05	9.42464431392e-05	0
0	0.00503652992136	0.00210358061087	0	1.13095731767e-05	0	3.76985772557e-06	0	1.50794309023e-05	0.00428632823397	3.76985772557e-06	3.76985772557e-06	1.13095731767e-05	6.03177236091e-05	0	0	0.0131492637468	0.000252580467613	3.76985772557e-06	4.14684349813e-05	7.53971545114e-06	0.000550399227933	0.0383658420731	0.00559446886475	0.0104010374648	0.000689883963779	0.000267659898515	0.0172847976717	0.00300080674955	7.53971545114e-06	3.76985772557e-06	0	0	0	1.88492886278e-05	0	0.000904765854137	0.00167381683015	0	6.03177236091e-05	3.76985772557e-06	0	3.76985772557e-06	7.53971545114e-06	0.00311013262359	1.13095731767e-05	7.53971545114e-06	2.6389004079e-05	7.53971545114e-06	7.53971545114e-06	2.26191463534e-05	0.00888178480144	0.000105556016316	1.13095731767e-05	0	2.6389004079e-05	0.00100655201273	0.0192036552541	0.00921353228129	0.00232223235895	4.52382927068e-05	0.00013571487812	0.00639367870257	0.00182084128145	3.76985772557e-06	3.76985772557e-06	0	3.76985772557e-06	0	1.50794309023e-05	0.000343057053027	0.000350596768478	3.01588618046e-05	2.26191463534e-05	0	2.26191463534e-05	0	0.000716272967858	0.000248810609888	3.01588618046e-05	2.6389004079e-05	3.01588618046e-05	1.13095731767e-05	0
0.00177560298874	3.39287195301e-05	0.0109438969773	0	1.13095731767e-05	0	0.000237501036711	0.00214504904585	0.00106309987861	0.000124405304944	4.52382927068e-05	0.000305358475771	4.90081504324e-05	0.000109325874042	0.00361529355882	1.88492886278e-05	0.00969984392789	0.00769427961789	0.000143254593572	0.000769050976016	1.50794309023e-05	0.0141256568977	0.00559446886475	0.0704812600372	0.000640875813347	1.50794309023e-05	0.000693653821505	0.0132623594786	0.00195278630184	0.00224306534671	0.00885916565509	0	7.53971545114e-06	0.00029781876032	0.00510815721815	0	2.6389004079e-05	0.00134960906575	0	1.13095731767e-05	0	0	2.26191463534e-05	1.13095731767e-05	0.000177183313102	3.76985772557e-06	0	1.13095731767e-05	0	1.13095731767e-05	3.76985772557e-06	0.00385656445326	0.000531549939305	7.53971545114e-06	0	1.13095731767e-05	0.00101032187045	0.00986948752554	0.0107139356561	0.000241270894436	0	4.52382927068e-05	0.00173413455376	0.00022996132126	0	4.52382927068e-05	0	7.53971545114e-06	0	0	0.0152189156381	0.00275953585512	0.00601669293001	0.00209604089542	0.000105556016316	0.000173413455376	3.76985772557e-05	0.00125913248034	0.000207342174906	0.000490081504324	0.000686114106054	0.000147024451297	0.000165873739925	0
0.000848217988253	0.00199802459455	0.000131945020395	0	0.00876868906967	0	0.000573018374287	0.0034946581116	0.00133829949258	0.0200179445228	0.000863297419155	0.000444843211617	0.0038339453069	3.01588618046e-05	0.00216389833448	0.00163988811062	0.00531549939305	8.67067276881e-05	0.000105556016316	0.000350596768478	0.00394704103867	0.0011648860372	0.0104010374648	0.000640875813347	0.0593111715964	0.000173413455376	0.000180953170827	0.00278215500147	0.0187588120424	0.00496490262457	0.0031553709163	3.76985772557e-06	0	0.00251826496068	0.0036416825629	0	9.42464431392e-05	1.50794309023e-05	0	0.00360775384337	3.01588618046e-05	9.80163008648e-05	0.000655955244249	0.000150794309023	0.014932406451	0.000116865589493	0.000124405304944	0.000546629370208	0.000109325874042	3.01588618046e-05	0.00022996132126	0.00192262744004	7.53971545114e-06	3.76985772557e-06	3.76985772557e-06	0.00131568034622	0.00112341760222	0.00205834231816	0.00121389418763	0.0131945020395	0	3.76985772557e-05	7.9167012237e-05	0.00991472581825	0.000131945020395	3.76985772557e-05	1.13095731767e-05	7.53971545114e-06	0	0.000278969471692	0.00409783534769	0.000384525488008	0.0015192526634	0.000580558089738	0.00134583920803	3.76985772557e-05	1.13095731767e-05	0.000120635447218	0	0.000207342174906	0.000120635447218	0.000211112032632	7.53971545114e-05	0
3.01588618046e-05	0.00224683520444	3.76985772557e-06	0	0	0	3.39287195301e-05	0	6.40875813347e-05	0.000452382927068	7.53971545114e-06	0.00155318138293	7.53971545114e-06	0.012157791165	6.78574390602e-05	0	1.13095731767e-05	1.50794309023e-05	0	1.88492886278e-05	0	0	0.000689883963779	1.50794309023e-05	0.000173413455376	0.0197201257625	0.00740400057302	0.00738515128439	0	0.000207342174906	3.39287195301e-05	0.000113095731767	7.53971545114e-06	0	0.000275199613967	0	0.0039960491891	3.39287195301e-05	0	3.76985772557e-06	0	3.76985772557e-06	0	0	5.2778008158e-05	0	0.000637105955621	3.76985772557e-06	0.00857642632567	0	3.76985772557e-06	3.76985772557e-06	0	5.2778008158e-05	0	3.76985772557e-06	0	0.00013571487812	0	2.6389004079e-05	0.00755479488204	0.0029932670341	0.00800717780911	0	0	0	0.00115734632175	0	0	7.53971545114e-06	0	0.00124782290716	0.000324207764399	3.76985772557e-06	0	0	0.000550399227933	2.26191463534e-05	0.00333632408713	1.13095731767e-05	0	3.76985772557e-06	0	0.0008255988419
0.000131945020395	0.00658217158884	0.00283870286735	0	0.000165873739925	0	0.000105556016316	0.000410914492087	3.76985772557e-05	0.000444843211617	0.001002782155	0.00558692914929	0.00153433209431	0.0038037864451	0.000226191463534	0	0.000158334024474	0.00617502695448	0.00322322835536	0.0132585896208	0.00138730764301	3.39287195301e-05	0.000267659898515	0.000693653821505	0.000180953170827	0.00740400057302	0.0680572415197	0.0255445559485	0.00033174747985	0.00172282498059	0.000124405304944	0.000380755630283	3.76985772557e-06	1.50794309023e-05	0.00472740158786	0	0.0203534618603	0.00199802459455	0	9.80163008648e-05	0	7.53971545114e-06	3.76985772557e-06	7.53971545114e-06	0.000203572317181	9.42464431392e-05	0.000150794309023	7.16272967858e-05	0.00494228347822	1.50794309023e-05	1.88492886278e-05	3.76985772557e-06	0.000199802459455	0.000324207764399	7.53971545114e-06	4.90081504324e-05	0	0.000241270894436	2.6389004079e-05	0.000290279044869	0.010220084294	0.0136619643975	0.019437386433	0.000169643597651	8.67067276881e-05	0	0.000640875813347	0	0	0.000169643597651	0.0057791918933	0.00781491506511	0.00554169085659	0.000452382927068	7.53971545114e-06	4.90081504324e-05	1.50794309023e-05	0.000414684349813	0.000501391077501	9.42464431392e-05	7.53971545114e-06	4.90081504324e-05	0	0.000350596768478
0.000173413455376	0.0174506714117	0.0200631828155	0	4.14684349813e-05	0	7.9167012237e-05	0.000188492886278	0.000143254593572	0.00173413455376	0.000124405304944	0.000463692500245	0.000139484735846	0.00283493300963	0.000214881890357	1.13095731767e-05	0.00359267441247	0.00478017959602	0.000131945020395	0.00173790441149	0.000184723028553	0.000150794309023	0.0172847976717	0.0132623594786	0.00278215500147	0.00738515128439	0.0255445559485	0.0930212393784	0.000422224065264	0.000501391077501	0.000312898191222	3.76985772557e-05	0	3.39287195301e-05	0.0010178615859	0	0.0210621951128	0.00388295345734	0	0.00013571487812	0	3.39287195301e-05	0.00010178615859	8.67067276881e-05	0.000346826910752	3.39287195301e-05	0.000173413455376	6.78574390602e-05	0.00374723857922	3.39287195301e-05	4.52382927068e-05	0.00189246857824	0.000885916565509	0.000131945020395	7.53971545114e-06	7.9167012237e-05	0.00033174747985	0.0121804103113	0.00595260534867	0.000452382927068	0.00817305154903	0.00493474376277	0.0259592402983	0.000550399227933	0.000207342174906	1.88492886278e-05	0.000316668048948	4.52382927068e-05	0	0.000369446057106	0.0129155325678	0.00454644841704	0.00176806327329	0.000908535711862	1.50794309023e-05	0.000165873739925	1.13095731767e-05	0.00285378229826	0.000693653821505	0.000316668048948	0.000237501036711	0.000128175162669	8.29368699625e-05	0.000320437906673
0.000829368699625	1.88492886278e-05	0.000275199613967	0	0.00383017544918	3.76985772557e-06	0.00229207349715	0.0264116232253	0.00349088825388	0.00765281118291	0.00662740988155	0.000818059126449	0.00191508772459	3.39287195301e-05	0.00550776213706	0.000761511260565	0.00397719990048	0.000343057053027	0.000203572317181	0.000908535711862	0.00233731178985	0.0119278298437	0.00300080674955	0.00195278630184	0.0187588120424	0	0.00033174747985	0.000422224065264	0.0688187527803	0.00701570522728	0.00554546071431	3.76985772557e-06	7.53971545114e-06	0.0028010042901	0.0043353363844	0	7.53971545114e-06	5.65478658835e-05	0	0.00540220612074	1.50794309023e-05	3.39287195301e-05	0.000848217988253	0.000316668048948	0.0105556016316	0.000158334024474	9.42464431392e-05	0.000165873739925	0.000128175162669	9.42464431392e-05	7.16272967858e-05	0.00209604089542	2.26191463534e-05	7.53971545114e-06	0	0.000784130406918	0.0029480287414	0.00197163559047	0.00296687803002	0.0121087830145	0	2.6389004079e-05	1.50794309023e-05	0.00687999034916	0.000124405304944	9.42464431392e-05	1.13095731767e-05	3.76985772557e-06	0	0.000286509187143	0.0105933002089	0.00163234839517	0.00288771101779	0.000863297419155	0.000535319797031	0.000184723028553	1.50794309023e-05	0.00019603260173	1.88492886278e-05	0.000833138557351	0.000689883963779	0.000199802459455	0.000422224065264	0
0.0148306202924	7.53971545114e-06	0.000373215914831	0	0.000282739329418	1.13095731767e-05	0.00255973339566	0.0183177386885	0.00738515128439	0.00117242575265	0.0128891435637	0.00657086201567	0.00589228762507	0.00111210802904	0.0244701464967	0.00013571487812	7.16272967858e-05	0.00189246857824	0.00188492886278	0.00439565410801	0.0077847562033	0.00145139522434	7.53971545114e-06	0.00224306534671	0.00496490262457	0.000207342174906	0.00172282498059	0.000501391077501	0.00701570522728	0.0603554221864	0.0151284390527	3.76985772557e-06	0.0008255988419	0.00700062579638	0.0213939425926	0	7.53971545114e-06	1.13095731767e-05	0	0.000282739329418	0	9.04765854137e-05	0.000192262744004	0.000158334024474	0.000818059126449	0.000248810609888	8.67067276881e-05	0.00013571487812	8.67067276881e-05	4.52382927068e-05	0	0	1.88492886278e-05	0	0	0.000113095731767	3.76985772557e-06	0	1.88492886278e-05	0.00154941152521	0	3.76985772557e-06	1.13095731767e-05	0.0013119104885	0.000116865589493	1.13095731767e-05	3.01588618046e-05	3.76985772557e-06	0	0.000301588618046	0.00624665425127	0.00117242575265	0.0135639480966	0.00110079845587	0.000162103882199	0.000407144634361	0.000312898191222	9.42464431392e-05	3.76985772557e-06	0.000169643597651	4.90081504324e-05	6.03177236091e-05	3.01588618046e-05	1.88492886278e-05
0.0128966832792	0	0.000497621219775	0	7.53971545114e-06	0	0.000162103882199	0.00866313305336	0.00295556845685	0.000245040752162	4.90081504324e-05	0.000252580467613	2.26191463534e-05	0.000154564166748	0.0124631496407	7.53971545114e-06	6.40875813347e-05	0.00318175992038	1.50794309023e-05	0.00026389004079	2.6389004079e-05	0.0115847727907	3.76985772557e-06	0.00885916565509	0.0031553709163	3.39287195301e-05	0.000124405304944	0.000312898191222	0.00554546071431	0.0151284390527	0.0429160603479	0	7.53971545114e-06	0.00172282498059	0.00919091313494	0	0	3.76985772557e-06	0	1.50794309023e-05	0	0	6.40875813347e-05	9.42464431392e-05	0.000286509187143	1.50794309023e-05	7.53971545114e-06	1.50794309023e-05	1.50794309023e-05	2.6389004079e-05	0	0	1.50794309023e-05	0	0	1.50794309023e-05	0	3.76985772557e-06	1.50794309023e-05	0.000410914492087	0	3.76985772557e-06	3.76985772557e-06	0.00039960491891	1.50794309023e-05	7.53971545114e-06	0	0	0	1.50794309023e-05	0.00354743611976	0.000557938943384	0.00464823457563	0.00171151540741	4.90081504324e-05	4.14684349813e-05	5.2778008158e-05	0.000105556016316	0	8.29368699625e-05	7.16272967858e-05	2.26191463534e-05	2.6389004079e-05	0
0	0	0	0	3.76985772557e-06	0	0	0	0	0	3.76985772557e-06	0.000203572317181	1.88492886278e-05	0.000309128333497	0	0	0	0	0	7.53971545114e-06	1.88492886278e-05	0	0	0	3.76985772557e-06	0.000113095731767	0.000380755630283	3.76985772557e-05	3.76985772557e-06	3.76985772557e-06	0	0.00056170880111	0	0	2.6389004079e-05	0	1.13095731767e-05	0	0	0	0	0	0	0	0	0	0	0	6.40875813347e-05	0	0	0	0	0	0	0	0	0	0	0	4.14684349813e-05	7.16272967858e-05	6.40875813347e-05	0	0	0	0	0	0	0	3.76985772557e-06	9.42464431392e-05	4.14684349813e-05	3.76985772557e-06	0	0	7.53971545114e-06	0	0	0	0	0	0	0
0	0	0	0	0	0.000987702724099	0.000395835061185	2.6389004079e-05	5.65478658835e-05	0	7.53971545114e-06	9.04765854137e-05	0	3.39287195301e-05	9.42464431392e-05	0.000275199613967	0	0	3.76985772557e-06	0	0	0	0	7.53971545114e-06	0	7.53971545114e-06	3.76985772557e-06	0	7.53971545114e-06	0.0008255988419	7.53971545114e-06	0	0.00263136069245	1.88492886278e-05	0.000874606992332	0	0	0	0	0	0	0	0	0	0	0	0	0	0	3.76985772557e-06	0	0	0	0	0	0	0	0	0	0	0	0	0	0	3.76985772557e-06	0	0	0	0	3.76985772557e-06	7.53971545114e-06	3.76985772557e-06	0.000113095731767	0.000162103882199	0.000671034675151	0.000840678272802	0	0	0	1.13095731767e-05	0	0	3.76985772557e-06	7.53971545114e-06
0.000245040752162	0	2.26191463534e-05	0	3.76985772557e-06	0	0.000124405304944	0.00326092693262	0.00102540130135	0.000301588618046	0.000305358475771	1.50794309023e-05	4.52382927068e-05	0	0.00186984943188	4.14684349813e-05	4.14684349813e-05	5.2778008158e-05	2.26191463534e-05	0.00010178615859	1.13095731767e-05	0.00103671087453	0	0.00029781876032	0.00251826496068	0	1.50794309023e-05	3.39287195301e-05	0.0028010042901	0.00700062579638	0.00172282498059	0	1.88492886278e-05	0.00830876642716	0.00363037298972	0	0	7.53971545114e-06	0	0	0	0	4.90081504324e-05	1.13095731767e-05	0.00029781876032	0	0	0	3.76985772557e-06	7.53971545114e-06	0	0	1.13095731767e-05	0	0	0	0	0	7.53971545114e-06	0.000184723028553	0	0	0	0.000343057053027	3.76985772557e-06	3.76985772557e-06	0	0	0	3.76985772557e-06	0.00138730764301	0.000109325874042	0.00127798176897	0.000588097805189	7.53971545114e-06	6.78574390602e-05	0	1.13095731767e-05	0	1.13095731767e-05	1.13095731767e-05	3.76985772557e-06	3.76985772557e-06	0
0.00274445642421	0.000165873739925	0.000640875813347	0	0.00114226689085	0.000128175162669	0.00404505733954	0.00639744856029	0.00255973339566	0.00163234839517	0.00997881339958	0.0131228747427	0.0106008399243	0.00180953170827	0.00556807986067	0.00062956624017	4.52382927068e-05	0.00826352813445	0.00353612654658	0.0114264387662	0.00879884793148	0.00328354607897	1.88492886278e-05	0.00510815721815	0.0036416825629	0.000275199613967	0.00472740158786	0.0010178615859	0.0043353363844	0.0213939425926	0.00919091313494	2.6389004079e-05	0.000874606992332	0.00363037298972	0.057407393445	0	0.000173413455376	5.65478658835e-05	0	0.000335517337576	0	6.40875813347e-05	0.00022996132126	0.00036567619938	0.000769050976016	0.000354366626204	0.000350596768478	0.00029781876032	0.000414684349813	0.000320437906673	0	0	0.000188492886278	7.53971545114e-06	2.6389004079e-05	0.000211112032632	3.76985772557e-06	7.53971545114e-06	0.000124405304944	0.00158711010246	0	0.000150794309023	0.000241270894436	0.00155318138293	0.0006634949597	1.50794309023e-05	8.67067276881e-05	8.67067276881e-05	0	0.00105933002089	0.00849725931343	0.00249564581433	0.0314745421508	0.00332501451395	0.000471232215696	0.00107063959406	0.000689883963779	0.000486311646598	2.26191463534e-05	0.000821828984174	0.000354366626204	0.000524010223854	0.000192262744004	8.29368699625e-05
0	0	0	0	0	0	0	0	0	0	0	0	7.53971545114e-06	0	0	0	0	0	0	0	0	0	0	0	0	0	0	0	0	0	0	0	0	0	0	0.0149512557396	0	6.78574390602e-05	0	5.65478658835e-05	0	0.000916075427313	0.0079619395164	0.00234862136303	0	0.000173413455376	0.000180953170827	0.000260120183064	3.76985772557e-06	0.0061335585195	2.26191463534e-05	3.76985772557e-06	0.00036567619938	2.26191463534e-05	2.26191463534e-05	0.000150794309023	0.000565478658835	0	0.000339287195301	0.00153433209431	0	7.16272967858e-05	1.13095731767e-05	0.00238631994029	0.00415438321358	0.00149663351705	0	0	0.000105556016316	0.00102163144363	0	0	0	0	0	0	0	9.04765854137e-05	0	0.000606947093817	0.000188492886278	0.00010178615859	3.39287195301e-05	0
