0.0135912220144	0	3.85675993598e-05	0	9.64189983994e-05	7.71351987196e-06	0.00123030641958	0.00507935283568	0.00352122182155	0.000177410957055	0.000428100352894	3.85675993598e-06	0.000493665271805	3.85675993598e-06	0.00733555739823	3.08540794878e-05	3.85675993598e-05	1.92837996799e-05	0	3.85675993598e-06	0.000300827275006	0.000385675993598	5.78513990397e-05	0.000327824594558	0.000605511309949	0	1.15702798079e-05	3.85675993598e-05	0.00135757949746	0.00399946005361	0.00298127543051	0	7.71351987196e-06	0.00131129837823	0.00143471469618	3.85675993598e-06	0	0	0	0	0	3.85675993598e-06	7.71351987196e-06	7.71351987196e-06	7.32784387836e-05	7.71351987196e-06	0	1.54270397439e-05	0	0	0	7.71351987196e-06	0	0	0	3.85675993598e-06	1.15702798079e-05	3.85675993598e-06	3.85675993598e-06	6.17081589756e-05	0	3.85675993598e-06	0	2.69973195518e-05	0	0	0	0	0	0	0.000250689395839	4.24243592958e-05	0.000489808511869	0.000169697437183	0.000100275758335	3.47108394238e-05	3.85675993598e-06	7.71351987196e-06	1.15702798079e-05	3.85675993598e-06	7.71351987196e-06	0	0	0
0	0.0124959021926	0.00229091540197	0	0	0	0	1.15702798079e-05	3.85675993598e-06	1.92837996799e-05	0	0.000200551516671	0	7.71351987196e-05	3.85675993598e-06	0	9.25622384635e-05	0.000937192664443	2.31405596159e-05	0.000501378791677	0	0.000107989278207	0.000821489866363	0.000836916906107	5.39946391037e-05	0.00041267331315	0.00300827275006	0.00599726170045	6.55649189116e-05	1.92837996799e-05	5.39946391037e-05	0	0	1.15702798079e-05	0.000725070867964	0	0.00327053242571	0.000404959793278	0	0	3.85675993598e-06	3.85675993598e-06	1.54270397439e-05	0	2.31405596159e-05	3.85675993598e-06	8.87054785275e-05	0	5.01378791677e-05	0	0	7.71351987196e-05	0.000435813872765	3.08540794878e-05	0.000154270397439	0	5.78513990397e-05	0.000636365389436	0.000289256995198	2.69973195518e-05	0.000404959793278	0.000516805831421	0.00172782845132	1.54270397439e-05	0	3.47108394238e-05	0	0	0	0.000107989278207	0.000200551516671	0.000482094991997	0.000512949071485	0.000204408276607	1.15702798079e-05	7.71351987196e-06	3.85675993598e-06	8.09919586555e-05	0.0007289276279	0.000250689395839	6.55649189116e-05	7.71351987196e-06	1.15702798079e-05	7.71351987196e-06
3.85675993598e-05	0.00229091540197	0.040241433172	0	0	0	7.71351987196e-06	0.000169697437183	1.54270397439e-05	8.48487185915e-05	0	0.000134986597759	1.15702798079e-05	2.31405596159e-05	2.69973195518e-05	7.71351987196e-06	0.000563086950653	0.0081686175444	1.54270397439e-05	0.000817633106427	3.85675993598e-06	0.00290799699173	0.00133829569778	0.0172705709933	0.000188981236863	1.54270397439e-05	0.00837688258094	0.0169427463988	0.000601654550013	0.000185124476927	0.00159284185356	0	7.71351987196e-06	0.000123416317951	0.00575814258441	3.85675993598e-06	0.00125344697919	0.000289256995198	0	0	3.85675993598e-06	3.85675993598e-06	1.15702798079e-05	3.85675993598e-06	3.47108394238e-05	0	1.54270397439e-05	0	3.85675993598e-06	0	0	0.000161983917311	0.000223692076287	7.71351987196e-06	5.78513990397e-05	0	5.78513990397e-05	0.00108760630195	0.000242975875967	4.24243592958e-05	5.39946391037e-05	0.000123416317951	0.00101432786316	2.31405596159e-05	0	3.47108394238e-05	0	3.85675993598e-06	0	0.000107989278207	0.00209807740517	0.00306998090904	0.00429257380874	0.00190523940837	0.000115702798079	9.25622384635e-05	4.24243592958e-05	0.000107989278207	0.000420386833022	0.000208265036543	6.94216788476e-05	7.71351987196e-06	7.71351987196e-06	3.85675993598e-06
0	0	0	0	0	0	0	0	0	0	0	0	0	0	0	0	0	0	0	0	0	0	0	0	0	0	0	0	0	0	0	0	0	0	0	0	0	0	0	0	0	0	0	0	0	0	0	0	0	0	0	0	0	0	0	0	0	0	0	0	0	0	0	0	0	0	0	0	0	0	0	0	0	0	0	0	0	0	0	0	0	0	0	0
9.64189983994e-05	0	0	0	0.0132672541798	0	0.00027768671539	0.00121487937983	0.000200551516671	0.000385675993598	0.00233333976127	0	0.00175868253081	0	8.48487185915e-05	3.85675993598e-06	7.71351987196e-06	0	0	0	0.0054457450296	7.71351987196e-06	2.69973195518e-05	7.71351987196e-06	0.00403417089303	0	0	3.85675993598e-06	0.00568872090557	0.000111846038143	0.000107989278207	0	0	5.78513990397e-05	6.55649189116e-05	3.85675993598e-06	0	0	0	0.000435813872765	0	7.71351987196e-06	3.08540794878e-05	0	6.94216788476e-05	6.17081589756e-05	0	9.25622384635e-05	0	0	0	0	0	0	0	0.000293113755134	0	0	0	7.32784387836e-05	0	0	0	0.000100275758335	0	0	0	0	0	0	1.92837996799e-05	3.85675993598e-06	1.54270397439e-05	3.85675993598e-06	4.24243592958e-05	3.85675993598e-06	0	0	0	0	0	3.85675993598e-06	0	0
7.71351987196e-06	0	0	0	0	0.00595098058121	0.00164297973273	7.71351987196e-06	0.00109531982182	0	3.85675993598e-06	5.01378791677e-05	0	0	0.000655649189116	0.00039338951347	0	0	3.85675993598e-06	3.85675993598e-06	0	0	0	7.71351987196e-06	0	0	7.71351987196e-06	0	3.85675993598e-06	0.00124573345932	1.15702798079e-05	0	0.00273058603467	3.85675993598e-05	0.00115702798079	0	0	0	0	0	0	0	0	0	3.85675993598e-06	0	0	0	0	0	0	0	0	0	0	0	0	0	0	3.85675993598e-06	0	0	0	0	0	0	0	0	0	7.71351987196e-06	3.85675993598e-05	1.15702798079e-05	0.000227548836223	5.78513990397e-05	0.000721214108028	0.00027768671539	0	7.71351987196e-06	0	1.15702798079e-05	3.85675993598e-06	0	0	0
0.00123030641958	0	7.71351987196e-06	0	0.00027768671539	0.00164297973273	0.0251962126617	0.00175096901093	0.00939506720404	0.000150413637503	0.00580056694371	2.31405596159e-05	0.0049636500376	3.85675993598e-06	0.00244518579941	0.0010181846231	0	7.71351987196e-06	3.85675993598e-06	0	0.00133058217791	5.01378791677e-05	3.85675993598e-06	4.24243592958e-05	0.000860057465723	3.85675993598e-06	1.15702798079e-05	0	0.00135757949746	0.00194766376767	0.00041267331315	0	0.000705787068284	0.000447384152573	0.000852343945851	3.85675993598e-06	0	0	0	7.71351987196e-06	0	0	7.71351987196e-06	0	3.85675993598e-05	0	0	0	0	0	0	0	0	0	0	3.85675993598e-06	0	0	0	2.31405596159e-05	3.85675993598e-06	0	0	0	0	0	0	0	0	0	9.64189983994e-05	1.15702798079e-05	0.000254546155775	6.55649189116e-05	0.000327824594558	9.25622384635e-05	0	3.85675993598e-06	0	0	0	0	0	0
0.00507935283568	1.15702798079e-05	0.000169697437183	0	0.00121487937983	7.71351987196e-06	0.00175096901093	0.0356596023681	0.00338237846385	0.00117245502054	0.00436199548759	3.85675993598e-06	0.00136914977727	0	0.0031085485084	3.85675993598e-05	0.000165840677247	7.32784387836e-05	0	1.15702798079e-05	0.00170083113177	0.00156584453401	0.000343251634302	0.0013614362574	0.00420386833022	0	2.31405596159e-05	0.000115702798079	0.016445224367	0.00253389127794	0.00877798561429	0	0	0.0014154308965	0.00206336656575	2.31405596159e-05	3.85675993598e-06	0	0	3.08540794878e-05	0	7.71351987196e-06	0.000134986597759	1.92837996799e-05	0.000462811192317	3.08540794878e-05	0	5.78513990397e-05	0	7.71351987196e-06	3.85675993598e-06	1.15702798079e-05	0	0	0	5.39946391037e-05	3.85675993598e-06	3.47108394238e-05	3.85675993598e-06	0.000435813872765	0	3.85675993598e-06	0	0.000134986597759	7.71351987196e-06	1.15702798079e-05	0	0	0	3.85675993598e-06	0.000593941030141	8.09919586555e-05	0.000740497907708	0.000308540794878	0.000138843357695	2.69973195518e-05	0	3.47108394238e-05	1.15702798079e-05	7.71351987196e-06	7.71351987196e-06	1.54270397439e-05	0	0
0.00352122182155	3.85675993598e-06	1.54270397439e-05	0	0.000200551516671	0.00109531982182	0.00939506720404	0.00338237846385	0.0294232215516	0.000185124476927	0.00290799699173	5.39946391037e-05	0.00160055537343	3.85675993598e-06	0.0130049945041	0.000235262356095	1.54270397439e-05	1.92837996799e-05	0	7.71351987196e-06	0.000547659910909	0.000138843357695	2.31405596159e-05	0.000146556877567	0.00069036002854	0	1.15702798079e-05	2.31405596159e-05	0.00124573345932	0.00603582929981	0.000964189983994	0	0.000647935669244	0.00102975490291	0.00216364232408	7.71351987196e-06	0	0	0	3.85675993598e-06	0	0	1.15702798079e-05	0	8.09919586555e-05	7.71351987196e-06	0	3.85675993598e-06	0	0	0	0	0	0	0	7.71351987196e-06	0	0	3.85675993598e-06	5.39946391037e-05	3.85675993598e-06	0	3.85675993598e-06	1.54270397439e-05	3.85675993598e-06	0	0	0	0	0	0.000285400235262	3.47108394238e-05	0.00074821142758	0.000200551516671	0.000231405596159	0.000173554197119	0	3.85675993598e-06	7.71351987196e-06	0	3.85675993598e-06	0	0	0
0.000177410957055	1.92837996799e-05	8.48487185915e-05	0	0.000385675993598	0	0.000150413637503	0.00117245502054	0.000185124476927	0.0142507279634	0.000165840677247	3.85675993598e-06	0.00188981236863	0	0.000150413637503	0.000100275758335	0.000188981236863	2.69973195518e-05	0	0	0.000536089631101	0.0006325086295	0.00174325549106	0.000674932988796	0.00519505563376	0	1.15702798079e-05	0.000107989278207	0.00279229419365	0.000408816553214	0.00137300653721	0	0	0.000293113755134	0.000698073548412	6.55649189116e-05	3.85675993598e-06	0	0	9.64189983994e-05	0	9.64189983994e-05	0.000447384152573	7.71351987196e-05	0.00248375339877	0.000142700117631	0	0.000227548836223	0	4.24243592958e-05	7.71351987196e-06	8.87054785275e-05	0	0	0	0.000146556877567	4.24243592958e-05	0.000127273077887	3.85675993598e-05	0.00166226353241	0	0	1.15702798079e-05	0.000609368069884	1.15702798079e-05	8.87054785275e-05	0	0	0	1.92837996799e-05	0.000428100352894	4.62811192317e-05	0.000273829955454	0.000134986597759	0.000914052104827	7.71351987196e-06	3.85675993598e-06	8.48487185915e-05	6.94216788476e-05	2.31405596159e-05	1.92837996799e-05	4.62811192317e-05	0	0
0.000428100352894	0	0	0	0.00233333976127	3.85675993598e-06	0.00580056694371	0.00436199548759	0.00290799699173	0.000165840677247	0.0245752743121	3.85675993598e-06	0.00472838768151	0	0.00105289546252	4.24243592958e-05	7.71351987196e-06	0	0	0	0.00458183080394	5.78513990397e-05	7.71351987196e-06	5.01378791677e-05	0.00119945234009	0	0	0	0.00566172358602	0.00039338951347	0.000235262356095	0	3.85675993598e-06	0.000154270397439	0.000146556877567	0	0	0	0	0	0	7.71351987196e-06	1.92837996799e-05	0	5.39946391037e-05	1.54270397439e-05	0	1.54270397439e-05	0	0	0	3.85675993598e-06	0	0	0	3.85675993598e-06	0	0	0	3.47108394238e-05	0	0	0	7.71351987196e-06	0	7.71351987196e-06	0	0	0	0	3.85675993598e-05	0	6.55649189116e-05	2.69973195518e-05	4.62811192317e-05	3.85675993598e-06	0	0	0	0	3.85675993598e-06	3.85675993598e-06	0	0
3.85675993598e-06	0.000200551516671	0.000134986597759	0	0	5.01378791677e-05	2.31405596159e-05	3.85675993598e-06	5.39946391037e-05	3.85675993598e-06	3.85675993598e-06	0.0313438879997	0	0.00784464970978	0.000100275758335	0	0	0.00069036002854	0.00387218697572	0.00690745704534	0	3.85675993598e-05	2.31405596159e-05	0.000142700117631	0	0.00292342403147	0.0102666949496	0.00281157799333	0	0.000281543475326	3.47108394238e-05	0.000578513990397	3.85675993598e-05	3.47108394238e-05	0.00541874771005	0	0.000308540794878	1.54270397439e-05	0	0	0	0	0	0	0	0	0.000266116435582	0	0.000269973195518	0	0	0	3.47108394238e-05	3.47108394238e-05	9.25622384635e-05	0	0	3.85675993598e-06	3.85675993598e-06	0	0.000817633106427	0.000308540794878	0.000343251634302	0	0	0	3.85675993598e-06	0	0	3.47108394238e-05	0.000242975875967	0.00260716971672	0.00238733440037	0.00037410571379	7.71351987196e-06	3.85675993598e-05	9.25622384635e-05	1.15702798079e-05	0.000339394874366	6.94216788476e-05	1.54270397439e-05	0	3.85675993598e-06	2.31405596159e-05
0.000493665271805	0	1.15702798079e-05	0	0.00175868253081	0	0.0049636500376	0.00136914977727	0.00160055537343	0.00188981236863	0.00472838768151	0	0.024216595638	0	0.000512949071485	0.000223692076287	3.85675993598e-06	3.85675993598e-06	0	0	0.00924851032647	4.24243592958e-05	3.85675993598e-06	4.24243592958e-05	0.00414216017124	0	7.71351987196e-06	3.85675993598e-06	0.00225234780261	0.000327824594558	0.000192837996799	0	3.85675993598e-06	0.000131129837823	0.000150413637503	3.85675993598e-06	0	0	0	0.000239119116031	0	6.55649189116e-05	4.24243592958e-05	7.71351987196e-06	5.78513990397e-05	0.000242975875967	0	0.00196694756735	0	0	0	0	0	0	0	0.000701930308348	0	0	0	4.62811192317e-05	0	0	0	1.92837996799e-05	0	0	0	0	0	0	4.62811192317e-05	3.85675993598e-06	5.39946391037e-05	3.08540794878e-05	0.000289256995198	7.71351987196e-06	0	0	0	0	0	0	0	0
3.85675993598e-06	7.71351987196e-05	2.31405596159e-05	0	0	0	3.85675993598e-06	0	3.85675993598e-06	0	0	0.00784464970978	0	0.0179686445417	7.71351987196e-06	0	3.85675993598e-06	7.71351987196e-05	0.000512949071485	0.000578513990397	0	3.85675993598e-06	1.15702798079e-05	2.69973195518e-05	0	0.00446612800586	0.00487108779914	0.00414216017124	3.85675993598e-06	2.69973195518e-05	3.85675993598e-06	0.000713500588156	0	1.15702798079e-05	0.000470524712189	0	0.000150413637503	0	0	0	0	0	0	0	0	0	0.000231405596159	0	0.000212121796479	0	0	0	1.92837996799e-05	2.31405596159e-05	8.48487185915e-05	0	0	3.85675993598e-06	0	0	0.000532232871165	0.000200551516671	0.000138843357695	0	0	0	0	0	0	7.71351987196e-06	4.24243592958e-05	0.00108374954201	0.000300827275006	6.55649189116e-05	0	7.71351987196e-06	0.000134986597759	3.85675993598e-06	0.000192837996799	5.01378791677e-05	3.85675993598e-06	0	0	3.85675993598e-05
0.00733555739823	3.85675993598e-06	2.69973195518e-05	0	8.48487185915e-05	0.000655649189116	0.00244518579941	0.0031085485084	0.0130049945041	0.000150413637503	0.00105289546252	0.000100275758335	0.000512949071485	7.71351987196e-06	0.0293692269125	0.000131129837823	4.24243592958e-05	4.24243592958e-05	3.85675993598e-06	1.15702798079e-05	0.00029697051507	0.000219835316351	6.17081589756e-05	0.000254546155775	0.00039338951347	0	1.92837996799e-05	3.08540794878e-05	0.000898625065083	0.0129895674644	0.00205179628594	0	0.00150799313497	0.00210193416511	0.00404574117284	0	0	0	0	3.85675993598e-06	0	0	1.54270397439e-05	0	5.39946391037e-05	3.85675993598e-06	0	7.71351987196e-06	0	0	0	7.71351987196e-06	0	0	0	3.85675993598e-06	7.71351987196e-06	7.71351987196e-06	3.85675993598e-06	6.17081589756e-05	0	0	0	1.92837996799e-05	0	0	0	0	0	0	0.00041267331315	7.32784387836e-05	0.00133829569778	0.000358678674046	0.000320111074686	0.000208265036543	0	7.71351987196e-06	1.54270397439e-05	3.85675993598e-06	7.71351987196e-06	0	0	0
3.08540794878e-05	0	7.71351987196e-06	0	3.85675993598e-06	0.00039338951347	0.0010181846231	3.85675993598e-05	0.000235262356095	0.000100275758335	4.24243592958e-05	0	0.000223692076287	0	0.000131129837823	0.00391461133502	0	7.71351987196e-06	0	0	1.15702798079e-05	0	3.85675993598e-06	1.15702798079e-05	7.71351987196e-06	0	3.85675993598e-06	3.85675993598e-06	1.54270397439e-05	0.000127273077887	1.54270397439e-05	0	1.15702798079e-05	1.92837996799e-05	6.94216788476e-05	0	0	0	0	3.85675993598e-06	0	0	0	0	3.85675993598e-06	0	0	0	0	0	0	0	0	0	0	0	0	0	0	3.85675993598e-06	0	0	0	0	0	0	0	0	0	3.85675993598e-06	0.000111846038143	7.71351987196e-06	3.85675993598e-05	5.01378791677e-05	0.00218292612376	7.71351987196e-06	0	0	0	3.85675993598e-06	3.85675993598e-06	0	0	0
3.85675993598e-05	9.25622384635e-05	0.000563086950653	0	7.71351987196e-06	0	0	0.000165840677247	1.54270397439e-05	0.000188981236863	7.71351987196e-06	0	3.85675993598e-06	3.85675993598e-06	4.24243592958e-05	0	0.0116127041672	9.64189983994e-05	0	3.85675993598e-06	3.85675993598e-06	0.00166997705228	0.00196694756735	0.00613610505814	0.00202094220645	0	6.55649189116e-05	0.00279615095358	0.00124959021926	0.000111846038143	0.000416530073086	0	0	8.48487185915e-05	0.000551516670845	0	1.92837996799e-05	7.71351987196e-06	0	0	0	0	1.92837996799e-05	0	0.000146556877567	0	0	3.85675993598e-06	3.85675993598e-06	0	0	4.62811192317e-05	7.71351987196e-06	0	0	0	1.15702798079e-05	0.000177410957055	3.47108394238e-05	7.32784387836e-05	3.85675993598e-06	3.85675993598e-06	2.31405596159e-05	3.47108394238e-05	0	3.85675993598e-06	0	0	0	1.92837996799e-05	0.000254546155775	0.000119559558015	0.000366392193918	0.000204408276607	7.71351987196e-06	1.92837996799e-05	0	1.15702798079e-05	4.24243592958e-05	1.54270397439e-05	1.15702798079e-05	3.85675993598e-06	3.85675993598e-06	0
1.92837996799e-05	0.000937192664443	0.0081686175444	0	0	0	7.71351987196e-06	7.32784387836e-05	1.92837996799e-05	2.69973195518e-05	0	0.00069036002854	3.85675993598e-06	7.71351987196e-05	4.24243592958e-05	7.71351987196e-06	9.64189983994e-05	0.027467844264	6.55649189116e-05	0.00478623908055	3.85675993598e-06	0.00182424744972	0.00029697051507	0.0104286788669	5.78513990397e-05	0.000134986597759	0.00900167769057	0.00353279210136	0.000177410957055	0.000165840677247	0.000890911545211	3.85675993598e-06	7.71351987196e-06	0.000100275758335	0.00851958269857	0	0.000628651869564	7.32784387836e-05	0	0	0	0	7.71351987196e-06	0	2.31405596159e-05	3.85675993598e-06	3.08540794878e-05	0	1.92837996799e-05	0	0	1.54270397439e-05	7.71351987196e-05	3.85675993598e-06	3.47108394238e-05	0	1.92837996799e-05	0.000188981236863	4.62811192317e-05	1.92837996799e-05	0.000123416317951	0.000100275758335	0.00039338951347	7.71351987196e-06	0	7.71351987196e-06	0	0	0	2.69973195518e-05	0.00142314441638	0.00226391808242	0.00394546541451	0.00143471469618	4.62811192317e-05	5.78513990397e-05	4.62811192317e-05	4.24243592958e-05	0.000212121796479	5.78513990397e-05	2.69973195518e-05	0	0	0
0	2.31405596159e-05	1.54270397439e-05	0	0	3.85675993598e-06	3.85675993598e-06	0	0	0	0	0.00387218697572	0	0.000512949071485	3.85675993598e-06	0	0	6.55649189116e-05	0.00668376496905	0.0027228725148	0	0	0	0	0	0.000266116435582	0.00340166226353	0.000551516670845	0	3.85675993598e-06	0	7.71351987196e-06	3.85675993598e-06	0	0.00029697051507	0	3.85675993598e-05	3.85675993598e-06	0	0	0	0	0	0	0	0	3.47108394238e-05	0	2.69973195518e-05	0	0	0	7.71351987196e-06	0	1.54270397439e-05	0	0	0	0	0	8.87054785275e-05	5.39946391037e-05	3.47108394238e-05	0	0	0	0	0	0	7.71351987196e-06	2.31405596159e-05	0.000165840677247	0.000131129837823	2.31405596159e-05	3.85675993598e-06	0	0	3.85675993598e-06	3.08540794878e-05	7.71351987196e-06	3.85675993598e-06	0	0	0
3.85675993598e-06	0.000501378791677	0.000817633106427	0	0	3.85675993598e-06	0	1.15702798079e-05	7.71351987196e-06	0	0	0.00690745704534	0	0.000578513990397	1.15702798079e-05	0	3.85675993598e-06	0.00478623908055	0.0027228725148	0.0220568100739	0	7.71351987196e-05	4.62811192317e-05	0.000451240912509	0	0.000597797790077	0.0126578861099	0.00283471855294	1.15702798079e-05	7.32784387836e-05	5.01378791677e-05	7.71351987196e-06	1.15702798079e-05	1.15702798079e-05	0.00505235551613	0	0.000482094991997	3.08540794878e-05	0	0	0	0	0	0	3.85675993598e-06	0	9.64189983994e-05	0	8.87054785275e-05	0	0	0	4.24243592958e-05	1.54270397439e-05	5.39946391037e-05	0	0	2.69973195518e-05	1.92837996799e-05	3.85675993598e-06	0.000343251634302	0.000219835316351	0.000312397554814	0	0	0	3.85675993598e-06	0	0	2.69973195518e-05	0.000362535433982	0.00152342017471	0.00209422064524	0.000547659910909	2.31405596159e-05	2.69973195518e-05	1.92837996799e-05	1.54270397439e-05	0.000204408276607	6.94216788476e-05	7.71351987196e-06	0	0	1.15702798079e-05
0.000300827275006	0	3.85675993598e-06	0	0.0054457450296	0	0.00133058217791	0.00170083113177	0.000547659910909	0.000536089631101	0.00458183080394	0	0.00924851032647	0	0.00029697051507	1.15702798079e-05	3.85675993598e-06	3.85675993598e-06	0	0	0.0181499122587	3.85675993598e-05	1.92837996799e-05	3.08540794878e-05	0.00346722718244	0	3.85675993598e-06	3.85675993598e-06	0.00481709316004	0.000192837996799	0.000185124476927	0	0	0.000138843357695	0.000134986597759	0	0	0	0	5.01378791677e-05	0	1.92837996799e-05	2.69973195518e-05	0	8.09919586555e-05	6.94216788476e-05	0	0.000150413637503	0	3.85675993598e-06	0	0	0	0	0	0.000188981236863	0	0	0	5.39946391037e-05	0	0	0	2.31405596159e-05	0	0	0	0	0	0	2.69973195518e-05	0	3.47108394238e-05	2.31405596159e-05	4.24243592958e-05	7.71351987196e-06	0	0	0	3.85675993598e-06	0	0	0	0
0.000385675993598	0.000107989278207	0.00290799699173	0	7.71351987196e-06	0	5.01378791677e-05	0.00156584453401	0.000138843357695	0.0006325086295	5.78513990397e-05	3.85675993598e-05	4.24243592958e-05	3.85675993598e-06	0.000219835316351	0	0.00166997705228	0.00182424744972	0	7.71351987196e-05	3.85675993598e-05	0.0450932371715	0.00163140945292	0.0291493915961	0.00179725013017	3.85675993598e-06	0.000331681354494	0.00182810420965	0.00822646894344	0.00139229033689	0.0146479742368	0	0	0.00103746842278	0.00613610505814	2.31405596159e-05	3.85675993598e-05	4.24243592958e-05	0	3.85675993598e-06	0	0	6.94216788476e-05	1.15702798079e-05	0.000377962473726	0	0	7.71351987196e-06	0	7.71351987196e-06	0	7.32784387836e-05	3.08540794878e-05	0	0	7.71351987196e-06	2.69973195518e-05	0.00027768671539	5.39946391037e-05	0.000281543475326	3.85675993598e-06	3.85675993598e-06	6.94216788476e-05	0.000107989278207	3.85675993598e-06	5.39946391037e-05	0	3.85675993598e-06	0	3.85675993598e-05	0.00205950980581	0.000875484505467	0.00338237846385	0.00164297973273	0.000127273077887	9.25622384635e-05	2.31405596159e-05	9.25622384635e-05	7.32784387836e-05	5.78513990397e-05	5.39946391037e-05	2.31405596159e-05	3.85675993598e-06	3.85675993598e-06
5.78513990397e-05	0.000821489866363	0.00133829569778	0	2.69973195518e-05	0	3.85675993598e-06	0.000343251634302	2.31405596159e-05	0.00174325549106	7.71351987196e-06	2.31405596159e-05	3.85675993598e-06	1.15702798079e-05	6.17081589756e-05	3.85675993598e-06	0.00196694756735	0.00029697051507	0	4.62811192317e-05	1.92837996799e-05	0.00163140945292	0.0160942592128	0.00416530073086	0.00210579092504	3.85675993598e-06	0.000235262356095	0.00338623522379	0.00178953661029	0.000215978556415	0.00129972809842	0	0	0.000192837996799	0.00137300653721	4.24243592958e-05	0.000115702798079	8.09919586555e-05	0	7.71351987196e-06	0	2.69973195518e-05	0.000165840677247	5.01378791677e-05	0.00139229033689	1.92837996799e-05	0	1.15702798079e-05	0	3.85675993598e-05	0	0.000701930308348	3.85675993598e-05	0	0	7.71351987196e-06	0.000173554197119	0.00274215631448	0.000466667952253	0.000883198025339	0	7.71351987196e-06	0.000408816553214	0.000377962473726	3.85675993598e-06	0.000204408276607	0	0	0	0.000154270397439	0.000578513990397	0.000358678674046	0.000944906184315	0.000462811192317	4.24243592958e-05	4.24243592958e-05	0	0.000258402915711	0.000474381472125	0.000227548836223	9.64189983994e-05	3.85675993598e-05	7.71351987196e-06	0
0.000327824594558	0.000836916906107	0.0172705709933	0	7.71351987196e-06	7.71351987196e-06	4.24243592958e-05	0.0013614362574	0.000146556877567	0.000674932988796	5.01378791677e-05	0.000142700117631	4.24243592958e-05	2.69973195518e-05	0.000254546155775	1.15702798079e-05	0.00613610505814	0.0104286788669	0	0.000451240912509	3.08540794878e-05	0.0291493915961	0.00416530073086	0.0777677073491	0.00198623136703	1.54270397439e-05	0.00229091540197	0.014335576682	0.00653335133155	0.00116474150067	0.0106523709432	0	3.85675993598e-06	0.000794492546811	0.0126116049906	7.71351987196e-06	0.000347108394238	0.000123416317951	0	0	0	7.71351987196e-06	0.000107989278207	7.71351987196e-06	0.000451240912509	1.15702798079e-05	3.85675993598e-06	7.71351987196e-06	3.85675993598e-06	7.71351987196e-06	0	0.00027768671539	6.55649189116e-05	0	1.15702798079e-05	3.85675993598e-06	8.09919586555e-05	0.00133829569778	0.000212121796479	0.000289256995198	7.71351987196e-06	2.69973195518e-05	0.000482094991997	0.000115702798079	0	7.32784387836e-05	0	3.85675993598e-06	0	8.87054785275e-05	0.00480552288023	0.00306998090904	0.00858900437742	0.00422700888983	0.000304684034942	0.00027768671539	8.48487185915e-05	0.000223692076287	0.000258402915711	0.000123416317951	8.87054785275e-05	3.08540794878e-05	7.71351987196e-06	3.85675993598e-06
0.000605511309949	5.39946391037e-05	0.000188981236863	0	0.00403417089303	0	0.000860057465723	0.00420386833022	0.00069036002854	0.00519505563376	0.00119945234009	0	0.00414216017124	0	0.00039338951347	7.71351987196e-06	0.00202094220645	5.78513990397e-05	0	0	0.00346722718244	0.00179725013017	0.00210579092504	0.00198623136703	0.0338739225177	0	1.92837996799e-05	0.00035482191411	0.0139499006884	0.000806062826619	0.00263031027634	0	3.85675993598e-06	0.000543803150973	0.00124959021926	3.85675993598e-05	1.15702798079e-05	0	0	4.24243592958e-05	0	5.01378791677e-05	0.000250689395839	4.62811192317e-05	0.0012110226199	8.87054785275e-05	0	0.000142700117631	0	2.31405596159e-05	3.85675993598e-06	5.01378791677e-05	0	0	0	6.55649189116e-05	1.92837996799e-05	0.000123416317951	1.54270397439e-05	0.000998900823418	0	0	3.85675993598e-06	0.000331681354494	1.15702798079e-05	3.85675993598e-05	0	0	0	3.08540794878e-05	0.000439670632701	6.94216788476e-05	0.000443527392637	0.000227548836223	0.000281543475326	2.31405596159e-05	0	6.55649189116e-05	5.39946391037e-05	2.69973195518e-05	1.54270397439e-05	3.08540794878e-05	0	0
0	0.00041267331315	1.54270397439e-05	0	0	0	3.85675993598e-06	0	0	0	0	0.00292342403147	0	0.00446612800586	0	0	0	0.000134986597759	0.000266116435582	0.000597797790077	0	3.85675993598e-06	3.85675993598e-06	1.54270397439e-05	0	0.011142179455	0.00274601307442	0.00280386447346	0	3.85675993598e-06	0	4.62811192317e-05	0	0	0.000339394874366	0	0.000428100352894	7.71351987196e-06	0	0	0	0	0	0	0	0	0.0006325086295	0	0.000555373430781	0	0	0	3.47108394238e-05	5.01378791677e-05	0.000154270397439	0	0	3.85675993598e-06	0	0	0.00148099581542	0.000524519351293	0.00041267331315	0	0	0	7.71351987196e-06	0	0	3.85675993598e-05	3.08540794878e-05	0.000752068187516	0.000181267716991	2.69973195518e-05	0	3.85675993598e-06	0.000115702798079	7.71351987196e-06	0.000543803150973	0.000150413637503	1.15702798079e-05	0	3.85675993598e-06	0.000111846038143
1.15702798079e-05	0.00300827275006	0.00837688258094	0	0	7.71351987196e-06	1.15702798079e-05	2.31405596159e-05	1.15702798079e-05	1.15702798079e-05	0	0.0102666949496	7.71351987196e-06	0.00487108779914	1.92837996799e-05	3.85675993598e-06	6.55649189116e-05	0.00900167769057	0.00340166226353	0.0126578861099	3.85675993598e-06	0.000331681354494	0.000235262356095	0.00229091540197	1.92837996799e-05	0.00274601307442	0.0642921881327	0.0223884914284	6.94216788476e-05	6.94216788476e-05	0.000196694756735	0.000740497907708	1.15702798079e-05	1.54270397439e-05	0.00576971286422	0	0.00219835316351	0.000188981236863	0	0	0	0	7.71351987196e-06	0	7.71351987196e-06	0	0.00033553811443	0	0.00037410571379	0	0	1.15702798079e-05	0.000250689395839	6.55649189116e-05	0.00027768671539	0	2.31405596159e-05	0.000131129837823	6.17081589756e-05	3.85675993598e-06	0.00121873613977	0.000937192664443	0.00150799313497	0	0	1.15702798079e-05	2.69973195518e-05	0	0	8.87054785275e-05	0.000794492546811	0.00305841062923	0.00317411342731	0.000952619704187	3.47108394238e-05	4.62811192317e-05	4.24243592958e-05	4.24243592958e-05	0.000786779026939	0.000208265036543	5.01378791677e-05	0	7.71351987196e-06	2.31405596159e-05
3.85675993598e-05	0.00599726170045	0.0169427463988	0	3.85675993598e-06	0	0	0.000115702798079	2.31405596159e-05	0.000107989278207	0	0.00281157799333	3.85675993598e-06	0.00414216017124	3.08540794878e-05	3.85675993598e-06	0.00279615095358	0.00353279210136	0.000551516670845	0.00283471855294	3.85675993598e-06	0.00182810420965	0.00338623522379	0.014335576682	0.00035482191411	0.00280386447346	0.0223884914284	0.0739495150124	0.000713500588156	0.000158127157375	0.000798349306747	0.000254546155775	3.85675993598e-06	8.87054785275e-05	0.0043735657674	3.85675993598e-06	0.0021867828837	0.000289256995198	0	3.85675993598e-06	3.85675993598e-06	1.15702798079e-05	4.62811192317e-05	7.71351987196e-06	0.000115702798079	3.85675993598e-06	0.000185124476927	7.71351987196e-06	0.000219835316351	0	0	0.000231405596159	0.00029697051507	3.08540794878e-05	0.000215978556415	3.85675993598e-06	0.000115702798079	0.00128430105868	0.000385675993598	6.94216788476e-05	0.000701930308348	0.000505235551613	0.00162755269298	5.39946391037e-05	0	5.78513990397e-05	1.15702798079e-05	0	0	0.000173554197119	0.00138457681702	0.00246446959909	0.00312011878821	0.00131129837823	6.94216788476e-05	6.94216788476e-05	1.92837996799e-05	0.000154270397439	0.000782922267003	0.000327824594558	0.000100275758335	1.54270397439e-05	3.85675993598e-06	7.71351987196e-06
0.00135757949746	6.55649189116e-05	0.000601654550013	0	0.00568872090557	3.85675993598e-06	0.00135757949746	0.016445224367	0.00124573345932	0.00279229419365	0.00566172358602	0	0.00225234780261	3.85675993598e-06	0.000898625065083	1.54270397439e-05	0.00124959021926	0.000177410957055	0	1.15702798079e-05	0.00481709316004	0.00822646894344	0.00178953661029	0.00653335133155	0.0139499006884	0	6.94216788476e-05	0.000713500588156	0.0520701158956	0.00191680968818	0.00808762558575	0	0	0.00128044429874	0.00315482962763	3.85675993598e-05	2.31405596159e-05	1.15702798079e-05	0	4.24243592958e-05	0	3.08540794878e-05	0.000285400235262	3.85675993598e-05	0.00129587133849	8.87054785275e-05	0	0.000115702798079	0	2.31405596159e-05	3.85675993598e-06	8.48487185915e-05	7.71351987196e-06	0	0	6.55649189116e-05	1.54270397439e-05	0.000196694756735	2.31405596159e-05	0.000944906184315	0	0	1.54270397439e-05	0.000347108394238	1.54270397439e-05	5.78513990397e-05	0	0	0	1.54270397439e-05	0.00109146306188	0.000254546155775	0.00133058217791	0.00065179242918	0.000185124476927	3.08540794878e-05	0	0.000104132518271	7.71351987196e-05	3.08540794878e-05	2.69973195518e-05	4.24243592958e-05	3.85675993598e-06	0
0.00399946005361	1.92837996799e-05	0.000185124476927	0	0.000111846038143	0.00124573345932	0.00194766376767	0.00253389127794	0.00603582929981	0.000408816553214	0.00039338951347	0.000281543475326	0.000327824594558	2.69973195518e-05	0.0129895674644	0.000127273077887	0.000111846038143	0.000165840677247	3.85675993598e-06	7.32784387836e-05	0.000192837996799	0.00139229033689	0.000215978556415	0.00116474150067	0.000806062826619	3.85675993598e-06	6.94216788476e-05	0.000158127157375	0.00191680968818	0.0406425362053	0.0107873575409	0	0.00223306400293	0.00985402163642	0.011685982606	0	1.15702798079e-05	3.85675993598e-06	0	1.15702798079e-05	0	1.92837996799e-05	4.62811192317e-05	3.85675993598e-06	0.000231405596159	1.54270397439e-05	0	2.31405596159e-05	0	7.71351987196e-06	0	1.15702798079e-05	0	0	0	7.71351987196e-06	1.54270397439e-05	3.47108394238e-05	1.54270397439e-05	0.000188981236863	1.15702798079e-05	3.85675993598e-06	3.85675993598e-06	0.000107989278207	3.85675993598e-06	0	0	0	0	0	0.00160055537343	0.000219835316351	0.00440056308695	0.00129972809842	0.000381819233662	0.000536089631101	1.15702798079e-05	2.69973195518e-05	3.47108394238e-05	3.85675993598e-06	7.71351987196e-06	7.71351987196e-06	0	0
0.00298127543051	5.39946391037e-05	0.00159284185356	0	0.000107989278207	1.15702798079e-05	0.00041267331315	0.00877798561429	0.000964189983994	0.00137300653721	0.000235262356095	3.47108394238e-05	0.000192837996799	3.85675993598e-06	0.00205179628594	1.54270397439e-05	0.000416530073086	0.000890911545211	0	5.01378791677e-05	0.000185124476927	0.0146479742368	0.00129972809842	0.0106523709432	0.00263031027634	0	0.000196694756735	0.000798349306747	0.00808762558575	0.0107873575409	0.0460420001157	0	7.71351987196e-06	0.00480937964016	0.00915209132808	3.08540794878e-05	1.92837996799e-05	1.54270397439e-05	0	3.47108394238e-05	0	2.69973195518e-05	0.000200551516671	2.69973195518e-05	0.000721214108028	4.62811192317e-05	0	4.24243592958e-05	0	1.92837996799e-05	0	6.94216788476e-05	3.85675993598e-06	0	0	3.85675993598e-05	4.24243592958e-05	0.000161983917311	4.24243592958e-05	0.000532232871165	0	7.71351987196e-06	2.69973195518e-05	0.000250689395839	7.71351987196e-06	6.94216788476e-05	0	3.85675993598e-06	0	1.92837996799e-05	0.00251075071832	0.000570800470525	0.00352122182155	0.00163912297279	0.000131129837823	0.000111846038143	1.54270397439e-05	7.32784387836e-05	6.55649189116e-05	1.92837996799e-05	1.54270397439e-05	2.31405596159e-05	3.85675993598e-06	0
0	0	0	0	0	0	0	0	0	0	0	0.000578513990397	0	0.000713500588156	0	0	0	3.85675993598e-06	7.71351987196e-06	7.71351987196e-06	0	0	0	0	0	4.62811192317e-05	0.000740497907708	0.000254546155775	0	0	0	0.00118402530035	0	0	2.69973195518e-05	0	7.71351987196e-06	0	0	0	0	0	0	0	0	0	0	0	0	0	0	0	0	0	0	0	0	0	0	0	1.92837996799e-05	0	0	0	0	0	0	0	0	0	0	7.71351987196e-06	3.85675993598e-06	0	0	0	0	0	3.85675993598e-06	0	0	0	0	0
7.71351987196e-06	0	7.71351987196e-06	0	0	0.00273058603467	0.000705787068284	0	0.000647935669244	0	3.85675993598e-06	3.85675993598e-05	3.85675993598e-06	0	0.00150799313497	1.15702798079e-05	0	7.71351987196e-06	3.85675993598e-06	1.15702798079e-05	0	0	0	3.85675993598e-06	3.85675993598e-06	0	1.15702798079e-05	3.85675993598e-06	0	0.00223306400293	7.71351987196e-06	0	0.00505621227607	4.24243592958e-05	0.00105675222246	0	0	0	0	0	0	0	0	0	0	0	0	0	0	0	0	0	0	0	0	0	0	0	0	0	0	0	0	0	0	0	0	0	0	0	1.54270397439e-05	3.85675993598e-06	0.000169697437183	3.47108394238e-05	3.47108394238e-05	0.000192837996799	0	0	0	0	0	0	0	0
0.00131129837823	1.15702798079e-05	0.000123416317951	0	5.78513990397e-05	3.85675993598e-05	0.000447384152573	0.0014154308965	0.00102975490291	0.000293113755134	0.000154270397439	3.47108394238e-05	0.000131129837823	1.15702798079e-05	0.00210193416511	1.92837996799e-05	8.48487185915e-05	0.000100275758335	0	1.15702798079e-05	0.000138843357695	0.00103746842278	0.000192837996799	0.000794492546811	0.000543803150973	0	1.54270397439e-05	8.87054785275e-05	0.00128044429874	0.00985402163642	0.00480937964016	0	4.24243592958e-05	0.0133829569778	0.00781765239023	0	3.85675993598e-06	7.71351987196e-06	0	1.15702798079e-05	0	2.31405596159e-05	2.31405596159e-05	7.71351987196e-06	0.000192837996799	1.54270397439e-05	0	1.15702798079e-05	0	7.71351987196e-06	0	7.71351987196e-06	0	0	0	1.15702798079e-05	7.71351987196e-06	2.31405596159e-05	1.15702798079e-05	0.000146556877567	0	3.85675993598e-06	0	6.55649189116e-05	0	3.85675993598e-06	0	0	0	3.85675993598e-06	0.00183581772953	0.000212121796479	0.00301984302987	0.00113003066124	0.000119559558015	0.000107989278207	3.85675993598e-06	1.54270397439e-05	1.54270397439e-05	3.85675993598e-06	3.85675993598e-06	3.85675993598e-06	0	0
0.00143471469618	0.000725070867964	0.00575814258441	0	6.55649189116e-05	0.00115702798079	0.000852343945851	0.00206336656575	0.00216364232408	0.000698073548412	0.000146556877567	0.00541874771005	0.000150413637503	0.000470524712189	0.00404574117284	6.94216788476e-05	0.000551516670845	0.00851958269857	0.00029697051507	0.00505235551613	0.000134986597759	0.00613610505814	0.00137300653721	0.0126116049906	0.00124959021926	0.000339394874366	0.00576971286422	0.0043735657674	0.00315482962763	0.011685982606	0.00915209132808	2.69973195518e-05	0.00105675222246	0.00781765239023	0.0584993347089	3.85675993598e-06	0.000478238232061	6.17081589756e-05	0	7.71351987196e-06	0	3.08540794878e-05	9.64189983994e-05	3.08540794878e-05	0.000466667952253	2.31405596159e-05	5.39946391037e-05	3.47108394238e-05	4.62811192317e-05	2.31405596159e-05	3.85675993598e-06	4.62811192317e-05	5.78513990397e-05	7.71351987196e-06	4.24243592958e-05	1.54270397439e-05	4.24243592958e-05	0.000347108394238	6.55649189116e-05	0.00035482191411	0.000192837996799	8.87054785275e-05	0.000362535433982	0.000173554197119	7.71351987196e-06	3.47108394238e-05	0	3.85675993598e-06	3.85675993598e-06	5.78513990397e-05	0.00993115683514	0.0053917503905	0.0251615018223	0.00898239389089	0.000713500588156	0.0011146036215	0.000127273077887	0.000227548836223	0.000235262356095	0.000107989278207	7.32784387836e-05	2.31405596159e-05	7.71351987196e-06	1.15702798079e-05
3.85675993598e-06	0	3.85675993598e-06	0	3.85675993598e-06	0	3.85675993598e-06	2.31405596159e-05	7.71351987196e-06	6.55649189116e-05	0	0	3.85675993598e-06	0	0	0	0	0	0	0	0	2.31405596159e-05	4.24243592958e-05	7.71351987196e-06	3.85675993598e-05	0	0	3.85675993598e-06	3.85675993598e-05	0	3.08540794878e-05	0	0	0	3.85675993598e-06	0.0125344697919	0	1.54270397439e-05	0	3.85675993598e-05	7.71351987196e-06	0.00115317122086	0.00455869024433	0.00222149372312	0.000242975875967	0.000863914225659	0	0.000142700117631	0	0.00309312146865	0.000131129837823	8.48487185915e-05	1.54270397439e-05	0	0	5.78513990397e-05	0.000161983917311	0.000107989278207	0.000127273077887	0.000532232871165	0	0	2.69973195518e-05	0.000586227510269	0.00305455386929	0.000740497907708	0	7.71351987196e-06	0.000208265036543	0.000134986597759	1.15702798079e-05	7.71351987196e-06	3.85675993598e-06	3.85675993598e-06	1.15702798079e-05	0	0	0.000532232871165	0.000188981236863	0.000262259675646	7.71351987196e-05	0.000424243592958	3.85675993598e-05	0
0	0.00327053242571	0.00125344697919	0	0	0	0	3.85675993598e-06	0	3.85675993598e-06	0	0.000308540794878	0	0.000150413637503	0	0	1.92837996799e-05	0.000628651869564	3.85675993598e-05	0.000482094991997	0	3.85675993598e-05	0.000115702798079	0.000347108394238	1.15702798079e-05	0.000428100352894	0.00219835316351	0.0021867828837	2.31405596159e-05	1.15702798079e-05	1.92837996799e-05	7.71351987196e-06	0	3.85675993598e-06	0.000478238232061	0	0.0240199008813	0.00169311761189	0	0	3.85675993598e-06	3.85675993598e-06	1.92837996799e-05	7.71351987196e-06	8.09919586555e-05	0	0.000416530073086	0	0.000350965154174	0	0	0.000258402915711	0.00196694756735	0.000111846038143	0.00104518194265	0	0.000161983917311	0.00210964768498	0.000771351987196	0.000107989278207	0.00370248953854	0.00380276529687	0.0141928765644	4.62811192317e-05	0	0.000107989278207	1.92837996799e-05	0	0	0.000582370750333	8.09919586555e-05	0.000512949071485	0.000320111074686	9.25622384635e-05	3.85675993598e-06	3.85675993598e-06	0	0.000377962473726	0.00321653778661	0.00134215245772	0.000350965154174	2.69973195518e-05	1.92837996799e-05	2.31405596159e-05
0	0.000404959793278	0.000289256995198	0	0	0	0	0	0	0	0	1.54270397439e-05	0	0	0	0	7.71351987196e-06	7.32784387836e-05	3.85675993598e-06	3.08540794878e-05	0	4.24243592958e-05	8.09919586555e-05	0.000123416317951	0	7.71351987196e-06	0.000188981236863	0.000289256995198	1.15702798079e-05	3.85675993598e-06	1.54270397439e-05	0	0	7.71351987196e-06	6.17081589756e-05	1.54270397439e-05	0.00169311761189	0.0199741597084	0	0	7.71351987196e-06	7.71351987196e-06	0.000107989278207	1.15702798079e-05	4.24243592958e-05	1.54270397439e-05	6.17081589756e-05	3.85675993598e-06	2.69973195518e-05	1.15702798079e-05	0	0.000528376111229	0.0057350020248	0	0.000458954432381	0	0.000817633106427	0.000925622384635	0.00478238232061	0.000127273077887	8.87054785275e-05	0.00265345083595	0.00828817710242	0.000150413637503	2.31405596159e-05	0.000462811192317	0	0	7.71351987196e-06	0.000809919586555	3.47108394238e-05	8.87054785275e-05	4.62811192317e-05	1.54270397439e-05	0	0	0	0.000659505949052	0.00232948300133	0.00148485257535	0.000528376111229	5.39946391037e-05	3.47108394238e-05	7.71351987196e-06
0	0	0	0	0	0	0	0	0	0	0	0	0	0	0	0	0	0	0	0	0	0	0	0	0	0	0	0	0	0	0	0	0	0	0	0	0	0	0	0	0	0	0	0	0	0	0	0	0	0	0	0	0	0	0	0	0	0	0	0	0	0	0	0	0	0	0	0	0	0	0	0	0	0	0	0	0	0	0	0	0	0	0	0
0	0	0	0	0.000435813872765	0	7.71351987196e-06	3.08540794878e-05	3.85675993598e-06	9.64189983994e-05	0	0	0.000239119116031	0	3.85675993598e-06	3.85675993598e-06	0	0	0	0	5.01378791677e-05	3.85675993598e-06	7.71351987196e-06	0	4.24243592958e-05	0	0	3.85675993598e-06	4.24243592958e-05	1.15702798079e-05	3.47108394238e-05	0	0	1.15702798079e-05	7.71351987196e-06	3.85675993598e-05	0	0	0	0.0122953506759	0	0.000497522031741	0.000817633106427	0.000107989278207	0.000428100352894	0.00331681354494	0	0.00215592880421	0	0.000100275758335	0	1.15702798079e-05	0	0	0	0.00779065507068	3.85675993598e-06	0	1.15702798079e-05	0.00274215631448	0	0	7.71351987196e-06	0.004277146769	7.71351987196e-06	3.08540794878e-05	0	0	0	7.71351987196e-06	3.85675993598e-06	0	3.85675993598e-06	3.85675993598e-06	1.54270397439e-05	0	0	2.31405596159e-05	3.85675993598e-06	7.71351987196e-06	0	1.15702798079e-05	0	0
0	3.85675993598e-06	3.85675993598e-06	0	0	0	0	0	0	0	0	0	0	0	0	0	0	0	0	0	0	0	0	0	0	0	0	3.85675993598e-06	0	0	0	0	0	0	0	7.71351987196e-06	3.85675993598e-06	7.71351987196e-06	0	0	0.00328981622539	0.00197851784716	0	0.00143857145612	0	3.85675993598e-06	7.71351987196e-06	3.85675993598e-06	0	0.000435813872765	0.000424243592958	3.85675993598e-06	0	0	0	0	3.85675993598e-06	0	3.85675993598e-06	3.85675993598e-06	3.85675993598e-06	3.85675993598e-06	0	3.85675993598e-06	0.000131129837823	3.85675993598e-06	0	0.000269973195518	0	0.000304684034942	0	0	0	0	0	0	0	4.62811192317e-05	2.31405596159e-05	0.000177410957055	4.62811192317e-05	0.000563086950653	0.000937192664443	3.85675993598e-06
