0.0188095562874	0.000151022078454	0.00388760060019	0	1.94867198005e-05	1.46150398503e-05	0.000180252158154	0.0123253502738	0.0062698520958	0.000643061753415	0.000341017596508	0.000248455677456	6.82035193016e-05	0	0.0109223064482	0.000141278718553	0.000170508798254	0.00044819455541	1.46150398503e-05	0.000243583997506	4.87167995011e-06	0.00270865405226	0.00041409279576	0.00531013114562	0.000170508798254	4.87167995011e-06	0.00086228735117	0.00087203071107	0.00386324220044	0.00609447161759	0.00197790205975	0	0	5.35884794513e-05	0.000628446713565	1.94867198005e-05	0	9.74335990023e-06	0	0	0	0	0	1.94867198005e-05	0.000267942397256	4.87167995011e-06	0.000151022078454	4.87167995011e-06	7.30751992517e-05	8.76902391021e-05	0	0.000112048638853	0	1.46150398503e-05	4.87167995011e-06	4.87167995011e-06	1.46150398503e-05	0.000282557437107	7.79468792018e-05	0.000165637118304	9.25619190522e-05	9.25619190522e-05	1.94867198005e-05	0.000155893758404	0.000155893758404	9.74335990023e-06	4.87167995011e-06	4.87167995011e-06	0	0.000360504316308	0.000477424635111	0.000297172476957	0.000886645750921	0.000194867198005	4.3845119551e-05	1.94867198005e-05	9.74335990023e-06	0.000389734396009	9.74335990023e-05	0.000272814077206	3.89734396009e-05	9.74335990023e-06	1.46150398503e-05	1.46150398503e-05
0.000151022078454	0.0272083325214	0.00318120700742	0	4.87167995011e-06	0	0.000112048638853	0.000584601594014	0.000306915836857	0.00375606524154	0.000175380478204	0.000282557437107	0.000131535358653	0.000141278718553	0.000321530876708	0.000141278718553	0.00130073854668	0.000940234230372	4.87167995011e-06	0.00042870783561	1.46150398503e-05	4.87167995011e-05	0.0084864664731	0.000657676793265	0.00300095484927	0.00358068476333	0.00669368825146	0.0213233431416	0.00087203071107	0.000267942397256	0.000384862716059	0	0	1.94867198005e-05	0.000326402556658	2.43583997506e-05	0.0124520139525	0.000886645750921	0	4.87167995011e-06	0	0	9.74335990023e-06	9.74335990023e-06	1.94867198005e-05	1.94867198005e-05	6.82035193016e-05	2.43583997506e-05	0.000272814077206	7.30751992517e-05	0	2.43583997506e-05	0.00184636670109	2.92300797007e-05	0.000492039674962	2.43583997506e-05	1.94867198005e-05	4.87167995011e-05	0.000691778552916	5.84601594014e-05	0.000487167995011	0.00244558333496	0.00679599353041	0.000136407038603	8.28185591519e-05	3.41017596508e-05	0.000136407038603	9.74335990023e-06	0	0.00101818110957	0.00185611006099	0.000823313911569	0.00041896447571	9.25619190522e-05	2.43583997506e-05	0	2.43583997506e-05	0.000969464310073	0.000574858234113	0.000258199037356	5.84601594014e-05	9.74335990023e-06	0	3.41017596508e-05
0.00388760060019	0.00318120700742	0.0458766100902	0	0	1.46150398503e-05	0.000121791998753	0.0043065650759	0.00302531324902	0.00041409279576	7.30751992517e-05	0.000175380478204	3.41017596508e-05	1.46150398503e-05	0.00419451643705	0.000160765438354	0.000945105910322	0.00983105013933	2.43583997506e-05	0.000628446713565	4.87167995011e-06	0.00149073406473	0.0019925170996	0.0164565348715	0.000667420153166	1.46150398503e-05	0.0156770660795	0.0142837656137	0.00149560574468	0.00102305278952	0.00233840637605	0	4.87167995011e-06	5.84601594014e-05	0.000881774070971	3.89734396009e-05	0.00554884346318	0.00583140090029	0	0	0	0	0	1.46150398503e-05	6.82035193016e-05	0	3.41017596508e-05	0	9.74335990023e-05	6.33318393515e-05	0	0.000131535358653	0.00118381822788	2.43583997506e-05	0.000550499834363	0	0.000214353917805	0.00043357951556	0.00206559229885	0.000126663678703	0.000102305278952	0.00627472377575	0.00468655611201	0.000180252158154	6.33318393515e-05	3.89734396009e-05	4.3845119551e-05	4.87167995011e-06	0	0.000375119356159	0.00642087417425	0.00190969854044	0.00172457470234	0.000297172476957	0.000214353917805	9.74335990023e-06	5.35884794513e-05	0.000725880312567	0.000180252158154	0.000185123838104	0.000321530876708	4.87167995011e-06	0	0
0	0	0	0	0	0	0	0	0	0	0	0	0	0	0	0	0	0	0	0	0	0	0	0	0	0	0	0	0	0	0	0	0	0	0	0	0	0	0	0	0	0	0	0	0	0	0	0	0	0	0	0	0	0	0	0	0	0	0	0	0	0	0	0	0	0	0	0	0	0	0	0	0	0	0	0	0	0	0	0	0	0	0	0
1.94867198005e-05	4.87167995011e-06	0	0	0.0201590116336	1.46150398503e-05	0.00173918974219	0.00387785724029	0.00087203071107	0.00123253502738	0.00136894206598	4.87167995011e-06	0.00316172028762	1.46150398503e-05	0.000151022078454	0.000292300797007	0	0	0	4.87167995011e-06	0.00831108599489	1.46150398503e-05	0	9.74335990023e-06	0.00270378237231	0	4.87167995011e-06	0	0.00345889276458	4.87167995011e-06	0	0	0	0	4.87167995011e-06	0.000170508798254	4.3845119551e-05	1.94867198005e-05	0	0.0102646296549	0	0.000682035193016	1.46150398503e-05	0.00043357951556	0.000633318393515	0.00580704250054	0.000457937915311	0.00135432702613	4.87167995011e-05	0.000331274236608	4.87167995011e-06	9.74335990023e-06	0	8.28185591519e-05	5.84601594014e-05	0.00281095933122	2.92300797007e-05	9.74335990023e-06	7.30751992517e-05	0.00523705594637	9.74335990023e-06	0.000170508798254	8.76902391021e-05	0.0041799013972	0.000228968957655	1.46150398503e-05	0	4.3845119551e-05	0	0.00121304830758	0.000277685757156	3.89734396009e-05	0.000336145916558	0.000219225597755	0.000243583997506	1.94867198005e-05	4.87167995011e-06	0.000779468792018	5.84601594014e-05	0.000979207669973	0.000136407038603	1.94867198005e-05	0.000155893758404	7.79468792018e-05
1.46150398503e-05	0	1.46150398503e-05	0	1.46150398503e-05	0.00444784379445	0.00297172476957	3.89734396009e-05	0.00106689790907	0	0.000146150398503	0	0.000160765438354	0	6.82035193016e-05	0.00117407486798	0	5.35884794513e-05	0	0	5.84601594014e-05	0.000160765438354	2.92300797007e-05	0.000316659196757	1.94867198005e-05	0	0	4.3845119551e-05	2.43583997506e-05	1.94867198005e-05	1.94867198005e-05	0	0.00134458366623	0	0.000287429117057	4.87167995011e-06	0	0	0	0	0	4.87167995011e-06	0	2.43583997506e-05	0	4.87167995011e-06	3.89734396009e-05	9.74335990023e-06	4.87167995011e-06	4.87167995011e-06	0	0	0	0	0	0	0	0	1.94867198005e-05	2.43583997506e-05	0	0	0	9.74335990023e-06	2.43583997506e-05	0	0	0	0	0.000107176958903	8.76902391021e-05	1.46150398503e-05	0.000521269754662	0.000467681275211	0.000604088313814	0.00125202174718	0	0	9.74335990023e-06	6.82035193016e-05	3.41017596508e-05	0	1.94867198005e-05	0
0.000180252158154	0.000112048638853	0.000121791998753	0	0.00173918974219	0.00297172476957	0.0494037063741	0.00670343161136	0.0267844963657	0.000920747510572	0.0186780209287	0.000531013114562	0.0123643237134	9.25619190522e-05	0.00519808250677	0.00255763197381	0.000682035193016	0.000331274236608	0	0.000326402556658	0.00543192314438	0.000462809595261	0.000730751992517	0.000774597112068	0.000993822709823	0	0.000253327357406	0.000521269754662	0.00348812284428	0.00044332287546	0.000165637118304	0	0.000774597112068	0	0.00105715454917	0.000175380478204	1.94867198005e-05	9.74335990023e-06	0	0.000282557437107	0	0.00041409279576	9.74335990023e-06	0.000569986554163	0.000370247676209	0.000194867198005	0.00040922111581	0.000647933433365	6.33318393515e-05	0.000584601594014	0	0	0	0.000102305278952	5.84601594014e-05	0.000302044156907	0.000107176958903	0.000146150398503	0.000209482237855	0.00084767231132	4.87167995011e-06	8.76902391021e-05	3.41017596508e-05	0.000638190073465	0.000628446713565	4.87167995011e-06	0	0.000224097277705	0	0.00159303934369	0.00200713213945	0.000384862716059	0.00550012666368	0.00285480445077	0.00306428668862	0.00142253054543	7.30751992517e-05	8.28185591519e-05	3.41017596508e-05	0.00136894206598	0.000141278718553	9.74335990023e-05	0.000336145916558	0.000516398074712
0.0123253502738	0.000584601594014	0.0043065650759	0	0.00387785724029	3.89734396009e-05	0.00670343161136	0.0772063838494	0.0218982013758	0.00512500730752	0.0188095562874	0.00112535806848	0.000876902391021	2.92300797007e-05	0.0174113841417	0.00140791550558	0.00265506557281	0.00165149950309	3.41017596508e-05	0.00139817214568	0.000735623672467	0.00595806457899	0.00250891517431	0.00617729017674	0.00597267961884	7.79468792018e-05	0.00206559229885	0.00308864508837	0.0325087203071	0.00666932985171	0.00673753337101	0	9.74335990023e-06	0.00145663230508	0.00464271099246	0.000350760956408	2.92300797007e-05	7.79468792018e-05	0	0.00493988346942	0	0.000769725432118	6.33318393515e-05	0.000784340471968	0.00248942845451	0.00299608316932	0.00084767231132	0.000959720950172	0.000282557437107	0.000643061753415	0	4.3845119551e-05	3.41017596508e-05	0.000160765438354	6.82035193016e-05	0.000803827191769	0.000126663678703	0.000784340471968	0.000545628154413	0.00698111736851	0.000204610557905	0.000321530876708	0.000224097277705	0.00532474618547	0.00085741567122	0.000399477755909	9.74335990023e-06	4.87167995011e-05	3.89734396009e-05	0.00223122941715	0.00296685308962	0.000584601594014	0.00652805113315	0.00126176510708	0.000584601594014	3.41017596508e-05	4.3845119551e-05	0.00115458814818	0.000579729914064	0.00154432254419	0.000467681275211	9.25619190522e-05	0.000302044156907	0.000136407038603
0.0062698520958	0.000306915836857	0.00302531324902	0	0.00087203071107	0.00106689790907	0.0267844963657	0.0218982013758	0.0700839877623	0.00248942845451	0.0200859364343	0.00487167995011	0.00475475963131	0.000306915836857	0.0307208137654	0.000545628154413	0.00172944638229	0.000691778552916	0.000107176958903	0.00247481341466	0.00301069820917	0.00269403901241	0.00156380926399	0.00455502075336	0.00242609661516	0.000102305278952	0.00153945086424	0.00147124734493	0.0120281777968	0.00202661885925	0.000360504316308	0	0.00111074302863	3.41017596508e-05	0.00538807802483	0.000467681275211	4.3845119551e-05	4.87167995011e-05	0	0.000384862716059	0	0.000686906872966	0.000141278718553	0.00103279614942	0.00084280063137	0.000204610557905	0.00130073854668	0.00128612350683	0.000180252158154	0.00137868542588	9.74335990023e-06	5.84601594014e-05	1.94867198005e-05	0.000214353917805	0.000141278718553	0.000662548473216	0.000175380478204	0.000735623672467	0.000457937915311	0.00137381374593	6.82035193016e-05	0.000243583997506	0.000107176958903	0.00155893758404	0.00177329150184	0.000394606075959	0	0.000345889276458	1.46150398503e-05	0.00433092347565	0.00287916285052	0.00123740670733	0.011813823879	0.0041214412378	0.00243583997506	0.000730751992517	0.000979207669973	0.00104253950932	0.000384862716059	0.00351735292398	0.000384862716059	0.000165637118304	0.000652805113315	0.000833057271469
0.000643061753415	0.00375606524154	0.00041409279576	0	0.00123253502738	0	0.000920747510572	0.00512500730752	0.00248942845451	0.0357922325935	0.000794083831869	0.000243583997506	0.00246019837481	0.000175380478204	0.00205584893895	0.00398990587914	0.000180252158154	0.000287429117057	4.87167995011e-06	0.00040922111581	0.000219225597755	2.92300797007e-05	0.00741469688407	0.000238712317556	0.0154675838416	0.00252840189411	0.00152483582439	0.00395580411949	0.0107517976499	0.00131535358653	0.00158329598379	0	0	8.76902391021e-05	0.00101818110957	0.000565114874213	6.33318393515e-05	0.000146150398503	0	0.00264045053296	0	1.46150398503e-05	0.000214353917805	0.000384862716059	0.0130512305864	0.00130561022663	0.000316659196757	5.35884794513e-05	0.000136407038603	0.000716136952667	1.94867198005e-05	0.00154919422414	4.87167995011e-05	2.92300797007e-05	2.92300797007e-05	1.46150398503e-05	3.41017596508e-05	0.00517859578697	0.000155893758404	0.00670343161136	0.000126663678703	7.79468792018e-05	0.000355632636358	0.00843287799365	0.000774597112068	0.000682035193016	5.84601594014e-05	7.30751992517e-05	0.000194867198005	0.00149560574468	0.00419451643705	0.000316659196757	0.00122279166748	0.000185123838104	0.000677163513066	9.74335990023e-06	9.74335990023e-06	0.00441861371475	0.000399477755909	0.00131535358653	0.000618703353664	0.000224097277705	0.000136407038603	5.35884794513e-05
0.000341017596508	0.000175380478204	7.30751992517e-05	0	0.00136894206598	0.000146150398503	0.0186780209287	0.0188095562874	0.0200859364343	0.000794083831869	0.0530428512968	0.00207533565875	0.00531500282557	0.000107176958903	0.00614806009704	0.000160765438354	0.00152970750434	0.000155893758404	3.41017596508e-05	0.00169534462264	0.00540756474463	0.000155893758404	0.00113510142838	0.000496911354912	0.00167098622289	1.94867198005e-05	0.000735623672467	0.000984079349923	0.00583627258024	0.000521269754662	9.25619190522e-05	0	0	1.46150398503e-05	0.00274275581191	0.000272814077206	1.94867198005e-05	3.89734396009e-05	0	0.000682035193016	4.87167995011e-06	0.000682035193016	9.74335990023e-06	0.000672291833116	0.000360504316308	0.00148586238478	0.000375119356159	0.00190969854044	9.74335990023e-05	0.000492039674962	1.46150398503e-05	9.74335990023e-06	2.43583997506e-05	8.76902391021e-05	4.3845119551e-05	0.00134945534618	0.000151022078454	0.000326402556658	0.000394606075959	0.00138355710583	0.000224097277705	0.000263070717306	9.74335990023e-05	0.000521269754662	0.000321530876708	9.74335990023e-06	9.74335990023e-06	1.46150398503e-05	0	0.000954849270222	0.00252353021416	0.00114484478828	0.00776545784048	0.00273301245201	0.000555371514313	0.000136407038603	0.000165637118304	0.000214353917805	0.000160765438354	0.00083792895142	0.000209482237855	5.84601594014e-05	5.35884794513e-05	0.000209482237855
0.000248455677456	0.000282557437107	0.000175380478204	0	4.87167995011e-06	0	0.000531013114562	0.00112535806848	0.00487167995011	0.000243583997506	0.00207533565875	0.0295467388974	4.3845119551e-05	0.00328351228638	0.00493501178947	4.87167995011e-05	0.000126663678703	0.00118381822788	0.00155893758404	0.0109028197284	0.000228968957655	0.000258199037356	0.000272814077206	0.000453066235361	0.000204610557905	0.00144201726523	0.00754623224273	0.00116920318803	0.000350760956408	0.00111074302863	6.82035193016e-05	0	9.74335990023e-05	1.46150398503e-05	0.00934875382427	3.41017596508e-05	6.33318393515e-05	0	0	0	0	4.87167995011e-06	4.3845119551e-05	7.30751992517e-05	0.000102305278952	4.87167995011e-06	0.00206559229885	6.82035193016e-05	0.00342966268488	2.43583997506e-05	0	4.3845119551e-05	1.46150398503e-05	0.000492039674962	5.84601594014e-05	4.87167995011e-06	1.94867198005e-05	9.25619190522e-05	4.87167995011e-05	0.000185123838104	0.00340530428513	0.000750238712318	0.000774597112068	0.000277685757156	0.000131535358653	4.87167995011e-06	0.000574858234113	1.94867198005e-05	0	0.000813570551669	0.00325428220668	0.00652805113315	0.0126614961903	0.00112048638853	4.3845119551e-05	4.87167995011e-06	0.00151022078454	0.000175380478204	4.3845119551e-05	0.000618703353664	6.82035193016e-05	1.94867198005e-05	6.33318393515e-05	5.84601594014e-05
6.82035193016e-05	0.000131535358653	3.41017596508e-05	0	0.00316172028762	0.000160765438354	0.0123643237134	0.000876902391021	0.00475475963131	0.00246019837481	0.00531500282557	4.3845119551e-05	0.0343648303681	4.87167995011e-06	0.000979207669973	0.00293762300992	2.43583997506e-05	3.41017596508e-05	0	1.46150398503e-05	0.0127296997096	9.74335990023e-06	0.000365375996259	2.43583997506e-05	0.00187559678079	5.84601594014e-05	0.000102305278952	0.000316659196757	0.000906132470721	0.000209482237855	4.87167995011e-05	0	0	4.87167995011e-06	0.000238712317556	0.000170508798254	0	9.74335990023e-06	0	0.00129586686673	4.87167995011e-06	0.00340530428513	3.41017596508e-05	0.0020412338991	0.000258199037356	0.00167098622289	0.000813570551669	0.00976284662003	0.000102305278952	0.00308864508837	3.89734396009e-05	0	1.46150398503e-05	5.35884794513e-05	1.46150398503e-05	0.00777032952043	9.74335990023e-06	0	1.94867198005e-05	0.00042870783561	2.43583997506e-05	5.84601594014e-05	1.46150398503e-05	0.000170508798254	0.00159791102364	0	9.74335990023e-06	0.000321530876708	0	0.00182200830134	9.74335990023e-05	5.84601594014e-05	0.00131048190658	0.000643061753415	0.000535884794513	0.000219225597755	1.94867198005e-05	0.000170508798254	1.94867198005e-05	0.000735623672467	0.000155893758404	0.000263070717306	9.25619190522e-05	0.000155893758404
0	0.000141278718553	1.46150398503e-05	0	1.46150398503e-05	0	9.25619190522e-05	2.92300797007e-05	0.000306915836857	0.000175380478204	0.000107176958903	0.00328351228638	4.87167995011e-06	0.00892491766861	0.000204610557905	4.87167995011e-06	0	2.43583997506e-05	1.94867198005e-05	5.84601594014e-05	5.84601594014e-05	2.92300797007e-05	0.000180252158154	3.41017596508e-05	4.87167995011e-06	0.0020704639788	0.00165637118304	0.000160765438354	1.46150398503e-05	4.87167995011e-06	0	0.000116920318803	9.74335990023e-06	0	0.000194867198005	9.74335990023e-06	1.94867198005e-05	0	0	4.87167995011e-06	0	4.87167995011e-06	0	9.74335990023e-06	0	9.74335990023e-06	0.00215328253795	3.41017596508e-05	0.00418477307715	3.89734396009e-05	0	9.74335990023e-06	1.46150398503e-05	1.94867198005e-05	4.3845119551e-05	1.94867198005e-05	4.87167995011e-06	4.87167995011e-06	1.46150398503e-05	2.43583997506e-05	0.00269891069236	0.000136407038603	1.46150398503e-05	1.46150398503e-05	3.41017596508e-05	4.87167995011e-06	8.28185591519e-05	0	0	0.000112048638853	9.25619190522e-05	0.00296198140967	0.000759982072218	6.33318393515e-05	0	0	0.00130561022663	1.94867198005e-05	9.25619190522e-05	7.30751992517e-05	0	0	4.87167995011e-06	4.87167995011e-06
0.0109223064482	0.000321530876708	0.00419451643705	0	0.000151022078454	6.82035193016e-05	0.00519808250677	0.0174113841417	0.0307208137654	0.00205584893895	0.00614806009704	0.00493501178947	0.000979207669973	0.000204610557905	0.0463930081649	0.000404349435859	0.000935362550422	0.000764853752168	0.000180252158154	0.00262096381316	0.000345889276458	0.00335171580568	0.000969464310073	0.0062893388156	0.00161252606349	6.82035193016e-05	0.00143714558528	0.00124715006723	0.00953387766237	0.00689342712941	0.000492039674962	0	3.89734396009e-05	3.89734396009e-05	0.00629421049555	0.000277685757156	1.94867198005e-05	2.92300797007e-05	0	7.30751992517e-05	0	0.000170508798254	2.92300797007e-05	0.000311787516807	0.00084280063137	4.87167995011e-05	0.000389734396009	0.000331274236608	5.84601594014e-05	0.000540756474463	0	0.000155893758404	9.74335990023e-06	0.000107176958903	8.76902391021e-05	0.000126663678703	0.000126663678703	0.000813570551669	0.000297172476957	0.00084280063137	8.76902391021e-05	0.000194867198005	6.33318393515e-05	0.00115458814818	0.000735623672467	0.000375119356159	0	5.35884794513e-05	1.46150398503e-05	0.00133484030633	0.00175380478204	0.000949977590272	0.00655728121285	0.000779468792018	0.000565114874213	1.46150398503e-05	0.000691778552916	0.000964592630123	0.000365375996259	0.000959720950172	0.000151022078454	3.41017596508e-05	0.000170508798254	0.000170508798254
0.000141278718553	0.000141278718553	0.000160765438354	0	0.000292300797007	0.00117407486798	0.00255763197381	0.00140791550558	0.000545628154413	0.00398990587914	0.000160765438354	4.87167995011e-05	0.00293762300992	4.87167995011e-06	0.000404349435859	0.0119794609973	0.000136407038603	0.000112048638853	0	3.41017596508e-05	0.000282557437107	3.41017596508e-05	0.000667420153166	9.25619190522e-05	0.00118381822788	2.92300797007e-05	0.000228968957655	0.000579729914064	0.00141278718553	0.000540756474463	0.000151022078454	0	0.000228968957655	3.89734396009e-05	0.00041896447571	0.000219225597755	1.46150398503e-05	9.74335990023e-06	0	0.000185123838104	0	4.87167995011e-06	0.000121791998753	0.000199738877955	0.00161252606349	0.000175380478204	0.000131535358653	2.43583997506e-05	0	0.000394606075959	1.94867198005e-05	0	3.41017596508e-05	2.43583997506e-05	2.92300797007e-05	0	2.92300797007e-05	3.41017596508e-05	2.92300797007e-05	0.000531013114562	0	2.92300797007e-05	2.43583997506e-05	0.000511526394762	0.000302044156907	6.82035193016e-05	0	4.87167995011e-06	7.30751992517e-05	0.000550499834363	0.00192918526025	2.92300797007e-05	0.000492039674962	0.000112048638853	0.000969464310073	0.000389734396009	4.87167995011e-06	0.000638190073465	1.46150398503e-05	0.00041409279576	0.000155893758404	5.84601594014e-05	4.3845119551e-05	1.46150398503e-05
0.000170508798254	0.00130073854668	0.000945105910322	0	0	0	0.000682035193016	0.00265506557281	0.00172944638229	0.000180252158154	0.00152970750434	0.000126663678703	2.43583997506e-05	0	0.000935362550422	0.000136407038603	0.029985190093	0.000287429117057	0	0.000185123838104	2.43583997506e-05	0.00255763197381	0.0192090340433	0.00615780345694	0.0087105637508	1.46150398503e-05	0.000526141434612	0.00600678137849	0.00330787068613	0.000263070717306	0.00176841982189	0	0	9.74335990023e-06	0.000711265272717	0	0.000243583997506	0.000302044156907	0	0	0	0	4.87167995011e-06	5.84601594014e-05	0.000102305278952	0	2.43583997506e-05	0	4.87167995011e-06	1.94867198005e-05	0	0.00135432702613	6.82035193016e-05	0	3.41017596508e-05	0	0.0023335346961	0.00920260342577	0.00734649336477	7.79468792018e-05	2.43583997506e-05	0.000185123838104	0.00326889724653	0.00107176958903	4.87167995011e-06	7.30751992517e-05	0	0	0	0.000292300797007	0.00481321979071	0.00280608765127	0.00101330942962	0.000360504316308	0.000170508798254	0	9.74335990023e-06	0.000326402556658	0.000185123838104	0.000345889276458	0.000258199037356	0.000141278718553	0	4.87167995011e-06
0.00044819455541	0.000940234230372	0.00983105013933	0	0	5.35884794513e-05	0.000331274236608	0.00165149950309	0.000691778552916	0.000287429117057	0.000155893758404	0.00118381822788	3.41017596508e-05	2.43583997506e-05	0.000764853752168	0.000112048638853	0.000287429117057	0.0276516553968	5.35884794513e-05	0.00617241849679	1.46150398503e-05	0.0020217471793	0.000769725432118	0.00982130677943	0.000531013114562	3.89734396009e-05	0.00680573689031	0.00421400315685	0.000652805113315	0.000964592630123	0.00285480445077	0	4.87167995011e-06	4.87167995011e-05	0.0063672856948	4.87167995011e-06	0.000360504316308	0.000243583997506	0	0	0	0	0	4.87167995011e-06	6.33318393515e-05	0	1.46150398503e-05	4.87167995011e-06	5.35884794513e-05	4.3845119551e-05	0	9.74335990023e-06	0.000107176958903	2.43583997506e-05	0.000112048638853	0	0	3.41017596508e-05	7.30751992517e-05	0.000258199037356	8.28185591519e-05	0.00085741567122	0.000277685757156	0.000774597112068	5.35884794513e-05	0	1.94867198005e-05	4.87167995011e-06	0	0.000107176958903	0.00456963579321	0.00137868542588	0.00506654714812	0.000764853752168	0.000292300797007	4.3845119551e-05	6.33318393515e-05	0.000302044156907	1.46150398503e-05	5.35884794513e-05	6.33318393515e-05	0	4.87167995011e-06	0
1.46150398503e-05	4.87167995011e-06	2.43583997506e-05	0	0	0	0	3.41017596508e-05	0.000107176958903	4.87167995011e-06	3.41017596508e-05	0.00155893758404	0	1.94867198005e-05	0.000180252158154	0	0	5.35884794513e-05	0.00240660989536	0.00169534462264	0	4.3845119551e-05	2.92300797007e-05	6.33318393515e-05	0	4.87167995011e-05	0.00041896447571	0.000185123838104	4.87167995011e-06	1.94867198005e-05	4.87167995011e-06	0	0	0	0.000399477755909	0	9.74335990023e-06	0	0	0	0	0	0	4.87167995011e-06	4.87167995011e-06	0	5.35884794513e-05	0	0.000565114874213	0	0	0	0	2.43583997506e-05	0	0	0	0	4.87167995011e-06	0	0.000535884794513	6.33318393515e-05	0.000233840637605	4.87167995011e-06	0	0	0.000272814077206	0	0	1.94867198005e-05	8.76902391021e-05	0.000608959993764	0.000496911354912	3.41017596508e-05	0	0	4.87167995011e-06	9.74335990023e-06	0	1.94867198005e-05	4.87167995011e-06	0	4.87167995011e-06	0
0.000243583997506	0.00042870783561	0.000628446713565	0	4.87167995011e-06	0	0.000326402556658	0.00139817214568	0.00247481341466	0.00040922111581	0.00169534462264	0.0109028197284	1.46150398503e-05	5.84601594014e-05	0.00262096381316	3.41017596508e-05	0.000185123838104	0.00617241849679	0.00169534462264	0.023729953037	0.000155893758404	0.000589473273964	0.000555371514313	0.000808698871719	0.000384862716059	0.000224097277705	0.0063380556151	0.00154432254419	0.000341017596508	0.000964592630123	0.000272814077206	0	0	8.76902391021e-05	0.0085741567122	1.46150398503e-05	3.89734396009e-05	0	0	0	0	4.87167995011e-06	0	6.33318393515e-05	0.000204610557905	4.87167995011e-06	0.000477424635111	5.84601594014e-05	0.0022555878169	9.74335990023e-06	0	7.30751992517e-05	0	0.000686906872966	5.35884794513e-05	4.87167995011e-06	1.94867198005e-05	0.000180252158154	4.87167995011e-05	0.00041896447571	0.002148410858	0.00101330942962	0.00116433150808	0.000759982072218	5.84601594014e-05	0	0.000881774070971	1.46150398503e-05	0	0.000467681275211	0.00410682619795	0.00452091899371	0.0107079525304	0.000638190073465	4.87167995011e-05	4.87167995011e-06	4.87167995011e-05	0.000716136952667	2.43583997506e-05	0.000370247676209	5.35884794513e-05	1.46150398503e-05	5.84601594014e-05	2.43583997506e-05
4.87167995011e-06	1.46150398503e-05	4.87167995011e-06	0	0.00831108599489	5.84601594014e-05	0.00543192314438	0.000735623672467	0.00301069820917	0.000219225597755	0.00540756474463	0.000228968957655	0.0127296997096	5.84601594014e-05	0.000345889276458	0.000282557437107	2.43583997506e-05	1.46150398503e-05	0	0.000155893758404	0.0273690979597	1.46150398503e-05	1.94867198005e-05	1.94867198005e-05	0.00147124734493	0	0.000112048638853	3.41017596508e-05	0.000652805113315	9.74335990023e-06	0	0	0	0	0.000316659196757	0.00122279166748	2.92300797007e-05	1.94867198005e-05	0	0.00268916733246	0	0.00278172925152	2.43583997506e-05	0.00266480893271	0.000204610557905	0.00151996414444	0.00132022526648	0.0104302667732	0.000267942397256	0.00517859578697	2.92300797007e-05	9.74335990023e-06	2.92300797007e-05	6.33318393515e-05	4.87167995011e-05	0.00989438197868	1.94867198005e-05	3.41017596508e-05	3.41017596508e-05	0.0022068710174	1.94867198005e-05	0.000116920318803	4.3845119551e-05	0.000901260790771	0.00341991932498	1.94867198005e-05	0	0.000482296315061	4.87167995011e-06	0.00380965372099	0.000535884794513	0.000360504316308	0.00244071165501	0.00143714558528	0.000258199037356	0.000126663678703	3.89734396009e-05	0.000638190073465	0.000112048638853	0.00204610557905	0.000579729914064	0.000209482237855	0.000297172476957	0.000282557437107
0.00270865405226	4.87167995011e-05	0.00149073406473	0	1.46150398503e-05	0.000160765438354	0.000462809595261	0.00595806457899	0.00269403901241	2.92300797007e-05	0.000155893758404	0.000258199037356	9.74335990023e-06	2.92300797007e-05	0.00335171580568	3.41017596508e-05	0.00255763197381	0.0020217471793	4.3845119551e-05	0.000589473273964	1.46150398503e-05	0.0418136290118	0.0019632870199	0.0215620554592	0.000589473273964	0	0.00126176510708	0.000467681275211	0.0115312664419	0.000613831673714	0.00860825847185	0	1.46150398503e-05	1.46150398503e-05	0.00427246331625	2.43583997506e-05	6.82035193016e-05	0.000116920318803	0	4.87167995011e-06	0	0	0	1.46150398503e-05	9.74335990023e-06	0	4.87167995011e-05	4.87167995011e-06	0	3.41017596508e-05	0	8.28185591519e-05	8.28185591519e-05	4.87167995011e-06	7.30751992517e-05	4.87167995011e-06	0.00112535806848	0.00159791102364	0.00173918974219	7.79468792018e-05	4.87167995011e-06	7.79468792018e-05	0.000272814077206	0.000701521912816	4.3845119551e-05	0.000233840637605	0	4.87167995011e-06	4.87167995011e-06	0.000326402556658	0.00600190969854	0.00270378237231	0.00459399419296	0.00271352573221	0.00127638014693	5.35884794513e-05	9.74335990023e-05	0.00041896447571	0.000112048638853	0.000506654714812	0.00044332287546	1.46150398503e-05	9.74335990023e-06	9.74335990023e-06
0.00041409279576	0.0084864664731	0.0019925170996	0	0	2.92300797007e-05	0.000730751992517	0.00250891517431	0.00156380926399	0.00741469688407	0.00113510142838	0.000272814077206	0.000365375996259	0.000180252158154	0.000969464310073	0.000667420153166	0.0192090340433	0.000769725432118	2.92300797007e-05	0.000555371514313	1.94867198005e-05	0.0019632870199	0.058396827562	0.0103279614942	0.0132314827445	0.00314710524777	0.00314223356782	0.0224048560906	0.00437964027515	0.000803827191769	0.00248455677456	0	1.46150398503e-05	2.43583997506e-05	0.00084280063137	7.79468792018e-05	0.00373170684179	0.00439912699495	0	4.87167995011e-06	0	1.46150398503e-05	0.000136407038603	0.000121791998753	8.76902391021e-05	6.82035193016e-05	0.000189995518054	0	0.000155893758404	8.76902391021e-05	0	0.00163201278329	0.00109125630883	4.87167995011e-06	0.000116920318803	0	0.00400939259894	0.0200859364343	0.0176890698989	0.000755110392268	0.000121791998753	0.000350760956408	0.0121012529961	0.00418477307715	5.35884794513e-05	0.000457937915311	5.84601594014e-05	0	1.46150398503e-05	0.000794083831869	0.00530038778572	0.00316172028762	0.000993822709823	0.000292300797007	0.000146150398503	5.84601594014e-05	9.74335990023e-06	0.00117894654793	0.000472552955161	0.000569986554163	0.000321530876708	0.000165637118304	0	9.74335990023e-06
0.00531013114562	0.000657676793265	0.0164565348715	0	9.74335990023e-06	0.000316659196757	0.000774597112068	0.00617729017674	0.00455502075336	0.000238712317556	0.000496911354912	0.000453066235361	2.43583997506e-05	3.41017596508e-05	0.0062893388156	9.25619190522e-05	0.00615780345694	0.00982130677943	6.33318393515e-05	0.000808698871719	1.94867198005e-05	0.0215620554592	0.0103279614942	0.0701619346415	0.00107664126898	1.94867198005e-05	0.00249430013446	0.00883235574956	0.00413605627765	0.000628446713565	0.00327376892648	0	3.41017596508e-05	2.43583997506e-05	0.00436015355535	1.94867198005e-05	0.00100843774967	0.00390221564004	0	4.87167995011e-06	0	9.74335990023e-06	0.000224097277705	0.000141278718553	8.76902391021e-05	4.87167995011e-05	4.3845119551e-05	0	2.43583997506e-05	8.28185591519e-05	0	0.000940234230372	0.000706393592767	9.74335990023e-06	9.25619190522e-05	0	0.000823313911569	0.00616754681684	0.00939259894382	0.000550499834363	1.94867198005e-05	0.000964592630123	0.00424323323655	0.000701521912816	2.92300797007e-05	0.000151022078454	4.87167995011e-06	9.74335990023e-06	9.74335990023e-06	0.000545628154413	0.0144445310521	0.00619677689655	0.0063770290547	0.00349786620418	0.00164175614319	0.000160765438354	0.000185123838104	0.000579729914064	6.82035193016e-05	0.000794083831869	0.000623575033615	0.000141278718553	1.46150398503e-05	9.74335990023e-06
0.000170508798254	0.00300095484927	0.000667420153166	0	0.00270378237231	1.94867198005e-05	0.000993822709823	0.00597267961884	0.00242609661516	0.0154675838416	0.00167098622289	0.000204610557905	0.00187559678079	4.87167995011e-06	0.00161252606349	0.00118381822788	0.0087105637508	0.000531013114562	0	0.000384862716059	0.00147124734493	0.000589473273964	0.0132314827445	0.00107664126898	0.0462224993667	0.00133971198628	0.00108638462888	0.00570473722158	0.0157891147183	0.000492039674962	0.00262583549311	0	4.87167995011e-06	8.76902391021e-05	0.000935362550422	0.000243583997506	0.000126663678703	9.74335990023e-05	0	0.00114971646823	0	9.74335990023e-06	0	0.000131535358653	0.00498860026892	0.000711265272717	0.000131535358653	1.46150398503e-05	3.89734396009e-05	0.00042870783561	0	0.00116920318803	8.28185591519e-05	9.74335990023e-06	4.87167995011e-05	2.43583997506e-05	0.00141278718553	0.00601652473839	0.000935362550422	0.00382914044079	2.92300797007e-05	9.74335990023e-05	0.000321530876708	0.00597267961884	0.000297172476957	0.000112048638853	1.46150398503e-05	9.74335990023e-06	0	0.000521269754662	0.0043065650759	0.00108151294893	0.00142253054543	0.000569986554163	0.000506654714812	9.74335990023e-06	9.74335990023e-06	0.00169534462264	0.000248455677456	0.000306915836857	0.000131535358653	6.82035193016e-05	1.94867198005e-05	0
4.87167995011e-06	0.00358068476333	1.46150398503e-05	0	0	0	0	7.79468792018e-05	0.000102305278952	0.00252840189411	1.94867198005e-05	0.00144201726523	5.84601594014e-05	0.0020704639788	6.82035193016e-05	2.92300797007e-05	1.46150398503e-05	3.89734396009e-05	4.87167995011e-05	0.000224097277705	0	0	0.00314710524777	1.94867198005e-05	0.00133971198628	0.0109125630883	0.0042286181967	0.00378529532124	0.000180252158154	1.46150398503e-05	3.89734396009e-05	6.33318393515e-05	0	0	0.000189995518054	2.43583997506e-05	6.82035193016e-05	0	0	0	0	0	9.74335990023e-06	9.74335990023e-06	1.46150398503e-05	0	0.00042870783561	0	0.00324453884678	9.74335990023e-06	0	0	4.87167995011e-05	7.30751992517e-05	5.35884794513e-05	0	1.94867198005e-05	1.46150398503e-05	1.46150398503e-05	2.43583997506e-05	0.00338581756533	0.000180252158154	0.000282557437107	5.35884794513e-05	3.41017596508e-05	2.43583997506e-05	0.000565114874213	0	0	6.33318393515e-05	0.000155893758404	0.00235302141591	0.000253327357406	1.94867198005e-05	0	0	0.00102792446947	2.43583997506e-05	9.74335990023e-06	1.46150398503e-05	4.87167995011e-06	4.87167995011e-06	9.74335990023e-06	0
0.00086228735117	0.00669368825146	0.0156770660795	0	4.87167995011e-06	0	0.000253327357406	0.00206559229885	0.00153945086424	0.00152483582439	0.000735623672467	0.00754623224273	0.000102305278952	0.00165637118304	0.00143714558528	0.000228968957655	0.000526141434612	0.00680573689031	0.00041896447571	0.0063380556151	0.000112048638853	0.00126176510708	0.00314223356782	0.00249430013446	0.00108638462888	0.0042286181967	0.0749507960325	0.0232866301615	0.000998694389773	0.00137868542588	0.00206559229885	0.000263070717306	0	6.33318393515e-05	0.00350760956408	5.35884794513e-05	0.00854979831245	0.000224097277705	0	1.94867198005e-05	0	4.87167995011e-06	1.46150398503e-05	6.82035193016e-05	6.33318393515e-05	4.87167995011e-06	0.00158329598379	4.3845119551e-05	0.00928542198492	8.28185591519e-05	0	4.3845119551e-05	0.000389734396009	0.00130073854668	0.0019438003001	9.74335990023e-06	8.76902391021e-05	0.000116920318803	0.000287429117057	0.000238712317556	0.0163883313522	0.0159985969562	0.0101379659762	0.000740495352417	0.000151022078454	0.000146150398503	0.00354658300368	9.74335990023e-06	1.46150398503e-05	0.000721008632617	0.00588498937974	0.0100502757371	0.0064062591344	0.000589473273964	0.000160765438354	0	0.000272814077206	0.00167585790284	0.000643061753415	0.000516398074712	0.000209482237855	4.87167995011e-06	5.35884794513e-05	4.87167995011e-05
0.00087203071107	0.0213233431416	0.0142837656137	0	0	4.3845119551e-05	0.000521269754662	0.00308864508837	0.00147124734493	0.00395580411949	0.000984079349923	0.00116920318803	0.000316659196757	0.000160765438354	0.00124715006723	0.000579729914064	0.00600678137849	0.00421400315685	0.000185123838104	0.00154432254419	3.41017596508e-05	0.000467681275211	0.0224048560906	0.00883235574956	0.00570473722158	0.00378529532124	0.0232866301615	0.0857805405616	0.00304479996882	0.00101330942962	0.000750238712318	0.000180252158154	1.46150398503e-05	7.30751992517e-05	0.00227994621665	0.000121791998753	0.0191846756435	0.0065913829725	0	0	0	4.87167995011e-06	1.46150398503e-05	3.89734396009e-05	0.000228968957655	2.43583997506e-05	0.000306915836857	1.46150398503e-05	0.00360017148313	0.000112048638853	4.87167995011e-06	0.000199738877955	0.00337607420543	0.000199738877955	0.000686906872966	1.46150398503e-05	0.000131535358653	0.00326402556658	0.00611395833739	0.000292300797007	0.00548063994388	0.00704932088781	0.0179862423758	0.000730751992517	0.000112048638853	3.41017596508e-05	0.0021094374184	9.74335990023e-06	0	0.00151022078454	0.0112389656449	0.00397041915934	0.00321530876708	0.000638190073465	0.000219225597755	7.79468792018e-05	9.25619190522e-05	0.00158816766374	0.000755110392268	0.00044819455541	0.00043357951556	2.43583997506e-05	0	3.41017596508e-05
0.00386324220044	0.00087203071107	0.00149560574468	0	0.00345889276458	2.43583997506e-05	0.00348812284428	0.0325087203071	0.0120281777968	0.0107517976499	0.00583627258024	0.000350760956408	0.000906132470721	1.46150398503e-05	0.00953387766237	0.00141278718553	0.00330787068613	0.000652805113315	4.87167995011e-06	0.000341017596508	0.000652805113315	0.0115312664419	0.00437964027515	0.00413605627765	0.0157891147183	0.000180252158154	0.000998694389773	0.00304479996882	0.0693045189703	0.00138842878578	0.00925619190522	0	9.74335990023e-06	0.000102305278952	0.00139330046573	0.000589473273964	3.41017596508e-05	0.000204610557905	0	0.00342966268488	0	0.000379991036109	0.000175380478204	0.000769725432118	0.0066011263324	0.00233840637605	0.000818442231619	0.000472552955161	0.000277685757156	0.00107664126898	0	0.000589473273964	3.41017596508e-05	0.000126663678703	8.28185591519e-05	0.00044332287546	0.00156868094394	0.00455502075336	0.00149560574468	0.00618703353664	2.92300797007e-05	0.000204610557905	0.000199738877955	0.00790673655904	0.00146637566498	0.000774597112068	0	5.35884794513e-05	0.000394606075959	0.00284506109087	0.00249430013446	0.00043357951556	0.00291813629012	0.00133971198628	0.00085254399127	0	1.46150398503e-05	0.00346376444453	0.000901260790771	0.00191457022039	0.000584601594014	0.000194867198005	0.000321530876708	0.000160765438354
0.00609447161759	0.000267942397256	0.00102305278952	0	4.87167995011e-06	1.94867198005e-05	0.00044332287546	0.00666932985171	0.00202661885925	0.00131535358653	0.000521269754662	0.00111074302863	0.000209482237855	4.87167995011e-06	0.00689342712941	0.000540756474463	0.000263070717306	0.000964592630123	1.94867198005e-05	0.000964592630123	9.74335990023e-06	0.000613831673714	0.000803827191769	0.000628446713565	0.000492039674962	1.46150398503e-05	0.00137868542588	0.00101330942962	0.00138842878578	0.0262193814915	0.00514449402732	0	0.000214353917805	0.00304967164877	0.00433092347565	1.94867198005e-05	9.74335990023e-06	0	0	0	0	4.87167995011e-06	0	5.84601594014e-05	0.000584601594014	9.74335990023e-06	0.000170508798254	1.94867198005e-05	7.79468792018e-05	0.000112048638853	0	0.000107176958903	0	2.43583997506e-05	1.46150398503e-05	4.87167995011e-06	6.33318393515e-05	0.00040922111581	7.79468792018e-05	0.000287429117057	4.87167995011e-05	4.87167995011e-05	2.43583997506e-05	0.000467681275211	0.000170508798254	9.74335990023e-06	9.74335990023e-06	1.94867198005e-05	0	0.000462809595261	0.00179764990159	0.000248455677456	0.00284506109087	0.00041896447571	0.000185123838104	2.43583997506e-05	3.41017596508e-05	0.000623575033615	8.28185591519e-05	0.000350760956408	7.30751992517e-05	9.74335990023e-06	4.3845119551e-05	1.94867198005e-05
0.00197790205975	0.000384862716059	0.00233840637605	0	0	1.94867198005e-05	0.000165637118304	0.00673753337101	0.000360504316308	0.00158329598379	9.25619190522e-05	6.82035193016e-05	4.87167995011e-05	0	0.000492039674962	0.000151022078454	0.00176841982189	0.00285480445077	4.87167995011e-06	0.000272814077206	0	0.00860825847185	0.00248455677456	0.00327376892648	0.00262583549311	3.89734396009e-05	0.00206559229885	0.000750238712318	0.00925619190522	0.00514449402732	0.0331663971004	0	3.41017596508e-05	0.000267942397256	0.00404836603854	2.92300797007e-05	1.94867198005e-05	2.43583997506e-05	0	0	0	0	0	8.28185591519e-05	0.00044819455541	0	0.000126663678703	0	4.87167995011e-05	9.25619190522e-05	0	1.46150398503e-05	1.46150398503e-05	1.94867198005e-05	2.92300797007e-05	0	0.000228968957655	0.000287429117057	0.000165637118304	6.82035193016e-05	1.94867198005e-05	4.87167995011e-05	2.43583997506e-05	0.000384862716059	0.000258199037356	0.000492039674962	9.74335990023e-06	4.3845119551e-05	9.74335990023e-06	0.000457937915311	0.00085741567122	0.000160765438354	0.00173918974219	0.000492039674962	0.000155893758404	0	4.87167995011e-06	0.000711265272717	0.000258199037356	0.000350760956408	0.000151022078454	2.43583997506e-05	7.79468792018e-05	9.74335990023e-06
0	0	0	0	0	0	0	0	0	0	0	0	0	0.000116920318803	0	0	0	0	0	0	0	0	0	0	0	6.33318393515e-05	0.000263070717306	0.000180252158154	0	0	0	0.000696650232866	0	0	0	0	4.87167995011e-06	0	0	0	0	0	0	0	0	0	1.94867198005e-05	0	0.000633318393515	0	0	0	0	4.87167995011e-06	4.87167995011e-06	0	0	0	4.87167995011e-06	0	0.000272814077206	0.000131535358653	0.000185123838104	0	0	0	0.00044332287546	0	0	1.46150398503e-05	0	4.87167995011e-06	0	0	0	0	0	4.87167995011e-06	4.87167995011e-06	2.43583997506e-05	0	0	0	0
0	0	4.87167995011e-06	0	0	0.00134458366623	0.000774597112068	9.74335990023e-06	0.00111074302863	0	0	9.74335990023e-05	0	9.74335990023e-06	3.89734396009e-05	0.000228968957655	0	4.87167995011e-06	0	0	0	1.46150398503e-05	1.46150398503e-05	3.41017596508e-05	4.87167995011e-06	0	0	1.46150398503e-05	9.74335990023e-06	0.000214353917805	3.41017596508e-05	0	0.00243096829511	0	0.000759982072218	0	0	0	0	0	0	0	0	0	0	0	0	0	0	0	0	0	0	0	0	0	0	0	2.43583997506e-05	0	0	0	0	0	0	0	0	0	0	1.94867198005e-05	1.46150398503e-05	4.87167995011e-06	0.000311787516807	0.000204610557905	0.000102305278952	0.00044332287546	9.74335990023e-06	0	0	2.43583997506e-05	2.43583997506e-05	0	0	0
