0.014593747272	5.31371812244e-05	0.000649032713526	0	0.000163207056618	3.7955129446e-06	0.000132842953061	0.00494555336681	0.00199264429591	0.000390937833293	0.00061107758408	5.6932694169e-05	2.27730776676e-05	3.7955129446e-06	0.00769730025164	1.13865388338e-05	7.59102588919e-05	0.000387142320349	3.41596165014e-05	0.000144229491895	7.59102588919e-05	0.000322618600291	0.000360573729737	0.000762898101864	0.000835012847811	3.7955129446e-06	0.000603486558191	0.000193571160174	0.00244051482338	0.00793641756715	0.00306677445923	0	7.59102588919e-06	0.000322618600291	0.000872967977257	4.17506423906e-05	3.7955129446e-05	4.93416682798e-05	0	3.03641035568e-05	0	1.8977564723e-05	5.6932694169e-05	4.55461553352e-05	0.0002808679579	3.03641035568e-05	3.7955129446e-06	5.6932694169e-05	0	7.21147459473e-05	3.7955129446e-06	1.51820517784e-05	1.51820517784e-05	0	1.51820517784e-05	3.7955129446e-05	7.97057718365e-05	0.000113865388338	9.86833365595e-05	0.000265685906122	0	2.65685906122e-05	0.000106274362449	0.000223935263731	6.45237200581e-05	0.000132842953061	0	3.7955129446e-06	2.27730776676e-05	0.000136638466005	0.000315027574402	0.000159411543673	0.00070216989475	0.000284663470845	8.35012847811e-05	1.13865388338e-05	1.51820517784e-05	7.59102588919e-05	3.7955129446e-06	9.48878236149e-05	4.17506423906e-05	1.13865388338e-05	0	0
5.31371812244e-05	0.0270961669115	0.00245190136221	0	3.7955129446e-06	0	1.51820517784e-05	0.000182184621341	7.97057718365e-05	0.00143470389306	1.51820517784e-05	0.00014043397895	3.7955129446e-06	0.000356778216792	0.000106274362449	7.59102588919e-06	0.00101719746915	0.00163207056618	4.93416682798e-05	0.000497212195742	0	0.000387142320349	0.00623223225503	0.00169279877329	0.00207614558069	0.000789466692476	0.0101529971268	0.0144836773966	0.000603486558191	0.000102478849504	0.00033020962618	1.8977564723e-05	0	1.8977564723e-05	0.000679396817083	5.31371812244e-05	0.0112840599843	0.00172695838979	0	7.59102588919e-06	0	2.65685906122e-05	2.65685906122e-05	1.51820517784e-05	6.83192330027e-05	7.59102588919e-06	0.000182184621341	1.51820517784e-05	0.00018977564723	5.31371812244e-05	7.59102588919e-06	4.17506423906e-05	0.000762898101864	2.65685906122e-05	0.000459257066296	1.8977564723e-05	0.000144229491895	0.000770489127753	0.000781875666587	9.10923106703e-05	0.000964060287928	0.00209512314542	0.00939389453788	9.86833365595e-05	4.17506423906e-05	9.86833365595e-05	2.27730776676e-05	3.7955129446e-06	0	0.000607282071136	0.00085019489959	0.000975446826761	0.000573122454634	0.000151820517784	6.45237200581e-05	7.59102588919e-06	2.27730776676e-05	0.000459257066296	0.000535167325188	0.000478234631019	0.000170798082507	1.13865388338e-05	1.51820517784e-05	1.8977564723e-05
0.000649032713526	0.00245190136221	0.0308651112655	0	1.13865388338e-05	7.59102588919e-06	9.48878236149e-05	0.0027745199625	0.000728738485363	0.000125251927172	0.000129047440116	4.17506423906e-05	3.7955129446e-06	1.8977564723e-05	0.00126390581055	7.59102588919e-06	0.000223935263731	0.00216723789136	4.17506423906e-05	0.000288458983789	0	0.00227730776676	0.00195089365352	0.0144457222671	0.000265685906122	7.59102588919e-06	0.0075151156303	0.00827421821922	0.00253540264699	0.000482030143964	0.00321859497702	0	1.13865388338e-05	3.7955129446e-05	0.000831217334867	3.41596165014e-05	0.00247467443988	0.00204957699008	0	3.7955129446e-06	0	1.13865388338e-05	4.55461553352e-05	1.51820517784e-05	9.10923106703e-05	3.7955129446e-06	2.27730776676e-05	2.27730776676e-05	1.13865388338e-05	3.7955129446e-05	7.59102588919e-06	0.000144229491895	0.000656623739415	3.7955129446e-06	9.86833365595e-05	2.27730776676e-05	0.000201162186064	0.00094128721026	0.00182184621341	0.000121456414227	4.93416682798e-05	0.000504803221631	0.00409535846722	0.000204957699008	4.55461553352e-05	0.000144229491895	0	0	3.7955129446e-06	0.000428892962739	0.00262269944472	0.00171177633801	0.00130565645294	0.000683192330027	8.35012847811e-05	3.7955129446e-06	0	0.000341596165014	0.000743920537141	0.000436483988629	0.000197366673119	0	1.51820517784e-05	0
0	0	0	0	0	0	0	0	0	0	0	0	0	0	0	0	0	0	0	0	0	0	0	0	0	0	0	0	0	0	0	0	0	0	0	0	0	0	0	0	0	0	0	0	0	0	0	0	0	0	0	0	0	0	0	0	0	0	0	0	0	0	0	0	0	0	0	0	0	0	0	0	0	0	0	0	0	0	0	0	0	0	0	0
0.000163207056618	3.7955129446e-06	1.13865388338e-05	0	0.0177630005807	0	0.000497212195742	0.00369303409509	0.000853990412534	0.000482030143964	0.00404981231188	3.41596165014e-05	0.001370180173	0	0.00109690324099	3.03641035568e-05	0	7.59102588919e-06	7.59102588919e-06	3.41596165014e-05	0.00525298991532	1.8977564723e-05	3.03641035568e-05	3.7955129446e-05	0.00322998151585	0	3.41596165014e-05	2.65685906122e-05	0.00702549446045	0.000592100019357	4.93416682798e-05	0	7.59102588919e-06	4.17506423906e-05	0.000387142320349	6.45237200581e-05	3.7955129446e-06	0	0	0.00579195275345	0	0.000394733346238	5.6932694169e-05	0.00018977564723	0.00037955129446	0.00089194554198	7.59102588919e-06	0.00121835965522	3.7955129446e-06	0.000284663470845	4.55461553352e-05	3.7955129446e-06	0	3.7955129446e-06	0	0.00387142320349	7.59102588919e-06	1.13865388338e-05	7.59102588919e-06	0.00167382120857	7.59102588919e-06	7.59102588919e-06	2.27730776676e-05	0.00110069875393	0.000167002569562	1.51820517784e-05	0	2.27730776676e-05	1.13865388338e-05	0.000208753211953	0.000178389108396	3.03641035568e-05	0.000227730776676	4.55461553352e-05	9.86833365595e-05	3.7955129446e-06	0	6.45237200581e-05	3.7955129446e-06	8.35012847811e-05	1.8977564723e-05	1.8977564723e-05	7.59102588919e-06	0
3.7955129446e-06	0	7.59102588919e-06	0	0	0.00420542834261	0.00198125775708	2.65685906122e-05	0.000759102588919	7.59102588919e-06	6.45237200581e-05	4.17506423906e-05	1.51820517784e-05	1.51820517784e-05	0.000425097449795	0.000580713480523	0	3.7955129446e-06	1.13865388338e-05	3.7955129446e-06	7.59102588919e-06	0	0	1.13865388338e-05	3.7955129446e-06	3.7955129446e-06	1.51820517784e-05	3.7955129446e-06	2.65685906122e-05	0.000482030143964	0	0	0.0019660757053	0	0.00056932694169	0	0	0	0	0	0	0	3.7955129446e-06	0	0	0	0	0	0	0	0	0	0	0	0	0	0	0	0	7.59102588919e-06	0	0	0	3.7955129446e-06	0	3.7955129446e-06	0	0	0	3.7955129446e-06	7.21147459473e-05	1.8977564723e-05	0.000242912828454	7.21147459473e-05	0.000755307075975	0.000762898101864	3.7955129446e-06	0	0	3.7955129446e-06	0	0	0	3.7955129446e-06
0.000132842953061	1.51820517784e-05	9.48878236149e-05	0	0.000497212195742	0.00198125775708	0.037268141603	0.00557940402856	0.0196721435918	0.000375755781515	0.0148518421522	0.000337800652069	0.00540860594605	4.93416682798e-05	0.00868792913018	0.00321479946407	1.13865388338e-05	3.03641035568e-05	6.07282071136e-05	0.000129047440116	0.00154097825551	8.72967977257e-05	1.8977564723e-05	0.000155616030728	0.000485825656908	1.13865388338e-05	0.000223935263731	6.07282071136e-05	0.00329830074885	0.00300604625212	0.000163207056618	3.7955129446e-06	0.00163207056618	7.59102588919e-06	0.00208753211953	1.51820517784e-05	7.59102588919e-06	1.51820517784e-05	0	0.000155616030728	0	3.41596165014e-05	4.93416682798e-05	5.6932694169e-05	0.00018977564723	4.17506423906e-05	3.7955129446e-06	0.000129047440116	3.7955129446e-06	4.93416682798e-05	7.59102588919e-06	3.7955129446e-06	1.13865388338e-05	0	0	0.000129047440116	3.7955129446e-06	3.7955129446e-06	2.27730776676e-05	0.000485825656908	1.13865388338e-05	7.59102588919e-06	3.03641035568e-05	0.000197366673119	3.41596165014e-05	2.27730776676e-05	0	3.7955129446e-06	3.7955129446e-06	7.59102588919e-05	0.000603486558191	0.000174593595451	0.00163966159207	0.000375755781515	0.00110069875393	0.000573122454634	4.55461553352e-05	2.65685906122e-05	7.59102588919e-06	4.93416682798e-05	3.7955129446e-06	3.7955129446e-06	0	1.51820517784e-05
0.00494555336681	0.000182184621341	0.0027745199625	0	0.00369303409509	2.65685906122e-05	0.00557940402856	0.0713025061772	0.0162941370712	0.00347289434431	0.0228224193359	0.000356778216792	0.000557940402856	2.65685906122e-05	0.0242001905347	0.000246708341399	0.000208753211953	0.000675601304138	9.48878236149e-05	0.000409915398016	0.00190155198524	0.0024936520046	0.000736329511252	0.00430790719212	0.00742022780669	7.59102588919e-06	0.00151440966489	0.000671805791194	0.0386041621595	0.00889288682919	0.0102478849504	3.7955129446e-06	0.000163207056618	0.000584508993468	0.0047405956678	0.000254299367288	7.97057718365e-05	0.000125251927172	0	0.00183702826518	0	0.000592100019357	0.000478234631019	0.000595895532302	0.00268342765183	0.000614873097025	4.17506423906e-05	0.00136638466005	1.13865388338e-05	0.000584508993468	0.000144229491895	8.35012847811e-05	6.07282071136e-05	0	1.8977564723e-05	0.00149922761312	0.000129047440116	0.000326414113235	0.000398528859183	0.0061790950738	2.27730776676e-05	6.45237200581e-05	0.000273276932011	0.00225453468909	0.000535167325188	0.000284663470845	0	3.03641035568e-05	0.000144229491895	0.000857785925479	0.00292634048028	0.000679396817083	0.00362471486209	0.00128667888822	0.000884354516091	7.97057718365e-05	2.65685906122e-05	0.000307436548512	5.31371812244e-05	0.000447870527462	0.000151820517784	8.72967977257e-05	3.41596165014e-05	7.59102588919e-06
0.00199264429591	7.97057718365e-05	0.000728738485363	0	0.000853990412534	0.000759102588919	0.0196721435918	0.0162941370712	0.0510534446178	0.000808444257199	0.0187764025369	0.000907127593759	0.00191293852408	0.000117660901283	0.0319658100194	0.00119938209049	8.72967977257e-05	0.000208753211953	0.000254299367288	0.000447870527462	0.00149163658723	0.000595895532302	0.000269481419066	0.00107033465038	0.00160550197556	2.65685906122e-05	0.000838808360756	0.000277072444956	0.00840706117228	0.00839947014639	0.00155995582023	3.7955129446e-06	0.00172316287685	9.48878236149e-05	0.00466468540891	0.000106274362449	3.41596165014e-05	2.65685906122e-05	0	0.000409915398016	0	0.000155616030728	0.000144229491895	0.000197366673119	0.000743920537141	0.000182184621341	1.51820517784e-05	0.000349187190903	2.65685906122e-05	0.000208753211953	2.65685906122e-05	3.41596165014e-05	1.8977564723e-05	0	7.59102588919e-06	0.000387142320349	5.31371812244e-05	5.6932694169e-05	9.48878236149e-05	0.0015827288979	3.41596165014e-05	4.93416682798e-05	9.48878236149e-05	0.000664214765304	0.000216344237842	0.000167002569562	1.13865388338e-05	7.59102588919e-06	4.17506423906e-05	0.000398528859183	0.00146886350956	0.000444075014518	0.00377653537987	0.000914718619648	0.0010551525986	0.000535167325188	9.48878236149e-05	0.000144229491895	2.65685906122e-05	0.000204957699008	6.83192330027e-05	1.51820517784e-05	3.7955129446e-06	3.03641035568e-05
0.000390937833293	0.00143470389306	0.000125251927172	0	0.000482030143964	7.59102588919e-06	0.000375755781515	0.00347289434431	0.000808444257199	0.0230387635737	0.00101340195621	4.55461553352e-05	0.000766693614809	3.03641035568e-05	0.00133222504355	0.000546553864022	0.000345391677958	8.72967977257e-05	1.13865388338e-05	7.21147459473e-05	0.000220139750787	0.000261890393177	0.00482789246553	0.0002808679579	0.00994803942779	3.7955129446e-05	0.000516189760465	0.00104376605976	0.00770109576459	0.00131704299178	0.0014726590225	0	1.51820517784e-05	0.000223935263731	0.000633850661748	0.000356778216792	5.6932694169e-05	7.21147459473e-05	0	0.000853990412534	0	0.000307436548512	0.000501007708687	0.000352982703848	0.00585268096057	0.000292254496734	1.51820517784e-05	0.000724942972418	1.51820517784e-05	0.000489621169853	7.21147459473e-05	0.000220139750787	4.55461553352e-05	3.7955129446e-06	2.65685906122e-05	0.000797057718365	0.000159411543673	0.000584508993468	0.000204957699008	0.0037196026857	1.51820517784e-05	6.83192330027e-05	0.000117660901283	0.00222796609848	0.000645237200581	0.000914718619648	3.7955129446e-06	1.51820517784e-05	0.000193571160174	0.00100581093032	0.00070976092064	0.000185980134285	0.000595895532302	0.000254299367288	0.00185221031696	1.8977564723e-05	7.59102588919e-06	0.00051998527341	5.6932694169e-05	0.000478234631019	0.000178389108396	7.97057718365e-05	2.27730776676e-05	7.59102588919e-06
0.00061107758408	1.51820517784e-05	0.000129047440116	0	0.00404981231188	6.45237200581e-05	0.0148518421522	0.0228224193359	0.0187764025369	0.00101340195621	0.0550045735931	0.000451666040407	0.00353741806436	4.55461553352e-05	0.0178047512231	0.000368164755626	3.03641035568e-05	4.93416682798e-05	0.000132842953061	0.000292254496734	0.00443315911929	0.00018977564723	9.10923106703e-05	0.000296050009679	0.00171557185096	1.51820517784e-05	0.000402324372127	0.000117660901283	0.0179375941762	0.00531371812244	0.000273276932011	3.7955129446e-06	0.000227730776676	0.000106274362449	0.00357157768087	7.97057718365e-05	1.51820517784e-05	7.59102588919e-06	0	0.00266445008711	0	0.000535167325188	0.000182184621341	0.000406119885072	0.00061107758408	0.00110069875393	1.8977564723e-05	0.00118420003871	1.13865388338e-05	0.00037196026857	7.97057718365e-05	7.59102588919e-06	1.13865388338e-05	0	7.59102588919e-06	0.0024936520046	1.8977564723e-05	2.27730776676e-05	3.7955129446e-05	0.00275174688483	3.03641035568e-05	2.65685906122e-05	5.31371812244e-05	0.000899536567869	0.000273276932011	4.55461553352e-05	0	3.41596165014e-05	3.7955129446e-05	0.000428892962739	0.00128667888822	0.000242912828454	0.00243292379749	0.000504803221631	0.000645237200581	0.000117660901283	3.41596165014e-05	0.000132842953061	1.8977564723e-05	0.000201162186064	4.55461553352e-05	2.27730776676e-05	1.8977564723e-05	1.13865388338e-05
5.6932694169e-05	0.00014043397895	4.17506423906e-05	0	3.41596165014e-05	4.17506423906e-05	0.000337800652069	0.000356778216792	0.000907127593759	4.55461553352e-05	0.000451666040407	0.025623507889	6.83192330027e-05	0.00500628157392	0.00169279877329	3.03641035568e-05	1.13865388338e-05	0.000781875666587	0.00567049633923	0.00628536943625	6.83192330027e-05	7.59102588919e-05	5.6932694169e-05	0.000277072444956	8.35012847811e-05	0.00191293852408	0.00989490224656	0.00117660901283	0.000269481419066	0.00211410071014	0.000144229491895	0.000633850661748	8.35012847811e-05	3.7955129446e-06	0.00708622266756	0	0.000136638466005	2.27730776676e-05	0	1.13865388338e-05	0	7.59102588919e-06	3.7955129446e-06	7.59102588919e-06	2.27730776676e-05	7.59102588919e-06	0.000937491697315	7.59102588919e-06	0.00105894811154	2.65685906122e-05	0	3.7955129446e-06	0	4.93416682798e-05	2.27730776676e-05	1.13865388338e-05	3.7955129446e-06	1.51820517784e-05	2.27730776676e-05	4.55461553352e-05	0.00109310772804	0.000823626308978	0.000770489127753	2.65685906122e-05	7.97057718365e-05	7.59102588919e-06	0.000250503854343	7.59102588919e-06	3.7955129446e-06	0.000303641035568	0.000876763490202	0.00401944820833	0.00694958420156	0.000478234631019	7.59102588919e-05	2.27730776676e-05	0.000413710910961	3.7955129446e-05	0.000508598734576	6.07282071136e-05	1.8977564723e-05	0	3.7955129446e-06	7.21147459473e-05
2.27730776676e-05	3.7955129446e-06	3.7955129446e-06	0	0.001370180173	1.51820517784e-05	0.00540860594605	0.000557940402856	0.00191293852408	0.000766693614809	0.00353741806436	6.83192330027e-05	0.0205109519526	3.7955129446e-06	0.00126390581055	0.00128667888822	0	1.13865388338e-05	1.51820517784e-05	3.41596165014e-05	0.00594377327124	0	1.13865388338e-05	1.13865388338e-05	0.00104756157271	0	3.7955129446e-05	3.7955129446e-06	0.00130186094	0.000633850661748	2.27730776676e-05	0	2.27730776676e-05	0	0.000432688475684	1.51820517784e-05	0	0	0	0.000428892962739	1.13865388338e-05	0.00135879363417	7.59102588919e-06	0.000322618600291	9.48878236149e-05	0.000804648744255	2.65685906122e-05	0.00310852510162	3.7955129446e-06	0.000387142320349	0.000307436548512	3.7955129446e-06	3.7955129446e-06	0	7.59102588919e-06	0.00177250454513	7.59102588919e-06	0	3.7955129446e-06	0.000174593595451	0	2.27730776676e-05	1.13865388338e-05	7.21147459473e-05	0.000288458983789	7.59102588919e-06	0	3.03641035568e-05	0	0.000254299367288	0.000144229491895	2.65685906122e-05	0.00033020962618	6.07282071136e-05	0.000736329511252	1.8977564723e-05	0	3.03641035568e-05	3.7955129446e-06	8.72967977257e-05	1.8977564723e-05	3.7955129446e-05	2.65685906122e-05	3.7955129446e-06
3.7955129446e-06	0.000356778216792	1.8977564723e-05	0	0	1.51820517784e-05	4.93416682798e-05	2.65685906122e-05	0.000117660901283	3.03641035568e-05	4.55461553352e-05	0.00500628157392	3.7955129446e-06	0.0163207056618	0.000212548724897	0	1.8977564723e-05	3.7955129446e-05	0.000645237200581	0.000368164755626	7.59102588919e-06	1.51820517784e-05	7.21147459473e-05	6.07282071136e-05	3.41596165014e-05	0.00525678542827	0.00451666040407	0.00264167700944	2.27730776676e-05	0.000311232061457	7.59102588919e-06	0.00103617503387	1.8977564723e-05	3.7955129446e-06	0.000762898101864	0	0.000163207056618	3.7955129446e-06	0	0	0	1.8977564723e-05	0	7.59102588919e-06	3.7955129446e-06	3.7955129446e-06	0.00118799555166	2.27730776676e-05	0.00157513787201	3.03641035568e-05	3.7955129446e-06	1.13865388338e-05	3.7955129446e-06	5.6932694169e-05	1.8977564723e-05	1.51820517784e-05	0	1.8977564723e-05	1.8977564723e-05	7.59102588919e-06	0.00202680391241	0.000804648744255	0.000668010278249	1.51820517784e-05	6.45237200581e-05	0	0.000246708341399	7.59102588919e-06	0	0.000398528859183	0.000159411543673	0.00218621545609	0.00158652441084	0.000174593595451	1.13865388338e-05	2.27730776676e-05	0.00105135708565	2.27730776676e-05	0.000846399386645	0.000113865388338	1.13865388338e-05	7.59102588919e-06	3.7955129446e-06	0.000132842953061
0.00769730025164	0.000106274362449	0.00126390581055	0	0.00109690324099	0.000425097449795	0.00868792913018	0.0242001905347	0.0319658100194	0.00133222504355	0.0178047512231	0.00169279877329	0.00126390581055	0.000212548724897	0.059532620536	0.000994424391484	0.000129047440116	0.000478234631019	0.000497212195742	0.000884354516091	0.00131704299178	0.00105894811154	0.000546553864022	0.0018977564723	0.00262269944472	6.07282071136e-05	0.00170418531212	0.000428892962739	0.0119634568014	0.0198125775708	0.00346909883136	2.27730776676e-05	0.00125631478466	0.000364369242681	0.00899916119164	0.00018977564723	7.21147459473e-05	7.97057718365e-05	0	0.000474439118075	0	0.00018977564723	0.000242912828454	0.000265685906122	0.00113106285749	0.000208753211953	3.41596165014e-05	0.000497212195742	4.93416682798e-05	0.000345391677958	2.65685906122e-05	6.07282071136e-05	4.17506423906e-05	3.7955129446e-06	2.27730776676e-05	0.000489621169853	0.000106274362449	0.000212548724897	0.000197366673119	0.00221657955964	6.07282071136e-05	9.10923106703e-05	0.000201162186064	0.00106653913743	0.000383346807404	0.000288458983789	1.13865388338e-05	7.59102588919e-06	9.10923106703e-05	0.000622464122914	0.00248226546577	0.000846399386645	0.00679776368377	0.00153718274256	0.0012677013235	0.000478234631019	0.000113865388338	0.000223935263731	3.41596165014e-05	0.000334005139125	0.000106274362449	2.65685906122e-05	2.65685906122e-05	3.41596165014e-05
1.13865388338e-05	7.59102588919e-06	7.59102588919e-06	0	3.03641035568e-05	0.000580713480523	0.00321479946407	0.000246708341399	0.00119938209049	0.000546553864022	0.000368164755626	3.03641035568e-05	0.00128667888822	0	0.000994424391484	0.00727220280185	0	7.59102588919e-06	3.7955129446e-06	2.27730776676e-05	5.6932694169e-05	7.59102588919e-06	1.13865388338e-05	1.51820517784e-05	0.000242912828454	0	3.03641035568e-05	1.13865388338e-05	0.000277072444956	0.000576917967579	3.03641035568e-05	0	0.000292254496734	0	0.000296050009679	7.59102588919e-06	0	0	0	3.7955129446e-06	0	3.7955129446e-06	7.59102588919e-06	3.7955129446e-06	2.27730776676e-05	3.7955129446e-06	0	7.59102588919e-06	0	1.13865388338e-05	0	0	0	0	0	7.59102588919e-06	0	0	3.7955129446e-06	1.13865388338e-05	0	0	0	7.59102588919e-06	3.7955129446e-06	1.51820517784e-05	0	0	3.7955129446e-06	2.27730776676e-05	0.000212548724897	3.41596165014e-05	0.000246708341399	6.07282071136e-05	0.00209132763247	0.000125251927172	0	7.59102588919e-06	0	7.59102588919e-06	0	3.7955129446e-06	0	3.7955129446e-06
7.59102588919e-05	0.00101719746915	0.000223935263731	0	0	0	1.13865388338e-05	0.000208753211953	8.72967977257e-05	0.000345391677958	3.03641035568e-05	1.13865388338e-05	0	1.8977564723e-05	0.000129047440116	0	0.018837130744	6.83192330027e-05	3.7955129446e-06	2.27730776676e-05	3.7955129446e-06	0.00255817572466	0.00921170991654	0.00708622266756	0.0046039572018	7.59102588919e-06	0.00037955129446	0.00490380272442	0.00473300464191	0.000167002569562	0.00066041925236	7.59102588919e-06	0	3.41596165014e-05	0.00023911731551	1.51820517784e-05	7.97057718365e-05	7.21147459473e-05	0	3.7955129446e-06	0	1.13865388338e-05	7.21147459473e-05	1.13865388338e-05	0.000345391677958	0	7.59102588919e-06	7.59102588919e-06	7.59102588919e-06	1.8977564723e-05	7.59102588919e-06	0.000352982703848	3.7955129446e-05	0	1.13865388338e-05	7.59102588919e-06	0.000675601304138	0.00207614558069	0.00107792567627	0.000254299367288	3.7955129446e-06	2.65685906122e-05	0.000216344237842	0.000626259635858	6.45237200581e-05	0.000478234631019	3.7955129446e-06	0	3.03641035568e-05	0.00018977564723	0.00111967631866	0.000698374381806	0.000341596165014	0.000277072444956	2.27730776676e-05	1.13865388338e-05	3.7955129446e-06	0.000148025004839	3.03641035568e-05	0.000170798082507	9.48878236149e-05	7.59102588919e-06	3.7955129446e-06	3.7955129446e-06
0.000387142320349	0.00163207056618	0.00216723789136	0	7.59102588919e-06	3.7955129446e-06	3.03641035568e-05	0.000675601304138	0.000208753211953	8.72967977257e-05	4.93416682798e-05	0.000781875666587	1.13865388338e-05	3.7955129446e-05	0.000478234631019	7.59102588919e-06	6.83192330027e-05	0.024185008483	0.000360573729737	0.00460775271474	0	0.00138156671183	0.000409915398016	0.00450906937818	0.000163207056618	2.27730776676e-05	0.0109424638193	0.00278590650133	0.000409915398016	0.0005617359158	0.00222417058553	1.13865388338e-05	3.7955129446e-06	1.13865388338e-05	0.00436104437334	3.7955129446e-06	0.00145368145778	0.000444075014518	0	0	0	7.59102588919e-06	1.13865388338e-05	3.7955129446e-06	3.7955129446e-05	3.7955129446e-06	4.17506423906e-05	7.59102588919e-06	2.65685906122e-05	1.8977564723e-05	0	1.13865388338e-05	0.000204957699008	1.8977564723e-05	0.00018977564723	3.7955129446e-06	4.17506423906e-05	9.10923106703e-05	0.000220139750787	4.55461553352e-05	8.35012847811e-05	0.000728738485363	0.00160929748851	6.07282071136e-05	1.8977564723e-05	3.7955129446e-05	0	0	3.7955129446e-06	0.000193571160174	0.00121835965522	0.00172316287685	0.00253540264699	0.000538962838133	1.51820517784e-05	3.7955129446e-06	7.59102588919e-06	0.000163207056618	0.000204957699008	0.000167002569562	6.83192330027e-05	1.13865388338e-05	7.59102588919e-06	7.59102588919e-06
3.41596165014e-05	4.93416682798e-05	4.17506423906e-05	0	7.59102588919e-06	1.13865388338e-05	6.07282071136e-05	9.48878236149e-05	0.000254299367288	1.13865388338e-05	0.000132842953061	0.00567049633923	1.51820517784e-05	0.000645237200581	0.000497212195742	3.7955129446e-06	3.7955129446e-06	0.000360573729737	0.010137815075	0.00385244563877	2.65685906122e-05	2.27730776676e-05	1.13865388338e-05	8.72967977257e-05	2.65685906122e-05	0.000261890393177	0.00609179827608	0.000432688475684	7.59102588919e-05	0.000595895532302	5.31371812244e-05	9.86833365595e-05	1.8977564723e-05	3.7955129446e-06	0.00174214044157	3.7955129446e-06	9.10923106703e-05	7.59102588919e-06	0	7.59102588919e-06	0	3.7955129446e-06	3.7955129446e-06	1.13865388338e-05	7.59102588919e-06	7.59102588919e-06	0.0002808679579	3.7955129446e-06	0.000364369242681	1.51820517784e-05	0	3.7955129446e-06	0	3.03641035568e-05	2.27730776676e-05	7.59102588919e-06	0	7.59102588919e-06	3.7955129446e-06	2.27730776676e-05	0.000504803221631	0.000455461553352	0.000649032713526	1.13865388338e-05	3.03641035568e-05	7.59102588919e-06	9.86833365595e-05	0	0	0.000102478849504	0.000277072444956	0.000785671179532	0.00183702826518	0.000151820517784	3.03641035568e-05	1.13865388338e-05	2.65685906122e-05	2.65685906122e-05	9.86833365595e-05	4.55461553352e-05	1.51820517784e-05	0	0	7.59102588919e-06
0.000144229491895	0.000497212195742	0.000288458983789	0	3.41596165014e-05	3.7955129446e-06	0.000129047440116	0.000409915398016	0.000447870527462	7.21147459473e-05	0.000292254496734	0.00628536943625	3.41596165014e-05	0.000368164755626	0.000884354516091	2.27730776676e-05	2.27730776676e-05	0.00460775271474	0.00385244563877	0.0212169173603	2.65685906122e-05	0.000292254496734	8.72967977257e-05	0.000755307075975	7.59102588919e-05	0.000223935263731	0.0146848395826	0.00178009557102	0.000258094880233	0.000971651313817	0.000527576299299	6.07282071136e-05	1.51820517784e-05	1.51820517784e-05	0.00734811306074	3.7955129446e-06	0.000656623739415	0.000106274362449	0	1.13865388338e-05	0	7.59102588919e-06	1.13865388338e-05	1.13865388338e-05	1.51820517784e-05	7.59102588919e-06	0.000182184621341	2.27730776676e-05	0.000227730776676	3.7955129446e-05	7.59102588919e-06	3.7955129446e-06	4.17506423906e-05	4.55461553352e-05	0.000113865388338	1.8977564723e-05	2.65685906122e-05	4.55461553352e-05	7.21147459473e-05	3.7955129446e-05	0.000713556433584	0.000929900671426	0.00148025004839	4.55461553352e-05	3.03641035568e-05	2.27730776676e-05	6.83192330027e-05	0	0	0.000201162186064	0.00141572632833	0.00247467443988	0.00511635144932	0.000679396817083	5.6932694169e-05	1.13865388338e-05	2.27730776676e-05	9.86833365595e-05	0.000151820517784	0.000193571160174	6.45237200581e-05	3.7955129446e-06	3.7955129446e-06	0
7.59102588919e-05	0	0	0	0.00525298991532	7.59102588919e-06	0.00154097825551	0.00190155198524	0.00149163658723	0.000220139750787	0.00443315911929	6.83192330027e-05	0.00594377327124	7.59102588919e-06	0.00131704299178	5.6932694169e-05	3.7955129446e-06	0	2.65685906122e-05	2.65685906122e-05	0.0142407645681	0	3.7955129446e-06	1.13865388338e-05	0.00191293852408	3.7955129446e-06	2.65685906122e-05	7.59102588919e-06	0.00441038604162	0.000603486558191	1.51820517784e-05	0	3.7955129446e-05	7.59102588919e-06	0.00047064360513	3.7955129446e-06	0	0	0	0.00033020962618	0	7.21147459473e-05	1.13865388338e-05	4.17506423906e-05	0.000132842953061	6.07282071136e-05	0	0.000144229491895	0	3.03641035568e-05	1.8977564723e-05	0	0	0	0	0.000250503854343	0	0	3.7955129446e-06	0.000413710910961	0	0	0	0.000125251927172	1.13865388338e-05	0	0	0	0	3.03641035568e-05	0.000163207056618	3.41596165014e-05	0.000299845522623	4.55461553352e-05	0.000117660901283	1.8977564723e-05	0	2.27730776676e-05	0	1.8977564723e-05	0	7.59102588919e-06	0	0
0.000322618600291	0.000387142320349	0.00227730776676	0	1.8977564723e-05	0	8.72967977257e-05	0.0024936520046	0.000595895532302	0.000261890393177	0.00018977564723	7.59102588919e-05	0	1.51820517784e-05	0.00105894811154	7.59102588919e-06	0.00255817572466	0.00138156671183	2.27730776676e-05	0.000292254496734	0	0.0373516428878	0.00399287961772	0.0176453396794	0.000971651313817	7.59102588919e-06	0.00103617503387	0.00155995582023	0.00785671179532	0.000478234631019	0.0141572632833	3.7955129446e-06	3.7955129446e-06	0.000106274362449	0.0039663110271	4.93416682798e-05	0.000136638466005	0.00018977564723	0	1.13865388338e-05	0	7.59102588919e-06	9.48878236149e-05	3.7955129446e-05	0.000223935263731	0	3.7955129446e-06	2.65685906122e-05	7.59102588919e-06	6.45237200581e-05	3.7955129446e-06	0.000501007708687	9.10923106703e-05	0	3.03641035568e-05	1.51820517784e-05	0.00107413016332	0.00240635520687	0.00120697311638	0.000383346807404	3.7955129446e-06	4.55461553352e-05	0.00033020962618	0.000816035283088	0.000121456414227	0.000770489127753	0	3.7955129446e-06	3.03641035568e-05	0.000311232061457	0.00287320329906	0.00159791094968	0.00301363727801	0.00187118788169	0.000148025004839	2.27730776676e-05	2.27730776676e-05	0.000204957699008	7.97057718365e-05	0.000284663470845	0.000185980134285	1.13865388338e-05	7.59102588919e-06	1.13865388338e-05
0.000360573729737	0.00623223225503	0.00195089365352	0	3.03641035568e-05	0	1.8977564723e-05	0.000736329511252	0.000269481419066	0.00482789246553	9.10923106703e-05	5.6932694169e-05	1.13865388338e-05	7.21147459473e-05	0.000546553864022	1.13865388338e-05	0.00921170991654	0.000409915398016	1.13865388338e-05	8.72967977257e-05	3.7955129446e-06	0.00399287961772	0.0395188807791	0.00975826378056	0.00827421821922	0.000110069875393	0.00189016544641	0.0127073773385	0.00656623739415	0.000717351946529	0.00253160713405	7.59102588919e-06	0	0.000144229491895	0.000747716050086	0.000132842953061	0.00102478849504	0.00134740709533	0	2.27730776676e-05	0	2.65685906122e-05	0.000288458983789	9.10923106703e-05	0.00196228019236	1.51820517784e-05	1.8977564723e-05	3.03641035568e-05	1.8977564723e-05	0.000129047440116	1.13865388338e-05	0.00207235006775	0.000273276932011	0	7.59102588919e-05	2.65685906122e-05	0.00267963213889	0.0120393670603	0.00756825281153	0.00118420003871	4.17506423906e-05	0.000193571160174	0.00305918343335	0.00255438021171	0.000250503854343	0.00163207056618	7.59102588919e-06	7.59102588919e-06	9.86833365595e-05	0.000762898101864	0.0020002353218	0.0012677013235	0.000721147459473	0.00051998527341	0.000136638466005	7.59102588919e-06	1.13865388338e-05	0.000907127593759	0.000212548724897	0.000705965407695	0.000409915398016	3.03641035568e-05	3.7955129446e-05	1.13865388338e-05
0.000762898101864	0.00169279877329	0.0144457222671	0	3.7955129446e-05	1.13865388338e-05	0.000155616030728	0.00430790719212	0.00107033465038	0.0002808679579	0.000296050009679	0.000277072444956	1.13865388338e-05	6.07282071136e-05	0.0018977564723	1.51820517784e-05	0.00708622266756	0.00450906937818	8.72967977257e-05	0.000755307075975	1.13865388338e-05	0.0176453396794	0.00975826378056	0.0680725246613	0.00115383593516	3.7955129446e-06	0.00488862067264	0.0111588080571	0.00697994830511	0.000853990412534	0.00801991885193	7.59102588919e-06	1.8977564723e-05	9.10923106703e-05	0.00587165852529	5.6932694169e-05	0.000945082723205	0.00140054427656	0	3.7955129446e-06	0	2.65685906122e-05	0.000151820517784	3.7955129446e-05	0.000216344237842	3.7955129446e-06	1.51820517784e-05	3.03641035568e-05	1.13865388338e-05	7.21147459473e-05	3.7955129446e-06	0.00104376605976	0.000337800652069	7.59102588919e-06	8.35012847811e-05	2.65685906122e-05	0.00114624490927	0.00484687003025	0.00573502005929	0.000390937833293	3.7955129446e-05	0.000277072444956	0.00291495394145	0.000641441687637	0.000106274362449	0.000645237200581	0	7.59102588919e-06	3.7955129446e-05	0.000607282071136	0.00734811306074	0.00426615654973	0.00576538416284	0.00398908410477	0.000425097449795	4.17506423906e-05	3.03641035568e-05	0.000573122454634	0.000368164755626	0.000857785925479	0.00061107758408	3.41596165014e-05	2.65685906122e-05	1.51820517784e-05
0.000835012847811	0.00207614558069	0.000265685906122	0	0.00322998151585	3.7955129446e-06	0.000485825656908	0.00742022780669	0.00160550197556	0.00994803942779	0.00171557185096	8.35012847811e-05	0.00104756157271	3.41596165014e-05	0.00262269944472	0.000242912828454	0.0046039572018	0.000163207056618	2.65685906122e-05	7.59102588919e-05	0.00191293852408	0.000971651313817	0.00827421821922	0.00115383593516	0.0404260083729	4.93416682798e-05	0.000774284640698	0.00243671931043	0.0203515404089	0.00248226546577	0.00217482891725	7.59102588919e-06	1.51820517784e-05	0.000406119885072	0.00129806542705	0.000170798082507	7.97057718365e-05	5.6932694169e-05	0	0.000428892962739	0	0.000129047440116	0.0002808679579	0.000258094880233	0.00252401610816	0.00014043397895	1.8977564723e-05	0.00037955129446	7.59102588919e-06	0.000292254496734	2.27730776676e-05	0.00023911731551	2.65685906122e-05	0	7.59102588919e-06	0.000326414113235	0.000360573729737	0.000964060287928	0.000311232061457	0.00230767187031	7.59102588919e-06	6.83192330027e-05	0.000129047440116	0.00138536222478	0.000296050009679	0.000455461553352	0	3.7955129446e-06	7.59102588919e-05	0.0005617359158	0.00158652441084	0.000508598734576	0.00111588080571	0.000550349376967	0.00094128721026	2.65685906122e-05	2.27730776676e-05	0.000242912828454	3.7955129446e-05	0.00033020962618	0.000121456414227	3.41596165014e-05	1.13865388338e-05	3.7955129446e-06
3.7955129446e-06	0.000789466692476	7.59102588919e-06	0	0	3.7955129446e-06	1.13865388338e-05	7.59102588919e-06	2.65685906122e-05	3.7955129446e-05	1.51820517784e-05	0.00191293852408	0	0.00525678542827	6.07282071136e-05	0	7.59102588919e-06	2.27730776676e-05	0.000261890393177	0.000223935263731	3.7955129446e-06	7.59102588919e-06	0.000110069875393	3.7955129446e-06	4.93416682798e-05	0.0110031920264	0.00287320329906	0.002876998812	1.51820517784e-05	8.72967977257e-05	3.7955129446e-06	0.000117660901283	3.7955129446e-06	3.7955129446e-06	0.000261890393177	3.7955129446e-06	0.00023911731551	7.59102588919e-06	0	0	0	1.13865388338e-05	3.7955129446e-06	1.13865388338e-05	3.7955129446e-06	0	0.0017193673639	1.13865388338e-05	0.00185221031696	3.03641035568e-05	0	3.7955129446e-06	0	5.31371812244e-05	2.65685906122e-05	7.59102588919e-06	0	1.8977564723e-05	7.59102588919e-06	7.59102588919e-06	0.00318063984757	0.000853990412534	0.000967855800872	7.59102588919e-06	6.07282071136e-05	0	0.000318823087346	2.65685906122e-05	3.7955129446e-06	0.000576917967579	6.07282071136e-05	0.000842603873701	0.000409915398016	4.17506423906e-05	7.59102588919e-06	0	0.000652828226471	2.27730776676e-05	0.00131324747883	9.10923106703e-05	1.51820517784e-05	0	0	0.000223935263731
0.000603486558191	0.0101529971268	0.0075151156303	0	3.41596165014e-05	1.51820517784e-05	0.000223935263731	0.00151440966489	0.000838808360756	0.000516189760465	0.000402324372127	0.00989490224656	3.7955129446e-05	0.00451666040407	0.00170418531212	3.03641035568e-05	0.00037955129446	0.0109424638193	0.00609179827608	0.0146848395826	2.65685906122e-05	0.00103617503387	0.00189016544641	0.00488862067264	0.000774284640698	0.00287320329906	0.0854483829217	0.02411668925	0.00123733721994	0.00169659428623	0.00184461929107	0.00108551670215	2.65685906122e-05	4.17506423906e-05	0.0082552406545	6.07282071136e-05	0.0102820445669	0.00143470389306	0	2.65685906122e-05	0	7.97057718365e-05	5.6932694169e-05	4.17506423906e-05	9.48878236149e-05	3.7955129446e-05	0.00191293852408	9.48878236149e-05	0.00255817572466	0.000212548724897	2.65685906122e-05	4.93416682798e-05	0.000747716050086	0.000383346807404	0.00114624490927	7.21147459473e-05	0.000148025004839	0.000296050009679	0.000698374381806	0.000185980134285	0.00668389829544	0.0081110111626	0.014457108806	0.000201162186064	0.000341596165014	0.00014043397895	0.000649032713526	2.27730776676e-05	7.59102588919e-06	0.00175732249335	0.00405740333777	0.00740884126785	0.00814896629205	0.00138156671183	9.48878236149e-05	3.41596165014e-05	0.000113865388338	0.000728738485363	0.00149163658723	0.00130565645294	0.000315027574402	1.8977564723e-05	2.27730776676e-05	5.31371812244e-05
0.000193571160174	0.0144836773966	0.00827421821922	0	2.65685906122e-05	3.7955129446e-06	6.07282071136e-05	0.000671805791194	0.000277072444956	0.00104376605976	0.000117660901283	0.00117660901283	3.7955129446e-06	0.00264167700944	0.000428892962739	1.13865388338e-05	0.00490380272442	0.00278590650133	0.000432688475684	0.00178009557102	7.59102588919e-06	0.00155995582023	0.0127073773385	0.0111588080571	0.00243671931043	0.002876998812	0.02411668925	0.0722893395428	0.00184841480402	0.000409915398016	0.000869172464313	0.000174593595451	1.13865388338e-05	4.93416682798e-05	0.00236080905154	7.21147459473e-05	0.00762898101864	0.00250503854343	0	1.8977564723e-05	0	4.55461553352e-05	8.72967977257e-05	3.7955129446e-05	0.000129047440116	1.51820517784e-05	0.000633850661748	4.55461553352e-05	0.000933696184371	9.86833365595e-05	1.13865388338e-05	0.000406119885072	0.000899536567869	0.000117660901283	0.000478234631019	4.17506423906e-05	0.000383346807404	0.00296809112267	0.00346530331842	0.000170798082507	0.00237219559037	0.00304400138157	0.00952673749094	0.000254299367288	0.000144229491895	0.000216344237842	0.000182184621341	1.13865388338e-05	0	0.00100201541737	0.00512394247521	0.0048848251597	0.0027745199625	0.00128667888822	0.000170798082507	1.8977564723e-05	6.07282071136e-05	0.000705965407695	0.000907127593759	0.000884354516091	0.000398528859183	1.13865388338e-05	3.03641035568e-05	5.31371812244e-05
0.00244051482338	0.000603486558191	0.00253540264699	0	0.00702549446045	2.65685906122e-05	0.00329830074885	0.0386041621595	0.00840706117228	0.00770109576459	0.0179375941762	0.000269481419066	0.00130186094	2.27730776676e-05	0.0119634568014	0.000277072444956	0.00473300464191	0.000409915398016	7.59102588919e-05	0.000258094880233	0.00441038604162	0.00785671179532	0.00656623739415	0.00697994830511	0.0203515404089	1.51820517784e-05	0.00123733721994	0.00184841480402	0.0882570625007	0.00669908034721	0.0110031920264	3.7955129446e-06	0.000106274362449	0.000652828226471	0.00430790719212	0.00047064360513	0.000102478849504	0.000212548724897	0	0.00163207056618	0	0.000546553864022	0.000812239770144	0.000633850661748	0.00621325469031	0.000501007708687	4.17506423906e-05	0.00124113273288	2.65685906122e-05	0.00089194554198	0.000144229491895	0.000618668609969	0.000132842953061	3.7955129446e-06	3.03641035568e-05	0.00127149683644	0.00100960644326	0.00274415585894	0.0011917910646	0.00678258163199	4.17506423906e-05	0.000113865388338	0.000334005139125	0.004178859752	0.00104376605976	0.00165863915679	0	1.8977564723e-05	0.000273276932011	0.00179527762279	0.0037955129446	0.00115383593516	0.00352603152553	0.00156375133317	0.00106274362449	7.97057718365e-05	2.65685906122e-05	0.000884354516091	0.000148025004839	0.000933696184371	0.00033020962618	0.000148025004839	4.93416682798e-05	1.13865388338e-05
0.00793641756715	0.000102478849504	0.000482030143964	0	0.000592100019357	0.000482030143964	0.00300604625212	0.00889288682919	0.00839947014639	0.00131704299178	0.00531371812244	0.00211410071014	0.000633850661748	0.000311232061457	0.0198125775708	0.000576917967579	0.000167002569562	0.0005617359158	0.000595895532302	0.000971651313817	0.000603486558191	0.000478234631019	0.000717351946529	0.000853990412534	0.00248226546577	8.72967977257e-05	0.00169659428623	0.000409915398016	0.00669908034721	0.0439975860538	0.00506700978104	2.65685906122e-05	0.00115004042221	0.00378033089282	0.0125138061783	0.000170798082507	5.6932694169e-05	6.07282071136e-05	0	0.000148025004839	0	0.000106274362449	0.00023911731551	0.000167002569562	0.00113865388338	0.000102478849504	3.41596165014e-05	0.00023152628962	5.6932694169e-05	0.000277072444956	2.27730776676e-05	8.35012847811e-05	1.51820517784e-05	0	2.65685906122e-05	0.000193571160174	0.000102478849504	0.000242912828454	0.000121456414227	0.00113106285749	7.59102588919e-05	0.000129047440116	0.000182184621341	0.000835012847811	0.000318823087346	0.000356778216792	2.65685906122e-05	7.59102588919e-06	5.6932694169e-05	0.000482030143964	0.00271758726833	0.00101719746915	0.00844122078878	0.00199264429591	0.000876763490202	0.000455461553352	0.000132842953061	0.00023152628962	3.41596165014e-05	0.000269481419066	7.59102588919e-05	3.03641035568e-05	1.13865388338e-05	4.55461553352e-05
0.00306677445923	0.00033020962618	0.00321859497702	0	4.93416682798e-05	0	0.000163207056618	0.0102478849504	0.00155995582023	0.0014726590225	0.000273276932011	0.000144229491895	2.27730776676e-05	7.59102588919e-06	0.00346909883136	3.03641035568e-05	0.00066041925236	0.00222417058553	5.31371812244e-05	0.000527576299299	1.51820517784e-05	0.0141572632833	0.00253160713405	0.00801991885193	0.00217482891725	3.7955129446e-06	0.00184461929107	0.000869172464313	0.0110031920264	0.00506700978104	0.0441569975974	0	1.13865388338e-05	0.00042130193685	0.00451666040407	0.00018977564723	0.000151820517784	0.000197366673119	0	4.17506423906e-05	0	8.72967977257e-05	0.000250503854343	0.00014043397895	0.00110449426688	4.55461553352e-05	7.59102588919e-06	0.000136638466005	1.13865388338e-05	0.000277072444956	1.51820517784e-05	0.000334005139125	9.10923106703e-05	3.7955129446e-06	5.31371812244e-05	8.35012847811e-05	0.000743920537141	0.001438499406	0.000736329511252	0.000945082723205	1.8977564723e-05	9.48878236149e-05	0.000428892962739	0.00120697311638	0.000334005139125	0.000880559003146	0	7.59102588919e-06	0.000121456414227	0.000618668609969	0.0022127840467	0.00123354170699	0.0030553879204	0.00156375133317	0.000170798082507	1.8977564723e-05	3.03641035568e-05	0.000360573729737	6.83192330027e-05	0.000383346807404	0.000170798082507	2.65685906122e-05	1.51820517784e-05	0
