0.028392935207	0.000433422882486	0.00216711441243	0	0.000160665378853	0	0.000665079940367	0.0132903895949	0.00512634650665	0.000239129866199	0.0055074597309	0.00227920653721	0.000751017236032	0.000130774145578	0.0153117842451	4.1100445753e-05	3.73640415937e-06	0.000332539970183	0.000302648736909	0.00193545735455	0.000127037741418	1.12092124781e-05	0.000369904011777	0.000239129866199	0.000773435660989	1.49456166375e-05	0.00193919375871	0.000493205349036	0.00207744071261	0.00787260356378	0.00467797800753	3.73640415937e-06	0	0.00109476641869	0.00345991025157	0	0.000224184249562	2.24184249562e-05	0	7.47280831873e-05	0	0.000702443981961	8.59372956654e-05	0.00110971203533	8.59372956654e-05	7.47280831873e-06	0.00064639791957	0.000104619316462	0.000201765824606	0.00109850282285	0.00076222644851	7.84644873467e-05	0.000104619316462	9.34101039841e-05	4.48368499124e-05	4.1100445753e-05	3.73640415937e-06	6.72552748686e-05	2.24184249562e-05	0.000250339078677	7.84644873467e-05	9.71465081435e-05	0.000269021099474	0.000205502228765	0.000343749182662	1.12092124781e-05	0	3.73640415937e-06	3.73640415937e-06	0.00116575809772	0.0020139218419	0.000444632094964	0.00399421604636	0.00052683298647	0.000373640415937	1.12092124781e-05	0	0.000609033877977	0.000328803566024	0.000627715898773	0.000134510549737	0.00103498395214	0.000160665378853	0.000149456166375
0.000433422882486	0.0180318864731	0.00130400505162	0	0.00182710163393	0	7.09916790279e-05	0.000556724219745	0.000254075482837	0.00217458722075	0.000549251411427	2.61548291156e-05	0.000343749182662	0.000332539970183	0.000269021099474	0.0001195649331	0.000807063298423	0.00144225200551	3.73640415937e-06	0.000168138187171	0.000485732540717	0.000205502228765	0.00774930222652	0.00192798454623	0.00541778603108	0.000403531649211	0.00363925765122	0.0105291869211	0.000661343536208	5.60460623905e-05	0.000489468944877	8.2200891506e-05	0	0	0.000257811886996	7.47280831873e-06	0.00493578989452	0.000493205349036	0	3.73640415937e-06	0	2.61548291156e-05	1.49456166375e-05	3.36276374343e-05	0.000242866270359	0	4.1100445753e-05	3.73640415937e-06	1.86820207968e-05	3.73640415937e-05	4.1100445753e-05	0.00011582852894	0.000388586032574	7.47280831873e-06	0.000153192570534	3.73640415937e-06	2.24184249562e-05	0.000216711441243	0.000198029420446	0.000198029420446	0.000104619316462	0.000620243090455	0.00439401129141	9.71465081435e-05	4.1100445753e-05	1.12092124781e-05	0	3.73640415937e-06	3.73640415937e-06	0.0001195649331	0.0045696222869	0.00372145854273	0.000336276374343	9.71465081435e-05	8.2200891506e-05	0	0	0.000254075482837	4.48368499124e-05	9.71465081435e-05	3.73640415937e-05	3.73640415937e-05	2.61548291156e-05	3.36276374343e-05
0.00216711441243	0.00130400505162	0.0437458198978	0	7.47280831873e-05	0	0.000287703120271	0.00796227726361	0.00166643625508	0.000403531649211	0.000534305794789	2.61548291156e-05	0.000138246953897	5.23096582311e-05	0.0035309019306	5.97824665498e-05	0.000609033877977	0.00509271886921	2.98912332749e-05	0.000220447845403	6.72552748686e-05	0.00110223922701	0.00133015988073	0.00938584724833	0.00106113878126	4.85732540717e-05	0.0172285595788	0.0112353673072	0.00317594353546	7.47280831873e-05	0.00573164398047	1.49456166375e-05	0	0	0.000171874591331	7.47280831873e-06	0.00534305794789	0.0022530517081	0	0	0	3.73640415937e-06	0.0001195649331	4.1100445753e-05	0.000171874591331	0	4.1100445753e-05	3.73640415937e-06	1.49456166375e-05	3.73640415937e-05	7.47280831873e-06	8.2200891506e-05	0.00415114502105	0.0001195649331	0.00228294294137	3.73640415937e-06	7.09916790279e-05	0.000452104903283	0.0016365450218	0.000138246953897	0.000153192570534	0.00561955185569	0.00243613551191	0.000123301337259	7.47280831873e-05	0.000127037741418	0	0	4.1100445753e-05	0.000519360178152	0.00439774769557	0.00271636582386	0.000381113224255	8.96736998248e-05	8.96736998248e-05	0	0	0.000683761961164	0.000123301337259	0.000254075482837	0.000212975037084	5.60460623905e-05	3.36276374343e-05	1.49456166375e-05
0	0	0	0	0	0	0	0	0	0	0	0	0	0	0	0	0	0	0	0	0	0	0	0	0	0	0	0	0	0	0	0	0	0	0	0	0	0	0	0	0	0	0	0	0	0	0	0	0	0	0	0	0	0	0	0	0	0	0	0	0	0	0	0	0	0	0	0	0	0	0	0	0	0	0	0	0	0	0	0	0	0	0	0
0.000160665378853	0.00182710163393	7.47280831873e-05	0	0.019765578003	0	0.000388586032574	0.00322825319369	0.000560460623905	0.00399421604636	0.00160665378853	3.73640415937e-06	0.00192051173791	0.000186820207968	0.000433422882486	0.000452104903283	1.86820207968e-05	8.2200891506e-05	1.49456166375e-05	4.48368499124e-05	0.00538042198949	4.48368499124e-05	0.00237635304536	0.000108355720622	0.0100621364012	0.00035122199098	0.000366167607618	0.000485732540717	0.00499930876523	9.34101039841e-05	5.23096582311e-05	0	0	1.49456166375e-05	0.000160665378853	0	8.2200891506e-05	3.73640415937e-06	0	0.00439027488725	0	0.00017934739965	3.73640415937e-06	0.000444632094964	0.00182336522977	0.00017561099549	8.59372956654e-05	0.00111718484365	0	0.000500678157355	2.24184249562e-05	7.47280831873e-06	3.73640415937e-06	5.60460623905e-05	3.73640415937e-05	0.00130026864746	1.49456166375e-05	4.48368499124e-05	1.12092124781e-05	0.00312737028139	0	0.000104619316462	0.000100882912303	0.00105366597294	0.000552987815586	3.73640415937e-06	0	0	0.000198029420446	0.000694971173642	0.000907946210726	0.000407268053371	0.000332539970183	9.34101039841e-05	0.000340012778502	0	0	0.000108355720622	2.61548291156e-05	0.000246602674518	6.35188707092e-05	8.59372956654e-05	9.34101039841e-05	7.47280831873e-06
0	0	0	0	0	0.000123301337259	3.73640415937e-05	0	1.86820207968e-05	0	0	0	0	0	0	3.36276374343e-05	0	0	0	0	0	0	0	0	0	0	0	0	0	0	0	0	1.12092124781e-05	0	0	0	0	0	0	0	0	0	0	0	0	0	0	0	0	0	0	0	0	0	0	0	0	0	0	0	0	0	0	0	0	0	0	0	0	0	0	0	0	0	8.2200891506e-05	1.86820207968e-05	0	0	0	0	0	0	0	0
0.000665079940367	7.09916790279e-05	0.000287703120271	0	0.000388586032574	3.73640415937e-05	0.030690823765	0.00567933432223	0.0134772098028	0.00208117711677	0.0130400505162	0.000246602674518	0.00301901456077	5.23096582311e-05	0.00220821485818	0.00305637860236	1.12092124781e-05	1.49456166375e-05	1.49456166375e-05	0.000198029420446	0.000638925111251	7.47280831873e-06	0.000212975037084	4.85732540717e-05	0.00236888023704	3.73640415937e-06	0.000183083803809	8.59372956654e-05	0.00359815720547	0.00088552778577	6.72552748686e-05	0	0.000212975037084	0	0.00156181693861	0	1.49456166375e-05	0	0	5.23096582311e-05	0	5.60460623905e-05	0	0.000209238632924	0.000231657057881	1.86820207968e-05	6.35188707092e-05	0.000280230311952	0	0.00017934739965	1.49456166375e-05	7.47280831873e-06	3.73640415937e-06	2.98912332749e-05	1.12092124781e-05	5.23096582311e-05	0	0.000186820207968	0	0.000261548291156	3.73640415937e-06	1.86820207968e-05	2.98912332749e-05	4.48368499124e-05	0.000302648736909	3.73640415937e-06	0	0	1.86820207968e-05	0.000467050519921	0.00152818930118	0.000306385141068	0.0019952398211	0.000635188707092	0.00347111946405	0.0015169800887	0	2.24184249562e-05	0.000108355720622	0.000216711441243	5.97824665498e-05	5.97824665498e-05	2.24184249562e-05	1.12092124781e-05
0.0132903895949	0.000556724219745	0.00796227726361	0	0.00322825319369	0	0.00567933432223	0.0838897461861	0.0123301337259	0.00357947518467	0.0261697747322	0.00088179138161	0.000672552748686	0.000141983358056	0.0179721040065	0.000631452302933	3.73640415937e-05	0.00146840683463	0.000168138187171	0.00110223922701	0.00128905943498	0.00246229034102	0.000575406240542	0.00178973759234	0.00946431173567	1.49456166375e-05	0.00451731262867	0.00154687132198	0.0326711179695	0.00654618008721	0.0145757126257	1.49456166375e-05	0	0.00135631470985	0.00434170163318	0	0.000373640415937	4.1100445753e-05	0	0.00369530371361	0	0.000332539970183	0.000171874591331	0.00137126032649	0.00236140742872	0.000418477265849	0.000287703120271	0.00195040297119	7.47280831873e-06	0.00082574531922	0.000227920653721	9.34101039841e-05	0.000194293016287	0.00017561099549	0.000130774145578	0.00100135631471	1.49456166375e-05	0.000429686478327	0.00011582852894	0.00555603298498	4.48368499124e-05	0.000224184249562	0.000754753640192	0.00198029420446	0.00121433135179	4.48368499124e-05	0	0	0.000141983358056	0.00238008944952	0.00507403684842	0.000739808023554	0.00666200861615	0.00224557889978	0.000814536106742	0.000171874591331	0	0.00156181693861	0.000594088261339	0.00167764546755	0.000433422882486	0.000691234769483	0.000552987815586	0.000343749182662
0.00512634650665	0.000254075482837	0.00166643625508	0	0.000560460623905	1.86820207968e-05	0.0134772098028	0.0123301337259	0.0363141120249	0.000623979494614	0.0167652454631	0.00120312213932	0.00215216879579	0.000552987815586	0.0136154567567	0.000552987815586	1.49456166375e-05	7.47280831873e-05	0.000183083803809	0.000818272510901	0.000508150965674	1.49456166375e-05	6.72552748686e-05	0.000209238632924	0.00171127310499	4.1100445753e-05	0.000642661515411	0.000209238632924	0.00568680713055	0.00283593075696	0.000496941753196	7.47280831873e-06	1.12092124781e-05	1.86820207968e-05	0.00399421604636	0	8.2200891506e-05	7.47280831873e-06	0	0.000257811886996	0	0.000250339078677	0.000149456166375	0.000556724219745	0.000149456166375	7.47280831873e-05	7.47280831873e-05	0.000504414561514	1.12092124781e-05	0.000493205349036	0.000198029420446	2.61548291156e-05	8.2200891506e-05	2.61548291156e-05	1.49456166375e-05	0.000164401783012	0	3.73640415937e-05	3.73640415937e-06	0.000612770282136	7.47280831873e-06	2.61548291156e-05	5.60460623905e-05	0.000212975037084	0.000455841307443	9.71465081435e-05	0	0	1.86820207968e-05	0.000751017236032	0.00385970549662	0.000612770282136	0.0056643887056	0.00171500950915	0.00194293016287	0.000784644873467	1.12092124781e-05	0.000190556612128	0.000556724219745	0.000396058840893	0.000283966716112	0.000254075482837	3.36276374343e-05	3.73640415937e-05
0.000239129866199	0.00217458722075	0.000403531649211	0	0.00399421604636	0	0.00208117711677	0.00357947518467	0.000623979494614	0.0269095827557	0.000515623773992	0.000145719762215	0.0036504668637	0.000250339078677	0.000594088261339	0.00393069717565	8.59372956654e-05	0.000246602674518	0.000149456166375	0.000373640415937	0.00178973759234	6.72552748686e-05	0.00471534204912	0.000366167607618	0.0166195257009	0.00053056939063	0.00207744071261	0.00153939851366	0.00687872005739	0.000609033877977	0.00107234799374	3.36276374343e-05	0	6.35188707092e-05	0.000362431203458	1.86820207968e-05	0.00029143952443	1.49456166375e-05	0	0.00239129866199	0	6.35188707092e-05	8.59372956654e-05	0.000627715898773	0.00927375512354	1.86820207968e-05	0.00041100445753	0.000803326894263	3.73640415937e-06	0.00121433135179	6.35188707092e-05	7.84644873467e-05	4.1100445753e-05	0.000153192570534	0.000242866270359	0.000358694799299	5.60460623905e-05	0.00150203447206	4.48368499124e-05	0.00575779880958	0.000280230311952	0.000313857949387	0.000896736998248	0.000967728677276	0.00182710163393	0.000396058840893	0	0	0.000579142644702	0.00337023655175	0.00679651916589	0.00402410727964	0.000545515007267	0.000104619316462	0.00275372986545	2.61548291156e-05	0	0.00163280861764	0.000280230311952	0.00214095958332	0.000713653194439	0.000713653194439	0.000807063298423	0.000138246953897
0.0055074597309	0.000549251411427	0.000534305794789	0	0.00160665378853	0	0.0130400505162	0.0261697747322	0.0167652454631	0.000515623773992	0.0631340210808	0.00286582199023	0.00545888647683	0.000168138187171	0.00838822733777	0.000227920653721	3.73640415937e-05	0.000231657057881	0.000306385141068	0.00306011500652	0.00468545081584	2.61548291156e-05	0.000373640415937	0.000336276374343	0.00219700564571	3.73640415937e-05	0.00276493907793	0.0012778502225	0.0115155976192	0.00249965438262	0.000164401783012	1.12092124781e-05	3.73640415937e-06	0.000511887369833	0.00790623120122	0	4.48368499124e-05	0	0	0.000534305794789	0	0.000239129866199	0.000130774145578	0.000347485586821	0.000257811886996	0.000141983358056	1.12092124781e-05	0.000343749182662	3.73640415937e-06	0.000455841307443	9.34101039841e-05	1.49456166375e-05	3.73640415937e-06	1.12092124781e-05	4.48368499124e-05	0.000265284695315	0	0.000100882912303	0	0.000904209806566	1.86820207968e-05	5.97824665498e-05	7.47280831873e-05	0.000340012778502	0.00047078692408	0.000100882912303	0	0	2.61548291156e-05	0.000571669836383	0.00756248201855	0.00132268707242	0.00940452926912	0.00210733194588	0.00152818930118	0.000276493907793	0	0.000160665378853	0.000302648736909	0.000145719762215	7.84644873467e-05	0.000130774145578	2.24184249562e-05	7.47280831873e-06
0.00227920653721	2.61548291156e-05	2.61548291156e-05	0	3.73640415937e-06	0	0.000246602674518	0.00088179138161	0.00120312213932	0.000145719762215	0.00286582199023	0.0212078300086	0.000635188707092	0.00223810609146	0.00446126656628	7.47280831873e-06	3.73640415937e-06	0.000549251411427	0.00299659613581	0.00694597533226	1.86820207968e-05	2.61548291156e-05	4.85732540717e-05	0.000100882912303	0.000100882912303	0.000440895690805	0.00555603298498	0.000377376820096	0.000216711441243	0.00481248855726	0.000496941753196	0.00029517592859	3.36276374343e-05	0	0.00899352481159	0	2.61548291156e-05	0	0	3.73640415937e-06	0	0	0	3.73640415937e-06	1.86820207968e-05	0	8.96736998248e-05	3.73640415937e-06	0.000272757503634	1.49456166375e-05	1.12092124781e-05	3.73640415937e-06	0	0.0001195649331	2.24184249562e-05	3.73640415937e-06	0	1.86820207968e-05	3.73640415937e-06	1.86820207968e-05	6.35188707092e-05	0.000149456166375	5.97824665498e-05	1.49456166375e-05	2.24184249562e-05	0	1.49456166375e-05	0	0	8.96736998248e-05	0.00100882912303	0.00219700564571	0.009636186327	0.000448368499124	4.48368499124e-05	3.73640415937e-06	0.000220447845403	5.23096582311e-05	0.000127037741418	0.000104619316462	1.49456166375e-05	1.49456166375e-05	1.86820207968e-05	6.72552748686e-05
0.000751017236032	0.000343749182662	0.000138246953897	0	0.00192051173791	0	0.00301901456077	0.000672552748686	0.00215216879579	0.0036504668637	0.00545888647683	0.000635188707092	0.0245743301561	6.72552748686e-05	0.000276493907793	0.00205502228765	2.61548291156e-05	1.86820207968e-05	7.84644873467e-05	0.000511887369833	0.00510392808169	2.98912332749e-05	0.000448368499124	0.000112092124781	0.00359815720547	9.34101039841e-05	0.000481996136558	0.00029143952443	0.00115454888524	0.00023539346204	0.000108355720622	0	0	5.60460623905e-05	0.00122927696843	2.61548291156e-05	4.1100445753e-05	0	0	0.00219700564571	0	0.00211106835004	3.73640415937e-06	0.00140862436808	0.000283966716112	6.35188707092e-05	0.00023539346204	0.00462566834929	3.73640415937e-05	0.000377376820096	0.000538042198949	1.49456166375e-05	7.47280831873e-06	5.97824665498e-05	2.24184249562e-05	0.00337770936007	0	7.09916790279e-05	0	0.000489468944877	1.12092124781e-05	4.1100445753e-05	4.48368499124e-05	0.000112092124781	0.000265284695315	3.73640415937e-06	0	1.86820207968e-05	3.73640415937e-06	0.00035122199098	0.00202886745854	0.000653870727889	0.00118070371436	0.000149456166375	0.00123674977675	0.000149456166375	0	0.000100882912303	7.47280831873e-05	0.000100882912303	3.73640415937e-06	3.73640415937e-05	4.85732540717e-05	3.73640415937e-06
0.000130774145578	0.000332539970183	5.23096582311e-05	0	0.000186820207968	0	5.23096582311e-05	0.000141983358056	0.000552987815586	0.000250339078677	0.000168138187171	0.00223810609146	6.72552748686e-05	0.0154799224322	0.00133763268905	3.73640415937e-06	1.12092124781e-05	4.48368499124e-05	3.73640415937e-05	0.000261548291156	0.000145719762215	2.98912332749e-05	0.000549251411427	5.23096582311e-05	0.00035122199098	0.00644903357906	0.0025743824658	0.00140488796392	0.000138246953897	0.00128532303082	0.0001195649331	0.000343749182662	0	1.12092124781e-05	0.00114333967277	0	0.000702443981961	0	0	0.000112092124781	0	2.61548291156e-05	0	8.96736998248e-05	4.85732540717e-05	1.86820207968e-05	0.000310121545227	0.000134510549737	0.00511140089001	7.84644873467e-05	4.1100445753e-05	0	0	3.36276374343e-05	6.35188707092e-05	0.000123301337259	3.73640415937e-06	5.60460623905e-05	5.23096582311e-05	0.000164401783012	0.000956519464797	0.000635188707092	0.00199897622526	7.09916790279e-05	3.36276374343e-05	0	7.47280831873e-05	3.73640415937e-06	0	0.000381113224255	0.000239129866199	0.00228294294137	0.00229415215385	0.00103124754798	2.24184249562e-05	0	0.000444632094964	3.73640415937e-06	0.000971465081435	0.000377376820096	0.000265284695315	1.86820207968e-05	1.49456166375e-05	8.59372956654e-05
0.0153117842451	0.000269021099474	0.0035309019306	0	0.000433422882486	0	0.00220821485818	0.0179721040065	0.0136154567567	0.000594088261339	0.00838822733777	0.00446126656628	0.000276493907793	0.00133763268905	0.0442801256926	0.000463314115761	7.47280831873e-06	0.000362431203458	0.00122554056427	0.00134510549737	0.000220447845403	1.86820207968e-05	0.000250339078677	0.000254075482837	0.00161786300101	6.72552748686e-05	0.00205502228765	0.00041100445753	0.00314231589803	0.0124422258507	0.00324693521449	6.35188707092e-05	7.47280831873e-06	0.000112092124781	0.00894121515336	0	0.000261548291156	2.24184249562e-05	0	0.000108355720622	0	0.000508150965674	0.000130774145578	0.000900473402407	0.000153192570534	2.61548291156e-05	0.000463314115761	0.000216711441243	0.00017561099549	0.000814536106742	0.000859372956654	4.85732540717e-05	0.000141983358056	3.73640415937e-05	5.23096582311e-05	8.59372956654e-05	7.47280831873e-06	0.000108355720622	1.86820207968e-05	0.00041474086169	5.60460623905e-05	8.59372956654e-05	0.000201765824606	0.000149456166375	0.000287703120271	2.98912332749e-05	0	3.73640415937e-06	2.24184249562e-05	0.000911682614885	0.00171500950915	0.000519360178152	0.0103087390757	0.00148335245127	0.000949046656479	0.000381113224255	1.12092124781e-05	0.000515623773992	0.000560460623905	0.000422213670008	0.000190556612128	0.000724862406917	5.97824665498e-05	6.72552748686e-05
4.1100445753e-05	0.0001195649331	5.97824665498e-05	0	0.000452104903283	3.36276374343e-05	0.00305637860236	0.000631452302933	0.000552987815586	0.00393069717565	0.000227920653721	7.47280831873e-06	0.00205502228765	3.73640415937e-06	0.000463314115761	0.00697960296969	7.47280831873e-06	3.73640415937e-06	7.47280831873e-06	7.47280831873e-06	9.71465081435e-05	3.73640415937e-06	0.000298912332749	2.98912332749e-05	0.00351595631396	0	0.000108355720622	0.000112092124781	0.000564197028064	0.000541778603108	6.72552748686e-05	0	2.61548291156e-05	0	4.1100445753e-05	0	2.61548291156e-05	0	0	3.36276374343e-05	0	3.73640415937e-05	0	7.84644873467e-05	0.000340012778502	3.73640415937e-06	4.85732540717e-05	0.000100882912303	0	2.61548291156e-05	3.73640415937e-06	3.36276374343e-05	0	1.49456166375e-05	7.47280831873e-06	1.49456166375e-05	0	0.000265284695315	3.73640415937e-06	0.000287703120271	0	1.86820207968e-05	7.84644873467e-05	1.86820207968e-05	4.48368499124e-05	3.73640415937e-06	0	0	1.86820207968e-05	0.000194293016287	0.00150950728038	0.000347485586821	3.36276374343e-05	3.73640415937e-05	0.00391948796317	9.34101039841e-05	0	8.2200891506e-05	7.47280831873e-06	0.000198029420446	2.24184249562e-05	6.72552748686e-05	4.48368499124e-05	0
3.73640415937e-06	0.000807063298423	0.000609033877977	0	1.86820207968e-05	0	1.12092124781e-05	3.73640415937e-05	1.49456166375e-05	8.59372956654e-05	3.73640415937e-05	3.73640415937e-06	2.61548291156e-05	1.12092124781e-05	7.47280831873e-06	7.47280831873e-06	0.0209911185673	0.000332539970183	1.49456166375e-05	2.98912332749e-05	1.86820207968e-05	0.00176731916738	0.0095166213939	0.00359815720547	0.00613891203384	7.47280831873e-06	0.000840690935857	0.00627342258357	0.000866845764973	2.24184249562e-05	0.000403531649211	0	0	0	4.1100445753e-05	3.73640415937e-06	0.000153192570534	0.000724862406917	0	0	0	0	0	2.24184249562e-05	6.35188707092e-05	0	7.47280831873e-06	0	0	1.49456166375e-05	1.12092124781e-05	0.00265658335731	0.000130774145578	1.49456166375e-05	2.24184249562e-05	0	0.00059035185718	0.00625100415862	0.00433796522902	2.24184249562e-05	7.47280831873e-06	4.85732540717e-05	0.00175237355074	1.12092124781e-05	4.85732540717e-05	0.000205502228765	0	0	1.86820207968e-05	8.96736998248e-05	0.00467797800753	0.00191677533375	0.000164401783012	0.000183083803809	1.12092124781e-05	0	0	0.000358694799299	4.85732540717e-05	0.000257811886996	0.000313857949387	8.59372956654e-05	0.000127037741418	0
0.000332539970183	0.00144225200551	0.00509271886921	0	8.2200891506e-05	0	1.49456166375e-05	0.00146840683463	7.47280831873e-05	0.000246602674518	0.000231657057881	0.000549251411427	1.86820207968e-05	4.48368499124e-05	0.000362431203458	3.73640415937e-06	0.000332539970183	0.0246229034102	0.000134510549737	0.00393816998397	7.47280831873e-06	0.000556724219745	0.001195649331	0.0110784383325	0.000732335215236	1.12092124781e-05	0.00831723565875	0.00447621218292	0.000127037741418	5.60460623905e-05	0.00311616106891	3.73640415937e-06	0	0	0.00212227756252	2.24184249562e-05	0.00192798454623	0.000186820207968	0	0	0	3.73640415937e-06	0	1.49456166375e-05	8.59372956654e-05	0	1.86820207968e-05	7.47280831873e-06	1.12092124781e-05	2.61548291156e-05	3.73640415937e-06	1.49456166375e-05	0.0010574023771	7.84644873467e-05	0.00194293016287	7.47280831873e-06	1.86820207968e-05	7.09916790279e-05	3.36276374343e-05	1.12092124781e-05	3.73640415937e-05	0.00314978870634	0.000713653194439	7.47280831873e-06	8.2200891506e-05	4.48368499124e-05	0	3.73640415937e-06	2.98912332749e-05	0.000418477265849	0.00125169539339	0.00308253343148	0.0017374279341	0.00035122199098	3.73640415937e-06	0	0	0.0001195649331	4.48368499124e-05	8.96736998248e-05	5.60460623905e-05	7.47280831873e-06	1.12092124781e-05	7.47280831873e-06
0.000302648736909	3.73640415937e-06	2.98912332749e-05	0	1.49456166375e-05	0	1.49456166375e-05	0.000168138187171	0.000183083803809	0.000149456166375	0.000306385141068	0.00299659613581	7.84644873467e-05	3.73640415937e-05	0.00122554056427	7.47280831873e-06	1.49456166375e-05	0.000134510549737	0.0072000508151	0.00254449123253	2.24184249562e-05	2.24184249562e-05	7.47280831873e-06	0.000104619316462	4.48368499124e-05	3.36276374343e-05	0.0030526421982	0.000186820207968	5.23096582311e-05	0.00113586686445	0.000201765824606	7.47280831873e-06	0	0	0.00167017265924	0	0.000328803566024	0	0	3.73640415937e-06	0	0	0	0	7.47280831873e-06	0	7.47280831873e-06	0	4.1100445753e-05	0	0	7.47280831873e-06	0	1.12092124781e-05	8.96736998248e-05	0	0	1.12092124781e-05	0	1.12092124781e-05	0.000269021099474	0.000254075482837	0.000134510549737	0	0	0	0	0	0	3.73640415937e-06	0.000975201485594	0.00142730638888	0.00181962882561	0.000168138187171	1.12092124781e-05	0	0	2.61548291156e-05	2.61548291156e-05	0	0	0	0	0
0.00193545735455	0.000168138187171	0.000220447845403	0	4.48368499124e-05	0	0.000198029420446	0.00110223922701	0.000818272510901	0.000373640415937	0.00306011500652	0.00694597533226	0.000511887369833	0.000261548291156	0.00134510549737	7.47280831873e-06	2.98912332749e-05	0.00393816998397	0.00254449123253	0.0201205363982	4.85732540717e-05	7.84644873467e-05	0.000134510549737	0.00053056939063	0.000190556612128	0.000201765824606	0.00872450371212	0.00149082525959	0.000280230311952	0.00101630193135	0.000571669836383	0.00017561099549	0	0	0.00714400475271	0	0.000713653194439	0	0	0	0	0	0	3.73640415937e-06	7.47280831873e-06	0	3.73640415937e-06	3.73640415937e-06	0.000186820207968	1.49456166375e-05	1.12092124781e-05	7.47280831873e-06	7.47280831873e-06	1.86820207968e-05	0.000336276374343	3.73640415937e-06	3.73640415937e-06	3.73640415937e-06	3.73640415937e-06	1.49456166375e-05	0.000388586032574	0.000556724219745	0.000691234769483	1.49456166375e-05	1.86820207968e-05	0	0	0	0	9.34101039841e-05	0.0022156876665	0.00282845794864	0.006564862108	0.000198029420446	1.86820207968e-05	3.73640415937e-06	0	7.84644873467e-05	8.2200891506e-05	0.000108355720622	1.49456166375e-05	1.49456166375e-05	1.86820207968e-05	5.23096582311e-05
0.000127037741418	0.000485732540717	6.72552748686e-05	0	0.00538042198949	0	0.000638925111251	0.00128905943498	0.000508150965674	0.00178973759234	0.00468545081584	1.86820207968e-05	0.00510392808169	0.000145719762215	0.000220447845403	9.71465081435e-05	1.86820207968e-05	7.47280831873e-06	2.24184249562e-05	4.85732540717e-05	0.0157825711692	4.48368499124e-05	0.00076222644851	7.84644873467e-05	0.00380739583839	0.000164401783012	0.000149456166375	0.000153192570534	0.00226799732473	0.000190556612128	7.84644873467e-05	0	0	5.97824665498e-05	0.000250339078677	0	2.61548291156e-05	3.73640415937e-06	0	0.000127037741418	0	0	0	7.47280831873e-06	0.000254075482837	0	7.47280831873e-06	6.72552748686e-05	0	1.12092124781e-05	0	3.73640415937e-06	0	0	0	4.48368499124e-05	1.12092124781e-05	1.86820207968e-05	3.73640415937e-06	0.000227920653721	3.73640415937e-06	3.36276374343e-05	2.61548291156e-05	9.71465081435e-05	3.36276374343e-05	0	0	0	1.49456166375e-05	6.35188707092e-05	0.00108355720622	0.000287703120271	0.000347485586821	8.2200891506e-05	0.000209238632924	0	0	2.61548291156e-05	3.73640415937e-06	4.1100445753e-05	3.36276374343e-05	2.61548291156e-05	2.24184249562e-05	0
1.12092124781e-05	0.000205502228765	0.00110223922701	0	4.48368499124e-05	0	7.47280831873e-06	0.00246229034102	1.49456166375e-05	6.72552748686e-05	2.61548291156e-05	2.61548291156e-05	2.98912332749e-05	2.98912332749e-05	1.86820207968e-05	3.73640415937e-06	0.00176731916738	0.000556724219745	2.24184249562e-05	7.84644873467e-05	4.48368499124e-05	0.0318528454586	0.000836954531698	0.00713653194439	0.00103124754798	1.12092124781e-05	0.00102377473967	0.00065013432373	0.00922518186947	1.86820207968e-05	0.0139890971727	0	0	0	0.00325440802281	1.12092124781e-05	5.60460623905e-05	0.000743544427714	0	0	0	0	7.47280831873e-06	7.47280831873e-06	3.36276374343e-05	0	1.12092124781e-05	3.73640415937e-06	7.47280831873e-06	1.49456166375e-05	1.12092124781e-05	0.00011582852894	8.96736998248e-05	7.47280831873e-06	5.97824665498e-05	3.73640415937e-06	0.000739808023554	0.00263416493235	0.00125169539339	1.49456166375e-05	0	0.00011582852894	0.000130774145578	3.73640415937e-05	9.71465081435e-05	0.000556724219745	0	0	2.24184249562e-05	0.000347485586821	0.00227173372889	0.000463314115761	0.00425576433752	0.000990147102232	2.24184249562e-05	0	0	0.00029143952443	2.24184249562e-05	0.000911682614885	0.000556724219745	0.000257811886996	0.000343749182662	0
0.000369904011777	0.00774930222652	0.00133015988073	0	0.00237635304536	0	0.000212975037084	0.000575406240542	6.72552748686e-05	0.00471534204912	0.000373640415937	4.85732540717e-05	0.000448368499124	0.000549251411427	0.000250339078677	0.000298912332749	0.0095166213939	0.001195649331	7.47280831873e-06	0.000134510549737	0.00076222644851	0.000836954531698	0.0367886353531	0.00331419048936	0.0121283679013	0.000721126002757	0.00349353788901	0.016294458539	0.00191677533375	0.000642661515411	0.00186072927136	6.35188707092e-05	0	8.96736998248e-05	0.000396058840893	3.73640415937e-05	0.0011582852894	0.00156555334277	0	3.73640415937e-06	0	0	7.84644873467e-05	3.36276374343e-05	0.00192798454623	3.73640415937e-06	8.2200891506e-05	1.12092124781e-05	1.86820207968e-05	8.96736998248e-05	7.47280831873e-06	0.0043304924207	0.000201765824606	5.23096582311e-05	9.71465081435e-05	7.47280831873e-06	0.000945310252319	0.014418783651	0.00677783714509	0.000496941753196	3.36276374343e-05	0.000336276374343	0.0055074597309	0.000478259732399	0.000388586032574	0.000366167607618	0	0	0.00017934739965	0.00112839405613	0.00473776047407	0.00277241188625	0.000485732540717	0.000138246953897	0.000220447845403	0	0	0.000616506686295	0.000108355720622	0.00100882912303	0.000194293016287	5.97824665498e-05	8.96736998248e-05	0
0.000239129866199	0.00192798454623	0.00938584724833	0	0.000108355720622	0	4.85732540717e-05	0.00178973759234	0.000209238632924	0.000366167607618	0.000336276374343	0.000100882912303	0.000112092124781	5.23096582311e-05	0.000254075482837	2.98912332749e-05	0.00359815720547	0.0110784383325	0.000104619316462	0.00053056939063	7.84644873467e-05	0.00713653194439	0.00331419048936	0.0713391646148	0.00178226478402	1.12092124781e-05	0.00537668558533	0.0141572353598	0.00251086359509	9.34101039841e-05	0.00476017889903	0	0	7.47280831873e-06	0.00230909777049	2.24184249562e-05	0.00159170817189	0.00310868826059	0	0	0	0	1.49456166375e-05	2.61548291156e-05	6.72552748686e-05	0	2.98912332749e-05	1.12092124781e-05	7.47280831873e-06	4.85732540717e-05	0	0.000963992273116	0.00178226478402	4.85732540717e-05	0.00100135631471	1.12092124781e-05	0.000336276374343	0.00652376166225	0.00930364635682	4.1100445753e-05	1.49456166375e-05	0.00183457444225	0.00370651292609	3.36276374343e-05	0.000104619316462	7.47280831873e-05	0	3.73640415937e-06	4.1100445753e-05	0.000564197028064	0.0168848103962	0.00508898246506	0.00254822763669	0.00107234799374	3.36276374343e-05	0	0	0.000728598811076	0.0001195649331	0.00140488796392	0.00222316047482	0.00082574531922	0.000246602674518	7.47280831873e-06
0.000773435660989	0.00541778603108	0.00106113878126	0	0.0100621364012	0	0.00236888023704	0.00946431173567	0.00171127310499	0.0166195257009	0.00219700564571	0.000100882912303	0.00359815720547	0.00035122199098	0.00161786300101	0.00351595631396	0.00613891203384	0.000732335215236	4.48368499124e-05	0.000190556612128	0.00380739583839	0.00103124754798	0.0121283679013	0.00178226478402	0.0559601250948	0.000575406240542	0.00294055007342	0.00565691589728	0.0220111569028	0.00192798454623	0.00355332035556	7.47280831873e-06	0	0.00035122199098	0.000691234769483	2.24184249562e-05	0.00029517592859	0.000362431203458	0	0.0022156876665	0	8.59372956654e-05	3.73640415937e-05	0.00134884190153	0.00597077384667	8.2200891506e-05	0.000680025557004	0.00106113878126	7.47280831873e-06	0.00208491352093	8.59372956654e-05	0.000358694799299	7.09916790279e-05	0.000347485586821	0.000209238632924	0.000149456166375	0.000709916790279	0.00277988469457	0.00102377473967	0.00671431827438	9.71465081435e-05	0.000280230311952	0.000971465081435	0.00130774145578	0.00296670490254	0.000422213670008	0	0	0.000635188707092	0.00471160564496	0.010551605346	0.00418850906265	0.00111344843949	0.000493205349036	0.00233898900376	6.35188707092e-05	0	0.00136378751817	0.000265284695315	0.0023352525996	0.000601561069658	0.000612770282136	0.000807063298423	3.36276374343e-05
1.49456166375e-05	0.000403531649211	4.85732540717e-05	0	0.00035122199098	0	3.73640415937e-06	1.49456166375e-05	4.1100445753e-05	0.00053056939063	3.73640415937e-05	0.000440895690805	9.34101039841e-05	0.00644903357906	6.72552748686e-05	0	7.47280831873e-06	1.12092124781e-05	3.36276374343e-05	0.000201765824606	0.000164401783012	1.12092124781e-05	0.000721126002757	1.12092124781e-05	0.000575406240542	0.0109177729537	0.00234272540792	0.00244360832022	2.24184249562e-05	9.34101039841e-05	2.61548291156e-05	0.000859372956654	0	0	5.97824665498e-05	0	0.00147214323879	0	0	0	0	0	0	0	4.85732540717e-05	0	0.000321330757705	0	0.00568307072639	0	7.47280831873e-06	0	0	4.1100445753e-05	6.35188707092e-05	0	0	4.85732540717e-05	0	3.73640415937e-06	0.00184204725057	0.000665079940367	0.00342628261414	0	0	0	3.73640415937e-05	0	0	3.73640415937e-06	0.000145719762215	0.00058661545302	0.000242866270359	4.85732540717e-05	0	0	0.000347485586821	0	0.000123301337259	3.73640415937e-06	3.73640415937e-06	3.73640415937e-06	0	0.000104619316462
0.00193919375871	0.00363925765122	0.0172285595788	0	0.000366167607618	0	0.000183083803809	0.00451731262867	0.000642661515411	0.00207744071261	0.00276493907793	0.00555603298498	0.000481996136558	0.0025743824658	0.00205502228765	0.000108355720622	0.000840690935857	0.00831723565875	0.0030526421982	0.00872450371212	0.000149456166375	0.00102377473967	0.00349353788901	0.00537668558533	0.00294055007342	0.00234272540792	0.0814536106742	0.0224744710186	0.00130026864746	0.00138620594312	0.00526459346055	0.00228294294137	0	0	0.00522722941895	3.73640415937e-06	0.0124235438299	7.09916790279e-05	0	1.49456166375e-05	0	1.49456166375e-05	7.47280831873e-06	4.1100445753e-05	0.000478259732399	1.49456166375e-05	0.000523096582311	4.1100445753e-05	0.00418850906265	6.35188707092e-05	4.85732540717e-05	9.71465081435e-05	0.000866845764973	0.00174490074242	0.00735324338563	2.98912332749e-05	2.98912332749e-05	0.000425950074168	5.97824665498e-05	0.000328803566024	0.00354584754724	0.0149530894458	0.0117771459103	0.000168138187171	0.000138246953897	1.86820207968e-05	8.2200891506e-05	0	3.73640415937e-05	0.00070618038612	0.0105702873668	0.0111008567575	0.00623979494614	0.000915419019044	8.59372956654e-05	0	0	0.000620243090455	0.000485732540717	0.000377376820096	0.000164401783012	6.35188707092e-05	4.48368499124e-05	2.98912332749e-05
0.000493205349036	0.0105291869211	0.0112353673072	0	0.000485732540717	0	8.59372956654e-05	0.00154687132198	0.000209238632924	0.00153939851366	0.0012778502225	0.000377376820096	0.00029143952443	0.00140488796392	0.00041100445753	0.000112092124781	0.00627342258357	0.00447621218292	0.000186820207968	0.00149082525959	0.000153192570534	0.00065013432373	0.016294458539	0.0141572353598	0.00565691589728	0.00244360832022	0.0224744710186	0.079738601165	0.00169259108419	0.000123301337259	0.00114333967277	0.001195649331	0	0	0.00157676255525	3.73640415937e-06	0.0110784383325	0.00205128588349	0	7.47280831873e-06	0	1.86820207968e-05	2.98912332749e-05	5.97824665498e-05	0.000231657057881	0	0.000138246953897	1.49456166375e-05	0.00204754947933	6.72552748686e-05	2.98912332749e-05	0.00141983358056	0.00099761991055	0.000216711441243	0.00132642347657	1.49456166375e-05	9.34101039841e-05	0.00573911678878	0.00383355066751	0.000160665378853	0.00226426092058	0.00584747250941	0.0138396410063	9.71465081435e-05	9.34101039841e-05	2.61548291156e-05	3.73640415937e-06	0	1.86820207968e-05	0.000336276374343	0.0140563524475	0.00762600088926	0.00192424814207	0.000433422882486	0.000123301337259	0	3.73640415937e-06	0.000777172065148	0.000272757503634	0.000212975037084	0.000156928974693	6.72552748686e-05	4.85732540717e-05	1.12092124781e-05
0.00207744071261	0.000661343536208	0.00317594353546	0	0.00499930876523	0	0.00359815720547	0.0326711179695	0.00568680713055	0.00687872005739	0.0115155976192	0.000216711441243	0.00115454888524	0.000138246953897	0.00314231589803	0.000564197028064	0.000866845764973	0.000127037741418	5.23096582311e-05	0.000280230311952	0.00226799732473	0.00922518186947	0.00191677533375	0.00251086359509	0.0220111569028	2.24184249562e-05	0.00130026864746	0.00169259108419	0.0798170656524	0.00322825319369	0.0114259239193	3.73640415937e-06	0	0.000691234769483	0.00128158662666	0.000168138187171	0.000123301337259	0.000302648736909	0	0.00501425438187	0	0.000104619316462	0.000254075482837	0.00128532303082	0.00549625051843	0.000396058840893	0.000306385141068	0.00184952005889	1.49456166375e-05	0.00181589242145	0.000164401783012	0.000377376820096	0.00011582852894	0.000205502228765	0.000246602674518	0.00118070371436	0.000672552748686	0.00582879048861	0.000444632094964	0.00776424784316	2.98912332749e-05	0.000216711441243	0.00082574531922	0.00289197681935	0.00348980148485	0.00190556612128	0	0	0.000963992273116	0.00547383209347	0.00878054977451	0.00252580921173	0.00405026210875	0.00161412659685	0.000691234769483	0.000141983358056	0	0.00198403060862	0.000560460623905	0.00362804843874	0.00110597563117	0.000960255868957	0.00113960326861	6.72552748686e-05
0.00787260356378	5.60460623905e-05	7.47280831873e-05	0	9.34101039841e-05	0	0.00088552778577	0.00654618008721	0.00283593075696	0.000609033877977	0.00249965438262	0.00481248855726	0.00023539346204	0.00128532303082	0.0124422258507	0.000541778603108	2.24184249562e-05	5.60460623905e-05	0.00113586686445	0.00101630193135	0.000190556612128	1.86820207968e-05	0.000642661515411	9.34101039841e-05	0.00192798454623	9.34101039841e-05	0.00138620594312	0.000123301337259	0.00322825319369	0.0344944831993	0.0030339601774	8.59372956654e-05	6.72552748686e-05	0.00402410727964	0.00865724843725	0	3.36276374343e-05	0	0	7.47280831873e-06	0	0.000889264189929	2.98912332749e-05	0.00137499673065	0.000108355720622	0	0.000321330757705	1.49456166375e-05	8.2200891506e-05	0.00143851560136	0.000481996136558	0.000112092124781	0	0.000108355720622	2.61548291156e-05	1.12092124781e-05	5.23096582311e-05	0.000325067161865	2.98912332749e-05	7.09916790279e-05	4.48368499124e-05	4.85732540717e-05	0.000220447845403	6.72552748686e-05	0.000250339078677	1.12092124781e-05	0	0	1.12092124781e-05	0.000900473402407	0.00109103001453	0.000773435660989	0.00895242436584	0.000276493907793	0.000814536106742	8.2200891506e-05	1.12092124781e-05	0.000418477265849	0.00017934739965	0.00088179138161	0.000141983358056	0.0016552270426	0.000272757503634	3.36276374343e-05
0.00467797800753	0.000489468944877	0.00573164398047	0	5.23096582311e-05	0	6.72552748686e-05	0.0145757126257	0.000496941753196	0.00107234799374	0.000164401783012	0.000496941753196	0.000108355720622	0.0001195649331	0.00324693521449	6.72552748686e-05	0.000403531649211	0.00311616106891	0.000201765824606	0.000571669836383	7.84644873467e-05	0.0139890971727	0.00186072927136	0.00476017889903	0.00355332035556	2.61548291156e-05	0.00526459346055	0.00114333967277	0.0114259239193	0.0030339601774	0.051790298053	3.73640415937e-06	0	7.47280831873e-05	0.00477138811151	3.73640415937e-06	0.000407268053371	0.00023539346204	0	0	0	0.000100882912303	0.000138246953897	0.000239129866199	0.000993883506391	0	0.000220447845403	1.12092124781e-05	3.73640415937e-05	0.000306385141068	8.2200891506e-05	0.000153192570534	0.00011582852894	0.000123301337259	0.000171874591331	1.12092124781e-05	0.000807063298423	0.00196161218367	0.00088179138161	0.000328803566024	3.36276374343e-05	0.00041474086169	0.000594088261339	0.000340012778502	0.000369904011777	0.000209238632924	0	0	0.000100882912303	0.00109850282285	0.00181589242145	0.000769699256829	0.00527953907718	0.00100882912303	0.00011582852894	3.73640415937e-06	0	0.00109850282285	0.000265284695315	0.00161039019269	0.000758490044351	0.000683761961164	0.000612770282136	8.96736998248e-05
3.73640415937e-06	8.2200891506e-05	1.49456166375e-05	0	0	0	0	1.49456166375e-05	7.47280831873e-06	3.36276374343e-05	1.12092124781e-05	0.00029517592859	0	0.000343749182662	6.35188707092e-05	0	0	3.73640415937e-06	7.47280831873e-06	0.00017561099549	0	0	6.35188707092e-05	0	7.47280831873e-06	0.000859372956654	0.00228294294137	0.001195649331	3.73640415937e-06	8.59372956654e-05	3.73640415937e-06	0.00230909777049	0	0	7.84644873467e-05	0	0.000145719762215	0	0	0	0	0	0	0	0	0	7.47280831873e-06	0	0.000945310252319	0	0	0	0	1.49456166375e-05	3.36276374343e-05	0	0	0	0	0	0.000104619316462	0.00023539346204	0.000949046656479	0	0	0	3.73640415937e-06	0	0	0	4.48368499124e-05	0.000108355720622	0.000108355720622	3.73640415937e-06	3.73640415937e-06	0	0	0	7.47280831873e-06	0	0	0	0	0
0	0	0	0	0	1.12092124781e-05	0.000212975037084	0	1.12092124781e-05	0	3.73640415937e-06	3.36276374343e-05	0	0	7.47280831873e-06	2.61548291156e-05	0	0	0	0	0	0	0	0	0	0	0	0	0	6.72552748686e-05	0	0	0.000736071619395	0	0.000384849628415	0	0	0	0	0	0	0	0	0	0	0	0	0	0	0	0	0	0	0	0	0	0	0	0	0	0	0	0	0	0	0	0	0	0	0	2.61548291156e-05	0	8.2200891506e-05	1.12092124781e-05	8.96736998248e-05	0.00017934739965	0	0	3.73640415937e-06	0	0	0	0	0
0.00109476641869	0	0	0	1.49456166375e-05	0	0	0.00135631470985	1.86820207968e-05	6.35188707092e-05	0.000511887369833	0	5.60460623905e-05	1.12092124781e-05	0.000112092124781	0	0	0	0	0	5.97824665498e-05	0	8.96736998248e-05	7.47280831873e-06	0.00035122199098	0	0	0	0.000691234769483	0.00402410727964	7.47280831873e-05	0	0	0.00406147132123	7.84644873467e-05	0	7.47280831873e-06	0	0	0	0	0.000112092124781	1.86820207968e-05	0.000141983358056	0	0	4.48368499124e-05	0	1.12092124781e-05	0.000153192570534	8.2200891506e-05	7.47280831873e-06	0	2.24184249562e-05	0	0	0	0	3.73640415937e-06	1.12092124781e-05	7.47280831873e-06	3.73640415937e-06	1.86820207968e-05	1.86820207968e-05	3.73640415937e-05	0	0	0	0	8.96736998248e-05	1.49456166375e-05	3.73640415937e-06	0.000149456166375	2.98912332749e-05	0	0	0	3.73640415937e-05	0	4.85732540717e-05	3.73640415937e-06	0.00017561099549	2.24184249562e-05	0
